,AAL,AAON,ACB,ACGL,ACGLO,ACIW,ADBE,ADSK,AEP,AGIO,ALEC,ALNY,ALTR,AMBA,AMCX,AMKR,AMRX,ANSS,APPN,APTO,ARCT,ARWR,ASND,ASTH,ATSG,AVTX,BCPC,BEAM,BILI,BJRI,BLUE,BPOP,BRKL,BWIN,BZUN,CARG,CBRL,CBSH,CBUS,CENTA,CERS,CFFN,CHCO,CHEF,CHRD,CINF,CLLS,CMCO,CMCSA,COLL,COMM,COOP,CPB,CRON,CROX,CRUS,CRWD,CTAS,CYBR,CYTK,DGII,DIOD,DOMO,DPZ,DSGR,DXCM,ERIE,ESTA,EXEL,FAST,FCEL,FCFS,FHB,FITBI,FSV,FTDR,FUTU,GLDD,GLPG,GLPI,GOGO,GOSS,GSAT,GYRE,HALO,HAS,HLIT,HLNE,HSDT,HSIC,HTHT,ICHR,IDYA,IMVT,INDB,INSM,IONS,IOSP,ITRI,JBHT,JBLU,JSM,KLIC,KOD,KURA,LAB,LASR,LIN,LKQ,LNT,MBUU,MCRI,MDGL,MEDP,MGNI,MGPI,MGRC,MKTX,MRNA,MRTN,MSEX,MSFT,MU,NAVI,NBTB,NEO,NEOG,NGNE,NSSC,NTAP,NTES,NTLA,NTRS,NYMTN,OBLG,OCFC,ON,ONC,OPI,OSIS,OSW,PALI,PANW,PCAR,PCRX,PCTY,PEBO,PLAB,PLAY,PLMR,PLSE,PLUS,PRTA,PSEC,PSNL,PTCT,PTON,QNST,QRVO,QTTB,RARE,RBCAA,RGNX,SAIC,SGMO,SINT,SNPS,SPSC,SPTN,SSYS,STNE,TBBK,TCPC,TENB,TGTX,TREE,TRUP,TTWO,TW,TXG,UBSI,UCTT,UFPT,UMBF,UPBD,URBN,VBTX,VCTR,VEON,VNET,VRSK,VSEC,WABC,WTFCM,WVE,WW,WWD,XEL,ZD,ZYME
AAL,0.0,0.446,0.678,0.141,0.439,0.597,0.012,0.28,0.044,0.412,0.164,0.193,0.316,0.22,0.355,0.648,0.279,0.26,0.206,0.591,0.444,0.307,0.157,0.285,0.346,0.183,0.385,0.231,-0.024,0.52,0.45,0.082,0.323,0.426,0.255,0.56,0.868,0.497,0.72,0.523,0.343,0.704,0.647,0.416,0.3,0.386,0.498,0.417,0.321,0.415,0.646,-0.145,0.079,0.593,0.743,0.437,0.161,0.164,0.292,0.169,0.653,0.419,0.137,0.276,-0.045,0.162,0.648,0.595,0.404,0.369,0.396,0.442,0.231,0.202,0.284,0.641,-0.52,0.65,-0.718,0.487,0.445,0.721,0.142,0.399,0.295,0.727,0.507,0.519,0.689,0.789,-0.097,0.432,0.198,0.577,0.625,0.363,0.359,0.304,0.524,0.113,0.827,0.373,0.696,0.182,0.176,0.196,0.692,0.488,0.632,0.403,0.69,0.504,0.622,0.211,0.345,0.451,0.53,-0.008,0.47,0.411,0.472,0.144,0.81,0.899,0.367,0.337,0.278,0.209,0.22,0.751,-0.126,0.295,0.536,0.245,0.349,0.423,0.648,-0.294,0.363,0.508,0.206,0.427,-0.047,0.129,-0.658,0.198,0.295,0.604,0.727,0.419,0.332,0.612,0.291,0.066,0.455,-0.005,0.499,0.452,0.651,0.275,0.234,0.78,0.221,0.013,0.167,0.514,0.228,0.074,0.567,0.51,0.51,-0.17,0.435,0.017,0.416,0.151,0.213,-0.21,-0.051,0.389,0.427,0.475,0.615,0.778,0.455,0.424,0.426,0.38,0.724,-0.31,0.157,0.414,0.291,0.059,0.256,0.535,-0.032,0.313,0.328,0.503
AAON,0.446,0.0,0.758,-0.693,-0.232,0.822,0.808,0.916,-0.752,0.89,0.901,0.845,0.962,0.924,-0.615,0.614,0.909,0.96,0.919,0.837,0.971,0.948,0.856,0.918,0.929,0.895,0.968,0.907,0.71,0.96,0.967,-0.803,-0.621,0.979,0.002,0.885,0.472,-0.434,0.66,0.98,0.966,0.063,-0.239,0.649,-0.424,-0.517,0.915,-0.492,-0.282,0.89,0.883,-0.68,-0.789,0.787,0.786,0.526,0.865,0.916,0.952,0.932,0.919,0.978,0.833,0.962,0.479,0.899,0.903,0.807,0.909,0.945,0.828,0.163,-0.722,-0.442,0.968,-0.082,-0.752,0.942,-0.112,0.91,0.907,0.115,0.873,0.945,0.962,0.262,0.947,0.971,0.782,0.388,0.433,0.58,0.934,0.809,-0.218,0.963,0.208,-0.631,0.942,0.35,0.02,0.602,0.574,0.926,0.845,0.894,0.902,0.923,0.918,0.512,0.892,0.979,0.922,0.944,0.938,0.86,0.81,0.84,0.957,0.731,0.924,0.907,0.566,0.523,-0.568,0.968,0.967,0.932,0.936,0.217,-0.597,0.954,-0.388,-0.42,0.923,-0.557,0.906,0.509,-0.596,0.91,-0.051,0.779,0.751,-0.721,-0.719,0.926,-0.622,0.616,0.871,0.979,0.953,0.951,0.938,-0.757,0.928,-0.082,0.831,0.978,0.89,0.686,0.926,0.369,0.921,-0.682,0.9,0.776,0.947,0.894,0.831,0.646,0.582,-0.85,-0.229,0.747,0.967,-0.692,0.955,0.647,0.777,0.977,-0.526,0.751,-0.119,0.142,0.956,0.901,-0.503,0.945,0.86,-0.6,0.936,0.95,-0.579,-0.155,0.921,0.921,-0.757,-0.465,0.85,0.893
ACB,0.678,0.758,0.0,-0.342,-0.014,0.796,0.584,0.729,-0.57,0.824,0.71,0.653,0.72,0.626,-0.121,0.449,0.777,0.706,0.716,0.846,0.801,0.735,0.625,0.72,0.633,0.574,0.626,0.715,0.551,0.761,0.826,-0.403,-0.278,0.752,0.359,0.791,0.517,-0.027,0.694,0.754,0.76,0.258,0.096,0.373,-0.161,-0.084,0.826,-0.193,-0.023,0.784,0.701,-0.399,-0.522,0.952,0.792,0.639,0.709,0.631,0.71,0.586,0.859,0.7,0.68,0.617,-0.046,0.704,0.775,0.701,0.788,0.657,0.852,0.018,-0.323,-0.263,0.66,0.166,-0.5,0.808,-0.324,0.591,0.839,0.544,0.699,0.786,0.632,0.25,0.778,0.816,0.865,0.449,0.151,0.531,0.584,0.686,0.125,0.691,0.556,-0.299,0.685,0.005,0.414,0.352,0.477,0.624,0.715,0.643,0.854,0.698,0.694,0.124,0.727,0.792,0.855,0.699,0.807,0.792,0.571,0.532,0.832,0.355,0.591,0.629,0.677,0.774,-0.194,0.704,0.655,0.662,0.69,0.512,-0.302,0.733,0.074,-0.262,0.723,-0.142,0.808,0.3,-0.228,0.616,-0.038,0.861,0.502,-0.499,-0.636,0.696,-0.293,0.594,0.895,0.77,0.736,0.726,0.622,-0.334,0.795,0.169,0.859,0.775,0.681,0.746,0.575,0.594,0.665,-0.581,0.685,0.786,0.686,0.593,0.62,0.703,0.726,-0.543,0.158,0.588,0.699,-0.163,0.649,0.165,0.524,0.717,-0.083,0.635,0.094,0.454,0.717,0.621,-0.158,0.765,0.823,-0.216,0.588,0.736,-0.281,0.116,0.727,0.744,-0.48,-0.303,0.665,0.797
ACGL,0.141,-0.693,-0.342,0.0,0.677,-0.317,-0.728,-0.678,0.84,-0.671,-0.825,-0.772,-0.739,-0.734,0.891,-0.043,-0.704,-0.766,-0.831,-0.491,-0.701,-0.761,-0.69,-0.664,-0.664,-0.792,-0.676,-0.781,-0.715,-0.673,-0.731,0.93,0.863,-0.683,-0.007,-0.493,0.048,0.826,-0.188,-0.598,-0.73,0.365,0.642,-0.239,0.835,0.861,-0.65,0.799,0.716,-0.675,-0.453,0.779,0.872,-0.458,-0.222,0.007,-0.768,-0.73,-0.77,-0.798,-0.437,-0.678,-0.666,-0.787,-0.401,-0.813,-0.549,-0.36,-0.679,-0.648,-0.659,0.313,0.889,0.737,-0.775,0.652,0.483,-0.523,-0.267,-0.566,-0.651,0.3,-0.81,-0.735,-0.767,0.269,-0.515,-0.596,-0.389,0.211,-0.632,-0.076,-0.785,-0.388,0.666,-0.786,0.046,0.826,-0.577,0.01,0.402,-0.352,0.033,-0.844,-0.732,-0.74,-0.458,-0.558,-0.467,-0.265,-0.42,-0.64,-0.504,-0.81,-0.719,-0.491,-0.439,-0.835,-0.628,-0.349,-0.651,-0.756,0.075,0.071,0.861,-0.778,-0.762,-0.837,-0.756,0.456,0.632,-0.806,0.831,0.756,-0.774,0.867,-0.39,-0.631,0.882,-0.576,0.279,-0.608,-0.802,0.877,0.464,-0.791,0.821,-0.008,-0.375,-0.739,-0.776,-0.522,-0.779,0.896,-0.672,0.296,-0.56,-0.693,-0.451,-0.566,-0.798,0.104,-0.823,0.814,-0.828,-0.609,-0.761,-0.82,-0.399,-0.162,-0.213,0.865,0.605,-0.693,-0.728,0.846,-0.83,-0.751,-0.72,-0.762,0.854,-0.236,0.635,0.447,-0.654,-0.569,0.879,-0.636,-0.436,0.401,-0.823,-0.668,0.836,0.295,-0.82,-0.612,0.905,0.675,-0.525,-0.521
ACGLO,0.439,-0.232,-0.014,0.677,0.0,0.102,-0.433,-0.3,0.614,-0.329,-0.489,-0.424,-0.262,-0.369,0.634,0.321,-0.42,-0.366,-0.469,-0.136,-0.276,-0.345,-0.406,-0.192,-0.305,-0.486,-0.207,-0.371,-0.365,-0.268,-0.301,0.601,0.664,-0.217,0.14,-0.088,0.356,0.729,0.066,-0.113,-0.281,0.544,0.678,0.034,0.589,0.718,-0.171,0.679,0.656,-0.257,-0.068,0.342,0.612,-0.137,0.177,0.219,-0.36,-0.356,-0.305,-0.413,-0.031,-0.262,-0.296,-0.347,-0.042,-0.469,-0.023,0.095,-0.288,-0.209,-0.408,0.558,0.65,0.758,-0.346,0.744,0.124,-0.077,-0.43,-0.103,-0.194,0.543,-0.499,-0.368,-0.342,0.476,-0.13,-0.161,0.039,0.58,-0.402,0.104,-0.399,0.086,0.746,-0.367,0.086,0.603,-0.109,0.052,0.388,0.083,0.363,-0.506,-0.46,-0.312,-0.042,-0.133,0.042,0.137,0.089,-0.176,-0.069,-0.406,-0.307,-0.137,-0.096,-0.505,-0.159,-0.061,-0.15,-0.393,0.358,0.307,0.688,-0.336,-0.358,-0.492,-0.397,0.582,0.494,-0.361,0.692,0.776,-0.349,0.69,0.01,-0.43,0.672,-0.139,0.147,-0.324,-0.48,0.587,0.011,-0.385,0.644,0.289,0.035,-0.261,-0.372,-0.055,-0.365,0.548,-0.2,0.082,-0.084,-0.237,-0.008,-0.378,-0.421,0.294,-0.454,0.471,-0.49,-0.287,-0.342,-0.467,0.011,0.207,0.096,0.437,0.342,-0.35,-0.246,0.547,-0.427,-0.596,-0.424,-0.284,0.71,0.037,0.676,0.628,-0.278,-0.136,0.728,-0.272,0.047,0.114,-0.42,-0.306,0.655,0.292,-0.496,-0.184,0.537,0.601,-0.188,-0.129
ACIW,0.597,0.822,0.796,-0.317,0.102,0.0,0.627,0.8,-0.52,0.741,0.676,0.638,0.781,0.735,-0.257,0.719,0.78,0.776,0.686,0.799,0.785,0.752,0.68,0.772,0.732,0.68,0.796,0.749,0.535,0.806,0.784,-0.514,-0.364,0.817,0.077,0.818,0.54,-0.168,0.727,0.867,0.802,0.233,-0.018,0.708,-0.098,-0.164,0.786,-0.18,0.121,0.716,0.823,-0.448,-0.569,0.784,0.856,0.747,0.664,0.721,0.756,0.686,0.888,0.819,0.728,0.699,0.289,0.716,0.763,0.86,0.748,0.766,0.704,0.224,-0.429,-0.14,0.752,0.3,-0.62,0.817,-0.22,0.768,0.795,0.314,0.676,0.774,0.759,0.439,0.887,0.865,0.787,0.571,0.312,0.666,0.697,0.737,0.024,0.727,0.422,-0.356,0.855,0.446,0.219,0.576,0.69,0.653,0.626,0.709,0.882,0.86,0.833,0.391,0.811,0.821,0.864,0.733,0.794,0.774,0.763,0.57,0.814,0.638,0.754,0.704,0.666,0.621,-0.301,0.756,0.744,0.666,0.714,0.488,-0.333,0.724,-0.067,-0.082,0.698,-0.253,0.877,0.334,-0.297,0.741,0.007,0.717,0.497,-0.458,-0.622,0.728,-0.385,0.703,0.917,0.783,0.761,0.845,0.693,-0.415,0.762,0.093,0.736,0.849,0.789,0.655,0.712,0.374,0.667,-0.474,0.656,0.607,0.771,0.687,0.715,0.756,0.716,-0.586,0.009,0.575,0.767,-0.316,0.717,0.4,0.565,0.764,-0.208,0.753,0.168,0.32,0.775,0.741,-0.199,0.847,0.815,-0.424,0.703,0.761,-0.337,0.11,0.666,0.793,-0.463,-0.247,0.814,0.799
ADBE,0.012,0.808,0.584,-0.728,-0.433,0.627,0.0,0.94,-0.852,0.773,0.921,0.861,0.888,0.921,-0.761,0.286,0.879,0.922,0.894,0.657,0.818,0.9,0.935,0.913,0.822,0.829,0.786,0.896,0.909,0.704,0.79,-0.851,-0.848,0.829,-0.028,0.722,-0.066,-0.701,0.323,0.759,0.899,-0.419,-0.663,0.456,-0.547,-0.659,0.741,-0.817,-0.362,0.717,0.585,-0.453,-0.911,0.661,0.523,0.555,0.921,0.951,0.885,0.913,0.685,0.793,0.958,0.855,0.468,0.923,0.589,0.591,0.786,0.816,0.732,-0.062,-0.881,-0.51,0.891,-0.393,-0.331,0.641,0.356,0.648,0.784,-0.16,0.911,0.823,0.838,-0.188,0.776,0.8,0.555,-0.076,0.468,0.498,0.89,0.608,-0.561,0.793,0.259,-0.88,0.689,0.296,-0.321,0.429,0.26,0.882,0.89,0.928,0.569,0.68,0.585,0.141,0.564,0.801,0.687,0.932,0.898,0.756,0.486,0.952,0.819,0.457,0.623,0.964,0.22,0.125,-0.817,0.858,0.865,0.885,0.941,-0.037,-0.371,0.873,-0.6,-0.554,0.817,-0.801,0.656,0.877,-0.835,0.567,0.006,0.693,0.906,-0.902,-0.34,0.95,-0.859,0.369,0.609,0.829,0.848,0.643,0.804,-0.709,0.801,0.232,0.712,0.799,0.534,0.757,0.785,-0.04,0.888,-0.787,0.919,0.518,0.932,0.96,0.543,0.635,0.548,-0.727,-0.274,0.956,0.788,-0.724,0.893,0.745,0.962,0.799,-0.738,0.597,-0.466,-0.223,0.774,0.747,-0.756,0.871,0.548,-0.219,0.916,0.791,-0.812,0.04,0.862,0.7,-0.716,-0.762,0.852,0.778
ADSK,0.28,0.916,0.729,-0.678,-0.3,0.8,0.94,0.0,-0.813,0.855,0.928,0.874,0.953,0.952,-0.644,0.507,0.926,0.972,0.924,0.803,0.909,0.952,0.936,0.946,0.889,0.872,0.891,0.945,0.856,0.842,0.891,-0.821,-0.739,0.937,0.043,0.86,0.217,-0.559,0.57,0.897,0.964,-0.198,-0.452,0.619,-0.431,-0.564,0.858,-0.636,-0.269,0.814,0.782,-0.531,-0.865,0.789,0.736,0.636,0.927,0.954,0.953,0.933,0.843,0.91,0.955,0.918,0.481,0.944,0.757,0.786,0.864,0.892,0.815,0.074,-0.8,-0.448,0.953,-0.157,-0.505,0.808,0.117,0.805,0.891,0.023,0.92,0.912,0.917,0.094,0.9,0.92,0.739,0.19,0.507,0.586,0.926,0.752,-0.385,0.884,0.316,-0.746,0.846,0.369,-0.087,0.558,0.478,0.914,0.879,0.943,0.769,0.847,0.772,0.293,0.753,0.916,0.843,0.959,0.961,0.842,0.688,0.909,0.908,0.613,0.781,0.97,0.436,0.368,-0.694,0.933,0.924,0.908,0.961,0.145,-0.407,0.931,-0.453,-0.429,0.896,-0.667,0.82,0.728,-0.699,0.732,0.038,0.791,0.869,-0.816,-0.545,0.973,-0.749,0.533,0.797,0.923,0.934,0.817,0.875,-0.678,0.894,0.135,0.815,0.926,0.741,0.783,0.862,0.149,0.919,-0.735,0.928,0.676,0.971,0.95,0.674,0.741,0.663,-0.783,-0.149,0.893,0.894,-0.663,0.937,0.707,0.896,0.9,-0.609,0.705,-0.283,-0.028,0.892,0.851,-0.613,0.96,0.75,-0.338,0.943,0.882,-0.705,0.007,0.903,0.852,-0.702,-0.635,0.919,0.878
AEP,0.044,-0.752,-0.57,0.84,0.614,-0.52,-0.852,-0.813,0.0,-0.825,-0.926,-0.866,-0.79,-0.825,0.785,-0.161,-0.854,-0.835,-0.887,-0.646,-0.792,-0.851,-0.858,-0.756,-0.753,-0.849,-0.688,-0.863,-0.773,-0.722,-0.816,0.864,0.856,-0.738,-0.0,-0.617,0.06,0.746,-0.379,-0.657,-0.816,0.375,0.63,-0.372,0.657,0.792,-0.693,0.779,0.585,-0.71,-0.553,0.563,0.945,-0.659,-0.397,-0.341,-0.839,-0.823,-0.803,-0.836,-0.612,-0.752,-0.829,-0.78,-0.267,-0.916,-0.507,-0.501,-0.793,-0.698,-0.839,0.365,0.872,0.777,-0.815,0.526,0.424,-0.622,-0.328,-0.565,-0.745,0.199,-0.898,-0.845,-0.81,0.273,-0.674,-0.696,-0.506,0.192,-0.498,-0.358,-0.841,-0.454,0.603,-0.81,-0.293,0.851,-0.62,-0.066,0.274,-0.331,-0.124,-0.893,-0.91,-0.808,-0.585,-0.592,-0.488,0.024,-0.461,-0.706,-0.649,-0.873,-0.854,-0.665,-0.498,-0.862,-0.716,-0.366,-0.596,-0.834,-0.13,-0.112,0.811,-0.823,-0.807,-0.879,-0.844,0.195,0.559,-0.838,0.669,0.771,-0.828,0.804,-0.562,-0.705,0.843,-0.572,0.135,-0.783,-0.817,0.884,0.33,-0.859,0.821,-0.236,-0.542,-0.763,-0.856,-0.574,-0.797,0.795,-0.742,-0.062,-0.661,-0.773,-0.493,-0.783,-0.82,0.001,-0.891,0.788,-0.904,-0.657,-0.838,-0.885,-0.429,-0.368,-0.404,0.763,0.378,-0.784,-0.738,0.674,-0.866,-0.756,-0.794,-0.756,0.782,-0.485,0.609,0.265,-0.726,-0.653,0.804,-0.765,-0.461,0.29,-0.837,-0.745,0.818,0.113,-0.899,-0.679,0.771,0.856,-0.666,-0.703
AGIO,0.412,0.89,0.824,-0.671,-0.329,0.741,0.773,0.855,-0.825,0.0,0.916,0.875,0.842,0.845,-0.515,0.462,0.907,0.869,0.905,0.85,0.945,0.925,0.845,0.814,0.835,0.844,0.805,0.888,0.671,0.912,0.954,-0.722,-0.591,0.855,0.084,0.829,0.384,-0.414,0.64,0.834,0.901,-0.007,-0.24,0.551,-0.426,-0.521,0.873,-0.505,-0.301,0.861,0.778,-0.561,-0.779,0.856,0.665,0.497,0.838,0.812,0.851,0.838,0.854,0.869,0.806,0.843,0.213,0.881,0.785,0.692,0.952,0.793,0.922,-0.078,-0.667,-0.561,0.86,-0.182,-0.636,0.868,-0.008,0.734,0.882,0.176,0.87,0.946,0.879,0.076,0.855,0.869,0.757,0.227,0.333,0.546,0.855,0.708,-0.224,0.916,0.468,-0.612,0.797,0.092,0.105,0.455,0.454,0.9,0.929,0.819,0.835,0.747,0.726,0.212,0.761,0.869,0.886,0.883,0.922,0.8,0.686,0.789,0.862,0.521,0.749,0.817,0.506,0.512,-0.535,0.9,0.851,0.911,0.87,0.18,-0.574,0.902,-0.351,-0.561,0.881,-0.506,0.808,0.479,-0.564,0.779,0.001,0.883,0.703,-0.719,-0.55,0.859,-0.585,0.538,0.829,0.88,0.91,0.811,0.872,-0.697,0.897,0.133,0.823,0.892,0.742,0.85,0.856,0.378,0.92,-0.657,0.913,0.82,0.857,0.826,0.666,0.557,0.584,-0.762,-0.189,0.702,0.888,-0.549,0.876,0.573,0.697,0.864,-0.489,0.698,-0.211,0.125,0.862,0.808,-0.507,0.849,0.736,-0.417,0.821,0.87,-0.57,-0.117,0.94,0.838,-0.694,-0.551,0.782,0.876
ALEC,0.164,0.901,0.71,-0.825,-0.489,0.676,0.921,0.928,-0.926,0.916,0.0,0.938,0.923,0.927,-0.757,0.311,0.956,0.955,0.974,0.764,0.931,0.961,0.931,0.904,0.883,0.911,0.848,0.956,0.835,0.861,0.933,-0.89,-0.821,0.886,0.01,0.762,0.126,-0.664,0.471,0.834,0.937,-0.256,-0.531,0.463,-0.615,-0.691,0.835,-0.749,-0.451,0.845,0.695,-0.619,-0.942,0.775,0.573,0.466,0.932,0.941,0.924,0.934,0.775,0.878,0.915,0.906,0.35,0.978,0.721,0.622,0.905,0.854,0.887,-0.178,-0.873,-0.652,0.932,-0.406,-0.55,0.78,0.204,0.714,0.883,-0.072,0.966,0.943,0.912,-0.124,0.829,0.871,0.673,0.014,0.48,0.486,0.933,0.639,-0.496,0.917,0.317,-0.838,0.776,0.168,-0.162,0.447,0.272,0.965,0.961,0.916,0.73,0.759,0.679,0.209,0.654,0.875,0.793,0.974,0.959,0.82,0.618,0.941,0.88,0.495,0.737,0.94,0.316,0.289,-0.779,0.935,0.927,0.969,0.962,-0.026,-0.583,0.953,-0.587,-0.665,0.921,-0.761,0.727,0.718,-0.811,0.71,-0.112,0.839,0.864,-0.904,-0.517,0.96,-0.816,0.411,0.722,0.916,0.953,0.75,0.893,-0.824,0.882,0.072,0.797,0.892,0.654,0.814,0.893,0.171,0.968,-0.825,0.987,0.737,0.952,0.962,0.62,0.538,0.516,-0.834,-0.328,0.867,0.879,-0.734,0.957,0.74,0.884,0.895,-0.726,0.63,-0.421,-0.124,0.87,0.776,-0.751,0.908,0.657,-0.39,0.938,0.89,-0.807,-0.095,0.977,0.806,-0.821,-0.731,0.799,0.84
ALNY,0.193,0.845,0.653,-0.772,-0.424,0.638,0.861,0.874,-0.866,0.875,0.938,0.0,0.867,0.886,-0.704,0.342,0.875,0.885,0.885,0.759,0.894,0.949,0.907,0.858,0.868,0.897,0.815,0.926,0.795,0.821,0.881,-0.839,-0.766,0.819,-0.009,0.705,0.121,-0.623,0.521,0.795,0.896,-0.248,-0.496,0.479,-0.638,-0.691,0.798,-0.701,-0.46,0.72,0.68,-0.56,-0.882,0.752,0.543,0.436,0.853,0.88,0.854,0.891,0.721,0.82,0.869,0.861,0.421,0.917,0.666,0.633,0.866,0.801,0.838,-0.151,-0.824,-0.57,0.892,-0.39,-0.551,0.771,0.222,0.705,0.805,-0.034,0.887,0.915,0.876,-0.084,0.766,0.805,0.686,-0.008,0.457,0.469,0.91,0.659,-0.452,0.888,0.414,-0.816,0.757,0.137,-0.129,0.536,0.297,0.925,0.908,0.894,0.683,0.697,0.641,0.23,0.633,0.823,0.776,0.903,0.92,0.76,0.584,0.878,0.84,0.487,0.73,0.865,0.319,0.267,-0.75,0.915,0.868,0.915,0.886,-0.047,-0.526,0.906,-0.557,-0.618,0.927,-0.716,0.678,0.679,-0.755,0.674,-0.114,0.797,0.778,-0.832,-0.517,0.891,-0.774,0.367,0.687,0.865,0.922,0.728,0.883,-0.813,0.888,0.131,0.748,0.833,0.621,0.818,0.87,0.123,0.938,-0.75,0.93,0.692,0.877,0.905,0.526,0.514,0.511,-0.771,-0.314,0.799,0.852,-0.707,0.895,0.716,0.787,0.852,-0.697,0.599,-0.434,-0.102,0.831,0.755,-0.709,0.852,0.621,-0.341,0.881,0.812,-0.749,-0.067,0.928,0.801,-0.783,-0.676,0.753,0.857
ALTR,0.316,0.962,0.72,-0.739,-0.262,0.781,0.888,0.953,-0.79,0.842,0.923,0.867,0.0,0.937,-0.695,0.515,0.901,0.979,0.935,0.789,0.938,0.954,0.889,0.972,0.905,0.878,0.939,0.938,0.835,0.885,0.926,-0.848,-0.724,0.975,0.073,0.84,0.299,-0.536,0.543,0.941,0.974,-0.096,-0.379,0.568,-0.516,-0.562,0.896,-0.605,-0.312,0.861,0.796,-0.674,-0.852,0.772,0.729,0.542,0.93,0.958,0.979,0.942,0.855,0.938,0.91,0.958,0.515,0.938,0.846,0.784,0.87,0.939,0.796,0.115,-0.796,-0.436,0.975,-0.185,-0.608,0.857,0.023,0.854,0.915,0.058,0.912,0.913,0.936,0.13,0.895,0.941,0.753,0.26,0.51,0.543,0.938,0.78,-0.343,0.923,0.209,-0.739,0.888,0.326,-0.106,0.582,0.465,0.919,0.843,0.948,0.808,0.89,0.859,0.448,0.818,0.961,0.857,0.972,0.956,0.843,0.713,0.908,0.957,0.627,0.87,0.953,0.452,0.397,-0.674,0.96,0.961,0.922,0.961,0.122,-0.489,0.963,-0.479,-0.429,0.918,-0.663,0.835,0.671,-0.708,0.803,-0.092,0.762,0.852,-0.817,-0.672,0.969,-0.726,0.535,0.811,0.977,0.942,0.873,0.917,-0.776,0.927,-0.051,0.838,0.949,0.794,0.691,0.898,0.226,0.919,-0.781,0.916,0.718,0.979,0.943,0.741,0.699,0.604,-0.846,-0.279,0.861,0.934,-0.715,0.965,0.674,0.875,0.962,-0.614,0.695,-0.245,0.03,0.911,0.861,-0.611,0.95,0.816,-0.46,0.962,0.908,-0.686,-0.054,0.905,0.881,-0.792,-0.577,0.85,0.87
AMBA,0.22,0.924,0.626,-0.734,-0.369,0.735,0.921,0.952,-0.825,0.845,0.927,0.886,0.937,0.0,-0.736,0.547,0.912,0.958,0.906,0.792,0.917,0.96,0.944,0.904,0.952,0.94,0.924,0.929,0.794,0.855,0.883,-0.874,-0.772,0.92,-0.096,0.848,0.194,-0.634,0.558,0.901,0.953,-0.166,-0.492,0.675,-0.471,-0.665,0.832,-0.683,-0.344,0.763,0.805,-0.553,-0.885,0.72,0.659,0.572,0.859,0.955,0.918,0.976,0.827,0.939,0.9,0.94,0.551,0.919,0.736,0.758,0.871,0.889,0.794,0.076,-0.852,-0.508,0.972,-0.235,-0.575,0.821,0.209,0.839,0.818,-0.082,0.91,0.93,0.964,0.086,0.908,0.892,0.658,0.127,0.521,0.625,0.979,0.764,-0.439,0.925,0.271,-0.791,0.871,0.43,-0.172,0.619,0.511,0.951,0.875,0.938,0.752,0.813,0.771,0.37,0.746,0.91,0.835,0.958,0.933,0.79,0.729,0.91,0.869,0.698,0.826,0.957,0.39,0.294,-0.739,0.958,0.945,0.947,0.962,0.046,-0.54,0.922,-0.562,-0.494,0.904,-0.724,0.809,0.716,-0.744,0.784,0.079,0.729,0.813,-0.812,-0.528,0.943,-0.772,0.523,0.751,0.915,0.929,0.839,0.925,-0.784,0.881,0.108,0.712,0.915,0.753,0.77,0.917,0.116,0.956,-0.688,0.935,0.626,0.957,0.957,0.681,0.664,0.617,-0.8,-0.263,0.823,0.924,-0.76,0.959,0.81,0.868,0.908,-0.698,0.743,-0.316,-0.093,0.905,0.868,-0.666,0.944,0.694,-0.461,0.954,0.903,-0.727,-0.085,0.913,0.874,-0.725,-0.646,0.894,0.882
AMCX,0.355,-0.615,-0.121,0.891,0.634,-0.257,-0.761,-0.644,0.785,-0.515,-0.757,-0.704,-0.695,-0.736,0.0,-0.039,-0.639,-0.729,-0.735,-0.306,-0.594,-0.685,-0.703,-0.659,-0.663,-0.755,-0.658,-0.702,-0.691,-0.533,-0.587,0.92,0.91,-0.613,0.247,-0.377,0.258,0.91,-0.011,-0.535,-0.658,0.523,0.803,-0.271,0.768,0.879,-0.476,0.873,0.636,-0.526,-0.355,0.626,0.857,-0.236,-0.133,-0.058,-0.697,-0.764,-0.702,-0.793,-0.335,-0.623,-0.667,-0.741,-0.567,-0.748,-0.383,-0.276,-0.555,-0.638,-0.457,0.248,0.938,0.643,-0.733,0.694,0.375,-0.387,-0.485,-0.5,-0.521,0.555,-0.738,-0.609,-0.72,0.374,-0.471,-0.514,-0.193,0.324,-0.569,-0.147,-0.78,-0.288,0.787,-0.675,0.157,0.903,-0.511,-0.208,0.622,-0.332,0.056,-0.782,-0.665,-0.723,-0.295,-0.486,-0.39,-0.257,-0.306,-0.551,-0.358,-0.762,-0.625,-0.436,-0.354,-0.841,-0.535,-0.363,-0.56,-0.765,0.17,0.273,0.922,-0.697,-0.737,-0.764,-0.738,0.495,0.58,-0.707,0.909,0.679,-0.662,0.946,-0.317,-0.74,0.953,-0.47,0.217,-0.39,-0.779,0.852,0.26,-0.746,0.887,-0.016,-0.23,-0.638,-0.681,-0.435,-0.702,0.89,-0.545,0.2,-0.379,-0.588,-0.342,-0.422,-0.743,0.283,-0.749,0.724,-0.754,-0.343,-0.744,-0.829,-0.353,-0.141,-0.086,0.744,0.67,-0.713,-0.628,0.902,-0.782,-0.847,-0.78,-0.659,0.943,-0.269,0.672,0.562,-0.581,-0.52,0.92,-0.6,-0.252,0.414,-0.811,-0.601,0.874,0.229,-0.702,-0.477,0.801,0.729,-0.506,-0.442
AMKR,0.648,0.614,0.449,-0.043,0.321,0.719,0.286,0.507,-0.161,0.462,0.311,0.342,0.515,0.547,-0.039,0.0,0.4,0.478,0.325,0.596,0.543,0.496,0.439,0.458,0.615,0.504,0.666,0.416,0.162,0.6,0.506,-0.226,-0.011,0.598,-0.101,0.682,0.699,0.115,0.759,0.704,0.539,0.447,0.272,0.869,0.245,-0.049,0.53,0.176,0.243,0.395,0.832,-0.203,-0.187,0.463,0.766,0.63,0.271,0.425,0.473,0.493,0.746,0.684,0.363,0.54,0.489,0.337,0.598,0.828,0.486,0.579,0.371,0.648,-0.142,0.096,0.55,0.549,-0.586,0.729,-0.321,0.763,0.443,0.335,0.286,0.532,0.602,0.779,0.725,0.606,0.567,0.702,0.174,0.712,0.538,0.747,0.278,0.544,0.257,-0.019,0.764,0.619,0.333,0.672,0.963,0.425,0.303,0.446,0.731,0.68,0.783,0.57,0.8,0.628,0.712,0.411,0.477,0.509,0.774,0.24,0.524,0.798,0.717,0.423,0.766,0.623,0.037,0.553,0.534,0.408,0.424,0.56,-0.212,0.431,0.142,0.247,0.475,0.046,0.799,-0.007,0.05,0.74,0.346,0.347,0.166,-0.025,-0.489,0.392,-0.026,0.793,0.706,0.534,0.487,0.796,0.559,-0.214,0.531,0.039,0.396,0.635,0.827,0.326,0.553,0.402,0.437,0.047,0.329,0.38,0.476,0.361,0.664,0.622,0.591,-0.319,0.194,0.166,0.618,-0.183,0.476,0.309,0.214,0.551,0.029,0.772,0.391,0.478,0.608,0.708,0.157,0.575,0.67,-0.5,0.444,0.57,0.061,-0.074,0.368,0.69,-0.099,0.045,0.599,0.652
AMRX,0.279,0.909,0.777,-0.704,-0.42,0.78,0.879,0.926,-0.854,0.907,0.956,0.875,0.901,0.912,-0.639,0.4,0.0,0.949,0.946,0.814,0.928,0.93,0.898,0.877,0.872,0.902,0.855,0.928,0.764,0.884,0.93,-0.825,-0.734,0.893,-0.006,0.817,0.236,-0.564,0.568,0.868,0.926,-0.123,-0.428,0.534,-0.486,-0.578,0.854,-0.645,-0.325,0.855,0.746,-0.578,-0.882,0.815,0.661,0.557,0.88,0.921,0.904,0.906,0.833,0.89,0.877,0.874,0.3,0.936,0.747,0.682,0.9,0.847,0.89,-0.111,-0.794,-0.572,0.909,-0.227,-0.609,0.808,0.095,0.746,0.87,-0.006,0.944,0.934,0.896,0.008,0.888,0.905,0.694,0.155,0.435,0.534,0.894,0.671,-0.38,0.898,0.33,-0.731,0.819,0.274,-0.062,0.472,0.378,0.925,0.921,0.87,0.796,0.822,0.722,0.238,0.682,0.883,0.841,0.942,0.938,0.85,0.685,0.885,0.885,0.577,0.745,0.918,0.403,0.393,-0.678,0.913,0.915,0.937,0.945,0.105,-0.591,0.923,-0.466,-0.56,0.885,-0.651,0.794,0.639,-0.698,0.744,-0.07,0.822,0.774,-0.823,-0.54,0.928,-0.736,0.5,0.802,0.905,0.93,0.792,0.863,-0.73,0.866,0.1,0.791,0.907,0.703,0.817,0.872,0.231,0.927,-0.76,0.948,0.709,0.928,0.925,0.675,0.596,0.58,-0.808,-0.218,0.802,0.871,-0.646,0.925,0.684,0.841,0.885,-0.612,0.676,-0.289,-0.041,0.881,0.781,-0.633,0.944,0.707,-0.426,0.906,0.903,-0.708,-0.082,0.94,0.813,-0.746,-0.606,0.848,0.858
ANSS,0.26,0.96,0.706,-0.766,-0.366,0.776,0.922,0.972,-0.835,0.869,0.955,0.885,0.979,0.958,-0.729,0.478,0.949,0.0,0.963,0.783,0.944,0.963,0.922,0.954,0.917,0.916,0.94,0.949,0.83,0.899,0.935,-0.885,-0.776,0.963,-0.016,0.836,0.256,-0.603,0.535,0.929,0.975,-0.163,-0.459,0.581,-0.519,-0.619,0.878,-0.666,-0.336,0.873,0.788,-0.656,-0.896,0.754,0.702,0.535,0.933,0.975,0.979,0.966,0.845,0.946,0.92,0.962,0.497,0.961,0.81,0.741,0.887,0.934,0.819,0.043,-0.847,-0.504,0.982,-0.232,-0.625,0.837,0.076,0.837,0.902,-0.038,0.939,0.933,0.951,0.073,0.907,0.942,0.713,0.201,0.509,0.534,0.955,0.73,-0.415,0.932,0.201,-0.773,0.877,0.351,-0.139,0.543,0.43,0.954,0.888,0.941,0.798,0.886,0.814,0.394,0.774,0.942,0.842,0.987,0.959,0.852,0.714,0.936,0.934,0.643,0.843,0.98,0.413,0.355,-0.729,0.962,0.976,0.957,0.983,0.085,-0.551,0.967,-0.528,-0.498,0.918,-0.714,0.824,0.69,-0.75,0.801,-0.072,0.777,0.866,-0.849,-0.609,0.984,-0.779,0.516,0.792,0.964,0.96,0.855,0.916,-0.786,0.901,-0.01,0.809,0.95,0.775,0.729,0.918,0.185,0.944,-0.78,0.955,0.708,0.992,0.974,0.74,0.644,0.567,-0.863,-0.28,0.871,0.931,-0.758,0.98,0.737,0.901,0.951,-0.668,0.689,-0.286,-0.054,0.924,0.856,-0.665,0.966,0.767,-0.485,0.982,0.927,-0.74,-0.101,0.94,0.861,-0.798,-0.612,0.88,0.859
APPN,0.206,0.919,0.716,-0.831,-0.469,0.686,0.894,0.924,-0.887,0.905,0.974,0.885,0.935,0.906,-0.735,0.325,0.946,0.963,0.0,0.773,0.936,0.944,0.885,0.903,0.849,0.885,0.868,0.949,0.834,0.887,0.943,-0.895,-0.796,0.919,0.083,0.796,0.214,-0.631,0.479,0.856,0.945,-0.194,-0.475,0.464,-0.598,-0.658,0.872,-0.703,-0.43,0.9,0.706,-0.704,-0.911,0.767,0.595,0.397,0.948,0.923,0.955,0.929,0.782,0.89,0.892,0.925,0.366,0.96,0.79,0.645,0.899,0.858,0.863,-0.103,-0.852,-0.608,0.935,-0.343,-0.584,0.789,0.104,0.764,0.908,-0.035,0.968,0.923,0.915,-0.055,0.836,0.894,0.673,0.113,0.531,0.419,0.915,0.666,-0.45,0.932,0.202,-0.785,0.802,0.176,-0.144,0.44,0.292,0.958,0.916,0.9,0.75,0.804,0.726,0.289,0.704,0.895,0.804,0.974,0.948,0.794,0.643,0.94,0.895,0.532,0.783,0.94,0.308,0.309,-0.747,0.939,0.936,0.965,0.955,-0.022,-0.577,0.972,-0.574,-0.625,0.905,-0.734,0.734,0.681,-0.772,0.754,-0.125,0.808,0.884,-0.892,-0.579,0.966,-0.784,0.399,0.736,0.938,0.948,0.78,0.9,-0.81,0.893,-0.058,0.821,0.915,0.697,0.752,0.897,0.186,0.948,-0.834,0.972,0.763,0.952,0.95,0.66,0.551,0.504,-0.894,-0.333,0.857,0.906,-0.739,0.961,0.709,0.87,0.93,-0.69,0.589,-0.374,-0.114,0.88,0.795,-0.718,0.9,0.716,-0.416,0.946,0.89,-0.769,-0.148,0.966,0.821,-0.844,-0.654,0.818,0.81
APTO,0.591,0.837,0.846,-0.491,-0.136,0.799,0.657,0.803,-0.646,0.85,0.764,0.759,0.789,0.792,-0.306,0.596,0.814,0.783,0.773,0.0,0.874,0.851,0.731,0.74,0.777,0.768,0.769,0.825,0.605,0.847,0.86,-0.599,-0.442,0.825,0.22,0.876,0.486,-0.248,0.816,0.844,0.848,0.221,-0.071,0.594,-0.308,-0.351,0.891,-0.338,-0.205,0.738,0.825,-0.516,-0.646,0.92,0.742,0.549,0.702,0.707,0.778,0.748,0.863,0.819,0.716,0.745,0.256,0.76,0.799,0.828,0.852,0.712,0.855,0.082,-0.503,-0.334,0.8,0.093,-0.625,0.876,-0.17,0.799,0.79,0.373,0.764,0.88,0.804,0.332,0.84,0.84,0.816,0.402,0.388,0.534,0.762,0.828,-0.058,0.847,0.485,-0.443,0.827,0.178,0.242,0.589,0.616,0.772,0.733,0.748,0.862,0.757,0.757,0.318,0.781,0.847,0.926,0.781,0.853,0.726,0.717,0.642,0.84,0.605,0.779,0.715,0.552,0.601,-0.393,0.853,0.757,0.782,0.756,0.259,-0.418,0.82,-0.192,-0.322,0.829,-0.339,0.814,0.401,-0.357,0.751,0.002,0.832,0.534,-0.575,-0.663,0.757,-0.425,0.512,0.871,0.829,0.833,0.828,0.81,-0.546,0.888,0.111,0.77,0.856,0.775,0.81,0.767,0.371,0.807,-0.556,0.773,0.743,0.749,0.704,0.604,0.711,0.734,-0.697,-0.032,0.581,0.85,-0.4,0.763,0.45,0.543,0.831,-0.322,0.648,-0.09,0.234,0.817,0.775,-0.329,0.828,0.824,-0.356,0.719,0.771,-0.406,-0.03,0.806,0.9,-0.57,-0.343,0.779,0.874
ARCT,0.444,0.971,0.801,-0.701,-0.276,0.785,0.818,0.909,-0.792,0.945,0.931,0.894,0.938,0.917,-0.594,0.543,0.928,0.944,0.936,0.874,0.0,0.967,0.882,0.905,0.921,0.897,0.926,0.925,0.724,0.952,0.979,-0.792,-0.635,0.942,0.034,0.867,0.414,-0.443,0.66,0.942,0.96,0.035,-0.261,0.584,-0.454,-0.527,0.916,-0.533,-0.298,0.895,0.839,-0.647,-0.81,0.843,0.745,0.52,0.872,0.898,0.929,0.916,0.904,0.942,0.848,0.927,0.385,0.912,0.878,0.76,0.952,0.893,0.878,0.046,-0.727,-0.477,0.945,-0.151,-0.716,0.923,-0.036,0.848,0.914,0.134,0.895,0.963,0.941,0.158,0.92,0.945,0.803,0.297,0.399,0.583,0.926,0.8,-0.242,0.963,0.348,-0.658,0.897,0.231,0.052,0.568,0.511,0.937,0.892,0.884,0.874,0.85,0.842,0.412,0.841,0.955,0.919,0.941,0.953,0.85,0.741,0.85,0.948,0.636,0.868,0.894,0.533,0.511,-0.584,0.965,0.943,0.951,0.931,0.184,-0.598,0.958,-0.397,-0.488,0.94,-0.557,0.866,0.537,-0.61,0.853,-0.053,0.835,0.745,-0.756,-0.683,0.918,-0.639,0.583,0.87,0.965,0.96,0.903,0.928,-0.768,0.952,0.022,0.836,0.947,0.825,0.773,0.911,0.379,0.946,-0.702,0.934,0.799,0.928,0.892,0.754,0.635,0.597,-0.828,-0.231,0.757,0.955,-0.667,0.936,0.632,0.761,0.955,-0.542,0.745,-0.167,0.132,0.947,0.862,-0.539,0.927,0.825,-0.526,0.906,0.933,-0.615,-0.103,0.95,0.915,-0.754,-0.507,0.827,0.918
ARWR,0.307,0.948,0.735,-0.761,-0.345,0.752,0.9,0.952,-0.851,0.925,0.961,0.949,0.954,0.96,-0.685,0.496,0.93,0.963,0.944,0.851,0.967,0.0,0.93,0.93,0.926,0.927,0.914,0.968,0.817,0.904,0.95,-0.857,-0.738,0.936,0.027,0.851,0.265,-0.568,0.597,0.913,0.981,-0.124,-0.413,0.596,-0.544,-0.636,0.902,-0.654,-0.373,0.838,0.801,-0.621,-0.88,0.815,0.683,0.529,0.911,0.939,0.947,0.957,0.852,0.928,0.913,0.944,0.468,0.949,0.805,0.756,0.931,0.896,0.868,0.007,-0.813,-0.527,0.97,-0.25,-0.619,0.873,0.102,0.83,0.894,0.056,0.926,0.966,0.958,0.07,0.889,0.916,0.758,0.172,0.481,0.553,0.963,0.781,-0.371,0.958,0.354,-0.766,0.871,0.249,-0.078,0.586,0.461,0.965,0.921,0.943,0.804,0.821,0.788,0.347,0.782,0.933,0.884,0.972,0.976,0.833,0.702,0.908,0.928,0.616,0.839,0.938,0.431,0.383,-0.699,0.982,0.944,0.965,0.958,0.069,-0.539,0.973,-0.507,-0.537,0.955,-0.678,0.816,0.669,-0.712,0.797,-0.034,0.831,0.822,-0.831,-0.601,0.96,-0.736,0.498,0.798,0.953,0.967,0.853,0.944,-0.799,0.95,0.083,0.821,0.94,0.768,0.821,0.922,0.213,0.978,-0.751,0.965,0.748,0.956,0.946,0.682,0.65,0.616,-0.838,-0.273,0.838,0.95,-0.717,0.963,0.715,0.838,0.943,-0.645,0.696,-0.325,-0.006,0.916,0.866,-0.643,0.935,0.76,-0.435,0.948,0.903,-0.705,-0.079,0.96,0.896,-0.783,-0.617,0.859,0.913
ASND,0.157,0.856,0.625,-0.69,-0.406,0.68,0.935,0.936,-0.858,0.845,0.931,0.907,0.889,0.944,-0.703,0.439,0.898,0.922,0.885,0.731,0.882,0.93,0.0,0.888,0.919,0.902,0.844,0.901,0.808,0.8,0.847,-0.811,-0.769,0.848,-0.106,0.745,0.088,-0.621,0.506,0.813,0.905,-0.326,-0.549,0.592,-0.472,-0.659,0.741,-0.696,-0.336,0.714,0.724,-0.403,-0.882,0.718,0.614,0.605,0.852,0.942,0.863,0.923,0.774,0.866,0.924,0.881,0.452,0.927,0.618,0.669,0.828,0.861,0.808,-0.015,-0.842,-0.535,0.919,-0.327,-0.458,0.759,0.299,0.723,0.791,-0.135,0.892,0.893,0.89,-0.039,0.839,0.84,0.637,-0.005,0.422,0.656,0.94,0.675,-0.473,0.857,0.385,-0.824,0.763,0.36,-0.158,0.51,0.402,0.923,0.924,0.923,0.672,0.73,0.669,0.201,0.655,0.849,0.767,0.918,0.924,0.822,0.626,0.903,0.832,0.571,0.701,0.932,0.391,0.268,-0.742,0.898,0.905,0.911,0.936,0.066,-0.448,0.873,-0.508,-0.54,0.867,-0.716,0.754,0.742,-0.762,0.672,0.081,0.745,0.813,-0.803,-0.421,0.915,-0.783,0.523,0.7,0.852,0.905,0.742,0.865,-0.738,0.835,0.263,0.726,0.846,0.645,0.784,0.861,0.118,0.926,-0.662,0.926,0.61,0.927,0.935,0.607,0.626,0.561,-0.688,-0.199,0.843,0.829,-0.703,0.911,0.787,0.875,0.82,-0.69,0.747,-0.361,-0.084,0.866,0.824,-0.673,0.905,0.596,-0.326,0.906,0.865,-0.756,-0.027,0.907,0.804,-0.653,-0.738,0.843,0.884
ASTH,0.285,0.918,0.72,-0.664,-0.192,0.772,0.913,0.946,-0.756,0.814,0.904,0.858,0.972,0.904,-0.659,0.458,0.877,0.954,0.903,0.74,0.905,0.93,0.888,0.0,0.864,0.811,0.894,0.912,0.861,0.817,0.881,-0.789,-0.7,0.934,0.054,0.801,0.22,-0.497,0.455,0.899,0.954,-0.159,-0.401,0.499,-0.486,-0.486,0.856,-0.625,-0.239,0.832,0.713,-0.57,-0.822,0.747,0.711,0.6,0.943,0.96,0.952,0.908,0.822,0.874,0.939,0.913,0.505,0.915,0.799,0.723,0.847,0.918,0.74,0.117,-0.764,-0.339,0.935,-0.192,-0.519,0.803,0.074,0.774,0.907,0.068,0.884,0.858,0.877,0.042,0.862,0.917,0.733,0.234,0.396,0.555,0.896,0.745,-0.332,0.854,0.252,-0.748,0.823,0.301,-0.132,0.533,0.413,0.868,0.842,0.943,0.74,0.828,0.799,0.369,0.776,0.924,0.813,0.949,0.939,0.857,0.603,0.903,0.952,0.537,0.778,0.948,0.453,0.374,-0.659,0.91,0.922,0.879,0.947,0.176,-0.393,0.932,-0.427,-0.385,0.87,-0.641,0.805,0.723,-0.695,0.707,-0.09,0.729,0.859,-0.815,-0.577,0.958,-0.724,0.539,0.775,0.938,0.897,0.813,0.854,-0.716,0.903,0.078,0.837,0.891,0.713,0.674,0.821,0.212,0.875,-0.781,0.897,0.637,0.965,0.929,0.709,0.74,0.591,-0.766,-0.256,0.915,0.879,-0.673,0.917,0.611,0.906,0.905,-0.574,0.691,-0.228,0.06,0.861,0.825,-0.588,0.927,0.759,-0.374,0.928,0.867,-0.681,0.032,0.862,0.805,-0.739,-0.586,0.837,0.853
ATSG,0.346,0.929,0.633,-0.664,-0.305,0.732,0.822,0.889,-0.753,0.835,0.883,0.868,0.905,0.952,-0.663,0.615,0.872,0.917,0.849,0.777,0.921,0.926,0.919,0.864,0.0,0.929,0.939,0.86,0.662,0.892,0.887,-0.792,-0.648,0.895,-0.189,0.808,0.324,-0.514,0.624,0.916,0.905,-0.068,-0.358,0.691,-0.404,-0.584,0.787,-0.548,-0.304,0.744,0.867,-0.499,-0.797,0.707,0.706,0.565,0.77,0.918,0.86,0.932,0.854,0.945,0.815,0.927,0.524,0.864,0.757,0.744,0.86,0.915,0.782,0.144,-0.762,-0.468,0.947,-0.183,-0.682,0.88,0.094,0.844,0.798,-0.063,0.828,0.926,0.945,0.188,0.906,0.899,0.7,0.19,0.412,0.698,0.958,0.753,-0.325,0.917,0.29,-0.694,0.887,0.467,-0.012,0.612,0.563,0.924,0.845,0.881,0.804,0.826,0.827,0.46,0.795,0.92,0.837,0.897,0.893,0.834,0.789,0.827,0.863,0.733,0.849,0.89,0.536,0.426,-0.627,0.931,0.943,0.918,0.92,0.16,-0.609,0.872,-0.442,-0.46,0.903,-0.609,0.853,0.563,-0.649,0.823,0.104,0.708,0.708,-0.691,-0.597,0.87,-0.656,0.615,0.791,0.906,0.919,0.885,0.909,-0.768,0.851,0.096,0.689,0.895,0.811,0.712,0.911,0.299,0.922,-0.574,0.884,0.669,0.911,0.888,0.748,0.598,0.551,-0.723,-0.192,0.714,0.904,-0.728,0.925,0.77,0.774,0.889,-0.607,0.812,-0.168,0.063,0.945,0.875,-0.553,0.929,0.712,-0.574,0.907,0.945,-0.629,-0.14,0.895,0.891,-0.657,-0.556,0.824,0.903
AVTX,0.183,0.895,0.574,-0.792,-0.486,0.68,0.829,0.872,-0.849,0.844,0.911,0.897,0.878,0.94,-0.755,0.504,0.902,0.916,0.885,0.768,0.897,0.927,0.902,0.811,0.929,0.0,0.899,0.904,0.704,0.884,0.884,-0.898,-0.789,0.86,-0.166,0.745,0.221,-0.682,0.591,0.855,0.899,-0.179,-0.5,0.666,-0.568,-0.769,0.785,-0.662,-0.461,0.723,0.804,-0.623,-0.893,0.683,0.571,0.439,0.779,0.891,0.863,0.951,0.77,0.919,0.802,0.912,0.515,0.902,0.679,0.704,0.838,0.841,0.818,-0.043,-0.868,-0.629,0.938,-0.314,-0.686,0.809,0.182,0.828,0.753,-0.16,0.878,0.93,0.952,0.078,0.847,0.829,0.608,0.082,0.522,0.521,0.966,0.691,-0.492,0.936,0.241,-0.783,0.862,0.37,-0.17,0.63,0.437,0.962,0.86,0.868,0.756,0.811,0.731,0.383,0.684,0.846,0.809,0.911,0.886,0.753,0.758,0.866,0.811,0.714,0.846,0.884,0.327,0.255,-0.76,0.945,0.94,0.948,0.9,-0.066,-0.673,0.893,-0.617,-0.579,0.907,-0.74,0.752,0.595,-0.755,0.818,-0.068,0.735,0.725,-0.78,-0.542,0.878,-0.779,0.448,0.699,0.875,0.933,0.818,0.941,-0.86,0.838,-0.004,0.644,0.894,0.74,0.757,0.972,0.095,0.95,-0.655,0.917,0.669,0.899,0.919,0.633,0.471,0.486,-0.831,-0.345,0.694,0.896,-0.786,0.947,0.851,0.763,0.891,-0.75,0.667,-0.383,-0.165,0.882,0.821,-0.705,0.9,0.64,-0.546,0.927,0.879,-0.742,-0.227,0.922,0.859,-0.769,-0.618,0.793,0.857
BCPC,0.385,0.968,0.626,-0.676,-0.207,0.796,0.786,0.891,-0.688,0.805,0.848,0.815,0.939,0.924,-0.658,0.666,0.855,0.94,0.868,0.769,0.926,0.914,0.844,0.894,0.939,0.899,0.0,0.87,0.677,0.925,0.902,-0.817,-0.635,0.953,-0.113,0.833,0.445,-0.481,0.619,0.972,0.928,0.021,-0.289,0.713,-0.397,-0.546,0.851,-0.485,-0.247,0.827,0.879,-0.666,-0.766,0.677,0.751,0.498,0.805,0.909,0.925,0.936,0.87,0.969,0.799,0.961,0.615,0.852,0.862,0.798,0.844,0.943,0.719,0.25,-0.747,-0.368,0.963,-0.073,-0.759,0.896,-0.05,0.933,0.839,0.001,0.818,0.894,0.958,0.303,0.924,0.938,0.717,0.378,0.484,0.584,0.943,0.795,-0.267,0.933,0.133,-0.635,0.957,0.483,-0.055,0.653,0.598,0.906,0.766,0.876,0.844,0.926,0.917,0.62,0.875,0.947,0.861,0.909,0.881,0.812,0.823,0.827,0.9,0.794,0.945,0.898,0.527,0.425,-0.6,0.945,0.964,0.903,0.906,0.163,-0.58,0.909,-0.443,-0.335,0.884,-0.587,0.868,0.512,-0.611,0.907,-0.007,0.67,0.728,-0.686,-0.694,0.891,-0.638,0.619,0.817,0.946,0.92,0.945,0.921,-0.772,0.876,-0.123,0.737,0.944,0.884,0.597,0.93,0.276,0.889,-0.607,0.857,0.679,0.93,0.888,0.825,0.617,0.53,-0.829,-0.266,0.71,0.953,-0.759,0.938,0.722,0.763,0.953,-0.57,0.749,-0.098,0.065,0.948,0.903,-0.516,0.928,0.814,-0.65,0.939,0.927,-0.595,-0.183,0.863,0.905,-0.722,-0.421,0.843,0.859
BEAM,0.231,0.907,0.715,-0.781,-0.371,0.749,0.896,0.945,-0.863,0.888,0.956,0.926,0.938,0.929,-0.702,0.416,0.928,0.949,0.949,0.825,0.925,0.968,0.901,0.912,0.86,0.904,0.87,0.0,0.865,0.858,0.919,-0.876,-0.792,0.913,0.122,0.798,0.185,-0.625,0.549,0.871,0.96,-0.181,-0.478,0.549,-0.59,-0.658,0.88,-0.685,-0.385,0.82,0.741,-0.651,-0.908,0.81,0.635,0.504,0.923,0.917,0.944,0.931,0.798,0.884,0.928,0.899,0.435,0.961,0.76,0.739,0.89,0.837,0.853,-0.084,-0.838,-0.534,0.937,-0.27,-0.55,0.8,0.162,0.79,0.893,0.028,0.947,0.931,0.926,0.001,0.838,0.873,0.713,0.131,0.577,0.475,0.931,0.748,-0.445,0.923,0.326,-0.798,0.828,0.201,-0.146,0.567,0.373,0.939,0.891,0.925,0.762,0.799,0.728,0.292,0.702,0.886,0.844,0.967,0.97,0.791,0.659,0.912,0.892,0.555,0.8,0.926,0.326,0.303,-0.75,0.957,0.914,0.932,0.927,-0.018,-0.479,0.967,-0.559,-0.534,0.926,-0.724,0.745,0.72,-0.751,0.74,-0.141,0.826,0.838,-0.869,-0.581,0.956,-0.788,0.41,0.752,0.925,0.956,0.789,0.911,-0.807,0.93,0.023,0.824,0.922,0.702,0.806,0.903,0.113,0.952,-0.805,0.949,0.717,0.945,0.947,0.587,0.649,0.61,-0.855,-0.328,0.847,0.909,-0.684,0.946,0.719,0.841,0.923,-0.687,0.612,-0.405,-0.105,0.863,0.804,-0.705,0.914,0.719,-0.358,0.933,0.841,-0.769,-0.016,0.931,0.86,-0.807,-0.659,0.829,0.866
BILI,-0.024,0.71,0.551,-0.715,-0.365,0.535,0.909,0.856,-0.773,0.671,0.835,0.795,0.835,0.794,-0.691,0.162,0.764,0.83,0.834,0.605,0.724,0.817,0.808,0.861,0.662,0.704,0.677,0.865,0.0,0.6,0.706,-0.788,-0.81,0.773,0.28,0.625,-0.099,-0.651,0.231,0.666,0.835,-0.423,-0.609,0.313,-0.616,-0.612,0.73,-0.769,-0.348,0.661,0.461,-0.51,-0.847,0.657,0.434,0.418,0.92,0.842,0.847,0.81,0.576,0.667,0.912,0.764,0.43,0.855,0.563,0.555,0.661,0.69,0.66,-0.052,-0.809,-0.433,0.798,-0.39,-0.174,0.542,0.318,0.587,0.756,-0.012,0.863,0.714,0.725,-0.206,0.637,0.707,0.549,-0.063,0.569,0.306,0.779,0.609,-0.529,0.706,0.198,-0.837,0.593,0.097,-0.354,0.402,0.138,0.778,0.767,0.862,0.473,0.607,0.508,0.128,0.5,0.722,0.628,0.858,0.849,0.644,0.367,0.89,0.777,0.317,0.57,0.867,0.102,0.059,-0.774,0.787,0.762,0.773,0.835,-0.127,-0.139,0.835,-0.582,-0.465,0.755,-0.764,0.516,0.885,-0.788,0.471,-0.164,0.636,0.895,-0.887,-0.367,0.889,-0.817,0.235,0.513,0.773,0.77,0.54,0.735,-0.657,0.789,0.1,0.733,0.724,0.434,0.652,0.693,-0.114,0.793,-0.834,0.832,0.509,0.844,0.87,0.397,0.644,0.551,-0.716,-0.312,0.928,0.72,-0.614,0.805,0.592,0.89,0.759,-0.683,0.415,-0.524,-0.249,0.645,0.647,-0.735,0.765,0.539,0.001,0.827,0.645,-0.776,0.107,0.759,0.654,-0.736,-0.722,0.74,0.693
BJRI,0.52,0.96,0.761,-0.673,-0.268,0.806,0.704,0.842,-0.722,0.912,0.861,0.821,0.885,0.855,-0.533,0.6,0.884,0.899,0.887,0.847,0.952,0.904,0.8,0.817,0.892,0.884,0.925,0.858,0.6,0.0,0.962,-0.758,-0.553,0.923,-0.008,0.841,0.576,-0.39,0.713,0.935,0.906,0.117,-0.156,0.658,-0.412,-0.501,0.888,-0.403,-0.282,0.872,0.897,-0.688,-0.736,0.792,0.747,0.43,0.782,0.826,0.882,0.872,0.896,0.947,0.732,0.911,0.374,0.848,0.892,0.776,0.892,0.887,0.852,0.124,-0.66,-0.474,0.912,-0.063,-0.818,0.94,-0.197,0.894,0.865,0.138,0.825,0.939,0.926,0.313,0.909,0.938,0.774,0.412,0.406,0.523,0.883,0.769,-0.165,0.958,0.238,-0.545,0.929,0.292,0.138,0.575,0.567,0.902,0.816,0.815,0.915,0.902,0.891,0.518,0.877,0.934,0.916,0.879,0.891,0.815,0.844,0.764,0.899,0.731,0.916,0.815,0.57,0.562,-0.505,0.932,0.921,0.908,0.866,0.214,-0.661,0.906,-0.342,-0.449,0.891,-0.481,0.873,0.364,-0.521,0.923,-0.048,0.791,0.649,-0.643,-0.743,0.849,-0.545,0.587,0.885,0.935,0.928,0.937,0.916,-0.735,0.891,-0.121,0.795,0.951,0.885,0.697,0.922,0.42,0.891,-0.604,0.861,0.824,0.87,0.819,0.819,0.533,0.524,-0.838,-0.2,0.623,0.943,-0.652,0.907,0.609,0.652,0.941,-0.472,0.706,-0.064,0.153,0.939,0.876,-0.45,0.893,0.853,-0.63,0.871,0.921,-0.519,-0.228,0.911,0.917,-0.733,-0.38,0.801,0.872
BLUE,0.45,0.967,0.826,-0.731,-0.301,0.784,0.79,0.891,-0.816,0.954,0.933,0.881,0.926,0.883,-0.587,0.506,0.93,0.935,0.943,0.86,0.979,0.95,0.847,0.881,0.887,0.884,0.902,0.919,0.706,0.962,0.0,-0.791,-0.622,0.938,0.086,0.853,0.446,-0.432,0.655,0.927,0.95,0.046,-0.235,0.552,-0.479,-0.535,0.922,-0.509,-0.345,0.922,0.837,-0.686,-0.808,0.85,0.739,0.483,0.877,0.873,0.931,0.897,0.901,0.936,0.823,0.92,0.327,0.915,0.88,0.747,0.948,0.888,0.909,0.003,-0.707,-0.534,0.929,-0.153,-0.732,0.928,-0.114,0.832,0.926,0.162,0.893,0.968,0.929,0.158,0.898,0.938,0.797,0.313,0.411,0.517,0.901,0.76,-0.219,0.96,0.309,-0.629,0.885,0.166,0.08,0.524,0.476,0.931,0.901,0.863,0.897,0.859,0.841,0.37,0.833,0.945,0.915,0.934,0.952,0.857,0.744,0.826,0.937,0.607,0.861,0.874,0.531,0.542,-0.564,0.954,0.933,0.942,0.916,0.182,-0.623,0.959,-0.38,-0.525,0.937,-0.543,0.866,0.49,-0.602,0.86,-0.094,0.868,0.746,-0.754,-0.7,0.913,-0.613,0.554,0.865,0.962,0.958,0.896,0.919,-0.756,0.933,-0.054,0.872,0.961,0.837,0.771,0.906,0.408,0.938,-0.728,0.925,0.849,0.917,0.873,0.771,0.585,0.575,-0.852,-0.216,0.739,0.943,-0.637,0.939,0.597,0.743,0.951,-0.516,0.693,-0.186,0.139,0.925,0.852,-0.528,0.909,0.836,-0.533,0.897,0.932,-0.594,-0.162,0.957,0.896,-0.782,-0.513,0.795,0.89
