,AAL,AAON,ACB,ACGL,ACGLO,ACIW,ADBE,ADSK,AEP,AGIO,ALEC,ALNY,ALTR,AMBA,AMCX,AMKR,AMRX,ANSS,APPN,APTO,ARCT,ARWR,ASND,ASTH,ATSG,AVTX,BCPC,BEAM,BILI,BJRI,BLUE,BPOP,BRKL,BWIN,BZUN,CARG,CBRL,CBSH,CBUS,CENTA,CERS,CFFN,CHCO,CHEF,CHRD,CINF,CLLS,CMCO,CMCSA,COLL,COMM,COOP,CPB,CRON,CROX,CRUS,CRWD,CTAS,CYBR,CYTK,DGII,DIOD,DOMO,DPZ,DSGR,DXCM,ERIE,ESTA,EXEL,FAST,FCEL,FCFS,FHB,FITBI,FSV,FTDR,FUTU,GLDD,GLPG,GLPI,GOGO,GOSS,GSAT,GYRE,HALO,HAS,HLIT,HLNE,HSDT,HSIC,HTHT,ICHR,IDYA,IMVT,INDB,INSM,IONS,IOSP,ITRI,JBHT,JBLU,JSM,KLIC,KOD,KURA,LAB,LASR,LIN,LKQ,LNT,MBUU,MCRI,MDGL,MEDP,MGNI,MGPI,MGRC,MKTX,MRNA,MRTN,MSEX,MSFT,MU,NAVI,NBTB,NEO,NEOG,NGNE,NSSC,NTAP,NTES,NTLA,NTRS,NYMTN,OBLG,OCFC,ON,ONC,OPI,OSIS,OSW,PALI,PANW,PCAR,PCRX,PCTY,PEBO,PLAB,PLAY,PLMR,PLSE,PLUS,PRTA,PSEC,PSNL,PTCT,PTON,QNST,QRVO,QTTB,RARE,RBCAA,RGNX,SAIC,SGMO,SINT,SNPS,SPSC,SPTN,SSYS,STNE,TBBK,TCPC,TENB,TGTX,TREE,TRUP,TTWO,TW,TXG,UBSI,UCTT,UFPT,UMBF,UPBD,URBN,VBTX,VCTR,VEON,VNET,VRSK,VSEC,WABC,WTFCM,WVE,WW,WWD,XEL,ZD,ZYME
AAL,0.0,0.173,0.844,0.684,0.833,0.957,0.769,0.55,0.388,0.753,0.901,0.879,0.844,0.868,0.564,0.611,0.803,0.927,-0.075,0.743,0.805,0.919,0.868,0.846,0.848,0.827,0.836,0.874,0.61,0.9,0.754,0.693,0.68,0.587,0.307,0.821,0.856,0.876,0.712,0.413,-0.466,0.674,-0.241,0.303,0.363,0.653,0.897,0.889,0.648,0.779,-0.391,0.775,-0.779,0.189,0.905,0.251,0.898,0.906,0.903,-0.128,-0.286,0.435,0.894,0.792,-0.6,0.877,0.624,0.949,0.907,0.928,0.84,0.273,0.518,0.496,0.771,0.848,0.623,0.174,0.784,0.88,0.658,0.353,0.796,0.871,0.862,-0.144,-0.1,0.917,0.891,0.408,0.745,0.501,0.514,0.872,0.722,0.902,0.913,-0.669,0.359,-0.028,0.9,0.513,-0.129,0.855,0.866,0.678,0.778,0.806,0.076,0.732,-0.635,0.588,0.847,0.63,0.787,-0.302,0.807,0.679,0.74,-0.463,0.507,0.84,0.462,0.814,-0.029,0.842,0.715,0.876,0.784,0.916,0.171,0.803,0.705,0.844,0.817,0.201,0.239,0.854,0.831,0.266,0.905,0.898,0.87,0.611,0.874,0.906,0.73,0.703,0.948,0.573,0.859,0.59,0.821,0.741,0.865,0.823,0.823,0.31,0.814,0.463,0.908,0.32,0.935,0.882,0.834,0.867,0.883,0.932,0.686,0.87,0.858,0.889,0.704,0.919,0.747,0.82,0.779,0.895,0.786,0.747,0.011,0.785,-0.393,0.763,-0.555,0.787,0.79,0.913,0.758,0.106,0.889,0.396,0.786,0.685,0.825,0.878,0.845,0.356,0.916,0.033
AAON,0.173,0.0,0.035,0.375,0.264,0.164,0.236,0.08,0.488,0.354,0.177,0.417,0.17,0.07,0.489,0.501,0.035,-0.008,0.323,-0.149,0.106,0.017,0.294,0.168,0.102,0.325,0.34,0.218,-0.396,0.283,0.119,0.055,0.418,-0.05,-0.527,-0.001,0.458,0.409,0.099,0.604,-0.126,0.587,0.032,-0.325,0.315,0.539,0.055,0.371,0.562,0.366,0.081,-0.036,0.056,0.255,0.078,-0.065,0.056,0.272,0.063,-0.287,0.444,-0.199,0.01,0.499,0.052,0.25,0.475,0.154,-0.118,0.123,0.097,-0.365,0.62,0.46,0.465,0.025,-0.289,-0.027,0.42,0.381,0.467,0.587,0.201,0.217,0.365,-0.394,-0.198,0.08,-0.008,0.676,-0.078,-0.131,0.584,0.089,0.399,0.062,0.298,-0.159,-0.125,-0.123,0.44,0.46,0.488,0.134,0.065,0.031,0.093,0.151,-0.233,0.556,0.256,0.279,0.274,0.575,0.445,0.033,0.496,0.02,0.057,-0.296,0.68,-0.184,0.15,0.142,0.034,0.29,0.474,0.24,0.396,0.325,-0.631,0.059,0.275,-0.082,0.246,0.587,-0.211,0.018,0.415,0.508,0.101,0.153,0.125,0.433,0.015,-0.065,0.599,0.182,0.036,0.31,0.407,0.366,0.422,0.509,0.145,0.321,0.184,0.621,-0.166,0.15,0.073,0.718,0.076,0.402,0.286,0.104,0.023,0.125,0.158,0.093,-0.013,0.265,0.386,0.029,0.063,0.277,0.348,0.29,0.341,0.324,0.277,0.46,0.377,0.423,0.135,0.162,0.408,0.169,-0.358,-0.441,0.191,-0.381,0.462,0.292,-0.08,0.089,0.345,0.577,0.203,-0.588
ACB,0.844,0.035,0.0,0.74,0.867,0.895,0.877,0.701,0.44,0.888,0.953,0.814,0.934,0.963,0.724,0.55,0.896,0.933,0.055,0.853,0.95,0.956,0.858,0.949,0.891,0.863,0.841,0.94,0.79,0.795,0.881,0.726,0.695,0.586,0.529,0.937,0.77,0.797,0.928,0.43,-0.296,0.658,-0.414,0.053,0.561,0.602,0.94,0.867,0.684,0.862,-0.379,0.745,-0.857,0.492,0.939,0.264,0.958,0.879,0.935,0.131,-0.08,0.404,0.961,0.784,-0.738,0.925,0.733,0.823,0.903,0.804,0.966,0.435,0.577,0.298,0.827,0.871,0.778,0.201,0.846,0.829,0.789,0.439,0.935,0.787,0.73,-0.311,-0.126,0.937,0.824,0.455,0.898,0.558,0.54,0.938,0.711,0.953,0.841,-0.61,0.469,0.044,0.852,0.521,0.034,0.956,0.942,0.874,0.926,0.843,-0.087,0.681,-0.493,0.806,0.875,0.717,0.79,-0.224,0.708,0.508,0.911,-0.628,0.519,0.826,0.621,0.84,-0.11,0.907,0.782,0.845,0.865,0.846,0.423,0.971,0.776,0.855,0.857,0.206,0.422,0.943,0.814,0.359,0.938,0.861,0.918,0.409,0.817,0.927,0.689,0.798,0.907,0.696,0.797,0.321,0.872,0.746,0.963,0.896,0.944,0.455,0.863,0.671,0.945,0.335,0.921,0.823,0.93,0.937,0.919,0.903,0.659,0.958,0.965,0.871,0.753,0.939,0.652,0.91,0.881,0.911,0.821,0.898,-0.008,0.809,-0.285,0.694,-0.447,0.918,0.79,0.845,0.671,0.386,0.844,0.332,0.496,0.623,0.8,0.889,0.828,0.321,0.948,0.192
ACGL,0.684,0.375,0.74,0.0,0.822,0.706,0.852,0.645,0.775,0.861,0.812,0.834,0.806,0.773,0.858,0.668,0.714,0.688,0.249,0.493,0.723,0.696,0.775,0.786,0.79,0.789,0.845,0.744,0.404,0.656,0.696,0.789,0.85,0.186,0.1,0.698,0.738,0.838,0.775,0.551,-0.313,0.874,-0.261,-0.278,0.781,0.836,0.789,0.875,0.866,0.837,-0.221,0.546,-0.616,0.549,0.777,0.2,0.735,0.843,0.718,-0.057,0.258,0.198,0.705,0.889,-0.615,0.856,0.885,0.623,0.611,0.603,0.797,0.124,0.901,0.442,0.883,0.629,0.485,0.275,0.849,0.849,0.886,0.619,0.778,0.592,0.661,-0.455,-0.127,0.761,0.563,0.815,0.713,0.304,0.552,0.716,0.85,0.765,0.782,-0.484,0.375,-0.05,0.849,0.696,0.418,0.756,0.73,0.687,0.741,0.806,-0.149,0.873,-0.154,0.856,0.755,0.864,0.859,0.015,0.85,0.386,0.692,-0.644,0.784,0.608,0.627,0.746,0.224,0.814,0.843,0.776,0.863,0.816,-0.009,0.741,0.928,0.622,0.744,0.574,0.32,0.676,0.869,0.58,0.771,0.711,0.78,0.564,0.579,0.643,0.849,0.786,0.682,0.753,0.831,0.408,0.836,0.926,0.802,0.865,0.814,0.724,0.548,0.656,0.726,0.734,0.702,0.874,0.847,0.796,0.762,0.704,0.67,0.746,0.725,0.825,0.876,0.721,0.413,0.844,0.855,0.812,0.833,0.868,0.317,0.89,0.016,0.895,-0.234,0.866,0.877,0.736,0.218,0.148,0.715,0.022,0.409,0.61,0.573,0.678,0.825,0.66,0.807,-0.198
ACGLO,0.833,0.264,0.867,0.822,0.0,0.841,0.849,0.561,0.591,0.874,0.93,0.911,0.88,0.879,0.794,0.604,0.834,0.83,0.098,0.658,0.84,0.853,0.931,0.909,0.877,0.925,0.926,0.886,0.537,0.817,0.762,0.651,0.721,0.39,0.165,0.879,0.865,0.846,0.854,0.557,-0.476,0.857,-0.445,-0.097,0.575,0.842,0.897,0.914,0.865,0.928,-0.39,0.568,-0.82,0.387,0.864,0.053,0.906,0.944,0.894,-0.149,0.016,0.189,0.89,0.904,-0.762,0.95,0.806,0.846,0.816,0.813,0.904,0.174,0.72,0.551,0.89,0.839,0.592,0.091,0.863,0.933,0.882,0.599,0.887,0.828,0.848,-0.481,-0.352,0.877,0.782,0.676,0.803,0.349,0.635,0.888,0.734,0.903,0.911,-0.708,0.287,-0.011,0.908,0.613,0.088,0.832,0.87,0.701,0.773,0.769,-0.232,0.877,-0.457,0.819,0.909,0.765,0.837,-0.215,0.841,0.47,0.824,-0.735,0.76,0.699,0.442,0.855,-0.109,0.935,0.828,0.824,0.909,0.894,0.103,0.864,0.842,0.801,0.86,0.255,0.165,0.826,0.948,0.403,0.862,0.909,0.925,0.458,0.796,0.814,0.844,0.739,0.864,0.747,0.831,0.459,0.861,0.851,0.915,0.94,0.924,0.627,0.656,0.611,0.898,0.578,0.881,0.943,0.921,0.861,0.847,0.838,0.776,0.851,0.847,0.941,0.843,0.889,0.485,0.941,0.909,0.936,0.931,0.885,-0.002,0.879,-0.198,0.811,-0.552,0.886,0.823,0.799,0.497,0.067,0.893,0.213,0.615,0.785,0.75,0.825,0.946,0.545,0.94,-0.18
ACIW,0.957,0.164,0.895,0.706,0.841,0.0,0.835,0.695,0.419,0.802,0.922,0.837,0.886,0.916,0.632,0.675,0.821,0.965,-0.041,0.818,0.858,0.939,0.845,0.887,0.893,0.824,0.836,0.895,0.673,0.871,0.821,0.774,0.76,0.643,0.417,0.848,0.826,0.902,0.763,0.454,-0.323,0.657,-0.191,0.247,0.476,0.609,0.901,0.915,0.634,0.787,-0.325,0.833,-0.754,0.309,0.948,0.368,0.906,0.897,0.91,0.01,-0.171,0.543,0.912,0.778,-0.584,0.889,0.664,0.895,0.901,0.914,0.894,0.401,0.563,0.453,0.799,0.832,0.675,0.283,0.796,0.868,0.689,0.358,0.859,0.822,0.794,-0.134,-0.055,0.948,0.842,0.424,0.779,0.624,0.51,0.907,0.797,0.923,0.877,-0.57,0.485,0.067,0.89,0.576,-0.005,0.914,0.892,0.775,0.865,0.868,0.148,0.713,-0.553,0.677,0.837,0.689,0.834,-0.209,0.787,0.696,0.789,-0.441,0.505,0.862,0.612,0.838,0.047,0.845,0.782,0.901,0.818,0.924,0.264,0.863,0.751,0.823,0.835,0.307,0.389,0.91,0.817,0.388,0.923,0.854,0.873,0.642,0.831,0.939,0.722,0.779,0.946,0.606,0.841,0.559,0.862,0.751,0.902,0.834,0.854,0.356,0.861,0.57,0.907,0.329,0.925,0.865,0.865,0.902,0.919,0.963,0.649,0.923,0.905,0.878,0.736,0.92,0.812,0.848,0.81,0.899,0.766,0.812,0.108,0.825,-0.311,0.772,-0.412,0.853,0.843,0.948,0.729,0.267,0.854,0.395,0.704,0.654,0.796,0.892,0.839,0.348,0.936,0.136
ADBE,0.769,0.236,0.877,0.852,0.849,0.835,0.0,0.783,0.633,0.914,0.91,0.817,0.95,0.924,0.886,0.704,0.857,0.856,0.38,0.654,0.831,0.83,0.834,0.918,0.868,0.829,0.867,0.885,0.638,0.758,0.841,0.792,0.845,0.373,0.39,0.78,0.786,0.821,0.863,0.595,-0.233,0.787,-0.303,-0.024,0.648,0.714,0.857,0.898,0.794,0.88,-0.293,0.647,-0.749,0.692,0.91,0.327,0.86,0.872,0.866,0.148,0.228,0.441,0.856,0.839,-0.693,0.894,0.801,0.738,0.753,0.741,0.892,0.329,0.766,0.393,0.873,0.795,0.737,0.318,0.864,0.858,0.852,0.625,0.921,0.626,0.749,-0.319,-0.049,0.881,0.618,0.637,0.887,0.396,0.689,0.823,0.872,0.848,0.846,-0.512,0.459,0.106,0.862,0.572,0.295,0.899,0.872,0.741,0.835,0.878,0.008,0.768,-0.16,0.868,0.872,0.843,0.894,-0.026,0.788,0.487,0.833,-0.612,0.693,0.728,0.738,0.805,0.128,0.856,0.819,0.798,0.909,0.873,0.317,0.91,0.868,0.696,0.818,0.455,0.535,0.816,0.849,0.543,0.882,0.791,0.878,0.57,0.715,0.834,0.794,0.899,0.801,0.861,0.774,0.329,0.854,0.854,0.913,0.889,0.902,0.622,0.772,0.631,0.835,0.586,0.828,0.841,0.919,0.824,0.914,0.784,0.721,0.861,0.894,0.856,0.777,0.853,0.584,0.885,0.91,0.882,0.848,0.879,0.233,0.881,-0.073,0.843,-0.283,0.902,0.889,0.858,0.41,0.296,0.77,0.246,0.517,0.61,0.635,0.728,0.826,0.548,0.901,0.016
ADSK,0.55,0.08,0.701,0.645,0.561,0.695,0.783,0.0,0.545,0.666,0.63,0.449,0.698,0.713,0.633,0.703,0.501,0.722,0.166,0.619,0.653,0.607,0.468,0.682,0.671,0.452,0.549,0.616,0.556,0.407,0.752,0.843,0.82,0.446,0.584,0.589,0.411,0.695,0.574,0.336,0.211,0.417,0.164,0.02,0.743,0.356,0.621,0.66,0.413,0.512,0.148,0.73,-0.361,0.618,0.728,0.7,0.564,0.568,0.574,0.454,0.367,0.714,0.616,0.497,-0.322,0.589,0.635,0.402,0.544,0.528,0.721,0.58,0.581,0.21,0.607,0.443,0.596,0.662,0.584,0.626,0.533,0.31,0.718,0.345,0.343,0.066,0.312,0.698,0.365,0.432,0.624,0.711,0.357,0.615,0.804,0.647,0.509,0.018,0.836,0.469,0.568,0.66,0.51,0.712,0.584,0.732,0.777,0.828,0.399,0.448,0.019,0.656,0.486,0.661,0.753,0.377,0.473,0.655,0.662,-0.14,0.355,0.63,0.934,0.646,0.472,0.566,0.723,0.652,0.588,0.628,0.374,0.729,0.715,0.409,0.576,0.581,0.798,0.653,0.497,0.707,0.645,0.414,0.541,0.613,0.329,0.689,0.491,0.887,0.576,0.567,0.528,0.339,0.655,0.617,0.667,0.557,0.612,0.355,0.619,0.642,0.537,0.341,0.515,0.567,0.641,0.651,0.724,0.678,0.325,0.729,0.69,0.518,0.645,0.579,0.666,0.586,0.63,0.585,0.436,0.699,0.547,0.701,0.207,0.598,0.181,0.73,0.744,0.703,0.315,0.657,0.396,0.224,0.244,0.191,0.402,0.531,0.508,0.326,0.636,0.367
AEP,0.388,0.488,0.44,0.775,0.591,0.419,0.633,0.545,0.0,0.619,0.504,0.557,0.539,0.472,0.712,0.611,0.406,0.417,0.346,0.184,0.424,0.373,0.531,0.476,0.58,0.553,0.701,0.479,0.176,0.372,0.436,0.567,0.73,0.068,-0.135,0.402,0.495,0.615,0.499,0.616,-0.203,0.753,-0.11,-0.451,0.709,0.776,0.43,0.638,0.705,0.615,-0.083,0.383,-0.246,0.549,0.444,0.089,0.436,0.644,0.398,-0.159,0.421,0.034,0.393,0.653,-0.279,0.592,0.736,0.292,0.26,0.4,0.503,0.158,0.811,0.444,0.754,0.365,0.228,0.172,0.536,0.635,0.734,0.52,0.512,0.333,0.395,-0.504,-0.247,0.475,0.295,0.762,0.448,0.123,0.448,0.475,0.738,0.437,0.46,-0.251,0.279,0.053,0.604,0.562,0.546,0.426,0.442,0.383,0.449,0.579,-0.14,0.788,0.145,0.694,0.481,0.697,0.625,0.135,0.723,0.203,0.441,-0.484,0.753,0.351,0.505,0.521,0.319,0.504,0.632,0.505,0.648,0.6,-0.148,0.442,0.742,0.322,0.512,0.582,0.173,0.407,0.688,0.583,0.435,0.439,0.507,0.492,0.28,0.335,0.683,0.635,0.351,0.57,0.596,0.38,0.641,0.778,0.493,0.622,0.538,0.751,0.265,0.508,0.412,0.794,0.386,0.626,0.567,0.501,0.524,0.449,0.539,0.437,0.426,0.617,0.787,0.424,0.104,0.595,0.632,0.536,0.61,0.644,0.347,0.659,0.193,0.773,-0.027,0.622,0.663,0.439,-0.044,0.02,0.485,0.117,0.346,0.456,0.433,0.407,0.635,0.87,0.529,-0.307
AGIO,0.753,0.354,0.888,0.861,0.874,0.802,0.914,0.666,0.619,0.0,0.927,0.883,0.92,0.891,0.904,0.629,0.831,0.792,0.281,0.66,0.888,0.838,0.869,0.929,0.813,0.898,0.874,0.913,0.536,0.759,0.867,0.705,0.797,0.358,0.264,0.826,0.834,0.84,0.914,0.585,-0.285,0.835,-0.399,-0.183,0.704,0.763,0.862,0.908,0.87,0.934,-0.273,0.57,-0.768,0.639,0.864,0.209,0.866,0.862,0.844,0.061,0.187,0.254,0.851,0.898,-0.714,0.922,0.904,0.743,0.744,0.678,0.909,0.196,0.817,0.419,0.911,0.779,0.61,0.215,0.954,0.872,0.928,0.7,0.925,0.725,0.772,-0.479,-0.133,0.864,0.665,0.738,0.806,0.375,0.749,0.837,0.8,0.877,0.866,-0.581,0.369,-0.02,0.913,0.635,0.299,0.914,0.864,0.81,0.866,0.809,-0.222,0.823,-0.242,0.909,0.903,0.908,0.889,-0.154,0.783,0.394,0.855,-0.727,0.761,0.624,0.645,0.786,-0.037,0.913,0.897,0.835,0.935,0.855,0.147,0.918,0.842,0.712,0.848,0.434,0.37,0.823,0.885,0.534,0.866,0.812,0.879,0.479,0.698,0.777,0.866,0.81,0.795,0.814,0.832,0.305,0.939,0.891,0.931,0.951,0.925,0.704,0.68,0.732,0.867,0.65,0.827,0.875,0.972,0.857,0.824,0.792,0.651,0.884,0.838,0.867,0.837,0.829,0.53,0.938,0.951,0.926,0.887,0.944,0.158,0.899,-0.03,0.787,-0.324,0.901,0.878,0.789,0.36,0.204,0.789,0.094,0.522,0.639,0.651,0.773,0.857,0.511,0.908,-0.064
ALEC,0.901,0.177,0.953,0.812,0.93,0.922,0.91,0.63,0.504,0.927,0.0,0.924,0.964,0.974,0.791,0.6,0.932,0.931,0.096,0.776,0.917,0.955,0.944,0.978,0.914,0.941,0.922,0.956,0.68,0.885,0.84,0.732,0.743,0.5,0.346,0.922,0.893,0.863,0.921,0.539,-0.419,0.797,-0.452,0.038,0.537,0.747,0.96,0.944,0.812,0.934,-0.438,0.683,-0.887,0.437,0.963,0.164,0.98,0.949,0.974,-0.033,-0.067,0.331,0.971,0.891,-0.792,0.979,0.784,0.906,0.914,0.861,0.96,0.276,0.671,0.403,0.894,0.915,0.721,0.148,0.909,0.916,0.854,0.544,0.949,0.849,0.868,-0.372,-0.207,0.962,0.833,0.557,0.891,0.445,0.647,0.937,0.768,0.968,0.945,-0.718,0.335,-0.042,0.937,0.536,0.02,0.955,0.956,0.795,0.878,0.841,-0.124,0.81,-0.502,0.837,0.952,0.776,0.865,-0.278,0.827,0.503,0.883,-0.703,0.661,0.805,0.553,0.862,-0.109,0.958,0.816,0.882,0.938,0.918,0.259,0.946,0.832,0.877,0.888,0.245,0.318,0.926,0.918,0.356,0.955,0.939,0.976,0.49,0.88,0.912,0.811,0.78,0.941,0.776,0.86,0.379,0.905,0.828,0.989,0.958,0.974,0.543,0.83,0.619,0.973,0.476,0.965,0.913,0.974,0.928,0.938,0.909,0.768,0.942,0.951,0.956,0.786,0.971,0.624,0.969,0.937,0.978,0.926,0.912,-0.002,0.88,-0.304,0.811,-0.521,0.928,0.86,0.902,0.623,0.194,0.923,0.303,0.634,0.74,0.807,0.899,0.922,0.438,0.989,-0.007
ALNY,0.879,0.417,0.814,0.834,0.911,0.837,0.817,0.449,0.557,0.883,0.924,0.0,0.862,0.835,0.774,0.596,0.816,0.795,0.12,0.613,0.809,0.849,0.958,0.881,0.813,0.941,0.919,0.903,0.422,0.883,0.749,0.626,0.718,0.405,0.047,0.817,0.947,0.882,0.801,0.598,-0.523,0.9,-0.421,-0.006,0.487,0.873,0.882,0.932,0.909,0.926,-0.405,0.544,-0.802,0.335,0.841,0.032,0.882,0.934,0.873,-0.272,-0.055,0.153,0.851,0.965,-0.695,0.937,0.819,0.898,0.79,0.823,0.852,-0.021,0.749,0.538,0.892,0.834,0.517,0.048,0.921,0.93,0.871,0.629,0.837,0.875,0.931,-0.442,-0.277,0.863,0.786,0.701,0.728,0.284,0.695,0.849,0.734,0.874,0.958,-0.782,0.165,-0.142,0.958,0.59,0.05,0.835,0.857,0.658,0.74,0.725,-0.237,0.91,-0.476,0.756,0.927,0.79,0.849,-0.331,0.888,0.437,0.783,-0.723,0.776,0.669,0.395,0.825,-0.121,0.94,0.814,0.86,0.91,0.923,-0.059,0.807,0.814,0.781,0.835,0.289,0.078,0.792,0.956,0.335,0.864,0.912,0.902,0.548,0.82,0.771,0.907,0.676,0.858,0.718,0.909,0.48,0.885,0.872,0.885,0.945,0.892,0.603,0.64,0.538,0.892,0.623,0.892,0.961,0.928,0.837,0.806,0.828,0.757,0.829,0.802,0.94,0.8,0.869,0.528,0.918,0.91,0.946,0.937,0.868,0.025,0.894,-0.232,0.847,-0.55,0.836,0.84,0.819,0.465,-0.091,0.906,0.119,0.722,0.761,0.726,0.834,0.921,0.545,0.927,-0.275
ALTR,0.844,0.17,0.934,0.806,0.88,0.886,0.95,0.698,0.539,0.92,0.964,0.862,0.0,0.967,0.828,0.635,0.927,0.912,0.248,0.74,0.877,0.912,0.892,0.958,0.891,0.894,0.891,0.936,0.705,0.838,0.839,0.743,0.778,0.444,0.395,0.849,0.838,0.823,0.919,0.566,-0.358,0.777,-0.423,0.031,0.549,0.696,0.911,0.916,0.782,0.913,-0.44,0.679,-0.853,0.581,0.949,0.227,0.945,0.915,0.947,0.086,0.044,0.369,0.938,0.855,-0.775,0.95,0.753,0.844,0.852,0.815,0.929,0.356,0.682,0.405,0.888,0.887,0.773,0.209,0.885,0.875,0.838,0.566,0.944,0.746,0.811,-0.365,-0.141,0.935,0.758,0.536,0.92,0.412,0.685,0.895,0.802,0.921,0.893,-0.645,0.373,-0.01,0.901,0.508,0.098,0.952,0.947,0.765,0.867,0.871,-0.071,0.772,-0.346,0.855,0.928,0.799,0.867,-0.213,0.803,0.484,0.855,-0.669,0.658,0.78,0.633,0.81,-0.031,0.906,0.78,0.857,0.93,0.891,0.353,0.94,0.819,0.824,0.854,0.319,0.427,0.901,0.882,0.41,0.943,0.889,0.947,0.503,0.837,0.889,0.787,0.823,0.883,0.817,0.816,0.305,0.881,0.834,0.965,0.925,0.944,0.566,0.846,0.602,0.934,0.498,0.927,0.852,0.952,0.892,0.947,0.858,0.758,0.913,0.948,0.914,0.752,0.935,0.618,0.935,0.923,0.937,0.893,0.89,0.066,0.858,-0.266,0.807,-0.443,0.916,0.87,0.899,0.575,0.261,0.868,0.323,0.586,0.703,0.756,0.825,0.877,0.468,0.957,0.048
AMBA,0.868,0.07,0.963,0.773,0.879,0.916,0.924,0.713,0.472,0.891,0.974,0.835,0.967,0.0,0.772,0.608,0.932,0.948,0.108,0.79,0.906,0.942,0.873,0.973,0.916,0.875,0.872,0.926,0.771,0.837,0.831,0.762,0.743,0.515,0.489,0.907,0.818,0.812,0.91,0.492,-0.313,0.703,-0.413,0.09,0.545,0.646,0.936,0.898,0.717,0.877,-0.433,0.744,-0.86,0.485,0.976,0.263,0.963,0.904,0.967,0.108,-0.046,0.441,0.97,0.806,-0.784,0.938,0.722,0.853,0.915,0.839,0.952,0.434,0.606,0.329,0.853,0.896,0.79,0.232,0.857,0.869,0.791,0.487,0.955,0.767,0.792,-0.279,-0.111,0.951,0.783,0.46,0.925,0.512,0.596,0.915,0.779,0.944,0.891,-0.624,0.419,0.046,0.879,0.481,0.033,0.962,0.94,0.805,0.893,0.879,-0.006,0.715,-0.447,0.822,0.904,0.735,0.835,-0.2,0.762,0.534,0.88,-0.629,0.576,0.83,0.64,0.835,-0.062,0.911,0.768,0.84,0.904,0.871,0.414,0.961,0.801,0.857,0.863,0.245,0.466,0.924,0.847,0.39,0.954,0.887,0.95,0.473,0.857,0.931,0.72,0.821,0.93,0.791,0.791,0.323,0.862,0.776,0.983,0.898,0.954,0.472,0.893,0.593,0.944,0.382,0.941,0.838,0.939,0.914,0.963,0.894,0.736,0.943,0.975,0.907,0.742,0.964,0.656,0.927,0.899,0.932,0.863,0.876,0.024,0.842,-0.303,0.768,-0.457,0.919,0.833,0.91,0.66,0.331,0.868,0.388,0.559,0.679,0.787,0.874,0.863,0.389,0.96,0.13
AMCX,0.564,0.489,0.724,0.858,0.794,0.632,0.886,0.633,0.712,0.904,0.791,0.774,0.828,0.772,0.0,0.654,0.717,0.609,0.454,0.405,0.718,0.622,0.75,0.818,0.719,0.808,0.814,0.759,0.362,0.624,0.687,0.609,0.81,0.113,0.111,0.647,0.751,0.735,0.812,0.682,-0.241,0.869,-0.366,-0.347,0.717,0.776,0.694,0.82,0.902,0.882,-0.25,0.402,-0.627,0.733,0.732,0.141,0.702,0.764,0.705,0.067,0.45,0.141,0.679,0.863,-0.664,0.818,0.857,0.567,0.513,0.519,0.771,0.136,0.902,0.428,0.89,0.645,0.477,0.226,0.859,0.801,0.93,0.808,0.848,0.529,0.68,-0.555,-0.177,0.686,0.422,0.815,0.72,0.173,0.794,0.661,0.805,0.685,0.745,-0.476,0.257,-0.009,0.821,0.611,0.482,0.762,0.71,0.632,0.709,0.724,-0.254,0.82,0.047,0.905,0.8,0.928,0.854,-0.01,0.766,0.246,0.706,-0.737,0.869,0.405,0.63,0.677,0.04,0.814,0.831,0.672,0.907,0.737,0.057,0.777,0.802,0.503,0.731,0.562,0.348,0.625,0.843,0.653,0.715,0.684,0.754,0.45,0.53,0.572,0.861,0.765,0.596,0.882,0.714,0.184,0.831,0.878,0.805,0.858,0.839,0.83,0.499,0.626,0.684,0.788,0.651,0.783,0.867,0.694,0.696,0.592,0.649,0.7,0.705,0.77,0.773,0.666,0.339,0.85,0.891,0.814,0.847,0.858,0.24,0.865,0.145,0.784,-0.175,0.805,0.859,0.662,0.082,0.107,0.648,-0.05,0.42,0.596,0.429,0.565,0.788,0.65,0.778,-0.229
AMKR,0.611,0.501,0.55,0.668,0.604,0.675,0.704,0.703,0.611,0.629,0.6,0.596,0.635,0.608,0.654,0.0,0.498,0.611,0.28,0.374,0.47,0.518,0.562,0.604,0.656,0.532,0.653,0.561,0.291,0.635,0.519,0.627,0.777,0.388,0.107,0.434,0.664,0.748,0.461,0.577,-0.057,0.641,0.052,-0.013,0.543,0.597,0.516,0.709,0.585,0.596,0.022,0.551,-0.304,0.441,0.625,0.358,0.524,0.659,0.552,0.03,0.329,0.423,0.532,0.663,-0.288,0.614,0.598,0.513,0.435,0.588,0.553,0.294,0.66,0.459,0.734,0.436,0.32,0.279,0.599,0.708,0.579,0.456,0.64,0.408,0.55,-0.112,-0.036,0.624,0.393,0.557,0.485,0.411,0.524,0.526,0.785,0.546,0.609,-0.187,0.454,0.219,0.687,0.597,0.42,0.598,0.497,0.421,0.533,0.716,0.256,0.668,-0.02,0.583,0.571,0.696,0.805,0.193,0.721,0.558,0.436,-0.256,0.609,0.502,0.667,0.54,0.314,0.58,0.695,0.585,0.668,0.707,-0.027,0.535,0.656,0.364,0.627,0.637,0.387,0.515,0.639,0.66,0.599,0.502,0.569,0.651,0.426,0.535,0.655,0.708,0.554,0.562,0.638,0.627,0.685,0.697,0.607,0.58,0.564,0.592,0.469,0.37,0.491,0.527,0.514,0.664,0.609,0.551,0.638,0.62,0.447,0.575,0.565,0.618,0.617,0.552,0.562,0.613,0.635,0.604,0.57,0.621,0.37,0.769,0.159,0.738,-0.009,0.629,0.734,0.72,0.233,0.114,0.55,0.188,0.554,0.482,0.381,0.513,0.674,0.636,0.629,-0.124
AMRX,0.803,0.035,0.896,0.714,0.834,0.821,0.857,0.501,0.406,0.831,0.932,0.816,0.927,0.932,0.717,0.498,0.0,0.866,0.177,0.703,0.826,0.898,0.864,0.898,0.867,0.878,0.848,0.864,0.759,0.854,0.702,0.613,0.586,0.405,0.372,0.835,0.813,0.691,0.917,0.472,-0.493,0.704,-0.601,0.038,0.385,0.64,0.886,0.833,0.714,0.885,-0.596,0.593,-0.907,0.442,0.901,0.035,0.95,0.88,0.948,-0.003,-0.145,0.227,0.925,0.786,-0.838,0.917,0.616,0.846,0.873,0.782,0.858,0.356,0.538,0.308,0.817,0.911,0.76,-0.008,0.802,0.788,0.773,0.479,0.871,0.723,0.788,-0.42,-0.286,0.874,0.792,0.389,0.917,0.272,0.595,0.858,0.639,0.882,0.854,-0.747,0.18,-0.196,0.835,0.308,-0.116,0.9,0.928,0.674,0.774,0.759,-0.185,0.701,-0.488,0.779,0.908,0.654,0.729,-0.364,0.757,0.337,0.773,-0.744,0.574,0.765,0.441,0.719,-0.213,0.86,0.63,0.742,0.885,0.799,0.403,0.872,0.71,0.878,0.823,0.101,0.283,0.871,0.833,0.185,0.924,0.905,0.954,0.3,0.916,0.841,0.672,0.653,0.87,0.757,0.758,0.231,0.79,0.707,0.928,0.878,0.922,0.504,0.86,0.475,0.932,0.345,0.931,0.776,0.884,0.855,0.905,0.791,0.78,0.834,0.923,0.897,0.626,0.942,0.499,0.903,0.84,0.888,0.886,0.784,-0.191,0.728,-0.453,0.718,-0.596,0.844,0.728,0.828,0.662,0.175,0.909,0.411,0.528,0.765,0.786,0.819,0.851,0.408,0.912,0.02
ANSS,0.927,-0.008,0.933,0.688,0.83,0.965,0.856,0.722,0.417,0.792,0.931,0.795,0.912,0.948,0.609,0.611,0.866,0.0,-0.016,0.846,0.871,0.961,0.837,0.905,0.91,0.811,0.829,0.905,0.782,0.839,0.834,0.784,0.723,0.655,0.521,0.883,0.779,0.834,0.807,0.4,-0.302,0.61,-0.254,0.266,0.451,0.57,0.921,0.878,0.594,0.775,-0.37,0.843,-0.804,0.346,0.965,0.35,0.94,0.891,0.938,0.069,-0.194,0.561,0.953,0.736,-0.647,0.889,0.628,0.878,0.941,0.916,0.916,0.486,0.493,0.366,0.774,0.879,0.781,0.267,0.762,0.835,0.667,0.305,0.876,0.793,0.761,-0.119,-0.049,0.967,0.852,0.347,0.856,0.616,0.467,0.928,0.755,0.938,0.854,-0.575,0.508,0.097,0.839,0.486,-0.064,0.926,0.926,0.782,0.873,0.878,0.155,0.658,-0.557,0.693,0.838,0.624,0.785,-0.211,0.733,0.66,0.841,-0.458,0.437,0.923,0.615,0.845,0.034,0.838,0.71,0.865,0.806,0.893,0.41,0.902,0.754,0.868,0.825,0.204,0.454,0.935,0.788,0.309,0.941,0.861,0.903,0.563,0.86,0.976,0.652,0.804,0.957,0.631,0.793,0.465,0.821,0.698,0.923,0.825,0.873,0.308,0.924,0.556,0.927,0.264,0.942,0.817,0.865,0.902,0.967,0.952,0.689,0.936,0.954,0.876,0.698,0.957,0.764,0.848,0.814,0.882,0.766,0.806,0.049,0.781,-0.377,0.741,-0.454,0.873,0.794,0.937,0.785,0.345,0.86,0.484,0.63,0.63,0.84,0.898,0.815,0.315,0.938,0.222
APPN,-0.075,0.323,0.055,0.249,0.098,-0.041,0.38,0.166,0.346,0.281,0.096,0.12,0.248,0.108,0.454,0.28,0.177,-0.016,0.0,-0.172,0.041,-0.027,0.121,0.123,0.042,0.112,0.178,0.143,0.022,0.066,0.177,0.003,0.195,-0.254,-0.021,-0.127,0.121,-0.002,0.199,0.362,0.084,0.289,-0.201,-0.195,0.19,0.22,0.009,0.106,0.312,0.268,-0.007,-0.15,-0.063,0.758,0.069,0.004,0.046,0.105,0.066,0.235,0.568,-0.042,0.001,0.208,-0.147,0.118,0.199,-0.042,-0.13,-0.068,0.024,-0.039,0.344,0.091,0.232,0.079,0.184,-0.026,0.221,0.107,0.314,0.538,0.178,-0.19,0.119,-0.283,-0.017,0.006,-0.182,0.351,0.229,-0.335,0.487,-0.034,0.226,-0.024,0.123,-0.058,-0.058,-0.019,0.136,-0.018,0.421,0.121,0.11,-0.058,-0.011,0.152,-0.146,0.192,0.59,0.263,0.237,0.355,0.229,0.221,0.18,-0.147,0.084,-0.284,0.392,-0.113,0.231,-0.06,0.069,0.075,0.139,-0.02,0.253,0.121,0.102,0.143,0.176,-0.107,0.124,0.309,0.231,-0.012,0.168,0.315,0.09,0.066,0.12,0.042,-0.001,-0.022,0.228,0.241,-0.086,0.471,0.075,-0.125,0.148,0.306,0.106,0.185,0.125,0.49,0.006,0.087,0.023,0.416,0.022,0.085,0.186,-0.035,0.124,-0.16,0.236,-0.011,0.064,0.089,0.109,0.018,-0.15,0.132,0.225,0.077,0.225,0.14,0.128,0.168,0.326,0.213,0.112,0.108,0.18,0.043,-0.322,-0.044,0.02,-0.071,-0.011,0.113,-0.106,-0.168,0.099,0.396,0.077,-0.182
APTO,0.743,-0.149,0.853,0.493,0.658,0.818,0.654,0.619,0.184,0.66,0.776,0.613,0.74,0.79,0.405,0.374,0.703,0.846,-0.172,0.0,0.833,0.883,0.694,0.77,0.741,0.654,0.602,0.802,0.732,0.665,0.804,0.69,0.524,0.776,0.579,0.845,0.573,0.678,0.716,0.272,-0.133,0.376,-0.223,0.228,0.403,0.348,0.816,0.693,0.396,0.59,-0.237,0.705,-0.69,0.247,0.788,0.339,0.804,0.674,0.774,0.131,-0.256,0.493,0.836,0.544,-0.467,0.723,0.517,0.704,0.829,0.724,0.842,0.42,0.306,0.151,0.554,0.705,0.704,0.227,0.639,0.602,0.499,0.108,0.735,0.716,0.528,-0.06,-0.002,0.832,0.774,0.184,0.69,0.739,0.232,0.88,0.528,0.85,0.641,-0.447,0.526,0.151,0.635,0.443,-0.122,0.807,0.815,0.843,0.843,0.657,0.087,0.424,-0.598,0.57,0.665,0.433,0.581,-0.256,0.466,0.519,0.796,-0.354,0.18,0.829,0.513,0.773,-0.045,0.712,0.618,0.775,0.604,0.708,0.442,0.816,0.62,0.795,0.688,0.089,0.404,0.882,0.57,0.168,0.789,0.667,0.735,0.359,0.675,0.865,0.439,0.612,0.825,0.362,0.635,0.374,0.66,0.491,0.783,0.676,0.734,0.141,0.797,0.613,0.804,0.069,0.781,0.638,0.731,0.804,0.773,0.861,0.416,0.888,0.835,0.675,0.571,0.786,0.732,0.709,0.665,0.712,0.55,0.738,0.031,0.618,-0.356,0.491,-0.318,0.784,0.584,0.735,0.744,0.473,0.678,0.32,0.35,0.42,0.724,0.845,0.613,0.022,0.786,0.353
ARCT,0.805,0.106,0.95,0.723,0.84,0.858,0.831,0.653,0.424,0.888,0.917,0.809,0.877,0.906,0.718,0.47,0.826,0.871,0.041,0.833,0.0,0.918,0.835,0.907,0.835,0.848,0.799,0.924,0.689,0.747,0.895,0.697,0.668,0.552,0.47,0.923,0.743,0.798,0.898,0.399,-0.282,0.65,-0.357,0.012,0.597,0.595,0.906,0.847,0.684,0.835,-0.331,0.703,-0.813,0.475,0.888,0.275,0.906,0.829,0.871,0.112,-0.093,0.36,0.905,0.768,-0.659,0.89,0.77,0.777,0.855,0.743,0.945,0.349,0.602,0.295,0.788,0.82,0.698,0.219,0.861,0.802,0.798,0.472,0.897,0.784,0.706,-0.344,-0.09,0.877,0.782,0.518,0.808,0.549,0.537,0.917,0.695,0.919,0.824,-0.594,0.451,-0.002,0.845,0.567,0.084,0.925,0.902,0.902,0.928,0.801,-0.152,0.667,-0.474,0.773,0.841,0.737,0.761,-0.234,0.671,0.504,0.902,-0.602,0.52,0.747,0.593,0.83,-0.113,0.885,0.815,0.852,0.835,0.824,0.333,0.934,0.753,0.792,0.831,0.242,0.376,0.91,0.787,0.376,0.889,0.809,0.861,0.413,0.746,0.875,0.709,0.755,0.862,0.654,0.813,0.329,0.881,0.745,0.919,0.883,0.91,0.448,0.788,0.716,0.91,0.376,0.874,0.823,0.917,0.916,0.838,0.874,0.581,0.939,0.895,0.827,0.774,0.869,0.644,0.878,0.862,0.886,0.779,0.895,0.032,0.781,-0.22,0.65,-0.402,0.889,0.776,0.788,0.596,0.358,0.783,0.221,0.472,0.569,0.744,0.857,0.78,0.27,0.91,0.171
ARWR,0.919,0.017,0.956,0.696,0.853,0.939,0.83,0.607,0.373,0.838,0.955,0.849,0.912,0.942,0.622,0.518,0.898,0.961,-0.027,0.883,0.918,0.0,0.892,0.919,0.891,0.877,0.842,0.943,0.763,0.866,0.859,0.721,0.663,0.642,0.458,0.919,0.816,0.821,0.872,0.412,-0.382,0.646,-0.394,0.191,0.436,0.602,0.95,0.883,0.653,0.83,-0.441,0.758,-0.883,0.34,0.941,0.227,0.974,0.898,0.953,-0.006,-0.252,0.41,0.971,0.78,-0.691,0.925,0.664,0.904,0.952,0.874,0.941,0.368,0.513,0.349,0.786,0.905,0.765,0.143,0.819,0.818,0.723,0.343,0.879,0.849,0.786,-0.256,-0.14,0.962,0.908,0.385,0.856,0.553,0.487,0.961,0.688,0.969,0.874,-0.694,0.397,-0.036,0.867,0.467,-0.122,0.94,0.967,0.828,0.889,0.808,-0.046,0.681,-0.622,0.733,0.892,0.64,0.757,-0.368,0.733,0.534,0.872,-0.582,0.462,0.893,0.521,0.851,-0.107,0.88,0.728,0.888,0.833,0.894,0.363,0.923,0.749,0.919,0.839,0.146,0.334,0.953,0.818,0.223,0.95,0.901,0.937,0.462,0.89,0.96,0.688,0.722,0.965,0.605,0.834,0.425,0.85,0.713,0.943,0.887,0.907,0.352,0.901,0.61,0.974,0.297,0.97,0.837,0.909,0.926,0.931,0.942,0.689,0.957,0.953,0.899,0.717,0.963,0.713,0.892,0.848,0.915,0.812,0.847,-0.047,0.781,-0.42,0.717,-0.547,0.894,0.769,0.893,0.771,0.274,0.898,0.389,0.598,0.673,0.873,0.932,0.84,0.277,0.959,0.161
ASND,0.868,0.294,0.858,0.775,0.931,0.845,0.834,0.468,0.531,0.869,0.944,0.958,0.892,0.873,0.75,0.562,0.864,0.837,0.121,0.694,0.835,0.892,0.0,0.913,0.852,0.949,0.929,0.924,0.532,0.899,0.751,0.603,0.661,0.492,0.124,0.861,0.934,0.827,0.847,0.612,-0.513,0.855,-0.512,0.015,0.431,0.851,0.897,0.902,0.873,0.934,-0.466,0.533,-0.858,0.346,0.853,-0.031,0.932,0.948,0.926,-0.258,-0.084,0.147,0.908,0.924,-0.744,0.95,0.763,0.907,0.831,0.851,0.883,0.063,0.665,0.446,0.883,0.884,0.614,-0.038,0.878,0.907,0.852,0.581,0.877,0.878,0.913,-0.458,-0.371,0.893,0.824,0.602,0.802,0.298,0.665,0.903,0.687,0.903,0.941,-0.817,0.157,-0.085,0.92,0.491,-0.044,0.841,0.905,0.66,0.744,0.702,-0.252,0.873,-0.516,0.781,0.948,0.717,0.81,-0.367,0.853,0.404,0.828,-0.76,0.727,0.732,0.365,0.85,-0.201,0.946,0.764,0.829,0.913,0.913,0.088,0.849,0.807,0.845,0.866,0.171,0.082,0.846,0.945,0.249,0.867,0.94,0.951,0.451,0.865,0.82,0.841,0.665,0.881,0.723,0.861,0.466,0.847,0.82,0.914,0.948,0.921,0.59,0.696,0.522,0.924,0.553,0.921,0.926,0.926,0.842,0.858,0.839,0.799,0.855,0.865,0.96,0.773,0.916,0.497,0.943,0.921,0.947,0.949,0.871,-0.084,0.853,-0.321,0.816,-0.617,0.865,0.784,0.828,0.548,-0.038,0.943,0.247,0.691,0.787,0.795,0.862,0.938,0.522,0.951,-0.232
ASTH,0.846,0.168,0.949,0.786,0.909,0.887,0.918,0.682,0.476,0.929,0.978,0.881,0.958,0.973,0.818,0.604,0.898,0.905,0.123,0.77,0.907,0.919,0.913,0.0,0.876,0.905,0.885,0.946,0.677,0.838,0.844,0.726,0.746,0.503,0.398,0.916,0.863,0.827,0.911,0.552,-0.3,0.763,-0.437,0.035,0.56,0.71,0.935,0.903,0.798,0.912,-0.381,0.65,-0.855,0.484,0.946,0.198,0.95,0.899,0.957,0.049,0.034,0.365,0.962,0.865,-0.8,0.944,0.783,0.859,0.886,0.823,0.958,0.29,0.655,0.358,0.869,0.885,0.742,0.21,0.908,0.901,0.834,0.589,0.976,0.806,0.844,-0.319,-0.144,0.941,0.754,0.55,0.896,0.472,0.674,0.909,0.759,0.941,0.922,-0.643,0.377,0.077,0.895,0.544,0.07,0.949,0.922,0.794,0.873,0.835,-0.08,0.763,-0.425,0.846,0.933,0.775,0.871,-0.191,0.761,0.51,0.91,-0.683,0.656,0.763,0.597,0.858,-0.111,0.962,0.82,0.834,0.925,0.873,0.305,0.968,0.823,0.822,0.864,0.25,0.394,0.896,0.879,0.411,0.921,0.892,0.948,0.473,0.828,0.893,0.781,0.804,0.908,0.824,0.793,0.328,0.872,0.796,0.988,0.926,0.966,0.538,0.803,0.6,0.934,0.46,0.922,0.873,0.968,0.884,0.919,0.872,0.73,0.939,0.945,0.908,0.752,0.94,0.616,0.953,0.942,0.955,0.901,0.914,0.043,0.886,-0.215,0.762,-0.448,0.919,0.84,0.883,0.567,0.255,0.863,0.256,0.574,0.676,0.731,0.86,0.884,0.405,0.963,0.025
ATSG,0.848,0.102,0.891,0.79,0.877,0.893,0.868,0.671,0.58,0.813,0.914,0.813,0.891,0.916,0.719,0.656,0.867,0.91,0.042,0.741,0.835,0.891,0.852,0.876,0.0,0.859,0.884,0.855,0.695,0.822,0.749,0.772,0.753,0.479,0.332,0.87,0.792,0.834,0.849,0.49,-0.395,0.744,-0.33,-0.009,0.561,0.706,0.875,0.903,0.711,0.841,-0.424,0.749,-0.794,0.388,0.915,0.212,0.915,0.923,0.893,-0.067,-0.085,0.396,0.903,0.802,-0.68,0.922,0.707,0.815,0.845,0.829,0.905,0.411,0.643,0.421,0.855,0.857,0.681,0.186,0.761,0.844,0.79,0.384,0.861,0.754,0.727,-0.366,-0.247,0.902,0.799,0.504,0.84,0.476,0.471,0.906,0.787,0.897,0.822,-0.624,0.404,0.005,0.861,0.531,0.059,0.859,0.898,0.743,0.844,0.825,-0.036,0.777,-0.477,0.795,0.831,0.69,0.794,-0.231,0.816,0.489,0.781,-0.598,0.582,0.832,0.579,0.863,0.048,0.845,0.737,0.834,0.864,0.886,0.279,0.854,0.822,0.833,0.836,0.285,0.348,0.87,0.868,0.363,0.897,0.86,0.907,0.492,0.806,0.879,0.732,0.792,0.897,0.666,0.816,0.455,0.848,0.776,0.902,0.876,0.91,0.513,0.826,0.601,0.898,0.449,0.889,0.86,0.874,0.903,0.919,0.888,0.726,0.877,0.917,0.918,0.795,0.912,0.608,0.896,0.841,0.89,0.836,0.85,0.025,0.824,-0.305,0.816,-0.457,0.907,0.826,0.869,0.625,0.236,0.873,0.391,0.575,0.703,0.803,0.871,0.884,0.493,0.926,0.017
AVTX,0.827,0.325,0.863,0.789,0.925,0.824,0.829,0.452,0.553,0.898,0.941,0.941,0.894,0.875,0.808,0.532,0.878,0.811,0.112,0.654,0.848,0.877,0.949,0.905,0.859,0.0,0.929,0.919,0.52,0.874,0.739,0.584,0.688,0.4,0.093,0.869,0.928,0.828,0.899,0.61,-0.519,0.883,-0.545,-0.114,0.487,0.83,0.881,0.924,0.893,0.954,-0.529,0.538,-0.878,0.38,0.849,-0.052,0.929,0.941,0.903,-0.246,-0.074,0.08,0.892,0.932,-0.761,0.968,0.792,0.871,0.8,0.79,0.889,0.108,0.726,0.509,0.918,0.895,0.549,-0.036,0.891,0.875,0.908,0.603,0.876,0.872,0.876,-0.588,-0.397,0.866,0.812,0.65,0.785,0.266,0.682,0.896,0.701,0.888,0.901,-0.816,0.122,-0.198,0.942,0.512,0.008,0.859,0.916,0.705,0.788,0.712,-0.351,0.881,-0.491,0.843,0.948,0.779,0.791,-0.451,0.861,0.293,0.812,-0.83,0.764,0.673,0.379,0.826,-0.237,0.937,0.782,0.835,0.947,0.892,0.065,0.851,0.783,0.837,0.849,0.223,0.078,0.83,0.961,0.292,0.873,0.934,0.944,0.414,0.855,0.786,0.874,0.649,0.864,0.73,0.877,0.352,0.904,0.835,0.923,0.973,0.947,0.644,0.705,0.59,0.928,0.602,0.913,0.91,0.95,0.87,0.83,0.831,0.779,0.856,0.857,0.964,0.795,0.896,0.461,0.965,0.932,0.961,0.96,0.899,-0.097,0.852,-0.312,0.804,-0.603,0.878,0.823,0.793,0.502,-0.045,0.934,0.181,0.663,0.819,0.783,0.868,0.938,0.52,0.951,-0.228
BCPC,0.836,0.34,0.841,0.845,0.926,0.836,0.867,0.549,0.701,0.874,0.922,0.919,0.891,0.872,0.814,0.653,0.848,0.829,0.178,0.602,0.799,0.842,0.929,0.885,0.884,0.929,0.0,0.88,0.573,0.846,0.716,0.67,0.768,0.402,0.141,0.815,0.898,0.853,0.838,0.649,-0.499,0.899,-0.45,-0.103,0.541,0.885,0.857,0.925,0.878,0.933,-0.459,0.636,-0.772,0.432,0.858,0.024,0.897,0.964,0.885,-0.213,0.017,0.165,0.863,0.916,-0.711,0.951,0.796,0.829,0.777,0.836,0.858,0.209,0.755,0.509,0.947,0.851,0.619,0.061,0.846,0.924,0.888,0.595,0.865,0.795,0.849,-0.495,-0.369,0.874,0.76,0.665,0.824,0.285,0.652,0.863,0.8,0.857,0.89,-0.723,0.215,-0.061,0.927,0.529,0.086,0.834,0.865,0.638,0.74,0.786,-0.19,0.927,-0.393,0.825,0.907,0.784,0.839,-0.253,0.927,0.424,0.792,-0.741,0.801,0.714,0.466,0.816,-0.055,0.9,0.787,0.816,0.931,0.91,0.112,0.821,0.848,0.785,0.871,0.306,0.151,0.829,0.968,0.413,0.846,0.907,0.929,0.521,0.819,0.781,0.858,0.738,0.837,0.776,0.856,0.449,0.881,0.877,0.902,0.936,0.916,0.669,0.694,0.541,0.881,0.63,0.883,0.913,0.911,0.848,0.877,0.83,0.836,0.817,0.845,0.969,0.839,0.892,0.457,0.936,0.919,0.93,0.945,0.869,0.013,0.875,-0.232,0.894,-0.518,0.873,0.842,0.825,0.476,0.032,0.916,0.31,0.683,0.803,0.798,0.826,0.954,0.665,0.93,-0.17
BEAM,0.874,0.218,0.94,0.744,0.886,0.895,0.885,0.616,0.479,0.913,0.956,0.903,0.936,0.926,0.759,0.561,0.864,0.905,0.143,0.802,0.924,0.943,0.924,0.946,0.855,0.919,0.88,0.0,0.646,0.851,0.9,0.683,0.733,0.587,0.351,0.893,0.87,0.846,0.887,0.552,-0.326,0.758,-0.381,0.1,0.492,0.702,0.919,0.914,0.784,0.887,-0.411,0.672,-0.847,0.482,0.91,0.204,0.943,0.907,0.923,-0.022,-0.078,0.356,0.938,0.867,-0.679,0.936,0.774,0.87,0.863,0.854,0.941,0.234,0.635,0.44,0.85,0.902,0.711,0.162,0.896,0.858,0.824,0.524,0.913,0.848,0.84,-0.35,-0.146,0.934,0.819,0.555,0.83,0.481,0.657,0.945,0.745,0.925,0.9,-0.7,0.367,0.005,0.908,0.533,0.032,0.938,0.954,0.807,0.877,0.802,-0.115,0.761,-0.452,0.785,0.928,0.757,0.807,-0.329,0.77,0.48,0.92,-0.653,0.614,0.787,0.543,0.869,-0.109,0.924,0.802,0.886,0.899,0.92,0.252,0.943,0.794,0.832,0.846,0.256,0.316,0.914,0.873,0.349,0.924,0.887,0.922,0.537,0.836,0.904,0.799,0.777,0.907,0.719,0.854,0.401,0.9,0.795,0.944,0.931,0.925,0.485,0.816,0.63,0.943,0.481,0.936,0.879,0.961,0.883,0.896,0.899,0.714,0.946,0.923,0.907,0.769,0.918,0.658,0.916,0.926,0.935,0.867,0.912,0.035,0.854,-0.284,0.763,-0.485,0.903,0.82,0.861,0.599,0.18,0.873,0.236,0.64,0.669,0.78,0.887,0.854,0.387,0.96,0.019
BILI,0.61,-0.396,0.79,0.404,0.537,0.673,0.638,0.556,0.176,0.536,0.68,0.422,0.705,0.771,0.362,0.291,0.759,0.782,0.022,0.732,0.689,0.763,0.532,0.677,0.695,0.52,0.573,0.646,0.0,0.546,0.616,0.548,0.397,0.505,0.788,0.7,0.409,0.421,0.697,0.144,-0.178,0.245,-0.37,0.235,0.262,0.198,0.694,0.521,0.241,0.524,-0.438,0.71,-0.679,0.373,0.745,0.242,0.753,0.598,0.741,0.283,-0.271,0.446,0.769,0.361,-0.601,0.626,0.294,0.585,0.782,0.632,0.697,0.702,0.146,0.0,0.483,0.709,0.895,0.149,0.448,0.465,0.4,0.077,0.657,0.481,0.395,-0.051,-0.048,0.721,0.656,-0.027,0.843,0.468,0.196,0.696,0.433,0.703,0.508,-0.399,0.428,0.073,0.481,0.116,-0.229,0.735,0.731,0.628,0.676,0.662,0.117,0.281,-0.449,0.505,0.583,0.312,0.421,-0.19,0.394,0.405,0.669,-0.359,0.111,0.79,0.466,0.546,-0.074,0.55,0.362,0.518,0.533,0.527,0.819,0.743,0.46,0.736,0.604,-0.074,0.477,0.788,0.456,0.115,0.715,0.628,0.693,0.151,0.703,0.786,0.236,0.574,0.707,0.471,0.441,0.097,0.515,0.364,0.711,0.546,0.666,0.092,0.856,0.376,0.723,-0.096,0.723,0.427,0.593,0.701,0.778,0.668,0.501,0.707,0.81,0.589,0.401,0.764,0.499,0.588,0.52,0.585,0.497,0.532,-0.179,0.412,-0.445,0.395,-0.393,0.645,0.442,0.651,0.764,0.596,0.613,0.617,0.237,0.435,0.723,0.665,0.513,0.075,0.665,0.55
BJRI,0.9,0.283,0.795,0.656,0.817,0.871,0.758,0.407,0.372,0.759,0.885,0.883,0.838,0.837,0.624,0.635,0.854,0.839,0.066,0.665,0.747,0.866,0.899,0.838,0.822,0.874,0.846,0.851,0.546,0.0,0.638,0.548,0.594,0.56,0.145,0.763,0.941,0.797,0.741,0.559,-0.507,0.739,-0.448,0.191,0.275,0.709,0.826,0.854,0.73,0.82,-0.502,0.599,-0.803,0.209,0.835,0.011,0.887,0.897,0.896,-0.255,-0.234,0.235,0.867,0.839,-0.659,0.878,0.578,0.941,0.827,0.86,0.78,0.164,0.534,0.432,0.81,0.859,0.567,-0.075,0.776,0.83,0.699,0.443,0.806,0.843,0.897,-0.317,-0.315,0.855,0.844,0.411,0.732,0.326,0.604,0.842,0.634,0.837,0.9,-0.781,0.11,-0.156,0.89,0.373,-0.166,0.812,0.853,0.564,0.682,0.689,-0.096,0.765,-0.582,0.652,0.89,0.622,0.761,-0.429,0.846,0.433,0.672,-0.633,0.594,0.743,0.337,0.748,-0.216,0.854,0.643,0.775,0.849,0.876,0.116,0.749,0.67,0.815,0.818,0.167,0.1,0.81,0.854,0.181,0.861,0.904,0.9,0.47,0.902,0.801,0.746,0.575,0.893,0.623,0.838,0.537,0.796,0.723,0.858,0.836,0.84,0.467,0.761,0.353,0.873,0.381,0.905,0.844,0.838,0.802,0.837,0.834,0.743,0.804,0.838,0.904,0.628,0.89,0.625,0.859,0.81,0.878,0.856,0.742,-0.145,0.784,-0.441,0.764,-0.61,0.774,0.744,0.865,0.669,-0.089,0.935,0.321,0.76,0.811,0.762,0.849,0.88,0.441,0.899,-0.165
BLUE,0.754,0.119,0.881,0.696,0.762,0.821,0.841,0.752,0.436,0.867,0.84,0.749,0.839,0.831,0.687,0.519,0.702,0.834,0.177,0.804,0.895,0.859,0.751,0.844,0.749,0.739,0.716,0.9,0.616,0.638,0.0,0.748,0.745,0.539,0.52,0.809,0.657,0.802,0.789,0.373,-0.105,0.59,-0.134,0.088,0.629,0.517,0.849,0.813,0.627,0.742,-0.111,0.684,-0.702,0.598,0.841,0.495,0.805,0.744,0.768,0.243,0.063,0.54,0.822,0.713,-0.518,0.796,0.781,0.697,0.771,0.691,0.9,0.305,0.613,0.368,0.698,0.717,0.714,0.427,0.825,0.742,0.721,0.46,0.835,0.678,0.635,-0.176,0.137,0.861,0.684,0.544,0.736,0.613,0.547,0.847,0.733,0.866,0.759,-0.421,0.635,0.187,0.777,0.653,0.244,0.884,0.844,0.892,0.903,0.8,0.019,0.593,-0.28,0.718,0.773,0.738,0.769,-0.077,0.575,0.579,0.898,-0.427,0.444,0.731,0.708,0.813,0.123,0.781,0.828,0.853,0.736,0.823,0.32,0.914,0.756,0.662,0.722,0.371,0.541,0.849,0.697,0.464,0.829,0.693,0.758,0.562,0.607,0.865,0.695,0.844,0.792,0.598,0.744,0.346,0.831,0.728,0.836,0.815,0.796,0.372,0.735,0.787,0.821,0.411,0.782,0.775,0.868,0.816,0.799,0.819,0.482,0.908,0.815,0.717,0.75,0.771,0.721,0.774,0.809,0.804,0.663,0.849,0.281,0.78,-0.025,0.637,-0.209,0.85,0.79,0.761,0.484,0.447,0.645,0.13,0.425,0.406,0.646,0.746,0.665,0.217,0.839,0.261
BPOP,0.693,0.055,0.726,0.789,0.651,0.774,0.792,0.843,0.567,0.705,0.732,0.626,0.743,0.762,0.609,0.627,0.613,0.784,0.003,0.69,0.697,0.721,0.603,0.726,0.772,0.584,0.67,0.683,0.548,0.548,0.748,0.0,0.841,0.435,0.435,0.7,0.541,0.821,0.629,0.347,-0.045,0.556,0.071,0.044,0.726,0.527,0.746,0.786,0.525,0.589,-0.044,0.761,-0.492,0.415,0.803,0.567,0.673,0.699,0.662,0.166,0.118,0.608,0.699,0.629,-0.412,0.707,0.715,0.562,0.672,0.641,0.789,0.389,0.654,0.283,0.661,0.547,0.597,0.601,0.667,0.711,0.6,0.265,0.712,0.512,0.484,-0.004,0.222,0.797,0.527,0.495,0.668,0.672,0.292,0.715,0.853,0.754,0.641,-0.191,0.706,0.258,0.683,0.674,0.338,0.755,0.684,0.764,0.815,0.831,0.31,0.591,-0.224,0.687,0.575,0.66,0.773,0.155,0.63,0.637,0.698,-0.247,0.41,0.771,0.796,0.776,0.493,0.657,0.746,0.784,0.649,0.747,0.237,0.737,0.856,0.589,0.621,0.538,0.629,0.717,0.639,0.532,0.741,0.552,0.662,0.695,0.494,0.762,0.591,0.847,0.714,0.552,0.671,0.438,0.699,0.705,0.733,0.669,0.691,0.332,0.688,0.647,0.665,0.411,0.651,0.716,0.715,0.763,0.795,0.788,0.485,0.801,0.748,0.675,0.738,0.691,0.68,0.683,0.696,0.692,0.563,0.754,0.518,0.764,-0.023,0.768,-0.027,0.822,0.815,0.793,0.408,0.509,0.564,0.24,0.335,0.342,0.56,0.692,0.631,0.375,0.732,0.216
