,AAL,AAON,ACB,ACGL,ACGLO,ACIW,ADBE,ADSK,AEP,AGIO,ALEC,ALNY,ALTR,AMBA,AMCX,AMKR,AMRX,ANSS,APPN,APTO,ARCT,ARWR,ASND,ASTH,ATSG,AVTX,BCPC,BEAM,BILI,BJRI,BLUE,BPOP,BRKL,BWIN,BZUN,CARG,CBRL,CBSH,CBUS,CENTA,CERS,CFFN,CHCO,CHEF,CHRD,CINF,CLLS,CMCO,CMCSA,COLL,COMM,COOP,CPB,CRON,CROX,CRUS,CRWD,CTAS,CYBR,CYTK,DGII,DIOD,DOMO,DPZ,DSGR,DXCM,ERIE,ESTA,EXEL,FAST,FCEL,FCFS,FHB,FITBI,FSV,FTDR,FUTU,GLDD,GLPG,GLPI,GOGO,GOSS,GSAT,GYRE,HALO,HAS,HLIT,HLNE,HSDT,HSIC,HTHT,ICHR,IDYA,IMVT,INDB,INSM,IONS,IOSP,ITRI,JBHT,JBLU,JSM,KLIC,KOD,KURA,LAB,LASR,LIN,LKQ,LNT,MBUU,MCRI,MDGL,MEDP,MGNI,MGPI,MGRC,MKTX,MRNA,MRTN,MSEX,MSFT,MU,NAVI,NBTB,NEO,NEOG,NGNE,NSSC,NTAP,NTES,NTLA,NTRS,NYMTN,OBLG,OCFC,ON,ONC,OPI,OSIS,OSW,PALI,PANW,PCAR,PCRX,PCTY,PEBO,PLAB,PLAY,PLMR,PLSE,PLUS,PRTA,PSEC,PSNL,PTCT,PTON,QNST,QRVO,QTTB,RARE,RBCAA,RGNX,SAIC,SGMO,SINT,SNPS,SPSC,SPTN,SSYS,STNE,TBBK,TCPC,TENB,TGTX,TREE,TRUP,TTWO,TW,TXG,UBSI,UCTT,UFPT,UMBF,UPBD,URBN,VBTX,VCTR,VEON,VNET,VRSK,VSEC,WABC,WTFCM,WVE,WW,WWD,XEL,ZD,ZYME
AAL,0.0,0.937,0.632,-0.024,0.959,0.91,0.932,0.845,0.676,0.76,-0.516,0.835,0.927,0.937,0.912,0.92,0.934,0.91,-0.568,-0.288,0.739,0.851,0.801,0.808,-0.63,-0.462,0.809,0.845,0.75,0.907,0.737,0.936,0.885,-0.527,0.614,0.951,0.772,0.904,0.742,0.09,0.915,0.652,0.894,0.916,-0.155,0.546,0.722,0.943,0.723,0.851,-0.149,0.362,0.124,0.83,0.263,0.926,0.936,0.933,0.94,-0.09,-0.109,0.208,0.95,0.88,-0.732,0.869,0.225,-0.589,0.663,0.876,0.737,0.72,0.817,0.828,0.883,0.794,0.768,-0.744,0.869,0.284,-0.429,0.856,0.551,0.734,0.919,-0.123,0.764,0.938,-0.43,0.435,-0.217,0.384,0.854,0.268,0.928,-0.156,0.93,0.908,0.93,0.921,0.623,0.893,0.857,0.819,0.917,0.8,0.923,0.908,0.825,0.113,0.373,0.957,0.86,0.911,0.934,-0.346,0.204,0.899,0.324,0.877,0.451,0.929,0.943,0.805,0.908,0.884,0.751,-0.327,0.9,0.94,0.889,0.67,0.945,0.818,0.499,0.91,-0.166,0.519,0.867,0.782,0.942,0.067,0.59,0.925,0.052,-0.75,0.937,0.931,0.908,0.879,0.893,0.017,-0.229,0.812,0.653,0.39,0.699,0.535,0.849,-0.625,0.845,0.917,0.881,0.911,-0.709,-0.248,0.927,0.898,-0.501,0.646,0.871,0.841,0.92,-0.352,0.861,0.824,0.871,0.892,0.78,0.796,0.919,0.94,0.376,0.946,0.948,0.509,0.895,0.851,0.831,-0.07,0.894,0.947,0.847,0.867,0.085,-0.765,0.814,0.36,0.883,0.845
AAON,0.937,0.0,0.528,0.057,0.96,0.857,0.928,0.857,0.6,0.676,-0.583,0.745,0.921,0.944,0.884,0.937,0.95,0.921,-0.542,-0.407,0.807,0.798,0.738,0.827,-0.607,-0.571,0.84,0.864,0.61,0.946,0.69,0.951,0.875,-0.554,0.601,0.947,0.863,0.927,0.722,0.016,0.856,0.555,0.894,0.906,-0.202,0.635,0.718,0.927,0.721,0.869,-0.148,0.468,0.138,0.772,0.365,0.946,0.953,0.964,0.9,-0.187,-0.084,0.234,0.929,0.817,-0.585,0.919,0.245,-0.599,0.658,0.914,0.69,0.755,0.857,0.752,0.936,0.748,0.703,-0.704,0.788,0.226,-0.484,0.89,0.636,0.782,0.935,-0.11,0.725,0.908,-0.442,0.552,-0.175,0.451,0.815,0.296,0.942,-0.094,0.935,0.947,0.882,0.946,0.532,0.883,0.894,0.789,0.877,0.856,0.942,0.939,0.849,0.04,0.441,0.937,0.913,0.841,0.95,-0.444,0.177,0.899,0.342,0.888,0.418,0.927,0.94,0.718,0.905,0.925,0.759,-0.317,0.891,0.93,0.868,0.613,0.963,0.753,0.468,0.868,-0.158,0.419,0.813,0.831,0.907,0.114,0.672,0.946,-0.122,-0.667,0.952,0.957,0.945,0.84,0.942,0.117,-0.284,0.784,0.67,0.42,0.753,0.602,0.909,-0.723,0.843,0.913,0.895,0.962,-0.643,-0.127,0.948,0.91,-0.486,0.517,0.938,0.818,0.901,-0.228,0.861,0.805,0.842,0.902,0.76,0.803,0.958,0.937,0.501,0.944,0.919,0.446,0.862,0.833,0.897,-0.219,0.867,0.959,0.863,0.824,-0.039,-0.768,0.76,0.412,0.941,0.888
ACB,0.632,0.528,0.0,0.252,0.591,0.686,0.647,0.485,0.765,0.712,-0.054,0.713,0.552,0.525,0.708,0.533,0.647,0.496,-0.395,0.081,0.219,0.732,0.638,0.284,-0.309,-0.202,0.422,0.517,0.743,0.555,0.531,0.602,0.571,-0.125,0.418,0.524,0.263,0.45,0.453,0.239,0.77,0.733,0.621,0.73,0.186,0.349,0.733,0.63,0.733,0.408,-0.492,0.147,0.081,0.618,-0.225,0.56,0.562,0.51,0.711,0.332,-0.243,-0.054,0.602,0.655,-0.775,0.522,-0.141,-0.198,0.386,0.607,0.475,0.313,0.485,0.801,0.508,0.757,0.511,-0.43,0.794,0.421,-0.298,0.362,0.293,0.171,0.515,-0.136,0.603,0.708,-0.021,-0.171,-0.409,0.117,0.671,0.081,0.634,-0.292,0.512,0.42,0.729,0.565,0.261,0.641,0.428,0.636,0.662,0.407,0.506,0.597,0.425,0.348,-0.007,0.672,0.446,0.693,0.605,0.006,0.288,0.529,-0.045,0.449,0.428,0.628,0.662,0.744,0.649,0.411,0.331,-0.125,0.477,0.688,0.622,0.508,0.603,0.742,0.151,0.693,-0.429,0.713,0.771,0.222,0.663,-0.122,0.336,0.479,0.556,-0.763,0.602,0.489,0.443,0.726,0.478,0.13,0.119,0.444,0.365,-0.094,0.417,0.517,0.383,-0.127,0.607,0.708,0.406,0.52,-0.489,-0.222,0.555,0.61,-0.112,0.69,0.37,0.782,0.734,-0.675,0.682,0.771,0.589,0.435,0.689,0.332,0.503,0.637,-0.146,0.579,0.728,0.497,0.656,0.658,0.315,0.382,0.547,0.616,0.558,0.773,0.032,-0.508,0.749,0.346,0.416,0.465
ACGL,-0.024,0.057,0.252,0.0,0.01,0.077,0.175,-0.054,0.224,0.14,0.165,0.015,0.013,-0.102,0.129,0.032,0.055,-0.011,-0.108,-0.263,-0.185,0.266,0.005,-0.164,0.086,-0.042,-0.044,0.092,-0.056,0.081,0.074,-0.01,-0.07,0.04,-0.147,-0.035,-0.045,-0.143,-0.008,-0.126,0.119,0.177,-0.049,0.246,0.148,0.405,0.473,0.029,0.439,0.009,-0.637,0.1,0.03,0.127,-0.268,0.039,0.074,0.049,0.152,0.466,-0.389,-0.46,-0.093,-0.03,-0.063,0.119,-0.123,0.079,0.069,0.244,-0.148,-0.103,-0.052,0.228,0.144,0.357,-0.248,-0.004,0.117,0.165,-0.218,-0.174,0.297,-0.258,-0.088,-0.139,0.267,0.169,0.225,-0.308,-0.348,-0.07,0.301,-0.262,0.062,-0.006,-0.063,-0.076,0.066,0.198,-0.556,0.167,-0.086,0.057,0.078,0.145,-0.028,0.204,-0.11,0.1,-0.281,0.105,0.081,-0.035,0.011,-0.033,-0.204,0.136,-0.179,-0.119,-0.074,0.14,0.125,0.023,-0.012,-0.072,-0.263,0.221,-0.108,0.136,0.096,0.081,0.103,0.278,-0.165,-0.01,-0.656,0.222,0.112,-0.245,0.026,-0.15,0.313,-0.106,0.15,-0.235,0.015,-0.111,-0.089,0.187,0.036,0.291,0.119,-0.123,0.091,-0.309,0.072,0.549,-0.013,0.113,0.136,0.154,-0.167,0.13,0.174,0.111,0.1,0.14,0.048,0.038,-0.04,0.223,0.182,-0.285,0.341,0.384,-0.043,-0.04,0.353,-0.202,-0.014,0.051,-0.238,-0.055,0.124,-0.117,-0.049,0.113,-0.163,0.256,-0.019,0.076,-0.073,0.237,-0.309,-0.033,0.305,0.22,-0.066,0.077
ACGLO,0.959,0.96,0.591,0.01,0.0,0.921,0.952,0.908,0.636,0.717,-0.615,0.806,0.954,0.954,0.916,0.95,0.956,0.931,-0.624,-0.351,0.762,0.823,0.748,0.802,-0.663,-0.578,0.841,0.859,0.66,0.922,0.699,0.946,0.899,-0.563,0.568,0.959,0.822,0.923,0.787,0.08,0.897,0.57,0.904,0.928,-0.185,0.527,0.73,0.963,0.715,0.896,-0.12,0.398,0.121,0.827,0.275,0.964,0.972,0.97,0.944,-0.191,-0.145,0.194,0.948,0.887,-0.687,0.905,0.263,-0.659,0.654,0.898,0.689,0.714,0.837,0.829,0.899,0.796,0.765,-0.766,0.848,0.265,-0.481,0.904,0.541,0.784,0.949,-0.176,0.757,0.929,-0.464,0.518,-0.248,0.388,0.847,0.277,0.943,-0.116,0.945,0.951,0.929,0.916,0.551,0.906,0.901,0.815,0.901,0.856,0.961,0.944,0.85,0.029,0.369,0.951,0.89,0.91,0.939,-0.425,0.156,0.905,0.31,0.888,0.384,0.954,0.967,0.761,0.897,0.93,0.721,-0.374,0.934,0.954,0.898,0.612,0.965,0.794,0.51,0.893,-0.129,0.478,0.84,0.84,0.943,0.123,0.631,0.965,-0.045,-0.744,0.947,0.97,0.911,0.899,0.929,0.02,-0.317,0.83,0.645,0.409,0.696,0.544,0.901,-0.698,0.842,0.922,0.927,0.958,-0.73,-0.143,0.964,0.902,-0.524,0.566,0.92,0.826,0.929,-0.311,0.864,0.809,0.834,0.924,0.774,0.801,0.948,0.947,0.437,0.952,0.944,0.541,0.875,0.837,0.892,-0.145,0.918,0.972,0.865,0.871,-0.034,-0.809,0.813,0.36,0.895,0.875
ACIW,0.91,0.857,0.686,0.077,0.921,0.0,0.952,0.841,0.719,0.698,-0.553,0.833,0.934,0.861,0.881,0.854,0.898,0.864,-0.75,-0.247,0.546,0.824,0.702,0.607,-0.761,-0.532,0.695,0.735,0.736,0.796,0.609,0.829,0.767,-0.53,0.397,0.893,0.603,0.773,0.821,0.06,0.882,0.582,0.792,0.923,-0.215,0.369,0.738,0.93,0.662,0.878,-0.272,0.173,0.005,0.925,0.015,0.886,0.929,0.899,0.968,-0.111,-0.418,-0.092,0.888,0.946,-0.84,0.786,0.211,-0.678,0.636,0.845,0.544,0.574,0.663,0.877,0.764,0.864,0.688,-0.843,0.869,0.241,-0.605,0.732,0.365,0.628,0.888,-0.382,0.743,0.918,-0.506,0.308,-0.472,0.14,0.855,0.033,0.836,-0.37,0.851,0.817,0.921,0.804,0.421,0.823,0.754,0.736,0.836,0.772,0.911,0.882,0.752,-0.008,0.088,0.924,0.743,0.938,0.851,-0.35,0.107,0.878,0.076,0.747,0.251,0.95,0.956,0.752,0.794,0.814,0.553,-0.363,0.914,0.957,0.913,0.505,0.881,0.812,0.453,0.836,-0.255,0.616,0.798,0.702,0.95,-0.074,0.61,0.871,0.102,-0.846,0.846,0.859,0.741,0.957,0.813,-0.133,-0.381,0.861,0.548,0.246,0.494,0.495,0.778,-0.491,0.688,0.857,0.867,0.852,-0.858,-0.222,0.933,0.873,-0.572,0.57,0.753,0.794,0.91,-0.492,0.818,0.8,0.728,0.878,0.827,0.624,0.799,0.86,0.213,0.835,0.944,0.508,0.765,0.753,0.756,0.12,0.952,0.924,0.704,0.852,-0.113,-0.826,0.913,0.191,0.731,0.723
ADBE,0.932,0.928,0.647,0.175,0.952,0.952,0.0,0.85,0.667,0.712,-0.546,0.782,0.947,0.901,0.906,0.913,0.93,0.904,-0.721,-0.363,0.663,0.861,0.733,0.7,-0.742,-0.568,0.722,0.837,0.649,0.883,0.695,0.879,0.798,-0.632,0.42,0.94,0.722,0.827,0.793,-0.027,0.884,0.566,0.812,0.951,-0.28,0.503,0.781,0.931,0.734,0.909,-0.292,0.314,0.027,0.91,0.159,0.937,0.973,0.957,0.98,-0.123,-0.338,-0.02,0.901,0.892,-0.747,0.873,0.207,-0.695,0.641,0.911,0.548,0.64,0.72,0.847,0.863,0.857,0.667,-0.839,0.847,0.167,-0.635,0.806,0.523,0.719,0.928,-0.342,0.755,0.939,-0.52,0.397,-0.384,0.219,0.9,0.087,0.881,-0.29,0.889,0.875,0.91,0.893,0.385,0.867,0.835,0.783,0.887,0.827,0.935,0.954,0.783,-0.034,0.165,0.965,0.863,0.887,0.908,-0.421,0.054,0.913,0.16,0.778,0.249,0.99,0.976,0.719,0.813,0.896,0.62,-0.349,0.929,0.956,0.931,0.607,0.933,0.818,0.5,0.822,-0.314,0.561,0.797,0.738,0.959,0.016,0.686,0.906,-0.005,-0.799,0.896,0.895,0.833,0.929,0.902,-0.077,-0.365,0.801,0.648,0.306,0.598,0.561,0.834,-0.623,0.767,0.879,0.886,0.923,-0.758,-0.228,0.975,0.898,-0.577,0.574,0.84,0.809,0.945,-0.401,0.898,0.837,0.757,0.917,0.87,0.706,0.871,0.893,0.339,0.864,0.951,0.446,0.778,0.787,0.802,-0.051,0.933,0.948,0.739,0.855,-0.1,-0.817,0.867,0.25,0.814,0.851
ADSK,0.845,0.857,0.485,-0.054,0.908,0.841,0.85,0.0,0.438,0.575,-0.703,0.707,0.911,0.845,0.774,0.81,0.852,0.889,-0.602,-0.325,0.705,0.645,0.626,0.761,-0.678,-0.558,0.76,0.714,0.595,0.801,0.516,0.826,0.764,-0.554,0.572,0.86,0.72,0.807,0.816,0.204,0.785,0.425,0.786,0.775,-0.219,0.398,0.587,0.894,0.576,0.857,-0.138,0.221,-0.07,0.784,0.245,0.854,0.894,0.887,0.827,-0.271,-0.198,0.116,0.827,0.824,-0.595,0.753,0.19,-0.73,0.574,0.812,0.58,0.623,0.711,0.703,0.785,0.683,0.716,-0.768,0.718,0.175,-0.452,0.845,0.402,0.722,0.884,-0.311,0.627,0.802,-0.507,0.553,-0.213,0.253,0.685,0.265,0.826,-0.128,0.858,0.906,0.789,0.785,0.463,0.754,0.794,0.643,0.779,0.758,0.896,0.846,0.808,-0.159,0.312,0.843,0.746,0.804,0.792,-0.462,0.154,0.773,0.254,0.765,0.195,0.864,0.88,0.637,0.772,0.831,0.535,-0.362,0.875,0.859,0.811,0.42,0.84,0.68,0.37,0.779,-0.101,0.471,0.703,0.775,0.824,0.072,0.565,0.898,-0.085,-0.634,0.86,0.89,0.798,0.807,0.827,-0.114,-0.298,0.782,0.473,0.353,0.561,0.437,0.877,-0.604,0.686,0.795,0.883,0.871,-0.684,0.011,0.894,0.82,-0.621,0.427,0.834,0.682,0.771,-0.187,0.713,0.667,0.675,0.879,0.637,0.665,0.834,0.84,0.382,0.841,0.834,0.698,0.735,0.66,0.846,-0.124,0.847,0.861,0.78,0.746,-0.089,-0.762,0.72,0.177,0.807,0.765
AEP,0.676,0.6,0.765,0.224,0.636,0.719,0.667,0.438,0.0,0.743,0.043,0.778,0.536,0.569,0.785,0.621,0.695,0.501,-0.355,0.013,0.295,0.797,0.693,0.295,-0.276,-0.184,0.567,0.6,0.683,0.612,0.611,0.671,0.706,-0.071,0.417,0.573,0.361,0.584,0.378,0.182,0.83,0.8,0.697,0.812,0.278,0.476,0.775,0.656,0.774,0.397,-0.279,0.307,0.408,0.579,-0.089,0.588,0.565,0.542,0.748,0.343,-0.16,0.036,0.691,0.646,-0.769,0.583,0.058,-0.089,0.418,0.646,0.637,0.401,0.618,0.837,0.586,0.779,0.437,-0.354,0.837,0.514,-0.263,0.414,0.403,0.228,0.521,0.066,0.657,0.761,0.057,-0.181,-0.448,0.269,0.762,0.085,0.713,-0.174,0.536,0.435,0.823,0.614,0.372,0.736,0.508,0.757,0.701,0.471,0.507,0.619,0.444,0.63,0.13,0.696,0.535,0.748,0.687,0.098,0.193,0.656,0.094,0.547,0.622,0.637,0.678,0.793,0.736,0.488,0.55,-0.175,0.481,0.706,0.604,0.641,0.69,0.706,0.309,0.79,-0.338,0.485,0.853,0.313,0.689,0.027,0.274,0.524,0.502,-0.773,0.632,0.544,0.518,0.737,0.507,0.265,0.043,0.51,0.48,0.089,0.597,0.591,0.377,-0.252,0.704,0.761,0.431,0.54,-0.49,-0.423,0.559,0.612,-0.028,0.722,0.428,0.813,0.801,-0.708,0.749,0.819,0.724,0.435,0.696,0.455,0.592,0.662,-0.063,0.684,0.767,0.452,0.764,0.794,0.384,0.272,0.592,0.709,0.599,0.784,0.142,-0.452,0.745,0.626,0.506,0.501
AGIO,0.76,0.676,0.712,0.14,0.717,0.698,0.712,0.575,0.743,0.0,-0.114,0.875,0.689,0.633,0.766,0.631,0.735,0.596,-0.339,0.038,0.397,0.775,0.893,0.467,-0.449,-0.034,0.634,0.66,0.731,0.664,0.693,0.712,0.713,-0.179,0.533,0.644,0.391,0.614,0.459,0.395,0.872,0.842,0.717,0.778,0.008,0.503,0.697,0.699,0.711,0.454,-0.316,0.206,0.055,0.581,-0.003,0.72,0.649,0.622,0.766,0.401,-0.075,0.132,0.782,0.75,-0.785,0.578,0.048,-0.245,0.582,0.579,0.634,0.449,0.577,0.821,0.581,0.827,0.626,-0.516,0.882,0.475,-0.357,0.543,0.374,0.312,0.674,0.037,0.807,0.733,0.02,-0.027,-0.349,0.147,0.738,0.39,0.761,-0.105,0.703,0.569,0.781,0.728,0.539,0.776,0.512,0.692,0.838,0.421,0.57,0.632,0.56,0.4,0.144,0.769,0.591,0.767,0.677,0.081,0.321,0.588,0.174,0.64,0.627,0.686,0.696,0.848,0.789,0.58,0.546,-0.154,0.611,0.726,0.603,0.732,0.674,0.701,0.307,0.842,-0.345,0.649,0.876,0.376,0.713,-0.043,0.215,0.573,0.533,-0.776,0.726,0.601,0.631,0.713,0.608,0.15,0.149,0.446,0.385,0.179,0.547,0.549,0.511,-0.261,0.811,0.75,0.508,0.614,-0.436,-0.381,0.62,0.755,-0.181,0.778,0.504,0.801,0.752,-0.474,0.733,0.803,0.651,0.499,0.654,0.557,0.643,0.693,-0.018,0.722,0.804,0.577,0.795,0.707,0.408,0.224,0.594,0.68,0.715,0.796,0.424,-0.514,0.712,0.446,0.608,0.574
ALEC,-0.516,-0.583,-0.054,0.165,-0.615,-0.553,-0.546,-0.703,0.043,-0.114,0.0,-0.305,-0.672,-0.549,-0.329,-0.507,-0.515,-0.667,0.565,0.433,-0.471,-0.146,-0.095,-0.63,0.611,0.603,-0.467,-0.275,-0.195,-0.505,0.02,-0.506,-0.372,0.492,-0.164,-0.585,-0.552,-0.525,-0.799,-0.024,-0.307,0.062,-0.441,-0.39,0.442,-0.165,-0.179,-0.628,-0.135,-0.759,0.051,0.096,0.193,-0.487,-0.141,-0.588,-0.655,-0.683,-0.47,0.596,0.309,0.058,-0.483,-0.592,0.262,-0.478,-0.198,0.773,-0.398,-0.542,-0.132,-0.413,-0.375,-0.306,-0.498,-0.297,-0.398,0.664,-0.265,0.027,0.427,-0.609,-0.135,-0.618,-0.646,0.4,-0.256,-0.457,0.611,-0.725,0.179,-0.165,-0.279,-0.067,-0.473,0.163,-0.573,-0.727,-0.4,-0.521,-0.194,-0.381,-0.529,-0.157,-0.344,-0.609,-0.728,-0.577,-0.586,0.554,-0.139,-0.484,-0.422,-0.492,-0.453,0.549,-0.144,-0.524,-0.083,-0.569,0.14,-0.594,-0.58,-0.212,-0.407,-0.558,-0.184,0.298,-0.68,-0.565,-0.523,0.176,-0.527,-0.446,-0.117,-0.373,-0.085,-0.267,-0.242,-0.667,-0.515,0.177,-0.455,-0.678,0.46,0.263,-0.56,-0.662,-0.522,-0.518,-0.585,0.308,0.481,-0.64,-0.102,-0.174,-0.19,-0.206,-0.749,0.458,-0.23,-0.425,-0.7,-0.664,0.64,-0.375,-0.672,-0.587,0.719,0.168,-0.669,-0.271,-0.354,-0.12,-0.282,-0.22,-0.281,-0.74,-0.314,-0.317,-0.538,-0.57,-0.391,-0.507,-0.453,-0.194,-0.33,-0.224,-0.676,0.172,-0.644,-0.56,-0.455,-0.384,0.323,0.704,-0.476,0.148,-0.512,-0.425
ALNY,0.835,0.745,0.713,0.015,0.806,0.833,0.782,0.707,0.778,0.875,-0.305,0.0,0.771,0.719,0.78,0.709,0.814,0.669,-0.428,-0.021,0.394,0.763,0.8,0.51,-0.568,-0.18,0.741,0.609,0.82,0.674,0.61,0.747,0.747,-0.19,0.525,0.723,0.435,0.673,0.622,0.392,0.894,0.736,0.774,0.841,0.015,0.423,0.698,0.801,0.657,0.588,-0.205,0.147,0.11,0.691,-0.083,0.768,0.737,0.704,0.828,0.22,-0.191,0.132,0.851,0.882,-0.861,0.614,0.196,-0.365,0.599,0.65,0.668,0.419,0.607,0.904,0.604,0.871,0.702,-0.628,0.905,0.503,-0.373,0.597,0.244,0.387,0.749,-0.034,0.755,0.789,-0.121,0.078,-0.437,0.191,0.755,0.371,0.783,-0.17,0.763,0.652,0.887,0.729,0.625,0.841,0.563,0.68,0.789,0.523,0.689,0.671,0.657,0.335,0.192,0.794,0.584,0.923,0.725,0.002,0.266,0.693,0.114,0.729,0.556,0.773,0.791,0.913,0.823,0.628,0.553,-0.239,0.719,0.835,0.677,0.609,0.741,0.789,0.322,0.892,-0.159,0.621,0.871,0.531,0.787,-0.082,0.32,0.701,0.434,-0.818,0.757,0.719,0.66,0.843,0.632,0.072,0.011,0.646,0.406,0.272,0.524,0.478,0.62,-0.271,0.732,0.799,0.663,0.683,-0.675,-0.295,0.713,0.817,-0.312,0.702,0.58,0.794,0.794,-0.56,0.72,0.788,0.707,0.637,0.625,0.553,0.683,0.782,-0.018,0.803,0.877,0.604,0.82,0.737,0.558,0.271,0.757,0.781,0.726,0.839,0.302,-0.606,0.823,0.405,0.633,0.557
ALTR,0.927,0.921,0.552,0.013,0.954,0.934,0.947,0.911,0.536,0.689,-0.672,0.771,0.0,0.917,0.864,0.89,0.906,0.952,-0.729,-0.35,0.708,0.775,0.733,0.752,-0.783,-0.578,0.736,0.796,0.643,0.859,0.627,0.87,0.784,-0.646,0.468,0.944,0.73,0.841,0.837,0.048,0.843,0.503,0.805,0.87,-0.357,0.427,0.656,0.946,0.613,0.928,-0.2,0.241,-0.106,0.883,0.226,0.944,0.971,0.961,0.934,-0.231,-0.288,0.033,0.909,0.917,-0.703,0.834,0.211,-0.762,0.706,0.842,0.549,0.658,0.707,0.768,0.823,0.785,0.738,-0.869,0.81,0.129,-0.61,0.854,0.482,0.767,0.954,-0.372,0.742,0.891,-0.574,0.523,-0.297,0.195,0.789,0.166,0.865,-0.283,0.943,0.925,0.857,0.866,0.482,0.805,0.832,0.713,0.867,0.804,0.965,0.91,0.826,-0.161,0.232,0.945,0.827,0.873,0.876,-0.486,0.116,0.858,0.232,0.814,0.23,0.957,0.952,0.681,0.809,0.898,0.613,-0.371,0.969,0.937,0.91,0.511,0.897,0.749,0.478,0.825,-0.193,0.557,0.755,0.797,0.943,-0.007,0.622,0.934,-0.06,-0.751,0.899,0.925,0.847,0.876,0.903,-0.139,-0.395,0.836,0.545,0.357,0.541,0.483,0.907,-0.622,0.731,0.841,0.932,0.914,-0.768,-0.137,0.971,0.896,-0.636,0.508,0.865,0.748,0.866,-0.232,0.799,0.745,0.72,0.93,0.771,0.724,0.871,0.878,0.401,0.864,0.92,0.512,0.766,0.723,0.849,-0.075,0.929,0.92,0.771,0.793,-0.077,-0.851,0.807,0.144,0.841,0.817
AMBA,0.937,0.944,0.525,-0.102,0.954,0.861,0.901,0.845,0.569,0.633,-0.549,0.719,0.917,0.0,0.907,0.959,0.931,0.919,-0.557,-0.37,0.835,0.817,0.732,0.808,-0.601,-0.603,0.815,0.895,0.633,0.901,0.773,0.93,0.898,-0.588,0.59,0.971,0.873,0.939,0.694,-0.083,0.834,0.5,0.894,0.867,-0.192,0.486,0.624,0.905,0.628,0.878,0.043,0.531,0.15,0.802,0.427,0.936,0.948,0.943,0.889,-0.293,0.002,0.338,0.939,0.813,-0.569,0.922,0.337,-0.613,0.669,0.848,0.717,0.765,0.863,0.722,0.89,0.669,0.807,-0.701,0.774,0.158,-0.413,0.912,0.599,0.842,0.933,-0.114,0.688,0.871,-0.524,0.611,-0.052,0.466,0.775,0.312,0.902,-0.099,0.951,0.935,0.873,0.872,0.632,0.837,0.94,0.831,0.871,0.87,0.949,0.899,0.884,-0.004,0.499,0.921,0.925,0.856,0.949,-0.498,0.108,0.875,0.423,0.898,0.38,0.902,0.915,0.704,0.862,0.956,0.83,-0.388,0.917,0.905,0.895,0.658,0.941,0.688,0.621,0.843,0.021,0.353,0.769,0.903,0.93,0.245,0.696,0.973,-0.157,-0.649,0.911,0.971,0.943,0.804,0.933,0.061,-0.352,0.823,0.757,0.53,0.702,0.424,0.9,-0.748,0.809,0.881,0.948,0.924,-0.687,-0.181,0.93,0.838,-0.444,0.591,0.936,0.755,0.899,-0.187,0.81,0.717,0.874,0.91,0.726,0.901,0.95,0.919,0.59,0.931,0.892,0.438,0.854,0.842,0.934,-0.273,0.89,0.937,0.84,0.776,-0.033,-0.739,0.696,0.313,0.922,0.911
AMCX,0.912,0.884,0.708,0.129,0.916,0.881,0.906,0.774,0.785,0.766,-0.329,0.78,0.864,0.907,0.0,0.918,0.927,0.859,-0.568,-0.278,0.698,0.925,0.813,0.652,-0.5,-0.53,0.764,0.906,0.704,0.899,0.823,0.918,0.911,-0.468,0.583,0.896,0.759,0.873,0.618,0.014,0.939,0.714,0.899,0.942,0.001,0.528,0.806,0.891,0.831,0.76,-0.183,0.528,0.227,0.797,0.26,0.895,0.895,0.872,0.939,-0.02,-0.077,0.2,0.908,0.797,-0.709,0.89,0.161,-0.448,0.628,0.857,0.732,0.692,0.853,0.85,0.876,0.806,0.74,-0.614,0.913,0.278,-0.406,0.807,0.634,0.665,0.841,-0.114,0.775,0.943,-0.313,0.309,-0.213,0.401,0.865,0.198,0.929,-0.142,0.868,0.819,0.932,0.86,0.514,0.885,0.872,0.924,0.928,0.804,0.855,0.908,0.768,0.233,0.368,0.945,0.884,0.85,0.933,-0.355,0.118,0.864,0.34,0.811,0.502,0.897,0.921,0.784,0.889,0.864,0.76,-0.314,0.815,0.911,0.901,0.751,0.941,0.769,0.562,0.903,-0.26,0.485,0.901,0.7,0.931,0.223,0.596,0.87,0.14,-0.803,0.901,0.875,0.851,0.856,0.877,0.183,-0.199,0.728,0.721,0.349,0.744,0.569,0.756,-0.639,0.892,0.933,0.804,0.862,-0.618,-0.291,0.877,0.807,-0.283,0.748,0.822,0.886,0.976,-0.42,0.912,0.875,0.889,0.781,0.835,0.813,0.907,0.892,0.379,0.91,0.933,0.535,0.897,0.929,0.774,-0.068,0.825,0.934,0.843,0.866,-0.004,-0.707,0.787,0.469,0.841,0.884
AMKR,0.92,0.937,0.533,0.032,0.95,0.854,0.913,0.81,0.621,0.631,-0.507,0.709,0.89,0.959,0.918,0.0,0.912,0.899,-0.587,-0.414,0.817,0.862,0.716,0.777,-0.569,-0.641,0.8,0.91,0.558,0.919,0.777,0.922,0.895,-0.61,0.54,0.944,0.88,0.928,0.68,-0.117,0.83,0.491,0.864,0.909,-0.169,0.53,0.738,0.899,0.708,0.865,-0.007,0.575,0.245,0.777,0.387,0.934,0.934,0.942,0.905,-0.227,-0.061,0.274,0.905,0.778,-0.575,0.948,0.294,-0.596,0.643,0.875,0.685,0.733,0.859,0.757,0.905,0.726,0.711,-0.682,0.783,0.18,-0.437,0.897,0.641,0.837,0.892,-0.084,0.741,0.897,-0.449,0.531,-0.146,0.486,0.848,0.229,0.903,-0.045,0.923,0.908,0.887,0.89,0.551,0.869,0.936,0.857,0.853,0.881,0.925,0.933,0.816,0.066,0.468,0.913,0.944,0.834,0.951,-0.511,0.02,0.911,0.395,0.857,0.389,0.917,0.929,0.664,0.842,0.944,0.799,-0.372,0.884,0.903,0.888,0.677,0.959,0.732,0.601,0.822,-0.069,0.305,0.774,0.853,0.914,0.268,0.671,0.948,-0.153,-0.69,0.894,0.955,0.908,0.818,0.927,0.087,-0.374,0.804,0.755,0.493,0.725,0.523,0.871,-0.797,0.851,0.887,0.913,0.932,-0.644,-0.208,0.93,0.801,-0.427,0.554,0.93,0.785,0.931,-0.261,0.887,0.79,0.859,0.891,0.768,0.858,0.947,0.914,0.546,0.919,0.881,0.41,0.838,0.863,0.902,-0.282,0.859,0.943,0.803,0.812,-0.098,-0.734,0.726,0.41,0.893,0.923
AMRX,0.934,0.95,0.647,0.055,0.956,0.898,0.93,0.852,0.695,0.735,-0.515,0.814,0.906,0.931,0.927,0.912,0.0,0.885,-0.551,-0.333,0.722,0.838,0.75,0.747,-0.573,-0.527,0.833,0.847,0.715,0.903,0.732,0.938,0.895,-0.446,0.611,0.928,0.789,0.894,0.73,0.093,0.922,0.637,0.925,0.932,-0.053,0.562,0.744,0.937,0.754,0.832,-0.176,0.435,0.175,0.803,0.256,0.928,0.941,0.924,0.924,-0.099,-0.1,0.221,0.954,0.861,-0.691,0.884,0.254,-0.535,0.648,0.891,0.716,0.679,0.846,0.84,0.887,0.804,0.769,-0.673,0.872,0.312,-0.44,0.84,0.553,0.693,0.933,-0.12,0.759,0.922,-0.355,0.448,-0.219,0.412,0.809,0.339,0.943,-0.104,0.908,0.894,0.922,0.896,0.551,0.904,0.862,0.833,0.91,0.845,0.918,0.91,0.846,0.119,0.378,0.943,0.867,0.894,0.937,-0.365,0.219,0.86,0.323,0.882,0.478,0.916,0.937,0.811,0.923,0.893,0.721,-0.323,0.87,0.949,0.884,0.64,0.95,0.793,0.481,0.913,-0.171,0.512,0.877,0.784,0.932,0.129,0.651,0.922,0.034,-0.76,0.941,0.927,0.898,0.88,0.901,0.164,-0.225,0.782,0.664,0.374,0.733,0.58,0.847,-0.619,0.855,0.937,0.867,0.925,-0.686,-0.134,0.92,0.909,-0.38,0.636,0.882,0.86,0.928,-0.347,0.86,0.828,0.862,0.861,0.767,0.785,0.928,0.931,0.395,0.941,0.946,0.526,0.9,0.874,0.852,-0.08,0.877,0.954,0.885,0.878,0.012,-0.765,0.815,0.423,0.887,0.868
ANSS,0.91,0.921,0.496,-0.011,0.931,0.864,0.904,0.889,0.501,0.596,-0.667,0.669,0.952,0.919,0.859,0.899,0.885,0.0,-0.686,-0.423,0.796,0.732,0.672,0.821,-0.664,-0.63,0.741,0.831,0.558,0.899,0.63,0.894,0.811,-0.672,0.54,0.941,0.835,0.895,0.779,-0.036,0.809,0.464,0.817,0.825,-0.295,0.461,0.609,0.929,0.651,0.914,-0.154,0.36,0.003,0.812,0.424,0.913,0.945,0.964,0.881,-0.323,-0.139,0.137,0.869,0.807,-0.579,0.875,0.179,-0.714,0.667,0.865,0.601,0.705,0.782,0.675,0.883,0.667,0.693,-0.777,0.744,0.067,-0.521,0.906,0.623,0.827,0.916,-0.316,0.668,0.884,-0.582,0.63,-0.137,0.342,0.732,0.153,0.875,-0.191,0.915,0.947,0.809,0.875,0.481,0.776,0.893,0.742,0.856,0.85,0.953,0.928,0.827,-0.126,0.357,0.924,0.873,0.793,0.896,-0.616,0.117,0.849,0.426,0.833,0.266,0.925,0.919,0.604,0.816,0.909,0.685,-0.387,0.92,0.887,0.891,0.511,0.921,0.707,0.483,0.807,-0.184,0.448,0.739,0.813,0.915,0.099,0.625,0.945,-0.15,-0.677,0.904,0.941,0.896,0.78,0.94,-0.064,-0.379,0.816,0.61,0.39,0.646,0.512,0.919,-0.738,0.747,0.835,0.914,0.925,-0.662,-0.094,0.951,0.829,-0.587,0.456,0.922,0.724,0.848,-0.093,0.794,0.708,0.787,0.925,0.738,0.776,0.917,0.878,0.554,0.88,0.855,0.461,0.775,0.767,0.893,-0.236,0.881,0.914,0.802,0.754,-0.099,-0.852,0.718,0.211,0.891,0.876
APPN,-0.568,-0.542,-0.395,-0.108,-0.624,-0.75,-0.721,-0.602,-0.355,-0.339,0.565,-0.428,-0.729,-0.557,-0.568,-0.587,-0.551,-0.686,0.0,0.251,-0.34,-0.506,-0.35,-0.358,0.756,0.591,-0.297,-0.475,-0.316,-0.517,-0.301,-0.496,-0.405,0.69,0.056,-0.639,-0.373,-0.471,-0.725,0.193,-0.489,-0.192,-0.397,-0.595,0.521,-0.086,-0.44,-0.64,-0.336,-0.776,0.276,0.037,0.203,-0.747,0.025,-0.6,-0.689,-0.692,-0.696,0.361,0.614,0.399,-0.523,-0.687,0.608,-0.541,-0.109,0.756,-0.513,-0.567,-0.044,-0.357,-0.297,-0.534,-0.484,-0.575,-0.366,0.813,-0.542,0.168,0.708,-0.52,-0.21,-0.555,-0.652,0.671,-0.427,-0.62,0.645,-0.327,0.499,0.189,-0.584,0.365,-0.484,0.539,-0.573,-0.579,-0.551,-0.482,-0.03,-0.42,-0.537,-0.404,-0.523,-0.563,-0.699,-0.672,-0.472,0.336,0.236,-0.661,-0.511,-0.578,-0.531,0.533,0.111,-0.635,0.07,-0.401,0.166,-0.744,-0.698,-0.286,-0.378,-0.605,-0.226,0.39,-0.749,-0.633,-0.72,-0.162,-0.575,-0.488,-0.364,-0.43,0.314,-0.456,-0.376,-0.492,-0.713,0.157,-0.4,-0.619,0.112,0.675,-0.523,-0.584,-0.418,-0.666,-0.604,0.463,0.587,-0.667,-0.285,-0.08,-0.085,-0.222,-0.555,0.435,-0.304,-0.48,-0.674,-0.598,0.732,0.168,-0.734,-0.536,0.622,-0.19,-0.52,-0.412,-0.603,0.236,-0.538,-0.45,-0.34,-0.701,-0.658,-0.327,-0.495,-0.501,-0.21,-0.448,-0.584,-0.208,-0.329,-0.394,-0.521,-0.021,-0.737,-0.603,-0.318,-0.48,0.362,0.789,-0.628,0.183,-0.418,-0.515
APTO,-0.288,-0.407,0.081,-0.263,-0.351,-0.247,-0.363,-0.325,0.013,0.038,0.433,-0.021,-0.35,-0.37,-0.278,-0.414,-0.333,-0.423,0.251,0.0,-0.416,-0.203,0.083,-0.381,0.18,0.47,-0.378,-0.344,0.05,-0.351,-0.223,-0.283,-0.247,0.389,-0.086,-0.41,-0.516,-0.338,-0.373,0.337,-0.136,0.156,-0.229,-0.284,0.191,-0.296,-0.177,-0.308,-0.252,-0.482,0.043,-0.338,-0.038,-0.304,-0.354,-0.396,-0.417,-0.447,-0.276,0.352,0.002,-0.096,-0.262,-0.207,-0.077,-0.383,-0.374,0.379,-0.308,-0.399,-0.059,-0.303,-0.281,-0.126,-0.42,-0.139,-0.144,0.253,-0.094,0.167,0.212,-0.366,-0.448,-0.419,-0.357,0.121,-0.187,-0.297,0.384,-0.549,-0.115,-0.359,-0.22,-0.041,-0.262,-0.117,-0.338,-0.429,-0.194,-0.424,-0.012,-0.24,-0.408,-0.156,-0.212,-0.593,-0.433,-0.428,-0.408,0.279,-0.302,-0.317,-0.445,-0.184,-0.328,0.5,0.295,-0.397,-0.316,-0.419,0.13,-0.379,-0.32,-0.051,-0.187,-0.418,-0.228,0.176,-0.341,-0.319,-0.328,-0.059,-0.379,-0.297,-0.229,-0.136,0.04,0.067,-0.082,-0.465,-0.303,-0.197,-0.581,-0.443,0.5,0.049,-0.29,-0.397,-0.396,-0.234,-0.471,-0.11,0.382,-0.297,-0.371,-0.417,-0.284,-0.258,-0.494,0.446,-0.215,-0.272,-0.421,-0.469,0.189,-0.177,-0.414,-0.296,0.219,0.056,-0.498,-0.077,-0.296,-0.185,-0.289,-0.149,-0.249,-0.436,-0.234,-0.301,-0.394,-0.363,-0.523,-0.304,-0.229,0.123,-0.162,-0.248,-0.459,0.315,-0.391,-0.357,-0.23,-0.169,0.321,0.32,-0.226,-0.116,-0.389,-0.478
ARCT,0.739,0.807,0.219,-0.185,0.762,0.546,0.663,0.705,0.295,0.397,-0.471,0.394,0.708,0.835,0.698,0.817,0.722,0.796,-0.34,-0.416,0.0,0.611,0.576,0.862,-0.362,-0.541,0.69,0.844,0.297,0.824,0.659,0.806,0.787,-0.625,0.579,0.806,0.921,0.893,0.486,-0.118,0.587,0.285,0.72,0.614,-0.185,0.493,0.443,0.703,0.497,0.71,0.208,0.62,0.213,0.519,0.734,0.759,0.741,0.792,0.63,-0.388,0.267,0.471,0.741,0.477,-0.197,0.803,0.221,-0.532,0.493,0.708,0.678,0.773,0.814,0.391,0.832,0.358,0.574,-0.47,0.493,-0.019,-0.216,0.911,0.742,0.9,0.758,0.049,0.495,0.662,-0.438,0.708,0.225,0.563,0.568,0.328,0.768,0.171,0.809,0.854,0.612,0.759,0.515,0.618,0.89,0.742,0.726,0.743,0.778,0.749,0.732,-0.044,0.659,0.723,0.879,0.517,0.822,-0.534,0.037,0.697,0.622,0.746,0.323,0.678,0.694,0.391,0.706,0.873,0.8,-0.356,0.717,0.637,0.682,0.598,0.794,0.414,0.579,0.624,0.086,0.012,0.561,0.819,0.679,0.483,0.527,0.825,-0.379,-0.303,0.774,0.845,0.885,0.478,0.825,0.092,-0.308,0.637,0.65,0.586,0.779,0.383,0.808,-0.884,0.737,0.689,0.784,0.774,-0.318,-0.12,0.739,0.582,-0.37,0.363,0.893,0.543,0.669,0.148,0.669,0.529,0.736,0.754,0.486,0.863,0.874,0.726,0.753,0.796,0.627,0.38,0.696,0.68,0.879,-0.58,0.615,0.75,0.746,0.535,-0.011,-0.521,0.352,0.347,0.901,0.875
ARWR,0.851,0.798,0.732,0.266,0.823,0.824,0.861,0.645,0.797,0.775,-0.146,0.763,0.775,0.817,0.925,0.862,0.838,0.732,-0.506,-0.203,0.611,0.0,0.821,0.552,-0.469,-0.387,0.657,0.874,0.687,0.797,0.858,0.81,0.802,-0.431,0.491,0.816,0.63,0.749,0.511,-0.028,0.883,0.701,0.773,0.922,0.027,0.531,0.865,0.807,0.799,0.67,-0.21,0.496,0.205,0.796,0.166,0.811,0.808,0.774,0.9,0.174,-0.156,0.098,0.835,0.734,-0.706,0.82,0.15,-0.394,0.592,0.793,0.676,0.59,0.725,0.842,0.782,0.85,0.631,-0.584,0.867,0.316,-0.406,0.667,0.607,0.553,0.746,-0.077,0.833,0.878,-0.224,0.136,-0.269,0.299,0.914,0.161,0.829,-0.118,0.794,0.691,0.876,0.809,0.424,0.845,0.741,0.888,0.881,0.696,0.747,0.824,0.65,0.283,0.259,0.882,0.816,0.799,0.857,-0.249,0.018,0.809,0.253,0.675,0.448,0.832,0.855,0.745,0.788,0.775,0.672,-0.19,0.727,0.857,0.837,0.813,0.853,0.747,0.576,0.807,-0.3,0.461,0.838,0.583,0.861,0.202,0.601,0.741,0.2,-0.805,0.781,0.751,0.74,0.818,0.753,0.157,-0.156,0.643,0.72,0.307,0.655,0.591,0.644,-0.518,0.846,0.87,0.697,0.771,-0.522,-0.381,0.799,0.752,-0.265,0.779,0.689,0.855,0.93,-0.49,0.937,0.902,0.796,0.695,0.833,0.719,0.787,0.795,0.239,0.799,0.881,0.466,0.798,0.855,0.645,0.03,0.74,0.838,0.696,0.852,0.014,-0.564,0.78,0.444,0.739,0.798
ASND,0.801,0.738,0.638,0.005,0.748,0.702,0.733,0.626,0.693,0.893,-0.095,0.8,0.733,0.732,0.813,0.716,0.75,0.672,-0.35,0.083,0.576,0.821,0.0,0.561,-0.459,-0.158,0.623,0.777,0.685,0.731,0.775,0.769,0.769,-0.331,0.585,0.709,0.521,0.715,0.413,0.236,0.863,0.789,0.748,0.771,-0.084,0.485,0.682,0.73,0.659,0.52,-0.153,0.354,0.063,0.617,0.204,0.753,0.696,0.675,0.784,0.23,0.003,0.222,0.807,0.696,-0.689,0.677,0.047,-0.292,0.593,0.627,0.714,0.57,0.673,0.737,0.67,0.754,0.671,-0.522,0.835,0.323,-0.315,0.659,0.485,0.5,0.726,0.009,0.761,0.762,-0.125,0.107,-0.193,0.213,0.762,0.361,0.791,-0.119,0.779,0.646,0.788,0.723,0.599,0.781,0.645,0.794,0.861,0.468,0.631,0.68,0.606,0.324,0.278,0.814,0.703,0.735,0.758,-0.055,0.239,0.645,0.265,0.627,0.584,0.707,0.74,0.744,0.797,0.694,0.688,-0.203,0.683,0.721,0.678,0.822,0.729,0.582,0.441,0.831,-0.241,0.503,0.843,0.487,0.76,0.107,0.278,0.653,0.347,-0.709,0.764,0.68,0.717,0.68,0.679,0.108,0.045,0.522,0.519,0.292,0.619,0.459,0.568,-0.45,0.837,0.764,0.609,0.642,-0.424,-0.459,0.675,0.72,-0.246,0.78,0.595,0.797,0.784,-0.352,0.774,0.783,0.724,0.575,0.682,0.715,0.723,0.699,0.173,0.761,0.818,0.59,0.804,0.749,0.543,-0.02,0.603,0.72,0.733,0.739,0.377,-0.504,0.605,0.4,0.714,0.671
ASTH,0.808,0.827,0.284,-0.164,0.802,0.607,0.7,0.761,0.295,0.467,-0.63,0.51,0.752,0.808,0.652,0.777,0.747,0.821,-0.358,-0.381,0.862,0.552,0.561,0.0,-0.415,-0.411,0.754,0.723,0.391,0.818,0.518,0.817,0.757,-0.538,0.588,0.819,0.868,0.875,0.639,0.075,0.627,0.33,0.742,0.634,-0.19,0.525,0.445,0.779,0.499,0.768,0.061,0.38,0.185,0.548,0.535,0.763,0.772,0.823,0.664,-0.297,0.127,0.372,0.747,0.59,-0.315,0.753,0.203,-0.571,0.48,0.774,0.695,0.671,0.772,0.484,0.83,0.43,0.536,-0.548,0.515,0.148,-0.164,0.86,0.618,0.799,0.786,0.006,0.535,0.701,-0.419,0.701,0.076,0.548,0.6,0.359,0.787,0.117,0.803,0.91,0.659,0.81,0.526,0.695,0.817,0.64,0.708,0.736,0.811,0.77,0.751,-0.055,0.571,0.737,0.78,0.619,0.79,-0.424,0.169,0.737,0.5,0.779,0.355,0.704,0.731,0.479,0.756,0.813,0.689,-0.28,0.735,0.696,0.665,0.474,0.797,0.563,0.461,0.684,0.036,0.176,0.617,0.787,0.694,0.254,0.515,0.838,-0.29,-0.337,0.81,0.852,0.883,0.58,0.788,-0.004,-0.21,0.69,0.56,0.463,0.723,0.44,0.851,-0.745,0.719,0.726,0.775,0.813,-0.432,0.02,0.773,0.711,-0.547,0.309,0.878,0.582,0.649,0.037,0.64,0.564,0.743,0.835,0.475,0.757,0.86,0.787,0.599,0.831,0.679,0.393,0.724,0.629,0.841,-0.427,0.679,0.776,0.774,0.653,0.079,-0.586,0.487,0.331,0.877,0.798
ATSG,-0.63,-0.607,-0.309,0.086,-0.663,-0.761,-0.742,-0.678,-0.276,-0.449,0.611,-0.568,-0.783,-0.601,-0.5,-0.569,-0.573,-0.664,0.756,0.18,-0.362,-0.469,-0.459,-0.415,0.0,0.409,-0.356,-0.444,-0.412,-0.482,-0.324,-0.481,-0.367,0.704,-0.009,-0.679,-0.317,-0.463,-0.752,0.035,-0.521,-0.184,-0.391,-0.584,0.674,-0.047,-0.362,-0.649,-0.198,-0.772,0.174,0.165,0.417,-0.781,0.038,-0.68,-0.732,-0.698,-0.712,0.282,0.57,0.3,-0.622,-0.788,0.641,-0.474,-0.195,0.831,-0.519,-0.513,-0.089,-0.342,-0.226,-0.536,-0.408,-0.613,-0.456,0.949,-0.519,0.153,0.823,-0.543,-0.042,-0.578,-0.749,0.629,-0.461,-0.568,0.723,-0.34,0.503,0.333,-0.582,0.114,-0.464,0.52,-0.648,-0.604,-0.563,-0.503,-0.229,-0.471,-0.485,-0.342,-0.548,-0.453,-0.711,-0.593,-0.519,0.434,0.23,-0.649,-0.491,-0.67,-0.526,0.35,0.079,-0.585,0.145,-0.438,0.22,-0.751,-0.681,-0.39,-0.39,-0.652,-0.257,0.364,-0.833,-0.658,-0.672,-0.225,-0.532,-0.49,-0.384,-0.441,0.147,-0.483,-0.363,-0.552,-0.702,0.245,-0.41,-0.636,0.101,0.577,-0.536,-0.605,-0.469,-0.69,-0.595,0.574,0.552,-0.648,-0.256,-0.215,-0.052,-0.13,-0.595,0.355,-0.286,-0.418,-0.741,-0.588,0.793,0.252,-0.741,-0.643,0.759,-0.239,-0.506,-0.359,-0.555,0.198,-0.482,-0.401,-0.277,-0.747,-0.569,-0.367,-0.472,-0.504,-0.15,-0.47,-0.636,-0.303,-0.331,-0.297,-0.544,-0.041,-0.791,-0.602,-0.316,-0.467,0.103,0.693,-0.617,0.303,-0.445,-0.456
AVTX,-0.462,-0.571,-0.202,-0.042,-0.578,-0.532,-0.568,-0.558,-0.184,-0.034,0.603,-0.18,-0.578,-0.603,-0.53,-0.641,-0.527,-0.63,0.591,0.47,-0.541,-0.387,-0.158,-0.411,0.409,0.0,-0.352,-0.511,-0.139,-0.582,-0.263,-0.551,-0.482,0.553,-0.141,-0.563,-0.646,-0.551,-0.558,0.374,-0.341,-0.003,-0.5,-0.499,0.271,-0.211,-0.401,-0.571,-0.352,-0.681,0.042,-0.415,-0.085,-0.504,-0.271,-0.575,-0.639,-0.646,-0.519,0.627,0.214,-0.004,-0.433,-0.408,0.159,-0.682,-0.118,0.533,-0.358,-0.597,-0.142,-0.545,-0.526,-0.321,-0.603,-0.305,-0.401,0.469,-0.322,0.198,0.4,-0.609,-0.423,-0.678,-0.557,0.363,-0.176,-0.542,0.604,-0.576,0.038,-0.304,-0.399,0.132,-0.51,0.18,-0.544,-0.617,-0.461,-0.457,-0.101,-0.392,-0.69,-0.446,-0.377,-0.685,-0.677,-0.658,-0.486,0.334,-0.23,-0.524,-0.617,-0.399,-0.562,0.678,0.079,-0.603,-0.173,-0.482,0.093,-0.615,-0.613,-0.136,-0.388,-0.627,-0.35,0.385,-0.594,-0.535,-0.651,-0.083,-0.613,-0.363,-0.321,-0.343,0.04,-0.106,-0.268,-0.623,-0.568,-0.14,-0.584,-0.659,0.479,0.363,-0.545,-0.64,-0.499,-0.5,-0.648,0.005,0.534,-0.552,-0.427,-0.169,-0.325,-0.223,-0.64,0.677,-0.344,-0.488,-0.677,-0.642,0.518,-0.186,-0.656,-0.394,0.335,-0.03,-0.684,-0.379,-0.545,0.012,-0.491,-0.328,-0.432,-0.633,-0.53,-0.465,-0.6,-0.559,-0.539,-0.483,-0.462,-0.079,-0.361,-0.474,-0.684,0.372,-0.551,-0.596,-0.433,-0.356,0.595,0.636,-0.398,-0.044,-0.483,-0.609
BCPC,0.809,0.84,0.422,-0.044,0.841,0.695,0.722,0.76,0.567,0.634,-0.467,0.741,0.736,0.815,0.764,0.8,0.833,0.741,-0.297,-0.378,0.69,0.657,0.623,0.754,-0.356,-0.352,0.0,0.726,0.555,0.782,0.624,0.818,0.87,-0.23,0.652,0.788,0.78,0.855,0.573,0.231,0.76,0.498,0.853,0.751,0.07,0.587,0.564,0.792,0.641,0.669,0.071,0.46,0.353,0.552,0.332,0.793,0.765,0.781,0.709,-0.061,0.147,0.459,0.835,0.706,-0.479,0.711,0.488,-0.374,0.584,0.722,0.82,0.615,0.843,0.714,0.779,0.616,0.671,-0.448,0.706,0.454,-0.117,0.774,0.484,0.604,0.766,0.197,0.657,0.735,-0.186,0.496,-0.074,0.608,0.638,0.521,0.841,0.221,0.81,0.829,0.781,0.811,0.663,0.805,0.759,0.684,0.738,0.772,0.768,0.732,0.831,0.253,0.624,0.761,0.747,0.781,0.786,-0.249,0.142,0.768,0.47,0.903,0.579,0.721,0.757,0.745,0.862,0.766,0.73,-0.267,0.698,0.785,0.63,0.574,0.821,0.644,0.414,0.842,0.087,0.246,0.772,0.804,0.709,0.278,0.512,0.835,-0.015,-0.54,0.796,0.848,0.843,0.692,0.745,0.295,-0.103,0.729,0.557,0.629,0.739,0.494,0.773,-0.573,0.797,0.832,0.757,0.812,-0.514,-0.023,0.735,0.786,-0.259,0.512,0.81,0.674,0.745,-0.198,0.671,0.66,0.808,0.715,0.464,0.756,0.854,0.847,0.432,0.906,0.772,0.5,0.856,0.757,0.803,-0.161,0.721,0.819,0.856,0.739,0.155,-0.555,0.621,0.6,0.855,0.742
BEAM,0.845,0.864,0.517,0.092,0.859,0.735,0.837,0.714,0.6,0.66,-0.275,0.609,0.796,0.895,0.906,0.91,0.847,0.831,-0.475,-0.344,0.844,0.874,0.777,0.723,-0.444,-0.511,0.726,0.0,0.498,0.893,0.9,0.871,0.872,-0.603,0.579,0.878,0.852,0.885,0.465,-0.132,0.814,0.562,0.816,0.841,-0.114,0.55,0.695,0.788,0.743,0.741,-0.024,0.682,0.22,0.709,0.535,0.853,0.838,0.85,0.836,-0.119,0.109,0.332,0.842,0.621,-0.469,0.901,0.225,-0.469,0.575,0.798,0.715,0.737,0.843,0.656,0.89,0.64,0.665,-0.55,0.75,0.094,-0.368,0.866,0.751,0.791,0.814,-0.049,0.704,0.837,-0.369,0.458,0.014,0.448,0.802,0.235,0.866,0.008,0.862,0.824,0.799,0.839,0.492,0.801,0.907,0.908,0.903,0.791,0.809,0.864,0.737,0.135,0.479,0.875,0.965,0.685,0.912,-0.469,-0.017,0.811,0.513,0.764,0.413,0.825,0.833,0.611,0.803,0.917,0.832,-0.33,0.781,0.786,0.813,0.839,0.897,0.589,0.645,0.775,-0.18,0.256,0.765,0.74,0.845,0.412,0.609,0.836,-0.091,-0.615,0.842,0.847,0.894,0.676,0.888,0.185,-0.267,0.651,0.811,0.513,0.788,0.514,0.76,-0.802,0.879,0.831,0.788,0.837,-0.409,-0.312,0.831,0.693,-0.271,0.666,0.857,0.747,0.896,-0.161,0.884,0.77,0.844,0.765,0.746,0.909,0.914,0.808,0.597,0.852,0.814,0.417,0.81,0.855,0.814,-0.363,0.733,0.853,0.792,0.724,-0.015,-0.605,0.578,0.427,0.885,0.955
BILI,0.75,0.61,0.743,-0.056,0.66,0.736,0.649,0.595,0.683,0.731,-0.195,0.82,0.643,0.633,0.704,0.558,0.715,0.558,-0.316,0.05,0.297,0.687,0.685,0.391,-0.412,-0.139,0.555,0.498,0.0,0.576,0.545,0.668,0.632,-0.066,0.643,0.623,0.311,0.537,0.496,0.355,0.809,0.76,0.732,0.705,0.154,0.339,0.577,0.683,0.588,0.464,-0.325,0.096,-0.021,0.678,-0.125,0.595,0.626,0.557,0.718,0.241,-0.11,0.115,0.74,0.757,-0.801,0.527,0.035,-0.231,0.437,0.579,0.62,0.444,0.546,0.745,0.537,0.717,0.785,-0.483,0.831,0.459,-0.247,0.448,0.185,0.235,0.619,-0.076,0.648,0.715,-0.118,0.004,-0.207,0.147,0.604,0.308,0.683,-0.308,0.599,0.526,0.778,0.606,0.598,0.686,0.458,0.592,0.711,0.428,0.589,0.569,0.56,0.281,0.138,0.715,0.448,0.787,0.625,0.042,0.456,0.557,0.03,0.607,0.49,0.635,0.677,0.879,0.748,0.473,0.46,-0.096,0.584,0.747,0.676,0.509,0.629,0.697,0.216,0.799,-0.233,0.758,0.795,0.388,0.708,-0.201,0.378,0.574,0.483,-0.732,0.692,0.577,0.556,0.748,0.535,0.122,0.109,0.502,0.403,0.049,0.424,0.382,0.47,-0.079,0.597,0.732,0.528,0.57,-0.603,-0.222,0.595,0.739,-0.214,0.765,0.452,0.775,0.696,-0.565,0.588,0.696,0.663,0.508,0.602,0.453,0.566,0.689,-0.073,0.681,0.787,0.588,0.75,0.662,0.443,0.395,0.635,0.66,0.67,0.731,0.212,-0.538,0.756,0.247,0.535,0.451
BJRI,0.907,0.946,0.555,0.081,0.922,0.796,0.883,0.801,0.612,0.664,-0.505,0.674,0.859,0.901,0.899,0.919,0.903,0.899,-0.517,-0.351,0.824,0.797,0.731,0.818,-0.482,-0.582,0.782,0.893,0.576,0.0,0.703,0.961,0.886,-0.563,0.646,0.905,0.884,0.931,0.626,0.006,0.851,0.593,0.895,0.884,-0.131,0.663,0.748,0.89,0.821,0.801,-0.197,0.54,0.215,0.701,0.414,0.897,0.9,0.926,0.873,-0.159,0.001,0.262,0.876,0.717,-0.555,0.938,0.086,-0.529,0.534,0.916,0.703,0.77,0.894,0.71,0.964,0.695,0.666,-0.617,0.788,0.192,-0.421,0.903,0.713,0.782,0.858,-0.085,0.689,0.913,-0.373,0.497,-0.108,0.498,0.791,0.222,0.95,-0.079,0.875,0.914,0.87,0.936,0.491,0.86,0.916,0.849,0.889,0.817,0.89,0.949,0.771,0.113,0.457,0.925,0.931,0.758,0.949,-0.449,0.225,0.866,0.385,0.842,0.465,0.893,0.912,0.678,0.902,0.893,0.774,-0.293,0.819,0.876,0.856,0.647,0.962,0.73,0.441,0.856,-0.264,0.404,0.831,0.745,0.876,0.16,0.592,0.899,-0.069,-0.657,0.955,0.92,0.939,0.78,0.944,0.164,-0.212,0.701,0.666,0.332,0.818,0.623,0.85,-0.778,0.882,0.907,0.816,0.929,-0.533,-0.164,0.903,0.823,-0.41,0.551,0.929,0.852,0.907,-0.243,0.885,0.827,0.863,0.844,0.767,0.812,0.966,0.911,0.517,0.929,0.881,0.458,0.873,0.861,0.845,-0.272,0.778,0.933,0.873,0.809,-0.06,-0.757,0.708,0.47,0.92,0.914
BLUE,0.737,0.69,0.531,0.074,0.699,0.609,0.695,0.516,0.611,0.693,0.02,0.61,0.627,0.773,0.823,0.777,0.732,0.63,-0.301,-0.223,0.659,0.858,0.775,0.518,-0.324,-0.263,0.624,0.9,0.545,0.703,0.0,0.715,0.775,-0.429,0.545,0.749,0.649,0.717,0.258,-0.136,0.751,0.599,0.696,0.741,0.023,0.469,0.616,0.612,0.65,0.539,0.064,0.694,0.236,0.619,0.453,0.709,0.669,0.65,0.716,0.075,0.217,0.412,0.756,0.527,-0.46,0.745,0.306,-0.257,0.557,0.591,0.684,0.602,0.71,0.624,0.693,0.599,0.668,-0.399,0.713,0.157,-0.243,0.666,0.606,0.585,0.672,0.103,0.671,0.7,-0.213,0.244,0.066,0.374,0.722,0.323,0.711,0.068,0.741,0.605,0.708,0.688,0.572,0.725,0.726,0.849,0.82,0.612,0.608,0.663,0.625,0.287,0.439,0.749,0.828,0.629,0.775,-0.286,-0.049,0.657,0.507,0.658,0.479,0.66,0.657,0.654,0.693,0.767,0.814,-0.273,0.626,0.649,0.667,0.942,0.73,0.498,0.681,0.693,-0.097,0.231,0.703,0.602,0.724,0.467,0.504,0.658,0.103,-0.588,0.668,0.661,0.747,0.555,0.716,0.244,-0.123,0.489,0.836,0.561,0.672,0.372,0.544,-0.588,0.81,0.7,0.627,0.641,-0.304,-0.476,0.635,0.565,-0.041,0.803,0.646,0.657,0.798,-0.217,0.783,0.676,0.776,0.569,0.638,0.852,0.74,0.656,0.449,0.715,0.708,0.347,0.735,0.799,0.621,-0.228,0.596,0.684,0.658,0.622,0.184,-0.394,0.468,0.415,0.719,0.823
