,AAL,AAON,ACB,ACGL,ACGLO,ACIW,ADBE,ADSK,AEP,AGIO,ALEC,ALNY,ALTR,AMBA,AMCX,AMKR,AMRX,ANSS,APPN,APTO,ARCT,ARWR,ASND,ASTH,ATSG,AVTX,BCPC,BEAM,BILI,BJRI,BLUE,BPOP,BRKL,BWIN,BZUN,CARG,CBRL,CBSH,CBUS,CENTA,CERS,CFFN,CHCO,CHEF,CHRD,CINF,CLLS,CMCO,CMCSA,COLL,COMM,COOP,CPB,CRON,CROX,CRUS,CRWD,CTAS,CYBR,CYTK,DGII,DIOD,DOMO,DPZ,DSGR,DXCM,ERIE,ESTA,EXEL,FAST,FCEL,FCFS,FHB,FITBI,FSV,FTDR,FUTU,GLDD,GLPG,GLPI,GOGO,GOSS,GSAT,GYRE,HALO,HAS,HLIT,HLNE,HSDT,HSIC,HTHT,ICHR,IDYA,IMVT,INDB,INSM,IONS,IOSP,ITRI,JBHT,JBLU,JSM,KLIC,KOD,KURA,LAB,LASR,LIN,LKQ,LNT,MBUU,MCRI,MDGL,MEDP,MGNI,MGPI,MGRC,MKTX,MRNA,MRTN,MSEX,MSFT,MU,NAVI,NBTB,NEO,NEOG,NGNE,NSSC,NTAP,NTES,NTLA,NTRS,NYMTN,OBLG,OCFC,ON,ONC,OPI,OSIS,OSW,PALI,PANW,PCAR,PCRX,PCTY,PEBO,PLAB,PLAY,PLMR,PLSE,PLUS,PRTA,PSEC,PSNL,PTCT,PTON,QNST,QRVO,QTTB,RARE,RBCAA,RGNX,SAIC,SGMO,SINT,SNPS,SPSC,SPTN,SSYS,STNE,TBBK,TCPC,TENB,TGTX,TREE,TRUP,TTWO,TW,TXG,UBSI,UCTT,UFPT,UMBF,UPBD,URBN,VBTX,VCTR,VEON,VNET,VRSK,VSEC,WABC,WTFCM,WVE,WW,WWD,XEL,ZD,ZYME
AAL,0.0,0.029,0.733,0.357,0.938,0.862,0.633,0.867,-0.378,0.583,-0.673,-0.241,0.908,0.868,0.874,0.954,0.487,0.865,0.679,0.861,0.862,-0.55,-0.012,0.903,0.868,-0.348,0.832,0.865,0.4,0.946,-0.087,0.767,-0.38,0.962,0.933,0.952,0.916,0.066,0.763,0.827,-0.723,-0.252,-0.428,0.839,0.377,0.26,0.9,0.902,0.922,0.85,0.931,0.952,-0.727,-0.371,0.973,0.947,-0.079,-0.581,0.035,-0.808,-0.203,0.957,-0.01,-0.256,0.88,-0.75,-0.405,0.802,0.556,0.586,0.903,0.425,0.441,0.839,0.969,0.915,-0.103,0.856,0.9,0.393,0.848,0.451,0.672,-0.508,-0.91,0.806,0.907,0.938,0.842,0.143,0.822,0.869,0.373,0.165,-0.737,0.142,0.685,0.886,0.976,0.575,0.97,0.89,0.952,0.556,0.877,0.979,0.9,0.305,0.897,-0.466,0.887,0.489,0.77,0.882,-0.457,-0.44,0.243,0.956,0.508,0.373,-0.299,0.182,0.871,0.949,-0.234,0.912,0.915,0.865,0.852,0.915,0.941,0.306,0.865,0.959,0.446,0.507,0.763,0.968,0.985,0.925,0.936,-0.22,0.266,0.421,-0.737,0.404,0.079,0.922,0.963,0.948,0.802,0.912,-0.315,0.861,0.861,0.981,0.962,0.946,0.894,0.919,-0.514,0.871,0.621,-0.856,0.885,-0.232,0.836,0.678,-0.154,0.887,0.687,0.457,0.744,0.402,0.797,0.96,0.854,0.536,0.944,0.914,-0.36,-0.33,0.504,0.695,0.874,0.914,0.187,0.922,0.829,0.761,0.744,0.922,-0.7,0.973,-0.871,0.674,0.958,-0.179,0.837,0.821
AAON,0.029,0.0,0.073,0.31,-0.121,-0.349,-0.083,0.073,0.295,-0.122,0.072,0.355,-0.117,0.164,-0.185,0.026,-0.12,0.111,0.021,-0.23,0.238,0.243,-0.407,0.321,0.14,0.119,0.413,-0.059,-0.394,0.029,0.052,-0.209,0.404,0.071,-0.139,-0.087,0.014,0.336,0.14,0.219,-0.224,0.121,0.626,0.021,0.138,0.048,0.027,0.127,-0.192,-0.264,0.07,-0.037,0.219,0.088,0.104,0.006,0.233,0.663,-0.042,0.417,0.775,0.098,0.295,0.27,-0.107,-0.138,0.37,0.015,-0.493,0.22,0.068,-0.011,0.354,0.049,0.09,-0.113,0.377,-0.038,0.162,0.689,0.051,0.075,0.244,-0.247,0.051,-0.071,0.185,0.069,-0.087,-0.352,-0.184,-0.178,0.348,-0.273,0.471,-0.218,-0.381,0.042,0.047,-0.059,-0.11,0.003,0.067,-0.41,0.061,-0.015,-0.159,0.781,0.216,0.431,-0.02,0.169,0.085,0.13,0.243,0.683,0.405,-0.055,0.275,0.579,0.484,0.542,-0.242,0.012,0.586,0.07,-0.139,-0.146,0.215,-0.166,-0.203,-0.191,0.113,-0.044,-0.349,-0.046,0.04,-0.094,-0.015,0.058,0.219,-0.185,-0.018,0.299,0.172,0.127,0.377,0.099,-0.037,0.027,0.308,-0.004,0.623,0.035,0.118,0.013,0.147,-0.007,-0.009,-0.123,-0.291,0.263,0.345,0.256,-0.085,-0.25,0.056,0.157,0.094,-0.273,0.289,0.33,-0.02,-0.095,0.037,-0.011,0.287,-0.423,0.174,-0.105,0.574,-0.364,0.317,0.297,-0.048,0.1,0.589,0.079,0.194,-0.456,-0.039,0.114,0.381,0.041,0.166,-0.15,-0.101,0.411,-0.081,0.093
ACB,0.733,0.073,0.0,0.397,0.647,0.548,0.685,0.732,-0.636,0.346,-0.211,0.329,0.732,0.654,0.534,0.617,0.283,0.71,0.832,0.65,0.859,-0.101,0.343,0.752,0.679,-0.394,0.766,0.87,0.234,0.663,-0.284,0.454,-0.385,0.603,0.773,0.713,0.684,-0.131,0.775,0.744,-0.239,-0.445,-0.22,0.563,0.553,-0.108,0.506,0.519,0.683,0.484,0.828,0.684,-0.725,-0.025,0.735,0.706,0.446,-0.408,0.429,-0.461,-0.13,0.743,0.38,-0.116,0.738,-0.479,-0.324,0.903,0.305,0.418,0.793,0.121,0.208,0.53,0.722,0.728,-0.053,0.726,0.58,0.392,0.538,0.203,0.57,-0.707,-0.653,0.489,0.491,0.779,0.734,0.22,0.72,0.778,0.362,0.094,-0.53,0.49,0.65,0.801,0.718,0.514,0.738,0.734,0.719,0.338,0.904,0.702,0.595,0.265,0.626,-0.45,0.546,0.284,0.625,0.715,-0.445,-0.313,-0.036,0.597,0.567,0.369,-0.118,0.449,0.584,0.732,-0.173,0.779,0.681,0.692,0.82,0.653,0.757,0.182,0.59,0.693,0.163,0.462,0.729,0.726,0.723,0.785,0.749,-0.021,0.599,0.47,-0.294,0.642,-0.023,0.653,0.611,0.727,0.495,0.779,-0.034,0.838,0.59,0.741,0.776,0.69,0.758,0.598,-0.135,0.673,0.616,-0.603,0.725,0.06,0.724,0.757,-0.084,0.608,0.537,0.247,0.721,0.585,0.618,0.745,0.734,0.487,0.69,0.725,-0.318,0.063,0.513,0.497,0.572,0.538,0.373,0.57,0.713,0.465,0.415,0.62,-0.54,0.655,-0.551,0.291,0.741,-0.484,0.624,0.867
ACGL,0.357,0.31,0.397,0.0,0.348,0.165,0.121,0.252,-0.073,0.149,-0.327,0.086,0.194,0.333,0.227,0.312,0.31,0.211,0.304,0.121,0.338,-0.043,0.079,0.34,0.266,-0.149,0.435,0.406,0.025,0.281,-0.037,0.079,-0.019,0.344,0.255,0.225,0.291,0.145,0.472,0.378,-0.102,0.07,0.26,0.477,0.202,0.203,0.216,0.294,0.301,0.307,0.362,0.297,-0.103,-0.086,0.351,0.334,0.013,0.016,-0.097,-0.072,0.22,0.329,-0.01,0.189,0.306,-0.255,0.267,0.284,0.055,0.153,0.335,0.073,0.137,0.307,0.343,0.234,0.355,0.227,0.173,0.25,0.318,-0.008,0.376,-0.349,-0.201,0.199,0.302,0.346,0.099,0.233,0.156,0.343,0.061,-0.014,-0.014,-0.083,0.382,0.437,0.299,0.172,0.297,0.472,0.352,0.119,0.329,0.355,0.206,0.353,0.391,-0.013,0.33,0.367,0.047,0.305,-0.253,0.05,0.318,0.298,0.358,0.532,0.25,0.061,0.246,0.33,0.061,0.315,0.23,0.199,0.322,0.273,0.3,0.208,0.381,0.34,0.215,0.156,0.283,0.326,0.362,0.34,0.309,-0.42,0.185,0.546,0.026,-0.044,0.222,0.294,0.246,0.336,0.267,0.346,0.042,0.359,0.307,0.272,0.387,0.278,0.318,0.29,-0.114,0.309,0.338,-0.136,0.225,-0.311,0.276,0.31,0.489,0.216,0.338,0.304,0.123,-0.093,0.098,0.234,0.334,-0.024,0.313,0.19,-0.002,0.148,0.109,0.206,0.334,0.243,0.273,0.253,0.347,0.084,0.178,0.264,-0.124,0.323,-0.249,0.133,0.33,0.013,0.136,0.389
ACGLO,0.938,-0.121,0.647,0.348,0.0,0.915,0.703,0.876,-0.406,0.594,-0.802,-0.398,0.931,0.884,0.884,0.94,0.542,0.85,0.685,0.831,0.742,-0.722,0.038,0.789,0.816,-0.492,0.747,0.839,0.416,0.928,-0.135,0.809,-0.364,0.932,0.911,0.931,0.912,-0.076,0.731,0.797,-0.717,-0.264,-0.567,0.919,0.414,0.284,0.88,0.849,0.957,0.88,0.831,0.934,-0.765,-0.396,0.891,0.965,-0.12,-0.683,0.072,-0.823,-0.339,0.946,-0.209,-0.279,0.889,-0.718,-0.329,0.695,0.695,0.586,0.903,0.554,0.282,0.798,0.932,0.921,-0.074,0.873,0.794,0.192,0.85,0.367,0.533,-0.429,-0.828,0.773,0.865,0.912,0.735,0.269,0.817,0.904,0.104,0.17,-0.85,0.181,0.726,0.856,0.921,0.681,0.963,0.926,0.944,0.611,0.791,0.971,0.934,0.207,0.826,-0.594,0.896,0.472,0.743,0.852,-0.334,-0.6,0.106,0.979,0.551,0.397,-0.296,0.089,0.937,0.917,-0.442,0.895,0.949,0.853,0.794,0.958,0.932,0.303,0.794,0.97,0.507,0.591,0.814,0.947,0.933,0.887,0.848,-0.314,0.352,0.47,-0.769,0.311,0.074,0.914,0.947,0.857,0.662,0.913,-0.447,0.848,0.758,0.926,0.912,0.9,0.924,0.949,-0.536,0.8,0.435,-0.921,0.801,-0.186,0.863,0.697,-0.046,0.906,0.721,0.33,0.631,0.444,0.73,0.928,0.803,0.632,0.899,0.935,-0.501,-0.223,0.486,0.64,0.903,0.842,0.091,0.895,0.744,0.831,0.772,0.899,-0.798,0.956,-0.931,0.681,0.944,-0.273,0.858,0.764
ACIW,0.862,-0.349,0.548,0.165,0.915,0.0,0.644,0.766,-0.368,0.647,-0.666,-0.513,0.886,0.752,0.896,0.866,0.475,0.767,0.546,0.896,0.6,-0.722,0.14,0.612,0.716,-0.46,0.568,0.731,0.58,0.829,-0.05,0.887,-0.407,0.847,0.903,0.913,0.806,-0.015,0.625,0.624,-0.625,-0.14,-0.659,0.809,0.244,0.315,0.829,0.813,0.948,0.927,0.739,0.875,-0.707,-0.345,0.801,0.857,-0.202,-0.791,0.053,-0.918,-0.539,0.825,-0.228,-0.409,0.888,-0.589,-0.551,0.647,0.815,0.504,0.794,0.547,0.297,0.74,0.834,0.898,-0.303,0.807,0.742,-0.026,0.822,0.47,0.507,-0.245,-0.816,0.821,0.755,0.791,0.773,0.384,0.825,0.866,0.098,0.34,-0.895,0.214,0.758,0.736,0.859,0.567,0.915,0.78,0.854,0.759,0.712,0.869,0.929,-0.058,0.736,-0.559,0.87,0.442,0.684,0.719,-0.373,-0.766,0.058,0.917,0.254,0.139,-0.516,-0.103,0.953,0.877,-0.496,0.77,0.895,0.874,0.671,0.945,0.925,0.409,0.744,0.898,0.624,0.578,0.708,0.898,0.869,0.774,0.691,-0.097,0.225,0.29,-0.82,0.248,0.028,0.832,0.91,0.787,0.587,0.816,-0.598,0.726,0.729,0.854,0.77,0.848,0.822,0.927,-0.336,0.645,0.343,-0.867,0.813,-0.075,0.753,0.557,-0.204,0.947,0.525,0.281,0.682,0.406,0.746,0.862,0.631,0.775,0.775,0.873,-0.529,-0.107,0.422,0.613,0.857,0.776,-0.052,0.802,0.595,0.909,0.792,0.829,-0.76,0.866,-0.85,0.754,0.93,-0.262,0.837,0.601
ADBE,0.633,-0.083,0.685,0.121,0.703,0.644,0.0,0.902,-0.541,0.285,-0.385,-0.03,0.843,0.752,0.542,0.615,0.149,0.864,0.848,0.587,0.651,-0.518,0.182,0.633,0.753,-0.719,0.708,0.697,0.097,0.734,-0.426,0.636,-0.308,0.598,0.744,0.718,0.775,-0.391,0.684,0.796,-0.472,-0.438,-0.447,0.672,0.713,-0.081,0.516,0.493,0.734,0.43,0.609,0.723,-0.84,-0.182,0.64,0.789,0.451,-0.424,0.635,-0.512,-0.342,0.774,-0.058,-0.067,0.756,-0.588,-0.219,0.627,0.47,0.703,0.842,0.526,0.022,0.357,0.732,0.816,0.038,0.871,0.508,0.265,0.621,0.18,0.226,-0.473,-0.59,0.443,0.481,0.804,0.594,0.35,0.796,0.789,-0.105,-0.009,-0.72,0.642,0.452,0.728,0.664,0.846,0.74,0.693,0.744,0.271,0.698,0.688,0.689,0.309,0.587,-0.543,0.589,0.221,0.71,0.77,0.014,-0.552,-0.414,0.673,0.558,0.503,-0.031,0.523,0.73,0.751,-0.463,0.776,0.796,0.657,0.799,0.748,0.699,-0.043,0.428,0.733,0.068,0.792,0.913,0.656,0.619,0.76,0.646,-0.169,0.77,0.577,-0.521,0.698,0.119,0.689,0.644,0.556,0.29,0.809,-0.16,0.865,0.391,0.69,0.704,0.571,0.873,0.621,-0.413,0.691,0.226,-0.726,0.503,0.197,0.912,0.872,-0.07,0.607,0.693,0.061,0.606,0.817,0.616,0.767,0.769,0.669,0.714,0.802,-0.413,0.013,0.622,0.622,0.646,0.517,0.468,0.684,0.606,0.579,0.594,0.696,-0.705,0.665,-0.712,0.294,0.714,-0.502,0.834,0.659
ADSK,0.867,0.073,0.732,0.252,0.876,0.766,0.902,0.0,-0.451,0.442,-0.57,-0.125,0.944,0.914,0.735,0.838,0.317,0.969,0.838,0.729,0.833,-0.571,0.047,0.869,0.909,-0.592,0.879,0.827,0.174,0.927,-0.286,0.747,-0.279,0.855,0.879,0.884,0.936,-0.173,0.766,0.928,-0.689,-0.368,-0.424,0.824,0.649,0.096,0.763,0.764,0.865,0.633,0.807,0.916,-0.832,-0.297,0.876,0.952,0.24,-0.441,0.393,-0.657,-0.21,0.95,-0.053,-0.096,0.867,-0.764,-0.26,0.748,0.497,0.772,0.961,0.57,0.27,0.631,0.93,0.928,0.049,0.952,0.763,0.466,0.812,0.343,0.469,-0.545,-0.81,0.654,0.768,0.957,0.745,0.225,0.86,0.855,0.142,-0.021,-0.735,0.44,0.539,0.863,0.883,0.817,0.905,0.861,0.928,0.365,0.826,0.894,0.844,0.459,0.823,-0.498,0.796,0.402,0.834,0.934,-0.112,-0.456,-0.104,0.877,0.633,0.582,-0.079,0.49,0.842,0.92,-0.329,0.923,0.919,0.779,0.909,0.879,0.839,0.087,0.686,0.902,0.195,0.743,0.937,0.849,0.845,0.912,0.877,-0.252,0.587,0.595,-0.681,0.642,0.176,0.883,0.862,0.791,0.601,0.931,-0.143,0.944,0.66,0.899,0.916,0.798,0.972,0.809,-0.573,0.891,0.481,-0.832,0.714,-0.053,0.979,0.873,-0.081,0.76,0.831,0.301,0.703,0.688,0.763,0.934,0.94,0.605,0.921,0.928,-0.333,-0.226,0.65,0.763,0.831,0.793,0.443,0.902,0.771,0.659,0.741,0.899,-0.727,0.883,-0.846,0.49,0.871,-0.318,0.92,0.793
AEP,-0.378,0.295,-0.636,-0.073,-0.406,-0.368,-0.541,-0.451,0.0,0.169,0.105,-0.344,-0.531,-0.255,-0.114,-0.19,0.203,-0.365,-0.798,-0.316,-0.509,0.026,-0.563,-0.405,-0.48,0.362,-0.279,-0.624,0.118,-0.384,0.751,-0.093,0.598,-0.253,-0.439,-0.354,-0.515,0.714,-0.471,-0.555,-0.024,0.846,0.501,-0.225,-0.678,0.657,-0.058,-0.028,-0.378,-0.17,-0.53,-0.352,0.815,0.338,-0.385,-0.449,-0.486,0.619,-0.597,0.231,0.6,-0.403,0.025,-0.126,-0.414,0.368,0.318,-0.582,-0.093,0.029,-0.496,0.14,0.464,-0.006,-0.36,-0.508,-0.104,-0.604,-0.202,-0.017,-0.097,0.312,-0.051,0.737,0.325,0.009,-0.048,-0.51,-0.465,-0.061,-0.593,-0.577,-0.095,0.193,0.476,-0.716,-0.624,-0.652,-0.313,-0.625,-0.514,-0.421,-0.351,0.043,-0.662,-0.432,-0.243,0.02,-0.051,0.846,-0.065,0.355,-0.456,-0.507,0.444,0.407,0.35,-0.319,-0.43,0.008,0.148,-0.355,-0.303,-0.354,0.422,-0.548,-0.569,-0.477,-0.563,-0.358,-0.51,0.319,-0.002,-0.462,0.115,-0.254,-0.482,-0.469,-0.342,-0.621,-0.439,0.059,-0.755,-0.108,0.231,-0.593,0.456,-0.223,-0.268,-0.314,0.106,-0.604,0.068,-0.636,0.003,-0.417,-0.393,-0.292,-0.502,-0.221,0.087,-0.306,-0.1,0.593,-0.28,-0.413,-0.485,-0.675,0.011,-0.256,-0.31,0.475,-0.328,-0.673,-0.228,-0.447,-0.39,-0.274,-0.405,-0.555,0.725,-0.075,-0.191,0.006,-0.131,-0.082,-0.002,-0.205,-0.475,-0.446,0.074,-0.2,0.698,-0.31,0.483,0.196,-0.404,0.957,-0.308,-0.735
AGIO,0.583,-0.122,0.346,0.149,0.594,0.647,0.285,0.442,0.169,0.0,-0.425,-0.517,0.522,0.587,0.827,0.696,0.738,0.486,0.085,0.755,0.433,-0.501,-0.059,0.371,0.293,-0.298,0.42,0.437,0.749,0.496,0.598,0.764,0.011,0.611,0.658,0.686,0.369,0.504,0.312,0.232,-0.439,0.351,-0.184,0.606,-0.239,0.756,0.78,0.75,0.685,0.766,0.408,0.604,-0.177,0.145,0.516,0.516,-0.385,-0.376,-0.295,-0.634,-0.075,0.534,0.146,-0.662,0.664,-0.219,-0.345,0.445,0.798,0.527,0.465,0.604,0.653,0.834,0.566,0.55,-0.496,0.364,0.541,-0.018,0.732,0.803,0.681,0.183,-0.603,0.848,0.656,0.447,0.544,0.183,0.468,0.473,0.129,0.563,-0.546,-0.086,0.409,0.239,0.669,0.029,0.523,0.549,0.62,0.841,0.382,0.536,0.761,-0.126,0.71,0.003,0.811,0.819,0.44,0.357,-0.058,-0.505,0.242,0.614,0.063,0.155,-0.429,-0.264,0.704,0.593,-0.266,0.389,0.449,0.561,0.284,0.673,0.575,0.824,0.764,0.505,0.605,0.424,0.403,0.589,0.621,0.324,0.411,0.138,-0.2,0.363,-0.421,-0.139,0.41,0.691,0.683,0.587,0.717,0.377,-0.43,0.316,0.804,0.59,0.517,0.695,0.495,0.751,-0.02,0.446,0.56,-0.406,0.781,-0.366,0.391,0.113,-0.295,0.773,0.328,0.632,0.481,-0.031,0.686,0.558,0.378,0.674,0.429,0.501,0.001,-0.013,0.287,0.614,0.769,0.69,-0.031,0.588,0.3,0.504,0.8,0.675,-0.252,0.608,-0.417,0.827,0.646,0.26,0.648,0.206
ALEC,-0.673,0.072,-0.211,-0.327,-0.802,-0.666,-0.385,-0.57,0.105,-0.425,0.0,0.634,-0.61,-0.679,-0.68,-0.748,-0.566,-0.534,-0.33,-0.505,-0.347,0.811,0.251,-0.509,-0.53,0.311,-0.451,-0.509,-0.265,-0.705,0.031,-0.579,0.197,-0.731,-0.555,-0.615,-0.671,0.061,-0.465,-0.51,0.704,0.084,0.514,-0.803,-0.203,-0.388,-0.717,-0.638,-0.687,-0.716,-0.515,-0.648,0.433,0.42,-0.595,-0.72,0.409,0.51,0.235,0.618,0.168,-0.68,0.491,0.176,-0.544,0.571,0.001,-0.257,-0.54,-0.385,-0.593,-0.492,-0.139,-0.626,-0.653,-0.589,-0.076,-0.559,-0.565,-0.016,-0.611,-0.148,-0.248,0.18,0.497,-0.54,-0.752,-0.613,-0.311,-0.15,-0.431,-0.598,0.16,-0.071,0.634,0.229,-0.463,-0.557,-0.627,-0.489,-0.678,-0.702,-0.676,-0.449,-0.378,-0.738,-0.709,-0.153,-0.58,0.476,-0.699,-0.368,-0.441,-0.563,0.197,0.393,-0.218,-0.785,-0.488,-0.343,0.179,0.159,-0.694,-0.598,0.348,-0.61,-0.674,-0.536,-0.461,-0.7,-0.611,-0.191,-0.591,-0.729,-0.494,-0.346,-0.516,-0.666,-0.666,-0.58,-0.592,0.502,-0.087,-0.314,0.689,0.095,-0.026,-0.666,-0.72,-0.578,-0.469,-0.61,0.511,-0.51,-0.507,-0.631,-0.647,-0.635,-0.63,-0.748,0.643,-0.543,-0.089,0.739,-0.441,0.298,-0.572,-0.374,-0.152,-0.66,-0.541,-0.23,-0.207,-0.12,-0.378,-0.619,-0.52,-0.336,-0.647,-0.641,0.435,0.301,-0.282,-0.363,-0.711,-0.629,0.113,-0.694,-0.518,-0.647,-0.58,-0.654,0.613,-0.742,0.771,-0.601,-0.637,0.045,-0.542,-0.443
ALNY,-0.241,0.355,0.329,0.086,-0.398,-0.513,-0.03,-0.125,-0.344,-0.517,0.634,0.0,-0.238,-0.261,-0.541,-0.418,-0.452,-0.154,0.262,-0.374,0.176,0.76,0.354,0.065,-0.07,0.178,0.059,0.056,-0.515,-0.263,-0.373,-0.536,-0.008,-0.35,-0.242,-0.321,-0.176,-0.212,-0.003,0.082,0.519,-0.367,0.414,-0.416,0.347,-0.649,-0.502,-0.427,-0.401,-0.579,0.022,-0.297,-0.011,0.249,-0.164,-0.261,0.7,0.383,0.463,0.532,0.286,-0.208,0.539,0.438,-0.268,0.152,0.147,0.211,-0.655,-0.222,-0.119,-0.569,-0.195,-0.402,-0.233,-0.253,0.307,-0.126,-0.254,0.412,-0.413,-0.392,-0.031,-0.489,0.239,-0.495,-0.42,-0.109,-0.071,-0.181,-0.123,-0.176,0.345,-0.347,0.471,0.388,-0.108,0.037,-0.268,-0.042,-0.258,-0.198,-0.26,-0.585,0.144,-0.279,-0.492,0.317,-0.287,0.084,-0.501,-0.386,-0.099,-0.064,-0.083,0.51,-0.152,-0.433,0.194,0.05,0.403,0.589,-0.501,-0.246,0.378,-0.089,-0.274,-0.259,0.083,-0.425,-0.261,-0.433,-0.353,-0.301,-0.575,-0.189,-0.098,-0.268,-0.272,-0.036,-0.027,0.126,0.393,-0.036,0.52,0.473,-0.162,-0.346,-0.42,-0.188,-0.265,-0.106,0.685,0.038,-0.319,-0.216,-0.12,-0.297,-0.184,-0.486,0.265,-0.059,0.206,0.331,-0.203,0.274,-0.127,0.167,0.148,-0.487,-0.076,-0.215,-0.03,0.215,-0.248,-0.219,0.02,-0.428,-0.162,-0.226,0.215,0.165,0.026,-0.202,-0.476,-0.366,0.409,-0.357,0.025,-0.49,-0.544,-0.353,0.257,-0.342,0.38,-0.64,-0.314,-0.305,-0.321,0.214
ALTR,0.908,-0.117,0.732,0.194,0.931,0.886,0.843,0.944,-0.531,0.522,-0.61,-0.238,0.0,0.888,0.819,0.882,0.35,0.938,0.804,0.852,0.81,-0.627,0.127,0.814,0.882,-0.569,0.793,0.838,0.339,0.921,-0.288,0.792,-0.441,0.867,0.931,0.951,0.93,-0.179,0.752,0.85,-0.674,-0.398,-0.583,0.815,0.53,0.105,0.81,0.791,0.933,0.76,0.85,0.921,-0.888,-0.374,0.896,0.959,0.14,-0.664,0.331,-0.777,-0.395,0.95,-0.04,-0.248,0.909,-0.713,-0.469,0.777,0.648,0.64,0.956,0.513,0.228,0.674,0.939,0.977,-0.157,0.953,0.82,0.254,0.828,0.39,0.499,-0.501,-0.853,0.735,0.786,0.941,0.842,0.224,0.894,0.918,0.174,0.118,-0.854,0.402,0.657,0.877,0.92,0.762,0.962,0.867,0.928,0.518,0.864,0.933,0.916,0.232,0.791,-0.625,0.818,0.336,0.872,0.91,-0.282,-0.633,-0.045,0.926,0.537,0.366,-0.312,0.287,0.913,0.931,-0.467,0.94,0.977,0.889,0.879,0.951,0.938,0.191,0.723,0.952,0.327,0.66,0.899,0.928,0.899,0.928,0.857,-0.134,0.51,0.459,-0.73,0.562,0.017,0.909,0.907,0.848,0.612,0.955,-0.35,0.912,0.703,0.941,0.895,0.87,0.964,0.873,-0.485,0.812,0.445,-0.922,0.804,0.03,0.939,0.822,-0.209,0.869,0.724,0.248,0.751,0.677,0.822,0.972,0.85,0.704,0.919,0.979,-0.521,-0.213,0.575,0.683,0.837,0.803,0.207,0.881,0.771,0.809,0.756,0.911,-0.825,0.918,-0.902,0.58,0.943,-0.401,0.918,0.801
AMBA,0.868,0.164,0.654,0.333,0.884,0.752,0.752,0.914,-0.255,0.587,-0.679,-0.261,0.888,0.0,0.81,0.896,0.47,0.927,0.666,0.761,0.754,-0.625,-0.065,0.819,0.804,-0.498,0.862,0.752,0.287,0.893,-0.103,0.781,-0.132,0.861,0.824,0.878,0.869,0.054,0.756,0.824,-0.752,-0.179,-0.374,0.88,0.447,0.315,0.852,0.848,0.843,0.699,0.783,0.868,-0.669,-0.247,0.854,0.92,0.093,-0.4,0.203,-0.642,-0.049,0.945,0.019,-0.165,0.829,-0.652,-0.24,0.682,0.576,0.728,0.928,0.559,0.395,0.73,0.914,0.869,-0.083,0.847,0.833,0.389,0.864,0.461,0.559,-0.389,-0.749,0.759,0.869,0.874,0.697,0.187,0.699,0.804,0.174,0.086,-0.68,0.182,0.496,0.765,0.892,0.647,0.868,0.846,0.907,0.481,0.745,0.879,0.887,0.41,0.853,-0.413,0.858,0.524,0.833,0.873,-0.063,-0.395,0.129,0.896,0.617,0.598,-0.166,0.336,0.835,0.883,-0.273,0.893,0.856,0.766,0.832,0.894,0.804,0.264,0.807,0.882,0.328,0.631,0.885,0.825,0.847,0.832,0.842,-0.173,0.393,0.564,-0.655,0.457,0.21,0.95,0.877,0.809,0.726,0.864,-0.203,0.816,0.756,0.882,0.89,0.865,0.915,0.87,-0.531,0.851,0.483,-0.786,0.752,-0.128,0.894,0.762,-0.114,0.802,0.8,0.444,0.664,0.539,0.788,0.909,0.887,0.599,0.9,0.896,-0.255,-0.27,0.693,0.757,0.873,0.834,0.325,0.893,0.693,0.649,0.806,0.945,-0.599,0.904,-0.78,0.658,0.867,-0.125,0.855,0.703
AMCX,0.874,-0.185,0.534,0.227,0.884,0.896,0.542,0.735,-0.114,0.827,-0.68,-0.541,0.819,0.81,0.0,0.934,0.714,0.753,0.399,0.903,0.628,-0.681,-0.058,0.65,0.645,-0.349,0.631,0.695,0.699,0.825,0.239,0.894,-0.266,0.877,0.889,0.915,0.74,0.238,0.575,0.565,-0.672,0.048,-0.492,0.826,0.079,0.575,0.937,0.904,0.917,0.929,0.718,0.886,-0.529,-0.225,0.818,0.825,-0.305,-0.601,-0.146,-0.893,-0.251,0.831,-0.061,-0.454,0.835,-0.528,-0.407,0.615,0.824,0.604,0.756,0.595,0.535,0.889,0.848,0.826,-0.365,0.689,0.795,0.116,0.863,0.616,0.631,-0.113,-0.843,0.925,0.864,0.762,0.735,0.277,0.719,0.757,0.162,0.383,-0.79,-0.005,0.612,0.621,0.901,0.384,0.855,0.789,0.852,0.823,0.637,0.856,0.955,0.004,0.861,-0.324,0.957,0.681,0.64,0.684,-0.287,-0.608,0.225,0.902,0.31,0.241,-0.45,-0.13,0.925,0.864,-0.359,0.732,0.796,0.773,0.609,0.919,0.873,0.6,0.883,0.837,0.642,0.52,0.649,0.87,0.9,0.697,0.72,-0.068,0.034,0.356,-0.69,0.146,0.197,0.887,0.925,0.862,0.786,0.732,-0.565,0.642,0.887,0.863,0.803,0.913,0.776,0.949,-0.345,0.707,0.5,-0.758,0.89,-0.292,0.696,0.426,-0.22,0.967,0.519,0.584,0.654,0.237,0.799,0.851,0.65,0.715,0.755,0.807,-0.299,-0.18,0.417,0.655,0.926,0.897,-0.006,0.862,0.568,0.816,0.89,0.884,-0.603,0.886,-0.782,0.898,0.899,0.02,0.835,0.52
AMKR,0.954,0.026,0.617,0.312,0.94,0.866,0.615,0.838,-0.19,0.696,-0.748,-0.418,0.882,0.896,0.934,0.0,0.616,0.86,0.541,0.864,0.749,-0.69,-0.154,0.817,0.785,-0.369,0.803,0.75,0.521,0.921,0.065,0.835,-0.295,0.952,0.91,0.95,0.854,0.174,0.705,0.73,-0.794,-0.078,-0.436,0.891,0.243,0.452,0.968,0.941,0.928,0.887,0.836,0.926,-0.621,-0.323,0.913,0.919,-0.196,-0.54,-0.077,-0.834,-0.146,0.942,-0.055,-0.376,0.857,-0.677,-0.351,0.673,0.67,0.652,0.86,0.564,0.525,0.883,0.946,0.876,-0.183,0.788,0.893,0.298,0.886,0.53,0.65,-0.336,-0.866,0.87,0.955,0.878,0.757,0.18,0.756,0.82,0.24,0.261,-0.76,-0.003,0.583,0.774,0.961,0.505,0.917,0.861,0.935,0.662,0.754,0.949,0.953,0.263,0.922,-0.374,0.944,0.606,0.731,0.808,-0.34,-0.482,0.268,0.967,0.463,0.396,-0.322,0.065,0.904,0.927,-0.27,0.856,0.871,0.846,0.764,0.935,0.903,0.4,0.904,0.927,0.526,0.535,0.737,0.93,0.958,0.832,0.867,-0.226,0.149,0.435,-0.757,0.262,0.182,0.955,0.976,0.919,0.847,0.839,-0.438,0.765,0.897,0.943,0.917,0.946,0.86,0.957,-0.543,0.821,0.546,-0.825,0.856,-0.273,0.802,0.591,-0.174,0.918,0.638,0.559,0.684,0.334,0.81,0.928,0.793,0.596,0.901,0.874,-0.307,-0.328,0.53,0.727,0.917,0.928,0.153,0.931,0.745,0.77,0.847,0.947,-0.637,0.975,-0.86,0.799,0.94,-0.022,0.855,0.677
AMRX,0.487,-0.12,0.283,0.31,0.542,0.475,0.149,0.317,0.203,0.738,-0.566,-0.452,0.35,0.47,0.714,0.616,0.0,0.282,0.019,0.486,0.289,-0.476,-0.164,0.299,0.175,-0.087,0.294,0.43,0.665,0.456,0.575,0.557,-0.044,0.547,0.497,0.494,0.316,0.386,0.242,0.152,-0.299,0.347,-0.184,0.591,-0.209,0.728,0.642,0.562,0.549,0.662,0.355,0.499,-0.041,0.171,0.374,0.411,-0.479,-0.268,-0.477,-0.562,0.079,0.44,-0.018,-0.38,0.406,-0.133,0.055,0.269,0.633,0.403,0.317,0.43,0.493,0.753,0.431,0.325,-0.199,0.185,0.353,-0.022,0.503,0.351,0.456,0.127,-0.438,0.618,0.583,0.359,0.236,0.293,0.26,0.34,-0.065,0.348,-0.421,-0.299,0.408,0.228,0.518,-0.033,0.42,0.565,0.468,0.736,0.212,0.483,0.593,-0.096,0.567,-0.03,0.69,0.722,0.14,0.233,-0.18,-0.278,0.276,0.517,0.336,0.185,-0.151,-0.375,0.545,0.456,-0.146,0.306,0.31,0.29,0.141,0.515,0.454,0.705,0.67,0.404,0.618,0.255,0.238,0.484,0.549,0.246,0.372,-0.233,-0.219,0.274,-0.261,-0.273,0.328,0.499,0.536,0.555,0.564,0.276,-0.519,0.232,0.666,0.442,0.494,0.581,0.35,0.632,-0.148,0.375,0.393,-0.352,0.592,-0.522,0.256,-0.017,0.168,0.638,0.203,0.679,0.184,-0.19,0.318,0.391,0.299,0.361,0.304,0.352,-0.022,0.011,0.131,0.296,0.652,0.585,-0.081,0.489,0.25,0.444,0.598,0.473,-0.201,0.516,-0.394,0.75,0.471,0.265,0.39,0.2
ANSS,0.865,0.111,0.71,0.211,0.85,0.767,0.864,0.969,-0.365,0.486,-0.534,-0.154,0.938,0.927,0.753,0.86,0.282,0.0,0.768,0.77,0.806,-0.563,-0.013,0.851,0.886,-0.554,0.895,0.756,0.231,0.9,-0.248,0.759,-0.244,0.836,0.865,0.901,0.897,-0.061,0.769,0.877,-0.739,-0.304,-0.398,0.789,0.547,0.15,0.797,0.803,0.851,0.643,0.806,0.882,-0.789,-0.3,0.883,0.925,0.243,-0.419,0.384,-0.662,-0.157,0.945,0.059,-0.169,0.871,-0.719,-0.367,0.74,0.516,0.765,0.956,0.539,0.352,0.634,0.939,0.925,-0.091,0.923,0.838,0.449,0.838,0.453,0.508,-0.48,-0.81,0.716,0.805,0.919,0.785,0.191,0.81,0.836,0.228,0.056,-0.719,0.354,0.463,0.821,0.893,0.741,0.886,0.801,0.912,0.398,0.815,0.875,0.864,0.441,0.841,-0.42,0.796,0.404,0.872,0.91,-0.115,-0.446,-0.015,0.874,0.537,0.539,-0.175,0.46,0.835,0.914,-0.297,0.92,0.898,0.817,0.9,0.886,0.837,0.135,0.735,0.89,0.214,0.671,0.916,0.835,0.845,0.883,0.856,-0.122,0.502,0.548,-0.685,0.64,0.155,0.922,0.871,0.802,0.677,0.9,-0.156,0.89,0.709,0.903,0.884,0.818,0.942,0.814,-0.541,0.853,0.477,-0.802,0.732,0.006,0.957,0.845,-0.239,0.775,0.778,0.348,0.767,0.685,0.837,0.944,0.904,0.634,0.929,0.917,-0.302,-0.272,0.682,0.798,0.818,0.808,0.412,0.896,0.752,0.647,0.78,0.926,-0.665,0.888,-0.8,0.552,0.886,-0.224,0.92,0.742
APPN,0.679,0.021,0.832,0.304,0.685,0.546,0.848,0.838,-0.798,0.085,-0.33,0.262,0.804,0.666,0.399,0.541,0.019,0.768,0.0,0.513,0.803,-0.251,0.347,0.754,0.802,-0.589,0.739,0.839,-0.097,0.718,-0.638,0.394,-0.456,0.593,0.702,0.66,0.808,-0.513,0.755,0.889,-0.343,-0.709,-0.367,0.572,0.836,-0.352,0.404,0.407,0.661,0.367,0.741,0.69,-0.921,-0.302,0.706,0.786,0.548,-0.46,0.657,-0.389,-0.318,0.76,0.042,0.084,0.706,-0.655,-0.225,0.776,0.221,0.466,0.85,0.231,-0.118,0.313,0.727,0.785,0.217,0.873,0.508,0.387,0.501,-0.017,0.275,-0.789,-0.596,0.302,0.426,0.842,0.65,0.173,0.777,0.804,0.127,-0.19,-0.6,0.696,0.592,0.878,0.648,0.851,0.762,0.75,0.724,0.072,0.858,0.724,0.549,0.393,0.513,-0.674,0.448,0.021,0.714,0.834,-0.25,-0.376,-0.302,0.627,0.688,0.459,0.039,0.619,0.595,0.701,-0.371,0.84,0.802,0.655,0.876,0.653,0.71,-0.167,0.38,0.747,-0.048,0.595,0.852,0.694,0.64,0.863,0.746,-0.245,0.86,0.536,-0.402,0.773,-0.108,0.609,0.579,0.596,0.255,0.865,0.03,0.934,0.339,0.714,0.757,0.556,0.85,0.526,-0.391,0.699,0.362,-0.737,0.51,0.19,0.866,0.937,0.039,0.498,0.717,-0.083,0.595,0.797,0.519,0.758,0.807,0.434,0.754,0.798,-0.504,-0.033,0.491,0.465,0.522,0.457,0.424,0.604,0.726,0.488,0.343,0.607,-0.755,0.644,-0.696,0.064,0.684,-0.699,0.674,0.897
APTO,0.861,-0.23,0.65,0.121,0.831,0.896,0.587,0.729,-0.316,0.755,-0.505,-0.374,0.852,0.761,0.903,0.864,0.486,0.77,0.513,0.0,0.694,-0.535,0.16,0.648,0.675,-0.392,0.637,0.71,0.663,0.766,0.078,0.865,-0.374,0.791,0.906,0.941,0.718,0.183,0.642,0.578,-0.566,-0.1,-0.517,0.718,0.116,0.362,0.855,0.851,0.904,0.865,0.778,0.845,-0.644,-0.217,0.829,0.797,-0.114,-0.686,0.04,-0.86,-0.389,0.807,0.109,-0.509,0.894,-0.492,-0.68,0.764,0.766,0.505,0.784,0.474,0.485,0.801,0.827,0.88,-0.495,0.739,0.815,0.079,0.839,0.649,0.673,-0.212,-0.849,0.91,0.761,0.756,0.885,0.194,0.776,0.818,0.322,0.46,-0.809,0.175,0.669,0.662,0.886,0.39,0.861,0.717,0.824,0.782,0.775,0.824,0.916,-0.067,0.792,-0.416,0.851,0.515,0.735,0.697,-0.378,-0.683,0.154,0.859,0.194,0.095,-0.607,-0.022,0.886,0.857,-0.39,0.744,0.819,0.887,0.684,0.909,0.901,0.516,0.825,0.83,0.546,0.508,0.682,0.866,0.872,0.735,0.702,0.132,0.148,0.303,-0.688,0.303,0.059,0.868,0.883,0.824,0.734,0.771,-0.481,0.686,0.834,0.871,0.761,0.903,0.786,0.898,-0.19,0.659,0.525,-0.755,0.922,-0.06,0.712,0.522,-0.403,0.94,0.467,0.429,0.791,0.383,0.884,0.873,0.624,0.79,0.766,0.842,-0.367,-0.101,0.441,0.674,0.831,0.805,-0.008,0.778,0.608,0.803,0.814,0.856,-0.624,0.855,-0.721,0.777,0.925,-0.169,0.833,0.603
ARCT,0.862,0.238,0.859,0.338,0.742,0.6,0.651,0.833,-0.509,0.433,-0.347,0.176,0.81,0.754,0.628,0.749,0.289,0.806,0.803,0.694,0.0,-0.213,0.108,0.942,0.838,-0.369,0.873,0.878,0.146,0.821,-0.193,0.523,-0.342,0.801,0.822,0.81,0.82,-0.04,0.724,0.867,-0.51,-0.428,-0.17,0.628,0.551,-0.001,0.69,0.711,0.74,0.561,0.881,0.825,-0.738,-0.2,0.874,0.829,0.245,-0.362,0.256,-0.508,-0.063,0.857,0.26,-0.136,0.773,-0.694,-0.305,0.89,0.28,0.576,0.843,0.279,0.369,0.684,0.862,0.805,0.059,0.808,0.751,0.615,0.682,0.363,0.673,-0.704,-0.807,0.577,0.707,0.894,0.816,-0.023,0.799,0.758,0.498,-0.001,-0.523,0.404,0.578,0.852,0.858,0.579,0.822,0.811,0.855,0.274,0.929,0.832,0.685,0.489,0.789,-0.387,0.674,0.377,0.774,0.867,-0.363,-0.227,0.102,0.742,0.623,0.462,-0.052,0.505,0.648,0.824,-0.121,0.849,0.78,0.719,0.872,0.714,0.783,0.155,0.68,0.797,0.099,0.494,0.742,0.832,0.832,0.884,0.921,-0.176,0.458,0.513,-0.455,0.61,0.131,0.777,0.769,0.834,0.698,0.839,0.061,0.876,0.722,0.885,0.903,0.789,0.828,0.683,-0.399,0.871,0.786,-0.686,0.805,-0.168,0.796,0.757,-0.131,0.645,0.724,0.357,0.702,0.501,0.722,0.858,0.89,0.379,0.855,0.81,-0.204,-0.282,0.513,0.657,0.683,0.767,0.423,0.775,0.835,0.478,0.531,0.78,-0.584,0.8,-0.69,0.35,0.791,-0.297,0.742,0.893
ARWR,-0.55,0.243,-0.101,-0.043,-0.722,-0.722,-0.518,-0.571,0.026,-0.501,0.811,0.76,-0.627,-0.625,-0.681,-0.69,-0.476,-0.563,-0.251,-0.535,-0.213,0.0,0.273,-0.335,-0.47,0.437,-0.358,-0.345,-0.342,-0.614,-0.029,-0.699,0.205,-0.629,-0.559,-0.616,-0.565,0.065,-0.36,-0.375,0.721,-0.025,0.576,-0.766,-0.137,-0.425,-0.688,-0.593,-0.68,-0.679,-0.35,-0.588,0.426,0.325,-0.458,-0.649,0.354,0.551,0.099,0.663,0.318,-0.607,0.5,0.344,-0.558,0.514,0.123,-0.132,-0.689,-0.479,-0.532,-0.687,-0.118,-0.528,-0.579,-0.583,0.074,-0.539,-0.474,0.175,-0.625,-0.289,-0.127,-0.044,0.447,-0.546,-0.665,-0.525,-0.281,-0.298,-0.489,-0.572,0.322,-0.203,0.727,0.079,-0.342,-0.416,-0.557,-0.497,-0.605,-0.577,-0.626,-0.54,-0.267,-0.625,-0.731,-0.033,-0.514,0.42,-0.691,-0.391,-0.455,-0.451,-0.006,0.609,0.026,-0.725,-0.283,-0.264,0.24,0.203,-0.74,-0.573,0.496,-0.509,-0.646,-0.553,-0.373,-0.71,-0.563,-0.221,-0.495,-0.653,-0.518,-0.491,-0.545,-0.589,-0.555,-0.466,-0.426,0.327,-0.095,-0.28,0.726,0.056,-0.15,-0.641,-0.685,-0.459,-0.381,-0.519,0.633,-0.434,-0.453,-0.541,-0.51,-0.547,-0.599,-0.731,0.576,-0.411,0.031,0.702,-0.387,0.115,-0.561,-0.339,0.053,-0.668,-0.448,-0.168,-0.259,-0.231,-0.436,-0.567,-0.413,-0.548,-0.544,-0.608,0.443,0.255,-0.345,-0.439,-0.68,-0.539,0.074,-0.632,-0.348,-0.701,-0.666,-0.634,0.58,-0.655,0.729,-0.64,-0.607,0.035,-0.626,-0.236
ASND,-0.012,-0.407,0.343,0.079,0.038,0.14,0.182,0.047,-0.563,-0.059,0.251,0.354,0.127,-0.065,-0.058,-0.154,-0.164,-0.013,0.347,0.16,0.108,0.273,0.0,-0.089,0.012,-0.154,-0.107,0.293,0.069,-0.085,-0.327,0.029,-0.254,-0.137,0.115,0.058,0.026,-0.279,0.096,0.069,0.55,-0.268,-0.254,-0.021,0.187,-0.407,-0.231,-0.145,0.104,0.021,0.13,0.015,-0.296,0.186,0.014,0.008,0.399,-0.351,0.426,-0.032,-0.471,-0.028,0.139,0.098,0.201,0.221,-0.4,0.403,0.149,-0.211,0.105,-0.182,-0.24,-0.124,-0.061,0.162,-0.181,0.149,-0.153,-0.256,-0.028,-0.134,0.124,-0.19,-0.008,-0.02,-0.294,0.034,0.242,0.281,0.221,0.265,0.065,0.178,-0.149,0.534,0.56,0.184,-0.029,0.143,0.104,0.073,-0.013,0.147,0.278,-0.017,-0.004,-0.35,-0.19,-0.386,-0.116,-0.231,0.103,0.034,-0.186,-0.336,-0.25,-0.045,-0.024,-0.242,-0.266,0.052,0.069,0.058,-0.271,0.04,0.117,0.148,0.107,0.084,0.179,0.029,-0.115,0.036,0.016,0.118,0.163,0.058,-0.008,0.103,-0.069,0.255,0.44,-0.061,0.093,0.259,-0.309,-0.071,-0.096,-0.053,-0.316,0.167,0.025,0.178,-0.181,0.009,-0.044,0.021,0.104,-0.016,0.596,-0.077,0.05,-0.059,0.142,0.493,0.087,0.231,0.18,0.084,-0.05,-0.301,0.178,0.319,0.033,0.036,-0.034,0.267,-0.049,0.128,-0.252,0.636,-0.0,-0.1,-0.073,-0.203,-0.084,-0.182,-0.048,0.184,-0.114,-0.101,-0.186,-0.075,0.028,-0.171,0.09,-0.596,0.036,0.227
ASTH,0.903,0.321,0.752,0.34,0.789,0.612,0.633,0.869,-0.405,0.371,-0.509,0.065,0.814,0.819,0.65,0.817,0.299,0.851,0.754,0.648,0.942,-0.335,-0.089,0.0,0.891,-0.304,0.912,0.833,0.071,0.893,-0.207,0.548,-0.26,0.879,0.797,0.813,0.883,-0.01,0.739,0.915,-0.684,-0.391,-0.214,0.699,0.567,0.054,0.759,0.774,0.734,0.575,0.892,0.859,-0.705,-0.324,0.918,0.88,0.143,-0.311,0.17,-0.544,0.031,0.909,0.118,-0.032,0.74,-0.803,-0.208,0.794,0.23,0.619,0.864,0.329,0.399,0.698,0.912,0.804,0.143,0.829,0.832,0.696,0.714,0.313,0.617,-0.692,-0.818,0.586,0.825,0.922,0.752,-0.056,0.749,0.736,0.482,-0.1,-0.506,0.238,0.489,0.871,0.884,0.623,0.85,0.827,0.885,0.213,0.873,0.884,0.709,0.613,0.833,-0.368,0.715,0.38,0.772,0.909,-0.326,-0.136,0.195,0.814,0.66,0.535,-0.01,0.509,0.659,0.85,-0.039,0.891,0.814,0.71,0.892,0.729,0.771,0.05,0.715,0.845,0.122,0.465,0.739,0.844,0.863,0.915,0.98,-0.286,0.386,0.477,-0.58,0.58,0.132,0.822,0.828,0.861,0.756,0.86,0.058,0.873,0.739,0.911,0.947,0.813,0.841,0.721,-0.616,0.919,0.709,-0.734,0.744,-0.23,0.824,0.755,-0.095,0.641,0.78,0.397,0.653,0.468,0.703,0.885,0.939,0.281,0.931,0.83,-0.189,-0.453,0.55,0.687,0.719,0.833,0.433,0.865,0.87,0.501,0.563,0.835,-0.582,0.863,-0.756,0.406,0.794,-0.183,0.745,0.876
ATSG,0.868,0.14,0.679,0.266,0.816,0.716,0.753,0.909,-0.48,0.293,-0.53,-0.07,0.882,0.804,0.645,0.785,0.175,0.886,0.802,0.675,0.838,-0.47,0.012,0.891,0.0,-0.444,0.837,0.778,0.074,0.895,-0.362,0.639,-0.373,0.842,0.816,0.837,0.922,-0.162,0.725,0.92,-0.701,-0.429,-0.387,0.727,0.63,-0.005,0.716,0.739,0.793,0.601,0.834,0.876,-0.815,-0.45,0.905,0.906,0.169,-0.425,0.303,-0.638,-0.216,0.895,-0.09,-0.014,0.791,-0.831,-0.326,0.726,0.34,0.627,0.896,0.418,0.251,0.572,0.908,0.883,0.108,0.908,0.792,0.53,0.754,0.285,0.466,-0.61,-0.817,0.592,0.75,0.932,0.752,0.079,0.824,0.804,0.319,-0.067,-0.63,0.344,0.518,0.893,0.851,0.777,0.884,0.796,0.876,0.236,0.84,0.882,0.741,0.508,0.783,-0.472,0.705,0.252,0.793,0.929,-0.265,-0.364,0.021,0.84,0.563,0.493,-0.092,0.476,0.755,0.889,-0.208,0.893,0.892,0.764,0.899,0.802,0.812,-0.034,0.644,0.882,0.132,0.594,0.819,0.832,0.836,0.929,0.883,-0.281,0.484,0.467,-0.708,0.627,0.078,0.807,0.828,0.785,0.603,0.905,-0.073,0.915,0.629,0.882,0.885,0.759,0.895,0.722,-0.624,0.87,0.507,-0.798,0.662,-0.099,0.898,0.818,-0.1,0.673,0.769,0.255,0.672,0.58,0.706,0.896,0.89,0.429,0.928,0.866,-0.336,-0.361,0.523,0.699,0.734,0.78,0.394,0.872,0.812,0.606,0.629,0.836,-0.696,0.862,-0.832,0.376,0.832,-0.306,0.82,0.81
AVTX,-0.348,0.119,-0.394,-0.149,-0.492,-0.46,-0.719,-0.592,0.362,-0.298,0.311,0.178,-0.569,-0.498,-0.349,-0.369,-0.087,-0.554,-0.589,-0.392,-0.369,0.437,-0.154,-0.304,-0.444,0.0,-0.438,-0.394,-0.045,-0.447,0.267,-0.453,0.129,-0.365,-0.491,-0.454,-0.498,0.342,-0.464,-0.525,0.327,0.289,0.226,-0.496,-0.523,-0.055,-0.342,-0.298,-0.539,-0.324,-0.239,-0.481,0.592,0.141,-0.364,-0.544,-0.27,0.327,-0.481,0.307,0.334,-0.465,0.17,0.233,-0.594,0.448,0.096,-0.342,-0.454,-0.505,-0.586,-0.609,0.112,-0.2,-0.473,-0.596,-0.046,-0.616,-0.221,0.002,-0.503,-0.248,-0.101,0.197,0.347,-0.324,-0.244,-0.517,-0.364,-0.249,-0.537,-0.542,0.418,-0.023,0.586,-0.566,-0.26,-0.397,-0.396,-0.665,-0.46,-0.512,-0.52,-0.203,-0.416,-0.439,-0.498,-0.112,-0.395,0.38,-0.422,-0.224,-0.458,-0.537,-0.235,0.626,0.548,-0.438,-0.311,-0.403,-0.021,-0.304,-0.573,-0.471,0.526,-0.499,-0.545,-0.441,-0.475,-0.538,-0.427,-0.093,-0.244,-0.485,-0.025,-0.688,-0.685,-0.392,-0.336,-0.422,-0.304,0.138,-0.597,-0.679,0.265,-0.338,-0.228,-0.458,-0.413,-0.227,-0.097,-0.499,0.13,-0.58,-0.209,-0.411,-0.408,-0.258,-0.645,-0.417,0.219,-0.371,-0.038,0.484,-0.276,-0.063,-0.649,-0.603,0.022,-0.394,-0.586,0.1,-0.372,-0.516,-0.431,-0.485,-0.466,-0.628,-0.419,-0.525,0.336,-0.144,-0.337,-0.493,-0.511,-0.289,-0.351,-0.425,-0.346,-0.295,-0.47,-0.472,0.59,-0.409,0.481,-0.126,-0.477,0.393,-0.637,-0.359
BCPC,0.832,0.413,0.766,0.435,0.747,0.568,0.708,0.879,-0.279,0.42,-0.451,0.059,0.793,0.862,0.631,0.803,0.294,0.895,0.739,0.637,0.873,-0.358,-0.107,0.912,0.837,-0.438,0.0,0.737,0.1,0.82,-0.167,0.588,-0.141,0.798,0.771,0.801,0.805,0.095,0.799,0.885,-0.684,-0.24,-0.068,0.738,0.551,0.15,0.733,0.773,0.727,0.529,0.809,0.808,-0.637,-0.234,0.863,0.848,0.272,-0.188,0.268,-0.471,0.144,0.891,0.201,-0.114,0.778,-0.717,-0.172,0.737,0.278,0.707,0.89,0.45,0.47,0.651,0.889,0.794,0.081,0.799,0.79,0.665,0.771,0.417,0.592,-0.586,-0.746,0.627,0.787,0.877,0.695,0.054,0.685,0.738,0.368,0.0,-0.481,0.242,0.371,0.802,0.846,0.601,0.78,0.795,0.867,0.252,0.823,0.817,0.717,0.655,0.868,-0.224,0.732,0.481,0.754,0.861,-0.154,-0.161,0.118,0.769,0.599,0.691,0.029,0.573,0.669,0.845,-0.05,0.856,0.755,0.711,0.905,0.741,0.72,0.114,0.745,0.802,0.126,0.593,0.817,0.758,0.803,0.843,0.878,-0.21,0.44,0.666,-0.497,0.573,0.3,0.858,0.777,0.78,0.742,0.829,0.074,0.85,0.731,0.84,0.893,0.765,0.855,0.719,-0.554,0.874,0.654,-0.629,0.69,-0.162,0.854,0.807,-0.109,0.622,0.787,0.472,0.701,0.499,0.757,0.848,0.919,0.385,0.893,0.777,-0.066,-0.296,0.672,0.81,0.734,0.763,0.597,0.818,0.792,0.41,0.644,0.86,-0.472,0.829,-0.671,0.427,0.792,-0.094,0.773,0.777
BEAM,0.865,-0.059,0.87,0.406,0.839,0.731,0.697,0.827,-0.624,0.437,-0.509,0.056,0.838,0.752,0.695,0.75,0.43,0.756,0.839,0.71,0.878,-0.345,0.293,0.833,0.778,-0.394,0.737,0.0,0.246,0.834,-0.248,0.584,-0.432,0.802,0.855,0.811,0.85,-0.208,0.758,0.828,-0.399,-0.46,-0.405,0.721,0.554,0.005,0.656,0.642,0.824,0.685,0.875,0.843,-0.797,-0.174,0.835,0.865,0.179,-0.568,0.276,-0.632,-0.26,0.851,0.059,-0.078,0.804,-0.638,-0.272,0.881,0.449,0.505,0.857,0.262,0.174,0.668,0.832,0.828,0.065,0.831,0.659,0.349,0.645,0.183,0.543,-0.669,-0.766,0.575,0.658,0.889,0.746,0.273,0.812,0.858,0.266,0.028,-0.681,0.433,0.801,0.892,0.829,0.648,0.887,0.892,0.85,0.423,0.894,0.86,0.731,0.253,0.707,-0.591,0.706,0.337,0.673,0.822,-0.447,-0.403,0.003,0.788,0.667,0.385,-0.13,0.302,0.752,0.826,-0.314,0.865,0.837,0.726,0.817,0.787,0.861,0.244,0.676,0.845,0.304,0.515,0.775,0.868,0.852,0.879,0.855,-0.254,0.55,0.463,-0.507,0.541,-0.036,0.745,0.774,0.821,0.527,0.877,-0.17,0.902,0.65,0.859,0.899,0.792,0.863,0.762,-0.33,0.79,0.602,-0.794,0.795,-0.116,0.812,0.734,0.052,0.754,0.689,0.237,0.64,0.525,0.606,0.847,0.835,0.505,0.799,0.856,-0.445,-0.072,0.428,0.5,0.747,0.705,0.22,0.746,0.781,0.65,0.532,0.731,-0.723,0.799,-0.766,0.428,0.832,-0.469,0.73,0.912
BILI,0.4,-0.394,0.234,0.025,0.416,0.58,0.097,0.174,0.118,0.749,-0.265,-0.515,0.339,0.287,0.699,0.521,0.665,0.231,-0.097,0.663,0.146,-0.342,0.069,0.071,0.074,-0.045,0.1,0.246,0.0,0.286,0.521,0.608,-0.193,0.376,0.538,0.509,0.172,0.425,0.164,-0.054,-0.162,0.383,-0.355,0.383,-0.457,0.642,0.554,0.526,0.553,0.701,0.293,0.407,-0.067,0.099,0.335,0.265,-0.425,-0.452,-0.356,-0.663,-0.28,0.307,0.083,-0.631,0.448,0.093,-0.473,0.278,0.763,0.198,0.23,0.309,0.501,0.621,0.33,0.371,-0.656,0.149,0.384,-0.337,0.45,0.532,0.503,0.264,-0.456,0.725,0.394,0.222,0.429,0.326,0.35,0.344,0.036,0.694,-0.511,-0.2,0.423,0.11,0.462,-0.193,0.375,0.288,0.333,0.908,0.218,0.353,0.588,-0.506,0.447,-0.039,0.584,0.558,0.142,0.094,-0.328,-0.56,0.26,0.43,-0.204,-0.231,-0.627,-0.546,0.566,0.416,-0.244,0.197,0.285,0.458,0.084,0.525,0.529,0.756,0.593,0.339,0.706,0.196,0.15,0.454,0.485,0.154,0.159,0.201,-0.317,-0.004,-0.326,-0.244,0.084,0.434,0.482,0.469,0.482,0.215,-0.716,0.102,0.622,0.377,0.275,0.548,0.242,0.571,0.223,0.158,0.245,-0.276,0.618,-0.208,0.148,-0.095,-0.293,0.697,-0.128,0.55,0.389,-0.107,0.466,0.357,0.047,0.634,0.187,0.304,-0.151,0.182,0.082,0.268,0.524,0.466,-0.335,0.333,0.12,0.575,0.61,0.404,-0.186,0.411,-0.29,0.781,0.514,0.173,0.398,0.042
BJRI,0.946,0.029,0.663,0.281,0.928,0.829,0.734,0.927,-0.384,0.496,-0.705,-0.263,0.921,0.893,0.825,0.921,0.456,0.9,0.718,0.766,0.821,-0.614,-0.085,0.893,0.895,-0.447,0.82,0.834,0.286,0.0,-0.168,0.762,-0.371,0.952,0.902,0.907,0.975,-0.087,0.757,0.878,-0.76,-0.305,-0.474,0.838,0.498,0.222,0.863,0.843,0.9,0.77,0.859,0.957,-0.768,-0.408,0.922,0.96,-0.021,-0.52,0.138,-0.776,-0.229,0.956,-0.144,-0.149,0.834,-0.782,-0.271,0.712,0.535,0.702,0.914,0.507,0.336,0.743,0.961,0.913,0.033,0.901,0.847,0.428,0.82,0.349,0.522,-0.52,-0.885,0.719,0.87,0.96,0.764,0.196,0.831,0.822,0.199,-0.026,-0.76,0.238,0.604,0.873,0.943,0.699,0.952,0.884,0.934,0.455,0.804,0.965,0.889,0.388,0.864,-0.503,0.862,0.442,0.781,0.932,-0.298,-0.435,0.084,0.943,0.612,0.45,-0.14,0.274,0.87,0.936,-0.267,0.93,0.93,0.798,0.848,0.901,0.888,0.182,0.773,0.947,0.33,0.615,0.813,0.923,0.928,0.922,0.924,-0.327,0.372,0.463,-0.762,0.482,0.123,0.884,0.942,0.897,0.707,0.912,-0.309,0.886,0.764,0.953,0.96,0.866,0.92,0.868,-0.627,0.902,0.506,-0.883,0.788,-0.225,0.895,0.731,-0.07,0.833,0.748,0.397,0.672,0.519,0.729,0.955,0.905,0.531,0.935,0.93,-0.38,-0.381,0.541,0.684,0.873,0.904,0.274,0.96,0.806,0.735,0.75,0.909,-0.753,0.948,-0.906,0.614,0.908,-0.215,0.876,0.792
BLUE,-0.087,0.052,-0.284,-0.037,-0.135,-0.05,-0.426,-0.286,0.751,0.598,0.031,-0.373,-0.288,-0.103,0.239,0.065,0.575,-0.248,-0.638,0.078,-0.193,-0.029,-0.327,-0.207,-0.362,0.267,-0.167,-0.248,0.521,-0.168,0.0,0.196,0.416,0.01,-0.059,-0.041,-0.341,0.798,-0.304,-0.436,0.005,0.79,0.336,-0.019,-0.722,0.809,0.226,0.216,-0.047,0.192,-0.247,-0.05,0.623,0.453,-0.152,-0.235,-0.634,0.257,-0.711,-0.1,0.357,-0.191,0.15,-0.451,-0.091,0.288,0.09,-0.207,0.249,0.119,-0.316,0.264,0.654,0.397,-0.143,-0.242,-0.327,-0.422,-0.041,-0.069,0.119,0.544,0.308,0.626,-0.003,0.327,0.129,-0.276,-0.133,-0.014,-0.257,-0.31,0.056,0.464,0.178,-0.54,-0.177,-0.471,-0.01,-0.643,-0.231,-0.127,-0.093,0.462,-0.34,-0.164,0.054,-0.208,0.187,0.637,0.245,0.669,-0.305,-0.35,0.17,0.101,0.361,-0.077,-0.361,-0.12,-0.122,-0.499,-0.012,-0.097,0.248,-0.373,-0.344,-0.191,-0.42,-0.087,-0.173,0.705,0.269,-0.24,0.389,-0.089,-0.365,-0.129,-0.034,-0.411,-0.209,0.142,-0.757,-0.031,0.105,-0.609,0.528,-0.006,0.024,-0.002,0.353,-0.401,-0.146,-0.427,0.358,-0.119,-0.126,0.054,-0.289,0.099,0.248,-0.12,0.278,0.359,0.189,-0.578,-0.365,-0.624,-0.089,0.109,-0.232,0.641,-0.115,-0.685,0.038,-0.193,-0.239,0.03,-0.263,-0.295,0.58,0.02,-0.163,0.145,0.167,0.18,-0.109,-0.017,-0.294,-0.152,0.271,0.003,0.472,-0.073,0.29,0.466,-0.1,0.778,-0.061,-0.467
