,AAL,AAON,ACB,ACGL,ACGLO,ACIW,ADBE,ADSK,AEP,AGIO,ALEC,ALNY,ALTR,AMBA,AMCX,AMKR,AMRX,ANSS,APPN,APTO,ARCT,ARWR,ASND,ASTH,ATSG,AVTX,BCPC,BEAM,BILI,BJRI,BLUE,BPOP,BRKL,BWIN,BZUN,CARG,CBRL,CBSH,CBUS,CENTA,CERS,CFFN,CHCO,CHEF,CHRD,CINF,CLLS,CMCO,CMCSA,COLL,COMM,COOP,CPB,CRON,CROX,CRUS,CRWD,CTAS,CYBR,CYTK,DGII,DIOD,DOMO,DPZ,DSGR,DXCM,ERIE,ESTA,EXEL,FAST,FCEL,FCFS,FHB,FITBI,FSV,FTDR,FUTU,GLDD,GLPG,GLPI,GOGO,GOSS,GSAT,GYRE,HALO,HAS,HLIT,HLNE,HSDT,HSIC,HTHT,ICHR,IDYA,IMVT,INDB,INSM,IONS,IOSP,ITRI,JBHT,JBLU,JSM,KLIC,KOD,KURA,LAB,LASR,LIN,LKQ,LNT,MBUU,MCRI,MDGL,MEDP,MGNI,MGPI,MGRC,MKTX,MRNA,MRTN,MSEX,MSFT,MU,NAVI,NBTB,NEO,NEOG,NGNE,NSSC,NTAP,NTES,NTLA,NTRS,NYMTN,OBLG,OCFC,ON,ONC,OPI,OSIS,OSW,PALI,PANW,PCAR,PCRX,PCTY,PEBO,PLAB,PLAY,PLMR,PLSE,PLUS,PRTA,PSEC,PSNL,PTCT,PTON,QNST,QRVO,QTTB,RARE,RBCAA,RGNX,SAIC,SGMO,SINT,SNPS,SPSC,SPTN,SSYS,STNE,TBBK,TCPC,TENB,TGTX,TREE,TRUP,TTWO,TW,TXG,UBSI,UCTT,UFPT,UMBF,UPBD,URBN,VBTX,VCTR,VEON,VNET,VRSK,VSEC,WABC,WTFCM,WVE,WW,WWD,XEL,ZD,ZYME
AAL,0.0,0.174,-0.14,0.575,-0.383,0.72,0.602,0.552,0.405,0.096,-0.363,0.422,0.616,0.759,0.862,0.692,0.396,0.6,0.725,-0.865,0.71,-0.505,-0.056,0.607,0.643,-0.712,0.153,-0.286,0.388,0.556,0.277,0.731,0.37,-0.445,0.627,0.782,0.584,0.697,0.524,0.499,0.079,0.34,0.127,0.936,0.543,0.533,0.676,0.288,0.831,-0.67,0.712,0.572,0.288,0.636,0.742,0.903,0.628,0.435,0.477,-0.132,0.591,0.544,0.36,0.682,0.622,0.628,-0.76,0.447,-0.444,0.301,0.315,0.439,0.491,0.617,0.876,0.717,0.655,0.727,0.403,0.395,0.32,0.516,0.629,0.547,0.57,0.918,-0.763,0.63,0.016,0.386,0.542,-0.058,-0.826,0.191,0.407,0.39,0.734,0.593,0.625,0.627,0.589,-0.33,0.232,0.281,-0.478,0.563,-0.077,0.152,0.922,0.282,-0.042,0.373,-0.566,0.81,0.656,0.754,0.111,-0.686,0.553,-0.215,-0.102,0.381,-0.464,0.705,0.358,0.103,0.444,0.298,-0.244,0.859,0.694,0.437,0.457,0.823,-0.823,0.523,0.788,0.558,0.614,-0.192,0.75,0.541,0.002,0.795,-0.715,0.605,0.299,0.83,0.746,-0.591,0.717,0.672,-0.332,0.773,0.383,-0.502,0.731,0.716,0.643,0.213,-0.896,0.266,0.149,0.836,0.779,0.185,0.701,0.559,0.023,0.655,-0.737,0.486,0.739,0.779,0.048,0.535,0.61,0.64,-0.253,0.582,-0.053,0.128,-0.258,0.551,0.313,0.877,0.194,0.713,-0.031,-0.417,0.327,0.207,0.459,0.311,0.419,0.85,0.817,0.379,0.893,-0.058
AAON,0.174,0.0,-0.264,0.802,0.279,0.641,0.811,0.751,0.329,-0.287,0.471,0.756,0.248,0.165,0.527,0.291,0.683,0.793,0.621,-0.314,0.719,-0.001,0.415,0.792,0.757,-0.028,0.132,-0.337,0.458,0.797,0.054,0.676,0.88,0.341,0.42,0.599,0.584,0.617,0.658,0.873,0.804,0.751,0.902,0.272,-0.525,0.601,0.603,0.7,0.51,0.154,-0.463,0.814,-0.245,-0.36,0.67,-0.008,0.743,0.831,0.762,-0.006,0.786,0.674,0.883,0.707,0.611,0.718,-0.059,0.68,0.323,-0.465,0.809,0.861,0.83,0.635,0.423,0.7,0.664,-0.289,0.792,0.475,0.693,0.626,0.161,0.785,0.793,0.031,-0.134,0.798,0.064,0.051,0.579,0.423,-0.27,0.948,0.874,0.604,0.295,0.661,0.764,0.713,-0.511,-0.476,0.345,-0.052,0.364,0.726,-0.37,0.62,0.261,0.487,-0.179,0.83,-0.075,0.554,0.662,0.675,0.824,0.185,0.377,-0.017,0.692,0.774,0.422,0.708,0.868,0.764,0.85,-0.379,0.845,0.492,0.646,0.685,0.253,0.16,-0.156,0.839,0.671,0.536,0.664,0.828,0.17,0.73,-0.378,0.637,-0.394,0.793,0.88,0.441,0.494,-0.08,0.209,0.73,0.329,0.654,0.744,-0.645,0.572,0.644,0.726,0.761,-0.298,0.861,-0.609,0.569,0.498,0.612,0.755,0.574,-0.665,0.767,0.171,0.885,0.68,0.119,-0.653,0.734,0.467,0.716,0.784,0.656,0.731,0.279,0.502,0.773,0.856,0.449,0.881,0.721,-0.381,-0.522,0.714,0.145,0.866,0.082,0.609,0.302,0.598,0.357,0.504,-0.573
ACB,-0.14,-0.264,0.0,-0.232,0.396,-0.26,-0.224,-0.041,0.378,-0.226,0.388,0.071,-0.162,-0.12,-0.239,-0.476,-0.233,-0.149,0.062,0.455,-0.278,-0.271,0.194,-0.339,-0.061,0.527,-0.105,0.376,0.179,-0.155,0.304,-0.184,-0.161,-0.288,0.224,-0.312,-0.068,-0.16,0.071,-0.195,-0.106,-0.061,-0.286,-0.086,0.404,0.101,-0.024,-0.004,-0.217,0.443,0.25,-0.33,0.404,0.347,-0.046,-0.006,-0.112,-0.396,-0.027,0.709,-0.212,-0.152,-0.152,-0.104,-0.068,-0.132,-0.043,-0.335,0.239,-0.065,0.02,-0.115,-0.195,-0.326,-0.227,-0.115,-0.079,-0.007,-0.139,0.17,0.083,0.083,-0.225,-0.419,-0.174,-0.203,0.489,-0.249,0.151,0.207,0.086,-0.471,0.358,-0.239,-0.243,-0.147,0.131,-0.256,-0.165,-0.237,0.037,0.063,-0.451,0.326,0.065,0.037,0.38,-0.408,-0.25,0.112,0.052,-0.136,0.484,-0.25,-0.096,-0.203,-0.43,-0.093,0.058,-0.371,-0.024,-0.325,-0.063,-0.27,-0.193,0.137,-0.182,0.071,-0.293,-0.2,-0.18,0.062,0.028,-0.094,0.066,-0.212,-0.22,0.024,-0.376,-0.21,0.146,-0.044,-0.27,-0.251,-0.035,-0.167,-0.291,-0.181,-0.374,-0.197,0.106,-0.145,0.006,-0.134,0.126,0.285,0.069,-0.037,-0.102,0.044,0.229,-0.093,0.136,-0.222,0.03,0.202,-0.226,-0.383,-0.075,-0.224,0.169,-0.181,-0.185,-0.302,0.317,-0.114,0.063,-0.356,-0.31,-0.116,-0.273,-0.414,-0.443,-0.39,-0.221,-0.023,-0.137,-0.093,0.12,0.4,-0.058,-0.181,-0.125,0.021,0.223,0.031,-0.176,0.183,-0.145,0.257
ACGL,0.575,0.802,-0.232,0.0,-0.025,0.879,0.921,0.768,0.572,-0.354,0.246,0.782,0.369,0.426,0.844,0.441,0.822,0.895,0.781,-0.678,0.943,-0.397,0.336,0.85,0.935,-0.337,0.058,-0.556,0.479,0.898,0.181,0.888,0.894,-0.02,0.612,0.763,0.679,0.866,0.818,0.906,0.616,0.71,0.701,0.715,-0.152,0.786,0.865,0.576,0.798,-0.212,-0.032,0.885,0.096,0.074,0.902,0.387,0.853,0.857,0.813,-0.078,0.894,0.672,0.835,0.901,0.706,0.872,-0.361,0.665,0.224,-0.282,0.743,0.869,0.909,0.796,0.788,0.909,0.88,0.093,0.881,0.543,0.675,0.688,0.323,0.844,0.968,0.475,-0.531,0.947,0.129,0.179,0.672,0.152,-0.667,0.849,0.888,0.706,0.64,0.822,0.911,0.866,-0.174,-0.553,0.238,0.076,0.11,0.859,-0.425,0.474,0.598,0.617,-0.28,0.689,-0.252,0.886,0.8,0.913,0.542,-0.187,0.52,-0.295,0.491,0.815,-0.061,0.865,0.852,0.63,0.862,-0.194,0.526,0.835,0.811,0.689,0.489,0.585,-0.644,0.931,0.887,0.76,0.71,0.459,0.523,0.892,-0.317,0.918,-0.706,0.947,0.756,0.736,0.743,-0.42,0.514,0.94,-0.023,0.903,0.746,-0.776,0.843,0.837,0.807,0.812,-0.749,0.821,-0.552,0.901,0.809,0.68,0.936,0.688,-0.621,0.904,-0.3,0.942,0.938,0.419,-0.498,0.877,0.709,0.825,0.484,0.728,0.497,0.125,0.2,0.845,0.795,0.799,0.764,0.911,-0.314,-0.744,0.798,-0.045,0.929,0.224,0.739,0.703,0.851,0.599,0.838,-0.549
ACGLO,-0.383,0.279,0.396,-0.025,0.0,-0.108,0.165,0.265,0.329,-0.028,0.492,0.259,-0.13,-0.191,-0.233,-0.312,-0.07,0.149,0.086,0.483,-0.104,0.123,0.132,-0.038,0.046,0.406,-0.162,0.333,0.511,0.213,0.045,-0.023,0.256,0.375,0.26,-0.141,0.1,-0.083,0.152,0.135,0.415,0.235,0.269,-0.334,-0.281,0.152,0.085,0.403,-0.169,0.403,-0.366,0.046,-0.077,-0.25,0.104,-0.368,0.06,0.021,0.167,0.402,0.063,0.084,0.279,0.124,0.002,0.062,0.114,-0.001,0.511,-0.492,0.415,0.25,0.135,0.049,-0.164,0.045,0.135,-0.487,0.274,0.079,0.201,0.302,-0.287,-0.177,0.04,-0.47,0.391,0.04,-0.079,0.131,0.361,0.011,0.34,0.241,0.236,0.057,-0.207,-0.04,-0.062,-0.026,-0.544,0.125,-0.122,0.164,0.364,0.24,-0.114,0.121,-0.329,0.443,0.013,0.248,0.426,-0.249,0.192,-0.1,0.259,0.302,0.163,-0.199,0.372,0.084,0.579,-0.016,0.183,0.505,0.211,-0.206,0.33,-0.209,0.104,0.417,-0.069,-0.276,0.23,0.092,-0.032,0.146,-0.014,0.469,-0.392,0.241,-0.595,-0.15,0.052,0.134,0.182,-0.299,-0.265,0.221,-0.229,-0.067,0.397,-0.009,0.403,-0.087,0.131,0.0,0.121,0.317,0.341,0.228,-0.4,-0.259,-0.059,0.304,-0.006,-0.13,-0.482,0.065,0.623,0.185,-0.158,-0.495,-0.367,0.212,0.037,0.064,0.393,0.068,0.272,-0.08,-0.005,-0.007,0.163,-0.156,0.389,0.046,-0.138,0.305,0.064,0.059,0.207,0.005,0.13,-0.22,-0.148,0.317,-0.186,-0.218
ACIW,0.72,0.641,-0.26,0.879,-0.108,0.0,0.854,0.769,0.585,0.0,-0.041,0.655,0.681,0.718,0.849,0.719,0.625,0.887,0.779,-0.826,0.904,-0.286,0.162,0.852,0.819,-0.493,0.258,-0.414,0.599,0.896,0.049,0.861,0.794,-0.024,0.718,0.893,0.67,0.847,0.661,0.858,0.563,0.673,0.61,0.807,0.036,0.678,0.85,0.593,0.839,-0.406,0.204,0.891,0.028,0.237,0.903,0.629,0.789,0.771,0.758,-0.198,0.928,0.818,0.76,0.892,0.789,0.869,-0.554,0.765,-0.036,-0.173,0.692,0.759,0.803,0.843,0.913,0.848,0.851,0.323,0.828,0.576,0.592,0.571,0.461,0.797,0.858,0.703,-0.596,0.945,0.294,0.327,0.695,0.312,-0.716,0.643,0.792,0.797,0.757,0.89,0.867,0.829,0.018,-0.473,0.472,0.075,-0.015,0.752,-0.192,0.586,0.806,0.599,-0.036,0.659,-0.319,0.924,0.832,0.935,0.487,-0.237,0.645,-0.175,0.49,0.804,-0.11,0.918,0.721,0.466,0.84,0.024,0.372,0.841,0.909,0.669,0.499,0.661,-0.694,0.866,0.926,0.729,0.724,0.383,0.606,0.834,-0.225,0.913,-0.619,0.866,0.732,0.91,0.832,-0.481,0.606,0.897,0.046,0.881,0.639,-0.695,0.84,0.813,0.812,0.657,-0.782,0.701,-0.322,0.901,0.804,0.484,0.911,0.843,-0.409,0.885,-0.293,0.864,0.889,0.651,-0.49,0.899,0.52,0.85,0.338,0.729,0.427,0.405,0.16,0.845,0.695,0.821,0.637,0.878,-0.099,-0.504,0.588,0.187,0.796,0.393,0.537,0.66,0.894,0.539,0.885,-0.229
ADBE,0.602,0.811,-0.224,0.921,0.165,0.854,0.0,0.903,0.563,-0.208,0.217,0.819,0.464,0.484,0.844,0.501,0.735,0.962,0.874,-0.654,0.908,-0.322,0.223,0.894,0.899,-0.383,0.024,-0.379,0.664,0.942,0.184,0.901,0.914,0.073,0.724,0.827,0.786,0.819,0.833,0.902,0.677,0.733,0.731,0.684,-0.132,0.767,0.869,0.724,0.804,-0.253,0.012,0.915,-0.01,0.065,0.932,0.408,0.904,0.851,0.845,-0.009,0.926,0.728,0.886,0.944,0.712,0.911,-0.487,0.74,0.182,-0.314,0.822,0.915,0.905,0.842,0.796,0.933,0.916,0.081,0.88,0.508,0.703,0.804,0.316,0.79,0.9,0.46,-0.54,0.949,0.034,0.341,0.816,0.182,-0.641,0.825,0.92,0.63,0.577,0.792,0.853,0.863,-0.19,-0.508,0.305,0.187,0.004,0.925,-0.441,0.545,0.619,0.635,-0.248,0.783,-0.311,0.824,0.922,0.881,0.643,-0.246,0.618,-0.265,0.461,0.801,0.123,0.906,0.856,0.739,0.926,-0.133,0.527,0.847,0.889,0.85,0.438,0.529,-0.598,0.916,0.923,0.756,0.78,0.512,0.391,0.904,-0.45,0.897,-0.733,0.976,0.791,0.687,0.762,-0.328,0.548,0.894,0.081,0.932,0.84,-0.837,0.88,0.857,0.894,0.791,-0.719,0.79,-0.505,0.841,0.786,0.66,0.954,0.686,-0.627,0.962,-0.209,0.947,0.874,0.439,-0.524,0.913,0.755,0.895,0.496,0.805,0.503,0.187,0.119,0.858,0.787,0.798,0.83,0.936,-0.345,-0.609,0.735,0.141,0.94,0.181,0.706,0.684,0.844,0.585,0.853,-0.586
ADSK,0.552,0.751,-0.041,0.768,0.265,0.769,0.903,0.0,0.551,-0.053,0.248,0.857,0.572,0.486,0.755,0.495,0.633,0.932,0.891,-0.532,0.749,-0.17,0.251,0.888,0.802,-0.249,0.17,-0.054,0.765,0.896,0.321,0.822,0.849,0.15,0.804,0.838,0.86,0.725,0.75,0.856,0.743,0.809,0.74,0.61,-0.008,0.764,0.814,0.86,0.759,-0.083,0.09,0.864,-0.022,0.091,0.864,0.451,0.852,0.796,0.766,0.174,0.871,0.766,0.886,0.899,0.785,0.853,-0.527,0.775,0.099,-0.199,0.832,0.889,0.821,0.787,0.692,0.855,0.844,0.15,0.75,0.614,0.809,0.805,0.361,0.641,0.747,0.417,-0.332,0.871,0.121,0.558,0.838,0.143,-0.468,0.699,0.841,0.562,0.563,0.752,0.795,0.817,-0.13,-0.51,0.315,0.351,0.016,0.883,-0.221,0.558,0.597,0.566,-0.034,0.83,-0.235,0.679,0.936,0.804,0.651,-0.196,0.711,-0.15,0.525,0.671,0.305,0.862,0.823,0.815,0.901,-0.118,0.494,0.756,0.853,0.944,0.443,0.436,-0.445,0.844,0.817,0.625,0.745,0.562,0.39,0.812,-0.541,0.803,-0.656,0.879,0.793,0.619,0.718,-0.286,0.544,0.833,0.19,0.869,0.873,-0.701,0.857,0.833,0.909,0.758,-0.573,0.758,-0.302,0.73,0.721,0.639,0.842,0.641,-0.501,0.898,-0.048,0.865,0.755,0.421,-0.399,0.875,0.654,0.836,0.474,0.875,0.489,0.222,0.029,0.803,0.778,0.761,0.833,0.888,-0.285,-0.347,0.649,0.344,0.873,0.163,0.686,0.571,0.812,0.461,0.792,-0.39
AEP,0.405,0.329,0.378,0.572,0.329,0.585,0.563,0.551,0.0,-0.303,0.23,0.597,0.248,0.305,0.487,0.068,0.391,0.601,0.608,-0.276,0.574,-0.593,0.178,0.356,0.614,-0.036,-0.112,-0.222,0.701,0.643,0.152,0.549,0.547,-0.296,0.785,0.4,0.427,0.539,0.692,0.509,0.295,0.392,0.252,0.583,0.191,0.701,0.736,0.429,0.507,-0.06,0.263,0.424,0.469,0.349,0.719,0.394,0.461,0.355,0.605,0.363,0.566,0.446,0.436,0.697,0.521,0.629,-0.419,0.239,0.276,-0.237,0.558,0.506,0.51,0.442,0.62,0.67,0.739,0.16,0.645,0.513,0.437,0.523,0.133,0.311,0.616,0.364,-0.204,0.589,0.131,0.375,0.743,-0.27,-0.391,0.363,0.518,0.516,0.689,0.481,0.51,0.446,-0.11,-0.425,-0.127,0.162,-0.013,0.684,-0.129,0.085,0.417,0.879,-0.224,0.333,0.057,0.517,0.608,0.628,-0.002,-0.303,0.459,-0.674,0.408,0.417,-0.249,0.466,0.411,0.464,0.543,0.143,0.096,0.528,0.654,0.585,0.345,0.461,-0.607,0.545,0.564,0.773,0.329,0.165,0.416,0.726,-0.585,0.541,-0.61,0.653,0.255,0.492,0.301,-0.624,0.401,0.64,-0.038,0.628,0.581,-0.442,0.753,0.535,0.534,0.661,-0.499,0.49,-0.416,0.57,0.64,0.625,0.581,0.279,-0.628,0.575,-0.169,0.584,0.585,0.167,-0.292,0.661,0.543,0.442,0.057,0.393,0.029,-0.163,-0.344,0.333,0.335,0.625,0.418,0.638,-0.059,-0.238,0.599,-0.165,0.596,0.21,0.645,0.614,0.555,0.899,0.595,-0.223
AGIO,0.096,-0.287,-0.226,-0.354,-0.028,0.0,-0.208,-0.053,-0.303,0.0,-0.581,-0.338,0.535,0.413,-0.161,0.536,-0.389,-0.128,-0.178,-0.155,-0.253,0.541,-0.419,-0.035,-0.366,-0.328,0.402,0.531,0.173,-0.116,-0.232,-0.191,-0.314,0.298,-0.009,0.205,-0.029,-0.214,-0.504,-0.181,-0.042,-0.099,-0.157,-0.042,0.223,-0.332,-0.189,0.086,-0.028,-0.349,0.273,-0.016,-0.324,0.086,-0.18,0.305,-0.215,-0.117,-0.304,-0.354,-0.081,0.215,-0.149,-0.16,0.089,-0.191,-0.209,0.198,-0.543,0.318,-0.132,-0.244,-0.318,0.088,0.045,-0.275,-0.235,0.323,-0.265,-0.034,-0.193,-0.331,0.385,-0.138,-0.374,0.264,-0.042,-0.125,0.152,0.317,-0.048,0.404,0.06,-0.399,-0.273,0.012,-0.15,0.014,-0.198,-0.161,0.291,0.373,0.537,0.06,-0.222,-0.311,0.391,0.345,0.278,-0.249,0.576,-0.05,-0.168,-0.113,0.002,-0.151,0.151,0.062,0.185,0.461,-0.035,-0.187,0.25,0.005,-0.297,-0.326,-0.15,0.347,-0.247,-0.13,0.073,-0.047,-0.124,0.052,0.135,-0.254,-0.047,-0.336,0.012,-0.013,-0.04,-0.295,0.258,-0.13,0.391,-0.289,-0.047,0.083,0.097,0.284,0.049,-0.282,0.283,-0.177,-0.278,0.135,-0.192,-0.183,-0.012,-0.419,0.124,-0.347,0.546,-0.175,-0.245,-0.498,-0.189,0.228,0.568,-0.143,0.207,-0.279,-0.334,0.301,0.029,-0.083,-0.496,0.091,-0.138,0.018,-0.069,0.59,0.02,-0.033,-0.226,-0.138,-0.263,-0.228,0.387,0.576,-0.544,0.596,-0.369,0.323,-0.575,-0.318,-0.023,-0.391,-0.092,0.569
ALEC,-0.363,0.471,0.388,0.246,0.492,-0.041,0.217,0.248,0.23,-0.581,0.0,0.505,-0.298,-0.431,-0.119,-0.502,0.236,0.223,0.235,0.429,0.115,-0.085,0.479,0.095,0.264,0.714,-0.242,-0.035,0.109,0.181,0.143,0.026,0.351,0.075,0.097,-0.162,0.034,0.012,0.413,0.262,0.376,0.235,0.315,-0.26,-0.429,0.171,0.109,0.247,-0.163,0.767,-0.516,0.07,-0.119,-0.374,0.133,-0.467,0.236,0.131,0.392,0.625,0.19,0.039,0.363,0.147,0.032,0.258,0.275,0.039,0.643,-0.548,0.395,0.349,0.247,-0.115,-0.242,0.146,0.143,-0.663,0.313,0.076,0.356,0.323,-0.478,0.107,0.241,-0.565,0.477,0.118,0.128,-0.159,0.184,-0.08,0.398,0.538,0.267,0.084,0.062,-0.058,0.184,0.037,-0.615,-0.358,-0.266,0.152,0.508,0.333,-0.09,-0.011,-0.433,0.163,-0.37,0.294,0.569,-0.076,0.103,0.01,0.169,0.216,-0.056,-0.279,0.333,0.246,0.365,-0.017,0.331,0.613,0.323,-0.361,0.528,-0.123,-0.023,0.297,-0.106,-0.302,0.239,0.22,0.002,0.228,-0.149,0.41,-0.111,0.3,-0.423,-0.032,-0.12,0.238,0.243,-0.178,-0.242,-0.074,-0.023,0.154,0.378,0.045,0.465,-0.065,0.106,0.171,0.128,0.505,0.272,0.396,-0.431,-0.064,0.065,0.601,0.153,-0.098,-0.645,0.13,0.439,0.308,0.112,-0.475,-0.159,0.155,0.238,-0.043,0.409,0.116,0.263,-0.243,0.176,0.005,0.301,-0.027,0.431,0.159,-0.301,-0.154,0.492,-0.293,0.367,-0.212,0.532,-0.016,-0.06,0.164,-0.098,-0.328
ALNY,0.422,0.756,0.071,0.782,0.259,0.655,0.819,0.857,0.597,-0.338,0.505,0.0,0.297,0.191,0.651,0.192,0.637,0.837,0.853,-0.378,0.751,-0.322,0.352,0.744,0.807,-0.019,-0.068,-0.205,0.589,0.774,0.274,0.725,0.799,-0.082,0.689,0.631,0.671,0.632,0.871,0.766,0.594,0.649,0.661,0.517,-0.122,0.726,0.753,0.681,0.613,0.106,0.004,0.707,0.008,0.029,0.788,0.276,0.774,0.682,0.789,0.385,0.806,0.618,0.793,0.819,0.626,0.842,-0.418,0.577,0.239,-0.345,0.785,0.802,0.755,0.553,0.552,0.821,0.792,-0.056,0.728,0.471,0.711,0.756,0.151,0.625,0.781,0.222,-0.205,0.767,0.066,0.292,0.745,-0.008,-0.352,0.783,0.77,0.499,0.653,0.567,0.749,0.668,-0.283,-0.701,0.072,0.32,0.06,0.864,-0.268,0.307,0.379,0.562,-0.336,0.685,-0.006,0.596,0.789,0.728,0.465,-0.265,0.5,-0.394,0.437,0.634,0.182,0.687,0.758,0.789,0.814,-0.117,0.509,0.645,0.699,0.827,0.295,0.331,-0.421,0.773,0.717,0.738,0.547,0.487,0.367,0.81,-0.558,0.697,-0.709,0.845,0.652,0.516,0.499,-0.469,0.47,0.791,0.188,0.781,0.845,-0.594,0.765,0.754,0.78,0.785,-0.481,0.743,-0.411,0.679,0.695,0.761,0.798,0.465,-0.67,0.815,-0.094,0.829,0.762,0.215,-0.334,0.742,0.72,0.649,0.391,0.716,0.359,0.002,-0.005,0.628,0.692,0.703,0.751,0.826,-0.389,-0.503,0.809,0.058,0.863,-0.008,0.86,0.629,0.692,0.545,0.696,-0.456
ALTR,0.616,0.248,-0.162,0.369,-0.13,0.681,0.464,0.572,0.248,0.535,-0.298,0.297,0.0,0.819,0.473,0.854,0.135,0.605,0.547,-0.639,0.463,0.171,0.012,0.608,0.343,-0.429,0.551,0.183,0.549,0.53,-0.038,0.435,0.321,0.13,0.554,0.778,0.471,0.446,0.155,0.507,0.406,0.413,0.274,0.563,0.291,0.246,0.454,0.569,0.552,-0.387,0.378,0.593,-0.186,0.309,0.537,0.713,0.515,0.499,0.429,-0.2,0.614,0.807,0.486,0.509,0.711,0.555,-0.515,0.773,-0.488,0.205,0.449,0.404,0.313,0.608,0.653,0.408,0.426,0.461,0.353,0.485,0.379,0.211,0.594,0.444,0.333,0.664,-0.305,0.573,0.348,0.583,0.502,0.489,-0.368,0.179,0.299,0.608,0.521,0.581,0.531,0.467,0.29,-0.151,0.752,0.196,-0.165,0.331,0.357,0.641,0.779,0.17,0.395,0.524,-0.244,0.584,0.614,0.557,0.404,-0.153,0.609,0.218,0.316,0.412,0.083,0.668,0.3,0.222,0.533,0.311,0.095,0.523,0.678,0.487,0.26,0.513,-0.319,0.41,0.635,0.231,0.452,0.264,0.565,0.347,0.058,0.564,-0.192,0.41,0.472,0.754,0.623,-0.242,0.635,0.478,0.323,0.493,0.293,-0.365,0.481,0.531,0.613,0.21,-0.434,0.227,0.273,0.527,0.445,0.02,0.545,0.779,0.09,0.517,-0.047,0.411,0.412,0.779,-0.173,0.539,0.047,0.626,0.088,0.602,0.236,0.713,0.104,0.518,0.345,0.545,0.238,0.491,0.312,0.101,0.115,0.627,0.295,0.526,0.089,0.284,0.655,0.04,0.6,0.325
AMBA,0.759,0.165,-0.12,0.426,-0.191,0.718,0.484,0.486,0.305,0.413,-0.431,0.191,0.819,0.0,0.629,0.844,0.224,0.545,0.525,-0.73,0.522,-0.151,-0.033,0.545,0.443,-0.619,0.516,-0.054,0.486,0.56,0.106,0.577,0.339,-0.011,0.576,0.742,0.528,0.599,0.203,0.507,0.292,0.432,0.184,0.71,0.433,0.364,0.53,0.429,0.662,-0.59,0.531,0.588,0.071,0.501,0.609,0.819,0.52,0.4,0.404,-0.306,0.553,0.68,0.4,0.544,0.644,0.491,-0.587,0.564,-0.369,0.22,0.361,0.415,0.408,0.647,0.761,0.493,0.479,0.617,0.424,0.477,0.345,0.332,0.586,0.439,0.418,0.818,-0.534,0.582,0.239,0.471,0.443,0.342,-0.576,0.117,0.345,0.564,0.515,0.674,0.565,0.556,0.458,-0.013,0.579,0.161,-0.201,0.38,0.194,0.517,0.852,0.236,0.372,0.464,-0.368,0.714,0.567,0.614,0.265,-0.26,0.634,0.138,0.174,0.423,-0.196,0.673,0.311,0.104,0.448,0.234,-0.104,0.637,0.655,0.404,0.47,0.644,-0.554,0.463,0.696,0.327,0.511,0.041,0.661,0.42,0.071,0.65,-0.333,0.434,0.41,0.813,0.708,-0.256,0.633,0.529,-0.057,0.581,0.3,-0.394,0.584,0.596,0.601,0.147,-0.634,0.255,0.191,0.607,0.618,0.008,0.572,0.688,0.133,0.523,-0.301,0.426,0.523,0.775,-0.12,0.561,0.191,0.613,-0.029,0.542,0.204,0.52,0.032,0.558,0.31,0.622,0.221,0.549,0.251,-0.017,0.054,0.445,0.325,0.589,0.105,0.442,0.689,0.191,0.678,0.207
AMCX,0.862,0.527,-0.239,0.844,-0.233,0.849,0.844,0.755,0.487,-0.161,-0.119,0.651,0.473,0.629,0.0,0.609,0.718,0.805,0.816,-0.857,0.879,-0.501,0.164,0.835,0.872,-0.636,0.144,-0.451,0.449,0.804,0.354,0.943,0.73,-0.205,0.673,0.851,0.803,0.898,0.726,0.774,0.401,0.64,0.51,0.905,0.242,0.788,0.851,0.496,0.933,-0.498,0.382,0.825,0.265,0.385,0.88,0.686,0.815,0.718,0.64,-0.142,0.784,0.595,0.66,0.872,0.705,0.78,-0.616,0.582,-0.101,0.064,0.538,0.753,0.822,0.809,0.896,0.906,0.851,0.518,0.685,0.555,0.618,0.692,0.518,0.734,0.832,0.772,-0.748,0.859,0.03,0.345,0.638,-0.011,-0.861,0.541,0.756,0.539,0.677,0.819,0.837,0.887,0.267,-0.451,0.202,0.267,-0.211,0.788,-0.353,0.332,0.816,0.481,-0.135,0.588,-0.539,0.912,0.8,0.916,0.385,-0.469,0.62,-0.216,0.197,0.637,-0.255,0.866,0.727,0.43,0.711,-0.045,0.159,0.969,0.797,0.638,0.623,0.754,-0.802,0.831,0.883,0.674,0.815,0.136,0.635,0.757,-0.214,0.954,-0.806,0.857,0.612,0.804,0.888,-0.479,0.62,0.899,-0.318,0.949,0.634,-0.701,0.879,0.855,0.794,0.571,-0.932,0.639,-0.224,0.949,0.894,0.474,0.874,0.62,-0.27,0.863,-0.607,0.788,0.935,0.649,-0.213,0.777,0.772,0.804,0.168,0.755,0.293,0.062,-0.068,0.821,0.662,0.919,0.583,0.915,-0.26,-0.661,0.587,0.116,0.79,0.241,0.634,0.852,0.919,0.519,0.96,-0.412
AMKR,0.692,0.291,-0.476,0.441,-0.312,0.719,0.501,0.495,0.068,0.536,-0.502,0.192,0.854,0.844,0.609,0.0,0.253,0.562,0.455,-0.798,0.544,0.131,-0.098,0.661,0.396,-0.694,0.506,-0.086,0.383,0.537,-0.096,0.533,0.352,0.152,0.41,0.829,0.5,0.529,0.13,0.534,0.332,0.395,0.336,0.618,0.183,0.259,0.452,0.421,0.659,-0.598,0.336,0.67,-0.201,0.265,0.519,0.719,0.502,0.548,0.371,-0.485,0.601,0.744,0.444,0.508,0.616,0.491,-0.477,0.741,-0.514,0.236,0.329,0.395,0.402,0.689,0.713,0.452,0.436,0.53,0.375,0.387,0.313,0.198,0.704,0.569,0.399,0.766,-0.571,0.616,0.196,0.371,0.392,0.559,-0.578,0.213,0.384,0.539,0.41,0.663,0.544,0.563,0.349,-0.076,0.79,0.02,-0.243,0.305,0.09,0.659,0.849,0.116,0.33,0.498,-0.5,0.66,0.562,0.613,0.5,-0.184,0.504,0.313,0.239,0.475,-0.001,0.715,0.341,0.072,0.487,0.227,0.097,0.607,0.673,0.353,0.305,0.559,-0.419,0.472,0.685,0.224,0.633,0.218,0.483,0.327,0.209,0.641,-0.22,0.438,0.521,0.781,0.769,-0.136,0.521,0.503,0.092,0.543,0.188,-0.455,0.445,0.509,0.607,0.126,-0.577,0.256,0.22,0.611,0.453,-0.057,0.581,0.782,0.196,0.562,-0.258,0.432,0.491,0.834,-0.251,0.521,0.1,0.711,0.143,0.558,0.288,0.725,0.221,0.646,0.395,0.538,0.257,0.509,0.165,-0.131,0.086,0.589,0.323,0.492,-0.01,0.328,0.676,0.015,0.638,0.145
AMRX,0.396,0.683,-0.233,0.822,-0.07,0.625,0.735,0.633,0.391,-0.389,0.236,0.637,0.135,0.224,0.718,0.253,0.0,0.702,0.603,-0.484,0.718,-0.375,0.373,0.709,0.788,-0.221,0.074,-0.471,0.342,0.716,0.31,0.764,0.758,0.061,0.468,0.582,0.69,0.703,0.696,0.726,0.516,0.645,0.625,0.547,-0.12,0.777,0.713,0.478,0.662,-0.048,-0.075,0.721,0.155,0.018,0.673,0.257,0.673,0.738,0.582,0.001,0.658,0.437,0.659,0.718,0.562,0.635,-0.18,0.444,0.305,-0.139,0.545,0.766,0.788,0.628,0.55,0.764,0.701,0.102,0.655,0.546,0.727,0.588,0.264,0.667,0.774,0.341,-0.374,0.737,0.053,0.167,0.499,0.009,-0.496,0.684,0.761,0.478,0.392,0.682,0.773,0.758,-0.167,-0.522,0.075,0.106,0.109,0.722,-0.419,0.418,0.397,0.449,-0.232,0.598,-0.249,0.661,0.592,0.707,0.468,-0.083,0.329,-0.165,0.39,0.625,-0.006,0.642,0.765,0.581,0.675,-0.343,0.462,0.697,0.575,0.553,0.478,0.444,-0.456,0.789,0.649,0.489,0.58,0.396,0.379,0.669,-0.368,0.741,-0.569,0.77,0.623,0.48,0.649,-0.233,0.372,0.806,-0.196,0.74,0.642,-0.612,0.671,0.683,0.693,0.73,-0.594,0.752,-0.435,0.705,0.643,0.675,0.707,0.403,-0.483,0.731,-0.224,0.752,0.762,0.254,-0.281,0.678,0.649,0.628,0.506,0.612,0.43,-0.056,0.115,0.703,0.689,0.622,0.717,0.741,-0.226,-0.671,0.737,-0.066,0.801,0.122,0.643,0.555,0.693,0.44,0.647,-0.583
ANSS,0.6,0.793,-0.149,0.895,0.149,0.887,0.962,0.932,0.601,-0.128,0.223,0.837,0.605,0.545,0.805,0.562,0.702,0.0,0.904,-0.651,0.89,-0.257,0.266,0.911,0.865,-0.311,0.139,-0.257,0.721,0.947,0.147,0.857,0.896,0.078,0.778,0.873,0.792,0.792,0.801,0.911,0.701,0.738,0.723,0.694,-0.079,0.753,0.873,0.795,0.799,-0.186,0.058,0.922,-0.037,0.114,0.928,0.479,0.908,0.873,0.869,0.07,0.962,0.83,0.901,0.939,0.775,0.942,-0.495,0.834,0.114,-0.263,0.845,0.903,0.858,0.825,0.798,0.91,0.906,0.125,0.85,0.6,0.756,0.745,0.373,0.774,0.869,0.491,-0.432,0.956,0.151,0.455,0.85,0.249,-0.564,0.782,0.872,0.716,0.658,0.808,0.87,0.835,-0.179,-0.552,0.422,0.211,-0.007,0.906,-0.261,0.619,0.664,0.615,-0.161,0.818,-0.227,0.82,0.932,0.893,0.631,-0.22,0.65,-0.23,0.541,0.783,0.154,0.907,0.822,0.773,0.946,-0.055,0.54,0.825,0.919,0.881,0.417,0.523,-0.549,0.895,0.924,0.724,0.74,0.561,0.472,0.87,-0.446,0.884,-0.687,0.954,0.799,0.749,0.77,-0.382,0.636,0.909,0.185,0.913,0.82,-0.807,0.874,0.859,0.936,0.812,-0.674,0.778,-0.396,0.835,0.772,0.668,0.955,0.727,-0.594,0.966,-0.126,0.93,0.852,0.53,-0.485,0.921,0.664,0.878,0.486,0.845,0.483,0.302,0.111,0.833,0.772,0.804,0.799,0.934,-0.205,-0.487,0.739,0.256,0.907,0.257,0.711,0.648,0.87,0.544,0.859,-0.426
APPN,0.725,0.621,0.062,0.781,0.086,0.779,0.874,0.891,0.608,-0.178,0.235,0.853,0.547,0.525,0.816,0.455,0.603,0.904,0.0,-0.613,0.827,-0.44,0.206,0.798,0.84,-0.291,0.031,-0.19,0.686,0.813,0.281,0.815,0.741,-0.216,0.834,0.805,0.746,0.72,0.86,0.762,0.479,0.603,0.513,0.756,0.174,0.725,0.828,0.669,0.765,-0.196,0.317,0.756,0.08,0.308,0.904,0.593,0.889,0.671,0.832,0.286,0.861,0.721,0.746,0.891,0.719,0.905,-0.636,0.659,-0.003,-0.137,0.755,0.786,0.733,0.661,0.764,0.902,0.857,0.26,0.695,0.532,0.673,0.821,0.333,0.656,0.768,0.544,-0.427,0.825,0.041,0.483,0.841,0.014,-0.559,0.622,0.719,0.513,0.769,0.64,0.778,0.728,0.011,-0.592,0.225,0.362,-0.204,0.896,-0.159,0.346,0.672,0.51,-0.243,0.721,-0.218,0.762,0.893,0.822,0.412,-0.483,0.618,-0.363,0.258,0.6,-0.01,0.805,0.682,0.69,0.817,0.081,0.282,0.831,0.834,0.844,0.382,0.564,-0.602,0.763,0.881,0.746,0.654,0.292,0.565,0.811,-0.428,0.824,-0.793,0.872,0.605,0.72,0.678,-0.552,0.714,0.842,0.07,0.894,0.799,-0.691,0.879,0.875,0.882,0.669,-0.705,0.631,-0.205,0.811,0.801,0.639,0.88,0.585,-0.505,0.884,-0.297,0.798,0.824,0.525,-0.214,0.788,0.798,0.746,0.175,0.792,0.223,0.117,-0.13,0.664,0.601,0.869,0.636,0.897,-0.224,-0.452,0.689,0.215,0.81,0.132,0.772,0.803,0.837,0.53,0.888,-0.346
APTO,-0.865,-0.314,0.455,-0.678,0.483,-0.826,-0.654,-0.532,-0.276,-0.155,0.429,-0.378,-0.639,-0.73,-0.857,-0.798,-0.484,-0.651,-0.613,0.0,-0.772,0.284,0.085,-0.729,-0.631,0.791,-0.216,0.41,-0.296,-0.635,-0.074,-0.755,-0.496,0.205,-0.472,-0.852,-0.576,-0.73,-0.437,-0.597,-0.228,-0.409,-0.337,-0.873,-0.257,-0.486,-0.688,-0.317,-0.85,0.718,-0.453,-0.724,-0.088,-0.399,-0.711,-0.75,-0.624,-0.615,-0.449,0.415,-0.687,-0.575,-0.479,-0.69,-0.61,-0.644,0.647,-0.625,0.359,-0.178,-0.329,-0.491,-0.585,-0.745,-0.883,-0.693,-0.668,-0.61,-0.496,-0.383,-0.337,-0.379,-0.606,-0.681,-0.641,-0.879,0.839,-0.737,-0.133,-0.299,-0.459,-0.183,0.877,-0.33,-0.532,-0.526,-0.637,-0.731,-0.667,-0.712,-0.387,0.319,-0.422,-0.094,0.353,-0.522,0.231,-0.39,-0.889,-0.284,0.033,-0.371,0.648,-0.869,-0.665,-0.802,-0.307,0.457,-0.531,0.068,-0.094,-0.542,0.321,-0.796,-0.481,-0.111,-0.544,-0.17,-0.027,-0.863,-0.734,-0.404,-0.456,-0.75,0.768,-0.63,-0.801,-0.512,-0.684,-0.001,-0.603,-0.543,-0.075,-0.845,0.596,-0.659,-0.477,-0.841,-0.872,0.429,-0.595,-0.71,0.227,-0.772,-0.311,0.597,-0.667,-0.656,-0.638,-0.307,0.891,-0.371,0.009,-0.866,-0.7,-0.184,-0.752,-0.709,0.004,-0.713,0.639,-0.581,-0.766,-0.808,0.204,-0.642,-0.483,-0.748,-0.024,-0.612,-0.163,-0.309,-0.011,-0.717,-0.461,-0.796,-0.311,-0.719,0.107,0.546,-0.331,-0.181,-0.53,-0.325,-0.319,-0.697,-0.821,-0.299,-0.862,0.159
ARCT,0.71,0.719,-0.278,0.943,-0.104,0.904,0.908,0.749,0.574,-0.253,0.115,0.751,0.463,0.522,0.879,0.544,0.718,0.89,0.827,-0.772,0.0,-0.449,0.196,0.84,0.891,-0.462,0.052,-0.562,0.496,0.868,0.076,0.869,0.808,-0.175,0.649,0.817,0.635,0.841,0.81,0.856,0.477,0.583,0.592,0.794,-0.073,0.704,0.849,0.53,0.817,-0.367,0.121,0.851,0.071,0.18,0.919,0.518,0.85,0.793,0.837,-0.095,0.904,0.718,0.759,0.901,0.698,0.915,-0.462,0.682,0.036,-0.192,0.673,0.79,0.832,0.776,0.872,0.924,0.894,0.191,0.831,0.504,0.562,0.675,0.397,0.872,0.927,0.594,-0.634,0.925,0.074,0.185,0.727,0.174,-0.74,0.765,0.811,0.678,0.725,0.778,0.866,0.81,-0.061,-0.586,0.304,0.061,-0.089,0.831,-0.404,0.447,0.716,0.586,-0.332,0.664,-0.328,0.925,0.813,0.931,0.476,-0.374,0.486,-0.328,0.366,0.78,-0.166,0.875,0.743,0.534,0.832,-0.001,0.399,0.872,0.862,0.662,0.406,0.665,-0.731,0.86,0.941,0.803,0.73,0.353,0.561,0.85,-0.262,0.927,-0.76,0.935,0.667,0.822,0.759,-0.562,0.601,0.925,-0.023,0.911,0.66,-0.791,0.833,0.832,0.823,0.687,-0.819,0.693,-0.43,0.928,0.814,0.589,0.971,0.706,-0.558,0.915,-0.435,0.884,0.942,0.559,-0.434,0.825,0.723,0.836,0.318,0.718,0.343,0.19,0.118,0.79,0.692,0.856,0.642,0.914,-0.253,-0.724,0.763,0.036,0.858,0.251,0.704,0.785,0.877,0.609,0.9,-0.494
ARWR,-0.505,-0.001,-0.271,-0.397,0.123,-0.286,-0.322,-0.17,-0.593,0.541,-0.085,-0.322,0.171,-0.151,-0.501,0.131,-0.375,-0.257,-0.44,0.284,-0.449,0.0,-0.002,-0.091,-0.454,0.197,0.375,0.496,-0.192,-0.266,-0.278,-0.422,-0.217,0.704,-0.474,-0.136,-0.218,-0.382,-0.641,-0.142,0.256,-0.014,0.159,-0.576,-0.384,-0.469,-0.487,0.069,-0.396,0.234,-0.492,-0.095,-0.566,-0.526,-0.48,-0.392,-0.271,-0.024,-0.33,-0.349,-0.24,0.025,-0.009,-0.421,-0.128,-0.386,0.431,0.194,-0.155,0.021,-0.123,-0.205,-0.283,-0.09,-0.466,-0.537,-0.495,-0.292,-0.283,-0.112,-0.112,-0.47,0.035,-0.175,-0.414,-0.399,0.43,-0.258,0.191,-0.06,-0.366,0.589,0.472,-0.082,-0.218,-0.019,-0.548,-0.153,-0.278,-0.224,-0.195,0.368,0.457,-0.176,0.346,-0.495,0.263,0.384,-0.308,-0.409,0.528,-0.012,0.111,-0.421,-0.271,-0.392,0.392,0.674,-0.101,0.723,0.271,-0.093,0.692,-0.174,-0.124,-0.117,-0.157,-0.211,0.322,-0.477,-0.277,-0.195,-0.252,-0.444,0.68,-0.266,-0.379,-0.62,-0.14,0.396,-0.411,-0.457,0.37,-0.4,0.742,-0.406,0.126,-0.304,-0.213,0.627,-0.402,-0.429,0.572,-0.481,-0.323,0.31,-0.519,-0.39,-0.263,-0.268,0.607,-0.174,0.233,-0.461,-0.573,-0.437,-0.377,0.118,0.365,-0.349,0.633,-0.256,-0.506,-0.121,-0.199,-0.25,-0.69,-0.1,0.376,-0.123,0.366,0.535,0.562,-0.056,0.016,-0.542,-0.042,-0.428,0.103,0.451,-0.436,0.398,-0.332,0.055,-0.577,-0.765,-0.349,-0.647,-0.496,0.314
ASND,-0.056,0.415,0.194,0.336,0.132,0.162,0.223,0.251,0.178,-0.419,0.479,0.352,0.012,-0.033,0.164,-0.098,0.373,0.266,0.206,0.085,0.196,-0.002,0.0,0.326,0.406,0.337,0.379,-0.015,-0.034,0.275,0.441,0.298,0.418,0.16,0.055,0.084,0.308,0.44,0.172,0.462,0.513,0.523,0.443,0.009,-0.094,0.414,0.245,0.313,0.157,0.483,-0.3,0.292,0.235,-0.064,0.21,-0.114,0.398,0.342,0.233,0.142,0.178,0.181,0.424,0.161,0.337,0.152,0.307,0.193,0.224,-0.053,0.289,0.474,0.449,0.219,0.016,0.222,0.173,-0.074,0.353,0.524,0.583,0.156,0.088,0.262,0.411,-0.127,0.301,0.27,0.305,-0.069,-0.002,0.09,0.045,0.408,0.34,0.514,0.104,0.34,0.488,0.388,-0.061,-0.149,-0.008,0.334,0.648,0.203,0.122,0.147,-0.06,0.16,0.195,0.353,0.238,0.204,0.065,0.277,0.232,0.392,0.236,0.097,0.457,0.324,0.151,0.189,0.524,0.437,0.251,-0.609,0.401,0.165,0.036,0.187,0.497,0.082,0.083,0.423,0.117,0.062,0.194,0.393,0.357,0.228,-0.038,0.234,-0.022,0.256,0.402,0.17,0.127,-0.041,0.071,0.38,-0.084,0.195,0.31,0.002,0.243,0.266,0.206,0.479,0.017,0.573,-0.222,0.196,0.36,0.36,0.235,0.093,-0.215,0.184,0.198,0.4,0.342,0.001,-0.118,0.224,0.083,0.107,0.444,0.274,0.559,-0.072,0.342,0.344,0.563,0.169,0.419,0.314,-0.003,-0.168,0.35,-0.059,0.381,0.156,0.469,0.044,0.264,0.101,0.122,-0.013
ASTH,0.607,0.792,-0.339,0.85,-0.038,0.852,0.894,0.888,0.356,-0.035,0.095,0.744,0.608,0.545,0.835,0.661,0.709,0.911,0.798,-0.729,0.84,-0.091,0.326,0.0,0.829,-0.423,0.329,-0.225,0.517,0.886,0.244,0.874,0.862,0.189,0.606,0.915,0.841,0.822,0.641,0.919,0.731,0.814,0.801,0.664,-0.074,0.709,0.801,0.759,0.84,-0.217,0.021,0.96,-0.089,0.046,0.828,0.464,0.862,0.902,0.696,-0.141,0.895,0.772,0.894,0.853,0.812,0.832,-0.422,0.87,-0.034,-0.084,0.728,0.886,0.876,0.862,0.748,0.839,0.806,0.228,0.744,0.642,0.791,0.645,0.472,0.827,0.819,0.523,-0.473,0.925,0.184,0.393,0.669,0.325,-0.606,0.74,0.858,0.678,0.536,0.87,0.894,0.9,-0.036,-0.467,0.475,0.258,0.044,0.786,-0.259,0.666,0.684,0.421,-0.0,0.806,-0.379,0.818,0.856,0.879,0.734,-0.12,0.661,0.03,0.523,0.742,0.218,0.928,0.882,0.67,0.888,-0.196,0.551,0.829,0.828,0.776,0.509,0.526,-0.486,0.906,0.853,0.537,0.828,0.565,0.479,0.737,-0.279,0.896,-0.58,0.874,0.88,0.737,0.875,-0.242,0.547,0.889,0.087,0.877,0.715,-0.741,0.783,0.83,0.881,0.71,-0.673,0.791,-0.272,0.833,0.751,0.552,0.892,0.742,-0.35,0.908,-0.18,0.891,0.848,0.569,-0.424,0.857,0.559,0.886,0.545,0.894,0.599,0.347,0.246,0.93,0.862,0.777,0.789,0.903,-0.261,-0.525,0.624,0.331,0.867,0.255,0.612,0.555,0.885,0.316,0.826,-0.371
ATSG,0.643,0.757,-0.061,0.935,0.046,0.819,0.899,0.802,0.614,-0.366,0.264,0.807,0.343,0.443,0.872,0.396,0.788,0.865,0.84,-0.631,0.891,-0.454,0.406,0.829,0.0,-0.305,0.058,-0.468,0.51,0.878,0.368,0.937,0.871,-0.125,0.66,0.755,0.763,0.896,0.834,0.894,0.6,0.747,0.685,0.745,0.009,0.875,0.894,0.578,0.849,-0.163,0.095,0.849,0.243,0.184,0.914,0.451,0.872,0.781,0.772,0.046,0.829,0.639,0.801,0.902,0.733,0.811,-0.423,0.569,0.187,-0.215,0.729,0.882,0.925,0.761,0.763,0.927,0.874,0.228,0.836,0.592,0.73,0.749,0.38,0.794,0.953,0.504,-0.49,0.907,0.091,0.224,0.69,0.037,-0.677,0.781,0.879,0.653,0.65,0.805,0.906,0.893,-0.024,-0.527,0.12,0.23,0.097,0.875,-0.36,0.347,0.602,0.628,-0.202,0.68,-0.299,0.844,0.792,0.913,0.502,-0.253,0.589,-0.316,0.445,0.759,-0.067,0.84,0.861,0.623,0.799,-0.233,0.403,0.861,0.781,0.702,0.596,0.616,-0.67,0.925,0.868,0.762,0.749,0.372,0.574,0.875,-0.334,0.899,-0.748,0.931,0.723,0.724,0.72,-0.457,0.497,0.928,-0.121,0.919,0.78,-0.676,0.896,0.861,0.822,0.766,-0.75,0.827,-0.443,0.897,0.876,0.677,0.905,0.588,-0.534,0.873,-0.345,0.92,0.937,0.385,-0.399,0.843,0.781,0.787,0.395,0.738,0.472,0.009,0.101,0.828,0.808,0.847,0.768,0.946,-0.378,-0.684,0.761,-0.047,0.924,0.194,0.794,0.775,0.875,0.638,0.857,-0.509
AVTX,-0.712,-0.028,0.527,-0.337,0.406,-0.493,-0.383,-0.249,-0.036,-0.328,0.714,-0.019,-0.429,-0.619,-0.636,-0.694,-0.221,-0.311,-0.291,0.791,-0.462,0.197,0.337,-0.423,-0.305,0.0,-0.172,0.259,-0.163,-0.346,-0.012,-0.504,-0.178,0.105,-0.256,-0.58,-0.373,-0.465,-0.139,-0.263,0.036,-0.16,-0.084,-0.65,-0.316,-0.238,-0.377,-0.112,-0.619,0.897,-0.463,-0.441,-0.098,-0.386,-0.423,-0.63,-0.323,-0.356,-0.093,0.609,-0.34,-0.29,-0.169,-0.394,-0.337,-0.292,0.484,-0.336,0.475,-0.366,-0.08,-0.215,-0.3,-0.567,-0.681,-0.409,-0.388,-0.619,-0.2,-0.145,-0.007,-0.204,-0.555,-0.384,-0.315,-0.776,0.834,-0.409,0.216,-0.239,-0.262,-0.111,0.785,-0.016,-0.266,-0.191,-0.248,-0.473,-0.331,-0.454,-0.475,-0.052,-0.33,-0.031,0.483,-0.238,0.262,-0.23,-0.738,-0.153,-0.054,-0.149,0.673,-0.583,-0.421,-0.474,-0.188,0.428,-0.403,-0.052,0.188,-0.2,0.311,-0.536,-0.201,0.165,-0.212,-0.241,0.219,-0.639,-0.477,-0.18,-0.313,-0.615,0.629,-0.312,-0.541,-0.258,-0.575,0.167,-0.316,-0.242,-0.194,-0.581,0.372,-0.347,-0.205,-0.529,-0.66,0.156,-0.326,-0.365,0.376,-0.51,-0.043,0.474,-0.394,-0.363,-0.373,0.052,0.726,-0.042,-0.082,-0.566,-0.426,0.137,-0.427,-0.452,-0.222,-0.417,0.646,-0.253,-0.43,-0.633,0.063,-0.343,-0.307,-0.552,0.149,-0.371,-0.005,-0.231,0.105,-0.474,-0.162,-0.529,-0.056,-0.392,0.014,0.349,0.007,-0.235,-0.21,-0.228,0.043,-0.477,-0.534,-0.153,-0.599,0.151
BCPC,0.153,0.132,-0.105,0.058,-0.162,0.258,0.024,0.17,-0.112,0.402,-0.242,-0.068,0.551,0.516,0.144,0.506,0.074,0.139,0.031,-0.216,0.052,0.375,0.379,0.329,0.058,-0.172,0.0,0.317,0.059,0.192,0.122,0.157,0.108,0.438,0.078,0.33,0.305,0.27,-0.29,0.312,0.394,0.433,0.245,0.117,0.207,0.112,0.029,0.413,0.175,-0.04,0.036,0.324,-0.049,0.098,0.083,0.31,0.181,0.27,-0.034,-0.365,0.155,0.435,0.266,0.037,0.534,0.023,0.132,0.412,-0.385,0.445,0.125,0.236,0.149,0.339,0.174,-0.015,-0.046,0.341,0.038,0.624,0.385,-0.144,0.431,0.183,0.064,0.29,0.145,0.201,0.423,0.295,-0.053,0.517,-0.003,-0.016,0.054,0.484,-0.003,0.468,0.374,0.296,0.285,0.247,0.589,0.159,0.274,-0.103,0.505,0.563,0.362,-0.151,0.753,0.403,-0.023,0.26,0.094,0.205,0.376,0.381,0.369,0.673,0.385,0.119,0.183,0.283,0.245,0.047,0.178,-0.136,0.133,0.139,0.138,0.087,0.364,0.246,0.117,0.196,0.142,-0.3,0.252,0.334,0.467,-0.092,0.279,0.235,0.303,-0.016,0.379,0.387,0.373,0.185,0.232,0.224,0.086,0.086,-0.018,0.016,0.071,0.234,0.242,0.001,-0.025,0.194,0.331,0.134,0.207,-0.207,0.092,0.392,0.389,0.069,0.198,0.13,0.12,0.399,0.05,0.171,-0.344,0.237,0.242,0.383,0.458,0.545,0.365,0.334,0.325,0.138,0.114,0.132,0.447,0.284,-0.202,0.584,0.021,0.574,-0.126,-0.195,0.324,-0.328,0.147,0.434
BEAM,-0.286,-0.337,0.376,-0.556,0.333,-0.414,-0.379,-0.054,-0.222,0.531,-0.035,-0.205,0.183,-0.054,-0.451,-0.086,-0.471,-0.257,-0.19,0.41,-0.562,0.496,-0.015,-0.225,-0.468,0.259,0.317,0.0,0.133,-0.293,0.167,-0.411,-0.356,0.324,-0.042,-0.171,-0.024,-0.419,-0.454,-0.324,0.037,-0.058,-0.221,-0.359,0.3,-0.277,-0.332,0.228,-0.33,0.25,0.121,-0.273,-0.107,0.084,-0.358,-0.054,-0.261,-0.274,-0.41,0.248,-0.321,-0.084,-0.139,-0.346,-0.07,-0.349,0.066,-0.001,-0.246,0.311,-0.059,-0.225,-0.425,-0.216,-0.385,-0.44,-0.371,0.048,-0.468,0.083,0.013,-0.251,-0.002,-0.539,-0.553,-0.222,0.549,-0.389,0.12,0.482,-0.064,-0.01,0.51,-0.453,-0.416,-0.221,-0.324,-0.287,-0.351,-0.353,0.128,0.39,0.107,0.433,-0.019,-0.285,0.532,0.047,-0.188,-0.32,0.522,-0.064,0.25,-0.466,-0.136,-0.435,-0.022,0.217,0.174,0.316,-0.015,-0.523,0.504,-0.297,-0.282,0.047,-0.264,0.132,-0.187,-0.364,-0.24,0.084,-0.125,-0.285,0.455,-0.41,-0.39,-0.539,-0.296,0.03,-0.137,-0.435,-0.036,-0.401,0.422,-0.429,-0.165,-0.353,-0.249,0.389,-0.024,-0.412,0.279,-0.355,-0.131,0.271,-0.264,-0.264,-0.128,-0.256,0.476,-0.334,0.53,-0.481,-0.335,-0.238,-0.432,-0.266,0.403,-0.342,0.504,-0.402,-0.554,-0.109,0.327,-0.268,-0.422,-0.262,-0.115,0.043,-0.085,0.103,-0.211,-0.32,-0.266,-0.283,-0.225,-0.343,0.286,0.797,-0.484,0.456,-0.405,0.08,-0.28,-0.467,-0.282,-0.444,-0.344,0.513
BILI,0.388,0.458,0.179,0.479,0.511,0.599,0.664,0.765,0.701,0.173,0.109,0.589,0.549,0.486,0.449,0.383,0.342,0.721,0.686,-0.296,0.496,-0.192,-0.034,0.517,0.51,-0.163,0.059,0.133,0.0,0.721,0.061,0.531,0.579,0.12,0.895,0.606,0.585,0.423,0.584,0.547,0.505,0.512,0.405,0.461,0.104,0.558,0.65,0.731,0.494,-0.133,0.213,0.574,0.001,0.205,0.709,0.44,0.552,0.462,0.615,0.271,0.682,0.687,0.597,0.734,0.627,0.661,-0.537,0.534,0.121,-0.254,0.746,0.598,0.489,0.585,0.595,0.638,0.711,0.104,0.603,0.489,0.517,0.602,0.25,0.325,0.477,0.355,-0.177,0.638,0.042,0.634,0.897,0.1,-0.263,0.384,0.567,0.45,0.478,0.503,0.484,0.466,-0.204,-0.29,0.292,0.213,-0.105,0.717,-0.034,0.482,0.496,0.686,-0.001,0.608,-0.011,0.439,0.796,0.553,0.401,-0.214,0.595,-0.317,0.451,0.427,0.238,0.597,0.453,0.621,0.687,0.234,0.237,0.492,0.808,0.824,0.213,0.32,-0.36,0.537,0.649,0.59,0.457,0.432,0.228,0.671,-0.628,0.517,-0.457,0.646,0.482,0.458,0.431,-0.263,0.458,0.545,0.297,0.63,0.699,-0.564,0.708,0.568,0.738,0.551,-0.375,0.452,-0.235,0.45,0.486,0.477,0.598,0.461,-0.498,0.671,0.143,0.593,0.428,0.272,-0.382,0.731,0.434,0.632,0.244,0.596,0.196,0.258,-0.219,0.456,0.384,0.547,0.554,0.612,0.022,0.062,0.381,0.357,0.578,0.269,0.412,0.404,0.567,0.573,0.57,-0.166
BJRI,0.556,0.797,-0.155,0.898,0.213,0.896,0.942,0.896,0.643,-0.116,0.181,0.774,0.53,0.56,0.804,0.537,0.716,0.947,0.813,-0.635,0.868,-0.266,0.275,0.886,0.878,-0.346,0.192,-0.293,0.721,0.0,0.196,0.888,0.924,0.151,0.762,0.845,0.803,0.839,0.747,0.936,0.748,0.815,0.763,0.679,-0.096,0.808,0.899,0.791,0.814,-0.207,0.01,0.942,0.053,0.094,0.931,0.44,0.857,0.851,0.786,-0.03,0.925,0.771,0.906,0.949,0.795,0.873,-0.437,0.758,0.205,-0.269,0.821,0.924,0.908,0.877,0.814,0.899,0.913,0.147,0.894,0.654,0.768,0.734,0.358,0.745,0.888,0.482,-0.456,0.96,0.174,0.406,0.81,0.215,-0.611,0.771,0.918,0.741,0.581,0.889,0.873,0.882,-0.18,-0.443,0.348,0.186,0.125,0.89,-0.342,0.629,0.648,0.709,-0.077,0.787,-0.244,0.827,0.908,0.9,0.642,-0.122,0.693,-0.213,0.621,0.789,0.148,0.91,0.872,0.732,0.924,-0.161,0.533,0.815,0.904,0.854,0.517,0.548,-0.585,0.933,0.891,0.717,0.768,0.581,0.442,0.91,-0.464,0.894,-0.652,0.945,0.824,0.716,0.78,-0.311,0.516,0.91,0.094,0.908,0.824,-0.795,0.892,0.85,0.896,0.818,-0.683,0.823,-0.476,0.819,0.788,0.659,0.916,0.703,-0.574,0.93,-0.108,0.95,0.847,0.43,-0.556,0.969,0.634,0.895,0.552,0.831,0.559,0.237,0.134,0.88,0.822,0.787,0.841,0.932,-0.252,-0.481,0.67,0.168,0.924,0.317,0.662,0.598,0.862,0.612,0.827,-0.465
BLUE,0.277,0.054,0.304,0.181,0.045,0.049,0.184,0.321,0.152,-0.232,0.143,0.274,-0.038,0.106,0.354,-0.096,0.31,0.147,0.281,-0.074,0.076,-0.278,0.441,0.244,0.368,-0.012,0.122,0.167,0.061,0.196,0.0,0.402,0.242,-0.113,0.218,0.166,0.499,0.447,0.213,0.251,0.242,0.501,0.171,0.278,0.413,0.503,0.335,0.225,0.384,0.119,0.27,0.19,0.56,0.305,0.262,0.222,0.311,0.14,-0.029,0.234,0.017,-0.094,0.237,0.223,0.286,0.05,-0.232,-0.058,0.084,0.268,0.118,0.362,0.378,0.249,0.135,0.281,0.237,0.365,0.111,0.362,0.476,0.419,0.153,-0.005,0.232,0.187,-0.087,0.154,0.009,0.259,0.072,-0.444,-0.229,0.044,0.247,0.035,0.091,0.265,0.31,0.425,0.441,-0.034,-0.411,0.663,0.211,0.282,-0.083,-0.201,0.123,0.088,0.226,0.14,-0.187,0.186,0.183,0.242,-0.022,-0.082,0.451,-0.026,-0.0,-0.02,-0.027,0.182,0.387,0.29,0.062,-0.424,-0.154,0.339,0.023,0.295,0.71,0.279,-0.263,0.308,0.098,0.049,0.237,-0.139,0.363,0.222,-0.235,0.278,-0.364,0.204,0.163,0.062,0.257,-0.029,0.123,0.298,-0.498,0.323,0.391,-0.007,0.418,0.344,0.209,0.221,-0.267,0.328,0.053,0.242,0.46,0.273,0.132,-0.114,0.1,0.155,-0.23,0.214,0.295,0.007,0.279,0.188,0.381,0.096,0.022,0.375,0.175,-0.489,-0.223,0.29,0.359,0.376,0.28,0.343,-0.276,-0.107,0.119,-0.137,0.291,0.04,0.419,0.31,0.294,0.131,0.271,-0.088
