,AAL,AAON,ACB,ACGL,ACGLO,ACIW,ADBE,ADSK,AEP,AGIO,ALEC,ALNY,ALTR,AMBA,AMCX,AMKR,AMRX,ANSS,APPN,APTO,ARCT,ARWR,ASND,ASTH,ATSG,AVTX,BCPC,BEAM,BILI,BJRI,BLUE,BPOP,BRKL,BWIN,BZUN,CARG,CBRL,CBSH,CBUS,CENTA,CERS,CFFN,CHCO,CHEF,CHRD,CINF,CLLS,CMCO,CMCSA,COLL,COMM,COOP,CPB,CRON,CROX,CRUS,CRWD,CTAS,CYBR,CYTK,DGII,DIOD,DOMO,DPZ,DSGR,DXCM,ERIE,ESTA,EXEL,FAST,FCEL,FCFS,FHB,FITBI,FSV,FTDR,FUTU,GLDD,GLPG,GLPI,GOGO,GOSS,GSAT,GYRE,HALO,HAS,HLIT,HLNE,HSDT,HSIC,HTHT,ICHR,IDYA,IMVT,INDB,INSM,IONS,IOSP,ITRI,JBHT,JBLU,JSM,KLIC,KOD,KURA,LAB,LASR,LIN,LKQ,LNT,MBUU,MCRI,MDGL,MEDP,MGNI,MGPI,MGRC,MKTX,MRNA,MRTN,MSEX,MSFT,MU,NAVI,NBTB,NEO,NEOG,NGNE,NSSC,NTAP,NTES,NTLA,NTRS,NYMTN,OBLG,OCFC,ON,ONC,OPI,OSIS,OSW,PALI,PANW,PCAR,PCRX,PCTY,PEBO,PLAB,PLAY,PLMR,PLSE,PLUS,PRTA,PSEC,PSNL,PTCT,PTON,QNST,QRVO,QTTB,RARE,RBCAA,RGNX,SAIC,SGMO,SINT,SNPS,SPSC,SPTN,SSYS,STNE,TBBK,TCPC,TENB,TGTX,TREE,TRUP,TTWO,TW,TXG,UBSI,UCTT,UFPT,UMBF,UPBD,URBN,VBTX,VCTR,VEON,VNET,VRSK,VSEC,WABC,WTFCM,WVE,WW,WWD,XEL,ZD,ZYME
AAL,0.0,0.258,0.268,0.394,-0.287,-0.094,-0.457,0.207,-0.252,0.536,0.451,0.282,-0.436,0.045,-0.384,-0.287,0.391,-0.401,-0.254,0.514,-0.397,0.3,0.515,-0.338,-0.369,-0.066,0.526,0.27,-0.124,0.582,0.432,-0.424,-0.523,-0.277,0.111,-0.283,-0.103,-0.252,0.44,0.035,-0.294,-0.525,0.044,0.744,-0.113,0.124,-0.408,0.026,0.607,0.13,0.19,-0.308,0.046,0.413,-0.56,-0.024,-0.369,0.38,0.077,0.335,-0.222,0.354,-0.423,-0.579,0.402,-0.293,0.186,-0.42,0.266,0.369,0.508,0.564,-0.506,0.055,0.052,0.516,-0.213,0.459,0.549,-0.05,-0.328,0.498,-0.11,-0.456,-0.327,0.533,-0.316,-0.529,-0.491,-0.246,-0.145,0.132,0.232,0.507,-0.418,0.258,-0.198,-0.299,0.564,0.465,0.656,-0.191,0.037,-0.285,0.105,-0.348,0.581,0.213,0.373,0.32,0.441,-0.224,0.205,0.259,-0.286,0.365,0.064,-0.363,-0.212,0.379,-0.34,0.437,0.193,-0.537,-0.383,-0.013,0.605,0.31,-0.284,-0.109,0.003,0.359,-0.311,-0.45,-0.331,-0.349,0.553,-0.166,-0.096,0.596,0.587,-0.136,-0.318,-0.299,-0.073,-0.427,-0.118,0.022,0.613,-0.215,0.3,-0.291,0.52,-0.55,-0.258,0.39,-0.075,-0.373,0.476,-0.077,0.383,-0.034,-0.022,-0.305,-0.633,-0.417,-0.091,0.308,-0.328,-0.138,0.258,0.644,0.121,-0.264,0.612,-0.386,-0.18,-0.173,0.238,0.123,-0.383,-0.216,0.253,-0.287,0.533,0.738,-0.421,0.029,-0.283,0.047,0.516,0.55,-0.328,-0.565,-0.202,0.177,0.621,-0.345,-0.453,-0.472
AAON,0.258,0.0,-0.095,0.524,0.076,-0.319,-0.274,-0.21,-0.247,0.612,0.525,0.268,-0.33,-0.328,-0.399,-0.394,0.532,-0.274,-0.434,-0.017,0.04,0.475,0.383,-0.415,-0.516,-0.068,0.35,0.346,-0.431,0.47,0.51,-0.179,-0.409,-0.352,-0.325,-0.389,-0.491,-0.38,0.391,-0.343,-0.55,-0.401,0.261,0.2,-0.194,-0.278,-0.369,-0.04,0.355,-0.14,-0.458,0.058,-0.468,0.238,-0.183,-0.539,-0.281,0.467,0.023,0.592,-0.258,-0.03,0.069,-0.483,0.571,0.353,-0.19,-0.299,-0.303,0.666,-0.029,0.58,-0.392,0.52,0.492,0.403,-0.451,0.054,0.47,0.14,-0.452,0.465,-0.214,0.033,-0.553,0.424,-0.535,-0.24,-0.283,-0.292,-0.45,-0.341,0.415,0.493,-0.462,0.441,-0.304,-0.355,0.424,0.393,-0.04,-0.359,-0.518,-0.09,-0.268,-0.382,0.45,0.559,0.431,0.399,0.623,-0.427,0.544,0.231,-0.156,0.511,0.233,-0.444,-0.416,0.248,-0.377,0.354,-0.296,-0.243,-0.262,0.014,0.286,0.571,-0.264,-0.362,-0.001,0.418,-0.388,-0.385,0.207,-0.42,0.046,-0.101,-0.474,0.387,0.277,-0.423,-0.289,0.264,0.398,-0.44,0.069,-0.302,0.06,-0.338,0.479,-0.463,0.525,-0.33,-0.364,0.649,-0.545,-0.576,-0.131,-0.09,0.61,0.046,0.361,-0.39,-0.215,-0.165,-0.264,0.133,-0.291,-0.293,0.596,0.427,0.148,-0.286,0.442,-0.378,-0.592,0.439,0.246,0.045,-0.322,-0.409,0.496,-0.064,0.407,0.214,-0.387,0.408,0.242,-0.42,0.52,0.253,-0.251,-0.336,-0.349,0.696,0.369,-0.268,-0.522,-0.205
ACB,0.268,-0.095,0.0,-0.474,0.363,0.595,0.06,0.676,0.144,0.127,0.22,0.643,0.401,0.74,0.09,0.569,-0.5,0.141,0.533,0.406,0.22,-0.347,0.261,0.563,-0.084,-0.541,0.074,0.388,0.71,-0.325,-0.417,0.01,0.238,0.481,0.827,0.612,0.666,0.287,0.082,0.835,0.661,0.308,0.295,0.595,0.608,0.79,0.625,0.738,-0.057,0.333,0.651,-0.636,0.536,0.656,-0.15,0.386,0.649,0.506,0.742,-0.426,0.719,0.885,-0.228,0.088,-0.429,-0.576,0.796,0.382,0.819,-0.353,0.879,-0.117,0.331,-0.7,-0.534,0.378,0.655,0.28,-0.026,0.065,0.428,-0.277,0.761,-0.203,0.54,-0.144,0.632,-0.208,0.173,0.144,0.55,0.767,-0.672,-0.234,0.429,-0.656,0.693,0.594,0.341,0.563,0.149,0.503,0.555,0.595,0.803,0.535,0.479,-0.579,-0.375,-0.478,-0.005,0.656,-0.681,-0.359,0.219,0.316,0.615,0.461,0.725,0.398,0.508,-0.235,0.457,-0.14,0.381,0.653,-0.143,-0.57,0.313,0.815,0.643,0.272,0.514,0.044,-0.303,0.473,0.651,0.398,0.662,-0.148,-0.067,0.7,0.668,-0.552,-0.601,0.134,-0.097,0.831,0.452,0.647,-0.199,0.637,0.084,0.138,0.718,-0.404,0.488,0.381,0.591,0.705,-0.394,0.501,-0.286,0.64,-0.083,0.218,0.753,0.705,0.292,0.585,-0.231,-0.003,0.599,0.607,-0.17,0.206,0.404,-0.399,0.302,0.667,0.423,0.586,-0.445,-0.235,-0.073,0.597,0.424,-0.257,-0.176,0.768,0.171,0.009,0.367,-0.248,0.71,-0.104,-0.015,0.101,0.306,0.464
ACGL,0.394,0.524,-0.474,0.0,-0.335,-0.646,-0.498,-0.41,-0.682,0.56,0.498,-0.236,-0.814,-0.787,-0.553,-0.821,0.909,-0.644,-0.767,0.209,-0.367,0.815,0.433,-0.804,-0.414,0.168,0.499,0.233,-0.764,0.778,0.914,-0.457,-0.799,-0.7,-0.752,-0.812,-0.816,-0.512,0.34,-0.669,-0.873,-0.853,0.11,0.075,-0.658,-0.66,-0.707,-0.294,0.758,-0.39,-0.557,0.277,-0.421,0.118,-0.472,-0.725,-0.753,0.262,-0.539,0.756,-0.829,-0.399,-0.094,-0.751,0.78,0.235,-0.488,-0.752,-0.576,0.728,-0.264,0.784,-0.824,0.592,0.74,0.322,-0.816,0.41,0.62,-0.155,-0.814,0.734,-0.838,-0.254,-0.881,0.792,-0.798,-0.353,-0.642,-0.677,-0.723,-0.672,0.813,0.831,-0.844,0.882,-0.782,-0.779,0.359,0.018,0.22,-0.65,-0.605,-0.699,-0.688,-0.841,0.252,0.786,0.746,0.506,0.694,-0.793,0.833,0.602,-0.321,0.235,-0.058,-0.769,-0.832,-0.169,-0.913,0.811,-0.215,-0.428,-0.727,-0.562,0.342,0.893,-0.63,-0.634,-0.292,0.41,-0.843,-0.468,0.186,-0.799,0.104,-0.064,-0.895,0.805,0.549,-0.781,-0.732,0.383,0.401,-0.424,-0.095,-0.75,0.162,-0.864,0.774,-0.882,0.566,-0.64,-0.68,0.849,-0.772,-0.836,-0.09,-0.603,0.824,-0.6,0.531,-0.792,-0.509,-0.448,-0.683,-0.117,-0.669,-0.69,0.796,0.705,-0.235,-0.791,0.787,-0.727,-0.633,0.298,-0.108,-0.236,-0.786,-0.844,0.803,-0.031,0.693,0.189,-0.776,0.327,0.154,-0.78,0.484,0.567,-0.734,-0.368,-0.852,0.594,0.708,-0.669,-0.782,-0.719
ACGLO,-0.287,0.076,0.363,-0.335,0.0,0.297,0.326,0.131,0.344,0.043,0.227,0.236,0.484,0.324,0.2,0.463,-0.202,0.265,0.306,-0.264,0.556,-0.256,-0.26,0.42,-0.224,-0.247,-0.251,0.158,0.465,-0.477,-0.312,0.497,0.488,0.438,0.301,0.427,0.255,0.252,-0.311,0.379,0.379,0.512,0.235,-0.003,0.583,0.286,0.43,0.256,-0.345,0.611,0.026,0.027,0.129,0.225,0.31,0.054,0.602,0.041,0.485,-0.206,0.49,0.15,0.291,0.377,-0.163,0.205,0.138,0.387,0.059,-0.152,0.122,-0.166,0.531,-0.088,-0.158,0.077,0.348,-0.141,-0.201,0.379,0.326,-0.326,0.409,0.289,0.273,-0.295,0.349,0.192,0.439,0.297,0.289,0.248,-0.305,-0.373,0.43,-0.366,0.369,0.324,-0.009,0.072,-0.259,0.35,0.107,0.519,0.212,0.644,0.21,-0.17,-0.196,-0.085,-0.096,0.276,-0.272,-0.242,0.382,0.25,0.463,0.318,0.308,-0.051,0.479,-0.262,0.148,0.411,0.654,0.528,-0.329,-0.353,0.451,0.443,0.388,0.049,0.371,0.247,0.003,0.432,-0.108,0.025,0.354,-0.419,-0.637,0.317,0.603,0.239,-0.161,0.096,0.517,0.377,-0.148,0.43,-0.335,0.378,-0.076,0.571,0.366,-0.267,0.231,0.238,-0.237,0.453,-0.079,0.42,-0.197,0.432,0.387,0.379,0.371,0.028,0.317,0.399,-0.025,-0.265,0.66,0.405,-0.465,0.455,-0.023,0.331,0.218,0.123,0.475,0.408,-0.376,0.417,-0.199,0.128,0.513,0.369,0.279,0.273,-0.105,-0.539,0.55,0.22,0.475,0.154,-0.508,0.375,0.344,0.478
ACIW,-0.094,-0.319,0.595,-0.646,0.297,0.0,0.749,0.743,0.545,-0.442,-0.369,0.175,0.768,0.666,0.782,0.893,-0.699,0.798,0.935,-0.032,0.18,-0.832,-0.376,0.849,0.526,-0.005,0.007,-0.289,0.779,-0.391,-0.68,0.562,0.749,0.852,0.799,0.842,0.772,0.815,-0.368,0.597,0.803,0.733,0.382,-0.007,0.789,0.786,0.654,0.715,-0.293,0.485,0.531,-0.087,0.461,0.205,0.352,0.762,0.687,0.188,0.501,-0.752,0.662,0.541,0.332,0.416,-0.708,-0.328,0.658,0.784,0.482,-0.366,0.329,-0.5,0.78,-0.397,-0.4,-0.348,0.893,0.002,-0.627,0.542,0.889,-0.661,0.652,0.118,0.838,-0.54,0.859,0.554,0.716,0.633,0.84,0.736,-0.833,-0.757,0.851,-0.787,0.766,0.777,-0.433,0.361,-0.024,0.854,0.774,0.609,0.493,0.792,-0.242,-0.365,-0.319,-0.327,-0.231,0.898,-0.699,-0.705,0.763,-0.126,0.495,0.896,0.727,0.339,0.684,-0.578,0.59,0.532,0.716,0.688,-0.411,-0.691,0.671,0.79,0.649,-0.394,0.848,0.697,-0.02,0.885,0.194,0.467,0.768,-0.579,-0.24,0.844,0.76,-0.154,-0.125,0.73,0.169,0.835,-0.037,0.762,-0.646,0.86,-0.644,0.664,0.765,-0.56,0.837,0.828,0.236,0.537,-0.742,0.712,-0.128,0.888,0.443,0.617,0.894,0.428,0.802,0.884,-0.683,-0.269,0.165,0.845,-0.676,0.692,0.68,-0.192,0.417,0.32,0.868,0.852,-0.575,0.199,-0.697,0.231,0.818,0.108,0.037,0.749,-0.553,-0.323,0.796,0.537,0.83,-0.2,-0.486,0.554,0.844,0.657
ADBE,-0.457,-0.274,0.06,-0.498,0.326,0.749,0.0,0.351,0.672,-0.68,-0.572,-0.207,0.782,0.324,0.937,0.777,-0.555,0.881,0.815,-0.373,0.256,-0.82,-0.724,0.721,0.621,0.241,-0.196,-0.636,0.48,-0.432,-0.624,0.776,0.861,0.782,0.393,0.703,0.481,0.79,-0.611,0.144,0.575,0.799,0.279,-0.54,0.646,0.415,0.486,0.354,-0.454,0.451,0.118,0.388,0.15,-0.24,0.662,0.602,0.542,-0.153,0.2,-0.672,0.358,0.014,0.612,0.554,-0.615,0.119,0.236,0.787,-0.063,-0.271,-0.253,-0.598,0.836,0.013,-0.154,-0.714,0.647,-0.316,-0.786,0.694,0.835,-0.689,0.318,0.356,0.681,-0.67,0.662,0.901,0.88,0.716,0.63,0.355,-0.571,-0.845,0.821,-0.577,0.459,0.586,-0.811,0.028,-0.234,0.709,0.524,0.49,0.043,0.707,-0.622,-0.023,-0.201,-0.045,-0.346,0.658,-0.405,-0.6,0.837,-0.373,0.269,0.843,0.447,0.108,0.583,-0.637,0.316,0.862,0.769,0.462,-0.534,-0.503,0.761,0.436,0.373,-0.714,0.76,0.91,0.166,0.824,-0.297,0.293,0.502,-0.726,-0.421,0.546,0.592,0.31,0.293,0.82,0.361,0.476,-0.524,0.557,-0.728,0.642,-0.876,0.858,0.484,-0.49,0.667,0.771,-0.246,0.231,-0.638,0.609,-0.081,0.712,0.719,0.692,0.6,-0.01,0.848,0.753,-0.646,-0.451,-0.1,0.671,-0.843,0.796,0.519,0.216,0.361,-0.071,0.849,0.699,-0.477,0.461,-0.871,-0.207,0.805,0.409,0.249,0.359,-0.843,-0.547,0.815,0.915,0.608,-0.101,-0.714,0.734,0.886,0.618
ADSK,0.207,-0.21,0.676,-0.41,0.131,0.743,0.351,0.0,0.21,-0.155,-0.134,0.392,0.448,0.637,0.447,0.628,-0.457,0.417,0.659,0.335,0.116,-0.477,0.075,0.59,0.334,-0.047,0.301,0.051,0.676,-0.142,-0.385,0.122,0.331,0.573,0.692,0.568,0.597,0.534,0.064,0.647,0.655,0.344,0.399,0.358,0.579,0.672,0.537,0.738,-0.02,0.328,0.563,-0.37,0.394,0.439,0.07,0.555,0.457,0.474,0.45,-0.424,0.544,0.741,0.077,0.146,-0.545,-0.488,0.721,0.511,0.696,-0.182,0.606,-0.297,0.386,-0.467,-0.293,0.02,0.697,0.343,-0.283,0.251,0.618,-0.391,0.568,-0.098,0.625,-0.242,0.685,0.154,0.315,0.404,0.645,0.696,-0.581,-0.327,0.522,-0.523,0.643,0.648,-0.062,0.513,0.089,0.606,0.625,0.412,0.586,0.503,0.036,-0.31,-0.162,-0.36,-0.007,0.71,-0.568,-0.38,0.417,-0.068,0.522,0.591,0.6,0.419,0.43,-0.307,0.52,0.09,0.366,0.572,-0.186,-0.515,0.32,0.738,0.617,-0.002,0.562,0.312,-0.043,0.57,0.597,0.525,0.558,-0.206,0.107,0.609,0.56,-0.271,-0.29,0.509,-0.052,0.739,0.354,0.565,-0.27,0.676,-0.24,0.248,0.664,-0.345,0.61,0.526,0.556,0.57,-0.469,0.413,0.031,0.651,0.182,0.332,0.771,0.601,0.499,0.676,-0.406,-0.01,0.201,0.605,-0.229,0.319,0.552,-0.276,0.299,0.588,0.528,0.617,-0.267,-0.157,-0.346,0.483,0.458,-0.072,-0.084,0.6,-0.152,0.029,0.44,0.104,0.584,-0.173,-0.066,0.18,0.509,0.462
AEP,-0.252,-0.247,0.144,-0.682,0.344,0.545,0.672,0.21,0.0,-0.492,-0.423,0.122,0.801,0.601,0.695,0.729,-0.634,0.753,0.677,-0.395,0.419,-0.787,-0.573,0.647,0.344,0.163,-0.413,-0.51,0.465,-0.547,-0.722,0.647,0.813,0.697,0.501,0.694,0.545,0.47,-0.427,0.298,0.588,0.812,-0.077,-0.175,0.668,0.512,0.397,0.026,-0.704,0.533,0.252,0.061,0.087,-0.354,0.661,0.584,0.57,-0.337,0.427,-0.576,0.575,0.12,0.262,0.622,-0.496,0.152,0.28,0.778,0.18,-0.379,-0.038,-0.673,0.792,-0.032,-0.538,-0.46,0.547,-0.483,-0.61,0.55,0.74,-0.603,0.593,0.417,0.668,-0.807,0.52,0.607,0.675,0.875,0.507,0.455,-0.505,-0.781,0.748,-0.638,0.498,0.561,-0.509,0.043,-0.083,0.529,0.475,0.638,0.37,0.74,-0.327,-0.238,-0.352,0.152,-0.498,0.544,-0.467,-0.427,0.378,-0.144,0.03,0.675,0.522,0.321,0.824,-0.821,0.019,0.63,0.814,0.547,-0.162,-0.639,0.836,0.299,0.088,-0.619,0.764,0.563,-0.191,0.716,-0.334,-0.189,0.683,-0.783,-0.522,0.496,0.56,0.111,0.063,0.399,0.36,0.538,-0.453,0.731,-0.83,0.647,-0.614,0.747,0.305,-0.609,0.709,0.707,-0.198,0.356,-0.528,0.74,-0.43,0.609,0.56,0.43,0.472,-0.122,0.794,0.679,-0.682,-0.597,0.201,0.63,-0.774,0.816,0.393,0.215,0.353,-0.086,0.773,0.734,-0.613,0.186,-0.73,-0.221,0.705,0.222,0.023,0.514,-0.56,-0.605,0.785,0.592,0.675,-0.373,-0.746,0.969,0.739,0.588
AGIO,0.536,0.612,0.127,0.56,0.043,-0.442,-0.68,-0.155,-0.492,0.0,0.881,0.458,-0.593,-0.245,-0.77,-0.566,0.647,-0.617,-0.621,0.288,0.006,0.725,0.724,-0.558,-0.801,-0.271,0.325,0.8,-0.322,0.477,0.704,-0.438,-0.681,-0.574,-0.267,-0.529,-0.505,-0.634,0.561,-0.094,-0.542,-0.642,0.09,0.528,-0.27,-0.27,-0.373,-0.057,0.495,-0.109,-0.257,-0.295,-0.257,0.541,-0.513,-0.653,-0.34,0.474,0.035,0.669,-0.174,0.14,-0.27,-0.629,0.66,0.084,-0.078,-0.559,-0.004,0.545,0.297,0.699,-0.643,0.213,0.319,0.864,-0.519,0.377,0.796,-0.149,-0.658,0.631,-0.245,-0.203,-0.668,0.631,-0.552,-0.719,-0.565,-0.566,-0.479,-0.29,0.467,0.766,-0.656,0.512,-0.23,-0.484,0.877,0.356,0.108,-0.522,-0.511,-0.238,-0.015,-0.49,0.834,0.354,0.305,0.236,0.638,-0.545,0.475,0.486,-0.402,0.773,0.212,-0.64,-0.407,0.109,-0.489,0.605,-0.2,-0.619,-0.435,-0.027,0.338,0.572,-0.495,-0.252,0.003,0.879,-0.606,-0.696,-0.044,-0.611,0.394,-0.154,-0.476,0.637,0.34,-0.499,-0.325,0.002,0.003,-0.721,-0.107,-0.303,0.428,-0.416,0.697,-0.513,0.874,-0.618,-0.346,0.656,-0.641,-0.759,0.107,-0.063,0.779,-0.245,0.366,-0.524,-0.485,-0.402,-0.348,0.165,-0.617,-0.439,0.807,0.582,0.449,-0.452,0.723,-0.64,-0.687,0.143,0.14,0.162,-0.588,-0.552,0.5,-0.209,0.811,0.501,-0.564,0.068,0.082,-0.33,0.787,0.414,-0.479,-0.752,-0.422,0.605,0.628,-0.541,-0.76,-0.37
ALEC,0.451,0.525,0.22,0.498,0.227,-0.369,-0.572,-0.134,-0.423,0.881,0.0,0.513,-0.442,-0.15,-0.689,-0.411,0.572,-0.603,-0.502,0.26,0.183,0.636,0.647,-0.433,-0.867,-0.391,0.232,0.775,-0.197,0.307,0.598,-0.33,-0.549,-0.435,-0.186,-0.377,-0.446,-0.547,0.441,-0.012,-0.404,-0.515,0.107,0.483,-0.103,-0.221,-0.222,0.063,0.391,0.011,-0.28,-0.297,-0.184,0.546,-0.39,-0.614,-0.098,0.5,0.22,0.533,-0.111,0.182,-0.206,-0.485,0.538,0.113,-0.015,-0.437,0.004,0.426,0.335,0.574,-0.501,0.154,0.26,0.797,-0.417,0.4,0.701,-0.066,-0.55,0.528,-0.157,-0.146,-0.562,0.511,-0.424,-0.67,-0.431,-0.53,-0.4,-0.194,0.363,0.642,-0.534,0.383,-0.151,-0.395,0.799,0.363,0.041,-0.411,-0.457,-0.06,0.035,-0.322,0.854,0.296,0.251,0.109,0.621,-0.453,0.37,0.431,-0.272,0.714,0.382,-0.522,-0.319,0.078,-0.361,0.528,-0.143,-0.512,-0.26,0.114,0.147,0.46,-0.272,-0.113,0.166,0.818,-0.502,-0.608,-0.028,-0.498,0.399,-0.063,-0.399,0.507,0.122,-0.385,-0.094,0.071,-0.071,-0.627,-0.04,-0.19,0.297,-0.302,0.602,-0.409,0.825,-0.441,-0.231,0.549,-0.558,-0.681,0.061,0.046,0.701,-0.129,0.207,-0.391,-0.366,-0.291,-0.21,0.224,-0.522,-0.339,0.804,0.473,0.599,-0.308,0.571,-0.522,-0.67,0.254,0.179,0.171,-0.487,-0.413,0.423,-0.139,0.715,0.494,-0.413,0.154,0.188,-0.264,0.737,0.308,-0.368,-0.663,-0.263,0.609,0.507,-0.473,-0.654,-0.206
ALNY,0.282,0.268,0.643,-0.236,0.236,0.175,-0.207,0.392,0.122,0.458,0.513,0.0,0.23,0.571,-0.209,0.24,-0.212,-0.064,0.142,0.283,0.428,-0.015,0.513,0.199,-0.378,-0.453,0.154,0.589,0.304,-0.068,-0.095,-0.159,-0.047,0.087,0.422,0.237,0.23,-0.164,0.456,0.525,0.268,0.044,0.046,0.605,0.391,0.38,0.266,0.39,-0.138,0.16,0.253,-0.656,-0.04,0.413,-0.039,0.008,0.402,0.609,0.765,0.015,0.578,0.728,-0.259,-0.048,-0.102,-0.214,0.514,0.205,0.643,0.022,0.686,-0.036,0.032,-0.26,-0.327,0.593,0.184,0.199,0.321,0.029,0.127,0.049,0.593,-0.04,0.159,-0.111,0.196,-0.401,-0.061,0.145,0.048,0.472,-0.22,0.092,0.065,-0.313,0.515,0.314,0.579,0.633,-0.036,0.153,0.091,0.572,0.706,0.198,0.667,-0.227,-0.197,-0.249,0.272,0.236,-0.273,-0.026,-0.136,0.462,0.458,0.089,0.416,0.572,0.339,-0.202,-0.06,-0.367,0.186,0.61,0.087,-0.215,0.184,0.33,0.414,0.526,0.222,-0.282,-0.141,0.073,0.571,0.143,0.289,-0.012,0.049,0.159,0.395,-0.313,-0.271,-0.238,-0.278,0.507,0.249,0.408,0.106,0.307,0.434,-0.117,0.339,-0.027,0.069,-0.024,0.414,0.601,0.04,0.439,-0.046,0.201,-0.056,-0.056,0.427,0.622,0.072,0.234,0.158,0.021,0.64,0.347,0.117,-0.055,-0.078,0.018,0.281,0.612,0.101,0.264,-0.043,-0.491,0.129,0.399,0.058,-0.146,-0.103,0.351,0.501,0.154,0.124,-0.46,0.385,0.086,0.167,0.011,-0.072,0.389
ALTR,-0.436,-0.33,0.401,-0.814,0.484,0.768,0.782,0.448,0.801,-0.593,-0.442,0.23,0.0,0.713,0.787,0.934,-0.834,0.828,0.883,-0.269,0.482,-0.89,-0.56,0.873,0.47,-0.055,-0.338,-0.388,0.694,-0.666,-0.855,0.707,0.915,0.855,0.684,0.899,0.748,0.688,-0.456,0.535,0.827,0.937,0.154,-0.231,0.832,0.664,0.701,0.428,-0.71,0.528,0.402,-0.011,0.231,-0.172,0.641,0.682,0.814,-0.099,0.61,-0.758,0.749,0.344,0.315,0.705,-0.738,-0.069,0.46,0.901,0.335,-0.527,0.111,-0.761,0.932,-0.297,-0.545,-0.463,0.783,-0.367,-0.681,0.508,0.911,-0.729,0.767,0.33,0.859,-0.836,0.811,0.634,0.811,0.82,0.664,0.664,-0.738,-0.901,0.917,-0.839,0.713,0.785,-0.535,0.119,-0.216,0.794,0.643,0.822,0.497,0.889,-0.328,-0.428,-0.474,-0.319,-0.479,0.809,-0.702,-0.652,0.583,-0.243,0.285,0.876,0.783,0.281,0.9,-0.834,0.256,0.671,0.905,0.679,-0.428,-0.806,0.859,0.622,0.428,-0.542,0.941,0.703,-0.061,0.893,-0.13,0.23,0.801,-0.846,-0.545,0.716,0.811,-0.011,-0.094,0.629,0.241,0.775,-0.381,0.86,-0.796,0.869,-0.696,0.834,0.685,-0.738,0.805,0.869,-0.059,0.538,-0.743,0.791,-0.343,0.845,0.643,0.565,0.782,0.188,0.887,0.832,-0.71,-0.611,0.245,0.861,-0.884,0.856,0.597,0.052,0.278,0.205,0.919,0.907,-0.706,0.214,-0.828,-0.164,0.893,0.115,0.031,0.665,-0.608,-0.599,0.892,0.634,0.867,-0.347,-0.77,0.795,0.896,0.814
AMBA,0.045,-0.328,0.74,-0.787,0.324,0.666,0.324,0.637,0.601,-0.245,-0.15,0.571,0.713,0.0,0.422,0.796,-0.762,0.508,0.732,0.097,0.418,-0.698,-0.075,0.761,0.154,-0.226,-0.257,-0.012,0.746,-0.603,-0.773,0.27,0.593,0.639,0.833,0.792,0.761,0.354,-0.036,0.773,0.817,0.654,-0.012,0.343,0.715,0.798,0.625,0.442,-0.574,0.45,0.591,-0.575,0.381,0.205,0.378,0.664,0.769,0.102,0.759,-0.601,0.867,0.777,-0.043,0.537,-0.705,-0.33,0.782,0.71,0.791,-0.517,0.624,-0.607,0.628,-0.543,-0.808,-0.018,0.777,-0.148,-0.382,0.175,0.721,-0.621,0.908,0.136,0.8,-0.665,0.743,0.132,0.467,0.644,0.676,0.807,-0.752,-0.581,0.712,-0.857,0.797,0.759,-0.054,0.377,0.014,0.593,0.634,0.752,0.873,0.745,0.147,-0.638,-0.582,-0.429,-0.297,0.788,-0.768,-0.476,0.231,0.007,0.327,0.697,0.817,0.482,0.847,-0.715,0.198,0.139,0.659,0.757,-0.205,-0.836,0.647,0.713,0.468,-0.166,0.803,0.254,-0.249,0.708,0.342,0.15,0.868,-0.599,-0.32,0.733,0.769,-0.456,-0.469,0.271,-0.052,0.91,0.032,0.854,-0.605,0.854,-0.253,0.411,0.674,-0.675,0.754,0.666,0.383,0.757,-0.62,0.687,-0.488,0.749,0.283,0.386,0.792,0.467,0.604,0.754,-0.609,-0.481,0.464,0.802,-0.532,0.538,0.491,-0.239,0.401,0.49,0.68,0.848,-0.624,-0.243,-0.51,0.257,0.659,-0.215,-0.186,0.805,-0.161,-0.23,0.621,0.071,0.849,-0.411,-0.39,0.536,0.599,0.713
AMCX,-0.384,-0.399,0.09,-0.553,0.2,0.782,0.937,0.447,0.695,-0.77,-0.689,-0.209,0.787,0.422,0.0,0.799,-0.631,0.909,0.859,-0.322,0.206,-0.866,-0.706,0.767,0.751,0.33,-0.155,-0.682,0.502,-0.428,-0.699,0.693,0.855,0.807,0.451,0.74,0.563,0.819,-0.54,0.204,0.641,0.802,0.23,-0.424,0.606,0.503,0.48,0.332,-0.479,0.407,0.242,0.309,0.206,-0.279,0.658,0.727,0.524,-0.188,0.206,-0.679,0.384,0.091,0.518,0.581,-0.692,0.008,0.309,0.805,0.07,-0.331,-0.18,-0.675,0.831,-0.053,-0.272,-0.755,0.697,-0.281,-0.841,0.585,0.864,-0.71,0.383,0.348,0.771,-0.706,0.692,0.9,0.812,0.798,0.661,0.433,-0.592,-0.847,0.845,-0.615,0.477,0.666,-0.846,-0.001,-0.097,0.734,0.637,0.485,0.13,0.696,-0.685,-0.134,-0.233,-0.082,-0.384,0.728,-0.477,-0.609,0.752,-0.483,0.168,0.853,0.499,0.163,0.63,-0.705,0.32,0.794,0.73,0.44,-0.415,-0.61,0.743,0.455,0.334,-0.775,0.811,0.875,0.111,0.843,-0.244,0.31,0.582,-0.728,-0.345,0.599,0.567,0.169,0.191,0.863,0.305,0.533,-0.446,0.609,-0.751,0.69,-0.9,0.813,0.513,-0.56,0.782,0.846,-0.083,0.261,-0.717,0.594,-0.115,0.726,0.66,0.656,0.623,0.059,0.881,0.779,-0.778,-0.48,-0.179,0.687,-0.823,0.811,0.632,0.093,0.27,0.03,0.855,0.741,-0.476,0.336,-0.915,-0.201,0.799,0.317,0.115,0.427,-0.82,-0.46,0.791,0.879,0.62,-0.3,-0.684,0.728,0.914,0.605
AMKR,-0.287,-0.394,0.569,-0.821,0.463,0.893,0.777,0.628,0.729,-0.566,-0.411,0.24,0.934,0.796,0.799,0.0,-0.837,0.811,0.957,-0.164,0.388,-0.918,-0.49,0.933,0.472,-0.096,-0.246,-0.331,0.834,-0.65,-0.861,0.623,0.897,0.92,0.819,0.944,0.818,0.749,-0.424,0.657,0.91,0.905,0.225,-0.08,0.877,0.795,0.766,0.577,-0.593,0.557,0.506,-0.136,0.414,0.051,0.556,0.784,0.847,0.02,0.63,-0.813,0.797,0.509,0.32,0.643,-0.812,-0.219,0.635,0.901,0.486,-0.542,0.282,-0.716,0.924,-0.437,-0.578,-0.387,0.918,-0.222,-0.718,0.517,0.953,-0.786,0.799,0.253,0.932,-0.773,0.908,0.591,0.814,0.768,0.831,0.764,-0.86,-0.887,0.958,-0.906,0.796,0.876,-0.483,0.249,-0.149,0.846,0.744,0.78,0.586,0.936,-0.262,-0.498,-0.49,-0.38,-0.435,0.918,-0.777,-0.688,0.661,-0.188,0.419,0.94,0.827,0.312,0.895,-0.79,0.412,0.615,0.889,0.75,-0.478,-0.853,0.835,0.787,0.571,-0.486,0.964,0.703,-0.069,0.959,0.05,0.324,0.877,-0.795,-0.503,0.84,0.882,-0.122,-0.206,0.683,0.228,0.888,-0.222,0.906,-0.793,0.951,-0.672,0.811,0.781,-0.739,0.873,0.901,0.131,0.647,-0.802,0.797,-0.366,0.952,0.582,0.647,0.89,0.307,0.882,0.925,-0.758,-0.534,0.291,0.924,-0.851,0.844,0.665,-0.064,0.376,0.302,0.953,0.964,-0.73,0.179,-0.804,0.048,0.921,0.077,0.051,0.777,-0.577,-0.537,0.901,0.577,0.938,-0.335,-0.705,0.729,0.921,0.822
AMRX,0.391,0.532,-0.5,0.909,-0.202,-0.699,-0.555,-0.457,-0.634,0.647,0.572,-0.212,-0.834,-0.762,-0.631,-0.837,0.0,-0.634,-0.832,0.027,-0.284,0.833,0.375,-0.817,-0.554,0.18,0.384,0.319,-0.704,0.708,0.917,-0.41,-0.754,-0.761,-0.757,-0.858,-0.889,-0.607,0.374,-0.657,-0.9,-0.802,0.014,0.107,-0.633,-0.731,-0.763,-0.427,0.647,-0.255,-0.665,0.272,-0.48,0.167,-0.394,-0.756,-0.72,0.146,-0.501,0.858,-0.763,-0.463,0.029,-0.667,0.837,0.409,-0.556,-0.764,-0.598,0.737,-0.317,0.747,-0.784,0.642,0.749,0.411,-0.809,0.256,0.607,-0.14,-0.839,0.683,-0.819,-0.073,-0.919,0.751,-0.865,-0.398,-0.592,-0.657,-0.659,-0.761,0.845,0.816,-0.837,0.917,-0.751,-0.793,0.419,-0.048,0.116,-0.719,-0.752,-0.73,-0.683,-0.768,0.317,0.734,0.614,0.532,0.619,-0.85,0.909,0.612,-0.333,0.352,-0.143,-0.829,-0.917,-0.255,-0.86,0.787,-0.295,-0.385,-0.673,-0.471,0.368,0.876,-0.64,-0.659,-0.289,0.48,-0.874,-0.567,0.21,-0.799,-0.027,-0.275,-0.877,0.713,0.364,-0.813,-0.694,0.395,0.407,-0.542,0.056,-0.807,0.147,-0.874,0.721,-0.89,0.634,-0.596,-0.776,0.895,-0.819,-0.895,-0.212,-0.517,0.917,-0.589,0.448,-0.836,-0.42,-0.38,-0.732,-0.249,-0.714,-0.726,0.803,0.618,-0.109,-0.779,0.744,-0.682,-0.801,0.358,-0.027,-0.278,-0.772,-0.873,0.778,0.065,0.727,0.193,-0.746,0.334,0.265,-0.789,0.512,0.409,-0.672,-0.405,-0.856,0.636,0.59,-0.631,-0.822,-0.69
ANSS,-0.401,-0.274,0.141,-0.644,0.265,0.798,0.881,0.417,0.753,-0.617,-0.603,-0.064,0.828,0.508,0.909,0.811,-0.634,0.0,0.837,-0.43,0.299,-0.873,-0.651,0.784,0.627,0.305,-0.258,-0.564,0.524,-0.472,-0.731,0.729,0.887,0.76,0.486,0.74,0.531,0.711,-0.458,0.25,0.625,0.853,0.186,-0.375,0.638,0.487,0.456,0.296,-0.595,0.421,0.168,0.212,0.1,-0.204,0.732,0.673,0.595,-0.162,0.325,-0.618,0.532,0.151,0.601,0.625,-0.654,0.137,0.353,0.857,0.102,-0.289,-0.162,-0.699,0.862,-0.005,-0.311,-0.638,0.717,-0.437,-0.812,0.604,0.866,-0.757,0.492,0.498,0.753,-0.772,0.655,0.839,0.842,0.831,0.693,0.417,-0.627,-0.861,0.859,-0.648,0.58,0.681,-0.733,0.085,-0.237,0.692,0.531,0.567,0.215,0.735,-0.563,-0.171,-0.355,-0.095,-0.366,0.729,-0.439,-0.674,0.73,-0.27,0.168,0.836,0.5,0.235,0.707,-0.77,0.199,0.778,0.773,0.595,-0.407,-0.617,0.754,0.448,0.384,-0.669,0.835,0.756,0.149,0.855,-0.283,0.225,0.61,-0.819,-0.429,0.597,0.63,0.12,0.226,0.755,0.294,0.558,-0.486,0.653,-0.769,0.732,-0.815,0.804,0.486,-0.506,0.737,0.803,-0.162,0.351,-0.654,0.696,-0.094,0.721,0.72,0.719,0.656,0.071,0.869,0.787,-0.748,-0.561,-0.069,0.768,-0.843,0.804,0.5,0.11,0.418,0.055,0.887,0.759,-0.49,0.319,-0.901,-0.201,0.835,0.283,0.22,0.458,-0.749,-0.521,0.847,0.796,0.656,-0.194,-0.73,0.774,0.871,0.695
APPN,-0.254,-0.434,0.533,-0.767,0.306,0.935,0.815,0.659,0.677,-0.621,-0.502,0.142,0.883,0.732,0.859,0.957,-0.832,0.837,0.0,-0.092,0.296,-0.93,-0.469,0.922,0.598,-0.008,-0.195,-0.405,0.783,-0.569,-0.836,0.607,0.859,0.894,0.802,0.935,0.816,0.798,-0.438,0.574,0.878,0.855,0.24,-0.129,0.798,0.79,0.731,0.609,-0.504,0.467,0.517,-0.086,0.432,0.019,0.507,0.806,0.782,0.017,0.535,-0.831,0.703,0.484,0.325,0.578,-0.834,-0.268,0.653,0.889,0.46,-0.523,0.251,-0.694,0.878,-0.43,-0.539,-0.474,0.922,-0.184,-0.742,0.517,0.953,-0.769,0.72,0.197,0.931,-0.728,0.906,0.642,0.8,0.742,0.847,0.731,-0.873,-0.867,0.936,-0.876,0.77,0.849,-0.563,0.228,-0.092,0.854,0.78,0.721,0.527,0.862,-0.371,-0.456,-0.46,-0.374,-0.396,0.939,-0.767,-0.736,0.722,-0.272,0.376,0.968,0.804,0.322,0.814,-0.741,0.459,0.608,0.799,0.679,-0.466,-0.811,0.799,0.766,0.565,-0.546,0.948,0.753,-0.065,0.948,0.07,0.42,0.833,-0.738,-0.361,0.869,0.817,-0.169,-0.14,0.775,0.138,0.85,-0.206,0.847,-0.757,0.918,-0.746,0.756,0.781,-0.71,0.892,0.92,0.179,0.559,-0.846,0.74,-0.288,0.929,0.548,0.658,0.889,0.349,0.878,0.931,-0.797,-0.483,0.113,0.905,-0.811,0.793,0.736,-0.162,0.371,0.305,0.928,0.926,-0.673,0.16,-0.837,0.036,0.893,0.052,0.023,0.757,-0.643,-0.428,0.838,0.62,0.891,-0.333,-0.62,0.682,0.932,0.763
APTO,0.514,-0.017,0.406,0.209,-0.264,-0.032,-0.373,0.335,-0.395,0.288,0.26,0.283,-0.269,0.097,-0.322,-0.164,0.027,-0.43,-0.092,0.0,-0.275,0.255,0.609,-0.133,-0.175,-0.203,0.343,0.323,-0.001,0.25,0.211,-0.445,-0.45,-0.132,0.16,-0.085,0.144,-0.104,0.217,0.272,0.035,-0.418,0.161,0.463,-0.137,0.182,0.061,0.327,0.471,-0.184,0.432,-0.44,0.324,0.397,-0.631,-0.061,-0.157,0.423,0.022,-0.017,-0.083,0.495,-0.629,-0.44,0.05,-0.646,0.341,-0.287,0.483,-0.031,0.655,0.325,-0.41,-0.397,-0.115,0.323,-0.038,0.648,0.514,-0.367,-0.179,0.306,0.037,-0.669,-0.068,0.413,0.067,-0.533,-0.452,-0.344,-0.119,0.31,0.017,0.415,-0.263,0.05,0.035,-0.141,0.466,0.262,0.434,-0.062,0.23,-0.121,0.32,-0.266,0.443,-0.096,0.146,-0.193,0.229,0.02,-0.197,0.228,-0.286,-0.008,0.23,-0.131,0.166,0.202,-0.267,0.38,0.286,-0.596,-0.348,-0.142,0.207,0.08,-0.3,0.216,0.056,0.377,-0.181,-0.272,-0.352,-0.223,0.777,0.331,0.001,0.541,0.629,0.065,-0.128,-0.386,-0.427,-0.205,-0.381,0.185,0.607,-0.102,0.304,-0.053,0.351,-0.525,0.141,0.002,0.005,-0.135,0.505,-0.04,0.048,-0.217,0.058,-0.055,-0.567,-0.395,0.064,0.388,-0.286,-0.05,0.19,0.455,0.068,-0.179,0.512,-0.458,0.206,-0.486,-0.116,0.241,-0.314,-0.081,0.085,-0.404,0.41,0.493,-0.308,-0.358,-0.513,0.171,0.326,0.618,-0.363,-0.539,-0.046,-0.031,0.647,-0.44,-0.245,-0.275
ARCT,-0.397,0.04,0.22,-0.367,0.556,0.18,0.256,0.116,0.419,0.006,0.183,0.428,0.482,0.418,0.206,0.388,-0.284,0.299,0.296,-0.275,0.0,-0.23,-0.071,0.459,-0.18,-0.117,-0.415,0.23,0.291,-0.576,-0.36,0.316,0.424,0.255,0.158,0.402,0.104,-0.056,-0.001,0.231,0.373,0.463,-0.012,-0.087,0.48,0.159,0.428,0.142,-0.628,0.225,-0.162,-0.189,-0.206,0.058,0.603,-0.049,0.66,0.023,0.508,-0.123,0.557,0.187,0.297,0.478,-0.341,0.359,0.269,0.534,0.127,-0.168,0.034,-0.477,0.452,-0.005,-0.301,0.058,0.292,-0.275,-0.273,0.181,0.31,-0.419,0.448,0.523,0.317,-0.557,0.309,0.233,0.409,0.4,0.159,0.082,-0.239,-0.304,0.389,-0.385,0.422,0.405,-0.057,0.142,-0.466,0.172,-0.098,0.659,0.374,0.463,0.086,-0.177,-0.409,-0.211,0.04,0.3,-0.208,-0.121,0.191,0.163,0.344,0.326,0.341,0.198,0.55,-0.548,-0.363,0.243,0.561,0.574,-0.432,-0.386,0.574,0.293,0.323,0.101,0.409,0.149,0.237,0.362,-0.105,0.145,0.236,-0.556,-0.586,0.143,0.611,0.204,-0.079,0.14,0.031,0.303,-0.358,0.429,-0.177,0.39,-0.028,0.454,0.37,-0.252,0.128,0.175,-0.202,0.581,-0.084,0.352,-0.023,0.336,0.552,0.465,0.34,0.123,0.291,0.368,0.02,-0.525,0.533,0.459,-0.425,0.339,-0.123,0.446,0.264,0.376,0.404,0.331,-0.123,-0.061,-0.35,-0.176,0.437,0.197,0.363,0.08,-0.017,-0.393,0.385,0.145,0.412,0.109,-0.444,0.4,0.272,0.715
ARWR,0.3,0.475,-0.347,0.815,-0.256,-0.832,-0.82,-0.477,-0.787,0.725,0.636,-0.015,-0.89,-0.698,-0.866,-0.918,0.833,-0.873,-0.93,0.255,-0.23,0.0,0.622,-0.877,-0.641,-0.088,0.33,0.586,-0.701,0.6,0.885,-0.638,-0.907,-0.851,-0.719,-0.874,-0.778,-0.737,0.485,-0.483,-0.814,-0.897,-0.097,0.229,-0.743,-0.701,-0.605,-0.357,0.625,-0.485,-0.455,0.014,-0.351,0.188,-0.605,-0.857,-0.696,0.208,-0.44,0.821,-0.655,-0.322,-0.348,-0.667,0.801,0.148,-0.51,-0.862,-0.349,0.553,-0.082,0.757,-0.902,0.334,0.59,0.584,-0.859,0.4,0.805,-0.5,-0.939,0.808,-0.661,-0.302,-0.904,0.816,-0.817,-0.7,-0.813,-0.818,-0.809,-0.645,0.809,0.938,-0.935,0.857,-0.663,-0.793,0.659,-0.098,0.125,-0.766,-0.728,-0.637,-0.442,-0.842,0.485,0.463,0.493,0.254,0.559,-0.858,0.705,0.767,-0.622,0.333,-0.151,-0.925,-0.728,-0.266,-0.836,0.825,-0.332,-0.674,-0.796,-0.587,0.397,0.809,-0.812,-0.597,-0.395,0.712,-0.936,-0.752,0.074,-0.926,0.138,-0.189,-0.838,0.825,0.435,-0.792,-0.72,0.151,0.059,-0.716,-0.184,-0.752,0.356,-0.82,0.882,-0.87,0.826,-0.784,-0.625,0.744,-0.89,-0.931,-0.049,-0.457,0.853,-0.718,0.426,-0.848,-0.576,-0.627,-0.765,-0.13,-0.874,-0.862,0.889,0.602,-0.022,-0.863,0.881,-0.846,-0.709,0.12,-0.352,-0.106,-0.919,-0.902,0.73,-0.195,0.893,0.118,-0.864,-0.041,0.016,-0.707,0.736,0.523,-0.849,-0.688,-0.832,0.437,0.729,-0.796,-0.934,-0.695
ASND,0.515,0.383,0.261,0.433,-0.26,-0.376,-0.724,0.075,-0.573,0.724,0.647,0.513,-0.56,-0.075,-0.706,-0.49,0.375,-0.651,-0.469,0.609,-0.071,0.622,0.0,-0.434,-0.524,-0.252,0.332,0.696,-0.301,0.377,0.483,-0.722,-0.745,-0.562,-0.147,-0.428,-0.324,-0.613,0.704,0.027,-0.344,-0.686,0.016,0.61,-0.357,-0.156,-0.208,0.128,0.439,-0.453,-0.057,-0.567,-0.112,0.489,-0.544,-0.495,-0.254,0.604,0.093,0.503,-0.128,0.411,-0.453,-0.618,0.327,-0.222,0.252,-0.448,0.323,0.376,0.543,0.472,-0.687,-0.083,0.074,0.732,-0.361,0.488,0.701,-0.44,-0.548,0.498,-0.079,-0.329,-0.447,0.512,-0.36,-0.776,-0.674,-0.541,-0.409,-0.094,0.28,0.761,-0.612,0.332,-0.134,-0.298,0.784,0.462,0.069,-0.503,-0.334,-0.141,0.226,-0.543,0.701,0.069,0.167,-0.067,0.597,-0.309,0.22,0.376,-0.537,0.454,0.23,-0.509,-0.175,0.321,-0.427,0.464,-0.251,-0.832,-0.587,-0.06,0.271,0.405,-0.493,-0.1,0.064,0.767,-0.483,-0.736,-0.046,-0.567,0.693,0.165,-0.375,0.639,0.603,-0.299,-0.251,-0.347,-0.168,-0.508,-0.547,-0.122,0.526,-0.314,0.724,-0.346,0.82,-0.774,-0.134,0.468,-0.51,-0.619,0.451,0.083,0.495,-0.304,0.293,-0.399,-0.537,-0.402,-0.169,0.452,-0.607,-0.349,0.611,0.432,0.164,-0.317,0.791,-0.763,-0.361,-0.159,0.011,0.428,-0.609,-0.453,0.524,-0.658,0.656,0.411,-0.591,-0.306,-0.099,-0.204,0.803,0.718,-0.645,-0.844,-0.33,0.337,0.811,-0.641,-0.685,-0.265
ASTH,-0.338,-0.415,0.563,-0.804,0.42,0.849,0.721,0.59,0.647,-0.558,-0.433,0.199,0.873,0.761,0.767,0.933,-0.817,0.784,0.922,-0.133,0.459,-0.877,-0.434,0.0,0.475,-0.093,-0.316,-0.257,0.803,-0.696,-0.859,0.544,0.856,0.842,0.759,0.904,0.76,0.651,-0.374,0.624,0.909,0.872,0.224,-0.105,0.778,0.75,0.767,0.548,-0.617,0.439,0.445,-0.188,0.408,0.13,0.568,0.726,0.858,-0.0,0.571,-0.739,0.797,0.506,0.348,0.641,-0.853,-0.193,0.696,0.881,0.49,-0.552,0.258,-0.736,0.875,-0.451,-0.619,-0.374,0.932,-0.259,-0.727,0.378,0.896,-0.848,0.754,0.322,0.935,-0.765,0.899,0.59,0.781,0.711,0.834,0.655,-0.848,-0.83,0.93,-0.893,0.8,0.878,-0.485,0.188,-0.206,0.756,0.647,0.734,0.59,0.875,-0.285,-0.558,-0.596,-0.436,-0.386,0.948,-0.749,-0.692,0.644,-0.198,0.41,0.918,0.802,0.241,0.844,-0.791,0.298,0.549,0.815,0.7,-0.536,-0.87,0.78,0.811,0.581,-0.423,0.926,0.668,0.025,0.935,0.069,0.395,0.819,-0.796,-0.496,0.835,0.881,-0.175,-0.252,0.706,0.118,0.832,-0.233,0.834,-0.724,0.933,-0.642,0.744,0.814,-0.716,0.824,0.856,0.128,0.666,-0.791,0.689,-0.305,0.925,0.594,0.754,0.86,0.315,0.795,0.914,-0.737,-0.599,0.252,0.914,-0.822,0.744,0.63,-0.115,0.36,0.393,0.914,0.875,-0.637,0.102,-0.806,0.034,0.884,0.009,0.079,0.707,-0.558,-0.463,0.816,0.529,0.879,-0.312,-0.653,0.65,0.881,0.845
ATSG,-0.369,-0.516,-0.084,-0.414,-0.224,0.526,0.621,0.334,0.344,-0.801,-0.867,-0.378,0.47,0.154,0.751,0.472,-0.554,0.627,0.598,-0.175,-0.18,-0.641,-0.524,0.475,0.0,0.398,0.02,-0.679,0.275,-0.163,-0.511,0.3,0.499,0.49,0.263,0.423,0.47,0.668,-0.358,0.09,0.446,0.466,0.155,-0.402,0.193,0.299,0.296,0.196,-0.227,-0.021,0.323,0.26,0.17,-0.439,0.328,0.646,0.138,-0.205,-0.117,-0.524,0.136,-0.05,0.252,0.357,-0.578,-0.208,0.111,0.486,0.085,-0.328,-0.226,-0.514,0.493,-0.188,-0.144,-0.709,0.478,-0.163,-0.704,0.187,0.613,-0.454,0.16,0.099,0.584,-0.436,0.497,0.668,0.436,0.506,0.444,0.285,-0.436,-0.603,0.538,-0.384,0.248,0.49,-0.77,-0.14,-0.045,0.502,0.548,0.158,0.016,0.324,-0.837,-0.227,-0.152,-0.135,-0.455,0.536,-0.402,-0.501,0.421,-0.651,-0.135,0.587,0.374,0.056,0.325,-0.459,0.302,0.49,0.252,0.029,-0.2,-0.414,0.285,0.206,0.093,-0.705,0.525,0.656,0.063,0.533,-0.208,0.358,0.372,-0.423,0.002,0.423,0.173,-0.085,0.147,0.816,-0.055,0.278,-0.232,0.356,-0.454,0.449,-0.806,0.438,0.39,-0.448,0.562,0.688,0.126,0.011,-0.68,0.197,0.043,0.449,0.38,0.325,0.362,0.025,0.558,0.422,-0.723,-0.325,-0.559,0.397,-0.51,0.499,0.762,-0.229,-0.125,0.027,0.516,0.443,-0.307,0.085,-0.714,-0.397,0.426,-0.092,-0.134,0.287,-0.68,-0.199,0.376,0.677,0.314,-0.496,-0.403,0.39,0.673,0.266
AVTX,-0.066,-0.068,-0.541,0.168,-0.247,-0.005,0.241,-0.047,0.163,-0.271,-0.391,-0.453,-0.055,-0.226,0.33,-0.096,0.18,0.305,-0.008,-0.203,-0.117,-0.088,-0.252,-0.093,0.398,0.0,0.07,-0.543,-0.298,0.234,0.052,0.142,0.066,-0.055,-0.344,-0.177,-0.254,0.084,-0.153,-0.424,-0.247,-0.007,-0.139,-0.283,-0.18,-0.306,-0.38,-0.353,-0.041,-0.054,-0.303,0.447,-0.305,-0.428,0.312,0.012,-0.294,-0.276,-0.402,0.13,-0.322,-0.404,0.362,0.03,0.058,0.385,-0.276,0.102,-0.38,0.277,-0.513,-0.135,0.001,0.542,0.236,-0.468,-0.123,-0.138,-0.278,0.183,0.049,-0.063,-0.324,0.305,-0.076,-0.116,-0.194,0.434,0.065,0.328,-0.052,-0.273,0.241,-0.054,-0.028,0.259,-0.25,-0.082,-0.475,-0.2,0.035,-0.102,-0.081,-0.274,-0.426,-0.132,-0.505,0.383,0.303,0.408,0.045,-0.123,0.317,-0.017,0.106,-0.344,-0.347,-0.009,-0.358,-0.013,-0.134,-0.095,-0.152,0.247,-0.088,-0.132,0.164,0.227,-0.008,-0.333,-0.24,-0.436,-0.045,0.215,0.195,-0.028,-0.354,-0.104,-0.221,-0.1,0.097,-0.202,-0.265,0.378,0.519,0.251,0.103,-0.294,-0.262,-0.21,-0.127,-0.16,-0.318,0.075,-0.394,0.186,0.027,0.018,-0.218,-0.313,0.101,-0.11,0.21,-0.201,0.179,0.111,-0.199,-0.314,0.134,-0.08,-0.15,-0.096,-0.53,-0.124,-0.042,0.088,-0.033,0.19,0.061,-0.331,-0.003,-0.111,0.231,0.093,-0.261,-0.27,-0.062,0.289,0.094,-0.295,-0.336,0.019,-0.016,0.399,-0.256,0.007,-0.093,0.185,0.095,-0.148
BCPC,0.526,0.35,0.074,0.499,-0.251,0.007,-0.196,0.301,-0.413,0.325,0.232,0.154,-0.338,-0.257,-0.155,-0.246,0.384,-0.258,-0.195,0.343,-0.415,0.33,0.332,-0.316,0.02,0.07,0.0,0.204,-0.184,0.766,0.523,-0.303,-0.471,-0.141,-0.08,-0.318,-0.141,0.109,0.334,-0.042,-0.283,-0.487,0.428,0.423,-0.107,0.018,-0.286,0.316,0.758,-0.068,0.104,0.087,-0.084,0.297,-0.544,-0.131,-0.427,0.66,-0.062,0.338,-0.303,0.173,-0.198,-0.63,0.402,-0.336,-0.062,-0.341,0.051,0.53,0.236,0.597,-0.41,0.134,0.508,0.308,-0.251,0.673,0.417,0.078,-0.221,0.551,-0.246,-0.476,-0.313,0.634,-0.202,-0.225,-0.375,-0.255,-0.253,0.081,0.309,0.448,-0.371,0.376,-0.203,-0.184,0.312,0.422,0.404,0.002,0.014,-0.288,-0.172,-0.379,0.203,0.438,0.685,0.208,0.524,-0.173,0.256,0.224,-0.025,0.098,0.244,-0.274,-0.238,0.229,-0.458,0.483,0.373,-0.322,-0.401,-0.128,0.46,0.437,-0.392,-0.062,0.148,0.324,-0.296,-0.176,-0.031,-0.316,0.453,0.261,-0.286,0.645,0.638,-0.213,-0.342,0.087,0.186,-0.036,-0.074,-0.093,0.53,-0.306,0.47,-0.289,0.286,-0.377,-0.095,0.497,-0.171,-0.281,0.416,-0.136,0.291,-0.115,0.489,-0.228,-0.457,-0.383,-0.034,0.416,-0.152,-0.183,0.313,0.764,-0.13,-0.281,0.543,-0.321,-0.031,-0.031,-0.072,0.193,-0.274,-0.265,0.412,-0.128,0.383,0.494,-0.387,0.161,-0.158,-0.123,0.354,0.48,-0.265,-0.241,-0.28,0.205,0.544,-0.434,-0.289,-0.399
BEAM,0.27,0.346,0.388,0.233,0.158,-0.289,-0.636,0.051,-0.51,0.8,0.775,0.589,-0.388,-0.012,-0.682,-0.331,0.319,-0.564,-0.405,0.323,0.23,0.586,0.696,-0.257,-0.679,-0.543,0.204,0.0,-0.003,0.146,0.432,-0.419,-0.501,-0.389,-0.034,-0.283,-0.232,-0.483,0.558,0.212,-0.164,-0.422,0.124,0.52,-0.124,-0.073,0.038,0.21,0.286,-0.132,-0.034,-0.491,-0.052,0.639,-0.442,-0.497,-0.014,0.511,0.251,0.472,0.128,0.344,-0.309,-0.35,0.326,-0.126,0.124,-0.382,0.297,0.215,0.476,0.434,-0.429,-0.194,0.115,0.869,-0.222,0.397,0.63,-0.329,-0.444,0.414,0.046,-0.184,-0.351,0.454,-0.214,-0.716,-0.426,-0.531,-0.275,-0.073,0.186,0.581,-0.409,0.225,0.105,-0.158,0.842,0.293,-0.078,-0.312,-0.354,0.02,0.281,-0.252,0.77,-0.056,-0.027,-0.23,0.453,-0.244,0.116,0.332,-0.309,0.634,0.342,-0.42,-0.063,0.032,-0.229,0.417,-0.101,-0.597,-0.286,0.102,0.107,0.229,-0.417,0.086,0.221,0.96,-0.38,-0.629,-0.012,-0.394,0.484,0.112,-0.231,0.433,0.144,-0.225,-0.024,-0.218,-0.344,-0.531,-0.217,-0.056,0.501,-0.158,0.647,-0.203,0.798,-0.462,0.084,0.346,-0.476,-0.525,0.26,0.263,0.46,-0.214,0.285,-0.239,-0.29,-0.252,-0.088,0.362,-0.51,-0.28,0.648,0.34,0.579,-0.195,0.524,-0.502,-0.438,-0.077,-0.045,0.47,-0.398,-0.326,0.317,-0.28,0.659,0.429,-0.336,-0.2,0.055,-0.102,0.762,0.275,-0.357,-0.75,-0.156,0.366,0.457,-0.555,-0.55,-0.063
BILI,-0.124,-0.431,0.71,-0.764,0.465,0.779,0.48,0.676,0.465,-0.322,-0.197,0.304,0.694,0.746,0.502,0.834,-0.704,0.524,0.783,-0.001,0.291,-0.701,-0.301,0.803,0.275,-0.298,-0.184,-0.003,0.0,-0.588,-0.676,0.424,0.671,0.779,0.878,0.797,0.783,0.6,-0.271,0.8,0.878,0.699,0.245,0.131,0.775,0.773,0.776,0.608,-0.382,0.554,0.614,-0.344,0.59,0.324,0.25,0.71,0.756,0.081,0.574,-0.678,0.791,0.586,0.14,0.481,-0.677,-0.413,0.63,0.651,0.647,-0.623,0.479,-0.508,0.727,-0.657,-0.553,-0.064,0.9,-0.027,-0.504,0.312,0.767,-0.633,0.738,0.075,0.819,-0.506,0.851,0.261,0.604,0.481,0.867,0.727,-0.823,-0.675,0.787,-0.798,0.803,0.795,-0.17,0.195,-0.071,0.694,0.68,0.6,0.676,0.852,-0.034,-0.648,-0.534,-0.482,-0.435,0.818,-0.786,-0.556,0.534,-0.007,0.426,0.775,0.78,0.121,0.748,-0.498,0.546,0.367,0.691,0.64,-0.423,-0.788,0.56,0.853,0.613,-0.148,0.743,0.471,-0.174,0.795,0.23,0.304,0.832,-0.564,-0.435,0.837,0.804,-0.294,-0.477,0.487,0.178,0.824,0.116,0.821,-0.596,0.859,-0.42,0.593,0.786,-0.676,0.741,0.743,0.314,0.661,-0.676,0.55,-0.359,0.862,0.378,0.504,0.806,0.294,0.622,0.784,-0.595,-0.369,0.465,0.778,-0.632,0.653,0.603,-0.263,0.235,0.397,0.758,0.805,-0.707,0.169,-0.482,0.241,0.757,-0.147,-0.02,0.82,-0.356,-0.489,0.713,0.274,0.844,-0.321,-0.537,0.459,0.725,0.655
BJRI,0.582,0.47,-0.325,0.778,-0.477,-0.391,-0.432,-0.142,-0.547,0.477,0.307,-0.068,-0.666,-0.603,-0.428,-0.65,0.708,-0.472,-0.569,0.25,-0.576,0.6,0.377,-0.696,-0.163,0.234,0.766,0.146,-0.588,0.0,0.812,-0.415,-0.723,-0.539,-0.457,-0.681,-0.524,-0.285,0.375,-0.476,-0.723,-0.76,0.115,0.27,-0.5,-0.395,-0.702,-0.171,0.816,-0.26,-0.227,0.218,-0.347,0.059,-0.577,-0.423,-0.786,0.355,-0.394,0.639,-0.682,-0.224,-0.191,-0.768,0.714,-0.016,-0.402,-0.637,-0.329,0.699,-0.102,0.749,-0.727,0.466,0.675,0.307,-0.639,0.441,0.604,-0.019,-0.597,0.785,-0.624,-0.391,-0.705,0.771,-0.666,-0.328,-0.615,-0.467,-0.552,-0.354,0.628,0.69,-0.721,0.737,-0.585,-0.614,0.352,0.176,0.408,-0.378,-0.343,-0.619,-0.522,-0.73,0.196,0.668,0.776,0.485,0.582,-0.611,0.659,0.397,-0.272,0.173,-0.172,-0.635,-0.641,0.07,-0.768,0.712,0.078,-0.409,-0.705,-0.441,0.628,0.783,-0.632,-0.557,-0.265,0.318,-0.662,-0.401,0.023,-0.673,0.187,-0.097,-0.649,0.792,0.71,-0.588,-0.736,0.161,0.419,-0.34,-0.134,-0.524,0.387,-0.678,0.638,-0.706,0.437,-0.619,-0.583,0.793,-0.511,-0.622,0.154,-0.544,0.622,-0.375,0.469,-0.669,-0.595,-0.553,-0.477,0.034,-0.485,-0.574,0.54,0.822,-0.342,-0.63,0.758,-0.561,-0.368,0.039,-0.111,-0.17,-0.643,-0.638,0.618,-0.094,0.599,0.3,-0.716,0.211,-0.08,-0.494,0.435,0.546,-0.593,-0.334,-0.673,0.38,0.673,-0.57,-0.632,-0.742
