,AAL,AAON,ACB,ACGL,ACGLO,ACIW,ADBE,ADSK,AEP,AGIO,ALEC,ALNY,ALTR,AMBA,AMCX,AMKR,AMRX,ANSS,APPN,APTO,ARCT,ARWR,ASND,ASTH,ATSG,AVTX,BCPC,BEAM,BILI,BJRI,BLUE,BPOP,BRKL,BWIN,BZUN,CARG,CBRL,CBSH,CBUS,CENTA,CERS,CFFN,CHCO,CHEF,CHRD,CINF,CLLS,CMCO,CMCSA,COLL,COMM,COOP,CPB,CRON,CROX,CRUS,CRWD,CTAS,CYBR,CYTK,DGII,DIOD,DOMO,DPZ,DSGR,DXCM,ERIE,ESTA,EXEL,FAST,FCEL,FCFS,FHB,FITBI,FSV,FTDR,FUTU,GLDD,GLPG,GLPI,GOGO,GOSS,GSAT,GYRE,HALO,HAS,HLIT,HLNE,HSDT,HSIC,HTHT,ICHR,IDYA,IMVT,INDB,INSM,IONS,IOSP,ITRI,JBHT,JBLU,JSM,KLIC,KOD,KURA,LAB,LASR,LIN,LKQ,LNT,MBUU,MCRI,MDGL,MEDP,MGNI,MGPI,MGRC,MKTX,MRNA,MRTN,MSEX,MSFT,MU,NAVI,NBTB,NEO,NEOG,NGNE,NSSC,NTAP,NTES,NTLA,NTRS,NYMTN,OBLG,OCFC,ON,ONC,OPI,OSIS,OSW,PALI,PANW,PCAR,PCRX,PCTY,PEBO,PLAB,PLAY,PLMR,PLSE,PLUS,PRTA,PSEC,PSNL,PTCT,PTON,QNST,QRVO,QTTB,RARE,RBCAA,RGNX,SAIC,SGMO,SINT,SNPS,SPSC,SPTN,SSYS,STNE,TBBK,TCPC,TENB,TGTX,TREE,TRUP,TTWO,TW,TXG,UBSI,UCTT,UFPT,UMBF,UPBD,URBN,VBTX,VCTR,VEON,VNET,VRSK,VSEC,WABC,WTFCM,WVE,WW,WWD,XEL,ZD,ZYME
AAL,0.0,0.754,0.949,-0.394,-0.293,0.433,-0.054,0.616,-0.611,0.945,0.917,0.85,0.836,0.801,-0.039,0.605,0.628,0.76,0.653,-0.084,0.96,0.307,0.343,0.574,0.868,0.675,0.661,0.765,0.408,-0.616,0.28,0.084,0.563,0.897,0.596,-0.173,-0.228,0.701,0.649,-0.119,0.592,-0.077,0.284,0.24,-0.677,0.49,0.86,0.889,0.572,0.881,0.688,-0.191,-0.585,0.93,-0.494,0.885,-0.153,-0.268,0.045,-0.37,0.378,0.845,0.887,0.608,0.127,-0.339,0.544,0.869,0.765,-0.505,0.605,-0.619,0.082,0.866,0.754,0.409,0.002,0.249,0.697,0.315,0.733,0.902,0.448,-0.45,0.883,0.775,-0.725,0.913,0.876,0.925,0.215,0.887,0.116,0.529,0.395,-0.27,0.21,0.862,0.606,0.765,0.796,-0.612,0.932,0.795,0.706,-0.132,0.913,0.393,0.641,-0.532,0.421,0.787,0.793,-0.124,0.787,0.835,0.301,0.253,0.94,0.78,0.745,-0.666,0.714,0.562,-0.006,-0.879,0.769,0.894,0.888,0.715,-0.329,0.861,0.658,0.732,0.869,0.819,0.63,0.156,-0.609,0.674,0.837,-0.381,0.093,0.774,0.695,0.645,-0.52,0.79,0.166,0.222,0.166,0.522,0.701,0.699,0.869,0.032,0.833,-0.785,0.88,0.858,0.59,0.241,0.462,-0.004,0.453,0.884,0.274,0.725,0.652,0.767,0.45,0.386,0.812,0.765,0.511,0.848,0.772,0.467,-0.506,0.438,0.206,0.96,0.857,-0.318,0.757,-0.849,0.544,0.949,0.696,-0.272,0.716,0.022,-0.782,0.71,0.661,0.64,0.585,-0.693,0.457,-0.744
AAON,0.754,0.0,0.775,-0.07,-0.01,0.238,0.199,0.747,-0.136,0.789,0.833,0.558,0.872,0.808,0.163,0.595,0.575,0.868,0.593,-0.023,0.793,0.459,0.709,0.593,0.695,0.748,0.61,0.85,0.717,-0.585,-0.047,0.392,0.607,0.841,0.871,-0.049,-0.177,0.745,0.413,-0.138,0.299,0.175,0.474,-0.173,-0.33,0.654,0.704,0.825,0.551,0.772,0.484,0.082,-0.434,0.799,-0.288,0.818,0.274,0.28,0.224,0.173,0.119,0.723,0.761,0.344,0.636,-0.62,0.525,0.671,0.652,-0.092,0.71,-0.426,0.516,0.693,0.895,0.599,0.476,0.582,0.678,0.628,0.689,0.782,0.661,-0.495,0.774,0.488,-0.601,0.884,0.606,0.801,0.162,0.796,0.198,0.643,0.568,-0.23,0.403,0.818,0.625,0.85,0.58,-0.222,0.789,0.745,0.818,-0.571,0.73,0.708,0.638,-0.04,0.302,0.871,0.814,-0.035,0.558,0.672,0.693,0.404,0.808,0.827,0.896,-0.243,0.707,0.665,0.303,-0.741,0.379,0.753,0.586,0.709,0.197,0.781,0.847,0.779,0.715,0.756,0.578,0.468,-0.195,0.621,0.645,-0.447,0.457,0.741,0.814,0.691,-0.169,0.786,-0.081,0.488,0.469,0.744,0.623,0.621,0.694,-0.185,0.812,-0.58,0.664,0.593,0.739,0.453,0.46,0.422,0.538,0.821,0.599,0.756,0.476,0.411,0.089,0.596,0.667,0.599,0.197,0.68,0.739,0.544,-0.173,0.383,0.413,0.771,0.666,0.151,0.754,-0.634,0.783,0.795,0.37,-0.025,0.796,0.238,-0.507,0.628,0.478,0.749,0.817,-0.259,0.513,-0.587
ACB,0.949,0.775,0.0,-0.312,-0.342,0.475,-0.005,0.697,-0.547,0.965,0.948,0.848,0.852,0.839,0.07,0.629,0.625,0.814,0.723,-0.098,0.974,0.373,0.413,0.635,0.911,0.724,0.694,0.8,0.406,-0.601,0.239,0.115,0.605,0.875,0.63,-0.131,-0.163,0.759,0.69,-0.053,0.589,-0.104,0.268,0.241,-0.603,0.576,0.888,0.915,0.652,0.855,0.684,-0.218,-0.558,0.961,-0.49,0.89,-0.06,-0.196,0.154,-0.299,0.32,0.866,0.919,0.553,0.171,-0.349,0.574,0.906,0.787,-0.453,0.663,-0.623,0.13,0.859,0.769,0.447,0.099,0.315,0.724,0.388,0.786,0.916,0.421,-0.516,0.91,0.807,-0.716,0.921,0.858,0.947,0.136,0.919,0.049,0.613,0.415,-0.3,0.268,0.894,0.649,0.803,0.75,-0.646,0.944,0.804,0.757,-0.161,0.935,0.446,0.704,-0.464,0.467,0.821,0.872,-0.12,0.829,0.857,0.348,0.315,0.943,0.828,0.741,-0.614,0.779,0.592,0.023,-0.866,0.757,0.918,0.903,0.761,-0.288,0.892,0.701,0.789,0.854,0.851,0.64,0.158,-0.538,0.697,0.821,-0.344,0.193,0.787,0.785,0.706,-0.5,0.821,0.19,0.296,0.268,0.592,0.758,0.74,0.928,-0.039,0.834,-0.735,0.891,0.871,0.603,0.272,0.498,0.088,0.535,0.903,0.349,0.788,0.66,0.803,0.464,0.419,0.876,0.836,0.474,0.873,0.821,0.549,-0.5,0.485,0.187,0.967,0.851,-0.279,0.811,-0.817,0.581,0.949,0.625,-0.248,0.765,0.063,-0.787,0.745,0.69,0.71,0.64,-0.644,0.523,-0.702
ACGL,-0.394,-0.07,-0.312,0.0,-0.18,0.126,0.641,0.189,0.624,-0.305,-0.216,-0.281,-0.05,-0.115,0.602,0.024,-0.403,0.047,-0.034,-0.19,-0.332,0.421,0.405,0.183,-0.123,0.195,0.111,0.022,-0.148,0.194,-0.423,0.294,0.171,-0.361,-0.04,0.448,0.655,0.158,-0.039,0.593,-0.387,0.023,0.097,0.103,0.698,0.428,-0.217,-0.164,0.148,-0.472,-0.483,0.141,0.121,-0.326,0.227,-0.153,0.636,0.709,0.566,0.71,-0.667,-0.231,-0.294,-0.417,0.287,-0.35,0.193,-0.264,-0.126,0.78,0.212,0.323,0.504,-0.264,-0.056,0.262,0.439,0.416,-0.019,0.449,-0.024,-0.206,-0.185,-0.297,-0.167,-0.24,0.608,-0.216,-0.478,-0.276,-0.562,-0.142,-0.104,0.275,0.182,0.479,0.455,-0.194,0.111,0.068,-0.386,0.169,-0.274,-0.208,0.035,-0.348,-0.25,0.239,0.105,0.76,0.161,-0.154,-0.011,-0.201,-0.206,-0.193,0.253,0.365,-0.363,0.014,-0.223,0.609,0.038,0.09,0.42,0.417,-0.656,-0.491,-0.452,0.115,0.343,-0.109,0.217,0.082,-0.452,-0.043,-0.171,0.002,0.852,-0.075,-0.54,0.496,0.594,-0.312,0.018,0.136,0.437,-0.047,0.121,0.619,0.371,0.352,0.008,-0.004,-0.218,-0.165,-0.105,0.696,-0.223,-0.38,0.04,0.434,-0.106,0.633,0.308,-0.223,0.472,0.12,-0.185,-0.249,-0.447,0.121,-0.216,-0.091,-0.551,-0.26,0.032,0.155,0.278,-0.013,0.027,-0.366,-0.452,0.674,0.076,0.568,0.221,-0.419,-0.804,0.035,0.04,0.533,0.31,-0.044,-0.126,0.044,0.293,0.755,0.301,0.693
ACGLO,-0.293,-0.01,-0.342,-0.18,0.0,-0.572,-0.334,-0.349,0.268,-0.365,-0.318,-0.428,-0.282,-0.374,-0.432,-0.41,0.303,-0.333,-0.446,0.361,-0.346,-0.453,-0.224,-0.374,-0.544,-0.492,-0.466,-0.105,0.461,0.157,0.172,-0.033,-0.49,-0.037,0.13,-0.166,-0.498,-0.506,-0.733,-0.605,-0.095,0.362,-0.09,-0.669,-0.076,-0.439,-0.526,-0.406,-0.434,0.036,-0.174,0.411,0.312,-0.142,0.544,-0.369,-0.081,0.104,-0.334,0.109,0.202,-0.428,-0.353,-0.112,0.295,0.102,-0.492,-0.483,-0.47,-0.103,-0.353,0.205,-0.037,-0.315,-0.108,-0.194,0.041,-0.262,-0.414,-0.148,-0.473,-0.442,0.395,0.378,-0.477,-0.522,-0.097,-0.204,-0.269,-0.37,0.62,-0.424,0.352,-0.443,-0.22,-0.058,-0.38,-0.3,-0.452,-0.404,-0.373,0.775,-0.426,-0.342,-0.252,-0.006,-0.491,-0.054,-0.486,0.144,-0.655,-0.121,-0.408,0.755,-0.471,-0.446,-0.04,-0.363,-0.25,-0.39,0.082,0.417,-0.345,-0.38,-0.045,0.319,-0.207,-0.06,-0.406,-0.455,0.582,-0.408,-0.369,-0.431,-0.182,-0.531,-0.305,0.47,-0.026,-0.381,-0.052,-0.381,-0.191,0.107,-0.296,-0.462,0.243,-0.367,-0.518,-0.347,-0.055,-0.405,-0.546,-0.48,-0.356,0.032,-0.219,-0.073,-0.526,-0.35,-0.133,-0.358,-0.265,-0.279,-0.399,-0.374,-0.265,-0.489,-0.484,-0.641,-0.236,-0.129,-0.443,-0.471,0.227,-0.36,-0.542,-0.325,0.431,-0.325,0.188,-0.319,-0.07,0.062,-0.541,0.165,-0.336,-0.228,0.141,0.648,-0.348,-0.256,0.471,-0.463,-0.256,-0.326,-0.323,0.217,-0.532,-0.166
ACIW,0.433,0.238,0.475,0.126,-0.572,0.0,0.486,0.651,-0.224,0.471,0.461,0.564,0.487,0.606,0.695,0.694,-0.068,0.578,0.777,-0.517,0.507,0.595,0.358,0.788,0.695,0.582,0.763,0.268,-0.149,-0.212,0.168,-0.065,0.751,0.325,-0.055,0.537,0.622,0.689,0.799,0.64,0.092,-0.471,-0.069,0.637,0.125,0.518,0.629,0.6,0.7,0.283,0.5,-0.493,-0.411,0.368,-0.273,0.509,0.349,0.045,0.628,0.127,0.026,0.64,0.656,0.291,-0.071,-0.154,0.73,0.656,0.472,-0.136,0.685,-0.398,0.171,0.576,0.33,0.589,0.271,0.513,0.667,0.505,0.777,0.5,-0.191,-0.382,0.648,0.751,0.045,0.293,0.345,0.522,-0.523,0.583,0.194,0.627,0.289,0.386,0.489,0.594,0.668,0.489,0.577,-0.51,0.554,0.586,0.482,0.062,0.669,-0.018,0.739,-0.042,0.831,0.274,0.589,-0.423,0.778,0.746,0.023,0.575,0.442,0.602,0.265,-0.311,0.581,0.622,-0.054,-0.227,0.199,0.311,0.575,0.752,-0.381,0.623,0.454,0.538,0.349,0.681,0.623,-0.428,0.021,0.756,0.259,0.409,0.442,0.193,0.627,0.754,-0.473,0.592,0.687,0.48,0.075,0.566,0.665,0.738,0.539,0.436,0.547,-0.0,0.679,0.356,0.262,0.452,0.662,0.379,0.413,0.51,0.492,0.677,0.573,0.723,0.539,0.007,0.707,0.766,-0.109,0.547,0.701,0.708,-0.61,0.791,-0.188,0.472,0.335,0.073,0.702,-0.151,0.543,0.309,0.107,-0.355,0.54,0.592,-0.433,0.732,0.596,0.697,0.559,-0.136,0.847,0.099
ADBE,-0.054,0.199,-0.005,0.641,-0.334,0.486,0.0,0.655,0.33,0.051,0.039,0.092,0.376,0.423,0.747,0.581,-0.403,0.492,0.425,-0.659,0.065,0.769,0.663,0.448,0.228,0.543,0.506,0.105,0.008,-0.19,-0.606,0.119,0.631,-0.062,-0.006,0.746,0.736,0.515,0.41,0.585,-0.435,-0.328,-0.041,0.183,0.667,0.586,0.286,0.305,0.589,-0.198,-0.017,-0.33,-0.395,-0.09,-0.105,0.262,0.88,0.792,0.765,0.717,-0.641,0.32,0.167,-0.058,0.358,-0.576,0.593,0.039,0.047,0.691,0.616,-0.173,0.473,0.191,0.308,0.661,0.718,0.819,0.435,0.667,0.37,0.2,-0.229,-0.59,0.283,0.239,0.446,0.043,-0.179,0.144,-0.74,0.292,0.119,0.569,0.248,0.426,0.663,0.143,0.429,0.458,0.18,0.009,0.15,0.267,0.309,-0.509,0.21,0.252,0.601,0.618,0.623,0.081,0.298,-0.479,0.254,0.177,0.431,0.751,0.089,0.387,0.087,0.3,0.504,0.608,0.161,0.044,-0.54,-0.2,-0.033,0.575,0.204,0.325,0.432,0.48,0.039,0.395,0.385,-0.095,0.654,0.458,-0.383,0.368,0.875,-0.192,0.399,0.595,-0.032,0.451,0.153,0.698,0.176,0.706,0.432,0.482,0.026,0.12,0.282,0.344,0.25,-0.118,-0.003,0.595,0.441,0.859,0.339,0.255,0.864,0.474,0.037,0.187,-0.127,-0.007,0.143,0.193,-0.664,0.071,0.471,0.639,-0.202,0.518,-0.266,0.012,-0.306,0.477,0.499,0.163,0.606,-0.163,-0.504,-0.388,0.519,0.714,-0.149,0.422,0.003,0.559,0.654,0.482,0.686,0.434
ADSK,0.616,0.747,0.697,0.189,-0.349,0.651,0.655,0.0,-0.083,0.713,0.717,0.653,0.866,0.916,0.592,0.873,0.253,0.94,0.849,-0.502,0.74,0.782,0.771,0.786,0.771,0.878,0.869,0.656,0.358,-0.61,-0.217,0.142,0.886,0.634,0.496,0.446,0.362,0.905,0.72,0.325,0.071,-0.312,0.136,0.202,0.068,0.805,0.808,0.868,0.885,0.525,0.561,-0.348,-0.583,0.64,-0.372,0.815,0.627,0.467,0.656,0.348,-0.152,0.861,0.803,0.354,0.479,-0.684,0.851,0.672,0.57,0.133,0.915,-0.593,0.465,0.771,0.757,0.846,0.655,0.826,0.811,0.805,0.855,0.773,0.182,-0.729,0.824,0.742,-0.231,0.678,0.484,0.792,-0.381,0.86,0.126,0.857,0.433,0.097,0.665,0.757,0.774,0.899,0.679,-0.365,0.76,0.76,0.765,-0.526,0.794,0.479,0.94,0.167,0.751,0.668,0.832,-0.298,0.757,0.741,0.55,0.754,0.746,0.886,0.664,-0.149,0.908,0.847,0.128,-0.566,0.16,0.553,0.639,0.938,0.017,0.86,0.789,0.881,0.642,0.857,0.794,0.039,0.063,0.872,0.335,0.001,0.797,0.521,0.866,0.932,-0.401,0.916,0.174,0.699,0.294,0.925,0.848,0.889,0.688,0.125,0.804,-0.306,0.784,0.481,0.478,0.583,0.739,0.683,0.559,0.812,0.867,0.902,0.468,0.637,0.212,0.25,0.731,0.738,-0.158,0.637,0.903,0.868,-0.495,0.72,-0.032,0.693,0.416,0.17,0.911,-0.465,0.845,0.566,0.136,-0.348,0.931,0.55,-0.638,0.818,0.51,0.95,0.925,-0.066,0.838,-0.229
AEP,-0.611,-0.136,-0.547,0.624,0.268,-0.224,0.33,-0.083,0.0,-0.579,-0.485,-0.669,-0.344,-0.343,0.359,-0.223,-0.191,-0.223,-0.136,0.165,-0.573,0.046,0.201,-0.181,-0.514,-0.172,-0.277,-0.152,0.126,0.327,-0.371,0.333,-0.085,-0.458,0.025,0.256,0.317,-0.168,-0.494,0.3,-0.339,0.304,0.16,-0.207,0.635,0.137,-0.527,-0.442,-0.259,-0.507,-0.42,0.463,0.584,-0.502,0.563,-0.41,0.497,0.667,0.223,0.687,-0.318,-0.479,-0.488,-0.343,0.278,-0.05,-0.188,-0.482,-0.359,0.633,-0.027,0.57,0.554,-0.447,-0.265,-0.028,0.505,0.169,-0.463,0.279,-0.268,-0.462,-0.129,0.163,-0.44,-0.532,0.554,-0.411,-0.606,-0.521,-0.201,-0.413,-0.105,-0.046,0.14,0.366,0.058,-0.379,0.0,-0.213,-0.522,0.569,-0.488,-0.488,-0.284,-0.339,-0.527,0.268,-0.273,0.848,-0.206,-0.257,-0.314,0.168,-0.527,-0.354,0.254,-0.091,-0.562,-0.28,-0.287,0.743,-0.341,-0.226,0.486,0.606,-0.715,-0.559,-0.626,-0.257,0.671,-0.442,-0.004,-0.175,-0.551,-0.353,-0.275,0.15,0.829,-0.274,-0.581,0.33,0.372,-0.321,-0.192,-0.244,0.639,-0.31,-0.048,0.397,0.187,0.064,-0.354,-0.342,-0.419,-0.203,-0.337,0.693,-0.572,-0.597,0.042,0.18,-0.16,0.479,-0.016,-0.487,0.223,-0.21,-0.315,-0.626,-0.363,0.125,-0.461,-0.408,-0.469,-0.533,-0.247,-0.134,0.511,-0.136,0.184,-0.56,-0.605,0.708,-0.267,0.734,0.031,-0.555,-0.77,0.37,-0.264,0.184,0.533,-0.294,-0.243,-0.132,-0.016,0.891,-0.104,0.582
AGIO,0.945,0.789,0.965,-0.305,-0.365,0.471,0.051,0.713,-0.579,0.0,0.955,0.868,0.889,0.877,0.072,0.678,0.533,0.839,0.695,-0.196,0.988,0.441,0.455,0.631,0.912,0.784,0.74,0.803,0.342,-0.679,0.178,0.097,0.659,0.875,0.591,-0.106,-0.146,0.787,0.739,-0.035,0.52,-0.138,0.253,0.238,-0.552,0.58,0.924,0.94,0.668,0.841,0.691,-0.272,-0.6,0.919,-0.597,0.924,-0.03,-0.161,0.144,-0.264,0.244,0.897,0.929,0.543,0.188,-0.43,0.641,0.884,0.808,-0.398,0.664,-0.663,0.125,0.893,0.783,0.507,0.102,0.377,0.796,0.413,0.798,0.944,0.421,-0.575,0.934,0.817,-0.681,0.926,0.866,0.968,0.053,0.94,0.089,0.642,0.417,-0.262,0.339,0.896,0.624,0.852,0.778,-0.669,0.955,0.858,0.786,-0.218,0.948,0.437,0.743,-0.456,0.506,0.821,0.895,-0.227,0.813,0.841,0.361,0.39,0.97,0.866,0.768,-0.664,0.781,0.668,-0.012,-0.912,0.733,0.878,0.9,0.783,-0.338,0.936,0.727,0.819,0.884,0.884,0.677,0.114,-0.532,0.741,0.78,-0.353,0.214,0.72,0.779,0.743,-0.546,0.85,0.111,0.289,0.185,0.635,0.794,0.791,0.886,-0.01,0.846,-0.745,0.924,0.856,0.604,0.318,0.521,0.147,0.551,0.945,0.39,0.814,0.664,0.803,0.405,0.388,0.865,0.803,0.375,0.888,0.841,0.563,-0.531,0.475,0.149,0.963,0.817,-0.275,0.84,-0.87,0.628,0.954,0.631,-0.343,0.83,0.08,-0.814,0.776,0.613,0.735,0.693,-0.646,0.564,-0.706
ALEC,0.917,0.833,0.948,-0.216,-0.318,0.461,0.039,0.717,-0.485,0.955,0.0,0.843,0.865,0.849,0.123,0.646,0.58,0.838,0.671,-0.062,0.953,0.454,0.528,0.681,0.895,0.777,0.739,0.843,0.416,-0.64,0.239,0.209,0.64,0.89,0.686,-0.131,-0.136,0.813,0.68,-0.035,0.451,-0.061,0.332,0.167,-0.51,0.623,0.869,0.918,0.632,0.84,0.65,-0.138,-0.541,0.916,-0.533,0.905,0.035,-0.096,0.186,-0.175,0.224,0.862,0.909,0.422,0.312,-0.465,0.629,0.9,0.823,-0.354,0.685,-0.57,0.256,0.831,0.785,0.535,0.187,0.414,0.777,0.494,0.814,0.906,0.453,-0.517,0.911,0.749,-0.691,0.931,0.795,0.947,0.093,0.921,0.102,0.691,0.469,-0.201,0.404,0.899,0.651,0.832,0.738,-0.613,0.926,0.826,0.832,-0.271,0.906,0.449,0.721,-0.349,0.461,0.842,0.891,-0.127,0.778,0.838,0.412,0.409,0.924,0.889,0.819,-0.566,0.773,0.657,0.105,-0.857,0.692,0.872,0.85,0.78,-0.221,0.912,0.766,0.778,0.813,0.86,0.664,0.187,-0.469,0.724,0.791,-0.32,0.271,0.789,0.801,0.757,-0.438,0.839,0.127,0.373,0.322,0.655,0.763,0.76,0.897,-0.062,0.827,-0.7,0.874,0.802,0.684,0.355,0.52,0.181,0.557,0.9,0.401,0.842,0.652,0.731,0.293,0.473,0.848,0.839,0.369,0.826,0.833,0.551,-0.426,0.437,0.259,0.932,0.832,-0.132,0.829,-0.786,0.659,0.932,0.569,-0.22,0.792,0.143,-0.71,0.731,0.647,0.735,0.702,-0.548,0.566,-0.65
ALNY,0.85,0.558,0.848,-0.281,-0.428,0.564,0.092,0.653,-0.669,0.868,0.843,0.0,0.746,0.789,0.105,0.718,0.375,0.681,0.645,-0.321,0.871,0.513,0.331,0.612,0.818,0.725,0.815,0.616,0.115,-0.691,0.288,-0.198,0.629,0.748,0.312,0.089,0.044,0.7,0.796,0.086,0.415,-0.471,-0.042,0.424,-0.418,0.457,0.85,0.835,0.704,0.657,0.746,-0.46,-0.659,0.791,-0.607,0.811,-0.03,-0.222,0.231,-0.318,0.195,0.873,0.828,0.567,0.037,-0.413,0.723,0.821,0.663,-0.412,0.622,-0.779,-0.07,0.842,0.565,0.571,0.027,0.353,0.764,0.355,0.777,0.817,0.105,-0.528,0.841,0.877,-0.495,0.711,0.772,0.861,-0.072,0.854,0.037,0.65,0.115,-0.019,0.447,0.72,0.555,0.726,0.852,-0.668,0.804,0.776,0.593,-0.016,0.867,0.085,0.767,-0.439,0.661,0.619,0.749,-0.172,0.828,0.756,0.078,0.493,0.85,0.797,0.619,-0.647,0.755,0.625,-0.255,-0.737,0.642,0.715,0.893,0.753,-0.523,0.889,0.524,0.706,0.764,0.755,0.746,-0.173,-0.528,0.775,0.58,-0.084,0.205,0.61,0.623,0.706,-0.739,0.786,0.227,0.239,-0.004,0.534,0.802,0.836,0.818,0.271,0.733,-0.653,0.87,0.735,0.402,0.197,0.665,0.063,0.368,0.81,0.293,0.684,0.581,0.858,0.414,0.061,0.763,0.792,0.273,0.707,0.759,0.637,-0.733,0.57,-0.162,0.82,0.698,-0.33,0.756,-0.777,0.455,0.769,0.585,-0.49,0.734,0.124,-0.843,0.69,0.661,0.659,0.558,-0.602,0.569,-0.521
ALTR,0.836,0.872,0.852,-0.05,-0.282,0.487,0.376,0.866,-0.344,0.889,0.865,0.746,0.0,0.939,0.272,0.8,0.426,0.961,0.709,-0.316,0.899,0.629,0.72,0.715,0.858,0.868,0.767,0.796,0.514,-0.668,-0.091,0.261,0.768,0.849,0.677,0.103,0.017,0.881,0.664,-0.001,0.26,-0.067,0.351,0.074,-0.295,0.723,0.89,0.948,0.732,0.754,0.574,-0.188,-0.676,0.818,-0.489,0.93,0.328,0.222,0.352,0.115,-0.024,0.893,0.867,0.427,0.482,-0.65,0.713,0.736,0.733,-0.096,0.827,-0.596,0.384,0.817,0.881,0.688,0.434,0.657,0.828,0.653,0.783,0.907,0.469,-0.677,0.894,0.707,-0.517,0.886,0.659,0.913,-0.078,0.926,0.213,0.777,0.533,-0.138,0.497,0.873,0.701,0.921,0.724,-0.416,0.906,0.868,0.871,-0.528,0.878,0.57,0.829,-0.118,0.553,0.781,0.889,-0.278,0.738,0.763,0.614,0.567,0.916,0.88,0.806,-0.381,0.888,0.791,0.182,-0.8,0.416,0.766,0.724,0.892,-0.011,0.917,0.811,0.878,0.8,0.921,0.724,0.243,-0.224,0.782,0.611,-0.338,0.536,0.667,0.862,0.847,-0.376,0.934,0.026,0.553,0.318,0.836,0.784,0.811,0.785,-0.029,0.846,-0.607,0.867,0.725,0.577,0.541,0.581,0.456,0.579,0.943,0.705,0.876,0.605,0.636,0.207,0.453,0.764,0.713,0.141,0.788,0.867,0.688,-0.417,0.52,0.194,0.876,0.635,0.009,0.894,-0.726,0.831,0.817,0.408,-0.281,0.933,0.361,-0.714,0.789,0.502,0.862,0.882,-0.353,0.688,-0.559
AMBA,0.801,0.808,0.839,-0.115,-0.374,0.606,0.423,0.916,-0.343,0.877,0.849,0.789,0.939,0.0,0.367,0.899,0.34,0.951,0.832,-0.396,0.898,0.699,0.705,0.736,0.861,0.891,0.852,0.704,0.384,-0.727,-0.09,0.118,0.859,0.788,0.552,0.243,0.142,0.915,0.794,0.133,0.225,-0.273,0.193,0.194,-0.19,0.706,0.937,0.967,0.812,0.684,0.723,-0.349,-0.661,0.766,-0.557,0.93,0.373,0.207,0.422,0.103,0.023,0.967,0.917,0.473,0.377,-0.599,0.819,0.801,0.709,-0.107,0.863,-0.691,0.331,0.868,0.796,0.765,0.482,0.709,0.866,0.679,0.883,0.91,0.266,-0.653,0.935,0.828,-0.435,0.8,0.678,0.925,-0.221,0.955,0.124,0.82,0.42,-0.058,0.574,0.85,0.755,0.935,0.845,-0.491,0.909,0.897,0.799,-0.467,0.921,0.434,0.919,-0.109,0.718,0.743,0.896,-0.333,0.825,0.831,0.534,0.651,0.903,0.931,0.762,-0.458,0.894,0.854,0.029,-0.771,0.417,0.721,0.812,0.928,-0.143,0.95,0.788,0.897,0.805,0.933,0.871,0.039,-0.225,0.905,0.535,-0.187,0.574,0.605,0.879,0.906,-0.528,0.968,0.128,0.527,0.18,0.856,0.876,0.915,0.799,0.102,0.848,-0.562,0.911,0.673,0.551,0.495,0.75,0.503,0.52,0.949,0.714,0.899,0.632,0.744,0.298,0.317,0.828,0.781,0.013,0.762,0.931,0.801,-0.576,0.685,-0.002,0.852,0.596,-0.037,0.94,-0.71,0.823,0.77,0.387,-0.432,0.957,0.386,-0.784,0.861,0.543,0.941,0.878,-0.358,0.766,-0.488
AMCX,-0.039,0.163,0.07,0.602,-0.432,0.695,0.747,0.592,0.359,0.072,0.123,0.105,0.272,0.367,0.0,0.5,-0.331,0.447,0.577,-0.428,0.089,0.636,0.563,0.653,0.343,0.473,0.526,0.087,-0.084,0.022,-0.215,0.181,0.632,-0.02,-0.021,0.751,0.835,0.546,0.477,0.757,-0.274,-0.275,0.004,0.311,0.642,0.585,0.27,0.294,0.568,-0.132,0.056,-0.258,-0.113,-0.017,0.06,0.17,0.767,0.579,0.873,0.659,-0.325,0.288,0.281,-0.109,0.255,-0.273,0.581,0.286,0.152,0.409,0.567,-0.022,0.52,0.168,0.22,0.63,0.648,0.722,0.472,0.684,0.54,0.14,-0.186,-0.329,0.311,0.312,0.426,0.0,-0.154,0.15,-0.703,0.244,0.048,0.622,0.337,0.497,0.651,0.287,0.521,0.381,0.171,-0.124,0.175,0.322,0.373,-0.312,0.264,0.146,0.578,0.532,0.662,0.077,0.394,-0.401,0.398,0.387,0.263,0.674,0.034,0.403,0.1,0.256,0.394,0.534,0.233,0.128,-0.356,-0.123,0.071,0.56,0.121,0.309,0.435,0.371,-0.113,0.412,0.349,-0.248,0.599,0.493,-0.193,0.546,0.743,-0.098,0.533,0.635,0.006,0.33,0.536,0.7,0.341,0.625,0.501,0.474,0.185,0.199,0.3,0.491,0.253,-0.11,0.286,0.617,0.469,0.771,0.403,0.19,0.707,0.537,0.243,0.244,0.082,0.092,0.382,0.449,-0.524,0.155,0.476,0.644,-0.19,0.578,-0.11,0.03,-0.097,0.521,0.523,0.287,0.565,-0.097,-0.452,-0.109,0.383,0.795,-0.031,0.447,0.239,0.583,0.582,0.432,0.803,0.547
AMKR,0.605,0.595,0.629,0.024,-0.41,0.694,0.581,0.873,-0.223,0.678,0.646,0.718,0.8,0.899,0.5,0.0,0.113,0.819,0.809,-0.538,0.709,0.811,0.682,0.705,0.713,0.826,0.861,0.515,0.215,-0.703,-0.135,-0.009,0.871,0.581,0.325,0.462,0.391,0.848,0.771,0.31,0.037,-0.47,0.035,0.319,0.065,0.647,0.807,0.824,0.79,0.435,0.687,-0.421,-0.632,0.54,-0.479,0.797,0.508,0.319,0.554,0.247,-0.107,0.887,0.773,0.436,0.299,-0.594,0.874,0.65,0.552,0.055,0.857,-0.667,0.308,0.754,0.564,0.819,0.539,0.765,0.775,0.723,0.834,0.748,-0.014,-0.598,0.809,0.783,-0.09,0.547,0.505,0.754,-0.42,0.83,0.126,0.833,0.262,0.245,0.668,0.657,0.739,0.819,0.822,-0.388,0.726,0.762,0.616,-0.409,0.781,0.237,0.904,0.083,0.836,0.518,0.731,-0.348,0.744,0.704,0.404,0.725,0.716,0.824,0.58,-0.335,0.817,0.811,-0.029,-0.529,0.196,0.476,0.687,0.897,-0.161,0.838,0.655,0.813,0.634,0.815,0.899,-0.183,-0.032,0.908,0.271,0.098,0.667,0.41,0.737,0.863,-0.56,0.897,0.204,0.59,0.001,0.832,0.82,0.91,0.659,0.287,0.688,-0.319,0.799,0.45,0.398,0.495,0.841,0.587,0.39,0.786,0.742,0.793,0.529,0.679,0.263,0.117,0.674,0.677,-0.207,0.584,0.851,0.826,-0.661,0.757,-0.199,0.65,0.361,0.065,0.843,-0.481,0.757,0.516,0.197,-0.521,0.869,0.494,-0.716,0.797,0.499,0.89,0.824,-0.146,0.793,-0.229
AMRX,0.628,0.575,0.625,-0.403,0.303,-0.068,-0.403,0.253,-0.191,0.533,0.58,0.375,0.426,0.34,-0.331,0.113,0.0,0.366,0.291,0.335,0.563,-0.156,0.033,0.17,0.346,0.18,0.165,0.621,0.629,-0.364,0.381,0.054,0.046,0.686,0.651,-0.414,-0.6,0.227,-0.0,-0.456,0.586,0.231,0.211,-0.144,-0.703,0.17,0.328,0.424,0.15,0.78,0.445,0.246,-0.075,0.736,0.042,0.471,-0.27,-0.218,-0.243,-0.336,0.558,0.368,0.494,0.439,0.19,-0.109,0.024,0.462,0.368,-0.53,0.21,-0.315,0.049,0.495,0.477,0.056,-0.05,-0.143,0.133,0.105,0.261,0.461,0.572,-0.068,0.381,0.301,-0.726,0.663,0.614,0.52,0.643,0.45,0.043,0.106,0.189,-0.364,-0.229,0.518,0.267,0.344,0.309,-0.083,0.496,0.284,0.381,-0.043,0.419,0.389,0.12,-0.353,-0.173,0.6,0.371,0.499,0.307,0.429,0.183,-0.225,0.586,0.345,0.55,-0.219,0.328,0.029,0.066,-0.522,0.592,0.763,0.497,0.23,0.122,0.387,0.294,0.302,0.579,0.31,0.223,0.447,-0.535,0.21,0.704,-0.525,-0.11,0.829,0.336,0.148,-0.19,0.355,-0.141,-0.011,0.166,0.129,0.207,0.193,0.571,-0.116,0.512,-0.661,0.352,0.557,0.49,-0.12,0.124,-0.266,0.224,0.429,-0.049,0.297,0.187,0.229,0.264,0.3,0.399,0.369,0.705,0.481,0.289,0.042,-0.105,0.045,0.389,0.623,0.662,-0.27,0.233,-0.535,0.117,0.661,0.619,0.319,0.276,-0.329,-0.387,0.254,0.46,0.249,0.177,-0.414,-0.087,-0.734
ANSS,0.76,0.868,0.814,0.047,-0.333,0.578,0.492,0.94,-0.223,0.839,0.838,0.681,0.961,0.951,0.447,0.819,0.366,0.0,0.795,-0.359,0.855,0.682,0.777,0.771,0.862,0.889,0.8,0.766,0.477,-0.6,-0.165,0.284,0.829,0.774,0.652,0.22,0.146,0.926,0.705,0.145,0.191,-0.106,0.325,0.104,-0.152,0.793,0.883,0.944,0.808,0.689,0.546,-0.23,-0.621,0.761,-0.439,0.899,0.467,0.334,0.5,0.232,-0.064,0.888,0.877,0.364,0.496,-0.64,0.75,0.76,0.696,-0.003,0.869,-0.565,0.473,0.801,0.887,0.742,0.55,0.749,0.855,0.728,0.84,0.879,0.413,-0.693,0.896,0.718,-0.434,0.844,0.603,0.885,-0.196,0.914,0.179,0.816,0.577,-0.099,0.557,0.881,0.763,0.94,0.688,-0.42,0.886,0.852,0.886,-0.556,0.876,0.599,0.88,-0.019,0.62,0.777,0.913,-0.336,0.765,0.797,0.648,0.639,0.859,0.914,0.776,-0.291,0.903,0.844,0.215,-0.746,0.33,0.71,0.692,0.932,0.024,0.904,0.862,0.894,0.75,0.936,0.731,0.217,-0.098,0.82,0.55,-0.241,0.654,0.612,0.927,0.915,-0.341,0.934,0.117,0.63,0.398,0.904,0.824,0.838,0.754,-0.036,0.858,-0.474,0.856,0.642,0.595,0.6,0.625,0.583,0.639,0.916,0.801,0.94,0.573,0.647,0.223,0.457,0.808,0.767,0.031,0.781,0.917,0.76,-0.415,0.602,0.172,0.827,0.579,0.098,0.941,-0.619,0.887,0.745,0.293,-0.274,0.941,0.449,-0.662,0.836,0.505,0.932,0.935,-0.258,0.787,-0.429
APPN,0.653,0.593,0.723,-0.034,-0.446,0.777,0.425,0.849,-0.136,0.695,0.671,0.645,0.709,0.832,0.577,0.809,0.291,0.795,0.0,-0.383,0.737,0.612,0.518,0.759,0.796,0.744,0.808,0.552,0.217,-0.488,0.043,0.036,0.831,0.582,0.34,0.415,0.389,0.803,0.771,0.429,0.316,-0.371,0.067,0.437,-0.062,0.664,0.789,0.813,0.794,0.524,0.709,-0.403,-0.419,0.656,-0.28,0.729,0.37,0.144,0.57,0.098,0.192,0.824,0.849,0.506,0.148,-0.317,0.766,0.798,0.573,-0.158,0.829,-0.543,0.318,0.801,0.581,0.668,0.445,0.599,0.706,0.647,0.906,0.726,0.039,-0.492,0.825,0.841,-0.207,0.584,0.6,0.755,-0.322,0.804,0.056,0.739,0.403,0.125,0.48,0.752,0.837,0.768,0.743,-0.506,0.763,0.712,0.601,-0.213,0.832,0.342,0.846,-0.04,0.79,0.614,0.774,-0.257,0.861,0.87,0.32,0.526,0.696,0.797,0.546,-0.355,0.732,0.704,0.023,-0.501,0.339,0.581,0.772,0.856,-0.209,0.795,0.689,0.795,0.616,0.814,0.792,-0.181,-0.08,0.866,0.43,0.142,0.542,0.486,0.797,0.832,-0.492,0.797,0.473,0.54,0.149,0.738,0.815,0.842,0.755,0.242,0.781,-0.248,0.786,0.491,0.516,0.477,0.751,0.474,0.505,0.731,0.625,0.811,0.584,0.767,0.551,0.21,0.825,0.825,0.001,0.694,0.887,0.799,-0.605,0.835,-0.084,0.701,0.507,0.005,0.848,-0.405,0.691,0.583,0.232,-0.356,0.755,0.406,-0.664,0.852,0.659,0.868,0.74,-0.218,0.796,-0.22
APTO,-0.084,-0.023,-0.098,-0.19,0.361,-0.517,-0.659,-0.502,0.165,-0.196,-0.062,-0.321,-0.316,-0.396,-0.428,-0.538,0.335,-0.359,-0.383,0.0,-0.202,-0.544,-0.244,-0.346,-0.285,-0.405,-0.556,0.041,0.262,0.292,0.332,0.368,-0.518,-0.006,0.292,-0.582,-0.508,-0.357,-0.552,-0.439,0.278,0.639,0.384,-0.345,-0.395,-0.241,-0.404,-0.319,-0.613,0.043,-0.196,0.705,0.424,-0.023,0.372,-0.244,-0.463,-0.302,-0.486,-0.273,0.4,-0.412,-0.285,-0.165,-0.015,0.387,-0.601,-0.109,-0.051,-0.225,-0.41,0.536,0.119,-0.342,-0.188,-0.562,-0.256,-0.495,-0.505,-0.287,-0.357,-0.246,0.337,0.541,-0.301,-0.47,-0.236,-0.012,-0.061,-0.249,0.666,-0.302,-0.045,-0.382,0.121,-0.273,-0.452,-0.177,-0.224,-0.349,-0.352,0.208,-0.173,-0.373,-0.192,0.122,-0.309,0.116,-0.587,-0.121,-0.661,-0.001,-0.29,0.504,-0.367,-0.236,0.065,-0.614,-0.241,-0.311,-0.019,0.054,-0.448,-0.509,0.327,0.101,0.175,0.033,-0.212,-0.46,0.269,-0.388,-0.163,-0.387,-0.212,-0.368,-0.399,0.398,-0.137,-0.508,0.229,-0.255,-0.471,0.159,-0.286,-0.506,0.5,-0.37,-0.081,-0.222,0.209,-0.443,-0.412,-0.563,-0.068,-0.513,-0.294,-0.034,-0.362,-0.103,0.21,-0.279,-0.519,-0.439,-0.194,-0.32,-0.514,-0.341,-0.129,-0.404,-0.189,0.457,-0.254,-0.211,0.459,-0.208,-0.37,-0.586,0.576,-0.5,0.549,-0.123,0.123,0.055,-0.423,0.17,-0.305,0.029,0.053,0.506,-0.51,-0.457,0.386,-0.418,-0.072,-0.465,-0.411,-0.044,-0.573,-0.157
ARCT,0.96,0.793,0.974,-0.332,-0.346,0.507,0.065,0.74,-0.573,0.988,0.953,0.871,0.899,0.898,0.089,0.709,0.563,0.855,0.737,-0.202,0.0,0.438,0.456,0.657,0.922,0.773,0.75,0.787,0.378,-0.684,0.19,0.088,0.678,0.896,0.593,-0.076,-0.139,0.802,0.738,-0.044,0.512,-0.153,0.245,0.234,-0.556,0.577,0.934,0.956,0.684,0.87,0.734,-0.278,-0.617,0.933,-0.566,0.935,-0.009,-0.158,0.159,-0.255,0.276,0.924,0.952,0.567,0.197,-0.418,0.653,0.897,0.8,-0.422,0.697,-0.683,0.13,0.909,0.787,0.524,0.134,0.386,0.796,0.429,0.819,0.952,0.408,-0.551,0.941,0.842,-0.688,0.922,0.87,0.983,0.065,0.953,0.115,0.649,0.414,-0.249,0.326,0.913,0.66,0.849,0.81,-0.641,0.969,0.865,0.789,-0.222,0.964,0.416,0.763,-0.447,0.527,0.814,0.891,-0.2,0.84,0.867,0.365,0.385,0.983,0.871,0.777,-0.649,0.804,0.673,-0.009,-0.897,0.729,0.902,0.923,0.807,-0.315,0.936,0.716,0.821,0.903,0.895,0.721,0.106,-0.537,0.775,0.794,-0.344,0.236,0.755,0.797,0.757,-0.564,0.875,0.138,0.301,0.183,0.642,0.794,0.808,0.901,0.034,0.861,-0.76,0.936,0.86,0.59,0.319,0.564,0.143,0.525,0.95,0.406,0.823,0.68,0.811,0.441,0.373,0.881,0.817,0.388,0.886,0.855,0.589,-0.56,0.518,0.144,0.98,0.824,-0.277,0.848,-0.863,0.641,0.95,0.649,-0.321,0.834,0.111,-0.822,0.794,0.65,0.769,0.697,-0.643,0.574,-0.713
ARWR,0.307,0.459,0.373,0.421,-0.453,0.595,0.769,0.782,0.046,0.441,0.454,0.513,0.629,0.699,0.636,0.811,-0.156,0.682,0.612,-0.544,0.438,0.0,0.816,0.641,0.523,0.832,0.76,0.431,0.113,-0.524,-0.325,0.121,0.808,0.285,0.234,0.554,0.582,0.748,0.646,0.489,-0.177,-0.401,0.025,0.317,0.398,0.706,0.597,0.606,0.705,0.086,0.361,-0.342,-0.551,0.267,-0.358,0.596,0.675,0.566,0.647,0.513,-0.452,0.636,0.49,0.157,0.373,-0.641,0.789,0.411,0.412,0.404,0.814,-0.414,0.45,0.472,0.466,0.803,0.649,0.863,0.681,0.772,0.654,0.537,-0.153,-0.653,0.631,0.545,0.153,0.356,0.215,0.491,-0.629,0.619,0.05,0.82,0.294,0.412,0.846,0.425,0.634,0.728,0.518,-0.277,0.467,0.574,0.543,-0.45,0.538,0.292,0.8,0.374,0.78,0.383,0.615,-0.433,0.522,0.468,0.467,0.794,0.43,0.717,0.377,-0.102,0.667,0.732,0.085,-0.268,-0.167,0.144,0.349,0.784,-0.019,0.683,0.674,0.727,0.336,0.662,0.676,-0.133,0.351,0.695,-0.063,0.274,0.775,0.092,0.602,0.774,-0.287,0.718,0.206,0.744,0.211,0.853,0.696,0.754,0.423,0.113,0.519,0.019,0.56,0.22,0.349,0.623,0.726,0.785,0.514,0.567,0.81,0.675,0.345,0.48,0.002,0.143,0.418,0.485,-0.459,0.358,0.727,0.764,-0.423,0.664,-0.226,0.353,0.041,0.329,0.729,-0.173,0.733,0.231,-0.206,-0.519,0.739,0.6,-0.466,0.624,0.34,0.737,0.815,0.173,0.81,0.117
ASND,0.343,0.709,0.413,0.405,-0.224,0.358,0.663,0.771,0.201,0.455,0.528,0.331,0.72,0.705,0.563,0.682,0.033,0.777,0.518,-0.244,0.456,0.816,0.0,0.603,0.501,0.789,0.587,0.568,0.49,-0.455,-0.405,0.516,0.729,0.446,0.616,0.312,0.312,0.782,0.416,0.204,-0.195,0.068,0.428,-0.096,0.281,0.775,0.541,0.627,0.539,0.249,0.229,0.045,-0.421,0.346,-0.257,0.62,0.718,0.691,0.548,0.633,-0.422,0.573,0.482,0.004,0.706,-0.722,0.617,0.385,0.528,0.452,0.787,-0.184,0.749,0.38,0.66,0.734,0.803,0.897,0.626,0.827,0.592,0.563,0.256,-0.573,0.606,0.315,-0.068,0.517,0.142,0.515,-0.352,0.607,0.123,0.806,0.572,0.182,0.768,0.537,0.637,0.761,0.393,-0.089,0.523,0.601,0.721,-0.788,0.487,0.61,0.677,0.471,0.487,0.513,0.669,-0.308,0.371,0.437,0.806,0.686,0.459,0.71,0.584,0.052,0.64,0.72,0.437,-0.367,-0.152,0.26,0.236,0.726,0.366,0.622,0.815,0.703,0.336,0.68,0.555,0.271,0.374,0.582,0.115,-0.06,0.804,0.279,0.717,0.73,0.064,0.711,-0.01,0.824,0.5,0.895,0.564,0.596,0.432,-0.183,0.528,-0.092,0.475,0.233,0.551,0.721,0.531,0.846,0.511,0.6,0.873,0.719,0.393,0.228,-0.204,0.519,0.406,0.416,-0.353,0.347,0.677,0.624,-0.051,0.426,0.214,0.416,0.134,0.532,0.71,-0.206,0.883,0.362,-0.201,-0.179,0.741,0.591,-0.283,0.525,0.246,0.746,0.879,0.236,0.693,-0.051
ASTH,0.574,0.593,0.635,0.183,-0.374,0.788,0.448,0.786,-0.181,0.631,0.681,0.612,0.715,0.736,0.653,0.705,0.17,0.771,0.759,-0.346,0.657,0.641,0.603,0.0,0.797,0.724,0.802,0.52,0.239,-0.29,0.176,0.177,0.752,0.584,0.352,0.425,0.438,0.79,0.697,0.39,0.13,-0.244,0.143,0.302,0.019,0.66,0.675,0.749,0.745,0.518,0.445,-0.293,-0.455,0.598,-0.21,0.628,0.441,0.219,0.62,0.292,0.02,0.703,0.754,0.22,0.363,-0.373,0.734,0.724,0.544,-0.105,0.802,-0.414,0.373,0.606,0.645,0.761,0.463,0.672,0.812,0.703,0.823,0.594,0.186,-0.485,0.743,0.681,-0.192,0.55,0.391,0.672,-0.294,0.689,0.282,0.784,0.454,0.233,0.626,0.76,0.696,0.679,0.589,-0.395,0.657,0.775,0.765,-0.242,0.725,0.276,0.801,0.046,0.703,0.54,0.777,-0.248,0.805,0.787,0.313,0.678,0.606,0.743,0.606,-0.206,0.741,0.726,0.115,-0.376,0.224,0.516,0.582,0.841,-0.085,0.751,0.65,0.642,0.428,0.768,0.633,-0.036,0.001,0.757,0.447,0.135,0.556,0.464,0.829,0.87,-0.334,0.707,0.483,0.567,0.415,0.719,0.737,0.749,0.654,0.262,0.741,-0.175,0.706,0.468,0.53,0.563,0.626,0.472,0.525,0.674,0.641,0.79,0.585,0.609,0.333,0.257,0.768,0.822,-0.012,0.625,0.747,0.798,-0.415,0.719,0.072,0.601,0.55,0.206,0.8,-0.306,0.725,0.508,0.189,-0.119,0.696,0.709,-0.406,0.701,0.621,0.804,0.762,-0.125,0.878,-0.088
ATSG,0.868,0.695,0.911,-0.123,-0.544,0.695,0.228,0.771,-0.514,0.912,0.895,0.818,0.858,0.861,0.343,0.713,0.346,0.862,0.796,-0.285,0.922,0.523,0.501,0.797,0.0,0.8,0.798,0.702,0.219,-0.498,0.157,0.189,0.744,0.769,0.473,0.066,0.137,0.864,0.832,0.214,0.407,-0.183,0.282,0.37,-0.376,0.668,0.925,0.934,0.747,0.735,0.602,-0.325,-0.605,0.834,-0.531,0.864,0.118,-0.1,0.359,-0.132,0.149,0.88,0.928,0.42,0.169,-0.364,0.706,0.915,0.785,-0.305,0.743,-0.568,0.227,0.831,0.74,0.551,0.176,0.478,0.849,0.484,0.874,0.891,0.291,-0.557,0.932,0.84,-0.515,0.825,0.735,0.917,-0.152,0.906,0.147,0.725,0.534,-0.123,0.433,0.918,0.744,0.816,0.739,-0.726,0.931,0.861,0.821,-0.199,0.954,0.385,0.819,-0.351,0.652,0.727,0.909,-0.374,0.892,0.904,0.343,0.496,0.869,0.86,0.675,-0.569,0.811,0.739,0.099,-0.775,0.618,0.782,0.854,0.872,-0.346,0.901,0.746,0.801,0.75,0.932,0.669,-0.002,-0.359,0.778,0.715,-0.143,0.337,0.617,0.849,0.849,-0.462,0.84,0.366,0.43,0.317,0.692,0.826,0.818,0.871,0.047,0.822,-0.533,0.933,0.783,0.553,0.485,0.546,0.262,0.592,0.895,0.496,0.892,0.737,0.846,0.459,0.412,0.923,0.894,0.257,0.879,0.891,0.663,-0.539,0.584,0.152,0.899,0.757,-0.116,0.907,-0.678,0.711,0.835,0.468,-0.332,0.797,0.33,-0.714,0.822,0.658,0.789,0.734,-0.534,0.747,-0.468
AVTX,0.675,0.748,0.724,0.195,-0.492,0.582,0.543,0.878,-0.172,0.784,0.777,0.725,0.868,0.891,0.473,0.826,0.18,0.889,0.744,-0.405,0.773,0.832,0.789,0.724,0.8,0.0,0.862,0.743,0.268,-0.662,-0.186,0.199,0.863,0.626,0.509,0.286,0.312,0.911,0.771,0.331,0.176,-0.254,0.243,0.291,-0.013,0.811,0.841,0.869,0.795,0.478,0.539,-0.269,-0.596,0.637,-0.537,0.858,0.446,0.341,0.499,0.24,-0.191,0.84,0.762,0.378,0.367,-0.688,0.835,0.721,0.689,0.106,0.87,-0.565,0.444,0.753,0.726,0.764,0.517,0.764,0.813,0.741,0.836,0.843,0.158,-0.716,0.865,0.728,-0.242,0.722,0.551,0.805,-0.384,0.88,0.015,0.864,0.458,0.105,0.709,0.744,0.747,0.935,0.691,-0.503,0.792,0.786,0.748,-0.499,0.821,0.503,0.889,0.061,0.744,0.698,0.871,-0.438,0.702,0.737,0.561,0.686,0.752,0.925,0.633,-0.348,0.804,0.811,0.162,-0.654,0.229,0.52,0.651,0.9,-0.127,0.897,0.85,0.915,0.641,0.885,0.749,0.014,0.033,0.806,0.334,0.005,0.649,0.437,0.801,0.866,-0.374,0.889,0.187,0.7,0.29,0.928,0.849,0.872,0.716,-0.014,0.781,-0.335,0.804,0.555,0.582,0.601,0.674,0.641,0.643,0.85,0.753,0.869,0.585,0.667,0.15,0.379,0.716,0.706,-0.13,0.663,0.917,0.777,-0.498,0.611,0.019,0.705,0.425,0.154,0.931,-0.533,0.839,0.645,0.112,-0.484,0.908,0.427,-0.705,0.793,0.536,0.86,0.918,-0.164,0.803,-0.265
BCPC,0.661,0.61,0.694,0.111,-0.466,0.763,0.506,0.869,-0.277,0.74,0.739,0.815,0.767,0.852,0.526,0.861,0.165,0.8,0.808,-0.556,0.75,0.76,0.587,0.802,0.798,0.862,0.0,0.588,0.08,-0.626,0.036,-0.075,0.871,0.616,0.269,0.442,0.43,0.86,0.849,0.445,0.137,-0.526,-0.006,0.438,0.016,0.696,0.815,0.838,0.862,0.502,0.665,-0.457,-0.565,0.628,-0.497,0.784,0.405,0.207,0.552,0.146,-0.054,0.868,0.807,0.434,0.237,-0.624,0.946,0.75,0.6,-0.046,0.843,-0.696,0.259,0.811,0.588,0.838,0.391,0.688,0.84,0.693,0.916,0.75,-0.011,-0.63,0.832,0.849,-0.194,0.592,0.547,0.79,-0.445,0.843,0.076,0.842,0.258,0.282,0.702,0.726,0.737,0.825,0.786,-0.532,0.728,0.784,0.655,-0.254,0.821,0.196,0.929,0.01,0.864,0.595,0.796,-0.308,0.812,0.792,0.224,0.743,0.728,0.888,0.6,-0.362,0.81,0.798,-0.06,-0.531,0.297,0.513,0.745,0.898,-0.325,0.889,0.684,0.812,0.617,0.822,0.832,-0.264,-0.098,0.918,0.334,0.202,0.594,0.489,0.761,0.894,-0.615,0.851,0.329,0.574,0.091,0.802,0.863,0.958,0.718,0.398,0.782,-0.321,0.817,0.507,0.455,0.489,0.807,0.5,0.457,0.778,0.636,0.826,0.571,0.762,0.308,0.048,0.764,0.787,-0.127,0.61,0.871,0.856,-0.711,0.759,-0.17,0.674,0.485,0.068,0.879,-0.499,0.701,0.571,0.245,-0.472,0.861,0.504,-0.707,0.792,0.649,0.856,0.802,-0.178,0.846,-0.197
BEAM,0.765,0.85,0.8,0.022,-0.105,0.268,0.105,0.656,-0.152,0.803,0.843,0.616,0.796,0.704,0.087,0.515,0.621,0.766,0.552,0.041,0.787,0.431,0.568,0.52,0.702,0.743,0.588,0.0,0.564,-0.575,0.091,0.304,0.539,0.774,0.786,-0.149,-0.144,0.707,0.405,-0.03,0.517,0.134,0.412,0.094,-0.417,0.68,0.67,0.757,0.531,0.723,0.47,0.073,-0.388,0.835,-0.31,0.803,0.124,0.136,0.186,0.003,0.114,0.65,0.706,0.443,0.393,-0.516,0.482,0.698,0.661,-0.142,0.662,-0.394,0.417,0.716,0.767,0.434,0.311,0.394,0.543,0.543,0.645,0.791,0.55,-0.592,0.753,0.528,-0.549,0.885,0.677,0.786,0.184,0.799,0.113,0.603,0.517,-0.155,0.306,0.769,0.578,0.775,0.472,-0.382,0.775,0.594,0.698,-0.358,0.717,0.685,0.572,-0.129,0.262,0.849,0.803,0.022,0.55,0.666,0.548,0.25,0.782,0.799,0.768,-0.332,0.643,0.519,0.276,-0.703,0.491,0.743,0.611,0.662,0.054,0.775,0.793,0.783,0.721,0.695,0.48,0.407,-0.188,0.547,0.633,-0.331,0.364,0.716,0.695,0.582,-0.198,0.726,0.017,0.486,0.402,0.661,0.577,0.576,0.759,-0.275,0.749,-0.534,0.656,0.655,0.68,0.305,0.349,0.286,0.635,0.743,0.453,0.723,0.452,0.489,0.196,0.588,0.648,0.636,0.353,0.718,0.74,0.432,-0.202,0.329,0.37,0.775,0.67,0.052,0.718,-0.591,0.635,0.806,0.334,-0.071,0.711,0.047,-0.578,0.621,0.597,0.642,0.705,-0.293,0.434,-0.577
BILI,0.408,0.717,0.406,-0.148,0.461,-0.149,0.008,0.358,0.126,0.342,0.416,0.115,0.514,0.384,-0.084,0.215,0.629,0.477,0.217,0.262,0.378,0.113,0.49,0.239,0.219,0.268,0.08,0.564,0.0,-0.249,0.004,0.425,0.164,0.566,0.84,-0.165,-0.418,0.287,-0.151,-0.479,0.206,0.473,0.442,-0.515,-0.311,0.296,0.233,0.377,0.117,0.547,0.154,0.377,-0.202,0.508,0.17,0.391,0.196,0.306,-0.012,0.238,0.164,0.278,0.332,0.165,0.653,-0.33,0.007,0.225,0.244,-0.088,0.395,-0.064,0.477,0.241,0.653,0.265,0.498,0.308,0.201,0.375,0.193,0.343,0.699,-0.155,0.326,0.019,-0.505,0.56,0.231,0.368,0.549,0.344,0.31,0.236,0.427,-0.261,0.053,0.429,0.28,0.39,0.207,0.287,0.378,0.337,0.482,-0.5,0.264,0.625,0.156,0.102,-0.172,0.552,0.367,0.36,0.152,0.261,0.654,0.036,0.438,0.335,0.648,0.077,0.345,0.246,0.343,-0.346,0.101,0.516,0.14,0.275,0.659,0.312,0.465,0.36,0.389,0.3,0.191,0.787,-0.064,0.168,0.442,-0.599,0.259,0.565,0.472,0.235,0.184,0.385,-0.267,0.285,0.481,0.355,0.117,0.102,0.345,-0.287,0.442,-0.443,0.175,0.299,0.476,0.189,0.175,0.194,0.222,0.398,0.362,0.289,0.147,-0.072,-0.008,0.531,0.211,0.167,0.343,0.292,0.266,0.181,0.224,0.107,0.489,0.407,0.371,0.207,0.268,-0.307,0.454,0.448,0.236,0.394,0.344,0.06,-0.099,0.197,0.236,0.373,0.415,-0.036,0.075,-0.496
BJRI,-0.616,-0.585,-0.601,0.194,0.157,-0.212,-0.19,-0.61,0.327,-0.679,-0.64,-0.691,-0.668,-0.727,0.022,-0.703,-0.364,-0.6,-0.488,0.292,-0.684,-0.524,-0.455,-0.29,-0.498,-0.662,-0.626,-0.575,-0.249,0.0,0.078,0.108,-0.588,-0.633,-0.398,-0.059,0.088,-0.597,-0.529,0.076,-0.152,0.315,-0.017,-0.078,0.221,-0.382,-0.68,-0.68,-0.489,-0.511,-0.726,0.238,0.528,-0.573,0.597,-0.762,-0.155,-0.108,-0.11,0.091,-0.013,-0.757,-0.625,-0.458,-0.263,0.641,-0.661,-0.49,-0.539,0.069,-0.569,0.67,-0.081,-0.714,-0.456,-0.561,-0.245,-0.428,-0.55,-0.443,-0.582,-0.725,-0.117,0.496,-0.648,-0.618,0.365,-0.603,-0.614,-0.712,0.089,-0.744,0.016,-0.576,-0.059,0.009,-0.445,-0.484,-0.441,-0.713,-0.699,0.318,-0.627,-0.56,-0.465,0.345,-0.625,-0.185,-0.634,0.101,-0.467,-0.546,-0.57,0.069,-0.465,-0.45,-0.271,-0.443,-0.722,-0.707,-0.597,0.422,-0.599,-0.561,0.119,0.642,-0.375,-0.513,-0.67,-0.593,0.205,-0.731,-0.503,-0.682,-0.716,-0.603,-0.766,0.092,0.305,-0.672,-0.302,0.144,-0.35,-0.539,-0.427,-0.539,0.562,-0.753,0.244,-0.302,0.229,-0.573,-0.611,-0.731,-0.628,-0.104,-0.566,0.603,-0.649,-0.467,-0.354,-0.192,-0.616,-0.258,-0.222,-0.696,-0.393,-0.551,-0.341,-0.517,-0.056,-0.049,-0.46,-0.386,-0.004,-0.443,-0.642,-0.481,0.521,-0.386,0.128,-0.642,-0.376,0.161,-0.588,0.683,-0.482,-0.604,-0.397,0.46,-0.746,-0.016,0.73,-0.573,-0.339,-0.595,-0.574,0.297,-0.333,0.532
BLUE,0.28,-0.047,0.239,-0.423,0.172,0.168,-0.606,-0.217,-0.371,0.178,0.239,0.288,-0.091,-0.09,-0.215,-0.135,0.381,-0.165,0.043,0.332,0.19,-0.325,-0.405,0.176,0.157,-0.186,0.036,0.091,0.004,0.078,0.0,-0.189,-0.137,0.262,-0.034,-0.198,-0.226,-0.12,0.018,-0.121,0.491,0.014,-0.121,0.21,-0.493,-0.249,-0.015,0.01,-0.117,0.373,0.293,0.028,0.134,0.333,0.185,-0.009,-0.537,-0.644,-0.213,-0.47,0.686,0.012,0.203,0.237,-0.273,0.443,-0.079,0.32,0.132,-0.767,-0.107,-0.024,-0.286,0.144,-0.075,-0.123,-0.415,-0.414,0.022,-0.183,0.134,-0.016,0.131,0.348,0.098,0.195,-0.303,0.083,0.291,0.101,0.472,0.013,0.262,-0.123,-0.094,0.154,-0.197,0.183,-0.018,-0.201,0.159,-0.153,0.084,0.093,0.016,0.602,0.125,-0.338,-0.125,-0.473,-0.096,0.068,0.06,0.446,0.255,0.286,-0.461,-0.256,0.13,-0.017,0.149,-0.342,-0.124,-0.195,-0.237,0.014,0.527,0.342,0.323,-0.092,-0.319,0.079,-0.185,-0.193,0.071,-0.053,0.007,-0.109,-0.531,0.044,0.472,0.038,-0.505,0.346,0.006,-0.087,-0.257,-0.113,0.341,-0.338,-0.054,-0.368,-0.036,-0.022,0.308,0.333,0.124,-0.242,0.092,0.226,0.214,-0.299,0.037,-0.6,-0.086,-0.019,-0.519,-0.077,0.236,0.197,0.457,-0.078,0.259,0.309,0.651,0.197,-0.09,-0.087,-0.127,0.086,0.131,0.19,0.527,-0.269,-0.106,-0.131,-0.27,0.259,0.534,0.342,-0.228,-0.175,0.012,-0.015,0.477,-0.115,-0.277,-0.389,-0.099,-0.231
