,AAL,AAON,ACB,ACGL,ACGLO,ACIW,ADBE,ADSK,AEP,AGIO,ALEC,ALNY,ALTR,AMBA,AMCX,AMKR,AMRX,ANSS,APPN,APTO,ARCT,ARWR,ASND,ASTH,ATSG,AVTX,BCPC,BEAM,BILI,BJRI,BLUE,BPOP,BRKL,BWIN,BZUN,CARG,CBRL,CBSH,CBUS,CENTA,CERS,CFFN,CHCO,CHEF,CHRD,CINF,CLLS,CMCO,CMCSA,COLL,COMM,COOP,CPB,CRON,CROX,CRUS,CRWD,CTAS,CYBR,CYTK,DGII,DIOD,DOMO,DPZ,DSGR,DXCM,ERIE,ESTA,EXEL,FAST,FCEL,FCFS,FHB,FITBI,FSV,FTDR,FUTU,GLDD,GLPG,GLPI,GOGO,GOSS,GSAT,GYRE,HALO,HAS,HLIT,HLNE,HSDT,HSIC,HTHT,ICHR,IDYA,IMVT,INDB,INSM,IONS,IOSP,ITRI,JBHT,JBLU,JSM,KLIC,KOD,KURA,LAB,LASR,LIN,LKQ,LNT,MBUU,MCRI,MDGL,MEDP,MGNI,MGPI,MGRC,MKTX,MRNA,MRTN,MSEX,MSFT,MU,NAVI,NBTB,NEO,NEOG,NGNE,NSSC,NTAP,NTES,NTLA,NTRS,NYMTN,OBLG,OCFC,ON,ONC,OPI,OSIS,OSW,PALI,PANW,PCAR,PCRX,PCTY,PEBO,PLAB,PLAY,PLMR,PLSE,PLUS,PRTA,PSEC,PSNL,PTCT,PTON,QNST,QRVO,QTTB,RARE,RBCAA,RGNX,SAIC,SGMO,SINT,SNPS,SPSC,SPTN,SSYS,STNE,TBBK,TCPC,TENB,TGTX,TREE,TRUP,TTWO,TW,TXG,UBSI,UCTT,UFPT,UMBF,UPBD,URBN,VBTX,VCTR,VEON,VNET,VRSK,VSEC,WABC,WTFCM,WVE,WW,WWD,XEL,ZD,ZYME
AAL,0.0,0.126,0.062,0.594,-0.818,-0.23,0.707,0.038,-0.052,0.653,-0.746,-0.097,0.125,0.255,0.105,0.863,0.575,0.228,0.126,-0.829,0.035,0.007,-0.601,-0.404,0.442,-0.75,0.05,-0.633,-0.213,0.136,-0.557,-0.385,-0.585,0.703,-0.259,0.851,-0.063,-0.405,-0.866,0.427,-0.227,-0.6,-0.516,0.926,0.468,-0.613,-0.096,-0.064,0.91,-0.116,0.948,0.813,-0.509,0.799,-0.28,0.567,-0.405,0.634,0.487,-0.908,0.856,0.052,0.198,0.827,-0.086,0.447,-0.678,0.222,-0.406,0.881,-0.323,-0.78,-0.387,0.88,0.75,-0.161,0.017,0.889,-0.613,-0.37,0.468,0.156,-0.583,0.724,0.55,0.847,-0.78,0.861,0.412,0.742,-0.492,0.801,-0.771,-0.779,-0.696,0.647,-0.17,0.098,-0.197,0.813,0.979,-0.361,0.687,-0.636,-0.797,-0.782,0.655,0.8,0.905,-0.282,0.043,0.185,-0.824,0.78,0.536,0.795,-0.495,-0.586,-0.29,-0.284,-0.675,0.508,-0.484,0.684,-0.728,-0.758,0.711,0.411,-0.67,0.95,0.819,-0.448,-0.088,0.853,-0.852,-0.275,0.717,-0.758,0.044,-0.691,0.608,0.554,0.889,0.959,0.435,-0.407,-0.601,0.887,0.782,0.106,0.274,0.433,-0.395,-0.104,-0.788,-0.675,-0.244,-0.577,0.49,-0.735,-0.879,-0.656,-0.032,0.964,0.313,-0.662,-0.33,0.921,0.449,0.361,-0.397,-0.508,0.345,0.861,-0.602,0.239,-0.362,0.859,-0.485,0.337,-0.698,0.758,0.794,-0.362,-0.632,0.407,-0.687,-0.386,-0.119,-0.193,0.387,0.481,-0.706,0.259,-0.773,-0.216,0.905,-0.466,0.804,-0.226
AAON,0.126,0.0,0.473,0.004,-0.068,-0.461,0.353,-0.022,0.137,0.067,-0.019,0.397,-0.275,-0.117,-0.346,0.005,0.43,-0.013,0.225,-0.055,-0.436,-0.043,-0.013,-0.286,0.516,0.169,0.131,-0.338,-0.123,-0.138,-0.308,-0.388,0.008,0.438,-0.052,0.205,-0.127,-0.346,-0.251,0.34,0.222,-0.124,0.086,-0.024,-0.056,-0.158,-0.382,0.395,0.113,0.71,0.059,0.143,-0.585,0.105,-0.403,-0.251,-0.408,0.033,0.441,-0.076,0.35,0.109,0.074,0.228,0.11,0.098,-0.153,-0.125,-0.083,0.4,-0.014,-0.361,-0.001,-0.065,-0.335,-0.174,-0.22,0.272,-0.45,-0.195,0.685,0.194,-0.354,0.398,0.292,-0.115,0.129,0.255,0.155,0.39,-0.223,0.44,0.192,-0.161,-0.159,0.263,-0.293,-0.142,-0.003,0.116,0.183,-0.421,0.236,-0.279,-0.336,-0.431,0.52,0.186,0.014,0.032,0.034,0.471,-0.246,-0.084,-0.209,0.151,-0.148,-0.083,-0.454,-0.307,-0.044,-0.047,-0.104,0.287,-0.245,0.177,0.442,-0.251,-0.1,0.125,0.196,-0.071,-0.404,0.138,0.01,0.03,-0.142,-0.385,-0.012,0.046,0.099,0.421,0.18,0.158,0.197,-0.313,-0.208,0.238,0.413,0.249,-0.188,0.453,0.007,-0.473,-0.368,-0.156,-0.275,-0.414,0.35,-0.15,0.123,-0.091,-0.063,0.277,-0.065,0.033,-0.445,0.305,-0.203,0.113,0.572,-0.117,0.094,-0.018,-0.3,-0.017,0.052,0.16,0.129,0.043,-0.218,0.364,0.472,-0.325,-0.114,-0.081,-0.087,-0.164,-0.016,-0.047,0.299,0.362,-0.111,-0.398,0.028,-0.58,0.412,-0.292,-0.094,-0.381
ACB,0.062,0.473,0.0,0.164,0.063,-0.285,0.25,-0.014,0.399,-0.1,0.161,0.306,-0.193,-0.054,-0.423,-0.156,0.231,0.063,0.181,0.135,-0.257,-0.391,0.057,-0.403,0.445,0.244,-0.052,-0.246,-0.084,-0.121,-0.225,-0.361,-0.05,0.173,-0.003,-0.008,-0.353,-0.234,-0.172,0.205,0.072,-0.164,-0.092,0.048,-0.051,-0.077,-0.085,0.05,-0.029,0.598,0.041,-0.053,-0.228,0.245,-0.189,-0.177,-0.223,-0.147,0.557,0.068,0.222,0.027,0.153,0.144,-0.017,0.17,-0.115,-0.157,0.301,0.173,0.111,-0.29,-0.035,-0.116,-0.158,-0.153,-0.102,0.14,-0.199,-0.159,0.362,0.187,-0.297,0.179,0.367,-0.133,0.138,0.094,0.223,0.223,-0.149,0.209,0.13,0.018,-0.186,0.201,0.079,-0.213,-0.038,-0.028,0.098,-0.261,-0.085,-0.192,-0.19,-0.182,0.292,0.019,-0.062,0.116,-0.083,-0.005,-0.028,0.063,-0.347,0.057,-0.299,-0.138,-0.255,-0.45,-0.018,0.137,-0.121,0.2,-0.248,0.04,0.316,-0.223,-0.047,0.083,0.077,-0.071,-0.2,0.111,-0.115,-0.026,-0.073,-0.191,-0.371,-0.109,0.261,0.505,0.2,0.075,0.107,-0.088,-0.239,0.193,0.245,-0.074,-0.094,0.271,0.168,-0.443,-0.067,0.002,-0.047,-0.243,0.133,-0.098,0.137,-0.116,-0.242,0.202,0.092,0.083,-0.219,0.219,-0.289,-0.264,0.483,-0.085,0.121,-0.033,-0.288,0.117,0.099,0.084,-0.191,-0.034,-0.248,0.013,0.313,-0.387,-0.167,0.004,-0.15,-0.154,-0.002,0.022,0.24,-0.094,-0.09,-0.031,0.165,-0.259,0.184,0.025,-0.112,-0.168
ACGL,0.594,0.004,0.164,0.0,-0.699,-0.128,0.188,-0.453,0.14,0.669,-0.71,-0.374,-0.199,-0.271,-0.027,0.614,0.528,-0.199,-0.449,-0.742,0.035,-0.051,-0.539,-0.345,-0.061,-0.602,-0.225,-0.668,-0.655,0.091,-0.713,-0.34,-0.639,0.33,-0.597,0.278,-0.396,-0.37,-0.58,0.141,-0.507,-0.572,-0.766,0.741,0.403,-0.615,-0.26,-0.317,0.381,-0.172,0.694,0.639,-0.148,0.827,-0.197,0.399,-0.583,0.306,0.539,-0.525,0.674,-0.258,-0.289,0.544,-0.118,0.108,-0.666,-0.048,0.147,0.632,-0.676,-0.417,-0.635,0.679,0.649,0.084,-0.393,0.709,-0.471,-0.44,0.179,-0.141,-0.562,0.694,0.741,0.528,-0.669,0.542,0.153,0.721,-0.736,0.23,-0.622,-0.705,-0.675,0.797,-0.032,0.0,-0.238,0.684,0.632,-0.178,0.305,-0.718,-0.45,-0.625,0.604,0.422,0.74,-0.469,-0.362,0.129,-0.57,0.817,0.049,0.53,-0.702,-0.672,-0.495,-0.458,-0.466,0.155,-0.807,0.084,-0.648,-0.322,0.645,0.611,-0.711,0.605,0.22,-0.745,-0.135,0.732,-0.547,-0.54,0.389,-0.578,-0.366,-0.711,0.419,0.484,0.599,0.679,0.337,-0.507,-0.651,0.735,0.341,0.152,0.214,0.091,-0.561,-0.078,-0.57,-0.646,-0.55,-0.116,-0.081,-0.649,-0.609,-0.664,-0.145,0.616,0.552,-0.703,-0.473,0.578,0.614,-0.006,-0.349,-0.64,-0.075,0.56,-0.556,0.236,-0.723,0.709,-0.629,-0.193,-0.587,0.289,0.522,-0.487,-0.613,0.005,-0.73,-0.368,-0.365,-0.636,0.436,-0.054,-0.713,0.636,-0.545,-0.155,0.67,-0.43,0.63,0.171
ACGLO,-0.818,-0.068,0.063,-0.699,0.0,0.25,-0.467,0.083,0.206,-0.692,0.796,0.167,0.032,0.063,0.011,-0.806,-0.645,-0.081,0.156,0.84,0.097,-0.15,0.662,0.331,-0.077,0.737,0.095,0.636,0.492,0.054,0.69,0.438,0.696,-0.618,0.481,-0.684,0.091,0.529,0.797,-0.169,0.413,0.645,0.641,-0.849,-0.305,0.738,0.277,0.232,-0.666,0.143,-0.833,-0.769,0.352,-0.758,0.441,-0.466,0.509,-0.575,-0.484,0.797,-0.82,0.154,0.016,-0.721,0.201,-0.381,0.775,-0.18,0.302,-0.806,0.541,0.665,0.607,-0.76,-0.654,0.171,0.326,-0.864,0.703,0.459,-0.326,0.032,0.648,-0.776,-0.443,-0.692,0.754,-0.706,-0.34,-0.803,0.698,-0.557,0.747,0.82,0.76,-0.611,0.121,0.05,0.321,-0.779,-0.832,0.433,-0.516,0.725,0.723,0.778,-0.64,-0.698,-0.825,0.622,0.209,-0.214,0.806,-0.805,-0.409,-0.642,0.62,0.683,0.411,0.338,0.645,-0.354,0.523,-0.376,0.739,0.546,-0.748,-0.528,0.689,-0.816,-0.533,0.625,0.259,-0.79,0.681,0.464,-0.461,0.773,0.154,0.736,-0.468,-0.402,-0.798,-0.801,-0.481,0.509,0.679,-0.803,-0.598,-0.132,-0.185,-0.238,0.498,0.141,0.696,0.709,0.478,0.42,-0.233,0.754,0.774,0.739,0.022,-0.805,-0.282,0.766,0.44,-0.802,-0.597,-0.254,0.357,0.66,-0.108,-0.804,0.625,-0.169,0.587,-0.842,0.501,-0.2,0.719,-0.596,-0.726,0.446,0.678,-0.126,0.761,0.459,0.326,0.444,-0.484,-0.266,0.772,-0.372,0.694,0.306,-0.803,0.682,-0.714,0.067
ACIW,-0.23,-0.461,-0.285,-0.128,0.25,0.0,-0.464,0.086,0.015,-0.23,0.32,-0.214,0.729,0.52,0.798,0.048,-0.634,0.157,0.135,0.213,0.88,0.195,0.536,0.852,-0.038,0.219,0.594,0.601,0.372,0.659,0.536,0.888,0.648,-0.636,0.5,-0.034,0.406,0.912,0.598,0.255,0.417,0.741,0.533,-0.207,0.532,0.71,0.666,0.364,-0.077,-0.445,-0.102,0.045,0.297,-0.271,0.879,0.587,0.605,-0.2,-0.462,0.379,-0.273,0.671,0.202,-0.436,0.699,-0.175,0.485,0.533,-0.305,-0.551,0.43,0.724,0.674,-0.15,0.204,0.662,0.526,-0.396,0.704,0.655,-0.253,-0.593,0.811,-0.54,-0.144,0.235,0.36,-0.122,-0.148,-0.62,0.609,-0.273,0.275,0.5,0.711,-0.209,0.58,0.782,0.785,-0.291,-0.29,0.53,0.174,0.682,0.689,0.651,-0.366,-0.318,-0.055,0.241,0.588,0.033,0.608,-0.077,0.349,0.13,0.678,0.408,0.606,0.768,0.619,-0.203,0.174,0.022,0.742,0.064,-0.664,0.216,0.539,-0.32,-0.101,0.494,0.853,-0.478,0.381,0.679,0.402,0.73,0.496,0.566,0.194,-0.516,-0.537,-0.149,-0.544,0.722,0.761,-0.069,-0.308,-0.2,0.487,0.206,0.434,0.897,0.535,0.573,0.633,0.777,0.077,0.621,0.144,0.664,0.693,-0.309,0.393,0.467,0.775,-0.434,0.061,0.481,-0.278,0.703,0.423,-0.167,0.723,0.601,0.258,-0.518,0.073,0.146,0.74,-0.035,-0.675,0.861,0.761,0.584,0.61,0.854,0.493,0.376,-0.679,0.085,0.642,0.175,0.414,0.788,-0.367,0.328,0.291,0.704
ADBE,0.707,0.353,0.25,0.188,-0.467,-0.464,0.0,0.43,0.036,0.147,-0.294,0.404,0.063,0.36,-0.273,0.368,0.623,0.564,0.543,-0.366,-0.272,-0.216,-0.242,-0.556,0.691,-0.28,0.149,-0.464,0.167,-0.189,-0.269,-0.557,-0.361,0.821,0.096,0.7,-0.003,-0.47,-0.692,0.397,0.082,-0.488,-0.197,0.541,0.052,-0.399,-0.093,0.114,0.694,0.4,0.528,0.34,-0.538,0.34,-0.487,0.097,-0.114,0.676,0.521,-0.709,0.643,0.075,0.548,0.768,-0.21,0.748,-0.273,0.075,-0.31,0.751,0.049,-0.822,-0.192,0.497,0.244,-0.55,0.152,0.529,-0.493,-0.207,0.655,0.498,-0.593,0.501,0.267,0.406,-0.379,0.686,0.552,0.563,-0.229,0.863,-0.358,-0.454,-0.569,0.405,-0.193,-0.148,-0.161,0.467,0.656,-0.573,0.471,-0.386,-0.802,-0.623,0.566,0.738,0.4,0.018,0.043,0.255,-0.616,0.331,0.353,0.389,-0.36,-0.143,-0.137,-0.337,-0.497,0.731,-0.065,0.735,-0.603,-0.519,0.618,-0.126,-0.36,0.724,0.776,-0.068,-0.207,0.566,-0.713,-0.104,0.341,-0.688,-0.034,-0.415,0.375,0.592,0.779,0.657,0.52,-0.284,-0.479,0.52,0.685,-0.018,0.088,0.535,-0.16,-0.487,-0.611,-0.454,-0.052,-0.846,0.646,-0.445,-0.576,-0.438,-0.215,0.778,-0.224,-0.291,-0.218,0.822,-0.18,0.183,0.161,-0.285,0.437,0.623,-0.464,-0.032,0.138,0.581,0.029,0.555,-0.605,0.664,0.767,-0.447,-0.528,0.299,-0.434,-0.514,0.183,0.184,0.524,0.53,-0.462,-0.206,-0.523,-0.489,0.689,-0.228,0.333,-0.677
ADSK,0.038,-0.022,-0.014,-0.453,0.083,0.086,0.43,0.0,-0.006,-0.421,0.418,0.746,0.504,0.527,-0.08,-0.15,0.092,0.856,0.771,0.378,0.071,-0.013,0.423,0.116,0.44,0.283,0.532,0.486,0.711,-0.071,0.558,0.118,0.267,0.197,0.674,0.355,0.618,0.157,-0.001,0.252,0.533,0.262,0.493,-0.055,-0.084,0.321,0.488,0.278,0.238,0.344,-0.092,-0.218,0.118,-0.366,-0.036,0.048,0.689,0.5,0.014,-0.0,-0.016,0.44,0.822,0.194,0.043,0.727,0.37,0.237,-0.472,-0.024,0.688,-0.069,0.394,-0.056,-0.143,-0.346,0.491,-0.163,0.155,0.511,0.137,0.359,0.134,-0.182,-0.296,0.035,0.353,0.164,0.506,-0.209,0.454,0.354,0.168,0.291,0.143,-0.235,0.369,0.128,0.33,-0.091,-0.036,-0.367,0.046,0.414,-0.143,0.24,-0.045,0.328,-0.207,0.295,0.378,0.269,0.139,-0.204,0.348,0.034,0.283,0.489,0.652,0.26,0.166,0.723,0.694,0.336,0.185,-0.111,-0.106,-0.424,0.35,0.102,0.412,0.609,0.33,-0.146,-0.114,0.475,0.047,0.077,0.276,0.29,0.237,-0.176,0.105,-0.042,0.297,0.522,0.25,-0.097,0.124,-0.595,-0.12,0.331,0.457,-0.001,0.233,0.416,0.542,-0.294,0.608,0.248,0.034,0.313,0.15,0.051,-0.366,0.291,0.532,0.108,-0.512,0.16,0.386,0.388,0.558,0.269,0.209,-0.036,0.484,-0.154,0.428,0.828,0.125,0.243,0.036,0.212,0.162,0.342,0.268,0.105,0.465,0.732,0.143,0.422,0.34,-0.312,0.209,0.058,-0.067,0.285,-0.033,-0.213
AEP,-0.052,0.137,0.399,0.14,0.206,0.015,0.036,-0.006,0.0,-0.293,0.209,0.276,-0.193,0.021,-0.134,-0.25,0.013,-0.011,0.109,0.123,0.116,-0.44,0.222,-0.299,0.28,0.303,0.2,-0.015,0.18,0.121,0.145,-0.001,0.157,-0.114,0.231,-0.225,-0.001,0.142,0.102,0.376,0.151,0.133,0.056,0.022,0.268,0.123,0.242,0.146,0.001,0.316,-0.0,-0.251,0.058,0.045,0.169,-0.137,0.116,-0.048,0.35,0.162,0.014,0.12,0.023,0.224,0.038,0.13,0.137,-0.464,0.098,-0.002,0.062,0.025,0.122,-0.076,-0.106,-0.005,0.231,-0.043,0.236,0.377,0.12,0.239,-0.076,0.055,0.537,-0.138,0.253,0.217,0.248,-0.022,0.085,0.038,0.134,0.044,-0.012,0.398,0.202,0.185,0.262,0.099,-0.016,-0.248,-0.11,-0.003,-0.022,0.013,0.286,-0.048,-0.108,0.671,-0.002,0.29,0.115,0.085,-0.328,0.221,-0.156,0.269,0.107,-0.247,0.314,0.195,-0.253,-0.13,0.005,0.245,0.071,-0.124,-0.125,-0.025,0.1,-0.006,0.239,0.103,-0.107,0.153,-0.028,0.032,0.001,0.03,0.192,0.477,0.011,-0.022,0.211,0.083,-0.022,0.144,-0.096,-0.382,-0.095,0.273,-0.162,-0.032,-0.097,0.085,0.096,-0.12,0.063,0.14,0.005,0.18,-0.26,0.06,0.3,0.121,-0.006,0.023,-0.336,-0.214,0.155,0.143,0.241,-0.081,-0.028,0.092,-0.004,-0.13,0.06,-0.088,0.043,0.039,0.085,-0.165,-0.0,0.029,0.055,0.073,0.099,0.112,0.293,-0.033,0.127,0.02,0.204,0.195,0.104,0.627,-0.011,-0.012
AGIO,0.653,0.067,-0.1,0.669,-0.692,-0.23,0.147,-0.421,-0.293,0.0,-0.869,-0.458,-0.218,-0.328,0.071,0.796,0.446,-0.36,-0.491,-0.842,-0.09,0.417,-0.774,-0.211,-0.13,-0.829,-0.341,-0.548,-0.683,0.055,-0.735,-0.271,-0.681,0.407,-0.726,0.421,-0.235,-0.455,-0.678,0.068,-0.558,-0.585,-0.696,0.725,0.346,-0.693,-0.407,-0.288,0.497,-0.37,0.746,0.797,-0.261,0.809,-0.274,0.416,-0.667,0.309,0.338,-0.621,0.61,-0.302,-0.348,0.47,-0.145,-0.125,-0.851,0.035,-0.038,0.664,-0.694,-0.434,-0.638,0.767,0.619,0.127,-0.486,0.815,-0.613,-0.628,0.054,-0.058,-0.493,0.724,0.501,0.605,-0.833,0.483,0.003,0.737,-0.733,0.274,-0.752,-0.79,-0.608,0.571,-0.284,-0.044,-0.416,0.733,0.716,-0.134,0.385,-0.732,-0.499,-0.679,0.467,0.42,0.826,-0.637,-0.282,0.086,-0.736,0.748,0.227,0.495,-0.542,-0.852,-0.52,-0.322,-0.642,-0.009,-0.56,0.119,-0.64,-0.42,0.638,0.681,-0.72,0.646,0.272,-0.708,-0.315,0.728,-0.502,-0.585,0.423,-0.611,-0.077,-0.727,0.227,0.253,0.599,0.66,0.315,-0.525,-0.614,0.656,0.465,0.398,0.005,-0.095,-0.476,0.009,-0.628,-0.662,-0.643,-0.17,-0.02,-0.805,-0.603,-0.714,0.009,0.568,0.444,-0.807,-0.559,0.55,0.86,0.109,-0.463,-0.718,-0.291,0.588,-0.624,0.132,-0.752,0.805,-0.691,-0.149,-0.597,0.342,0.534,-0.365,-0.589,-0.05,-0.713,-0.334,-0.588,-0.663,0.27,0.092,-0.743,0.517,-0.698,-0.192,0.674,-0.612,0.633,0.109
ALEC,-0.746,-0.019,0.161,-0.71,0.796,0.32,-0.294,0.418,0.209,-0.869,0.0,0.508,0.265,0.269,-0.02,-0.801,-0.508,0.271,0.47,0.907,0.145,-0.181,0.809,0.369,0.132,0.912,0.353,0.729,0.668,0.04,0.811,0.37,0.78,-0.501,0.719,-0.468,0.279,0.527,0.751,-0.007,0.67,0.706,0.772,-0.804,-0.278,0.758,0.418,0.37,-0.578,0.419,-0.794,-0.774,0.252,-0.816,0.383,-0.388,0.691,-0.414,-0.34,0.799,-0.627,0.373,0.381,-0.596,0.268,0.005,0.842,0.018,0.092,-0.764,0.764,0.574,0.704,-0.833,-0.707,-0.026,0.426,-0.847,0.678,0.622,-0.107,-0.005,0.612,-0.761,-0.525,-0.636,0.915,-0.547,-0.032,-0.796,0.771,-0.338,0.869,0.915,0.72,-0.625,0.363,0.111,0.506,-0.78,-0.787,0.154,-0.395,0.826,0.631,0.774,-0.485,-0.502,-0.863,0.56,0.367,-0.08,0.854,-0.768,-0.258,-0.519,0.648,0.807,0.552,0.411,0.692,-0.067,0.697,-0.182,0.75,0.566,-0.68,-0.683,0.818,-0.725,-0.359,0.788,0.332,-0.804,0.632,0.652,-0.431,0.714,0.076,0.8,-0.199,-0.337,-0.7,-0.736,-0.367,0.632,0.724,-0.684,-0.451,-0.379,-0.041,0.047,0.711,0.08,0.733,0.828,0.645,0.312,0.02,0.846,0.753,0.822,0.143,-0.685,-0.334,0.902,0.595,-0.644,-0.791,-0.141,0.585,0.777,0.21,-0.656,0.719,-0.04,0.701,-0.886,0.643,0.141,0.696,-0.378,-0.612,0.461,0.71,0.062,0.81,0.491,0.523,0.689,-0.38,-0.108,0.852,-0.49,0.823,0.259,-0.729,0.574,-0.657,0.079
ALNY,-0.097,0.397,0.306,-0.374,0.167,-0.214,0.404,0.746,0.276,-0.458,0.508,0.0,0.097,0.196,-0.432,-0.386,0.211,0.595,0.687,0.408,-0.227,-0.115,0.425,-0.138,0.506,0.517,0.383,0.293,0.487,-0.328,0.4,-0.148,0.24,0.197,0.517,0.147,0.33,-0.064,0.019,0.266,0.503,0.184,0.426,-0.203,-0.187,0.165,0.242,0.264,0.04,0.766,-0.189,-0.38,-0.067,-0.371,-0.271,-0.319,0.395,0.25,0.248,0.151,0.047,0.255,0.63,0.224,-0.064,0.661,0.263,-0.123,-0.276,0.03,0.523,-0.169,0.254,-0.275,-0.484,-0.501,0.242,-0.155,-0.003,0.377,0.316,0.462,-0.115,-0.019,-0.062,-0.278,0.507,0.138,0.497,-0.062,0.241,0.318,0.352,0.247,0.024,-0.039,0.299,-0.11,0.241,-0.129,-0.107,-0.602,-0.122,0.245,-0.211,0.049,0.203,0.172,-0.39,0.338,0.128,0.333,0.136,-0.287,-0.026,-0.03,0.037,0.465,0.369,-0.113,0.215,0.549,0.497,0.167,0.066,0.226,0.096,-0.577,0.226,-0.022,0.246,0.446,0.027,-0.113,-0.019,0.338,-0.287,-0.052,0.011,0.244,0.146,0.166,0.081,-0.16,0.398,0.239,0.091,-0.091,0.09,-0.577,-0.309,0.354,0.313,-0.351,0.077,0.346,0.259,-0.441,0.457,0.222,0.22,0.273,-0.039,0.03,-0.326,0.338,0.183,0.126,-0.66,-0.08,0.708,0.267,0.427,0.023,0.067,-0.161,0.38,-0.2,0.463,0.613,0.027,0.185,0.201,-0.094,0.069,0.088,0.203,-0.031,0.29,0.529,0.386,0.288,0.285,-0.501,0.365,-0.179,0.016,0.237,-0.268,-0.298
ALTR,0.125,-0.275,-0.193,-0.199,0.032,0.729,0.063,0.504,-0.193,-0.218,0.265,0.097,0.0,0.815,0.648,0.215,-0.339,0.654,0.55,0.146,0.76,0.073,0.5,0.679,0.333,0.116,0.668,0.444,0.584,0.568,0.5,0.582,0.451,-0.224,0.642,0.465,0.475,0.668,0.229,0.366,0.564,0.456,0.494,-0.006,0.393,0.583,0.723,0.397,0.297,-0.195,0.083,0.203,0.08,-0.182,0.608,0.689,0.633,0.189,-0.24,0.067,-0.002,0.808,0.599,-0.163,0.659,0.266,0.429,0.836,-0.589,-0.21,0.602,0.285,0.637,0.033,0.317,0.336,0.699,-0.181,0.423,0.551,0.127,-0.431,0.619,-0.38,-0.253,0.464,0.251,0.117,0.055,-0.439,0.63,0.196,0.175,0.412,0.455,-0.217,0.573,0.591,0.688,-0.208,0.004,0.294,0.398,0.588,0.315,0.418,-0.227,0.11,0.11,0.183,0.736,0.05,0.341,-0.065,0.555,0.315,0.622,0.359,0.618,0.712,0.32,0.233,0.344,0.506,0.479,-0.322,-0.47,0.031,0.544,0.008,0.322,0.571,0.741,-0.284,0.078,0.668,0.578,0.427,0.455,0.456,0.465,-0.416,-0.18,0.145,-0.404,0.7,0.579,0.113,0.086,-0.298,0.576,0.47,0.6,0.625,0.36,0.457,0.771,0.337,0.496,0.421,0.004,0.469,0.645,0.048,0.136,0.422,0.829,-0.071,-0.099,0.658,-0.139,0.633,0.735,0.174,0.575,0.45,0.436,-0.265,0.152,0.569,0.427,0.258,-0.333,0.708,0.546,0.807,0.406,0.649,0.686,0.628,-0.521,0.37,0.45,0.001,0.259,0.534,-0.089,0.102,0.351,0.405
AMBA,0.255,-0.117,-0.054,-0.271,0.063,0.52,0.36,0.527,0.021,-0.328,0.269,0.196,0.815,0.0,0.57,0.196,-0.216,0.684,0.776,0.098,0.619,-0.159,0.418,0.352,0.64,0.114,0.757,0.294,0.758,0.533,0.502,0.396,0.488,0.053,0.775,0.539,0.513,0.554,0.079,0.555,0.668,0.413,0.549,0.06,0.407,0.499,0.613,0.566,0.442,-0.04,0.145,0.164,-0.22,-0.168,0.482,0.527,0.607,0.253,-0.162,-0.144,0.093,0.81,0.74,0.067,0.522,0.374,0.444,0.613,-0.578,-0.054,0.684,0.037,0.698,0.099,0.233,0.095,0.809,-0.122,0.372,0.571,0.327,-0.074,0.428,-0.329,-0.164,0.457,0.2,0.326,0.244,-0.344,0.66,0.499,0.132,0.311,0.361,-0.16,0.283,0.608,0.666,-0.085,0.124,0.123,0.569,0.512,0.072,0.249,-0.082,0.3,0.086,0.443,0.793,0.174,0.213,-0.043,0.609,0.377,0.569,0.464,0.559,0.613,0.229,0.358,0.312,0.714,0.346,-0.341,-0.312,-0.182,0.412,0.177,0.585,0.639,0.653,-0.157,-0.107,0.723,0.637,0.246,0.52,0.391,0.467,-0.075,0.004,0.271,-0.229,0.559,0.499,0.176,0.298,-0.233,0.558,0.677,0.454,0.418,0.11,0.273,0.788,-0.007,0.727,0.384,-0.187,0.443,0.436,0.225,0.032,0.439,0.681,0.144,-0.339,0.649,-0.069,0.623,0.837,0.202,0.47,0.489,0.606,-0.202,0.313,0.66,0.334,0.5,-0.093,0.574,0.427,0.851,0.413,0.475,0.78,0.782,-0.404,0.594,0.399,-0.228,0.079,0.34,0.058,0.216,0.328,-0.027
AMCX,0.105,-0.346,-0.423,-0.027,0.011,0.798,-0.273,-0.08,-0.134,0.071,-0.02,-0.432,0.648,0.57,0.0,0.381,-0.486,0.008,0.097,-0.144,0.826,0.27,0.147,0.688,0.052,-0.151,0.494,0.292,0.282,0.815,0.307,0.698,0.475,-0.311,0.324,0.219,0.405,0.723,0.268,0.367,0.345,0.503,0.359,0.06,0.655,0.452,0.369,0.463,0.24,-0.607,0.178,0.39,-0.039,-0.013,0.778,0.682,0.303,-0.04,-0.429,0.023,-0.016,0.61,0.122,-0.254,0.661,-0.295,0.256,0.604,-0.376,-0.241,0.25,0.419,0.545,0.152,0.409,0.611,0.532,-0.099,0.477,0.423,-0.053,-0.524,0.642,-0.346,-0.103,0.511,-0.02,0.133,-0.172,-0.375,0.462,0.008,0.027,0.209,0.507,-0.121,0.214,0.833,0.603,0.014,0.033,0.53,0.547,0.413,0.419,0.343,-0.225,-0.02,0.267,0.172,0.69,0.045,0.263,0.1,0.528,0.376,0.62,0.158,0.364,0.801,0.27,-0.25,-0.032,0.298,0.495,-0.172,-0.456,0.296,0.311,0.002,0.172,0.328,0.667,-0.212,0.156,0.543,0.628,0.439,0.632,0.348,0.256,-0.374,-0.277,0.201,-0.551,0.415,0.597,0.144,0.07,0.14,0.631,0.293,0.28,0.885,0.161,0.204,0.478,0.534,0.199,0.322,-0.138,0.451,0.559,-0.012,0.43,0.246,0.506,-0.159,0.272,0.674,-0.558,0.493,0.4,0.061,0.567,0.593,0.12,-0.227,-0.058,0.104,0.526,0.242,-0.419,0.782,0.539,0.636,0.416,0.7,0.362,0.291,-0.702,0.362,0.379,0.127,0.005,0.618,-0.059,0.081,0.499,0.499
AMKR,0.863,0.005,-0.156,0.614,-0.806,0.048,0.368,-0.15,-0.25,0.796,-0.801,-0.386,0.215,0.196,0.381,0.0,0.395,0.03,-0.099,-0.866,0.229,0.315,-0.586,-0.056,0.197,-0.806,0.081,-0.482,-0.344,0.33,-0.54,-0.109,-0.472,0.486,-0.344,0.77,0.054,-0.201,-0.689,0.393,-0.259,-0.41,-0.453,0.838,0.59,-0.494,-0.087,-0.007,0.808,-0.387,0.905,0.942,-0.403,0.762,-0.08,0.759,-0.388,0.511,0.285,-0.764,0.74,0.131,0.012,0.591,0.089,0.133,-0.667,0.384,-0.405,0.707,-0.406,-0.464,-0.318,0.861,0.8,0.169,-0.095,0.821,-0.474,-0.336,0.284,-0.158,-0.339,0.613,0.454,0.906,-0.773,0.738,0.197,0.626,-0.456,0.589,-0.748,-0.725,-0.487,0.553,-0.141,0.299,-0.066,0.772,0.865,-0.137,0.753,-0.534,-0.529,-0.628,0.509,0.645,0.944,-0.454,0.103,0.227,-0.695,0.798,0.597,0.769,-0.309,-0.63,-0.274,-0.024,-0.525,0.217,-0.496,0.517,-0.522,-0.618,0.54,0.638,-0.582,0.806,0.618,-0.455,0.015,0.697,-0.603,-0.225,0.788,-0.559,0.203,-0.568,0.516,0.258,0.67,0.868,0.24,-0.298,-0.413,0.835,0.646,0.286,0.348,0.319,-0.348,0.221,-0.646,-0.604,-0.269,-0.212,0.391,-0.637,-0.8,-0.536,0.272,0.776,0.461,-0.642,-0.239,0.708,0.72,0.506,-0.548,-0.444,0.196,0.789,-0.426,0.413,-0.486,0.762,-0.542,0.193,-0.468,0.701,0.55,-0.098,-0.418,0.396,-0.548,-0.132,-0.19,-0.309,0.141,0.451,-0.594,0.404,-0.724,-0.032,0.773,-0.561,0.89,0.106
AMRX,0.575,0.43,0.231,0.528,-0.645,-0.634,0.623,0.092,0.013,0.446,-0.508,0.211,-0.339,-0.216,-0.486,0.395,0.0,0.165,0.022,-0.485,-0.463,-0.086,-0.498,-0.646,0.27,-0.422,-0.121,-0.586,-0.328,-0.31,-0.599,-0.692,-0.636,0.806,-0.364,0.454,-0.146,-0.723,-0.778,0.144,-0.268,-0.655,-0.535,0.588,-0.045,-0.684,-0.439,-0.162,0.426,0.342,0.502,0.396,-0.378,0.551,-0.711,-0.015,-0.487,0.567,0.677,-0.639,0.655,-0.259,0.087,0.734,-0.4,0.496,-0.585,-0.212,-0.063,0.799,-0.366,-0.735,-0.589,0.548,0.22,-0.463,-0.39,0.706,-0.761,-0.411,0.447,0.371,-0.793,0.753,0.436,0.283,-0.478,0.592,0.448,0.81,-0.652,0.6,-0.475,-0.669,-0.776,0.551,-0.32,-0.34,-0.388,0.624,0.616,-0.656,0.274,-0.709,-0.814,-0.768,0.675,0.721,0.468,-0.371,-0.329,0.422,-0.711,0.534,0.036,0.349,-0.686,-0.469,-0.491,-0.581,-0.577,0.498,-0.297,0.272,-0.784,-0.233,0.848,0.06,-0.616,0.683,0.47,-0.486,-0.469,0.736,-0.609,-0.479,0.114,-0.855,-0.344,-0.604,0.333,0.573,0.762,0.577,0.728,-0.502,-0.76,0.56,0.586,0.066,-0.205,0.248,-0.414,-0.582,-0.659,-0.615,-0.522,-0.672,0.347,-0.683,-0.499,-0.683,-0.322,0.658,-0.014,-0.607,-0.589,0.752,0.135,-0.088,0.226,-0.659,-0.012,0.609,-0.724,-0.081,-0.389,0.737,-0.187,0.227,-0.755,0.477,0.839,-0.705,-0.751,-0.151,-0.675,-0.672,-0.255,-0.304,0.747,0.245,-0.693,0.177,-0.544,-0.645,0.715,-0.463,0.292,-0.458
ANSS,0.228,-0.013,0.063,-0.199,-0.081,0.157,0.564,0.856,-0.011,-0.36,0.271,0.595,0.654,0.684,0.008,0.03,0.165,0.0,0.785,0.219,0.221,-0.211,0.439,0.102,0.525,0.183,0.566,0.237,0.638,0.012,0.39,0.052,0.154,0.23,0.635,0.539,0.429,0.169,-0.092,0.311,0.488,0.122,0.35,0.096,0.026,0.284,0.559,0.235,0.368,0.297,0.073,-0.018,0.042,-0.195,0.004,0.29,0.6,0.562,0.128,-0.156,0.144,0.542,0.829,0.263,0.166,0.822,0.333,0.448,-0.526,0.122,0.583,-0.179,0.353,0.077,0.104,-0.253,0.557,-0.049,0.089,0.437,0.341,0.152,0.095,-0.103,-0.163,0.251,0.238,0.285,0.47,-0.117,0.397,0.48,0.081,0.197,0.034,-0.068,0.437,0.145,0.381,-0.064,0.127,-0.279,0.238,0.339,-0.184,0.115,0.041,0.416,-0.011,0.227,0.39,0.248,0.054,-0.069,0.436,0.214,0.21,0.397,0.509,0.231,0.11,0.745,0.443,0.531,0.074,-0.318,-0.058,-0.29,0.29,0.216,0.523,0.497,0.39,-0.031,-0.228,0.428,0.288,0.002,0.176,0.209,0.426,-0.052,0.213,0.184,0.191,0.485,0.16,0.124,0.206,-0.529,0.189,0.513,0.375,-0.007,0.155,0.269,0.586,-0.273,0.675,0.214,-0.1,0.185,0.244,0.263,-0.255,0.237,0.575,0.263,-0.44,0.348,0.284,0.353,0.723,0.381,0.181,0.092,0.487,-0.016,0.358,0.825,0.019,0.361,0.114,0.177,0.112,0.526,0.13,0.098,0.634,0.665,0.119,0.411,0.188,-0.151,0.131,0.057,0.1,0.123,0.15,-0.163
APPN,0.126,0.225,0.181,-0.449,0.156,0.135,0.543,0.771,0.109,-0.491,0.47,0.687,0.55,0.776,0.097,-0.099,0.022,0.785,0.0,0.304,0.205,-0.227,0.478,0.09,0.78,0.364,0.699,0.322,0.782,0.114,0.536,0.103,0.46,0.243,0.8,0.466,0.465,0.265,0.013,0.512,0.722,0.347,0.621,-0.103,0.099,0.391,0.445,0.556,0.303,0.468,-0.035,-0.123,-0.269,-0.339,0.088,0.087,0.588,0.276,0.04,-0.05,0.07,0.637,0.856,0.167,0.288,0.613,0.431,0.325,-0.515,0.022,0.785,-0.138,0.619,-0.1,-0.148,-0.276,0.65,-0.172,0.19,0.512,0.435,0.277,0.179,-0.224,-0.198,0.135,0.396,0.283,0.454,-0.237,0.571,0.564,0.28,0.331,0.248,-0.198,0.232,0.282,0.522,-0.167,0.035,-0.276,0.327,0.471,-0.123,0.156,0.052,0.332,-0.187,0.48,0.618,0.264,0.178,-0.231,0.411,0.171,0.401,0.544,0.539,0.308,0.215,0.53,0.503,0.639,0.232,-0.111,-0.11,-0.518,0.399,0.132,0.558,0.717,0.366,-0.167,-0.079,0.67,0.242,0.09,0.34,0.397,0.383,0.082,0.073,0.101,0.072,0.474,0.363,0.031,0.35,-0.372,0.17,0.669,0.509,-0.003,0.081,0.347,0.679,-0.328,0.767,0.364,-0.002,0.423,0.243,0.183,-0.238,0.5,0.501,0.197,-0.659,0.365,0.407,0.562,0.767,0.153,0.319,0.246,0.711,-0.233,0.478,0.792,0.205,0.459,0.102,0.305,0.285,0.597,0.402,0.236,0.682,0.832,-0.07,0.584,0.411,-0.508,0.219,0.053,0.051,0.245,0.024,-0.303
APTO,-0.829,-0.055,0.135,-0.742,0.84,0.213,-0.366,0.378,0.123,-0.842,0.907,0.408,0.146,0.098,-0.144,-0.866,-0.485,0.219,0.304,0.0,0.016,-0.219,0.774,0.32,-0.055,0.833,0.189,0.704,0.565,-0.111,0.712,0.342,0.657,-0.52,0.598,-0.581,0.213,0.444,0.756,-0.232,0.464,0.61,0.671,-0.854,-0.471,0.743,0.349,0.19,-0.696,0.326,-0.889,-0.85,0.448,-0.817,0.278,-0.459,0.623,-0.422,-0.382,0.789,-0.77,0.217,0.221,-0.682,0.133,-0.069,0.823,-0.068,0.178,-0.781,0.695,0.592,0.59,-0.837,-0.705,0.013,0.294,-0.862,0.604,0.51,-0.28,0.002,0.589,-0.765,-0.576,-0.722,0.879,-0.724,-0.159,-0.781,0.707,-0.492,0.793,0.881,0.694,-0.712,0.308,-0.062,0.331,-0.847,-0.856,0.238,-0.58,0.766,0.649,0.797,-0.621,-0.586,-0.897,0.5,0.186,-0.14,0.826,-0.818,-0.397,-0.666,0.58,0.724,0.485,0.318,0.638,-0.141,0.706,-0.334,0.705,0.52,-0.695,-0.639,0.807,-0.796,-0.486,0.699,0.228,-0.829,0.673,0.506,-0.553,0.725,0.039,0.771,-0.336,-0.463,-0.737,-0.835,-0.355,0.632,0.635,-0.811,-0.579,-0.347,-0.238,-0.156,0.633,0.017,0.836,0.806,0.557,0.341,-0.125,0.784,0.84,0.723,0.018,-0.782,-0.429,0.782,0.546,-0.741,-0.751,-0.257,0.588,0.663,0.033,-0.701,0.601,-0.225,0.662,-0.836,0.572,0.042,0.641,-0.586,-0.674,0.383,0.634,-0.132,0.726,0.385,0.433,0.558,-0.353,-0.255,0.782,-0.397,0.826,0.206,-0.825,0.585,-0.76,0.037
ARCT,0.035,-0.436,-0.257,0.035,0.097,0.88,-0.272,0.071,0.116,-0.09,0.145,-0.227,0.76,0.619,0.826,0.229,-0.463,0.221,0.205,0.016,0.0,0.016,0.395,0.681,0.123,0.034,0.609,0.404,0.382,0.778,0.425,0.75,0.484,-0.46,0.476,0.186,0.377,0.826,0.351,0.387,0.371,0.538,0.362,0.012,0.649,0.559,0.684,0.332,0.151,-0.479,0.124,0.229,0.185,-0.052,0.851,0.736,0.514,-0.068,-0.28,0.143,-0.086,0.701,0.221,-0.231,0.712,-0.092,0.352,0.57,-0.404,-0.315,0.355,0.497,0.589,0.094,0.429,0.588,0.605,-0.187,0.586,0.609,-0.095,-0.566,0.675,-0.375,0.036,0.486,0.175,0.106,-0.109,-0.469,0.541,-0.051,0.108,0.33,0.504,-0.01,0.543,0.789,0.755,-0.116,-0.049,0.467,0.337,0.516,0.491,0.436,-0.237,-0.073,0.173,0.294,0.643,0.055,0.415,0.135,0.386,0.402,0.545,0.3,0.538,0.672,0.431,-0.058,-0.026,0.219,0.546,-0.14,-0.513,0.263,0.371,-0.074,0.147,0.375,0.871,-0.215,0.129,0.595,0.633,0.527,0.471,0.39,0.43,-0.299,-0.312,0.126,-0.461,0.659,0.595,0.167,-0.062,-0.212,0.598,0.357,0.339,0.872,0.309,0.364,0.638,0.586,0.228,0.429,-0.057,0.508,0.574,-0.056,0.532,0.347,0.723,-0.215,0.089,0.549,-0.407,0.599,0.57,0.055,0.607,0.63,0.181,-0.314,-0.027,0.243,0.55,0.146,-0.455,0.745,0.573,0.735,0.413,0.79,0.487,0.378,-0.605,0.184,0.459,0.291,0.245,0.796,-0.103,0.272,0.453,0.639
ARWR,0.007,-0.043,-0.391,-0.051,-0.15,0.195,-0.216,-0.013,-0.44,0.417,-0.181,-0.115,0.073,-0.159,0.27,0.315,-0.086,-0.211,-0.227,-0.219,0.016,0.0,-0.154,0.417,-0.239,-0.164,-0.022,0.237,-0.168,0.096,0.013,0.252,0.057,-0.061,-0.191,0.07,0.279,0.069,0.038,0.053,0.021,0.167,0.095,0.055,0.19,-0.043,-0.103,0.138,0.118,-0.263,0.152,0.273,-0.064,-0.016,0.07,0.187,0.0,0.123,-0.15,0.056,0.061,0.023,-0.05,-0.042,0.08,-0.229,-0.192,0.182,-0.097,-0.036,-0.159,0.206,-0.046,0.11,-0.025,0.241,-0.175,0.102,-0.004,-0.055,-0.155,-0.134,0.141,0.067,-0.121,0.096,-0.155,0.065,-0.038,0.052,-0.096,-0.093,-0.067,-0.104,0.121,0.018,-0.038,0.229,0.033,0.233,0.056,-0.04,0.165,0.005,0.08,0.031,0.028,-0.033,0.155,-0.376,0.044,0.138,-0.08,0.08,0.275,0.009,0.175,-0.142,0.026,0.291,0.035,-0.138,0.155,-0.125,0.116,0.17,0.002,0.306,-0.035,0.006,-0.082,-0.009,-0.028,-0.035,0.134,-0.01,0.025,0.04,0.292,-0.013,-0.224,-0.353,-0.052,-0.025,0.014,-0.008,0.144,0.017,-0.027,0.252,-0.063,-0.182,0.064,0.304,-0.036,0.062,-0.239,0.21,-0.021,-0.082,-0.048,0.045,0.466,-0.092,0.032,-0.149,-0.06,-0.042,0.508,0.228,-0.164,-0.088,-0.263,0.135,0.08,0.096,-0.274,0.051,-0.072,-0.013,0.143,0.119,-0.094,0.248,0.143,-0.037,0.088,0.185,-0.263,-0.146,-0.07,0.203,0.04,0.014,-0.161,0.078,0.026,-0.247,0.229,0.302
ASND,-0.601,-0.013,0.057,-0.539,0.662,0.536,-0.242,0.423,0.222,-0.774,0.809,0.425,0.5,0.418,0.147,-0.586,-0.498,0.439,0.478,0.774,0.395,-0.154,0.0,0.578,0.195,0.799,0.577,0.689,0.626,0.127,0.753,0.588,0.774,-0.567,0.752,-0.275,0.314,0.717,0.758,0.122,0.633,0.758,0.788,-0.695,-0.056,0.87,0.635,0.403,-0.405,0.293,-0.617,-0.561,0.33,-0.736,0.495,-0.045,0.761,-0.247,-0.338,0.681,-0.555,0.59,0.383,-0.518,0.519,0.106,0.833,0.241,-0.154,-0.656,0.733,0.623,0.773,-0.648,-0.448,0.217,0.497,-0.747,0.698,0.744,-0.031,-0.215,0.692,-0.674,-0.326,-0.379,0.879,-0.41,-0.051,-0.746,0.773,-0.275,0.761,0.812,0.754,-0.393,0.572,0.294,0.724,-0.72,-0.659,0.216,-0.24,0.845,0.663,0.747,-0.407,-0.472,-0.654,0.57,0.384,0.073,0.813,-0.63,-0.122,-0.318,0.66,0.806,0.62,0.48,0.819,-0.038,0.516,-0.07,0.786,0.385,-0.693,-0.419,0.797,-0.65,-0.264,0.762,0.584,-0.756,0.607,0.737,-0.191,0.746,0.292,0.834,-0.091,-0.412,-0.672,-0.567,-0.398,0.778,0.76,-0.484,-0.5,-0.428,0.103,0.234,0.589,0.296,0.732,0.815,0.702,0.425,0.138,0.879,0.627,0.816,0.416,-0.54,-0.184,0.827,0.762,-0.581,-0.651,0.164,0.473,0.835,0.43,-0.515,0.739,0.107,0.701,-0.793,0.557,0.256,0.748,-0.245,-0.645,0.597,0.797,0.277,0.776,0.636,0.712,0.638,-0.394,0.003,0.838,-0.329,0.813,0.414,-0.577,0.565,-0.379,0.259
ASTH,-0.404,-0.286,-0.403,-0.345,0.331,0.852,-0.556,0.116,-0.299,-0.211,0.369,-0.138,0.679,0.352,0.688,-0.056,-0.646,0.102,0.09,0.32,0.681,0.417,0.578,0.0,-0.164,0.297,0.483,0.673,0.307,0.498,0.542,0.863,0.67,-0.649,0.419,-0.091,0.407,0.824,0.67,0.054,0.434,0.749,0.622,-0.429,0.279,0.728,0.507,0.365,-0.234,-0.348,-0.301,-0.018,0.298,-0.46,0.72,0.42,0.546,-0.251,-0.563,0.521,-0.403,0.588,0.12,-0.626,0.72,-0.299,0.51,0.612,-0.282,-0.622,0.424,0.784,0.661,-0.328,-0.028,0.633,0.365,-0.504,0.626,0.551,-0.24,-0.639,0.865,-0.595,-0.409,0.046,0.465,-0.332,-0.344,-0.658,0.61,-0.384,0.438,0.589,0.796,-0.409,0.498,0.59,0.683,-0.455,-0.448,0.549,0.069,0.718,0.765,0.693,-0.488,-0.425,-0.21,0.063,0.529,0.009,0.641,-0.329,0.25,-0.088,0.779,0.412,0.534,0.813,0.629,-0.373,0.36,-0.069,0.822,0.194,-0.728,0.132,0.686,-0.499,-0.289,0.537,0.65,-0.649,0.621,0.634,0.152,0.762,0.489,0.691,-0.04,-0.751,-0.678,-0.333,-0.63,0.685,0.823,-0.278,-0.379,-0.064,0.342,0.063,0.556,0.796,0.638,0.647,0.533,0.801,-0.001,0.649,0.401,0.698,0.758,-0.485,0.17,0.539,0.72,-0.587,0.072,0.488,-0.125,0.697,0.246,-0.295,0.779,0.378,0.285,-0.599,0.192,0.115,0.798,-0.158,-0.755,0.893,0.84,0.401,0.684,0.854,0.4,0.343,-0.73,0.064,0.703,-0.009,0.515,0.632,-0.487,0.134,0.058,0.695
ATSG,0.442,0.516,0.445,-0.061,-0.077,-0.038,0.691,0.44,0.28,-0.13,0.132,0.506,0.333,0.64,0.052,0.197,0.27,0.525,0.78,-0.055,0.123,-0.239,0.195,-0.164,0.0,0.132,0.594,-0.101,0.454,0.216,0.094,-0.092,0.235,0.457,0.507,0.592,0.215,0.065,-0.282,0.767,0.533,0.08,0.315,0.204,0.35,0.119,0.228,0.566,0.556,0.527,0.325,0.229,-0.611,0.098,-0.006,0.213,0.145,0.292,0.377,-0.294,0.418,0.582,0.661,0.444,0.305,0.513,0.07,0.22,-0.443,0.382,0.483,-0.405,0.402,0.183,0.03,-0.229,0.448,0.238,-0.093,0.224,0.704,0.285,-0.125,0.171,0.271,0.349,0.091,0.585,0.498,0.161,0.215,0.789,0.071,-0.023,-0.029,0.246,0.026,0.306,0.419,0.167,0.393,-0.351,0.545,0.05,-0.368,-0.263,0.442,0.453,0.167,0.403,0.515,0.378,-0.151,0.118,0.288,0.44,0.096,0.196,0.125,0.005,0.009,0.463,0.059,0.804,-0.1,-0.232,0.264,-0.29,0.051,0.414,0.704,0.317,0.196,0.188,-0.335,0.472,0.432,-0.245,0.286,0.097,0.502,0.493,0.352,0.446,0.17,0.14,0.043,0.432,0.623,-0.102,0.217,0.844,0.251,-0.122,-0.33,-0.016,0.332,-0.485,0.806,0.022,-0.248,0.124,0.126,0.528,0.04,0.231,0.114,0.508,-0.423,0.402,0.347,0.248,0.731,0.28,-0.037,0.366,0.448,0.112,0.169,0.574,-0.084,0.687,0.444,0.016,0.035,0.611,0.095,0.093,0.484,0.52,0.114,0.667,0.088,-0.382,-0.056,-0.138,0.479,0.074,0.278,-0.384
AVTX,-0.75,0.169,0.244,-0.602,0.737,0.219,-0.28,0.283,0.303,-0.829,0.912,0.517,0.116,0.114,-0.151,-0.806,-0.422,0.183,0.364,0.833,0.034,-0.164,0.799,0.297,0.132,0.0,0.292,0.576,0.494,-0.07,0.657,0.268,0.717,-0.495,0.585,-0.498,0.166,0.432,0.74,0.029,0.605,0.632,0.694,-0.811,-0.317,0.689,0.333,0.346,-0.599,0.552,-0.763,-0.748,0.192,-0.787,0.261,-0.456,0.542,-0.441,-0.192,0.823,-0.582,0.314,0.246,-0.537,0.245,-0.027,0.746,-0.065,0.157,-0.682,0.589,0.523,0.592,-0.858,-0.781,-0.024,0.271,-0.79,0.566,0.556,0.019,-0.032,0.495,-0.629,-0.376,-0.705,0.919,-0.51,-0.037,-0.669,0.62,-0.355,0.89,0.817,0.638,-0.442,0.339,0.026,0.459,-0.745,-0.764,0.064,-0.42,0.685,0.588,0.646,-0.343,-0.553,-0.852,0.498,0.211,0.025,0.767,-0.75,-0.421,-0.514,0.517,0.772,0.352,0.252,0.757,-0.137,0.519,-0.249,0.662,0.666,-0.573,-0.625,0.719,-0.757,-0.423,0.634,0.207,-0.755,0.656,0.539,-0.539,0.614,0.015,0.754,-0.263,-0.236,-0.683,-0.74,-0.332,0.492,0.614,-0.621,-0.496,-0.285,-0.055,0.084,0.557,-0.039,0.616,0.722,0.46,0.274,-0.038,0.807,0.774,0.742,0.151,-0.64,-0.34,0.843,0.436,-0.614,-0.752,-0.123,0.654,0.673,0.151,-0.689,0.604,-0.099,0.619,-0.835,0.65,0.017,0.628,-0.373,-0.529,0.318,0.661,-0.05,0.728,0.434,0.44,0.518,-0.233,-0.142,0.766,-0.508,0.829,0.14,-0.629,0.515,-0.672,0.062
BCPC,0.05,0.131,-0.052,-0.225,0.095,0.594,0.149,0.532,0.2,-0.341,0.353,0.383,0.668,0.757,0.494,0.081,-0.121,0.566,0.699,0.189,0.609,-0.022,0.577,0.483,0.594,0.292,0.0,0.448,0.634,0.503,0.522,0.56,0.656,-0.033,0.78,0.38,0.658,0.651,0.226,0.671,0.722,0.654,0.708,-0.086,0.514,0.582,0.593,0.722,0.268,0.133,0.047,0.088,-0.126,-0.266,0.468,0.439,0.618,0.189,-0.126,0.053,0.051,0.877,0.646,0.057,0.63,0.353,0.449,0.398,-0.647,-0.107,0.675,0.252,0.763,-0.016,0.02,0.195,0.594,-0.151,0.388,0.763,0.291,-0.113,0.438,-0.221,0.037,0.308,0.441,0.335,0.342,-0.31,0.576,0.377,0.28,0.312,0.481,-0.004,0.394,0.77,0.893,-0.065,-0.024,-0.052,0.463,0.552,0.17,0.276,0.076,0.193,-0.031,0.45,0.728,0.566,0.333,-0.028,0.452,0.365,0.557,0.573,0.594,0.569,0.514,0.253,0.28,0.455,0.487,0.013,-0.245,-0.149,0.413,0.032,0.414,0.64,0.729,-0.225,0.094,0.848,0.431,0.305,0.619,0.548,0.451,-0.111,-0.159,0.124,-0.046,0.645,0.576,0.177,0.169,-0.338,0.287,0.755,0.4,0.499,0.16,0.419,0.641,0.135,0.707,0.505,-0.037,0.613,0.567,0.083,0.205,0.475,0.623,0.025,-0.349,0.623,0.2,0.685,0.811,0.099,0.485,0.625,0.487,-0.322,0.365,0.673,0.511,0.501,-0.136,0.617,0.556,0.717,0.541,0.623,0.704,0.678,-0.27,0.644,0.573,-0.207,0.306,0.339,0.049,0.272,0.323,0.145
BEAM,-0.633,-0.338,-0.246,-0.668,0.636,0.601,-0.464,0.486,-0.015,-0.548,0.729,0.293,0.444,0.294,0.292,-0.482,-0.586,0.237,0.322,0.704,0.404,0.237,0.689,0.673,-0.101,0.576,0.448,0.0,0.621,0.189,0.859,0.71,0.731,-0.587,0.651,-0.32,0.615,0.695,0.715,0.006,0.553,0.814,0.766,-0.625,-0.047,0.774,0.566,0.319,-0.411,-0.052,-0.592,-0.529,0.481,-0.724,0.526,-0.034,0.828,-0.213,-0.562,0.67,-0.643,0.444,0.336,-0.559,0.312,-0.086,0.692,0.166,-0.145,-0.768,0.69,0.745,0.682,-0.536,-0.403,0.229,0.419,-0.719,0.739,0.723,-0.446,-0.097,0.772,-0.724,-0.539,-0.321,0.714,-0.467,-0.05,-0.795,0.76,-0.415,0.566,0.765,0.782,-0.598,0.482,0.377,0.578,-0.564,-0.673,0.224,-0.292,0.854,0.673,0.846,-0.583,-0.417,-0.605,0.388,0.411,0.004,0.772,-0.521,0.058,-0.356,0.722,0.694,0.783,0.659,0.691,-0.064,0.745,-0.284,0.825,0.452,-0.736,-0.321,0.724,-0.592,-0.298,0.8,0.556,-0.726,0.591,0.658,-0.184,0.782,0.406,0.739,-0.186,-0.674,-0.677,-0.642,-0.289,0.802,0.802,-0.604,-0.503,-0.422,-0.099,-0.099,0.617,0.519,0.76,0.83,0.647,0.52,0.052,0.749,0.548,0.807,0.44,-0.685,-0.155,0.656,0.747,-0.674,-0.381,0.052,0.215,0.749,0.158,-0.413,0.749,0.091,0.483,-0.765,0.462,0.287,0.789,-0.32,-0.725,0.722,0.753,0.141,0.793,0.652,0.407,0.608,-0.483,-0.005,0.843,-0.223,0.664,0.56,-0.714,0.559,-0.328,0.381
BILI,-0.213,-0.123,-0.084,-0.655,0.492,0.372,0.167,0.711,0.18,-0.683,0.668,0.487,0.584,0.758,0.282,-0.344,-0.328,0.638,0.782,0.565,0.382,-0.168,0.626,0.307,0.454,0.494,0.634,0.621,0.0,0.303,0.827,0.398,0.673,-0.131,0.938,0.089,0.608,0.554,0.383,0.293,0.797,0.588,0.763,-0.346,0.05,0.674,0.593,0.562,0.029,0.166,-0.342,-0.377,0.061,-0.575,0.445,0.031,0.823,0.117,-0.281,0.253,-0.298,0.638,0.74,-0.16,0.338,0.317,0.764,0.255,-0.362,-0.388,0.852,0.263,0.775,-0.31,-0.243,-0.052,0.855,-0.518,0.603,0.755,0.103,0.163,0.55,-0.588,-0.417,-0.092,0.57,-0.035,0.211,-0.632,0.875,0.175,0.48,0.636,0.554,-0.445,0.285,0.402,0.598,-0.377,-0.318,0.044,0.112,0.737,0.255,0.55,-0.329,0.04,-0.416,0.692,0.698,0.158,0.498,-0.473,0.287,-0.038,0.692,0.799,0.713,0.599,0.455,0.352,0.682,0.317,0.567,0.051,-0.537,-0.578,0.634,-0.216,0.305,0.857,0.576,-0.449,0.163,0.77,0.137,0.461,0.449,0.638,0.12,-0.246,-0.295,-0.227,-0.172,0.685,0.656,-0.305,-0.044,-0.436,0.175,0.387,0.591,0.256,0.405,0.594,0.837,-0.005,0.522,0.61,0.229,0.699,0.179,-0.217,-0.276,0.672,0.721,-0.218,-0.676,0.28,0.237,0.77,0.598,-0.136,0.627,0.104,0.733,-0.549,0.659,0.572,0.529,0.119,-0.331,0.562,0.554,0.518,0.672,0.448,0.739,0.963,-0.337,0.402,0.675,-0.423,0.385,0.307,-0.342,0.566,-0.187,-0.131
BJRI,0.136,-0.138,-0.121,0.091,0.054,0.659,-0.189,-0.071,0.121,0.055,0.04,-0.328,0.568,0.533,0.815,0.33,-0.31,0.012,0.114,-0.111,0.778,0.096,0.127,0.498,0.216,-0.07,0.503,0.189,0.303,0.0,0.228,0.53,0.437,-0.176,0.329,0.202,0.333,0.617,0.164,0.505,0.449,0.397,0.274,0.128,0.673,0.393,0.337,0.558,0.25,-0.397,0.197,0.409,-0.138,0.148,0.762,0.628,0.222,-0.041,-0.136,0.061,0.123,0.639,0.206,-0.157,0.714,-0.249,0.243,0.493,-0.225,-0.141,0.242,0.327,0.505,0.149,0.379,0.532,0.502,-0.012,0.402,0.399,0.157,-0.432,0.516,-0.228,0.107,0.471,0.027,0.238,-0.088,-0.272,0.404,0.112,0.105,0.219,0.387,0.049,0.175,0.81,0.61,0.084,0.069,0.434,0.532,0.283,0.327,0.249,-0.045,0.096,0.292,0.258,0.752,0.225,0.239,0.169,0.322,0.474,0.529,0.143,0.235,0.65,0.241,-0.127,-0.081,0.331,0.38,-0.117,-0.321,0.186,0.256,0.062,0.222,0.241,0.628,-0.089,0.045,0.505,0.65,0.312,0.434,0.3,0.438,-0.143,-0.192,0.273,-0.433,0.362,0.471,0.264,0.231,0.105,0.605,0.411,0.36,0.716,0.081,0.169,0.426,0.438,0.307,0.219,-0.091,0.394,0.393,0.061,0.537,0.26,0.397,-0.085,0.178,0.521,-0.383,0.439,0.426,0.103,0.445,0.635,0.048,-0.162,-0.06,0.091,0.411,0.271,-0.255,0.584,0.435,0.639,0.316,0.664,0.329,0.316,-0.568,0.352,0.32,0.196,0.031,0.484,0.067,0.117,0.447,0.427
BLUE,-0.557,-0.308,-0.225,-0.713,0.69,0.536,-0.269,0.558,0.145,-0.735,0.811,0.4,0.5,0.502,0.307,-0.54,-0.599,0.39,0.536,0.712,0.425,0.013,0.753,0.542,0.094,0.657,0.522,0.859,0.827,0.228,0.0,0.623,0.788,-0.514,0.814,-0.252,0.591,0.72,0.689,0.108,0.697,0.801,0.824,-0.608,-0.024,0.798,0.64,0.398,-0.293,0.051,-0.587,-0.595,0.369,-0.778,0.562,-0.09,0.902,-0.165,-0.534,0.609,-0.608,0.501,0.47,-0.467,0.337,0.05,0.826,0.155,-0.183,-0.725,0.781,0.622,0.779,-0.535,-0.413,0.099,0.659,-0.773,0.806,0.834,-0.266,0.042,0.737,-0.773,-0.528,-0.317,0.742,-0.347,0.023,-0.846,0.887,-0.248,0.619,0.797,0.758,-0.577,0.427,0.393,0.625,-0.563,-0.63,0.202,-0.182,0.901,0.594,0.829,-0.532,-0.31,-0.645,0.626,0.525,0.003,0.767,-0.612,0.12,-0.291,0.76,0.861,0.84,0.671,0.686,0.081,0.715,-0.102,0.813,0.368,-0.762,-0.481,0.727,-0.543,-0.122,0.872,0.639,-0.694,0.481,0.744,-0.127,0.756,0.398,0.752,-0.099,-0.514,-0.615,-0.568,-0.294,0.77,0.836,-0.573,-0.421,-0.494,0.043,0.052,0.604,0.418,0.658,0.807,0.789,0.342,0.181,0.809,0.484,0.865,0.332,-0.594,-0.2,0.771,0.802,-0.586,-0.582,0.084,0.209,0.848,0.334,-0.396,0.814,0.076,0.63,-0.808,0.641,0.362,0.791,-0.199,-0.659,0.719,0.746,0.284,0.833,0.623,0.565,0.801,-0.46,0.1,0.862,-0.363,0.625,0.54,-0.663,0.664,-0.365,0.201
