,AAL,AAON,ACB,ACGL,ACGLO,ACIW,ADBE,ADSK,AEP,AGIO,ALEC,ALNY,ALTR,AMBA,AMCX,AMKR,AMRX,ANSS,APPN,APTO,ARCT,ARWR,ASND,ASTH,ATSG,AVTX,BCPC,BEAM,BILI,BJRI,BLUE,BPOP,BRKL,BWIN,BZUN,CARG,CBRL,CBSH,CBUS,CENTA,CERS,CFFN,CHCO,CHEF,CHRD,CINF,CLLS,CMCO,CMCSA,COLL,COMM,COOP,CPB,CRON,CROX,CRUS,CRWD,CTAS,CYBR,CYTK,DGII,DIOD,DOMO,DPZ,DSGR,DXCM,ERIE,ESTA,EXEL,FAST,FCEL,FCFS,FHB,FITBI,FSV,FTDR,FUTU,GLDD,GLPG,GLPI,GOGO,GOSS,GSAT,GYRE,HALO,HAS,HLIT,HLNE,HSDT,HSIC,HTHT,ICHR,IDYA,IMVT,INDB,INSM,IONS,IOSP,ITRI,JBHT,JBLU,JSM,KLIC,KOD,KURA,LAB,LASR,LIN,LKQ,LNT,MBUU,MCRI,MDGL,MEDP,MGNI,MGPI,MGRC,MKTX,MRNA,MRTN,MSEX,MSFT,MU,NAVI,NBTB,NEO,NEOG,NGNE,NSSC,NTAP,NTES,NTLA,NTRS,NYMTN,OBLG,OCFC,ON,ONC,OPI,OSIS,OSW,PALI,PANW,PCAR,PCRX,PCTY,PEBO,PLAB,PLAY,PLMR,PLSE,PLUS,PRTA,PSEC,PSNL,PTCT,PTON,QNST,QRVO,QTTB,RARE,RBCAA,RGNX,SAIC,SGMO,SINT,SNPS,SPSC,SPTN,SSYS,STNE,TBBK,TCPC,TENB,TGTX,TREE,TRUP,TTWO,TW,TXG,UBSI,UCTT,UFPT,UMBF,UPBD,URBN,VBTX,VCTR,VEON,VNET,VRSK,VSEC,WABC,WTFCM,WVE,WW,WWD,XEL,ZD,ZYME
AAL,0.0,0.837,0.391,-0.924,0.66,0.862,-0.539,0.928,0.789,0.712,0.87,0.926,0.596,0.844,0.924,0.83,0.851,0.032,0.607,-0.012,0.538,0.06,0.943,0.602,0.518,-0.715,0.935,-0.29,-0.495,0.941,-0.493,0.949,0.953,0.869,0.23,0.713,0.491,0.971,0.391,0.97,0.65,0.898,0.9,0.899,0.152,0.545,0.44,0.892,0.746,0.875,0.827,0.972,0.879,-0.271,0.641,0.881,0.914,0.58,0.789,0.823,0.528,0.867,0.183,0.808,0.731,0.903,0.917,-0.197,0.864,0.918,0.771,0.022,0.946,0.9,0.818,0.9,-0.602,0.849,0.941,0.858,-0.109,0.745,0.295,0.191,-0.114,0.922,0.083,0.938,0.84,0.942,-0.828,0.742,0.655,0.728,0.954,0.961,0.075,0.842,0.933,0.924,0.974,0.925,0.882,0.762,0.918,-0.787,0.513,-0.144,0.732,0.622,0.774,0.813,0.823,0.85,0.724,0.557,0.823,0.958,0.715,0.855,0.899,-0.71,0.582,0.977,0.943,0.347,0.887,-0.005,0.944,0.587,-0.865,-0.017,0.924,0.907,-0.447,0.955,0.933,-0.35,0.898,0.8,0.912,-0.012,0.834,0.95,0.801,0.758,0.864,0.713,0.952,0.156,0.615,0.909,0.912,0.711,-0.558,0.972,0.654,0.862,0.929,0.243,0.89,0.829,0.392,0.652,0.152,0.229,0.421,0.852,0.94,0.897,0.844,0.771,0.849,0.668,0.959,0.926,0.868,0.427,-0.91,0.911,0.936,0.877,0.808,0.926,0.932,0.725,0.956,0.904,-0.477,0.643,-0.362,0.356,0.972,0.872,-0.494,0.481,0.677,0.788,0.353,0.754
AAON,0.837,0.0,0.073,-0.903,0.833,0.92,-0.52,0.864,0.689,0.731,0.965,0.869,0.81,0.857,0.937,0.965,0.909,0.434,0.667,-0.337,0.863,0.474,0.9,0.856,0.813,-0.515,0.935,-0.091,-0.311,0.852,-0.766,0.874,0.87,0.965,0.426,0.942,0.784,0.858,0.65,0.902,0.91,0.941,0.973,0.914,0.592,0.319,0.774,0.95,0.923,0.98,0.962,0.817,0.688,-0.574,0.365,0.949,0.792,0.668,0.831,0.809,0.806,0.977,0.375,0.683,0.966,0.788,0.9,-0.069,0.925,0.929,0.849,-0.398,0.928,0.688,0.616,0.869,-0.307,0.915,0.689,0.803,-0.424,0.329,0.683,0.517,-0.391,0.873,0.499,0.931,0.715,0.901,-0.584,0.969,0.883,0.42,0.908,0.765,-0.01,0.985,0.906,0.906,0.848,0.836,0.9,0.563,0.923,-0.924,0.384,0.053,0.937,0.204,0.955,0.969,0.595,0.979,0.934,0.846,0.958,0.904,0.884,0.909,0.761,-0.406,0.851,0.854,0.943,0.682,0.949,0.216,0.862,0.292,-0.65,0.239,0.884,0.937,-0.123,0.935,0.927,-0.225,0.819,0.844,0.887,-0.29,0.666,0.925,0.936,0.831,0.964,0.953,0.917,-0.207,0.692,0.967,0.746,0.958,-0.282,0.818,0.527,0.631,0.927,0.243,0.93,0.963,0.112,0.253,-0.304,0.151,0.583,0.812,0.761,0.948,0.842,0.858,0.712,0.893,0.894,0.954,0.864,0.53,-0.853,0.965,0.939,0.968,0.745,0.933,0.948,0.548,0.907,0.929,-0.605,0.673,-0.358,0.675,0.847,0.774,-0.482,0.793,0.495,0.628,0.715,0.479
ACB,0.391,0.073,0.0,-0.189,-0.076,0.074,-0.287,0.164,0.189,0.153,0.041,0.194,-0.241,0.05,0.24,-0.038,0.261,-0.572,0.136,0.381,-0.226,-0.308,0.192,-0.095,-0.179,-0.262,0.17,-0.149,-0.135,0.444,0.195,0.309,0.316,0.067,-0.074,-0.125,-0.049,0.392,-0.14,0.319,-0.131,0.16,0.147,0.207,-0.385,0.36,-0.29,0.165,0.033,0.075,0.028,0.329,0.356,0.632,0.249,0.115,0.199,-0.084,0.096,0.104,-0.044,0.102,-0.263,0.205,-0.031,0.213,0.16,-0.175,0.081,0.173,0.121,0.508,0.201,0.381,0.462,0.187,-0.373,0.227,0.504,0.171,0.62,0.682,-0.359,-0.476,0.33,0.274,-0.443,0.167,0.326,0.285,-0.391,-0.075,-0.145,0.248,0.254,0.388,0.075,0.061,0.273,0.168,0.332,0.219,0.096,0.622,0.177,-0.044,0.112,-0.461,0.056,0.529,0.036,0.046,0.393,0.079,-0.009,-0.154,-0.027,0.216,0.075,0.215,0.46,-0.647,-0.235,0.32,0.257,-0.149,0.162,-0.164,0.251,0.279,-0.55,-0.164,0.205,0.154,-0.499,0.242,0.154,-0.424,0.32,0.057,0.183,0.6,0.127,0.225,0.023,-0.013,0.128,-0.132,0.233,0.624,0.056,0.113,0.44,-0.042,-0.173,0.358,0.369,0.363,0.149,0.283,0.108,0.082,0.475,0.731,0.608,0.441,-0.365,0.381,0.486,0.177,0.155,0.107,0.303,-0.168,0.275,0.145,0.221,-0.233,-0.295,0.149,0.241,0.09,0.285,0.221,0.236,0.186,0.305,0.215,0.015,0.194,-0.327,-0.065,0.347,0.182,-0.02,-0.224,0.361,0.304,-0.206,0.363
ACGL,-0.924,-0.903,-0.189,0.0,-0.85,-0.935,0.605,-0.958,-0.767,-0.802,-0.944,-0.933,-0.7,-0.874,-0.951,-0.91,-0.897,-0.2,-0.694,0.098,-0.737,-0.225,-0.967,-0.733,-0.689,0.647,-0.958,0.18,0.583,-0.898,0.611,-0.947,-0.929,-0.903,-0.22,-0.863,-0.564,-0.93,-0.59,-0.937,-0.833,-0.968,-0.936,-0.907,-0.405,-0.299,-0.683,-0.933,-0.806,-0.922,-0.879,-0.899,-0.721,0.434,-0.619,-0.916,-0.93,-0.566,-0.877,-0.847,-0.624,-0.916,-0.36,-0.842,-0.837,-0.881,-0.888,0.122,-0.876,-0.891,-0.864,0.293,-0.965,-0.852,-0.709,-0.865,0.581,-0.894,-0.8,-0.902,0.3,-0.509,-0.556,-0.473,0.399,-0.927,-0.338,-0.961,-0.709,-0.875,0.791,-0.869,-0.774,-0.634,-0.951,-0.9,-0.016,-0.929,-0.931,-0.931,-0.932,-0.937,-0.91,-0.696,-0.956,0.842,-0.527,0.146,-0.796,-0.409,-0.888,-0.865,-0.755,-0.903,-0.852,-0.649,-0.899,-0.96,-0.826,-0.907,-0.788,0.574,-0.698,-0.929,-0.958,-0.448,-0.958,-0.165,-0.949,-0.592,0.797,-0.137,-0.949,-0.968,0.37,-0.963,-0.953,0.278,-0.933,-0.874,-0.927,0.108,-0.822,-0.93,-0.908,-0.861,-0.937,-0.845,-0.959,0.111,-0.744,-0.945,-0.866,-0.795,0.431,-0.938,-0.698,-0.787,-0.941,-0.147,-0.93,-0.915,-0.244,-0.444,0.028,-0.109,-0.473,-0.807,-0.835,-0.932,-0.917,-0.849,-0.742,-0.838,-0.953,-0.972,-0.862,-0.477,0.907,-0.953,-0.944,-0.951,-0.749,-0.949,-0.961,-0.733,-0.948,-0.909,0.529,-0.699,0.483,-0.386,-0.944,-0.869,0.472,-0.7,-0.547,-0.693,-0.507,-0.735
ACGLO,0.66,0.833,-0.076,-0.85,0.0,0.866,-0.567,0.816,0.641,0.752,0.865,0.759,0.768,0.785,0.789,0.853,0.745,0.483,0.683,-0.258,0.848,0.471,0.788,0.813,0.796,-0.34,0.8,0.081,-0.486,0.66,-0.665,0.774,0.749,0.798,0.21,0.899,0.601,0.716,0.731,0.72,0.912,0.877,0.821,0.788,0.67,0.076,0.83,0.828,0.752,0.815,0.834,0.656,0.406,-0.546,0.49,0.814,0.74,0.591,0.791,0.759,0.703,0.833,0.573,0.701,0.808,0.709,0.673,0.154,0.751,0.687,0.843,-0.545,0.809,0.599,0.403,0.662,-0.328,0.832,0.484,0.781,-0.408,0.137,0.783,0.735,-0.577,0.76,0.632,0.799,0.44,0.646,-0.493,0.889,0.794,0.442,0.792,0.645,-0.042,0.857,0.786,0.787,0.698,0.749,0.805,0.464,0.787,-0.724,0.506,-0.035,0.755,0.125,0.87,0.794,0.492,0.815,0.888,0.716,0.838,0.767,0.869,0.819,0.536,-0.25,0.799,0.716,0.806,0.628,0.855,0.299,0.769,0.436,-0.5,0.404,0.802,0.856,-0.098,0.797,0.81,-0.057,0.793,0.819,0.764,-0.21,0.637,0.729,0.891,0.85,0.861,0.872,0.784,-0.331,0.738,0.812,0.645,0.781,-0.129,0.712,0.654,0.527,0.784,0.04,0.804,0.866,0.055,0.089,-0.259,-0.09,0.531,0.596,0.54,0.796,0.813,0.826,0.528,0.882,0.734,0.833,0.779,0.577,-0.709,0.834,0.805,0.877,0.558,0.819,0.812,0.598,0.771,0.748,-0.484,0.562,-0.401,0.456,0.72,0.704,-0.331,0.861,0.349,0.5,0.678,0.524
ACIW,0.862,0.92,0.074,-0.935,0.866,0.0,-0.519,0.945,0.822,0.782,0.966,0.903,0.829,0.906,0.929,0.958,0.856,0.358,0.708,-0.272,0.814,0.334,0.941,0.839,0.748,-0.595,0.942,-0.114,-0.529,0.818,-0.709,0.938,0.927,0.925,0.202,0.935,0.638,0.896,0.658,0.915,0.877,0.97,0.955,0.936,0.524,0.391,0.749,0.958,0.87,0.938,0.925,0.884,0.687,-0.536,0.622,0.93,0.895,0.681,0.883,0.834,0.687,0.93,0.483,0.845,0.881,0.885,0.899,-0.039,0.923,0.874,0.884,-0.298,0.962,0.815,0.645,0.908,-0.489,0.932,0.755,0.901,-0.358,0.4,0.635,0.57,-0.339,0.924,0.436,0.958,0.713,0.851,-0.683,0.918,0.84,0.63,0.945,0.849,0.027,0.939,0.931,0.928,0.879,0.907,0.934,0.579,0.921,-0.822,0.612,0.029,0.848,0.399,0.905,0.921,0.66,0.934,0.926,0.799,0.958,0.91,0.845,0.898,0.781,-0.434,0.793,0.902,0.949,0.582,0.933,0.137,0.938,0.524,-0.705,0.242,0.947,0.945,-0.269,0.952,0.952,-0.154,0.892,0.933,0.91,-0.207,0.837,0.917,0.943,0.905,0.944,0.907,0.941,-0.077,0.806,0.96,0.775,0.854,-0.326,0.876,0.675,0.735,0.942,0.077,0.943,0.948,0.169,0.368,-0.133,0.082,0.625,0.824,0.764,0.941,0.92,0.881,0.766,0.897,0.895,0.966,0.91,0.599,-0.844,0.961,0.949,0.961,0.735,0.95,0.945,0.762,0.933,0.896,-0.62,0.64,-0.26,0.536,0.91,0.865,-0.441,0.773,0.564,0.739,0.615,0.652
ADBE,-0.539,-0.52,-0.287,0.605,-0.567,-0.519,0.0,-0.563,-0.564,-0.743,-0.554,-0.671,-0.266,-0.477,-0.607,-0.491,-0.494,0.12,-0.689,0.173,-0.458,-0.121,-0.602,-0.619,-0.628,0.093,-0.487,-0.38,0.437,-0.543,0.03,-0.624,-0.619,-0.492,-0.175,-0.49,-0.359,-0.605,-0.64,-0.495,-0.524,-0.631,-0.562,-0.429,-0.427,-0.146,-0.33,-0.64,-0.534,-0.48,-0.534,-0.495,-0.269,-0.076,-0.424,-0.49,-0.499,-0.148,-0.483,-0.465,-0.403,-0.47,-0.475,-0.502,-0.445,-0.566,-0.373,-0.412,-0.519,-0.365,-0.693,0.271,-0.585,-0.454,-0.247,-0.342,0.23,-0.639,-0.507,-0.642,-0.262,-0.321,-0.396,-0.131,0.221,-0.626,-0.221,-0.501,-0.198,-0.484,0.363,-0.52,-0.56,-0.356,-0.587,-0.537,-0.413,-0.557,-0.662,-0.608,-0.439,-0.543,-0.504,-0.655,-0.561,0.308,-0.334,0.41,-0.491,-0.302,-0.597,-0.496,-0.678,-0.511,-0.55,-0.364,-0.53,-0.534,-0.651,-0.641,-0.606,0.621,-0.296,-0.516,-0.584,-0.409,-0.618,-0.056,-0.609,-0.361,0.613,-0.507,-0.642,-0.577,0.149,-0.582,-0.522,-0.173,-0.643,-0.658,-0.431,-0.234,-0.331,-0.425,-0.591,-0.641,-0.632,-0.533,-0.507,-0.029,-0.374,-0.477,-0.698,-0.474,-0.137,-0.571,-0.755,-0.429,-0.455,-0.179,-0.578,-0.576,-0.569,-0.367,-0.122,0.008,0.14,-0.424,-0.585,-0.527,-0.671,-0.648,-0.343,-0.45,-0.606,-0.548,-0.596,-0.412,0.51,-0.551,-0.6,-0.545,-0.389,-0.654,-0.537,-0.314,-0.633,-0.563,0.261,-0.199,0.469,-0.226,-0.571,-0.61,-0.086,-0.369,-0.547,-0.527,-0.476,-0.344
ADSK,0.928,0.864,0.164,-0.958,0.816,0.945,-0.563,0.0,0.829,0.78,0.935,0.943,0.748,0.937,0.925,0.908,0.855,0.207,0.697,-0.075,0.676,0.107,0.976,0.726,0.674,-0.686,0.933,-0.227,-0.654,0.84,-0.602,0.968,0.956,0.875,0.191,0.841,0.473,0.923,0.557,0.932,0.785,0.954,0.923,0.918,0.382,0.456,0.62,0.932,0.806,0.896,0.88,0.938,0.728,-0.406,0.735,0.893,0.972,0.64,0.87,0.862,0.548,0.888,0.441,0.87,0.788,0.917,0.91,-0.032,0.907,0.864,0.885,-0.166,0.973,0.874,0.679,0.87,-0.6,0.89,0.825,0.943,-0.25,0.552,0.501,0.459,-0.315,0.946,0.317,0.96,0.741,0.86,-0.776,0.838,0.776,0.766,0.966,0.926,0.113,0.885,0.938,0.964,0.924,0.955,0.958,0.61,0.912,-0.779,0.614,-0.05,0.758,0.508,0.843,0.853,0.75,0.873,0.823,0.644,0.909,0.939,0.778,0.887,0.796,-0.583,0.706,0.959,0.942,0.44,0.916,0.045,0.974,0.684,-0.784,0.102,0.97,0.944,-0.376,0.96,0.966,-0.198,0.931,0.904,0.925,-0.086,0.915,0.928,0.895,0.911,0.917,0.819,0.953,-0.031,0.741,0.932,0.842,0.757,-0.492,0.946,0.73,0.865,0.951,0.084,0.918,0.898,0.274,0.493,0.067,0.022,0.548,0.795,0.821,0.91,0.929,0.843,0.799,0.802,0.916,0.956,0.89,0.571,-0.856,0.939,0.938,0.933,0.728,0.945,0.93,0.837,0.946,0.897,-0.544,0.573,-0.292,0.382,0.96,0.92,-0.457,0.658,0.664,0.747,0.477,0.756
AEP,0.789,0.689,0.189,-0.767,0.641,0.822,-0.564,0.829,0.0,0.725,0.803,0.864,0.643,0.832,0.808,0.782,0.576,0.203,0.533,-0.161,0.523,0.194,0.81,0.684,0.545,-0.38,0.776,0.04,-0.416,0.69,-0.339,0.838,0.867,0.735,0.229,0.7,0.494,0.833,0.456,0.765,0.625,0.793,0.759,0.761,0.302,0.593,0.415,0.825,0.762,0.73,0.763,0.851,0.745,-0.308,0.767,0.786,0.784,0.534,0.579,0.664,0.561,0.739,0.443,0.722,0.595,0.875,0.72,0.167,0.801,0.688,0.778,-0.041,0.833,0.752,0.577,0.756,-0.377,0.802,0.788,0.766,-0.048,0.534,0.29,0.266,0.084,0.818,0.107,0.804,0.706,0.75,-0.616,0.672,0.672,0.749,0.853,0.763,0.154,0.709,0.831,0.833,0.773,0.745,0.811,0.605,0.74,-0.549,0.724,-0.032,0.619,0.686,0.65,0.753,0.681,0.735,0.697,0.612,0.791,0.776,0.649,0.66,0.835,-0.484,0.593,0.814,0.795,0.398,0.714,-0.052,0.825,0.507,-0.602,0.335,0.866,0.739,-0.128,0.822,0.844,0.124,0.748,0.893,0.666,-0.116,0.8,0.749,0.704,0.825,0.74,0.71,0.776,0.182,0.492,0.746,0.818,0.643,-0.331,0.799,0.683,0.677,0.812,0.062,0.797,0.721,0.574,0.428,0.1,0.109,0.508,0.597,0.75,0.75,0.748,0.799,0.845,0.589,0.795,0.798,0.893,0.697,-0.774,0.779,0.827,0.735,0.778,0.851,0.742,0.711,0.832,0.745,-0.588,0.445,-0.025,0.312,0.823,0.758,-0.417,0.459,0.632,0.913,0.493,0.542
AGIO,0.712,0.731,0.153,-0.802,0.752,0.782,-0.743,0.78,0.725,0.0,0.782,0.868,0.515,0.679,0.803,0.742,0.722,0.132,0.822,-0.184,0.716,0.284,0.813,0.808,0.775,-0.356,0.73,0.31,-0.548,0.714,-0.316,0.829,0.812,0.703,0.141,0.763,0.534,0.777,0.798,0.71,0.785,0.847,0.78,0.692,0.535,0.202,0.602,0.841,0.734,0.709,0.734,0.711,0.436,-0.195,0.539,0.688,0.726,0.324,0.784,0.618,0.534,0.709,0.601,0.72,0.695,0.777,0.632,0.239,0.758,0.609,0.802,-0.354,0.804,0.67,0.521,0.665,-0.426,0.821,0.607,0.852,-0.017,0.308,0.567,0.368,-0.3,0.855,0.386,0.74,0.391,0.655,-0.517,0.745,0.748,0.515,0.786,0.731,0.407,0.791,0.812,0.785,0.673,0.759,0.736,0.666,0.818,-0.538,0.358,-0.222,0.73,0.351,0.821,0.75,0.737,0.753,0.779,0.621,0.773,0.715,0.787,0.818,0.733,-0.52,0.526,0.694,0.781,0.513,0.819,0.24,0.767,0.536,-0.683,0.544,0.829,0.802,-0.259,0.795,0.746,0.121,0.832,0.825,0.679,0.075,0.605,0.659,0.824,0.862,0.831,0.748,0.724,-0.068,0.653,0.731,0.763,0.692,-0.105,0.728,0.836,0.592,0.689,0.247,0.829,0.789,0.433,0.391,-0.024,0.055,0.228,0.694,0.693,0.767,0.875,0.89,0.512,0.681,0.793,0.785,0.772,0.473,-0.646,0.794,0.796,0.774,0.583,0.836,0.78,0.595,0.821,0.758,-0.529,0.431,-0.421,0.425,0.766,0.758,-0.086,0.635,0.593,0.669,0.605,0.579
ALEC,0.87,0.965,0.041,-0.944,0.865,0.966,-0.554,0.935,0.803,0.782,0.0,0.93,0.839,0.93,0.959,0.989,0.877,0.422,0.683,-0.265,0.829,0.397,0.945,0.852,0.8,-0.556,0.953,-0.11,-0.435,0.835,-0.711,0.92,0.919,0.956,0.368,0.952,0.701,0.891,0.642,0.909,0.909,0.965,0.967,0.931,0.561,0.372,0.752,0.965,0.919,0.975,0.961,0.875,0.718,-0.588,0.543,0.961,0.882,0.666,0.838,0.832,0.752,0.969,0.447,0.76,0.917,0.881,0.914,-0.019,0.948,0.909,0.889,-0.359,0.968,0.764,0.625,0.891,-0.382,0.924,0.734,0.862,-0.409,0.376,0.641,0.542,-0.345,0.915,0.444,0.967,0.742,0.889,-0.658,0.954,0.897,0.586,0.948,0.826,0.037,0.967,0.928,0.946,0.883,0.879,0.953,0.576,0.938,-0.885,0.526,0.06,0.88,0.316,0.925,0.955,0.654,0.963,0.921,0.82,0.98,0.933,0.877,0.888,0.781,-0.426,0.845,0.899,0.952,0.612,0.943,0.173,0.922,0.436,-0.668,0.255,0.949,0.949,-0.157,0.961,0.973,-0.128,0.854,0.925,0.894,-0.285,0.797,0.934,0.938,0.906,0.959,0.948,0.942,-0.173,0.71,0.972,0.792,0.913,-0.363,0.872,0.605,0.716,0.967,0.156,0.958,0.951,0.194,0.29,-0.207,0.09,0.643,0.781,0.768,0.949,0.888,0.89,0.774,0.895,0.921,0.98,0.909,0.611,-0.879,0.976,0.956,0.973,0.788,0.963,0.948,0.672,0.933,0.933,-0.639,0.651,-0.294,0.564,0.895,0.83,-0.506,0.767,0.542,0.706,0.675,0.564
ALNY,0.926,0.869,0.194,-0.933,0.759,0.903,-0.671,0.943,0.864,0.868,0.93,0.0,0.674,0.887,0.946,0.898,0.831,0.169,0.741,-0.154,0.68,0.189,0.966,0.775,0.717,-0.586,0.92,-0.053,-0.548,0.864,-0.479,0.954,0.958,0.884,0.289,0.828,0.561,0.938,0.619,0.907,0.791,0.942,0.918,0.869,0.402,0.461,0.565,0.947,0.847,0.89,0.878,0.921,0.759,-0.35,0.649,0.881,0.914,0.549,0.821,0.797,0.602,0.872,0.44,0.804,0.789,0.939,0.882,0.027,0.925,0.859,0.868,-0.194,0.963,0.838,0.705,0.864,-0.511,0.89,0.837,0.922,-0.159,0.547,0.462,0.316,-0.2,0.955,0.249,0.939,0.719,0.882,-0.721,0.827,0.812,0.706,0.952,0.907,0.246,0.893,0.947,0.951,0.893,0.915,0.914,0.701,0.941,-0.751,0.5,-0.1,0.791,0.527,0.85,0.87,0.829,0.887,0.812,0.669,0.908,0.933,0.802,0.871,0.877,-0.629,0.663,0.916,0.933,0.46,0.917,0.107,0.942,0.581,-0.793,0.246,0.974,0.927,-0.292,0.955,0.94,-0.059,0.893,0.92,0.864,-0.062,0.823,0.896,0.876,0.9,0.919,0.831,0.917,0.008,0.646,0.908,0.89,0.789,-0.414,0.922,0.738,0.81,0.914,0.219,0.944,0.883,0.43,0.502,0.02,0.109,0.454,0.795,0.868,0.901,0.921,0.889,0.772,0.757,0.958,0.944,0.895,0.566,-0.85,0.933,0.939,0.902,0.799,0.964,0.919,0.713,0.957,0.918,-0.594,0.573,-0.32,0.424,0.941,0.891,-0.384,0.596,0.696,0.824,0.536,0.663
ALTR,0.596,0.81,-0.241,-0.7,0.768,0.829,-0.266,0.748,0.643,0.515,0.839,0.674,0.0,0.847,0.693,0.881,0.636,0.68,0.489,-0.416,0.76,0.441,0.717,0.789,0.722,-0.403,0.746,-0.112,-0.272,0.518,-0.769,0.672,0.681,0.809,0.35,0.874,0.628,0.607,0.53,0.673,0.79,0.757,0.785,0.802,0.608,0.312,0.728,0.767,0.81,0.81,0.846,0.645,0.509,-0.718,0.403,0.809,0.679,0.742,0.656,0.696,0.689,0.818,0.497,0.536,0.806,0.659,0.752,0.067,0.798,0.723,0.73,-0.425,0.749,0.505,0.308,0.709,-0.144,0.738,0.444,0.657,-0.558,0.08,0.672,0.665,-0.383,0.668,0.573,0.768,0.612,0.658,-0.351,0.853,0.813,0.442,0.73,0.54,-0.088,0.79,0.707,0.773,0.636,0.649,0.832,0.194,0.68,-0.744,0.479,0.385,0.745,0.097,0.756,0.83,0.332,0.798,0.815,0.805,0.863,0.689,0.701,0.689,0.5,-0.089,0.893,0.674,0.729,0.659,0.717,0.094,0.696,0.261,-0.314,0.228,0.729,0.727,0.115,0.734,0.793,0.024,0.591,0.79,0.704,-0.486,0.653,0.744,0.793,0.787,0.77,0.86,0.726,-0.297,0.578,0.797,0.458,0.808,-0.264,0.594,0.346,0.485,0.795,-0.073,0.756,0.804,-0.083,-0.02,-0.386,-0.1,0.807,0.534,0.445,0.731,0.673,0.711,0.626,0.809,0.631,0.768,0.752,0.697,-0.638,0.783,0.736,0.808,0.574,0.738,0.718,0.551,0.677,0.713,-0.55,0.417,0.035,0.591,0.632,0.642,-0.46,0.755,0.377,0.505,0.679,0.292
AMBA,0.844,0.857,0.05,-0.874,0.785,0.906,-0.477,0.937,0.832,0.679,0.93,0.887,0.847,0.0,0.876,0.926,0.773,0.376,0.602,-0.158,0.666,0.198,0.904,0.738,0.692,-0.6,0.882,-0.205,-0.496,0.739,-0.639,0.882,0.887,0.859,0.336,0.856,0.518,0.834,0.481,0.857,0.786,0.886,0.882,0.898,0.444,0.5,0.616,0.89,0.845,0.879,0.9,0.874,0.72,-0.514,0.684,0.906,0.903,0.669,0.751,0.816,0.624,0.886,0.456,0.738,0.784,0.871,0.881,0.05,0.892,0.837,0.851,-0.197,0.92,0.755,0.562,0.834,-0.386,0.843,0.731,0.833,-0.34,0.446,0.503,0.481,-0.268,0.858,0.34,0.921,0.775,0.826,-0.659,0.843,0.806,0.712,0.916,0.813,0.079,0.852,0.876,0.941,0.846,0.847,0.965,0.454,0.835,-0.774,0.615,0.175,0.749,0.42,0.795,0.864,0.622,0.846,0.804,0.703,0.907,0.881,0.764,0.801,0.728,-0.45,0.794,0.901,0.88,0.511,0.834,0.001,0.908,0.543,-0.612,0.14,0.926,0.864,-0.136,0.905,0.953,-0.08,0.814,0.901,0.843,-0.242,0.86,0.898,0.83,0.893,0.865,0.841,0.898,-0.103,0.623,0.895,0.746,0.783,-0.483,0.851,0.596,0.783,0.939,0.006,0.869,0.854,0.223,0.32,-0.042,0.026,0.684,0.675,0.715,0.857,0.827,0.81,0.822,0.789,0.839,0.905,0.877,0.655,-0.809,0.898,0.886,0.897,0.747,0.898,0.859,0.764,0.868,0.876,-0.607,0.511,-0.127,0.42,0.872,0.831,-0.522,0.648,0.61,0.711,0.559,0.574
AMCX,0.924,0.937,0.24,-0.951,0.789,0.929,-0.607,0.925,0.808,0.803,0.959,0.946,0.693,0.876,0.0,0.929,0.913,0.235,0.683,-0.141,0.751,0.319,0.95,0.789,0.739,-0.587,0.949,-0.124,-0.437,0.922,-0.608,0.951,0.951,0.918,0.368,0.87,0.678,0.939,0.595,0.936,0.846,0.956,0.953,0.909,0.458,0.402,0.651,0.963,0.88,0.947,0.915,0.908,0.772,-0.417,0.559,0.937,0.883,0.57,0.824,0.799,0.708,0.942,0.356,0.771,0.87,0.89,0.9,-0.066,0.918,0.911,0.881,-0.244,0.973,0.802,0.727,0.89,-0.453,0.923,0.82,0.859,-0.247,0.518,0.525,0.386,-0.243,0.944,0.3,0.956,0.763,0.923,-0.745,0.891,0.828,0.59,0.959,0.881,0.073,0.944,0.936,0.938,0.918,0.886,0.916,0.715,0.95,-0.865,0.494,-0.106,0.854,0.41,0.902,0.925,0.723,0.937,0.861,0.739,0.924,0.946,0.85,0.889,0.85,-0.567,0.731,0.93,0.968,0.531,0.94,0.176,0.932,0.47,-0.778,0.213,0.955,0.941,-0.279,0.973,0.964,-0.217,0.893,0.882,0.887,-0.159,0.778,0.937,0.896,0.858,0.946,0.875,0.953,-0.068,0.674,0.953,0.883,0.867,-0.381,0.919,0.667,0.758,0.955,0.272,0.943,0.919,0.332,0.439,-0.063,0.23,0.489,0.833,0.862,0.957,0.885,0.878,0.796,0.814,0.965,0.978,0.897,0.491,-0.917,0.963,0.967,0.944,0.83,0.974,0.962,0.673,0.971,0.947,-0.619,0.675,-0.418,0.509,0.94,0.822,-0.499,0.669,0.576,0.731,0.596,0.625
AMKR,0.83,0.965,-0.038,-0.91,0.853,0.958,-0.491,0.908,0.782,0.742,0.989,0.898,0.881,0.926,0.929,0.0,0.852,0.497,0.653,-0.333,0.846,0.454,0.917,0.869,0.811,-0.519,0.931,-0.103,-0.378,0.789,-0.747,0.884,0.886,0.96,0.389,0.965,0.739,0.85,0.645,0.882,0.914,0.944,0.957,0.921,0.597,0.366,0.767,0.953,0.932,0.97,0.972,0.844,0.699,-0.65,0.493,0.96,0.846,0.704,0.819,0.819,0.77,0.967,0.457,0.717,0.928,0.852,0.909,-0.009,0.948,0.904,0.879,-0.39,0.944,0.722,0.566,0.883,-0.314,0.908,0.69,0.831,-0.469,0.311,0.672,0.572,-0.354,0.885,0.484,0.946,0.74,0.874,-0.602,0.964,0.917,0.551,0.92,0.779,0.024,0.961,0.902,0.93,0.846,0.843,0.945,0.501,0.909,-0.891,0.511,0.14,0.885,0.259,0.92,0.964,0.598,0.962,0.924,0.865,0.986,0.903,0.855,0.864,0.748,-0.36,0.888,0.869,0.929,0.656,0.919,0.155,0.889,0.372,-0.606,0.264,0.92,0.927,-0.084,0.936,0.958,-0.1,0.806,0.913,0.871,-0.361,0.767,0.918,0.933,0.895,0.948,0.965,0.915,-0.214,0.686,0.963,0.738,0.93,-0.343,0.826,0.547,0.663,0.954,0.126,0.946,0.948,0.132,0.228,-0.288,0.057,0.705,0.753,0.722,0.931,0.857,0.87,0.756,0.902,0.885,0.96,0.897,0.645,-0.851,0.96,0.934,0.965,0.767,0.939,0.923,0.639,0.901,0.915,-0.666,0.618,-0.221,0.606,0.854,0.8,-0.509,0.781,0.517,0.679,0.704,0.496
AMRX,0.851,0.909,0.261,-0.897,0.745,0.856,-0.494,0.855,0.576,0.722,0.877,0.831,0.636,0.773,0.913,0.852,0.0,0.201,0.722,-0.081,0.74,0.253,0.886,0.717,0.724,-0.66,0.888,-0.217,-0.466,0.894,-0.689,0.884,0.862,0.864,0.32,0.829,0.625,0.85,0.608,0.895,0.815,0.902,0.918,0.855,0.474,0.255,0.701,0.891,0.806,0.906,0.855,0.805,0.627,-0.349,0.382,0.849,0.816,0.544,0.878,0.779,0.635,0.898,0.343,0.716,0.891,0.746,0.863,-0.198,0.83,0.88,0.813,-0.297,0.898,0.719,0.711,0.826,-0.489,0.842,0.697,0.823,-0.279,0.413,0.584,0.436,-0.428,0.895,0.418,0.893,0.659,0.862,-0.694,0.864,0.744,0.425,0.876,0.823,0.058,0.923,0.86,0.861,0.854,0.854,0.836,0.608,0.9,-0.886,0.28,-0.078,0.871,0.233,0.914,0.867,0.613,0.899,0.83,0.683,0.856,0.876,0.826,0.903,0.714,-0.546,0.69,0.85,0.917,0.502,0.925,0.229,0.859,0.455,-0.778,0.079,0.856,0.915,-0.391,0.908,0.87,-0.417,0.862,0.73,0.899,-0.091,0.671,0.897,0.88,0.771,0.922,0.808,0.908,-0.174,0.704,0.921,0.753,0.839,-0.39,0.834,0.597,0.719,0.875,0.291,0.851,0.903,0.085,0.409,-0.106,0.159,0.403,0.869,0.787,0.934,0.853,0.78,0.62,0.806,0.875,0.92,0.763,0.283,-0.801,0.921,0.894,0.919,0.662,0.886,0.938,0.623,0.903,0.899,-0.511,0.664,-0.515,0.582,0.871,0.77,-0.411,0.724,0.487,0.553,0.549,0.614
ANSS,0.032,0.434,-0.572,-0.2,0.483,0.358,0.12,0.207,0.203,0.132,0.422,0.169,0.68,0.376,0.235,0.497,0.201,0.0,0.053,-0.386,0.609,0.727,0.177,0.523,0.514,0.157,0.279,0.13,0.221,0.047,-0.623,0.117,0.135,0.395,0.47,0.572,0.593,0.062,0.341,0.126,0.557,0.272,0.324,0.322,0.657,-0.056,0.587,0.302,0.512,0.412,0.488,0.096,0.079,-0.755,-0.09,0.382,0.098,0.529,0.178,0.301,0.646,0.447,0.393,0.023,0.512,0.17,0.248,0.161,0.37,0.289,0.286,-0.564,0.237,-0.087,-0.115,0.227,0.368,0.327,-0.144,0.091,-0.707,-0.473,0.622,0.682,-0.307,0.153,0.7,0.275,0.175,0.208,0.202,0.556,0.534,-0.081,0.21,-0.058,-0.214,0.395,0.173,0.237,0.139,0.074,0.373,-0.24,0.197,-0.421,0.131,0.519,0.461,-0.364,0.409,0.485,-0.276,0.432,0.493,0.609,0.474,0.182,0.416,0.183,-0.024,0.465,0.743,0.102,0.222,0.599,0.272,0.327,0.105,-0.274,0.335,0.385,0.183,0.259,0.582,0.22,0.319,0.229,0.031,0.319,0.199,-0.712,0.132,0.236,0.369,0.377,0.319,0.583,0.219,-0.607,0.201,0.339,-0.039,0.57,0.014,0.029,-0.122,-0.114,0.331,0.039,0.293,0.382,-0.329,-0.614,-0.728,-0.171,0.763,-0.01,-0.11,0.307,0.139,0.3,0.189,0.484,0.118,0.302,0.316,0.52,-0.204,0.336,0.25,0.377,0.25,0.241,0.221,0.052,0.155,0.207,-0.304,0.21,0.242,0.571,0.044,0.034,-0.403,0.642,-0.192,0.048,0.678,-0.218
APPN,0.607,0.667,0.136,-0.694,0.683,0.708,-0.689,0.697,0.533,0.822,0.683,0.741,0.489,0.602,0.683,0.653,0.722,0.053,0.0,-0.29,0.654,0.168,0.734,0.751,0.759,-0.397,0.629,0.238,-0.602,0.614,-0.368,0.737,0.716,0.648,0.009,0.71,0.431,0.671,0.829,0.634,0.728,0.773,0.721,0.597,0.548,0.1,0.602,0.757,0.637,0.639,0.661,0.56,0.269,-0.121,0.413,0.594,0.672,0.357,0.817,0.584,0.434,0.61,0.679,0.669,0.666,0.668,0.589,0.16,0.668,0.545,0.746,-0.351,0.706,0.594,0.428,0.604,-0.417,0.711,0.497,0.829,0.033,0.217,0.61,0.38,-0.415,0.768,0.452,0.671,0.257,0.549,-0.421,0.679,0.662,0.394,0.687,0.671,0.466,0.734,0.735,0.721,0.531,0.711,0.641,0.498,0.738,-0.487,0.209,-0.139,0.697,0.227,0.788,0.648,0.694,0.678,0.736,0.564,0.699,0.642,0.762,0.816,0.602,-0.495,0.485,0.598,0.708,0.516,0.766,0.199,0.734,0.541,-0.695,0.413,0.751,0.752,-0.372,0.707,0.629,0.051,0.772,0.724,0.672,0.221,0.51,0.604,0.79,0.78,0.781,0.669,0.643,-0.043,0.666,0.677,0.619,0.613,-0.022,0.624,0.788,0.58,0.573,0.105,0.719,0.752,0.164,0.393,-0.024,-0.025,0.154,0.73,0.588,0.702,0.868,0.747,0.301,0.717,0.682,0.693,0.632,0.338,-0.449,0.711,0.705,0.726,0.396,0.741,0.723,0.521,0.732,0.696,-0.467,0.349,-0.385,0.45,0.693,0.772,0.156,0.616,0.574,0.548,0.538,0.497
APTO,-0.012,-0.337,0.381,0.098,-0.258,-0.272,0.173,-0.075,-0.161,-0.184,-0.265,-0.154,-0.416,-0.158,-0.141,-0.333,-0.081,-0.386,-0.29,0.0,-0.492,-0.504,-0.133,-0.517,-0.425,-0.166,-0.17,-0.374,-0.197,0.008,0.28,-0.083,-0.092,-0.361,-0.085,-0.409,-0.503,-0.079,-0.49,-0.128,-0.342,-0.236,-0.282,-0.14,-0.484,0.031,-0.388,-0.28,-0.371,-0.279,-0.341,-0.016,-0.014,0.459,0.211,-0.258,0.022,-0.381,-0.209,-0.139,-0.41,-0.241,-0.302,-0.073,-0.399,-0.089,-0.206,-0.16,-0.309,-0.204,-0.228,0.433,-0.144,0.023,0.155,-0.223,-0.264,-0.255,0.007,-0.17,0.341,0.291,-0.513,-0.276,0.168,-0.109,-0.404,-0.152,0.001,-0.159,-0.274,-0.377,-0.426,0.161,-0.123,0.045,-0.029,-0.329,-0.213,-0.193,0.021,-0.108,-0.116,0.034,-0.212,0.219,-0.017,-0.238,-0.389,0.211,-0.343,-0.348,-0.102,-0.334,-0.417,-0.558,-0.36,-0.114,-0.261,-0.265,-0.149,-0.232,-0.405,-0.027,-0.183,-0.57,-0.233,-0.132,-0.118,0.361,-0.036,-0.366,-0.136,-0.202,-0.307,-0.152,-0.13,-0.277,-0.038,-0.299,-0.136,0.301,0.079,-0.145,-0.362,-0.226,-0.287,-0.455,-0.095,0.137,-0.214,-0.255,-0.008,-0.401,-0.449,0.009,0.026,0.192,-0.12,0.133,-0.294,-0.334,0.162,0.203,0.59,0.088,-0.25,-0.193,-0.02,-0.207,-0.229,-0.229,0.031,-0.427,-0.138,-0.188,-0.215,-0.432,0.039,-0.213,-0.198,-0.256,-0.011,-0.2,-0.171,0.141,-0.134,-0.178,0.269,-0.032,-0.207,-0.492,-0.043,-0.212,-0.143,-0.344,-0.131,-0.215,-0.511,0.262
ARCT,0.538,0.863,-0.226,-0.737,0.848,0.814,-0.458,0.676,0.523,0.716,0.829,0.68,0.76,0.666,0.751,0.846,0.74,0.609,0.654,-0.492,0.0,0.645,0.713,0.909,0.89,-0.253,0.743,0.204,-0.263,0.596,-0.755,0.671,0.646,0.798,0.326,0.935,0.779,0.604,0.823,0.647,0.944,0.814,0.817,0.706,0.824,-0.022,0.913,0.814,0.818,0.811,0.825,0.532,0.333,-0.662,0.211,0.754,0.567,0.564,0.769,0.648,0.806,0.813,0.594,0.587,0.917,0.587,0.657,0.089,0.767,0.688,0.741,-0.691,0.738,0.436,0.346,0.659,-0.16,0.796,0.356,0.687,-0.549,-0.086,0.895,0.752,-0.574,0.695,0.767,0.734,0.349,0.632,-0.285,0.928,0.85,0.159,0.694,0.496,0.017,0.887,0.709,0.695,0.575,0.648,0.714,0.363,0.763,-0.735,0.281,0.067,0.878,-0.083,0.916,0.864,0.354,0.855,0.935,0.84,0.864,0.669,0.84,0.784,0.489,-0.093,0.825,0.57,0.746,0.77,0.829,0.44,0.646,0.15,-0.373,0.492,0.696,0.792,0.024,0.726,0.72,-0.002,0.674,0.751,0.699,-0.371,0.46,0.672,0.879,0.78,0.848,0.932,0.709,-0.471,0.75,0.801,0.507,0.894,0.056,0.552,0.486,0.342,0.702,0.149,0.786,0.867,-0.077,-0.081,-0.55,0.056,0.529,0.621,0.453,0.812,0.761,0.772,0.406,0.911,0.677,0.79,0.687,0.531,-0.606,0.813,0.749,0.837,0.488,0.755,0.763,0.413,0.7,0.695,-0.552,0.573,-0.341,0.708,0.6,0.604,-0.288,0.921,0.247,0.429,0.832,0.308
ARWR,0.06,0.474,-0.308,-0.225,0.471,0.334,-0.121,0.107,0.194,0.284,0.397,0.189,0.441,0.198,0.319,0.454,0.253,0.727,0.168,-0.504,0.645,0.0,0.152,0.6,0.543,0.343,0.267,0.437,0.416,0.192,-0.438,0.142,0.167,0.426,0.449,0.547,0.841,0.153,0.477,0.154,0.601,0.313,0.351,0.275,0.65,-0.176,0.554,0.358,0.506,0.408,0.478,0.07,0.086,-0.578,-0.261,0.417,-0.014,0.299,0.163,0.167,0.733,0.461,0.256,-0.042,0.532,0.154,0.166,0.179,0.322,0.284,0.325,-0.614,0.233,-0.057,-0.066,0.232,0.451,0.404,-0.056,0.05,-0.441,-0.387,0.607,0.466,-0.19,0.187,0.529,0.235,0.126,0.269,0.165,0.556,0.535,-0.266,0.209,-0.045,-0.15,0.448,0.225,0.203,0.11,0.024,0.234,0.084,0.27,-0.43,0.029,0.187,0.52,-0.372,0.48,0.511,-0.112,0.466,0.537,0.701,0.423,0.184,0.492,0.258,0.154,0.307,0.614,0.081,0.28,0.703,0.32,0.366,0.09,-0.454,0.153,0.638,0.18,0.288,0.522,0.248,0.271,0.188,0.082,0.303,0.132,-0.561,-0.1,0.2,0.4,0.291,0.37,0.587,0.19,-0.416,0.146,0.328,0.127,0.612,0.299,0.046,-0.008,-0.267,0.266,0.219,0.347,0.402,-0.095,-0.437,-0.749,0.135,0.448,0.131,0.045,0.337,0.146,0.383,0.128,0.461,0.215,0.305,0.364,0.36,-0.299,0.338,0.309,0.367,0.33,0.308,0.278,-0.185,0.224,0.275,-0.413,0.298,-0.08,0.613,0.061,-0.019,-0.217,0.552,-0.19,0.081,0.735,-0.299
ASND,0.943,0.9,0.192,-0.967,0.788,0.941,-0.602,0.976,0.81,0.813,0.945,0.966,0.717,0.904,0.95,0.917,0.886,0.177,0.734,-0.133,0.713,0.152,0.0,0.759,0.696,-0.679,0.959,-0.182,-0.606,0.884,-0.607,0.978,0.966,0.916,0.214,0.855,0.531,0.951,0.6,0.957,0.805,0.971,0.957,0.916,0.39,0.448,0.63,0.955,0.83,0.925,0.892,0.938,0.754,-0.398,0.642,0.9,0.954,0.609,0.891,0.859,0.58,0.905,0.402,0.85,0.836,0.917,0.932,-0.079,0.94,0.902,0.868,-0.183,0.986,0.877,0.724,0.902,-0.59,0.907,0.85,0.949,-0.242,0.564,0.51,0.394,-0.303,0.959,0.311,0.975,0.735,0.901,-0.772,0.854,0.797,0.693,0.974,0.94,0.136,0.924,0.964,0.961,0.93,0.968,0.939,0.675,0.961,-0.809,0.511,-0.091,0.811,0.496,0.878,0.886,0.798,0.918,0.849,0.678,0.93,0.96,0.8,0.916,0.856,-0.607,0.686,0.95,0.968,0.473,0.955,0.066,0.972,0.621,-0.825,0.131,0.974,0.969,-0.392,0.979,0.96,-0.206,0.935,0.902,0.944,-0.071,0.868,0.945,0.917,0.894,0.945,0.845,0.964,-0.009,0.75,0.955,0.868,0.803,-0.454,0.952,0.71,0.854,0.946,0.188,0.959,0.926,0.285,0.515,0.016,0.098,0.5,0.849,0.875,0.932,0.946,0.865,0.776,0.813,0.956,0.972,0.889,0.543,-0.863,0.964,0.963,0.942,0.766,0.968,0.957,0.753,0.969,0.926,-0.56,0.634,-0.344,0.446,0.97,0.925,-0.408,0.659,0.679,0.77,0.501,0.731
ASTH,0.602,0.856,-0.095,-0.733,0.813,0.839,-0.619,0.726,0.684,0.808,0.852,0.775,0.789,0.738,0.789,0.869,0.717,0.523,0.751,-0.517,0.909,0.6,0.759,0.0,0.93,-0.212,0.729,0.316,-0.286,0.612,-0.611,0.75,0.75,0.817,0.35,0.921,0.794,0.678,0.86,0.674,0.912,0.847,0.845,0.741,0.805,0.207,0.778,0.884,0.892,0.805,0.878,0.627,0.395,-0.505,0.331,0.777,0.611,0.579,0.732,0.649,0.787,0.812,0.696,0.578,0.873,0.698,0.676,0.297,0.839,0.667,0.851,-0.555,0.787,0.501,0.315,0.671,-0.103,0.872,0.468,0.757,-0.302,0.045,0.797,0.585,-0.386,0.785,0.648,0.747,0.433,0.686,-0.295,0.911,0.919,0.318,0.759,0.574,0.255,0.872,0.799,0.79,0.583,0.664,0.782,0.441,0.761,-0.664,0.382,0.096,0.871,0.092,0.906,0.896,0.492,0.862,0.93,0.889,0.899,0.675,0.844,0.815,0.646,-0.262,0.811,0.641,0.784,0.84,0.819,0.248,0.716,0.206,-0.459,0.619,0.779,0.79,0.067,0.778,0.762,0.186,0.706,0.865,0.668,-0.28,0.499,0.68,0.892,0.875,0.877,0.932,0.712,-0.259,0.656,0.797,0.606,0.897,0.057,0.605,0.623,0.421,0.725,0.15,0.841,0.884,0.162,0.08,-0.39,0.043,0.496,0.636,0.546,0.807,0.813,0.864,0.515,0.835,0.71,0.798,0.815,0.684,-0.633,0.83,0.805,0.838,0.569,0.83,0.765,0.46,0.77,0.76,-0.626,0.402,-0.202,0.734,0.659,0.686,-0.181,0.814,0.475,0.585,0.865,0.268
ATSG,0.518,0.813,-0.179,-0.689,0.796,0.748,-0.628,0.674,0.545,0.775,0.8,0.717,0.722,0.692,0.739,0.811,0.724,0.514,0.759,-0.425,0.89,0.543,0.696,0.93,0.0,-0.191,0.647,0.299,-0.322,0.539,-0.581,0.671,0.654,0.726,0.429,0.882,0.723,0.569,0.879,0.577,0.912,0.78,0.768,0.647,0.887,0.04,0.8,0.809,0.848,0.749,0.811,0.507,0.244,-0.478,0.263,0.7,0.567,0.449,0.703,0.582,0.731,0.75,0.718,0.514,0.84,0.6,0.596,0.342,0.75,0.585,0.827,-0.668,0.714,0.387,0.226,0.555,-0.06,0.78,0.318,0.7,-0.352,-0.075,0.829,0.63,-0.536,0.715,0.722,0.67,0.308,0.587,-0.24,0.888,0.908,0.226,0.67,0.48,0.293,0.833,0.694,0.739,0.498,0.589,0.73,0.319,0.695,-0.655,0.254,0.114,0.823,-0.103,0.889,0.819,0.41,0.783,0.852,0.807,0.833,0.61,0.833,0.769,0.487,-0.231,0.774,0.553,0.701,0.765,0.767,0.32,0.648,0.202,-0.396,0.577,0.722,0.732,0.096,0.697,0.697,0.187,0.645,0.782,0.595,-0.272,0.425,0.604,0.838,0.843,0.837,0.89,0.643,-0.465,0.59,0.724,0.525,0.848,0.07,0.52,0.578,0.364,0.658,0.146,0.747,0.826,0.09,-0.039,-0.405,-0.084,0.406,0.54,0.441,0.745,0.763,0.808,0.377,0.824,0.639,0.739,0.674,0.534,-0.541,0.759,0.715,0.795,0.446,0.753,0.703,0.409,0.691,0.719,-0.576,0.324,-0.316,0.676,0.58,0.606,-0.168,0.816,0.382,0.409,0.857,0.22
AVTX,-0.715,-0.515,-0.262,0.647,-0.34,-0.595,0.093,-0.686,-0.38,-0.356,-0.556,-0.586,-0.403,-0.6,-0.587,-0.519,-0.66,0.157,-0.397,-0.166,-0.253,0.343,-0.679,-0.212,-0.191,0.0,-0.654,0.648,0.619,-0.614,0.473,-0.657,-0.62,-0.543,0.091,-0.422,-0.035,-0.626,-0.106,-0.726,-0.343,-0.586,-0.593,-0.65,0.076,-0.385,-0.318,-0.529,-0.392,-0.586,-0.456,-0.699,-0.598,0.177,-0.506,-0.529,-0.765,-0.343,-0.687,-0.58,-0.076,-0.526,-0.016,-0.674,-0.468,-0.573,-0.759,0.503,-0.572,-0.673,-0.427,-0.149,-0.652,-0.743,-0.707,-0.711,0.757,-0.452,-0.653,-0.653,0.216,-0.591,-0.066,-0.151,0.236,-0.629,0.043,-0.683,-0.635,-0.6,0.755,-0.411,-0.339,-0.601,-0.625,-0.751,0.004,-0.528,-0.574,-0.623,-0.724,-0.747,-0.62,-0.355,-0.649,0.588,-0.279,-0.034,-0.425,-0.416,-0.452,-0.471,-0.558,-0.506,-0.387,-0.229,-0.518,-0.674,-0.323,-0.587,-0.5,0.534,-0.253,-0.711,-0.62,0.025,-0.574,0.056,-0.697,-0.661,0.724,0.499,-0.624,-0.618,0.663,-0.638,-0.621,0.516,-0.643,-0.446,-0.757,-0.113,-0.742,-0.726,-0.515,-0.452,-0.535,-0.348,-0.698,-0.12,-0.596,-0.654,-0.465,-0.344,0.687,-0.69,-0.352,-0.805,-0.653,-0.004,-0.579,-0.518,0.061,-0.62,-0.281,-0.139,-0.32,-0.723,-0.607,-0.603,-0.621,-0.407,-0.536,-0.465,-0.635,-0.63,-0.421,-0.029,0.533,-0.606,-0.574,-0.583,-0.422,-0.55,-0.67,-0.727,-0.614,-0.635,0.316,-0.451,0.242,-0.107,-0.721,-0.674,0.366,-0.272,-0.514,-0.419,0.064,-0.757
BCPC,0.935,0.935,0.17,-0.958,0.8,0.942,-0.487,0.933,0.776,0.73,0.953,0.92,0.746,0.882,0.949,0.931,0.888,0.279,0.629,-0.17,0.743,0.267,0.959,0.729,0.647,-0.654,0.0,-0.239,-0.458,0.918,-0.691,0.938,0.935,0.955,0.286,0.87,0.616,0.945,0.524,0.968,0.812,0.951,0.965,0.943,0.369,0.43,0.662,0.936,0.83,0.966,0.907,0.926,0.822,-0.508,0.543,0.946,0.903,0.676,0.856,0.868,0.687,0.954,0.289,0.81,0.876,0.884,0.94,-0.205,0.919,0.961,0.801,-0.204,0.97,0.833,0.781,0.936,-0.531,0.899,0.836,0.862,-0.352,0.536,0.526,0.429,-0.282,0.911,0.324,0.986,0.781,0.931,-0.762,0.88,0.761,0.599,0.966,0.897,-0.075,0.944,0.942,0.919,0.956,0.935,0.915,0.669,0.966,-0.881,0.489,-0.065,0.843,0.456,0.877,0.904,0.715,0.95,0.868,0.711,0.925,0.98,0.822,0.891,0.833,-0.504,0.75,0.937,0.974,0.478,0.957,0.146,0.93,0.495,-0.749,0.088,0.934,0.964,-0.329,0.975,0.963,-0.311,0.888,0.852,0.959,-0.199,0.826,0.974,0.9,0.819,0.934,0.864,0.982,-0.043,0.733,0.976,0.842,0.85,-0.46,0.932,0.585,0.784,0.967,0.225,0.943,0.927,0.205,0.424,-0.105,0.187,0.58,0.848,0.869,0.952,0.874,0.84,0.809,0.836,0.955,0.982,0.886,0.512,-0.905,0.974,0.966,0.954,0.823,0.953,0.972,0.681,0.953,0.915,-0.532,0.768,-0.354,0.498,0.943,0.848,-0.53,0.699,0.543,0.747,0.521,0.688
BEAM,-0.29,-0.091,-0.149,0.18,0.081,-0.114,-0.38,-0.227,0.04,0.31,-0.11,-0.053,-0.112,-0.205,-0.124,-0.103,-0.217,0.13,0.238,-0.374,0.204,0.437,-0.182,0.316,0.299,0.648,-0.239,0.0,0.223,-0.199,0.303,-0.145,-0.136,-0.133,0.032,0.038,0.256,-0.172,0.457,-0.29,0.134,-0.058,-0.109,-0.235,0.413,-0.29,0.092,-0.015,0.046,-0.191,-0.04,-0.288,-0.4,0.147,-0.166,-0.159,-0.339,-0.206,-0.139,-0.211,0.207,-0.147,0.463,-0.184,-0.039,-0.131,-0.38,0.668,-0.119,-0.328,0.057,-0.377,-0.169,-0.317,-0.367,-0.285,0.457,0.033,-0.298,-0.068,0.289,-0.423,0.263,0.069,0.005,-0.101,0.3,-0.249,-0.467,-0.23,0.491,0.015,0.089,-0.315,-0.163,-0.303,0.412,-0.041,-0.069,-0.132,-0.356,-0.262,-0.193,0.026,-0.129,0.327,-0.145,-0.103,0.066,-0.192,0.078,-0.01,-0.047,-0.073,0.114,0.153,-0.058,-0.271,0.159,-0.015,-0.045,0.167,-0.016,-0.315,-0.153,0.41,-0.07,0.217,-0.214,-0.283,0.247,0.866,-0.12,-0.131,0.404,-0.168,-0.212,0.661,-0.083,0.047,-0.317,0.079,-0.407,-0.337,0.016,0.093,-0.025,0.078,-0.268,-0.113,-0.094,-0.212,-0.047,0.036,0.648,-0.276,0.239,-0.425,-0.296,0.088,-0.066,-0.037,0.274,-0.29,-0.26,-0.004,-0.282,-0.202,-0.189,-0.131,-0.016,0.162,-0.296,-0.045,-0.16,-0.177,0.012,0.207,0.236,-0.118,-0.101,-0.121,-0.164,-0.051,-0.179,-0.313,-0.117,-0.141,-0.028,-0.256,-0.014,0.188,-0.249,-0.13,0.506,0.123,-0.066,0.026,0.429,-0.35
BILI,-0.495,-0.311,-0.135,0.583,-0.486,-0.529,0.437,-0.654,-0.416,-0.548,-0.435,-0.548,-0.272,-0.496,-0.437,-0.378,-0.466,0.221,-0.602,-0.197,-0.263,0.416,-0.606,-0.286,-0.322,0.619,-0.458,0.223,0.0,-0.381,0.19,-0.608,-0.541,-0.313,0.365,-0.384,0.201,-0.503,-0.408,-0.479,-0.363,-0.554,-0.43,-0.448,-0.152,-0.14,-0.328,-0.455,-0.258,-0.35,-0.306,-0.51,-0.169,-0.038,-0.722,-0.305,-0.714,-0.141,-0.677,-0.467,0.079,-0.303,-0.466,-0.757,-0.267,-0.532,-0.446,0.005,-0.425,-0.303,-0.527,0.031,-0.534,-0.654,-0.377,-0.408,0.813,-0.426,-0.442,-0.747,-0.016,-0.36,-0.25,-0.32,0.427,-0.583,-0.175,-0.512,-0.185,-0.269,0.617,-0.321,-0.322,-0.646,-0.514,-0.633,-0.285,-0.386,-0.509,-0.519,-0.484,-0.682,-0.518,-0.319,-0.492,0.213,-0.437,0.209,-0.228,-0.407,-0.393,-0.27,-0.578,-0.325,-0.37,-0.072,-0.418,-0.487,-0.343,-0.527,-0.345,0.513,-0.114,-0.526,-0.472,0.07,-0.502,0.022,-0.634,-0.911,0.637,0.073,-0.593,-0.542,0.632,-0.494,-0.463,0.108,-0.671,-0.536,-0.557,-0.389,-0.697,-0.429,-0.495,-0.599,-0.473,-0.286,-0.512,-0.054,-0.663,-0.437,-0.438,-0.155,0.324,-0.575,-0.716,-0.718,-0.437,0.186,-0.459,-0.452,-0.098,-0.507,-0.428,0.256,-0.078,-0.469,-0.407,-0.42,-0.702,-0.469,-0.265,-0.447,-0.469,-0.488,-0.367,-0.171,0.296,-0.454,-0.447,-0.468,-0.169,-0.474,-0.487,-0.781,-0.504,-0.41,0.195,-0.207,0.288,0.118,-0.599,-0.686,-0.034,-0.34,-0.512,-0.372,0.018,-0.795
BJRI,0.941,0.852,0.444,-0.898,0.66,0.818,-0.543,0.84,0.69,0.714,0.835,0.864,0.518,0.739,0.922,0.789,0.894,0.047,0.614,0.008,0.596,0.192,0.884,0.612,0.539,-0.614,0.918,-0.199,-0.381,0.0,-0.521,0.904,0.909,0.849,0.292,0.715,0.588,0.942,0.433,0.931,0.686,0.873,0.89,0.866,0.215,0.405,0.496,0.872,0.729,0.868,0.808,0.894,0.817,-0.238,0.477,0.861,0.814,0.521,0.773,0.783,0.628,0.873,0.148,0.736,0.771,0.823,0.841,-0.24,0.797,0.903,0.73,-0.067,0.901,0.8,0.842,0.854,-0.533,0.844,0.872,0.778,-0.083,0.652,0.375,0.205,-0.15,0.887,0.158,0.896,0.755,0.924,-0.79,0.759,0.612,0.523,0.912,0.896,-0.001,0.858,0.896,0.845,0.932,0.858,0.804,0.814,0.909,-0.806,0.377,-0.26,0.782,0.509,0.813,0.814,0.737,0.862,0.75,0.565,0.783,0.924,0.784,0.854,0.859,-0.665,0.581,0.905,0.93,0.39,0.898,0.15,0.867,0.467,-0.828,0.072,0.862,0.889,-0.408,0.927,0.881,-0.438,0.877,0.716,0.882,-0.01,0.69,0.907,0.788,0.691,0.861,0.715,0.927,0.084,0.606,0.886,0.894,0.757,-0.439,0.918,0.632,0.757,0.878,0.38,0.843,0.832,0.348,0.566,0.053,0.344,0.322,0.86,0.926,0.906,0.794,0.768,0.77,0.666,0.937,0.906,0.829,0.301,-0.898,0.902,0.92,0.866,0.811,0.903,0.932,0.595,0.937,0.88,-0.442,0.755,-0.519,0.443,0.916,0.764,-0.462,0.554,0.517,0.7,0.418,0.692
BLUE,-0.493,-0.766,0.195,0.611,-0.665,-0.709,0.03,-0.602,-0.339,-0.316,-0.711,-0.479,-0.769,-0.639,-0.608,-0.747,-0.689,-0.623,-0.368,0.28,-0.755,-0.438,-0.607,-0.611,-0.581,0.473,-0.691,0.303,0.19,-0.521,0.0,-0.556,-0.532,-0.733,-0.288,-0.781,-0.586,-0.502,-0.435,-0.636,-0.734,-0.658,-0.725,-0.713,-0.554,-0.168,-0.799,-0.635,-0.683,-0.765,-0.731,-0.509,-0.41,0.691,-0.116,-0.687,-0.542,-0.669,-0.663,-0.643,-0.65,-0.763,-0.28,-0.447,-0.832,-0.43,-0.702,0.222,-0.679,-0.72,-0.533,0.398,-0.636,-0.405,-0.414,-0.643,0.195,-0.626,-0.338,-0.519,0.673,-0.007,-0.676,-0.685,0.52,-0.545,-0.639,-0.691,-0.508,-0.61,0.348,-0.781,-0.628,-0.139,-0.604,-0.454,0.305,-0.744,-0.581,-0.588,-0.585,-0.589,-0.665,-0.105,-0.62,0.79,-0.209,-0.297,-0.755,0.078,-0.719,-0.751,-0.106,-0.752,-0.76,-0.717,-0.745,-0.621,-0.636,-0.63,-0.344,-0.004,-0.787,-0.56,-0.658,-0.586,-0.679,-0.24,-0.549,-0.128,0.285,0.007,-0.548,-0.682,0.041,-0.632,-0.654,0.339,-0.524,-0.522,-0.731,0.441,-0.507,-0.696,-0.729,-0.563,-0.685,-0.753,-0.678,0.366,-0.654,-0.753,-0.298,-0.778,0.296,-0.501,-0.155,-0.403,-0.691,-0.088,-0.628,-0.743,0.405,0.067,0.482,-0.055,-0.702,-0.579,-0.374,-0.703,-0.547,-0.528,-0.475,-0.775,-0.525,-0.69,-0.55,-0.371,0.542,-0.718,-0.638,-0.732,-0.448,-0.597,-0.683,-0.416,-0.566,-0.635,0.462,-0.592,0.131,-0.663,-0.531,-0.477,0.483,-0.815,-0.177,-0.267,-0.561,-0.308
