,AAL,AAON,ACB,ACGL,ACGLO,ACIW,ADBE,ADSK,AEP,AGIO,ALEC,ALNY,ALTR,AMBA,AMCX,AMKR,AMRX,ANSS,APPN,APTO,ARCT,ARWR,ASND,ASTH,ATSG,AVTX,BCPC,BEAM,BILI,BJRI,BLUE,BPOP,BRKL,BWIN,BZUN,CARG,CBRL,CBSH,CBUS,CENTA,CERS,CFFN,CHCO,CHEF,CHRD,CINF,CLLS,CMCO,CMCSA,COLL,COMM,COOP,CPB,CRON,CROX,CRUS,CRWD,CTAS,CYBR,CYTK,DGII,DIOD,DOMO,DPZ,DSGR,DXCM,ERIE,ESTA,EXEL,FAST,FCEL,FCFS,FHB,FITBI,FSV,FTDR,FUTU,GLDD,GLPG,GLPI,GOGO,GOSS,GSAT,GYRE,HALO,HAS,HLIT,HLNE,HSDT,HSIC,HTHT,ICHR,IDYA,IMVT,INDB,INSM,IONS,IOSP,ITRI,JBHT,JBLU,JSM,KLIC,KOD,KURA,LAB,LASR,LIN,LKQ,LNT,MBUU,MCRI,MDGL,MEDP,MGNI,MGPI,MGRC,MKTX,MRNA,MRTN,MSEX,MSFT,MU,NAVI,NBTB,NEO,NEOG,NGNE,NSSC,NTAP,NTES,NTLA,NTRS,NYMTN,OBLG,OCFC,ON,ONC,OPI,OSIS,OSW,PALI,PANW,PCAR,PCRX,PCTY,PEBO,PLAB,PLAY,PLMR,PLSE,PLUS,PRTA,PSEC,PSNL,PTCT,PTON,QNST,QRVO,QTTB,RARE,RBCAA,RGNX,SAIC,SGMO,SINT,SNPS,SPSC,SPTN,SSYS,STNE,TBBK,TCPC,TENB,TGTX,TREE,TRUP,TTWO,TW,TXG,UBSI,UCTT,UFPT,UMBF,UPBD,URBN,VBTX,VCTR,VEON,VNET,VRSK,VSEC,WABC,WTFCM,WVE,WW,WWD,XEL,ZD,ZYME
AAL,0.0,0.521,0.765,0.006,0.617,0.376,0.528,0.648,-0.519,0.13,0.499,0.751,0.671,0.616,0.447,0.765,0.084,0.652,0.693,0.629,0.777,0.46,0.099,0.928,0.809,-0.314,0.743,0.797,-0.463,0.832,-0.47,0.083,-0.281,0.574,0.795,0.684,0.763,-0.277,0.647,0.804,-0.069,-0.282,0.351,0.428,0.602,-0.036,0.034,0.529,0.638,0.256,0.764,0.734,-0.643,-0.045,0.9,0.708,0.653,0.021,0.538,0.175,0.056,0.806,0.536,0.486,0.546,-0.56,-0.417,0.834,-0.023,0.461,0.715,-0.05,0.274,0.119,0.842,0.625,0.749,0.676,0.087,0.809,0.476,0.301,0.446,-0.733,-0.633,-0.114,0.209,0.769,0.798,0.335,0.553,0.601,0.363,-0.394,-0.03,0.519,0.397,0.803,0.828,0.541,0.825,0.533,0.714,-0.412,0.811,0.864,0.533,0.737,0.648,-0.197,0.398,-0.193,0.345,0.751,0.227,-0.082,0.113,0.515,0.217,0.422,0.528,0.719,0.445,0.53,-0.135,0.771,0.631,0.615,0.855,0.608,0.805,0.2,0.531,0.74,0.081,0.404,0.546,0.641,0.882,0.746,0.928,-0.316,0.508,0.407,0.366,0.658,0.295,0.662,0.704,0.859,0.476,0.769,0.668,0.772,0.468,0.92,0.663,0.66,0.598,0.379,0.035,0.62,0.632,-0.446,0.816,0.125,0.617,0.718,0.24,0.562,0.482,0.35,0.795,0.572,0.602,0.648,0.719,0.238,0.722,0.734,0.171,0.217,-0.127,0.472,0.458,0.651,0.233,0.71,0.769,0.123,-0.001,0.592,-0.368,0.832,-0.449,0.075,0.6,-0.396,0.541,0.818
AAON,0.521,0.0,0.617,-0.345,0.325,0.012,0.45,0.565,0.135,0.358,0.546,0.202,0.521,0.668,0.717,0.598,0.739,0.565,0.355,0.42,0.619,0.5,-0.272,0.627,0.448,-0.213,0.775,0.551,-0.207,0.473,0.117,0.502,0.275,0.461,0.398,0.502,0.443,0.289,0.533,0.509,0.032,0.352,0.784,0.542,-0.02,0.619,-0.013,0.851,0.347,0.521,0.407,0.552,-0.15,0.459,0.455,0.532,0.599,0.521,0.36,0.53,0.475,0.611,0.731,0.394,0.584,0.017,-0.116,0.479,0.124,0.692,0.573,0.053,0.698,0.362,0.557,0.38,0.272,0.284,-0.12,0.653,0.55,0.697,0.652,-0.182,-0.178,0.109,0.131,0.459,0.16,0.414,-0.044,0.403,0.366,-0.056,0.536,0.173,0.193,0.483,0.763,0.256,0.383,0.612,0.667,0.324,0.207,0.274,0.602,0.556,0.611,0.343,0.814,0.168,-0.172,0.423,0.486,0.141,0.695,0.321,-0.354,0.441,0.566,0.603,0.257,0.355,0.145,0.547,0.284,0.216,0.444,0.486,0.221,0.567,0.678,0.383,0.482,0.436,0.527,0.013,0.605,0.375,0.45,0.381,0.274,0.326,0.622,0.586,0.606,0.615,0.714,0.728,0.696,0.513,0.366,0.355,0.837,0.42,0.708,0.651,0.178,0.53,0.393,0.647,0.668,0.194,0.636,-0.267,0.428,0.406,0.419,0.663,0.287,0.6,0.354,0.481,0.673,0.53,0.71,0.144,0.209,0.28,0.741,0.516,0.033,0.599,0.685,0.741,0.534,0.645,0.589,-0.159,0.413,0.642,0.176,0.467,0.265,0.567,-0.03,0.157,0.44,0.152
ACB,0.765,0.617,0.0,-0.046,0.804,0.527,0.832,0.87,-0.497,0.284,0.746,0.538,0.852,0.811,0.741,0.51,0.384,0.845,0.88,0.797,0.913,0.474,0.338,0.83,0.827,-0.61,0.896,0.932,-0.481,0.696,-0.522,0.281,-0.288,0.239,0.824,0.858,0.808,-0.376,0.851,0.879,0.297,-0.212,0.665,0.783,0.573,0.326,-0.307,0.718,0.793,0.507,0.588,0.851,-0.736,0.236,0.656,0.829,0.915,-0.014,0.809,0.383,-0.085,0.889,0.834,0.642,0.845,-0.313,-0.575,0.836,0.358,0.746,0.891,0.257,0.496,-0.09,0.848,0.825,0.765,0.779,-0.377,0.713,0.731,0.626,0.519,-0.621,-0.314,-0.319,-0.236,0.867,0.611,0.688,0.49,0.875,0.065,-0.226,-0.009,0.722,0.612,0.899,0.807,0.738,0.716,0.867,0.867,-0.044,0.703,0.707,0.761,0.548,0.672,-0.157,0.678,-0.303,-0.041,0.591,0.594,-0.386,0.236,0.699,-0.223,0.692,0.732,0.881,0.664,0.707,-0.305,0.872,0.777,0.706,0.776,0.821,0.782,0.605,0.505,0.831,0.48,0.724,0.825,0.257,0.867,0.816,0.62,-0.076,0.774,0.647,0.726,0.873,0.609,0.698,0.784,0.709,0.255,0.887,0.459,0.864,0.469,0.653,0.885,0.576,0.683,0.345,0.497,0.8,0.535,-0.34,0.757,0.18,0.831,0.835,0.602,0.859,0.668,0.653,0.716,0.827,0.822,0.844,0.885,0.576,0.643,0.785,0.328,0.681,-0.295,0.726,0.772,0.486,0.304,0.696,0.702,0.05,0.125,0.799,-0.448,0.743,-0.269,0.373,0.418,-0.512,0.745,0.662
ACGL,0.006,-0.345,-0.046,0.0,0.158,-0.117,-0.062,-0.146,-0.204,0.18,-0.078,0.147,-0.176,-0.085,-0.292,-0.105,-0.508,-0.071,0.095,0.162,-0.003,-0.174,0.401,-0.082,-0.06,-0.166,-0.176,-0.1,0.242,-0.186,-0.231,-0.707,-0.583,-0.407,0.139,0.067,-0.102,-0.295,0.069,-0.064,0.024,-0.663,-0.266,0.007,0.285,-0.308,0.088,-0.364,0.045,-0.128,-0.166,-0.092,-0.092,-0.371,0.016,-0.125,-0.187,-0.118,0.048,-0.166,-0.295,-0.058,-0.143,0.048,-0.133,-0.242,0.048,-0.016,0.164,-0.333,-0.086,0.235,-0.33,-0.193,0.037,0.088,0.205,0.059,-0.033,0.005,0.076,-0.173,-0.029,-0.148,-0.079,-0.243,-0.207,0.064,0.283,0.029,0.382,0.035,-0.264,0.073,-0.417,0.174,-0.086,-0.03,-0.297,-0.085,-0.198,-0.095,-0.21,-0.249,0.333,0.16,-0.162,0.101,0.148,-0.057,-0.423,0.027,0.206,-0.265,-0.144,-0.244,-0.586,0.239,0.277,0.144,-0.004,-0.127,0.154,0.28,-0.506,-0.07,0.092,0.294,-0.025,-0.104,0.265,0.003,0.028,0.077,-0.214,-0.055,-0.058,0.154,0.012,0.113,-0.031,-0.436,0.171,0.302,-0.168,-0.237,-0.146,-0.044,-0.338,-0.231,-0.154,-0.145,0.164,0.114,-0.55,-0.028,-0.21,-0.294,0.382,-0.452,-0.064,-0.271,-0.09,-0.05,0.03,0.113,0.071,-0.038,-0.082,-0.271,0.299,-0.176,0.122,-0.209,-0.111,-0.036,-0.248,0.24,0.427,0.048,-0.578,-0.298,-0.366,-0.012,-0.292,-0.347,-0.635,-0.288,-0.221,-0.335,-0.375,-0.047,-0.306,0.072,-0.325,-0.225,0.408,-0.201,-0.007,0.257
ACGLO,0.617,0.325,0.804,0.158,0.0,0.671,0.913,0.893,-0.647,0.36,0.691,0.32,0.904,0.802,0.653,0.332,0.08,0.902,0.966,0.855,0.871,0.071,0.379,0.699,0.852,-0.847,0.776,0.784,-0.592,0.697,-0.783,0.014,-0.635,-0.082,0.818,0.93,0.877,-0.734,0.824,0.894,0.087,-0.587,0.508,0.836,0.806,0.241,-0.462,0.533,0.846,0.266,0.263,0.839,-0.92,-0.169,0.435,0.903,0.827,-0.269,0.96,0.253,-0.493,0.895,0.704,0.723,0.833,-0.528,-0.598,0.602,0.659,0.711,0.904,0.448,0.298,-0.518,0.874,0.968,0.842,0.936,-0.58,0.631,0.812,0.583,0.187,-0.537,-0.282,-0.637,-0.438,0.946,0.629,0.819,0.719,0.919,-0.357,-0.425,-0.386,0.908,0.477,0.849,0.542,0.897,0.624,0.86,0.797,-0.264,0.623,0.786,0.783,0.426,0.609,-0.419,0.493,-0.543,0.011,0.446,0.724,-0.73,-0.123,0.897,-0.198,0.858,0.809,0.874,0.871,0.891,-0.7,0.859,0.958,0.819,0.703,0.861,0.853,0.598,0.255,0.961,0.473,0.838,0.908,0.16,0.791,0.939,0.464,-0.337,0.959,0.842,0.679,0.841,0.652,0.643,0.656,0.478,-0.048,0.864,0.376,0.936,0.15,0.541,0.818,0.297,0.909,0.062,0.327,0.779,0.163,-0.585,0.483,0.446,0.949,0.88,0.57,0.762,0.899,0.643,0.562,0.861,0.837,0.923,0.814,0.818,0.814,0.902,0.002,0.522,-0.582,0.781,0.725,0.296,-0.107,0.677,0.447,0.051,-0.104,0.857,-0.781,0.782,-0.633,0.334,0.502,-0.742,0.882,0.629
ACIW,0.376,0.012,0.527,-0.117,0.671,0.0,0.683,0.658,-0.662,-0.01,0.401,0.221,0.708,0.502,0.353,0.109,-0.061,0.593,0.707,0.468,0.489,-0.111,0.469,0.391,0.663,-0.56,0.446,0.595,-0.509,0.567,-0.691,0.267,-0.313,0.101,0.625,0.56,0.68,-0.662,0.491,0.672,0.178,-0.303,0.13,0.548,0.728,-0.083,-0.412,0.267,0.687,0.131,0.256,0.602,-0.753,-0.082,0.272,0.636,0.655,-0.481,0.693,0.039,-0.511,0.596,0.282,0.466,0.567,-0.365,-0.476,0.463,0.415,0.465,0.637,0.332,-0.002,-0.456,0.518,0.657,0.711,0.773,-0.38,0.239,0.428,0.189,-0.062,-0.441,-0.179,-0.337,-0.393,0.622,0.378,0.45,0.623,0.672,-0.326,-0.34,-0.439,0.765,0.573,0.66,0.388,0.817,0.656,0.519,0.568,-0.144,0.476,0.505,0.581,0.194,0.159,-0.589,0.348,-0.413,0.235,0.493,0.412,-0.545,-0.218,0.494,-0.019,0.413,0.435,0.59,0.629,0.485,-0.365,0.589,0.748,0.593,0.618,0.712,0.644,0.127,-0.223,0.668,0.169,0.62,0.589,0.285,0.39,0.609,0.324,-0.355,0.644,0.407,0.262,0.597,0.313,0.383,0.474,0.227,-0.391,0.727,0.061,0.695,-0.026,0.397,0.486,0.161,0.601,0.256,0.148,0.467,-0.037,-0.627,0.184,0.517,0.648,0.752,0.444,0.537,0.483,0.233,0.369,0.716,0.454,0.543,0.547,0.521,0.435,0.744,-0.071,0.447,-0.124,0.444,0.426,0.077,0.109,0.444,0.389,0.518,0.006,0.464,-0.613,0.431,-0.548,0.0,0.346,-0.724,0.589,0.479
ADBE,0.528,0.45,0.832,-0.062,0.913,0.683,0.0,0.969,-0.439,0.453,0.8,0.168,0.938,0.897,0.836,0.345,0.351,0.967,0.923,0.833,0.87,0.076,0.272,0.656,0.813,-0.838,0.841,0.807,-0.509,0.68,-0.592,0.288,-0.436,-0.04,0.792,0.93,0.853,-0.585,0.81,0.863,0.148,-0.352,0.647,0.902,0.668,0.451,-0.453,0.716,0.845,0.393,0.199,0.899,-0.83,0.094,0.348,0.893,0.904,-0.1,0.966,0.349,-0.34,0.9,0.823,0.765,0.925,-0.349,-0.532,0.561,0.72,0.878,0.913,0.569,0.474,-0.405,0.832,0.949,0.764,0.873,-0.663,0.629,0.882,0.752,0.256,-0.339,-0.156,-0.528,-0.422,0.902,0.477,0.889,0.585,0.926,-0.361,-0.302,-0.216,0.87,0.44,0.786,0.606,0.898,0.575,0.929,0.874,-0.023,0.453,0.615,0.904,0.389,0.624,-0.215,0.694,-0.419,-0.136,0.443,0.869,-0.701,0.047,0.881,-0.399,0.883,0.881,0.939,0.894,0.864,-0.577,0.822,0.884,0.707,0.631,0.904,0.703,0.722,0.302,0.88,0.593,0.929,0.968,-0.039,0.731,0.857,0.364,-0.166,0.936,0.819,0.791,0.927,0.777,0.706,0.756,0.47,0.017,0.852,0.278,0.876,0.296,0.446,0.9,0.323,0.813,0.171,0.464,0.842,0.206,-0.418,0.502,0.306,0.973,0.845,0.673,0.905,0.868,0.747,0.535,0.944,0.906,0.942,0.892,0.846,0.673,0.853,0.263,0.727,-0.522,0.868,0.879,0.39,0.098,0.767,0.49,0.11,0.159,0.912,-0.617,0.668,-0.415,0.529,0.35,-0.567,0.939,0.41
ADSK,0.648,0.565,0.87,-0.146,0.893,0.658,0.969,0.0,-0.414,0.381,0.787,0.258,0.956,0.922,0.864,0.469,0.404,0.98,0.909,0.833,0.912,0.2,0.214,0.785,0.896,-0.75,0.905,0.848,-0.566,0.785,-0.547,0.384,-0.358,0.155,0.82,0.946,0.908,-0.488,0.818,0.922,0.096,-0.261,0.688,0.88,0.627,0.475,-0.366,0.792,0.822,0.38,0.357,0.946,-0.8,0.142,0.503,0.928,0.932,0.01,0.929,0.303,-0.221,0.946,0.847,0.757,0.912,-0.379,-0.548,0.651,0.592,0.892,0.939,0.486,0.554,-0.279,0.888,0.935,0.771,0.878,-0.532,0.748,0.863,0.756,0.353,-0.426,-0.295,-0.441,-0.319,0.935,0.53,0.83,0.547,0.889,-0.186,-0.369,-0.106,0.818,0.432,0.845,0.758,0.875,0.654,0.936,0.909,-0.053,0.497,0.683,0.931,0.529,0.699,-0.175,0.763,-0.386,-0.086,0.555,0.829,-0.558,0.152,0.836,-0.368,0.827,0.856,0.973,0.826,0.828,-0.434,0.891,0.884,0.67,0.697,0.907,0.721,0.687,0.406,0.887,0.575,0.897,0.945,0.065,0.829,0.872,0.518,-0.093,0.878,0.746,0.768,0.965,0.769,0.731,0.87,0.628,0.163,0.896,0.383,0.885,0.434,0.578,0.947,0.482,0.776,0.291,0.414,0.906,0.342,-0.414,0.608,0.229,0.956,0.858,0.65,0.936,0.806,0.766,0.612,0.948,0.93,0.959,0.961,0.737,0.692,0.864,0.363,0.692,-0.406,0.868,0.9,0.552,0.247,0.866,0.575,0.088,0.236,0.944,-0.545,0.756,-0.376,0.537,0.331,-0.503,0.918,0.468
AEP,-0.519,0.135,-0.497,-0.204,-0.647,-0.662,-0.439,-0.414,0.0,0.079,-0.277,-0.588,-0.549,-0.263,-0.013,-0.072,0.416,-0.393,-0.704,-0.472,-0.476,-0.074,-0.543,-0.431,-0.566,0.496,-0.307,-0.585,0.525,-0.503,0.88,0.281,0.587,-0.011,-0.589,-0.451,-0.611,0.795,-0.486,-0.626,-0.171,0.631,0.064,-0.312,-0.822,0.42,0.458,0.05,-0.604,0.021,-0.362,-0.405,0.821,0.472,-0.405,-0.564,-0.465,0.74,-0.57,-0.042,0.646,-0.497,-0.117,-0.368,-0.399,0.552,0.541,-0.563,-0.205,-0.148,-0.531,0.064,0.295,0.536,-0.518,-0.584,-0.738,-0.722,0.24,-0.187,-0.214,0.098,0.119,0.743,0.276,0.436,0.309,-0.6,-0.636,-0.289,-0.732,-0.611,0.19,0.457,0.569,-0.701,-0.655,-0.682,-0.227,-0.655,-0.666,-0.343,-0.407,0.53,-0.758,-0.728,-0.235,-0.091,-0.066,0.856,0.063,0.527,-0.369,-0.481,-0.099,0.52,0.348,-0.429,-0.288,-0.345,-0.322,-0.422,-0.48,-0.459,0.509,-0.546,-0.698,-0.718,-0.661,-0.513,-0.812,0.038,0.22,-0.688,0.071,-0.349,-0.432,-0.571,-0.447,-0.675,-0.458,0.582,-0.601,-0.402,-0.164,-0.394,-0.058,-0.246,-0.219,-0.264,0.36,-0.659,-0.247,-0.713,0.156,-0.529,-0.32,-0.115,-0.634,0.068,-0.032,-0.292,0.007,0.761,-0.223,-0.632,-0.504,-0.718,-0.236,-0.227,-0.448,-0.043,-0.381,-0.47,-0.29,-0.442,-0.346,-0.386,-0.563,-0.709,0.457,-0.149,0.283,-0.213,-0.15,0.081,0.244,-0.223,-0.394,-0.354,0.528,-0.259,0.781,-0.479,0.764,0.365,-0.578,0.957,-0.404,-0.829
AGIO,0.13,0.358,0.284,0.18,0.36,-0.01,0.453,0.381,0.079,0.0,0.662,-0.016,0.359,0.479,0.503,0.237,0.347,0.481,0.351,0.478,0.467,-0.005,-0.073,0.169,0.13,-0.579,0.442,0.291,0.234,0.155,0.104,-0.048,-0.193,-0.219,0.418,0.468,0.213,-0.047,0.307,0.276,0.066,-0.221,0.495,0.494,0.273,0.448,-0.157,0.469,0.468,0.493,-0.357,0.423,-0.257,0.141,-0.04,0.388,0.277,0.251,0.415,0.574,-0.004,0.385,0.486,0.31,0.562,-0.111,0.078,0.138,0.693,0.558,0.388,0.53,0.37,0.061,0.429,0.46,0.238,0.254,-0.551,0.375,0.713,0.683,0.333,0.238,0.051,-0.134,-0.08,0.37,0.24,0.573,0.377,0.406,-0.334,0.161,0.018,0.431,0.017,0.086,0.124,0.243,-0.021,0.44,0.51,0.333,0.081,0.123,0.455,0.138,0.558,0.322,0.383,0.273,-0.17,0.014,0.627,-0.469,-0.007,0.529,-0.306,0.674,0.711,0.468,0.601,0.595,-0.528,0.125,0.218,0.396,0.142,0.374,0.191,0.677,0.426,0.312,0.332,0.572,0.551,-0.307,0.253,0.331,-0.062,-0.086,0.461,0.728,0.578,0.313,0.662,0.577,0.228,0.101,0.341,0.203,0.387,0.337,0.315,0.028,0.399,-0.063,0.452,-0.041,0.462,0.366,0.337,0.281,0.402,-0.063,0.472,0.278,0.405,0.386,0.64,0.463,0.148,0.269,0.572,0.437,0.366,0.611,0.271,0.221,0.319,0.42,-0.567,0.665,0.545,0.285,-0.246,0.367,0.102,-0.334,0.141,0.51,-0.099,0.177,-0.045,0.41,0.246,-0.003,0.634,-0.064
ALEC,0.499,0.546,0.746,-0.078,0.691,0.401,0.8,0.787,-0.277,0.662,0.0,0.282,0.769,0.738,0.81,0.297,0.495,0.811,0.742,0.765,0.844,0.38,0.2,0.596,0.613,-0.668,0.774,0.749,-0.218,0.525,-0.28,0.258,-0.33,0.008,0.689,0.809,0.673,-0.266,0.669,0.714,0.311,-0.217,0.741,0.735,0.481,0.526,-0.46,0.782,0.68,0.549,0.142,0.82,-0.607,0.18,0.295,0.749,0.733,0.06,0.755,0.53,-0.171,0.754,0.833,0.723,0.88,-0.173,-0.516,0.538,0.653,0.843,0.735,0.426,0.632,-0.113,0.717,0.788,0.577,0.624,-0.675,0.664,0.825,0.807,0.486,-0.218,-0.148,-0.408,-0.275,0.748,0.485,0.853,0.474,0.773,-0.104,-0.166,0.119,0.71,0.484,0.634,0.539,0.613,0.412,0.831,0.814,0.183,0.357,0.471,0.691,0.305,0.626,0.034,0.653,-0.201,-0.336,0.313,0.813,-0.556,0.26,0.774,-0.503,0.858,0.883,0.845,0.747,0.804,-0.444,0.587,0.625,0.587,0.479,0.666,0.555,0.81,0.447,0.701,0.624,0.819,0.844,-0.119,0.681,0.744,0.297,-0.033,0.767,0.758,0.862,0.808,0.84,0.654,0.647,0.511,0.281,0.694,0.489,0.693,0.501,0.325,0.841,0.404,0.607,0.061,0.636,0.789,0.482,-0.048,0.678,0.101,0.783,0.648,0.701,0.793,0.772,0.79,0.445,0.721,0.855,0.827,0.798,0.695,0.517,0.614,0.477,0.732,-0.6,0.846,0.845,0.466,0.065,0.665,0.429,-0.012,0.074,0.802,-0.336,0.488,-0.161,0.571,0.265,-0.346,0.835,0.296
ALNY,0.751,0.202,0.538,0.147,0.32,0.221,0.168,0.258,-0.588,-0.016,0.282,0.0,0.325,0.207,-0.001,0.498,-0.161,0.253,0.44,0.355,0.441,0.52,0.341,0.596,0.456,-0.075,0.38,0.593,-0.171,0.5,-0.361,-0.125,-0.238,0.474,0.57,0.324,0.434,-0.16,0.375,0.51,0.229,-0.256,0.013,0.13,0.477,-0.341,-0.006,0.127,0.412,0.16,0.689,0.356,-0.423,-0.044,0.718,0.388,0.351,-0.124,0.226,0.089,0.024,0.437,0.17,0.194,0.228,-0.362,-0.311,0.761,-0.211,0.058,0.384,-0.298,-0.019,0.182,0.489,0.306,0.539,0.383,0.205,0.434,0.114,-0.096,0.368,-0.739,-0.454,0.054,0.223,0.438,0.687,0.041,0.463,0.364,0.405,-0.169,-0.061,0.31,0.523,0.566,0.487,0.232,0.639,0.18,0.394,-0.325,0.797,0.663,0.099,0.44,0.336,-0.288,0.002,-0.076,0.353,0.563,-0.139,0.023,-0.009,0.176,0.429,0.094,0.199,0.355,0.168,0.238,-0.012,0.422,0.32,0.496,0.687,0.299,0.68,-0.085,0.34,0.456,-0.15,0.091,0.205,0.717,0.576,0.467,0.701,-0.378,0.255,0.151,0.085,0.281,-0.043,0.334,0.281,0.57,0.261,0.496,0.651,0.525,0.249,0.68,0.277,0.461,0.36,0.262,0.063,0.233,0.548,-0.286,0.643,0.21,0.26,0.493,0.119,0.185,0.178,0.004,0.626,0.207,0.198,0.273,0.338,0.012,0.444,0.458,-0.057,0.063,0.023,0.123,0.088,0.268,0.09,0.258,0.559,0.123,-0.211,0.159,-0.214,0.494,-0.324,-0.276,0.573,-0.415,0.194,0.806
ALTR,0.671,0.521,0.852,-0.176,0.904,0.708,0.938,0.956,-0.549,0.359,0.769,0.325,0.0,0.883,0.784,0.458,0.324,0.948,0.931,0.778,0.893,0.183,0.213,0.756,0.875,-0.772,0.887,0.875,-0.626,0.812,-0.643,0.306,-0.352,0.165,0.81,0.9,0.927,-0.56,0.804,0.936,0.105,-0.291,0.618,0.832,0.706,0.348,-0.447,0.721,0.858,0.396,0.356,0.902,-0.872,0.035,0.503,0.957,0.921,-0.16,0.926,0.386,-0.272,0.945,0.781,0.742,0.898,-0.439,-0.544,0.671,0.578,0.871,0.963,0.375,0.416,-0.346,0.893,0.928,0.802,0.908,-0.526,0.666,0.811,0.663,0.254,-0.478,-0.255,-0.415,-0.267,0.922,0.548,0.795,0.586,0.913,-0.199,-0.426,-0.162,0.841,0.527,0.87,0.712,0.914,0.764,0.892,0.938,-0.123,0.543,0.727,0.879,0.437,0.592,-0.331,0.7,-0.436,0.006,0.634,0.766,-0.59,0.144,0.801,-0.259,0.806,0.858,0.949,0.827,0.793,-0.471,0.888,0.898,0.727,0.772,0.937,0.775,0.6,0.299,0.924,0.506,0.858,0.941,0.154,0.8,0.885,0.528,-0.197,0.873,0.736,0.767,0.936,0.704,0.739,0.799,0.652,0.093,0.948,0.353,0.905,0.431,0.607,0.915,0.471,0.778,0.281,0.377,0.855,0.293,-0.497,0.559,0.329,0.931,0.921,0.643,0.879,0.783,0.68,0.561,0.941,0.897,0.927,0.939,0.703,0.661,0.894,0.282,0.676,-0.404,0.803,0.862,0.504,0.17,0.825,0.626,0.209,0.124,0.881,-0.611,0.733,-0.468,0.406,0.387,-0.621,0.898,0.541
AMBA,0.616,0.668,0.811,-0.085,0.802,0.502,0.897,0.922,-0.263,0.479,0.738,0.207,0.883,0.0,0.865,0.577,0.52,0.945,0.81,0.715,0.837,0.173,0.074,0.706,0.772,-0.678,0.902,0.801,-0.377,0.727,-0.428,0.359,-0.223,0.191,0.758,0.849,0.82,-0.348,0.792,0.835,0.059,-0.169,0.685,0.869,0.536,0.501,-0.258,0.822,0.757,0.515,0.306,0.865,-0.684,0.186,0.491,0.87,0.898,0.161,0.851,0.456,0.001,0.925,0.847,0.767,0.863,-0.272,-0.312,0.573,0.58,0.873,0.908,0.432,0.506,-0.18,0.857,0.837,0.717,0.746,-0.436,0.695,0.865,0.758,0.38,-0.305,-0.157,-0.265,-0.176,0.828,0.421,0.783,0.432,0.831,-0.161,-0.256,0.002,0.693,0.324,0.762,0.737,0.776,0.605,0.879,0.883,0.049,0.424,0.579,0.929,0.533,0.688,-0.041,0.788,-0.199,-0.029,0.58,0.798,-0.437,0.223,0.786,-0.295,0.805,0.887,0.92,0.786,0.784,-0.387,0.851,0.764,0.633,0.66,0.893,0.645,0.692,0.526,0.799,0.516,0.819,0.918,0.01,0.751,0.77,0.47,-0.053,0.788,0.73,0.764,0.901,0.717,0.855,0.809,0.634,0.28,0.828,0.326,0.785,0.5,0.521,0.9,0.439,0.726,0.345,0.433,0.802,0.353,-0.268,0.583,0.153,0.902,0.809,0.665,0.897,0.761,0.696,0.555,0.887,0.886,0.876,0.913,0.663,0.632,0.783,0.415,0.7,-0.34,0.824,0.871,0.607,0.236,0.844,0.628,0.072,0.333,0.913,-0.39,0.663,-0.25,0.559,0.311,-0.339,0.858,0.381
AMCX,0.447,0.717,0.741,-0.292,0.653,0.353,0.836,0.864,-0.013,0.503,0.81,-0.001,0.784,0.865,0.0,0.391,0.714,0.858,0.662,0.674,0.8,0.302,-0.005,0.631,0.657,-0.59,0.848,0.694,-0.354,0.548,-0.175,0.507,-0.075,0.109,0.578,0.798,0.673,-0.145,0.656,0.693,0.145,0.036,0.847,0.798,0.267,0.744,-0.294,0.924,0.586,0.556,0.186,0.831,-0.493,0.346,0.322,0.737,0.802,0.274,0.74,0.468,0.048,0.777,0.925,0.695,0.864,-0.097,-0.392,0.435,0.574,0.93,0.771,0.473,0.758,-0.061,0.706,0.736,0.465,0.573,-0.553,0.696,0.839,0.921,0.48,-0.084,-0.122,-0.302,-0.255,0.713,0.259,0.802,0.215,0.712,-0.067,-0.172,0.252,0.559,0.261,0.611,0.693,0.639,0.389,0.905,0.814,0.236,0.169,0.359,0.856,0.4,0.667,0.196,0.888,-0.176,-0.348,0.366,0.875,-0.373,0.431,0.698,-0.618,0.783,0.83,0.851,0.661,0.688,-0.259,0.698,0.619,0.384,0.415,0.72,0.387,0.849,0.515,0.623,0.708,0.806,0.846,-0.25,0.681,0.632,0.304,0.253,0.674,0.645,0.871,0.87,0.84,0.694,0.815,0.581,0.36,0.678,0.274,0.604,0.593,0.33,0.907,0.445,0.492,0.264,0.56,0.86,0.419,-0.037,0.574,-0.079,0.784,0.584,0.682,0.923,0.667,0.862,0.39,0.801,0.9,0.839,0.878,0.599,0.419,0.564,0.65,0.773,-0.389,0.84,0.936,0.638,0.339,0.792,0.473,-0.049,0.385,0.893,-0.221,0.516,-0.002,0.754,0.028,-0.126,0.802,0.1
AMKR,0.765,0.598,0.51,-0.105,0.332,0.109,0.345,0.469,-0.072,0.237,0.297,0.498,0.458,0.577,0.391,0.0,0.234,0.522,0.369,0.343,0.502,0.183,-0.352,0.714,0.517,-0.135,0.641,0.495,-0.158,0.694,-0.086,0.191,0.034,0.656,0.583,0.461,0.498,0.049,0.439,0.526,-0.375,-0.007,0.278,0.318,0.323,0.064,0.413,0.51,0.425,0.282,0.543,0.51,-0.312,0.123,0.718,0.503,0.452,0.353,0.283,0.214,0.449,0.637,0.409,0.223,0.342,-0.403,0.095,0.53,-0.102,0.388,0.52,0.047,0.271,0.373,0.665,0.348,0.484,0.379,0.301,0.659,0.38,0.284,0.382,-0.409,-0.433,0.217,0.533,0.491,0.446,0.144,0.277,0.329,0.325,-0.183,0.089,0.199,-0.052,0.448,0.723,0.286,0.585,0.313,0.595,-0.212,0.491,0.585,0.52,0.784,0.629,0.146,0.41,0.16,0.387,0.652,0.171,0.147,0.178,0.312,0.273,0.236,0.41,0.54,0.279,0.3,0.064,0.563,0.324,0.424,0.654,0.464,0.45,0.112,0.622,0.447,-0.031,0.241,0.362,0.472,0.609,0.416,0.764,-0.16,0.227,0.24,0.211,0.45,0.208,0.703,0.632,0.731,0.697,0.469,0.509,0.462,0.57,0.746,0.468,0.531,0.366,0.564,-0.159,0.392,0.557,-0.198,0.621,-0.04,0.408,0.485,0.036,0.41,0.284,0.198,0.636,0.382,0.461,0.42,0.557,0.088,0.487,0.491,0.297,0.088,0.118,0.363,0.364,0.684,0.333,0.65,0.664,0.023,0.318,0.463,-0.015,0.636,-0.189,0.18,0.432,0.034,0.395,0.458
AMRX,0.084,0.739,0.384,-0.508,0.08,-0.061,0.351,0.404,0.416,0.347,0.495,-0.161,0.324,0.52,0.714,0.234,0.0,0.393,0.122,0.153,0.341,0.399,-0.249,0.224,0.142,-0.104,0.543,0.341,0.017,0.13,0.348,0.669,0.466,0.198,0.08,0.264,0.175,0.435,0.255,0.218,0.252,0.605,0.754,0.44,-0.29,0.782,-0.164,0.78,0.132,0.618,0.117,0.356,0.085,0.658,0.066,0.293,0.456,0.539,0.215,0.532,0.534,0.322,0.672,0.318,0.496,0.38,-0.023,0.198,0.213,0.657,0.337,0.149,0.705,0.308,0.215,0.171,-0.06,-0.009,-0.292,0.309,0.433,0.683,0.477,0.234,0.215,0.184,-0.009,0.15,-0.246,0.407,-0.356,0.271,0.208,0.195,0.695,-0.011,0.11,0.204,0.464,0.117,0.059,0.521,0.463,0.631,-0.225,-0.187,0.483,0.128,0.314,0.508,0.799,0.213,-0.516,0.141,0.533,0.125,0.748,0.151,-0.646,0.336,0.443,0.416,0.129,0.176,0.272,0.255,0.021,-0.079,0.038,0.307,-0.135,0.617,0.518,0.072,0.589,0.379,0.412,-0.439,0.248,0.077,-0.005,0.634,0.125,0.175,0.631,0.469,0.566,0.431,0.498,0.374,0.456,0.26,0.022,0.059,0.745,-0.041,0.55,0.398,-0.088,0.411,0.564,0.487,0.403,0.448,0.304,-0.36,0.252,0.14,0.564,0.591,0.097,0.566,0.031,0.385,0.493,0.333,0.497,0.09,-0.153,-0.002,0.877,0.713,0.041,0.471,0.664,0.505,0.573,0.44,0.353,-0.126,0.55,0.461,0.395,0.023,0.586,0.644,-0.378,0.349,0.297,-0.284
ANSS,0.652,0.565,0.845,-0.071,0.902,0.593,0.967,0.98,-0.393,0.481,0.811,0.253,0.948,0.945,0.858,0.522,0.393,0.0,0.908,0.829,0.912,0.15,0.149,0.766,0.851,-0.776,0.906,0.83,-0.492,0.778,-0.548,0.287,-0.411,0.103,0.824,0.949,0.897,-0.499,0.829,0.902,0.045,-0.329,0.673,0.878,0.656,0.464,-0.345,0.786,0.828,0.413,0.295,0.932,-0.805,0.088,0.477,0.926,0.907,0.022,0.934,0.364,-0.2,0.957,0.86,0.785,0.916,-0.398,-0.477,0.614,0.639,0.893,0.939,0.494,0.528,-0.288,0.913,0.941,0.777,0.862,-0.544,0.751,0.895,0.765,0.339,-0.393,-0.253,-0.449,-0.259,0.931,0.539,0.864,0.569,0.893,-0.23,-0.365,-0.13,0.814,0.373,0.814,0.708,0.854,0.627,0.923,0.917,-0.073,0.49,0.691,0.93,0.528,0.719,-0.145,0.723,-0.364,-0.075,0.528,0.845,-0.587,0.125,0.89,-0.331,0.881,0.912,0.978,0.862,0.872,-0.508,0.869,0.869,0.71,0.691,0.901,0.73,0.711,0.446,0.9,0.565,0.888,0.962,0.041,0.821,0.886,0.502,-0.159,0.898,0.802,0.789,0.949,0.772,0.791,0.83,0.617,0.211,0.869,0.389,0.881,0.427,0.559,0.937,0.431,0.811,0.236,0.398,0.873,0.319,-0.395,0.603,0.243,0.971,0.854,0.645,0.91,0.861,0.76,0.602,0.932,0.939,0.966,0.944,0.773,0.733,0.87,0.33,0.67,-0.486,0.883,0.895,0.542,0.137,0.861,0.569,0.063,0.197,0.948,-0.557,0.755,-0.406,0.559,0.39,-0.483,0.942,0.459
APPN,0.693,0.355,0.88,0.095,0.966,0.707,0.923,0.909,-0.704,0.351,0.742,0.44,0.931,0.81,0.662,0.369,0.122,0.908,0.0,0.859,0.903,0.185,0.417,0.742,0.869,-0.818,0.813,0.885,-0.576,0.74,-0.776,0.066,-0.578,0.02,0.877,0.923,0.9,-0.714,0.849,0.933,0.181,-0.537,0.512,0.806,0.83,0.19,-0.471,0.56,0.901,0.336,0.357,0.879,-0.946,-0.101,0.526,0.919,0.886,-0.279,0.959,0.296,-0.438,0.917,0.723,0.734,0.868,-0.515,-0.616,0.72,0.592,0.73,0.935,0.389,0.284,-0.436,0.895,0.968,0.883,0.951,-0.547,0.645,0.793,0.561,0.229,-0.597,-0.311,-0.542,-0.388,0.958,0.691,0.792,0.738,0.951,-0.272,-0.403,-0.346,0.928,0.578,0.895,0.612,0.913,0.72,0.861,0.853,-0.245,0.705,0.808,0.782,0.42,0.602,-0.421,0.519,-0.491,0.049,0.552,0.684,-0.689,-0.082,0.862,-0.156,0.825,0.819,0.908,0.871,0.863,-0.635,0.871,0.944,0.835,0.785,0.894,0.897,0.57,0.273,0.962,0.423,0.835,0.914,0.24,0.818,0.943,0.529,-0.359,0.952,0.816,0.695,0.874,0.62,0.681,0.678,0.547,-0.025,0.92,0.414,0.976,0.22,0.614,0.841,0.345,0.896,0.119,0.372,0.777,0.255,-0.573,0.576,0.43,0.955,0.931,0.598,0.799,0.865,0.609,0.642,0.889,0.836,0.916,0.846,0.787,0.788,0.931,0.046,0.597,-0.53,0.766,0.743,0.337,-0.022,0.706,0.568,0.133,-0.069,0.831,-0.755,0.766,-0.605,0.273,0.555,-0.764,0.882,0.697
APTO,0.629,0.42,0.797,0.162,0.855,0.468,0.833,0.833,-0.472,0.478,0.765,0.355,0.778,0.715,0.674,0.343,0.153,0.829,0.859,0.0,0.897,0.241,0.308,0.742,0.794,-0.771,0.768,0.725,-0.471,0.625,-0.513,0.09,-0.566,-0.05,0.794,0.922,0.765,-0.499,0.811,0.829,0.101,-0.499,0.624,0.77,0.649,0.377,-0.348,0.586,0.758,0.223,0.272,0.837,-0.742,0.006,0.435,0.817,0.718,-0.032,0.835,0.188,-0.381,0.815,0.735,0.634,0.802,-0.476,-0.593,0.633,0.56,0.702,0.79,0.484,0.524,-0.267,0.822,0.898,0.712,0.816,-0.559,0.759,0.817,0.686,0.395,-0.457,-0.394,-0.592,-0.404,0.906,0.693,0.786,0.66,0.81,-0.208,-0.283,-0.214,0.814,0.392,0.731,0.587,0.712,0.455,0.819,0.749,-0.134,0.589,0.722,0.718,0.476,0.761,-0.162,0.515,-0.339,-0.148,0.317,0.708,-0.632,-0.066,0.833,-0.333,0.83,0.77,0.835,0.786,0.868,-0.588,0.732,0.807,0.702,0.605,0.696,0.722,0.689,0.431,0.84,0.504,0.829,0.826,0.087,0.818,0.857,0.479,-0.238,0.857,0.817,0.678,0.774,0.752,0.56,0.683,0.496,0.189,0.734,0.567,0.856,0.267,0.54,0.807,0.382,0.821,0.02,0.382,0.823,0.382,-0.338,0.662,0.241,0.859,0.718,0.499,0.744,0.845,0.742,0.643,0.711,0.839,0.886,0.787,0.765,0.769,0.746,0.174,0.487,-0.59,0.847,0.737,0.396,-0.004,0.687,0.388,-0.2,-0.044,0.851,-0.581,0.761,-0.441,0.435,0.432,-0.54,0.851,0.549
ARCT,0.777,0.619,0.913,-0.003,0.871,0.489,0.87,0.912,-0.476,0.467,0.844,0.441,0.893,0.837,0.8,0.502,0.341,0.912,0.903,0.897,0.0,0.408,0.23,0.876,0.876,-0.706,0.909,0.882,-0.506,0.749,-0.509,0.184,-0.432,0.174,0.856,0.953,0.862,-0.432,0.819,0.913,0.134,-0.356,0.725,0.797,0.628,0.41,-0.326,0.771,0.802,0.443,0.446,0.923,-0.782,0.072,0.612,0.895,0.852,0.009,0.857,0.367,-0.195,0.931,0.868,0.703,0.888,-0.445,-0.614,0.766,0.5,0.817,0.9,0.352,0.567,-0.139,0.922,0.913,0.778,0.836,-0.48,0.844,0.849,0.753,0.519,-0.545,-0.396,-0.452,-0.264,0.948,0.698,0.788,0.616,0.871,0.001,-0.323,-0.034,0.793,0.494,0.868,0.775,0.759,0.646,0.908,0.9,-0.122,0.655,0.763,0.805,0.582,0.775,-0.136,0.683,-0.331,-0.065,0.527,0.72,-0.486,0.18,0.835,-0.314,0.839,0.848,0.939,0.755,0.854,-0.46,0.851,0.84,0.73,0.724,0.801,0.793,0.706,0.504,0.89,0.529,0.815,0.889,0.199,0.922,0.907,0.636,-0.13,0.842,0.78,0.784,0.894,0.755,0.715,0.824,0.727,0.336,0.869,0.563,0.892,0.472,0.677,0.933,0.552,0.772,0.185,0.443,0.893,0.554,-0.34,0.788,0.141,0.894,0.811,0.6,0.849,0.822,0.758,0.653,0.825,0.929,0.941,0.919,0.666,0.751,0.807,0.331,0.601,-0.492,0.853,0.83,0.594,0.132,0.803,0.624,-0.059,0.043,0.909,-0.529,0.809,-0.385,0.449,0.418,-0.504,0.869,0.61
ARWR,0.46,0.5,0.474,-0.174,0.071,-0.111,0.076,0.2,-0.074,-0.005,0.38,0.52,0.183,0.173,0.302,0.183,0.399,0.15,0.185,0.241,0.408,0.0,0.187,0.462,0.272,0.101,0.379,0.469,-0.041,0.238,0.097,0.234,0.155,0.409,0.226,0.204,0.239,0.274,0.27,0.309,0.492,0.249,0.452,0.051,-0.092,0.229,-0.097,0.432,0.124,0.407,0.551,0.327,-0.036,0.296,0.519,0.206,0.294,0.276,0.065,0.213,0.282,0.237,0.414,0.209,0.264,0.16,-0.366,0.58,-0.191,0.253,0.233,-0.304,0.438,0.395,0.247,0.141,0.109,0.061,0.049,0.459,0.138,0.267,0.621,-0.352,-0.308,0.144,-0.006,0.227,0.348,0.114,-0.087,0.174,0.62,-0.02,0.533,0.037,0.456,0.384,0.528,-0.005,0.302,0.31,0.289,0.137,0.317,0.194,0.092,0.222,0.312,0.199,0.358,0.039,-0.204,0.321,0.04,0.279,0.544,0.034,-0.188,0.088,0.168,0.282,-0.071,0.098,0.296,0.282,0.068,0.038,0.262,0.104,0.226,0.275,0.457,0.159,0.183,0.085,0.143,0.18,0.469,0.217,0.398,0.315,0.048,0.02,0.353,0.309,0.19,0.135,0.352,0.588,0.443,0.316,0.44,0.186,0.517,0.348,0.386,0.555,-0.049,0.165,0.471,0.373,0.678,0.246,0.647,-0.315,0.096,0.145,0.314,0.321,-0.005,0.295,0.332,0.149,0.272,0.235,0.363,-0.142,0.047,0.068,0.487,0.347,0.033,0.177,0.297,0.487,0.393,0.272,0.411,-0.143,0.072,0.204,0.178,0.217,0.31,0.121,-0.042,0.05,0.079,0.325
ASND,0.099,-0.272,0.338,0.401,0.379,0.469,0.272,0.214,-0.543,-0.073,0.2,0.341,0.213,0.074,-0.005,-0.352,-0.249,0.149,0.417,0.308,0.23,0.187,0.0,0.073,0.266,-0.29,0.038,0.372,-0.151,0.013,-0.497,-0.139,-0.427,-0.271,0.303,0.249,0.234,-0.471,0.241,0.279,0.721,-0.374,-0.055,0.292,0.397,-0.203,-0.449,-0.101,0.336,0.121,0.155,0.213,-0.395,-0.008,0.127,0.183,0.283,-0.407,0.357,-0.074,-0.525,0.148,0.082,0.299,0.231,-0.022,-0.526,0.389,0.275,0.005,0.214,0.142,-0.106,-0.376,0.119,0.343,0.385,0.345,-0.332,0.006,0.17,-0.043,0.142,-0.363,-0.059,-0.355,-0.546,0.289,0.335,0.267,0.412,0.393,-0.203,0.002,-0.31,0.469,0.681,0.396,-0.004,0.345,0.197,0.251,0.096,-0.038,0.419,0.211,0.075,-0.098,-0.017,-0.407,-0.085,-0.333,0.01,0.016,0.073,-0.418,-0.28,0.261,-0.004,0.204,0.098,0.173,0.302,0.309,-0.334,0.213,0.379,0.337,0.189,0.237,0.463,0.121,-0.142,0.306,0.089,0.253,0.231,0.145,0.185,0.325,0.022,-0.248,0.416,0.249,0.104,0.195,0.027,-0.054,-0.041,-0.1,-0.515,0.31,0.121,0.382,-0.375,0.057,0.131,-0.036,0.382,-0.201,0.46,0.113,0.005,-0.241,0.155,0.387,0.291,0.306,0.423,0.177,0.276,0.077,0.229,0.243,0.078,0.206,0.109,0.335,0.286,0.31,-0.27,0.286,-0.24,0.113,0.053,-0.317,-0.15,-0.1,0.009,0.147,-0.259,0.1,-0.437,0.116,-0.289,-0.154,0.231,-0.576,0.192,0.393
ASTH,0.928,0.627,0.83,-0.082,0.699,0.391,0.656,0.785,-0.431,0.169,0.596,0.596,0.756,0.706,0.631,0.714,0.224,0.766,0.742,0.742,0.876,0.462,0.073,0.0,0.903,-0.408,0.829,0.804,-0.552,0.848,-0.433,0.226,-0.287,0.506,0.798,0.813,0.826,-0.274,0.711,0.865,-0.09,-0.242,0.534,0.572,0.532,0.216,-0.006,0.677,0.639,0.263,0.714,0.832,-0.649,0.06,0.847,0.779,0.725,0.119,0.633,0.13,0.009,0.864,0.692,0.546,0.653,-0.544,-0.527,0.804,0.098,0.613,0.78,0.125,0.499,0.071,0.891,0.725,0.731,0.737,-0.057,0.904,0.614,0.51,0.53,-0.698,-0.634,-0.25,0.042,0.856,0.742,0.484,0.513,0.655,0.316,-0.421,0.035,0.573,0.351,0.838,0.906,0.607,0.738,0.702,0.774,-0.329,0.725,0.843,0.673,0.791,0.76,-0.118,0.573,-0.267,0.157,0.673,0.423,-0.153,0.213,0.623,-0.056,0.544,0.605,0.815,0.501,0.623,-0.16,0.851,0.729,0.594,0.779,0.656,0.756,0.397,0.557,0.785,0.285,0.552,0.651,0.477,0.952,0.805,0.891,-0.119,0.595,0.477,0.501,0.78,0.49,0.64,0.868,0.876,0.517,0.795,0.649,0.794,0.529,0.878,0.803,0.712,0.62,0.356,0.12,0.786,0.642,-0.423,0.831,0.039,0.71,0.715,0.329,0.702,0.57,0.571,0.753,0.675,0.752,0.786,0.842,0.346,0.75,0.754,0.3,0.311,-0.187,0.635,0.624,0.728,0.32,0.812,0.7,-0.015,0.103,0.756,-0.391,0.885,-0.383,0.303,0.428,-0.363,0.654,0.711
ATSG,0.809,0.448,0.827,-0.06,0.852,0.663,0.813,0.896,-0.566,0.13,0.613,0.456,0.875,0.772,0.657,0.517,0.142,0.851,0.869,0.794,0.876,0.272,0.266,0.903,0.0,-0.594,0.804,0.822,-0.678,0.865,-0.636,0.268,-0.416,0.334,0.848,0.889,0.925,-0.522,0.755,0.941,-0.018,-0.356,0.486,0.701,0.694,0.215,-0.203,0.621,0.757,0.182,0.585,0.902,-0.816,-0.011,0.725,0.87,0.814,-0.069,0.806,0.052,-0.267,0.904,0.668,0.665,0.735,-0.586,-0.627,0.747,0.318,0.676,0.86,0.313,0.396,-0.225,0.896,0.866,0.829,0.897,-0.257,0.806,0.7,0.513,0.343,-0.651,-0.559,-0.411,-0.218,0.932,0.714,0.616,0.637,0.786,0.028,-0.494,-0.173,0.765,0.436,0.904,0.814,0.822,0.773,0.789,0.798,-0.344,0.691,0.842,0.766,0.673,0.682,-0.311,0.584,-0.449,0.142,0.666,0.563,-0.416,0.043,0.732,-0.126,0.638,0.665,0.874,0.678,0.729,-0.342,0.909,0.902,0.665,0.776,0.804,0.827,0.421,0.35,0.886,0.344,0.718,0.774,0.384,0.897,0.884,0.752,-0.205,0.761,0.58,0.527,0.868,0.548,0.613,0.851,0.723,0.18,0.894,0.524,0.901,0.336,0.781,0.829,0.569,0.768,0.287,0.174,0.827,0.41,-0.586,0.666,0.214,0.846,0.828,0.456,0.767,0.693,0.583,0.701,0.821,0.788,0.863,0.875,0.541,0.785,0.886,0.184,0.415,-0.278,0.699,0.69,0.586,0.247,0.828,0.603,0.117,0.114,0.822,-0.602,0.866,-0.535,0.289,0.428,-0.575,0.775,0.691
AVTX,-0.314,-0.213,-0.61,-0.166,-0.847,-0.56,-0.838,-0.75,0.496,-0.579,-0.668,-0.075,-0.772,-0.678,-0.59,-0.135,-0.104,-0.776,-0.818,-0.771,-0.706,0.101,-0.29,-0.408,-0.594,0.0,-0.637,-0.57,0.416,-0.487,0.584,0.019,0.532,0.292,-0.683,-0.783,-0.67,0.659,-0.685,-0.707,-0.092,0.532,-0.499,-0.778,-0.713,-0.344,0.497,-0.44,-0.813,-0.258,0.13,-0.704,0.784,0.131,-0.126,-0.767,-0.657,0.24,-0.869,-0.306,0.53,-0.695,-0.585,-0.549,-0.794,0.448,0.376,-0.371,-0.828,-0.698,-0.772,-0.61,-0.236,0.539,-0.702,-0.873,-0.655,-0.805,0.744,-0.42,-0.819,-0.635,-0.069,0.216,0.1,0.555,0.522,-0.775,-0.456,-0.793,-0.666,-0.799,0.656,0.286,0.446,-0.876,-0.32,-0.559,-0.294,-0.785,-0.388,-0.751,-0.701,0.044,-0.399,-0.545,-0.719,-0.163,-0.541,0.296,-0.456,0.327,0.103,-0.271,-0.771,0.866,0.258,-0.792,0.298,-0.847,-0.801,-0.729,-0.896,-0.828,0.794,-0.607,-0.787,-0.705,-0.5,-0.777,-0.627,-0.655,-0.132,-0.772,-0.455,-0.85,-0.847,0.091,-0.517,-0.734,-0.12,0.293,-0.88,-0.905,-0.687,-0.666,-0.717,-0.549,-0.454,-0.201,0.143,-0.654,-0.243,-0.781,-0.096,-0.279,-0.667,-0.007,-0.834,0.057,-0.398,-0.641,-0.015,0.358,-0.307,-0.363,-0.844,-0.729,-0.546,-0.645,-0.868,-0.581,-0.366,-0.71,-0.777,-0.781,-0.649,-0.901,-0.588,-0.696,-0.02,-0.547,0.646,-0.79,-0.709,-0.17,0.211,-0.538,-0.259,0.115,0.03,-0.755,0.722,-0.537,0.515,-0.302,-0.416,0.641,-0.867,-0.342
BCPC,0.743,0.775,0.896,-0.176,0.776,0.446,0.841,0.905,-0.307,0.442,0.774,0.38,0.887,0.902,0.848,0.641,0.543,0.906,0.813,0.768,0.909,0.379,0.038,0.829,0.804,-0.637,0.0,0.853,-0.49,0.753,-0.367,0.382,-0.143,0.323,0.794,0.866,0.807,-0.232,0.832,0.885,0.077,-0.083,0.783,0.819,0.502,0.5,-0.257,0.87,0.777,0.52,0.449,0.885,-0.661,0.214,0.602,0.894,0.892,0.166,0.794,0.465,0.061,0.936,0.868,0.644,0.883,-0.349,-0.39,0.71,0.432,0.88,0.922,0.315,0.602,-0.016,0.888,0.817,0.704,0.747,-0.396,0.805,0.822,0.772,0.488,-0.431,-0.312,-0.221,-0.108,0.857,0.49,0.713,0.421,0.825,0.043,-0.263,0.105,0.665,0.414,0.815,0.845,0.718,0.683,0.885,0.941,0.056,0.528,0.656,0.873,0.614,0.764,-0.0,0.83,-0.144,-0.075,0.618,0.709,-0.334,0.322,0.695,-0.308,0.755,0.844,0.923,0.701,0.73,-0.281,0.85,0.73,0.639,0.764,0.853,0.667,0.669,0.587,0.807,0.537,0.788,0.875,0.139,0.851,0.782,0.593,0.001,0.726,0.704,0.791,0.885,0.758,0.813,0.86,0.777,0.423,0.869,0.48,0.813,0.671,0.643,0.942,0.615,0.664,0.464,0.418,0.862,0.561,-0.218,0.721,0.081,0.841,0.815,0.599,0.887,0.683,0.718,0.636,0.829,0.932,0.871,0.948,0.56,0.591,0.724,0.52,0.687,-0.281,0.842,0.881,0.677,0.348,0.851,0.725,-0.024,0.255,0.901,-0.331,0.749,-0.205,0.481,0.339,-0.335,0.816,0.49
BEAM,0.797,0.551,0.932,-0.1,0.784,0.595,0.807,0.848,-0.585,0.291,0.749,0.593,0.875,0.801,0.694,0.495,0.341,0.83,0.885,0.725,0.882,0.469,0.372,0.804,0.822,-0.57,0.853,0.0,-0.482,0.75,-0.571,0.256,-0.275,0.308,0.828,0.811,0.842,-0.433,0.769,0.895,0.335,-0.232,0.562,0.704,0.642,0.193,-0.361,0.68,0.808,0.529,0.57,0.854,-0.796,0.15,0.696,0.856,0.904,-0.1,0.8,0.437,-0.111,0.888,0.752,0.703,0.837,-0.34,-0.567,0.866,0.353,0.739,0.894,0.162,0.369,-0.132,0.852,0.813,0.798,0.788,-0.345,0.679,0.691,0.541,0.416,-0.606,-0.326,-0.245,-0.149,0.852,0.644,0.646,0.552,0.874,0.081,-0.266,-0.038,0.744,0.678,0.902,0.781,0.785,0.811,0.807,0.88,-0.111,0.712,0.722,0.719,0.464,0.568,-0.26,0.626,-0.307,0.072,0.697,0.555,-0.383,0.215,0.673,-0.112,0.669,0.754,0.884,0.692,0.685,-0.318,0.846,0.773,0.698,0.814,0.842,0.82,0.516,0.436,0.833,0.371,0.691,0.823,0.32,0.832,0.818,0.644,-0.172,0.76,0.615,0.681,0.866,0.53,0.753,0.733,0.714,0.188,0.926,0.498,0.882,0.475,0.693,0.85,0.553,0.69,0.339,0.457,0.758,0.518,-0.396,0.743,0.25,0.827,0.874,0.629,0.83,0.656,0.564,0.684,0.829,0.781,0.812,0.873,0.529,0.639,0.828,0.291,0.673,-0.296,0.66,0.74,0.523,0.242,0.736,0.773,0.212,0.083,0.745,-0.469,0.684,-0.362,0.26,0.47,-0.572,0.759,0.688
BILI,-0.463,-0.207,-0.481,0.242,-0.592,-0.509,-0.509,-0.566,0.525,0.234,-0.218,-0.171,-0.626,-0.377,-0.354,-0.158,0.017,-0.492,-0.576,-0.471,-0.506,-0.041,-0.151,-0.552,-0.678,0.416,-0.49,-0.482,0.0,-0.559,0.611,-0.19,0.233,-0.144,-0.357,-0.53,-0.633,0.469,-0.499,-0.641,0.093,0.194,-0.331,-0.448,-0.406,-0.11,0.334,-0.295,-0.414,0.162,-0.406,-0.475,0.594,0.195,-0.369,-0.612,-0.52,0.357,-0.544,0.085,0.374,-0.538,-0.339,-0.387,-0.421,0.506,0.563,-0.408,-0.116,-0.409,-0.582,-0.017,-0.172,0.434,-0.53,-0.55,-0.473,-0.659,0.211,-0.397,-0.305,-0.239,0.06,0.462,0.363,0.425,0.249,-0.601,-0.302,-0.342,-0.269,-0.499,0.023,0.5,0.207,-0.474,-0.381,-0.633,-0.463,-0.623,-0.58,-0.506,-0.46,0.405,-0.379,-0.602,-0.44,-0.273,-0.23,0.493,-0.352,0.57,-0.026,-0.408,-0.314,0.309,-0.048,-0.379,0.138,-0.347,-0.313,-0.483,-0.336,-0.342,0.21,-0.621,-0.661,-0.341,-0.515,-0.524,-0.471,-0.161,0.057,-0.6,-0.32,-0.411,-0.471,-0.244,-0.558,-0.56,-0.44,0.091,-0.478,-0.282,-0.338,-0.552,-0.33,-0.181,-0.517,-0.459,0.109,-0.637,-0.112,-0.576,-0.192,-0.506,-0.528,-0.403,-0.402,-0.19,0.044,-0.589,-0.043,0.607,-0.183,-0.346,-0.495,-0.567,-0.229,-0.471,-0.332,-0.385,-0.291,-0.548,-0.491,-0.557,-0.556,-0.257,-0.42,-0.559,0.005,-0.198,0.138,-0.352,-0.416,-0.268,-0.189,-0.504,-0.354,-0.141,0.134,-0.491,0.542,-0.623,0.487,-0.077,-0.139,0.561,-0.421,-0.46
BJRI,0.832,0.473,0.696,-0.186,0.697,0.567,0.68,0.785,-0.503,0.155,0.525,0.5,0.812,0.727,0.548,0.694,0.13,0.778,0.74,0.625,0.749,0.238,0.013,0.848,0.865,-0.487,0.753,0.75,-0.559,0.0,-0.531,0.274,-0.278,0.497,0.781,0.736,0.922,-0.411,0.677,0.869,-0.186,-0.259,0.36,0.535,0.662,0.104,-0.076,0.584,0.721,0.177,0.56,0.816,-0.731,-0.056,0.732,0.807,0.725,0.001,0.673,0.141,-0.088,0.849,0.528,0.568,0.628,-0.54,-0.402,0.691,0.202,0.636,0.803,0.171,0.294,-0.12,0.866,0.737,0.755,0.806,-0.062,0.745,0.569,0.391,0.241,-0.603,-0.561,-0.168,0.081,0.823,0.68,0.47,0.565,0.63,0.064,-0.591,-0.156,0.639,0.318,0.769,0.804,0.697,0.843,0.606,0.775,-0.362,0.619,0.827,0.725,0.656,0.63,-0.293,0.512,-0.304,0.3,0.812,0.459,-0.265,0.09,0.601,0.084,0.506,0.629,0.811,0.591,0.589,-0.199,0.829,0.754,0.607,0.828,0.76,0.74,0.258,0.369,0.803,0.144,0.595,0.672,0.454,0.803,0.772,0.788,-0.292,0.614,0.46,0.422,0.771,0.427,0.647,0.798,0.771,0.291,0.821,0.487,0.797,0.441,0.826,0.722,0.572,0.653,0.375,0.038,0.713,0.375,-0.539,0.644,0.214,0.729,0.796,0.33,0.671,0.564,0.424,0.694,0.741,0.683,0.75,0.821,0.425,0.676,0.854,0.213,0.294,-0.133,0.583,0.622,0.68,0.248,0.856,0.661,0.211,0.182,0.697,-0.477,0.807,-0.498,0.22,0.484,-0.458,0.706,0.651
BLUE,-0.47,0.117,-0.522,-0.231,-0.783,-0.691,-0.592,-0.547,0.88,0.104,-0.28,-0.361,-0.643,-0.428,-0.175,-0.086,0.348,-0.548,-0.776,-0.513,-0.509,0.097,-0.497,-0.433,-0.636,0.584,-0.367,-0.571,0.611,-0.531,0.0,0.257,0.699,0.139,-0.567,-0.565,-0.698,0.911,-0.575,-0.66,-0.073,0.701,0.004,-0.452,-0.824,0.27,0.493,-0.034,-0.608,0.038,-0.292,-0.478,0.873,0.485,-0.341,-0.633,-0.57,0.683,-0.716,-0.008,0.675,-0.593,-0.261,-0.553,-0.46,0.523,0.567,-0.443,-0.351,-0.257,-0.618,-0.088,0.213,0.729,-0.576,-0.686,-0.749,-0.79,0.33,-0.224,-0.331,-0.009,0.197,0.657,0.193,0.615,0.382,-0.672,-0.546,-0.471,-0.666,-0.691,0.359,0.537,0.624,-0.729,-0.509,-0.724,-0.218,-0.766,-0.617,-0.478,-0.436,0.578,-0.624,-0.722,-0.394,-0.12,-0.103,0.811,-0.013,0.739,-0.26,-0.402,-0.281,0.625,0.336,-0.614,-0.177,-0.487,-0.415,-0.516,-0.596,-0.572,0.614,-0.664,-0.818,-0.705,-0.607,-0.609,-0.805,-0.096,0.172,-0.778,-0.114,-0.449,-0.565,-0.377,-0.495,-0.749,-0.395,0.57,-0.735,-0.484,-0.276,-0.538,-0.132,-0.309,-0.283,-0.245,0.432,-0.695,-0.088,-0.746,0.235,-0.446,-0.433,-0.067,-0.725,0.131,-0.017,-0.381,0.213,0.852,-0.117,-0.701,-0.652,-0.742,-0.31,-0.366,-0.585,-0.195,-0.382,-0.636,-0.383,-0.584,-0.441,-0.535,-0.677,-0.805,0.467,-0.213,0.408,-0.29,-0.263,0.096,0.295,-0.313,-0.321,-0.372,0.434,-0.415,0.88,-0.556,0.81,0.11,-0.535,0.923,-0.5,-0.722
