,AAL,AAON,ACB,ACGL,ACGLO,ACIW,ADBE,ADSK,AEP,AGIO,ALEC,ALNY,ALTR,AMBA,AMCX,AMKR,AMRX,ANSS,APPN,APTO,ARCT,ARWR,ASND,ASTH,ATSG,AVTX,BCPC,BEAM,BILI,BJRI,BLUE,BPOP,BRKL,BWIN,BZUN,CARG,CBRL,CBSH,CBUS,CENTA,CERS,CFFN,CHCO,CHEF,CHRD,CINF,CLLS,CMCO,CMCSA,COLL,COMM,COOP,CPB,CRON,CROX,CRUS,CRWD,CTAS,CYBR,CYTK,DGII,DIOD,DOMO,DPZ,DSGR,DXCM,ERIE,ESTA,EXEL,FAST,FCEL,FCFS,FHB,FITBI,FSV,FTDR,FUTU,GLDD,GLPG,GLPI,GOGO,GOSS,GSAT,GYRE,HALO,HAS,HLIT,HLNE,HSDT,HSIC,HTHT,ICHR,IDYA,IMVT,INDB,INSM,IONS,IOSP,ITRI,JBHT,JBLU,JSM,KLIC,KOD,KURA,LAB,LASR,LIN,LKQ,LNT,MBUU,MCRI,MDGL,MEDP,MGNI,MGPI,MGRC,MKTX,MRNA,MRTN,MSEX,MSFT,MU,NAVI,NBTB,NEO,NEOG,NGNE,NSSC,NTAP,NTES,NTLA,NTRS,NYMTN,OBLG,OCFC,ON,ONC,OPI,OSIS,OSW,PALI,PANW,PCAR,PCRX,PCTY,PEBO,PLAB,PLAY,PLMR,PLSE,PLUS,PRTA,PSEC,PSNL,PTCT,PTON,QNST,QRVO,QTTB,RARE,RBCAA,RGNX,SAIC,SGMO,SINT,SNPS,SPSC,SPTN,SSYS,STNE,TBBK,TCPC,TENB,TGTX,TREE,TRUP,TTWO,TW,TXG,UBSI,UCTT,UFPT,UMBF,UPBD,URBN,VBTX,VCTR,VEON,VNET,VRSK,VSEC,WABC,WTFCM,WVE,WW,WWD,XEL,ZD,ZYME
AAL,0.0,-0.394,0.319,-0.161,-0.637,0.391,0.062,0.501,0.174,-0.141,-0.459,0.127,-0.097,0.34,-0.091,0.158,-0.154,0.198,0.306,0.599,-0.658,-0.394,-0.189,-0.048,0.549,-0.39,0.153,-0.527,0.163,0.344,-0.043,-0.472,-0.12,-0.026,0.448,0.079,0.263,0.437,0.4,0.245,0.136,-0.153,-0.213,0.696,-0.131,0.473,-0.302,-0.071,0.33,0.448,0.548,-0.418,0.337,0.15,-0.535,0.649,-0.34,0.03,0.254,-0.078,-0.05,0.395,-0.392,-0.281,-0.128,-0.545,0.228,-0.338,0.472,-0.177,0.538,-0.014,-0.142,-0.269,-0.346,0.198,0.236,0.011,0.105,0.067,0.255,0.067,0.234,-0.536,0.295,0.168,-0.063,-0.475,0.156,0.245,0.326,0.412,-0.169,-0.069,0.116,-0.187,0.008,-0.19,0.322,0.025,0.549,0.304,0.529,-0.274,0.319,-0.061,0.575,-0.252,-0.216,0.054,-0.265,0.091,-0.223,-0.164,-0.17,-0.321,-0.317,0.217,0.202,0.074,0.022,0.091,-0.048,-0.433,-0.236,-0.067,0.64,-0.304,0.048,-0.135,-0.037,-0.37,0.122,0.046,-0.458,0.158,0.395,-0.465,0.525,0.256,0.383,0.377,-0.194,-0.57,-0.217,-0.23,-0.074,0.275,0.22,0.14,-0.365,0.125,-0.231,-0.346,0.016,-0.163,0.564,0.33,0.661,-0.021,-0.178,0.26,-0.202,0.131,-0.291,-0.269,0.149,0.106,0.123,0.386,-0.56,0.315,-0.01,0.066,0.027,0.093,0.376,-0.491,0.485,-0.158,0.027,0.182,-0.286,-0.26,-0.018,0.517,-0.257,-0.243,-0.547,0.492,-0.095,0.272,0.118,-0.428,0.078,-0.494,0.335,0.015,0.038,-0.301
AAON,-0.394,0.0,-0.498,0.727,0.358,-0.383,-0.178,-0.428,-0.36,0.761,0.689,-0.222,-0.297,-0.619,0.29,-0.487,0.657,-0.234,-0.515,-0.685,0.311,0.645,0.56,-0.282,-0.224,0.76,0.57,0.448,-0.549,0.489,0.566,0.403,-0.412,-0.146,-0.637,-0.43,-0.548,-0.553,-0.142,-0.67,-0.654,-0.402,0.601,-0.379,0.004,-0.587,-0.264,0.138,0.35,-0.552,-0.783,0.706,-0.696,-0.01,0.358,-0.787,-0.155,0.426,-0.484,0.558,-0.398,-0.402,0.546,-0.392,0.642,0.703,-0.241,0.172,-0.723,0.846,-0.656,0.673,-0.355,0.803,0.778,-0.015,-0.546,0.284,0.227,0.358,-0.565,0.461,-0.623,0.493,-0.739,0.375,-0.351,0.68,-0.535,-0.317,-0.56,-0.563,0.522,0.577,-0.579,0.618,-0.375,-0.03,-0.086,0.542,-0.051,-0.501,-0.661,-0.018,-0.694,-0.406,-0.62,0.833,0.778,0.535,0.824,-0.298,0.718,0.274,0.348,0.668,0.462,-0.511,-0.645,0.468,-0.491,0.271,0.271,0.303,-0.207,0.07,-0.22,0.809,-0.347,-0.122,0.081,0.355,-0.409,-0.312,0.546,-0.509,-0.21,0.657,-0.842,0.323,0.336,-0.687,-0.271,0.78,0.796,0.345,0.047,-0.463,0.111,-0.498,0.752,-0.548,0.643,-0.116,-0.38,0.808,-0.772,-0.751,-0.519,-0.265,0.638,-0.201,0.572,-0.518,-0.15,0.14,-0.267,0.206,-0.251,-0.557,0.824,0.364,-0.514,-0.316,0.605,-0.408,-0.575,0.748,-0.355,0.242,-0.302,-0.474,0.782,0.172,0.341,0.001,-0.12,0.782,0.689,-0.792,0.574,0.277,-0.412,0.331,-0.439,0.867,0.236,-0.235,-0.469,-0.124
ACB,0.319,-0.498,0.0,-0.734,0.041,0.932,0.546,0.802,0.35,-0.493,-0.349,0.613,0.687,0.827,0.426,0.88,-0.794,0.646,0.936,0.48,0.005,-0.772,-0.125,0.817,0.673,-0.513,-0.125,0.031,0.837,-0.464,-0.736,-0.113,0.627,0.711,0.914,0.86,0.861,0.734,0.119,0.885,0.898,0.637,0.022,0.656,0.577,0.89,0.688,0.602,-0.22,0.468,0.757,-0.703,0.643,0.577,-0.182,0.693,0.681,0.297,0.763,-0.751,0.798,0.892,-0.265,0.291,-0.775,-0.695,0.795,0.446,0.858,-0.575,0.881,-0.482,0.673,-0.813,-0.639,0.542,0.919,0.011,-0.483,0.056,0.864,-0.586,0.832,-0.285,0.874,-0.401,0.834,-0.252,0.547,0.427,0.815,0.867,-0.886,-0.689,0.832,-0.855,0.774,0.703,0.497,0.248,0.069,0.805,0.83,0.586,0.835,0.746,0.826,-0.713,-0.54,-0.603,-0.387,0.904,-0.85,-0.62,0.288,-0.077,0.251,0.803,0.872,0.168,0.706,-0.472,0.159,-0.124,0.557,0.59,-0.052,-0.761,0.597,0.738,0.6,-0.023,0.834,0.483,-0.369,0.859,0.605,-0.089,0.645,-0.41,-0.167,0.868,0.764,-0.639,-0.663,0.423,-0.175,0.937,0.27,0.818,-0.559,0.887,-0.582,0.373,0.869,-0.67,0.82,0.848,0.83,0.739,-0.843,0.655,-0.409,0.918,0.131,0.315,0.883,0.578,0.675,0.841,-0.644,-0.224,0.606,0.818,-0.576,0.545,0.82,-0.6,0.415,0.524,0.788,0.853,-0.641,-0.331,-0.614,0.472,0.632,-0.51,-0.361,0.789,-0.203,-0.143,0.678,-0.247,0.874,-0.466,-0.217,0.271,0.831,0.579
ACGL,-0.161,0.727,-0.734,0.0,-0.014,-0.639,-0.501,-0.496,-0.648,0.821,0.635,-0.547,-0.791,-0.88,-0.167,-0.853,0.926,-0.689,-0.822,-0.395,-0.1,0.903,0.515,-0.704,-0.348,0.66,0.632,0.291,-0.771,0.761,0.932,0.119,-0.84,-0.523,-0.848,-0.82,-0.787,-0.572,-0.083,-0.835,-0.883,-0.844,0.494,-0.445,-0.445,-0.769,-0.546,-0.086,0.697,-0.623,-0.734,0.753,-0.555,-0.065,-0.047,-0.796,-0.653,0.255,-0.823,0.736,-0.838,-0.616,0.324,-0.657,0.8,0.534,-0.488,-0.352,-0.794,0.799,-0.707,0.832,-0.811,0.799,0.874,-0.186,-0.817,0.485,0.611,0.073,-0.857,0.713,-0.928,0.128,-0.926,0.757,-0.636,0.345,-0.734,-0.651,-0.72,-0.755,0.816,0.924,-0.898,0.923,-0.679,-0.542,-0.03,0.176,0.149,-0.667,-0.711,-0.593,-0.884,-0.812,-0.643,0.906,0.809,0.6,0.754,-0.668,0.877,0.591,0.103,0.29,0.219,-0.771,-0.876,0.068,-0.907,0.741,0.231,0.019,-0.678,-0.46,-0.064,0.923,-0.785,-0.386,-0.227,0.409,-0.835,-0.415,0.469,-0.836,-0.122,0.497,-0.82,0.761,0.554,-0.833,-0.704,0.73,0.717,0.034,0.054,-0.788,0.182,-0.897,0.876,-0.857,0.754,-0.523,-0.648,0.895,-0.858,-0.921,-0.551,-0.678,0.845,-0.678,0.725,-0.805,-0.404,-0.206,-0.64,-0.092,-0.634,-0.779,0.837,0.676,-0.734,-0.76,0.89,-0.75,-0.649,0.53,-0.437,-0.144,-0.753,-0.838,0.862,0.296,0.783,0.027,-0.58,0.664,0.482,-0.851,0.444,0.499,-0.769,0.117,-0.854,0.729,0.592,-0.543,-0.815,-0.6
ACGLO,-0.637,0.358,0.041,-0.014,0.0,0.079,0.213,-0.096,0.015,0.152,0.463,0.069,0.331,-0.054,0.6,0.207,0.071,0.17,0.043,-0.633,0.618,0.101,0.112,0.371,-0.219,0.418,0.091,0.586,0.245,-0.305,-0.116,0.697,0.414,0.48,-0.077,0.17,0.075,-0.098,-0.43,0.042,0.137,0.421,0.442,-0.236,0.567,-0.112,0.413,0.271,-0.226,0.023,-0.314,0.359,-0.195,0.199,0.517,-0.38,0.526,0.146,-0.023,-0.047,0.332,-0.095,0.508,0.343,0.023,0.408,0.048,0.575,-0.207,0.204,-0.281,0.061,0.465,0.156,0.299,0.208,0.135,0.094,-0.344,0.33,0.102,-0.175,-0.046,0.548,-0.067,-0.172,0.355,0.641,-0.015,0.089,0.092,-0.085,-0.078,-0.182,0.194,-0.005,0.253,0.544,-0.121,0.243,-0.323,0.031,-0.201,0.415,-0.135,0.463,-0.347,0.179,0.251,0.033,0.22,0.26,0.057,-0.102,0.553,0.588,0.532,0.005,-0.012,0.124,0.23,-0.174,0.419,0.684,0.568,0.45,-0.535,0.143,0.128,0.498,0.373,0.346,0.198,0.077,0.299,0.212,-0.21,0.521,-0.384,-0.348,-0.414,-0.137,0.446,0.496,0.159,0.519,0.415,0.092,0.148,0.17,0.145,0.184,0.053,0.65,0.225,0.101,-0.217,-0.075,-0.328,0.348,0.016,0.05,0.034,0.174,0.31,0.44,0.203,0.131,0.182,-0.051,0.392,-0.194,0.234,0.243,-0.149,0.293,-0.099,0.418,-0.312,0.392,0.391,0.187,0.122,0.426,-0.129,-0.006,0.604,0.405,0.557,-0.285,0.045,-0.42,0.3,0.568,0.239,0.468,-0.527,0.144,0.338,0.418
ACIW,0.391,-0.383,0.932,-0.639,0.079,0.0,0.643,0.825,0.357,-0.329,-0.201,0.626,0.653,0.757,0.536,0.87,-0.667,0.699,0.916,0.375,-0.01,-0.76,-0.102,0.773,0.676,-0.41,0.007,0.013,0.823,-0.306,-0.619,-0.023,0.607,0.717,0.878,0.784,0.772,0.722,0.164,0.807,0.802,0.591,0.108,0.661,0.666,0.833,0.588,0.622,-0.132,0.528,0.652,-0.614,0.542,0.603,-0.117,0.656,0.624,0.401,0.733,-0.66,0.756,0.852,-0.077,0.183,-0.701,-0.599,0.776,0.478,0.779,-0.407,0.794,-0.397,0.657,-0.667,-0.512,0.644,0.895,0.049,-0.507,0.292,0.862,-0.543,0.743,-0.214,0.789,-0.357,0.782,-0.122,0.56,0.471,0.837,0.808,-0.847,-0.663,0.791,-0.78,0.758,0.723,0.448,0.399,0.026,0.807,0.762,0.543,0.736,0.731,0.786,-0.573,-0.431,-0.47,-0.269,0.866,-0.728,-0.665,0.442,0.103,0.337,0.763,0.768,0.255,0.646,-0.429,0.232,-0.005,0.563,0.679,-0.08,-0.638,0.6,0.709,0.693,0.006,0.797,0.506,-0.25,0.843,0.592,-0.053,0.575,-0.384,-0.133,0.793,0.749,-0.537,-0.471,0.507,-0.125,0.902,0.264,0.783,-0.509,0.847,-0.552,0.414,0.786,-0.503,0.749,0.759,0.805,0.741,-0.722,0.711,-0.324,0.874,0.185,0.376,0.899,0.595,0.689,0.829,-0.558,-0.135,0.596,0.834,-0.52,0.555,0.714,-0.462,0.491,0.498,0.802,0.818,-0.546,-0.26,-0.6,0.572,0.626,-0.317,-0.23,0.718,-0.189,-0.151,0.708,-0.089,0.841,-0.341,-0.216,0.281,0.804,0.561
ADBE,0.062,-0.178,0.546,-0.501,0.213,0.643,0.0,0.523,0.415,-0.201,-0.138,0.439,0.656,0.473,0.414,0.711,-0.464,0.759,0.714,0.18,0.247,-0.652,-0.331,0.586,0.261,-0.416,-0.163,-0.082,0.613,-0.333,-0.44,0.074,0.655,0.488,0.578,0.626,0.379,0.552,0.06,0.493,0.529,0.603,0.012,0.148,0.611,0.511,0.438,0.391,-0.285,0.573,0.303,-0.343,0.156,0.335,0.175,0.421,0.586,0.296,0.64,-0.378,0.599,0.441,0.285,0.208,-0.441,-0.177,0.386,0.462,0.343,-0.23,0.389,-0.406,0.689,-0.368,-0.305,0.668,0.637,-0.281,-0.563,0.555,0.687,-0.53,0.541,0.102,0.538,-0.437,0.475,0.212,0.766,0.444,0.583,0.417,-0.58,-0.642,0.677,-0.572,0.469,0.542,-0.046,0.252,-0.409,0.539,0.349,0.558,0.442,0.652,0.353,-0.318,-0.377,-0.271,-0.261,0.523,-0.41,-0.536,0.478,0.262,0.196,0.721,0.511,0.073,0.543,-0.472,-0.138,0.351,0.612,0.645,-0.165,-0.448,0.745,0.351,0.588,-0.001,0.648,0.673,-0.021,0.7,0.144,-0.21,0.447,-0.525,-0.314,0.546,0.678,-0.234,-0.069,0.485,0.019,0.556,-0.218,0.613,-0.435,0.593,-0.608,0.635,0.533,-0.332,0.423,0.533,0.368,0.607,-0.382,0.626,-0.144,0.648,0.562,0.513,0.676,0.224,0.63,0.729,-0.376,-0.293,0.58,0.692,-0.651,0.606,0.279,-0.016,0.632,0.299,0.712,0.555,-0.451,-0.051,-0.638,0.178,0.526,-0.02,0.042,0.489,-0.38,-0.473,0.704,0.429,0.627,-0.163,-0.451,0.408,0.667,0.604
ADSK,0.501,-0.428,0.802,-0.496,-0.096,0.825,0.523,0.0,0.2,-0.225,-0.219,0.524,0.51,0.698,0.351,0.708,-0.535,0.608,0.787,0.577,-0.013,-0.603,-0.021,0.586,0.596,-0.407,0.081,-0.007,0.695,-0.177,-0.437,-0.262,0.362,0.5,0.733,0.66,0.598,0.681,0.306,0.736,0.694,0.347,0.052,0.697,0.452,0.703,0.427,0.593,-0.023,0.511,0.632,-0.627,0.45,0.585,-0.165,0.619,0.458,0.436,0.636,-0.464,0.572,0.839,-0.138,0.11,-0.569,-0.578,0.679,0.295,0.73,-0.309,0.83,-0.384,0.407,-0.593,-0.449,0.686,0.745,0.177,-0.345,0.15,0.712,-0.455,0.64,-0.262,0.683,-0.246,0.627,-0.261,0.454,0.411,0.656,0.733,-0.614,-0.419,0.612,-0.593,0.547,0.508,0.517,0.326,0.107,0.665,0.718,0.386,0.681,0.532,0.811,-0.463,-0.323,-0.47,-0.186,0.679,-0.62,-0.403,0.236,-0.116,0.214,0.721,0.63,0.211,0.458,-0.307,0.047,-0.218,0.336,0.543,0.067,-0.593,0.519,0.545,0.579,0.121,0.606,0.397,-0.229,0.653,0.734,-0.146,0.54,-0.194,0.082,0.664,0.597,-0.464,-0.48,0.487,-0.195,0.767,0.302,0.601,-0.39,0.687,-0.374,0.182,0.676,-0.447,0.709,0.648,0.853,0.588,-0.517,0.481,-0.097,0.696,0.152,0.249,0.795,0.544,0.566,0.762,-0.506,-0.042,0.518,0.626,-0.332,0.371,0.62,-0.385,0.512,0.515,0.559,0.657,-0.395,-0.377,-0.446,0.628,0.372,-0.296,-0.284,0.637,-0.089,0.038,0.475,-0.259,0.614,-0.384,0.025,0.094,0.621,0.42
AEP,0.174,-0.36,0.35,-0.648,0.015,0.357,0.415,0.2,0.0,-0.501,-0.417,0.51,0.591,0.638,0.314,0.588,-0.58,0.582,0.519,0.058,0.128,-0.68,-0.397,0.439,0.231,-0.361,-0.399,-0.365,0.429,-0.463,-0.648,0.126,0.676,0.427,0.544,0.486,0.47,0.264,0.108,0.448,0.513,0.68,-0.38,0.336,0.441,0.544,0.271,-0.229,-0.603,0.494,0.413,-0.431,0.208,-0.224,0.229,0.507,0.342,-0.278,0.561,-0.38,0.607,0.294,-0.18,0.447,-0.457,-0.207,0.302,0.412,0.512,-0.481,0.328,-0.621,0.638,-0.33,-0.626,0.066,0.429,-0.498,-0.451,0.213,0.634,-0.44,0.644,0.07,0.604,-0.69,0.293,0.018,0.538,0.826,0.443,0.442,-0.444,-0.674,0.621,-0.582,0.502,0.399,-0.196,-0.047,-0.12,0.396,0.391,0.449,0.58,0.583,0.26,-0.487,-0.542,0.131,-0.574,0.359,-0.464,-0.338,-0.161,-0.016,-0.219,0.401,0.528,0.139,0.769,-0.702,-0.255,0.177,0.63,0.368,0.2,-0.58,0.694,0.087,-0.027,-0.526,0.64,0.227,-0.39,0.577,-0.149,-0.413,0.551,-0.643,-0.477,0.47,0.384,-0.403,-0.258,-0.187,0.11,0.477,-0.325,0.695,-0.712,0.571,-0.511,0.5,0.201,-0.541,0.583,0.602,0.22,0.483,-0.453,0.637,-0.611,0.49,0.365,0.069,0.289,-0.123,0.629,0.551,-0.602,-0.52,0.509,0.511,-0.653,0.694,0.319,-0.147,0.376,-0.078,0.623,0.585,-0.585,-0.213,-0.681,-0.177,0.392,-0.25,-0.275,0.54,-0.294,-0.491,0.677,0.113,0.572,-0.5,-0.587,0.947,0.586,0.427
AGIO,-0.141,0.761,-0.493,0.821,0.152,-0.329,-0.201,-0.225,-0.501,0.0,0.8,-0.271,-0.547,-0.675,0.147,-0.576,0.792,-0.354,-0.53,-0.432,0.168,0.724,0.615,-0.401,-0.214,0.657,0.626,0.524,-0.491,0.637,0.791,0.235,-0.605,-0.301,-0.635,-0.559,-0.654,-0.47,0.071,-0.661,-0.661,-0.61,0.645,-0.32,-0.144,-0.595,-0.31,0.157,0.548,-0.483,-0.715,0.615,-0.545,0.114,0.154,-0.694,-0.375,0.451,-0.602,0.692,-0.56,-0.369,0.52,-0.563,0.559,0.566,-0.219,-0.035,-0.617,0.825,-0.558,0.661,-0.543,0.746,0.813,0.136,-0.532,0.476,0.358,0.316,-0.575,0.526,-0.728,0.304,-0.729,0.537,-0.411,0.492,-0.501,-0.426,-0.459,-0.614,0.556,0.756,-0.643,0.739,-0.35,-0.231,-0.025,0.446,0.01,-0.49,-0.625,-0.26,-0.672,-0.539,-0.463,0.839,0.695,0.543,0.811,-0.374,0.738,0.398,0.392,0.5,0.447,-0.533,-0.696,0.317,-0.663,0.517,0.257,0.161,-0.383,-0.038,-0.208,0.812,-0.511,-0.17,0.1,0.617,-0.572,-0.278,0.548,-0.551,0.011,0.581,-0.767,0.518,0.48,-0.682,-0.387,0.685,0.754,0.344,0.031,-0.535,0.221,-0.623,0.849,-0.597,0.718,-0.283,-0.355,0.867,-0.735,-0.781,-0.405,-0.355,0.741,-0.376,0.833,-0.562,-0.124,0.115,-0.327,0.138,-0.414,-0.496,0.804,0.545,-0.486,-0.433,0.732,-0.547,-0.581,0.623,-0.265,0.19,-0.445,-0.603,0.841,0.222,0.497,0.157,-0.267,0.745,0.632,-0.764,0.486,0.401,-0.519,0.214,-0.58,0.822,0.455,-0.396,-0.565,-0.251
ALEC,-0.459,0.689,-0.349,0.635,0.463,-0.201,-0.138,-0.219,-0.417,0.8,0.0,-0.053,-0.279,-0.533,0.332,-0.344,0.624,-0.283,-0.395,-0.62,0.37,0.638,0.58,-0.161,-0.274,0.674,0.54,0.733,-0.258,0.357,0.584,0.468,-0.315,-0.017,-0.531,-0.368,-0.488,-0.404,-0.125,-0.467,-0.426,-0.306,0.701,-0.421,0.121,-0.552,-0.001,0.301,0.316,-0.466,-0.697,0.584,-0.475,0.175,0.347,-0.719,-0.026,0.479,-0.451,0.428,-0.283,-0.298,0.595,-0.247,0.384,0.566,-0.135,0.232,-0.514,0.655,-0.55,0.479,-0.25,0.599,0.778,0.137,-0.365,0.503,0.191,0.342,-0.373,0.36,-0.585,0.45,-0.571,0.321,-0.113,0.551,-0.412,-0.367,-0.299,-0.479,0.368,0.519,-0.427,0.565,-0.062,0.075,-0.024,0.429,-0.206,-0.332,-0.569,-0.016,-0.54,-0.234,-0.469,0.716,0.618,0.321,0.713,-0.164,0.572,0.286,0.556,0.572,0.652,-0.429,-0.528,0.232,-0.429,0.361,0.448,0.35,-0.072,0.161,-0.52,0.701,-0.389,0.131,0.294,0.72,-0.391,-0.179,0.571,-0.362,-0.011,0.757,-0.774,0.26,0.15,-0.598,-0.071,0.731,0.614,0.495,0.12,-0.373,0.168,-0.409,0.767,-0.349,0.605,0.026,-0.162,0.722,-0.696,-0.634,-0.452,-0.158,0.544,-0.279,0.681,-0.344,0.065,0.231,-0.155,0.211,-0.225,-0.463,0.819,0.343,-0.265,-0.205,0.515,-0.362,-0.489,0.614,-0.378,0.3,-0.213,-0.361,0.735,0.326,0.335,0.038,0.043,0.652,0.726,-0.717,0.384,0.167,-0.289,0.38,-0.325,0.822,0.168,-0.296,-0.302,0.032
ALNY,0.127,-0.222,0.613,-0.547,0.069,0.626,0.439,0.524,0.51,-0.271,-0.053,0.0,0.693,0.7,0.529,0.694,-0.602,0.598,0.693,0.163,0.288,-0.575,0.055,0.616,0.539,-0.288,-0.03,0.096,0.501,-0.311,-0.559,0.006,0.512,0.521,0.572,0.576,0.532,0.325,0.325,0.568,0.639,0.547,-0.021,0.425,0.523,0.565,0.46,0.315,-0.434,0.258,0.395,-0.535,0.125,0.122,0.227,0.441,0.562,0.357,0.721,-0.43,0.711,0.688,-0.119,0.322,-0.64,-0.334,0.599,0.566,0.691,-0.302,0.527,-0.548,0.538,-0.372,-0.436,0.348,0.553,-0.046,-0.265,0.177,0.742,-0.364,0.657,0.014,0.645,-0.59,0.572,-0.028,0.402,0.679,0.444,0.628,-0.539,-0.505,0.596,-0.619,0.736,0.626,0.274,0.355,-0.142,0.572,0.469,0.689,0.703,0.536,0.561,-0.37,-0.385,-0.31,-0.197,0.654,-0.521,-0.398,0.15,-0.064,0.305,0.544,0.663,0.422,0.668,-0.613,0.009,-0.093,0.556,0.641,-0.087,-0.52,0.622,0.421,0.459,0.016,0.705,0.248,-0.138,0.589,0.41,0.068,0.403,-0.471,-0.168,0.431,0.6,-0.367,-0.231,0.296,-0.321,0.701,-0.08,0.702,-0.365,0.696,-0.254,0.332,0.584,-0.374,0.534,0.558,0.53,0.668,-0.514,0.701,-0.18,0.594,0.331,0.188,0.645,0.524,0.64,0.592,-0.387,-0.323,0.498,0.707,-0.418,0.436,0.457,-0.156,0.324,0.496,0.637,0.681,-0.315,-0.524,-0.702,0.099,0.459,-0.272,-0.202,0.46,0.034,-0.061,0.586,-0.076,0.663,-0.295,-0.219,0.4,0.612,0.668
ALTR,-0.097,-0.297,0.687,-0.791,0.331,0.653,0.656,0.51,0.591,-0.547,-0.279,0.693,0.0,0.779,0.55,0.893,-0.799,0.784,0.813,0.107,0.418,-0.76,-0.255,0.809,0.381,-0.334,-0.31,0.012,0.724,-0.628,-0.804,0.219,0.859,0.709,0.722,0.867,0.72,0.467,0.002,0.711,0.79,0.88,-0.129,0.321,0.758,0.652,0.652,0.375,-0.652,0.509,0.482,-0.485,0.216,0.14,0.329,0.485,0.836,0.109,0.814,-0.652,0.89,0.623,-0.044,0.58,-0.64,-0.276,0.534,0.694,0.575,-0.465,0.523,-0.666,0.877,-0.529,-0.562,0.415,0.735,-0.306,-0.589,0.251,0.828,-0.619,0.824,0.129,0.741,-0.757,0.73,0.094,0.613,0.688,0.567,0.703,-0.703,-0.83,0.836,-0.8,0.684,0.798,0.122,0.209,-0.223,0.66,0.567,0.857,0.714,0.858,0.44,-0.559,-0.442,-0.477,-0.38,0.745,-0.69,-0.58,0.183,0.081,0.131,0.739,0.782,0.259,0.886,-0.783,-0.031,0.26,0.845,0.734,-0.114,-0.667,0.875,0.541,0.462,-0.172,0.903,0.464,-0.234,0.803,0.18,-0.121,0.485,-0.758,-0.43,0.614,0.833,-0.324,-0.392,0.367,-0.067,0.816,-0.089,0.878,-0.59,0.83,-0.591,0.696,0.684,-0.636,0.626,0.749,0.437,0.745,-0.681,0.767,-0.481,0.77,0.451,0.342,0.795,0.371,0.822,0.713,-0.476,-0.56,0.699,0.845,-0.747,0.767,0.536,-0.143,0.324,0.481,0.846,0.864,-0.593,-0.239,-0.798,0.058,0.767,-0.272,-0.149,0.585,-0.208,-0.49,0.787,0.167,0.872,-0.335,-0.62,0.546,0.867,0.777
AMBA,0.34,-0.619,0.827,-0.88,-0.054,0.757,0.473,0.698,0.638,-0.675,-0.533,0.7,0.779,0.0,0.37,0.892,-0.874,0.758,0.887,0.426,0.102,-0.895,-0.273,0.766,0.505,-0.534,-0.393,-0.21,0.765,-0.612,-0.888,-0.139,0.741,0.588,0.873,0.834,0.799,0.531,0.269,0.845,0.883,0.753,-0.32,0.645,0.511,0.838,0.524,0.225,-0.587,0.565,0.722,-0.822,0.493,0.236,0.113,0.792,0.649,-0.006,0.835,-0.684,0.863,0.84,-0.293,0.558,-0.843,-0.562,0.716,0.478,0.891,-0.655,0.811,-0.774,0.721,-0.725,-0.838,0.317,0.851,-0.319,-0.58,-0.004,0.905,-0.717,0.921,-0.12,0.929,-0.74,0.7,-0.277,0.639,0.744,0.765,0.832,-0.809,-0.797,0.872,-0.907,0.747,0.653,0.208,0.098,-0.014,0.686,0.765,0.611,0.931,0.762,0.779,-0.776,-0.682,-0.524,-0.549,0.79,-0.83,-0.565,-0.032,-0.22,-0.044,0.796,0.866,0.183,0.877,-0.757,-0.138,-0.15,0.64,0.6,0.071,-0.877,0.781,0.491,0.364,-0.328,0.893,0.326,-0.42,0.849,0.415,-0.336,0.751,-0.665,-0.331,0.796,0.716,-0.691,-0.649,0.125,-0.209,0.905,-0.044,0.892,-0.773,0.909,-0.6,0.38,0.684,-0.782,0.887,0.887,0.735,0.761,-0.814,0.725,-0.616,0.826,0.305,0.253,0.761,0.356,0.722,0.841,-0.788,-0.55,0.662,0.826,-0.722,0.661,0.682,-0.502,0.534,0.356,0.78,0.907,-0.72,-0.499,-0.825,0.239,0.586,-0.564,-0.45,0.808,-0.253,-0.249,0.725,-0.277,0.855,-0.637,-0.393,0.52,0.812,0.647
AMCX,-0.091,0.29,0.426,-0.167,0.6,0.536,0.414,0.351,0.314,0.147,0.332,0.529,0.55,0.37,0.0,0.533,-0.173,0.496,0.448,-0.367,0.426,-0.262,0.27,0.631,0.334,0.339,0.324,0.429,0.423,-0.152,-0.297,0.571,0.49,0.73,0.322,0.456,0.393,0.115,-0.101,0.304,0.371,0.507,0.537,0.255,0.817,0.334,0.471,0.473,-0.177,0.19,0.002,0.014,-0.07,0.404,0.43,-0.016,0.566,0.427,0.28,-0.259,0.57,0.44,0.325,0.16,-0.279,0.071,0.548,0.794,0.23,0.144,0.126,-0.074,0.544,0.011,0.032,0.47,0.414,0.156,-0.356,0.521,0.489,-0.262,0.246,0.34,0.241,-0.322,0.603,0.575,0.121,0.47,0.394,0.342,-0.344,-0.299,0.436,-0.291,0.555,0.825,0.209,0.665,-0.004,0.322,0.216,0.579,0.239,0.563,0.109,0.103,0.127,0.056,0.207,0.637,-0.155,-0.286,0.605,0.585,0.64,0.26,0.286,0.581,0.45,-0.421,0.511,0.423,0.685,0.754,-0.315,-0.061,0.386,0.677,0.573,0.176,0.572,0.205,0.101,0.503,0.267,0.515,-0.138,-0.353,-0.082,0.1,0.567,0.199,0.136,0.646,0.155,0.531,0.281,0.471,-0.041,0.505,-0.091,0.512,0.401,0.005,0.172,0.221,0.196,0.564,-0.241,0.504,-0.09,0.454,0.16,0.436,0.571,0.538,0.611,0.353,0.095,-0.065,0.268,0.557,-0.15,0.416,0.227,0.207,0.04,0.642,0.672,0.548,-0.004,-0.03,-0.419,0.435,0.714,0.302,0.301,0.003,0.066,-0.154,0.552,0.289,0.53,0.312,-0.318,0.354,0.582,0.558
AMKR,0.158,-0.487,0.88,-0.853,0.207,0.87,0.711,0.708,0.588,-0.576,-0.344,0.694,0.893,0.892,0.533,0.0,-0.842,0.819,0.948,0.285,0.205,-0.884,-0.297,0.872,0.5,-0.489,-0.283,-0.049,0.888,-0.614,-0.844,0.058,0.867,0.782,0.9,0.912,0.82,0.657,0.085,0.879,0.921,0.862,-0.1,0.532,0.744,0.844,0.696,0.447,-0.518,0.609,0.655,-0.673,0.482,0.388,0.138,0.693,0.799,0.169,0.856,-0.742,0.937,0.799,-0.089,0.501,-0.798,-0.505,0.716,0.614,0.782,-0.58,0.737,-0.683,0.888,-0.716,-0.679,0.552,0.921,-0.233,-0.68,0.248,0.956,-0.721,0.896,-0.045,0.901,-0.685,0.824,-0.055,0.722,0.667,0.822,0.829,-0.873,-0.877,0.954,-0.91,0.798,0.817,0.219,0.226,-0.157,0.785,0.737,0.73,0.843,0.911,0.687,-0.701,-0.585,-0.543,-0.478,0.871,-0.81,-0.652,0.27,0.041,0.184,0.839,0.872,0.182,0.897,-0.721,0.026,0.138,0.815,0.737,-0.114,-0.8,0.841,0.665,0.576,-0.161,0.952,0.535,-0.304,0.95,0.374,-0.19,0.659,-0.704,-0.433,0.805,0.878,-0.53,-0.554,0.384,-0.045,0.939,0.003,0.944,-0.696,0.96,-0.682,0.654,0.795,-0.709,0.803,0.883,0.668,0.842,-0.811,0.801,-0.523,0.941,0.407,0.407,0.881,0.412,0.833,0.882,-0.656,-0.477,0.77,0.918,-0.792,0.786,0.676,-0.367,0.482,0.451,0.933,0.946,-0.715,-0.261,-0.815,0.286,0.772,-0.389,-0.238,0.766,-0.301,-0.444,0.873,0.03,0.95,-0.462,-0.548,0.515,0.945,0.758
AMRX,-0.154,0.657,-0.794,0.926,0.071,-0.667,-0.464,-0.535,-0.58,0.792,0.624,-0.602,-0.799,-0.874,-0.173,-0.842,0.0,-0.6,-0.843,-0.499,-0.076,0.859,0.334,-0.707,-0.516,0.655,0.504,0.233,-0.731,0.692,0.907,0.165,-0.728,-0.568,-0.858,-0.855,-0.859,-0.605,-0.091,-0.852,-0.899,-0.759,0.393,-0.466,-0.448,-0.82,-0.629,-0.248,0.582,-0.474,-0.802,0.781,-0.598,-0.081,0.07,-0.752,-0.641,0.083,-0.804,0.82,-0.826,-0.718,0.478,-0.542,0.811,0.658,-0.584,-0.375,-0.834,0.782,-0.794,0.743,-0.734,0.852,0.869,-0.218,-0.795,0.323,0.472,0.122,-0.843,0.622,-0.939,0.284,-0.92,0.679,-0.706,0.39,-0.623,-0.584,-0.631,-0.839,0.842,0.842,-0.852,0.946,-0.694,-0.558,-0.256,0.058,0.067,-0.707,-0.789,-0.659,-0.913,-0.733,-0.709,0.875,0.717,0.635,0.654,-0.725,0.94,0.566,0.133,0.317,0.116,-0.786,-0.946,-0.054,-0.861,0.703,0.175,0.154,-0.602,-0.409,-0.053,0.878,-0.741,-0.443,-0.243,0.332,-0.849,-0.464,0.49,-0.796,-0.302,0.374,-0.772,0.62,0.356,-0.844,-0.675,0.724,0.746,-0.038,0.248,-0.851,0.082,-0.898,0.76,-0.866,0.716,-0.404,-0.75,0.908,-0.846,-0.927,-0.648,-0.637,0.918,-0.658,0.635,-0.833,-0.261,-0.096,-0.693,-0.253,-0.654,-0.775,0.774,0.559,-0.648,-0.743,0.772,-0.642,-0.783,0.589,-0.357,-0.236,-0.711,-0.853,0.826,0.43,0.733,-0.015,-0.535,0.705,0.548,-0.846,0.329,0.33,-0.671,0.248,-0.864,0.697,0.419,-0.488,-0.807,-0.58
ANSS,0.198,-0.234,0.646,-0.689,0.17,0.699,0.759,0.608,0.582,-0.354,-0.283,0.598,0.784,0.758,0.496,0.819,-0.6,0.0,0.806,0.15,0.306,-0.792,-0.277,0.718,0.305,-0.368,-0.301,-0.16,0.647,-0.458,-0.691,0.015,0.764,0.506,0.696,0.75,0.472,0.435,0.269,0.571,0.622,0.739,-0.178,0.469,0.587,0.616,0.364,0.265,-0.552,0.603,0.34,-0.533,0.113,0.281,0.381,0.559,0.713,0.192,0.843,-0.345,0.758,0.635,0.243,0.427,-0.588,-0.127,0.57,0.603,0.524,-0.278,0.515,-0.626,0.765,-0.352,-0.526,0.525,0.747,-0.47,-0.74,0.409,0.772,-0.686,0.755,0.277,0.68,-0.693,0.469,0.144,0.719,0.737,0.672,0.542,-0.658,-0.733,0.774,-0.707,0.573,0.661,-0.104,0.303,-0.264,0.549,0.418,0.709,0.634,0.745,0.517,-0.478,-0.497,-0.314,-0.281,0.649,-0.482,-0.647,0.294,0.216,0.064,0.746,0.576,0.278,0.772,-0.741,-0.251,0.225,0.686,0.836,0.026,-0.621,0.891,0.353,0.565,-0.238,0.819,0.329,-0.098,0.783,0.15,-0.286,0.539,-0.739,-0.368,0.626,0.772,-0.399,-0.187,0.378,-0.049,0.714,-0.23,0.766,-0.604,0.717,-0.481,0.582,0.513,-0.412,0.608,0.624,0.496,0.768,-0.458,0.836,-0.373,0.677,0.551,0.577,0.78,0.374,0.741,0.809,-0.548,-0.539,0.602,0.86,-0.705,0.693,0.29,-0.083,0.701,0.44,0.794,0.731,-0.469,-0.303,-0.86,0.218,0.63,-0.113,-0.006,0.583,-0.127,-0.391,0.753,0.145,0.737,-0.282,-0.5,0.512,0.693,0.733
APPN,0.306,-0.515,0.936,-0.822,0.043,0.916,0.714,0.787,0.519,-0.53,-0.395,0.693,0.813,0.887,0.448,0.948,-0.843,0.806,0.0,0.454,0.091,-0.89,-0.241,0.828,0.596,-0.567,-0.27,-0.103,0.862,-0.525,-0.798,-0.071,0.755,0.693,0.943,0.915,0.819,0.709,0.171,0.864,0.9,0.752,-0.109,0.585,0.624,0.887,0.643,0.488,-0.4,0.593,0.722,-0.737,0.541,0.438,-0.023,0.747,0.732,0.213,0.861,-0.73,0.859,0.854,-0.159,0.374,-0.802,-0.595,0.755,0.519,0.834,-0.591,0.833,-0.634,0.777,-0.766,-0.7,0.556,0.942,-0.205,-0.587,0.218,0.935,-0.675,0.897,-0.167,0.911,-0.589,0.78,-0.171,0.721,0.596,0.846,0.836,-0.902,-0.806,0.906,-0.903,0.781,0.714,0.296,0.213,-0.08,0.803,0.784,0.674,0.869,0.824,0.781,-0.719,-0.618,-0.566,-0.464,0.867,-0.831,-0.698,0.268,-0.034,0.143,0.905,0.888,0.173,0.815,-0.614,-0.003,-0.008,0.662,0.681,-0.036,-0.81,0.795,0.623,0.582,-0.155,0.91,0.545,-0.366,0.919,0.477,-0.228,0.716,-0.584,-0.268,0.876,0.816,-0.635,-0.563,0.388,-0.162,0.936,0.052,0.901,-0.677,0.921,-0.683,0.489,0.808,-0.695,0.845,0.891,0.771,0.776,-0.806,0.775,-0.465,0.923,0.317,0.378,0.898,0.465,0.78,0.925,-0.708,-0.381,0.694,0.901,-0.72,0.685,0.731,-0.5,0.593,0.455,0.858,0.895,-0.71,-0.336,-0.772,0.352,0.666,-0.475,-0.322,0.829,-0.306,-0.297,0.784,-0.099,0.917,-0.498,-0.37,0.425,0.883,0.672
APTO,0.599,-0.685,0.48,-0.395,-0.633,0.375,0.18,0.577,0.058,-0.432,-0.62,0.163,0.107,0.426,-0.367,0.285,-0.499,0.15,0.454,0.0,-0.435,-0.459,-0.211,0.115,0.481,-0.678,-0.189,-0.438,0.299,-0.068,-0.268,-0.661,-0.007,-0.017,0.522,0.325,0.399,0.593,0.279,0.495,0.424,-0.009,-0.366,0.468,-0.192,0.537,0.089,0.13,0.096,0.324,0.734,-0.656,0.549,0.149,-0.62,0.657,-0.053,0.025,0.403,-0.358,0.132,0.509,-0.598,-0.088,-0.403,-0.761,0.285,-0.315,0.611,-0.522,0.754,-0.316,-0.001,-0.656,-0.58,0.161,0.387,0.006,0.074,-0.28,0.357,-0.187,0.47,-0.679,0.528,-0.005,0.191,-0.717,0.332,0.103,0.299,0.529,-0.362,-0.199,0.294,-0.42,0.143,-0.145,0.403,-0.254,0.219,0.398,0.627,-0.04,0.553,0.049,0.715,-0.568,-0.485,-0.463,-0.455,0.211,-0.569,-0.191,-0.309,-0.655,-0.334,0.487,0.509,-0.205,0.148,-0.015,-0.31,-0.594,-0.177,-0.142,0.407,-0.565,0.207,0.015,0.01,-0.172,0.238,0.274,-0.491,0.277,0.532,-0.545,0.7,0.121,0.249,0.608,0.073,-0.705,-0.586,-0.153,-0.348,0.393,0.036,0.271,-0.42,0.311,-0.415,-0.271,0.36,-0.54,0.63,0.552,0.702,0.085,-0.443,0.137,-0.163,0.355,-0.103,-0.222,0.291,0.095,0.14,0.523,-0.649,0.02,0.228,0.159,-0.206,0.05,0.574,-0.682,0.431,-0.102,0.058,0.267,-0.501,-0.397,-0.13,0.231,-0.19,-0.616,-0.712,0.674,-0.27,0.204,0.087,-0.558,0.238,-0.688,0.305,-0.084,0.216,-0.067
ARCT,-0.658,0.311,0.005,-0.1,0.618,-0.01,0.247,-0.013,0.128,0.168,0.37,0.288,0.418,0.102,0.426,0.205,-0.076,0.306,0.091,-0.435,0.0,0.05,0.213,0.427,-0.273,0.314,-0.154,0.546,0.139,-0.431,-0.19,0.386,0.371,0.216,-0.12,0.252,-0.063,-0.326,0.01,0.007,0.166,0.398,0.203,-0.273,0.443,-0.146,0.409,0.209,-0.537,-0.138,-0.361,0.075,-0.396,0.035,0.767,-0.35,0.605,0.162,0.131,0.06,0.405,0.02,0.451,0.445,-0.172,0.502,0.157,0.676,-0.12,0.139,-0.202,-0.295,0.404,0.187,0.089,0.191,0.135,-0.094,-0.385,0.103,0.138,-0.336,0.131,0.669,0.044,-0.504,0.26,0.585,0.106,0.27,-0.03,-0.151,-0.064,-0.136,0.213,-0.102,0.283,0.499,-0.259,0.265,-0.508,-0.047,-0.337,0.608,0.07,0.339,-0.225,0.101,0.04,-0.101,0.281,0.26,0.029,-0.007,0.23,0.363,0.376,0.135,0.069,0.278,0.337,-0.51,-0.121,0.372,0.511,0.525,-0.507,0.021,0.39,0.28,0.292,0.417,0.28,0.113,0.43,0.195,-0.145,0.375,-0.288,-0.533,-0.385,-0.149,0.5,0.4,0.144,0.465,-0.075,0.096,-0.165,0.209,0.178,0.211,0.186,0.504,0.266,0.025,-0.213,-0.069,-0.312,0.447,0.074,0.116,0.226,0.137,0.559,0.536,0.231,0.168,0.236,0.05,0.34,-0.473,0.325,0.324,-0.209,0.198,-0.227,0.529,-0.078,0.551,0.332,0.148,0.199,-0.108,-0.43,-0.284,0.47,0.267,0.504,-0.255,0.206,-0.299,0.163,0.366,0.229,0.38,-0.43,0.217,0.246,0.664
ARWR,-0.394,0.645,-0.772,0.903,0.101,-0.76,-0.652,-0.603,-0.68,0.724,0.638,-0.575,-0.76,-0.895,-0.262,-0.884,0.859,-0.792,-0.89,-0.459,0.05,0.0,0.501,-0.7,-0.49,0.675,0.474,0.428,-0.765,0.56,0.85,0.141,-0.794,-0.553,-0.911,-0.814,-0.767,-0.646,-0.197,-0.805,-0.822,-0.776,0.397,-0.556,-0.497,-0.861,-0.444,-0.134,0.531,-0.696,-0.747,0.776,-0.526,-0.176,0.009,-0.868,-0.564,0.091,-0.853,0.691,-0.794,-0.703,0.245,-0.459,0.764,0.575,-0.587,-0.35,-0.796,0.697,-0.751,0.727,-0.767,0.74,0.848,-0.342,-0.849,0.477,0.607,-0.167,-0.895,0.695,-0.898,0.174,-0.911,0.676,-0.595,0.257,-0.783,-0.695,-0.795,-0.78,0.826,0.895,-0.896,0.916,-0.64,-0.544,-0.065,0.002,0.087,-0.703,-0.753,-0.532,-0.855,-0.758,-0.711,0.807,0.748,0.467,0.681,-0.69,0.805,0.72,-0.013,0.163,0.177,-0.821,-0.844,-0.044,-0.846,0.69,0.212,0.005,-0.623,-0.515,-0.148,0.88,-0.822,-0.362,-0.338,0.485,-0.869,-0.487,0.463,-0.875,-0.239,0.522,-0.854,0.661,0.391,-0.858,-0.665,0.753,0.579,-0.037,0.086,-0.829,0.189,-0.882,0.882,-0.848,0.811,-0.475,-0.602,0.78,-0.891,-0.916,-0.672,-0.672,0.801,-0.774,0.694,-0.821,-0.338,-0.251,-0.716,-0.181,-0.724,-0.894,0.872,0.51,-0.68,-0.821,0.836,-0.745,-0.651,0.527,-0.65,-0.129,-0.796,-0.848,0.837,0.318,0.808,-0.177,-0.533,0.541,0.463,-0.887,0.458,0.41,-0.808,0.075,-0.839,0.69,0.476,-0.57,-0.804,-0.546
ASND,-0.189,0.56,-0.125,0.515,0.112,-0.102,-0.331,-0.021,-0.397,0.615,0.58,0.055,-0.255,-0.273,0.27,-0.297,0.334,-0.277,-0.241,-0.211,0.213,0.501,0.0,-0.063,0.102,0.635,0.491,0.546,-0.334,0.293,0.321,0.1,-0.473,-0.069,-0.371,-0.23,-0.226,-0.438,0.043,-0.306,-0.271,-0.416,0.54,-0.088,0.005,-0.329,0.045,0.402,0.294,-0.689,-0.419,0.256,-0.284,0.189,0.149,-0.559,-0.023,0.551,-0.365,0.203,-0.197,0.097,0.161,-0.362,0.142,0.251,0.292,0.264,-0.183,0.548,-0.141,0.36,-0.402,0.376,0.44,-0.054,-0.25,0.584,0.339,-0.042,-0.289,0.254,-0.359,0.16,-0.383,0.225,0.039,0.23,-0.598,-0.266,-0.311,-0.191,0.209,0.583,-0.409,0.346,-0.011,0.103,0.3,0.6,0.026,-0.332,-0.271,0.063,-0.237,-0.345,-0.116,0.507,0.53,0.162,0.72,0.067,0.307,0.222,0.188,0.286,0.596,-0.304,-0.277,0.591,-0.361,0.19,0.328,-0.195,-0.262,0.115,-0.34,0.536,-0.346,0.228,0.191,0.501,-0.228,-0.339,0.362,-0.332,0.443,0.761,-0.649,0.369,0.591,-0.401,-0.086,0.429,0.386,0.445,-0.38,-0.11,0.38,-0.306,0.682,-0.193,0.64,-0.409,-0.022,0.486,-0.453,-0.47,-0.083,-0.083,0.257,-0.236,0.56,-0.237,-0.262,0.078,-0.007,0.484,-0.218,-0.312,0.618,0.291,-0.502,-0.137,0.686,-0.595,-0.131,0.264,-0.361,0.472,-0.273,-0.237,0.665,-0.272,0.226,0.186,-0.068,0.266,0.378,-0.539,0.502,0.655,-0.486,-0.219,-0.226,0.643,0.567,-0.343,-0.28,0.007
ASTH,-0.048,-0.282,0.817,-0.704,0.371,0.773,0.586,0.586,0.439,-0.401,-0.161,0.616,0.809,0.766,0.631,0.872,-0.707,0.718,0.828,0.115,0.427,-0.7,-0.063,0.0,0.353,-0.255,-0.243,0.246,0.806,-0.647,-0.772,0.16,0.795,0.749,0.728,0.838,0.704,0.395,0.009,0.746,0.85,0.808,0.076,0.395,0.743,0.689,0.753,0.514,-0.522,0.38,0.431,-0.547,0.374,0.535,0.293,0.443,0.883,0.232,0.686,-0.626,0.912,0.749,0.068,0.491,-0.758,-0.314,0.801,0.735,0.647,-0.427,0.582,-0.584,0.813,-0.571,-0.545,0.506,0.876,-0.149,-0.661,0.14,0.809,-0.763,0.736,0.161,0.775,-0.652,0.857,0.153,0.554,0.543,0.752,0.64,-0.796,-0.715,0.854,-0.805,0.812,0.888,0.176,0.315,-0.208,0.61,0.522,0.733,0.722,0.842,0.539,-0.567,-0.47,-0.499,-0.233,0.937,-0.676,-0.594,0.389,0.195,0.373,0.729,0.744,0.245,0.789,-0.705,0.104,0.161,0.779,0.76,-0.328,-0.646,0.732,0.801,0.64,0.067,0.873,0.46,-0.097,0.87,0.396,0.084,0.398,-0.69,-0.397,0.66,0.911,-0.338,-0.473,0.551,-0.137,0.847,0.084,0.799,-0.48,0.892,-0.479,0.604,0.808,-0.554,0.607,0.695,0.489,0.839,-0.715,0.639,-0.388,0.863,0.389,0.627,0.844,0.487,0.701,0.763,-0.418,-0.505,0.661,0.889,-0.647,0.596,0.541,-0.247,0.322,0.637,0.881,0.811,-0.475,-0.27,-0.776,0.325,0.818,-0.278,-0.032,0.528,-0.196,-0.325,0.721,0.011,0.864,-0.198,-0.477,0.416,0.871,0.819
ATSG,0.549,-0.224,0.673,-0.348,-0.219,0.676,0.261,0.596,0.231,-0.214,-0.274,0.539,0.381,0.505,0.334,0.5,-0.516,0.305,0.596,0.481,-0.273,-0.49,0.102,0.353,0.0,-0.286,0.307,-0.11,0.397,0.086,-0.332,-0.119,0.157,0.461,0.648,0.485,0.709,0.626,0.148,0.544,0.497,0.195,0.173,0.654,0.399,0.702,0.327,0.495,0.186,0.229,0.681,-0.434,0.385,0.193,-0.463,0.511,0.159,0.4,0.48,-0.53,0.372,0.673,-0.525,-0.167,-0.381,-0.668,0.509,0.172,0.648,-0.265,0.709,-0.043,0.249,-0.505,-0.335,0.342,0.47,0.302,0.064,0.091,0.564,0.014,0.516,-0.548,0.5,-0.018,0.495,-0.308,0.098,0.299,0.346,0.773,-0.506,-0.306,0.408,-0.502,0.45,0.36,0.741,0.423,0.451,0.617,0.761,0.374,0.588,0.277,0.653,-0.352,-0.144,-0.201,-0.169,0.548,-0.588,-0.382,0.03,-0.18,0.213,0.419,0.634,0.495,0.36,-0.16,0.281,-0.288,0.205,0.296,0.319,-0.377,0.252,0.368,0.325,-0.108,0.519,0.298,-0.469,0.451,0.597,-0.004,0.425,0.101,0.378,0.502,0.242,-0.474,-0.337,0.212,-0.228,0.672,0.44,0.531,-0.284,0.485,-0.348,0.007,0.538,-0.373,0.593,0.551,0.776,0.33,-0.577,0.529,-0.176,0.508,-0.293,-0.226,0.576,0.574,0.486,0.521,-0.413,0.279,0.198,0.42,-0.089,0.271,0.804,-0.518,0.179,0.331,0.416,0.554,-0.36,-0.366,-0.23,0.419,0.216,-0.339,-0.549,0.548,0.047,0.204,0.364,-0.324,0.53,-0.345,0.173,0.152,0.448,0.112
AVTX,-0.39,0.76,-0.513,0.66,0.418,-0.41,-0.416,-0.407,-0.361,0.657,0.674,-0.288,-0.334,-0.534,0.339,-0.489,0.655,-0.368,-0.567,-0.678,0.314,0.675,0.635,-0.255,-0.286,0.0,0.512,0.479,-0.477,0.39,0.507,0.508,-0.39,-0.098,-0.645,-0.461,-0.442,-0.653,-0.305,-0.567,-0.566,-0.371,0.523,-0.322,0.064,-0.637,-0.216,0.051,0.255,-0.521,-0.713,0.7,-0.567,-0.047,0.387,-0.81,-0.161,0.19,-0.638,0.424,-0.363,-0.396,0.419,-0.249,0.551,0.668,-0.195,0.227,-0.624,0.734,-0.642,0.563,-0.362,0.746,0.713,-0.234,-0.514,0.424,0.283,0.151,-0.518,0.403,-0.651,0.452,-0.702,0.296,-0.202,0.581,-0.701,-0.255,-0.481,-0.488,0.529,0.579,-0.559,0.629,-0.286,0.028,-0.041,0.426,0.112,-0.537,-0.571,-0.138,-0.636,-0.329,-0.625,0.779,0.798,0.493,0.743,-0.251,0.643,0.397,0.229,0.518,0.406,-0.607,-0.634,0.42,-0.445,0.255,0.478,0.248,-0.166,0.034,-0.249,0.798,-0.464,0.033,-0.062,0.318,-0.42,-0.411,0.436,-0.508,-0.126,0.726,-0.891,0.29,0.312,-0.733,-0.276,0.816,0.637,0.258,0.112,-0.424,0.329,-0.504,0.669,-0.468,0.631,-0.155,-0.451,0.689,-0.694,-0.707,-0.532,-0.3,0.564,-0.388,0.399,-0.53,-0.263,0.04,-0.312,0.075,-0.28,-0.651,0.833,0.299,-0.526,-0.378,0.672,-0.414,-0.488,0.588,-0.558,0.166,-0.341,-0.395,0.732,0.202,0.424,0.08,-0.05,0.638,0.584,-0.813,0.393,0.28,-0.448,0.213,-0.412,0.838,0.201,-0.222,-0.381,-0.202
BCPC,0.153,0.57,-0.125,0.632,0.091,0.007,-0.163,0.081,-0.399,0.626,0.54,-0.03,-0.31,-0.393,0.324,-0.283,0.504,-0.301,-0.27,-0.189,-0.154,0.474,0.491,-0.243,0.307,0.512,0.0,0.365,-0.265,0.751,0.585,0.166,-0.524,0.061,-0.291,-0.34,-0.182,0.002,-0.021,-0.252,-0.363,-0.514,0.683,0.156,0.103,-0.191,-0.195,0.401,0.749,-0.251,-0.233,0.477,-0.249,0.253,-0.229,-0.39,-0.318,0.671,-0.32,0.307,-0.351,-0.017,0.09,-0.619,0.493,0.057,-0.068,-0.05,-0.259,0.638,-0.148,0.728,-0.419,0.419,0.646,0.254,-0.338,0.767,0.501,0.287,-0.288,0.605,-0.453,-0.139,-0.462,0.661,-0.079,0.256,-0.539,-0.266,-0.331,-0.061,0.383,0.56,-0.455,0.475,-0.187,-0.01,0.571,0.569,0.426,-0.057,-0.081,-0.195,-0.414,-0.354,-0.122,0.642,0.752,0.403,0.655,-0.103,0.396,0.286,0.335,0.297,0.505,-0.369,-0.375,0.41,-0.499,0.485,0.584,-0.039,-0.298,-0.014,0.093,0.586,-0.463,0.115,0.2,0.443,-0.317,-0.13,0.191,-0.37,0.349,0.563,-0.52,0.673,0.62,-0.415,-0.297,0.478,0.444,0.372,0.054,-0.15,0.583,-0.369,0.604,-0.333,0.475,-0.291,-0.142,0.608,-0.338,-0.425,0.088,-0.231,0.376,-0.156,0.551,-0.282,-0.494,-0.227,-0.042,0.443,-0.088,-0.334,0.537,0.794,-0.395,-0.298,0.694,-0.364,-0.069,0.292,-0.34,0.264,-0.246,-0.263,0.563,0.108,0.519,0.514,-0.214,0.528,0.203,-0.418,0.507,0.493,-0.292,0.04,-0.294,0.498,0.519,-0.358,-0.272,-0.33
BEAM,-0.527,0.448,0.031,0.291,0.586,0.013,-0.082,-0.007,-0.365,0.524,0.733,0.096,0.012,-0.21,0.429,-0.049,0.233,-0.16,-0.103,-0.438,0.546,0.428,0.546,0.246,-0.11,0.479,0.365,0.0,0.051,-0.019,0.211,0.449,-0.05,0.211,-0.249,-0.025,-0.1,-0.22,-0.149,-0.099,0.001,-0.005,0.676,-0.251,0.278,-0.246,0.406,0.524,0.096,-0.351,-0.389,0.33,-0.21,0.358,0.312,-0.515,0.311,0.436,-0.204,0.141,0.078,0.023,0.366,0.041,0.037,0.308,0.15,0.367,-0.184,0.362,-0.226,0.244,0.022,0.22,0.482,0.291,-0.03,0.496,0.043,0.038,-0.103,0.101,-0.251,0.333,-0.221,0.118,0.284,0.421,-0.27,-0.256,-0.105,-0.164,0.064,0.266,-0.089,0.21,0.264,0.359,0.215,0.385,-0.181,-0.062,-0.261,0.26,-0.191,0.071,-0.206,0.352,0.364,-0.05,0.559,0.216,0.161,0.135,0.561,0.409,0.727,-0.161,-0.134,0.245,-0.115,0.114,0.48,0.244,0.176,0.29,-0.582,0.346,-0.215,0.465,0.421,0.853,-0.065,-0.043,0.439,-0.056,0.182,0.786,-0.569,0.036,0.033,-0.305,0.232,0.494,0.184,0.611,-0.008,-0.017,0.365,-0.102,0.611,0.008,0.473,0.162,0.315,0.326,-0.395,-0.305,-0.213,0.162,0.134,-0.164,0.522,-0.001,0.139,0.338,0.128,0.418,-0.077,-0.222,0.617,0.107,-0.0,0.053,0.273,-0.183,-0.129,0.349,-0.466,0.62,0.059,-0.053,0.485,0.188,0.131,0.145,0.34,0.377,0.532,-0.474,0.361,0.098,-0.108,0.147,-0.002,0.622,0.023,-0.278,0.035,0.301
BILI,0.163,-0.549,0.837,-0.771,0.245,0.823,0.613,0.695,0.429,-0.491,-0.258,0.501,0.724,0.765,0.423,0.888,-0.731,0.647,0.862,0.299,0.139,-0.765,-0.334,0.806,0.397,-0.477,-0.265,0.051,0.0,-0.585,-0.707,0.087,0.77,0.747,0.868,0.828,0.772,0.685,0.002,0.864,0.892,0.755,-0.022,0.461,0.665,0.771,0.707,0.469,-0.357,0.628,0.654,-0.607,0.623,0.477,-0.008,0.666,0.714,0.096,0.686,-0.706,0.814,0.698,-0.103,0.445,-0.717,-0.541,0.627,0.466,0.733,-0.629,0.705,-0.558,0.799,-0.746,-0.592,0.549,0.923,-0.098,-0.611,0.167,0.862,-0.661,0.762,-0.129,0.84,-0.499,0.803,-0.118,0.664,0.479,0.876,0.74,-0.833,-0.786,0.879,-0.807,0.76,0.705,0.243,0.076,-0.067,0.725,0.714,0.549,0.757,0.879,0.649,-0.692,-0.551,-0.543,-0.483,0.804,-0.788,-0.571,0.341,-0.017,0.183,0.786,0.776,-0.02,0.755,-0.477,0.127,0.144,0.709,0.58,-0.164,-0.743,0.662,0.693,0.573,-0.019,0.779,0.596,-0.309,0.878,0.373,-0.152,0.598,-0.567,-0.433,0.809,0.804,-0.485,-0.634,0.38,0.056,0.825,0.151,0.828,-0.631,0.871,-0.677,0.606,0.784,-0.689,0.764,0.83,0.618,0.713,-0.755,0.575,-0.451,0.892,0.346,0.39,0.785,0.28,0.682,0.806,-0.59,-0.372,0.773,0.785,-0.722,0.714,0.668,-0.417,0.368,0.374,0.829,0.823,-0.696,-0.035,-0.607,0.347,0.725,-0.403,-0.222,0.737,-0.394,-0.47,0.767,0.022,0.85,-0.416,-0.505,0.385,0.894,0.608
BJRI,0.344,0.489,-0.464,0.761,-0.305,-0.306,-0.333,-0.177,-0.463,0.637,0.357,-0.311,-0.628,-0.612,-0.152,-0.614,0.692,-0.458,-0.525,-0.068,-0.431,0.56,0.293,-0.647,0.086,0.39,0.751,-0.019,-0.585,0.0,0.813,-0.062,-0.77,-0.399,-0.478,-0.635,-0.486,-0.183,0.062,-0.571,-0.701,-0.787,0.307,0.002,-0.356,-0.402,-0.651,-0.056,0.809,-0.265,-0.321,0.51,-0.374,-0.086,-0.346,-0.37,-0.726,0.313,-0.487,0.585,-0.735,-0.353,0.058,-0.751,0.713,0.169,-0.406,-0.446,-0.485,0.65,-0.351,0.754,-0.737,0.588,0.642,-0.025,-0.617,0.46,0.672,0.241,-0.578,0.79,-0.65,-0.191,-0.671,0.771,-0.581,0.091,-0.571,-0.397,-0.525,-0.349,0.609,0.715,-0.728,0.701,-0.57,-0.534,0.233,0.227,0.455,-0.302,-0.29,-0.555,-0.631,-0.704,-0.266,0.695,0.683,0.546,0.55,-0.548,0.641,0.368,0.05,0.119,0.004,-0.558,-0.629,0.176,-0.748,0.688,0.262,-0.133,-0.682,-0.373,0.386,0.679,-0.614,-0.432,-0.215,0.154,-0.632,-0.305,0.153,-0.662,0.059,0.187,-0.448,0.805,0.683,-0.542,-0.7,0.377,0.585,-0.065,0.014,-0.5,0.304,-0.663,0.58,-0.689,0.498,-0.551,-0.562,0.742,-0.445,-0.607,-0.095,-0.624,0.632,-0.324,0.514,-0.64,-0.562,-0.416,-0.413,0.031,-0.403,-0.523,0.466,0.838,-0.637,-0.594,0.776,-0.512,-0.336,0.237,-0.199,-0.21,-0.624,-0.587,0.571,0.152,0.689,0.278,-0.638,0.518,0.115,-0.472,0.402,0.514,-0.568,0.012,-0.642,0.382,0.639,-0.457,-0.657,-0.696
