,AAL,AAON,ACB,ACGL,ACGLO,ACIW,ADBE,ADSK,AEP,AGIO,ALEC,ALNY,ALTR,AMBA,AMCX,AMKR,AMRX,ANSS,APPN,APTO,ARCT,ARWR,ASND,ASTH,ATSG,AVTX,BCPC,BEAM,BILI,BJRI,BLUE,BPOP,BRKL,BWIN,BZUN,CARG,CBRL,CBSH,CBUS,CENTA,CERS,CFFN,CHCO,CHEF,CHRD,CINF,CLLS,CMCO,CMCSA,COLL,COMM,COOP,CPB,CRON,CROX,CRUS,CRWD,CTAS,CYBR,CYTK,DGII,DIOD,DOMO,DPZ,DSGR,DXCM,ERIE,ESTA,EXEL,FAST,FCEL,FCFS,FHB,FITBI,FSV,FTDR,FUTU,GLDD,GLPG,GLPI,GOGO,GOSS,GSAT,GYRE,HALO,HAS,HLIT,HLNE,HSDT,HSIC,HTHT,ICHR,IDYA,IMVT,INDB,INSM,IONS,IOSP,ITRI,JBHT,JBLU,JSM,KLIC,KOD,KURA,LAB,LASR,LIN,LKQ,LNT,MBUU,MCRI,MDGL,MEDP,MGNI,MGPI,MGRC,MKTX,MRNA,MRTN,MSEX,MSFT,MU,NAVI,NBTB,NEO,NEOG,NGNE,NSSC,NTAP,NTES,NTLA,NTRS,NYMTN,OBLG,OCFC,ON,ONC,OPI,OSIS,OSW,PALI,PANW,PCAR,PCRX,PCTY,PEBO,PLAB,PLAY,PLMR,PLSE,PLUS,PRTA,PSEC,PSNL,PTCT,PTON,QNST,QRVO,QTTB,RARE,RBCAA,RGNX,SAIC,SGMO,SINT,SNPS,SPSC,SPTN,SSYS,STNE,TBBK,TCPC,TENB,TGTX,TREE,TRUP,TTWO,TW,TXG,UBSI,UCTT,UFPT,UMBF,UPBD,URBN,VBTX,VCTR,VEON,VNET,VRSK,VSEC,WABC,WTFCM,WVE,WW,WWD,XEL,ZD,ZYME
AAL,0.0,-0.486,0.597,-0.476,-0.021,0.27,-0.49,0.07,-0.194,0.654,-0.19,0.568,0.267,0.386,0.018,0.001,-0.201,-0.074,0.373,0.758,-0.429,-0.502,-0.193,-0.589,-0.365,0.892,0.011,0.137,-0.583,-0.388,-0.627,-0.822,-0.797,-0.735,-0.557,0.438,-0.077,-0.708,0.232,-0.665,-0.67,-0.715,-0.795,-0.196,-0.057,-0.776,-0.17,-0.256,-0.777,-0.622,0.827,-0.774,-0.468,0.661,0.546,0.295,-0.475,-0.663,-0.088,0.796,-0.427,-0.068,-0.498,-0.455,-0.669,0.435,-0.786,-0.447,-0.78,-0.454,0.42,-0.428,-0.689,-0.595,0.051,-0.402,-0.808,-0.289,0.06,-0.075,0.344,0.721,-0.523,-0.122,-0.756,0.134,0.588,-0.631,-0.878,0.395,-0.557,-0.418,0.716,-0.352,-0.869,-0.412,0.8,-0.85,-0.718,-0.819,0.796,-0.001,-0.473,0.91,0.096,-0.242,0.887,-0.742,0.781,-0.721,-0.69,0.315,0.871,-0.57,0.01,-0.622,-0.326,-0.847,0.526,-0.752,-0.559,0.164,-0.742,-0.028,-0.807,-0.143,-0.298,0.736,-0.521,-0.225,-0.646,0.414,-0.692,-0.692,0.259,-0.782,-0.406,-0.691,0.34,-0.267,-0.422,-0.626,-0.063,0.037,0.523,-0.538,-0.698,0.071,-0.295,-0.871,-0.194,-0.231,0.501,-0.436,-0.287,0.221,0.003,0.301,-0.522,-0.72,0.678,-0.607,0.567,-0.773,0.537,-0.62,-0.238,0.814,-0.365,0.171,-0.829,-0.659,-0.753,-0.769,0.73,-0.157,-0.514,-0.311,-0.837,-0.594,-0.779,0.141,-0.354,-0.74,-0.729,-0.34,-0.798,-0.175,0.912,-0.014,-0.699,0.067,-0.826,-0.335,0.051,-0.781,-0.392,-0.291,0.477,0.829
AAON,-0.486,0.0,-0.406,0.753,0.346,0.509,0.924,0.625,0.134,-0.379,0.784,0.274,0.246,0.054,0.572,0.511,0.661,0.759,0.404,-0.692,0.912,0.406,0.467,0.928,0.907,-0.646,0.432,-0.232,0.587,0.853,0.383,0.726,0.798,0.711,0.51,0.423,0.512,0.774,0.563,0.859,0.865,0.745,0.829,0.216,-0.404,0.657,0.415,0.738,0.647,0.646,-0.8,0.768,-0.121,-0.628,0.139,-0.173,0.802,0.781,0.657,-0.486,0.899,0.697,0.897,0.825,0.783,0.248,0.556,0.855,0.656,-0.05,0.404,0.761,0.758,0.793,0.442,0.882,0.691,0.062,0.637,0.273,-0.057,0.089,0.506,0.713,0.859,-0.058,-0.449,0.892,0.501,-0.147,0.64,0.686,-0.459,0.95,0.743,0.722,-0.279,0.724,0.884,0.752,-0.774,-0.315,0.719,-0.49,0.34,0.798,-0.648,0.852,-0.32,0.507,0.399,0.514,-0.478,0.779,0.65,0.898,0.881,0.627,-0.122,0.571,0.676,0.456,0.697,0.7,0.785,0.741,0.849,-0.631,0.94,0.646,0.77,0.36,0.52,0.492,-0.132,0.795,0.823,0.593,0.408,0.829,0.402,0.801,-0.172,0.724,-0.541,0.907,0.833,0.606,0.699,0.599,0.343,0.571,0.102,0.696,0.794,-0.566,0.616,0.411,0.837,0.728,-0.569,0.837,-0.581,0.834,0.159,0.649,0.857,-0.133,-0.375,0.551,0.714,0.843,0.856,0.482,-0.699,0.591,0.618,0.878,0.755,0.785,0.792,0.272,0.681,0.832,0.839,0.663,0.801,0.726,-0.585,-0.202,0.571,0.311,0.799,0.319,0.561,0.479,0.648,0.165,0.375,-0.726
ACB,0.597,-0.406,0.0,-0.752,-0.093,-0.064,-0.238,-0.053,-0.45,0.57,-0.142,0.144,0.421,0.617,-0.355,0.062,-0.358,-0.292,0.471,0.224,-0.569,-0.697,0.206,-0.388,-0.22,0.494,0.435,-0.045,-0.124,-0.079,-0.385,-0.465,-0.603,-0.691,-0.005,0.1,-0.284,-0.56,0.085,-0.636,-0.464,-0.526,-0.588,-0.469,0.469,-0.276,-0.479,-0.003,-0.315,-0.261,0.718,-0.474,-0.324,0.822,0.002,0.682,-0.08,-0.729,0.074,0.686,-0.348,-0.071,-0.285,-0.407,-0.371,-0.085,-0.215,-0.326,-0.684,-0.014,0.074,-0.522,-0.714,-0.556,-0.109,-0.357,-0.31,0.442,-0.073,-0.43,-0.339,0.439,-0.269,-0.466,-0.672,0.536,-0.028,-0.58,-0.447,0.309,-0.107,-0.15,0.731,-0.442,-0.628,0.026,0.729,-0.631,-0.469,-0.517,0.492,0.377,-0.176,0.534,-0.061,-0.231,0.579,-0.537,0.252,-0.717,-0.171,-0.14,0.518,-0.406,0.066,-0.553,-0.107,-0.689,0.063,-0.281,-0.715,-0.294,-0.311,-0.247,-0.553,-0.137,-0.226,0.578,-0.512,-0.36,-0.374,0.166,-0.402,-0.213,-0.063,-0.576,-0.077,-0.287,-0.106,-0.48,0.179,-0.528,0.195,-0.178,0.274,-0.494,-0.584,0.204,-0.434,-0.516,0.283,-0.634,0.559,-0.612,-0.167,0.523,0.168,-0.123,-0.299,-0.161,0.61,-0.47,0.856,-0.396,0.228,-0.615,-0.436,0.428,0.04,-0.298,-0.364,-0.685,-0.508,-0.265,0.273,-0.362,-0.237,-0.263,-0.44,-0.313,-0.545,0.198,-0.512,-0.588,-0.546,0.11,-0.472,-0.441,0.51,0.504,-0.834,0.253,-0.597,-0.409,0.156,-0.317,0.066,-0.61,0.284,0.638
ACGL,-0.476,0.753,-0.752,0.0,0.437,0.469,0.634,0.577,0.536,-0.45,0.517,0.237,-0.064,-0.293,0.717,0.206,0.68,0.732,0.045,-0.392,0.816,0.646,0.058,0.75,0.695,-0.513,-0.038,0.134,0.307,0.481,0.46,0.607,0.762,0.844,0.163,0.383,0.676,0.76,0.364,0.876,0.761,0.747,0.744,0.667,-0.477,0.417,0.724,0.446,0.449,0.451,-0.742,0.64,0.171,-0.727,0.312,-0.511,0.443,0.927,0.217,-0.554,0.702,0.434,0.66,0.75,0.641,0.286,0.225,0.642,0.744,-0.059,0.383,0.885,0.871,0.83,0.532,0.762,0.436,-0.303,0.472,0.675,0.456,-0.057,0.427,0.67,0.84,-0.277,-0.066,0.868,0.403,-0.003,0.332,0.291,-0.676,0.766,0.716,0.299,-0.53,0.744,0.724,0.656,-0.604,-0.391,0.363,-0.413,0.294,0.692,-0.555,0.727,-0.059,0.746,0.31,0.551,-0.463,0.626,0.468,0.847,0.526,0.693,0.171,0.299,0.872,0.499,0.474,0.646,0.706,0.655,0.636,-0.663,0.803,0.778,0.61,0.328,0.519,0.341,-0.102,0.742,0.425,0.318,0.518,0.844,0.008,0.749,-0.391,0.658,-0.413,0.825,0.8,0.144,0.791,0.56,-0.098,0.898,-0.311,0.884,0.622,-0.736,0.425,0.533,0.659,0.367,-0.727,0.74,-0.847,0.623,0.195,0.767,0.793,-0.188,-0.329,0.682,0.502,0.907,0.694,0.289,-0.418,0.721,0.477,0.707,0.545,0.617,0.703,-0.031,0.556,0.792,0.766,0.318,0.634,0.834,-0.512,-0.475,0.841,0.091,0.739,0.491,0.299,0.341,0.304,0.606,0.261,-0.667
ACGLO,-0.021,0.346,-0.093,0.437,0.0,0.591,0.445,0.686,0.725,0.287,0.247,0.372,0.55,0.331,0.422,0.403,0.162,0.687,0.347,-0.094,0.399,0.377,-0.048,0.402,0.34,-0.137,0.214,0.552,0.454,0.429,0.176,0.231,0.354,0.53,0.224,0.606,0.577,0.378,0.287,0.472,0.506,0.427,0.307,0.51,-0.081,0.141,0.58,0.549,0.124,0.172,-0.126,0.254,-0.015,-0.093,0.56,0.024,0.229,0.435,0.215,0.007,0.508,0.557,0.417,0.576,0.444,0.378,-0.146,0.512,0.29,-0.178,0.605,0.508,0.395,0.59,0.697,0.471,0.188,-0.215,0.526,0.569,0.381,0.251,0.238,0.231,0.316,0.202,0.15,0.517,0.166,0.532,0.369,0.127,-0.152,0.306,0.285,0.278,-0.019,0.375,0.306,0.272,-0.188,-0.031,0.31,-0.037,0.22,0.554,-0.029,0.452,0.306,0.538,0.301,0.536,0.059,0.279,0.69,0.499,0.358,0.251,0.54,-0.004,0.597,0.429,0.218,0.659,0.267,0.576,0.526,-0.138,0.367,0.494,0.503,0.676,0.25,0.17,-0.246,0.31,0.312,0.119,0.526,0.607,-0.117,0.512,-0.618,0.467,-0.166,0.488,0.404,0.326,0.585,0.145,0.009,0.536,0.132,0.575,0.567,-0.475,0.621,0.548,0.466,0.163,-0.286,0.331,-0.345,0.201,0.45,0.388,0.527,0.156,-0.343,0.591,0.372,0.488,0.223,0.023,-0.155,0.755,0.118,0.571,0.159,0.415,0.291,0.179,0.099,0.379,0.33,0.263,0.303,0.649,-0.06,0.258,0.289,0.52,0.315,0.508,0.195,0.018,0.168,0.561,0.454,-0.085
ACIW,0.27,0.509,-0.064,0.469,0.591,0.0,0.429,0.732,0.323,0.299,0.386,0.674,0.537,0.435,0.521,0.568,0.383,0.772,0.547,0.028,0.548,0.151,0.01,0.358,0.477,0.148,0.215,0.017,0.108,0.465,-0.286,-0.022,0.168,0.235,-0.055,0.881,0.434,0.178,0.629,0.345,0.313,0.175,0.182,0.197,-0.602,-0.137,0.421,0.453,-0.105,-0.058,-0.12,0.08,-0.53,-0.172,0.734,-0.106,0.22,0.313,0.473,0.068,0.587,0.665,0.401,0.488,0.146,0.659,-0.303,0.449,0.116,-0.677,0.834,0.458,0.243,0.366,0.767,0.494,-0.052,-0.321,0.755,0.349,0.414,0.586,-0.086,0.535,0.225,0.016,0.172,0.443,-0.209,0.277,0.107,0.316,0.102,0.583,0.041,0.32,0.343,0.075,0.185,0.011,-0.186,-0.31,0.308,0.301,0.445,0.52,0.134,0.272,0.509,0.162,-0.146,0.766,0.318,0.233,0.673,0.413,0.474,0.008,0.497,-0.212,0.444,0.803,-0.007,0.734,0.064,0.577,0.566,0.02,0.547,0.416,0.31,0.744,-0.076,-0.233,-0.012,0.154,0.362,-0.039,0.798,0.739,-0.277,0.363,-0.449,0.656,0.08,0.462,0.291,0.608,0.483,-0.172,-0.111,0.538,0.488,0.394,0.463,-0.476,0.597,0.635,0.306,-0.008,0.003,0.294,-0.368,0.053,0.574,0.148,0.673,0.636,-0.828,0.811,0.059,0.379,0.117,-0.239,-0.131,0.673,-0.053,0.616,-0.018,0.152,0.14,0.464,0.399,0.24,0.211,0.125,0.097,0.625,0.234,-0.192,0.077,0.341,0.093,0.16,0.317,-0.288,0.179,0.29,0.705,0.062
ADBE,-0.49,0.924,-0.238,0.634,0.445,0.429,0.0,0.691,0.158,-0.322,0.754,0.251,0.389,0.175,0.524,0.534,0.598,0.771,0.529,-0.77,0.829,0.317,0.526,0.941,0.886,-0.703,0.486,-0.138,0.745,0.909,0.461,0.775,0.809,0.682,0.683,0.406,0.544,0.77,0.593,0.813,0.885,0.75,0.817,0.222,-0.166,0.745,0.383,0.837,0.735,0.7,-0.699,0.791,-0.07,-0.48,0.072,0.037,0.887,0.72,0.712,-0.35,0.909,0.718,0.921,0.859,0.828,0.192,0.589,0.889,0.632,0.046,0.363,0.728,0.715,0.797,0.473,0.912,0.788,0.214,0.592,0.214,-0.161,0.109,0.528,0.544,0.814,0.159,-0.524,0.874,0.564,0.016,0.793,0.654,-0.405,0.844,0.757,0.756,-0.226,0.728,0.892,0.789,-0.772,-0.27,0.76,-0.524,0.21,0.846,-0.653,0.876,-0.383,0.51,0.495,0.435,-0.514,0.762,0.756,0.887,0.874,0.575,-0.145,0.623,0.596,0.346,0.775,0.663,0.795,0.791,0.877,-0.593,0.86,0.664,0.843,0.429,0.571,0.582,-0.258,0.793,0.907,0.659,0.312,0.726,0.513,0.816,-0.246,0.661,-0.67,0.919,0.805,0.633,0.695,0.621,0.507,0.469,0.123,0.686,0.872,-0.503,0.73,0.374,0.917,0.828,-0.598,0.811,-0.451,0.868,0.163,0.658,0.816,-0.203,-0.306,0.494,0.798,0.802,0.866,0.565,-0.717,0.566,0.725,0.877,0.79,0.862,0.781,0.274,0.499,0.816,0.814,0.802,0.847,0.701,-0.621,0.027,0.516,0.448,0.82,0.296,0.61,0.572,0.705,0.12,0.423,-0.718
ADSK,0.07,0.625,-0.053,0.577,0.686,0.732,0.691,0.0,0.378,0.018,0.532,0.676,0.598,0.399,0.761,0.598,0.468,0.901,0.722,-0.252,0.644,0.212,0.196,0.669,0.68,-0.222,0.307,0.194,0.465,0.676,0.183,0.366,0.477,0.429,0.368,0.808,0.749,0.464,0.742,0.602,0.594,0.521,0.452,0.446,-0.184,0.272,0.477,0.795,0.319,0.191,-0.218,0.438,-0.207,-0.197,0.541,0.191,0.579,0.534,0.594,0.109,0.76,0.765,0.705,0.789,0.487,0.627,-0.047,0.682,0.285,-0.217,0.726,0.74,0.511,0.612,0.824,0.801,0.331,-0.053,0.563,0.436,0.341,0.569,0.198,0.41,0.461,0.152,-0.037,0.666,0.111,0.531,0.511,0.3,-0.174,0.626,0.362,0.333,0.051,0.367,0.503,0.388,-0.341,-0.297,0.435,-0.015,0.181,0.82,-0.122,0.515,0.267,0.314,0.199,0.811,-0.055,0.472,0.921,0.647,0.617,0.175,0.38,0.144,0.486,0.493,0.398,0.788,0.42,0.873,0.785,-0.227,0.573,0.724,0.611,0.873,0.264,0.236,-0.106,0.467,0.627,0.245,0.678,0.708,0.15,0.607,-0.571,0.747,-0.436,0.729,0.552,0.589,0.67,0.169,0.253,0.639,0.253,0.706,0.797,-0.582,0.827,0.768,0.705,0.295,-0.412,0.497,-0.299,0.395,0.548,0.401,0.801,0.242,-0.571,0.805,0.322,0.604,0.448,0.126,-0.23,0.654,0.465,0.809,0.294,0.616,0.405,0.324,0.193,0.511,0.504,0.626,0.437,0.821,-0.104,-0.036,0.311,0.588,0.432,0.341,0.514,0.148,0.408,0.213,0.846,-0.279
AEP,-0.194,0.134,-0.45,0.536,0.725,0.323,0.158,0.378,0.0,0.111,0.026,0.118,0.053,-0.221,0.336,-0.068,0.243,0.461,-0.126,0.084,0.283,0.51,-0.344,0.213,0.103,-0.135,-0.247,0.67,0.249,0.092,0.268,0.168,0.31,0.596,-0.029,0.324,0.507,0.32,0.033,0.406,0.351,0.368,0.255,0.767,-0.183,0.066,0.757,0.181,0.014,0.136,-0.186,0.16,0.353,-0.294,0.493,-0.336,-0.108,0.522,-0.245,-0.163,0.263,0.13,0.142,0.429,0.367,0.244,-0.206,0.272,0.47,-0.015,0.32,0.418,0.423,0.541,0.49,0.308,0.068,-0.425,0.271,0.751,0.57,-0.084,0.223,0.177,0.309,0.002,0.287,0.433,0.153,0.464,0.132,-0.256,-0.378,0.108,0.306,-0.038,-0.286,0.411,0.19,0.224,-0.157,-0.228,-0.052,-0.12,0.113,0.375,-0.115,0.346,0.273,0.764,0.16,0.279,-0.051,0.126,0.345,0.402,0.001,0.345,0.509,-0.165,0.708,0.301,0.045,0.434,0.226,0.328,0.23,-0.163,0.226,0.472,0.337,0.381,0.243,0.091,-0.293,0.259,-0.077,-0.002,0.317,0.499,-0.422,0.405,-0.665,0.287,-0.096,0.364,0.294,-0.232,0.544,0.168,-0.3,0.664,-0.266,0.604,0.269,-0.513,0.288,0.349,0.262,0.002,-0.443,0.263,-0.539,0.126,0.181,0.555,0.326,-0.078,-0.201,0.48,0.241,0.462,0.119,-0.05,-0.038,0.743,0.044,0.317,0.081,0.241,0.18,-0.227,-0.048,0.308,0.247,-0.041,0.204,0.553,-0.163,-0.028,0.57,0.089,0.303,0.424,-0.046,-0.004,-0.075,0.912,0.102,-0.173
AGIO,0.654,-0.379,0.57,-0.45,0.287,0.299,-0.322,0.018,0.111,0.0,-0.19,0.34,0.473,0.465,-0.269,0.109,-0.245,-0.051,0.241,0.538,-0.421,-0.251,-0.148,-0.477,-0.346,0.689,0.201,0.205,-0.25,-0.18,-0.5,-0.647,-0.635,-0.458,-0.334,0.358,-0.145,-0.581,0.031,-0.54,-0.444,-0.571,-0.622,-0.152,-0.03,-0.521,0.043,-0.122,-0.578,-0.321,0.646,-0.597,-0.368,0.537,0.44,0.304,-0.422,-0.567,-0.151,0.551,-0.266,0.051,-0.387,-0.308,-0.322,0.227,-0.546,-0.249,-0.522,-0.417,0.401,-0.393,-0.621,-0.378,0.171,-0.353,-0.569,-0.176,0.281,0.001,0.144,0.393,-0.232,-0.082,-0.607,0.341,0.371,-0.454,-0.578,0.397,-0.316,-0.216,0.658,-0.323,-0.656,-0.035,0.721,-0.585,-0.552,-0.651,0.515,0.124,-0.205,0.662,0.255,-0.135,0.734,-0.438,0.575,-0.342,-0.351,0.106,0.788,-0.526,0.092,-0.481,-0.209,-0.568,0.521,-0.635,-0.282,0.116,-0.524,0.007,-0.655,-0.142,-0.183,0.673,-0.391,-0.273,-0.389,0.356,-0.536,-0.528,0.042,-0.639,-0.279,-0.422,0.085,-0.083,-0.35,-0.443,-0.131,-0.034,0.519,-0.438,-0.583,0.161,-0.256,-0.634,-0.129,-0.291,0.603,-0.403,-0.155,0.265,0.118,0.038,-0.35,-0.423,0.705,-0.389,0.464,-0.569,0.325,-0.406,-0.234,0.654,-0.313,0.055,-0.384,-0.525,-0.655,-0.612,0.361,0.039,-0.629,-0.198,-0.59,-0.467,-0.614,0.28,-0.315,-0.609,-0.623,-0.284,-0.608,-0.211,0.644,0.299,-0.597,0.119,-0.636,-0.148,0.001,-0.684,-0.189,-0.026,0.198,0.789
ALEC,-0.19,0.784,-0.142,0.517,0.247,0.386,0.754,0.532,0.026,-0.19,0.0,0.326,0.19,0.039,0.481,0.215,0.664,0.615,0.506,-0.477,0.722,0.088,0.394,0.718,0.783,-0.325,0.553,-0.197,0.345,0.637,0.278,0.411,0.448,0.428,0.255,0.47,0.448,0.511,0.565,0.558,0.594,0.416,0.472,0.202,-0.357,0.403,0.361,0.566,0.365,0.67,-0.49,0.413,-0.166,-0.298,0.284,-0.154,0.64,0.5,0.493,-0.172,0.63,0.478,0.649,0.556,0.623,0.146,0.365,0.668,0.373,0.013,0.445,0.533,0.431,0.544,0.324,0.681,0.398,0.059,0.637,0.322,0.003,0.306,0.527,0.692,0.542,0.191,-0.377,0.583,0.162,-0.082,0.413,0.381,-0.155,0.763,0.416,0.567,-0.003,0.409,0.643,0.442,-0.451,-0.309,0.431,-0.206,0.4,0.714,-0.418,0.559,-0.113,0.217,0.15,0.504,-0.229,0.461,0.55,0.615,0.687,0.278,0.015,0.264,0.384,0.396,0.382,0.642,0.461,0.64,0.606,-0.381,0.679,0.583,0.452,0.401,0.281,0.357,-0.215,0.433,0.589,0.217,0.443,0.666,0.287,0.443,-0.122,0.736,-0.409,0.649,0.481,0.487,0.62,0.27,0.21,0.427,0.229,0.494,0.642,-0.501,0.625,0.424,0.642,0.556,-0.38,0.568,-0.265,0.59,0.333,0.52,0.669,0.052,-0.374,0.505,0.434,0.529,0.578,0.166,-0.495,0.478,0.507,0.679,0.445,0.583,0.448,0.139,0.494,0.486,0.52,0.622,0.488,0.623,-0.383,-0.238,0.306,0.245,0.488,0.19,0.817,0.2,0.65,0.063,0.431,-0.465
ALNY,0.568,0.274,0.144,0.237,0.372,0.674,0.251,0.676,0.118,0.34,0.326,0.0,0.469,0.277,0.585,0.436,0.383,0.641,0.644,0.258,0.332,0.012,0.174,0.176,0.319,0.33,0.197,0.113,-0.061,0.321,-0.248,-0.193,-0.075,-0.096,-0.087,0.799,0.496,-0.065,0.716,0.09,0.071,-0.059,-0.063,0.103,-0.393,-0.192,0.335,0.413,-0.193,-0.152,0.17,-0.071,-0.445,0.09,0.661,0.162,0.131,0.063,0.385,0.457,0.344,0.525,0.29,0.322,-0.037,0.803,-0.386,0.331,-0.143,-0.476,0.768,0.288,0.022,0.137,0.52,0.39,-0.207,-0.392,0.55,0.223,0.45,0.701,-0.152,0.418,0.017,-0.036,0.381,0.164,-0.412,0.466,0.042,0.056,0.201,0.423,-0.203,0.098,0.493,-0.215,0.003,-0.166,0.132,-0.37,0.099,0.497,0.292,0.477,0.338,-0.002,0.504,-0.159,-0.401,0.734,0.487,0.051,0.629,0.161,0.335,-0.29,0.522,-0.325,0.106,0.512,-0.105,0.572,-0.104,0.549,0.471,0.224,0.249,0.417,0.042,0.837,-0.235,-0.271,0.134,-0.069,0.251,-0.11,0.644,0.447,-0.148,0.084,-0.384,0.644,-0.04,0.292,0.024,0.457,0.356,-0.347,0.126,0.333,0.499,0.272,0.379,-0.319,0.522,0.678,0.232,-0.151,0.124,0.13,0.01,-0.089,0.694,0.026,0.527,0.637,-0.729,0.724,-0.254,0.102,-0.037,-0.37,0.267,0.37,0.037,0.456,-0.184,0.115,-0.109,0.297,0.074,-0.017,-0.007,0.226,-0.113,0.512,0.435,-0.226,-0.099,0.25,-0.112,-0.016,0.468,-0.37,-0.011,-0.02,0.835,0.183
ALTR,0.267,0.246,0.421,-0.064,0.55,0.537,0.389,0.598,0.053,0.473,0.19,0.469,0.0,0.765,0.058,0.722,-0.178,0.505,0.735,-0.129,0.19,0.025,0.174,0.24,0.212,0.034,0.447,0.124,0.415,0.473,-0.217,0.017,0.041,-0.032,0.376,0.568,0.122,-0.026,0.449,0.1,0.207,0.05,0.038,-0.102,0.063,0.031,-0.032,0.592,0.085,-0.105,0.132,0.121,-0.522,0.176,0.28,0.545,0.4,-0.022,0.646,0.323,0.468,0.766,0.386,0.356,0.193,0.465,-0.077,0.465,-0.248,-0.276,0.584,0.151,-0.075,0.139,0.569,0.281,0.146,0.134,0.374,-0.106,-0.139,0.469,-0.055,0.042,-0.012,0.289,-0.063,0.193,-0.027,0.471,0.448,0.453,0.338,0.237,-0.042,0.389,0.433,-0.056,0.113,-0.0,-0.128,0.09,0.543,0.148,0.024,0.363,0.257,0.22,0.254,-0.085,0.103,0.451,0.284,0.201,0.701,0.156,0.408,-0.149,0.236,0.055,0.016,0.2,0.233,0.38,-0.002,0.455,0.513,0.27,0.207,0.077,0.386,0.649,-0.145,0.04,0.101,0.035,0.548,0.209,0.263,0.295,0.266,0.237,-0.171,0.274,-0.067,0.24,0.129,0.741,0.034,-0.119,0.435,-0.055,0.7,0.06,0.449,-0.101,0.532,0.333,0.349,0.16,0.216,0.039,0.194,0.081,0.286,-0.147,0.386,0.426,-0.448,0.318,0.219,0.078,0.027,0.08,-0.146,0.209,0.044,0.458,0.047,0.268,0.051,0.632,0.01,0.05,0.035,0.413,0.084,0.193,0.173,0.469,-0.231,0.705,0.007,0.171,0.197,-0.013,0.264,-0.2,0.597,0.188
AMBA,0.386,0.054,0.617,-0.293,0.331,0.435,0.175,0.399,-0.221,0.465,0.039,0.277,0.765,0.0,-0.029,0.598,-0.282,0.204,0.657,-0.041,-0.06,-0.371,0.114,0.045,0.131,0.184,0.524,-0.02,0.197,0.273,-0.29,-0.112,-0.152,-0.232,0.228,0.441,-0.016,-0.138,0.323,-0.108,-0.012,-0.074,-0.147,-0.252,0.219,-0.119,-0.276,0.37,-0.061,-0.221,0.356,-0.084,-0.537,0.39,0.191,0.623,0.262,-0.282,0.499,0.401,0.199,0.494,0.131,0.08,-0.049,0.197,-0.18,0.07,-0.398,-0.273,0.386,-0.032,-0.244,-0.137,0.391,0.074,-0.019,0.358,0.215,-0.252,-0.215,0.551,-0.214,-0.179,-0.24,0.455,-0.126,-0.057,-0.157,0.304,0.178,0.332,0.542,-0.009,-0.222,0.238,0.515,-0.207,-0.051,-0.16,0.079,0.279,0.301,0.292,0.02,0.109,0.389,-0.028,0.319,-0.358,0.122,0.315,0.327,0.057,0.424,-0.077,0.228,-0.324,0.149,0.01,-0.242,0.139,0.015,0.146,-0.179,0.224,0.216,0.299,-0.031,-0.128,0.129,0.422,-0.169,-0.114,0.005,-0.133,0.358,-0.009,0.239,0.016,0.236,0.012,-0.053,0.075,0.078,-0.042,-0.053,0.674,-0.11,-0.224,0.29,-0.209,0.571,-0.185,0.248,0.181,0.421,0.213,0.109,0.004,0.331,-0.137,0.405,-0.122,0.369,-0.393,0.111,0.449,-0.207,0.106,0.02,-0.15,-0.129,-0.016,-0.045,0.015,-0.072,0.184,-0.145,0.027,-0.094,0.538,-0.062,-0.112,-0.128,0.235,-0.083,-0.008,0.291,0.5,-0.465,0.655,-0.19,-0.039,0.126,-0.091,0.233,-0.378,0.484,0.385
AMCX,0.018,0.572,-0.355,0.717,0.422,0.521,0.524,0.761,0.336,-0.269,0.481,0.585,0.058,-0.029,0.0,0.286,0.7,0.735,0.391,-0.102,0.611,0.292,0.212,0.607,0.675,-0.231,0.099,0.158,0.177,0.466,0.383,0.394,0.504,0.486,0.122,0.595,0.873,0.58,0.583,0.634,0.547,0.563,0.488,0.541,-0.284,0.268,0.601,0.503,0.273,0.244,-0.323,0.419,0.096,-0.356,0.484,-0.153,0.407,0.601,0.288,-0.059,0.543,0.411,0.568,0.662,0.396,0.518,-0.047,0.479,0.461,-0.12,0.513,0.768,0.664,0.615,0.501,0.739,0.216,-0.255,0.468,0.587,0.566,0.413,0.237,0.543,0.554,-0.117,0.129,0.62,0.094,0.281,0.227,0.086,-0.436,0.614,0.411,0.131,-0.209,0.417,0.499,0.438,-0.2,-0.387,0.143,-0.035,0.29,0.713,-0.227,0.414,0.162,0.358,0.108,0.738,-0.205,0.429,0.581,0.65,0.451,0.306,0.375,0.131,0.544,0.507,0.276,0.658,0.482,0.744,0.605,-0.456,0.543,0.803,0.371,0.626,0.431,0.195,-0.007,0.512,0.354,0.134,0.73,0.629,-0.001,0.52,-0.486,0.745,-0.421,0.681,0.565,0.236,0.79,0.255,0.037,0.764,-0.179,0.785,0.662,-0.551,0.6,0.764,0.556,0.176,-0.557,0.591,-0.467,0.372,0.587,0.529,0.702,0.064,-0.371,0.761,0.154,0.647,0.503,0.048,-0.059,0.593,0.497,0.619,0.285,0.523,0.449,-0.069,0.299,0.566,0.565,0.406,0.413,0.864,-0.14,-0.411,0.484,0.205,0.466,0.32,0.457,0.123,0.203,0.326,0.639,-0.406
AMKR,0.001,0.511,0.062,0.206,0.403,0.568,0.534,0.598,-0.068,0.109,0.215,0.436,0.722,0.598,0.286,0.0,0.017,0.576,0.552,-0.299,0.443,0.207,0.301,0.46,0.408,-0.262,0.313,-0.15,0.478,0.632,-0.114,0.318,0.367,0.19,0.521,0.454,0.218,0.232,0.482,0.392,0.414,0.328,0.384,-0.168,-0.112,0.279,-0.035,0.676,0.368,-0.014,-0.241,0.455,-0.488,-0.208,0.07,0.401,0.545,0.211,0.781,0.006,0.685,0.864,0.603,0.548,0.266,0.551,0.138,0.602,0.054,-0.35,0.466,0.413,0.275,0.306,0.538,0.496,0.394,0.068,0.377,-0.158,-0.155,0.297,0.015,0.247,0.327,-0.002,-0.113,0.47,0.252,0.132,0.569,0.745,-0.015,0.496,0.274,0.421,0.099,0.215,0.344,0.286,-0.402,-0.062,0.763,-0.133,-0.003,0.456,-0.066,0.454,-0.033,0.062,0.191,0.503,-0.023,0.455,0.644,0.414,0.594,0.159,-0.005,0.348,0.214,0.294,0.498,0.45,0.334,0.515,0.713,-0.046,0.469,0.148,0.573,0.48,0.061,0.134,0.308,0.383,0.729,0.538,0.292,0.439,0.353,0.466,-0.109,0.322,-0.261,0.487,0.47,0.844,0.205,0.179,0.492,0.098,0.488,0.277,0.514,-0.199,0.419,0.308,0.531,0.313,-0.016,0.341,-0.113,0.308,0.139,0.038,0.587,0.181,-0.43,0.396,0.38,0.376,0.364,0.284,-0.28,0.179,0.21,0.598,0.365,0.43,0.388,0.699,0.318,0.369,0.356,0.424,0.369,0.32,-0.011,0.199,0.036,0.614,0.307,0.265,0.1,0.209,0.237,-0.23,0.486,-0.167
AMRX,-0.201,0.661,-0.358,0.68,0.162,0.383,0.598,0.468,0.243,-0.245,0.664,0.383,-0.178,-0.282,0.7,0.017,0.0,0.584,0.223,-0.3,0.611,0.19,0.348,0.617,0.731,-0.279,0.213,-0.13,0.17,0.533,0.386,0.403,0.476,0.495,0.094,0.427,0.681,0.547,0.539,0.549,0.54,0.454,0.505,0.396,-0.429,0.406,0.669,0.388,0.337,0.612,-0.478,0.39,0.153,-0.388,0.325,-0.335,0.371,0.579,0.155,-0.214,0.503,0.207,0.531,0.561,0.514,0.195,0.217,0.474,0.634,-0.072,0.364,0.597,0.565,0.593,0.261,0.716,0.292,-0.152,0.623,0.506,0.323,0.181,0.41,0.709,0.598,0.011,-0.112,0.594,0.122,-0.01,0.218,0.096,-0.399,0.678,0.435,0.396,-0.141,0.453,0.57,0.441,-0.358,-0.469,0.123,-0.117,0.467,0.701,-0.411,0.466,-0.116,0.404,0.047,0.431,-0.273,0.373,0.415,0.63,0.517,0.384,0.159,0.116,0.538,0.441,0.268,0.567,0.485,0.589,0.524,-0.499,0.642,0.747,0.305,0.377,0.424,0.204,-0.285,0.478,0.346,0.178,0.461,0.643,0.023,0.434,-0.38,0.751,-0.382,0.663,0.468,0.134,0.772,0.331,0.04,0.629,-0.117,0.623,0.572,-0.499,0.566,0.424,0.542,0.43,-0.511,0.714,-0.476,0.524,0.362,0.725,0.597,-0.023,-0.367,0.588,0.281,0.571,0.546,0.028,-0.29,0.578,0.442,0.562,0.41,0.468,0.422,-0.141,0.376,0.524,0.536,0.399,0.448,0.71,-0.307,-0.507,0.476,-0.132,0.509,0.062,0.682,0.098,0.394,0.343,0.365,-0.492
ANSS,-0.074,0.759,-0.292,0.732,0.687,0.772,0.771,0.901,0.461,-0.051,0.615,0.641,0.505,0.204,0.735,0.576,0.584,0.0,0.604,-0.304,0.823,0.391,0.193,0.734,0.719,-0.301,0.237,0.195,0.47,0.704,0.175,0.41,0.577,0.577,0.307,0.8,0.719,0.546,0.742,0.706,0.674,0.544,0.554,0.466,-0.42,0.299,0.627,0.762,0.323,0.303,-0.428,0.489,-0.215,-0.386,0.581,-0.074,0.571,0.689,0.584,-0.067,0.854,0.791,0.742,0.827,0.55,0.648,0.036,0.814,0.434,-0.303,0.749,0.774,0.615,0.726,0.757,0.849,0.368,-0.253,0.689,0.501,0.366,0.411,0.278,0.627,0.616,-0.001,0.006,0.785,0.173,0.376,0.516,0.397,-0.273,0.778,0.465,0.44,-0.03,0.476,0.592,0.454,-0.477,-0.437,0.546,-0.113,0.26,0.869,-0.254,0.657,0.176,0.467,0.119,0.801,-0.088,0.561,0.867,0.766,0.687,0.327,0.356,0.145,0.665,0.623,0.413,0.858,0.498,0.869,0.836,-0.306,0.76,0.776,0.665,0.804,0.275,0.192,-0.088,0.54,0.654,0.302,0.684,0.873,0.039,0.68,-0.568,0.806,-0.418,0.839,0.638,0.576,0.788,0.249,0.193,0.739,0.226,0.783,0.78,-0.748,0.752,0.718,0.756,0.361,-0.475,0.607,-0.525,0.484,0.475,0.577,0.938,0.191,-0.666,0.893,0.42,0.731,0.533,0.133,-0.31,0.78,0.457,0.853,0.384,0.646,0.487,0.311,0.404,0.601,0.572,0.517,0.51,0.899,-0.177,-0.16,0.481,0.482,0.541,0.351,0.541,0.151,0.368,0.369,0.729,-0.408
APPN,0.373,0.404,0.471,0.045,0.347,0.547,0.529,0.722,-0.126,0.241,0.506,0.644,0.735,0.657,0.391,0.552,0.223,0.604,0.0,-0.184,0.349,-0.3,0.317,0.384,0.499,0.051,0.511,-0.021,0.335,0.543,-0.131,0.063,0.062,-0.098,0.34,0.7,0.321,0.049,0.808,0.131,0.201,0.069,0.054,-0.007,0.015,0.091,0.004,0.617,0.082,0.059,0.149,0.11,-0.54,0.237,0.392,0.53,0.566,0.03,0.736,0.494,0.511,0.674,0.437,0.408,0.193,0.489,-0.033,0.44,-0.188,-0.191,0.625,0.236,-0.022,0.119,0.509,0.502,0.151,0.214,0.44,-0.036,-0.072,0.736,0.011,0.196,0.039,0.407,-0.16,0.224,-0.177,0.437,0.415,0.324,0.353,0.386,-0.041,0.351,0.524,-0.083,0.206,0.04,-0.118,-0.178,0.409,0.22,0.032,0.564,0.171,0.177,0.272,-0.246,-0.067,0.593,0.237,0.232,0.772,0.235,0.53,-0.287,0.136,0.029,-0.098,0.261,0.176,0.461,0.037,0.646,0.569,0.172,0.29,0.343,0.318,0.743,-0.097,0.067,-0.042,0.062,0.606,0.103,0.46,0.314,0.294,0.213,-0.2,0.502,-0.265,0.357,0.125,0.719,0.26,-0.169,0.494,0.101,0.613,0.173,0.568,-0.198,0.71,0.546,0.464,0.24,0.034,0.128,0.274,0.185,0.503,-0.026,0.485,0.435,-0.527,0.488,0.094,0.106,0.153,0.041,-0.101,0.261,0.382,0.518,0.036,0.34,0.022,0.457,-0.011,0.083,0.095,0.605,0.13,0.374,0.154,0.216,-0.187,0.683,0.048,-0.081,0.593,0.035,0.434,-0.287,0.867,0.051
APTO,0.758,-0.692,0.224,-0.392,-0.094,0.028,-0.77,-0.252,0.084,0.538,-0.477,0.258,-0.129,-0.041,-0.102,-0.299,-0.3,-0.304,-0.184,0.0,-0.544,-0.215,-0.423,-0.777,-0.634,0.841,-0.369,0.321,-0.731,-0.709,-0.516,-0.844,-0.779,-0.575,-0.772,0.131,-0.155,-0.682,-0.189,-0.661,-0.74,-0.695,-0.782,-0.031,-0.111,-0.821,-0.028,-0.58,-0.844,-0.664,0.719,-0.805,-0.099,0.453,0.445,-0.053,-0.812,-0.568,-0.529,0.513,-0.66,-0.4,-0.728,-0.601,-0.719,0.301,-0.828,-0.614,-0.597,-0.339,0.165,-0.471,-0.59,-0.583,-0.132,-0.629,-0.897,-0.562,-0.157,0.116,0.546,0.292,-0.506,-0.183,-0.718,-0.103,0.811,-0.67,-0.779,0.29,-0.758,-0.653,0.453,-0.542,-0.792,-0.682,0.436,-0.745,-0.817,-0.812,0.843,-0.004,-0.688,0.768,0.043,-0.484,0.776,-0.782,0.7,-0.449,-0.666,0.066,0.747,-0.704,-0.352,-0.68,-0.646,-0.643,0.569,-0.828,-0.357,0.088,-0.846,-0.179,-0.793,-0.426,-0.586,0.639,-0.645,-0.32,-0.763,0.099,-0.605,-0.717,0.292,-0.777,-0.752,-0.756,0.156,-0.337,-0.7,-0.698,-0.056,-0.214,0.637,-0.666,-0.729,-0.363,-0.331,-0.769,-0.511,-0.128,0.109,-0.377,-0.588,0.203,-0.363,0.078,-0.716,-0.883,0.576,-0.653,0.305,-0.882,0.296,-0.489,-0.429,0.547,-0.144,0.019,-0.855,-0.62,-0.829,-0.837,0.837,-0.159,-0.692,-0.548,-0.863,-0.731,-0.78,-0.174,-0.364,-0.75,-0.755,-0.711,-0.851,-0.257,0.793,-0.157,-0.44,-0.3,-0.802,-0.207,-0.307,-0.818,-0.73,0.063,0.033,0.763
ARCT,-0.429,0.912,-0.569,0.816,0.399,0.548,0.829,0.644,0.283,-0.421,0.722,0.332,0.19,-0.06,0.611,0.443,0.611,0.823,0.349,-0.544,0.0,0.452,0.23,0.842,0.767,-0.564,0.188,-0.095,0.503,0.699,0.278,0.608,0.749,0.707,0.368,0.486,0.501,0.699,0.591,0.838,0.765,0.663,0.75,0.347,-0.523,0.485,0.471,0.646,0.491,0.504,-0.755,0.658,-0.163,-0.677,0.28,-0.303,0.66,0.823,0.608,-0.417,0.878,0.676,0.779,0.808,0.665,0.404,0.379,0.827,0.613,-0.116,0.435,0.752,0.749,0.763,0.509,0.848,0.574,-0.167,0.563,0.371,0.13,0.106,0.388,0.731,0.807,-0.199,-0.265,0.869,0.399,-0.075,0.562,0.552,-0.45,0.91,0.687,0.487,-0.306,0.67,0.773,0.656,-0.734,-0.5,0.645,-0.44,0.199,0.764,-0.608,0.817,-0.167,0.545,0.21,0.597,-0.386,0.711,0.628,0.86,0.754,0.545,-0.048,0.417,0.71,0.552,0.561,0.737,0.694,0.705,0.783,-0.534,0.9,0.669,0.738,0.403,0.383,0.365,-0.108,0.714,0.704,0.47,0.465,0.852,0.155,0.766,-0.313,0.683,-0.511,0.888,0.779,0.499,0.716,0.463,0.187,0.712,0.057,0.762,0.688,-0.743,0.491,0.501,0.776,0.544,-0.623,0.698,-0.679,0.697,0.154,0.671,0.917,-0.1,-0.481,0.68,0.588,0.845,0.76,0.37,-0.554,0.652,0.585,0.833,0.618,0.707,0.678,0.224,0.648,0.759,0.747,0.506,0.708,0.789,-0.492,-0.298,0.682,0.312,0.744,0.318,0.471,0.396,0.47,0.324,0.4,-0.717
ARWR,-0.502,0.406,-0.697,0.646,0.377,0.151,0.317,0.212,0.51,-0.251,0.088,0.012,0.025,-0.371,0.292,0.207,0.19,0.391,-0.3,-0.215,0.452,0.0,0.066,0.431,0.258,-0.475,-0.103,0.24,0.261,0.267,0.41,0.472,0.595,0.709,0.151,0.006,0.35,0.561,-0.17,0.653,0.598,0.569,0.606,0.378,-0.305,0.362,0.526,0.259,0.395,0.256,-0.669,0.541,0.343,-0.695,0.014,-0.436,0.198,0.673,0.013,-0.671,0.397,0.32,0.464,0.485,0.495,0.18,0.267,0.514,0.563,0.014,0.1,0.566,0.666,0.68,0.227,0.343,0.348,-0.394,0.234,0.449,0.286,-0.405,0.367,0.399,0.654,-0.483,0.12,0.615,0.501,-0.061,0.252,0.306,-0.689,0.469,0.592,0.258,-0.621,0.621,0.49,0.543,-0.417,-0.067,0.357,-0.458,0.233,0.276,-0.415,0.574,-0.244,0.734,0.393,0.197,-0.395,0.45,0.17,0.572,0.289,0.742,0.169,0.337,0.766,0.256,0.46,0.386,0.577,0.252,0.396,-0.548,0.53,0.397,0.443,0.05,0.455,0.336,0.198,0.577,0.212,0.406,0.139,0.55,0.036,0.543,-0.103,0.274,-0.137,0.519,0.616,0.025,0.376,0.55,-0.084,0.504,-0.267,0.583,0.29,-0.403,0.054,0.17,0.368,0.234,-0.411,0.546,-0.727,0.438,-0.142,0.512,0.463,-0.269,-0.036,0.246,0.472,0.663,0.47,0.294,-0.277,0.399,0.148,0.445,0.501,0.43,0.617,0.038,0.502,0.604,0.583,0.061,0.486,0.442,-0.443,-0.265,0.664,-0.091,0.572,0.566,-0.166,0.27,-0.034,0.5,-0.13,-0.497
ASND,-0.193,0.467,0.206,0.058,-0.048,0.01,0.526,0.196,-0.344,-0.148,0.394,0.174,0.174,0.114,0.212,0.301,0.348,0.193,0.317,-0.423,0.23,0.066,0.0,0.464,0.536,-0.368,0.622,-0.288,0.315,0.626,0.357,0.421,0.341,0.146,0.444,0.033,0.217,0.408,0.177,0.294,0.453,0.337,0.412,-0.338,0.055,0.599,0.007,0.493,0.514,0.528,-0.355,0.435,0.086,-0.08,-0.213,0.17,0.594,0.154,0.377,-0.172,0.294,0.223,0.577,0.271,0.378,-0.007,0.6,0.467,0.238,0.165,0.032,0.237,0.261,0.335,-0.073,0.38,0.463,0.316,0.387,-0.137,-0.356,0.04,0.301,0.21,0.388,0.035,-0.363,0.294,0.325,-0.178,0.405,0.436,-0.188,0.451,0.3,0.672,0.003,0.279,0.464,0.435,-0.235,0.109,0.384,-0.186,0.369,0.325,-0.347,0.317,-0.498,-0.016,0.317,0.017,-0.293,0.402,0.284,0.37,0.628,0.301,-0.156,0.485,0.099,0.034,0.483,0.235,0.442,0.379,0.448,-0.422,0.398,0.255,0.23,0.123,0.449,0.37,-0.067,0.377,0.523,0.474,0.035,0.181,0.596,0.24,0.25,0.343,-0.36,0.381,0.332,0.416,0.251,0.396,0.609,-0.078,0.136,0.109,0.405,0.151,0.397,-0.039,0.404,0.635,-0.071,0.558,0.028,0.52,0.184,0.188,0.268,-0.132,0.02,-0.027,0.361,0.244,0.496,0.31,-0.368,0.036,0.345,0.377,0.54,0.482,0.455,0.166,0.329,0.386,0.453,0.569,0.44,0.189,-0.323,0.123,-0.02,0.007,0.361,-0.025,0.499,0.253,0.399,-0.355,0.175,-0.324
ASTH,-0.589,0.928,-0.388,0.75,0.402,0.358,0.941,0.669,0.213,-0.477,0.718,0.176,0.24,0.045,0.607,0.46,0.617,0.734,0.384,-0.777,0.842,0.431,0.464,0.0,0.9,-0.778,0.418,-0.098,0.688,0.866,0.58,0.862,0.903,0.78,0.648,0.32,0.626,0.864,0.489,0.92,0.937,0.868,0.905,0.344,-0.157,0.783,0.448,0.812,0.796,0.683,-0.788,0.886,0.096,-0.588,0.008,-0.078,0.872,0.833,0.59,-0.477,0.891,0.638,0.946,0.89,0.855,0.158,0.62,0.86,0.724,0.155,0.272,0.844,0.846,0.86,0.471,0.93,0.819,0.214,0.492,0.322,-0.065,-0.001,0.557,0.537,0.904,0.002,-0.519,0.93,0.652,-0.015,0.753,0.614,-0.581,0.84,0.857,0.692,-0.43,0.838,0.949,0.869,-0.799,-0.208,0.694,-0.602,0.211,0.84,-0.722,0.904,-0.408,0.608,0.581,0.436,-0.645,0.827,0.673,0.941,0.813,0.703,-0.141,0.674,0.685,0.264,0.829,0.614,0.898,0.807,0.852,-0.729,0.884,0.73,0.855,0.357,0.68,0.66,-0.245,0.897,0.83,0.668,0.314,0.749,0.524,0.856,-0.262,0.659,-0.703,0.952,0.909,0.486,0.734,0.742,0.417,0.581,-0.082,0.783,0.856,-0.561,0.681,0.39,0.918,0.8,-0.732,0.878,-0.557,0.911,0.12,0.73,0.816,-0.335,-0.203,0.488,0.803,0.893,0.925,0.643,-0.716,0.547,0.757,0.861,0.841,0.91,0.875,0.16,0.498,0.912,0.92,0.794,0.894,0.748,-0.707,-0.113,0.65,0.368,0.901,0.419,0.544,0.652,0.693,0.196,0.356,-0.805
ATSG,-0.365,0.907,-0.22,0.695,0.34,0.477,0.886,0.68,0.103,-0.346,0.783,0.319,0.212,0.131,0.675,0.408,0.731,0.719,0.499,-0.634,0.767,0.258,0.536,0.9,0.0,-0.557,0.52,-0.181,0.505,0.821,0.455,0.685,0.722,0.642,0.455,0.467,0.647,0.768,0.586,0.786,0.826,0.726,0.751,0.279,-0.236,0.636,0.437,0.738,0.606,0.644,-0.637,0.685,-0.011,-0.457,0.182,-0.084,0.812,0.714,0.555,-0.364,0.793,0.58,0.85,0.78,0.739,0.161,0.482,0.717,0.602,0.031,0.421,0.769,0.711,0.743,0.45,0.869,0.612,0.225,0.619,0.342,0.015,0.194,0.525,0.609,0.775,0.113,-0.446,0.819,0.392,0.001,0.551,0.52,-0.395,0.86,0.658,0.681,-0.21,0.663,0.847,0.71,-0.617,-0.2,0.552,-0.346,0.405,0.802,-0.535,0.724,-0.238,0.413,0.45,0.52,-0.455,0.693,0.66,0.842,0.837,0.534,-0.012,0.51,0.586,0.416,0.62,0.662,0.731,0.767,0.773,-0.644,0.839,0.751,0.657,0.42,0.59,0.513,-0.251,0.727,0.744,0.438,0.491,0.746,0.428,0.701,-0.167,0.759,-0.515,0.849,0.754,0.538,0.751,0.554,0.3,0.578,0.044,0.68,0.812,-0.477,0.758,0.495,0.792,0.69,-0.576,0.816,-0.441,0.788,0.338,0.591,0.762,-0.082,-0.285,0.533,0.608,0.764,0.791,0.406,-0.615,0.581,0.658,0.836,0.663,0.753,0.734,0.152,0.538,0.778,0.803,0.724,0.734,0.752,-0.521,-0.204,0.469,0.307,0.721,0.257,0.659,0.429,0.714,0.128,0.497,-0.625
AVTX,0.892,-0.646,0.494,-0.513,-0.137,0.148,-0.703,-0.222,-0.135,0.689,-0.325,0.33,0.034,0.184,-0.231,-0.262,-0.279,-0.301,0.051,0.841,-0.564,-0.475,-0.368,-0.778,-0.557,0.0,-0.14,0.099,-0.776,-0.627,-0.722,-0.959,-0.918,-0.752,-0.786,0.241,-0.288,-0.816,-0.042,-0.788,-0.812,-0.857,-0.91,-0.211,-0.164,-0.916,-0.158,-0.55,-0.925,-0.66,0.821,-0.923,-0.393,0.643,0.476,0.03,-0.722,-0.723,-0.371,0.65,-0.631,-0.33,-0.723,-0.678,-0.789,0.208,-0.824,-0.641,-0.774,-0.463,0.258,-0.575,-0.795,-0.702,-0.073,-0.642,-0.95,-0.346,-0.014,-0.04,0.361,0.468,-0.543,-0.154,-0.852,0.058,0.607,-0.768,-0.93,0.229,-0.781,-0.536,0.735,-0.496,-0.953,-0.49,0.747,-0.904,-0.869,-0.953,0.828,0.072,-0.636,0.929,0.155,-0.479,0.894,-0.855,0.778,-0.672,-0.752,0.076,0.911,-0.752,-0.277,-0.772,-0.538,-0.83,0.498,-0.897,-0.548,0.131,-0.911,-0.196,-0.938,-0.386,-0.549,0.783,-0.608,-0.382,-0.815,0.148,-0.775,-0.806,0.177,-0.913,-0.671,-0.842,0.198,-0.337,-0.632,-0.798,0.05,-0.154,0.74,-0.727,-0.843,-0.173,-0.429,-0.925,-0.46,-0.281,0.404,-0.595,-0.568,0.298,-0.238,0.06,-0.756,-0.836,0.778,-0.716,0.508,-0.901,0.363,-0.654,-0.436,0.782,-0.288,0.005,-0.902,-0.771,-0.912,-0.875,0.718,-0.217,-0.76,-0.522,-0.945,-0.825,-0.891,0.03,-0.347,-0.872,-0.858,-0.622,-0.944,-0.358,0.902,-0.114,-0.699,-0.194,-0.941,-0.384,-0.108,-0.904,-0.482,-0.135,0.169,0.918
BCPC,0.011,0.432,0.435,-0.038,0.214,0.215,0.486,0.307,-0.247,0.201,0.553,0.197,0.447,0.524,0.099,0.313,0.213,0.237,0.511,-0.369,0.188,-0.103,0.622,0.418,0.52,-0.14,0.0,-0.141,0.297,0.582,0.19,0.221,0.146,0.096,0.325,0.289,0.179,0.258,0.221,0.217,0.381,0.215,0.208,-0.224,0.067,0.342,0.034,0.519,0.276,0.478,-0.122,0.212,-0.115,0.142,0.054,0.288,0.529,0.024,0.374,0.003,0.28,0.359,0.462,0.219,0.424,-0.104,0.376,0.375,0.029,0.128,0.252,0.166,0.063,0.248,0.131,0.307,0.274,0.4,0.496,-0.021,-0.337,0.295,0.273,0.201,0.172,0.427,-0.374,0.202,0.118,-0.024,0.304,0.42,0.163,0.353,0.114,0.7,0.258,0.158,0.381,0.225,-0.116,0.31,0.338,0.007,0.483,0.334,-0.062,0.255,-0.141,-0.097,0.369,0.196,-0.02,0.258,0.388,0.264,0.569,0.102,0.055,0.305,0.054,0.09,0.289,0.318,0.215,0.38,0.385,-0.19,0.321,0.192,0.19,0.283,0.249,0.322,-0.214,0.171,0.475,0.181,0.216,0.265,0.521,0.152,0.137,0.399,-0.116,0.24,0.186,0.553,0.216,0.17,0.387,-0.084,0.392,-0.0,0.45,0.099,0.591,0.151,0.356,0.469,0.082,0.348,0.227,0.347,0.372,0.057,0.221,0.167,-0.024,0.033,0.326,0.11,0.283,0.136,-0.336,0.166,0.196,0.401,0.289,0.389,0.267,0.269,0.272,0.219,0.277,0.558,0.263,0.194,-0.128,0.259,-0.217,0.291,0.172,0.035,0.602,0.082,0.556,-0.302,0.313,-0.033
BEAM,0.137,-0.232,-0.045,0.134,0.552,0.017,-0.138,0.194,0.67,0.205,-0.197,0.113,0.124,-0.02,0.158,-0.15,-0.13,0.195,-0.021,0.321,-0.095,0.24,-0.288,-0.098,-0.181,0.099,-0.141,0.0,0.073,-0.197,0.24,-0.069,-0.029,0.218,-0.091,0.202,0.317,0.04,-0.111,0.061,0.022,0.117,-0.097,0.625,0.251,-0.152,0.406,0.061,-0.192,-0.102,0.232,-0.112,0.374,0.169,0.398,0.002,-0.224,0.159,-0.334,0.194,-0.108,-0.051,-0.124,0.069,0.083,0.166,-0.354,0.006,0.002,0.214,0.218,0.13,0.085,0.154,0.218,-0.028,-0.164,-0.35,-0.069,0.541,0.467,0.013,0.007,-0.184,-0.061,0.086,0.518,0.024,-0.029,0.576,-0.013,-0.454,-0.074,-0.27,-0.031,-0.284,-0.122,0.066,-0.089,-0.041,0.3,0.068,-0.241,0.094,-0.123,0.086,0.243,-0.022,0.394,0.301,0.091,0.158,0.133,-0.039,0.172,0.025,-0.227,0.01,0.576,-0.227,0.243,-0.045,-0.154,0.161,-0.058,0.164,-0.032,0.081,-0.211,0.222,0.019,0.343,0.054,0.013,-0.13,-0.048,-0.237,-0.215,0.213,0.068,-0.226,0.08,-0.416,0.024,-0.021,-0.023,-0.008,-0.328,0.242,-0.034,-0.109,0.334,-0.263,0.288,0.089,-0.229,0.119,0.345,0.038,-0.25,-0.182,-0.133,-0.063,-0.154,0.311,0.174,0.023,-0.034,0.1,0.21,-0.056,0.08,-0.169,-0.13,0.401,0.395,0.011,-0.04,-0.225,0.092,-0.104,-0.34,-0.352,-0.016,-0.079,-0.095,-0.094,0.261,0.129,0.292,0.255,0.216,-0.026,0.247,-0.094,-0.052,-0.348,0.511,0.149,0.153
BILI,-0.583,0.587,-0.124,0.307,0.454,0.108,0.745,0.465,0.249,-0.25,0.345,-0.061,0.415,0.197,0.177,0.478,0.17,0.47,0.335,-0.731,0.503,0.261,0.315,0.688,0.505,-0.776,0.297,0.073,0.0,0.745,0.479,0.768,0.729,0.576,0.917,0.098,0.275,0.594,0.298,0.62,0.709,0.695,0.706,0.175,0.258,0.789,0.12,0.729,0.749,0.534,-0.501,0.739,0.095,-0.319,-0.196,0.323,0.702,0.515,0.585,-0.236,0.709,0.589,0.694,0.737,0.752,0.037,0.605,0.709,0.541,0.28,0.081,0.424,0.553,0.598,0.318,0.656,0.868,0.364,0.175,-0.018,-0.397,-0.13,0.418,0.067,0.612,0.282,-0.512,0.677,0.743,0.134,0.939,0.518,-0.371,0.411,0.735,0.521,-0.346,0.693,0.708,0.75,-0.707,-0.086,0.705,-0.698,-0.221,0.599,-0.601,0.78,-0.503,0.533,0.62,0.077,-0.563,0.614,0.612,0.66,0.615,0.524,-0.283,0.709,0.414,-0.055,0.796,0.368,0.713,0.491,0.664,-0.412,0.492,0.303,0.893,0.228,0.52,0.684,-0.239,0.714,0.771,0.793,-0.065,0.342,0.573,0.767,-0.262,0.189,-0.693,0.671,0.674,0.429,0.4,0.646,0.635,0.173,0.012,0.517,0.696,-0.282,0.483,0.091,0.793,0.802,-0.553,0.535,-0.242,0.745,-0.166,0.512,0.456,-0.468,0.04,0.135,0.859,0.609,0.714,0.704,-0.613,0.365,0.691,0.61,0.746,0.787,0.65,0.241,0.117,0.677,0.638,0.71,0.82,0.366,-0.632,0.516,0.431,0.519,0.75,0.326,0.213,0.74,0.491,0.094,0.15,-0.639
BJRI,-0.388,0.853,-0.079,0.481,0.429,0.465,0.909,0.676,0.092,-0.18,0.637,0.321,0.473,0.273,0.466,0.632,0.533,0.704,0.543,-0.709,0.699,0.267,0.626,0.866,0.821,-0.627,0.582,-0.197,0.745,0.0,0.366,0.704,0.725,0.54,0.727,0.425,0.511,0.656,0.556,0.713,0.815,0.682,0.755,0.046,-0.128,0.751,0.297,0.888,0.725,0.598,-0.604,0.755,-0.076,-0.386,0.029,0.177,0.827,0.575,0.704,-0.256,0.855,0.724,0.917,0.823,0.735,0.274,0.59,0.854,0.553,0.005,0.369,0.63,0.611,0.706,0.471,0.85,0.761,0.264,0.6,0.078,-0.236,0.148,0.403,0.454,0.711,0.135,-0.48,0.781,0.543,0.073,0.8,0.676,-0.352,0.765,0.657,0.803,-0.124,0.631,0.787,0.704,-0.689,-0.159,0.744,-0.417,0.26,0.79,-0.536,0.781,-0.382,0.413,0.464,0.39,-0.423,0.698,0.771,0.795,0.888,0.511,-0.105,0.594,0.517,0.274,0.767,0.615,0.729,0.755,0.884,-0.504,0.783,0.543,0.786,0.481,0.523,0.55,-0.202,0.73,0.879,0.715,0.287,0.651,0.555,0.754,-0.243,0.637,-0.602,0.843,0.729,0.673,0.595,0.564,0.587,0.327,0.24,0.564,0.828,-0.377,0.754,0.317,0.846,0.821,-0.451,0.783,-0.329,0.784,0.166,0.537,0.725,-0.13,-0.321,0.43,0.731,0.682,0.771,0.512,-0.648,0.482,0.606,0.854,0.765,0.815,0.715,0.394,0.41,0.74,0.752,0.813,0.777,0.612,-0.487,0.111,0.329,0.392,0.717,0.287,0.573,0.482,0.656,-0.009,0.46,-0.601
BLUE,-0.627,0.383,-0.385,0.46,0.176,-0.286,0.461,0.183,0.268,-0.5,0.278,-0.248,-0.217,-0.29,0.383,-0.114,0.386,0.175,-0.131,-0.516,0.278,0.41,0.357,0.58,0.455,-0.722,0.19,0.24,0.479,0.366,0.0,0.758,0.682,0.664,0.484,-0.204,0.499,0.785,-0.108,0.636,0.675,0.77,0.674,0.449,0.297,0.727,0.402,0.352,0.69,0.68,-0.538,0.656,0.728,-0.396,-0.256,-0.08,0.485,0.593,-0.049,-0.464,0.275,-0.014,0.509,0.479,0.726,-0.314,0.544,0.369,0.687,0.62,-0.226,0.525,0.7,0.656,-0.031,0.49,0.632,0.209,0.023,0.372,-0.029,-0.31,0.607,0.112,0.665,0.065,-0.314,0.549,0.692,-0.037,0.435,0.059,-0.709,0.264,0.736,0.274,-0.699,0.747,0.697,0.792,-0.355,0.061,0.147,-0.651,0.096,0.413,-0.645,0.564,-0.549,0.617,0.722,-0.053,-0.764,0.501,0.136,0.603,0.255,0.719,-0.077,0.636,0.495,-0.197,0.617,0.161,0.749,0.364,0.311,-0.769,0.335,0.487,0.448,-0.047,0.872,0.71,-0.29,0.703,0.294,0.465,-0.06,0.214,0.49,0.579,-0.148,0.213,-0.646,0.511,0.613,-0.166,0.515,0.79,0.234,0.349,-0.655,0.586,0.536,-0.181,0.308,0.092,0.557,0.575,-0.722,0.645,-0.371,0.678,-0.036,0.651,0.226,-0.697,0.451,-0.021,0.617,0.601,0.696,0.562,-0.361,0.263,0.635,0.3,0.669,0.697,0.686,-0.445,0.147,0.698,0.695,0.496,0.695,0.402,-0.731,0.045,0.617,-0.015,0.731,0.41,0.223,0.642,0.295,0.284,-0.152,-0.655
