,AAL,AAON,ACB,ACGL,ACGLO,ACIW,ADBE,ADSK,AEP,AGIO,ALEC,ALNY,ALTR,AMBA,AMCX,AMKR,AMRX,ANSS,APPN,APTO,ARCT,ARWR,ASND,ASTH,ATSG,AVTX,BCPC,BEAM,BILI,BJRI,BLUE,BPOP,BRKL,BWIN,BZUN,CARG,CBRL,CBSH,CBUS,CENTA,CERS,CFFN,CHCO,CHEF,CHRD,CINF,CLLS,CMCO,CMCSA,COLL,COMM,COOP,CPB,CRON,CROX,CRUS,CRWD,CTAS,CYBR,CYTK,DGII,DIOD,DOMO,DPZ,DSGR,DXCM,ERIE,ESTA,EXEL,FAST,FCEL,FCFS,FHB,FITBI,FSV,FTDR,FUTU,GLDD,GLPG,GLPI,GOGO,GOSS,GSAT,GYRE,HALO,HAS,HLIT,HLNE,HSDT,HSIC,HTHT,ICHR,IDYA,IMVT,INDB,INSM,IONS,IOSP,ITRI,JBHT,JBLU,JSM,KLIC,KOD,KURA,LAB,LASR,LIN,LKQ,LNT,MBUU,MCRI,MDGL,MEDP,MGNI,MGPI,MGRC,MKTX,MRNA,MRTN,MSEX,MSFT,MU,NAVI,NBTB,NEO,NEOG,NGNE,NSSC,NTAP,NTES,NTLA,NTRS,NYMTN,OBLG,OCFC,ON,ONC,OPI,OSIS,OSW,PALI,PANW,PCAR,PCRX,PCTY,PEBO,PLAB,PLAY,PLMR,PLSE,PLUS,PRTA,PSEC,PSNL,PTCT,PTON,QNST,QRVO,QTTB,RARE,RBCAA,RGNX,SAIC,SGMO,SINT,SNPS,SPSC,SPTN,SSYS,STNE,TBBK,TCPC,TENB,TGTX,TREE,TRUP,TTWO,TW,TXG,UBSI,UCTT,UFPT,UMBF,UPBD,URBN,VBTX,VCTR,VEON,VNET,VRSK,VSEC,WABC,WTFCM,WVE,WW,WWD,XEL,ZD,ZYME
AAL,0.0,-0.286,0.838,-0.512,-0.068,0.172,-0.206,0.102,-0.338,0.462,0.007,0.468,0.383,0.54,-0.046,0.178,-0.158,-0.064,0.587,0.711,-0.277,-0.596,0.291,-0.408,-0.107,0.777,0.271,-0.167,-0.306,-0.023,-0.515,-0.644,-0.654,-0.759,-0.212,0.339,-0.146,-0.552,0.247,-0.568,-0.545,-0.619,-0.68,-0.357,0.157,-0.59,-0.326,0.016,-0.583,-0.489,0.77,-0.637,-0.417,0.701,0.296,0.637,-0.125,-0.653,0.26,0.778,-0.245,0.111,-0.263,-0.261,-0.508,0.373,-0.753,-0.286,-0.647,-0.288,0.323,-0.399,-0.611,-0.526,0.009,-0.162,-0.598,0.209,0.11,-0.416,-0.249,0.674,-0.345,-0.151,-0.558,0.377,0.451,-0.501,-0.803,0.282,-0.22,-0.122,0.585,-0.198,-0.737,-0.064,0.901,-0.771,-0.535,-0.685,0.66,0.069,-0.186,0.85,0.047,-0.07,0.655,-0.633,0.709,-0.633,-0.509,0.196,0.742,-0.363,0.152,-0.44,-0.026,-0.838,0.253,-0.569,-0.655,0.005,-0.603,-0.058,-0.672,-0.032,-0.093,0.659,-0.425,-0.205,-0.434,0.362,-0.565,-0.364,0.06,-0.637,-0.021,-0.351,0.138,-0.321,0.077,-0.409,0.08,0.061,0.175,-0.325,-0.609,0.383,-0.356,-0.816,0.432,-0.428,0.629,-0.397,-0.073,0.345,0.174,0.153,-0.291,-0.513,0.473,-0.436,0.601,-0.519,0.409,-0.522,-0.148,0.725,-0.244,0.001,-0.742,-0.557,-0.5,-0.634,0.641,-0.279,-0.18,-0.144,-0.765,-0.401,-0.685,0.308,-0.318,-0.633,-0.598,0.079,-0.644,-0.194,0.758,0.21,-0.676,0.159,-0.651,-0.279,0.212,-0.529,-0.071,-0.417,0.449,0.614
AAON,-0.286,0.0,-0.555,0.895,0.511,0.721,0.913,0.729,0.467,-0.433,0.794,0.563,-0.018,-0.159,0.782,0.199,0.707,0.867,0.429,-0.735,0.908,0.255,0.242,0.911,0.864,-0.592,-0.101,-0.145,0.499,0.853,0.342,0.707,0.8,0.616,0.4,0.627,0.677,0.76,0.626,0.879,0.827,0.729,0.821,0.545,-0.644,0.669,0.691,0.661,0.629,0.559,-0.754,0.756,0.025,-0.652,0.647,-0.44,0.786,0.825,0.603,-0.294,0.898,0.6,0.893,0.828,0.718,0.623,0.291,0.766,0.674,-0.366,0.659,0.858,0.816,0.803,0.619,0.833,0.684,-0.596,0.729,0.575,0.737,0.343,0.331,0.83,0.851,-0.271,-0.43,0.905,0.23,-0.062,0.607,0.323,-0.579,0.96,0.731,0.566,-0.227,0.694,0.856,0.729,-0.739,-0.509,0.302,-0.358,0.359,0.799,-0.604,0.703,0.021,0.599,0.016,0.739,-0.401,0.743,0.688,0.887,0.824,0.5,0.304,0.157,0.763,0.716,0.587,0.822,0.783,0.772,0.858,-0.586,0.906,0.767,0.744,0.567,0.449,0.287,-0.271,0.797,0.806,0.609,0.763,0.887,0.02,0.792,-0.474,0.824,-0.515,0.891,0.823,0.429,0.761,0.386,-0.0,0.872,-0.062,0.82,0.788,-0.79,0.638,0.709,0.819,0.797,-0.612,0.834,-0.761,0.823,0.462,0.702,0.909,-0.0,-0.625,0.862,0.519,0.881,0.837,0.256,-0.742,0.793,0.576,0.877,0.748,0.754,0.735,-0.034,0.545,0.826,0.831,0.605,0.794,0.869,-0.535,-0.588,0.679,-0.005,0.792,0.157,0.596,0.403,0.835,0.511,0.562,-0.721
ACB,0.838,-0.555,0.0,-0.679,-0.042,-0.065,-0.441,-0.089,-0.296,0.518,-0.305,0.161,0.359,0.563,-0.284,0.086,-0.394,-0.304,0.346,0.779,-0.539,-0.54,0.167,-0.591,-0.306,0.75,0.288,0.059,-0.275,-0.216,-0.466,-0.669,-0.717,-0.745,-0.17,0.106,-0.256,-0.625,-0.032,-0.675,-0.627,-0.627,-0.745,-0.377,0.475,-0.581,-0.413,-0.081,-0.561,-0.579,0.885,-0.679,-0.2,0.845,0.063,0.711,-0.327,-0.751,-0.043,0.724,-0.46,-0.077,-0.426,-0.418,-0.565,0.049,-0.707,-0.45,-0.693,-0.068,0.098,-0.52,-0.692,-0.6,-0.096,-0.371,-0.609,0.523,-0.152,-0.392,-0.381,0.407,-0.356,-0.473,-0.683,0.475,0.548,-0.634,-0.654,0.379,-0.259,-0.232,0.594,-0.511,-0.768,-0.188,0.733,-0.756,-0.674,-0.717,0.748,0.382,-0.248,0.776,-0.092,-0.272,0.727,-0.704,0.601,-0.608,-0.256,-0.091,0.688,-0.512,-0.008,-0.589,-0.261,-0.772,0.224,-0.505,-0.688,-0.29,-0.585,-0.239,-0.723,-0.223,-0.333,0.689,-0.657,-0.351,-0.489,0.169,-0.487,-0.273,0.058,-0.695,-0.238,-0.432,-0.085,-0.519,0.139,-0.54,0.146,-0.206,0.307,-0.511,-0.685,0.172,-0.48,-0.7,0.344,-0.581,0.495,-0.517,-0.281,0.492,0.05,-0.086,-0.423,-0.61,0.519,-0.572,0.716,-0.645,0.234,-0.591,-0.411,0.529,0.059,-0.266,-0.68,-0.683,-0.657,-0.555,0.696,-0.383,-0.304,-0.327,-0.804,-0.477,-0.721,0.22,-0.513,-0.711,-0.676,-0.029,-0.712,-0.369,0.748,0.46,-0.769,0.143,-0.727,-0.16,-0.033,-0.504,-0.266,-0.421,0.226,0.719
ACGL,-0.512,0.895,-0.679,0.0,0.537,0.519,0.892,0.629,0.67,-0.623,0.722,0.396,-0.244,-0.367,0.797,-0.063,0.724,0.788,0.255,-0.852,0.892,0.226,0.147,0.894,0.862,-0.8,-0.33,-0.057,0.563,0.745,0.591,0.882,0.92,0.696,0.507,0.363,0.691,0.888,0.585,0.942,0.858,0.837,0.891,0.771,-0.457,0.875,0.807,0.516,0.815,0.629,-0.81,0.864,0.347,-0.68,0.513,-0.501,0.759,0.928,0.438,-0.379,0.818,0.383,0.831,0.867,0.793,0.43,0.44,0.632,0.863,-0.165,0.448,0.917,0.934,0.868,0.649,0.877,0.854,-0.495,0.613,0.661,0.747,0.147,0.446,0.702,0.969,-0.239,-0.644,0.955,0.385,-0.093,0.669,0.098,-0.8,0.862,0.897,0.459,-0.457,0.849,0.931,0.877,-0.813,-0.502,0.118,-0.58,0.229,0.807,-0.787,0.705,-0.179,0.817,0.122,0.514,-0.634,0.79,0.588,0.957,0.574,0.63,0.209,0.167,0.819,0.56,0.643,0.662,0.906,0.736,0.766,-0.731,0.817,0.839,0.799,0.411,0.634,0.499,-0.453,0.919,0.732,0.751,0.608,0.764,0.1,0.889,-0.536,0.734,-0.666,0.935,0.855,0.174,0.74,0.527,-0.082,0.943,-0.401,0.918,0.785,-0.789,0.627,0.614,0.832,0.908,-0.825,0.879,-0.886,0.961,0.393,0.846,0.86,-0.332,-0.531,0.769,0.589,0.963,0.947,0.454,-0.796,0.781,0.713,0.787,0.862,0.782,0.803,-0.328,0.366,0.902,0.897,0.641,0.888,0.871,-0.75,-0.64,0.892,-0.179,0.932,0.21,0.564,0.656,0.795,0.726,0.442,-0.867
ACGLO,-0.068,0.511,-0.042,0.537,0.0,0.571,0.687,0.668,0.779,-0.048,0.488,0.436,0.229,0.176,0.514,0.128,0.278,0.697,0.468,-0.381,0.573,0.029,0.028,0.531,0.604,-0.416,-0.122,0.316,0.763,0.71,0.337,0.515,0.546,0.399,0.621,0.511,0.559,0.562,0.474,0.596,0.605,0.534,0.47,0.612,-0.066,0.556,0.661,0.615,0.471,0.268,-0.222,0.475,0.256,-0.111,0.701,0.03,0.532,0.484,0.413,0.08,0.628,0.515,0.595,0.716,0.6,0.475,-0.123,0.469,0.489,-0.261,0.593,0.599,0.541,0.658,0.76,0.651,0.588,-0.22,0.609,0.542,0.509,0.375,0.375,0.308,0.553,0.24,-0.277,0.641,0.191,0.319,0.734,0.008,-0.427,0.463,0.504,0.458,-0.026,0.513,0.517,0.493,-0.402,-0.168,0.093,-0.204,0.163,0.68,-0.344,0.443,0.281,0.667,0.167,0.465,-0.141,0.477,0.723,0.661,0.418,0.229,0.541,-0.157,0.573,0.45,0.384,0.633,0.48,0.616,0.602,-0.262,0.37,0.592,0.716,0.648,0.406,0.453,-0.571,0.517,0.643,0.566,0.525,0.528,0.013,0.69,-0.668,0.541,-0.468,0.662,0.482,0.38,0.491,0.126,0.087,0.595,-0.031,0.663,0.688,-0.538,0.764,0.565,0.662,0.609,-0.506,0.497,-0.486,0.529,0.55,0.534,0.64,-0.046,-0.486,0.632,0.474,0.614,0.499,0.145,-0.531,0.749,0.446,0.671,0.403,0.571,0.402,-0.101,-0.003,0.512,0.492,0.617,0.547,0.708,-0.337,0.004,0.425,0.114,0.543,0.359,0.432,0.351,0.648,0.682,0.528,-0.372
ACIW,0.172,0.721,-0.065,0.519,0.571,0.0,0.71,0.756,0.368,0.029,0.516,0.672,0.43,0.381,0.56,0.53,0.453,0.808,0.65,-0.338,0.64,0.02,0.29,0.588,0.634,-0.135,0.134,-0.161,0.459,0.864,-0.132,0.27,0.409,0.268,0.372,0.841,0.475,0.375,0.592,0.509,0.522,0.362,0.42,0.245,-0.553,0.249,0.434,0.691,0.24,0.12,-0.295,0.373,-0.302,-0.244,0.75,-0.016,0.578,0.416,0.737,0.048,0.773,0.768,0.686,0.637,0.375,0.798,-0.18,0.63,0.307,-0.624,0.828,0.551,0.402,0.496,0.751,0.616,0.335,-0.372,0.806,0.295,0.476,0.566,0.008,0.568,0.448,0.071,-0.102,0.616,-0.109,0.2,0.502,0.424,-0.133,0.712,0.284,0.654,0.315,0.274,0.454,0.278,-0.448,-0.316,0.389,0.128,0.395,0.609,-0.125,0.448,0.515,0.306,-0.099,0.756,0.126,0.471,0.769,0.594,0.763,0.121,0.48,-0.119,0.495,0.8,0.25,0.751,0.327,0.67,0.804,-0.127,0.676,0.472,0.571,0.741,0.102,0.013,-0.182,0.409,0.752,0.398,0.788,0.748,-0.06,0.55,-0.456,0.698,-0.219,0.623,0.466,0.756,0.51,-0.064,0.171,0.562,0.408,0.483,0.632,-0.504,0.683,0.647,0.564,0.489,-0.207,0.514,-0.432,0.396,0.579,0.293,0.729,0.514,-0.761,0.793,0.271,0.522,0.428,-0.066,-0.498,0.688,0.222,0.772,0.315,0.406,0.357,0.38,0.379,0.447,0.431,0.444,0.397,0.635,0.018,-0.204,0.216,0.198,0.35,0.128,0.436,-0.006,0.662,0.315,0.71,-0.207
ADBE,-0.206,0.913,-0.441,0.892,0.687,0.71,0.0,0.854,0.646,-0.461,0.816,0.653,0.016,-0.122,0.872,0.108,0.687,0.956,0.581,-0.73,0.924,0.097,0.207,0.901,0.902,-0.632,-0.256,-0.046,0.661,0.893,0.429,0.752,0.826,0.547,0.591,0.651,0.775,0.789,0.768,0.865,0.815,0.726,0.782,0.703,-0.449,0.745,0.79,0.724,0.712,0.52,-0.605,0.751,0.148,-0.513,0.737,-0.283,0.855,0.809,0.665,-0.085,0.924,0.587,0.892,0.934,0.723,0.699,0.101,0.736,0.71,-0.363,0.694,0.895,0.832,0.831,0.768,0.947,0.784,-0.498,0.74,0.577,0.774,0.456,0.338,0.717,0.864,-0.095,-0.504,0.929,0.191,0.14,0.784,0.123,-0.634,0.899,0.756,0.498,-0.161,0.687,0.847,0.749,-0.71,-0.575,0.181,-0.345,0.211,0.924,-0.639,0.648,0.077,0.695,-0.027,0.714,-0.421,0.731,0.828,0.928,0.696,0.38,0.409,0.001,0.711,0.69,0.579,0.827,0.783,0.86,0.881,-0.536,0.794,0.89,0.834,0.712,0.495,0.387,-0.462,0.804,0.882,0.724,0.758,0.791,0.033,0.872,-0.673,0.841,-0.699,0.971,0.773,0.409,0.766,0.292,0.117,0.903,-0.122,0.923,0.903,-0.844,0.809,0.773,0.901,0.856,-0.751,0.819,-0.769,0.857,0.576,0.776,0.966,-0.073,-0.707,0.936,0.491,0.9,0.866,0.268,-0.703,0.834,0.736,0.897,0.704,0.804,0.664,-0.163,0.294,0.8,0.793,0.768,0.812,0.957,-0.558,-0.534,0.725,-0.009,0.831,0.122,0.71,0.517,0.888,0.646,0.706,-0.751
ADSK,0.102,0.729,-0.089,0.629,0.668,0.756,0.854,0.0,0.47,-0.182,0.653,0.776,0.341,0.207,0.802,0.337,0.496,0.904,0.79,-0.504,0.679,0.027,0.207,0.793,0.743,-0.356,-0.024,0.129,0.643,0.869,0.275,0.537,0.598,0.361,0.668,0.831,0.78,0.545,0.728,0.66,0.667,0.598,0.572,0.545,-0.234,0.523,0.574,0.866,0.538,0.28,-0.264,0.586,-0.056,-0.24,0.727,0.098,0.808,0.572,0.703,0.208,0.84,0.691,0.841,0.829,0.569,0.795,-0.206,0.705,0.405,-0.33,0.782,0.769,0.593,0.64,0.786,0.809,0.584,-0.202,0.619,0.452,0.699,0.656,0.136,0.463,0.563,0.097,-0.265,0.729,0.068,0.468,0.754,0.131,-0.337,0.695,0.493,0.379,0.089,0.435,0.618,0.526,-0.468,-0.434,0.221,-0.063,0.124,0.832,-0.3,0.487,0.394,0.41,0.026,0.804,-0.182,0.552,0.954,0.713,0.695,0.126,0.546,-0.004,0.485,0.553,0.538,0.799,0.562,0.903,0.888,-0.283,0.615,0.746,0.726,0.913,0.317,0.252,-0.285,0.595,0.825,0.517,0.791,0.676,0.138,0.69,-0.662,0.761,-0.575,0.785,0.62,0.508,0.67,0.121,0.375,0.712,0.133,0.746,0.877,-0.65,0.844,0.831,0.817,0.623,-0.507,0.605,-0.425,0.598,0.63,0.506,0.809,0.186,-0.638,0.878,0.34,0.669,0.614,0.159,-0.416,0.715,0.599,0.843,0.45,0.754,0.466,0.052,0.085,0.604,0.605,0.812,0.61,0.825,-0.265,-0.237,0.425,0.296,0.576,0.076,0.626,0.329,0.823,0.365,0.857,-0.442
AEP,-0.338,0.467,-0.296,0.67,0.779,0.368,0.646,0.47,0.0,-0.359,0.468,0.246,-0.176,-0.231,0.528,-0.286,0.41,0.586,0.225,-0.5,0.619,-0.048,-0.109,0.5,0.6,-0.619,-0.408,0.224,0.741,0.577,0.519,0.64,0.643,0.453,0.602,0.206,0.509,0.656,0.49,0.634,0.566,0.572,0.534,0.849,-0.077,0.749,0.804,0.372,0.583,0.44,-0.37,0.525,0.589,-0.268,0.581,-0.209,0.416,0.612,0.216,-0.064,0.541,0.183,0.471,0.735,0.677,0.296,0.129,0.311,0.742,-0.053,0.337,0.589,0.64,0.68,0.682,0.705,0.726,-0.274,0.525,0.622,0.499,0.138,0.409,0.306,0.687,0.194,-0.515,0.692,0.216,0.173,0.721,-0.303,-0.679,0.422,0.657,0.321,-0.226,0.659,0.595,0.614,-0.53,-0.328,-0.18,-0.444,0.058,0.69,-0.586,0.423,0.018,0.905,0.089,0.2,-0.392,0.518,0.541,0.735,0.156,0.355,0.343,-0.216,0.651,0.327,0.294,0.469,0.585,0.508,0.485,-0.375,0.348,0.674,0.717,0.4,0.517,0.53,-0.736,0.612,0.489,0.71,0.342,0.432,-0.069,0.758,-0.699,0.496,-0.628,0.711,0.46,0.029,0.484,0.213,-0.11,0.717,-0.369,0.75,0.612,-0.597,0.67,0.415,0.619,0.749,-0.751,0.57,-0.679,0.717,0.392,0.744,0.588,-0.373,-0.465,0.552,0.451,0.684,0.641,0.28,-0.602,0.763,0.598,0.548,0.506,0.536,0.401,-0.478,-0.131,0.555,0.533,0.576,0.622,0.698,-0.594,-0.232,0.703,-0.243,0.69,0.192,0.459,0.57,0.582,0.944,0.364,-0.61
AGIO,0.462,-0.433,0.518,-0.623,-0.048,0.029,-0.461,-0.182,-0.359,0.0,-0.405,-0.058,0.647,0.554,-0.559,0.474,-0.338,-0.277,-0.014,0.667,-0.58,0.153,0.052,-0.468,-0.533,0.717,0.626,0.3,-0.231,-0.211,-0.509,-0.696,-0.657,-0.262,-0.349,0.191,-0.3,-0.633,-0.425,-0.564,-0.382,-0.532,-0.59,-0.546,0.105,-0.63,-0.346,-0.033,-0.651,-0.312,0.539,-0.57,-0.494,0.435,-0.064,0.444,-0.473,-0.579,-0.245,0.237,-0.339,0.158,-0.367,-0.484,-0.289,-0.059,-0.394,-0.083,-0.609,-0.068,0.1,-0.511,-0.674,-0.393,-0.214,-0.558,-0.692,0.099,-0.054,-0.192,-0.275,-0.012,-0.081,-0.236,-0.678,0.344,0.785,-0.527,-0.232,0.343,-0.388,0.248,0.763,-0.435,-0.671,0.125,0.507,-0.548,-0.564,-0.658,0.512,0.389,0.286,0.603,0.223,-0.412,0.78,-0.195,0.467,-0.522,0.066,-0.028,0.765,-0.545,-0.115,-0.59,-0.008,-0.33,0.278,-0.154,-0.303,-0.133,-0.323,-0.16,-0.658,-0.277,-0.232,0.599,-0.354,-0.53,-0.443,0.07,-0.501,-0.396,0.45,-0.66,-0.352,-0.611,-0.256,-0.11,-0.128,-0.583,0.265,-0.276,0.689,-0.578,-0.515,0.224,-0.287,-0.33,0.174,-0.571,0.672,-0.604,-0.346,0.484,-0.226,-0.261,-0.376,-0.511,0.798,-0.443,0.666,-0.687,-0.131,-0.547,-0.442,0.603,0.209,-0.317,-0.117,-0.608,-0.751,-0.519,0.42,-0.245,-0.745,-0.252,-0.54,-0.419,-0.498,0.639,-0.067,-0.58,-0.599,-0.429,-0.624,-0.49,0.701,0.643,-0.698,0.428,-0.685,0.122,-0.369,-0.781,-0.298,-0.496,-0.187,0.835
ALEC,0.007,0.794,-0.305,0.722,0.488,0.516,0.816,0.653,0.468,-0.405,0.0,0.666,-0.168,-0.289,0.774,-0.12,0.701,0.751,0.543,-0.437,0.819,-0.083,0.289,0.695,0.818,-0.358,-0.198,-0.166,0.358,0.707,0.355,0.502,0.549,0.281,0.263,0.554,0.618,0.591,0.726,0.641,0.559,0.451,0.52,0.568,-0.504,0.551,0.673,0.5,0.465,0.587,-0.464,0.46,0.139,-0.365,0.731,-0.344,0.667,0.581,0.521,0.06,0.67,0.352,0.686,0.702,0.558,0.61,0.064,0.563,0.529,-0.291,0.636,0.676,0.607,0.598,0.535,0.789,0.506,-0.616,0.711,0.489,0.655,0.536,0.371,0.787,0.682,-0.08,-0.349,0.672,-0.056,-0.048,0.541,-0.057,-0.513,0.821,0.505,0.35,-0.006,0.425,0.64,0.499,-0.427,-0.59,-0.059,-0.15,0.285,0.813,-0.547,0.353,0.086,0.467,-0.302,0.618,-0.278,0.509,0.638,0.717,0.588,0.153,0.388,-0.22,0.459,0.59,0.289,0.735,0.548,0.697,0.67,-0.387,0.599,0.756,0.514,0.602,0.291,0.315,-0.45,0.537,0.66,0.512,0.714,0.619,-0.022,0.618,-0.492,0.823,-0.628,0.777,0.496,0.294,0.62,0.041,0.021,0.724,-0.046,0.739,0.724,-0.723,0.684,0.681,0.688,0.696,-0.597,0.641,-0.58,0.688,0.607,0.677,0.812,0.003,-0.67,0.806,0.17,0.667,0.697,-0.058,-0.45,0.647,0.663,0.702,0.456,0.609,0.395,-0.263,0.27,0.531,0.568,0.704,0.548,0.824,-0.423,-0.641,0.548,-0.202,0.601,0.01,0.853,0.298,0.755,0.515,0.632,-0.633
ALNY,0.468,0.563,0.161,0.396,0.436,0.672,0.653,0.776,0.246,-0.058,0.666,0.0,0.228,0.13,0.67,0.176,0.476,0.721,0.847,-0.142,0.556,-0.258,0.37,0.482,0.647,0.057,-0.063,-0.208,0.243,0.709,-0.028,0.164,0.229,-0.092,0.299,0.751,0.54,0.214,0.819,0.304,0.274,0.149,0.206,0.286,-0.361,0.208,0.442,0.606,0.195,0.095,-0.001,0.208,-0.22,-0.009,0.729,0.137,0.584,0.224,0.67,0.479,0.606,0.518,0.585,0.586,0.195,0.855,-0.401,0.437,0.151,-0.508,0.77,0.458,0.252,0.293,0.609,0.664,0.228,-0.315,0.667,0.128,0.471,0.777,-0.044,0.485,0.327,0.017,-0.133,0.407,-0.377,0.296,0.46,0.01,-0.125,0.645,0.11,0.352,0.51,0.008,0.306,0.123,-0.206,-0.497,-0.004,0.323,0.213,0.709,-0.099,0.067,0.459,0.111,-0.446,0.66,0.177,0.305,0.786,0.433,0.548,-0.281,0.466,-0.417,0.127,0.513,0.125,0.615,0.193,0.709,0.686,0.036,0.422,0.593,0.355,0.845,-0.039,-0.014,-0.308,0.226,0.666,0.385,0.674,0.453,0.022,0.406,-0.493,0.731,-0.482,0.576,0.221,0.496,0.376,-0.309,0.375,0.433,0.366,0.466,0.663,-0.428,0.745,0.675,0.516,0.34,-0.252,0.409,-0.213,0.358,0.709,0.289,0.682,0.44,-0.77,0.771,-0.15,0.344,0.362,-0.211,-0.135,0.45,0.474,0.634,0.074,0.383,0.068,0.064,-0.013,0.218,0.256,0.692,0.219,0.628,0.02,-0.408,0.144,0.038,0.236,-0.213,0.754,0.047,0.647,0.202,0.873,-0.205
ALTR,0.383,-0.018,0.359,-0.244,0.229,0.43,0.016,0.341,-0.176,0.647,-0.168,0.228,0.0,0.784,-0.178,0.835,-0.286,0.247,0.4,0.211,-0.139,0.259,0.11,0.019,-0.183,0.328,0.581,0.333,0.184,0.211,-0.424,-0.31,-0.223,0.006,0.163,0.549,0.011,-0.281,-0.087,-0.111,0.042,-0.127,-0.188,-0.291,0.047,-0.371,-0.223,0.499,-0.257,-0.342,0.268,-0.096,-0.596,0.211,0.172,0.539,0.135,-0.145,0.354,0.209,0.208,0.707,0.17,-0.017,0.004,0.41,-0.354,0.413,-0.474,-0.156,0.456,-0.037,-0.288,-0.032,0.255,-0.149,-0.238,0.091,0.105,-0.041,-0.022,0.234,-0.105,-0.091,-0.307,0.259,0.535,-0.062,-0.096,0.585,0.13,0.553,0.545,-0.041,-0.312,0.303,0.394,-0.237,-0.138,-0.265,0.114,0.259,0.669,0.375,0.073,-0.055,0.599,0.199,0.676,-0.309,0.196,0.467,0.558,-0.045,0.381,-0.155,0.362,-0.153,0.375,0.122,-0.03,0.134,0.112,0.216,-0.26,0.204,0.292,0.416,0.061,-0.18,0.094,0.461,-0.326,-0.183,0.455,-0.231,0.244,-0.265,0.142,0.255,0.191,-0.141,0.062,0.051,0.381,-0.126,-0.035,0.622,-0.024,-0.158,0.532,-0.18,0.722,-0.195,0.075,0.05,0.094,0.211,0.098,-0.213,0.465,-0.209,0.373,-0.305,0.08,-0.38,0.056,0.647,-0.098,0.114,0.168,-0.169,-0.332,-0.092,0.124,0.032,-0.395,0.232,-0.191,0.073,-0.091,0.793,0.087,-0.158,-0.185,-0.003,-0.204,-0.094,0.522,0.568,-0.385,0.758,-0.299,0.299,-0.213,-0.4,0.11,-0.389,0.27,0.505
AMBA,0.54,-0.159,0.563,-0.367,0.176,0.381,-0.122,0.207,-0.231,0.554,-0.289,0.13,0.784,0.0,-0.149,0.737,-0.337,0.061,0.383,0.359,-0.236,-0.126,0.162,-0.175,-0.161,0.394,0.578,0.175,0.076,0.12,-0.429,-0.353,-0.33,-0.207,0.133,0.418,-0.06,-0.291,-0.082,-0.226,-0.136,-0.19,-0.324,-0.323,0.24,-0.42,-0.355,0.325,-0.315,-0.5,0.476,-0.243,-0.466,0.427,0.146,0.69,0.027,-0.347,0.325,0.322,0.0,0.523,-0.022,-0.139,-0.199,0.266,-0.479,0.027,-0.513,-0.168,0.323,-0.144,-0.346,-0.216,0.212,-0.198,-0.324,0.376,0.047,-0.172,-0.147,0.346,-0.266,-0.247,-0.39,0.445,0.469,-0.211,-0.244,0.419,-0.015,0.427,0.573,-0.2,-0.418,0.163,0.466,-0.328,-0.24,-0.352,0.331,0.411,0.427,0.484,0.046,-0.164,0.659,-0.035,0.742,-0.412,0.191,0.374,0.572,-0.078,0.209,-0.249,0.195,-0.291,0.292,0.071,-0.212,0.116,-0.139,0.049,-0.37,0.036,0.088,0.417,-0.182,-0.28,-0.06,0.312,-0.267,-0.214,0.292,-0.304,0.175,-0.29,0.154,-0.014,0.295,-0.206,0.091,-0.057,0.379,-0.255,-0.17,0.666,-0.152,-0.279,0.464,-0.257,0.558,-0.294,-0.025,0.26,0.097,0.182,-0.049,-0.375,0.453,-0.307,0.461,-0.428,0.258,-0.514,-0.074,0.607,-0.001,-0.017,-0.083,-0.286,-0.37,-0.181,0.286,-0.086,-0.385,0.054,-0.371,-0.121,-0.197,0.679,0.015,-0.258,-0.292,-0.061,-0.313,-0.159,0.623,0.621,-0.518,0.619,-0.408,0.263,-0.227,-0.382,-0.013,-0.396,0.27,0.591
AMCX,-0.046,0.782,-0.284,0.797,0.514,0.56,0.872,0.802,0.528,-0.559,0.774,0.67,-0.178,-0.149,0.0,-0.06,0.735,0.796,0.606,-0.598,0.777,-0.129,0.334,0.817,0.913,-0.536,-0.224,-0.13,0.471,0.789,0.54,0.721,0.728,0.368,0.535,0.536,0.845,0.764,0.78,0.754,0.676,0.682,0.677,0.706,-0.261,0.747,0.718,0.597,0.68,0.506,-0.426,0.659,0.287,-0.346,0.654,-0.186,0.809,0.662,0.555,0.067,0.725,0.348,0.777,0.837,0.59,0.591,0.055,0.478,0.659,-0.224,0.557,0.839,0.779,0.686,0.647,0.912,0.681,-0.244,0.642,0.546,0.806,0.56,0.257,0.594,0.769,0.0,-0.52,0.778,0.053,0.114,0.621,-0.1,-0.642,0.77,0.655,0.328,-0.114,0.576,0.759,0.697,-0.473,-0.51,-0.098,-0.222,0.21,0.876,-0.576,0.4,0.071,0.556,-0.055,0.648,-0.459,0.637,0.714,0.833,0.548,0.245,0.367,-0.022,0.513,0.54,0.438,0.669,0.722,0.828,0.763,-0.563,0.623,0.897,0.629,0.652,0.569,0.381,-0.484,0.738,0.727,0.625,0.795,0.572,0.152,0.756,-0.619,0.817,-0.746,0.867,0.66,0.265,0.732,0.222,0.136,0.839,-0.281,0.863,0.872,-0.649,0.821,0.798,0.773,0.741,-0.756,0.78,-0.622,0.796,0.706,0.694,0.811,-0.118,-0.581,0.831,0.223,0.78,0.843,0.225,-0.457,0.684,0.808,0.729,0.573,0.72,0.568,-0.352,0.126,0.718,0.739,0.816,0.713,0.907,-0.502,-0.597,0.626,-0.107,0.737,0.005,0.772,0.53,0.839,0.556,0.751,-0.702
AMKR,0.178,0.199,0.086,-0.063,0.128,0.53,0.108,0.337,-0.286,0.474,-0.12,0.176,0.835,0.737,-0.06,0.0,-0.127,0.282,0.276,-0.026,0.007,0.369,0.122,0.193,-0.066,0.153,0.589,0.079,0.151,0.295,-0.424,-0.125,-0.019,0.181,0.187,0.53,0.069,-0.128,-0.087,0.081,0.194,0.049,0.049,-0.342,-0.168,-0.259,-0.233,0.491,-0.09,-0.248,-0.016,0.129,-0.689,-0.042,0.058,0.359,0.234,0.001,0.453,-0.044,0.351,0.801,0.314,0.057,0.044,0.386,-0.128,0.494,-0.312,-0.264,0.416,0.118,-0.087,0.071,0.251,-0.066,-0.105,0.006,0.148,-0.018,0.084,0.146,-0.117,0.088,-0.125,0.077,0.395,0.107,0.102,0.3,0.121,0.832,0.432,0.147,-0.119,0.366,0.195,-0.059,0.039,-0.09,-0.123,0.226,0.859,0.2,0.135,-0.037,0.425,0.403,0.49,-0.271,0.271,0.581,0.39,0.121,0.317,-0.013,0.533,0.067,0.158,0.382,0.12,0.271,0.311,0.267,-0.057,0.23,0.408,0.2,0.302,-0.158,0.193,0.332,-0.219,-0.204,0.562,-0.008,0.362,-0.157,0.24,0.402,0.223,-0.04,0.128,0.097,0.39,-0.015,0.22,0.734,0.122,0.063,0.427,-0.054,0.611,-0.11,0.091,-0.026,0.015,0.228,0.196,-0.122,0.395,-0.013,0.206,-0.179,0.007,-0.303,0.158,0.57,-0.088,0.187,0.311,0.004,-0.13,0.056,-0.074,0.046,-0.379,0.333,0.06,0.138,0.172,0.89,0.383,0.065,0.033,-0.062,-0.016,-0.029,0.396,0.372,-0.27,0.753,-0.131,0.381,-0.278,-0.31,0.147,-0.428,0.201,0.334
AMRX,-0.158,0.707,-0.394,0.724,0.278,0.453,0.687,0.496,0.41,-0.338,0.701,0.476,-0.286,-0.337,0.735,-0.127,0.0,0.626,0.277,-0.444,0.646,0.015,0.426,0.664,0.756,-0.389,-0.064,-0.202,0.235,0.665,0.429,0.516,0.552,0.426,0.15,0.451,0.714,0.608,0.54,0.602,0.577,0.496,0.56,0.529,-0.472,0.653,0.739,0.399,0.498,0.681,-0.503,0.484,0.282,-0.382,0.544,-0.373,0.494,0.61,0.224,-0.131,0.545,0.188,0.606,0.609,0.57,0.372,0.264,0.437,0.679,-0.169,0.44,0.658,0.62,0.632,0.407,0.711,0.451,-0.44,0.664,0.616,0.805,0.285,0.435,0.73,0.665,0.004,-0.275,0.646,0.024,-0.017,0.337,-0.069,-0.505,0.703,0.514,0.467,-0.133,0.507,0.667,0.532,-0.422,-0.492,-0.063,-0.131,0.445,0.692,-0.495,0.438,-0.071,0.489,-0.108,0.487,-0.311,0.452,0.449,0.675,0.529,0.349,0.308,-0.087,0.564,0.534,0.271,0.587,0.576,0.609,0.569,-0.532,0.617,0.762,0.385,0.437,0.477,0.283,-0.374,0.561,0.472,0.352,0.561,0.627,-0.043,0.507,-0.479,0.773,-0.434,0.696,0.487,0.124,0.739,0.271,-0.08,0.734,-0.221,0.667,0.611,-0.589,0.604,0.534,0.626,0.734,-0.563,0.767,-0.555,0.665,0.489,0.729,0.641,-0.059,-0.483,0.68,0.243,0.616,0.645,-0.027,-0.423,0.628,0.492,0.607,0.557,0.532,0.454,-0.294,0.273,0.572,0.596,0.519,0.547,0.726,-0.367,-0.666,0.545,-0.291,0.59,0.062,0.68,0.201,0.736,0.487,0.451,-0.577
ANSS,-0.064,0.867,-0.304,0.788,0.697,0.808,0.956,0.904,0.586,-0.277,0.751,0.721,0.247,0.061,0.796,0.282,0.626,0.0,0.693,-0.62,0.858,0.095,0.246,0.855,0.818,-0.482,-0.101,0.041,0.666,0.92,0.269,0.603,0.708,0.488,0.585,0.791,0.744,0.654,0.756,0.773,0.748,0.62,0.667,0.609,-0.445,0.604,0.719,0.821,0.576,0.411,-0.482,0.653,-0.009,-0.395,0.794,-0.131,0.836,0.733,0.723,0.035,0.937,0.719,0.878,0.886,0.657,0.812,-0.007,0.808,0.557,-0.394,0.796,0.827,0.695,0.762,0.806,0.881,0.668,-0.467,0.754,0.545,0.739,0.529,0.277,0.661,0.731,0.004,-0.331,0.857,0.093,0.313,0.778,0.214,-0.449,0.844,0.608,0.562,0.008,0.565,0.746,0.61,-0.645,-0.529,0.318,-0.19,0.211,0.892,-0.445,0.637,0.288,0.571,-0.054,0.8,-0.211,0.678,0.901,0.843,0.753,0.271,0.488,-0.044,0.654,0.692,0.519,0.845,0.647,0.902,0.921,-0.369,0.776,0.826,0.801,0.83,0.353,0.286,-0.356,0.678,0.894,0.606,0.775,0.823,0.029,0.777,-0.666,0.843,-0.585,0.899,0.69,0.536,0.746,0.187,0.27,0.834,0.079,0.828,0.868,-0.817,0.816,0.792,0.886,0.777,-0.602,0.72,-0.628,0.734,0.601,0.661,0.948,0.112,-0.749,0.958,0.46,0.795,0.725,0.192,-0.604,0.829,0.611,0.902,0.585,0.775,0.553,0.029,0.258,0.69,0.679,0.742,0.694,0.904,-0.363,-0.382,0.592,0.173,0.695,0.14,0.679,0.368,0.879,0.535,0.783,-0.579
APPN,0.587,0.429,0.346,0.255,0.468,0.65,0.581,0.79,0.225,-0.014,0.543,0.847,0.4,0.383,0.606,0.276,0.277,0.693,0.0,-0.064,0.464,-0.393,0.235,0.38,0.548,0.088,-0.03,-0.02,0.367,0.62,-0.089,0.101,0.142,-0.181,0.437,0.776,0.455,0.128,0.794,0.215,0.166,0.095,0.077,0.303,-0.098,0.099,0.269,0.611,0.103,-0.087,0.195,0.119,-0.261,0.174,0.733,0.386,0.625,0.125,0.774,0.636,0.556,0.591,0.472,0.52,0.129,0.855,-0.532,0.372,-0.023,-0.405,0.767,0.371,0.144,0.17,0.627,0.587,0.191,-0.071,0.503,0.086,0.332,0.865,-0.12,0.292,0.183,0.262,-0.041,0.313,-0.43,0.459,0.533,0.019,0.008,0.453,0.02,0.185,0.552,-0.076,0.193,0.048,-0.091,-0.379,0.067,0.331,-0.039,0.639,0.061,0.02,0.659,0.012,-0.383,0.696,0.221,0.268,0.81,0.339,0.478,-0.402,0.442,-0.369,-0.022,0.41,0.059,0.545,0.079,0.682,0.628,0.173,0.255,0.5,0.374,0.861,-0.106,0.022,-0.241,0.134,0.692,0.298,0.675,0.311,0.124,0.354,-0.451,0.584,-0.438,0.474,0.143,0.584,0.283,-0.391,0.57,0.353,0.397,0.4,0.623,-0.388,0.724,0.731,0.508,0.225,-0.215,0.196,-0.047,0.237,0.681,0.152,0.599,0.448,-0.689,0.705,-0.162,0.247,0.253,-0.147,0.01,0.397,0.496,0.546,-0.076,0.356,-0.046,0.155,-0.143,0.113,0.125,0.682,0.142,0.547,0.143,-0.123,0.056,0.285,0.136,-0.156,0.633,0.099,0.57,0.133,0.938,-0.1
APTO,0.711,-0.735,0.779,-0.852,-0.381,-0.338,-0.73,-0.504,-0.5,0.667,-0.437,-0.142,0.211,0.359,-0.598,-0.026,-0.444,-0.62,-0.064,0.0,-0.723,-0.397,0.129,-0.831,-0.606,0.89,0.394,-0.015,-0.58,-0.551,-0.536,-0.907,-0.944,-0.745,-0.589,-0.18,-0.554,-0.797,-0.373,-0.881,-0.81,-0.856,-0.932,-0.619,0.319,-0.797,-0.569,-0.461,-0.837,-0.477,0.83,-0.923,-0.254,0.759,-0.182,0.491,-0.668,-0.889,-0.357,0.487,-0.759,-0.327,-0.738,-0.751,-0.669,-0.256,-0.483,-0.602,-0.779,0.073,-0.183,-0.815,-0.901,-0.773,-0.469,-0.693,-0.89,0.313,-0.275,-0.477,-0.57,0.087,-0.263,-0.436,-0.859,0.394,0.694,-0.87,-0.651,0.098,-0.646,-0.21,0.763,-0.664,-0.935,-0.258,0.656,-0.875,-0.839,-0.899,0.884,0.417,-0.253,0.763,0.05,-0.599,0.798,-0.763,0.382,-0.736,-0.281,-0.346,0.785,-0.748,-0.44,-0.83,-0.436,-0.705,0.025,-0.444,-0.746,-0.36,-0.808,-0.464,-0.921,-0.575,-0.639,0.736,-0.758,-0.645,-0.815,-0.213,-0.604,-0.408,0.245,-0.933,-0.611,-0.715,-0.395,-0.617,-0.066,-0.824,0.45,-0.442,0.588,-0.8,-0.913,-0.026,-0.626,-0.697,0.082,-0.787,0.475,-0.803,-0.618,0.703,-0.355,-0.413,-0.736,-0.772,0.758,-0.733,0.819,-0.851,-0.066,-0.716,-0.691,0.507,0.282,-0.574,-0.716,-0.902,-0.869,-0.727,0.8,-0.599,-0.627,-0.631,-0.901,-0.751,-0.857,0.26,-0.327,-0.91,-0.878,-0.46,-0.924,-0.679,0.815,0.471,-0.845,0.023,-0.92,-0.183,-0.251,-0.76,-0.558,-0.544,-0.223,0.865
ARCT,-0.277,0.908,-0.539,0.892,0.573,0.64,0.924,0.679,0.619,-0.58,0.819,0.556,-0.139,-0.236,0.777,0.007,0.646,0.858,0.464,-0.723,0.0,0.03,0.126,0.818,0.852,-0.655,-0.341,-0.193,0.583,0.791,0.343,0.711,0.793,0.482,0.495,0.504,0.572,0.755,0.74,0.838,0.711,0.645,0.745,0.659,-0.562,0.683,0.706,0.557,0.634,0.481,-0.679,0.696,0.137,-0.573,0.677,-0.397,0.781,0.794,0.676,-0.159,0.866,0.509,0.787,0.863,0.65,0.655,0.249,0.645,0.706,-0.339,0.568,0.803,0.798,0.748,0.703,0.898,0.772,-0.6,0.686,0.498,0.615,0.368,0.302,0.753,0.872,-0.213,-0.59,0.883,0.156,-0.098,0.726,0.13,-0.65,0.91,0.74,0.435,-0.193,0.661,0.814,0.708,-0.764,-0.617,0.146,-0.424,0.151,0.832,-0.719,0.608,-0.002,0.687,-0.155,0.619,-0.414,0.753,0.672,0.899,0.627,0.361,0.177,-0.016,0.67,0.678,0.468,0.74,0.74,0.722,0.78,-0.51,0.78,0.792,0.792,0.524,0.402,0.395,-0.501,0.768,0.838,0.743,0.665,0.737,-0.012,0.845,-0.57,0.76,-0.681,0.926,0.715,0.377,0.641,0.218,0.019,0.883,-0.155,0.856,0.759,-0.845,0.655,0.678,0.807,0.795,-0.755,0.732,-0.813,0.848,0.47,0.747,0.943,-0.134,-0.722,0.854,0.414,0.869,0.87,0.289,-0.714,0.76,0.728,0.814,0.673,0.7,0.608,-0.205,0.362,0.747,0.748,0.672,0.774,0.878,-0.577,-0.617,0.771,-0.129,0.813,0.099,0.663,0.556,0.773,0.674,0.597,-0.811
ARWR,-0.596,0.255,-0.54,0.226,0.029,0.02,0.097,0.027,-0.048,0.153,-0.083,-0.258,0.259,-0.126,-0.129,0.369,0.015,0.095,-0.393,-0.397,0.03,0.0,0.014,0.362,-0.064,-0.32,0.34,0.331,0.086,0.069,0.195,0.257,0.33,0.705,-0.056,0.015,0.122,0.251,-0.445,0.369,0.523,0.403,0.458,-0.063,-0.267,0.193,0.12,0.219,0.219,0.341,-0.592,0.42,-0.086,-0.561,-0.233,-0.399,0.109,0.421,-0.191,-0.728,0.217,0.269,0.331,0.07,0.441,-0.198,0.567,0.528,0.184,0.145,-0.041,0.26,0.284,0.443,-0.124,-0.104,0.154,-0.274,0.005,0.373,0.256,-0.506,0.369,0.197,0.225,-0.41,0.123,0.303,0.656,-0.022,-0.021,0.537,-0.099,0.204,0.353,0.362,-0.542,0.457,0.34,0.381,-0.369,0.164,0.589,-0.394,0.302,-0.091,-0.125,0.641,-0.328,0.217,0.612,0.115,-0.244,0.205,-0.032,0.187,0.377,0.718,0.071,0.655,0.558,0.099,0.602,0.193,0.385,0.066,0.201,-0.414,0.48,0.018,0.207,-0.115,0.274,0.069,0.454,0.317,-0.01,-0.074,-0.047,0.497,-0.007,0.096,0.21,0.016,0.312,0.092,0.486,-0.008,0.295,0.675,-0.205,0.156,-0.003,0.094,0.018,-0.119,-0.218,-0.076,0.174,0.228,0.086,0.309,-0.209,0.203,-0.383,0.137,0.062,-0.089,0.289,-0.04,0.711,0.295,0.131,0.358,-0.454,0.179,-0.263,0.242,0.547,0.33,0.576,0.287,0.562,0.428,0.413,-0.204,0.356,0.021,-0.313,0.042,0.225,0.287,0.286,0.376,-0.361,-0.018,0.111,-0.071,-0.362,-0.13
ASND,0.291,0.242,0.167,0.147,0.028,0.29,0.207,0.207,-0.109,0.052,0.289,0.37,0.11,0.162,0.334,0.122,0.426,0.246,0.235,0.129,0.126,0.014,0.0,0.218,0.361,0.155,0.48,-0.137,-0.297,0.34,0.107,-0.045,0.002,0.028,-0.288,0.335,0.357,0.217,0.086,0.138,0.218,0.064,0.046,-0.082,-0.238,0.061,0.238,0.268,0.011,0.211,-0.078,0.011,0.061,0.079,0.313,-0.094,0.316,0.084,0.071,-0.041,0.043,0.109,0.328,0.048,0.061,0.182,0.098,0.205,0.002,-0.077,0.306,0.248,0.101,0.235,0.143,0.158,-0.138,-0.077,0.471,0.301,0.436,0.28,0.191,0.327,0.142,-0.006,0.253,0.108,-0.258,0.032,-0.208,0.105,-0.01,0.332,-0.09,0.565,0.206,-0.018,0.203,0.032,0.225,0.169,0.019,0.417,0.717,0.158,0.121,0.013,0.211,-0.103,0.009,0.368,0.198,0.129,0.133,0.156,0.367,0.077,0.48,-0.073,0.136,0.352,-0.082,0.313,0.069,0.31,0.193,-0.244,0.26,0.34,-0.18,0.29,0.254,0.042,0.001,0.029,0.13,-0.191,0.429,0.299,0.246,-0.054,0.126,0.482,0.095,0.148,0.056,0.298,0.308,-0.012,0.072,0.187,0.101,0.079,0.167,-0.05,0.342,0.273,0.081,0.149,0.047,0.352,-0.027,0.088,0.54,0.03,0.233,0.389,-0.173,0.24,-0.169,0.077,0.109,-0.303,0.027,0.144,-0.063,0.265,0.069,0.126,0.161,0.049,0.343,0.111,0.189,0.194,-0.031,0.267,0.217,-0.294,-0.112,-0.128,-0.023,0.124,0.391,-0.325,0.368,-0.077,0.33,0.099
ASTH,-0.408,0.911,-0.591,0.894,0.531,0.588,0.901,0.793,0.5,-0.468,0.695,0.482,0.019,-0.175,0.817,0.193,0.664,0.855,0.38,-0.831,0.818,0.362,0.218,0.0,0.802,-0.713,-0.08,0.088,0.571,0.816,0.538,0.83,0.895,0.74,0.551,0.567,0.827,0.827,0.536,0.934,0.916,0.867,0.903,0.635,-0.416,0.788,0.721,0.752,0.775,0.61,-0.743,0.887,0.154,-0.649,0.509,-0.377,0.832,0.898,0.488,-0.305,0.888,0.541,0.94,0.86,0.79,0.536,0.346,0.816,0.712,-0.146,0.541,0.939,0.892,0.877,0.612,0.831,0.791,-0.401,0.573,0.681,0.85,0.239,0.351,0.666,0.858,-0.25,-0.451,0.934,0.439,0.139,0.684,0.246,-0.635,0.844,0.83,0.485,-0.406,0.807,0.909,0.849,-0.746,-0.428,0.31,-0.462,0.237,0.805,-0.63,0.788,-0.057,0.652,0.226,0.702,-0.561,0.77,0.711,0.906,0.741,0.603,0.34,0.323,0.799,0.54,0.779,0.758,0.896,0.857,0.872,-0.685,0.879,0.831,0.802,0.59,0.604,0.395,-0.246,0.891,0.753,0.599,0.699,0.847,0.125,0.806,-0.552,0.767,-0.579,0.903,0.918,0.273,0.852,0.579,0.115,0.903,-0.234,0.886,0.832,-0.796,0.643,0.71,0.885,0.85,-0.698,0.869,-0.729,0.865,0.416,0.762,0.859,-0.189,-0.457,0.824,0.645,0.92,0.873,0.461,-0.705,0.774,0.622,0.851,0.847,0.905,0.836,-0.131,0.385,0.914,0.917,0.678,0.885,0.882,-0.634,-0.491,0.752,0.115,0.874,0.23,0.538,0.533,0.846,0.494,0.532,-0.756
ATSG,-0.107,0.864,-0.306,0.862,0.604,0.634,0.902,0.743,0.6,-0.533,0.818,0.647,-0.183,-0.161,0.913,-0.066,0.756,0.818,0.548,-0.606,0.852,-0.064,0.361,0.802,0.0,-0.557,-0.24,-0.165,0.494,0.843,0.482,0.726,0.748,0.412,0.462,0.553,0.763,0.796,0.761,0.803,0.726,0.687,0.717,0.692,-0.385,0.758,0.77,0.585,0.669,0.498,-0.529,0.666,0.302,-0.409,0.729,-0.291,0.802,0.722,0.556,-0.067,0.761,0.407,0.812,0.853,0.64,0.572,0.136,0.499,0.708,-0.316,0.638,0.845,0.805,0.742,0.692,0.914,0.692,-0.345,0.736,0.565,0.752,0.489,0.33,0.702,0.85,-0.056,-0.503,0.838,0.063,0.01,0.632,-0.009,-0.673,0.869,0.682,0.477,-0.125,0.619,0.808,0.706,-0.546,-0.458,-0.052,-0.235,0.325,0.868,-0.6,0.445,0.069,0.634,-0.055,0.633,-0.425,0.698,0.706,0.883,0.641,0.33,0.401,-0.064,0.62,0.637,0.428,0.734,0.739,0.768,0.752,-0.582,0.688,0.888,0.675,0.611,0.558,0.431,-0.561,0.76,0.788,0.665,0.796,0.664,0.131,0.803,-0.553,0.848,-0.67,0.904,0.685,0.341,0.698,0.232,0.017,0.866,-0.221,0.863,0.838,-0.702,0.832,0.768,0.78,0.787,-0.742,0.816,-0.717,0.84,0.697,0.717,0.866,-0.067,-0.645,0.839,0.287,0.829,0.848,0.167,-0.593,0.766,0.757,0.809,0.611,0.692,0.615,-0.314,0.269,0.748,0.774,0.784,0.733,0.928,-0.523,-0.628,0.652,-0.215,0.762,0.082,0.758,0.499,0.872,0.647,0.713,-0.718
AVTX,0.777,-0.592,0.75,-0.8,-0.416,-0.135,-0.632,-0.356,-0.619,0.717,-0.358,0.057,0.328,0.394,-0.536,0.153,-0.389,-0.482,0.088,0.89,-0.655,-0.32,0.155,-0.713,-0.557,0.0,0.409,-0.117,-0.634,-0.424,-0.712,-0.93,-0.921,-0.748,-0.612,0.024,-0.516,-0.851,-0.25,-0.854,-0.767,-0.86,-0.87,-0.723,0.104,-0.868,-0.592,-0.338,-0.869,-0.536,0.764,-0.872,-0.526,0.665,-0.131,0.43,-0.588,-0.852,-0.188,0.511,-0.597,-0.17,-0.603,-0.699,-0.73,-0.037,-0.567,-0.435,-0.826,-0.145,-0.022,-0.757,-0.897,-0.771,-0.412,-0.642,-0.912,0.202,-0.17,-0.568,-0.543,0.184,-0.419,-0.316,-0.86,0.207,0.706,-0.814,-0.672,0.111,-0.633,-0.018,0.831,-0.51,-0.953,-0.166,0.787,-0.925,-0.843,-0.935,0.775,0.293,-0.103,0.873,0.087,-0.535,0.828,-0.713,0.447,-0.833,-0.41,-0.208,0.835,-0.711,-0.291,-0.803,-0.229,-0.741,0.061,-0.453,-0.739,-0.213,-0.718,-0.36,-0.914,-0.429,-0.443,0.772,-0.554,-0.628,-0.773,-0.067,-0.747,-0.606,0.374,-0.906,-0.503,-0.691,-0.234,-0.468,-0.173,-0.8,0.44,-0.345,0.599,-0.731,-0.83,0.093,-0.571,-0.726,0.164,-0.764,0.678,-0.801,-0.546,0.654,-0.323,-0.341,-0.687,-0.742,0.847,-0.67,0.794,-0.841,-0.053,-0.749,-0.569,0.701,0.104,-0.426,-0.725,-0.864,-0.857,-0.74,0.741,-0.556,-0.648,-0.504,-0.879,-0.73,-0.825,0.454,-0.223,-0.87,-0.836,-0.456,-0.904,-0.633,0.868,0.369,-0.878,0.122,-0.927,-0.311,-0.196,-0.834,-0.497,-0.66,-0.087,0.88
BCPC,0.271,-0.101,0.288,-0.33,-0.122,0.134,-0.256,-0.024,-0.408,0.626,-0.198,-0.063,0.581,0.578,-0.224,0.589,-0.064,-0.101,-0.03,0.394,-0.341,0.34,0.48,-0.08,-0.24,0.409,0.0,0.288,-0.26,0.008,-0.217,-0.396,-0.345,0.098,-0.337,0.294,0.038,-0.23,-0.463,-0.168,0.009,-0.13,-0.233,-0.435,0.01,-0.345,-0.246,0.252,-0.374,0.008,0.174,-0.236,-0.319,0.209,-0.019,0.258,-0.126,-0.217,-0.166,-0.091,-0.182,0.273,-0.003,-0.341,0.012,-0.076,0.042,0.191,-0.426,0.201,0.145,-0.138,-0.313,-0.064,-0.175,-0.395,-0.504,0.117,0.04,0.201,0.118,-0.011,0.1,-0.036,-0.371,0.231,0.765,-0.238,-0.085,0.275,-0.389,0.44,0.537,-0.154,-0.4,0.346,0.174,-0.194,-0.137,-0.275,0.417,0.543,0.456,0.436,0.482,-0.317,0.606,0.121,0.443,-0.443,0.387,0.316,0.495,-0.189,-0.076,-0.276,0.336,0.064,0.356,0.302,0.007,0.043,-0.087,0.09,-0.275,-0.04,-0.028,0.142,-0.002,-0.242,-0.338,0.09,-0.099,-0.161,0.557,-0.32,-0.193,-0.67,0.085,0.192,0.228,-0.448,0.37,0.03,0.668,-0.365,-0.134,0.374,0.104,0.04,0.16,-0.211,0.441,-0.364,-0.2,0.275,-0.134,0.051,-0.136,-0.272,0.568,-0.134,0.491,-0.399,0.105,-0.394,-0.235,0.522,0.326,-0.17,0.043,-0.305,-0.395,-0.3,0.299,-0.081,-0.622,0.003,-0.177,-0.031,-0.042,0.571,0.331,-0.185,-0.153,-0.245,-0.305,-0.213,0.525,0.43,-0.495,0.478,-0.404,0.38,-0.233,-0.655,0.012,-0.522,-0.065,0.561
BEAM,-0.167,-0.145,0.059,-0.057,0.316,-0.161,-0.046,0.129,0.224,0.3,-0.166,-0.208,0.333,0.175,-0.13,0.079,-0.202,0.041,-0.02,-0.015,-0.193,0.331,-0.137,0.088,-0.165,-0.117,0.288,0.0,0.348,-0.058,0.326,0.09,0.056,0.384,0.206,0.083,0.187,0.072,-0.279,0.081,0.2,0.245,0.038,0.273,0.468,0.126,0.09,0.29,0.022,0.143,0.115,0.075,0.191,0.151,0.027,0.189,0.009,0.154,-0.311,-0.012,-0.027,0.056,0.021,0.006,0.338,-0.183,0.059,0.197,-0.047,0.52,0.028,0.077,0.018,0.191,0.008,-0.114,0.067,0.231,-0.21,0.43,0.153,-0.196,0.287,-0.318,-0.089,0.281,0.283,0.033,0.334,0.565,0.173,-0.112,0.108,-0.283,0.082,-0.037,-0.242,0.23,0.078,0.133,0.099,0.279,0.161,-0.139,-0.142,-0.005,0.149,0.268,0.208,0.132,0.539,0.024,-0.049,0.043,0.133,-0.008,0.028,0.199,0.344,0.244,0.198,-0.276,0.222,0.044,0.083,0.15,-0.011,-0.026,-0.119,0.056,0.148,0.165,0.19,0.198,0.064,0.027,-0.12,-0.218,-0.099,0.08,0.137,0.006,-0.119,-0.096,0.073,-0.077,0.116,-0.18,0.209,0.334,0.208,0.093,-0.118,0.078,0.085,-0.052,0.043,0.079,0.182,0.11,-0.021,-0.075,0.185,0.006,-0.008,0.071,-0.104,-0.229,0.389,-0.084,0.413,0.035,-0.117,0.229,0.068,0.215,-0.052,0.008,0.048,0.33,0.094,-0.035,-0.24,0.09,0.045,0.059,0.102,0.025,-0.111,0.596,0.092,0.5,0.06,0.291,-0.16,0.084,0.076,0.065,-0.075,0.123
BILI,-0.306,0.499,-0.275,0.563,0.763,0.459,0.661,0.643,0.741,-0.231,0.358,0.243,0.184,0.076,0.471,0.151,0.235,0.666,0.367,-0.58,0.583,0.086,-0.297,0.571,0.494,-0.634,-0.26,0.348,0.0,0.597,0.366,0.633,0.663,0.522,0.869,0.416,0.495,0.566,0.453,0.643,0.606,0.637,0.571,0.686,0.026,0.611,0.538,0.611,0.553,0.257,-0.304,0.588,0.198,-0.26,0.521,0.054,0.548,0.591,0.46,0.004,0.704,0.522,0.555,0.767,0.663,0.403,-0.036,0.513,0.54,-0.101,0.451,0.591,0.608,0.638,0.687,0.646,0.76,-0.134,0.328,0.497,0.45,0.219,0.316,0.197,0.572,0.273,-0.401,0.703,0.378,0.367,0.884,0.006,-0.448,0.394,0.652,0.181,-0.26,0.634,0.595,0.62,-0.596,-0.294,0.206,-0.503,-0.191,0.655,-0.453,0.607,0.149,0.688,0.24,0.418,-0.339,0.527,0.676,0.663,0.332,0.317,0.294,0.106,0.577,0.301,0.514,0.559,0.585,0.542,0.571,-0.265,0.376,0.543,0.892,0.525,0.393,0.473,-0.419,0.627,0.652,0.608,0.373,0.477,0.029,0.751,-0.677,0.377,-0.539,0.663,0.596,0.259,0.512,0.289,0.16,0.638,-0.172,0.723,0.669,-0.654,0.58,0.52,0.742,0.624,-0.629,0.419,-0.512,0.588,0.259,0.575,0.592,-0.264,-0.359,0.59,0.647,0.673,0.573,0.418,-0.561,0.711,0.559,0.618,0.495,0.662,0.457,-0.125,-0.066,0.593,0.525,0.568,0.698,0.64,-0.461,0.099,0.569,0.237,0.664,0.289,0.266,0.581,0.561,0.626,0.43,-0.523
BJRI,-0.023,0.853,-0.216,0.745,0.71,0.864,0.893,0.869,0.577,-0.211,0.707,0.709,0.211,0.12,0.789,0.295,0.665,0.92,0.62,-0.551,0.791,0.069,0.34,0.816,0.843,-0.424,0.008,-0.058,0.597,0.0,0.25,0.573,0.672,0.447,0.533,0.799,0.77,0.65,0.691,0.751,0.749,0.624,0.66,0.535,-0.461,0.607,0.724,0.826,0.566,0.398,-0.46,0.638,0.046,-0.358,0.79,-0.128,0.76,0.657,0.637,-0.004,0.879,0.664,0.884,0.866,0.637,0.751,-0.009,0.72,0.576,-0.429,0.785,0.812,0.684,0.756,0.814,0.851,0.618,-0.374,0.816,0.563,0.773,0.537,0.238,0.657,0.707,0.02,-0.283,0.823,0.085,0.262,0.698,0.205,-0.467,0.823,0.566,0.658,0.04,0.548,0.714,0.577,-0.568,-0.4,0.235,-0.093,0.39,0.854,-0.407,0.583,0.309,0.561,-0.003,0.78,-0.182,0.644,0.863,0.825,0.762,0.296,0.554,-0.068,0.677,0.695,0.486,0.835,0.633,0.854,0.886,-0.396,0.751,0.786,0.74,0.815,0.407,0.308,-0.397,0.67,0.832,0.579,0.807,0.819,0.048,0.756,-0.648,0.875,-0.507,0.861,0.668,0.546,0.734,0.175,0.165,0.793,0.088,0.775,0.838,-0.732,0.86,0.775,0.813,0.742,-0.546,0.763,-0.609,0.682,0.648,0.62,0.878,0.18,-0.726,0.913,0.414,0.758,0.689,0.106,-0.605,0.828,0.518,0.909,0.574,0.717,0.562,0.023,0.273,0.685,0.693,0.735,0.656,0.888,-0.302,-0.394,0.477,0.056,0.644,0.195,0.661,0.265,0.889,0.522,0.766,-0.515
BLUE,-0.515,0.342,-0.466,0.591,0.337,-0.132,0.429,0.275,0.519,-0.509,0.355,-0.028,-0.424,-0.429,0.54,-0.424,0.429,0.269,-0.089,-0.536,0.343,0.195,0.107,0.538,0.482,-0.712,-0.217,0.326,0.366,0.25,0.0,0.751,0.659,0.568,0.358,-0.084,0.609,0.771,0.138,0.634,0.619,0.74,0.625,0.711,0.157,0.805,0.633,0.208,0.705,0.669,-0.452,0.609,0.757,-0.357,0.138,-0.31,0.43,0.613,-0.175,-0.3,0.241,-0.17,0.424,0.487,0.687,-0.169,0.39,0.179,0.681,0.382,-0.041,0.611,0.718,0.646,0.194,0.493,0.628,-0.025,0.133,0.659,0.614,-0.061,0.533,0.198,0.643,-0.004,-0.495,0.543,0.494,0.017,0.332,-0.349,-0.731,0.278,0.719,0.049,-0.666,0.728,0.668,0.779,-0.279,-0.121,-0.292,-0.59,0.134,0.463,-0.626,0.386,-0.413,0.661,0.453,0.083,-0.747,0.436,0.159,0.591,0.041,0.59,0.254,0.294,0.534,-0.007,0.49,0.234,0.729,0.379,0.212,-0.749,0.255,0.61,0.394,0.099,0.853,0.563,-0.425,0.672,0.173,0.395,0.195,0.243,0.248,0.559,-0.395,0.325,-0.565,0.507,0.557,-0.35,0.539,0.645,-0.198,0.609,-0.785,0.671,0.528,-0.375,0.389,0.316,0.504,0.6,-0.714,0.613,-0.516,0.669,0.24,0.67,0.313,-0.68,0.114,0.246,0.461,0.623,0.658,0.439,-0.379,0.433,0.577,0.271,0.629,0.643,0.609,-0.697,0.006,0.662,0.662,0.463,0.667,0.54,-0.762,-0.299,0.67,-0.249,0.709,0.247,0.334,0.616,0.44,0.562,0.046,-0.632
