,AAL,AAON,ACB,ACGL,ACGLO,ACIW,ADBE,ADSK,AEP,AGIO,ALEC,ALNY,ALTR,AMBA,AMCX,AMKR,AMRX,ANSS,APPN,APTO,ARCT,ARWR,ASND,ASTH,ATSG,AVTX,BCPC,BEAM,BILI,BJRI,BLUE,BPOP,BRKL,BWIN,BZUN,CARG,CBRL,CBSH,CBUS,CENTA,CERS,CFFN,CHCO,CHEF,CHRD,CINF,CLLS,CMCO,CMCSA,COLL,COMM,COOP,CPB,CRON,CROX,CRUS,CRWD,CTAS,CYBR,CYTK,DGII,DIOD,DOMO,DPZ,DSGR,DXCM,ERIE,ESTA,EXEL,FAST,FCEL,FCFS,FHB,FITBI,FSV,FTDR,FUTU,GLDD,GLPG,GLPI,GOGO,GOSS,GSAT,GYRE,HALO,HAS,HLIT,HLNE,HSDT,HSIC,HTHT,ICHR,IDYA,IMVT,INDB,INSM,IONS,IOSP,ITRI,JBHT,JBLU,JSM,KLIC,KOD,KURA,LAB,LASR,LIN,LKQ,LNT,MBUU,MCRI,MDGL,MEDP,MGNI,MGPI,MGRC,MKTX,MRNA,MRTN,MSEX,MSFT,MU,NAVI,NBTB,NEO,NEOG,NGNE,NSSC,NTAP,NTES,NTLA,NTRS,NYMTN,OBLG,OCFC,ON,ONC,OPI,OSIS,OSW,PALI,PANW,PCAR,PCRX,PCTY,PEBO,PLAB,PLAY,PLMR,PLSE,PLUS,PRTA,PSEC,PSNL,PTCT,PTON,QNST,QRVO,QTTB,RARE,RBCAA,RGNX,SAIC,SGMO,SINT,SNPS,SPSC,SPTN,SSYS,STNE,TBBK,TCPC,TENB,TGTX,TREE,TRUP,TTWO,TW,TXG,UBSI,UCTT,UFPT,UMBF,UPBD,URBN,VBTX,VCTR,VEON,VNET,VRSK,VSEC,WABC,WTFCM,WVE,WW,WWD,XEL,ZD,ZYME
AAL,0.0,0.795,0.503,0.065,-0.759,-0.372,0.954,0.662,0.638,0.275,0.152,0.799,0.099,0.684,-0.285,0.735,0.792,0.534,0.891,-0.61,-0.28,0.456,0.382,-0.258,0.897,0.292,0.741,0.067,0.34,0.277,0.214,0.208,0.573,0.913,0.552,0.9,-0.678,-0.075,-0.821,0.794,0.813,0.367,0.642,0.872,0.458,0.265,0.148,0.789,0.906,0.48,0.869,0.779,-0.869,0.126,0.058,-0.313,-0.309,0.798,0.208,-0.819,0.915,0.062,0.879,0.763,0.661,0.847,-0.3,0.41,-0.105,0.727,0.7,-0.802,0.674,0.657,-0.133,-0.188,0.655,0.788,-0.325,0.484,0.894,0.366,-0.267,0.545,0.606,0.625,0.244,0.88,0.687,0.667,0.541,0.943,0.594,-0.218,0.301,0.65,-0.123,0.576,0.633,0.632,0.958,-0.025,0.817,0.494,-0.819,-0.814,0.751,0.903,0.765,0.771,0.739,0.744,-0.756,0.722,0.704,0.778,0.498,-0.325,-0.413,-0.025,0.235,0.526,-0.512,0.899,-0.309,-0.661,0.798,-0.829,0.034,0.815,0.898,0.714,0.292,0.776,-0.529,0.688,0.663,-0.819,0.593,0.284,0.779,0.853,0.881,0.909,0.205,0.521,0.313,0.883,0.91,0.678,0.429,0.874,0.608,-0.232,0.155,-0.077,0.498,-0.844,0.706,-0.077,-0.025,0.455,0.468,0.918,-0.09,0.282,-0.512,0.937,-0.733,0.723,0.691,0.456,0.842,0.7,-0.388,0.703,0.63,0.264,0.544,0.763,0.212,0.813,0.894,0.226,0.363,0.625,0.538,0.264,0.655,0.792,0.512,0.853,0.368,0.112,-0.088,-0.456,0.889,-0.245,0.729,-0.388
AAON,0.795,0.0,0.642,0.394,-0.712,-0.208,0.771,0.449,0.747,0.616,0.061,0.734,-0.039,0.618,-0.218,0.772,0.739,0.194,0.745,-0.686,-0.269,0.603,0.56,-0.053,0.915,0.451,0.789,0.151,0.099,0.477,0.149,0.417,0.73,0.889,0.413,0.823,-0.758,0.055,-0.784,0.838,0.809,0.56,0.737,0.772,0.695,0.406,0.062,0.9,0.791,0.446,0.851,0.865,-0.874,0.188,0.142,-0.339,-0.534,0.681,0.249,-0.564,0.906,0.083,0.777,0.622,0.839,0.732,-0.38,0.416,-0.009,0.657,0.533,-0.627,0.758,0.528,-0.319,0.195,0.622,0.887,-0.179,0.494,0.91,0.075,-0.165,0.639,0.869,0.527,0.393,0.89,0.535,0.746,0.554,0.874,0.74,-0.212,0.509,0.782,-0.134,0.738,0.7,0.646,0.897,0.08,0.817,0.57,-0.622,-0.791,0.802,0.738,0.891,0.791,0.779,0.894,-0.668,0.784,0.701,0.852,0.597,-0.482,-0.615,-0.013,0.414,0.199,-0.652,0.881,-0.123,-0.454,0.814,-0.65,0.039,0.652,0.837,0.728,0.352,0.685,-0.289,0.766,0.652,-0.709,0.622,0.451,0.806,0.906,0.735,0.922,0.102,0.617,0.487,0.943,0.859,0.736,0.36,0.919,0.658,-0.031,0.358,0.082,0.375,-0.603,0.529,0.004,0.39,0.572,0.683,0.89,0.329,0.24,-0.706,0.892,-0.532,0.813,0.745,0.544,0.842,0.405,-0.372,0.849,0.406,0.103,0.543,0.551,0.423,0.792,0.842,0.368,0.585,0.529,0.661,0.473,0.554,0.691,0.481,0.862,0.542,0.301,0.113,-0.235,0.947,-0.395,0.852,-0.025
ACB,0.503,0.642,0.0,0.55,-0.462,-0.378,0.502,0.171,0.348,0.428,0.062,0.438,-0.173,0.295,-0.368,0.409,0.566,0.073,0.352,-0.387,-0.48,0.114,0.152,-0.375,0.575,0.287,0.234,-0.226,-0.006,0.15,-0.256,-0.127,0.226,0.584,0.041,0.441,-0.431,-0.328,-0.596,0.413,0.314,0.045,0.215,0.528,0.288,-0.021,-0.303,0.406,0.424,0.66,0.576,0.415,-0.542,0.607,-0.244,-0.313,-0.454,0.259,0.675,-0.387,0.586,0.109,0.384,0.476,0.329,0.354,-0.416,0.162,0.201,0.617,0.21,-0.657,0.237,0.131,-0.393,-0.037,0.187,0.548,-0.228,-0.081,0.527,0.17,-0.416,0.565,0.601,0.248,-0.003,0.437,0.413,0.705,0.065,0.57,0.24,-0.231,-0.013,0.415,-0.223,0.203,0.155,0.413,0.602,-0.266,0.429,0.033,-0.538,-0.517,0.568,0.444,0.597,0.255,0.334,0.385,-0.465,0.445,0.195,0.412,0.086,-0.544,-0.614,-0.314,-0.057,0.187,-0.253,0.472,-0.458,-0.243,0.596,-0.449,-0.079,0.489,0.492,0.266,-0.166,0.471,-0.298,0.265,0.275,-0.551,0.028,0.002,0.503,0.605,0.576,0.541,0.219,0.159,-0.006,0.594,0.605,0.281,0.093,0.501,0.371,-0.367,0.052,-0.108,-0.037,-0.51,0.386,-0.282,0.212,0.013,0.209,0.511,0.28,-0.072,-0.585,0.631,-0.158,0.273,0.628,0.079,0.372,0.237,-0.506,0.412,0.121,0.437,0.063,0.215,-0.127,0.485,0.623,-0.127,0.058,0.192,0.105,-0.038,0.227,0.264,0.404,0.402,0.029,0.034,-0.153,-0.377,0.585,-0.343,0.362,-0.222
ACGL,0.065,0.394,0.55,0.0,-0.237,-0.404,0.112,-0.244,0.254,0.582,-0.254,0.103,-0.51,-0.143,-0.406,-0.009,0.346,-0.355,-0.153,-0.329,-0.617,0.025,-0.077,-0.414,0.188,0.058,-0.07,-0.264,-0.39,-0.019,-0.424,-0.16,-0.027,0.287,-0.437,-0.016,-0.296,-0.43,-0.382,0.052,-0.031,-0.138,-0.092,0.286,0.147,-0.165,-0.447,0.153,0.044,0.266,0.225,0.123,-0.177,0.529,-0.305,-0.618,-0.549,0.035,0.397,-0.08,0.273,-0.362,0.02,0.246,0.084,0.055,-0.332,-0.218,0.452,0.424,-0.327,-0.336,-0.098,0.009,-0.399,-0.063,-0.168,0.324,-0.092,-0.249,0.163,0.09,-0.455,0.541,0.541,-0.234,-0.319,0.137,0.133,0.607,-0.219,0.126,0.039,-0.44,-0.158,0.335,-0.412,0.05,-0.165,0.399,0.218,-0.197,0.001,-0.165,-0.29,-0.304,0.342,0.11,0.341,0.03,-0.044,0.193,-0.367,0.306,-0.079,0.063,-0.156,-0.512,-0.543,-0.431,-0.173,-0.042,-0.296,0.088,-0.403,0.008,0.387,-0.03,-0.411,0.071,0.065,-0.064,-0.31,0.341,-0.094,-0.077,-0.206,-0.361,-0.184,-0.319,0.06,0.343,0.314,0.265,0.301,-0.106,-0.158,0.205,0.154,0.102,-0.253,0.103,-0.026,-0.306,0.014,-0.311,-0.427,-0.216,-0.227,-0.435,0.228,-0.203,0.013,0.208,0.339,-0.485,-0.63,0.299,0.212,0.026,0.243,-0.224,-0.012,-0.181,-0.557,0.137,-0.391,0.404,0.001,-0.214,-0.173,0.071,0.334,-0.254,-0.116,-0.244,-0.122,-0.224,-0.218,-0.152,0.414,0.015,-0.154,0.15,-0.212,-0.242,0.309,-0.305,0.135,-0.022
ACGLO,-0.759,-0.712,-0.462,-0.237,0.0,0.517,-0.764,-0.542,-0.683,-0.427,0.192,-0.726,0.229,-0.347,0.609,-0.472,-0.885,-0.281,-0.647,0.538,0.519,-0.526,-0.313,0.337,-0.65,-0.225,-0.581,-0.052,0.101,-0.04,-0.029,-0.164,-0.329,-0.822,-0.239,-0.71,0.7,0.321,0.854,-0.55,-0.631,-0.195,-0.399,-0.781,-0.267,-0.042,-0.161,-0.633,-0.649,-0.383,-0.675,-0.632,0.657,-0.205,0.232,0.516,0.518,-0.746,-0.193,0.634,-0.766,0.329,-0.688,-0.707,-0.542,-0.837,0.627,-0.185,-0.113,-0.657,-0.361,0.718,-0.455,-0.592,0.203,0.158,-0.399,-0.856,0.515,-0.424,-0.734,-0.27,0.47,-0.679,-0.61,-0.268,-0.182,-0.769,-0.562,-0.748,-0.311,-0.69,-0.596,0.446,-0.145,-0.715,0.024,-0.403,-0.406,-0.55,-0.815,-0.008,-0.484,-0.369,0.77,0.847,-0.641,-0.764,-0.606,-0.598,-0.455,-0.721,0.857,-0.784,-0.645,-0.661,-0.249,0.56,0.5,0.352,-0.178,-0.424,0.626,-0.708,0.428,0.467,-0.865,0.602,0.269,-0.707,-0.658,-0.484,-0.113,-0.827,0.519,-0.439,-0.388,0.858,-0.382,-0.042,-0.673,-0.832,-0.85,-0.734,-0.303,-0.44,-0.078,-0.761,-0.687,-0.682,-0.18,-0.658,-0.459,0.351,-0.26,0.1,-0.277,0.736,-0.307,0.309,-0.156,-0.23,-0.453,-0.832,0.12,0.076,0.67,-0.809,0.684,-0.615,-0.75,-0.148,-0.666,-0.589,0.605,-0.563,-0.311,-0.381,-0.41,-0.523,-0.081,-0.494,-0.867,-0.018,-0.227,-0.18,-0.379,-0.127,-0.317,-0.54,-0.734,-0.607,-0.18,-0.436,-0.119,0.479,-0.79,0.393,-0.654,0.156
ACIW,-0.372,-0.208,-0.378,-0.404,0.517,0.0,-0.369,0.048,-0.196,-0.216,0.476,-0.282,0.647,0.286,0.831,0.144,-0.646,0.014,-0.019,0.411,0.864,0.192,0.476,0.874,-0.095,0.209,0.178,0.66,0.373,0.547,0.609,0.62,0.422,-0.351,0.429,-0.072,0.302,0.893,0.504,0.033,0.065,0.582,0.373,-0.386,0.351,0.693,0.481,0.062,-0.122,-0.555,-0.232,-0.029,0.226,-0.6,0.705,0.757,0.505,-0.153,-0.503,0.483,-0.361,0.579,-0.037,-0.523,0.202,-0.227,0.67,0.473,-0.336,-0.682,0.292,0.711,0.334,-0.19,0.388,0.687,0.33,-0.314,0.752,0.343,-0.223,-0.54,0.902,-0.725,-0.335,0.295,0.432,-0.164,-0.279,-0.706,0.494,-0.223,0.132,0.786,0.643,-0.369,0.343,0.352,0.318,-0.391,-0.375,0.463,0.04,0.488,0.714,0.644,-0.452,-0.329,-0.081,0.066,0.233,-0.023,0.706,-0.277,0.109,-0.003,0.524,0.493,0.519,0.831,0.454,-0.263,0.333,-0.058,0.919,0.117,-0.585,0.303,0.701,-0.356,-0.093,0.297,0.635,-0.685,0.445,0.328,0.316,0.756,0.318,0.664,-0.029,-0.405,-0.57,-0.198,-0.555,0.407,0.677,-0.253,-0.269,-0.098,0.31,-0.036,0.279,0.896,0.479,0.706,0.468,0.691,0.026,0.803,0.282,0.518,0.386,-0.286,0.277,0.552,0.569,-0.383,0.187,0.158,-0.385,0.578,0.073,-0.294,0.828,0.144,0.25,-0.837,0.14,0.017,0.661,-0.086,-0.588,0.725,0.591,0.334,0.427,0.624,0.283,0.185,-0.683,0.041,0.616,0.114,0.377,0.857,-0.34,0.271,0.118,0.597
ADBE,0.954,0.771,0.502,0.112,-0.764,-0.369,0.0,0.712,0.614,0.269,0.075,0.829,0.104,0.688,-0.359,0.699,0.813,0.6,0.875,-0.563,-0.336,0.466,0.441,-0.261,0.868,0.304,0.715,0.084,0.316,0.217,0.219,0.217,0.522,0.913,0.563,0.884,-0.644,-0.106,-0.833,0.764,0.762,0.33,0.602,0.857,0.426,0.242,0.189,0.756,0.869,0.494,0.875,0.739,-0.795,0.076,-0.03,-0.287,-0.253,0.841,0.237,-0.817,0.885,0.033,0.86,0.807,0.623,0.891,-0.28,0.383,-0.08,0.769,0.643,-0.802,0.627,0.689,-0.112,-0.205,0.644,0.79,-0.31,0.483,0.871,0.391,-0.33,0.561,0.603,0.588,0.208,0.858,0.69,0.684,0.512,0.912,0.587,-0.283,0.261,0.685,-0.042,0.544,0.578,0.622,0.93,-0.055,0.755,0.475,-0.835,-0.798,0.742,0.887,0.722,0.73,0.658,0.751,-0.798,0.714,0.713,0.71,0.435,-0.262,-0.366,-0.089,0.228,0.63,-0.453,0.87,-0.319,-0.623,0.809,-0.764,-0.003,0.843,0.871,0.69,0.305,0.773,-0.609,0.64,0.656,-0.808,0.542,0.219,0.729,0.844,0.912,0.883,0.267,0.516,0.277,0.857,0.84,0.631,0.38,0.833,0.561,-0.261,0.17,-0.064,0.481,-0.836,0.702,-0.112,-0.037,0.399,0.49,0.914,-0.171,0.22,-0.474,0.931,-0.746,0.699,0.719,0.416,0.819,0.733,-0.408,0.659,0.631,0.338,0.594,0.788,0.181,0.778,0.889,0.187,0.332,0.58,0.503,0.216,0.623,0.765,0.591,0.818,0.335,0.169,-0.069,-0.443,0.888,-0.279,0.729,-0.393
ADSK,0.662,0.449,0.171,-0.244,-0.542,0.048,0.712,0.0,0.468,0.013,0.326,0.824,0.456,0.65,-0.121,0.511,0.528,0.767,0.81,-0.066,0.086,0.509,0.627,0.132,0.624,0.297,0.703,0.559,0.549,0.301,0.644,0.446,0.498,0.621,0.784,0.771,-0.265,0.228,-0.574,0.593,0.659,0.477,0.624,0.631,0.41,0.458,0.618,0.569,0.706,0.209,0.619,0.491,-0.39,-0.253,0.118,0.118,0.22,0.822,0.023,-0.492,0.533,0.237,0.79,0.614,0.52,0.838,0.0,0.479,-0.347,0.382,0.78,-0.398,0.617,0.639,0.176,-0.02,0.722,0.557,-0.018,0.689,0.537,0.312,0.031,0.203,0.287,0.635,0.446,0.656,0.623,0.248,0.652,0.632,0.488,0.079,0.377,0.412,0.383,0.542,0.589,0.422,0.622,0.026,0.483,0.621,-0.506,-0.334,0.359,0.764,0.498,0.616,0.579,0.626,-0.424,0.504,0.684,0.63,0.486,0.076,0.229,0.214,0.331,0.791,-0.085,0.652,0.075,-0.516,0.455,-0.559,0.226,0.672,0.726,0.725,0.622,0.449,-0.483,0.635,0.627,-0.383,0.564,0.376,0.715,0.454,0.632,0.597,0.269,0.704,0.42,0.559,0.549,0.36,0.217,0.601,0.639,0.132,0.428,0.437,0.709,-0.494,0.649,0.133,0.041,0.507,0.543,0.641,-0.138,0.284,-0.014,0.607,-0.683,0.601,0.548,0.528,0.748,0.794,-0.049,0.504,0.588,0.032,0.547,0.901,0.343,0.514,0.521,0.406,0.418,0.559,0.527,0.389,0.593,0.806,0.42,0.673,0.514,0.317,0.236,0.046,0.553,-0.014,0.648,-0.018
AEP,0.638,0.747,0.348,0.254,-0.683,-0.196,0.614,0.468,0.0,0.471,0.047,0.721,-0.178,0.389,-0.289,0.528,0.64,0.153,0.618,-0.595,-0.226,0.703,0.462,-0.066,0.675,0.472,0.702,0.301,0.013,0.322,0.299,0.4,0.59,0.702,0.337,0.644,-0.615,0.044,-0.634,0.719,0.754,0.509,0.611,0.714,0.587,0.323,0.261,0.755,0.719,0.278,0.713,0.67,-0.65,0.009,0.148,-0.403,-0.39,0.751,0.08,-0.345,0.756,-0.143,0.691,0.644,0.669,0.717,-0.393,0.19,0.078,0.496,0.379,-0.436,0.605,0.569,-0.33,0.071,0.489,0.746,-0.145,0.662,0.742,0.259,-0.157,0.566,0.794,0.244,0.428,0.812,0.561,0.597,0.466,0.643,0.7,-0.266,0.403,0.835,0.026,0.65,0.645,0.699,0.728,0.026,0.583,0.525,-0.569,-0.678,0.723,0.681,0.641,0.838,0.582,0.811,-0.629,0.747,0.63,0.763,0.444,-0.324,-0.354,-0.06,0.571,0.318,-0.675,0.671,-0.088,-0.27,0.717,-0.557,-0.189,0.534,0.638,0.607,0.349,0.702,-0.272,0.607,0.412,-0.659,0.64,0.262,0.599,0.747,0.678,0.718,0.211,0.545,0.38,0.762,0.604,0.676,0.279,0.713,0.474,0.006,0.284,0.045,0.322,-0.56,0.329,-0.004,0.239,0.545,0.569,0.783,0.103,0.127,-0.602,0.705,-0.483,0.711,0.543,0.383,0.693,0.482,-0.317,0.633,0.249,0.022,0.547,0.461,0.405,0.579,0.719,0.284,0.475,0.283,0.593,0.409,0.356,0.595,0.63,0.719,0.468,0.395,0.219,-0.168,0.78,0.025,0.728,0.093
AGIO,0.275,0.616,0.428,0.582,-0.427,-0.216,0.269,0.013,0.471,0.0,-0.278,0.268,-0.385,0.056,-0.249,0.429,0.508,-0.323,0.189,-0.478,-0.324,0.556,0.162,-0.028,0.401,0.01,0.35,0.128,-0.415,0.266,-0.142,0.302,0.351,0.518,-0.14,0.264,-0.58,-0.1,-0.502,0.4,0.389,0.287,0.266,0.46,0.43,0.113,-0.176,0.517,0.241,0.109,0.396,0.579,-0.466,0.427,0.046,-0.41,-0.615,0.337,0.167,-0.136,0.517,-0.338,0.318,0.214,0.51,0.308,-0.564,0.056,0.438,0.336,0.075,-0.228,0.328,0.384,-0.19,0.276,0.109,0.655,-0.193,0.193,0.436,-0.049,-0.188,0.529,0.681,0.091,0.022,0.493,0.114,0.605,0.135,0.332,0.482,-0.304,0.297,0.581,-0.14,0.417,0.306,0.494,0.447,0.211,0.334,0.24,-0.262,-0.526,0.472,0.311,0.569,0.371,0.332,0.568,-0.438,0.679,0.37,0.391,0.235,-0.704,-0.535,-0.195,0.181,-0.127,-0.583,0.418,-0.125,-0.071,0.62,-0.163,-0.176,0.294,0.293,0.296,0.073,0.496,-0.036,0.311,0.243,-0.451,0.287,0.055,0.385,0.57,0.414,0.514,0.081,0.326,0.195,0.524,0.45,0.583,-0.015,0.409,0.396,0.021,0.337,0.002,-0.046,-0.167,-0.049,-0.29,0.494,0.247,0.398,0.466,0.449,-0.142,-0.672,0.443,-0.139,0.408,0.464,0.09,0.317,0.131,-0.382,0.546,-0.155,0.161,0.044,0.05,0.254,0.254,0.481,0.135,0.301,-0.002,0.337,0.279,-0.048,0.18,0.345,0.371,0.24,0.486,0.138,-0.143,0.554,-0.386,0.539,0.242
ALEC,0.152,0.061,0.062,-0.254,0.192,0.476,0.075,0.326,0.047,-0.278,0.0,0.143,0.634,0.477,0.484,0.264,-0.243,0.412,0.304,0.171,0.551,-0.027,0.306,0.284,0.287,0.47,0.23,0.34,0.692,0.383,0.527,0.167,0.41,0.022,0.501,0.292,0.07,0.462,0.142,0.267,0.276,0.363,0.417,0.055,0.268,0.492,0.282,0.202,0.336,0.065,0.114,0.068,-0.139,-0.334,0.542,0.399,0.465,0.047,0.059,0.006,0.083,0.651,0.326,-0.037,0.215,0.075,0.503,0.456,-0.444,-0.176,0.519,0.054,0.356,-0.177,0.033,0.083,0.408,-0.159,0.533,0.183,0.104,-0.075,0.499,-0.322,-0.111,0.442,0.39,0.09,0.262,-0.275,0.469,0.267,0.047,0.661,0.326,-0.237,0.049,0.282,0.36,-0.08,0.077,-0.054,0.343,0.376,0.132,0.27,0.042,0.126,0.172,0.266,0.452,0.041,0.365,-0.067,0.054,0.182,0.473,0.298,0.218,0.566,0.237,0.196,0.287,0.207,0.338,-0.306,-0.243,-0.228,0.638,-0.06,0.332,0.412,0.347,-0.245,0.118,0.42,0.334,0.231,0.265,0.483,0.29,-0.061,-0.071,0.129,-0.135,0.382,0.486,0.116,0.205,-0.067,0.303,0.283,0.428,0.373,0.219,0.357,0.437,0.005,0.477,0.546,0.023,0.432,0.173,0.029,0.281,0.536,0.337,0.083,0.081,0.19,-0.072,0.562,0.305,0.075,0.437,0.245,0.382,-0.44,0.227,0.362,0.303,0.379,-0.091,0.43,0.349,0.583,0.303,0.369,0.487,0.433,-0.349,0.258,0.436,-0.258,-0.055,0.401,-0.014,0.426,0.126,0.063
ALNY,0.799,0.734,0.438,0.103,-0.726,-0.282,0.829,0.824,0.721,0.268,0.143,0.0,0.133,0.559,-0.395,0.561,0.803,0.615,0.817,-0.34,-0.263,0.527,0.545,-0.133,0.782,0.435,0.741,0.301,0.319,0.204,0.353,0.317,0.5,0.783,0.604,0.824,-0.435,-0.024,-0.764,0.737,0.713,0.409,0.62,0.772,0.478,0.301,0.373,0.685,0.777,0.539,0.813,0.621,-0.592,0.003,-0.074,-0.201,-0.142,0.843,0.27,-0.571,0.766,0.097,0.785,0.823,0.582,0.884,-0.27,0.287,-0.246,0.712,0.625,-0.621,0.593,0.68,-0.192,-0.112,0.595,0.776,-0.273,0.623,0.741,0.395,-0.274,0.612,0.667,0.504,0.466,0.804,0.722,0.615,0.492,0.782,0.568,-0.275,0.27,0.711,0.198,0.555,0.595,0.679,0.831,-0.175,0.581,0.48,-0.761,-0.666,0.703,0.851,0.634,0.696,0.579,0.784,-0.716,0.663,0.653,0.766,0.37,-0.127,-0.138,-0.087,0.351,0.725,-0.354,0.725,-0.184,-0.411,0.754,-0.652,-0.063,0.76,0.799,0.651,0.42,0.732,-0.531,0.632,0.519,-0.692,0.552,0.258,0.784,0.714,0.814,0.753,0.455,0.578,0.286,0.796,0.701,0.457,0.132,0.747,0.537,-0.139,0.217,0.174,0.469,-0.717,0.665,-0.093,0.102,0.448,0.537,0.817,-0.017,0.142,-0.374,0.807,-0.692,0.656,0.783,0.413,0.782,0.755,-0.385,0.572,0.426,0.251,0.608,0.83,0.234,0.664,0.809,0.222,0.353,0.479,0.482,0.3,0.479,0.728,0.699,0.763,0.418,0.266,0.21,-0.24,0.826,-0.186,0.7,-0.131
ALTR,0.099,-0.039,-0.173,-0.51,0.229,0.647,0.104,0.456,-0.178,-0.385,0.634,0.133,0.0,0.58,0.594,0.305,-0.282,0.638,0.378,0.438,0.72,0.071,0.525,0.623,0.197,0.283,0.34,0.537,0.685,0.405,0.602,0.459,0.408,-0.07,0.691,0.343,0.149,0.69,0.192,0.232,0.281,0.436,0.455,-0.086,0.203,0.691,0.61,0.186,0.214,-0.216,0.02,0.165,0.0,-0.549,0.6,0.75,0.653,0.158,-0.275,0.085,-0.033,0.657,0.292,-0.24,0.284,0.128,0.72,0.703,-0.544,-0.273,0.638,0.246,0.441,0.079,0.491,0.274,0.523,-0.128,0.445,0.4,0.09,-0.38,0.708,-0.54,-0.34,0.646,0.528,0.054,0.017,-0.52,0.623,0.139,0.207,0.761,0.502,-0.301,0.48,0.319,0.425,-0.327,-0.041,0.292,0.241,0.524,0.293,0.371,-0.239,0.065,0.046,0.218,0.408,0.067,0.409,-0.162,0.267,0.167,0.557,0.501,0.503,0.747,0.35,0.243,0.353,0.239,0.62,-0.336,-0.346,-0.099,0.862,-0.018,0.225,0.46,0.648,-0.408,0.158,0.443,0.499,0.407,0.379,0.634,0.282,-0.201,-0.173,0.088,-0.408,0.509,0.588,0.016,0.061,-0.057,0.423,0.218,0.466,0.583,0.421,0.551,0.72,0.23,0.468,0.648,0.168,0.507,0.363,0.029,-0.052,0.702,0.669,-0.06,-0.158,0.312,-0.085,0.659,0.367,0.163,0.605,0.195,0.586,-0.545,0.286,0.5,0.465,0.172,-0.243,0.631,0.503,0.689,0.405,0.551,0.558,0.491,-0.491,0.24,0.555,-0.02,0.313,0.488,-0.059,0.137,0.187,0.251
AMBA,0.684,0.618,0.295,-0.143,-0.347,0.286,0.688,0.65,0.389,0.056,0.477,0.559,0.58,0.0,0.299,0.818,0.299,0.586,0.819,-0.332,0.282,0.412,0.665,0.255,0.804,0.391,0.762,0.433,0.669,0.616,0.628,0.552,0.802,0.65,0.83,0.83,-0.418,0.479,-0.482,0.742,0.761,0.691,0.84,0.566,0.651,0.678,0.403,0.767,0.793,0.108,0.675,0.685,-0.671,-0.292,0.483,0.223,0.083,0.622,-0.07,-0.537,0.615,0.517,0.797,0.393,0.723,0.622,0.237,0.71,-0.354,0.272,0.838,-0.372,0.833,0.448,0.107,0.21,0.856,0.503,0.282,0.598,0.691,-0.008,0.303,0.012,0.297,0.856,0.455,0.691,0.476,0.173,0.848,0.79,0.57,0.304,0.658,0.281,0.07,0.735,0.75,0.336,0.651,0.181,0.83,0.753,-0.339,-0.317,0.398,0.651,0.673,0.742,0.858,0.649,-0.23,0.477,0.704,0.695,0.806,0.073,-0.073,0.53,0.428,0.365,-0.137,0.814,0.267,-0.594,0.34,-0.616,0.552,0.593,0.831,0.867,0.673,0.26,-0.233,0.85,0.893,-0.258,0.693,0.677,0.709,0.554,0.486,0.743,-0.141,0.743,0.745,0.667,0.694,0.465,0.589,0.804,0.714,0.364,0.451,0.308,0.768,-0.388,0.785,0.441,0.13,0.729,0.663,0.667,0.128,0.62,-0.067,0.664,-0.537,0.756,0.354,0.838,0.843,0.43,0.182,0.755,0.753,-0.256,0.679,0.777,0.588,0.783,0.473,0.674,0.692,0.868,0.752,0.612,0.811,0.882,0.022,0.811,0.727,0.089,0.045,0.162,0.618,-0.087,0.728,-0.039
AMCX,-0.285,-0.218,-0.368,-0.406,0.609,0.831,-0.359,-0.121,-0.289,-0.249,0.484,-0.395,0.594,0.299,0.0,0.191,-0.7,-0.082,-0.047,0.267,0.862,-0.024,0.223,0.677,-0.066,0.043,0.08,0.405,0.486,0.609,0.497,0.412,0.381,-0.337,0.36,-0.095,0.346,0.795,0.495,0.049,0.024,0.452,0.303,-0.396,0.341,0.567,0.214,0.033,-0.068,-0.517,-0.221,-0.032,0.126,-0.437,0.717,0.664,0.449,-0.281,-0.443,0.341,-0.329,0.64,-0.09,-0.534,0.124,-0.383,0.735,0.414,-0.356,-0.593,0.26,0.56,0.279,-0.256,0.338,0.518,0.313,-0.393,0.754,0.164,-0.196,-0.463,0.843,-0.749,-0.39,0.387,0.205,-0.193,-0.286,-0.697,0.437,-0.144,0.005,0.753,0.519,-0.476,0.051,0.295,0.238,-0.328,-0.347,0.355,0.167,0.34,0.651,0.601,-0.428,-0.289,-0.061,0.048,0.276,-0.14,0.711,-0.348,-0.008,-0.015,0.507,0.508,0.416,0.894,0.232,-0.365,0.341,-0.055,0.791,0.08,-0.623,0.195,0.673,-0.336,-0.057,0.225,0.472,-0.668,0.412,0.278,0.316,0.7,0.265,0.599,-0.072,-0.389,-0.572,-0.153,-0.595,0.213,0.61,-0.258,-0.148,-0.154,0.374,-0.03,0.189,0.808,0.219,0.436,0.384,0.556,0.106,0.732,0.102,0.453,0.184,-0.311,0.342,0.609,0.517,-0.355,0.232,0.074,-0.519,0.542,0.016,-0.367,0.867,0.099,0.229,-0.774,0.085,-0.042,0.534,0.019,-0.56,0.644,0.461,0.401,0.33,0.521,0.284,0.159,-0.827,0.06,0.495,-0.165,0.075,0.71,-0.324,0.246,0.007,0.348
AMKR,0.735,0.772,0.409,-0.009,-0.472,0.144,0.699,0.511,0.528,0.429,0.264,0.561,0.305,0.818,0.191,0.0,0.476,0.347,0.806,-0.483,0.13,0.611,0.564,0.204,0.858,0.316,0.836,0.404,0.344,0.639,0.398,0.584,0.841,0.757,0.676,0.813,-0.559,0.382,-0.577,0.878,0.818,0.724,0.839,0.641,0.724,0.589,0.234,0.879,0.767,0.165,0.796,0.864,-0.807,-0.052,0.443,0.099,-0.19,0.641,-0.023,-0.527,0.758,0.346,0.779,0.41,0.805,0.62,-0.081,0.588,-0.188,0.386,0.773,-0.371,0.856,0.576,-0.0,0.284,0.713,0.708,0.046,0.606,0.789,-0.013,0.177,0.224,0.525,0.795,0.427,0.804,0.485,0.37,0.743,0.833,0.7,0.078,0.692,0.481,-0.037,0.815,0.813,0.489,0.759,0.232,0.896,0.71,-0.404,-0.541,0.584,0.663,0.761,0.778,0.869,0.791,-0.395,0.704,0.764,0.768,0.777,-0.209,-0.289,0.385,0.495,0.212,-0.39,0.862,0.185,-0.436,0.573,-0.598,0.359,0.629,0.802,0.832,0.57,0.431,-0.193,0.864,0.89,-0.425,0.788,0.6,0.749,0.71,0.565,0.825,-0.107,0.726,0.692,0.811,0.819,0.677,0.517,0.877,0.733,0.297,0.398,0.198,0.639,-0.395,0.726,0.27,0.23,0.744,0.718,0.76,0.227,0.539,-0.32,0.739,-0.567,0.818,0.53,0.723,0.828,0.47,-0.009,0.885,0.646,-0.146,0.535,0.674,0.613,0.831,0.622,0.619,0.717,0.768,0.797,0.669,0.648,0.808,0.118,0.889,0.714,0.224,0.136,0.022,0.775,-0.271,0.839,-0.007
AMRX,0.792,0.739,0.566,0.346,-0.885,-0.646,0.813,0.528,0.64,0.508,-0.243,0.803,-0.282,0.299,-0.7,0.476,0.0,0.324,0.635,-0.548,-0.661,0.467,0.215,-0.445,0.672,0.16,0.54,-0.042,-0.11,-0.034,-0.087,0.073,0.261,0.846,0.193,0.665,-0.64,-0.417,-0.886,0.59,0.573,0.127,0.338,0.832,0.255,-0.069,0.006,0.592,0.621,0.561,0.761,0.624,-0.659,0.363,-0.33,-0.549,-0.507,0.73,0.365,-0.669,0.812,-0.326,0.636,0.81,0.458,0.804,-0.659,0.035,0.137,0.82,0.334,-0.773,0.374,0.68,-0.29,-0.269,0.302,0.874,-0.628,0.335,0.725,0.451,-0.619,0.828,0.718,0.25,0.104,0.764,0.64,0.868,0.164,0.714,0.506,-0.608,0.027,0.779,-0.063,0.346,0.355,0.704,0.855,-0.146,0.477,0.213,-0.884,-0.891,0.77,0.788,0.612,0.522,0.386,0.705,-0.932,0.784,0.579,0.609,0.109,-0.546,-0.496,-0.466,0.104,0.53,-0.567,0.661,-0.544,-0.353,0.959,-0.6,-0.38,0.793,0.648,0.405,0.046,0.931,-0.572,0.378,0.336,-0.925,0.332,-0.081,0.644,0.844,0.912,0.736,0.5,0.319,-0.041,0.788,0.728,0.584,0.006,0.637,0.373,-0.481,0.072,-0.167,0.143,-0.792,0.401,-0.469,0.051,0.145,0.354,0.819,-0.112,-0.164,-0.684,0.84,-0.638,0.513,0.844,0.051,0.591,0.682,-0.741,0.512,0.226,0.568,0.331,0.549,-0.033,0.537,0.938,-0.107,0.094,0.178,0.273,0.018,0.215,0.47,0.832,0.603,0.087,0.34,0.035,-0.607,0.848,-0.427,0.602,-0.293
ANSS,0.534,0.194,0.073,-0.355,-0.281,0.014,0.6,0.767,0.153,-0.323,0.412,0.615,0.638,0.586,-0.082,0.347,0.324,0.0,0.641,0.17,0.117,0.106,0.421,0.037,0.428,0.282,0.442,0.286,0.585,-0.014,0.416,0.178,0.253,0.332,0.656,0.605,-0.115,0.156,-0.281,0.374,0.419,0.209,0.409,0.394,0.049,0.347,0.54,0.293,0.513,0.225,0.388,0.281,-0.212,-0.343,0.129,0.285,0.436,0.575,0.03,-0.41,0.349,0.32,0.572,0.374,0.25,0.605,0.288,0.443,-0.47,0.312,0.658,-0.318,0.375,0.425,0.242,-0.251,0.471,0.206,-0.079,0.426,0.384,0.206,0.073,0.029,-0.008,0.542,0.432,0.354,0.506,0.033,0.45,0.469,0.218,0.166,0.16,0.101,0.394,0.218,0.402,0.094,0.4,-0.118,0.336,0.388,-0.389,-0.151,0.213,0.496,0.175,0.38,0.365,0.28,-0.226,0.177,0.392,0.309,0.294,0.279,0.286,0.192,0.248,0.765,0.14,0.43,0.009,-0.547,0.194,-0.435,0.376,0.406,0.492,0.472,0.429,0.216,-0.31,0.404,0.433,-0.214,0.381,0.247,0.429,0.182,0.435,0.352,0.177,0.461,0.233,0.344,0.328,0.075,0.211,0.406,0.368,-0.015,0.21,0.19,0.602,-0.404,0.682,0.2,-0.125,0.313,0.261,0.413,-0.411,0.356,0.341,0.388,-0.503,0.371,0.334,0.407,0.517,0.668,-0.024,0.221,0.632,0.079,0.425,0.815,0.122,0.409,0.315,0.235,0.205,0.606,0.269,0.201,0.535,0.593,0.213,0.403,0.284,0.006,0.137,-0.062,0.315,0.075,0.294,-0.224
APPN,0.891,0.745,0.352,-0.153,-0.647,-0.019,0.875,0.81,0.618,0.189,0.304,0.817,0.378,0.819,-0.047,0.806,0.635,0.641,0.0,-0.44,0.059,0.612,0.651,0.121,0.891,0.433,0.899,0.4,0.477,0.448,0.532,0.512,0.753,0.819,0.799,0.958,-0.583,0.281,-0.69,0.86,0.904,0.638,0.833,0.745,0.602,0.546,0.463,0.847,0.881,0.31,0.804,0.808,-0.777,-0.182,0.277,-0.016,-0.072,0.833,0.007,-0.635,0.798,0.242,0.927,0.626,0.785,0.874,-0.112,0.612,-0.259,0.494,0.876,-0.541,0.855,0.7,0.039,0.07,0.827,0.733,-0.095,0.735,0.852,0.192,0.054,0.297,0.498,0.781,0.521,0.892,0.627,0.411,0.776,0.884,0.719,0.039,0.576,0.582,0.147,0.744,0.824,0.492,0.859,0.16,0.836,0.751,-0.595,-0.619,0.597,0.864,0.707,0.835,0.838,0.814,-0.561,0.677,0.85,0.847,0.703,-0.115,-0.13,0.262,0.484,0.525,-0.436,0.92,0.06,-0.588,0.647,-0.746,0.265,0.758,0.906,0.884,0.621,0.577,-0.393,0.857,0.825,-0.577,0.759,0.561,0.863,0.74,0.73,0.86,0.051,0.756,0.586,0.835,0.84,0.685,0.535,0.897,0.761,0.096,0.387,0.276,0.776,-0.614,0.756,0.236,0.117,0.705,0.715,0.872,-0.041,0.528,-0.27,0.822,-0.794,0.848,0.66,0.708,0.936,0.736,-0.074,0.798,0.787,-0.065,0.657,0.885,0.508,0.78,0.729,0.538,0.623,0.765,0.762,0.558,0.769,0.931,0.344,0.912,0.651,0.26,0.19,-0.115,0.807,-0.195,0.834,-0.099
APTO,-0.61,-0.686,-0.387,-0.329,0.538,0.411,-0.563,-0.066,-0.595,-0.478,0.171,-0.34,0.438,-0.332,0.267,-0.483,-0.548,0.17,-0.44,0.0,0.377,-0.362,-0.053,0.34,-0.6,-0.16,-0.42,0.239,0.068,-0.207,0.05,-0.045,-0.425,-0.685,-0.047,-0.46,0.725,0.195,0.564,-0.55,-0.547,-0.243,-0.378,-0.605,-0.408,0.034,0.326,-0.611,-0.591,-0.339,-0.598,-0.599,0.801,-0.222,-0.018,0.631,0.609,-0.377,-0.238,0.577,-0.705,0.208,-0.492,-0.545,-0.5,-0.409,0.541,-0.002,-0.279,-0.467,-0.143,0.594,-0.409,-0.31,0.471,0.064,-0.328,-0.585,0.189,-0.165,-0.67,-0.267,0.356,-0.558,-0.675,-0.157,0.047,-0.676,-0.355,-0.688,-0.203,-0.649,-0.427,0.401,-0.182,-0.67,0.473,-0.412,-0.398,-0.599,-0.682,0.033,-0.654,-0.211,0.575,0.775,-0.7,-0.516,-0.602,-0.566,-0.497,-0.564,0.602,-0.622,-0.419,-0.53,-0.294,0.478,0.707,0.228,-0.161,0.071,0.693,-0.597,0.367,0.268,-0.684,0.536,0.275,-0.491,-0.585,-0.374,0.024,-0.664,0.254,-0.398,-0.366,0.712,-0.353,-0.111,-0.382,-0.784,-0.575,-0.658,-0.113,-0.176,-0.16,-0.695,-0.673,-0.665,-0.292,-0.634,-0.233,0.257,0.064,0.364,-0.0,0.623,-0.258,0.153,0.005,-0.267,-0.259,-0.618,-0.192,-0.045,0.797,-0.694,0.348,-0.469,-0.392,-0.199,-0.472,-0.208,0.376,-0.603,-0.166,-0.166,-0.327,-0.159,-0.153,-0.629,-0.703,-0.039,-0.222,-0.225,-0.38,-0.115,-0.284,-0.362,-0.439,-0.575,-0.15,-0.027,0.333,0.434,-0.689,0.178,-0.516,0.313
ARCT,-0.28,-0.269,-0.48,-0.617,0.519,0.864,-0.336,0.086,-0.226,-0.324,0.551,-0.263,0.72,0.282,0.862,0.13,-0.661,0.117,0.059,0.377,0.0,0.095,0.368,0.816,-0.101,0.194,0.16,0.572,0.47,0.506,0.632,0.487,0.366,-0.376,0.453,-0.009,0.299,0.855,0.531,0.037,0.103,0.475,0.329,-0.436,0.221,0.639,0.498,0.014,-0.064,-0.505,-0.296,-0.026,0.188,-0.659,0.733,0.76,0.578,-0.172,-0.488,0.436,-0.352,0.602,-0.003,-0.55,0.172,-0.241,0.678,0.525,-0.417,-0.687,0.362,0.635,0.317,-0.194,0.392,0.494,0.337,-0.398,0.679,0.332,-0.184,-0.531,0.918,-0.789,-0.46,0.382,0.465,-0.166,-0.305,-0.78,0.504,-0.191,0.112,0.853,0.557,-0.419,0.357,0.262,0.345,-0.474,-0.373,0.435,0.074,0.443,0.69,0.598,-0.478,-0.267,-0.158,0.083,0.264,-0.115,0.715,-0.327,0.053,0.012,0.52,0.548,0.57,0.847,0.401,-0.25,0.285,-0.044,0.846,0.025,-0.626,0.205,0.767,-0.369,-0.072,0.281,0.58,-0.672,0.465,0.297,0.313,0.697,0.328,0.661,-0.013,-0.431,-0.57,-0.204,-0.615,0.358,0.615,-0.252,-0.199,-0.08,0.398,-0.024,0.287,0.826,0.355,0.572,0.533,0.574,0.109,0.811,0.215,0.52,0.266,-0.291,0.184,0.718,0.664,-0.407,0.076,0.144,-0.433,0.573,0.095,-0.183,0.917,0.083,0.343,-0.866,0.103,0.1,0.586,-0.065,-0.574,0.679,0.514,0.417,0.379,0.626,0.328,0.227,-0.76,0.031,0.549,-0.041,0.319,0.763,-0.356,0.316,0.023,0.492
ARWR,0.456,0.603,0.114,0.025,-0.526,0.192,0.466,0.509,0.703,0.556,-0.027,0.527,0.071,0.412,-0.024,0.611,0.467,0.106,0.612,-0.362,0.095,0.0,0.652,0.427,0.548,0.348,0.794,0.635,-0.041,0.527,0.475,0.777,0.713,0.577,0.48,0.563,-0.574,0.412,-0.466,0.683,0.782,0.735,0.685,0.549,0.645,0.551,0.501,0.77,0.501,-0.105,0.55,0.749,-0.527,-0.171,0.404,-0.037,-0.255,0.721,-0.232,-0.109,0.569,-0.122,0.653,0.313,0.782,0.672,-0.272,0.422,0.163,0.123,0.518,-0.053,0.743,0.671,0.07,0.483,0.611,0.721,-0.008,0.824,0.627,-0.076,0.202,0.216,0.549,0.343,0.498,0.763,0.285,0.28,0.65,0.456,0.87,0.02,0.722,0.712,0.313,0.789,0.753,0.461,0.544,0.53,0.528,0.753,-0.198,-0.465,0.407,0.511,0.559,0.725,0.621,0.837,-0.414,0.714,0.827,0.697,0.646,-0.263,-0.134,0.248,0.696,0.167,-0.628,0.667,0.324,-0.152,0.56,-0.33,0.092,0.444,0.512,0.698,0.671,0.441,-0.117,0.702,0.602,-0.349,0.733,0.494,0.608,0.595,0.439,0.612,-0.117,0.739,0.615,0.617,0.484,0.805,0.412,0.63,0.682,0.343,0.612,0.468,0.564,-0.13,0.171,0.218,0.48,0.723,0.827,0.662,0.097,0.323,-0.377,0.501,-0.551,0.797,0.492,0.526,0.687,0.494,0.018,0.732,0.354,-0.28,0.453,0.433,0.716,0.357,0.456,0.597,0.733,0.346,0.806,0.702,0.352,0.643,0.323,0.686,0.703,0.734,0.514,0.127,0.616,-0.217,0.847,0.433
ASND,0.382,0.56,0.152,-0.077,-0.313,0.476,0.441,0.627,0.462,0.162,0.306,0.545,0.525,0.665,0.223,0.564,0.215,0.421,0.651,-0.053,0.368,0.652,0.0,0.603,0.601,0.557,0.77,0.683,0.334,0.567,0.66,0.786,0.75,0.434,0.719,0.666,-0.328,0.633,-0.314,0.607,0.665,0.767,0.788,0.307,0.655,0.822,0.677,0.669,0.541,-0.015,0.46,0.576,-0.37,-0.437,0.425,0.309,0.066,0.599,-0.229,-0.106,0.391,0.38,0.632,0.216,0.759,0.617,0.194,0.724,-0.29,0.088,0.666,-0.033,0.788,0.391,0.137,0.534,0.749,0.485,0.303,0.759,0.54,-0.248,0.43,-0.017,0.361,0.588,0.715,0.573,0.262,0.05,0.801,0.475,0.718,0.343,0.77,0.429,0.437,0.737,0.743,0.135,0.419,0.408,0.507,0.832,-0.037,-0.156,0.222,0.417,0.525,0.658,0.636,0.682,-0.115,0.376,0.683,0.634,0.737,0.096,0.091,0.474,0.669,0.243,-0.257,0.641,0.524,-0.34,0.235,-0.294,0.483,0.315,0.567,0.792,0.809,0.071,-0.039,0.775,0.67,-0.05,0.688,0.756,0.606,0.377,0.264,0.541,-0.219,0.827,0.768,0.5,0.364,0.47,0.456,0.634,0.694,0.511,0.714,0.666,0.737,-0.049,0.4,0.563,0.511,0.744,0.873,0.547,0.161,0.55,-0.022,0.415,-0.481,0.773,0.419,0.777,0.764,0.286,0.273,0.636,0.616,-0.427,0.598,0.609,0.738,0.425,0.251,0.748,0.822,0.584,0.771,0.746,0.685,0.714,0.068,0.656,0.809,0.454,0.522,0.393,0.483,-0.135,0.743,0.448
ASTH,-0.258,-0.053,-0.375,-0.414,0.337,0.874,-0.261,0.132,-0.066,-0.028,0.284,-0.133,0.623,0.255,0.677,0.204,-0.445,0.037,0.121,0.34,0.816,0.427,0.603,0.0,-0.015,0.245,0.361,0.713,0.184,0.55,0.572,0.783,0.498,-0.242,0.446,0.06,0.09,0.914,0.377,0.144,0.245,0.658,0.451,-0.306,0.391,0.755,0.617,0.205,-0.082,-0.558,-0.175,0.197,0.117,-0.587,0.72,0.699,0.344,0.022,-0.568,0.504,-0.214,0.383,0.074,-0.512,0.408,-0.054,0.482,0.579,-0.234,-0.61,0.366,0.692,0.47,0.041,0.437,0.78,0.38,-0.104,0.533,0.535,-0.038,-0.633,0.891,-0.603,-0.207,0.315,0.607,0.014,-0.353,-0.603,0.564,-0.176,0.401,0.719,0.764,-0.132,0.518,0.458,0.485,-0.37,-0.253,0.683,0.083,0.61,0.662,0.438,-0.37,-0.231,-0.004,0.185,0.303,0.169,0.53,-0.115,0.307,0.163,0.597,0.336,0.449,0.762,0.612,-0.281,0.038,0.089,0.946,0.08,-0.394,0.254,0.681,-0.281,-0.058,0.375,0.749,-0.529,0.477,0.425,0.364,0.597,0.457,0.741,0.122,-0.264,-0.463,-0.068,-0.632,0.539,0.716,-0.102,-0.17,0.154,0.38,0.084,0.424,0.849,0.618,0.773,0.574,0.664,-0.042,0.741,0.517,0.631,0.558,-0.109,0.204,0.627,0.465,-0.306,-0.021,0.354,-0.171,0.609,0.216,-0.137,0.745,0.256,0.301,-0.846,0.158,0.095,0.775,-0.128,-0.453,0.793,0.719,0.355,0.567,0.783,0.277,0.276,-0.56,0.143,0.707,0.368,0.658,0.748,-0.171,0.05,0.273,0.75
ATSG,0.897,0.915,0.575,0.188,-0.65,-0.095,0.868,0.624,0.675,0.401,0.287,0.782,0.197,0.804,-0.066,0.858,0.672,0.428,0.891,-0.6,-0.101,0.548,0.601,-0.015,0.0,0.474,0.857,0.25,0.398,0.531,0.337,0.44,0.806,0.903,0.647,0.93,-0.648,0.183,-0.763,0.907,0.867,0.623,0.84,0.797,0.732,0.524,0.198,0.915,0.921,0.424,0.906,0.854,-0.891,0.029,0.238,-0.187,-0.296,0.745,0.198,-0.677,0.89,0.271,0.896,0.678,0.826,0.792,-0.171,0.548,-0.185,0.633,0.757,-0.649,0.842,0.575,-0.197,0.09,0.764,0.803,-0.043,0.567,0.912,0.172,-0.05,0.475,0.712,0.735,0.401,0.908,0.654,0.617,0.702,0.964,0.693,-0.057,0.556,0.654,-0.119,0.789,0.78,0.627,0.927,0.044,0.906,0.662,-0.649,-0.704,0.737,0.833,0.874,0.843,0.88,0.858,-0.606,0.748,0.74,0.86,0.7,-0.265,-0.407,0.177,0.408,0.383,-0.491,0.948,-0.043,-0.582,0.725,-0.744,0.202,0.728,0.945,0.849,0.474,0.623,-0.381,0.868,0.776,-0.656,0.708,0.53,0.84,0.858,0.765,0.956,0.103,0.694,0.584,0.924,0.919,0.68,0.467,0.973,0.739,0.052,0.334,0.121,0.561,-0.668,0.732,0.14,0.181,0.66,0.684,0.906,0.223,0.417,-0.514,0.923,-0.628,0.84,0.691,0.685,0.926,0.515,-0.225,0.871,0.645,0.031,0.656,0.753,0.466,0.893,0.817,0.476,0.621,0.742,0.725,0.513,0.736,0.857,0.384,0.945,0.629,0.157,0.023,-0.168,0.919,-0.252,0.86,-0.158
AVTX,0.292,0.451,0.287,0.058,-0.225,0.209,0.304,0.297,0.472,0.01,0.47,0.435,0.283,0.391,0.043,0.316,0.16,0.282,0.433,-0.16,0.194,0.348,0.557,0.245,0.474,0.0,0.469,0.242,0.2,0.28,0.3,0.312,0.518,0.24,0.402,0.447,-0.292,0.332,-0.12,0.532,0.506,0.463,0.512,0.191,0.375,0.483,0.377,0.458,0.399,0.347,0.368,0.38,-0.382,-0.302,0.309,0.08,0.004,0.293,0.165,0.091,0.368,0.352,0.426,0.208,0.479,0.351,0.045,0.401,-0.143,0.084,0.36,-0.099,0.477,0.049,-0.33,0.223,0.408,0.256,0.142,0.42,0.485,-0.187,0.213,0.112,0.394,0.233,0.666,0.416,0.318,0.119,0.423,0.377,0.498,0.271,0.411,0.42,0.26,0.431,0.544,0.11,0.319,0.022,0.425,0.427,-0.064,-0.209,0.381,0.214,0.26,0.426,0.443,0.427,-0.09,0.23,0.299,0.455,0.428,0.094,-0.175,0.184,0.581,0.14,-0.291,0.407,0.206,-0.097,0.205,-0.269,0.308,0.089,0.395,0.432,0.357,0.084,0.082,0.496,0.313,-0.139,0.403,0.498,0.415,0.339,0.168,0.328,-0.139,0.432,0.431,0.456,0.287,0.311,0.423,0.515,0.419,0.154,0.244,0.295,0.329,-0.139,0.346,0.45,0.341,0.513,0.513,0.375,0.131,0.509,-0.078,0.315,-0.294,0.501,0.389,0.495,0.498,0.141,0.1,0.419,0.359,-0.349,0.424,0.308,0.402,0.41,0.259,0.339,0.508,0.43,0.471,0.49,0.432,0.426,0.147,0.437,0.481,0.044,0.318,0.092,0.386,0.02,0.404,0.221
BCPC,0.741,0.789,0.234,-0.07,-0.581,0.178,0.715,0.703,0.702,0.35,0.23,0.741,0.34,0.762,0.08,0.836,0.54,0.442,0.899,-0.42,0.16,0.794,0.77,0.361,0.857,0.469,0.0,0.589,0.333,0.601,0.569,0.773,0.899,0.749,0.767,0.884,-0.587,0.496,-0.6,0.894,0.931,0.85,0.944,0.671,0.778,0.732,0.554,0.931,0.81,0.087,0.768,0.876,-0.737,-0.277,0.455,0.032,-0.136,0.815,-0.19,-0.433,0.748,0.211,0.869,0.487,0.906,0.81,-0.079,0.618,-0.237,0.344,0.822,-0.293,0.955,0.719,0.036,0.339,0.82,0.77,0.028,0.875,0.822,-0.008,0.241,0.261,0.595,0.72,0.651,0.899,0.515,0.342,0.848,0.779,0.845,0.084,0.803,0.641,0.187,0.924,0.941,0.507,0.772,0.34,0.804,0.884,-0.402,-0.55,0.545,0.735,0.73,0.903,0.87,0.922,-0.466,0.73,0.904,0.896,0.832,-0.116,-0.116,0.392,0.701,0.323,-0.541,0.894,0.316,-0.461,0.595,-0.592,0.292,0.608,0.813,0.919,0.781,0.479,-0.2,0.946,0.804,-0.448,0.912,0.707,0.819,0.7,0.586,0.839,-0.056,0.877,0.765,0.806,0.737,0.753,0.506,0.897,0.784,0.346,0.569,0.412,0.768,-0.388,0.585,0.364,0.319,0.873,0.879,0.839,0.118,0.538,-0.298,0.727,-0.694,0.951,0.601,0.795,0.94,0.555,0.0,0.884,0.688,-0.271,0.696,0.774,0.757,0.703,0.622,0.731,0.834,0.729,0.913,0.772,0.709,0.901,0.281,0.931,0.848,0.443,0.397,0.089,0.794,-0.205,0.937,0.183
BEAM,0.067,0.151,-0.226,-0.264,-0.052,0.66,0.084,0.559,0.301,0.128,0.34,0.301,0.537,0.433,0.405,0.404,-0.042,0.286,0.4,0.239,0.572,0.635,0.683,0.713,0.25,0.242,0.589,0.0,0.323,0.547,0.781,0.843,0.602,0.137,0.623,0.354,-0.008,0.73,-0.068,0.392,0.468,0.75,0.617,0.153,0.531,0.753,0.761,0.433,0.247,-0.43,0.181,0.342,-0.025,-0.514,0.554,0.445,0.351,0.463,-0.488,0.182,0.071,0.247,0.417,-0.025,0.497,0.364,0.293,0.501,-0.251,-0.274,0.576,0.364,0.602,0.406,0.397,0.523,0.557,0.243,0.453,0.769,0.138,-0.211,0.625,-0.295,0.047,0.486,0.58,0.33,0.139,-0.284,0.711,0.128,0.492,0.45,0.734,0.123,0.525,0.645,0.596,0.108,0.095,0.433,0.221,0.755,0.212,0.189,-0.102,0.239,0.229,0.464,0.457,0.466,0.148,0.314,0.56,0.409,0.625,0.236,0.495,0.647,0.621,0.234,-0.003,0.318,0.72,-0.081,-0.024,-0.056,0.434,0.127,0.272,0.643,0.848,-0.089,0.107,0.593,0.507,0.238,0.629,0.589,0.403,0.035,0.022,0.233,-0.157,0.763,0.731,0.148,0.091,0.249,0.21,0.287,0.563,0.768,0.712,0.739,0.705,0.265,0.191,0.513,0.365,0.707,0.697,0.227,0.16,0.4,0.269,0.067,-0.263,0.527,0.051,0.647,0.465,0.287,0.448,0.441,0.329,-0.581,0.405,0.496,0.765,0.121,-0.063,0.787,0.701,0.391,0.675,0.734,0.333,0.554,-0.105,0.399,0.786,0.54,0.569,0.688,0.13,0.096,0.549,0.641
BILI,0.34,0.099,-0.006,-0.39,0.101,0.373,0.316,0.549,0.013,-0.415,0.692,0.319,0.685,0.669,0.486,0.344,-0.11,0.585,0.477,0.068,0.47,-0.041,0.334,0.184,0.398,0.2,0.333,0.323,0.0,0.439,0.632,0.198,0.418,0.187,0.739,0.423,0.176,0.433,-0.044,0.341,0.309,0.362,0.492,0.197,0.373,0.455,0.295,0.263,0.486,0.087,0.295,0.111,-0.199,-0.341,0.376,0.397,0.586,0.24,0.057,-0.326,0.15,0.725,0.424,0.242,0.212,0.229,0.606,0.423,-0.616,0.037,0.621,-0.14,0.417,0.07,0.167,-0.005,0.646,-0.035,0.511,0.277,0.175,0.133,0.36,-0.28,-0.111,0.658,0.235,0.216,0.384,-0.218,0.575,0.429,0.019,0.461,0.291,-0.178,0.043,0.352,0.346,0.138,0.233,-0.166,0.445,0.384,-0.11,0.164,0.046,0.347,0.249,0.325,0.507,0.149,0.164,-0.055,0.226,0.305,0.487,0.528,0.348,0.615,0.086,0.442,0.393,0.317,0.29,-0.362,-0.153,-0.365,0.525,0.249,0.535,0.502,0.464,-0.098,-0.215,0.481,0.523,0.111,0.321,0.468,0.337,0.047,0.109,0.271,0.043,0.371,0.478,0.182,0.308,-0.126,0.297,0.356,0.345,0.339,0.098,0.326,0.555,-0.224,0.685,0.438,-0.245,0.41,0.182,0.15,0.123,0.473,0.344,0.245,-0.168,0.235,-0.034,0.609,0.418,0.266,0.433,0.251,0.503,-0.265,0.485,0.59,0.259,0.502,0.042,0.446,0.307,0.696,0.319,0.277,0.631,0.591,-0.22,0.426,0.43,-0.322,-0.202,0.335,0.132,0.288,0.218,-0.204
BJRI,0.277,0.477,0.15,-0.019,-0.04,0.547,0.217,0.301,0.322,0.266,0.383,0.204,0.405,0.616,0.609,0.639,-0.034,-0.014,0.448,-0.207,0.506,0.527,0.567,0.55,0.531,0.28,0.601,0.547,0.439,0.0,0.57,0.668,0.786,0.38,0.6,0.459,-0.186,0.654,-0.233,0.574,0.572,0.729,0.707,0.27,0.795,0.711,0.26,0.645,0.445,-0.19,0.433,0.554,-0.429,-0.127,0.623,0.315,-0.051,0.3,-0.17,-0.038,0.343,0.493,0.464,0.021,0.689,0.239,0.282,0.647,-0.156,-0.048,0.542,0.048,0.73,0.22,0.163,0.604,0.735,0.366,0.5,0.529,0.438,-0.306,0.547,-0.194,0.244,0.625,0.346,0.463,0.102,-0.058,0.763,0.421,0.591,0.496,0.764,0.174,-0.002,0.784,0.615,0.248,0.319,0.445,0.601,0.68,0.104,-0.026,0.133,0.341,0.624,0.557,0.749,0.542,0.054,0.289,0.526,0.618,0.815,0.047,-0.026,0.718,0.401,-0.076,-0.143,0.552,0.583,-0.177,0.067,-0.276,0.51,0.25,0.511,0.686,0.655,-0.018,-0.0,0.718,0.713,0.075,0.57,0.728,0.558,0.315,0.08,0.515,-0.411,0.617,0.819,0.398,0.477,0.401,0.569,0.551,0.715,0.66,0.509,0.525,0.597,0.089,0.338,0.455,0.437,0.729,0.638,0.368,0.504,0.594,-0.125,0.308,-0.226,0.615,0.077,0.754,0.584,0.059,0.462,0.638,0.385,-0.522,0.467,0.304,0.72,0.444,0.125,0.762,0.767,0.594,0.712,0.751,0.51,0.627,-0.282,0.625,0.78,0.263,0.237,0.493,0.38,-0.156,0.638,0.38
BLUE,0.214,0.149,-0.256,-0.424,-0.029,0.609,0.219,0.644,0.299,-0.142,0.527,0.353,0.602,0.628,0.497,0.398,-0.087,0.416,0.532,0.05,0.632,0.475,0.66,0.572,0.337,0.3,0.569,0.781,0.632,0.57,0.0,0.67,0.617,0.211,0.775,0.457,-0.012,0.708,-0.089,0.42,0.52,0.7,0.65,0.198,0.522,0.688,0.695,0.432,0.445,-0.276,0.239,0.279,-0.138,-0.621,0.553,0.414,0.42,0.465,-0.403,-0.051,0.124,0.426,0.501,0.121,0.47,0.403,0.407,0.534,-0.366,-0.22,0.651,0.159,0.622,0.333,0.311,0.362,0.734,0.144,0.56,0.731,0.212,-0.013,0.569,-0.358,-0.032,0.567,0.512,0.372,0.234,-0.304,0.782,0.293,0.408,0.499,0.643,0.072,0.387,0.602,0.597,0.14,0.178,0.313,0.391,0.746,0.089,0.166,-0.029,0.38,0.258,0.541,0.554,0.409,0.149,0.184,0.548,0.447,0.67,0.412,0.483,0.711,0.503,0.327,0.063,0.395,0.616,-0.234,-0.072,-0.243,0.475,0.262,0.461,0.699,0.824,-0.062,-0.059,0.624,0.615,0.189,0.583,0.624,0.449,0.088,0.082,0.293,-0.143,0.688,0.74,0.203,0.208,0.213,0.39,0.367,0.539,0.667,0.527,0.645,0.769,0.038,0.408,0.605,0.14,0.71,0.58,0.252,0.153,0.537,0.276,0.174,-0.339,0.5,-0.023,0.731,0.54,0.335,0.587,0.431,0.472,-0.591,0.566,0.589,0.69,0.32,-0.006,0.756,0.634,0.535,0.657,0.643,0.542,0.686,-0.139,0.488,0.73,0.261,0.283,0.625,0.15,0.266,0.497,0.379
