,AAL,AAON,ACB,ACGL,ACGLO,ACIW,ADBE,ADSK,AEP,AGIO,ALEC,ALNY,ALTR,AMBA,AMCX,AMKR,AMRX,ANSS,APPN,APTO,ARCT,ARWR,ASND,ASTH,ATSG,AVTX,BCPC,BEAM,BILI,BJRI,BLUE,BPOP,BRKL,BWIN,BZUN,CARG,CBRL,CBSH,CBUS,CENTA,CERS,CFFN,CHCO,CHEF,CHRD,CINF,CLLS,CMCO,CMCSA,COLL,COMM,COOP,CPB,CRON,CROX,CRUS,CRWD,CTAS,CYBR,CYTK,DGII,DIOD,DOMO,DPZ,DSGR,DXCM,ERIE,ESTA,EXEL,FAST,FCEL,FCFS,FHB,FITBI,FSV,FTDR,FUTU,GLDD,GLPG,GLPI,GOGO,GOSS,GSAT,GYRE,HALO,HAS,HLIT,HLNE,HSDT,HSIC,HTHT,ICHR,IDYA,IMVT,INDB,INSM,IONS,IOSP,ITRI,JBHT,JBLU,JSM,KLIC,KOD,KURA,LAB,LASR,LIN,LKQ,LNT,MBUU,MCRI,MDGL,MEDP,MGNI,MGPI,MGRC,MKTX,MRNA,MRTN,MSEX,MSFT,MU,NAVI,NBTB,NEO,NEOG,NGNE,NSSC,NTAP,NTES,NTLA,NTRS,NYMTN,OBLG,OCFC,ON,ONC,OPI,OSIS,OSW,PALI,PANW,PCAR,PCRX,PCTY,PEBO,PLAB,PLAY,PLMR,PLSE,PLUS,PRTA,PSEC,PSNL,PTCT,PTON,QNST,QRVO,QTTB,RARE,RBCAA,RGNX,SAIC,SGMO,SINT,SNPS,SPSC,SPTN,SSYS,STNE,TBBK,TCPC,TENB,TGTX,TREE,TRUP,TTWO,TW,TXG,UBSI,UCTT,UFPT,UMBF,UPBD,URBN,VBTX,VCTR,VEON,VNET,VRSK,VSEC,WABC,WTFCM,WVE,WW,WWD,XEL,ZD,ZYME
AAL,0.0,-0.405,-0.085,0.844,-0.743,0.38,0.44,-0.181,0.262,0.486,-0.732,-0.18,-0.029,-0.054,0.815,0.739,0.497,0.033,-0.2,-0.896,0.766,-0.482,-0.575,0.186,0.297,-0.829,-0.35,-0.554,-0.404,0.473,-0.209,0.571,-0.444,-0.493,-0.229,0.653,0.158,0.225,-0.002,0.215,-0.564,-0.433,-0.638,0.971,0.851,-0.183,0.547,-0.27,0.907,-0.755,0.98,0.724,0.297,0.85,0.591,0.849,-0.2,0.344,0.397,-0.426,0.755,-0.191,-0.241,0.747,0.168,0.313,-0.773,0.031,-0.17,0.777,-0.543,-0.177,-0.143,0.766,0.942,0.79,0.468,0.882,-0.318,-0.254,0.084,0.338,-0.249,0.616,0.768,0.912,-0.835,0.779,-0.219,0.592,-0.258,-0.425,-0.904,-0.642,-0.407,0.424,0.446,0.306,0.08,0.847,0.958,-0.164,0.022,-0.468,-0.665,0.097,0.213,-0.104,0.941,-0.239,-0.352,-0.079,-0.73,0.917,0.548,0.875,-0.519,-0.82,-0.191,-0.417,-0.663,-0.079,-0.738,0.363,-0.456,-0.352,0.495,0.874,-0.746,0.957,0.598,-0.324,0.375,0.847,-0.863,-0.159,0.86,-0.28,0.233,-0.763,0.59,0.564,0.587,0.945,-0.455,0.454,-0.504,0.849,0.627,-0.254,0.602,0.445,-0.667,0.787,-0.345,-0.663,0.081,0.537,0.209,-0.572,-0.935,-0.543,0.208,0.967,0.837,-0.505,0.142,0.621,0.715,0.681,-0.892,-0.293,0.529,0.796,-0.051,0.408,0.056,0.772,-0.81,0.061,-0.695,-0.207,-0.088,-0.045,-0.46,0.677,-0.621,0.45,-0.454,-0.637,0.331,-0.188,-0.276,0.517,-0.11,0.79,0.876,-0.009,0.941,0.111
AAON,-0.405,0.0,0.379,-0.201,0.42,-0.299,-0.066,0.236,0.001,-0.004,0.287,0.4,-0.052,-0.222,-0.373,-0.255,0.13,0.121,0.088,0.371,-0.388,0.255,0.326,0.192,0.114,0.427,0.274,0.306,0.052,0.064,0.029,-0.093,0.31,0.373,0.084,-0.058,0.197,-0.178,0.099,0.3,0.434,0.338,0.322,-0.401,-0.217,0.17,-0.104,0.504,-0.306,0.689,-0.368,0.062,-0.253,-0.258,-0.203,-0.287,-0.041,0.032,0.174,0.488,-0.003,0.232,0.293,-0.071,0.302,-0.03,0.151,0.096,0.047,0.001,0.184,0.411,0.168,-0.201,-0.442,-0.069,-0.197,-0.16,-0.186,0.188,0.605,0.113,-0.056,0.064,-0.098,-0.433,0.504,-0.113,-0.038,0.176,0.072,0.14,0.487,0.257,0.239,0.04,-0.183,-0.061,0.141,-0.155,-0.362,-0.062,0.0,0.065,0.216,0.088,0.299,0.133,-0.287,-0.018,0.078,0.627,0.218,-0.345,0.013,-0.21,0.21,0.236,-0.011,0.055,0.448,-0.32,0.358,-0.121,0.235,0.658,0.196,-0.317,0.281,-0.343,-0.181,0.257,-0.199,-0.269,0.53,0.159,-0.32,-0.085,0.042,0.459,-0.147,-0.108,-0.442,-0.269,0.208,-0.014,0.18,-0.227,-0.155,0.249,-0.285,0.093,0.272,-0.178,0.313,0.156,-0.105,0.083,0.265,0.21,0.511,0.24,0.147,-0.329,-0.121,0.247,-0.152,-0.262,-0.192,0.001,0.605,0.152,-0.222,-0.425,-0.03,0.094,-0.037,-0.09,0.396,0.238,0.29,0.083,0.132,-0.019,0.319,-0.225,0.273,0.077,0.019,0.123,0.083,0.285,0.253,-0.146,0.343,-0.349,-0.035,-0.222,-0.28,0.004
ACB,-0.085,0.379,0.0,0.233,0.294,-0.053,0.006,0.033,0.497,-0.226,0.287,0.329,-0.133,-0.171,-0.067,-0.326,0.079,0.096,0.102,0.197,0.069,-0.284,0.22,-0.025,0.407,0.318,-0.09,0.002,-0.044,0.185,0.057,0.057,0.191,-0.242,0.096,-0.182,-0.052,0.076,0.371,0.256,0.099,0.096,-0.028,-0.02,0.149,0.256,0.239,0.131,-0.104,0.422,0.003,-0.01,0.268,0.155,0.241,-0.026,-0.004,-0.244,0.512,0.613,0.099,0.05,0.163,0.121,0.21,0.088,-0.036,-0.048,0.403,-0.072,0.081,0.266,0.163,-0.143,-0.077,0.237,0.152,-0.041,0.058,0.081,0.39,0.254,-0.06,-0.011,0.324,-0.174,0.223,0.004,-0.093,0.118,0.098,-0.377,0.184,0.274,0.104,0.09,0.305,-0.09,0.172,-0.054,-0.121,-0.038,-0.42,0.006,0.216,0.337,0.105,-0.358,-0.104,0.194,-0.15,0.139,0.233,0.026,0.078,0.067,-0.133,-0.113,-0.05,-0.345,0.178,-0.237,-0.071,0.015,0.076,0.43,0.144,-0.056,0.049,-0.04,-0.122,0.134,0.057,-0.03,0.065,0.09,0.017,0.165,-0.246,0.04,0.204,0.367,-0.264,0.015,-0.255,0.286,-0.038,0.026,-0.119,-0.134,0.095,0.243,0.102,0.116,0.367,0.014,0.169,0.358,0.113,0.188,0.147,0.088,-0.071,0.038,0.28,0.336,0.041,-0.213,-0.228,0.057,0.14,0.147,0.129,-0.306,0.034,0.287,0.252,-0.051,-0.134,0.036,-0.046,-0.436,-0.187,-0.196,0.131,0.167,0.048,0.293,-0.063,-0.09,0.133,-0.31,0.251,0.1,0.525,0.167,0.074,0.211,0.049,0.032
ACGL,0.844,-0.201,0.233,0.0,-0.661,0.2,0.4,-0.294,0.453,0.395,-0.631,-0.085,-0.272,-0.313,0.634,0.506,0.711,-0.054,-0.323,-0.802,0.646,-0.611,-0.538,0.002,0.28,-0.662,-0.465,-0.667,-0.534,0.422,-0.334,0.391,-0.468,-0.451,-0.303,0.382,0.007,0.046,0.1,0.17,-0.569,-0.495,-0.747,0.898,0.766,-0.218,0.447,-0.272,0.689,-0.485,0.882,0.625,0.274,0.871,0.505,0.683,-0.355,0.25,0.639,-0.21,0.805,-0.332,-0.286,0.785,0.111,0.335,-0.775,-0.15,0.181,0.786,-0.626,-0.162,-0.264,0.634,0.812,0.791,0.352,0.828,-0.392,-0.339,0.246,0.409,-0.472,0.68,0.881,0.7,-0.747,0.722,-0.232,0.741,-0.389,-0.616,-0.771,-0.586,-0.506,0.527,0.428,0.126,0.036,0.805,0.789,-0.287,-0.195,-0.589,-0.641,0.1,0.365,-0.213,0.817,-0.247,-0.558,-0.004,-0.644,0.904,0.459,0.767,-0.701,-0.851,-0.386,-0.64,-0.624,-0.174,-0.819,0.145,-0.554,-0.092,0.697,0.792,-0.773,0.865,0.368,-0.384,0.2,0.847,-0.79,-0.278,0.695,-0.377,-0.081,-0.781,0.536,0.752,0.479,0.886,-0.426,0.42,-0.655,0.793,0.488,-0.221,0.551,0.458,-0.701,0.679,-0.274,-0.728,-0.055,0.589,0.1,-0.546,-0.833,-0.598,-0.013,0.911,0.849,-0.455,-0.047,0.572,0.57,0.573,-0.74,-0.385,0.429,0.581,-0.127,0.43,0.032,0.76,-0.794,-0.056,-0.781,-0.403,-0.041,-0.331,-0.561,0.555,-0.68,0.356,-0.511,-0.764,0.539,-0.382,-0.297,0.55,0.025,0.715,0.878,-0.004,0.853,0.021
ACGLO,-0.743,0.42,0.294,-0.661,0.0,-0.123,-0.028,0.499,0.062,-0.481,0.775,0.393,0.233,0.296,-0.469,-0.656,-0.522,0.308,0.468,0.863,-0.419,0.308,0.631,0.073,0.146,0.727,0.415,0.72,0.683,0.016,0.541,-0.122,0.668,0.372,0.544,-0.367,0.192,0.156,0.274,0.197,0.717,0.648,0.698,-0.75,-0.461,0.532,-0.051,0.547,-0.538,0.6,-0.75,-0.472,0.085,-0.685,-0.059,-0.537,0.457,-0.117,-0.296,0.547,-0.591,0.395,0.554,-0.384,0.159,-0.048,0.724,0.096,0.12,-0.687,0.731,0.526,0.499,-0.441,-0.642,-0.407,0.043,-0.796,0.569,0.484,0.091,0.099,0.457,-0.686,-0.534,-0.675,0.76,-0.458,0.15,-0.546,0.626,0.242,0.751,0.776,0.656,-0.43,-0.249,0.014,0.209,-0.616,-0.785,0.313,-0.083,0.637,0.689,0.359,-0.331,0.102,-0.723,0.579,0.481,0.281,0.743,-0.755,-0.076,-0.575,0.653,0.718,0.506,0.4,0.663,0.122,0.768,0.023,0.653,0.473,-0.532,-0.765,0.703,-0.681,-0.147,0.657,0.014,-0.679,0.627,0.444,-0.444,0.508,0.098,0.772,-0.343,-0.276,-0.709,-0.639,0.19,0.023,0.638,-0.747,-0.476,0.084,-0.363,-0.163,0.684,-0.336,0.652,0.591,0.349,-0.147,0.174,0.681,0.726,0.68,-0.122,-0.744,-0.514,0.659,0.206,-0.607,-0.743,-0.338,0.736,0.58,-0.232,-0.714,0.26,-0.005,0.261,-0.598,0.697,0.281,0.725,0.041,-0.277,0.311,0.634,-0.244,0.753,-0.006,0.501,0.712,-0.369,0.303,0.582,-0.375,0.295,-0.448,-0.669,0.357,-0.624,-0.156
ACIW,0.38,-0.299,-0.053,0.2,-0.123,0.0,0.347,0.43,0.177,-0.05,0.048,0.132,0.777,0.783,0.65,0.412,-0.147,0.639,0.521,-0.118,0.706,-0.113,0.295,0.678,0.569,-0.098,0.532,0.239,0.426,0.621,0.412,0.725,0.428,-0.248,0.585,0.684,0.473,0.851,0.269,0.612,0.217,0.468,0.273,0.298,0.577,0.573,0.652,0.306,0.516,-0.309,0.349,0.396,0.356,0.118,0.704,0.731,0.515,0.317,-0.024,-0.08,0.328,0.687,0.399,0.271,0.681,0.515,0.108,0.566,-0.489,-0.016,0.408,0.433,0.604,0.33,0.512,0.358,0.589,0.093,0.526,0.509,0.189,-0.055,0.593,-0.193,0.155,0.634,-0.007,0.517,0.22,-0.207,0.494,0.176,-0.141,0.181,0.458,0.052,0.71,0.862,0.77,0.18,0.253,0.147,0.422,0.438,0.281,0.421,-0.061,0.242,0.362,0.258,0.533,0.15,0.199,0.327,0.46,0.542,0.344,0.051,0.574,0.407,0.206,0.431,-0.003,0.803,0.448,-0.257,-0.297,0.254,0.187,0.323,0.681,0.399,0.852,0.032,-0.221,0.674,0.662,0.51,0.484,0.144,0.653,0.083,-0.076,0.435,-0.332,0.544,0.457,0.426,0.392,-0.414,0.567,0.691,0.209,0.588,0.361,0.208,0.696,0.602,0.54,0.327,-0.297,0.396,0.552,0.354,0.392,0.258,0.759,0.23,0.032,0.496,-0.215,0.585,0.754,0.437,0.541,0.641,0.31,-0.02,-0.109,0.527,0.267,0.32,-0.459,0.734,0.47,0.717,0.288,0.666,0.495,0.317,-0.335,0.364,0.439,0.214,0.182,0.399,0.227,0.241,0.495,0.509
ADBE,0.44,-0.066,0.006,0.4,-0.028,0.347,0.0,0.541,0.372,-0.05,-0.049,0.437,0.166,0.217,0.508,0.163,0.298,0.586,0.384,-0.227,0.491,-0.21,0.037,0.387,0.566,-0.18,0.116,0.147,0.259,0.502,0.433,0.636,0.247,-0.114,0.389,0.451,0.636,0.428,0.44,0.582,0.075,0.245,0.035,0.437,0.587,0.351,0.657,0.36,0.619,-0.176,0.445,0.355,0.453,0.196,0.591,0.443,0.457,0.655,0.273,0.07,0.397,0.146,0.432,0.699,0.272,0.748,-0.148,0.077,-0.126,0.345,0.092,0.453,0.343,0.465,0.389,0.546,0.641,0.208,0.246,0.322,0.332,0.687,0.032,0.144,0.387,0.362,-0.215,0.656,0.205,0.288,0.316,-0.274,-0.306,-0.018,0.164,0.166,0.316,0.451,0.437,0.531,0.315,-0.236,-0.068,0.144,-0.314,0.559,0.112,0.054,0.325,0.229,-0.071,0.42,-0.191,0.383,0.707,0.392,0.013,-0.179,0.407,-0.108,-0.055,0.273,-0.052,0.407,0.16,0.307,0.217,0.316,-0.217,0.56,0.602,0.397,0.502,0.329,-0.465,0.329,0.531,0.075,0.463,-0.154,0.243,0.416,0.034,0.514,-0.151,0.678,0.049,0.224,0.138,-0.246,0.394,0.536,-0.217,0.662,0.21,-0.247,0.403,0.435,0.593,0.111,-0.524,0.093,0.247,0.448,0.414,0.081,0.46,0.235,0.019,0.607,-0.291,0.256,0.486,0.373,0.349,0.519,0.481,0.324,-0.129,0.58,-0.091,-0.135,-0.385,0.243,0.087,0.608,0.107,0.545,0.029,-0.039,0.367,0.237,0.365,0.059,0.181,0.523,0.448,0.383,0.594,-0.29
ADSK,-0.181,0.236,0.033,-0.294,0.499,0.43,0.541,0.0,0.151,-0.461,0.612,0.757,0.628,0.622,0.185,-0.218,-0.213,0.896,0.859,0.456,0.194,0.197,0.621,0.672,0.583,0.457,0.667,0.803,0.833,0.445,0.87,0.525,0.85,0.142,0.86,0.371,0.845,0.621,0.531,0.651,0.715,0.844,0.762,-0.231,0.154,0.753,0.527,0.771,0.151,0.319,-0.197,0.015,0.31,-0.45,0.424,0.104,0.855,0.512,-0.093,0.472,-0.045,0.697,0.858,0.167,0.541,0.66,0.499,0.454,-0.41,-0.335,0.772,0.797,0.807,-0.03,-0.174,0.068,0.566,-0.435,0.629,0.821,0.46,0.357,0.616,-0.485,-0.247,-0.083,0.537,0.249,0.421,-0.342,0.831,0.199,0.417,0.66,0.753,-0.291,0.294,0.568,0.719,-0.087,-0.315,-0.084,0.171,0.76,0.358,0.699,-0.162,0.303,-0.265,0.47,0.608,0.586,0.501,-0.306,0.531,0.038,0.702,0.498,0.84,0.515,0.58,0.441,0.652,0.524,0.82,0.498,-0.412,-0.384,0.55,-0.088,0.504,0.895,0.572,-0.366,0.225,0.83,0.138,0.536,0.584,0.62,0.144,-0.118,-0.524,-0.077,0.008,0.588,0.754,-0.265,-0.062,-0.327,0.154,0.503,0.512,0.329,0.686,0.444,0.722,0.261,0.759,0.717,0.175,0.773,0.433,-0.178,-0.077,0.678,0.724,-0.233,-0.503,0.377,0.312,0.835,0.433,-0.042,0.694,0.422,0.538,-0.348,0.507,0.853,0.633,0.228,-0.508,0.727,0.779,0.41,0.797,0.576,0.527,0.688,-0.128,0.668,0.854,-0.325,0.471,0.077,-0.16,0.364,0.039,-0.047
AEP,0.262,0.001,0.497,0.453,0.062,0.177,0.372,0.151,0.0,-0.254,0.049,0.412,-0.161,-0.054,0.197,-0.182,0.244,0.217,0.139,-0.087,0.384,-0.515,0.075,-0.172,0.503,0.042,-0.072,-0.144,0.119,0.347,0.185,0.312,0.083,-0.397,0.266,-0.025,0.137,0.279,0.417,0.355,-0.049,0.043,-0.143,0.355,0.439,0.249,0.53,0.044,0.28,0.066,0.323,-0.01,0.697,0.284,0.484,0.221,0.11,0.144,0.551,0.242,0.276,0.008,0.061,0.584,0.174,0.492,-0.152,-0.361,0.136,0.183,-0.034,0.152,0.156,0.155,0.29,0.433,0.48,0.187,0.235,0.242,0.188,0.49,-0.144,0.177,0.638,0.13,-0.046,0.474,0.152,0.198,0.136,-0.457,-0.207,-0.007,-0.022,0.367,0.483,0.184,0.286,0.348,0.191,-0.367,-0.434,-0.073,-0.196,0.326,0.237,-0.279,0.178,0.64,-0.201,0.152,-0.048,0.315,0.283,0.473,-0.322,-0.18,0.106,-0.462,0.077,0.252,-0.339,-0.03,-0.054,0.177,0.244,0.165,-0.304,0.304,0.35,0.077,0.377,0.368,-0.431,0.159,0.284,0.112,0.037,-0.197,0.356,0.707,-0.009,0.309,-0.103,0.472,-0.201,0.305,-0.191,-0.602,0.102,0.461,-0.298,0.373,0.115,-0.105,0.289,0.276,0.162,0.091,-0.318,0.029,-0.244,0.397,0.482,0.056,0.161,0.143,-0.211,0.196,-0.22,0.171,0.436,0.04,0.006,0.351,0.239,0.149,-0.261,0.081,-0.229,-0.366,-0.191,-0.178,-0.085,0.363,-0.068,0.334,-0.08,-0.144,0.504,-0.262,0.214,0.168,0.36,0.467,0.356,0.717,0.371,-0.112
AGIO,0.486,-0.004,-0.226,0.395,-0.481,-0.05,-0.05,-0.461,-0.254,0.0,-0.798,-0.555,-0.107,-0.339,0.128,0.779,0.265,-0.411,-0.661,-0.705,-0.006,0.271,-0.673,-0.013,-0.369,-0.699,-0.299,-0.414,-0.592,0.15,-0.681,-0.117,-0.674,0.248,-0.649,0.375,-0.241,-0.374,-0.698,-0.015,-0.272,-0.519,-0.589,0.47,0.199,-0.604,-0.213,-0.204,0.338,-0.481,0.446,0.687,-0.425,0.525,-0.081,0.355,-0.615,0.196,0.166,-0.644,0.537,-0.225,-0.291,0.254,0.024,-0.319,-0.654,0.136,0.023,0.709,-0.655,-0.414,-0.587,0.656,0.484,0.141,-0.309,0.705,-0.61,-0.529,0.006,-0.169,-0.426,0.643,0.276,0.458,-0.64,0.362,-0.266,0.682,-0.617,0.091,-0.529,-0.7,-0.594,0.546,-0.204,0.024,-0.362,0.554,0.602,0.129,0.371,-0.672,-0.467,-0.521,0.404,0.283,0.684,-0.55,-0.229,0.009,-0.682,0.541,0.125,0.32,-0.391,-0.485,-0.446,-0.167,-0.395,-0.229,-0.376,0.054,-0.632,-0.313,0.62,0.567,-0.543,0.41,0.143,-0.522,-0.227,0.608,-0.319,-0.556,0.294,-0.677,-0.04,-0.482,0.061,0.135,0.621,0.478,0.084,-0.277,-0.536,0.569,0.47,0.475,0.097,-0.202,-0.329,0.082,-0.575,-0.561,-0.531,0.119,-0.178,-0.77,-0.341,-0.705,0.111,0.436,0.257,-0.783,-0.461,0.695,0.874,0.104,-0.276,-0.638,-0.296,0.48,-0.579,0.149,-0.633,0.786,-0.377,-0.211,-0.456,0.225,0.543,-0.237,-0.505,-0.055,-0.673,-0.172,-0.529,-0.54,0.102,-0.016,-0.705,0.627,-0.606,-0.067,0.594,-0.559,0.335,0.337
ALEC,-0.732,0.287,0.287,-0.631,0.775,0.048,-0.049,0.612,0.049,-0.798,0.0,0.623,0.341,0.418,-0.352,-0.771,-0.46,0.498,0.718,0.912,-0.229,0.137,0.827,0.2,0.309,0.911,0.51,0.743,0.737,-0.067,0.737,-0.027,0.818,0.078,0.705,-0.322,0.28,0.318,0.53,0.188,0.656,0.721,0.797,-0.74,-0.39,0.639,0.085,0.482,-0.53,0.738,-0.71,-0.61,0.142,-0.741,-0.006,-0.476,0.668,-0.165,-0.236,0.779,-0.555,0.472,0.577,-0.429,0.183,0.226,0.824,0.15,-0.024,-0.832,0.842,0.592,0.639,-0.691,-0.695,-0.372,0.148,-0.879,0.672,0.62,0.183,0.014,0.571,-0.757,-0.539,-0.642,0.892,-0.46,0.342,-0.73,0.71,0.201,0.85,0.922,0.726,-0.539,0.093,0.041,0.424,-0.719,-0.814,0.041,-0.121,0.827,0.751,0.49,-0.329,-0.012,-0.823,0.484,0.505,0.2,0.901,-0.756,-0.132,-0.507,0.668,0.734,0.578,0.436,0.673,0.257,0.74,0.034,0.802,0.498,-0.679,-0.798,0.817,-0.667,-0.182,0.716,0.157,-0.797,0.636,0.634,-0.433,0.686,0.006,0.786,-0.141,-0.326,-0.769,-0.661,0.079,0.152,0.758,-0.701,-0.468,-0.236,-0.163,0.075,0.721,-0.274,0.736,0.763,0.509,-0.111,0.257,0.884,0.693,0.856,0.06,-0.703,-0.456,0.911,0.45,-0.713,-0.894,-0.23,0.669,0.75,0.068,-0.638,0.593,-0.067,0.456,-0.854,0.679,0.369,0.736,0.032,-0.426,0.388,0.75,-0.086,0.865,0.143,0.647,0.786,-0.316,0.252,0.766,-0.571,0.587,-0.271,-0.721,0.343,-0.566,-0.08
ALNY,-0.18,0.4,0.329,-0.085,0.393,0.132,0.437,0.757,0.412,-0.555,0.623,0.0,0.185,0.175,0.04,-0.492,0.048,0.673,0.707,0.408,0.165,-0.104,0.564,0.374,0.637,0.544,0.348,0.526,0.51,0.205,0.698,0.395,0.665,-0.186,0.645,0.105,0.589,0.38,0.718,0.475,0.426,0.592,0.532,-0.178,0.148,0.588,0.515,0.516,0.048,0.553,-0.107,-0.172,0.357,-0.31,0.303,-0.043,0.597,0.255,0.205,0.721,0.028,0.359,0.58,0.271,0.321,0.72,0.28,0.039,-0.194,-0.24,0.521,0.62,0.593,-0.255,-0.269,0.185,0.47,-0.32,0.352,0.586,0.477,0.511,0.246,-0.236,0.058,-0.237,0.521,0.175,0.354,-0.16,0.555,-0.181,0.373,0.555,0.513,-0.153,0.444,0.186,0.567,-0.084,-0.295,-0.46,-0.301,0.534,0.167,0.63,0.022,-0.148,-0.335,0.428,0.147,0.443,0.414,-0.239,0.367,0.073,0.277,0.248,0.529,0.008,0.42,0.235,0.368,0.127,0.576,0.658,-0.136,-0.326,0.312,-0.069,0.219,0.667,0.327,-0.24,0.121,0.604,-0.022,0.414,0.257,0.387,0.131,0.188,-0.518,-0.102,-0.036,0.583,0.413,-0.213,-0.258,-0.551,0.009,0.509,0.241,0.267,0.588,0.352,0.503,0.204,0.546,0.608,0.147,0.59,0.229,-0.083,0.08,0.651,0.491,-0.312,-0.576,0.309,0.252,0.629,0.441,-0.24,0.538,0.252,0.567,-0.342,0.27,0.631,0.306,-0.155,-0.434,0.271,0.522,0.333,0.565,0.519,0.24,0.346,0.268,0.244,0.765,-0.44,0.754,0.233,-0.045,0.419,0.053,-0.179
ALTR,-0.029,-0.052,-0.133,-0.272,0.233,0.777,0.166,0.628,-0.161,-0.107,0.341,0.185,0.0,0.868,0.307,0.245,-0.456,0.736,0.64,0.251,0.332,0.357,0.539,0.799,0.366,0.202,0.754,0.656,0.655,0.506,0.546,0.456,0.617,0.133,0.653,0.583,0.531,0.739,0.107,0.593,0.635,0.677,0.601,-0.142,0.201,0.61,0.386,0.609,0.182,-0.028,-0.114,0.257,0.085,-0.266,0.453,0.397,0.664,0.363,-0.245,0.067,0.014,0.884,0.684,-0.125,0.736,0.316,0.46,0.847,-0.593,-0.289,0.682,0.613,0.673,0.131,0.109,-0.025,0.382,-0.27,0.601,0.649,0.272,-0.272,0.822,-0.474,-0.315,0.263,0.368,0.192,0.236,-0.425,0.683,0.512,0.288,0.512,0.639,-0.151,0.373,0.747,0.727,-0.161,-0.099,0.364,0.65,0.682,0.591,0.368,-0.155,0.494,0.022,0.211,0.869,0.303,0.469,-0.121,0.346,0.167,0.748,0.441,0.731,0.775,0.492,0.392,0.489,0.792,0.709,-0.033,-0.556,-0.15,0.597,-0.068,0.516,0.628,0.678,-0.34,0.248,0.738,0.349,0.555,0.489,0.575,0.427,-0.36,-0.29,0.054,-0.133,0.347,0.765,0.045,0.282,-0.137,0.399,0.436,0.661,0.258,0.505,0.476,0.674,0.377,0.579,0.531,0.175,0.619,0.634,-0.093,-0.009,0.453,0.758,-0.005,-0.148,0.289,0.217,0.73,0.422,0.224,0.598,0.453,0.202,-0.266,0.337,0.639,0.659,0.55,-0.369,0.894,0.767,0.444,0.587,0.522,0.681,0.678,-0.598,0.654,0.536,0.048,0.172,-0.023,-0.121,0.024,0.085,0.551
AMBA,-0.054,-0.222,-0.171,-0.313,0.296,0.783,0.217,0.622,-0.054,-0.339,0.418,0.175,0.868,0.0,0.35,0.098,-0.471,0.726,0.73,0.326,0.382,0.119,0.568,0.633,0.44,0.227,0.749,0.618,0.776,0.444,0.692,0.533,0.696,0.013,0.783,0.455,0.579,0.824,0.253,0.523,0.531,0.731,0.652,-0.155,0.185,0.707,0.462,0.501,0.186,-0.088,-0.126,0.053,0.294,-0.329,0.481,0.343,0.78,0.245,-0.355,0.063,-0.148,0.816,0.601,-0.109,0.548,0.347,0.554,0.599,-0.525,-0.433,0.748,0.592,0.782,0.036,0.083,-0.013,0.492,-0.379,0.766,0.736,0.083,-0.104,0.84,-0.589,-0.312,0.237,0.372,0.137,0.309,-0.602,0.779,0.465,0.252,0.526,0.721,-0.304,0.351,0.765,0.732,-0.212,-0.166,0.348,0.516,0.776,0.563,0.49,-0.323,0.413,-0.088,0.404,0.798,0.228,0.536,-0.152,0.287,0.123,0.741,0.492,0.798,0.743,0.471,0.467,0.458,0.696,0.754,-0.094,-0.692,-0.206,0.566,-0.08,0.529,0.659,0.751,-0.388,0.166,0.81,0.352,0.702,0.543,0.545,0.361,-0.314,-0.336,-0.012,-0.125,0.385,0.803,-0.064,0.133,-0.273,0.343,0.426,0.523,0.273,0.529,0.506,0.781,0.285,0.595,0.631,0.091,0.712,0.51,-0.14,-0.033,0.536,0.842,-0.151,-0.316,0.257,0.129,0.798,0.507,0.129,0.689,0.389,0.379,-0.401,0.353,0.61,0.668,0.461,-0.486,0.899,0.74,0.438,0.669,0.499,0.773,0.742,-0.594,0.581,0.631,-0.065,0.193,0.072,-0.255,0.281,0.047,0.314
AMCX,0.815,-0.373,-0.067,0.634,-0.469,0.65,0.508,0.185,0.197,0.128,-0.352,0.04,0.307,0.35,0.0,0.536,0.305,0.399,0.247,-0.55,0.903,-0.528,-0.22,0.529,0.553,-0.584,-0.051,-0.213,0.033,0.665,0.225,0.829,0.042,-0.517,0.233,0.728,0.487,0.607,0.355,0.363,-0.282,-0.015,-0.229,0.753,0.839,0.313,0.72,0.036,0.847,-0.654,0.779,0.629,0.444,0.579,0.813,0.877,0.2,0.376,0.197,-0.151,0.578,0.156,0.074,0.608,0.437,0.453,-0.379,0.303,-0.292,0.425,-0.053,0.215,0.346,0.579,0.83,0.821,0.758,0.539,0.075,0.108,0.217,0.383,0.237,0.171,0.508,0.865,-0.531,0.664,-0.232,0.21,0.24,-0.383,-0.625,-0.175,0.106,-0.003,0.586,0.551,0.428,0.589,0.658,0.017,0.1,0.017,-0.261,0.529,-0.14,-0.04,0.72,-0.016,0.026,0.033,-0.32,0.655,0.675,0.804,-0.058,-0.576,0.171,-0.037,-0.447,-0.031,-0.417,0.675,0.046,-0.247,0.054,0.62,-0.296,0.813,0.71,0.134,0.648,0.469,-0.629,0.306,0.902,0.199,0.476,-0.384,0.676,0.366,0.154,0.836,-0.695,0.725,-0.019,0.581,0.681,-0.362,0.746,0.669,-0.306,0.931,0.147,-0.349,0.543,0.736,0.5,-0.123,-0.75,-0.069,0.336,0.767,0.747,-0.03,0.56,0.261,0.371,0.826,-0.763,0.191,0.782,0.636,0.449,0.532,0.452,0.417,-0.593,0.369,-0.329,-0.221,-0.565,0.4,-0.011,0.871,-0.155,0.737,-0.041,-0.235,-0.026,0.059,0.205,0.286,0.181,0.84,0.601,0.148,0.873,0.07
AMKR,0.739,-0.255,-0.326,0.506,-0.656,0.412,0.163,-0.218,-0.182,0.779,-0.771,-0.492,0.245,0.098,0.536,0.0,0.254,-0.03,-0.328,-0.783,0.407,0.093,-0.509,0.312,-0.063,-0.772,-0.044,-0.339,-0.373,0.403,-0.393,0.29,-0.452,0.045,-0.324,0.736,0.094,0.084,-0.486,0.242,-0.256,-0.303,-0.451,0.674,0.533,-0.311,0.176,-0.101,0.681,-0.678,0.67,0.832,-0.16,0.601,0.255,0.746,-0.27,0.391,0.122,-0.681,0.647,0.075,-0.133,0.397,0.246,-0.003,-0.584,0.383,-0.309,0.699,-0.468,-0.196,-0.243,0.795,0.751,0.371,0.057,0.756,-0.347,-0.229,0.092,-0.142,-0.13,0.523,0.351,0.81,-0.665,0.624,-0.142,0.532,-0.333,0.155,-0.664,-0.647,-0.379,0.463,0.119,0.425,0.029,0.673,0.794,0.134,0.575,-0.432,-0.43,-0.249,0.311,0.383,0.862,-0.459,-0.018,0.078,-0.625,0.716,0.378,0.621,-0.228,-0.487,-0.155,0.032,-0.363,-0.026,-0.423,0.422,-0.403,-0.428,0.419,0.713,-0.495,0.65,0.498,-0.342,0.231,0.613,-0.47,-0.197,0.666,-0.417,0.27,-0.454,0.411,0.116,0.636,0.712,-0.113,0.045,-0.311,0.77,0.655,0.189,0.445,0.192,-0.351,0.435,-0.442,-0.519,-0.128,0.363,0.177,-0.573,-0.601,-0.499,0.443,0.664,0.467,-0.626,-0.002,0.752,0.865,0.443,-0.507,-0.343,0.162,0.8,-0.219,0.386,-0.365,0.742,-0.447,0.063,-0.357,0.372,0.264,0.141,-0.297,0.344,-0.52,0.178,-0.271,-0.398,-0.0,0.181,-0.458,0.645,-0.48,0.246,0.69,-0.422,0.633,0.468
AMRX,0.497,0.13,0.079,0.711,-0.522,-0.147,0.298,-0.213,0.244,0.265,-0.46,0.048,-0.456,-0.471,0.305,0.254,0.0,-0.095,-0.291,-0.546,0.302,-0.431,-0.413,-0.108,0.155,-0.407,-0.363,-0.538,-0.471,0.144,-0.308,0.179,-0.377,-0.196,-0.305,0.169,0.067,-0.208,0.099,0.029,-0.465,-0.412,-0.541,0.561,0.414,-0.249,0.177,-0.221,0.382,-0.15,0.551,0.382,0.058,0.547,0.113,0.33,-0.332,0.224,0.569,-0.063,0.527,-0.364,-0.3,0.594,-0.071,0.242,-0.574,-0.321,0.188,0.652,-0.56,-0.112,-0.292,0.351,0.384,0.541,0.11,0.614,-0.519,-0.252,0.353,0.394,-0.537,0.629,0.616,0.348,-0.472,0.482,-0.143,0.652,-0.409,-0.435,-0.461,-0.493,-0.45,0.385,0.108,-0.104,-0.055,0.599,0.47,-0.482,-0.233,-0.545,-0.643,-0.007,0.366,-0.094,0.468,-0.311,-0.579,0.215,-0.542,0.574,0.22,0.428,-0.581,-0.599,-0.487,-0.552,-0.436,-0.18,-0.565,-0.169,-0.481,0.175,0.683,0.462,-0.611,0.566,0.112,-0.351,-0.051,0.637,-0.475,-0.302,0.33,-0.523,-0.13,-0.551,0.212,0.497,0.301,0.535,-0.107,0.25,-0.586,0.48,0.257,-0.067,0.204,0.329,-0.637,0.372,-0.3,-0.597,-0.245,0.282,0.141,-0.442,-0.534,-0.488,0.004,0.568,0.511,-0.354,-0.226,0.336,0.37,0.397,-0.409,-0.413,0.18,0.331,-0.144,0.145,0.017,0.554,-0.425,-0.057,-0.633,-0.301,0.142,-0.42,-0.499,0.209,-0.491,0.133,-0.455,-0.651,0.653,-0.252,-0.257,0.32,0.026,0.425,0.661,-0.125,0.514,-0.235
ANSS,0.033,0.121,0.096,-0.054,0.308,0.639,0.586,0.896,0.217,-0.411,0.498,0.673,0.736,0.726,0.399,-0.03,-0.095,0.0,0.859,0.289,0.466,0.02,0.623,0.774,0.7,0.323,0.678,0.684,0.737,0.589,0.818,0.66,0.782,-0.032,0.85,0.549,0.857,0.781,0.563,0.761,0.598,0.774,0.62,-0.03,0.371,0.789,0.704,0.746,0.33,0.168,0.009,0.197,0.404,-0.238,0.611,0.375,0.863,0.577,0.037,0.413,0.122,0.767,0.827,0.265,0.647,0.762,0.398,0.58,-0.476,-0.19,0.695,0.858,0.825,0.102,0.073,0.269,0.68,-0.26,0.614,0.811,0.529,0.303,0.644,-0.396,-0.05,0.168,0.411,0.399,0.351,-0.257,0.813,0.138,0.255,0.582,0.687,-0.166,0.482,0.69,0.875,0.023,-0.112,-0.045,0.267,0.729,0.347,0.746,-0.104,0.299,-0.045,0.385,0.569,0.579,0.44,-0.053,0.612,0.269,0.605,0.333,0.798,0.466,0.48,0.385,0.448,0.655,0.758,0.441,-0.361,-0.171,0.45,0.117,0.61,0.839,0.734,-0.221,0.078,0.844,0.404,0.554,0.564,0.501,0.427,-0.018,-0.43,0.161,-0.177,0.734,0.676,-0.017,0.096,-0.399,0.445,0.721,0.406,0.515,0.678,0.311,0.812,0.499,0.865,0.691,-0.012,0.687,0.58,0.046,0.175,0.639,0.876,-0.125,-0.385,0.575,0.143,0.831,0.635,0.152,0.777,0.559,0.588,-0.236,0.325,0.886,0.52,0.212,-0.579,0.753,0.743,0.628,0.67,0.752,0.589,0.576,-0.124,0.598,0.809,-0.133,0.547,0.277,0.028,0.329,0.271,0.111
APPN,-0.2,0.088,0.102,-0.323,0.468,0.521,0.384,0.859,0.139,-0.661,0.718,0.707,0.64,0.73,0.247,-0.328,-0.291,0.859,0.0,0.536,0.334,-0.039,0.754,0.626,0.696,0.522,0.675,0.74,0.812,0.323,0.927,0.571,0.893,-0.138,0.906,0.302,0.7,0.769,0.656,0.549,0.555,0.834,0.791,-0.285,0.147,0.855,0.579,0.583,0.073,0.307,-0.209,-0.174,0.453,-0.463,0.446,0.115,0.918,0.207,-0.185,0.542,-0.228,0.69,0.706,-0.006,0.496,0.607,0.585,0.395,-0.439,-0.497,0.863,0.767,0.913,-0.228,-0.178,0.086,0.592,-0.528,0.726,0.81,0.28,0.241,0.746,-0.599,-0.237,-0.034,0.59,0.062,0.359,-0.578,0.881,0.144,0.414,0.735,0.838,-0.452,0.446,0.515,0.789,-0.307,-0.353,-0.02,0.069,0.901,0.516,0.748,-0.318,0.101,-0.351,0.518,0.595,0.332,0.645,-0.329,0.358,0.023,0.692,0.474,0.844,0.488,0.523,0.364,0.542,0.523,0.889,0.34,-0.612,-0.384,0.617,-0.129,0.388,0.874,0.659,-0.483,0.244,0.906,0.157,0.774,0.507,0.614,0.286,-0.16,-0.598,-0.137,-0.158,0.624,0.811,-0.297,-0.046,-0.474,0.2,0.548,0.526,0.317,0.742,0.584,0.852,0.272,0.687,0.847,0.191,0.861,0.479,-0.208,-0.028,0.833,0.862,-0.431,-0.633,0.328,0.236,0.926,0.586,-0.111,0.829,0.335,0.731,-0.562,0.387,0.762,0.645,0.109,-0.66,0.769,0.818,0.46,0.838,0.633,0.679,0.704,-0.303,0.484,0.922,-0.412,0.622,0.216,-0.301,0.445,0.013,0.002
APTO,-0.896,0.371,0.197,-0.802,0.863,-0.118,-0.227,0.456,-0.087,-0.705,0.912,0.408,0.251,0.326,-0.55,-0.783,-0.546,0.289,0.536,0.0,-0.469,0.299,0.787,0.055,0.084,0.905,0.492,0.709,0.672,-0.227,0.548,-0.223,0.729,0.276,0.568,-0.479,0.115,0.152,0.338,0.032,0.654,0.661,0.806,-0.907,-0.62,0.546,-0.181,0.43,-0.719,0.742,-0.887,-0.695,0.001,-0.845,-0.238,-0.642,0.508,-0.262,-0.359,0.631,-0.743,0.425,0.441,-0.626,0.071,-0.07,0.893,0.092,0.024,-0.871,0.8,0.466,0.511,-0.743,-0.825,-0.553,-0.088,-0.941,0.591,0.513,0.043,-0.16,0.539,-0.78,-0.684,-0.776,0.925,-0.658,0.227,-0.756,0.607,0.327,0.916,0.863,0.701,-0.557,-0.174,-0.079,0.239,-0.845,-0.93,0.197,-0.064,0.74,0.805,0.273,-0.364,0.029,-0.915,0.479,0.515,0.166,0.889,-0.903,-0.34,-0.7,0.7,0.834,0.453,0.491,0.733,0.158,0.792,-0.096,0.732,0.408,-0.704,-0.874,0.869,-0.854,-0.342,0.6,-0.036,-0.894,0.789,0.497,-0.622,0.607,0.003,0.871,-0.357,-0.486,-0.773,-0.833,0.214,-0.087,0.728,-0.831,-0.565,0.003,-0.394,-0.146,0.75,-0.5,0.633,0.78,0.317,-0.296,0.085,0.813,0.861,0.798,-0.067,-0.881,-0.664,0.786,0.239,-0.766,-0.88,-0.429,0.804,0.625,-0.187,-0.768,0.379,-0.23,0.286,-0.878,0.782,0.186,0.801,0.11,-0.278,0.315,0.708,-0.345,0.839,-0.091,0.648,0.793,-0.412,0.286,0.616,-0.585,0.395,-0.514,-0.853,0.273,-0.773,-0.113
ARCT,0.766,-0.388,0.069,0.646,-0.419,0.706,0.491,0.194,0.384,-0.006,-0.229,0.165,0.332,0.382,0.903,0.407,0.302,0.466,0.334,-0.469,0.0,-0.63,-0.061,0.475,0.673,-0.434,0.029,-0.184,0.073,0.644,0.27,0.829,0.098,-0.663,0.315,0.66,0.41,0.705,0.444,0.422,-0.277,0.017,-0.197,0.713,0.846,0.37,0.819,0.021,0.778,-0.54,0.762,0.503,0.58,0.565,0.868,0.873,0.282,0.291,0.32,-0.036,0.539,0.22,0.085,0.597,0.482,0.565,-0.327,0.241,-0.314,0.353,0.005,0.277,0.401,0.471,0.802,0.806,0.774,0.468,0.177,0.184,0.204,0.325,0.259,0.164,0.624,0.827,-0.417,0.659,-0.123,0.126,0.273,-0.39,-0.551,-0.096,0.124,0.13,0.75,0.551,0.566,0.486,0.612,-0.079,-0.014,0.091,-0.18,0.517,-0.081,-0.143,0.647,0.114,0.028,0.0,-0.2,0.675,0.576,0.83,-0.117,-0.513,0.218,-0.14,-0.337,0.088,-0.464,0.622,0.092,-0.21,0.016,0.571,-0.276,0.751,0.68,0.149,0.744,0.474,-0.656,0.371,0.904,0.288,0.359,-0.349,0.795,0.464,0.091,0.788,-0.665,0.793,-0.02,0.633,0.576,-0.544,0.743,0.787,-0.284,0.892,0.174,-0.241,0.602,0.732,0.508,-0.018,-0.716,0.003,0.334,0.751,0.81,0.079,0.655,0.214,0.211,0.774,-0.709,0.288,0.888,0.596,0.484,0.537,0.493,0.292,-0.595,0.377,-0.303,-0.244,-0.551,0.348,0.039,0.923,-0.121,0.799,0.047,-0.191,0.049,-0.052,0.276,0.304,0.356,0.879,0.588,0.303,0.851,0.149
ARWR,-0.482,0.255,-0.284,-0.611,0.308,-0.113,-0.21,0.197,-0.515,0.271,0.137,-0.104,0.357,0.119,-0.528,0.093,-0.431,0.02,-0.039,0.299,-0.63,0.0,0.195,0.147,-0.448,0.268,0.409,0.532,0.204,-0.193,-0.052,-0.428,0.101,0.763,-0.04,-0.014,0.004,-0.241,-0.556,0.062,0.592,0.273,0.398,-0.506,-0.499,-0.136,-0.501,0.363,-0.378,0.265,-0.54,-0.023,-0.56,-0.507,-0.481,-0.36,0.088,0.2,-0.362,-0.179,-0.231,0.325,0.365,-0.445,0.045,-0.278,0.366,0.411,-0.179,-0.21,0.22,0.025,-0.116,-0.041,-0.467,-0.679,-0.498,-0.33,0.052,0.158,0.014,-0.477,0.151,-0.22,-0.634,-0.376,0.375,-0.234,0.291,-0.117,0.014,0.733,0.464,0.17,0.08,0.049,-0.446,0.055,-0.102,-0.254,-0.354,0.218,0.581,0.156,0.285,-0.386,0.149,0.587,-0.302,-0.15,0.457,0.246,0.207,-0.447,-0.159,-0.478,0.464,0.599,0.212,0.591,0.504,0.224,0.647,0.005,0.182,0.109,-0.136,-0.4,0.419,-0.493,-0.132,0.157,-0.23,-0.386,0.571,-0.024,-0.443,-0.171,0.066,0.503,-0.424,-0.617,0.042,-0.461,0.613,-0.507,0.338,-0.306,-0.206,0.48,-0.363,-0.43,0.553,-0.546,-0.072,0.325,-0.26,-0.404,-0.058,0.107,0.56,0.16,0.248,-0.516,-0.652,-0.069,-0.197,0.144,0.033,-0.406,0.637,0.017,-0.572,-0.105,-0.21,-0.123,-0.484,-0.131,0.634,0.12,0.546,0.705,0.454,0.221,0.3,-0.485,0.279,-0.401,0.217,0.443,-0.3,0.552,-0.113,-0.035,-0.43,-0.782,-0.338,-0.405,-0.508,0.3
ASND,-0.575,0.326,0.22,-0.538,0.631,0.295,0.037,0.621,0.075,-0.673,0.827,0.564,0.539,0.568,-0.22,-0.509,-0.413,0.623,0.754,0.787,-0.061,0.195,0.0,0.414,0.449,0.797,0.754,0.753,0.698,0.005,0.679,0.183,0.839,0.065,0.739,-0.086,0.369,0.555,0.453,0.417,0.651,0.817,0.84,-0.637,-0.177,0.737,0.194,0.565,-0.342,0.636,-0.565,-0.414,0.213,-0.65,0.079,-0.228,0.743,0.01,-0.2,0.589,-0.454,0.697,0.598,-0.368,0.404,0.319,0.803,0.313,-0.317,-0.635,0.847,0.661,0.725,-0.489,-0.524,-0.274,0.17,-0.713,0.682,0.754,0.258,-0.127,0.659,-0.618,-0.368,-0.404,0.865,-0.265,0.407,-0.642,0.691,0.365,0.741,0.782,0.762,-0.27,0.254,0.31,0.681,-0.603,-0.626,0.055,0.119,0.843,0.744,0.417,-0.134,0.1,-0.619,0.486,0.571,0.341,0.841,-0.579,-0.087,-0.317,0.681,0.73,0.659,0.509,0.77,0.305,0.633,0.21,0.836,0.378,-0.62,-0.6,0.774,-0.54,-0.016,0.691,0.401,-0.72,0.609,0.757,-0.244,0.687,0.276,0.81,0.03,-0.387,-0.639,-0.492,0.134,0.227,0.798,-0.449,-0.398,-0.281,-0.09,0.307,0.65,-0.144,0.657,0.754,0.537,-0.009,0.411,0.892,0.584,0.873,0.34,-0.534,-0.321,0.809,0.583,-0.536,-0.748,-0.065,0.632,0.793,0.251,-0.402,0.572,0.057,0.428,-0.748,0.599,0.472,0.801,0.265,-0.383,0.548,0.844,0.063,0.833,0.276,0.82,0.765,-0.317,0.461,0.756,-0.418,0.555,-0.208,-0.511,0.342,-0.38,0.15
ASTH,0.186,0.192,-0.025,0.002,0.073,0.678,0.387,0.672,-0.172,-0.013,0.2,0.374,0.799,0.633,0.529,0.312,-0.108,0.774,0.626,0.055,0.475,0.147,0.414,0.0,0.546,0.037,0.594,0.529,0.455,0.618,0.515,0.677,0.594,0.019,0.577,0.755,0.728,0.691,0.32,0.655,0.46,0.603,0.47,0.063,0.427,0.616,0.537,0.651,0.405,-0.035,0.144,0.508,0.046,-0.061,0.553,0.543,0.566,0.455,-0.051,0.204,0.286,0.732,0.666,0.159,0.803,0.478,0.171,0.833,-0.555,0.004,0.526,0.703,0.699,0.246,0.231,0.335,0.514,-0.027,0.307,0.538,0.566,0.067,0.642,-0.228,-0.088,0.384,0.202,0.366,0.036,-0.1,0.595,0.19,0.119,0.376,0.608,-0.172,0.448,0.691,0.763,0.077,0.075,0.189,0.462,0.543,0.338,0.566,-0.105,0.343,0.204,-0.024,0.585,0.485,0.255,0.067,0.601,0.333,0.593,0.106,0.595,0.533,0.264,0.048,0.35,0.832,0.64,0.193,-0.26,0.069,0.414,0.203,0.554,0.643,0.619,-0.169,0.125,0.716,0.498,0.409,0.589,0.4,0.467,-0.172,-0.334,0.312,-0.352,0.597,0.608,0.156,0.478,-0.099,0.53,0.65,0.422,0.562,0.568,0.182,0.642,0.64,0.768,0.41,-0.037,0.489,0.738,0.149,0.254,0.445,0.735,-0.028,0.009,0.662,0.035,0.64,0.568,0.286,0.664,0.577,0.408,-0.034,0.116,0.791,0.411,0.282,-0.505,0.815,0.676,0.644,0.465,0.756,0.435,0.386,-0.38,0.628,0.603,0.0,0.383,0.238,0.172,-0.119,0.363,0.37
ATSG,0.297,0.114,0.407,0.28,0.146,0.569,0.566,0.583,0.503,-0.369,0.309,0.637,0.366,0.44,0.553,-0.063,0.155,0.7,0.696,0.084,0.673,-0.448,0.449,0.546,0.0,0.157,0.327,0.228,0.416,0.542,0.613,0.836,0.579,-0.502,0.659,0.438,0.595,0.778,0.742,0.671,0.138,0.495,0.309,0.235,0.616,0.758,0.853,0.329,0.481,0.1,0.333,0.177,0.646,0.101,0.746,0.517,0.587,0.203,0.313,0.484,0.204,0.474,0.411,0.466,0.59,0.671,0.082,0.165,-0.259,-0.003,0.433,0.635,0.751,0.11,0.275,0.595,0.752,0.035,0.429,0.536,0.432,0.504,0.418,-0.097,0.407,0.353,0.154,0.457,0.122,-0.095,0.579,-0.285,-0.036,0.338,0.556,-0.052,0.719,0.533,0.771,0.161,0.139,-0.147,-0.179,0.453,0.16,0.743,-0.058,-0.212,0.137,0.44,0.177,0.319,0.229,0.197,0.516,0.469,0.201,-0.084,0.491,-0.042,0.189,0.185,-0.025,0.547,0.506,0.225,-0.145,0.135,0.11,0.334,0.533,0.515,0.759,0.032,-0.226,0.709,0.542,0.554,0.47,0.12,0.541,0.35,-0.322,0.356,-0.411,0.853,0.349,0.219,0.157,-0.593,0.383,0.803,0.064,0.677,0.544,0.187,0.738,0.621,0.688,0.446,-0.251,0.467,0.435,0.332,0.514,0.54,0.744,-0.148,-0.267,0.602,-0.173,0.633,0.805,0.095,0.607,0.558,0.744,-0.076,-0.155,0.586,0.128,-0.213,-0.647,0.465,0.48,0.762,0.388,0.852,0.291,0.163,0.066,0.132,0.724,-0.083,0.674,0.653,0.271,0.532,0.497,-0.018
AVTX,-0.829,0.427,0.318,-0.662,0.727,-0.098,-0.18,0.457,0.042,-0.699,0.911,0.544,0.202,0.227,-0.584,-0.772,-0.407,0.323,0.522,0.905,-0.434,0.268,0.797,0.037,0.157,0.0,0.479,0.642,0.563,-0.26,0.508,-0.234,0.682,0.181,0.521,-0.44,0.103,0.116,0.365,0.127,0.626,0.63,0.737,-0.813,-0.535,0.48,-0.101,0.395,-0.663,0.872,-0.779,-0.664,0.016,-0.772,-0.251,-0.604,0.481,-0.231,-0.144,0.73,-0.593,0.403,0.437,-0.493,0.072,0.101,0.764,0.037,0.049,-0.773,0.698,0.426,0.436,-0.751,-0.817,-0.506,-0.11,-0.844,0.507,0.517,0.171,-0.125,0.387,-0.615,-0.524,-0.762,0.923,-0.517,0.41,-0.621,0.486,0.281,0.891,0.792,0.575,-0.354,0.007,-0.088,0.289,-0.743,-0.843,-0.043,-0.124,0.65,0.696,0.235,-0.138,-0.012,-0.866,0.387,0.392,0.211,0.82,-0.785,-0.33,-0.6,0.535,0.773,0.388,0.346,0.765,0.261,0.682,-0.173,0.641,0.494,-0.525,-0.795,0.754,-0.793,-0.344,0.523,-0.03,-0.79,0.722,0.464,-0.628,0.498,-0.112,0.768,-0.26,-0.365,-0.678,-0.779,0.283,-0.064,0.621,-0.678,-0.612,-0.129,-0.345,-0.039,0.674,-0.486,0.558,0.763,0.244,-0.27,0.088,0.786,0.794,0.745,0.024,-0.762,-0.567,0.752,0.206,-0.631,-0.833,-0.394,0.8,0.567,-0.112,-0.685,0.328,-0.183,0.235,-0.822,0.72,0.192,0.701,0.117,-0.161,0.19,0.645,-0.31,0.752,-0.058,0.557,0.693,-0.183,0.211,0.587,-0.54,0.48,-0.455,-0.713,0.252,-0.688,-0.02
BCPC,-0.35,0.274,-0.09,-0.465,0.415,0.532,0.116,0.667,-0.072,-0.299,0.51,0.348,0.754,0.749,-0.051,-0.044,-0.363,0.678,0.675,0.492,0.029,0.409,0.754,0.594,0.327,0.479,0.0,0.772,0.687,0.253,0.563,0.3,0.757,0.361,0.699,0.305,0.551,0.608,0.103,0.622,0.748,0.857,0.804,-0.428,-0.023,0.601,0.2,0.698,-0.109,0.339,-0.39,-0.004,0.088,-0.531,0.138,0.045,0.709,0.294,-0.296,0.146,-0.178,0.879,0.701,-0.221,0.581,0.342,0.65,0.539,-0.576,-0.365,0.754,0.652,0.684,-0.072,-0.257,-0.28,0.14,-0.466,0.581,0.847,0.316,-0.223,0.644,-0.437,-0.357,-0.078,0.678,0.078,0.519,-0.439,0.612,0.706,0.532,0.518,0.663,-0.052,0.171,0.698,0.762,-0.294,-0.376,0.182,0.587,0.719,0.567,0.244,0.053,0.58,-0.296,0.324,0.771,0.582,0.616,-0.313,0.132,-0.083,0.743,0.734,0.757,0.743,0.79,0.415,0.619,0.448,0.773,0.228,-0.463,-0.401,0.651,-0.326,0.315,0.653,0.583,-0.491,0.473,0.773,0.008,0.453,0.484,0.777,0.208,-0.463,-0.387,-0.236,0.317,0.163,0.808,-0.141,-0.082,-0.136,0.037,0.394,0.594,-0.018,0.444,0.581,0.5,0.082,0.584,0.698,0.385,0.766,0.552,-0.351,-0.208,0.513,0.591,-0.129,-0.401,0.08,0.55,0.746,0.271,-0.039,0.485,0.322,0.146,-0.451,0.637,0.675,0.849,0.693,-0.129,0.758,0.808,0.135,0.736,0.311,0.781,0.777,-0.416,0.787,0.603,-0.084,0.225,-0.294,-0.268,0.093,-0.183,0.354
BEAM,-0.554,0.306,0.002,-0.667,0.72,0.239,0.147,0.803,-0.144,-0.414,0.743,0.526,0.656,0.618,-0.213,-0.339,-0.538,0.684,0.74,0.709,-0.184,0.532,0.753,0.529,0.228,0.642,0.772,0.0,0.825,0.177,0.743,0.112,0.815,0.421,0.718,0.115,0.569,0.425,0.21,0.464,0.884,0.854,0.876,-0.617,-0.244,0.608,0.115,0.792,-0.272,0.472,-0.596,-0.193,0.035,-0.686,0.065,-0.251,0.777,0.27,-0.383,0.41,-0.362,0.718,0.858,-0.307,0.387,0.281,0.75,0.537,-0.367,-0.581,0.859,0.697,0.665,-0.243,-0.5,-0.384,0.181,-0.707,0.633,0.774,0.275,-0.026,0.675,-0.68,-0.6,-0.395,0.777,-0.175,0.433,-0.543,0.767,0.515,0.703,0.772,0.726,-0.356,-0.017,0.392,0.541,-0.458,-0.599,0.186,0.347,0.836,0.635,0.427,-0.227,0.449,-0.544,0.382,0.742,0.489,0.716,-0.605,0.173,-0.342,0.854,0.796,0.813,0.728,0.755,0.318,0.898,0.339,0.845,0.483,-0.591,-0.66,0.787,-0.48,0.184,0.871,0.319,-0.66,0.6,0.69,-0.208,0.506,0.379,0.861,-0.076,-0.488,-0.561,-0.447,0.243,0.176,0.867,-0.534,-0.231,-0.034,-0.065,0.125,0.765,-0.12,0.645,0.612,0.525,-0.031,0.522,0.793,0.577,0.809,0.375,-0.575,-0.437,0.685,0.537,-0.384,-0.582,-0.007,0.659,0.771,0.036,-0.283,0.529,0.152,0.283,-0.568,0.774,0.704,0.882,0.424,-0.281,0.689,0.841,0.022,0.862,0.236,0.691,0.882,-0.438,0.702,0.695,-0.331,0.31,-0.374,-0.512,0.15,-0.386,0.104
BILI,-0.404,0.052,-0.044,-0.534,0.683,0.426,0.259,0.833,0.119,-0.592,0.737,0.51,0.655,0.776,0.033,-0.373,-0.471,0.737,0.812,0.672,0.073,0.204,0.698,0.455,0.416,0.563,0.687,0.825,0.0,0.333,0.872,0.337,0.86,0.168,0.919,0.113,0.628,0.627,0.441,0.435,0.757,0.843,0.835,-0.446,-0.084,0.785,0.356,0.662,-0.111,0.282,-0.448,-0.264,0.333,-0.603,0.345,-0.068,0.854,0.248,-0.337,0.396,-0.358,0.718,0.75,-0.136,0.427,0.373,0.77,0.369,-0.326,-0.642,0.891,0.699,0.81,-0.226,-0.295,-0.167,0.497,-0.674,0.858,0.84,0.176,0.123,0.789,-0.744,-0.467,-0.229,0.657,-0.056,0.367,-0.683,0.931,0.331,0.564,0.795,0.827,-0.46,0.152,0.508,0.615,-0.377,-0.535,0.176,0.204,0.872,0.616,0.605,-0.385,0.32,-0.462,0.672,0.774,0.363,0.708,-0.522,0.243,-0.155,0.835,0.714,0.837,0.682,0.657,0.507,0.742,0.426,0.874,0.272,-0.735,-0.59,0.724,-0.356,0.39,0.854,0.544,-0.567,0.356,0.817,-0.009,0.707,0.464,0.758,0.042,-0.281,-0.615,-0.327,0.045,0.375,0.868,-0.462,-0.216,-0.299,0.032,0.272,0.653,0.077,0.71,0.65,0.757,0.073,0.544,0.802,0.377,0.878,0.202,-0.442,-0.296,0.735,0.698,-0.418,-0.673,0.067,0.418,0.886,0.29,-0.263,0.678,0.223,0.466,-0.594,0.651,0.63,0.784,0.259,-0.529,0.75,0.818,0.22,0.889,0.364,0.751,0.904,-0.433,0.583,0.808,-0.333,0.342,-0.109,-0.486,0.49,-0.25,-0.011
BJRI,0.473,0.064,0.185,0.422,0.016,0.621,0.502,0.445,0.347,0.15,-0.067,0.205,0.506,0.444,0.665,0.403,0.144,0.589,0.323,-0.227,0.644,-0.193,0.005,0.618,0.542,-0.26,0.253,0.177,0.333,0.0,0.331,0.665,0.299,-0.047,0.433,0.686,0.62,0.568,0.262,0.669,0.289,0.286,0.019,0.46,0.652,0.429,0.684,0.534,0.587,-0.302,0.428,0.695,0.319,0.37,0.831,0.696,0.318,0.5,0.292,0.07,0.6,0.463,0.521,0.57,0.749,0.461,-0.113,0.513,-0.167,0.29,0.196,0.581,0.47,0.558,0.61,0.612,0.69,0.298,0.261,0.363,0.586,0.372,0.321,0.017,0.33,0.551,-0.155,0.671,-0.113,0.215,0.451,-0.133,-0.221,0.138,0.282,0.117,0.407,0.7,0.57,0.47,0.335,0.203,0.266,0.153,0.039,0.595,0.017,0.328,0.53,0.193,0.369,0.494,-0.025,0.434,0.76,0.647,0.231,-0.202,0.379,0.187,0.02,0.07,-0.014,0.722,0.275,0.155,0.059,0.274,-0.013,0.521,0.747,0.431,0.659,0.3,-0.321,0.448,0.764,0.18,0.394,0.034,0.631,0.371,-0.105,0.644,-0.448,0.684,0.207,0.421,0.563,-0.157,0.646,0.657,0.088,0.739,0.429,-0.205,0.6,0.828,0.683,0.074,-0.363,0.145,0.322,0.457,0.594,0.147,0.546,0.218,0.176,0.664,-0.25,0.422,0.539,0.387,0.407,0.795,0.28,0.351,-0.151,0.606,0.033,-0.009,-0.439,0.49,0.27,0.738,0.111,0.748,0.098,0.1,-0.122,0.299,0.367,0.415,0.235,0.447,0.485,0.146,0.608,0.213
BLUE,-0.209,0.029,0.057,-0.334,0.541,0.412,0.433,0.87,0.185,-0.681,0.737,0.698,0.546,0.692,0.225,-0.393,-0.308,0.818,0.927,0.548,0.27,-0.052,0.679,0.515,0.613,0.508,0.563,0.743,0.872,0.331,0.0,0.508,0.86,-0.106,0.894,0.196,0.726,0.693,0.658,0.501,0.568,0.79,0.739,-0.264,0.123,0.8,0.555,0.586,0.089,0.277,-0.229,-0.225,0.475,-0.444,0.464,0.031,0.904,0.258,-0.227,0.555,-0.238,0.584,0.725,0.036,0.384,0.597,0.598,0.299,-0.333,-0.527,0.832,0.728,0.863,-0.212,-0.199,0.067,0.646,-0.557,0.758,0.804,0.242,0.384,0.693,-0.625,-0.256,-0.115,0.548,0.052,0.389,-0.587,0.905,0.101,0.413,0.744,0.781,-0.474,0.335,0.454,0.682,-0.253,-0.369,-0.032,0.025,0.871,0.441,0.8,-0.364,0.12,-0.375,0.574,0.552,0.332,0.626,-0.366,0.37,-0.019,0.676,0.48,0.832,0.476,0.457,0.391,0.585,0.435,0.841,0.385,-0.625,-0.447,0.561,-0.131,0.404,0.878,0.6,-0.44,0.184,0.841,0.124,0.732,0.469,0.567,0.195,-0.131,-0.59,-0.157,-0.136,0.589,0.78,-0.372,-0.128,-0.478,0.199,0.427,0.469,0.293,0.728,0.533,0.835,0.184,0.654,0.795,0.17,0.834,0.307,-0.242,-0.057,0.805,0.809,-0.464,-0.648,0.287,0.206,0.883,0.497,-0.157,0.818,0.241,0.691,-0.547,0.427,0.727,0.599,0.039,-0.676,0.7,0.738,0.413,0.811,0.556,0.625,0.723,-0.246,0.47,0.892,-0.404,0.566,0.197,-0.338,0.53,-0.034,-0.118
