,AAL,AAON,ACB,ACGL,ACGLO,ACIW,ADBE,ADSK,AEP,AGIO,ALEC,ALNY,ALTR,AMBA,AMCX,AMKR,AMRX,ANSS,APPN,APTO,ARCT,ARWR,ASND,ASTH,ATSG,AVTX,BCPC,BEAM,BILI,BJRI,BLUE,BPOP,BRKL,BWIN,BZUN,CARG,CBRL,CBSH,CBUS,CENTA,CERS,CFFN,CHCO,CHEF,CHRD,CINF,CLLS,CMCO,CMCSA,COLL,COMM,COOP,CPB,CRON,CROX,CRUS,CRWD,CTAS,CYBR,CYTK,DGII,DIOD,DOMO,DPZ,DSGR,DXCM,ERIE,ESTA,EXEL,FAST,FCEL,FCFS,FHB,FITBI,FSV,FTDR,FUTU,GLDD,GLPG,GLPI,GOGO,GOSS,GSAT,GYRE,HALO,HAS,HLIT,HLNE,HSDT,HSIC,HTHT,ICHR,IDYA,IMVT,INDB,INSM,IONS,IOSP,ITRI,JBHT,JBLU,JSM,KLIC,KOD,KURA,LAB,LASR,LIN,LKQ,LNT,MBUU,MCRI,MDGL,MEDP,MGNI,MGPI,MGRC,MKTX,MRNA,MRTN,MSEX,MSFT,MU,NAVI,NBTB,NEO,NEOG,NGNE,NSSC,NTAP,NTES,NTLA,NTRS,NYMTN,OBLG,OCFC,ON,ONC,OPI,OSIS,OSW,PALI,PANW,PCAR,PCRX,PCTY,PEBO,PLAB,PLAY,PLMR,PLSE,PLUS,PRTA,PSEC,PSNL,PTCT,PTON,QNST,QRVO,QTTB,RARE,RBCAA,RGNX,SAIC,SGMO,SINT,SNPS,SPSC,SPTN,SSYS,STNE,TBBK,TCPC,TENB,TGTX,TREE,TRUP,TTWO,TW,TXG,UBSI,UCTT,UFPT,UMBF,UPBD,URBN,VBTX,VCTR,VEON,VNET,VRSK,VSEC,WABC,WTFCM,WVE,WW,WWD,XEL,ZD,ZYME
AAL,0.0,0.84,0.357,-0.918,0.631,0.854,-0.534,0.924,0.75,0.708,0.866,0.918,0.512,0.837,0.919,0.828,0.836,0.227,0.605,-0.068,0.547,0.199,0.937,0.618,0.556,-0.685,0.924,-0.186,-0.451,0.94,-0.525,0.946,0.949,0.864,0.394,0.71,0.599,0.969,0.423,0.961,0.659,0.886,0.888,0.892,0.238,0.531,0.454,0.883,0.776,0.874,0.832,0.969,0.871,-0.267,0.456,0.876,0.915,0.543,0.763,0.713,0.59,0.866,0.195,0.837,0.744,0.901,0.912,-0.143,0.863,0.92,0.76,-0.039,0.941,0.896,0.813,0.894,-0.572,0.837,0.936,0.848,-0.15,0.685,0.338,0.195,-0.161,0.918,0.195,0.93,0.809,0.954,-0.797,0.735,0.669,0.688,0.948,0.951,0.139,0.836,0.926,0.917,0.973,0.919,0.873,0.756,0.896,-0.813,0.434,-0.085,0.769,0.555,0.772,0.829,0.812,0.846,0.72,0.608,0.82,0.951,0.705,0.816,0.879,-0.664,0.606,0.975,0.934,0.453,0.868,0.102,0.942,0.526,-0.703,0.06,0.92,0.893,-0.38,0.95,0.929,-0.363,0.894,0.788,0.865,-0.094,0.821,0.943,0.786,0.75,0.854,0.724,0.94,0.04,0.579,0.896,0.908,0.745,-0.59,0.97,0.61,0.854,0.924,0.43,0.886,0.818,0.29,0.591,0.022,0.268,0.35,0.843,0.942,0.889,0.832,0.767,0.82,0.64,0.955,0.918,0.861,0.431,-0.9,0.905,0.932,0.844,0.806,0.922,0.923,0.685,0.949,0.92,-0.415,0.596,-0.363,0.492,0.972,0.869,-0.469,0.495,0.644,0.774,0.445,0.738
AAON,0.84,0.0,0.036,-0.922,0.853,0.949,-0.52,0.894,0.64,0.747,0.968,0.878,0.754,0.864,0.916,0.968,0.916,0.519,0.709,-0.396,0.878,0.586,0.917,0.872,0.842,-0.496,0.949,0.009,-0.364,0.863,-0.8,0.888,0.883,0.968,0.51,0.949,0.843,0.86,0.697,0.918,0.92,0.957,0.978,0.923,0.663,0.282,0.799,0.959,0.923,0.981,0.967,0.813,0.655,-0.556,0.147,0.955,0.817,0.694,0.863,0.791,0.848,0.98,0.42,0.792,0.971,0.806,0.913,-0.024,0.932,0.935,0.867,-0.455,0.94,0.687,0.611,0.878,-0.329,0.932,0.692,0.84,-0.483,0.247,0.723,0.572,-0.478,0.882,0.597,0.949,0.703,0.907,-0.546,0.968,0.89,0.389,0.922,0.803,0.086,0.987,0.919,0.917,0.857,0.874,0.915,0.582,0.934,-0.931,0.368,0.101,0.954,0.136,0.958,0.973,0.607,0.98,0.942,0.869,0.963,0.918,0.89,0.913,0.706,-0.336,0.871,0.87,0.955,0.76,0.957,0.357,0.902,0.252,-0.668,0.315,0.892,0.95,-0.09,0.945,0.934,-0.288,0.846,0.868,0.901,-0.342,0.663,0.936,0.944,0.839,0.969,0.959,0.938,-0.325,0.759,0.975,0.756,0.97,-0.287,0.834,0.51,0.64,0.936,0.413,0.935,0.97,-0.03,0.186,-0.406,0.222,0.466,0.83,0.754,0.957,0.879,0.834,0.658,0.912,0.884,0.966,0.849,0.55,-0.824,0.971,0.946,0.971,0.697,0.938,0.96,0.52,0.92,0.93,-0.487,0.608,-0.365,0.776,0.863,0.821,-0.44,0.814,0.445,0.63,0.776,0.544
ACB,0.357,0.036,0.0,-0.141,-0.124,0.015,-0.267,0.108,0.154,0.117,-0.003,0.155,-0.187,-0.001,0.206,-0.078,0.2,-0.267,0.079,0.387,-0.252,-0.282,0.145,-0.118,-0.19,-0.227,0.115,-0.119,-0.061,0.401,0.203,0.267,0.273,0.026,-0.05,-0.164,-0.038,0.358,-0.161,0.267,-0.161,0.106,0.098,0.159,-0.367,0.349,-0.31,0.114,0.014,0.034,-0.004,0.297,0.338,0.653,0.212,0.068,0.149,-0.108,0.033,0.014,-0.05,0.062,-0.293,0.144,-0.058,0.163,0.11,-0.16,0.042,0.132,0.077,0.497,0.154,0.361,0.436,0.142,-0.359,0.165,0.484,0.113,0.609,0.679,-0.335,-0.506,0.335,0.23,-0.4,0.114,0.302,0.247,-0.37,-0.105,-0.169,0.218,0.207,0.334,0.076,0.019,0.225,0.117,0.293,0.162,0.047,0.585,0.121,-0.023,0.04,-0.455,0.033,0.524,-0.003,0.02,0.358,0.038,-0.053,-0.16,-0.066,0.167,0.033,0.142,0.443,-0.641,-0.231,0.276,0.205,-0.139,0.103,-0.151,0.197,0.248,-0.327,-0.16,0.159,0.1,-0.488,0.194,0.107,-0.382,0.274,0.001,0.108,0.591,0.069,0.175,-0.024,-0.057,0.077,-0.156,0.177,0.595,-0.025,0.061,0.404,-0.056,-0.188,0.316,0.345,0.33,0.103,0.336,0.067,0.032,0.454,0.735,0.606,0.411,-0.384,0.334,0.458,0.125,0.092,0.082,0.28,-0.215,0.241,0.095,0.186,-0.251,-0.27,0.101,0.196,0.034,0.279,0.178,0.187,0.142,0.257,0.189,0.019,0.165,-0.313,-0.061,0.31,0.13,-0.003,-0.23,0.347,0.269,-0.193,0.327
ACGL,-0.918,-0.922,-0.141,0.0,-0.83,-0.934,0.604,-0.956,-0.706,-0.812,-0.948,-0.934,-0.634,-0.868,-0.943,-0.918,-0.905,-0.374,-0.708,0.169,-0.758,-0.4,-0.966,-0.764,-0.743,0.598,-0.956,0.043,0.546,-0.908,0.66,-0.944,-0.926,-0.917,-0.406,-0.872,-0.697,-0.922,-0.634,-0.937,-0.853,-0.966,-0.94,-0.905,-0.507,-0.27,-0.708,-0.936,-0.848,-0.935,-0.903,-0.884,-0.702,0.431,-0.364,-0.921,-0.924,-0.575,-0.865,-0.772,-0.711,-0.932,-0.383,-0.867,-0.868,-0.87,-0.889,0.053,-0.889,-0.906,-0.866,0.373,-0.965,-0.82,-0.698,-0.856,0.528,-0.897,-0.78,-0.897,0.356,-0.411,-0.593,-0.489,0.453,-0.926,-0.458,-0.959,-0.7,-0.9,0.737,-0.878,-0.801,-0.558,-0.949,-0.895,-0.105,-0.938,-0.931,-0.933,-0.927,-0.934,-0.91,-0.691,-0.952,0.882,-0.413,0.076,-0.857,-0.296,-0.902,-0.897,-0.735,-0.919,-0.86,-0.717,-0.908,-0.96,-0.834,-0.889,-0.751,0.506,-0.743,-0.924,-0.959,-0.584,-0.954,-0.287,-0.949,-0.507,0.698,-0.238,-0.941,-0.967,0.279,-0.964,-0.952,0.308,-0.929,-0.865,-0.902,0.206,-0.781,-0.932,-0.909,-0.861,-0.941,-0.871,-0.956,0.255,-0.725,-0.945,-0.862,-0.852,0.461,-0.934,-0.644,-0.759,-0.942,-0.373,-0.935,-0.917,-0.118,-0.346,0.198,-0.183,-0.39,-0.806,-0.835,-0.934,-0.912,-0.846,-0.692,-0.823,-0.947,-0.972,-0.851,-0.493,0.89,-0.959,-0.948,-0.935,-0.744,-0.952,-0.962,-0.659,-0.95,-0.933,0.451,-0.641,0.49,-0.562,-0.938,-0.864,0.439,-0.719,-0.497,-0.671,-0.625,-0.717
ACGLO,0.631,0.853,-0.124,-0.83,0.0,0.853,-0.539,0.804,0.513,0.753,0.846,0.754,0.809,0.755,0.726,0.848,0.802,0.68,0.738,-0.348,0.875,0.635,0.778,0.837,0.849,-0.273,0.808,0.231,-0.504,0.681,-0.74,0.748,0.732,0.832,0.334,0.9,0.706,0.676,0.789,0.729,0.922,0.873,0.84,0.776,0.77,0.035,0.848,0.834,0.759,0.829,0.868,0.605,0.352,-0.503,0.104,0.815,0.699,0.717,0.819,0.817,0.799,0.854,0.603,0.733,0.855,0.675,0.684,0.211,0.77,0.714,0.852,-0.603,0.791,0.508,0.383,0.636,-0.284,0.85,0.45,0.781,-0.491,0.002,0.854,0.77,-0.665,0.741,0.769,0.795,0.464,0.674,-0.381,0.915,0.798,0.332,0.781,0.666,0.108,0.876,0.781,0.786,0.673,0.753,0.803,0.464,0.816,-0.753,0.386,0.05,0.823,-0.006,0.899,0.819,0.47,0.849,0.89,0.762,0.842,0.764,0.913,0.86,0.439,-0.137,0.867,0.698,0.81,0.795,0.872,0.494,0.769,0.322,-0.643,0.495,0.756,0.863,-0.021,0.789,0.784,-0.163,0.77,0.788,0.812,-0.289,0.534,0.736,0.908,0.823,0.872,0.891,0.791,-0.491,0.789,0.825,0.63,0.842,-0.145,0.692,0.565,0.477,0.771,0.315,0.797,0.878,-0.144,-0.028,-0.411,0.06,0.366,0.615,0.521,0.8,0.816,0.759,0.42,0.904,0.684,0.826,0.718,0.582,-0.63,0.838,0.799,0.899,0.486,0.802,0.813,0.449,0.771,0.751,-0.307,0.437,-0.389,0.673,0.686,0.709,-0.262,0.907,0.263,0.472,0.778,0.552
ACIW,0.854,0.949,0.015,-0.934,0.853,0.0,-0.516,0.943,0.758,0.797,0.975,0.909,0.73,0.902,0.922,0.972,0.88,0.467,0.729,-0.348,0.84,0.529,0.941,0.872,0.81,-0.533,0.945,0.04,-0.474,0.836,-0.764,0.935,0.926,0.949,0.397,0.949,0.787,0.886,0.707,0.917,0.906,0.973,0.967,0.937,0.634,0.363,0.781,0.966,0.92,0.959,0.96,0.866,0.666,-0.539,0.339,0.941,0.88,0.678,0.877,0.779,0.787,0.955,0.511,0.862,0.922,0.869,0.904,0.042,0.944,0.897,0.893,-0.389,0.964,0.77,0.631,0.902,-0.398,0.938,0.729,0.897,-0.423,0.286,0.672,0.587,-0.406,0.924,0.562,0.959,0.704,0.885,-0.607,0.935,0.871,0.542,0.947,0.842,0.125,0.958,0.936,0.934,0.872,0.903,0.939,0.565,0.927,-0.873,0.505,0.112,0.921,0.272,0.929,0.963,0.629,0.959,0.941,0.878,0.974,0.913,0.868,0.891,0.743,-0.351,0.843,0.896,0.956,0.722,0.938,0.275,0.937,0.408,-0.648,0.353,0.937,0.95,-0.149,0.957,0.953,-0.19,0.882,0.923,0.895,-0.318,0.787,0.922,0.952,0.91,0.955,0.941,0.941,-0.241,0.786,0.966,0.77,0.92,-0.363,0.868,0.61,0.694,0.946,0.335,0.952,0.957,0.035,0.255,-0.329,0.16,0.532,0.826,0.764,0.949,0.916,0.883,0.713,0.887,0.885,0.971,0.901,0.62,-0.82,0.973,0.959,0.955,0.732,0.957,0.952,0.676,0.939,0.93,-0.538,0.572,-0.261,0.72,0.9,0.863,-0.403,0.797,0.513,0.72,0.743,0.623
ADBE,-0.534,-0.52,-0.267,0.604,-0.539,-0.516,0.0,-0.562,-0.545,-0.74,-0.551,-0.668,-0.272,-0.472,-0.601,-0.489,-0.488,-0.091,-0.667,0.2,-0.458,-0.203,-0.6,-0.619,-0.626,0.051,-0.481,-0.463,0.442,-0.542,0.074,-0.624,-0.617,-0.49,-0.261,-0.488,-0.416,-0.602,-0.63,-0.491,-0.522,-0.625,-0.554,-0.423,-0.457,-0.131,-0.339,-0.631,-0.546,-0.48,-0.532,-0.486,-0.254,-0.085,-0.322,-0.486,-0.497,-0.183,-0.473,-0.405,-0.435,-0.472,-0.477,-0.534,-0.451,-0.565,-0.37,-0.453,-0.519,-0.37,-0.681,0.306,-0.581,-0.442,-0.237,-0.331,0.197,-0.628,-0.501,-0.644,-0.218,-0.274,-0.388,-0.143,0.246,-0.624,-0.269,-0.497,-0.212,-0.488,0.332,-0.512,-0.564,-0.329,-0.582,-0.535,-0.451,-0.55,-0.657,-0.602,-0.432,-0.542,-0.501,-0.657,-0.55,0.325,-0.303,0.379,-0.508,-0.258,-0.585,-0.504,-0.683,-0.509,-0.544,-0.391,-0.526,-0.529,-0.615,-0.606,-0.59,0.593,-0.322,-0.511,-0.577,-0.441,-0.602,-0.127,-0.614,-0.334,0.493,-0.551,-0.643,-0.571,0.106,-0.578,-0.517,-0.15,-0.65,-0.667,-0.417,-0.197,-0.296,-0.422,-0.577,-0.638,-0.62,-0.533,-0.501,0.038,-0.367,-0.473,-0.696,-0.491,-0.129,-0.568,-0.771,-0.416,-0.452,-0.287,-0.575,-0.566,-0.489,-0.327,-0.053,-0.049,0.166,-0.422,-0.581,-0.522,-0.672,-0.644,-0.314,-0.439,-0.602,-0.543,-0.59,-0.419,0.498,-0.546,-0.595,-0.528,-0.385,-0.65,-0.533,-0.27,-0.629,-0.564,0.22,-0.162,0.472,-0.3,-0.57,-0.616,-0.108,-0.37,-0.528,-0.518,-0.519,-0.339
ADSK,0.924,0.894,0.108,-0.956,0.804,0.943,-0.562,0.0,0.768,0.792,0.943,0.948,0.675,0.935,0.919,0.923,0.876,0.394,0.717,-0.155,0.707,0.299,0.977,0.766,0.74,-0.634,0.936,-0.082,-0.613,0.857,-0.663,0.965,0.956,0.901,0.397,0.857,0.625,0.915,0.612,0.933,0.816,0.955,0.936,0.92,0.498,0.432,0.653,0.941,0.858,0.919,0.918,0.925,0.711,-0.408,0.472,0.904,0.965,0.644,0.86,0.796,0.655,0.914,0.467,0.881,0.836,0.906,0.915,0.05,0.927,0.888,0.892,-0.255,0.976,0.833,0.666,0.859,-0.528,0.899,0.803,0.938,-0.313,0.449,0.558,0.474,-0.38,0.948,0.454,0.961,0.729,0.896,-0.711,0.859,0.811,0.696,0.968,0.92,0.205,0.905,0.942,0.971,0.919,0.951,0.962,0.598,0.916,-0.832,0.5,0.032,0.836,0.392,0.871,0.898,0.725,0.901,0.838,0.726,0.925,0.942,0.806,0.879,0.761,-0.511,0.764,0.957,0.948,0.599,0.92,0.192,0.972,0.598,-0.696,0.212,0.963,0.948,-0.266,0.965,0.968,-0.228,0.924,0.892,0.906,-0.198,0.878,0.933,0.904,0.916,0.929,0.856,0.952,-0.19,0.714,0.939,0.838,0.83,-0.533,0.942,0.669,0.838,0.955,0.336,0.927,0.908,0.14,0.388,-0.116,0.103,0.46,0.794,0.825,0.917,0.923,0.844,0.752,0.79,0.908,0.96,0.882,0.589,-0.837,0.952,0.947,0.926,0.726,0.953,0.935,0.768,0.952,0.933,-0.462,0.502,-0.294,0.583,0.953,0.916,-0.423,0.694,0.617,0.727,0.612,0.726
AEP,0.75,0.64,0.154,-0.706,0.513,0.758,-0.545,0.768,0.0,0.675,0.757,0.814,0.403,0.791,0.785,0.734,0.5,0.123,0.451,-0.178,0.46,0.297,0.753,0.642,0.516,-0.295,0.705,0.148,-0.271,0.643,-0.303,0.792,0.823,0.673,0.418,0.638,0.576,0.798,0.407,0.699,0.573,0.723,0.689,0.708,0.309,0.601,0.364,0.762,0.769,0.679,0.71,0.822,0.738,-0.297,0.682,0.734,0.735,0.379,0.47,0.457,0.557,0.684,0.404,0.65,0.548,0.838,0.661,0.243,0.752,0.643,0.707,-0.063,0.783,0.709,0.54,0.706,-0.22,0.726,0.749,0.692,-0.029,0.482,0.214,0.182,0.121,0.773,0.115,0.74,0.638,0.725,-0.556,0.594,0.648,0.704,0.801,0.681,0.177,0.644,0.777,0.778,0.726,0.667,0.75,0.556,0.654,-0.533,0.71,0.02,0.604,0.641,0.582,0.725,0.625,0.672,0.634,0.628,0.738,0.716,0.559,0.546,0.83,-0.446,0.531,0.764,0.731,0.407,0.63,-0.044,0.758,0.406,-0.362,0.393,0.831,0.662,0.024,0.769,0.801,0.178,0.686,0.852,0.541,-0.2,0.773,0.689,0.619,0.785,0.671,0.665,0.702,0.125,0.345,0.673,0.778,0.623,-0.362,0.748,0.629,0.616,0.762,0.208,0.748,0.647,0.549,0.357,-0.023,0.109,0.469,0.528,0.73,0.688,0.667,0.791,0.834,0.471,0.764,0.738,0.878,0.679,-0.754,0.721,0.779,0.627,0.795,0.809,0.677,0.668,0.777,0.731,-0.579,0.397,0.012,0.372,0.779,0.685,-0.397,0.373,0.611,0.892,0.533,0.414
AGIO,0.708,0.747,0.117,-0.812,0.753,0.797,-0.74,0.792,0.675,0.0,0.785,0.877,0.543,0.676,0.781,0.75,0.737,0.336,0.816,-0.237,0.729,0.413,0.823,0.827,0.796,-0.32,0.74,0.414,-0.573,0.732,-0.391,0.832,0.815,0.72,0.234,0.77,0.615,0.772,0.81,0.719,0.794,0.853,0.788,0.7,0.6,0.166,0.633,0.844,0.746,0.721,0.752,0.7,0.412,-0.188,0.337,0.698,0.731,0.408,0.796,0.602,0.605,0.726,0.607,0.798,0.72,0.778,0.644,0.278,0.77,0.628,0.812,-0.419,0.808,0.651,0.513,0.662,-0.431,0.827,0.604,0.866,-0.099,0.222,0.597,0.41,-0.369,0.854,0.476,0.75,0.431,0.669,-0.467,0.757,0.764,0.483,0.792,0.748,0.476,0.798,0.816,0.787,0.675,0.776,0.747,0.671,0.824,-0.571,0.3,-0.168,0.763,0.277,0.824,0.768,0.739,0.766,0.784,0.66,0.78,0.725,0.794,0.811,0.685,-0.454,0.581,0.698,0.788,0.602,0.82,0.353,0.788,0.504,-0.632,0.607,0.825,0.809,-0.213,0.799,0.747,0.057,0.84,0.845,0.689,0.004,0.578,0.67,0.825,0.859,0.832,0.764,0.736,-0.187,0.684,0.74,0.765,0.729,-0.127,0.728,0.82,0.582,0.698,0.426,0.836,0.794,0.287,0.32,-0.132,0.16,0.133,0.707,0.684,0.772,0.89,0.868,0.461,0.697,0.782,0.791,0.754,0.495,-0.623,0.799,0.799,0.78,0.565,0.837,0.788,0.564,0.826,0.769,-0.447,0.37,-0.425,0.541,0.77,0.784,-0.061,0.657,0.544,0.657,0.677,0.631
ALEC,0.866,0.968,-0.003,-0.948,0.846,0.975,-0.551,0.943,0.757,0.785,0.0,0.927,0.721,0.928,0.947,0.99,0.875,0.455,0.697,-0.326,0.836,0.537,0.948,0.865,0.828,-0.519,0.952,0.003,-0.423,0.841,-0.742,0.921,0.92,0.955,0.516,0.952,0.797,0.886,0.674,0.91,0.915,0.965,0.963,0.931,0.633,0.343,0.767,0.964,0.94,0.976,0.965,0.864,0.695,-0.583,0.328,0.962,0.888,0.645,0.836,0.759,0.805,0.97,0.47,0.812,0.926,0.883,0.915,0.037,0.95,0.915,0.887,-0.424,0.97,0.745,0.613,0.889,-0.339,0.924,0.721,0.869,-0.457,0.288,0.656,0.561,-0.406,0.915,0.533,0.969,0.72,0.901,-0.609,0.945,0.909,0.536,0.949,0.831,0.116,0.964,0.929,0.946,0.882,0.887,0.954,0.574,0.93,-0.907,0.48,0.12,0.911,0.225,0.924,0.967,0.642,0.962,0.922,0.861,0.98,0.934,0.866,0.869,0.742,-0.359,0.856,0.901,0.952,0.699,0.936,0.286,0.934,0.365,-0.614,0.336,0.949,0.947,-0.075,0.962,0.974,-0.167,0.859,0.931,0.874,-0.365,0.783,0.934,0.93,0.906,0.956,0.955,0.943,-0.295,0.716,0.968,0.789,0.938,-0.38,0.872,0.566,0.703,0.967,0.349,0.958,0.947,0.071,0.205,-0.35,0.154,0.55,0.784,0.763,0.949,0.896,0.879,0.73,0.881,0.913,0.98,0.898,0.622,-0.859,0.975,0.957,0.953,0.767,0.963,0.948,0.628,0.934,0.945,-0.552,0.595,-0.299,0.689,0.896,0.843,-0.472,0.768,0.496,0.694,0.755,0.564
ALNY,0.918,0.878,0.155,-0.934,0.754,0.909,-0.668,0.948,0.814,0.877,0.927,0.0,0.632,0.881,0.927,0.899,0.835,0.358,0.747,-0.216,0.699,0.337,0.967,0.799,0.754,-0.546,0.918,0.067,-0.544,0.871,-0.535,0.953,0.955,0.888,0.429,0.832,0.662,0.93,0.655,0.906,0.803,0.94,0.916,0.866,0.491,0.426,0.596,0.945,0.866,0.892,0.887,0.907,0.732,-0.338,0.436,0.88,0.917,0.564,0.821,0.729,0.674,0.879,0.459,0.863,0.81,0.938,0.881,0.083,0.928,0.864,0.87,-0.269,0.96,0.82,0.693,0.857,-0.494,0.892,0.826,0.927,-0.224,0.458,0.516,0.352,-0.275,0.951,0.371,0.938,0.719,0.89,-0.671,0.831,0.828,0.672,0.95,0.911,0.328,0.894,0.945,0.947,0.888,0.922,0.914,0.701,0.934,-0.777,0.439,-0.039,0.831,0.447,0.855,0.886,0.823,0.891,0.816,0.715,0.909,0.931,0.807,0.855,0.832,-0.56,0.701,0.913,0.93,0.572,0.909,0.246,0.953,0.53,-0.699,0.333,0.969,0.924,-0.227,0.952,0.936,-0.105,0.895,0.928,0.845,-0.138,0.804,0.896,0.873,0.896,0.915,0.844,0.916,-0.123,0.655,0.904,0.888,0.826,-0.43,0.917,0.704,0.799,0.912,0.415,0.944,0.881,0.291,0.422,-0.11,0.199,0.357,0.799,0.856,0.9,0.926,0.874,0.719,0.756,0.946,0.942,0.878,0.584,-0.825,0.931,0.936,0.89,0.782,0.96,0.918,0.675,0.955,0.925,-0.512,0.508,-0.325,0.564,0.94,0.903,-0.351,0.625,0.649,0.809,0.63,0.683
ALTR,0.512,0.754,-0.187,-0.634,0.809,0.73,-0.272,0.675,0.403,0.543,0.721,0.632,0.0,0.695,0.533,0.766,0.705,0.894,0.586,-0.424,0.747,0.544,0.65,0.742,0.726,-0.295,0.705,0.093,-0.368,0.54,-0.755,0.59,0.604,0.772,0.333,0.784,0.617,0.511,0.62,0.641,0.742,0.706,0.747,0.696,0.675,0.166,0.702,0.715,0.684,0.739,0.794,0.513,0.363,-0.502,-0.101,0.724,0.568,0.855,0.697,0.815,0.738,0.763,0.503,0.592,0.78,0.55,0.679,0.101,0.729,0.672,0.711,-0.455,0.657,0.364,0.285,0.6,-0.19,0.724,0.39,0.631,-0.573,-0.056,0.788,0.689,-0.539,0.589,0.714,0.698,0.574,0.611,-0.209,0.826,0.71,0.309,0.657,0.572,0.144,0.755,0.649,0.692,0.554,0.627,0.741,0.272,0.706,-0.674,0.332,0.325,0.741,-0.018,0.757,0.748,0.347,0.771,0.747,0.718,0.766,0.639,0.781,0.754,0.314,0.029,0.88,0.592,0.683,0.783,0.715,0.463,0.66,0.155,-0.675,0.329,0.596,0.702,0.069,0.663,0.672,-0.183,0.536,0.679,0.758,-0.413,0.457,0.68,0.776,0.67,0.733,0.789,0.688,-0.44,0.691,0.742,0.449,0.782,-0.212,0.534,0.255,0.405,0.693,0.282,0.68,0.762,-0.298,-0.092,-0.405,0.156,0.401,0.546,0.396,0.678,0.653,0.543,0.391,0.819,0.512,0.694,0.574,0.614,-0.463,0.718,0.662,0.811,0.392,0.648,0.674,0.325,0.634,0.621,-0.229,0.224,-0.05,0.719,0.545,0.614,-0.28,0.809,0.229,0.434,0.694,0.435
AMBA,0.837,0.864,-0.001,-0.868,0.755,0.902,-0.472,0.935,0.791,0.676,0.928,0.881,0.695,0.0,0.867,0.926,0.771,0.4,0.607,-0.218,0.674,0.346,0.899,0.753,0.727,-0.557,0.874,-0.092,-0.456,0.742,-0.67,0.876,0.882,0.86,0.511,0.854,0.63,0.823,0.514,0.85,0.795,0.877,0.876,0.894,0.521,0.481,0.63,0.884,0.876,0.882,0.908,0.863,0.702,-0.517,0.492,0.905,0.902,0.622,0.733,0.721,0.687,0.89,0.471,0.75,0.801,0.864,0.876,0.117,0.894,0.843,0.843,-0.265,0.916,0.724,0.544,0.824,-0.303,0.834,0.711,0.825,-0.383,0.361,0.522,0.482,-0.314,0.852,0.431,0.914,0.743,0.841,-0.605,0.837,0.822,0.666,0.912,0.8,0.147,0.851,0.871,0.938,0.837,0.84,0.96,0.435,0.822,-0.804,0.572,0.245,0.791,0.328,0.798,0.883,0.595,0.849,0.802,0.755,0.907,0.876,0.759,0.775,0.695,-0.385,0.804,0.897,0.874,0.608,0.824,0.116,0.904,0.47,-0.539,0.222,0.922,0.855,-0.02,0.901,0.951,-0.101,0.805,0.897,0.81,-0.336,0.847,0.893,0.82,0.891,0.86,0.852,0.889,-0.228,0.594,0.887,0.736,0.82,-0.516,0.843,0.544,0.765,0.936,0.201,0.866,0.847,0.114,0.228,-0.193,0.082,0.602,0.665,0.711,0.852,0.817,0.806,0.787,0.763,0.829,0.9,0.87,0.665,-0.791,0.895,0.885,0.87,0.739,0.897,0.854,0.729,0.864,0.896,-0.539,0.452,-0.122,0.561,0.865,0.83,-0.494,0.652,0.571,0.694,0.651,0.541
AMCX,0.919,0.916,0.206,-0.943,0.726,0.922,-0.601,0.919,0.785,0.781,0.947,0.927,0.533,0.867,0.0,0.913,0.866,0.257,0.658,-0.183,0.727,0.427,0.938,0.777,0.736,-0.559,0.925,-0.04,-0.394,0.905,-0.607,0.946,0.943,0.889,0.523,0.849,0.757,0.935,0.59,0.918,0.828,0.935,0.922,0.894,0.496,0.387,0.639,0.939,0.893,0.929,0.891,0.904,0.761,-0.416,0.422,0.92,0.889,0.492,0.784,0.659,0.722,0.918,0.355,0.803,0.848,0.891,0.884,-0.022,0.899,0.896,0.85,-0.288,0.964,0.802,0.715,0.883,-0.41,0.894,0.809,0.845,-0.266,0.463,0.494,0.369,-0.262,0.936,0.348,0.941,0.717,0.919,-0.723,0.847,0.825,0.549,0.946,0.862,0.113,0.914,0.919,0.922,0.912,0.876,0.898,0.704,0.908,-0.871,0.451,-0.06,0.855,0.342,0.866,0.918,0.706,0.905,0.839,0.764,0.905,0.931,0.789,0.821,0.835,-0.529,0.706,0.925,0.946,0.568,0.902,0.219,0.926,0.414,-0.604,0.27,0.957,0.913,-0.207,0.959,0.957,-0.222,0.891,0.876,0.822,-0.23,0.778,0.92,0.856,0.847,0.916,0.859,0.931,-0.153,0.629,0.925,0.87,0.863,-0.4,0.914,0.643,0.749,0.943,0.416,0.927,0.887,0.254,0.379,-0.184,0.241,0.441,0.813,0.858,0.938,0.87,0.874,0.774,0.759,0.962,0.962,0.892,0.484,-0.912,0.942,0.952,0.885,0.824,0.963,0.943,0.658,0.954,0.948,-0.567,0.642,-0.419,0.589,0.94,0.816,-0.479,0.626,0.543,0.713,0.648,0.594
AMKR,0.828,0.968,-0.078,-0.918,0.848,0.972,-0.489,0.923,0.734,0.75,0.99,0.899,0.766,0.926,0.913,0.0,0.859,0.51,0.68,-0.393,0.857,0.583,0.924,0.882,0.84,-0.487,0.936,0.006,-0.387,0.8,-0.778,0.889,0.89,0.961,0.515,0.967,0.822,0.846,0.683,0.89,0.921,0.95,0.957,0.924,0.667,0.333,0.785,0.956,0.944,0.972,0.975,0.834,0.671,-0.638,0.275,0.962,0.858,0.691,0.83,0.769,0.821,0.969,0.486,0.785,0.937,0.859,0.914,0.043,0.951,0.911,0.884,-0.452,0.948,0.706,0.557,0.885,-0.285,0.915,0.681,0.848,-0.518,0.223,0.695,0.602,-0.426,0.888,0.575,0.953,0.717,0.885,-0.554,0.958,0.925,0.507,0.925,0.795,0.108,0.961,0.907,0.934,0.847,0.861,0.95,0.508,0.911,-0.908,0.485,0.194,0.914,0.174,0.922,0.973,0.593,0.963,0.928,0.898,0.986,0.909,0.855,0.859,0.702,-0.291,0.896,0.875,0.933,0.738,0.921,0.288,0.91,0.308,-0.597,0.343,0.921,0.932,-0.014,0.94,0.96,-0.153,0.817,0.925,0.867,-0.43,0.756,0.923,0.932,0.897,0.949,0.97,0.923,-0.334,0.715,0.964,0.74,0.951,-0.353,0.831,0.513,0.655,0.957,0.313,0.948,0.949,0.004,0.146,-0.418,0.13,0.598,0.763,0.717,0.935,0.874,0.854,0.707,0.9,0.876,0.964,0.884,0.655,-0.826,0.962,0.937,0.954,0.735,0.941,0.928,0.6,0.906,0.923,-0.564,0.558,-0.229,0.725,0.859,0.824,-0.471,0.789,0.469,0.671,0.777,0.515
AMRX,0.836,0.916,0.2,-0.905,0.802,0.88,-0.488,0.876,0.5,0.737,0.875,0.835,0.705,0.771,0.866,0.859,0.0,0.509,0.769,-0.179,0.781,0.396,0.893,0.755,0.774,-0.62,0.903,-0.089,-0.543,0.894,-0.747,0.882,0.862,0.884,0.387,0.847,0.694,0.833,0.677,0.905,0.838,0.916,0.929,0.858,0.581,0.208,0.739,0.902,0.802,0.911,0.878,0.779,0.574,-0.338,0.105,0.858,0.823,0.662,0.912,0.814,0.716,0.909,0.403,0.826,0.912,0.751,0.871,-0.134,0.844,0.885,0.837,-0.371,0.899,0.692,0.684,0.821,-0.537,0.87,0.685,0.854,-0.371,0.303,0.687,0.522,-0.536,0.889,0.567,0.904,0.655,0.863,-0.628,0.889,0.759,0.38,0.881,0.857,0.17,0.932,0.867,0.869,0.847,0.886,0.85,0.62,0.918,-0.888,0.224,-0.013,0.899,0.152,0.929,0.877,0.618,0.914,0.848,0.719,0.867,0.883,0.863,0.924,0.629,-0.44,0.762,0.854,0.924,0.652,0.939,0.416,0.891,0.417,-0.803,0.182,0.844,0.927,-0.363,0.91,0.865,-0.473,0.874,0.747,0.926,-0.157,0.64,0.902,0.9,0.773,0.931,0.833,0.925,-0.317,0.791,0.931,0.753,0.872,-0.376,0.837,0.562,0.714,0.876,0.478,0.855,0.917,-0.091,0.318,-0.215,0.244,0.272,0.877,0.76,0.937,0.886,0.737,0.541,0.85,0.843,0.924,0.731,0.33,-0.747,0.925,0.894,0.939,0.591,0.882,0.942,0.572,0.907,0.889,-0.358,0.567,-0.502,0.721,0.868,0.812,-0.354,0.786,0.415,0.548,0.637,0.693
ANSS,0.227,0.519,-0.267,-0.374,0.68,0.467,-0.091,0.394,0.123,0.336,0.455,0.358,0.894,0.4,0.257,0.51,0.509,0.0,0.422,-0.37,0.628,0.557,0.367,0.548,0.568,-0.044,0.462,0.168,-0.243,0.313,-0.628,0.302,0.321,0.535,0.229,0.576,0.479,0.23,0.521,0.372,0.572,0.451,0.498,0.417,0.622,-0.047,0.579,0.463,0.434,0.497,0.567,0.213,0.111,-0.406,-0.362,0.47,0.263,0.791,0.495,0.715,0.634,0.534,0.426,0.379,0.588,0.297,0.407,0.087,0.469,0.428,0.473,-0.444,0.375,0.071,0.101,0.331,-0.066,0.515,0.117,0.363,-0.573,-0.27,0.766,0.664,-0.531,0.319,0.725,0.432,0.326,0.36,0.03,0.639,0.486,0.043,0.379,0.322,0.109,0.531,0.369,0.405,0.297,0.361,0.471,0.12,0.48,-0.448,0.168,0.286,0.538,-0.184,0.566,0.506,0.091,0.554,0.543,0.508,0.516,0.38,0.637,0.549,0.016,0.248,0.734,0.303,0.423,0.694,0.502,0.593,0.368,-0.048,-0.589,0.341,0.292,0.466,0.159,0.387,0.392,-0.175,0.277,0.398,0.558,-0.388,0.165,0.409,0.553,0.412,0.495,0.581,0.437,-0.524,0.575,0.496,0.218,0.587,-0.038,0.264,0.058,0.126,0.42,0.315,0.411,0.53,-0.423,-0.298,-0.437,0.155,0.245,0.299,0.124,0.45,0.405,0.263,0.112,0.655,0.23,0.438,0.293,0.432,-0.201,0.467,0.395,0.598,0.138,0.37,0.418,0.057,0.367,0.323,0.01,0.098,-0.015,0.64,0.248,0.337,-0.189,0.734,-0.077,0.197,0.582,0.278
APPN,0.605,0.709,0.079,-0.708,0.738,0.729,-0.667,0.717,0.451,0.816,0.697,0.747,0.586,0.607,0.658,0.68,0.769,0.422,0.0,-0.365,0.706,0.328,0.746,0.779,0.805,-0.357,0.665,0.345,-0.655,0.642,-0.476,0.739,0.722,0.7,0.109,0.741,0.536,0.661,0.859,0.662,0.764,0.793,0.756,0.618,0.644,0.067,0.649,0.779,0.66,0.679,0.717,0.542,0.243,-0.135,0.126,0.628,0.67,0.522,0.847,0.672,0.55,0.66,0.699,0.742,0.726,0.666,0.617,0.203,0.698,0.591,0.769,-0.421,0.718,0.555,0.419,0.606,-0.422,0.748,0.483,0.848,-0.09,0.114,0.695,0.458,-0.515,0.769,0.592,0.694,0.288,0.59,-0.354,0.732,0.685,0.324,0.703,0.703,0.522,0.77,0.75,0.739,0.537,0.74,0.666,0.505,0.772,-0.545,0.09,-0.069,0.759,0.128,0.824,0.69,0.682,0.727,0.764,0.623,0.726,0.665,0.808,0.846,0.531,-0.398,0.593,0.61,0.734,0.664,0.798,0.37,0.758,0.489,-0.726,0.483,0.74,0.778,-0.323,0.723,0.638,-0.05,0.781,0.725,0.728,0.125,0.457,0.633,0.821,0.78,0.807,0.715,0.677,-0.205,0.73,0.713,0.62,0.685,-0.046,0.634,0.748,0.563,0.594,0.32,0.732,0.783,-0.015,0.296,-0.162,0.066,0.07,0.745,0.581,0.727,0.889,0.713,0.239,0.761,0.662,0.714,0.61,0.367,-0.417,0.738,0.722,0.767,0.353,0.749,0.745,0.436,0.749,0.715,-0.323,0.274,-0.385,0.625,0.69,0.8,0.174,0.695,0.497,0.534,0.636,0.538
APTO,-0.068,-0.396,0.387,0.169,-0.348,-0.348,0.2,-0.155,-0.178,-0.237,-0.326,-0.216,-0.424,-0.218,-0.183,-0.393,-0.179,-0.37,-0.365,0.0,-0.541,-0.544,-0.204,-0.55,-0.471,-0.145,-0.249,-0.401,-0.126,-0.065,0.343,-0.149,-0.158,-0.422,-0.086,-0.468,-0.535,-0.134,-0.532,-0.205,-0.403,-0.314,-0.352,-0.206,-0.522,0.03,-0.441,-0.349,-0.408,-0.343,-0.402,-0.061,-0.034,0.473,0.305,-0.323,-0.036,-0.426,-0.303,-0.27,-0.456,-0.309,-0.354,-0.184,-0.45,-0.151,-0.275,-0.167,-0.369,-0.27,-0.301,0.459,-0.214,-0.016,0.113,-0.286,-0.251,-0.329,-0.041,-0.256,0.387,0.306,-0.541,-0.348,0.249,-0.174,-0.456,-0.228,-0.039,-0.221,-0.27,-0.437,-0.463,0.156,-0.195,-0.043,-0.076,-0.394,-0.283,-0.264,-0.04,-0.193,-0.191,-0.018,-0.293,0.276,-0.054,-0.25,-0.437,0.221,-0.407,-0.398,-0.155,-0.397,-0.477,-0.588,-0.419,-0.188,-0.338,-0.351,-0.16,-0.242,-0.455,-0.093,-0.259,-0.589,-0.314,-0.218,-0.203,0.389,0.157,-0.391,-0.194,-0.283,-0.301,-0.223,-0.193,-0.193,-0.109,-0.363,-0.242,0.315,0.058,-0.217,-0.43,-0.286,-0.358,-0.503,-0.18,0.195,-0.328,-0.33,-0.067,-0.447,-0.427,-0.058,-0.008,0.156,-0.187,0.063,-0.352,-0.403,0.22,0.211,0.634,0.048,-0.221,-0.263,-0.066,-0.281,-0.317,-0.261,0.021,-0.502,-0.184,-0.261,-0.256,-0.461,0.064,-0.285,-0.266,-0.34,-0.014,-0.264,-0.247,0.16,-0.207,-0.232,0.22,-0.036,-0.179,-0.536,-0.105,-0.304,-0.14,-0.41,-0.137,-0.264,-0.544,0.189
ARCT,0.547,0.878,-0.252,-0.758,0.875,0.84,-0.458,0.707,0.46,0.729,0.836,0.699,0.747,0.674,0.727,0.857,0.781,0.628,0.706,-0.541,0.0,0.75,0.735,0.917,0.912,-0.227,0.772,0.3,-0.317,0.63,-0.797,0.686,0.665,0.826,0.409,0.942,0.839,0.607,0.851,0.68,0.951,0.837,0.841,0.724,0.87,-0.042,0.921,0.834,0.822,0.83,0.852,0.524,0.31,-0.632,-0.055,0.775,0.579,0.647,0.81,0.703,0.854,0.836,0.624,0.676,0.933,0.599,0.685,0.13,0.789,0.717,0.77,-0.724,0.754,0.409,0.349,0.668,-0.158,0.825,0.36,0.724,-0.601,-0.165,0.899,0.786,-0.645,0.708,0.828,0.76,0.379,0.663,-0.232,0.938,0.855,0.101,0.716,0.548,0.12,0.902,0.732,0.721,0.588,0.689,0.739,0.389,0.797,-0.762,0.22,0.118,0.907,-0.161,0.929,0.878,0.367,0.876,0.941,0.862,0.876,0.696,0.864,0.818,0.433,-0.027,0.86,0.593,0.773,0.847,0.854,0.554,0.686,0.086,-0.514,0.551,0.698,0.819,0.067,0.746,0.731,-0.096,0.697,0.767,0.751,-0.421,0.424,0.7,0.897,0.786,0.867,0.941,0.743,-0.576,0.818,0.825,0.525,0.919,0.03,0.573,0.458,0.339,0.72,0.349,0.799,0.885,-0.215,-0.151,-0.652,0.144,0.403,0.652,0.46,0.83,0.798,0.742,0.349,0.931,0.666,0.809,0.669,0.548,-0.575,0.831,0.767,0.864,0.444,0.767,0.787,0.343,0.725,0.714,-0.415,0.496,-0.346,0.819,0.611,0.649,-0.247,0.927,0.199,0.434,0.882,0.369
ARWR,0.199,0.586,-0.282,-0.4,0.635,0.529,-0.203,0.299,0.297,0.413,0.537,0.337,0.544,0.346,0.427,0.583,0.396,0.557,0.328,-0.544,0.75,0.0,0.322,0.697,0.624,0.239,0.435,0.419,0.208,0.325,-0.537,0.306,0.326,0.545,0.389,0.674,0.85,0.298,0.58,0.323,0.703,0.486,0.493,0.429,0.697,-0.158,0.664,0.508,0.571,0.531,0.58,0.204,0.152,-0.612,-0.241,0.555,0.163,0.446,0.371,0.371,0.774,0.577,0.362,0.241,0.625,0.328,0.322,0.147,0.452,0.409,0.478,-0.646,0.393,0.094,0.037,0.387,0.29,0.563,0.084,0.25,-0.52,-0.35,0.687,0.615,-0.33,0.338,0.588,0.409,0.243,0.374,0.065,0.668,0.628,-0.144,0.372,0.158,-0.083,0.573,0.382,0.357,0.263,0.228,0.397,0.222,0.434,-0.513,0.275,0.172,0.591,-0.304,0.593,0.602,0.039,0.58,0.666,0.747,0.554,0.346,0.597,0.431,0.213,0.274,0.686,0.248,0.438,0.718,0.479,0.453,0.298,-0.355,-0.173,0.657,0.339,0.454,0.425,0.404,0.422,0.062,0.267,0.496,0.338,-0.542,0.05,0.358,0.543,0.429,0.513,0.683,0.371,-0.444,0.413,0.483,0.268,0.677,0.289,0.21,0.134,-0.122,0.419,0.242,0.486,0.546,-0.162,-0.385,-0.728,0.203,0.423,0.292,0.146,0.489,0.353,0.464,0.201,0.642,0.341,0.465,0.476,0.45,-0.397,0.48,0.451,0.534,0.356,0.449,0.437,-0.053,0.379,0.371,-0.382,0.36,-0.142,0.634,0.227,0.191,-0.252,0.65,-0.139,0.211,0.76,-0.061
ASND,0.937,0.917,0.145,-0.966,0.778,0.941,-0.6,0.977,0.753,0.823,0.948,0.967,0.65,0.899,0.938,0.924,0.893,0.367,0.746,-0.204,0.735,0.322,0.0,0.79,0.747,-0.635,0.958,-0.048,-0.584,0.894,-0.656,0.976,0.964,0.928,0.387,0.863,0.658,0.943,0.644,0.956,0.825,0.97,0.96,0.916,0.492,0.42,0.657,0.958,0.866,0.936,0.913,0.925,0.733,-0.393,0.396,0.905,0.952,0.614,0.883,0.785,0.669,0.92,0.426,0.887,0.866,0.911,0.933,-0.009,0.95,0.915,0.871,-0.263,0.986,0.852,0.713,0.895,-0.551,0.911,0.834,0.949,-0.303,0.469,0.559,0.417,-0.367,0.958,0.434,0.975,0.722,0.922,-0.716,0.864,0.822,0.632,0.974,0.939,0.225,0.933,0.965,0.962,0.925,0.969,0.939,0.672,0.957,-0.845,0.405,-0.021,0.867,0.396,0.891,0.914,0.784,0.931,0.857,0.741,0.937,0.96,0.814,0.899,0.818,-0.537,0.733,0.947,0.969,0.604,0.951,0.211,0.976,0.549,-0.723,0.231,0.968,0.968,-0.31,0.98,0.958,-0.24,0.933,0.898,0.92,-0.165,0.839,0.947,0.917,0.893,0.948,0.868,0.962,-0.152,0.74,0.955,0.865,0.856,-0.479,0.948,0.661,0.837,0.946,0.412,0.963,0.928,0.154,0.425,-0.142,0.176,0.407,0.85,0.873,0.934,0.946,0.859,0.727,0.803,0.947,0.972,0.876,0.559,-0.84,0.968,0.966,0.929,0.756,0.969,0.958,0.691,0.97,0.947,-0.478,0.571,-0.347,0.612,0.966,0.927,-0.373,0.685,0.632,0.753,0.614,0.724
ASTH,0.618,0.872,-0.118,-0.764,0.837,0.872,-0.619,0.766,0.642,0.827,0.865,0.799,0.742,0.753,0.777,0.882,0.755,0.548,0.779,-0.55,0.917,0.697,0.79,0.0,0.94,-0.197,0.762,0.401,-0.348,0.649,-0.665,0.774,0.773,0.838,0.413,0.93,0.845,0.69,0.876,0.709,0.92,0.875,0.865,0.763,0.844,0.175,0.805,0.9,0.894,0.823,0.892,0.632,0.378,-0.487,0.129,0.798,0.64,0.625,0.78,0.673,0.832,0.834,0.713,0.692,0.887,0.719,0.705,0.323,0.857,0.699,0.874,-0.599,0.81,0.5,0.327,0.691,-0.112,0.891,0.485,0.802,-0.376,-0.025,0.804,0.635,-0.472,0.802,0.711,0.779,0.465,0.71,-0.259,0.919,0.922,0.298,0.786,0.628,0.333,0.887,0.822,0.811,0.606,0.712,0.81,0.468,0.795,-0.697,0.388,0.136,0.894,0.031,0.915,0.908,0.516,0.878,0.939,0.905,0.911,0.708,0.858,0.835,0.6,-0.2,0.835,0.668,0.811,0.877,0.843,0.384,0.768,0.17,-0.54,0.664,0.793,0.821,0.097,0.802,0.78,0.084,0.74,0.898,0.716,-0.324,0.494,0.711,0.906,0.885,0.893,0.939,0.75,-0.369,0.732,0.823,0.629,0.915,0.028,0.632,0.62,0.433,0.75,0.326,0.857,0.9,0.021,0.022,-0.478,0.142,0.383,0.673,0.553,0.83,0.857,0.844,0.472,0.866,0.711,0.823,0.804,0.699,-0.614,0.849,0.824,0.863,0.539,0.845,0.795,0.436,0.796,0.775,-0.512,0.348,-0.218,0.809,0.684,0.745,-0.154,0.828,0.434,0.593,0.906,0.352
ATSG,0.556,0.842,-0.19,-0.743,0.849,0.81,-0.626,0.74,0.516,0.796,0.828,0.754,0.726,0.727,0.736,0.84,0.774,0.568,0.805,-0.471,0.912,0.624,0.747,0.94,0.0,-0.203,0.709,0.359,-0.44,0.595,-0.651,0.717,0.699,0.771,0.461,0.907,0.763,0.603,0.899,0.64,0.927,0.83,0.812,0.694,0.908,0.025,0.83,0.847,0.847,0.784,0.842,0.533,0.244,-0.467,0.081,0.743,0.623,0.573,0.78,0.666,0.779,0.789,0.741,0.669,0.867,0.649,0.651,0.347,0.787,0.638,0.864,-0.691,0.758,0.411,0.26,0.6,-0.121,0.829,0.359,0.773,-0.427,-0.12,0.848,0.695,-0.615,0.752,0.776,0.728,0.357,0.63,-0.228,0.911,0.913,0.229,0.721,0.569,0.358,0.864,0.742,0.781,0.545,0.67,0.778,0.373,0.755,-0.691,0.282,0.144,0.852,-0.135,0.91,0.841,0.456,0.82,0.881,0.825,0.861,0.667,0.859,0.82,0.45,-0.178,0.814,0.608,0.753,0.82,0.816,0.45,0.728,0.208,-0.543,0.61,0.756,0.786,0.09,0.743,0.734,0.061,0.706,0.836,0.684,-0.303,0.446,0.66,0.873,0.864,0.872,0.908,0.71,-0.545,0.714,0.775,0.569,0.872,0.043,0.574,0.596,0.407,0.703,0.302,0.781,0.863,-0.055,-0.072,-0.466,0.027,0.298,0.603,0.465,0.79,0.836,0.79,0.348,0.88,0.656,0.785,0.679,0.562,-0.535,0.799,0.755,0.844,0.414,0.786,0.754,0.413,0.738,0.743,-0.45,0.284,-0.331,0.76,0.629,0.696,-0.149,0.846,0.35,0.443,0.883,0.341
AVTX,-0.685,-0.496,-0.227,0.598,-0.273,-0.533,0.051,-0.634,-0.295,-0.32,-0.519,-0.546,-0.295,-0.557,-0.559,-0.487,-0.62,-0.044,-0.357,-0.145,-0.227,0.239,-0.635,-0.197,-0.203,0.0,-0.606,0.59,0.536,-0.587,0.471,-0.612,-0.576,-0.518,-0.059,-0.385,-0.123,-0.584,-0.102,-0.685,-0.322,-0.533,-0.555,-0.608,0.023,-0.381,-0.293,-0.485,-0.407,-0.563,-0.445,-0.665,-0.585,0.162,-0.318,-0.492,-0.728,-0.279,-0.614,-0.449,-0.125,-0.504,0.013,-0.611,-0.46,-0.511,-0.726,0.472,-0.546,-0.655,-0.378,-0.12,-0.611,-0.703,-0.691,-0.675,0.725,-0.399,-0.611,-0.592,0.224,-0.536,-0.073,-0.098,0.22,-0.589,-0.027,-0.635,-0.601,-0.596,0.719,-0.38,-0.327,-0.527,-0.578,-0.697,-0.04,-0.497,-0.528,-0.582,-0.69,-0.695,-0.575,-0.3,-0.597,0.601,-0.062,-0.099,-0.45,-0.322,-0.429,-0.471,-0.5,-0.484,-0.348,-0.262,-0.486,-0.632,-0.301,-0.515,-0.468,0.492,-0.263,-0.671,-0.577,-0.073,-0.523,0.008,-0.64,-0.599,0.518,0.464,-0.574,-0.57,0.611,-0.599,-0.581,0.509,-0.588,-0.364,-0.672,-0.043,-0.7,-0.691,-0.471,-0.408,-0.495,-0.336,-0.646,-0.034,-0.489,-0.611,-0.414,-0.368,0.751,-0.65,-0.245,-0.775,-0.616,-0.169,-0.542,-0.474,0.12,-0.565,-0.164,-0.157,-0.277,-0.684,-0.592,-0.561,-0.552,-0.381,-0.493,-0.388,-0.602,-0.586,-0.376,-0.001,0.498,-0.571,-0.537,-0.519,-0.422,-0.511,-0.629,-0.681,-0.573,-0.638,0.279,-0.398,0.223,-0.226,-0.681,-0.614,0.343,-0.252,-0.481,-0.361,-0.009,-0.693
BCPC,0.924,0.949,0.115,-0.956,0.808,0.945,-0.481,0.936,0.705,0.74,0.952,0.918,0.705,0.874,0.925,0.936,0.903,0.462,0.665,-0.249,0.772,0.435,0.958,0.762,0.709,-0.606,0.0,-0.104,-0.445,0.924,-0.743,0.933,0.931,0.966,0.437,0.881,0.73,0.931,0.586,0.968,0.836,0.953,0.97,0.94,0.484,0.391,0.695,0.941,0.857,0.973,0.93,0.904,0.787,-0.499,0.265,0.949,0.896,0.693,0.863,0.822,0.77,0.966,0.329,0.86,0.906,0.875,0.941,-0.136,0.928,0.969,0.813,-0.288,0.967,0.799,0.763,0.929,-0.502,0.907,0.816,0.867,-0.419,0.43,0.597,0.469,-0.371,0.907,0.468,0.986,0.76,0.946,-0.697,0.895,0.783,0.527,0.964,0.903,0.03,0.954,0.942,0.921,0.948,0.942,0.917,0.665,0.967,-0.91,0.394,0.007,0.896,0.352,0.897,0.928,0.698,0.963,0.879,0.769,0.932,0.979,0.846,0.891,0.777,-0.418,0.799,0.933,0.976,0.624,0.959,0.303,0.937,0.408,-0.712,0.19,0.921,0.966,-0.248,0.974,0.958,-0.355,0.885,0.846,0.948,-0.289,0.788,0.974,0.909,0.818,0.94,0.888,0.983,-0.197,0.748,0.978,0.836,0.898,-0.475,0.927,0.527,0.761,0.965,0.452,0.944,0.933,0.053,0.324,-0.263,0.254,0.467,0.852,0.858,0.954,0.88,0.822,0.745,0.841,0.937,0.982,0.864,0.53,-0.869,0.978,0.967,0.95,0.788,0.951,0.974,0.602,0.954,0.929,-0.424,0.694,-0.356,0.667,0.936,0.856,-0.484,0.739,0.483,0.73,0.633,0.697
BEAM,-0.186,0.009,-0.119,0.043,0.231,0.04,-0.463,-0.082,0.148,0.414,0.003,0.067,0.093,-0.092,-0.04,0.006,-0.089,0.168,0.345,-0.401,0.3,0.419,-0.048,0.401,0.359,0.59,-0.104,0.0,0.03,-0.092,0.198,-0.015,-0.011,-0.024,-0.076,0.15,0.251,-0.058,0.523,-0.161,0.226,0.081,0.013,-0.114,0.438,-0.281,0.191,0.108,0.098,-0.086,0.054,-0.189,-0.355,0.118,-0.062,-0.045,-0.214,-0.012,0.029,-0.01,0.25,-0.041,0.541,0.039,0.053,0.006,-0.262,0.649,-0.012,-0.226,0.184,-0.405,-0.044,-0.205,-0.295,-0.172,0.327,0.166,-0.191,0.094,0.218,-0.383,0.336,0.197,-0.098,0.02,0.326,-0.114,-0.348,-0.149,0.426,0.126,0.171,-0.201,-0.034,-0.149,0.432,0.069,0.057,-0.01,-0.246,-0.108,-0.064,0.143,0.009,0.256,0.058,-0.137,0.125,-0.103,0.176,0.069,0.087,0.033,0.225,0.192,0.054,-0.146,0.252,0.127,0.013,0.122,0.076,-0.193,-0.025,0.403,0.063,0.263,-0.055,-0.157,0.0,0.879,0.006,0.004,0.313,-0.046,-0.096,0.578,0.068,0.216,-0.14,0.121,-0.311,-0.216,0.137,0.208,0.094,0.166,-0.127,-0.112,0.12,-0.083,0.069,0.101,0.668,-0.157,0.415,-0.319,-0.18,0.057,0.049,0.087,0.241,-0.227,-0.196,0.035,-0.272,-0.074,-0.113,-0.008,0.154,0.239,-0.239,0.12,-0.06,-0.049,0.108,0.284,0.161,-0.002,0.013,0.03,-0.136,0.063,-0.051,-0.196,0.007,-0.067,-0.037,-0.203,-0.068,0.187,-0.125,0.041,0.483,0.22,-0.01,0.141,0.438,-0.161
BILI,-0.451,-0.364,-0.061,0.546,-0.504,-0.474,0.442,-0.613,-0.271,-0.573,-0.423,-0.544,-0.368,-0.456,-0.394,-0.387,-0.543,-0.243,-0.655,-0.126,-0.317,0.208,-0.584,-0.348,-0.44,0.536,-0.445,0.03,0.0,-0.398,0.289,-0.573,-0.51,-0.373,0.162,-0.405,0.028,-0.448,-0.501,-0.458,-0.42,-0.541,-0.462,-0.422,-0.318,-0.099,-0.375,-0.463,-0.324,-0.385,-0.389,-0.442,-0.1,-0.071,-0.359,-0.299,-0.65,-0.282,-0.67,-0.515,-0.083,-0.353,-0.516,-0.667,-0.367,-0.452,-0.432,-0.124,-0.458,-0.33,-0.545,0.139,-0.507,-0.531,-0.34,-0.34,0.732,-0.439,-0.356,-0.724,0.043,-0.211,-0.367,-0.33,0.512,-0.566,-0.374,-0.483,-0.166,-0.314,0.503,-0.388,-0.367,-0.499,-0.489,-0.598,-0.421,-0.434,-0.498,-0.52,-0.432,-0.643,-0.505,-0.269,-0.514,0.284,-0.095,0.117,-0.366,-0.226,-0.47,-0.338,-0.52,-0.392,-0.39,-0.177,-0.439,-0.466,-0.447,-0.567,-0.269,0.435,-0.248,-0.476,-0.47,-0.197,-0.525,-0.153,-0.579,-0.84,0.615,-0.058,-0.537,-0.547,0.524,-0.48,-0.426,0.13,-0.621,-0.456,-0.568,-0.297,-0.564,-0.415,-0.536,-0.6,-0.504,-0.351,-0.489,0.151,-0.604,-0.444,-0.406,-0.284,0.392,-0.53,-0.626,-0.652,-0.407,-0.137,-0.459,-0.479,0.056,-0.378,-0.234,0.182,0.035,-0.452,-0.395,-0.412,-0.671,-0.464,-0.143,-0.437,-0.42,-0.47,-0.312,-0.174,0.213,-0.47,-0.445,-0.487,-0.144,-0.465,-0.48,-0.619,-0.497,-0.462,0.087,-0.074,0.296,-0.177,-0.54,-0.634,-0.127,-0.438,-0.467,-0.305,-0.163,-0.723
BJRI,0.94,0.863,0.401,-0.908,0.681,0.836,-0.542,0.857,0.643,0.732,0.841,0.871,0.54,0.742,0.905,0.8,0.894,0.313,0.642,-0.065,0.63,0.325,0.894,0.649,0.595,-0.587,0.924,-0.092,-0.398,0.0,-0.574,0.912,0.915,0.858,0.399,0.732,0.672,0.942,0.494,0.938,0.71,0.883,0.894,0.873,0.322,0.372,0.538,0.88,0.748,0.874,0.824,0.888,0.79,-0.234,0.27,0.867,0.829,0.56,0.791,0.737,0.692,0.882,0.193,0.821,0.794,0.833,0.85,-0.187,0.811,0.908,0.748,-0.142,0.907,0.798,0.833,0.858,-0.558,0.857,0.871,0.798,-0.159,0.572,0.458,0.266,-0.241,0.891,0.298,0.907,0.749,0.929,-0.755,0.776,0.639,0.489,0.919,0.914,0.091,0.865,0.902,0.852,0.936,0.88,0.816,0.821,0.911,-0.824,0.326,-0.201,0.817,0.443,0.824,0.831,0.741,0.871,0.765,0.613,0.795,0.93,0.794,0.849,0.813,-0.595,0.633,0.913,0.934,0.511,0.9,0.284,0.892,0.428,-0.744,0.159,0.865,0.896,-0.376,0.932,0.885,-0.471,0.892,0.732,0.874,-0.077,0.678,0.914,0.799,0.698,0.868,0.74,0.936,-0.045,0.645,0.891,0.898,0.792,-0.445,0.924,0.608,0.761,0.884,0.548,0.852,0.841,0.208,0.5,-0.055,0.394,0.228,0.87,0.915,0.911,0.817,0.755,0.724,0.689,0.929,0.913,0.816,0.331,-0.874,0.907,0.923,0.866,0.783,0.906,0.937,0.561,0.941,0.887,-0.358,0.697,-0.518,0.571,0.926,0.79,-0.429,0.599,0.474,0.695,0.51,0.74
BLUE,-0.525,-0.8,0.203,0.66,-0.74,-0.764,0.074,-0.663,-0.303,-0.391,-0.742,-0.535,-0.755,-0.67,-0.607,-0.778,-0.747,-0.628,-0.476,0.343,-0.797,-0.537,-0.656,-0.665,-0.651,0.471,-0.743,0.198,0.289,-0.574,0.0,-0.599,-0.578,-0.777,-0.337,-0.815,-0.646,-0.53,-0.531,-0.689,-0.774,-0.714,-0.771,-0.747,-0.635,-0.141,-0.827,-0.689,-0.7,-0.797,-0.774,-0.525,-0.393,0.653,0.103,-0.728,-0.586,-0.724,-0.739,-0.712,-0.717,-0.799,-0.352,-0.575,-0.861,-0.474,-0.742,0.172,-0.721,-0.754,-0.603,0.449,-0.678,-0.413,-0.429,-0.673,0.257,-0.693,-0.368,-0.593,0.707,0.052,-0.742,-0.743,0.605,-0.587,-0.72,-0.74,-0.534,-0.649,0.325,-0.822,-0.662,-0.125,-0.652,-0.538,0.161,-0.786,-0.632,-0.64,-0.619,-0.661,-0.714,-0.173,-0.689,0.807,-0.201,-0.318,-0.798,0.122,-0.769,-0.781,-0.159,-0.794,-0.798,-0.747,-0.78,-0.67,-0.708,-0.707,-0.31,-0.047,-0.829,-0.605,-0.709,-0.693,-0.738,-0.407,-0.624,-0.112,0.476,-0.092,-0.578,-0.737,0.044,-0.677,-0.687,0.41,-0.579,-0.573,-0.796,0.462,-0.514,-0.739,-0.78,-0.601,-0.737,-0.789,-0.734,0.463,-0.765,-0.797,-0.352,-0.816,0.29,-0.548,-0.157,-0.433,-0.726,-0.259,-0.669,-0.789,0.492,0.109,0.548,-0.157,-0.565,-0.633,-0.4,-0.747,-0.624,-0.523,-0.431,-0.835,-0.54,-0.734,-0.555,-0.413,0.529,-0.758,-0.68,-0.79,-0.412,-0.636,-0.729,-0.399,-0.619,-0.661,0.335,-0.528,0.161,-0.76,-0.57,-0.555,0.435,-0.848,-0.149,-0.302,-0.634,-0.417
