,AAL,AAON,ACB,ACGL,ACGLO,ACIW,ADBE,ADSK,AEP,AGIO,ALEC,ALNY,ALTR,AMBA,AMCX,AMKR,AMRX,ANSS,APPN,APTO,ARCT,ARWR,ASND,ASTH,ATSG,AVTX,BCPC,BEAM,BILI,BJRI,BLUE,BPOP,BRKL,BWIN,BZUN,CARG,CBRL,CBSH,CBUS,CENTA,CERS,CFFN,CHCO,CHEF,CHRD,CINF,CLLS,CMCO,CMCSA,COLL,COMM,COOP,CPB,CRON,CROX,CRUS,CRWD,CTAS,CYBR,CYTK,DGII,DIOD,DOMO,DPZ,DSGR,DXCM,ERIE,ESTA,EXEL,FAST,FCEL,FCFS,FHB,FITBI,FSV,FTDR,FUTU,GLDD,GLPG,GLPI,GOGO,GOSS,GSAT,GYRE,HALO,HAS,HLIT,HLNE,HSDT,HSIC,HTHT,ICHR,IDYA,IMVT,INDB,INSM,IONS,IOSP,ITRI,JBHT,JBLU,JSM,KLIC,KOD,KURA,LAB,LASR,LIN,LKQ,LNT,MBUU,MCRI,MDGL,MEDP,MGNI,MGPI,MGRC,MKTX,MRNA,MRTN,MSEX,MSFT,MU,NAVI,NBTB,NEO,NEOG,NGNE,NSSC,NTAP,NTES,NTLA,NTRS,NYMTN,OBLG,OCFC,ON,ONC,OPI,OSIS,OSW,PALI,PANW,PCAR,PCRX,PCTY,PEBO,PLAB,PLAY,PLMR,PLSE,PLUS,PRTA,PSEC,PSNL,PTCT,PTON,QNST,QRVO,QTTB,RARE,RBCAA,RGNX,SAIC,SGMO,SINT,SNPS,SPSC,SPTN,SSYS,STNE,TBBK,TCPC,TENB,TGTX,TREE,TRUP,TTWO,TW,TXG,UBSI,UCTT,UFPT,UMBF,UPBD,URBN,VBTX,VCTR,VEON,VNET,VRSK,VSEC,WABC,WTFCM,WVE,WW,WWD,XEL,ZD,ZYME
AAL,0.0,0.932,0.662,0.08,0.955,0.913,0.928,0.89,0.716,0.823,-0.541,0.838,0.925,0.907,0.912,0.924,0.847,0.894,-0.591,0.158,0.636,0.831,0.81,0.733,-0.653,-0.419,0.608,0.889,0.809,0.897,0.717,0.867,0.858,-0.354,0.696,0.943,0.665,0.894,0.266,0.738,0.922,0.663,0.846,0.91,-0.208,0.579,0.74,0.943,0.361,0.835,-0.449,0.307,0.274,0.812,-0.127,0.917,0.931,0.931,0.935,0.216,-0.322,-0.159,0.927,0.912,-0.85,0.878,-0.238,-0.585,0.611,0.852,0.646,0.637,0.805,0.858,0.885,0.84,0.723,-0.758,0.885,0.494,-0.505,0.85,0.527,0.702,0.905,-0.394,0.76,0.919,-0.303,0.098,-0.365,0.126,0.833,0.149,0.903,-0.315,0.877,0.905,0.926,0.88,0.404,0.878,0.875,0.813,0.902,0.622,0.909,0.877,0.165,0.287,-0.127,0.953,0.915,0.846,0.88,-0.213,0.565,0.456,-0.113,0.713,0.54,0.902,0.938,0.652,0.849,0.901,0.725,-0.199,0.884,0.933,0.821,0.513,0.936,0.864,-0.005,0.92,-0.396,0.722,0.892,0.524,0.917,-0.434,0.384,0.902,0.396,-0.766,0.871,0.919,0.881,0.891,0.907,-0.066,-0.343,0.631,0.654,-0.158,0.6,0.618,0.786,-0.509,0.826,0.896,0.824,0.9,-0.749,-0.3,0.924,0.923,-0.503,0.247,0.862,0.805,0.918,-0.567,0.841,0.834,0.83,0.824,0.697,0.558,0.891,0.924,-0.066,0.929,0.939,0.856,0.896,0.841,0.764,0.415,0.821,0.942,0.856,0.884,0.148,-0.717,0.867,0.447,0.811,0.867
AAON,0.932,0.0,0.58,0.186,0.96,0.868,0.91,0.878,0.705,0.756,-0.613,0.733,0.92,0.86,0.867,0.906,0.877,0.884,-0.598,0.157,0.662,0.754,0.777,0.723,-0.645,-0.547,0.576,0.888,0.747,0.945,0.608,0.922,0.823,-0.336,0.731,0.894,0.714,0.898,0.178,0.713,0.892,0.702,0.894,0.909,-0.271,0.678,0.767,0.924,0.272,0.845,-0.525,0.445,0.36,0.739,-0.082,0.94,0.926,0.954,0.886,0.19,-0.345,-0.218,0.881,0.856,-0.753,0.926,-0.326,-0.609,0.666,0.914,0.563,0.723,0.86,0.785,0.927,0.824,0.63,-0.742,0.814,0.467,-0.592,0.866,0.632,0.737,0.908,-0.487,0.71,0.912,-0.287,0.146,-0.352,0.135,0.811,0.136,0.947,-0.3,0.839,0.941,0.901,0.87,0.257,0.892,0.889,0.755,0.879,0.597,0.909,0.928,0.064,0.257,-0.178,0.934,0.944,0.798,0.839,-0.304,0.644,0.351,-0.191,0.66,0.51,0.912,0.933,0.565,0.902,0.915,0.698,-0.147,0.856,0.914,0.837,0.38,0.963,0.817,-0.185,0.906,-0.466,0.716,0.879,0.489,0.905,-0.494,0.403,0.912,0.267,-0.762,0.931,0.923,0.888,0.885,0.946,0.018,-0.448,0.543,0.572,-0.251,0.624,0.713,0.823,-0.587,0.856,0.924,0.791,0.948,-0.694,-0.241,0.936,0.948,-0.48,0.053,0.91,0.85,0.886,-0.532,0.857,0.844,0.752,0.782,0.741,0.442,0.95,0.933,-0.009,0.951,0.902,0.846,0.887,0.835,0.787,0.359,0.751,0.95,0.905,0.845,0.018,-0.783,0.847,0.528,0.829,0.871
ACB,0.662,0.58,0.0,0.34,0.645,0.703,0.691,0.515,0.737,0.708,-0.085,0.665,0.586,0.557,0.773,0.61,0.696,0.532,-0.443,0.311,0.172,0.787,0.649,0.256,-0.361,-0.336,0.275,0.663,0.741,0.613,0.658,0.609,0.577,-0.083,0.496,0.581,0.222,0.495,0.074,0.489,0.774,0.599,0.601,0.754,0.035,0.459,0.719,0.637,0.462,0.468,-0.555,0.287,0.224,0.677,-0.398,0.598,0.622,0.577,0.758,0.437,-0.34,-0.243,0.608,0.665,-0.774,0.621,-0.361,-0.251,0.408,0.634,0.436,0.412,0.536,0.777,0.577,0.748,0.533,-0.479,0.769,0.503,-0.411,0.392,0.403,0.183,0.538,-0.324,0.567,0.728,-0.031,-0.351,-0.394,0.004,0.686,0.002,0.638,-0.392,0.513,0.459,0.734,0.566,0.082,0.675,0.515,0.707,0.697,0.386,0.539,0.648,0.001,0.434,-0.281,0.709,0.578,0.725,0.644,-0.033,0.436,0.297,-0.256,0.328,0.446,0.672,0.707,0.509,0.609,0.514,0.405,0.04,0.513,0.711,0.665,0.492,0.652,0.74,-0.142,0.683,-0.492,0.718,0.757,0.071,0.696,-0.388,0.334,0.559,0.692,-0.711,0.6,0.531,0.466,0.73,0.57,0.079,-0.177,0.333,0.6,-0.34,0.4,0.551,0.365,-0.088,0.63,0.698,0.408,0.548,-0.521,-0.356,0.612,0.626,-0.144,0.37,0.421,0.693,0.794,-0.683,0.735,0.753,0.597,0.431,0.63,0.242,0.559,0.691,-0.409,0.6,0.713,0.672,0.645,0.701,0.305,0.61,0.522,0.654,0.574,0.756,0.029,-0.518,0.741,0.424,0.389,0.56
ACGL,0.08,0.186,0.34,0.0,0.165,0.188,0.259,0.023,0.382,0.221,0.088,0.027,0.135,-0.136,0.24,0.074,0.251,0.052,-0.246,0.081,-0.264,0.351,0.172,-0.157,-0.032,-0.261,-0.154,0.248,0.186,0.231,0.141,0.225,-0.02,0.089,0.113,-0.018,-0.121,-0.078,-0.249,0.054,0.279,0.393,0.195,0.363,0.039,0.48,0.571,0.124,0.201,0.113,-0.693,0.325,0.266,0.232,-0.437,0.161,0.154,0.156,0.253,0.602,-0.478,-0.591,-0.052,0.07,-0.203,0.245,-0.397,-0.061,0.254,0.387,-0.141,0.23,0.126,0.29,0.244,0.451,-0.198,-0.156,0.213,0.252,-0.349,-0.111,0.439,-0.259,-0.017,-0.376,0.304,0.321,0.236,-0.482,-0.334,-0.209,0.403,-0.304,0.253,-0.113,-0.073,0.036,0.219,0.198,-0.651,0.327,-0.028,0.153,0.239,0.044,0.033,0.369,-0.383,0.216,-0.491,0.236,0.168,0.129,-0.021,-0.082,0.107,-0.134,-0.391,-0.237,-0.017,0.291,0.242,-0.034,0.238,-0.001,-0.271,0.294,-0.04,0.212,0.312,0.033,0.247,0.351,-0.456,0.134,-0.69,0.404,0.281,-0.433,0.197,-0.36,0.267,0.019,0.293,-0.404,0.256,-0.05,-0.081,0.336,0.149,0.216,-0.221,-0.216,0.107,-0.534,0.076,0.604,0.0,0.168,0.317,0.32,-0.194,0.216,0.075,-0.118,0.2,0.245,-0.006,-0.188,0.013,0.4,0.282,-0.435,0.489,0.489,-0.062,-0.068,0.473,-0.448,0.182,0.2,-0.544,0.13,0.193,0.195,0.1,0.253,-0.209,0.502,-0.046,0.178,0.146,0.323,-0.312,-0.285,0.404,0.351,-0.104,0.133
ACGLO,0.955,0.96,0.645,0.165,0.0,0.924,0.936,0.901,0.744,0.774,-0.632,0.784,0.946,0.878,0.904,0.934,0.912,0.892,-0.665,0.18,0.604,0.789,0.766,0.694,-0.697,-0.584,0.574,0.899,0.783,0.918,0.656,0.904,0.838,-0.361,0.681,0.923,0.679,0.892,0.18,0.675,0.916,0.688,0.882,0.93,-0.283,0.601,0.764,0.943,0.284,0.887,-0.48,0.409,0.365,0.815,-0.146,0.958,0.956,0.971,0.933,0.157,-0.389,-0.242,0.899,0.92,-0.823,0.921,-0.284,-0.662,0.652,0.889,0.562,0.685,0.836,0.852,0.887,0.853,0.688,-0.8,0.848,0.501,-0.601,0.872,0.558,0.75,0.915,-0.49,0.731,0.929,-0.337,0.131,-0.391,0.095,0.834,0.116,0.931,-0.313,0.848,0.936,0.937,0.841,0.27,0.914,0.899,0.776,0.892,0.631,0.928,0.929,0.076,0.261,-0.225,0.949,0.934,0.889,0.841,-0.318,0.587,0.363,-0.196,0.665,0.475,0.949,0.959,0.562,0.882,0.946,0.685,-0.168,0.906,0.939,0.879,0.388,0.96,0.845,-0.101,0.903,-0.433,0.742,0.887,0.517,0.94,-0.462,0.412,0.953,0.304,-0.812,0.912,0.94,0.855,0.93,0.942,-0.072,-0.475,0.6,0.616,-0.224,0.56,0.649,0.806,-0.575,0.843,0.914,0.837,0.932,-0.782,-0.304,0.954,0.934,-0.514,0.086,0.9,0.833,0.916,-0.58,0.865,0.829,0.752,0.818,0.744,0.47,0.936,0.95,-0.046,0.946,0.91,0.869,0.874,0.839,0.791,0.42,0.81,0.959,0.883,0.863,0.033,-0.808,0.879,0.5,0.767,0.864
ACIW,0.913,0.868,0.703,0.188,0.924,0.0,0.961,0.863,0.747,0.748,-0.567,0.806,0.939,0.84,0.898,0.875,0.824,0.861,-0.77,0.176,0.421,0.828,0.728,0.526,-0.778,-0.52,0.478,0.795,0.779,0.809,0.596,0.801,0.74,-0.411,0.5,0.894,0.48,0.771,0.294,0.554,0.889,0.636,0.78,0.928,-0.278,0.427,0.761,0.93,0.293,0.886,-0.531,0.212,0.226,0.919,-0.375,0.894,0.935,0.913,0.971,0.176,-0.601,-0.403,0.867,0.957,-0.925,0.822,-0.247,-0.683,0.63,0.842,0.44,0.581,0.677,0.887,0.778,0.894,0.631,-0.853,0.879,0.404,-0.666,0.732,0.398,0.626,0.884,-0.506,0.733,0.911,-0.427,-0.008,-0.596,-0.101,0.846,-0.095,0.833,-0.514,0.801,0.823,0.923,0.76,0.195,0.825,0.79,0.754,0.846,0.607,0.913,0.874,0.102,0.165,-0.333,0.929,0.81,0.853,0.798,-0.267,0.47,0.434,-0.318,0.574,0.325,0.937,0.96,0.578,0.773,0.852,0.526,-0.229,0.912,0.95,0.863,0.347,0.893,0.851,-0.012,0.853,-0.465,0.77,0.828,0.452,0.946,-0.529,0.442,0.861,0.402,-0.836,0.814,0.853,0.71,0.954,0.845,-0.2,-0.463,0.687,0.546,-0.262,0.389,0.585,0.723,-0.377,0.705,0.855,0.826,0.856,-0.882,-0.291,0.946,0.894,-0.557,0.175,0.751,0.78,0.926,-0.665,0.823,0.816,0.678,0.816,0.746,0.359,0.804,0.856,-0.231,0.838,0.933,0.802,0.78,0.769,0.697,0.566,0.89,0.933,0.737,0.862,-0.078,-0.765,0.944,0.304,0.652,0.749
ADBE,0.928,0.91,0.691,0.259,0.936,0.961,0.0,0.901,0.696,0.794,-0.584,0.811,0.946,0.85,0.893,0.897,0.822,0.882,-0.726,0.093,0.498,0.833,0.744,0.608,-0.77,-0.476,0.525,0.831,0.728,0.856,0.61,0.809,0.752,-0.467,0.505,0.916,0.562,0.789,0.349,0.625,0.895,0.615,0.769,0.942,-0.311,0.525,0.793,0.939,0.384,0.884,-0.574,0.2,0.176,0.887,-0.32,0.924,0.964,0.945,0.976,0.209,-0.569,-0.362,0.878,0.939,-0.891,0.855,-0.247,-0.688,0.592,0.875,0.437,0.568,0.683,0.893,0.84,0.915,0.614,-0.85,0.879,0.402,-0.675,0.772,0.455,0.645,0.917,-0.464,0.758,0.911,-0.383,0.036,-0.59,-0.06,0.872,-0.013,0.852,-0.451,0.828,0.86,0.906,0.85,0.182,0.848,0.819,0.75,0.866,0.638,0.92,0.902,0.149,0.138,-0.289,0.952,0.878,0.82,0.837,-0.249,0.463,0.49,-0.28,0.61,0.338,0.951,0.972,0.612,0.766,0.883,0.513,-0.218,0.911,0.956,0.837,0.413,0.909,0.88,-0.033,0.851,-0.499,0.77,0.833,0.459,0.924,-0.516,0.474,0.86,0.379,-0.8,0.827,0.869,0.774,0.939,0.888,-0.17,-0.388,0.628,0.544,-0.245,0.468,0.648,0.773,-0.453,0.743,0.858,0.82,0.908,-0.81,-0.242,0.971,0.933,-0.59,0.208,0.801,0.78,0.936,-0.618,0.858,0.848,0.679,0.849,0.737,0.398,0.821,0.873,-0.185,0.843,0.949,0.793,0.787,0.756,0.7,0.469,0.873,0.94,0.753,0.886,-0.031,-0.737,0.932,0.331,0.718,0.841
ADSK,0.89,0.878,0.515,0.023,0.901,0.863,0.901,0.0,0.467,0.643,-0.771,0.779,0.931,0.923,0.783,0.892,0.784,0.938,-0.599,-0.118,0.694,0.648,0.584,0.782,-0.717,-0.459,0.691,0.728,0.591,0.789,0.479,0.704,0.76,-0.483,0.472,0.954,0.76,0.845,0.479,0.582,0.755,0.379,0.674,0.788,-0.294,0.465,0.553,0.92,0.402,0.906,-0.305,0.082,0.046,0.796,-0.016,0.88,0.961,0.945,0.859,-0.088,-0.372,-0.102,0.881,0.903,-0.693,0.789,-0.015,-0.708,0.515,0.759,0.516,0.444,0.651,0.757,0.815,0.72,0.67,-0.783,0.729,0.371,-0.498,0.854,0.372,0.774,0.931,-0.251,0.652,0.774,-0.468,0.417,-0.398,0.148,0.656,0.197,0.754,-0.27,0.904,0.929,0.779,0.857,0.368,0.728,0.849,0.614,0.745,0.789,0.962,0.784,0.402,-0.026,0.005,0.853,0.848,0.785,0.86,-0.38,0.373,0.582,0.004,0.775,0.303,0.864,0.907,0.551,0.661,0.917,0.553,-0.226,0.926,0.913,0.716,0.289,0.831,0.768,0.085,0.78,-0.207,0.564,0.695,0.73,0.813,-0.323,0.566,0.926,0.105,-0.59,0.727,0.946,0.867,0.794,0.875,-0.157,-0.243,0.767,0.498,0.035,0.507,0.505,0.917,-0.58,0.612,0.74,0.943,0.899,-0.782,-0.053,0.94,0.886,-0.655,0.2,0.908,0.578,0.788,-0.306,0.666,0.641,0.698,0.946,0.502,0.587,0.777,0.852,0.176,0.802,0.852,0.682,0.713,0.644,0.893,0.218,0.903,0.892,0.718,0.762,0.036,-0.624,0.776,0.238,0.832,0.854
AEP,0.716,0.705,0.737,0.382,0.744,0.747,0.696,0.467,0.0,0.715,-0.06,0.617,0.617,0.501,0.83,0.646,0.791,0.526,-0.522,0.515,0.2,0.805,0.766,0.237,-0.396,-0.497,0.237,0.813,0.813,0.737,0.71,0.814,0.671,0.015,0.674,0.56,0.242,0.618,-0.254,0.584,0.881,0.872,0.823,0.85,-0.005,0.583,0.831,0.663,0.2,0.503,-0.596,0.632,0.652,0.644,-0.336,0.672,0.606,0.632,0.77,0.545,-0.356,-0.393,0.635,0.651,-0.797,0.721,-0.525,-0.274,0.589,0.769,0.498,0.695,0.762,0.774,0.669,0.799,0.416,-0.512,0.79,0.558,-0.512,0.482,0.627,0.306,0.54,-0.58,0.6,0.847,0.02,-0.463,-0.37,-0.032,0.812,-0.108,0.825,-0.352,0.447,0.531,0.866,0.514,0.012,0.824,0.606,0.809,0.792,0.23,0.527,0.78,-0.321,0.7,-0.45,0.774,0.672,0.764,0.578,-0.004,0.593,0.031,-0.377,0.253,0.583,0.752,0.73,0.434,0.848,0.6,0.619,0.006,0.517,0.694,0.79,0.479,0.794,0.705,-0.257,0.795,-0.639,0.732,0.894,-0.013,0.804,-0.453,0.099,0.627,0.661,-0.868,0.798,0.567,0.5,0.814,0.639,0.113,-0.504,0.238,0.621,-0.479,0.496,0.669,0.322,-0.229,0.82,0.842,0.371,0.592,-0.528,-0.614,0.628,0.663,-0.091,0.067,0.479,0.885,0.834,-0.833,0.864,0.851,0.632,0.337,0.822,0.131,0.763,0.747,-0.467,0.787,0.726,0.863,0.792,0.868,0.325,0.674,0.452,0.744,0.745,0.743,0.062,-0.704,0.777,0.721,0.397,0.56
AGIO,0.823,0.756,0.708,0.221,0.774,0.748,0.794,0.643,0.715,0.0,-0.14,0.841,0.751,0.732,0.866,0.76,0.687,0.676,-0.419,0.261,0.429,0.879,0.909,0.471,-0.493,-0.144,0.511,0.875,0.718,0.755,0.889,0.732,0.776,-0.178,0.611,0.736,0.418,0.702,0.148,0.846,0.89,0.698,0.726,0.838,-0.081,0.559,0.737,0.749,0.437,0.526,-0.466,0.326,0.202,0.634,-0.178,0.796,0.725,0.706,0.829,0.545,-0.198,-0.096,0.826,0.759,-0.815,0.722,-0.24,-0.303,0.577,0.654,0.604,0.525,0.659,0.828,0.697,0.844,0.647,-0.561,0.905,0.52,-0.448,0.647,0.499,0.391,0.743,-0.291,0.814,0.778,0.025,-0.197,-0.393,0.03,0.795,0.234,0.79,-0.243,0.758,0.648,0.816,0.772,0.38,0.798,0.668,0.832,0.897,0.375,0.643,0.707,0.105,0.454,-0.14,0.835,0.815,0.689,0.746,0.077,0.502,0.354,-0.066,0.569,0.64,0.728,0.763,0.693,0.742,0.714,0.673,-0.156,0.675,0.769,0.634,0.794,0.766,0.735,0.047,0.868,-0.455,0.692,0.876,0.263,0.775,-0.325,0.144,0.625,0.71,-0.736,0.724,0.672,0.724,0.735,0.73,0.112,-0.154,0.357,0.59,-0.148,0.568,0.617,0.55,-0.299,0.837,0.782,0.545,0.703,-0.472,-0.366,0.708,0.785,-0.191,0.469,0.596,0.757,0.856,-0.558,0.801,0.833,0.715,0.515,0.641,0.536,0.722,0.738,-0.247,0.768,0.851,0.809,0.832,0.783,0.433,0.441,0.607,0.759,0.753,0.818,0.354,-0.526,0.747,0.476,0.661,0.766
ALEC,-0.541,-0.613,-0.085,0.088,-0.632,-0.567,-0.584,-0.771,-0.06,-0.14,0.0,-0.297,-0.693,-0.622,-0.354,-0.587,-0.487,-0.721,0.564,0.243,-0.537,-0.15,-0.127,-0.643,0.619,0.572,-0.403,-0.335,-0.237,-0.529,0.06,-0.468,-0.383,0.556,-0.218,-0.664,-0.653,-0.575,-0.423,-0.119,-0.323,-0.097,-0.422,-0.412,0.483,-0.205,-0.213,-0.64,-0.016,-0.827,0.167,0.018,0.016,-0.523,-0.052,-0.619,-0.711,-0.742,-0.491,0.513,0.369,0.172,-0.495,-0.598,0.3,-0.552,-0.002,0.788,-0.355,-0.538,-0.088,-0.345,-0.398,-0.318,-0.557,-0.32,-0.388,0.66,-0.269,-0.02,0.446,-0.691,-0.17,-0.788,-0.68,0.295,-0.257,-0.464,0.672,-0.674,0.208,-0.087,-0.291,0.007,-0.463,0.232,-0.61,-0.777,-0.413,-0.547,-0.116,-0.393,-0.635,-0.151,-0.36,-0.646,-0.791,-0.574,-0.257,0.452,0.047,-0.507,-0.548,-0.457,-0.483,0.675,-0.245,-0.355,0.063,-0.54,0.117,-0.613,-0.608,-0.155,-0.389,-0.673,-0.2,0.253,-0.733,-0.586,-0.497,0.306,-0.554,-0.461,0.079,-0.383,0.054,-0.319,-0.267,-0.667,-0.524,0.342,-0.508,-0.727,0.426,0.292,-0.507,-0.721,-0.58,-0.511,-0.665,0.323,0.393,-0.613,-0.102,0.014,-0.156,-0.248,-0.795,0.587,-0.252,-0.427,-0.786,-0.708,0.652,-0.21,-0.725,-0.591,0.715,0.263,-0.773,-0.282,-0.387,0.007,-0.309,-0.244,-0.295,-0.808,-0.299,-0.273,-0.554,-0.574,-0.406,-0.508,-0.466,-0.273,-0.342,-0.257,-0.794,0.026,-0.676,-0.594,-0.451,-0.382,0.352,0.566,-0.48,0.069,-0.542,-0.533
ALNY,0.838,0.733,0.665,0.027,0.784,0.806,0.811,0.779,0.617,0.841,-0.297,0.0,0.762,0.842,0.822,0.826,0.692,0.709,-0.381,0.044,0.455,0.815,0.719,0.531,-0.544,-0.132,0.723,0.723,0.665,0.656,0.752,0.589,0.797,-0.169,0.455,0.821,0.513,0.727,0.386,0.784,0.814,0.427,0.612,0.817,0.012,0.416,0.621,0.799,0.561,0.603,-0.209,0.085,0.078,0.699,-0.196,0.766,0.785,0.728,0.838,0.276,-0.22,0.06,0.894,0.859,-0.807,0.664,0.079,-0.336,0.417,0.577,0.678,0.275,0.571,0.886,0.65,0.81,0.717,-0.577,0.874,0.561,-0.329,0.657,0.226,0.446,0.778,-0.054,0.751,0.712,-0.088,0.016,-0.477,0.158,0.701,0.33,0.674,-0.187,0.832,0.667,0.822,0.776,0.566,0.759,0.666,0.767,0.746,0.585,0.73,0.6,0.405,0.35,0.083,0.775,0.742,0.786,0.834,0.071,0.278,0.587,0.04,0.739,0.565,0.727,0.795,0.75,0.613,0.742,0.644,-0.204,0.754,0.841,0.556,0.689,0.72,0.759,0.273,0.826,-0.146,0.523,0.774,0.557,0.727,-0.172,0.34,0.716,0.544,-0.622,0.587,0.774,0.746,0.742,0.679,0.062,-0.007,0.648,0.631,0.143,0.558,0.452,0.656,-0.303,0.643,0.698,0.744,0.693,-0.658,-0.231,0.738,0.775,-0.305,0.556,0.65,0.577,0.83,-0.496,0.674,0.71,0.779,0.693,0.416,0.662,0.627,0.735,-0.147,0.731,0.872,0.693,0.756,0.709,0.647,0.371,0.798,0.799,0.636,0.808,0.333,-0.407,0.752,0.37,0.705,0.721
ALTR,0.925,0.92,0.586,0.135,0.946,0.939,0.946,0.931,0.617,0.751,-0.693,0.762,0.0,0.881,0.86,0.894,0.824,0.942,-0.751,0.101,0.583,0.752,0.745,0.664,-0.808,-0.536,0.514,0.825,0.717,0.853,0.573,0.822,0.736,-0.521,0.555,0.936,0.606,0.821,0.308,0.582,0.851,0.597,0.78,0.872,-0.419,0.481,0.683,0.94,0.242,0.928,-0.496,0.227,0.145,0.867,-0.169,0.945,0.969,0.967,0.93,0.076,-0.504,-0.321,0.879,0.945,-0.823,0.849,-0.247,-0.759,0.673,0.827,0.426,0.616,0.695,0.792,0.817,0.833,0.667,-0.882,0.821,0.324,-0.681,0.841,0.482,0.762,0.943,-0.499,0.73,0.879,-0.478,0.196,-0.459,-0.068,0.774,0.019,0.847,-0.456,0.889,0.92,0.86,0.823,0.253,0.801,0.842,0.682,0.857,0.619,0.958,0.886,0.148,0.032,-0.249,0.94,0.878,0.809,0.804,-0.4,0.5,0.405,-0.204,0.639,0.31,0.938,0.948,0.53,0.781,0.92,0.567,-0.23,0.963,0.929,0.848,0.31,0.893,0.803,-0.045,0.842,-0.428,0.749,0.791,0.537,0.932,-0.523,0.43,0.913,0.258,-0.776,0.846,0.909,0.811,0.89,0.925,-0.215,-0.462,0.656,0.465,-0.195,0.407,0.578,0.853,-0.512,0.727,0.831,0.882,0.908,-0.812,-0.224,0.975,0.924,-0.628,0.109,0.855,0.744,0.863,-0.471,0.788,0.762,0.649,0.863,0.706,0.443,0.851,0.868,-0.021,0.852,0.906,0.799,0.773,0.721,0.778,0.414,0.865,0.917,0.783,0.8,-0.027,-0.787,0.864,0.261,0.752,0.828
AMBA,0.907,0.86,0.557,-0.136,0.878,0.84,0.85,0.923,0.501,0.732,-0.622,0.842,0.881,0.0,0.835,0.924,0.734,0.882,-0.472,-0.046,0.727,0.723,0.674,0.766,-0.593,-0.322,0.754,0.75,0.637,0.781,0.604,0.726,0.871,-0.332,0.55,0.95,0.772,0.896,0.503,0.692,0.786,0.416,0.726,0.793,-0.116,0.428,0.55,0.912,0.416,0.787,-0.179,0.137,0.087,0.706,-0.013,0.874,0.908,0.875,0.842,-0.013,-0.189,0.093,0.951,0.89,-0.723,0.806,0.032,-0.533,0.511,0.709,0.675,0.448,0.721,0.787,0.797,0.705,0.789,-0.655,0.807,0.472,-0.35,0.86,0.346,0.723,0.92,-0.147,0.701,0.753,-0.309,0.356,-0.331,0.279,0.656,0.339,0.778,-0.205,0.94,0.889,0.814,0.856,0.583,0.737,0.884,0.735,0.771,0.746,0.926,0.723,0.451,0.118,0.151,0.838,0.857,0.759,0.915,-0.195,0.454,0.61,0.082,0.865,0.502,0.775,0.866,0.698,0.692,0.884,0.713,-0.28,0.882,0.905,0.661,0.459,0.83,0.753,0.193,0.861,-0.077,0.52,0.755,0.765,0.803,-0.234,0.469,0.882,0.239,-0.569,0.717,0.953,0.909,0.764,0.837,-0.005,-0.145,0.756,0.583,0.092,0.588,0.457,0.88,-0.545,0.675,0.775,0.918,0.873,-0.754,-0.039,0.873,0.869,-0.461,0.38,0.882,0.616,0.823,-0.35,0.641,0.662,0.83,0.871,0.46,0.739,0.78,0.846,0.177,0.837,0.887,0.718,0.823,0.717,0.882,0.191,0.879,0.894,0.772,0.81,0.149,-0.534,0.748,0.303,0.885,0.853
AMCX,0.912,0.867,0.773,0.24,0.904,0.898,0.893,0.783,0.83,0.866,-0.354,0.822,0.86,0.835,0.0,0.892,0.842,0.82,-0.594,0.208,0.497,0.908,0.832,0.532,-0.531,-0.452,0.551,0.909,0.803,0.877,0.779,0.857,0.877,-0.205,0.669,0.848,0.574,0.835,0.188,0.731,0.963,0.735,0.86,0.947,-0.032,0.571,0.832,0.897,0.462,0.712,-0.519,0.411,0.361,0.765,-0.231,0.882,0.866,0.85,0.937,0.36,-0.33,-0.198,0.884,0.86,-0.886,0.873,-0.307,-0.425,0.622,0.833,0.636,0.621,0.822,0.911,0.846,0.887,0.681,-0.641,0.958,0.562,-0.492,0.75,0.576,0.531,0.812,-0.397,0.784,0.927,-0.104,-0.107,-0.434,0.118,0.84,0.079,0.909,-0.338,0.787,0.788,0.944,0.808,0.297,0.88,0.844,0.908,0.919,0.575,0.818,0.867,0.101,0.445,-0.172,0.935,0.886,0.813,0.851,-0.138,0.567,0.399,-0.147,0.634,0.616,0.87,0.917,0.655,0.852,0.821,0.691,-0.147,0.776,0.915,0.829,0.575,0.923,0.853,-0.04,0.948,-0.491,0.742,0.954,0.371,0.912,-0.377,0.321,0.82,0.586,-0.839,0.85,0.836,0.784,0.892,0.856,0.108,-0.307,0.533,0.651,-0.252,0.622,0.678,0.663,-0.43,0.874,0.922,0.691,0.84,-0.684,-0.32,0.856,0.86,-0.271,0.326,0.76,0.862,0.974,-0.675,0.884,0.899,0.828,0.66,0.742,0.493,0.864,0.888,-0.191,0.897,0.932,0.896,0.914,0.913,0.626,0.516,0.743,0.927,0.862,0.904,0.101,-0.691,0.882,0.566,0.725,0.857
AMKR,0.924,0.906,0.61,0.074,0.934,0.875,0.897,0.892,0.646,0.76,-0.587,0.826,0.894,0.924,0.892,0.0,0.801,0.876,-0.568,0.029,0.686,0.817,0.72,0.726,-0.596,-0.466,0.684,0.838,0.655,0.866,0.641,0.81,0.883,-0.352,0.589,0.917,0.761,0.906,0.365,0.681,0.851,0.532,0.788,0.897,-0.14,0.533,0.745,0.936,0.431,0.813,-0.318,0.296,0.278,0.722,-0.111,0.919,0.918,0.918,0.9,0.128,-0.312,-0.069,0.914,0.884,-0.78,0.894,-0.134,-0.565,0.563,0.812,0.634,0.536,0.79,0.858,0.855,0.822,0.674,-0.693,0.848,0.531,-0.451,0.868,0.472,0.739,0.887,-0.27,0.785,0.855,-0.215,0.183,-0.44,0.248,0.792,0.204,0.858,-0.181,0.893,0.896,0.892,0.872,0.42,0.848,0.905,0.805,0.812,0.71,0.912,0.841,0.257,0.257,0.002,0.883,0.92,0.803,0.903,-0.253,0.459,0.531,-0.047,0.755,0.528,0.865,0.929,0.611,0.775,0.903,0.689,-0.23,0.863,0.928,0.753,0.46,0.913,0.84,0.052,0.883,-0.26,0.571,0.832,0.627,0.854,-0.287,0.399,0.902,0.286,-0.705,0.799,0.954,0.863,0.85,0.877,0.005,-0.287,0.69,0.584,-0.06,0.621,0.623,0.837,-0.636,0.802,0.857,0.862,0.912,-0.732,-0.162,0.91,0.869,-0.456,0.24,0.895,0.743,0.902,-0.513,0.808,0.806,0.805,0.831,0.6,0.59,0.858,0.9,0.022,0.891,0.895,0.79,0.855,0.805,0.829,0.28,0.818,0.939,0.81,0.88,0.054,-0.641,0.833,0.484,0.826,0.886
AMRX,0.847,0.877,0.696,0.251,0.912,0.824,0.822,0.784,0.791,0.687,-0.487,0.692,0.824,0.734,0.842,0.801,0.0,0.754,-0.573,0.278,0.489,0.725,0.7,0.558,-0.581,-0.631,0.46,0.859,0.827,0.838,0.676,0.852,0.74,-0.18,0.735,0.799,0.552,0.777,-0.054,0.613,0.886,0.71,0.853,0.862,-0.205,0.641,0.725,0.816,0.249,0.777,-0.499,0.538,0.475,0.771,-0.113,0.843,0.85,0.864,0.844,0.225,-0.321,-0.255,0.795,0.821,-0.748,0.837,-0.345,-0.536,0.592,0.822,0.54,0.659,0.807,0.772,0.797,0.79,0.649,-0.688,0.76,0.545,-0.571,0.727,0.572,0.604,0.796,-0.506,0.629,0.868,-0.229,0.011,-0.252,0.071,0.727,0.147,0.871,-0.278,0.698,0.805,0.87,0.7,0.162,0.881,0.772,0.706,0.833,0.541,0.786,0.859,-0.042,0.373,-0.3,0.871,0.828,0.915,0.734,-0.302,0.606,0.18,-0.229,0.512,0.483,0.89,0.865,0.431,0.874,0.862,0.641,0.038,0.767,0.848,0.883,0.358,0.871,0.751,-0.236,0.827,-0.477,0.741,0.862,0.354,0.872,-0.432,0.423,0.899,0.333,-0.81,0.875,0.814,0.744,0.868,0.855,0.041,-0.485,0.453,0.663,-0.279,0.533,0.62,0.641,-0.438,0.814,0.861,0.688,0.796,-0.679,-0.432,0.832,0.848,-0.356,0.031,0.783,0.812,0.833,-0.59,0.833,0.774,0.679,0.66,0.724,0.364,0.877,0.895,-0.115,0.873,0.796,0.863,0.803,0.82,0.674,0.5,0.656,0.851,0.843,0.758,0.084,-0.789,0.796,0.584,0.636,0.767
ANSS,0.894,0.884,0.532,0.052,0.892,0.861,0.882,0.938,0.526,0.676,-0.721,0.709,0.942,0.882,0.82,0.876,0.754,0.0,-0.673,-0.022,0.694,0.663,0.66,0.763,-0.682,-0.487,0.576,0.779,0.615,0.848,0.488,0.78,0.761,-0.519,0.564,0.922,0.734,0.867,0.398,0.581,0.795,0.5,0.732,0.792,-0.308,0.469,0.595,0.933,0.346,0.882,-0.423,0.172,0.108,0.762,0.045,0.885,0.925,0.945,0.858,-0.032,-0.359,-0.185,0.846,0.856,-0.722,0.832,-0.201,-0.689,0.597,0.8,0.499,0.548,0.707,0.712,0.847,0.714,0.627,-0.773,0.764,0.299,-0.547,0.885,0.525,0.787,0.904,-0.38,0.663,0.831,-0.448,0.344,-0.356,0.102,0.673,0.067,0.812,-0.353,0.874,0.929,0.784,0.846,0.315,0.73,0.878,0.673,0.811,0.694,0.941,0.842,0.252,0.027,-0.083,0.888,0.872,0.72,0.835,-0.488,0.486,0.477,0.026,0.71,0.355,0.864,0.897,0.517,0.729,0.882,0.589,-0.266,0.901,0.881,0.76,0.282,0.871,0.769,-0.019,0.826,-0.355,0.642,0.755,0.589,0.857,-0.417,0.402,0.891,0.198,-0.669,0.792,0.922,0.861,0.776,0.919,-0.147,-0.334,0.683,0.445,-0.12,0.525,0.587,0.885,-0.621,0.685,0.786,0.864,0.903,-0.714,-0.091,0.933,0.86,-0.605,0.14,0.901,0.669,0.808,-0.309,0.716,0.695,0.719,0.872,0.596,0.522,0.832,0.843,0.167,0.829,0.839,0.737,0.762,0.709,0.83,0.242,0.837,0.892,0.779,0.773,0.0,-0.72,0.78,0.267,0.826,0.863
APPN,-0.591,-0.598,-0.443,-0.246,-0.665,-0.77,-0.726,-0.599,-0.522,-0.419,0.564,-0.381,-0.751,-0.472,-0.594,-0.568,-0.573,-0.673,0.0,-0.236,-0.168,-0.508,-0.463,-0.255,0.77,0.632,-0.05,-0.537,-0.5,-0.585,-0.251,-0.616,-0.37,0.612,-0.222,-0.595,-0.188,-0.466,-0.13,-0.136,-0.578,-0.528,-0.553,-0.642,0.581,-0.201,-0.55,-0.648,0.063,-0.791,0.579,-0.187,-0.202,-0.743,0.398,-0.641,-0.678,-0.715,-0.702,0.032,0.76,0.677,-0.479,-0.694,0.717,-0.599,0.393,0.779,-0.597,-0.65,0.063,-0.549,-0.405,-0.548,-0.502,-0.647,-0.304,0.84,-0.576,0.023,0.784,-0.528,-0.329,-0.577,-0.638,0.704,-0.42,-0.685,0.593,0.019,0.565,0.441,-0.622,0.482,-0.594,0.66,-0.48,-0.607,-0.621,-0.409,0.193,-0.518,-0.557,-0.417,-0.596,-0.305,-0.687,-0.738,0.188,0.102,0.618,-0.7,-0.548,-0.557,-0.403,0.537,-0.347,-0.128,0.488,-0.185,0.068,-0.778,-0.716,-0.176,-0.555,-0.623,-0.18,0.257,-0.738,-0.622,-0.76,0.052,-0.641,-0.544,0.188,-0.519,0.567,-0.679,-0.507,-0.17,-0.765,0.616,-0.165,-0.626,-0.166,0.764,-0.643,-0.562,-0.352,-0.733,-0.65,0.493,0.671,-0.433,-0.15,0.449,0.038,-0.37,-0.476,0.345,-0.447,-0.587,-0.593,-0.62,0.744,0.286,-0.751,-0.594,0.58,0.212,-0.502,-0.59,-0.63,0.51,-0.614,-0.551,-0.259,-0.592,-0.709,0.062,-0.595,-0.549,0.226,-0.545,-0.59,-0.561,-0.433,-0.479,-0.412,-0.474,-0.632,-0.626,-0.469,-0.515,0.359,0.807,-0.704,-0.036,-0.292,-0.494
APTO,0.158,0.157,0.311,0.081,0.18,0.176,0.093,-0.118,0.515,0.261,0.243,0.044,0.101,-0.046,0.208,0.029,0.278,-0.022,-0.236,0.0,-0.168,0.249,0.476,-0.156,-0.158,-0.262,-0.377,0.313,0.444,0.239,0.324,0.395,0.077,0.087,0.382,-0.018,-0.258,0.083,-0.634,0.091,0.32,0.618,0.381,0.227,-0.196,0.176,0.294,0.052,-0.381,0.024,-0.311,0.52,0.486,0.149,-0.2,0.111,0.028,0.075,0.171,0.365,-0.15,-0.358,0.044,0.083,-0.298,0.235,-0.62,-0.026,0.303,0.227,0.071,0.507,0.302,0.122,0.099,0.215,0.087,-0.189,0.19,0.107,-0.33,0.042,0.291,0.037,0.026,-0.56,0.058,0.289,0.027,-0.526,0.014,-0.335,0.313,-0.264,0.32,-0.354,-0.058,0.024,0.287,-0.12,-0.175,0.297,0.087,0.295,0.31,-0.412,-0.031,0.267,-0.628,0.426,-0.559,0.213,0.118,0.274,-0.024,0.001,0.482,-0.445,-0.46,-0.33,0.239,0.204,0.138,-0.069,0.413,0.1,0.304,0.141,0.064,0.055,0.386,0.183,0.217,0.043,-0.334,0.219,-0.419,0.404,0.338,-0.404,0.311,-0.391,-0.334,0.082,0.397,-0.463,0.374,-0.006,-0.023,0.256,0.119,-0.106,-0.478,-0.233,0.224,-0.574,-0.038,0.129,-0.219,0.071,0.349,0.279,-0.129,0.006,-0.1,-0.617,0.07,0.107,0.066,-0.219,-0.055,0.477,0.199,-0.448,0.338,0.305,0.075,-0.169,0.523,-0.177,0.275,0.17,-0.436,0.243,0.121,0.388,0.258,0.329,-0.173,0.406,-0.156,0.108,0.269,0.113,0.076,-0.403,0.16,0.269,-0.131,-0.055
ARCT,0.636,0.662,0.172,-0.264,0.604,0.421,0.498,0.694,0.2,0.429,-0.537,0.455,0.583,0.727,0.497,0.686,0.489,0.694,-0.168,-0.168,0.0,0.381,0.441,0.864,-0.279,-0.194,0.642,0.599,0.255,0.643,0.36,0.536,0.69,-0.363,0.491,0.697,0.87,0.811,0.361,0.56,0.457,0.186,0.486,0.442,-0.107,0.444,0.281,0.627,0.328,0.536,0.044,0.157,0.096,0.293,0.511,0.616,0.597,0.656,0.471,-0.181,0.17,0.303,0.671,0.478,-0.265,0.594,0.034,-0.395,0.304,0.494,0.642,0.362,0.611,0.367,0.685,0.307,0.446,-0.35,0.416,0.276,-0.101,0.825,0.475,0.77,0.662,0.05,0.43,0.462,-0.158,0.548,0.021,0.466,0.35,0.406,0.575,0.147,0.738,0.757,0.464,0.715,0.501,0.442,0.745,0.514,0.53,0.583,0.666,0.494,0.411,0.074,0.382,0.547,0.732,0.408,0.73,-0.231,0.332,0.459,0.376,0.711,0.455,0.47,0.549,0.356,0.495,0.719,0.667,-0.24,0.59,0.546,0.37,0.331,0.6,0.407,0.112,0.573,0.059,0.133,0.481,0.686,0.454,0.062,0.222,0.671,-0.116,-0.187,0.519,0.763,0.826,0.361,0.657,0.056,-0.028,0.546,0.308,0.24,0.7,0.388,0.75,-0.786,0.54,0.507,0.667,0.647,-0.3,0.038,0.584,0.552,-0.374,0.146,0.804,0.35,0.464,0.056,0.41,0.39,0.636,0.655,0.184,0.699,0.637,0.596,0.526,0.632,0.518,0.523,0.595,0.467,0.792,-0.255,0.509,0.618,0.613,0.474,0.233,-0.301,0.323,0.342,0.861,0.74
ARWR,0.831,0.754,0.787,0.351,0.789,0.828,0.833,0.648,0.805,0.879,-0.15,0.815,0.752,0.723,0.908,0.817,0.725,0.663,-0.508,0.249,0.381,0.0,0.831,0.419,-0.485,-0.272,0.461,0.846,0.76,0.748,0.821,0.735,0.751,-0.158,0.558,0.743,0.394,0.675,0.166,0.69,0.894,0.686,0.722,0.91,0.031,0.551,0.873,0.803,0.465,0.586,-0.506,0.327,0.283,0.748,-0.354,0.771,0.756,0.719,0.887,0.562,-0.399,-0.257,0.803,0.787,-0.872,0.765,-0.278,-0.35,0.555,0.747,0.591,0.515,0.666,0.905,0.719,0.921,0.567,-0.589,0.912,0.603,-0.456,0.568,0.509,0.349,0.699,-0.332,0.855,0.841,0.019,-0.295,-0.511,0.019,0.879,0.068,0.793,-0.279,0.705,0.63,0.87,0.751,0.229,0.818,0.656,0.866,0.854,0.449,0.682,0.759,0.064,0.473,-0.209,0.851,0.771,0.742,0.761,0.032,0.444,0.393,-0.202,0.492,0.557,0.773,0.833,0.646,0.735,0.686,0.563,-0.047,0.664,0.849,0.734,0.678,0.808,0.818,0.041,0.841,-0.482,0.693,0.877,0.25,0.814,-0.348,0.328,0.65,0.662,-0.805,0.717,0.682,0.637,0.836,0.685,0.081,-0.225,0.452,0.632,-0.25,0.524,0.681,0.533,-0.235,0.81,0.842,0.56,0.724,-0.567,-0.355,0.755,0.791,-0.254,0.412,0.577,0.809,0.911,-0.712,0.888,0.914,0.713,0.557,0.702,0.391,0.711,0.766,-0.391,0.767,0.874,0.832,0.803,0.812,0.454,0.595,0.646,0.807,0.702,0.892,0.121,-0.544,0.862,0.514,0.61,0.723
ASND,0.81,0.777,0.649,0.172,0.766,0.728,0.744,0.584,0.766,0.909,-0.127,0.719,0.745,0.674,0.832,0.72,0.7,0.66,-0.463,0.476,0.441,0.831,0.0,0.458,-0.508,-0.27,0.347,0.872,0.759,0.78,0.819,0.807,0.722,-0.2,0.692,0.675,0.368,0.71,-0.032,0.741,0.875,0.8,0.783,0.802,-0.21,0.567,0.737,0.725,0.208,0.534,-0.496,0.457,0.326,0.611,-0.146,0.776,0.685,0.697,0.788,0.515,-0.235,-0.201,0.758,0.701,-0.787,0.744,-0.417,-0.334,0.692,0.7,0.572,0.675,0.715,0.729,0.699,0.795,0.585,-0.582,0.834,0.437,-0.487,0.653,0.592,0.465,0.711,-0.456,0.724,0.8,-0.043,-0.236,-0.305,-0.041,0.793,0.122,0.823,-0.347,0.7,0.655,0.813,0.674,0.301,0.8,0.676,0.819,0.888,0.224,0.616,0.747,-0.089,0.474,-0.261,0.832,0.789,0.676,0.665,0.006,0.615,0.182,-0.198,0.42,0.622,0.723,0.746,0.552,0.805,0.706,0.718,-0.107,0.667,0.712,0.715,0.692,0.779,0.641,-0.11,0.85,-0.518,0.716,0.87,0.165,0.807,-0.442,0.035,0.635,0.632,-0.774,0.792,0.653,0.683,0.738,0.73,0.035,-0.33,0.296,0.554,-0.296,0.507,0.581,0.493,-0.336,0.861,0.799,0.506,0.672,-0.48,-0.481,0.692,0.76,-0.235,0.266,0.579,0.824,0.811,-0.585,0.815,0.82,0.666,0.461,0.739,0.43,0.771,0.733,-0.268,0.789,0.804,0.855,0.825,0.793,0.409,0.435,0.511,0.738,0.778,0.741,0.336,-0.624,0.694,0.502,0.614,0.685
ASTH,0.733,0.723,0.256,-0.157,0.694,0.526,0.608,0.782,0.237,0.471,-0.643,0.531,0.664,0.766,0.532,0.726,0.558,0.763,-0.255,-0.156,0.864,0.419,0.458,0.0,-0.362,-0.203,0.68,0.611,0.351,0.694,0.36,0.588,0.686,-0.393,0.524,0.78,0.875,0.824,0.386,0.591,0.526,0.235,0.54,0.524,-0.151,0.483,0.342,0.717,0.329,0.683,-0.086,0.112,0.113,0.429,0.343,0.664,0.696,0.747,0.569,-0.13,0.021,0.187,0.686,0.573,-0.354,0.651,0.011,-0.484,0.321,0.619,0.645,0.367,0.628,0.465,0.76,0.392,0.45,-0.464,0.451,0.332,-0.116,0.816,0.444,0.749,0.721,-0.05,0.478,0.558,-0.26,0.56,-0.063,0.442,0.464,0.344,0.622,0.06,0.758,0.85,0.55,0.777,0.45,0.564,0.765,0.503,0.57,0.651,0.748,0.596,0.386,0.033,0.281,0.619,0.747,0.508,0.742,-0.261,0.344,0.501,0.267,0.716,0.406,0.565,0.639,0.398,0.547,0.757,0.615,-0.183,0.662,0.632,0.449,0.299,0.669,0.548,0.11,0.614,-0.03,0.259,0.534,0.682,0.543,-0.07,0.373,0.743,-0.099,-0.258,0.584,0.804,0.863,0.49,0.702,-0.043,-0.081,0.61,0.496,0.16,0.653,0.425,0.813,-0.717,0.563,0.577,0.724,0.734,-0.416,0.069,0.687,0.663,-0.546,0.12,0.847,0.411,0.534,-0.06,0.478,0.462,0.695,0.8,0.264,0.656,0.688,0.68,0.44,0.692,0.603,0.517,0.624,0.492,0.814,-0.161,0.62,0.692,0.644,0.595,0.201,-0.387,0.457,0.312,0.849,0.783
ATSG,-0.653,-0.645,-0.361,-0.032,-0.697,-0.778,-0.77,-0.717,-0.396,-0.493,0.619,-0.544,-0.808,-0.593,-0.531,-0.596,-0.581,-0.682,0.77,-0.158,-0.279,-0.485,-0.508,-0.362,0.0,0.454,-0.188,-0.517,-0.504,-0.526,-0.316,-0.526,-0.347,0.712,-0.171,-0.704,-0.206,-0.472,-0.254,-0.235,-0.568,-0.379,-0.462,-0.617,0.716,-0.142,-0.429,-0.661,0.06,-0.816,0.387,0.024,0.052,-0.81,0.308,-0.713,-0.764,-0.74,-0.734,0.07,0.686,0.506,-0.613,-0.801,0.706,-0.528,0.185,0.85,-0.515,-0.555,-0.014,-0.422,-0.289,-0.556,-0.431,-0.653,-0.426,0.949,-0.538,0.032,0.833,-0.573,-0.12,-0.659,-0.763,0.542,-0.46,-0.606,0.732,-0.113,0.562,0.516,-0.601,0.211,-0.517,0.603,-0.622,-0.635,-0.601,-0.469,-0.05,-0.523,-0.526,-0.352,-0.587,-0.315,-0.733,-0.631,-0.015,0.253,0.49,-0.681,-0.562,-0.646,-0.48,0.36,-0.233,-0.234,0.429,-0.293,0.151,-0.778,-0.71,-0.27,-0.469,-0.735,-0.239,0.247,-0.863,-0.667,-0.681,-0.091,-0.575,-0.533,-0.027,-0.485,0.344,-0.61,-0.441,-0.373,-0.73,0.563,-0.303,-0.668,-0.09,0.616,-0.572,-0.62,-0.454,-0.715,-0.653,0.611,0.544,-0.516,-0.196,0.18,0.044,-0.241,-0.565,0.311,-0.364,-0.476,-0.748,-0.608,0.81,0.325,-0.777,-0.671,0.744,0.052,-0.524,-0.452,-0.585,0.378,-0.532,-0.458,-0.224,-0.726,-0.562,-0.15,-0.526,-0.539,0.158,-0.517,-0.638,-0.541,-0.384,-0.355,-0.523,-0.375,-0.753,-0.629,-0.398,-0.485,0.094,0.662,-0.657,0.123,-0.38,-0.479
AVTX,-0.419,-0.547,-0.336,-0.261,-0.584,-0.52,-0.476,-0.459,-0.497,-0.144,0.572,-0.132,-0.536,-0.322,-0.452,-0.466,-0.631,-0.487,0.632,-0.262,-0.194,-0.272,-0.27,-0.203,0.454,0.0,0.029,-0.437,-0.471,-0.562,-0.068,-0.625,-0.312,0.241,-0.408,-0.377,-0.302,-0.409,0.205,0.016,-0.442,-0.497,-0.596,-0.495,0.399,-0.363,-0.485,-0.494,0.161,-0.621,0.487,-0.523,-0.478,-0.48,0.2,-0.528,-0.537,-0.589,-0.469,0.173,0.473,0.501,-0.284,-0.453,0.367,-0.615,0.516,0.541,-0.488,-0.617,0.025,-0.644,-0.54,-0.344,-0.498,-0.417,-0.275,0.539,-0.31,-0.111,0.576,-0.454,-0.466,-0.519,-0.435,0.665,-0.125,-0.588,0.44,-0.059,0.136,0.088,-0.41,0.275,-0.574,0.379,-0.296,-0.537,-0.508,-0.25,0.259,-0.484,-0.538,-0.279,-0.398,-0.281,-0.535,-0.68,0.363,-0.036,0.486,-0.507,-0.469,-0.548,-0.28,0.598,-0.486,0.121,0.445,-0.092,-0.026,-0.635,-0.564,0.057,-0.571,-0.517,-0.199,0.025,-0.486,-0.47,-0.726,0.314,-0.584,-0.422,0.496,-0.384,0.464,-0.543,-0.425,-0.102,-0.593,0.531,-0.256,-0.623,0.089,0.603,-0.646,-0.504,-0.285,-0.606,-0.59,0.13,0.702,-0.19,-0.148,0.539,-0.08,-0.375,-0.409,0.432,-0.439,-0.541,-0.437,-0.529,0.554,0.248,-0.571,-0.448,0.314,0.488,-0.539,-0.573,-0.456,0.415,-0.53,-0.409,-0.208,-0.381,-0.655,0.139,-0.612,-0.594,0.057,-0.52,-0.366,-0.465,-0.387,-0.485,-0.42,-0.342,-0.303,-0.518,-0.527,-0.331,0.465,0.768,-0.507,-0.325,-0.17,-0.375
BCPC,0.608,0.576,0.275,-0.154,0.574,0.478,0.525,0.691,0.237,0.511,-0.403,0.723,0.514,0.754,0.551,0.684,0.46,0.576,-0.05,-0.377,0.642,0.461,0.347,0.68,-0.188,0.029,0.0,0.493,0.271,0.49,0.459,0.356,0.758,0.008,0.335,0.68,0.778,0.713,0.528,0.721,0.479,0.054,0.413,0.498,0.23,0.382,0.287,0.62,0.616,0.445,0.149,-0.023,0.03,0.323,0.187,0.557,0.592,0.563,0.5,-0.002,0.159,0.453,0.729,0.575,-0.359,0.454,0.47,-0.158,0.184,0.373,0.763,0.052,0.526,0.6,0.579,0.424,0.545,-0.219,0.543,0.568,0.113,0.617,0.132,0.439,0.603,0.32,0.548,0.406,0.042,0.447,-0.184,0.592,0.346,0.591,0.471,0.285,0.723,0.631,0.507,0.725,0.674,0.489,0.606,0.507,0.444,0.761,0.614,0.352,0.687,0.214,0.556,0.5,0.61,0.492,0.73,0.059,0.073,0.692,0.438,0.901,0.565,0.421,0.54,0.622,0.398,0.608,0.582,-0.179,0.524,0.624,0.208,0.483,0.524,0.504,0.382,0.618,0.232,0.077,0.497,0.812,0.378,0.221,0.418,0.61,0.105,-0.19,0.342,0.714,0.757,0.405,0.506,0.296,0.246,0.699,0.455,0.549,0.664,0.32,0.674,-0.451,0.441,0.487,0.674,0.606,-0.395,0.181,0.523,0.592,-0.182,0.48,0.679,0.243,0.525,-0.067,0.332,0.387,0.725,0.631,0.003,0.794,0.488,0.572,0.347,0.588,0.597,0.399,0.597,0.46,0.754,-0.085,0.641,0.614,0.529,0.585,0.329,-0.108,0.424,0.398,0.806,0.667
BEAM,0.889,0.888,0.663,0.248,0.899,0.795,0.831,0.728,0.813,0.875,-0.335,0.723,0.825,0.75,0.909,0.838,0.859,0.779,-0.537,0.313,0.599,0.846,0.872,0.611,-0.517,-0.437,0.493,0.0,0.763,0.906,0.815,0.894,0.834,-0.234,0.759,0.8,0.6,0.843,-0.005,0.779,0.935,0.789,0.873,0.889,-0.159,0.67,0.795,0.829,0.333,0.681,-0.524,0.531,0.439,0.673,-0.041,0.869,0.811,0.843,0.862,0.408,-0.225,-0.198,0.836,0.772,-0.778,0.865,-0.4,-0.454,0.63,0.82,0.639,0.708,0.853,0.804,0.856,0.822,0.598,-0.631,0.86,0.529,-0.522,0.792,0.712,0.599,0.794,-0.467,0.773,0.895,-0.061,-0.078,-0.274,0.091,0.829,0.152,0.935,-0.217,0.754,0.808,0.881,0.789,0.24,0.873,0.822,0.857,0.94,0.462,0.753,0.87,-0.037,0.478,-0.219,0.913,0.924,0.78,0.786,-0.166,0.624,0.237,-0.114,0.553,0.657,0.843,0.852,0.543,0.9,0.855,0.748,-0.099,0.737,0.822,0.812,0.603,0.907,0.753,-0.123,0.9,-0.543,0.725,0.94,0.298,0.871,-0.364,0.205,0.801,0.494,-0.809,0.89,0.798,0.812,0.817,0.864,0.09,-0.396,0.392,0.591,-0.274,0.662,0.716,0.635,-0.537,0.939,0.899,0.612,0.811,-0.529,-0.436,0.811,0.833,-0.282,0.174,0.776,0.868,0.888,-0.575,0.898,0.878,0.757,0.599,0.759,0.48,0.91,0.866,-0.11,0.908,0.843,0.928,0.901,0.876,0.595,0.415,0.602,0.858,0.903,0.826,0.195,-0.728,0.775,0.647,0.74,0.859
BILI,0.809,0.747,0.741,0.186,0.783,0.779,0.728,0.591,0.813,0.718,-0.237,0.665,0.717,0.637,0.803,0.655,0.827,0.615,-0.5,0.444,0.255,0.76,0.759,0.351,-0.504,-0.471,0.271,0.763,0.0,0.735,0.718,0.811,0.63,-0.052,0.789,0.677,0.276,0.616,-0.134,0.589,0.866,0.807,0.826,0.795,-0.128,0.525,0.691,0.704,0.128,0.6,-0.586,0.483,0.393,0.763,-0.289,0.702,0.711,0.689,0.785,0.407,-0.294,-0.292,0.718,0.747,-0.806,0.727,-0.461,-0.368,0.588,0.737,0.502,0.694,0.715,0.715,0.677,0.755,0.733,-0.606,0.793,0.492,-0.513,0.533,0.508,0.361,0.655,-0.572,0.606,0.835,-0.186,-0.242,-0.16,-0.055,0.73,0.052,0.802,-0.46,0.558,0.623,0.84,0.578,0.22,0.8,0.612,0.692,0.811,0.312,0.641,0.765,-0.176,0.44,-0.384,0.821,0.662,0.827,0.61,-0.12,0.699,0.092,-0.347,0.38,0.504,0.762,0.752,0.544,0.828,0.647,0.616,0.047,0.642,0.765,0.853,0.428,0.777,0.719,-0.23,0.798,-0.548,0.863,0.845,0.136,0.84,-0.588,0.321,0.706,0.581,-0.823,0.817,0.635,0.597,0.823,0.72,0.03,-0.458,0.283,0.687,-0.428,0.389,0.528,0.443,-0.107,0.741,0.819,0.511,0.654,-0.635,-0.504,0.7,0.777,-0.237,0.176,0.561,0.84,0.793,-0.7,0.77,0.768,0.65,0.471,0.774,0.256,0.755,0.8,-0.345,0.79,0.774,0.831,0.788,0.801,0.433,0.698,0.547,0.738,0.768,0.717,0.111,-0.731,0.787,0.458,0.484,0.576
BJRI,0.897,0.945,0.613,0.231,0.918,0.809,0.856,0.789,0.737,0.755,-0.529,0.656,0.853,0.781,0.877,0.866,0.838,0.848,-0.585,0.239,0.643,0.748,0.78,0.694,-0.526,-0.562,0.49,0.906,0.735,0.0,0.611,0.942,0.818,-0.324,0.778,0.826,0.707,0.886,0.081,0.701,0.892,0.754,0.904,0.889,-0.215,0.72,0.802,0.88,0.337,0.765,-0.596,0.514,0.433,0.66,-0.055,0.887,0.856,0.909,0.854,0.245,-0.284,-0.227,0.81,0.761,-0.738,0.941,-0.465,-0.534,0.604,0.922,0.559,0.757,0.895,0.746,0.949,0.783,0.57,-0.664,0.813,0.446,-0.557,0.861,0.717,0.701,0.816,-0.508,0.671,0.923,-0.193,0.052,-0.298,0.164,0.789,0.042,0.96,-0.309,0.753,0.894,0.893,0.85,0.197,0.879,0.894,0.809,0.891,0.519,0.838,0.944,-0.031,0.347,-0.203,0.92,0.948,0.734,0.816,-0.305,0.714,0.282,-0.189,0.59,0.562,0.879,0.898,0.51,0.912,0.852,0.708,-0.118,0.766,0.853,0.835,0.394,0.961,0.804,-0.277,0.896,-0.571,0.728,0.904,0.348,0.882,-0.5,0.272,0.851,0.348,-0.772,0.944,0.865,0.863,0.843,0.944,0.066,-0.432,0.433,0.536,-0.364,0.679,0.75,0.738,-0.634,0.897,0.924,0.668,0.908,-0.591,-0.284,0.88,0.873,-0.397,0.047,0.88,0.893,0.887,-0.569,0.884,0.872,0.761,0.691,0.774,0.404,0.958,0.91,-0.029,0.936,0.858,0.851,0.898,0.866,0.687,0.347,0.638,0.917,0.918,0.826,-0.005,-0.796,0.813,0.595,0.779,0.877
BLUE,0.717,0.608,0.658,0.141,0.656,0.596,0.61,0.479,0.71,0.889,0.06,0.752,0.573,0.604,0.779,0.641,0.676,0.488,-0.251,0.324,0.36,0.821,0.819,0.36,-0.316,-0.068,0.459,0.815,0.718,0.611,0.0,0.633,0.724,0.023,0.638,0.614,0.316,0.602,-0.052,0.798,0.809,0.664,0.657,0.716,0.105,0.517,0.636,0.587,0.36,0.361,-0.288,0.43,0.317,0.521,-0.075,0.642,0.559,0.532,0.679,0.591,-0.001,0.041,0.736,0.628,-0.708,0.591,-0.166,-0.137,0.505,0.496,0.664,0.462,0.63,0.746,0.544,0.723,0.643,-0.388,0.8,0.609,-0.265,0.502,0.441,0.261,0.591,-0.201,0.734,0.653,0.18,-0.273,-0.196,0.076,0.67,0.361,0.685,-0.037,0.611,0.488,0.72,0.594,0.431,0.727,0.534,0.788,0.792,0.265,0.46,0.549,0.048,0.604,-0.084,0.702,0.678,0.672,0.624,0.179,0.465,0.181,0.026,0.479,0.715,0.578,0.593,0.607,0.687,0.616,0.714,-0.035,0.509,0.625,0.562,0.854,0.634,0.595,0.123,0.766,-0.324,0.573,0.811,0.208,0.654,-0.108,0.075,0.535,0.728,-0.672,0.615,0.54,0.613,0.606,0.575,0.188,-0.116,0.244,0.682,-0.047,0.547,0.481,0.355,-0.176,0.796,0.681,0.407,0.515,-0.349,-0.492,0.512,0.631,0.019,0.475,0.454,0.674,0.726,-0.524,0.709,0.711,0.671,0.336,0.529,0.53,0.624,0.629,-0.262,0.686,0.688,0.791,0.764,0.741,0.334,0.461,0.432,0.606,0.687,0.68,0.512,-0.408,0.584,0.566,0.542,0.662
