,AAL,AAON,ACB,ACGL,ACGLO,ACIW,ADBE,ADSK,AEP,AGIO,ALEC,ALNY,ALTR,AMBA,AMCX,AMKR,AMRX,ANSS,APPN,APTO,ARCT,ARWR,ASND,ASTH,ATSG,AVTX,BCPC,BEAM,BILI,BJRI,BLUE,BPOP,BRKL,BWIN,BZUN,CARG,CBRL,CBSH,CBUS,CENTA,CERS,CFFN,CHCO,CHEF,CHRD,CINF,CLLS,CMCO,CMCSA,COLL,COMM,COOP,CPB,CRON,CROX,CRUS,CRWD,CTAS,CYBR,CYTK,DGII,DIOD,DOMO,DPZ,DSGR,DXCM,ERIE,ESTA,EXEL,FAST,FCEL,FCFS,FHB,FITBI,FSV,FTDR,FUTU,GLDD,GLPG,GLPI,GOGO,GOSS,GSAT,GYRE,HALO,HAS,HLIT,HLNE,HSDT,HSIC,HTHT,ICHR,IDYA,IMVT,INDB,INSM,IONS,IOSP,ITRI,JBHT,JBLU,JSM,KLIC,KOD,KURA,LAB,LASR,LIN,LKQ,LNT,MBUU,MCRI,MDGL,MEDP,MGNI,MGPI,MGRC,MKTX,MRNA,MRTN,MSEX,MSFT,MU,NAVI,NBTB,NEO,NEOG,NGNE,NSSC,NTAP,NTES,NTLA,NTRS,NYMTN,OBLG,OCFC,ON,ONC,OPI,OSIS,OSW,PALI,PANW,PCAR,PCRX,PCTY,PEBO,PLAB,PLAY,PLMR,PLSE,PLUS,PRTA,PSEC,PSNL,PTCT,PTON,QNST,QRVO,QTTB,RARE,RBCAA,RGNX,SAIC,SGMO,SINT,SNPS,SPSC,SPTN,SSYS,STNE,TBBK,TCPC,TENB,TGTX,TREE,TRUP,TTWO,TW,TXG,UBSI,UCTT,UFPT,UMBF,UPBD,URBN,VBTX,VCTR,VEON,VNET,VRSK,VSEC,WABC,WTFCM,WVE,WW,WWD,XEL,ZD,ZYME
AAL,0.0,0.782,0.187,-0.842,0.513,0.783,-0.378,0.801,0.657,0.566,0.831,0.719,0.378,0.741,0.888,0.782,0.604,0.31,0.438,-0.429,0.59,0.664,0.804,0.537,0.516,-0.378,0.812,0.086,0.185,0.65,-0.54,0.828,0.873,0.794,0.435,0.689,0.824,0.933,0.35,0.852,0.641,0.798,0.771,0.75,0.357,0.298,0.519,0.784,0.779,0.821,0.748,0.925,0.831,-0.458,-0.062,0.865,0.851,0.443,0.54,0.228,0.681,0.805,0.127,0.666,0.686,0.784,0.828,-0.096,0.743,0.881,0.574,-0.304,0.863,0.8,0.683,0.866,-0.136,0.725,0.801,0.622,-0.369,0.339,0.409,0.354,-0.166,0.833,0.291,0.794,0.746,0.908,-0.614,0.675,0.609,0.403,0.841,0.702,-0.047,0.766,0.809,0.816,0.941,0.689,0.743,0.658,0.716,-0.835,0.498,0.06,0.727,0.208,0.688,0.795,0.628,0.785,0.691,0.698,0.742,0.841,0.543,0.603,0.773,-0.265,0.626,0.947,0.833,0.5,0.767,0.247,0.797,-0.479,-0.468,0.306,0.842,0.78,0.102,0.859,0.868,-0.343,0.692,0.661,0.669,-0.418,0.654,0.863,0.651,0.612,0.756,0.702,0.796,-0.174,0.444,0.808,0.816,0.781,-0.008,0.888,0.363,0.677,0.846,0.444,0.763,0.706,0.052,0.191,-0.248,0.378,0.241,0.675,0.89,0.631,0.641,0.683,0.738,0.588,0.927,0.845,0.844,0.452,-0.907,0.823,0.868,0.678,0.79,0.854,0.823,0.412,0.862,0.82,-0.417,0.547,-0.286,0.511,0.9,0.657,-0.533,0.5,0.258,0.681,0.565,0.283
AAON,0.782,0.0,0.062,-0.962,0.902,0.978,-0.465,0.973,0.458,0.637,0.953,0.925,0.788,0.853,0.81,0.972,0.913,0.729,0.729,-0.541,0.941,0.929,0.98,0.898,0.888,-0.383,0.969,0.345,-0.248,0.858,-0.864,0.95,0.915,0.974,0.238,0.966,0.953,0.851,0.791,0.954,0.949,0.978,0.986,0.939,0.817,0.107,0.884,0.971,0.874,0.975,0.973,0.815,0.465,-0.423,-0.505,0.956,0.934,0.782,0.899,0.611,0.936,0.986,0.539,0.884,0.971,0.85,0.928,0.189,0.951,0.937,0.895,-0.722,0.97,0.663,0.598,0.716,-0.075,0.945,0.728,0.916,-0.708,-0.205,0.852,0.76,-0.649,0.903,0.781,0.978,0.707,0.919,-0.567,0.979,0.915,0.437,0.959,0.884,0.196,0.99,0.948,0.947,0.863,0.921,0.954,0.603,0.952,-0.832,0.462,0.214,0.964,-0.228,0.968,0.973,0.593,0.984,0.961,0.925,0.968,0.953,0.894,0.92,0.414,0.144,0.93,0.87,0.976,0.619,0.972,0.656,0.969,-0.474,-0.733,0.602,0.905,0.978,0.38,0.975,0.951,-0.314,0.912,0.899,0.929,-0.357,0.521,0.957,0.959,0.868,0.979,0.974,0.969,-0.627,0.834,0.986,0.76,0.974,0.429,0.9,0.482,0.781,0.955,0.587,0.954,0.976,-0.379,-0.194,-0.074,0.392,-0.027,0.865,0.679,0.918,0.925,0.673,0.472,0.948,0.829,0.981,0.731,0.625,-0.734,0.984,0.957,0.969,0.657,0.95,0.982,0.301,0.946,0.955,-0.565,0.309,-0.281,0.863,0.923,0.873,-0.342,0.892,0.196,0.593,0.892,0.65
ACB,0.187,0.062,0.0,-0.067,0.078,0.022,-0.204,0.011,-0.003,-0.057,-0.077,0.125,0.139,-0.141,0.05,-0.073,0.238,0.12,0.032,0.309,-0.063,0.04,0.062,0.087,-0.059,-0.041,0.101,0.089,0.226,0.405,0.074,0.199,0.182,0.045,-0.242,-0.1,0.125,0.253,0.1,0.219,-0.087,0.055,0.101,0.173,-0.112,0.237,-0.167,0.105,-0.055,0.018,0.039,0.178,0.176,0.674,-0.209,0.057,-0.042,0.131,0.087,0.271,0.144,0.081,-0.188,0.131,0.035,0.105,0.018,-0.037,0.009,0.075,0.151,0.219,0.069,0.252,0.38,-0.051,-0.19,0.194,0.453,0.058,0.319,0.473,-0.037,-0.315,0.138,0.115,-0.077,0.093,0.241,0.192,-0.375,0.015,-0.081,0.176,0.149,0.307,0.061,0.03,0.175,0.021,0.187,0.108,0.008,0.563,0.134,0.095,0.13,-0.377,0.071,0.349,0.051,0.033,0.266,0.054,0.022,-0.042,-0.067,0.115,0.177,0.191,0.227,-0.428,-0.053,0.131,0.168,-0.131,0.072,0.151,0.158,-0.104,-0.334,0.065,0.02,0.061,-0.168,0.138,0.033,-0.382,0.254,0.028,0.116,0.524,-0.276,0.114,0.035,-0.13,0.059,-0.062,0.161,0.249,0.084,0.042,0.319,-0.034,0.304,0.238,0.313,0.159,0.058,0.376,0.05,0.072,0.173,0.645,0.574,0.407,-0.523,0.326,0.346,0.221,0.059,-0.103,0.126,-0.036,0.085,0.041,0.053,-0.184,-0.176,0.057,0.132,0.112,0.204,0.107,0.16,-0.145,0.185,0.129,-0.108,-0.003,-0.251,0.155,0.211,0.051,0.055,-0.048,0.14,0.192,-0.008,0.367
ACGL,-0.842,-0.962,-0.067,0.0,-0.837,-0.936,0.535,-0.945,-0.508,-0.674,-0.949,-0.896,-0.675,-0.816,-0.869,-0.941,-0.853,-0.619,-0.673,0.5,-0.893,-0.903,-0.963,-0.825,-0.824,0.333,-0.949,-0.321,0.176,-0.823,0.775,-0.929,-0.905,-0.943,-0.323,-0.923,-0.951,-0.886,-0.712,-0.93,-0.912,-0.963,-0.946,-0.875,-0.739,-0.023,-0.84,-0.941,-0.864,-0.956,-0.924,-0.827,-0.534,0.462,0.406,-0.947,-0.927,-0.673,-0.82,-0.517,-0.892,-0.957,-0.447,-0.838,-0.925,-0.836,-0.887,-0.1,-0.896,-0.929,-0.833,0.718,-0.959,-0.693,-0.604,-0.729,0.105,-0.903,-0.728,-0.856,0.655,0.119,-0.775,-0.703,0.597,-0.898,-0.682,-0.945,-0.672,-0.92,0.608,-0.922,-0.864,-0.371,-0.937,-0.837,-0.105,-0.964,-0.922,-0.919,-0.891,-0.879,-0.894,-0.666,-0.92,0.866,-0.438,-0.078,-0.918,0.188,-0.93,-0.94,-0.633,-0.953,-0.916,-0.865,-0.928,-0.95,-0.823,-0.85,-0.499,-0.017,-0.859,-0.878,-0.959,-0.587,-0.956,-0.589,-0.933,0.509,0.667,-0.564,-0.909,-0.961,-0.31,-0.96,-0.944,0.317,-0.885,-0.856,-0.868,0.399,-0.522,-0.934,-0.905,-0.827,-0.95,-0.936,-0.939,0.593,-0.741,-0.954,-0.82,-0.948,-0.339,-0.918,-0.483,-0.717,-0.936,-0.552,-0.928,-0.926,0.256,0.162,0.158,-0.383,-0.021,-0.794,-0.746,-0.86,-0.88,-0.694,-0.501,-0.881,-0.902,-0.974,-0.761,-0.573,0.834,-0.962,-0.948,-0.911,-0.697,-0.948,-0.958,-0.273,-0.944,-0.924,0.521,-0.431,0.41,-0.758,-0.927,-0.819,0.405,-0.822,-0.132,-0.586,-0.835,-0.558
ACGLO,0.513,0.902,0.078,-0.837,0.0,0.869,-0.496,0.874,0.246,0.543,0.793,0.881,0.912,0.708,0.554,0.853,0.916,0.895,0.755,-0.431,0.935,0.918,0.875,0.935,0.911,-0.185,0.873,0.512,-0.417,0.86,-0.823,0.83,0.766,0.885,0.042,0.892,0.834,0.65,0.91,0.825,0.906,0.875,0.908,0.849,0.89,0.0,0.853,0.884,0.689,0.845,0.914,0.595,0.173,-0.205,-0.713,0.811,0.746,0.891,0.915,0.777,0.924,0.891,0.667,0.853,0.915,0.759,0.751,0.381,0.86,0.765,0.918,-0.785,0.821,0.444,0.438,0.407,0.008,0.91,0.607,0.902,-0.709,-0.404,0.953,0.805,-0.779,0.744,0.916,0.88,0.543,0.763,-0.421,0.952,0.876,0.444,0.847,0.868,0.338,0.904,0.856,0.826,0.651,0.877,0.87,0.561,0.912,-0.596,0.407,0.159,0.885,-0.334,0.931,0.853,0.528,0.894,0.905,0.826,0.872,0.842,0.963,0.946,0.116,0.319,0.929,0.652,0.871,0.546,0.901,0.808,0.879,-0.427,-0.812,0.712,0.732,0.9,0.488,0.845,0.795,-0.244,0.88,0.851,0.912,-0.195,0.252,0.803,0.943,0.813,0.903,0.916,0.885,-0.757,0.878,0.872,0.665,0.86,0.667,0.764,0.504,0.661,0.81,0.641,0.866,0.928,-0.497,-0.339,0.144,0.372,-0.282,0.782,0.456,0.922,0.896,0.465,0.217,0.951,0.591,0.845,0.524,0.636,-0.496,0.865,0.82,0.958,0.459,0.814,0.865,0.052,0.815,0.808,-0.446,0.051,-0.245,0.904,0.747,0.835,-0.133,0.936,0.095,0.468,0.899,0.806
ACIW,0.783,0.978,0.022,-0.936,0.869,0.0,-0.453,0.979,0.561,0.659,0.964,0.925,0.762,0.878,0.828,0.983,0.87,0.698,0.732,-0.582,0.93,0.932,0.981,0.908,0.88,-0.35,0.956,0.371,-0.227,0.817,-0.85,0.967,0.945,0.971,0.235,0.974,0.96,0.867,0.781,0.94,0.941,0.978,0.982,0.934,0.814,0.214,0.871,0.979,0.911,0.971,0.977,0.852,0.495,-0.453,-0.425,0.948,0.943,0.769,0.874,0.578,0.92,0.974,0.593,0.88,0.958,0.887,0.929,0.227,0.976,0.919,0.887,-0.676,0.982,0.698,0.581,0.757,-0.028,0.951,0.739,0.925,-0.671,-0.193,0.822,0.748,-0.566,0.931,0.76,0.972,0.7,0.919,-0.528,0.962,0.923,0.486,0.967,0.87,0.214,0.976,0.957,0.952,0.851,0.909,0.96,0.569,0.928,-0.808,0.526,0.253,0.965,-0.139,0.95,0.989,0.579,0.984,0.969,0.968,0.989,0.931,0.867,0.886,0.486,0.151,0.926,0.874,0.972,0.635,0.951,0.603,0.963,-0.429,-0.685,0.637,0.933,0.963,0.391,0.976,0.957,-0.212,0.894,0.929,0.903,-0.401,0.609,0.943,0.954,0.912,0.972,0.977,0.953,-0.564,0.818,0.98,0.751,0.979,0.403,0.89,0.511,0.795,0.954,0.566,0.964,0.969,-0.329,-0.171,-0.113,0.37,0.061,0.853,0.694,0.898,0.928,0.72,0.531,0.923,0.828,0.979,0.798,0.693,-0.725,0.986,0.97,0.945,0.695,0.965,0.962,0.384,0.952,0.946,-0.602,0.296,-0.154,0.871,0.932,0.882,-0.323,0.874,0.275,0.672,0.907,0.602
ADBE,-0.378,-0.465,-0.204,0.535,-0.496,-0.453,0.0,-0.472,-0.434,-0.663,-0.476,-0.569,-0.3,-0.353,-0.489,-0.431,-0.395,-0.257,-0.608,0.379,-0.485,-0.493,-0.506,-0.562,-0.594,-0.366,-0.391,-0.703,0.272,-0.423,0.111,-0.544,-0.534,-0.425,-0.158,-0.463,-0.52,-0.503,-0.555,-0.383,-0.503,-0.552,-0.472,-0.341,-0.529,0.109,-0.388,-0.553,-0.49,-0.409,-0.473,-0.338,-0.032,-0.096,0.108,-0.431,-0.371,-0.242,-0.384,-0.266,-0.492,-0.416,-0.5,-0.45,-0.418,-0.472,-0.231,-0.574,-0.423,-0.265,-0.58,0.512,-0.488,-0.25,-0.059,-0.133,-0.174,-0.557,-0.379,-0.562,-0.03,0.096,-0.445,-0.269,0.313,-0.54,-0.368,-0.395,-0.105,-0.397,0.134,-0.476,-0.52,-0.167,-0.494,-0.407,-0.368,-0.488,-0.574,-0.516,-0.287,-0.422,-0.402,-0.607,-0.453,0.215,-0.334,0.311,-0.466,0.037,-0.533,-0.456,-0.617,-0.448,-0.515,-0.432,-0.46,-0.428,-0.524,-0.499,-0.395,0.327,-0.359,-0.368,-0.49,-0.37,-0.523,-0.299,-0.52,0.088,0.399,-0.719,-0.567,-0.486,-0.274,-0.489,-0.424,-0.213,-0.567,-0.596,-0.314,-0.107,0.042,-0.306,-0.511,-0.59,-0.548,-0.507,-0.399,0.241,-0.321,-0.389,-0.617,-0.467,-0.454,-0.468,-0.78,-0.159,-0.355,-0.301,-0.492,-0.492,-0.267,-0.013,-0.047,-0.107,0.307,-0.334,-0.45,-0.414,-0.59,-0.541,-0.125,-0.419,-0.499,-0.457,-0.495,-0.431,0.401,-0.464,-0.512,-0.446,-0.274,-0.58,-0.449,0.065,-0.549,-0.476,0.252,-0.005,0.425,-0.364,-0.468,-0.521,-0.18,-0.4,-0.315,-0.418,-0.579,-0.234
ADSK,0.801,0.973,0.011,-0.945,0.874,0.979,-0.472,0.0,0.566,0.622,0.96,0.929,0.77,0.902,0.823,0.982,0.869,0.711,0.688,-0.542,0.912,0.912,0.977,0.894,0.877,-0.317,0.95,0.342,-0.195,0.822,-0.828,0.954,0.938,0.964,0.296,0.955,0.956,0.855,0.762,0.936,0.92,0.963,0.972,0.924,0.798,0.209,0.839,0.974,0.902,0.967,0.984,0.861,0.515,-0.457,-0.418,0.959,0.947,0.788,0.845,0.595,0.919,0.977,0.574,0.864,0.946,0.888,0.924,0.253,0.962,0.921,0.9,-0.677,0.977,0.663,0.541,0.71,0.022,0.944,0.748,0.909,-0.678,-0.169,0.82,0.746,-0.571,0.918,0.753,0.967,0.715,0.935,-0.53,0.961,0.919,0.529,0.971,0.87,0.205,0.965,0.95,0.975,0.861,0.903,0.971,0.57,0.914,-0.811,0.577,0.238,0.942,-0.139,0.942,0.98,0.576,0.972,0.943,0.934,0.978,0.94,0.863,0.88,0.454,0.13,0.941,0.897,0.965,0.617,0.942,0.596,0.966,-0.487,-0.687,0.61,0.925,0.955,0.441,0.974,0.974,-0.225,0.887,0.919,0.897,-0.433,0.608,0.945,0.94,0.907,0.964,0.975,0.955,-0.608,0.77,0.973,0.781,0.97,0.396,0.909,0.491,0.779,0.968,0.555,0.945,0.957,-0.296,-0.206,-0.084,0.338,0.053,0.802,0.689,0.899,0.906,0.673,0.556,0.909,0.825,0.977,0.796,0.719,-0.763,0.974,0.962,0.948,0.678,0.959,0.946,0.376,0.949,0.935,-0.57,0.254,-0.16,0.851,0.927,0.883,-0.39,0.859,0.252,0.657,0.899,0.602
AEP,0.657,0.458,-0.003,-0.508,0.246,0.561,-0.434,0.566,0.0,0.507,0.63,0.551,0.137,0.672,0.717,0.573,0.201,0.058,0.236,-0.387,0.345,0.465,0.547,0.408,0.368,0.101,0.483,0.278,0.29,0.297,-0.186,0.61,0.693,0.479,0.485,0.49,0.577,0.699,0.188,0.475,0.419,0.526,0.466,0.477,0.263,0.546,0.268,0.559,0.718,0.518,0.51,0.736,0.686,-0.385,0.352,0.587,0.61,0.168,0.165,0.043,0.455,0.493,0.296,0.388,0.378,0.68,0.487,0.269,0.567,0.476,0.403,-0.138,0.626,0.585,0.316,0.613,0.297,0.504,0.56,0.417,-0.048,0.273,0.129,0.142,0.212,0.636,0.072,0.51,0.465,0.578,-0.283,0.396,0.488,0.47,0.616,0.362,0.03,0.453,0.587,0.609,0.574,0.383,0.543,0.382,0.372,-0.419,0.71,0.119,0.441,0.495,0.377,0.578,0.431,0.491,0.47,0.557,0.563,0.502,0.28,0.248,0.807,-0.214,0.387,0.645,0.522,0.314,0.416,-0.024,0.521,-0.23,-0.076,0.457,0.732,0.44,0.393,0.581,0.647,0.32,0.402,0.642,0.252,-0.37,0.712,0.496,0.368,0.631,0.473,0.507,0.449,0.065,0.11,0.47,0.614,0.531,-0.033,0.571,0.44,0.456,0.578,0.15,0.531,0.425,0.462,0.065,-0.212,0.088,0.408,0.268,0.646,0.33,0.41,0.725,0.793,0.277,0.672,0.555,0.844,0.624,-0.665,0.535,0.623,0.349,0.737,0.666,0.453,0.53,0.596,0.542,-0.496,0.325,0.166,0.275,0.632,0.437,-0.384,0.222,0.481,0.824,0.482,-0.023
AGIO,0.566,0.637,-0.057,-0.674,0.543,0.659,-0.663,0.622,0.507,0.0,0.682,0.67,0.37,0.53,0.652,0.638,0.485,0.336,0.71,-0.586,0.677,0.676,0.664,0.629,0.703,0.104,0.571,0.662,-0.327,0.424,-0.361,0.677,0.682,0.597,0.28,0.679,0.683,0.645,0.57,0.543,0.704,0.733,0.633,0.476,0.634,-0.108,0.61,0.713,0.681,0.583,0.608,0.524,0.2,-0.274,-0.097,0.593,0.569,0.316,0.571,0.094,0.584,0.597,0.526,0.628,0.587,0.613,0.498,0.334,0.637,0.514,0.579,-0.57,0.674,0.431,0.297,0.554,-0.086,0.664,0.368,0.675,-0.281,-0.199,0.564,0.512,-0.346,0.741,0.464,0.559,0.342,0.527,-0.109,0.63,0.667,0.168,0.626,0.488,0.476,0.68,0.66,0.641,0.505,0.522,0.587,0.51,0.618,-0.512,0.246,-0.074,0.67,-0.084,0.685,0.664,0.604,0.653,0.682,0.644,0.658,0.543,0.549,0.582,0.528,-0.098,0.526,0.549,0.639,0.622,0.691,0.358,0.611,-0.015,-0.406,0.732,0.7,0.66,0.142,0.648,0.602,0.095,0.613,0.677,0.484,-0.223,0.291,0.517,0.641,0.718,0.703,0.67,0.545,-0.314,0.54,0.599,0.657,0.707,0.171,0.538,0.632,0.306,0.538,0.43,0.673,0.64,0.08,-0.078,-0.363,0.332,-0.003,0.525,0.523,0.51,0.712,0.77,0.226,0.596,0.663,0.657,0.65,0.483,-0.465,0.664,0.675,0.577,0.449,0.713,0.633,0.267,0.693,0.602,-0.313,0.235,-0.353,0.468,0.621,0.578,-0.005,0.583,0.269,0.523,0.682,0.222
ALEC,0.831,0.953,-0.077,-0.949,0.793,0.964,-0.476,0.96,0.63,0.682,0.0,0.881,0.637,0.918,0.904,0.982,0.782,0.569,0.664,-0.584,0.88,0.895,0.951,0.821,0.837,-0.326,0.922,0.294,-0.149,0.72,-0.787,0.924,0.923,0.934,0.412,0.957,0.935,0.874,0.663,0.891,0.924,0.955,0.929,0.885,0.757,0.163,0.842,0.938,0.943,0.965,0.936,0.854,0.561,-0.595,-0.265,0.96,0.969,0.639,0.767,0.438,0.872,0.95,0.517,0.798,0.91,0.868,0.913,0.178,0.934,0.91,0.814,-0.673,0.976,0.686,0.532,0.8,0.038,0.885,0.672,0.843,-0.655,-0.154,0.735,0.723,-0.506,0.917,0.656,0.94,0.686,0.896,-0.51,0.918,0.905,0.435,0.938,0.775,0.116,0.946,0.913,0.944,0.868,0.837,0.938,0.532,0.867,-0.875,0.539,0.258,0.911,-0.156,0.899,0.964,0.555,0.946,0.921,0.928,0.966,0.915,0.78,0.787,0.543,0.099,0.88,0.9,0.932,0.625,0.915,0.497,0.924,-0.449,-0.563,0.581,0.96,0.928,0.407,0.952,0.972,-0.156,0.818,0.899,0.817,-0.499,0.687,0.925,0.884,0.898,0.936,0.953,0.906,-0.539,0.701,0.949,0.747,0.971,0.25,0.879,0.457,0.76,0.956,0.46,0.926,0.91,-0.226,-0.231,-0.253,0.29,0.214,0.742,0.692,0.805,0.862,0.787,0.595,0.866,0.889,0.972,0.841,0.673,-0.806,0.963,0.95,0.877,0.733,0.959,0.926,0.427,0.923,0.938,-0.585,0.408,-0.209,0.747,0.914,0.812,-0.432,0.799,0.241,0.638,0.861,0.44
ALNY,0.719,0.925,0.125,-0.896,0.881,0.925,-0.569,0.929,0.551,0.67,0.881,0.0,0.823,0.786,0.741,0.914,0.874,0.76,0.718,-0.491,0.89,0.916,0.951,0.933,0.879,-0.218,0.922,0.509,-0.183,0.885,-0.701,0.93,0.902,0.922,0.155,0.897,0.926,0.826,0.841,0.891,0.883,0.917,0.934,0.882,0.785,0.182,0.766,0.948,0.822,0.897,0.933,0.798,0.459,-0.266,-0.51,0.889,0.862,0.788,0.855,0.696,0.922,0.914,0.594,0.882,0.893,0.922,0.845,0.322,0.934,0.847,0.905,-0.699,0.922,0.646,0.589,0.604,0.005,0.929,0.789,0.92,-0.604,-0.174,0.81,0.63,-0.527,0.881,0.725,0.936,0.683,0.884,-0.531,0.926,0.91,0.593,0.933,0.913,0.364,0.923,0.932,0.91,0.787,0.899,0.906,0.696,0.947,-0.65,0.523,0.148,0.904,-0.066,0.912,0.924,0.72,0.926,0.895,0.875,0.925,0.919,0.905,0.891,0.428,0.114,0.874,0.782,0.922,0.494,0.907,0.708,0.947,-0.459,-0.744,0.725,0.89,0.913,0.471,0.932,0.898,-0.112,0.89,0.948,0.857,-0.242,0.451,0.874,0.915,0.869,0.922,0.93,0.916,-0.586,0.763,0.91,0.813,0.894,0.569,0.872,0.576,0.737,0.894,0.644,0.952,0.919,-0.202,-0.13,0.103,0.406,-0.168,0.829,0.668,0.923,0.924,0.62,0.45,0.888,0.805,0.922,0.7,0.688,-0.675,0.92,0.908,0.93,0.693,0.926,0.915,0.228,0.919,0.899,-0.627,0.18,-0.186,0.846,0.89,0.89,-0.248,0.811,0.281,0.723,0.888,0.714
ALTR,0.378,0.788,0.139,-0.675,0.912,0.762,-0.3,0.77,0.137,0.37,0.637,0.823,0.0,0.61,0.34,0.741,0.877,0.976,0.633,-0.338,0.809,0.785,0.77,0.871,0.796,-0.271,0.782,0.428,-0.378,0.835,-0.773,0.712,0.649,0.8,-0.113,0.756,0.706,0.496,0.856,0.754,0.749,0.728,0.814,0.787,0.786,0.108,0.713,0.774,0.539,0.722,0.822,0.512,0.144,-0.052,-0.807,0.695,0.632,0.945,0.868,0.838,0.84,0.787,0.591,0.778,0.808,0.677,0.702,0.336,0.791,0.686,0.858,-0.644,0.691,0.359,0.422,0.299,-0.042,0.807,0.61,0.815,-0.707,-0.381,0.887,0.697,-0.693,0.606,0.858,0.797,0.622,0.678,-0.401,0.857,0.776,0.569,0.741,0.86,0.431,0.78,0.742,0.722,0.547,0.801,0.801,0.471,0.85,-0.445,0.387,0.273,0.781,-0.261,0.807,0.745,0.473,0.79,0.768,0.721,0.766,0.744,0.907,0.894,-0.033,0.411,0.873,0.535,0.76,0.442,0.764,0.829,0.805,-0.426,-0.844,0.596,0.572,0.766,0.471,0.732,0.679,-0.27,0.762,0.77,0.872,-0.139,0.193,0.73,0.845,0.674,0.769,0.794,0.81,-0.701,0.829,0.776,0.55,0.728,0.682,0.652,0.327,0.642,0.726,0.647,0.774,0.823,-0.561,-0.277,0.319,0.461,-0.391,0.76,0.335,0.891,0.787,0.237,0.157,0.873,0.413,0.717,0.345,0.603,-0.334,0.742,0.686,0.895,0.385,0.666,0.755,0.01,0.698,0.693,-0.411,-0.151,-0.036,0.877,0.638,0.768,-0.099,0.846,0.091,0.44,0.789,0.889
AMBA,0.741,0.853,-0.141,-0.816,0.708,0.878,-0.353,0.902,0.672,0.53,0.918,0.786,0.61,0.0,0.791,0.921,0.658,0.533,0.527,-0.554,0.757,0.777,0.843,0.737,0.751,-0.289,0.814,0.223,-0.045,0.599,-0.734,0.814,0.836,0.836,0.476,0.871,0.827,0.748,0.538,0.787,0.815,0.834,0.827,0.819,0.686,0.309,0.729,0.844,0.889,0.861,0.881,0.802,0.561,-0.601,-0.142,0.906,0.909,0.615,0.629,0.388,0.8,0.869,0.512,0.659,0.801,0.803,0.843,0.27,0.857,0.822,0.754,-0.55,0.88,0.557,0.389,0.721,0.235,0.783,0.599,0.727,-0.623,-0.13,0.641,0.669,-0.403,0.795,0.58,0.851,0.702,0.812,-0.404,0.828,0.829,0.525,0.862,0.662,0.111,0.829,0.815,0.908,0.766,0.715,0.92,0.332,0.73,-0.78,0.661,0.438,0.801,-0.086,0.774,0.885,0.402,0.833,0.815,0.859,0.889,0.812,0.687,0.676,0.467,0.153,0.855,0.856,0.822,0.605,0.772,0.371,0.844,-0.438,-0.441,0.499,0.887,0.795,0.559,0.854,0.928,-0.063,0.695,0.85,0.714,-0.568,0.727,0.853,0.765,0.854,0.82,0.871,0.816,-0.496,0.559,0.851,0.644,0.877,0.169,0.774,0.353,0.73,0.904,0.294,0.807,0.803,-0.193,-0.306,-0.232,0.246,0.309,0.587,0.566,0.716,0.728,0.692,0.66,0.769,0.744,0.864,0.814,0.736,-0.722,0.857,0.848,0.787,0.692,0.861,0.797,0.519,0.809,0.856,-0.567,0.263,0.018,0.661,0.813,0.734,-0.485,0.705,0.288,0.622,0.8,0.353
AMCX,0.888,0.81,0.05,-0.869,0.554,0.828,-0.489,0.823,0.717,0.652,0.904,0.741,0.34,0.791,0.0,0.835,0.617,0.269,0.518,-0.439,0.693,0.74,0.825,0.622,0.653,-0.292,0.79,0.178,0.069,0.604,-0.567,0.852,0.874,0.77,0.513,0.791,0.85,0.893,0.445,0.788,0.768,0.838,0.776,0.745,0.535,0.175,0.66,0.813,0.885,0.851,0.765,0.852,0.668,-0.54,-0.0,0.859,0.888,0.356,0.56,0.227,0.705,0.809,0.32,0.652,0.744,0.783,0.788,0.048,0.771,0.81,0.638,-0.492,0.893,0.725,0.57,0.818,0.017,0.747,0.653,0.666,-0.385,0.11,0.473,0.473,-0.258,0.878,0.374,0.799,0.586,0.836,-0.566,0.724,0.73,0.284,0.837,0.631,-0.047,0.805,0.798,0.827,0.854,0.688,0.767,0.592,0.709,-0.839,0.494,0.053,0.764,0.007,0.742,0.845,0.53,0.797,0.76,0.78,0.805,0.81,0.571,0.587,0.722,-0.176,0.643,0.884,0.824,0.483,0.78,0.294,0.787,-0.37,-0.377,0.447,0.925,0.79,0.212,0.858,0.886,-0.145,0.721,0.741,0.617,-0.43,0.682,0.816,0.694,0.761,0.8,0.781,0.771,-0.313,0.486,0.811,0.75,0.837,0.085,0.839,0.497,0.663,0.847,0.381,0.788,0.742,0.057,-0.009,-0.296,0.245,0.309,0.629,0.788,0.629,0.71,0.829,0.684,0.643,0.943,0.877,0.859,0.471,-0.885,0.844,0.872,0.68,0.778,0.893,0.822,0.505,0.854,0.858,-0.571,0.576,-0.346,0.537,0.885,0.645,-0.486,0.564,0.248,0.609,0.682,0.217
AMKR,0.782,0.972,-0.073,-0.941,0.853,0.983,-0.431,0.982,0.573,0.638,0.982,0.914,0.741,0.921,0.835,0.0,0.836,0.675,0.683,-0.59,0.914,0.922,0.97,0.88,0.873,-0.348,0.941,0.316,-0.196,0.772,-0.838,0.932,0.917,0.963,0.322,0.976,0.947,0.84,0.739,0.913,0.94,0.961,0.959,0.917,0.806,0.18,0.863,0.959,0.921,0.97,0.971,0.839,0.515,-0.55,-0.381,0.964,0.967,0.74,0.831,0.542,0.904,0.97,0.562,0.83,0.943,0.883,0.935,0.218,0.966,0.922,0.871,-0.701,0.974,0.667,0.521,0.758,0.038,0.914,0.693,0.888,-0.72,-0.218,0.804,0.76,-0.57,0.906,0.732,0.964,0.712,0.903,-0.517,0.956,0.939,0.509,0.948,0.83,0.183,0.963,0.927,0.959,0.846,0.876,0.971,0.512,0.905,-0.843,0.549,0.312,0.932,-0.193,0.927,0.978,0.555,0.966,0.942,0.956,0.987,0.928,0.834,0.845,0.459,0.179,0.934,0.88,0.946,0.628,0.928,0.569,0.95,-0.474,-0.634,0.6,0.938,0.946,0.462,0.96,0.973,-0.176,0.843,0.927,0.871,-0.482,0.651,0.941,0.927,0.91,0.954,0.979,0.934,-0.604,0.758,0.97,0.729,0.976,0.345,0.876,0.442,0.781,0.968,0.489,0.951,0.945,-0.322,-0.254,-0.167,0.312,0.136,0.784,0.65,0.866,0.893,0.717,0.546,0.915,0.836,0.974,0.793,0.71,-0.751,0.97,0.947,0.928,0.699,0.951,0.938,0.39,0.923,0.942,-0.613,0.305,-0.142,0.818,0.906,0.851,-0.394,0.849,0.246,0.636,0.889,0.548
AMRX,0.604,0.913,0.238,-0.853,0.916,0.87,-0.395,0.869,0.201,0.485,0.782,0.874,0.877,0.658,0.617,0.836,0.0,0.842,0.727,-0.323,0.895,0.855,0.887,0.89,0.856,-0.412,0.897,0.339,-0.339,0.93,-0.833,0.865,0.794,0.886,0.009,0.856,0.856,0.702,0.864,0.89,0.859,0.866,0.924,0.873,0.803,0.013,0.826,0.883,0.687,0.871,0.895,0.658,0.271,-0.148,-0.744,0.82,0.778,0.857,0.942,0.786,0.895,0.902,0.544,0.873,0.93,0.749,0.82,0.158,0.843,0.833,0.891,-0.718,0.842,0.525,0.61,0.497,-0.171,0.891,0.693,0.886,-0.676,-0.278,0.889,0.716,-0.729,0.797,0.836,0.904,0.616,0.834,-0.579,0.929,0.823,0.392,0.86,0.923,0.282,0.913,0.851,0.822,0.736,0.908,0.845,0.632,0.934,-0.672,0.313,0.14,0.91,-0.303,0.934,0.866,0.532,0.903,0.873,0.809,0.854,0.871,0.936,0.948,0.168,0.195,0.876,0.704,0.899,0.455,0.905,0.809,0.903,-0.407,-0.861,0.558,0.737,0.901,0.285,0.876,0.807,-0.44,0.905,0.788,0.937,-0.138,0.27,0.865,0.923,0.739,0.903,0.872,0.926,-0.708,0.873,0.905,0.676,0.856,0.628,0.808,0.466,0.746,0.842,0.689,0.863,0.921,-0.517,-0.15,0.204,0.422,-0.323,0.899,0.552,0.956,0.896,0.414,0.253,0.924,0.655,0.875,0.491,0.454,-0.554,0.885,0.837,0.957,0.481,0.82,0.917,0.14,0.857,0.853,-0.51,0.152,-0.327,0.919,0.82,0.836,-0.205,0.892,0.062,0.458,0.829,0.824
ANSS,0.31,0.729,0.12,-0.619,0.895,0.698,-0.257,0.711,0.058,0.336,0.569,0.76,0.976,0.533,0.269,0.675,0.842,0.0,0.617,-0.29,0.778,0.751,0.706,0.817,0.757,-0.221,0.73,0.429,-0.452,0.789,-0.745,0.643,0.581,0.743,-0.137,0.705,0.644,0.424,0.833,0.692,0.712,0.671,0.757,0.714,0.767,0.05,0.68,0.716,0.466,0.663,0.77,0.432,0.076,-0.017,-0.834,0.627,0.554,0.937,0.835,0.814,0.804,0.734,0.586,0.751,0.761,0.621,0.634,0.321,0.73,0.627,0.806,-0.616,0.623,0.279,0.394,0.234,-0.094,0.765,0.537,0.764,-0.694,-0.419,0.882,0.696,-0.702,0.544,0.861,0.738,0.549,0.615,-0.353,0.815,0.715,0.509,0.676,0.817,0.441,0.729,0.673,0.651,0.491,0.754,0.74,0.441,0.806,-0.39,0.332,0.24,0.73,-0.271,0.768,0.679,0.411,0.741,0.718,0.65,0.705,0.686,0.878,0.858,-0.117,0.451,0.839,0.466,0.7,0.436,0.725,0.849,0.737,-0.376,-0.865,0.581,0.491,0.72,0.435,0.666,0.609,-0.296,0.709,0.694,0.845,-0.117,0.127,0.664,0.799,0.616,0.715,0.741,0.756,-0.715,0.82,0.721,0.503,0.676,0.658,0.594,0.293,0.581,0.659,0.666,0.705,0.769,-0.584,-0.313,0.311,0.448,-0.414,0.7,0.268,0.846,0.737,0.16,0.077,0.836,0.337,0.659,0.266,0.543,-0.26,0.686,0.621,0.855,0.303,0.596,0.695,-0.052,0.638,0.613,-0.314,-0.182,-0.049,0.85,0.562,0.706,-0.076,0.838,0.004,0.386,0.749,0.877
APPN,0.438,0.729,0.032,-0.673,0.755,0.732,-0.608,0.688,0.236,0.71,0.664,0.718,0.633,0.527,0.518,0.683,0.727,0.617,0.0,-0.647,0.803,0.729,0.723,0.791,0.838,-0.076,0.648,0.67,-0.577,0.605,-0.58,0.709,0.678,0.715,-0.009,0.768,0.721,0.574,0.83,0.641,0.799,0.782,0.751,0.588,0.804,-0.175,0.755,0.777,0.629,0.664,0.728,0.404,-0.003,-0.109,-0.503,0.629,0.603,0.621,0.814,0.458,0.706,0.673,0.746,0.747,0.752,0.626,0.576,0.358,0.692,0.575,0.753,-0.685,0.684,0.391,0.319,0.444,-0.102,0.746,0.406,0.839,-0.386,-0.408,0.807,0.647,-0.63,0.729,0.741,0.671,0.278,0.57,-0.178,0.768,0.726,0.175,0.67,0.668,0.557,0.78,0.731,0.706,0.424,0.684,0.642,0.474,0.751,-0.48,0.113,0.052,0.795,-0.289,0.831,0.703,0.619,0.742,0.799,0.727,0.727,0.637,0.778,0.808,0.24,0.077,0.694,0.498,0.721,0.633,0.793,0.605,0.746,0.041,-0.702,0.739,0.678,0.765,0.151,0.697,0.593,-0.069,0.753,0.721,0.71,-0.023,0.119,0.604,0.813,0.748,0.802,0.758,0.658,-0.494,0.761,0.707,0.569,0.738,0.493,0.567,0.674,0.438,0.56,0.491,0.717,0.783,-0.348,-0.114,-0.089,0.288,-0.254,0.741,0.435,0.701,0.876,0.555,-0.018,0.808,0.549,0.693,0.478,0.448,-0.283,0.721,0.697,0.756,0.27,0.719,0.731,0.069,0.724,0.685,-0.365,0.031,-0.301,0.736,0.642,0.771,0.251,0.771,0.24,0.462,0.784,0.495
APTO,-0.429,-0.541,0.309,0.5,-0.431,-0.582,0.379,-0.542,-0.387,-0.586,-0.584,-0.491,-0.338,-0.554,-0.439,-0.59,-0.323,-0.29,-0.647,0.0,-0.549,-0.467,-0.568,-0.506,-0.545,0.122,-0.478,-0.382,0.377,-0.224,0.418,-0.505,-0.516,-0.588,-0.129,-0.606,-0.521,-0.471,-0.462,-0.478,-0.552,-0.609,-0.544,-0.407,-0.508,-0.059,-0.522,-0.577,-0.579,-0.522,-0.545,-0.405,-0.2,0.444,0.117,-0.516,-0.565,-0.375,-0.509,-0.074,-0.426,-0.484,-0.453,-0.492,-0.525,-0.473,-0.552,-0.232,-0.613,-0.492,-0.472,0.411,-0.542,-0.412,-0.093,-0.57,0.054,-0.499,-0.286,-0.619,0.383,0.205,-0.5,-0.446,0.339,-0.537,-0.417,-0.487,-0.271,-0.433,0.006,-0.526,-0.566,-0.224,-0.495,-0.366,-0.307,-0.568,-0.562,-0.595,-0.352,-0.479,-0.506,-0.148,-0.5,0.472,-0.154,-0.233,-0.54,0.108,-0.54,-0.547,-0.532,-0.564,-0.588,-0.619,-0.606,-0.467,-0.379,-0.497,-0.397,-0.081,-0.513,-0.465,-0.514,-0.616,-0.562,-0.164,-0.539,0.071,0.33,-0.406,-0.564,-0.571,-0.154,-0.517,-0.489,-0.089,-0.41,-0.565,-0.476,0.285,-0.377,-0.48,-0.58,-0.604,-0.58,-0.6,-0.43,0.189,-0.477,-0.546,-0.385,-0.575,-0.075,-0.425,-0.287,-0.247,-0.451,-0.118,-0.576,-0.564,0.195,0.063,0.43,-0.06,-0.191,-0.453,-0.377,-0.373,-0.607,-0.566,-0.114,-0.563,-0.486,-0.526,-0.504,-0.567,0.241,-0.539,-0.539,-0.483,-0.267,-0.551,-0.494,-0.163,-0.512,-0.508,0.267,-0.048,-0.075,-0.414,-0.486,-0.612,-0.108,-0.473,-0.458,-0.492,-0.525,-0.109
ARCT,0.59,0.941,-0.063,-0.893,0.935,0.93,-0.485,0.912,0.345,0.677,0.88,0.89,0.809,0.757,0.693,0.914,0.895,0.778,0.803,-0.549,0.0,0.929,0.929,0.938,0.948,-0.262,0.897,0.507,-0.449,0.799,-0.858,0.879,0.817,0.907,0.134,0.965,0.891,0.708,0.891,0.844,0.973,0.939,0.94,0.852,0.92,-0.061,0.944,0.93,0.808,0.895,0.925,0.646,0.22,-0.378,-0.584,0.837,0.821,0.786,0.936,0.645,0.911,0.912,0.713,0.887,0.963,0.772,0.814,0.309,0.912,0.814,0.886,-0.837,0.89,0.51,0.474,0.565,-0.073,0.916,0.564,0.945,-0.732,-0.448,0.936,0.859,-0.769,0.843,0.902,0.907,0.508,0.789,-0.4,0.97,0.918,0.326,0.873,0.819,0.32,0.96,0.88,0.864,0.701,0.893,0.89,0.525,0.925,-0.696,0.327,0.184,0.952,-0.366,0.976,0.927,0.516,0.941,0.966,0.894,0.942,0.854,0.91,0.921,0.241,0.285,0.914,0.697,0.9,0.62,0.949,0.753,0.887,-0.331,-0.72,0.717,0.818,0.942,0.398,0.887,0.843,-0.189,0.9,0.878,0.901,-0.302,0.393,0.835,0.969,0.898,0.952,0.967,0.897,-0.753,0.915,0.922,0.655,0.937,0.539,0.773,0.55,0.654,0.841,0.598,0.914,0.958,-0.47,-0.356,-0.076,0.346,-0.118,0.812,0.507,0.899,0.955,0.629,0.257,0.965,0.705,0.912,0.609,0.631,-0.551,0.929,0.872,0.945,0.496,0.873,0.909,0.238,0.862,0.853,-0.521,0.205,-0.283,0.891,0.803,0.854,-0.167,0.956,0.131,0.502,0.931,0.679
ARWR,0.664,0.929,0.04,-0.903,0.918,0.932,-0.493,0.912,0.465,0.676,0.895,0.916,0.785,0.777,0.74,0.922,0.855,0.751,0.729,-0.467,0.929,0.0,0.928,0.918,0.884,-0.19,0.902,0.497,-0.268,0.82,-0.787,0.903,0.868,0.913,0.176,0.938,0.927,0.792,0.83,0.863,0.95,0.936,0.928,0.878,0.842,0.089,0.847,0.932,0.815,0.899,0.931,0.738,0.362,-0.361,-0.503,0.884,0.848,0.764,0.861,0.629,0.916,0.928,0.61,0.849,0.915,0.864,0.82,0.301,0.922,0.83,0.891,-0.729,0.911,0.628,0.502,0.61,0.016,0.937,0.673,0.891,-0.66,-0.28,0.855,0.747,-0.611,0.86,0.785,0.921,0.62,0.828,-0.486,0.942,0.928,0.479,0.902,0.856,0.306,0.932,0.901,0.876,0.757,0.865,0.905,0.611,0.915,-0.702,0.502,0.159,0.906,-0.205,0.925,0.922,0.586,0.933,0.934,0.91,0.927,0.875,0.889,0.88,0.378,0.2,0.897,0.765,0.916,0.598,0.915,0.691,0.908,-0.427,-0.706,0.746,0.855,0.932,0.442,0.911,0.883,-0.159,0.872,0.909,0.861,-0.305,0.444,0.853,0.929,0.873,0.927,0.943,0.894,-0.62,0.82,0.912,0.744,0.919,0.503,0.836,0.551,0.731,0.878,0.605,0.933,0.928,-0.318,-0.225,-0.021,0.41,-0.062,0.793,0.592,0.883,0.898,0.65,0.399,0.915,0.756,0.914,0.707,0.658,-0.661,0.92,0.902,0.928,0.653,0.905,0.905,0.216,0.889,0.875,-0.583,0.228,-0.24,0.846,0.841,0.815,-0.249,0.872,0.201,0.589,0.9,0.668
ASND,0.804,0.98,0.062,-0.963,0.875,0.981,-0.506,0.977,0.547,0.664,0.951,0.951,0.77,0.843,0.825,0.97,0.887,0.706,0.723,-0.568,0.929,0.928,0.0,0.909,0.872,-0.333,0.97,0.393,-0.21,0.859,-0.814,0.968,0.942,0.978,0.225,0.954,0.966,0.883,0.797,0.956,0.927,0.979,0.984,0.922,0.787,0.157,0.851,0.981,0.879,0.968,0.967,0.851,0.515,-0.414,-0.469,0.949,0.938,0.771,0.881,0.613,0.922,0.972,0.548,0.891,0.957,0.892,0.924,0.205,0.967,0.931,0.891,-0.693,0.979,0.704,0.611,0.732,-0.072,0.949,0.784,0.935,-0.667,-0.151,0.822,0.707,-0.577,0.924,0.741,0.978,0.699,0.94,-0.574,0.959,0.914,0.487,0.972,0.902,0.218,0.981,0.965,0.951,0.867,0.929,0.938,0.656,0.958,-0.798,0.49,0.169,0.953,-0.123,0.955,0.978,0.66,0.986,0.954,0.934,0.976,0.956,0.876,0.902,0.495,0.119,0.906,0.871,0.979,0.599,0.967,0.629,0.973,-0.476,-0.723,0.639,0.924,0.975,0.369,0.983,0.953,-0.237,0.915,0.925,0.912,-0.364,0.559,0.947,0.956,0.885,0.973,0.973,0.962,-0.581,0.809,0.98,0.808,0.966,0.441,0.921,0.516,0.771,0.951,0.608,0.977,0.968,-0.294,-0.144,-0.062,0.387,-0.021,0.861,0.738,0.915,0.938,0.687,0.506,0.921,0.862,0.983,0.769,0.679,-0.754,0.983,0.971,0.95,0.7,0.968,0.97,0.292,0.963,0.944,-0.595,0.314,-0.231,0.854,0.945,0.897,-0.317,0.857,0.252,0.684,0.885,0.643
ASTH,0.537,0.898,0.087,-0.825,0.935,0.908,-0.562,0.894,0.408,0.629,0.821,0.933,0.871,0.737,0.622,0.88,0.89,0.817,0.791,-0.506,0.938,0.918,0.909,0.0,0.942,-0.173,0.852,0.603,-0.379,0.848,-0.762,0.889,0.83,0.879,0.016,0.913,0.884,0.691,0.942,0.823,0.91,0.898,0.921,0.864,0.904,0.108,0.839,0.928,0.779,0.843,0.922,0.663,0.203,-0.19,-0.602,0.805,0.775,0.83,0.908,0.761,0.909,0.874,0.757,0.866,0.918,0.822,0.767,0.466,0.911,0.744,0.948,-0.772,0.86,0.516,0.423,0.461,0.067,0.933,0.653,0.96,-0.612,-0.39,0.904,0.736,-0.675,0.83,0.866,0.884,0.537,0.779,-0.406,0.942,0.931,0.52,0.874,0.87,0.448,0.904,0.898,0.867,0.634,0.875,0.892,0.575,0.905,-0.547,0.475,0.201,0.908,-0.243,0.935,0.901,0.595,0.899,0.931,0.896,0.915,0.819,0.933,0.931,0.262,0.227,0.894,0.662,0.878,0.555,0.884,0.741,0.908,-0.36,-0.755,0.801,0.807,0.886,0.512,0.872,0.815,-0.064,0.904,0.939,0.86,-0.179,0.326,0.79,0.952,0.904,0.917,0.934,0.871,-0.672,0.858,0.872,0.672,0.875,0.692,0.761,0.648,0.67,0.814,0.597,0.914,0.937,-0.369,-0.235,0.156,0.348,-0.249,0.817,0.502,0.925,0.953,0.577,0.287,0.922,0.639,0.858,0.615,0.707,-0.512,0.882,0.849,0.937,0.511,0.862,0.867,0.208,0.851,0.846,-0.61,0.01,-0.142,0.924,0.789,0.891,-0.063,0.891,0.289,0.584,0.936,0.763
ATSG,0.516,0.888,-0.059,-0.824,0.911,0.88,-0.594,0.877,0.368,0.703,0.837,0.879,0.796,0.751,0.653,0.873,0.856,0.757,0.838,-0.545,0.948,0.884,0.872,0.942,0.0,-0.134,0.803,0.593,-0.473,0.738,-0.75,0.841,0.782,0.836,0.162,0.926,0.845,0.634,0.906,0.754,0.942,0.889,0.879,0.792,0.953,-0.055,0.885,0.902,0.806,0.825,0.894,0.575,0.105,-0.273,-0.53,0.787,0.766,0.74,0.877,0.625,0.875,0.848,0.797,0.83,0.897,0.757,0.729,0.488,0.865,0.702,0.915,-0.855,0.838,0.419,0.327,0.454,0.09,0.889,0.491,0.927,-0.627,-0.49,0.911,0.814,-0.743,0.82,0.879,0.829,0.451,0.713,-0.291,0.939,0.94,0.366,0.821,0.763,0.456,0.904,0.836,0.861,0.591,0.822,0.868,0.482,0.856,-0.606,0.387,0.221,0.895,-0.4,0.94,0.876,0.521,0.868,0.909,0.871,0.899,0.775,0.892,0.89,0.191,0.233,0.879,0.638,0.836,0.587,0.879,0.722,0.862,-0.254,-0.697,0.78,0.812,0.868,0.476,0.829,0.796,-0.04,0.853,0.897,0.803,-0.232,0.314,0.748,0.927,0.922,0.92,0.931,0.82,-0.755,0.823,0.845,0.634,0.884,0.595,0.692,0.626,0.575,0.781,0.536,0.86,0.912,-0.373,-0.364,-0.001,0.256,-0.188,0.735,0.426,0.852,0.936,0.63,0.21,0.925,0.637,0.848,0.578,0.638,-0.477,0.861,0.815,0.903,0.416,0.842,0.839,0.246,0.818,0.828,-0.54,0.024,-0.252,0.856,0.744,0.834,-0.081,0.901,0.218,0.477,0.942,0.627
AVTX,-0.378,-0.383,-0.041,0.333,-0.185,-0.35,-0.366,-0.317,0.101,0.104,-0.326,-0.218,-0.271,-0.289,-0.292,-0.348,-0.412,-0.221,-0.076,0.122,-0.262,-0.19,-0.333,-0.173,-0.134,0.0,-0.405,0.47,-0.055,-0.346,0.516,-0.29,-0.254,-0.382,0.021,-0.298,-0.314,-0.26,-0.104,-0.467,-0.237,-0.283,-0.368,-0.418,-0.096,-0.088,-0.331,-0.264,-0.264,-0.431,-0.304,-0.37,-0.382,0.311,0.306,-0.357,-0.434,-0.262,-0.39,-0.242,-0.236,-0.376,0.125,-0.306,-0.4,-0.187,-0.57,0.561,-0.329,-0.528,-0.163,0.118,-0.344,-0.392,-0.489,-0.505,0.387,-0.221,-0.316,-0.231,0.478,-0.048,-0.178,-0.226,0.246,-0.271,-0.166,-0.411,-0.465,-0.42,0.497,-0.304,-0.227,-0.085,-0.302,-0.361,0.207,-0.349,-0.237,-0.299,-0.456,-0.392,-0.328,-0.035,-0.368,0.53,0.107,-0.343,-0.362,0.217,-0.297,-0.357,-0.057,-0.351,-0.26,-0.316,-0.32,-0.39,-0.204,-0.298,-0.063,-0.094,-0.283,-0.376,-0.349,-0.062,-0.301,-0.196,-0.341,0.312,0.277,0.328,-0.235,-0.334,0.156,-0.352,-0.349,0.55,-0.256,-0.123,-0.452,0.227,-0.346,-0.511,-0.293,-0.091,-0.29,-0.261,-0.422,0.213,-0.341,-0.444,-0.031,-0.317,0.052,-0.318,0.277,-0.453,-0.42,-0.16,-0.325,-0.307,0.524,-0.116,0.034,-0.234,-0.163,-0.505,-0.253,-0.362,-0.247,-0.032,-0.228,-0.334,-0.321,-0.372,-0.085,0.106,0.294,-0.363,-0.293,-0.343,-0.214,-0.24,-0.428,-0.322,-0.298,-0.413,0.311,-0.275,0.038,-0.331,-0.374,-0.282,0.376,-0.25,0.05,-0.011,-0.105,-0.292
BCPC,0.812,0.969,0.101,-0.949,0.873,0.956,-0.391,0.95,0.483,0.571,0.922,0.922,0.782,0.814,0.79,0.941,0.897,0.73,0.648,-0.478,0.897,0.902,0.97,0.852,0.803,-0.405,0.0,0.283,-0.141,0.89,-0.843,0.939,0.913,0.977,0.21,0.919,0.926,0.879,0.739,0.97,0.887,0.943,0.972,0.939,0.72,0.186,0.821,0.94,0.819,0.972,0.948,0.855,0.579,-0.418,-0.52,0.951,0.921,0.801,0.87,0.637,0.93,0.978,0.449,0.888,0.943,0.871,0.931,0.083,0.933,0.962,0.834,-0.642,0.957,0.699,0.708,0.738,-0.131,0.922,0.804,0.879,-0.698,-0.093,0.801,0.69,-0.569,0.873,0.727,0.987,0.73,0.95,-0.627,0.94,0.842,0.459,0.964,0.917,0.092,0.964,0.94,0.907,0.91,0.939,0.917,0.663,0.962,-0.812,0.457,0.162,0.935,-0.086,0.924,0.948,0.615,0.976,0.922,0.884,0.938,0.98,0.878,0.891,0.447,0.166,0.905,0.872,0.974,0.527,0.956,0.663,0.947,-0.536,-0.739,0.539,0.879,0.965,0.34,0.971,0.942,-0.361,0.895,0.859,0.944,-0.364,0.555,0.97,0.925,0.803,0.941,0.936,0.982,-0.574,0.807,0.978,0.79,0.941,0.416,0.933,0.406,0.809,0.958,0.641,0.946,0.945,-0.353,-0.15,-0.03,0.428,-0.022,0.865,0.745,0.916,0.882,0.618,0.531,0.908,0.848,0.973,0.723,0.613,-0.761,0.973,0.954,0.948,0.725,0.935,0.973,0.244,0.941,0.923,-0.525,0.396,-0.244,0.847,0.937,0.855,-0.394,0.853,0.141,0.662,0.831,0.68
BEAM,0.086,0.345,0.089,-0.321,0.512,0.371,-0.703,0.342,0.278,0.662,0.294,0.509,0.428,0.223,0.178,0.316,0.339,0.429,0.67,-0.382,0.507,0.497,0.393,0.603,0.593,0.47,0.283,0.0,-0.427,0.358,-0.107,0.414,0.384,0.324,-0.107,0.415,0.406,0.28,0.659,0.242,0.481,0.443,0.387,0.263,0.582,-0.122,0.381,0.472,0.315,0.228,0.389,0.138,-0.229,0.228,-0.259,0.249,0.159,0.359,0.444,0.34,0.459,0.299,0.695,0.473,0.355,0.408,0.092,0.711,0.379,0.116,0.533,-0.466,0.333,0.095,0.008,-0.001,0.164,0.5,0.213,0.564,-0.028,-0.349,0.527,0.337,-0.325,0.4,0.511,0.295,-0.008,0.205,0.115,0.431,0.469,0.21,0.366,0.363,0.706,0.4,0.456,0.374,0.06,0.337,0.343,0.418,0.418,0.069,0.203,-0.133,0.424,-0.025,0.481,0.365,0.524,0.37,0.488,0.389,0.384,0.253,0.529,0.508,0.16,0.013,0.358,0.124,0.362,0.431,0.427,0.44,0.393,0.164,-0.407,0.901,0.365,0.389,0.325,0.343,0.252,0.371,0.509,0.55,0.298,0.186,-0.165,0.158,0.473,0.554,0.447,0.438,0.291,-0.278,0.459,0.28,0.452,0.363,0.554,0.244,0.77,0.079,0.179,0.388,0.42,0.435,0.091,-0.106,0.125,0.26,-0.44,0.335,0.191,0.413,0.568,0.42,-0.114,0.424,0.217,0.304,0.302,0.469,-0.025,0.355,0.367,0.415,0.114,0.415,0.325,-0.091,0.396,0.304,-0.206,-0.255,-0.157,0.435,0.28,0.482,0.439,0.456,0.283,0.417,0.59,0.39
BILI,0.185,-0.248,0.226,0.176,-0.417,-0.227,0.272,-0.195,0.29,-0.327,-0.149,-0.183,-0.378,-0.045,0.069,-0.196,-0.339,-0.452,-0.577,0.377,-0.449,-0.268,-0.21,-0.379,-0.473,-0.055,-0.141,-0.427,0.0,-0.113,0.345,-0.15,-0.077,-0.217,0.188,-0.333,-0.188,0.071,-0.548,-0.11,-0.391,-0.287,-0.269,-0.068,-0.617,0.465,-0.491,-0.262,-0.151,-0.169,-0.239,0.185,0.54,-0.013,0.497,-0.055,-0.065,-0.335,-0.465,-0.214,-0.238,-0.174,-0.588,-0.342,-0.349,0.021,-0.086,-0.276,-0.226,-0.056,-0.373,0.516,-0.129,0.175,0.164,0.078,0.353,-0.261,0.196,-0.409,0.374,0.719,-0.577,-0.561,0.661,-0.18,-0.597,-0.152,0.179,0.013,-0.194,-0.354,-0.321,0.195,-0.103,-0.143,-0.453,-0.308,-0.177,-0.165,0.12,-0.214,-0.17,0.062,-0.263,0.09,0.241,-0.041,-0.335,0.564,-0.403,-0.199,-0.054,-0.268,-0.357,-0.259,-0.279,-0.083,-0.36,-0.401,0.339,-0.283,-0.312,0.087,-0.189,-0.472,-0.327,-0.386,-0.202,-0.291,0.458,-0.386,-0.068,-0.282,-0.004,-0.132,-0.034,0.057,-0.229,-0.224,-0.322,0.042,0.229,-0.059,-0.409,-0.319,-0.327,-0.319,-0.16,0.492,-0.53,-0.214,0.015,-0.285,-0.297,0.017,-0.254,0.064,-0.042,-0.2,-0.192,-0.344,0.502,0.355,0.159,-0.013,0.321,-0.246,0.163,-0.256,-0.422,-0.093,0.514,-0.439,0.086,-0.172,0.113,-0.126,-0.279,-0.202,-0.127,-0.321,0.336,-0.129,-0.194,0.15,-0.163,-0.1,-0.07,0.322,0.162,-0.393,-0.025,-0.266,-0.393,-0.524,0.066,0.09,-0.376,-0.265
BJRI,0.65,0.858,0.405,-0.823,0.86,0.817,-0.423,0.822,0.297,0.424,0.72,0.885,0.835,0.599,0.604,0.772,0.93,0.789,0.605,-0.224,0.799,0.82,0.859,0.848,0.738,-0.346,0.89,0.358,-0.113,0.0,-0.713,0.864,0.807,0.849,-0.025,0.761,0.841,0.76,0.8,0.893,0.757,0.811,0.881,0.873,0.656,0.154,0.685,0.847,0.614,0.823,0.845,0.727,0.422,-0.039,-0.69,0.802,0.736,0.83,0.856,0.822,0.885,0.864,0.409,0.848,0.854,0.792,0.77,0.143,0.798,0.818,0.837,-0.573,0.817,0.596,0.715,0.471,-0.141,0.873,0.837,0.825,-0.542,-0.064,0.774,0.529,-0.548,0.758,0.705,0.888,0.656,0.861,-0.693,0.852,0.737,0.506,0.867,0.956,0.22,0.844,0.857,0.777,0.775,0.884,0.796,0.767,0.916,-0.571,0.401,0.006,0.837,-0.06,0.851,0.815,0.627,0.852,0.807,0.734,0.781,0.884,0.908,0.898,0.286,0.088,0.796,0.709,0.882,0.348,0.848,0.765,0.881,-0.503,-0.824,0.56,0.716,0.852,0.331,0.867,0.793,-0.422,0.907,0.771,0.889,-0.067,0.259,0.845,0.847,0.656,0.833,0.8,0.916,-0.56,0.772,0.851,0.761,0.773,0.661,0.856,0.499,0.749,0.823,0.73,0.839,0.858,-0.331,0.001,0.347,0.511,-0.387,0.882,0.665,0.951,0.823,0.384,0.378,0.821,0.686,0.835,0.522,0.451,-0.627,0.841,0.829,0.905,0.607,0.809,0.889,0.075,0.853,0.827,-0.531,0.199,-0.309,0.858,0.836,0.793,-0.238,0.774,0.1,0.567,0.752,0.881
BLUE,-0.54,-0.864,0.074,0.775,-0.823,-0.85,0.111,-0.828,-0.186,-0.361,-0.787,-0.701,-0.773,-0.734,-0.567,-0.838,-0.833,-0.745,-0.58,0.418,-0.858,-0.787,-0.814,-0.762,-0.75,0.516,-0.843,-0.107,0.345,-0.713,0.0,-0.752,-0.694,-0.849,-0.106,-0.863,-0.759,-0.597,-0.685,-0.816,-0.833,-0.81,-0.86,-0.838,-0.759,-0.073,-0.877,-0.787,-0.704,-0.852,-0.846,-0.609,-0.289,0.452,0.59,-0.787,-0.782,-0.789,-0.848,-0.585,-0.814,-0.865,-0.491,-0.753,-0.896,-0.611,-0.842,-0.045,-0.826,-0.827,-0.734,0.641,-0.788,-0.466,-0.509,-0.581,0.156,-0.791,-0.514,-0.774,0.809,0.368,-0.828,-0.84,0.725,-0.688,-0.821,-0.855,-0.609,-0.747,0.441,-0.873,-0.756,-0.267,-0.78,-0.744,-0.054,-0.854,-0.756,-0.757,-0.705,-0.818,-0.836,-0.306,-0.807,0.749,-0.289,-0.366,-0.857,0.367,-0.841,-0.837,-0.231,-0.86,-0.851,-0.81,-0.848,-0.794,-0.787,-0.809,-0.108,-0.409,-0.882,-0.683,-0.817,-0.553,-0.83,-0.643,-0.786,0.395,0.644,-0.374,-0.664,-0.844,-0.302,-0.794,-0.78,0.438,-0.748,-0.695,-0.899,0.382,-0.484,-0.842,-0.859,-0.703,-0.825,-0.846,-0.854,0.668,-0.85,-0.877,-0.456,-0.855,-0.346,-0.7,-0.203,-0.718,-0.822,-0.478,-0.78,-0.863,0.684,0.362,0.101,-0.344,-0.047,-0.759,-0.405,-0.811,-0.766,-0.425,-0.324,-0.884,-0.557,-0.824,-0.502,-0.513,0.502,-0.846,-0.771,-0.863,-0.443,-0.729,-0.833,-0.291,-0.736,-0.772,0.44,-0.264,0.125,-0.833,-0.715,-0.715,0.34,-0.895,-0.02,-0.345,-0.758,-0.628
