,AAL,AAON,ACB,ACGL,ACGLO,ACIW,ADBE,ADSK,AEP,AGIO,ALEC,ALNY,ALTR,AMBA,AMCX,AMKR,AMRX,ANSS,APPN,APTO,ARCT,ARWR,ASND,ASTH,ATSG,AVTX,BCPC,BEAM,BILI,BJRI,BLUE,BPOP,BRKL,BWIN,BZUN,CARG,CBRL,CBSH,CBUS,CENTA,CERS,CFFN,CHCO,CHEF,CHRD,CINF,CLLS,CMCO,CMCSA,COLL,COMM,COOP,CPB,CRON,CROX,CRUS,CRWD,CTAS,CYBR,CYTK,DGII,DIOD,DOMO,DPZ,DSGR,DXCM,ERIE,ESTA,EXEL,FAST,FCEL,FCFS,FHB,FITBI,FSV,FTDR,FUTU,GLDD,GLPG,GLPI,GOGO,GOSS,GSAT,GYRE,HALO,HAS,HLIT,HLNE,HSDT,HSIC,HTHT,ICHR,IDYA,IMVT,INDB,INSM,IONS,IOSP,ITRI,JBHT,JBLU,JSM,KLIC,KOD,KURA,LAB,LASR,LIN,LKQ,LNT,MBUU,MCRI,MDGL,MEDP,MGNI,MGPI,MGRC,MKTX,MRNA,MRTN,MSEX,MSFT,MU,NAVI,NBTB,NEO,NEOG,NGNE,NSSC,NTAP,NTES,NTLA,NTRS,NYMTN,OBLG,OCFC,ON,ONC,OPI,OSIS,OSW,PALI,PANW,PCAR,PCRX,PCTY,PEBO,PLAB,PLAY,PLMR,PLSE,PLUS,PRTA,PSEC,PSNL,PTCT,PTON,QNST,QRVO,QTTB,RARE,RBCAA,RGNX,SAIC,SGMO,SINT,SNPS,SPSC,SPTN,SSYS,STNE,TBBK,TCPC,TENB,TGTX,TREE,TRUP,TTWO,TW,TXG,UBSI,UCTT,UFPT,UMBF,UPBD,URBN,VBTX,VCTR,VEON,VNET,VRSK,VSEC,WABC,WTFCM,WVE,WW,WWD,XEL,ZD,ZYME
AAL,0.0,0.835,0.922,-0.108,0.033,0.382,0.522,0.815,0.05,0.923,0.924,0.78,0.892,0.87,0.389,0.766,0.471,0.873,0.568,-0.2,0.843,0.598,0.825,0.681,0.849,0.693,0.708,0.694,0.643,-0.259,0.055,0.257,0.771,0.915,0.698,0.401,0.165,0.838,0.479,0.138,0.226,0.044,0.317,0.069,-0.071,0.658,0.184,0.918,0.706,0.829,0.446,-0.053,-0.396,0.889,-0.192,0.838,0.743,0.645,0.432,0.525,0.19,0.722,0.908,0.642,0.195,-0.343,0.525,0.812,0.635,-0.001,0.832,-0.393,0.52,0.848,0.792,0.418,0.8,0.716,0.658,0.813,0.707,0.865,0.371,-0.521,0.873,0.581,-0.403,0.774,0.831,0.597,-0.029,0.848,0.147,0.679,0.373,-0.048,0.611,0.902,0.37,0.83,0.677,-0.065,0.926,0.619,0.849,-0.585,0.893,0.408,0.653,0.205,0.456,0.799,0.797,-0.009,0.761,0.74,0.697,0.59,0.811,0.807,0.832,-0.084,0.65,0.784,0.236,-0.574,0.522,0.777,0.658,0.855,0.266,0.904,0.69,0.839,0.765,0.868,0.506,0.269,0.106,0.639,0.653,-0.221,0.654,0.746,0.862,0.392,-0.101,0.867,0.183,0.413,0.308,0.844,0.647,0.691,0.78,0.074,0.807,-0.474,0.721,0.677,0.542,0.498,0.618,0.719,0.194,0.755,0.842,0.855,0.61,0.619,0.28,0.277,0.651,0.223,0.018,0.426,0.842,0.673,-0.2,0.601,0.195,0.935,0.422,0.253,0.857,-0.446,0.799,0.805,0.437,-0.002,0.793,0.431,-0.305,0.778,0.587,0.701,0.813,-0.1,0.708,-0.399
AAON,0.835,0.0,0.779,0.194,0.349,0.406,0.476,0.537,0.369,0.801,0.855,0.585,0.752,0.593,0.424,0.633,0.657,0.635,0.235,0.161,0.578,0.622,0.797,0.397,0.684,0.44,0.416,0.849,0.778,0.044,0.203,0.553,0.602,0.831,0.858,0.218,-0.057,0.619,0.113,0.09,0.484,0.41,0.577,0.317,-0.113,0.633,0.5,0.738,0.476,0.759,0.065,0.345,-0.071,0.808,-0.337,0.769,0.561,0.75,0.472,0.69,-0.053,0.351,0.639,0.551,0.052,-0.082,0.153,0.603,0.553,0.213,0.601,-0.06,0.691,0.754,0.904,0.626,0.562,0.424,0.645,0.697,0.376,0.643,0.66,-0.482,0.611,0.186,-0.321,0.917,0.818,0.258,0.107,0.609,0.421,0.382,0.608,-0.206,0.385,0.791,0.552,0.655,0.284,0.292,0.727,0.682,0.816,-0.486,0.643,0.744,0.291,0.438,0.065,0.873,0.836,0.234,0.535,0.484,0.739,0.288,0.537,0.572,0.877,0.234,0.721,0.555,0.51,-0.399,0.479,0.67,0.365,0.682,0.556,0.705,0.844,0.784,0.536,0.715,0.119,0.56,0.343,0.245,0.741,-0.422,0.413,0.74,0.779,0.041,0.272,0.646,0.061,0.619,0.543,0.696,0.335,0.333,0.702,-0.328,0.798,-0.22,0.432,0.419,0.752,0.597,0.244,0.606,0.166,0.503,0.735,0.704,0.505,0.267,0.364,0.612,0.696,-0.129,0.377,0.668,0.64,0.34,0.211,0.216,0.517,0.762,0.12,0.505,0.698,-0.219,0.791,0.891,0.304,0.311,0.528,0.506,0.011,0.704,0.329,0.382,0.866,0.22,0.408,-0.311
ACB,0.922,0.779,0.0,-0.047,-0.101,0.306,0.479,0.869,-0.027,0.938,0.946,0.774,0.872,0.883,0.341,0.719,0.399,0.898,0.665,-0.236,0.889,0.567,0.819,0.746,0.884,0.754,0.729,0.652,0.543,-0.315,-0.041,0.187,0.725,0.852,0.657,0.333,0.214,0.856,0.561,0.147,0.152,-0.057,0.217,0.004,-0.076,0.733,0.125,0.92,0.763,0.781,0.474,-0.132,-0.43,0.926,-0.153,0.816,0.748,0.599,0.412,0.489,0.147,0.752,0.908,0.537,0.279,-0.392,0.577,0.855,0.673,-0.012,0.855,-0.445,0.431,0.784,0.726,0.348,0.83,0.746,0.576,0.817,0.761,0.876,0.287,-0.581,0.89,0.654,-0.455,0.709,0.793,0.666,-0.114,0.888,0.024,0.771,0.281,-0.089,0.642,0.889,0.282,0.86,0.63,-0.193,0.92,0.536,0.822,-0.602,0.909,0.365,0.719,0.13,0.52,0.779,0.807,-0.069,0.776,0.777,0.684,0.644,0.832,0.842,0.727,-0.147,0.615,0.761,0.156,-0.614,0.523,0.821,0.678,0.852,0.183,0.908,0.629,0.864,0.759,0.842,0.541,0.2,0.037,0.663,0.578,-0.152,0.741,0.712,0.863,0.485,-0.173,0.869,0.188,0.36,0.291,0.87,0.714,0.726,0.812,0.029,0.754,-0.466,0.76,0.737,0.464,0.418,0.622,0.754,0.304,0.803,0.84,0.875,0.578,0.689,0.21,0.215,0.623,0.337,-0.057,0.363,0.836,0.744,-0.265,0.616,0.09,0.947,0.478,0.152,0.875,-0.488,0.724,0.741,0.32,-0.079,0.826,0.374,-0.401,0.74,0.636,0.767,0.777,-0.159,0.735,-0.407
ACGL,-0.108,0.194,-0.047,0.0,0.19,0.256,0.441,-0.089,0.51,-0.008,0.046,-0.064,-0.0,-0.254,0.374,0.08,0.137,-0.1,-0.22,0.183,-0.252,0.422,0.193,-0.092,0.085,-0.086,-0.097,0.392,-0.055,0.445,0.189,0.416,0.032,-0.2,0.109,0.007,0.257,-0.016,-0.168,0.445,0.372,0.372,0.305,0.564,0.328,0.432,0.609,-0.052,0.096,-0.209,-0.601,0.396,0.328,-0.07,-0.285,0.121,0.231,0.473,0.442,0.597,-0.723,-0.408,-0.232,-0.112,-0.292,0.301,-0.253,-0.095,0.101,0.62,-0.06,0.398,0.346,0.11,0.24,0.532,-0.225,-0.222,0.15,0.155,-0.258,-0.128,0.25,-0.37,-0.169,-0.279,0.499,0.299,0.079,-0.402,-0.339,-0.125,0.359,-0.131,0.441,0.188,0.04,0.008,0.333,-0.003,-0.55,0.326,-0.139,0.137,0.13,0.135,-0.121,0.565,-0.242,0.488,-0.237,0.132,0.306,0.088,-0.055,-0.136,0.032,-0.105,-0.323,-0.138,-0.056,0.536,0.345,-0.137,0.445,0.246,-0.311,-0.227,-0.325,0.12,0.255,-0.027,0.412,0.217,-0.339,0.047,-0.506,0.25,0.559,-0.386,-0.029,0.095,0.082,-0.105,0.066,-0.343,0.483,-0.125,0.156,0.52,0.434,0.14,-0.155,-0.25,0.049,-0.517,0.154,0.701,-0.104,-0.287,0.407,0.401,-0.452,0.265,0.353,-0.247,0.236,0.192,-0.072,-0.151,0.232,0.499,0.254,-0.331,0.549,0.526,-0.005,-0.232,0.465,-0.374,0.39,-0.113,-0.55,0.414,0.097,0.448,0.133,0.113,-0.618,0.343,-0.219,0.319,0.304,0.239,-0.198,-0.257,0.347,0.652,-0.027,0.51
ACGLO,0.033,0.349,-0.101,0.19,0.0,0.529,0.085,-0.413,0.765,-0.07,-0.047,-0.017,-0.028,-0.32,0.456,0.09,0.725,-0.338,-0.621,0.637,-0.421,0.236,0.007,-0.409,-0.143,-0.592,-0.4,0.485,0.642,0.719,0.788,0.626,0.027,0.171,0.437,0.239,-0.331,-0.266,-0.717,-0.01,0.829,0.781,0.65,0.683,0.03,-0.226,0.687,-0.155,-0.258,0.144,-0.541,0.71,0.608,0.114,-0.287,0.013,-0.093,0.278,0.431,0.261,0.018,-0.54,-0.194,0.441,-0.661,0.697,-0.676,-0.261,-0.265,0.106,-0.229,0.535,0.517,0.205,0.383,0.613,-0.221,-0.556,0.424,-0.083,-0.521,-0.302,0.62,0.144,-0.336,-0.612,0.222,0.49,0.123,-0.674,0.481,-0.38,0.767,-0.575,0.643,-0.241,-0.344,0.034,0.677,-0.39,-0.353,0.936,-0.158,0.536,0.178,0.411,-0.249,0.621,-0.612,0.622,-0.67,0.245,0.219,0.875,-0.033,-0.384,0.008,-0.51,-0.386,-0.409,0.475,0.813,0.474,-0.253,0.639,0.557,0.306,-0.072,-0.106,-0.076,0.796,-0.153,0.395,-0.05,-0.307,-0.039,-0.627,0.714,0.661,-0.57,0.555,-0.441,-0.515,0.423,0.157,-0.819,0.729,-0.213,0.003,0.566,0.612,-0.286,-0.587,-0.501,0.145,-0.378,0.227,0.305,-0.496,-0.345,0.512,0.382,-0.385,-0.343,-0.528,-0.515,-0.074,-0.191,0.134,-0.444,0.654,0.687,0.439,-0.811,0.84,0.64,-0.17,-0.453,0.755,-0.325,0.786,-0.141,-0.515,0.679,-0.169,0.536,0.258,0.453,0.312,0.885,-0.408,0.473,0.799,0.126,-0.232,-0.595,0.224,0.652,-0.395,0.17
ACIW,0.382,0.406,0.306,0.256,0.529,0.0,0.685,0.175,0.711,0.342,0.327,0.537,0.355,0.23,0.945,0.646,0.417,0.172,-0.062,0.16,-0.006,0.738,0.424,0.213,0.526,-0.039,0.263,0.569,0.442,0.568,0.706,0.621,0.703,0.316,0.351,0.805,0.488,0.419,0.039,0.693,0.804,0.478,0.675,0.84,0.625,0.249,0.66,0.373,0.357,0.133,-0.206,0.306,0.299,0.319,-0.423,0.403,0.546,0.529,0.906,0.544,0.059,0.005,0.38,0.669,-0.752,0.499,-0.074,0.373,0.188,0.284,0.386,0.268,0.724,0.618,0.531,0.749,0.231,0.045,0.855,0.407,0.124,0.213,0.225,-0.202,0.279,0.014,0.447,0.613,0.351,-0.291,-0.242,0.147,0.618,0.037,0.766,0.073,0.286,0.479,0.901,0.072,0.165,0.529,0.383,0.867,0.571,0.297,0.388,0.556,0.012,0.749,0.073,0.385,0.631,0.429,0.626,0.211,0.156,0.146,-0.054,0.122,0.573,0.579,0.783,0.352,0.668,0.397,0.445,-0.029,0.394,0.562,0.41,0.392,0.714,0.421,-0.063,0.606,-0.181,0.334,0.836,0.006,0.591,0.134,0.026,0.434,0.655,-0.389,0.507,0.323,0.646,0.813,0.655,0.301,0.023,0.144,0.598,-0.096,0.576,0.397,0.112,0.022,0.59,0.76,0.167,0.304,-0.356,-0.102,0.482,0.437,0.669,0.348,0.879,0.648,0.862,-0.483,0.602,0.756,0.5,0.148,0.348,0.322,0.646,0.247,-0.353,0.806,0.492,0.515,0.74,0.624,0.086,0.553,0.107,0.943,0.524,0.693,0.248,-0.08,0.649,0.603,0.411,0.5
ADBE,0.522,0.476,0.479,0.441,0.085,0.685,0.0,0.549,0.342,0.554,0.505,0.65,0.576,0.508,0.696,0.777,0.133,0.496,0.24,-0.289,0.322,0.867,0.644,0.396,0.69,0.412,0.551,0.534,0.227,0.151,0.138,0.366,0.752,0.321,0.254,0.653,0.614,0.629,0.43,0.644,0.398,0.111,0.368,0.571,0.551,0.604,0.531,0.612,0.687,0.159,-0.05,-0.047,-0.234,0.36,-0.513,0.645,0.864,0.78,0.78,0.667,-0.369,0.331,0.502,0.502,-0.341,-0.004,0.307,0.452,0.353,0.593,0.608,-0.108,0.521,0.726,0.616,0.672,0.421,0.439,0.737,0.607,0.341,0.519,0.048,-0.679,0.531,0.339,0.319,0.613,0.497,0.08,-0.593,0.512,0.391,0.383,0.533,0.144,0.546,0.518,0.603,0.505,0.286,0.152,0.568,0.639,0.611,-0.127,0.609,0.489,0.407,0.532,0.392,0.454,0.676,-0.053,0.661,0.374,0.361,0.577,0.273,0.44,0.44,0.276,0.806,0.64,0.38,-0.09,0.057,0.106,0.376,0.795,0.134,0.645,0.694,0.719,0.302,0.73,0.11,0.158,0.576,0.288,0.255,0.145,0.55,0.248,0.622,0.048,0.162,0.62,0.401,0.688,0.396,0.675,0.411,0.457,0.536,-0.088,0.624,0.192,0.489,0.22,0.381,0.688,0.303,0.718,0.069,0.317,0.828,0.716,0.44,0.607,0.497,0.406,0.681,-0.174,0.308,0.627,0.688,0.447,0.017,0.401,0.267,0.487,-0.253,0.488,0.726,0.08,0.729,0.502,-0.124,0.058,0.475,0.73,0.009,0.796,0.191,0.299,0.802,0.377,0.629,0.315
ADSK,0.815,0.537,0.869,-0.089,-0.413,0.175,0.549,0.0,-0.281,0.856,0.83,0.821,0.829,0.944,0.2,0.714,0.07,0.946,0.792,-0.561,0.929,0.52,0.726,0.812,0.838,0.911,0.905,0.406,0.208,-0.577,-0.297,-0.126,0.737,0.687,0.329,0.376,0.428,0.896,0.807,0.232,-0.156,-0.408,-0.085,-0.187,0.063,0.727,-0.138,0.902,0.865,0.613,0.67,-0.447,-0.682,0.745,-0.03,0.762,0.815,0.536,0.283,0.364,0.096,0.919,0.898,0.442,0.426,-0.657,0.848,0.819,0.659,0.031,0.909,-0.672,0.185,0.722,0.493,0.15,0.844,0.91,0.434,0.809,0.889,0.916,-0.056,-0.633,0.933,0.868,-0.364,0.438,0.687,0.838,-0.383,0.965,-0.205,0.914,-0.002,0.14,0.773,0.754,0.059,0.921,0.769,-0.481,0.873,0.321,0.648,-0.623,0.927,0.043,0.934,-0.025,0.8,0.587,0.615,-0.357,0.755,0.803,0.541,0.853,0.899,0.936,0.493,-0.392,0.45,0.849,-0.124,-0.685,0.272,0.679,0.691,0.869,-0.182,0.913,0.41,0.805,0.838,0.806,0.774,-0.149,-0.141,0.874,0.241,0.148,0.904,0.48,0.704,0.721,-0.481,0.937,0.194,0.148,-0.027,0.912,0.897,0.923,0.666,0.309,0.642,-0.514,0.921,0.735,0.158,0.252,0.795,0.823,0.386,0.895,0.838,0.86,0.446,0.851,-0.007,-0.129,0.391,0.575,-0.367,0.087,0.868,0.884,-0.59,0.76,-0.25,0.88,0.561,-0.072,0.87,-0.595,0.587,0.471,0.216,-0.441,0.941,0.233,-0.654,0.669,0.687,0.911,0.65,-0.315,0.856,-0.342
AEP,0.05,0.369,-0.027,0.51,0.765,0.711,0.342,-0.281,0.0,-0.029,0.073,0.052,-0.009,-0.257,0.703,0.205,0.631,-0.242,-0.465,0.663,-0.405,0.464,0.197,-0.246,0.065,-0.401,-0.243,0.583,0.517,0.772,0.733,0.831,0.254,0.108,0.481,0.348,0.072,0.004,-0.53,0.429,0.894,0.82,0.836,0.861,0.409,0.124,0.758,-0.054,-0.152,-0.055,-0.603,0.786,0.735,0.076,-0.359,0.097,0.143,0.476,0.647,0.5,-0.141,-0.493,-0.132,0.349,-0.744,0.681,-0.543,-0.052,-0.019,0.464,-0.034,0.683,0.794,0.262,0.398,0.67,-0.123,-0.401,0.475,0.145,-0.359,-0.18,0.453,0.004,-0.2,-0.542,0.447,0.567,0.085,-0.663,0.115,-0.252,0.661,-0.348,0.832,-0.047,-0.137,0.119,0.841,-0.244,-0.366,0.81,-0.025,0.607,0.281,0.321,-0.133,0.759,-0.515,0.912,-0.486,0.267,0.369,0.705,0.072,-0.212,0.14,-0.393,-0.441,-0.289,0.398,0.853,0.548,-0.153,0.878,0.602,0.255,-0.234,-0.118,0.1,0.736,-0.054,0.642,0.141,-0.424,0.176,-0.614,0.589,0.918,-0.511,0.482,-0.098,-0.298,0.366,0.273,-0.753,0.872,-0.105,0.314,0.82,0.716,-0.037,-0.442,-0.386,0.357,-0.536,0.3,0.608,-0.387,-0.312,0.685,0.652,-0.365,0.001,-0.367,-0.5,0.116,0.064,0.348,-0.286,0.689,0.848,0.571,-0.774,0.835,0.708,0.08,-0.381,0.78,-0.283,0.882,-0.097,-0.635,0.909,0.057,0.744,0.461,0.508,-0.17,0.823,-0.334,0.672,0.795,0.288,-0.103,-0.526,0.4,0.923,-0.169,0.498
AGIO,0.923,0.801,0.938,-0.008,-0.07,0.342,0.554,0.856,-0.029,0.0,0.935,0.811,0.943,0.902,0.384,0.786,0.319,0.907,0.569,-0.303,0.876,0.659,0.872,0.676,0.87,0.771,0.751,0.69,0.497,-0.317,-0.02,0.2,0.773,0.829,0.626,0.372,0.208,0.854,0.585,0.194,0.175,-0.034,0.235,0.057,-0.022,0.717,0.188,0.942,0.758,0.755,0.434,-0.146,-0.453,0.868,-0.253,0.891,0.77,0.665,0.437,0.548,0.057,0.742,0.902,0.574,0.23,-0.403,0.594,0.798,0.72,0.066,0.823,-0.448,0.434,0.834,0.745,0.437,0.806,0.75,0.671,0.808,0.724,0.908,0.315,-0.634,0.903,0.628,-0.352,0.737,0.85,0.645,-0.197,0.884,0.081,0.753,0.319,-0.082,0.717,0.893,0.306,0.889,0.65,-0.17,0.919,0.591,0.855,-0.621,0.922,0.4,0.717,0.149,0.522,0.801,0.857,-0.139,0.747,0.722,0.68,0.683,0.842,0.855,0.762,-0.148,0.65,0.817,0.164,-0.641,0.503,0.743,0.698,0.866,0.142,0.948,0.669,0.889,0.782,0.881,0.518,0.206,0.084,0.661,0.548,-0.174,0.698,0.631,0.868,0.433,-0.165,0.887,0.122,0.375,0.294,0.892,0.717,0.74,0.738,0.037,0.751,-0.445,0.796,0.724,0.501,0.48,0.616,0.811,0.316,0.817,0.885,0.891,0.607,0.688,0.222,0.236,0.637,0.287,-0.029,0.421,0.84,0.698,-0.246,0.596,0.107,0.925,0.406,0.182,0.898,-0.51,0.768,0.763,0.318,-0.096,0.856,0.404,-0.381,0.782,0.537,0.739,0.834,-0.144,0.75,-0.376
ALEC,0.924,0.855,0.946,0.046,-0.047,0.327,0.505,0.83,0.073,0.935,0.0,0.771,0.848,0.856,0.371,0.74,0.413,0.866,0.603,-0.153,0.854,0.639,0.868,0.722,0.86,0.76,0.735,0.739,0.555,-0.281,0.009,0.27,0.754,0.862,0.709,0.304,0.226,0.869,0.513,0.203,0.205,0.02,0.302,0.077,-0.016,0.777,0.196,0.911,0.72,0.769,0.426,-0.026,-0.341,0.883,-0.209,0.832,0.738,0.674,0.431,0.605,0.074,0.701,0.868,0.543,0.253,-0.372,0.557,0.863,0.719,0.102,0.85,-0.354,0.532,0.817,0.757,0.412,0.809,0.738,0.592,0.879,0.753,0.869,0.335,-0.588,0.88,0.592,-0.4,0.759,0.818,0.617,-0.131,0.881,0.095,0.753,0.352,0.014,0.669,0.886,0.338,0.865,0.597,-0.128,0.908,0.571,0.826,-0.615,0.879,0.441,0.671,0.243,0.479,0.836,0.842,-0.052,0.727,0.767,0.732,0.609,0.79,0.865,0.774,-0.12,0.62,0.761,0.239,-0.583,0.502,0.76,0.591,0.847,0.223,0.916,0.722,0.899,0.734,0.843,0.503,0.224,0.121,0.635,0.585,-0.128,0.722,0.698,0.841,0.43,-0.097,0.862,0.191,0.442,0.305,0.9,0.682,0.7,0.806,-0.046,0.787,-0.395,0.715,0.672,0.572,0.476,0.584,0.806,0.312,0.769,0.839,0.89,0.597,0.62,0.204,0.305,0.636,0.263,0.006,0.419,0.864,0.682,-0.188,0.546,0.172,0.914,0.409,0.262,0.885,-0.433,0.776,0.79,0.248,-0.045,0.806,0.403,-0.337,0.772,0.629,0.733,0.837,-0.043,0.716,-0.354
ALNY,0.78,0.585,0.774,-0.064,-0.017,0.537,0.65,0.821,0.052,0.811,0.771,0.0,0.771,0.844,0.512,0.879,0.242,0.74,0.547,-0.409,0.705,0.727,0.686,0.653,0.782,0.661,0.85,0.525,0.336,-0.273,0.114,0.036,0.853,0.683,0.352,0.691,0.498,0.81,0.634,0.427,0.223,-0.216,0.125,0.226,0.353,0.56,0.17,0.83,0.836,0.516,0.519,-0.282,-0.381,0.709,-0.285,0.734,0.816,0.597,0.579,0.418,0.152,0.738,0.848,0.753,-0.015,-0.308,0.656,0.774,0.474,0.072,0.818,-0.545,0.354,0.879,0.555,0.483,0.741,0.707,0.733,0.775,0.745,0.759,0.001,-0.561,0.809,0.712,-0.105,0.557,0.723,0.517,-0.368,0.793,0.074,0.722,0.209,0.151,0.793,0.71,0.437,0.728,0.758,-0.101,0.781,0.644,0.634,-0.323,0.851,0.172,0.734,0.295,0.683,0.602,0.717,0.009,0.85,0.67,0.361,0.766,0.678,0.782,0.683,-0.076,0.69,0.807,0.069,-0.352,0.48,0.48,0.768,0.868,-0.03,0.9,0.557,0.789,0.648,0.81,0.586,-0.037,0.191,0.719,0.382,0.176,0.666,0.604,0.779,0.368,-0.264,0.855,0.316,0.421,0.15,0.786,0.717,0.814,0.755,0.324,0.734,-0.321,0.744,0.512,0.343,0.418,0.791,0.692,0.015,0.631,0.779,0.766,0.584,0.801,0.372,0.086,0.662,0.188,-0.041,0.354,0.85,0.796,-0.387,0.754,-0.004,0.732,0.276,0.234,0.859,-0.323,0.7,0.635,0.338,-0.137,0.795,0.548,-0.332,0.768,0.621,0.658,0.739,-0.008,0.777,-0.11
ALTR,0.892,0.752,0.872,-0.0,-0.028,0.355,0.576,0.829,-0.009,0.943,0.848,0.771,0.0,0.863,0.395,0.776,0.338,0.909,0.47,-0.288,0.811,0.648,0.884,0.599,0.81,0.708,0.672,0.681,0.532,-0.283,-0.01,0.224,0.733,0.779,0.628,0.376,0.156,0.806,0.506,0.152,0.178,0.017,0.264,0.051,-0.066,0.663,0.174,0.907,0.695,0.742,0.379,-0.093,-0.492,0.821,-0.198,0.907,0.786,0.704,0.421,0.545,0.05,0.702,0.842,0.6,0.194,-0.388,0.52,0.692,0.705,0.084,0.792,-0.415,0.427,0.784,0.711,0.42,0.807,0.677,0.663,0.738,0.632,0.897,0.346,-0.586,0.843,0.55,-0.306,0.729,0.792,0.607,-0.135,0.829,0.097,0.685,0.337,-0.134,0.673,0.861,0.311,0.826,0.625,-0.124,0.885,0.556,0.852,-0.626,0.882,0.406,0.662,0.151,0.47,0.759,0.786,-0.128,0.679,0.617,0.687,0.589,0.81,0.779,0.732,-0.086,0.659,0.762,0.211,-0.605,0.425,0.707,0.713,0.843,0.217,0.879,0.617,0.828,0.766,0.873,0.473,0.28,0.125,0.598,0.559,-0.215,0.652,0.637,0.846,0.359,-0.118,0.878,0.106,0.366,0.341,0.847,0.636,0.677,0.662,0.026,0.681,-0.443,0.805,0.718,0.447,0.475,0.585,0.755,0.307,0.766,0.886,0.846,0.587,0.632,0.234,0.245,0.577,0.268,-0.014,0.402,0.799,0.606,-0.212,0.568,0.144,0.891,0.365,0.195,0.848,-0.445,0.76,0.725,0.319,-0.058,0.804,0.38,-0.338,0.728,0.502,0.675,0.79,-0.135,0.691,-0.353
AMBA,0.87,0.593,0.883,-0.254,-0.32,0.23,0.508,0.944,-0.257,0.902,0.856,0.844,0.863,0.0,0.231,0.777,0.098,0.932,0.75,-0.485,0.937,0.543,0.776,0.759,0.834,0.884,0.869,0.423,0.31,-0.554,-0.233,-0.055,0.781,0.764,0.406,0.407,0.338,0.909,0.78,0.167,-0.092,-0.332,0.01,-0.158,0.035,0.633,-0.102,0.93,0.795,0.653,0.707,-0.396,-0.649,0.754,-0.149,0.811,0.78,0.507,0.285,0.345,0.199,0.94,0.943,0.53,0.356,-0.59,0.803,0.838,0.667,-0.02,0.898,-0.654,0.244,0.758,0.531,0.18,0.884,0.91,0.523,0.795,0.878,0.95,-0.013,-0.556,0.959,0.83,-0.402,0.491,0.727,0.815,-0.308,0.965,-0.154,0.882,0.056,0.04,0.773,0.786,0.135,0.91,0.858,-0.405,0.936,0.435,0.691,-0.664,0.959,0.069,0.896,-0.011,0.767,0.612,0.654,-0.315,0.772,0.809,0.609,0.826,0.91,0.932,0.597,-0.414,0.478,0.89,-0.082,-0.702,0.409,0.694,0.765,0.864,-0.121,0.939,0.45,0.807,0.863,0.851,0.796,-0.092,-0.123,0.876,0.34,0.028,0.811,0.528,0.752,0.669,-0.438,0.963,0.159,0.182,-0.005,0.897,0.856,0.912,0.695,0.289,0.647,-0.602,0.904,0.762,0.224,0.296,0.832,0.802,0.24,0.908,0.827,0.848,0.569,0.833,0.043,-0.057,0.462,0.482,-0.339,0.129,0.884,0.859,-0.547,0.778,-0.18,0.907,0.552,-0.019,0.889,-0.629,0.666,0.563,0.338,-0.396,0.956,0.286,-0.601,0.698,0.631,0.894,0.678,-0.345,0.832,-0.42
AMCX,0.389,0.424,0.341,0.374,0.456,0.945,0.696,0.2,0.703,0.384,0.371,0.512,0.395,0.231,0.0,0.631,0.397,0.208,-0.047,0.196,0.013,0.769,0.496,0.244,0.554,0.007,0.261,0.616,0.412,0.576,0.7,0.641,0.686,0.27,0.389,0.781,0.529,0.424,0.072,0.741,0.802,0.483,0.671,0.827,0.592,0.334,0.672,0.386,0.386,0.118,-0.261,0.318,0.294,0.327,-0.407,0.427,0.585,0.575,0.935,0.601,0.015,-0.004,0.366,0.632,-0.73,0.482,-0.07,0.418,0.252,0.337,0.373,0.305,0.741,0.607,0.538,0.759,0.255,0.048,0.853,0.429,0.145,0.239,0.243,-0.237,0.295,0.014,0.478,0.634,0.357,-0.277,-0.276,0.156,0.552,0.08,0.778,0.061,0.368,0.5,0.856,0.131,0.142,0.461,0.39,0.819,0.603,0.247,0.408,0.612,0.033,0.738,0.09,0.428,0.688,0.37,0.617,0.222,0.199,0.161,-0.062,0.155,0.54,0.592,0.789,0.345,0.685,0.358,0.391,-0.036,0.377,0.576,0.416,0.408,0.738,0.469,-0.105,0.611,-0.215,0.349,0.853,-0.016,0.565,0.161,0.063,0.417,0.684,-0.372,0.537,0.311,0.69,0.819,0.733,0.345,0.096,0.142,0.587,-0.174,0.549,0.461,0.122,0.045,0.682,0.785,0.134,0.38,-0.243,-0.09,0.518,0.492,0.671,0.369,0.848,0.682,0.873,-0.435,0.603,0.77,0.526,0.144,0.371,0.302,0.648,0.254,-0.354,0.797,0.523,0.522,0.733,0.622,-0.061,0.555,0.098,0.896,0.501,0.689,0.259,-0.062,0.673,0.606,0.437,0.583
AMKR,0.766,0.633,0.719,0.08,0.09,0.646,0.777,0.714,0.205,0.786,0.74,0.879,0.776,0.777,0.631,0.0,0.274,0.68,0.451,-0.279,0.603,0.867,0.773,0.566,0.788,0.56,0.72,0.597,0.4,-0.095,0.208,0.268,0.868,0.651,0.429,0.661,0.496,0.788,0.523,0.46,0.341,-0.005,0.325,0.405,0.369,0.581,0.408,0.815,0.732,0.469,0.34,-0.082,-0.295,0.622,-0.445,0.813,0.859,0.693,0.688,0.623,-0.034,0.615,0.784,0.73,-0.16,-0.126,0.497,0.693,0.526,0.248,0.78,-0.34,0.516,0.882,0.612,0.647,0.672,0.609,0.782,0.785,0.608,0.723,0.088,-0.545,0.749,0.553,0.1,0.655,0.742,0.344,-0.409,0.73,0.294,0.616,0.418,0.181,0.711,0.718,0.573,0.667,0.643,0.079,0.777,0.718,0.702,-0.31,0.814,0.373,0.585,0.443,0.548,0.587,0.777,0.026,0.802,0.585,0.451,0.65,0.56,0.66,0.684,0.077,0.801,0.759,0.278,-0.266,0.404,0.424,0.663,0.896,0.136,0.848,0.682,0.82,0.547,0.851,0.434,0.075,0.365,0.569,0.45,0.091,0.607,0.554,0.783,0.202,-0.044,0.834,0.337,0.6,0.273,0.784,0.579,0.681,0.744,0.131,0.694,-0.138,0.674,0.396,0.486,0.605,0.643,0.738,-0.009,0.544,0.849,0.799,0.65,0.704,0.483,0.32,0.744,-0.002,0.174,0.56,0.824,0.634,-0.183,0.62,0.194,0.726,0.047,0.403,0.836,-0.166,0.804,0.686,0.236,0.011,0.68,0.659,-0.176,0.869,0.452,0.546,0.845,0.173,0.715,-0.009
AMRX,0.471,0.657,0.399,0.137,0.725,0.417,0.133,0.07,0.631,0.319,0.413,0.242,0.338,0.098,0.397,0.274,0.0,0.143,-0.172,0.525,0.089,0.299,0.33,0.011,0.211,-0.127,-0.041,0.705,0.86,0.36,0.558,0.557,0.238,0.609,0.761,0.186,-0.315,0.156,-0.433,-0.082,0.685,0.619,0.607,0.427,-0.173,0.208,0.509,0.253,0.071,0.577,-0.186,0.633,0.369,0.588,-0.105,0.328,0.203,0.516,0.399,0.41,0.136,-0.106,0.221,0.549,-0.252,0.288,-0.299,0.176,0.085,0.023,0.19,0.239,0.625,0.438,0.619,0.54,0.214,-0.14,0.416,0.355,-0.096,0.134,0.687,-0.073,0.092,-0.229,-0.174,0.713,0.436,-0.183,0.515,0.098,0.493,-0.085,0.588,-0.202,-0.095,0.42,0.58,0.092,-0.052,0.654,0.266,0.541,0.489,-0.056,0.142,0.663,-0.202,0.561,-0.394,0.559,0.457,0.759,0.22,0.056,0.378,-0.233,0.099,0.037,0.68,0.605,0.568,0.014,0.603,0.131,0.47,0.429,0.125,0.267,0.847,0.233,0.556,0.292,0.092,0.287,-0.25,0.707,0.466,-0.178,0.721,-0.463,-0.042,0.808,0.455,-0.401,0.514,0.187,0.014,0.571,0.592,0.166,-0.16,-0.122,0.514,-0.327,0.512,-0.035,-0.115,0.122,0.663,0.408,-0.073,0.022,-0.208,-0.046,0.265,0.217,0.281,-0.183,0.481,0.618,0.516,-0.422,0.609,0.57,0.191,-0.081,0.484,-0.071,0.68,0.347,-0.108,0.567,0.187,0.182,0.451,0.684,0.386,0.714,0.02,0.402,0.389,0.32,0.188,-0.116,0.46,0.464,-0.084,-0.169
ANSS,0.873,0.635,0.898,-0.1,-0.338,0.172,0.496,0.946,-0.242,0.907,0.866,0.74,0.909,0.932,0.208,0.68,0.143,0.0,0.696,-0.443,0.94,0.504,0.802,0.769,0.849,0.875,0.79,0.501,0.339,-0.508,-0.256,0.011,0.698,0.741,0.49,0.293,0.27,0.882,0.711,0.132,-0.081,-0.24,0.044,-0.195,-0.058,0.708,-0.085,0.936,0.779,0.713,0.567,-0.324,-0.651,0.795,0.016,0.807,0.76,0.565,0.251,0.426,0.119,0.859,0.895,0.414,0.425,-0.599,0.722,0.803,0.731,0.013,0.867,-0.58,0.265,0.695,0.596,0.166,0.841,0.863,0.473,0.762,0.815,0.951,0.152,-0.595,0.933,0.746,-0.433,0.554,0.723,0.819,-0.232,0.933,-0.147,0.842,0.11,-0.011,0.706,0.829,0.067,0.92,0.715,-0.416,0.914,0.377,0.772,-0.704,0.929,0.176,0.843,-0.04,0.663,0.672,0.675,-0.363,0.7,0.746,0.676,0.735,0.928,0.905,0.577,-0.361,0.457,0.823,-0.009,-0.75,0.329,0.748,0.673,0.84,-0.038,0.898,0.482,0.812,0.851,0.844,0.671,0.039,-0.109,0.774,0.393,-0.054,0.812,0.509,0.774,0.638,-0.362,0.91,0.142,0.144,0.112,0.903,0.814,0.826,0.645,0.154,0.66,-0.528,0.897,0.802,0.261,0.311,0.685,0.811,0.458,0.909,0.853,0.867,0.497,0.756,0.02,0.007,0.419,0.556,-0.284,0.165,0.85,0.773,-0.462,0.667,-0.111,0.919,0.579,-0.022,0.857,-0.599,0.651,0.577,0.258,-0.332,0.906,0.219,-0.571,0.675,0.629,0.863,0.685,-0.346,0.809,-0.417
APPN,0.568,0.235,0.665,-0.22,-0.621,-0.062,0.24,0.792,-0.465,0.569,0.603,0.547,0.47,0.75,-0.047,0.451,-0.172,0.696,0.0,-0.558,0.799,0.203,0.406,0.822,0.644,0.801,0.77,0.043,-0.075,-0.642,-0.419,-0.339,0.477,0.475,0.044,0.171,0.454,0.684,0.809,0.127,-0.417,-0.606,-0.327,-0.374,0.024,0.544,-0.342,0.652,0.661,0.408,0.749,-0.574,-0.61,0.503,0.055,0.473,0.54,0.094,0.057,0.12,0.184,0.833,0.737,0.143,0.57,-0.629,0.824,0.748,0.463,-0.199,0.74,-0.66,-0.055,0.45,0.181,-0.146,0.623,0.84,0.067,0.625,0.879,0.656,-0.276,-0.393,0.755,0.871,-0.389,0.073,0.436,0.795,-0.381,0.79,-0.35,0.842,-0.248,0.304,0.604,0.497,-0.182,0.722,0.672,-0.636,0.656,0.053,0.314,-0.475,0.725,-0.263,0.847,-0.284,0.813,0.263,0.309,-0.47,0.625,0.853,0.264,0.742,0.725,0.764,0.175,-0.621,0.077,0.642,-0.361,-0.601,0.122,0.559,0.481,0.618,-0.425,0.664,0.112,0.557,0.652,0.516,0.816,-0.462,-0.407,0.842,0.006,0.329,0.818,0.222,0.408,0.875,-0.64,0.679,0.227,-0.087,-0.324,0.668,0.817,0.82,0.516,0.454,0.437,-0.45,0.784,0.56,-0.041,0.027,0.725,0.602,0.389,0.777,0.516,0.63,0.255,0.749,-0.196,-0.364,0.158,0.671,-0.554,-0.174,0.642,0.849,-0.715,0.716,-0.476,0.664,0.601,-0.315,0.648,-0.584,0.271,0.133,0.154,-0.6,0.743,0.036,-0.741,0.449,0.624,0.891,0.332,-0.45,0.731,-0.332
APTO,-0.2,0.161,-0.236,0.183,0.637,0.16,-0.289,-0.561,0.663,-0.303,-0.153,-0.409,-0.288,-0.485,0.196,-0.279,0.525,-0.443,-0.558,0.0,-0.508,-0.099,-0.086,-0.469,-0.315,-0.577,-0.626,0.281,0.443,0.615,0.531,0.629,-0.249,-0.04,0.411,-0.159,-0.393,-0.355,-0.762,-0.121,0.573,0.759,0.59,0.37,-0.148,-0.181,0.382,-0.366,-0.566,-0.065,-0.526,0.824,0.694,-0.095,-0.009,-0.228,-0.359,0.028,0.102,0.076,0.084,-0.633,-0.402,0.006,-0.406,0.63,-0.735,-0.261,-0.188,0.105,-0.391,0.772,0.484,-0.21,0.085,0.183,-0.26,-0.6,-0.022,-0.183,-0.53,-0.418,0.502,0.423,-0.449,-0.731,0.131,0.232,-0.149,-0.613,0.564,-0.489,0.401,-0.542,0.49,-0.272,-0.479,-0.155,0.376,-0.46,-0.509,0.638,-0.275,0.136,-0.043,0.263,-0.437,0.494,-0.71,0.427,-0.74,0.097,-0.041,0.656,-0.316,-0.418,0.137,-0.715,-0.526,-0.468,0.174,0.587,0.044,-0.484,0.607,0.481,0.189,-0.176,-0.318,-0.342,0.695,-0.426,0.216,-0.272,-0.506,-0.262,-0.613,0.589,0.471,-0.656,0.378,-0.31,-0.558,0.213,-0.083,-0.696,0.754,-0.415,0.043,0.338,0.506,-0.398,-0.598,-0.674,-0.01,-0.644,-0.102,0.394,-0.617,-0.418,0.461,0.181,-0.57,-0.374,-0.332,-0.582,-0.325,-0.309,-0.001,-0.63,0.267,0.647,0.118,-0.565,0.588,0.296,-0.317,-0.638,0.786,-0.503,0.684,-0.297,-0.386,0.522,-0.358,0.59,0.037,0.201,-0.092,0.709,-0.602,0.104,0.716,-0.178,-0.264,-0.622,-0.065,0.516,-0.552,0.19
ARCT,0.843,0.578,0.889,-0.252,-0.421,-0.006,0.322,0.929,-0.405,0.876,0.854,0.705,0.811,0.937,0.013,0.603,0.089,0.94,0.799,-0.508,0.0,0.358,0.688,0.792,0.782,0.901,0.811,0.371,0.268,-0.659,-0.356,-0.153,0.612,0.769,0.402,0.166,0.189,0.832,0.745,-0.009,-0.242,-0.385,-0.119,-0.351,-0.18,0.645,-0.21,0.888,0.741,0.747,0.724,-0.428,-0.685,0.787,0.019,0.733,0.639,0.385,0.09,0.289,0.178,0.92,0.902,0.345,0.584,-0.694,0.802,0.801,0.68,-0.148,0.834,-0.689,0.112,0.641,0.494,0.041,0.816,0.899,0.327,0.744,0.871,0.915,0.068,-0.539,0.921,0.831,-0.571,0.422,0.715,0.91,-0.189,0.951,-0.239,0.885,-0.068,0.04,0.665,0.773,-0.076,0.922,0.753,-0.514,0.876,0.251,0.652,-0.736,0.892,0.013,0.888,-0.192,0.7,0.596,0.585,-0.393,0.655,0.813,0.598,0.761,0.973,0.923,0.518,-0.524,0.311,0.795,-0.19,-0.822,0.355,0.821,0.643,0.755,-0.159,0.878,0.342,0.751,0.908,0.734,0.793,-0.108,-0.328,0.861,0.306,-0.058,0.823,0.483,0.659,0.768,-0.525,0.878,0.023,0.006,-0.094,0.852,0.849,0.865,0.609,0.276,0.592,-0.678,0.881,0.811,0.162,0.152,0.742,0.738,0.449,0.961,0.738,0.796,0.419,0.729,-0.123,-0.155,0.31,0.629,-0.417,0.026,0.774,0.829,-0.585,0.668,-0.27,0.918,0.693,-0.197,0.793,-0.762,0.514,0.488,0.357,-0.448,0.932,0.078,-0.71,0.579,0.635,0.941,0.574,-0.48,0.762,-0.584
ARWR,0.598,0.622,0.567,0.422,0.236,0.738,0.867,0.52,0.464,0.659,0.639,0.727,0.648,0.543,0.769,0.867,0.299,0.504,0.203,-0.099,0.358,0.0,0.776,0.416,0.689,0.407,0.538,0.705,0.385,0.186,0.347,0.48,0.797,0.449,0.464,0.654,0.535,0.643,0.338,0.605,0.546,0.228,0.479,0.641,0.543,0.612,0.629,0.669,0.629,0.253,-0.005,0.115,-0.075,0.485,-0.502,0.718,0.811,0.817,0.813,0.78,-0.247,0.314,0.552,0.634,-0.381,0.092,0.255,0.518,0.465,0.511,0.654,-0.047,0.646,0.782,0.659,0.802,0.493,0.402,0.828,0.717,0.37,0.545,0.182,-0.587,0.567,0.294,0.301,0.726,0.636,0.055,-0.455,0.521,0.43,0.415,0.612,0.174,0.657,0.592,0.699,0.53,0.339,0.264,0.594,0.762,0.7,-0.138,0.629,0.596,0.353,0.649,0.336,0.591,0.798,0.127,0.684,0.371,0.434,0.486,0.292,0.482,0.608,0.323,0.853,0.595,0.474,-0.037,0.237,0.196,0.452,0.798,0.27,0.714,0.813,0.792,0.284,0.761,0.111,0.247,0.65,0.27,0.419,0.091,0.458,0.409,0.711,-0.067,0.243,0.641,0.396,0.761,0.508,0.698,0.376,0.446,0.643,-0.151,0.668,0.187,0.462,0.224,0.619,0.746,0.352,0.732,0.066,0.307,0.805,0.708,0.576,0.546,0.58,0.544,0.767,-0.226,0.424,0.724,0.725,0.426,0.118,0.419,0.391,0.521,-0.223,0.596,0.741,0.119,0.803,0.677,-0.06,0.2,0.465,0.75,0.096,0.837,0.296,0.27,0.882,0.456,0.608,0.271
ASND,0.825,0.797,0.819,0.193,0.007,0.424,0.644,0.726,0.197,0.872,0.868,0.686,0.884,0.776,0.496,0.773,0.33,0.802,0.406,-0.086,0.688,0.776,0.0,0.534,0.787,0.673,0.6,0.754,0.539,-0.147,0.038,0.435,0.765,0.694,0.711,0.336,0.237,0.815,0.443,0.285,0.286,0.175,0.441,0.208,0.091,0.757,0.318,0.846,0.601,0.574,0.235,0.094,-0.316,0.719,-0.337,0.893,0.788,0.799,0.505,0.683,-0.092,0.577,0.733,0.539,0.067,-0.271,0.423,0.687,0.798,0.349,0.782,-0.172,0.616,0.742,0.725,0.509,0.773,0.628,0.673,0.787,0.577,0.848,0.318,-0.586,0.798,0.418,-0.176,0.785,0.733,0.447,-0.231,0.775,0.145,0.652,0.484,-0.06,0.715,0.801,0.44,0.798,0.51,-0.033,0.845,0.604,0.847,-0.607,0.812,0.572,0.545,0.361,0.394,0.775,0.83,-0.087,0.62,0.572,0.788,0.524,0.629,0.744,0.707,0.01,0.678,0.711,0.384,-0.482,0.355,0.538,0.587,0.829,0.295,0.832,0.782,0.868,0.599,0.871,0.352,0.331,0.326,0.474,0.528,-0.143,0.621,0.571,0.809,0.239,0.092,0.825,0.19,0.555,0.458,0.872,0.542,0.582,0.691,-0.205,0.67,-0.23,0.68,0.558,0.612,0.608,0.473,0.858,0.278,0.646,0.879,0.855,0.646,0.563,0.249,0.449,0.626,0.106,0.11,0.488,0.817,0.498,-0.016,0.458,0.292,0.815,0.165,0.389,0.85,-0.257,0.839,0.76,0.039,0.012,0.7,0.46,-0.185,0.749,0.45,0.559,0.868,0.097,0.649,-0.168
ASTH,0.681,0.397,0.746,-0.092,-0.409,0.213,0.396,0.812,-0.246,0.676,0.722,0.653,0.599,0.759,0.244,0.566,0.011,0.769,0.822,-0.469,0.792,0.416,0.534,0.0,0.789,0.756,0.798,0.282,0.125,-0.382,-0.11,-0.125,0.631,0.553,0.212,0.374,0.552,0.754,0.745,0.33,-0.109,-0.372,-0.111,-0.129,0.107,0.587,-0.144,0.745,0.755,0.535,0.584,-0.428,-0.487,0.627,0.092,0.532,0.626,0.28,0.302,0.41,0.247,0.753,0.811,0.344,0.325,-0.419,0.706,0.836,0.544,-0.166,0.83,-0.515,0.146,0.574,0.4,0.091,0.658,0.781,0.358,0.711,0.867,0.688,-0.068,-0.441,0.811,0.808,-0.265,0.299,0.555,0.685,-0.316,0.771,-0.121,0.773,0.004,0.312,0.622,0.706,0.038,0.706,0.636,-0.44,0.727,0.296,0.568,-0.312,0.808,-0.028,0.796,-0.07,0.755,0.45,0.54,-0.341,0.779,0.849,0.325,0.699,0.709,0.773,0.367,-0.412,0.304,0.697,-0.138,-0.443,0.237,0.602,0.521,0.738,-0.232,0.759,0.329,0.655,0.602,0.67,0.649,-0.235,-0.134,0.759,0.294,0.29,0.727,0.34,0.635,0.68,-0.434,0.709,0.494,0.106,-0.015,0.729,0.779,0.786,0.597,0.375,0.59,-0.303,0.766,0.656,0.2,0.21,0.685,0.647,0.416,0.725,0.632,0.727,0.453,0.79,0.137,-0.123,0.413,0.554,-0.309,0.105,0.758,0.842,-0.532,0.766,-0.21,0.715,0.578,-0.045,0.743,-0.376,0.484,0.362,0.184,-0.323,0.719,0.287,-0.499,0.623,0.783,0.817,0.523,-0.285,0.872,-0.145
ATSG,0.849,0.684,0.884,0.085,-0.143,0.526,0.69,0.838,0.065,0.87,0.86,0.782,0.81,0.834,0.554,0.788,0.211,0.849,0.644,-0.315,0.782,0.689,0.787,0.789,0.0,0.719,0.769,0.597,0.381,-0.144,0.033,0.286,0.847,0.714,0.488,0.504,0.509,0.906,0.655,0.466,0.235,-0.016,0.305,0.207,0.216,0.747,0.241,0.912,0.813,0.613,0.359,-0.165,-0.375,0.775,-0.243,0.78,0.82,0.592,0.608,0.591,0.049,0.691,0.909,0.498,0.074,-0.24,0.574,0.885,0.667,0.127,0.859,-0.328,0.517,0.805,0.708,0.435,0.725,0.747,0.702,0.804,0.763,0.836,0.179,-0.582,0.884,0.657,-0.169,0.674,0.746,0.55,-0.386,0.831,0.153,0.73,0.429,0.045,0.655,0.907,0.428,0.789,0.584,-0.18,0.908,0.642,0.846,-0.429,0.931,0.382,0.716,0.238,0.6,0.694,0.859,-0.198,0.875,0.808,0.597,0.684,0.697,0.798,0.649,-0.095,0.671,0.836,0.268,-0.459,0.477,0.627,0.634,0.931,0.072,0.884,0.709,0.851,0.631,0.929,0.459,0.09,0.221,0.641,0.557,0.056,0.709,0.524,0.899,0.429,-0.078,0.84,0.462,0.485,0.347,0.877,0.707,0.727,0.804,0.045,0.776,-0.202,0.773,0.643,0.467,0.608,0.579,0.826,0.288,0.715,0.895,0.944,0.696,0.788,0.387,0.296,0.751,0.256,0.019,0.492,0.901,0.733,-0.234,0.646,0.164,0.861,0.333,0.303,0.944,-0.277,0.823,0.703,0.17,-0.063,0.766,0.6,-0.274,0.871,0.606,0.711,0.839,-0.041,0.883,-0.103
AVTX,0.693,0.44,0.754,-0.086,-0.592,-0.039,0.412,0.911,-0.401,0.771,0.76,0.661,0.708,0.884,0.007,0.56,-0.127,0.875,0.801,-0.577,0.901,0.407,0.673,0.756,0.719,0.0,0.861,0.29,0.035,-0.706,-0.487,-0.222,0.605,0.552,0.244,0.181,0.385,0.832,0.849,0.174,-0.341,-0.5,-0.197,-0.345,0.032,0.69,-0.28,0.805,0.747,0.474,0.691,-0.498,-0.701,0.601,-0.019,0.683,0.681,0.432,0.084,0.32,0.045,0.895,0.788,0.228,0.561,-0.778,0.885,0.755,0.665,0.06,0.823,-0.684,0.07,0.549,0.346,-0.02,0.791,0.936,0.253,0.746,0.875,0.883,-0.177,-0.576,0.876,0.843,-0.378,0.285,0.582,0.879,-0.433,0.928,-0.384,0.927,-0.153,0.171,0.761,0.619,-0.131,0.931,0.72,-0.632,0.783,0.136,0.517,-0.723,0.836,-0.065,0.921,-0.153,0.809,0.491,0.495,-0.558,0.575,0.772,0.538,0.835,0.857,0.938,0.32,-0.574,0.217,0.782,-0.239,-0.778,0.113,0.578,0.585,0.732,-0.337,0.827,0.301,0.733,0.792,0.686,0.807,-0.262,-0.272,0.861,0.04,0.187,0.89,0.273,0.531,0.817,-0.562,0.845,0.08,0.003,-0.172,0.893,0.888,0.894,0.512,0.257,0.498,-0.519,0.871,0.693,0.082,0.135,0.727,0.849,0.515,0.917,0.723,0.781,0.344,0.769,-0.261,-0.229,0.205,0.662,-0.529,-0.082,0.781,0.836,-0.653,0.657,-0.38,0.769,0.596,-0.206,0.793,-0.677,0.456,0.311,0.036,-0.614,0.919,0.045,-0.764,0.531,0.598,0.914,0.541,-0.404,0.799,-0.378
BCPC,0.708,0.416,0.729,-0.097,-0.4,0.263,0.551,0.905,-0.243,0.751,0.735,0.85,0.672,0.869,0.261,0.72,-0.041,0.79,0.77,-0.626,0.811,0.538,0.6,0.798,0.769,0.861,0.0,0.312,0.044,-0.532,-0.192,-0.214,0.769,0.583,0.14,0.501,0.595,0.851,0.851,0.422,-0.146,-0.498,-0.14,-0.091,0.264,0.624,-0.139,0.802,0.85,0.465,0.702,-0.504,-0.567,0.61,-0.112,0.662,0.755,0.438,0.329,0.339,0.149,0.873,0.852,0.493,0.284,-0.608,0.903,0.806,0.556,0.009,0.866,-0.681,0.145,0.716,0.349,0.186,0.737,0.87,0.461,0.784,0.916,0.8,-0.258,-0.534,0.867,0.89,-0.181,0.301,0.611,0.742,-0.526,0.878,-0.205,0.881,-0.056,0.357,0.814,0.662,0.105,0.822,0.801,-0.464,0.759,0.332,0.516,-0.421,0.868,-0.083,0.91,0.039,0.875,0.479,0.557,-0.327,0.76,0.81,0.298,0.884,0.762,0.901,0.424,-0.396,0.39,0.824,-0.174,-0.509,0.263,0.49,0.705,0.821,-0.351,0.873,0.362,0.73,0.714,0.738,0.783,-0.338,-0.102,0.902,0.123,0.383,0.819,0.396,0.622,0.686,-0.531,0.854,0.326,0.17,-0.112,0.837,0.862,0.953,0.619,0.511,0.598,-0.394,0.828,0.59,0.138,0.243,0.859,0.775,0.24,0.776,0.716,0.783,0.477,0.878,0.053,-0.211,0.41,0.509,-0.382,0.049,0.832,0.9,-0.66,0.817,-0.293,0.724,0.491,-0.022,0.827,-0.478,0.534,0.367,0.173,-0.454,0.878,0.308,-0.604,0.651,0.731,0.846,0.593,-0.218,0.886,-0.164
BEAM,0.694,0.849,0.652,0.392,0.485,0.569,0.534,0.406,0.583,0.69,0.739,0.525,0.681,0.423,0.616,0.597,0.705,0.501,0.043,0.281,0.371,0.705,0.754,0.282,0.597,0.29,0.312,0.0,0.747,0.24,0.449,0.654,0.587,0.667,0.852,0.351,0.067,0.542,-0.034,0.278,0.683,0.536,0.664,0.503,0.073,0.593,0.591,0.603,0.412,0.58,-0.124,0.448,0.112,0.734,-0.331,0.699,0.61,0.827,0.654,0.737,-0.085,0.149,0.49,0.596,-0.215,0.093,0.014,0.47,0.46,0.342,0.525,0.132,0.789,0.713,0.805,0.697,0.507,0.221,0.691,0.651,0.227,0.519,0.635,-0.504,0.465,0.027,-0.028,0.922,0.674,0.054,0.113,0.451,0.486,0.271,0.717,-0.118,0.366,0.693,0.647,0.468,0.133,0.399,0.587,0.69,0.78,-0.27,0.509,0.816,0.136,0.621,-0.062,0.819,0.827,0.406,0.479,0.293,0.619,0.145,0.337,0.433,0.829,0.458,0.768,0.412,0.661,-0.115,0.475,0.465,0.356,0.622,0.662,0.612,0.858,0.717,0.324,0.635,-0.08,0.652,0.605,0.075,0.714,-0.301,0.327,0.723,0.743,-0.196,0.451,0.522,0.166,0.724,0.713,0.58,0.158,0.201,0.674,-0.424,0.687,0.025,0.258,0.304,0.784,0.64,0.095,0.531,0.107,0.249,0.676,0.64,0.506,0.207,0.51,0.721,0.729,-0.248,0.528,0.731,0.59,0.19,0.386,0.166,0.645,0.588,-0.05,0.661,0.609,0.08,0.775,0.851,0.094,0.494,0.358,0.56,0.233,0.679,0.321,0.17,0.821,0.449,0.335,-0.044
BILI,0.643,0.778,0.543,-0.055,0.642,0.442,0.227,0.208,0.517,0.497,0.555,0.336,0.532,0.31,0.412,0.4,0.86,0.339,-0.075,0.443,0.268,0.385,0.539,0.125,0.381,0.035,0.044,0.747,0.0,0.276,0.466,0.63,0.385,0.703,0.887,0.222,-0.31,0.313,-0.275,-0.112,0.642,0.621,0.675,0.332,-0.247,0.247,0.44,0.429,0.138,0.663,-0.103,0.528,0.137,0.679,-0.184,0.474,0.313,0.558,0.398,0.452,0.227,0.082,0.396,0.592,-0.184,0.2,-0.207,0.311,0.246,0.03,0.361,0.195,0.687,0.511,0.757,0.488,0.451,0.062,0.558,0.407,0.054,0.349,0.712,-0.159,0.309,-0.134,-0.307,0.813,0.51,-0.019,0.535,0.267,0.495,0.033,0.638,-0.373,0.037,0.567,0.594,0.245,0.157,0.537,0.488,0.63,0.652,-0.218,0.345,0.7,-0.055,0.477,-0.259,0.69,0.566,0.592,0.351,0.177,0.617,-0.095,0.276,0.206,0.82,0.424,0.609,0.255,0.599,-0.057,0.54,0.524,0.281,0.387,0.848,0.386,0.652,0.437,0.287,0.47,-0.121,0.797,0.432,-0.043,0.826,-0.584,0.033,0.793,0.614,-0.274,0.479,0.377,0.034,0.559,0.64,0.307,-0.049,0.002,0.564,-0.366,0.574,-0.211,0.072,0.283,0.647,0.472,0.072,0.173,-0.2,0.153,0.425,0.352,0.442,-0.008,0.501,0.653,0.582,-0.345,0.496,0.579,0.37,0.038,0.438,0.094,0.664,0.517,0.017,0.569,0.358,0.036,0.644,0.796,0.448,0.595,0.198,0.44,0.327,0.432,0.227,0.034,0.572,0.286,0.077,-0.276
BJRI,-0.259,0.044,-0.315,0.445,0.719,0.568,0.151,-0.577,0.772,-0.317,-0.281,-0.273,-0.283,-0.554,0.576,-0.095,0.36,-0.508,-0.642,0.615,-0.659,0.186,-0.147,-0.382,-0.144,-0.706,-0.532,0.24,0.276,0.0,0.731,0.674,-0.088,-0.248,0.152,0.206,-0.009,-0.362,-0.634,0.307,0.776,0.773,0.635,0.795,0.272,-0.186,0.716,-0.349,-0.307,-0.255,-0.829,0.652,0.733,-0.223,-0.286,-0.24,-0.161,0.091,0.504,0.288,-0.183,-0.747,-0.396,0.093,-0.819,0.914,-0.791,-0.295,-0.321,0.244,-0.397,0.776,0.476,-0.069,0.205,0.523,-0.463,-0.675,0.313,-0.28,-0.618,-0.521,0.404,0.199,-0.483,-0.695,0.523,0.269,-0.192,-0.857,0.164,-0.598,0.682,-0.68,0.683,-0.185,-0.428,-0.102,0.635,-0.577,-0.595,0.782,-0.332,0.41,0.04,0.626,-0.379,0.588,-0.717,0.572,-0.638,-0.019,0.128,0.574,-0.077,-0.41,-0.147,-0.578,-0.696,-0.614,0.085,0.827,0.35,-0.391,0.674,0.735,0.085,-0.385,-0.347,-0.186,0.591,-0.38,0.325,-0.208,-0.677,-0.132,-0.853,0.545,0.758,-0.747,0.372,-0.18,-0.604,-0.005,0.056,-0.848,0.851,-0.472,0.354,0.556,0.693,-0.401,-0.641,-0.673,-0.058,-0.489,0.015,0.731,-0.59,-0.47,0.428,0.446,-0.617,-0.332,-0.367,-0.708,-0.166,-0.227,0.12,-0.416,0.699,0.718,0.41,-0.79,0.846,0.642,-0.272,-0.567,0.824,-0.431,0.762,-0.395,-0.692,0.68,-0.235,0.825,0.139,0.194,-0.165,0.837,-0.658,0.534,0.902,0.055,-0.355,-0.729,0.086,0.711,-0.326,0.617
BLUE,0.055,0.203,-0.041,0.189,0.788,0.706,0.138,-0.297,0.733,-0.02,0.009,0.114,-0.01,-0.233,0.7,0.208,0.558,-0.256,-0.419,0.531,-0.356,0.347,0.038,-0.11,0.033,-0.487,-0.192,0.449,0.466,0.731,0.0,0.555,0.218,0.101,0.297,0.497,0.082,-0.117,-0.457,0.355,0.84,0.637,0.571,0.735,0.275,-0.154,0.605,-0.086,-0.11,0.082,-0.4,0.541,0.63,0.122,-0.151,-0.005,0.017,0.176,0.605,0.33,0.227,-0.427,-0.037,0.534,-0.762,0.764,-0.475,0.004,-0.13,-0.057,-0.07,0.537,0.538,0.256,0.263,0.609,-0.106,-0.459,0.524,0.05,-0.252,-0.26,0.404,0.217,-0.168,-0.383,0.427,0.378,0.084,-0.596,0.268,-0.324,0.664,-0.379,0.627,0.097,-0.08,0.157,0.679,-0.37,-0.165,0.731,-0.092,0.575,0.232,0.605,-0.094,0.466,-0.438,0.609,-0.378,0.202,0.318,0.757,0.205,-0.154,-0.135,-0.358,-0.379,-0.285,0.417,0.709,0.443,-0.154,0.592,0.698,0.392,-0.142,0.081,0.047,0.576,-0.035,0.395,-0.014,-0.403,0.08,-0.495,0.467,0.71,-0.371,0.548,-0.016,-0.458,0.374,0.305,-0.705,0.623,-0.175,0.461,0.553,0.646,-0.221,-0.403,-0.312,0.254,-0.134,0.224,0.481,-0.365,-0.26,0.593,0.442,-0.156,-0.234,-0.448,-0.503,-0.051,-0.057,0.382,-0.16,0.836,0.607,0.578,-0.598,0.744,0.609,-0.009,-0.257,0.595,-0.01,0.704,-0.143,-0.401,0.707,-0.036,0.685,0.317,0.401,0.179,0.844,-0.387,0.593,0.78,0.242,0.117,-0.459,0.228,0.626,-0.087,0.482
