,AAL,AAON,ACB,ACGL,ACGLO,ACIW,ADBE,ADSK,AEP,AGIO,ALEC,ALNY,ALTR,AMBA,AMCX,AMKR,AMRX,ANSS,APPN,APTO,ARCT,ARWR,ASND,ASTH,ATSG,AVTX,BCPC,BEAM,BILI,BJRI,BLUE,BPOP,BRKL,BWIN,BZUN,CARG,CBRL,CBSH,CBUS,CENTA,CERS,CFFN,CHCO,CHEF,CHRD,CINF,CLLS,CMCO,CMCSA,COLL,COMM,COOP,CPB,CRON,CROX,CRUS,CRWD,CTAS,CYBR,CYTK,DGII,DIOD,DOMO,DPZ,DSGR,DXCM,ERIE,ESTA,EXEL,FAST,FCEL,FCFS,FHB,FITBI,FSV,FTDR,FUTU,GLDD,GLPG,GLPI,GOGO,GOSS,GSAT,GYRE,HALO,HAS,HLIT,HLNE,HSDT,HSIC,HTHT,ICHR,IDYA,IMVT,INDB,INSM,IONS,IOSP,ITRI,JBHT,JBLU,JSM,KLIC,KOD,KURA,LAB,LASR,LIN,LKQ,LNT,MBUU,MCRI,MDGL,MEDP,MGNI,MGPI,MGRC,MKTX,MRNA,MRTN,MSEX,MSFT,MU,NAVI,NBTB,NEO,NEOG,NGNE,NSSC,NTAP,NTES,NTLA,NTRS,NYMTN,OBLG,OCFC,ON,ONC,OPI,OSIS,OSW,PALI,PANW,PCAR,PCRX,PCTY,PEBO,PLAB,PLAY,PLMR,PLSE,PLUS,PRTA,PSEC,PSNL,PTCT,PTON,QNST,QRVO,QTTB,RARE,RBCAA,RGNX,SAIC,SGMO,SINT,SNPS,SPSC,SPTN,SSYS,STNE,TBBK,TCPC,TENB,TGTX,TREE,TRUP,TTWO,TW,TXG,UBSI,UCTT,UFPT,UMBF,UPBD,URBN,VBTX,VCTR,VEON,VNET,VRSK,VSEC,WABC,WTFCM,WVE,WW,WWD,XEL,ZD,ZYME
AAL,0.0,-0.332,0.205,-0.086,0.606,0.37,-0.526,0.77,0.48,0.799,-0.433,0.89,0.596,0.675,0.205,0.265,-0.421,0.654,0.684,0.822,-0.08,0.394,-0.546,-0.82,-0.516,0.948,-0.378,0.642,-0.645,-0.504,-0.597,-0.91,-0.882,-0.613,-0.596,0.705,0.518,-0.765,0.325,-0.702,-0.274,-0.598,-0.824,0.606,-0.349,-0.877,0.434,0.517,-0.863,-0.628,0.87,-0.888,-0.084,0.653,0.828,-0.075,-0.374,-0.253,0.325,0.816,0.39,0.549,-0.519,-0.544,-0.452,0.811,-0.743,0.149,-0.86,-0.15,0.832,-0.564,-0.492,-0.635,0.585,-0.72,-0.89,-0.603,0.073,0.35,0.672,0.778,-0.671,0.262,-0.742,-0.252,0.77,-0.839,-0.669,0.697,-0.656,-0.296,0.657,-0.231,-0.912,-0.602,0.793,-0.9,-0.479,-0.916,0.886,-0.306,-0.075,0.91,-0.04,-0.411,0.794,-0.696,0.886,-0.02,-0.438,0.806,0.908,-0.715,0.487,-0.745,-0.49,-0.293,0.777,-0.837,-0.094,0.581,-0.785,0.625,-0.885,0.539,-0.202,0.758,-0.421,-0.024,-0.779,0.927,-0.724,-0.191,0.64,-0.83,-0.375,-0.44,0.662,-0.033,-0.288,-0.386,0.384,0.506,0.002,-0.171,-0.759,0.092,0.457,-0.672,-0.228,0.054,0.517,0.075,0.231,0.045,0.342,0.669,-0.551,-0.833,0.731,-0.738,0.553,-0.904,0.818,-0.028,0.341,0.918,-0.586,0.755,-0.872,-0.745,-0.839,-0.794,0.834,0.435,-0.702,0.456,-0.908,-0.147,-0.826,0.302,0.059,-0.794,-0.641,-0.615,-0.902,0.427,0.946,-0.137,-0.572,0.09,-0.934,-0.06,-0.429,-0.637,-0.627,0.375,0.818,0.912
AAON,-0.332,0.0,-0.2,0.34,-0.266,0.02,0.689,-0.0,-0.076,-0.2,-0.001,-0.09,0.238,0.023,-0.231,0.278,-0.13,0.138,-0.047,-0.515,0.709,0.17,0.164,0.446,-0.054,-0.31,0.188,-0.202,0.162,0.522,0.117,0.373,0.431,0.378,0.19,0.184,-0.04,0.46,0.016,0.078,0.694,0.429,0.557,-0.067,-0.44,0.301,-0.036,0.153,0.33,-0.008,-0.408,0.395,0.083,-0.486,-0.179,-0.386,0.642,0.45,0.371,-0.553,0.404,0.301,0.586,0.459,0.623,-0.108,0.086,0.488,0.297,-0.012,0.019,0.146,0.394,0.269,-0.091,0.29,0.38,0.237,0.444,-0.227,-0.092,-0.099,0.065,0.48,0.613,0.021,-0.226,0.41,0.339,-0.391,0.153,0.607,-0.18,0.815,0.434,0.433,-0.09,0.418,0.818,0.381,-0.341,-0.136,0.547,-0.328,0.256,0.433,-0.026,0.59,-0.291,0.233,0.312,0.002,-0.177,0.353,-0.064,0.207,0.5,0.508,-0.108,0.28,0.222,0.202,0.348,0.136,0.454,0.207,0.368,-0.422,0.699,0.134,0.354,-0.234,0.24,0.297,-0.012,0.449,0.523,0.456,-0.142,0.458,0.373,0.527,0.362,0.333,-0.294,0.649,0.469,0.43,0.137,0.404,0.136,0.065,0.309,0.1,0.46,0.298,0.212,-0.332,0.52,0.414,0.193,0.434,-0.196,0.464,-0.068,0.166,0.359,-0.078,-0.211,0.028,0.453,0.421,0.246,0.343,-0.374,0.087,0.07,0.425,0.42,0.452,0.491,0.122,0.656,0.433,0.619,0.164,0.423,0.018,-0.361,-0.262,0.211,-0.094,0.422,-0.125,0.081,0.455,0.323,0.086,0.056,-0.416
ACB,0.205,-0.2,0.0,-0.839,-0.244,0.013,0.054,-0.05,-0.441,0.197,0.178,-0.032,-0.029,0.144,-0.248,0.079,0.039,-0.304,0.515,-0.116,-0.599,-0.587,0.372,-0.026,0.184,0.141,0.538,-0.285,0.17,0.296,-0.238,-0.144,-0.401,-0.706,0.243,-0.098,-0.31,-0.36,0.497,-0.032,-0.43,-0.49,-0.416,-0.375,0.475,0.1,-0.508,-0.074,0.007,0.076,0.276,-0.148,-0.307,0.74,-0.14,0.634,0.18,-0.823,0.095,0.426,-0.234,-0.128,-0.086,-0.263,-0.213,-0.22,0.26,-0.354,-0.087,-0.086,-0.077,-0.309,-0.762,-0.506,-0.134,0.238,0.024,0.538,0.102,-0.509,-0.378,0.441,0.218,-0.475,-0.588,0.566,-0.322,-0.257,-0.378,0.164,0.21,-0.095,0.569,-0.303,-0.401,0.305,0.525,-0.423,-0.284,-0.178,-0.009,0.4,-0.15,0.263,-0.002,0.185,-0.059,-0.497,-0.031,-0.686,-0.126,-0.209,0.08,-0.108,0.502,-0.131,0.216,-0.681,-0.23,0.053,-0.825,-0.353,-0.057,-0.297,-0.319,-0.108,-0.017,0.335,-0.419,-0.232,-0.105,0.065,-0.178,-0.168,-0.326,-0.388,0.208,-0.136,-0.225,-0.482,0.256,-0.499,-0.154,-0.104,0.151,-0.582,-0.49,0.355,-0.442,-0.437,0.449,-0.674,0.471,-0.803,-0.071,0.495,0.515,-0.176,-0.141,0.217,0.107,-0.178,0.605,0.024,-0.005,-0.648,-0.511,0.082,-0.046,-0.34,-0.106,-0.581,-0.07,-0.014,-0.16,-0.398,0.109,-0.261,-0.098,-0.299,-0.329,0.111,-0.554,-0.418,-0.446,0.525,-0.15,-0.562,0.121,0.48,-0.756,0.423,-0.34,-0.52,0.425,-0.115,0.392,-0.521,0.361,0.344
ACGL,-0.086,0.34,-0.839,0.0,0.301,0.207,0.068,0.245,0.442,-0.082,-0.149,0.164,0.098,-0.003,0.344,-0.03,0.022,0.407,-0.319,0.124,0.631,0.578,-0.34,0.074,-0.14,0.008,-0.415,0.297,-0.333,-0.228,0.175,0.077,0.328,0.703,-0.391,0.222,0.439,0.385,-0.329,0.002,0.508,0.501,0.371,0.416,-0.594,-0.176,0.6,0.149,-0.091,-0.078,-0.22,0.076,0.242,-0.637,0.298,-0.683,-0.072,0.869,-0.034,-0.425,0.291,0.209,0.162,0.264,0.254,0.223,-0.299,0.339,0.058,0.001,0.266,0.442,0.744,0.519,0.325,-0.201,-0.15,-0.494,0.126,0.638,0.453,-0.253,-0.234,0.596,0.575,-0.493,0.337,0.268,0.204,-0.148,-0.383,0.136,-0.448,0.48,0.301,-0.188,-0.343,0.353,0.319,0.106,0.069,-0.336,0.137,-0.074,0.248,-0.05,0.144,0.413,0.188,0.64,0.156,0.373,0.018,0.088,-0.312,0.131,-0.091,0.661,0.318,-0.149,0.852,0.526,-0.039,0.437,0.249,0.339,0.112,-0.362,0.558,0.469,-0.018,0.076,0.166,0.116,0.341,0.337,-0.168,0.021,0.435,0.699,-0.22,0.483,0.238,0.384,-0.086,0.649,0.471,-0.213,0.549,0.362,-0.54,0.81,-0.341,0.792,0.225,-0.38,-0.179,0.304,0.096,-0.241,-0.008,0.237,-0.569,-0.03,0.214,0.6,0.631,0.131,-0.121,0.466,0.027,0.587,0.015,-0.086,0.16,0.562,-0.198,0.404,0.012,0.26,0.32,-0.028,0.668,0.409,0.451,-0.508,0.074,0.677,-0.038,-0.587,0.658,-0.378,0.245,0.465,-0.348,0.005,-0.292,0.553,-0.107,-0.193
ACGLO,0.606,-0.266,-0.244,0.301,0.0,0.265,-0.247,0.755,0.784,0.698,-0.44,0.65,0.537,0.678,0.282,0.228,-0.359,0.769,0.397,0.594,0.146,0.639,-0.686,-0.606,-0.493,0.589,-0.559,0.8,-0.314,-0.434,-0.229,-0.542,-0.403,0.044,-0.365,0.593,0.61,-0.341,-0.12,-0.629,0.159,-0.053,-0.377,0.785,-0.303,-0.646,0.69,0.629,-0.605,-0.405,0.648,-0.603,0.137,0.297,0.732,-0.239,-0.335,0.238,0.25,0.529,0.477,0.561,-0.34,-0.148,-0.079,0.648,-0.782,0.376,-0.634,0.05,0.696,-0.34,0.043,-0.113,0.696,-0.747,-0.59,-0.662,0.015,0.597,0.666,0.281,-0.684,0.257,-0.287,-0.339,0.776,-0.522,-0.125,0.568,-0.416,-0.143,0.287,-0.23,-0.412,-0.549,0.4,-0.364,-0.245,-0.561,0.699,-0.325,0.145,0.488,-0.082,-0.394,0.663,-0.123,0.678,0.554,0.006,0.591,0.678,-0.539,0.319,-0.526,-0.519,0.209,0.763,-0.676,0.473,0.661,-0.483,0.696,-0.488,0.622,-0.05,0.415,-0.16,-0.003,-0.385,0.787,-0.342,0.09,0.65,-0.385,-0.291,-0.145,0.616,0.16,-0.304,0.154,0.334,0.304,-0.232,0.256,-0.308,-0.091,0.746,-0.157,-0.334,0.316,0.091,0.537,0.417,-0.098,0.235,0.573,-0.203,-0.652,0.474,-0.478,0.215,-0.702,0.692,0.463,0.512,0.646,-0.288,0.738,-0.399,-0.265,-0.602,-0.505,0.714,0.747,-0.553,0.545,-0.61,0.187,-0.441,0.24,0.21,-0.336,-0.252,-0.735,-0.515,0.684,0.612,0.05,-0.089,0.104,-0.476,0.305,-0.665,-0.346,-0.659,0.712,0.379,0.577
ACIW,0.37,0.02,0.013,0.207,0.265,0.0,0.026,0.345,-0.033,0.312,0.211,0.402,-0.067,0.177,0.459,0.327,0.3,0.16,0.358,0.31,0.218,-0.11,-0.01,-0.018,0.223,0.395,0.071,-0.089,-0.203,0.105,-0.538,-0.336,-0.214,-0.14,-0.335,0.12,0.055,-0.168,0.661,0.143,-0.274,-0.281,-0.223,-0.038,-0.465,-0.377,0.129,-0.018,-0.401,0.0,0.048,-0.284,-0.617,0.035,0.514,0.035,-0.253,-0.121,0.227,0.238,-0.115,0.24,0.024,0.116,-0.423,0.346,-0.059,-0.033,-0.105,-0.771,0.455,0.216,-0.132,0.023,0.459,0.01,-0.377,-0.339,0.542,0.157,0.142,0.489,-0.033,0.348,-0.177,-0.037,0.132,0.087,-0.501,-0.031,-0.265,0.128,0.349,0.308,-0.334,0.105,0.408,-0.314,-0.359,-0.316,0.067,-0.369,-0.07,0.483,0.458,0.204,0.037,-0.2,0.419,-0.219,-0.473,0.521,0.329,-0.041,0.551,0.175,0.17,-0.34,0.149,-0.259,0.16,0.592,-0.359,0.384,-0.342,0.153,0.331,0.236,0.298,0.031,-0.096,0.427,-0.31,-0.621,0.01,-0.198,-0.009,-0.289,0.627,0.587,-0.507,-0.068,-0.275,0.382,0.524,0.018,-0.07,0.424,0.043,-0.481,-0.32,0.349,0.288,-0.031,-0.057,-0.306,0.27,0.529,-0.249,-0.276,0.068,-0.009,-0.252,-0.284,0.311,-0.219,0.453,0.532,-0.655,0.414,-0.308,0.054,-0.065,-0.456,0.08,0.363,-0.33,0.082,-0.292,-0.501,-0.18,0.451,0.252,-0.085,-0.241,-0.241,-0.248,0.429,0.401,-0.148,-0.205,0.102,-0.294,-0.072,0.153,-0.617,-0.118,-0.023,0.35,0.407
ADBE,-0.526,0.689,0.054,0.068,-0.247,0.026,0.0,-0.178,-0.404,-0.317,0.358,-0.346,-0.128,-0.023,-0.109,0.309,0.253,-0.121,0.069,-0.748,0.428,-0.173,0.485,0.726,0.34,-0.593,0.514,-0.445,0.525,0.784,0.263,0.628,0.604,0.373,0.556,-0.235,-0.312,0.593,0.147,0.318,0.541,0.462,0.67,-0.313,-0.001,0.612,-0.305,0.048,0.621,0.471,-0.562,0.608,-0.209,-0.374,-0.445,0.099,0.757,0.174,0.392,-0.515,0.027,0.106,0.8,0.541,0.546,-0.417,0.367,0.359,0.41,-0.047,-0.273,0.29,0.325,0.465,-0.219,0.466,0.666,0.46,0.356,-0.421,-0.523,-0.234,0.316,0.174,0.62,0.216,-0.507,0.58,0.481,-0.608,0.567,0.766,-0.152,0.664,0.592,0.741,-0.148,0.537,0.586,0.616,-0.573,0.112,0.554,-0.524,0.284,0.507,-0.394,0.711,-0.603,-0.023,0.429,-0.296,-0.458,0.561,0.097,0.487,0.741,0.307,-0.442,0.603,0.069,0.001,0.65,-0.065,0.621,0.035,0.615,-0.523,0.7,-0.055,0.599,-0.39,0.454,0.224,-0.252,0.599,0.831,0.523,-0.234,0.308,0.517,0.48,0.038,0.028,-0.178,0.525,0.591,0.608,-0.092,0.495,0.431,-0.247,0.087,-0.146,0.343,0.25,0.225,-0.375,0.689,0.73,-0.2,0.631,-0.188,0.696,-0.292,0.029,0.208,-0.291,0.107,-0.329,0.744,0.509,0.6,0.56,-0.622,-0.137,0.452,0.126,0.695,0.37,0.681,0.257,0.438,0.616,0.595,0.501,0.698,-0.144,-0.572,0.184,0.113,0.189,0.632,-0.103,0.298,0.442,0.57,-0.298,-0.252,-0.55
ADSK,0.77,-0.0,-0.05,0.245,0.755,0.345,-0.178,0.0,0.652,0.71,-0.591,0.819,0.77,0.871,0.188,0.516,-0.564,0.866,0.634,0.563,0.238,0.651,-0.653,-0.609,-0.622,0.698,-0.483,0.715,-0.453,-0.317,-0.382,-0.606,-0.495,-0.208,-0.37,0.819,0.661,-0.408,0.087,-0.722,0.25,-0.084,-0.395,0.782,-0.428,-0.712,0.529,0.779,-0.589,-0.67,0.729,-0.599,0.088,0.338,0.718,-0.225,-0.027,0.168,0.555,0.519,0.687,0.799,-0.16,-0.122,-0.085,0.792,-0.844,0.451,-0.759,-0.001,0.832,-0.362,-0.035,-0.344,0.816,-0.707,-0.619,-0.511,0.051,0.392,0.699,0.591,-0.794,0.342,-0.34,-0.313,0.762,-0.599,-0.242,0.601,-0.483,0.053,0.426,0.005,-0.528,-0.546,0.576,-0.529,-0.072,-0.638,0.752,-0.261,0.302,0.629,-0.098,-0.364,0.827,-0.232,0.769,0.367,0.026,0.817,0.757,-0.553,0.484,-0.661,-0.402,0.181,0.813,-0.679,0.247,0.728,-0.463,0.77,-0.53,0.812,0.025,0.467,-0.096,0.027,-0.45,0.881,-0.442,0.144,0.783,-0.43,-0.094,-0.08,0.668,0.164,-0.039,0.111,0.598,0.503,-0.337,0.338,-0.33,0.235,0.703,-0.246,-0.214,0.21,0.418,0.42,0.587,0.166,0.43,0.567,-0.164,-0.686,0.741,-0.521,0.41,-0.722,0.801,0.232,0.607,0.839,-0.5,0.828,-0.529,-0.385,-0.715,-0.508,0.719,0.584,-0.638,0.77,-0.657,0.282,-0.451,0.432,0.366,-0.415,-0.185,-0.622,-0.593,0.571,0.714,-0.14,-0.296,0.159,-0.601,0.168,-0.68,-0.285,-0.569,0.591,0.766,0.663
AEP,0.48,-0.076,-0.441,0.442,0.784,-0.033,-0.404,0.652,0.0,0.611,-0.741,0.551,0.71,0.539,-0.034,0.028,-0.632,0.803,0.062,0.581,0.239,0.832,-0.836,-0.703,-0.779,0.547,-0.757,0.899,-0.419,-0.596,-0.106,-0.516,-0.35,0.19,-0.474,0.757,0.707,-0.294,-0.428,-0.71,0.358,0.059,-0.288,0.886,-0.426,-0.637,0.842,0.602,-0.579,-0.649,0.616,-0.562,0.545,0.123,0.669,-0.603,-0.336,0.492,0.067,0.282,0.713,0.5,-0.47,-0.17,0.14,0.637,-0.849,0.417,-0.53,0.297,0.635,-0.428,0.174,-0.141,0.588,-0.767,-0.563,-0.636,-0.117,0.694,0.823,0.105,-0.757,0.313,-0.158,-0.348,0.82,-0.542,-0.021,0.652,-0.536,-0.298,0.093,-0.229,-0.306,-0.686,0.231,-0.23,0.056,-0.526,0.702,-0.344,0.134,0.379,-0.236,-0.427,0.787,-0.048,0.665,0.826,0.113,0.511,0.64,-0.595,-0.009,-0.648,-0.697,0.483,0.849,-0.742,0.593,0.547,-0.517,0.624,-0.404,0.613,-0.332,0.351,-0.19,0.167,-0.418,0.633,-0.307,0.319,0.706,-0.345,-0.489,-0.076,0.409,0.146,-0.279,0.197,0.553,0.327,-0.422,0.354,-0.291,-0.387,0.838,-0.006,-0.434,0.437,0.06,0.702,0.425,-0.03,0.111,0.312,-0.153,-0.67,0.606,-0.48,0.178,-0.658,0.624,0.673,0.406,0.517,-0.257,0.767,-0.374,-0.244,-0.74,-0.445,0.728,0.784,-0.673,0.646,-0.596,0.369,-0.432,-0.052,0.232,-0.349,-0.102,-0.835,-0.531,0.583,0.513,-0.203,0.167,-0.176,-0.413,0.281,-0.8,-0.126,-0.696,0.967,0.346,0.444
AGIO,0.799,-0.2,0.197,-0.082,0.698,0.312,-0.317,0.71,0.611,0.0,-0.483,0.776,0.664,0.698,-0.04,0.292,-0.442,0.677,0.597,0.643,-0.054,0.439,-0.547,-0.741,-0.573,0.814,-0.352,0.642,-0.399,-0.323,-0.482,-0.777,-0.755,-0.422,-0.421,0.718,0.472,-0.687,0.202,-0.701,-0.082,-0.496,-0.694,0.619,-0.325,-0.703,0.574,0.588,-0.709,-0.532,0.815,-0.774,-0.001,0.592,0.735,-0.092,-0.294,-0.191,0.289,0.705,0.506,0.589,-0.47,-0.316,-0.125,0.686,-0.71,0.294,-0.705,-0.084,0.792,-0.59,-0.462,-0.5,0.624,-0.645,-0.7,-0.49,0.179,0.355,0.582,0.562,-0.616,0.298,-0.622,-0.073,0.673,-0.727,-0.462,0.695,-0.458,-0.193,0.643,-0.222,-0.742,-0.396,0.781,-0.705,-0.299,-0.805,0.733,-0.331,0.114,0.736,-0.018,-0.119,0.77,-0.403,0.747,0.216,-0.238,0.604,0.861,-0.724,0.518,-0.699,-0.447,-0.13,0.757,-0.808,0.045,0.512,-0.641,0.583,-0.772,0.566,-0.141,0.732,-0.33,-0.046,-0.569,0.863,-0.63,-0.062,0.567,-0.723,-0.253,-0.218,0.429,0.079,-0.207,-0.219,0.384,0.427,-0.153,-0.027,-0.702,0.118,0.513,-0.496,-0.144,-0.026,0.559,0.111,0.41,0.138,0.473,0.417,-0.276,-0.626,0.759,-0.568,0.565,-0.752,0.701,0.199,0.323,0.791,-0.571,0.694,-0.542,-0.665,-0.802,-0.672,0.671,0.54,-0.752,0.508,-0.75,0.006,-0.757,0.321,0.014,-0.73,-0.573,-0.565,-0.76,0.331,0.759,0.032,-0.475,0.085,-0.777,-0.061,-0.431,-0.504,-0.484,0.515,0.65,0.854
ALEC,-0.433,-0.001,0.178,-0.149,-0.44,0.211,0.358,-0.591,-0.741,-0.483,0.0,-0.487,-0.811,-0.574,0.38,-0.257,0.851,-0.677,-0.11,-0.387,-0.121,-0.703,0.715,0.681,0.893,-0.422,0.641,-0.726,0.296,0.431,0.157,0.403,0.302,0.071,0.216,-0.784,-0.557,0.321,0.35,0.683,-0.334,-0.033,0.222,-0.714,0.223,0.487,-0.493,-0.631,0.361,0.858,-0.613,0.396,-0.529,-0.21,-0.364,0.409,0.025,-0.313,-0.254,-0.205,-0.778,-0.563,0.352,0.145,-0.069,-0.597,0.733,-0.36,0.503,-0.356,-0.484,0.53,-0.066,0.384,-0.418,0.63,0.357,0.343,0.343,-0.262,-0.611,-0.142,0.75,-0.099,0.202,0.208,-0.652,0.555,-0.064,-0.644,0.323,0.125,-0.115,0.246,0.28,0.619,-0.238,0.266,-0.189,0.431,-0.589,0.1,-0.292,-0.294,0.524,0.48,-0.789,0.072,-0.486,-0.58,-0.183,-0.373,-0.513,0.49,-0.03,0.685,0.573,-0.406,-0.678,0.543,-0.233,-0.283,0.321,-0.391,0.307,-0.537,0.324,-0.356,0.259,-0.047,0.3,-0.489,0.283,-0.415,-0.656,0.288,0.23,-0.119,-0.181,0.132,-0.076,-0.164,-0.676,-0.159,0.581,-0.313,0.267,0.176,-0.597,-0.006,0.089,-0.081,-0.234,-0.43,-0.429,-0.233,-0.098,-0.099,0.048,0.536,-0.703,0.503,-0.356,0.535,-0.48,-0.366,-0.231,-0.406,0.201,-0.573,0.295,0.369,0.739,0.205,-0.63,-0.397,0.568,-0.612,0.474,-0.474,0.364,-0.019,-0.121,0.363,0.07,0.595,0.432,-0.166,-0.475,0.081,-0.015,0.061,0.384,-0.071,0.779,-0.142,0.557,-0.688,-0.494,-0.36
ALNY,0.89,-0.09,-0.032,0.164,0.65,0.402,-0.346,0.819,0.551,0.776,-0.487,0.0,0.664,0.686,0.265,0.403,-0.436,0.777,0.601,0.743,0.185,0.602,-0.516,-0.716,-0.553,0.845,-0.442,0.674,-0.593,-0.374,-0.516,-0.775,-0.674,-0.391,-0.518,0.749,0.607,-0.6,0.247,-0.663,-0.009,-0.381,-0.58,0.69,-0.536,-0.79,0.566,0.652,-0.743,-0.622,0.724,-0.726,-0.032,0.403,0.783,-0.229,-0.239,-0.001,0.467,0.659,0.534,0.709,-0.258,-0.335,-0.269,0.883,-0.796,0.426,-0.785,-0.137,0.874,-0.456,-0.226,-0.435,0.636,-0.736,-0.769,-0.702,0.183,0.362,0.724,0.608,-0.723,0.466,-0.447,-0.419,0.825,-0.696,-0.471,0.577,-0.587,-0.057,0.506,0.05,-0.722,-0.503,0.693,-0.731,-0.248,-0.782,0.813,-0.401,0.151,0.792,0.045,-0.345,0.81,-0.427,0.786,0.182,-0.353,0.83,0.89,-0.618,0.459,-0.642,-0.381,-0.019,0.819,-0.765,0.147,0.705,-0.612,0.735,-0.688,0.667,-0.014,0.615,-0.133,0.034,-0.653,0.918,-0.623,-0.079,0.754,-0.609,-0.23,-0.183,0.672,0.16,-0.192,-0.15,0.512,0.596,-0.093,0.155,-0.523,0.157,0.606,-0.451,-0.182,0.147,0.503,0.257,0.365,0.078,0.314,0.64,-0.351,-0.762,0.779,-0.55,0.419,-0.8,0.837,0.183,0.574,0.904,-0.624,0.837,-0.736,-0.528,-0.747,-0.699,0.821,0.524,-0.703,0.666,-0.752,0.069,-0.619,0.375,0.331,-0.58,-0.39,-0.666,-0.752,0.544,0.863,-0.264,-0.396,-0.058,-0.755,0.033,-0.507,-0.519,-0.692,0.479,0.752,0.762
ALTR,0.596,0.238,-0.029,0.098,0.537,-0.067,-0.128,0.77,0.71,0.664,-0.811,0.664,0.0,0.81,-0.293,0.415,-0.877,0.843,0.479,0.359,0.297,0.736,-0.691,-0.656,-0.866,0.566,-0.539,0.745,-0.333,-0.294,-0.304,-0.519,-0.45,-0.201,-0.233,0.919,0.546,-0.428,-0.112,-0.831,0.409,-0.087,-0.331,0.781,-0.39,-0.585,0.489,0.814,-0.461,-0.817,0.704,-0.517,0.363,0.332,0.503,-0.388,0.166,0.232,0.554,0.39,0.916,0.816,-0.224,-0.172,0.198,0.682,-0.839,0.592,-0.679,0.276,0.709,-0.651,-0.089,-0.481,0.551,-0.689,-0.434,-0.344,-0.039,0.186,0.665,0.378,-0.8,0.314,-0.27,-0.204,0.69,-0.655,-0.053,0.613,-0.351,0.086,0.392,-0.023,-0.422,-0.503,0.525,-0.431,0.261,-0.564,0.665,-0.223,0.487,0.427,-0.341,-0.354,0.92,-0.079,0.589,0.51,0.113,0.558,0.703,-0.553,0.26,-0.794,-0.447,0.35,0.776,-0.629,0.123,0.487,-0.361,0.575,-0.447,0.742,-0.167,0.47,-0.156,-0.039,-0.362,0.671,-0.448,0.408,0.77,-0.408,-0.025,0.153,0.252,-0.047,0.189,0.161,0.844,0.39,-0.604,0.394,-0.384,0.124,0.679,-0.097,-0.015,-0.033,0.577,0.313,0.65,0.392,0.368,0.167,0.013,-0.522,0.932,-0.569,0.541,-0.579,0.646,0.354,0.437,0.641,-0.427,0.705,-0.336,-0.487,-0.792,-0.296,0.646,0.473,-0.611,0.831,-0.549,0.532,-0.456,0.248,0.326,-0.48,-0.13,-0.565,-0.526,0.258,0.566,-0.098,-0.246,0.076,-0.519,0.005,-0.716,0.078,-0.497,0.684,0.718,0.508
AMBA,0.675,0.023,0.144,-0.003,0.678,0.177,-0.023,0.871,0.539,0.698,-0.574,0.686,0.81,0.0,-0.033,0.561,-0.649,0.819,0.749,0.368,0.18,0.55,-0.599,-0.563,-0.632,0.576,-0.384,0.673,-0.278,-0.195,-0.395,-0.532,-0.485,-0.295,-0.17,0.769,0.442,-0.453,0.103,-0.782,0.259,-0.121,-0.39,0.731,-0.231,-0.598,0.365,0.879,-0.474,-0.62,0.751,-0.543,0.049,0.47,0.548,-0.096,0.172,0.042,0.695,0.563,0.723,0.817,-0.121,-0.169,0.017,0.648,-0.796,0.507,-0.786,0.121,0.732,-0.547,-0.18,-0.458,0.702,-0.672,-0.445,-0.285,-0.044,0.138,0.511,0.513,-0.774,0.18,-0.386,-0.243,0.637,-0.656,-0.122,0.574,-0.276,0.191,0.558,-0.076,-0.495,-0.412,0.636,-0.517,0.008,-0.594,0.66,-0.106,0.463,0.51,-0.244,-0.365,0.804,-0.143,0.625,0.288,0.113,0.615,0.7,-0.486,0.473,-0.706,-0.361,0.145,0.707,-0.581,0.047,0.556,-0.333,0.62,-0.496,0.785,-0.014,0.508,-0.136,-0.172,-0.33,0.782,-0.456,0.261,0.737,-0.434,0.131,0.081,0.432,-0.03,0.205,0.134,0.667,0.344,-0.464,0.3,-0.376,0.336,0.614,-0.168,0.03,-0.102,0.497,0.198,0.635,0.267,0.478,0.36,-0.022,-0.508,0.743,-0.573,0.585,-0.613,0.701,0.212,0.512,0.739,-0.401,0.666,-0.355,-0.492,-0.683,-0.318,0.613,0.439,-0.518,0.744,-0.568,0.401,-0.455,0.44,0.278,-0.45,-0.221,-0.487,-0.508,0.339,0.613,0.081,-0.422,0.32,-0.556,0.028,-0.647,-0.111,-0.42,0.478,0.714,0.619
AMCX,0.205,-0.231,-0.248,0.344,0.282,0.459,-0.109,0.188,-0.034,-0.04,0.38,0.265,-0.293,-0.033,0.0,-0.003,0.477,0.052,0.107,0.348,-0.008,0.061,0.112,0.094,0.418,0.132,-0.039,0.045,-0.238,-0.117,0.068,-0.054,0.025,0.151,-0.269,-0.212,0.313,0.152,0.088,0.199,-0.133,0.091,-0.002,0.06,-0.111,-0.152,0.216,-0.026,-0.18,0.302,-0.066,-0.067,-0.155,-0.113,0.292,0.088,-0.278,0.088,-0.068,0.168,-0.31,-0.057,0.149,0.027,-0.249,0.171,-0.047,-0.104,-0.054,-0.287,0.164,0.453,0.269,0.346,0.171,-0.108,-0.265,-0.396,0.259,0.376,0.21,0.107,0.083,0.209,0.089,-0.394,0.206,0.111,-0.174,-0.131,-0.28,-0.085,-0.181,0.117,-0.054,-0.054,-0.12,-0.057,-0.311,-0.014,0.186,-0.116,-0.303,0.216,0.481,-0.088,-0.111,-0.169,0.175,-0.043,-0.195,0.34,0.033,0.033,0.058,0.275,-0.007,-0.053,0.136,-0.034,0.292,0.383,-0.094,0.255,-0.005,0.09,0.193,-0.17,0.121,0.28,-0.198,0.25,0.128,-0.328,0.093,0.083,-0.218,-0.198,0.545,0.266,-0.314,-0.02,-0.268,0.22,0.422,0.028,0.135,-0.063,0.137,-0.035,-0.305,0.44,-0.292,0.296,-0.104,-0.254,0.001,0.595,-0.257,-0.256,-0.256,0.139,-0.302,-0.156,0.254,0.048,0.306,0.193,0.008,0.197,-0.289,0.27,0.184,-0.269,0.191,0.189,0.09,-0.056,-0.097,-0.252,0.1,0.031,0.216,0.2,0.047,-0.19,-0.051,0.636,0.183,-0.234,0.074,-0.145,-0.028,0.246,0.056,-0.421,-0.262,-0.029,0.005,0.106
AMKR,0.265,0.278,0.079,-0.03,0.228,0.327,0.309,0.516,0.028,0.292,-0.257,0.403,0.415,0.561,-0.003,0.0,-0.302,0.431,0.519,0.004,0.316,0.235,-0.122,-0.047,-0.216,0.106,-0.138,0.089,0.082,0.311,-0.416,-0.081,-0.03,-0.218,0.242,0.337,0.023,-0.179,0.375,-0.282,0.213,0.014,0.054,0.166,-0.208,-0.12,-0.111,0.524,0.009,-0.329,0.19,0.037,-0.343,-0.01,0.069,0.19,0.36,-0.043,0.76,0.186,0.428,0.737,0.358,0.327,-0.068,0.483,-0.263,0.507,-0.338,-0.252,0.363,-0.096,-0.022,-0.228,0.435,-0.11,0.018,-0.058,0.066,-0.335,0.026,0.288,-0.355,0.154,-0.007,-0.228,0.198,-0.068,0.087,0.096,0.218,0.675,0.243,0.304,-0.094,-0.005,0.345,-0.211,0.063,-0.151,0.065,-0.217,0.711,0.115,-0.206,0.036,0.286,0.168,0.124,-0.003,0.058,0.382,0.264,0.022,0.56,-0.194,0.19,0.074,0.142,-0.055,-0.04,0.322,0.17,0.313,-0.058,0.442,0.574,0.25,0.227,-0.385,0.193,0.379,-0.279,0.058,0.408,0.017,0.604,0.405,0.169,0.163,0.269,0.298,0.308,0.119,-0.328,0.394,0.105,0.748,0.136,-0.021,0.362,-0.252,0.484,0.013,0.416,0.201,0.159,0.083,0.294,-0.075,0.392,-0.094,0.227,-0.138,0.169,-0.133,0.543,0.356,-0.444,0.318,0.009,-0.057,-0.139,0.053,0.141,-0.021,-0.194,0.459,-0.027,0.261,0.012,0.708,0.303,-0.04,0.04,-0.081,-0.043,0.042,0.293,0.105,-0.266,0.435,-0.114,0.003,-0.35,0.056,-0.13,-0.021,0.418,0.169
AMRX,-0.421,-0.13,0.039,0.022,-0.359,0.3,0.253,-0.564,-0.632,-0.442,0.851,-0.436,-0.877,-0.649,0.477,-0.302,0.0,-0.646,-0.26,-0.263,-0.201,-0.635,0.662,0.643,0.866,-0.396,0.579,-0.681,0.192,0.372,0.203,0.397,0.343,0.188,0.1,-0.764,-0.37,0.393,0.258,0.725,-0.337,0.041,0.273,-0.656,0.197,0.472,-0.298,-0.65,0.347,0.86,-0.623,0.391,-0.45,-0.297,-0.296,0.357,-0.153,-0.192,-0.446,-0.301,-0.816,-0.635,0.325,0.182,-0.18,-0.537,0.698,-0.47,0.565,-0.363,-0.471,0.645,0.08,0.558,-0.408,0.58,0.28,0.178,0.26,-0.043,-0.573,-0.229,0.69,-0.036,0.264,0.155,-0.553,0.625,-0.042,-0.634,0.225,0.009,-0.286,0.199,0.295,0.566,-0.328,0.316,-0.275,0.434,-0.532,0.126,-0.425,-0.236,0.59,0.409,-0.789,0.078,-0.457,-0.461,-0.161,-0.355,-0.545,0.472,-0.092,0.75,0.516,-0.307,-0.621,0.483,0.01,-0.221,0.263,-0.324,0.346,-0.534,0.337,-0.419,0.325,0.147,0.216,-0.445,0.39,-0.468,-0.645,0.354,0.08,-0.209,-0.013,0.282,-0.204,-0.187,-0.752,-0.086,0.615,-0.242,0.334,0.033,-0.485,0.044,-0.04,0.09,-0.402,-0.259,-0.494,-0.36,-0.137,0.017,-0.028,0.442,-0.779,0.631,-0.515,0.495,-0.429,-0.24,-0.195,-0.387,0.244,-0.5,0.252,0.454,0.725,0.104,-0.548,-0.272,0.464,-0.635,0.462,-0.512,0.405,-0.095,-0.129,0.443,0.099,0.464,0.42,-0.011,-0.417,0.003,0.14,-0.149,0.411,-0.027,0.682,-0.263,0.443,-0.598,-0.542,-0.354
ANSS,0.654,0.138,-0.304,0.407,0.769,0.16,-0.121,0.866,0.803,0.677,-0.677,0.777,0.843,0.819,0.052,0.431,-0.646,0.0,0.465,0.519,0.459,0.857,-0.757,-0.633,-0.755,0.627,-0.65,0.829,-0.501,-0.38,-0.338,-0.584,-0.411,-0.026,-0.444,0.882,0.65,-0.359,-0.113,-0.832,0.435,-0.026,-0.29,0.91,-0.582,-0.702,0.707,0.85,-0.587,-0.679,0.663,-0.58,0.246,0.166,0.708,-0.507,-0.024,0.41,0.532,0.373,0.862,0.832,-0.178,-0.169,0.072,0.8,-0.935,0.677,-0.75,0.143,0.822,-0.465,0.1,-0.25,0.71,-0.799,-0.588,-0.618,0.001,0.473,0.762,0.344,-0.892,0.512,-0.159,-0.509,0.853,-0.6,-0.087,0.539,-0.512,0.123,0.296,0.108,-0.417,-0.549,0.486,-0.414,0.089,-0.607,0.742,-0.388,0.469,0.5,-0.151,-0.424,0.874,-0.021,0.692,0.617,0.078,0.743,0.763,-0.546,0.204,-0.706,-0.453,0.44,0.871,-0.729,0.45,0.76,-0.448,0.822,-0.447,0.832,-0.046,0.408,0.055,0.065,-0.461,0.794,-0.439,0.319,0.902,-0.377,-0.101,0.014,0.585,0.268,-0.045,0.207,0.762,0.54,-0.495,0.529,-0.272,0.095,0.889,-0.055,-0.245,0.25,0.355,0.57,0.605,0.023,0.247,0.418,-0.07,-0.66,0.781,-0.484,0.338,-0.679,0.761,0.541,0.732,0.772,-0.489,0.893,-0.431,-0.309,-0.74,-0.465,0.747,0.694,-0.681,0.875,-0.6,0.458,-0.407,0.333,0.539,-0.369,-0.076,-0.79,-0.557,0.624,0.651,-0.276,-0.112,-0.02,-0.5,0.199,-0.818,-0.19,-0.64,0.788,0.604,0.51
APPN,0.684,-0.047,0.515,-0.319,0.397,0.358,0.069,0.634,0.062,0.597,-0.11,0.601,0.479,0.749,0.107,0.519,-0.26,0.465,0.0,0.283,-0.015,0.085,-0.191,-0.357,-0.206,0.557,0.028,0.289,-0.188,0.01,-0.526,-0.519,-0.589,-0.614,-0.083,0.453,0.104,-0.535,0.556,-0.51,-0.134,-0.444,-0.531,0.31,-0.087,-0.465,-0.017,0.522,-0.451,-0.31,0.608,-0.511,-0.382,0.641,0.436,0.285,0.22,-0.385,0.689,0.698,0.296,0.62,-0.04,-0.273,-0.226,0.471,-0.43,0.256,-0.688,-0.127,0.592,-0.483,-0.535,-0.535,0.467,-0.387,-0.406,-0.115,0.164,-0.129,0.158,0.696,-0.427,0.105,-0.556,-0.014,0.331,-0.547,-0.403,0.377,-0.136,0.222,0.758,-0.008,-0.626,-0.127,0.786,-0.686,-0.263,-0.568,0.465,-0.059,0.298,0.571,-0.042,-0.146,0.5,-0.375,0.494,-0.268,-0.19,0.522,0.614,-0.368,0.705,-0.482,-0.031,-0.339,0.365,-0.393,-0.357,0.382,-0.311,0.389,-0.582,0.531,0.191,0.583,-0.122,-0.278,-0.324,0.669,-0.529,-0.08,0.415,-0.521,0.268,-0.104,0.42,-0.086,0.175,-0.198,0.371,0.277,-0.063,-0.052,-0.497,0.574,0.186,-0.468,0.216,-0.345,0.659,-0.282,0.36,0.29,0.516,0.412,-0.138,-0.325,0.564,-0.499,0.653,-0.46,0.529,-0.251,0.306,0.701,-0.459,0.395,-0.402,-0.594,-0.449,-0.33,0.385,0.136,-0.244,0.406,-0.494,0.005,-0.497,0.551,0.09,-0.522,-0.429,-0.125,-0.487,0.11,0.572,0.215,-0.68,0.498,-0.615,-0.228,-0.195,-0.286,-0.169,-0.012,0.731,0.649
APTO,0.822,-0.515,-0.116,0.124,0.594,0.31,-0.748,0.563,0.581,0.643,-0.387,0.743,0.359,0.368,0.348,0.004,-0.263,0.519,0.283,0.0,-0.113,0.43,-0.561,-0.819,-0.432,0.842,-0.542,0.656,-0.675,-0.716,-0.429,-0.839,-0.743,-0.352,-0.719,0.523,0.561,-0.634,0.082,-0.53,-0.36,-0.493,-0.729,0.575,-0.359,-0.827,0.579,0.283,-0.849,-0.519,0.706,-0.811,0.067,0.405,0.815,-0.212,-0.694,-0.078,-0.034,0.653,0.2,0.282,-0.668,-0.516,-0.494,0.773,-0.657,0.02,-0.657,-0.142,0.694,-0.356,-0.269,-0.422,0.487,-0.694,-0.898,-0.777,-0.027,0.606,0.749,0.497,-0.556,0.25,-0.6,-0.373,0.803,-0.686,-0.621,0.651,-0.725,-0.542,0.363,-0.343,-0.757,-0.733,0.469,-0.719,-0.587,-0.811,0.823,-0.427,-0.316,0.79,-0.029,-0.46,0.634,-0.658,0.83,0.138,-0.51,0.691,0.765,-0.693,0.198,-0.587,-0.643,-0.212,0.742,-0.828,0.175,0.528,-0.814,0.564,-0.773,0.334,-0.37,0.628,-0.457,0.097,-0.762,0.779,-0.585,-0.287,0.551,-0.717,-0.666,-0.524,0.633,0.04,-0.58,-0.393,0.176,0.362,0.131,-0.22,-0.655,-0.271,0.452,-0.59,-0.457,0.353,0.155,0.335,-0.038,-0.237,0.042,0.67,-0.664,-0.884,0.477,-0.637,0.216,-0.893,0.681,0.152,0.264,0.713,-0.45,0.713,-0.864,-0.518,-0.74,-0.845,0.837,0.509,-0.68,0.253,-0.859,-0.264,-0.752,0.036,-0.016,-0.67,-0.622,-0.757,-0.844,0.545,0.828,-0.263,-0.218,-0.177,-0.791,0.132,-0.439,-0.708,-0.771,0.485,0.501,0.761
ARCT,-0.08,0.709,-0.599,0.631,0.146,0.218,0.428,0.238,0.239,-0.054,-0.121,0.185,0.297,0.18,-0.008,0.316,-0.201,0.459,-0.015,-0.113,0.0,0.47,-0.231,0.146,-0.223,-0.046,-0.217,0.131,-0.101,0.113,-0.129,0.054,0.268,0.439,-0.146,0.346,0.065,0.266,-0.014,-0.096,0.568,0.321,0.372,0.288,-0.731,-0.114,0.246,0.301,-0.051,-0.16,-0.236,0.079,-0.041,-0.573,0.202,-0.607,0.298,0.652,0.467,-0.376,0.492,0.493,0.328,0.305,0.33,0.283,-0.256,0.634,-0.04,-0.073,0.279,0.066,0.476,0.255,0.215,-0.111,0.036,-0.29,0.261,0.131,0.224,-0.062,-0.266,0.683,0.505,-0.41,0.187,0.212,0.205,-0.275,-0.102,0.543,-0.101,0.764,0.247,0.017,-0.048,0.234,0.489,0.084,-0.072,-0.508,0.57,-0.137,0.114,0.028,0.171,0.556,0.055,0.427,0.075,0.362,0.111,0.152,-0.086,0.043,0.222,0.537,0.178,-0.045,0.535,0.576,0.049,0.491,0.205,0.33,0.292,-0.198,0.708,0.062,0.166,0.04,-0.05,0.185,0.335,0.25,0.282,0.256,0.247,0.655,-0.009,0.507,0.429,0.364,-0.239,0.73,0.385,0.308,0.427,0.226,-0.186,0.392,0.177,0.423,0.328,-0.206,-0.126,0.073,0.301,-0.025,0.234,0.134,-0.319,0.062,0.129,0.393,0.744,0.208,-0.368,0.413,0.161,0.403,0.014,0.038,0.003,0.413,-0.162,0.584,0.098,0.381,0.268,0.275,0.857,0.296,0.442,-0.339,0.148,0.401,-0.044,-0.412,0.381,-0.103,0.219,0.128,-0.277,0.15,-0.108,0.374,0.056,-0.257
ARWR,0.394,0.17,-0.587,0.578,0.639,-0.11,-0.173,0.651,0.832,0.439,-0.703,0.602,0.736,0.55,0.061,0.235,-0.635,0.857,0.085,0.43,0.47,0.0,-0.699,-0.531,-0.742,0.383,-0.736,0.83,-0.394,-0.423,-0.004,-0.337,-0.132,0.266,-0.328,0.719,0.7,-0.132,-0.438,-0.662,0.559,0.235,-0.03,0.895,-0.514,-0.501,0.775,0.745,-0.364,-0.609,0.419,-0.336,0.535,-0.123,0.491,-0.629,-0.037,0.653,0.33,0.125,0.784,0.672,-0.095,-0.021,0.271,0.685,-0.848,0.704,-0.537,0.324,0.607,-0.306,0.402,-0.019,0.5,-0.761,-0.39,-0.654,-0.099,0.533,0.792,-0.01,-0.762,0.51,0.128,-0.605,0.818,-0.423,0.182,0.452,-0.421,0.058,-0.072,0.107,-0.117,-0.579,0.087,-0.112,0.286,-0.343,0.622,-0.365,0.407,0.22,-0.195,-0.412,0.758,0.167,0.467,0.815,0.17,0.55,0.535,-0.405,-0.092,-0.554,-0.487,0.69,0.803,-0.548,0.621,0.575,-0.229,0.663,-0.157,0.683,-0.107,0.146,0.081,0.181,-0.315,0.548,-0.196,0.443,0.86,-0.107,-0.202,0.216,0.373,0.194,0.016,0.376,0.749,0.4,-0.504,0.644,-0.031,-0.206,0.851,0.23,-0.25,0.366,0.069,0.77,0.544,0.005,0.005,0.305,0.056,-0.559,0.622,-0.305,0.095,-0.495,0.549,0.734,0.638,0.474,-0.205,0.741,-0.256,-0.071,-0.575,-0.262,0.697,0.619,-0.511,0.816,-0.377,0.62,-0.168,0.112,0.549,-0.125,0.15,-0.756,-0.344,0.606,0.409,-0.374,0.226,-0.28,-0.222,0.35,-0.821,0.058,-0.704,0.831,0.307,0.222
ASND,-0.546,0.164,0.372,-0.34,-0.686,-0.01,0.485,-0.653,-0.836,-0.547,0.715,-0.516,-0.691,-0.599,0.112,-0.122,0.662,-0.757,-0.191,-0.561,-0.231,-0.699,0.0,0.725,0.76,-0.59,0.769,-0.79,0.482,0.71,0.346,0.599,0.452,0.019,0.506,-0.74,-0.508,0.466,0.258,0.729,-0.141,0.116,0.418,-0.826,0.37,0.763,-0.609,-0.554,0.632,0.717,-0.673,0.614,-0.281,-0.171,-0.625,0.454,0.315,-0.357,-0.19,-0.349,-0.677,-0.576,0.558,0.257,0.072,-0.639,0.83,-0.273,0.662,-0.242,-0.625,0.474,-0.002,0.36,-0.621,0.77,0.615,0.575,0.346,-0.547,-0.715,-0.214,0.786,-0.257,0.328,0.344,-0.759,0.594,0.124,-0.599,0.529,0.219,-0.243,0.283,0.412,0.8,-0.274,0.387,0.089,0.635,-0.657,0.319,-0.178,-0.399,0.457,0.572,-0.773,0.128,-0.733,-0.6,-0.012,-0.586,-0.638,0.606,-0.003,0.719,0.751,-0.274,-0.737,0.742,-0.368,-0.471,0.548,-0.549,0.522,-0.51,0.387,-0.512,0.255,0.022,0.396,-0.598,0.518,-0.246,-0.719,0.442,0.409,0.207,-0.432,-0.084,0.237,-0.075,-0.537,-0.229,0.385,-0.195,0.354,0.251,-0.662,0.171,0.479,-0.309,-0.169,-0.549,-0.297,0.214,0.032,-0.395,0.238,0.78,-0.579,0.689,-0.249,0.728,-0.521,-0.443,-0.403,-0.571,0.296,-0.744,0.447,0.357,0.781,0.428,-0.713,-0.571,0.627,-0.574,0.694,-0.224,0.533,-0.082,-0.161,0.475,0.275,0.805,0.617,-0.435,-0.582,0.228,-0.052,-0.04,0.518,-0.297,0.83,0.13,0.624,-0.785,-0.429,-0.491
ASTH,-0.82,0.446,-0.026,0.074,-0.606,-0.018,0.726,-0.609,-0.703,-0.741,0.681,-0.716,-0.656,-0.563,0.094,-0.047,0.643,-0.633,-0.357,-0.819,0.146,-0.531,0.725,0.0,0.732,-0.84,0.649,-0.802,0.542,0.734,0.452,0.866,0.81,0.455,0.549,-0.715,-0.499,0.772,0.061,0.769,0.228,0.522,0.788,-0.713,0.241,0.841,-0.53,-0.497,0.809,0.748,-0.886,0.868,-0.243,-0.584,-0.721,0.237,0.496,0.093,-0.124,-0.731,-0.477,-0.435,0.753,0.595,0.327,-0.741,0.798,-0.17,0.786,-0.124,-0.702,0.7,0.409,0.643,-0.494,0.815,0.802,0.621,0.208,-0.423,-0.748,-0.466,0.719,-0.104,0.706,0.242,-0.831,0.885,0.469,-0.831,0.594,0.5,-0.5,0.507,0.789,0.807,-0.562,0.752,0.398,0.865,-0.875,0.296,0.089,-0.713,0.381,0.57,-0.832,0.59,-0.82,-0.249,0.347,-0.573,-0.847,0.812,-0.2,0.846,0.758,0.116,-0.814,0.869,-0.003,-0.386,0.765,-0.503,0.825,-0.418,0.52,-0.773,0.613,0.047,0.701,-0.774,0.682,-0.0,-0.667,0.8,0.569,0.335,-0.401,0.239,0.321,0.328,-0.449,-0.232,0.159,0.191,0.773,0.276,-0.509,0.524,0.268,-0.088,-0.337,-0.225,-0.123,0.015,-0.077,-0.437,0.508,0.845,-0.707,0.853,-0.519,0.918,-0.663,-0.208,-0.157,-0.69,0.381,-0.692,0.765,0.749,0.936,0.702,-0.883,-0.459,0.715,-0.404,0.889,0.006,0.865,-0.04,0.097,0.822,0.644,0.736,0.872,-0.29,-0.833,0.067,0.329,0.04,0.847,-0.002,0.599,0.428,0.752,-0.591,-0.598,-0.778
ATSG,-0.516,-0.054,0.184,-0.14,-0.493,0.223,0.34,-0.622,-0.779,-0.573,0.893,-0.553,-0.866,-0.632,0.418,-0.216,0.866,-0.755,-0.206,-0.432,-0.223,-0.742,0.76,0.732,0.0,-0.529,0.64,-0.776,0.402,0.477,0.231,0.523,0.436,0.146,0.311,-0.884,-0.531,0.426,0.321,0.806,-0.343,0.079,0.337,-0.787,0.354,0.588,-0.534,-0.666,0.474,0.867,-0.674,0.522,-0.479,-0.242,-0.468,0.533,0.038,-0.272,-0.313,-0.3,-0.838,-0.612,0.397,0.278,-0.092,-0.645,0.814,-0.486,0.624,-0.35,-0.581,0.646,0.038,0.457,-0.444,0.712,0.459,0.419,0.286,-0.3,-0.658,-0.24,0.829,-0.224,0.266,0.24,-0.714,0.671,0.01,-0.674,0.408,0.115,-0.243,0.182,0.387,0.662,-0.37,0.377,-0.171,0.556,-0.668,0.255,-0.327,-0.364,0.452,0.469,-0.873,0.119,-0.562,-0.569,-0.119,-0.454,-0.64,0.591,-0.034,0.814,0.601,-0.38,-0.753,0.662,-0.199,-0.36,0.424,-0.497,0.426,-0.608,0.319,-0.451,0.245,0.023,0.422,-0.555,0.417,-0.434,-0.737,0.414,0.234,-0.038,-0.212,0.096,-0.053,-0.089,-0.785,-0.278,0.609,-0.313,0.393,0.132,-0.664,0.085,0.132,-0.05,-0.303,-0.413,-0.494,-0.173,-0.103,-0.133,0.053,0.574,-0.797,0.591,-0.457,0.617,-0.556,-0.433,-0.3,-0.512,0.307,-0.662,0.373,0.476,0.805,0.33,-0.681,-0.45,0.684,-0.685,0.56,-0.506,0.477,-0.061,-0.202,0.489,0.139,0.637,0.548,-0.233,-0.523,0.162,0.074,0.078,0.492,-0.067,0.772,-0.046,0.574,-0.739,-0.519,-0.428
AVTX,0.948,-0.31,0.141,0.008,0.589,0.395,-0.593,0.698,0.547,0.814,-0.422,0.845,0.566,0.576,0.132,0.106,-0.396,0.627,0.557,0.842,-0.046,0.383,-0.59,-0.84,-0.529,0.0,-0.41,0.629,-0.731,-0.585,-0.633,-0.963,-0.908,-0.551,-0.738,0.72,0.516,-0.779,0.289,-0.68,-0.305,-0.656,-0.861,0.595,-0.464,-0.925,0.535,0.41,-0.93,-0.632,0.837,-0.937,-0.053,0.611,0.882,-0.235,-0.488,-0.195,0.171,0.758,0.378,0.452,-0.631,-0.591,-0.45,0.762,-0.724,0.099,-0.785,-0.192,0.838,-0.532,-0.504,-0.611,0.606,-0.691,-0.948,-0.619,0.145,0.474,0.734,0.721,-0.635,0.329,-0.741,-0.209,0.755,-0.811,-0.747,0.709,-0.763,-0.402,0.664,-0.22,-0.929,-0.602,0.782,-0.88,-0.489,-0.96,0.846,-0.355,-0.166,0.943,0.032,-0.344,0.785,-0.706,0.934,0.039,-0.515,0.773,0.933,-0.776,0.4,-0.741,-0.545,-0.297,0.791,-0.927,-0.014,0.596,-0.888,0.616,-0.929,0.508,-0.311,0.779,-0.387,0.088,-0.816,0.884,-0.758,-0.257,0.567,-0.879,-0.522,-0.553,0.645,0.081,-0.454,-0.463,0.344,0.539,0.08,-0.204,-0.804,-0.032,0.477,-0.723,-0.398,0.193,0.506,0.095,0.134,-0.052,0.333,0.615,-0.622,-0.855,0.725,-0.725,0.468,-0.918,0.801,0.041,0.319,0.912,-0.669,0.788,-0.895,-0.728,-0.881,-0.875,0.795,0.521,-0.809,0.422,-0.953,-0.248,-0.881,0.213,0.042,-0.837,-0.68,-0.68,-0.957,0.45,0.923,-0.262,-0.503,-0.03,-0.954,-0.086,-0.37,-0.707,-0.595,0.473,0.771,0.928
BCPC,-0.378,0.188,0.538,-0.415,-0.559,0.071,0.514,-0.483,-0.757,-0.352,0.641,-0.442,-0.539,-0.384,-0.039,-0.138,0.579,-0.65,0.028,-0.542,-0.217,-0.736,0.769,0.649,0.64,-0.41,0.0,-0.716,0.406,0.691,0.217,0.426,0.243,-0.11,0.407,-0.538,-0.48,0.329,0.382,0.565,-0.148,-0.008,0.234,-0.72,0.325,0.6,-0.573,-0.457,0.47,0.62,-0.474,0.406,-0.328,0.038,-0.461,0.471,0.331,-0.463,-0.134,-0.251,-0.555,-0.462,0.424,0.183,0.081,-0.62,0.722,-0.358,0.522,-0.193,-0.472,0.27,-0.19,0.192,-0.503,0.69,0.469,0.608,0.365,-0.494,-0.715,0.029,0.663,-0.211,0.132,0.566,-0.737,0.453,-0.022,-0.525,0.418,0.173,0.034,0.232,0.231,0.741,-0.017,0.23,0.074,0.443,-0.544,0.431,-0.194,-0.239,0.479,0.59,-0.621,0.043,-0.555,-0.621,0.053,-0.472,-0.488,0.445,0.141,0.543,0.683,-0.376,-0.654,0.582,-0.412,-0.388,0.354,-0.43,0.324,-0.399,0.336,-0.348,0.207,-0.047,0.288,-0.455,0.361,-0.209,-0.7,0.239,0.402,0.017,-0.274,-0.005,0.275,-0.155,-0.464,-0.08,0.361,-0.258,0.172,0.355,-0.584,0.015,0.353,-0.376,0.033,-0.637,-0.134,0.234,0.304,-0.277,0.21,0.674,-0.424,0.525,-0.077,0.613,-0.356,-0.502,-0.429,-0.352,0.211,-0.639,0.394,0.146,0.598,0.296,-0.664,-0.454,0.499,-0.475,0.506,-0.253,0.36,-0.03,-0.168,0.297,0.13,0.801,0.464,-0.44,-0.442,0.278,-0.172,0.094,0.336,-0.37,0.8,0.051,0.712,-0.723,-0.234,-0.269
BEAM,0.642,-0.202,-0.285,0.297,0.8,-0.089,-0.445,0.715,0.899,0.642,-0.726,0.674,0.745,0.673,0.045,0.089,-0.681,0.829,0.289,0.656,0.131,0.83,-0.79,-0.802,-0.776,0.629,-0.716,0.0,-0.435,-0.644,-0.112,-0.592,-0.476,-0.004,-0.415,0.757,0.693,-0.41,-0.348,-0.791,0.247,-0.03,-0.418,0.94,-0.287,-0.704,0.742,0.711,-0.635,-0.677,0.743,-0.647,0.496,0.327,0.68,-0.436,-0.269,0.354,0.223,0.491,0.666,0.566,-0.467,-0.344,0.053,0.71,-0.921,0.451,-0.73,0.361,0.704,-0.536,0.053,-0.316,0.575,-0.897,-0.619,-0.67,-0.179,0.596,0.834,0.211,-0.818,0.243,-0.295,-0.42,0.91,-0.721,-0.077,0.723,-0.518,-0.288,0.231,-0.313,-0.442,-0.753,0.331,-0.402,-0.043,-0.611,0.853,-0.248,0.132,0.472,-0.306,-0.575,0.869,-0.197,0.713,0.648,0.047,0.569,0.723,-0.623,0.082,-0.744,-0.712,0.361,0.906,-0.739,0.391,0.515,-0.524,0.639,-0.497,0.666,-0.321,0.443,-0.326,0.057,-0.52,0.742,-0.384,0.309,0.809,-0.447,-0.421,-0.076,0.47,-0.062,-0.122,0.134,0.641,0.285,-0.412,0.248,-0.403,-0.333,0.804,-0.079,-0.253,0.279,0.106,0.586,0.462,0.049,0.134,0.455,-0.213,-0.736,0.668,-0.638,0.363,-0.745,0.727,0.57,0.392,0.607,-0.191,0.756,-0.498,-0.407,-0.792,-0.462,0.882,0.686,-0.575,0.645,-0.687,0.402,-0.52,0.002,0.202,-0.447,-0.225,-0.802,-0.616,0.544,0.643,-0.074,-0.003,-0.071,-0.538,0.225,-0.796,-0.133,-0.802,0.832,0.456,0.556
BILI,-0.645,0.162,0.17,-0.333,-0.314,-0.203,0.525,-0.453,-0.419,-0.399,0.296,-0.593,-0.333,-0.278,-0.238,0.082,0.192,-0.501,-0.188,-0.675,-0.101,-0.394,0.482,0.542,0.402,-0.731,0.406,-0.435,0.0,0.609,0.386,0.71,0.61,0.264,0.906,-0.545,-0.54,0.432,-0.016,0.527,0.11,0.397,0.539,-0.48,0.536,0.741,-0.548,-0.206,0.694,0.466,-0.511,0.65,-0.101,-0.19,-0.655,0.488,0.413,-0.105,0.102,-0.309,-0.313,-0.187,0.448,0.558,0.396,-0.531,0.554,-0.002,0.537,0.077,-0.55,0.145,0.148,0.279,-0.404,0.491,0.83,0.532,-0.01,-0.59,-0.657,-0.429,0.517,-0.421,0.362,0.453,-0.601,0.531,0.572,-0.408,0.911,0.356,-0.218,-0.013,0.634,0.526,-0.401,0.573,0.302,0.683,-0.648,0.262,0.23,-0.713,-0.18,0.38,-0.551,0.526,-0.702,-0.117,0.317,-0.655,-0.61,0.526,0.101,0.537,0.493,0.038,-0.603,0.749,-0.194,-0.505,0.716,-0.47,0.589,-0.42,0.338,-0.349,0.111,-0.402,0.86,-0.54,0.455,0.14,-0.473,0.577,0.556,0.611,-0.58,-0.28,0.415,0.422,-0.334,-0.626,-0.019,0.044,0.48,0.216,-0.479,0.421,0.597,-0.419,-0.144,-0.277,0.005,0.261,-0.071,-0.479,0.592,0.752,-0.447,0.391,-0.165,0.664,-0.635,-0.158,-0.368,-0.646,0.478,-0.66,0.797,0.385,0.619,0.704,-0.594,-0.357,0.681,-0.322,0.693,0.191,0.535,0.067,-0.211,0.522,0.322,0.623,0.757,-0.534,-0.63,0.723,0.163,0.308,0.651,-0.044,0.35,0.598,0.425,-0.436,-0.506,-0.553
BJRI,-0.504,0.522,0.296,-0.228,-0.434,0.105,0.784,-0.317,-0.596,-0.323,0.431,-0.374,-0.294,-0.195,-0.117,0.311,0.372,-0.38,0.01,-0.716,0.113,-0.423,0.71,0.734,0.477,-0.585,0.691,-0.644,0.609,0.0,0.19,0.619,0.537,0.1,0.669,-0.384,-0.41,0.466,0.268,0.456,0.261,0.311,0.586,-0.572,0.144,0.732,-0.503,-0.118,0.685,0.489,-0.573,0.651,-0.265,-0.257,-0.565,0.346,0.59,-0.153,0.221,-0.41,-0.209,-0.094,0.779,0.576,0.313,-0.432,0.574,0.119,0.53,-0.179,-0.397,0.286,0.124,0.333,-0.318,0.642,0.708,0.581,0.385,-0.637,-0.668,-0.165,0.455,-0.055,0.446,0.308,-0.642,0.582,0.368,-0.551,0.666,0.629,-0.157,0.494,0.497,0.833,-0.109,0.446,0.369,0.598,-0.638,0.26,0.327,-0.437,0.346,0.622,-0.519,0.466,-0.681,-0.287,0.249,-0.447,-0.509,0.572,0.228,0.548,0.831,0.045,-0.579,0.666,-0.156,-0.239,0.664,-0.285,0.576,-0.17,0.659,-0.451,0.515,-0.193,0.591,-0.411,0.446,0.05,-0.454,0.549,0.734,0.522,-0.342,0.134,0.459,0.315,-0.225,-0.054,0.006,0.246,0.493,0.573,-0.377,0.339,0.558,-0.414,0.124,-0.414,0.142,0.337,0.275,-0.446,0.523,0.814,-0.277,0.684,-0.155,0.707,-0.42,-0.252,-0.08,-0.373,0.086,-0.505,0.646,0.372,0.639,0.531,-0.679,-0.359,0.448,-0.106,0.732,0.139,0.607,0.285,0.115,0.542,0.454,0.704,0.678,-0.361,-0.514,0.281,-0.103,0.086,0.555,-0.185,0.502,0.322,0.625,-0.548,-0.235,-0.478
