,AAL,AAON,ACB,ACGL,ACGLO,ACIW,ADBE,ADSK,AEP,AGIO,ALEC,ALNY,ALTR,AMBA,AMCX,AMKR,AMRX,ANSS,APPN,APTO,ARCT,ARWR,ASND,ASTH,ATSG,AVTX,BCPC,BEAM,BILI,BJRI,BLUE,BPOP,BRKL,BWIN,BZUN,CARG,CBRL,CBSH,CBUS,CENTA,CERS,CFFN,CHCO,CHEF,CHRD,CINF,CLLS,CMCO,CMCSA,COLL,COMM,COOP,CPB,CRON,CROX,CRUS,CRWD,CTAS,CYBR,CYTK,DGII,DIOD,DOMO,DPZ,DSGR,DXCM,ERIE,ESTA,EXEL,FAST,FCEL,FCFS,FHB,FITBI,FSV,FTDR,FUTU,GLDD,GLPG,GLPI,GOGO,GOSS,GSAT,GYRE,HALO,HAS,HLIT,HLNE,HSDT,HSIC,HTHT,ICHR,IDYA,IMVT,INDB,INSM,IONS,IOSP,ITRI,JBHT,JBLU,JSM,KLIC,KOD,KURA,LAB,LASR,LIN,LKQ,LNT,MBUU,MCRI,MDGL,MEDP,MGNI,MGPI,MGRC,MKTX,MRNA,MRTN,MSEX,MSFT,MU,NAVI,NBTB,NEO,NEOG,NGNE,NSSC,NTAP,NTES,NTLA,NTRS,NYMTN,OBLG,OCFC,ON,ONC,OPI,OSIS,OSW,PALI,PANW,PCAR,PCRX,PCTY,PEBO,PLAB,PLAY,PLMR,PLSE,PLUS,PRTA,PSEC,PSNL,PTCT,PTON,QNST,QRVO,QTTB,RARE,RBCAA,RGNX,SAIC,SGMO,SINT,SNPS,SPSC,SPTN,SSYS,STNE,TBBK,TCPC,TENB,TGTX,TREE,TRUP,TTWO,TW,TXG,UBSI,UCTT,UFPT,UMBF,UPBD,URBN,VBTX,VCTR,VEON,VNET,VRSK,VSEC,WABC,WTFCM,WVE,WW,WWD,XEL,ZD,ZYME
AAL,0.0,0.808,-0.648,-0.889,-0.143,0.653,0.792,0.894,-0.254,0.812,-0.824,0.753,0.827,0.877,-0.125,0.794,-0.45,0.821,0.797,0.938,0.898,0.259,0.341,0.834,0.737,-0.541,0.857,-0.086,0.896,0.923,0.961,0.904,0.841,0.71,0.942,0.826,0.96,0.542,-0.734,-0.393,0.9,0.937,0.761,0.711,0.475,-0.546,0.912,0.845,0.481,0.875,0.407,0.798,-0.305,-0.463,0.958,0.866,-0.229,-0.073,-0.153,0.815,0.894,0.932,0.892,0.454,0.552,0.757,-0.842,0.95,0.765,0.789,0.866,-0.908,0.66,-0.705,0.026,0.945,0.638,0.723,0.954,0.121,-0.565,0.944,0.814,0.262,0.651,0.931,0.948,0.65,-0.138,0.77,0.407,0.902,0.563,-0.315,0.901,-0.591,-0.799,0.632,0.939,-0.345,0.959,0.865,0.827,0.802,0.78,0.692,0.871,0.575,0.886,-0.346,0.623,0.667,0.735,0.549,0.827,0.948,-0.173,0.877,0.728,0.772,0.779,0.577,0.108,0.611,0.896,0.92,0.782,0.237,0.859,0.563,0.425,0.904,0.873,0.577,0.904,0.89,0.879,0.639,0.887,0.958,0.337,0.518,0.61,-0.666,0.778,0.906,0.291,0.826,0.643,-0.343,0.835,0.909,0.733,-0.441,0.949,0.866,0.933,0.914,0.871,0.336,0.246,0.67,0.389,0.904,0.603,0.629,0.568,0.869,-0.319,0.902,0.916,0.789,-0.082,-0.183,0.846,0.926,0.61,0.467,0.87,0.839,0.922,0.902,0.909,0.244,0.71,0.317,0.734,0.241,-0.909,0.803,-0.26,-0.325,0.8,-0.268,-0.899,-0.39,0.671,-0.72,0.283,0.934
AAON,0.808,0.0,-0.437,-0.788,-0.152,0.463,0.952,0.906,-0.208,0.746,-0.793,0.823,0.877,0.912,-0.432,0.472,-0.631,0.906,0.949,0.825,0.883,0.614,0.595,0.554,0.516,-0.462,0.666,0.282,0.633,0.884,0.841,0.787,0.623,0.866,0.798,0.897,0.787,0.246,-0.524,-0.579,0.649,0.874,0.772,0.796,0.503,-0.403,0.627,0.662,0.215,0.896,0.674,0.529,-0.264,-0.107,0.86,0.562,0.246,0.066,0.298,0.937,0.834,0.729,0.82,0.523,0.501,0.877,-0.837,0.816,0.549,0.446,0.772,-0.842,0.363,-0.811,0.279,0.852,0.583,0.353,0.87,0.547,-0.209,0.873,0.901,0.098,0.326,0.825,0.787,0.581,0.155,0.409,0.256,0.635,0.628,-0.425,0.906,-0.15,-0.764,0.559,0.742,-0.323,0.77,0.82,0.496,0.737,0.86,0.601,0.667,0.78,0.598,-0.148,0.454,0.517,0.901,0.724,0.857,0.812,-0.502,0.739,0.658,0.552,0.704,0.8,0.508,0.566,0.785,0.814,0.553,0.548,0.71,0.816,0.134,0.924,0.896,0.588,0.873,0.877,0.87,0.615,0.684,0.741,0.665,0.563,0.86,-0.377,0.597,0.893,0.169,0.537,0.269,-0.114,0.853,0.689,0.816,-0.464,0.801,0.861,0.793,0.658,0.623,0.205,0.536,0.466,0.258,0.745,0.732,0.834,0.745,0.752,-0.687,0.712,0.828,0.809,0.129,0.126,0.906,0.719,0.638,0.704,0.895,0.863,0.791,0.639,0.701,0.151,0.656,0.316,0.485,0.018,-0.784,0.465,0.166,-0.461,0.76,-0.474,-0.805,0.043,0.856,-0.739,0.065,0.864
ACB,-0.648,-0.437,0.0,0.695,0.22,-0.255,-0.419,-0.525,0.512,-0.326,0.711,-0.336,-0.341,-0.504,0.243,-0.72,0.364,-0.405,-0.49,-0.684,-0.568,0.062,0.09,-0.565,-0.406,0.512,-0.454,0.48,-0.667,-0.476,-0.636,-0.558,-0.517,-0.235,-0.698,-0.453,-0.614,-0.399,0.436,0.189,-0.512,-0.561,-0.391,-0.153,-0.498,0.697,-0.637,-0.676,-0.148,-0.596,0.172,-0.51,0.654,0.805,-0.687,-0.642,0.45,0.512,0.29,-0.411,-0.505,-0.65,-0.595,0.024,-0.177,-0.318,0.685,-0.649,-0.638,-0.647,-0.717,0.718,-0.63,0.344,0.467,-0.554,-0.514,-0.787,-0.602,0.282,0.539,-0.56,-0.395,-0.226,-0.58,-0.67,-0.693,-0.278,0.115,-0.499,0.003,-0.753,0.076,-0.075,-0.618,0.533,0.611,-0.109,-0.602,0.318,-0.68,-0.465,-0.832,-0.369,-0.237,-0.49,-0.742,0.02,-0.609,0.648,-0.373,-0.244,-0.36,0.045,-0.512,-0.645,-0.102,-0.493,-0.306,-0.428,-0.284,-0.035,0.322,-0.2,-0.522,-0.542,-0.446,-0.342,-0.378,-0.277,-0.01,-0.439,-0.508,-0.202,-0.485,-0.475,-0.558,-0.026,-0.485,-0.7,0.202,-0.438,-0.113,0.846,-0.555,-0.546,0.055,-0.66,-0.551,0.61,-0.448,-0.759,-0.205,0.515,-0.653,-0.551,-0.711,-0.717,-0.783,-0.186,-0.002,-0.486,-0.1,-0.603,-0.088,-0.142,-0.212,-0.434,0.151,-0.817,-0.507,-0.365,0.553,0.489,-0.445,-0.692,-0.36,0.155,-0.351,-0.429,-0.596,-0.713,-0.695,0.066,-0.427,0.23,-0.469,0.079,0.714,-0.679,0.585,0.17,-0.406,-0.087,0.772,0.53,-0.14,0.576,-0.101,-0.558
ACGL,-0.889,-0.788,0.695,0.0,0.255,-0.485,-0.791,-0.883,0.371,-0.825,0.855,-0.813,-0.795,-0.884,0.256,-0.744,0.638,-0.817,-0.821,-0.905,-0.918,-0.448,-0.483,-0.672,-0.53,0.388,-0.743,0.081,-0.841,-0.883,-0.934,-0.823,-0.754,-0.69,-0.936,-0.84,-0.863,-0.428,0.76,0.559,-0.816,-0.927,-0.842,-0.74,-0.648,0.707,-0.802,-0.736,-0.276,-0.868,-0.487,-0.646,0.362,0.364,-0.905,-0.751,0.123,0.139,0.061,-0.859,-0.893,-0.88,-0.834,-0.51,-0.536,-0.805,0.917,-0.913,-0.821,-0.685,-0.877,0.879,-0.487,0.761,0.061,-0.898,-0.672,-0.587,-0.89,-0.149,0.522,-0.863,-0.852,-0.3,-0.602,-0.928,-0.881,-0.577,-0.02,-0.581,-0.352,-0.845,-0.495,0.267,-0.921,0.391,0.772,-0.594,-0.847,0.389,-0.935,-0.832,-0.724,-0.77,-0.749,-0.668,-0.8,-0.527,-0.716,0.427,-0.513,-0.627,-0.823,-0.599,-0.911,-0.916,0.364,-0.799,-0.743,-0.665,-0.747,-0.641,-0.177,-0.658,-0.888,-0.891,-0.731,-0.399,-0.829,-0.718,-0.272,-0.882,-0.873,-0.448,-0.891,-0.906,-0.872,-0.508,-0.77,-0.892,-0.425,-0.62,-0.669,0.739,-0.729,-0.908,-0.277,-0.729,-0.509,0.545,-0.888,-0.853,-0.717,0.541,-0.882,-0.875,-0.931,-0.846,-0.827,-0.212,-0.394,-0.684,-0.342,-0.873,-0.681,-0.657,-0.639,-0.81,0.451,-0.865,-0.902,-0.802,0.124,0.193,-0.878,-0.84,-0.546,-0.423,-0.773,-0.858,-0.895,-0.837,-0.845,-0.31,-0.75,-0.334,-0.672,0.001,0.848,-0.629,0.276,0.202,-0.84,0.421,0.896,0.364,-0.666,0.816,-0.155,-0.883
ACGLO,-0.143,-0.152,0.22,0.255,0.0,0.426,-0.154,-0.014,0.675,-0.099,0.244,-0.423,0.136,-0.043,0.664,0.126,0.665,0.041,-0.264,-0.024,-0.333,-0.244,-0.092,0.153,0.177,-0.036,0.262,-0.211,-0.038,-0.0,-0.161,0.058,0.173,0.157,-0.085,-0.26,-0.04,0.553,0.166,0.661,0.035,-0.089,-0.099,0.03,-0.337,0.656,-0.017,0.243,0.538,-0.284,-0.182,0.312,0.338,0.096,-0.096,0.118,-0.153,0.549,0.216,-0.122,0.061,-0.036,-0.198,-0.016,-0.328,-0.277,0.279,-0.073,-0.281,0.211,-0.378,0.295,0.342,0.299,0.586,-0.038,-0.018,0.101,-0.01,0.161,0.35,-0.001,-0.254,0.43,0.282,-0.31,-0.054,0.363,-0.075,0.232,0.567,-0.021,0.258,-0.193,-0.193,-0.289,0.101,0.214,0.096,0.838,-0.065,0.098,0.002,0.033,0.035,0.084,0.114,0.195,0.201,0.529,0.478,0.403,-0.214,-0.011,-0.13,-0.022,0.547,0.243,0.217,0.366,0.197,-0.037,0.151,0.247,0.064,-0.068,0.247,-0.224,-0.049,-0.376,0.247,-0.183,-0.169,0.21,-0.348,-0.254,-0.26,0.192,0.242,-0.016,0.044,-0.295,-0.207,0.27,0.171,-0.028,0.479,0.122,0.403,0.658,-0.162,-0.274,-0.006,0.8,-0.063,-0.397,-0.155,-0.016,0.03,0.401,-0.599,0.188,0.57,0.078,-0.021,-0.063,0.063,0.072,0.276,-0.067,-0.003,-0.016,0.558,0.452,-0.304,0.115,0.483,0.089,-0.058,0.018,-0.009,0.065,0.103,0.318,-0.327,0.225,0.328,-0.017,0.354,0.083,0.311,0.241,-0.056,0.457,0.297,0.188,0.081,0.419,0.67,0.011
ACIW,0.653,0.463,-0.255,-0.485,0.426,0.0,0.504,0.645,0.412,0.658,-0.371,0.352,0.716,0.622,0.451,0.642,0.128,0.672,0.37,0.659,0.451,0.101,0.218,0.747,0.634,-0.243,0.893,-0.198,0.648,0.717,0.618,0.72,0.754,0.685,0.644,0.445,0.735,0.712,-0.543,0.12,0.751,0.682,0.537,0.624,0.073,0.106,0.767,0.738,0.816,0.473,0.289,0.805,0.143,-0.185,0.638,0.723,-0.254,0.533,0.044,0.536,0.728,0.682,0.487,0.489,0.254,0.392,-0.406,0.659,0.46,0.718,0.335,-0.412,0.638,-0.381,0.481,0.705,0.494,0.579,0.716,0.282,-0.21,0.678,0.431,0.397,0.776,0.517,0.685,0.687,-0.217,0.72,0.758,0.676,0.746,-0.558,0.524,-0.647,-0.559,0.776,0.789,0.302,0.67,0.768,0.586,0.641,0.64,0.579,0.685,0.593,0.823,0.233,0.765,0.856,0.429,0.468,0.563,0.676,0.167,0.805,0.723,0.878,0.758,0.469,0.263,0.645,0.744,0.69,0.837,-0.185,0.767,0.197,0.635,0.545,0.516,0.59,0.474,0.552,0.555,0.622,0.875,0.695,0.304,0.107,0.317,-0.278,0.793,0.614,0.609,0.715,0.732,0.178,0.468,0.538,0.604,0.206,0.696,0.433,0.58,0.692,0.618,0.492,-0.161,0.71,0.711,0.729,0.573,0.474,0.482,0.715,0.085,0.574,0.704,0.639,0.412,0.269,0.483,0.715,0.618,0.443,0.642,0.669,0.693,0.753,0.684,0.526,0.471,0.478,0.745,0.41,-0.379,0.728,0.046,-0.02,0.645,-0.027,-0.391,-0.313,0.56,-0.133,0.752,0.691
ADBE,0.792,0.952,-0.419,-0.791,-0.154,0.504,0.0,0.897,-0.191,0.807,-0.781,0.869,0.868,0.924,-0.408,0.501,-0.605,0.912,0.925,0.82,0.87,0.64,0.601,0.536,0.48,-0.309,0.668,0.264,0.66,0.889,0.84,0.796,0.634,0.868,0.797,0.91,0.795,0.237,-0.597,-0.64,0.68,0.868,0.816,0.812,0.527,-0.392,0.656,0.633,0.227,0.877,0.705,0.536,-0.213,-0.03,0.861,0.578,0.297,0.117,0.299,0.93,0.838,0.737,0.825,0.616,0.52,0.898,-0.803,0.824,0.596,0.448,0.756,-0.803,0.319,-0.838,0.297,0.859,0.611,0.348,0.863,0.53,-0.243,0.862,0.908,0.099,0.393,0.853,0.778,0.612,0.12,0.404,0.312,0.655,0.689,-0.43,0.895,-0.171,-0.729,0.596,0.746,-0.343,0.772,0.846,0.487,0.735,0.854,0.682,0.661,0.774,0.591,-0.143,0.459,0.557,0.923,0.744,0.875,0.811,-0.572,0.74,0.678,0.555,0.736,0.845,0.591,0.596,0.807,0.84,0.606,0.508,0.75,0.841,0.21,0.916,0.883,0.562,0.878,0.909,0.91,0.618,0.694,0.745,0.67,0.548,0.875,-0.411,0.644,0.882,0.231,0.553,0.268,-0.134,0.821,0.703,0.836,-0.486,0.815,0.897,0.81,0.683,0.616,0.222,0.58,0.473,0.279,0.758,0.791,0.835,0.819,0.781,-0.674,0.709,0.844,0.834,0.166,0.176,0.905,0.704,0.58,0.741,0.902,0.877,0.796,0.659,0.668,0.278,0.725,0.374,0.476,0.094,-0.725,0.48,0.17,-0.417,0.775,-0.53,-0.791,-0.024,0.858,-0.726,0.091,0.863
ADSK,0.894,0.906,-0.525,-0.883,-0.014,0.645,0.897,0.0,-0.107,0.824,-0.781,0.788,0.948,0.945,-0.212,0.648,-0.555,0.953,0.901,0.907,0.893,0.545,0.605,0.724,0.594,-0.442,0.84,0.065,0.79,0.958,0.907,0.849,0.759,0.877,0.92,0.89,0.883,0.458,-0.704,-0.475,0.814,0.956,0.832,0.864,0.494,-0.455,0.792,0.794,0.451,0.893,0.585,0.7,-0.183,-0.196,0.914,0.723,0.008,0.117,0.14,0.941,0.962,0.872,0.825,0.587,0.602,0.86,-0.878,0.925,0.672,0.676,0.799,-0.863,0.49,-0.773,0.273,0.922,0.632,0.496,0.953,0.367,-0.333,0.926,0.885,0.343,0.548,0.858,0.912,0.694,-0.041,0.61,0.459,0.793,0.667,-0.416,0.927,-0.384,-0.786,0.715,0.895,-0.221,0.9,0.91,0.659,0.811,0.886,0.688,0.83,0.786,0.763,-0.136,0.624,0.728,0.865,0.743,0.922,0.938,-0.319,0.879,0.818,0.759,0.875,0.787,0.4,0.691,0.91,0.921,0.745,0.447,0.832,0.713,0.343,0.946,0.931,0.598,0.868,0.901,0.898,0.682,0.849,0.882,0.619,0.554,0.788,-0.511,0.751,0.962,0.31,0.707,0.499,-0.22,0.908,0.797,0.804,-0.329,0.885,0.845,0.877,0.829,0.769,0.298,0.375,0.666,0.451,0.867,0.762,0.798,0.76,0.898,-0.51,0.817,0.937,0.881,0.089,0.057,0.912,0.863,0.771,0.67,0.899,0.92,0.896,0.807,0.858,0.326,0.717,0.426,0.69,0.046,-0.8,0.603,0.067,-0.263,0.843,-0.409,-0.862,-0.091,0.836,-0.706,0.265,0.927
AEP,-0.254,-0.208,0.512,0.371,0.675,0.412,-0.191,-0.107,0.0,-0.129,0.429,-0.327,0.025,-0.216,0.632,-0.276,0.504,-0.002,-0.308,-0.245,-0.388,0.009,0.035,-0.045,-0.036,0.224,0.161,0.17,-0.318,-0.053,-0.315,-0.205,-0.099,0.161,-0.291,-0.307,-0.106,0.14,0.151,0.513,-0.119,-0.135,-0.231,0.108,-0.685,0.786,-0.122,-0.116,0.587,-0.284,0.066,0.01,0.771,0.383,-0.298,-0.229,-0.001,0.852,0.312,-0.123,-0.081,-0.286,-0.336,0.122,-0.149,-0.217,0.333,-0.283,-0.428,-0.122,-0.552,0.382,-0.087,0.211,0.706,-0.134,-0.324,-0.242,-0.134,0.396,0.466,-0.149,-0.326,0.291,0.09,-0.421,-0.254,0.1,-0.167,0.029,0.402,-0.326,0.317,-0.534,-0.34,-0.069,0.125,0.249,-0.092,0.72,-0.257,0.029,-0.337,-0.143,0.08,-0.226,-0.241,0.237,0.007,0.939,0.258,0.282,-0.155,0.107,-0.25,-0.212,0.29,0.07,0.165,0.259,0.189,0.108,0.219,0.015,-0.117,-0.209,0.059,-0.498,0.01,-0.331,0.193,-0.211,-0.268,0.15,-0.371,-0.261,-0.299,0.062,0.112,-0.234,0.192,-0.436,-0.146,0.483,0.096,-0.209,0.26,-0.165,0.013,0.714,-0.208,-0.446,0.09,0.702,-0.265,-0.34,-0.405,-0.245,-0.346,0.15,-0.334,-0.034,0.436,-0.145,0.143,0.036,-0.024,-0.055,0.4,-0.406,-0.132,-0.055,0.64,0.585,-0.243,-0.172,0.207,0.205,-0.004,-0.108,-0.233,-0.216,-0.186,0.229,-0.259,0.296,-0.006,0.112,0.53,-0.111,0.561,0.107,-0.137,0.049,0.449,0.305,0.027,0.717,0.585,-0.157
AGIO,0.812,0.746,-0.326,-0.825,-0.099,0.658,0.807,0.824,-0.129,0.0,-0.639,0.881,0.848,0.865,-0.124,0.638,-0.398,0.828,0.739,0.815,0.845,0.519,0.568,0.694,0.512,-0.085,0.806,0.095,0.795,0.905,0.881,0.848,0.832,0.779,0.819,0.8,0.834,0.439,-0.815,-0.563,0.895,0.877,0.919,0.879,0.61,-0.415,0.799,0.646,0.398,0.766,0.662,0.711,-0.1,-0.02,0.814,0.734,0.06,0.204,0.008,0.849,0.882,0.856,0.774,0.785,0.649,0.85,-0.661,0.872,0.818,0.658,0.734,-0.668,0.356,-0.758,0.23,0.902,0.62,0.436,0.848,0.316,-0.468,0.831,0.85,0.213,0.605,0.846,0.786,0.73,-0.042,0.611,0.586,0.77,0.793,-0.322,0.835,-0.384,-0.559,0.862,0.839,-0.247,0.856,0.856,0.54,0.879,0.845,0.739,0.663,0.745,0.693,-0.183,0.573,0.797,0.828,0.83,0.894,0.863,-0.438,0.783,0.833,0.732,0.865,0.786,0.461,0.832,0.924,0.935,0.822,0.242,0.906,0.668,0.533,0.872,0.805,0.508,0.883,0.934,0.843,0.733,0.816,0.826,0.631,0.403,0.781,-0.459,0.72,0.877,0.556,0.708,0.479,-0.223,0.798,0.738,0.822,-0.344,0.863,0.839,0.841,0.779,0.66,0.29,0.467,0.652,0.536,0.852,0.845,0.79,0.738,0.882,-0.42,0.675,0.922,0.92,0.225,0.073,0.848,0.761,0.502,0.695,0.834,0.909,0.893,0.784,0.72,0.615,0.851,0.68,0.71,0.328,-0.669,0.559,0.003,-0.04,0.917,-0.477,-0.686,-0.241,0.813,-0.69,0.263,0.861
ALEC,-0.824,-0.793,0.711,0.855,0.244,-0.371,-0.781,-0.781,0.429,-0.639,0.0,-0.694,-0.711,-0.829,0.308,-0.69,0.579,-0.743,-0.77,-0.863,-0.797,-0.298,-0.329,-0.532,-0.52,0.575,-0.597,0.051,-0.723,-0.774,-0.845,-0.758,-0.617,-0.625,-0.829,-0.779,-0.79,-0.326,0.533,0.478,-0.65,-0.801,-0.658,-0.545,-0.527,0.578,-0.687,-0.72,-0.201,-0.796,-0.359,-0.561,0.46,0.449,-0.856,-0.682,0.013,0.228,-0.068,-0.754,-0.754,-0.748,-0.782,-0.257,-0.301,-0.71,0.872,-0.823,-0.621,-0.548,-0.774,0.879,-0.531,0.721,0.014,-0.799,-0.669,-0.615,-0.804,-0.201,0.375,-0.833,-0.783,-0.17,-0.491,-0.874,-0.814,-0.444,-0.107,-0.475,-0.169,-0.748,-0.397,0.273,-0.83,0.312,0.817,-0.325,-0.718,0.399,-0.818,-0.744,-0.676,-0.643,-0.597,-0.57,-0.762,-0.378,-0.64,0.467,-0.425,-0.417,-0.718,-0.404,-0.771,-0.799,0.356,-0.721,-0.506,-0.489,-0.54,-0.515,-0.137,-0.451,-0.736,-0.747,-0.582,-0.419,-0.66,-0.663,-0.007,-0.793,-0.797,-0.416,-0.795,-0.775,-0.781,-0.409,-0.653,-0.791,-0.316,-0.666,-0.589,0.721,-0.677,-0.805,-0.091,-0.638,-0.433,0.416,-0.743,-0.756,-0.664,0.613,-0.804,-0.799,-0.855,-0.736,-0.786,-0.196,-0.288,-0.503,-0.183,-0.797,-0.53,-0.536,-0.581,-0.647,0.53,-0.846,-0.763,-0.594,0.178,0.099,-0.778,-0.77,-0.48,-0.278,-0.743,-0.749,-0.765,-0.743,-0.781,-0.007,-0.539,-0.066,-0.485,0.085,0.833,-0.631,0.268,0.479,-0.64,0.294,0.886,0.357,-0.601,0.774,-0.087,-0.803
ALNY,0.753,0.823,-0.336,-0.813,-0.423,0.352,0.869,0.788,-0.327,0.881,-0.694,0.0,0.749,0.813,-0.483,0.416,-0.683,0.782,0.859,0.725,0.891,0.675,0.616,0.507,0.346,-0.103,0.581,0.338,0.633,0.835,0.82,0.697,0.604,0.721,0.723,0.857,0.754,0.092,-0.728,-0.805,0.713,0.817,0.835,0.812,0.62,-0.566,0.651,0.46,0.121,0.844,0.73,0.442,-0.157,0.027,0.756,0.511,0.249,0.004,0.061,0.88,0.769,0.706,0.803,0.713,0.719,0.948,-0.73,0.779,0.732,0.401,0.798,-0.761,0.111,-0.837,0.081,0.823,0.485,0.257,0.771,0.375,-0.441,0.773,0.885,0.02,0.327,0.85,0.699,0.524,0.051,0.388,0.232,0.61,0.62,-0.253,0.84,-0.135,-0.539,0.648,0.671,-0.563,0.743,0.747,0.397,0.717,0.814,0.603,0.508,0.686,0.485,-0.273,0.308,0.521,0.911,0.811,0.845,0.77,-0.683,0.603,0.673,0.468,0.711,0.801,0.468,0.577,0.769,0.832,0.553,0.427,0.763,0.814,0.247,0.891,0.814,0.394,0.923,0.941,0.864,0.581,0.598,0.704,0.671,0.493,0.876,-0.428,0.537,0.82,0.205,0.499,0.162,-0.334,0.814,0.69,0.796,-0.635,0.758,0.933,0.772,0.636,0.501,0.047,0.751,0.383,0.24,0.695,0.804,0.839,0.7,0.761,-0.622,0.59,0.806,0.847,0.016,-0.028,0.909,0.614,0.352,0.698,0.837,0.817,0.749,0.591,0.564,0.346,0.839,0.507,0.412,0.218,-0.708,0.363,0.044,-0.237,0.786,-0.643,-0.75,-0.096,0.772,-0.787,-0.085,0.772
ALTR,0.827,0.877,-0.341,-0.795,0.136,0.716,0.868,0.948,0.025,0.848,-0.711,0.749,0.0,0.94,-0.081,0.608,-0.408,0.94,0.837,0.865,0.816,0.539,0.628,0.703,0.594,-0.408,0.861,0.122,0.737,0.944,0.855,0.86,0.768,0.921,0.854,0.83,0.845,0.497,-0.65,-0.38,0.806,0.915,0.817,0.911,0.433,-0.273,0.754,0.778,0.504,0.786,0.645,0.732,-0.056,-0.062,0.851,0.708,0.098,0.272,0.23,0.924,0.952,0.83,0.761,0.623,0.513,0.827,-0.777,0.882,0.579,0.635,0.67,-0.753,0.486,-0.729,0.456,0.902,0.618,0.42,0.918,0.475,-0.239,0.908,0.862,0.289,0.527,0.774,0.848,0.743,0.038,0.593,0.598,0.729,0.8,-0.485,0.864,-0.356,-0.727,0.789,0.867,-0.067,0.844,0.921,0.566,0.836,0.915,0.685,0.781,0.857,0.739,-0.004,0.66,0.794,0.834,0.819,0.883,0.887,-0.316,0.891,0.839,0.782,0.898,0.818,0.515,0.771,0.913,0.894,0.766,0.35,0.841,0.671,0.415,0.916,0.896,0.641,0.826,0.861,0.823,0.799,0.865,0.819,0.7,0.471,0.81,-0.361,0.727,0.932,0.442,0.672,0.505,-0.028,0.863,0.676,0.853,-0.166,0.85,0.759,0.811,0.762,0.704,0.357,0.316,0.671,0.548,0.855,0.815,0.83,0.776,0.885,-0.502,0.731,0.927,0.874,0.295,0.233,0.854,0.82,0.771,0.737,0.9,0.927,0.873,0.766,0.812,0.415,0.635,0.544,0.71,0.088,-0.693,0.559,0.164,-0.241,0.846,-0.378,-0.737,-0.053,0.891,-0.64,0.361,0.908
AMBA,0.877,0.912,-0.504,-0.884,-0.043,0.622,0.924,0.945,-0.216,0.865,-0.829,0.813,0.94,0.0,-0.22,0.705,-0.518,0.937,0.88,0.927,0.883,0.512,0.589,0.658,0.611,-0.431,0.8,0.047,0.815,0.941,0.926,0.907,0.782,0.88,0.92,0.892,0.864,0.469,-0.663,-0.511,0.811,0.935,0.876,0.842,0.589,-0.432,0.772,0.79,0.326,0.848,0.625,0.704,-0.281,-0.175,0.935,0.765,0.101,0.093,0.195,0.929,0.951,0.871,0.832,0.58,0.462,0.849,-0.852,0.925,0.679,0.641,0.785,-0.828,0.518,-0.802,0.277,0.921,0.748,0.506,0.931,0.41,-0.32,0.927,0.935,0.231,0.546,0.898,0.895,0.71,0.111,0.558,0.499,0.807,0.73,-0.408,0.933,-0.317,-0.799,0.676,0.873,-0.236,0.899,0.908,0.641,0.848,0.859,0.75,0.825,0.749,0.735,-0.231,0.582,0.696,0.862,0.727,0.939,0.911,-0.408,0.872,0.768,0.688,0.807,0.78,0.483,0.751,0.924,0.919,0.767,0.451,0.842,0.774,0.338,0.936,0.908,0.62,0.893,0.916,0.91,0.722,0.825,0.862,0.606,0.606,0.795,-0.529,0.74,0.956,0.395,0.709,0.502,-0.21,0.889,0.776,0.834,-0.374,0.909,0.841,0.918,0.799,0.798,0.352,0.384,0.677,0.411,0.894,0.78,0.792,0.797,0.866,-0.589,0.84,0.946,0.848,0.173,0.117,0.903,0.839,0.668,0.636,0.883,0.951,0.919,0.824,0.833,0.365,0.693,0.435,0.685,0.059,-0.797,0.604,-0.002,-0.316,0.861,-0.404,-0.831,-0.192,0.866,-0.786,0.243,0.945
AMCX,-0.125,-0.432,0.243,0.256,0.664,0.451,-0.408,-0.212,0.632,-0.124,0.308,-0.483,-0.081,-0.22,0.0,0.174,0.682,-0.168,-0.526,-0.122,-0.394,-0.48,-0.283,0.102,0.221,0.001,0.215,-0.319,0.004,-0.122,-0.185,-0.057,0.116,-0.109,-0.128,-0.379,-0.044,0.498,0.104,0.747,0.053,-0.152,-0.238,-0.152,-0.522,0.572,0.062,0.1,0.6,-0.418,-0.249,0.247,0.435,-0.082,-0.197,0.141,-0.396,0.484,-0.108,-0.341,-0.076,-0.075,-0.298,-0.138,-0.389,-0.442,0.328,-0.164,-0.233,0.196,-0.475,0.363,0.334,0.373,0.326,-0.111,-0.029,0.184,-0.131,-0.117,0.168,-0.118,-0.404,0.366,0.354,-0.3,-0.104,0.093,-0.153,0.242,0.542,-0.029,0.17,-0.287,-0.349,-0.366,0.063,0.121,0.022,0.65,-0.081,-0.026,0.038,-0.081,-0.15,-0.109,0.004,-0.157,0.203,0.424,0.301,0.305,-0.417,-0.232,-0.284,-0.136,0.594,0.156,0.09,0.292,0.038,-0.242,-0.22,0.127,-0.037,-0.169,0.249,-0.728,0.073,-0.521,0.403,-0.296,-0.309,0.089,-0.365,-0.324,-0.34,0.082,0.197,-0.06,-0.253,-0.29,-0.466,0.115,0.159,-0.221,0.44,0.119,0.449,0.386,-0.272,-0.234,-0.08,0.676,-0.131,-0.444,-0.21,-0.03,0.015,0.27,-0.746,0.221,0.44,0.024,-0.112,-0.333,-0.222,-0.061,0.685,-0.12,-0.1,-0.237,0.433,0.271,-0.371,0.015,0.075,-0.228,-0.181,-0.149,-0.1,0.068,0.038,0.216,-0.358,0.153,0.235,0.192,0.362,0.214,-0.106,0.241,-0.13,0.382,0.397,-0.267,-0.214,0.559,0.744,-0.123
AMKR,0.794,0.472,-0.72,-0.744,0.126,0.642,0.501,0.648,-0.276,0.638,-0.69,0.416,0.608,0.705,0.174,0.0,-0.084,0.588,0.432,0.847,0.604,-0.14,0.079,0.752,0.727,-0.431,0.767,-0.549,0.919,0.689,0.793,0.83,0.856,0.473,0.849,0.523,0.777,0.809,-0.58,-0.072,0.828,0.712,0.635,0.426,0.51,-0.418,0.833,0.871,0.453,0.551,0.036,0.86,-0.469,-0.636,0.818,0.954,-0.479,-0.119,-0.261,0.501,0.749,0.864,0.662,0.262,0.179,0.401,-0.591,0.822,0.718,0.909,0.664,-0.624,0.843,-0.425,-0.079,0.757,0.742,0.887,0.757,-0.172,-0.559,0.754,0.546,0.424,0.843,0.761,0.82,0.671,-0.144,0.781,0.566,0.935,0.394,-0.122,0.675,-0.724,-0.635,0.49,0.855,-0.041,0.864,0.694,0.906,0.69,0.446,0.729,0.886,0.255,0.87,-0.477,0.676,0.673,0.402,0.222,0.664,0.811,0.173,0.812,0.613,0.73,0.594,0.233,-0.069,0.64,0.797,0.764,0.858,0.118,0.692,0.266,0.444,0.579,0.589,0.468,0.606,0.61,0.661,0.48,0.813,0.877,-0.002,0.462,0.217,-0.759,0.76,0.724,0.458,0.881,0.898,-0.369,0.582,0.801,0.466,-0.181,0.825,0.541,0.858,0.863,0.948,0.511,-0.187,0.751,0.49,0.876,0.352,0.279,0.439,0.731,-0.087,0.888,0.773,0.554,-0.062,-0.206,0.514,0.882,0.553,0.113,0.528,0.69,0.831,0.939,0.879,0.393,0.478,0.215,0.839,0.176,-0.683,0.839,-0.516,-0.043,0.635,0.123,-0.695,-0.611,0.445,-0.58,0.45,0.781
AMRX,-0.45,-0.631,0.364,0.638,0.665,0.128,-0.605,-0.555,0.504,-0.398,0.579,-0.683,-0.408,-0.518,0.682,-0.084,0.0,-0.515,-0.732,-0.401,-0.684,-0.688,-0.51,-0.073,-0.007,0.2,-0.122,-0.365,-0.277,-0.459,-0.495,-0.267,-0.108,-0.377,-0.47,-0.694,-0.361,0.303,0.421,0.8,-0.212,-0.535,-0.478,-0.449,-0.476,0.708,-0.235,-0.119,0.281,-0.669,-0.565,0.064,0.245,-0.019,-0.473,-0.084,-0.336,0.304,-0.175,-0.616,-0.432,-0.351,-0.526,-0.344,-0.514,-0.692,0.726,-0.436,-0.424,-0.01,-0.635,0.651,0.17,0.621,0.185,-0.423,-0.291,0.022,-0.427,-0.262,0.21,-0.397,-0.666,0.067,0.109,-0.587,-0.419,0.015,-0.202,0.08,0.3,-0.265,-0.098,0.143,-0.61,-0.248,0.507,-0.096,-0.258,0.695,-0.422,-0.351,-0.173,-0.293,-0.442,-0.19,-0.26,-0.305,-0.067,0.338,0.118,0.022,-0.675,-0.448,-0.591,-0.43,0.716,-0.217,-0.248,-0.009,-0.269,-0.553,-0.241,-0.141,-0.342,-0.423,-0.057,-0.56,-0.378,-0.79,0.215,-0.625,-0.624,-0.105,-0.651,-0.613,-0.611,-0.117,-0.131,-0.351,-0.456,-0.601,-0.672,0.364,-0.175,-0.506,0.259,-0.076,0.234,0.59,-0.623,-0.491,-0.403,0.731,-0.379,-0.685,-0.479,-0.325,-0.262,0.241,-0.757,-0.158,0.274,-0.294,-0.446,-0.521,-0.435,-0.332,0.6,-0.402,-0.411,-0.435,0.308,0.176,-0.706,-0.248,-0.131,-0.353,-0.477,-0.441,-0.368,-0.212,-0.29,0.159,-0.534,0.001,0.017,0.267,0.605,-0.042,-0.005,0.348,-0.427,0.677,0.627,-0.07,-0.397,0.646,0.446,-0.393
ANSS,0.821,0.906,-0.405,-0.817,0.041,0.672,0.912,0.953,-0.002,0.828,-0.743,0.782,0.94,0.937,-0.168,0.588,-0.515,0.0,0.857,0.866,0.826,0.61,0.668,0.606,0.539,-0.365,0.803,0.159,0.724,0.937,0.855,0.815,0.728,0.934,0.855,0.868,0.831,0.428,-0.647,-0.473,0.755,0.926,0.837,0.869,0.452,-0.292,0.717,0.73,0.428,0.85,0.676,0.637,-0.108,-0.067,0.871,0.654,0.145,0.293,0.331,0.932,0.931,0.793,0.768,0.652,0.494,0.852,-0.817,0.855,0.597,0.57,0.696,-0.77,0.416,-0.797,0.438,0.891,0.668,0.418,0.9,0.542,-0.165,0.883,0.878,0.327,0.538,0.824,0.834,0.698,0.034,0.525,0.507,0.709,0.759,-0.536,0.88,-0.269,-0.784,0.708,0.826,-0.132,0.839,0.917,0.53,0.814,0.874,0.67,0.741,0.816,0.697,-0.01,0.601,0.724,0.87,0.77,0.916,0.861,-0.401,0.868,0.801,0.708,0.84,0.841,0.555,0.721,0.879,0.87,0.747,0.411,0.833,0.769,0.296,0.912,0.861,0.645,0.82,0.881,0.876,0.646,0.816,0.801,0.706,0.562,0.809,-0.412,0.771,0.918,0.392,0.629,0.444,-0.092,0.863,0.69,0.872,-0.283,0.833,0.806,0.819,0.738,0.688,0.321,0.393,0.613,0.47,0.847,0.845,0.834,0.84,0.841,-0.552,0.735,0.907,0.858,0.269,0.258,0.903,0.781,0.751,0.708,0.895,0.934,0.842,0.741,0.787,0.36,0.699,0.485,0.634,0.026,-0.701,0.548,0.216,-0.295,0.834,-0.462,-0.757,-0.026,0.895,-0.618,0.333,0.889
APPN,0.797,0.949,-0.49,-0.821,-0.264,0.37,0.925,0.901,-0.308,0.739,-0.77,0.859,0.837,0.88,-0.526,0.432,-0.732,0.857,0.0,0.79,0.916,0.685,0.59,0.566,0.42,-0.42,0.61,0.288,0.623,0.854,0.827,0.742,0.565,0.792,0.799,0.914,0.767,0.148,-0.593,-0.663,0.633,0.868,0.758,0.791,0.562,-0.572,0.625,0.601,0.153,0.91,0.653,0.46,-0.267,-0.105,0.842,0.525,0.224,-0.069,0.177,0.94,0.815,0.733,0.828,0.532,0.625,0.897,-0.88,0.814,0.607,0.429,0.834,-0.881,0.284,-0.794,0.13,0.823,0.51,0.304,0.846,0.418,-0.314,0.827,0.902,0.022,0.269,0.826,0.787,0.51,0.111,0.373,0.17,0.631,0.523,-0.315,0.921,-0.147,-0.711,0.537,0.712,-0.456,0.763,0.77,0.515,0.679,0.852,0.573,0.655,0.73,0.54,-0.232,0.372,0.462,0.913,0.726,0.848,0.812,-0.549,0.671,0.624,0.514,0.694,0.782,0.434,0.501,0.761,0.809,0.481,0.588,0.686,0.829,0.155,0.93,0.923,0.454,0.888,0.895,0.883,0.571,0.62,0.733,0.631,0.546,0.873,-0.422,0.527,0.87,0.089,0.51,0.188,-0.257,0.848,0.722,0.742,-0.556,0.785,0.894,0.786,0.679,0.606,0.131,0.654,0.467,0.167,0.693,0.69,0.832,0.7,0.743,-0.663,0.715,0.805,0.822,-0.031,-0.015,0.911,0.687,0.551,0.668,0.862,0.802,0.77,0.615,0.662,0.137,0.716,0.281,0.433,-0.004,-0.813,0.414,0.092,-0.404,0.753,-0.524,-0.851,-0.005,0.769,-0.799,-0.058,0.817
APTO,0.938,0.825,-0.684,-0.905,-0.024,0.659,0.82,0.907,-0.245,0.815,-0.863,0.725,0.865,0.927,-0.122,0.847,-0.401,0.866,0.79,0.0,0.851,0.275,0.423,0.787,0.688,-0.509,0.86,-0.182,0.907,0.922,0.949,0.93,0.852,0.789,0.966,0.794,0.935,0.61,-0.668,-0.367,0.881,0.928,0.812,0.732,0.555,-0.49,0.88,0.897,0.439,0.831,0.386,0.829,-0.388,-0.458,0.968,0.883,-0.19,-0.014,-0.016,0.847,0.934,0.924,0.827,0.464,0.422,0.739,-0.849,0.966,0.74,0.81,0.82,-0.861,0.694,-0.724,0.111,0.939,0.738,0.728,0.955,0.19,-0.479,0.954,0.828,0.348,0.722,0.918,0.943,0.727,-0.06,0.723,0.491,0.919,0.604,-0.335,0.911,-0.537,-0.821,0.642,0.943,-0.203,0.968,0.903,0.812,0.846,0.77,0.747,0.911,0.597,0.87,-0.34,0.658,0.718,0.754,0.565,0.884,0.956,-0.177,0.919,0.765,0.779,0.791,0.587,0.204,0.697,0.934,0.927,0.838,0.352,0.833,0.59,0.352,0.872,0.849,0.6,0.854,0.868,0.873,0.631,0.898,0.948,0.381,0.547,0.602,-0.706,0.812,0.939,0.354,0.851,0.696,-0.297,0.841,0.858,0.756,-0.373,0.948,0.818,0.961,0.893,0.911,0.417,0.189,0.701,0.467,0.959,0.658,0.665,0.663,0.875,-0.43,0.92,0.947,0.796,0.011,-0.07,0.844,0.943,0.69,0.453,0.834,0.908,0.945,0.933,0.933,0.316,0.657,0.343,0.779,0.091,-0.848,0.766,-0.215,-0.293,0.811,-0.223,-0.887,-0.364,0.757,-0.756,0.324,0.953
ARCT,0.898,0.883,-0.568,-0.918,-0.333,0.451,0.87,0.893,-0.388,0.845,-0.797,0.891,0.816,0.883,-0.394,0.604,-0.684,0.826,0.916,0.851,0.0,0.546,0.505,0.675,0.527,-0.391,0.701,0.14,0.784,0.897,0.931,0.819,0.714,0.715,0.885,0.931,0.852,0.29,-0.726,-0.658,0.792,0.921,0.832,0.777,0.628,-0.673,0.767,0.658,0.224,0.924,0.618,0.592,-0.319,-0.248,0.901,0.678,0.012,-0.142,-0.047,0.9,0.853,0.851,0.897,0.577,0.665,0.892,-0.874,0.891,0.789,0.589,0.918,-0.904,0.39,-0.79,-0.015,0.903,0.589,0.474,0.894,0.249,-0.517,0.871,0.896,0.13,0.436,0.915,0.854,0.536,0.079,0.541,0.255,0.773,0.54,-0.238,0.946,-0.303,-0.704,0.613,0.81,-0.519,0.884,0.797,0.654,0.775,0.838,0.674,0.715,0.653,0.672,-0.386,0.469,0.555,0.876,0.685,0.891,0.891,-0.464,0.738,0.705,0.606,0.733,0.73,0.275,0.601,0.847,0.893,0.627,0.426,0.807,0.781,0.297,0.946,0.936,0.442,0.957,0.953,0.911,0.604,0.722,0.848,0.513,0.561,0.797,-0.558,0.622,0.907,0.205,0.666,0.369,-0.412,0.889,0.85,0.766,-0.608,0.868,0.941,0.888,0.81,0.721,0.145,0.565,0.563,0.27,0.795,0.684,0.749,0.656,0.806,-0.531,0.803,0.879,0.848,-0.099,-0.178,0.926,0.782,0.514,0.601,0.857,0.841,0.867,0.748,0.765,0.252,0.809,0.34,0.58,0.134,-0.891,0.557,-0.139,-0.295,0.833,-0.466,-0.875,-0.213,0.72,-0.839,0.043,0.887
ARWR,0.259,0.614,0.062,-0.448,-0.244,0.101,0.64,0.545,0.009,0.519,-0.298,0.675,0.539,0.512,-0.48,-0.14,-0.688,0.61,0.685,0.275,0.546,0.0,0.778,0.038,-0.165,0.111,0.211,0.649,0.107,0.492,0.36,0.249,0.123,0.608,0.314,0.626,0.273,-0.275,-0.416,-0.705,0.193,0.498,0.576,0.681,0.348,-0.247,0.117,0.014,-0.073,0.565,0.833,-0.064,0.179,0.515,0.326,-0.063,0.634,0.267,0.519,0.701,0.454,0.238,0.361,0.624,0.554,0.722,-0.517,0.321,0.275,-0.128,0.36,-0.387,-0.36,-0.619,0.362,0.396,0.187,-0.332,0.383,0.663,0.154,0.321,0.623,-0.065,-0.111,0.374,0.266,0.176,0.231,-0.151,0.076,0.063,0.486,-0.36,0.52,0.379,-0.291,0.433,0.203,-0.306,0.277,0.452,-0.145,0.358,0.633,0.221,0.089,0.667,-0.033,0.184,0.034,0.253,0.753,0.767,0.592,0.334,-0.79,0.244,0.428,0.149,0.463,0.823,0.704,0.364,0.391,0.406,0.12,0.481,0.406,0.811,-0.007,0.596,0.559,0.172,0.518,0.598,0.511,0.289,0.18,0.198,0.837,0.335,0.824,0.05,0.199,0.472,0.12,-0.027,-0.334,-0.055,0.553,0.178,0.581,-0.357,0.29,0.564,0.287,0.155,0.002,-0.183,0.834,0.154,0.059,0.222,0.721,0.741,0.615,0.352,-0.608,0.126,0.419,0.606,0.241,0.321,0.665,0.12,0.248,0.694,0.526,0.509,0.321,0.071,0.125,0.21,0.572,0.43,0.018,-0.159,-0.267,-0.152,0.546,-0.11,0.553,-0.778,-0.334,0.384,0.601,-0.397,-0.161,0.346
ASND,0.341,0.595,0.09,-0.483,-0.092,0.218,0.601,0.605,0.035,0.568,-0.329,0.616,0.628,0.589,-0.283,0.079,-0.51,0.668,0.59,0.423,0.505,0.778,0.0,0.092,0.069,0.066,0.35,0.437,0.31,0.548,0.441,0.328,0.252,0.698,0.441,0.585,0.33,-0.018,-0.378,-0.575,0.34,0.531,0.663,0.75,0.351,-0.162,0.201,0.2,0.028,0.49,0.756,0.13,0.073,0.362,0.391,0.139,0.426,0.364,0.456,0.724,0.582,0.343,0.273,0.56,0.483,0.693,-0.509,0.435,0.226,0.084,0.322,-0.338,-0.167,-0.624,0.478,0.452,0.395,-0.213,0.446,0.546,0.184,0.443,0.667,0.2,0.067,0.412,0.339,0.413,0.054,0.02,0.379,0.189,0.606,-0.387,0.5,0.287,-0.333,0.54,0.361,-0.116,0.389,0.54,-0.057,0.52,0.65,0.283,0.237,0.706,0.116,0.177,0.163,0.427,0.688,0.791,0.66,0.424,-0.61,0.399,0.557,0.275,0.597,0.772,0.682,0.538,0.508,0.504,0.348,0.46,0.468,0.684,0.122,0.628,0.517,0.27,0.5,0.564,0.509,0.46,0.345,0.298,0.851,0.521,0.727,-0.03,0.272,0.575,0.196,0.086,-0.053,-0.03,0.658,0.209,0.653,-0.183,0.349,0.481,0.386,0.199,0.157,0.062,0.546,0.271,0.278,0.403,0.783,0.743,0.669,0.485,-0.635,0.196,0.562,0.602,0.362,0.369,0.703,0.273,0.436,0.671,0.512,0.648,0.421,0.222,0.309,0.319,0.431,0.592,0.239,-0.266,-0.26,-0.088,0.478,-0.069,0.583,-0.665,-0.352,0.386,0.778,-0.463,-0.007,0.465
ASTH,0.834,0.554,-0.565,-0.672,0.153,0.747,0.536,0.724,-0.045,0.694,-0.532,0.507,0.703,0.658,0.102,0.752,-0.073,0.606,0.566,0.787,0.675,0.038,0.092,0.0,0.702,-0.441,0.892,-0.295,0.793,0.778,0.779,0.836,0.862,0.55,0.777,0.548,0.866,0.702,-0.668,-0.043,0.882,0.767,0.598,0.596,0.351,-0.372,0.9,0.844,0.671,0.658,0.118,0.903,-0.173,-0.468,0.782,0.861,-0.45,-0.014,-0.352,0.6,0.767,0.868,0.727,0.41,0.53,0.498,-0.57,0.831,0.72,0.901,0.701,-0.696,0.745,-0.408,-0.004,0.811,0.388,0.764,0.839,-0.069,-0.646,0.786,0.523,0.295,0.711,0.677,0.846,0.699,-0.311,0.899,0.501,0.862,0.474,-0.158,0.712,-0.824,-0.534,0.727,0.9,-0.075,0.834,0.737,0.844,0.689,0.668,0.637,0.825,0.518,0.913,-0.234,0.714,0.772,0.485,0.445,0.61,0.856,0.202,0.796,0.726,0.887,0.756,0.336,-0.065,0.583,0.819,0.826,0.765,0.053,0.73,0.189,0.578,0.669,0.69,0.468,0.68,0.686,0.644,0.611,0.881,0.885,0.138,0.109,0.366,-0.509,0.697,0.745,0.43,0.877,0.774,-0.155,0.605,0.788,0.495,-0.086,0.855,0.616,0.761,0.878,0.783,0.412,-0.006,0.696,0.549,0.787,0.396,0.485,0.316,0.82,0.002,0.773,0.779,0.736,-0.073,-0.274,0.564,0.888,0.617,0.358,0.692,0.665,0.836,0.87,0.834,0.401,0.619,0.358,0.824,0.453,-0.687,0.824,-0.292,-0.014,0.705,0.072,-0.69,-0.429,0.48,-0.485,0.414,0.774
ATSG,0.737,0.516,-0.406,-0.53,0.177,0.634,0.48,0.594,-0.036,0.512,-0.52,0.346,0.594,0.611,0.221,0.727,-0.007,0.539,0.42,0.688,0.527,-0.165,0.069,0.702,0.0,-0.531,0.73,-0.269,0.708,0.65,0.679,0.751,0.731,0.503,0.673,0.474,0.704,0.717,-0.347,0.069,0.708,0.638,0.464,0.453,0.18,-0.141,0.686,0.78,0.487,0.502,0.153,0.776,-0.282,-0.458,0.689,0.783,-0.393,0.067,-0.161,0.45,0.643,0.706,0.623,0.199,0.155,0.357,-0.465,0.674,0.437,0.72,0.509,-0.548,0.793,-0.378,0.109,0.684,0.49,0.684,0.694,0.009,-0.409,0.735,0.471,0.227,0.568,0.602,0.698,0.671,-0.145,0.746,0.512,0.703,0.454,-0.293,0.568,-0.62,-0.606,0.469,0.763,0.045,0.695,0.593,0.697,0.596,0.534,0.505,0.695,0.414,0.812,-0.16,0.597,0.588,0.352,0.262,0.478,0.67,0.195,0.74,0.546,0.669,0.556,0.282,0.005,0.53,0.653,0.643,0.696,-0.03,0.614,0.167,0.444,0.571,0.553,0.606,0.556,0.52,0.543,0.616,0.757,0.721,0.086,0.287,0.248,-0.39,0.576,0.623,0.36,0.706,0.72,-0.04,0.528,0.62,0.466,0.013,0.7,0.448,0.654,0.657,0.747,0.559,-0.203,0.621,0.389,0.73,0.309,0.343,0.323,0.654,-0.053,0.683,0.672,0.486,0.147,-0.058,0.451,0.75,0.548,0.268,0.6,0.585,0.702,0.73,0.718,0.286,0.304,0.213,0.716,0.292,-0.577,0.723,-0.304,-0.263,0.504,0.095,-0.535,-0.362,0.478,-0.395,0.389,0.734
AVTX,-0.541,-0.462,0.512,0.388,-0.036,-0.243,-0.309,-0.442,0.224,-0.085,0.575,-0.103,-0.408,-0.431,0.001,-0.431,0.2,-0.365,-0.42,-0.509,-0.391,0.111,0.066,-0.441,-0.531,0.0,-0.388,0.141,-0.396,-0.38,-0.451,-0.469,-0.321,-0.282,-0.484,-0.362,-0.468,-0.344,0.05,-0.162,-0.277,-0.422,-0.113,-0.114,-0.023,0.231,-0.395,-0.607,-0.239,-0.413,0.046,-0.409,0.348,0.585,-0.528,-0.454,0.214,0.301,0.017,-0.327,-0.385,-0.415,-0.445,0.298,0.075,-0.162,0.567,-0.442,-0.1,-0.375,-0.393,0.615,-0.669,0.19,0.039,-0.391,-0.319,-0.529,-0.495,-0.016,0.123,-0.509,-0.305,-0.028,-0.166,-0.387,-0.557,-0.157,-0.09,-0.378,-0.01,-0.43,-0.078,0.192,-0.458,0.318,0.651,0.033,-0.432,0.132,-0.452,-0.378,-0.554,-0.251,-0.289,-0.194,-0.593,-0.134,-0.498,0.283,-0.246,-0.109,-0.196,0.059,-0.254,-0.428,-0.191,-0.479,-0.147,-0.293,-0.15,-0.027,0.229,-0.088,-0.337,-0.31,-0.193,-0.158,-0.239,-0.178,0.041,-0.403,-0.459,-0.348,-0.353,-0.265,-0.305,-0.257,-0.405,-0.453,0.092,-0.326,-0.12,0.37,-0.323,-0.41,0.06,-0.413,-0.398,0.068,-0.389,-0.418,-0.252,0.16,-0.467,-0.251,-0.445,-0.417,-0.566,-0.249,0.195,-0.326,0.016,-0.399,0.005,-0.12,-0.04,-0.257,0.145,-0.598,-0.347,-0.125,0.196,0.163,-0.321,-0.526,-0.411,0.064,-0.391,-0.292,-0.397,-0.441,-0.581,0.403,0.019,0.267,-0.304,0.124,0.626,-0.542,0.313,0.532,-0.221,-0.161,0.523,0.268,-0.18,0.362,-0.192,-0.444
BCPC,0.857,0.666,-0.454,-0.743,0.262,0.893,0.668,0.84,0.161,0.806,-0.597,0.581,0.861,0.8,0.215,0.767,-0.122,0.803,0.61,0.86,0.701,0.211,0.35,0.892,0.73,-0.388,0.0,-0.169,0.823,0.901,0.836,0.872,0.9,0.781,0.844,0.638,0.91,0.742,-0.699,-0.088,0.914,0.874,0.732,0.774,0.295,-0.2,0.908,0.876,0.75,0.706,0.359,0.913,-0.032,-0.308,0.83,0.852,-0.301,0.301,-0.058,0.743,0.904,0.869,0.712,0.552,0.467,0.612,-0.652,0.868,0.666,0.855,0.623,-0.683,0.703,-0.558,0.316,0.893,0.561,0.685,0.907,0.224,-0.418,0.871,0.644,0.462,0.788,0.729,0.868,0.803,-0.225,0.848,0.708,0.839,0.73,-0.46,0.759,-0.697,-0.684,0.841,0.952,0.087,0.885,0.894,0.734,0.798,0.801,0.676,0.844,0.682,0.93,-0.004,0.805,0.911,0.635,0.614,0.759,0.895,0.053,0.933,0.888,0.954,0.9,0.57,0.208,0.761,0.92,0.883,0.901,0.044,0.866,0.364,0.583,0.772,0.738,0.626,0.714,0.765,0.72,0.705,0.986,0.895,0.401,0.273,0.501,-0.485,0.862,0.848,0.568,0.843,0.78,-0.045,0.736,0.737,0.724,-0.015,0.879,0.655,0.804,0.858,0.784,0.497,0.009,0.784,0.697,0.894,0.674,0.637,0.55,0.892,-0.121,0.762,0.894,0.813,0.234,0.048,0.703,0.909,0.751,0.524,0.801,0.845,0.886,0.892,0.881,0.51,0.623,0.545,0.871,0.301,-0.637,0.785,-0.066,-0.068,0.816,-0.136,-0.661,-0.312,0.692,-0.444,0.6,0.873
BEAM,-0.086,0.282,0.48,0.081,-0.211,-0.198,0.264,0.065,0.17,0.095,0.051,0.338,0.122,0.047,-0.319,-0.549,-0.365,0.159,0.288,-0.182,0.14,0.649,0.437,-0.295,-0.269,0.141,-0.169,0.0,-0.322,0.095,-0.046,-0.172,-0.24,0.218,-0.208,0.25,-0.066,-0.549,0.016,-0.422,-0.187,0.027,0.066,0.249,-0.149,0.147,-0.263,-0.362,-0.148,0.189,0.642,-0.387,0.435,0.626,-0.11,-0.441,0.712,0.269,0.432,0.261,-0.058,-0.244,0.093,0.272,0.3,0.399,-0.048,-0.149,-0.218,-0.535,-0.046,-0.05,-0.578,-0.276,0.364,0.01,-0.215,-0.558,-0.04,0.638,0.387,-0.012,0.194,-0.319,-0.5,-0.036,-0.203,-0.146,0.307,-0.361,-0.174,-0.415,0.256,-0.249,0.057,0.567,0.084,0.047,-0.236,-0.27,-0.193,0.04,-0.535,-0.059,0.313,-0.181,-0.391,0.366,-0.348,0.381,-0.26,-0.149,0.369,0.44,0.047,-0.13,-0.672,-0.158,0.015,-0.221,0.051,0.5,0.518,-0.079,-0.095,-0.066,-0.312,0.146,0.002,0.424,-0.189,0.247,0.129,0.001,0.162,0.172,0.047,0.108,-0.196,-0.232,0.629,0.076,0.538,0.439,-0.186,0.028,-0.137,-0.439,-0.628,0.333,0.128,-0.268,0.358,-0.246,-0.142,0.21,-0.185,-0.305,-0.464,-0.364,0.657,-0.383,-0.108,-0.213,0.366,0.428,0.211,-0.081,-0.386,-0.339,-0.058,0.14,0.297,0.405,0.259,-0.264,-0.096,0.506,0.274,0.049,-0.173,-0.398,-0.29,-0.169,0.103,0.265,-0.407,-0.06,0.085,-0.427,0.607,-0.294,0.048,-0.587,0.075,0.583,0.258,0.007,-0.208,-0.053
BILI,0.896,0.633,-0.667,-0.841,-0.038,0.648,0.66,0.79,-0.318,0.795,-0.723,0.633,0.737,0.815,0.004,0.919,-0.277,0.724,0.623,0.907,0.784,0.107,0.31,0.793,0.708,-0.396,0.823,-0.322,0.0,0.818,0.905,0.881,0.884,0.603,0.94,0.711,0.859,0.688,-0.726,-0.296,0.916,0.835,0.78,0.604,0.597,-0.534,0.891,0.858,0.422,0.726,0.272,0.848,-0.43,-0.514,0.902,0.933,-0.349,-0.099,-0.229,0.688,0.848,0.947,0.764,0.426,0.433,0.617,-0.711,0.924,0.81,0.88,0.802,-0.736,0.721,-0.572,-0.039,0.87,0.803,0.787,0.865,-0.08,-0.59,0.853,0.72,0.346,0.777,0.87,0.892,0.716,-0.174,0.773,0.578,0.951,0.51,-0.163,0.81,-0.647,-0.669,0.635,0.921,-0.21,0.936,0.793,0.87,0.809,0.631,0.776,0.89,0.445,0.866,-0.466,0.66,0.711,0.588,0.444,0.806,0.904,-0.037,0.837,0.708,0.758,0.724,0.443,0.071,0.712,0.889,0.898,0.863,0.213,0.805,0.452,0.569,0.764,0.748,0.514,0.779,0.787,0.804,0.617,0.854,0.932,0.211,0.521,0.45,-0.725,0.776,0.85,0.431,0.869,0.786,-0.397,0.732,0.888,0.625,-0.326,0.913,0.722,0.929,0.913,0.921,0.425,0.074,0.743,0.479,0.914,0.53,0.481,0.558,0.833,-0.233,0.903,0.892,0.728,-0.065,-0.18,0.721,0.916,0.59,0.332,0.684,0.813,0.909,0.946,0.911,0.418,0.673,0.364,0.834,0.21,-0.8,0.809,-0.38,-0.072,0.78,-0.117,-0.794,-0.493,0.598,-0.71,0.369,0.872
BJRI,0.923,0.884,-0.476,-0.883,-0.0,0.717,0.889,0.958,-0.053,0.905,-0.774,0.835,0.944,0.941,-0.122,0.689,-0.459,0.937,0.854,0.922,0.897,0.492,0.548,0.778,0.65,-0.38,0.901,0.095,0.818,0.0,0.939,0.902,0.848,0.89,0.908,0.861,0.945,0.521,-0.759,-0.453,0.896,0.975,0.867,0.89,0.476,-0.39,0.861,0.799,0.526,0.889,0.616,0.777,-0.121,-0.192,0.924,0.779,-0.028,0.19,0.077,0.934,0.965,0.886,0.871,0.658,0.598,0.867,-0.822,0.934,0.726,0.711,0.795,-0.846,0.523,-0.788,0.286,0.977,0.615,0.555,0.97,0.391,-0.407,0.955,0.87,0.323,0.63,0.885,0.904,0.758,-0.05,0.701,0.541,0.817,0.755,-0.456,0.923,-0.465,-0.756,0.792,0.928,-0.209,0.93,0.945,0.659,0.854,0.924,0.724,0.799,0.791,0.825,-0.114,0.682,0.804,0.874,0.774,0.909,0.953,-0.318,0.916,0.879,0.821,0.91,0.79,0.397,0.751,0.955,0.952,0.818,0.305,0.902,0.678,0.416,0.954,0.904,0.622,0.907,0.943,0.891,0.726,0.913,0.913,0.614,0.476,0.777,-0.511,0.813,0.964,0.426,0.758,0.555,-0.158,0.893,0.79,0.878,-0.328,0.923,0.876,0.895,0.844,0.763,0.338,0.367,0.675,0.538,0.915,0.817,0.822,0.733,0.928,-0.443,0.797,0.966,0.921,0.17,0.069,0.91,0.888,0.715,0.688,0.948,0.948,0.931,0.842,0.858,0.426,0.758,0.541,0.742,0.191,-0.776,0.664,0.018,-0.249,0.884,-0.408,-0.821,-0.18,0.845,-0.678,0.349,0.959
BLUE,0.961,0.841,-0.636,-0.934,-0.161,0.618,0.84,0.907,-0.315,0.881,-0.845,0.82,0.855,0.926,-0.185,0.793,-0.495,0.855,0.827,0.949,0.931,0.36,0.441,0.779,0.679,-0.451,0.836,-0.046,0.905,0.939,0.0,0.922,0.866,0.753,0.956,0.854,0.939,0.525,-0.761,-0.49,0.905,0.944,0.853,0.754,0.61,-0.577,0.875,0.83,0.375,0.889,0.484,0.772,-0.359,-0.374,0.961,0.856,-0.125,-0.069,-0.073,0.865,0.921,0.942,0.891,0.524,0.548,0.814,-0.857,0.967,0.822,0.763,0.885,-0.883,0.598,-0.766,0.041,0.954,0.717,0.671,0.955,0.187,-0.523,0.946,0.867,0.255,0.657,0.961,0.938,0.678,-0.042,0.711,0.438,0.902,0.61,-0.267,0.943,-0.494,-0.767,0.668,0.927,-0.341,0.969,0.891,0.768,0.869,0.803,0.743,0.857,0.612,0.826,-0.394,0.602,0.695,0.809,0.624,0.912,0.956,-0.297,0.859,0.781,0.736,0.786,0.642,0.224,0.723,0.94,0.956,0.813,0.35,0.861,0.662,0.383,0.93,0.897,0.555,0.93,0.932,0.888,0.643,0.865,0.948,0.433,0.574,0.683,-0.672,0.785,0.946,0.365,0.811,0.612,-0.368,0.865,0.885,0.776,-0.482,0.967,0.886,0.968,0.893,0.873,0.328,0.334,0.687,0.433,0.931,0.699,0.695,0.653,0.866,-0.449,0.902,0.942,0.846,-0.033,-0.125,0.894,0.917,0.604,0.503,0.854,0.913,0.958,0.904,0.901,0.346,0.76,0.412,0.751,0.168,-0.875,0.741,-0.226,-0.249,0.872,-0.325,-0.891,-0.36,0.737,-0.803,0.257,0.952
