,AAL,AAON,ACB,ACGL,ACGLO,ACIW,ADBE,ADSK,AEP,AGIO,ALEC,ALNY,ALTR,AMBA,AMCX,AMKR,AMRX,ANSS,APPN,APTO,ARCT,ARWR,ASND,ASTH,ATSG,AVTX,BCPC,BEAM,BILI,BJRI,BLUE,BPOP,BRKL,BWIN,BZUN,CARG,CBRL,CBSH,CBUS,CENTA,CERS,CFFN,CHCO,CHEF,CHRD,CINF,CLLS,CMCO,CMCSA,COLL,COMM,COOP,CPB,CRON,CROX,CRUS,CRWD,CTAS,CYBR,CYTK,DGII,DIOD,DOMO,DPZ,DSGR,DXCM,ERIE,ESTA,EXEL,FAST,FCEL,FCFS,FHB,FITBI,FSV,FTDR,FUTU,GLDD,GLPG,GLPI,GOGO,GOSS,GSAT,GYRE,HALO,HAS,HLIT,HLNE,HSDT,HSIC,HTHT,ICHR,IDYA,IMVT,INDB,INSM,IONS,IOSP,ITRI,JBHT,JBLU,JSM,KLIC,KOD,KURA,LAB,LASR,LIN,LKQ,LNT,MBUU,MCRI,MDGL,MEDP,MGNI,MGPI,MGRC,MKTX,MRNA,MRTN,MSEX,MSFT,MU,NAVI,NBTB,NEO,NEOG,NGNE,NSSC,NTAP,NTES,NTLA,NTRS,NYMTN,OBLG,OCFC,ON,ONC,OPI,OSIS,OSW,PALI,PANW,PCAR,PCRX,PCTY,PEBO,PLAB,PLAY,PLMR,PLSE,PLUS,PRTA,PSEC,PSNL,PTCT,PTON,QNST,QRVO,QTTB,RARE,RBCAA,RGNX,SAIC,SGMO,SINT,SNPS,SPSC,SPTN,SSYS,STNE,TBBK,TCPC,TENB,TGTX,TREE,TRUP,TTWO,TW,TXG,UBSI,UCTT,UFPT,UMBF,UPBD,URBN,VBTX,VCTR,VEON,VNET,VRSK,VSEC,WABC,WTFCM,WVE,WW,WWD,XEL,ZD,ZYME
AAL,0.0,0.001,0.742,0.871,0.65,0.487,0.047,0.456,-0.464,0.367,0.558,0.535,-0.26,0.492,0.755,0.866,0.625,-0.278,0.536,0.3,0.35,0.779,0.603,0.08,0.482,0.313,0.507,0.62,-0.168,0.583,0.635,0.84,0.684,0.746,0.668,-0.123,-0.076,0.728,0.703,0.367,-0.324,0.523,0.442,0.661,0.679,0.767,0.766,0.881,0.504,0.752,0.778,0.859,-0.744,0.498,0.677,0.603,-0.398,0.506,0.814,0.57,0.691,0.633,0.671,0.115,0.861,0.209,0.581,0.54,-0.529,0.483,0.828,-0.526,0.803,0.82,0.581,0.744,0.602,0.794,-0.514,0.853,0.641,0.687,0.753,0.54,0.648,0.745,0.498,0.787,0.805,0.292,0.553,0.706,0.759,0.648,0.699,0.827,0.614,0.708,0.692,0.897,0.893,0.396,0.354,0.664,0.005,0.096,0.643,0.428,0.855,-0.283,0.88,0.729,0.608,0.841,0.567,0.577,0.594,-0.598,-0.203,0.904,0.196,-0.652,0.498,0.887,0.685,-0.336,0.406,-0.609,0.174,0.801,-0.074,0.172,0.794,0.844,0.506,0.776,0.157,0.171,0.757,0.662,0.016,0.469,-0.077,0.884,0.445,0.544,0.822,0.654,0.827,0.78,-0.468,0.78,0.676,0.765,0.397,-0.152,0.932,0.685,0.808,0.854,0.628,0.675,0.731,0.822,0.666,0.481,-0.304,0.447,0.526,-0.414,-0.109,0.741,0.659,0.219,0.79,0.613,0.566,0.1,0.185,0.102,0.646,0.443,0.483,0.848,0.821,0.769,0.828,0.787,0.823,0.706,0.087,0.814,0.754,0.903,0.542,0.175,0.882,-0.465,0.648,-0.305
AAON,0.001,0.0,-0.573,0.232,-0.384,-0.249,-0.128,-0.513,-0.476,-0.726,-0.707,-0.468,0.877,-0.713,-0.54,0.28,-0.674,0.838,-0.334,-0.825,-0.752,-0.42,-0.411,0.811,-0.629,-0.839,-0.61,-0.507,-0.3,-0.636,-0.566,-0.372,-0.555,-0.502,-0.354,0.527,0.315,-0.438,0.127,-0.732,-0.184,-0.511,-0.584,-0.499,0.543,-0.525,-0.534,0.337,-0.649,-0.362,-0.452,-0.249,-0.137,-0.617,-0.251,0.161,0.735,-0.057,-0.036,-0.566,-0.021,-0.005,-0.33,-0.558,-0.195,0.243,-0.518,0.546,-0.512,0.427,-0.192,-0.081,-0.342,-0.173,-0.514,-0.192,0.41,-0.53,-0.608,0.189,0.348,-0.539,-0.043,-0.203,-0.607,-0.544,-0.612,-0.358,-0.17,-0.858,0.203,-0.511,-0.308,-0.62,-0.489,-0.322,-0.56,-0.46,-0.243,-0.301,-0.273,-0.622,0.012,-0.678,-0.617,0.309,-0.582,0.761,-0.068,-0.569,-0.39,0.31,-0.647,-0.221,-0.691,-0.272,-0.678,0.313,-0.598,-0.211,-0.921,0.149,-0.556,-0.33,-0.454,0.818,-0.635,0.321,0.24,-0.436,0.054,0.388,-0.315,-0.369,-0.69,-0.432,0.019,0.3,-0.453,-0.183,0.13,-0.655,0.56,0.088,-0.174,-0.739,-0.283,-0.207,-0.408,-0.017,0.479,-0.431,-0.119,-0.463,-0.486,0.449,-0.163,-0.588,-0.314,-0.197,-0.511,-0.532,0.368,-0.251,-0.466,0.561,0.583,-0.224,-0.628,0.5,-0.211,-0.307,-0.651,0.455,-0.166,-0.714,0.229,0.583,-0.001,-0.042,-0.506,-0.603,-0.136,-0.351,-0.177,0.024,-0.395,-0.291,-0.283,-0.588,0.763,-0.126,-0.445,-0.122,-0.534,0.378,-0.2,-0.608,-0.63,-0.71
ACB,0.742,-0.573,0.0,0.571,0.864,0.691,0.195,0.709,-0.013,0.859,0.924,0.793,-0.714,0.876,0.964,0.518,0.953,-0.684,0.742,0.807,0.798,0.909,0.84,-0.342,0.791,0.804,0.895,0.917,0.18,0.906,0.913,0.922,0.948,0.938,0.857,-0.261,-0.051,0.928,0.58,0.835,-0.076,0.858,0.846,0.9,0.105,0.975,0.946,0.478,0.9,0.866,0.888,0.892,-0.495,0.886,0.797,0.489,-0.702,0.522,0.721,0.881,0.617,0.625,0.837,0.475,0.759,0.153,0.844,0.247,0.049,0.193,0.785,-0.216,0.901,0.789,0.855,0.756,0.335,0.93,0.017,0.597,0.344,0.918,0.666,0.68,0.874,0.979,0.856,0.929,0.798,0.799,0.325,0.946,0.834,0.936,0.931,0.889,0.93,0.929,0.76,0.91,0.913,0.779,0.45,0.933,0.549,-0.119,0.856,-0.11,0.797,0.248,0.924,0.501,0.93,0.882,0.94,0.653,0.934,-0.547,0.271,0.845,0.761,-0.465,0.85,0.925,0.909,-0.761,0.803,-0.737,0.125,0.956,-0.034,0.053,0.899,0.936,0.891,0.942,0.067,0.058,0.921,0.693,-0.012,0.787,-0.385,0.602,0.629,0.946,0.882,0.726,0.96,0.652,-0.78,0.954,0.696,0.953,0.619,-0.397,0.841,0.949,0.906,0.79,0.9,0.94,0.418,0.862,0.882,-0.003,-0.481,0.689,0.835,-0.689,0.019,0.892,0.93,0.075,0.744,0.951,0.484,-0.212,0.378,0.269,0.908,0.809,0.505,0.906,0.765,0.667,0.928,0.872,0.854,0.973,-0.41,0.794,0.937,0.779,0.808,-0.212,0.871,0.118,0.965,0.211
ACGL,0.871,0.232,0.571,0.0,0.593,0.557,-0.121,0.202,-0.59,0.256,0.42,0.315,0.022,0.366,0.627,0.798,0.486,0.039,0.425,0.132,0.137,0.724,0.617,0.318,0.222,0.13,0.408,0.551,-0.184,0.516,0.463,0.77,0.612,0.666,0.656,0.15,0.136,0.706,0.86,0.149,-0.477,0.54,0.428,0.502,0.714,0.655,0.63,0.825,0.339,0.73,0.661,0.841,-0.642,0.379,0.602,0.665,-0.134,0.445,0.834,0.5,0.624,0.644,0.67,-0.18,0.778,0.24,0.528,0.681,-0.488,0.437,0.631,-0.487,0.779,0.783,0.384,0.781,0.713,0.566,-0.682,0.952,0.573,0.535,0.672,0.57,0.533,0.619,0.394,0.729,0.732,0.069,0.576,0.564,0.746,0.529,0.665,0.786,0.447,0.596,0.58,0.778,0.822,0.177,0.449,0.479,0.01,-0.011,0.332,0.696,0.849,-0.437,0.746,0.791,0.466,0.783,0.385,0.649,0.453,-0.487,-0.452,0.813,0.003,-0.575,0.409,0.806,0.654,-0.083,0.2,-0.648,0.229,0.668,-0.154,0.393,0.774,0.716,0.363,0.722,-0.098,0.259,0.683,0.545,0.266,0.314,0.259,0.743,0.559,0.384,0.817,0.621,0.719,0.897,-0.553,0.7,0.768,0.698,0.129,-0.197,0.826,0.595,0.737,0.795,0.525,0.614,0.872,0.798,0.614,0.459,0.007,0.517,0.258,-0.458,-0.282,0.703,0.533,0.482,0.598,0.411,0.691,0.199,0.282,0.047,0.601,0.191,0.499,0.778,0.709,0.677,0.751,0.776,0.78,0.554,0.148,0.861,0.714,0.833,0.291,0.087,0.83,-0.589,0.535,-0.394
ACGLO,0.65,-0.384,0.864,0.593,0.0,0.81,0.241,0.575,0.017,0.802,0.787,0.717,-0.448,0.806,0.841,0.583,0.807,-0.432,0.775,0.713,0.684,0.801,0.803,-0.141,0.61,0.622,0.816,0.882,0.156,0.798,0.825,0.818,0.862,0.873,0.838,-0.011,0.179,0.872,0.603,0.697,-0.064,0.853,0.813,0.773,0.119,0.858,0.813,0.455,0.82,0.805,0.768,0.832,-0.458,0.804,0.901,0.663,-0.426,0.583,0.678,0.837,0.61,0.738,0.739,0.326,0.664,0.156,0.837,0.377,0.101,0.252,0.699,-0.029,0.835,0.758,0.829,0.668,0.381,0.75,-0.029,0.605,0.275,0.746,0.617,0.674,0.678,0.861,0.872,0.9,0.764,0.655,0.275,0.881,0.793,0.8,0.897,0.762,0.826,0.864,0.652,0.791,0.836,0.77,0.645,0.743,0.612,-0.04,0.642,0.014,0.823,0.222,0.82,0.627,0.836,0.865,0.783,0.642,0.82,-0.391,0.171,0.737,0.621,-0.236,0.893,0.827,0.849,-0.504,0.705,-0.665,0.401,0.871,-0.095,0.176,0.87,0.854,0.75,0.881,0.123,0.034,0.788,0.637,0.173,0.62,-0.218,0.491,0.641,0.82,0.82,0.816,0.874,0.627,-0.736,0.861,0.75,0.901,0.622,-0.281,0.731,0.853,0.903,0.737,0.799,0.876,0.452,0.786,0.777,0.074,-0.146,0.777,0.613,-0.652,0.121,0.921,0.806,0.351,0.703,0.797,0.711,-0.087,0.535,0.362,0.847,0.71,0.452,0.806,0.713,0.671,0.839,0.872,0.754,0.838,-0.339,0.794,0.862,0.699,0.772,-0.145,0.777,0.115,0.864,0.188
ACIW,0.487,-0.249,0.691,0.557,0.81,0.0,0.235,0.407,-0.128,0.658,0.636,0.492,-0.267,0.642,0.678,0.456,0.661,-0.236,0.602,0.499,0.47,0.649,0.695,0.05,0.436,0.469,0.693,0.713,0.272,0.727,0.564,0.682,0.722,0.747,0.792,0.244,0.218,0.728,0.601,0.564,-0.175,0.737,0.698,0.622,-0.007,0.694,0.625,0.297,0.67,0.723,0.59,0.701,-0.406,0.671,0.746,0.72,-0.254,0.368,0.622,0.636,0.33,0.606,0.693,0.158,0.419,0.228,0.687,0.384,0.138,0.167,0.446,-0.13,0.732,0.68,0.598,0.652,0.402,0.474,-0.073,0.541,0.153,0.518,0.504,0.545,0.475,0.724,0.722,0.787,0.67,0.471,0.305,0.743,0.65,0.643,0.786,0.607,0.705,0.695,0.493,0.649,0.685,0.527,0.679,0.515,0.496,-0.138,0.404,0.116,0.709,0.14,0.623,0.607,0.696,0.714,0.641,0.581,0.678,-0.248,0.017,0.634,0.491,-0.076,0.836,0.666,0.75,-0.373,0.559,-0.578,0.458,0.732,0.006,0.256,0.705,0.675,0.571,0.76,-0.093,0.004,0.635,0.504,0.175,0.458,0.05,0.279,0.73,0.661,0.734,0.696,0.75,0.544,-0.763,0.747,0.66,0.743,0.325,-0.303,0.551,0.717,0.802,0.597,0.615,0.76,0.463,0.631,0.675,-0.001,0.042,0.714,0.438,-0.579,-0.101,0.78,0.624,0.417,0.47,0.633,0.677,-0.001,0.739,0.243,0.704,0.567,0.4,0.649,0.486,0.583,0.71,0.751,0.71,0.721,-0.268,0.722,0.716,0.577,0.463,-0.244,0.606,0.038,0.722,0.042
ADBE,0.047,-0.128,0.195,-0.121,0.241,0.235,0.0,0.725,0.49,0.213,-0.016,0.49,-0.215,-0.024,0.032,0.19,0.012,-0.198,0.629,0.181,0.428,-0.111,0.151,-0.069,0.565,0.217,0.24,0.157,0.602,0.145,0.143,-0.081,0.003,0.009,0.155,-0.07,0.251,-0.018,-0.098,0.352,0.454,0.044,0.106,0.481,-0.079,0.12,0.001,0.136,0.329,-0.136,0.04,-0.015,0.053,0.202,0.374,0.367,0.18,0.497,0.274,-0.052,0.233,0.041,-0.02,0.712,0.112,0.377,0.398,0.279,0.052,0.504,0.268,0.399,-0.079,0.046,0.41,-0.074,0.029,0.071,0.422,-0.103,0.148,0.081,-0.112,-0.2,-0.201,0.095,0.077,0.143,0.274,0.352,0.379,0.108,-0.021,0.07,0.024,-0.043,0.375,0.067,0.144,0.1,0.048,0.465,0.099,0.105,0.158,0.733,0.374,-0.303,0.074,0.668,0.1,0.279,0.217,0.266,0.225,-0.333,0.134,0.545,0.665,-0.026,0.251,0.58,0.229,0.023,-0.064,-0.096,0.542,0.135,0.653,0.199,0.699,0.087,0.063,0.125,-0.026,0.05,0.534,0.207,-0.079,0.188,-0.493,-0.018,-0.329,0.322,-0.071,0.223,-0.08,-0.107,0.157,-0.274,0.035,0.03,-0.279,0.094,0.483,0.532,0.145,-0.028,0.228,-0.151,0.155,0.05,-0.061,0.156,-0.116,0.03,0.076,0.29,0.385,0.334,0.675,0.195,0.023,0.298,0.493,0.266,0.204,0.573,0.601,0.638,-0.002,0.448,-0.156,-0.062,-0.049,0.001,0.006,-0.062,0.02,0.193,0.339,-0.018,0.039,-0.051,0.281,0.39,0.014,0.506,0.172,0.099
ADSK,0.456,-0.513,0.709,0.202,0.575,0.407,0.725,0.0,0.305,0.656,0.572,0.792,-0.707,0.516,0.588,0.346,0.589,-0.61,0.798,0.645,0.829,0.484,0.595,-0.437,0.95,0.685,0.686,0.638,0.521,0.647,0.66,0.48,0.558,0.548,0.575,-0.324,0.043,0.511,0.205,0.732,0.27,0.51,0.576,0.839,0.001,0.665,0.594,0.331,0.741,0.385,0.587,0.487,-0.214,0.678,0.609,0.394,-0.408,0.611,0.583,0.492,0.534,0.307,0.457,0.779,0.587,0.233,0.77,0.246,0.075,0.344,0.661,0.094,0.447,0.415,0.783,0.371,0.165,0.646,0.385,0.235,0.36,0.634,0.326,0.241,0.482,0.632,0.521,0.579,0.595,0.759,0.505,0.614,0.492,0.659,0.53,0.535,0.751,0.55,0.58,0.569,0.547,0.736,0.226,0.72,0.446,0.362,0.845,-0.358,0.395,0.599,0.622,0.351,0.736,0.636,0.718,0.175,0.666,-0.046,0.676,0.432,0.658,-0.003,0.563,0.556,0.472,-0.571,0.819,-0.343,0.289,0.653,0.489,0.032,0.546,0.63,0.54,0.552,0.372,0.25,0.512,0.46,-0.409,0.562,-0.497,0.573,0.284,0.746,0.437,0.255,0.634,0.191,-0.42,0.559,0.148,0.608,0.721,0.07,0.588,0.531,0.636,0.363,0.671,0.58,0.157,0.592,0.476,-0.03,-0.363,0.527,0.784,-0.212,0.461,0.563,0.579,0.093,0.748,0.768,0.253,0.147,0.405,0.539,0.538,0.765,0.161,0.488,0.362,0.284,0.527,0.428,0.502,0.692,-0.062,0.4,0.583,0.39,0.653,0.101,0.515,0.41,0.694,0.258
AEP,-0.464,-0.476,-0.013,-0.59,0.017,-0.128,0.49,0.305,0.0,0.249,-0.018,0.194,-0.251,0.104,-0.124,-0.426,-0.044,-0.266,0.305,0.344,0.389,-0.263,-0.03,-0.343,0.231,0.301,0.114,0.036,0.456,0.011,0.094,-0.321,-0.101,-0.151,-0.181,-0.327,0.166,-0.148,-0.485,0.299,0.68,0.007,0.116,0.142,-0.506,-0.106,-0.167,-0.429,0.208,-0.288,-0.13,-0.311,0.638,0.079,0.001,-0.17,0.056,0.277,-0.23,-0.02,-0.08,-0.178,-0.232,0.531,-0.206,0.017,0.128,-0.38,0.494,-0.029,-0.09,0.663,-0.307,-0.34,0.234,-0.384,-0.509,-0.062,0.723,-0.516,-0.462,-0.035,-0.415,-0.209,-0.155,-0.099,0.101,-0.148,-0.22,0.454,-0.334,-0.111,-0.235,-0.064,-0.122,-0.274,0.115,-0.093,-0.188,-0.238,-0.297,0.417,-0.13,0.043,0.372,0.304,0.074,-0.659,-0.282,0.859,-0.182,-0.361,0.017,-0.153,0.091,-0.284,0.035,0.52,0.727,-0.368,0.446,0.619,0.121,-0.274,-0.198,-0.147,0.393,0.254,0.238,-0.089,0.191,-0.212,-0.183,-0.222,0.049,-0.184,0.352,-0.161,-0.215,-0.014,-0.081,-0.023,-0.393,-0.248,-0.363,0.156,-0.357,-0.253,-0.177,-0.446,0.106,-0.208,-0.367,-0.099,0.41,0.246,-0.277,-0.082,-0.143,-0.446,-0.027,-0.115,-0.622,-0.198,-0.245,-0.428,0.091,0.077,0.15,0.17,0.689,-0.103,0.04,-0.033,0.046,0.105,-0.187,0.067,0.155,0.502,-0.069,0.201,-0.209,-0.304,-0.224,-0.402,-0.252,-0.28,-0.377,-0.043,-0.182,-0.381,-0.162,-0.454,0.224,0.058,-0.303,0.915,0.052,0.675
AGIO,0.367,-0.726,0.859,0.256,0.802,0.658,0.213,0.656,0.249,0.0,0.917,0.777,-0.763,0.883,0.834,0.172,0.897,-0.685,0.704,0.916,0.905,0.779,0.798,-0.468,0.752,0.868,0.932,0.922,0.361,0.853,0.866,0.728,0.881,0.821,0.819,-0.144,0.116,0.824,0.393,0.902,0.074,0.903,0.925,0.803,-0.315,0.837,0.798,0.084,0.938,0.735,0.703,0.691,-0.226,0.938,0.718,0.369,-0.641,0.406,0.475,0.908,0.483,0.529,0.726,0.546,0.517,0.101,0.807,0.07,0.493,-0.038,0.53,0.126,0.74,0.525,0.799,0.599,0.193,0.719,0.334,0.32,0.14,0.831,0.471,0.644,0.775,0.856,0.91,0.786,0.601,0.861,0.148,0.864,0.733,0.897,0.853,0.701,0.878,0.837,0.636,0.644,0.691,0.828,0.503,0.836,0.849,-0.265,0.729,-0.39,0.572,0.5,0.693,0.288,0.89,0.702,0.917,0.544,0.884,-0.345,0.49,0.531,0.88,-0.184,0.844,0.694,0.832,-0.768,0.83,-0.691,0.113,0.793,0.024,0.129,0.775,0.771,0.911,0.796,-0.051,0.1,0.785,0.474,0.04,0.798,-0.443,0.226,0.667,0.939,0.706,0.62,0.789,0.396,-0.807,0.819,0.602,0.829,0.573,-0.404,0.543,0.858,0.75,0.554,0.896,0.886,0.205,0.673,0.833,-0.304,-0.388,0.763,0.777,-0.745,0.1,0.788,0.811,0.078,0.506,0.883,0.429,-0.339,0.417,0.38,0.866,0.843,0.439,0.693,0.527,0.457,0.738,0.733,0.648,0.868,-0.615,0.634,0.816,0.458,0.756,-0.432,0.65,0.453,0.9,0.473
ALEC,0.558,-0.707,0.924,0.42,0.787,0.636,-0.016,0.572,-0.018,0.917,0.0,0.7,-0.787,0.935,0.937,0.287,0.982,-0.72,0.57,0.886,0.813,0.909,0.806,-0.466,0.722,0.858,0.91,0.908,0.137,0.905,0.896,0.872,0.954,0.91,0.829,-0.225,-0.077,0.898,0.488,0.846,-0.124,0.896,0.873,0.774,-0.139,0.917,0.921,0.227,0.875,0.872,0.825,0.81,-0.405,0.91,0.684,0.341,-0.804,0.305,0.524,0.937,0.503,0.564,0.809,0.384,0.615,0.031,0.766,0.029,0.303,-0.1,0.609,-0.17,0.863,0.668,0.754,0.731,0.222,0.842,0.119,0.461,0.207,0.889,0.597,0.7,0.925,0.941,0.908,0.847,0.656,0.805,0.155,0.932,0.803,0.952,0.912,0.825,0.839,0.897,0.703,0.776,0.808,0.717,0.457,0.921,0.697,-0.41,0.784,-0.258,0.655,0.233,0.823,0.299,0.93,0.74,0.926,0.689,0.934,-0.636,0.255,0.72,0.838,-0.51,0.817,0.832,0.911,-0.817,0.736,-0.751,-0.077,0.85,-0.152,0.046,0.828,0.861,0.959,0.888,-0.113,0.012,0.909,0.568,0.05,0.872,-0.383,0.34,0.693,0.949,0.833,0.721,0.872,0.585,-0.831,0.917,0.702,0.896,0.51,-0.578,0.659,0.955,0.8,0.735,0.897,0.938,0.308,0.742,0.933,-0.161,-0.537,0.635,0.768,-0.831,-0.106,0.804,0.91,-0.063,0.514,0.921,0.356,-0.48,0.233,0.133,0.904,0.785,0.537,0.841,0.647,0.554,0.863,0.834,0.782,0.922,-0.663,0.721,0.893,0.652,0.749,-0.438,0.771,0.174,0.936,0.357
ALNY,0.535,-0.468,0.793,0.315,0.717,0.492,0.49,0.792,0.194,0.777,0.7,0.0,-0.642,0.581,0.725,0.467,0.723,-0.636,0.85,0.734,0.828,0.651,0.699,-0.269,0.825,0.662,0.79,0.768,0.43,0.617,0.773,0.623,0.69,0.664,0.73,-0.188,0.111,0.658,0.352,0.811,0.209,0.664,0.693,0.862,0.006,0.755,0.685,0.398,0.881,0.588,0.657,0.625,-0.482,0.839,0.778,0.443,-0.519,0.626,0.547,0.716,0.652,0.558,0.575,0.739,0.616,0.321,0.735,0.314,0.171,0.436,0.679,0.185,0.588,0.473,0.817,0.521,0.365,0.734,0.214,0.358,0.462,0.832,0.496,0.417,0.601,0.749,0.68,0.687,0.675,0.738,0.446,0.761,0.616,0.744,0.656,0.616,0.858,0.754,0.745,0.662,0.684,0.886,0.407,0.734,0.591,0.17,0.828,-0.268,0.632,0.466,0.672,0.427,0.774,0.751,0.797,0.29,0.675,-0.155,0.589,0.517,0.64,-0.114,0.637,0.653,0.623,-0.658,0.865,-0.578,0.244,0.782,0.363,0.181,0.7,0.79,0.714,0.652,0.208,0.379,0.682,0.548,-0.222,0.709,-0.623,0.581,0.452,0.774,0.575,0.508,0.75,0.251,-0.503,0.727,0.414,0.703,0.601,-0.029,0.627,0.674,0.717,0.477,0.84,0.711,0.307,0.711,0.63,-0.128,-0.459,0.684,0.847,-0.38,0.231,0.738,0.631,0.148,0.739,0.784,0.448,0.019,0.432,0.552,0.682,0.867,0.252,0.586,0.578,0.614,0.632,0.568,0.546,0.766,-0.135,0.574,0.683,0.463,0.824,-0.107,0.664,0.327,0.716,0.168
ALTR,-0.26,0.877,-0.714,0.022,-0.448,-0.267,-0.215,-0.707,-0.251,-0.763,-0.787,-0.642,0.0,-0.721,-0.673,0.045,-0.768,0.903,-0.434,-0.821,-0.827,-0.561,-0.515,0.816,-0.814,-0.889,-0.715,-0.615,-0.307,-0.702,-0.659,-0.532,-0.655,-0.604,-0.496,0.543,0.304,-0.542,-0.025,-0.827,-0.111,-0.568,-0.639,-0.662,0.351,-0.686,-0.679,0.061,-0.738,-0.462,-0.579,-0.421,0.133,-0.752,-0.36,0.047,0.843,-0.167,-0.231,-0.633,-0.225,-0.12,-0.481,-0.66,-0.403,0.15,-0.61,0.285,-0.348,0.232,-0.42,0.047,-0.479,-0.335,-0.616,-0.341,0.162,-0.709,-0.477,0.011,-0.065,-0.705,-0.281,-0.322,-0.725,-0.679,-0.635,-0.477,-0.354,-0.867,-0.083,-0.652,-0.458,-0.747,-0.578,-0.499,-0.692,-0.578,-0.497,-0.482,-0.464,-0.674,-0.038,-0.8,-0.532,0.211,-0.805,0.657,-0.208,-0.47,-0.556,0.096,-0.75,-0.4,-0.809,-0.297,-0.777,0.446,-0.606,-0.393,-0.871,0.334,-0.558,-0.51,-0.569,0.894,-0.691,0.414,0.267,-0.581,-0.109,0.297,-0.467,-0.582,-0.769,-0.565,-0.045,0.069,-0.604,-0.309,0.375,-0.762,0.641,-0.197,-0.355,-0.813,-0.437,-0.271,-0.574,-0.134,0.505,-0.582,-0.169,-0.572,-0.519,0.409,-0.393,-0.658,-0.46,-0.371,-0.676,-0.637,0.123,-0.435,-0.608,0.362,0.754,-0.312,-0.813,0.484,-0.143,-0.446,-0.696,0.435,-0.358,-0.829,0.131,0.508,-0.011,-0.086,-0.59,-0.745,-0.196,-0.511,-0.312,-0.19,-0.539,-0.414,-0.47,-0.72,0.604,-0.28,-0.581,-0.331,-0.65,0.344,-0.407,-0.428,-0.716,-0.493
AMBA,0.492,-0.713,0.876,0.366,0.806,0.642,-0.024,0.516,0.104,0.883,0.935,0.581,-0.721,0.0,0.87,0.252,0.929,-0.666,0.532,0.859,0.762,0.833,0.715,-0.503,0.631,0.819,0.823,0.865,0.086,0.873,0.861,0.817,0.911,0.902,0.743,-0.302,-0.086,0.864,0.428,0.778,-0.036,0.857,0.848,0.69,-0.146,0.864,0.867,0.159,0.824,0.804,0.777,0.756,-0.269,0.836,0.639,0.324,-0.724,0.35,0.466,0.898,0.399,0.525,0.746,0.301,0.561,-0.1,0.75,-0.036,0.284,-0.168,0.575,-0.156,0.819,0.652,0.76,0.609,0.096,0.813,0.159,0.401,0.054,0.79,0.595,0.742,0.865,0.883,0.92,0.809,0.575,0.799,-0.026,0.882,0.765,0.887,0.892,0.76,0.777,0.847,0.571,0.716,0.748,0.709,0.433,0.874,0.677,-0.369,0.696,-0.271,0.598,0.263,0.789,0.256,0.866,0.67,0.864,0.704,0.927,-0.619,0.229,0.683,0.828,-0.427,0.874,0.782,0.867,-0.747,0.66,-0.667,-0.022,0.796,-0.318,-0.095,0.784,0.77,0.912,0.856,-0.022,-0.184,0.828,0.527,0.152,0.78,-0.315,0.246,0.59,0.915,0.773,0.718,0.808,0.564,-0.781,0.844,0.674,0.871,0.619,-0.591,0.613,0.923,0.773,0.698,0.788,0.89,0.167,0.657,0.86,-0.149,-0.406,0.594,0.664,-0.807,0.01,0.763,0.907,-0.055,0.488,0.867,0.358,-0.507,0.211,0.134,0.871,0.698,0.49,0.801,0.616,0.464,0.823,0.82,0.714,0.865,-0.727,0.653,0.842,0.612,0.733,-0.375,0.687,0.235,0.919,0.47
AMCX,0.755,-0.54,0.964,0.627,0.841,0.678,0.032,0.588,-0.124,0.834,0.937,0.725,-0.673,0.87,0.0,0.497,0.96,-0.624,0.666,0.785,0.74,0.956,0.867,-0.316,0.71,0.78,0.885,0.919,0.077,0.909,0.878,0.956,0.971,0.953,0.872,-0.21,-0.076,0.949,0.63,0.772,-0.202,0.885,0.834,0.84,0.125,0.969,0.95,0.464,0.854,0.931,0.916,0.917,-0.52,0.863,0.789,0.469,-0.713,0.422,0.705,0.912,0.612,0.637,0.855,0.331,0.771,0.106,0.81,0.214,0.05,0.112,0.727,-0.295,0.941,0.811,0.755,0.806,0.346,0.914,-0.109,0.651,0.336,0.918,0.678,0.703,0.914,0.983,0.87,0.928,0.775,0.732,0.312,0.929,0.87,0.939,0.952,0.911,0.876,0.927,0.758,0.912,0.928,0.697,0.441,0.922,0.535,-0.25,0.782,-0.042,0.82,0.12,0.927,0.486,0.923,0.867,0.894,0.744,0.919,-0.647,0.123,0.869,0.72,-0.575,0.813,0.94,0.936,-0.723,0.713,-0.804,0.046,0.94,-0.144,0.1,0.919,0.948,0.896,0.959,-0.08,0.053,0.956,0.656,0.084,0.79,-0.315,0.567,0.682,0.91,0.927,0.78,0.961,0.728,-0.826,0.968,0.774,0.961,0.5,-0.483,0.828,0.969,0.895,0.841,0.898,0.954,0.488,0.866,0.927,-0.004,-0.479,0.674,0.753,-0.767,-0.11,0.901,0.937,0.056,0.668,0.923,0.497,-0.286,0.303,0.152,0.915,0.72,0.575,0.938,0.773,0.689,0.957,0.912,0.867,0.95,-0.459,0.847,0.947,0.813,0.747,-0.274,0.879,0.009,0.944,0.178
AMKR,0.866,0.28,0.518,0.798,0.583,0.456,0.19,0.346,-0.426,0.172,0.287,0.467,0.045,0.252,0.497,0.0,0.346,0.009,0.532,0.078,0.165,0.533,0.441,0.372,0.302,0.023,0.327,0.439,-0.087,0.321,0.454,0.601,0.434,0.519,0.538,0.127,0.113,0.512,0.63,0.195,-0.159,0.322,0.255,0.479,0.737,0.533,0.495,0.911,0.353,0.548,0.532,0.679,-0.722,0.311,0.682,0.737,-0.056,0.572,0.716,0.36,0.675,0.716,0.486,0.035,0.68,0.314,0.412,0.682,-0.564,0.707,0.729,-0.287,0.579,0.66,0.513,0.543,0.675,0.553,-0.501,0.766,0.639,0.442,0.646,0.372,0.327,0.511,0.336,0.613,0.708,0.07,0.582,0.551,0.557,0.382,0.474,0.585,0.416,0.533,0.564,0.706,0.707,0.32,0.516,0.369,-0.074,0.288,0.462,0.549,0.769,-0.291,0.675,0.803,0.372,0.72,0.311,0.371,0.341,-0.301,-0.229,0.722,-0.061,-0.344,0.402,0.671,0.464,-0.041,0.31,-0.393,0.423,0.613,0.067,0.302,0.611,0.662,0.239,0.554,0.343,0.251,0.509,0.644,0.02,0.272,0.057,0.82,0.334,0.296,0.611,0.633,0.634,0.608,-0.223,0.578,0.543,0.55,0.363,0.101,0.765,0.432,0.701,0.649,0.443,0.452,0.733,0.657,0.429,0.58,0.002,0.38,0.321,-0.131,-0.005,0.622,0.373,0.432,0.736,0.35,0.674,0.332,0.309,0.284,0.437,0.35,0.363,0.603,0.685,0.77,0.59,0.609,0.598,0.463,0.353,0.664,0.527,0.719,0.449,0.307,0.724,-0.473,0.409,-0.415
AMRX,0.625,-0.674,0.953,0.486,0.807,0.661,0.012,0.589,-0.044,0.897,0.982,0.723,-0.768,0.929,0.96,0.346,0.0,-0.723,0.609,0.86,0.785,0.929,0.81,-0.45,0.727,0.846,0.889,0.906,0.135,0.913,0.886,0.913,0.966,0.944,0.851,-0.265,-0.113,0.924,0.548,0.823,-0.159,0.896,0.866,0.814,-0.051,0.95,0.947,0.293,0.89,0.884,0.863,0.853,-0.464,0.91,0.706,0.362,-0.795,0.367,0.588,0.932,0.509,0.554,0.837,0.392,0.667,0.032,0.799,0.088,0.208,-0.036,0.647,-0.228,0.897,0.723,0.765,0.748,0.258,0.886,0.05,0.518,0.236,0.917,0.642,0.716,0.933,0.966,0.896,0.881,0.696,0.798,0.195,0.936,0.825,0.962,0.937,0.861,0.881,0.916,0.717,0.834,0.862,0.726,0.412,0.931,0.636,-0.343,0.795,-0.201,0.711,0.2,0.86,0.356,0.935,0.785,0.943,0.696,0.943,-0.647,0.227,0.779,0.809,-0.532,0.838,0.879,0.921,-0.826,0.731,-0.791,-0.057,0.898,-0.149,0.007,0.868,0.891,0.96,0.923,-0.107,0.014,0.936,0.564,0.043,0.847,-0.39,0.417,0.674,0.95,0.865,0.72,0.912,0.616,-0.844,0.943,0.719,0.926,0.516,-0.579,0.73,0.973,0.833,0.767,0.897,0.956,0.335,0.791,0.928,-0.15,-0.545,0.659,0.79,-0.81,-0.104,0.842,0.937,-0.035,0.572,0.935,0.39,-0.424,0.266,0.118,0.913,0.771,0.504,0.883,0.703,0.594,0.906,0.863,0.819,0.956,-0.598,0.766,0.917,0.713,0.753,-0.387,0.811,0.129,0.954,0.3
ANSS,-0.278,0.838,-0.684,0.039,-0.432,-0.236,-0.198,-0.61,-0.266,-0.685,-0.72,-0.636,0.903,-0.666,-0.624,0.009,-0.723,0.0,-0.375,-0.747,-0.755,-0.492,-0.385,0.746,-0.711,-0.817,-0.639,-0.526,-0.132,-0.588,-0.628,-0.497,-0.587,-0.559,-0.4,0.596,0.36,-0.495,0.042,-0.788,-0.051,-0.477,-0.538,-0.629,0.299,-0.639,-0.645,0.031,-0.669,-0.412,-0.469,-0.373,0.164,-0.665,-0.309,0.086,0.838,-0.153,-0.155,-0.576,-0.187,-0.057,-0.361,-0.747,-0.377,0.193,-0.537,0.308,-0.228,0.189,-0.399,0.102,-0.438,-0.331,-0.607,-0.277,0.189,-0.696,-0.437,0.041,-0.024,-0.67,-0.275,-0.308,-0.644,-0.621,-0.588,-0.46,-0.334,-0.806,0.061,-0.603,-0.425,-0.684,-0.524,-0.432,-0.703,-0.563,-0.418,-0.458,-0.431,-0.687,0.051,-0.735,-0.429,0.114,-0.782,0.635,-0.266,-0.418,-0.529,0.069,-0.667,-0.391,-0.812,-0.13,-0.682,0.45,-0.606,-0.392,-0.813,0.343,-0.509,-0.477,-0.494,0.948,-0.654,0.373,0.201,-0.568,-0.011,0.424,-0.421,-0.539,-0.722,-0.524,-0.178,0.162,-0.527,-0.304,0.408,-0.649,0.745,-0.225,-0.195,-0.735,-0.381,-0.218,-0.529,-0.083,0.374,-0.529,-0.17,-0.521,-0.578,0.319,-0.369,-0.621,-0.387,-0.352,-0.6,-0.568,0.178,-0.376,-0.497,0.272,0.829,-0.219,-0.845,0.441,-0.227,-0.427,-0.654,0.472,-0.368,-0.765,0.165,0.475,0.018,-0.003,-0.523,-0.757,-0.157,-0.477,-0.402,-0.238,-0.505,-0.377,-0.444,-0.683,0.561,-0.239,-0.51,-0.323,-0.695,0.196,-0.378,-0.381,-0.653,-0.448
APPN,0.536,-0.334,0.742,0.425,0.775,0.602,0.629,0.798,0.305,0.704,0.57,0.85,-0.434,0.532,0.666,0.532,0.609,-0.375,0.0,0.637,0.758,0.605,0.764,-0.082,0.759,0.578,0.74,0.774,0.542,0.669,0.71,0.585,0.657,0.646,0.736,-0.084,0.309,0.665,0.456,0.678,0.26,0.679,0.689,0.877,0.134,0.711,0.611,0.472,0.815,0.567,0.675,0.651,-0.296,0.715,0.856,0.661,-0.204,0.787,0.738,0.633,0.693,0.604,0.598,0.596,0.666,0.456,0.811,0.437,0.071,0.559,0.684,0.246,0.587,0.531,0.801,0.522,0.405,0.626,0.118,0.482,0.351,0.702,0.401,0.37,0.47,0.703,0.636,0.73,0.747,0.683,0.546,0.674,0.628,0.658,0.671,0.616,0.794,0.678,0.654,0.68,0.683,0.815,0.468,0.664,0.545,0.339,0.666,-0.082,0.681,0.526,0.692,0.561,0.709,0.808,0.681,0.37,0.63,0.049,0.478,0.537,0.575,0.08,0.682,0.659,0.596,-0.402,0.856,-0.543,0.54,0.773,0.366,0.325,0.727,0.723,0.561,0.665,0.255,0.34,0.617,0.593,-0.022,0.521,-0.307,0.631,0.398,0.731,0.587,0.518,0.748,0.374,-0.555,0.676,0.434,0.734,0.618,0.088,0.682,0.628,0.795,0.431,0.741,0.679,0.387,0.759,0.539,-0.035,-0.072,0.778,0.661,-0.311,0.379,0.776,0.63,0.461,0.829,0.728,0.642,0.319,0.65,0.72,0.665,0.694,0.307,0.582,0.556,0.499,0.631,0.598,0.539,0.72,0.019,0.63,0.689,0.473,0.67,0.083,0.659,0.362,0.726,0.194
APTO,0.3,-0.825,0.807,0.132,0.713,0.499,0.181,0.645,0.344,0.916,0.886,0.734,-0.821,0.859,0.785,0.078,0.86,-0.747,0.637,0.0,0.893,0.707,0.695,-0.589,0.763,0.905,0.869,0.824,0.329,0.81,0.825,0.639,0.812,0.743,0.682,-0.323,0.008,0.737,0.239,0.873,0.131,0.814,0.823,0.746,-0.337,0.777,0.757,0.019,0.862,0.661,0.705,0.594,-0.146,0.876,0.622,0.231,-0.712,0.368,0.345,0.84,0.442,0.454,0.61,0.56,0.467,0.052,0.756,-0.131,0.484,-0.127,0.496,0.16,0.632,0.448,0.748,0.487,0.011,0.721,0.395,0.186,0.045,0.792,0.361,0.508,0.775,0.791,0.853,0.685,0.518,0.906,0.055,0.786,0.624,0.828,0.757,0.608,0.782,0.77,0.595,0.576,0.591,0.822,0.351,0.845,0.792,-0.236,0.73,-0.517,0.45,0.558,0.663,0.111,0.852,0.596,0.848,0.513,0.851,-0.361,0.53,0.476,0.929,-0.209,0.759,0.629,0.726,-0.775,0.813,-0.572,0.012,0.711,-0.017,-0.047,0.662,0.695,0.882,0.716,0.024,0.02,0.724,0.495,0.021,0.805,-0.55,0.211,0.495,0.911,0.591,0.552,0.703,0.326,-0.701,0.732,0.453,0.756,0.601,-0.409,0.459,0.816,0.654,0.482,0.798,0.798,0.03,0.596,0.73,-0.312,-0.468,0.624,0.741,-0.683,0.189,0.684,0.819,-0.078,0.471,0.875,0.237,-0.422,0.252,0.304,0.766,0.778,0.36,0.624,0.454,0.345,0.66,0.625,0.525,0.798,-0.654,0.49,0.727,0.383,0.77,-0.375,0.556,0.503,0.839,0.581
ARCT,0.35,-0.752,0.798,0.137,0.684,0.47,0.428,0.829,0.389,0.905,0.813,0.828,-0.827,0.762,0.74,0.165,0.785,-0.755,0.758,0.893,0.0,0.65,0.714,-0.551,0.882,0.876,0.882,0.826,0.448,0.766,0.835,0.59,0.753,0.686,0.684,-0.297,0.069,0.679,0.193,0.894,0.235,0.747,0.802,0.835,-0.275,0.754,0.712,0.113,0.871,0.58,0.638,0.559,-0.119,0.858,0.647,0.33,-0.595,0.478,0.454,0.783,0.534,0.414,0.566,0.733,0.567,0.136,0.799,0.034,0.403,0.062,0.586,0.186,0.58,0.408,0.829,0.451,0.099,0.698,0.452,0.2,0.201,0.779,0.36,0.435,0.678,0.75,0.781,0.675,0.577,0.895,0.239,0.759,0.645,0.835,0.701,0.608,0.832,0.722,0.614,0.568,0.58,0.873,0.353,0.848,0.77,0.008,0.812,-0.512,0.443,0.644,0.659,0.215,0.844,0.644,0.861,0.351,0.803,-0.201,0.692,0.427,0.879,-0.099,0.704,0.605,0.661,-0.75,0.898,-0.53,0.163,0.712,0.206,0.064,0.66,0.702,0.791,0.665,0.198,0.174,0.654,0.48,-0.157,0.752,-0.587,0.344,0.439,0.894,0.551,0.418,0.694,0.253,-0.624,0.684,0.379,0.73,0.698,-0.14,0.514,0.721,0.679,0.432,0.842,0.749,0.116,0.605,0.672,-0.23,-0.454,0.636,0.825,-0.552,0.359,0.666,0.729,0.001,0.611,0.871,0.279,-0.194,0.335,0.497,0.737,0.863,0.385,0.577,0.415,0.328,0.618,0.57,0.529,0.787,-0.455,0.485,0.707,0.358,0.769,-0.199,0.557,0.548,0.824,0.531
ARWR,0.779,-0.42,0.909,0.724,0.801,0.649,-0.111,0.484,-0.263,0.779,0.909,0.651,-0.561,0.833,0.956,0.533,0.929,-0.492,0.605,0.707,0.65,0.0,0.86,-0.21,0.612,0.669,0.822,0.91,0.035,0.873,0.861,0.972,0.961,0.947,0.898,-0.122,-0.006,0.958,0.743,0.656,-0.277,0.892,0.822,0.775,0.214,0.94,0.946,0.514,0.795,0.956,0.904,0.955,-0.575,0.823,0.75,0.499,-0.641,0.424,0.745,0.917,0.648,0.676,0.893,0.174,0.804,0.141,0.763,0.285,0.014,0.116,0.705,-0.327,0.964,0.793,0.694,0.866,0.492,0.863,-0.235,0.764,0.405,0.908,0.747,0.767,0.93,0.952,0.824,0.92,0.788,0.605,0.372,0.908,0.921,0.931,0.945,0.959,0.789,0.912,0.765,0.896,0.948,0.587,0.487,0.891,0.522,-0.337,0.709,0.121,0.838,-0.028,0.92,0.528,0.865,0.866,0.834,0.801,0.857,-0.684,-0.02,0.858,0.601,-0.648,0.737,0.953,0.938,-0.63,0.613,-0.875,-0.019,0.899,-0.183,0.236,0.946,0.934,0.872,0.944,-0.182,0.167,0.978,0.614,0.192,0.8,-0.16,0.568,0.725,0.856,0.956,0.793,0.941,0.808,-0.85,0.969,0.854,0.954,0.405,-0.532,0.845,0.953,0.886,0.866,0.894,0.946,0.608,0.895,0.958,0.044,-0.395,0.68,0.659,-0.82,-0.231,0.876,0.896,0.157,0.631,0.837,0.559,-0.269,0.247,0.136,0.921,0.624,0.62,0.948,0.787,0.69,0.952,0.936,0.882,0.91,-0.421,0.911,0.956,0.825,0.654,-0.302,0.931,-0.125,0.908,0.106
ASND,0.603,-0.411,0.84,0.617,0.803,0.695,0.151,0.595,-0.03,0.798,0.806,0.699,-0.515,0.715,0.867,0.441,0.81,-0.385,0.764,0.695,0.714,0.86,0.0,-0.167,0.662,0.679,0.86,0.898,0.301,0.862,0.8,0.817,0.867,0.827,0.872,0.022,0.166,0.87,0.675,0.679,-0.1,0.875,0.849,0.815,0.107,0.856,0.812,0.416,0.811,0.828,0.821,0.831,-0.366,0.815,0.804,0.559,-0.44,0.505,0.764,0.835,0.644,0.63,0.792,0.283,0.713,0.273,0.845,0.367,0.155,0.213,0.61,-0.07,0.829,0.674,0.707,0.773,0.422,0.713,-0.067,0.649,0.311,0.817,0.528,0.603,0.766,0.861,0.755,0.85,0.746,0.665,0.481,0.803,0.817,0.846,0.866,0.847,0.781,0.802,0.714,0.772,0.824,0.634,0.532,0.802,0.636,-0.171,0.616,0.031,0.753,0.223,0.795,0.507,0.86,0.836,0.764,0.714,0.79,-0.347,0.165,0.688,0.639,-0.318,0.729,0.822,0.839,-0.499,0.718,-0.778,0.186,0.828,0.049,0.362,0.868,0.839,0.748,0.847,-0.166,0.27,0.846,0.571,0.196,0.693,-0.135,0.509,0.708,0.838,0.841,0.67,0.858,0.698,-0.858,0.862,0.72,0.886,0.39,-0.338,0.722,0.841,0.85,0.677,0.869,0.88,0.556,0.863,0.827,-0.113,-0.19,0.782,0.609,-0.691,-0.094,0.844,0.806,0.331,0.637,0.801,0.59,-0.053,0.474,0.359,0.861,0.618,0.515,0.792,0.608,0.537,0.822,0.817,0.753,0.825,-0.306,0.819,0.891,0.645,0.619,-0.256,0.792,0.106,0.866,0.207
ASTH,0.08,0.811,-0.342,0.318,-0.141,0.05,-0.069,-0.437,-0.343,-0.468,-0.466,-0.269,0.816,-0.503,-0.316,0.372,-0.45,0.746,-0.082,-0.589,-0.551,-0.21,-0.167,0.0,-0.477,-0.646,-0.319,-0.264,-0.089,-0.4,-0.358,-0.189,-0.306,-0.294,-0.108,0.614,0.432,-0.194,0.248,-0.46,-0.096,-0.236,-0.334,-0.265,0.443,-0.327,-0.366,0.396,-0.376,-0.068,-0.237,-0.041,-0.19,-0.407,0.007,0.406,0.662,0.075,0.132,-0.34,0.132,0.299,-0.078,-0.457,-0.119,0.502,-0.363,0.516,-0.309,0.555,-0.076,0.063,-0.141,-0.028,-0.29,0.034,0.514,-0.406,-0.557,0.34,0.243,-0.34,-0.021,-0.15,-0.462,-0.298,-0.346,-0.112,0.062,-0.633,0.234,-0.26,-0.175,-0.44,-0.246,-0.168,-0.324,-0.182,-0.073,-0.075,-0.093,-0.371,0.324,-0.513,-0.344,0.216,-0.466,0.753,0.194,-0.397,-0.214,0.425,-0.429,0.002,-0.474,-0.082,-0.49,0.357,-0.519,-0.02,-0.66,0.215,-0.274,-0.148,-0.206,0.681,-0.295,0.139,0.422,-0.168,0.104,0.591,-0.122,-0.2,-0.476,-0.216,0.003,0.291,-0.229,0.14,0.292,-0.471,0.53,0.13,-0.021,-0.512,-0.076,0.052,-0.171,0.119,0.228,-0.175,0.113,-0.236,-0.421,0.363,-0.047,-0.329,-0.06,-0.107,-0.31,-0.308,0.462,-0.036,-0.248,0.446,0.627,0.009,-0.456,0.323,-0.252,-0.063,-0.421,0.61,-0.055,-0.497,0.432,0.619,0.291,0.18,-0.269,-0.374,0.148,-0.187,0.031,0.227,-0.199,-0.116,-0.139,-0.364,0.636,0.061,-0.224,-0.027,-0.378,0.201,0.008,-0.435,-0.39,-0.591
ATSG,0.482,-0.629,0.791,0.222,0.61,0.436,0.565,0.95,0.231,0.752,0.722,0.825,-0.814,0.631,0.71,0.302,0.727,-0.711,0.759,0.763,0.882,0.612,0.662,-0.477,0.0,0.796,0.79,0.716,0.486,0.749,0.721,0.592,0.688,0.645,0.652,-0.372,-0.042,0.62,0.249,0.825,0.197,0.626,0.666,0.872,-0.069,0.757,0.701,0.288,0.819,0.542,0.702,0.578,-0.298,0.776,0.628,0.339,-0.582,0.499,0.573,0.615,0.534,0.356,0.581,0.747,0.595,0.219,0.786,0.137,0.176,0.226,0.655,0.043,0.555,0.478,0.776,0.475,0.155,0.731,0.345,0.278,0.338,0.747,0.375,0.321,0.635,0.744,0.638,0.644,0.632,0.828,0.451,0.715,0.557,0.762,0.636,0.618,0.807,0.662,0.66,0.648,0.618,0.77,0.251,0.818,0.533,0.164,0.891,-0.395,0.45,0.548,0.688,0.296,0.84,0.665,0.812,0.307,0.767,-0.207,0.62,0.528,0.762,-0.162,0.617,0.642,0.599,-0.697,0.854,-0.468,0.144,0.738,0.388,0.028,0.613,0.709,0.684,0.653,0.233,0.228,0.65,0.516,-0.374,0.691,-0.542,0.535,0.395,0.832,0.541,0.366,0.725,0.263,-0.536,0.677,0.256,0.69,0.648,-0.138,0.614,0.662,0.681,0.455,0.753,0.687,0.172,0.65,0.621,-0.105,-0.506,0.537,0.849,-0.352,0.306,0.631,0.691,-0.019,0.682,0.866,0.228,-0.04,0.348,0.433,0.634,0.815,0.278,0.589,0.442,0.358,0.63,0.509,0.578,0.785,-0.237,0.472,0.675,0.459,0.689,-0.088,0.594,0.378,0.779,0.287
AVTX,0.313,-0.839,0.804,0.13,0.622,0.469,0.217,0.685,0.301,0.868,0.858,0.662,-0.889,0.819,0.78,0.023,0.846,-0.817,0.578,0.905,0.876,0.669,0.679,-0.646,0.796,0.0,0.862,0.765,0.337,0.826,0.743,0.633,0.787,0.71,0.635,-0.397,-0.092,0.703,0.193,0.872,0.038,0.759,0.781,0.763,-0.327,0.783,0.741,0.002,0.804,0.615,0.665,0.569,-0.097,0.83,0.511,0.175,-0.756,0.291,0.378,0.765,0.354,0.311,0.6,0.605,0.476,-0.006,0.744,-0.155,0.416,-0.166,0.473,0.029,0.622,0.484,0.701,0.458,-0.046,0.72,0.412,0.152,0.05,0.753,0.314,0.456,0.757,0.779,0.774,0.652,0.484,0.921,0.097,0.742,0.582,0.823,0.737,0.603,0.799,0.714,0.575,0.583,0.569,0.755,0.238,0.846,0.67,-0.191,0.752,-0.522,0.405,0.513,0.654,0.094,0.836,0.562,0.869,0.442,0.867,-0.382,0.542,0.507,0.939,-0.26,0.72,0.625,0.706,-0.84,0.787,-0.536,-0.046,0.699,0.027,-0.148,0.625,0.662,0.846,0.717,0.03,-0.069,0.691,0.443,-0.12,0.725,-0.544,0.238,0.494,0.892,0.58,0.422,0.69,0.326,-0.69,0.702,0.382,0.724,0.542,-0.405,0.468,0.788,0.621,0.456,0.757,0.765,0.012,0.569,0.701,-0.319,-0.547,0.543,0.797,-0.618,0.175,0.637,0.808,-0.178,0.424,0.89,0.109,-0.406,0.244,0.199,0.721,0.764,0.379,0.628,0.439,0.269,0.661,0.581,0.562,0.808,-0.629,0.448,0.709,0.421,0.698,-0.365,0.528,0.465,0.837,0.527
BCPC,0.507,-0.61,0.895,0.408,0.816,0.693,0.24,0.686,0.114,0.932,0.91,0.79,-0.715,0.823,0.885,0.327,0.889,-0.639,0.74,0.869,0.882,0.822,0.86,-0.319,0.79,0.862,0.0,0.925,0.331,0.872,0.863,0.779,0.903,0.824,0.84,-0.104,0.15,0.861,0.464,0.907,0.014,0.912,0.903,0.858,-0.153,0.882,0.827,0.28,0.904,0.808,0.759,0.773,-0.314,0.917,0.77,0.51,-0.616,0.454,0.596,0.884,0.618,0.65,0.781,0.53,0.617,0.25,0.823,0.188,0.369,0.112,0.632,0.061,0.79,0.63,0.819,0.685,0.306,0.754,0.191,0.446,0.293,0.849,0.516,0.608,0.782,0.891,0.88,0.841,0.711,0.814,0.3,0.902,0.763,0.893,0.869,0.76,0.889,0.881,0.737,0.737,0.759,0.807,0.586,0.853,0.755,-0.178,0.77,-0.246,0.677,0.425,0.769,0.43,0.9,0.792,0.906,0.569,0.881,-0.354,0.414,0.652,0.824,-0.259,0.816,0.777,0.864,-0.715,0.86,-0.684,0.18,0.845,0.086,0.241,0.818,0.837,0.882,0.85,0.016,0.184,0.83,0.653,-0.003,0.78,-0.406,0.401,0.711,0.92,0.776,0.658,0.852,0.522,-0.805,0.876,0.625,0.864,0.53,-0.319,0.633,0.872,0.823,0.616,0.917,0.895,0.374,0.759,0.854,-0.118,-0.374,0.776,0.799,-0.713,0.064,0.857,0.814,0.155,0.577,0.901,0.484,-0.21,0.477,0.4,0.869,0.855,0.576,0.759,0.582,0.557,0.795,0.77,0.717,0.882,-0.481,0.698,0.865,0.568,0.758,-0.369,0.748,0.321,0.909,0.333
BEAM,0.62,-0.507,0.917,0.551,0.882,0.713,0.157,0.638,0.036,0.922,0.908,0.768,-0.615,0.865,0.919,0.439,0.906,-0.526,0.774,0.824,0.826,0.91,0.898,-0.264,0.716,0.765,0.925,0.0,0.242,0.892,0.919,0.867,0.945,0.906,0.925,-0.057,0.19,0.928,0.633,0.797,-0.06,0.942,0.904,0.857,-0.018,0.916,0.88,0.382,0.902,0.869,0.824,0.871,-0.4,0.911,0.839,0.566,-0.549,0.532,0.702,0.942,0.676,0.69,0.844,0.391,0.717,0.233,0.845,0.302,0.233,0.152,0.691,-0.04,0.882,0.706,0.802,0.769,0.45,0.792,0.022,0.619,0.355,0.889,0.641,0.75,0.825,0.93,0.9,0.924,0.783,0.734,0.338,0.916,0.888,0.929,0.933,0.871,0.879,0.907,0.739,0.808,0.866,0.754,0.578,0.873,0.725,-0.205,0.735,-0.079,0.783,0.299,0.856,0.533,0.9,0.881,0.887,0.674,0.889,-0.437,0.26,0.722,0.726,-0.34,0.829,0.861,0.905,-0.633,0.774,-0.796,0.212,0.886,-0.025,0.298,0.929,0.903,0.885,0.91,-0.051,0.208,0.892,0.603,0.139,0.785,-0.276,0.475,0.737,0.922,0.868,0.751,0.91,0.648,-0.853,0.921,0.781,0.945,0.573,-0.364,0.758,0.912,0.893,0.738,0.942,0.942,0.501,0.848,0.913,-0.03,-0.291,0.832,0.729,-0.781,0.019,0.911,0.857,0.269,0.685,0.879,0.646,-0.173,0.444,0.402,0.919,0.768,0.563,0.849,0.691,0.622,0.874,0.891,0.796,0.917,-0.436,0.843,0.919,0.669,0.741,-0.285,0.843,0.198,0.94,0.272
BILI,-0.168,-0.3,0.18,-0.184,0.156,0.272,0.602,0.521,0.456,0.361,0.137,0.43,-0.307,0.086,0.077,-0.087,0.135,-0.132,0.542,0.329,0.448,0.035,0.301,-0.089,0.486,0.337,0.331,0.242,0.0,0.241,0.114,-0.039,0.116,0.049,0.293,0.041,0.278,0.076,-0.09,0.413,0.527,0.219,0.338,0.38,-0.343,0.136,0.036,-0.131,0.43,0.026,0.132,0.004,0.141,0.355,0.233,0.241,0.046,0.369,0.202,0.133,0.071,0.102,0.179,0.457,0.027,0.4,0.305,0.032,0.407,0.282,0.038,0.524,-0.035,-0.14,0.348,-0.007,0.1,0.021,0.497,-0.136,-0.001,0.191,-0.071,-0.154,0.003,0.151,0.147,0.066,0.141,0.445,0.418,0.154,0.018,0.182,0.107,0.02,0.307,0.127,0.199,0.042,0.015,0.42,0.22,0.171,0.441,0.2,0.242,-0.317,-0.025,0.633,0.025,-0.017,0.256,0.13,0.258,-0.035,0.174,0.47,0.625,-0.113,0.379,0.505,0.258,-0.004,0.092,-0.174,0.563,-0.117,0.253,0.182,0.701,0.243,0.075,0.075,0.146,0.043,0.07,0.341,0.074,0.125,-0.18,0.261,-0.155,0.01,0.173,0.299,-0.016,-0.061,0.135,-0.244,-0.216,0.119,-0.175,0.11,0.135,0.127,0.002,0.083,0.217,-0.238,0.25,0.142,-0.092,0.157,0.086,-0.489,0.076,0.342,0.309,0.11,0.225,0.117,0.09,0.195,0.163,0.258,0.089,0.282,0.532,0.644,0.152,0.358,-0.027,-0.086,-0.122,-0.036,-0.013,-0.08,-0.058,0.203,0.077,0.01,0.12,-0.203,0.163,-0.186,0.031,0.58,0.228,0.288
BJRI,0.583,-0.636,0.906,0.516,0.798,0.727,0.145,0.647,0.011,0.853,0.905,0.617,-0.702,0.873,0.909,0.321,0.913,-0.588,0.669,0.81,0.766,0.873,0.862,-0.4,0.749,0.826,0.872,0.892,0.241,0.0,0.816,0.863,0.936,0.907,0.847,-0.196,0.001,0.904,0.589,0.76,-0.151,0.89,0.865,0.839,-0.031,0.919,0.884,0.281,0.834,0.843,0.864,0.838,-0.308,0.831,0.727,0.453,-0.614,0.372,0.7,0.832,0.487,0.497,0.823,0.343,0.661,0.092,0.868,0.125,0.178,-0.034,0.606,-0.206,0.872,0.756,0.704,0.746,0.23,0.789,0.051,0.555,0.149,0.804,0.49,0.619,0.851,0.929,0.837,0.879,0.722,0.789,0.309,0.858,0.801,0.906,0.93,0.852,0.828,0.821,0.645,0.81,0.825,0.639,0.414,0.894,0.603,-0.25,0.706,-0.132,0.677,0.269,0.86,0.393,0.921,0.791,0.873,0.726,0.94,-0.503,0.194,0.76,0.804,-0.409,0.831,0.859,0.889,-0.681,0.723,-0.738,0.1,0.865,-0.061,0.085,0.848,0.833,0.832,0.921,-0.129,0.003,0.871,0.544,0.086,0.751,-0.17,0.421,0.686,0.934,0.854,0.668,0.897,0.673,-0.892,0.886,0.674,0.927,0.486,-0.516,0.737,0.925,0.848,0.72,0.833,0.927,0.368,0.805,0.867,-0.116,-0.349,0.676,0.704,-0.739,-0.013,0.827,0.927,0.111,0.591,0.926,0.436,-0.255,0.404,0.169,0.875,0.679,0.482,0.865,0.609,0.442,0.894,0.844,0.834,0.928,-0.522,0.766,0.909,0.706,0.608,-0.284,0.767,0.163,0.959,0.31
BLUE,0.635,-0.566,0.913,0.463,0.825,0.564,0.143,0.66,0.094,0.866,0.896,0.773,-0.659,0.861,0.878,0.454,0.886,-0.628,0.71,0.825,0.835,0.861,0.8,-0.358,0.721,0.743,0.863,0.919,0.114,0.816,0.0,0.819,0.879,0.86,0.79,-0.214,0.04,0.849,0.507,0.776,0.005,0.822,0.805,0.811,0.039,0.874,0.883,0.396,0.847,0.794,0.783,0.801,-0.384,0.849,0.765,0.457,-0.631,0.538,0.615,0.907,0.668,0.642,0.743,0.457,0.709,0.129,0.789,0.221,0.164,0.138,0.76,-0.094,0.813,0.659,0.846,0.673,0.311,0.849,0.092,0.53,0.323,0.867,0.621,0.692,0.83,0.887,0.852,0.871,0.74,0.745,0.223,0.894,0.817,0.903,0.844,0.834,0.836,0.875,0.703,0.768,0.812,0.775,0.47,0.901,0.665,-0.128,0.797,-0.183,0.702,0.31,0.841,0.435,0.871,0.813,0.867,0.598,0.853,-0.478,0.321,0.692,0.737,-0.386,0.774,0.822,0.816,-0.675,0.771,-0.671,0.137,0.837,-0.089,0.124,0.85,0.866,0.874,0.837,0.134,0.128,0.842,0.637,0.084,0.783,-0.408,0.507,0.548,0.913,0.782,0.697,0.85,0.584,-0.717,0.866,0.692,0.891,0.707,-0.296,0.74,0.873,0.829,0.723,0.905,0.874,0.384,0.761,0.834,0.027,-0.395,0.679,0.748,-0.73,0.12,0.816,0.854,0.111,0.738,0.862,0.495,-0.243,0.277,0.373,0.87,0.784,0.532,0.805,0.682,0.569,0.821,0.829,0.745,0.877,-0.445,0.721,0.858,0.654,0.823,-0.168,0.803,0.209,0.9,0.315
