,AAL,AAON,ACB,ACGL,ACGLO,ACIW,ADBE,ADSK,AEP,AGIO,ALEC,ALNY,ALTR,AMBA,AMCX,AMKR,AMRX,ANSS,APPN,APTO,ARCT,ARWR,ASND,ASTH,ATSG,AVTX,BCPC,BEAM,BILI,BJRI,BLUE,BPOP,BRKL,BWIN,BZUN,CARG,CBRL,CBSH,CBUS,CENTA,CERS,CFFN,CHCO,CHEF,CHRD,CINF,CLLS,CMCO,CMCSA,COLL,COMM,COOP,CPB,CRON,CROX,CRUS,CRWD,CTAS,CYBR,CYTK,DGII,DIOD,DOMO,DPZ,DSGR,DXCM,ERIE,ESTA,EXEL,FAST,FCEL,FCFS,FHB,FITBI,FSV,FTDR,FUTU,GLDD,GLPG,GLPI,GOGO,GOSS,GSAT,GYRE,HALO,HAS,HLIT,HLNE,HSDT,HSIC,HTHT,ICHR,IDYA,IMVT,INDB,INSM,IONS,IOSP,ITRI,JBHT,JBLU,JSM,KLIC,KOD,KURA,LAB,LASR,LIN,LKQ,LNT,MBUU,MCRI,MDGL,MEDP,MGNI,MGPI,MGRC,MKTX,MRNA,MRTN,MSEX,MSFT,MU,NAVI,NBTB,NEO,NEOG,NGNE,NSSC,NTAP,NTES,NTLA,NTRS,NYMTN,OBLG,OCFC,ON,ONC,OPI,OSIS,OSW,PALI,PANW,PCAR,PCRX,PCTY,PEBO,PLAB,PLAY,PLMR,PLSE,PLUS,PRTA,PSEC,PSNL,PTCT,PTON,QNST,QRVO,QTTB,RARE,RBCAA,RGNX,SAIC,SGMO,SINT,SNPS,SPSC,SPTN,SSYS,STNE,TBBK,TCPC,TENB,TGTX,TREE,TRUP,TTWO,TW,TXG,UBSI,UCTT,UFPT,UMBF,UPBD,URBN,VBTX,VCTR,VEON,VNET,VRSK,VSEC,WABC,WTFCM,WVE,WW,WWD,XEL,ZD,ZYME
AAL,0.0,0.074,0.576,0.508,0.927,0.844,0.652,0.895,-0.023,0.597,-0.641,-0.364,0.95,0.849,0.883,0.959,0.535,0.888,0.543,0.859,0.691,-0.318,-0.175,0.869,0.865,-0.374,0.839,0.69,0.553,0.949,0.126,0.757,-0.229,0.956,0.943,0.95,0.947,0.547,0.746,0.819,-0.741,0.258,-0.362,0.829,0.163,0.55,0.92,0.901,0.936,0.86,0.94,0.957,-0.738,-0.45,0.942,0.963,-0.406,-0.474,-0.403,-0.786,-0.108,0.934,-0.008,-0.405,0.905,-0.736,-0.485,0.703,0.577,0.566,0.91,0.412,0.68,0.8,0.976,0.962,-0.337,0.653,0.874,0.38,0.851,0.587,0.696,-0.311,-0.904,0.811,0.934,0.935,0.839,-0.004,0.845,0.87,0.645,0.381,-0.739,-0.241,0.577,0.877,0.974,0.459,0.986,0.711,0.958,0.623,0.856,0.978,0.905,0.199,0.931,-0.101,0.894,0.533,0.63,0.899,-0.605,-0.423,0.755,0.947,0.084,0.339,-0.452,-0.116,0.89,0.948,0.029,0.848,0.956,0.847,0.862,0.93,0.932,0.49,0.93,0.961,0.493,0.443,0.718,0.938,0.985,0.936,0.824,0.002,-0.308,0.497,-0.736,0.154,0.182,0.92,0.945,0.914,0.91,0.947,-0.365,0.904,0.93,0.974,0.812,0.912,0.964,0.903,-0.391,0.783,0.598,-0.86,0.884,-0.335,0.859,0.657,-0.284,0.889,0.645,0.709,0.685,0.11,0.815,0.973,0.679,0.566,0.93,0.935,-0.005,-0.482,0.504,0.701,0.905,0.887,0.232,0.924,0.826,0.694,0.787,0.927,-0.621,0.971,-0.725,0.766,0.943,0.294,0.886,0.749
AAON,0.074,0.0,0.241,0.197,-0.015,-0.313,0.254,0.338,0.065,-0.128,0.015,0.424,-0.002,0.292,-0.201,0.039,-0.139,0.246,0.402,-0.229,0.424,0.111,-0.319,0.442,0.24,0.034,0.501,0.17,-0.452,0.158,-0.111,-0.193,0.323,0.132,-0.075,-0.057,0.179,0.005,0.259,0.491,-0.145,-0.166,0.645,0.107,0.527,-0.141,-0.002,0.037,-0.143,-0.279,0.138,0.064,0.024,0.171,0.083,0.169,0.42,0.645,0.248,0.384,0.796,0.257,0.269,0.367,-0.054,-0.212,0.388,0.151,-0.499,0.394,0.23,0.058,0.162,0.075,0.146,-0.01,0.484,0.269,0.05,0.715,0.057,-0.046,0.229,-0.463,0.036,-0.157,0.166,0.282,-0.072,-0.27,-0.059,-0.046,0.195,-0.375,0.459,0.032,-0.275,0.213,0.109,0.328,-0.012,0.211,0.197,-0.445,0.188,0.042,-0.131,0.863,0.196,0.215,0.013,0.139,0.151,0.249,0.333,0.725,0.23,-0.016,0.463,0.695,0.478,0.763,-0.191,0.107,0.644,0.251,-0.029,-0.125,0.365,-0.112,-0.162,-0.344,0.032,0.081,-0.417,0.284,0.352,-0.074,-0.003,0.237,0.4,-0.315,0.368,0.654,0.142,0.398,0.353,0.157,-0.03,0.081,0.201,0.153,0.634,0.24,0.009,0.1,0.331,-0.037,0.194,-0.062,-0.411,0.465,0.372,0.153,-0.062,-0.043,0.361,0.508,0.189,-0.255,0.526,0.145,-0.104,0.238,0.009,0.07,0.551,-0.427,0.194,0.055,0.374,-0.204,0.425,0.222,-0.015,0.14,0.569,0.152,0.182,-0.369,-0.078,0.167,0.274,0.082,-0.005,-0.222,-0.084,0.168,0.03,0.26
ACB,0.576,0.241,0.0,0.286,0.498,0.234,0.552,0.598,-0.55,0.34,-0.082,0.4,0.507,0.503,0.357,0.449,0.353,0.496,0.839,0.427,0.812,0.027,0.217,0.656,0.449,0.105,0.632,0.838,0.101,0.511,-0.04,0.165,-0.307,0.445,0.54,0.474,0.501,0.032,0.65,0.609,-0.052,-0.309,0.017,0.382,0.337,-0.078,0.343,0.29,0.407,0.287,0.741,0.515,-0.642,0.213,0.443,0.552,0.35,-0.23,0.211,-0.311,0.228,0.639,0.649,0.036,0.464,-0.257,-0.116,0.88,0.047,0.266,0.656,-0.213,0.249,0.554,0.5,0.506,-0.033,0.655,0.302,0.435,0.354,0.175,0.648,-0.677,-0.462,0.211,0.413,0.674,0.537,0.086,0.46,0.662,0.517,0.02,-0.286,0.18,0.588,0.711,0.558,0.272,0.57,0.643,0.573,0.221,0.821,0.479,0.348,0.267,0.452,-0.315,0.395,0.313,0.225,0.458,-0.395,0.068,0.331,0.341,0.421,0.226,0.031,0.356,0.341,0.549,0.101,0.692,0.443,0.392,0.617,0.407,0.487,0.278,0.475,0.541,0.187,0.141,0.659,0.433,0.542,0.676,0.736,0.005,0.407,0.416,-0.029,0.557,-0.077,0.516,0.347,0.713,0.513,0.609,0.073,0.719,0.478,0.613,0.736,0.42,0.622,0.461,-0.063,0.614,0.653,-0.41,0.65,-0.008,0.62,0.642,-0.044,0.385,0.364,0.306,0.245,0.438,0.378,0.545,0.653,0.117,0.422,0.575,-0.199,0.068,0.323,0.163,0.34,0.486,0.122,0.384,0.47,0.083,0.152,0.416,-0.344,0.466,-0.435,0.228,0.444,-0.319,0.354,0.723
ACGL,0.508,0.197,0.286,0.0,0.428,0.426,0.336,0.418,0.041,0.072,-0.387,-0.052,0.402,0.416,0.329,0.442,0.292,0.403,0.326,0.283,0.299,0.16,0.11,0.453,0.431,-0.429,0.475,0.39,0.324,0.427,-0.091,0.329,0.017,0.491,0.46,0.392,0.507,0.438,0.521,0.542,-0.25,0.449,0.046,0.573,0.359,0.319,0.357,0.479,0.512,0.438,0.538,0.428,-0.185,-0.413,0.567,0.456,-0.284,0.034,-0.305,-0.222,0.031,0.406,-0.269,-0.012,0.496,-0.319,-0.079,0.264,0.211,0.177,0.384,0.198,0.385,0.24,0.514,0.4,0.067,0.085,0.463,0.244,0.373,-0.002,0.344,-0.313,-0.322,0.438,0.384,0.46,0.261,0.234,0.451,0.465,0.315,0.255,-0.138,0.003,0.471,0.593,0.458,0.256,0.468,0.363,0.452,0.272,0.418,0.53,0.369,0.231,0.509,0.119,0.421,0.27,0.431,0.523,-0.454,-0.09,0.608,0.511,0.115,0.496,-0.173,-0.101,0.369,0.529,0.401,0.304,0.449,0.418,0.545,0.449,0.522,0.117,0.488,0.457,0.176,0.319,0.28,0.549,0.496,0.527,0.303,-0.209,-0.213,0.524,-0.302,-0.099,0.266,0.336,0.459,0.303,0.319,0.56,-0.102,0.508,0.396,0.367,0.288,0.53,0.447,0.37,-0.042,0.351,0.359,-0.29,0.302,-0.051,0.387,0.472,0.324,0.396,0.338,0.471,0.458,-0.133,0.267,0.388,0.318,0.191,0.527,0.374,0.27,-0.068,0.418,0.48,0.481,0.247,0.47,0.413,0.508,0.476,0.396,0.425,-0.118,0.467,-0.142,0.3,0.53,0.215,0.328,0.586
ACGLO,0.927,-0.015,0.498,0.428,0.0,0.81,0.583,0.84,-0.025,0.66,-0.805,-0.477,0.892,0.856,0.88,0.939,0.675,0.789,0.474,0.784,0.598,-0.566,-0.191,0.752,0.737,-0.283,0.712,0.696,0.505,0.913,0.193,0.716,-0.22,0.925,0.851,0.875,0.889,0.396,0.672,0.715,-0.694,0.145,-0.504,0.901,0.059,0.579,0.896,0.813,0.894,0.862,0.834,0.911,-0.681,-0.32,0.799,0.956,-0.439,-0.577,-0.476,-0.8,-0.115,0.927,-0.1,-0.345,0.807,-0.642,-0.334,0.607,0.639,0.517,0.868,0.452,0.532,0.863,0.886,0.885,-0.257,0.696,0.725,0.207,0.824,0.495,0.634,-0.234,-0.79,0.71,0.932,0.875,0.68,0.102,0.709,0.871,0.391,0.315,-0.816,-0.42,0.64,0.813,0.901,0.511,0.945,0.803,0.929,0.658,0.729,0.93,0.891,0.136,0.83,-0.291,0.9,0.57,0.489,0.771,-0.477,-0.456,0.708,0.921,0.198,0.305,-0.359,-0.221,0.906,0.87,-0.201,0.837,0.916,0.747,0.706,0.916,0.851,0.531,0.864,0.961,0.626,0.389,0.738,0.85,0.916,0.854,0.796,-0.156,-0.216,0.453,-0.706,-0.0,0.112,0.913,0.878,0.883,0.828,0.877,-0.471,0.801,0.84,0.912,0.829,0.821,0.932,0.95,-0.458,0.739,0.464,-0.902,0.819,-0.358,0.829,0.558,-0.137,0.867,0.631,0.6,0.466,0.059,0.678,0.888,0.649,0.502,0.819,0.917,-0.206,-0.376,0.403,0.531,0.883,0.872,-0.01,0.869,0.681,0.63,0.731,0.866,-0.706,0.936,-0.845,0.788,0.85,0.216,0.803,0.64
ACIW,0.844,-0.313,0.234,0.426,0.81,0.0,0.457,0.627,0.189,0.617,-0.59,-0.683,0.865,0.648,0.918,0.869,0.496,0.73,0.111,0.911,0.279,-0.349,-0.074,0.513,0.691,-0.507,0.532,0.36,0.815,0.75,0.222,0.902,-0.179,0.811,0.888,0.913,0.743,0.701,0.523,0.458,-0.718,0.561,-0.589,0.741,-0.176,0.718,0.877,0.9,0.953,0.964,0.72,0.811,-0.523,-0.596,0.84,0.756,-0.683,-0.65,-0.565,-0.874,-0.499,0.685,-0.28,-0.647,0.909,-0.551,-0.712,0.43,0.852,0.393,0.681,0.521,0.67,0.634,0.828,0.884,-0.636,0.341,0.852,-0.049,0.814,0.663,0.505,0.095,-0.821,0.927,0.791,0.635,0.781,0.166,0.794,0.746,0.516,0.65,-0.839,-0.29,0.548,0.614,0.825,0.197,0.867,0.407,0.766,0.848,0.601,0.855,0.93,-0.216,0.794,0.008,0.846,0.459,0.574,0.695,-0.654,-0.782,0.714,0.916,-0.318,0.061,-0.753,-0.548,0.935,0.824,-0.178,0.549,0.878,0.89,0.623,0.935,0.924,0.63,0.866,0.809,0.665,0.39,0.423,0.908,0.88,0.675,0.435,0.237,-0.647,0.154,-0.865,-0.179,0.17,0.78,0.924,0.685,0.751,0.763,-0.666,0.629,0.875,0.783,0.453,0.893,0.742,0.853,-0.134,0.412,0.297,-0.79,0.783,-0.307,0.562,0.344,-0.414,0.956,0.343,0.66,0.775,-0.104,0.81,0.833,0.259,0.842,0.796,0.784,0.008,-0.413,0.416,0.709,0.88,0.696,0.069,0.772,0.652,0.899,0.887,0.815,-0.534,0.851,-0.539,0.893,0.943,0.414,0.835,0.439
ADBE,0.652,0.254,0.552,0.336,0.583,0.457,0.0,0.825,0.009,0.407,-0.303,-0.024,0.726,0.774,0.572,0.67,0.387,0.824,0.527,0.523,0.641,-0.243,-0.193,0.685,0.592,-0.234,0.733,0.531,0.29,0.664,0.052,0.495,-0.029,0.618,0.636,0.66,0.633,0.355,0.564,0.643,-0.481,0.113,-0.139,0.607,0.294,0.289,0.593,0.563,0.577,0.401,0.69,0.618,-0.549,-0.151,0.604,0.685,0.077,-0.072,0.054,-0.442,0.223,0.756,0.299,-0.049,0.567,-0.4,-0.189,0.536,0.334,0.623,0.678,0.3,0.499,0.497,0.697,0.627,-0.208,0.552,0.585,0.499,0.575,0.332,0.501,-0.26,-0.537,0.462,0.668,0.715,0.515,0.092,0.591,0.629,0.45,0.191,-0.402,-0.036,0.25,0.645,0.694,0.454,0.647,0.528,0.671,0.351,0.605,0.61,0.6,0.358,0.656,-0.012,0.594,0.436,0.531,0.641,-0.211,-0.12,0.467,0.592,0.312,0.414,-0.132,0.238,0.542,0.725,0.118,0.679,0.628,0.491,0.698,0.639,0.594,0.2,0.614,0.626,0.164,0.422,0.771,0.597,0.649,0.711,0.671,0.029,0.038,0.453,-0.291,0.462,0.239,0.706,0.585,0.701,0.646,0.696,-0.09,0.689,0.602,0.675,0.632,0.65,0.729,0.589,-0.3,0.64,0.51,-0.543,0.572,0.033,0.798,0.703,-0.187,0.554,0.487,0.587,0.447,0.498,0.614,0.685,0.686,0.338,0.664,0.689,0.083,-0.228,0.609,0.527,0.556,0.609,0.398,0.673,0.546,0.4,0.545,0.712,-0.243,0.638,-0.494,0.52,0.603,0.202,0.669,0.541
ADSK,0.895,0.338,0.598,0.418,0.84,0.627,0.825,0.0,0.033,0.545,-0.555,-0.183,0.884,0.927,0.755,0.88,0.508,0.94,0.629,0.681,0.774,-0.34,-0.272,0.923,0.829,-0.259,0.912,0.695,0.323,0.919,0.126,0.632,-0.054,0.897,0.815,0.838,0.899,0.441,0.699,0.884,-0.691,0.117,-0.19,0.795,0.322,0.449,0.83,0.793,0.767,0.629,0.855,0.893,-0.671,-0.256,0.829,0.937,-0.143,-0.188,-0.187,-0.607,0.212,0.961,0.161,-0.145,0.755,-0.686,-0.249,0.674,0.394,0.743,0.906,0.424,0.632,0.757,0.919,0.85,-0.152,0.734,0.76,0.612,0.794,0.51,0.67,-0.366,-0.792,0.642,0.914,0.942,0.697,-0.028,0.737,0.756,0.58,0.156,-0.545,-0.186,0.389,0.827,0.908,0.602,0.873,0.747,0.924,0.422,0.78,0.867,0.787,0.477,0.885,-0.045,0.824,0.566,0.623,0.875,-0.302,-0.142,0.662,0.83,0.318,0.551,-0.182,0.203,0.748,0.895,0.142,0.874,0.849,0.655,0.85,0.811,0.756,0.334,0.826,0.873,0.299,0.501,0.859,0.782,0.866,0.904,0.896,-0.093,-0.07,0.64,-0.564,0.386,0.283,0.913,0.814,0.886,0.88,0.886,-0.106,0.881,0.823,0.913,0.869,0.793,0.957,0.809,-0.511,0.887,0.665,-0.74,0.779,-0.25,0.962,0.769,-0.192,0.719,0.771,0.705,0.519,0.323,0.746,0.903,0.857,0.37,0.874,0.89,0.086,-0.466,0.597,0.658,0.809,0.887,0.359,0.912,0.724,0.482,0.706,0.912,-0.467,0.887,-0.703,0.652,0.779,0.317,0.844,0.712
AEP,-0.023,0.065,-0.55,0.041,-0.025,0.189,0.009,0.033,0.0,0.235,-0.144,-0.552,-0.022,0.091,0.213,0.156,0.158,0.135,-0.652,0.062,-0.361,-0.223,-0.448,-0.146,0.017,-0.298,0.037,-0.455,0.281,0.033,0.517,0.439,0.519,0.113,0.029,0.101,-0.056,0.57,-0.21,-0.156,-0.374,0.689,0.177,0.182,-0.316,0.675,0.244,0.319,0.133,0.177,-0.266,0.091,0.557,-0.188,0.058,-0.022,-0.472,0.313,-0.437,-0.131,0.091,-0.047,-0.48,-0.296,0.143,-0.042,-0.029,-0.458,0.323,0.462,-0.111,0.689,0.492,0.046,0.069,0.001,-0.169,-0.304,0.157,-0.013,0.285,0.424,-0.068,0.684,-0.046,0.329,0.162,-0.132,-0.113,0.211,-0.021,-0.201,-0.149,0.29,0.025,-0.399,-0.434,-0.315,0.044,-0.193,-0.079,-0.236,0.055,0.265,-0.395,0.002,0.207,0.069,0.267,0.754,0.287,0.4,0.06,-0.034,0.325,-0.108,0.145,0.156,-0.375,0.295,-0.135,-0.25,0.207,0.111,0.227,-0.282,-0.046,0.062,-0.115,0.124,-0.041,0.235,0.192,-0.069,0.135,0.636,-0.118,0.004,0.004,-0.237,-0.256,0.031,-0.597,0.234,-0.314,-0.409,0.704,0.102,0.191,-0.157,0.162,-0.143,-0.159,-0.23,0.174,-0.086,-0.202,0.103,-0.051,0.124,-0.131,-0.033,-0.127,0.176,-0.073,-0.227,-0.055,-0.293,-0.053,0.145,0.094,0.478,0.193,-0.418,0.163,-0.014,-0.134,0.295,0.066,-0.133,0.638,-0.155,0.232,0.481,0.289,0.113,0.383,0.217,-0.093,0.174,0.47,0.205,0.417,0.084,0.167,0.374,0.094,0.922,0.294,-0.47
AGIO,0.597,-0.128,0.34,0.072,0.66,0.617,0.407,0.545,0.235,0.0,-0.422,-0.448,0.587,0.621,0.778,0.682,0.742,0.516,0.033,0.701,0.454,-0.491,-0.067,0.395,0.302,-0.227,0.395,0.488,0.601,0.566,0.754,0.714,0.015,0.636,0.676,0.669,0.439,0.508,0.287,0.255,-0.375,0.26,-0.3,0.635,-0.416,0.727,0.729,0.631,0.68,0.7,0.457,0.662,-0.213,0.093,0.449,0.59,-0.399,-0.43,-0.504,-0.667,-0.084,0.597,0.12,-0.51,0.652,-0.184,-0.279,0.485,0.737,0.558,0.491,0.607,0.641,0.85,0.55,0.606,-0.433,0.44,0.425,0.007,0.688,0.724,0.718,0.199,-0.576,0.616,0.652,0.522,0.528,0.195,0.548,0.562,0.223,0.465,-0.651,-0.241,0.5,0.287,0.69,-0.059,0.592,0.571,0.677,0.792,0.418,0.536,0.743,-0.134,0.644,-0.013,0.804,0.813,0.327,0.354,-0.106,-0.483,0.451,0.597,0.035,0.053,-0.324,-0.304,0.746,0.643,-0.191,0.433,0.513,0.527,0.296,0.688,0.554,0.845,0.687,0.568,0.613,0.636,0.491,0.539,0.6,0.392,0.476,0.13,-0.318,0.334,-0.447,-0.188,0.385,0.696,0.635,0.623,0.7,0.436,-0.414,0.353,0.711,0.631,0.556,0.602,0.588,0.792,-0.014,0.5,0.56,-0.497,0.795,-0.265,0.476,0.084,-0.254,0.734,0.316,0.613,0.291,-0.095,0.606,0.58,0.412,0.609,0.399,0.612,0.031,-0.024,0.326,0.487,0.736,0.702,-0.074,0.603,0.27,0.407,0.669,0.661,-0.283,0.606,-0.49,0.786,0.583,0.359,0.718,0.203
ALEC,-0.641,0.015,-0.082,-0.387,-0.805,-0.59,-0.303,-0.555,-0.144,-0.422,0.0,0.626,-0.591,-0.651,-0.635,-0.716,-0.613,-0.485,-0.174,-0.455,-0.232,0.68,0.386,-0.472,-0.469,0.303,-0.414,-0.397,-0.312,-0.686,-0.132,-0.502,0.112,-0.708,-0.514,-0.56,-0.667,-0.201,-0.432,-0.466,0.636,-0.152,0.508,-0.793,-0.027,-0.538,-0.688,-0.576,-0.642,-0.665,-0.482,-0.616,0.381,0.339,-0.526,-0.727,0.563,0.435,0.611,0.555,0.059,-0.658,0.47,0.22,-0.493,0.535,0.045,-0.142,-0.506,-0.327,-0.568,-0.463,-0.259,-0.606,-0.615,-0.563,0.038,-0.421,-0.492,0.0,-0.564,-0.199,-0.262,0.056,0.449,-0.473,-0.742,-0.59,-0.259,-0.045,-0.387,-0.574,0.021,-0.167,0.66,0.667,-0.399,-0.522,-0.59,-0.487,-0.658,-0.622,-0.661,-0.449,-0.311,-0.705,-0.666,-0.1,-0.558,0.327,-0.679,-0.383,-0.345,-0.524,0.268,0.344,-0.534,-0.733,-0.252,-0.332,0.215,0.336,-0.673,-0.552,0.27,-0.554,-0.672,-0.469,-0.413,-0.665,-0.557,-0.293,-0.586,-0.721,-0.509,-0.256,-0.466,-0.598,-0.621,-0.558,-0.527,0.38,0.249,-0.373,0.62,0.333,-0.08,-0.637,-0.651,-0.544,-0.512,-0.596,0.504,-0.471,-0.517,-0.595,-0.559,-0.561,-0.652,-0.725,0.589,-0.491,-0.103,0.754,-0.415,0.307,-0.564,-0.289,-0.079,-0.61,-0.519,-0.358,-0.18,0.167,-0.343,-0.581,-0.406,-0.278,-0.582,-0.632,0.247,0.38,-0.233,-0.305,-0.686,-0.6,0.134,-0.659,-0.465,-0.512,-0.528,-0.621,0.61,-0.71,0.71,-0.603,-0.566,-0.242,-0.509,-0.39
ALNY,-0.364,0.424,0.4,-0.052,-0.477,-0.683,-0.024,-0.183,-0.552,-0.448,0.626,0.0,-0.404,-0.299,-0.64,-0.521,-0.375,-0.288,0.474,-0.523,0.28,0.606,0.372,0.01,-0.27,0.37,-0.045,0.19,-0.613,-0.373,-0.345,-0.69,-0.017,-0.436,-0.398,-0.482,-0.315,-0.477,-0.07,0.042,0.637,-0.552,0.586,-0.496,0.473,-0.749,-0.597,-0.569,-0.564,-0.678,-0.108,-0.414,0.013,0.486,-0.362,-0.35,0.814,0.494,0.725,0.62,0.491,-0.255,0.672,0.568,-0.461,0.291,0.407,0.22,-0.746,-0.247,-0.223,-0.659,-0.375,-0.346,-0.373,-0.432,0.48,-0.018,-0.447,0.385,-0.519,-0.493,-0.042,-0.565,0.395,-0.615,-0.489,-0.144,-0.253,-0.144,-0.29,-0.259,0.072,-0.488,0.648,0.632,-0.086,-0.041,-0.364,-0.012,-0.397,-0.05,-0.345,-0.645,0.055,-0.428,-0.628,0.36,-0.404,-0.087,-0.562,-0.336,-0.189,-0.221,0.197,0.706,-0.4,-0.576,0.453,0.032,0.575,0.727,-0.658,-0.366,0.386,-0.1,-0.461,-0.478,-0.068,-0.572,-0.435,-0.458,-0.468,-0.401,-0.583,-0.309,-0.038,-0.441,-0.41,-0.128,0.023,-0.075,0.733,0.062,0.734,0.605,-0.203,-0.422,-0.572,-0.213,-0.375,-0.246,0.74,-0.065,-0.461,-0.31,-0.041,-0.45,-0.287,-0.545,0.228,-0.035,0.248,0.476,-0.274,0.35,-0.135,0.178,0.292,-0.603,-0.085,-0.367,-0.349,0.416,-0.41,-0.369,0.147,-0.636,-0.355,-0.327,0.021,0.345,-0.111,-0.397,-0.583,-0.383,0.194,-0.458,-0.2,-0.636,-0.665,-0.448,0.318,-0.471,0.363,-0.708,-0.496,-0.559,-0.493,0.182
ALTR,0.95,-0.002,0.507,0.402,0.892,0.865,0.726,0.884,-0.022,0.587,-0.591,-0.404,0.0,0.856,0.885,0.942,0.487,0.925,0.493,0.883,0.619,-0.33,-0.137,0.804,0.839,-0.411,0.788,0.595,0.602,0.904,0.061,0.781,-0.252,0.9,0.925,0.964,0.909,0.55,0.68,0.742,-0.744,0.282,-0.497,0.778,0.114,0.523,0.91,0.891,0.923,0.83,0.905,0.899,-0.78,-0.487,0.92,0.922,-0.366,-0.515,-0.306,-0.779,-0.196,0.907,0.041,-0.439,0.886,-0.65,-0.59,0.654,0.658,0.554,0.889,0.409,0.646,0.717,0.957,0.965,-0.484,0.61,0.908,0.286,0.834,0.597,0.624,-0.229,-0.879,0.834,0.916,0.872,0.863,-0.024,0.842,0.84,0.655,0.423,-0.787,-0.189,0.512,0.821,0.952,0.456,0.96,0.625,0.899,0.651,0.815,0.945,0.928,0.115,0.872,-0.139,0.848,0.427,0.716,0.885,-0.578,-0.518,0.739,0.941,0.043,0.251,-0.546,-0.15,0.886,0.917,-0.086,0.827,0.971,0.872,0.843,0.951,0.939,0.458,0.9,0.927,0.449,0.367,0.719,0.938,0.954,0.904,0.753,0.146,-0.328,0.333,-0.747,0.2,0.107,0.924,0.931,0.875,0.873,0.937,-0.424,0.845,0.9,0.947,0.719,0.932,0.935,0.873,-0.333,0.694,0.523,-0.886,0.866,-0.205,0.849,0.676,-0.411,0.903,0.572,0.676,0.72,0.267,0.873,0.976,0.61,0.648,0.931,0.959,-0.045,-0.514,0.551,0.694,0.863,0.837,0.181,0.893,0.793,0.763,0.822,0.935,-0.622,0.947,-0.69,0.793,0.939,0.269,0.897,0.701
AMBA,0.849,0.292,0.503,0.416,0.856,0.648,0.774,0.927,0.091,0.621,-0.651,-0.299,0.856,0.0,0.777,0.877,0.559,0.898,0.503,0.691,0.66,-0.436,-0.257,0.808,0.721,-0.319,0.833,0.63,0.369,0.878,0.172,0.681,0.035,0.856,0.757,0.814,0.854,0.47,0.693,0.787,-0.698,0.177,-0.273,0.853,0.197,0.533,0.838,0.791,0.765,0.66,0.79,0.83,-0.581,-0.259,0.765,0.909,-0.197,-0.254,-0.236,-0.589,0.187,0.932,0.091,-0.192,0.743,-0.562,-0.241,0.592,0.507,0.683,0.877,0.467,0.611,0.752,0.866,0.818,-0.23,0.68,0.744,0.437,0.799,0.521,0.648,-0.227,-0.691,0.66,0.912,0.855,0.63,0.024,0.611,0.751,0.47,0.208,-0.588,-0.288,0.409,0.731,0.876,0.519,0.844,0.728,0.879,0.505,0.688,0.829,0.823,0.366,0.828,-0.128,0.834,0.599,0.634,0.817,-0.216,-0.203,0.708,0.836,0.323,0.517,-0.25,0.086,0.766,0.849,0.049,0.843,0.823,0.66,0.786,0.84,0.722,0.412,0.833,0.857,0.382,0.526,0.863,0.746,0.813,0.829,0.808,-0.034,-0.115,0.593,-0.577,0.229,0.268,0.93,0.804,0.814,0.846,0.843,-0.192,0.767,0.788,0.859,0.801,0.805,0.923,0.849,-0.438,0.805,0.556,-0.755,0.751,-0.22,0.904,0.727,-0.185,0.743,0.741,0.667,0.48,0.309,0.73,0.865,0.791,0.444,0.828,0.897,0.049,-0.404,0.655,0.638,0.822,0.832,0.256,0.866,0.623,0.511,0.721,0.915,-0.428,0.87,-0.666,0.726,0.766,0.324,0.808,0.623
AMCX,0.883,-0.201,0.357,0.329,0.88,0.918,0.572,0.755,0.213,0.778,-0.635,-0.64,0.885,0.777,0.0,0.935,0.678,0.786,0.191,0.913,0.43,-0.471,-0.178,0.608,0.693,-0.368,0.626,0.496,0.764,0.849,0.392,0.913,-0.168,0.872,0.914,0.936,0.79,0.641,0.546,0.534,-0.721,0.434,-0.525,0.815,-0.172,0.775,0.942,0.903,0.95,0.934,0.742,0.907,-0.529,-0.414,0.818,0.839,-0.583,-0.589,-0.563,-0.89,-0.298,0.801,-0.15,-0.569,0.885,-0.541,-0.543,0.518,0.841,0.594,0.765,0.595,0.725,0.802,0.858,0.899,-0.558,0.498,0.799,0.099,0.861,0.709,0.609,0.077,-0.86,0.888,0.875,0.743,0.763,0.155,0.775,0.768,0.451,0.541,-0.856,-0.377,0.527,0.617,0.895,0.236,0.895,0.566,0.848,0.849,0.625,0.873,0.972,-0.095,0.867,-0.018,0.941,0.659,0.51,0.708,-0.499,-0.652,0.68,0.917,-0.117,0.182,-0.596,-0.407,0.972,0.873,-0.198,0.662,0.871,0.81,0.634,0.952,0.888,0.714,0.912,0.848,0.667,0.548,0.573,0.872,0.909,0.712,0.596,0.145,-0.504,0.319,-0.782,-0.09,0.275,0.878,0.931,0.815,0.858,0.78,-0.618,0.687,0.925,0.863,0.639,0.891,0.833,0.934,-0.244,0.611,0.417,-0.806,0.875,-0.393,0.686,0.371,-0.356,0.969,0.454,0.759,0.651,-0.037,0.822,0.882,0.445,0.778,0.78,0.842,0.013,-0.379,0.439,0.677,0.939,0.85,0.068,0.868,0.621,0.785,0.901,0.875,-0.554,0.898,-0.67,0.948,0.91,0.443,0.913,0.436
AMKR,0.959,0.039,0.449,0.442,0.939,0.869,0.67,0.88,0.156,0.682,-0.716,-0.521,0.942,0.877,0.935,0.0,0.63,0.896,0.377,0.866,0.573,-0.469,-0.295,0.785,0.804,-0.405,0.804,0.57,0.636,0.938,0.248,0.834,-0.169,0.951,0.931,0.957,0.899,0.604,0.684,0.721,-0.805,0.354,-0.419,0.887,0.024,0.692,0.975,0.929,0.953,0.893,0.851,0.941,-0.628,-0.446,0.894,0.944,-0.497,-0.475,-0.507,-0.822,-0.117,0.925,-0.103,-0.499,0.896,-0.674,-0.462,0.57,0.694,0.644,0.87,0.565,0.728,0.82,0.957,0.937,-0.398,0.593,0.866,0.277,0.881,0.636,0.65,-0.146,-0.869,0.849,0.969,0.88,0.767,0.049,0.803,0.829,0.516,0.447,-0.797,-0.392,0.49,0.773,0.96,0.401,0.947,0.672,0.942,0.712,0.736,0.959,0.962,0.156,0.937,-0.045,0.942,0.617,0.608,0.832,-0.518,-0.491,0.754,0.97,0.045,0.357,-0.482,-0.22,0.938,0.934,-0.051,0.793,0.935,0.852,0.786,0.961,0.908,0.543,0.944,0.939,0.558,0.542,0.693,0.917,0.959,0.855,0.756,-0.007,-0.398,0.49,-0.794,0.019,0.277,0.949,0.966,0.877,0.926,0.887,-0.49,0.808,0.942,0.94,0.763,0.917,0.934,0.945,-0.433,0.735,0.507,-0.859,0.849,-0.354,0.829,0.576,-0.303,0.922,0.595,0.766,0.652,0.066,0.828,0.95,0.615,0.64,0.902,0.912,0.019,-0.489,0.544,0.73,0.941,0.89,0.205,0.937,0.76,0.731,0.867,0.949,-0.572,0.979,-0.738,0.865,0.935,0.426,0.925,0.611
AMRX,0.535,-0.139,0.353,0.292,0.675,0.496,0.387,0.508,0.158,0.742,-0.613,-0.375,0.487,0.559,0.678,0.63,0.0,0.371,0.137,0.476,0.367,-0.487,-0.122,0.375,0.235,-0.193,0.332,0.576,0.522,0.569,0.629,0.541,-0.086,0.61,0.586,0.524,0.448,0.29,0.314,0.271,-0.252,0.191,-0.323,0.685,-0.188,0.67,0.617,0.477,0.613,0.619,0.408,0.604,-0.18,0.09,0.366,0.563,-0.416,-0.335,-0.568,-0.583,0.01,0.563,-0.079,-0.286,0.475,-0.168,0.05,0.326,0.636,0.498,0.426,0.498,0.411,0.757,0.482,0.443,-0.13,0.298,0.285,-0.016,0.495,0.28,0.452,0.071,-0.444,0.457,0.572,0.52,0.26,0.35,0.433,0.496,-0.062,0.272,-0.61,-0.305,0.553,0.35,0.573,0.074,0.538,0.693,0.582,0.69,0.294,0.547,0.621,-0.08,0.549,-0.15,0.726,0.703,0.21,0.315,-0.164,-0.344,0.31,0.553,0.349,0.227,-0.096,-0.334,0.647,0.54,-0.243,0.403,0.45,0.323,0.23,0.589,0.499,0.708,0.599,0.524,0.579,0.551,0.416,0.497,0.556,0.382,0.462,-0.257,-0.172,0.446,-0.294,-0.25,0.335,0.542,0.528,0.589,0.508,0.417,-0.493,0.371,0.579,0.515,0.576,0.522,0.54,0.702,-0.18,0.491,0.423,-0.505,0.622,-0.299,0.448,0.07,0.178,0.642,0.302,0.601,0.13,-0.181,0.312,0.467,0.404,0.397,0.33,0.52,-0.069,0.003,0.19,0.265,0.692,0.604,-0.058,0.548,0.261,0.403,0.53,0.52,-0.356,0.558,-0.515,0.671,0.477,0.225,0.526,0.319
ANSS,0.888,0.246,0.496,0.403,0.789,0.73,0.824,0.94,0.135,0.516,-0.485,-0.288,0.925,0.898,0.786,0.896,0.371,0.0,0.494,0.77,0.638,-0.274,-0.266,0.845,0.854,-0.381,0.897,0.518,0.458,0.877,0.051,0.732,-0.029,0.854,0.838,0.895,0.872,0.592,0.689,0.809,-0.78,0.297,-0.252,0.745,0.234,0.496,0.859,0.867,0.812,0.685,0.846,0.85,-0.66,-0.429,0.884,0.887,-0.213,-0.242,-0.165,-0.644,0.059,0.908,0.117,-0.31,0.836,-0.659,-0.475,0.609,0.496,0.7,0.887,0.442,0.713,0.645,0.939,0.897,-0.376,0.625,0.882,0.503,0.828,0.622,0.621,-0.238,-0.809,0.767,0.902,0.858,0.782,-0.032,0.755,0.749,0.684,0.321,-0.581,-0.186,0.294,0.777,0.905,0.512,0.87,0.555,0.88,0.494,0.763,0.866,0.845,0.358,0.89,0.072,0.802,0.477,0.705,0.885,-0.386,-0.284,0.731,0.866,0.075,0.464,-0.401,0.089,0.783,0.902,0.148,0.817,0.881,0.795,0.876,0.861,0.814,0.334,0.86,0.849,0.302,0.483,0.784,0.827,0.873,0.871,0.767,0.129,-0.25,0.488,-0.676,0.355,0.274,0.922,0.869,0.818,0.894,0.882,-0.199,0.833,0.856,0.895,0.715,0.857,0.914,0.789,-0.414,0.752,0.549,-0.739,0.763,-0.173,0.898,0.768,-0.398,0.775,0.67,0.725,0.7,0.36,0.864,0.931,0.703,0.546,0.926,0.887,0.153,-0.524,0.683,0.776,0.807,0.821,0.405,0.897,0.754,0.616,0.801,0.934,-0.401,0.893,-0.594,0.721,0.861,0.42,0.897,0.639
APPN,0.543,0.402,0.839,0.326,0.474,0.111,0.527,0.629,-0.652,0.033,-0.174,0.474,0.493,0.503,0.191,0.377,0.137,0.494,0.0,0.244,0.814,0.055,0.132,0.751,0.533,0.121,0.652,0.803,-0.182,0.527,-0.384,-0.034,-0.348,0.441,0.397,0.372,0.589,-0.163,0.639,0.756,-0.119,-0.463,0.018,0.32,0.611,-0.3,0.251,0.209,0.287,0.133,0.722,0.45,-0.764,0.058,0.452,0.582,0.417,-0.117,0.324,-0.126,0.313,0.636,0.537,0.273,0.301,-0.413,-0.002,0.775,-0.196,0.193,0.662,-0.289,0.042,0.382,0.503,0.451,0.223,0.682,0.311,0.585,0.244,-0.076,0.442,-0.845,-0.389,0.064,0.415,0.701,0.443,-0.139,0.382,0.58,0.504,-0.237,-0.158,0.203,0.461,0.798,0.49,0.588,0.539,0.664,0.531,-0.099,0.787,0.494,0.221,0.496,0.362,-0.439,0.24,0.031,0.309,0.576,-0.345,0.26,0.293,0.333,0.588,0.322,0.174,0.524,0.203,0.451,0.134,0.755,0.484,0.275,0.672,0.314,0.403,-0.081,0.344,0.554,-0.041,-0.095,0.677,0.402,0.486,0.744,0.788,-0.207,0.531,0.402,-0.003,0.68,-0.246,0.456,0.283,0.638,0.399,0.646,0.259,0.766,0.324,0.582,0.733,0.341,0.628,0.328,-0.306,0.649,0.564,-0.468,0.459,0.029,0.692,0.797,0.074,0.217,0.52,0.118,0.154,0.551,0.254,0.521,0.738,-0.161,0.496,0.579,-0.26,-0.144,0.257,0.081,0.225,0.431,0.162,0.38,0.527,0.024,0.018,0.382,-0.456,0.447,-0.486,0.006,0.341,-0.414,0.242,0.834
APTO,0.859,-0.229,0.427,0.283,0.784,0.911,0.523,0.681,0.062,0.701,-0.455,-0.523,0.883,0.691,0.913,0.866,0.476,0.77,0.244,0.0,0.444,-0.279,0.001,0.581,0.699,-0.383,0.615,0.444,0.783,0.748,0.258,0.88,-0.235,0.773,0.912,0.948,0.72,0.688,0.582,0.493,-0.647,0.426,-0.517,0.681,-0.206,0.631,0.875,0.881,0.922,0.886,0.787,0.833,-0.603,-0.449,0.837,0.759,-0.489,-0.636,-0.431,-0.857,-0.405,0.733,0.02,-0.648,0.93,-0.49,-0.763,0.626,0.784,0.432,0.753,0.447,0.733,0.71,0.826,0.921,-0.707,0.458,0.843,0.053,0.835,0.766,0.654,0.023,-0.861,0.913,0.784,0.681,0.891,0.03,0.797,0.782,0.647,0.646,-0.821,-0.215,0.536,0.617,0.864,0.115,0.866,0.427,0.783,0.828,0.732,0.829,0.923,-0.187,0.812,-0.026,0.831,0.5,0.583,0.698,-0.607,-0.717,0.684,0.868,-0.271,0.02,-0.74,-0.369,0.903,0.841,-0.157,0.621,0.855,0.906,0.679,0.921,0.906,0.653,0.884,0.8,0.586,0.432,0.525,0.867,0.88,0.71,0.533,0.367,-0.514,0.179,-0.773,0.008,0.147,0.838,0.891,0.76,0.838,0.78,-0.554,0.676,0.909,0.844,0.541,0.894,0.784,0.859,-0.07,0.513,0.437,-0.753,0.892,-0.235,0.622,0.422,-0.54,0.941,0.344,0.679,0.766,0.057,0.9,0.879,0.352,0.843,0.785,0.83,0.012,-0.349,0.457,0.706,0.842,0.751,0.065,0.765,0.658,0.789,0.855,0.841,-0.499,0.855,-0.533,0.866,0.928,0.323,0.87,0.485
ARCT,0.691,0.424,0.812,0.299,0.598,0.279,0.641,0.774,-0.361,0.454,-0.232,0.28,0.619,0.66,0.43,0.573,0.367,0.638,0.814,0.444,0.0,-0.07,-0.024,0.857,0.587,-0.047,0.745,0.855,0.044,0.683,0.097,0.225,-0.194,0.652,0.602,0.562,0.669,0.116,0.593,0.786,-0.274,-0.268,0.075,0.475,0.394,0.071,0.511,0.444,0.485,0.34,0.764,0.665,-0.659,0.089,0.569,0.716,0.184,-0.091,0.043,-0.338,0.353,0.764,0.524,0.018,0.499,-0.473,-0.047,0.842,0.049,0.479,0.701,0.087,0.4,0.693,0.656,0.6,0.095,0.749,0.434,0.67,0.502,0.302,0.741,-0.651,-0.58,0.278,0.609,0.836,0.595,-0.156,0.586,0.641,0.559,-0.053,-0.287,0.162,0.485,0.744,0.716,0.448,0.65,0.779,0.741,0.163,0.813,0.604,0.447,0.491,0.628,-0.209,0.536,0.444,0.436,0.667,-0.233,0.125,0.419,0.482,0.546,0.332,0.113,0.448,0.419,0.671,0.188,0.775,0.563,0.388,0.689,0.491,0.51,0.251,0.551,0.656,0.08,0.31,0.746,0.531,0.632,0.782,0.901,-0.168,0.275,0.593,-0.117,0.52,0.097,0.64,0.489,0.783,0.672,0.682,0.202,0.759,0.569,0.755,0.861,0.507,0.746,0.547,-0.289,0.817,0.844,-0.5,0.703,-0.111,0.785,0.668,-0.041,0.417,0.625,0.417,0.245,0.372,0.471,0.66,0.886,0.037,0.578,0.691,-0.04,-0.161,0.353,0.353,0.49,0.698,0.25,0.618,0.571,0.082,0.287,0.616,-0.398,0.595,-0.561,0.263,0.484,-0.084,0.541,0.768
ARWR,-0.318,0.111,0.027,0.16,-0.566,-0.349,-0.243,-0.34,-0.223,-0.491,0.68,0.606,-0.33,-0.436,-0.471,-0.469,-0.487,-0.274,0.055,-0.279,-0.07,0.0,0.461,-0.131,-0.194,-0.069,-0.161,-0.171,-0.107,-0.414,-0.319,-0.362,0.13,-0.409,-0.245,-0.327,-0.305,0.018,-0.163,-0.092,0.464,0.105,0.422,-0.579,0.296,-0.425,-0.471,-0.288,-0.346,-0.423,-0.141,-0.371,0.155,-0.073,-0.104,-0.453,0.308,0.436,0.4,0.49,-0.0,-0.441,0.253,0.155,-0.212,0.289,-0.075,0.003,-0.41,-0.331,-0.344,-0.448,-0.073,-0.537,-0.284,-0.306,0.01,-0.468,-0.118,0.171,-0.437,-0.279,-0.159,-0.195,0.218,-0.173,-0.536,-0.316,-0.039,-0.187,-0.094,-0.381,0.299,-0.044,0.57,0.736,-0.175,-0.188,-0.32,-0.308,-0.368,-0.449,-0.43,-0.367,-0.041,-0.335,-0.452,-0.032,-0.28,0.322,-0.503,-0.433,0.073,-0.098,-0.09,0.294,-0.198,-0.401,-0.16,-0.1,-0.007,0.284,-0.514,-0.31,0.506,-0.38,-0.358,-0.204,-0.043,-0.43,-0.215,-0.315,-0.319,-0.465,-0.57,-0.209,-0.424,-0.212,-0.311,-0.218,-0.333,0.317,0.039,-0.158,0.412,0.277,-0.063,-0.486,-0.352,-0.395,-0.361,-0.232,0.494,-0.167,-0.299,-0.353,-0.44,-0.188,-0.392,-0.573,0.541,-0.282,0.094,0.507,-0.244,0.266,-0.369,-0.008,0.013,-0.383,-0.263,-0.137,0.152,0.092,-0.157,-0.304,-0.257,-0.165,-0.207,-0.372,0.42,0.16,-0.048,-0.038,-0.398,-0.469,0.368,-0.396,-0.074,-0.155,-0.322,-0.368,0.434,-0.417,0.703,-0.5,-0.247,-0.183,-0.329,0.097
ASND,-0.175,-0.319,0.217,0.11,-0.191,-0.074,-0.193,-0.272,-0.448,-0.067,0.386,0.372,-0.137,-0.257,-0.178,-0.295,-0.122,-0.266,0.132,0.001,-0.024,0.461,0.0,-0.249,-0.237,0.106,-0.284,0.143,0.06,-0.337,-0.143,-0.159,-0.131,-0.303,-0.101,-0.132,-0.255,-0.062,-0.095,-0.207,0.616,-0.073,-0.08,-0.224,-0.111,-0.316,-0.329,-0.22,-0.111,-0.093,-0.003,-0.213,-0.013,0.221,-0.13,-0.263,0.267,-0.165,0.286,0.115,-0.281,-0.26,0.319,0.119,-0.023,0.465,-0.235,0.302,0.006,-0.437,-0.172,-0.409,-0.148,-0.169,-0.254,-0.099,-0.193,-0.166,-0.199,-0.263,-0.18,-0.137,0.141,-0.048,0.15,-0.085,-0.372,-0.235,0.089,0.183,-0.05,0.045,0.165,0.181,0.138,0.456,0.488,-0.035,-0.188,-0.296,-0.129,-0.102,-0.246,0.092,0.105,-0.219,-0.194,-0.405,-0.298,-0.201,-0.261,-0.226,-0.07,-0.206,-0.16,-0.13,-0.051,-0.235,-0.1,-0.403,-0.159,-0.082,-0.17,-0.151,-0.092,-0.207,-0.165,-0.067,-0.14,-0.13,-0.015,0.134,-0.152,-0.204,-0.0,-0.269,-0.12,-0.117,-0.149,-0.142,-0.237,0.305,0.2,-0.327,0.308,0.092,-0.332,-0.241,-0.261,-0.163,-0.309,-0.087,0.106,-0.109,-0.209,-0.178,-0.234,-0.086,-0.198,-0.19,0.776,-0.288,0.086,0.229,0.049,0.322,-0.238,-0.055,0.191,-0.068,-0.316,-0.196,0.005,0.098,-0.098,-0.188,-0.245,0.049,-0.23,-0.125,-0.073,0.579,-0.168,-0.22,-0.237,-0.314,-0.188,-0.372,-0.207,-0.02,-0.222,-0.267,0.114,-0.259,0.301,-0.187,-0.101,-0.462,-0.247,0.052
ASTH,0.869,0.442,0.656,0.453,0.752,0.513,0.685,0.923,-0.146,0.395,-0.472,0.01,0.804,0.808,0.608,0.785,0.375,0.845,0.751,0.581,0.857,-0.131,-0.249,0.0,0.833,-0.264,0.918,0.742,0.186,0.877,-0.003,0.455,-0.115,0.857,0.756,0.749,0.891,0.346,0.72,0.953,-0.621,0.014,-0.051,0.658,0.484,0.268,0.738,0.707,0.678,0.533,0.877,0.83,-0.724,-0.276,0.825,0.888,-0.098,-0.134,-0.147,-0.462,0.256,0.896,0.21,-0.115,0.682,-0.76,-0.2,0.727,0.183,0.616,0.858,0.274,0.557,0.686,0.882,0.786,-0.008,0.687,0.729,0.715,0.657,0.381,0.649,-0.586,-0.759,0.539,0.83,0.943,0.691,-0.214,0.727,0.695,0.677,0.057,-0.412,-0.033,0.383,0.86,0.859,0.606,0.82,0.743,0.88,0.233,0.85,0.843,0.654,0.568,0.825,-0.071,0.692,0.427,0.627,0.901,-0.394,0.006,0.599,0.752,0.374,0.538,-0.109,0.315,0.599,0.806,0.285,0.851,0.795,0.606,0.883,0.677,0.701,0.188,0.733,0.822,0.139,0.373,0.743,0.76,0.819,0.922,0.932,-0.151,-0.016,0.653,-0.479,0.432,0.209,0.797,0.749,0.832,0.823,0.859,0.067,0.907,0.758,0.885,0.862,0.728,0.9,0.679,-0.528,0.89,0.751,-0.692,0.728,-0.279,0.886,0.793,-0.162,0.588,0.793,0.585,0.494,0.28,0.657,0.854,0.865,0.198,0.855,0.831,0.095,-0.537,0.521,0.605,0.705,0.81,0.418,0.836,0.797,0.384,0.538,0.813,-0.483,0.821,-0.623,0.445,0.708,0.182,0.734,0.849
ATSG,0.865,0.24,0.449,0.431,0.737,0.691,0.592,0.829,0.017,0.302,-0.469,-0.27,0.839,0.721,0.693,0.804,0.235,0.854,0.533,0.699,0.587,-0.194,-0.237,0.833,0.0,-0.33,0.841,0.472,0.344,0.852,-0.111,0.638,-0.176,0.824,0.775,0.831,0.886,0.506,0.655,0.84,-0.776,0.24,-0.206,0.665,0.321,0.371,0.78,0.816,0.761,0.659,0.833,0.839,-0.698,-0.542,0.896,0.84,-0.293,-0.288,-0.253,-0.623,-0.046,0.812,-0.058,-0.249,0.774,-0.816,-0.491,0.578,0.344,0.554,0.851,0.325,0.607,0.555,0.896,0.862,-0.243,0.574,0.838,0.538,0.765,0.514,0.53,-0.34,-0.834,0.703,0.827,0.839,0.76,-0.153,0.733,0.691,0.735,0.243,-0.5,-0.237,0.304,0.828,0.826,0.579,0.846,0.499,0.821,0.347,0.779,0.865,0.728,0.396,0.836,0.061,0.698,0.316,0.552,0.892,-0.527,-0.258,0.698,0.823,-0.011,0.451,-0.38,0.069,0.718,0.837,0.188,0.761,0.859,0.75,0.859,0.77,0.779,0.18,0.784,0.824,0.248,0.338,0.632,0.803,0.856,0.874,0.727,0.014,-0.286,0.46,-0.729,0.303,0.192,0.795,0.826,0.757,0.817,0.861,-0.152,0.889,0.803,0.847,0.678,0.77,0.856,0.673,-0.501,0.734,0.482,-0.714,0.669,-0.363,0.791,0.716,-0.306,0.677,0.67,0.622,0.669,0.138,0.751,0.876,0.611,0.397,0.919,0.782,0.118,-0.623,0.469,0.704,0.735,0.777,0.39,0.849,0.829,0.564,0.698,0.817,-0.469,0.862,-0.619,0.556,0.818,0.342,0.786,0.642
AVTX,-0.374,0.034,0.105,-0.429,-0.283,-0.507,-0.234,-0.259,-0.298,-0.227,0.303,0.37,-0.411,-0.319,-0.368,-0.405,-0.193,-0.381,0.121,-0.383,-0.047,-0.069,0.106,-0.264,-0.33,0.0,-0.255,0.015,-0.481,-0.309,-0.099,-0.486,-0.154,-0.407,-0.41,-0.414,-0.348,-0.578,-0.165,-0.265,0.438,-0.612,0.202,-0.355,-0.014,-0.466,-0.446,-0.518,-0.471,-0.435,-0.308,-0.323,0.105,0.54,-0.496,-0.309,0.552,0.095,0.436,0.28,0.252,-0.254,0.352,0.375,-0.49,0.279,0.358,0.007,-0.427,-0.202,-0.179,-0.434,-0.464,-0.144,-0.434,-0.384,0.342,0.173,-0.551,0.004,-0.368,-0.27,-0.189,-0.137,0.32,-0.561,-0.359,-0.229,-0.319,0.076,-0.457,-0.216,-0.308,-0.445,0.273,-0.064,-0.109,-0.206,-0.394,-0.037,-0.35,-0.054,-0.324,-0.365,-0.201,-0.431,-0.446,0.073,-0.421,-0.236,-0.373,-0.145,-0.608,-0.442,0.265,0.387,-0.457,-0.498,0.197,-0.133,0.465,0.295,-0.375,-0.396,-0.207,-0.054,-0.423,-0.465,-0.346,-0.433,-0.446,-0.155,-0.419,-0.298,-0.052,-0.296,-0.05,-0.518,-0.38,-0.304,-0.098,-0.184,0.644,-0.14,0.436,0.234,-0.316,-0.295,-0.505,-0.121,-0.315,-0.352,0.243,-0.198,-0.405,-0.291,0.008,-0.546,-0.286,-0.293,0.026,-0.121,-0.216,0.318,-0.279,0.047,-0.18,-0.185,0.206,-0.422,-0.196,-0.4,-0.56,0.197,-0.448,-0.365,-0.051,-0.448,-0.481,-0.353,-0.348,0.332,-0.389,-0.588,-0.454,-0.2,-0.358,-0.401,-0.362,-0.61,-0.518,-0.449,0.06,-0.397,0.003,-0.405,-0.49,-0.407,-0.442,-0.273
BCPC,0.839,0.501,0.632,0.475,0.712,0.532,0.733,0.912,0.037,0.395,-0.414,-0.045,0.788,0.833,0.626,0.804,0.332,0.897,0.652,0.615,0.745,-0.161,-0.284,0.918,0.841,-0.255,0.0,0.591,0.245,0.836,0.013,0.558,-0.02,0.802,0.74,0.775,0.831,0.512,0.764,0.905,-0.685,0.175,0.056,0.701,0.421,0.345,0.745,0.763,0.685,0.532,0.851,0.8,-0.599,-0.292,0.816,0.842,-0.057,-0.073,-0.12,-0.461,0.307,0.882,0.214,-0.195,0.736,-0.683,-0.275,0.674,0.225,0.689,0.879,0.344,0.69,0.645,0.868,0.786,-0.124,0.641,0.759,0.696,0.732,0.491,0.646,-0.466,-0.734,0.607,0.833,0.875,0.68,-0.107,0.655,0.699,0.698,0.172,-0.361,-0.161,0.267,0.818,0.841,0.502,0.782,0.616,0.851,0.295,0.819,0.802,0.683,0.601,0.858,0.108,0.71,0.49,0.567,0.84,-0.361,0.008,0.667,0.75,0.218,0.632,-0.183,0.318,0.618,0.83,0.365,0.806,0.754,0.676,0.918,0.704,0.683,0.192,0.787,0.793,0.185,0.536,0.764,0.721,0.801,0.874,0.843,-0.038,-0.072,0.705,-0.539,0.409,0.351,0.842,0.752,0.784,0.861,0.849,0.028,0.882,0.784,0.839,0.795,0.741,0.876,0.694,-0.495,0.852,0.657,-0.602,0.697,-0.27,0.866,0.84,-0.21,0.599,0.737,0.688,0.576,0.291,0.726,0.841,0.798,0.284,0.867,0.78,0.245,-0.481,0.689,0.727,0.701,0.762,0.552,0.811,0.778,0.393,0.617,0.836,-0.291,0.824,-0.548,0.528,0.743,0.347,0.757,0.717
BEAM,0.69,0.17,0.838,0.39,0.696,0.36,0.531,0.695,-0.455,0.488,-0.397,0.19,0.595,0.63,0.496,0.57,0.576,0.518,0.803,0.444,0.855,-0.171,0.143,0.742,0.472,0.015,0.591,0.0,0.127,0.66,0.112,0.237,-0.279,0.648,0.609,0.535,0.654,0.007,0.622,0.683,-0.142,-0.289,-0.142,0.556,0.292,0.111,0.48,0.381,0.531,0.457,0.749,0.659,-0.655,0.157,0.518,0.726,0.093,-0.29,-0.04,-0.422,0.214,0.741,0.392,0.084,0.485,-0.383,0.01,0.824,0.189,0.34,0.686,-0.002,0.235,0.715,0.604,0.57,0.104,0.714,0.346,0.408,0.432,0.137,0.646,-0.6,-0.523,0.272,0.575,0.786,0.501,0.141,0.532,0.721,0.364,-0.026,-0.433,0.078,0.736,0.765,0.668,0.444,0.693,0.88,0.716,0.308,0.761,0.619,0.463,0.253,0.543,-0.416,0.565,0.424,0.31,0.57,-0.342,-0.005,0.376,0.504,0.587,0.264,0.082,0.196,0.498,0.627,-0.037,0.772,0.577,0.357,0.577,0.526,0.563,0.426,0.564,0.682,0.324,0.174,0.718,0.545,0.648,0.736,0.83,-0.249,0.317,0.495,-0.113,0.381,-0.062,0.597,0.469,0.791,0.543,0.674,-0.007,0.74,0.536,0.71,0.86,0.497,0.74,0.623,-0.202,0.717,0.713,-0.583,0.715,-0.116,0.728,0.546,0.135,0.508,0.549,0.346,0.167,0.268,0.343,0.615,0.786,0.106,0.491,0.698,-0.268,-0.009,0.213,0.163,0.536,0.649,0.005,0.551,0.494,0.181,0.259,0.536,-0.546,0.584,-0.619,0.346,0.495,-0.234,0.451,0.785
BILI,0.553,-0.452,0.101,0.324,0.505,0.815,0.29,0.323,0.281,0.601,-0.312,-0.613,0.602,0.369,0.764,0.636,0.522,0.458,-0.182,0.783,0.044,-0.107,0.06,0.186,0.344,-0.481,0.245,0.127,0.0,0.434,0.4,0.792,-0.134,0.513,0.742,0.698,0.393,0.719,0.259,0.091,-0.416,0.697,-0.51,0.49,-0.448,0.749,0.663,0.701,0.78,0.8,0.446,0.55,-0.213,-0.465,0.603,0.403,-0.647,-0.502,-0.558,-0.715,-0.568,0.372,-0.226,-0.747,0.723,-0.137,-0.672,0.225,0.877,0.274,0.344,0.472,0.648,0.45,0.545,0.62,-0.753,-0.03,0.644,-0.283,0.559,0.572,0.392,0.32,-0.609,0.846,0.472,0.325,0.598,0.234,0.679,0.473,0.322,0.798,-0.702,-0.145,0.416,0.257,0.589,-0.255,0.563,0.126,0.446,0.903,0.338,0.569,0.751,-0.5,0.591,0.176,0.65,0.432,0.438,0.379,-0.566,-0.814,0.511,0.654,-0.446,-0.12,-0.785,-0.67,0.738,0.583,-0.157,0.195,0.562,0.72,0.343,0.722,0.754,0.699,0.685,0.469,0.577,0.449,0.121,0.702,0.634,0.334,0.091,0.365,-0.719,0.006,-0.623,-0.338,0.231,0.504,0.694,0.425,0.524,0.455,-0.737,0.293,0.704,0.485,0.132,0.739,0.414,0.619,0.228,0.129,0.202,-0.467,0.631,-0.194,0.229,0.035,-0.415,0.822,-0.054,0.67,0.696,-0.192,0.665,0.556,-0.056,0.905,0.485,0.483,0.142,-0.155,0.316,0.587,0.696,0.426,0.035,0.497,0.407,0.837,0.785,0.566,-0.242,0.57,-0.199,0.804,0.746,0.422,0.664,0.199
BJRI,0.949,0.158,0.511,0.427,0.913,0.75,0.664,0.919,0.033,0.566,-0.686,-0.373,0.904,0.878,0.849,0.938,0.569,0.877,0.527,0.748,0.683,-0.414,-0.337,0.877,0.852,-0.309,0.836,0.66,0.434,0.0,0.14,0.698,-0.208,0.959,0.87,0.883,0.971,0.441,0.727,0.838,-0.772,0.172,-0.32,0.819,0.202,0.552,0.902,0.848,0.86,0.783,0.858,0.948,-0.698,-0.41,0.868,0.962,-0.369,-0.387,-0.383,-0.74,-0.004,0.94,-0.053,-0.283,0.791,-0.754,-0.324,0.61,0.515,0.675,0.904,0.445,0.609,0.785,0.95,0.903,-0.196,0.693,0.807,0.465,0.821,0.523,0.619,-0.316,-0.88,0.712,0.946,0.948,0.742,0.006,0.761,0.764,0.519,0.175,-0.704,-0.317,0.469,0.839,0.941,0.55,0.942,0.742,0.931,0.522,0.76,0.948,0.868,0.324,0.905,-0.111,0.88,0.563,0.554,0.905,-0.464,-0.303,0.687,0.906,0.21,0.418,-0.281,-0.042,0.853,0.904,0.013,0.884,0.918,0.729,0.803,0.878,0.835,0.429,0.871,0.937,0.431,0.458,0.741,0.864,0.934,0.909,0.856,-0.135,-0.232,0.558,-0.688,0.196,0.225,0.897,0.901,0.924,0.894,0.893,-0.335,0.88,0.884,0.952,0.861,0.826,0.951,0.858,-0.539,0.836,0.55,-0.854,0.812,-0.41,0.883,0.646,-0.209,0.813,0.706,0.701,0.558,0.15,0.731,0.945,0.755,0.45,0.89,0.908,-0.033,-0.559,0.453,0.624,0.879,0.937,0.235,0.956,0.778,0.587,0.75,0.905,-0.637,0.945,-0.796,0.733,0.854,0.33,0.864,0.68
BLUE,0.126,-0.111,-0.04,-0.091,0.193,0.222,0.052,0.126,0.517,0.754,-0.132,-0.345,0.061,0.172,0.392,0.248,0.629,0.051,-0.384,0.258,0.097,-0.319,-0.143,-0.003,-0.111,-0.099,0.013,0.112,0.4,0.14,0.0,0.438,0.285,0.25,0.26,0.207,-0.028,0.406,-0.109,-0.14,-0.066,0.311,0.061,0.278,-0.522,0.682,0.345,0.27,0.261,0.324,-0.073,0.287,0.368,0.293,0.012,0.115,-0.4,-0.019,-0.535,-0.342,0.053,0.117,-0.051,-0.374,0.234,0.081,0.073,0.028,0.467,0.448,-0.028,0.646,0.496,0.538,0.092,0.106,-0.166,0.01,-0.003,-0.057,0.325,0.511,0.366,0.467,-0.194,0.286,0.217,0.084,0.049,0.242,0.176,0.046,-0.15,0.321,-0.229,-0.172,0.145,-0.221,0.234,-0.39,0.083,0.233,0.242,0.545,-0.102,0.082,0.309,-0.153,0.321,0.321,0.488,0.777,-0.022,-0.079,0.26,-0.231,0.037,0.163,-0.047,0.0,-0.032,-0.276,0.345,0.227,-0.033,-0.101,-0.005,0.057,-0.165,0.215,0.077,0.706,0.283,0.062,0.399,0.707,0.035,0.089,0.14,-0.122,0.052,-0.025,-0.348,0.3,-0.116,-0.399,0.628,0.215,0.227,0.17,0.307,-0.09,-0.22,-0.124,0.341,0.138,0.177,0.171,0.097,0.381,0.102,0.173,0.353,0.034,0.37,-0.286,0.023,-0.401,0.003,0.319,0.075,0.481,-0.023,-0.454,0.187,0.079,0.111,0.33,-0.062,0.068,0.309,0.165,0.066,0.286,0.417,0.349,0.024,0.243,-0.15,0.063,0.379,0.242,0.145,0.144,-0.071,0.468,0.126,0.497,0.358,-0.231
