,AAL,AAON,ACB,ACGL,ACGLO,ACIW,ADBE,ADSK,AEP,AGIO,ALEC,ALNY,ALTR,AMBA,AMCX,AMKR,AMRX,ANSS,APPN,APTO,ARCT,ARWR,ASND,ASTH,ATSG,AVTX,BCPC,BEAM,BILI,BJRI,BLUE,BPOP,BRKL,BWIN,BZUN,CARG,CBRL,CBSH,CBUS,CENTA,CERS,CFFN,CHCO,CHEF,CHRD,CINF,CLLS,CMCO,CMCSA,COLL,COMM,COOP,CPB,CRON,CROX,CRUS,CRWD,CTAS,CYBR,CYTK,DGII,DIOD,DOMO,DPZ,DSGR,DXCM,ERIE,ESTA,EXEL,FAST,FCEL,FCFS,FHB,FITBI,FSV,FTDR,FUTU,GLDD,GLPG,GLPI,GOGO,GOSS,GSAT,GYRE,HALO,HAS,HLIT,HLNE,HSDT,HSIC,HTHT,ICHR,IDYA,IMVT,INDB,INSM,IONS,IOSP,ITRI,JBHT,JBLU,JSM,KLIC,KOD,KURA,LAB,LASR,LIN,LKQ,LNT,MBUU,MCRI,MDGL,MEDP,MGNI,MGPI,MGRC,MKTX,MRNA,MRTN,MSEX,MSFT,MU,NAVI,NBTB,NEO,NEOG,NGNE,NSSC,NTAP,NTES,NTLA,NTRS,NYMTN,OBLG,OCFC,ON,ONC,OPI,OSIS,OSW,PALI,PANW,PCAR,PCRX,PCTY,PEBO,PLAB,PLAY,PLMR,PLSE,PLUS,PRTA,PSEC,PSNL,PTCT,PTON,QNST,QRVO,QTTB,RARE,RBCAA,RGNX,SAIC,SGMO,SINT,SNPS,SPSC,SPTN,SSYS,STNE,TBBK,TCPC,TENB,TGTX,TREE,TRUP,TTWO,TW,TXG,UBSI,UCTT,UFPT,UMBF,UPBD,URBN,VBTX,VCTR,VEON,VNET,VRSK,VSEC,WABC,WTFCM,WVE,WW,WWD,XEL,ZD,ZYME
AAL,0.0,0.159,0.581,-0.386,0.668,0.301,0.093,0.515,0.571,0.571,-0.078,-0.356,0.776,0.138,0.833,0.884,0.712,0.457,0.42,0.828,0.187,-0.329,0.614,-0.269,0.523,-0.01,0.527,0.622,0.537,0.651,0.743,0.76,0.011,0.63,0.491,0.24,0.668,0.43,0.352,0.371,0.36,-0.029,0.158,0.445,-0.351,0.824,0.822,0.521,0.748,0.307,0.779,0.836,-0.241,0.471,-0.034,0.615,0.302,-0.023,0.333,-0.754,0.317,0.619,0.299,0.246,0.734,0.609,-0.157,0.639,0.715,0.602,0.403,0.689,0.038,0.501,0.681,0.832,-0.0,0.434,-0.341,-0.267,0.722,0.434,0.638,0.329,-0.061,0.666,0.488,0.559,0.411,0.609,0.532,0.772,0.024,-0.104,0.155,0.012,0.559,0.622,0.835,0.281,0.913,0.351,0.674,0.606,0.552,0.736,0.839,0.025,0.556,0.376,0.863,0.702,-0.486,0.254,0.218,0.215,-0.016,0.717,-0.307,0.34,0.217,0.138,0.922,0.691,-0.336,0.533,0.814,0.205,-0.113,0.883,0.33,0.903,0.642,0.687,0.63,0.664,0.575,0.05,0.86,0.671,0.366,0.264,0.418,0.152,0.536,0.377,0.623,0.673,0.645,0.604,0.426,0.693,-0.031,0.434,0.779,0.708,0.458,-0.003,0.623,0.755,0.05,0.261,0.145,0.079,0.784,0.4,0.457,0.474,0.438,0.906,0.298,0.353,0.176,0.319,0.092,0.772,0.308,0.666,0.367,0.484,0.334,0.714,0.524,0.138,0.913,0.631,0.371,0.767,0.484,0.029,0.818,0.515,-0.0,0.716,-0.513,0.758,0.536,0.215,0.728,-0.379
AAON,0.159,0.0,0.741,-0.713,0.202,-0.767,0.202,0.803,0.678,0.316,0.048,0.4,0.477,0.363,0.52,0.283,0.589,0.662,0.863,0.317,0.528,-0.589,-0.206,0.313,0.759,0.38,0.836,0.632,-0.505,0.687,0.332,-0.097,0.158,0.33,-0.556,-0.572,0.658,-0.187,0.217,0.758,0.388,-0.549,0.662,0.223,0.499,0.044,-0.211,-0.282,-0.298,-0.806,0.575,0.425,-0.043,0.762,-0.684,0.568,0.846,0.712,0.827,-0.569,0.943,0.798,0.66,0.862,0.062,0.627,0.576,0.654,-0.369,0.793,0.663,0.71,-0.505,0.167,0.05,0.464,0.764,0.74,-0.743,0.763,0.501,0.239,0.718,-0.66,0.848,-0.23,0.519,0.76,-0.42,0.47,-0.236,0.545,-0.201,-0.847,0.74,-0.049,-0.434,0.649,0.35,0.806,0.386,0.441,0.658,-0.579,0.563,0.037,0.121,0.931,-0.124,0.472,0.353,0.681,-0.747,0.159,0.875,0.955,-0.404,-0.2,0.259,0.844,0.864,0.901,0.22,0.081,-0.069,0.783,-0.117,-0.586,0.207,0.464,-0.745,0.298,-0.365,0.384,0.055,0.583,0.804,-0.784,-0.071,0.772,0.8,-0.189,0.852,0.476,0.729,0.815,0.782,0.692,-0.366,0.569,-0.116,0.545,0.788,0.614,0.513,0.076,0.738,-0.714,0.748,0.369,-0.621,0.721,0.205,0.737,0.384,0.505,0.763,0.846,0.616,-0.097,0.696,-0.247,-0.407,0.704,-0.516,0.086,0.809,-0.199,0.219,-0.108,0.355,0.657,0.719,-0.239,0.319,0.654,0.548,0.367,0.488,-0.754,0.448,0.071,0.122,0.108,-0.615,-0.319,-0.481,0.129,0.671,-0.57
ACB,0.581,0.741,0.0,-0.919,0.612,-0.533,0.187,0.889,0.632,0.655,0.048,0.121,0.771,0.358,0.867,0.693,0.854,0.736,0.949,0.735,0.613,-0.816,0.091,0.083,0.819,0.517,0.856,0.862,-0.145,0.925,0.736,0.164,-0.161,0.569,-0.134,-0.26,0.786,-0.188,0.572,0.574,0.673,-0.687,0.401,0.339,0.083,0.261,0.251,-0.17,0.018,-0.5,0.876,0.785,-0.339,0.96,-0.739,0.754,0.896,0.283,0.886,-0.874,0.866,0.963,0.849,0.831,0.362,0.86,0.388,0.923,0.123,0.88,0.862,0.771,-0.625,0.561,0.194,0.798,0.605,0.926,-0.874,0.414,0.759,0.562,0.938,-0.42,0.48,0.045,0.681,0.906,-0.095,0.687,0.068,0.853,-0.224,-0.801,0.424,-0.085,0.007,0.743,0.611,0.698,0.798,0.599,0.891,-0.093,0.8,0.29,0.529,0.648,-0.073,0.301,0.744,0.92,-0.923,-0.062,0.794,0.825,-0.528,0.039,0.13,0.797,0.824,0.772,0.679,0.333,-0.531,0.971,0.239,-0.413,-0.035,0.795,-0.415,0.737,-0.089,0.727,0.509,0.655,0.937,-0.708,0.393,0.88,0.906,0.042,0.956,0.235,0.826,0.868,0.807,0.864,-0.107,0.942,0.179,0.664,0.47,0.803,0.847,0.611,0.935,-0.694,0.937,0.762,-0.437,0.728,0.234,0.515,0.851,0.557,0.826,0.805,0.532,0.426,0.606,-0.215,-0.396,0.75,-0.407,0.532,0.757,0.176,0.072,0.261,0.14,0.876,0.718,-0.437,0.607,0.95,0.41,0.52,0.551,-0.672,0.669,0.214,-0.165,0.471,-0.839,0.195,-0.241,-0.108,0.909,-0.682
ACGL,-0.386,-0.713,-0.919,0.0,-0.497,0.612,-0.097,-0.799,-0.516,-0.613,-0.099,-0.048,-0.636,-0.36,-0.765,-0.527,-0.719,-0.681,-0.896,-0.651,-0.542,0.865,0.036,0.011,-0.787,-0.664,-0.741,-0.716,0.263,-0.814,-0.588,0.016,0.264,-0.428,0.223,0.233,-0.643,0.341,-0.628,-0.394,-0.608,0.803,-0.255,-0.191,-0.009,-0.04,-0.122,0.326,0.143,0.564,-0.744,-0.592,0.356,-0.924,0.824,-0.644,-0.903,-0.154,-0.877,0.763,-0.802,-0.863,-0.881,-0.741,-0.233,-0.734,-0.301,-0.861,0.049,-0.746,-0.908,-0.63,0.706,-0.481,0.008,-0.714,-0.601,-0.902,0.828,-0.415,-0.655,-0.608,-0.834,0.497,-0.407,0.074,-0.654,-0.83,0.108,-0.593,0.074,-0.751,0.214,0.813,-0.307,0.129,0.146,-0.55,-0.427,-0.683,-0.629,-0.478,-0.798,0.229,-0.685,-0.173,-0.387,-0.633,0.272,-0.231,-0.589,-0.772,0.92,0.212,-0.729,-0.784,0.571,0.098,-0.128,-0.758,-0.783,-0.784,-0.542,-0.124,0.606,-0.918,-0.097,0.359,0.033,-0.657,0.495,-0.599,0.247,-0.647,-0.482,-0.43,-0.821,0.78,-0.25,-0.724,-0.836,-0.014,-0.91,-0.024,-0.675,-0.85,-0.645,-0.765,0.224,-0.863,-0.115,-0.53,-0.46,-0.767,-0.782,-0.543,-0.886,0.815,-0.873,-0.693,0.41,-0.63,-0.152,-0.425,-0.756,-0.41,-0.751,-0.701,-0.31,-0.251,-0.452,0.456,0.451,-0.735,0.414,-0.451,-0.656,-0.115,0.008,-0.136,0.043,-0.75,-0.557,0.578,-0.425,-0.867,-0.216,-0.23,-0.454,0.715,-0.514,0.004,0.335,-0.37,0.773,0.009,0.37,0.149,-0.781,0.779
ACGLO,0.668,0.202,0.612,-0.497,0.0,-0.073,-0.079,0.487,0.28,0.666,-0.391,-0.295,0.495,0.289,0.659,0.758,0.715,0.315,0.508,0.564,0.424,-0.673,0.336,-0.102,0.364,0.39,0.381,0.71,0.132,0.659,0.821,0.213,-0.219,0.703,0.183,0.069,0.549,-0.183,0.676,0.197,0.659,-0.452,-0.019,0.597,-0.308,0.445,0.557,-0.009,0.299,0.132,0.598,0.772,-0.141,0.61,-0.436,0.757,0.371,-0.205,0.294,-0.619,0.375,0.63,0.398,0.435,0.371,0.605,0.289,0.603,0.452,0.443,0.551,0.467,-0.38,0.913,0.155,0.582,0.342,0.625,-0.588,-0.113,0.621,0.377,0.62,-0.062,0.078,0.136,0.636,0.596,-0.043,0.58,0.114,0.728,-0.431,-0.359,-0.083,-0.278,0.641,0.496,0.539,0.337,0.706,0.74,0.731,0.388,0.508,0.505,0.56,0.136,0.1,-0.111,0.801,0.711,-0.553,-0.266,0.393,0.304,-0.158,0.351,0.191,0.395,0.445,0.217,0.749,0.406,-0.62,0.59,0.413,-0.182,-0.385,0.626,0.018,0.741,0.224,0.839,0.775,0.416,0.536,-0.288,0.589,0.497,0.592,-0.186,0.537,0.211,0.416,0.287,0.404,0.556,0.138,0.714,0.247,0.473,-0.041,0.482,0.599,0.711,0.693,-0.33,0.636,0.834,-0.148,0.504,0.202,-0.001,0.714,0.145,0.476,0.298,0.441,0.577,0.34,-0.074,-0.4,0.203,-0.303,0.445,0.41,0.204,-0.182,0.455,-0.167,0.695,0.248,-0.419,0.613,0.745,-0.02,0.416,0.224,-0.336,0.449,0.265,-0.369,0.69,-0.624,0.5,0.007,-0.219,0.542,-0.364
ACIW,0.301,-0.767,-0.533,0.612,-0.073,0.0,-0.124,-0.525,-0.182,-0.141,0.033,-0.532,-0.029,-0.265,-0.135,0.115,-0.316,-0.324,-0.688,0.075,-0.542,0.624,0.543,-0.435,-0.385,-0.562,-0.455,-0.414,0.809,-0.412,-0.122,0.594,0.111,-0.052,0.767,0.679,-0.268,0.671,-0.231,-0.397,-0.421,0.758,-0.397,-0.029,-0.522,0.478,0.582,0.758,0.728,0.936,-0.179,-0.066,0.023,-0.638,0.845,-0.319,-0.712,-0.459,-0.626,0.221,-0.747,-0.503,-0.598,-0.755,0.413,-0.318,-0.766,-0.382,0.684,-0.441,-0.545,-0.251,0.736,-0.175,0.479,-0.019,-0.82,-0.628,0.709,-0.79,-0.114,-0.073,-0.425,0.91,-0.753,0.704,-0.308,-0.518,0.669,-0.162,0.539,-0.194,0.423,0.869,-0.438,0.16,0.515,-0.265,0.13,-0.6,0.007,-0.434,-0.381,0.807,-0.288,0.383,0.329,-0.798,0.57,0.012,-0.029,-0.385,0.563,0.28,-0.77,-0.803,0.565,0.663,-0.528,-0.62,-0.806,-0.778,0.186,0.3,0.183,-0.581,0.592,0.767,0.026,0.002,0.914,0.076,0.768,-0.161,0.1,-0.143,-0.515,0.893,0.483,-0.365,-0.72,0.408,-0.699,-0.288,-0.448,-0.592,-0.354,-0.333,0.815,-0.424,0.311,-0.068,-0.672,-0.461,-0.119,0.086,-0.639,0.821,-0.455,-0.121,0.644,-0.633,-0.161,-0.522,-0.122,-0.265,-0.54,-0.471,-0.319,0.5,-0.461,0.584,0.725,-0.496,0.686,0.303,-0.666,0.606,0.295,0.226,0.11,-0.326,-0.295,0.618,0.148,-0.449,-0.138,0.091,-0.13,0.865,0.097,0.296,0.168,0.224,0.493,0.646,0.886,0.28,-0.279,0.376
ADBE,0.093,0.202,0.187,-0.097,-0.079,-0.124,0.0,0.455,0.182,0.351,0.457,0.463,0.27,0.526,0.23,0.159,0.278,0.485,0.229,-0.015,0.48,0.033,0.19,0.357,0.204,0.091,0.15,0.302,0.021,0.142,0.166,0.144,0.232,0.081,0.058,0.203,0.142,-0.003,-0.008,0.118,0.241,-0.085,0.011,0.246,0.183,0.146,0.018,-0.026,0.175,-0.216,0.225,-0.026,-0.127,0.18,-0.087,0.312,0.348,0.352,0.326,0.013,0.248,0.231,0.294,0.115,0.207,0.16,0.09,0.315,0.033,0.201,0.218,0.251,0.185,-0.032,0.357,0.135,0.045,0.137,-0.005,0.359,0.078,0.188,0.074,-0.196,0.22,0.02,0.148,0.301,0.029,0.332,0.182,0.279,-0.047,-0.082,0.042,0.459,-0.008,0.076,0.322,0.386,0.041,0.006,0.263,0.017,-0.076,0.034,0.117,0.287,0.34,0.341,0.26,0.168,-0.116,0.373,0.316,0.156,0.145,0.054,0.287,0.277,0.167,0.396,0.083,0.434,0.024,0.198,0.093,0.098,0.376,0.174,-0.071,0.194,0.235,-0.056,-0.116,0.117,0.232,-0.024,0.071,0.216,0.181,-0.022,0.189,0.078,0.015,0.434,0.172,0.262,0.053,0.133,-0.034,0.254,0.23,0.375,0.2,0.226,0.121,-0.052,0.276,0.16,0.293,0.356,0.459,0.027,0.195,0.29,0.554,0.34,0.083,0.059,-0.098,0.155,0.14,0.548,0.099,0.199,0.41,0.258,0.193,0.175,0.046,0.342,0.207,0.062,0.207,0.075,0.051,0.325,-0.007,-0.025,0.211,0.129,0.012,-0.044,0.032,-0.016,0.067,0.313,0.133,-0.22
ADSK,0.515,0.803,0.889,-0.799,0.487,-0.525,0.455,0.0,0.752,0.714,0.231,0.289,0.762,0.615,0.825,0.652,0.865,0.892,0.924,0.571,0.712,-0.637,0.182,0.216,0.841,0.492,0.842,0.884,-0.174,0.848,0.691,0.186,0.085,0.585,-0.178,-0.18,0.776,-0.119,0.473,0.623,0.654,-0.571,0.409,0.492,0.263,0.354,0.192,-0.105,0.086,-0.536,0.837,0.656,-0.184,0.864,-0.641,0.836,0.922,0.528,0.891,-0.701,0.896,0.935,0.77,0.791,0.436,0.813,0.413,0.91,0.055,0.846,0.838,0.827,-0.387,0.441,0.347,0.734,0.615,0.838,-0.716,0.578,0.693,0.488,0.822,-0.468,0.64,0.053,0.717,0.937,-0.154,0.798,0.12,0.859,-0.221,-0.74,0.451,0.179,-0.046,0.705,0.687,0.874,0.642,0.506,0.898,-0.129,0.646,0.35,0.5,0.78,0.167,0.535,0.732,0.857,-0.829,0.236,0.843,0.825,-0.279,0.127,0.278,0.897,0.811,0.878,0.596,0.481,-0.318,0.892,0.262,-0.307,0.171,0.747,-0.42,0.696,0.029,0.6,0.387,0.649,0.895,-0.606,0.344,0.865,0.833,-0.066,0.905,0.376,0.691,0.936,0.809,0.863,-0.04,0.78,0.032,0.768,0.605,0.838,0.813,0.524,0.841,-0.628,0.949,0.725,-0.279,0.791,0.456,0.508,0.724,0.573,0.95,0.897,0.577,0.31,0.543,-0.111,-0.241,0.886,-0.318,0.488,0.854,0.231,0.229,0.216,0.212,0.908,0.748,-0.277,0.631,0.822,0.405,0.553,0.482,-0.598,0.702,0.254,-0.072,0.411,-0.641,0.075,-0.166,0.199,0.827,-0.691
AEP,0.571,0.678,0.632,-0.516,0.28,-0.182,0.182,0.752,0.0,0.436,0.183,-0.002,0.747,0.346,0.73,0.632,0.659,0.772,0.657,0.581,0.294,-0.307,0.207,-0.049,0.83,0.132,0.832,0.588,0.078,0.711,0.476,0.443,0.267,0.547,-0.062,-0.143,0.788,0.342,0.158,0.694,0.225,-0.108,0.566,0.447,0.253,0.629,0.273,0.327,0.307,-0.275,0.745,0.623,0.044,0.535,-0.228,0.586,0.623,0.64,0.662,-0.673,0.701,0.737,0.376,0.587,0.597,0.69,0.138,0.648,0.177,0.787,0.545,0.86,-0.057,0.109,0.59,0.723,0.419,0.527,-0.442,0.387,0.691,0.352,0.698,-0.115,0.519,0.365,0.568,0.731,0.002,0.707,0.285,0.704,0.007,-0.476,0.583,0.124,-0.16,0.752,0.701,0.696,0.593,0.231,0.664,-0.029,0.571,0.568,0.611,0.669,0.455,0.85,0.566,0.698,-0.649,0.523,0.504,0.659,-0.044,0.407,-0.106,0.759,0.575,0.609,0.595,0.505,0.007,0.619,0.443,-0.087,0.225,0.768,-0.167,0.582,0.221,0.482,0.264,0.74,0.711,-0.281,0.474,0.829,0.477,0.03,0.632,0.499,0.65,0.691,0.879,0.685,0.302,0.499,0.026,0.838,0.462,0.567,0.758,0.227,0.532,-0.331,0.744,0.515,-0.266,0.468,0.208,0.6,0.477,0.477,0.632,0.823,0.655,0.382,0.524,0.232,0.153,0.632,-0.146,0.462,0.555,0.355,0.597,-0.075,0.566,0.733,0.789,0.174,0.65,0.597,0.654,0.653,0.696,-0.283,0.855,0.339,0.26,0.477,-0.445,0.163,0.192,0.601,0.786,-0.593
AGIO,0.571,0.316,0.655,-0.613,0.666,-0.141,0.351,0.714,0.436,0.0,0.186,-0.075,0.648,0.78,0.761,0.693,0.73,0.729,0.607,0.547,0.737,-0.539,0.457,-0.021,0.536,0.56,0.405,0.787,0.128,0.641,0.851,0.185,-0.138,0.697,0.228,0.337,0.544,-0.194,0.748,0.088,0.776,-0.53,-0.192,0.628,-0.157,0.41,0.476,-0.042,0.287,-0.044,0.725,0.528,-0.178,0.632,-0.454,0.839,0.638,-0.003,0.549,-0.477,0.475,0.65,0.639,0.373,0.618,0.659,0.133,0.801,0.369,0.415,0.758,0.538,-0.225,0.655,0.289,0.68,0.298,0.65,-0.402,0.155,0.591,0.651,0.583,-0.177,0.206,0.194,0.816,0.763,0.079,0.743,0.252,0.851,-0.265,-0.377,-0.183,0.267,0.416,0.285,0.694,0.587,0.544,0.504,0.807,0.327,0.415,0.517,0.638,0.318,0.215,0.236,0.792,0.653,-0.62,0.055,0.463,0.355,-0.015,0.348,0.396,0.584,0.458,0.526,0.666,0.572,-0.593,0.615,0.442,0.065,0.108,0.67,0.008,0.769,0.266,0.692,0.612,0.269,0.529,-0.258,0.555,0.527,0.559,-0.017,0.579,0.038,0.271,0.601,0.387,0.573,0.197,0.657,0.117,0.653,0.121,0.639,0.748,0.8,0.661,-0.412,0.785,0.896,0.264,0.542,0.651,-0.011,0.789,0.328,0.681,0.456,0.191,0.489,0.081,-0.211,-0.13,0.637,-0.032,0.633,0.551,0.509,-0.016,0.487,-0.254,0.797,0.33,-0.4,0.596,0.651,-0.145,0.316,0.148,-0.278,0.556,0.244,-0.492,0.561,-0.349,0.31,0.062,0.105,0.547,-0.549
ALEC,-0.078,0.048,0.048,-0.099,-0.391,0.033,0.457,0.231,0.183,0.186,0.0,0.299,0.229,0.334,0.091,-0.066,-0.074,0.47,0.075,0.058,0.194,0.236,0.215,0.077,0.243,0.085,0.101,0.007,0.033,-0.092,-0.078,0.16,0.115,-0.124,0.011,0.26,-0.138,0.151,0.007,-0.051,-0.065,0.035,-0.019,-0.063,0.154,-0.063,-0.105,0.124,0.016,-0.17,0.132,-0.151,-0.212,-0.035,0.112,-0.076,0.264,0.228,0.323,0.097,0.037,0.021,0.194,-0.055,0.333,0.091,-0.34,0.22,-0.007,0.041,0.136,0.072,0.265,-0.308,0.235,0.177,-0.2,0.004,0.238,0.226,0.049,0.325,-0.025,0.062,0.042,0.175,0.072,0.071,0.325,0.206,0.158,0.098,0.474,0.065,-0.01,0.615,-0.305,-0.06,0.15,0.224,-0.084,-0.395,-0.008,-0.011,-0.007,-0.122,0.117,0.146,0.158,0.388,-0.07,-0.088,0.01,0.392,0.065,0.02,0.168,-0.051,-0.067,0.136,-0.068,0.284,-0.032,0.303,0.13,0.029,0.112,0.32,0.507,0.062,0.06,0.044,0.173,-0.156,-0.162,-0.066,0.053,0.036,-0.019,0.045,-0.102,0.385,0.049,-0.125,-0.081,0.394,-0.016,0.072,0.082,-0.063,0.06,0.174,0.185,0.198,0.157,0.141,-0.107,0.02,0.085,-0.048,0.355,0.022,0.292,0.146,0.067,0.219,0.2,0.271,-0.266,-0.025,-0.172,0.064,0.421,0.489,0.432,0.322,0.07,0.363,0.283,0.056,0.035,0.03,0.224,0.203,-0.046,-0.061,0.042,-0.041,0.001,0.101,0.182,0.153,0.138,-0.156,0.265,-0.02,0.215,0.329,0.085,-0.213
ALNY,-0.356,0.4,0.121,-0.048,-0.295,-0.532,0.463,0.289,-0.002,-0.075,0.299,0.0,-0.045,0.165,-0.179,-0.302,0.038,0.149,0.289,-0.315,0.442,0.032,-0.207,0.771,0.029,-0.026,0.227,0.208,-0.529,-0.012,-0.117,-0.28,0.312,-0.279,-0.493,-0.469,-0.018,-0.236,-0.187,0.387,0.165,-0.14,0.427,-0.06,0.561,-0.355,-0.559,-0.377,-0.439,-0.632,-0.058,-0.161,-0.044,0.172,-0.272,0.054,0.319,0.569,0.35,0.133,0.365,0.147,0.235,0.39,-0.308,0.079,0.452,0.121,-0.442,0.205,-0.016,0.069,-0.106,-0.096,-0.143,-0.235,0.295,0.158,-0.21,0.57,-0.177,-0.161,0.025,-0.51,0.606,-0.508,-0.124,0.103,-0.302,-0.054,-0.254,-0.08,-0.026,-0.338,0.423,0.274,-0.359,0.158,-0.072,0.273,-0.22,0.117,0.008,-0.508,0.058,-0.496,-0.319,0.476,-0.177,0.032,-0.234,0.038,0.042,0.213,0.522,0.383,-0.236,-0.53,0.406,0.165,0.354,0.439,-0.369,-0.135,0.284,0.172,-0.428,-0.443,0.197,-0.206,-0.55,-0.186,-0.346,-0.314,-0.46,0.125,0.253,-0.361,-0.553,0.143,0.33,-0.089,0.257,0.385,0.198,0.365,0.132,0.116,-0.533,-0.006,-0.197,-0.048,0.558,0.091,-0.199,-0.173,0.141,-0.179,0.063,-0.251,-0.284,0.408,0.318,0.342,-0.111,0.326,0.348,0.333,0.24,-0.424,0.319,-0.009,-0.238,0.424,-0.19,-0.256,0.513,-0.423,-0.16,0.07,0.154,0.057,0.258,-0.006,-0.264,-0.008,0.259,-0.02,0.008,-0.401,-0.189,0.025,0.329,-0.482,-0.035,-0.384,-0.453,-0.137,0.002,0.17
ALTR,0.776,0.477,0.771,-0.636,0.495,-0.029,0.27,0.762,0.747,0.648,0.229,-0.045,0.0,0.35,0.882,0.857,0.763,0.793,0.691,0.885,0.429,-0.385,0.525,-0.107,0.737,0.16,0.801,0.701,0.359,0.768,0.7,0.584,0.033,0.588,0.282,0.145,0.724,0.36,0.365,0.512,0.488,-0.194,0.309,0.336,-0.115,0.634,0.626,0.377,0.466,-0.119,0.938,0.777,-0.445,0.639,-0.239,0.62,0.65,0.271,0.72,-0.817,0.604,0.807,0.584,0.481,0.72,0.886,-0.09,0.82,0.54,0.775,0.606,0.811,-0.103,0.39,0.645,0.926,0.144,0.621,-0.461,0.109,0.788,0.564,0.83,0.086,0.218,0.562,0.585,0.745,0.352,0.681,0.504,0.843,0.157,-0.346,0.32,0.211,0.14,0.703,0.889,0.455,0.82,0.358,0.725,0.341,0.764,0.612,0.861,0.36,0.376,0.526,0.733,0.786,-0.682,0.354,0.468,0.488,-0.168,0.485,-0.134,0.572,0.433,0.503,0.815,0.594,-0.319,0.721,0.696,0.05,0.196,0.937,0.082,0.821,0.394,0.633,0.459,0.764,0.779,-0.196,0.713,0.854,0.558,0.369,0.661,0.183,0.695,0.706,0.775,0.818,0.403,0.733,0.33,0.855,0.273,0.563,0.9,0.662,0.618,-0.191,0.809,0.73,-0.061,0.445,0.312,0.388,0.834,0.605,0.659,0.764,0.447,0.735,0.441,0.245,0.151,0.713,0.108,0.857,0.516,0.607,0.485,0.436,0.423,0.804,0.792,0.076,0.727,0.742,0.528,0.683,0.672,-0.189,0.927,0.593,0.102,0.657,-0.542,0.538,0.327,0.199,0.907,-0.526
AMBA,0.138,0.363,0.358,-0.36,0.289,-0.265,0.526,0.615,0.346,0.78,0.334,0.165,0.35,0.0,0.418,0.329,0.45,0.721,0.441,0.112,0.727,-0.242,0.327,0.133,0.372,0.544,0.22,0.55,-0.098,0.358,0.52,-0.067,0.107,0.488,-0.018,0.322,0.308,-0.255,0.499,0.022,0.597,-0.424,-0.224,0.6,0.228,0.164,0.124,-0.151,0.038,-0.228,0.43,0.112,0.078,0.37,-0.345,0.664,0.562,0.251,0.443,-0.044,0.408,0.407,0.467,0.276,0.422,0.413,0.233,0.544,0.036,0.167,0.608,0.32,-0.031,0.304,0.157,0.327,0.31,0.409,-0.121,0.476,0.321,0.415,0.275,-0.339,0.404,-0.013,0.68,0.582,-0.162,0.6,0.066,0.555,-0.213,-0.302,-0.172,0.473,0.127,0.012,0.417,0.647,0.072,0.286,0.567,0.043,0.099,0.3,0.288,0.445,0.202,0.308,0.471,0.357,-0.385,0.234,0.45,0.319,0.237,0.156,0.657,0.591,0.356,0.601,0.218,0.46,-0.267,0.335,0.15,0.059,0.415,0.305,-0.134,0.352,0.094,0.335,0.251,0.046,0.282,-0.197,0.181,0.282,0.357,-0.161,0.385,0.106,-0.025,0.512,0.182,0.316,0.021,0.288,-0.136,0.511,0.302,0.521,0.43,0.442,0.412,-0.33,0.574,0.581,0.363,0.466,0.754,0.011,0.368,0.194,0.599,0.386,0.072,0.027,0.001,-0.276,-0.059,0.631,0.02,0.31,0.505,0.298,0.075,0.246,-0.259,0.553,0.229,-0.288,0.308,0.311,-0.254,0.089,-0.12,-0.21,0.298,0.132,-0.37,0.238,0.042,-0.078,-0.076,0.295,0.223,-0.426
AMCX,0.833,0.52,0.867,-0.765,0.659,-0.135,0.23,0.825,0.73,0.761,0.091,-0.179,0.882,0.418,0.0,0.887,0.89,0.761,0.768,0.857,0.452,-0.624,0.398,-0.165,0.816,0.382,0.763,0.813,0.242,0.885,0.813,0.506,-0.089,0.685,0.22,0.083,0.825,0.119,0.532,0.467,0.567,-0.414,0.215,0.495,-0.125,0.624,0.604,0.2,0.452,-0.12,0.944,0.841,-0.292,0.781,-0.437,0.782,0.717,0.156,0.706,-0.861,0.662,0.874,0.666,0.558,0.667,0.819,0.088,0.898,0.452,0.801,0.78,0.839,-0.284,0.524,0.503,0.929,0.341,0.745,-0.621,0.134,0.811,0.608,0.847,-0.076,0.233,0.425,0.72,0.855,0.165,0.792,0.352,0.932,-0.124,-0.504,0.256,0.034,0.25,0.686,0.82,0.629,0.888,0.451,0.877,0.274,0.687,0.638,0.798,0.425,0.3,0.484,0.895,0.886,-0.823,0.16,0.528,0.579,-0.235,0.473,-0.061,0.709,0.571,0.565,0.887,0.579,-0.516,0.829,0.609,-0.036,0.043,0.948,-0.034,0.906,0.323,0.76,0.643,0.67,0.803,-0.338,0.729,0.849,0.66,0.147,0.76,0.144,0.673,0.741,0.783,0.847,0.355,0.832,0.287,0.82,0.236,0.765,0.966,0.731,0.759,-0.419,0.909,0.874,-0.116,0.562,0.263,0.288,0.901,0.454,0.737,0.742,0.487,0.712,0.395,0.033,-0.06,0.671,-0.134,0.758,0.573,0.554,0.31,0.338,0.216,0.902,0.677,-0.191,0.855,0.849,0.364,0.658,0.572,-0.309,0.867,0.319,-0.185,0.675,-0.683,0.474,0.189,0.189,0.896,-0.705
AMKR,0.884,0.283,0.693,-0.527,0.758,0.115,0.159,0.652,0.632,0.693,-0.066,-0.302,0.857,0.329,0.887,0.0,0.812,0.618,0.558,0.84,0.354,-0.462,0.549,-0.246,0.606,0.201,0.617,0.701,0.49,0.771,0.811,0.591,-0.117,0.732,0.442,0.271,0.735,0.275,0.452,0.345,0.53,-0.195,0.116,0.565,-0.294,0.767,0.787,0.399,0.618,0.162,0.879,0.864,-0.248,0.596,-0.192,0.708,0.467,0.032,0.473,-0.785,0.442,0.74,0.434,0.387,0.709,0.81,-0.026,0.718,0.712,0.645,0.575,0.723,-0.108,0.606,0.62,0.869,0.136,0.576,-0.447,-0.099,0.775,0.493,0.75,0.192,0.029,0.588,0.628,0.696,0.277,0.717,0.549,0.86,-0.107,-0.233,0.085,-0.027,0.46,0.655,0.853,0.371,0.865,0.452,0.761,0.561,0.668,0.749,0.874,0.17,0.464,0.365,0.882,0.798,-0.634,0.162,0.33,0.32,-0.06,0.656,-0.096,0.497,0.356,0.289,0.936,0.681,-0.454,0.642,0.762,0.098,-0.01,0.919,0.259,0.872,0.51,0.774,0.685,0.691,0.664,-0.082,0.88,0.73,0.496,0.159,0.554,0.197,0.554,0.484,0.656,0.732,0.514,0.75,0.337,0.778,-0.024,0.57,0.866,0.739,0.612,-0.137,0.755,0.845,0.01,0.432,0.236,0.198,0.83,0.405,0.584,0.555,0.466,0.854,0.303,0.268,0.049,0.455,0.022,0.792,0.377,0.608,0.318,0.432,0.228,0.813,0.575,-0.046,0.822,0.754,0.319,0.7,0.533,-0.09,0.858,0.549,-0.103,0.831,-0.584,0.697,0.396,0.156,0.806,-0.482
AMRX,0.712,0.589,0.854,-0.719,0.715,-0.316,0.278,0.865,0.659,0.73,-0.074,0.038,0.763,0.45,0.89,0.812,0.0,0.68,0.82,0.655,0.591,-0.662,0.29,0.068,0.727,0.367,0.747,0.91,0.045,0.873,0.843,0.328,-0.041,0.729,0.06,-0.115,0.801,-0.072,0.459,0.541,0.715,-0.464,0.283,0.592,0.041,0.57,0.448,-0.011,0.329,-0.242,0.831,0.787,-0.208,0.807,-0.563,0.849,0.718,0.281,0.664,-0.777,0.745,0.889,0.627,0.652,0.464,0.794,0.39,0.856,0.309,0.788,0.729,0.83,-0.372,0.645,0.391,0.747,0.528,0.741,-0.722,0.251,0.667,0.394,0.801,-0.289,0.431,0.17,0.675,0.891,-0.108,0.795,0.215,0.861,-0.376,-0.624,0.299,0.039,0.303,0.718,0.753,0.685,0.78,0.661,0.883,0.152,0.622,0.589,0.639,0.534,0.241,0.371,0.854,0.89,-0.775,0.137,0.634,0.655,-0.327,0.334,0.207,0.741,0.719,0.613,0.756,0.481,-0.447,0.832,0.417,-0.274,-0.11,0.819,-0.211,0.845,0.213,0.71,0.572,0.684,0.82,-0.425,0.566,0.833,0.786,-0.133,0.804,0.345,0.671,0.722,0.771,0.836,0.149,0.828,0.087,0.749,0.335,0.753,0.841,0.636,0.816,-0.485,0.893,0.822,-0.255,0.729,0.377,0.261,0.804,0.455,0.802,0.738,0.668,0.547,0.464,0.025,-0.246,0.651,-0.358,0.536,0.723,0.302,0.131,0.299,0.185,0.893,0.61,-0.296,0.786,0.836,0.366,0.633,0.51,-0.435,0.719,0.24,-0.178,0.595,-0.715,0.316,-0.009,0.089,0.805,-0.578
ANSS,0.457,0.662,0.736,-0.681,0.315,-0.324,0.485,0.892,0.772,0.729,0.47,0.149,0.793,0.721,0.761,0.618,0.68,0.0,0.758,0.572,0.644,-0.404,0.326,0.044,0.808,0.466,0.723,0.706,-0.0,0.705,0.592,0.241,0.11,0.572,-0.034,0.108,0.641,0.06,0.454,0.424,0.527,-0.419,0.235,0.422,0.231,0.373,0.255,0.082,0.149,-0.404,0.813,0.506,-0.196,0.665,-0.41,0.691,0.836,0.485,0.838,-0.561,0.731,0.777,0.688,0.584,0.623,0.774,0.123,0.824,0.156,0.668,0.787,0.719,-0.172,0.248,0.465,0.757,0.382,0.684,-0.42,0.544,0.688,0.606,0.714,-0.267,0.485,0.269,0.717,0.824,0.046,0.79,0.275,0.806,0.049,-0.517,0.275,0.378,-0.119,0.516,0.693,0.765,0.514,0.264,0.774,-0.002,0.559,0.418,0.568,0.658,0.275,0.656,0.638,0.687,-0.73,0.374,0.645,0.639,-0.017,0.234,0.212,0.817,0.58,0.8,0.549,0.589,-0.234,0.708,0.391,-0.024,0.43,0.717,-0.196,0.608,0.144,0.515,0.337,0.518,0.719,-0.393,0.419,0.738,0.591,0.132,0.719,0.213,0.495,0.864,0.674,0.72,0.124,0.625,0.041,0.794,0.495,0.739,0.802,0.506,0.642,-0.456,0.852,0.67,0.013,0.584,0.522,0.479,0.648,0.556,0.817,0.802,0.325,0.326,0.359,-0.071,0.057,0.875,-0.008,0.617,0.646,0.444,0.426,0.19,0.197,0.795,0.717,-0.117,0.552,0.663,0.31,0.466,0.43,-0.36,0.751,0.363,-0.047,0.422,-0.357,0.122,0.049,0.386,0.747,-0.683
APPN,0.42,0.863,0.949,-0.896,0.508,-0.688,0.229,0.924,0.657,0.607,0.075,0.289,0.691,0.441,0.768,0.558,0.82,0.758,0.0,0.578,0.683,-0.786,-0.005,0.213,0.808,0.554,0.876,0.859,-0.328,0.89,0.659,0.018,-0.07,0.514,-0.321,-0.386,0.775,-0.269,0.516,0.648,0.679,-0.712,0.49,0.324,0.246,0.169,0.069,-0.277,-0.13,-0.664,0.793,0.67,-0.271,0.944,-0.804,0.759,0.948,0.453,0.921,-0.767,0.951,0.952,0.842,0.891,0.233,0.823,0.52,0.888,-0.086,0.876,0.844,0.776,-0.626,0.486,0.11,0.678,0.734,0.916,-0.872,0.59,0.669,0.449,0.882,-0.585,0.674,-0.119,0.691,0.921,-0.254,0.658,-0.065,0.788,-0.271,-0.89,0.52,-0.015,-0.128,0.724,0.548,0.795,0.645,0.629,0.856,-0.29,0.732,0.215,0.396,0.808,-0.122,0.342,0.627,0.87,-0.898,0.022,0.892,0.923,-0.54,-0.076,0.283,0.858,0.912,0.883,0.522,0.225,-0.427,0.953,0.096,-0.531,0.0,0.686,-0.589,0.622,-0.225,0.622,0.371,0.627,0.931,-0.779,0.208,0.866,0.936,-0.102,0.983,0.347,0.819,0.914,0.811,0.833,-0.254,0.855,0.035,0.638,0.63,0.777,0.754,0.466,0.937,-0.757,0.928,0.671,-0.51,0.777,0.313,0.569,0.723,0.556,0.868,0.852,0.596,0.216,0.664,-0.275,-0.457,0.813,-0.498,0.379,0.867,0.019,0.06,0.179,0.173,0.847,0.717,-0.437,0.502,0.889,0.432,0.444,0.506,-0.768,0.586,0.14,-0.115,0.328,-0.772,-0.026,-0.392,-0.058,0.836,-0.662
APTO,0.828,0.317,0.735,-0.651,0.564,0.075,-0.015,0.571,0.581,0.547,0.058,-0.315,0.885,0.112,0.857,0.84,0.655,0.572,0.578,0.0,0.218,-0.47,0.502,-0.328,0.656,0.163,0.68,0.564,0.425,0.721,0.645,0.606,-0.145,0.501,0.365,0.18,0.654,0.345,0.411,0.376,0.374,-0.226,0.195,0.201,-0.35,0.565,0.714,0.388,0.478,0.035,0.878,0.82,-0.471,0.605,-0.216,0.512,0.509,-0.045,0.585,-0.873,0.447,0.713,0.546,0.37,0.662,0.775,-0.231,0.747,0.593,0.68,0.576,0.678,-0.198,0.439,0.5,0.926,0.041,0.6,-0.472,-0.131,0.804,0.606,0.804,0.22,-0.037,0.614,0.508,0.606,0.465,0.521,0.432,0.776,0.191,-0.27,0.22,-0.053,0.226,0.621,0.749,0.262,0.888,0.293,0.656,0.419,0.78,0.576,0.829,0.138,0.231,0.333,0.72,0.741,-0.669,0.112,0.322,0.36,-0.247,0.498,-0.355,0.416,0.303,0.308,0.863,0.463,-0.48,0.681,0.72,0.112,0.018,0.913,0.163,0.803,0.365,0.698,0.572,0.657,0.691,-0.194,0.752,0.745,0.477,0.471,0.574,-0.028,0.662,0.542,0.66,0.742,0.436,0.737,0.507,0.701,0.084,0.478,0.867,0.701,0.575,-0.188,0.712,0.732,-0.093,0.268,0.029,0.277,0.854,0.476,0.471,0.579,0.29,0.815,0.385,0.126,0.097,0.489,0.117,0.862,0.302,0.614,0.388,0.439,0.315,0.695,0.654,-0.006,0.708,0.743,0.414,0.565,0.616,-0.158,0.84,0.513,-0.018,0.714,-0.622,0.639,0.338,0.025,0.864,-0.524
ARCT,0.187,0.528,0.613,-0.542,0.424,-0.542,0.48,0.712,0.294,0.737,0.194,0.442,0.429,0.727,0.452,0.354,0.591,0.644,0.683,0.218,0.0,-0.509,0.165,0.34,0.398,0.53,0.427,0.773,-0.32,0.538,0.668,-0.196,-0.054,0.491,-0.219,-0.087,0.389,-0.432,0.564,0.244,0.78,-0.628,0.107,0.439,0.214,0.043,-0.033,-0.408,-0.167,-0.471,0.526,0.315,-0.157,0.647,-0.636,0.699,0.723,0.311,0.646,-0.307,0.648,0.611,0.647,0.601,0.195,0.607,0.508,0.684,-0.053,0.402,0.624,0.425,-0.385,0.538,-0.017,0.364,0.558,0.683,-0.512,0.521,0.392,0.372,0.532,-0.543,0.584,-0.268,0.613,0.708,-0.252,0.544,-0.044,0.627,-0.333,-0.597,0.063,0.315,0.13,0.293,0.45,0.612,0.273,0.613,0.675,-0.109,0.401,0.064,0.217,0.564,-0.051,0.083,0.489,0.579,-0.54,0.034,0.724,0.557,-0.19,-0.155,0.691,0.582,0.654,0.711,0.265,0.37,-0.389,0.617,0.003,-0.365,0.092,0.366,-0.414,0.449,-0.136,0.47,0.239,0.28,0.572,-0.519,0.064,0.491,0.705,-0.223,0.661,0.274,0.362,0.657,0.344,0.482,-0.317,0.578,-0.105,0.433,0.448,0.516,0.427,0.524,0.699,-0.532,0.665,0.591,-0.023,0.651,0.738,0.259,0.527,0.481,0.747,0.503,0.303,0.037,0.308,-0.344,-0.397,0.691,-0.268,0.249,0.788,0.005,-0.216,0.351,-0.205,0.68,0.351,-0.462,0.259,0.574,-0.028,0.224,0.101,-0.586,0.253,0.206,-0.268,0.145,-0.346,-0.089,-0.364,-0.117,0.42,-0.35
ARWR,-0.329,-0.589,-0.816,0.865,-0.673,0.624,0.033,-0.637,-0.307,-0.539,0.236,0.032,-0.385,-0.242,-0.624,-0.462,-0.662,-0.404,-0.786,-0.47,-0.509,0.0,0.214,0.01,-0.585,-0.711,-0.553,-0.686,0.366,-0.778,-0.598,0.18,0.422,-0.435,0.261,0.308,-0.591,0.568,-0.683,-0.293,-0.647,0.87,-0.195,-0.271,0.112,0.021,-0.056,0.496,0.204,0.441,-0.558,-0.599,0.215,-0.879,0.894,-0.679,-0.739,0.014,-0.65,0.683,-0.699,-0.76,-0.751,-0.731,-0.002,-0.575,-0.512,-0.7,0.108,-0.625,-0.801,-0.47,0.815,-0.665,0.211,-0.51,-0.702,-0.877,0.893,-0.324,-0.562,-0.46,-0.723,0.549,-0.333,0.307,-0.621,-0.751,0.306,-0.525,0.246,-0.662,0.539,0.812,-0.178,0.439,-0.055,-0.505,-0.273,-0.592,-0.577,-0.654,-0.754,0.228,-0.559,-0.077,-0.211,-0.531,0.349,0.043,-0.595,-0.741,0.83,0.509,-0.673,-0.692,0.591,0.201,-0.256,-0.624,-0.804,-0.613,-0.504,-0.053,0.701,-0.843,0.074,0.514,0.363,-0.504,0.529,-0.53,0.323,-0.708,-0.574,-0.325,-0.715,0.816,-0.191,-0.579,-0.845,0.287,-0.832,-0.099,-0.591,-0.624,-0.496,-0.633,0.366,-0.851,-0.098,-0.319,-0.283,-0.693,-0.587,-0.504,-0.908,0.859,-0.749,-0.673,0.516,-0.649,-0.032,-0.287,-0.652,-0.2,-0.651,-0.461,-0.374,-0.172,-0.402,0.513,0.708,-0.462,0.643,-0.204,-0.619,0.134,0.329,-0.101,0.252,-0.694,-0.279,0.764,-0.343,-0.856,-0.037,-0.199,-0.258,0.8,-0.285,0.156,0.493,-0.345,0.846,0.027,0.517,0.327,-0.604,0.686
ASND,0.614,-0.206,0.091,0.036,0.336,0.543,0.19,0.182,0.207,0.457,0.215,-0.207,0.525,0.327,0.398,0.549,0.29,0.326,-0.005,0.502,0.165,0.214,0.0,-0.19,0.126,-0.202,0.097,0.257,0.599,0.113,0.447,0.681,0.232,0.362,0.538,0.61,0.139,0.546,0.151,-0.0,0.146,0.285,-0.216,0.327,-0.309,0.61,0.762,0.633,0.7,0.478,0.422,0.333,-0.239,-0.022,0.353,0.295,-0.016,-0.166,0.023,-0.181,-0.109,0.148,0.015,-0.229,0.736,0.327,-0.496,0.348,0.73,0.061,0.064,0.281,0.493,0.293,0.581,0.51,-0.445,-0.001,0.239,-0.373,0.402,0.34,0.186,0.566,-0.22,0.709,0.237,0.124,0.643,0.288,0.489,0.43,0.422,0.359,-0.197,0.4,0.592,0.107,0.615,-0.041,0.4,0.049,0.267,0.754,0.213,0.571,0.657,-0.267,0.572,0.194,0.472,0.208,0.012,0.47,-0.058,-0.233,0.438,0.712,-0.167,-0.037,-0.288,-0.11,0.527,0.628,-0.085,0.032,0.82,0.577,0.241,0.489,0.55,0.552,0.744,0.316,0.325,0.294,0.112,0.434,0.594,0.199,-0.081,0.467,-0.05,-0.069,-0.012,0.061,0.107,0.288,0.679,0.106,0.41,0.501,-0.096,0.04,0.382,0.619,-0.024,0.428,0.227,0.455,0.554,-0.043,0.404,-0.218,0.445,0.224,0.165,0.186,0.001,0.656,-0.001,0.381,0.473,0.197,0.626,0.725,-0.002,0.711,0.433,0.635,0.182,0.315,0.271,0.411,0.542,0.123,0.039,0.36,0.113,0.395,0.505,0.652,0.098,0.486,0.102,0.677,0.691,0.245,0.254,-0.025
ASTH,-0.269,0.313,0.083,0.011,-0.102,-0.435,0.357,0.216,-0.049,-0.021,0.077,0.771,-0.107,0.133,-0.165,-0.246,0.068,0.044,0.213,-0.328,0.34,0.01,-0.19,0.0,0.0,-0.012,0.123,0.225,-0.463,-0.038,-0.026,-0.283,0.286,-0.106,-0.473,-0.425,-0.012,-0.26,-0.064,0.29,0.18,-0.151,0.316,0.092,0.472,-0.281,-0.448,-0.343,-0.368,-0.456,-0.11,-0.107,0.188,0.174,-0.209,0.116,0.179,0.433,0.178,0.174,0.269,0.102,0.138,0.361,-0.252,0.01,0.48,0.06,-0.348,0.126,0.014,0.108,-0.177,0.075,-0.148,-0.246,0.35,0.113,-0.204,0.407,-0.231,-0.063,0.014,-0.485,0.555,-0.438,-0.071,0.061,-0.384,-0.073,-0.25,-0.077,-0.11,-0.257,0.3,0.177,-0.137,0.118,-0.13,0.234,-0.169,0.186,0.066,-0.429,-0.007,-0.391,-0.293,0.392,-0.21,-0.102,-0.124,0.029,0.054,0.163,0.465,0.31,-0.136,-0.336,0.415,0.177,0.304,0.301,-0.311,-0.145,0.225,0.127,-0.367,-0.401,0.161,-0.215,-0.45,-0.122,-0.307,-0.224,-0.372,0.035,0.173,-0.295,-0.495,0.052,0.285,-0.236,0.198,0.396,0.097,0.194,0.102,0.057,-0.436,-0.035,-0.358,-0.103,0.461,0.115,-0.198,-0.178,0.118,-0.167,0.046,-0.175,-0.218,0.457,0.341,0.291,-0.064,0.252,0.29,0.219,0.259,-0.329,0.296,-0.047,-0.3,0.196,-0.304,-0.321,0.394,-0.421,-0.216,0.064,0.039,0.032,0.147,-0.078,-0.143,-0.002,0.142,-0.054,-0.002,-0.326,-0.2,0.008,0.156,-0.346,-0.002,-0.333,-0.43,-0.161,-0.035,0.277
ATSG,0.523,0.759,0.819,-0.787,0.364,-0.385,0.204,0.841,0.83,0.536,0.243,0.029,0.737,0.372,0.816,0.606,0.727,0.808,0.808,0.656,0.398,-0.585,0.126,0.0,0.0,0.391,0.845,0.674,-0.086,0.788,0.503,0.312,0.027,0.476,-0.176,-0.183,0.751,0.071,0.373,0.594,0.351,-0.439,0.445,0.349,0.159,0.377,0.219,0.073,0.136,-0.431,0.785,0.659,-0.119,0.759,-0.49,0.628,0.803,0.443,0.814,-0.764,0.779,0.84,0.659,0.692,0.506,0.725,0.165,0.808,0.071,0.828,0.788,0.829,-0.344,0.247,0.378,0.794,0.508,0.745,-0.645,0.44,0.738,0.571,0.798,-0.281,0.489,0.222,0.631,0.813,-0.03,0.698,0.1,0.777,-0.013,-0.64,0.509,-0.011,-0.19,0.718,0.596,0.774,0.666,0.258,0.774,-0.139,0.645,0.392,0.524,0.712,0.158,0.643,0.627,0.758,-0.818,0.245,0.662,0.759,-0.231,0.206,-0.057,0.837,0.681,0.749,0.633,0.403,-0.259,0.822,0.33,-0.165,0.232,0.768,-0.346,0.629,0.068,0.558,0.374,0.626,0.82,-0.558,0.387,0.828,0.65,0.063,0.802,0.269,0.67,0.837,0.828,0.803,0.095,0.685,0.102,0.731,0.498,0.796,0.837,0.387,0.706,-0.591,0.856,0.604,-0.342,0.599,0.166,0.583,0.643,0.481,0.762,0.851,0.513,0.35,0.515,-0.065,-0.088,0.72,-0.256,0.515,0.611,0.31,0.409,-0.003,0.314,0.785,0.736,-0.138,0.615,0.762,0.498,0.51,0.632,-0.498,0.772,0.182,0.015,0.479,-0.627,0.098,-0.032,0.336,0.849,-0.764
AVTX,-0.01,0.38,0.517,-0.664,0.39,-0.562,0.091,0.492,0.132,0.56,0.085,-0.026,0.16,0.544,0.382,0.201,0.367,0.466,0.554,0.163,0.53,-0.711,-0.202,-0.012,0.391,0.0,0.218,0.458,-0.387,0.479,0.424,-0.417,-0.439,0.321,-0.26,-0.008,0.263,-0.687,0.716,-0.122,0.587,-0.841,-0.177,0.254,0.042,-0.248,-0.11,-0.574,-0.35,-0.404,0.325,0.179,-0.083,0.598,-0.744,0.491,0.645,-0.066,0.52,-0.234,0.459,0.442,0.622,0.458,0.0,0.353,0.381,0.511,-0.218,0.231,0.756,0.152,-0.639,0.415,-0.33,0.274,0.556,0.662,-0.487,0.423,0.312,0.491,0.389,-0.559,0.243,-0.35,0.605,0.565,-0.323,0.459,-0.227,0.465,-0.403,-0.598,-0.185,-0.124,-0.054,0.054,0.04,0.55,0.145,0.347,0.528,-0.252,0.228,-0.019,0.037,0.444,-0.388,-0.062,0.368,0.398,-0.622,-0.446,0.465,0.456,-0.263,-0.269,0.493,0.562,0.553,0.576,0.196,0.026,-0.645,0.537,-0.2,-0.279,-0.088,0.201,-0.402,0.249,-0.407,0.454,0.438,-0.098,0.345,-0.622,0.017,0.204,0.528,-0.286,0.578,-0.124,0.135,0.504,0.125,0.295,-0.403,0.541,-0.128,0.154,0.197,0.609,0.388,0.41,0.647,-0.761,0.541,0.535,-0.107,0.449,0.249,0.116,0.396,0.04,0.49,0.23,-0.036,-0.1,0.053,-0.686,-0.548,0.452,-0.401,0.117,0.38,-0.071,-0.362,-0.04,-0.559,0.431,0.055,-0.802,0.077,0.547,-0.363,-0.174,-0.07,-0.588,0.069,-0.284,-0.673,0.137,-0.34,-0.238,-0.512,-0.198,0.263,-0.61
BCPC,0.527,0.836,0.856,-0.741,0.381,-0.455,0.15,0.842,0.832,0.405,0.101,0.227,0.801,0.22,0.763,0.617,0.747,0.723,0.876,0.68,0.427,-0.553,0.097,0.123,0.845,0.218,0.0,0.721,-0.122,0.824,0.513,0.319,0.148,0.445,-0.234,-0.403,0.807,0.147,0.241,0.851,0.38,-0.347,0.725,0.287,0.263,0.384,0.177,0.092,0.072,-0.536,0.819,0.751,-0.26,0.777,-0.506,0.61,0.8,0.593,0.854,-0.842,0.881,0.912,0.62,0.816,0.386,0.839,0.316,0.797,0.069,0.955,0.633,0.883,-0.361,0.296,0.366,0.758,0.535,0.764,-0.75,0.472,0.73,0.355,0.889,-0.313,0.625,0.155,0.53,0.799,-0.055,0.596,0.1,0.737,-0.021,-0.714,0.742,-0.047,-0.216,0.891,0.659,0.666,0.717,0.439,0.729,-0.188,0.816,0.309,0.546,0.747,0.12,0.555,0.55,0.848,-0.779,0.268,0.755,0.853,-0.408,0.114,-0.064,0.766,0.758,0.743,0.588,0.299,-0.146,0.861,0.297,-0.398,0.107,0.783,-0.428,0.608,-0.011,0.546,0.274,0.862,0.939,-0.592,0.321,0.961,0.782,0.115,0.87,0.485,0.9,0.826,0.95,0.874,-0.008,0.733,0.166,0.768,0.625,0.63,0.762,0.339,0.759,-0.495,0.837,0.535,-0.569,0.657,0.122,0.71,0.632,0.608,0.745,0.942,0.728,0.354,0.767,0.08,-0.171,0.734,-0.302,0.466,0.741,0.132,0.373,0.112,0.561,0.79,0.899,-0.027,0.558,0.799,0.754,0.629,0.754,-0.579,0.773,0.353,0.284,0.411,-0.738,0.154,-0.098,0.137,0.924,-0.584
BEAM,0.622,0.632,0.862,-0.716,0.71,-0.414,0.302,0.884,0.588,0.787,0.007,0.208,0.701,0.55,0.813,0.701,0.91,0.706,0.859,0.564,0.773,-0.686,0.257,0.225,0.674,0.458,0.721,0.0,-0.124,0.853,0.87,0.174,-0.019,0.707,-0.067,-0.175,0.756,-0.214,0.6,0.536,0.797,-0.575,0.312,0.565,0.105,0.409,0.296,-0.155,0.155,-0.33,0.8,0.751,-0.196,0.851,-0.647,0.896,0.784,0.316,0.738,-0.705,0.792,0.886,0.676,0.76,0.4,0.799,0.494,0.876,0.198,0.757,0.741,0.747,-0.443,0.694,0.258,0.684,0.618,0.83,-0.751,0.362,0.633,0.42,0.799,-0.414,0.553,0.007,0.706,0.897,-0.174,0.793,0.141,0.861,-0.364,-0.697,0.294,0.126,0.301,0.685,0.71,0.734,0.717,0.733,0.912,0.054,0.647,0.406,0.531,0.6,0.122,0.271,0.811,0.887,-0.762,0.096,0.768,0.715,-0.336,0.154,0.376,0.749,0.778,0.695,0.668,0.474,-0.455,0.856,0.303,-0.373,-0.093,0.722,-0.323,0.821,0.074,0.715,0.537,0.615,0.834,-0.523,0.422,0.795,0.849,-0.148,0.852,0.397,0.672,0.774,0.704,0.793,-0.016,0.823,0.018,0.679,0.456,0.732,0.76,0.663,0.88,-0.555,0.895,0.817,-0.251,0.746,0.523,0.336,0.794,0.495,0.85,0.729,0.617,0.426,0.555,-0.126,-0.368,0.706,-0.385,0.48,0.834,0.201,-0.043,0.393,0.072,0.901,0.602,-0.379,0.688,0.855,0.284,0.561,0.41,-0.575,0.606,0.272,-0.193,0.437,-0.672,0.234,-0.156,-0.027,0.762,-0.525
BILI,0.537,-0.505,-0.145,0.263,0.132,0.809,0.021,-0.174,0.078,0.128,0.033,-0.529,0.359,-0.098,0.242,0.49,0.045,-0.0,-0.328,0.425,-0.32,0.366,0.599,-0.463,-0.086,-0.387,-0.122,-0.124,0.0,-0.034,0.183,0.663,-0.013,0.174,0.92,0.665,0.063,0.661,-0.101,-0.217,-0.095,0.535,-0.34,0.107,-0.538,0.649,0.787,0.751,0.81,0.745,0.229,0.23,-0.189,-0.291,0.632,-0.077,-0.365,-0.332,-0.287,-0.135,-0.435,-0.127,-0.223,-0.478,0.58,0.088,-0.663,-0.06,0.827,-0.102,-0.223,0.053,0.536,-0.018,0.649,0.319,-0.635,-0.329,0.422,-0.661,0.144,0.108,-0.056,0.79,-0.64,0.84,-0.043,-0.144,0.646,0.067,0.811,0.127,0.293,0.632,-0.331,0.181,0.465,-0.035,0.432,-0.414,0.299,-0.227,-0.085,0.861,0.053,0.61,0.629,-0.608,0.599,0.157,0.255,-0.027,0.179,0.29,-0.544,-0.526,0.324,0.782,-0.449,-0.319,-0.534,-0.506,0.469,0.426,-0.054,-0.237,0.764,0.661,0.131,0.373,0.909,0.33,0.745,0.087,0.247,0.145,-0.179,0.73,0.751,0.006,-0.416,0.44,-0.356,-0.272,-0.124,-0.272,-0.024,-0.024,0.849,-0.04,0.388,0.267,-0.595,-0.193,0.257,0.307,-0.309,0.646,-0.086,0.181,0.542,-0.408,-0.044,-0.335,0.225,-0.028,-0.248,-0.174,-0.141,0.752,-0.334,0.617,0.631,-0.177,0.594,0.581,-0.434,0.766,0.397,0.331,0.193,0.014,0.009,0.472,0.381,-0.112,0.033,0.325,0.145,0.746,0.441,0.426,0.07,0.486,0.197,0.759,0.858,0.247,0.114,0.157
BJRI,0.651,0.687,0.925,-0.814,0.659,-0.412,0.142,0.848,0.711,0.641,-0.092,-0.012,0.768,0.358,0.885,0.771,0.873,0.705,0.89,0.721,0.538,-0.778,0.113,-0.038,0.788,0.479,0.824,0.853,-0.034,0.0,0.769,0.216,-0.163,0.69,-0.039,-0.185,0.908,-0.101,0.534,0.57,0.649,-0.579,0.395,0.41,0.05,0.44,0.348,-0.058,0.15,-0.352,0.883,0.829,-0.21,0.894,-0.662,0.793,0.799,0.262,0.794,-0.874,0.826,0.926,0.72,0.788,0.382,0.84,0.395,0.844,0.219,0.865,0.806,0.784,-0.552,0.536,0.27,0.779,0.624,0.855,-0.817,0.369,0.773,0.463,0.902,-0.34,0.43,0.125,0.708,0.911,-0.138,0.765,0.167,0.854,-0.302,-0.747,0.389,-0.124,0.101,0.764,0.664,0.686,0.812,0.621,0.893,0.005,0.775,0.468,0.577,0.61,0.063,0.385,0.795,0.941,-0.915,0.011,0.698,0.772,-0.447,0.194,0.14,0.786,0.79,0.671,0.745,0.391,-0.509,0.909,0.332,-0.381,-0.123,0.83,-0.313,0.767,-0.016,0.75,0.584,0.701,0.88,-0.567,0.53,0.866,0.819,-0.074,0.884,0.29,0.805,0.773,0.826,0.816,0.038,0.908,0.107,0.685,0.376,0.778,0.861,0.555,0.911,-0.617,0.92,0.783,-0.408,0.631,0.215,0.467,0.807,0.422,0.765,0.743,0.616,0.483,0.6,-0.12,-0.327,0.652,-0.449,0.512,0.703,0.209,0.129,0.204,0.199,0.888,0.666,-0.374,0.688,0.926,0.422,0.602,0.569,-0.577,0.722,0.211,-0.167,0.529,-0.809,0.261,-0.145,0.027,0.89,-0.681
BLUE,0.743,0.332,0.736,-0.588,0.821,-0.122,0.166,0.691,0.476,0.851,-0.078,-0.117,0.7,0.52,0.813,0.811,0.843,0.592,0.659,0.645,0.668,-0.598,0.447,-0.026,0.503,0.424,0.513,0.87,0.183,0.769,0.0,0.27,-0.173,0.814,0.237,0.111,0.654,-0.131,0.668,0.258,0.806,-0.483,0.009,0.623,-0.163,0.539,0.551,-0.01,0.351,0.001,0.786,0.74,-0.186,0.695,-0.466,0.827,0.571,0.023,0.516,-0.656,0.535,0.733,0.554,0.497,0.534,0.754,0.293,0.781,0.476,0.555,0.659,0.63,-0.337,0.761,0.303,0.708,0.394,0.671,-0.559,0.055,0.633,0.474,0.716,-0.151,0.247,0.214,0.746,0.793,-0.004,0.739,0.305,0.852,-0.353,-0.443,-0.027,0.132,0.565,0.503,0.729,0.507,0.741,0.72,0.834,0.379,0.566,0.584,0.679,0.275,0.194,0.135,0.876,0.799,-0.667,0.002,0.475,0.428,-0.218,0.382,0.302,0.558,0.539,0.435,0.765,0.564,-0.601,0.676,0.484,-0.141,-0.163,0.758,0.015,0.863,0.246,0.794,0.698,0.498,0.639,-0.267,0.639,0.648,0.653,-0.09,0.649,0.222,0.513,0.54,0.53,0.625,0.213,0.775,0.114,0.648,0.114,0.567,0.769,0.802,0.757,-0.369,0.786,0.912,0.01,0.538,0.535,0.105,0.838,0.409,0.642,0.488,0.447,0.619,0.317,-0.075,-0.253,0.506,-0.206,0.589,0.583,0.378,-0.053,0.479,-0.087,0.826,0.446,-0.376,0.742,0.781,0.072,0.52,0.32,-0.312,0.613,0.345,-0.363,0.596,-0.548,0.448,0.074,-0.061,0.673,-0.429
