,AAL,AAON,ACB,ACGL,ACGLO,ACIW,ADBE,ADSK,AEP,AGIO,ALEC,ALNY,ALTR,AMBA,AMCX,AMKR,AMRX,ANSS,APPN,APTO,ARCT,ARWR,ASND,ASTH,ATSG,AVTX,BCPC,BEAM,BILI,BJRI,BLUE,BPOP,BRKL,BWIN,BZUN,CARG,CBRL,CBSH,CBUS,CENTA,CERS,CFFN,CHCO,CHEF,CHRD,CINF,CLLS,CMCO,CMCSA,COLL,COMM,COOP,CPB,CRON,CROX,CRUS,CRWD,CTAS,CYBR,CYTK,DGII,DIOD,DOMO,DPZ,DSGR,DXCM,ERIE,ESTA,EXEL,FAST,FCEL,FCFS,FHB,FITBI,FSV,FTDR,FUTU,GLDD,GLPG,GLPI,GOGO,GOSS,GSAT,GYRE,HALO,HAS,HLIT,HLNE,HSDT,HSIC,HTHT,ICHR,IDYA,IMVT,INDB,INSM,IONS,IOSP,ITRI,JBHT,JBLU,JSM,KLIC,KOD,KURA,LAB,LASR,LIN,LKQ,LNT,MBUU,MCRI,MDGL,MEDP,MGNI,MGPI,MGRC,MKTX,MRNA,MRTN,MSEX,MSFT,MU,NAVI,NBTB,NEO,NEOG,NGNE,NSSC,NTAP,NTES,NTLA,NTRS,NYMTN,OBLG,OCFC,ON,ONC,OPI,OSIS,OSW,PALI,PANW,PCAR,PCRX,PCTY,PEBO,PLAB,PLAY,PLMR,PLSE,PLUS,PRTA,PSEC,PSNL,PTCT,PTON,QNST,QRVO,QTTB,RARE,RBCAA,RGNX,SAIC,SGMO,SINT,SNPS,SPSC,SPTN,SSYS,STNE,TBBK,TCPC,TENB,TGTX,TREE,TRUP,TTWO,TW,TXG,UBSI,UCTT,UFPT,UMBF,UPBD,URBN,VBTX,VCTR,VEON,VNET,VRSK,VSEC,WABC,WTFCM,WVE,WW,WWD,XEL,ZD,ZYME
AAL,0.0,0.826,-0.776,-0.361,-0.594,0.709,0.639,0.734,-0.825,0.743,0.469,-0.684,0.254,0.529,0.778,-0.6,0.589,0.669,0.727,-0.02,-0.249,0.478,-0.274,-0.655,0.655,0.352,0.672,0.674,-0.012,0.407,-0.764,0.347,0.908,-0.476,-0.846,0.694,0.015,0.825,0.771,0.748,0.69,0.775,0.799,0.606,0.237,0.894,0.052,0.675,0.674,-0.687,-0.522,0.687,-0.732,-0.544,-0.737,-0.705,0.755,0.613,0.276,0.386,0.67,-0.505,0.829,0.473,0.261,0.041,-0.624,-0.285,0.692,0.8,-0.609,0.076,0.844,0.513,0.104,0.651,0.072,0.363,-0.587,-0.743,0.547,-0.582,0.625,0.341,0.36,-0.809,-0.457,0.818,0.174,-0.722,-0.573,0.67,0.207,-0.11,0.802,-0.067,-0.328,0.746,0.688,0.722,-0.213,-0.27,0.757,0.845,-0.114,0.176,0.124,-0.668,0.36,-0.299,0.388,0.884,0.573,0.433,0.753,-0.426,0.83,-0.667,-0.686,0.706,0.491,0.068,-0.238,0.261,0.823,0.775,0.654,-0.146,-0.309,-0.025,0.044,-0.473,0.781,-0.808,-0.005,0.791,0.123,-0.795,-0.707,0.529,0.844,-0.76,0.643,0.735,-0.173,0.73,0.81,0.659,0.804,0.612,0.277,-0.353,0.378,-0.71,-0.086,0.62,0.719,0.543,-0.712,-0.61,-0.785,0.814,0.412,-0.09,0.747,-0.753,0.747,-0.088,-0.66,0.711,-0.275,0.267,0.689,0.306,0.818,-0.365,-0.082,0.791,-0.441,-0.131,0.855,0.172,0.545,0.799,0.632,0.77,0.762,0.709,0.678,-0.035,0.742,0.835,0.802,0.68,0.355,-0.756,0.696,0.692,0.78,0.73
AAON,0.826,0.0,-0.833,-0.338,-0.513,0.837,0.711,0.867,-0.844,0.941,0.656,-0.587,0.095,0.589,0.743,-0.543,0.768,0.789,0.735,0.136,0.021,0.669,-0.199,-0.793,0.724,0.202,0.742,0.856,0.024,0.159,-0.814,0.453,0.913,-0.376,-0.885,0.887,-0.324,0.914,0.93,0.826,0.819,0.78,0.88,0.732,0.365,0.91,0.187,0.803,0.599,-0.774,-0.775,0.889,-0.826,-0.505,-0.697,-0.714,0.876,0.847,0.402,0.668,0.809,-0.464,0.887,0.692,0.318,0.055,-0.627,-0.318,0.718,0.874,-0.81,0.15,0.863,0.422,-0.018,0.789,0.081,0.571,-0.486,-0.778,0.652,-0.589,0.765,0.465,0.519,-0.759,-0.335,0.943,0.305,-0.842,-0.619,0.781,0.447,-0.081,0.895,0.041,-0.32,0.821,0.765,0.81,-0.101,-0.131,0.698,0.903,0.1,0.261,-0.111,-0.655,0.507,-0.185,0.247,0.849,0.656,0.632,0.853,-0.382,0.768,-0.764,-0.818,0.841,0.658,0.049,-0.147,0.268,0.89,0.877,0.76,-0.027,-0.276,0.18,-0.2,-0.229,0.772,-0.801,0.249,0.857,-0.054,-0.732,-0.759,0.677,0.87,-0.733,0.83,0.839,-0.117,0.809,0.887,0.757,0.711,0.742,0.457,-0.322,0.315,-0.913,-0.199,0.739,0.752,0.61,-0.668,-0.621,-0.742,0.882,0.661,0.063,0.805,-0.796,0.779,0.141,-0.86,0.752,-0.196,0.458,0.75,0.325,0.894,-0.367,-0.172,0.897,-0.305,-0.218,0.917,0.243,0.694,0.864,0.751,0.9,0.855,0.84,0.805,0.12,0.812,0.932,0.882,0.718,0.653,-0.772,0.853,0.785,0.958,0.874
ACB,-0.776,-0.833,0.0,0.29,0.738,-0.835,-0.83,-0.864,0.794,-0.867,-0.406,0.683,0.115,-0.337,-0.801,0.463,-0.657,-0.783,-0.685,-0.048,0.089,-0.602,0.252,0.768,-0.688,0.003,-0.699,-0.807,0.26,-0.162,0.906,-0.625,-0.875,0.384,0.879,-0.868,0.113,-0.924,-0.768,-0.805,-0.695,-0.703,-0.882,-0.678,-0.528,-0.876,-0.103,-0.888,-0.615,0.757,0.841,-0.826,0.862,0.637,0.659,0.753,-0.91,-0.799,-0.551,-0.612,-0.766,0.629,-0.782,-0.736,-0.263,-0.165,0.572,0.52,-0.715,-0.866,0.83,-0.249,-0.837,-0.456,0.271,-0.785,0.146,-0.607,0.422,0.832,-0.577,0.754,-0.745,-0.193,-0.409,0.671,0.24,-0.849,-0.511,0.815,0.794,-0.742,-0.245,0.288,-0.903,-0.054,0.603,-0.86,-0.737,-0.712,-0.041,0.301,-0.573,-0.915,0.094,-0.201,0.229,0.669,-0.63,0.135,-0.233,-0.759,-0.625,-0.557,-0.865,0.412,-0.619,0.885,0.888,-0.814,-0.647,0.103,0.238,-0.26,-0.88,-0.86,-0.648,0.109,0.246,-0.135,0.019,0.153,-0.708,0.661,-0.365,-0.892,0.285,0.839,0.77,-0.807,-0.825,0.71,-0.871,-0.841,0.169,-0.799,-0.91,-0.649,-0.573,-0.837,-0.366,0.483,-0.081,0.866,0.411,-0.569,-0.692,-0.541,0.682,0.755,0.8,-0.865,-0.719,0.178,-0.62,0.88,-0.721,-0.291,0.827,-0.829,0.528,-0.618,-0.84,-0.385,-0.885,0.333,0.215,-0.887,0.361,0.395,-0.89,-0.229,-0.651,-0.89,-0.83,-0.86,-0.848,-0.736,-0.853,0.032,-0.822,-0.882,-0.881,-0.79,-0.491,0.727,-0.826,-0.841,-0.893,-0.826
ACGL,-0.361,-0.338,0.29,0.0,0.209,-0.334,-0.092,-0.266,0.462,-0.24,-0.42,0.752,-0.198,-0.024,-0.391,0.778,-0.174,-0.243,-0.677,-0.093,0.601,-0.086,0.444,0.333,-0.709,-0.326,-0.378,-0.345,-0.409,0.448,0.477,0.141,-0.477,0.851,0.563,-0.167,0.401,-0.358,-0.515,-0.438,0.049,-0.328,-0.295,-0.205,0.235,-0.262,0.322,-0.176,-0.67,0.602,0.084,-0.227,0.463,0.303,0.776,0.749,-0.179,-0.106,0.481,-0.003,-0.009,0.522,-0.378,-0.309,0.591,0.455,0.843,-0.137,-0.772,-0.452,0.033,0.24,-0.459,-0.767,-0.039,-0.383,-0.439,0.122,0.891,0.441,-0.294,0.444,-0.647,-0.328,-0.578,0.586,0.755,-0.327,-0.024,0.331,0.41,-0.409,0.17,0.139,-0.279,0.656,0.318,-0.236,-0.663,-0.523,0.736,0.82,-0.522,-0.43,0.143,-0.538,-0.339,0.845,0.212,0.686,-0.556,-0.48,-0.779,0.03,-0.243,0.921,-0.617,0.401,0.232,-0.334,-0.23,0.666,0.433,0.672,-0.281,-0.482,-0.452,-0.232,0.821,0.574,0.121,0.642,-0.328,0.54,0.224,-0.281,-0.136,0.626,0.769,0.029,-0.44,0.772,-0.113,-0.188,0.425,-0.603,-0.281,-0.154,-0.545,0.138,0.423,0.473,-0.084,0.345,-0.234,-0.226,-0.757,-0.632,0.816,0.262,0.662,-0.216,0.136,-0.028,-0.498,0.432,-0.497,0.557,0.237,-0.215,0.099,0.213,0.111,0.57,-0.372,0.643,0.266,-0.412,0.855,-0.384,-0.336,0.106,-0.255,-0.373,-0.503,-0.263,-0.154,-0.257,-0.42,0.234,-0.612,-0.339,-0.27,-0.533,0.288,0.311,-0.247,-0.604,-0.283,-0.426
ACGLO,-0.594,-0.513,0.738,0.209,0.0,-0.457,-0.77,-0.553,0.625,-0.513,0.041,0.671,0.102,0.062,-0.685,0.416,-0.524,-0.449,-0.355,0.144,0.287,-0.246,0.17,0.67,-0.473,0.015,-0.376,-0.456,0.526,-0.131,0.712,-0.484,-0.628,0.323,0.654,-0.606,-0.001,-0.68,-0.415,-0.502,-0.417,-0.395,-0.577,-0.329,-0.236,-0.601,-0.303,-0.67,-0.306,0.652,0.618,-0.465,0.726,0.206,0.442,0.518,-0.682,-0.42,-0.457,-0.216,-0.449,0.769,-0.433,-0.376,0.023,-0.423,0.484,0.678,-0.408,-0.535,0.583,-0.196,-0.538,-0.182,0.326,-0.426,0.308,-0.29,0.227,0.669,-0.36,0.764,-0.474,0.13,-0.064,0.46,0.15,-0.514,-0.319,0.618,0.646,-0.396,0.058,0.611,-0.595,0.121,0.75,-0.563,-0.389,-0.322,-0.223,0.369,-0.281,-0.678,0.194,0.161,0.26,0.516,-0.506,-0.073,0.081,-0.476,-0.323,-0.198,-0.77,0.304,-0.34,0.731,0.752,-0.442,-0.277,0.094,0.517,-0.148,-0.582,-0.574,-0.187,0.446,0.313,0.148,-0.394,0.121,-0.495,0.45,-0.34,-0.595,0.449,0.723,0.547,-0.578,-0.494,0.467,-0.594,-0.587,0.384,-0.491,-0.643,-0.275,-0.349,-0.595,0.086,0.679,0.233,0.623,0.356,-0.188,-0.349,-0.202,0.45,0.811,0.729,-0.574,-0.414,0.491,-0.262,0.826,-0.363,-0.165,0.62,-0.818,0.68,-0.445,-0.612,-0.188,-0.691,0.288,0.013,-0.615,0.381,0.533,-0.603,0.163,-0.299,-0.575,-0.55,-0.661,-0.559,-0.304,-0.606,0.072,-0.532,-0.579,-0.585,-0.596,-0.188,0.35,-0.438,-0.656,-0.607,-0.519
ACIW,0.709,0.837,-0.835,-0.334,-0.457,0.0,0.75,0.947,-0.755,0.936,0.714,-0.53,0.023,0.657,0.695,-0.386,0.539,0.96,0.866,0.336,0.073,0.809,-0.119,-0.569,0.814,0.04,0.817,0.897,0.162,0.072,-0.872,0.604,0.883,-0.463,-0.811,0.878,-0.189,0.911,0.844,0.912,0.729,0.839,0.939,0.877,0.654,0.876,-0.048,0.896,0.696,-0.636,-0.783,0.928,-0.785,-0.618,-0.698,-0.797,0.886,0.927,0.497,0.798,0.866,-0.322,0.922,0.877,0.35,-0.171,-0.617,-0.134,0.8,0.945,-0.763,0.339,0.918,0.487,-0.061,0.943,0.225,0.727,-0.49,-0.759,0.78,-0.518,0.868,0.458,0.697,-0.676,-0.275,0.892,0.556,-0.769,-0.569,0.941,0.49,0.052,0.943,0.225,-0.31,0.918,0.883,0.862,-0.128,-0.204,0.761,0.902,0.173,0.493,-0.003,-0.577,0.573,-0.427,0.379,0.818,0.798,0.766,0.727,-0.489,0.738,-0.831,-0.708,0.961,0.839,0.024,0.147,0.312,0.931,0.94,0.864,0.275,-0.245,0.326,-0.3,-0.107,0.779,-0.758,0.331,0.932,-0.038,-0.678,-0.782,0.804,0.918,-0.727,0.874,0.899,0.146,0.917,0.926,0.906,0.693,0.725,0.5,-0.168,0.347,-0.779,-0.294,0.805,0.744,0.711,-0.675,-0.464,-0.673,0.912,0.765,0.183,0.858,-0.722,0.915,0.339,-0.729,0.675,-0.174,0.574,0.796,0.406,0.83,-0.464,-0.511,0.927,-0.243,-0.077,0.923,0.578,0.884,0.939,0.9,0.804,0.898,0.846,0.847,0.298,0.841,0.934,0.929,0.671,0.573,-0.697,0.978,0.728,0.856,0.954
ADBE,0.639,0.711,-0.83,-0.092,-0.77,0.75,0.0,0.867,-0.754,0.808,0.32,-0.463,-0.135,0.293,0.718,-0.247,0.72,0.772,0.547,0.2,0.136,0.704,-0.013,-0.682,0.587,-0.059,0.612,0.771,-0.341,0.208,-0.773,0.728,0.768,-0.244,-0.735,0.859,-0.138,0.857,0.643,0.724,0.748,0.585,0.818,0.642,0.567,0.768,0.356,0.883,0.399,-0.629,-0.816,0.768,-0.75,-0.257,-0.455,-0.581,0.924,0.796,0.686,0.663,0.781,-0.53,0.714,0.639,0.307,0.272,-0.456,-0.536,0.525,0.761,-0.835,0.454,0.73,0.183,-0.259,0.72,-0.214,0.62,-0.148,-0.727,0.625,-0.635,0.626,0.17,0.398,-0.477,-0.017,0.74,0.591,-0.773,-0.708,0.689,0.419,-0.267,0.825,0.265,-0.516,0.815,0.578,0.58,0.275,-0.134,0.469,0.829,0.182,0.08,-0.31,-0.43,0.692,0.02,-0.014,0.606,0.469,0.643,0.881,-0.223,0.467,-0.816,-0.814,0.748,0.558,0.143,-0.155,0.441,0.82,0.796,0.485,-0.209,-0.139,0.215,-0.032,0.102,0.613,-0.512,0.566,0.822,-0.352,-0.661,-0.595,0.831,0.733,-0.51,0.902,0.857,-0.116,0.693,0.844,0.638,0.496,0.821,0.334,-0.449,0.087,-0.789,-0.316,0.552,0.442,0.4,-0.471,-0.66,-0.627,0.801,0.726,-0.08,0.479,-0.841,0.637,0.485,-0.737,0.908,-0.465,0.693,0.798,0.522,0.858,-0.193,-0.206,0.804,-0.194,-0.411,0.803,0.241,0.631,0.798,0.747,0.846,0.812,0.602,0.75,0.087,0.72,0.829,0.808,0.607,0.604,-0.464,0.768,0.66,0.831,0.799
ADSK,0.734,0.867,-0.864,-0.266,-0.553,0.947,0.867,0.0,-0.796,0.961,0.662,-0.503,-0.02,0.599,0.729,-0.35,0.685,0.938,0.799,0.322,0.158,0.854,-0.038,-0.651,0.79,0.019,0.823,0.954,0.001,0.112,-0.857,0.686,0.902,-0.381,-0.843,0.926,-0.223,0.95,0.874,0.928,0.838,0.812,0.965,0.869,0.666,0.905,0.149,0.943,0.629,-0.662,-0.825,0.945,-0.8,-0.534,-0.645,-0.754,0.958,0.952,0.58,0.83,0.922,-0.371,0.91,0.84,0.369,-0.051,-0.591,-0.239,0.752,0.945,-0.84,0.427,0.914,0.393,-0.109,0.931,0.078,0.751,-0.378,-0.769,0.802,-0.563,0.843,0.482,0.671,-0.632,-0.192,0.933,0.583,-0.805,-0.671,0.915,0.581,0.023,0.965,0.275,-0.354,0.955,0.835,0.861,-0.002,-0.155,0.725,0.937,0.254,0.413,-0.129,-0.551,0.694,-0.264,0.271,0.803,0.732,0.801,0.829,-0.407,0.703,-0.85,-0.8,0.961,0.824,0.056,0.068,0.392,0.959,0.955,0.822,0.151,-0.218,0.324,-0.276,-0.023,0.778,-0.72,0.448,0.956,-0.124,-0.694,-0.759,0.869,0.919,-0.682,0.946,0.953,0.091,0.897,0.96,0.88,0.697,0.821,0.494,-0.22,0.329,-0.849,-0.246,0.791,0.68,0.668,-0.636,-0.533,-0.662,0.935,0.799,0.175,0.774,-0.788,0.865,0.425,-0.769,0.792,-0.229,0.678,0.825,0.456,0.897,-0.378,-0.393,0.924,-0.226,-0.149,0.944,0.496,0.872,0.955,0.899,0.882,0.939,0.871,0.852,0.228,0.856,0.965,0.956,0.695,0.652,-0.65,0.96,0.747,0.923,0.964
AEP,-0.825,-0.844,0.794,0.462,0.625,-0.755,-0.754,-0.796,0.0,-0.81,-0.569,0.661,-0.215,-0.5,-0.724,0.609,-0.747,-0.759,-0.761,-0.147,0.188,-0.548,0.294,0.733,-0.714,-0.28,-0.666,-0.76,-0.029,-0.188,0.794,-0.386,-0.9,0.453,0.874,-0.774,0.249,-0.862,-0.834,-0.741,-0.701,-0.729,-0.806,-0.582,-0.253,-0.817,-0.111,-0.694,-0.677,0.785,0.645,-0.734,0.843,0.361,0.767,0.723,-0.827,-0.686,-0.271,-0.487,-0.688,0.564,-0.844,-0.529,-0.191,-0.032,0.695,0.326,-0.74,-0.832,0.724,-0.005,-0.826,-0.496,0.022,-0.676,-0.14,-0.425,0.556,0.842,-0.491,0.609,-0.702,-0.43,-0.5,0.829,0.458,-0.822,-0.323,0.787,0.613,-0.682,-0.247,0.175,-0.812,0.131,0.404,-0.73,-0.713,-0.739,0.241,0.338,-0.723,-0.853,-0.057,-0.238,-0.023,0.702,-0.308,0.3,-0.27,-0.82,-0.653,-0.501,-0.833,0.482,-0.793,0.715,0.719,-0.743,-0.454,-0.054,0.287,-0.178,-0.817,-0.828,-0.624,0.164,0.403,0.028,0.117,0.384,-0.712,0.792,-0.093,-0.796,-0.075,0.822,0.775,-0.548,-0.85,0.81,-0.733,-0.74,0.322,-0.792,-0.815,-0.655,-0.783,-0.573,-0.198,0.467,-0.306,0.794,0.129,-0.674,-0.739,-0.579,0.748,0.598,0.831,-0.789,-0.481,-0.011,-0.751,0.819,-0.804,-0.004,0.767,-0.76,0.2,-0.328,-0.646,-0.274,-0.889,0.355,0.185,-0.865,0.544,0.161,-0.852,-0.112,-0.56,-0.806,-0.703,-0.8,-0.761,-0.667,-0.75,0.103,-0.809,-0.874,-0.799,-0.716,-0.434,0.699,-0.719,-0.746,-0.826,-0.826
AGIO,0.743,0.941,-0.867,-0.24,-0.513,0.936,0.808,0.961,-0.81,0.0,0.684,-0.483,0.011,0.625,0.708,-0.377,0.743,0.912,0.758,0.278,0.168,0.814,-0.093,-0.722,0.736,0.051,0.792,0.935,0.008,0.116,-0.84,0.614,0.895,-0.319,-0.837,0.947,-0.292,0.95,0.908,0.879,0.857,0.811,0.947,0.824,0.601,0.904,0.155,0.908,0.601,-0.699,-0.865,0.954,-0.827,-0.534,-0.633,-0.715,0.947,0.963,0.567,0.835,0.916,-0.371,0.907,0.818,0.42,0.015,-0.561,-0.274,0.72,0.923,-0.886,0.329,0.885,0.379,-0.094,0.89,0.063,0.755,-0.376,-0.778,0.736,-0.571,0.806,0.471,0.609,-0.663,-0.189,0.951,0.524,-0.84,-0.632,0.867,0.565,0.008,0.956,0.244,-0.331,0.913,0.799,0.837,0.001,-0.072,0.682,0.923,0.212,0.346,-0.184,-0.559,0.64,-0.195,0.216,0.811,0.684,0.772,0.853,-0.35,0.698,-0.816,-0.825,0.936,0.784,0.107,0.029,0.383,0.944,0.929,0.808,0.091,-0.181,0.327,-0.289,-0.041,0.781,-0.74,0.383,0.929,-0.131,-0.681,-0.739,0.838,0.9,-0.684,0.936,0.918,0.055,0.861,0.943,0.859,0.656,0.836,0.565,-0.226,0.312,-0.898,-0.303,0.804,0.702,0.634,-0.62,-0.559,-0.665,0.934,0.814,0.152,0.801,-0.78,0.833,0.39,-0.848,0.76,-0.195,0.633,0.843,0.459,0.901,-0.344,-0.322,0.94,-0.189,-0.227,0.943,0.429,0.819,0.927,0.848,0.893,0.933,0.875,0.863,0.232,0.832,0.968,0.945,0.707,0.73,-0.741,0.955,0.763,0.963,0.943
ALEC,0.469,0.656,-0.406,-0.42,0.041,0.714,0.32,0.662,-0.569,0.684,0.0,-0.224,0.099,0.773,0.285,-0.35,0.474,0.712,0.764,0.457,0.244,0.729,-0.076,-0.242,0.615,0.123,0.617,0.75,0.599,-0.038,-0.447,0.275,0.633,-0.328,-0.529,0.529,-0.343,0.57,0.778,0.683,0.58,0.637,0.646,0.714,0.401,0.59,-0.162,0.479,0.647,-0.321,-0.354,0.714,-0.408,-0.458,-0.584,-0.553,0.508,0.672,0.054,0.711,0.629,0.046,0.746,0.633,0.32,-0.535,-0.452,0.307,0.691,0.714,-0.394,0.162,0.677,0.384,0.141,0.701,0.573,0.533,-0.488,-0.432,0.535,-0.064,0.667,0.813,0.819,-0.499,-0.404,0.712,0.305,-0.407,-0.255,0.721,0.647,0.464,0.639,0.16,0.22,0.611,0.748,0.817,-0.474,-0.138,0.74,0.554,0.399,0.739,0.293,-0.412,0.206,-0.552,0.569,0.613,0.726,0.677,0.342,-0.439,0.693,-0.37,-0.264,0.74,0.642,-0.058,0.311,0.105,0.647,0.69,0.85,0.499,-0.158,0.309,-0.574,-0.136,0.507,-0.628,0.069,0.628,0.368,-0.347,-0.583,0.392,0.695,-0.589,0.517,0.584,0.259,0.715,0.585,0.792,0.672,0.292,0.414,0.203,0.692,-0.496,0.184,0.756,0.67,0.715,-0.553,0.026,-0.339,0.609,0.483,0.608,0.792,-0.271,0.793,0.063,-0.394,0.226,0.392,0.281,0.343,0.17,0.515,-0.273,-0.345,0.598,-0.255,0.407,0.636,0.538,0.725,0.661,0.63,0.533,0.607,0.766,0.501,0.307,0.618,0.668,0.63,0.357,0.491,-0.457,0.724,0.426,0.573,0.73
ALNY,-0.684,-0.587,0.683,0.752,0.671,-0.53,-0.463,-0.503,0.661,-0.483,-0.224,0.0,-0.124,-0.03,-0.743,0.815,-0.35,-0.435,-0.687,0.153,0.684,-0.139,0.47,0.639,-0.765,-0.251,-0.518,-0.466,0.041,0.067,0.801,-0.168,-0.736,0.804,0.823,-0.49,0.145,-0.661,-0.596,-0.622,-0.242,-0.498,-0.561,-0.36,0.014,-0.615,0.122,-0.526,-0.651,0.822,0.427,-0.46,0.761,0.452,0.832,0.842,-0.534,-0.328,0.049,-0.06,-0.281,0.811,-0.573,-0.412,0.347,0.036,0.853,0.328,-0.777,-0.643,0.374,0.132,-0.674,-0.7,0.114,-0.541,-0.106,-0.043,0.799,0.686,-0.438,0.771,-0.707,-0.109,-0.329,0.752,0.646,-0.56,-0.128,0.62,0.681,-0.547,0.239,0.478,-0.57,0.546,0.667,-0.512,-0.698,-0.563,0.397,0.701,-0.58,-0.738,0.34,-0.224,-0.107,0.907,-0.131,0.427,-0.401,-0.687,-0.694,-0.062,-0.61,0.762,-0.692,0.728,0.638,-0.496,-0.325,0.463,0.583,0.312,-0.563,-0.665,-0.463,0.129,0.732,0.445,-0.219,0.625,-0.562,0.677,0.042,-0.566,0.117,0.907,0.853,-0.298,-0.646,0.825,-0.427,-0.494,0.488,-0.688,-0.599,-0.294,-0.612,-0.313,0.217,0.695,0.075,0.611,0.096,-0.245,-0.763,-0.567,0.854,0.718,0.931,-0.52,-0.13,0.339,-0.535,0.804,-0.578,0.361,0.549,-0.609,0.525,-0.05,-0.351,0.209,-0.661,0.6,0.204,-0.661,0.754,0.083,-0.623,0.118,-0.364,-0.619,-0.636,-0.582,-0.449,-0.409,-0.624,0.224,-0.745,-0.598,-0.557,-0.723,0.124,0.527,-0.457,-0.796,-0.575,-0.59
ALTR,0.254,0.095,0.115,-0.198,0.102,0.023,-0.135,-0.02,-0.215,0.011,0.099,-0.124,0.0,0.303,0.102,-0.29,-0.063,0.015,0.17,0.138,-0.367,-0.155,-0.221,-0.135,0.102,0.375,0.067,-0.066,0.22,0.122,-0.011,-0.409,0.155,-0.231,-0.092,-0.007,-0.141,0.055,0.114,0.028,-0.023,0.329,0.036,-0.079,-0.265,0.061,-0.018,-0.161,0.203,-0.207,0.17,-0.107,-0.159,0.064,-0.315,-0.168,-0.023,-0.075,-0.343,-0.188,-0.065,-0.022,0.142,-0.2,-0.085,-0.098,-0.234,0.228,0.129,0.021,0.023,-0.407,0.131,0.247,0.369,-0.053,0.128,-0.222,-0.326,-0.047,0.073,-0.107,0.005,0.159,-0.03,-0.384,-0.346,0.055,-0.215,-0.161,0.135,0.022,-0.212,0.123,0.01,-0.236,0.018,-0.057,0.053,0.106,-0.426,-0.002,0.203,0.071,-0.176,-0.05,0.222,-0.197,-0.341,-0.221,-0.018,0.289,0.054,-0.158,0.067,-0.175,0.32,0.094,0.021,-0.004,-0.129,0.308,-0.148,-0.054,0.056,0.04,0.053,-0.108,-0.233,-0.351,-0.046,-0.514,0.389,-0.339,-0.572,0.014,0.492,-0.156,-0.098,-0.169,0.153,-0.262,-0.171,-0.076,-0.136,0.077,0.037,0.049,0.26,-0.13,-0.105,-0.011,0.233,-0.022,0.106,0.367,0.221,0.1,-0.22,-0.045,-0.165,0.065,-0.281,-0.039,0.35,-0.039,0.172,-0.34,-0.064,-0.058,0.133,-0.342,-0.089,-0.186,0.069,-0.23,-0.123,0.145,-0.221,0.12,0.087,-0.115,-0.061,0.027,-0.128,-0.11,0.057,0.002,0.076,-0.163,0.09,0.086,0.045,0.097,-0.153,-0.351,-0.045,0.033,0.04,0.043
AMBA,0.529,0.589,-0.337,-0.024,0.062,0.657,0.293,0.599,-0.5,0.625,0.773,-0.03,0.303,0.0,0.238,-0.122,0.31,0.697,0.593,0.339,0.284,0.623,0.029,-0.129,0.411,0.145,0.553,0.593,0.467,0.308,-0.359,0.266,0.559,-0.076,-0.388,0.488,-0.002,0.513,0.6,0.584,0.639,0.697,0.618,0.7,0.504,0.612,-0.155,0.436,0.47,-0.154,-0.311,0.63,-0.328,-0.425,-0.414,-0.324,0.49,0.631,0.254,0.609,0.691,0.269,0.717,0.498,0.621,-0.352,-0.209,0.295,0.427,0.611,-0.389,0.163,0.619,0.201,0.291,0.577,0.468,0.576,-0.25,-0.364,0.485,0.028,0.449,0.681,0.518,-0.466,-0.239,0.654,0.204,-0.364,0.007,0.633,0.577,0.505,0.606,0.385,0.319,0.585,0.528,0.663,-0.264,0.2,0.691,0.478,0.31,0.449,0.333,-0.115,0.245,-0.419,0.39,0.597,0.441,0.642,0.284,-0.111,0.616,-0.269,-0.193,0.662,0.606,0.404,0.529,0.495,0.628,0.545,0.72,0.368,0.102,0.512,-0.355,-0.094,0.571,-0.609,-0.052,0.595,0.529,-0.187,-0.32,0.411,0.635,-0.368,0.453,0.558,0.46,0.539,0.572,0.847,0.616,0.384,0.606,0.407,0.735,-0.34,-0.015,0.772,0.425,0.473,-0.285,0.045,-0.21,0.637,0.481,0.457,0.773,-0.159,0.718,0.182,-0.344,0.178,0.406,0.256,0.503,0.471,0.428,-0.205,-0.371,0.53,0.077,0.204,0.614,0.657,0.663,0.582,0.427,0.414,0.628,0.707,0.401,0.399,0.391,0.624,0.621,0.2,0.523,-0.51,0.663,0.198,0.484,0.602
AMCX,0.778,0.743,-0.801,-0.391,-0.685,0.695,0.718,0.729,-0.724,0.708,0.285,-0.743,0.102,0.238,0.0,-0.582,0.493,0.631,0.63,-0.08,-0.283,0.461,-0.281,-0.741,0.699,0.259,0.619,0.618,-0.246,0.193,-0.847,0.379,0.804,-0.541,-0.853,0.754,-0.09,0.797,0.656,0.692,0.542,0.639,0.722,0.526,0.27,0.763,0.159,0.727,0.533,-0.805,-0.661,0.65,-0.769,-0.476,-0.68,-0.748,0.782,0.598,0.33,0.364,0.559,-0.687,0.727,0.537,0.011,0.169,-0.71,-0.508,0.645,0.717,-0.628,0.078,0.751,0.517,-0.041,0.649,-0.135,0.306,-0.498,-0.714,0.598,-0.77,0.668,0.062,0.298,-0.73,-0.341,0.693,0.244,-0.783,-0.659,0.643,0.081,-0.373,0.733,-0.081,-0.549,0.687,0.645,0.58,-0.021,-0.324,0.54,0.842,-0.251,0.016,-0.178,-0.687,0.474,-0.208,0.154,0.777,0.563,0.35,0.802,-0.458,0.665,-0.784,-0.805,0.65,0.456,-0.021,-0.35,0.1,0.732,0.764,0.502,-0.134,-0.462,-0.133,0.104,-0.386,0.694,-0.727,0.237,0.719,-0.202,-0.809,-0.723,0.561,0.74,-0.692,0.696,0.698,-0.282,0.696,0.769,0.514,0.603,0.646,0.141,-0.592,0.017,-0.771,-0.319,0.52,0.636,0.442,-0.674,-0.791,-0.781,0.713,0.498,-0.311,0.614,-0.87,0.648,0.027,-0.74,0.807,-0.604,0.287,0.693,0.191,0.832,-0.507,-0.203,0.808,-0.412,-0.333,0.771,0.067,0.486,0.721,0.657,0.781,0.656,0.579,0.748,-0.043,0.756,0.764,0.718,0.734,0.326,-0.674,0.662,0.761,0.794,0.706
AMKR,-0.6,-0.543,0.463,0.778,0.416,-0.386,-0.247,-0.35,0.609,-0.377,-0.35,0.815,-0.29,-0.122,-0.582,0.0,-0.34,-0.29,-0.637,0.094,0.622,-0.036,0.593,0.556,-0.631,-0.264,-0.358,-0.369,-0.198,0.035,0.564,0.069,-0.633,0.752,0.678,-0.334,0.263,-0.511,-0.563,-0.465,-0.188,-0.435,-0.411,-0.232,0.245,-0.474,0.117,-0.272,-0.64,0.722,0.198,-0.327,0.615,0.341,0.888,0.743,-0.366,-0.196,0.324,0.019,-0.139,0.686,-0.498,-0.242,0.336,0.165,0.76,0.163,-0.723,-0.511,0.218,0.289,-0.559,-0.667,-0.006,-0.369,-0.255,0.124,0.82,0.497,-0.277,0.582,-0.56,-0.21,-0.347,0.73,0.886,-0.469,0.013,0.499,0.51,-0.4,0.21,0.321,-0.417,0.615,0.388,-0.317,-0.597,-0.527,0.655,0.597,-0.557,-0.565,0.32,-0.272,-0.292,0.853,0.144,0.47,-0.435,-0.608,-0.621,0.024,-0.46,0.715,-0.672,0.459,0.424,-0.353,-0.157,0.399,0.581,0.399,-0.431,-0.538,-0.427,0.113,0.686,0.51,-0.092,0.719,-0.495,0.729,0.31,-0.405,-0.138,0.746,0.731,-0.07,-0.541,0.795,-0.218,-0.302,0.483,-0.58,-0.434,-0.211,-0.609,-0.104,0.249,0.584,-0.174,0.51,-0.156,-0.284,-0.76,-0.564,0.824,0.55,0.793,-0.385,0.066,0.146,-0.574,0.607,-0.543,0.519,0.442,-0.427,0.273,0.098,-0.102,0.34,-0.563,0.487,0.082,-0.518,0.802,-0.101,-0.492,0.275,-0.22,-0.474,-0.451,-0.466,-0.309,-0.346,-0.469,0.254,-0.648,-0.49,-0.407,-0.567,0.111,0.497,-0.311,-0.638,-0.464,-0.478
AMRX,0.589,0.768,-0.657,-0.174,-0.524,0.539,0.72,0.685,-0.747,0.743,0.474,-0.35,-0.063,0.31,0.493,-0.34,0.0,0.564,0.429,0.108,0.208,0.589,-0.114,-0.688,0.425,0.049,0.458,0.717,-0.183,0.153,-0.548,0.475,0.688,-0.103,-0.652,0.699,-0.333,0.721,0.736,0.578,0.756,0.475,0.657,0.478,0.273,0.661,0.446,0.63,0.379,-0.548,-0.646,0.683,-0.621,-0.154,-0.412,-0.432,0.748,0.664,0.398,0.584,0.659,-0.438,0.61,0.422,0.3,0.231,-0.374,-0.387,0.457,0.635,-0.752,0.209,0.585,0.085,-0.165,0.521,-0.076,0.474,-0.163,-0.614,0.386,-0.462,0.481,0.418,0.366,-0.46,-0.122,0.733,0.313,-0.673,-0.617,0.489,0.47,-0.133,0.679,0.104,-0.294,0.615,0.466,0.574,0.085,-0.052,0.425,0.671,0.297,0.103,-0.232,-0.441,0.482,0.154,0.02,0.548,0.365,0.548,0.821,-0.141,0.477,-0.556,-0.698,0.602,0.364,0.062,-0.273,0.285,0.681,0.656,0.466,-0.302,-0.081,0.12,-0.12,0.017,0.495,-0.491,0.325,0.658,-0.181,-0.557,-0.521,0.581,0.621,-0.494,0.72,0.667,-0.248,0.548,0.674,0.492,0.486,0.663,0.308,-0.345,0.231,-0.755,-0.047,0.508,0.481,0.371,-0.447,-0.517,-0.521,0.655,0.569,0.105,0.428,-0.664,0.493,0.244,-0.707,0.711,-0.158,0.53,0.551,0.333,0.758,0.013,0.129,0.662,-0.264,-0.268,0.686,0.016,0.436,0.649,0.55,0.798,0.676,0.607,0.589,-0.027,0.615,0.722,0.656,0.522,0.657,-0.451,0.586,0.615,0.792,0.66
ANSS,0.669,0.789,-0.783,-0.243,-0.449,0.96,0.772,0.938,-0.759,0.912,0.712,-0.435,0.015,0.697,0.631,-0.29,0.564,0.0,0.812,0.35,0.153,0.819,-0.068,-0.488,0.752,0.003,0.783,0.88,0.168,0.119,-0.817,0.635,0.835,-0.371,-0.744,0.861,-0.151,0.872,0.805,0.869,0.761,0.791,0.905,0.86,0.698,0.835,-0.028,0.866,0.628,-0.554,-0.764,0.907,-0.748,-0.566,-0.627,-0.708,0.883,0.915,0.533,0.805,0.879,-0.246,0.907,0.831,0.422,-0.173,-0.534,-0.111,0.729,0.914,-0.754,0.368,0.868,0.38,-0.045,0.902,0.273,0.742,-0.379,-0.727,0.74,-0.451,0.803,0.483,0.671,-0.606,-0.218,0.86,0.579,-0.715,-0.498,0.908,0.538,0.091,0.908,0.289,-0.249,0.89,0.816,0.822,-0.092,-0.125,0.732,0.857,0.231,0.474,0.005,-0.464,0.586,-0.388,0.336,0.766,0.729,0.783,0.701,-0.395,0.694,-0.774,-0.65,0.927,0.799,0.119,0.219,0.386,0.896,0.896,0.819,0.26,-0.172,0.397,-0.291,-0.032,0.716,-0.7,0.348,0.9,-0.005,-0.613,-0.703,0.805,0.881,-0.649,0.867,0.881,0.194,0.862,0.889,0.92,0.67,0.715,0.527,-0.099,0.381,-0.713,-0.305,0.798,0.652,0.665,-0.596,-0.389,-0.606,0.874,0.789,0.221,0.809,-0.672,0.912,0.397,-0.693,0.646,-0.113,0.578,0.794,0.494,0.794,-0.377,-0.516,0.898,-0.178,-0.069,0.882,0.618,0.867,0.898,0.846,0.779,0.87,0.833,0.788,0.357,0.786,0.904,0.896,0.609,0.596,-0.617,0.951,0.632,0.816,0.937
APPN,0.727,0.735,-0.685,-0.677,-0.355,0.866,0.547,0.799,-0.761,0.758,0.764,-0.687,0.17,0.593,0.63,-0.637,0.429,0.812,0.0,0.288,-0.224,0.643,-0.246,-0.444,0.9,0.239,0.81,0.805,0.433,-0.023,-0.787,0.367,0.875,-0.741,-0.821,0.659,-0.207,0.804,0.847,0.887,0.537,0.813,0.831,0.772,0.367,0.785,-0.248,0.692,0.875,-0.654,-0.473,0.76,-0.704,-0.614,-0.884,-0.901,0.687,0.7,0.086,0.562,0.652,-0.346,0.878,0.725,0.07,-0.463,-0.798,0.111,0.944,0.907,-0.491,0.136,0.914,0.726,0.055,0.862,0.467,0.458,-0.805,-0.714,0.721,-0.458,0.894,0.592,0.817,-0.786,-0.605,0.805,0.417,-0.637,-0.538,0.893,0.319,0.137,0.814,-0.102,-0.219,0.794,0.961,0.924,-0.528,-0.512,0.903,0.827,0.134,0.691,0.327,-0.768,0.245,-0.711,0.655,0.849,0.942,0.579,0.564,-0.777,0.89,-0.718,-0.503,0.864,0.72,-0.24,0.02,-0.01,0.822,0.898,0.887,0.346,-0.507,0.019,-0.322,-0.431,0.741,-0.827,0.043,0.817,0.234,-0.754,-0.885,0.515,0.903,-0.892,0.64,0.75,0.01,0.953,0.798,0.789,0.872,0.401,0.223,-0.205,0.47,-0.627,0.059,0.724,0.896,0.852,-0.863,-0.333,-0.751,0.774,0.407,0.277,0.901,-0.65,0.94,-0.056,-0.512,0.528,-0.028,0.282,0.497,0.075,0.745,-0.585,-0.483,0.816,-0.569,0.285,0.833,0.459,0.8,0.866,0.867,0.654,0.738,0.769,0.748,0.086,0.867,0.839,0.811,0.677,0.249,-0.628,0.816,0.737,0.699,0.875
APTO,-0.02,0.136,-0.048,-0.093,0.144,0.336,0.2,0.322,-0.147,0.278,0.457,0.153,0.138,0.339,-0.08,0.094,0.108,0.35,0.288,0.0,0.386,0.509,0.178,0.023,0.293,-0.166,0.236,0.391,0.305,-0.296,-0.077,0.253,0.149,-0.083,-0.033,0.236,-0.344,0.21,0.271,0.283,0.174,0.252,0.286,0.342,0.358,0.109,-0.085,0.24,0.186,0.001,-0.182,0.284,-0.117,-0.052,-0.133,-0.214,0.21,0.397,0.175,0.527,0.316,0.225,0.24,0.394,0.093,-0.329,-0.124,0.368,0.262,0.28,-0.216,0.417,0.24,0.068,-0.074,0.38,0.202,0.413,-0.061,-0.105,0.323,0.066,0.323,0.412,0.557,0.041,0.04,0.233,0.47,-0.154,-0.129,0.357,0.588,0.397,0.256,0.321,0.111,0.289,0.32,0.355,-0.103,-0.023,0.182,0.167,0.459,0.514,0.037,-0.009,0.122,-0.298,0.072,0.084,0.347,0.378,0.071,-0.218,0.104,-0.15,-0.037,0.367,0.379,0.039,0.339,0.089,0.27,0.275,0.374,0.436,-0.009,0.212,-0.54,0.296,0.209,-0.056,0.135,0.266,0.062,0.039,-0.18,0.338,0.223,-0.145,0.287,0.241,0.325,0.346,0.227,0.375,0.102,0.137,0.213,0.256,0.316,-0.162,0.105,0.448,0.168,0.283,-0.121,0.216,0.046,0.228,0.216,0.515,0.3,-0.003,0.335,0.379,-0.063,0.048,0.287,0.368,0.069,0.081,0.138,-0.156,-0.374,0.223,0.045,0.289,0.194,0.404,0.425,0.29,0.335,0.108,0.306,0.289,0.27,0.199,0.257,0.236,0.271,0.019,0.288,-0.015,0.354,0.045,0.184,0.344
ARCT,-0.249,0.021,0.089,0.601,0.287,0.073,0.136,0.158,0.188,0.168,0.244,0.684,-0.367,0.284,-0.283,0.622,0.208,0.153,-0.224,0.386,0.0,0.49,0.463,0.195,-0.285,-0.381,-0.057,0.208,-0.009,0.084,0.258,0.389,-0.18,0.645,0.284,0.123,-0.031,-0.054,-0.005,-0.028,0.323,-0.1,0.045,0.242,0.465,-0.03,0.299,0.121,-0.32,0.443,-0.178,0.216,0.289,0.098,0.483,0.399,0.108,0.333,0.476,0.566,0.337,0.53,-0.006,0.18,0.579,0.004,0.529,0.065,-0.311,-0.025,-0.211,0.556,-0.133,-0.546,-0.075,0.065,-0.088,0.495,0.643,0.206,0.053,0.42,-0.162,0.225,0.154,0.482,0.572,0.059,0.264,0.105,0.151,0.032,0.745,0.417,0.051,0.76,0.467,0.106,-0.163,-0.003,0.501,0.597,-0.151,-0.129,0.552,0.071,-0.27,0.58,0.422,0.353,-0.212,-0.259,-0.231,0.524,-0.054,0.531,-0.325,0.167,0.092,0.127,0.219,0.369,0.607,0.496,0.05,-0.032,0.093,0.223,0.669,0.766,-0.411,0.79,-0.18,0.295,0.523,0.043,-0.105,0.507,0.37,0.309,-0.095,0.444,0.249,0.158,0.549,-0.133,0.01,0.256,-0.25,0.269,0.533,0.53,0.291,-0.003,-0.03,0.192,-0.343,-0.17,0.485,0.38,0.552,0.056,0.492,0.522,-0.112,0.299,-0.07,0.694,0.013,-0.05,0.341,0.498,0.171,0.504,-0.053,0.444,0.062,-0.1,0.656,-0.034,-0.035,0.409,0.219,-0.009,-0.026,0.101,0.138,0.194,-0.111,0.477,-0.187,0.015,0.038,-0.315,0.646,0.218,0.188,-0.308,0.06,0.029
ARWR,0.478,0.669,-0.602,-0.086,-0.246,0.809,0.704,0.854,-0.548,0.814,0.729,-0.139,-0.155,0.623,0.461,-0.036,0.589,0.819,0.643,0.509,0.49,0.0,0.246,-0.341,0.603,0.023,0.715,0.863,0.145,0.086,-0.576,0.659,0.658,-0.173,-0.568,0.724,-0.147,0.713,0.722,0.784,0.741,0.658,0.796,0.846,0.74,0.703,0.104,0.797,0.451,-0.32,-0.639,0.829,-0.444,-0.417,-0.354,-0.497,0.754,0.875,0.581,0.922,0.865,0.015,0.769,0.795,0.453,-0.197,-0.351,0.019,0.535,0.761,-0.63,0.547,0.721,0.17,-0.041,0.826,0.154,0.786,-0.149,-0.561,0.764,-0.204,0.682,0.558,0.723,-0.364,0.043,0.758,0.581,-0.568,-0.427,0.816,0.829,0.328,0.788,0.587,0.021,0.837,0.688,0.747,0.11,0.004,0.62,0.691,0.524,0.474,-0.063,-0.24,0.659,-0.252,0.25,0.586,0.599,0.88,0.566,-0.24,0.539,-0.632,-0.515,0.866,0.792,0.145,0.398,0.448,0.789,0.784,0.759,0.381,0.006,0.517,-0.407,0.234,0.569,-0.502,0.544,0.78,-0.039,-0.347,-0.502,0.742,0.724,-0.408,0.82,0.843,0.353,0.728,0.761,0.864,0.557,0.679,0.594,0.104,0.456,-0.608,-0.097,0.755,0.458,0.552,-0.348,-0.177,-0.285,0.769,0.799,0.415,0.628,-0.476,0.72,0.536,-0.501,0.548,0.04,0.64,0.67,0.486,0.661,-0.234,-0.397,0.692,0.046,0.047,0.741,0.671,0.854,0.769,0.751,0.689,0.803,0.78,0.652,0.34,0.62,0.771,0.779,0.434,0.748,-0.412,0.862,0.47,0.723,0.804
ASND,-0.274,-0.199,0.252,0.444,0.17,-0.119,-0.013,-0.038,0.294,-0.093,-0.076,0.47,-0.221,0.029,-0.281,0.593,-0.114,-0.068,-0.246,0.178,0.463,0.246,0.0,0.308,-0.176,0.084,0.059,-0.022,-0.068,-0.021,0.222,0.102,-0.23,0.39,0.259,-0.063,0.14,-0.171,-0.168,-0.038,0.065,-0.018,-0.058,0.086,0.216,-0.092,0.25,0.037,-0.344,0.361,0.077,-0.065,0.331,0.314,0.518,0.389,-0.104,0.031,0.35,0.168,0.122,0.527,-0.164,-0.029,0.199,0.09,0.283,0.23,-0.403,-0.195,0.089,0.257,-0.15,-0.37,0.162,-0.061,-0.096,0.224,0.449,0.147,0.172,0.371,-0.172,0.089,-0.016,0.273,0.626,-0.122,-0.011,0.262,0.341,-0.066,0.37,0.409,-0.078,0.501,0.336,0.02,-0.218,-0.161,0.487,0.292,-0.14,-0.184,0.513,-0.128,-0.147,0.481,0.223,0.277,-0.298,-0.184,-0.226,0.24,-0.159,0.32,-0.219,0.128,0.174,0.003,0.155,0.29,0.502,0.369,-0.086,-0.131,-0.139,0.186,0.243,0.371,-0.144,0.431,-0.054,0.283,0.315,-0.083,-0.04,0.413,0.331,0.037,-0.177,0.427,0.004,0.06,0.44,-0.185,-0.089,0.081,-0.114,0.022,0.177,0.44,-0.045,0.233,0.095,0.012,-0.449,-0.296,0.533,0.361,0.47,-0.043,0.099,0.227,-0.212,0.255,-0.266,0.39,0.268,-0.095,0.313,0.137,0.068,0.156,-0.239,0.09,-0.002,-0.205,0.56,0.073,-0.119,0.27,0.117,-0.146,-0.136,-0.193,0.04,-0.066,-0.165,0.259,-0.362,-0.143,-0.051,-0.267,0.203,0.269,-0.064,-0.262,-0.154,-0.143
ASTH,-0.655,-0.793,0.768,0.333,0.67,-0.569,-0.682,-0.651,0.733,-0.722,-0.242,0.639,-0.135,-0.129,-0.741,0.556,-0.688,-0.488,-0.444,0.023,0.195,-0.341,0.308,0.0,-0.549,-0.169,-0.476,-0.595,0.38,-0.027,0.73,-0.23,-0.721,0.332,0.793,-0.763,0.457,-0.767,-0.683,-0.542,-0.58,-0.533,-0.633,-0.315,-0.104,-0.655,-0.412,-0.638,-0.381,0.903,0.776,-0.594,0.846,0.222,0.566,0.615,-0.752,-0.589,-0.331,-0.374,-0.516,0.768,-0.579,-0.447,-0.013,-0.43,0.603,0.656,-0.524,-0.596,0.786,0.037,-0.599,-0.391,0.097,-0.505,0.345,-0.286,0.368,0.69,-0.421,0.808,-0.56,-0.079,-0.189,0.648,0.219,-0.672,-0.19,0.846,0.689,-0.465,-0.083,0.466,-0.659,0.198,0.657,-0.549,-0.495,-0.466,-0.065,0.183,-0.33,-0.766,0.152,0.114,0.471,0.692,-0.428,-0.138,0.148,-0.653,-0.415,-0.289,-0.892,0.301,-0.491,0.703,0.906,-0.539,-0.324,0.01,0.586,-0.065,-0.641,-0.666,-0.348,0.401,0.404,0.2,-0.01,0.273,-0.641,0.6,-0.224,-0.613,0.355,0.767,0.663,-0.571,-0.62,0.628,-0.667,-0.582,0.53,-0.575,-0.685,-0.333,-0.405,-0.662,-0.12,0.69,0.114,0.928,0.362,-0.477,-0.592,-0.334,0.589,0.848,0.762,-0.638,-0.494,0.311,-0.49,0.865,-0.458,-0.084,0.911,-0.794,0.522,-0.346,-0.601,-0.116,-0.816,0.31,-0.008,-0.779,0.4,0.531,-0.691,0.208,-0.322,-0.624,-0.543,-0.764,-0.622,-0.445,-0.75,0.149,-0.701,-0.715,-0.639,-0.751,-0.458,0.734,-0.563,-0.806,-0.842,-0.655
ATSG,0.655,0.724,-0.688,-0.709,-0.473,0.814,0.587,0.79,-0.714,0.736,0.615,-0.765,0.102,0.411,0.699,-0.631,0.425,0.752,0.9,0.293,-0.285,0.603,-0.176,-0.549,0.0,0.217,0.797,0.788,0.243,-0.209,-0.841,0.375,0.834,-0.779,-0.854,0.672,-0.289,0.802,0.828,0.886,0.475,0.73,0.793,0.716,0.34,0.735,-0.148,0.734,0.724,-0.75,-0.564,0.745,-0.756,-0.53,-0.842,-0.918,0.701,0.672,0.135,0.507,0.612,-0.471,0.803,0.761,-0.151,-0.299,-0.901,-0.005,0.907,0.857,-0.496,0.191,0.868,0.701,-0.004,0.859,0.331,0.422,-0.744,-0.725,0.765,-0.621,0.959,0.454,0.752,-0.731,-0.526,0.773,0.394,-0.665,-0.611,0.861,0.289,-0.066,0.779,-0.141,-0.41,0.778,0.922,0.843,-0.387,-0.548,0.788,0.852,0.093,0.564,0.161,-0.79,0.367,-0.626,0.466,0.793,0.933,0.487,0.623,-0.793,0.81,-0.815,-0.629,0.827,0.722,-0.32,-0.105,-0.088,0.778,0.884,0.791,0.347,-0.714,-0.079,-0.171,-0.368,0.711,-0.767,0.154,0.774,-0.015,-0.774,-0.909,0.547,0.84,-0.829,0.656,0.746,-0.1,0.927,0.786,0.681,0.766,0.454,0.069,-0.36,0.221,-0.696,-0.06,0.616,0.816,0.764,-0.834,-0.497,-0.802,0.734,0.424,0.081,0.79,-0.75,0.841,-0.025,-0.569,0.61,-0.226,0.298,0.473,-0.052,0.726,-0.748,-0.542,0.816,-0.555,0.143,0.791,0.349,0.759,0.82,0.871,0.685,0.691,0.699,0.779,0.103,0.87,0.799,0.775,0.723,0.21,-0.55,0.765,0.769,0.729,0.866
AVTX,0.352,0.202,0.003,-0.326,0.015,0.04,-0.059,0.019,-0.28,0.051,0.123,-0.251,0.375,0.145,0.259,-0.264,0.049,0.003,0.239,-0.166,-0.381,0.023,0.084,-0.169,0.217,0.0,0.284,0.008,0.184,0.166,-0.119,-0.453,0.239,-0.316,-0.296,0.018,-0.048,0.081,0.22,0.114,0.098,0.335,0.068,-0.036,-0.324,0.173,0.036,-0.043,0.2,-0.308,0.131,-0.05,-0.083,0.039,-0.201,-0.17,-0.02,-0.084,-0.27,-0.197,-0.02,-0.018,0.239,-0.137,-0.159,-0.019,-0.414,0.139,0.108,0.054,0.082,-0.505,0.191,0.325,0.597,0.011,0.139,-0.281,-0.411,-0.303,0.191,-0.016,0.097,0.182,0.016,-0.552,-0.168,0.116,-0.445,-0.204,0.122,0.093,-0.127,0.16,0.051,-0.267,0.103,0.032,0.156,0.131,-0.232,-0.168,0.314,0.132,0.051,-0.118,0.208,-0.293,-0.174,-0.199,0.095,0.464,0.152,-0.065,0.127,-0.232,0.495,-0.087,-0.05,0.06,-0.078,0.106,-0.135,-0.124,0.061,0.114,0.034,-0.06,-0.408,-0.347,-0.009,-0.647,0.327,-0.4,-0.295,0.01,0.391,-0.254,-0.195,-0.233,0.198,-0.307,-0.082,0.062,-0.302,0.135,0.064,0.081,0.495,-0.169,-0.054,-0.114,0.054,-0.059,0.197,0.249,0.262,0.092,-0.18,-0.012,-0.222,0.076,-0.207,-0.089,0.302,-0.163,0.122,-0.52,-0.063,0.067,0.144,-0.533,0.029,-0.188,0.119,-0.319,0.029,0.164,-0.254,0.18,0.158,-0.081,-0.024,0.032,-0.055,-0.004,0.038,0.014,0.163,-0.263,0.072,0.123,0.068,0.254,-0.065,-0.361,0.003,0.219,0.108,0.073
BCPC,0.672,0.742,-0.699,-0.378,-0.376,0.817,0.612,0.823,-0.666,0.792,0.617,-0.518,0.067,0.553,0.619,-0.358,0.458,0.783,0.81,0.236,-0.057,0.715,0.059,-0.476,0.797,0.284,0.0,0.815,0.154,0.063,-0.723,0.462,0.821,-0.498,-0.789,0.728,-0.109,0.805,0.824,0.896,0.658,0.836,0.864,0.787,0.519,0.818,-0.034,0.784,0.662,-0.605,-0.553,0.79,-0.647,-0.556,-0.617,-0.724,0.738,0.768,0.373,0.634,0.778,-0.183,0.819,0.717,0.219,-0.193,-0.651,0.034,0.726,0.832,-0.597,0.258,0.897,0.514,0.073,0.855,0.187,0.59,-0.522,-0.69,0.792,-0.415,0.811,0.524,0.651,-0.678,-0.238,0.839,0.444,-0.627,-0.526,0.852,0.439,0.227,0.843,0.148,-0.208,0.872,0.819,0.84,-0.167,-0.267,0.764,0.805,0.254,0.458,0.042,-0.567,0.52,-0.411,0.398,0.819,0.756,0.674,0.616,-0.522,0.818,-0.74,-0.606,0.877,0.799,-0.044,0.15,0.276,0.843,0.841,0.782,0.297,-0.36,0.211,-0.269,-0.224,0.775,-0.704,0.229,0.834,0.069,-0.659,-0.731,0.636,0.848,-0.67,0.741,0.847,0.13,0.843,0.836,0.793,0.795,0.603,0.405,-0.092,0.286,-0.649,-0.057,0.701,0.666,0.662,-0.615,-0.345,-0.595,0.831,0.55,0.183,0.75,-0.654,0.776,0.208,-0.501,0.566,-0.065,0.39,0.66,0.24,0.699,-0.525,-0.406,0.785,-0.253,0.081,0.847,0.519,0.814,0.844,0.809,0.656,0.819,0.794,0.754,0.116,0.743,0.828,0.855,0.628,0.435,-0.624,0.809,0.694,0.752,0.817
BEAM,0.674,0.856,-0.807,-0.345,-0.456,0.897,0.771,0.954,-0.76,0.935,0.75,-0.466,-0.066,0.593,0.618,-0.369,0.717,0.88,0.805,0.391,0.208,0.863,-0.022,-0.595,0.788,0.008,0.815,0.0,0.103,-0.01,-0.781,0.665,0.866,-0.355,-0.801,0.861,-0.293,0.907,0.914,0.924,0.817,0.773,0.935,0.868,0.631,0.862,0.088,0.885,0.666,-0.611,-0.755,0.93,-0.736,-0.554,-0.643,-0.728,0.883,0.922,0.478,0.858,0.888,-0.307,0.865,0.846,0.326,-0.166,-0.583,-0.119,0.782,0.932,-0.777,0.434,0.888,0.416,-0.151,0.919,0.16,0.778,-0.416,-0.734,0.754,-0.499,0.859,0.595,0.759,-0.584,-0.229,0.933,0.598,-0.719,-0.671,0.878,0.656,0.128,0.931,0.241,-0.255,0.929,0.861,0.91,-0.096,-0.217,0.723,0.888,0.318,0.542,-0.069,-0.57,0.637,-0.307,0.364,0.751,0.777,0.781,0.765,-0.462,0.698,-0.778,-0.729,0.954,0.842,-0.08,0.083,0.292,0.925,0.944,0.876,0.25,-0.222,0.305,-0.359,0.011,0.726,-0.689,0.407,0.921,-0.086,-0.644,-0.774,0.81,0.884,-0.693,0.894,0.908,0.133,0.901,0.913,0.858,0.692,0.758,0.475,-0.147,0.388,-0.818,-0.124,0.763,0.711,0.706,-0.65,-0.434,-0.603,0.891,0.749,0.284,0.763,-0.707,0.833,0.383,-0.702,0.704,-0.109,0.676,0.718,0.345,0.844,-0.363,-0.355,0.863,-0.267,-0.015,0.905,0.481,0.876,0.936,0.906,0.848,0.909,0.907,0.818,0.206,0.843,0.923,0.924,0.672,0.635,-0.597,0.925,0.741,0.889,0.936
BILI,-0.012,0.024,0.26,-0.409,0.526,0.162,-0.341,0.001,-0.029,0.008,0.599,0.041,0.22,0.467,-0.246,-0.198,-0.183,0.168,0.433,0.305,-0.009,0.145,-0.068,0.38,0.243,0.184,0.154,0.103,0.0,-0.158,0.09,-0.201,0.059,-0.345,0.054,-0.174,-0.118,-0.075,0.199,0.141,-0.059,0.175,0.027,0.232,-0.074,-0.01,-0.519,-0.162,0.379,0.149,0.312,0.06,0.14,-0.181,-0.293,-0.184,-0.193,0.015,-0.465,0.106,-0.01,0.392,0.23,0.123,-0.011,-0.828,-0.189,0.757,0.323,0.161,0.305,-0.13,0.151,0.292,0.272,0.171,0.903,-0.047,-0.447,0.047,0.14,0.411,0.217,0.557,0.543,-0.167,-0.45,0.062,-0.042,0.164,0.34,0.263,0.195,0.575,-0.006,-0.114,0.55,-0.006,0.34,0.354,-0.691,-0.147,0.452,-0.048,0.249,0.698,0.717,-0.106,-0.44,-0.709,0.633,0.128,0.42,0.145,-0.343,-0.375,0.361,0.155,0.441,0.159,0.182,-0.149,0.427,-0.24,0.018,0.1,0.433,0.646,-0.164,0.073,-0.44,-0.237,0.029,-0.239,-0.342,0.001,0.646,0.129,-0.159,-0.282,0.153,-0.255,-0.177,-0.045,0.319,0.242,-0.063,0.303,0.356,-0.434,0.066,0.41,0.593,0.216,0.449,0.254,0.328,0.475,-0.231,0.532,0.052,-0.014,-0.198,0.636,0.443,0.301,0.369,-0.353,0.258,-0.364,0.689,-0.303,-0.295,-0.211,-0.11,-0.207,-0.352,-0.007,-0.208,0.784,0.019,0.401,0.261,0.059,0.112,-0.15,-0.037,0.197,-0.094,0.244,0.08,0.037,0.008,-0.104,-0.127,0.003,0.132,-0.108,-0.153,0.143
BJRI,0.407,0.159,-0.162,0.448,-0.131,0.072,0.208,0.112,-0.188,0.116,-0.038,0.067,0.122,0.308,0.193,0.035,0.153,0.119,-0.023,-0.296,0.084,0.086,-0.021,-0.027,-0.209,0.166,0.063,-0.01,-0.158,0.0,-0.026,0.131,0.204,0.235,-0.084,0.101,0.561,0.131,-0.015,0.048,0.405,0.215,0.165,0.126,0.144,0.321,0.173,0.099,0.008,0.095,0.021,0.102,0.036,-0.108,0.038,0.145,0.193,0.085,0.28,-0.03,0.254,0.08,0.254,-0.202,0.627,0.229,0.277,-0.213,-0.168,0.082,-0.133,-0.045,0.163,-0.218,0.19,-0.019,-0.136,0.009,0.147,-0.037,0.01,0.107,-0.258,-0.042,-0.327,-0.184,0.038,0.154,-0.103,-0.09,0.03,0.024,0.069,0.074,0.178,0.291,0.206,0.162,-0.11,0.017,0.174,0.394,0.198,0.11,-0.045,-0.319,0.175,0.18,0.096,0.224,0.049,0.237,-0.3,0.139,0.162,0.418,0.18,0.033,-0.054,0.045,-0.147,0.547,0.117,0.642,0.215,0.019,-0.009,-0.378,0.385,0.249,0.265,-0.128,0.196,-0.165,-0.099,0.178,0.307,-0.063,0.178,0.06,0.186,0.036,0.118,0.21,0.096,-0.081,0.186,0.22,0.244,0.274,0.433,0.121,0.391,0.008,0.029,0.139,-0.059,-0.079,0.11,-0.115,-0.004,0.249,0.1,-0.072,0.092,-0.073,0.113,0.034,-0.047,0.197,0.002,0.037,0.366,0.617,0.17,0.417,0.235,0.063,0.198,-0.175,0.216,0.089,0.013,0.132,-0.136,0.203,0.22,0.126,-0.05,-0.017,-0.053,0.189,0.185,-0.051,0.238,-0.204,0.109,-0.141,0.111,0.042
