,AAL,AAON,ACB,ACGL,ACGLO,ACIW,ADBE,ADSK,AEP,AGIO,ALEC,ALNY,ALTR,AMBA,AMCX,AMKR,AMRX,ANSS,APPN,APTO,ARCT,ARWR,ASND,ASTH,ATSG,AVTX,BCPC,BEAM,BILI,BJRI,BLUE,BPOP,BRKL,BWIN,BZUN,CARG,CBRL,CBSH,CBUS,CENTA,CERS,CFFN,CHCO,CHEF,CHRD,CINF,CLLS,CMCO,CMCSA,COLL,COMM,COOP,CPB,CRON,CROX,CRUS,CRWD,CTAS,CYBR,CYTK,DGII,DIOD,DOMO,DPZ,DSGR,DXCM,ERIE,ESTA,EXEL,FAST,FCEL,FCFS,FHB,FITBI,FSV,FTDR,FUTU,GLDD,GLPG,GLPI,GOGO,GOSS,GSAT,GYRE,HALO,HAS,HLIT,HLNE,HSDT,HSIC,HTHT,ICHR,IDYA,IMVT,INDB,INSM,IONS,IOSP,ITRI,JBHT,JBLU,JSM,KLIC,KOD,KURA,LAB,LASR,LIN,LKQ,LNT,MBUU,MCRI,MDGL,MEDP,MGNI,MGPI,MGRC,MKTX,MRNA,MRTN,MSEX,MSFT,MU,NAVI,NBTB,NEO,NEOG,NGNE,NSSC,NTAP,NTES,NTLA,NTRS,NYMTN,OBLG,OCFC,ON,ONC,OPI,OSIS,OSW,PALI,PANW,PCAR,PCRX,PCTY,PEBO,PLAB,PLAY,PLMR,PLSE,PLUS,PRTA,PSEC,PSNL,PTCT,PTON,QNST,QRVO,QTTB,RARE,RBCAA,RGNX,SAIC,SGMO,SINT,SNPS,SPSC,SPTN,SSYS,STNE,TBBK,TCPC,TENB,TGTX,TREE,TRUP,TTWO,TW,TXG,UBSI,UCTT,UFPT,UMBF,UPBD,URBN,VBTX,VCTR,VEON,VNET,VRSK,VSEC,WABC,WTFCM,WVE,WW,WWD,XEL,ZD,ZYME
AAL,0.0,-0.614,-0.01,0.131,0.493,0.765,0.431,0.616,0.713,-0.007,0.617,0.093,0.263,-0.178,0.305,0.297,0.664,0.34,0.002,0.329,-0.03,0.01,-0.548,0.646,0.789,-0.7,0.685,0.333,0.691,0.535,0.82,0.813,0.711,0.14,0.637,0.518,0.239,0.725,0.817,0.549,0.783,0.491,0.451,0.553,0.301,0.587,0.621,0.572,0.803,-0.517,0.264,0.559,0.525,0.623,0.416,0.382,0.27,0.573,0.14,0.194,-0.12,-0.138,-0.113,-0.028,0.316,0.281,0.671,0.845,-0.206,-0.046,-0.44,0.395,0.782,0.574,0.494,0.745,0.373,0.602,0.494,0.525,0.581,0.429,-0.058,0.507,0.583,-0.143,0.056,-0.201,-0.486,0.689,0.728,-0.251,0.419,0.819,0.493,-0.254,-0.353,0.59,0.538,0.707,0.836,0.408,0.762,0.554,0.395,-0.122,0.621,-0.123,0.718,0.773,0.422,0.078,-0.198,0.261,-0.049,0.588,0.117,0.124,-0.155,0.801,0.772,0.262,0.363,0.515,0.626,0.715,0.246,-0.317,0.007,0.162,0.619,0.706,0.867,-0.4,-0.149,0.843,0.347,0.587,0.254,0.187,0.262,0.095,0.314,0.054,0.549,0.606,0.884,0.631,0.646,0.746,-0.454,0.709,0.345,0.335,0.151,-0.291,0.844,-0.238,-0.384,0.384,-0.113,0.84,0.211,0.433,0.133,0.415,0.251,0.682,0.556,0.323,0.034,0.708,0.44,0.247,0.541,0.117,0.561,-0.131,0.602,0.244,0.826,0.388,0.616,0.64,0.831,0.666,0.443,-0.236,0.54,0.773,0.493,-0.222,0.728,0.764,0.15,0.54,0.314,0.763,0.684,0.736
AAON,-0.614,0.0,0.363,-0.674,-0.469,-0.699,-0.697,-0.595,-0.757,-0.13,-0.386,-0.324,-0.652,-0.487,-0.703,-0.431,-0.847,-0.51,0.519,0.194,-0.447,-0.463,0.691,-0.546,-0.689,0.869,-0.941,-0.591,-0.642,-0.694,-0.653,-0.809,-0.819,-0.652,-0.517,-0.504,0.432,-0.531,-0.158,-0.67,-0.585,-0.754,-0.14,-0.866,-0.604,-0.637,-0.679,-0.865,-0.604,0.564,-0.636,-0.857,-0.228,-0.217,-0.701,-0.722,-0.7,-0.846,-0.215,0.233,0.704,-0.15,0.426,0.476,-0.827,-0.462,-0.579,-0.698,0.606,0.598,0.4,-0.752,-0.299,-0.753,-0.062,-0.903,-0.729,-0.804,-0.022,-0.685,-0.748,0.095,0.526,0.138,-0.804,0.18,-0.348,-0.45,0.888,-0.617,-0.344,0.034,0.031,-0.696,-0.535,-0.04,0.687,-0.777,-0.942,-0.2,-0.281,-0.102,-0.794,-0.143,-0.673,-0.032,-0.899,0.223,-0.586,-0.59,-0.571,0.324,-0.404,-0.09,-0.452,-0.074,-0.645,-0.431,-0.473,-0.845,-0.769,-0.776,-0.77,-0.159,-0.803,-0.469,-0.479,0.399,-0.651,-0.736,-0.374,-0.767,-0.532,0.098,-0.354,-0.689,-0.545,-0.509,-0.363,-0.578,-0.727,0.238,-0.681,-0.215,-0.737,-0.665,-0.677,-0.228,0.051,-0.748,-0.198,-0.719,-0.246,-0.634,0.063,-0.199,-0.484,-0.127,0.741,-0.333,0.59,-0.782,0.086,-0.862,-0.488,-0.384,-0.705,-0.873,-0.736,0.323,0.192,-0.828,-0.761,0.301,-0.634,0.209,-0.529,-0.552,-0.85,0.376,-0.492,-0.767,-0.774,-0.726,-0.428,-0.777,-0.711,-0.318,-0.782,-0.72,-0.886,-0.027,-0.836,-0.72,-0.629,-0.038,-0.811,-0.648,-0.832,-0.579
ACB,-0.01,0.363,0.0,-0.32,0.026,0.153,-0.474,0.124,-0.033,-0.014,0.152,-0.456,-0.118,-0.134,-0.155,-0.118,-0.25,-0.149,0.524,0.075,-0.199,-0.174,-0.124,0.069,-0.173,0.175,-0.324,0.002,0.124,0.048,-0.137,-0.072,-0.04,-0.172,0.236,0.004,0.193,0.012,0.267,-0.065,0.015,-0.209,-0.203,-0.231,-0.291,0.044,-0.339,-0.225,-0.029,0.041,-0.074,-0.231,0.491,0.572,-0.31,-0.196,-0.147,-0.337,0.324,0.182,0.488,-0.216,0.247,0.372,-0.309,0.201,-0.264,-0.056,0.155,0.241,0.212,-0.403,0.086,-0.019,0.021,-0.423,-0.055,-0.232,0.333,0.093,-0.061,0.087,0.288,0.26,-0.121,0.001,-0.005,-0.412,0.356,-0.013,0.036,0.186,0.184,0.092,0.153,-0.256,0.089,-0.161,-0.474,-0.012,0.273,0.198,-0.28,-0.156,0.072,0.273,-0.348,0.247,0.089,0.106,-0.36,0.031,-0.121,0.047,-0.037,0.013,-0.265,0.073,-0.269,-0.167,-0.08,-0.261,-0.203,-0.087,-0.12,-0.254,0.135,0.256,-0.424,-0.351,0.258,-0.042,-0.125,0.253,-0.037,0.024,0.049,0.197,-0.233,-0.118,-0.374,0.085,-0.092,-0.355,-0.108,-0.045,-0.095,-0.049,0.22,-0.139,-0.246,-0.136,0.04,-0.043,-0.174,0.081,-0.136,-0.225,0.485,0.363,0.377,-0.165,0.016,-0.295,0.068,0.301,-0.237,-0.226,-0.022,0.45,-0.228,-0.236,-0.18,0.011,-0.198,0.077,0.118,-0.317,-0.342,0.264,0.136,-0.183,-0.373,0.123,0.056,-0.279,-0.016,-0.225,-0.12,-0.089,-0.323,-0.323,-0.198,-0.103,-0.196,0.009,-0.378,0.039,-0.122,0.004
ACGL,0.131,-0.674,-0.32,0.0,-0.062,0.435,0.289,0.377,0.635,0.131,-0.021,0.076,0.871,0.724,0.844,0.266,0.523,0.577,-0.575,-0.63,0.718,0.435,-0.635,0.382,0.39,-0.728,0.708,0.577,0.364,0.423,0.409,0.485,0.579,0.921,0.375,0.465,-0.851,0.161,-0.37,0.691,0.41,0.662,-0.281,0.703,0.672,0.572,0.169,0.814,0.25,-0.601,0.779,0.793,0.212,0.016,0.814,0.862,0.869,0.714,0.46,-0.633,-0.639,0.076,-0.604,-0.671,0.842,0.318,0.207,0.344,-0.806,-0.811,-0.302,0.7,-0.242,0.602,-0.465,0.559,0.693,0.794,-0.423,0.687,0.763,-0.619,-0.843,-0.641,0.79,-0.273,0.64,0.73,-0.879,0.548,-0.309,0.104,-0.541,0.364,0.426,0.212,-0.846,0.782,0.706,-0.35,-0.236,-0.337,0.346,-0.456,0.669,0.263,0.777,0.055,0.213,0.288,0.618,-0.712,0.511,-0.176,0.741,-0.358,0.736,0.664,0.81,0.588,0.581,0.898,0.822,-0.447,0.636,-0.139,0.684,-0.575,0.874,0.924,-0.112,0.6,0.024,0.387,0.685,0.267,0.624,0.238,-0.199,0.784,0.729,-0.653,0.747,0.499,0.768,0.185,0.196,-0.36,-0.591,0.42,0.658,0.416,-0.229,0.817,-0.361,0.601,0.056,0.051,-0.501,0.354,-0.822,0.367,-0.59,0.903,0.724,0.325,0.85,0.751,0.74,-0.777,-0.569,0.661,0.879,-0.693,0.485,-0.622,0.597,0.819,0.804,-0.852,0.018,0.805,0.472,0.5,0.144,0.499,0.686,0.431,0.787,0.264,0.877,-0.159,0.5,0.345,0.68,-0.554,0.94,0.413,0.548,0.137
ACGLO,0.493,-0.469,0.026,-0.062,0.0,0.518,0.687,0.436,0.34,0.052,0.599,0.484,-0.023,0.136,-0.004,0.049,0.497,-0.201,-0.232,0.268,-0.177,0.427,-0.241,0.203,0.447,-0.256,0.437,0.242,0.539,0.515,0.283,0.524,0.515,-0.047,0.338,0.043,0.122,0.628,0.443,0.036,0.233,0.482,0.534,0.388,-0.079,0.353,0.672,0.238,0.278,0.029,0.096,0.325,0.165,0.125,-0.093,-0.079,0.08,0.317,0.009,0.461,-0.271,0.2,0.281,0.148,0.267,0.614,0.464,0.331,0.078,0.027,-0.226,0.248,0.585,0.487,0.586,0.475,0.389,0.101,0.669,0.327,0.159,0.496,0.271,0.288,0.205,-0.008,-0.22,-0.155,-0.169,0.095,0.705,0.212,0.596,0.605,0.399,-0.251,0.107,0.114,0.433,0.438,0.43,0.592,0.448,0.507,0.355,-0.051,0.247,-0.491,0.657,0.574,-0.267,0.332,0.261,0.419,-0.047,0.322,0.268,0.129,-0.169,0.361,0.3,0.117,0.103,0.58,0.499,0.533,0.009,0.349,-0.051,-0.03,0.738,0.365,0.467,-0.299,-0.14,0.71,0.062,0.643,0.679,-0.011,0.351,0.449,0.195,-0.517,0.061,0.692,0.597,0.562,0.327,0.499,-0.35,0.496,0.832,-0.044,0.292,-0.021,0.346,0.321,-0.508,0.096,0.303,0.623,0.64,0.181,-0.002,0.263,-0.026,0.303,0.155,0.423,0.275,0.28,0.107,0.21,0.221,0.38,0.002,-0.036,0.244,0.269,0.68,0.246,0.553,0.535,0.208,0.286,0.42,0.071,0.164,0.73,0.289,0.368,0.632,0.557,0.353,0.475,0.044,0.377,0.498,0.626
ACIW,0.765,-0.699,0.153,0.435,0.518,0.0,0.403,0.799,0.895,0.055,0.646,0.072,0.567,0.271,0.581,0.369,0.681,0.394,-0.197,-0.074,0.222,0.282,-0.781,0.626,0.705,-0.821,0.74,0.63,0.861,0.738,0.685,0.875,0.876,0.521,0.84,0.564,-0.223,0.732,0.512,0.696,0.765,0.73,0.165,0.683,0.423,0.734,0.48,0.77,0.713,-0.601,0.675,0.767,0.702,0.593,0.515,0.606,0.592,0.681,0.498,-0.006,-0.34,-0.036,-0.234,-0.191,0.611,0.583,0.496,0.702,-0.439,-0.309,-0.462,0.55,0.575,0.731,0.259,0.699,0.692,0.729,0.373,0.858,0.774,0.082,-0.332,0.157,0.786,-0.087,0.377,0.023,-0.657,0.761,0.48,0.08,0.188,0.901,0.759,-0.248,-0.596,0.727,0.626,0.331,0.614,0.218,0.678,0.126,0.73,0.225,0.714,-0.131,0.787,0.859,0.329,-0.241,0.195,0.118,0.331,0.338,0.551,0.52,0.2,0.831,0.851,0.562,0.59,0.193,0.825,0.417,0.606,-0.257,0.265,0.421,0.685,0.855,0.611,0.0,0.242,0.862,0.611,0.786,0.151,0.539,0.481,-0.212,0.604,0.009,0.739,0.694,0.773,0.35,0.229,0.758,-0.112,0.733,0.303,0.619,-0.073,0.223,0.548,-0.171,-0.459,0.634,-0.252,0.787,-0.011,0.661,0.515,0.649,0.492,0.812,0.78,0.068,-0.287,0.802,0.672,-0.206,0.497,-0.201,0.698,0.204,0.683,-0.135,0.771,0.657,0.624,0.912,0.631,0.606,0.824,0.006,0.753,0.774,0.69,-0.29,0.828,0.737,0.512,0.157,0.545,0.843,0.779,0.637
ADBE,0.431,-0.697,-0.474,0.289,0.687,0.403,0.0,0.408,0.388,-0.123,0.4,0.67,0.152,0.213,0.169,0.161,0.581,0.109,-0.5,0.148,-0.037,0.497,-0.153,0.076,0.575,-0.445,0.68,0.13,0.343,0.326,0.41,0.507,0.471,0.175,0.099,0.001,-0.131,0.509,0.133,0.121,0.214,0.486,0.572,0.555,0.168,0.394,0.798,0.406,0.297,-0.019,0.18,0.531,-0.089,-0.167,0.167,0.161,0.211,0.668,-0.136,0.252,-0.539,0.339,0.069,-0.048,0.492,0.497,0.665,0.352,-0.093,-0.239,-0.449,0.491,0.454,0.415,0.406,0.692,0.343,0.358,0.322,0.283,0.249,0.337,-0.008,0.095,0.355,-0.134,-0.174,0.134,-0.477,0.24,0.451,0.028,0.4,0.483,0.299,-0.182,-0.114,0.269,0.703,0.363,0.129,0.332,0.613,0.479,0.311,-0.304,0.503,-0.416,0.505,0.454,0.116,0.188,0.26,0.258,0.019,0.265,0.408,0.088,0.066,0.455,0.427,0.339,0.28,0.422,0.545,0.585,-0.077,0.008,0.268,0.289,0.424,0.361,0.49,-0.373,-0.077,0.596,0.084,0.491,0.556,0.082,0.543,0.296,0.278,-0.09,0.222,0.663,0.575,0.397,0.036,0.614,-0.111,0.648,0.662,0.051,0.388,-0.086,0.424,0.486,-0.726,-0.02,-0.117,0.702,0.442,0.449,0.008,0.119,0.226,0.457,0.202,-0.086,0.355,0.423,0.255,0.099,0.42,0.197,-0.024,0.223,0.534,-0.028,0.486,0.43,0.618,0.399,0.218,0.378,0.38,0.182,0.33,0.668,0.536,0.553,0.701,0.516,0.375,0.343,0.393,0.369,0.463,0.563
ADSK,0.616,-0.595,0.124,0.377,0.436,0.799,0.408,0.0,0.819,-0.05,0.669,-0.059,0.5,0.27,0.475,0.465,0.529,0.516,0.011,-0.079,0.112,0.259,-0.672,0.542,0.571,-0.711,0.606,0.483,0.742,0.643,0.61,0.739,0.733,0.429,0.651,0.533,-0.197,0.634,0.398,0.654,0.583,0.532,0.083,0.498,0.386,0.638,0.395,0.668,0.567,-0.563,0.608,0.749,0.573,0.521,0.38,0.527,0.539,0.72,0.521,0.041,-0.176,-0.091,-0.098,0.044,0.533,0.688,0.436,0.61,-0.235,-0.149,-0.422,0.433,0.491,0.706,0.218,0.526,0.56,0.585,0.334,0.771,0.667,0.035,-0.274,0.218,0.705,-0.083,0.36,-0.06,-0.493,0.709,0.333,0.305,0.238,0.752,0.806,-0.34,-0.558,0.653,0.486,0.246,0.518,0.054,0.621,0.029,0.681,0.26,0.611,0.111,0.749,0.756,0.296,-0.225,0.193,0.167,0.275,0.296,0.519,0.535,0.142,0.684,0.776,0.538,0.529,0.161,0.756,0.362,0.499,-0.131,0.206,0.367,0.661,0.748,0.564,0.138,0.225,0.764,0.619,0.731,0.031,0.482,0.3,-0.206,0.508,0.03,0.6,0.694,0.661,0.218,0.164,0.631,-0.102,0.747,0.289,0.571,-0.086,0.233,0.446,-0.223,-0.209,0.69,-0.175,0.729,-0.073,0.596,0.486,0.652,0.488,0.665,0.692,0.039,-0.23,0.641,0.536,-0.152,0.265,-0.328,0.549,0.196,0.555,-0.044,0.654,0.684,0.442,0.753,0.575,0.448,0.74,-0.056,0.569,0.585,0.557,-0.255,0.74,0.482,0.386,0.114,0.429,0.793,0.551,0.447
AEP,0.713,-0.757,-0.033,0.635,0.34,0.895,0.388,0.819,0.0,0.085,0.589,0.051,0.706,0.317,0.714,0.36,0.716,0.566,-0.26,-0.19,0.37,0.228,-0.819,0.673,0.726,-0.929,0.823,0.639,0.811,0.684,0.759,0.901,0.887,0.678,0.808,0.681,-0.332,0.695,0.378,0.866,0.769,0.778,0.076,0.763,0.569,0.793,0.419,0.882,0.764,-0.752,0.745,0.883,0.669,0.545,0.7,0.783,0.72,0.808,0.498,-0.157,-0.377,-0.177,-0.391,-0.315,0.694,0.528,0.523,0.747,-0.575,-0.407,-0.548,0.683,0.447,0.78,0.11,0.746,0.697,0.866,0.178,0.902,0.875,-0.094,-0.525,0.012,0.923,-0.195,0.506,0.158,-0.794,0.864,0.318,0.016,0.021,0.857,0.754,-0.143,-0.753,0.877,0.68,0.261,0.47,0.061,0.672,0.007,0.757,0.212,0.842,0.002,0.729,0.861,0.533,-0.39,0.198,0.082,0.43,0.271,0.585,0.605,0.327,0.902,0.942,0.711,0.708,0.062,0.887,0.366,0.668,-0.433,0.419,0.587,0.529,0.907,0.612,0.053,0.353,0.808,0.687,0.71,-0.037,0.675,0.575,-0.391,0.645,0.212,0.884,0.595,0.746,0.207,0.104,0.707,0.039,0.711,0.128,0.772,-0.169,0.301,0.552,-0.237,-0.46,0.659,-0.488,0.775,-0.223,0.798,0.608,0.629,0.651,0.898,0.886,-0.174,-0.362,0.885,0.836,-0.325,0.562,-0.405,0.794,0.334,0.804,-0.301,0.673,0.752,0.677,0.854,0.698,0.678,0.865,-0.015,0.864,0.691,0.827,-0.367,0.846,0.708,0.56,0.019,0.706,0.919,0.762,0.559
AGIO,-0.007,-0.13,-0.014,0.131,0.052,0.055,-0.123,-0.05,0.085,0.0,0.109,0.029,0.261,0.327,0.285,0.172,0.326,-0.068,-0.243,-0.182,0.643,0.112,-0.236,0.487,-0.095,-0.128,0.102,0.368,0.272,0.392,-0.031,0.229,0.251,0.201,0.329,0.324,-0.124,0.04,-0.059,0.244,0.127,0.334,-0.121,0.257,0.228,-0.071,-0.05,0.174,0.02,-0.182,0.168,0.142,-0.074,0.159,0.333,0.214,0.344,-0.198,0.099,-0.3,-0.216,-0.035,-0.19,-0.328,0.128,0.037,-0.269,0.202,-0.353,-0.272,0.362,-0.006,-0.171,0.2,-0.178,0.136,0.457,0.121,-0.049,0.18,0.23,-0.231,-0.144,-0.37,0.179,-0.103,0.386,0.414,-0.172,-0.031,0.165,-0.044,-0.262,0.162,0.041,0.786,-0.187,0.227,0.215,-0.133,0.057,-0.009,-0.006,-0.129,0.303,0.322,0.148,-0.301,-0.015,0.063,0.044,-0.216,0.22,0.109,0.401,-0.21,0.053,0.274,0.24,0.185,-0.03,0.28,0.369,-0.026,0.13,-0.099,0.389,0.027,0.306,0.284,0.003,0.172,-0.108,0.133,0.505,0.085,0.324,-0.053,0.123,0.289,0.287,-0.228,0.296,0.019,0.19,-0.075,0.046,-0.037,-0.076,-0.061,0.311,-0.271,-0.082,0.331,-0.388,0.198,-0.171,-0.154,-0.148,0.02,-0.129,-0.035,-0.083,0.116,0.375,0.173,0.263,0.182,0.25,0.027,-0.329,0.16,0.306,-0.233,0.166,-0.001,0.221,0.336,0.146,-0.218,0.006,0.079,0.33,0.165,-0.023,0.271,0.148,0.262,0.141,0.189,0.182,-0.261,0.016,0.251,0.329,-0.246,0.221,-0.018,0.323,0.115
ALEC,0.617,-0.386,0.152,-0.021,0.599,0.646,0.4,0.669,0.589,0.109,0.0,0.132,0.135,0.061,0.238,0.172,0.491,-0.001,-0.029,0.072,-0.027,0.171,-0.38,0.387,0.348,-0.458,0.428,0.484,0.762,0.594,0.393,0.674,0.653,0.069,0.639,0.465,0.187,0.659,0.561,0.416,0.566,0.558,0.307,0.404,-0.043,0.47,0.436,0.351,0.556,-0.302,0.327,0.355,0.567,0.517,0.086,0.179,0.229,0.371,0.209,0.262,-0.149,-0.133,0.077,0.006,0.157,0.449,0.251,0.547,-0.095,0.149,-0.142,0.066,0.603,0.43,0.355,0.424,0.39,0.255,0.56,0.531,0.357,0.307,0.045,0.351,0.452,-0.071,0.054,-0.228,-0.221,0.353,0.57,0.121,0.572,0.7,0.699,-0.405,-0.122,0.37,0.292,0.392,0.707,0.338,0.381,0.384,0.509,0.315,0.335,-0.272,0.597,0.727,-0.082,0.016,0.168,0.366,0.015,0.425,0.155,0.407,-0.05,0.569,0.585,0.221,0.226,0.517,0.636,0.408,0.318,0.117,-0.126,0.017,0.749,0.657,0.555,-0.156,-0.024,0.769,0.433,0.636,0.384,0.221,0.327,0.085,0.203,-0.185,0.356,0.67,0.674,0.336,0.397,0.377,-0.254,0.512,0.455,0.282,0.167,0.068,0.396,-0.169,-0.3,0.486,0.176,0.605,0.364,0.221,0.264,0.581,0.136,0.407,0.461,0.355,-0.054,0.471,0.279,0.027,0.396,0.051,0.387,-0.12,0.261,0.262,0.752,0.248,0.535,0.66,0.425,0.228,0.557,-0.132,0.303,0.623,0.327,-0.199,0.597,0.514,0.375,0.365,0.072,0.603,0.521,0.615
ALNY,0.093,-0.324,-0.456,0.076,0.484,0.072,0.67,-0.059,0.051,0.029,0.132,0.0,-0.185,0.101,-0.093,-0.201,0.266,-0.327,-0.569,0.24,-0.058,0.356,0.219,-0.224,0.301,-0.084,0.337,-0.049,0.087,0.073,0.098,0.185,0.183,-0.015,-0.102,-0.31,-0.003,0.379,-0.019,-0.196,-0.061,0.358,0.62,0.364,-0.161,0.194,0.569,0.028,0.031,0.278,-0.078,0.165,-0.236,-0.325,-0.067,-0.156,-0.117,0.235,-0.436,0.366,-0.389,0.4,0.259,-0.111,0.17,0.198,0.453,-0.008,0.047,-0.014,-0.291,0.358,0.316,0.028,0.42,0.421,0.091,0.048,0.252,-0.062,-0.098,0.35,0.18,-0.003,0.008,-0.057,-0.274,0.026,-0.191,-0.155,0.363,-0.204,0.288,0.172,0.017,0.07,0.226,-0.084,0.405,0.307,-0.105,0.42,0.22,0.516,0.014,-0.398,0.173,-0.59,0.21,0.232,-0.12,0.368,0.161,0.104,-0.145,0.293,0.183,-0.161,-0.061,0.135,0.082,-0.009,-0.103,0.44,0.239,0.437,-0.294,0.165,0.042,0.0,0.236,0.045,0.253,-0.504,-0.127,0.299,-0.187,0.269,0.551,-0.176,0.478,0.423,-0.08,-0.197,-0.021,0.347,0.295,0.289,-0.006,0.25,-0.089,0.166,0.609,-0.239,0.557,-0.163,0.249,0.659,-0.655,-0.404,0.132,0.339,0.563,0.076,-0.184,-0.259,-0.169,0.082,-0.131,-0.042,0.505,0.176,0.005,0.207,0.352,0.44,-0.264,0.03,0.198,0.04,0.286,0.017,0.505,0.041,-0.007,0.059,0.11,0.09,0.072,0.433,0.271,0.656,0.4,0.326,0.299,0.348,0.126,0.062,0.185,0.428
ALTR,0.263,-0.652,-0.118,0.871,-0.023,0.567,0.152,0.5,0.706,0.261,0.135,-0.185,0.0,0.687,0.914,0.47,0.574,0.683,-0.344,-0.655,0.776,0.421,-0.836,0.632,0.373,-0.773,0.665,0.711,0.517,0.613,0.423,0.585,0.646,0.913,0.596,0.636,-0.772,0.122,-0.19,0.776,0.581,0.646,-0.432,0.667,0.751,0.487,0.051,0.873,0.356,-0.689,0.842,0.783,0.376,0.217,0.852,0.931,0.965,0.626,0.696,-0.69,-0.528,0.018,-0.681,-0.616,0.832,0.405,0.062,0.47,-0.79,-0.827,-0.144,0.559,-0.214,0.662,-0.499,0.503,0.798,0.839,-0.299,0.833,0.883,-0.635,-0.807,-0.513,0.858,-0.254,0.749,0.697,-0.837,0.691,-0.21,0.163,-0.504,0.503,0.478,0.188,-0.924,0.85,0.657,-0.335,0.012,-0.333,0.397,-0.506,0.823,0.426,0.751,0.156,0.272,0.356,0.584,-0.789,0.465,-0.059,0.854,-0.395,0.669,0.789,0.786,0.631,0.606,0.929,0.931,-0.463,0.622,-0.186,0.871,-0.536,0.839,0.91,0.003,0.7,0.031,0.505,0.793,0.326,0.777,0.286,-0.232,0.876,0.572,-0.748,0.903,0.425,0.821,0.225,0.234,-0.294,-0.455,0.472,0.59,0.427,-0.254,0.928,-0.626,0.63,0.048,-0.245,-0.317,0.64,-0.756,0.37,-0.621,0.905,0.829,0.639,0.946,0.825,0.867,-0.574,-0.776,0.686,0.912,-0.72,0.419,-0.752,0.791,0.805,0.783,-0.788,0.077,0.835,0.402,0.655,0.254,0.571,0.715,0.48,0.813,0.319,0.826,-0.446,0.449,0.37,0.635,-0.576,0.888,0.502,0.671,0.184
AMBA,-0.178,-0.487,-0.134,0.724,0.136,0.271,0.213,0.27,0.317,0.327,0.061,0.101,0.687,0.0,0.736,0.301,0.365,0.218,-0.505,-0.769,0.75,0.577,-0.496,0.193,-0.03,-0.387,0.397,0.705,0.384,0.548,-0.078,0.265,0.436,0.767,0.317,0.317,-0.861,-0.058,-0.561,0.386,0.149,0.593,-0.457,0.494,0.421,0.276,-0.0,0.547,-0.031,-0.315,0.703,0.497,0.098,-0.148,0.479,0.579,0.776,0.357,0.489,-0.61,-0.653,0.313,-0.35,-0.606,0.683,0.41,-0.235,0.001,-0.605,-0.706,0.17,0.354,-0.442,0.505,-0.576,0.246,0.754,0.382,-0.378,0.556,0.497,-0.699,-0.644,-0.765,0.502,-0.038,0.602,0.772,-0.555,0.099,-0.342,0.475,-0.455,0.178,0.454,0.252,-0.582,0.466,0.515,-0.642,-0.276,-0.293,0.073,-0.579,0.7,0.594,0.44,-0.102,0.11,0.037,0.182,-0.698,0.872,-0.116,0.794,-0.635,0.75,0.743,0.869,0.285,0.207,0.789,0.717,-0.382,0.486,-0.352,0.696,-0.166,0.796,0.778,-0.036,0.423,-0.35,0.621,0.804,0.108,0.638,0.146,0.115,0.717,0.632,-0.574,0.708,0.121,0.443,0.237,-0.09,-0.507,-0.724,0.125,0.82,0.186,-0.086,0.642,-0.445,0.829,-0.391,0.185,-0.371,0.314,-0.468,0.079,-0.376,0.644,0.766,0.342,0.696,0.443,0.544,-0.552,-0.632,0.389,0.623,-0.756,0.211,-0.508,0.374,0.87,0.403,-0.745,-0.149,0.644,0.306,0.47,-0.299,0.209,0.631,0.701,0.447,0.128,0.614,-0.047,0.272,0.146,0.786,-0.653,0.662,0.099,0.477,-0.006
AMCX,0.305,-0.703,-0.155,0.844,-0.004,0.581,0.169,0.475,0.714,0.285,0.238,-0.093,0.914,0.736,0.0,0.457,0.624,0.585,-0.388,-0.673,0.825,0.355,-0.806,0.556,0.33,-0.798,0.687,0.848,0.616,0.664,0.392,0.623,0.704,0.922,0.637,0.68,-0.726,0.174,-0.179,0.804,0.652,0.716,-0.434,0.718,0.707,0.51,0.088,0.866,0.493,-0.687,0.867,0.74,0.431,0.256,0.85,0.935,0.935,0.625,0.614,-0.701,-0.599,0.081,-0.647,-0.72,0.769,0.292,0.02,0.462,-0.829,-0.771,-0.064,0.526,-0.164,0.669,-0.516,0.553,0.805,0.812,-0.365,0.812,0.869,-0.645,-0.864,-0.521,0.865,-0.111,0.736,0.69,-0.846,0.606,-0.192,0.128,-0.425,0.5,0.609,0.174,-0.903,0.858,0.672,-0.345,0.115,-0.284,0.418,-0.43,0.818,0.497,0.773,0.074,0.282,0.361,0.621,-0.835,0.574,-0.126,0.783,-0.343,0.683,0.782,0.839,0.7,0.654,0.938,0.924,-0.326,0.684,-0.111,0.891,-0.596,0.814,0.911,0.034,0.77,0.049,0.461,0.772,0.363,0.856,0.265,-0.07,0.892,0.654,-0.769,0.805,0.407,0.861,0.326,0.26,-0.318,-0.417,0.393,0.658,0.431,-0.288,0.931,-0.496,0.646,0.05,-0.225,-0.399,0.59,-0.751,0.378,-0.561,0.876,0.838,0.57,0.911,0.807,0.889,-0.561,-0.763,0.787,0.923,-0.732,0.535,-0.672,0.82,0.769,0.726,-0.732,0.109,0.788,0.478,0.698,0.247,0.56,0.771,0.494,0.807,0.325,0.845,-0.462,0.482,0.436,0.724,-0.512,0.876,0.533,0.723,0.244
AMKR,0.297,-0.431,-0.118,0.266,0.049,0.369,0.161,0.465,0.36,0.172,0.172,-0.201,0.47,0.301,0.457,0.0,0.344,0.614,0.032,-0.194,0.361,0.091,-0.439,0.421,0.272,-0.425,0.317,0.371,0.301,0.478,0.304,0.325,0.279,0.329,0.26,0.472,-0.2,-0.004,0.038,0.419,0.403,0.167,-0.238,0.226,0.709,-0.034,0.099,0.505,0.305,-0.404,0.427,0.438,0.047,0.182,0.505,0.512,0.48,0.377,0.405,-0.367,-0.245,0.185,-0.378,-0.057,0.416,0.195,0.024,0.331,-0.086,-0.325,-0.02,0.256,-0.002,0.339,-0.109,0.343,0.357,0.462,-0.213,0.395,0.482,-0.207,-0.376,0.016,0.415,0.26,0.567,0.376,-0.397,0.498,0.055,0.285,-0.166,0.256,0.245,0.123,-0.497,0.482,0.433,-0.05,0.25,-0.099,0.58,-0.145,0.387,0.151,0.458,0.171,0.243,0.13,0.489,-0.352,0.129,0.135,0.313,-0.033,0.405,0.262,0.325,0.388,0.296,0.502,0.597,-0.077,0.233,0.236,0.424,-0.285,0.462,0.479,0.025,0.357,0.181,0.223,0.327,0.189,0.592,0.035,0.041,0.485,0.049,-0.422,0.484,0.371,0.344,0.345,0.174,0.101,-0.023,0.319,0.217,0.39,-0.15,0.449,-0.329,0.138,0.142,-0.245,-0.013,0.405,-0.346,0.274,-0.271,0.462,0.299,0.357,0.597,0.477,0.441,-0.127,-0.299,0.399,0.345,-0.154,0.049,-0.351,0.403,0.383,0.355,-0.142,0.007,0.575,0.143,0.347,0.25,0.462,0.298,0.217,0.325,0.197,0.3,-0.286,0.204,0.228,0.121,-0.123,0.433,0.321,0.406,0.014
AMRX,0.664,-0.847,-0.25,0.523,0.497,0.681,0.581,0.529,0.716,0.326,0.491,0.266,0.574,0.365,0.624,0.344,0.0,0.384,-0.435,-0.077,0.448,0.347,-0.671,0.61,0.648,-0.79,0.871,0.61,0.698,0.709,0.624,0.83,0.821,0.53,0.606,0.569,-0.255,0.612,0.293,0.657,0.666,0.761,0.198,0.808,0.506,0.61,0.636,0.771,0.659,-0.544,0.551,0.752,0.269,0.328,0.649,0.631,0.631,0.669,0.208,-0.151,-0.545,0.024,-0.361,-0.398,0.671,0.397,0.497,0.738,-0.578,-0.464,-0.282,0.597,0.382,0.738,0.129,0.85,0.707,0.711,0.135,0.668,0.716,0.016,-0.395,-0.065,0.736,-0.142,0.265,0.328,-0.746,0.546,0.461,-0.102,0.089,0.738,0.535,0.121,-0.581,0.74,0.853,0.263,0.407,0.188,0.708,0.214,0.633,0.084,0.819,-0.266,0.608,0.68,0.47,-0.233,0.318,0.15,0.353,0.16,0.488,0.404,0.327,0.839,0.714,0.662,0.696,0.28,0.769,0.474,0.496,-0.32,0.494,0.611,0.435,0.755,0.555,-0.14,0.309,0.736,0.546,0.499,0.378,0.519,0.664,-0.18,0.584,0.122,0.688,0.62,0.71,0.299,0.11,0.691,0.091,0.582,0.247,0.595,-0.052,0.137,0.499,-0.027,-0.672,0.286,-0.462,0.75,0.006,0.715,0.478,0.436,0.596,0.794,0.693,-0.119,-0.197,0.797,0.699,-0.2,0.647,-0.085,0.542,0.416,0.757,-0.26,0.576,0.628,0.81,0.742,0.499,0.732,0.665,0.203,0.7,0.742,0.784,-0.069,0.774,0.784,0.607,0.149,0.666,0.655,0.825,0.675
ANSS,0.34,-0.51,-0.149,0.577,-0.201,0.394,0.109,0.516,0.566,-0.068,-0.001,-0.327,0.683,0.218,0.585,0.614,0.384,0.0,0.125,-0.248,0.39,0.015,-0.581,0.513,0.448,-0.646,0.497,0.297,0.204,0.337,0.525,0.4,0.347,0.559,0.278,0.504,-0.376,0.066,0.026,0.63,0.499,0.215,-0.304,0.404,0.721,0.3,0.028,0.674,0.409,-0.628,0.498,0.615,0.187,0.267,0.71,0.747,0.582,0.63,0.468,-0.49,-0.128,-0.085,-0.508,-0.192,0.561,0.152,0.275,0.481,-0.41,-0.487,-0.334,0.482,-0.033,0.407,-0.262,0.395,0.302,0.728,-0.325,0.517,0.659,-0.368,-0.608,-0.078,0.626,-0.128,0.527,0.369,-0.591,0.759,-0.168,0.005,-0.362,0.317,0.253,0.05,-0.763,0.678,0.452,-0.014,0.093,-0.299,0.532,-0.282,0.407,0.018,0.661,0.571,0.235,0.24,0.808,-0.476,-0.023,-0.122,0.411,-0.092,0.353,0.317,0.37,0.531,0.54,0.602,0.669,-0.345,0.34,0.106,0.483,-0.592,0.548,0.638,-0.102,0.464,0.263,0.264,0.343,0.19,0.558,0.068,-0.402,0.52,0.119,-0.53,0.557,0.575,0.611,0.237,0.239,-0.051,-0.114,0.473,0.204,0.475,-0.364,0.629,-0.409,0.154,0.321,-0.405,0.043,0.467,-0.661,0.352,-0.571,0.666,0.403,0.368,0.748,0.636,0.594,-0.423,-0.408,0.536,0.587,-0.242,0.24,-0.569,0.571,0.434,0.6,-0.391,0.032,0.654,0.119,0.339,0.512,0.554,0.352,0.1,0.59,0.122,0.526,-0.404,0.312,0.193,0.093,-0.225,0.643,0.48,0.337,0.043
APPN,0.002,0.519,0.524,-0.575,-0.232,-0.197,-0.5,0.011,-0.26,-0.243,-0.029,-0.569,-0.344,-0.505,-0.388,0.032,-0.435,0.125,0.0,0.313,-0.409,-0.501,0.151,-0.055,-0.23,0.335,-0.525,-0.334,-0.238,-0.246,-0.172,-0.307,-0.395,-0.473,-0.122,-0.099,0.487,-0.228,0.327,-0.259,-0.085,-0.585,-0.179,-0.537,-0.271,-0.258,-0.463,-0.42,-0.032,0.108,-0.399,-0.45,0.125,0.298,-0.404,-0.349,-0.435,-0.366,0.159,0.203,0.839,-0.236,0.318,0.599,-0.54,-0.174,-0.238,-0.133,0.485,0.471,0.216,-0.554,0.108,-0.306,0.05,-0.559,-0.494,-0.367,0.197,-0.255,-0.283,0.198,0.38,0.525,-0.377,0.136,-0.19,-0.556,0.607,-0.033,-0.042,0.061,0.222,-0.208,-0.138,-0.286,0.247,-0.338,-0.666,0.125,0.305,0.069,-0.226,-0.007,-0.303,-0.019,-0.478,0.71,-0.071,-0.193,-0.107,0.218,-0.462,0.003,-0.373,0.105,-0.519,-0.291,-0.513,-0.341,-0.251,-0.491,-0.378,0.017,-0.442,-0.086,-0.2,0.095,-0.561,-0.518,-0.012,-0.298,-0.042,0.157,-0.339,-0.227,-0.156,-0.199,-0.339,-0.392,-0.792,0.184,-0.346,-0.171,-0.359,-0.132,-0.193,0.058,0.413,-0.185,-0.424,-0.16,-0.167,-0.31,-0.115,-0.302,-0.002,-0.517,0.88,0.188,0.422,-0.281,0.006,-0.496,-0.274,0.032,-0.347,-0.406,-0.279,0.507,0.022,-0.361,-0.458,0.425,-0.416,0.033,-0.084,-0.51,-0.521,0.516,-0.078,-0.362,-0.648,-0.259,0.209,-0.321,-0.421,-0.414,-0.428,-0.369,-0.593,-0.335,-0.442,-0.424,-0.662,0.193,-0.592,-0.099,-0.453,-0.25
APTO,0.329,0.194,0.075,-0.63,0.268,-0.074,0.148,-0.079,-0.19,-0.182,0.072,0.24,-0.655,-0.769,-0.673,-0.194,-0.077,-0.248,0.313,0.0,-0.678,-0.304,0.398,-0.09,0.279,0.25,-0.144,-0.591,-0.175,-0.32,0.195,-0.035,-0.208,-0.701,-0.24,-0.369,0.79,0.333,0.629,-0.395,-0.098,-0.351,0.701,-0.222,-0.342,-0.104,0.319,-0.415,0.072,0.342,-0.636,-0.253,-0.183,0.14,-0.441,-0.564,-0.687,-0.174,-0.532,0.774,0.456,-0.032,0.52,0.671,-0.475,-0.048,0.488,0.124,0.612,0.594,-0.19,-0.137,0.663,-0.253,0.811,0.02,-0.502,-0.288,0.589,-0.42,-0.38,0.822,0.724,0.781,-0.392,0.092,-0.653,-0.722,0.399,-0.079,0.623,-0.359,0.629,0.069,-0.269,-0.134,0.535,-0.38,-0.211,0.781,0.358,0.55,0.19,0.773,-0.5,-0.663,-0.265,-0.118,0.237,0.171,-0.185,0.839,-0.699,0.243,-0.744,0.708,-0.523,-0.737,-0.881,-0.103,-0.113,-0.668,-0.58,0.582,-0.236,0.615,-0.687,0.31,-0.681,-0.663,0.28,-0.299,0.519,-0.705,-0.742,0.192,-0.513,0.13,0.196,-0.737,-0.406,0.765,-0.579,-0.322,-0.399,0.071,0.337,0.714,0.759,0.149,-0.855,0.035,0.497,-0.63,0.58,-0.825,0.525,0.087,0.101,-0.384,0.521,0.242,0.641,-0.493,-0.697,-0.32,-0.653,-0.287,-0.49,0.653,0.749,-0.208,-0.529,0.822,-0.066,0.721,-0.403,-0.73,-0.226,0.778,0.391,-0.427,-0.038,-0.271,0.396,-0.025,-0.44,-0.573,-0.341,0.228,-0.404,0.347,0.046,0.157,-0.581,0.815,-0.524,0.037,-0.227,0.289
ARCT,-0.03,-0.447,-0.199,0.718,-0.177,0.222,-0.037,0.112,0.37,0.643,-0.027,-0.058,0.776,0.75,0.825,0.361,0.448,0.39,-0.409,-0.678,0.0,0.304,-0.562,0.467,0.028,-0.498,0.401,0.683,0.33,0.499,0.109,0.327,0.412,0.782,0.402,0.508,-0.71,-0.103,-0.405,0.57,0.363,0.543,-0.515,0.52,0.624,0.178,-0.14,0.606,0.147,-0.491,0.656,0.48,0.106,0.05,0.747,0.742,0.806,0.251,0.449,-0.788,-0.511,0.123,-0.595,-0.721,0.573,0.097,-0.253,0.233,-0.758,-0.766,0.232,0.344,-0.456,0.432,-0.644,0.302,0.702,0.56,-0.492,0.529,0.629,-0.757,-0.747,-0.735,0.58,-0.11,0.742,0.832,-0.633,0.285,-0.309,0.086,-0.634,0.206,0.269,0.626,-0.703,0.616,0.497,-0.507,-0.155,-0.381,0.12,-0.543,0.632,0.503,0.524,0.002,-0.022,0.03,0.477,-0.779,0.54,-0.122,0.822,-0.574,0.502,0.628,0.815,0.407,0.262,0.783,0.804,-0.466,0.382,-0.327,0.779,-0.465,0.818,0.836,-0.231,0.451,-0.257,0.516,0.878,0.031,0.696,-0.061,-0.133,0.73,0.554,-0.743,0.681,0.398,0.603,-0.013,-0.054,-0.411,-0.552,0.114,0.794,0.015,-0.393,0.779,-0.591,0.631,-0.219,-0.175,-0.263,0.305,-0.661,0.037,-0.557,0.64,0.765,0.347,0.785,0.548,0.632,-0.556,-0.748,0.504,0.758,-0.722,0.352,-0.551,0.582,0.814,0.506,-0.761,-0.206,0.55,0.331,0.367,-0.026,0.408,0.478,0.559,0.553,0.1,0.626,-0.394,0.146,0.218,0.626,-0.671,0.739,0.154,0.5,0.003
ARWR,0.01,-0.463,-0.174,0.435,0.427,0.282,0.497,0.259,0.228,0.112,0.171,0.356,0.421,0.577,0.355,0.091,0.347,0.015,-0.501,-0.304,0.304,0.0,-0.318,0.126,0.179,-0.287,0.416,0.4,0.262,0.401,0.119,0.324,0.388,0.445,0.177,-0.027,-0.537,0.216,-0.274,0.087,0.202,0.487,0.013,0.437,0.196,0.199,0.367,0.392,-0.129,0.128,0.467,0.437,-0.099,-0.223,0.185,0.278,0.468,0.36,0.285,-0.055,-0.574,0.588,-0.142,-0.294,0.598,0.615,0.127,0.116,-0.287,-0.518,0.071,0.281,-0.062,0.329,-0.062,0.376,0.546,0.289,0.118,0.432,0.315,-0.14,-0.184,-0.334,0.376,-0.144,0.09,0.439,-0.41,0.118,0.0,0.235,-0.031,0.365,0.275,0.019,-0.262,0.247,0.533,-0.24,-0.168,-0.022,0.239,-0.047,0.566,0.113,0.327,-0.379,0.163,0.224,-0.1,-0.141,0.531,0.208,0.507,-0.27,0.56,0.443,0.464,0.169,0.162,0.48,0.385,-0.134,0.384,-0.114,0.29,0.172,0.483,0.463,0.169,0.299,-0.052,0.144,0.444,0.3,0.292,0.411,0.333,0.342,0.534,-0.082,0.501,-0.107,0.253,0.402,0.144,-0.096,-0.449,0.33,0.317,0.319,0.441,0.287,-0.057,0.372,-0.114,0.341,-0.497,0.157,-0.139,0.365,0.145,0.479,0.282,0.386,0.381,0.356,0.254,-0.339,-0.202,0.238,0.346,-0.357,0.276,-0.186,0.085,0.546,0.476,-0.46,0.112,0.475,0.355,0.412,-0.167,0.162,0.454,0.709,0.332,0.416,0.469,0.306,0.392,0.23,0.594,-0.296,0.453,0.103,0.447,0.354
ASND,-0.548,0.691,-0.124,-0.635,-0.241,-0.781,-0.153,-0.672,-0.819,-0.236,-0.38,0.219,-0.836,-0.496,-0.806,-0.439,-0.671,-0.581,0.151,0.398,-0.562,-0.318,0.0,-0.736,-0.515,0.833,-0.684,-0.74,-0.737,-0.755,-0.56,-0.761,-0.791,-0.771,-0.783,-0.672,0.511,-0.382,-0.206,-0.793,-0.708,-0.677,0.308,-0.68,-0.645,-0.588,-0.198,-0.847,-0.606,0.709,-0.805,-0.778,-0.571,-0.494,-0.723,-0.828,-0.836,-0.606,-0.701,0.394,0.368,0.073,0.505,0.419,-0.737,-0.524,-0.186,-0.635,0.677,0.636,0.219,-0.524,-0.149,-0.795,0.182,-0.563,-0.802,-0.802,-0.026,-0.903,-0.897,0.335,0.591,0.197,-0.853,0.118,-0.601,-0.36,0.737,-0.757,-0.142,-0.135,0.203,-0.722,-0.625,-0.02,0.833,-0.831,-0.605,0.047,-0.387,0.108,-0.527,0.277,-0.825,-0.422,-0.729,-0.102,-0.555,-0.604,-0.478,0.59,-0.352,-0.053,-0.661,0.121,-0.604,-0.666,-0.491,-0.735,-0.722,-0.782,-0.824,0.186,-0.726,-0.041,-0.836,0.422,-0.568,-0.701,-0.366,-0.79,-0.285,-0.354,-0.578,-0.594,-0.734,-0.54,0.074,-0.762,-0.456,0.541,-0.802,-0.126,-0.831,-0.469,-0.483,-0.007,0.078,-0.621,-0.246,-0.528,0.031,-0.853,0.532,-0.476,-0.258,0.335,0.288,-0.757,0.547,-0.549,0.388,-0.794,-0.751,-0.714,-0.774,-0.841,-0.886,0.188,0.669,-0.764,-0.844,0.53,-0.41,0.564,-0.828,-0.537,-0.714,0.478,-0.412,-0.768,-0.471,-0.829,-0.475,-0.655,-0.785,-0.268,-0.808,-0.54,-0.749,0.495,-0.603,-0.556,-0.581,0.271,-0.714,-0.707,-0.784,-0.357
ASTH,0.646,-0.546,0.069,0.382,0.203,0.626,0.076,0.542,0.673,0.487,0.387,-0.224,0.632,0.193,0.556,0.421,0.61,0.513,-0.055,-0.09,0.467,0.126,-0.736,0.0,0.506,-0.686,0.588,0.519,0.651,0.706,0.609,0.756,0.711,0.432,0.701,0.728,-0.125,0.401,0.444,0.726,0.68,0.556,0.004,0.569,0.508,0.451,0.228,0.674,0.552,-0.683,0.468,0.638,0.438,0.625,0.684,0.622,0.626,0.374,0.415,-0.299,-0.199,-0.23,-0.442,-0.299,0.474,0.323,0.24,0.814,-0.526,-0.369,-0.117,0.335,0.264,0.633,0.013,0.559,0.646,0.672,0.171,0.643,0.741,-0.106,-0.335,-0.002,0.689,-0.352,0.518,0.255,-0.567,0.696,0.407,-0.037,-0.109,0.687,0.419,0.209,-0.643,0.737,0.531,0.265,0.537,0.062,0.524,0.012,0.634,0.249,0.641,0.009,0.436,0.546,0.465,-0.312,0.005,0.178,0.507,0.087,0.208,0.477,0.218,0.726,0.609,0.54,0.675,0.047,0.554,0.23,0.633,-0.347,0.374,0.477,0.338,0.688,0.483,0.08,0.395,0.586,0.584,0.363,-0.047,0.506,0.32,-0.325,0.645,0.257,0.659,0.309,0.598,0.243,0.254,0.551,0.005,0.376,-0.011,0.689,-0.47,0.074,0.426,-0.422,-0.206,0.534,-0.335,0.559,-0.248,0.577,0.546,0.597,0.588,0.723,0.749,0.075,-0.456,0.627,0.664,-0.187,0.411,-0.269,0.733,0.309,0.654,-0.195,0.492,0.509,0.524,0.604,0.602,0.717,0.49,0.065,0.641,0.556,0.559,-0.554,0.515,0.59,0.296,-0.034,0.513,0.543,0.709,0.445
ATSG,0.789,-0.689,-0.173,0.39,0.447,0.705,0.575,0.571,0.726,-0.095,0.348,0.301,0.373,-0.03,0.33,0.272,0.648,0.448,-0.23,0.279,0.028,0.179,-0.515,0.506,0.0,-0.726,0.785,0.193,0.493,0.403,0.844,0.736,0.654,0.309,0.445,0.322,-0.031,0.711,0.53,0.507,0.61,0.511,0.467,0.652,0.416,0.63,0.616,0.644,0.615,-0.447,0.333,0.729,0.343,0.344,0.525,0.45,0.345,0.753,0.136,0.181,-0.239,0.068,-0.139,-0.037,0.539,0.431,0.831,0.707,-0.244,-0.265,-0.668,0.679,0.645,0.616,0.48,0.795,0.378,0.744,0.344,0.559,0.654,0.317,-0.142,0.292,0.621,-0.194,0.051,-0.04,-0.644,0.759,0.533,-0.175,0.237,0.727,0.382,-0.117,-0.447,0.605,0.674,0.593,0.445,0.32,0.801,0.408,0.395,-0.304,0.722,-0.083,0.722,0.749,0.489,0.066,-0.163,0.207,0.052,0.479,0.336,0.11,-0.051,0.743,0.745,0.372,0.411,0.258,0.645,0.652,0.203,-0.363,0.232,0.33,0.431,0.594,0.768,-0.338,-0.045,0.757,0.297,0.605,0.125,0.233,0.389,0.078,0.392,0.113,0.551,0.574,0.789,0.559,0.35,0.818,-0.318,0.73,0.401,0.34,0.165,-0.175,0.829,0.058,-0.502,0.277,-0.297,0.849,0.115,0.59,0.134,0.277,0.345,0.735,0.503,0.023,0.103,0.677,0.508,0.142,0.521,0.011,0.456,0.076,0.754,-0.013,0.687,0.625,0.603,0.562,0.745,0.68,0.489,-0.144,0.669,0.756,0.638,0.061,0.787,0.726,0.197,0.393,0.511,0.756,0.625,0.629
AVTX,-0.7,0.869,0.175,-0.728,-0.256,-0.821,-0.445,-0.711,-0.929,-0.128,-0.458,-0.084,-0.773,-0.387,-0.798,-0.425,-0.79,-0.646,0.335,0.25,-0.498,-0.287,0.833,-0.686,-0.726,0.0,-0.901,-0.641,-0.739,-0.706,-0.757,-0.876,-0.876,-0.742,-0.711,-0.686,0.419,-0.565,-0.278,-0.859,-0.781,-0.76,-0.01,-0.839,-0.642,-0.739,-0.472,-0.918,-0.736,0.778,-0.759,-0.905,-0.536,-0.474,-0.809,-0.864,-0.777,-0.844,-0.437,0.32,0.501,0.082,0.534,0.462,-0.774,-0.427,-0.502,-0.779,0.697,0.559,0.461,-0.685,-0.328,-0.753,0.016,-0.824,-0.731,-0.934,-0.041,-0.839,-0.898,0.179,0.632,0.097,-0.94,0.272,-0.519,-0.34,0.895,-0.854,-0.266,0.101,0.1,-0.785,-0.657,0.029,0.842,-0.922,-0.8,-0.209,-0.413,0.028,-0.723,0.003,-0.764,-0.149,-0.917,0.012,-0.591,-0.72,-0.657,0.483,-0.227,0.01,-0.509,-0.154,-0.574,-0.564,-0.456,-0.925,-0.907,-0.792,-0.808,-0.011,-0.841,-0.339,-0.671,0.536,-0.57,-0.729,-0.396,-0.881,-0.563,-0.037,-0.425,-0.727,-0.702,-0.576,-0.012,-0.679,-0.631,0.442,-0.711,-0.353,-0.924,-0.572,-0.702,-0.15,-0.002,-0.753,-0.173,-0.714,-0.053,-0.804,0.216,-0.242,-0.544,0.177,0.539,-0.6,0.626,-0.768,0.293,-0.876,-0.64,-0.57,-0.768,-0.939,-0.906,0.319,0.413,-0.907,-0.878,0.386,-0.655,0.417,-0.794,-0.466,-0.883,0.419,-0.555,-0.782,-0.685,-0.789,-0.634,-0.734,-0.78,-0.106,-0.912,-0.679,-0.895,0.332,-0.797,-0.685,-0.562,0.058,-0.819,-0.803,-0.809,-0.555
BCPC,0.685,-0.941,-0.324,0.708,0.437,0.74,0.68,0.606,0.823,0.102,0.428,0.337,0.665,0.397,0.687,0.317,0.871,0.497,-0.525,-0.144,0.401,0.416,-0.684,0.588,0.785,-0.901,0.0,0.549,0.661,0.641,0.756,0.862,0.867,0.639,0.563,0.562,-0.381,0.634,0.229,0.728,0.666,0.799,0.245,0.911,0.537,0.754,0.694,0.877,0.641,-0.609,0.612,0.892,0.336,0.301,0.744,0.726,0.691,0.882,0.235,-0.183,-0.633,0.065,-0.419,-0.47,0.806,0.456,0.664,0.772,-0.638,-0.554,-0.501,0.758,0.38,0.765,0.107,0.937,0.694,0.859,0.083,0.727,0.801,-0.033,-0.498,-0.108,0.85,-0.309,0.3,0.379,-0.903,0.682,0.359,-0.096,0.034,0.759,0.566,-0.015,-0.686,0.835,0.921,0.284,0.313,0.165,0.778,0.202,0.679,-0.006,0.933,-0.203,0.614,0.704,0.58,-0.295,0.314,0.132,0.404,0.174,0.572,0.461,0.413,0.901,0.857,0.747,0.737,0.183,0.859,0.488,0.49,-0.45,0.59,0.697,0.374,0.821,0.615,-0.154,0.298,0.767,0.541,0.551,0.271,0.573,0.767,-0.203,0.658,0.273,0.779,0.635,0.752,0.234,0.014,0.782,0.13,0.747,0.251,0.654,-0.002,0.154,0.588,0.117,-0.753,0.352,-0.584,0.841,-0.087,0.871,0.491,0.415,0.673,0.909,0.772,-0.305,-0.182,0.856,0.792,-0.239,0.743,-0.193,0.603,0.482,0.917,-0.373,0.591,0.764,0.829,0.732,0.543,0.769,0.724,0.194,0.832,0.759,0.927,-0.007,0.879,0.778,0.608,0.095,0.81,0.722,0.838,0.668
BEAM,0.333,-0.591,0.002,0.577,0.242,0.63,0.13,0.483,0.639,0.368,0.484,-0.049,0.711,0.705,0.848,0.371,0.61,0.297,-0.334,-0.591,0.683,0.4,-0.74,0.519,0.193,-0.641,0.549,0.0,0.745,0.773,0.278,0.626,0.735,0.715,0.752,0.67,-0.539,0.302,-0.014,0.69,0.681,0.778,-0.334,0.628,0.483,0.441,0.132,0.727,0.471,-0.564,0.798,0.566,0.475,0.319,0.621,0.713,0.804,0.417,0.56,-0.502,-0.562,0.078,-0.419,-0.645,0.598,0.297,-0.088,0.414,-0.69,-0.534,0.125,0.363,-0.031,0.649,-0.356,0.47,0.808,0.585,-0.16,0.779,0.732,-0.482,-0.656,-0.395,0.728,0.066,0.619,0.511,-0.644,0.401,0.011,0.24,-0.196,0.571,0.69,0.076,-0.658,0.707,0.552,-0.293,0.311,-0.087,0.315,-0.287,0.788,0.667,0.613,-0.117,0.371,0.435,0.328,-0.656,0.674,0.04,0.64,-0.252,0.633,0.784,0.699,0.635,0.552,0.777,0.756,-0.075,0.685,-0.047,0.865,-0.318,0.594,0.682,0.251,0.794,0.066,0.401,0.662,0.454,0.805,0.341,0.205,0.806,0.622,-0.599,0.68,0.137,0.702,0.433,0.298,-0.197,-0.233,0.272,0.507,0.34,-0.111,0.797,-0.387,0.661,-0.004,-0.227,-0.403,0.531,-0.448,0.345,-0.279,0.672,0.761,0.614,0.695,0.676,0.786,-0.249,-0.684,0.722,0.768,-0.605,0.478,-0.444,0.738,0.583,0.521,-0.491,0.261,0.617,0.54,0.78,0.158,0.464,0.803,0.488,0.624,0.377,0.68,-0.441,0.481,0.482,0.806,-0.336,0.633,0.499,0.762,0.364
BILI,0.691,-0.642,0.124,0.364,0.539,0.861,0.343,0.742,0.811,0.272,0.762,0.087,0.517,0.384,0.616,0.301,0.698,0.204,-0.238,-0.175,0.33,0.262,-0.737,0.651,0.493,-0.739,0.661,0.745,0.0,0.823,0.501,0.87,0.899,0.49,0.889,0.646,-0.19,0.657,0.454,0.676,0.711,0.783,0.109,0.659,0.31,0.675,0.423,0.675,0.699,-0.595,0.649,0.668,0.703,0.596,0.455,0.55,0.605,0.515,0.465,-0.051,-0.377,-0.097,-0.202,-0.303,0.518,0.547,0.277,0.647,-0.46,-0.243,-0.23,0.368,0.48,0.719,0.159,0.634,0.79,0.585,0.376,0.803,0.693,0.01,-0.303,0.058,0.736,-0.122,0.398,0.075,-0.568,0.573,0.501,0.11,0.209,0.834,0.834,-0.172,-0.539,0.686,0.578,0.23,0.657,0.206,0.548,0.104,0.778,0.406,0.614,-0.27,0.707,0.79,0.205,-0.306,0.346,0.083,0.4,0.261,0.471,0.625,0.274,0.791,0.768,0.562,0.593,0.306,0.831,0.326,0.651,-0.158,0.241,0.396,0.739,0.865,0.499,0.049,0.333,0.839,0.678,0.742,0.291,0.569,0.529,-0.249,0.59,-0.091,0.697,0.65,0.716,0.209,0.211,0.574,0.005,0.594,0.291,0.632,-0.154,0.289,0.38,-0.203,-0.464,0.61,-0.15,0.693,0.034,0.566,0.612,0.658,0.468,0.698,0.793,0.124,-0.361,0.758,0.657,-0.279,0.486,-0.197,0.7,0.23,0.555,-0.112,0.739,0.537,0.683,0.899,0.508,0.53,0.818,0.081,0.652,0.747,0.644,-0.371,0.763,0.713,0.613,0.098,0.452,0.749,0.801,0.647
BJRI,0.535,-0.694,0.048,0.423,0.515,0.738,0.326,0.643,0.684,0.392,0.594,0.073,0.613,0.548,0.664,0.478,0.709,0.337,-0.246,-0.32,0.499,0.401,-0.755,0.706,0.403,-0.706,0.641,0.773,0.823,0.0,0.407,0.768,0.82,0.551,0.757,0.641,-0.317,0.422,0.274,0.641,0.658,0.743,-0.057,0.66,0.386,0.476,0.359,0.705,0.505,-0.582,0.686,0.656,0.499,0.459,0.54,0.608,0.696,0.463,0.478,-0.286,-0.488,0.047,-0.346,-0.405,0.627,0.513,0.131,0.61,-0.514,-0.421,-0.074,0.359,0.205,0.696,-0.013,0.596,0.83,0.58,0.196,0.742,0.688,-0.141,-0.396,-0.132,0.703,-0.204,0.52,0.346,-0.58,0.507,0.395,0.186,-0.031,0.723,0.643,0.015,-0.601,0.672,0.658,0.084,0.493,0.11,0.506,-0.033,0.817,0.452,0.676,-0.228,0.503,0.58,0.239,-0.403,0.447,0.086,0.598,-0.018,0.496,0.662,0.44,0.721,0.596,0.661,0.72,0.122,0.701,0.198,0.728,-0.122,0.458,0.55,0.563,0.79,0.33,0.172,0.501,0.668,0.673,0.524,0.303,0.604,0.525,-0.334,0.724,0.025,0.663,0.69,0.536,0.15,0.033,0.56,0.197,0.493,0.224,0.668,-0.352,0.371,0.223,-0.144,-0.433,0.582,-0.203,0.563,-0.072,0.639,0.655,0.657,0.62,0.707,0.779,0.018,-0.47,0.672,0.668,-0.357,0.415,-0.267,0.67,0.446,0.573,-0.262,0.509,0.598,0.622,0.791,0.312,0.564,0.722,0.314,0.625,0.638,0.645,-0.336,0.63,0.574,0.628,-0.067,0.535,0.526,0.831,0.497
BLUE,0.82,-0.653,-0.137,0.409,0.283,0.685,0.41,0.61,0.759,-0.031,0.393,0.098,0.423,-0.078,0.392,0.304,0.624,0.525,-0.172,0.195,0.109,0.119,-0.56,0.609,0.844,-0.757,0.756,0.278,0.501,0.407,0.0,0.743,0.671,0.327,0.495,0.493,-0.012,0.69,0.559,0.696,0.722,0.496,0.359,0.607,0.487,0.609,0.613,0.7,0.637,-0.55,0.415,0.731,0.361,0.513,0.6,0.546,0.404,0.726,0.153,0.053,-0.191,-0.083,-0.294,-0.123,0.499,0.278,0.758,0.865,-0.342,-0.197,-0.575,0.644,0.571,0.624,0.364,0.791,0.375,0.751,0.217,0.557,0.69,0.206,-0.273,0.271,0.685,-0.199,0.2,0.001,-0.653,0.778,0.461,-0.236,0.13,0.728,0.408,-0.089,-0.517,0.704,0.628,0.562,0.501,0.18,0.765,0.346,0.393,-0.146,0.772,-0.014,0.614,0.726,0.598,-0.032,-0.19,0.281,0.091,0.476,0.284,0.157,0.015,0.787,0.813,0.411,0.452,0.222,0.634,0.607,0.288,-0.418,0.244,0.371,0.376,0.69,0.809,-0.303,-0.008,0.714,0.374,0.505,0.025,0.316,0.381,-0.077,0.359,0.339,0.646,0.461,0.775,0.49,0.377,0.717,-0.265,0.663,0.166,0.491,0.12,-0.169,0.841,-0.133,-0.422,0.313,-0.401,0.81,-0.049,0.623,0.192,0.344,0.411,0.778,0.596,-0.006,-0.011,0.719,0.576,0.109,0.547,-0.058,0.54,0.062,0.787,-0.02,0.642,0.564,0.631,0.52,0.781,0.718,0.476,-0.162,0.644,0.642,0.62,-0.163,0.74,0.67,0.221,0.338,0.544,0.756,0.617,0.6
