,AAL,AAON,ACB,ACGL,ACGLO,ACIW,ADBE,ADSK,AEP,AGIO,ALEC,ALNY,ALTR,AMBA,AMCX,AMKR,AMRX,ANSS,APPN,APTO,ARCT,ARWR,ASND,ASTH,ATSG,AVTX,BCPC,BEAM,BILI,BJRI,BLUE,BPOP,BRKL,BWIN,BZUN,CARG,CBRL,CBSH,CBUS,CENTA,CERS,CFFN,CHCO,CHEF,CHRD,CINF,CLLS,CMCO,CMCSA,COLL,COMM,COOP,CPB,CRON,CROX,CRUS,CRWD,CTAS,CYBR,CYTK,DGII,DIOD,DOMO,DPZ,DSGR,DXCM,ERIE,ESTA,EXEL,FAST,FCEL,FCFS,FHB,FITBI,FSV,FTDR,FUTU,GLDD,GLPG,GLPI,GOGO,GOSS,GSAT,GYRE,HALO,HAS,HLIT,HLNE,HSDT,HSIC,HTHT,ICHR,IDYA,IMVT,INDB,INSM,IONS,IOSP,ITRI,JBHT,JBLU,JSM,KLIC,KOD,KURA,LAB,LASR,LIN,LKQ,LNT,MBUU,MCRI,MDGL,MEDP,MGNI,MGPI,MGRC,MKTX,MRNA,MRTN,MSEX,MSFT,MU,NAVI,NBTB,NEO,NEOG,NGNE,NSSC,NTAP,NTES,NTLA,NTRS,NYMTN,OBLG,OCFC,ON,ONC,OPI,OSIS,OSW,PALI,PANW,PCAR,PCRX,PCTY,PEBO,PLAB,PLAY,PLMR,PLSE,PLUS,PRTA,PSEC,PSNL,PTCT,PTON,QNST,QRVO,QTTB,RARE,RBCAA,RGNX,SAIC,SGMO,SINT,SNPS,SPSC,SPTN,SSYS,STNE,TBBK,TCPC,TENB,TGTX,TREE,TRUP,TTWO,TW,TXG,UBSI,UCTT,UFPT,UMBF,UPBD,URBN,VBTX,VCTR,VEON,VNET,VRSK,VSEC,WABC,WTFCM,WVE,WW,WWD,XEL,ZD,ZYME
AAL,0.0,0.476,-0.018,-0.123,-0.111,0.61,-0.209,0.417,0.51,0.101,0.231,0.365,0.734,0.132,-0.209,0.265,0.319,0.616,0.683,0.695,-0.215,0.316,-0.133,0.181,0.801,0.227,0.143,0.074,-0.489,0.071,-0.111,0.763,0.623,-0.15,-0.607,0.292,0.663,0.379,0.503,0.316,-0.256,0.507,0.642,0.436,0.195,0.468,-0.042,0.844,0.13,0.323,-0.338,0.521,0.423,0.367,0.65,0.312,0.188,0.419,0.564,0.501,0.556,0.501,-0.127,0.394,0.236,0.6,-0.134,-0.215,0.341,0.593,0.685,0.504,0.714,0.691,0.026,0.776,-0.448,0.454,-0.272,0.426,-0.103,-0.234,-0.087,-0.29,-0.02,0.392,0.645,0.378,-0.25,0.138,-0.34,0.206,-0.02,0.529,0.793,0.125,0.648,0.828,0.36,0.056,0.779,0.263,0.736,0.344,-0.048,0.413,0.432,-0.29,0.744,0.503,0.497,0.628,-0.194,0.381,-0.16,0.516,0.727,-0.363,0.279,0.111,0.344,0.175,0.446,0.571,0.755,0.486,0.319,0.689,0.152,0.429,-0.104,0.141,0.595,0.148,-0.15,0.708,0.007,-0.428,0.321,0.537,0.48,0.585,0.264,0.519,-0.055,0.573,0.803,0.184,-0.299,0.21,-0.381,-0.146,0.026,0.17,-0.28,-0.047,0.166,0.436,0.146,-0.191,-0.223,0.473,0.188,-0.26,-0.223,-0.323,0.394,0.563,0.575,0.087,-0.344,-0.228,0.274,0.598,0.214,0.578,0.148,0.242,0.427,0.106,0.707,0.458,0.528,0.722,0.86,0.484,0.697,0.367,-0.334,-0.621,0.033,0.628,0.699,0.33,-0.161,-0.18,0.306,0.171,0.098,0.024
AAON,0.476,0.0,0.659,0.549,-0.713,0.653,-0.793,-0.012,0.433,-0.549,-0.425,0.316,0.736,-0.651,-0.385,-0.512,0.878,0.858,0.795,0.07,-0.857,-0.435,-0.342,-0.168,0.469,0.488,-0.307,-0.654,-0.732,-0.402,-0.524,0.748,0.047,-0.394,-0.704,0.303,0.184,0.145,0.545,0.121,-0.684,-0.254,0.117,-0.223,0.825,0.711,0.149,0.634,-0.419,0.723,-0.609,0.898,0.739,0.878,0.877,-0.15,-0.243,0.714,0.341,0.795,0.637,-0.016,-0.659,0.707,0.912,0.567,-0.513,0.258,0.823,0.816,0.67,0.818,0.491,0.692,-0.429,0.298,-0.696,-0.024,-0.838,0.019,-0.645,-0.707,-0.366,-0.37,-0.582,0.904,0.444,0.672,-0.082,-0.497,0.4,-0.409,-0.496,0.236,0.156,-0.113,0.152,0.513,-0.047,-0.495,0.21,0.231,0.235,-0.269,-0.721,0.038,0.022,-0.624,0.686,0.268,0.562,0.737,-0.484,-0.126,-0.785,-0.012,0.515,-0.109,-0.196,-0.638,-0.398,0.745,0.802,0.7,0.608,-0.154,-0.516,0.874,-0.061,0.757,-0.587,-0.627,0.875,0.726,-0.48,0.637,-0.746,-0.712,-0.244,0.918,0.556,0.124,-0.318,0.925,-0.745,0.35,0.541,-0.26,0.163,0.729,-0.823,-0.745,-0.743,0.045,-0.86,-0.643,-0.646,0.919,-0.327,0.357,-0.456,0.454,-0.512,-0.761,-0.64,-0.682,0.619,-0.127,-0.106,-0.702,-0.491,-0.785,-0.335,0.805,-0.553,0.228,-0.652,0.762,0.029,-0.563,0.173,0.232,0.909,0.59,0.592,0.477,0.367,0.909,-0.845,-0.105,-0.47,0.835,0.326,0.81,-0.767,-0.757,0.745,0.68,-0.73,-0.618
ACB,-0.018,0.659,0.0,0.493,-0.684,0.47,-0.652,-0.571,0.443,-0.764,-0.604,0.441,0.455,-0.545,-0.608,-0.482,0.55,0.571,0.404,-0.239,-0.753,-0.58,-0.13,0.053,0.297,0.674,-0.649,-0.89,-0.508,-0.35,-0.659,0.478,-0.038,-0.676,-0.634,0.044,0.097,0.338,0.26,-0.415,-0.498,-0.467,-0.088,-0.728,0.885,0.586,0.606,0.279,-0.73,0.549,-0.739,0.573,0.587,0.864,0.527,0.017,-0.497,0.731,-0.098,0.713,0.669,0.083,-0.665,0.782,0.702,0.446,-0.686,0.639,0.516,0.284,0.43,0.667,0.157,0.177,-0.836,0.049,-0.384,-0.183,-0.847,-0.207,-0.442,-0.878,-0.567,-0.438,-0.585,0.718,0.349,0.764,0.376,-0.627,0.591,-0.195,-0.752,-0.104,-0.093,0.206,0.122,0.159,0.119,-0.306,-0.215,-0.311,0.108,-0.608,-0.775,0.136,-0.111,-0.697,0.224,0.273,0.63,0.496,-0.643,-0.415,-0.867,-0.284,0.241,0.028,-0.299,-0.724,-0.751,0.387,0.822,0.559,0.451,-0.301,-0.76,0.425,0.208,0.78,-0.859,-0.817,0.723,0.893,-0.436,0.348,-0.79,-0.764,-0.529,0.753,0.28,-0.029,-0.797,0.499,-0.673,-0.109,0.327,-0.33,0.569,0.403,-0.793,-0.654,-0.735,-0.017,-0.768,-0.69,-0.82,0.6,-0.186,0.812,-0.178,0.44,-0.858,-0.497,-0.769,-0.815,0.236,-0.611,-0.618,-0.761,-0.304,-0.691,-0.404,0.411,-0.64,-0.006,-0.531,0.712,-0.562,-0.567,0.045,0.396,0.763,0.487,0.058,-0.136,0.317,0.829,-0.552,-0.017,-0.773,0.328,0.184,0.809,-0.579,-0.683,0.873,0.78,-0.811,-0.806
ACGL,-0.123,0.549,0.493,0.0,-0.64,0.253,-0.535,-0.179,0.234,-0.763,-0.744,0.134,0.12,-0.745,-0.092,-0.727,0.517,0.28,0.269,-0.442,-0.572,-0.797,0.15,-0.403,-0.087,0.495,-0.532,-0.695,-0.055,-0.353,-0.584,0.26,-0.411,-0.272,-0.098,-0.088,-0.059,-0.054,0.299,0.015,-0.674,-0.438,-0.4,-0.376,0.699,0.631,0.136,0.132,-0.184,0.379,-0.085,0.594,0.626,0.559,0.487,-0.276,-0.424,0.552,-0.227,0.453,0.335,-0.286,-0.695,0.546,0.684,0.252,-0.474,0.365,0.551,0.229,0.079,0.619,-0.002,0.086,-0.322,-0.073,-0.189,-0.38,-0.632,0.027,-0.442,-0.536,0.084,-0.224,-0.452,0.674,-0.046,0.475,-0.102,-0.348,0.855,-0.638,-0.538,-0.226,-0.349,-0.279,-0.315,-0.095,-0.473,-0.498,-0.312,-0.022,-0.313,-0.509,-0.654,-0.365,-0.242,-0.193,0.341,0.102,0.195,0.496,-0.118,-0.435,-0.591,-0.006,-0.217,0.226,-0.053,-0.579,-0.413,0.608,0.442,0.387,0.035,-0.494,-0.69,0.31,-0.238,0.255,-0.434,-0.726,0.462,0.503,-0.331,0.109,-0.642,-0.193,-0.692,0.503,0.43,-0.238,-0.39,0.53,-0.672,0.094,0.026,-0.421,0.303,0.606,-0.473,-0.548,-0.778,0.291,-0.543,-0.654,-0.628,0.636,-0.385,0.436,-0.468,0.068,-0.644,-0.468,-0.611,-0.483,0.03,-0.371,-0.541,-0.726,-0.096,-0.505,-0.119,0.383,-0.834,-0.196,-0.561,0.412,-0.203,-0.682,-0.202,-0.15,0.469,0.1,0.134,0.21,-0.146,0.594,-0.509,0.256,-0.413,0.339,-0.155,0.582,-0.524,-0.699,0.523,0.679,-0.692,-0.679
ACGLO,-0.111,-0.713,-0.684,-0.64,0.0,-0.264,0.872,0.353,-0.195,0.765,0.694,-0.343,-0.269,0.816,0.399,0.756,-0.632,-0.517,-0.368,0.194,0.811,0.669,0.26,0.421,-0.076,-0.431,0.524,0.803,0.556,0.607,0.638,-0.39,0.373,0.581,0.485,-0.019,-0.012,0.145,-0.604,0.181,0.784,0.506,0.388,0.378,-0.809,-0.685,-0.207,-0.26,0.478,-0.677,0.533,-0.59,-0.648,-0.787,-0.633,0.455,0.528,-0.595,0.178,-0.653,-0.431,0.309,0.797,-0.636,-0.824,-0.454,0.457,-0.241,-0.668,-0.392,-0.293,-0.664,0.024,-0.33,0.544,0.075,0.679,0.248,0.841,0.364,0.721,0.683,0.335,0.454,0.736,-0.733,0.005,-0.482,0.04,0.658,-0.667,0.583,0.765,0.34,0.245,0.333,0.093,-0.089,0.37,0.762,0.063,-0.015,0.14,0.42,0.857,0.257,0.39,0.544,-0.326,-0.053,-0.277,-0.501,0.34,0.566,0.748,0.322,-0.033,0.163,0.225,0.773,0.547,-0.529,-0.67,-0.414,-0.249,0.607,0.788,-0.557,0.301,-0.475,0.707,0.786,-0.648,-0.746,0.628,-0.147,0.898,0.594,0.672,-0.678,-0.334,0.284,0.511,-0.714,0.856,-0.057,-0.137,0.673,-0.204,-0.744,0.776,0.894,0.874,0.039,0.764,0.83,0.787,-0.772,0.639,-0.537,0.592,-0.066,0.679,0.742,0.755,0.701,-0.154,0.564,0.437,0.845,0.378,0.758,0.492,-0.391,0.755,0.32,0.698,-0.468,0.202,0.859,0.246,0.088,-0.659,-0.239,-0.233,-0.265,0.01,-0.721,0.778,-0.055,0.645,-0.401,0.119,-0.616,0.81,0.756,-0.68,-0.685,0.89,0.75
ACIW,0.61,0.653,0.47,0.253,-0.264,0.0,-0.336,0.134,0.755,-0.223,-0.109,0.38,0.789,-0.056,-0.253,0.072,0.536,0.727,0.773,0.417,-0.423,-0.044,-0.032,0.331,0.725,0.598,-0.062,-0.313,-0.365,0.107,-0.32,0.822,0.611,-0.285,-0.612,0.332,0.527,0.635,0.371,0.105,-0.268,0.262,0.595,-0.044,0.567,0.606,0.336,0.851,-0.096,0.397,-0.46,0.712,0.621,0.625,0.678,0.473,-0.084,0.684,0.522,0.649,0.809,0.576,-0.338,0.658,0.519,0.653,-0.419,0.382,0.492,0.573,0.798,0.713,0.841,0.465,-0.338,0.661,-0.272,0.362,-0.542,0.545,-0.153,-0.597,-0.098,-0.376,-0.123,0.649,0.754,0.778,0.128,-0.023,0.096,0.187,-0.216,0.493,0.663,0.299,0.497,0.705,0.475,0.116,0.38,0.037,0.631,-0.108,-0.344,0.5,0.477,-0.524,0.668,0.653,0.763,0.725,-0.321,0.177,-0.468,0.468,0.743,0.007,0.143,-0.158,-0.046,0.31,0.682,0.798,0.799,0.404,-0.02,0.66,0.317,0.738,-0.366,-0.251,0.771,0.468,-0.194,0.87,-0.241,-0.547,0.077,0.76,0.471,0.535,-0.176,0.565,-0.189,0.469,0.87,0.166,0.212,0.258,-0.521,-0.204,-0.32,0.268,-0.431,-0.16,-0.154,0.6,0.287,0.213,-0.092,0.795,-0.292,-0.403,-0.393,-0.528,0.481,0.225,0.162,-0.174,-0.204,-0.358,0.276,0.73,-0.168,0.615,-0.06,0.609,-0.025,0.009,0.705,0.676,0.719,0.827,0.602,0.23,0.754,0.719,-0.392,-0.46,-0.15,0.688,0.785,0.68,-0.292,-0.348,0.667,0.57,-0.223,-0.291
ADBE,-0.209,-0.793,-0.652,-0.535,0.872,-0.336,0.0,0.285,-0.227,0.642,0.525,-0.293,-0.344,0.814,0.455,0.713,-0.702,-0.538,-0.5,0.087,0.827,0.546,0.382,0.327,-0.157,-0.424,0.403,0.731,0.639,0.549,0.479,-0.422,0.253,0.516,0.548,-0.009,-0.062,0.105,-0.566,0.129,0.717,0.378,0.219,0.259,-0.759,-0.639,-0.172,-0.302,0.45,-0.707,0.528,-0.657,-0.601,-0.772,-0.659,0.428,0.554,-0.596,0.023,-0.625,-0.381,0.28,0.707,-0.566,-0.864,-0.331,0.415,-0.179,-0.672,-0.516,-0.444,-0.632,-0.107,-0.45,0.47,0.066,0.798,0.169,0.8,0.308,0.685,0.634,0.379,0.417,0.697,-0.738,-0.082,-0.469,0.015,0.608,-0.514,0.551,0.644,0.149,0.136,0.389,0.091,-0.138,0.287,0.701,-0.026,-0.125,0.063,0.381,0.733,0.152,0.383,0.616,-0.392,-0.098,-0.319,-0.491,0.27,0.457,0.739,0.306,-0.121,0.184,0.326,0.749,0.423,-0.538,-0.656,-0.385,-0.337,0.5,0.691,-0.625,0.306,-0.489,0.645,0.674,-0.668,-0.715,0.576,-0.282,0.883,0.641,0.466,-0.709,-0.349,0.151,0.486,-0.774,0.836,-0.071,-0.234,0.608,-0.203,-0.752,0.747,0.886,0.812,0.123,0.798,0.777,0.715,-0.798,0.626,-0.471,0.504,-0.204,0.589,0.741,0.649,0.624,-0.24,0.471,0.286,0.803,0.4,0.768,0.547,-0.445,0.675,0.201,0.731,-0.56,0.162,0.772,0.144,0.048,-0.69,-0.321,-0.276,-0.393,-0.073,-0.718,0.761,-0.038,0.589,-0.505,-0.01,-0.628,0.756,0.699,-0.654,-0.681,0.862,0.662
ADSK,0.417,-0.012,-0.571,-0.179,0.353,0.134,0.285,0.0,-0.232,0.539,0.296,-0.342,0.244,0.255,0.54,0.269,0.083,0.177,0.306,0.234,0.294,0.258,-0.023,-0.291,0.135,-0.485,0.628,0.609,0.087,-0.013,0.322,0.163,0.206,0.534,0.186,0.317,-0.067,-0.195,0.105,0.849,0.047,0.413,0.343,0.635,-0.442,-0.172,-0.578,0.296,0.696,0.073,0.499,0.158,-0.128,-0.256,0.168,0.017,0.651,-0.34,0.686,-0.251,-0.142,0.061,0.286,-0.354,-0.101,0.008,0.251,-0.525,0.213,0.426,0.095,-0.05,0.392,0.483,0.661,0.381,0.062,0.177,0.375,0.506,0.182,0.49,0.613,0.234,0.159,-0.06,0.225,-0.274,-0.497,0.31,-0.391,-0.026,0.52,0.553,0.398,-0.143,0.086,0.407,-0.075,0.097,0.524,0.57,0.121,0.708,0.343,0.022,0.416,0.433,0.389,-0.197,-0.331,0.177,0.312,0.653,0.331,0.547,0.271,0.221,0.555,0.496,0.593,0.267,-0.273,0.146,0.098,0.394,0.539,0.288,-0.172,-0.134,0.714,0.44,-0.114,-0.433,0.129,0.315,0.487,0.334,0.512,-0.139,0.053,0.103,0.848,0.197,0.297,0.751,0.117,0.503,-0.644,0.058,0.416,0.322,0.295,0.251,0.241,0.456,0.549,0.01,0.236,-0.793,-0.274,0.038,0.634,-0.036,0.41,0.406,0.437,0.716,0.727,0.5,0.12,0.135,0.357,0.276,0.391,0.526,0.161,-0.097,0.848,0.293,0.179,-0.114,-0.125,-0.101,0.545,0.414,-0.009,-0.144,-0.027,0.061,0.586,0.437,0.172,-0.242,0.031,0.16,-0.472,-0.341,0.5,0.544
AEP,0.51,0.433,0.443,0.234,-0.195,0.755,-0.227,-0.232,0.0,-0.321,-0.142,0.449,0.557,0.006,-0.414,0.106,0.293,0.497,0.485,0.464,-0.332,-0.035,0.101,0.529,0.661,0.791,-0.341,-0.399,-0.147,0.374,-0.369,0.687,0.591,-0.344,-0.54,0.041,0.776,0.728,0.208,-0.243,-0.214,0.265,0.464,-0.117,0.581,0.64,0.524,0.694,-0.171,0.055,-0.492,0.487,0.678,0.545,0.527,0.577,-0.275,0.79,0.165,0.652,0.805,0.617,-0.319,0.738,0.305,0.601,-0.449,0.422,0.209,0.231,0.615,0.618,0.579,0.157,-0.444,0.631,-0.105,0.359,-0.549,0.481,-0.107,-0.633,-0.288,-0.401,0.005,0.516,0.579,0.742,0.307,0.112,0.159,0.274,-0.345,0.242,0.539,0.3,0.472,0.506,0.478,0.212,0.13,-0.159,0.637,-0.368,-0.279,0.427,0.379,-0.544,0.588,0.936,0.864,0.59,-0.314,-0.081,-0.413,0.447,0.512,-0.221,0.01,-0.214,-0.102,0.023,0.626,0.602,0.674,0.309,-0.063,0.416,0.343,0.557,-0.551,-0.264,0.694,0.441,-0.087,0.639,-0.229,-0.48,-0.06,0.639,0.5,0.618,-0.415,0.294,-0.145,0.117,0.803,-0.023,0.415,0.053,-0.577,-0.165,-0.236,0.235,-0.375,-0.15,-0.151,0.434,0.268,0.47,0.043,0.607,-0.384,-0.161,-0.487,-0.585,0.098,0.056,-0.062,-0.209,-0.274,-0.19,0.301,0.509,-0.207,0.402,0.085,0.427,-0.37,0.026,0.727,0.698,0.629,0.829,0.402,0.103,0.747,0.542,-0.184,-0.581,-0.208,0.32,0.676,0.614,-0.041,-0.268,0.689,0.609,-0.188,-0.472
AGIO,0.101,-0.549,-0.764,-0.763,0.765,-0.223,0.642,0.539,-0.321,0.0,0.852,-0.432,-0.22,0.749,0.531,0.711,-0.4,-0.333,-0.242,0.419,0.723,0.809,-0.172,0.285,-0.11,-0.67,0.847,0.925,0.352,0.452,0.799,-0.337,0.373,0.661,0.433,0.253,-0.085,-0.115,-0.383,0.342,0.751,0.503,0.45,0.58,-0.857,-0.754,-0.529,-0.149,0.545,-0.497,0.459,-0.534,-0.644,-0.745,-0.488,0.23,0.533,-0.736,0.41,-0.629,-0.516,0.172,0.856,-0.774,-0.691,-0.376,0.625,-0.442,-0.478,-0.105,-0.104,-0.714,0.128,-0.009,0.675,0.041,0.371,0.407,0.833,0.2,0.445,0.793,0.329,0.349,0.618,-0.7,-0.082,-0.622,-0.097,0.584,-0.82,0.507,0.818,0.392,0.365,0.094,0.107,0.039,0.287,0.472,0.268,0.3,0.192,0.583,0.858,0.258,0.354,0.447,-0.245,-0.154,-0.376,-0.536,0.395,0.55,0.784,0.243,0.143,-0.008,0.192,0.698,0.622,-0.46,-0.691,-0.415,-0.192,0.602,0.886,-0.296,0.027,-0.427,0.78,0.919,-0.607,-0.752,0.513,-0.073,0.834,0.547,0.824,-0.634,-0.438,0.176,0.655,-0.483,0.846,0.097,-0.1,0.56,-0.409,-0.571,0.728,0.677,0.842,-0.224,0.707,0.884,0.862,-0.582,0.432,-0.752,0.449,-0.111,0.902,0.432,0.857,0.796,0.128,0.681,0.772,0.867,0.157,0.702,0.26,-0.22,0.871,0.291,0.528,-0.433,0.424,0.803,0.197,-0.031,-0.617,-0.284,-0.058,0.014,-0.008,-0.685,0.524,-0.052,0.778,-0.206,0.127,-0.685,0.579,0.827,-0.738,-0.737,0.848,0.884
ALEC,0.231,-0.425,-0.604,-0.744,0.694,-0.109,0.525,0.296,-0.142,0.852,0.0,-0.133,-0.123,0.732,0.368,0.739,-0.343,-0.302,-0.151,0.477,0.56,0.902,-0.152,0.5,0.075,-0.435,0.723,0.797,0.18,0.567,0.742,-0.226,0.481,0.481,0.252,0.234,0.149,0.115,-0.308,0.145,0.734,0.558,0.564,0.524,-0.683,-0.587,-0.348,-0.035,0.33,-0.448,0.216,-0.452,-0.564,-0.61,-0.437,0.329,0.371,-0.505,0.301,-0.421,-0.368,0.29,0.761,-0.59,-0.615,-0.284,0.591,-0.273,-0.53,-0.127,0.048,-0.602,0.229,-0.029,0.519,0.042,0.228,0.556,0.704,0.172,0.439,0.58,0.06,0.277,0.603,-0.622,0.028,-0.435,-0.067,0.632,-0.803,0.599,0.768,0.407,0.457,0.229,0.275,0.102,0.45,0.507,0.344,0.213,0.347,0.452,0.811,0.371,0.291,0.238,-0.242,0.032,-0.138,-0.473,0.284,0.452,0.694,0.22,0.23,-0.2,0.005,0.625,0.598,-0.531,-0.52,-0.349,-0.057,0.675,0.836,-0.283,0.192,-0.256,0.545,0.903,-0.452,-0.635,0.499,-0.014,0.717,0.377,0.785,-0.449,-0.291,0.429,0.453,-0.452,0.786,-0.03,0.072,0.488,-0.218,-0.518,0.532,0.599,0.811,-0.285,0.6,0.713,0.761,-0.495,0.389,-0.592,0.617,0.018,0.8,0.435,0.713,0.654,0.058,0.682,0.703,0.728,0.143,0.676,0.272,-0.162,0.837,0.245,0.574,-0.386,0.262,0.818,0.364,0.121,-0.483,-0.019,-0.08,0.031,0.202,-0.569,0.536,-0.268,0.597,-0.213,0.318,-0.56,0.611,0.76,-0.489,-0.621,0.748,0.796
ALNY,0.365,0.316,0.441,0.134,-0.343,0.38,-0.293,-0.342,0.449,-0.432,-0.133,0.0,0.39,-0.013,-0.461,0.047,0.095,0.339,0.316,0.097,-0.335,-0.014,0.084,0.254,0.56,0.484,-0.464,-0.387,-0.438,-0.087,-0.477,0.481,0.263,-0.674,-0.552,0.023,0.497,0.554,0.469,-0.39,-0.322,0.05,0.194,-0.168,0.491,0.582,0.539,0.469,-0.397,0.413,-0.622,0.346,0.371,0.492,0.323,0.269,-0.247,0.583,-0.102,0.701,0.606,0.39,-0.415,0.627,0.25,0.68,-0.264,0.319,0.126,0.043,0.385,0.49,0.205,0.094,-0.535,0.346,-0.301,0.166,-0.464,0.016,-0.121,-0.598,-0.451,-0.472,-0.046,0.395,0.391,0.552,0.059,-0.186,0.124,0.223,-0.474,0.035,0.334,0.41,0.701,0.418,0.361,-0.03,0.289,-0.333,0.354,-0.056,-0.343,0.323,0.018,-0.453,0.169,0.333,0.553,0.4,-0.396,-0.134,-0.413,0.002,0.326,-0.279,0.148,-0.163,-0.188,-0.082,0.625,0.455,0.539,0.041,-0.217,0.258,0.454,0.493,-0.567,-0.296,0.519,0.486,-0.227,0.257,-0.302,-0.535,-0.311,0.527,0.257,0.234,-0.407,0.228,-0.264,0.067,0.48,-0.186,0.125,0.123,-0.54,-0.29,-0.228,0.15,-0.338,-0.41,-0.287,0.33,0.018,0.361,0.077,0.358,-0.37,-0.158,-0.638,-0.626,-0.099,-0.085,-0.235,-0.238,-0.103,-0.247,0.2,0.189,-0.116,0.063,0.111,0.134,-0.183,-0.153,0.369,0.507,0.487,0.604,0.275,-0.178,0.55,0.449,-0.198,-0.553,-0.576,0.131,0.418,0.456,-0.17,-0.331,0.658,0.371,-0.275,-0.377
ALTR,0.734,0.736,0.455,0.12,-0.269,0.789,-0.344,0.244,0.557,-0.22,-0.123,0.39,0.0,-0.09,-0.408,0.03,0.551,0.854,0.855,0.36,-0.494,-0.066,-0.138,0.169,0.847,0.426,-0.168,-0.319,-0.64,-0.146,-0.401,0.927,0.577,-0.351,-0.814,0.319,0.432,0.532,0.363,0.221,-0.391,0.2,0.589,-0.048,0.544,0.573,0.263,0.817,-0.251,0.534,-0.553,0.789,0.546,0.686,0.79,0.349,0.117,0.632,0.609,0.681,0.775,0.51,-0.372,0.655,0.528,0.658,-0.529,0.116,0.579,0.738,0.807,0.748,0.782,0.701,-0.356,0.726,-0.417,0.184,-0.567,0.379,-0.201,-0.582,-0.252,-0.347,-0.256,0.713,0.861,0.708,0.02,-0.252,-0.055,0.101,-0.256,0.603,0.642,0.316,0.568,0.817,0.427,0.057,0.549,0.084,0.637,0.044,-0.387,0.485,0.478,-0.481,0.753,0.445,0.698,0.801,-0.561,0.372,-0.599,0.319,0.816,-0.051,0.149,-0.192,-0.132,0.482,0.764,0.83,0.909,0.365,-0.071,0.799,0.358,0.803,-0.38,-0.302,0.833,0.513,-0.292,0.884,-0.282,-0.705,0.158,0.791,0.498,0.473,-0.059,0.667,-0.319,0.517,0.833,0.244,-0.016,0.295,-0.612,-0.296,-0.307,0.225,-0.597,-0.282,-0.245,0.597,0.234,0.168,-0.239,0.721,-0.256,-0.406,-0.434,-0.609,0.642,0.227,0.186,-0.205,-0.369,-0.548,0.106,0.763,-0.096,0.7,-0.164,0.672,0.177,-0.079,0.637,0.648,0.829,0.818,0.751,0.26,0.74,0.742,-0.551,-0.401,-0.308,0.83,0.716,0.717,-0.384,-0.51,0.606,0.461,-0.246,-0.326
AMBA,0.132,-0.651,-0.545,-0.745,0.816,-0.056,0.814,0.255,0.006,0.749,0.732,-0.013,-0.09,0.0,0.245,0.962,-0.655,-0.352,-0.28,0.432,0.776,0.82,0.236,0.626,0.195,-0.296,0.472,0.737,0.38,0.621,0.505,-0.161,0.638,0.294,0.239,0.129,0.209,0.402,-0.433,0.019,0.794,0.602,0.589,0.341,-0.69,-0.528,-0.038,-0.022,0.328,-0.579,0.255,-0.545,-0.544,-0.638,-0.538,0.686,0.472,-0.449,0.208,-0.415,-0.161,0.61,0.753,-0.432,-0.836,-0.097,0.381,-0.151,-0.692,-0.384,-0.06,-0.533,0.183,-0.286,0.311,0.281,0.59,0.424,0.714,0.361,0.666,0.488,0.187,0.179,0.793,-0.662,0.187,-0.275,0.126,0.6,-0.773,0.875,0.618,0.388,0.529,0.586,0.485,0.146,0.663,0.816,0.279,-0.181,0.459,0.442,0.775,0.536,0.526,0.305,-0.296,0.116,-0.014,-0.391,0.186,0.582,0.663,0.368,0.223,0.003,0.351,0.811,0.505,-0.702,-0.434,-0.208,0.041,0.757,0.858,-0.448,0.537,-0.241,0.496,0.793,-0.462,-0.598,0.545,-0.005,0.89,0.353,0.654,-0.503,-0.351,0.374,0.393,-0.684,0.903,-0.032,0.133,0.683,-0.193,-0.833,0.578,0.826,0.884,0.013,0.735,0.797,0.788,-0.712,0.789,-0.459,0.66,0.118,0.624,0.681,0.588,0.481,-0.125,0.611,0.482,0.897,0.305,0.746,0.599,-0.301,0.886,0.403,0.864,-0.444,0.143,0.931,0.494,0.405,-0.504,0.037,-0.097,-0.403,0.332,-0.59,0.723,-0.425,0.486,-0.369,0.367,-0.502,0.775,0.78,-0.454,-0.631,0.894,0.71
AMCX,-0.209,-0.385,-0.608,-0.092,0.399,-0.253,0.455,0.54,-0.414,0.531,0.368,-0.461,-0.408,0.245,0.0,0.182,-0.064,-0.325,-0.207,-0.171,0.393,0.259,-0.042,-0.202,-0.475,-0.538,0.684,0.63,0.519,0.3,0.53,-0.435,-0.157,0.755,0.754,0.315,-0.317,-0.372,-0.141,0.536,0.388,0.157,-0.044,0.44,-0.545,-0.45,-0.573,-0.218,0.634,-0.288,0.663,-0.28,-0.356,-0.564,-0.356,-0.165,0.384,-0.58,0.166,-0.568,-0.546,-0.324,0.452,-0.645,-0.31,-0.374,0.581,-0.139,-0.134,-0.095,-0.401,-0.487,-0.027,-0.114,0.752,-0.252,0.389,0.211,0.613,0.24,0.203,0.646,0.555,0.579,0.272,-0.413,-0.37,-0.552,-0.343,0.573,-0.127,-0.092,0.65,0.117,-0.069,-0.18,-0.287,-0.2,-0.275,0.022,-0.015,0.473,-0.316,0.386,0.443,-0.309,0.043,0.524,-0.216,-0.316,-0.6,-0.403,0.628,0.115,0.629,0.293,-0.212,0.191,0.187,0.41,0.497,-0.053,-0.677,-0.327,-0.535,0.147,0.446,-0.275,-0.342,-0.494,0.755,0.512,-0.572,-0.633,0.402,-0.228,0.525,0.782,0.301,-0.504,-0.232,-0.065,0.554,-0.223,0.486,0.282,-0.395,0.236,-0.254,-0.061,0.657,0.437,0.326,-0.06,0.572,0.583,0.559,-0.236,0.019,-0.676,0.068,-0.371,0.655,0.156,0.643,0.764,0.084,0.441,0.415,0.426,0.268,0.612,0.25,-0.115,0.332,-0.074,0.171,-0.441,0.377,0.349,-0.21,-0.47,-0.565,-0.526,-0.177,0.199,-0.433,-0.468,0.308,0.371,0.705,-0.142,-0.208,-0.555,0.214,0.459,-0.608,-0.455,0.472,0.595
AMKR,0.265,-0.512,-0.482,-0.727,0.756,0.072,0.713,0.269,0.106,0.711,0.739,0.047,0.03,0.962,0.182,0.0,-0.568,-0.238,-0.15,0.509,0.681,0.864,0.222,0.67,0.329,-0.227,0.49,0.699,0.235,0.654,0.489,-0.035,0.711,0.27,0.134,0.206,0.3,0.483,-0.331,0.069,0.737,0.675,0.671,0.398,-0.602,-0.415,0.001,0.125,0.277,-0.46,0.171,-0.427,-0.458,-0.536,-0.43,0.746,0.488,-0.327,0.282,-0.291,-0.045,0.675,0.732,-0.333,-0.745,-0.018,0.389,-0.095,-0.608,-0.245,0.051,-0.415,0.297,-0.196,0.297,0.384,0.479,0.528,0.627,0.409,0.632,0.418,0.134,0.168,0.793,-0.566,0.282,-0.179,0.097,0.609,-0.78,0.884,0.617,0.466,0.619,0.612,0.582,0.264,0.726,0.806,0.38,-0.137,0.595,0.471,0.715,0.587,0.573,0.207,-0.169,0.189,0.109,-0.289,0.172,0.636,0.61,0.423,0.357,-0.069,0.302,0.799,0.542,-0.632,-0.332,-0.104,0.168,0.789,0.864,-0.332,0.59,-0.124,0.436,0.771,-0.338,-0.523,0.463,0.122,0.843,0.258,0.699,-0.369,-0.186,0.448,0.402,-0.553,0.825,0.049,0.265,0.726,-0.165,-0.743,0.472,0.783,0.849,0.057,0.653,0.748,0.733,-0.608,0.8,-0.453,0.666,0.212,0.604,0.603,0.522,0.4,-0.046,0.672,0.52,0.849,0.269,0.673,0.58,-0.207,0.881,0.479,0.859,-0.371,0.187,0.9,0.58,0.499,-0.384,0.178,0.025,-0.307,0.44,-0.482,0.668,-0.525,0.472,-0.245,0.49,-0.407,0.713,0.726,-0.343,-0.609,0.845,0.675
AMRX,0.319,0.878,0.55,0.517,-0.632,0.536,-0.702,0.083,0.293,-0.4,-0.343,0.095,0.551,-0.655,-0.064,-0.568,0.0,0.79,0.671,-0.015,-0.812,-0.444,-0.516,-0.281,0.192,0.311,-0.085,-0.512,-0.516,-0.338,-0.311,0.53,-0.075,-0.15,-0.459,0.463,-0.013,-0.062,0.451,0.219,-0.553,-0.354,0.039,-0.214,0.685,0.495,-0.09,0.486,-0.23,0.626,-0.462,0.778,0.698,0.747,0.772,-0.303,-0.274,0.513,0.372,0.594,0.426,-0.194,-0.546,0.467,0.858,0.391,-0.403,0.214,0.839,0.769,0.544,0.616,0.42,0.694,-0.268,0.116,-0.575,-0.04,-0.696,-0.01,-0.717,-0.536,-0.296,-0.233,-0.628,0.787,0.255,0.452,-0.108,-0.375,0.426,-0.505,-0.377,0.232,0.056,-0.262,-0.07,0.394,-0.183,-0.607,0.026,0.436,0.053,-0.244,-0.639,-0.091,-0.076,-0.539,0.574,0.206,0.348,0.538,-0.323,-0.28,-0.641,-0.007,0.382,0.009,-0.164,-0.692,-0.359,0.724,0.574,0.516,0.38,-0.186,-0.465,0.815,-0.312,0.599,-0.41,-0.517,0.687,0.594,-0.374,0.526,-0.669,-0.498,-0.204,0.751,0.378,0.067,-0.27,0.879,-0.606,0.363,0.362,-0.314,0.114,0.723,-0.643,-0.708,-0.723,-0.158,-0.72,-0.452,-0.519,0.896,-0.431,0.207,-0.494,0.299,-0.344,-0.822,-0.432,-0.43,0.698,-0.097,-0.033,-0.654,-0.533,-0.612,-0.418,0.811,-0.523,0.087,-0.754,0.678,0.019,-0.517,0.043,0.029,0.745,0.353,0.427,0.519,0.179,0.786,-0.823,0.122,-0.239,0.757,0.19,0.641,-0.793,-0.595,0.549,0.647,-0.669,-0.491
ANSS,0.616,0.858,0.571,0.28,-0.517,0.727,-0.538,0.177,0.497,-0.333,-0.302,0.339,0.854,-0.352,-0.325,-0.238,0.79,0.0,0.789,0.249,-0.699,-0.268,-0.353,-0.05,0.603,0.366,-0.185,-0.468,-0.668,-0.303,-0.499,0.837,0.276,-0.341,-0.755,0.464,0.301,0.243,0.501,0.155,-0.556,-0.152,0.303,-0.165,0.677,0.585,0.134,0.77,-0.283,0.636,-0.648,0.818,0.695,0.831,0.881,0.068,-0.007,0.639,0.58,0.789,0.742,0.222,-0.503,0.683,0.728,0.725,-0.532,0.174,0.789,0.822,0.712,0.751,0.591,0.786,-0.4,0.542,-0.556,0.057,-0.721,0.162,-0.555,-0.633,-0.369,-0.421,-0.468,0.799,0.626,0.661,-0.018,-0.419,0.183,-0.134,-0.445,0.409,0.397,0.063,0.403,0.751,0.168,-0.316,0.315,0.25,0.443,-0.048,-0.626,0.244,0.264,-0.595,0.745,0.353,0.591,0.757,-0.585,0.041,-0.701,0.151,0.719,-0.144,0.068,-0.482,-0.36,0.622,0.792,0.767,0.728,0.09,-0.305,0.918,0.034,0.822,-0.485,-0.49,0.868,0.685,-0.401,0.748,-0.508,-0.724,-0.09,0.859,0.427,0.237,-0.174,0.829,-0.51,0.509,0.653,-0.048,0.023,0.522,-0.736,-0.585,-0.551,0.049,-0.753,-0.385,-0.413,0.803,-0.065,0.248,-0.451,0.502,-0.328,-0.691,-0.559,-0.642,0.773,0.03,0.068,-0.44,-0.56,-0.662,-0.172,0.848,-0.304,0.44,-0.458,0.732,0.135,-0.339,0.359,0.436,0.891,0.643,0.723,0.388,0.539,0.852,-0.782,-0.23,-0.312,0.834,0.458,0.733,-0.678,-0.6,0.659,0.593,-0.477,-0.486
APPN,0.683,0.795,0.404,0.269,-0.368,0.773,-0.5,0.306,0.485,-0.242,-0.151,0.316,0.855,-0.28,-0.207,-0.15,0.671,0.789,0.0,0.221,-0.559,-0.132,-0.251,-0.008,0.714,0.417,-0.041,-0.305,-0.632,-0.192,-0.315,0.827,0.397,-0.213,-0.649,0.31,0.392,0.368,0.551,0.364,-0.479,0.21,0.463,0.127,0.552,0.647,0.146,0.817,-0.117,0.64,-0.433,0.875,0.539,0.671,0.812,0.119,0.092,0.619,0.588,0.619,0.642,0.238,-0.471,0.575,0.669,0.569,-0.347,0.144,0.663,0.813,0.718,0.754,0.766,0.715,-0.157,0.569,-0.57,0.29,-0.575,0.393,-0.229,-0.513,-0.082,-0.192,-0.369,0.742,0.706,0.633,-0.146,-0.149,0.07,-0.167,-0.182,0.52,0.526,0.102,0.386,0.731,0.209,-0.148,0.599,0.269,0.443,0.082,-0.406,0.248,0.336,-0.415,0.76,0.357,0.533,0.777,-0.353,0.264,-0.543,0.315,0.718,-0.074,0.045,-0.228,0.004,0.609,0.659,0.791,0.755,0.216,-0.106,0.816,0.141,0.697,-0.255,-0.305,0.769,0.462,-0.293,0.83,-0.377,-0.562,0.102,0.798,0.561,0.398,-0.002,0.778,-0.415,0.63,0.725,0.08,-0.035,0.565,-0.545,-0.403,-0.429,0.227,-0.604,-0.331,-0.253,0.726,-0.01,0.061,-0.35,0.653,-0.215,-0.488,-0.405,-0.5,0.594,0.217,0.251,-0.302,-0.3,-0.532,0.065,0.767,-0.194,0.576,-0.284,0.577,0.257,-0.215,0.481,0.411,0.781,0.709,0.749,0.44,0.557,0.745,-0.594,-0.23,-0.235,0.868,0.63,0.688,-0.492,-0.564,0.572,0.511,-0.345,-0.271
APTO,0.695,0.07,-0.239,-0.442,0.194,0.417,0.087,0.234,0.464,0.419,0.477,0.097,0.36,0.432,-0.171,0.509,-0.015,0.249,0.221,0.0,0.134,0.577,-0.133,0.485,0.501,0.109,0.318,0.311,-0.115,0.389,0.22,0.39,0.7,0.018,-0.326,0.237,0.552,0.321,0.125,0.01,0.207,0.533,0.638,0.38,-0.132,0.017,-0.104,0.509,0.203,-0.172,-0.182,0.004,0.169,-0.023,0.196,0.463,0.088,0.068,0.445,0.16,0.272,0.589,0.297,0.052,-0.165,0.265,0.05,-0.24,-0.096,0.222,0.556,0.037,0.499,0.301,0.06,0.58,-0.087,0.465,0.051,0.327,0.014,0.056,-0.074,-0.259,0.308,-0.059,0.356,0.092,0.019,0.317,-0.568,0.52,0.174,0.411,0.707,0.112,0.483,0.509,0.52,0.323,0.445,0.154,0.72,0.19,0.292,0.526,0.43,-0.205,0.374,0.555,0.42,0.171,-0.014,0.292,0.184,0.414,0.566,-0.328,0.162,0.24,0.383,-0.286,0.094,0.134,0.488,0.598,0.556,0.303,0.146,0.141,0.021,0.441,0.221,-0.139,0.034,0.45,0.283,-0.163,0.502,0.131,0.099,0.535,0.212,0.052,0.336,0.162,0.621,0.215,-0.205,-0.27,-0.079,0.156,0.358,-0.054,0.103,0.311,0.423,0.031,0.331,-0.209,0.156,0.318,0.349,-0.017,0.151,-0.006,0.187,0.54,0.603,0.368,-0.224,0.156,0.255,0.304,0.438,0.422,0.378,0.05,0.159,0.445,0.674,0.448,0.136,0.486,0.434,0.246,0.604,-0.043,0.046,-0.681,0.321,0.197,0.569,0.001,0.213,0.318,0.017,-0.095,0.38,0.241
ARCT,-0.215,-0.857,-0.753,-0.572,0.811,-0.423,0.827,0.294,-0.332,0.723,0.56,-0.335,-0.494,0.776,0.393,0.681,-0.812,-0.699,-0.559,0.134,0.0,0.571,0.387,0.22,-0.219,-0.499,0.467,0.788,0.656,0.429,0.585,-0.533,0.182,0.493,0.596,-0.195,-0.091,-0.024,-0.53,0.136,0.709,0.459,0.144,0.444,-0.869,-0.655,-0.213,-0.403,0.547,-0.669,0.673,-0.742,-0.738,-0.864,-0.726,0.338,0.458,-0.694,-0.029,-0.721,-0.496,0.209,0.745,-0.682,-0.895,-0.428,0.51,-0.393,-0.741,-0.577,-0.472,-0.71,-0.209,-0.48,0.544,-0.014,0.682,0.178,0.868,0.217,0.747,0.784,0.525,0.328,0.733,-0.813,-0.206,-0.584,-0.01,0.563,-0.578,0.506,0.664,0.053,0.101,0.202,0.026,-0.248,0.16,0.638,0.045,-0.148,0.002,0.419,0.866,0.179,0.31,0.712,-0.436,-0.197,-0.445,-0.563,0.474,0.487,0.814,0.234,-0.274,0.179,0.351,0.832,0.552,-0.626,-0.736,-0.479,-0.369,0.386,0.724,-0.688,0.202,-0.621,0.714,0.761,-0.768,-0.789,0.503,-0.383,0.881,0.68,0.479,-0.83,-0.406,-0.003,0.539,-0.805,0.833,-0.114,-0.318,0.527,-0.289,-0.746,0.845,0.858,0.87,0.168,0.856,0.78,0.78,-0.849,0.541,-0.544,0.485,-0.245,0.65,0.781,0.697,0.671,-0.419,0.433,0.359,0.878,0.488,0.73,0.476,-0.599,0.711,0.132,0.754,-0.671,0.224,0.724,0.054,-0.051,-0.812,-0.426,-0.269,-0.351,-0.199,-0.841,0.819,-0.022,0.593,-0.577,-0.099,-0.748,0.834,0.76,-0.755,-0.717,0.869,0.746
ARWR,0.316,-0.435,-0.58,-0.797,0.669,-0.044,0.546,0.258,-0.035,0.809,0.902,-0.014,-0.066,0.82,0.259,0.864,-0.444,-0.268,-0.132,0.577,0.571,0.0,-0.076,0.6,0.201,-0.359,0.659,0.772,0.099,0.597,0.683,-0.139,0.579,0.36,0.162,0.265,0.257,0.245,-0.168,0.083,0.722,0.644,0.615,0.534,-0.653,-0.485,-0.191,0.073,0.296,-0.4,0.139,-0.463,-0.505,-0.578,-0.437,0.438,0.39,-0.431,0.268,-0.34,-0.249,0.415,0.729,-0.486,-0.663,-0.117,0.632,-0.203,-0.576,-0.141,0.075,-0.525,0.253,-0.079,0.442,0.186,0.227,0.615,0.654,0.22,0.453,0.505,0.031,0.22,0.704,-0.614,0.088,-0.371,-0.031,0.629,-0.864,0.722,0.701,0.391,0.548,0.381,0.464,0.193,0.593,0.577,0.434,0.09,0.478,0.523,0.759,0.435,0.335,0.174,-0.224,0.088,-0.029,-0.424,0.281,0.488,0.691,0.248,0.334,-0.259,0.101,0.695,0.64,-0.63,-0.445,-0.286,0.046,0.681,0.88,-0.27,0.343,-0.253,0.482,0.876,-0.396,-0.601,0.429,0.022,0.734,0.292,0.775,-0.387,-0.241,0.433,0.434,-0.452,0.777,-0.001,0.177,0.49,-0.248,-0.581,0.472,0.624,0.842,-0.206,0.62,0.706,0.76,-0.527,0.468,-0.577,0.648,0.053,0.74,0.47,0.632,0.536,-0.023,0.683,0.684,0.768,0.125,0.679,0.369,-0.22,0.896,0.299,0.715,-0.454,0.262,0.811,0.44,0.248,-0.439,0.083,-0.002,-0.09,0.323,-0.55,0.568,-0.48,0.545,-0.218,0.396,-0.517,0.585,0.779,-0.425,-0.666,0.774,0.779
ASND,-0.133,-0.342,-0.13,0.15,0.26,-0.032,0.382,-0.023,0.101,-0.172,-0.152,0.084,-0.138,0.236,-0.042,0.222,-0.516,-0.353,-0.251,-0.133,0.387,-0.076,0.0,0.093,0.084,0.218,-0.278,0.027,0.402,0.219,-0.21,-0.042,0.026,-0.054,0.219,-0.452,0.184,0.318,-0.227,-0.013,0.052,0.237,-0.067,0.023,-0.1,0.148,0.315,-0.076,0.149,-0.287,0.389,-0.161,-0.103,-0.2,-0.234,0.361,0.15,0.083,-0.336,-0.114,0.11,0.301,-0.012,0.127,-0.294,-0.02,-0.056,0.096,-0.284,-0.463,-0.293,0.093,-0.069,-0.454,0.036,0.182,0.504,-0.059,0.179,0.424,0.533,0.065,0.348,0.035,0.353,-0.149,0.105,0.163,-0.024,0.25,0.181,0.167,0.092,-0.088,-0.043,0.29,0.095,-0.149,0.006,0.484,-0.042,-0.44,0.033,-0.023,0.168,0.055,0.248,0.378,-0.051,0.075,0.028,0.133,0.232,0.225,0.183,0.364,-0.288,0.227,0.278,0.442,0.187,-0.175,-0.066,0.073,-0.071,0.09,0.054,-0.416,0.368,-0.186,0.093,0.004,-0.127,-0.165,0.088,-0.158,0.29,0.262,-0.163,-0.182,0.235,0.049,0.109,-0.351,0.152,-0.06,-0.039,0.304,0.124,-0.267,0.217,0.458,0.213,0.618,0.299,0.068,0.133,-0.337,0.396,0.082,0.138,-0.007,-0.116,0.51,-0.049,-0.038,-0.515,0.058,-0.249,0.196,0.586,0.159,0.598,-0.338,-0.046,0.126,0.521,-0.229,-0.004,0.157,0.112,0.136,-0.228,0.032,-0.049,-0.246,-0.037,-0.193,0.457,-0.149,-0.031,-0.284,-0.004,-0.093,0.446,-0.007,-0.084,-0.085,0.257,-0.003
ASTH,0.181,-0.168,0.053,-0.403,0.421,0.331,0.327,-0.291,0.529,0.285,0.5,0.254,0.169,0.626,-0.202,0.67,-0.281,-0.05,-0.008,0.485,0.22,0.6,0.093,0.0,0.392,0.32,0.059,0.139,0.098,0.72,0.197,0.166,0.751,-0.068,-0.156,0.079,0.507,0.727,-0.333,-0.413,0.555,0.439,0.66,-0.082,-0.064,-0.119,0.383,0.174,-0.211,-0.436,-0.272,-0.181,-0.097,-0.126,-0.214,0.789,-0.042,0.149,0.078,0.081,0.24,0.708,0.373,0.1,-0.373,0.088,0.044,0.377,-0.475,-0.191,0.358,-0.133,0.391,-0.254,-0.186,0.259,0.324,0.475,0.16,0.272,0.337,-0.121,-0.294,-0.119,0.572,-0.234,0.339,0.254,0.44,0.378,-0.407,0.819,0.235,0.319,0.516,0.618,0.507,0.159,0.834,0.717,0.07,-0.311,0.639,-0.179,0.374,0.627,0.391,-0.283,-0.115,0.566,0.588,-0.139,-0.166,0.193,0.164,0.192,0.385,-0.235,-0.179,0.268,0.103,-0.545,0.072,0.034,0.328,0.652,0.436,-0.225,0.641,0.2,-0.158,0.347,0.04,-0.076,0.359,0.272,0.35,-0.105,0.43,0.029,-0.061,0.577,-0.27,-0.409,0.516,-0.345,0.478,0.385,0.431,-0.613,-0.01,0.385,0.459,-0.149,0.227,0.361,0.312,-0.303,0.65,0.184,0.758,0.465,0.066,0.387,0.175,0.024,-0.045,0.273,0.123,0.342,0.058,0.434,0.351,-0.001,0.413,0.375,0.554,0.067,-0.422,0.656,0.678,0.708,0.002,0.502,-0.136,-0.316,0.643,-0.1,0.447,-0.575,0.073,-0.172,0.609,0.065,0.543,0.435,0.167,-0.072,0.353,0.15
ATSG,0.801,0.469,0.297,-0.087,-0.076,0.725,-0.157,0.135,0.661,-0.11,0.075,0.56,0.847,0.195,-0.475,0.329,0.192,0.603,0.714,0.501,-0.219,0.201,0.084,0.392,0.0,0.484,-0.149,-0.14,-0.518,0.1,-0.302,0.852,0.738,-0.363,-0.754,0.131,0.701,0.744,0.35,0.097,-0.215,0.495,0.697,0.137,0.37,0.567,0.434,0.841,-0.153,0.369,-0.505,0.572,0.385,0.499,0.587,0.564,0.168,0.613,0.45,0.608,0.78,0.709,-0.212,0.628,0.235,0.665,-0.358,0.096,0.262,0.468,0.702,0.641,0.731,0.458,-0.295,0.852,-0.303,0.416,-0.394,0.485,0.131,-0.483,-0.212,-0.32,0.007,0.479,0.884,0.676,0.055,0.023,-0.224,0.363,-0.152,0.55,0.786,0.531,0.804,0.836,0.61,0.325,0.675,-0.132,0.781,0.175,-0.146,0.602,0.599,-0.375,0.651,0.579,0.744,0.715,-0.431,0.465,-0.36,0.448,0.804,-0.187,0.223,0.112,0.109,0.112,0.648,0.771,0.912,0.523,0.156,0.567,0.574,0.672,-0.312,-0.068,0.701,0.356,-0.159,0.788,-0.054,-0.606,0.248,0.636,0.539,0.643,0.004,0.395,-0.098,0.43,0.888,0.315,-0.018,0.063,-0.47,-0.046,-0.017,0.379,-0.353,-0.129,-0.036,0.343,0.392,0.118,-0.003,0.714,-0.127,-0.082,-0.399,-0.564,0.289,0.331,0.255,0.04,-0.207,-0.319,0.367,0.503,0.135,0.726,0.235,0.393,0.146,0.137,0.805,0.76,0.651,0.899,0.716,0.1,0.856,0.521,-0.227,-0.655,-0.253,0.566,0.833,0.546,-0.052,-0.304,0.55,0.292,0.008,-0.163
AVTX,0.227,0.488,0.674,0.495,-0.431,0.598,-0.424,-0.485,0.791,-0.67,-0.435,0.484,0.426,-0.296,-0.538,-0.227,0.311,0.366,0.417,0.109,-0.499,-0.359,0.218,0.32,0.484,0.0,-0.62,-0.699,-0.218,0.106,-0.568,0.556,0.267,-0.561,-0.513,-0.159,0.532,0.606,0.249,-0.362,-0.378,0.015,0.13,-0.378,0.77,0.748,0.659,0.449,-0.435,0.195,-0.503,0.517,0.668,0.655,0.477,0.325,-0.502,0.84,-0.144,0.65,0.724,0.364,-0.582,0.813,0.469,0.452,-0.575,0.542,0.247,0.111,0.466,0.699,0.33,-0.021,-0.632,0.331,-0.186,0.088,-0.728,0.229,-0.154,-0.77,-0.311,-0.372,-0.234,0.622,0.418,0.798,0.263,-0.134,0.483,0.001,-0.557,-0.066,0.166,0.226,0.217,0.209,0.236,0.033,-0.049,-0.337,0.343,-0.634,-0.499,0.203,0.106,-0.564,0.403,0.69,0.785,0.589,-0.365,-0.308,-0.581,0.16,0.219,-0.079,-0.165,-0.419,-0.312,0.153,0.699,0.557,0.511,-0.042,-0.43,0.299,0.304,0.542,-0.734,-0.55,0.686,0.611,-0.242,0.436,-0.518,-0.55,-0.414,0.678,0.533,0.37,-0.652,0.33,-0.428,-0.085,0.571,-0.251,0.568,0.229,-0.661,-0.364,-0.499,0.285,-0.506,-0.513,-0.501,0.494,0.024,0.695,-0.073,0.501,-0.708,-0.201,-0.67,-0.723,-0.088,-0.28,-0.431,-0.528,-0.16,-0.389,0.091,0.404,-0.525,0.136,-0.135,0.475,-0.554,-0.287,0.414,0.499,0.642,0.699,0.174,-0.024,0.484,0.62,-0.249,-0.372,-0.533,0.231,0.407,0.742,-0.194,-0.522,0.789,0.73,-0.514,-0.682
BCPC,0.143,-0.307,-0.649,-0.532,0.524,-0.062,0.403,0.628,-0.341,0.847,0.723,-0.464,-0.168,0.472,0.684,0.49,-0.085,-0.185,-0.041,0.318,0.467,0.659,-0.278,0.059,-0.149,-0.62,0.0,0.826,0.229,0.376,0.795,-0.291,0.217,0.743,0.459,0.42,-0.15,-0.231,-0.105,0.541,0.569,0.459,0.369,0.648,-0.694,-0.58,-0.62,-0.002,0.631,-0.202,0.456,-0.317,-0.473,-0.566,-0.317,0.016,0.48,-0.616,0.462,-0.547,-0.46,-0.019,0.698,-0.713,-0.4,-0.327,0.694,-0.341,-0.193,0.13,-0.043,-0.538,0.232,0.153,0.757,-0.02,0.147,0.499,0.675,0.268,0.275,0.696,0.387,0.449,0.388,-0.507,-0.084,-0.545,-0.253,0.603,-0.61,0.231,0.798,0.384,0.318,-0.076,-0.018,0.105,0.099,0.214,0.317,0.521,0.105,0.629,0.644,0.107,0.23,0.396,-0.103,-0.197,-0.425,-0.39,0.524,0.444,0.697,0.312,0.191,0.038,0.137,0.548,0.67,-0.215,-0.635,-0.294,-0.211,0.477,0.76,-0.097,-0.192,-0.351,0.788,0.794,-0.484,-0.637,0.348,0.028,0.646,0.527,0.728,-0.448,-0.263,0.183,0.687,-0.175,0.627,0.335,-0.086,0.421,-0.388,-0.202,0.651,0.501,0.582,-0.221,0.576,0.743,0.737,-0.301,0.181,-0.821,0.258,-0.107,0.868,0.138,0.788,0.767,0.26,0.665,0.797,0.651,0.125,0.572,0.163,-0.062,0.679,0.21,0.304,-0.333,0.537,0.585,0.096,-0.19,-0.492,-0.278,0.035,0.253,-0.101,-0.489,0.321,0.049,0.825,0.012,0.146,-0.595,0.263,0.67,-0.615,-0.592,0.646,0.844
BEAM,0.074,-0.654,-0.89,-0.695,0.803,-0.313,0.731,0.609,-0.399,0.925,0.797,-0.387,-0.319,0.737,0.63,0.699,-0.512,-0.468,-0.305,0.311,0.788,0.772,0.027,0.139,-0.14,-0.699,0.826,0.0,0.437,0.449,0.781,-0.406,0.257,0.713,0.553,0.161,-0.078,-0.157,-0.298,0.443,0.678,0.574,0.336,0.702,-0.924,-0.694,-0.537,-0.166,0.692,-0.473,0.613,-0.57,-0.667,-0.828,-0.54,0.169,0.61,-0.758,0.301,-0.694,-0.565,0.105,0.818,-0.8,-0.749,-0.392,0.719,-0.494,-0.509,-0.206,-0.277,-0.699,0.035,-0.104,0.802,0.06,0.427,0.4,0.901,0.284,0.563,0.861,0.482,0.453,0.636,-0.754,-0.148,-0.692,-0.23,0.695,-0.752,0.411,0.854,0.322,0.305,0.076,0.09,-0.001,0.16,0.462,0.307,0.285,0.084,0.718,0.869,0.114,0.321,0.623,-0.253,-0.227,-0.509,-0.513,0.565,0.562,0.887,0.341,0.01,0.041,0.32,0.814,0.766,-0.467,-0.783,-0.438,-0.295,0.533,0.896,-0.387,-0.002,-0.572,0.89,0.94,-0.691,-0.859,0.496,-0.184,0.898,0.687,0.742,-0.717,-0.332,0.157,0.798,-0.518,0.835,0.188,-0.19,0.549,-0.516,-0.509,0.833,0.773,0.865,-0.035,0.812,0.861,0.906,-0.639,0.379,-0.859,0.381,-0.239,0.944,0.507,0.844,0.836,-0.059,0.719,0.75,0.9,0.31,0.754,0.411,-0.341,0.842,0.216,0.633,-0.628,0.54,0.757,0.129,-0.162,-0.724,-0.366,-0.051,0.024,-0.119,-0.771,0.612,-0.035,0.828,-0.278,0.051,-0.774,0.617,0.805,-0.814,-0.821,0.915,0.931
BILI,-0.489,-0.732,-0.508,-0.055,0.556,-0.365,0.639,0.087,-0.147,0.352,0.18,-0.438,-0.64,0.38,0.519,0.235,-0.516,-0.668,-0.632,-0.115,0.656,0.099,0.402,0.098,-0.518,-0.218,0.229,0.437,0.0,0.488,0.406,-0.578,-0.085,0.481,0.785,-0.238,-0.139,-0.103,-0.561,-0.005,0.468,0.157,-0.116,0.093,-0.547,-0.481,-0.179,-0.485,0.578,-0.73,0.704,-0.585,-0.326,-0.659,-0.597,0.166,0.041,-0.454,-0.259,-0.643,-0.459,0.011,0.466,-0.502,-0.595,-0.5,0.263,-0.079,-0.516,-0.633,-0.496,-0.551,-0.29,-0.584,0.388,-0.209,0.815,-0.054,0.615,0.266,0.44,0.524,0.515,0.255,0.462,-0.574,-0.4,-0.429,0.056,0.55,0.0,0.173,0.373,-0.182,-0.174,-0.062,-0.376,-0.513,-0.141,0.391,-0.468,-0.079,-0.31,-0.042,0.556,-0.118,0.039,0.562,-0.37,0.019,-0.383,-0.483,0.55,-0.032,0.575,0.287,-0.556,0.356,0.239,0.403,0.298,-0.464,-0.674,-0.491,-0.571,0.122,0.335,-0.673,-0.144,-0.641,0.504,0.4,-0.642,-0.569,0.514,-0.41,0.577,0.762,0.098,-0.7,-0.347,-0.066,0.185,-0.667,0.613,-0.241,-0.397,0.184,0.05,-0.539,0.691,0.612,0.444,0.095,0.675,0.581,0.55,-0.582,0.292,-0.228,0.27,-0.312,0.332,0.522,0.509,0.595,-0.462,0.126,0.018,0.473,0.45,0.68,0.415,-0.451,0.174,-0.143,0.402,-0.457,-0.14,0.422,-0.078,-0.244,-0.694,-0.505,-0.491,-0.251,-0.353,-0.637,0.634,0.241,0.54,-0.586,-0.258,-0.533,0.625,0.562,-0.565,-0.275,0.534,0.362
BJRI,0.071,-0.402,-0.35,-0.353,0.607,0.107,0.549,-0.013,0.374,0.452,0.567,-0.087,-0.146,0.621,0.3,0.654,-0.338,-0.303,-0.192,0.389,0.429,0.597,0.219,0.72,0.1,0.106,0.376,0.449,0.488,0.0,0.47,-0.117,0.524,0.442,0.336,0.033,0.44,0.443,-0.405,-0.058,0.62,0.568,0.479,0.294,-0.341,-0.24,0.097,0.049,0.268,-0.632,0.224,-0.334,-0.182,-0.426,-0.367,0.615,0.152,-0.054,0.054,-0.256,-0.045,0.462,0.583,-0.199,-0.523,-0.186,0.363,0.161,-0.511,-0.279,0.024,-0.33,0.247,-0.344,0.325,0.172,0.519,0.599,0.447,0.485,0.465,0.27,0.056,0.289,0.661,-0.421,0.07,-0.065,0.207,0.811,-0.337,0.59,0.545,0.245,0.371,0.313,0.196,-0.023,0.448,0.678,-0.016,0.027,0.42,-0.004,0.569,0.272,0.367,0.104,-0.063,0.508,0.215,-0.276,0.315,0.182,0.528,0.505,0.12,-0.181,-0.102,0.455,0.458,-0.523,-0.346,-0.182,-0.048,0.586,0.615,-0.39,0.268,-0.205,0.256,0.567,-0.265,-0.419,0.501,0.082,0.606,0.42,0.516,-0.282,0.052,0.59,0.093,-0.497,0.664,-0.172,0.203,0.429,0.335,-0.528,0.352,0.621,0.573,-0.016,0.523,0.647,0.596,-0.406,0.535,-0.159,0.633,0.109,0.417,0.478,0.475,0.418,-0.181,0.443,0.292,0.509,0.216,0.726,0.496,-0.146,0.441,0.234,0.606,-0.232,-0.197,0.72,0.503,0.321,-0.323,0.166,-0.195,-0.023,0.259,-0.406,0.63,-0.333,0.544,-0.299,0.39,-0.279,0.671,0.595,-0.19,-0.275,0.582,0.366
