,AAL,AAON,ACB,ACGL,ACGLO,ACIW,ADBE,ADSK,AEP,AGIO,ALEC,ALNY,ALTR,AMBA,AMCX,AMKR,AMRX,ANSS,APPN,APTO,ARCT,ARWR,ASND,ASTH,ATSG,AVTX,BCPC,BEAM,BILI,BJRI,BLUE,BPOP,BRKL,BWIN,BZUN,CARG,CBRL,CBSH,CBUS,CENTA,CERS,CFFN,CHCO,CHEF,CHRD,CINF,CLLS,CMCO,CMCSA,COLL,COMM,COOP,CPB,CRON,CROX,CRUS,CRWD,CTAS,CYBR,CYTK,DGII,DIOD,DOMO,DPZ,DSGR,DXCM,ERIE,ESTA,EXEL,FAST,FCEL,FCFS,FHB,FITBI,FSV,FTDR,FUTU,GLDD,GLPG,GLPI,GOGO,GOSS,GSAT,GYRE,HALO,HAS,HLIT,HLNE,HSDT,HSIC,HTHT,ICHR,IDYA,IMVT,INDB,INSM,IONS,IOSP,ITRI,JBHT,JBLU,JSM,KLIC,KOD,KURA,LAB,LASR,LIN,LKQ,LNT,MBUU,MCRI,MDGL,MEDP,MGNI,MGPI,MGRC,MKTX,MRNA,MRTN,MSEX,MSFT,MU,NAVI,NBTB,NEO,NEOG,NGNE,NSSC,NTAP,NTES,NTLA,NTRS,NYMTN,OBLG,OCFC,ON,ONC,OPI,OSIS,OSW,PALI,PANW,PCAR,PCRX,PCTY,PEBO,PLAB,PLAY,PLMR,PLSE,PLUS,PRTA,PSEC,PSNL,PTCT,PTON,QNST,QRVO,QTTB,RARE,RBCAA,RGNX,SAIC,SGMO,SINT,SNPS,SPSC,SPTN,SSYS,STNE,TBBK,TCPC,TENB,TGTX,TREE,TRUP,TTWO,TW,TXG,UBSI,UCTT,UFPT,UMBF,UPBD,URBN,VBTX,VCTR,VEON,VNET,VRSK,VSEC,WABC,WTFCM,WVE,WW,WWD,XEL,ZD,ZYME
AAL,0.0,0.62,0.928,0.165,0.662,0.771,0.847,0.441,0.797,-0.81,0.858,-0.409,0.14,-0.809,-0.513,-0.142,-0.375,0.653,0.952,0.818,-0.61,0.291,-0.819,-0.338,0.838,-0.348,0.63,0.01,0.561,0.593,0.706,0.849,0.914,-0.63,0.906,-0.545,0.161,0.808,0.864,0.87,0.792,0.387,0.64,0.356,0.449,0.862,0.862,0.946,0.191,0.679,-0.738,0.654,0.937,0.924,-0.787,-0.682,-0.063,0.588,0.373,0.58,0.879,0.063,0.77,-0.387,0.874,0.906,0.952,0.717,-0.622,0.889,-0.7,0.606,0.914,-0.637,-0.231,0.145,0.608,0.817,0.819,0.733,0.605,0.9,0.752,0.878,-0.422,0.705,-0.099,-0.332,0.621,0.917,0.759,0.589,0.615,0.885,0.845,-0.95,-0.475,0.576,0.423,0.476,0.652,-0.196,0.882,0.748,0.661,0.594,0.73,-0.144,0.879,0.55,-0.804,-0.31,-0.478,-0.15,-0.782,0.791,0.757,0.943,-0.234,0.274,0.818,0.068,-0.435,0.791,0.855,0.868,-0.622,-0.738,-0.817,-0.87,0.745,0.73,0.652,-0.672,-0.59,0.858,0.201,0.647,0.521,0.329,-0.482,0.889,0.58,0.02,0.603,0.957,0.903,0.566,0.519,-0.262,-0.825,0.942,0.346,-0.006,0.454,-0.092,-0.003,0.777,-0.263,0.786,0.009,0.923,0.896,0.792,0.726,0.927,0.091,0.886,0.934,0.589,0.878,0.708,-0.828,0.886,0.58,0.568,0.592,-0.888,0.857,0.886,0.911,-0.494,0.196,0.851,-0.245,-0.483,0.835,0.65,-0.424,-0.609,-0.578,-0.799,0.834,-0.517,0.134,0.703,-0.617,0.365,-0.07,0.216
AAON,0.62,0.0,0.555,0.504,-0.014,0.368,0.581,0.048,0.254,-0.75,0.697,-0.282,0.298,-0.679,-0.362,0.026,-0.281,0.466,0.648,0.733,-0.333,0.111,-0.53,-0.417,0.441,0.402,0.243,0.148,0.07,0.255,0.323,0.567,0.628,-0.23,0.548,-0.563,-0.302,0.495,0.654,0.703,0.318,0.443,0.172,0.182,0.685,0.479,0.485,0.76,-0.208,0.657,-0.825,0.467,0.587,0.519,-0.139,-0.325,-0.033,0.137,0.075,-0.002,0.634,0.364,0.369,-0.514,0.833,0.698,0.655,0.388,-0.81,0.643,-0.344,0.69,0.518,-0.814,-0.609,-0.233,0.259,0.502,0.332,0.242,0.446,0.464,0.36,0.315,-0.658,0.76,0.266,0.371,0.267,0.526,0.403,0.642,0.066,0.685,0.552,-0.596,-0.545,0.416,0.588,-0.116,0.056,-0.572,0.608,0.347,0.219,0.524,0.823,-0.213,0.447,0.016,-0.391,-0.55,-0.287,-0.47,-0.52,0.494,0.746,0.663,0.155,-0.239,0.276,0.244,-0.173,0.602,0.586,0.697,-0.661,-0.745,-0.175,-0.505,0.085,0.393,0.193,-0.601,-0.553,0.56,0.17,0.136,0.162,0.362,-0.327,0.345,0.503,0.082,0.426,0.601,0.509,0.28,0.031,-0.652,-0.406,0.595,-0.239,0.199,0.099,-0.013,-0.52,0.756,-0.17,0.555,-0.359,0.573,0.508,0.809,0.419,0.459,0.319,0.675,0.644,0.089,0.652,0.466,-0.817,0.77,0.655,0.627,0.219,-0.658,0.659,0.385,0.44,-0.309,0.365,0.452,-0.636,-0.231,0.51,0.837,-0.656,-0.795,-0.73,-0.621,0.539,-0.706,0.377,0.116,0.094,-0.202,-0.41,-0.117
ACB,0.928,0.555,0.0,0.063,0.684,0.86,0.752,0.395,0.846,-0.803,0.882,-0.391,0.103,-0.785,-0.562,-0.15,-0.249,0.526,0.947,0.843,-0.546,0.221,-0.827,-0.22,0.908,-0.363,0.659,0.072,0.686,0.738,0.719,0.913,0.945,-0.595,0.943,-0.559,0.244,0.881,0.895,0.85,0.835,0.484,0.697,0.427,0.491,0.851,0.851,0.885,0.229,0.57,-0.691,0.771,0.926,0.953,-0.716,-0.715,-0.132,0.512,0.309,0.678,0.924,0.083,0.736,-0.295,0.845,0.9,0.932,0.736,-0.548,0.891,-0.757,0.673,0.961,-0.572,-0.157,0.18,0.684,0.899,0.889,0.793,0.696,0.923,0.855,0.879,-0.444,0.699,-0.008,-0.416,0.713,0.907,0.86,0.643,0.609,0.89,0.855,-0.881,-0.496,0.595,0.416,0.557,0.683,-0.156,0.853,0.798,0.654,0.595,0.776,-0.213,0.898,0.642,-0.755,-0.162,-0.483,-0.199,-0.753,0.891,0.766,0.854,-0.449,0.289,0.81,-0.022,-0.456,0.849,0.895,0.933,-0.636,-0.669,-0.834,-0.872,0.791,0.688,0.734,-0.718,-0.596,0.908,0.177,0.706,0.493,0.277,-0.475,0.922,0.507,-0.207,0.675,0.945,0.938,0.699,0.596,-0.119,-0.896,0.913,0.457,-0.02,0.429,-0.141,0.124,0.736,-0.252,0.812,0.026,0.929,0.877,0.79,0.597,0.94,-0.05,0.904,0.892,0.639,0.874,0.749,-0.795,0.882,0.569,0.616,0.747,-0.881,0.823,0.924,0.941,-0.387,0.419,0.892,-0.133,-0.384,0.861,0.589,-0.449,-0.544,-0.611,-0.745,0.905,-0.355,0.19,0.811,-0.62,0.462,0.083,0.208
ACGL,0.165,0.504,0.063,0.0,-0.221,-0.07,0.088,-0.411,0.02,-0.527,0.252,-0.596,-0.369,-0.294,0.369,-0.525,-0.691,-0.091,0.074,0.341,0.145,-0.405,0.096,-0.268,0.13,0.45,-0.091,-0.31,-0.327,-0.284,-0.361,0.24,0.227,0.236,0.215,-0.65,-0.48,0.251,0.354,0.47,-0.178,-0.156,-0.226,-0.068,0.644,0.395,0.322,0.386,0.195,0.491,-0.327,0.062,0.26,0.036,-0.078,-0.377,-0.464,-0.205,-0.459,-0.45,0.285,0.113,0.057,-0.743,0.473,0.297,0.319,0.164,-0.548,0.294,-0.099,0.547,0.047,-0.582,-0.79,-0.272,0.118,-0.085,0.096,-0.057,0.355,0.131,-0.241,-0.109,-0.609,0.516,0.585,0.499,0.2,0.274,0.039,0.115,-0.355,0.197,0.389,-0.287,-0.664,0.234,0.062,-0.543,-0.326,-0.62,-0.007,0.043,-0.277,0.556,0.494,-0.238,0.203,-0.092,0.019,-0.604,-0.407,-0.648,-0.428,0.106,0.602,0.269,0.493,-0.479,0.002,-0.268,-0.55,0.301,0.219,0.108,-0.649,-0.531,0.028,-0.334,-0.348,-0.266,-0.198,-0.154,0.085,0.054,-0.293,-0.436,0.007,0.415,0.064,-0.101,-0.232,0.215,0.35,0.189,0.05,-0.084,-0.096,-0.459,0.021,0.195,-0.469,0.423,0.122,0.14,-0.745,0.609,-0.641,0.4,-0.707,0.099,0.3,0.531,0.084,0.024,-0.157,0.166,0.273,-0.33,0.408,0.092,-0.412,0.195,0.062,-0.099,-0.107,-0.089,0.465,0.041,0.036,-0.475,0.027,0.019,-0.606,-0.492,0.229,0.666,-0.542,-0.729,-0.573,-0.366,0.242,-0.457,0.124,-0.18,0.331,-0.276,-0.356,-0.628
ACGLO,0.662,-0.014,0.684,-0.221,0.0,0.765,0.44,0.607,0.853,-0.317,0.503,-0.235,-0.142,-0.31,-0.258,-0.193,-0.178,0.321,0.613,0.345,-0.346,0.368,-0.566,0.107,0.7,-0.694,0.713,0.072,0.764,0.603,0.695,0.628,0.622,-0.457,0.644,-0.205,0.556,0.652,0.493,0.456,0.741,0.209,0.747,0.328,-0.0,0.635,0.622,0.488,0.539,0.164,-0.121,0.592,0.669,0.66,-0.764,-0.519,-0.175,0.622,0.332,0.738,0.56,0.022,0.596,0.047,0.346,0.452,0.588,0.562,0.025,0.594,-0.517,0.322,0.711,-0.001,0.375,0.527,0.527,0.644,0.737,0.85,0.523,0.709,0.629,0.771,0.002,0.232,-0.158,-0.686,0.535,0.661,0.608,0.267,0.796,0.478,0.626,-0.603,0.021,0.552,0.009,0.696,0.79,0.409,0.602,0.647,0.676,0.27,0.246,0.149,0.766,0.814,-0.495,0.267,-0.328,0.237,-0.432,0.624,0.368,0.569,-0.519,0.622,0.824,-0.148,-0.362,0.551,0.639,0.516,-0.166,-0.143,-0.778,-0.609,0.798,0.612,0.746,-0.283,-0.239,0.613,0.203,0.709,0.512,0.339,-0.068,0.771,0.207,-0.107,0.484,0.615,0.692,0.543,0.726,0.228,-0.65,0.669,0.815,0.05,0.566,0.062,0.538,0.258,-0.116,0.487,0.419,0.702,0.673,0.244,0.427,0.695,-0.208,0.557,0.518,0.537,0.526,0.632,-0.226,0.402,0.137,0.261,0.548,-0.462,0.449,0.735,0.795,-0.196,0.132,0.74,0.408,-0.252,0.689,0.131,-0.001,-0.04,-0.074,-0.349,0.664,0.074,0.089,0.8,-0.654,0.75,0.45,0.321
ACIW,0.771,0.368,0.86,-0.07,0.765,0.0,0.556,0.55,0.862,-0.604,0.771,-0.205,0.071,-0.48,-0.465,-0.061,-0.121,0.414,0.819,0.603,-0.444,0.381,-0.681,-0.056,0.795,-0.471,0.773,0.251,0.843,0.764,0.76,0.831,0.856,-0.543,0.804,-0.345,0.329,0.832,0.705,0.628,0.852,0.573,0.816,0.495,0.273,0.755,0.689,0.687,0.342,0.278,-0.392,0.867,0.831,0.803,-0.651,-0.523,-0.135,0.631,0.33,0.717,0.751,0.289,0.618,-0.101,0.615,0.645,0.735,0.599,-0.23,0.818,-0.683,0.571,0.906,-0.329,0.13,0.323,0.599,0.857,0.807,0.879,0.632,0.817,0.744,0.816,-0.23,0.519,-0.032,-0.531,0.623,0.738,0.729,0.617,0.718,0.658,0.798,-0.73,-0.218,0.683,0.279,0.599,0.795,0.09,0.779,0.72,0.733,0.436,0.607,0.09,0.826,0.743,-0.542,0.13,-0.303,-0.05,-0.568,0.832,0.642,0.713,-0.474,0.462,0.854,-0.021,-0.329,0.784,0.899,0.804,-0.4,-0.35,-0.735,-0.682,0.788,0.738,0.814,-0.456,-0.499,0.866,0.311,0.776,0.513,0.402,-0.209,0.851,0.426,-0.177,0.603,0.787,0.888,0.609,0.597,0.051,-0.801,0.826,0.666,0.047,0.552,-0.015,0.406,0.495,-0.033,0.628,0.305,0.905,0.737,0.561,0.522,0.798,-0.102,0.774,0.681,0.531,0.675,0.871,-0.536,0.683,0.478,0.585,0.661,-0.699,0.594,0.802,0.914,-0.108,0.378,0.918,0.156,-0.261,0.857,0.393,-0.275,-0.291,-0.367,-0.497,0.885,-0.159,0.385,0.837,-0.481,0.602,0.295,0.301
ADBE,0.847,0.581,0.752,0.088,0.44,0.556,0.0,0.492,0.52,-0.647,0.65,-0.23,0.317,-0.764,-0.592,0.106,-0.161,0.84,0.841,0.715,-0.667,0.286,-0.794,-0.564,0.549,-0.283,0.382,0.021,0.331,0.39,0.546,0.561,0.697,-0.521,0.668,-0.336,-0.069,0.526,0.651,0.724,0.644,0.34,0.389,0.334,0.258,0.612,0.634,0.805,-0.126,0.698,-0.69,0.394,0.714,0.756,-0.695,-0.395,0.279,0.557,0.568,0.52,0.686,-0.036,0.77,-0.283,0.753,0.863,0.787,0.471,-0.636,0.656,-0.676,0.36,0.731,-0.539,-0.272,-0.018,0.468,0.6,0.531,0.483,0.349,0.687,0.554,0.713,-0.212,0.686,-0.36,-0.268,0.278,0.71,0.517,0.613,0.514,0.869,0.626,-0.831,-0.371,0.313,0.54,0.265,0.389,-0.263,0.845,0.459,0.639,0.474,0.527,-0.119,0.641,0.212,-0.884,-0.491,-0.295,-0.005,-0.677,0.519,0.598,0.852,-0.076,0.142,0.581,0.433,-0.125,0.475,0.646,0.707,-0.411,-0.743,-0.609,-0.643,0.684,0.649,0.327,-0.462,-0.603,0.679,0.254,0.624,0.224,0.08,-0.651,0.693,0.705,0.106,0.26,0.857,0.685,0.341,0.197,-0.307,-0.604,0.786,0.113,-0.193,0.314,-0.041,-0.166,0.712,-0.093,0.538,0.01,0.735,0.654,0.665,0.762,0.759,0.434,0.782,0.826,0.627,0.713,0.512,-0.773,0.805,0.507,0.567,0.36,-0.808,0.652,0.696,0.678,-0.368,-0.001,0.633,-0.394,-0.476,0.621,0.456,-0.233,-0.535,-0.412,-0.725,0.588,-0.562,0.04,0.445,-0.622,0.107,-0.368,0.361
ADSK,0.441,0.048,0.395,-0.411,0.607,0.55,0.492,0.0,0.474,-0.001,0.256,0.321,0.389,-0.078,-0.34,0.415,0.244,0.538,0.468,0.059,-0.476,0.782,-0.521,-0.136,0.266,-0.517,0.534,0.449,0.62,0.357,0.714,0.224,0.329,-0.332,0.257,0.267,0.244,0.22,0.08,0.096,0.516,0.375,0.527,0.335,-0.327,0.233,0.158,0.237,0.039,0.068,-0.038,0.397,0.354,0.4,-0.464,0.089,0.413,0.775,0.731,0.657,0.164,0.245,0.542,0.402,0.103,0.233,0.237,0.107,0.18,0.32,-0.245,-0.075,0.458,0.16,0.527,0.302,0.181,0.432,0.227,0.557,0.057,0.318,0.374,0.508,0.367,0.039,-0.538,-0.564,-0.026,0.241,0.153,0.398,0.812,0.291,0.278,-0.378,0.41,0.295,0.172,0.472,0.645,0.504,0.609,0.246,0.751,-0.109,-0.05,0.489,0.389,0.389,-0.409,0.227,0.218,0.514,-0.081,0.285,0.078,0.448,-0.253,0.646,0.572,0.494,0.305,0.173,0.405,0.315,0.274,0.065,-0.407,-0.143,0.654,0.775,0.497,0.024,-0.357,0.421,0.627,0.744,0.29,0.204,-0.064,0.457,0.529,0.09,0.016,0.387,0.423,0.093,0.236,0.048,-0.287,0.466,0.619,-0.094,0.491,0.213,0.469,-0.004,0.479,0.03,0.706,0.505,0.223,-0.048,0.543,0.408,0.364,0.321,0.284,0.399,0.13,0.517,-0.034,0.284,0.202,0.32,0.147,-0.354,0.05,0.353,0.489,0.228,-0.134,0.531,0.37,0.036,0.403,-0.132,0.268,0.203,0.303,-0.059,0.318,-0.093,0.242,0.381,-0.413,0.479,0.096,0.718
AEP,0.797,0.254,0.846,0.02,0.853,0.862,0.52,0.474,0.0,-0.602,0.768,-0.349,-0.117,-0.495,-0.228,-0.286,-0.284,0.262,0.781,0.565,-0.377,0.316,-0.657,0.014,0.886,-0.561,0.812,0.125,0.792,0.646,0.735,0.841,0.837,-0.445,0.848,-0.464,0.437,0.863,0.721,0.694,0.761,0.333,0.756,0.34,0.348,0.829,0.802,0.699,0.591,0.367,-0.371,0.793,0.862,0.822,-0.76,-0.706,-0.3,0.632,0.23,0.717,0.778,0.134,0.674,-0.128,0.613,0.668,0.778,0.699,-0.201,0.807,-0.606,0.566,0.883,-0.333,0.128,0.412,0.608,0.774,0.882,0.948,0.725,0.846,0.737,0.844,-0.29,0.484,0.019,-0.561,0.737,0.831,0.738,0.467,0.759,0.639,0.827,-0.772,-0.267,0.7,0.064,0.634,0.792,0.164,0.693,0.804,0.645,0.503,0.569,0.038,0.923,0.921,-0.519,0.131,-0.397,-0.05,-0.669,0.88,0.624,0.715,-0.503,0.532,0.936,-0.229,-0.552,0.786,0.838,0.745,-0.466,-0.378,-0.891,-0.778,0.761,0.65,0.801,-0.492,-0.392,0.807,0.232,0.672,0.699,0.491,-0.136,0.847,0.236,-0.211,0.746,0.805,0.864,0.632,0.767,0.01,-0.769,0.832,0.713,0.17,0.647,0.05,0.339,0.505,-0.258,0.743,0.2,0.85,0.847,0.535,0.514,0.842,-0.295,0.717,0.727,0.47,0.746,0.751,-0.501,0.633,0.387,0.314,0.687,-0.665,0.685,0.866,0.922,-0.314,0.326,0.884,0.219,-0.343,0.856,0.416,-0.315,-0.319,-0.362,-0.488,0.858,-0.118,0.251,0.866,-0.592,0.803,0.351,0.2
AGIO,-0.81,-0.75,-0.803,-0.527,-0.317,-0.604,-0.647,-0.001,-0.602,0.0,-0.853,0.608,0.029,0.835,0.36,0.347,0.537,-0.366,-0.802,-0.875,0.452,0.129,0.605,0.425,-0.767,-0.011,-0.382,0.147,-0.287,-0.408,-0.356,-0.833,-0.863,0.448,-0.837,0.774,0.115,-0.793,-0.925,-0.909,-0.548,-0.373,-0.366,-0.293,-0.766,-0.85,-0.824,-0.91,-0.162,-0.754,0.815,-0.563,-0.848,-0.752,0.543,0.742,0.304,-0.263,0.003,-0.236,-0.87,-0.064,-0.546,0.678,-0.946,-0.87,-0.893,-0.624,0.805,-0.857,0.684,-0.785,-0.768,0.853,0.63,0.162,-0.471,-0.655,-0.723,-0.513,-0.644,-0.784,-0.556,-0.644,0.716,-0.844,-0.245,0.018,-0.694,-0.832,-0.698,-0.586,-0.204,-0.819,-0.836,0.865,0.789,-0.482,-0.379,-0.144,-0.339,0.607,-0.64,-0.647,-0.282,-0.721,-0.913,0.354,-0.746,-0.347,0.62,0.521,0.564,0.582,0.873,-0.755,-0.886,-0.802,0.096,0.134,-0.572,0.132,0.631,-0.828,-0.793,-0.816,0.901,0.838,0.633,0.865,-0.399,-0.388,-0.468,0.743,0.562,-0.762,0.063,-0.285,-0.4,-0.331,0.458,-0.678,-0.341,0.098,-0.657,-0.856,-0.762,-0.513,-0.329,0.347,0.753,-0.806,0.027,-0.05,-0.292,0.144,0.323,-0.893,0.508,-0.86,0.432,-0.771,-0.811,-0.952,-0.439,-0.776,0.101,-0.799,-0.857,-0.307,-0.894,-0.579,0.937,-0.841,-0.584,-0.477,-0.545,0.812,-0.876,-0.737,-0.723,0.552,-0.324,-0.689,0.542,0.542,-0.757,-0.843,0.715,0.867,0.858,0.822,-0.811,0.598,-0.17,-0.53,0.318,-0.106,0.225,0.196
ALEC,0.858,0.697,0.882,0.252,0.503,0.771,0.65,0.256,0.768,-0.853,0.0,-0.44,0.044,-0.79,-0.407,-0.246,-0.368,0.383,0.893,0.867,-0.395,0.199,-0.708,-0.225,0.834,-0.165,0.635,0.093,0.598,0.595,0.637,0.891,0.896,-0.458,0.882,-0.723,0.184,0.837,0.897,0.865,0.717,0.424,0.552,0.267,0.606,0.793,0.831,0.881,0.21,0.537,-0.759,0.764,0.91,0.869,-0.586,-0.717,-0.312,0.417,0.087,0.432,0.915,0.233,0.591,-0.377,0.887,0.86,0.882,0.726,-0.654,0.908,-0.624,0.761,0.867,-0.75,-0.33,0.128,0.507,0.787,0.823,0.698,0.761,0.844,0.712,0.748,-0.67,0.715,0.2,-0.196,0.735,0.881,0.79,0.615,0.522,0.851,0.866,-0.849,-0.562,0.641,0.311,0.345,0.536,-0.317,0.717,0.79,0.487,0.68,0.868,-0.253,0.801,0.578,-0.564,-0.303,-0.516,-0.421,-0.776,0.894,0.83,0.813,-0.296,0.113,0.728,-0.089,-0.499,0.894,0.871,0.911,-0.752,-0.687,-0.714,-0.844,0.543,0.615,0.642,-0.763,-0.58,0.831,0.182,0.517,0.465,0.366,-0.266,0.778,0.377,-0.179,0.78,0.886,0.856,0.604,0.489,-0.33,-0.763,0.88,0.336,0.173,0.48,-0.119,-0.058,0.766,-0.32,0.905,-0.133,0.868,0.868,0.842,0.492,0.865,-0.046,0.867,0.835,0.317,0.855,0.663,-0.844,0.838,0.741,0.54,0.606,-0.819,0.83,0.791,0.841,-0.444,0.479,0.782,-0.303,-0.43,0.809,0.761,-0.655,-0.691,-0.758,-0.739,0.864,-0.541,0.336,0.634,-0.379,0.343,-0.064,-0.043
ALNY,-0.409,-0.282,-0.391,-0.596,-0.235,-0.205,-0.23,0.321,-0.349,0.608,-0.44,0.0,0.664,0.546,-0.053,0.818,0.785,0.016,-0.313,-0.579,-0.147,0.522,0.08,-0.067,-0.456,-0.044,-0.136,0.651,0.008,-0.096,0.143,-0.531,-0.442,0.188,-0.547,0.799,-0.155,-0.511,-0.654,-0.703,-0.239,0.337,-0.137,-0.105,-0.576,-0.587,-0.706,-0.526,-0.511,-0.394,0.378,-0.142,-0.506,-0.392,0.447,0.804,0.706,0.202,0.522,0.102,-0.614,0.254,-0.241,0.796,-0.549,-0.498,-0.582,-0.67,0.563,-0.491,0.404,-0.624,-0.339,0.548,0.629,-0.186,-0.443,-0.23,-0.581,-0.19,-0.675,-0.598,-0.205,-0.29,0.649,-0.438,-0.521,-0.083,-0.617,-0.666,-0.58,0.034,0.076,-0.447,-0.569,0.482,0.741,-0.427,-0.043,0.064,-0.002,0.435,-0.145,-0.516,0.122,-0.731,-0.547,0.534,-0.455,-0.293,0.264,0.367,0.877,0.493,0.599,-0.384,-0.633,-0.407,0.017,0.272,-0.268,0.611,0.836,-0.514,-0.348,-0.3,0.772,0.585,0.419,0.729,-0.071,0.223,-0.169,0.488,-0.132,-0.223,0.571,0.168,-0.096,-0.285,0.065,-0.362,0.281,-0.094,-0.528,-0.42,-0.355,-0.384,-0.443,0.084,0.37,-0.397,0.064,-0.205,-0.176,0.263,0.352,-0.672,0.898,-0.708,0.648,-0.335,-0.649,-0.604,-0.019,-0.424,0.383,-0.471,-0.443,-0.116,-0.686,-0.093,0.488,-0.322,-0.049,0.036,-0.398,0.202,-0.729,-0.481,-0.381,0.793,-0.271,-0.199,0.345,0.634,-0.36,-0.612,0.515,0.701,0.731,0.653,-0.497,0.25,0.287,-0.312,0.218,0.002,-0.061,0.602
ALTR,0.14,0.298,0.103,-0.369,-0.142,0.071,0.317,0.389,-0.117,0.029,0.044,0.664,0.0,-0.061,-0.543,0.846,0.568,0.469,0.228,-0.008,-0.604,0.541,-0.43,-0.47,-0.043,0.109,-0.081,0.622,0.06,0.066,0.421,-0.121,0.026,-0.179,-0.059,0.417,-0.348,-0.146,-0.114,-0.167,0.04,0.583,-0.013,0.038,-0.122,-0.192,-0.268,0.084,-0.715,0.143,-0.302,0.049,-0.058,0.078,0.176,0.46,0.834,0.355,0.755,0.24,-0.108,0.188,0.124,0.452,0.082,0.109,-0.026,-0.323,-0.06,-0.02,0.007,-0.249,0.094,-0.014,0.212,-0.391,-0.187,0.189,-0.257,-0.021,-0.427,-0.166,0.21,0.103,0.251,0.105,-0.597,-0.013,-0.376,-0.195,-0.186,0.49,0.147,0.145,-0.194,-0.048,0.312,-0.288,0.433,0.128,0.116,0.007,0.322,-0.247,0.229,-0.337,-0.012,0.21,-0.083,-0.277,-0.273,-0.072,0.595,0.27,0.101,-0.035,-0.159,0.133,0.007,0.157,-0.045,0.8,0.678,-0.12,0.049,0.239,0.3,-0.018,0.087,0.257,0.177,0.542,0.032,-0.016,-0.631,0.228,0.559,0.383,0.025,-0.227,-0.429,0.039,0.774,-0.083,-0.351,0.12,0.055,-0.086,-0.385,-0.222,-0.092,0.093,-0.124,-0.316,-0.208,0.154,0.043,-0.114,0.738,-0.272,0.384,0.095,-0.23,0.007,0.344,0.037,0.601,0.073,0.136,0.199,-0.164,0.135,-0.164,0.309,0.319,0.419,-0.157,-0.378,-0.182,-0.067,-0.005,0.481,-0.137,0.172,-0.145,0.408,0.002,-0.095,0.097,0.165,0.214,0.097,-0.124,-0.273,0.316,-0.126,-0.015,-0.096,-0.407,0.58
AMBA,-0.809,-0.679,-0.785,-0.294,-0.31,-0.48,-0.764,-0.078,-0.495,0.835,-0.79,0.546,-0.061,0.0,0.536,0.267,0.373,-0.493,-0.798,-0.92,0.489,0.056,0.715,0.416,-0.681,0.062,-0.248,0.194,-0.251,-0.409,-0.396,-0.712,-0.748,0.467,-0.803,0.698,0.032,-0.643,-0.86,-0.859,-0.541,-0.26,-0.309,-0.198,-0.57,-0.686,-0.75,-0.858,0.04,-0.69,0.867,-0.399,-0.753,-0.772,0.558,0.69,0.143,-0.167,-0.106,-0.298,-0.839,0.165,-0.584,0.521,-0.876,-0.89,-0.867,-0.617,0.868,-0.699,0.68,-0.62,-0.708,0.782,0.568,0.121,-0.492,-0.603,-0.674,-0.397,-0.547,-0.769,-0.617,-0.621,0.624,-0.727,-0.057,0.114,-0.573,-0.819,-0.73,-0.454,-0.235,-0.896,-0.679,0.802,0.708,-0.289,-0.402,-0.182,-0.262,0.559,-0.621,-0.595,-0.304,-0.64,-0.746,0.522,-0.646,-0.218,0.763,0.557,0.568,0.458,0.788,-0.647,-0.739,-0.781,0.191,0.146,-0.453,-0.015,0.455,-0.672,-0.638,-0.782,0.764,0.882,0.627,0.846,-0.475,-0.417,-0.354,0.791,0.509,-0.646,0.13,-0.375,-0.176,-0.03,0.591,-0.68,-0.451,0.161,-0.496,-0.833,-0.692,-0.516,-0.269,0.298,0.689,-0.728,0.028,0.101,-0.153,0.275,0.337,-0.815,0.434,-0.806,0.399,-0.675,-0.757,-0.841,-0.477,-0.772,-0.065,-0.793,-0.827,-0.478,-0.839,-0.388,0.901,-0.815,-0.544,-0.513,-0.484,0.801,-0.815,-0.708,-0.658,0.64,-0.288,-0.539,0.586,0.473,-0.609,-0.694,0.606,0.775,0.803,0.894,-0.654,0.589,0.038,-0.443,0.514,0.004,0.337,0.081
AMCX,-0.513,-0.362,-0.562,0.369,-0.258,-0.465,-0.592,-0.34,-0.228,0.36,-0.407,-0.053,-0.543,0.536,0.0,-0.344,-0.244,-0.617,-0.577,-0.512,0.656,-0.187,0.717,0.312,-0.36,0.191,-0.111,-0.084,-0.352,-0.464,-0.513,-0.363,-0.436,0.633,-0.431,0.003,-0.047,-0.273,-0.434,-0.302,-0.492,-0.532,-0.349,-0.33,-0.065,-0.264,-0.265,-0.43,0.399,-0.274,0.564,-0.261,-0.368,-0.538,0.263,0.146,-0.442,-0.251,-0.542,-0.521,-0.418,0.18,-0.385,-0.028,-0.423,-0.522,-0.439,-0.236,0.395,-0.356,0.596,-0.102,-0.513,0.245,-0.011,0.107,-0.274,-0.59,-0.34,-0.218,-0.032,-0.437,-0.601,-0.52,0.043,-0.328,0.45,0.344,-0.162,-0.364,-0.5,-0.441,-0.263,-0.611,-0.189,0.429,0.137,0.014,-0.529,-0.443,-0.368,0.142,-0.567,-0.263,-0.356,-0.038,-0.321,0.186,-0.311,-0.028,0.682,0.092,0.079,-0.082,0.303,-0.349,-0.213,-0.418,0.444,-0.052,-0.231,-0.402,-0.188,-0.306,-0.365,-0.569,0.15,0.341,0.359,0.343,-0.593,-0.52,-0.389,0.495,0.69,-0.552,-0.11,-0.614,0.044,0.257,0.712,-0.592,-0.747,0.189,0.056,-0.518,-0.488,-0.374,-0.064,-0.052,0.653,-0.409,-0.09,0.455,0.207,0.363,-0.164,-0.252,-0.252,-0.219,-0.191,-0.489,-0.267,-0.387,-0.324,-0.506,-0.34,-0.511,-0.471,-0.616,-0.348,-0.32,0.519,-0.583,-0.329,-0.645,-0.328,0.648,-0.29,-0.44,-0.453,0.042,-0.197,-0.437,0.195,-0.033,-0.275,-0.108,0.049,0.143,0.26,0.502,-0.333,0.262,0.056,-0.372,0.486,0.024,0.159,-0.4
AMKR,-0.142,0.026,-0.15,-0.525,-0.193,-0.061,0.106,0.415,-0.286,0.347,-0.246,0.818,0.846,0.267,-0.344,0.0,0.774,0.366,-0.029,-0.287,-0.385,0.509,-0.143,-0.261,-0.273,0.035,-0.102,0.644,-0.001,0.031,0.246,-0.329,-0.204,-0.114,-0.339,0.712,-0.2,-0.337,-0.396,-0.433,-0.029,0.507,-0.025,0.153,-0.369,-0.415,-0.494,-0.233,-0.654,-0.094,0.063,-0.05,-0.322,-0.154,0.351,0.724,0.849,0.292,0.712,0.188,-0.365,0.309,-0.036,0.632,-0.261,-0.2,-0.316,-0.488,0.284,-0.253,0.253,-0.476,-0.107,0.301,0.438,-0.252,-0.309,0.009,-0.445,-0.145,-0.585,-0.371,0.004,-0.081,0.567,-0.127,-0.608,0.002,-0.526,-0.452,-0.372,0.343,0.146,-0.152,-0.389,0.239,0.558,-0.314,0.38,0.129,0.075,0.254,0.197,-0.364,0.245,-0.532,-0.277,0.398,-0.284,-0.353,-0.019,0.157,0.732,0.508,0.383,-0.243,-0.417,-0.126,0.03,0.292,-0.19,0.799,0.874,-0.341,-0.14,-0.017,0.575,0.285,0.304,0.535,0.085,0.378,-0.05,0.305,-0.401,0.028,0.69,0.299,-0.069,-0.287,-0.205,-0.152,0.583,0.045,-0.542,-0.156,-0.13,-0.203,-0.399,-0.018,0.147,-0.147,-0.047,-0.341,-0.207,0.156,0.25,-0.392,0.896,-0.565,0.562,-0.08,-0.464,-0.304,0.186,-0.191,0.644,-0.171,-0.161,0.153,-0.427,0.066,0.177,0.026,0.176,0.355,-0.239,-0.081,-0.477,-0.228,-0.192,0.748,-0.177,-0.007,0.173,0.538,-0.198,-0.395,0.402,0.476,0.502,0.372,-0.302,0.051,0.25,-0.193,0.102,-0.124,-0.199,0.692
AMRX,-0.375,-0.281,-0.249,-0.691,-0.178,-0.121,-0.161,0.244,-0.284,0.537,-0.368,0.785,0.568,0.373,-0.244,0.774,0.0,0.005,-0.227,-0.383,-0.124,0.285,-0.006,0.064,-0.32,-0.081,-0.172,0.569,0.062,0.091,0.147,-0.386,-0.333,0.058,-0.397,0.706,-0.011,-0.352,-0.478,-0.563,-0.128,0.395,-0.047,0.118,-0.417,-0.539,-0.561,-0.457,-0.469,-0.41,0.278,-0.102,-0.483,-0.261,0.467,0.64,0.641,0.02,0.425,0.205,-0.408,0.176,-0.178,0.76,-0.463,-0.352,-0.481,-0.493,0.452,-0.436,0.259,-0.516,-0.2,0.48,0.565,-0.09,-0.178,-0.103,-0.41,-0.172,-0.481,-0.446,0.002,-0.216,0.564,-0.331,-0.451,-0.133,-0.427,-0.531,-0.286,0.106,0.033,-0.308,-0.51,0.496,0.565,-0.382,0.145,0.169,0.001,0.359,-0.069,-0.371,0.081,-0.579,-0.418,0.268,-0.356,-0.212,0.182,0.413,0.685,0.447,0.502,-0.236,-0.545,-0.425,-0.289,0.279,-0.317,0.508,0.764,-0.427,-0.28,-0.147,0.656,0.476,0.322,0.598,0.044,0.12,-0.081,0.342,-0.154,-0.11,0.48,0.246,-0.237,-0.442,-0.102,-0.229,0.261,-0.285,-0.497,-0.332,-0.218,-0.09,-0.28,0.287,0.217,-0.367,0.088,-0.3,-0.317,0.013,0.413,-0.587,0.785,-0.585,0.507,-0.253,-0.549,-0.479,-0.071,-0.327,0.312,-0.305,-0.383,0.135,-0.54,-0.091,0.387,-0.181,-0.048,0.216,-0.128,0.138,-0.611,-0.293,-0.283,0.743,0.052,-0.152,0.392,0.631,-0.303,-0.611,0.438,0.647,0.538,0.508,-0.362,0.424,0.186,-0.157,0.072,0.01,0.064,0.593
ANSS,0.653,0.466,0.526,-0.091,0.321,0.414,0.84,0.538,0.262,-0.366,0.383,0.016,0.469,-0.493,-0.617,0.366,0.005,0.0,0.624,0.478,-0.584,0.386,-0.589,-0.513,0.245,-0.199,0.294,0.112,0.243,0.299,0.452,0.301,0.452,-0.488,0.386,-0.015,-0.074,0.288,0.355,0.435,0.593,0.3,0.337,0.298,-0.041,0.344,0.371,0.574,-0.289,0.486,-0.443,0.247,0.48,0.522,-0.538,-0.068,0.494,0.568,0.658,0.461,0.406,0.061,0.565,-0.157,0.494,0.591,0.544,0.288,-0.434,0.462,-0.486,0.129,0.516,-0.258,-0.094,0.077,0.238,0.484,0.255,0.295,0.078,0.451,0.396,0.516,0.057,0.477,-0.501,-0.18,-0.048,0.439,0.254,0.557,0.459,0.607,0.389,-0.608,-0.083,0.231,0.622,0.175,0.279,-0.073,0.782,0.237,0.63,0.258,0.278,0.128,0.38,0.015,-0.735,-0.382,-0.099,0.299,-0.352,0.223,0.357,0.678,0.129,0.136,0.421,0.619,0.178,0.232,0.455,0.495,-0.091,-0.512,-0.296,-0.334,0.592,0.611,0.208,-0.197,-0.493,0.483,0.377,0.603,0.102,0.06,-0.553,0.494,0.711,0.396,-0.021,0.605,0.472,0.12,0.023,-0.3,-0.412,0.587,0.063,-0.227,0.2,0.025,-0.064,0.472,0.168,0.192,0.234,0.556,0.39,0.415,0.64,0.529,0.715,0.596,0.541,0.594,0.449,0.402,-0.53,0.591,0.429,0.587,0.175,-0.585,0.395,0.453,0.47,-0.087,-0.141,0.464,-0.266,-0.339,0.423,0.267,0.103,-0.269,-0.117,-0.493,0.361,-0.45,0.053,0.273,-0.444,-0.031,-0.326,0.498
APPN,0.952,0.648,0.947,0.074,0.613,0.819,0.841,0.468,0.781,-0.802,0.893,-0.313,0.228,-0.798,-0.577,-0.029,-0.227,0.624,0.0,0.822,-0.605,0.337,-0.835,-0.296,0.848,-0.313,0.673,0.154,0.611,0.694,0.765,0.867,0.932,-0.63,0.894,-0.512,0.18,0.807,0.86,0.84,0.823,0.524,0.671,0.388,0.454,0.803,0.809,0.908,0.117,0.597,-0.749,0.738,0.915,0.938,-0.691,-0.617,-0.022,0.577,0.39,0.598,0.885,0.175,0.731,-0.284,0.866,0.904,0.914,0.696,-0.6,0.886,-0.685,0.616,0.941,-0.654,-0.189,0.123,0.593,0.86,0.812,0.74,0.624,0.879,0.81,0.865,-0.434,0.693,-0.075,-0.313,0.622,0.872,0.776,0.684,0.632,0.905,0.827,-0.909,-0.442,0.588,0.482,0.506,0.663,-0.192,0.896,0.767,0.693,0.578,0.768,-0.145,0.835,0.541,-0.759,-0.256,-0.401,-0.181,-0.732,0.845,0.74,0.908,-0.319,0.307,0.797,0.133,-0.338,0.808,0.879,0.933,-0.6,-0.711,-0.788,-0.821,0.737,0.78,0.691,-0.692,-0.678,0.905,0.277,0.691,0.488,0.273,-0.468,0.886,0.63,-0.095,0.621,0.951,0.928,0.618,0.52,-0.218,-0.822,0.947,0.382,-0.022,0.431,-0.134,0.068,0.747,-0.156,0.773,0.072,0.936,0.842,0.786,0.699,0.927,0.119,0.916,0.93,0.581,0.84,0.734,-0.832,0.932,0.692,0.67,0.654,-0.914,0.806,0.881,0.91,-0.368,0.334,0.866,-0.21,-0.375,0.822,0.631,-0.467,-0.577,-0.594,-0.743,0.851,-0.506,0.23,0.723,-0.59,0.353,-0.052,0.272
APTO,0.818,0.733,0.843,0.341,0.345,0.603,0.715,0.059,0.565,-0.875,0.867,-0.579,-0.008,-0.92,-0.512,-0.287,-0.383,0.478,0.822,0.0,-0.372,-0.09,-0.669,-0.307,0.741,-0.059,0.361,-0.176,0.386,0.506,0.4,0.824,0.839,-0.471,0.86,-0.767,0.038,0.762,0.926,0.91,0.633,0.313,0.408,0.332,0.673,0.75,0.808,0.886,0.068,0.651,-0.838,0.569,0.813,0.829,-0.538,-0.738,-0.247,0.153,0.02,0.322,0.932,-0.001,0.578,-0.571,0.918,0.922,0.906,0.712,-0.844,0.808,-0.684,0.747,0.785,-0.79,-0.558,-0.011,0.614,0.725,0.763,0.47,0.696,0.816,0.656,0.647,-0.702,0.805,0.209,-0.079,0.666,0.866,0.821,0.545,0.255,0.917,0.784,-0.794,-0.765,0.477,0.493,0.2,0.31,-0.524,0.685,0.678,0.363,0.728,0.865,-0.494,0.719,0.33,-0.687,-0.484,-0.663,-0.484,-0.791,0.746,0.839,0.766,-0.225,-0.13,0.504,-0.069,-0.498,0.794,0.748,0.863,-0.83,-0.841,-0.6,-0.864,0.492,0.395,0.438,-0.795,-0.494,0.741,-0.039,0.397,0.19,0.161,-0.51,0.715,0.386,-0.133,0.621,0.85,0.769,0.608,0.355,-0.299,-0.749,0.766,0.071,0.027,0.218,-0.29,-0.272,0.869,-0.455,0.848,-0.375,0.768,0.827,0.918,0.459,0.793,0.024,0.864,0.834,0.462,0.893,0.501,-0.916,0.846,0.612,0.611,0.585,-0.79,0.878,0.765,0.729,-0.577,0.457,0.626,-0.501,-0.515,0.689,0.764,-0.632,-0.784,-0.859,-0.887,0.779,-0.516,0.079,0.526,-0.406,0.058,-0.187,-0.126
ARCT,-0.61,-0.333,-0.546,0.145,-0.346,-0.444,-0.667,-0.476,-0.377,0.452,-0.395,-0.147,-0.604,0.489,0.656,-0.385,-0.124,-0.584,-0.605,-0.372,0.0,-0.33,0.735,0.625,-0.438,0.307,-0.167,-0.201,-0.295,-0.24,-0.568,-0.37,-0.507,0.534,-0.439,-0.071,0.2,-0.354,-0.394,-0.313,-0.388,-0.609,-0.345,-0.327,-0.097,-0.449,-0.298,-0.512,0.306,-0.57,0.558,-0.261,-0.425,-0.507,0.421,0.122,-0.538,-0.603,-0.742,-0.567,-0.338,0.17,-0.573,-0.074,-0.451,-0.531,-0.482,-0.025,0.287,-0.428,0.566,-0.016,-0.564,0.271,-0.02,0.379,-0.129,-0.466,-0.29,-0.397,0.125,-0.379,-0.509,-0.636,-0.108,-0.433,0.626,0.441,-0.168,-0.361,-0.268,-0.53,-0.409,-0.541,-0.321,0.592,0.118,0.104,-0.328,-0.423,-0.505,0.133,-0.605,-0.206,-0.458,0.063,-0.265,-0.063,-0.464,-0.106,0.743,0.179,-0.161,-0.073,0.502,-0.385,-0.226,-0.573,0.226,-0.264,-0.433,-0.5,-0.093,-0.322,-0.485,-0.541,0.144,0.358,0.533,0.353,-0.622,-0.703,-0.432,0.34,0.783,-0.638,-0.312,-0.635,-0.329,0.105,0.721,-0.575,-0.791,0.202,0.041,-0.633,-0.525,-0.202,0.014,0.032,0.628,-0.541,-0.062,0.439,-0.081,0.024,-0.082,-0.273,-0.291,-0.219,-0.219,-0.56,-0.313,-0.387,-0.531,-0.554,-0.234,-0.368,-0.606,-0.512,-0.357,-0.465,0.525,-0.604,-0.32,-0.446,-0.225,0.763,-0.278,-0.478,-0.505,-0.013,0.187,-0.606,0.192,0.029,-0.47,-0.122,0.083,0.164,0.103,0.453,-0.364,0.324,-0.049,-0.397,0.558,-0.185,0.346,-0.54
ARWR,0.291,0.111,0.221,-0.405,0.368,0.381,0.286,0.782,0.316,0.129,0.199,0.522,0.541,0.056,-0.187,0.509,0.285,0.386,0.337,-0.09,-0.33,0.0,-0.378,-0.071,0.109,-0.254,0.508,0.707,0.498,0.274,0.703,0.061,0.156,-0.133,0.099,0.323,0.174,0.056,-0.106,-0.067,0.356,0.338,0.375,-0.03,-0.377,0.015,-0.035,0.125,-0.134,-0.096,-0.0,0.36,0.223,0.227,-0.204,0.271,0.411,0.713,0.658,0.438,-0.012,0.414,0.232,0.539,0.005,0.057,0.081,-0.024,0.247,0.187,0.027,-0.125,0.266,0.152,0.542,0.262,-0.056,0.269,0.029,0.448,-0.049,0.088,0.255,0.3,0.311,-0.096,-0.445,-0.317,-0.198,0.043,-0.084,0.347,0.705,0.103,0.098,-0.212,0.552,0.25,0.045,0.323,0.467,0.54,0.425,0.095,0.592,-0.183,-0.093,0.586,0.164,0.28,-0.146,0.263,0.436,0.468,0.132,0.173,-0.058,0.331,-0.031,0.574,0.455,0.529,0.423,0.091,0.258,0.218,0.38,0.158,-0.173,0.083,0.359,0.786,0.34,0.082,-0.298,0.256,0.689,0.566,0.341,0.23,0.13,0.213,0.511,0.121,0.027,0.199,0.234,-0.075,0.102,-0.18,-0.048,0.344,0.52,0.058,0.445,0.351,0.382,-0.125,0.623,-0.079,0.71,0.302,0.046,-0.151,0.441,0.219,0.417,0.172,0.147,0.143,-0.054,0.412,0.05,0.177,0.312,0.214,-0.028,-0.24,-0.085,0.097,0.283,0.348,-0.125,0.389,0.303,0.239,0.252,-0.094,0.172,0.27,0.352,0.158,0.114,-0.148,0.488,0.15,-0.159,0.399,0.036,0.626
ASND,-0.819,-0.53,-0.827,0.096,-0.566,-0.681,-0.794,-0.521,-0.657,0.605,-0.708,0.08,-0.43,0.715,0.717,-0.143,-0.006,-0.589,-0.835,-0.669,0.735,-0.378,0.0,0.404,-0.728,0.322,-0.41,-0.222,-0.551,-0.551,-0.761,-0.639,-0.73,0.518,-0.737,0.31,-0.011,-0.581,-0.671,-0.609,-0.587,-0.573,-0.475,-0.296,-0.313,-0.611,-0.558,-0.728,0.098,-0.554,0.72,-0.555,-0.716,-0.792,0.557,0.423,-0.232,-0.531,-0.593,-0.662,-0.687,0.02,-0.734,0.017,-0.705,-0.787,-0.74,-0.406,0.493,-0.635,0.683,-0.411,-0.787,0.447,0.017,0.075,-0.506,-0.745,-0.606,-0.637,-0.367,-0.677,-0.702,-0.748,0.237,-0.608,0.31,0.417,-0.386,-0.675,-0.643,-0.602,-0.557,-0.833,-0.549,0.746,0.251,-0.253,-0.398,-0.52,-0.578,0.127,-0.774,-0.478,-0.576,-0.287,-0.54,0.145,-0.733,-0.397,0.8,0.179,0.149,0.069,0.611,-0.666,-0.529,-0.739,0.483,-0.289,-0.606,-0.31,0.102,-0.562,-0.673,-0.794,0.373,0.554,0.701,0.632,-0.742,-0.752,-0.541,0.57,0.744,-0.779,-0.269,-0.721,-0.31,-0.045,0.617,-0.79,-0.748,0.312,-0.336,-0.821,-0.744,-0.542,-0.318,0.142,0.757,-0.74,-0.31,0.197,-0.177,0.034,-0.054,-0.515,-0.051,-0.547,-0.137,-0.754,-0.621,-0.593,-0.675,-0.756,-0.174,-0.721,-0.788,-0.607,-0.641,-0.626,0.688,-0.789,-0.408,-0.601,-0.405,0.878,-0.568,-0.699,-0.752,0.254,-0.184,-0.746,0.197,0.121,-0.648,-0.363,0.313,0.386,0.393,0.628,-0.625,0.424,-0.183,-0.552,0.594,-0.331,0.172,-0.383
ASTH,-0.338,-0.417,-0.22,-0.268,0.107,-0.056,-0.564,-0.136,0.014,0.425,-0.225,-0.067,-0.47,0.416,0.312,-0.261,0.064,-0.513,-0.296,-0.307,0.625,-0.071,0.404,0.0,-0.052,-0.096,0.226,-0.082,0.148,0.229,-0.054,-0.03,-0.195,0.078,-0.165,0.087,0.66,-0.075,-0.196,-0.247,-0.063,-0.294,0.259,-0.037,-0.145,-0.21,-0.119,-0.402,0.507,-0.641,0.445,0.085,-0.21,-0.134,0.258,-0.076,-0.475,-0.362,-0.495,-0.138,-0.141,0.113,-0.328,0.187,-0.409,-0.404,-0.309,0.214,0.459,-0.2,0.391,-0.032,-0.188,0.327,0.412,0.578,0.131,-0.093,0.089,-0.007,0.223,-0.079,0.037,-0.21,0.023,-0.555,0.46,0.028,0.161,-0.128,0.113,-0.507,-0.038,-0.387,-0.18,0.425,0.24,0.293,-0.247,0.267,0.092,0.504,-0.331,0.172,-0.115,-0.131,-0.211,0.005,-0.155,0.326,0.569,0.666,-0.159,0.121,0.499,-0.014,-0.289,-0.431,-0.345,0.291,-0.073,-0.578,-0.094,-0.047,-0.223,-0.243,0.194,0.469,0.105,0.151,-0.19,-0.31,0.138,0.099,0.502,-0.235,-0.179,-0.225,-0.017,0.106,0.562,-0.102,-0.494,-0.058,0.186,-0.418,-0.112,0.196,0.498,0.425,0.188,-0.297,0.433,0.383,-0.084,-0.283,0.477,-0.376,-0.081,-0.103,0.207,-0.193,-0.093,-0.391,-0.367,-0.224,-0.424,-0.206,-0.366,-0.189,-0.249,-0.169,0.503,-0.354,-0.229,-0.185,0.189,0.488,-0.134,-0.102,-0.089,0.006,0.389,-0.221,0.655,0.304,-0.273,-0.225,0.114,0.37,0.174,0.33,-0.091,0.566,-0.15,0.104,0.172,0.217,0.775,-0.145
ATSG,0.838,0.441,0.908,0.13,0.7,0.795,0.549,0.266,0.886,-0.767,0.834,-0.456,-0.043,-0.681,-0.36,-0.273,-0.32,0.245,0.848,0.741,-0.438,0.109,-0.728,-0.052,0.0,-0.367,0.656,0.038,0.646,0.71,0.671,0.927,0.907,-0.541,0.927,-0.605,0.297,0.89,0.886,0.799,0.702,0.435,0.671,0.369,0.597,0.866,0.84,0.801,0.414,0.512,-0.61,0.764,0.874,0.88,-0.625,-0.799,-0.316,0.395,0.145,0.585,0.885,0.104,0.662,-0.272,0.773,0.782,0.863,0.725,-0.432,0.831,-0.598,0.698,0.901,-0.555,-0.102,0.153,0.69,0.835,0.919,0.808,0.735,0.874,0.814,0.831,-0.488,0.633,0.164,-0.363,0.842,0.873,0.873,0.499,0.538,0.765,0.815,-0.789,-0.509,0.589,0.269,0.629,0.722,-0.137,0.691,0.823,0.525,0.57,0.765,-0.261,0.925,0.739,-0.569,-0.028,-0.484,-0.293,-0.746,0.909,0.703,0.725,-0.537,0.388,0.781,-0.276,-0.588,0.854,0.832,0.864,-0.688,-0.575,-0.87,-0.87,0.685,0.573,0.758,-0.696,-0.514,0.863,0.114,0.54,0.607,0.314,-0.326,0.888,0.339,-0.338,0.764,0.847,0.901,0.788,0.731,-0.001,-0.863,0.828,0.496,0.07,0.409,-0.135,0.187,0.638,-0.353,0.832,-0.027,0.861,0.879,0.723,0.526,0.863,-0.315,0.792,0.855,0.511,0.822,0.697,-0.679,0.8,0.455,0.487,0.74,-0.796,0.805,0.918,0.909,-0.412,0.46,0.858,-0.002,-0.27,0.813,0.575,-0.507,-0.495,-0.613,-0.641,0.876,-0.233,0.156,0.842,-0.552,0.552,0.237,0.086
AVTX,-0.348,0.402,-0.363,0.45,-0.694,-0.471,-0.283,-0.517,-0.561,-0.011,-0.165,-0.044,0.109,0.062,0.191,0.035,-0.081,-0.199,-0.313,-0.059,0.307,-0.254,0.322,-0.096,-0.367,0.0,-0.482,0.067,-0.616,-0.426,-0.438,-0.29,-0.314,0.421,-0.31,-0.147,-0.516,-0.309,-0.163,-0.094,-0.544,-0.097,-0.567,-0.386,0.299,-0.365,-0.32,-0.105,-0.404,0.071,-0.137,-0.274,-0.327,-0.438,0.615,0.267,-0.05,-0.519,-0.379,-0.674,-0.22,0.198,-0.394,-0.262,0.029,-0.169,-0.234,-0.298,-0.283,-0.249,0.349,0.188,-0.442,-0.24,-0.503,-0.414,-0.341,-0.379,-0.484,-0.518,-0.102,-0.419,-0.384,-0.575,-0.352,0.111,0.454,0.803,-0.33,-0.345,-0.358,0.027,-0.656,-0.191,-0.294,0.323,-0.144,-0.192,0.133,-0.69,-0.696,-0.472,-0.33,-0.412,-0.609,0.047,0.133,-0.215,-0.417,-0.574,0.416,-0.336,0.105,-0.374,0.217,-0.355,0.05,-0.243,0.508,-0.642,-0.578,0.099,0.152,-0.204,-0.307,-0.176,-0.146,-0.097,0.643,0.298,-0.755,-0.4,-0.521,0.043,0.108,-0.376,-0.202,-0.634,-0.321,0.086,0.171,-0.573,-0.1,0.081,-0.172,-0.359,-0.444,-0.27,-0.477,-0.5,0.414,-0.33,-0.692,0.241,-0.375,0.19,-0.641,0.057,-0.069,-0.169,-0.524,-0.414,-0.343,0.073,-0.357,-0.467,0.193,-0.165,-0.265,-0.54,-0.161,-0.343,-0.033,-0.091,-0.014,-0.056,-0.429,0.249,-0.109,-0.513,-0.51,0.077,0.151,-0.428,-0.518,0.219,-0.302,0.317,-0.327,-0.301,-0.246,0.143,-0.311,-0.234,0.237,-0.63,0.734,-0.62,-0.396,-0.515
BCPC,0.63,0.243,0.659,-0.091,0.713,0.773,0.382,0.534,0.812,-0.382,0.635,-0.136,-0.081,-0.248,-0.111,-0.102,-0.172,0.294,0.673,0.361,-0.167,0.508,-0.41,0.226,0.656,-0.482,0.0,0.274,0.742,0.687,0.698,0.702,0.695,-0.376,0.618,-0.253,0.562,0.693,0.499,0.513,0.761,0.304,0.812,0.328,0.144,0.622,0.631,0.519,0.555,0.115,-0.148,0.799,0.719,0.682,-0.585,-0.458,-0.266,0.637,0.184,0.584,0.584,0.444,0.438,-0.027,0.43,0.452,0.568,0.672,-0.018,0.714,-0.331,0.473,0.738,-0.226,0.264,0.61,0.441,0.676,0.708,0.817,0.639,0.683,0.605,0.664,-0.163,0.239,0.086,-0.357,0.556,0.639,0.542,0.43,0.779,0.424,0.702,-0.597,-0.043,0.845,0.121,0.573,0.747,0.359,0.667,0.768,0.734,0.391,0.46,0.293,0.683,0.824,-0.245,0.256,-0.255,0.128,-0.349,0.739,0.471,0.598,-0.301,0.617,0.873,-0.144,-0.329,0.671,0.725,0.599,-0.254,-0.203,-0.62,-0.532,0.601,0.642,0.742,-0.327,-0.29,0.664,0.41,0.576,0.679,0.573,0.132,0.673,0.175,0.082,0.718,0.591,0.75,0.46,0.765,-0.011,-0.513,0.73,0.762,0.295,0.692,0.031,0.461,0.372,-0.062,0.549,0.407,0.754,0.666,0.347,0.466,0.671,-0.071,0.627,0.54,0.337,0.539,0.702,-0.307,0.503,0.51,0.36,0.625,-0.453,0.521,0.689,0.785,-0.102,0.376,0.746,0.382,-0.234,0.692,0.363,-0.126,-0.15,-0.191,-0.244,0.736,-0.087,0.348,0.753,-0.363,0.682,0.484,0.313
BEAM,0.01,0.148,0.072,-0.31,0.072,0.251,0.021,0.449,0.125,0.147,0.093,0.651,0.622,0.194,-0.084,0.644,0.569,0.112,0.154,-0.176,-0.201,0.707,-0.222,-0.082,0.038,0.067,0.274,0.0,0.296,0.237,0.506,-0.023,0.051,0.132,-0.056,0.345,-0.101,0.039,-0.194,-0.201,0.136,0.603,0.169,-0.078,-0.151,-0.168,-0.237,-0.03,-0.302,-0.19,0.07,0.382,-0.018,-0.014,0.207,0.429,0.409,0.448,0.465,0.27,-0.107,0.644,0.021,0.615,-0.054,-0.078,-0.105,-0.256,0.266,0.024,0.164,-0.026,0.134,0.169,0.452,-0.014,-0.131,0.164,-0.162,0.302,-0.088,-0.166,0.144,0.009,0.21,0.012,-0.212,-0.054,-0.249,-0.208,-0.217,0.524,0.368,-0.074,-0.036,0.06,0.5,0.097,0.118,0.114,0.231,0.311,0.226,-0.136,0.31,-0.173,-0.002,0.483,0.011,0.118,0.139,0.271,0.637,0.282,0.212,0.124,-0.052,0.044,-0.051,0.426,0.15,0.509,0.488,0.003,0.187,0.214,0.363,0.203,0.108,0.298,0.094,0.558,0.194,0.228,-0.357,0.202,0.692,0.39,0.228,0.146,0.171,-0.056,0.369,-0.188,-0.011,0.018,0.099,-0.022,-0.062,-0.143,0.077,0.107,0.278,0.101,0.222,0.493,0.288,-0.209,0.662,-0.201,0.522,0.11,-0.188,-0.146,0.237,-0.037,0.294,0.05,-0.027,-0.025,-0.197,0.351,0.101,0.136,0.303,0.309,-0.09,-0.144,-0.265,-0.08,0.067,0.663,0.134,0.284,0.244,0.475,0.201,-0.105,0.036,0.288,0.287,0.398,0.039,0.02,0.773,0.004,0.193,0.285,-0.007,0.478
BILI,0.561,0.07,0.686,-0.327,0.764,0.843,0.331,0.62,0.792,-0.287,0.598,0.008,0.06,-0.251,-0.352,-0.001,0.062,0.243,0.611,0.386,-0.295,0.498,-0.551,0.148,0.646,-0.616,0.742,0.296,0.0,0.695,0.739,0.634,0.627,-0.417,0.609,-0.159,0.503,0.631,0.446,0.347,0.753,0.423,0.778,0.351,-0.003,0.537,0.492,0.396,0.352,-0.022,-0.153,0.761,0.619,0.685,-0.546,-0.388,-0.101,0.591,0.341,0.771,0.539,0.23,0.493,0.213,0.307,0.417,0.488,0.496,0.069,0.59,-0.448,0.284,0.729,-0.026,0.412,0.483,0.504,0.732,0.694,0.816,0.506,0.62,0.696,0.694,-0.049,0.169,-0.119,-0.69,0.538,0.555,0.61,0.399,0.792,0.448,0.593,-0.492,0.023,0.551,0.078,0.675,0.789,0.383,0.578,0.626,0.686,0.202,0.307,0.172,0.663,0.787,-0.361,0.367,-0.182,0.108,-0.309,0.717,0.333,0.468,-0.613,0.578,0.77,-0.065,-0.165,0.626,0.683,0.6,-0.123,-0.031,-0.664,-0.478,0.771,0.676,0.783,-0.323,-0.337,0.666,0.432,0.809,0.457,0.242,-0.043,0.725,0.289,-0.271,0.515,0.566,0.708,0.477,0.567,0.21,-0.643,0.618,0.855,0.098,0.528,-0.06,0.62,0.168,0.145,0.449,0.502,0.718,0.557,0.233,0.385,0.647,-0.167,0.511,0.436,0.45,0.405,0.687,-0.246,0.409,0.365,0.375,0.593,-0.483,0.347,0.64,0.763,0.039,0.343,0.744,0.426,-0.109,0.649,0.081,-0.074,0.051,-0.088,-0.255,0.674,0.08,0.315,0.753,-0.493,0.73,0.439,0.375
BJRI,0.593,0.255,0.738,-0.284,0.603,0.764,0.39,0.357,0.646,-0.408,0.595,-0.096,0.066,-0.409,-0.464,0.031,0.091,0.299,0.694,0.506,-0.24,0.274,-0.551,0.229,0.71,-0.426,0.687,0.237,0.695,0.0,0.686,0.706,0.687,-0.586,0.636,-0.23,0.507,0.64,0.603,0.476,0.778,0.507,0.777,0.448,0.188,0.524,0.542,0.493,0.225,0.046,-0.325,0.729,0.641,0.728,-0.382,-0.436,-0.139,0.323,0.179,0.565,0.646,0.295,0.404,-0.0,0.446,0.494,0.56,0.595,-0.153,0.607,-0.434,0.428,0.744,-0.261,0.178,0.349,0.609,0.777,0.725,0.641,0.538,0.688,0.78,0.65,-0.177,0.272,0.089,-0.371,0.579,0.582,0.748,0.391,0.553,0.527,0.556,-0.479,-0.169,0.568,0.386,0.712,0.705,0.127,0.639,0.711,0.685,0.325,0.508,-0.052,0.594,0.587,-0.369,0.241,-0.255,-0.056,-0.259,0.719,0.396,0.5,-0.574,0.515,0.609,-0.106,-0.203,0.645,0.657,0.698,-0.291,-0.275,-0.581,-0.527,0.661,0.57,0.699,-0.494,-0.379,0.705,0.243,0.616,0.359,0.059,-0.225,0.756,0.37,-0.221,0.561,0.578,0.771,0.68,0.667,0.214,-0.654,0.602,0.637,-0.04,0.227,-0.301,0.51,0.344,0.031,0.497,0.331,0.714,0.568,0.416,0.426,0.67,-0.099,0.656,0.544,0.607,0.492,0.646,-0.403,0.61,0.483,0.676,0.751,-0.579,0.482,0.71,0.745,-0.096,0.522,0.682,0.254,-0.045,0.554,0.253,-0.205,-0.133,-0.328,-0.398,0.687,0.017,0.197,0.764,-0.471,0.397,0.459,0.37
