,AAL,AAON,ACB,ACGL,ACGLO,ACIW,ADBE,ADSK,AEP,AGIO,ALEC,ALNY,ALTR,AMBA,AMCX,AMKR,AMRX,ANSS,APPN,APTO,ARCT,ARWR,ASND,ASTH,ATSG,AVTX,BCPC,BEAM,BILI,BJRI,BLUE,BPOP,BRKL,BWIN,BZUN,CARG,CBRL,CBSH,CBUS,CENTA,CERS,CFFN,CHCO,CHEF,CHRD,CINF,CLLS,CMCO,CMCSA,COLL,COMM,COOP,CPB,CRON,CROX,CRUS,CRWD,CTAS,CYBR,CYTK,DGII,DIOD,DOMO,DPZ,DSGR,DXCM,ERIE,ESTA,EXEL,FAST,FCEL,FCFS,FHB,FITBI,FSV,FTDR,FUTU,GLDD,GLPG,GLPI,GOGO,GOSS,GSAT,GYRE,HALO,HAS,HLIT,HLNE,HSDT,HSIC,HTHT,ICHR,IDYA,IMVT,INDB,INSM,IONS,IOSP,ITRI,JBHT,JBLU,JSM,KLIC,KOD,KURA,LAB,LASR,LIN,LKQ,LNT,MBUU,MCRI,MDGL,MEDP,MGNI,MGPI,MGRC,MKTX,MRNA,MRTN,MSEX,MSFT,MU,NAVI,NBTB,NEO,NEOG,NGNE,NSSC,NTAP,NTES,NTLA,NTRS,NYMTN,OBLG,OCFC,ON,ONC,OPI,OSIS,OSW,PALI,PANW,PCAR,PCRX,PCTY,PEBO,PLAB,PLAY,PLMR,PLSE,PLUS,PRTA,PSEC,PSNL,PTCT,PTON,QNST,QRVO,QTTB,RARE,RBCAA,RGNX,SAIC,SGMO,SINT,SNPS,SPSC,SPTN,SSYS,STNE,TBBK,TCPC,TENB,TGTX,TREE,TRUP,TTWO,TW,TXG,UBSI,UCTT,UFPT,UMBF,UPBD,URBN,VBTX,VCTR,VEON,VNET,VRSK,VSEC,WABC,WTFCM,WVE,WW,WWD,XEL,ZD,ZYME
AAL,0.0,0.518,0.003,-0.834,-0.289,-0.149,0.367,0.173,0.318,0.713,0.817,0.724,0.766,0.745,0.348,-0.155,-0.015,0.307,-0.551,0.911,0.659,0.666,0.274,0.686,0.331,-0.41,0.124,0.578,-0.847,-0.264,0.339,-0.152,0.583,-0.698,-0.879,-0.05,0.435,0.191,-0.704,0.52,0.59,0.241,-0.034,0.273,-0.698,-0.801,0.461,0.296,-0.571,-0.504,0.123,-0.565,-0.328,0.203,-0.636,0.396,-0.192,0.336,-0.017,0.786,0.188,0.352,0.856,-0.007,-0.236,-0.792,-0.406,-0.653,-0.688,-0.682,0.835,-0.587,-0.266,-0.618,-0.699,0.385,-0.623,0.419,0.616,-0.68,-0.417,-0.381,0.478,0.501,-0.408,-0.849,0.736,0.796,-0.381,0.686,-0.37,0.779,0.513,0.875,0.663,0.716,0.882,0.322,0.123,0.743,-0.553,-0.802,0.205,0.113,-0.38,-0.65,0.491,-0.877,0.478,-0.544,0.921,-0.788,-0.724,0.117,-0.138,-0.303,0.893,-0.555,-0.798,0.459,-0.255,-0.499,-0.31,-0.675,0.102,0.72,0.896,-0.63,0.87,-0.503,0.355,0.529,-0.074,-0.574,0.333,0.111,0.257,-0.255,0.792,0.051,0.54,0.775,0.598,-0.744,-0.099,0.314,0.512,0.024,0.224,-0.536,-0.123,0.396,0.545,0.302,-0.36,-0.334,0.327,-0.681,0.169,-0.217,0.817,0.18,-0.537,0.28,0.888,0.787,0.466,0.693,0.859,0.597,0.091,0.928,0.508,0.412,0.136,-0.391,-0.215,0.655,0.543,0.916,0.208,0.161,0.62,0.208,0.247,0.307,0.575,-0.813,0.333,-0.796,0.775,-0.53,-0.466,0.483,-0.654,0.83,-0.691,0.354,0.798,0.874
AAON,0.518,0.0,0.623,-0.207,-0.493,-0.118,-0.213,0.166,-0.101,0.49,0.309,0.509,0.292,0.134,0.461,-0.651,0.585,0.276,-0.312,0.475,0.217,0.065,0.049,0.043,-0.133,-0.682,-0.003,0.364,-0.517,-0.53,0.38,-0.299,-0.124,-0.498,-0.292,0.057,0.066,-0.413,-0.086,0.559,0.014,-0.258,-0.503,0.017,-0.156,-0.392,0.083,0.285,-0.242,-0.055,0.355,0.06,-0.085,0.788,-0.062,-0.298,-0.119,0.592,-0.008,0.659,-0.131,-0.337,0.277,0.114,0.524,-0.602,-0.286,-0.465,-0.162,-0.273,0.363,-0.045,-0.41,-0.274,-0.241,0.179,-0.624,-0.034,0.288,-0.596,-0.707,-0.418,0.49,0.512,-0.669,-0.298,0.112,0.529,-0.498,0.456,0.33,0.038,-0.019,0.567,0.118,0.199,0.493,-0.042,-0.079,0.205,-0.627,-0.347,-0.295,-0.242,-0.458,-0.689,0.107,-0.599,0.698,-0.647,0.424,-0.454,-0.347,-0.404,-0.257,-0.434,0.433,-0.295,-0.537,0.103,-0.484,0.094,-0.381,-0.61,-0.55,0.146,0.257,-0.242,0.409,-0.531,0.427,0.147,-0.044,-0.353,0.087,-0.149,-0.467,0.189,0.445,0.26,0.571,0.198,0.551,-0.123,-0.367,0.354,-0.086,-0.474,0.353,0.224,-0.17,-0.17,-0.07,0.233,-0.534,-0.472,0.056,0.054,-0.476,0.002,0.305,-0.267,-0.516,-0.367,0.422,0.578,0.278,0.267,0.523,0.148,0.134,0.511,0.378,0.575,-0.231,-0.642,-0.45,0.467,0.492,0.427,-0.384,-0.482,0.538,-0.356,0.269,0.525,-0.094,-0.336,-0.133,-0.135,0.619,-0.275,-0.654,0.589,-0.56,0.336,-0.505,0.549,0.136,0.37
ACB,0.003,0.623,0.0,0.187,-0.497,-0.044,-0.545,0.08,-0.333,-0.112,-0.208,0.129,-0.024,-0.379,0.331,-0.5,0.824,0.461,0.049,-0.044,-0.425,-0.353,-0.164,-0.356,-0.211,-0.46,0.167,-0.188,-0.0,-0.375,0.028,-0.089,-0.367,-0.169,0.181,0.422,-0.087,-0.606,0.46,0.071,-0.239,-0.348,-0.403,-0.372,0.369,0.033,-0.128,0.3,0.094,0.139,0.252,0.326,0.206,0.807,0.33,-0.406,-0.177,0.339,-0.029,0.239,-0.05,-0.408,-0.244,-0.132,0.669,-0.033,-0.157,-0.11,0.176,0.135,-0.021,0.3,-0.041,0.233,0.152,0.03,-0.339,-0.251,-0.002,-0.213,-0.553,-0.437,0.19,-0.088,-0.489,0.226,-0.292,0.11,-0.095,0.006,0.485,-0.35,-0.445,-0.028,-0.066,-0.353,-0.135,-0.114,-0.321,-0.253,-0.241,0.172,-0.237,-0.462,-0.324,-0.219,-0.192,-0.149,0.168,-0.097,-0.11,-0.072,0.06,-0.712,-0.306,-0.198,-0.026,0.051,-0.05,-0.2,-0.253,0.34,-0.181,-0.216,-0.483,-0.181,-0.256,0.243,-0.154,-0.231,-0.01,-0.297,0.047,-0.01,-0.118,-0.057,-0.606,0.034,0.042,0.379,0.177,-0.169,-0.078,0.39,-0.209,0.247,-0.283,-0.58,0.139,0.548,-0.319,-0.643,-0.519,0.037,-0.445,-0.334,-0.182,0.617,-0.595,-0.123,-0.276,-0.244,-0.271,-0.842,-0.057,0.296,0.24,-0.105,0.103,-0.199,-0.135,-0.059,0.04,0.509,-0.428,-0.46,-0.497,0.284,-0.124,-0.143,-0.371,-0.436,0.316,-0.379,0.007,0.344,-0.251,0.171,-0.576,0.226,0.165,0.03,-0.243,0.303,-0.231,-0.073,-0.014,0.369,-0.405,-0.197
ACGL,-0.834,-0.207,0.187,0.0,0.307,0.393,-0.406,0.015,-0.243,-0.463,-0.665,-0.744,-0.861,-0.733,-0.131,0.006,0.133,-0.379,0.689,-0.89,-0.54,-0.663,-0.447,-0.633,-0.635,0.29,-0.025,-0.327,0.819,0.183,-0.041,0.061,-0.647,0.678,0.896,-0.07,-0.644,-0.33,0.76,-0.258,-0.634,-0.399,-0.117,-0.245,0.731,0.865,-0.67,-0.115,0.786,0.77,-0.15,0.645,0.411,-0.015,0.847,-0.475,0.321,-0.121,0.291,-0.716,-0.209,-0.414,-0.823,0.259,0.398,0.721,0.545,0.711,0.875,0.765,-0.806,0.591,0.1,0.669,0.689,-0.463,0.624,-0.378,-0.766,0.568,0.098,0.44,-0.415,-0.319,0.31,0.912,-0.811,-0.745,0.151,-0.626,0.523,-0.89,-0.582,-0.812,-0.685,-0.655,-0.742,-0.27,0.086,-0.809,0.424,0.795,-0.415,0.002,0.455,0.498,-0.523,0.834,-0.181,0.286,-0.864,0.849,0.748,-0.173,0.289,0.287,-0.908,0.605,0.759,-0.542,-0.065,0.611,0.38,0.643,-0.236,-0.828,-0.92,0.644,-0.848,0.515,-0.138,-0.334,0.206,0.658,-0.327,-0.101,-0.365,0.547,-0.858,-0.006,-0.534,-0.887,-0.279,0.856,0.005,-0.339,-0.689,0.004,-0.115,0.713,0.283,-0.299,-0.554,-0.4,0.376,0.339,-0.107,0.708,-0.232,0.513,-0.701,-0.311,0.415,-0.414,-0.9,-0.742,-0.49,-0.559,-0.78,-0.611,0.136,-0.851,-0.555,-0.191,-0.046,0.347,0.242,-0.642,-0.354,-0.892,-0.26,-0.412,-0.553,-0.318,-0.052,-0.329,-0.717,0.887,-0.21,0.916,-0.632,0.71,0.305,-0.399,0.676,-0.869,0.687,-0.351,-0.765,-0.855
ACGLO,-0.289,-0.493,-0.497,0.307,0.0,0.487,0.432,-0.065,0.293,0.071,-0.028,-0.474,-0.414,0.18,-0.457,0.667,-0.541,-0.389,0.53,-0.374,0.148,0.077,-0.338,0.273,-0.07,0.883,0.166,0.194,0.461,0.643,0.25,0.408,0.299,0.507,0.205,-0.17,-0.138,0.552,0.036,-0.358,0.217,0.217,0.546,0.012,0.009,0.476,-0.321,0.276,0.381,0.39,-0.341,0.009,-0.006,-0.582,0.285,0.39,0.516,-0.292,0.545,-0.539,0.322,0.477,-0.206,0.365,-0.557,0.559,0.521,0.598,0.324,0.46,-0.354,-0.108,0.373,0.369,0.178,-0.115,0.739,0.1,-0.461,0.46,0.444,0.553,-0.49,-0.061,0.703,0.331,-0.104,-0.505,0.128,-0.327,-0.259,-0.02,0.096,-0.386,0.012,0.16,-0.094,0.443,0.596,-0.157,0.546,0.375,0.309,0.627,0.834,0.636,-0.052,0.574,-0.198,0.431,-0.213,0.501,0.285,0.652,0.524,0.307,-0.38,0.253,0.515,-0.064,0.038,-0.148,0.613,0.565,0.492,-0.145,-0.163,0.27,-0.369,0.492,-0.063,0.224,0.159,0.4,0.169,0.394,0.527,0.277,-0.498,-0.196,-0.506,-0.282,-0.017,0.146,0.65,-0.533,-0.066,0.623,0.037,-0.241,0.401,0.508,0.462,-0.415,0.617,0.627,0.531,-0.124,0.511,0.383,0.022,0.294,0.441,0.43,-0.431,-0.593,-0.317,0.055,-0.393,0.078,0.176,-0.399,-0.32,-0.299,0.459,0.657,0.729,-0.599,-0.274,-0.315,0.596,0.37,-0.445,0.469,0.02,-0.62,0.144,0.454,0.509,0.165,-0.409,0.454,0.619,-0.404,0.778,-0.271,0.509,-0.492,0.115,-0.286
ACIW,-0.149,-0.118,-0.044,0.393,0.487,0.0,0.099,0.378,0.484,0.004,0.088,-0.555,-0.386,-0.126,0.082,0.359,-0.088,-0.194,0.672,-0.324,-0.099,0.067,-0.565,0.218,-0.618,0.329,0.553,0.154,0.36,0.38,0.269,0.021,-0.062,0.483,0.242,-0.259,-0.567,0.049,0.267,0.046,-0.187,-0.185,0.142,0.227,0.281,0.415,-0.52,0.268,0.584,0.61,-0.626,-0.043,0.348,-0.364,0.586,0.164,0.298,-0.24,0.765,-0.459,0.161,0.235,-0.205,0.343,-0.08,0.398,0.649,0.685,0.581,0.485,-0.182,-0.147,-0.011,0.448,0.266,-0.321,0.571,0.34,-0.648,0.465,-0.189,0.546,-0.409,-0.239,0.463,0.406,-0.209,-0.417,-0.1,-0.364,-0.091,-0.211,-0.105,-0.409,-0.232,-0.076,-0.191,0.368,0.541,-0.393,0.226,0.439,-0.079,0.448,0.508,0.332,-0.041,0.401,-0.087,0.084,-0.194,0.527,0.351,0.064,0.732,0.57,-0.325,0.32,0.32,-0.367,-0.249,0.206,0.607,0.575,0.27,-0.382,-0.223,0.371,-0.28,0.648,-0.017,0.435,0.468,0.673,-0.027,0.035,0.255,0.303,-0.569,0.151,-0.535,-0.355,0.146,0.358,0.11,-0.42,-0.203,0.532,-0.203,0.141,0.274,0.401,-0.001,-0.55,0.609,0.531,0.37,0.105,0.38,0.486,0.041,-0.023,0.288,-0.091,-0.401,-0.415,-0.086,0.177,-0.179,-0.188,0.232,-0.313,-0.618,0.201,0.483,0.655,0.531,-0.447,-0.075,-0.305,0.178,-0.031,-0.161,0.129,0.226,-0.513,-0.205,0.525,0.318,0.239,-0.268,0.71,0.292,-0.459,0.476,-0.32,0.516,-0.587,-0.082,-0.297
ADBE,0.367,-0.213,-0.545,-0.406,0.432,0.099,0.0,0.327,0.342,0.359,0.366,0.201,0.429,0.639,0.054,0.306,-0.421,0.094,-0.206,0.376,0.596,0.387,0.317,0.517,0.288,0.35,-0.074,0.351,-0.158,0.16,0.122,0.127,0.512,-0.182,-0.387,-0.041,0.221,0.47,-0.679,0.306,0.416,0.22,0.235,0.024,-0.563,-0.409,0.305,0.256,-0.127,-0.311,-0.021,-0.469,-0.197,-0.367,-0.369,0.673,0.12,-0.143,0.235,0.207,0.558,0.667,0.428,0.26,-0.656,-0.246,-0.15,-0.179,-0.347,-0.341,0.27,-0.307,-0.005,-0.392,-0.328,0.403,0.235,0.215,0.28,-0.015,0.214,0.004,0.184,0.255,0.162,-0.46,0.637,0.318,-0.05,0.365,-0.355,0.564,0.503,0.408,0.359,0.66,0.477,0.521,0.289,0.556,-0.205,-0.443,0.349,0.383,0.087,-0.076,0.463,-0.232,0.214,-0.082,0.492,-0.194,-0.497,0.535,0.099,0.112,0.426,0.066,-0.121,0.436,-0.103,-0.28,0.001,-0.012,0.289,0.528,0.536,-0.412,0.493,-0.072,0.341,0.34,-0.001,-0.302,0.309,0.197,0.759,-0.009,0.284,-0.255,0.172,0.386,0.345,-0.609,0.32,0.162,0.369,0.543,-0.093,-0.703,0.304,0.745,0.609,0.232,0.15,0.168,0.442,-0.641,0.666,-0.132,0.474,0.289,-0.134,0.612,0.377,0.134,0.234,0.597,0.31,0.57,0.17,0.425,0.305,0.175,0.219,0.22,0.247,0.195,0.255,0.481,0.423,0.443,0.125,0.236,0.155,-0.188,0.439,-0.363,0.475,-0.421,0.378,-0.19,-0.01,0.206,-0.073,0.404,-0.311,-0.01,0.753,0.424
ADSK,0.173,0.166,0.08,0.015,-0.065,0.378,0.327,0.0,0.024,-0.008,0.037,0.105,0.265,0.006,0.433,-0.185,0.244,0.277,0.091,0.061,0.142,-0.142,0.237,-0.036,-0.25,-0.131,0.022,-0.024,0.063,-0.347,-0.067,-0.211,-0.16,-0.251,0.077,-0.014,-0.197,-0.358,-0.192,0.584,-0.147,-0.199,-0.426,-0.151,-0.128,-0.153,0.213,0.235,0.296,-0.017,0.1,-0.103,-0.076,0.115,0.112,0.306,-0.061,0.007,0.298,0.213,0.327,0.236,0.008,0.033,0.008,-0.208,-0.145,-0.121,-0.002,-0.211,0.055,0.123,-0.326,-0.274,0.158,0.268,0.101,0.026,0.11,0.075,-0.208,-0.191,0.388,-0.114,-0.172,-0.056,0.341,0.343,-0.203,0.147,0.267,-0.005,-0.004,0.147,-0.043,0.01,0.065,0.242,-0.128,0.203,-0.392,-0.187,-0.182,-0.073,-0.163,-0.296,0.229,-0.184,0.212,-0.383,0.094,0.108,-0.154,-0.112,-0.011,0.183,0.129,0.453,0.018,0.253,-0.39,0.422,-0.129,0.072,-0.289,0.054,0.072,-0.28,0.263,0.034,0.518,0.068,-0.045,-0.104,0.145,-0.171,0.28,0.163,0.086,-0.124,0.155,0.02,0.209,-0.163,-0.11,0.368,-0.236,0.172,-0.266,0.018,0.32,0.247,-0.165,0.303,-0.104,-0.107,0.207,-0.037,0.287,0.014,0.035,-0.098,-0.402,-0.08,0.104,0.156,0.264,0.474,0.233,0.269,0.406,0.18,0.11,0.594,-0.157,0.044,-0.165,0.372,0.246,0.151,-0.208,-0.188,0.175,-0.396,0.283,-0.055,-0.224,-0.089,-0.024,0.03,0.28,0.109,-0.36,0.206,-0.153,0.015,-0.229,0.128,0.25,0.028
AEP,0.318,-0.101,-0.333,-0.243,0.293,0.484,0.342,0.024,0.0,0.381,0.655,-0.238,0.085,0.447,0.192,0.529,-0.333,0.003,0.167,0.28,0.256,0.717,-0.461,0.694,-0.195,0.127,0.502,0.557,-0.245,0.565,0.409,0.078,0.419,0.305,-0.377,-0.377,-0.225,0.565,-0.306,0.094,0.323,-0.035,0.494,0.647,-0.07,-0.141,-0.323,0.124,-0.092,0.048,-0.731,-0.424,0.367,-0.531,0.017,0.317,0.076,-0.191,0.472,-0.151,0.021,0.331,0.505,0.204,-0.339,0.009,0.51,0.311,0.105,0.114,0.471,-0.682,0.004,0.102,-0.363,-0.332,0.233,0.758,-0.26,0.111,-0.148,0.475,-0.433,0.147,0.426,-0.158,0.134,-0.149,-0.15,-0.076,-0.716,0.417,0.424,0.1,0.081,0.442,0.323,0.414,0.639,-0.009,0.074,-0.079,0.25,0.503,0.288,0.115,0.239,-0.069,0.08,0.103,0.402,-0.113,-0.079,0.336,0.69,0.38,0.265,-0.299,-0.242,-0.324,-0.107,-0.351,0.503,0.172,0.6,0.14,0.444,0.206,0.228,0.421,-0.067,0.801,0.555,0.319,0.252,0.189,0.436,0.05,-0.096,0.428,-0.389,0.255,0.323,-0.108,-0.017,-0.376,0.499,0.588,-0.062,-0.435,-0.02,0.595,0.492,-0.521,0.548,0.561,0.257,-0.441,0.601,0.178,0.653,0.13,0.404,0.334,0.161,0.057,0.315,0.475,0.197,-0.074,-0.171,0.245,-0.372,0.078,0.812,0.514,0.58,-0.212,0.206,0.293,0.413,0.349,0.311,0.537,0.043,-0.351,0.364,-0.033,0.557,-0.393,0.048,0.287,0.208,-0.377,0.081,0.304,0.18,-0.58,0.393,0.381
AGIO,0.713,0.49,-0.112,-0.463,0.071,0.004,0.359,-0.008,0.381,0.0,0.734,0.466,0.305,0.733,0.041,-0.077,-0.145,-0.066,-0.399,0.701,0.763,0.6,0.065,0.662,0.109,-0.174,0.102,0.808,-0.609,-0.055,0.718,-0.159,0.458,-0.413,-0.656,-0.097,0.23,0.321,-0.53,0.424,0.469,0.054,0.095,0.338,-0.615,-0.524,0.108,0.299,-0.346,-0.047,0.067,-0.446,-0.166,0.132,-0.38,0.217,0.01,0.391,0.184,0.552,0.035,0.243,0.66,0.418,-0.186,-0.564,-0.101,-0.373,-0.309,-0.351,0.567,-0.535,-0.315,-0.371,-0.662,0.21,-0.332,0.262,0.226,-0.586,-0.373,-0.069,0.291,0.805,-0.126,-0.616,0.389,0.475,-0.408,0.643,-0.286,0.551,0.463,0.702,0.411,0.783,0.889,0.342,0.475,0.519,-0.445,-0.593,0.109,0.378,-0.009,-0.432,0.171,-0.568,0.665,-0.482,0.739,-0.569,-0.525,0.29,0.105,-0.378,0.587,-0.469,-0.522,0.261,-0.376,-0.514,-0.023,-0.497,0.071,0.517,0.65,-0.384,0.624,-0.335,0.396,0.594,0.095,-0.364,0.191,0.119,0.134,0.164,0.451,0.044,0.36,0.374,0.779,-0.5,0.008,0.033,0.341,0.094,0.383,-0.439,0.092,0.472,0.649,0.048,-0.077,-0.048,0.493,-0.62,0.153,0.124,0.817,0.115,-0.276,0.324,0.579,0.455,0.123,0.563,0.609,0.473,0.198,0.691,0.383,0.173,0.282,-0.304,0.078,0.214,0.544,0.67,0.201,0.051,0.318,0.172,0.383,0.206,0.396,-0.491,0.55,-0.533,0.675,-0.29,-0.342,0.436,-0.314,0.639,-0.489,0.211,0.689,0.727
ALEC,0.817,0.309,-0.208,-0.665,-0.028,0.088,0.366,0.037,0.655,0.734,0.0,0.366,0.475,0.758,0.294,0.13,-0.26,0.059,-0.265,0.749,0.631,0.866,-0.093,0.812,0.06,-0.208,0.23,0.77,-0.736,0.078,0.579,-0.201,0.515,-0.3,-0.808,-0.33,0.113,0.382,-0.6,0.377,0.523,0.083,0.164,0.627,-0.503,-0.591,0.109,0.16,-0.441,-0.261,-0.304,-0.626,-0.095,-0.15,-0.401,0.305,-0.12,0.13,0.2,0.426,-0.021,0.325,0.817,0.082,-0.3,-0.55,0.074,-0.283,-0.389,-0.397,0.811,-0.787,-0.313,-0.402,-0.682,-0.046,-0.332,0.687,0.243,-0.454,-0.344,0.036,0.038,0.468,-0.067,-0.647,0.524,0.416,-0.404,0.382,-0.64,0.69,0.562,0.631,0.394,0.723,0.786,0.34,0.44,0.436,-0.33,-0.603,0.178,0.402,-0.031,-0.392,0.383,-0.597,0.368,-0.406,0.793,-0.615,-0.478,0.268,0.313,-0.053,0.693,-0.57,-0.668,0.073,-0.238,-0.535,0.053,-0.431,0.304,0.471,0.807,-0.33,0.695,-0.093,0.229,0.855,0.222,-0.266,0.337,0.014,0.318,-0.079,0.445,0.185,0.134,0.642,0.612,-0.54,-0.158,-0.113,0.538,0.26,0.081,-0.531,-0.029,0.571,0.671,-0.113,0.057,0.071,0.351,-0.728,0.349,0.052,0.951,0.093,-0.129,0.402,0.655,0.521,0.366,0.661,0.667,0.311,0.005,0.734,0.122,0.185,0.596,-0.03,0.209,0.239,0.492,0.759,0.26,0.207,0.494,0.359,0.169,-0.025,0.489,-0.564,0.61,-0.698,0.508,-0.223,-0.282,0.079,-0.366,0.711,-0.367,-0.095,0.696,0.814
ALNY,0.724,0.509,0.129,-0.744,-0.474,-0.555,0.201,0.105,-0.238,0.466,0.366,0.0,0.761,0.507,0.167,-0.444,0.156,0.351,-0.781,0.775,0.552,0.218,0.673,0.224,0.573,-0.432,-0.208,0.233,-0.662,-0.592,0.049,-0.137,0.366,-0.882,-0.631,0.227,0.662,-0.05,-0.595,0.414,0.412,0.325,-0.259,-0.15,-0.686,-0.774,0.754,0.205,-0.583,-0.664,0.648,-0.329,-0.55,0.508,-0.754,0.224,-0.32,0.363,-0.456,0.898,0.235,0.2,0.539,-0.271,-0.078,-0.794,-0.808,-0.9,-0.82,-0.796,0.579,-0.113,-0.194,-0.728,-0.508,0.7,-0.733,-0.077,0.879,-0.694,-0.183,-0.768,0.784,0.39,-0.592,-0.775,0.691,0.899,-0.196,0.749,0.053,0.599,0.257,0.85,0.647,0.486,0.691,0.075,-0.382,0.835,-0.636,-0.762,0.153,-0.255,-0.601,-0.685,0.356,-0.837,0.464,-0.467,0.693,-0.752,-0.654,-0.06,-0.634,-0.593,0.765,-0.349,-0.551,0.737,-0.081,-0.355,-0.664,-0.768,-0.224,0.731,0.674,-0.757,0.752,-0.825,0.426,-0.024,-0.453,-0.854,0.17,0.039,0.037,-0.299,0.917,-0.208,0.834,0.634,0.304,-0.744,-0.015,0.631,0.316,-0.416,0.249,-0.387,-0.116,0.052,0.296,0.705,-0.713,-0.65,0.118,-0.402,-0.149,-0.505,0.419,0.202,-0.716,0.112,0.801,0.758,0.301,0.424,0.724,0.706,0.111,0.781,0.854,0.304,-0.438,-0.737,-0.572,0.815,0.414,0.762,-0.009,0.065,0.429,-0.104,0.28,0.591,0.436,-0.829,-0.08,-0.603,0.756,-0.808,-0.548,0.718,-0.741,0.709,-0.846,0.788,0.609,0.669
ALTR,0.766,0.292,-0.024,-0.861,-0.414,-0.386,0.429,0.265,0.085,0.305,0.475,0.761,0.0,0.57,0.362,-0.188,0.051,0.57,-0.626,0.779,0.402,0.421,0.502,0.428,0.558,-0.375,-0.048,0.158,-0.686,-0.379,-0.142,-0.072,0.49,-0.743,-0.714,0.148,0.551,0.08,-0.722,0.433,0.497,0.315,-0.093,-0.011,-0.612,-0.839,0.724,0.193,-0.646,-0.812,0.293,-0.46,-0.377,0.197,-0.701,0.439,-0.321,0.196,-0.278,0.746,0.345,0.352,0.682,-0.317,-0.272,-0.74,-0.667,-0.762,-0.831,-0.779,0.728,-0.331,-0.101,-0.696,-0.492,0.576,-0.587,0.233,0.863,-0.449,-0.154,-0.588,0.569,0.207,-0.496,-0.791,0.838,0.832,-0.207,0.607,-0.261,0.739,0.428,0.782,0.628,0.499,0.614,0.251,-0.289,0.798,-0.539,-0.772,0.254,-0.23,-0.594,-0.597,0.647,-0.83,0.282,-0.329,0.763,-0.728,-0.729,0.003,-0.466,-0.218,0.88,-0.387,-0.646,0.585,0.007,-0.302,-0.546,-0.591,0.022,0.796,0.81,-0.663,0.816,-0.595,0.267,0.176,-0.273,-0.741,0.399,0.101,0.329,-0.472,0.867,-0.015,0.603,0.82,0.209,-0.807,-0.062,0.607,0.525,-0.089,0.009,-0.573,-0.224,0.201,0.303,0.567,-0.561,-0.5,0.054,-0.521,0.173,-0.571,0.499,0.25,-0.578,0.23,0.843,0.803,0.636,0.612,0.782,0.598,-0.082,0.817,0.634,0.459,-0.161,-0.402,-0.417,0.823,0.373,0.833,0.123,0.27,0.658,0.084,0.134,0.327,0.56,-0.839,-0.026,-0.742,0.681,-0.667,-0.431,0.514,-0.729,0.726,-0.725,0.505,0.712,0.704
AMBA,0.745,0.134,-0.379,-0.733,0.18,-0.126,0.639,0.006,0.447,0.733,0.758,0.507,0.57,0.0,0.027,0.232,-0.406,0.1,-0.433,0.776,0.805,0.725,0.225,0.833,0.435,0.077,-0.004,0.685,-0.607,0.106,0.457,0.092,0.758,-0.434,-0.775,-0.08,0.444,0.596,-0.781,0.235,0.729,0.352,0.316,0.294,-0.738,-0.633,0.343,0.316,-0.5,-0.453,0.047,-0.627,-0.313,-0.151,-0.63,0.577,-0.02,0.104,0.083,0.509,0.313,0.612,0.777,0.127,-0.598,-0.514,-0.178,-0.427,-0.622,-0.505,0.713,-0.647,-0.072,-0.535,-0.746,0.303,-0.227,0.393,0.49,-0.429,-0.013,-0.125,0.232,0.502,-0.03,-0.746,0.669,0.516,-0.205,0.518,-0.599,0.853,0.567,0.721,0.645,0.859,0.87,0.442,0.379,0.697,-0.28,-0.681,0.463,0.42,0.019,-0.28,0.505,-0.593,0.375,-0.253,0.823,-0.617,-0.592,0.535,0.062,-0.186,0.713,-0.457,-0.493,0.44,-0.087,-0.711,-0.031,-0.453,0.364,0.704,0.87,-0.499,0.704,-0.325,0.314,0.596,-0.03,-0.497,0.394,0.302,0.57,-0.125,0.578,-0.109,0.276,0.654,0.527,-0.762,0.252,0.044,0.599,0.283,0.183,-0.831,0.121,0.615,0.851,0.179,-0.029,0.02,0.54,-0.825,0.492,-0.125,0.851,0.357,-0.216,0.584,0.694,0.468,0.289,0.661,0.623,0.658,0.1,0.736,0.473,0.074,0.388,-0.088,0.222,0.323,0.395,0.8,0.498,0.48,0.321,0.434,0.083,-0.029,0.702,-0.652,0.609,-0.787,0.564,-0.451,-0.152,0.32,-0.286,0.821,-0.492,0.147,0.885,0.81
AMCX,0.348,0.461,0.331,-0.131,-0.457,0.082,0.054,0.433,0.192,0.041,0.294,0.167,0.362,0.027,0.0,-0.398,0.363,0.386,-0.118,0.252,0.058,0.076,-0.028,-0.015,-0.323,-0.556,-0.023,0.191,-0.267,-0.347,-0.008,-0.274,-0.167,-0.194,-0.11,-0.148,-0.34,-0.353,-0.216,0.612,-0.098,-0.322,-0.456,0.057,0.101,-0.305,0.028,0.013,0.018,-0.22,-0.023,-0.001,0.25,0.326,0.059,-0.129,-0.156,0.066,0.041,0.328,-0.013,-0.189,0.28,-0.159,0.327,-0.423,-0.069,-0.218,-0.054,-0.27,0.391,-0.021,-0.352,-0.269,-0.15,-0.033,-0.178,0.217,0.2,-0.126,-0.527,-0.144,0.252,0.004,-0.452,-0.102,0.163,0.353,-0.395,0.063,0.159,0.026,-0.074,0.317,-0.028,0.05,0.168,-0.086,-0.193,0.062,-0.532,-0.264,-0.39,-0.251,-0.458,-0.537,0.339,-0.388,0.414,-0.431,0.269,-0.165,-0.13,-0.373,0.007,0.196,0.326,0.009,-0.327,-0.092,-0.336,0.26,-0.317,-0.244,-0.311,0.024,0.23,-0.139,0.336,-0.166,0.35,0.248,0.079,-0.168,0.176,-0.177,-0.089,0.151,0.255,0.184,0.217,0.258,0.279,-0.106,-0.495,0.396,0.005,-0.117,-0.172,0.098,-0.016,0.089,-0.207,0.173,-0.245,-0.235,-0.101,-0.037,-0.091,-0.063,0.203,-0.301,-0.347,-0.237,0.351,0.416,0.457,0.251,0.332,-0.06,0.059,0.405,0.088,0.577,0.03,-0.153,-0.237,0.423,0.405,0.354,-0.335,-0.321,0.514,-0.334,0.145,0.084,-0.17,-0.251,-0.127,-0.039,0.361,-0.069,-0.537,0.126,-0.481,0.173,-0.322,0.119,0.12,0.235
AMKR,-0.155,-0.651,-0.5,0.006,0.667,0.359,0.306,-0.185,0.529,-0.077,0.13,-0.444,-0.188,0.232,-0.398,0.0,-0.589,-0.038,0.448,-0.176,-0.041,0.441,-0.351,0.456,0.152,0.686,0.497,0.029,0.217,0.91,0.061,0.439,0.508,0.567,-0.02,-0.029,0.017,0.715,0.017,-0.523,0.413,0.287,0.828,0.276,0.087,0.322,-0.244,0.207,-0.02,0.156,-0.637,-0.157,0.173,-0.775,0.079,0.601,0.344,-0.306,0.443,-0.539,0.3,0.567,0.11,0.165,-0.655,0.604,0.486,0.576,0.19,0.432,-0.041,-0.369,0.491,0.397,0.028,-0.195,0.555,0.532,-0.389,0.394,0.481,0.595,-0.688,-0.184,0.862,0.154,-0.005,-0.492,0.389,-0.336,-0.703,0.29,0.414,-0.37,0.087,0.161,-0.112,0.486,0.547,-0.149,0.71,0.301,0.688,0.518,0.654,0.734,0.035,0.429,-0.522,0.616,-0.051,0.24,0.221,0.704,0.539,0.412,-0.14,-0.082,0.253,-0.182,0.296,-0.341,0.792,0.595,0.843,0.049,0.071,0.393,-0.267,0.672,-0.471,0.282,0.343,0.487,0.118,0.469,0.665,-0.2,-0.391,0.185,-0.579,-0.026,-0.29,0.134,0.487,-0.522,0.337,0.8,0.065,-0.401,-0.053,0.4,0.463,-0.527,0.717,0.748,0.194,-0.174,0.768,0.062,0.156,0.372,0.649,0.398,-0.279,-0.421,0.102,0.174,-0.341,-0.077,-0.211,-0.296,-0.511,-0.34,0.638,0.744,0.674,-0.452,-0.338,-0.216,0.695,0.761,-0.122,0.773,-0.223,-0.512,0.44,0.321,0.409,-0.19,-0.446,0.46,0.779,-0.553,0.625,-0.074,0.623,-0.731,0.128,-0.093
AMRX,-0.015,0.585,0.824,0.133,-0.541,-0.088,-0.421,0.244,-0.333,-0.145,-0.26,0.156,0.051,-0.406,0.363,-0.589,0.0,0.481,-0.125,-0.015,-0.408,-0.402,0.025,-0.405,-0.145,-0.544,0.042,-0.301,-0.03,-0.46,-0.174,-0.164,-0.411,-0.235,0.165,0.453,-0.046,-0.628,0.267,0.172,-0.286,-0.427,-0.48,-0.427,0.271,-0.077,-0.026,0.156,0.051,-0.021,0.304,0.322,0.182,0.774,0.235,-0.42,-0.266,0.248,-0.168,0.311,-0.104,-0.481,-0.211,-0.114,0.642,-0.143,-0.309,-0.208,0.098,-0.036,-0.066,0.319,-0.116,0.122,0.09,0.115,-0.359,-0.338,0.074,-0.213,-0.552,-0.466,0.305,-0.055,-0.523,0.146,-0.142,0.205,-0.118,0.141,0.554,-0.33,-0.378,0.056,-0.11,-0.37,-0.159,-0.094,-0.436,-0.123,-0.405,0.081,-0.338,-0.617,-0.493,-0.335,-0.157,-0.224,0.184,-0.153,-0.088,-0.047,-0.107,-0.738,-0.402,-0.242,0.029,0.09,-0.109,-0.102,-0.35,0.387,-0.358,-0.208,-0.577,-0.099,-0.223,0.152,-0.049,-0.258,0.022,-0.398,-0.051,-0.065,-0.058,-0.166,-0.604,-0.046,0.129,0.325,0.266,-0.042,-0.093,0.27,-0.252,0.374,-0.284,-0.596,0.051,0.488,-0.388,-0.612,-0.605,0.17,-0.496,-0.375,-0.315,0.572,-0.613,-0.165,-0.33,-0.269,-0.336,-0.717,0.004,0.308,0.261,-0.129,0.101,-0.177,-0.201,0.013,0.126,0.562,-0.522,-0.461,-0.657,0.38,-0.039,-0.067,-0.459,-0.488,0.388,-0.46,0.085,0.424,-0.281,0.068,-0.634,0.207,0.229,-0.058,-0.348,0.348,-0.366,-0.077,-0.159,0.435,-0.359,-0.173
ANSS,0.307,0.276,0.461,-0.379,-0.389,-0.194,0.094,0.277,0.003,-0.066,0.059,0.351,0.57,0.1,0.386,-0.038,0.481,0.0,-0.203,0.339,-0.183,0.112,0.172,0.078,0.323,-0.319,0.289,-0.235,-0.266,-0.131,-0.281,0.079,0.202,-0.334,-0.238,0.542,0.29,-0.143,-0.199,0.122,0.3,-0.031,-0.016,-0.301,-0.017,-0.383,0.336,0.375,-0.381,-0.504,0.129,-0.017,0.062,0.371,-0.177,0.298,-0.239,0.235,-0.06,0.406,0.361,0.142,0.264,-0.307,0.02,-0.181,-0.443,-0.351,-0.324,-0.24,0.369,-0.046,0.165,-0.087,-0.149,0.379,-0.353,0.131,0.389,-0.166,-0.24,-0.473,0.218,-0.119,-0.249,-0.22,0.361,0.422,0.095,0.25,-0.051,0.332,0.166,0.285,0.306,0.054,0.117,0.331,-0.368,0.277,-0.265,-0.226,0.284,-0.507,-0.449,-0.181,0.239,-0.433,0.027,0.079,0.308,-0.391,-0.386,-0.235,-0.418,0.031,0.502,-0.126,-0.275,0.163,-0.06,0.068,-0.213,-0.192,-0.045,0.444,0.317,-0.02,0.278,-0.245,-0.079,-0.16,-0.018,-0.291,0.253,0.202,0.092,-0.457,0.411,0.434,0.282,0.366,-0.235,-0.161,-0.012,0.519,0.284,-0.113,0.066,-0.145,-0.514,-0.254,-0.137,0.28,-0.432,-0.224,-0.173,0.129,0.09,-0.597,0.046,0.119,-0.292,-0.302,0.358,0.563,0.855,0.425,0.352,0.158,-0.404,0.318,0.234,0.636,-0.255,-0.242,-0.485,0.64,-0.009,0.293,0.03,0.236,0.702,0.037,0.007,0.271,0.329,-0.252,-0.469,-0.359,0.37,-0.206,-0.124,0.342,-0.402,0.322,-0.215,0.31,0.192,0.193
APPN,-0.551,-0.312,0.049,0.689,0.53,0.672,-0.206,0.091,0.167,-0.399,-0.265,-0.781,-0.626,-0.433,-0.118,0.448,-0.125,-0.203,0.0,-0.732,-0.445,-0.235,-0.716,-0.143,-0.589,0.52,0.33,-0.123,0.644,0.5,0.125,0.165,-0.297,0.746,0.586,-0.215,-0.569,-0.061,0.628,-0.322,-0.281,-0.215,0.163,0.08,0.664,0.799,-0.66,0.176,0.612,0.687,-0.557,0.299,0.278,-0.357,0.813,-0.061,0.419,-0.242,0.613,-0.79,0.006,-0.007,-0.573,0.15,0.034,0.784,0.789,0.871,0.754,0.822,-0.52,0.143,0.204,0.694,0.664,-0.532,0.676,0.175,-0.766,0.64,0.146,0.601,-0.68,-0.448,0.523,0.782,-0.565,-0.759,0.156,-0.747,-0.0,-0.563,-0.277,-0.795,-0.492,-0.409,-0.58,0.115,0.379,-0.753,0.684,0.756,-0.059,0.328,0.717,0.644,-0.184,0.771,-0.38,0.363,-0.635,0.737,0.687,0.077,0.638,0.582,-0.693,0.386,0.591,-0.573,0.014,0.422,0.696,0.732,0.16,-0.701,-0.611,0.668,-0.717,0.762,-0.206,0.123,0.384,0.762,-0.06,0.067,0.072,0.387,-0.85,0.194,-0.742,-0.647,-0.238,0.712,0.131,-0.589,-0.444,0.407,-0.172,0.439,0.26,0.017,-0.181,-0.656,0.599,0.586,0.164,0.467,0.209,0.572,-0.345,-0.142,0.543,-0.192,-0.774,-0.638,-0.183,-0.147,-0.6,-0.494,0.08,-0.744,-0.783,-0.102,0.383,0.676,0.59,-0.671,-0.397,-0.72,0.082,-0.022,-0.343,0.103,-0.143,-0.6,-0.414,0.825,0.102,0.591,-0.733,0.858,0.503,-0.65,0.818,-0.688,0.835,-0.657,-0.491,-0.659
APTO,0.911,0.475,-0.044,-0.89,-0.374,-0.324,0.376,0.061,0.28,0.701,0.749,0.775,0.779,0.776,0.252,-0.176,-0.015,0.339,-0.732,0.0,0.668,0.67,0.4,0.638,0.45,-0.453,0.049,0.516,-0.861,-0.268,0.28,-0.155,0.578,-0.726,-0.896,0.035,0.529,0.241,-0.739,0.449,0.573,0.223,0.009,0.261,-0.747,-0.905,0.519,0.193,-0.681,-0.61,0.201,-0.588,-0.263,0.201,-0.755,0.346,-0.316,0.308,-0.174,0.832,0.158,0.322,0.876,-0.029,-0.213,-0.831,-0.518,-0.741,-0.751,-0.752,0.871,-0.582,-0.263,-0.668,-0.809,0.434,-0.668,0.334,0.687,-0.689,-0.344,-0.44,0.522,0.552,-0.411,-0.927,0.737,0.807,-0.311,0.759,-0.399,0.834,0.545,0.938,0.637,0.733,0.898,0.27,0.041,0.78,-0.633,-0.86,0.249,0.029,-0.484,-0.638,0.457,-0.919,0.482,-0.481,0.951,-0.889,-0.783,0.099,-0.262,-0.381,0.945,-0.582,-0.804,0.473,-0.159,-0.592,-0.383,-0.733,0.092,0.8,0.929,-0.631,0.914,-0.581,0.297,0.435,-0.07,-0.654,0.265,0.072,0.225,-0.325,0.851,0.057,0.606,0.796,0.547,-0.802,-0.115,0.379,0.644,-0.067,0.215,-0.642,-0.194,0.326,0.531,0.382,-0.388,-0.345,0.218,-0.688,0.15,-0.394,0.803,0.218,-0.474,0.293,0.922,0.792,0.473,0.632,0.862,0.612,-0.027,0.954,0.61,0.334,0.06,-0.469,-0.272,0.671,0.542,0.953,0.163,0.226,0.628,0.172,0.152,0.416,0.626,-0.874,0.273,-0.872,0.824,-0.667,-0.471,0.573,-0.749,0.92,-0.759,0.43,0.796,0.932
ARCT,0.659,0.217,-0.425,-0.54,0.148,-0.099,0.596,0.142,0.256,0.763,0.631,0.552,0.402,0.805,0.058,-0.041,-0.408,-0.183,-0.445,0.668,0.0,0.46,0.385,0.569,0.226,0.024,-0.229,0.75,-0.468,-0.147,0.547,-0.109,0.484,-0.492,-0.585,-0.252,0.348,0.372,-0.714,0.43,0.475,0.253,0.001,0.262,-0.755,-0.551,0.375,0.207,-0.238,-0.272,0.247,-0.526,-0.407,-0.058,-0.576,0.409,0.043,0.114,0.062,0.55,0.275,0.467,0.624,0.268,-0.368,-0.594,-0.226,-0.464,-0.511,-0.553,0.519,-0.43,-0.318,-0.648,-0.624,0.375,-0.17,0.174,0.461,-0.506,-0.025,-0.136,0.464,0.593,-0.132,-0.686,0.594,0.557,-0.307,0.558,-0.266,0.626,0.445,0.732,0.468,0.826,0.841,0.251,0.339,0.666,-0.426,-0.696,0.147,0.458,0.02,-0.429,0.463,-0.541,0.577,-0.518,0.704,-0.507,-0.498,0.461,0.063,-0.276,0.54,-0.216,-0.382,0.542,-0.194,-0.546,-0.146,-0.48,0.063,0.527,0.684,-0.658,0.682,-0.405,0.601,0.51,-0.176,-0.508,0.232,0.086,0.434,0.181,0.523,-0.368,0.424,0.436,0.734,-0.723,0.114,0.109,0.298,0.173,0.171,-0.63,0.452,0.69,0.755,0.34,-0.045,-0.079,0.618,-0.767,0.333,0.062,0.743,0.23,-0.352,0.599,0.632,0.347,-0.019,0.534,0.524,0.712,0.444,0.693,0.553,0.009,0.163,-0.227,0.148,0.271,0.529,0.72,0.242,0.22,0.098,0.096,0.222,0.111,0.376,-0.63,0.676,-0.533,0.569,-0.436,-0.359,0.392,-0.278,0.656,-0.621,0.263,0.823,0.742
ARWR,0.666,0.065,-0.353,-0.663,0.077,0.067,0.387,-0.142,0.717,0.6,0.866,0.218,0.421,0.725,0.076,0.441,-0.402,0.112,-0.235,0.67,0.46,0.0,-0.126,0.861,0.229,-0.061,0.399,0.558,-0.671,0.376,0.409,-0.052,0.646,-0.108,-0.79,-0.219,0.198,0.598,-0.517,0.12,0.594,0.206,0.474,0.644,-0.462,-0.501,0.103,0.105,-0.554,-0.259,-0.469,-0.606,0.019,-0.388,-0.441,0.431,-0.072,0.118,0.192,0.236,0.002,0.405,0.819,0.129,-0.478,-0.33,0.111,-0.145,-0.342,-0.262,0.741,-0.804,-0.076,-0.247,-0.643,-0.064,-0.23,0.79,0.136,-0.285,-0.15,0.215,-0.197,0.43,0.225,-0.61,0.477,0.243,-0.179,0.322,-0.834,0.764,0.736,0.478,0.379,0.669,0.656,0.402,0.5,0.399,-0.091,-0.489,0.439,0.386,0.041,-0.106,0.281,-0.442,0.094,-0.115,0.725,-0.57,-0.402,0.455,0.306,0.03,0.647,-0.632,-0.604,0.026,0.024,-0.634,0.24,-0.233,0.587,0.528,0.78,-0.194,0.576,0.078,-0.101,0.75,0.315,-0.126,0.274,0.133,0.429,-0.308,0.346,0.304,0.02,0.621,0.355,-0.465,-0.052,-0.171,0.708,0.464,0.178,-0.637,-0.254,0.541,0.697,-0.236,0.223,0.273,0.21,-0.721,0.526,-0.109,0.87,0.204,0.111,0.488,0.545,0.366,0.419,0.571,0.504,0.193,-0.199,0.596,-0.023,0.001,0.687,0.167,0.299,0.131,0.375,0.624,0.419,0.46,0.466,0.591,0.049,-0.085,0.65,-0.477,0.56,-0.775,0.37,-0.138,0.009,-0.054,-0.248,0.65,-0.16,-0.284,0.636,0.732
ASND,0.274,0.049,-0.164,-0.447,-0.338,-0.565,0.317,0.237,-0.461,0.065,-0.093,0.673,0.502,0.225,-0.028,-0.351,0.025,0.172,-0.716,0.4,0.385,-0.126,0.0,-0.148,0.587,-0.227,-0.471,-0.171,-0.237,-0.541,-0.33,-0.061,0.117,-0.656,-0.211,0.322,0.583,-0.09,-0.498,0.315,0.086,0.24,-0.277,-0.327,-0.568,-0.521,0.798,-0.045,-0.316,-0.57,0.716,-0.123,-0.453,0.262,-0.634,0.277,-0.227,0.139,-0.486,0.623,0.264,0.166,0.209,-0.163,-0.125,-0.514,-0.836,-0.756,-0.63,-0.705,0.134,0.229,-0.137,-0.625,-0.214,0.727,-0.36,-0.342,0.717,-0.391,0.199,-0.615,0.775,0.188,-0.382,-0.56,0.594,0.684,0.161,0.62,0.254,0.328,0.21,0.535,0.35,0.224,0.284,-0.096,-0.542,0.689,-0.481,-0.577,0.105,-0.303,-0.536,-0.448,0.199,-0.498,0.175,-0.319,0.322,-0.414,-0.472,0.056,-0.652,-0.457,0.402,0.095,-0.24,0.778,0.028,-0.081,-0.62,-0.381,-0.275,0.54,0.312,-0.701,0.505,-0.603,0.414,-0.421,-0.512,-0.695,0.002,-0.101,0.135,-0.285,0.648,-0.46,0.741,0.349,0.034,-0.597,-0.001,0.635,0.126,-0.224,0.102,-0.299,0.068,0.016,0.056,0.846,-0.515,-0.494,-0.091,-0.268,-0.017,-0.538,0.003,0.11,-0.565,0.228,0.492,0.387,0.061,0.126,0.315,0.575,0.208,0.435,0.747,0.077,-0.633,-0.49,-0.576,0.664,0.185,0.42,-0.133,0.085,0.066,-0.281,0.14,0.537,0.187,-0.604,-0.187,-0.289,0.509,-0.682,-0.375,0.624,-0.529,0.382,-0.705,0.627,0.378,0.342
ASTH,0.686,0.043,-0.356,-0.633,0.273,0.218,0.517,-0.036,0.694,0.662,0.812,0.224,0.428,0.833,-0.015,0.456,-0.405,0.078,-0.143,0.638,0.569,0.861,-0.148,0.0,0.257,0.143,0.37,0.637,-0.55,0.377,0.468,0.144,0.773,-0.169,-0.743,-0.147,0.281,0.65,-0.564,0.107,0.679,0.339,0.505,0.472,-0.522,-0.456,0.109,0.351,-0.421,-0.241,-0.365,-0.633,-0.131,-0.356,-0.395,0.573,0.051,0.043,0.311,0.26,0.256,0.601,0.734,0.226,-0.598,-0.299,0.125,-0.096,-0.383,-0.226,0.672,-0.778,0.041,-0.245,-0.604,0.081,-0.105,0.647,0.181,-0.244,-0.103,0.142,-0.089,0.34,0.206,-0.571,0.53,0.264,-0.204,0.34,-0.777,0.788,0.607,0.476,0.556,0.76,0.714,0.575,0.6,0.471,-0.054,-0.43,0.477,0.546,0.186,-0.095,0.428,-0.412,0.185,-0.104,0.742,-0.452,-0.469,0.502,0.337,0.053,0.619,-0.549,-0.464,0.17,-0.062,-0.678,0.268,-0.205,0.596,0.551,0.782,-0.222,0.549,0.004,0.023,0.764,0.229,-0.134,0.369,0.35,0.581,-0.189,0.344,0.167,-0.017,0.573,0.443,-0.533,0.24,-0.203,0.632,0.485,0.166,-0.733,-0.036,0.643,0.809,-0.188,0.202,0.228,0.498,-0.729,0.564,0.005,0.849,0.391,0.007,0.503,0.516,0.353,0.338,0.65,0.535,0.431,-0.047,0.566,0.081,0.09,0.64,0.224,0.395,0.103,0.296,0.633,0.607,0.535,0.379,0.639,0.157,-0.186,0.7,-0.42,0.658,-0.746,0.352,-0.122,0.071,0.027,-0.115,0.651,-0.174,-0.195,0.745,0.674
ATSG,0.331,-0.133,-0.211,-0.635,-0.07,-0.618,0.288,-0.25,-0.195,0.109,0.06,0.573,0.558,0.435,-0.323,0.152,-0.145,0.323,-0.589,0.45,0.226,0.229,0.587,0.257,0.0,0.083,-0.08,-0.149,-0.343,-0.003,-0.331,0.392,0.651,-0.457,-0.452,0.465,0.888,0.428,-0.472,-0.198,0.58,0.671,0.382,-0.264,-0.558,-0.45,0.694,0.189,-0.643,-0.68,0.426,-0.14,-0.441,0.037,-0.707,0.485,-0.109,0.123,-0.447,0.453,0.355,0.383,0.396,-0.248,-0.452,-0.271,-0.669,-0.551,-0.729,-0.491,0.298,-0.075,0.432,-0.358,-0.353,0.656,-0.37,-0.073,0.672,-0.291,0.421,-0.437,0.345,0.108,-0.099,-0.551,0.576,0.469,0.285,0.5,-0.252,0.621,0.429,0.441,0.705,0.349,0.34,0.225,-0.302,0.691,-0.003,-0.449,0.61,-0.135,-0.231,-0.074,0.237,-0.399,-0.089,0.229,0.428,-0.46,-0.529,0.351,-0.591,-0.395,0.52,-0.361,-0.282,0.678,0.378,-0.528,-0.323,-0.282,0.31,0.767,0.509,-0.407,0.367,-0.483,-0.139,-0.289,-0.41,-0.575,0.21,0.463,0.311,-0.617,0.652,-0.148,0.476,0.554,-0.242,-0.579,0.436,0.396,0.529,-0.043,0.332,-0.591,-0.327,-0.025,0.399,0.522,-0.406,-0.327,-0.053,-0.337,0.123,-0.63,0.143,0.575,-0.241,0.354,0.481,0.408,0.214,0.189,0.302,0.545,-0.203,0.374,0.598,-0.085,-0.291,-0.261,-0.31,0.49,-0.051,0.425,0.463,0.558,0.239,0.421,-0.046,0.352,0.738,-0.536,-0.105,-0.581,0.295,-0.611,0.153,0.426,-0.288,0.47,-0.379,0.424,0.454,0.376
AVTX,-0.41,-0.682,-0.46,0.29,0.883,0.329,0.35,-0.131,0.127,-0.174,-0.208,-0.432,-0.375,0.077,-0.556,0.686,-0.544,-0.319,0.52,-0.453,0.024,-0.061,-0.227,0.143,0.083,0.0,0.076,-0.007,0.589,0.607,0.083,0.485,0.278,0.505,0.288,-0.043,0.001,0.508,0.143,-0.536,0.195,0.315,0.559,-0.139,0.071,0.512,-0.176,0.231,0.38,0.264,-0.228,-0.002,-0.056,-0.585,0.224,0.391,0.436,-0.469,0.364,-0.594,0.389,0.512,-0.344,0.118,-0.583,0.661,0.421,0.562,0.233,0.448,-0.398,0.041,0.508,0.361,0.268,-0.034,0.755,-0.005,-0.338,0.548,0.658,0.389,-0.464,-0.305,0.686,0.375,-0.114,-0.529,0.352,-0.425,-0.252,-0.047,0.008,-0.486,0.051,0.044,-0.248,0.352,0.38,-0.169,0.667,0.422,0.421,0.534,0.82,0.743,-0.021,0.637,-0.405,0.61,-0.327,0.524,0.369,0.579,0.385,0.311,-0.443,0.347,0.659,-0.003,0.273,-0.172,0.54,0.581,0.501,-0.152,-0.232,0.274,-0.454,0.456,-0.142,0.028,0.053,0.328,0.07,0.406,0.524,0.155,-0.479,-0.273,-0.511,-0.294,-0.274,0.15,0.735,-0.49,-0.044,0.493,-0.078,-0.26,0.412,0.349,0.397,-0.309,0.554,0.557,0.457,-0.03,0.478,0.244,-0.155,0.369,0.466,0.374,-0.48,-0.611,-0.355,-0.045,-0.462,0.083,0.092,-0.515,-0.264,-0.41,0.285,0.635,0.684,-0.554,-0.476,-0.408,0.606,0.472,-0.561,0.44,-0.115,-0.616,0.165,0.463,0.329,0.195,-0.543,0.396,0.714,-0.444,0.801,-0.291,0.546,-0.417,0.021,-0.377
BCPC,0.124,-0.003,0.167,-0.025,0.166,0.553,-0.074,0.022,0.502,0.102,0.23,-0.208,-0.048,-0.004,-0.023,0.497,0.042,0.289,0.33,0.049,-0.229,0.399,-0.471,0.37,-0.08,0.076,0.0,-0.006,-0.056,0.505,0.082,0.122,0.305,0.267,-0.136,0.162,-0.109,0.209,0.191,-0.149,0.261,0.066,0.446,0.206,0.146,0.134,-0.252,0.398,-0.028,0.268,-0.596,-0.096,0.388,-0.215,0.203,0.323,0.133,0.075,0.485,-0.161,0.206,0.274,0.187,0.112,-0.107,0.288,0.283,0.395,0.261,0.319,0.146,-0.319,0.247,0.461,0.005,-0.106,0.089,0.557,-0.382,0.144,-0.26,0.315,-0.404,-0.108,0.44,0.092,-0.045,-0.174,0.068,-0.03,-0.363,0.174,0.277,-0.171,0.126,0.012,-0.006,0.533,0.348,-0.137,0.253,0.218,0.354,0.175,0.219,0.292,-0.105,0.075,-0.231,0.323,0.108,0.042,0.074,0.06,0.355,0.236,0.101,-0.204,-0.066,-0.254,-0.081,-0.119,0.525,0.366,0.531,0.081,0.105,0.385,-0.101,0.43,-0.453,0.279,0.451,0.478,-0.016,0.319,0.209,-0.279,-0.183,0.532,-0.302,-0.0,-0.121,0.253,0.133,-0.171,0.243,0.415,0.152,-0.03,-0.4,0.125,0.065,-0.47,0.33,0.352,0.048,0.106,0.336,-0.036,0.182,0.202,0.23,-0.179,-0.094,-0.024,0.342,0.314,0.025,-0.133,-0.273,-0.053,-0.489,0.236,0.389,0.351,0.165,-0.108,-0.105,-0.083,0.38,0.276,0.306,0.484,0.087,-0.132,0.307,0.25,0.051,-0.209,-0.051,0.455,0.4,-0.256,0.195,-0.032,0.453,-0.434,0.03,-0.012
BEAM,0.578,0.364,-0.188,-0.327,0.194,0.154,0.351,-0.024,0.557,0.808,0.77,0.233,0.158,0.685,0.191,0.029,-0.301,-0.235,-0.123,0.516,0.75,0.558,-0.171,0.637,-0.149,-0.007,-0.006,0.0,-0.443,0.079,0.856,-0.079,0.354,-0.154,-0.508,-0.423,-0.024,0.375,-0.438,0.37,0.374,0.012,0.086,0.525,-0.366,-0.318,-0.102,0.236,-0.155,0.04,-0.124,-0.419,-0.087,-0.041,-0.185,0.13,0.151,0.089,0.312,0.292,0.025,0.24,0.548,0.33,-0.147,-0.41,0.257,-0.127,-0.157,-0.185,0.555,-0.557,-0.298,-0.334,-0.544,-0.085,-0.061,0.393,0.087,-0.418,-0.26,0.121,0.075,0.581,-0.041,-0.397,0.232,0.231,-0.479,0.264,-0.361,0.414,0.305,0.517,0.256,0.737,0.756,0.223,0.606,0.26,-0.26,-0.411,0.027,0.595,0.217,-0.32,0.353,-0.369,0.617,-0.449,0.605,-0.373,-0.246,0.324,0.449,-0.086,0.389,-0.329,-0.369,0.017,-0.3,-0.468,0.141,-0.374,0.121,0.216,0.544,-0.249,0.458,-0.123,0.485,0.809,0.177,-0.181,0.236,0.098,0.218,0.425,0.223,0.0,0.099,0.281,0.823,-0.363,-0.036,-0.243,0.254,0.191,0.182,-0.384,0.361,0.613,0.715,-0.141,0.175,0.14,0.589,-0.589,0.222,0.387,0.826,0.039,-0.056,0.354,0.435,0.266,0.02,0.482,0.452,0.313,0.285,0.527,0.17,0.061,0.512,-0.055,0.427,-0.033,0.451,0.559,0.223,0.072,0.168,0.203,0.199,-0.085,0.247,-0.33,0.721,-0.36,0.384,-0.099,-0.245,0.124,-0.102,0.535,-0.305,-0.04,0.578,0.623
BILI,-0.847,-0.517,-0.0,0.819,0.461,0.36,-0.158,0.063,-0.245,-0.609,-0.736,-0.662,-0.686,-0.607,-0.267,0.217,-0.03,-0.266,0.644,-0.861,-0.468,-0.671,-0.237,-0.55,-0.343,0.589,-0.056,-0.443,0.0,0.274,-0.212,0.283,-0.403,0.639,0.878,0.072,-0.367,-0.115,0.599,-0.445,-0.503,-0.17,0.095,-0.423,0.583,0.793,-0.417,0.021,0.79,0.521,-0.088,0.528,0.315,-0.198,0.697,-0.129,0.328,-0.406,0.285,-0.727,0.14,-0.021,-0.844,0.083,0.103,0.797,0.388,0.663,0.672,0.655,-0.769,0.566,0.349,0.607,0.655,-0.197,0.802,-0.412,-0.57,0.717,0.391,0.305,-0.37,-0.551,0.452,0.829,-0.55,-0.692,0.428,-0.64,0.384,-0.668,-0.525,-0.808,-0.451,-0.575,-0.772,-0.073,0.003,-0.633,0.509,0.755,-0.114,0.038,0.523,0.681,-0.326,0.845,-0.383,0.544,-0.808,0.841,0.703,-0.014,0.213,0.37,-0.857,0.766,0.92,-0.31,0.12,0.415,0.382,0.738,-0.008,-0.612,-0.808,0.572,-0.828,0.519,-0.128,-0.419,0.107,0.549,-0.199,0.077,0.0,0.355,-0.77,-0.151,-0.55,-0.747,-0.482,0.657,0.321,-0.279,-0.499,0.121,-0.221,0.377,0.382,-0.166,-0.385,-0.268,0.426,0.417,0.059,0.615,0.038,0.243,-0.737,-0.014,0.451,-0.226,-0.851,-0.756,-0.437,-0.491,-0.778,-0.346,0.108,-0.861,-0.43,-0.196,-0.133,0.491,0.312,-0.534,-0.611,-0.841,0.026,-0.05,-0.61,-0.147,-0.122,-0.408,-0.449,0.83,-0.227,0.766,-0.695,0.593,0.541,-0.44,0.736,-0.745,0.659,-0.327,-0.59,-0.819
BJRI,-0.264,-0.53,-0.375,0.183,0.643,0.38,0.16,-0.347,0.565,-0.055,0.078,-0.592,-0.379,0.106,-0.347,0.91,-0.46,-0.131,0.5,-0.268,-0.147,0.376,-0.541,0.377,-0.003,0.607,0.505,0.079,0.274,0.0,0.146,0.457,0.38,0.746,0.1,-0.085,-0.121,0.692,0.176,-0.551,0.281,0.12,0.833,0.304,0.283,0.44,-0.496,0.167,0.05,0.313,-0.714,0.02,0.399,-0.677,0.264,0.329,0.418,-0.257,0.476,-0.628,0.139,0.303,0.037,0.326,-0.422,0.669,0.627,0.713,0.411,0.616,-0.125,-0.327,0.502,0.567,0.054,-0.39,0.599,0.494,-0.572,0.395,0.349,0.72,-0.811,-0.083,0.844,0.299,-0.24,-0.652,0.329,-0.409,-0.618,0.104,0.324,-0.452,-0.063,0.107,-0.18,0.377,0.64,-0.363,0.723,0.449,0.536,0.521,0.674,0.741,-0.061,0.535,-0.41,0.629,-0.139,0.318,0.315,0.603,0.625,0.392,-0.252,-0.136,0.259,-0.433,0.212,-0.292,0.847,0.629,0.769,-0.124,-0.072,0.616,-0.405,0.725,-0.539,0.282,0.478,0.651,0.065,0.472,0.422,-0.041,-0.529,0.345,-0.667,-0.15,-0.226,0.353,0.384,-0.624,0.286,0.719,0.168,-0.228,-0.12,0.294,0.362,-0.699,0.781,0.808,0.093,-0.019,0.567,0.187,0.101,0.263,0.783,0.26,-0.402,-0.499,0.031,0.01,-0.464,-0.312,-0.303,-0.389,-0.637,-0.366,0.697,0.75,0.701,-0.608,-0.332,-0.329,0.61,0.614,-0.091,0.746,-0.236,-0.477,0.315,0.483,0.388,-0.017,-0.51,0.588,0.799,-0.592,0.656,-0.201,0.719,-0.8,-0.058,-0.176
