,AAL,AAON,ACB,ACGL,ACGLO,ACIW,ADBE,ADSK,AEP,AGIO,ALEC,ALNY,ALTR,AMBA,AMCX,AMKR,AMRX,ANSS,APPN,APTO,ARCT,ARWR,ASND,ASTH,ATSG,AVTX,BCPC,BEAM,BILI,BJRI,BLUE,BPOP,BRKL,BWIN,BZUN,CARG,CBRL,CBSH,CBUS,CENTA,CERS,CFFN,CHCO,CHEF,CHRD,CINF,CLLS,CMCO,CMCSA,COLL,COMM,COOP,CPB,CRON,CROX,CRUS,CRWD,CTAS,CYBR,CYTK,DGII,DIOD,DOMO,DPZ,DSGR,DXCM,ERIE,ESTA,EXEL,FAST,FCEL,FCFS,FHB,FITBI,FSV,FTDR,FUTU,GLDD,GLPG,GLPI,GOGO,GOSS,GSAT,GYRE,HALO,HAS,HLIT,HLNE,HSDT,HSIC,HTHT,ICHR,IDYA,IMVT,INDB,INSM,IONS,IOSP,ITRI,JBHT,JBLU,JSM,KLIC,KOD,KURA,LAB,LASR,LIN,LKQ,LNT,MBUU,MCRI,MDGL,MEDP,MGNI,MGPI,MGRC,MKTX,MRNA,MRTN,MSEX,MSFT,MU,NAVI,NBTB,NEO,NEOG,NGNE,NSSC,NTAP,NTES,NTLA,NTRS,NYMTN,OBLG,OCFC,ON,ONC,OPI,OSIS,OSW,PALI,PANW,PCAR,PCRX,PCTY,PEBO,PLAB,PLAY,PLMR,PLSE,PLUS,PRTA,PSEC,PSNL,PTCT,PTON,QNST,QRVO,QTTB,RARE,RBCAA,RGNX,SAIC,SGMO,SINT,SNPS,SPSC,SPTN,SSYS,STNE,TBBK,TCPC,TENB,TGTX,TREE,TRUP,TTWO,TW,TXG,UBSI,UCTT,UFPT,UMBF,UPBD,URBN,VBTX,VCTR,VEON,VNET,VRSK,VSEC,WABC,WTFCM,WVE,WW,WWD,XEL,ZD,ZYME
AAL,0.0,0.781,-0.55,0.661,0.75,0.549,-0.543,0.37,0.575,0.832,0.807,-0.425,-0.02,0.82,-0.712,-0.403,0.373,0.364,0.106,-0.443,0.816,-0.09,0.61,0.853,-0.726,-0.041,0.667,0.833,0.603,-0.279,0.769,-0.406,-0.603,0.677,0.567,-0.175,-0.642,0.235,0.383,0.65,0.628,-0.69,-0.249,0.702,0.5,0.198,-0.454,0.655,-0.637,0.681,-0.715,0.563,-0.548,0.778,0.705,0.746,0.485,0.77,0.562,-0.386,0.537,0.378,0.129,0.633,-0.207,-0.437,0.594,0.266,0.019,0.781,-0.194,-0.035,-0.069,0.212,-0.523,-0.239,0.747,0.42,-0.259,-0.345,-0.165,0.669,0.105,0.717,0.815,0.184,0.442,0.067,-0.677,0.511,0.653,0.645,0.424,0.411,-0.63,0.028,-0.442,0.653,0.772,0.361,0.383,-0.23,0.305,0.853,0.177,0.064,-0.002,0.779,0.808,-0.418,-0.038,0.041,0.284,0.697,0.66,-0.422,-0.439,-0.368,-0.063,0.327,-0.737,0.391,0.469,-0.358,-0.395,0.594,0.621,0.099,0.694,0.085,0.823,0.758,0.593,0.146,-0.577,-0.689,0.483,0.695,-0.62,0.306,-0.061,-0.808,-0.323,0.857,-0.474,0.508,-0.295,-0.354,0.798,0.616,0.523,0.199,0.44,-0.254,0.353,0.666,-0.023,0.604,0.739,0.721,0.806,-0.454,0.739,0.805,0.559,-0.454,0.714,0.183,-0.678,-0.356,-0.153,0.429,-0.319,0.055,-0.373,0.328,-0.071,-0.633,0.863,0.493,-0.531,0.754,0.658,-0.342,0.333,0.765,-0.215,0.826,0.844,0.002,-0.226,0.807,-0.304,-0.662,0.551,-0.189,0.431,-0.523,0.336,0.813
AAON,0.781,0.0,-0.555,0.805,0.62,0.795,-0.74,0.384,0.77,0.79,0.773,-0.79,0.105,0.693,-0.942,-0.531,0.702,0.052,0.488,-0.596,0.702,-0.453,0.767,0.832,-0.622,0.101,0.759,0.839,0.796,-0.264,0.652,-0.273,-0.525,0.923,0.773,-0.403,-0.815,0.261,0.535,0.902,0.771,-0.638,0.057,0.902,0.796,0.342,-0.564,0.831,-0.859,0.431,-0.663,0.891,-0.872,0.807,0.935,0.84,0.589,0.566,0.681,-0.573,0.728,0.392,-0.183,0.44,-0.215,-0.756,0.588,0.276,-0.234,0.669,0.162,0.334,0.268,-0.25,-0.556,-0.002,0.883,0.777,-0.004,-0.368,-0.035,0.795,0.369,0.672,0.763,0.352,0.654,0.268,-0.776,0.344,0.794,0.938,0.748,0.586,-0.687,-0.035,-0.667,0.887,0.659,0.365,0.741,-0.292,0.506,0.925,-0.076,0.39,0.274,0.845,0.84,-0.233,0.154,-0.199,0.451,0.923,0.71,-0.047,-0.29,-0.452,-0.513,0.38,-0.521,0.212,0.053,-0.232,-0.113,0.54,0.924,-0.219,0.748,-0.116,0.868,0.783,0.591,0.115,-0.349,-0.703,0.625,0.507,-0.417,0.578,0.259,-0.84,-0.244,0.899,-0.539,0.815,-0.029,-0.13,0.95,0.819,0.426,0.47,0.519,-0.448,0.318,0.425,-0.046,0.908,0.856,0.728,0.803,-0.153,0.968,0.886,0.839,-0.354,0.593,0.417,-0.733,-0.339,-0.503,0.503,-0.213,0.19,-0.57,0.703,-0.121,-0.878,0.935,0.688,-0.44,0.873,0.744,-0.184,0.099,0.796,0.085,0.927,0.941,-0.095,-0.33,0.959,-0.054,-0.784,0.289,-0.156,0.417,-0.349,0.126,0.853
ACB,-0.55,-0.555,0.0,-0.678,-0.577,-0.402,0.839,0.367,-0.85,-0.826,-0.471,0.522,0.545,-0.503,0.627,0.246,-0.39,0.015,-0.041,0.826,-0.193,0.261,-0.783,-0.832,0.754,0.374,-0.872,-0.678,-0.433,0.751,-0.711,0.21,0.336,-0.706,-0.264,0.319,0.798,-0.459,0.107,-0.382,-0.06,0.55,0.115,-0.749,-0.637,-0.617,0.766,-0.193,0.319,-0.48,0.808,-0.411,0.279,-0.501,-0.693,-0.273,0.163,-0.701,0.111,0.371,-0.263,0.11,0.494,-0.554,0.747,0.646,-0.416,0.044,-0.429,-0.786,0.548,0.08,-0.221,0.029,0.361,0.349,-0.647,-0.294,0.565,0.327,0.713,-0.893,0.083,-0.79,-0.868,0.158,-0.036,-0.43,0.541,-0.688,-0.865,-0.415,-0.094,-0.523,0.322,0.067,0.743,-0.724,-0.603,0.314,-0.338,0.211,-0.113,-0.536,-0.153,-0.175,0.38,-0.832,-0.862,-0.1,0.658,0.52,-0.774,-0.721,-0.464,0.393,0.825,0.536,-0.122,0.252,0.81,0.208,-0.379,0.107,0.153,-0.835,-0.476,-0.017,-0.214,0.572,-0.532,-0.254,-0.642,-0.586,0.259,0.425,0.061,-0.714,0.879,0.288,0.499,0.462,0.829,-0.772,-0.062,-0.399,-0.126,0.791,-0.691,-0.825,-0.722,-0.51,-0.194,-0.183,-0.51,-0.662,0.143,-0.363,-0.322,-0.9,-0.766,0.239,-0.566,-0.835,-0.761,0.218,-0.36,0.416,0.645,0.585,0.687,-0.432,-0.174,0.604,0.393,-0.101,0.676,0.652,-0.632,0.118,0.411,-0.478,-0.888,0.17,-0.028,-0.648,0.062,-0.681,-0.632,0.005,0.754,-0.617,-0.152,0.816,-0.579,0.833,-0.474,-0.069,-0.307,-0.729
ACGL,0.661,0.805,-0.678,0.0,0.507,0.649,-0.741,0.061,0.818,0.816,0.667,-0.824,-0.133,0.562,-0.771,-0.477,0.649,-0.065,0.474,-0.596,0.501,-0.424,0.788,0.808,-0.767,-0.146,0.733,0.793,0.646,-0.423,0.653,-0.182,-0.501,0.835,0.572,-0.367,-0.868,0.278,0.159,0.605,0.49,-0.697,-0.036,0.842,0.645,0.574,-0.732,0.657,-0.623,0.524,-0.72,0.72,-0.657,0.716,0.855,0.548,0.387,0.713,0.328,-0.456,0.628,0.115,-0.3,0.468,-0.474,-0.717,0.577,0.256,0.097,0.768,-0.116,0.23,0.207,-0.223,-0.499,-0.187,0.856,0.685,-0.256,-0.515,-0.29,0.825,0.145,0.793,0.746,0.158,0.478,0.355,-0.595,0.538,0.874,0.732,0.53,0.649,-0.557,0.088,-0.765,0.826,0.67,0.194,0.661,-0.486,0.263,0.732,0.131,0.492,0.031,0.833,0.803,-0.2,-0.071,-0.506,0.605,0.878,0.66,-0.202,-0.474,-0.601,-0.233,0.102,-0.665,-0.073,0.133,-0.296,-0.143,0.539,0.705,-0.093,0.565,-0.365,0.779,0.575,0.578,0.29,-0.36,-0.585,0.356,0.577,-0.582,0.204,0.045,-0.726,-0.372,0.877,-0.302,0.677,-0.047,-0.239,0.771,0.867,0.572,0.511,0.26,-0.147,0.421,0.512,-0.216,0.578,0.651,0.794,0.781,-0.168,0.78,0.845,0.832,-0.481,0.431,0.016,-0.854,-0.247,-0.552,0.338,-0.192,-0.06,-0.44,0.349,-0.3,-0.717,0.781,0.34,-0.431,0.679,0.816,-0.244,-0.02,0.669,-0.053,0.791,0.848,-0.022,-0.375,0.796,0.048,-0.725,0.322,-0.418,0.342,-0.223,0.167,0.801
ACGLO,0.75,0.62,-0.577,0.507,0.0,0.496,-0.471,0.191,0.578,0.815,0.712,-0.226,-0.288,0.787,-0.551,-0.084,0.132,0.281,0.019,-0.541,0.582,0.19,0.471,0.798,-0.571,-0.058,0.692,0.728,0.316,-0.253,0.84,-0.231,-0.246,0.539,0.248,-0.048,-0.495,0.519,0.175,0.502,0.278,-0.368,0.0,0.578,0.402,0.316,-0.429,0.305,-0.32,0.804,-0.557,0.388,-0.243,0.695,0.625,0.453,0.204,0.737,0.362,-0.215,0.254,0.327,0.109,0.796,-0.189,-0.441,0.566,0.336,0.333,0.797,-0.336,-0.118,0.032,0.358,-0.224,-0.258,0.551,0.144,-0.54,-0.098,-0.47,0.633,0.07,0.769,0.774,-0.033,0.108,0.311,-0.63,0.651,0.598,0.439,0.332,0.235,-0.345,0.021,-0.266,0.599,0.81,-0.024,0.042,0.19,0.238,0.716,0.353,-0.064,-0.264,0.671,0.773,-0.044,-0.235,0.108,0.402,0.501,0.622,-0.53,-0.618,-0.312,0.125,0.045,-0.656,0.317,0.66,-0.06,-0.219,0.669,0.445,0.189,0.295,0.146,0.554,0.569,0.784,0.402,-0.512,-0.36,0.069,0.738,-0.717,0.123,-0.267,-0.472,-0.436,0.681,-0.155,0.25,-0.022,-0.526,0.711,0.579,0.656,0.344,0.577,-0.095,0.58,0.78,0.107,0.413,0.417,0.692,0.774,-0.247,0.554,0.749,0.474,-0.221,0.55,0.109,-0.479,-0.42,-0.11,0.592,0.102,-0.212,-0.076,0.286,-0.304,-0.586,0.642,0.173,-0.202,0.552,0.616,0.039,0.44,0.63,-0.108,0.767,0.653,0.152,-0.309,0.627,-0.08,-0.607,0.78,-0.407,0.517,-0.183,0.636,0.657
ACIW,0.549,0.795,-0.402,0.649,0.496,0.0,-0.511,0.38,0.689,0.603,0.57,-0.631,0.025,0.582,-0.695,-0.16,0.712,-0.21,0.608,-0.532,0.476,-0.335,0.475,0.64,-0.242,0.45,0.55,0.656,0.576,-0.185,0.551,0.064,-0.009,0.81,0.684,-0.278,-0.67,0.587,0.254,0.774,0.522,-0.185,0.488,0.726,0.651,0.477,-0.466,0.68,-0.49,0.428,-0.286,0.862,-0.731,0.508,0.849,0.544,0.514,0.319,0.518,-0.366,0.363,0.422,-0.3,0.457,-0.227,-0.744,0.412,0.4,-0.009,0.464,0.304,0.514,0.602,-0.216,-0.188,0.306,0.706,0.829,-0.071,-0.087,-0.066,0.61,0.459,0.606,0.538,0.432,0.408,0.425,-0.638,0.292,0.639,0.781,0.769,0.67,-0.309,-0.042,-0.419,0.819,0.553,0.289,0.623,-0.135,0.759,0.668,-0.032,0.204,0.251,0.607,0.673,0.035,0.122,-0.145,0.522,0.777,0.588,0.038,-0.315,-0.176,-0.378,0.27,-0.269,0.063,0.027,0.301,0.396,0.532,0.795,-0.188,0.378,-0.007,0.562,0.569,0.655,0.183,-0.099,-0.24,0.4,0.445,-0.211,0.563,0.385,-0.442,-0.128,0.627,-0.085,0.611,0.311,-0.002,0.73,0.688,0.41,0.572,0.706,-0.366,0.504,0.435,0.388,0.711,0.549,0.457,0.611,0.304,0.726,0.716,0.65,-0.123,0.338,0.495,-0.575,0.009,-0.439,0.693,0.22,0.191,-0.317,0.758,0.063,-0.727,0.668,0.465,0.001,0.609,0.589,0.253,0.296,0.523,0.528,0.718,0.674,0.295,-0.35,0.807,0.389,-0.651,0.282,-0.164,0.549,-0.009,0.342,0.598
ADBE,-0.543,-0.74,0.839,-0.741,-0.471,-0.511,0.0,0.221,-0.897,-0.747,-0.554,0.789,0.21,-0.457,0.803,0.562,-0.602,0.112,-0.381,0.737,-0.254,0.541,-0.879,-0.793,0.691,0.319,-0.901,-0.701,-0.707,0.629,-0.576,0.21,0.435,-0.881,-0.576,0.489,0.9,-0.326,-0.152,-0.62,-0.416,0.639,0.023,-0.862,-0.879,-0.491,0.693,-0.481,0.613,-0.233,0.742,-0.653,0.541,-0.693,-0.836,-0.516,-0.044,-0.571,-0.114,0.558,-0.517,-0.006,0.483,-0.307,0.599,0.696,-0.464,-0.081,-0.047,-0.656,0.197,-0.106,-0.372,0.304,0.544,0.265,-0.821,-0.547,0.138,0.328,0.368,-0.928,-0.187,-0.651,-0.82,-0.021,-0.314,-0.37,0.654,-0.488,-0.918,-0.652,-0.32,-0.593,0.446,-0.067,0.898,-0.842,-0.485,0.17,-0.617,0.295,-0.297,-0.708,0.004,-0.455,-0.025,-0.911,-0.845,-0.106,0.396,0.588,-0.705,-0.854,-0.579,0.021,0.56,0.578,0.213,0.109,0.592,0.23,0.029,0.16,0.067,-0.669,-0.75,0.227,-0.438,0.665,-0.698,-0.423,-0.506,-0.433,0.088,0.539,-0.186,-0.554,0.649,-0.058,0.189,0.636,0.64,-0.818,0.214,-0.697,-0.178,0.532,-0.8,-0.929,-0.589,-0.483,-0.264,-0.029,-0.336,-0.501,0.168,-0.647,-0.535,-0.874,-0.794,0.146,-0.813,-0.865,-0.933,0.238,-0.302,0.12,0.687,0.53,0.833,-0.415,-0.042,0.262,0.595,-0.366,0.631,0.777,-0.736,-0.247,0.42,-0.633,-0.853,0.202,0.132,-0.687,-0.064,-0.766,-0.751,0.085,0.628,-0.763,-0.158,0.833,-0.37,0.597,-0.446,-0.033,-0.039,-0.837
ADSK,0.37,0.384,0.367,0.061,0.191,0.38,0.221,0.0,-0.172,0.022,0.297,-0.042,0.68,0.284,-0.239,-0.023,0.211,0.477,0.217,0.122,0.512,-0.021,-0.024,0.08,0.122,0.397,-0.074,0.1,0.248,0.433,-0.026,-0.057,-0.177,0.121,0.372,0.234,0.083,-0.095,0.52,0.414,0.616,-0.025,0.069,0.119,-0.008,-0.318,0.373,0.55,-0.453,0.119,0.037,0.373,-0.49,0.274,0.185,0.584,0.793,0.087,0.801,-0.134,0.38,0.665,0.464,0.042,0.505,0.025,0.033,0.21,-0.531,0.027,0.451,0.379,-0.017,0.118,0.017,0.371,0.132,0.347,0.368,0.129,0.54,-0.137,0.353,-0.051,0.009,0.605,0.556,-0.014,-0.193,-0.187,-0.074,0.483,0.609,-0.116,-0.317,-0.124,0.157,0.121,0.093,0.773,0.165,0.098,0.389,0.321,-0.234,0.058,0.402,0.022,0.037,-0.352,0.676,0.593,-0.37,0.152,0.115,0.035,0.394,0.155,-0.352,0.697,0.114,0.78,-0.021,-0.079,-0.039,-0.113,0.31,-0.054,0.505,0.631,0.257,0.408,0.025,-0.417,-0.314,-0.272,0.674,-0.155,0.326,0.758,0.6,-0.342,0.449,0.173,-0.563,0.284,-0.205,0.512,0.264,-0.06,-0.233,-0.112,0.237,-0.512,-0.228,-0.135,0.094,0.458,0.529,-0.164,0.028,-0.03,0.286,0.081,-0.048,-0.212,0.571,0.766,-0.138,0.279,0.399,0.046,-0.369,0.754,-0.156,0.535,0.517,-0.121,0.356,0.685,-0.029,0.493,-0.055,0.036,0.325,0.248,0.102,0.281,0.259,-0.088,0.427,0.314,-0.265,-0.016,-0.192,0.554,0.109,-0.441,0.068,0.053
AEP,0.575,0.77,-0.85,0.818,0.578,0.689,-0.897,-0.172,0.0,0.821,0.594,-0.765,-0.341,0.529,-0.784,-0.362,0.625,-0.209,0.418,-0.824,0.314,-0.469,0.817,0.846,-0.673,-0.071,0.87,0.806,0.601,-0.603,0.719,-0.114,-0.285,0.904,0.531,-0.492,-0.899,0.529,0.028,0.631,0.326,-0.517,0.135,0.887,0.83,0.677,-0.801,0.467,-0.493,0.423,-0.683,0.706,-0.539,0.658,0.899,0.42,0.093,0.606,0.129,-0.447,0.438,0.021,-0.545,0.479,-0.62,-0.837,0.558,0.166,0.224,0.755,-0.14,0.221,0.433,-0.259,-0.38,-0.145,0.829,0.632,-0.329,-0.288,-0.484,0.921,0.182,0.775,0.823,0.06,0.268,0.496,-0.694,0.554,0.92,0.669,0.43,0.681,-0.401,-0.001,-0.807,0.897,0.622,-0.141,0.625,-0.241,0.338,0.695,0.141,0.329,-0.046,0.874,0.905,0.19,-0.342,-0.566,0.835,0.888,0.678,-0.131,-0.665,-0.543,-0.166,-0.102,-0.624,-0.238,0.127,-0.041,0.054,0.742,0.749,-0.121,0.308,-0.547,0.664,0.478,0.699,0.503,-0.159,-0.432,0.095,0.67,-0.679,0.075,-0.137,-0.541,-0.622,0.818,-0.06,0.607,0.238,-0.52,0.808,0.939,0.719,0.629,0.428,-0.033,0.572,0.594,-0.039,0.6,0.476,0.871,0.818,-0.001,0.78,0.911,0.914,-0.213,0.307,-0.083,-0.727,-0.435,-0.763,0.542,0.197,-0.322,-0.422,0.436,-0.497,-0.811,0.719,0.177,-0.301,0.612,0.899,-0.022,-0.021,0.658,0.148,0.791,0.769,0.107,-0.704,0.79,0.292,-0.892,0.466,-0.643,0.514,0.12,0.272,0.821
AGIO,0.832,0.79,-0.826,0.816,0.815,0.603,-0.747,0.022,0.821,0.0,0.777,-0.546,-0.385,0.794,-0.789,-0.338,0.436,0.125,0.119,-0.708,0.641,-0.132,0.771,0.964,-0.844,-0.156,0.847,0.916,0.563,-0.517,0.912,-0.349,-0.491,0.785,0.456,-0.262,-0.825,0.417,0.17,0.624,0.37,-0.69,-0.122,0.84,0.607,0.546,-0.757,0.488,-0.525,0.775,-0.823,0.583,-0.503,0.765,0.817,0.54,0.258,0.82,0.333,-0.378,0.461,0.157,-0.212,0.746,-0.488,-0.701,0.659,0.237,0.31,0.925,-0.357,-0.004,0.064,0.087,-0.507,-0.301,0.817,0.428,-0.529,-0.466,-0.531,0.879,0.059,0.927,0.927,-0.018,0.278,0.291,-0.706,0.717,0.863,0.627,0.404,0.574,-0.562,-0.004,-0.612,0.787,0.86,0.037,0.412,-0.221,0.255,0.823,0.277,0.151,-0.256,0.89,0.948,-0.216,-0.293,-0.291,0.615,0.806,0.713,-0.508,-0.719,-0.55,-0.033,0.043,-0.868,0.09,0.524,-0.247,-0.292,0.771,0.624,0.101,0.502,-0.19,0.791,0.636,0.757,0.406,-0.522,-0.6,0.228,0.84,-0.837,0.072,-0.225,-0.714,-0.563,0.921,-0.205,0.482,-0.118,-0.559,0.873,0.816,0.727,0.498,0.44,-0.143,0.593,0.778,-0.08,0.542,0.606,0.918,0.934,-0.356,0.745,0.943,0.756,-0.402,0.578,-0.032,-0.732,-0.514,-0.442,0.552,-0.071,-0.297,-0.342,0.273,-0.395,-0.796,0.833,0.222,-0.495,0.694,0.845,-0.238,0.257,0.786,-0.158,0.887,0.863,0.047,-0.505,0.798,-0.083,-0.802,0.684,-0.569,0.435,-0.289,0.453,0.878
ALEC,0.807,0.773,-0.471,0.667,0.712,0.57,-0.554,0.297,0.594,0.777,0.0,-0.502,-0.06,0.859,-0.678,-0.468,0.311,0.154,0.296,-0.397,0.788,-0.054,0.517,0.785,-0.672,0.05,0.595,0.878,0.563,-0.191,0.797,-0.324,-0.508,0.675,0.574,-0.318,-0.672,0.273,0.355,0.637,0.591,-0.609,-0.15,0.688,0.549,0.229,-0.523,0.606,-0.59,0.605,-0.578,0.561,-0.577,0.794,0.724,0.674,0.497,0.621,0.565,-0.432,0.499,0.308,0.079,0.514,-0.134,-0.493,0.831,0.402,-0.019,0.7,0.021,0.076,0.008,-0.021,-0.518,-0.377,0.775,0.463,-0.196,-0.29,-0.117,0.633,0.086,0.662,0.694,0.232,0.368,0.056,-0.69,0.322,0.607,0.619,0.439,0.438,-0.584,0.145,-0.394,0.625,0.741,0.199,0.383,-0.146,0.302,0.856,0.262,0.091,0.073,0.727,0.739,-0.356,0.031,-0.027,0.335,0.658,0.789,-0.297,-0.39,-0.394,-0.145,0.146,-0.593,0.267,0.349,-0.281,-0.287,0.403,0.657,0.085,0.608,0.029,0.848,0.879,0.57,0.091,-0.407,-0.59,0.413,0.723,-0.529,0.39,-0.018,-0.701,-0.176,0.772,-0.415,0.483,-0.222,-0.238,0.735,0.612,0.562,0.273,0.585,-0.32,0.385,0.619,0.016,0.577,0.692,0.688,0.845,-0.337,0.762,0.754,0.575,-0.454,0.534,0.26,-0.625,-0.319,-0.226,0.458,-0.188,0.102,-0.163,0.422,-0.018,-0.662,0.754,0.541,-0.415,0.646,0.558,-0.23,0.26,0.581,-0.172,0.784,0.836,0.145,-0.198,0.762,-0.257,-0.607,0.572,-0.1,0.409,-0.466,0.287,0.796
ALNY,-0.425,-0.79,0.522,-0.824,-0.226,-0.631,0.789,-0.042,-0.765,-0.546,-0.502,0.0,-0.1,-0.332,0.775,0.623,-0.788,0.255,-0.702,0.503,-0.306,0.711,-0.763,-0.595,0.529,0.091,-0.654,-0.616,-0.728,0.331,-0.369,0.078,0.414,-0.858,-0.691,0.512,0.808,-0.159,-0.293,-0.676,-0.615,0.575,-0.104,-0.805,-0.793,-0.406,0.592,-0.699,0.74,-0.092,0.538,-0.802,0.756,-0.623,-0.836,-0.588,-0.376,-0.387,-0.322,0.549,-0.693,-0.095,0.405,-0.123,0.382,0.688,-0.435,-0.173,0.236,-0.445,-0.193,-0.373,-0.427,0.511,0.494,0.041,-0.79,-0.813,-0.137,0.386,0.007,-0.761,-0.342,-0.51,-0.543,-0.286,-0.576,-0.343,0.557,-0.229,-0.777,-0.778,-0.595,-0.667,0.506,-0.115,0.839,-0.819,-0.386,-0.151,-0.844,0.511,-0.35,-0.662,0.116,-0.681,-0.356,-0.722,-0.637,0.049,-0.064,0.599,-0.517,-0.867,-0.573,-0.253,0.184,0.526,0.549,-0.094,0.326,0.245,0.316,0.19,-0.059,-0.345,-0.825,0.384,-0.568,0.55,-0.685,-0.493,-0.347,-0.176,0.024,0.53,-0.45,-0.282,0.278,-0.374,-0.252,0.653,0.222,-0.722,0.401,-0.832,-0.143,0.027,-0.703,-0.838,-0.349,-0.48,-0.23,0.187,-0.202,-0.213,0.186,-0.731,-0.654,-0.632,-0.606,-0.054,-0.832,-0.711,-0.872,0.341,-0.22,-0.153,0.749,0.167,0.717,-0.249,0.126,-0.14,0.597,-0.532,0.246,0.704,-0.689,-0.509,0.332,-0.625,-0.682,0.172,0.307,-0.558,-0.169,-0.666,-0.752,0.13,0.35,-0.765,-0.19,0.659,-0.031,0.216,-0.254,0.071,0.18,-0.725
ALTR,-0.02,0.105,0.545,-0.133,-0.288,0.025,0.21,0.68,-0.341,-0.385,-0.06,-0.1,0.0,-0.172,0.003,-0.156,0.208,0.332,0.401,0.381,0.072,-0.236,-0.116,-0.272,0.33,0.095,-0.233,-0.266,0.272,0.487,-0.496,0.201,-0.081,-0.047,0.352,0.184,0.224,-0.329,0.469,0.149,0.564,0.111,0.094,-0.117,0.056,-0.448,0.606,0.473,-0.379,-0.419,0.257,0.208,-0.329,0.077,-0.041,0.391,0.49,-0.192,0.468,-0.137,0.382,0.52,0.462,-0.496,0.57,0.281,-0.236,0.063,-0.756,-0.362,0.544,0.297,0.124,-0.17,0.07,0.311,-0.021,0.255,0.842,0.207,0.749,-0.306,0.342,-0.438,-0.29,0.5,0.508,-0.061,0.113,-0.468,-0.207,0.3,0.325,-0.273,-0.039,0.089,0.035,-0.052,-0.373,0.603,0.144,-0.064,0.263,0.046,-0.399,0.377,0.755,-0.158,-0.296,-0.149,0.65,0.367,-0.481,-0.062,-0.11,0.497,0.678,0.223,-0.368,0.535,0.498,0.472,-0.506,-0.105,0.094,-0.423,0.194,-0.244,0.403,0.278,0.068,0.117,-0.331,-0.528,0.126,-0.068,0.606,-0.521,0.621,0.646,0.595,-0.155,0.497,-0.095,-0.532,0.316,0.019,0.652,-0.056,-0.151,-0.464,-0.258,-0.092,-0.228,-0.555,-0.46,-0.096,0.311,0.327,-0.389,-0.258,0.153,0.126,-0.229,-0.085,-0.087,0.237,0.582,-0.005,0.421,0.249,-0.248,-0.398,0.776,-0.26,0.341,0.382,0.16,0.044,0.623,0.149,0.277,-0.234,0.047,-0.074,-0.028,0.19,-0.038,-0.04,-0.245,0.501,0.056,-0.104,0.23,-0.545,0.65,-0.09,-0.224,-0.332,-0.16
AMBA,0.82,0.693,-0.503,0.562,0.787,0.582,-0.457,0.284,0.529,0.794,0.859,-0.332,-0.172,0.0,-0.592,-0.228,0.233,0.225,0.159,-0.412,0.737,0.117,0.436,0.81,-0.626,0.066,0.59,0.83,0.416,-0.228,0.865,-0.226,-0.347,0.611,0.415,-0.182,-0.59,0.428,0.261,0.563,0.439,-0.475,-0.066,0.637,0.465,0.308,-0.491,0.506,-0.435,0.726,-0.549,0.468,-0.438,0.672,0.665,0.554,0.388,0.634,0.483,-0.309,0.325,0.331,0.13,0.662,-0.159,-0.473,0.767,0.388,0.171,0.727,-0.149,-0.068,0.031,0.178,-0.394,-0.365,0.674,0.343,-0.364,-0.25,-0.276,0.622,0.031,0.731,0.699,0.179,0.213,0.091,-0.633,0.424,0.552,0.519,0.356,0.409,-0.437,0.122,-0.263,0.58,0.814,0.123,0.209,-0.042,0.363,0.789,0.393,-0.038,-0.039,0.659,0.737,-0.343,-0.097,0.089,0.329,0.579,0.76,-0.392,-0.515,-0.243,-0.026,0.087,-0.628,0.302,0.55,-0.159,-0.243,0.536,0.534,0.265,0.494,0.154,0.713,0.79,0.691,0.204,-0.406,-0.455,0.324,0.795,-0.61,0.253,-0.155,-0.582,-0.275,0.723,-0.247,0.314,-0.141,-0.359,0.703,0.552,0.659,0.315,0.645,-0.224,0.515,0.746,0.188,0.467,0.547,0.668,0.838,-0.288,0.641,0.747,0.476,-0.277,0.575,0.216,-0.532,-0.32,-0.105,0.624,-0.062,-0.054,-0.037,0.347,-0.021,-0.62,0.72,0.404,-0.308,0.599,0.559,-0.103,0.355,0.564,-0.103,0.757,0.747,0.161,-0.249,0.694,-0.17,-0.58,0.728,-0.195,0.466,-0.45,0.492,0.733
AMCX,-0.712,-0.942,0.627,-0.771,-0.551,-0.695,0.803,-0.239,-0.784,-0.789,-0.678,0.775,0.003,-0.592,0.0,0.57,-0.711,-0.023,-0.343,0.657,-0.626,0.523,-0.845,-0.818,0.648,-0.008,-0.788,-0.787,-0.8,0.406,-0.6,0.409,0.604,-0.907,-0.737,0.41,0.849,-0.146,-0.511,-0.882,-0.704,0.708,0.053,-0.904,-0.796,-0.346,0.615,-0.717,0.852,-0.344,0.746,-0.846,0.856,-0.765,-0.888,-0.791,-0.458,-0.535,-0.581,0.604,-0.722,-0.27,0.323,-0.376,0.346,0.808,-0.506,-0.094,0.232,-0.658,-0.089,-0.322,-0.195,0.28,0.65,0.027,-0.84,-0.707,0.017,0.425,0.099,-0.826,-0.345,-0.625,-0.793,-0.202,-0.646,-0.224,0.754,-0.367,-0.805,-0.881,-0.662,-0.573,0.75,0.169,0.735,-0.839,-0.571,-0.287,-0.78,0.305,-0.426,-0.866,0.198,-0.374,-0.175,-0.86,-0.844,0.188,-0.05,0.327,-0.496,-0.926,-0.588,0.076,0.322,0.562,0.55,-0.341,0.573,-0.118,-0.007,0.287,0.196,-0.586,-0.879,0.277,-0.732,0.242,-0.838,-0.673,-0.495,-0.114,0.353,0.77,-0.576,-0.469,0.469,-0.468,-0.184,0.849,0.364,-0.889,0.506,-0.774,0.099,0.228,-0.951,-0.812,-0.366,-0.435,-0.376,0.49,-0.245,-0.363,0.15,-0.887,-0.828,-0.767,-0.769,0.262,-0.934,-0.877,-0.858,0.394,-0.554,-0.331,0.687,0.527,0.627,-0.414,0.247,-0.065,0.66,-0.626,0.236,0.942,-0.916,-0.593,0.577,-0.843,-0.767,0.291,-0.007,-0.813,-0.008,-0.897,-0.904,0.205,0.436,-0.896,0.114,0.812,-0.23,0.283,-0.309,0.302,-0.017,-0.827
AMKR,-0.403,-0.531,0.246,-0.477,-0.084,-0.16,0.562,-0.023,-0.362,-0.338,-0.468,0.623,-0.156,-0.228,0.57,0.0,-0.35,0.121,-0.296,0.091,-0.397,0.502,-0.495,-0.334,0.467,0.164,-0.378,-0.425,-0.631,0.149,-0.196,0.488,0.7,-0.499,-0.6,0.52,0.522,0.335,-0.481,-0.47,-0.637,0.726,0.387,-0.457,-0.524,0.142,0.364,-0.523,0.731,0.039,0.447,-0.426,0.553,-0.532,-0.435,-0.619,-0.314,-0.228,-0.34,0.496,-0.581,0.123,0.074,0.065,0.169,0.223,-0.375,-0.066,0.464,-0.18,-0.142,-0.054,0.101,0.327,0.84,0.277,-0.579,-0.414,-0.289,0.415,-0.268,-0.462,-0.149,-0.182,-0.361,-0.166,-0.46,0.344,0.455,0.005,-0.422,-0.448,-0.232,-0.348,0.659,-0.157,0.512,-0.397,-0.193,-0.223,-0.614,0.404,-0.062,-0.566,0.186,-0.364,-0.328,-0.525,-0.352,0.369,-0.101,0.34,0.027,-0.531,-0.355,-0.215,-0.071,0.405,0.446,-0.163,0.269,0.118,0.361,0.499,0.369,-0.034,-0.546,0.369,-0.636,0.364,-0.651,-0.478,0.063,0.156,0.075,0.684,-0.435,-0.151,0.142,-0.317,-0.159,0.72,0.033,-0.496,0.659,-0.633,0.354,0.029,-0.453,-0.433,-0.019,0.06,-0.06,0.25,0.188,-0.04,0.271,-0.554,-0.619,-0.414,-0.4,0.466,-0.627,-0.404,-0.491,0.416,-0.077,-0.089,0.381,0.273,0.408,0.084,0.476,-0.239,0.538,-0.237,0.07,0.417,-0.524,-0.548,0.623,-0.39,-0.268,0.597,0.294,-0.376,0.232,-0.398,-0.584,0.209,0.011,-0.543,0.369,0.389,0.04,-0.112,-0.011,0.386,0.503,-0.554
AMRX,0.373,0.702,-0.39,0.649,0.132,0.712,-0.602,0.211,0.625,0.436,0.311,-0.788,0.208,0.233,-0.711,-0.35,0.0,-0.153,0.59,-0.419,0.304,-0.623,0.682,0.513,-0.267,0.081,0.514,0.468,0.722,-0.257,0.207,0.031,-0.247,0.769,0.744,-0.157,-0.663,0.217,0.327,0.668,0.598,-0.344,0.315,0.716,0.685,0.463,-0.379,0.725,-0.622,0.056,-0.376,0.845,-0.759,0.463,0.728,0.528,0.39,0.274,0.35,-0.401,0.648,0.349,-0.388,0.099,-0.282,-0.7,0.181,0.093,-0.229,0.338,0.332,0.566,0.516,-0.415,-0.345,0.32,0.654,0.854,0.216,-0.243,0.084,0.585,0.501,0.366,0.45,0.372,0.679,0.389,-0.438,0.265,0.647,0.778,0.699,0.615,-0.365,-0.088,-0.678,0.749,0.24,0.346,0.809,-0.452,0.51,0.538,-0.272,0.59,0.396,0.586,0.543,0.053,0.197,-0.451,0.459,0.774,0.355,0.255,-0.075,-0.346,-0.577,0.384,-0.173,-0.087,-0.305,0.007,0.247,0.387,0.777,-0.312,0.541,-0.304,0.559,0.369,0.375,0.048,-0.1,-0.395,0.539,0.151,-0.092,0.507,0.447,-0.545,-0.179,0.616,-0.243,0.796,0.237,0.109,0.654,0.677,0.16,0.475,0.203,-0.329,0.182,0.127,-0.084,0.704,0.624,0.425,0.447,0.222,0.686,0.598,0.741,-0.242,0.299,0.315,-0.62,-0.092,-0.628,0.291,-0.092,0.211,-0.625,0.637,-0.084,-0.655,0.605,0.502,-0.178,0.645,0.601,0.005,-0.083,0.552,0.374,0.611,0.595,-0.135,-0.317,0.672,0.294,-0.524,-0.132,-0.161,0.231,0.037,-0.037,0.553
ANSS,0.364,0.052,0.015,-0.065,0.281,-0.21,0.112,0.477,-0.209,0.125,0.154,0.255,0.332,0.225,-0.023,0.121,-0.153,0.0,-0.33,0.027,0.256,0.233,0.112,0.185,-0.177,-0.356,0.112,0.011,0.066,0.081,0.036,-0.192,-0.351,-0.135,-0.036,0.458,0.155,-0.181,0.245,-0.012,0.195,-0.171,-0.391,-0.027,-0.138,-0.284,0.37,0.095,-0.185,0.211,-0.274,-0.137,0.048,0.245,-0.065,0.307,0.202,0.445,0.297,0.011,0.24,0.445,0.562,0.122,0.213,0.312,-0.073,-0.123,-0.122,0.25,-0.303,-0.178,-0.373,0.448,0.041,-0.155,-0.045,-0.274,0.005,0.057,0.013,-0.051,-0.092,0.026,0.229,0.007,0.179,0.01,0.006,0.193,0.009,0.096,-0.011,-0.439,-0.166,-0.098,0.023,-0.074,0.062,0.306,-0.322,0.137,-0.115,0.152,-0.01,0.0,-0.125,0.109,0.11,-0.244,0.045,0.527,-0.288,-0.085,-0.074,-0.365,0.003,-0.026,0.261,0.326,-0.221,0.736,0.41,-0.357,-0.5,0.144,-0.081,0.217,0.351,0.374,0.152,0.088,0.018,-0.155,-0.461,-0.287,0.301,0.029,-0.18,0.075,-0.155,-0.263,-0.106,0.201,-0.384,-0.018,-0.314,-0.09,0.144,-0.067,-0.011,-0.241,-0.184,0.052,-0.248,0.083,-0.329,0.048,0.299,0.089,0.093,-0.41,0.027,0.069,-0.088,-0.239,0.756,0.031,-0.119,-0.121,0.382,-0.172,-0.404,0.124,-0.127,-0.1,-0.074,0.097,0.215,0.167,-0.218,0.4,0.118,-0.19,0.274,0.291,-0.392,0.192,0.09,-0.296,0.218,0.037,-0.469,0.008,0.098,0.063,0.028,-0.38,0.26,0.063
APPN,0.106,0.488,-0.041,0.474,0.019,0.608,-0.381,0.217,0.418,0.119,0.296,-0.702,0.401,0.159,-0.343,-0.296,0.59,-0.33,0.0,-0.104,0.095,-0.495,0.261,0.198,-0.03,0.189,0.271,0.296,0.455,0.138,0.096,0.405,0.103,0.559,0.527,-0.36,-0.402,0.311,0.189,0.436,0.491,-0.026,0.51,0.434,0.577,0.273,-0.194,0.6,-0.397,-0.072,0.076,0.605,-0.522,0.369,0.573,0.31,0.435,0.021,0.27,-0.287,0.398,0.249,-0.122,-0.077,0.057,-0.371,0.285,0.52,-0.252,0.065,0.495,0.45,0.659,-0.487,-0.016,0.173,0.517,0.717,0.408,-0.021,0.245,0.332,0.472,0.199,0.087,0.472,0.359,0.385,-0.291,-0.065,0.393,0.541,0.538,0.503,-0.018,0.438,-0.403,0.561,0.15,0.115,0.537,-0.197,0.503,0.398,0.038,0.612,0.649,0.305,0.23,0.12,0.267,-0.301,0.296,0.476,0.514,0.549,0.133,-0.06,-0.403,0.014,0.217,-0.205,-0.459,0.203,0.49,-0.028,0.612,-0.323,0.231,-0.25,0.343,0.385,0.232,0.072,0.351,0.019,0.303,0.052,0.177,0.52,0.461,-0.194,0.214,0.282,-0.169,0.563,0.444,0.364,0.315,0.522,0.22,0.416,0.422,-0.072,0.225,0.092,0.174,0.48,0.313,0.163,0.29,0.533,0.528,0.323,0.523,-0.013,-0.033,0.379,-0.412,0.353,-0.363,0.322,0.142,0.427,-0.196,0.559,0.041,-0.337,0.28,0.491,0.282,0.348,0.275,0.301,-0.131,0.136,0.504,0.315,0.369,0.223,0.004,0.477,0.488,-0.245,-0.062,0.129,0.274,0.117,-0.007,0.367
APTO,-0.443,-0.596,0.826,-0.596,-0.541,-0.532,0.737,0.122,-0.824,-0.708,-0.397,0.503,0.381,-0.412,0.657,0.091,-0.419,0.027,-0.104,0.0,-0.113,0.33,-0.707,-0.738,0.564,0.088,-0.78,-0.583,-0.349,0.704,-0.598,0.142,0.206,-0.706,-0.245,0.294,0.725,-0.506,0.073,-0.51,-0.086,0.369,-0.061,-0.754,-0.636,-0.597,0.632,-0.197,0.351,-0.346,0.698,-0.508,0.399,-0.42,-0.708,-0.289,0.038,-0.545,-0.052,0.459,-0.23,0.044,0.602,-0.465,0.643,0.742,-0.358,0.155,-0.261,-0.688,0.309,-0.204,-0.34,0.173,0.164,0.116,-0.551,-0.416,0.431,0.122,0.615,-0.782,-0.005,-0.667,-0.76,-0.044,-0.109,-0.572,0.591,-0.484,-0.763,-0.531,-0.307,-0.412,0.338,0.278,0.668,-0.707,-0.488,0.199,-0.4,0.071,-0.224,-0.466,0.012,-0.128,0.297,-0.722,-0.807,-0.252,0.467,0.38,-0.772,-0.731,-0.375,0.271,0.708,0.454,0.046,0.145,0.625,0.048,-0.239,-0.016,-0.012,-0.801,-0.533,0.069,-0.139,0.458,-0.399,-0.231,-0.595,-0.463,0.197,0.379,0.011,-0.526,0.688,0.103,0.316,0.367,0.727,-0.685,-0.027,-0.379,-0.218,0.63,-0.697,-0.759,-0.611,-0.599,-0.227,-0.02,-0.409,-0.447,0.062,-0.484,-0.309,-0.754,-0.63,0.059,-0.573,-0.787,-0.714,0.097,-0.426,0.145,0.546,0.508,0.64,-0.438,-0.272,0.459,0.356,-0.387,0.558,0.708,-0.631,0.014,0.302,-0.522,-0.833,-0.005,-0.073,-0.573,-0.099,-0.667,-0.578,0.027,0.753,-0.608,-0.238,0.865,-0.412,0.715,-0.516,-0.187,-0.287,-0.573
ARCT,0.816,0.702,-0.193,0.501,0.582,0.476,-0.254,0.512,0.314,0.641,0.788,-0.306,0.072,0.737,-0.626,-0.397,0.304,0.256,0.095,-0.113,0.0,-0.024,0.383,0.614,-0.544,0.217,0.334,0.756,0.537,0.045,0.636,-0.472,-0.601,0.484,0.564,-0.153,-0.425,-0.024,0.566,0.627,0.682,-0.61,-0.229,0.524,0.289,0.036,-0.343,0.662,-0.627,0.591,-0.448,0.523,-0.602,0.673,0.514,0.709,0.69,0.467,0.765,-0.226,0.574,0.413,0.233,0.492,0.15,-0.382,0.612,0.382,-0.184,0.564,0.167,0.076,-0.271,0.108,-0.578,-0.084,0.612,0.406,-0.076,-0.463,0.126,0.374,0.213,0.489,0.504,0.217,0.574,-0.19,-0.543,0.239,0.347,0.592,0.517,0.358,-0.686,0.003,-0.154,0.42,0.681,0.535,0.406,-0.192,0.25,0.793,0.129,-0.003,0.177,0.498,0.549,-0.619,0.385,0.137,0.036,0.513,0.636,-0.333,-0.102,-0.284,-0.329,0.525,-0.495,0.427,0.369,-0.434,-0.443,0.211,0.541,0.086,0.74,0.373,0.784,0.857,0.394,-0.158,-0.606,-0.664,0.622,0.506,-0.294,0.55,0.273,-0.76,0.104,0.649,-0.575,0.431,-0.491,0.043,0.653,0.32,0.253,0.094,0.466,-0.604,0.264,0.409,-0.022,0.564,0.759,0.453,0.622,-0.447,0.631,0.552,0.353,-0.485,0.581,0.457,-0.457,-0.253,0.045,0.321,-0.494,0.301,-0.234,0.35,0.272,-0.556,0.696,0.65,-0.511,0.656,0.322,-0.367,0.288,0.612,-0.283,0.671,0.758,-0.022,0.046,0.643,-0.5,-0.361,0.331,0.179,0.083,-0.712,0.205,0.664
ARWR,-0.09,-0.453,0.261,-0.424,0.19,-0.335,0.541,-0.021,-0.469,-0.132,-0.054,0.711,-0.236,0.117,0.523,0.502,-0.623,0.233,-0.495,0.33,-0.024,0.0,-0.563,-0.196,0.208,0.004,-0.359,-0.211,-0.567,0.261,0.053,0.076,0.327,-0.541,-0.528,0.436,0.448,0.104,-0.277,-0.452,-0.465,0.389,-0.027,-0.503,-0.591,-0.075,0.274,-0.455,0.585,0.335,0.3,-0.542,0.573,-0.284,-0.468,-0.427,-0.226,-0.047,-0.139,0.311,-0.569,0.003,0.459,0.245,0.25,0.414,0.025,0.085,0.458,-0.085,-0.288,-0.423,-0.347,0.548,0.322,-0.222,-0.449,-0.635,-0.397,0.319,-0.221,-0.406,-0.461,-0.064,-0.222,-0.249,-0.536,-0.236,0.271,0.043,-0.44,-0.549,-0.407,-0.442,0.386,0.024,0.667,-0.493,0.069,-0.144,-0.759,0.331,-0.189,-0.305,0.397,-0.545,-0.436,-0.365,-0.294,-0.07,-0.126,0.554,-0.283,-0.587,-0.212,-0.398,-0.101,0.38,0.573,-0.167,0.05,0.261,0.575,0.163,-0.062,-0.137,-0.574,0.512,-0.38,0.608,-0.336,-0.108,0.079,-0.025,-0.17,0.394,-0.383,0.146,-0.043,-0.297,-0.322,0.391,0.119,-0.373,0.389,-0.632,-0.103,-0.093,-0.383,-0.503,-0.042,-0.171,0.072,0.137,0.131,0.221,0.248,-0.573,-0.46,-0.292,-0.153,-0.086,-0.548,-0.339,-0.603,0.178,-0.062,-0.077,0.389,0.044,0.613,0.074,0.145,-0.205,0.724,-0.345,0.206,0.406,-0.385,-0.37,0.289,-0.437,-0.415,0.165,0.502,-0.372,-0.182,-0.282,-0.405,0.214,0.276,-0.452,-0.174,0.423,0.364,0.081,0.045,-0.097,0.458,-0.411
ASND,0.61,0.767,-0.783,0.788,0.471,0.475,-0.879,-0.024,0.817,0.771,0.517,-0.763,-0.116,0.436,-0.845,-0.495,0.682,0.112,0.261,-0.707,0.383,-0.563,0.0,0.811,-0.743,-0.375,0.878,0.68,0.747,-0.533,0.523,-0.297,-0.591,0.83,0.561,-0.26,-0.807,0.169,0.242,0.625,0.491,-0.702,-0.145,0.884,0.742,0.462,-0.621,0.541,-0.696,0.307,-0.832,0.667,-0.598,0.752,0.789,0.585,0.186,0.711,0.24,-0.419,0.73,0.144,-0.381,0.343,-0.503,-0.681,0.342,-0.02,-0.011,0.748,-0.212,0.248,0.19,-0.205,-0.523,-0.122,0.778,0.556,-0.151,-0.42,-0.333,0.875,0.282,0.652,0.828,0.073,0.555,0.421,-0.556,0.572,0.897,0.722,0.446,0.509,-0.579,-0.035,-0.901,0.825,0.491,0.047,0.636,-0.364,0.165,0.714,-0.074,0.522,-0.01,0.883,0.847,-0.008,-0.207,-0.522,0.607,0.861,0.508,-0.168,-0.464,-0.704,-0.305,0.14,-0.661,-0.031,0.066,-0.354,-0.254,0.665,0.697,-0.182,0.585,-0.523,0.737,0.409,0.47,0.344,-0.375,-0.685,0.346,0.453,-0.64,0.126,-0.069,-0.752,-0.602,0.887,-0.368,0.728,0.002,-0.427,0.843,0.873,0.497,0.468,0.075,-0.09,0.236,0.411,-0.43,0.682,0.696,0.867,0.745,-0.261,0.789,0.859,0.904,-0.416,0.512,-0.078,-0.751,-0.505,-0.687,0.25,-0.195,-0.187,-0.7,0.331,-0.56,-0.767,0.788,0.321,-0.544,0.77,0.888,-0.289,-0.135,0.847,-0.097,0.812,0.783,-0.291,-0.517,0.739,-0.009,-0.791,0.225,-0.565,0.297,-0.076,0.058,0.822
ASTH,0.853,0.832,-0.832,0.808,0.798,0.64,-0.793,0.08,0.846,0.964,0.785,-0.595,-0.272,0.81,-0.818,-0.334,0.513,0.185,0.198,-0.738,0.614,-0.196,0.811,0.0,-0.81,-0.163,0.889,0.901,0.624,-0.517,0.866,-0.296,-0.485,0.843,0.525,-0.248,-0.843,0.443,0.204,0.67,0.443,-0.655,-0.086,0.874,0.698,0.539,-0.704,0.545,-0.576,0.681,-0.823,0.648,-0.544,0.795,0.868,0.596,0.26,0.828,0.351,-0.431,0.518,0.239,-0.208,0.691,-0.478,-0.709,0.646,0.212,0.227,0.916,-0.294,0.06,0.151,0.021,-0.468,-0.287,0.837,0.487,-0.419,-0.357,-0.48,0.898,0.103,0.872,0.944,0.054,0.345,0.355,-0.728,0.681,0.882,0.695,0.432,0.537,-0.548,-0.021,-0.681,0.843,0.812,0.053,0.453,-0.192,0.312,0.847,0.215,0.197,-0.14,0.928,0.974,-0.134,-0.28,-0.267,0.643,0.843,0.708,-0.417,-0.69,-0.531,-0.062,0.087,-0.813,0.145,0.458,-0.227,-0.246,0.794,0.699,0.083,0.535,-0.219,0.804,0.653,0.766,0.394,-0.472,-0.614,0.281,0.799,-0.809,0.138,-0.212,-0.724,-0.6,0.944,-0.24,0.558,-0.036,-0.557,0.905,0.861,0.731,0.504,0.45,-0.137,0.54,0.746,-0.088,0.618,0.647,0.919,0.934,-0.291,0.801,0.967,0.803,-0.376,0.644,0.006,-0.768,-0.522,-0.492,0.556,-0.05,-0.254,-0.387,0.381,-0.395,-0.81,0.869,0.294,-0.463,0.773,0.896,-0.186,0.229,0.807,-0.094,0.923,0.88,0.026,-0.538,0.844,-0.041,-0.849,0.634,-0.549,0.522,-0.239,0.438,0.895
ATSG,-0.726,-0.622,0.754,-0.767,-0.571,-0.242,0.691,0.122,-0.673,-0.844,-0.672,0.529,0.33,-0.626,0.648,0.467,-0.267,-0.177,-0.03,0.564,-0.544,0.208,-0.743,-0.81,0.0,0.415,-0.716,-0.805,-0.477,0.526,-0.763,0.459,0.713,-0.618,-0.284,0.375,0.736,-0.069,-0.122,-0.414,-0.32,0.852,0.491,-0.739,-0.479,-0.419,0.736,-0.369,0.524,-0.562,0.898,-0.354,0.381,-0.695,-0.61,-0.443,-0.179,-0.789,-0.179,0.406,-0.54,0.041,0.161,-0.503,0.463,0.519,-0.663,-0.076,-0.223,-0.859,0.447,0.19,0.228,0.008,0.575,0.563,-0.718,-0.278,0.429,0.63,0.472,-0.771,0.147,-0.762,-0.788,0.063,-0.302,-0.109,0.552,-0.534,-0.739,-0.467,-0.155,-0.448,0.64,-0.085,0.649,-0.563,-0.725,0.028,-0.383,0.38,0.127,-0.686,-0.306,-0.248,0.24,-0.775,-0.779,0.386,0.286,0.406,-0.492,-0.68,-0.637,0.473,0.582,0.693,0.016,0.097,0.866,0.005,-0.43,0.618,0.605,-0.536,-0.445,-0.13,-0.538,0.361,-0.762,-0.579,-0.444,-0.315,0.48,0.72,-0.229,-0.726,0.825,0.136,0.375,0.725,0.521,-0.841,0.359,-0.394,0.362,0.537,-0.68,-0.686,-0.667,-0.338,-0.072,0.029,-0.374,-0.599,0.419,-0.372,-0.556,-0.894,-0.811,0.583,-0.632,-0.779,-0.667,0.515,-0.511,0.273,0.686,0.517,0.367,-0.192,0.36,0.327,0.307,0.017,0.422,0.619,-0.717,-0.194,0.696,-0.585,-0.75,0.535,0.075,-0.659,0.525,-0.697,-0.788,0.208,0.418,-0.599,0.343,0.674,-0.525,0.489,-0.148,0.433,-0.172,-0.803
AVTX,-0.041,0.101,0.374,-0.146,-0.058,0.45,0.319,0.397,-0.071,-0.156,0.05,0.091,0.095,0.066,-0.008,0.164,0.081,-0.356,0.189,0.088,0.217,0.004,-0.375,-0.163,0.415,0.0,-0.357,0.036,-0.092,0.296,0.001,0.046,0.314,0.008,0.219,-0.154,0.104,0.147,0.136,0.266,0.131,0.332,0.411,-0.061,-0.056,-0.034,0.067,0.155,0.028,-0.018,0.44,0.248,-0.271,-0.218,0.047,0.041,0.383,-0.462,0.384,0.032,-0.202,0.1,-0.155,0.007,0.202,-0.198,0.078,0.198,-0.198,-0.264,0.648,0.431,0.182,-0.158,0.158,0.513,-0.061,0.363,0.166,0.192,0.339,-0.286,0.208,-0.154,-0.278,0.352,0.072,-0.113,-0.122,-0.384,-0.292,0.155,0.407,0.166,-0.04,-0.28,0.401,-0.037,-0.029,0.361,0.227,0.19,0.415,-0.013,-0.156,-0.397,0.264,-0.27,-0.129,-0.005,0.469,0.269,-0.062,0.009,0.053,0.175,0.231,0.346,-0.297,0.297,0.327,0.076,-0.159,0.406,0.422,-0.182,0.173,-0.141,-0.085,0.452,-0.1,0.214,0.028,-0.286,0.121,0.157,0.144,-0.115,0.463,0.495,0.559,0.156,0.465,-0.214,0.069,-0.031,0.045,0.441,-0.036,-0.229,-0.188,0.089,0.493,-0.533,0.124,-0.194,0.599,0.167,-0.005,-0.37,-0.185,0.355,0.012,-0.123,-0.196,0.189,-0.117,0.581,0.202,0.323,0.149,0.227,0.233,0.369,0.236,0.478,0.686,-0.074,-0.056,0.251,0.215,-0.061,-0.292,0.297,0.258,-0.242,0.411,-0.083,-0.019,0.445,0.075,0.089,0.15,0.028,-0.159,0.46,0.057,0.006,0.048,-0.171
BCPC,0.667,0.759,-0.872,0.733,0.692,0.55,-0.901,-0.074,0.87,0.847,0.595,-0.654,-0.233,0.59,-0.788,-0.378,0.514,0.112,0.271,-0.78,0.334,-0.359,0.878,0.889,-0.716,-0.357,0.0,0.733,0.655,-0.546,0.695,-0.173,-0.386,0.852,0.471,-0.297,-0.817,0.455,0.188,0.616,0.387,-0.558,-0.002,0.856,0.793,0.502,-0.642,0.447,-0.56,0.466,-0.787,0.616,-0.466,0.754,0.838,0.536,0.066,0.751,0.174,-0.461,0.516,0.196,-0.267,0.515,-0.502,-0.66,0.443,0.115,0.174,0.796,-0.341,0.063,0.322,-0.056,-0.411,-0.25,0.785,0.429,-0.318,-0.268,-0.494,0.947,0.223,0.77,0.917,0.009,0.288,0.485,-0.667,0.646,0.929,0.644,0.35,0.484,-0.412,0.079,-0.797,0.879,0.628,-0.147,0.429,-0.124,0.284,0.757,0.114,0.37,-0.102,0.931,0.919,0.109,-0.416,-0.379,0.671,0.811,0.604,-0.21,-0.636,-0.55,-0.101,-0.038,-0.679,0.003,0.251,-0.134,-0.122,0.815,0.687,-0.073,0.423,-0.452,0.694,0.435,0.684,0.524,-0.272,-0.514,0.164,0.645,-0.767,0.057,-0.267,-0.63,-0.702,0.87,-0.191,0.617,0.193,-0.62,0.864,0.928,0.672,0.513,0.35,0.042,0.431,0.651,-0.166,0.634,0.547,0.916,0.856,-0.166,0.784,0.924,0.877,-0.233,0.487,-0.092,-0.66,-0.546,-0.644,0.521,0.082,-0.312,-0.54,0.345,-0.636,-0.774,0.784,0.217,-0.351,0.7,0.911,-0.076,0.081,0.803,0.028,0.86,0.764,-0.084,-0.571,0.787,0.137,-0.842,0.54,-0.666,0.525,0.004,0.303,0.842
BEAM,0.833,0.839,-0.678,0.793,0.728,0.656,-0.701,0.1,0.806,0.916,0.878,-0.616,-0.266,0.83,-0.787,-0.425,0.468,0.011,0.296,-0.583,0.756,-0.211,0.68,0.901,-0.805,0.036,0.733,0.0,0.604,-0.38,0.915,-0.316,-0.496,0.81,0.568,-0.427,-0.813,0.376,0.251,0.693,0.506,-0.683,-0.086,0.845,0.66,0.493,-0.755,0.605,-0.589,0.67,-0.701,0.65,-0.599,0.784,0.835,0.591,0.399,0.67,0.443,-0.414,0.523,0.184,-0.176,0.625,-0.324,-0.721,0.834,0.365,0.15,0.834,-0.08,0.064,0.084,-0.079,-0.55,-0.306,0.877,0.556,-0.35,-0.491,-0.334,0.804,0.119,0.828,0.806,0.132,0.374,0.176,-0.745,0.506,0.768,0.677,0.47,0.65,-0.598,0.088,-0.55,0.762,0.849,0.102,0.526,-0.256,0.306,0.881,0.32,0.152,-0.011,0.82,0.887,-0.285,-0.085,-0.288,0.567,0.806,0.87,-0.339,-0.562,-0.495,-0.185,0.082,-0.733,0.048,0.395,-0.285,-0.257,0.584,0.722,0.093,0.561,-0.149,0.869,0.833,0.695,0.283,-0.401,-0.607,0.341,0.836,-0.679,0.252,-0.073,-0.729,-0.353,0.875,-0.3,0.53,-0.145,-0.373,0.841,0.763,0.716,0.478,0.578,-0.281,0.602,0.701,0.005,0.602,0.661,0.847,0.932,-0.283,0.816,0.891,0.75,-0.395,0.502,0.121,-0.707,-0.42,-0.407,0.569,-0.11,-0.12,-0.265,0.385,-0.173,-0.802,0.814,0.425,-0.465,0.692,0.743,-0.235,0.158,0.694,-0.135,0.855,0.907,0.11,-0.438,0.825,-0.111,-0.757,0.631,-0.331,0.366,-0.374,0.36,0.914
BILI,0.603,0.796,-0.433,0.646,0.316,0.576,-0.707,0.248,0.601,0.563,0.563,-0.728,0.272,0.416,-0.8,-0.631,0.722,0.066,0.455,-0.349,0.537,-0.567,0.747,0.624,-0.477,-0.092,0.655,0.604,0.0,-0.248,0.346,-0.245,-0.529,0.788,0.886,-0.302,-0.699,0.039,0.523,0.738,0.796,-0.576,-0.027,0.729,0.778,0.196,-0.362,0.79,-0.798,0.152,-0.534,0.783,-0.78,0.722,0.75,0.76,0.397,0.423,0.505,-0.461,0.77,0.446,-0.128,0.151,-0.161,-0.532,0.291,0.144,-0.345,0.423,0.213,0.336,0.266,-0.34,-0.624,0.062,0.835,0.689,0.257,-0.349,0.127,0.661,0.489,0.417,0.639,0.275,0.682,0.118,-0.498,0.24,0.714,0.812,0.575,0.483,-0.589,0.081,-0.698,0.752,0.363,0.338,0.7,-0.359,0.449,0.785,-0.276,0.458,0.432,0.759,0.647,-0.17,0.148,-0.279,0.272,0.772,0.507,0.14,-0.104,-0.48,-0.514,0.417,-0.341,0.082,-0.167,-0.239,-0.105,0.433,0.804,-0.285,0.76,-0.274,0.848,0.564,0.317,0.053,-0.214,-0.636,0.649,0.315,-0.25,0.531,0.32,-0.783,-0.262,0.749,-0.497,0.867,0.003,-0.069,0.758,0.709,0.206,0.317,0.299,-0.34,0.042,0.266,-0.19,0.831,0.831,0.586,0.633,-0.158,0.843,0.677,0.771,-0.416,0.432,0.313,-0.634,-0.247,-0.57,0.283,-0.315,0.201,-0.756,0.513,-0.189,-0.69,0.727,0.669,-0.43,0.776,0.622,-0.23,-0.074,0.736,0.112,0.739,0.759,-0.116,-0.282,0.797,-0.041,-0.611,0.041,-0.108,0.241,-0.261,-0.101,0.745
BJRI,-0.279,-0.264,0.751,-0.423,-0.253,-0.185,0.629,0.433,-0.603,-0.517,-0.191,0.331,0.487,-0.228,0.406,0.149,-0.257,0.081,0.138,0.704,0.045,0.261,-0.533,-0.517,0.526,0.296,-0.546,-0.38,-0.248,0.0,-0.401,0.178,0.25,-0.437,-0.115,0.233,0.606,-0.26,0.257,-0.196,0.104,0.4,0.15,-0.463,-0.44,-0.487,0.574,0.017,0.129,-0.163,0.633,-0.241,0.151,-0.142,-0.399,-0.072,0.322,-0.407,0.277,0.33,-0.085,0.244,0.563,-0.225,0.713,0.487,-0.188,0.401,-0.342,-0.488,0.455,0.073,-0.135,0.153,0.283,0.287,-0.359,-0.175,0.424,0.229,0.565,-0.599,0.2,-0.463,-0.588,0.174,0.034,-0.253,0.297,-0.419,-0.581,-0.198,0.122,-0.363,0.22,0.274,0.586,-0.382,-0.263,0.314,-0.28,0.195,-0.02,-0.201,0.059,-0.007,0.403,-0.55,-0.547,-0.167,0.629,0.52,-0.605,-0.5,-0.132,0.267,0.656,0.454,-0.125,0.264,0.61,0.295,-0.18,0.095,0.099,-0.658,-0.255,-0.019,-0.087,0.606,-0.282,-0.009,-0.353,-0.334,0.138,0.3,0.108,-0.461,0.654,0.39,0.473,0.262,0.764,-0.486,-0.179,-0.192,-0.074,0.707,-0.368,-0.542,-0.48,-0.32,0.092,-0.156,-0.214,-0.333,0.154,-0.16,-0.129,-0.588,-0.427,0.199,-0.295,-0.518,-0.475,0.166,-0.173,0.424,0.439,0.491,0.628,-0.152,-0.14,0.601,0.327,0.055,0.554,0.447,-0.382,0.276,0.374,-0.211,-0.64,0.203,0.095,-0.376,0.057,-0.396,-0.343,0.115,0.716,-0.321,-0.134,0.616,-0.296,0.716,-0.259,-0.176,-0.071,-0.391
