,AAL,AAON,ACB,ACGL,ACGLO,ACIW,ADBE,ADSK,AEP,AGIO,ALEC,ALNY,ALTR,AMBA,AMCX,AMKR,AMRX,ANSS,APPN,APTO,ARCT,ARWR,ASND,ASTH,ATSG,AVTX,BCPC,BEAM,BILI,BJRI,BLUE,BPOP,BRKL,BWIN,BZUN,CARG,CBRL,CBSH,CBUS,CENTA,CERS,CFFN,CHCO,CHEF,CHRD,CINF,CLLS,CMCO,CMCSA,COLL,COMM,COOP,CPB,CRON,CROX,CRUS,CRWD,CTAS,CYBR,CYTK,DGII,DIOD,DOMO,DPZ,DSGR,DXCM,ERIE,ESTA,EXEL,FAST,FCEL,FCFS,FHB,FITBI,FSV,FTDR,FUTU,GLDD,GLPG,GLPI,GOGO,GOSS,GSAT,GYRE,HALO,HAS,HLIT,HLNE,HSDT,HSIC,HTHT,ICHR,IDYA,IMVT,INDB,INSM,IONS,IOSP,ITRI,JBHT,JBLU,JSM,KLIC,KOD,KURA,LAB,LASR,LIN,LKQ,LNT,MBUU,MCRI,MDGL,MEDP,MGNI,MGPI,MGRC,MKTX,MRNA,MRTN,MSEX,MSFT,MU,NAVI,NBTB,NEO,NEOG,NGNE,NSSC,NTAP,NTES,NTLA,NTRS,NYMTN,OBLG,OCFC,ON,ONC,OPI,OSIS,OSW,PALI,PANW,PCAR,PCRX,PCTY,PEBO,PLAB,PLAY,PLMR,PLSE,PLUS,PRTA,PSEC,PSNL,PTCT,PTON,QNST,QRVO,QTTB,RARE,RBCAA,RGNX,SAIC,SGMO,SINT,SNPS,SPSC,SPTN,SSYS,STNE,TBBK,TCPC,TENB,TGTX,TREE,TRUP,TTWO,TW,TXG,UBSI,UCTT,UFPT,UMBF,UPBD,URBN,VBTX,VCTR,VEON,VNET,VRSK,VSEC,WABC,WTFCM,WVE,WW,WWD,XEL,ZD,ZYME
AAL,0.0,0.78,-0.819,0.756,-0.738,0.671,0.724,0.808,-0.009,0.699,-0.593,-0.55,0.132,0.625,0.756,-0.066,0.026,0.687,0.112,-0.641,-0.269,-0.043,0.324,-0.709,0.352,-0.669,0.68,0.394,-0.783,0.364,-0.684,0.86,0.832,0.429,-0.783,0.717,0.43,0.868,0.144,0.739,0.485,0.581,0.756,0.699,0.553,0.93,0.594,0.821,-0.063,-0.617,-0.65,0.688,-0.44,-0.37,-0.283,-0.31,0.884,0.702,0.867,-0.172,0.745,-0.034,0.748,0.632,0.319,0.762,0.063,-0.386,0.424,0.703,-0.434,0.128,0.81,-0.429,0.439,0.639,-0.762,0.622,-0.042,0.108,0.512,-0.728,0.33,-0.587,-0.51,-0.562,0.779,0.816,-0.356,0.429,-0.786,0.548,-0.419,-0.538,0.804,0.588,-0.619,0.648,0.237,0.2,0.442,-0.176,0.464,0.887,-0.629,-0.63,-0.545,-0.384,0.735,0.757,-0.232,0.886,0.186,0.172,0.843,-0.123,0.586,-0.74,-0.727,0.395,0.36,0.345,-0.189,0.615,0.787,0.71,0.148,-0.652,0.404,0.616,0.591,-0.156,0.891,-0.557,-0.269,0.795,-0.224,-0.761,-0.202,0.876,0.757,-0.525,0.696,0.694,0.195,0.438,0.826,0.48,-0.366,0.888,0.408,-0.466,-0.466,-0.508,-0.688,0.333,0.579,0.179,-0.546,-0.788,-0.632,0.795,0.317,-0.619,0.014,0.497,0.491,0.741,-0.661,0.825,-0.489,0.832,0.883,0.699,0.844,-0.355,0.194,0.831,0.685,-0.611,0.821,0.42,0.192,0.783,0.659,0.784,0.806,0.78,0.243,0.398,0.759,0.69,0.768,0.338,0.268,-0.173,0.694,0.766,0.793,0.096
AAON,0.78,0.0,-0.83,0.57,-0.571,0.815,0.756,0.864,-0.245,0.942,-0.287,-0.419,-0.144,0.525,0.699,-0.053,0.345,0.781,0.343,-0.448,0.028,0.137,0.257,-0.796,0.559,-0.513,0.759,0.669,-0.591,0.109,-0.696,0.805,0.892,0.4,-0.877,0.931,-0.028,0.926,0.536,0.798,0.671,0.699,0.865,0.686,0.619,0.859,0.577,0.864,0.016,-0.708,-0.866,0.913,-0.606,-0.342,-0.459,-0.51,0.885,0.906,0.776,0.175,0.822,-0.092,0.816,0.739,0.395,0.608,-0.153,-0.4,0.657,0.854,-0.738,0.207,0.839,-0.348,0.264,0.778,-0.589,0.778,-0.001,-0.147,0.621,-0.619,0.627,-0.317,-0.222,-0.638,0.897,0.927,-0.167,0.141,-0.702,0.69,-0.127,-0.386,0.901,0.523,-0.507,0.766,0.516,0.443,0.567,0.022,0.432,0.86,-0.416,-0.411,-0.722,-0.427,0.766,0.636,-0.343,0.897,0.421,0.446,0.882,-0.069,0.655,-0.783,-0.807,0.665,0.579,0.308,-0.088,0.556,0.876,0.827,0.413,-0.453,0.282,0.615,0.308,0.203,0.853,-0.646,-0.043,0.854,-0.387,-0.669,-0.45,0.871,0.843,-0.656,0.892,0.824,0.174,0.658,0.899,0.596,-0.224,0.866,0.531,-0.367,-0.354,-0.826,-0.605,0.533,0.637,0.335,-0.692,-0.64,-0.58,0.874,0.619,-0.386,0.339,0.25,0.597,0.833,-0.849,0.791,-0.365,0.884,0.852,0.637,0.86,-0.326,0.047,0.883,0.568,-0.585,0.898,0.407,0.436,0.866,0.778,0.863,0.863,0.81,0.495,0.404,0.863,0.883,0.869,0.54,0.556,-0.397,0.734,0.773,0.978,0.451
ACB,-0.819,-0.83,0.0,-0.482,0.84,-0.681,-0.676,-0.735,0.205,-0.756,0.521,0.74,0.269,-0.28,-0.803,0.35,-0.086,-0.657,-0.141,0.45,0.335,0.164,-0.016,0.865,-0.53,0.576,-0.625,-0.408,0.781,-0.013,0.912,-0.745,-0.801,-0.166,0.917,-0.832,-0.079,-0.894,-0.176,-0.684,-0.382,-0.551,-0.756,-0.544,-0.576,-0.828,-0.531,-0.8,0.072,0.849,0.908,-0.719,0.806,0.532,0.702,0.682,-0.876,-0.7,-0.832,0.093,-0.611,0.432,-0.629,-0.592,-0.201,-0.722,0.268,0.675,-0.42,-0.716,0.695,0.011,-0.768,0.391,-0.042,-0.578,0.688,-0.617,0.254,0.239,-0.489,0.81,-0.485,0.545,0.525,0.896,-0.784,-0.769,0.359,-0.271,0.664,-0.491,0.465,0.682,-0.811,-0.392,0.772,-0.674,-0.32,-0.117,-0.578,0.33,-0.194,-0.883,0.464,0.667,0.751,0.676,-0.573,-0.694,0.521,-0.82,-0.279,-0.111,-0.888,0.21,-0.443,0.888,0.933,-0.477,-0.403,-0.122,0.367,-0.385,-0.763,-0.656,-0.178,0.677,-0.038,-0.509,-0.615,0.158,-0.869,0.691,0.329,-0.763,0.641,0.875,0.622,-0.824,-0.678,0.708,-0.811,-0.677,0.005,-0.456,-0.859,-0.326,0.416,-0.921,-0.248,0.629,0.644,0.749,0.798,-0.164,-0.466,-0.102,0.831,0.797,0.854,-0.78,-0.465,0.686,-0.092,-0.186,-0.374,-0.623,0.881,-0.853,0.724,-0.759,-0.936,-0.493,-0.8,0.513,0.032,-0.904,-0.546,0.844,-0.816,-0.233,-0.17,-0.768,-0.693,-0.686,-0.726,-0.63,-0.351,-0.444,-0.652,-0.751,-0.767,-0.539,-0.174,0.567,-0.544,-0.832,-0.867,-0.261
ACGL,0.756,0.57,-0.482,0.0,-0.352,0.57,0.5,0.639,0.109,0.528,-0.387,-0.177,0.517,0.713,0.459,0.302,-0.063,0.613,0.141,-0.575,-0.072,0.029,0.305,-0.349,0.025,-0.569,0.515,0.224,-0.477,0.638,-0.347,0.681,0.617,0.611,-0.443,0.514,0.548,0.597,0.067,0.564,0.509,0.518,0.574,0.604,0.554,0.745,0.334,0.567,-0.026,-0.217,-0.352,0.546,-0.101,-0.27,0.081,0.064,0.648,0.586,0.657,-0.125,0.652,0.298,0.711,0.471,0.592,0.49,0.498,-0.089,0.218,0.531,-0.241,0.109,0.625,-0.404,0.546,0.524,-0.534,0.511,0.213,0.284,0.362,-0.409,0.049,-0.417,-0.372,-0.275,0.6,0.636,-0.216,0.359,-0.519,0.483,-0.198,-0.235,0.613,0.608,-0.321,0.467,0.1,0.221,0.194,0.253,0.557,0.606,-0.55,-0.398,-0.194,0.115,0.568,0.561,0.025,0.688,-0.044,0.273,0.528,0.233,0.545,-0.4,-0.359,0.293,0.23,0.629,0.163,0.79,0.619,0.488,0.168,-0.423,0.669,0.663,0.346,-0.052,0.66,-0.38,-0.222,0.611,0.201,-0.415,0.166,0.676,0.678,-0.18,0.453,0.541,0.4,0.268,0.595,0.54,-0.229,0.65,0.601,-0.072,-0.137,-0.2,-0.465,0.467,0.464,0.251,-0.081,-0.5,-0.278,0.631,0.209,-0.329,0.118,0.495,0.554,0.674,-0.35,0.462,-0.144,0.636,0.66,0.855,0.606,-0.023,0.158,0.553,0.642,-0.335,0.612,0.552,0.222,0.598,0.381,0.581,0.656,0.689,0.057,0.335,0.59,0.514,0.591,-0.007,0.292,-0.041,0.612,0.405,0.539,0.019
ACGLO,-0.738,-0.571,0.84,-0.352,0.0,-0.397,-0.521,-0.573,-0.073,-0.446,0.804,0.879,0.083,-0.231,-0.77,0.532,0.182,-0.456,0.168,0.605,0.659,0.4,0.005,0.81,-0.422,0.71,-0.433,-0.055,0.888,0.131,0.884,-0.589,-0.567,-0.051,0.782,-0.584,-0.141,-0.72,0.2,-0.538,-0.034,-0.194,-0.474,-0.436,-0.296,-0.713,-0.632,-0.61,0.346,0.83,0.703,-0.428,0.69,0.309,0.551,0.534,-0.779,-0.425,-0.821,0.475,-0.347,0.478,-0.42,-0.408,0.159,-0.827,0.283,0.648,-0.17,-0.423,0.362,0.259,-0.559,0.55,-0.179,-0.357,0.773,-0.335,0.454,-0.06,-0.354,0.92,-0.269,0.74,0.751,0.768,-0.559,-0.565,0.621,-0.534,0.687,-0.25,0.753,0.88,-0.544,-0.296,0.899,-0.368,0.005,0.226,-0.306,0.63,-0.049,-0.815,0.621,0.836,0.668,0.728,-0.363,-0.803,0.632,-0.635,-0.133,0.229,-0.799,0.429,-0.192,0.796,0.855,-0.098,-0.074,0.037,0.591,-0.14,-0.489,-0.439,0.218,0.861,0.113,-0.444,-0.838,0.53,-0.758,0.534,0.566,-0.498,0.627,0.878,0.498,-0.725,-0.426,0.53,-0.538,-0.404,0.164,-0.167,-0.628,-0.035,0.65,-0.82,0.103,0.799,0.838,0.48,0.836,0.102,-0.354,0.025,0.767,0.907,0.912,-0.51,-0.041,0.862,0.298,-0.342,-0.126,-0.394,0.712,-0.8,0.843,-0.544,-0.793,-0.268,-0.702,0.636,-0.098,-0.792,-0.594,0.859,-0.563,-0.073,0.139,-0.502,-0.505,-0.486,-0.471,-0.475,-0.022,-0.521,-0.512,-0.439,-0.482,-0.291,0.168,0.241,-0.388,-0.825,-0.637,0.107
ACIW,0.671,0.815,-0.681,0.57,-0.397,0.0,0.763,0.907,-0.197,0.906,-0.13,-0.24,-0.178,0.657,0.588,0.329,0.17,0.947,0.7,-0.411,0.165,0.322,0.449,-0.482,0.671,-0.451,0.861,0.728,-0.328,0.194,-0.599,0.877,0.865,0.28,-0.721,0.843,0.16,0.856,0.494,0.858,0.668,0.852,0.908,0.824,0.827,0.819,0.316,0.905,0.254,-0.448,-0.721,0.93,-0.398,-0.35,-0.368,-0.513,0.815,0.94,0.726,0.315,0.904,0.19,0.929,0.87,0.504,0.328,-0.112,-0.101,0.841,0.93,-0.571,0.408,0.911,-0.214,0.355,0.928,-0.34,0.867,0.037,-0.133,0.763,-0.429,0.753,-0.227,0.027,-0.507,0.879,0.858,0.039,0.123,-0.495,0.909,0.019,-0.169,0.919,0.676,-0.317,0.856,0.755,0.583,0.454,0.093,0.7,0.786,-0.358,-0.149,-0.369,-0.158,0.796,0.36,-0.018,0.891,0.683,0.66,0.692,-0.172,0.823,-0.744,-0.55,0.811,0.766,0.4,0.32,0.655,0.904,0.914,0.595,-0.17,0.382,0.696,0.162,0.37,0.818,-0.653,0.094,0.902,-0.114,-0.474,-0.369,0.847,0.912,-0.619,0.84,0.893,0.486,0.846,0.884,0.856,-0.059,0.72,0.636,-0.103,-0.148,-0.561,-0.508,0.697,0.662,0.515,-0.421,-0.458,-0.374,0.89,0.682,-0.2,0.569,0.304,0.871,0.935,-0.615,0.651,-0.145,0.861,0.802,0.739,0.771,-0.335,-0.263,0.834,0.572,-0.317,0.895,0.74,0.698,0.913,0.889,0.773,0.895,0.798,0.522,0.428,0.828,0.87,0.899,0.423,0.571,-0.237,0.843,0.621,0.811,0.57
ADBE,0.724,0.756,-0.676,0.5,-0.521,0.763,0.0,0.811,-0.436,0.808,-0.188,-0.283,-0.118,0.469,0.645,0.074,0.432,0.748,0.486,-0.314,0.114,0.364,0.429,-0.6,0.555,-0.269,0.697,0.685,-0.505,0.377,-0.524,0.821,0.908,0.232,-0.764,0.828,0.162,0.844,0.497,0.716,0.719,0.721,0.835,0.595,0.544,0.752,0.605,0.852,0.149,-0.543,-0.665,0.753,-0.43,-0.001,-0.373,-0.455,0.782,0.786,0.636,0.269,0.793,-0.055,0.777,0.629,0.386,0.519,-0.235,-0.35,0.639,0.807,-0.625,0.429,0.811,-0.229,0.231,0.712,-0.482,0.639,0.215,-0.273,0.644,-0.44,0.586,-0.206,-0.033,-0.522,0.837,0.746,0.114,-0.028,-0.676,0.686,0.035,-0.226,0.837,0.499,-0.317,0.777,0.523,0.462,0.685,0.041,0.533,0.742,-0.251,-0.29,-0.5,-0.254,0.791,0.432,-0.249,0.825,0.389,0.53,0.816,-0.046,0.724,-0.717,-0.613,0.668,0.475,0.466,-0.046,0.65,0.845,0.862,0.244,-0.33,0.248,0.41,0.188,0.295,0.747,-0.585,0.234,0.842,-0.221,-0.624,-0.305,0.747,0.831,-0.633,0.836,0.873,0.049,0.74,0.841,0.633,0.086,0.66,0.457,-0.35,-0.134,-0.661,-0.352,0.579,0.495,0.272,-0.586,-0.471,-0.441,0.82,0.592,-0.246,0.351,0.107,0.649,0.81,-0.628,0.842,-0.207,0.819,0.715,0.682,0.81,-0.159,0.003,0.744,0.317,-0.361,0.85,0.351,0.489,0.833,0.758,0.851,0.843,0.586,0.614,0.155,0.842,0.852,0.826,0.563,0.561,-0.147,0.715,0.608,0.809,0.567
ADSK,0.808,0.864,-0.735,0.639,-0.573,0.907,0.811,0.0,-0.07,0.877,-0.354,-0.366,-0.044,0.737,0.722,0.204,0.147,0.928,0.522,-0.642,0.009,0.175,0.486,-0.624,0.637,-0.641,0.879,0.645,-0.551,0.172,-0.666,0.931,0.894,0.383,-0.829,0.839,0.175,0.915,0.385,0.921,0.633,0.74,0.888,0.902,0.77,0.926,0.511,0.926,0.111,-0.565,-0.714,0.893,-0.387,-0.263,-0.267,-0.451,0.937,0.92,0.869,0.074,0.905,0.168,0.962,0.843,0.362,0.5,-0.064,-0.154,0.757,0.884,-0.504,0.266,0.924,-0.408,0.53,0.906,-0.597,0.81,-0.058,0.07,0.77,-0.625,0.662,-0.405,-0.155,-0.514,0.918,0.942,-0.188,0.323,-0.71,0.853,-0.156,-0.332,0.912,0.765,-0.48,0.8,0.607,0.462,0.39,-0.046,0.704,0.905,-0.583,-0.343,-0.47,-0.255,0.828,0.623,-0.12,0.94,0.6,0.554,0.84,-0.265,0.805,-0.807,-0.664,0.651,0.625,0.331,0.128,0.626,0.896,0.914,0.408,-0.41,0.388,0.775,0.351,0.168,0.901,-0.623,-0.06,0.888,-0.14,-0.598,-0.358,0.958,0.915,-0.619,0.825,0.87,0.422,0.752,0.901,0.751,-0.252,0.839,0.513,-0.282,-0.298,-0.562,-0.609,0.653,0.763,0.522,-0.495,-0.664,-0.474,0.876,0.479,-0.367,0.305,0.489,0.817,0.95,-0.653,0.791,-0.285,0.915,0.843,0.734,0.922,-0.391,-0.044,0.906,0.71,-0.433,0.901,0.677,0.547,0.904,0.878,0.819,0.901,0.894,0.345,0.552,0.931,0.838,0.874,0.377,0.505,-0.101,0.84,0.779,0.881,0.366
AEP,-0.009,-0.245,0.205,0.109,-0.073,-0.197,-0.436,-0.07,0.0,-0.381,-0.55,-0.218,0.312,0.303,-0.002,-0.031,-0.796,-0.151,-0.341,-0.565,-0.505,-0.408,0.148,0.139,-0.162,-0.513,-0.051,-0.55,-0.16,-0.152,0.031,-0.096,-0.334,-0.024,0.193,-0.377,0.348,-0.203,-0.623,0.008,-0.549,-0.419,-0.34,0.175,-0.129,0.049,-0.042,-0.144,-0.321,0.101,0.321,-0.292,0.428,-0.086,0.437,0.277,-0.054,-0.237,0.16,-0.673,-0.249,0.336,-0.087,0.088,-0.423,0.11,0.322,0.33,-0.172,-0.33,0.69,-0.399,-0.169,-0.18,0.549,-0.066,-0.259,-0.256,-0.424,0.807,-0.008,-0.256,-0.238,-0.521,-0.405,0.338,-0.251,-0.133,-0.575,0.686,-0.144,-0.089,-0.525,-0.263,-0.287,0.127,-0.251,-0.403,-0.273,-0.379,-0.62,-0.321,0.032,0.047,-0.586,-0.219,0.189,-0.01,-0.115,0.289,0.248,-0.111,-0.005,-0.461,-0.205,-0.463,-0.231,0.05,0.18,-0.52,-0.219,-0.356,-0.015,-0.314,-0.327,-0.225,-0.328,-0.197,0.119,0.252,0.412,-0.579,-0.005,0.211,-0.49,-0.302,0.198,0.05,0.299,0.053,-0.277,0.293,-0.444,-0.351,0.235,-0.344,-0.287,-0.235,-0.599,0.006,-0.156,-0.076,-0.352,0.536,-0.257,-0.249,0.25,0.145,0.327,-0.29,0.002,-0.314,-0.638,-0.342,-0.549,0.652,-0.183,-0.159,0.314,-0.212,-0.123,-0.194,-0.094,-0.162,-0.081,-0.323,0.103,-0.078,0.446,0.021,-0.303,0.227,-0.33,-0.283,-0.13,-0.224,-0.262,0.145,-0.604,0.309,-0.082,-0.504,-0.332,-0.492,-0.508,0.532,0.012,0.147,-0.27,-0.761
AGIO,0.699,0.942,-0.756,0.528,-0.446,0.906,0.808,0.877,-0.381,0.0,-0.098,-0.24,-0.197,0.539,0.604,0.149,0.425,0.871,0.576,-0.302,0.238,0.362,0.332,-0.64,0.631,-0.369,0.805,0.821,-0.389,0.175,-0.621,0.834,0.912,0.353,-0.792,0.936,-0.025,0.898,0.667,0.813,0.775,0.833,0.931,0.713,0.709,0.806,0.487,0.876,0.177,-0.553,-0.824,0.965,-0.542,-0.347,-0.479,-0.543,0.827,0.971,0.698,0.408,0.896,0.021,0.871,0.773,0.543,0.421,-0.167,-0.268,0.777,0.939,-0.761,0.409,0.877,-0.252,0.206,0.852,-0.391,0.874,0.084,-0.266,0.705,-0.445,0.727,-0.124,0.009,-0.593,0.919,0.914,0.064,-0.009,-0.579,0.801,0.082,-0.188,0.935,0.606,-0.314,0.874,0.684,0.62,0.581,0.15,0.557,0.787,-0.25,-0.196,-0.566,-0.268,0.781,0.427,-0.228,0.897,0.542,0.656,0.791,-0.019,0.784,-0.731,-0.697,0.835,0.715,0.432,0.139,0.642,0.927,0.902,0.578,-0.239,0.312,0.626,0.121,0.416,0.814,-0.686,0.125,0.908,-0.263,-0.529,-0.43,0.83,0.913,-0.666,0.943,0.91,0.283,0.813,0.917,0.772,-0.01,0.771,0.64,-0.176,-0.139,-0.79,-0.466,0.682,0.594,0.429,-0.607,-0.46,-0.427,0.915,0.758,-0.183,0.584,0.125,0.751,0.903,-0.768,0.726,-0.205,0.892,0.814,0.698,0.802,-0.244,-0.113,0.843,0.489,-0.419,0.929,0.527,0.645,0.922,0.836,0.83,0.915,0.79,0.618,0.36,0.852,0.957,0.921,0.552,0.697,-0.4,0.805,0.642,0.929,0.654
ALEC,-0.593,-0.287,0.521,-0.387,0.804,-0.13,-0.188,-0.354,-0.55,-0.098,0.0,0.792,-0.209,-0.365,-0.547,0.468,0.561,-0.205,0.433,0.769,0.805,0.497,-0.046,0.579,-0.138,0.815,-0.208,0.313,0.813,0.075,0.609,-0.363,-0.235,-0.099,0.46,-0.206,-0.376,-0.423,0.521,-0.328,0.276,0.148,-0.116,-0.339,-0.03,-0.554,-0.558,-0.346,0.531,0.592,0.34,-0.093,0.272,0.178,0.151,0.143,-0.552,-0.156,-0.685,0.772,-0.094,0.189,-0.229,-0.304,0.342,-0.79,-0.013,0.374,0.06,-0.084,-0.114,0.439,-0.276,0.488,-0.443,-0.137,0.769,-0.039,0.464,-0.475,-0.154,0.842,0.043,0.885,0.859,0.399,-0.228,-0.297,0.815,-0.798,0.649,-0.043,0.903,0.858,-0.209,-0.235,0.834,0.024,0.294,0.437,0.092,0.631,-0.011,-0.631,0.791,0.836,0.437,0.558,-0.194,-0.814,0.406,-0.393,0.04,0.499,-0.511,0.49,0.06,0.54,0.538,0.283,0.188,0.122,0.549,0.049,-0.143,-0.171,0.468,0.822,0.009,-0.424,-0.867,0.766,-0.536,0.279,0.729,-0.171,0.327,0.679,0.076,-0.549,-0.141,0.231,-0.139,-0.061,0.161,0.143,-0.275,0.173,0.815,-0.614,0.143,0.729,0.837,0.068,0.775,0.241,-0.363,0.054,0.395,0.863,0.723,-0.17,0.369,0.876,0.597,-0.614,0.08,-0.176,0.386,-0.523,0.696,-0.284,-0.534,-0.138,-0.486,0.607,-0.173,-0.533,-0.65,0.665,-0.227,-0.087,0.411,-0.173,-0.233,-0.275,-0.187,-0.382,0.3,-0.44,-0.345,-0.026,-0.132,0.074,0.426,-0.128,-0.318,-0.683,-0.315,0.553
ALNY,-0.55,-0.419,0.74,-0.177,0.879,-0.24,-0.283,-0.366,-0.218,-0.24,0.792,0.0,0.206,-0.032,-0.654,0.673,0.347,-0.229,0.299,0.515,0.776,0.58,0.144,0.753,-0.394,0.633,-0.283,0.13,0.845,0.281,0.825,-0.38,-0.371,0.17,0.689,-0.415,-0.125,-0.563,0.336,-0.377,0.173,-0.018,-0.277,-0.23,-0.169,-0.543,-0.487,-0.474,0.437,0.843,0.625,-0.26,0.682,0.311,0.56,0.549,-0.611,-0.216,-0.656,0.579,-0.122,0.59,-0.199,-0.3,0.377,-0.762,0.394,0.694,-0.041,-0.222,0.26,0.385,-0.381,0.417,-0.034,-0.195,0.691,-0.129,0.48,-0.052,-0.253,0.882,-0.212,0.768,0.808,0.713,-0.377,-0.361,0.691,-0.544,0.549,-0.106,0.833,0.935,-0.368,-0.036,0.955,-0.175,0.078,0.373,-0.252,0.696,0.145,-0.689,0.544,0.851,0.655,0.849,-0.249,-0.73,0.597,-0.451,-0.085,0.47,-0.648,0.485,0.049,0.732,0.772,0.05,-0.001,0.303,0.683,0.098,-0.292,-0.252,0.256,0.815,0.317,-0.223,-0.857,0.623,-0.609,0.441,0.638,-0.308,0.74,0.863,0.524,-0.542,-0.208,0.469,-0.344,-0.21,0.251,0.005,-0.455,0.194,0.698,-0.693,0.242,0.842,0.951,0.387,0.813,0.396,-0.233,0.145,0.713,0.852,0.94,-0.312,0.068,0.909,0.447,-0.307,0.125,-0.162,0.621,-0.651,0.867,-0.355,-0.647,-0.019,-0.512,0.709,-0.002,-0.641,-0.477,0.84,-0.378,0.062,0.291,-0.313,-0.376,-0.366,-0.255,-0.294,0.043,-0.4,-0.307,-0.235,-0.303,-0.246,0.43,0.28,-0.171,-0.754,-0.485,0.229
ALTR,0.132,-0.144,0.269,0.517,0.083,-0.178,-0.118,-0.044,0.312,-0.197,-0.209,0.206,0.0,0.35,-0.105,0.254,-0.214,-0.059,-0.356,-0.281,-0.059,-0.122,0.137,0.158,-0.448,-0.206,-0.145,-0.314,-0.068,0.412,0.258,-0.062,-0.158,0.44,0.245,-0.229,0.368,-0.163,-0.302,-0.117,-0.028,-0.198,-0.212,0.03,-0.135,0.02,0.072,-0.208,-0.458,0.27,0.329,-0.18,0.38,0.228,0.568,0.623,-0.014,-0.146,0.036,-0.329,-0.017,0.373,0.051,-0.178,0.134,0.129,0.575,0.205,-0.387,-0.259,0.365,-0.137,-0.134,-0.343,0.496,-0.157,-0.131,-0.175,0.379,0.599,-0.155,0.029,-0.479,-0.173,-0.249,0.332,-0.138,-0.064,-0.211,0.312,-0.01,-0.157,-0.12,-0.001,-0.196,0.211,0.082,-0.276,-0.547,-0.223,-0.321,0.287,0.142,-0.063,-0.254,-0.202,0.242,0.514,-0.034,0.188,0.016,-0.06,-0.498,-0.138,-0.093,0.327,-0.047,0.298,0.234,-0.361,-0.338,0.552,0.106,0.316,-0.161,-0.193,-0.27,-0.155,0.422,0.168,0.114,-0.253,-0.073,0.164,-0.225,-0.176,0.515,0.187,0.687,-0.032,-0.029,0.598,-0.309,-0.204,0.157,-0.404,-0.193,-0.012,-0.161,-0.018,0.083,0.143,0.099,0.375,0.013,0.054,-0.142,-0.042,0.438,-0.061,0.213,-0.146,-0.354,-0.053,-0.268,0.383,-0.006,-0.013,0.238,-0.127,0.139,-0.123,-0.084,0.219,-0.041,0.208,0.32,-0.136,0.302,0.097,-0.165,0.108,-0.23,-0.206,-0.368,-0.044,-0.108,0.06,-0.468,0.077,-0.014,-0.225,-0.203,-0.517,-0.048,0.376,0.005,-0.228,-0.176,-0.416
AMBA,0.625,0.525,-0.28,0.713,-0.231,0.657,0.469,0.737,0.303,0.539,-0.365,-0.032,0.35,0.0,0.3,0.526,-0.129,0.716,0.358,-0.71,0.063,0.275,0.659,-0.201,0.237,-0.644,0.635,0.379,-0.293,0.369,-0.211,0.7,0.558,0.616,-0.337,0.416,0.477,0.551,0.194,0.668,0.428,0.488,0.546,0.805,0.517,0.72,0.349,0.614,0.077,-0.092,-0.222,0.574,0.182,-0.085,0.294,0.154,0.608,0.663,0.634,-0.034,0.721,0.678,0.788,0.751,0.395,0.336,0.402,0.311,0.589,0.58,0.036,0.202,0.626,-0.309,0.827,0.684,-0.406,0.624,0.104,0.463,0.485,-0.343,0.33,-0.339,-0.089,0.007,0.551,0.671,-0.185,0.511,-0.553,0.658,-0.115,-0.083,0.572,0.763,-0.179,0.433,0.359,0.404,-0.094,0.101,0.763,0.602,-0.637,-0.135,-0.059,0.157,0.675,0.468,0.301,0.665,0.429,0.425,0.421,-0.2,0.662,-0.378,-0.16,0.349,0.42,0.426,0.389,0.574,0.559,0.658,0.263,-0.188,0.698,0.783,0.194,0.115,0.594,-0.333,-0.076,0.586,0.42,-0.233,0.253,0.718,0.648,-0.233,0.378,0.532,0.53,0.5,0.511,0.709,-0.229,0.505,0.62,0.053,-0.051,-0.043,-0.393,0.666,0.739,0.518,0.07,-0.431,-0.082,0.551,0.16,-0.19,0.187,0.747,0.717,0.772,-0.207,0.352,0.13,0.653,0.514,0.701,0.598,-0.182,0.062,0.555,0.699,-0.034,0.56,0.783,0.392,0.584,0.582,0.578,0.662,0.815,0.102,0.362,0.709,0.426,0.541,-0.047,0.392,0.372,0.833,0.48,0.468,0.009
AMCX,0.756,0.699,-0.803,0.459,-0.77,0.588,0.645,0.722,-0.002,0.604,-0.547,-0.654,-0.105,0.3,0.0,-0.3,-0.033,0.607,0.079,-0.575,-0.392,-0.226,0.043,-0.762,0.507,-0.581,0.563,0.227,-0.791,0.025,-0.811,0.683,0.67,0.095,-0.853,0.716,0.138,0.764,0.014,0.641,0.261,0.371,0.604,0.583,0.512,0.745,0.467,0.721,-0.172,-0.773,-0.745,0.585,-0.591,-0.34,-0.476,-0.589,0.82,0.582,0.795,-0.264,0.514,-0.343,0.623,0.526,-0.011,0.671,-0.293,-0.556,0.338,0.572,-0.48,-0.057,0.659,-0.355,0.29,0.568,-0.76,0.43,-0.272,0.009,0.522,-0.813,0.405,-0.651,-0.503,-0.655,0.693,0.658,-0.423,0.285,-0.664,0.478,-0.471,-0.647,0.659,0.423,-0.703,0.531,0.219,-0.029,0.551,-0.285,0.234,0.822,-0.618,-0.682,-0.689,-0.505,0.577,0.68,-0.469,0.745,0.237,0.092,0.829,-0.269,0.392,-0.813,-0.821,0.279,0.261,0.115,-0.34,0.295,0.627,0.586,-0.005,-0.642,0.021,0.48,0.64,-0.27,0.761,-0.527,-0.233,0.604,-0.553,-0.746,-0.498,0.777,0.593,-0.517,0.675,0.586,0.078,0.364,0.719,0.261,-0.48,0.821,0.067,-0.664,-0.612,-0.596,-0.752,0.204,0.486,0.103,-0.71,-0.808,-0.697,0.629,0.291,-0.678,-0.051,0.31,0.405,0.573,-0.729,0.842,-0.722,0.6,0.806,0.451,0.829,-0.553,0.027,0.809,0.575,-0.752,0.664,0.243,0.11,0.614,0.586,0.639,0.569,0.58,0.179,0.569,0.698,0.592,0.603,0.414,0.138,-0.289,0.468,0.775,0.772,0.097
AMKR,-0.066,-0.053,0.35,0.302,0.532,0.329,0.074,0.204,-0.031,0.149,0.468,0.673,0.254,0.526,-0.3,0.0,0.105,0.354,0.654,0.027,0.608,0.585,0.495,0.554,0.019,0.133,0.289,0.37,0.528,0.406,0.401,0.221,0.1,0.339,0.28,-0.053,0.299,-0.057,0.354,0.222,0.404,0.439,0.226,0.36,0.433,0.046,-0.361,0.095,0.522,0.619,0.304,0.22,0.547,0.05,0.475,0.349,-0.083,0.259,-0.095,0.468,0.403,0.847,0.373,0.265,0.574,-0.516,0.42,0.752,0.408,0.28,0.179,0.504,0.207,0.179,0.369,0.375,0.403,0.373,0.401,0.109,0.245,0.487,0.183,0.413,0.618,0.433,0.108,0.145,0.486,-0.143,0.247,0.463,0.594,0.685,0.16,0.455,0.583,0.28,0.446,0.612,-0.178,0.58,0.702,-0.136,0.093,0.631,0.604,0.774,0.256,-0.403,0.727,0.1,0.339,0.687,-0.28,0.205,0.549,0.234,0.501,0.406,0.433,0.464,0.934,0.507,0.211,0.243,0.543,0.592,0.573,0.302,-0.489,0.606,-0.04,0.055,0.421,0.215,0.808,0.502,0.391,0.04,0.326,0.182,0.005,0.272,0.721,0.417,0.061,0.698,0.475,-0.208,0.542,0.768,0.686,0.334,0.349,0.663,0.191,0.471,0.643,0.432,0.614,0.184,0.235,0.585,0.574,0.167,0.636,0.392,0.401,-0.301,0.712,0.156,-0.114,0.44,-0.048,0.313,-0.242,-0.124,0.053,0.624,0.122,0.695,0.624,0.215,0.177,0.021,0.26,0.262,0.135,-0.018,0.131,0.148,0.203,-0.212,0.451,0.338,0.344,-0.317,-0.11,0.301
AMRX,0.026,0.345,-0.086,-0.063,0.182,0.17,0.432,0.147,-0.796,0.425,0.561,0.347,-0.214,-0.129,-0.033,0.105,0.0,0.146,0.324,0.395,0.624,0.497,0.034,-0.123,0.067,0.454,0.102,0.618,0.163,0.212,0.124,0.123,0.36,0.188,-0.178,0.347,-0.369,0.206,0.756,0.076,0.661,0.387,0.342,-0.047,0.102,0.012,0.157,0.164,0.352,-0.006,-0.212,0.333,-0.187,0.211,-0.132,-0.108,0.068,0.297,-0.146,0.664,0.327,-0.106,0.174,-0.03,0.416,-0.105,-0.148,-0.111,0.253,0.332,-0.596,0.398,0.167,0.084,-0.304,0.146,0.174,0.253,0.479,-0.568,0.084,0.28,0.228,0.545,0.48,-0.089,0.297,0.255,0.553,-0.645,-0.051,0.158,0.626,0.382,0.294,-0.009,0.346,0.38,0.32,0.508,0.518,0.456,0.1,-0.028,0.453,0.3,-0.148,0.081,0.245,-0.15,-0.095,0.153,0.024,0.547,0.252,0.455,0.338,0.0,-0.119,0.475,0.208,0.282,0.048,0.317,0.345,0.294,0.345,0.201,0.106,-0.188,-0.457,0.649,0.011,-0.107,0.586,0.302,-0.042,0.024,-0.187,0.004,0.305,-0.275,0.396,0.381,-0.138,0.381,0.265,0.288,0.57,0.001,0.265,0.163,0.459,-0.502,0.364,0.391,0.002,0.056,-0.254,0.282,0.169,0.308,0.563,0.439,0.462,-0.468,0.215,0.235,-0.241,0.195,0.288,0.278,0.007,0.195,0.169,0.478,0.175,0.052,-0.367,0.122,0.309,-0.167,0.369,0.302,0.145,0.337,0.313,0.025,0.558,-0.274,0.232,0.481,0.332,0.477,0.69,-0.28,0.077,-0.061,0.341,0.672
ANSS,0.687,0.781,-0.657,0.613,-0.456,0.947,0.748,0.928,-0.151,0.871,-0.205,-0.229,-0.059,0.716,0.607,0.354,0.146,0.0,0.643,-0.506,0.114,0.265,0.436,-0.455,0.624,-0.549,0.833,0.655,-0.351,0.186,-0.619,0.877,0.828,0.352,-0.693,0.814,0.168,0.83,0.418,0.856,0.627,0.778,0.865,0.862,0.823,0.827,0.351,0.859,0.193,-0.416,-0.685,0.891,-0.37,-0.317,-0.293,-0.438,0.839,0.919,0.779,0.207,0.881,0.228,0.944,0.822,0.485,0.34,-0.033,-0.051,0.77,0.894,-0.509,0.304,0.878,-0.342,0.452,0.898,-0.363,0.838,-0.03,-0.022,0.733,-0.479,0.67,-0.277,-0.035,-0.487,0.869,0.864,-0.052,0.215,-0.499,0.873,-0.047,-0.204,0.877,0.751,-0.343,0.797,0.662,0.511,0.34,0.057,0.711,0.791,-0.459,-0.188,-0.321,-0.097,0.737,0.432,-0.048,0.88,0.632,0.639,0.703,-0.182,0.817,-0.72,-0.543,0.717,0.671,0.426,0.308,0.649,0.861,0.869,0.494,-0.248,0.397,0.777,0.23,0.278,0.811,-0.62,0.001,0.863,-0.053,-0.463,-0.336,0.876,0.898,-0.566,0.799,0.845,0.505,0.778,0.85,0.841,-0.143,0.731,0.569,-0.12,-0.17,-0.479,-0.552,0.712,0.673,0.53,-0.39,-0.504,-0.374,0.844,0.584,-0.234,0.492,0.377,0.907,0.934,-0.592,0.651,-0.18,0.833,0.799,0.76,0.792,-0.329,-0.225,0.855,0.639,-0.341,0.856,0.763,0.642,0.874,0.834,0.712,0.862,0.833,0.386,0.562,0.827,0.825,0.847,0.332,0.543,-0.142,0.836,0.622,0.784,0.479
APPN,0.112,0.343,-0.141,0.141,0.168,0.7,0.486,0.522,-0.341,0.576,0.433,0.299,-0.356,0.358,0.079,0.654,0.324,0.643,0.0,0.074,0.577,0.624,0.47,0.12,0.542,0.097,0.648,0.74,0.308,0.147,-0.071,0.532,0.511,0.03,-0.23,0.446,0.001,0.382,0.648,0.556,0.588,0.768,0.647,0.535,0.638,0.314,-0.119,0.522,0.646,0.11,-0.225,0.607,-0.002,-0.113,-0.155,-0.34,0.27,0.636,0.172,0.67,0.641,0.416,0.591,0.551,0.517,-0.336,-0.124,0.352,0.804,0.695,-0.355,0.679,0.583,0.193,0.093,0.706,0.233,0.665,0.132,-0.325,0.632,0.197,0.692,0.344,0.642,-0.083,0.524,0.458,0.557,-0.308,-0.011,0.773,0.554,0.45,0.575,0.46,0.279,0.711,0.884,0.792,0.293,0.31,0.702,0.226,0.144,0.509,0.149,0.241,0.475,-0.274,0.381,0.444,0.75,0.884,0.146,-0.094,0.742,-0.284,0.011,0.824,0.784,0.256,0.704,0.473,0.608,0.654,0.727,0.425,0.274,0.366,-0.408,0.759,0.33,-0.304,0.512,0.606,0.216,0.074,-0.238,0.353,0.631,-0.379,0.535,0.697,0.576,0.864,0.503,0.82,0.489,0.116,0.535,0.411,0.416,-0.219,0.139,0.726,0.384,0.565,0.015,0.202,0.19,0.564,0.606,0.435,0.801,-0.082,0.786,0.663,-0.054,0.172,0.373,0.518,0.251,0.447,0.306,0.015,-0.394,0.289,0.055,0.288,0.534,0.665,0.895,0.623,0.66,0.342,0.597,0.407,0.556,0.116,0.438,0.61,0.612,0.302,0.615,-0.052,0.53,0.099,0.342,0.721
APTO,-0.641,-0.448,0.45,-0.575,0.605,-0.411,-0.314,-0.642,-0.565,-0.302,0.769,0.515,-0.281,-0.71,-0.575,0.027,0.395,-0.506,0.074,0.0,0.517,0.34,-0.338,0.483,-0.181,0.908,-0.462,0.075,0.689,-0.045,0.492,-0.554,-0.397,-0.409,0.511,-0.319,-0.378,-0.526,0.293,-0.582,-0.01,-0.09,-0.318,-0.691,-0.344,-0.703,-0.426,-0.515,0.236,0.446,0.309,-0.339,0.046,0.106,-0.175,0.008,-0.685,-0.4,-0.779,0.615,-0.404,-0.222,-0.58,-0.547,0.104,-0.605,-0.243,0.051,-0.253,-0.309,-0.109,0.323,-0.466,0.518,-0.797,-0.453,0.774,-0.3,0.329,-0.643,-0.324,0.763,-0.119,0.81,0.578,0.21,-0.429,-0.547,0.671,-0.792,0.67,-0.368,0.651,0.591,-0.399,-0.573,0.656,-0.163,0.002,0.159,0.151,0.356,-0.413,-0.705,0.949,0.607,0.297,0.263,-0.437,-0.825,0.056,-0.565,-0.226,0.064,-0.575,0.469,-0.288,0.549,0.415,0.089,-0.046,0.015,0.168,-0.197,-0.349,-0.42,0.213,0.668,-0.375,-0.707,-0.681,0.484,-0.608,0.289,0.521,-0.362,0.008,0.529,0.023,-0.736,-0.397,0.283,-0.217,-0.273,-0.27,-0.134,-0.404,-0.205,0.745,-0.642,-0.113,0.473,0.576,0.036,0.718,-0.199,-0.735,-0.312,0.197,0.815,0.47,-0.353,0.231,0.66,0.384,-0.877,-0.358,-0.502,0.332,-0.511,0.391,-0.483,-0.562,-0.426,-0.683,0.464,-0.247,-0.629,-0.806,0.455,-0.392,-0.456,0.086,-0.367,-0.437,-0.451,-0.401,-0.656,0.289,-0.61,-0.603,-0.197,-0.317,0.07,0.081,-0.304,-0.521,-0.737,-0.456,0.435
ARCT,-0.269,0.028,0.335,-0.072,0.659,0.165,0.114,0.009,-0.505,0.238,0.805,0.776,-0.059,0.063,-0.392,0.608,0.624,0.114,0.577,0.517,0.0,0.741,0.234,0.391,-0.024,0.54,0.06,0.601,0.655,0.251,0.49,-0.038,0.057,0.181,0.267,0.067,-0.242,-0.122,0.719,-0.049,0.537,0.37,0.164,-0.011,0.109,-0.211,-0.198,-0.057,0.497,0.496,0.18,0.211,0.31,0.145,0.188,0.161,-0.226,0.222,-0.373,0.853,0.259,0.43,0.143,0.029,0.558,-0.576,0.136,0.407,0.331,0.207,-0.198,0.613,0.015,0.285,-0.145,0.146,0.535,0.276,0.554,-0.308,0.12,0.674,0.187,0.779,0.832,0.34,0.067,0.044,0.737,-0.577,0.301,0.235,0.892,0.787,0.074,0.179,0.76,0.24,0.45,0.671,0.083,0.66,0.284,-0.323,0.587,0.739,0.296,0.527,0.111,-0.551,0.41,-0.066,0.21,0.729,-0.239,0.418,0.363,0.372,0.386,0.501,0.357,0.383,0.649,0.29,0.148,0.187,0.62,0.704,0.293,-0.072,-0.836,0.882,-0.225,0.026,0.667,0.112,0.459,0.549,0.191,-0.21,0.195,0.043,0.139,0.221,0.271,0.39,-0.012,0.487,0.734,-0.323,0.492,0.699,0.834,-0.083,0.633,0.586,-0.048,0.254,0.307,0.664,0.668,0.103,0.486,0.817,0.734,-0.362,0.371,0.201,0.198,-0.274,0.711,0.065,-0.268,0.179,-0.159,0.566,-0.077,-0.232,-0.31,0.627,0.063,0.198,0.582,0.125,0.04,0.058,0.155,0.026,0.412,-0.343,0.049,0.241,0.132,0.119,0.731,-0.052,0.125,-0.445,-0.017,0.624
ARWR,-0.043,0.137,0.164,0.029,0.4,0.322,0.364,0.175,-0.408,0.362,0.497,0.58,-0.122,0.275,-0.226,0.585,0.497,0.265,0.624,0.34,0.741,0.0,0.464,0.259,0.21,0.421,0.251,0.666,0.438,0.383,0.328,0.217,0.283,0.107,0.099,0.189,0.03,0.082,0.718,0.189,0.553,0.49,0.332,0.154,0.204,0.029,0.068,0.22,0.451,0.349,0.051,0.303,0.28,0.104,0.068,0.034,-0.065,0.382,-0.193,0.819,0.405,0.475,0.282,0.3,0.497,-0.312,0.005,0.387,0.539,0.385,-0.145,0.75,0.228,0.372,-0.011,0.347,0.375,0.367,0.509,-0.358,0.325,0.488,0.396,0.583,0.722,0.235,0.207,0.154,0.725,-0.494,-0.023,0.426,0.764,0.65,0.249,0.239,0.605,0.423,0.566,0.77,0.24,0.518,0.455,-0.081,0.405,0.613,0.184,0.406,0.375,-0.445,0.38,0.169,0.36,0.699,-0.097,0.223,0.527,0.087,0.233,0.614,0.47,0.45,0.581,0.361,0.299,0.425,0.518,0.626,0.294,0.036,-0.636,0.813,0.007,-0.133,0.726,0.308,0.408,0.289,0.232,0.012,0.345,-0.108,0.303,0.431,0.184,0.605,0.175,0.613,0.717,-0.166,0.604,0.522,0.684,-0.15,0.468,0.686,0.105,0.299,0.16,0.461,0.464,0.263,0.547,0.614,0.72,-0.286,0.453,0.379,0.106,-0.052,0.622,0.251,-0.076,0.28,-0.007,0.35,-0.21,-0.059,-0.264,0.519,0.241,0.312,0.656,0.31,0.28,0.255,0.369,0.155,0.652,-0.378,0.28,0.349,0.307,0.227,0.688,0.117,0.495,-0.216,0.105,0.656
ASND,0.324,0.257,-0.016,0.305,0.005,0.449,0.429,0.486,0.148,0.332,-0.046,0.144,0.137,0.659,0.043,0.495,0.034,0.436,0.47,-0.338,0.234,0.464,0.0,0.062,0.349,-0.192,0.557,0.475,-0.023,0.275,0.051,0.509,0.423,0.269,-0.173,0.225,0.369,0.323,0.326,0.543,0.387,0.474,0.424,0.58,0.297,0.426,0.221,0.466,0.206,0.104,0.023,0.363,0.316,0.149,0.277,0.103,0.305,0.436,0.269,0.194,0.561,0.618,0.515,0.542,0.183,0.029,0.106,0.427,0.613,0.441,0.119,0.498,0.472,0.015,0.557,0.54,-0.104,0.436,0.239,0.227,0.48,-0.014,0.422,-0.007,0.29,0.203,0.383,0.402,0.188,0.202,-0.375,0.541,0.21,0.214,0.4,0.47,0.098,0.407,0.47,0.519,0.013,0.075,0.693,0.338,-0.231,0.182,0.13,0.211,0.574,0.093,0.391,0.417,0.518,0.455,0.186,-0.29,0.626,-0.218,0.075,0.404,0.487,0.236,0.421,0.423,0.417,0.598,0.278,0.153,0.402,0.387,-0.11,0.362,0.364,-0.173,0.308,0.458,0.393,-0.042,0.225,0.386,0.478,-0.14,0.238,0.48,0.421,0.565,0.334,0.592,0.179,0.154,0.442,0.202,0.203,0.053,0.053,0.574,0.465,0.437,0.148,-0.077,0.159,0.379,0.155,0.124,0.238,0.409,0.509,0.571,0.088,0.216,0.37,0.485,0.18,0.355,0.316,-0.073,0.037,0.224,0.279,0.314,0.39,0.541,0.516,0.436,0.498,0.44,0.517,0.498,0.232,0.006,0.508,0.299,0.419,0.033,0.353,0.484,0.592,0.224,0.229,0.182
ASTH,-0.709,-0.796,0.865,-0.349,0.81,-0.482,-0.6,-0.624,0.139,-0.64,0.579,0.753,0.158,-0.201,-0.762,0.554,-0.123,-0.455,0.12,0.483,0.391,0.259,0.062,0.0,-0.43,0.568,-0.432,-0.268,0.844,0.108,0.806,-0.538,-0.656,-0.171,0.882,-0.74,0.119,-0.785,-0.128,-0.52,-0.29,-0.266,-0.544,-0.37,-0.275,-0.695,-0.693,-0.653,0.323,0.956,0.863,-0.586,0.767,0.237,0.563,0.539,-0.805,-0.561,-0.729,0.23,-0.444,0.526,-0.486,-0.459,0.039,-0.832,0.329,0.773,-0.263,-0.498,0.633,0.183,-0.558,0.409,-0.128,-0.411,0.786,-0.381,0.198,0.081,-0.355,0.837,-0.363,0.594,0.594,0.747,-0.655,-0.653,0.482,-0.291,0.724,-0.299,0.517,0.772,-0.619,-0.218,0.791,-0.418,-0.094,0.071,-0.518,0.322,-0.009,-0.81,0.492,0.771,0.925,0.759,-0.502,-0.809,0.69,-0.673,-0.126,0.062,-0.893,0.171,-0.205,0.775,0.933,-0.237,-0.15,-0.041,0.613,-0.19,-0.563,-0.528,0.061,0.77,0.082,-0.368,-0.608,0.27,-0.716,0.539,0.332,-0.546,0.705,0.855,0.528,-0.716,-0.502,0.608,-0.681,-0.489,0.284,-0.254,-0.679,-0.082,0.521,-0.832,-0.067,0.789,0.716,0.817,0.76,-0.041,-0.429,0.007,0.882,0.836,0.849,-0.579,-0.308,0.717,0.13,-0.222,-0.159,-0.464,0.918,-0.841,0.722,-0.608,-0.768,-0.314,-0.774,0.471,-0.171,-0.814,-0.49,0.852,-0.641,0.026,0.065,-0.554,-0.521,-0.699,-0.534,-0.483,-0.251,-0.389,-0.653,-0.598,-0.555,-0.512,-0.135,0.449,-0.427,-0.833,-0.831,-0.124
ATSG,0.352,0.559,-0.53,0.025,-0.422,0.671,0.555,0.637,-0.162,0.631,-0.138,-0.394,-0.448,0.237,0.507,0.019,0.067,0.624,0.542,-0.181,-0.024,0.21,0.349,-0.43,0.0,-0.237,0.745,0.591,-0.276,-0.29,-0.606,0.61,0.601,-0.243,-0.665,0.625,-0.082,0.642,0.413,0.718,0.328,0.572,0.663,0.545,0.556,0.525,0.278,0.71,0.029,-0.528,-0.63,0.68,-0.482,-0.238,-0.586,-0.746,0.577,0.646,0.507,0.222,0.571,-0.086,0.554,0.683,-0.048,0.235,-0.669,-0.136,0.738,0.679,-0.423,0.405,0.689,-0.054,0.087,0.735,-0.2,0.591,-0.198,-0.264,0.758,-0.424,0.898,-0.149,0.07,-0.489,0.661,0.588,0.016,0.057,-0.368,0.698,-0.014,-0.243,0.651,0.362,-0.368,0.695,0.696,0.427,0.437,-0.218,0.414,0.62,-0.146,-0.111,-0.382,-0.383,0.589,0.17,-0.24,0.618,0.776,0.377,0.519,-0.458,0.584,-0.731,-0.551,0.67,0.697,-0.032,0.108,0.214,0.628,0.699,0.441,-0.052,-0.325,0.367,0.208,0.273,0.622,-0.524,0.075,0.628,-0.432,-0.443,-0.577,0.591,0.6,-0.496,0.672,0.696,0.21,0.732,0.674,0.499,-0.02,0.524,0.164,-0.238,-0.307,-0.529,-0.392,0.321,0.342,0.328,-0.535,-0.377,-0.456,0.609,0.486,-0.231,0.363,0.042,0.504,0.594,-0.475,0.56,-0.293,0.577,0.541,0.18,0.496,-0.645,-0.483,0.631,0.32,-0.29,0.626,0.446,0.572,0.649,0.78,0.509,0.585,0.491,0.479,0.343,0.587,0.629,0.646,0.458,0.246,-0.172,0.524,0.516,0.613,0.532
AVTX,-0.669,-0.513,0.576,-0.569,0.71,-0.451,-0.269,-0.641,-0.513,-0.369,0.815,0.633,-0.206,-0.644,-0.581,0.133,0.454,-0.549,0.097,0.908,0.54,0.421,-0.192,0.568,-0.237,0.0,-0.475,0.054,0.699,0.083,0.653,-0.565,-0.409,-0.355,0.558,-0.408,-0.273,-0.59,0.301,-0.584,0.024,-0.127,-0.368,-0.661,-0.375,-0.733,-0.438,-0.524,0.299,0.548,0.454,-0.424,0.261,0.271,0.051,0.142,-0.735,-0.459,-0.855,0.6,-0.399,-0.076,-0.563,-0.551,0.054,-0.65,-0.186,0.177,-0.231,-0.361,0.027,0.375,-0.509,0.605,-0.656,-0.456,0.743,-0.383,0.47,-0.566,-0.342,0.833,-0.147,0.807,0.675,0.386,-0.469,-0.596,0.755,-0.846,0.616,-0.36,0.742,0.709,-0.454,-0.557,0.764,-0.204,-0.002,0.178,0.18,0.462,-0.311,-0.755,0.901,0.668,0.395,0.401,-0.348,-0.853,0.201,-0.59,-0.245,0.116,-0.602,0.477,-0.24,0.593,0.539,0.025,-0.098,0.029,0.207,-0.17,-0.393,-0.399,0.106,0.743,-0.274,-0.751,-0.734,0.519,-0.687,0.351,0.687,-0.401,0.146,0.593,0.173,-0.773,-0.414,0.349,-0.311,-0.279,-0.251,-0.113,-0.471,-0.196,0.826,-0.742,-0.114,0.506,0.698,0.142,0.832,-0.112,-0.65,-0.269,0.329,0.86,0.612,-0.413,0.18,0.726,0.315,-0.813,-0.331,-0.493,0.466,-0.521,0.535,-0.518,-0.672,-0.402,-0.666,0.55,-0.139,-0.724,-0.875,0.591,-0.442,-0.457,0.089,-0.419,-0.464,-0.411,-0.427,-0.699,0.291,-0.711,-0.547,-0.262,-0.371,0.073,0.132,-0.09,-0.51,-0.76,-0.505,0.38
BCPC,0.68,0.759,-0.625,0.515,-0.433,0.861,0.697,0.879,-0.051,0.805,-0.208,-0.283,-0.145,0.635,0.563,0.289,0.102,0.833,0.648,-0.462,0.06,0.251,0.557,-0.432,0.745,-0.475,0.0,0.692,-0.379,0.121,-0.546,0.906,0.842,0.207,-0.727,0.738,0.217,0.831,0.482,0.941,0.596,0.835,0.903,0.857,0.787,0.833,0.337,0.882,0.205,-0.419,-0.577,0.859,-0.31,-0.349,-0.314,-0.506,0.777,0.859,0.723,0.204,0.874,0.246,0.851,0.831,0.355,0.32,-0.172,0.021,0.828,0.883,-0.434,0.479,0.944,-0.236,0.389,0.921,-0.402,0.828,-0.068,-0.039,0.833,-0.466,0.784,-0.236,0.012,-0.434,0.85,0.877,0.002,0.223,-0.572,0.88,-0.016,-0.15,0.889,0.678,-0.343,0.884,0.729,0.619,0.392,-0.034,0.744,0.785,-0.402,-0.143,-0.305,-0.193,0.801,0.387,0.013,0.868,0.712,0.59,0.652,-0.322,0.852,-0.751,-0.528,0.767,0.807,0.232,0.287,0.622,0.895,0.873,0.566,-0.186,0.277,0.676,0.238,0.316,0.846,-0.583,0.031,0.89,-0.117,-0.483,-0.371,0.838,0.871,-0.527,0.769,0.895,0.55,0.83,0.874,0.78,-0.042,0.718,0.518,-0.089,-0.185,-0.472,-0.429,0.607,0.617,0.536,-0.382,-0.479,-0.369,0.877,0.496,-0.227,0.409,0.353,0.75,0.895,-0.437,0.642,-0.166,0.882,0.74,0.6,0.729,-0.445,-0.209,0.757,0.582,-0.267,0.867,0.724,0.692,0.899,0.904,0.704,0.89,0.84,0.415,0.437,0.79,0.802,0.892,0.362,0.434,-0.097,0.764,0.634,0.768,0.437
BEAM,0.394,0.669,-0.408,0.224,-0.055,0.728,0.685,0.645,-0.55,0.821,0.313,0.13,-0.314,0.379,0.227,0.37,0.618,0.655,0.74,0.075,0.601,0.666,0.475,-0.268,0.591,0.054,0.692,0.0,0.014,0.188,-0.232,0.648,0.742,0.263,-0.486,0.7,-0.106,0.628,0.873,0.638,0.849,0.843,0.806,0.525,0.581,0.507,0.291,0.672,0.436,-0.188,-0.5,0.801,-0.267,-0.191,-0.327,-0.384,0.481,0.79,0.299,0.736,0.794,0.189,0.662,0.611,0.577,0.021,-0.214,0.019,0.818,0.823,-0.623,0.717,0.708,0.034,0.004,0.731,0.007,0.798,0.304,-0.434,0.633,-0.001,0.753,0.328,0.45,-0.289,0.722,0.694,0.449,-0.286,-0.313,0.714,0.501,0.251,0.756,0.459,0.121,0.838,0.821,0.863,0.508,0.284,0.561,0.449,0.163,0.257,-0.258,-0.039,0.701,0.002,0.071,0.638,0.615,0.794,0.468,0.068,0.794,-0.409,-0.337,0.918,0.798,0.354,0.381,0.581,0.783,0.815,0.772,0.209,0.264,0.337,-0.299,0.761,0.525,-0.513,0.459,0.773,-0.023,-0.179,-0.312,0.502,0.762,-0.525,0.766,0.826,0.324,0.866,0.708,0.8,0.428,0.4,0.65,0.197,0.271,-0.613,0.006,0.712,0.38,0.438,-0.34,-0.011,-0.024,0.745,0.794,0.242,0.752,-0.118,0.668,0.745,-0.422,0.437,0.195,0.739,0.449,0.494,0.48,0.019,-0.183,0.487,0.123,0.048,0.746,0.46,0.809,0.786,0.722,0.653,0.786,0.582,0.733,0.006,0.629,0.823,0.79,0.544,0.774,-0.265,0.648,0.29,0.658,0.833
BILI,-0.783,-0.591,0.781,-0.477,0.888,-0.328,-0.505,-0.551,-0.16,-0.389,0.813,0.845,-0.068,-0.293,-0.791,0.528,0.163,-0.351,0.308,0.689,0.655,0.438,-0.023,0.844,-0.276,0.699,-0.379,0.014,0.0,-0.028,0.755,-0.539,-0.552,-0.199,0.786,-0.534,-0.253,-0.684,0.209,-0.491,-0.07,-0.122,-0.406,-0.402,-0.236,-0.717,-0.643,-0.579,0.42,0.825,0.62,-0.369,0.549,0.206,0.34,0.337,-0.759,-0.363,-0.772,0.556,-0.331,0.407,-0.412,-0.382,0.172,-0.9,0.154,0.668,-0.081,-0.333,0.298,0.299,-0.498,0.491,-0.307,-0.297,0.928,-0.247,0.252,-0.177,-0.265,0.919,-0.147,0.812,0.796,0.634,-0.515,-0.546,0.665,-0.545,0.794,-0.181,0.734,0.864,-0.494,-0.274,0.881,-0.279,0.123,0.278,-0.35,0.49,-0.042,-0.79,0.708,0.912,0.719,0.667,-0.462,-0.884,0.558,-0.616,0.021,0.292,-0.811,0.3,-0.147,0.727,0.812,0.02,0.021,0.003,0.648,-0.177,-0.441,-0.4,0.307,0.889,-0.004,-0.378,-0.833,0.563,-0.708,0.446,0.515,-0.442,0.551,0.895,0.324,-0.697,-0.387,0.439,-0.446,-0.354,0.201,-0.064,-0.569,0.033,0.662,-0.812,0.059,0.818,0.812,0.469,0.802,0.107,-0.406,0.107,0.676,0.935,0.847,-0.46,0.015,0.895,0.439,-0.446,-0.055,-0.366,0.676,-0.784,0.78,-0.518,-0.734,-0.305,-0.719,0.538,-0.272,-0.718,-0.589,0.835,-0.518,-0.008,0.249,-0.437,-0.404,-0.582,-0.438,-0.477,-0.003,-0.404,-0.559,-0.367,-0.427,-0.267,0.15,0.164,-0.349,-0.817,-0.652,0.234
BJRI,0.364,0.109,-0.013,0.638,0.131,0.194,0.377,0.172,-0.152,0.175,0.075,0.281,0.412,0.369,0.025,0.406,0.212,0.186,0.147,-0.045,0.251,0.383,0.275,0.108,-0.29,0.083,0.121,0.188,-0.028,0.0,0.218,0.323,0.338,0.423,0.042,0.112,0.604,0.156,0.174,0.114,0.501,0.372,0.269,0.145,0.201,0.252,0.128,0.208,0.231,0.263,0.114,0.132,0.283,0.042,0.312,0.335,0.101,0.191,0.057,0.204,0.358,0.357,0.314,0.067,0.644,0.098,0.559,0.098,0.018,0.23,-0.05,0.363,0.241,0.017,0.219,0.151,-0.079,0.139,0.561,0.008,0.065,0.183,-0.209,0.062,0.052,0.156,0.209,0.152,0.326,-0.142,-0.22,0.188,0.262,0.279,0.25,0.24,0.253,0.251,0.033,0.311,0.264,0.517,0.387,0.071,-0.017,0.052,0.181,0.417,0.367,0.022,0.347,0.271,-0.305,0.287,0.089,0.523,0.354,0.062,0.133,0.188,0.003,0.628,0.254,0.683,0.304,0.213,0.073,0.053,0.629,0.092,-0.127,0.229,0.155,-0.06,0.309,0.312,0.455,-0.027,0.476,0.131,0.343,-0.01,0.14,0.312,0.154,0.156,0.206,0.38,0.355,0.077,0.577,0.226,0.405,0.056,0.167,0.378,0.123,0.098,0.217,0.081,0.211,0.3,0.206,0.152,0.203,0.068,0.299,0.319,0.092,0.128,0.319,0.285,0.151,0.642,0.161,0.529,0.173,-0.003,-0.012,0.178,0.269,0.209,0.194,0.281,0.039,0.348,0.362,0.179,0.266,-0.28,0.229,0.241,0.286,0.038,0.331,0.138,0.328,-0.127,0.087,0.167
BLUE,-0.684,-0.696,0.912,-0.347,0.884,-0.599,-0.524,-0.666,0.031,-0.621,0.609,0.825,0.258,-0.211,-0.811,0.401,0.124,-0.619,-0.071,0.492,0.49,0.328,0.051,0.806,-0.606,0.653,-0.546,-0.232,0.755,0.218,0.0,-0.641,-0.638,0.009,0.859,-0.729,-0.018,-0.794,0.023,-0.643,-0.155,-0.389,-0.619,-0.525,-0.534,-0.732,-0.456,-0.704,0.225,0.853,0.885,-0.623,0.829,0.494,0.722,0.741,-0.824,-0.593,-0.837,0.269,-0.464,0.482,-0.544,-0.538,0.019,-0.68,0.384,0.636,-0.336,-0.595,0.566,0.167,-0.666,0.476,-0.095,-0.536,0.636,-0.507,0.455,0.102,-0.511,0.866,-0.489,0.627,0.601,0.875,-0.691,-0.664,0.513,-0.375,0.55,-0.452,0.605,0.788,-0.68,-0.35,0.856,-0.538,-0.249,0.058,-0.432,0.471,-0.126,-0.849,0.521,0.708,0.689,0.7,-0.429,-0.683,0.595,-0.722,-0.321,0.022,-0.804,0.377,-0.317,0.885,0.916,-0.342,-0.336,0.005,0.377,-0.213,-0.617,-0.537,-0.083,0.702,0.15,-0.514,-0.728,0.321,-0.809,0.634,0.458,-0.614,0.703,0.818,0.688,-0.777,-0.562,0.602,-0.696,-0.544,-0.019,-0.344,-0.752,-0.217,0.573,-0.871,-0.035,0.683,0.785,0.622,0.88,-0.029,-0.387,-0.097,0.798,0.833,0.893,-0.638,-0.305,0.761,0.013,-0.23,-0.31,-0.513,0.835,-0.787,0.832,-0.604,-0.873,-0.331,-0.721,0.687,0.168,-0.876,-0.619,0.876,-0.682,-0.245,-0.102,-0.633,-0.63,-0.517,-0.559,-0.553,-0.171,-0.619,-0.553,-0.605,-0.623,-0.389,0.015,0.477,-0.439,-0.812,-0.743,-0.141
