,AAL,AAON,ACB,ACGL,ACGLO,ACIW,ADBE,ADSK,AEP,AGIO,ALEC,ALNY,ALTR,AMBA,AMCX,AMKR,AMRX,ANSS,APPN,APTO,ARCT,ARWR,ASND,ASTH,ATSG,AVTX,BCPC,BEAM,BILI,BJRI,BLUE,BPOP,BRKL,BWIN,BZUN,CARG,CBRL,CBSH,CBUS,CENTA,CERS,CFFN,CHCO,CHEF,CHRD,CINF,CLLS,CMCO,CMCSA,COLL,COMM,COOP,CPB,CRON,CROX,CRUS,CRWD,CTAS,CYBR,CYTK,DGII,DIOD,DOMO,DPZ,DSGR,DXCM,ERIE,ESTA,EXEL,FAST,FCEL,FCFS,FHB,FITBI,FSV,FTDR,FUTU,GLDD,GLPG,GLPI,GOGO,GOSS,GSAT,GYRE,HALO,HAS,HLIT,HLNE,HSDT,HSIC,HTHT,ICHR,IDYA,IMVT,INDB,INSM,IONS,IOSP,ITRI,JBHT,JBLU,JSM,KLIC,KOD,KURA,LAB,LASR,LIN,LKQ,LNT,MBUU,MCRI,MDGL,MEDP,MGNI,MGPI,MGRC,MKTX,MRNA,MRTN,MSEX,MSFT,MU,NAVI,NBTB,NEO,NEOG,NGNE,NSSC,NTAP,NTES,NTLA,NTRS,NYMTN,OBLG,OCFC,ON,ONC,OPI,OSIS,OSW,PALI,PANW,PCAR,PCRX,PCTY,PEBO,PLAB,PLAY,PLMR,PLSE,PLUS,PRTA,PSEC,PSNL,PTCT,PTON,QNST,QRVO,QTTB,RARE,RBCAA,RGNX,SAIC,SGMO,SINT,SNPS,SPSC,SPTN,SSYS,STNE,TBBK,TCPC,TENB,TGTX,TREE,TRUP,TTWO,TW,TXG,UBSI,UCTT,UFPT,UMBF,UPBD,URBN,VBTX,VCTR,VEON,VNET,VRSK,VSEC,WABC,WTFCM,WVE,WW,WWD,XEL,ZD,ZYME
AAL,0.0,0.306,-0.722,0.825,0.751,0.732,0.861,0.71,0.821,0.034,-0.405,-0.422,-0.407,0.674,0.135,-0.379,0.78,-0.158,0.693,-0.721,0.145,0.182,-0.417,0.124,0.296,-0.784,0.729,0.202,0.777,0.428,-0.875,0.612,0.718,0.812,0.129,0.391,0.035,0.723,-0.702,0.195,0.073,0.512,0.721,0.811,-0.71,0.878,0.625,-0.095,0.394,0.689,0.643,0.739,0.821,-0.211,0.44,0.342,0.493,0.756,0.175,0.049,0.373,-0.046,0.104,-0.822,0.557,-0.197,0.843,0.173,-0.74,0.009,-0.403,0.575,0.591,0.827,0.823,0.735,0.235,0.309,0.602,0.832,0.659,0.61,0.349,0.607,0.67,0.772,0.51,0.686,0.435,0.472,0.704,-0.157,0.194,0.685,0.629,-0.055,0.343,0.435,0.344,0.571,0.243,0.468,-0.143,-0.11,0.566,0.623,0.246,0.729,0.609,0.919,0.51,0.841,0.163,-0.662,0.642,0.559,0.269,0.616,-0.587,0.265,0.672,0.009,-0.316,0.785,0.708,-0.198,-0.286,0.033,-0.69,-0.372,-0.698,-0.172,0.827,0.85,-0.582,0.714,0.019,0.266,-0.136,0.266,0.592,-0.33,0.525,0.426,0.466,0.431,0.617,0.442,-0.292,0.711,0.26,0.361,0.435,0.929,0.513,0.351,0.702,0.594,0.124,0.928,0.691,0.63,-0.415,0.859,-0.845,-0.655,-0.467,-0.522,0.922,-0.414,-0.353,0.683,0.719,-0.392,0.412,0.651,0.58,0.701,0.155,0.802,0.656,-0.378,0.661,0.747,0.38,-0.674,0.765,0.636,-0.667,0.794,0.865,0.31,0.62,0.849,-0.238,-0.304,0.482,0.889,0.832,0.81
AAON,0.306,0.0,-0.163,0.564,0.564,0.781,0.594,0.763,0.074,0.779,0.583,0.433,0.402,0.597,0.69,0.616,0.646,0.489,0.732,-0.467,0.826,0.643,0.522,0.604,0.795,-0.127,0.746,0.876,0.084,0.845,-0.515,0.736,0.752,0.484,0.021,0.735,0.611,0.723,0.17,0.643,0.737,0.787,0.657,0.601,0.236,0.406,0.747,0.788,0.586,0.417,0.69,0.731,0.195,0.071,0.911,0.857,0.838,0.671,0.798,0.601,0.771,0.83,0.49,-0.42,0.891,0.273,0.626,0.896,-0.45,0.836,-0.325,0.26,0.727,0.345,0.592,0.725,0.603,0.62,0.555,0.444,0.263,0.43,0.668,0.796,0.823,0.728,0.783,0.788,-0.03,0.756,0.43,0.554,0.79,0.425,0.726,0.691,0.481,0.916,0.891,0.766,-0.313,0.043,0.685,0.641,0.864,0.825,0.83,0.679,0.825,0.411,0.16,0.392,0.564,0.138,0.804,0.799,0.899,-0.106,-0.038,0.674,0.28,0.416,0.222,0.687,0.768,0.412,0.512,0.519,0.009,0.407,-0.415,0.654,0.615,0.592,-0.485,0.725,0.726,0.72,0.651,0.852,0.604,-0.442,0.717,0.739,0.292,0.58,0.771,0.832,0.33,0.763,0.717,0.924,0.745,0.314,0.651,0.878,0.63,0.377,0.86,0.26,0.764,0.754,0.246,0.443,-0.388,-0.018,0.246,0.416,0.482,0.282,0.294,0.772,0.384,0.263,0.769,0.801,0.827,0.768,0.636,0.639,0.74,0.407,0.812,0.69,0.664,-0.454,0.631,0.825,-0.554,0.16,0.448,0.866,0.75,0.174,0.502,0.305,0.692,0.252,0.678,0.614
ACB,-0.722,-0.163,0.0,-0.796,-0.661,-0.578,-0.626,-0.532,-0.892,0.081,0.51,0.362,0.696,-0.691,0.009,0.554,-0.687,0.543,-0.355,0.817,0.159,-0.148,0.588,-0.156,-0.382,0.55,-0.564,-0.11,-0.698,-0.358,0.623,-0.494,-0.561,-0.868,0.207,-0.15,0.332,-0.597,0.874,-0.077,0.188,-0.273,-0.586,-0.746,0.839,-0.793,-0.624,0.194,-0.173,-0.792,-0.378,-0.424,-0.683,0.761,-0.27,-0.023,-0.129,-0.745,0.037,0.289,0.074,0.258,0.337,0.905,-0.378,0.557,-0.715,-0.12,0.716,0.157,0.711,-0.071,-0.509,-0.865,-0.766,-0.563,0.209,-0.415,-0.75,-0.826,-0.613,-0.423,-0.134,-0.582,-0.502,-0.613,-0.202,-0.571,-0.701,-0.292,-0.649,0.569,-0.097,-0.53,-0.51,0.184,-0.466,-0.26,-0.291,-0.266,-0.372,-0.713,0.458,0.266,-0.404,-0.552,0.111,-0.678,-0.414,-0.729,-0.459,-0.581,0.12,0.759,-0.575,-0.333,-0.011,-0.69,0.865,0.076,-0.629,0.454,0.711,-0.604,-0.565,0.332,0.192,0.043,0.87,0.574,0.822,0.449,-0.638,-0.642,0.75,-0.613,0.322,-0.167,0.139,-0.077,-0.6,0.543,-0.308,-0.001,-0.363,-0.511,-0.519,-0.098,0.585,-0.509,0.094,-0.089,-0.238,-0.772,-0.159,-0.17,-0.75,-0.705,0.129,-0.78,-0.646,-0.562,0.766,-0.767,0.669,0.813,0.731,0.576,-0.673,0.609,0.696,-0.569,-0.392,0.724,-0.137,-0.484,-0.428,-0.68,-0.081,-0.435,-0.575,0.717,-0.412,-0.653,-0.427,0.815,-0.66,-0.362,0.704,-0.884,-0.732,-0.003,-0.409,-0.679,0.56,0.505,-0.638,-0.805,-0.733,-0.817
ACGL,0.825,0.564,-0.796,0.0,0.831,0.906,0.877,0.88,0.805,0.252,-0.245,-0.268,-0.298,0.903,0.293,-0.232,0.936,-0.243,0.766,-0.898,0.207,0.297,-0.261,0.341,0.673,-0.558,0.91,0.486,0.684,0.612,-0.884,0.855,0.908,0.968,-0.086,0.514,0.047,0.913,-0.599,0.437,0.258,0.72,0.901,0.981,-0.589,0.961,0.784,0.239,0.43,0.849,0.684,0.839,0.688,-0.449,0.651,0.484,0.572,0.967,0.367,0.044,0.423,0.126,0.03,-0.932,0.751,-0.266,0.953,0.464,-0.88,0.245,-0.651,0.402,0.857,0.887,0.963,0.841,0.202,0.708,0.906,0.958,0.642,0.507,0.379,0.836,0.832,0.929,0.701,0.902,0.536,0.675,0.797,-0.15,0.357,0.584,0.879,0.07,0.498,0.704,0.61,0.619,0.152,0.531,-0.058,0.019,0.759,0.848,0.33,0.956,0.757,0.889,0.546,0.79,0.109,-0.647,0.802,0.751,0.466,0.541,-0.743,0.361,0.789,-0.138,-0.465,0.926,0.908,-0.202,0.051,0.15,-0.745,-0.308,-0.893,-0.089,0.956,0.892,-0.815,0.937,0.082,0.445,0.077,0.428,0.804,-0.511,0.544,0.442,0.529,0.79,0.88,0.539,-0.393,0.89,0.235,0.546,0.55,0.867,0.491,0.58,0.925,0.837,0.303,0.806,0.877,0.894,-0.478,0.875,-0.831,-0.732,-0.559,-0.325,0.886,-0.397,-0.401,0.883,0.583,-0.495,0.404,0.857,0.771,0.855,0.444,0.766,0.899,-0.395,0.818,0.952,0.711,-0.88,0.948,0.778,-0.892,0.845,0.903,0.515,0.813,0.772,-0.2,-0.315,0.821,0.884,0.96,0.958
ACGLO,0.751,0.564,-0.661,0.831,0.0,0.815,0.812,0.789,0.599,0.374,-0.069,0.062,-0.18,0.765,0.48,-0.017,0.883,0.012,0.777,-0.801,0.405,0.443,-0.105,0.525,0.547,-0.359,0.784,0.523,0.603,0.754,-0.819,0.707,0.837,0.805,0.045,0.559,0.328,0.786,-0.469,0.428,0.425,0.717,0.765,0.823,-0.441,0.75,0.83,0.175,0.656,0.67,0.859,0.804,0.663,-0.283,0.645,0.587,0.622,0.842,0.388,0.169,0.528,0.285,0.356,-0.793,0.797,-0.029,0.81,0.551,-0.788,0.291,-0.42,0.317,0.705,0.893,0.871,0.864,0.209,0.584,0.763,0.748,0.619,0.72,0.562,0.765,0.859,0.889,0.69,0.856,0.27,0.664,0.609,0.081,0.516,0.738,0.759,0.252,0.629,0.669,0.647,0.738,0.04,0.569,0.116,0.264,0.679,0.834,0.485,0.816,0.838,0.798,0.3,0.722,0.485,-0.305,0.841,0.786,0.552,0.417,-0.453,0.441,0.684,0.094,-0.17,0.807,0.806,0.064,0.022,0.246,-0.564,-0.017,-0.67,0.159,0.805,0.882,-0.658,0.819,0.265,0.676,0.29,0.469,0.672,-0.52,0.611,0.511,0.458,0.595,0.764,0.503,-0.099,0.795,0.453,0.63,0.533,0.711,0.668,0.628,0.819,0.697,0.403,0.687,0.897,0.807,-0.35,0.805,-0.862,-0.477,-0.278,-0.26,0.829,-0.133,-0.189,0.741,0.556,-0.222,0.584,0.851,0.842,0.857,0.314,0.749,0.782,-0.139,0.803,0.825,0.606,-0.708,0.785,0.797,-0.711,0.575,0.76,0.485,0.734,0.694,-0.022,-0.015,0.706,0.774,0.862,0.853
ACIW,0.732,0.781,-0.578,0.906,0.815,0.0,0.855,0.937,0.599,0.478,0.055,-0.038,-0.031,0.855,0.517,0.103,0.939,0.059,0.885,-0.775,0.497,0.44,0.054,0.472,0.785,-0.47,0.95,0.706,0.526,0.749,-0.819,0.901,0.946,0.847,-0.015,0.701,0.304,0.919,-0.335,0.551,0.529,0.847,0.904,0.915,-0.304,0.834,0.84,0.498,0.568,0.769,0.769,0.912,0.555,-0.208,0.817,0.725,0.768,0.926,0.578,0.32,0.651,0.456,0.267,-0.794,0.883,-0.059,0.899,0.682,-0.766,0.515,-0.566,0.46,0.896,0.745,0.915,0.89,0.424,0.73,0.837,0.844,0.548,0.567,0.518,0.9,0.9,0.944,0.842,0.947,0.335,0.821,0.707,0.154,0.586,0.583,0.916,0.328,0.517,0.859,0.799,0.746,-0.003,0.359,0.253,0.292,0.891,0.909,0.6,0.933,0.857,0.785,0.482,0.743,0.327,-0.382,0.884,0.858,0.711,0.351,-0.501,0.55,0.699,0.127,-0.201,0.952,0.959,0.09,0.248,0.335,-0.504,-0.055,-0.765,0.238,0.93,0.854,-0.7,0.953,0.386,0.577,0.302,0.61,0.806,-0.513,0.695,0.626,0.493,0.765,0.936,0.742,-0.104,0.915,0.461,0.78,0.684,0.726,0.618,0.756,0.877,0.708,0.596,0.695,0.899,0.927,-0.163,0.799,-0.746,-0.501,-0.275,-0.041,0.816,-0.155,-0.117,0.926,0.583,-0.192,0.602,0.923,0.868,0.875,0.589,0.847,0.93,-0.081,0.914,0.943,0.772,-0.757,0.921,0.894,-0.825,0.646,0.83,0.721,0.882,0.608,0.117,-0.08,0.816,0.735,0.94,0.897
ADBE,0.861,0.594,-0.626,0.877,0.812,0.855,0.0,0.875,0.634,0.36,-0.098,-0.1,-0.15,0.832,0.341,-0.047,0.876,0.105,0.877,-0.721,0.431,0.303,-0.089,0.322,0.507,-0.661,0.831,0.447,0.572,0.618,-0.945,0.79,0.833,0.826,0.087,0.612,0.295,0.85,-0.45,0.379,0.341,0.679,0.784,0.906,-0.488,0.87,0.765,0.184,0.574,0.699,0.788,0.871,0.667,-0.114,0.718,0.639,0.768,0.892,0.559,0.219,0.611,0.212,0.294,-0.829,0.791,-0.015,0.891,0.491,-0.742,0.322,-0.493,0.523,0.712,0.793,0.902,0.843,0.424,0.546,0.693,0.8,0.63,0.611,0.462,0.752,0.892,0.88,0.749,0.833,0.324,0.66,0.687,0.145,0.459,0.629,0.758,0.223,0.528,0.691,0.541,0.76,-0.011,0.274,0.189,0.074,0.807,0.791,0.56,0.889,0.797,0.877,0.29,0.846,0.351,-0.457,0.772,0.73,0.569,0.353,-0.446,0.4,0.682,0.257,-0.106,0.886,0.827,-0.12,-0.042,0.172,-0.507,-0.096,-0.655,0.117,0.898,0.938,-0.621,0.811,0.35,0.533,0.072,0.516,0.692,-0.334,0.757,0.64,0.463,0.629,0.763,0.677,-0.181,0.864,0.435,0.639,0.585,0.832,0.691,0.684,0.735,0.63,0.447,0.789,0.831,0.758,-0.255,0.789,-0.832,-0.514,-0.238,-0.274,0.946,-0.216,-0.077,0.792,0.649,-0.154,0.64,0.844,0.782,0.836,0.417,0.868,0.772,-0.099,0.851,0.833,0.516,-0.697,0.825,0.836,-0.781,0.658,0.898,0.577,0.752,0.794,0.058,-0.124,0.62,0.791,0.918,0.845
ADSK,0.71,0.763,-0.532,0.88,0.789,0.937,0.875,0.0,0.551,0.497,0.073,-0.046,0.014,0.857,0.487,0.136,0.905,0.113,0.91,-0.736,0.498,0.369,0.103,0.388,0.726,-0.481,0.916,0.662,0.48,0.682,-0.832,0.887,0.898,0.812,0.043,0.728,0.295,0.883,-0.255,0.552,0.515,0.801,0.855,0.907,-0.279,0.829,0.779,0.484,0.51,0.754,0.755,0.89,0.483,-0.149,0.819,0.748,0.804,0.91,0.664,0.337,0.67,0.44,0.345,-0.761,0.854,-0.038,0.882,0.657,-0.731,0.506,-0.545,0.497,0.853,0.7,0.878,0.846,0.477,0.729,0.791,0.809,0.495,0.486,0.47,0.854,0.895,0.896,0.872,0.9,0.324,0.798,0.742,0.216,0.562,0.517,0.873,0.305,0.562,0.839,0.718,0.724,-0.103,0.242,0.309,0.236,0.895,0.861,0.636,0.931,0.818,0.767,0.398,0.754,0.305,-0.385,0.816,0.821,0.715,0.31,-0.466,0.543,0.695,0.197,-0.139,0.929,0.913,-0.002,0.248,0.316,-0.455,-0.056,-0.696,0.249,0.903,0.847,-0.628,0.906,0.432,0.571,0.225,0.592,0.747,-0.457,0.73,0.647,0.485,0.752,0.891,0.778,-0.141,0.908,0.444,0.774,0.658,0.707,0.655,0.794,0.797,0.666,0.619,0.64,0.852,0.869,-0.111,0.735,-0.712,-0.488,-0.225,-0.038,0.818,-0.171,-0.054,0.87,0.496,-0.133,0.598,0.902,0.868,0.833,0.588,0.818,0.875,-0.024,0.891,0.898,0.711,-0.709,0.892,0.869,-0.809,0.611,0.833,0.738,0.851,0.624,0.166,-0.107,0.767,0.702,0.926,0.852
AEP,0.821,0.074,-0.892,0.805,0.599,0.599,0.634,0.551,0.0,-0.178,-0.681,-0.635,-0.701,0.65,-0.087,-0.677,0.682,-0.593,0.412,-0.773,-0.247,0.024,-0.682,-0.002,0.309,-0.657,0.607,0.014,0.805,0.218,-0.661,0.494,0.57,0.842,-0.151,0.174,-0.397,0.593,-0.884,0.039,-0.229,0.302,0.637,0.748,-0.889,0.87,0.489,-0.246,0.082,0.796,0.338,0.477,0.756,-0.605,0.194,-0.004,0.116,0.717,-0.128,-0.281,-0.033,-0.346,-0.339,-0.856,0.296,-0.533,0.738,-0.019,-0.74,-0.272,-0.607,0.352,0.525,0.825,0.764,0.56,-0.129,0.354,0.692,0.879,0.606,0.403,0.086,0.505,0.432,0.617,0.249,0.563,0.693,0.277,0.681,-0.603,-0.048,0.504,0.525,-0.289,0.273,0.207,0.191,0.231,0.369,0.634,-0.54,-0.335,0.362,0.47,-0.164,0.663,0.349,0.822,0.638,0.65,-0.207,-0.887,0.5,0.327,-0.035,0.799,-0.9,-0.045,0.711,-0.453,-0.741,0.636,0.58,-0.427,-0.292,-0.14,-0.918,-0.668,-0.834,-0.52,0.703,0.642,-0.665,0.631,-0.406,0.01,-0.296,-0.036,0.544,-0.415,0.218,0.019,0.419,0.453,0.523,0.115,-0.66,0.523,-0.136,0.042,0.198,0.865,0.142,0.085,0.715,0.695,-0.192,0.875,0.571,0.549,-0.701,0.811,-0.689,-0.874,-0.826,-0.675,0.722,-0.67,-0.728,0.549,0.447,-0.775,0.047,0.464,0.38,0.563,0.117,0.515,0.563,-0.78,0.411,0.672,0.381,-0.755,0.692,0.358,-0.682,0.942,0.799,0.021,0.44,0.748,-0.619,-0.581,0.536,0.92,0.724,0.778
AGIO,0.034,0.779,0.081,0.252,0.374,0.478,0.36,0.497,-0.178,0.0,0.637,0.572,0.47,0.341,0.655,0.714,0.358,0.63,0.55,-0.245,0.782,0.601,0.635,0.587,0.546,0.121,0.437,0.666,-0.098,0.713,-0.248,0.414,0.447,0.145,0.134,0.66,0.695,0.418,0.389,0.485,0.683,0.556,0.34,0.308,0.389,0.1,0.549,0.634,0.536,0.166,0.554,0.454,0.044,0.256,0.736,0.764,0.71,0.424,0.704,0.539,0.696,0.767,0.574,-0.132,0.678,0.421,0.283,0.765,-0.233,0.757,-0.152,0.145,0.404,0.107,0.331,0.586,0.606,0.406,0.272,0.122,0.029,0.409,0.731,0.502,0.611,0.475,0.614,0.546,-0.247,0.597,0.114,0.64,0.743,0.323,0.404,0.692,0.341,0.691,0.67,0.621,-0.511,-0.13,0.734,0.736,0.602,0.592,0.769,0.417,0.657,0.172,-0.007,0.161,0.653,0.4,0.616,0.591,0.8,-0.334,0.201,0.543,0.076,0.566,0.452,0.361,0.438,0.357,0.415,0.391,0.233,0.641,-0.088,0.757,0.3,0.35,-0.18,0.406,0.709,0.754,0.659,0.672,0.273,-0.315,0.592,0.623,0.07,0.314,0.457,0.67,0.465,0.463,0.71,0.79,0.539,0.059,0.607,0.711,0.348,0.125,0.786,-0.015,0.575,0.454,0.348,0.173,-0.13,0.322,0.476,0.4,0.241,0.532,0.465,0.434,0.054,0.433,0.68,0.57,0.69,0.559,0.559,0.413,0.411,0.55,0.582,0.377,0.405,-0.177,0.302,0.633,-0.27,-0.175,0.207,0.665,0.454,-0.08,0.563,0.525,0.427,0.018,0.398,0.346
ALEC,-0.405,0.583,0.51,-0.245,-0.069,0.055,-0.098,0.073,-0.681,0.637,0.0,0.781,0.748,-0.083,0.47,0.901,-0.071,0.722,0.126,0.275,0.707,0.407,0.806,0.462,0.31,0.439,0.038,0.624,-0.491,0.391,0.188,0.087,0.055,-0.288,0.257,0.311,0.677,-0.011,0.694,0.467,0.673,0.286,-0.079,-0.19,0.798,-0.415,0.165,0.709,0.387,-0.27,0.198,0.074,-0.474,0.418,0.398,0.53,0.402,-0.107,0.568,0.581,0.518,0.827,0.557,0.364,0.36,0.563,-0.155,0.638,0.302,0.747,0.24,-0.152,0.048,-0.374,-0.191,0.049,0.375,0.183,-0.109,-0.359,-0.207,0.033,0.342,0.215,0.2,-0.005,0.274,0.079,-0.399,0.257,-0.228,0.772,0.603,-0.059,0.085,0.593,0.118,0.413,0.441,0.297,-0.398,-0.39,0.843,0.635,0.32,0.221,0.638,-0.069,0.257,-0.361,-0.34,-0.186,0.579,0.733,0.154,0.257,0.591,-0.667,0.665,0.447,-0.316,0.567,0.655,-0.048,0.063,0.672,0.653,0.644,0.638,0.724,0.398,0.807,-0.148,-0.097,0.162,-0.0,0.808,0.498,0.645,0.524,0.045,-0.008,0.296,0.417,-0.113,0.06,0.107,0.415,0.703,0.075,0.528,0.567,0.382,-0.439,0.307,0.502,-0.123,-0.222,0.687,-0.47,0.056,0.08,0.722,-0.303,0.257,0.637,0.758,0.816,-0.225,0.652,0.703,0.097,-0.103,0.73,0.462,0.177,0.246,0.11,0.175,0.037,0.065,0.821,0.236,-0.062,0.18,0.28,-0.097,0.253,0.141,-0.573,-0.35,0.489,0.139,-0.398,0.809,0.617,0.087,-0.515,-0.086,-0.15
ALNY,-0.422,0.433,0.362,-0.268,0.062,-0.038,-0.1,-0.046,-0.635,0.572,0.781,0.0,0.535,-0.079,0.541,0.799,-0.087,0.646,0.047,0.226,0.655,0.476,0.692,0.447,0.168,0.517,-0.097,0.467,-0.484,0.438,0.214,0.007,-0.01,-0.271,0.077,0.231,0.649,-0.041,0.577,0.291,0.559,0.153,-0.134,-0.201,0.672,-0.428,0.243,0.446,0.36,-0.284,0.225,-0.03,-0.387,0.267,0.359,0.429,0.329,-0.107,0.521,0.413,0.353,0.671,0.551,0.253,0.3,0.526,-0.24,0.526,0.329,0.559,0.157,-0.406,-0.027,-0.239,-0.164,0.011,0.19,0.065,-0.119,-0.409,-0.132,0.108,0.357,0.1,0.204,-0.049,0.157,0.018,-0.483,0.148,-0.325,0.651,0.602,-0.07,-0.034,0.66,0.356,0.295,0.37,0.315,-0.347,-0.243,0.721,0.579,0.191,0.15,0.557,-0.089,0.263,-0.355,-0.553,-0.256,0.608,0.798,0.174,0.127,0.455,-0.652,0.615,0.313,-0.33,0.503,0.609,-0.149,-0.027,0.628,0.463,0.388,0.607,0.71,0.4,0.754,-0.236,-0.08,0.158,-0.101,0.676,0.521,0.672,0.437,-0.035,-0.057,0.324,0.312,-0.1,-0.01,0.009,0.242,0.613,-0.011,0.473,0.404,0.253,-0.48,0.288,0.446,-0.15,-0.231,0.556,-0.481,0.092,-0.0,0.427,-0.339,0.209,0.638,0.729,0.633,-0.231,0.648,0.642,-0.018,-0.11,0.68,0.492,0.119,0.193,0.135,0.185,-0.056,-0.016,0.728,0.125,-0.129,0.125,0.275,-0.203,0.167,0.158,-0.58,-0.334,0.283,0.043,-0.387,0.646,0.622,0.052,-0.492,-0.122,-0.172
ALTR,-0.407,0.402,0.696,-0.298,-0.18,-0.031,-0.15,0.014,-0.701,0.47,0.748,0.535,0.0,-0.16,0.367,0.808,-0.162,0.685,0.155,0.352,0.511,0.137,0.767,0.334,0.163,0.396,-0.036,0.407,-0.531,0.133,0.177,0.061,-0.023,-0.382,0.263,0.286,0.591,-0.061,0.784,0.298,0.612,0.23,-0.11,-0.223,0.805,-0.391,-0.134,0.609,0.2,-0.396,0.091,0.101,-0.525,0.598,0.316,0.485,0.368,-0.212,0.505,0.558,0.474,0.65,0.569,0.495,0.197,0.578,-0.169,0.413,0.29,0.593,0.525,0.11,0.012,-0.463,-0.274,-0.086,0.555,0.127,-0.245,-0.419,-0.309,-0.178,0.203,-0.032,0.074,-0.059,0.305,0.003,-0.59,0.256,-0.128,0.813,0.307,-0.196,0.043,0.488,-0.036,0.301,0.289,0.193,-0.412,-0.531,0.763,0.495,0.12,0.028,0.556,-0.148,0.113,-0.394,-0.369,-0.186,0.387,0.675,-0.063,0.218,0.454,-0.536,0.668,0.415,-0.281,0.564,0.688,-0.083,-0.021,0.509,0.468,0.371,0.673,0.648,0.434,0.651,-0.126,-0.153,0.295,-0.072,0.71,0.299,0.407,0.431,-0.054,0.277,0.105,0.35,-0.179,-0.037,0.016,0.389,0.633,0.02,0.428,0.462,0.166,-0.464,0.237,0.35,-0.235,-0.308,0.592,-0.521,-0.074,-0.006,0.758,-0.342,0.286,0.619,0.706,0.748,-0.263,0.568,0.695,-0.025,-0.1,0.749,0.231,0.081,0.119,-0.118,0.243,-0.041,-0.034,0.824,0.141,-0.132,0.041,0.365,-0.131,0.189,0.239,-0.597,-0.332,0.515,0.093,-0.357,0.7,0.523,-0.05,-0.512,-0.205,-0.308
AMBA,0.674,0.597,-0.691,0.903,0.765,0.855,0.832,0.857,0.65,0.341,-0.083,-0.079,-0.16,0.0,0.291,-0.053,0.908,-0.144,0.765,-0.784,0.25,0.233,-0.078,0.323,0.683,-0.434,0.86,0.543,0.524,0.56,-0.798,0.878,0.83,0.904,-0.114,0.578,0.067,0.839,-0.44,0.424,0.312,0.692,0.8,0.937,-0.466,0.861,0.736,0.319,0.404,0.83,0.623,0.76,0.437,-0.426,0.694,0.573,0.61,0.916,0.497,0.084,0.414,0.212,0.058,-0.826,0.74,-0.295,0.876,0.56,-0.731,0.301,-0.647,0.305,0.795,0.79,0.894,0.729,0.191,0.799,0.889,0.859,0.548,0.379,0.232,0.801,0.83,0.82,0.736,0.829,0.428,0.599,0.733,-0.001,0.418,0.454,0.833,0.158,0.67,0.691,0.615,0.547,0.059,0.353,0.091,-0.025,0.774,0.788,0.44,0.922,0.67,0.719,0.331,0.781,0.147,-0.537,0.724,0.687,0.506,0.45,-0.633,0.337,0.818,-0.03,-0.373,0.887,0.844,-0.137,0.239,0.273,-0.63,-0.25,-0.765,-0.019,0.855,0.798,-0.7,0.863,0.253,0.47,0.053,0.407,0.811,-0.423,0.598,0.383,0.503,0.805,0.843,0.591,-0.407,0.804,0.172,0.599,0.504,0.714,0.464,0.659,0.793,0.813,0.437,0.649,0.815,0.836,-0.331,0.744,-0.724,-0.663,-0.442,-0.159,0.777,-0.378,-0.311,0.783,0.395,-0.354,0.391,0.822,0.742,0.781,0.465,0.673,0.837,-0.234,0.782,0.861,0.702,-0.783,0.879,0.72,-0.843,0.749,0.833,0.522,0.738,0.702,-0.062,-0.335,0.851,0.739,0.894,0.855
AMCX,0.135,0.69,0.009,0.293,0.48,0.517,0.341,0.487,-0.087,0.655,0.47,0.541,0.367,0.291,0.0,0.566,0.458,0.464,0.518,-0.28,0.747,0.677,0.438,0.595,0.489,0.095,0.446,0.675,0.065,0.762,-0.247,0.426,0.526,0.221,0.137,0.47,0.724,0.486,0.279,0.562,0.807,0.582,0.443,0.328,0.329,0.159,0.6,0.593,0.509,0.209,0.552,0.469,0.125,0.215,0.711,0.638,0.657,0.382,0.631,0.386,0.645,0.759,0.651,-0.262,0.675,0.491,0.273,0.628,-0.203,0.7,-0.098,0.005,0.506,0.148,0.375,0.505,0.464,0.364,0.308,0.157,0.224,0.429,0.694,0.527,0.566,0.516,0.549,0.529,-0.161,0.647,0.17,0.547,0.71,0.165,0.462,0.656,0.305,0.711,0.717,0.675,-0.171,-0.023,0.598,0.667,0.578,0.604,0.676,0.44,0.708,0.239,0.092,0.135,0.525,0.38,0.583,0.568,0.661,-0.347,0.167,0.625,0.117,0.343,0.317,0.366,0.502,0.564,0.376,0.351,0.206,0.502,-0.149,0.737,0.36,0.412,-0.28,0.445,0.591,0.568,0.702,0.668,0.331,-0.374,0.47,0.663,0.364,0.399,0.513,0.604,0.483,0.526,0.682,0.675,0.695,0.077,0.552,0.689,0.403,0.178,0.644,-0.004,0.548,0.502,0.155,0.139,-0.225,0.282,0.354,0.385,0.287,0.508,0.421,0.512,0.349,0.351,0.662,0.598,0.619,0.525,0.508,0.499,0.495,0.442,0.542,0.433,0.551,-0.204,0.33,0.651,-0.357,-0.083,0.19,0.565,0.548,-0.002,0.516,0.534,0.403,0.104,0.412,0.336
AMKR,-0.379,0.616,0.554,-0.232,-0.017,0.103,-0.047,0.136,-0.677,0.714,0.901,0.799,0.808,-0.053,0.566,0.0,-0.05,0.842,0.251,0.271,0.775,0.412,0.885,0.425,0.318,0.393,0.045,0.597,-0.506,0.418,0.148,0.126,0.08,-0.303,0.209,0.479,0.733,0.028,0.785,0.354,0.714,0.315,-0.043,-0.152,0.824,-0.373,0.167,0.688,0.348,-0.257,0.26,0.146,-0.447,0.523,0.501,0.667,0.526,-0.069,0.682,0.701,0.595,0.873,0.682,0.372,0.391,0.58,-0.133,0.655,0.266,0.752,0.246,-0.033,0.083,-0.357,-0.156,0.1,0.537,0.165,-0.15,-0.366,-0.273,0.038,0.403,0.168,0.262,0.037,0.392,0.116,-0.583,0.321,-0.196,0.888,0.633,-0.045,0.086,0.732,0.196,0.443,0.47,0.365,-0.551,-0.454,0.93,0.713,0.32,0.199,0.752,-0.027,0.304,-0.321,-0.38,-0.158,0.616,0.78,0.189,0.29,0.657,-0.633,0.673,0.485,-0.295,0.708,0.762,-0.005,0.084,0.618,0.563,0.481,0.69,0.792,0.39,0.879,-0.114,-0.061,0.234,0.01,0.873,0.53,0.657,0.581,-0.001,0.022,0.387,0.488,-0.173,0.011,0.124,0.526,0.712,0.108,0.613,0.642,0.322,-0.446,0.384,0.565,-0.126,-0.292,0.811,-0.461,0.111,0.082,0.742,-0.288,0.255,0.646,0.834,0.784,-0.192,0.701,0.779,0.081,-0.129,0.826,0.513,0.206,0.322,0.122,0.393,0.067,0.058,0.914,0.261,-0.046,0.159,0.3,-0.099,0.306,0.173,-0.6,-0.276,0.589,0.161,-0.414,0.818,0.667,0.076,-0.492,-0.058,-0.163
AMRX,0.78,0.646,-0.687,0.936,0.883,0.939,0.876,0.905,0.682,0.358,-0.071,-0.087,-0.162,0.908,0.458,-0.05,0.0,-0.09,0.833,-0.833,0.365,0.352,-0.106,0.439,0.695,-0.457,0.923,0.615,0.622,0.686,-0.868,0.883,0.93,0.914,-0.02,0.591,0.21,0.897,-0.473,0.542,0.441,0.803,0.89,0.945,-0.45,0.879,0.83,0.343,0.571,0.817,0.761,0.863,0.586,-0.341,0.709,0.607,0.667,0.931,0.482,0.16,0.538,0.3,0.203,-0.864,0.833,-0.124,0.912,0.591,-0.793,0.36,-0.562,0.401,0.859,0.844,0.946,0.857,0.243,0.757,0.892,0.884,0.657,0.587,0.416,0.88,0.886,0.929,0.774,0.916,0.428,0.753,0.74,0.03,0.503,0.593,0.904,0.185,0.575,0.77,0.702,0.695,0.103,0.439,0.108,0.122,0.825,0.885,0.479,0.94,0.812,0.821,0.434,0.806,0.295,-0.476,0.829,0.803,0.584,0.441,-0.577,0.477,0.828,0.009,-0.314,0.937,0.93,0.023,0.178,0.317,-0.624,-0.171,-0.783,0.091,0.928,0.889,-0.734,0.938,0.271,0.544,0.2,0.476,0.815,-0.505,0.633,0.528,0.584,0.782,0.907,0.611,-0.247,0.888,0.326,0.663,0.63,0.77,0.575,0.719,0.876,0.807,0.452,0.729,0.885,0.911,-0.308,0.834,-0.81,-0.598,-0.407,-0.163,0.857,-0.277,-0.242,0.872,0.574,-0.312,0.518,0.916,0.828,0.852,0.428,0.802,0.918,-0.215,0.869,0.936,0.748,-0.793,0.934,0.84,-0.849,0.732,0.853,0.577,0.842,0.746,0.007,-0.158,0.818,0.816,0.952,0.907
ANSS,-0.158,0.489,0.543,-0.243,0.012,0.059,0.105,0.113,-0.593,0.63,0.722,0.646,0.685,-0.144,0.464,0.842,-0.09,0.0,0.347,0.29,0.807,0.315,0.785,0.282,0.038,0.063,-0.027,0.325,-0.436,0.35,-0.025,-0.003,0.02,-0.357,0.316,0.492,0.82,-0.004,0.676,0.157,0.552,0.2,-0.112,-0.158,0.639,-0.31,0.106,0.386,0.411,-0.366,0.373,0.201,-0.2,0.782,0.446,0.648,0.612,-0.093,0.622,0.703,0.659,0.704,0.772,0.338,0.339,0.69,-0.088,0.464,0.206,0.642,0.34,0.214,-0.081,-0.314,-0.156,0.159,0.727,-0.13,-0.359,-0.393,-0.287,0.225,0.501,0.025,0.272,0.045,0.346,0.061,-0.646,0.241,-0.22,0.923,0.495,0.137,-0.055,0.696,0.079,0.322,0.258,0.461,-0.631,-0.531,0.884,0.64,0.254,0.111,0.773,-0.068,0.318,-0.14,-0.45,-0.06,0.699,0.715,0.162,0.263,0.623,-0.575,0.734,0.421,-0.387,0.927,0.936,-0.01,0.001,0.463,0.143,0.251,0.715,0.814,0.433,0.837,-0.086,0.067,0.326,-0.08,0.834,0.504,0.452,0.591,-0.188,0.201,0.49,0.626,-0.197,-0.222,-0.015,0.578,0.785,0.11,0.773,0.585,0.269,-0.246,0.576,0.46,-0.212,-0.46,0.698,-0.262,0.102,-0.046,0.714,-0.194,0.111,0.66,0.918,0.475,-0.006,0.725,0.866,0.021,0.046,0.893,0.64,0.145,0.307,0.121,0.258,0.213,-0.08,0.925,0.243,-0.112,-0.141,0.337,-0.175,0.327,0.224,-0.604,-0.128,0.547,0.085,-0.277,0.797,0.666,-0.185,-0.367,-0.05,-0.171
APPN,0.693,0.732,-0.355,0.766,0.777,0.885,0.877,0.91,0.412,0.55,0.126,0.047,0.155,0.765,0.518,0.251,0.833,0.347,0.0,-0.629,0.616,0.301,0.242,0.396,0.595,-0.499,0.817,0.586,0.373,0.663,-0.849,0.799,0.837,0.659,0.168,0.828,0.489,0.809,-0.124,0.447,0.586,0.789,0.756,0.813,-0.174,0.733,0.703,0.409,0.626,0.612,0.857,0.919,0.481,0.123,0.816,0.849,0.899,0.814,0.703,0.476,0.808,0.478,0.521,-0.62,0.85,0.145,0.819,0.655,-0.679,0.539,-0.354,0.636,0.735,0.626,0.803,0.845,0.639,0.607,0.611,0.652,0.399,0.566,0.538,0.745,0.9,0.863,0.921,0.855,0.099,0.791,0.629,0.427,0.558,0.575,0.782,0.406,0.49,0.79,0.646,0.803,-0.274,0.092,0.444,0.34,0.825,0.786,0.772,0.841,0.829,0.737,0.242,0.76,0.486,-0.214,0.765,0.852,0.787,0.233,-0.252,0.563,0.589,0.463,0.131,0.884,0.832,0.036,0.107,0.252,-0.289,0.146,-0.538,0.382,0.852,0.859,-0.461,0.813,0.573,0.654,0.238,0.636,0.606,-0.272,0.788,0.752,0.363,0.575,0.798,0.847,0.043,0.86,0.606,0.833,0.56,0.639,0.794,0.793,0.674,0.489,0.7,0.591,0.81,0.778,0.037,0.685,-0.738,-0.326,-0.016,-0.057,0.827,0.006,0.155,0.765,0.491,0.084,0.691,0.873,0.881,0.767,0.574,0.843,0.759,0.184,0.895,0.802,0.54,-0.56,0.783,0.899,-0.674,0.427,0.798,0.805,0.791,0.601,0.298,0.037,0.593,0.649,0.846,0.739
APTO,-0.721,-0.467,0.817,-0.898,-0.801,-0.775,-0.721,-0.736,-0.773,-0.245,0.275,0.226,0.352,-0.784,-0.28,0.271,-0.833,0.29,-0.629,0.0,-0.141,-0.249,0.299,-0.41,-0.618,0.441,-0.762,-0.374,-0.626,-0.616,0.76,-0.69,-0.808,-0.875,0.06,-0.474,-0.017,-0.797,0.617,-0.355,-0.179,-0.631,-0.797,-0.853,0.587,-0.834,-0.739,-0.111,-0.403,-0.799,-0.664,-0.693,-0.675,0.537,-0.533,-0.372,-0.414,-0.876,-0.2,0.004,-0.309,-0.071,0.019,0.863,-0.656,0.27,-0.86,-0.432,0.895,-0.151,0.601,-0.331,-0.74,-0.873,-0.882,-0.794,-0.108,-0.609,-0.823,-0.848,-0.572,-0.536,-0.433,-0.754,-0.724,-0.843,-0.55,-0.833,-0.515,-0.608,-0.75,0.242,-0.257,-0.664,-0.759,-0.045,-0.45,-0.557,-0.533,-0.543,-0.073,-0.638,0.145,-0.1,-0.584,-0.788,-0.192,-0.828,-0.689,-0.811,-0.524,-0.629,-0.113,0.577,-0.768,-0.705,-0.39,-0.59,0.746,-0.282,-0.66,0.245,0.477,-0.784,-0.778,0.199,0.062,-0.045,0.736,0.259,0.87,0.13,-0.813,-0.791,0.819,-0.844,0.039,-0.488,-0.125,-0.372,-0.662,0.548,-0.409,-0.306,-0.406,-0.631,-0.766,-0.388,0.343,-0.761,-0.251,-0.436,-0.393,-0.784,-0.455,-0.446,-0.91,-0.761,-0.209,-0.718,-0.839,-0.813,0.555,-0.869,0.75,0.681,0.563,0.415,-0.771,0.353,0.465,-0.763,-0.455,0.563,-0.322,-0.766,-0.742,-0.813,-0.313,-0.611,-0.782,0.444,-0.692,-0.863,-0.593,0.861,-0.834,-0.678,0.76,-0.761,-0.789,-0.379,-0.691,-0.644,0.328,0.262,-0.771,-0.837,-0.866,-0.91
ARCT,0.145,0.826,0.159,0.207,0.405,0.497,0.431,0.498,-0.247,0.782,0.707,0.655,0.511,0.25,0.747,0.775,0.365,0.807,0.616,-0.141,0.0,0.617,0.682,0.518,0.437,-0.046,0.417,0.696,-0.143,0.763,-0.336,0.425,0.484,0.104,0.225,0.657,0.864,0.446,0.416,0.482,0.779,0.589,0.362,0.269,0.469,0.082,0.58,0.617,0.64,0.054,0.676,0.537,0.116,0.474,0.766,0.821,0.824,0.349,0.782,0.682,0.835,0.863,0.765,-0.118,0.748,0.636,0.302,0.764,-0.149,0.82,-0.022,0.232,0.393,0.082,0.301,0.555,0.693,0.242,0.142,0.05,0.115,0.484,0.748,0.523,0.658,0.474,0.623,0.503,-0.335,0.576,0.081,0.797,0.804,0.347,0.4,0.784,0.314,0.716,0.648,0.798,-0.509,-0.222,0.859,0.774,0.669,0.579,0.903,0.376,0.719,0.231,-0.131,0.213,0.781,0.5,0.611,0.617,0.87,-0.437,0.399,0.68,-0.044,0.739,0.637,0.394,0.476,0.527,0.311,0.412,0.396,0.71,0.009,0.894,0.317,0.445,-0.132,0.393,0.862,0.72,0.691,0.772,0.211,-0.206,0.718,0.83,0.134,0.218,0.456,0.765,0.651,0.522,0.887,0.832,0.635,0.076,0.754,0.788,0.261,-0.032,0.845,0.049,0.53,0.416,0.484,0.148,-0.231,0.382,0.632,0.44,0.333,0.616,0.677,0.478,0.32,0.625,0.903,0.587,0.671,0.556,0.494,0.55,0.415,0.719,0.618,0.37,0.338,-0.065,0.277,0.691,-0.24,-0.23,0.201,0.737,0.519,-0.001,0.741,0.611,0.259,0.001,0.399,0.285
ARWR,0.182,0.643,-0.148,0.297,0.443,0.44,0.303,0.369,0.024,0.601,0.407,0.476,0.137,0.233,0.677,0.412,0.352,0.315,0.301,-0.249,0.617,0.0,0.233,0.529,0.469,0.025,0.466,0.657,0.149,0.762,-0.16,0.343,0.438,0.273,-0.069,0.242,0.548,0.441,0.059,0.515,0.466,0.405,0.38,0.31,0.185,0.138,0.652,0.529,0.357,0.149,0.39,0.37,0.257,-0.003,0.631,0.474,0.478,0.392,0.418,0.327,0.418,0.633,0.385,-0.315,0.572,0.212,0.238,0.518,-0.162,0.551,-0.244,-0.187,0.436,0.231,0.346,0.49,0.227,0.215,0.327,0.236,0.233,0.45,0.691,0.504,0.494,0.478,0.338,0.453,-0.03,0.418,0.089,0.313,0.734,0.281,0.359,0.527,0.412,0.647,0.736,0.564,0.088,0.254,0.399,0.617,0.545,0.554,0.51,0.362,0.644,0.225,0.182,0.12,0.481,0.267,0.649,0.421,0.483,-0.243,0.034,0.602,0.081,0.192,0.123,0.277,0.427,0.525,0.392,0.445,0.05,0.32,-0.225,0.563,0.281,0.31,-0.342,0.381,0.404,0.456,0.675,0.616,0.424,-0.535,0.461,0.492,0.428,0.392,0.419,0.422,0.421,0.439,0.557,0.539,0.759,0.163,0.33,0.493,0.433,0.279,0.459,0.162,0.564,0.431,0.011,0.19,-0.17,0.163,0.242,0.363,0.245,0.338,0.149,0.501,0.4,0.216,0.581,0.445,0.488,0.599,0.372,0.455,0.459,0.242,0.441,0.382,0.559,-0.267,0.287,0.475,-0.332,0.032,0.163,0.392,0.439,-0.057,0.346,0.386,0.486,0.065,0.389,0.431
ASND,-0.417,0.522,0.588,-0.261,-0.105,0.054,-0.089,0.103,-0.682,0.635,0.806,0.692,0.767,-0.078,0.438,0.885,-0.106,0.785,0.242,0.299,0.682,0.233,0.0,0.303,0.235,0.343,-0.028,0.441,-0.621,0.297,0.153,0.093,0.027,-0.362,0.083,0.467,0.644,-0.012,0.81,0.25,0.595,0.264,-0.084,-0.186,0.787,-0.368,0.059,0.608,0.278,-0.293,0.212,0.109,-0.448,0.574,0.412,0.575,0.469,-0.115,0.619,0.629,0.513,0.728,0.545,0.403,0.3,0.516,-0.16,0.579,0.255,0.706,0.193,0.011,0.045,-0.408,-0.196,0.046,0.545,0.109,-0.201,-0.393,-0.408,-0.068,0.288,0.068,0.185,-0.03,0.35,0.066,-0.578,0.261,-0.272,0.822,0.493,-0.096,0.048,0.667,0.076,0.36,0.347,0.26,-0.634,-0.532,0.83,0.64,0.242,0.112,0.666,-0.068,0.215,-0.342,-0.402,-0.214,0.487,0.723,0.098,0.26,0.614,-0.602,0.634,0.37,-0.347,0.689,0.729,-0.009,0.034,0.473,0.447,0.301,0.682,0.765,0.366,0.764,-0.139,-0.107,0.276,-0.023,0.751,0.456,0.542,0.517,-0.101,0.091,0.354,0.421,-0.224,-0.041,0.08,0.465,0.671,0.069,0.534,0.563,0.155,-0.462,0.353,0.472,-0.178,-0.364,0.705,-0.492,0.037,0.031,0.689,-0.319,0.25,0.616,0.772,0.676,-0.227,0.661,0.741,0.023,-0.221,0.775,0.427,0.131,0.253,0.02,0.394,0.002,-0.003,0.85,0.19,-0.085,0.046,0.308,-0.137,0.243,0.202,-0.621,-0.238,0.54,0.11,-0.457,0.775,0.598,-0.028,-0.498,-0.127,-0.216
ASTH,0.124,0.604,-0.156,0.341,0.525,0.472,0.322,0.388,-0.002,0.587,0.462,0.447,0.334,0.323,0.595,0.425,0.439,0.282,0.396,-0.41,0.518,0.529,0.303,0.0,0.591,0.182,0.436,0.625,0.092,0.701,-0.263,0.401,0.519,0.297,0.015,0.439,0.553,0.457,0.036,0.48,0.608,0.588,0.415,0.326,0.157,0.161,0.568,0.457,0.627,0.213,0.567,0.465,0.174,-0.076,0.554,0.533,0.437,0.421,0.383,0.345,0.476,0.588,0.409,-0.265,0.614,0.31,0.346,0.708,-0.374,0.566,-0.073,0.012,0.44,0.338,0.396,0.547,0.238,0.461,0.425,0.193,0.233,0.489,0.603,0.527,0.549,0.551,0.432,0.579,-0.012,0.617,0.206,0.35,0.59,0.464,0.488,0.451,0.306,0.578,0.681,0.543,-0.121,0.28,0.4,0.615,0.457,0.643,0.467,0.4,0.642,0.245,0.101,0.198,0.524,0.277,0.584,0.63,0.563,-0.09,0.034,0.437,0.21,0.172,0.156,0.364,0.478,0.47,0.37,0.44,-0.044,0.455,-0.244,0.471,0.382,0.4,-0.438,0.477,0.45,0.719,0.628,0.595,0.423,-0.365,0.305,0.408,0.131,0.385,0.495,0.37,0.385,0.473,0.562,0.626,0.504,0.139,0.465,0.55,0.514,0.324,0.497,0.11,0.604,0.545,0.054,0.341,-0.295,0.093,0.177,0.336,0.275,0.337,0.163,0.476,0.231,0.146,0.464,0.559,0.603,0.569,0.267,0.385,0.501,0.261,0.543,0.454,0.505,-0.332,0.378,0.604,-0.278,0.011,0.165,0.486,0.481,0.073,0.273,0.458,0.523,0.174,0.407,0.436
ATSG,0.296,0.795,-0.382,0.673,0.547,0.785,0.507,0.726,0.309,0.546,0.31,0.168,0.163,0.683,0.489,0.318,0.695,0.038,0.595,-0.618,0.437,0.469,0.235,0.591,0.0,-0.074,0.778,0.818,0.251,0.67,-0.448,0.793,0.775,0.648,-0.076,0.651,0.224,0.754,-0.087,0.6,0.561,0.767,0.732,0.67,0.027,0.523,0.694,0.716,0.385,0.635,0.494,0.662,0.161,-0.34,0.731,0.644,0.552,0.741,0.583,0.425,0.524,0.579,0.177,-0.521,0.737,-0.067,0.634,0.784,-0.512,0.558,-0.507,0.166,0.833,0.467,0.652,0.635,0.254,0.797,0.77,0.597,0.33,0.255,0.39,0.818,0.712,0.722,0.706,0.787,0.275,0.728,0.532,0.17,0.615,0.317,0.818,0.406,0.473,0.782,0.822,0.514,-0.078,0.328,0.347,0.409,0.76,0.796,0.509,0.743,0.67,0.43,0.368,0.423,0.22,-0.15,0.726,0.687,0.664,0.151,-0.369,0.469,0.495,-0.002,-0.203,0.694,0.789,0.2,0.574,0.497,-0.32,0.063,-0.597,0.301,0.684,0.521,-0.615,0.798,0.404,0.567,0.464,0.604,0.755,-0.541,0.46,0.398,0.298,0.741,0.836,0.588,-0.06,0.727,0.334,0.716,0.605,0.355,0.365,0.709,0.754,0.608,0.646,0.339,0.715,0.82,-0.044,0.521,-0.35,-0.327,-0.164,0.319,0.428,-0.053,-0.092,0.777,0.274,-0.114,0.391,0.749,0.711,0.708,0.658,0.525,0.823,0.017,0.745,0.768,0.833,-0.589,0.75,0.695,-0.618,0.434,0.453,0.707,0.762,0.252,0.134,0.028,0.856,0.388,0.701,0.697
AVTX,-0.784,-0.127,0.55,-0.558,-0.359,-0.47,-0.661,-0.481,-0.657,0.121,0.439,0.517,0.396,-0.434,0.095,0.393,-0.457,0.063,-0.499,0.441,-0.046,0.025,0.343,0.182,-0.074,0.0,-0.429,0.092,-0.512,-0.112,0.651,-0.368,-0.395,-0.543,-0.046,-0.289,0.099,-0.473,0.553,0.142,0.19,-0.166,-0.431,-0.577,0.629,-0.683,-0.318,0.233,-0.082,-0.482,-0.343,-0.466,-0.61,0.039,-0.283,-0.173,-0.354,-0.508,-0.12,-0.028,-0.182,0.187,0.079,0.596,-0.258,0.252,-0.626,0.058,0.486,0.07,0.346,-0.558,-0.3,-0.516,-0.522,-0.436,-0.321,-0.025,-0.262,-0.576,-0.318,-0.337,-0.11,-0.326,-0.408,-0.451,-0.271,-0.362,-0.378,-0.228,-0.548,0.156,0.016,-0.445,-0.307,0.073,-0.154,-0.171,-0.027,-0.335,-0.069,-0.138,0.166,0.261,-0.367,-0.284,-0.149,-0.489,-0.29,-0.7,-0.301,-0.642,0.056,0.64,-0.354,-0.245,-0.112,-0.515,0.478,-0.081,-0.358,-0.08,0.203,-0.544,-0.411,0.348,0.461,0.206,0.465,0.41,0.508,0.255,-0.564,-0.588,0.341,-0.403,0.067,0.016,0.397,-0.183,-0.274,0.063,-0.443,-0.293,-0.3,-0.15,-0.319,-0.372,0.293,-0.442,-0.152,-0.158,-0.237,-0.767,-0.379,-0.117,-0.388,-0.231,-0.01,-0.772,-0.409,-0.293,0.277,-0.611,0.55,0.574,0.33,0.547,-0.705,0.449,0.252,-0.431,-0.513,0.267,-0.285,-0.304,-0.303,-0.445,-0.12,-0.575,-0.33,0.316,-0.343,-0.44,-0.042,0.462,-0.47,-0.337,0.448,-0.638,-0.712,-0.186,-0.329,-0.645,0.232,0.424,-0.179,-0.643,-0.572,-0.535
BCPC,0.729,0.746,-0.564,0.91,0.784,0.95,0.831,0.916,0.607,0.437,0.038,-0.097,-0.036,0.86,0.446,0.045,0.923,-0.027,0.817,-0.762,0.417,0.466,-0.028,0.436,0.778,-0.429,0.0,0.709,0.572,0.707,-0.81,0.911,0.941,0.865,-0.032,0.604,0.258,0.921,-0.357,0.624,0.486,0.853,0.916,0.921,-0.315,0.838,0.81,0.526,0.513,0.752,0.702,0.896,0.533,-0.254,0.768,0.665,0.7,0.918,0.523,0.265,0.62,0.403,0.23,-0.785,0.851,-0.088,0.887,0.646,-0.752,0.447,-0.541,0.438,0.91,0.732,0.91,0.852,0.338,0.763,0.866,0.873,0.606,0.511,0.459,0.884,0.87,0.927,0.826,0.932,0.36,0.764,0.696,0.11,0.555,0.529,0.933,0.235,0.507,0.864,0.777,0.699,0.088,0.38,0.206,0.233,0.888,0.898,0.54,0.926,0.827,0.77,0.525,0.748,0.286,-0.43,0.846,0.822,0.645,0.348,-0.526,0.584,0.762,0.048,-0.27,0.929,0.95,0.064,0.32,0.401,-0.546,-0.11,-0.757,0.18,0.931,0.822,-0.705,0.954,0.334,0.517,0.281,0.562,0.853,-0.523,0.622,0.583,0.598,0.814,0.94,0.682,-0.175,0.911,0.374,0.732,0.725,0.743,0.539,0.728,0.868,0.806,0.531,0.702,0.862,0.932,-0.201,0.776,-0.734,-0.526,-0.34,-0.016,0.806,-0.2,-0.187,0.912,0.605,-0.26,0.519,0.913,0.815,0.835,0.546,0.827,0.95,-0.132,0.904,0.945,0.82,-0.748,0.938,0.855,-0.839,0.68,0.797,0.678,0.897,0.647,0.087,-0.125,0.838,0.727,0.926,0.888
BEAM,0.202,0.876,-0.11,0.486,0.523,0.706,0.447,0.662,0.014,0.666,0.624,0.467,0.407,0.543,0.675,0.597,0.615,0.325,0.586,-0.374,0.696,0.657,0.441,0.625,0.818,0.092,0.709,0.0,0.144,0.757,-0.35,0.715,0.708,0.455,0.112,0.579,0.531,0.641,0.169,0.762,0.814,0.784,0.618,0.514,0.316,0.299,0.694,0.874,0.538,0.413,0.547,0.619,0.007,-0.058,0.78,0.752,0.669,0.562,0.701,0.532,0.689,0.838,0.473,-0.337,0.806,0.233,0.474,0.836,-0.281,0.74,-0.253,0.068,0.728,0.295,0.5,0.583,0.347,0.706,0.613,0.396,0.325,0.327,0.509,0.791,0.695,0.634,0.733,0.687,0.057,0.727,0.39,0.478,0.801,0.262,0.74,0.525,0.5,0.864,0.89,0.62,-0.078,0.136,0.621,0.572,0.8,0.779,0.718,0.6,0.715,0.259,0.197,0.369,0.487,0.16,0.703,0.701,0.768,-0.147,-0.008,0.689,0.365,0.252,0.102,0.582,0.731,0.535,0.753,0.7,-0.031,0.288,-0.319,0.632,0.53,0.456,-0.432,0.686,0.692,0.64,0.657,0.681,0.677,-0.43,0.548,0.568,0.361,0.677,0.761,0.669,0.279,0.664,0.518,0.828,0.765,0.161,0.456,0.805,0.578,0.469,0.795,0.134,0.638,0.733,0.287,0.324,-0.296,-0.003,0.165,0.573,0.34,0.216,0.224,0.718,0.319,0.223,0.581,0.743,0.692,0.642,0.526,0.565,0.749,0.352,0.738,0.639,0.816,-0.377,0.619,0.706,-0.514,0.15,0.27,0.745,0.729,0.155,0.526,0.261,0.73,0.169,0.588,0.535
BILI,0.777,0.084,-0.698,0.684,0.603,0.526,0.572,0.48,0.805,-0.098,-0.491,-0.484,-0.531,0.524,0.065,-0.506,0.622,-0.436,0.373,-0.626,-0.143,0.149,-0.621,0.092,0.251,-0.512,0.572,0.144,0.0,0.268,-0.571,0.439,0.554,0.731,0.102,0.133,-0.182,0.547,-0.738,0.158,0.001,0.391,0.609,0.63,-0.719,0.714,0.458,-0.128,0.207,0.656,0.352,0.435,0.643,-0.436,0.203,0.052,0.138,0.589,-0.106,-0.257,0.102,-0.167,-0.094,-0.708,0.317,-0.271,0.616,0.008,-0.585,-0.211,-0.331,0.317,0.486,0.714,0.653,0.539,-0.079,0.321,0.589,0.75,0.656,0.461,0.185,0.461,0.4,0.568,0.279,0.513,0.526,0.324,0.594,-0.411,0.063,0.453,0.516,-0.19,0.22,0.237,0.232,0.281,0.424,0.574,-0.353,-0.227,0.333,0.488,-0.061,0.561,0.384,0.726,0.588,0.655,-0.026,-0.687,0.486,0.31,0.001,0.612,-0.657,0.11,0.681,-0.319,-0.553,0.529,0.55,-0.149,-0.157,0.024,-0.754,-0.524,-0.635,-0.318,0.62,0.595,-0.56,0.58,-0.226,0.056,-0.129,0.015,0.521,-0.356,0.138,0.1,0.462,0.398,0.507,0.105,-0.482,0.493,-0.04,0.125,0.323,0.769,0.208,0.108,0.645,0.649,-0.089,0.729,0.518,0.547,-0.507,0.688,-0.615,-0.639,-0.621,-0.509,0.653,-0.49,-0.561,0.523,0.552,-0.604,0.11,0.475,0.348,0.5,0.038,0.562,0.548,-0.576,0.428,0.612,0.43,-0.601,0.629,0.388,-0.575,0.768,0.616,0.012,0.472,0.729,-0.412,-0.392,0.475,0.799,0.647,0.671
BJRI,0.428,0.845,-0.358,0.612,0.754,0.749,0.618,0.682,0.218,0.713,0.391,0.438,0.133,0.56,0.762,0.418,0.686,0.35,0.663,-0.616,0.763,0.762,0.297,0.701,0.67,-0.112,0.707,0.757,0.268,0.0,-0.551,0.637,0.78,0.543,0.013,0.599,0.656,0.745,-0.055,0.602,0.671,0.77,0.699,0.61,0.031,0.44,0.893,0.541,0.694,0.44,0.807,0.71,0.476,-0.06,0.829,0.723,0.732,0.705,0.582,0.389,0.693,0.687,0.508,-0.556,0.899,0.297,0.604,0.804,-0.571,0.681,-0.374,0.115,0.704,0.533,0.682,0.832,0.409,0.489,0.587,0.483,0.45,0.671,0.844,0.78,0.831,0.795,0.663,0.814,0.047,0.692,0.342,0.381,0.81,0.595,0.693,0.613,0.466,0.836,0.848,0.853,-0.183,0.323,0.497,0.687,0.76,0.88,0.681,0.686,0.933,0.549,0.278,0.382,0.645,0.132,0.906,0.801,0.784,-0.077,-0.114,0.642,0.281,0.285,0.135,0.637,0.749,0.39,0.286,0.368,-0.117,0.423,-0.469,0.6,0.612,0.692,-0.583,0.731,0.534,0.789,0.751,0.761,0.548,-0.594,0.677,0.723,0.345,0.541,0.743,0.665,0.34,0.76,0.755,0.807,0.718,0.412,0.69,0.768,0.73,0.443,0.669,0.37,0.851,0.754,-0.072,0.524,-0.529,-0.025,0.14,0.157,0.58,0.358,0.182,0.765,0.512,0.095,0.798,0.823,0.854,0.863,0.502,0.689,0.743,0.24,0.787,0.726,0.668,-0.515,0.607,0.838,-0.571,0.207,0.476,0.636,0.739,0.245,0.325,0.399,0.655,0.39,0.712,0.706
BLUE,-0.875,-0.515,0.623,-0.884,-0.819,-0.819,-0.945,-0.832,-0.661,-0.248,0.188,0.214,0.177,-0.798,-0.247,0.148,-0.868,-0.025,-0.849,0.76,-0.336,-0.16,0.153,-0.263,-0.448,0.651,-0.81,-0.35,-0.571,-0.551,0.0,-0.758,-0.832,-0.817,-0.08,-0.564,-0.235,-0.824,0.494,-0.355,-0.273,-0.686,-0.783,-0.893,0.53,-0.887,-0.692,-0.104,-0.578,-0.659,-0.815,-0.882,-0.714,0.129,-0.603,-0.566,-0.685,-0.859,-0.432,-0.175,-0.579,-0.116,-0.248,0.799,-0.747,0.036,-0.919,-0.429,0.83,-0.251,0.423,-0.602,-0.693,-0.82,-0.885,-0.831,-0.377,-0.537,-0.686,-0.807,-0.605,-0.599,-0.415,-0.712,-0.851,-0.877,-0.723,-0.83,-0.294,-0.624,-0.694,-0.077,-0.317,-0.675,-0.768,-0.109,-0.416,-0.638,-0.456,-0.718,0.015,-0.336,-0.093,-0.025,-0.714,-0.76,-0.464,-0.857,-0.761,-0.903,-0.32,-0.837,-0.328,0.517,-0.718,-0.761,-0.527,-0.444,0.486,-0.371,-0.686,-0.181,0.144,-0.9,-0.813,0.213,0.158,-0.107,0.564,0.12,0.686,-0.011,-0.911,-0.951,0.62,-0.821,-0.241,-0.521,-0.012,-0.449,-0.639,0.288,-0.654,-0.601,-0.445,-0.58,-0.75,-0.605,0.228,-0.859,-0.395,-0.579,-0.478,-0.86,-0.687,-0.616,-0.743,-0.643,-0.345,-0.805,-0.796,-0.763,0.311,-0.843,0.898,0.571,0.326,0.389,-0.956,0.252,0.142,-0.767,-0.646,0.255,-0.545,-0.83,-0.772,-0.785,-0.331,-0.808,-0.76,0.169,-0.835,-0.836,-0.448,0.706,-0.838,-0.818,0.739,-0.672,-0.893,-0.559,-0.745,-0.845,0.032,0.162,-0.57,-0.838,-0.888,-0.827
