,AAL,AAON,ACB,ACGL,ACGLO,ACIW,ADBE,ADSK,AEP,AGIO,ALEC,ALNY,ALTR,AMBA,AMCX,AMKR,AMRX,ANSS,APPN,APTO,ARCT,ARWR,ASND,ASTH,ATSG,AVTX,BCPC,BEAM,BILI,BJRI,BLUE,BPOP,BRKL,BWIN,BZUN,CARG,CBRL,CBSH,CBUS,CENTA,CERS,CFFN,CHCO,CHEF,CHRD,CINF,CLLS,CMCO,CMCSA,COLL,COMM,COOP,CPB,CRON,CROX,CRUS,CRWD,CTAS,CYBR,CYTK,DGII,DIOD,DOMO,DPZ,DSGR,DXCM,ERIE,ESTA,EXEL,FAST,FCEL,FCFS,FHB,FITBI,FSV,FTDR,FUTU,GLDD,GLPG,GLPI,GOGO,GOSS,GSAT,GYRE,HALO,HAS,HLIT,HLNE,HSDT,HSIC,HTHT,ICHR,IDYA,IMVT,INDB,INSM,IONS,IOSP,ITRI,JBHT,JBLU,JSM,KLIC,KOD,KURA,LAB,LASR,LIN,LKQ,LNT,MBUU,MCRI,MDGL,MEDP,MGNI,MGPI,MGRC,MKTX,MRNA,MRTN,MSEX,MSFT,MU,NAVI,NBTB,NEO,NEOG,NGNE,NSSC,NTAP,NTES,NTLA,NTRS,NYMTN,OBLG,OCFC,ON,ONC,OPI,OSIS,OSW,PALI,PANW,PCAR,PCRX,PCTY,PEBO,PLAB,PLAY,PLMR,PLSE,PLUS,PRTA,PSEC,PSNL,PTCT,PTON,QNST,QRVO,QTTB,RARE,RBCAA,RGNX,SAIC,SGMO,SINT,SNPS,SPSC,SPTN,SSYS,STNE,TBBK,TCPC,TENB,TGTX,TREE,TRUP,TTWO,TW,TXG,UBSI,UCTT,UFPT,UMBF,UPBD,URBN,VBTX,VCTR,VEON,VNET,VRSK,VSEC,WABC,WTFCM,WVE,WW,WWD,XEL,ZD,ZYME
AAL,0.0,0.258,-0.449,0.2,0.54,0.312,0.516,0.497,-0.215,0.622,-0.198,-0.277,0.244,-0.008,0.552,0.42,0.63,0.18,0.399,-0.393,0.192,-0.119,0.196,0.111,0.1,0.062,0.291,0.438,-0.139,0.653,-0.588,0.777,0.594,-0.03,0.648,0.306,0.573,0.154,-0.187,0.418,0.715,0.765,0.349,0.576,0.252,0.504,0.595,0.539,0.667,0.416,0.177,0.647,0.48,0.128,0.198,0.284,0.367,0.296,0.202,0.005,0.494,-0.149,0.731,-0.049,0.518,-0.142,0.068,0.14,-0.307,0.355,0.463,0.423,0.454,0.648,0.555,0.339,0.507,0.754,-0.029,-0.278,0.597,-0.361,-0.348,-0.508,-0.354,0.838,-0.101,0.12,-0.163,0.514,0.5,0.474,0.214,-0.388,-0.22,-0.315,-0.013,0.307,0.303,0.555,0.676,0.576,0.123,0.737,0.506,0.074,0.026,-0.128,0.128,-0.14,-0.186,0.507,-0.36,0.618,0.615,-0.235,0.414,0.006,0.177,-0.063,-0.302,0.4,0.42,0.315,-0.327,0.063,-0.404,0.178,0.412,0.589,0.66,-0.154,-0.229,-0.371,0.355,0.465,-0.027,-0.25,0.158,0.68,0.039,0.34,0.141,0.638,0.147,0.609,-0.268,0.286,0.612,-0.33,0.336,0.273,-0.148,0.42,-0.247,-0.25,-0.057,0.55,0.307,0.6,0.336,0.669,-0.523,0.367,0.025,-0.199,0.426,0.292,0.19,0.05,0.357,0.608,0.155,0.138,0.266,0.789,0.364,0.605,0.264,0.107,0.406,0.463,0.24,0.678,0.753,-0.036,0.007,0.111,0.226,-0.524,0.467,0.57,-0.45,0.494,-0.322,-0.139,0.299,-0.162,0.58,0.224
AAON,0.258,0.0,0.008,0.124,0.275,-0.008,0.097,0.09,0.236,0.441,0.16,-0.01,0.085,0.02,0.543,-0.052,0.491,0.402,0.168,0.087,0.416,0.176,0.435,0.5,-0.169,0.436,0.702,0.526,0.106,0.366,-0.196,0.22,-0.014,-0.239,0.064,0.447,0.462,0.006,0.436,0.216,0.575,0.239,0.127,0.309,0.334,0.062,0.508,0.452,0.179,-0.012,0.102,0.325,0.247,0.509,0.064,-0.122,0.13,0.261,0.017,0.291,0.384,0.194,0.149,-0.091,0.241,0.081,-0.117,-0.068,0.0,0.047,0.619,0.105,0.188,0.237,0.261,-0.09,0.09,0.368,0.336,0.054,0.263,0.119,0.127,-0.098,-0.3,0.465,0.551,-0.009,0.153,0.674,-0.246,0.05,-0.112,-0.091,-0.038,0.493,0.096,0.075,0.094,0.139,0.365,0.427,-0.257,-0.029,0.212,-0.225,0.056,0.229,0.003,0.282,-0.2,0.052,-0.242,0.366,0.418,-0.006,0.367,-0.176,0.248,-0.038,0.076,-0.056,-0.134,-0.146,-0.057,-0.081,-0.1,-0.291,0.243,0.135,0.083,0.282,-0.042,-0.503,-0.001,0.005,0.25,-0.134,0.44,0.073,0.416,-0.147,-0.209,0.164,0.264,0.487,0.031,0.131,0.436,-0.444,0.402,0.449,-0.092,0.017,0.101,-0.053,-0.143,-0.102,0.185,0.274,0.421,0.102,-0.198,0.024,0.527,-0.091,0.184,-0.09,0.24,0.456,-0.153,0.239,0.005,0.057,0.523,0.384,0.151,-0.006,-0.15,0.464,0.137,0.122,0.325,0.425,0.075,0.252,0.047,-0.06,0.29,-0.207,0.159,0.331,-0.005,0.165,-0.016,0.211,0.017,0.298,0.023,0.543
ACB,-0.449,0.008,0.0,-0.846,0.114,-0.047,-0.84,-0.906,0.852,0.011,0.881,0.839,-0.756,0.522,0.12,-0.673,-0.027,0.489,0.26,0.818,-0.393,0.863,-0.069,0.494,0.368,0.711,-0.289,0.252,0.749,-0.771,0.889,-0.684,-0.409,0.172,-0.244,-0.62,-0.724,0.094,0.728,0.234,-0.175,-0.603,0.067,-0.878,0.443,-0.869,-0.248,-0.712,-0.719,-0.746,0.571,-0.822,-0.426,0.113,0.337,-0.151,-0.849,-0.828,-0.844,0.684,-0.633,0.791,-0.832,-0.589,-0.82,0.573,-0.759,-0.809,0.828,-0.911,0.166,-0.881,-0.066,-0.814,-0.797,-0.321,0.093,-0.475,0.776,0.844,-0.292,0.84,0.947,0.918,0.485,-0.352,0.189,-0.717,0.63,-0.35,-0.155,-0.896,-0.873,0.894,0.738,0.489,0.592,-0.325,-0.457,-0.865,-0.535,-0.435,0.013,-0.695,-0.772,-0.666,-0.113,0.079,-0.123,0.795,0.58,-0.902,0.688,-0.47,-0.092,0.861,-0.73,0.433,0.656,0.314,0.872,-0.912,-0.71,0.18,0.723,0.413,0.862,-0.436,-0.638,-0.683,-0.803,0.875,0.862,0.146,-0.751,-0.253,0.238,0.849,0.578,-0.741,-0.026,-0.173,-0.807,-0.891,0.469,-0.306,0.717,-0.541,-0.713,-0.196,-0.499,-0.436,0.724,0.19,0.867,0.773,0.555,-0.804,-0.347,-0.539,0.527,-0.292,0.833,-0.463,0.381,0.777,-0.815,-0.482,0.342,0.49,-0.59,-0.781,0.489,-0.684,0.459,-0.289,0.129,-0.805,-0.584,0.71,0.096,-0.923,-0.187,-0.516,-0.464,-0.402,0.468,-0.625,-0.455,0.894,-0.901,-0.622,0.911,-0.747,0.865,0.866,-0.295,0.79,-0.714,0.249
ACGL,0.2,0.124,-0.846,0.0,-0.24,-0.266,0.776,0.821,-0.779,0.005,-0.796,-0.912,0.776,-0.719,-0.23,0.401,-0.06,-0.462,-0.531,-0.695,0.668,-0.858,0.345,-0.441,-0.661,-0.692,0.357,-0.254,-0.721,0.708,-0.851,0.464,0.035,-0.401,-0.026,0.738,0.743,-0.384,-0.565,-0.484,0.141,0.356,-0.374,0.839,-0.572,0.769,0.226,0.785,0.557,0.578,-0.812,0.73,0.339,0.147,-0.564,-0.106,0.83,0.96,0.847,-0.676,0.766,-0.77,0.688,0.52,0.812,-0.62,0.805,0.795,-0.84,0.877,-0.186,0.851,-0.27,0.717,0.708,-0.043,-0.309,0.317,-0.715,-0.871,0.177,-0.727,-0.859,-0.858,-0.541,0.208,0.161,0.68,-0.517,0.474,-0.119,0.771,0.843,-0.909,-0.881,-0.285,-0.752,0.107,0.345,0.785,0.599,0.405,-0.347,0.51,0.71,0.654,0.041,0.092,-0.043,-0.741,-0.626,0.759,-0.767,0.302,-0.107,-0.916,0.803,-0.729,-0.791,-0.379,-0.851,0.81,0.507,-0.548,-0.808,-0.693,-0.844,0.405,0.757,0.457,0.702,-0.776,-0.919,-0.272,0.578,-0.099,-0.146,-0.942,-0.585,0.537,0.209,-0.054,0.751,0.804,-0.672,0.306,-0.797,0.535,0.726,0.128,0.459,0.533,-0.881,-0.519,-0.904,-0.865,-0.813,0.589,0.397,0.577,-0.57,-0.084,-0.777,0.249,-0.104,-0.908,0.831,0.199,-0.528,-0.504,0.502,0.609,-0.768,0.621,-0.497,0.048,-0.333,0.652,0.401,-0.629,-0.438,0.892,0.334,0.291,0.114,0.642,-0.678,0.586,0.721,-0.889,0.875,0.504,-0.909,0.764,-0.916,-0.828,0.107,-0.716,0.443,-0.078
ACGLO,0.54,0.275,0.114,-0.24,0.0,0.357,0.186,0.082,0.394,0.656,0.334,0.076,-0.256,0.058,0.575,-0.088,0.569,0.246,0.564,0.014,-0.139,0.273,0.054,0.264,0.191,0.479,0.145,0.667,0.153,0.229,-0.136,0.51,0.407,-0.196,0.475,-0.071,0.284,0.043,0.218,0.482,0.566,0.576,0.296,0.128,0.66,-0.09,0.677,0.211,0.499,-0.029,0.52,0.298,0.459,0.222,0.478,-0.175,-0.06,-0.087,-0.219,0.242,0.153,0.145,0.329,-0.195,0.165,-0.17,-0.208,-0.171,0.049,-0.222,0.627,0.059,0.467,0.291,0.314,0.117,0.376,0.647,0.373,0.192,0.216,0.199,0.157,-0.08,-0.159,0.698,0.1,-0.216,-0.008,0.351,0.331,-0.108,-0.139,0.002,0.049,-0.032,0.46,0.06,-0.07,-0.076,0.363,0.584,-0.105,0.439,0.293,-0.288,-0.215,-0.042,0.033,0.438,-0.159,0.045,0.099,0.219,0.489,0.162,0.223,0.119,0.53,-0.218,0.145,-0.035,-0.118,0.39,-0.053,0.174,0.009,0.01,-0.091,0.103,0.188,0.254,0.179,-0.262,0.186,0.242,-0.255,0.147,0.386,0.138,0.201,0.443,-0.293,0.14,0.434,0.42,-0.017,-0.254,0.35,-0.412,0.116,-0.045,0.148,0.341,0.123,0.132,0.179,0.246,-0.251,0.44,0.543,0.562,-0.142,0.091,0.271,0.089,-0.003,0.022,0.462,0.29,0.124,0.365,0.35,-0.182,0.554,0.718,0.284,0.201,-0.201,0.49,0.354,-0.07,0.374,0.497,0.467,-0.458,0.187,-0.368,-0.062,-0.085,0.004,0.43,0.038,0.235,0.091,0.208,0.395,0.439,0.156,0.562
ACIW,0.312,-0.008,-0.047,-0.266,0.357,0.0,0.088,0.242,-0.083,-0.089,-0.006,0.288,0.176,0.595,0.508,0.47,0.248,0.185,0.814,-0.287,-0.258,0.179,-0.482,0.298,0.752,0.063,0.382,0.16,0.063,0.262,0.081,0.378,0.77,0.607,0.39,-0.061,-0.041,0.784,-0.14,0.726,0.076,0.538,0.832,-0.0,0.337,0.261,0.097,-0.11,0.279,0.396,0.46,0.227,-0.129,-0.3,0.8,0.525,0.182,-0.164,0.071,-0.078,-0.308,0.216,0.104,0.265,0.122,0.215,-0.067,0.191,0.238,0.026,0.263,0.128,0.818,0.162,0.205,0.73,0.282,0.345,-0.016,0.213,0.337,0.0,-0.043,0.061,-0.003,0.27,-0.648,0.205,-0.187,-0.154,0.533,0.189,0.016,0.188,0.452,-0.219,0.569,0.707,0.571,0.141,-0.216,0.196,0.706,0.216,-0.074,-0.05,0.471,-0.154,0.665,-0.05,0.216,0.321,0.292,0.283,0.643,0.319,-0.158,0.656,0.42,0.328,0.243,0.139,0.358,0.838,0.443,0.734,0.221,0.164,-0.353,0.582,0.05,0.058,0.233,0.279,0.186,0.852,-0.08,0.22,-0.082,0.418,-0.252,0.391,0.191,0.024,0.434,-0.21,0.431,0.172,-0.013,0.405,0.287,0.255,0.442,0.767,0.142,0.391,0.614,0.123,-0.039,-0.244,0.232,0.744,0.134,0.643,-0.41,0.386,0.047,0.775,0.487,0.457,0.147,0.36,0.595,0.34,0.049,0.437,0.715,0.336,0.397,0.009,0.834,0.048,-0.182,0.534,0.737,-0.224,0.72,0.263,-0.498,0.054,0.051,0.335,0.17,-0.095,0.256,0.059,0.636,-0.045,0.576,-0.272
ADBE,0.516,0.097,-0.84,0.776,0.186,0.088,0.0,0.9,-0.672,0.24,-0.707,-0.834,0.653,-0.583,-0.006,0.549,0.167,-0.394,-0.161,-0.785,0.382,-0.753,0.137,-0.433,-0.407,-0.56,0.322,-0.001,-0.766,0.793,-0.87,0.812,0.426,-0.332,0.217,0.655,0.794,-0.176,-0.583,-0.148,0.312,0.744,-0.085,0.843,-0.269,0.77,0.401,0.747,0.831,0.697,-0.507,0.867,0.437,-0.006,-0.237,-0.068,0.835,0.825,0.758,-0.632,0.712,-0.754,0.874,0.512,0.889,-0.693,0.709,0.751,-0.834,0.788,-0.025,0.877,0.12,0.856,0.927,0.252,-0.182,0.645,-0.672,-0.796,0.172,-0.691,-0.837,-0.862,-0.602,0.562,-0.049,0.69,-0.546,0.452,0.139,0.77,0.817,-0.86,-0.745,-0.477,-0.445,0.23,0.372,0.76,0.626,0.631,-0.204,0.787,0.823,0.557,-0.075,-0.142,0.041,-0.603,-0.655,0.835,-0.569,0.402,0.178,-0.779,0.818,-0.463,-0.533,-0.454,-0.794,0.899,0.611,-0.163,-0.756,-0.417,-0.791,0.519,0.618,0.648,0.751,-0.728,-0.77,-0.175,0.733,0.197,-0.35,-0.816,-0.49,0.684,0.133,0.322,0.718,0.856,-0.432,0.339,-0.714,0.422,0.79,0.071,0.397,0.494,-0.726,-0.199,-0.849,-0.783,-0.598,0.811,0.195,0.689,-0.373,0.403,-0.857,0.44,-0.178,-0.778,0.807,0.366,-0.315,-0.396,0.713,0.821,-0.483,0.63,-0.338,0.406,-0.188,0.833,0.492,-0.499,-0.077,0.855,0.473,0.574,0.494,0.356,-0.46,0.509,0.467,-0.897,0.859,0.707,-0.862,0.87,-0.848,-0.775,0.458,-0.599,0.665,-0.017
ADSK,0.497,0.09,-0.906,0.821,0.082,0.242,0.9,0.0,-0.797,0.071,-0.796,-0.784,0.836,-0.424,0.056,0.709,0.164,-0.384,-0.049,-0.883,0.479,-0.789,0.104,-0.306,-0.252,-0.649,0.484,-0.076,-0.703,0.893,-0.881,0.78,0.523,-0.094,0.329,0.66,0.771,0.019,-0.685,-0.061,0.27,0.729,0.092,0.898,-0.34,0.924,0.377,0.75,0.789,0.805,-0.495,0.904,0.403,0.016,-0.184,0.199,0.942,0.868,0.888,-0.681,0.68,-0.689,0.857,0.615,0.919,-0.567,0.755,0.847,-0.755,0.905,0.001,0.949,0.21,0.864,0.884,0.398,-0.066,0.632,-0.715,-0.777,0.388,-0.775,-0.914,-0.911,-0.52,0.458,-0.193,0.766,-0.65,0.409,0.27,0.928,0.882,-0.853,-0.678,-0.49,-0.467,0.494,0.621,0.901,0.575,0.592,0.034,0.764,0.765,0.667,0.236,-0.061,0.294,-0.744,-0.524,0.964,-0.618,0.542,0.319,-0.784,0.753,-0.356,-0.547,-0.229,-0.763,0.94,0.756,-0.05,-0.646,-0.286,-0.782,0.514,0.602,0.811,0.838,-0.764,-0.792,-0.146,0.725,0.39,-0.222,-0.812,-0.577,0.835,0.019,0.258,0.84,0.91,-0.412,0.327,-0.64,0.638,0.776,0.25,0.614,0.608,-0.646,-0.052,-0.846,-0.696,-0.498,0.779,0.375,0.562,-0.412,0.412,-0.762,0.599,-0.325,-0.717,0.906,0.609,-0.248,-0.337,0.673,0.858,-0.417,0.794,-0.411,0.428,0.047,0.93,0.626,-0.598,0.05,0.96,0.24,0.629,0.607,0.48,-0.333,0.669,0.441,-0.921,0.957,0.705,-0.88,0.782,-0.835,-0.818,0.472,-0.74,0.825,-0.173
AEP,-0.215,0.236,0.852,-0.779,0.394,-0.083,-0.672,-0.797,0.0,0.289,0.917,0.727,-0.865,0.38,0.323,-0.685,0.187,0.509,0.311,0.799,-0.38,0.849,0.036,0.51,0.251,0.887,-0.214,0.472,0.709,-0.581,0.653,-0.437,-0.321,-0.079,-0.034,-0.574,-0.436,-0.022,0.809,0.273,0.113,-0.35,0.062,-0.666,0.683,-0.841,0.134,-0.468,-0.422,-0.752,0.731,-0.593,-0.025,0.272,0.347,-0.3,-0.815,-0.721,-0.854,0.803,-0.429,0.724,-0.586,-0.628,-0.701,0.4,-0.795,-0.849,0.701,-0.888,0.478,-0.77,0.017,-0.606,-0.556,-0.322,0.244,-0.172,0.872,0.827,-0.196,0.83,0.909,0.703,0.361,-0.024,0.344,-0.77,0.574,-0.058,-0.167,-0.839,-0.84,0.723,0.591,0.517,0.643,-0.396,-0.551,-0.827,-0.279,-0.11,-0.168,-0.512,-0.454,-0.77,-0.291,0.079,-0.254,0.978,0.316,-0.808,0.549,-0.315,0.024,0.737,-0.474,0.31,0.772,0.089,0.788,-0.841,-0.786,0.162,0.507,0.297,0.685,-0.512,-0.562,-0.656,-0.627,0.842,0.768,-0.098,-0.534,-0.248,0.109,0.748,0.802,-0.668,0.173,-0.106,-0.933,-0.693,0.646,0.066,0.515,-0.636,-0.416,-0.523,-0.365,-0.504,0.614,0.169,0.821,0.642,0.464,-0.595,-0.413,-0.238,0.668,-0.126,0.591,-0.563,0.559,0.635,-0.73,-0.564,0.49,0.451,-0.618,-0.548,0.522,-0.753,0.736,0.064,0.099,-0.723,-0.735,0.837,0.118,-0.835,-0.012,-0.23,-0.355,-0.58,0.342,-0.837,-0.371,0.715,-0.786,-0.379,0.78,-0.54,0.771,0.846,-0.237,0.967,-0.657,0.562
AGIO,0.622,0.441,0.011,0.005,0.656,-0.089,0.24,0.071,0.289,0.0,0.3,-0.135,-0.175,-0.157,0.453,-0.264,0.711,0.294,0.189,0.11,0.24,0.218,0.433,0.224,-0.239,0.452,0.107,0.795,0.138,0.277,-0.321,0.496,0.079,-0.484,0.398,0.201,0.396,-0.296,0.34,0.213,0.778,0.428,-0.059,0.261,0.549,-0.028,0.739,0.499,0.432,-0.065,0.219,0.36,0.388,0.404,0.072,-0.263,-0.009,0.11,-0.143,0.301,0.472,0.056,0.439,-0.402,0.243,-0.227,-0.161,-0.21,-0.131,-0.14,0.554,0.071,0.164,0.367,0.277,-0.293,0.391,0.631,0.428,-0.089,0.271,0.181,0.089,-0.202,-0.258,0.772,0.453,-0.353,0.182,0.594,0.209,-0.056,-0.126,-0.128,-0.195,0.168,0.13,-0.243,-0.255,0.073,0.63,0.506,-0.389,0.479,0.381,-0.242,-0.334,0.204,-0.398,0.318,-0.313,-0.007,-0.326,0.323,0.292,-0.05,0.411,-0.19,0.369,-0.344,-0.067,0.005,-0.192,-0.007,-0.328,-0.177,-0.183,0.001,0.437,-0.001,0.346,0.269,-0.033,-0.618,0.131,-0.092,0.098,-0.0,0.5,0.1,0.418,0.217,-0.326,0.307,0.275,0.712,-0.254,-0.162,0.489,-0.665,0.01,0.054,-0.126,0.08,-0.007,-0.118,-0.163,0.221,0.01,0.69,0.662,0.277,-0.328,-0.113,0.603,-0.147,0.111,-0.283,0.035,0.192,0.071,0.331,-0.011,-0.278,0.523,0.582,0.118,0.116,-0.238,0.585,0.012,0.046,0.542,0.328,0.248,-0.174,-0.122,-0.37,0.338,-0.264,0.122,0.437,-0.155,0.429,-0.111,0.187,0.184,0.311,-0.013,0.776
ALEC,-0.198,0.16,0.881,-0.796,0.334,-0.006,-0.707,-0.796,0.917,0.3,0.0,0.789,-0.813,0.517,0.324,-0.7,0.213,0.664,0.402,0.821,-0.309,0.917,0.087,0.639,0.327,0.879,-0.209,0.505,0.848,-0.59,0.684,-0.477,-0.334,0.008,0.092,-0.615,-0.546,0.004,0.819,0.226,0.08,-0.398,0.06,-0.722,0.713,-0.798,0.086,-0.486,-0.505,-0.744,0.702,-0.653,-0.216,0.229,0.4,-0.154,-0.753,-0.744,-0.877,0.755,-0.417,0.84,-0.6,-0.76,-0.713,0.5,-0.818,-0.844,0.726,-0.913,0.438,-0.801,0.008,-0.667,-0.647,-0.372,0.373,-0.189,0.908,0.795,-0.131,0.853,0.918,0.764,0.378,-0.054,0.311,-0.842,0.654,-0.169,0.054,-0.841,-0.897,0.792,0.649,0.395,0.678,-0.382,-0.461,-0.804,-0.29,-0.19,-0.086,-0.506,-0.506,-0.796,-0.171,0.077,-0.258,0.873,0.445,-0.817,0.547,-0.374,0.079,0.746,-0.555,0.352,0.812,0.243,0.84,-0.85,-0.744,0.207,0.563,0.355,0.782,-0.447,-0.485,-0.594,-0.569,0.915,0.816,-0.153,-0.611,-0.215,0.299,0.828,0.712,-0.643,0.113,-0.15,-0.89,-0.693,0.588,-0.004,0.549,-0.543,-0.465,-0.455,-0.45,-0.407,0.664,0.271,0.838,0.693,0.478,-0.658,-0.259,-0.299,0.726,-0.163,0.704,-0.539,0.601,0.709,-0.714,-0.53,0.442,0.504,-0.629,-0.595,0.512,-0.738,0.649,0.011,0.264,-0.693,-0.685,0.876,0.137,-0.839,0.007,-0.297,-0.332,-0.523,0.403,-0.776,-0.321,0.747,-0.809,-0.467,0.807,-0.561,0.787,0.907,-0.233,0.864,-0.664,0.528
ALNY,-0.277,-0.01,0.839,-0.912,0.076,0.288,-0.834,-0.784,0.727,-0.135,0.789,0.0,-0.648,0.86,0.316,-0.323,0.044,0.631,0.548,0.695,-0.479,0.888,-0.24,0.64,0.711,0.688,-0.14,0.198,0.815,-0.627,0.86,-0.586,-0.103,0.545,0.045,-0.694,-0.761,0.482,0.627,0.445,-0.188,-0.451,0.437,-0.812,0.499,-0.654,-0.283,-0.77,-0.683,-0.566,0.776,-0.769,-0.427,-0.073,0.539,0.296,-0.732,-0.886,-0.785,0.685,-0.735,0.898,-0.769,-0.552,-0.814,0.799,-0.835,-0.764,0.93,-0.798,0.252,-0.839,0.218,-0.783,-0.765,0.072,0.36,-0.399,0.736,0.919,-0.052,0.7,0.858,0.875,0.539,-0.315,-0.133,-0.614,0.568,-0.443,0.114,-0.69,-0.873,0.941,0.934,0.309,0.738,0.006,-0.129,-0.705,-0.651,-0.433,0.436,-0.658,-0.769,-0.667,0.198,-0.069,0.169,0.679,0.77,-0.727,0.742,-0.249,0.213,0.909,-0.868,0.734,0.79,0.629,0.934,-0.83,-0.459,0.498,0.903,0.742,0.903,-0.498,-0.73,-0.349,-0.696,0.834,0.914,0.199,-0.715,0.154,0.356,0.93,0.558,-0.479,-0.256,-0.163,-0.704,-0.797,0.644,-0.325,0.866,-0.313,-0.746,-0.062,-0.328,-0.365,0.921,0.574,0.943,0.884,0.796,-0.747,-0.165,-0.71,0.568,-0.014,0.882,-0.233,0.155,0.96,-0.753,-0.132,0.562,0.577,-0.626,-0.69,0.763,-0.519,0.493,-0.107,0.47,-0.653,-0.353,0.619,0.471,-0.823,-0.458,-0.301,-0.165,-0.432,0.717,-0.467,-0.657,0.892,-0.831,-0.601,0.92,-0.852,0.938,0.886,-0.21,0.66,-0.413,0.01
ALTR,0.244,0.085,-0.756,0.776,-0.256,0.176,0.653,0.836,-0.865,-0.175,-0.813,-0.648,0.0,-0.291,-0.085,0.683,0.03,-0.359,-0.136,-0.785,0.609,-0.726,0.137,-0.22,-0.244,-0.735,0.518,-0.214,-0.593,0.716,-0.662,0.488,0.32,0.103,0.083,0.737,0.568,0.109,-0.621,-0.094,0.103,0.41,0.084,0.74,-0.582,0.853,0.056,0.596,0.427,0.765,-0.63,0.692,0.099,0.001,-0.274,0.32,0.883,0.791,0.899,-0.667,0.536,-0.576,0.595,0.655,0.769,-0.328,0.724,0.835,-0.594,0.883,-0.202,0.802,0.08,0.657,0.608,0.335,-0.176,0.298,-0.702,-0.714,0.395,-0.721,-0.812,-0.703,-0.323,0.129,-0.174,0.787,-0.541,0.286,0.133,0.876,0.809,-0.689,-0.529,-0.301,-0.581,0.531,0.643,0.881,0.347,0.242,0.144,0.481,0.463,0.751,0.455,0.065,0.393,-0.845,-0.299,0.829,-0.547,0.487,0.227,-0.661,0.559,-0.296,-0.635,-0.01,-0.657,0.806,0.746,-0.147,-0.433,-0.227,-0.64,0.441,0.591,0.715,0.64,-0.666,-0.695,-0.026,0.457,0.309,0.033,-0.723,-0.648,0.699,-0.016,0.091,0.876,0.719,-0.525,0.122,-0.44,0.745,0.552,0.435,0.632,0.671,-0.565,-0.114,-0.72,-0.539,-0.44,0.517,0.493,0.26,-0.504,0.141,-0.542,0.606,-0.385,-0.602,0.834,0.62,-0.419,-0.226,0.612,0.608,-0.473,0.861,-0.546,0.091,0.061,0.743,0.703,-0.642,-0.019,0.871,0.049,0.371,0.414,0.74,-0.248,0.82,0.426,-0.745,0.847,0.479,-0.723,0.55,-0.715,-0.742,0.307,-0.832,0.713,-0.366
AMBA,-0.008,0.02,0.522,-0.719,0.058,0.595,-0.583,-0.424,0.38,-0.157,0.517,0.86,-0.291,0.0,0.449,0.085,0.221,0.656,0.729,0.387,-0.334,0.712,-0.276,0.684,0.861,0.495,0.129,0.209,0.655,-0.263,0.615,-0.296,0.245,0.78,0.27,-0.479,-0.582,0.764,0.394,0.604,-0.062,-0.165,0.705,-0.544,0.407,-0.24,-0.219,-0.582,-0.467,-0.21,0.708,-0.469,-0.457,-0.164,0.636,0.666,-0.362,-0.673,-0.485,0.485,-0.597,0.811,-0.505,-0.358,-0.532,0.836,-0.661,-0.488,0.793,-0.469,0.273,-0.553,0.499,-0.513,-0.512,0.401,0.461,-0.193,0.527,0.708,0.196,0.44,0.557,0.627,0.376,-0.152,-0.372,-0.335,0.387,-0.362,0.366,-0.296,-0.637,0.777,0.891,0.078,0.667,0.362,0.285,-0.319,-0.539,-0.3,0.733,-0.425,-0.622,-0.473,0.495,-0.156,0.43,0.354,0.782,-0.351,0.574,0.076,0.505,0.745,-0.737,0.822,0.718,0.775,0.76,-0.527,-0.037,0.698,0.871,0.898,0.74,-0.353,-0.549,0.111,-0.409,0.648,0.716,0.201,-0.534,0.537,0.469,0.761,0.378,-0.064,-0.375,-0.027,-0.384,-0.505,0.624,-0.283,0.831,0.069,-0.562,0.121,-0.07,-0.066,0.886,0.828,0.752,0.804,0.819,-0.542,0.13,-0.658,0.54,0.258,0.721,0.142,-0.048,0.881,-0.446,0.283,0.533,0.634,-0.446,-0.387,0.787,-0.182,0.364,0.1,0.731,-0.297,0.031,0.444,0.734,-0.481,-0.524,-0.004,0.195,-0.241,0.841,-0.124,-0.626,0.628,-0.52,-0.382,0.69,-0.699,0.767,0.685,0.016,0.334,0.005,-0.197
AMCX,0.552,0.543,0.12,-0.23,0.575,0.508,-0.006,0.056,0.323,0.453,0.324,0.316,-0.085,0.449,0.0,0.151,0.581,0.621,0.698,0.003,0.149,0.435,0.098,0.66,0.467,0.555,0.601,0.533,0.354,0.386,-0.044,0.316,0.45,0.203,0.488,0.067,0.257,0.433,0.375,0.68,0.568,0.497,0.624,0.141,0.544,0.061,0.536,0.181,0.284,0.039,0.592,0.25,0.196,0.239,0.592,0.304,-0.015,-0.084,-0.186,0.47,0.085,0.481,0.131,-0.255,0.11,0.302,-0.391,-0.198,0.34,-0.103,0.816,0.004,0.558,0.206,0.183,0.27,0.494,0.475,0.42,0.351,0.543,0.204,0.228,0.029,-0.242,0.622,-0.014,-0.104,0.148,0.424,0.307,0.031,-0.28,0.164,0.324,0.086,0.55,0.393,0.344,0.081,0.21,0.487,0.245,0.139,0.001,-0.391,0.266,-0.054,0.302,0.387,0.186,0.069,0.129,0.394,0.784,0.319,0.004,0.281,0.638,0.323,0.409,-0.151,0.025,0.466,0.287,0.451,0.202,-0.259,-0.106,0.339,0.13,0.402,0.26,-0.298,-0.091,0.526,0.182,0.213,0.544,0.318,0.089,0.087,-0.277,0.083,0.601,0.394,0.335,0.182,0.261,-0.311,0.4,0.251,0.38,0.636,0.333,0.228,0.352,-0.101,0.203,0.144,0.676,0.542,0.059,0.212,0.321,0.308,0.057,0.196,0.628,0.623,-0.227,0.219,0.603,-0.079,0.639,0.71,0.619,0.119,-0.118,0.531,0.643,-0.013,0.055,0.614,0.51,-0.172,0.471,-0.172,-0.065,-0.027,-0.019,0.279,0.167,-0.021,0.302,0.428,0.204,0.388,0.276,0.338
AMKR,0.42,-0.052,-0.673,0.401,-0.088,0.47,0.549,0.709,-0.685,-0.264,-0.7,-0.323,0.683,0.085,0.151,0.0,0.113,-0.245,0.179,-0.758,0.103,-0.552,-0.22,-0.157,0.28,-0.559,0.389,-0.264,-0.525,0.662,-0.481,0.537,0.722,0.503,0.296,0.339,0.383,0.558,-0.663,0.278,0.038,0.547,0.539,0.583,-0.392,0.793,-0.025,0.258,0.443,0.721,-0.175,0.555,0.139,-0.185,0.004,0.686,0.653,0.415,0.665,-0.419,0.209,-0.359,0.496,0.551,0.546,-0.051,0.401,0.553,-0.303,0.746,-0.062,0.626,0.452,0.503,0.564,0.795,0.022,0.352,-0.594,-0.367,0.414,-0.737,-0.672,-0.569,-0.193,0.16,-0.596,0.792,-0.456,0.047,0.279,0.843,0.608,-0.439,-0.168,-0.441,-0.248,0.778,0.778,0.76,0.135,0.268,0.597,0.437,0.299,0.611,0.47,-0.386,0.647,-0.654,-0.007,0.769,-0.155,0.653,0.458,-0.374,0.21,0.178,-0.315,0.257,-0.442,0.65,0.923,0.367,-0.102,0.267,-0.469,0.207,0.186,0.852,0.511,-0.582,-0.376,0.183,0.398,0.745,-0.011,-0.45,-0.406,0.83,-0.451,0.22,0.68,0.58,-0.07,0.029,-0.106,0.766,0.321,0.428,0.606,0.404,-0.137,0.376,-0.416,-0.295,0.028,0.49,0.427,0.044,-0.329,0.572,-0.39,0.693,-0.626,-0.218,0.644,0.82,0.024,-0.143,0.478,0.523,0.063,0.719,-0.299,0.377,0.256,0.744,0.775,-0.593,0.487,0.706,-0.335,0.556,0.683,0.397,0.131,0.723,-0.081,-0.535,0.642,0.35,-0.513,0.285,-0.42,-0.549,0.285,-0.671,0.902,-0.581
AMRX,0.63,0.491,-0.027,-0.06,0.569,0.248,0.167,0.164,0.187,0.711,0.213,0.044,0.03,0.221,0.581,0.113,0.0,0.397,0.461,0.021,0.212,0.243,0.347,0.451,0.127,0.43,0.37,0.777,0.157,0.437,-0.254,0.482,0.377,0.002,0.472,0.208,0.36,0.206,0.272,0.506,0.778,0.42,0.372,0.267,0.431,0.157,0.645,0.367,0.325,0.057,0.339,0.36,0.235,0.45,0.253,0.218,0.099,0.058,-0.04,0.327,0.353,0.26,0.339,-0.261,0.233,0.099,-0.217,-0.18,0.046,-0.009,0.665,0.106,0.495,0.319,0.264,0.136,0.452,0.558,0.44,0.09,0.449,0.1,0.085,-0.185,-0.164,0.627,0.21,-0.116,0.104,0.545,0.271,0.147,-0.113,-0.003,0.058,0.138,0.173,0.197,0.182,0.244,0.492,0.414,0.052,0.315,0.196,-0.123,0.004,0.004,0.058,0.216,0.036,0.127,-0.219,0.662,0.595,0.054,0.257,0.116,0.468,0.004,0.019,0.011,0.165,0.328,-0.008,0.233,-0.112,-0.163,0.274,0.27,0.302,0.314,0.058,-0.55,0.036,0.352,0.336,0.054,0.481,0.281,0.125,0.383,-0.247,0.281,0.454,0.575,0.043,0.202,0.38,-0.444,0.331,0.185,0.147,0.439,0.138,0.123,0.129,0.116,0.295,0.398,0.676,0.431,-0.181,0.163,0.332,0.075,0.192,0.127,0.17,0.444,0.068,0.34,0.215,-0.065,0.547,0.701,0.434,0.22,0.065,0.539,0.394,0.146,0.136,0.499,0.422,0.014,0.253,-0.086,0.115,-0.202,0.167,0.341,-0.08,0.188,0.012,0.212,0.178,0.222,0.295,0.465
ANSS,0.18,0.402,0.489,-0.462,0.246,0.185,-0.394,-0.384,0.509,0.294,0.664,0.631,-0.359,0.656,0.621,-0.245,0.397,0.0,0.53,0.511,0.11,0.74,0.356,0.847,0.371,0.749,0.273,0.509,0.747,-0.075,0.304,-0.226,-0.122,0.192,0.33,-0.238,-0.208,0.231,0.728,0.291,0.348,-0.129,0.276,-0.296,0.517,-0.275,0.186,-0.175,-0.338,-0.397,0.556,-0.318,-0.157,0.216,0.381,0.272,-0.265,-0.375,-0.555,0.636,-0.066,0.811,-0.296,-0.707,-0.362,0.676,-0.701,-0.588,0.564,-0.457,0.592,-0.459,0.156,-0.327,-0.363,-0.102,0.543,-0.027,0.722,0.533,0.26,0.487,0.581,0.471,0.014,0.215,0.276,-0.515,0.571,0.137,0.228,-0.369,-0.711,0.539,0.537,0.106,0.52,-0.087,0.063,-0.297,-0.044,0.023,0.103,-0.335,-0.316,-0.677,0.201,-0.106,-0.011,0.516,0.533,-0.402,0.304,-0.011,0.486,0.487,-0.357,0.261,0.7,0.542,0.667,-0.554,-0.317,0.2,0.463,0.39,0.58,-0.421,-0.133,-0.023,-0.206,0.772,0.509,-0.334,-0.582,0.116,0.558,0.533,0.602,-0.161,0.071,-0.22,-0.561,-0.295,0.426,0.161,0.467,0.044,-0.168,-0.447,-0.097,0.067,0.542,0.5,0.633,0.472,0.298,-0.543,0.304,-0.166,0.709,0.016,0.475,-0.213,0.591,0.563,-0.278,-0.228,0.445,0.602,-0.538,-0.329,0.486,-0.42,0.65,0.232,0.521,-0.333,-0.368,0.736,0.361,-0.384,0.048,0.059,-0.03,-0.113,0.405,-0.388,-0.015,0.38,-0.412,-0.332,0.498,-0.37,0.535,0.794,-0.19,0.507,-0.259,0.372
APPN,0.399,0.168,0.26,-0.531,0.564,0.814,-0.161,-0.049,0.311,0.189,0.402,0.548,-0.136,0.729,0.698,0.179,0.461,0.53,0.0,0.044,-0.229,0.544,-0.203,0.635,0.76,0.482,0.299,0.505,0.461,0.12,0.22,0.231,0.567,0.498,0.562,-0.255,-0.097,0.655,0.236,0.775,0.318,0.393,0.779,-0.16,0.623,-0.034,0.268,-0.182,0.1,0.055,0.759,0.032,-0.024,-0.006,0.799,0.464,-0.096,-0.39,-0.297,0.35,-0.26,0.546,-0.015,-0.164,-0.104,0.397,-0.456,-0.241,0.446,-0.293,0.576,-0.162,0.719,-0.028,-0.029,0.484,0.576,0.371,0.423,0.47,0.426,0.271,0.323,0.253,0.105,0.373,-0.332,-0.208,0.117,-0.031,0.588,-0.082,-0.339,0.407,0.597,-0.088,0.687,0.491,0.318,-0.092,-0.127,0.191,0.55,0.099,-0.161,-0.343,0.361,-0.124,0.475,0.334,0.383,-0.011,0.392,0.226,0.772,0.514,-0.277,0.675,0.74,0.421,0.539,-0.183,0.057,0.799,0.525,0.766,0.421,-0.094,-0.388,0.335,-0.023,0.443,0.5,0.015,-0.11,0.676,0.124,0.491,0.329,0.203,-0.122,0.305,-0.228,-0.117,0.624,0.066,0.511,0.019,-0.043,-0.017,0.225,0.052,0.624,0.836,0.484,0.574,0.674,-0.091,-0.017,-0.196,0.579,0.633,0.323,0.32,-0.013,0.592,-0.129,0.437,0.64,0.607,-0.083,0.138,0.76,-0.008,0.44,0.585,0.788,0.097,0.041,0.453,0.816,-0.208,-0.123,0.452,0.607,-0.368,0.721,-0.15,-0.467,0.246,-0.19,0.127,0.39,-0.255,0.465,0.444,0.41,0.315,0.312,0.089
APTO,-0.393,0.087,0.818,-0.695,0.014,-0.287,-0.785,-0.883,0.799,0.11,0.821,0.695,-0.785,0.387,0.003,-0.758,0.021,0.511,0.044,0.0,-0.296,0.793,0.088,0.429,0.111,0.752,-0.318,0.281,0.733,-0.722,0.724,-0.666,-0.596,-0.04,-0.18,-0.53,-0.608,-0.095,0.79,-0.016,-0.042,-0.657,-0.156,-0.77,0.455,-0.837,-0.13,-0.567,-0.686,-0.838,0.484,-0.771,-0.355,0.151,0.164,-0.247,-0.787,-0.724,-0.83,0.692,-0.471,0.7,-0.712,-0.682,-0.824,0.545,-0.727,-0.83,0.649,-0.851,0.182,-0.881,-0.157,-0.732,-0.768,-0.475,0.187,-0.51,0.811,0.698,-0.351,0.821,0.881,0.778,0.378,-0.29,0.384,-0.81,0.659,-0.195,-0.244,-0.859,-0.879,0.758,0.571,0.483,0.419,-0.565,-0.571,-0.82,-0.382,-0.437,-0.169,-0.704,-0.577,-0.748,-0.263,0.155,-0.408,0.762,0.408,-0.897,0.391,-0.427,-0.231,0.673,-0.56,0.202,0.596,0.139,0.684,-0.884,-0.771,-0.048,0.517,0.173,0.699,-0.585,-0.419,-0.745,-0.699,0.809,0.662,-0.101,-0.65,-0.424,0.338,0.733,0.655,-0.786,0.157,-0.238,-0.862,-0.775,0.398,-0.124,0.508,-0.58,-0.603,-0.414,-0.549,-0.471,0.537,0.015,0.776,0.642,0.352,-0.704,-0.242,-0.358,0.531,-0.436,0.646,-0.597,0.513,0.595,-0.804,-0.661,0.176,0.377,-0.685,-0.721,0.319,-0.764,0.502,-0.3,-0.005,-0.871,-0.658,0.724,-0.096,-0.842,-0.095,-0.514,-0.628,-0.433,0.262,-0.7,-0.226,0.789,-0.849,-0.595,0.782,-0.648,0.741,0.831,-0.424,0.771,-0.822,0.374
ARCT,0.192,0.416,-0.393,0.668,-0.139,-0.258,0.382,0.479,-0.38,0.24,-0.309,-0.479,0.609,-0.334,0.149,0.103,0.212,0.11,-0.229,-0.296,0.0,-0.315,0.68,0.158,-0.524,-0.215,0.534,0.208,-0.125,0.589,-0.571,0.186,-0.192,-0.306,0.107,0.689,0.584,-0.321,-0.008,-0.26,0.438,0.138,-0.279,0.594,-0.299,0.455,0.336,0.679,0.22,0.288,-0.479,0.488,0.18,0.489,-0.399,0.001,0.592,0.718,0.508,-0.185,0.741,-0.219,0.417,0.126,0.527,-0.158,0.328,0.412,-0.389,0.523,0.21,0.512,-0.289,0.473,0.359,-0.277,0.02,0.235,-0.171,-0.484,0.462,-0.267,-0.383,-0.506,-0.363,0.257,0.476,0.266,-0.098,0.612,-0.028,0.483,0.396,-0.506,-0.547,0.022,-0.504,0.021,0.258,0.557,0.553,0.322,-0.345,0.242,0.406,0.286,0.278,0.3,-0.062,-0.355,-0.278,0.39,-0.625,0.292,0.182,-0.553,0.576,-0.623,-0.347,-0.029,-0.345,0.387,0.209,-0.526,-0.489,-0.458,-0.429,0.113,0.738,0.295,0.545,-0.162,-0.572,-0.493,0.078,-0.17,0.308,-0.522,-0.133,0.315,0.436,-0.234,0.354,0.546,-0.405,0.506,-0.491,0.557,0.605,-0.174,0.476,0.563,-0.527,-0.33,-0.432,-0.458,-0.635,0.176,0.626,0.455,-0.075,-0.272,-0.366,0.035,0.368,-0.562,0.645,-0.031,-0.404,-0.053,0.151,0.303,-0.514,0.353,-0.082,0.105,0.001,0.333,0.072,-0.074,-0.325,0.597,0.334,0.17,-0.023,0.666,-0.474,0.262,0.793,-0.6,0.58,0.263,-0.542,0.474,-0.521,-0.28,-0.056,-0.351,0.202,0.241
ARWR,-0.119,0.176,0.863,-0.858,0.273,0.179,-0.753,-0.789,0.849,0.218,0.917,0.888,-0.726,0.712,0.435,-0.552,0.243,0.74,0.544,0.793,-0.315,0.0,-0.016,0.692,0.499,0.888,-0.109,0.492,0.86,-0.555,0.738,-0.46,-0.209,0.224,0.076,-0.553,-0.575,0.258,0.813,0.427,0.126,-0.352,0.286,-0.746,0.671,-0.725,-0.0,-0.562,-0.542,-0.659,0.794,-0.639,-0.323,0.101,0.561,0.046,-0.735,-0.807,-0.87,0.793,-0.548,0.893,-0.643,-0.669,-0.747,0.665,-0.892,-0.829,0.827,-0.875,0.44,-0.829,0.186,-0.646,-0.668,-0.18,0.406,-0.242,0.891,0.838,-0.017,0.853,0.923,0.826,0.353,-0.038,0.154,-0.775,0.668,-0.159,0.085,-0.78,-0.939,0.88,0.806,0.381,0.723,-0.227,-0.324,-0.739,-0.402,-0.272,0.138,-0.554,-0.625,-0.829,-0.01,0.057,-0.106,0.836,0.564,-0.784,0.579,-0.265,0.214,0.868,-0.646,0.536,0.881,0.383,0.909,-0.852,-0.639,0.358,0.729,0.549,0.853,-0.49,-0.54,-0.445,-0.627,0.939,0.843,-0.06,-0.674,-0.015,0.367,0.88,0.749,-0.561,0.083,-0.104,-0.842,-0.729,0.663,-0.077,0.726,-0.44,-0.538,-0.37,-0.363,-0.354,0.794,0.457,0.918,0.822,0.643,-0.719,-0.205,-0.431,0.78,-0.046,0.739,-0.37,0.478,0.834,-0.729,-0.355,0.465,0.642,-0.665,-0.579,0.681,-0.677,0.654,0.028,0.41,-0.702,-0.54,0.856,0.348,-0.833,-0.115,-0.223,-0.208,-0.508,0.582,-0.675,-0.435,0.792,-0.826,-0.439,0.869,-0.687,0.894,0.958,-0.152,0.822,-0.546,0.357
ASND,0.196,0.435,-0.069,0.345,0.054,-0.482,0.137,0.104,0.036,0.433,0.087,-0.24,0.137,-0.276,0.098,-0.22,0.347,0.356,-0.203,0.088,0.68,-0.016,0.0,0.267,-0.544,0.176,0.226,0.414,0.155,0.284,-0.378,0.025,-0.434,-0.477,0.112,0.368,0.444,-0.487,0.311,-0.317,0.515,-0.086,-0.39,0.331,-0.066,0.086,0.395,0.433,-0.002,-0.146,-0.233,0.155,0.29,0.636,-0.462,-0.173,0.219,0.394,0.076,0.178,0.709,0.04,0.237,-0.312,0.219,-0.038,-0.038,-0.107,-0.248,0.139,0.386,0.175,-0.403,0.165,0.087,-0.461,0.164,0.119,0.23,-0.205,0.281,-0.046,-0.007,-0.228,-0.228,0.279,0.774,-0.128,0.242,0.574,-0.083,0.101,0.007,-0.249,-0.385,0.058,-0.409,-0.345,-0.131,0.181,0.588,0.225,-0.565,0.07,0.279,-0.014,-0.158,0.144,-0.292,0.058,-0.079,0.013,-0.416,0.108,0.059,-0.359,0.387,-0.577,-0.119,-0.066,-0.138,0.023,-0.115,-0.558,-0.413,-0.503,-0.261,-0.103,0.59,-0.081,0.319,0.16,-0.271,-0.671,-0.21,-0.406,0.372,-0.272,0.22,-0.019,0.492,-0.199,-0.105,0.322,-0.281,0.576,-0.397,0.253,0.423,-0.581,0.196,0.188,-0.371,-0.307,-0.116,-0.28,-0.597,-0.025,0.528,0.486,0.151,-0.379,-0.206,-0.325,0.644,-0.332,0.328,-0.426,-0.246,-0.023,-0.007,0.011,-0.402,-0.137,0.256,0.123,-0.137,0.019,-0.258,0.285,-0.391,0.229,0.445,0.03,-0.242,0.432,-0.486,-0.136,0.712,-0.313,0.246,-0.075,-0.275,0.261,-0.33,0.065,-0.312,0.06,-0.169,0.506
ASTH,0.111,0.5,0.494,-0.441,0.264,0.298,-0.433,-0.306,0.51,0.224,0.639,0.64,-0.22,0.684,0.66,-0.157,0.451,0.847,0.635,0.429,0.158,0.692,0.267,0.0,0.44,0.693,0.42,0.554,0.735,0.002,0.31,-0.184,-0.013,0.325,0.388,-0.205,-0.178,0.351,0.654,0.42,0.334,-0.088,0.423,-0.256,0.533,-0.213,0.215,-0.116,-0.29,-0.3,0.575,-0.231,-0.119,0.379,0.411,0.332,-0.199,-0.334,-0.431,0.589,-0.094,0.818,-0.287,-0.512,-0.298,0.65,-0.635,-0.509,0.61,-0.417,0.653,-0.384,0.275,-0.305,-0.339,-0.014,0.539,0.101,0.722,0.58,0.391,0.478,0.564,0.411,0.141,0.132,0.209,-0.438,0.461,0.105,0.225,-0.272,-0.608,0.528,0.558,0.272,0.501,0.154,0.169,-0.226,-0.071,0.069,0.22,-0.314,-0.299,-0.541,0.379,0.035,0.201,0.487,0.499,-0.313,0.295,0.125,0.583,0.514,-0.321,0.361,0.705,0.583,0.694,-0.51,-0.252,0.31,0.53,0.488,0.562,-0.391,-0.202,0.025,-0.17,0.748,0.532,-0.291,-0.504,0.237,0.568,0.523,0.561,-0.088,0.033,-0.2,-0.498,-0.264,0.525,0.195,0.51,0.119,-0.1,-0.333,0.148,0.156,0.574,0.523,0.639,0.564,0.407,-0.492,0.262,-0.231,0.679,0.056,0.535,-0.105,0.495,0.569,-0.174,-0.038,0.5,0.644,-0.46,-0.231,0.491,-0.232,0.6,0.323,0.669,-0.249,-0.304,0.707,0.452,-0.324,-0.096,0.134,0.068,-0.018,0.518,-0.31,-0.095,0.346,-0.318,-0.215,0.514,-0.367,0.537,0.705,-0.115,0.48,-0.132,0.359
ATSG,0.1,-0.169,0.368,-0.661,0.191,0.752,-0.407,-0.252,0.251,-0.239,0.327,0.711,-0.244,0.861,0.467,0.28,0.127,0.371,0.76,0.111,-0.524,0.499,-0.544,0.44,0.0,0.291,0.092,0.025,0.403,-0.157,0.524,-0.101,0.547,0.842,0.3,-0.507,-0.491,0.858,0.067,0.735,-0.159,0.091,0.83,-0.439,0.346,-0.11,-0.225,-0.569,-0.21,-0.003,0.694,-0.306,-0.328,-0.282,0.749,0.663,-0.312,-0.619,-0.364,0.316,-0.644,0.593,-0.36,-0.139,-0.372,0.627,-0.468,-0.304,0.684,-0.329,0.207,-0.347,0.644,-0.35,-0.31,0.641,0.371,-0.037,0.277,0.645,0.195,0.235,0.369,0.467,0.328,-0.077,-0.677,-0.107,0.128,-0.434,0.436,-0.169,-0.416,0.619,0.803,-0.102,0.688,0.584,0.41,-0.213,-0.51,-0.162,0.85,-0.201,-0.532,-0.294,0.446,-0.264,0.638,0.248,0.685,-0.15,0.618,0.115,0.519,0.687,-0.692,0.875,0.62,0.676,0.615,-0.345,0.146,0.888,0.811,0.943,0.595,-0.207,-0.684,0.242,-0.31,0.391,0.641,0.371,-0.303,0.737,0.097,0.621,0.21,0.141,-0.538,0.144,-0.214,-0.402,0.613,-0.373,0.786,0.05,-0.498,0.317,-0.02,-0.066,0.835,0.887,0.575,0.671,0.883,-0.298,-0.015,-0.602,0.378,0.523,0.583,0.357,-0.353,0.797,-0.378,0.488,0.672,0.499,-0.228,-0.215,0.869,-0.056,0.219,0.232,0.699,-0.062,0.158,0.214,0.856,-0.368,-0.581,0.173,0.437,-0.366,0.871,0.022,-0.745,0.512,-0.398,-0.208,0.556,-0.569,0.659,0.459,0.163,0.229,0.244,-0.385
AVTX,0.062,0.436,0.711,-0.692,0.479,0.063,-0.56,-0.649,0.887,0.452,0.879,0.688,-0.735,0.495,0.555,-0.559,0.43,0.749,0.482,0.752,-0.215,0.888,0.176,0.693,0.291,0.0,0.04,0.649,0.74,-0.334,0.481,-0.25,-0.198,-0.059,0.154,-0.402,-0.249,0.095,0.875,0.376,0.385,-0.162,0.2,-0.493,0.765,-0.658,0.322,-0.288,-0.284,-0.657,0.76,-0.404,-0.024,0.315,0.463,-0.135,-0.633,-0.613,-0.801,0.83,-0.265,0.791,-0.422,-0.682,-0.562,0.492,-0.834,-0.813,0.638,-0.77,0.678,-0.671,0.208,-0.417,-0.421,-0.27,0.411,-0.015,0.931,0.722,-0.009,0.774,0.834,0.595,0.146,0.227,0.38,-0.744,0.616,0.169,-0.045,-0.689,-0.855,0.654,0.581,0.414,0.653,-0.306,-0.363,-0.638,-0.096,0.035,-0.105,-0.41,-0.356,-0.837,-0.199,0.038,-0.24,0.901,0.307,-0.676,0.385,-0.105,0.261,0.672,-0.341,0.287,0.87,0.14,0.743,-0.77,-0.646,0.232,0.482,0.335,0.612,-0.572,-0.374,-0.425,-0.465,0.868,0.667,-0.32,-0.496,-0.072,0.304,0.67,0.884,-0.485,0.247,-0.061,-0.898,-0.526,0.71,0.215,0.513,-0.44,-0.24,-0.642,-0.201,-0.311,0.6,0.339,0.801,0.617,0.441,-0.56,-0.19,-0.107,0.849,0.02,0.463,-0.426,0.662,0.606,-0.572,-0.461,0.504,0.631,-0.641,-0.363,0.578,-0.709,0.87,0.281,0.289,-0.609,-0.659,0.939,0.274,-0.682,0.094,0.006,-0.185,-0.522,0.428,-0.767,-0.237,0.563,-0.665,-0.242,0.689,-0.446,0.715,0.889,-0.165,0.901,-0.514,0.632
BCPC,0.291,0.702,-0.289,0.357,0.145,0.382,0.322,0.484,-0.214,0.107,-0.209,-0.14,0.518,0.129,0.601,0.389,0.37,0.273,0.299,-0.318,0.534,-0.109,0.226,0.42,0.092,0.04,0.0,0.247,-0.11,0.688,-0.328,0.345,0.32,0.136,0.176,0.583,0.539,0.35,0.059,0.324,0.395,0.458,0.387,0.497,0.049,0.481,0.388,0.477,0.339,0.405,-0.049,0.531,0.082,0.32,0.226,0.262,0.52,0.485,0.416,-0.072,0.382,0.065,0.275,0.275,0.518,0.088,0.201,0.382,-0.083,0.441,0.516,0.446,0.389,0.44,0.482,0.302,0.036,0.376,-0.073,-0.115,0.41,-0.169,-0.226,-0.32,-0.431,0.401,0.089,0.44,-0.178,0.58,0.003,0.456,0.238,-0.252,-0.078,0.092,0.067,0.564,0.676,0.487,0.291,0.484,0.122,0.127,0.213,0.063,0.457,0.149,0.454,-0.147,-0.082,0.464,-0.285,0.497,0.633,-0.163,0.376,-0.108,0.05,0.185,-0.043,0.275,0.335,0.066,0.006,0.115,-0.193,-0.104,0.215,0.575,0.292,-0.02,-0.265,-0.275,0.124,0.425,0.156,-0.331,0.005,0.499,0.189,-0.009,0.27,0.351,0.093,0.239,0.051,0.541,0.461,0.078,0.677,0.768,-0.094,0.223,-0.159,-0.154,-0.1,0.064,0.451,0.166,0.163,0.302,-0.228,0.509,0.108,-0.174,0.463,0.426,0.235,0.479,0.062,0.439,0.042,0.512,0.174,0.4,0.377,0.377,0.258,0.066,0.35,0.466,0.111,0.633,0.363,0.426,0.199,0.406,0.251,-0.4,0.442,0.434,-0.218,0.232,-0.17,-0.083,0.278,-0.11,0.48,0.07
BEAM,0.438,0.526,0.252,-0.254,0.667,0.16,-0.001,-0.076,0.472,0.795,0.505,0.198,-0.214,0.209,0.533,-0.264,0.777,0.509,0.505,0.281,0.208,0.492,0.414,0.554,0.025,0.649,0.247,0.0,0.405,0.192,-0.062,0.307,0.077,-0.211,0.429,0.074,0.224,-0.011,0.558,0.414,0.783,0.283,0.18,0.033,0.668,-0.177,0.672,0.261,0.193,-0.152,0.473,0.187,0.23,0.52,0.295,-0.096,-0.084,-0.098,-0.271,0.446,0.256,0.364,0.177,-0.352,0.018,0.099,-0.394,-0.348,0.163,-0.322,0.716,-0.11,0.35,0.138,0.1,-0.167,0.457,0.511,0.643,0.218,0.324,0.418,0.349,0.047,-0.043,0.607,0.434,-0.427,0.321,0.488,0.221,-0.172,-0.321,0.173,0.131,0.282,0.332,-0.102,-0.166,-0.097,0.366,0.372,-0.177,0.203,0.147,-0.384,-0.093,0.218,-0.149,0.497,-0.068,-0.155,-0.087,0.311,0.498,0.207,0.209,0.069,0.613,-0.092,0.266,-0.196,-0.25,0.189,0.02,0.161,0.108,-0.158,0.168,-0.002,0.124,0.561,0.205,-0.546,-0.101,0.066,0.259,0.267,0.602,-0.057,0.431,0.267,-0.451,0.066,0.481,0.58,0.053,-0.123,0.29,-0.61,0.121,0.051,0.19,0.279,0.309,0.288,0.118,-0.014,0.036,0.375,0.78,0.255,0.004,-0.086,0.603,0.15,-0.005,-0.154,0.183,0.496,-0.09,0.196,0.225,-0.261,0.653,0.581,0.36,-0.043,-0.26,0.755,0.249,-0.133,0.367,0.321,0.213,-0.198,0.179,-0.448,0.09,-0.009,-0.061,0.267,0.15,0.117,0.185,0.421,0.242,0.483,-0.036,0.738
BILI,-0.139,0.106,0.749,-0.721,0.153,0.063,-0.766,-0.703,0.709,0.138,0.848,0.815,-0.593,0.655,0.354,-0.525,0.157,0.747,0.461,0.733,-0.125,0.86,0.155,0.735,0.403,0.74,-0.11,0.405,0.0,-0.499,0.618,-0.531,-0.316,0.222,0.288,-0.574,-0.564,0.114,0.726,0.233,0.065,-0.452,0.151,-0.632,0.576,-0.63,-0.004,-0.467,-0.59,-0.63,0.683,-0.637,-0.24,0.173,0.36,0.141,-0.615,-0.673,-0.74,0.687,-0.371,0.875,-0.558,-0.729,-0.674,0.66,-0.785,-0.75,0.732,-0.757,0.421,-0.732,-0.019,-0.651,-0.711,-0.265,0.628,-0.256,0.834,0.737,0.159,0.681,0.796,0.708,0.426,-0.143,0.218,-0.802,0.644,-0.206,0.289,-0.652,-0.833,0.752,0.668,0.299,0.582,-0.213,-0.258,-0.623,-0.293,-0.315,0.115,-0.489,-0.515,-0.697,0.142,0.17,-0.075,0.65,0.608,-0.676,0.444,-0.287,0.208,0.663,-0.61,0.388,0.741,0.497,0.827,-0.778,-0.59,0.213,0.602,0.421,0.753,-0.408,-0.379,-0.425,-0.38,0.856,0.72,-0.162,-0.677,-0.097,0.479,0.831,0.588,-0.492,0.044,-0.237,-0.734,-0.569,0.479,0.025,0.544,-0.29,-0.471,-0.333,-0.287,-0.311,0.673,0.377,0.803,0.723,0.47,-0.633,0.041,-0.394,0.644,-0.219,0.764,-0.445,0.491,0.722,-0.588,-0.361,0.418,0.499,-0.676,-0.598,0.505,-0.602,0.537,-0.038,0.476,-0.604,-0.556,0.74,0.187,-0.707,-0.175,-0.305,-0.246,-0.358,0.401,-0.617,-0.223,0.71,-0.702,-0.527,0.738,-0.618,0.736,0.862,-0.296,0.633,-0.523,0.346
BJRI,0.653,0.366,-0.771,0.708,0.229,0.262,0.793,0.893,-0.581,0.277,-0.59,-0.627,0.716,-0.263,0.386,0.662,0.437,-0.075,0.12,-0.722,0.589,-0.555,0.284,0.002,-0.157,-0.334,0.688,0.192,-0.499,0.0,-0.845,0.759,0.53,-0.07,0.442,0.677,0.855,0.117,-0.408,0.144,0.558,0.766,0.223,0.884,-0.168,0.85,0.54,0.789,0.768,0.698,-0.278,0.905,0.445,0.283,-0.078,0.273,0.835,0.789,0.72,-0.362,0.735,-0.423,0.809,0.42,0.846,-0.325,0.491,0.624,-0.564,0.802,0.362,0.85,0.31,0.833,0.841,0.373,0.112,0.713,-0.425,-0.576,0.549,-0.63,-0.711,-0.836,-0.561,0.627,-0.04,0.638,-0.483,0.639,0.225,0.852,0.672,-0.729,-0.554,-0.333,-0.33,0.512,0.661,0.856,0.663,0.721,0.036,0.675,0.692,0.454,0.276,-0.06,0.323,-0.504,-0.407,0.856,-0.585,0.698,0.535,-0.64,0.725,-0.337,-0.28,-0.104,-0.571,0.739,0.686,0.015,-0.518,-0.161,-0.695,0.244,0.585,0.806,0.804,-0.493,-0.67,-0.361,0.541,0.465,-0.046,-0.706,-0.226,0.841,0.133,0.192,0.578,0.858,-0.145,0.539,-0.488,0.697,0.83,-0.021,0.728,0.653,-0.486,0.1,-0.619,-0.565,-0.404,0.63,0.529,0.593,-0.077,0.456,-0.692,0.532,-0.077,-0.59,0.863,0.511,-0.061,-0.062,0.46,0.798,-0.224,0.632,-0.047,0.654,0.199,0.823,0.449,-0.29,0.201,0.887,0.235,0.782,0.617,0.443,-0.193,0.511,0.474,-0.864,0.865,0.679,-0.757,0.693,-0.666,-0.555,0.348,-0.501,0.789,0.043
BLUE,-0.588,-0.196,0.889,-0.851,-0.136,0.081,-0.87,-0.881,0.653,-0.321,0.684,0.86,-0.662,0.615,-0.044,-0.481,-0.254,0.304,0.22,0.724,-0.571,0.738,-0.378,0.31,0.524,0.481,-0.328,-0.062,0.618,-0.845,0.0,-0.76,-0.299,0.418,-0.363,-0.651,-0.876,0.304,0.513,0.233,-0.466,-0.654,0.166,-0.944,0.265,-0.789,-0.528,-0.884,-0.799,-0.612,0.503,-0.89,-0.613,-0.193,0.392,0.02,-0.823,-0.881,-0.749,0.502,-0.864,0.704,-0.926,-0.384,-0.858,0.635,-0.623,-0.651,0.834,-0.813,-0.105,-0.879,0.01,-0.875,-0.836,-0.087,-0.033,-0.666,0.544,0.817,-0.401,0.724,0.844,0.954,0.544,-0.571,-0.118,-0.533,0.505,-0.59,-0.157,-0.812,-0.77,0.922,0.84,0.393,0.584,-0.154,-0.308,-0.821,-0.794,-0.648,0.273,-0.783,-0.893,-0.552,0.025,0.027,0.044,0.592,0.66,-0.826,0.745,-0.505,-0.172,0.876,-0.875,0.593,0.528,0.408,0.822,-0.834,-0.549,0.287,0.855,0.553,0.879,-0.416,-0.787,-0.595,-0.898,0.698,0.834,0.416,-0.704,-0.11,0.158,0.841,0.347,-0.689,-0.223,-0.156,-0.618,-0.964,0.413,-0.613,0.835,-0.5,-0.904,0.156,-0.522,-0.434,0.781,0.247,0.824,0.797,0.693,-0.795,-0.386,-0.792,0.3,-0.241,0.877,-0.268,0.027,0.838,-0.884,-0.257,0.327,0.456,-0.554,-0.813,0.533,-0.513,0.212,-0.482,0.129,-0.794,-0.345,0.443,0.187,-0.905,-0.424,-0.561,-0.434,-0.406,0.584,-0.392,-0.661,0.968,-0.916,-0.67,0.94,-0.878,0.891,0.734,-0.237,0.598,-0.598,-0.139
