,AAL,AAON,ACB,ACGL,ACGLO,ACIW,ADBE,ADSK,AEP,AGIO,ALEC,ALNY,ALTR,AMBA,AMCX,AMKR,AMRX,ANSS,APPN,APTO,ARCT,ARWR,ASND,ASTH,ATSG,AVTX,BCPC,BEAM,BILI,BJRI,BLUE,BPOP,BRKL,BWIN,BZUN,CARG,CBRL,CBSH,CBUS,CENTA,CERS,CFFN,CHCO,CHEF,CHRD,CINF,CLLS,CMCO,CMCSA,COLL,COMM,COOP,CPB,CRON,CROX,CRUS,CRWD,CTAS,CYBR,CYTK,DGII,DIOD,DOMO,DPZ,DSGR,DXCM,ERIE,ESTA,EXEL,FAST,FCEL,FCFS,FHB,FITBI,FSV,FTDR,FUTU,GLDD,GLPG,GLPI,GOGO,GOSS,GSAT,GYRE,HALO,HAS,HLIT,HLNE,HSDT,HSIC,HTHT,ICHR,IDYA,IMVT,INDB,INSM,IONS,IOSP,ITRI,JBHT,JBLU,JSM,KLIC,KOD,KURA,LAB,LASR,LIN,LKQ,LNT,MBUU,MCRI,MDGL,MEDP,MGNI,MGPI,MGRC,MKTX,MRNA,MRTN,MSEX,MSFT,MU,NAVI,NBTB,NEO,NEOG,NGNE,NSSC,NTAP,NTES,NTLA,NTRS,NYMTN,OBLG,OCFC,ON,ONC,OPI,OSIS,OSW,PALI,PANW,PCAR,PCRX,PCTY,PEBO,PLAB,PLAY,PLMR,PLSE,PLUS,PRTA,PSEC,PSNL,PTCT,PTON,QNST,QRVO,QTTB,RARE,RBCAA,RGNX,SAIC,SGMO,SINT,SNPS,SPSC,SPTN,SSYS,STNE,TBBK,TCPC,TENB,TGTX,TREE,TRUP,TTWO,TW,TXG,UBSI,UCTT,UFPT,UMBF,UPBD,URBN,VBTX,VCTR,VEON,VNET,VRSK,VSEC,WABC,WTFCM,WVE,WW,WWD,XEL,ZD,ZYME
AAL,0.0,-0.089,-0.485,0.431,0.483,0.282,0.481,0.234,0.623,-0.043,0.015,0.031,0.518,0.162,0.69,-0.232,0.319,0.276,-0.188,0.424,0.099,0.341,0.073,0.123,0.602,0.059,0.197,0.371,0.002,0.44,0.205,0.576,0.513,0.354,-0.2,0.316,0.573,0.294,0.284,0.642,0.11,0.515,0.514,0.528,-0.767,0.512,-0.129,0.482,0.575,0.285,0.408,0.227,0.507,0.173,0.583,0.171,0.144,0.4,0.316,-0.088,0.138,0.225,0.226,-0.132,0.33,-0.043,0.466,-0.297,0.403,0.317,0.026,-0.234,0.408,0.707,0.527,0.738,-0.089,0.295,0.266,0.512,0.183,0.348,0.296,0.111,0.463,0.055,0.351,-0.019,-0.113,0.621,0.172,-0.271,-0.102,0.116,0.573,-0.281,0.338,0.529,-0.037,0.075,0.249,0.551,0.27,0.101,0.305,-0.291,0.274,0.407,0.189,0.756,0.216,0.217,0.114,0.035,0.472,0.726,0.193,0.057,-0.021,0.311,0.707,-0.09,-0.165,0.343,0.615,0.408,0.507,0.271,0.239,0.01,0.449,0.252,0.443,0.17,0.057,0.646,0.245,0.348,-0.031,0.266,0.404,0.185,0.138,0.123,0.348,0.024,0.507,0.043,0.29,0.738,-0.064,0.144,0.376,0.478,0.39,0.345,0.374,0.107,0.053,-0.552,-0.033,0.492,0.241,0.56,0.366,0.563,0.103,0.551,0.842,0.471,0.112,0.461,0.275,0.077,0.195,0.355,0.48,-0.055,0.334,0.052,0.764,0.028,0.2,0.699,0.559,0.625,0.538,0.046,0.425,-0.021,0.595,-0.037,0.475,0.11,0.066,0.153,0.391,0.335,0.489,0.244
AAON,-0.089,0.0,0.302,0.411,0.039,0.552,-0.066,0.028,0.3,0.199,0.0,0.203,0.502,0.033,0.153,0.239,0.438,0.124,0.431,-0.111,-0.038,-0.023,-0.031,0.028,0.177,0.083,-0.049,-0.159,0.455,0.114,-0.063,0.447,-0.165,0.21,0.477,0.606,0.021,0.476,0.065,0.438,0.268,-0.149,0.4,0.09,0.434,-0.049,-0.044,0.146,-0.3,0.187,0.055,0.57,0.242,0.145,-0.021,0.295,0.154,0.051,0.176,0.111,0.415,0.582,-0.057,0.304,0.234,0.22,0.074,0.114,0.336,0.061,-0.023,-0.291,0.599,0.029,0.005,0.076,0.599,-0.089,-0.001,0.171,0.38,-0.159,0.106,0.296,0.191,0.602,-0.062,0.671,-0.129,0.284,0.471,0.38,0.16,-0.048,0.38,0.169,0.128,0.063,0.607,-0.038,-0.41,-0.048,0.124,-0.071,0.196,0.039,0.102,-0.067,-0.305,0.169,0.037,0.072,-0.118,0.569,0.095,-0.127,-0.02,0.192,0.513,0.167,0.203,0.151,0.069,-0.07,0.449,0.18,0.012,-0.101,0.592,0.167,0.234,-0.04,0.2,0.043,-0.211,0.314,0.204,0.356,0.259,0.313,0.142,0.198,0.205,0.058,-0.041,0.033,0.452,0.449,-0.035,0.013,-0.214,0.633,-0.035,-0.143,0.176,0.037,-0.055,0.593,0.48,0.158,0.265,0.337,-0.065,0.416,-0.042,-0.111,0.179,0.391,-0.228,-0.025,0.401,0.001,-0.367,0.236,0.175,0.314,0.185,0.252,0.431,-0.001,0.187,0.139,0.039,0.426,0.286,0.002,0.532,0.306,-0.338,0.154,-0.188,0.52,0.498,0.459,-0.067,0.139,0.284,0.209,-0.02,-0.098
ACB,-0.485,0.302,0.0,0.179,-0.227,0.323,-0.403,-0.307,0.113,0.327,-0.193,-0.083,-0.026,-0.279,-0.014,-0.087,0.03,-0.201,0.037,-0.506,-0.31,-0.365,-0.157,-0.205,-0.28,-0.23,-0.284,-0.478,0.294,-0.314,-0.26,0.059,-0.288,-0.175,0.456,0.305,-0.391,0.323,-0.286,-0.046,0.075,-0.41,0.162,-0.459,0.555,-0.161,0.206,-0.28,-0.392,-0.062,-0.378,0.379,0.086,0.086,-0.382,-0.144,-0.152,-0.418,-0.169,-0.133,-0.008,0.118,-0.314,0.049,0.028,-0.048,-0.233,0.133,0.034,-0.281,-0.261,-0.013,0.2,-0.318,-0.398,-0.351,0.478,-0.282,-0.273,-0.191,0.365,-0.429,-0.384,0.011,-0.267,0.393,-0.307,0.392,-0.097,-0.182,0.182,0.005,-0.212,-0.313,0.03,0.073,-0.139,-0.314,0.535,-0.248,-0.406,-0.343,-0.328,-0.366,-0.251,-0.082,-0.264,-0.363,-0.443,-0.067,-0.199,-0.305,-0.389,0.135,-0.345,-0.489,-0.277,0.018,0.184,-0.247,-0.274,-0.166,-0.12,-0.215,0.028,-0.234,-0.384,-0.444,0.437,-0.089,-0.13,-0.346,-0.151,-0.034,-0.292,-0.11,-0.257,-0.118,0.093,-0.048,-0.295,-0.173,0.149,-0.355,-0.327,-0.166,0.114,0.017,-0.131,-0.086,-0.295,0.321,-0.423,-0.208,-0.147,-0.225,-0.375,0.098,0.01,0.413,0.151,0.157,-0.426,0.011,-0.457,-0.24,-0.153,-0.203,-0.403,-0.322,0.056,0.007,-0.487,-0.062,-0.138,-0.085,-0.221,-0.037,-0.088,-0.234,-0.198,-0.182,-0.297,-0.052,-0.344,-0.427,0.093,0.423,0.065,0.141,-0.505,-0.036,0.075,0.386,-0.295,-0.191,-0.007,0.434,-0.368,-0.341
ACGL,0.431,0.411,0.179,0.0,0.334,0.462,0.007,0.04,0.581,0.046,-0.105,0.169,0.523,-0.094,0.525,-0.312,0.317,0.086,-0.082,0.003,-0.105,0.101,0.043,0.021,0.267,-0.206,0.044,0.014,-0.009,0.144,0.06,0.501,0.374,0.421,-0.017,0.616,0.221,0.553,0.102,0.558,0.216,0.203,0.596,0.174,-0.2,0.568,0.031,0.15,0.293,0.269,0.165,0.588,0.52,0.088,0.221,0.064,-0.035,0.068,0.128,-0.015,0.035,0.121,-0.001,-0.211,0.419,0.052,0.372,-0.14,0.215,0.152,-0.155,-0.124,0.516,0.267,0.189,0.365,0.137,0.061,0.106,0.376,0.15,0.026,-0.036,0.054,0.391,0.263,0.153,0.356,-0.131,0.376,0.311,-0.388,-0.217,0.002,0.465,-0.144,0.165,0.281,0.282,-0.018,-0.032,0.229,-0.033,-0.181,0.103,-0.194,0.034,0.199,-0.102,0.57,0.103,0.007,-0.109,0.15,0.139,0.203,-0.02,0.205,0.06,0.15,0.376,-0.172,-0.243,0.23,0.628,0.178,0.195,-0.078,0.552,-0.079,0.309,0.027,0.32,0.112,-0.09,0.498,-0.066,0.167,-0.017,0.41,0.159,0.127,0.064,-0.029,0.09,-0.089,0.485,-0.022,0.193,0.543,-0.293,0.374,0.057,0.264,0.291,0.007,0.003,0.309,-0.031,-0.309,0.182,0.616,-0.102,0.51,0.007,0.188,-0.02,0.373,0.323,0.171,0.227,0.513,-0.11,0.052,0.188,0.241,0.262,-0.007,0.374,-0.068,0.644,-0.107,0.07,0.643,0.267,0.177,0.655,0.332,0.193,0.057,0.14,0.167,0.556,0.507,-0.103,-0.053,0.481,0.597,0.157,0.065
ACGLO,0.483,0.039,-0.227,0.334,0.0,0.343,0.843,0.84,0.32,-0.598,0.688,0.795,0.762,0.806,0.718,0.402,0.656,0.869,0.518,0.843,0.735,0.854,0.722,0.849,0.693,0.392,0.836,0.859,-0.276,0.85,0.857,0.452,0.749,0.837,-0.486,0.544,0.802,-0.251,0.903,0.599,0.742,0.89,-0.055,0.83,-0.262,0.759,0.59,0.794,0.813,0.906,0.901,-0.193,-0.115,0.768,0.845,0.788,0.77,0.751,0.883,0.662,0.679,0.133,0.861,0.415,0.906,0.51,0.94,0.456,0.513,0.908,0.75,-0.219,0.256,0.228,0.864,0.652,-0.245,0.886,0.906,0.923,0.094,0.873,0.744,0.477,0.896,-0.261,0.889,0.352,0.664,0.618,0.649,0.182,0.577,0.765,-0.012,0.547,0.808,0.885,-0.262,0.797,0.443,0.895,0.785,0.683,0.797,0.458,0.838,0.883,0.684,0.313,0.876,0.791,0.734,0.471,0.887,0.747,0.847,0.808,-0.01,0.846,0.67,0.671,0.613,0.835,0.592,0.896,0.868,0.82,-0.112,0.719,0.754,0.839,0.892,0.861,0.611,0.742,0.713,0.682,-0.056,0.742,0.821,-0.013,-0.512,0.756,0.905,0.693,0.037,0.608,0.92,0.439,0.469,-0.022,0.839,0.594,0.863,0.726,0.863,0.333,0.508,-0.81,0.663,0.492,0.786,0.646,0.751,-0.248,0.798,0.751,0.207,0.926,0.782,-0.193,0.269,0.703,0.756,0.849,0.877,0.733,0.318,0.78,0.693,0.757,0.866,0.585,0.835,0.728,0.27,-0.585,0.133,0.715,0.849,0.501,0.649,-0.397,0.731,0.387,0.864,-0.066,0.909,0.785
ACIW,0.282,0.552,0.323,0.462,0.343,0.0,0.269,0.233,0.728,0.412,0.207,0.321,0.697,0.195,0.592,0.299,0.504,0.332,0.482,0.125,0.132,0.234,0.266,0.196,0.508,0.07,0.123,0.063,0.629,0.339,0.212,0.767,0.133,0.394,0.526,0.881,0.31,0.473,0.287,0.701,0.311,0.152,0.527,0.313,0.213,0.361,0.269,0.488,0.082,0.385,0.284,0.638,0.526,0.345,0.273,0.436,0.326,0.17,0.426,0.196,0.56,0.804,0.117,0.364,0.471,0.284,0.337,0.035,0.64,0.235,0.095,-0.275,0.852,0.291,0.283,0.467,0.694,0.176,0.223,0.47,0.752,0.06,0.289,0.251,0.386,0.577,0.072,0.811,-0.033,0.623,0.599,0.202,0.169,0.097,0.508,0.211,0.467,0.354,0.554,0.092,-0.262,0.177,0.291,0.131,0.415,0.029,0.239,0.079,-0.193,0.601,0.292,0.266,-0.001,0.638,0.377,0.158,0.125,0.363,0.693,0.338,0.605,0.147,0.021,0.151,0.743,0.455,0.198,0.058,0.634,0.151,0.685,0.205,0.504,0.329,-0.07,0.62,0.389,0.609,0.533,0.361,0.379,-0.016,0.405,-0.01,0.203,0.279,0.667,0.531,0.252,0.377,-0.321,0.742,0.156,0.264,0.56,0.357,0.246,0.739,0.528,-0.115,0.513,0.628,0.071,0.642,0.089,0.0,0.258,0.593,0.141,0.315,0.513,0.14,-0.123,0.481,0.439,0.595,0.489,0.321,0.644,0.142,0.559,0.2,0.099,0.695,0.504,0.302,0.686,0.312,0.169,0.401,0.143,0.498,0.809,0.293,0.118,0.292,0.386,0.548,0.253,0.015
ADBE,0.481,-0.066,-0.403,0.007,0.843,0.269,0.0,0.853,0.243,-0.508,0.703,0.649,0.66,0.886,0.635,0.536,0.667,0.904,0.531,0.896,0.82,0.854,0.68,0.812,0.755,0.635,0.787,0.885,-0.117,0.918,0.821,0.409,0.554,0.692,-0.385,0.353,0.866,-0.385,0.872,0.511,0.615,0.818,-0.165,0.912,-0.286,0.558,0.489,0.874,0.714,0.831,0.876,-0.332,-0.169,0.801,0.892,0.835,0.861,0.847,0.906,0.609,0.743,0.288,0.881,0.612,0.755,0.549,0.855,0.425,0.596,0.889,0.772,-0.343,0.19,0.296,0.908,0.689,-0.208,0.88,0.863,0.831,0.195,0.887,0.849,0.435,0.825,-0.242,0.865,0.26,0.612,0.685,0.637,0.389,0.694,0.78,-0.023,0.554,0.861,0.844,-0.319,0.784,0.367,0.863,0.895,0.773,0.859,0.414,0.908,0.856,0.692,0.246,0.851,0.849,0.749,0.436,0.941,0.813,0.87,0.669,0.008,0.851,0.685,0.712,0.695,0.738,0.471,0.903,0.895,0.883,-0.228,0.795,0.74,0.827,0.836,0.792,0.556,0.652,0.868,0.764,-0.009,0.514,0.852,0.049,-0.404,0.781,0.907,0.696,0.022,0.716,0.855,0.426,0.558,-0.096,0.88,0.496,0.773,0.838,0.929,0.294,0.668,-0.738,0.556,0.31,0.895,0.611,0.815,-0.211,0.844,0.733,0.273,0.934,0.67,-0.369,0.303,0.702,0.677,0.836,0.895,0.729,0.275,0.786,0.52,0.823,0.845,0.475,0.872,0.825,0.104,-0.656,0.116,0.691,0.909,0.462,0.501,-0.582,0.773,0.343,0.737,-0.249,0.918,0.738
ADSK,0.234,0.028,-0.307,0.04,0.84,0.233,0.853,0.0,0.109,-0.619,0.902,0.831,0.673,0.954,0.522,0.717,0.649,0.945,0.723,0.923,0.921,0.95,0.829,0.959,0.715,0.663,0.915,0.926,-0.214,0.907,0.956,0.306,0.57,0.784,-0.471,0.413,0.81,-0.551,0.958,0.445,0.774,0.857,-0.29,0.879,-0.006,0.65,0.664,0.868,0.697,0.858,0.929,-0.389,-0.365,0.776,0.851,0.907,0.898,0.814,0.916,0.785,0.754,0.184,0.945,0.655,0.822,0.616,0.865,0.483,0.413,0.932,0.899,-0.21,0.145,0.079,0.889,0.598,-0.25,0.959,0.965,0.842,0.033,0.93,0.902,0.547,0.872,-0.339,0.899,0.327,0.804,0.574,0.612,0.403,0.845,0.905,-0.221,0.749,0.856,0.867,-0.404,0.969,0.441,0.79,0.942,0.903,0.93,0.654,0.934,0.87,0.793,0.051,0.954,0.94,0.857,0.521,0.926,0.67,0.939,0.854,0.011,0.952,0.623,0.846,0.827,0.799,0.403,0.895,0.865,0.958,-0.345,0.852,0.751,0.957,0.874,0.891,0.665,0.581,0.873,0.743,0.111,0.658,0.92,-0.136,-0.587,0.906,0.918,0.89,-0.102,0.764,0.897,0.192,0.583,-0.107,0.946,0.401,0.848,0.825,0.96,0.455,0.657,-0.693,0.696,0.295,0.946,0.488,0.883,-0.493,0.937,0.727,0.023,0.91,0.812,-0.527,0.352,0.87,0.794,0.873,0.889,0.862,0.335,0.952,0.474,0.909,0.916,0.374,0.839,0.753,0.05,-0.789,0.045,0.778,0.828,0.651,0.557,-0.668,0.943,0.347,0.706,-0.348,0.928,0.877
AEP,0.623,0.3,0.113,0.581,0.32,0.728,0.243,0.109,0.0,0.361,-0.075,-0.002,0.624,0.014,0.776,-0.162,0.504,0.217,-0.002,0.105,-0.097,0.104,-0.077,0.005,0.476,-0.027,-0.083,0.002,0.537,0.346,0.036,0.866,0.157,0.266,0.312,0.747,0.45,0.62,0.153,0.772,0.161,0.174,0.812,0.323,-0.247,0.413,0.004,0.42,0.193,0.281,0.179,0.676,0.776,0.265,0.393,0.232,0.126,0.112,0.318,-0.181,0.258,0.582,0.015,0.089,0.393,0.026,0.327,-0.371,0.624,0.178,-0.193,-0.512,0.849,0.471,0.358,0.683,0.531,0.091,0.085,0.489,0.623,0.023,0.162,0.229,0.372,0.619,0.096,0.406,-0.217,0.726,0.462,-0.195,-0.178,-0.123,0.785,-0.24,0.369,0.332,0.458,-0.066,-0.327,0.324,0.126,-0.126,0.275,-0.44,0.167,0.13,-0.236,0.941,0.128,0.086,-0.256,0.253,0.339,0.377,0.013,0.089,0.311,0.257,0.754,-0.204,-0.271,0.08,0.861,0.302,0.273,-0.016,0.73,-0.051,0.534,0.019,0.468,0.217,-0.318,0.709,0.235,0.559,0.261,0.174,0.34,0.113,0.373,-0.161,0.073,-0.029,0.881,0.228,0.165,0.744,-0.462,0.526,0.1,0.218,0.341,0.325,0.176,0.444,0.309,-0.116,0.125,0.729,-0.02,0.736,0.055,0.318,0.058,0.62,0.566,0.287,0.23,0.408,-0.218,0.166,0.088,0.408,0.455,-0.009,0.512,-0.08,0.714,-0.059,-0.035,0.837,0.482,0.486,0.815,0.432,0.399,0.225,0.273,0.047,0.733,0.446,-0.053,-0.025,0.406,0.763,0.294,-0.116
AGIO,-0.043,0.199,0.327,0.046,-0.598,0.412,-0.508,-0.619,0.361,0.0,-0.497,-0.593,-0.217,-0.655,-0.1,-0.261,-0.286,-0.592,-0.271,-0.642,-0.581,-0.572,-0.479,-0.681,-0.23,-0.352,-0.734,-0.72,0.758,-0.52,-0.655,0.24,-0.496,-0.494,0.853,0.151,-0.429,0.578,-0.653,0.051,-0.594,-0.637,0.522,-0.469,0.206,-0.338,-0.437,-0.342,-0.55,-0.602,-0.601,0.706,0.627,-0.491,-0.461,-0.474,-0.461,-0.566,-0.494,-0.567,-0.313,0.46,-0.741,-0.208,-0.5,-0.331,-0.614,-0.562,0.058,-0.7,-0.679,0.05,0.408,0.223,-0.492,-0.104,0.764,-0.675,-0.682,-0.49,0.476,-0.742,-0.48,-0.315,-0.511,0.684,-0.776,0.105,-0.705,-0.008,-0.218,-0.204,-0.49,-0.664,0.49,-0.481,-0.362,-0.524,0.661,-0.726,-0.664,-0.602,-0.524,-0.577,-0.427,-0.533,-0.631,-0.768,-0.842,0.293,-0.635,-0.542,-0.708,0.011,-0.508,-0.486,-0.759,-0.601,0.543,-0.573,-0.084,-0.572,-0.648,-0.694,0.06,-0.498,-0.597,-0.71,0.604,-0.661,-0.221,-0.622,-0.426,-0.571,-0.679,-0.204,-0.382,-0.161,0.498,-0.432,-0.455,0.03,0.93,-0.763,-0.688,-0.484,0.551,-0.241,-0.666,0.043,-0.798,0.607,-0.645,-0.246,-0.37,-0.37,-0.572,0.195,-0.166,0.671,-0.318,0.015,-0.669,-0.084,-0.626,0.386,-0.615,-0.231,0.12,-0.6,-0.484,0.44,-0.366,-0.309,-0.413,-0.355,-0.438,-0.576,0.195,-0.682,-0.135,-0.655,-0.786,0.033,-0.379,-0.289,0.286,0.819,0.189,-0.453,-0.606,-0.212,-0.005,0.608,-0.578,-0.202,-0.547,0.54,-0.604,-0.762
ALEC,0.015,0.0,-0.193,-0.105,0.688,0.207,0.703,0.902,-0.075,-0.497,0.0,0.824,0.511,0.885,0.325,0.837,0.473,0.843,0.801,0.828,0.925,0.894,0.903,0.923,0.63,0.553,0.876,0.831,-0.162,0.743,0.901,0.118,0.495,0.701,-0.353,0.329,0.581,-0.665,0.844,0.277,0.681,0.747,-0.46,0.735,0.235,0.55,0.719,0.772,0.606,0.692,0.844,-0.405,-0.511,0.648,0.684,0.813,0.865,0.712,0.791,0.865,0.709,0.164,0.849,0.682,0.689,0.657,0.684,0.549,0.225,0.765,0.91,0.065,0.012,-0.01,0.732,0.406,-0.199,0.874,0.883,0.645,0.074,0.829,0.79,0.453,0.719,-0.397,0.742,0.344,0.833,0.367,0.449,0.472,0.903,0.862,-0.395,0.849,0.74,0.753,-0.373,0.901,0.435,0.584,0.868,0.928,0.845,0.807,0.799,0.714,0.724,-0.164,0.887,0.868,0.877,0.567,0.788,0.424,0.832,0.819,0.129,0.797,0.419,0.896,0.858,0.714,0.185,0.785,0.693,0.868,-0.457,0.79,0.624,0.937,0.747,0.808,0.722,0.352,0.794,0.596,0.335,0.622,0.827,-0.314,-0.472,0.844,0.81,0.928,-0.262,0.731,0.793,-0.076,0.532,-0.07,0.863,0.418,0.783,0.734,0.876,0.508,0.584,-0.517,0.751,0.105,0.871,0.262,0.757,-0.578,0.865,0.534,-0.189,0.766,0.759,-0.606,0.445,0.926,0.815,0.794,0.738,0.839,0.34,0.942,0.299,0.863,0.795,0.154,0.663,0.582,-0.117,-0.786,0.018,0.71,0.629,0.743,0.435,-0.71,0.943,0.438,0.497,-0.405,0.756,0.831
ALNY,0.031,0.203,-0.083,0.169,0.795,0.321,0.649,0.831,-0.002,-0.593,0.824,0.0,0.617,0.838,0.342,0.718,0.52,0.825,0.813,0.739,0.802,0.81,0.871,0.898,0.545,0.345,0.869,0.776,-0.238,0.71,0.878,0.18,0.511,0.791,-0.372,0.468,0.539,-0.425,0.879,0.314,0.747,0.705,-0.367,0.663,0.211,0.595,0.755,0.645,0.54,0.827,0.829,-0.319,-0.362,0.676,0.576,0.831,0.768,0.663,0.792,0.923,0.768,0.161,0.848,0.597,0.778,0.677,0.786,0.681,0.3,0.828,0.875,-0.071,0.115,-0.115,0.641,0.294,-0.193,0.806,0.894,0.744,0.062,0.797,0.675,0.389,0.741,-0.351,0.746,0.567,0.796,0.332,0.613,0.442,0.754,0.823,-0.37,0.835,0.715,0.711,-0.34,0.857,0.479,0.592,0.767,0.786,0.782,0.818,0.769,0.755,0.72,-0.064,0.899,0.792,0.821,0.572,0.74,0.414,0.838,0.939,0.159,0.784,0.397,0.833,0.785,0.785,0.313,0.805,0.637,0.768,-0.3,0.785,0.7,0.869,0.775,0.822,0.745,0.456,0.694,0.584,0.144,0.686,0.72,-0.197,-0.586,0.788,0.826,0.863,-0.249,0.701,0.832,-0.065,0.525,-0.06,0.792,0.393,0.813,0.614,0.783,0.45,0.569,-0.652,0.872,0.225,0.765,0.372,0.652,-0.588,0.824,0.565,-0.27,0.779,0.893,-0.484,0.315,0.823,0.883,0.794,0.737,0.919,0.349,0.892,0.381,0.861,0.849,0.271,0.687,0.417,0.017,-0.685,-0.19,0.796,0.608,0.747,0.523,-0.527,0.802,0.527,0.666,-0.265,0.719,0.76
ALTR,0.518,0.502,-0.026,0.523,0.762,0.697,0.66,0.673,0.624,-0.217,0.511,0.617,0.0,0.61,0.815,0.387,0.788,0.745,0.557,0.608,0.506,0.657,0.473,0.616,0.797,0.395,0.589,0.578,0.158,0.784,0.61,0.746,0.514,0.761,-0.053,0.844,0.73,0.179,0.713,0.848,0.725,0.66,0.382,0.758,-0.097,0.631,0.408,0.822,0.523,0.768,0.719,0.279,0.216,0.67,0.737,0.748,0.664,0.63,0.787,0.447,0.752,0.554,0.604,0.457,0.833,0.409,0.777,0.22,0.637,0.699,0.48,-0.42,0.683,0.366,0.731,0.751,0.21,0.642,0.668,0.861,0.444,0.574,0.676,0.58,0.82,0.206,0.64,0.651,0.343,0.79,0.746,0.308,0.461,0.506,0.414,0.39,0.718,0.808,0.192,0.548,0.107,0.682,0.686,0.472,0.763,0.232,0.709,0.644,0.324,0.564,0.679,0.647,0.421,0.635,0.79,0.643,0.606,0.665,0.304,0.776,0.827,0.491,0.404,0.616,0.855,0.824,0.715,0.566,0.34,0.594,0.816,0.614,0.843,0.675,0.264,0.892,0.688,0.783,0.235,0.714,0.773,0.096,-0.135,0.536,0.661,0.536,0.5,0.705,0.677,0.546,0.159,0.432,0.656,0.393,0.813,0.675,0.674,0.65,0.655,-0.555,0.577,0.734,0.555,0.831,0.618,-0.113,0.67,0.891,0.298,0.744,0.792,-0.034,0.087,0.679,0.672,0.873,0.855,0.61,0.543,0.555,0.792,0.589,0.612,0.847,0.867,0.695,0.65,-0.173,0.107,0.592,0.626,0.605,0.911,0.004,0.498,0.315,0.819,0.236,0.746,0.536
AMBA,0.162,0.033,-0.279,-0.094,0.806,0.195,0.886,0.954,0.014,-0.655,0.885,0.838,0.61,0.0,0.456,0.776,0.669,0.953,0.761,0.907,0.928,0.906,0.828,0.956,0.666,0.681,0.906,0.915,-0.2,0.893,0.936,0.237,0.489,0.717,-0.438,0.33,0.752,-0.585,0.953,0.365,0.768,0.798,-0.394,0.836,0.039,0.523,0.675,0.826,0.61,0.871,0.913,-0.464,-0.436,0.828,0.788,0.936,0.92,0.811,0.925,0.819,0.821,0.219,0.962,0.737,0.79,0.692,0.828,0.624,0.446,0.935,0.945,-0.238,0.073,0.003,0.844,0.481,-0.258,0.943,0.953,0.804,0.088,0.926,0.896,0.525,0.813,-0.34,0.895,0.357,0.822,0.507,0.643,0.537,0.892,0.903,-0.299,0.824,0.857,0.814,-0.407,0.946,0.435,0.774,0.955,0.914,0.907,0.685,0.952,0.863,0.803,-0.043,0.956,0.933,0.885,0.533,0.914,0.623,0.972,0.858,0.031,0.921,0.537,0.885,0.899,0.777,0.312,0.908,0.848,0.954,-0.394,0.93,0.713,0.935,0.835,0.875,0.698,0.52,0.915,0.742,0.056,0.582,0.874,-0.115,-0.615,0.924,0.926,0.872,-0.194,0.821,0.895,0.109,0.658,-0.165,0.921,0.398,0.8,0.8,0.95,0.38,0.734,-0.68,0.725,0.186,0.963,0.465,0.841,-0.512,0.964,0.659,-0.081,0.905,0.825,-0.623,0.332,0.847,0.785,0.86,0.867,0.92,0.275,0.962,0.358,0.976,0.942,0.291,0.813,0.674,-0.052,-0.836,-0.047,0.822,0.8,0.659,0.464,-0.728,0.918,0.405,0.693,-0.433,0.894,0.858
AMCX,0.69,0.153,-0.014,0.525,0.718,0.592,0.635,0.522,0.776,-0.1,0.325,0.342,0.815,0.456,0.0,0.065,0.738,0.604,0.2,0.528,0.36,0.558,0.309,0.445,0.684,0.348,0.41,0.492,0.145,0.708,0.485,0.821,0.554,0.584,-0.089,0.74,0.761,0.243,0.569,0.883,0.554,0.635,0.525,0.666,-0.366,0.684,0.3,0.736,0.618,0.673,0.604,0.318,0.398,0.634,0.775,0.551,0.522,0.475,0.688,0.147,0.492,0.426,0.477,0.229,0.771,0.258,0.72,-0.022,0.695,0.591,0.28,-0.438,0.657,0.493,0.747,0.842,0.173,0.578,0.545,0.809,0.419,0.503,0.556,0.447,0.754,0.261,0.599,0.338,0.187,0.851,0.646,-0.061,0.233,0.373,0.557,0.135,0.712,0.735,0.204,0.39,-0.004,0.761,0.534,0.28,0.619,-0.111,0.589,0.57,0.198,0.734,0.536,0.519,0.242,0.433,0.713,0.711,0.468,0.449,0.105,0.645,0.855,0.218,0.2,0.499,0.873,0.707,0.724,0.466,0.421,0.409,0.668,0.456,0.765,0.581,0.08,0.887,0.56,0.72,0.07,0.552,0.681,0.149,-0.052,0.354,0.554,0.298,0.619,0.49,0.622,0.847,0.025,0.366,0.538,0.478,0.697,0.611,0.593,0.44,0.468,-0.522,0.346,0.755,0.446,0.867,0.51,0.099,0.491,0.796,0.566,0.684,0.51,0.197,-0.032,0.472,0.427,0.71,0.781,0.342,0.405,0.361,0.837,0.364,0.461,0.875,0.737,0.768,0.656,-0.056,0.419,0.478,0.638,0.26,0.804,0.051,0.372,0.044,0.762,0.417,0.72,0.42
AMKR,-0.232,0.239,-0.087,-0.312,0.402,0.299,0.536,0.717,-0.162,-0.261,0.837,0.718,0.387,0.776,0.065,0.0,0.398,0.683,0.92,0.579,0.772,0.646,0.75,0.74,0.484,0.536,0.648,0.569,0.13,0.548,0.687,0.071,0.099,0.466,-0.002,0.285,0.343,-0.554,0.662,0.119,0.525,0.404,-0.476,0.52,0.525,0.213,0.581,0.594,0.155,0.518,0.612,-0.313,-0.477,0.521,0.377,0.78,0.756,0.556,0.65,0.805,0.773,0.421,0.649,0.817,0.441,0.701,0.414,0.59,0.269,0.577,0.8,-0.023,0.085,-0.153,0.471,0.146,0.073,0.614,0.656,0.428,0.234,0.56,0.697,0.393,0.456,-0.16,0.45,0.519,0.656,0.245,0.453,0.761,0.888,0.682,-0.41,0.868,0.602,0.468,-0.188,0.709,0.206,0.282,0.76,0.82,0.711,0.784,0.645,0.433,0.497,-0.295,0.7,0.734,0.704,0.632,0.592,0.14,0.659,0.695,0.407,0.631,0.244,0.847,0.806,0.442,0.056,0.628,0.414,0.653,-0.361,0.722,0.551,0.723,0.538,0.617,0.541,0.171,0.765,0.569,0.466,0.375,0.633,-0.289,-0.266,0.678,0.578,0.842,-0.233,0.813,0.528,-0.34,0.392,0.062,0.622,0.135,0.592,0.562,0.665,0.548,0.727,-0.235,0.723,-0.066,0.688,0.151,0.528,-0.611,0.763,0.401,-0.45,0.537,0.697,-0.713,0.262,0.849,0.705,0.676,0.556,0.828,0.39,0.792,0.015,0.817,0.608,0.011,0.537,0.315,-0.16,-0.625,-0.212,0.664,0.356,0.804,0.33,-0.627,0.759,0.473,0.263,-0.463,0.49,0.554
AMRX,0.319,0.438,0.03,0.317,0.656,0.504,0.667,0.649,0.504,-0.286,0.473,0.52,0.788,0.669,0.738,0.398,0.0,0.748,0.504,0.57,0.524,0.589,0.413,0.591,0.592,0.627,0.482,0.518,0.224,0.789,0.579,0.681,0.296,0.539,-0.01,0.694,0.706,0.038,0.679,0.741,0.676,0.514,0.248,0.676,0.008,0.424,0.353,0.727,0.37,0.809,0.666,0.173,0.114,0.822,0.716,0.797,0.716,0.502,0.817,0.379,0.705,0.513,0.619,0.585,0.811,0.483,0.713,0.274,0.715,0.727,0.491,-0.575,0.553,0.162,0.725,0.604,0.25,0.628,0.641,0.772,0.402,0.569,0.667,0.551,0.784,0.331,0.677,0.517,0.359,0.768,0.861,0.321,0.561,0.52,0.292,0.476,0.829,0.649,0.179,0.569,-0.112,0.713,0.701,0.428,0.763,0.129,0.762,0.615,0.279,0.372,0.68,0.645,0.37,0.614,0.776,0.55,0.654,0.626,0.175,0.773,0.722,0.5,0.533,0.439,0.705,0.776,0.756,0.576,0.312,0.71,0.681,0.533,0.777,0.664,0.154,0.737,0.799,0.871,0.003,0.515,0.738,0.158,-0.273,0.576,0.614,0.419,0.41,0.797,0.667,0.522,0.235,0.229,0.608,0.294,0.668,0.671,0.64,0.543,0.82,-0.437,0.54,0.548,0.614,0.858,0.559,-0.24,0.734,0.812,0.121,0.681,0.721,-0.292,-0.125,0.63,0.47,0.792,0.828,0.652,0.431,0.55,0.533,0.659,0.636,0.678,0.785,0.681,0.436,-0.267,0.104,0.699,0.555,0.499,0.689,-0.128,0.529,0.054,0.801,0.05,0.72,0.493
ANSS,0.276,0.124,-0.201,0.086,0.869,0.332,0.904,0.945,0.217,-0.592,0.843,0.825,0.745,0.953,0.604,0.683,0.748,0.0,0.723,0.894,0.874,0.896,0.765,0.937,0.752,0.632,0.873,0.881,-0.115,0.943,0.909,0.401,0.522,0.78,-0.384,0.496,0.816,-0.419,0.95,0.517,0.81,0.813,-0.212,0.89,-0.002,0.601,0.68,0.896,0.661,0.922,0.913,-0.308,-0.289,0.877,0.862,0.949,0.935,0.854,0.965,0.766,0.846,0.282,0.945,0.736,0.875,0.64,0.897,0.527,0.541,0.95,0.864,-0.344,0.234,0.092,0.89,0.612,-0.152,0.935,0.947,0.875,0.217,0.906,0.867,0.568,0.88,-0.227,0.906,0.452,0.772,0.633,0.738,0.478,0.808,0.831,-0.121,0.731,0.887,0.872,-0.272,0.902,0.366,0.824,0.937,0.838,0.938,0.584,0.971,0.892,0.742,0.146,0.954,0.905,0.79,0.57,0.95,0.69,0.949,0.86,0.036,0.943,0.651,0.832,0.827,0.809,0.495,0.94,0.877,0.913,-0.216,0.906,0.785,0.906,0.913,0.92,0.61,0.657,0.905,0.815,0.077,0.638,0.926,-0.084,-0.551,0.868,0.925,0.837,-0.021,0.832,0.926,0.276,0.577,-0.059,0.922,0.406,0.836,0.878,0.951,0.447,0.76,-0.677,0.73,0.36,0.92,0.624,0.831,-0.45,0.965,0.778,0.023,0.941,0.87,-0.521,0.268,0.854,0.772,0.931,0.935,0.898,0.342,0.914,0.504,0.93,0.915,0.469,0.884,0.764,0.125,-0.704,0.017,0.849,0.837,0.634,0.609,-0.562,0.86,0.371,0.811,-0.236,0.922,0.814
APPN,-0.188,0.431,0.037,-0.082,0.518,0.482,0.531,0.723,-0.002,-0.271,0.801,0.813,0.557,0.761,0.2,0.92,0.504,0.723,0.0,0.568,0.729,0.654,0.751,0.765,0.507,0.453,0.678,0.559,0.146,0.599,0.703,0.241,0.198,0.598,0.022,0.493,0.397,-0.359,0.716,0.287,0.649,0.435,-0.319,0.546,0.524,0.306,0.637,0.633,0.203,0.633,0.656,-0.158,-0.359,0.573,0.404,0.825,0.756,0.55,0.71,0.816,0.844,0.487,0.654,0.781,0.594,0.713,0.525,0.635,0.364,0.632,0.774,-0.096,0.268,-0.171,0.491,0.217,0.169,0.622,0.691,0.558,0.3,0.551,0.689,0.458,0.556,-0.047,0.487,0.699,0.65,0.334,0.594,0.712,0.84,0.685,-0.274,0.858,0.634,0.537,-0.044,0.713,0.179,0.339,0.749,0.755,0.736,0.78,0.666,0.466,0.447,-0.139,0.735,0.736,0.667,0.75,0.633,0.175,0.674,0.785,0.467,0.685,0.345,0.832,0.757,0.497,0.255,0.702,0.449,0.627,-0.157,0.733,0.663,0.724,0.646,0.673,0.525,0.345,0.749,0.639,0.414,0.537,0.657,-0.185,-0.281,0.659,0.614,0.837,-0.097,0.846,0.587,-0.225,0.354,0.222,0.615,0.204,0.703,0.572,0.654,0.668,0.753,-0.308,0.81,0.143,0.649,0.296,0.522,-0.617,0.787,0.529,-0.423,0.578,0.837,-0.593,0.187,0.857,0.782,0.768,0.622,0.877,0.429,0.785,0.185,0.814,0.649,0.203,0.62,0.318,0.056,-0.523,-0.259,0.733,0.363,0.88,0.524,-0.449,0.726,0.563,0.438,-0.292,0.533,0.558
APTO,0.424,-0.111,-0.506,0.003,0.843,0.125,0.896,0.923,0.105,-0.642,0.828,0.739,0.608,0.907,0.528,0.579,0.57,0.894,0.568,0.0,0.886,0.931,0.769,0.896,0.735,0.575,0.887,0.964,-0.279,0.9,0.901,0.269,0.636,0.757,-0.565,0.271,0.828,-0.556,0.917,0.424,0.646,0.903,-0.298,0.925,-0.238,0.656,0.555,0.858,0.791,0.783,0.945,-0.444,-0.327,0.694,0.89,0.807,0.846,0.845,0.869,0.72,0.673,0.108,0.928,0.555,0.75,0.553,0.859,0.411,0.359,0.893,0.862,-0.163,0.044,0.226,0.906,0.642,-0.371,0.937,0.928,0.802,-0.005,0.965,0.862,0.43,0.835,-0.422,0.906,0.172,0.742,0.545,0.483,0.313,0.757,0.841,-0.183,0.61,0.784,0.879,-0.486,0.879,0.539,0.84,0.901,0.887,0.866,0.562,0.897,0.89,0.828,0.118,0.898,0.885,0.872,0.422,0.929,0.757,0.909,0.737,-0.062,0.87,0.628,0.773,0.74,0.793,0.353,0.879,0.903,0.963,-0.414,0.771,0.686,0.938,0.833,0.795,0.681,0.557,0.829,0.672,0.028,0.591,0.892,-0.106,-0.526,0.88,0.923,0.799,-0.123,0.637,0.855,0.253,0.593,-0.195,0.955,0.511,0.794,0.799,0.965,0.323,0.535,-0.761,0.579,0.209,0.951,0.46,0.881,-0.283,0.852,0.68,0.182,0.923,0.7,-0.408,0.488,0.763,0.739,0.807,0.866,0.743,0.311,0.888,0.505,0.835,0.884,0.364,0.838,0.799,0.01,-0.796,0.065,0.637,0.898,0.545,0.451,-0.67,0.886,0.413,0.665,-0.37,0.933,0.874
ARCT,0.099,-0.038,-0.31,-0.105,0.735,0.132,0.82,0.921,-0.097,-0.581,0.925,0.802,0.506,0.928,0.36,0.772,0.524,0.874,0.729,0.886,0.0,0.933,0.872,0.935,0.638,0.666,0.903,0.909,-0.236,0.825,0.914,0.133,0.523,0.737,-0.449,0.256,0.699,-0.68,0.883,0.286,0.667,0.791,-0.488,0.829,0.11,0.548,0.697,0.796,0.655,0.758,0.876,-0.485,-0.509,0.712,0.772,0.842,0.919,0.805,0.845,0.842,0.73,0.137,0.911,0.694,0.716,0.666,0.761,0.57,0.301,0.835,0.922,-0.031,-0.035,0.056,0.816,0.447,-0.299,0.925,0.918,0.681,-0.014,0.895,0.85,0.425,0.785,-0.444,0.833,0.279,0.826,0.443,0.516,0.446,0.917,0.928,-0.378,0.821,0.802,0.792,-0.441,0.925,0.448,0.716,0.909,0.937,0.874,0.754,0.883,0.795,0.777,-0.151,0.907,0.944,0.918,0.533,0.839,0.553,0.886,0.783,0.014,0.829,0.414,0.908,0.904,0.768,0.197,0.821,0.796,0.931,-0.49,0.853,0.604,0.933,0.753,0.807,0.691,0.377,0.834,0.618,0.142,0.613,0.832,-0.151,-0.54,0.898,0.895,0.875,-0.282,0.741,0.856,0.049,0.628,-0.134,0.914,0.396,0.781,0.77,0.912,0.418,0.617,-0.621,0.708,0.097,0.95,0.338,0.836,-0.554,0.899,0.55,-0.098,0.827,0.704,-0.582,0.401,0.867,0.785,0.792,0.786,0.856,0.26,0.945,0.289,0.91,0.87,0.177,0.725,0.646,-0.145,-0.831,0.004,0.71,0.732,0.693,0.366,-0.751,0.958,0.328,0.597,-0.478,0.821,0.861
ARWR,0.341,-0.023,-0.365,0.101,0.854,0.234,0.854,0.95,0.104,-0.572,0.894,0.81,0.657,0.906,0.558,0.646,0.589,0.896,0.654,0.931,0.933,0.0,0.865,0.928,0.744,0.617,0.928,0.953,-0.261,0.879,0.936,0.307,0.705,0.818,-0.49,0.402,0.809,-0.508,0.931,0.496,0.732,0.915,-0.256,0.896,-0.097,0.727,0.636,0.868,0.809,0.81,0.961,-0.344,-0.305,0.71,0.878,0.838,0.871,0.821,0.872,0.762,0.698,0.17,0.909,0.539,0.817,0.581,0.865,0.454,0.392,0.881,0.868,-0.059,0.148,0.213,0.913,0.637,-0.3,0.959,0.954,0.821,-0.006,0.933,0.865,0.463,0.887,-0.395,0.887,0.278,0.757,0.6,0.539,0.297,0.812,0.926,-0.175,0.703,0.844,0.903,-0.4,0.913,0.49,0.812,0.919,0.894,0.906,0.646,0.882,0.859,0.773,0.087,0.919,0.945,0.892,0.516,0.917,0.717,0.881,0.806,0.042,0.893,0.624,0.814,0.779,0.844,0.409,0.888,0.875,0.945,-0.344,0.784,0.714,0.967,0.863,0.834,0.702,0.581,0.813,0.672,0.155,0.749,0.895,-0.098,-0.506,0.887,0.932,0.859,-0.096,0.691,0.892,0.255,0.558,-0.03,0.955,0.527,0.881,0.795,0.949,0.478,0.555,-0.738,0.663,0.304,0.931,0.475,0.895,-0.42,0.871,0.701,0.133,0.9,0.739,-0.38,0.419,0.847,0.83,0.855,0.868,0.788,0.34,0.913,0.56,0.839,0.888,0.419,0.823,0.768,0.09,-0.751,0.11,0.666,0.833,0.654,0.562,-0.632,0.925,0.354,0.69,-0.306,0.917,0.908
ASND,0.073,-0.031,-0.157,0.043,0.722,0.266,0.68,0.829,-0.077,-0.479,0.903,0.871,0.473,0.828,0.309,0.75,0.413,0.765,0.751,0.769,0.872,0.865,0.0,0.881,0.573,0.411,0.877,0.808,-0.248,0.653,0.894,0.097,0.578,0.732,-0.366,0.328,0.52,-0.581,0.819,0.255,0.608,0.746,-0.462,0.665,0.173,0.643,0.726,0.662,0.631,0.703,0.833,-0.36,-0.405,0.594,0.603,0.748,0.762,0.659,0.73,0.892,0.665,0.126,0.804,0.566,0.689,0.704,0.716,0.632,0.247,0.756,0.884,0.173,0.015,0.005,0.676,0.315,-0.248,0.832,0.869,0.649,0.019,0.803,0.694,0.246,0.697,-0.447,0.702,0.406,0.78,0.323,0.45,0.345,0.809,0.879,-0.446,0.852,0.726,0.707,-0.432,0.849,0.53,0.549,0.781,0.869,0.753,0.833,0.71,0.701,0.713,-0.128,0.87,0.819,0.889,0.522,0.728,0.394,0.782,0.852,0.175,0.72,0.37,0.83,0.761,0.763,0.174,0.757,0.629,0.792,-0.439,0.698,0.655,0.911,0.724,0.765,0.778,0.326,0.685,0.501,0.248,0.63,0.716,-0.293,-0.452,0.784,0.818,0.89,-0.319,0.633,0.797,-0.067,0.496,-0.085,0.801,0.544,0.807,0.602,0.806,0.453,0.466,-0.653,0.817,0.098,0.797,0.231,0.656,-0.514,0.767,0.462,-0.177,0.751,0.735,-0.453,0.465,0.847,0.888,0.751,0.694,0.816,0.362,0.885,0.345,0.804,0.79,0.157,0.619,0.45,-0.092,-0.738,0.03,0.682,0.623,0.749,0.418,-0.685,0.872,0.502,0.492,-0.313,0.702,0.801
ASTH,0.123,0.028,-0.205,0.021,0.849,0.196,0.812,0.959,0.005,-0.681,0.923,0.898,0.616,0.956,0.445,0.74,0.591,0.937,0.765,0.896,0.935,0.928,0.881,0.0,0.656,0.568,0.952,0.918,-0.292,0.849,0.967,0.19,0.581,0.802,-0.507,0.373,0.705,-0.596,0.954,0.342,0.807,0.84,-0.412,0.811,0.093,0.625,0.757,0.804,0.677,0.863,0.913,-0.446,-0.484,0.785,0.772,0.893,0.901,0.802,0.898,0.88,0.774,0.107,0.959,0.672,0.83,0.67,0.851,0.643,0.337,0.922,0.946,-0.109,0.047,-0.027,0.823,0.449,-0.309,0.958,0.973,0.8,0.026,0.926,0.841,0.504,0.83,-0.426,0.894,0.375,0.88,0.438,0.59,0.438,0.859,0.914,-0.354,0.835,0.807,0.838,-0.424,0.967,0.51,0.758,0.9,0.918,0.878,0.762,0.913,0.872,0.827,-0.061,0.97,0.916,0.909,0.528,0.876,0.579,0.953,0.911,-0.019,0.892,0.485,0.903,0.882,0.848,0.303,0.878,0.812,0.939,-0.418,0.883,0.702,0.962,0.845,0.91,0.743,0.497,0.823,0.656,0.081,0.682,0.866,-0.195,-0.651,0.916,0.924,0.921,-0.247,0.747,0.925,0.069,0.631,-0.155,0.919,0.432,0.832,0.768,0.932,0.395,0.623,-0.683,0.78,0.23,0.928,0.404,0.822,-0.566,0.941,0.626,-0.125,0.892,0.845,-0.571,0.379,0.875,0.839,0.859,0.84,0.916,0.287,0.984,0.399,0.941,0.935,0.279,0.767,0.622,-0.035,-0.83,-0.009,0.82,0.774,0.69,0.494,-0.687,0.936,0.431,0.712,-0.369,0.873,0.894
ATSG,0.602,0.177,-0.28,0.267,0.693,0.508,0.755,0.715,0.476,-0.23,0.63,0.545,0.797,0.666,0.684,0.484,0.592,0.752,0.507,0.735,0.638,0.744,0.573,0.656,0.0,0.471,0.635,0.692,0.083,0.794,0.668,0.526,0.462,0.686,-0.158,0.57,0.714,-0.083,0.708,0.649,0.591,0.7,0.143,0.837,-0.164,0.619,0.396,0.888,0.601,0.645,0.744,0.018,0.067,0.593,0.793,0.704,0.691,0.742,0.733,0.526,0.676,0.47,0.662,0.522,0.655,0.432,0.728,0.189,0.495,0.676,0.543,-0.287,0.456,0.456,0.776,0.756,0.006,0.695,0.684,0.736,0.438,0.66,0.717,0.445,0.752,-0.071,0.643,0.449,0.401,0.713,0.507,0.305,0.54,0.559,0.226,0.391,0.705,0.838,-0.068,0.579,0.32,0.658,0.74,0.667,0.777,0.302,0.73,0.691,0.516,0.453,0.705,0.685,0.553,0.439,0.821,0.737,0.643,0.593,0.182,0.72,0.779,0.534,0.45,0.696,0.628,0.798,0.74,0.671,0.009,0.541,0.81,0.724,0.792,0.631,0.396,0.697,0.714,0.694,0.344,0.535,0.848,-0.092,-0.083,0.566,0.698,0.652,0.31,0.625,0.662,0.433,0.225,0.194,0.778,0.422,0.734,0.77,0.779,0.519,0.569,-0.595,0.542,0.531,0.666,0.614,0.693,-0.031,0.643,0.804,0.372,0.796,0.632,-0.128,0.451,0.712,0.668,0.832,0.846,0.568,0.59,0.628,0.675,0.605,0.588,0.66,0.849,0.753,0.402,-0.338,0.27,0.503,0.743,0.562,0.716,-0.28,0.593,0.399,0.621,0.049,0.748,0.621
AVTX,0.059,0.083,-0.23,-0.206,0.392,0.07,0.635,0.663,-0.027,-0.352,0.553,0.345,0.395,0.681,0.348,0.536,0.627,0.632,0.453,0.575,0.666,0.617,0.411,0.568,0.471,0.0,0.511,0.58,-0.024,0.669,0.556,0.217,0.168,0.301,-0.157,0.176,0.586,-0.409,0.59,0.336,0.535,0.444,-0.177,0.62,0.052,0.176,0.272,0.641,0.323,0.559,0.556,-0.291,-0.316,0.628,0.638,0.661,0.705,0.525,0.632,0.334,0.49,0.265,0.605,0.554,0.491,0.359,0.483,0.289,0.399,0.585,0.555,-0.339,0.109,0.058,0.64,0.438,-0.054,0.619,0.567,0.459,0.05,0.57,0.752,0.501,0.564,-0.073,0.626,0.102,0.409,0.524,0.497,0.434,0.728,0.625,-0.046,0.51,0.665,0.516,-0.088,0.626,0.019,0.557,0.711,0.601,0.696,0.289,0.719,0.525,0.406,-0.121,0.559,0.703,0.514,0.392,0.647,0.505,0.623,0.421,-0.05,0.685,0.422,0.594,0.688,0.381,0.228,0.602,0.678,0.674,-0.174,0.705,0.394,0.546,0.487,0.467,0.229,0.36,0.729,0.609,-0.044,0.359,0.644,0.167,-0.347,0.674,0.58,0.493,0.027,0.685,0.516,0.242,0.507,-0.009,0.626,0.089,0.47,0.646,0.62,0.311,0.666,-0.311,0.288,0.206,0.702,0.426,0.71,-0.377,0.706,0.527,0.04,0.53,0.422,-0.504,0.08,0.538,0.347,0.562,0.6,0.551,0.137,0.588,0.127,0.659,0.61,0.226,0.547,0.615,-0.026,-0.524,0.09,0.47,0.505,0.383,0.277,-0.505,0.632,-0.106,0.466,-0.466,0.613,0.599
BCPC,0.197,-0.049,-0.284,0.044,0.836,0.123,0.787,0.915,-0.083,-0.734,0.876,0.869,0.589,0.906,0.41,0.648,0.482,0.873,0.678,0.887,0.903,0.928,0.877,0.952,0.635,0.511,0.0,0.948,-0.449,0.797,0.943,0.114,0.714,0.829,-0.618,0.273,0.688,-0.581,0.922,0.317,0.787,0.904,-0.416,0.79,-0.056,0.658,0.706,0.76,0.764,0.804,0.906,-0.491,-0.5,0.689,0.745,0.791,0.811,0.817,0.815,0.833,0.704,-0.006,0.927,0.511,0.783,0.601,0.836,0.633,0.241,0.88,0.925,0.03,-0.03,0.029,0.794,0.443,-0.461,0.949,0.95,0.772,-0.104,0.929,0.803,0.44,0.795,-0.558,0.891,0.299,0.855,0.379,0.474,0.381,0.795,0.925,-0.349,0.767,0.722,0.86,-0.509,0.941,0.655,0.74,0.859,0.897,0.797,0.784,0.855,0.877,0.867,-0.071,0.915,0.883,0.947,0.465,0.828,0.624,0.913,0.852,-0.073,0.843,0.438,0.85,0.824,0.902,0.256,0.846,0.791,0.927,-0.487,0.826,0.64,0.954,0.785,0.84,0.828,0.487,0.719,0.516,0.017,0.74,0.79,-0.14,-0.675,0.912,0.942,0.878,-0.31,0.622,0.904,0.085,0.708,-0.173,0.912,0.525,0.821,0.697,0.897,0.319,0.465,-0.775,0.681,0.209,0.9,0.321,0.859,-0.495,0.869,0.554,-0.02,0.869,0.774,-0.436,0.493,0.776,0.857,0.785,0.772,0.832,0.18,0.941,0.446,0.876,0.931,0.265,0.72,0.58,-0.036,-0.837,-0.036,0.684,0.795,0.642,0.452,-0.681,0.887,0.47,0.685,-0.379,0.858,0.943
BEAM,0.371,-0.159,-0.478,0.014,0.859,0.063,0.885,0.926,0.002,-0.72,0.831,0.776,0.578,0.915,0.492,0.569,0.518,0.881,0.559,0.964,0.909,0.953,0.808,0.918,0.692,0.58,0.948,0.0,-0.426,0.874,0.929,0.185,0.719,0.789,-0.658,0.222,0.805,-0.586,0.926,0.375,0.704,0.94,-0.358,0.885,-0.25,0.673,0.598,0.816,0.832,0.797,0.941,-0.509,-0.401,0.689,0.858,0.781,0.822,0.848,0.844,0.748,0.649,0.014,0.946,0.488,0.76,0.555,0.867,0.499,0.302,0.902,0.887,-0.073,-0.032,0.167,0.888,0.58,-0.491,0.964,0.949,0.799,-0.108,0.98,0.845,0.421,0.837,-0.538,0.933,0.145,0.789,0.488,0.451,0.303,0.759,0.913,-0.255,0.651,0.766,0.889,-0.557,0.915,0.626,0.843,0.891,0.89,0.832,0.632,0.89,0.918,0.885,0.041,0.907,0.9,0.925,0.381,0.897,0.763,0.922,0.762,-0.134,0.863,0.551,0.788,0.773,0.871,0.303,0.868,0.89,0.973,-0.488,0.8,0.647,0.952,0.801,0.806,0.773,0.536,0.771,0.582,-0.037,0.655,0.843,-0.073,-0.622,0.909,0.956,0.812,-0.223,0.597,0.897,0.227,0.682,-0.233,0.961,0.538,0.807,0.75,0.949,0.265,0.47,-0.821,0.576,0.207,0.952,0.397,0.906,-0.356,0.851,0.612,0.165,0.923,0.683,-0.396,0.508,0.734,0.775,0.779,0.827,0.759,0.197,0.91,0.497,0.849,0.926,0.323,0.787,0.729,-0.029,-0.845,0.053,0.632,0.899,0.539,0.419,-0.713,0.894,0.396,0.685,-0.398,0.928,0.932
BILI,0.002,0.455,0.294,-0.009,-0.276,0.629,-0.117,-0.214,0.537,0.758,-0.162,-0.238,0.158,-0.2,0.145,0.13,0.224,-0.115,0.146,-0.279,-0.236,-0.261,-0.248,-0.292,0.083,-0.024,-0.449,-0.426,0.0,-0.074,-0.309,0.521,-0.494,-0.248,0.874,0.446,-0.076,0.459,-0.234,0.29,-0.24,-0.412,0.486,-0.095,0.351,-0.247,-0.162,0.07,-0.459,-0.16,-0.227,0.628,0.546,-0.029,-0.117,0.055,-0.009,-0.255,-0.006,-0.237,0.171,0.762,-0.337,0.275,-0.125,-0.032,-0.261,-0.334,0.415,-0.266,-0.323,-0.356,0.628,0.181,-0.138,0.135,0.911,-0.329,-0.304,-0.099,0.727,-0.397,-0.085,0.064,-0.14,0.829,-0.418,0.421,-0.413,0.326,0.276,0.167,-0.086,-0.375,0.491,-0.144,0.073,-0.22,0.671,-0.357,-0.668,-0.27,-0.082,-0.244,0.042,-0.346,-0.162,-0.438,-0.587,0.376,-0.208,-0.156,-0.467,0.336,-0.066,-0.239,-0.319,-0.21,0.667,-0.128,0.252,-0.17,-0.242,-0.49,0.317,-0.08,-0.232,-0.343,0.649,-0.193,0.193,-0.291,-0.005,-0.13,-0.559,0.117,0.144,0.356,0.561,-0.243,-0.024,-0.026,0.703,-0.404,-0.345,-0.161,0.646,0.27,-0.309,0.11,-0.591,0.605,-0.275,-0.254,-0.057,0.08,-0.176,0.475,0.403,0.499,0.04,0.158,-0.271,0.296,-0.321,0.155,-0.133,0.21,0.002,-0.208,-0.004,0.04,-0.409,0.101,-0.157,0.081,0.018,-0.105,0.423,-0.292,-0.005,-0.182,-0.408,0.266,0.071,0.047,0.374,0.558,0.076,0.05,-0.318,0.109,0.289,0.417,-0.232,-0.085,-0.173,0.406,-0.225,-0.516
BJRI,0.44,0.114,-0.314,0.144,0.85,0.339,0.918,0.907,0.346,-0.52,0.743,0.71,0.784,0.893,0.708,0.548,0.789,0.943,0.599,0.9,0.825,0.879,0.653,0.849,0.794,0.669,0.797,0.874,-0.074,0.0,0.838,0.52,0.532,0.773,-0.381,0.504,0.921,-0.324,0.907,0.632,0.746,0.821,-0.056,0.945,-0.174,0.626,0.562,0.924,0.696,0.883,0.898,-0.229,-0.133,0.842,0.936,0.893,0.89,0.823,0.949,0.622,0.783,0.336,0.895,0.666,0.853,0.558,0.902,0.348,0.584,0.912,0.757,-0.44,0.306,0.255,0.938,0.758,-0.121,0.903,0.895,0.893,0.217,0.886,0.871,0.559,0.907,-0.137,0.9,0.361,0.648,0.752,0.722,0.37,0.725,0.777,0.056,0.58,0.894,0.896,-0.243,0.835,0.278,0.881,0.92,0.758,0.933,0.404,0.956,0.869,0.668,0.309,0.893,0.885,0.709,0.528,0.968,0.8,0.892,0.732,0.005,0.937,0.767,0.708,0.719,0.747,0.599,0.928,0.935,0.891,-0.118,0.836,0.776,0.847,0.91,0.838,0.507,0.737,0.9,0.855,0.031,0.598,0.932,0.043,-0.457,0.806,0.895,0.718,0.146,0.787,0.881,0.455,0.507,-0.002,0.922,0.411,0.823,0.881,0.937,0.456,0.729,-0.69,0.598,0.441,0.907,0.718,0.861,-0.314,0.89,0.836,0.249,0.933,0.768,-0.378,0.242,0.774,0.69,0.904,0.955,0.784,0.356,0.823,0.596,0.84,0.852,0.577,0.935,0.876,0.224,-0.615,0.068,0.758,0.871,0.554,0.636,-0.484,0.818,0.267,0.82,-0.165,0.952,0.767
BLUE,0.205,-0.063,-0.26,0.06,0.857,0.212,0.821,0.956,0.036,-0.655,0.901,0.878,0.61,0.936,0.485,0.687,0.579,0.909,0.703,0.901,0.914,0.936,0.894,0.967,0.668,0.556,0.943,0.929,-0.309,0.838,0.0,0.207,0.616,0.774,-0.521,0.373,0.705,-0.583,0.949,0.368,0.764,0.87,-0.378,0.806,-0.007,0.671,0.73,0.804,0.723,0.863,0.921,-0.44,-0.405,0.75,0.786,0.853,0.851,0.753,0.874,0.849,0.699,0.091,0.953,0.579,0.823,0.604,0.87,0.586,0.327,0.919,0.936,-0.109,0.048,0.016,0.823,0.482,-0.336,0.955,0.977,0.809,0.02,0.941,0.839,0.439,0.847,-0.449,0.893,0.321,0.832,0.459,0.557,0.344,0.814,0.914,-0.335,0.788,0.809,0.844,-0.46,0.952,0.556,0.771,0.87,0.905,0.872,0.716,0.889,0.877,0.84,-0.014,0.973,0.899,0.902,0.479,0.883,0.634,0.943,0.911,-0.013,0.89,0.544,0.85,0.811,0.843,0.321,0.884,0.83,0.933,-0.417,0.823,0.743,0.971,0.833,0.887,0.752,0.52,0.804,0.643,0.072,0.655,0.859,-0.212,-0.617,0.882,0.931,0.9,-0.223,0.686,0.922,0.13,0.59,-0.191,0.921,0.459,0.869,0.765,0.935,0.369,0.561,-0.766,0.774,0.28,0.914,0.421,0.819,-0.489,0.893,0.642,-0.033,0.913,0.818,-0.519,0.445,0.857,0.835,0.831,0.846,0.868,0.303,0.961,0.438,0.898,0.922,0.297,0.761,0.633,-0.025,-0.814,0.075,0.779,0.793,0.635,0.494,-0.706,0.921,0.423,0.693,-0.357,0.888,0.905
BPOP,0.576,0.447,0.059,0.501,0.452,0.767,0.409,0.306,0.866,0.24,0.118,0.18,0.746,0.237,0.821,0.071,0.681,0.401,0.241,0.269,0.133,0.307,0.097,0.19,0.526,0.217,0.114,0.185,0.521,0.52,0.207,0.0,0.269,0.422,0.284,0.825,0.612,0.496,0.342,0.905,0.329,0.308,0.704,0.486,-0.164,0.441,0.076,0.576,0.269,0.467,0.369,0.6,0.614,0.442,0.529,0.451,0.352,0.273,0.518,-0.016,0.474,0.691,0.189,0.252,0.555,0.192,0.468,-0.22,0.764,0.365,0.047,-0.5,0.874,0.472,0.523,0.754,0.556,0.276,0.278,0.632,0.542,0.188,0.392,0.367,0.552,0.629,0.267,0.472,-0.073,0.858,0.645,0.038,0.092,0.127,0.734,-0.021,0.58,0.47,0.476,0.136,-0.3,0.457,0.384,0.057,0.491,-0.257,0.362,0.236,-0.125,0.788,0.286,0.333,-0.04,0.575,0.512,0.459,0.2,0.245,0.434,0.47,0.804,0.045,-0.012,0.155,0.911,0.516,0.442,0.19,0.699,0.196,0.608,0.201,0.616,0.362,-0.207,0.819,0.464,0.727,0.203,0.39,0.501,0.214,0.252,0.093,0.274,0.125,0.838,0.496,0.315,0.718,-0.245,0.651,0.272,0.241,0.545,0.436,0.344,0.62,0.521,-0.218,0.227,0.668,0.195,0.833,0.264,0.12,0.318,0.756,0.467,0.423,0.412,0.25,-0.285,0.357,0.23,0.587,0.598,0.206,0.514,0.116,0.736,0.183,0.191,0.883,0.654,0.615,0.803,0.249,0.21,0.34,0.372,0.28,0.806,0.297,0.156,0.035,0.546,0.525,0.478,0.069
