,AAL,AAON,ACB,ACGL,ACGLO,ACIW,ADBE,ADSK,AEP,AGIO,ALEC,ALNY,ALTR,AMBA,AMCX,AMKR,AMRX,ANSS,APPN,APTO,ARCT,ARWR,ASND,ASTH,ATSG,AVTX,BCPC,BEAM,BILI,BJRI,BLUE,BPOP,BRKL,BWIN,BZUN,CARG,CBRL,CBSH,CBUS,CENTA,CERS,CFFN,CHCO,CHEF,CHRD,CINF,CLLS,CMCO,CMCSA,COLL,COMM,COOP,CPB,CRON,CROX,CRUS,CRWD,CTAS,CYBR,CYTK,DGII,DIOD,DOMO,DPZ,DSGR,DXCM,ERIE,ESTA,EXEL,FAST,FCEL,FCFS,FHB,FITBI,FSV,FTDR,FUTU,GLDD,GLPG,GLPI,GOGO,GOSS,GSAT,GYRE,HALO,HAS,HLIT,HLNE,HSDT,HSIC,HTHT,ICHR,IDYA,IMVT,INDB,INSM,IONS,IOSP,ITRI,JBHT,JBLU,JSM,KLIC,KOD,KURA,LAB,LASR,LIN,LKQ,LNT,MBUU,MCRI,MDGL,MEDP,MGNI,MGPI,MGRC,MKTX,MRNA,MRTN,MSEX,MSFT,MU,NAVI,NBTB,NEO,NEOG,NGNE,NSSC,NTAP,NTES,NTLA,NTRS,NYMTN,OBLG,OCFC,ON,ONC,OPI,OSIS,OSW,PALI,PANW,PCAR,PCRX,PCTY,PEBO,PLAB,PLAY,PLMR,PLSE,PLUS,PRTA,PSEC,PSNL,PTCT,PTON,QNST,QRVO,QTTB,RARE,RBCAA,RGNX,SAIC,SGMO,SINT,SNPS,SPSC,SPTN,SSYS,STNE,TBBK,TCPC,TENB,TGTX,TREE,TRUP,TTWO,TW,TXG,UBSI,UCTT,UFPT,UMBF,UPBD,URBN,VBTX,VCTR,VEON,VNET,VRSK,VSEC,WABC,WTFCM,WVE,WW,WWD,XEL,ZD,ZYME
AAL,0.0,0.235,0.118,-0.535,-0.209,0.376,0.451,0.383,-0.04,0.403,0.596,0.046,-0.099,0.619,0.592,0.432,-0.08,-0.107,0.568,0.361,0.031,-0.052,0.12,0.189,0.441,0.584,0.182,0.664,0.109,0.211,0.221,0.497,0.377,0.223,0.389,0.473,0.563,0.647,0.015,-0.073,0.521,0.412,0.319,0.205,0.144,-0.415,0.483,0.419,0.576,-0.54,0.018,0.502,-0.32,-0.311,0.604,0.515,0.116,-0.192,-0.264,-0.312,0.399,0.413,0.489,-0.261,0.122,0.358,-0.74,-0.28,0.008,0.314,0.281,0.354,0.426,0.366,0.516,0.413,0.249,-0.175,0.055,0.047,0.214,-0.262,0.078,0.391,0.178,0.749,-0.075,-0.011,0.057,0.274,0.24,-0.048,-0.387,0.299,0.488,0.095,-0.158,0.135,0.278,0.449,0.61,-0.379,0.436,-0.261,-0.49,-0.411,0.391,0.135,0.365,0.128,0.458,0.183,0.226,0.452,0.642,0.396,0.23,0.278,-0.299,0.261,0.489,-0.21,0.168,0.418,0.359,0.508,0.21,-0.29,0.501,0.529,0.163,0.479,0.62,-0.346,0.018,0.458,0.446,0.334,0.283,0.256,-0.027,0.248,-0.036,0.396,0.375,0.557,0.403,0.241,0.181,-0.384,0.261,-0.024,0.152,0.539,-0.171,0.406,0.512,0.104,0.455,-0.178,0.323,0.244,0.149,0.049,-0.227,0.344,0.497,0.297,-0.163,-0.028,0.208,0.613,0.345,0.222,0.603,0.766,0.488,-0.01,-0.193,0.498,0.54,0.046,0.536,0.447,0.4,0.172,0.391,0.205,0.384,0.316,-0.481,0.198,0.479,-0.29,-0.081,0.395,0.112,-0.092,0.248,-0.183
AAON,0.235,0.0,0.812,-0.589,0.601,0.372,-0.12,0.064,0.146,0.366,0.521,0.363,0.09,0.436,0.224,0.485,0.819,0.508,0.468,0.514,0.258,-0.224,-0.217,0.85,0.718,0.555,0.848,0.649,0.672,0.829,-0.308,0.65,0.684,0.385,0.52,0.49,0.567,0.626,0.544,0.874,0.767,0.637,0.793,0.608,0.746,-0.381,0.51,0.656,0.243,-0.319,0.88,0.522,-0.309,0.367,-0.49,0.573,-0.63,0.43,-0.212,0.058,0.821,0.771,0.614,-0.37,0.548,-0.076,-0.321,-0.609,0.582,0.221,0.786,-0.274,0.742,0.003,0.274,0.371,0.729,0.72,0.659,0.852,0.577,-0.17,0.417,0.427,0.242,0.491,0.633,0.24,0.535,0.831,0.364,0.589,-0.63,0.108,0.79,0.763,-0.082,0.731,0.671,0.467,0.569,0.378,0.563,-0.214,0.012,-0.02,0.341,0.413,0.491,0.464,0.853,0.466,-0.247,0.738,0.596,0.671,0.7,0.775,0.148,0.787,0.366,-0.613,0.511,0.584,0.791,0.309,0.688,-0.551,0.649,0.236,-0.072,0.755,0.25,-0.333,0.429,0.855,0.609,0.306,0.801,0.67,0.736,0.53,-0.748,0.632,0.558,0.654,0.726,0.738,0.847,-0.73,0.685,0.72,0.599,0.364,0.46,0.245,0.396,0.504,0.612,0.003,0.829,0.797,0.42,-0.558,0.31,0.717,-0.07,0.492,0.568,0.701,0.395,0.145,0.128,-0.006,0.29,0.497,0.4,0.082,-0.45,0.771,0.786,0.496,0.15,0.771,0.7,-0.657,0.755,0.33,0.397,0.38,0.281,0.695,0.737,-0.48,0.474,0.726,-0.283,0.412,0.699,0.196
ACB,0.118,0.812,0.0,-0.691,0.384,0.263,0.002,0.184,-0.007,0.202,0.419,0.128,-0.021,0.544,0.194,0.684,0.703,0.255,0.594,0.435,0.026,-0.521,-0.469,0.766,0.766,0.658,0.825,0.675,0.638,0.826,-0.016,0.467,0.804,0.282,0.661,0.611,0.706,0.627,0.401,0.826,0.757,0.728,0.854,0.397,0.818,-0.589,0.627,0.769,0.385,-0.518,0.733,0.685,-0.447,0.207,-0.485,0.7,-0.706,0.335,-0.251,-0.175,0.855,0.815,0.667,-0.286,0.627,-0.349,-0.28,-0.714,0.621,0.439,0.892,-0.094,0.801,-0.083,0.371,0.566,0.787,0.582,0.416,0.87,0.723,-0.333,0.127,0.396,0.514,0.474,0.341,0.415,0.403,0.695,0.406,0.608,-0.555,0.106,0.805,0.807,-0.374,0.838,0.734,0.651,0.672,0.128,0.726,-0.32,-0.249,0.156,0.523,0.59,0.546,0.249,0.761,0.629,-0.184,0.807,0.542,0.788,0.814,0.854,-0.156,0.774,0.532,-0.628,0.526,0.716,0.845,0.45,0.765,-0.724,0.724,0.349,0.067,0.796,0.342,-0.518,0.683,0.788,0.761,0.365,0.819,0.805,0.638,0.729,-0.667,0.708,0.342,0.734,0.798,0.804,0.846,-0.596,0.786,0.724,0.574,-0.022,0.262,0.046,0.348,0.734,0.749,-0.307,0.629,0.844,0.65,-0.656,0.135,0.609,0.151,0.65,0.519,0.537,0.618,0.267,-0.124,0.012,0.104,0.283,0.524,0.118,-0.634,0.79,0.757,0.542,0.277,0.785,0.738,-0.68,0.81,0.564,0.401,0.556,0.437,0.814,0.78,-0.653,0.128,0.767,-0.277,0.192,0.768,-0.067
ACGL,-0.535,-0.589,-0.691,0.0,0.068,-0.482,-0.536,-0.54,0.357,-0.16,-0.602,0.181,0.223,-0.933,-0.435,-0.943,-0.255,0.11,-0.934,-0.467,0.052,0.745,0.555,-0.505,-0.828,-0.897,-0.751,-0.902,-0.495,-0.72,-0.156,-0.409,-0.885,-0.246,-0.865,-0.922,-0.927,-0.821,-0.103,-0.517,-0.877,-0.925,-0.887,-0.203,-0.763,0.928,-0.908,-0.931,-0.749,0.867,-0.39,-0.93,0.706,0.389,-0.027,-0.955,0.47,-0.09,0.3,0.614,-0.899,-0.926,-0.855,0.172,-0.647,0.363,0.566,0.745,-0.636,-0.8,-0.837,-0.376,-0.893,-0.227,-0.648,-0.89,-0.725,-0.003,0.039,-0.657,-0.797,0.539,0.194,-0.734,-0.684,-0.844,-0.068,-0.455,-0.117,-0.502,-0.569,-0.443,0.597,-0.02,-0.889,-0.589,0.548,-0.828,-0.861,-0.924,-0.845,0.304,-0.95,0.469,0.727,0.033,-0.757,-0.578,-0.729,0.081,-0.839,-0.813,-0.057,-0.914,-0.837,-0.915,-0.873,-0.86,0.623,-0.779,-0.883,0.509,-0.397,-0.899,-0.901,-0.814,-0.772,0.857,-0.871,-0.792,-0.334,-0.888,-0.591,0.648,-0.604,-0.75,-0.952,-0.547,-0.726,-0.835,-0.398,-0.852,0.344,-0.908,-0.172,-0.889,-0.931,-0.793,-0.728,0.504,-0.898,-0.643,-0.504,0.0,0.217,-0.025,-0.288,-0.812,-0.952,0.596,-0.368,-0.865,-0.787,0.571,0.251,-0.498,-0.679,-0.864,-0.244,-0.145,-0.748,-0.752,0.219,-0.283,-0.124,-0.378,-0.876,-0.182,0.771,-0.909,-0.851,-0.488,-0.686,-0.835,-0.868,0.314,-0.861,-0.724,-0.763,-0.827,-0.199,-0.866,-0.884,0.824,0.145,-0.932,-0.046,0.244,-0.812,0.493
ACGLO,-0.209,0.601,0.384,0.068,0.0,0.195,-0.423,-0.044,0.166,-0.062,-0.115,0.653,0.657,-0.228,-0.409,-0.165,0.835,0.909,-0.21,0.31,0.533,0.38,0.342,0.617,0.194,-0.154,0.449,-0.016,0.168,0.501,-0.671,0.503,-0.001,0.574,-0.241,-0.135,-0.136,-0.115,0.818,0.555,0.047,-0.067,0.182,0.612,0.113,0.326,-0.228,0.017,-0.462,0.354,0.766,-0.186,0.044,0.758,-0.609,-0.089,-0.155,0.8,0.302,0.694,0.245,0.151,0.073,0.078,0.304,0.297,0.243,0.107,0.134,-0.227,0.23,-0.475,0.038,-0.025,-0.182,-0.372,0.114,0.741,0.661,0.404,-0.104,0.169,0.81,-0.079,-0.429,-0.16,0.886,0.21,0.489,0.639,-0.192,0.628,0.008,0.369,0.206,0.591,0.366,0.148,0.13,-0.104,-0.076,0.74,-0.079,0.36,0.663,0.274,-0.045,-0.147,0.15,0.368,0.39,-0.053,-0.026,0.125,0.051,-0.035,0.072,0.28,0.701,0.426,-0.401,-0.04,0.548,-0.144,0.173,-0.36,0.104,0.198,0.144,-0.451,-0.674,0.061,-0.283,0.42,0.201,0.338,-0.086,-0.244,0.194,0.044,0.721,-0.002,-0.413,0.103,0.643,-0.026,0.053,0.396,0.51,-0.503,0.099,0.322,0.122,0.224,0.8,0.402,0.118,-0.109,-0.015,0.534,0.548,0.227,-0.269,-0.041,0.749,0.267,-0.711,-0.044,0.154,0.835,0.029,-0.55,0.141,0.084,0.013,0.225,-0.358,0.245,0.166,0.069,0.137,0.539,-0.344,0.104,0.164,-0.384,0.113,-0.137,-0.132,-0.369,0.2,0.123,0.041,0.249,0.636,0.065,-0.204,0.424,0.204,0.762
ACIW,0.376,0.372,0.263,-0.482,0.195,0.0,0.653,0.727,-0.538,-0.102,0.304,0.305,0.358,0.608,0.118,0.511,0.168,0.307,0.546,0.414,0.517,-0.169,0.066,0.556,0.597,0.309,0.61,0.555,0.216,0.601,-0.141,0.669,0.464,0.562,0.292,0.633,0.445,0.382,0.454,0.236,0.392,0.493,0.459,0.276,0.306,-0.317,0.363,0.574,0.408,-0.359,0.238,0.502,-0.449,-0.245,0.25,0.552,0.183,0.458,0.311,-0.166,0.55,0.545,0.691,0.358,0.668,0.181,0.015,0.021,0.348,0.617,0.375,0.471,0.455,0.48,0.648,0.383,0.25,-0.012,-0.12,0.268,0.253,-0.161,-0.003,0.524,0.181,0.601,0.251,0.675,0.122,0.386,0.281,0.541,0.026,0.333,0.615,0.485,0.137,0.409,0.671,0.57,0.295,-0.066,0.539,0.325,-0.099,0.244,0.653,0.271,0.699,-0.324,0.614,0.664,0.523,0.38,0.697,0.468,0.471,0.515,-0.193,0.677,0.429,0.215,0.399,0.336,0.498,0.35,0.359,-0.188,0.635,0.515,-0.091,0.518,0.406,0.035,0.448,0.52,0.459,0.414,0.09,0.518,0.389,0.469,0.217,0.667,0.125,0.304,0.473,0.651,0.572,-0.169,0.49,0.522,0.067,0.12,-0.025,0.29,-0.047,0.31,0.567,-0.25,0.284,0.487,0.245,0.129,0.231,0.278,0.228,0.68,-0.073,0.401,0.616,0.514,-0.241,0.659,-0.19,0.236,0.456,0.584,-0.261,0.411,0.459,0.673,0.725,0.503,0.721,0.157,0.46,0.611,0.464,0.266,0.164,0.516,0.496,-0.158,0.13,0.47,0.622,-0.399,0.612,0.012
ADBE,0.451,-0.12,0.002,-0.536,-0.423,0.653,0.0,0.871,-0.759,-0.182,0.241,-0.246,0.049,0.7,0.152,0.629,-0.405,-0.301,0.669,0.163,0.162,-0.43,-0.143,0.008,0.397,0.399,0.257,0.53,-0.122,0.181,0.201,0.174,0.368,0.34,0.362,0.712,0.491,0.304,-0.067,-0.216,0.26,0.456,0.291,-0.128,0.095,-0.582,0.502,0.505,0.54,-0.622,-0.321,0.576,-0.602,-0.767,0.624,0.583,0.358,0.038,0.297,-0.609,0.33,0.384,0.549,0.439,0.494,-0.065,-0.094,0.0,0.214,0.826,0.173,0.854,0.312,0.466,0.772,0.598,0.055,-0.557,-0.674,-0.096,0.214,-0.377,-0.448,0.576,0.4,0.598,-0.314,0.624,-0.314,-0.094,0.288,0.246,0.151,0.141,0.384,0.144,-0.263,0.268,0.492,0.655,0.357,-0.653,0.593,0.057,-0.607,0.171,0.684,0.299,0.613,-0.665,0.307,0.613,0.622,0.329,0.63,0.412,0.348,0.292,-0.727,0.374,0.611,0.346,0.233,0.38,0.319,0.622,0.191,-0.271,0.519,0.768,0.211,0.366,0.47,-0.138,0.353,0.193,0.472,0.455,-0.101,0.363,-0.034,0.48,0.561,0.558,-0.175,0.319,0.389,0.419,0.174,0.185,0.422,0.237,-0.057,-0.143,-0.602,0.074,-0.084,0.358,0.538,-0.57,-0.234,0.281,0.345,0.162,-0.334,-0.044,0.73,0.698,-0.422,-0.219,0.628,0.787,-0.398,0.764,-0.269,0.102,0.571,0.536,-0.255,0.292,0.279,0.433,0.831,0.255,0.495,0.498,0.264,0.668,0.523,0.449,0.012,0.372,0.321,-0.26,-0.371,0.372,0.685,-0.819,0.445,-0.471
ADSK,0.383,0.064,0.184,-0.54,-0.044,0.727,0.871,0.0,-0.778,-0.355,0.127,0.004,0.404,0.653,-0.056,0.616,-0.084,0.067,0.626,0.281,0.3,-0.308,-0.007,0.234,0.523,0.373,0.421,0.529,-0.136,0.405,0.038,0.382,0.404,0.626,0.263,0.676,0.476,0.254,0.281,-0.063,0.229,0.43,0.359,0.125,0.1,-0.468,0.421,0.539,0.356,-0.549,-0.048,0.552,-0.682,-0.493,0.415,0.578,0.359,0.424,0.45,-0.354,0.437,0.439,0.597,0.526,0.64,0.064,0.036,0.084,0.221,0.818,0.313,0.792,0.323,0.492,0.739,0.471,0.087,-0.348,-0.492,0.004,0.173,-0.409,-0.127,0.523,0.247,0.547,-0.007,0.797,-0.148,0.14,0.213,0.519,0.24,0.427,0.498,0.439,-0.178,0.309,0.56,0.69,0.384,-0.441,0.615,0.254,-0.391,0.311,0.798,0.289,0.697,-0.614,0.459,0.609,0.734,0.366,0.628,0.404,0.378,0.447,-0.505,0.563,0.455,0.389,0.531,0.348,0.392,0.506,0.229,-0.186,0.63,0.593,-0.12,0.374,0.394,0.023,0.562,0.35,0.468,0.281,-0.08,0.385,0.23,0.5,0.468,0.622,0.081,0.303,0.415,0.59,0.374,0.035,0.438,0.331,-0.038,-0.132,-0.307,0.281,0.04,0.34,0.581,-0.393,-0.122,0.361,0.256,0.209,-0.062,-0.007,0.479,0.707,-0.47,0.118,0.718,0.595,-0.345,0.875,-0.31,0.145,0.423,0.754,-0.142,0.296,0.336,0.716,0.766,0.277,0.563,0.373,0.329,0.697,0.461,0.282,0.111,0.424,0.355,-0.164,-0.299,0.374,0.67,-0.757,0.542,-0.194
AEP,-0.04,0.146,-0.007,0.357,0.166,-0.538,-0.759,-0.778,0.0,0.531,0.201,0.326,-0.24,-0.439,0.311,-0.463,0.262,0.099,-0.476,0.052,-0.155,0.434,0.214,0.039,-0.26,-0.201,-0.266,-0.213,0.218,-0.161,0.083,0.071,-0.209,-0.397,-0.185,-0.53,-0.271,0.046,-0.025,0.105,-0.035,-0.337,-0.239,0.162,-0.067,0.42,-0.311,-0.356,-0.139,0.402,0.232,-0.363,0.702,0.625,-0.241,-0.39,-0.269,-0.328,-0.414,0.461,-0.192,-0.255,-0.362,-0.592,-0.551,0.292,-0.238,-0.112,-0.181,-0.761,-0.137,-0.713,-0.114,-0.237,-0.442,-0.41,0.029,0.41,0.738,0.115,-0.132,0.432,0.342,-0.609,-0.186,-0.228,0.147,-0.67,0.328,0.181,-0.272,-0.381,-0.277,-0.02,-0.219,-0.186,0.309,-0.274,-0.412,-0.507,-0.158,0.482,-0.453,-0.157,0.384,-0.306,-0.551,-0.157,-0.508,0.893,-0.228,-0.556,-0.501,-0.143,-0.365,-0.242,-0.297,-0.237,0.593,-0.376,-0.344,-0.438,-0.372,-0.239,-0.228,-0.45,-0.185,0.161,-0.371,-0.511,0.002,-0.119,0.018,-0.069,-0.422,-0.031,-0.287,-0.074,0.23,-0.239,-0.216,-0.42,-0.537,-0.442,0.293,-0.011,-0.268,-0.396,-0.224,-0.289,-0.378,-0.322,0.138,0.389,0.499,-0.005,0.273,-0.362,-0.373,0.513,0.448,-0.257,-0.263,-0.032,0.261,0.166,-0.459,-0.602,0.423,0.113,-0.616,-0.472,0.611,-0.732,0.667,0.326,-0.331,-0.636,0.14,-0.082,-0.089,-0.569,-0.627,-0.027,-0.382,-0.291,-0.144,-0.609,-0.492,-0.303,-0.166,-0.343,-0.103,0.164,0.395,-0.266,-0.559,0.913,-0.368,0.368
AGIO,0.403,0.366,0.202,-0.16,-0.062,-0.102,-0.182,-0.355,0.531,0.0,0.599,0.164,-0.363,0.156,0.499,0.076,0.092,-0.065,0.152,0.157,-0.081,0.058,-0.055,0.177,0.14,0.366,0.096,0.387,0.344,0.043,0.118,0.164,0.231,-0.133,0.308,0.06,0.275,0.465,-0.104,0.238,0.417,0.234,0.244,0.067,0.322,-0.166,0.284,0.183,0.309,-0.089,0.196,0.172,0.186,0.096,0.076,0.181,-0.291,-0.329,-0.412,-0.123,0.237,0.247,0.059,-0.598,-0.172,0.073,-0.543,-0.424,0.185,-0.171,0.202,-0.267,0.286,-0.178,0.101,0.166,0.269,0.346,0.451,0.26,0.166,0.136,0.088,0.103,0.146,0.304,-0.008,-0.412,0.395,0.255,0.211,-0.18,-0.543,-0.12,0.218,-0.045,0.099,0.15,0.068,0.018,0.242,-0.042,0.095,-0.39,-0.128,-0.486,-0.097,0.151,-0.095,0.593,0.185,-0.086,-0.306,0.313,0.259,0.231,0.123,0.076,0.072,0.057,0.242,-0.504,-0.102,0.262,0.244,0.248,0.195,-0.295,0.128,0.186,0.263,0.39,0.235,-0.422,-0.329,0.317,0.197,0.375,0.428,0.206,-0.011,0.029,-0.444,0.069,0.229,0.361,0.243,0.003,0.07,-0.306,0.107,0.051,0.423,0.588,-0.006,0.075,0.215,0.036,0.127,0.01,0.545,0.168,0.15,-0.231,-0.112,0.508,0.097,-0.038,0.442,-0.001,-0.247,0.172,0.338,-0.306,0.614,0.549,0.236,-0.4,-0.212,0.374,0.386,-0.288,-0.024,0.346,0.1,-0.207,0.291,-0.179,0.107,0.169,-0.235,0.08,0.311,-0.231,0.286,0.259,-0.337,0.525,0.078,0.004
ALEC,0.596,0.521,0.419,-0.602,-0.115,0.304,0.241,0.127,0.201,0.599,0.0,0.112,-0.39,0.648,0.733,0.517,0.158,-0.114,0.609,0.498,-0.066,-0.303,-0.295,0.437,0.595,0.664,0.466,0.731,0.593,0.435,0.287,0.435,0.604,-0.013,0.685,0.526,0.62,0.791,-0.018,0.319,0.709,0.597,0.547,0.161,0.592,-0.546,0.634,0.586,0.687,-0.542,0.319,0.605,-0.223,-0.172,0.188,0.625,-0.32,-0.198,-0.49,-0.361,0.623,0.645,0.545,-0.492,0.242,-0.023,-0.591,-0.582,0.492,0.274,0.541,0.061,0.696,0.151,0.505,0.568,0.599,0.161,0.286,0.475,0.544,-0.006,-0.087,0.352,0.474,0.749,0.01,-0.055,0.274,0.468,0.502,0.042,-0.645,0.005,0.634,0.242,-0.092,0.481,0.548,0.481,0.591,-0.118,0.541,-0.399,-0.421,-0.361,0.386,0.5,0.292,0.381,0.542,0.38,-0.143,0.608,0.631,0.632,0.519,0.498,-0.264,0.398,0.669,-0.529,0.016,0.624,0.587,0.51,0.494,-0.591,0.481,0.593,0.421,0.74,0.687,-0.609,0.142,0.587,0.635,0.701,0.605,0.583,0.076,0.425,-0.388,0.493,0.177,0.711,0.606,0.383,0.381,-0.421,0.48,0.385,0.586,0.435,-0.077,0.048,0.344,0.387,0.594,-0.22,0.568,0.519,0.52,-0.305,-0.092,0.553,0.442,0.425,0.384,0.089,0.194,0.562,0.211,-0.017,0.473,0.636,0.676,-0.059,-0.491,0.738,0.674,0.021,0.429,0.699,0.528,-0.168,0.646,0.285,0.457,0.552,0.02,0.494,0.699,-0.55,0.202,0.622,-0.008,0.229,0.457,-0.253
ALNY,0.046,0.363,0.128,0.181,0.653,0.305,-0.246,0.004,0.326,0.164,0.112,0.0,0.63,-0.169,-0.116,-0.232,0.534,0.745,-0.254,0.507,0.536,0.594,0.598,0.595,0.069,-0.23,0.194,0.057,0.124,0.345,-0.237,0.631,-0.102,0.447,-0.327,-0.195,-0.132,-0.042,0.768,0.188,-0.036,-0.23,-0.034,0.571,-0.098,0.427,-0.322,-0.087,-0.236,0.37,0.454,-0.197,0.348,0.61,-0.149,-0.148,0.202,0.504,0.295,0.693,0.094,-0.01,0.03,0.101,0.046,0.689,0.146,0.297,0.076,-0.318,0.045,-0.362,-0.054,0.223,-0.005,-0.428,-0.053,0.421,0.616,0.119,-0.298,0.349,0.575,-0.332,-0.369,0.024,0.538,0.142,0.579,0.536,-0.367,0.349,0.184,0.624,0.126,0.385,0.679,-0.164,-0.021,-0.189,-0.225,0.543,-0.178,0.548,0.641,0.22,0.019,-0.165,-0.015,0.426,0.167,-0.165,0.298,-0.042,0.043,-0.107,-0.126,0.076,0.67,0.173,-0.349,0.134,0.215,-0.299,-0.029,-0.425,-0.203,0.361,0.122,-0.349,-0.533,0.066,0.109,0.367,0.048,0.267,-0.166,0.097,-0.022,0.011,0.247,-0.12,-0.112,-0.014,0.488,-0.039,-0.131,0.182,0.233,-0.377,-0.167,0.034,0.104,0.381,0.716,0.493,0.088,-0.308,-0.073,0.6,0.612,-0.037,-0.366,0.41,0.824,0.224,-0.616,-0.121,-0.008,0.731,-0.138,-0.371,0.367,0.168,0.255,0.45,-0.364,0.23,0.244,-0.052,0.002,0.314,-0.135,0.08,0.05,0.068,-0.009,-0.18,-0.348,-0.484,0.096,-0.102,0.009,0.418,0.569,-0.131,0.093,0.421,0.059,0.796
ALTR,-0.099,0.09,-0.021,0.223,0.657,0.358,0.049,0.404,-0.24,-0.363,-0.39,0.63,0.0,-0.239,-0.639,-0.213,0.343,0.778,-0.243,0.194,0.646,0.536,0.665,0.289,0.004,-0.372,0.118,-0.116,-0.382,0.185,-0.521,0.414,-0.256,0.764,-0.544,-0.151,-0.271,-0.398,0.746,-0.024,-0.321,-0.313,-0.158,0.44,-0.369,0.426,-0.395,-0.16,-0.511,0.316,0.199,-0.279,-0.034,0.417,-0.086,-0.214,0.498,0.782,0.76,0.597,-0.063,-0.158,-0.028,0.574,0.233,0.545,0.462,0.598,-0.169,-0.032,-0.131,0.051,-0.302,0.284,0.068,-0.458,-0.373,0.201,0.12,-0.175,-0.489,0.019,0.622,-0.127,-0.54,-0.195,0.523,0.49,0.272,0.209,-0.437,0.568,0.593,0.66,-0.033,0.396,0.466,-0.219,-0.081,-0.12,-0.254,0.29,-0.164,0.725,0.592,0.465,0.097,-0.292,0.225,-0.135,0.09,-0.114,0.611,-0.17,0.011,-0.287,-0.227,-0.022,0.476,0.213,-0.487,0.592,0.565,-0.417,-0.157,-0.344,-0.304,0.549,0.095,-0.357,-0.828,-0.216,-0.218,0.706,0.179,0.044,-0.3,-0.324,-0.379,-0.194,0.388,-0.162,0.3,-0.026,0.48,-0.302,-0.236,0.227,0.166,-0.048,-0.164,-0.018,-0.278,0.109,0.452,0.531,-0.005,-0.352,-0.157,0.476,0.096,-0.139,-0.529,0.524,0.599,-0.057,-0.543,-0.024,-0.498,0.584,0.106,-0.384,0.047,0.599,-0.215,0.122,-0.511,0.624,0.51,-0.301,-0.191,0.625,-0.064,-0.249,-0.005,0.274,-0.218,-0.035,-0.254,-0.59,0.017,-0.182,-0.257,0.573,0.24,-0.266,0.303,-0.135,0.041,0.72
AMBA,0.619,0.436,0.544,-0.933,-0.228,0.608,0.7,0.653,-0.439,0.156,0.648,-0.169,-0.239,0.0,0.525,0.941,0.064,-0.197,0.964,0.412,-0.067,-0.718,-0.507,0.431,0.811,0.875,0.663,0.902,0.44,0.625,0.328,0.412,0.864,0.225,0.858,0.938,0.907,0.821,0.013,0.34,0.801,0.897,0.79,0.082,0.683,-0.897,0.873,0.913,0.849,-0.874,0.221,0.941,-0.667,-0.549,0.265,0.96,-0.279,0.022,-0.261,-0.706,0.827,0.868,0.865,-0.095,0.601,-0.266,-0.51,-0.613,0.591,0.854,0.747,0.554,0.852,0.302,0.74,0.911,0.649,-0.154,-0.198,0.501,0.74,-0.446,-0.341,0.733,0.713,0.912,-0.107,0.469,0.054,0.393,0.611,0.344,-0.489,0.082,0.852,0.482,-0.448,0.738,0.851,0.942,0.783,-0.445,0.937,-0.354,-0.766,-0.076,0.842,0.638,0.698,-0.204,0.75,0.833,0.206,0.81,0.838,0.875,0.809,0.778,-0.707,0.711,0.931,-0.351,0.307,0.871,0.825,0.844,0.703,-0.791,0.854,0.896,0.386,0.865,0.709,-0.638,0.566,0.69,0.93,0.657,0.561,0.815,0.242,0.804,-0.122,0.893,0.015,0.815,0.867,0.714,0.615,-0.335,0.809,0.589,0.447,0.017,-0.372,0.019,0.213,0.757,0.943,-0.654,0.263,0.764,0.776,-0.381,-0.302,0.423,0.776,0.875,0.157,0.034,0.741,0.885,-0.252,0.383,0.078,0.348,0.927,0.275,-0.72,0.837,0.801,0.438,0.842,0.811,0.852,-0.119,0.815,0.783,0.778,0.81,0.176,0.806,0.853,-0.773,-0.241,0.86,0.264,-0.376,0.771,-0.571
AMCX,0.592,0.224,0.194,-0.435,-0.409,0.118,0.152,-0.056,0.311,0.499,0.733,-0.116,-0.639,0.525,0.0,0.378,-0.102,-0.408,0.46,0.279,-0.293,-0.301,-0.326,0.144,0.397,0.536,0.182,0.502,0.567,0.197,0.537,0.249,0.474,-0.414,0.602,0.387,0.505,0.731,-0.287,0.089,0.584,0.456,0.317,0.034,0.401,-0.437,0.493,0.396,0.74,-0.455,0.065,0.518,-0.053,-0.294,0.322,0.441,-0.296,-0.557,-0.692,-0.403,0.377,0.398,0.392,-0.586,-0.036,-0.031,-0.688,-0.539,0.243,0.125,0.333,0.065,0.567,0.223,0.336,0.506,0.546,-0.077,0.146,0.274,0.532,0.013,-0.316,0.134,0.495,0.659,-0.257,-0.285,0.011,0.225,0.43,-0.352,-0.65,-0.142,0.432,-0.061,-0.239,0.256,0.296,0.347,0.494,-0.178,0.37,-0.478,-0.516,-0.482,0.211,0.418,0.067,0.367,0.281,0.242,-0.265,0.37,0.4,0.491,0.351,0.287,-0.333,0.095,0.621,-0.548,-0.344,0.508,0.366,0.37,0.371,-0.52,0.276,0.5,0.634,0.524,0.677,-0.666,0.023,0.378,0.492,0.563,0.518,0.4,-0.238,0.284,-0.308,0.289,-0.048,0.606,0.413,0.068,0.093,-0.297,0.275,0.089,0.349,0.303,-0.141,-0.156,0.381,0.295,0.416,-0.252,0.349,0.299,0.465,-0.229,-0.244,0.343,0.528,0.201,0.357,-0.196,0.043,0.579,0.353,-0.321,0.575,0.44,0.625,-0.386,-0.482,0.553,0.536,-0.355,0.382,0.588,0.334,-0.143,0.43,0.184,0.325,0.525,-0.133,0.306,0.581,-0.51,-0.024,0.428,-0.003,0.219,0.228,-0.446
AMKR,0.432,0.485,0.684,-0.943,-0.165,0.511,0.629,0.616,-0.463,0.076,0.517,-0.232,-0.213,0.941,0.378,0.0,0.183,-0.178,0.961,0.372,-0.111,-0.828,-0.627,0.458,0.832,0.871,0.734,0.867,0.455,0.683,0.282,0.325,0.92,0.242,0.875,0.965,0.929,0.762,0.047,0.475,0.819,0.925,0.868,0.097,0.757,-0.937,0.887,0.955,0.772,-0.887,0.295,0.97,-0.716,-0.462,0.048,0.975,-0.434,0.099,-0.219,-0.7,0.866,0.899,0.881,-0.052,0.672,-0.418,-0.413,-0.703,0.65,0.893,0.82,0.497,0.88,0.199,0.714,0.948,0.712,-0.056,-0.181,0.616,0.821,-0.572,-0.348,0.725,0.807,0.81,-0.079,0.583,0.064,0.399,0.592,0.463,-0.474,0.018,0.851,0.621,-0.582,0.851,0.875,0.972,0.817,-0.418,0.99,-0.416,-0.757,0.083,0.839,0.714,0.753,-0.221,0.762,0.896,0.141,0.876,0.769,0.927,0.907,0.858,-0.727,0.76,0.908,-0.411,0.428,0.914,0.876,0.842,0.768,-0.866,0.878,0.851,0.351,0.873,0.619,-0.673,0.697,0.704,0.967,0.588,0.638,0.877,0.352,0.896,-0.22,0.925,0.013,0.84,0.921,0.796,0.702,-0.339,0.902,0.682,0.453,-0.157,-0.331,-0.042,0.214,0.895,0.972,-0.715,0.248,0.844,0.857,-0.534,-0.317,0.409,0.742,0.939,0.217,0.083,0.856,0.801,-0.365,0.348,-0.033,0.23,0.893,0.277,-0.769,0.855,0.795,0.529,0.764,0.81,0.862,-0.27,0.848,0.864,0.744,0.863,0.33,0.894,0.859,-0.836,-0.274,0.895,0.123,-0.37,0.856,-0.581
AMRX,-0.08,0.819,0.703,-0.255,0.835,0.168,-0.405,-0.084,0.262,0.092,0.158,0.534,0.343,0.064,-0.102,0.183,0.0,0.715,0.107,0.467,0.273,0.017,-0.024,0.791,0.503,0.206,0.681,0.271,0.507,0.729,-0.407,0.549,0.394,0.408,0.167,0.154,0.221,0.269,0.709,0.8,0.425,0.28,0.524,0.649,0.493,-0.021,0.115,0.347,-0.095,0.029,0.923,0.188,-0.083,0.689,-0.721,0.246,-0.551,0.612,-0.053,0.435,0.564,0.484,0.379,-0.216,0.407,0.066,-0.011,-0.35,0.375,-0.049,0.575,-0.509,0.439,-0.065,-0.014,0.004,0.527,0.807,0.764,0.742,0.326,-0.053,0.627,0.071,-0.024,0.127,0.764,0.232,0.54,0.788,0.076,0.614,-0.362,0.238,0.506,0.788,0.064,0.492,0.402,0.187,0.291,0.649,0.255,0.014,0.352,0.175,0.139,0.22,0.322,0.503,0.622,0.214,-0.249,0.475,0.219,0.349,0.456,0.614,0.466,0.606,-0.042,-0.457,0.528,0.253,0.504,-0.106,0.45,-0.241,0.401,-0.193,-0.38,0.419,0.026,-0.055,0.413,0.618,0.3,0.005,0.599,0.41,0.738,0.325,-0.732,0.37,0.624,0.368,0.422,0.571,0.73,-0.699,0.421,0.535,0.373,0.176,0.752,0.247,0.321,0.285,0.329,0.249,0.752,0.55,0.139,-0.405,0.576,0.45,-0.452,0.214,0.453,0.815,0.264,-0.294,0.123,-0.11,0.181,0.306,0.001,0.064,-0.209,0.458,0.459,0.498,-0.191,0.479,0.431,-0.691,0.474,0.122,0.048,0.054,0.348,0.468,0.417,-0.176,0.524,0.411,-0.401,0.533,0.47,0.463
ANSS,-0.107,0.508,0.255,0.11,0.909,0.307,-0.301,0.067,0.099,-0.065,-0.114,0.745,0.778,-0.197,-0.408,-0.178,0.715,0.0,-0.194,0.287,0.584,0.458,0.452,0.588,0.175,-0.182,0.381,0.003,0.039,0.437,-0.591,0.538,-0.028,0.64,-0.295,-0.129,-0.147,-0.137,0.826,0.432,-0.001,-0.101,0.115,0.562,0.029,0.372,-0.278,-0.0,-0.429,0.357,0.664,-0.195,0.1,0.671,-0.471,-0.104,0.029,0.815,0.382,0.664,0.191,0.1,0.086,0.175,0.243,0.44,0.289,0.233,0.093,-0.184,0.164,-0.352,-0.011,0.095,-0.103,-0.387,-0.015,0.626,0.565,0.256,-0.201,0.19,0.782,-0.063,-0.46,-0.085,0.783,0.239,0.568,0.58,-0.236,0.622,0.108,0.507,0.196,0.547,0.53,0.053,0.089,-0.107,-0.14,0.637,-0.094,0.5,0.687,0.234,0.028,-0.156,0.147,0.313,0.347,-0.064,0.188,0.047,0.063,-0.077,0.011,0.21,0.683,0.394,-0.391,0.108,0.545,-0.202,0.114,-0.331,0.021,0.291,0.184,-0.381,-0.798,0.044,-0.208,0.477,0.141,0.327,-0.134,-0.209,0.057,0.024,0.649,-0.076,-0.232,0.083,0.583,-0.087,0.0,0.356,0.438,-0.411,0.023,0.268,0.1,0.314,0.701,0.446,0.057,-0.19,-0.032,0.573,0.488,0.139,-0.33,0.14,0.738,0.295,-0.682,-0.043,0.045,0.814,0.002,-0.47,0.171,0.227,-0.008,0.25,-0.376,0.347,0.237,-0.003,0.096,0.556,-0.221,0.081,0.157,-0.213,0.077,-0.144,-0.119,-0.455,0.2,0.049,0.009,0.335,0.595,0.009,-0.036,0.349,0.166,0.765
APPN,0.568,0.468,0.594,-0.934,-0.21,0.546,0.669,0.626,-0.476,0.152,0.609,-0.254,-0.243,0.964,0.46,0.961,0.107,-0.194,0.0,0.334,-0.094,-0.762,-0.589,0.407,0.838,0.9,0.7,0.892,0.436,0.613,0.263,0.319,0.891,0.247,0.884,0.958,0.922,0.806,-0.013,0.403,0.827,0.93,0.84,0.092,0.725,-0.924,0.916,0.931,0.799,-0.896,0.251,0.959,-0.759,-0.541,0.165,0.967,-0.359,0.045,-0.272,-0.735,0.838,0.886,0.867,-0.125,0.639,-0.363,-0.48,-0.677,0.599,0.872,0.772,0.544,0.867,0.222,0.755,0.948,0.688,-0.077,-0.205,0.527,0.782,-0.552,-0.317,0.79,0.733,0.872,-0.102,0.478,0.032,0.37,0.685,0.377,-0.531,-0.016,0.849,0.526,-0.554,0.804,0.856,0.946,0.84,-0.481,0.966,-0.42,-0.775,-0.096,0.812,0.687,0.72,-0.21,0.767,0.837,0.119,0.836,0.825,0.9,0.857,0.801,-0.734,0.732,0.93,-0.387,0.393,0.915,0.855,0.886,0.762,-0.843,0.848,0.914,0.376,0.863,0.614,-0.683,0.59,0.707,0.939,0.586,0.599,0.831,0.339,0.831,-0.179,0.883,0.025,0.823,0.908,0.734,0.647,-0.304,0.863,0.652,0.459,0.017,-0.398,-0.014,0.267,0.821,0.944,-0.691,0.237,0.811,0.813,-0.494,-0.381,0.454,0.782,0.897,0.177,0.022,0.776,0.87,-0.25,0.365,0.03,0.313,0.921,0.267,-0.696,0.863,0.823,0.462,0.817,0.796,0.846,-0.215,0.839,0.814,0.816,0.855,0.196,0.845,0.855,-0.819,-0.236,0.892,0.17,-0.374,0.801,-0.604
APTO,0.361,0.514,0.435,-0.467,0.31,0.414,0.163,0.281,0.052,0.157,0.498,0.507,0.194,0.412,0.279,0.372,0.467,0.287,0.334,0.0,0.219,-0.059,0.094,0.619,0.517,0.304,0.544,0.497,0.456,0.647,0.01,0.634,0.371,0.306,0.268,0.393,0.396,0.395,0.527,0.33,0.463,0.297,0.419,0.436,0.318,-0.288,0.268,0.403,0.321,-0.295,0.46,0.404,-0.159,0.163,-0.021,0.429,-0.113,0.258,-0.063,0.173,0.533,0.476,0.53,-0.059,0.364,0.254,-0.308,-0.274,0.443,0.192,0.461,-0.109,0.459,0.406,0.336,0.225,0.437,0.218,0.4,0.465,0.321,-0.025,0.169,0.118,0.169,0.511,0.37,0.328,0.302,0.668,-0.043,0.342,-0.201,0.323,0.535,0.544,0.025,0.286,0.431,0.392,0.313,0.267,0.386,0.009,-0.081,0.264,0.38,0.218,0.402,0.243,0.534,0.36,0.176,0.473,0.48,0.445,0.413,0.518,0.032,0.477,0.285,-0.236,0.21,0.271,0.422,0.076,0.178,-0.257,0.517,0.2,-0.05,0.501,0.527,-0.182,0.406,0.47,0.424,0.5,0.438,0.469,0.238,0.462,-0.286,0.489,0.415,0.548,0.405,0.495,0.511,-0.634,0.379,0.314,0.242,0.114,0.427,0.351,0.217,0.232,0.469,0.054,0.642,0.409,0.197,-0.028,0.483,0.195,0.046,0.407,0.051,0.435,0.302,0.157,0.141,0.218,0.269,0.561,0.28,0.147,-0.334,0.476,0.429,0.392,0.25,0.52,0.495,-0.048,0.397,0.28,0.169,0.206,0.19,0.423,0.49,-0.194,0.277,0.419,0.073,0.112,0.435,0.203
ARCT,0.031,0.258,0.026,0.052,0.533,0.517,0.162,0.3,-0.155,-0.081,-0.066,0.536,0.646,-0.067,-0.293,-0.111,0.273,0.584,-0.094,0.219,0.0,0.438,0.567,0.419,0.037,-0.23,0.267,0.128,-0.208,0.271,-0.69,0.546,-0.126,0.655,-0.352,0.058,-0.077,-0.096,0.65,0.152,-0.011,-0.067,0.055,0.516,-0.167,0.262,-0.128,-0.003,-0.255,0.238,0.244,-0.144,-0.002,0.249,0.013,-0.069,0.35,0.589,0.626,0.444,0.097,0.043,0.089,0.506,0.378,0.434,0.225,0.417,0.038,0.048,-0.091,0.062,-0.1,0.261,0.199,-0.276,-0.261,0.208,0.157,0.019,-0.321,0.168,0.511,0.051,-0.403,0.018,0.578,0.435,0.12,0.344,-0.301,0.557,0.32,0.359,0.139,0.296,0.442,-0.035,0.09,-0.049,-0.19,0.295,-0.063,0.627,0.476,0.375,0.019,-0.299,0.351,0.009,0.283,0.051,0.426,0.016,0.356,-0.047,-0.084,0.046,0.433,0.34,-0.218,0.436,0.356,-0.259,0.051,-0.149,-0.078,0.354,0.146,-0.147,-0.562,0.039,-0.082,0.61,-0.037,0.225,-0.145,-0.079,-0.151,-0.061,0.466,-0.011,0.195,0.131,0.447,-0.098,-0.041,0.356,0.319,-0.148,0.074,0.177,-0.109,0.297,0.384,0.499,-0.041,-0.233,-0.048,0.356,0.304,0.054,-0.37,0.358,0.55,0.138,-0.361,0.106,-0.21,0.532,0.138,-0.145,0.093,0.53,-0.112,0.282,-0.24,0.331,0.24,-0.052,0.035,0.54,0.042,-0.018,0.218,0.246,-0.09,-0.02,-0.051,-0.367,-0.112,-0.018,-0.062,0.426,0.626,-0.015,0.334,-0.028,0.198,0.586
ARWR,-0.052,-0.224,-0.521,0.745,0.38,-0.169,-0.43,-0.308,0.434,0.058,-0.303,0.594,0.536,-0.718,-0.301,-0.828,0.017,0.458,-0.762,-0.059,0.438,0.0,0.911,-0.123,-0.565,-0.71,-0.505,-0.524,-0.446,-0.405,-0.375,0.147,-0.757,0.173,-0.849,-0.752,-0.696,-0.535,0.336,-0.391,-0.607,-0.793,-0.687,0.251,-0.731,0.885,-0.762,-0.748,-0.657,0.758,-0.107,-0.784,0.584,0.551,0.12,-0.763,0.594,0.146,0.39,0.817,-0.612,-0.688,-0.603,0.131,-0.449,0.79,0.242,0.734,-0.585,-0.753,-0.651,-0.365,-0.709,0.07,-0.384,-0.893,-0.653,0.155,0.356,-0.538,-0.845,0.491,0.635,-0.624,-0.852,-0.493,0.296,-0.339,0.14,-0.083,-0.643,-0.189,0.481,0.391,-0.556,-0.317,0.706,-0.78,-0.701,-0.774,-0.603,0.408,-0.795,0.573,0.792,-0.038,-0.586,-0.679,-0.455,0.33,-0.445,-0.797,0.172,-0.65,-0.407,-0.754,-0.801,-0.647,0.81,-0.478,-0.824,0.473,-0.113,-0.824,-0.684,-0.723,-0.716,0.878,-0.548,-0.716,-0.57,-0.624,-0.358,0.728,-0.555,-0.362,-0.805,-0.458,-0.55,-0.726,-0.153,-0.773,0.231,-0.686,0.383,-0.61,-0.75,-0.498,-0.45,0.079,-0.768,-0.599,-0.383,0.467,0.504,0.448,0.051,-0.904,-0.754,0.815,0.08,-0.696,-0.917,0.715,0.522,-0.187,-0.749,-0.745,-0.37,0.24,-0.671,-0.66,0.563,-0.033,0.256,0.232,-0.831,-0.056,0.813,-0.653,-0.539,-0.218,-0.536,-0.601,-0.607,0.388,-0.669,-0.722,-0.69,-0.905,-0.457,-0.786,-0.642,0.874,0.437,-0.746,0.022,0.372,-0.616,0.828
ASND,0.12,-0.217,-0.469,0.555,0.342,0.066,-0.143,-0.007,0.214,-0.055,-0.295,0.598,0.665,-0.507,-0.326,-0.627,-0.024,0.452,-0.589,0.094,0.567,0.911,0.0,-0.052,-0.447,-0.618,-0.407,-0.342,-0.542,-0.277,-0.382,0.33,-0.649,0.386,-0.8,-0.54,-0.537,-0.456,0.437,-0.43,-0.529,-0.683,-0.589,0.291,-0.738,0.734,-0.642,-0.589,-0.526,0.573,-0.154,-0.625,0.431,0.422,0.303,-0.581,0.723,0.239,0.552,0.726,-0.476,-0.563,-0.395,0.347,-0.263,0.872,0.2,0.764,-0.557,-0.504,-0.582,-0.126,-0.617,0.242,-0.184,-0.759,-0.67,0.011,0.22,-0.525,-0.812,0.337,0.595,-0.489,-0.764,-0.325,0.298,-0.059,0.07,-0.032,-0.707,-0.029,0.596,0.56,-0.41,-0.181,0.65,-0.714,-0.551,-0.559,-0.479,0.276,-0.616,0.65,0.646,0.167,-0.368,-0.657,-0.174,0.139,-0.299,-0.599,0.453,-0.497,-0.196,-0.63,-0.7,-0.523,0.662,-0.33,-0.695,0.588,0.038,-0.736,-0.577,-0.577,-0.701,0.839,-0.33,-0.568,-0.622,-0.506,-0.165,0.769,-0.4,-0.276,-0.659,-0.381,-0.575,-0.628,-0.131,-0.597,0.381,-0.47,0.461,-0.492,-0.636,-0.313,-0.327,0.037,-0.631,-0.555,-0.466,0.383,0.432,0.61,0.066,-0.819,-0.577,0.684,0.072,-0.612,-0.871,0.809,0.519,-0.234,-0.584,-0.52,-0.544,0.266,-0.417,-0.483,0.417,0.243,0.206,0.319,-0.705,0.122,0.731,-0.569,-0.458,0.004,-0.332,-0.506,-0.414,0.56,-0.592,-0.514,-0.6,-0.822,-0.477,-0.673,-0.549,0.843,0.334,-0.639,0.191,0.123,-0.445,0.784
ASTH,0.189,0.85,0.766,-0.505,0.617,0.556,0.008,0.234,0.039,0.177,0.437,0.595,0.289,0.431,0.144,0.458,0.791,0.588,0.407,0.619,0.419,-0.123,-0.052,0.0,0.682,0.415,0.811,0.603,0.599,0.876,-0.238,0.769,0.603,0.507,0.382,0.48,0.526,0.513,0.741,0.775,0.635,0.531,0.704,0.598,0.63,-0.271,0.383,0.615,0.27,-0.209,0.816,0.487,-0.202,0.374,-0.387,0.533,-0.387,0.549,-0.015,0.185,0.76,0.702,0.635,-0.108,0.636,0.1,-0.16,-0.38,0.568,0.266,0.722,-0.2,0.647,0.148,0.34,0.266,0.605,0.6,0.58,0.754,0.441,-0.059,0.366,0.293,0.18,0.486,0.578,0.442,0.556,0.846,0.192,0.694,-0.385,0.347,0.769,0.806,0.082,0.618,0.665,0.466,0.399,0.381,0.52,0.094,0.111,0.187,0.472,0.329,0.509,0.33,0.779,0.506,0.026,0.619,0.585,0.613,0.624,0.748,0.196,0.779,0.316,-0.369,0.492,0.436,0.705,0.187,0.563,-0.39,0.697,0.194,-0.185,0.697,0.352,-0.176,0.529,0.807,0.547,0.411,0.613,0.679,0.695,0.544,-0.507,0.639,0.476,0.56,0.617,0.789,0.847,-0.677,0.597,0.672,0.494,0.215,0.539,0.32,0.242,0.429,0.601,0.018,0.805,0.706,0.33,-0.278,0.555,0.592,-0.143,0.536,0.426,0.818,0.466,0.125,0.032,0.2,0.143,0.461,0.313,0.247,-0.436,0.639,0.649,0.643,0.268,0.711,0.701,-0.438,0.666,0.404,0.25,0.234,0.361,0.653,0.658,-0.301,0.479,0.614,-0.041,0.284,0.692,0.324
ATSG,0.441,0.718,0.766,-0.828,0.194,0.597,0.397,0.523,-0.26,0.14,0.595,0.069,0.004,0.811,0.397,0.832,0.503,0.175,0.838,0.517,0.037,-0.565,-0.447,0.682,0.0,0.766,0.877,0.817,0.652,0.837,0.091,0.589,0.887,0.342,0.772,0.83,0.778,0.756,0.31,0.604,0.81,0.839,0.836,0.355,0.764,-0.71,0.73,0.884,0.629,-0.713,0.59,0.854,-0.649,-0.123,-0.123,0.869,-0.455,0.299,-0.239,-0.378,0.918,0.903,0.894,-0.214,0.672,-0.204,-0.354,-0.629,0.614,0.667,0.844,0.228,0.898,0.302,0.664,0.746,0.826,0.297,0.164,0.722,0.787,-0.405,0.004,0.636,0.558,0.79,0.247,0.488,0.258,0.622,0.621,0.531,-0.541,0.139,0.917,0.759,-0.363,0.824,0.872,0.838,0.795,-0.058,0.873,-0.268,-0.436,-0.007,0.731,0.696,0.725,0.045,0.862,0.775,0.019,0.805,0.75,0.852,0.877,0.911,-0.379,0.853,0.73,-0.439,0.508,0.812,0.868,0.588,0.792,-0.736,0.833,0.641,0.164,0.862,0.579,-0.547,0.731,0.823,0.872,0.529,0.706,0.854,0.518,0.777,-0.406,0.857,0.269,0.795,0.883,0.809,0.8,-0.528,0.831,0.732,0.486,0.08,0.053,0.035,0.366,0.731,0.899,-0.396,0.525,0.861,0.69,-0.49,0.012,0.543,0.405,0.818,0.289,0.39,0.727,0.587,-0.106,0.264,0.109,0.377,0.746,0.317,-0.612,0.875,0.861,0.571,0.637,0.871,0.879,-0.437,0.866,0.735,0.664,0.69,0.315,0.866,0.882,-0.703,-0.018,0.852,0.09,-0.08,0.829,-0.271
AVTX,0.584,0.555,0.658,-0.897,-0.154,0.309,0.399,0.373,-0.201,0.366,0.664,-0.23,-0.372,0.875,0.536,0.871,0.206,-0.182,0.9,0.304,-0.23,-0.71,-0.618,0.415,0.766,0.0,0.632,0.877,0.511,0.56,0.292,0.275,0.875,0.128,0.903,0.818,0.914,0.879,-0.071,0.494,0.867,0.909,0.848,0.117,0.785,-0.882,0.916,0.876,0.75,-0.83,0.362,0.897,-0.618,-0.381,0.039,0.904,-0.534,-0.04,-0.473,-0.678,0.82,0.869,0.733,-0.386,0.473,-0.384,-0.643,-0.808,0.579,0.675,0.835,0.317,0.869,0.036,0.564,0.872,0.753,0.071,0.014,0.595,0.782,-0.435,-0.202,0.714,0.691,0.803,-0.077,0.213,0.181,0.445,0.686,0.274,-0.726,-0.038,0.827,0.465,-0.55,0.785,0.757,0.846,0.866,-0.393,0.886,-0.557,-0.748,-0.296,0.689,0.661,0.536,0.044,0.739,0.665,-0.096,0.854,0.73,0.864,0.806,0.772,-0.604,0.657,0.866,-0.624,0.362,0.936,0.86,0.857,0.778,-0.888,0.786,0.79,0.392,0.866,0.558,-0.782,0.441,0.73,0.908,0.514,0.74,0.789,0.338,0.75,-0.424,0.781,0.112,0.86,0.894,0.643,0.603,-0.433,0.796,0.577,0.619,0.144,-0.302,0.022,0.348,0.785,0.879,-0.604,0.369,0.797,0.805,-0.612,-0.388,0.575,0.681,0.72,0.357,0.035,0.591,0.755,-0.11,0.113,0.238,0.397,0.864,0.079,-0.725,0.891,0.863,0.293,0.627,0.811,0.739,-0.395,0.855,0.615,0.736,0.812,0.119,0.779,0.861,-0.849,-0.191,0.885,-0.098,-0.105,0.72,-0.551
BCPC,0.182,0.848,0.825,-0.751,0.449,0.61,0.257,0.421,-0.266,0.096,0.466,0.194,0.118,0.663,0.182,0.734,0.681,0.381,0.7,0.544,0.267,-0.505,-0.407,0.811,0.877,0.632,0.0,0.725,0.649,0.932,-0.207,0.586,0.821,0.453,0.655,0.764,0.683,0.624,0.505,0.81,0.775,0.796,0.893,0.48,0.797,-0.6,0.643,0.842,0.428,-0.515,0.76,0.732,-0.58,0.047,-0.382,0.775,-0.541,0.52,-0.077,-0.188,0.924,0.899,0.829,-0.061,0.799,-0.256,-0.153,-0.583,0.719,0.602,0.837,0.05,0.839,0.176,0.505,0.613,0.768,0.476,0.273,0.844,0.725,-0.306,0.125,0.61,0.449,0.63,0.506,0.586,0.325,0.747,0.508,0.733,-0.487,0.067,0.894,0.86,-0.247,0.876,0.894,0.741,0.63,0.189,0.79,-0.135,-0.207,0.207,0.627,0.579,0.727,0.077,0.914,0.797,-0.024,0.801,0.718,0.822,0.879,0.92,-0.181,0.938,0.59,-0.419,0.571,0.711,0.896,0.461,0.799,-0.667,0.797,0.488,-0.002,0.825,0.356,-0.362,0.694,0.833,0.78,0.449,0.719,0.833,0.757,0.792,-0.492,0.861,0.31,0.705,0.863,0.908,0.936,-0.579,0.876,0.883,0.508,0.052,0.239,0.083,0.199,0.731,0.819,-0.288,0.597,0.924,0.629,-0.547,0.23,0.548,0.194,0.795,0.419,0.572,0.717,0.388,-0.191,0.27,-0.053,0.276,0.609,0.329,-0.606,0.824,0.819,0.718,0.459,0.835,0.895,-0.531,0.824,0.668,0.606,0.58,0.478,0.903,0.822,-0.59,0.271,0.856,0.034,0.003,0.88,-0.076
BEAM,0.664,0.649,0.675,-0.902,-0.016,0.555,0.53,0.529,-0.213,0.387,0.731,0.057,-0.116,0.902,0.502,0.867,0.271,0.003,0.892,0.497,0.128,-0.524,-0.342,0.603,0.817,0.877,0.725,0.0,0.455,0.685,0.146,0.565,0.856,0.37,0.783,0.867,0.914,0.87,0.208,0.492,0.889,0.867,0.846,0.307,0.698,-0.802,0.871,0.898,0.734,-0.8,0.406,0.884,-0.579,-0.29,0.146,0.91,-0.337,0.106,-0.22,-0.513,0.887,0.888,0.827,-0.195,0.598,-0.124,-0.593,-0.642,0.619,0.703,0.795,0.371,0.863,0.233,0.751,0.799,0.656,0.109,0.097,0.592,0.662,-0.398,-0.073,0.666,0.607,0.881,0.084,0.426,0.269,0.574,0.496,0.46,-0.553,0.173,0.9,0.603,-0.335,0.745,0.801,0.85,0.818,-0.316,0.888,-0.318,-0.591,-0.089,0.738,0.579,0.707,0.069,0.834,0.712,0.164,0.891,0.901,0.878,0.784,0.789,-0.477,0.765,0.828,-0.447,0.435,0.837,0.868,0.802,0.693,-0.745,0.88,0.786,0.229,0.939,0.68,-0.582,0.482,0.835,0.887,0.625,0.676,0.803,0.397,0.758,-0.303,0.852,0.297,0.877,0.875,0.782,0.703,-0.494,0.813,0.607,0.574,0.26,-0.152,0.229,0.375,0.683,0.894,-0.45,0.541,0.793,0.674,-0.389,-0.152,0.64,0.587,0.807,0.228,0.247,0.66,0.759,-0.049,0.353,0.276,0.595,0.8,0.226,-0.637,0.892,0.878,0.485,0.703,0.842,0.846,-0.195,0.847,0.665,0.656,0.69,0.089,0.766,0.876,-0.685,0.014,0.861,0.088,-0.125,0.816,-0.308
BILI,0.109,0.672,0.638,-0.495,0.168,0.216,-0.122,-0.136,0.218,0.344,0.593,0.124,-0.382,0.44,0.567,0.455,0.507,0.039,0.436,0.456,-0.208,-0.446,-0.542,0.599,0.652,0.511,0.649,0.455,0.0,0.655,0.195,0.333,0.647,-0.214,0.681,0.435,0.479,0.608,0.12,0.666,0.68,0.58,0.613,0.212,0.767,-0.451,0.451,0.552,0.498,-0.33,0.631,0.549,-0.14,0.111,-0.389,0.527,-0.711,-0.013,-0.588,-0.161,0.654,0.654,0.544,-0.555,0.269,-0.296,-0.354,-0.714,0.634,0.148,0.677,-0.354,0.736,0.046,0.161,0.475,0.899,0.465,0.455,0.779,0.764,0.017,-0.116,0.273,0.484,0.497,0.212,-0.037,0.364,0.584,0.551,0.141,-0.718,-0.194,0.616,0.43,-0.212,0.635,0.584,0.41,0.44,0.321,0.49,-0.397,-0.214,-0.144,0.269,0.524,0.181,0.404,0.54,0.483,-0.491,0.527,0.331,0.647,0.68,0.656,-0.106,0.491,0.519,-0.705,0.003,0.593,0.621,0.19,0.653,-0.662,0.421,0.323,0.491,0.663,0.363,-0.611,0.432,0.562,0.614,0.583,0.78,0.693,0.288,0.555,-0.686,0.502,0.007,0.619,0.624,0.439,0.552,-0.577,0.559,0.609,0.581,0.031,0.277,-0.253,0.139,0.565,0.57,-0.192,0.616,0.665,0.624,-0.621,0.183,0.483,0.149,0.414,0.692,0.307,0.229,0.245,0.034,-0.344,0.239,0.207,0.56,-0.148,-0.673,0.697,0.623,0.079,0.219,0.766,0.55,-0.641,0.657,0.324,0.385,0.579,0.44,0.667,0.707,-0.633,0.229,0.645,-0.213,0.385,0.516,-0.191
BJRI,0.211,0.829,0.826,-0.72,0.501,0.601,0.181,0.405,-0.161,0.043,0.435,0.345,0.185,0.625,0.197,0.683,0.729,0.437,0.613,0.647,0.271,-0.405,-0.277,0.876,0.837,0.56,0.932,0.685,0.655,0.0,-0.131,0.71,0.771,0.438,0.574,0.692,0.673,0.618,0.616,0.778,0.738,0.706,0.83,0.532,0.725,-0.515,0.54,0.789,0.418,-0.457,0.795,0.689,-0.45,0.153,-0.372,0.718,-0.49,0.546,-0.092,-0.039,0.893,0.847,0.803,-0.03,0.727,-0.091,-0.199,-0.531,0.678,0.522,0.832,-0.018,0.801,0.279,0.432,0.516,0.739,0.448,0.377,0.843,0.671,-0.254,0.189,0.44,0.409,0.628,0.564,0.574,0.395,0.828,0.331,0.708,-0.426,0.267,0.882,0.883,-0.162,0.771,0.827,0.697,0.567,0.286,0.727,-0.083,-0.14,0.272,0.631,0.482,0.674,0.163,0.887,0.732,0.059,0.762,0.651,0.788,0.814,0.913,-0.076,0.893,0.516,-0.422,0.525,0.626,0.839,0.335,0.706,-0.583,0.791,0.366,-0.046,0.789,0.434,-0.301,0.736,0.83,0.744,0.433,0.715,0.806,0.674,0.745,-0.502,0.836,0.377,0.71,0.79,0.89,0.932,-0.703,0.782,0.771,0.475,0.006,0.387,0.149,0.243,0.647,0.796,-0.177,0.658,0.848,0.551,-0.442,0.38,0.493,0.096,0.723,0.376,0.674,0.66,0.297,-0.105,0.226,0.035,0.35,0.537,0.281,-0.602,0.774,0.774,0.705,0.416,0.831,0.862,-0.491,0.776,0.604,0.472,0.472,0.484,0.84,0.808,-0.526,0.278,0.781,0.03,0.084,0.818,0.046
BLUE,0.221,-0.308,-0.016,-0.156,-0.671,-0.141,0.201,0.038,0.083,0.118,0.287,-0.237,-0.521,0.328,0.537,0.282,-0.407,-0.591,0.263,0.01,-0.69,-0.375,-0.382,-0.238,0.091,0.292,-0.207,0.146,0.195,-0.131,0.0,-0.194,0.252,-0.508,0.397,0.153,0.278,0.308,-0.495,-0.281,0.108,0.147,-0.018,-0.408,0.122,-0.316,0.176,0.162,0.539,-0.372,-0.338,0.339,0.073,-0.429,0.368,0.241,-0.051,-0.554,-0.483,-0.487,0.015,0.05,0.128,-0.269,-0.29,-0.128,-0.285,-0.264,0.061,0.159,0.13,0.259,0.214,0.08,0.158,0.384,0.221,-0.429,-0.257,-0.084,0.294,-0.08,-0.65,-0.118,0.578,0.3,-0.71,-0.156,-0.08,-0.218,0.219,-0.467,-0.132,0.047,0.044,-0.211,-0.232,-0.004,0.035,0.244,0.194,-0.472,0.215,-0.333,-0.536,-0.217,0.3,0.406,-0.187,-0.065,-0.211,0.128,0.021,0.037,-0.103,0.209,0.126,0.036,-0.516,-0.235,0.415,-0.219,-0.362,0.288,0.015,0.248,0.035,-0.322,0.096,0.37,0.553,0.17,0.535,-0.589,0.153,-0.056,0.285,0.426,0.065,0.236,-0.609,0.128,0.103,0.052,-0.506,0.235,0.088,-0.199,-0.255,0.16,-0.036,-0.163,0.113,-0.251,-0.428,-0.317,0.033,0.249,0.233,-0.411,-0.185,-0.05,0.415,-0.006,-0.398,-0.098,0.517,0.097,0.068,-0.443,0.041,0.429,-0.017,-0.212,0.163,-0.051,0.394,-0.155,-0.308,0.112,0.058,-0.381,0.347,0.195,-0.012,0.099,0.162,0.246,0.082,0.35,0.134,0.066,0.218,-0.366,-0.613,0.044,0.086,-0.114,-0.031,-0.572
