,AAL,AAON,ACB,ACGL,ACGLO,ACIW,ADBE,ADSK,AEP,AGIO,ALEC,ALNY,ALTR,AMBA,AMCX,AMKR,AMRX,ANSS,APPN,APTO,ARCT,ARWR,ASND,ASTH,ATSG,AVTX,BCPC,BEAM,BILI,BJRI,BLUE,BPOP,BRKL,BWIN,BZUN,CARG,CBRL,CBSH,CBUS,CENTA,CERS,CFFN,CHCO,CHEF,CHRD,CINF,CLLS,CMCO,CMCSA,COLL,COMM,COOP,CPB,CRON,CROX,CRUS,CRWD,CTAS,CYBR,CYTK,DGII,DIOD,DOMO,DPZ,DSGR,DXCM,ERIE,ESTA,EXEL,FAST,FCEL,FCFS,FHB,FITBI,FSV,FTDR,FUTU,GLDD,GLPG,GLPI,GOGO,GOSS,GSAT,GYRE,HALO,HAS,HLIT,HLNE,HSDT,HSIC,HTHT,ICHR,IDYA,IMVT,INDB,INSM,IONS,IOSP,ITRI,JBHT,JBLU,JSM,KLIC,KOD,KURA,LAB,LASR,LIN,LKQ,LNT,MBUU,MCRI,MDGL,MEDP,MGNI,MGPI,MGRC,MKTX,MRNA,MRTN,MSEX,MSFT,MU,NAVI,NBTB,NEO,NEOG,NGNE,NSSC,NTAP,NTES,NTLA,NTRS,NYMTN,OBLG,OCFC,ON,ONC,OPI,OSIS,OSW,PALI,PANW,PCAR,PCRX,PCTY,PEBO,PLAB,PLAY,PLMR,PLSE,PLUS,PRTA,PSEC,PSNL,PTCT,PTON,QNST,QRVO,QTTB,RARE,RBCAA,RGNX,SAIC,SGMO,SINT,SNPS,SPSC,SPTN,SSYS,STNE,TBBK,TCPC,TENB,TGTX,TREE,TRUP,TTWO,TW,TXG,UBSI,UCTT,UFPT,UMBF,UPBD,URBN,VBTX,VCTR,VEON,VNET,VRSK,VSEC,WABC,WTFCM,WVE,WW,WWD,XEL,ZD,ZYME
AAL,0.0,0.334,-0.392,0.21,0.588,0.006,-0.522,0.404,0.651,0.051,0.295,-0.134,0.306,-0.613,-0.655,-0.431,0.096,0.028,0.331,-0.141,0.014,-0.704,0.134,0.544,-0.499,-0.027,0.126,-0.305,0.552,0.152,-0.767,-0.125,0.078,0.482,0.638,0.294,0.172,-0.371,-0.834,-0.598,-0.773,-0.197,0.079,-0.513,-0.702,0.43,-0.393,-0.32,0.184,0.089,0.598,-0.063,0.381,0.095,-0.249,-0.733,0.116,0.391,-0.403,-0.336,-0.58,-0.774,-0.678,0.355,0.061,-0.29,0.641,-0.506,0.394,0.497,0.478,0.113,-0.345,0.677,0.284,0.365,0.29,0.098,0.012,0.493,-0.557,0.47,-0.506,0.271,-0.599,0.503,-0.408,0.504,0.302,0.143,0.191,-0.725,-0.674,-0.347,-0.346,-0.632,-0.63,-0.194,0.273,-0.283,0.785,0.729,-0.258,0.042,-0.066,-0.342,-0.745,-0.103,-0.51,0.762,0.665,0.526,-0.609,-0.377,-0.506,-0.665,-0.534,0.841,-0.504,0.136,0.511,0.482,-0.471,-0.241,-0.622,-0.25,-0.021,0.472,-0.566,-0.435,-0.048,-0.206,0.411,0.56,0.217,0.311,-0.536,0.233,-0.296,-0.19,0.458,0.363,-0.656,0.47,-0.316,-0.035,-0.342,-0.293,0.316,-0.303,0.085,0.19,-0.028,0.752,-0.071,0.016,0.114,0.521,-0.777,0.746,0.145,0.271,0.159,0.704,0.391,0.211,-0.218,-0.287,0.186,0.139,-0.639,0.191,-0.367,-0.472,0.363,0.01,-0.421,-0.609,0.204,-0.181,-0.226,-0.599,0.08,0.38,-0.695,0.162,0.399,0.262,0.701,0.674,-0.426,-0.421,-0.302,0.846,0.273,-0.256,0.198,0.804,0.564,0.601
AAON,0.334,0.0,0.061,0.423,0.762,0.71,-0.756,0.841,-0.106,0.751,0.391,0.647,0.897,0.139,-0.416,0.448,0.286,0.796,0.77,0.497,0.782,-0.58,0.791,0.832,0.102,0.63,0.686,0.369,0.696,0.817,-0.634,0.555,0.642,0.736,0.84,0.839,0.79,-0.138,-0.534,-0.215,-0.692,0.441,0.357,-0.093,-0.039,0.04,-0.226,0.472,0.765,0.496,0.851,0.282,-0.315,-0.18,0.562,-0.669,0.906,0.583,0.562,-0.427,-0.185,-0.31,-0.563,0.634,0.841,0.064,0.805,-0.25,0.47,0.849,0.055,-0.074,0.046,0.386,0.776,0.465,0.842,0.941,0.401,-0.072,-0.825,0.703,-0.47,0.57,-0.421,0.888,0.413,0.922,-0.389,0.609,0.448,-0.191,-0.702,-0.666,0.003,0.005,-0.557,0.567,0.935,0.236,0.485,0.61,0.619,0.512,0.432,-0.069,-0.21,0.691,-0.075,0.552,0.687,0.762,-0.588,0.328,-0.151,-0.37,0.026,0.317,-0.72,0.669,0.581,0.786,0.458,0.054,-0.348,0.127,0.705,0.722,0.321,0.488,0.687,0.412,0.823,0.799,0.178,0.785,0.09,0.653,-0.039,0.657,0.932,0.169,-0.225,0.907,0.136,0.752,-0.021,0.433,0.731,0.167,0.107,0.854,0.557,0.519,-0.227,0.863,0.686,0.666,-0.41,0.179,0.586,0.701,0.095,0.508,0.758,-0.006,0.667,0.553,-0.023,0.76,-0.236,0.681,-0.926,0.255,0.443,0.722,-0.268,-0.595,0.871,0.129,0.327,0.267,0.607,0.787,-0.24,0.657,0.85,0.857,0.756,0.757,-0.858,-0.055,0.151,0.528,0.615,0.508,0.84,0.472,0.616,0.783
ACB,-0.392,0.061,0.0,0.337,-0.108,0.412,-0.048,0.256,-0.382,0.403,0.13,0.525,0.271,0.743,0.596,0.705,0.585,0.402,0.311,0.512,0.478,0.381,0.447,0.006,0.744,0.25,0.461,0.775,-0.459,0.362,0.272,0.582,0.452,0.137,-0.136,0.287,0.378,0.642,0.563,0.601,0.47,0.65,0.495,0.601,0.69,0.061,0.565,0.486,0.011,0.292,-0.174,0.58,-0.203,0.628,0.538,0.296,0.239,-0.011,0.472,0.622,0.546,0.618,0.515,-0.016,0.457,0.529,-0.105,0.755,0.283,0.07,0.084,0.236,0.643,-0.401,-0.051,0.309,-0.093,0.17,0.565,-0.13,-0.004,-0.36,0.158,0.311,0.697,0.103,0.349,0.001,-0.146,0.396,-0.18,0.756,0.463,-0.04,0.77,0.724,0.292,0.684,0.238,0.373,-0.401,-0.435,0.642,0.537,0.585,0.71,0.69,0.437,0.698,-0.235,-0.064,0.046,0.398,0.615,0.513,0.475,0.248,-0.512,0.385,0.449,0.216,0.128,0.441,0.577,0.538,0.434,0.555,0.031,0.748,0.508,0.022,0.749,0.166,-0.308,0.01,0.347,0.81,-0.125,0.724,0.607,0.114,0.228,0.525,0.132,0.482,0.43,0.743,0.655,0.041,0.725,0.588,0.381,0.612,-0.359,0.249,0.419,0.044,0.122,0.429,-0.407,0.336,0.395,0.384,-0.398,0.025,0.172,0.64,0.709,-0.016,0.304,0.768,0.441,0.05,0.74,0.444,0.57,0.677,0.479,0.298,0.277,0.653,0.597,0.317,0.257,0.598,0.375,0.232,0.369,-0.243,-0.466,0.07,0.764,0.698,-0.483,-0.093,0.464,0.141,-0.407,0.221,-0.156
ACGL,0.21,0.423,0.337,0.0,0.27,0.671,-0.502,0.535,0.184,0.339,-0.135,0.174,0.473,0.183,0.085,0.146,0.419,0.217,0.519,0.475,0.287,-0.134,0.561,0.388,0.347,0.066,0.633,0.311,0.202,0.506,-0.416,0.535,0.539,0.477,0.334,0.5,0.609,0.334,-0.149,0.197,-0.216,0.449,0.554,0.459,0.166,0.722,-0.232,0.409,0.334,0.525,0.255,0.584,0.288,0.27,0.567,-0.381,0.539,0.158,0.417,0.063,0.214,-0.118,-0.128,0.216,0.524,0.213,0.426,-0.032,0.32,0.277,0.043,0.354,0.445,0.07,0.401,0.365,0.381,0.354,0.276,0.157,-0.358,0.269,-0.136,0.122,0.038,0.558,0.187,0.465,-0.132,0.595,0.231,-0.017,-0.192,-0.261,0.407,-0.006,-0.144,0.535,0.462,0.101,0.093,0.073,0.368,0.399,0.366,-0.153,0.015,0.703,0.352,0.532,0.423,0.52,-0.287,0.199,0.086,0.066,-0.053,0.038,-0.319,0.536,0.53,0.323,0.183,0.399,0.144,-0.033,0.513,0.168,0.31,0.183,0.246,0.446,0.645,0.284,-0.006,0.5,0.115,-0.103,0.033,0.408,0.502,0.196,0.029,0.523,0.463,0.47,0.334,0.437,0.199,0.61,0.218,0.505,0.577,0.255,-0.397,0.482,0.479,0.337,-0.24,-0.095,0.287,0.394,0.002,0.171,0.255,-0.047,0.317,0.393,0.647,0.389,0.067,0.68,-0.404,0.296,0.264,0.473,0.101,-0.173,0.646,0.125,0.521,0.103,0.519,0.546,0.202,0.655,0.599,0.606,0.201,0.293,-0.216,0.183,0.485,0.193,0.165,0.229,0.115,0.282,0.413,0.266
ACGLO,0.588,0.762,-0.108,0.27,0.0,0.341,-0.891,0.779,0.35,0.586,0.63,0.586,0.721,-0.253,-0.538,0.125,0.441,0.579,0.77,0.164,0.566,-0.803,0.61,0.942,-0.225,0.631,0.452,0.222,0.557,0.703,-0.613,0.222,0.459,0.819,0.918,0.748,0.631,-0.258,-0.725,-0.437,-0.78,0.224,0.346,-0.384,-0.426,0.03,-0.197,-0.04,0.477,0.294,0.942,0.289,0.003,-0.101,0.122,-0.859,0.555,0.701,0.059,-0.325,-0.592,-0.638,-0.598,0.418,0.595,-0.012,0.836,-0.233,0.729,0.864,0.568,-0.065,-0.171,0.779,0.662,0.591,0.465,0.643,0.583,0.232,-0.932,0.63,-0.71,0.654,-0.381,0.872,-0.091,0.787,-0.118,0.473,0.067,-0.419,-0.707,-0.684,-0.129,-0.203,-0.783,0.214,0.79,-0.109,0.772,0.878,0.213,0.61,0.338,-0.052,-0.528,0.319,-0.247,0.772,0.834,0.618,-0.588,0.216,-0.183,-0.569,-0.43,0.687,-0.716,0.533,0.812,0.893,-0.038,-0.124,-0.657,0.183,0.44,0.86,-0.084,0.161,0.262,0.285,0.651,0.727,0.442,0.703,-0.224,0.648,0.096,0.332,0.832,0.549,-0.593,0.772,-0.239,0.394,-0.117,0.003,0.719,-0.134,0.36,0.622,0.393,0.75,0.077,0.562,0.442,0.736,-0.752,0.532,0.742,0.743,0.378,0.741,0.648,0.112,0.375,0.236,-0.122,0.729,-0.362,0.473,-0.802,-0.067,0.627,0.569,-0.126,-0.751,0.654,-0.164,0.097,-0.154,0.346,0.774,-0.564,0.515,0.708,0.653,0.89,0.678,-0.877,-0.165,-0.026,0.783,0.421,0.403,0.642,0.797,0.766,0.896
ACIW,0.006,0.71,0.412,0.671,0.341,0.0,-0.521,0.632,-0.345,0.641,-0.017,0.538,0.804,0.569,0.221,0.636,0.497,0.601,0.648,0.76,0.571,0.012,0.827,0.508,0.658,0.387,0.91,0.624,0.269,0.798,-0.425,0.891,0.863,0.595,0.435,0.814,0.814,0.464,-0.123,0.409,-0.254,0.81,0.676,0.53,0.498,0.24,0.022,0.795,0.679,0.831,0.341,0.627,-0.163,0.127,0.876,-0.245,0.871,0.089,0.772,0.021,0.437,0.167,-0.129,0.361,0.865,0.39,0.425,0.112,0.193,0.401,-0.118,0.412,0.624,-0.107,0.524,0.451,0.647,0.724,0.328,-0.286,-0.405,0.432,-0.039,0.286,0.07,0.688,0.614,0.665,-0.384,0.856,0.377,0.213,-0.198,-0.202,0.566,0.327,0.025,0.864,0.762,0.415,-0.074,0.062,0.806,0.506,0.583,0.149,0.306,0.774,0.512,0.233,0.434,0.693,-0.073,0.626,0.201,0.266,0.102,-0.086,-0.394,0.79,0.44,0.434,0.607,0.636,0.319,0.335,0.902,0.267,0.593,0.609,0.544,0.724,0.832,0.353,-0.055,0.771,0.484,0.11,0.154,0.841,0.752,0.126,0.101,0.691,0.694,0.769,0.497,0.708,0.395,0.673,0.175,0.876,0.703,0.111,-0.276,0.845,0.728,0.525,0.017,-0.244,0.449,0.635,-0.005,0.061,0.381,-0.142,0.756,0.823,0.337,0.563,0.212,0.888,-0.581,0.685,0.271,0.802,0.076,-0.063,0.794,0.502,0.789,0.491,0.882,0.713,0.368,0.805,0.823,0.855,0.284,0.33,-0.471,0.433,0.659,0.027,0.192,0.543,0.508,0.036,0.506,0.385
ADBE,-0.522,-0.756,-0.048,-0.502,-0.891,-0.521,0.0,-0.778,-0.309,-0.655,-0.492,-0.558,-0.776,0.09,0.353,-0.186,-0.563,-0.53,-0.818,-0.317,-0.554,0.69,-0.734,-0.933,0.04,-0.554,-0.642,-0.345,-0.468,-0.803,0.635,-0.392,-0.599,-0.891,-0.863,-0.818,-0.767,0.062,0.656,0.228,0.712,-0.399,-0.524,0.129,0.273,-0.214,0.215,-0.133,-0.537,-0.463,-0.841,-0.509,-0.149,-0.052,-0.296,0.851,-0.607,-0.577,-0.165,0.216,0.416,0.549,0.569,-0.393,-0.716,-0.098,-0.856,0.109,-0.689,-0.793,-0.544,-0.119,-0.026,-0.632,-0.658,-0.689,-0.475,-0.624,-0.612,-0.19,0.911,-0.589,0.62,-0.598,0.24,-0.901,0.087,-0.814,0.165,-0.649,-0.07,0.327,0.629,0.57,-0.09,0.134,0.674,-0.389,-0.802,0.046,-0.64,-0.708,-0.316,-0.7,-0.431,-0.014,0.413,-0.438,0.019,-0.785,-0.87,-0.686,0.506,-0.29,0.038,0.366,0.405,-0.559,0.687,-0.658,-0.872,-0.847,-0.03,-0.12,0.451,-0.212,-0.573,-0.78,-0.067,-0.256,-0.269,-0.44,-0.748,-0.635,-0.356,-0.785,0.109,-0.488,-0.151,-0.45,-0.868,-0.564,0.541,-0.799,0.026,-0.467,-0.085,-0.16,-0.681,-0.118,-0.445,-0.717,-0.534,-0.701,0.073,-0.645,-0.533,-0.763,0.703,-0.39,-0.745,-0.799,-0.349,-0.652,-0.555,-0.123,-0.438,-0.362,-0.135,-0.776,0.217,-0.656,0.798,-0.057,-0.649,-0.665,-0.003,0.652,-0.736,0.1,-0.3,0.072,-0.498,-0.844,0.359,-0.688,-0.805,-0.752,-0.785,-0.599,0.831,0.015,-0.172,-0.678,-0.381,-0.518,-0.512,-0.721,-0.803,-0.82
ADSK,0.404,0.841,0.256,0.535,0.779,0.632,-0.778,0.0,0.106,0.756,0.561,0.627,0.83,0.106,-0.265,0.451,0.564,0.799,0.908,0.479,0.791,-0.558,0.78,0.849,0.141,0.525,0.697,0.538,0.451,0.776,-0.542,0.545,0.661,0.826,0.816,0.841,0.739,0.042,-0.41,-0.112,-0.542,0.477,0.543,0.003,-0.057,0.189,-0.081,0.332,0.485,0.498,0.784,0.489,-0.176,0.168,0.451,-0.645,0.786,0.66,0.444,-0.13,-0.212,-0.266,-0.367,0.355,0.796,0.187,0.768,-0.045,0.709,0.846,0.323,0.097,0.157,0.408,0.695,0.601,0.581,0.769,0.635,0.191,-0.848,0.469,-0.559,0.739,-0.172,0.861,0.248,0.765,-0.208,0.645,0.217,-0.066,-0.511,-0.722,0.182,0.103,-0.587,0.575,0.878,0.13,0.515,0.542,0.57,0.67,0.652,0.163,-0.14,0.659,0.023,0.624,0.768,0.655,-0.491,0.339,0.007,-0.326,-0.159,0.341,-0.608,0.711,0.752,0.871,0.261,0.18,-0.305,0.295,0.687,0.785,0.322,0.282,0.375,0.557,0.797,0.631,0.357,0.839,0.17,0.501,0.167,0.653,0.864,0.431,-0.179,0.855,0.11,0.664,0.193,0.488,0.688,0.274,0.42,0.792,0.721,0.586,0.083,0.782,0.514,0.619,-0.433,0.288,0.716,0.807,0.428,0.484,0.693,0.068,0.67,0.573,0.046,0.743,-0.001,0.714,-0.748,0.3,0.671,0.774,0.002,-0.519,0.824,0.143,0.405,0.191,0.524,0.861,-0.21,0.622,0.842,0.811,0.68,0.582,-0.717,0.179,0.309,0.521,0.437,0.455,0.68,0.542,0.776,0.793
AEP,0.651,-0.106,-0.382,0.184,0.35,-0.345,-0.309,0.106,0.0,-0.236,0.293,-0.378,-0.203,-0.775,-0.506,-0.681,0.094,-0.245,0.103,-0.41,-0.268,-0.586,-0.246,0.302,-0.641,-0.251,-0.246,-0.375,0.111,-0.186,-0.274,-0.502,-0.28,0.206,0.32,-0.073,-0.204,-0.343,-0.517,-0.495,-0.389,-0.46,-0.042,-0.488,-0.791,0.381,-0.362,-0.752,-0.284,-0.234,0.303,0.019,0.621,0.13,-0.616,-0.528,-0.308,0.38,-0.656,-0.093,-0.706,-0.733,-0.432,-0.158,-0.316,-0.243,0.356,-0.317,0.428,0.206,0.593,0.126,-0.443,0.66,0.157,0.162,-0.281,-0.29,0.106,0.824,-0.298,0.158,-0.537,0.136,-0.248,0.154,-0.789,0.032,0.464,-0.177,-0.324,-0.629,-0.285,-0.219,-0.39,-0.611,-0.603,-0.549,-0.067,-0.689,0.686,0.535,-0.667,0.013,-0.078,-0.281,-0.726,-0.282,-0.456,0.705,0.464,-0.014,-0.391,-0.478,-0.185,-0.517,-0.638,0.708,-0.33,-0.251,0.396,0.278,-0.78,-0.318,-0.616,-0.151,-0.416,0.329,-0.719,-0.673,-0.505,-0.377,-0.015,0.174,0.43,-0.066,-0.68,-0.061,-0.247,-0.484,0.028,0.487,-0.512,0.025,-0.613,-0.447,-0.371,-0.52,0.087,-0.453,0.221,-0.29,-0.057,0.721,0.052,-0.397,-0.187,0.112,-0.711,0.671,0.162,0.013,0.333,0.658,0.073,0.222,-0.532,-0.535,0.18,-0.009,-0.457,-0.175,0.031,-0.639,0.231,-0.25,-0.109,-0.532,-0.117,-0.392,-0.409,-0.812,-0.309,0.12,-0.689,-0.167,-0.046,-0.164,0.372,0.278,-0.069,-0.385,-0.402,0.651,-0.081,-0.315,-0.251,0.765,0.275,0.375
AGIO,0.051,0.751,0.403,0.339,0.586,0.641,-0.655,0.756,-0.236,0.0,0.424,0.762,0.811,0.437,-0.019,0.641,0.526,0.787,0.825,0.53,0.765,-0.269,0.796,0.698,0.382,0.661,0.727,0.679,0.296,0.833,-0.311,0.634,0.695,0.727,0.601,0.813,0.769,0.174,-0.178,0.112,-0.332,0.62,0.529,0.235,0.199,-0.037,0.038,0.543,0.558,0.551,0.586,0.509,-0.306,0.043,0.564,-0.418,0.749,0.561,0.579,-0.021,0.038,-0.01,-0.193,0.348,0.85,0.301,0.535,0.167,0.471,0.663,0.142,0.026,0.281,0.174,0.626,0.648,0.534,0.773,0.612,-0.137,-0.663,0.37,-0.243,0.572,0.015,0.731,0.411,0.666,-0.366,0.657,0.141,0.191,-0.313,-0.514,0.31,0.415,-0.33,0.689,0.791,0.355,0.24,0.301,0.722,0.705,0.648,0.353,0.137,0.649,0.263,0.313,0.54,0.572,-0.209,0.501,0.236,-0.071,0.056,0.031,-0.456,0.711,0.561,0.715,0.5,0.28,-0.079,0.333,0.75,0.64,0.522,0.568,0.491,0.684,0.676,0.451,0.284,0.78,0.38,0.446,0.343,0.755,0.773,0.273,-0.03,0.718,0.246,0.698,0.338,0.558,0.538,0.417,0.347,0.796,0.637,0.273,0.026,0.83,0.587,0.635,-0.154,-0.0,0.708,0.763,0.272,0.231,0.547,0.028,0.803,0.701,-0.001,0.775,0.175,0.662,-0.704,0.489,0.516,0.831,0.128,-0.254,0.79,0.249,0.517,0.5,0.584,0.741,0.086,0.66,0.759,0.776,0.465,0.317,-0.609,0.344,0.404,0.197,0.428,0.714,0.702,0.242,0.576,0.596
ALEC,0.295,0.391,0.13,-0.135,0.63,-0.017,-0.492,0.561,0.293,0.424,0.0,0.503,0.392,-0.199,-0.385,0.225,0.479,0.555,0.561,0.021,0.552,-0.567,0.324,0.633,-0.224,0.394,0.131,0.361,0.031,0.335,-0.18,0.017,0.217,0.477,0.61,0.389,0.166,-0.142,-0.284,-0.311,-0.354,0.077,0.224,-0.487,-0.317,-0.26,0.165,-0.293,0.012,-0.003,0.624,0.123,-0.103,0.222,-0.23,-0.461,0.221,0.673,-0.146,-0.007,-0.588,-0.3,-0.328,0.033,0.292,0.146,0.487,0.201,0.754,0.72,0.607,-0.139,-0.173,0.541,0.31,0.356,-0.008,0.378,0.732,0.417,-0.673,0.219,-0.646,0.849,-0.021,0.455,-0.243,0.324,0.157,0.158,-0.341,-0.111,-0.225,-0.627,-0.082,0.064,-0.661,0.059,0.505,-0.206,0.563,0.547,0.099,0.53,0.571,0.426,-0.259,-0.015,-0.291,0.376,0.541,0.087,-0.227,0.202,-0.031,-0.484,-0.437,0.419,-0.248,0.228,0.583,0.748,-0.16,-0.155,-0.545,0.408,0.22,0.771,-0.018,-0.009,-0.206,0.229,0.246,0.292,0.502,0.467,-0.01,0.536,0.358,0.207,0.429,0.627,-0.26,0.431,-0.454,0.176,0.019,-0.0,0.581,-0.297,0.518,0.321,0.416,0.552,0.644,0.291,-0.058,0.372,-0.428,0.576,0.664,0.619,0.753,0.482,0.604,0.288,0.298,0.22,-0.555,0.486,-0.006,0.18,-0.319,-0.019,0.755,0.422,0.104,-0.469,0.235,-0.149,0.002,-0.131,0.027,0.53,-0.543,-0.017,0.332,0.291,0.576,0.259,-0.537,0.107,-0.075,0.463,0.089,0.212,0.458,0.478,0.645,0.707
ALNY,-0.134,0.647,0.525,0.174,0.586,0.538,-0.558,0.627,-0.378,0.762,0.503,0.0,0.742,0.5,0.087,0.775,0.576,0.777,0.685,0.497,0.822,-0.199,0.773,0.604,0.421,0.825,0.583,0.738,0.093,0.787,-0.13,0.604,0.648,0.565,0.505,0.716,0.722,0.205,-0.011,0.16,-0.168,0.658,0.481,0.141,0.36,-0.298,0.343,0.457,0.431,0.396,0.529,0.454,-0.437,0.06,0.561,-0.272,0.65,0.396,0.547,0.07,0.042,0.138,-0.016,0.319,0.788,0.344,0.395,0.362,0.558,0.62,0.25,-0.096,0.324,0.162,0.372,0.491,0.359,0.72,0.76,-0.279,-0.595,0.239,-0.246,0.65,0.2,0.622,0.425,0.537,-0.406,0.575,0.006,0.349,-0.16,-0.478,0.4,0.493,-0.221,0.688,0.754,0.343,0.081,0.261,0.747,0.77,0.579,0.439,0.246,0.532,0.304,0.112,0.355,0.408,-0.067,0.731,0.186,0.013,0.06,-0.042,-0.19,0.692,0.55,0.65,0.55,0.254,-0.031,0.496,0.761,0.559,0.627,0.708,0.399,0.732,0.497,0.295,0.183,0.7,0.514,0.556,0.584,0.742,0.64,0.34,0.006,0.591,0.219,0.679,0.388,0.489,0.579,0.35,0.488,0.748,0.597,0.038,0.25,0.804,0.412,0.521,-0.062,-0.079,0.725,0.77,0.395,0.09,0.467,0.046,0.858,0.76,-0.355,0.741,0.315,0.577,-0.606,0.586,0.604,0.826,0.317,-0.136,0.641,0.055,0.524,0.553,0.493,0.627,0.113,0.563,0.626,0.698,0.409,0.122,-0.638,0.403,0.437,0.06,0.261,0.739,0.705,0.056,0.535,0.457
ALTR,0.306,0.897,0.271,0.473,0.721,0.804,-0.776,0.83,-0.203,0.811,0.392,0.742,0.0,0.318,-0.146,0.582,0.544,0.728,0.83,0.621,0.738,-0.39,0.931,0.811,0.342,0.646,0.846,0.546,0.474,0.92,-0.657,0.757,0.849,0.817,0.778,0.921,0.883,0.18,-0.453,0.017,-0.6,0.688,0.614,0.108,0.154,0.103,-0.025,0.589,0.719,0.689,0.726,0.44,-0.183,0.067,0.668,-0.598,0.898,0.396,0.539,-0.172,0.015,-0.175,-0.407,0.534,0.912,0.287,0.701,0.007,0.491,0.754,0.171,0.133,0.349,0.274,0.588,0.638,0.736,0.854,0.516,-0.205,-0.768,0.611,-0.308,0.585,-0.196,0.907,0.427,0.882,-0.313,0.801,0.337,-0.043,-0.514,-0.521,0.314,0.174,-0.366,0.748,0.919,0.355,0.297,0.462,0.744,0.643,0.569,0.128,-0.031,0.63,0.16,0.467,0.681,0.796,-0.341,0.537,-0.091,-0.167,-0.123,0.234,-0.524,0.832,0.69,0.761,0.453,0.308,-0.116,0.261,0.88,0.62,0.441,0.568,0.547,0.651,0.903,0.632,0.056,0.924,0.273,0.515,0.247,0.739,0.949,0.317,-0.257,0.908,0.38,0.798,0.309,0.495,0.653,0.388,0.269,0.973,0.599,0.369,-0.055,0.913,0.661,0.775,-0.345,0.139,0.628,0.846,0.176,0.329,0.67,0.009,0.765,0.697,0.034,0.759,-0.025,0.865,-0.836,0.441,0.585,0.851,-0.083,-0.387,0.85,0.219,0.588,0.34,0.789,0.865,-0.042,0.767,0.939,0.951,0.667,0.568,-0.801,0.222,0.419,0.391,0.405,0.579,0.748,0.363,0.769,0.721
AMBA,-0.613,0.139,0.743,0.183,-0.253,0.569,0.09,0.106,-0.775,0.437,-0.199,0.5,0.318,0.0,0.737,0.847,0.345,0.396,0.184,0.566,0.389,0.592,0.442,-0.12,0.898,0.305,0.529,0.706,-0.309,0.411,0.29,0.715,0.528,0.028,-0.229,0.322,0.405,0.665,0.603,0.742,0.486,0.764,0.434,0.768,0.92,-0.145,0.551,0.793,0.216,0.486,-0.287,0.477,-0.426,0.201,0.764,0.485,0.405,-0.262,0.753,0.395,0.806,0.797,0.541,0.052,0.528,0.49,-0.269,0.594,-0.127,-0.123,-0.305,0.234,0.744,-0.684,0.0,0.15,0.145,0.307,0.248,-0.556,0.197,-0.252,0.464,0.045,0.58,0.023,0.726,0.013,-0.438,0.451,0.094,0.829,0.44,0.157,0.758,0.792,0.556,0.776,0.244,0.582,-0.666,-0.58,0.818,0.311,0.418,0.549,0.856,0.505,0.798,-0.506,-0.225,0.077,0.506,0.708,0.507,0.717,0.463,-0.723,0.287,0.483,-0.071,-0.072,0.77,0.664,0.747,0.437,0.65,-0.189,0.857,0.738,0.357,0.735,0.202,-0.25,-0.181,0.318,0.898,-0.123,0.519,0.719,0.125,-0.162,0.56,0.098,0.733,0.525,0.708,0.772,-0.003,0.763,0.225,0.453,0.43,-0.596,0.026,0.525,0.273,0.052,0.683,-0.692,0.166,0.253,-0.007,-0.606,-0.079,-0.128,0.738,0.776,0.048,0.262,0.739,0.449,-0.012,0.855,0.012,0.563,0.482,0.597,0.322,0.501,0.731,0.842,0.499,0.158,0.821,0.433,0.245,0.395,-0.357,-0.418,0.072,0.729,0.738,-0.677,-0.106,0.574,0.233,-0.658,-0.013,-0.279
AMCX,-0.655,-0.416,0.596,0.085,-0.538,0.221,0.353,-0.265,-0.506,-0.019,-0.385,0.087,-0.146,0.737,0.0,0.465,0.34,-0.116,-0.137,0.322,-0.12,0.832,0.054,-0.438,0.778,-0.133,0.235,0.499,-0.695,0.023,0.507,0.431,0.273,-0.175,-0.583,-0.03,0.038,0.83,0.748,0.872,0.748,0.555,0.426,0.841,0.828,-0.001,0.606,0.445,-0.241,0.354,-0.696,0.493,-0.035,0.405,0.414,0.685,-0.104,-0.584,0.349,0.667,0.797,0.787,0.759,-0.479,0.086,0.499,-0.608,0.673,-0.269,-0.569,-0.14,0.501,0.765,-0.765,-0.38,0.049,-0.377,-0.278,0.105,-0.39,0.546,-0.61,0.565,-0.228,0.835,-0.346,0.344,-0.467,-0.132,0.258,-0.251,0.779,0.796,0.511,0.815,0.715,0.776,0.442,-0.243,0.351,-0.836,-0.82,0.364,0.102,0.255,0.515,0.853,0.095,0.857,-0.603,-0.408,-0.248,0.811,0.53,0.614,0.922,0.19,-0.722,0.53,0.208,-0.205,-0.403,0.277,0.742,0.898,0.466,0.276,-0.522,0.551,0.311,-0.178,0.552,-0.14,-0.658,-0.181,-0.008,0.706,-0.596,0.514,0.322,-0.303,-0.017,0.48,-0.355,0.682,0.041,0.794,0.439,-0.385,0.682,0.253,0.009,0.189,-0.702,0.198,0.04,-0.098,-0.272,0.701,-0.68,-0.051,-0.012,0.053,-0.77,-0.556,-0.213,0.288,0.431,0.244,-0.139,0.841,0.18,0.477,0.649,-0.145,0.194,0.662,0.827,-0.122,0.46,0.616,0.486,0.239,-0.132,0.886,0.171,-0.119,-0.051,-0.705,-0.77,0.482,0.791,0.737,-0.815,-0.556,0.247,-0.375,-0.705,-0.172,-0.587
AMKR,-0.431,0.448,0.705,0.146,0.125,0.636,-0.186,0.451,-0.681,0.641,0.225,0.775,0.582,0.847,0.465,0.0,0.508,0.739,0.499,0.637,0.721,0.263,0.641,0.227,0.772,0.501,0.619,0.86,-0.135,0.613,0.111,0.75,0.646,0.305,0.134,0.568,0.551,0.504,0.383,0.521,0.229,0.776,0.49,0.516,0.757,-0.305,0.533,0.727,0.315,0.506,0.096,0.508,-0.577,0.172,0.734,0.213,0.616,0.063,0.775,0.324,0.508,0.627,0.335,0.164,0.723,0.422,0.049,0.577,0.217,0.262,-0.067,0.122,0.61,-0.358,0.204,0.289,0.293,0.587,0.527,-0.434,-0.195,-0.045,0.076,0.453,0.463,0.306,0.702,0.262,-0.469,0.548,0.11,0.74,0.21,-0.165,0.648,0.786,0.218,0.823,0.57,0.505,-0.344,-0.229,0.924,0.548,0.636,0.599,0.706,0.556,0.58,-0.291,0.044,0.242,0.295,0.767,0.416,0.424,0.332,-0.437,0.07,0.629,0.194,0.324,0.788,0.55,0.449,0.588,0.79,0.225,0.84,0.733,0.403,0.805,0.383,0.009,0.001,0.569,0.883,0.24,0.573,0.878,0.413,0.056,0.429,0.357,0.542,0.646,0.633,0.8,0.338,0.602,0.392,0.674,0.614,-0.309,0.237,0.744,0.345,0.229,0.462,-0.409,0.48,0.551,0.286,-0.294,0.225,-0.068,0.932,0.909,-0.204,0.475,0.626,0.566,-0.277,0.876,0.338,0.763,0.44,0.299,0.501,0.409,0.708,0.845,0.545,0.425,0.534,0.472,0.482,0.578,-0.01,-0.16,-0.282,0.712,0.657,-0.369,0.065,0.631,0.557,-0.391,0.286,0.112
AMRX,0.096,0.286,0.585,0.419,0.441,0.497,-0.563,0.564,0.094,0.526,0.479,0.576,0.544,0.345,0.34,0.508,0.0,0.456,0.674,0.396,0.438,-0.07,0.66,0.54,0.481,0.322,0.635,0.752,-0.304,0.656,-0.186,0.6,0.72,0.647,0.364,0.662,0.534,0.609,-0.003,0.424,-0.037,0.703,0.834,0.349,0.273,0.134,0.43,0.213,0.102,0.567,0.26,0.784,0.187,0.561,0.342,-0.246,0.375,0.202,0.208,0.51,0.085,0.079,0.047,-0.108,0.6,0.577,0.311,0.602,0.631,0.39,0.575,0.563,0.586,0.122,0.211,0.696,-0.065,0.269,0.805,0.13,-0.454,0.03,-0.265,0.627,0.506,0.525,-0.018,0.306,0.063,0.715,-0.322,0.29,0.163,-0.19,0.701,0.438,-0.115,0.582,0.535,0.064,0.06,0.104,0.45,0.728,0.788,0.599,0.233,0.305,0.517,0.273,0.514,0.323,0.217,0.667,0.377,0.258,-0.419,0.094,-0.104,0.69,0.721,0.569,0.023,0.646,0.176,0.672,0.655,0.429,0.371,0.26,-0.206,0.777,0.515,-0.034,0.322,0.729,0.432,-0.053,0.646,0.572,0.506,0.733,-0.083,0.458,0.288,0.341,0.722,0.374,0.344,0.478,0.818,0.603,0.682,0.221,0.435,0.494,0.171,0.497,-0.165,0.062,0.763,0.806,0.661,0.123,0.197,0.18,0.574,0.634,0.067,0.533,0.474,0.701,-0.207,0.564,0.745,0.748,0.568,-0.004,0.427,0.176,0.721,0.147,0.563,0.71,0.151,0.54,0.602,0.594,0.251,-0.117,-0.298,0.692,0.666,0.066,-0.242,0.489,0.206,0.189,0.733,0.408
ANSS,0.028,0.796,0.402,0.217,0.579,0.601,-0.53,0.799,-0.245,0.787,0.555,0.777,0.728,0.396,-0.116,0.739,0.456,0.0,0.766,0.502,0.922,-0.335,0.693,0.659,0.329,0.597,0.599,0.707,0.311,0.707,-0.196,0.535,0.56,0.6,0.604,0.758,0.64,0.038,-0.099,0.022,-0.255,0.513,0.364,0.064,0.215,-0.225,0.156,0.45,0.489,0.392,0.62,0.438,-0.564,0.026,0.516,-0.297,0.759,0.616,0.641,-0.023,-0.037,0.103,-0.165,0.375,0.797,0.175,0.549,0.169,0.559,0.744,0.154,-0.04,0.144,0.165,0.638,0.438,0.516,0.823,0.629,-0.024,-0.655,0.307,-0.444,0.745,0.022,0.654,0.478,0.603,-0.399,0.513,0.202,0.281,-0.305,-0.59,0.211,0.418,-0.39,0.62,0.845,0.258,0.293,0.341,0.738,0.635,0.654,0.39,0.182,0.646,0.136,0.22,0.479,0.468,-0.25,0.504,0.251,-0.124,0.156,0.076,-0.43,0.614,0.463,0.754,0.566,0.193,-0.154,0.5,0.699,0.722,0.521,0.506,0.489,0.608,0.568,0.455,0.387,0.699,0.486,0.575,0.268,0.821,0.715,0.263,0.15,0.668,0.107,0.665,0.207,0.652,0.693,0.255,0.408,0.734,0.736,0.288,0.141,0.801,0.499,0.458,-0.042,0.045,0.719,0.704,0.451,0.301,0.6,0.025,0.863,0.748,-0.249,0.705,0.208,0.542,-0.627,0.527,0.521,0.783,0.131,-0.263,0.723,0.264,0.392,0.517,0.438,0.663,-0.03,0.495,0.661,0.684,0.496,0.352,-0.629,0.333,0.296,0.197,0.439,0.582,0.825,0.187,0.53,0.6
APPN,0.331,0.77,0.311,0.519,0.77,0.648,-0.818,0.908,0.103,0.825,0.561,0.685,0.83,0.184,-0.137,0.499,0.674,0.766,0.0,0.505,0.76,-0.491,0.801,0.864,0.231,0.497,0.746,0.644,0.332,0.811,-0.475,0.576,0.725,0.877,0.794,0.883,0.775,0.153,-0.376,-0.03,-0.478,0.565,0.649,0.116,0.004,0.139,0.026,0.323,0.431,0.573,0.73,0.629,-0.141,0.215,0.467,-0.608,0.741,0.645,0.419,0.003,-0.176,-0.221,-0.31,0.261,0.807,0.213,0.697,0.085,0.756,0.783,0.421,0.16,0.249,0.389,0.655,0.722,0.474,0.705,0.727,0.153,-0.833,0.395,-0.522,0.74,-0.018,0.861,0.223,0.694,-0.249,0.704,0.07,0.023,-0.418,-0.657,0.311,0.194,-0.559,0.613,0.86,0.1,0.461,0.496,0.586,0.766,0.712,0.258,-0.061,0.613,0.126,0.588,0.769,0.617,-0.384,0.416,0.148,-0.226,-0.213,0.309,-0.574,0.74,0.818,0.896,0.244,0.258,-0.241,0.41,0.727,0.795,0.341,0.313,0.284,0.663,0.785,0.539,0.422,0.878,0.23,0.447,0.315,0.686,0.85,0.54,-0.191,0.788,0.164,0.611,0.325,0.511,0.673,0.332,0.52,0.796,0.736,0.526,0.13,0.769,0.507,0.651,-0.408,0.277,0.792,0.869,0.5,0.447,0.581,-0.036,0.707,0.629,0.063,0.798,0.102,0.748,-0.696,0.368,0.678,0.814,0.141,-0.436,0.819,0.179,0.484,0.252,0.545,0.887,-0.12,0.654,0.853,0.797,0.623,0.461,-0.708,0.326,0.409,0.45,0.334,0.524,0.622,0.52,0.819,0.779
APTO,-0.141,0.497,0.512,0.475,0.164,0.76,-0.317,0.479,-0.41,0.53,0.021,0.497,0.621,0.566,0.322,0.637,0.396,0.502,0.505,0.0,0.568,0.139,0.694,0.321,0.645,0.311,0.741,0.595,0.101,0.6,-0.269,0.78,0.689,0.434,0.26,0.605,0.638,0.493,0.058,0.372,-0.088,0.73,0.582,0.522,0.551,0.148,0.156,0.697,0.395,0.61,0.157,0.52,-0.211,0.317,0.775,-0.072,0.643,0.01,0.646,0.081,0.429,0.261,0.021,0.176,0.69,0.398,0.21,0.205,0.22,0.266,-0.061,0.313,0.585,-0.272,0.252,0.364,0.451,0.522,0.348,-0.269,-0.248,0.092,-0.033,0.279,0.216,0.484,0.556,0.401,-0.329,0.669,0.154,0.345,-0.014,-0.201,0.568,0.469,0.08,0.797,0.568,0.41,-0.234,-0.137,0.73,0.415,0.521,0.187,0.414,0.606,0.503,0.088,0.262,0.426,0.042,0.565,0.164,0.27,0.113,-0.264,-0.149,0.637,0.333,0.331,0.507,0.559,0.372,0.335,0.776,0.145,0.626,0.587,0.358,0.711,0.615,0.122,-0.123,0.627,0.54,0.078,0.3,0.713,0.525,0.161,0.148,0.496,0.683,0.679,0.526,0.642,0.287,0.657,0.172,0.695,0.641,-0.06,-0.089,0.706,0.415,0.296,0.127,-0.21,0.306,0.524,0.128,-0.174,0.228,-0.224,0.687,0.728,0.183,0.464,0.365,0.7,-0.367,0.622,0.309,0.643,0.139,0.087,0.606,0.485,0.69,0.517,0.643,0.52,0.43,0.635,0.605,0.661,0.098,0.14,-0.351,0.491,0.652,-0.126,0.051,0.467,0.323,-0.091,0.415,0.192
ARCT,0.014,0.782,0.478,0.287,0.566,0.571,-0.554,0.791,-0.268,0.765,0.552,0.822,0.738,0.389,-0.12,0.721,0.438,0.922,0.76,0.568,0.0,-0.345,0.725,0.647,0.311,0.617,0.586,0.7,0.309,0.702,-0.21,0.556,0.573,0.586,0.599,0.708,0.698,0.046,-0.07,-0.011,-0.252,0.532,0.375,0.07,0.23,-0.159,0.151,0.461,0.454,0.326,0.625,0.416,-0.549,0.109,0.558,-0.335,0.73,0.611,0.616,-0.059,-0.041,0.085,-0.153,0.405,0.796,0.165,0.557,0.177,0.633,0.764,0.171,-0.157,0.159,0.175,0.569,0.441,0.524,0.805,0.674,-0.035,-0.667,0.253,-0.448,0.758,0.021,0.665,0.464,0.599,-0.452,0.503,0.198,0.291,-0.326,-0.675,0.254,0.385,-0.413,0.671,0.818,0.313,0.261,0.305,0.751,0.697,0.619,0.348,0.171,0.689,0.127,0.257,0.461,0.49,-0.328,0.472,0.142,-0.179,0.206,0.011,-0.333,0.666,0.523,0.749,0.568,0.129,-0.153,0.404,0.703,0.7,0.599,0.551,0.503,0.631,0.56,0.458,0.25,0.701,0.479,0.624,0.354,0.771,0.692,0.261,0.121,0.686,0.149,0.745,0.242,0.646,0.673,0.316,0.393,0.737,0.749,0.23,0.124,0.825,0.433,0.421,-0.08,0.049,0.652,0.716,0.461,0.23,0.604,0.012,0.84,0.733,-0.262,0.725,0.232,0.556,-0.645,0.481,0.587,0.77,0.168,-0.271,0.745,0.143,0.4,0.535,0.382,0.657,0.0,0.519,0.665,0.697,0.478,0.348,-0.642,0.297,0.333,0.208,0.487,0.59,0.77,0.179,0.546,0.548
ARWR,-0.704,-0.58,0.381,-0.134,-0.803,0.012,0.69,-0.558,-0.586,-0.269,-0.567,-0.199,-0.39,0.592,0.832,0.263,-0.07,-0.335,-0.491,0.139,-0.345,0.0,-0.238,-0.751,0.635,-0.327,-0.045,0.202,-0.632,-0.298,0.609,0.205,-0.014,-0.54,-0.82,-0.374,-0.283,0.633,0.796,0.752,0.805,0.252,0.059,0.674,0.753,-0.056,0.412,0.372,-0.262,0.123,-0.873,0.069,-0.053,0.182,0.232,0.869,-0.286,-0.72,0.206,0.557,0.857,0.838,0.776,-0.37,-0.214,0.329,-0.799,0.518,-0.638,-0.796,-0.477,0.292,0.578,-0.803,-0.534,-0.326,-0.365,-0.399,-0.286,-0.452,0.815,-0.57,0.764,-0.52,0.642,-0.613,0.351,-0.615,-0.062,-0.05,-0.074,0.676,0.831,0.708,0.531,0.579,0.941,0.192,-0.502,0.399,-0.912,-0.909,0.174,-0.265,-0.014,0.323,0.825,-0.103,0.652,-0.795,-0.729,-0.398,0.843,0.266,0.434,0.816,0.377,-0.765,0.697,-0.123,-0.587,-0.728,0.292,0.489,0.899,0.132,0.001,-0.755,0.362,0.174,-0.132,0.186,-0.375,-0.724,-0.414,-0.349,0.566,-0.614,0.248,0.08,-0.552,-0.391,0.621,-0.581,0.584,-0.125,0.518,0.239,-0.599,0.468,-0.165,-0.239,-0.12,-0.834,0.061,-0.205,-0.161,-0.47,0.862,-0.702,-0.399,-0.377,-0.287,-0.826,-0.585,-0.214,0.013,0.204,0.19,-0.499,0.585,-0.125,0.651,0.492,-0.455,-0.16,0.371,0.902,-0.377,0.435,0.352,0.43,0.052,-0.462,0.85,-0.117,-0.404,-0.335,-0.846,-0.759,0.72,0.531,0.451,-0.884,-0.505,-0.059,-0.439,-0.862,-0.509,-0.773
ASND,0.134,0.791,0.447,0.561,0.61,0.827,-0.734,0.78,-0.246,0.796,0.324,0.773,0.931,0.442,0.054,0.641,0.66,0.693,0.801,0.694,0.725,-0.238,0.0,0.728,0.475,0.616,0.87,0.665,0.268,0.935,-0.518,0.822,0.879,0.78,0.637,0.885,0.9,0.351,-0.264,0.214,-0.41,0.784,0.711,0.291,0.313,0.121,0.059,0.639,0.652,0.709,0.581,0.586,-0.114,0.187,0.738,-0.501,0.846,0.277,0.585,0.021,0.144,-0.035,-0.262,0.408,0.929,0.425,0.598,0.196,0.505,0.641,0.177,0.24,0.498,0.15,0.493,0.656,0.61,0.764,0.617,-0.24,-0.671,0.47,-0.229,0.556,0.031,0.837,0.402,0.771,-0.344,0.844,0.227,0.118,-0.321,-0.4,0.504,0.315,-0.233,0.831,0.867,0.344,0.131,0.289,0.775,0.714,0.649,0.235,0.12,0.673,0.359,0.391,0.595,0.699,-0.184,0.652,0.079,0.037,-0.097,0.077,-0.387,0.86,0.699,0.683,0.457,0.46,0.058,0.364,0.915,0.529,0.551,0.629,0.463,0.757,0.844,0.429,0.045,0.904,0.391,0.368,0.385,0.786,0.861,0.373,-0.134,0.815,0.479,0.771,0.483,0.549,0.584,0.556,0.394,0.948,0.688,0.241,-0.032,0.895,0.64,0.68,-0.256,-0.025,0.664,0.862,0.228,0.207,0.514,0.018,0.811,0.775,0.101,0.767,0.16,0.905,-0.732,0.569,0.61,0.881,0.106,-0.247,0.824,0.2,0.715,0.413,0.814,0.832,0.128,0.814,0.888,0.929,0.523,0.361,-0.671,0.372,0.573,0.216,0.288,0.653,0.597,0.235,0.717,0.59
ASTH,0.544,0.832,0.006,0.388,0.942,0.508,-0.933,0.849,0.302,0.698,0.633,0.604,0.811,-0.12,-0.438,0.227,0.54,0.659,0.864,0.321,0.647,-0.751,0.728,0.0,-0.088,0.601,0.622,0.361,0.517,0.795,-0.647,0.386,0.613,0.905,0.947,0.858,0.727,-0.1,-0.685,-0.288,-0.766,0.385,0.517,-0.237,-0.311,0.099,-0.154,0.093,0.537,0.454,0.92,0.443,0.024,0.029,0.249,-0.856,0.671,0.698,0.188,-0.29,-0.486,-0.572,-0.641,0.36,0.729,0.13,0.871,-0.157,0.749,0.896,0.522,0.09,-0.02,0.66,0.74,0.684,0.514,0.713,0.642,0.235,-0.946,0.632,-0.697,0.712,-0.295,0.936,-0.025,0.836,-0.152,0.626,0.052,-0.353,-0.664,-0.703,0.024,-0.104,-0.763,0.371,0.872,-0.051,0.704,0.786,0.336,0.682,0.514,0.042,-0.432,0.448,-0.12,0.785,0.914,0.684,-0.554,0.305,-0.076,-0.458,-0.417,0.586,-0.757,0.642,0.865,0.95,0.025,0.055,-0.537,0.284,0.582,0.879,0.054,0.244,0.271,0.423,0.768,0.714,0.457,0.832,-0.111,0.563,0.119,0.471,0.914,0.59,-0.532,0.854,-0.101,0.513,0.038,0.168,0.772,0.013,0.408,0.74,0.564,0.772,0.04,0.68,0.5,0.749,-0.71,0.473,0.798,0.851,0.432,0.699,0.663,0.105,0.49,0.387,-0.018,0.815,-0.232,0.638,-0.817,0.05,0.679,0.703,-0.089,-0.718,0.759,-0.014,0.269,-0.087,0.492,0.895,-0.462,0.608,0.826,0.766,0.86,0.673,-0.881,-0.02,0.129,0.721,0.378,0.508,0.633,0.765,0.85,0.929
ATSG,-0.499,0.102,0.744,0.347,-0.225,0.658,0.04,0.141,-0.641,0.382,-0.224,0.421,0.342,0.898,0.778,0.772,0.481,0.329,0.231,0.645,0.311,0.635,0.475,-0.088,0.0,0.162,0.641,0.743,-0.36,0.427,0.193,0.791,0.62,0.111,-0.233,0.379,0.426,0.81,0.546,0.798,0.458,0.821,0.583,0.863,0.907,0.051,0.482,0.789,0.197,0.588,-0.316,0.601,-0.22,0.317,0.769,0.433,0.403,-0.299,0.69,0.545,0.846,0.752,0.539,-0.013,0.533,0.525,-0.249,0.652,-0.088,-0.168,-0.224,0.432,0.859,-0.62,-0.018,0.241,0.104,0.249,0.272,-0.458,0.179,-0.205,0.388,0.026,0.65,0.086,0.657,0.01,-0.333,0.579,0.061,0.781,0.502,0.232,0.861,0.779,0.585,0.805,0.251,0.558,-0.647,-0.572,0.773,0.35,0.513,0.513,0.863,0.499,0.861,-0.395,-0.171,0.167,0.568,0.727,0.533,0.747,0.325,-0.608,0.273,0.552,0.042,-0.057,0.649,0.811,0.814,0.476,0.693,-0.212,0.776,0.625,0.218,0.787,0.322,-0.296,-0.174,0.382,0.865,-0.28,0.518,0.727,0.17,-0.034,0.543,0.121,0.828,0.468,0.824,0.735,-0.07,0.828,0.271,0.491,0.504,-0.509,0.023,0.498,0.319,0.078,0.616,-0.609,0.221,0.308,0.028,-0.535,-0.123,-0.196,0.686,0.805,0.232,0.178,0.712,0.554,0.036,0.903,0.064,0.556,0.506,0.617,0.334,0.589,0.852,0.734,0.59,0.242,0.851,0.494,0.33,0.421,-0.377,-0.391,0.119,0.823,0.855,-0.623,-0.216,0.466,0.137,-0.57,0.091,-0.239
AVTX,-0.027,0.63,0.25,0.066,0.631,0.387,-0.554,0.525,-0.251,0.661,0.394,0.825,0.646,0.305,-0.133,0.501,0.322,0.597,0.497,0.311,0.617,-0.327,0.616,0.601,0.162,0.0,0.423,0.414,0.272,0.713,-0.184,0.391,0.468,0.454,0.534,0.607,0.605,-0.038,-0.206,-0.024,-0.336,0.45,0.269,-0.106,0.112,-0.322,0.114,0.293,0.527,0.246,0.599,0.213,-0.29,-0.2,0.381,-0.39,0.567,0.379,0.38,-0.229,-0.123,-0.107,-0.191,0.414,0.659,0.309,0.416,0.097,0.378,0.597,0.175,-0.236,0.086,0.3,0.433,0.355,0.406,0.695,0.535,-0.281,-0.562,0.435,-0.201,0.423,-0.079,0.584,0.275,0.592,-0.317,0.418,0.059,0.048,-0.335,-0.456,0.096,0.21,-0.305,0.44,0.679,0.25,0.205,0.424,0.512,0.581,0.302,0.202,-0.047,0.411,0.132,0.212,0.376,0.378,-0.19,0.603,-0.003,-0.148,-0.009,0.094,-0.317,0.493,0.453,0.559,0.429,0.035,-0.229,0.238,0.576,0.49,0.38,0.691,0.461,0.475,0.417,0.408,0.165,0.54,0.197,0.589,0.338,0.493,0.605,0.198,-0.203,0.571,0.014,0.583,0.078,0.215,0.513,0.1,0.255,0.619,0.35,0.165,0.061,0.67,0.423,0.561,-0.223,-0.032,0.616,0.6,0.134,0.213,0.496,0.158,0.621,0.486,-0.345,0.729,0.009,0.402,-0.678,0.295,0.427,0.665,0.085,-0.326,0.554,-0.078,0.283,0.307,0.412,0.53,-0.09,0.5,0.512,0.615,0.483,0.26,-0.676,0.048,0.162,0.177,0.302,0.745,0.671,0.192,0.401,0.474
BCPC,0.126,0.686,0.461,0.633,0.452,0.91,-0.642,0.697,-0.246,0.727,0.131,0.583,0.846,0.529,0.235,0.619,0.635,0.599,0.746,0.741,0.586,-0.045,0.87,0.622,0.641,0.423,0.0,0.679,0.232,0.86,-0.458,0.9,0.921,0.748,0.512,0.884,0.853,0.538,-0.196,0.37,-0.307,0.87,0.815,0.495,0.41,0.315,0.113,0.724,0.613,0.846,0.398,0.723,-0.038,0.289,0.8,-0.343,0.792,0.175,0.628,0.093,0.345,0.079,-0.141,0.298,0.906,0.439,0.49,0.214,0.345,0.462,0.099,0.471,0.645,-0.026,0.529,0.64,0.569,0.663,0.483,-0.192,-0.511,0.348,-0.132,0.397,0.136,0.754,0.479,0.668,-0.352,0.917,0.241,0.197,-0.2,-0.274,0.633,0.378,-0.082,0.869,0.767,0.431,0.021,0.114,0.786,0.617,0.657,0.271,0.263,0.699,0.533,0.337,0.56,0.717,-0.035,0.637,0.24,0.207,-0.056,-0.007,-0.388,0.881,0.629,0.557,0.461,0.665,0.261,0.396,0.927,0.391,0.552,0.567,0.431,0.816,0.867,0.357,0.076,0.88,0.474,0.126,0.337,0.83,0.81,0.302,-0.049,0.73,0.651,0.728,0.611,0.655,0.463,0.671,0.344,0.913,0.719,0.21,-0.12,0.842,0.647,0.607,-0.097,-0.121,0.572,0.779,0.16,0.101,0.367,-0.117,0.761,0.808,0.372,0.636,0.255,0.924,-0.578,0.622,0.438,0.841,0.171,-0.062,0.817,0.505,0.821,0.405,0.857,0.819,0.319,0.874,0.876,0.88,0.33,0.303,-0.525,0.503,0.732,0.11,0.158,0.595,0.479,0.156,0.682,0.47
BEAM,-0.305,0.369,0.775,0.311,0.222,0.624,-0.345,0.538,-0.375,0.679,0.361,0.738,0.546,0.706,0.499,0.86,0.752,0.707,0.644,0.595,0.7,0.202,0.665,0.361,0.743,0.414,0.679,0.0,-0.287,0.64,0.131,0.71,0.694,0.471,0.188,0.64,0.576,0.594,0.344,0.559,0.23,0.798,0.666,0.555,0.628,-0.126,0.491,0.551,0.201,0.576,0.124,0.759,-0.308,0.395,0.604,0.079,0.513,0.213,0.613,0.536,0.388,0.512,0.317,-0.031,0.722,0.499,0.151,0.696,0.429,0.312,0.221,0.306,0.623,-0.19,0.265,0.483,0.075,0.467,0.746,-0.136,-0.3,-0.09,-0.1,0.577,0.623,0.389,0.431,0.226,-0.327,0.653,-0.131,0.688,0.285,-0.191,0.745,0.777,0.095,0.787,0.565,0.336,-0.188,-0.17,0.786,0.744,0.834,0.741,0.637,0.538,0.656,-0.085,0.227,0.256,0.317,0.756,0.628,0.415,0.104,-0.281,0.017,0.668,0.417,0.458,0.535,0.653,0.392,0.729,0.775,0.373,0.721,0.544,0.126,0.906,0.409,-0.086,0.263,0.634,0.812,0.083,0.659,0.87,0.442,0.371,0.368,0.35,0.457,0.533,0.744,0.752,0.366,0.636,0.642,0.64,0.802,-0.099,0.342,0.68,0.321,0.286,0.293,-0.257,0.687,0.692,0.538,-0.133,0.168,-0.009,0.863,0.913,-0.033,0.524,0.68,0.612,-0.21,0.833,0.526,0.812,0.634,0.244,0.518,0.403,0.754,0.658,0.519,0.557,0.474,0.519,0.528,0.553,0.007,-0.219,-0.235,0.835,0.727,-0.268,-0.047,0.639,0.41,-0.187,0.47,0.226
BILI,0.552,0.696,-0.459,0.202,0.557,0.269,-0.468,0.451,0.111,0.296,0.031,0.093,0.474,-0.309,-0.695,-0.135,-0.304,0.311,0.332,0.101,0.309,-0.632,0.268,0.517,-0.36,0.272,0.232,-0.287,0.0,0.326,-0.651,0.061,0.125,0.411,0.661,0.386,0.409,-0.552,-0.712,-0.607,-0.782,-0.117,-0.136,-0.384,-0.442,0.156,-0.562,0.153,0.598,0.122,0.71,-0.21,-0.186,-0.455,0.188,-0.646,0.505,0.435,0.167,-0.752,-0.365,-0.58,-0.644,0.642,0.327,-0.391,0.65,-0.771,0.136,0.54,-0.104,-0.314,-0.397,0.472,0.597,0.144,0.833,0.572,-0.187,-0.017,-0.537,0.666,-0.348,0.104,-0.846,0.573,0.203,0.701,-0.268,0.135,0.699,-0.57,-0.896,-0.488,-0.497,-0.484,-0.562,0.036,0.496,0.096,0.598,0.659,0.119,-0.014,-0.203,-0.562,-0.556,0.35,-0.487,0.569,0.487,0.633,-0.793,-0.275,-0.506,-0.637,0.072,0.5,-0.706,0.223,0.231,0.42,0.148,-0.413,-0.566,-0.39,0.144,0.43,-0.19,0.04,0.703,-0.182,0.508,0.838,-0.008,0.298,-0.396,0.622,-0.512,0.089,0.586,-0.137,-0.43,0.591,-0.096,0.375,-0.524,0.003,0.434,-0.212,-0.375,0.373,0.012,0.532,-0.514,0.364,0.548,0.408,-0.512,0.343,0.051,0.152,-0.303,0.546,0.544,-0.142,0.077,-0.07,0.13,0.32,-0.673,0.201,-0.74,-0.305,-0.03,0.111,-0.675,-0.669,0.528,-0.022,-0.224,-0.11,0.173,0.339,-0.457,0.351,0.468,0.404,0.67,0.902,-0.646,-0.603,-0.32,0.688,0.755,0.026,0.527,0.579,0.252,0.553
BJRI,0.152,0.817,0.362,0.506,0.703,0.798,-0.803,0.776,-0.186,0.833,0.335,0.787,0.92,0.411,0.023,0.613,0.656,0.707,0.811,0.6,0.702,-0.298,0.935,0.795,0.427,0.713,0.86,0.64,0.326,0.0,-0.501,0.769,0.864,0.833,0.676,0.936,0.917,0.293,-0.32,0.165,-0.456,0.762,0.699,0.249,0.23,0.069,0.068,0.587,0.686,0.712,0.644,0.618,-0.09,0.056,0.681,-0.544,0.836,0.364,0.567,-0.044,0.061,-0.112,-0.281,0.42,0.945,0.409,0.624,0.163,0.49,0.665,0.229,0.222,0.426,0.241,0.612,0.702,0.594,0.795,0.626,-0.221,-0.716,0.518,-0.288,0.534,-0.009,0.865,0.366,0.803,-0.355,0.831,0.18,0.077,-0.366,-0.424,0.428,0.311,-0.294,0.77,0.889,0.338,0.214,0.383,0.732,0.746,0.617,0.227,0.054,0.673,0.364,0.438,0.673,0.712,-0.183,0.672,0.122,0.017,-0.132,0.131,-0.511,0.866,0.707,0.728,0.438,0.438,-0.029,0.378,0.878,0.593,0.492,0.664,0.494,0.747,0.836,0.51,0.159,0.904,0.326,0.392,0.354,0.772,0.895,0.39,-0.237,0.838,0.382,0.74,0.422,0.503,0.598,0.478,0.41,0.937,0.653,0.328,-0.046,0.896,0.682,0.755,-0.298,-0.014,0.766,0.862,0.21,0.267,0.522,0.03,0.792,0.737,0.112,0.846,0.105,0.854,-0.789,0.513,0.575,0.909,0.119,-0.313,0.854,0.197,0.67,0.369,0.81,0.865,0.079,0.854,0.879,0.925,0.575,0.389,-0.739,0.319,0.515,0.277,0.311,0.762,0.636,0.318,0.709,0.639
BLUE,-0.767,-0.634,0.272,-0.416,-0.613,-0.425,0.635,-0.542,-0.274,-0.311,-0.18,-0.13,-0.657,0.29,0.507,0.111,-0.186,-0.196,-0.475,-0.269,-0.21,0.609,-0.518,-0.647,0.193,-0.184,-0.458,0.131,-0.651,-0.501,0.0,-0.299,-0.441,-0.636,-0.731,-0.562,-0.501,0.168,0.821,0.386,0.866,-0.155,-0.296,0.247,0.377,-0.4,0.386,-0.144,-0.489,-0.416,-0.659,-0.015,-0.251,0.003,-0.209,0.779,-0.543,-0.238,-0.014,0.453,0.307,0.652,0.754,-0.473,-0.405,0.087,-0.695,0.48,-0.319,-0.565,-0.193,-0.154,0.027,-0.465,-0.349,-0.475,-0.633,-0.427,-0.032,-0.079,0.638,-0.699,0.344,-0.288,0.627,-0.712,0.014,-0.759,-0.073,-0.441,-0.374,0.626,0.73,0.377,0.141,0.424,0.503,-0.211,-0.55,0.039,-0.53,-0.64,-0.135,-0.134,-0.1,0.413,0.562,-0.196,0.33,-0.711,-0.708,-0.728,0.591,0.076,0.609,0.477,0.406,-0.592,0.586,-0.431,-0.551,-0.535,0.109,0.012,0.395,0.192,-0.37,-0.413,0.188,0.014,-0.264,-0.049,-0.739,-0.698,0.092,-0.591,0.36,-0.329,0.263,-0.109,-0.715,-0.265,0.638,-0.744,-0.096,-0.345,0.14,0.042,-0.401,0.008,0.034,-0.574,-0.11,-0.608,0.223,-0.415,-0.397,-0.652,0.71,-0.526,-0.186,-0.452,0.056,-0.516,-0.542,-0.037,-0.109,-0.037,-0.224,-0.365,0.543,-0.571,0.665,0.162,-0.39,-0.309,0.522,0.611,-0.492,0.032,-0.125,0.282,-0.519,-0.577,0.463,-0.442,-0.693,-0.627,-0.734,-0.786,0.639,0.284,0.04,-0.727,-0.34,0.0,-0.358,-0.657,-0.632,-0.667
