,AAL,AAON,ACB,ACGL,ACGLO,ACIW,ADBE,ADSK,AEP,AGIO,ALEC,ALNY,ALTR,AMBA,AMCX,AMKR,AMRX,ANSS,APPN,APTO,ARCT,ARWR,ASND,ASTH,ATSG,AVTX,BCPC,BEAM,BILI,BJRI,BLUE,BPOP,BRKL,BWIN,BZUN,CARG,CBRL,CBSH,CBUS,CENTA,CERS,CFFN,CHCO,CHEF,CHRD,CINF,CLLS,CMCO,CMCSA,COLL,COMM,COOP,CPB,CRON,CROX,CRUS,CRWD,CTAS,CYBR,CYTK,DGII,DIOD,DOMO,DPZ,DSGR,DXCM,ERIE,ESTA,EXEL,FAST,FCEL,FCFS,FHB,FITBI,FSV,FTDR,FUTU,GLDD,GLPG,GLPI,GOGO,GOSS,GSAT,GYRE,HALO,HAS,HLIT,HLNE,HSDT,HSIC,HTHT,ICHR,IDYA,IMVT,INDB,INSM,IONS,IOSP,ITRI,JBHT,JBLU,JSM,KLIC,KOD,KURA,LAB,LASR,LIN,LKQ,LNT,MBUU,MCRI,MDGL,MEDP,MGNI,MGPI,MGRC,MKTX,MRNA,MRTN,MSEX,MSFT,MU,NAVI,NBTB,NEO,NEOG,NGNE,NSSC,NTAP,NTES,NTLA,NTRS,NYMTN,OBLG,OCFC,ON,ONC,OPI,OSIS,OSW,PALI,PANW,PCAR,PCRX,PCTY,PEBO,PLAB,PLAY,PLMR,PLSE,PLUS,PRTA,PSEC,PSNL,PTCT,PTON,QNST,QRVO,QTTB,RARE,RBCAA,RGNX,SAIC,SGMO,SINT,SNPS,SPSC,SPTN,SSYS,STNE,TBBK,TCPC,TENB,TGTX,TREE,TRUP,TTWO,TW,TXG,UBSI,UCTT,UFPT,UMBF,UPBD,URBN,VBTX,VCTR,VEON,VNET,VRSK,VSEC,WABC,WTFCM,WVE,WW,WWD,XEL,ZD,ZYME
AAL,0.0,-0.261,-0.722,0.773,-0.551,-0.626,0.141,0.009,-0.753,-0.701,-0.786,0.176,0.629,-0.31,-0.688,-0.224,-0.742,0.339,-0.736,0.781,-0.003,-0.722,-0.064,-0.692,-0.68,0.277,-0.749,-0.735,0.233,-0.462,-0.562,-0.72,-0.759,-0.757,-0.246,-0.185,-0.358,-0.769,-0.271,-0.224,-0.733,-0.745,-0.681,-0.577,-0.461,-0.467,-0.536,-0.541,-0.295,-0.485,-0.684,-0.645,-0.445,-0.545,0.76,-0.559,0.758,-0.741,0.419,-0.688,-0.692,-0.682,-0.411,0.762,-0.614,0.199,-0.656,-0.458,-0.366,-0.613,0.534,-0.421,-0.731,-0.708,-0.739,-0.595,0.421,-0.54,-0.783,-0.695,0.545,-0.389,-0.464,-0.652,-0.661,-0.359,-0.509,-0.749,0.731,-0.626,0.661,0.367,-0.764,-0.423,-0.767,-0.715,-0.612,-0.574,-0.638,-0.498,-0.022,-0.714,-0.239,-0.71,-0.316,-0.667,-0.561,-0.472,-0.647,-0.738,-0.27,-0.486,-0.371,0.119,-0.65,-0.61,-0.716,-0.712,-0.128,0.366,-0.769,0.521,0.668,-0.575,-0.772,-0.572,-0.493,-0.637,-0.572,0.142,0.377,-0.63,-0.519,-0.441,0.252,-0.661,-0.438,-0.783,-0.666,-0.656,-0.673,0.463,0.341,0.033,0.624,-0.564,-0.676,-0.584,0.236,-0.654,-0.704,-0.747,-0.742,-0.386,-0.76,-0.343,-0.365,-0.63,-0.611,-0.837,-0.708,-0.746,-0.621,-0.493,-0.555,-0.263,0.433,-0.686,-0.675,-0.536,-0.647,-0.754,0.143,-0.218,-0.564,-0.692,-0.614,0.452,-0.517,0.495,-0.71,0.035,-0.728,-0.724,-0.661,-0.72,-0.691,-0.701,-0.68,0.143,-0.661,-0.543,-0.629,0.224,-0.759,-0.192,-0.407,-0.651,0.681,-0.762
AAON,-0.261,0.0,0.678,-0.455,0.805,0.672,0.159,0.697,0.536,0.611,0.622,0.13,-0.03,0.672,0.578,0.539,0.668,0.213,0.59,-0.406,0.369,0.713,0.62,0.693,0.676,-0.167,0.572,0.512,-0.083,0.656,0.811,0.599,0.575,0.657,0.559,0.693,0.62,0.474,0.727,0.415,0.664,0.564,0.547,0.685,0.635,0.664,0.692,0.567,0.5,0.042,0.511,0.7,0.29,0.663,-0.531,0.686,-0.197,0.292,0.344,0.57,0.489,0.7,0.634,-0.167,0.658,0.62,0.551,0.683,0.699,0.66,0.234,0.623,0.577,0.403,0.676,0.628,0.007,0.482,0.446,0.746,-0.25,0.515,0.546,0.582,0.475,0.717,0.596,0.643,-0.587,0.296,-0.141,0.184,0.597,0.546,0.49,0.662,0.472,0.637,0.855,0.876,0.838,0.485,0.786,0.71,0.801,0.653,0.755,0.575,0.622,0.585,0.484,0.821,-0.08,0.491,0.736,0.539,0.62,0.671,0.407,0.22,0.581,-0.271,-0.27,0.702,0.52,0.755,0.746,0.661,0.673,0.063,-0.27,0.752,0.827,0.464,0.114,0.645,0.589,0.424,0.626,0.693,0.684,-0.275,0.089,0.345,-0.305,0.756,0.612,0.809,0.529,0.654,0.699,0.552,0.606,0.705,0.285,0.363,0.734,0.46,0.662,0.495,0.733,0.546,0.703,0.575,0.357,0.507,0.071,0.692,0.406,0.697,0.608,0.568,0.209,0.728,0.658,0.623,0.695,-0.055,0.361,0.037,0.59,0.365,0.473,0.647,0.549,0.654,0.638,0.694,0.133,0.065,0.635,0.687,0.668,0.311,0.568,0.74,0.745,0.344,-0.43,0.69
ACB,-0.722,0.678,0.0,-0.809,0.866,0.823,0.022,0.354,0.836,0.816,0.921,-0.005,-0.445,0.678,0.882,0.62,0.962,-0.082,0.897,-0.783,0.267,0.909,0.539,0.839,0.876,-0.247,0.88,0.8,-0.027,0.577,0.889,0.868,0.859,0.896,0.635,0.523,0.624,0.81,0.51,0.383,0.933,0.842,0.81,0.701,0.685,0.772,0.743,0.658,0.532,0.197,0.831,0.849,0.599,0.776,-0.843,0.912,-0.596,0.694,-0.126,0.781,0.75,0.963,0.486,-0.666,0.795,0.193,0.709,0.759,0.626,0.843,-0.205,0.623,0.865,0.66,0.89,0.782,-0.241,0.578,0.921,0.913,-0.592,0.704,0.733,0.81,0.838,0.703,0.795,0.906,-0.887,0.62,-0.636,-0.065,0.886,0.774,0.79,0.94,0.709,0.739,0.897,0.78,0.506,0.836,0.641,0.922,0.68,0.85,0.863,0.671,0.823,0.889,0.443,0.819,0.266,0.298,0.885,0.674,0.854,0.932,0.4,-0.301,0.872,-0.487,-0.586,0.781,0.825,0.818,0.77,0.849,0.744,0.102,-0.552,0.882,0.824,0.618,0.011,0.882,0.752,0.768,0.834,0.863,0.848,-0.529,-0.305,0.301,-0.664,0.851,0.827,0.898,0.087,0.82,0.912,0.787,0.896,0.797,0.683,0.49,0.791,0.677,0.89,0.837,0.927,0.823,0.797,0.648,0.561,0.549,-0.283,0.825,0.678,0.815,0.92,0.878,0.007,0.505,0.904,0.857,0.826,-0.55,0.518,-0.425,0.843,0.303,0.824,0.895,0.754,0.928,0.854,0.848,0.559,0.122,0.905,0.684,0.868,-0.254,0.857,0.543,0.752,0.623,-0.862,0.963
ACGL,0.773,-0.455,-0.809,0.0,-0.616,-0.638,-0.236,-0.256,-0.659,-0.552,-0.737,-0.112,0.398,-0.65,-0.724,-0.5,-0.838,-0.057,-0.759,0.674,0.165,-0.659,-0.324,-0.626,-0.723,0.398,-0.808,-0.63,0.032,-0.594,-0.591,-0.66,-0.686,-0.746,-0.575,-0.111,-0.276,-0.682,-0.12,-0.115,-0.735,-0.664,-0.612,-0.704,-0.568,-0.452,-0.664,-0.389,-0.263,-0.254,-0.621,-0.607,-0.397,-0.502,0.721,-0.742,0.57,-0.624,0.085,-0.768,-0.599,-0.807,-0.278,0.661,-0.52,0.1,-0.574,-0.475,-0.237,-0.574,0.283,-0.298,-0.68,-0.677,-0.769,-0.564,0.114,-0.349,-0.796,-0.685,0.343,-0.671,-0.723,-0.694,-0.654,-0.3,-0.637,-0.793,0.811,-0.492,0.718,-0.022,-0.726,-0.599,-0.656,-0.725,-0.506,-0.469,-0.703,-0.573,-0.224,-0.843,-0.517,-0.671,-0.371,-0.689,-0.606,-0.412,-0.6,-0.716,-0.148,-0.481,-0.33,-0.075,-0.726,-0.453,-0.637,-0.763,-0.081,0.452,-0.727,0.212,0.498,-0.559,-0.677,-0.585,-0.45,-0.662,-0.792,-0.194,0.648,-0.623,-0.632,-0.726,0.077,-0.659,-0.759,-0.69,-0.608,-0.639,-0.687,0.537,0.102,-0.016,0.855,-0.622,-0.607,-0.757,0.171,-0.639,-0.797,-0.641,-0.68,-0.469,-0.654,-0.236,-0.561,-0.56,-0.77,-0.749,-0.73,-0.659,-0.484,-0.374,-0.357,-0.217,0.106,-0.662,-0.456,-0.723,-0.822,-0.725,-0.161,-0.37,-0.739,-0.682,-0.567,0.656,-0.429,0.521,-0.645,-0.358,-0.812,-0.692,-0.514,-0.774,-0.645,-0.628,-0.605,-0.226,-0.808,-0.635,-0.633,0.309,-0.834,-0.306,-0.423,-0.437,0.796,-0.795
ACGLO,-0.551,0.805,0.866,-0.616,0.0,0.716,-0.02,0.528,0.723,0.771,0.784,0.062,-0.24,0.603,0.783,0.575,0.811,-0.02,0.754,-0.594,0.453,0.877,0.574,0.801,0.768,-0.125,0.679,0.656,0.001,0.466,0.853,0.758,0.741,0.779,0.593,0.668,0.704,0.661,0.727,0.482,0.788,0.712,0.709,0.597,0.642,0.779,0.672,0.658,0.62,0.039,0.728,0.84,0.507,0.78,-0.696,0.799,-0.403,0.548,0.013,0.608,0.623,0.853,0.559,-0.454,0.751,0.451,0.594,0.651,0.777,0.809,0.005,0.659,0.747,0.522,0.784,0.716,-0.148,0.57,0.712,0.861,-0.6,0.554,0.578,0.646,0.638,0.791,0.653,0.784,-0.746,0.481,-0.347,-0.074,0.728,0.692,0.64,0.875,0.606,0.704,0.883,0.831,0.64,0.615,0.687,0.842,0.783,0.735,0.805,0.7,0.755,0.766,0.557,0.894,0.137,0.516,0.777,0.664,0.769,0.827,0.553,-0.017,0.752,-0.462,-0.418,0.765,0.672,0.788,0.826,0.746,0.573,0.018,-0.4,0.868,0.806,0.516,0.189,0.783,0.632,0.626,0.769,0.804,0.73,-0.35,-0.215,0.481,-0.4,0.794,0.764,0.808,0.383,0.718,0.772,0.661,0.787,0.844,0.528,0.531,0.778,0.53,0.754,0.662,0.824,0.689,0.822,0.649,0.525,0.688,-0.202,0.753,0.592,0.751,0.739,0.723,0.055,0.546,0.814,0.743,0.812,-0.275,0.451,-0.308,0.741,0.235,0.584,0.793,0.693,0.862,0.772,0.818,0.346,0.012,0.777,0.583,0.803,0.024,0.658,0.618,0.768,0.588,-0.684,0.82
ACIW,-0.626,0.672,0.823,-0.638,0.716,0.0,0.073,0.25,0.93,0.87,0.929,-0.385,-0.666,0.454,0.904,0.367,0.888,-0.352,0.934,-0.866,0.246,0.828,0.424,0.94,0.972,-0.32,0.938,0.788,-0.498,0.743,0.829,0.957,0.952,0.957,0.339,0.655,0.813,0.929,0.608,0.651,0.926,0.944,0.953,0.807,0.838,0.84,0.841,0.841,0.745,0.473,0.885,0.93,0.741,0.814,-0.924,0.783,-0.717,0.772,-0.204,0.828,0.94,0.793,0.728,-0.759,0.906,0.293,0.938,0.867,0.65,0.908,-0.406,0.791,0.96,0.828,0.948,0.933,-0.564,0.766,0.718,0.937,-0.309,0.378,0.504,0.956,0.866,0.735,0.922,0.95,-0.786,0.837,-0.609,-0.27,0.847,0.464,0.934,0.754,0.702,0.913,0.845,0.766,0.673,0.847,0.49,0.899,0.574,0.975,0.908,0.765,0.958,0.945,0.699,0.826,-0.026,0.12,0.929,0.882,0.926,0.938,0.254,0.088,0.944,-0.672,-0.842,0.928,0.939,0.932,0.821,0.856,0.689,-0.255,-0.374,0.878,0.735,0.521,-0.293,0.949,0.623,0.764,0.884,0.934,0.961,-0.585,-0.189,0.326,-0.609,0.93,0.934,0.862,0.151,0.983,0.808,0.936,0.941,0.61,0.786,0.308,0.715,0.921,0.816,0.911,0.814,0.959,0.816,0.864,0.461,0.275,-0.527,0.972,0.845,0.862,0.727,0.963,-0.119,0.78,0.742,0.974,0.93,-0.493,0.8,-0.106,0.967,0.022,0.862,0.957,0.903,0.752,0.965,0.899,0.734,-0.236,0.834,0.688,0.953,-0.103,0.863,0.606,0.707,0.74,-0.57,0.877
ADBE,0.141,0.159,0.022,-0.236,-0.02,0.073,0.0,0.478,-0.154,-0.324,-0.125,0.472,0.302,0.573,-0.023,0.494,0.103,0.585,0.077,0.185,-0.618,-0.201,0.491,-0.147,0.124,-0.331,0.11,-0.374,0.166,0.332,0.016,-0.123,-0.12,0.054,0.51,-0.191,-0.195,-0.109,-0.262,-0.18,-0.02,-0.128,-0.115,0.249,0.303,0.142,0.271,-0.401,-0.022,-0.255,-0.12,-0.145,0.016,-0.268,0.013,0.287,0.353,-0.237,0.653,0.378,-0.143,0.168,-0.248,0.067,-0.279,0.001,-0.069,-0.147,-0.311,-0.145,0.313,-0.363,-0.091,0.07,0.042,-0.156,0.378,-0.501,-0.017,-0.019,0.557,0.4,0.469,0.208,-0.131,-0.26,0.262,0.12,-0.132,-0.195,-0.153,0.7,-0.016,0.291,-0.146,-0.07,-0.379,-0.241,0.067,0.086,0.282,0.169,0.509,-0.117,0.119,0.005,-0.066,-0.369,-0.089,-0.03,-0.356,-0.161,0.065,0.279,0.118,-0.253,-0.201,0.053,-0.471,-0.124,-0.09,0.546,0.13,-0.035,-0.149,0.071,-0.264,0.193,0.417,0.497,-0.497,-0.096,0.176,0.583,0.053,0.029,0.597,-0.284,-0.285,-0.118,-0.046,-0.066,0.613,-0.001,-0.435,0.002,-0.088,0.236,0.244,0.069,0.198,-0.186,-0.139,-0.024,-0.156,-0.571,0.215,-0.083,0.341,-0.072,-0.035,-0.109,-0.343,-0.331,-0.562,-0.485,0.483,-0.001,-0.38,0.26,0.222,-0.034,0.761,0.464,0.25,-0.061,-0.148,-0.503,-0.154,-0.283,-0.103,0.7,0.312,-0.081,-0.308,-0.009,-0.068,-0.224,-0.001,0.434,0.223,-0.044,0.023,-0.053,0.271,-0.073,-0.322,-0.45,-0.142,0.04
ADSK,0.009,0.697,0.354,-0.256,0.528,0.25,0.478,0.0,0.056,0.128,0.167,0.569,0.478,0.714,0.185,0.69,0.323,0.633,0.218,0.101,0.039,0.345,0.673,0.238,0.316,-0.265,0.169,0.054,0.245,0.459,0.528,0.155,0.127,0.277,0.695,0.353,0.196,-0.004,0.434,0.14,0.246,0.103,0.065,0.353,0.388,0.428,0.392,0.018,0.113,-0.305,0.129,0.241,-0.06,0.261,-0.082,0.473,0.309,-0.229,0.732,0.384,-0.001,0.455,0.28,0.244,0.144,0.54,0.074,0.192,0.262,0.197,0.605,0.128,0.124,-0.004,0.285,0.12,0.418,-0.072,0.201,0.355,-0.037,0.516,0.488,0.234,0.014,0.298,0.251,0.287,-0.296,-0.187,0.173,0.595,0.185,0.585,0.028,0.318,-0.001,0.127,0.545,0.649,0.645,0.103,0.879,0.271,0.716,0.191,0.325,-0.007,0.17,0.152,-0.002,0.401,-0.119,0.573,0.369,0.061,0.107,0.249,0.131,0.139,0.133,0.248,0.219,0.273,0.054,0.451,0.297,0.475,0.527,0.451,-0.212,0.37,0.635,0.425,0.357,0.295,0.565,-0.014,0.114,0.223,0.218,-0.093,0.363,0.13,-0.15,0.367,0.196,0.504,0.551,0.234,0.424,0.057,0.154,0.504,-0.209,0.059,0.471,-0.054,0.497,0.089,0.422,0.095,0.248,0.049,0.024,0.231,0.527,0.269,-0.135,0.389,0.373,0.136,0.64,0.568,0.456,0.155,0.219,-0.001,-0.161,-0.061,0.134,0.694,0.213,0.212,0.042,0.374,0.195,0.223,-0.258,0.319,0.31,0.316,0.286,0.402,0.312,0.398,0.254,-0.188,-0.323,0.353
AEP,-0.753,0.536,0.836,-0.659,0.723,0.93,-0.154,0.056,0.0,0.913,0.956,-0.463,-0.777,0.291,0.916,0.216,0.868,-0.529,0.923,-0.931,0.308,0.847,0.267,0.95,0.922,-0.274,0.912,0.863,-0.476,0.582,0.76,0.966,0.982,0.931,0.242,0.601,0.795,0.971,0.597,0.643,0.913,0.968,0.972,0.696,0.738,0.779,0.767,0.886,0.727,0.538,0.923,0.943,0.768,0.849,-0.945,0.702,-0.848,0.89,-0.436,0.746,0.97,0.761,0.707,-0.862,0.933,0.191,0.914,0.816,0.676,0.92,-0.56,0.788,0.974,0.849,0.94,0.928,-0.641,0.837,0.786,0.917,-0.493,0.301,0.398,0.882,0.876,0.731,0.813,0.935,-0.809,0.901,-0.622,-0.49,0.828,0.404,0.973,0.778,0.752,0.907,0.787,0.671,0.487,0.843,0.32,0.898,0.477,0.952,0.854,0.828,0.952,0.975,0.718,0.805,0.076,0.058,0.85,0.931,0.954,0.934,0.335,-0.005,0.974,-0.801,-0.893,0.899,0.97,0.856,0.826,0.788,0.552,-0.357,-0.314,0.866,0.66,0.432,-0.301,0.922,0.502,0.89,0.93,0.936,0.927,-0.556,-0.359,0.322,-0.574,0.86,0.945,0.758,0.024,0.933,0.752,0.959,0.968,0.585,0.877,0.41,0.608,0.906,0.714,0.945,0.805,0.971,0.863,0.881,0.597,0.385,-0.686,0.937,0.938,0.777,0.686,0.967,-0.259,0.571,0.694,0.968,0.925,-0.463,0.825,-0.191,0.978,-0.168,0.803,0.963,0.954,0.786,0.968,0.932,0.805,-0.301,0.807,0.641,0.921,-0.204,0.821,0.508,0.689,0.906,-0.607,0.864
AGIO,-0.701,0.611,0.816,-0.552,0.771,0.87,-0.324,0.128,0.913,0.0,0.929,-0.438,-0.674,0.271,0.861,0.255,0.815,-0.47,0.86,-0.855,0.516,0.91,0.267,0.936,0.851,-0.134,0.823,0.885,-0.427,0.525,0.845,0.944,0.93,0.887,0.2,0.668,0.801,0.893,0.698,0.64,0.884,0.915,0.918,0.632,0.664,0.755,0.686,0.922,0.696,0.444,0.871,0.946,0.65,0.867,-0.87,0.683,-0.764,0.788,-0.389,0.615,0.887,0.736,0.757,-0.705,0.951,0.28,0.858,0.815,0.759,0.911,-0.435,0.873,0.928,0.723,0.874,0.916,-0.565,0.889,0.72,0.908,-0.594,0.277,0.342,0.785,0.838,0.816,0.73,0.844,-0.736,0.801,-0.493,-0.481,0.817,0.441,0.898,0.808,0.815,0.925,0.832,0.751,0.501,0.712,0.317,0.927,0.59,0.881,0.885,0.836,0.912,0.887,0.764,0.874,-0.021,0.098,0.847,0.901,0.939,0.865,0.492,0.073,0.913,-0.81,-0.759,0.862,0.924,0.844,0.895,0.756,0.524,-0.35,-0.187,0.906,0.689,0.275,-0.2,0.877,0.395,0.821,0.935,0.915,0.89,-0.492,-0.411,0.332,-0.39,0.884,0.917,0.742,0.052,0.872,0.721,0.921,0.944,0.657,0.763,0.582,0.634,0.821,0.676,0.879,0.83,0.917,0.936,0.9,0.704,0.554,-0.604,0.906,0.899,0.68,0.63,0.904,-0.372,0.533,0.659,0.912,0.922,-0.241,0.739,-0.105,0.931,-0.179,0.683,0.937,0.94,0.773,0.923,0.958,0.618,-0.347,0.728,0.668,0.888,-0.027,0.71,0.613,0.836,0.837,-0.577,0.847
ALEC,-0.786,0.622,0.921,-0.737,0.784,0.929,-0.125,0.167,0.956,0.929,0.0,-0.316,-0.686,0.445,0.916,0.388,0.934,-0.369,0.946,-0.926,0.298,0.917,0.367,0.938,0.935,-0.277,0.939,0.908,-0.364,0.639,0.854,0.971,0.967,0.957,0.349,0.597,0.736,0.949,0.578,0.512,0.966,0.968,0.935,0.736,0.7,0.765,0.75,0.84,0.618,0.491,0.909,0.93,0.66,0.851,-0.945,0.801,-0.81,0.846,-0.318,0.8,0.926,0.868,0.679,-0.801,0.922,0.168,0.887,0.836,0.672,0.902,-0.469,0.766,0.969,0.79,0.951,0.895,-0.539,0.793,0.868,0.951,-0.527,0.458,0.549,0.886,0.908,0.729,0.83,0.948,-0.857,0.804,-0.668,-0.345,0.911,0.545,0.95,0.867,0.828,0.884,0.876,0.758,0.488,0.856,0.45,0.955,0.557,0.941,0.896,0.792,0.926,0.955,0.617,0.834,0.17,0.068,0.906,0.845,0.961,0.952,0.34,-0.136,0.968,-0.7,-0.813,0.866,0.968,0.867,0.82,0.848,0.698,-0.171,-0.396,0.893,0.752,0.478,-0.235,0.929,0.591,0.864,0.932,0.945,0.945,-0.582,-0.324,0.228,-0.614,0.89,0.922,0.855,0.002,0.924,0.858,0.955,0.979,0.682,0.829,0.457,0.684,0.866,0.811,0.957,0.915,0.96,0.869,0.825,0.628,0.439,-0.527,0.935,0.872,0.789,0.809,0.973,-0.196,0.562,0.761,0.959,0.913,-0.48,0.745,-0.255,0.96,0.008,0.845,0.974,0.908,0.839,0.952,0.938,0.714,-0.185,0.854,0.746,0.914,-0.2,0.877,0.522,0.771,0.796,-0.726,0.946
ALNY,0.176,0.13,-0.005,-0.112,0.062,-0.385,0.472,0.569,-0.463,-0.438,-0.316,0.0,0.766,0.579,-0.33,0.573,-0.075,0.849,-0.248,0.473,-0.315,-0.142,0.42,-0.383,-0.25,-0.046,-0.274,-0.358,0.779,-0.116,-0.001,-0.43,-0.425,-0.236,0.642,-0.257,-0.511,-0.5,-0.196,-0.563,-0.214,-0.441,-0.505,-0.132,-0.216,-0.138,-0.161,-0.636,-0.487,-0.592,-0.39,-0.375,-0.429,-0.355,0.358,0.115,0.654,-0.559,0.742,-0.001,-0.578,0.132,-0.45,0.52,-0.474,0.074,-0.557,-0.352,-0.234,-0.378,0.735,-0.512,-0.43,-0.466,-0.284,-0.51,0.816,-0.682,-0.004,-0.203,0.058,0.586,0.47,-0.311,-0.364,-0.265,-0.277,-0.228,-0.02,-0.706,0.187,0.836,-0.147,0.478,-0.519,0.021,-0.371,-0.525,0.016,0.054,-0.03,-0.232,0.515,-0.211,0.261,-0.383,-0.24,-0.514,-0.449,-0.34,-0.693,-0.177,0.348,0.453,-0.203,-0.602,-0.444,-0.227,-0.147,-0.416,-0.384,0.716,0.668,-0.38,-0.466,-0.209,-0.31,-0.044,0.198,0.799,-0.31,-0.187,0.152,0.262,0.63,-0.262,0.303,-0.415,-0.458,-0.339,-0.354,0.228,0.359,-0.15,-0.054,-0.262,-0.38,0.022,0.228,-0.39,0.115,-0.531,-0.379,0.111,-0.54,-0.119,0.1,-0.64,0.081,-0.368,0.024,-0.476,-0.313,-0.635,-0.207,0.091,0.82,-0.372,-0.673,-0.096,0.182,-0.391,0.736,-0.113,0.158,-0.431,-0.406,-0.015,-0.713,-0.353,-0.457,0.822,-0.151,-0.349,-0.559,0.028,-0.4,-0.372,-0.549,0.684,-0.031,-0.104,-0.296,0.049,-0.07,-0.107,-0.213,-0.648,-0.251,-0.057
ALTR,0.629,-0.03,-0.445,0.398,-0.24,-0.666,0.302,0.478,-0.777,-0.674,-0.686,0.766,0.0,0.149,-0.642,0.197,-0.521,0.821,-0.676,0.842,-0.154,-0.47,0.137,-0.663,-0.618,0.094,-0.686,-0.627,0.677,-0.299,-0.334,-0.728,-0.751,-0.639,0.258,-0.284,-0.56,-0.838,-0.214,-0.459,-0.63,-0.749,-0.789,-0.431,-0.47,-0.415,-0.453,-0.712,-0.578,-0.635,-0.703,-0.637,-0.685,-0.494,0.765,-0.334,0.889,-0.863,0.762,-0.446,-0.819,-0.353,-0.477,0.88,-0.677,0.193,-0.775,-0.562,-0.344,-0.64,0.845,-0.582,-0.759,-0.785,-0.642,-0.703,0.856,-0.725,-0.477,-0.571,0.3,0.1,-0.04,-0.671,-0.699,-0.408,-0.583,-0.627,0.484,-0.896,0.677,0.717,-0.591,0.024,-0.814,-0.422,-0.603,-0.682,-0.308,-0.209,-0.087,-0.643,0.247,-0.585,0.016,-0.705,-0.531,-0.658,-0.715,-0.717,-0.608,-0.402,-0.077,0.31,-0.549,-0.745,-0.734,-0.629,-0.074,0.019,-0.741,0.798,0.906,-0.606,-0.786,-0.476,-0.471,-0.427,-0.217,0.596,0.14,-0.485,-0.188,-0.15,0.545,-0.601,-0.133,-0.7,-0.685,-0.625,-0.665,0.408,0.455,-0.176,0.436,-0.536,-0.69,-0.35,0.302,-0.685,-0.401,-0.788,-0.706,-0.114,-0.882,-0.223,-0.243,-0.85,-0.354,-0.773,-0.396,-0.775,-0.527,-0.706,-0.406,-0.038,0.882,-0.663,-0.847,-0.452,-0.335,-0.751,0.599,-0.244,-0.301,-0.734,-0.647,0.431,-0.815,0.118,-0.752,0.525,-0.597,-0.688,-0.763,-0.373,-0.704,-0.627,-0.867,0.458,-0.489,-0.325,-0.618,0.344,-0.511,-0.19,-0.364,-0.81,0.28,-0.515
AMBA,-0.31,0.672,0.678,-0.65,0.603,0.454,0.573,0.714,0.291,0.271,0.445,0.579,0.149,0.0,0.443,0.865,0.686,0.583,0.536,-0.243,-0.134,0.508,0.797,0.382,0.56,-0.225,0.549,0.272,0.369,0.551,0.673,0.372,0.36,0.548,0.898,0.235,0.182,0.288,0.195,-0.011,0.568,0.329,0.307,0.614,0.536,0.544,0.595,0.068,0.167,-0.264,0.355,0.38,0.238,0.267,-0.419,0.807,0.051,0.116,0.517,0.672,0.207,0.795,0.097,-0.136,0.272,0.232,0.274,0.398,0.215,0.404,0.375,0.154,0.381,0.291,0.511,0.307,0.356,-0.054,0.583,0.561,-0.125,0.905,0.906,0.521,0.386,0.341,0.567,0.558,-0.633,0.055,-0.405,0.645,0.582,0.843,0.246,0.638,0.202,0.256,0.677,0.649,0.528,0.533,0.883,0.535,0.674,0.45,0.545,0.154,0.37,0.446,-0.085,0.476,0.253,0.526,0.61,0.118,0.34,0.566,0.096,-0.332,0.402,0.18,-0.035,0.392,0.306,0.535,0.361,0.629,0.807,0.556,-0.663,0.537,0.737,0.738,0.288,0.517,0.892,0.215,0.301,0.418,0.462,-0.247,0.118,0.181,-0.64,0.549,0.38,0.78,0.282,0.447,0.791,0.255,0.393,0.615,0.147,0.148,0.758,0.186,0.803,0.383,0.643,0.32,0.314,0.097,0.125,0.245,0.376,0.443,0.03,0.662,0.807,0.43,0.548,0.536,0.803,0.404,0.373,-0.489,-0.023,-0.421,0.348,0.86,0.614,0.442,0.188,0.633,0.39,0.36,0.121,0.562,0.707,0.48,0.502,-0.105,0.631,0.439,0.404,-0.057,-0.698,0.667
AMCX,-0.688,0.578,0.882,-0.724,0.783,0.904,-0.023,0.185,0.916,0.861,0.916,-0.33,-0.642,0.443,0.0,0.401,0.902,-0.326,0.914,-0.843,0.27,0.854,0.38,0.888,0.902,-0.279,0.912,0.795,-0.301,0.572,0.768,0.931,0.925,0.902,0.407,0.544,0.765,0.914,0.514,0.597,0.889,0.903,0.92,0.712,0.734,0.782,0.776,0.791,0.719,0.347,0.896,0.911,0.765,0.778,-0.894,0.793,-0.731,0.825,-0.313,0.736,0.893,0.831,0.55,-0.802,0.851,0.182,0.835,0.772,0.632,0.898,-0.42,0.701,0.939,0.788,0.904,0.897,-0.443,0.717,0.813,0.894,-0.457,0.436,0.521,0.876,0.875,0.709,0.85,0.928,-0.823,0.823,-0.662,-0.325,0.827,0.539,0.89,0.828,0.704,0.845,0.811,0.687,0.501,0.856,0.45,0.876,0.506,0.909,0.839,0.79,0.914,0.933,0.648,0.797,0.061,0.161,0.863,0.842,0.92,0.942,0.377,-0.07,0.925,-0.652,-0.763,0.865,0.899,0.843,0.802,0.763,0.596,-0.178,-0.49,0.866,0.691,0.558,-0.169,0.918,0.638,0.812,0.895,0.901,0.882,-0.55,-0.369,0.383,-0.645,0.859,0.891,0.819,0.047,0.884,0.771,0.875,0.942,0.697,0.827,0.423,0.709,0.839,0.815,0.877,0.789,0.911,0.805,0.798,0.503,0.425,-0.531,0.882,0.83,0.84,0.767,0.933,-0.152,0.591,0.797,0.937,0.898,-0.572,0.732,-0.303,0.929,0.019,0.826,0.935,0.869,0.825,0.92,0.869,0.751,-0.135,0.867,0.653,0.921,-0.254,0.822,0.554,0.705,0.779,-0.699,0.871
AMKR,-0.224,0.539,0.62,-0.5,0.575,0.367,0.494,0.69,0.216,0.255,0.388,0.573,0.197,0.865,0.401,0.0,0.571,0.532,0.49,-0.187,-0.04,0.478,0.814,0.271,0.46,-0.207,0.431,0.181,0.421,0.317,0.63,0.339,0.291,0.459,0.818,0.26,0.145,0.241,0.198,-0.019,0.472,0.29,0.245,0.322,0.398,0.538,0.401,0.007,0.138,-0.313,0.322,0.325,0.209,0.224,-0.338,0.782,0.09,0.058,0.506,0.55,0.139,0.731,0.011,-0.114,0.206,0.156,0.126,0.272,0.253,0.313,0.331,0.111,0.324,0.142,0.394,0.197,0.34,-0.1,0.557,0.471,-0.163,0.806,0.777,0.436,0.35,0.308,0.487,0.466,-0.561,-0.024,-0.319,0.605,0.472,0.891,0.195,0.58,0.221,0.168,0.609,0.595,0.427,0.37,0.824,0.46,0.676,0.311,0.423,0.057,0.281,0.354,-0.103,0.423,0.298,0.548,0.522,0.031,0.286,0.462,0.099,-0.402,0.308,0.183,0.041,0.306,0.246,0.464,0.273,0.617,0.669,0.691,-0.609,0.436,0.686,0.582,0.351,0.468,0.791,0.115,0.208,0.329,0.338,-0.182,0.119,0.202,-0.461,0.416,0.332,0.655,0.242,0.339,0.658,0.174,0.358,0.66,0.07,0.09,0.66,0.095,0.775,0.305,0.591,0.265,0.252,0.03,0.082,0.298,0.364,0.333,-0.007,0.475,0.703,0.355,0.503,0.434,0.724,0.309,0.288,-0.485,-0.087,-0.544,0.292,0.832,0.529,0.393,0.124,0.557,0.34,0.275,0.039,0.467,0.611,0.344,0.446,-0.138,0.527,0.235,0.367,-0.106,-0.732,0.578
AMRX,-0.742,0.668,0.962,-0.838,0.811,0.888,0.103,0.323,0.868,0.815,0.934,-0.075,-0.521,0.686,0.902,0.571,0.0,-0.107,0.935,-0.818,0.152,0.887,0.532,0.872,0.936,-0.306,0.952,0.811,-0.144,0.682,0.872,0.897,0.899,0.948,0.597,0.496,0.633,0.86,0.467,0.438,0.95,0.873,0.861,0.813,0.768,0.792,0.833,0.685,0.564,0.269,0.847,0.868,0.668,0.744,-0.896,0.901,-0.631,0.732,-0.135,0.857,0.812,0.952,0.522,-0.717,0.814,0.176,0.805,0.79,0.557,0.872,-0.261,0.649,0.905,0.762,0.933,0.841,-0.299,0.596,0.895,0.931,-0.459,0.685,0.738,0.885,0.87,0.681,0.867,0.952,-0.9,0.696,-0.701,-0.071,0.91,0.707,0.837,0.897,0.684,0.787,0.893,0.777,0.532,0.907,0.621,0.925,0.627,0.912,0.894,0.685,0.873,0.928,0.458,0.802,0.183,0.223,0.917,0.717,0.873,0.957,0.323,-0.24,0.919,-0.496,-0.666,0.825,0.873,0.861,0.779,0.856,0.804,0.017,-0.58,0.902,0.809,0.672,-0.073,0.921,0.793,0.79,0.848,0.89,0.907,-0.56,-0.288,0.279,-0.765,0.895,0.865,0.933,0.046,0.887,0.938,0.837,0.911,0.738,0.733,0.435,0.807,0.759,0.918,0.89,0.904,0.87,0.782,0.688,0.532,0.421,-0.327,0.892,0.706,0.877,0.916,0.927,0.012,0.602,0.906,0.91,0.852,-0.593,0.59,-0.363,0.885,0.284,0.9,0.923,0.793,0.905,0.888,0.86,0.662,0.073,0.948,0.714,0.91,-0.258,0.913,0.574,0.726,0.633,-0.813,0.965
ANSS,0.339,0.213,-0.082,-0.057,-0.02,-0.352,0.585,0.633,-0.529,-0.47,-0.369,0.849,0.821,0.583,-0.326,0.532,-0.107,0.0,-0.303,0.569,-0.365,-0.219,0.416,-0.419,-0.268,-0.062,-0.262,-0.401,0.667,0.084,-0.041,-0.444,-0.47,-0.287,0.583,-0.273,-0.482,-0.54,-0.29,-0.491,-0.278,-0.478,-0.527,-0.023,-0.165,-0.2,-0.082,-0.61,-0.486,-0.578,-0.461,-0.408,-0.491,-0.378,0.422,0.082,0.687,-0.619,0.831,-0.037,-0.569,0.051,-0.436,0.601,-0.487,0.118,-0.49,-0.318,-0.339,-0.404,0.756,-0.507,-0.457,-0.447,-0.295,-0.457,0.886,-0.659,-0.117,-0.266,0.325,0.505,0.412,-0.287,-0.393,-0.316,-0.208,-0.258,0.106,-0.687,0.243,0.903,-0.222,0.353,-0.547,-0.099,-0.411,-0.493,0.01,0.052,0.058,-0.204,0.544,-0.276,0.18,-0.378,-0.234,-0.51,-0.454,-0.403,-0.622,-0.229,0.053,0.329,-0.174,-0.609,-0.472,-0.272,-0.139,-0.233,-0.429,0.822,0.695,-0.378,-0.497,-0.219,-0.322,-0.117,0.273,0.789,-0.28,-0.222,0.117,0.272,0.453,-0.298,0.344,-0.464,-0.453,-0.362,-0.332,0.188,0.453,-0.202,-0.075,-0.218,-0.441,0.076,0.202,-0.371,0.025,-0.521,-0.423,0.092,-0.605,-0.211,0.098,-0.578,0.095,-0.432,-0.073,-0.495,-0.389,-0.595,-0.328,-0.093,0.935,-0.353,-0.711,-0.074,0.113,-0.41,0.733,0.016,0.084,-0.426,-0.429,0.014,-0.647,-0.132,-0.482,0.844,-0.135,-0.386,-0.588,-0.072,-0.436,-0.402,-0.589,0.689,-0.047,0.015,-0.327,0.164,-0.087,-0.014,-0.171,-0.738,-0.104,-0.125
APPN,-0.736,0.59,0.897,-0.759,0.754,0.934,0.077,0.218,0.923,0.86,0.946,-0.248,-0.676,0.536,0.914,0.49,0.935,-0.303,0.0,-0.895,0.162,0.839,0.481,0.903,0.966,-0.294,0.959,0.783,-0.353,0.629,0.844,0.948,0.949,0.969,0.435,0.553,0.712,0.94,0.505,0.509,0.954,0.932,0.935,0.739,0.788,0.837,0.801,0.742,0.676,0.373,0.906,0.907,0.76,0.752,-0.969,0.869,-0.718,0.799,-0.236,0.84,0.893,0.888,0.59,-0.82,0.854,0.153,0.858,0.781,0.591,0.882,-0.429,0.698,0.962,0.831,0.943,0.859,-0.494,0.672,0.844,0.943,-0.402,0.519,0.616,0.936,0.887,0.679,0.893,0.965,-0.887,0.797,-0.74,-0.214,0.882,0.619,0.911,0.839,0.699,0.834,0.845,0.736,0.542,0.888,0.486,0.922,0.585,0.936,0.885,0.716,0.923,0.961,0.567,0.796,0.169,0.174,0.915,0.805,0.902,0.959,0.209,-0.161,0.951,-0.622,-0.8,0.856,0.937,0.878,0.763,0.884,0.733,-0.099,-0.517,0.874,0.761,0.576,-0.18,0.951,0.707,0.768,0.842,0.908,0.923,-0.573,-0.251,0.306,-0.713,0.889,0.931,0.865,0.045,0.937,0.883,0.89,0.943,0.648,0.818,0.339,0.763,0.839,0.88,0.945,0.866,0.935,0.78,0.758,0.514,0.342,-0.499,0.931,0.803,0.839,0.833,0.971,-0.095,0.657,0.83,0.943,0.882,-0.62,0.71,-0.367,0.946,0.126,0.91,0.963,0.851,0.814,0.948,0.872,0.762,-0.112,0.913,0.634,0.948,-0.266,0.889,0.497,0.681,0.718,-0.768,0.934
APTO,0.781,-0.406,-0.783,0.674,-0.594,-0.866,0.185,0.101,-0.931,-0.855,-0.926,0.473,0.842,-0.243,-0.843,-0.187,-0.818,0.569,-0.895,0.0,-0.22,-0.766,-0.185,-0.869,-0.854,0.199,-0.895,-0.839,0.484,-0.523,-0.671,-0.911,-0.933,-0.883,-0.141,-0.481,-0.69,-0.957,-0.436,-0.481,-0.894,-0.938,-0.921,-0.643,-0.606,-0.648,-0.637,-0.806,-0.616,-0.565,-0.879,-0.844,-0.717,-0.742,0.932,-0.675,0.894,-0.922,0.514,-0.709,-0.925,-0.722,-0.604,0.896,-0.855,-0.009,-0.868,-0.75,-0.569,-0.835,0.655,-0.715,-0.93,-0.831,-0.867,-0.841,0.704,-0.781,-0.777,-0.842,0.468,-0.282,-0.401,-0.838,-0.881,-0.603,-0.774,-0.875,0.748,-0.876,0.737,0.492,-0.841,-0.351,-0.942,-0.751,-0.777,-0.835,-0.685,-0.546,-0.327,-0.831,-0.19,-0.853,-0.343,-0.894,-0.796,-0.767,-0.884,-0.913,-0.619,-0.691,-0.223,0.075,-0.801,-0.829,-0.914,-0.875,-0.212,0.173,-0.933,0.754,0.895,-0.798,-0.946,-0.742,-0.703,-0.724,-0.545,0.328,0.353,-0.761,-0.549,-0.368,0.339,-0.834,-0.452,-0.837,-0.872,-0.868,-0.882,0.545,0.363,-0.218,0.6,-0.777,-0.872,-0.706,0.122,-0.867,-0.733,-0.928,-0.913,-0.478,-0.9,-0.405,-0.568,-0.899,-0.666,-0.934,-0.767,-0.935,-0.756,-0.806,-0.536,-0.304,0.688,-0.868,-0.906,-0.701,-0.687,-0.932,0.358,-0.443,-0.62,-0.913,-0.853,0.517,-0.807,0.244,-0.92,0.188,-0.795,-0.904,-0.881,-0.708,-0.897,-0.852,-0.827,0.264,-0.77,-0.602,-0.835,0.317,-0.779,-0.387,-0.627,-0.843,0.604,-0.828
ARCT,-0.003,0.369,0.267,0.165,0.453,0.246,-0.618,0.039,0.308,0.516,0.298,-0.315,-0.154,-0.134,0.27,-0.04,0.152,-0.365,0.162,-0.22,0.0,0.468,0.098,0.413,0.186,0.373,0.078,0.362,-0.043,-0.083,0.385,0.341,0.301,0.202,-0.083,0.625,0.608,0.227,0.69,0.537,0.284,0.292,0.339,-0.005,0.147,0.335,0.061,0.574,0.473,-0.036,0.329,0.447,0.207,0.523,-0.158,0.143,-0.18,0.219,-0.269,-0.125,0.267,0.151,0.461,-0.03,0.52,0.495,0.225,0.462,0.73,0.466,0.023,0.625,0.303,0.012,0.223,0.419,-0.282,0.566,0.108,0.342,-0.605,-0.1,-0.181,0.083,0.279,0.708,0.144,0.145,-0.047,0.279,0.194,-0.395,0.239,0.119,0.238,0.363,0.46,0.479,0.293,0.357,0.358,-0.021,0.019,0.405,0.434,0.272,0.421,0.568,0.369,0.267,0.661,0.583,-0.138,0.339,0.246,0.438,0.41,0.245,0.781,0.378,0.275,-0.573,-0.148,0.404,0.242,0.339,0.606,0.179,-0.2,-0.374,0.334,0.439,0.23,-0.311,0.091,0.274,-0.191,0.282,0.487,0.38,0.285,-0.039,-0.461,0.54,0.437,0.378,0.36,0.148,0.334,0.235,0.073,0.299,0.37,0.389,0.174,0.621,0.276,0.23,0.038,0.138,0.269,0.261,0.602,0.545,0.432,0.703,-0.368,0.271,0.435,0.16,0.032,0.226,-0.503,0.066,0.19,0.308,0.48,0.399,0.225,0.301,0.334,-0.351,-0.113,0.328,0.474,0.318,0.339,0.445,-0.026,-0.308,0.063,0.139,0.33,0.234,-0.064,0.514,0.622,0.472,0.01,0.216
ARWR,-0.722,0.713,0.909,-0.659,0.877,0.828,-0.201,0.345,0.847,0.91,0.917,-0.142,-0.47,0.508,0.854,0.478,0.887,-0.219,0.839,-0.766,0.468,0.0,0.438,0.899,0.845,-0.171,0.811,0.854,-0.174,0.568,0.901,0.891,0.877,0.886,0.448,0.659,0.72,0.812,0.703,0.539,0.902,0.854,0.827,0.672,0.651,0.762,0.698,0.797,0.572,0.299,0.824,0.901,0.54,0.837,-0.81,0.777,-0.636,0.691,-0.192,0.713,0.781,0.86,0.673,-0.603,0.879,0.319,0.758,0.789,0.776,0.876,-0.241,0.781,0.871,0.642,0.873,0.833,-0.342,0.739,0.808,0.921,-0.667,0.516,0.536,0.765,0.8,0.807,0.707,0.858,-0.8,0.655,-0.478,-0.243,0.873,0.649,0.82,0.918,0.793,0.825,0.908,0.861,0.524,0.71,0.551,0.937,0.726,0.839,0.874,0.744,0.85,0.864,0.593,0.883,0.132,0.265,0.868,0.778,0.9,0.875,0.533,-0.065,0.875,-0.628,-0.608,0.832,0.841,0.861,0.868,0.825,0.64,-0.104,-0.318,0.916,0.814,0.413,-0.057,0.864,0.553,0.801,0.887,0.888,0.869,-0.467,-0.375,0.322,-0.457,0.872,0.861,0.826,0.131,0.821,0.83,0.844,0.917,0.759,0.685,0.609,0.705,0.707,0.793,0.837,0.915,0.843,0.915,0.764,0.684,0.631,-0.367,0.86,0.761,0.745,0.763,0.861,-0.149,0.513,0.788,0.862,0.883,-0.28,0.56,-0.229,0.868,0.094,0.702,0.907,0.85,0.893,0.871,0.915,0.505,-0.133,0.782,0.705,0.866,-0.021,0.772,0.64,0.834,0.711,-0.716,0.912
ASND,-0.064,0.62,0.539,-0.324,0.574,0.424,0.491,0.673,0.267,0.267,0.367,0.42,0.137,0.797,0.38,0.814,0.532,0.416,0.481,-0.185,0.098,0.438,0.0,0.361,0.503,-0.055,0.427,0.155,0.3,0.37,0.634,0.346,0.317,0.465,0.749,0.446,0.361,0.253,0.364,0.193,0.491,0.291,0.32,0.403,0.503,0.646,0.464,0.123,0.342,-0.344,0.385,0.388,0.343,0.259,-0.368,0.735,0.128,0.1,0.487,0.52,0.204,0.669,0.145,-0.078,0.312,0.435,0.241,0.415,0.339,0.428,0.378,0.248,0.358,0.188,0.427,0.299,0.224,-0.025,0.462,0.524,-0.09,0.699,0.676,0.476,0.34,0.496,0.539,0.479,-0.527,0.099,-0.236,0.533,0.46,0.769,0.196,0.543,0.163,0.283,0.566,0.588,0.644,0.364,0.785,0.502,0.69,0.402,0.52,0.24,0.387,0.42,0.073,0.524,0.15,0.67,0.501,0.171,0.31,0.492,0.235,-0.136,0.359,0.045,-0.031,0.414,0.245,0.537,0.406,0.586,0.554,0.413,-0.517,0.517,0.661,0.513,0.261,0.5,0.741,0.101,0.29,0.403,0.388,-0.1,0.054,0.425,-0.382,0.517,0.391,0.648,0.489,0.422,0.629,0.198,0.376,0.616,0.083,0.123,0.758,0.166,0.687,0.288,0.544,0.278,0.34,0.174,0.049,0.28,0.212,0.407,0.075,0.586,0.635,0.372,0.45,0.577,0.731,0.37,0.385,-0.363,-0.01,-0.26,0.338,0.688,0.455,0.411,0.223,0.498,0.388,0.313,0.062,0.395,0.611,0.291,0.514,-0.098,0.461,0.422,0.423,0.004,-0.544,0.537
ASTH,-0.692,0.693,0.839,-0.626,0.801,0.94,-0.147,0.238,0.95,0.936,0.938,-0.383,-0.663,0.382,0.888,0.271,0.872,-0.419,0.903,-0.869,0.413,0.899,0.361,0.0,0.936,-0.239,0.883,0.855,-0.458,0.666,0.853,0.955,0.968,0.944,0.312,0.683,0.858,0.916,0.731,0.698,0.93,0.935,0.951,0.768,0.801,0.832,0.815,0.91,0.755,0.433,0.906,0.976,0.713,0.882,-0.907,0.731,-0.734,0.791,-0.314,0.725,0.922,0.785,0.805,-0.725,0.966,0.367,0.921,0.869,0.747,0.95,-0.368,0.857,0.957,0.803,0.955,0.949,-0.573,0.85,0.731,0.962,-0.521,0.338,0.416,0.87,0.838,0.832,0.804,0.925,-0.785,0.838,-0.505,-0.388,0.84,0.453,0.924,0.81,0.727,0.95,0.857,0.8,0.648,0.797,0.442,0.94,0.64,0.961,0.932,0.845,0.972,0.951,0.765,0.9,-0.03,0.181,0.894,0.94,0.948,0.926,0.42,0.133,0.962,-0.773,-0.796,0.94,0.935,0.929,0.916,0.822,0.597,-0.369,-0.255,0.942,0.747,0.424,-0.207,0.931,0.522,0.837,0.946,0.96,0.953,-0.517,-0.345,0.386,-0.506,0.936,0.957,0.813,0.195,0.951,0.791,0.942,0.956,0.634,0.791,0.505,0.702,0.868,0.732,0.909,0.842,0.948,0.936,0.916,0.611,0.471,-0.583,0.972,0.893,0.833,0.685,0.943,-0.23,0.659,0.733,0.964,0.965,-0.312,0.766,-0.076,0.966,-0.093,0.755,0.965,0.957,0.825,0.966,0.971,0.675,-0.258,0.798,0.666,0.946,-0.006,0.78,0.669,0.773,0.846,-0.565,0.882
ATSG,-0.68,0.676,0.876,-0.723,0.768,0.972,0.124,0.316,0.922,0.851,0.935,-0.25,-0.618,0.56,0.902,0.46,0.936,-0.268,0.966,-0.854,0.186,0.845,0.503,0.936,0.0,-0.346,0.956,0.777,-0.387,0.735,0.861,0.95,0.951,0.979,0.456,0.625,0.77,0.921,0.582,0.602,0.946,0.932,0.942,0.814,0.864,0.873,0.864,0.787,0.718,0.376,0.895,0.929,0.745,0.798,-0.94,0.853,-0.673,0.755,-0.159,0.868,0.906,0.871,0.689,-0.761,0.885,0.27,0.904,0.823,0.614,0.911,-0.348,0.748,0.959,0.842,0.967,0.904,-0.486,0.699,0.791,0.96,-0.351,0.49,0.594,0.955,0.859,0.727,0.922,0.977,-0.858,0.797,-0.638,-0.189,0.863,0.574,0.908,0.802,0.654,0.879,0.875,0.795,0.658,0.872,0.562,0.915,0.627,0.966,0.914,0.73,0.951,0.958,0.625,0.836,0.041,0.209,0.939,0.838,0.906,0.959,0.252,-0.006,0.95,-0.621,-0.79,0.908,0.928,0.933,0.812,0.901,0.747,-0.157,-0.443,0.903,0.787,0.608,-0.198,0.967,0.72,0.77,0.862,0.934,0.956,-0.566,-0.195,0.342,-0.688,0.933,0.943,0.9,0.157,0.972,0.877,0.905,0.937,0.651,0.774,0.323,0.772,0.86,0.876,0.921,0.854,0.94,0.804,0.81,0.486,0.318,-0.469,0.967,0.795,0.89,0.799,0.967,-0.026,0.76,0.825,0.965,0.91,-0.544,0.727,-0.229,0.956,0.132,0.893,0.965,0.873,0.817,0.963,0.896,0.727,-0.13,0.896,0.672,0.967,-0.158,0.892,0.573,0.698,0.71,-0.68,0.916
AVTX,0.277,-0.167,-0.247,0.398,-0.125,-0.32,-0.331,-0.265,-0.274,-0.134,-0.277,-0.046,0.094,-0.225,-0.279,-0.207,-0.306,-0.062,-0.294,0.199,0.373,-0.171,-0.055,-0.239,-0.346,0.0,-0.331,-0.225,0.244,-0.396,-0.228,-0.271,-0.276,-0.305,-0.247,0.063,0.001,-0.267,-0.049,-0.094,-0.216,-0.285,-0.214,-0.258,-0.34,-0.244,-0.393,-0.102,-0.045,-0.332,-0.211,-0.233,-0.069,-0.226,0.254,-0.198,0.204,-0.12,-0.166,-0.421,-0.282,-0.251,-0.278,0.265,-0.193,0.062,-0.26,-0.14,0.086,-0.094,0.086,0.0,-0.249,-0.292,-0.37,-0.178,0.051,-0.086,-0.269,-0.24,-0.11,-0.175,-0.17,-0.378,-0.201,-0.018,-0.209,-0.365,0.384,-0.125,0.072,-0.078,-0.096,-0.164,-0.335,-0.018,-0.069,-0.146,-0.315,-0.314,-0.197,-0.278,-0.367,-0.154,-0.158,-0.261,-0.126,0.089,-0.204,-0.257,0.047,-0.089,0.128,0.1,-0.283,-0.19,-0.171,-0.236,0.352,0.039,-0.261,0.073,0.239,-0.236,-0.312,-0.359,-0.063,-0.384,-0.443,-0.145,0.091,-0.168,-0.389,-0.444,0.175,-0.335,-0.353,-0.29,-0.134,-0.227,-0.276,0.259,-0.247,0.255,0.369,-0.186,-0.28,-0.241,0.133,-0.293,-0.266,-0.286,-0.245,-0.108,-0.135,0.314,0.016,-0.243,-0.321,-0.348,-0.283,-0.315,-0.14,-0.108,-0.068,0.168,-0.005,-0.299,-0.108,-0.205,-0.208,-0.294,-0.392,-0.368,-0.168,-0.261,-0.125,0.284,-0.175,0.126,-0.263,-0.222,-0.396,-0.287,-0.181,-0.196,-0.285,-0.215,-0.251,-0.04,-0.255,-0.292,-0.244,-0.106,-0.446,0.076,0.05,-0.095,0.306,-0.259
BCPC,-0.749,0.572,0.88,-0.808,0.679,0.938,0.11,0.169,0.912,0.823,0.939,-0.274,-0.686,0.549,0.912,0.431,0.952,-0.262,0.959,-0.895,0.078,0.811,0.427,0.883,0.956,-0.331,0.0,0.811,-0.349,0.722,0.79,0.928,0.938,0.959,0.431,0.461,0.656,0.935,0.394,0.479,0.94,0.919,0.918,0.823,0.782,0.761,0.841,0.73,0.61,0.426,0.875,0.866,0.734,0.718,-0.949,0.835,-0.751,0.824,-0.255,0.869,0.904,0.867,0.552,-0.832,0.834,0.087,0.895,0.802,0.491,0.862,-0.455,0.651,0.946,0.867,0.946,0.877,-0.464,0.659,0.847,0.905,-0.325,0.536,0.638,0.95,0.903,0.615,0.904,0.967,-0.871,0.819,-0.773,-0.202,0.895,0.553,0.912,0.805,0.686,0.829,0.822,0.689,0.485,0.944,0.476,0.896,0.487,0.948,0.867,0.709,0.91,0.95,0.524,0.732,0.128,0.049,0.909,0.783,0.898,0.95,0.202,-0.183,0.948,-0.573,-0.813,0.836,0.936,0.847,0.729,0.826,0.772,-0.117,-0.542,0.848,0.718,0.628,-0.274,0.925,0.73,0.809,0.855,0.896,0.942,-0.585,-0.272,0.224,-0.794,0.877,0.888,0.888,-0.032,0.934,0.877,0.905,0.924,0.601,0.831,0.32,0.723,0.874,0.873,0.945,0.835,0.936,0.739,0.745,0.479,0.242,-0.471,0.927,0.793,0.867,0.841,0.97,-0.079,0.635,0.812,0.95,0.855,-0.65,0.723,-0.299,0.928,0.134,0.95,0.939,0.838,0.81,0.917,0.852,0.807,-0.059,0.92,0.71,0.913,-0.304,0.923,0.506,0.666,0.699,-0.724,0.919
BEAM,-0.735,0.512,0.8,-0.63,0.656,0.788,-0.374,0.054,0.863,0.885,0.908,-0.358,-0.627,0.272,0.795,0.181,0.811,-0.401,0.783,-0.839,0.362,0.854,0.155,0.855,0.777,-0.225,0.811,0.0,-0.336,0.54,0.739,0.859,0.865,0.819,0.214,0.514,0.631,0.82,0.525,0.433,0.855,0.857,0.811,0.65,0.48,0.573,0.606,0.825,0.437,0.564,0.794,0.821,0.495,0.841,-0.808,0.586,-0.795,0.772,-0.404,0.624,0.843,0.717,0.652,-0.663,0.883,0.196,0.799,0.811,0.592,0.79,-0.451,0.733,0.844,0.626,0.814,0.816,-0.505,0.834,0.793,0.826,-0.551,0.353,0.418,0.698,0.87,0.649,0.629,0.783,-0.716,0.709,-0.542,-0.444,0.803,0.388,0.858,0.757,0.855,0.844,0.774,0.633,0.319,0.733,0.278,0.854,0.411,0.823,0.827,0.792,0.808,0.831,0.566,0.76,0.081,-0.139,0.733,0.783,0.866,0.809,0.389,-0.099,0.866,-0.688,-0.728,0.719,0.896,0.744,0.797,0.662,0.557,-0.228,-0.188,0.821,0.587,0.268,-0.222,0.804,0.353,0.851,0.892,0.863,0.865,-0.514,-0.417,0.037,-0.462,0.795,0.803,0.712,-0.143,0.775,0.713,0.886,0.873,0.594,0.726,0.586,0.524,0.75,0.598,0.86,0.844,0.86,0.858,0.793,0.782,0.489,-0.528,0.81,0.839,0.641,0.692,0.851,-0.327,0.357,0.58,0.847,0.812,-0.257,0.653,-0.032,0.839,-0.129,0.668,0.85,0.861,0.738,0.814,0.878,0.592,-0.229,0.684,0.774,0.757,-0.164,0.727,0.538,0.777,0.784,-0.585,0.828
BILI,0.233,-0.083,-0.027,0.032,0.001,-0.498,0.166,0.245,-0.476,-0.427,-0.364,0.779,0.677,0.369,-0.301,0.421,-0.144,0.667,-0.353,0.484,-0.043,-0.174,0.3,-0.458,-0.387,0.244,-0.349,-0.336,0.0,-0.399,-0.136,-0.456,-0.468,-0.364,0.518,-0.291,-0.449,-0.523,-0.297,-0.473,-0.276,-0.484,-0.507,-0.315,-0.358,-0.208,-0.306,-0.579,-0.426,-0.733,-0.37,-0.415,-0.322,-0.375,0.447,0.039,0.608,-0.457,0.409,-0.242,-0.604,0.046,-0.649,0.469,-0.464,-0.054,-0.632,-0.348,-0.21,-0.336,0.633,-0.493,-0.46,-0.552,-0.398,-0.484,0.793,-0.633,0.017,-0.31,-0.131,0.483,0.307,-0.446,-0.295,-0.199,-0.322,-0.342,0.121,-0.614,0.195,0.62,-0.182,0.406,-0.577,0.027,-0.34,-0.503,-0.146,-0.18,-0.249,-0.276,0.263,-0.25,0.09,-0.456,-0.287,-0.384,-0.466,-0.369,-0.572,-0.21,0.352,0.423,-0.329,-0.608,-0.433,-0.274,0.188,-0.483,-0.431,0.583,0.693,-0.435,-0.52,-0.363,-0.286,-0.262,-0.115,0.669,-0.223,-0.224,-0.061,0.096,0.601,-0.327,0.145,-0.353,-0.392,-0.394,-0.439,0.341,-0.06,0.067,0.068,-0.348,-0.434,-0.114,0.121,-0.508,-0.058,-0.583,-0.382,0.169,-0.498,0.093,0.062,-0.658,-0.049,-0.476,-0.125,-0.531,-0.303,-0.589,-0.156,0.271,0.611,-0.504,-0.582,-0.192,0.107,-0.446,0.399,-0.422,0.141,-0.464,-0.423,0.014,-0.746,-0.342,-0.494,0.606,-0.277,-0.407,-0.521,0.049,-0.46,-0.417,-0.511,0.704,-0.095,-0.245,-0.348,-0.21,-0.248,-0.137,-0.125,-0.515,-0.178,-0.161
BJRI,-0.462,0.656,0.577,-0.594,0.466,0.743,0.332,0.459,0.582,0.525,0.639,-0.116,-0.299,0.551,0.572,0.317,0.682,0.084,0.629,-0.523,-0.083,0.568,0.37,0.666,0.735,-0.396,0.722,0.54,-0.399,0.0,0.612,0.632,0.643,0.704,0.395,0.366,0.478,0.588,0.339,0.373,0.65,0.636,0.591,0.856,0.698,0.525,0.749,0.513,0.345,0.399,0.508,0.594,0.301,0.563,-0.599,0.59,-0.444,0.422,0.116,0.757,0.632,0.598,0.605,-0.406,0.577,0.253,0.744,0.6,0.286,0.558,-0.159,0.456,0.63,0.653,0.748,0.643,-0.236,0.466,0.497,0.653,0.016,0.386,0.49,0.73,0.507,0.392,0.69,0.723,-0.563,0.504,-0.381,0.055,0.618,0.329,0.636,0.477,0.392,0.608,0.704,0.675,0.585,0.697,0.607,0.605,0.453,0.717,0.65,0.393,0.644,0.618,0.351,0.498,-0.135,-0.001,0.747,0.549,0.598,0.635,0.058,0.126,0.65,-0.208,-0.519,0.641,0.626,0.706,0.508,0.673,0.799,-0.054,-0.318,0.616,0.61,0.535,-0.333,0.638,0.642,0.533,0.599,0.648,0.745,-0.456,0.134,-0.023,-0.613,0.712,0.587,0.779,0.157,0.742,0.657,0.678,0.614,0.352,0.473,0.092,0.51,0.643,0.672,0.64,0.625,0.656,0.492,0.536,0.208,-0.063,-0.051,0.757,0.451,0.722,0.578,0.671,0.219,0.72,0.531,0.679,0.594,-0.329,0.518,0.06,0.635,0.254,0.714,0.638,0.544,0.559,0.639,0.62,0.434,0.028,0.622,0.715,0.619,0.134,0.749,0.486,0.451,0.339,-0.387,0.663
BLUE,-0.562,0.811,0.889,-0.591,0.853,0.829,0.016,0.528,0.76,0.845,0.854,-0.001,-0.334,0.673,0.768,0.63,0.872,-0.041,0.844,-0.671,0.385,0.901,0.634,0.853,0.861,-0.228,0.79,0.739,-0.136,0.612,0.0,0.838,0.812,0.879,0.582,0.67,0.685,0.722,0.716,0.487,0.893,0.785,0.773,0.686,0.741,0.861,0.763,0.693,0.585,0.147,0.781,0.859,0.548,0.779,-0.784,0.86,-0.429,0.512,0.05,0.73,0.69,0.89,0.662,-0.467,0.824,0.41,0.714,0.802,0.693,0.838,-0.018,0.738,0.818,0.568,0.848,0.776,-0.226,0.604,0.751,0.93,-0.524,0.621,0.64,0.789,0.737,0.812,0.753,0.832,-0.791,0.533,-0.418,0.021,0.82,0.753,0.726,0.858,0.656,0.788,0.933,0.91,0.718,0.665,0.706,0.927,0.863,0.817,0.911,0.636,0.816,0.816,0.519,0.897,0.038,0.399,0.891,0.693,0.803,0.851,0.409,-0.024,0.806,-0.512,-0.501,0.805,0.777,0.898,0.843,0.888,0.74,0.021,-0.339,0.92,0.912,0.479,0.054,0.883,0.667,0.628,0.786,0.842,0.838,-0.463,-0.207,0.336,-0.463,0.907,0.843,0.879,0.275,0.83,0.887,0.749,0.838,0.811,0.505,0.499,0.815,0.626,0.849,0.777,0.923,0.786,0.858,0.698,0.597,0.574,-0.22,0.85,0.628,0.747,0.795,0.819,0.023,0.682,0.834,0.811,0.833,-0.293,0.455,-0.199,0.813,0.313,0.721,0.872,0.755,0.828,0.838,0.859,0.391,0.006,0.797,0.667,0.879,0.04,0.763,0.677,0.811,0.524,-0.714,0.915
