,AAL,AAON,ACB,ACGL,ACGLO,ACIW,ADBE,ADSK,AEP,AGIO,ALEC,ALNY,ALTR,AMBA,AMCX,AMKR,AMRX,ANSS,APPN,APTO,ARCT,ARWR,ASND,ASTH,ATSG,AVTX,BCPC,BEAM,BILI,BJRI,BLUE,BPOP,BRKL,BWIN,BZUN,CARG,CBRL,CBSH,CBUS,CENTA,CERS,CFFN,CHCO,CHEF,CHRD,CINF,CLLS,CMCO,CMCSA,COLL,COMM,COOP,CPB,CRON,CROX,CRUS,CRWD,CTAS,CYBR,CYTK,DGII,DIOD,DOMO,DPZ,DSGR,DXCM,ERIE,ESTA,EXEL,FAST,FCEL,FCFS,FHB,FITBI,FSV,FTDR,FUTU,GLDD,GLPG,GLPI,GOGO,GOSS,GSAT,GYRE,HALO,HAS,HLIT,HLNE,HSDT,HSIC,HTHT,ICHR,IDYA,IMVT,INDB,INSM,IONS,IOSP,ITRI,JBHT,JBLU,JSM,KLIC,KOD,KURA,LAB,LASR,LIN,LKQ,LNT,MBUU,MCRI,MDGL,MEDP,MGNI,MGPI,MGRC,MKTX,MRNA,MRTN,MSEX,MSFT,MU,NAVI,NBTB,NEO,NEOG,NGNE,NSSC,NTAP,NTES,NTLA,NTRS,NYMTN,OBLG,OCFC,ON,ONC,OPI,OSIS,OSW,PALI,PANW,PCAR,PCRX,PCTY,PEBO,PLAB,PLAY,PLMR,PLSE,PLUS,PRTA,PSEC,PSNL,PTCT,PTON,QNST,QRVO,QTTB,RARE,RBCAA,RGNX,SAIC,SGMO,SINT,SNPS,SPSC,SPTN,SSYS,STNE,TBBK,TCPC,TENB,TGTX,TREE,TRUP,TTWO,TW,TXG,UBSI,UCTT,UFPT,UMBF,UPBD,URBN,VBTX,VCTR,VEON,VNET,VRSK,VSEC,WABC,WTFCM,WVE,WW,WWD,XEL,ZD,ZYME
AAL,0.0,0.078,-0.292,0.304,-0.208,-0.516,0.748,0.608,-0.704,-0.154,-0.33,-0.018,0.692,0.695,-0.211,0.58,-0.104,0.672,0.151,0.702,0.364,-0.114,0.595,-0.421,-0.129,0.595,-0.357,-0.409,0.48,0.446,-0.025,-0.312,-0.402,-0.414,0.611,0.499,-0.115,-0.431,-0.089,-0.211,-0.383,-0.309,-0.3,0.263,0.44,-0.31,-0.25,-0.321,-0.289,-0.489,-0.453,-0.263,-0.494,-0.096,0.706,0.649,0.677,-0.52,0.728,-0.243,-0.291,0.448,-0.394,0.556,-0.444,0.4,-0.483,0.316,-0.574,-0.255,0.656,-0.452,-0.357,-0.343,-0.454,-0.602,0.68,-0.285,-0.17,-0.423,0.715,0.552,0.706,-0.022,-0.288,-0.428,-0.294,-0.233,0.553,-0.501,0.613,0.744,-0.324,0.38,-0.524,-0.094,-0.457,-0.019,-0.219,-0.176,0.333,-0.64,0.649,-0.246,0.406,0.184,-0.022,-0.44,0.312,-0.663,-0.147,-0.258,0.241,0.507,0.168,-0.613,-0.006,-0.506,0.59,-0.128,-0.596,0.66,0.704,-0.292,-0.462,-0.415,-0.225,-0.097,0.342,0.705,0.032,-0.095,-0.028,0.463,0.445,-0.156,0.596,-0.606,-0.453,-0.088,-0.038,0.463,0.668,0.487,0.277,-0.392,-0.232,0.603,0.689,-0.303,-0.002,-0.434,-0.157,0.478,-0.622,0.002,0.652,-0.446,0.578,-0.634,-0.656,-0.405,-0.331,-0.406,-0.488,0.082,0.68,-0.32,-0.547,0.522,0.424,-0.437,0.624,0.336,0.472,-0.209,-0.306,0.417,-0.294,-0.158,-0.373,0.706,-0.389,-0.383,-0.41,0.216,-0.247,-0.126,-0.73,0.591,0.339,0.373,-0.078,-0.185,-0.332,0.543,0.364,-0.697,0.609,-0.472
AAON,0.078,0.0,0.538,0.016,0.696,0.226,0.162,0.536,0.103,0.292,0.235,0.138,0.178,0.309,0.225,0.1,0.472,0.223,0.071,0.023,0.465,0.429,0.418,0.344,0.342,-0.035,0.177,0.012,0.012,0.174,0.651,0.242,0.22,0.275,0.339,0.379,0.364,0.068,0.565,0.33,0.382,0.205,0.186,0.336,0.399,0.361,0.394,0.203,0.284,-0.083,0.098,0.219,0.018,0.432,-0.071,0.314,0.106,-0.096,0.275,0.074,0.129,0.411,0.327,0.216,0.287,0.067,0.072,0.223,0.202,0.312,0.313,0.244,0.188,0.057,0.189,0.199,0.152,0.237,-0.001,0.415,-0.153,0.195,0.212,0.307,-0.033,0.174,0.125,0.338,-0.063,0.014,0.27,0.152,0.308,0.408,0.08,0.616,0.041,0.3,0.692,0.468,0.54,0.069,0.409,0.415,0.645,0.187,0.65,0.23,0.416,0.19,0.345,0.1,-0.43,0.41,0.582,0.226,0.238,0.342,0.117,0.309,0.147,0.003,0.088,0.283,0.101,0.271,0.451,0.516,0.463,0.017,-0.017,0.475,0.622,0.195,0.253,0.288,0.404,0.046,0.326,0.349,0.325,-0.042,0.13,0.286,0.399,0.436,0.237,0.358,0.403,0.384,0.454,0.136,0.216,0.36,-0.092,0.359,0.45,0.142,0.298,0.002,0.39,0.148,0.272,0.317,-0.026,0.503,0.172,0.375,0.039,0.35,0.279,0.179,0.129,0.369,0.446,0.277,0.306,0.351,0.212,0.114,0.201,0.151,0.221,0.282,0.099,0.447,0.258,0.377,-0.2,0.069,0.064,0.154,0.376,0.577,0.142,0.264,0.148,0.025,-0.104,0.417
ACB,-0.292,0.538,0.0,-0.383,0.651,0.574,-0.367,0.197,0.526,0.632,0.719,-0.209,-0.242,-0.11,0.687,-0.147,0.794,-0.253,0.404,-0.441,0.572,0.766,-0.018,0.72,0.665,-0.364,0.623,0.487,-0.292,-0.096,0.754,0.723,0.703,0.636,-0.007,0.311,0.629,0.589,0.729,0.631,0.685,0.678,0.64,0.223,0.33,0.566,0.529,0.63,0.518,0.27,0.513,0.636,0.317,0.805,-0.502,0.155,-0.412,0.445,-0.219,0.409,0.583,0.422,0.644,-0.381,0.718,-0.203,0.368,0.29,0.448,0.671,-0.21,0.625,0.665,0.418,0.59,0.49,-0.284,0.643,0.607,0.761,-0.497,-0.113,-0.175,0.56,0.482,0.521,0.31,0.75,-0.464,0.468,-0.002,-0.334,0.582,0.344,0.612,0.801,0.517,0.596,0.792,0.66,0.451,0.398,0.059,0.708,0.444,0.338,0.606,0.571,0.242,0.605,0.626,0.428,-0.383,0.053,0.642,0.607,0.559,0.721,0.071,0.405,0.617,-0.452,-0.354,0.63,0.61,0.542,0.745,0.742,0.339,-0.23,0.13,0.727,0.733,-0.125,-0.035,0.702,0.225,0.568,0.76,0.69,0.583,-0.308,-0.2,0.062,0.075,0.654,0.657,0.169,-0.016,0.676,0.403,0.59,0.668,0.344,0.39,0.645,0.241,0.529,0.213,0.502,0.641,0.634,0.676,0.688,0.372,0.672,-0.266,0.699,0.535,0.147,0.4,0.675,-0.249,0.182,0.33,0.649,0.657,0.077,0.457,0.251,0.672,-0.253,0.65,0.736,0.527,0.641,0.68,0.715,0.221,-0.319,0.073,0.169,0.678,0.297,0.603,0.037,0.034,0.455,-0.451,0.751
ACGL,0.304,0.016,-0.383,0.0,-0.091,-0.255,0.331,0.016,-0.224,-0.366,-0.45,0.162,0.188,0.116,-0.216,-0.026,-0.397,0.131,-0.295,0.224,-0.157,-0.458,0.17,-0.343,-0.289,0.121,-0.301,-0.397,0.314,-0.091,-0.255,-0.353,-0.342,-0.21,0.159,-0.118,-0.111,-0.357,-0.286,-0.121,-0.306,-0.36,-0.317,-0.21,-0.136,0.135,-0.108,-0.329,0.022,-0.166,-0.099,-0.387,0.114,-0.404,0.362,0.078,0.308,-0.282,0.213,-0.231,-0.279,-0.18,-0.404,0.31,-0.354,0.06,-0.032,-0.262,-0.134,-0.17,0.214,-0.328,-0.348,-0.398,-0.306,-0.119,0.212,-0.47,-0.406,-0.26,0.1,0.021,0.079,-0.335,-0.338,-0.137,0.121,-0.356,0.21,-0.235,-0.037,0.225,-0.378,0.044,-0.37,-0.361,-0.53,-0.219,-0.338,-0.333,0.098,-0.29,0.049,-0.447,-0.042,-0.144,-0.175,-0.124,0.128,-0.259,-0.197,-0.181,-0.168,0.163,-0.23,-0.272,-0.34,-0.189,-0.029,-0.068,-0.326,0.252,0.207,-0.214,-0.375,-0.083,-0.22,-0.422,-0.164,0.043,-0.312,-0.299,-0.287,0.059,0.203,-0.316,0.278,-0.436,-0.425,-0.341,-0.215,-0.005,0.042,0.151,0.342,-0.166,-0.372,-0.084,0.261,-0.189,-0.383,-0.34,-0.471,-0.101,-0.306,-0.409,0.21,-0.26,-0.006,-0.366,-0.26,-0.389,-0.366,-0.25,-0.225,-0.247,0.122,-0.329,-0.263,-0.081,-0.286,-0.341,0.06,0.269,-0.045,-0.329,-0.221,-0.091,-0.009,-0.116,-0.33,0.092,-0.241,-0.333,-0.235,-0.222,-0.328,-0.405,-0.236,0.164,0.174,-0.263,-0.266,-0.178,-0.349,-0.043,-0.222,-0.212,0.165,-0.389
ACGLO,-0.208,0.696,0.651,-0.091,0.0,0.26,0.095,0.398,0.186,0.238,0.176,0.27,0.113,0.196,0.236,0.071,0.429,0.124,-0.094,-0.022,0.309,0.394,0.373,0.304,0.217,-0.028,0.092,-0.126,0.09,0.146,0.503,0.218,0.216,0.203,0.3,0.289,0.292,0.075,0.448,0.351,0.298,0.174,0.192,0.052,0.292,0.435,0.194,0.108,0.309,-0.151,0.138,0.139,0.188,0.381,-0.212,0.266,0.049,0.015,0.114,-0.109,0.058,0.374,0.187,0.009,0.25,0.187,0.01,-0.063,0.221,0.24,0.198,0.206,0.166,0.041,0.111,0.279,0.055,0.169,0.029,0.39,-0.429,0.07,-0.001,0.171,-0.127,0.115,0.14,0.308,-0.042,0.063,0.156,0.013,0.146,0.432,0.083,0.731,-0.033,0.152,0.685,0.267,0.225,0.185,0.324,0.314,0.524,-0.027,0.415,0.236,0.509,0.286,0.283,-0.062,-0.339,0.465,0.478,0.317,0.216,0.429,-0.055,0.115,0.175,-0.049,0.017,0.183,0.063,0.284,0.358,0.522,0.164,-0.046,-0.043,0.375,0.421,0.321,0.325,0.244,0.294,0.082,0.346,0.241,0.163,-0.031,0.015,0.379,0.349,0.375,0.199,0.229,0.306,0.329,0.358,0.04,0.198,0.345,0.023,0.308,0.273,0.121,0.196,0.022,0.413,0.114,0.181,0.312,-0.093,0.542,0.068,0.305,0.049,0.258,0.087,0.184,0.005,0.101,0.473,0.212,0.221,0.059,0.295,-0.208,0.166,0.023,0.242,0.254,-0.0,0.412,0.193,0.277,-0.009,0.059,-0.034,-0.118,0.347,0.519,0.025,0.056,0.059,0.098,-0.385,0.299
ACIW,-0.516,0.226,0.574,-0.255,0.26,0.0,-0.614,-0.344,0.896,0.332,0.588,-0.197,-0.762,-0.705,0.69,-0.738,0.422,-0.688,0.194,-0.852,0.082,0.375,-0.462,0.791,0.625,-0.667,0.739,0.693,-0.659,-0.567,0.347,0.702,0.744,0.849,-0.633,-0.24,0.731,0.727,0.466,0.72,0.605,0.576,0.692,0.088,-0.08,0.763,0.731,0.701,0.779,0.768,0.848,0.65,0.729,0.501,-0.816,-0.498,-0.797,0.69,-0.701,0.64,0.737,-0.301,0.731,-0.603,0.833,-0.674,0.841,-0.049,0.872,0.745,-0.677,0.813,0.735,0.533,0.843,0.95,-0.743,0.586,0.312,0.817,-0.626,-0.714,-0.645,0.415,0.655,0.82,0.694,0.662,-0.773,0.811,-0.622,-0.798,0.689,-0.244,0.793,0.204,0.642,0.532,0.584,0.661,0.382,0.761,-0.59,0.515,-0.184,0.013,0.385,0.885,-0.181,0.878,0.688,0.728,-0.555,-0.443,0.209,0.888,0.259,0.799,-0.516,0.732,0.859,-0.844,-0.832,0.788,0.762,0.845,0.687,0.269,-0.012,-0.765,-0.148,0.532,0.391,-0.634,-0.425,0.589,-0.172,0.798,0.816,0.512,0.403,-0.7,-0.702,-0.339,-0.209,0.851,0.591,-0.41,-0.439,0.763,-0.034,0.802,0.452,-0.32,0.777,0.328,-0.207,0.829,-0.429,0.818,0.632,0.72,0.718,0.837,0.69,0.055,-0.749,0.8,0.85,-0.306,-0.199,0.792,-0.776,-0.113,-0.304,0.591,0.827,-0.398,0.732,0.675,0.77,-0.784,0.754,0.808,0.801,0.066,0.677,0.474,0.742,-0.756,-0.41,-0.305,0.501,0.233,0.681,-0.453,-0.446,0.831,-0.459,0.694
ADBE,0.748,0.162,-0.367,0.331,0.095,-0.614,0.0,0.672,-0.821,-0.413,-0.636,0.355,0.841,0.818,-0.494,0.659,-0.31,0.874,-0.27,0.862,0.126,-0.328,0.76,-0.654,-0.45,0.773,-0.671,-0.787,0.71,0.543,-0.197,-0.617,-0.679,-0.667,0.705,0.42,-0.38,-0.709,-0.282,-0.427,-0.615,-0.572,-0.579,0.114,0.335,-0.37,-0.488,-0.658,-0.408,-0.699,-0.639,-0.622,-0.57,-0.361,0.806,0.663,0.864,-0.721,0.853,-0.581,-0.613,0.38,-0.653,0.705,-0.677,0.631,-0.673,-0.024,-0.641,-0.552,0.806,-0.673,-0.666,-0.551,-0.751,-0.63,0.826,-0.537,-0.514,-0.62,0.608,0.591,0.747,-0.277,-0.697,-0.677,-0.351,-0.509,0.776,-0.71,0.606,0.869,-0.508,0.435,-0.792,-0.065,-0.732,-0.339,-0.138,-0.45,0.017,-0.677,0.761,-0.492,0.403,-0.183,-0.2,-0.632,0.466,-0.794,-0.432,-0.624,0.341,0.71,0.094,-0.715,-0.231,-0.654,0.359,-0.387,-0.815,0.86,0.862,-0.561,-0.775,-0.531,-0.498,-0.137,0.271,0.777,-0.018,-0.355,-0.231,0.744,0.602,-0.48,0.575,-0.817,-0.618,-0.397,-0.35,0.623,0.784,0.62,0.444,-0.579,-0.543,0.567,0.782,-0.505,0.001,-0.735,-0.454,0.416,-0.756,-0.201,0.533,-0.629,0.478,-0.875,-0.719,-0.718,-0.644,-0.618,-0.768,0.026,0.866,-0.521,-0.803,0.471,0.168,-0.708,0.67,0.126,0.498,-0.508,-0.579,0.345,-0.322,-0.531,-0.675,0.769,-0.539,-0.645,-0.736,0.053,-0.567,-0.386,-0.756,0.81,0.092,0.121,-0.345,0.116,-0.647,0.373,0.326,-0.85,0.516,-0.71
ADSK,0.608,0.536,0.197,0.016,0.398,-0.344,0.672,0.0,-0.545,0.099,-0.101,0.211,0.782,0.814,-0.079,0.6,0.261,0.766,0.156,0.645,0.529,0.329,0.743,-0.132,0.06,0.472,-0.269,-0.32,0.496,0.55,0.422,-0.132,-0.211,-0.222,0.785,0.663,0.009,-0.349,0.345,-0.051,-0.118,-0.125,-0.192,0.414,0.586,-0.096,-0.098,-0.198,-0.221,-0.48,-0.346,-0.111,-0.56,0.225,0.553,0.75,0.64,-0.529,0.818,-0.142,-0.232,0.75,-0.105,0.622,-0.21,0.474,-0.451,0.317,-0.417,-0.104,0.783,-0.255,-0.228,-0.303,-0.306,-0.448,0.726,-0.084,-0.001,-0.075,0.381,0.638,0.796,0.08,-0.327,-0.302,-0.248,0.01,0.432,-0.513,0.776,0.713,-0.076,0.703,-0.388,0.445,-0.327,0.118,0.37,0.153,0.418,-0.517,0.872,0.058,0.807,0.195,0.244,-0.327,0.46,-0.476,-0.08,-0.228,0.124,0.692,0.473,-0.382,0.178,-0.251,0.567,-0.031,-0.415,0.581,0.712,-0.118,-0.338,-0.177,0.061,0.357,0.647,0.682,0.243,0.258,0.4,0.604,0.6,0.046,0.665,-0.411,-0.18,0.116,0.123,0.409,0.688,0.492,0.612,-0.148,-0.048,0.737,0.804,-0.098,0.431,-0.307,0.033,0.704,-0.619,0.373,0.723,-0.401,0.689,-0.484,-0.215,-0.274,-0.073,-0.219,-0.429,0.526,0.756,-0.042,-0.471,0.616,0.599,-0.284,0.702,0.378,0.69,-0.068,-0.134,0.689,-0.244,-0.213,-0.229,0.71,-0.252,-0.157,-0.333,0.546,-0.084,0.175,-0.765,0.563,0.265,0.456,0.119,0.319,-0.129,0.587,0.397,-0.601,0.318,-0.105
AEP,-0.704,0.103,0.526,-0.224,0.186,0.896,-0.821,-0.545,0.0,0.34,0.61,-0.254,-0.9,-0.863,0.673,-0.844,0.356,-0.878,0.18,-0.961,-0.042,0.333,-0.615,0.787,0.578,-0.826,0.737,0.764,-0.7,-0.689,0.251,0.703,0.766,0.859,-0.732,-0.426,0.671,0.774,0.402,0.686,0.632,0.591,0.689,-0.093,-0.233,0.733,0.706,0.699,0.762,0.847,0.89,0.663,0.819,0.445,-0.87,-0.658,-0.919,0.793,-0.879,0.659,0.734,-0.424,0.722,-0.727,0.816,-0.751,0.887,-0.12,0.905,0.74,-0.827,0.816,0.747,0.56,0.886,0.927,-0.852,0.56,0.391,0.807,-0.767,-0.786,-0.817,0.341,0.681,0.868,0.679,0.641,-0.877,0.869,-0.724,-0.944,0.625,-0.336,0.855,0.146,0.688,0.447,0.395,0.606,0.252,0.823,-0.765,0.485,-0.33,0.057,0.317,0.882,-0.338,0.967,0.632,0.753,-0.518,-0.567,0.033,0.918,0.225,0.834,-0.523,0.656,0.93,-0.963,-0.944,0.773,0.809,0.833,0.644,0.168,-0.218,-0.897,-0.142,0.457,0.337,-0.762,-0.51,0.555,-0.348,0.889,0.768,0.453,0.352,-0.789,-0.872,-0.463,-0.286,0.815,0.592,-0.604,-0.627,0.712,-0.116,0.829,0.426,-0.443,0.862,0.241,-0.398,0.792,-0.565,0.919,0.74,0.76,0.718,0.808,0.769,0.009,-0.914,0.723,0.922,-0.456,-0.312,0.812,-0.835,-0.055,-0.447,0.567,0.799,-0.486,0.668,0.631,0.784,-0.908,0.697,0.81,0.858,0.005,0.673,0.427,0.831,-0.864,-0.361,-0.359,0.444,0.071,0.706,-0.534,-0.538,0.984,-0.594,0.75
AGIO,-0.154,0.292,0.632,-0.366,0.238,0.332,-0.413,0.099,0.34,0.0,0.904,-0.717,-0.249,-0.022,0.685,0.104,0.895,-0.329,0.825,-0.341,0.709,0.871,-0.101,0.772,0.848,-0.143,0.782,0.589,-0.613,0.211,0.771,0.853,0.819,0.602,-0.103,0.582,0.601,0.767,0.773,0.647,0.829,0.889,0.84,0.601,0.612,0.218,0.522,0.813,0.355,0.12,0.282,0.821,0.185,0.834,-0.492,0.304,-0.386,0.565,-0.16,0.481,0.72,0.552,0.751,-0.526,0.742,-0.038,0.172,0.741,0.099,0.712,-0.237,0.673,0.818,0.774,0.543,0.156,-0.374,0.895,0.629,0.691,0.012,-0.033,-0.115,0.862,0.688,0.357,-0.064,0.847,-0.284,0.552,0.178,-0.265,0.735,-0.019,0.704,0.68,0.644,0.853,0.499,0.568,0.433,0.353,0.091,0.896,0.431,0.848,0.754,0.487,0.295,0.48,0.749,0.379,-0.336,-0.115,0.761,0.56,0.887,0.669,0.489,0.444,0.608,-0.395,-0.35,0.628,0.761,0.237,0.782,0.747,0.435,-0.213,0.473,0.857,0.62,-0.052,-0.352,0.87,0.038,0.507,0.73,0.892,0.893,-0.042,0.004,0.145,-0.308,0.559,0.884,0.43,0.014,0.764,0.6,0.673,0.941,0.43,0.422,0.79,0.396,0.63,0.473,0.54,0.42,0.819,0.749,0.721,0.309,0.517,-0.27,0.757,0.559,0.471,0.556,0.768,-0.126,0.485,0.368,0.901,0.643,0.4,0.305,0.321,0.787,-0.13,0.715,0.741,0.558,0.668,0.831,0.938,0.189,-0.408,0.502,0.64,0.889,0.054,0.661,0.491,0.408,0.332,0.077,0.727
ALEC,-0.33,0.235,0.719,-0.45,0.176,0.588,-0.636,-0.101,0.61,0.904,0.0,-0.714,-0.508,-0.323,0.81,-0.218,0.871,-0.559,0.77,-0.623,0.585,0.854,-0.334,0.897,0.899,-0.436,0.919,0.815,-0.741,-0.084,0.685,0.956,0.94,0.799,-0.361,0.323,0.726,0.913,0.766,0.718,0.876,0.962,0.912,0.493,0.399,0.383,0.663,0.936,0.507,0.438,0.555,0.913,0.343,0.872,-0.668,0.017,-0.669,0.762,-0.433,0.697,0.878,0.332,0.887,-0.683,0.891,-0.339,0.473,0.605,0.387,0.835,-0.512,0.815,0.939,0.817,0.783,0.434,-0.602,0.945,0.765,0.83,-0.233,-0.293,-0.355,0.835,0.84,0.609,0.184,0.932,-0.55,0.749,-0.1,-0.546,0.856,-0.146,0.898,0.586,0.83,0.87,0.548,0.716,0.454,0.544,-0.187,0.9,0.194,0.711,0.695,0.701,0.067,0.696,0.817,0.62,-0.355,-0.362,0.626,0.727,0.824,0.791,0.248,0.585,0.817,-0.638,-0.606,0.796,0.922,0.465,0.845,0.654,0.356,-0.44,0.34,0.844,0.651,-0.346,-0.499,0.896,-0.053,0.758,0.891,0.912,0.873,-0.334,-0.271,-0.129,-0.39,0.701,0.915,0.153,-0.232,0.847,0.423,0.885,0.939,0.236,0.651,0.725,0.163,0.804,0.205,0.771,0.58,0.947,0.881,0.85,0.556,0.421,-0.511,0.869,0.788,0.2,0.42,0.917,-0.362,0.307,0.094,0.93,0.818,0.184,0.471,0.539,0.925,-0.416,0.825,0.892,0.784,0.589,0.93,0.935,0.415,-0.625,0.291,0.455,0.841,0.018,0.854,0.189,0.141,0.599,-0.119,0.869
ALNY,-0.018,0.138,-0.209,0.162,0.27,-0.197,0.355,0.211,-0.254,-0.717,-0.714,0.0,0.364,0.191,-0.622,0.026,-0.558,0.459,-0.77,0.335,-0.52,-0.501,0.331,-0.563,-0.684,0.081,-0.714,-0.539,0.676,-0.078,-0.27,-0.703,-0.68,-0.474,0.357,-0.364,-0.554,-0.736,-0.425,-0.52,-0.551,-0.762,-0.745,-0.522,-0.455,-0.065,-0.418,-0.705,-0.343,-0.212,-0.287,-0.646,-0.217,-0.579,0.346,-0.155,0.443,-0.663,0.298,-0.472,-0.728,-0.244,-0.532,0.63,-0.529,0.142,-0.233,-0.656,0.025,-0.594,0.444,-0.486,-0.711,-0.773,-0.439,-0.058,0.471,-0.751,-0.5,-0.423,-0.223,0.261,0.28,-0.77,-0.668,-0.276,0.0,-0.657,0.179,-0.627,0.044,0.326,-0.588,0.41,-0.64,-0.168,-0.503,-0.754,0.018,-0.28,-0.333,-0.236,0.141,-0.564,0.017,-0.794,-0.464,-0.459,-0.153,-0.34,-0.668,-0.358,0.166,0.364,-0.465,-0.393,-0.742,-0.448,-0.484,-0.424,-0.494,0.353,0.414,-0.534,-0.671,-0.108,-0.519,-0.291,-0.191,0.275,-0.348,-0.546,-0.205,0.213,0.592,-0.65,-0.01,-0.418,-0.525,-0.711,-0.747,0.068,0.035,-0.055,0.608,-0.317,-0.693,-0.25,0.058,-0.612,-0.147,-0.631,-0.742,-0.189,-0.506,-0.435,-0.256,-0.632,-0.306,-0.457,-0.026,-0.716,-0.521,-0.587,-0.271,-0.064,0.359,-0.568,-0.558,-0.352,-0.3,-0.66,0.231,-0.397,-0.06,-0.758,-0.549,-0.197,-0.368,-0.4,-0.675,0.252,-0.621,-0.565,-0.539,-0.407,-0.694,-0.693,-0.239,0.428,-0.476,-0.522,-0.65,0.367,-0.563,-0.354,-0.232,-0.307,-0.384,-0.399
ALTR,0.692,0.178,-0.242,0.188,0.113,-0.762,0.841,0.782,-0.9,-0.249,-0.508,0.364,0.0,0.927,-0.524,0.813,-0.157,0.954,-0.147,0.939,0.209,-0.121,0.74,-0.635,-0.429,0.722,-0.667,-0.678,0.79,0.66,-0.014,-0.588,-0.658,-0.707,0.89,0.518,-0.503,-0.741,-0.163,-0.508,-0.507,-0.509,-0.615,0.148,0.332,-0.532,-0.547,-0.618,-0.649,-0.786,-0.769,-0.545,-0.787,-0.234,0.853,0.725,0.919,-0.808,0.955,-0.543,-0.654,0.582,-0.59,0.808,-0.673,0.702,-0.806,0.155,-0.765,-0.592,0.924,-0.697,-0.666,-0.6,-0.763,-0.807,0.941,-0.487,-0.263,-0.616,0.617,0.847,0.904,-0.285,-0.63,-0.723,-0.565,-0.477,0.766,-0.856,0.84,0.952,-0.515,0.584,-0.787,0.097,-0.641,-0.322,-0.097,-0.374,-0.044,-0.76,0.895,-0.357,0.564,-0.036,-0.163,-0.752,0.393,-0.856,-0.523,-0.631,0.409,0.694,0.107,-0.802,-0.156,-0.667,0.55,-0.524,-0.833,0.916,0.965,-0.619,-0.741,-0.638,-0.439,0.007,0.376,0.915,0.134,-0.244,-0.067,0.779,0.669,-0.405,0.498,-0.779,-0.628,-0.307,-0.251,0.693,0.862,0.498,0.544,-0.622,-0.49,0.677,0.753,-0.568,0.229,-0.743,-0.334,0.59,-0.89,-0.021,0.531,-0.767,0.625,-0.867,-0.542,-0.687,-0.54,-0.684,-0.698,0.248,0.962,-0.566,-0.857,0.511,0.443,-0.726,0.887,0.135,0.595,-0.476,-0.645,0.587,-0.599,-0.553,-0.681,0.928,-0.621,-0.66,-0.758,0.227,-0.544,-0.277,-0.906,0.856,0.31,0.374,-0.308,0.084,-0.557,0.558,0.507,-0.917,0.454,-0.561
AMBA,0.695,0.309,-0.11,0.116,0.196,-0.705,0.818,0.814,-0.863,-0.022,-0.323,0.191,0.927,0.0,-0.427,0.909,0.061,0.902,0.019,0.902,0.4,0.059,0.817,-0.471,-0.247,0.794,-0.505,-0.643,0.622,0.803,0.191,-0.41,-0.49,-0.617,0.877,0.728,-0.371,-0.58,0.016,-0.369,-0.305,-0.317,-0.411,0.331,0.565,-0.493,-0.457,-0.454,-0.551,-0.857,-0.759,-0.398,-0.728,-0.07,0.72,0.873,0.89,-0.708,0.95,-0.528,-0.527,0.748,-0.437,0.687,-0.522,0.798,-0.832,0.36,-0.796,-0.442,0.917,-0.54,-0.491,-0.388,-0.696,-0.789,0.841,-0.275,-0.217,-0.468,0.656,0.868,0.89,-0.025,-0.538,-0.698,-0.628,-0.308,0.794,-0.73,0.884,0.953,-0.343,0.57,-0.667,0.297,-0.532,-0.135,0.025,-0.296,0.051,-0.699,0.965,-0.126,0.709,0.172,0.091,-0.68,0.59,-0.757,-0.338,-0.64,0.306,0.768,0.374,-0.684,0.084,-0.534,0.663,-0.441,-0.73,0.865,0.909,-0.507,-0.61,-0.633,-0.274,0.247,0.474,0.872,0.297,-0.061,0.064,0.862,0.584,-0.218,0.531,-0.738,-0.457,-0.116,-0.035,0.758,0.91,0.662,0.43,-0.508,-0.287,0.843,0.803,-0.381,0.451,-0.638,-0.124,0.718,-0.812,0.136,0.685,-0.603,0.79,-0.793,-0.496,-0.524,-0.436,-0.515,-0.73,0.36,0.926,-0.396,-0.779,0.708,0.559,-0.559,0.851,0.28,0.757,-0.26,-0.526,0.693,-0.505,-0.54,-0.524,0.939,-0.444,-0.515,-0.697,0.35,-0.38,-0.067,-0.857,0.827,0.447,0.512,-0.074,0.172,-0.505,0.734,0.678,-0.891,0.525,-0.434
AMCX,-0.211,0.225,0.687,-0.216,0.236,0.69,-0.494,-0.079,0.673,0.685,0.81,-0.622,-0.524,-0.427,0.0,-0.42,0.692,-0.566,0.672,-0.638,0.571,0.686,-0.358,0.847,0.871,-0.5,0.87,0.744,-0.604,-0.357,0.504,0.902,0.891,0.856,-0.37,0.164,0.891,0.87,0.696,0.856,0.69,0.833,0.869,0.326,0.304,0.666,0.762,0.866,0.779,0.576,0.765,0.844,0.533,0.788,-0.569,-0.051,-0.678,0.774,-0.482,0.732,0.919,0.16,0.76,-0.668,0.844,-0.535,0.671,0.336,0.559,0.905,-0.554,0.728,0.896,0.684,0.81,0.599,-0.536,0.783,0.645,0.831,-0.337,-0.48,-0.442,0.681,0.765,0.725,0.498,0.901,-0.66,0.795,-0.262,-0.609,0.727,-0.052,0.845,0.43,0.632,0.837,0.519,0.717,0.592,0.478,-0.269,0.656,0.104,0.532,0.547,0.847,0.041,0.712,0.876,0.742,-0.446,-0.285,0.493,0.751,0.614,0.81,0.126,0.753,0.808,-0.674,-0.626,0.88,0.847,0.652,0.828,0.419,0.219,-0.484,-0.025,0.775,0.576,-0.447,-0.365,0.838,0.201,0.739,0.813,0.818,0.702,-0.506,-0.392,-0.063,-0.287,0.739,0.82,-0.005,-0.127,0.834,0.017,0.866,0.764,0.116,0.711,0.575,0.212,0.784,0.082,0.715,0.458,0.845,0.838,0.856,0.618,0.368,-0.565,0.848,0.827,0.083,0.203,0.874,-0.468,0.323,0.046,0.832,0.903,-0.048,0.675,0.568,0.907,-0.538,0.796,0.903,0.858,0.563,0.902,0.784,0.443,-0.677,0.129,0.183,0.77,-0.042,0.839,-0.032,-0.17,0.671,-0.197,0.726
AMKR,0.58,0.1,-0.147,-0.026,0.071,-0.738,0.659,0.6,-0.844,0.104,-0.218,0.026,0.813,0.909,-0.42,0.0,0.101,0.774,0.131,0.832,0.38,0.066,0.691,-0.455,-0.241,0.818,-0.415,-0.58,0.484,0.834,0.152,-0.351,-0.422,-0.648,0.774,0.741,-0.455,-0.465,-0.038,-0.387,-0.238,-0.221,-0.326,0.331,0.53,-0.658,-0.495,-0.369,-0.633,-0.914,-0.833,-0.312,-0.707,-0.075,0.605,0.834,0.803,-0.576,0.827,-0.563,-0.485,0.737,-0.409,0.481,-0.479,0.815,-0.901,0.455,-0.858,-0.452,0.778,-0.512,-0.404,-0.219,-0.689,-0.848,0.701,-0.171,-0.118,-0.516,0.73,0.863,0.772,0.06,-0.423,-0.759,-0.83,-0.273,0.789,-0.64,0.853,0.861,-0.348,0.406,-0.582,0.297,-0.406,-0.133,-0.085,-0.401,-0.153,-0.607,0.871,-0.031,0.589,0.269,0.076,-0.705,0.545,-0.717,-0.308,-0.684,0.354,0.629,0.345,-0.641,0.167,-0.505,0.709,-0.558,-0.672,0.82,0.821,-0.557,-0.519,-0.799,-0.293,0.297,0.344,0.838,0.338,-0.076,-0.05,0.839,0.441,-0.171,0.348,-0.686,-0.394,-0.064,-0.003,0.87,0.885,0.635,0.174,-0.566,-0.215,0.837,0.618,-0.39,0.486,-0.598,0.02,0.717,-0.7,0.137,0.568,-0.53,0.814,-0.727,-0.512,-0.425,-0.419,-0.493,-0.682,0.304,0.819,-0.408,-0.725,0.722,0.6,-0.493,0.83,0.19,0.745,-0.167,-0.559,0.608,-0.584,-0.604,-0.463,0.905,-0.371,-0.507,-0.688,0.307,-0.339,-0.019,-0.712,0.777,0.564,0.605,-0.014,0.066,-0.498,0.759,0.862,-0.848,0.539,-0.411
AMRX,-0.104,0.472,0.794,-0.397,0.429,0.422,-0.31,0.261,0.356,0.895,0.871,-0.558,-0.157,0.061,0.692,0.101,0.0,-0.204,0.722,-0.303,0.772,0.924,0.065,0.781,0.85,-0.148,0.741,0.557,-0.465,0.189,0.843,0.832,0.789,0.613,0.02,0.626,0.655,0.694,0.852,0.712,0.803,0.84,0.803,0.61,0.657,0.326,0.565,0.774,0.398,0.118,0.315,0.79,0.178,0.893,-0.457,0.339,-0.318,0.47,-0.082,0.485,0.689,0.632,0.745,-0.397,0.766,-0.04,0.188,0.723,0.177,0.738,-0.124,0.698,0.78,0.649,0.545,0.243,-0.277,0.857,0.638,0.732,-0.08,0.049,-0.028,0.842,0.647,0.411,0.012,0.858,-0.292,0.508,0.234,-0.198,0.741,0.167,0.658,0.791,0.62,0.842,0.678,0.655,0.515,0.36,0.203,0.898,0.539,0.732,0.815,0.518,0.347,0.506,0.737,0.387,-0.349,0.034,0.811,0.561,0.843,0.683,0.435,0.477,0.599,-0.364,-0.283,0.66,0.701,0.334,0.839,0.836,0.504,-0.149,0.427,0.904,0.737,0.001,-0.175,0.885,0.169,0.526,0.788,0.909,0.866,-0.065,0.011,0.212,-0.102,0.62,0.851,0.465,0.095,0.777,0.645,0.645,0.906,0.539,0.355,0.87,0.466,0.605,0.491,0.484,0.467,0.759,0.757,0.731,0.292,0.664,-0.184,0.793,0.517,0.496,0.621,0.745,-0.079,0.397,0.487,0.867,0.677,0.407,0.327,0.357,0.765,-0.078,0.698,0.761,0.544,0.757,0.818,0.93,0.131,-0.318,0.366,0.56,0.899,0.173,0.662,0.453,0.386,0.31,-0.007,0.751
ANSS,0.672,0.223,-0.253,0.131,0.124,-0.688,0.874,0.766,-0.878,-0.329,-0.559,0.459,0.954,0.902,-0.566,0.774,-0.204,0.0,-0.234,0.925,0.125,-0.19,0.758,-0.668,-0.483,0.733,-0.697,-0.707,0.773,0.634,-0.046,-0.628,-0.705,-0.729,0.837,0.455,-0.542,-0.772,-0.234,-0.561,-0.564,-0.566,-0.656,0.127,0.278,-0.523,-0.56,-0.661,-0.65,-0.756,-0.766,-0.6,-0.79,-0.28,0.819,0.669,0.906,-0.843,0.93,-0.599,-0.681,0.506,-0.613,0.831,-0.676,0.692,-0.787,0.071,-0.711,-0.639,0.905,-0.702,-0.704,-0.638,-0.776,-0.729,0.94,-0.504,-0.346,-0.637,0.611,0.81,0.894,-0.32,-0.672,-0.737,-0.528,-0.532,0.764,-0.864,0.761,0.945,-0.525,0.562,-0.811,0.051,-0.626,-0.376,-0.019,-0.378,-0.089,-0.706,0.862,-0.39,0.504,-0.168,-0.169,-0.751,0.377,-0.848,-0.564,-0.657,0.395,0.676,0.091,-0.789,-0.227,-0.713,0.408,-0.527,-0.847,0.917,0.952,-0.65,-0.77,-0.616,-0.494,-0.009,0.4,0.921,0.11,-0.307,-0.096,0.757,0.659,-0.462,0.477,-0.784,-0.616,-0.365,-0.32,0.679,0.847,0.455,0.532,-0.618,-0.551,0.638,0.699,-0.597,0.206,-0.758,-0.4,0.536,-0.878,-0.076,0.461,-0.747,0.55,-0.865,-0.542,-0.729,-0.588,-0.696,-0.708,0.19,0.973,-0.566,-0.878,0.449,0.383,-0.744,0.827,0.036,0.53,-0.533,-0.671,0.522,-0.553,-0.543,-0.719,0.892,-0.611,-0.671,-0.784,0.112,-0.595,-0.332,-0.854,0.879,0.154,0.307,-0.375,0.202,-0.601,0.462,0.48,-0.916,0.406,-0.586
APPN,0.151,0.071,0.404,-0.295,-0.094,0.194,-0.27,0.156,0.18,0.825,0.77,-0.77,-0.147,0.019,0.672,0.131,0.722,-0.234,0.0,-0.227,0.741,0.736,-0.125,0.617,0.815,-0.089,0.691,0.602,-0.479,0.086,0.6,0.747,0.691,0.528,-0.06,0.55,0.577,0.686,0.68,0.557,0.641,0.763,0.728,0.603,0.611,0.143,0.507,0.739,0.309,0.155,0.263,0.793,0.059,0.721,-0.245,0.337,-0.29,0.479,-0.085,0.584,0.698,0.531,0.65,-0.426,0.599,-0.171,0.178,0.76,0.013,0.677,-0.183,0.516,0.722,0.685,0.513,-0.009,-0.231,0.746,0.657,0.543,0.228,0.028,0.032,0.773,0.695,0.351,-0.094,0.758,-0.276,0.45,0.237,-0.151,0.6,0.03,0.596,0.416,0.541,0.831,0.254,0.568,0.547,0.132,0.097,0.714,0.363,0.881,0.592,0.395,0.084,0.275,0.684,0.506,-0.09,-0.12,0.61,0.338,0.779,0.467,0.631,0.473,0.47,-0.286,-0.208,0.604,0.656,0.136,0.652,0.54,0.466,-0.039,0.374,0.753,0.575,-0.13,-0.272,0.789,0.22,0.421,0.527,0.809,0.785,-0.012,0.09,0.118,-0.313,0.405,0.792,0.429,0.079,0.605,0.375,0.627,0.838,0.442,0.333,0.715,0.488,0.497,0.53,0.442,0.165,0.7,0.709,0.537,0.367,0.43,-0.174,0.622,0.476,0.433,0.641,0.637,-0.001,0.513,0.327,0.792,0.606,0.443,0.159,0.395,0.703,-0.033,0.529,0.639,0.581,0.67,0.786,0.834,0.04,-0.33,0.537,0.686,0.771,-0.185,0.664,0.486,0.378,0.218,0.258,0.568
APTO,0.702,0.023,-0.441,0.224,-0.022,-0.852,0.862,0.645,-0.961,-0.341,-0.623,0.335,0.939,0.902,-0.638,0.832,-0.303,0.925,-0.227,0.0,0.075,-0.278,0.704,-0.752,-0.556,0.821,-0.754,-0.79,0.753,0.701,-0.191,-0.691,-0.757,-0.835,0.814,0.457,-0.616,-0.798,-0.326,-0.609,-0.633,-0.604,-0.677,0.091,0.293,-0.639,-0.663,-0.709,-0.706,-0.853,-0.864,-0.656,-0.768,-0.393,0.86,0.676,0.954,-0.833,0.908,-0.683,-0.736,0.462,-0.719,0.777,-0.794,0.781,-0.883,0.098,-0.859,-0.705,0.887,-0.785,-0.75,-0.595,-0.88,-0.868,0.91,-0.556,-0.399,-0.753,0.698,0.803,0.841,-0.338,-0.722,-0.834,-0.643,-0.611,0.868,-0.869,0.766,0.959,-0.626,0.425,-0.868,-0.05,-0.726,-0.431,-0.273,-0.555,-0.193,-0.792,0.823,-0.473,0.413,-0.092,-0.256,-0.844,0.405,-0.916,-0.608,-0.758,0.438,0.668,-0.0,-0.862,-0.219,-0.787,0.501,-0.597,-0.918,0.96,0.961,-0.74,-0.826,-0.759,-0.584,-0.126,0.217,0.894,0.142,-0.398,-0.269,0.815,0.597,-0.515,0.389,-0.882,-0.734,-0.433,-0.355,0.764,0.851,0.53,0.395,-0.753,-0.58,0.624,0.701,-0.672,0.144,-0.844,-0.429,0.496,-0.886,-0.179,0.432,-0.808,0.563,-0.927,-0.695,-0.771,-0.692,-0.777,-0.795,0.087,0.936,-0.685,-0.925,0.494,0.293,-0.806,0.857,0.081,0.517,-0.563,-0.771,0.511,-0.627,-0.643,-0.779,0.914,-0.697,-0.779,-0.858,0.053,-0.66,-0.404,-0.846,0.879,0.298,0.316,-0.402,0.007,-0.708,0.547,0.523,-0.959,0.537,-0.72
ARCT,0.364,0.465,0.572,-0.157,0.309,0.082,0.126,0.529,-0.042,0.709,0.585,-0.52,0.209,0.4,0.571,0.38,0.772,0.125,0.741,0.075,0.0,0.74,0.306,0.495,0.693,0.159,0.48,0.255,-0.103,0.332,0.698,0.579,0.512,0.35,0.379,0.811,0.556,0.415,0.74,0.548,0.522,0.598,0.558,0.624,0.809,0.19,0.43,0.529,0.289,-0.165,0.075,0.573,-0.068,0.729,0.007,0.677,0.06,0.196,0.283,0.32,0.47,0.789,0.455,-0.133,0.448,0.119,-0.054,0.762,-0.1,0.561,0.209,0.32,0.518,0.435,0.271,-0.097,0.094,0.587,0.484,0.44,0.211,0.321,0.287,0.726,0.385,0.154,-0.125,0.664,-0.003,0.211,0.519,0.188,0.476,0.402,0.312,0.702,0.238,0.736,0.464,0.477,0.646,-0.063,0.515,0.65,0.741,0.772,0.675,0.264,0.496,0.11,0.637,0.227,-0.119,0.368,0.824,0.188,0.728,0.383,0.736,0.373,0.23,0.013,0.102,0.469,0.366,0.065,0.627,0.692,0.549,0.206,0.312,0.745,0.639,0.253,0.07,0.687,0.545,0.153,0.455,0.745,0.737,0.183,0.349,0.523,0.042,0.327,0.64,0.697,0.521,0.527,0.491,0.351,0.722,0.689,0.061,0.736,0.772,0.312,0.746,0.075,0.05,0.452,0.515,0.434,0.048,0.692,0.159,0.513,0.191,0.725,0.748,0.426,0.251,0.553,0.729,0.668,0.469,0.551,0.148,0.168,0.499,0.274,0.419,0.471,0.296,0.894,0.617,0.764,-0.246,0.039,0.572,0.651,0.756,0.041,0.415,0.654,0.492,-0.05,0.313,0.419
ARWR,-0.114,0.429,0.766,-0.458,0.394,0.375,-0.328,0.329,0.333,0.871,0.854,-0.501,-0.121,0.059,0.686,0.066,0.924,-0.19,0.736,-0.278,0.74,0.0,0.005,0.765,0.817,-0.199,0.688,0.58,-0.433,0.185,0.81,0.805,0.759,0.609,0.025,0.574,0.625,0.668,0.879,0.642,0.742,0.8,0.737,0.579,0.599,0.305,0.524,0.75,0.343,0.18,0.327,0.782,0.07,0.871,-0.389,0.308,-0.332,0.452,-0.052,0.557,0.662,0.617,0.754,-0.355,0.716,-0.062,0.205,0.659,0.179,0.697,-0.123,0.659,0.739,0.618,0.563,0.2,-0.218,0.815,0.66,0.725,-0.111,0.036,0.009,0.758,0.6,0.429,0.046,0.842,-0.319,0.436,0.254,-0.199,0.753,0.199,0.645,0.793,0.617,0.804,0.665,0.735,0.531,0.282,0.197,0.842,0.553,0.714,0.685,0.464,0.24,0.446,0.664,0.438,-0.247,0.019,0.761,0.505,0.839,0.616,0.457,0.492,0.564,-0.352,-0.248,0.667,0.676,0.37,0.804,0.77,0.545,-0.118,0.46,0.877,0.774,-0.028,-0.192,0.826,0.16,0.536,0.714,0.861,0.843,-0.119,0.027,0.12,-0.061,0.556,0.821,0.426,0.111,0.708,0.621,0.648,0.876,0.484,0.336,0.851,0.404,0.529,0.471,0.508,0.47,0.731,0.778,0.662,0.306,0.683,-0.147,0.759,0.5,0.433,0.595,0.702,-0.026,0.435,0.405,0.803,0.662,0.483,0.288,0.347,0.732,-0.072,0.589,0.741,0.553,0.789,0.791,0.92,0.067,-0.346,0.373,0.587,0.82,0.196,0.716,0.446,0.294,0.301,-0.022,0.736
ASND,0.595,0.418,-0.018,0.17,0.373,-0.462,0.76,0.743,-0.615,-0.101,-0.334,0.331,0.74,0.817,-0.358,0.691,0.065,0.758,-0.125,0.704,0.306,0.005,0.0,-0.355,-0.212,0.627,-0.442,-0.597,0.576,0.594,0.218,-0.359,-0.423,-0.478,0.776,0.556,-0.204,-0.511,0.043,-0.178,-0.25,-0.343,-0.331,0.182,0.488,-0.226,-0.318,-0.415,-0.305,-0.699,-0.524,-0.339,-0.402,-0.103,0.515,0.701,0.769,-0.604,0.774,-0.508,-0.486,0.596,-0.381,0.6,-0.383,0.646,-0.647,0.219,-0.526,-0.322,0.819,-0.369,-0.415,-0.389,-0.543,-0.498,0.686,-0.296,-0.231,-0.321,0.424,0.689,0.669,0.002,-0.464,-0.476,-0.412,-0.243,0.598,-0.55,0.685,0.775,-0.324,0.618,-0.59,0.317,-0.47,-0.158,0.152,-0.202,0.11,-0.409,0.793,-0.081,0.659,0.002,0.187,-0.482,0.514,-0.498,-0.246,-0.525,0.082,0.8,0.301,-0.468,-0.002,-0.365,0.404,-0.311,-0.556,0.652,0.739,-0.381,-0.554,-0.391,-0.158,0.245,0.289,0.65,0.152,-0.001,0.125,0.716,0.657,-0.162,0.478,-0.617,-0.314,-0.121,-0.093,0.574,0.626,0.683,0.517,-0.289,-0.239,0.627,0.696,-0.275,0.372,-0.572,-0.143,0.619,-0.693,0.131,0.631,-0.494,0.566,-0.648,-0.321,-0.464,-0.37,-0.359,-0.657,0.344,0.718,-0.276,-0.646,0.607,0.381,-0.458,0.663,0.226,0.722,-0.245,-0.389,0.4,-0.36,-0.439,-0.434,0.753,-0.346,-0.383,-0.577,0.231,-0.32,-0.108,-0.627,0.723,0.239,0.2,-0.004,0.281,-0.515,0.533,0.487,-0.67,0.274,-0.326
ASTH,-0.421,0.344,0.72,-0.343,0.304,0.791,-0.654,-0.132,0.787,0.772,0.897,-0.563,-0.635,-0.471,0.847,-0.455,0.781,-0.668,0.617,-0.752,0.495,0.765,-0.355,0.0,0.915,-0.569,0.92,0.814,-0.771,-0.271,0.667,0.941,0.967,0.925,-0.431,0.157,0.869,0.908,0.825,0.873,0.881,0.875,0.927,0.422,0.324,0.657,0.828,0.93,0.745,0.591,0.747,0.917,0.589,0.82,-0.773,-0.17,-0.735,0.777,-0.556,0.745,0.896,0.127,0.94,-0.667,0.965,-0.491,0.677,0.419,0.632,0.93,-0.549,0.908,0.949,0.796,0.899,0.68,-0.698,0.874,0.588,0.962,-0.448,-0.482,-0.503,0.765,0.806,0.794,0.426,0.94,-0.701,0.851,-0.261,-0.678,0.872,-0.153,0.923,0.533,0.745,0.846,0.607,0.8,0.571,0.659,-0.323,0.855,0.171,0.554,0.694,0.873,0.02,0.864,0.887,0.739,-0.537,-0.311,0.535,0.9,0.676,0.91,0.009,0.789,0.929,-0.798,-0.739,0.916,0.927,0.716,0.931,0.586,0.203,-0.666,0.203,0.875,0.662,-0.459,-0.453,0.892,-0.066,0.833,0.931,0.861,0.79,-0.506,-0.491,-0.122,-0.253,0.876,0.915,-0.049,-0.219,0.941,0.322,0.92,0.822,0.027,0.747,0.685,0.111,0.864,-0.023,0.856,0.661,0.944,0.938,0.956,0.653,0.362,-0.664,0.955,0.888,0.102,0.187,0.952,-0.531,0.283,0.024,0.899,0.941,0.038,0.611,0.669,0.961,-0.593,0.836,0.955,0.881,0.494,0.936,0.86,0.554,-0.729,0.069,0.164,0.845,0.176,0.838,0.026,-0.103,0.765,-0.225,0.894
ATSG,-0.129,0.342,0.665,-0.289,0.217,0.625,-0.45,0.06,0.578,0.848,0.899,-0.684,-0.429,-0.247,0.871,-0.241,0.85,-0.483,0.815,-0.556,0.693,0.817,-0.212,0.915,0.0,-0.375,0.894,0.757,-0.668,-0.129,0.721,0.948,0.925,0.852,-0.271,0.39,0.874,0.872,0.84,0.86,0.85,0.897,0.934,0.573,0.544,0.548,0.785,0.915,0.673,0.454,0.619,0.928,0.422,0.875,-0.582,0.095,-0.565,0.681,-0.34,0.755,0.904,0.348,0.887,-0.574,0.895,-0.385,0.529,0.598,0.427,0.932,-0.385,0.83,0.933,0.787,0.795,0.463,-0.512,0.893,0.618,0.881,-0.172,-0.301,-0.252,0.852,0.814,0.671,0.308,0.955,-0.544,0.744,-0.05,-0.464,0.842,-0.039,0.84,0.535,0.682,0.951,0.546,0.789,0.695,0.474,-0.113,0.853,0.312,0.742,0.765,0.773,0.124,0.672,0.918,0.702,-0.435,-0.195,0.673,0.732,0.782,0.817,0.287,0.779,0.791,-0.621,-0.539,0.885,0.873,0.574,0.91,0.634,0.405,-0.424,0.274,0.917,0.695,-0.307,-0.361,0.946,0.133,0.702,0.835,0.93,0.871,-0.336,-0.247,0.039,-0.242,0.796,0.937,0.206,-0.023,0.923,0.362,0.865,0.879,0.241,0.604,0.781,0.375,0.79,0.246,0.707,0.48,0.907,0.901,0.881,0.545,0.447,-0.467,0.922,0.769,0.306,0.399,0.899,-0.346,0.461,0.208,0.947,0.903,0.222,0.535,0.624,0.935,-0.372,0.798,0.918,0.824,0.636,0.965,0.931,0.331,-0.602,0.232,0.39,0.915,0.032,0.831,0.238,0.071,0.562,-0.012,0.813
AVTX,0.595,-0.035,-0.364,0.121,-0.028,-0.667,0.773,0.472,-0.826,-0.143,-0.436,0.081,0.722,0.794,-0.5,0.818,-0.148,0.733,-0.089,0.821,0.159,-0.199,0.627,-0.569,-0.375,0.0,-0.533,-0.732,0.458,0.782,-0.152,-0.485,-0.533,-0.727,0.581,0.58,-0.461,-0.531,-0.281,-0.414,-0.419,-0.363,-0.396,0.265,0.444,-0.634,-0.576,-0.495,-0.552,-0.834,-0.799,-0.504,-0.579,-0.253,0.609,0.695,0.763,-0.57,0.722,-0.651,-0.52,0.451,-0.565,0.457,-0.588,0.808,-0.849,0.225,-0.812,-0.538,0.68,-0.582,-0.521,-0.24,-0.777,-0.744,0.626,-0.284,-0.431,-0.633,0.744,0.627,0.649,-0.078,-0.55,-0.823,-0.628,-0.422,0.878,-0.583,0.631,0.797,-0.398,0.153,-0.65,0.025,-0.57,-0.234,-0.231,-0.589,-0.228,-0.524,0.721,-0.288,0.34,0.058,-0.108,-0.677,0.563,-0.739,-0.354,-0.764,0.419,0.568,0.213,-0.624,0.017,-0.594,0.481,-0.536,-0.738,0.799,0.747,-0.6,-0.622,-0.731,-0.481,0.023,0.169,0.731,0.239,-0.285,-0.347,0.819,0.338,-0.364,0.265,-0.716,-0.488,-0.26,-0.159,0.81,0.829,0.647,0.131,-0.631,-0.377,0.692,0.651,-0.428,0.235,-0.669,-0.192,0.448,-0.629,-0.063,0.439,-0.481,0.587,-0.771,-0.705,-0.536,-0.609,-0.52,-0.809,-0.016,0.767,-0.457,-0.722,0.636,0.251,-0.574,0.623,0.062,0.55,-0.298,-0.609,0.401,-0.387,-0.608,-0.559,0.768,-0.406,-0.601,-0.749,0.051,-0.469,-0.219,-0.568,0.769,0.29,0.348,-0.184,0.05,-0.632,0.571,0.615,-0.834,0.656,-0.651
BCPC,-0.357,0.177,0.623,-0.301,0.092,0.739,-0.671,-0.269,0.737,0.782,0.919,-0.714,-0.667,-0.505,0.87,-0.415,0.741,-0.697,0.691,-0.754,0.48,0.688,-0.442,0.92,0.894,-0.533,0.0,0.852,-0.81,-0.301,0.568,0.95,0.953,0.885,-0.524,0.15,0.813,0.95,0.69,0.806,0.836,0.913,0.935,0.424,0.272,0.557,0.79,0.956,0.69,0.574,0.715,0.906,0.549,0.769,-0.737,-0.161,-0.769,0.838,-0.58,0.751,0.94,0.102,0.88,-0.747,0.939,-0.528,0.68,0.479,0.556,0.901,-0.65,0.86,0.968,0.824,0.858,0.618,-0.722,0.894,0.638,0.864,-0.294,-0.49,-0.518,0.796,0.894,0.744,0.355,0.9,-0.673,0.877,-0.33,-0.68,0.858,-0.261,0.939,0.392,0.81,0.859,0.492,0.706,0.458,0.614,-0.383,0.803,0.021,0.598,0.647,0.858,-0.03,0.795,0.883,0.725,-0.493,-0.466,0.505,0.823,0.683,0.847,0.066,0.713,0.897,-0.758,-0.757,0.865,0.955,0.583,0.854,0.493,0.228,-0.612,0.148,0.792,0.559,-0.524,-0.564,0.87,-0.043,0.801,0.901,0.865,0.806,-0.474,-0.445,-0.191,-0.462,0.788,0.885,-0.028,-0.327,0.893,0.207,0.945,0.838,0.04,0.777,0.594,0.091,0.903,0.026,0.841,0.555,0.955,0.884,0.923,0.693,0.248,-0.671,0.896,0.892,0.06,0.217,0.962,-0.549,0.259,-0.052,0.91,0.902,-0.008,0.601,0.688,0.963,-0.59,0.902,0.925,0.889,0.432,0.93,0.835,0.581,-0.75,0.165,0.26,0.803,-0.008,0.857,0.013,-0.029,0.729,-0.136,0.818
BEAM,-0.409,0.012,0.487,-0.397,-0.126,0.693,-0.787,-0.32,0.764,0.589,0.815,-0.539,-0.678,-0.643,0.744,-0.58,0.557,-0.707,0.602,-0.79,0.255,0.58,-0.597,0.814,0.757,-0.732,0.852,0.0,-0.704,-0.509,0.424,0.814,0.824,0.862,-0.569,-0.142,0.658,0.831,0.561,0.622,0.691,0.743,0.742,0.264,-0.007,0.461,0.744,0.855,0.53,0.782,0.742,0.858,0.43,0.644,-0.653,-0.427,-0.818,0.74,-0.646,0.888,0.84,-0.092,0.855,-0.614,0.848,-0.737,0.751,0.333,0.647,0.776,-0.684,0.794,0.832,0.633,0.913,0.601,-0.668,0.736,0.715,0.772,-0.361,-0.495,-0.478,0.535,0.902,0.811,0.405,0.763,-0.828,0.757,-0.37,-0.743,0.767,-0.239,0.892,0.164,0.866,0.689,0.372,0.775,0.389,0.594,-0.54,0.665,-0.146,0.432,0.405,0.762,-0.43,0.744,0.666,0.878,-0.322,-0.646,0.175,0.72,0.446,0.696,-0.055,0.702,0.864,-0.806,-0.75,0.807,0.91,0.623,0.727,0.294,0.168,-0.602,0.114,0.65,0.527,-0.742,-0.518,0.737,-0.228,0.879,0.752,0.693,0.611,-0.595,-0.567,-0.537,-0.339,0.72,0.751,-0.276,-0.524,0.69,0.082,0.925,0.669,-0.139,0.726,0.524,-0.168,0.722,-0.216,0.893,0.618,0.867,0.892,0.744,0.863,0.156,-0.699,0.762,0.872,-0.224,0.192,0.841,-0.508,0.11,-0.311,0.705,0.822,-0.062,0.395,0.809,0.857,-0.632,0.677,0.837,0.926,0.288,0.819,0.675,0.548,-0.796,-0.025,0.189,0.564,-0.09,0.924,-0.172,-0.217,0.778,-0.264,0.83
BILI,0.48,0.012,-0.292,0.314,0.09,-0.659,0.71,0.496,-0.7,-0.613,-0.741,0.676,0.79,0.622,-0.604,0.484,-0.465,0.773,-0.479,0.753,-0.103,-0.433,0.576,-0.771,-0.668,0.458,-0.81,-0.704,0.0,0.23,-0.296,-0.76,-0.795,-0.711,0.754,0.05,-0.601,-0.85,-0.425,-0.586,-0.696,-0.741,-0.794,-0.349,-0.094,-0.333,-0.584,-0.8,-0.535,-0.576,-0.581,-0.708,-0.531,-0.507,0.795,0.371,0.797,-0.806,0.685,-0.575,-0.783,0.196,-0.773,0.759,-0.761,0.431,-0.595,-0.303,-0.469,-0.669,0.744,-0.773,-0.81,-0.835,-0.721,-0.573,0.859,-0.784,-0.337,-0.685,0.24,0.655,0.67,-0.653,-0.716,-0.578,-0.315,-0.677,0.547,-0.85,0.508,0.741,-0.723,0.633,-0.848,-0.129,-0.73,-0.63,-0.224,-0.466,-0.243,-0.687,0.567,-0.63,0.269,-0.442,-0.471,-0.726,0.102,-0.736,-0.682,-0.54,0.464,0.626,-0.296,-0.783,-0.544,-0.693,0.147,-0.601,-0.807,0.741,0.817,-0.674,-0.839,-0.482,-0.609,-0.284,-0.023,0.737,-0.177,-0.524,-0.233,0.53,0.766,-0.612,0.385,-0.699,-0.755,-0.623,-0.614,0.451,0.487,0.321,0.649,-0.655,-0.696,0.207,0.481,-0.76,-0.145,-0.818,-0.643,0.261,-0.799,-0.325,0.183,-0.87,0.211,-0.82,-0.455,-0.837,-0.656,-0.797,-0.541,0.147,0.732,-0.754,-0.814,0.053,0.1,-0.829,0.658,-0.141,0.34,-0.745,-0.711,0.139,-0.586,-0.607,-0.795,0.688,-0.741,-0.736,-0.729,-0.023,-0.717,-0.615,-0.699,0.765,-0.013,-0.116,-0.58,-0.036,-0.646,0.073,0.122,-0.705,0.06,-0.647
BJRI,0.446,0.174,-0.096,-0.091,0.146,-0.567,0.543,0.55,-0.689,0.211,-0.084,-0.078,0.66,0.803,-0.357,0.834,0.189,0.634,0.086,0.701,0.332,0.185,0.594,-0.271,-0.129,0.782,-0.301,-0.509,0.23,0.0,0.161,-0.209,-0.265,-0.541,0.584,0.744,-0.3,-0.328,0.035,-0.265,-0.083,-0.069,-0.166,0.45,0.586,-0.571,-0.473,-0.254,-0.544,-0.791,-0.738,-0.264,-0.611,0.072,0.398,0.737,0.623,-0.423,0.687,-0.524,-0.333,0.649,-0.27,0.367,-0.34,0.909,-0.805,0.482,-0.8,-0.369,0.646,-0.33,-0.275,-0.079,-0.596,-0.695,0.493,0.029,-0.159,-0.359,0.639,0.645,0.622,0.174,-0.349,-0.694,-0.67,-0.154,0.817,-0.461,0.734,0.707,-0.132,0.138,-0.41,0.333,-0.293,0.006,-0.009,-0.366,-0.1,-0.386,0.785,0.058,0.503,0.325,0.185,-0.538,0.666,-0.545,-0.201,-0.69,0.217,0.492,0.436,-0.438,0.37,-0.362,0.599,-0.421,-0.517,0.667,0.619,-0.432,-0.369,-0.593,-0.188,0.299,0.346,0.623,0.577,0.021,-0.091,0.816,0.153,-0.088,0.154,-0.535,-0.209,0.039,0.17,0.713,0.789,0.576,0.097,-0.421,-0.098,0.822,0.609,-0.178,0.564,-0.449,0.124,0.577,-0.555,0.216,0.478,-0.319,0.683,-0.55,-0.397,-0.259,-0.345,-0.274,-0.749,0.204,0.691,-0.211,-0.56,0.785,0.462,-0.313,0.618,0.227,0.61,-0.008,-0.44,0.636,-0.326,-0.456,-0.332,0.73,-0.228,-0.37,-0.607,0.261,-0.235,0.097,-0.57,0.632,0.453,0.596,0.068,0.156,-0.408,0.802,0.74,-0.714,0.583,-0.314
BLUE,-0.025,0.651,0.754,-0.255,0.503,0.347,-0.197,0.422,0.251,0.771,0.685,-0.27,-0.014,0.191,0.504,0.152,0.843,-0.046,0.6,-0.191,0.698,0.81,0.218,0.667,0.721,-0.152,0.568,0.424,-0.296,0.161,0.0,0.65,0.607,0.534,0.211,0.574,0.526,0.464,0.858,0.552,0.743,0.615,0.591,0.516,0.577,0.379,0.556,0.613,0.336,0.029,0.246,0.672,0.114,0.734,-0.359,0.364,-0.112,0.185,0.096,0.395,0.453,0.632,0.691,-0.105,0.638,-0.036,0.147,0.604,0.19,0.627,0.119,0.596,0.6,0.426,0.468,0.197,-0.094,0.623,0.465,0.706,-0.107,0.2,0.156,0.669,0.441,0.393,0.001,0.679,-0.281,0.269,0.324,-0.031,0.584,0.423,0.451,0.779,0.441,0.673,0.719,0.701,0.594,0.197,0.294,0.836,0.737,0.598,0.804,0.373,0.277,0.385,0.592,0.366,-0.464,0.207,0.765,0.431,0.615,0.595,0.359,0.45,0.454,-0.253,-0.116,0.543,0.519,0.317,0.78,0.86,0.565,-0.065,0.345,0.852,0.856,0.028,0.074,0.758,0.256,0.323,0.605,0.732,0.697,-0.045,0.055,0.195,0.17,0.632,0.705,0.445,0.173,0.646,0.745,0.467,0.694,0.536,0.111,0.783,0.551,0.378,0.486,0.361,0.554,0.573,0.68,0.583,0.291,0.7,-0.054,0.659,0.336,0.409,0.635,0.562,0.046,0.444,0.533,0.671,0.565,0.465,0.138,0.304,0.589,0.066,0.515,0.619,0.415,0.654,0.649,0.785,-0.032,-0.186,0.36,0.472,0.786,0.37,0.508,0.455,0.359,0.181,-0.102,0.737
