,AAL,AAON,ACB,ACGL,ACGLO,ACIW,ADBE,ADSK,AEP,AGIO,ALEC,ALNY,ALTR,AMBA,AMCX,AMKR,AMRX,ANSS,APPN,APTO,ARCT,ARWR,ASND,ASTH,ATSG,AVTX,BCPC,BEAM,BILI,BJRI,BLUE,BPOP,BRKL,BWIN,BZUN,CARG,CBRL,CBSH,CBUS,CENTA,CERS,CFFN,CHCO,CHEF,CHRD,CINF,CLLS,CMCO,CMCSA,COLL,COMM,COOP,CPB,CRON,CROX,CRUS,CRWD,CTAS,CYBR,CYTK,DGII,DIOD,DOMO,DPZ,DSGR,DXCM,ERIE,ESTA,EXEL,FAST,FCEL,FCFS,FHB,FITBI,FSV,FTDR,FUTU,GLDD,GLPG,GLPI,GOGO,GOSS,GSAT,GYRE,HALO,HAS,HLIT,HLNE,HSDT,HSIC,HTHT,ICHR,IDYA,IMVT,INDB,INSM,IONS,IOSP,ITRI,JBHT,JBLU,JSM,KLIC,KOD,KURA,LAB,LASR,LIN,LKQ,LNT,MBUU,MCRI,MDGL,MEDP,MGNI,MGPI,MGRC,MKTX,MRNA,MRTN,MSEX,MSFT,MU,NAVI,NBTB,NEO,NEOG,NGNE,NSSC,NTAP,NTES,NTLA,NTRS,NYMTN,OBLG,OCFC,ON,ONC,OPI,OSIS,OSW,PALI,PANW,PCAR,PCRX,PCTY,PEBO,PLAB,PLAY,PLMR,PLSE,PLUS,PRTA,PSEC,PSNL,PTCT,PTON,QNST,QRVO,QTTB,RARE,RBCAA,RGNX,SAIC,SGMO,SINT,SNPS,SPSC,SPTN,SSYS,STNE,TBBK,TCPC,TENB,TGTX,TREE,TRUP,TTWO,TW,TXG,UBSI,UCTT,UFPT,UMBF,UPBD,URBN,VBTX,VCTR,VEON,VNET,VRSK,VSEC,WABC,WTFCM,WVE,WW,WWD,XEL,ZD,ZYME
AAL,0.0,-0.093,-0.673,0.767,-0.418,-0.609,0.437,0.195,-0.759,-0.704,-0.774,0.281,0.672,-0.095,-0.64,0.056,-0.714,0.46,-0.719,0.786,-0.011,-0.71,0.096,-0.689,-0.665,0.301,-0.738,-0.745,0.307,-0.397,-0.528,-0.71,-0.743,-0.726,-0.093,-0.091,-0.318,-0.759,-0.28,-0.236,-0.713,-0.754,-0.674,-0.539,-0.371,-0.39,-0.481,-0.576,-0.242,-0.565,-0.662,-0.642,-0.454,-0.518,0.768,-0.346,0.77,-0.735,0.594,-0.702,-0.675,-0.596,-0.452,0.75,-0.627,0.338,-0.662,-0.493,-0.355,-0.594,0.595,-0.514,-0.718,-0.707,-0.703,-0.58,0.491,-0.588,-0.753,-0.677,0.623,-0.312,-0.368,-0.648,-0.676,-0.474,-0.383,-0.716,0.737,-0.642,0.65,0.52,-0.743,-0.319,-0.772,-0.66,-0.647,-0.569,-0.548,-0.472,0.117,-0.723,0.032,-0.696,-0.199,-0.669,-0.522,-0.478,-0.289,-0.738,-0.227,-0.451,-0.319,0.248,-0.561,-0.619,-0.699,-0.68,-0.187,0.314,-0.774,0.605,0.706,-0.602,-0.766,-0.582,-0.502,-0.613,-0.487,0.338,0.174,-0.617,-0.48,-0.276,0.363,-0.655,-0.16,-0.801,-0.674,-0.638,-0.671,0.478,0.595,0.116,0.595,-0.538,-0.676,-0.405,0.431,-0.635,-0.691,-0.748,-0.723,-0.28,-0.762,-0.471,-0.239,-0.62,-0.472,-0.828,-0.707,-0.738,-0.647,-0.51,-0.607,-0.292,0.534,-0.669,-0.692,-0.439,-0.598,-0.747,0.344,-0.089,-0.464,-0.672,-0.589,0.382,-0.351,0.314,-0.704,0.254,-0.705,-0.711,-0.691,-0.636,-0.682,-0.688,-0.709,0.256,-0.609,-0.554,-0.605,0.262,-0.769,-0.232,-0.38,-0.692,0.648,-0.748
AAON,-0.093,0.0,0.601,-0.28,0.798,0.544,0.123,0.694,0.339,0.503,0.471,0.151,0.111,0.666,0.499,0.538,0.563,0.279,0.412,-0.212,0.545,0.599,0.615,0.555,0.556,0.018,0.439,0.282,0.062,0.585,0.732,0.461,0.441,0.537,0.545,0.687,0.572,0.32,0.661,0.381,0.532,0.415,0.411,0.606,0.589,0.61,0.63,0.444,0.465,-0.188,0.396,0.5,0.185,0.582,-0.332,0.679,-0.041,0.179,0.356,0.419,0.363,0.651,0.481,-0.028,0.525,0.642,0.396,0.561,0.592,0.566,0.332,0.428,0.435,0.26,0.485,0.548,0.133,0.385,0.32,0.622,-0.303,0.471,0.49,0.461,0.28,0.491,0.565,0.53,-0.397,0.181,-0.015,0.225,0.484,0.517,0.309,0.605,0.298,0.552,0.817,0.736,0.814,0.313,0.775,0.585,0.796,0.501,0.69,0.521,0.621,0.418,0.481,0.515,-0.148,0.522,0.694,0.417,0.478,0.556,0.685,0.229,0.402,-0.112,-0.056,0.556,0.351,0.617,0.668,0.577,0.632,0.091,-0.258,0.652,0.745,0.439,0.233,0.51,0.581,0.262,0.539,0.581,0.557,-0.103,0.062,0.422,-0.187,0.65,0.456,0.8,0.538,0.548,0.577,0.383,0.461,0.704,0.153,0.427,0.723,0.347,0.635,0.243,0.576,0.376,0.556,0.488,0.223,0.584,0.176,0.575,0.262,0.655,0.519,0.41,0.151,0.718,0.626,0.494,0.591,0.094,0.345,0.035,0.439,0.371,0.367,0.505,0.362,0.624,0.495,0.587,-0.039,0.156,0.547,0.57,0.557,0.376,0.415,0.69,0.737,0.168,-0.327,0.549
ACB,-0.673,0.601,0.0,-0.782,0.832,0.813,-0.197,0.25,0.795,0.82,0.901,-0.07,-0.44,0.571,0.878,0.465,0.96,-0.151,0.872,-0.74,0.382,0.908,0.459,0.824,0.875,-0.191,0.871,0.737,-0.017,0.542,0.885,0.852,0.844,0.888,0.565,0.486,0.622,0.788,0.512,0.403,0.921,0.823,0.794,0.685,0.655,0.753,0.725,0.668,0.513,0.195,0.819,0.806,0.592,0.772,-0.807,0.828,-0.578,0.688,-0.258,0.79,0.735,0.957,0.479,-0.647,0.786,0.106,0.688,0.754,0.62,0.843,-0.22,0.618,0.848,0.64,0.844,0.784,-0.249,0.602,0.909,0.903,-0.714,0.681,0.707,0.809,0.793,0.679,0.758,0.905,-0.863,0.619,-0.617,-0.173,0.878,0.743,0.758,0.944,0.688,0.742,0.884,0.756,0.437,0.809,0.481,0.912,0.639,0.832,0.86,0.694,0.631,0.864,0.459,0.691,0.229,0.222,0.87,0.668,0.836,0.926,0.637,-0.278,0.84,-0.497,-0.543,0.762,0.797,0.804,0.788,0.862,0.72,-0.015,-0.448,0.881,0.815,0.541,0.004,0.871,0.617,0.748,0.85,0.854,0.835,-0.499,-0.523,0.283,-0.645,0.841,0.806,0.845,-0.038,0.813,0.908,0.76,0.876,0.778,0.669,0.652,0.752,0.663,0.862,0.762,0.908,0.795,0.793,0.659,0.575,0.643,-0.32,0.814,0.669,0.797,0.92,0.857,-0.156,0.442,0.89,0.843,0.82,-0.509,0.453,-0.336,0.823,0.163,0.829,0.879,0.725,0.927,0.836,0.845,0.53,0.075,0.903,0.675,0.859,-0.258,0.862,0.58,0.788,0.606,-0.854,0.949
ACGL,0.767,-0.28,-0.782,0.0,-0.505,-0.622,0.128,-0.053,-0.679,-0.605,-0.745,0.021,0.491,-0.419,-0.698,-0.208,-0.822,0.128,-0.76,0.694,0.075,-0.696,-0.163,-0.643,-0.707,0.367,-0.797,-0.694,0.078,-0.542,-0.582,-0.668,-0.685,-0.723,-0.412,-0.008,-0.276,-0.689,-0.144,-0.159,-0.735,-0.656,-0.622,-0.672,-0.492,-0.369,-0.603,-0.479,-0.216,-0.372,-0.627,-0.641,-0.399,-0.495,0.73,-0.532,0.628,-0.651,0.359,-0.785,-0.589,-0.738,-0.34,0.661,-0.564,0.287,-0.603,-0.522,-0.294,-0.6,0.359,-0.417,-0.686,-0.679,-0.775,-0.581,0.206,-0.434,-0.801,-0.678,0.49,-0.606,-0.638,-0.675,-0.687,-0.437,-0.5,-0.77,0.817,-0.545,0.699,0.218,-0.731,-0.506,-0.672,-0.716,-0.585,-0.487,-0.621,-0.581,-0.09,-0.851,-0.209,-0.699,-0.268,-0.696,-0.583,-0.455,-0.274,-0.72,-0.175,-0.497,-0.283,0.081,-0.649,-0.489,-0.67,-0.745,-0.289,0.386,-0.742,0.385,0.523,-0.571,-0.689,-0.574,-0.502,-0.613,-0.691,0.044,0.433,-0.647,-0.6,-0.542,0.176,-0.655,-0.472,-0.761,-0.664,-0.628,-0.678,0.556,0.474,0.058,0.825,-0.626,-0.62,-0.598,0.389,-0.611,-0.782,-0.667,-0.7,-0.393,-0.673,-0.448,-0.448,-0.556,-0.651,-0.757,-0.733,-0.674,-0.571,-0.421,-0.514,-0.298,0.284,-0.647,-0.526,-0.641,-0.789,-0.728,0.074,-0.2,-0.67,-0.682,-0.577,0.587,-0.273,0.33,-0.655,-0.088,-0.779,-0.696,-0.588,-0.737,-0.645,-0.644,-0.63,-0.088,-0.763,-0.646,-0.623,0.338,-0.844,-0.392,-0.463,-0.534,0.779,-0.796
ACGLO,-0.418,0.798,0.832,-0.505,0.0,0.646,-0.083,0.515,0.583,0.698,0.687,0.064,-0.135,0.589,0.744,0.546,0.757,0.026,0.644,-0.456,0.598,0.801,0.566,0.712,0.71,-0.0,0.605,0.471,0.091,0.416,0.81,0.671,0.657,0.715,0.581,0.665,0.678,0.562,0.687,0.467,0.711,0.62,0.622,0.551,0.621,0.764,0.643,0.573,0.601,-0.1,0.657,0.692,0.442,0.735,-0.565,0.792,-0.285,0.472,0.02,0.536,0.548,0.842,0.461,-0.368,0.662,0.449,0.491,0.574,0.698,0.749,0.069,0.518,0.657,0.432,0.65,0.667,-0.063,0.508,0.633,0.791,-0.669,0.53,0.554,0.588,0.494,0.616,0.646,0.733,-0.631,0.403,-0.274,-0.048,0.66,0.682,0.518,0.847,0.476,0.653,0.876,0.741,0.614,0.504,0.655,0.759,0.778,0.64,0.773,0.67,0.697,0.658,0.555,0.631,0.09,0.519,0.764,0.585,0.671,0.768,0.814,-0.011,0.63,-0.33,-0.274,0.671,0.56,0.71,0.779,0.728,0.553,0.018,-0.384,0.805,0.764,0.503,0.267,0.707,0.612,0.497,0.713,0.741,0.655,-0.239,-0.265,0.522,-0.333,0.73,0.664,0.806,0.367,0.666,0.709,0.545,0.69,0.849,0.442,0.61,0.775,0.462,0.752,0.473,0.728,0.576,0.713,0.594,0.414,0.766,-0.114,0.689,0.488,0.74,0.7,0.624,-0.011,0.54,0.807,0.665,0.748,-0.201,0.437,-0.295,0.644,0.221,0.542,0.706,0.551,0.852,0.684,0.751,0.226,0.063,0.741,0.515,0.742,0.065,0.583,0.596,0.772,0.442,-0.63,0.735
ACIW,-0.609,0.544,0.813,-0.622,0.646,0.0,-0.293,0.072,0.92,0.917,0.932,-0.512,-0.701,0.259,0.902,0.129,0.881,-0.471,0.924,-0.857,0.415,0.866,0.276,0.952,0.969,-0.252,0.932,0.801,-0.499,0.705,0.829,0.963,0.956,0.952,0.192,0.592,0.834,0.929,0.629,0.706,0.928,0.936,0.96,0.79,0.796,0.796,0.807,0.904,0.724,0.467,0.893,0.93,0.745,0.82,-0.909,0.625,-0.743,0.798,-0.44,0.822,0.94,0.746,0.752,-0.755,0.935,0.137,0.947,0.897,0.683,0.941,-0.45,0.839,0.965,0.825,0.937,0.963,-0.596,0.835,0.721,0.937,-0.482,0.302,0.401,0.953,0.862,0.79,0.841,0.944,-0.767,0.872,-0.581,-0.458,0.855,0.383,0.926,0.766,0.742,0.942,0.796,0.766,0.577,0.837,0.231,0.923,0.498,0.974,0.91,0.824,0.684,0.941,0.752,0.769,-0.107,-0.005,0.893,0.907,0.948,0.935,0.556,0.143,0.939,-0.743,-0.814,0.933,0.936,0.924,0.88,0.83,0.593,-0.451,-0.187,0.905,0.711,0.347,-0.384,0.946,0.387,0.814,0.945,0.935,0.958,-0.576,-0.557,0.289,-0.558,0.944,0.934,0.756,-0.075,0.979,0.791,0.94,0.952,0.576,0.796,0.548,0.641,0.926,0.731,0.873,0.806,0.956,0.875,0.91,0.585,0.396,-0.614,0.972,0.88,0.812,0.693,0.962,-0.402,0.685,0.697,0.98,0.948,-0.388,0.699,0.06,0.969,-0.209,0.837,0.96,0.924,0.75,0.966,0.923,0.726,-0.309,0.806,0.696,0.954,-0.12,0.858,0.694,0.782,0.78,-0.544,0.876
ADBE,0.437,0.123,-0.197,0.128,-0.083,-0.293,0.0,0.481,-0.532,-0.527,-0.459,0.533,0.584,0.561,-0.243,0.524,-0.181,0.743,-0.339,0.556,-0.386,-0.413,0.453,-0.438,-0.248,0.069,-0.237,-0.658,0.494,0.098,-0.208,-0.433,-0.436,-0.287,0.472,-0.26,-0.323,-0.456,-0.429,-0.263,-0.34,-0.471,-0.423,0.031,0.118,-0.083,0.049,-0.595,-0.134,-0.68,-0.391,-0.474,-0.223,-0.49,0.445,0.238,0.64,-0.48,0.707,-0.098,-0.463,-0.032,-0.521,0.392,-0.529,0.132,-0.39,-0.38,-0.498,-0.346,0.56,-0.589,-0.415,-0.26,-0.336,-0.344,0.658,-0.67,-0.304,-0.335,0.503,0.271,0.281,-0.172,-0.485,-0.481,0.095,-0.227,0.317,-0.432,0.137,0.786,-0.274,0.198,-0.524,-0.218,-0.636,-0.437,-0.14,-0.202,0.158,-0.201,0.52,-0.378,0.079,-0.343,-0.255,-0.491,0.019,-0.398,-0.384,-0.449,-0.093,0.387,-0.061,-0.502,-0.468,-0.262,-0.186,-0.115,-0.448,0.741,0.594,-0.338,-0.512,-0.286,-0.412,-0.175,0.2,0.551,-0.476,-0.315,-0.087,0.494,0.321,-0.326,0.577,-0.529,-0.449,-0.415,-0.359,0.322,0.579,0.188,-0.159,-0.24,-0.434,0.129,0.427,-0.266,-0.137,-0.516,-0.444,-0.038,-0.439,-0.514,0.166,-0.364,0.193,-0.517,-0.391,-0.472,-0.551,-0.512,-0.699,-0.388,0.688,-0.317,-0.631,0.079,-0.051,-0.394,0.684,0.246,0.124,-0.365,-0.384,-0.235,-0.24,-0.281,-0.439,0.734,-0.02,-0.407,-0.582,-0.103,-0.412,-0.458,-0.373,0.637,-0.051,-0.292,-0.27,0.104,-0.177,-0.149,-0.361,-0.695,0.117,-0.292
ADSK,0.195,0.694,0.25,-0.053,0.515,0.072,0.481,0.0,-0.15,0.013,-0.009,0.588,0.59,0.714,0.08,0.696,0.182,0.682,0.004,0.298,0.208,0.218,0.681,0.079,0.139,-0.058,-0.008,-0.143,0.41,0.358,0.422,-0.008,-0.038,0.108,0.684,0.336,0.14,-0.182,0.351,0.099,0.084,-0.082,-0.094,0.242,0.313,0.345,0.295,-0.093,0.068,-0.494,-0.007,0.044,-0.191,0.158,0.143,0.465,0.446,-0.347,0.726,0.169,-0.161,0.375,0.115,0.406,0.004,0.569,-0.095,0.057,0.154,0.091,0.705,-0.047,-0.045,-0.175,0.079,0.023,0.545,-0.168,0.052,0.196,-0.074,0.461,0.412,0.052,-0.18,0.094,0.184,0.123,-0.064,-0.304,0.331,0.619,0.048,0.551,-0.173,0.246,-0.161,0.025,0.476,0.484,0.61,-0.098,0.875,0.128,0.705,0.007,0.234,-0.065,0.237,-0.044,0.001,0.135,-0.19,0.614,0.295,-0.071,-0.037,0.096,0.383,0.15,-0.065,0.357,0.452,0.1,-0.138,0.27,0.21,0.338,0.449,0.477,-0.208,0.252,0.519,0.395,0.499,0.117,0.57,-0.162,0.023,0.077,0.055,0.109,0.355,0.233,0.003,0.241,0.013,0.477,0.593,0.076,0.26,-0.121,-0.007,0.505,-0.352,0.098,0.455,-0.195,0.45,-0.163,0.232,-0.097,0.106,-0.047,-0.089,0.298,0.597,0.112,-0.266,0.313,0.248,-0.052,0.635,0.515,0.406,-0.001,0.097,0.168,-0.181,-0.067,-0.043,0.702,0.051,0.043,-0.127,0.331,0.018,0.098,-0.44,0.419,0.183,0.177,0.141,0.477,0.098,0.34,0.242,-0.326,-0.193,0.179
AEP,-0.759,0.339,0.795,-0.679,0.583,0.92,-0.532,-0.15,0.0,0.931,0.953,-0.569,-0.828,0.05,0.875,-0.075,0.844,-0.656,0.927,-0.94,0.371,0.864,0.082,0.947,0.912,-0.282,0.903,0.895,-0.523,0.523,0.735,0.959,0.971,0.913,0.069,0.479,0.762,0.968,0.598,0.655,0.905,0.958,0.965,0.658,0.65,0.696,0.7,0.925,0.654,0.625,0.909,0.949,0.763,0.822,-0.953,0.465,-0.881,0.897,-0.669,0.771,0.953,0.678,0.742,-0.859,0.942,-0.027,0.922,0.835,0.692,0.914,-0.624,0.853,0.967,0.851,0.936,0.915,-0.695,0.88,0.787,0.905,-0.616,0.222,0.29,0.874,0.894,0.811,0.668,0.917,-0.829,0.917,-0.611,-0.673,0.823,0.299,0.975,0.749,0.807,0.897,0.695,0.679,0.343,0.852,-0.0,0.903,0.348,0.949,0.813,0.84,0.54,0.974,0.695,0.777,0.029,-0.114,0.759,0.934,0.958,0.914,0.52,0.043,0.975,-0.873,-0.908,0.9,0.97,0.852,0.845,0.756,0.437,-0.555,-0.087,0.865,0.627,0.226,-0.427,0.914,0.194,0.934,0.949,0.918,0.913,-0.596,-0.713,0.198,-0.538,0.847,0.944,0.578,-0.272,0.909,0.743,0.963,0.966,0.485,0.881,0.604,0.471,0.891,0.574,0.947,0.813,0.97,0.907,0.891,0.713,0.447,-0.779,0.919,0.959,0.679,0.646,0.965,-0.508,0.43,0.603,0.956,0.911,-0.377,0.645,0.003,0.974,-0.414,0.77,0.956,0.974,0.725,0.96,0.927,0.826,-0.411,0.762,0.655,0.9,-0.25,0.84,0.569,0.7,0.941,-0.589,0.862
AGIO,-0.704,0.503,0.82,-0.605,0.698,0.917,-0.527,0.013,0.931,0.0,0.951,-0.493,-0.704,0.143,0.866,0.081,0.839,-0.543,0.908,-0.875,0.527,0.917,0.167,0.951,0.906,-0.197,0.863,0.868,-0.486,0.53,0.85,0.961,0.952,0.926,0.116,0.607,0.788,0.92,0.706,0.646,0.91,0.942,0.937,0.642,0.649,0.75,0.688,0.928,0.666,0.51,0.885,0.947,0.676,0.873,-0.912,0.561,-0.784,0.806,-0.511,0.715,0.913,0.726,0.782,-0.739,0.957,0.133,0.88,0.831,0.764,0.914,-0.491,0.877,0.95,0.759,0.893,0.916,-0.611,0.904,0.747,0.935,-0.65,0.254,0.322,0.846,0.855,0.815,0.691,0.889,-0.796,0.818,-0.524,-0.571,0.834,0.395,0.924,0.801,0.83,0.928,0.819,0.772,0.441,0.754,0.131,0.937,0.52,0.912,0.882,0.841,0.625,0.918,0.741,0.8,-0.028,-0.016,0.828,0.912,0.945,0.896,0.59,0.095,0.934,-0.813,-0.805,0.883,0.948,0.885,0.902,0.817,0.514,-0.453,-0.068,0.913,0.709,0.185,-0.289,0.916,0.232,0.832,0.939,0.936,0.915,-0.551,-0.595,0.233,-0.416,0.893,0.943,0.666,-0.145,0.91,0.763,0.936,0.957,0.594,0.786,0.684,0.566,0.842,0.633,0.888,0.864,0.942,0.938,0.907,0.732,0.573,-0.65,0.934,0.907,0.667,0.652,0.935,-0.507,0.525,0.628,0.933,0.93,-0.24,0.654,-0.005,0.955,-0.313,0.732,0.96,0.934,0.746,0.951,0.964,0.664,-0.42,0.749,0.693,0.911,-0.073,0.792,0.639,0.828,0.84,-0.6,0.878
ALEC,-0.774,0.471,0.901,-0.745,0.687,0.932,-0.459,-0.009,0.953,0.951,0.0,-0.421,-0.726,0.247,0.899,0.138,0.926,-0.489,0.95,-0.925,0.389,0.934,0.213,0.942,0.94,-0.266,0.94,0.905,-0.399,0.597,0.842,0.972,0.967,0.955,0.207,0.513,0.726,0.95,0.588,0.54,0.966,0.966,0.936,0.713,0.639,0.712,0.707,0.879,0.575,0.533,0.907,0.928,0.666,0.844,-0.947,0.622,-0.832,0.86,-0.526,0.83,0.924,0.818,0.708,-0.804,0.935,0.001,0.894,0.854,0.691,0.91,-0.524,0.813,0.97,0.796,0.943,0.9,-0.586,0.84,0.87,0.949,-0.656,0.394,0.469,0.892,0.909,0.78,0.732,0.947,-0.867,0.827,-0.659,-0.513,0.911,0.463,0.951,0.856,0.855,0.891,0.82,0.759,0.376,0.86,0.182,0.962,0.462,0.943,0.878,0.82,0.602,0.957,0.624,0.778,0.124,-0.068,0.852,0.858,0.967,0.947,0.548,-0.091,0.968,-0.761,-0.818,0.872,0.968,0.869,0.849,0.842,0.623,-0.354,-0.21,0.901,0.732,0.314,-0.329,0.931,0.343,0.894,0.96,0.941,0.942,-0.602,-0.64,0.151,-0.588,0.887,0.925,0.727,-0.226,0.918,0.855,0.956,0.981,0.614,0.837,0.648,0.585,0.864,0.716,0.935,0.918,0.961,0.904,0.849,0.713,0.516,-0.617,0.932,0.894,0.728,0.788,0.974,-0.43,0.455,0.7,0.958,0.914,-0.41,0.618,-0.096,0.961,-0.212,0.836,0.974,0.921,0.807,0.953,0.943,0.728,-0.28,0.831,0.755,0.909,-0.233,0.901,0.582,0.799,0.828,-0.715,0.947
ALNY,0.281,0.151,-0.07,0.021,0.064,-0.512,0.533,0.588,-0.569,-0.493,-0.421,0.0,0.791,0.603,-0.396,0.595,-0.168,0.851,-0.387,0.573,-0.24,-0.215,0.447,-0.472,-0.382,0.105,-0.391,-0.44,0.862,-0.189,-0.069,-0.522,-0.524,-0.355,0.652,-0.259,-0.537,-0.603,-0.246,-0.578,-0.316,-0.552,-0.596,-0.204,-0.272,-0.2,-0.23,-0.671,-0.508,-0.629,-0.471,-0.468,-0.514,-0.419,0.492,0.135,0.705,-0.621,0.743,-0.16,-0.679,0.085,-0.53,0.619,-0.54,0.129,-0.645,-0.425,-0.293,-0.434,0.781,-0.567,-0.529,-0.569,-0.399,-0.561,0.864,-0.716,-0.1,-0.306,0.054,0.563,0.446,-0.45,-0.465,-0.345,-0.326,-0.346,0.13,-0.755,0.285,0.828,-0.232,0.469,-0.626,-0.023,-0.449,-0.578,-0.031,-0.052,-0.05,-0.355,0.547,-0.295,0.264,-0.496,-0.297,-0.542,-0.308,-0.456,-0.677,-0.275,0.315,0.493,-0.253,-0.664,-0.516,-0.329,-0.047,-0.407,-0.492,0.716,0.789,-0.474,-0.574,-0.33,-0.357,-0.156,0.154,0.805,-0.336,-0.258,0.073,0.273,0.726,-0.38,0.339,-0.477,-0.501,-0.432,-0.455,0.351,0.404,-0.06,0.04,-0.338,-0.488,0.015,0.312,-0.505,0.007,-0.619,-0.468,0.122,-0.617,-0.126,0.103,-0.722,0.055,-0.493,-0.098,-0.584,-0.379,-0.679,-0.279,0.123,0.813,-0.475,-0.718,-0.152,0.106,-0.504,0.791,-0.189,0.132,-0.526,-0.476,0.075,-0.716,-0.372,-0.56,0.835,-0.269,-0.451,-0.614,0.005,-0.508,-0.439,-0.648,0.728,-0.116,-0.189,-0.391,0.104,-0.221,-0.142,-0.218,-0.68,-0.168,-0.168
ALTR,0.672,0.111,-0.44,0.491,-0.135,-0.701,0.584,0.59,-0.828,-0.704,-0.726,0.791,0.0,0.318,-0.621,0.405,-0.541,0.872,-0.741,0.882,-0.121,-0.528,0.266,-0.698,-0.657,0.2,-0.716,-0.724,0.727,-0.287,-0.355,-0.753,-0.772,-0.666,0.356,-0.186,-0.531,-0.861,-0.257,-0.464,-0.663,-0.777,-0.806,-0.429,-0.409,-0.368,-0.42,-0.755,-0.504,-0.738,-0.713,-0.706,-0.695,-0.5,0.827,-0.134,0.913,-0.862,0.882,-0.542,-0.825,-0.308,-0.559,0.886,-0.713,0.348,-0.807,-0.61,-0.406,-0.652,0.864,-0.686,-0.784,-0.808,-0.704,-0.695,0.881,-0.758,-0.526,-0.606,0.367,0.117,0.006,-0.705,-0.763,-0.557,-0.46,-0.65,0.583,-0.897,0.685,0.818,-0.615,0.077,-0.854,-0.416,-0.69,-0.68,-0.259,-0.299,0.001,-0.703,0.463,-0.626,0.093,-0.746,-0.514,-0.656,-0.311,-0.765,-0.554,-0.511,-0.066,0.428,-0.479,-0.763,-0.763,-0.648,-0.095,-0.021,-0.789,0.855,0.954,-0.653,-0.825,-0.536,-0.512,-0.442,-0.154,0.714,-0.05,-0.522,-0.219,0.008,0.662,-0.644,0.116,-0.769,-0.705,-0.643,-0.689,0.512,0.71,-0.025,0.449,-0.559,-0.734,-0.205,0.52,-0.695,-0.45,-0.823,-0.74,-0.045,-0.884,-0.355,-0.137,-0.84,-0.249,-0.841,-0.477,-0.816,-0.613,-0.716,-0.55,-0.068,0.917,-0.681,-0.87,-0.388,-0.346,-0.789,0.748,-0.152,-0.241,-0.752,-0.658,0.41,-0.622,-0.051,-0.785,0.677,-0.606,-0.721,-0.814,-0.333,-0.738,-0.648,-0.9,0.552,-0.485,-0.39,-0.635,0.384,-0.594,-0.269,-0.369,-0.857,0.316,-0.569
AMBA,-0.095,0.666,0.571,-0.419,0.589,0.259,0.561,0.714,0.05,0.143,0.247,0.603,0.318,0.0,0.331,0.859,0.539,0.647,0.294,-0.001,0.039,0.37,0.792,0.206,0.373,0.02,0.362,0.027,0.552,0.431,0.557,0.19,0.179,0.37,0.889,0.216,0.116,0.084,0.106,-0.055,0.388,0.133,0.126,0.5,0.449,0.451,0.492,-0.058,0.114,-0.489,0.197,0.151,0.098,0.152,-0.157,0.8,0.232,-0.029,0.534,0.448,0.029,0.723,-0.073,0.051,0.115,0.309,0.077,0.247,0.093,0.283,0.504,-0.022,0.191,0.095,0.265,0.199,0.506,-0.153,0.414,0.388,-0.186,0.855,0.848,0.334,0.143,0.135,0.508,0.386,-0.374,-0.089,-0.243,0.669,0.43,0.811,0.015,0.563,0.01,0.147,0.602,0.466,0.471,0.303,0.876,0.373,0.663,0.245,0.45,0.09,0.416,0.226,-0.09,0.182,0.174,0.576,0.536,-0.029,0.167,0.401,0.354,-0.324,0.175,0.314,0.24,0.208,0.086,0.339,0.27,0.482,0.746,0.574,-0.655,0.407,0.609,0.717,0.463,0.324,0.889,0.033,0.199,0.258,0.289,-0.012,0.093,0.295,-0.498,0.407,0.174,0.756,0.375,0.279,0.624,0.047,0.207,0.621,-0.023,0.218,0.745,0.028,0.763,0.075,0.435,0.098,0.159,-0.008,-0.02,0.333,0.482,0.273,-0.128,0.588,0.688,0.219,0.499,0.453,0.756,0.229,0.236,-0.347,-0.055,-0.422,0.149,0.858,0.469,0.253,-0.009,0.591,0.193,0.223,-0.11,0.659,0.585,0.33,0.343,-0.011,0.409,0.381,0.393,-0.223,-0.563,0.476
AMCX,-0.64,0.499,0.878,-0.698,0.744,0.902,-0.243,0.08,0.875,0.866,0.899,-0.396,-0.621,0.331,0.0,0.254,0.899,-0.374,0.895,-0.798,0.384,0.855,0.298,0.875,0.907,-0.23,0.908,0.736,-0.288,0.544,0.764,0.918,0.912,0.898,0.327,0.503,0.766,0.895,0.517,0.62,0.879,0.884,0.907,0.699,0.716,0.766,0.763,0.796,0.705,0.31,0.888,0.867,0.76,0.774,-0.861,0.704,-0.703,0.82,-0.428,0.751,0.885,0.817,0.543,-0.789,0.843,0.094,0.818,0.771,0.627,0.899,-0.428,0.685,0.924,0.774,0.866,0.901,-0.443,0.735,0.803,0.885,-0.569,0.4,0.476,0.889,0.83,0.686,0.82,0.934,-0.805,0.819,-0.647,-0.413,0.82,0.499,0.859,0.83,0.686,0.847,0.792,0.669,0.435,0.833,0.293,0.871,0.459,0.894,0.835,0.812,0.71,0.911,0.665,0.674,0.018,0.087,0.848,0.835,0.903,0.94,0.611,-0.043,0.894,-0.64,-0.72,0.847,0.874,0.833,0.819,0.768,0.554,-0.286,-0.387,0.868,0.677,0.478,-0.21,0.912,0.499,0.791,0.911,0.895,0.872,-0.528,-0.587,0.359,-0.629,0.853,0.872,0.763,-0.072,0.885,0.762,0.848,0.926,0.674,0.813,0.573,0.665,0.832,0.783,0.803,0.772,0.886,0.803,0.806,0.531,0.506,-0.539,0.876,0.814,0.825,0.759,0.916,-0.328,0.548,0.781,0.926,0.894,-0.543,0.672,-0.211,0.912,-0.112,0.837,0.922,0.832,0.821,0.906,0.866,0.716,-0.17,0.864,0.647,0.916,-0.263,0.834,0.593,0.74,0.744,-0.688,0.859
AMKR,0.056,0.538,0.465,-0.208,0.546,0.129,0.524,0.696,-0.075,0.081,0.138,0.595,0.405,0.859,0.254,0.0,0.37,0.627,0.192,0.105,0.147,0.284,0.792,0.052,0.223,0.067,0.192,-0.121,0.612,0.168,0.463,0.111,0.067,0.237,0.788,0.242,0.065,-0.007,0.082,-0.075,0.241,0.046,0.023,0.168,0.29,0.418,0.263,-0.155,0.079,-0.59,0.124,0.043,0.035,0.08,-0.018,0.771,0.313,-0.12,0.574,0.257,-0.067,0.616,-0.191,0.104,0.007,0.273,-0.108,0.075,0.096,0.154,0.49,-0.12,0.089,-0.089,0.1,0.059,0.516,-0.23,0.333,0.246,-0.184,0.707,0.671,0.2,0.045,0.033,0.416,0.25,-0.237,-0.2,-0.116,0.664,0.27,0.822,-0.084,0.459,-0.035,0.028,0.501,0.357,0.373,0.085,0.838,0.243,0.645,0.057,0.292,-0.03,0.387,0.082,-0.099,0.086,0.207,0.609,0.42,-0.146,0.067,0.252,0.343,-0.374,0.028,0.374,0.357,0.076,-0.019,0.214,0.143,0.428,0.566,0.725,-0.609,0.256,0.506,0.551,0.529,0.222,0.801,-0.118,0.064,0.129,0.118,0.093,0.17,0.332,-0.27,0.232,0.077,0.618,0.408,0.132,0.425,-0.078,0.123,0.641,-0.137,0.109,0.627,-0.089,0.708,-0.065,0.319,-0.005,0.046,-0.102,-0.118,0.358,0.515,0.122,-0.205,0.369,0.528,0.093,0.462,0.333,0.639,0.093,0.114,-0.321,-0.087,-0.548,0.048,0.845,0.336,0.155,-0.124,0.482,0.098,0.099,-0.238,0.587,0.44,0.147,0.242,-0.015,0.243,0.143,0.325,-0.317,-0.541,0.326
AMRX,-0.714,0.563,0.96,-0.822,0.757,0.881,-0.181,0.182,0.844,0.839,0.926,-0.168,-0.541,0.539,0.899,0.37,0.0,-0.211,0.916,-0.795,0.273,0.904,0.419,0.87,0.936,-0.251,0.949,0.784,-0.143,0.644,0.869,0.892,0.894,0.942,0.495,0.441,0.635,0.849,0.475,0.471,0.945,0.863,0.856,0.799,0.729,0.759,0.81,0.721,0.539,0.288,0.843,0.845,0.666,0.743,-0.873,0.78,-0.638,0.742,-0.319,0.869,0.803,0.932,0.532,-0.706,0.824,0.056,0.797,0.802,0.567,0.884,-0.296,0.678,0.898,0.753,0.9,0.854,-0.326,0.645,0.891,0.926,-0.604,0.645,0.689,0.886,0.847,0.703,0.807,0.95,-0.884,0.712,-0.685,-0.225,0.911,0.656,0.819,0.905,0.697,0.801,0.864,0.761,0.439,0.892,0.408,0.929,0.568,0.903,0.894,0.723,0.633,0.914,0.482,0.705,0.131,0.121,0.891,0.726,0.873,0.953,0.577,-0.208,0.902,-0.547,-0.637,0.821,0.859,0.852,0.814,0.853,0.759,-0.142,-0.44,0.913,0.795,0.559,-0.116,0.915,0.608,0.803,0.884,0.886,0.903,-0.54,-0.574,0.248,-0.745,0.893,0.854,0.854,-0.122,0.881,0.935,0.827,0.904,0.708,0.733,0.634,0.751,0.753,0.866,0.834,0.895,0.854,0.807,0.715,0.593,0.527,-0.398,0.887,0.721,0.846,0.907,0.916,-0.2,0.517,0.879,0.905,0.855,-0.534,0.499,-0.239,0.876,0.097,0.902,0.917,0.792,0.902,0.878,0.87,0.647,0.005,0.939,0.716,0.905,-0.272,0.92,0.632,0.775,0.65,-0.802,0.959
ANSS,0.46,0.279,-0.151,0.128,0.026,-0.471,0.743,0.682,-0.656,-0.543,-0.489,0.851,0.872,0.647,-0.374,0.627,-0.211,0.0,-0.463,0.688,-0.272,-0.325,0.465,-0.517,-0.393,0.109,-0.385,-0.554,0.75,0.013,-0.126,-0.543,-0.565,-0.4,0.605,-0.208,-0.484,-0.645,-0.338,-0.498,-0.394,-0.581,-0.615,-0.101,-0.187,-0.228,-0.131,-0.673,-0.456,-0.711,-0.536,-0.541,-0.554,-0.426,0.578,0.176,0.766,-0.677,0.883,-0.226,-0.65,0.014,-0.539,0.686,-0.572,0.263,-0.599,-0.419,-0.41,-0.468,0.804,-0.616,-0.56,-0.556,-0.452,-0.503,0.923,-0.701,-0.243,-0.377,0.346,0.451,0.377,-0.414,-0.539,-0.474,-0.179,-0.37,0.303,-0.74,0.341,0.93,-0.324,0.338,-0.667,-0.151,-0.538,-0.537,-0.015,-0.099,0.078,-0.363,0.648,-0.386,0.209,-0.501,-0.279,-0.534,-0.166,-0.535,-0.572,-0.396,0.017,0.422,-0.186,-0.67,-0.563,-0.374,-0.086,-0.228,-0.559,0.859,0.827,-0.487,-0.617,-0.351,-0.387,-0.218,0.251,0.834,-0.362,-0.314,0.018,0.33,0.611,-0.421,0.462,-0.582,-0.513,-0.45,-0.434,0.363,0.611,-0.048,0.027,-0.311,-0.557,0.125,0.408,-0.467,-0.112,-0.63,-0.53,0.12,-0.678,-0.277,0.133,-0.643,0.107,-0.606,-0.231,-0.614,-0.499,-0.633,-0.46,-0.078,0.948,-0.451,-0.771,-0.09,0.018,-0.535,0.796,0.019,0.066,-0.521,-0.494,0.078,-0.527,-0.222,-0.589,0.894,-0.234,-0.496,-0.683,-0.089,-0.547,-0.476,-0.7,0.742,-0.129,-0.114,-0.419,0.24,-0.267,-0.104,-0.194,-0.801,0.008,-0.265
APPN,-0.719,0.412,0.872,-0.76,0.644,0.924,-0.339,0.004,0.927,0.908,0.95,-0.387,-0.741,0.294,0.895,0.192,0.916,-0.463,0.0,-0.904,0.3,0.878,0.298,0.915,0.953,-0.248,0.947,0.832,-0.378,0.568,0.832,0.952,0.949,0.956,0.26,0.454,0.719,0.943,0.523,0.556,0.953,0.92,0.94,0.704,0.715,0.764,0.739,0.82,0.629,0.456,0.91,0.927,0.761,0.747,-0.965,0.657,-0.77,0.828,-0.515,0.838,0.886,0.819,0.637,-0.82,0.887,-0.045,0.875,0.814,0.641,0.909,-0.495,0.784,0.965,0.83,0.948,0.877,-0.554,0.751,0.85,0.938,-0.575,0.435,0.505,0.918,0.901,0.774,0.762,0.95,-0.885,0.838,-0.715,-0.447,0.885,0.519,0.913,0.837,0.766,0.853,0.767,0.747,0.413,0.886,0.163,0.945,0.477,0.936,0.867,0.768,0.574,0.96,0.607,0.788,0.099,0.008,0.845,0.832,0.932,0.948,0.483,-0.097,0.954,-0.737,-0.795,0.861,0.941,0.864,0.819,0.843,0.611,-0.333,-0.289,0.895,0.728,0.363,-0.282,0.942,0.409,0.84,0.901,0.898,0.911,-0.593,-0.665,0.227,-0.664,0.896,0.934,0.712,-0.227,0.913,0.865,0.904,0.958,0.583,0.83,0.59,0.653,0.835,0.76,0.931,0.864,0.941,0.857,0.803,0.67,0.457,-0.628,0.92,0.854,0.757,0.795,0.971,-0.39,0.504,0.76,0.945,0.894,-0.523,0.563,-0.166,0.95,-0.153,0.871,0.964,0.896,0.789,0.947,0.89,0.77,-0.222,0.873,0.647,0.94,-0.296,0.887,0.591,0.745,0.791,-0.747,0.932
APTO,0.786,-0.212,-0.74,0.694,-0.456,-0.857,0.556,0.298,-0.94,-0.875,-0.925,0.573,0.882,-0.001,-0.798,0.105,-0.795,0.688,-0.904,0.0,-0.273,-0.787,-0.007,-0.871,-0.847,0.216,-0.884,-0.877,0.531,-0.469,-0.651,-0.907,-0.924,-0.867,0.027,-0.357,-0.656,-0.953,-0.449,-0.498,-0.885,-0.927,-0.914,-0.606,-0.52,-0.565,-0.571,-0.85,-0.543,-0.652,-0.866,-0.861,-0.714,-0.716,0.943,-0.431,0.919,-0.921,0.728,-0.745,-0.908,-0.636,-0.651,0.889,-0.87,0.203,-0.881,-0.774,-0.597,-0.832,0.709,-0.788,-0.925,-0.836,-0.876,-0.83,0.754,-0.823,-0.778,-0.831,0.584,-0.211,-0.297,-0.832,-0.898,-0.711,-0.622,-0.857,0.779,-0.893,0.722,0.674,-0.832,-0.249,-0.948,-0.718,-0.827,-0.823,-0.589,-0.563,-0.189,-0.845,0.119,-0.863,-0.22,-0.895,-0.75,-0.774,-0.465,-0.917,-0.596,-0.701,-0.181,0.235,-0.704,-0.837,-0.919,-0.853,-0.368,0.113,-0.938,0.84,0.915,-0.806,-0.948,-0.742,-0.726,-0.691,-0.429,0.528,0.123,-0.768,-0.521,-0.163,0.471,-0.831,-0.14,-0.89,-0.891,-0.849,-0.867,0.595,0.713,-0.094,0.568,-0.767,-0.876,-0.518,0.39,-0.844,-0.724,-0.935,-0.913,-0.375,-0.9,-0.584,-0.423,-0.881,-0.522,-0.941,-0.776,-0.938,-0.814,-0.816,-0.668,-0.354,0.784,-0.851,-0.928,-0.6,-0.646,-0.931,0.595,-0.291,-0.53,-0.902,-0.839,0.442,-0.612,0.049,-0.919,0.43,-0.763,-0.898,-0.913,-0.646,-0.894,-0.847,-0.847,0.38,-0.722,-0.615,-0.818,0.36,-0.806,-0.453,-0.633,-0.886,0.59,-0.83
ARCT,-0.011,0.545,0.382,0.075,0.598,0.415,-0.386,0.208,0.371,0.527,0.389,-0.24,-0.121,0.039,0.384,0.147,0.273,-0.272,0.3,-0.273,0.0,0.494,0.263,0.491,0.369,0.248,0.205,0.295,-0.106,0.049,0.497,0.431,0.402,0.358,0.061,0.778,0.692,0.319,0.773,0.563,0.397,0.397,0.429,0.096,0.313,0.537,0.211,0.547,0.583,-0.029,0.421,0.478,0.285,0.636,-0.272,0.335,-0.167,0.255,-0.07,0.074,0.386,0.309,0.496,-0.118,0.555,0.595,0.285,0.498,0.77,0.52,0.033,0.536,0.4,0.096,0.309,0.476,-0.291,0.547,0.186,0.47,-0.526,0.003,-0.027,0.267,0.312,0.562,0.356,0.313,-0.181,0.294,0.113,-0.237,0.315,0.243,0.319,0.436,0.427,0.542,0.478,0.449,0.559,0.061,0.231,0.46,0.571,0.381,0.532,0.588,0.503,0.368,0.695,0.5,-0.059,0.429,0.404,0.487,0.449,0.387,0.744,0.372,0.346,-0.438,-0.244,0.481,0.329,0.489,0.627,0.429,-0.03,-0.22,0.191,0.498,0.382,-0.148,0.116,0.419,0.024,0.225,0.488,0.506,0.399,-0.129,-0.203,0.555,0.351,0.467,0.462,0.338,0.43,0.405,0.211,0.354,0.441,0.472,0.224,0.51,0.412,0.327,0.218,0.188,0.379,0.35,0.566,0.577,0.307,0.676,-0.268,0.403,0.43,0.342,0.176,0.331,-0.343,0.347,0.319,0.412,0.569,0.256,0.391,0.18,0.431,-0.177,0.059,0.432,0.441,0.395,0.459,0.509,0.031,-0.29,0.214,0.192,0.461,0.245,0.105,0.5,0.635,0.399,-0.089,0.325
ARWR,-0.71,0.599,0.908,-0.696,0.801,0.866,-0.413,0.218,0.864,0.917,0.934,-0.215,-0.528,0.37,0.855,0.284,0.904,-0.325,0.878,-0.787,0.494,0.0,0.338,0.911,0.891,-0.215,0.844,0.839,-0.24,0.566,0.903,0.906,0.895,0.916,0.356,0.598,0.712,0.837,0.709,0.552,0.922,0.876,0.847,0.677,0.633,0.753,0.694,0.816,0.547,0.397,0.836,0.902,0.566,0.841,-0.845,0.651,-0.669,0.713,-0.346,0.805,0.804,0.848,0.701,-0.635,0.888,0.17,0.781,0.805,0.777,0.88,-0.312,0.797,0.891,0.674,0.885,0.837,-0.407,0.767,0.825,0.942,-0.732,0.489,0.517,0.816,0.815,0.807,0.663,0.895,-0.849,0.682,-0.502,-0.367,0.883,0.599,0.844,0.906,0.806,0.831,0.892,0.871,0.46,0.743,0.346,0.944,0.651,0.866,0.868,0.756,0.575,0.889,0.582,0.797,0.116,0.139,0.846,0.794,0.907,0.899,0.671,-0.035,0.891,-0.665,-0.656,0.848,0.864,0.895,0.877,0.881,0.629,-0.232,-0.192,0.922,0.827,0.321,-0.133,0.896,0.382,0.812,0.897,0.905,0.889,-0.519,-0.574,0.231,-0.476,0.878,0.884,0.747,-0.081,0.852,0.864,0.859,0.928,0.695,0.709,0.721,0.635,0.726,0.75,0.843,0.939,0.867,0.92,0.779,0.71,0.658,-0.453,0.882,0.781,0.728,0.78,0.887,-0.282,0.491,0.756,0.88,0.89,-0.269,0.478,-0.119,0.889,-0.065,0.742,0.926,0.853,0.863,0.895,0.921,0.553,-0.224,0.798,0.724,0.884,-0.064,0.845,0.667,0.832,0.732,-0.73,0.934
ASND,0.096,0.615,0.459,-0.163,0.566,0.276,0.453,0.681,0.082,0.167,0.213,0.447,0.266,0.792,0.298,0.792,0.419,0.465,0.298,-0.007,0.263,0.338,0.0,0.229,0.361,0.145,0.278,-0.007,0.445,0.259,0.551,0.205,0.174,0.324,0.744,0.445,0.319,0.092,0.302,0.163,0.354,0.136,0.181,0.303,0.427,0.583,0.376,0.03,0.303,-0.47,0.264,0.215,0.234,0.184,-0.172,0.725,0.257,-0.013,0.474,0.327,0.06,0.614,0.019,0.076,0.191,0.481,0.079,0.302,0.252,0.337,0.481,0.115,0.211,0.028,0.234,0.213,0.347,-0.087,0.333,0.396,-0.146,0.657,0.628,0.323,0.157,0.309,0.49,0.339,-0.318,-0.017,-0.099,0.539,0.344,0.744,0.017,0.491,0.034,0.206,0.51,0.457,0.609,0.187,0.759,0.373,0.695,0.246,0.459,0.196,0.383,0.248,0.076,0.256,0.069,0.696,0.443,0.058,0.185,0.369,0.481,-0.119,0.187,0.152,0.188,0.267,0.074,0.393,0.347,0.479,0.478,0.418,-0.49,0.415,0.574,0.451,0.447,0.355,0.725,-0.035,0.213,0.283,0.257,0.095,0.012,0.502,-0.254,0.411,0.236,0.626,0.502,0.286,0.5,0.039,0.229,0.635,-0.048,0.21,0.767,0.038,0.651,0.055,0.393,0.11,0.217,0.102,-0.029,0.377,0.3,0.275,-0.044,0.541,0.543,0.207,0.394,0.531,0.689,0.236,0.293,-0.243,-0.041,-0.245,0.185,0.678,0.324,0.268,0.072,0.465,0.232,0.213,-0.11,0.46,0.515,0.186,0.396,-0.014,0.264,0.399,0.424,-0.121,-0.436,0.391
ASTH,-0.689,0.555,0.824,-0.643,0.712,0.952,-0.438,0.079,0.947,0.951,0.942,-0.472,-0.698,0.206,0.875,0.052,0.87,-0.517,0.915,-0.871,0.491,0.911,0.229,0.0,0.952,-0.241,0.891,0.85,-0.488,0.639,0.846,0.958,0.97,0.949,0.188,0.603,0.844,0.921,0.736,0.715,0.934,0.935,0.953,0.753,0.76,0.796,0.788,0.933,0.714,0.484,0.906,0.966,0.718,0.875,-0.915,0.57,-0.757,0.806,-0.496,0.771,0.924,0.744,0.82,-0.735,0.972,0.188,0.927,0.882,0.755,0.953,-0.426,0.874,0.96,0.813,0.949,0.95,-0.612,0.881,0.739,0.964,-0.63,0.285,0.348,0.89,0.842,0.847,0.723,0.934,-0.807,0.855,-0.504,-0.53,0.844,0.383,0.927,0.8,0.757,0.951,0.812,0.801,0.553,0.808,0.201,0.946,0.553,0.966,0.915,0.863,0.656,0.955,0.761,0.819,-0.065,0.047,0.849,0.945,0.951,0.928,0.619,0.166,0.962,-0.805,-0.806,0.941,0.939,0.936,0.933,0.833,0.533,-0.515,-0.092,0.947,0.737,0.285,-0.302,0.939,0.302,0.86,0.966,0.959,0.952,-0.545,-0.623,0.299,-0.489,0.933,0.961,0.7,-0.054,0.956,0.797,0.944,0.958,0.569,0.801,0.669,0.611,0.869,0.651,0.892,0.85,0.95,0.955,0.929,0.682,0.532,-0.649,0.973,0.906,0.786,0.671,0.949,-0.43,0.592,0.683,0.965,0.963,-0.25,0.65,0.061,0.969,-0.281,0.756,0.968,0.955,0.794,0.97,0.973,0.694,-0.339,0.784,0.677,0.946,-0.046,0.815,0.713,0.791,0.857,-0.56,0.889
ATSG,-0.665,0.556,0.875,-0.707,0.71,0.969,-0.248,0.139,0.912,0.906,0.94,-0.382,-0.657,0.373,0.907,0.223,0.936,-0.393,0.953,-0.847,0.369,0.891,0.361,0.952,0.0,-0.267,0.953,0.792,-0.38,0.694,0.869,0.961,0.958,0.975,0.318,0.567,0.798,0.922,0.606,0.664,0.951,0.926,0.952,0.801,0.827,0.835,0.836,0.857,0.703,0.38,0.908,0.93,0.751,0.81,-0.924,0.707,-0.702,0.785,-0.402,0.858,0.906,0.836,0.713,-0.756,0.92,0.119,0.914,0.859,0.65,0.952,-0.39,0.804,0.967,0.841,0.954,0.943,-0.518,0.778,0.797,0.964,-0.542,0.422,0.499,0.949,0.856,0.786,0.845,0.974,-0.836,0.837,-0.61,-0.384,0.877,0.504,0.9,0.825,0.7,0.917,0.834,0.793,0.559,0.863,0.306,0.943,0.562,0.967,0.925,0.799,0.691,0.955,0.687,0.775,-0.043,0.089,0.911,0.868,0.934,0.959,0.58,0.047,0.948,-0.7,-0.757,0.918,0.926,0.926,0.881,0.88,0.658,-0.362,-0.261,0.937,0.767,0.445,-0.274,0.966,0.491,0.824,0.934,0.939,0.958,-0.549,-0.577,0.319,-0.642,0.952,0.945,0.804,-0.063,0.968,0.864,0.911,0.952,0.628,0.786,0.582,0.711,0.866,0.801,0.877,0.847,0.938,0.869,0.865,0.611,0.46,-0.561,0.97,0.837,0.847,0.771,0.967,-0.311,0.657,0.793,0.975,0.934,-0.438,0.625,-0.067,0.961,-0.102,0.87,0.971,0.901,0.828,0.966,0.927,0.717,-0.201,0.873,0.683,0.973,-0.173,0.884,0.67,0.785,0.755,-0.661,0.917
AVTX,0.301,0.018,-0.191,0.367,-0.0,-0.252,0.069,-0.058,-0.282,-0.197,-0.266,0.105,0.2,0.02,-0.23,0.067,-0.251,0.109,-0.248,0.216,0.248,-0.215,0.145,-0.241,-0.267,0.0,-0.276,-0.33,0.246,-0.321,-0.196,-0.264,-0.257,-0.234,-0.062,0.191,0.009,-0.25,-0.047,-0.145,-0.182,-0.252,-0.203,-0.192,-0.239,-0.115,-0.303,-0.204,0.019,-0.376,-0.199,-0.269,-0.041,-0.199,0.22,0.031,0.28,-0.144,0.139,-0.331,-0.244,-0.13,-0.323,0.237,-0.238,0.247,-0.28,-0.183,0.048,-0.118,0.153,-0.14,-0.234,-0.275,-0.371,-0.195,0.118,-0.175,-0.258,-0.197,0.059,-0.068,0.01,-0.289,-0.234,-0.2,-0.012,-0.29,0.335,-0.181,-0.003,0.17,-0.075,-0.048,-0.33,0.011,-0.164,-0.154,-0.189,-0.306,-0.049,-0.262,-0.066,-0.179,-0.04,-0.236,-0.077,0.044,0.045,-0.235,0.004,-0.182,0.241,0.245,-0.176,-0.214,-0.205,-0.171,0.119,-0.034,-0.264,0.253,0.219,-0.235,-0.305,-0.308,-0.12,-0.252,-0.282,0.096,-0.151,-0.187,-0.324,-0.233,0.28,-0.288,-0.063,-0.41,-0.21,-0.183,-0.237,0.256,0.169,0.298,0.278,-0.181,-0.265,-0.053,0.366,-0.21,-0.188,-0.306,-0.254,-0.043,-0.142,0.096,0.158,-0.217,-0.157,-0.357,-0.249,-0.307,-0.249,-0.154,-0.254,0.073,0.17,-0.25,-0.181,-0.059,-0.106,-0.271,-0.141,-0.15,-0.069,-0.241,-0.114,0.106,0.0,-0.091,-0.25,0.051,-0.277,-0.268,-0.272,-0.163,-0.258,-0.226,-0.257,0.044,-0.148,-0.292,-0.2,-0.085,-0.377,-0.016,-0.007,-0.217,0.256,-0.227
BCPC,-0.738,0.439,0.871,-0.797,0.605,0.932,-0.237,-0.008,0.903,0.863,0.94,-0.391,-0.716,0.362,0.908,0.192,0.949,-0.385,0.947,-0.884,0.205,0.844,0.278,0.891,0.953,-0.276,0.0,0.817,-0.358,0.676,0.784,0.932,0.939,0.952,0.295,0.391,0.663,0.934,0.407,0.522,0.94,0.918,0.922,0.806,0.729,0.71,0.807,0.787,0.582,0.44,0.877,0.862,0.742,0.719,-0.935,0.68,-0.773,0.845,-0.478,0.872,0.902,0.827,0.577,-0.83,0.858,-0.05,0.9,0.827,0.515,0.884,-0.5,0.712,0.947,0.865,0.924,0.899,-0.502,0.727,0.849,0.902,-0.487,0.474,0.556,0.949,0.897,0.68,0.823,0.961,-0.858,0.848,-0.76,-0.386,0.902,0.478,0.905,0.813,0.724,0.852,0.774,0.68,0.37,0.936,0.22,0.911,0.407,0.946,0.866,0.761,0.633,0.946,0.555,0.673,0.063,-0.073,0.87,0.804,0.912,0.946,0.452,-0.141,0.944,-0.649,-0.792,0.842,0.932,0.841,0.779,0.802,0.699,-0.31,-0.365,0.868,0.692,0.474,-0.349,0.922,0.498,0.848,0.907,0.895,0.943,-0.575,-0.62,0.183,-0.768,0.881,0.886,0.782,-0.232,0.927,0.867,0.907,0.929,0.56,0.841,0.547,0.647,0.875,0.793,0.905,0.831,0.931,0.791,0.785,0.585,0.352,-0.558,0.924,0.824,0.818,0.818,0.968,-0.347,0.523,0.767,0.951,0.865,-0.576,0.618,-0.146,0.928,-0.093,0.943,0.94,0.859,0.802,0.914,0.871,0.8,-0.143,0.902,0.722,0.909,-0.327,0.926,0.58,0.724,0.74,-0.707,0.917
BEAM,-0.745,0.282,0.737,-0.694,0.471,0.801,-0.658,-0.143,0.895,0.868,0.905,-0.44,-0.724,0.027,0.736,-0.121,0.784,-0.554,0.832,-0.877,0.295,0.839,-0.007,0.85,0.792,-0.33,0.817,0.0,-0.447,0.503,0.701,0.854,0.856,0.812,0.05,0.359,0.577,0.838,0.519,0.434,0.849,0.853,0.814,0.613,0.409,0.499,0.547,0.842,0.365,0.723,0.781,0.855,0.52,0.783,-0.865,0.32,-0.84,0.775,-0.618,0.726,0.83,0.62,0.702,-0.692,0.875,-0.08,0.824,0.811,0.611,0.769,-0.547,0.8,0.847,0.669,0.851,0.776,-0.603,0.834,0.79,0.818,-0.575,0.287,0.343,0.724,0.901,0.748,0.474,0.782,-0.794,0.738,-0.558,-0.616,0.786,0.28,0.887,0.69,0.885,0.8,0.659,0.661,0.197,0.78,-0.055,0.847,0.261,0.84,0.751,0.751,0.325,0.855,0.5,0.768,0.072,-0.301,0.621,0.785,0.865,0.796,0.422,-0.038,0.887,-0.788,-0.814,0.74,0.909,0.764,0.774,0.661,0.462,-0.422,0.029,0.798,0.572,0.087,-0.391,0.815,0.044,0.887,0.865,0.836,0.847,-0.612,-0.697,-0.115,-0.47,0.772,0.824,0.498,-0.435,0.764,0.726,0.898,0.873,0.437,0.745,0.669,0.358,0.74,0.452,0.915,0.857,0.882,0.875,0.775,0.846,0.45,-0.669,0.798,0.859,0.539,0.662,0.867,-0.467,0.251,0.476,0.837,0.786,-0.241,0.436,0.142,0.85,-0.362,0.662,0.851,0.89,0.63,0.824,0.846,0.678,-0.378,0.651,0.764,0.747,-0.238,0.799,0.562,0.707,0.841,-0.582,0.834
BILI,0.307,0.062,-0.017,0.078,0.091,-0.499,0.494,0.41,-0.523,-0.486,-0.399,0.862,0.727,0.552,-0.288,0.612,-0.143,0.75,-0.378,0.531,-0.106,-0.24,0.445,-0.488,-0.38,0.246,-0.358,-0.447,0.0,-0.357,-0.139,-0.483,-0.488,-0.36,0.655,-0.2,-0.444,-0.549,-0.316,-0.499,-0.298,-0.504,-0.53,-0.295,-0.293,-0.14,-0.255,-0.643,-0.384,-0.719,-0.389,-0.473,-0.339,-0.375,0.483,0.215,0.661,-0.497,0.61,-0.236,-0.61,0.116,-0.682,0.488,-0.512,0.119,-0.663,-0.401,-0.258,-0.371,0.679,-0.583,-0.485,-0.573,-0.439,-0.505,0.821,-0.689,-0.024,-0.324,-0.008,0.547,0.428,-0.44,-0.37,-0.356,-0.199,-0.331,0.162,-0.656,0.198,0.757,-0.213,0.483,-0.608,0.015,-0.433,-0.522,-0.071,-0.213,-0.134,-0.318,0.489,-0.301,0.176,-0.481,-0.276,-0.428,-0.185,-0.405,-0.57,-0.299,0.39,0.525,-0.265,-0.637,-0.48,-0.274,0.09,-0.502,-0.475,0.673,0.72,-0.469,-0.551,-0.375,-0.341,-0.21,0.003,0.816,-0.399,-0.265,-0.04,0.284,0.737,-0.338,0.38,-0.462,-0.454,-0.401,-0.451,0.38,0.26,0.136,0.031,-0.366,-0.462,0.029,0.337,-0.498,-0.057,-0.618,-0.423,0.217,-0.531,-0.078,0.158,-0.664,0.073,-0.532,-0.163,-0.56,-0.402,-0.622,-0.325,0.205,0.693,-0.507,-0.636,-0.109,0.145,-0.474,0.633,-0.3,0.203,-0.481,-0.44,-0.093,-0.604,-0.484,-0.52,0.782,-0.232,-0.432,-0.59,0.064,-0.479,-0.446,-0.554,0.751,-0.056,-0.28,-0.353,-0.148,-0.255,-0.214,-0.168,-0.598,-0.178,-0.191
BJRI,-0.397,0.585,0.542,-0.542,0.416,0.705,0.098,0.358,0.523,0.53,0.597,-0.189,-0.287,0.431,0.544,0.168,0.644,0.013,0.568,-0.469,0.049,0.566,0.259,0.639,0.694,-0.321,0.676,0.503,-0.357,0.0,0.587,0.597,0.607,0.664,0.301,0.322,0.483,0.54,0.334,0.402,0.61,0.585,0.555,0.839,0.657,0.459,0.712,0.533,0.31,0.303,0.477,0.554,0.262,0.55,-0.53,0.485,-0.42,0.405,-0.044,0.711,0.593,0.545,0.59,-0.351,0.564,0.174,0.707,0.589,0.3,0.557,-0.148,0.465,0.591,0.609,0.693,0.644,-0.22,0.495,0.46,0.614,-0.093,0.32,0.407,0.68,0.457,0.401,0.621,0.682,-0.481,0.495,-0.312,-0.066,0.589,0.256,0.579,0.466,0.389,0.609,0.663,0.649,0.528,0.641,0.442,0.586,0.41,0.675,0.636,0.419,0.49,0.563,0.4,0.443,-0.23,-0.067,0.714,0.535,0.582,0.592,0.285,0.183,0.598,-0.247,-0.432,0.605,0.576,0.657,0.535,0.616,0.751,-0.176,-0.188,0.608,0.57,0.414,-0.357,0.589,0.495,0.525,0.621,0.614,0.708,-0.396,-0.108,-0.022,-0.556,0.699,0.541,0.72,0.037,0.7,0.604,0.636,0.581,0.332,0.438,0.265,0.463,0.612,0.605,0.546,0.573,0.608,0.505,0.552,0.288,0.024,-0.102,0.723,0.444,0.687,0.524,0.622,0.04,0.659,0.482,0.647,0.583,-0.206,0.453,0.187,0.594,0.106,0.664,0.597,0.523,0.552,0.595,0.61,0.376,0.001,0.568,0.696,0.582,0.166,0.696,0.547,0.507,0.339,-0.33,0.62
BLUE,-0.528,0.732,0.885,-0.582,0.81,0.829,-0.208,0.422,0.735,0.85,0.842,-0.069,-0.355,0.557,0.764,0.463,0.869,-0.126,0.832,-0.651,0.497,0.903,0.551,0.846,0.869,-0.196,0.784,0.701,-0.139,0.587,0.0,0.829,0.804,0.878,0.505,0.633,0.688,0.71,0.723,0.509,0.887,0.772,0.766,0.672,0.717,0.848,0.747,0.708,0.565,0.184,0.776,0.828,0.543,0.781,-0.765,0.765,-0.439,0.517,-0.106,0.748,0.681,0.878,0.661,-0.455,0.82,0.299,0.701,0.802,0.696,0.842,-0.052,0.729,0.809,0.557,0.819,0.779,-0.247,0.633,0.744,0.928,-0.633,0.59,0.607,0.794,0.712,0.78,0.708,0.833,-0.777,0.541,-0.396,-0.104,0.815,0.715,0.707,0.859,0.654,0.794,0.922,0.897,0.664,0.65,0.531,0.92,0.821,0.807,0.911,0.659,0.61,0.8,0.539,0.768,-0.007,0.307,0.875,0.694,0.796,0.849,0.628,0.008,0.786,-0.531,-0.478,0.793,0.761,0.895,0.862,0.913,0.714,-0.099,-0.221,0.92,0.914,0.379,0.04,0.881,0.519,0.629,0.803,0.839,0.831,-0.448,-0.423,0.301,-0.433,0.903,0.832,0.822,0.101,0.829,0.888,0.734,0.826,0.786,0.502,0.656,0.774,0.618,0.813,0.724,0.913,0.771,0.856,0.713,0.624,0.66,-0.279,0.846,0.632,0.726,0.79,0.807,-0.133,0.655,0.811,0.805,0.834,-0.226,0.385,-0.1,0.802,0.164,0.719,0.864,0.737,0.82,0.829,0.86,0.385,-0.051,0.789,0.665,0.876,0.035,0.77,0.718,0.845,0.531,-0.705,0.907
