,AAL,AAON,ACB,ACGL,ACGLO,ACIW,ADBE,ADSK,AEP,AGIO,ALEC,ALNY,ALTR,AMBA,AMCX,AMKR,AMRX,ANSS,APPN,APTO,ARCT,ARWR,ASND,ASTH,ATSG,AVTX,BCPC,BEAM,BILI,BJRI,BLUE,BPOP,BRKL,BWIN,BZUN,CARG,CBRL,CBSH,CBUS,CENTA,CERS,CFFN,CHCO,CHEF,CHRD,CINF,CLLS,CMCO,CMCSA,COLL,COMM,COOP,CPB,CRON,CROX,CRUS,CRWD,CTAS,CYBR,CYTK,DGII,DIOD,DOMO,DPZ,DSGR,DXCM,ERIE,ESTA,EXEL,FAST,FCEL,FCFS,FHB,FITBI,FSV,FTDR,FUTU,GLDD,GLPG,GLPI,GOGO,GOSS,GSAT,GYRE,HALO,HAS,HLIT,HLNE,HSDT,HSIC,HTHT,ICHR,IDYA,IMVT,INDB,INSM,IONS,IOSP,ITRI,JBHT,JBLU,JSM,KLIC,KOD,KURA,LAB,LASR,LIN,LKQ,LNT,MBUU,MCRI,MDGL,MEDP,MGNI,MGPI,MGRC,MKTX,MRNA,MRTN,MSEX,MSFT,MU,NAVI,NBTB,NEO,NEOG,NGNE,NSSC,NTAP,NTES,NTLA,NTRS,NYMTN,OBLG,OCFC,ON,ONC,OPI,OSIS,OSW,PALI,PANW,PCAR,PCRX,PCTY,PEBO,PLAB,PLAY,PLMR,PLSE,PLUS,PRTA,PSEC,PSNL,PTCT,PTON,QNST,QRVO,QTTB,RARE,RBCAA,RGNX,SAIC,SGMO,SINT,SNPS,SPSC,SPTN,SSYS,STNE,TBBK,TCPC,TENB,TGTX,TREE,TRUP,TTWO,TW,TXG,UBSI,UCTT,UFPT,UMBF,UPBD,URBN,VBTX,VCTR,VEON,VNET,VRSK,VSEC,WABC,WTFCM,WVE,WW,WWD,XEL,ZD,ZYME
AAL,0.0,0.597,-0.163,-0.587,-0.029,0.11,-0.438,0.519,-0.571,0.68,0.425,-0.45,0.684,0.245,0.679,-0.67,-0.312,0.185,0.683,0.464,-0.661,0.416,-0.249,-0.409,0.533,0.768,0.254,-0.196,0.479,0.656,-0.487,-0.493,0.824,-0.535,-0.65,0.43,0.669,0.676,0.742,0.32,-0.215,0.817,0.391,0.377,-0.174,0.832,-0.696,-0.145,0.572,-0.641,0.376,-0.156,-0.646,-0.455,-0.728,-0.592,0.215,0.163,-0.333,-0.228,0.452,-0.305,0.807,0.11,-0.111,0.17,-0.781,0.665,0.689,0.599,-0.049,-0.53,0.697,0.408,0.384,0.364,-0.093,0.226,-0.572,-0.577,0.303,-0.557,0.388,0.874,0.265,-0.772,-0.547,0.732,0.409,-0.409,-0.379,0.268,-0.296,0.519,0.597,-0.513,0.469,0.171,0.366,0.639,-0.491,-0.314,0.504,0.839,-0.453,0.374,0.586,-0.521,-0.54,-0.532,0.535,0.75,0.511,-0.203,0.591,-0.754,0.788,-0.189,-0.617,0.095,0.181,0.159,-0.004,-0.241,0.393,0.408,0.45,0.236,-0.421,-0.521,-0.587,-0.634,0.812,-0.692,-0.556,0.351,0.346,-0.793,-0.608,-0.353,0.732,-0.549,-0.017,0.31,0.509,0.668,0.501,0.304,0.81,-0.329,0.256,-0.237,0.452,-0.017,0.412,0.668,0.748,0.47,-0.665,-0.082,-0.732,0.688,-0.285,0.363,0.805,-0.095,0.275,-0.648,-0.346,0.416,0.562,-0.466,0.198,-0.258,0.714,-0.594,0.172,0.682,-0.569,0.272,0.531,-0.449,0.023,0.415,0.152,-0.067,0.649,0.629,0.585,-0.411,0.459,0.86,0.713,0.643,0.672,-0.843,0.41,0.579,0.606,0.451
AAON,0.597,0.0,-0.498,-0.369,-0.091,0.617,0.062,0.633,-0.674,0.765,0.767,-0.526,0.321,0.692,0.73,-0.497,0.007,0.599,0.744,0.167,-0.306,0.38,-0.227,-0.33,0.613,0.384,0.533,0.355,0.668,0.301,-0.7,-0.119,0.798,-0.485,-0.745,0.657,0.149,0.734,0.793,0.578,0.298,0.632,0.651,0.545,0.1,0.77,-0.441,0.298,0.578,-0.458,-0.117,0.418,-0.55,-0.581,-0.642,-0.586,0.565,0.508,-0.163,0.211,0.533,-0.075,0.804,0.477,0.133,-0.327,-0.417,0.383,0.597,0.744,-0.202,-0.219,0.753,0.498,0.273,0.575,0.414,0.25,-0.598,-0.601,0.457,-0.256,0.6,0.666,0.53,-0.68,-0.551,0.819,0.055,-0.63,-0.085,0.648,0.085,0.382,0.701,-0.163,0.337,0.49,0.667,0.692,-0.504,-0.222,0.791,0.669,-0.179,0.466,0.583,-0.472,-0.214,-0.655,0.56,0.766,0.61,0.289,0.672,-0.342,0.774,-0.516,-0.393,0.544,0.426,0.126,0.222,-0.057,0.652,0.712,0.719,0.431,-0.312,-0.041,-0.291,-0.479,0.545,-0.776,-0.278,0.578,0.514,-0.534,-0.578,-0.009,0.737,-0.627,0.361,0.57,0.25,0.668,0.662,0.697,0.663,0.017,0.331,0.059,0.621,-0.615,0.107,0.625,0.62,0.585,-0.548,-0.265,-0.589,0.699,0.072,0.556,0.767,-0.469,0.714,-0.352,-0.544,0.5,0.451,-0.255,0.433,-0.009,0.785,-0.466,-0.322,0.708,-0.288,0.375,0.774,0.128,0.464,0.642,0.411,0.352,0.578,0.731,0.535,0.002,0.591,0.64,0.663,0.339,0.169,-0.452,0.699,0.463,0.831,0.711
ACB,-0.163,-0.498,0.0,0.046,0.286,-0.785,-0.55,-0.668,0.349,-0.558,-0.615,0.264,0.271,-0.469,-0.337,-0.002,-0.214,-0.72,-0.511,0.051,-0.111,-0.467,0.122,-0.189,-0.366,0.212,-0.575,-0.706,-0.206,-0.025,0.662,-0.456,-0.514,0.138,0.514,-0.597,-0.093,-0.634,-0.403,-0.681,-0.353,-0.302,-0.775,-0.623,-0.561,-0.521,0.295,-0.702,-0.569,-0.038,0.494,-0.692,0.226,0.881,0.274,0.4,-0.708,-0.703,-0.279,-0.62,-0.58,-0.078,-0.43,-0.7,-0.387,0.543,-0.043,-0.017,-0.448,-0.729,0.551,-0.284,-0.6,-0.334,0.195,-0.675,-0.268,-0.527,0.265,0.393,-0.325,0.002,-0.522,-0.262,-0.583,0.167,0.156,-0.62,-0.249,0.252,0.27,-0.66,-0.304,-0.186,-0.714,-0.251,0.179,-0.773,-0.664,-0.57,0.175,0.199,-0.55,-0.348,-0.082,-0.602,-0.243,0.183,-0.312,0.385,-0.612,-0.404,-0.486,-0.593,-0.391,-0.028,-0.31,0.566,0.217,-0.768,-0.641,0.239,-0.436,-0.201,-0.761,-0.701,-0.734,-0.487,-0.133,-0.383,0.145,-0.035,-0.147,0.245,-0.185,-0.795,-0.197,0.328,0.366,-0.575,-0.574,0.407,-0.706,-0.656,-0.195,-0.514,-0.732,-0.677,-0.328,-0.503,-0.372,-0.282,-0.41,0.52,0.222,-0.207,-0.309,-0.511,0.301,0.054,0.199,-0.588,-0.52,-0.634,-0.276,0.538,-0.651,-0.253,0.168,-0.45,0.177,-0.425,-0.602,-0.357,-0.551,0.013,0.346,-0.438,0.067,-0.201,-0.717,-0.519,-0.692,-0.806,-0.75,-0.522,-0.564,-0.671,-0.341,-0.122,-0.555,-0.389,-0.588,-0.206,0.059,0.055,-0.731,-0.342,-0.601,-0.638
ACGL,-0.587,-0.369,0.046,0.0,0.098,-0.057,0.517,-0.249,0.539,-0.348,-0.398,0.839,-0.551,0.12,-0.587,0.862,0.354,-0.04,-0.746,-0.434,0.876,-0.062,0.485,0.533,-0.763,-0.622,-0.208,0.121,-0.664,0.056,0.551,0.575,-0.621,0.875,0.704,-0.113,-0.092,-0.474,-0.722,-0.263,0.478,-0.533,-0.145,-0.092,0.439,-0.373,0.734,0.26,-0.663,0.797,-0.398,0.263,0.708,0.326,0.854,0.826,0.093,0.147,0.771,0.394,0.086,0.765,-0.532,-0.157,0.733,0.216,0.857,-0.668,-0.848,-0.48,-0.345,0.575,-0.526,-0.722,-0.188,-0.304,-0.188,0.166,0.878,0.56,-0.233,0.728,-0.646,-0.68,-0.574,0.726,0.779,-0.398,-0.227,0.39,0.483,-0.256,0.569,-0.139,-0.296,0.821,0.108,0.053,-0.58,-0.6,0.805,0.792,-0.432,-0.664,0.491,-0.638,-0.56,0.897,0.679,0.756,-0.554,-0.561,-0.801,0.423,-0.294,0.796,-0.707,0.35,0.425,-0.034,-0.075,0.46,0.471,0.814,-0.1,-0.442,-0.384,-0.412,0.837,0.774,0.524,0.747,-0.561,0.634,0.541,-0.092,-0.191,0.838,0.88,0.516,-0.507,0.79,0.246,0.004,-0.011,-0.724,-0.203,0.014,-0.611,0.705,0.391,0.74,-0.073,0.208,-0.486,-0.445,-0.856,-0.629,0.883,0.286,0.841,-0.265,0.551,-0.178,-0.673,0.36,-0.304,0.794,0.284,-0.136,-0.276,0.613,0.357,0.767,-0.557,0.779,0.104,-0.596,0.892,-0.602,-0.262,0.493,0.045,-0.261,-0.305,0.201,-0.194,-0.286,-0.596,0.454,-0.661,-0.516,-0.367,-0.677,-0.268,0.604,-0.174,-0.806,-0.318,-0.428
ACGLO,-0.029,-0.091,0.286,0.098,0.0,-0.195,-0.25,-0.155,0.366,-0.134,-0.02,0.347,0.031,-0.201,-0.023,0.135,-0.006,-0.305,-0.29,-0.222,0.03,0.09,0.006,-0.083,-0.219,0.059,-0.112,-0.237,-0.304,0.096,0.214,-0.101,-0.183,0.227,0.095,-0.041,0.034,-0.254,-0.21,-0.172,-0.265,-0.117,-0.242,-0.092,-0.241,-0.165,0.171,-0.227,-0.222,0.112,-0.043,-0.048,0.264,0.252,0.196,0.239,-0.237,-0.044,-0.009,-0.103,-0.116,0.122,-0.126,-0.244,0.004,0.241,0.047,-0.108,-0.158,-0.302,-0.034,-0.07,-0.209,-0.17,0.317,-0.161,-0.418,-0.145,0.209,0.361,-0.038,0.2,-0.249,-0.084,-0.322,0.115,0.219,-0.173,-0.128,0.055,0.028,-0.271,-0.017,-0.177,-0.223,0.093,0.14,-0.245,-0.302,-0.241,0.198,0.397,-0.274,-0.185,0.022,-0.363,-0.356,0.215,0.025,0.397,-0.195,-0.033,-0.28,-0.121,-0.176,0.168,-0.117,0.428,-0.105,-0.208,-0.157,0.169,0.044,0.108,-0.22,-0.295,-0.184,-0.189,0.154,0.031,-0.194,0.088,-0.104,0.251,0.056,-0.21,-0.093,0.09,0.245,-0.123,-0.048,0.27,-0.17,-0.243,-0.106,-0.298,-0.199,-0.234,-0.027,0.032,0.184,-0.065,-0.21,0.03,-0.072,-0.186,-0.153,-0.192,0.188,0.076,0.264,-0.193,0.048,-0.119,-0.181,0.071,-0.367,0.0,-0.006,-0.259,-0.132,-0.07,-0.17,0.075,-0.177,0.217,0.301,-0.198,0.179,-0.318,-0.209,-0.159,-0.182,-0.28,-0.269,0.026,-0.151,-0.146,-0.252,-0.161,-0.141,-0.023,-0.217,0.012,0.284,-0.081,-0.194,-0.149,0.027,-0.215
ACIW,0.11,0.617,-0.785,-0.057,-0.195,0.0,0.665,0.803,-0.338,0.656,0.812,-0.268,-0.17,0.682,0.428,0.022,0.144,0.908,0.593,0.03,0.142,0.576,0.02,0.192,0.543,-0.208,0.721,0.837,0.393,-0.111,-0.793,0.463,0.569,-0.253,-0.538,0.732,-0.064,0.707,0.466,0.835,0.469,0.383,0.877,0.741,0.62,0.525,-0.22,0.839,0.534,0.02,-0.628,0.849,-0.287,-0.685,-0.297,-0.475,0.829,0.855,0.311,0.767,0.673,0.209,0.537,0.839,0.356,-0.675,0.001,0.179,0.454,0.777,-0.53,0.359,0.688,0.33,0.005,0.833,0.489,0.536,-0.293,-0.377,0.618,0.028,0.696,0.324,0.716,-0.203,-0.145,0.672,0.152,-0.423,-0.064,0.867,0.472,0.219,0.774,0.364,-0.128,0.861,0.78,0.621,-0.192,-0.082,0.682,0.399,0.274,0.625,0.293,-0.154,0.384,-0.502,0.501,0.521,0.581,0.725,0.538,0.074,0.412,-0.694,-0.213,0.941,0.799,-0.042,0.585,0.276,0.863,0.856,0.835,0.703,0.024,0.431,-0.096,0.043,0.236,-0.394,0.226,0.863,0.259,-0.23,-0.404,0.65,0.655,-0.421,0.788,0.772,0.257,0.59,0.824,0.897,0.359,0.528,0.35,0.408,0.462,-0.64,-0.305,0.335,0.265,0.577,-0.278,-0.059,-0.173,0.652,0.614,0.73,0.415,-0.69,0.804,0.299,-0.267,0.547,-0.039,0.374,0.671,0.353,0.607,-0.172,-0.646,0.577,0.051,0.3,0.832,0.669,0.892,0.868,0.813,0.62,0.607,0.687,0.389,0.343,0.615,0.412,0.634,0.12,-0.132,-0.007,0.891,0.286,0.698,0.848
ADBE,-0.438,0.062,-0.55,0.517,-0.25,0.665,0.0,0.371,0.133,0.084,0.273,0.24,-0.639,0.437,-0.221,0.583,0.466,0.606,-0.042,-0.297,0.656,0.325,0.305,0.678,-0.031,-0.704,0.445,0.842,-0.156,-0.283,-0.208,0.869,-0.043,0.292,0.045,0.269,-0.231,0.176,-0.162,0.514,0.641,-0.224,0.546,0.453,0.692,0.014,0.269,0.837,0.015,0.613,-0.659,0.816,0.335,-0.3,0.342,0.149,0.58,0.63,0.657,0.814,0.427,0.563,-0.074,0.553,0.59,-0.581,0.614,-0.29,-0.17,0.274,-0.431,0.802,0.141,-0.141,-0.299,0.436,0.331,0.417,0.302,0.122,0.29,0.511,0.183,-0.261,0.311,0.447,0.345,0.152,-0.044,0.088,0.106,0.489,0.752,-0.086,0.317,0.798,-0.226,0.714,0.285,0.114,0.32,0.282,0.253,-0.22,0.626,0.213,-0.07,0.418,0.774,0.046,0.114,-0.111,-0.008,0.808,0.043,0.619,-0.201,-0.347,0.308,0.721,0.577,0.016,0.619,0.633,0.549,0.376,0.393,0.313,0.508,0.812,0.389,0.591,-0.356,0.219,0.622,0.575,0.006,0.383,0.219,0.844,0.069,0.17,0.745,0.561,0.044,-0.013,0.427,0.586,-0.174,0.815,0.257,0.693,0.244,-0.263,-0.411,-0.237,-0.402,0.093,0.326,0.143,0.442,0.19,0.721,0.461,-0.271,-0.418,0.425,0.753,0.242,0.326,-0.352,0.755,0.571,0.693,0.046,0.392,-0.496,-0.088,0.527,0.031,0.391,0.876,0.727,0.491,0.543,0.631,0.2,0.261,-0.182,0.497,0.11,-0.168,0.148,-0.411,-0.48,0.574,0.448,-0.321,0.147,0.334
ADSK,0.519,0.633,-0.668,-0.249,-0.155,0.803,0.371,0.0,-0.399,0.898,0.74,-0.286,0.135,0.559,0.633,-0.183,-0.14,0.817,0.735,0.357,-0.099,0.83,0.061,0.063,0.696,0.153,0.702,0.553,0.398,0.236,-0.839,0.228,0.778,-0.38,-0.66,0.849,0.407,0.889,0.662,0.851,0.188,0.683,0.897,0.871,0.568,0.817,-0.515,0.679,0.576,-0.245,-0.397,0.61,-0.494,-0.734,-0.495,-0.609,0.832,0.87,0.283,0.602,0.886,0.135,0.796,0.832,0.223,-0.347,-0.4,0.49,0.652,0.899,-0.538,0.142,0.863,0.317,0.105,0.922,0.185,0.718,-0.334,-0.506,0.743,-0.255,0.765,0.664,0.714,-0.404,-0.224,0.894,0.504,-0.428,-0.31,0.84,0.357,0.463,0.925,0.144,0.119,0.828,0.725,0.769,-0.191,-0.154,0.683,0.763,0.129,0.68,0.383,-0.236,0.161,-0.577,0.572,0.661,0.682,0.552,0.646,-0.351,0.593,-0.682,-0.603,0.79,0.84,0.067,0.636,0.182,0.875,0.856,0.856,0.8,-0.142,0.157,-0.412,-0.088,0.565,-0.511,0.077,0.881,0.165,-0.501,-0.555,0.452,0.856,-0.425,0.755,0.866,0.658,0.795,0.934,0.856,0.628,0.37,0.488,0.281,0.463,-0.424,-0.09,0.567,0.481,0.637,-0.443,-0.021,-0.406,0.896,0.465,0.85,0.639,-0.526,0.672,0.082,-0.292,0.746,0.168,0.224,0.671,0.213,0.773,-0.447,-0.42,0.75,-0.111,0.257,0.867,0.324,0.779,0.884,0.777,0.442,0.875,0.89,0.593,0.073,0.656,0.79,0.909,0.414,0.352,-0.386,0.937,0.448,0.859,0.898
AEP,-0.571,-0.674,0.349,0.539,0.366,-0.338,0.133,-0.399,0.0,-0.567,-0.47,0.716,-0.555,-0.563,-0.619,0.623,0.117,-0.49,-0.763,-0.403,0.605,-0.004,0.395,0.459,-0.606,-0.51,-0.339,-0.077,-0.79,-0.262,0.576,0.365,-0.708,0.611,0.64,-0.359,-0.125,-0.605,-0.771,-0.304,-0.181,-0.597,-0.404,-0.168,-0.006,-0.579,0.634,0.037,-0.617,0.662,-0.179,-0.006,0.758,0.44,0.757,0.644,-0.398,-0.101,0.38,0.159,-0.257,0.308,-0.726,-0.213,0.137,0.2,0.56,-0.497,-0.619,-0.622,0.039,0.528,-0.627,-0.624,-0.135,-0.333,-0.551,-0.051,0.708,0.761,-0.133,0.517,-0.509,-0.654,-0.442,0.806,0.699,-0.597,-0.137,0.572,0.072,-0.451,0.326,-0.443,-0.482,0.505,-0.134,-0.2,-0.545,-0.574,0.721,0.548,-0.71,-0.671,0.432,-0.474,-0.686,0.673,0.558,0.819,-0.462,-0.648,-0.621,0.078,-0.623,0.565,-0.775,0.487,0.293,-0.244,-0.073,-0.116,0.114,0.304,-0.383,-0.526,-0.461,-0.278,0.588,0.385,0.191,0.714,-0.544,0.771,0.616,-0.329,-0.605,0.644,0.67,0.3,-0.599,0.755,-0.084,-0.276,-0.097,-0.666,-0.417,-0.432,-0.585,0.328,-0.002,0.215,-0.49,0.338,-0.18,-0.688,-0.7,-0.538,0.715,0.316,0.812,-0.527,0.303,-0.21,-0.761,0.268,-0.71,0.561,0.526,-0.224,-0.588,0.516,-0.186,0.233,-0.623,0.592,0.38,-0.731,0.587,-0.474,-0.535,0.06,-0.125,-0.447,-0.215,0.1,-0.383,-0.47,-0.58,0.174,-0.555,-0.498,-0.525,-0.394,-0.007,0.516,-0.4,-0.473,-0.474,-0.553
AGIO,0.68,0.765,-0.558,-0.348,-0.134,0.656,0.084,0.898,-0.567,0.0,0.674,-0.36,0.379,0.563,0.739,-0.376,-0.251,0.72,0.778,0.475,-0.275,0.696,-0.059,-0.247,0.67,0.414,0.545,0.294,0.53,0.384,-0.817,-0.081,0.816,-0.446,-0.657,0.9,0.435,0.895,0.773,0.631,0.124,0.796,0.759,0.703,0.402,0.855,-0.652,0.421,0.553,-0.506,-0.297,0.369,-0.706,-0.662,-0.618,-0.643,0.735,0.734,0.125,0.407,0.809,-0.006,0.893,0.692,0.165,-0.112,-0.569,0.546,0.681,0.847,-0.544,-0.185,0.826,0.393,0.151,0.771,0.155,0.662,-0.434,-0.665,0.606,-0.457,0.683,0.748,0.578,-0.623,-0.333,0.89,0.511,-0.616,-0.248,0.709,0.113,0.559,0.878,-0.093,0.267,0.595,0.636,0.74,-0.296,-0.182,0.622,0.874,-0.154,0.565,0.391,-0.366,-0.154,-0.622,0.478,0.714,0.659,0.326,0.769,-0.547,0.681,-0.635,-0.734,0.582,0.64,0.224,0.47,0.015,0.719,0.759,0.735,0.657,-0.269,-0.075,-0.549,-0.303,0.712,-0.677,-0.161,0.703,0.194,-0.594,-0.616,0.18,0.836,-0.506,0.581,0.705,0.687,0.813,0.821,0.761,0.632,0.151,0.553,0.111,0.418,-0.453,-0.094,0.759,0.635,0.591,-0.543,-0.128,-0.594,0.895,0.283,0.658,0.821,-0.351,0.622,-0.155,-0.583,0.634,0.386,-0.073,0.639,0.066,0.829,-0.577,-0.356,0.882,-0.218,0.173,0.799,0.069,0.545,0.742,0.556,0.207,0.852,0.845,0.739,-0.051,0.608,0.871,0.905,0.533,0.492,-0.638,0.883,0.548,0.905,0.834
ALEC,0.425,0.767,-0.615,-0.398,-0.02,0.812,0.273,0.74,-0.47,0.674,0.0,-0.456,0.063,0.563,0.622,-0.361,0.11,0.68,0.717,0.025,-0.194,0.567,-0.238,-0.014,0.67,0.081,0.637,0.61,0.53,0.06,-0.81,0.172,0.769,-0.435,-0.754,0.611,0.121,0.734,0.646,0.785,0.168,0.515,0.766,0.706,0.214,0.653,-0.424,0.521,0.684,-0.203,-0.289,0.662,-0.384,-0.688,-0.574,-0.604,0.591,0.639,-0.091,0.428,0.557,-0.097,0.682,0.65,0.117,-0.623,-0.316,0.339,0.679,0.81,-0.233,0.078,0.791,0.441,0.248,0.752,0.41,0.339,-0.534,-0.417,0.513,-0.115,0.735,0.579,0.706,-0.451,-0.482,0.768,0.123,-0.357,-0.195,0.711,0.225,0.114,0.755,0.017,0.078,0.665,0.775,0.737,-0.472,-0.218,0.765,0.548,0.031,0.636,0.534,-0.373,0.063,-0.622,0.705,0.708,0.694,0.423,0.523,-0.174,0.67,-0.481,-0.265,0.751,0.623,-0.142,0.327,0.013,0.785,0.825,0.86,0.646,-0.195,0.114,-0.251,-0.249,0.388,-0.581,-0.052,0.765,0.412,-0.504,-0.583,0.252,0.781,-0.591,0.474,0.614,0.192,0.674,0.77,0.729,0.667,0.165,0.171,0.072,0.568,-0.584,0.014,0.356,0.509,0.673,-0.526,-0.139,-0.402,0.658,0.32,0.691,0.597,-0.706,0.707,-0.142,-0.288,0.519,0.168,0.057,0.408,0.074,0.768,-0.347,-0.368,0.621,-0.286,0.38,0.828,0.276,0.646,0.786,0.709,0.642,0.588,0.734,0.4,0.089,0.69,0.602,0.661,0.332,0.131,-0.252,0.767,0.441,0.767,0.827
ALNY,-0.45,-0.526,0.264,0.839,0.347,-0.268,0.24,-0.286,0.716,-0.36,-0.456,0.0,-0.432,-0.169,-0.631,0.792,0.216,-0.288,-0.825,-0.347,0.745,0.086,0.521,0.471,-0.767,-0.455,-0.34,-0.118,-0.814,0.06,0.607,0.405,-0.66,0.895,0.734,-0.163,0.089,-0.509,-0.765,-0.381,0.056,-0.465,-0.292,-0.119,0.223,-0.419,0.62,0.052,-0.726,0.721,-0.326,0.044,0.681,0.467,0.843,0.85,-0.134,0.054,0.684,0.272,0.049,0.664,-0.575,-0.23,0.551,0.445,0.653,-0.548,-0.792,-0.58,-0.29,0.46,-0.587,-0.799,-0.063,-0.393,-0.533,0.208,0.934,0.595,-0.285,0.611,-0.679,-0.604,-0.654,0.713,0.827,-0.471,-0.05,0.511,0.384,-0.486,0.439,-0.233,-0.356,0.709,0.148,-0.128,-0.743,-0.648,0.873,0.833,-0.662,-0.627,0.435,-0.734,-0.677,0.935,0.56,0.876,-0.641,-0.594,-0.827,0.207,-0.391,0.641,-0.749,0.547,0.273,-0.219,-0.1,0.449,0.416,0.692,-0.265,-0.597,-0.524,-0.403,0.79,0.573,0.259,0.768,-0.472,0.709,0.525,-0.222,-0.413,0.754,0.875,0.365,-0.53,0.886,0.062,-0.179,0.075,-0.739,-0.289,-0.21,-0.549,0.524,0.327,0.505,-0.297,0.405,-0.488,-0.493,-0.845,-0.725,0.883,0.398,0.846,-0.314,0.492,-0.294,-0.666,0.449,-0.615,0.695,0.296,-0.179,-0.291,0.543,0.212,0.589,-0.576,0.653,0.329,-0.615,0.804,-0.8,-0.401,0.149,-0.164,-0.428,-0.383,0.063,-0.177,-0.375,-0.565,0.232,-0.745,-0.363,-0.38,-0.484,0.118,0.405,-0.304,-0.722,-0.362,-0.528
ALTR,0.684,0.321,0.271,-0.551,0.031,-0.17,-0.639,0.135,-0.555,0.379,0.063,-0.432,0.0,0.161,0.495,-0.663,-0.51,-0.031,0.48,0.622,-0.761,-0.065,-0.312,-0.677,0.383,0.766,-0.016,-0.486,0.478,0.408,-0.187,-0.776,0.486,-0.546,-0.347,0.189,0.266,0.36,0.539,-0.068,-0.297,0.681,0.005,-0.102,-0.343,0.402,-0.503,-0.492,0.324,-0.773,0.502,-0.53,-0.711,0.005,-0.655,-0.493,-0.052,-0.186,-0.525,-0.507,0.036,-0.371,0.532,-0.203,-0.364,0.323,-0.734,0.66,0.454,0.206,0.077,-0.756,0.358,0.409,0.329,0.006,-0.055,-0.107,-0.535,-0.45,0.125,-0.705,0.175,0.628,0.038,-0.751,-0.526,0.321,0.222,-0.525,-0.158,0.029,-0.596,0.487,0.197,-0.673,0.226,-0.245,0.119,0.325,-0.556,-0.316,0.233,0.61,-0.598,0.115,0.384,-0.556,-0.766,-0.464,0.042,0.516,0.321,-0.497,0.513,-0.737,0.588,-0.057,-0.49,-0.234,-0.193,0.342,-0.319,-0.428,-0.011,0.112,0.052,0.002,-0.601,-0.743,-0.491,-0.743,0.775,-0.642,-0.778,-0.072,0.376,-0.6,-0.481,-0.572,0.377,-0.486,-0.362,-0.094,0.264,0.444,0.105,-0.009,0.454,-0.561,-0.019,-0.371,0.198,0.034,0.327,0.754,0.634,0.249,-0.578,-0.27,-0.689,0.336,-0.6,-0.068,0.721,0.122,0.146,-0.684,-0.455,-0.022,0.594,-0.7,-0.132,-0.519,0.387,-0.653,-0.018,0.593,-0.545,0.218,0.149,-0.566,-0.289,0.029,-0.23,-0.556,0.299,0.176,0.572,-0.427,0.271,0.501,0.354,0.47,0.4,-0.786,0.05,0.438,0.288,0.184
AMBA,0.245,0.692,-0.469,0.12,-0.201,0.682,0.437,0.559,-0.563,0.563,0.563,-0.169,0.161,0.0,0.409,-0.024,0.132,0.769,0.454,0.092,0.076,0.252,0.0,-0.038,0.311,0.004,0.478,0.488,0.443,0.245,-0.461,0.162,0.506,-0.113,-0.368,0.545,0.017,0.551,0.43,0.515,0.625,0.419,0.644,0.477,0.472,0.536,-0.086,0.466,0.33,-0.067,-0.307,0.545,-0.307,-0.391,-0.277,-0.249,0.74,0.576,0.22,0.412,0.593,0.369,0.554,0.42,0.483,-0.315,0.017,0.157,0.196,0.549,-0.4,0.087,0.541,0.24,0.194,0.456,0.533,0.342,-0.208,-0.341,0.351,0.007,0.347,0.347,0.333,-0.34,-0.223,0.599,-0.018,-0.458,0.282,0.631,0.327,0.415,0.563,0.253,0.302,0.566,0.446,0.401,-0.215,0.086,0.705,0.352,0.078,0.236,0.424,-0.067,0.123,-0.427,0.226,0.522,0.279,0.51,0.63,0.046,0.458,-0.424,-0.084,0.6,0.419,0.456,0.497,0.4,0.675,0.568,0.538,0.278,0.004,0.326,0.115,-0.165,0.33,-0.525,-0.137,0.594,0.647,-0.11,-0.192,0.334,0.523,-0.315,0.476,0.587,0.222,0.374,0.614,0.825,0.35,0.378,0.375,0.501,0.701,-0.467,-0.193,0.53,0.189,0.301,-0.16,-0.202,-0.222,0.608,0.313,0.455,0.478,-0.277,0.778,0.097,-0.385,0.405,0.385,0.058,0.619,0.395,0.485,-0.164,-0.498,0.51,0.124,0.196,0.686,0.547,0.552,0.585,0.31,0.36,0.499,0.528,0.298,0.397,0.328,0.348,0.507,-0.068,-0.16,-0.111,0.624,0.025,0.554,0.59
AMCX,0.679,0.73,-0.337,-0.587,-0.023,0.428,-0.221,0.633,-0.619,0.739,0.622,-0.631,0.495,0.409,0.0,-0.62,-0.336,0.45,0.807,0.391,-0.52,0.381,-0.214,-0.396,0.722,0.563,0.487,0.111,0.652,0.308,-0.695,-0.32,0.801,-0.655,-0.754,0.614,0.309,0.694,0.806,0.529,0.034,0.721,0.52,0.472,0.043,0.73,-0.555,0.137,0.628,-0.648,0.103,0.177,-0.655,-0.534,-0.741,-0.744,0.448,0.364,-0.274,0.011,0.445,-0.269,0.822,0.409,-0.207,-0.157,-0.697,0.566,0.729,0.698,-0.098,-0.392,0.757,0.546,0.333,0.601,0.257,0.229,-0.673,-0.555,0.517,-0.51,0.649,0.765,0.552,-0.731,-0.566,0.771,0.276,-0.594,-0.244,0.601,-0.14,0.515,0.614,-0.407,0.255,0.343,0.636,0.685,-0.551,-0.427,0.675,0.81,-0.286,0.544,0.485,-0.637,-0.355,-0.719,0.562,0.789,0.714,0.035,0.653,-0.65,0.801,-0.503,-0.643,0.355,0.363,-0.017,0.102,-0.292,0.509,0.663,0.639,0.514,-0.547,-0.339,-0.486,-0.612,0.682,-0.739,-0.384,0.473,0.372,-0.722,-0.723,-0.164,0.774,-0.661,0.241,0.462,0.385,0.763,0.594,0.5,0.723,-0.197,0.2,-0.145,0.401,-0.465,0.298,0.725,0.751,0.592,-0.707,-0.226,-0.704,0.667,-0.114,0.529,0.806,-0.35,0.566,-0.481,-0.442,0.414,0.394,-0.371,0.223,-0.261,0.69,-0.665,-0.176,0.751,-0.488,0.475,0.63,-0.097,0.338,0.557,0.394,0.096,0.561,0.709,0.62,-0.148,0.639,0.717,0.692,0.531,0.332,-0.592,0.585,0.637,0.765,0.649
AMKR,-0.67,-0.497,-0.002,0.862,0.135,0.022,0.583,-0.183,0.623,-0.376,-0.361,0.792,-0.663,-0.024,-0.62,0.0,0.311,-0.0,-0.702,-0.393,0.866,0.074,0.604,0.63,-0.621,-0.644,-0.088,0.23,-0.686,-0.221,0.426,0.658,-0.647,0.808,0.638,-0.126,-0.171,-0.46,-0.717,-0.144,0.308,-0.572,-0.106,-0.024,0.483,-0.445,0.689,0.376,-0.608,0.819,-0.539,0.326,0.727,0.306,0.911,0.751,0.066,0.205,0.794,0.491,0.07,0.752,-0.58,0.014,0.552,0.092,0.795,-0.611,-0.76,-0.426,-0.342,0.682,-0.511,-0.653,-0.195,-0.178,-0.19,0.236,0.837,0.504,-0.134,0.716,-0.464,-0.675,-0.382,0.795,0.911,-0.437,-0.157,0.454,0.417,-0.176,0.606,-0.222,-0.284,0.832,-0.086,0.132,-0.46,-0.574,0.863,0.632,-0.441,-0.665,0.636,-0.501,-0.654,0.853,0.788,0.707,-0.502,-0.576,-0.648,0.475,-0.355,0.778,-0.724,0.231,0.392,0.076,0.081,0.234,0.523,0.704,-0.095,-0.361,-0.332,-0.178,0.752,0.778,0.435,0.837,-0.626,0.764,0.718,-0.047,-0.345,0.796,0.769,0.61,-0.483,0.753,0.332,0.043,-0.083,-0.641,-0.181,-0.001,-0.606,0.682,0.244,0.643,-0.297,0.192,-0.576,-0.531,-0.848,-0.572,0.855,0.434,0.864,-0.306,0.639,-0.134,-0.742,0.229,-0.322,0.845,0.368,-0.111,-0.404,0.67,0.316,0.687,-0.603,0.684,0.018,-0.577,0.853,-0.545,-0.268,0.582,0.144,-0.218,-0.097,0.227,-0.208,-0.316,-0.549,0.474,-0.568,-0.523,-0.376,-0.597,-0.273,0.666,-0.129,-0.678,-0.349,-0.359
AMRX,-0.312,0.007,-0.214,0.354,-0.006,0.144,0.466,-0.14,0.117,-0.251,0.11,0.216,-0.51,0.132,-0.336,0.311,0.0,0.046,-0.262,-0.618,0.434,-0.03,0.011,0.528,-0.302,-0.477,0.008,0.395,-0.185,-0.104,0.106,0.522,-0.161,0.336,0.122,-0.211,-0.18,-0.158,-0.222,0.072,0.402,-0.382,0.069,0.053,0.049,-0.176,0.247,0.262,-0.056,0.577,-0.177,0.409,0.483,-0.064,0.322,0.337,0.009,0.05,0.191,0.279,-0.027,0.284,-0.276,-0.038,0.426,-0.351,0.561,-0.288,-0.254,-0.052,-0.003,0.456,-0.135,-0.176,-0.135,-0.093,0.227,-0.04,0.231,0.252,-0.226,0.547,-0.209,-0.285,-0.084,0.355,0.135,-0.116,-0.313,0.331,0.164,-0.057,0.379,-0.369,-0.059,0.47,-0.015,0.185,-0.06,-0.025,0.164,0.313,0.028,-0.414,0.383,-0.109,0.075,0.333,0.37,0.244,0.108,-0.189,-0.266,0.377,-0.089,0.571,-0.181,0.153,0.551,0.228,0.008,-0.071,0.103,0.373,0.119,-0.034,0.092,-0.237,0.481,0.487,0.495,0.337,-0.458,0.259,0.286,0.136,0.108,0.365,0.325,0.263,-0.171,0.198,0.136,0.055,-0.285,-0.308,-0.015,0.085,-0.165,0.421,0.002,0.322,0.194,0.059,-0.064,-0.447,-0.346,-0.116,0.301,0.086,0.4,-0.149,0.286,0.041,-0.388,-0.133,0.047,0.3,0.326,-0.037,-0.206,0.371,0.115,0.428,-0.086,0.521,-0.004,-0.356,0.309,-0.025,0.052,0.375,0.129,0.057,0.06,0.505,-0.16,0.001,-0.459,0.159,-0.14,-0.297,-0.199,-0.386,-0.327,0.468,-0.085,-0.346,-0.133,-0.101
ANSS,0.185,0.599,-0.72,-0.04,-0.305,0.908,0.606,0.817,-0.49,0.72,0.68,-0.288,-0.031,0.769,0.45,-0.0,0.046,0.0,0.615,0.205,0.085,0.514,-0.008,0.122,0.545,-0.1,0.634,0.686,0.473,0.017,-0.771,0.356,0.569,-0.268,-0.485,0.739,0.032,0.703,0.496,0.731,0.488,0.423,0.806,0.67,0.671,0.559,-0.308,0.735,0.455,-0.094,-0.594,0.718,-0.415,-0.636,-0.336,-0.469,0.886,0.813,0.347,0.663,0.705,0.224,0.627,0.795,0.346,-0.512,-0.087,0.227,0.431,0.77,-0.586,0.225,0.663,0.309,-0.013,0.788,0.552,0.547,-0.263,-0.465,0.557,-0.096,0.655,0.376,0.648,-0.269,-0.171,0.685,0.237,-0.48,-0.009,0.865,0.391,0.321,0.736,0.266,-0.048,0.767,0.699,0.569,-0.197,-0.103,0.693,0.496,0.171,0.581,0.339,-0.153,0.272,-0.559,0.419,0.504,0.558,0.643,0.612,-0.069,0.438,-0.727,-0.292,0.81,0.701,0.131,0.602,0.252,0.786,0.798,0.748,0.67,-0.059,0.355,-0.058,-0.021,0.294,-0.451,0.118,0.778,0.301,-0.256,-0.405,0.562,0.643,-0.406,0.775,0.766,0.351,0.608,0.774,0.901,0.346,0.459,0.395,0.403,0.47,-0.55,-0.353,0.475,0.298,0.533,-0.3,-0.099,-0.288,0.674,0.545,0.674,0.482,-0.534,0.867,0.234,-0.394,0.53,0.114,0.25,0.697,0.357,0.59,-0.25,-0.674,0.661,0.036,0.274,0.77,0.638,0.789,0.8,0.691,0.471,0.607,0.681,0.45,0.38,0.574,0.446,0.657,0.136,-0.106,-0.098,0.871,0.231,0.667,0.848
APPN,0.683,0.744,-0.511,-0.746,-0.29,0.593,-0.042,0.735,-0.763,0.778,0.717,-0.825,0.48,0.454,0.807,-0.702,-0.262,0.615,0.0,0.473,-0.647,0.394,-0.326,-0.365,0.906,0.498,0.612,0.316,0.813,0.15,-0.87,-0.254,0.923,-0.845,-0.877,0.594,0.205,0.879,0.931,0.695,0.032,0.787,0.693,0.529,0.106,0.774,-0.752,0.263,0.836,-0.701,0.057,0.227,-0.806,-0.696,-0.899,-0.936,0.526,0.408,-0.358,0.088,0.464,-0.388,0.87,0.564,-0.25,-0.417,-0.73,0.711,0.923,0.889,-0.104,-0.343,0.907,0.754,0.16,0.735,0.437,0.248,-0.86,-0.742,0.583,-0.622,0.867,0.843,0.802,-0.808,-0.721,0.837,0.36,-0.634,-0.393,0.755,-0.184,0.496,0.774,-0.452,0.04,0.502,0.881,0.882,-0.746,-0.646,0.833,0.889,-0.288,0.834,0.706,-0.799,-0.39,-0.929,0.718,0.834,0.936,0.091,0.688,-0.687,0.893,-0.721,-0.539,0.55,0.504,-0.178,0.043,-0.377,0.655,0.857,0.795,0.667,-0.648,-0.39,-0.461,-0.655,0.73,-0.84,-0.414,0.622,0.433,-0.84,-0.921,-0.074,0.861,-0.876,0.299,0.555,0.329,0.966,0.722,0.609,0.778,-0.219,0.073,-0.231,0.482,-0.476,0.288,0.724,0.882,0.828,-0.881,-0.293,-0.855,0.751,-0.14,0.61,0.888,-0.565,0.775,-0.496,-0.42,0.518,0.386,-0.327,0.237,-0.33,0.856,-0.747,-0.431,0.894,-0.655,0.666,0.774,-0.004,0.474,0.762,0.634,0.113,0.648,0.734,0.776,-0.164,0.853,0.757,0.797,0.62,0.191,-0.597,0.71,0.784,0.736,0.846
APTO,0.464,0.167,0.051,-0.434,-0.222,0.03,-0.297,0.357,-0.403,0.475,0.025,-0.347,0.622,0.092,0.391,-0.393,-0.618,0.205,0.473,0.0,-0.475,0.188,-0.053,-0.437,0.507,0.49,0.054,-0.225,0.395,0.117,-0.315,-0.41,0.374,-0.492,-0.208,0.371,0.217,0.43,0.464,0.092,-0.265,0.522,0.16,0.122,0.137,0.359,-0.514,-0.098,0.219,-0.628,0.111,-0.295,-0.687,-0.131,-0.504,-0.528,0.209,0.13,-0.129,-0.092,0.235,-0.249,0.466,0.256,-0.38,0.254,-0.65,0.58,0.448,0.334,-0.095,-0.358,0.357,0.284,-0.074,0.289,-0.002,0.256,-0.341,-0.491,0.269,-0.694,0.408,0.5,0.309,-0.444,-0.274,0.331,0.531,-0.43,-0.241,0.269,-0.21,0.464,0.316,-0.42,0.005,0.024,0.254,0.32,-0.279,-0.407,0.168,0.647,-0.349,0.366,0.196,-0.412,-0.434,-0.509,-0.006,0.262,0.444,-0.267,0.385,-0.719,0.333,-0.426,-0.641,-0.027,0.126,0.126,-0.017,-0.366,0.108,0.237,0.15,0.407,-0.543,-0.511,-0.454,-0.332,0.593,-0.4,-0.362,0.104,-0.046,-0.453,-0.498,-0.151,0.325,-0.332,0.056,0.142,0.463,0.545,0.24,0.135,0.223,-0.313,0.037,-0.252,-0.013,-0.087,0.069,0.653,0.499,0.287,-0.467,-0.217,-0.592,0.38,-0.263,0.141,0.57,0.148,0.231,-0.295,-0.397,0.24,0.279,-0.286,0.032,-0.394,0.319,-0.681,-0.281,0.587,-0.374,0.162,0.157,-0.283,-0.004,0.197,0.116,-0.447,0.395,0.268,0.674,-0.143,0.335,0.477,0.444,0.343,0.345,-0.539,0.299,0.398,0.311,0.35
ARCT,-0.661,-0.306,-0.111,0.876,0.03,0.142,0.656,-0.099,0.605,-0.275,-0.194,0.745,-0.761,0.076,-0.52,0.866,0.434,0.085,-0.647,-0.475,0.0,0.109,0.505,0.649,-0.582,-0.769,-0.097,0.363,-0.597,-0.19,0.351,0.77,-0.573,0.803,0.597,-0.042,-0.164,-0.39,-0.648,-0.056,0.447,-0.602,-0.015,0.121,0.515,-0.378,0.675,0.476,-0.58,0.859,-0.6,0.495,0.717,0.191,0.821,0.712,0.177,0.312,0.804,0.616,0.154,0.68,-0.515,0.141,0.625,-0.042,0.842,-0.693,-0.7,-0.314,-0.356,0.798,-0.44,-0.662,-0.252,-0.094,-0.069,0.298,0.824,0.548,-0.11,0.745,-0.392,-0.669,-0.283,0.836,0.749,-0.325,-0.183,0.43,0.416,-0.09,0.744,-0.328,-0.202,0.881,-0.035,0.219,-0.373,-0.46,0.809,0.672,-0.356,-0.621,0.617,-0.406,-0.545,0.848,0.843,0.641,-0.374,-0.577,-0.59,0.6,-0.338,0.793,-0.708,0.179,0.405,0.168,0.174,0.16,0.534,0.72,0.02,-0.231,-0.169,-0.131,0.809,0.885,0.532,0.889,-0.666,0.678,0.782,0.056,-0.354,0.836,0.748,0.686,-0.434,0.747,0.418,0.148,-0.008,-0.594,-0.084,0.106,-0.605,0.77,0.27,0.685,-0.106,0.031,-0.531,-0.534,-0.822,-0.493,0.824,0.323,0.849,-0.231,0.745,0.02,-0.686,0.165,-0.221,0.879,0.309,0.062,-0.476,0.774,0.356,0.726,-0.457,0.704,-0.017,-0.57,0.872,-0.513,-0.17,0.595,0.27,-0.112,-0.008,0.456,-0.173,-0.171,-0.586,0.556,-0.496,-0.486,-0.313,-0.637,-0.284,0.725,-0.016,-0.706,-0.214,-0.254
ARWR,0.416,0.38,-0.467,-0.062,0.09,0.576,0.325,0.83,-0.004,0.696,0.567,0.086,-0.065,0.252,0.381,0.074,-0.03,0.514,0.394,0.188,0.109,0.0,0.347,0.306,0.438,0.104,0.559,0.451,0.033,0.242,-0.594,0.335,0.531,-0.074,-0.434,0.681,0.545,0.649,0.38,0.721,0.01,0.499,0.715,0.858,0.477,0.657,-0.336,0.638,0.302,0.036,-0.419,0.545,-0.136,-0.516,-0.161,-0.274,0.586,0.804,0.456,0.614,0.846,0.335,0.549,0.681,0.279,-0.158,-0.257,0.373,0.39,0.635,-0.481,0.287,0.629,-0.013,0.136,0.761,-0.153,0.743,-0.007,-0.28,0.676,0.021,0.528,0.513,0.467,-0.133,0.113,0.683,0.509,-0.119,-0.267,0.562,0.498,0.292,0.753,0.351,0.222,0.728,0.424,0.553,0.182,0.109,0.373,0.532,0.373,0.39,0.139,0.105,0.34,-0.186,0.399,0.438,0.389,0.521,0.409,-0.172,0.336,-0.414,-0.501,0.648,0.792,0.081,0.742,0.33,0.702,0.587,0.636,0.685,0.128,0.274,-0.388,0.216,0.392,-0.191,0.335,0.733,-0.098,-0.267,-0.256,0.459,0.65,-0.061,0.67,0.753,0.684,0.508,0.772,0.645,0.511,0.448,0.535,0.329,0.219,-0.114,-0.133,0.252,0.186,0.362,-0.104,0.265,-0.061,0.716,0.583,0.727,0.344,-0.391,0.24,0.23,-0.028,0.725,0.057,0.374,0.619,0.3,0.555,-0.232,-0.131,0.436,0.118,-0.025,0.658,0.219,0.654,0.652,0.636,0.48,0.785,0.722,0.344,0.035,0.329,0.701,0.74,0.307,0.565,-0.27,0.737,0.261,0.685,0.626
ASND,-0.249,-0.227,0.122,0.485,0.006,0.02,0.305,0.061,0.395,-0.059,-0.238,0.521,-0.312,0.0,-0.214,0.604,0.011,-0.008,-0.326,-0.053,0.505,0.347,0.0,0.448,-0.19,-0.093,0.197,0.165,-0.374,-0.029,0.165,0.305,-0.266,0.426,0.277,0.051,0.12,-0.147,-0.268,0.108,0.21,-0.078,0.079,0.206,0.339,-0.064,0.396,0.358,-0.414,0.411,-0.203,0.152,0.422,0.325,0.563,0.435,0.068,0.209,0.628,0.352,0.294,0.706,-0.223,0.089,0.281,0.215,0.29,-0.057,-0.465,-0.195,-0.124,0.376,-0.139,-0.384,0.076,0.017,-0.175,0.349,0.511,0.143,0.267,0.418,-0.145,-0.19,-0.137,0.324,0.685,-0.113,-0.005,0.281,0.384,-0.011,0.513,0.244,-0.011,0.584,0.275,0.247,-0.227,-0.217,0.681,0.359,-0.186,-0.215,0.647,-0.335,-0.344,0.559,0.476,0.381,-0.369,-0.164,-0.295,0.402,-0.082,0.295,-0.27,-0.013,0.106,0.165,0.297,0.269,0.549,0.495,0.055,-0.078,-0.161,0.125,0.305,0.401,0.193,0.466,-0.114,0.327,0.501,0.064,-0.247,0.471,0.42,0.31,-0.181,0.536,0.262,0.272,0.287,-0.234,0.05,0.154,-0.166,0.401,0.241,0.551,-0.237,0.295,-0.173,-0.133,-0.512,-0.4,0.598,0.498,0.519,0.052,0.397,0.018,-0.303,0.195,-0.286,0.485,0.355,0.255,0.041,0.324,0.365,0.305,-0.294,0.147,0.001,-0.236,0.611,-0.212,-0.019,0.299,0.253,-0.074,-0.023,0.025,0.118,-0.071,-0.179,0.291,-0.452,-0.116,-0.013,-0.239,0.055,0.281,0.025,-0.29,-0.098,-0.145
ASTH,-0.409,-0.33,-0.189,0.533,-0.083,0.192,0.678,0.063,0.459,-0.247,-0.014,0.471,-0.677,-0.038,-0.396,0.63,0.528,0.122,-0.365,-0.437,0.649,0.306,0.448,0.0,-0.302,-0.627,0.115,0.476,-0.454,-0.109,0.11,0.81,-0.257,0.49,0.282,-0.153,0.135,-0.156,-0.448,0.258,0.248,-0.392,0.193,0.333,0.401,-0.156,0.369,0.529,-0.224,0.825,-0.304,0.507,0.656,-0.043,0.544,0.43,0.165,0.271,0.599,0.484,0.234,0.53,-0.317,0.145,0.45,-0.315,0.589,-0.296,-0.352,-0.046,-0.101,0.759,-0.119,-0.513,-0.227,0.11,0.02,0.248,0.535,0.379,0.082,0.655,-0.156,-0.322,-0.037,0.621,0.488,-0.108,-0.001,0.524,0.08,0.052,0.618,-0.295,0.022,0.725,-0.09,0.413,-0.109,-0.12,0.524,0.359,-0.058,-0.412,0.683,-0.084,-0.104,0.635,0.726,0.384,0.054,-0.314,-0.301,0.501,-0.263,0.61,-0.388,0.089,0.475,0.329,0.295,-0.079,0.501,0.609,0.234,-0.003,0.075,0.026,0.64,0.685,0.483,0.699,-0.487,0.512,0.64,0.287,-0.166,0.472,0.46,0.566,-0.147,0.47,0.401,0.291,0.056,-0.31,0.141,0.186,-0.16,0.63,0.122,0.546,0.039,0.36,-0.141,-0.577,-0.608,-0.214,0.524,0.484,0.654,-0.074,0.543,0.23,-0.556,-0.169,-0.116,0.655,0.676,0.247,-0.413,0.733,0.265,0.587,-0.2,0.553,0.03,-0.468,0.535,-0.122,0.057,0.506,0.382,0.143,0.263,0.555,0.022,0.055,-0.531,0.338,-0.25,-0.247,-0.08,-0.383,-0.187,0.648,0.028,-0.486,-0.216,-0.082
ATSG,0.533,0.613,-0.366,-0.763,-0.219,0.543,-0.031,0.696,-0.606,0.67,0.67,-0.767,0.383,0.311,0.722,-0.621,-0.302,0.545,0.906,0.507,-0.582,0.438,-0.19,-0.302,0.0,0.437,0.615,0.345,0.737,-0.07,-0.823,-0.209,0.791,-0.841,-0.825,0.51,0.101,0.763,0.868,0.71,-0.067,0.669,0.605,0.521,0.079,0.622,-0.666,0.285,0.694,-0.647,0.015,0.24,-0.705,-0.545,-0.81,-0.898,0.441,0.385,-0.357,0.106,0.398,-0.346,0.752,0.616,-0.426,-0.446,-0.734,0.734,0.877,0.799,0.034,-0.223,0.814,0.705,0.176,0.746,0.404,0.221,-0.786,-0.639,0.648,-0.59,0.937,0.77,0.87,-0.673,-0.633,0.722,0.336,-0.505,-0.391,0.731,-0.057,0.376,0.666,-0.4,-0.063,0.475,0.855,0.812,-0.662,-0.634,0.745,0.801,-0.11,0.829,0.614,-0.729,-0.286,-0.892,0.615,0.714,0.951,0.089,0.524,-0.639,0.788,-0.724,-0.515,0.539,0.546,-0.294,0.069,-0.428,0.559,0.817,0.744,0.832,-0.757,-0.368,-0.446,-0.531,0.626,-0.711,-0.288,0.534,0.267,-0.737,-0.885,-0.046,0.767,-0.769,0.277,0.518,0.274,0.919,0.634,0.521,0.705,-0.237,-0.086,-0.266,0.323,-0.471,0.283,0.598,0.771,0.769,-0.798,-0.248,-0.764,0.616,-0.125,0.621,0.769,-0.609,0.678,-0.425,-0.301,0.507,0.277,-0.277,0.08,-0.425,0.7,-0.811,-0.495,0.782,-0.604,0.679,0.645,0.013,0.501,0.668,0.661,0.131,0.533,0.635,0.706,-0.107,0.822,0.666,0.683,0.577,0.179,-0.458,0.635,0.705,0.662,0.825
AVTX,0.768,0.384,0.212,-0.622,0.059,-0.208,-0.704,0.153,-0.51,0.414,0.081,-0.455,0.766,0.004,0.563,-0.644,-0.477,-0.1,0.498,0.49,-0.769,0.104,-0.093,-0.627,0.437,0.0,0.112,-0.494,0.457,0.464,-0.256,-0.812,0.531,-0.558,-0.492,0.197,0.409,0.357,0.612,-0.02,-0.313,0.695,0.003,-0.037,-0.418,0.496,-0.559,-0.443,0.302,-0.8,0.514,-0.516,-0.621,-0.051,-0.576,-0.463,-0.136,-0.198,-0.477,-0.529,0.094,-0.31,0.583,-0.17,-0.4,0.399,-0.826,0.677,0.455,0.221,0.181,-0.809,0.39,0.407,0.481,0.053,-0.113,-0.094,-0.551,-0.58,0.193,-0.58,0.222,0.71,0.053,-0.809,-0.408,0.376,0.183,-0.448,-0.175,0.029,-0.536,0.541,0.226,-0.702,0.386,-0.205,0.15,0.361,-0.428,-0.368,0.249,0.652,-0.418,0.098,0.379,-0.566,-0.717,-0.425,0.149,0.606,0.371,-0.466,0.431,-0.788,0.67,-0.141,-0.559,-0.226,-0.132,0.192,-0.249,-0.467,-0.043,0.119,0.049,0.091,-0.644,-0.743,-0.562,-0.768,0.746,-0.615,-0.631,-0.1,0.255,-0.652,-0.525,-0.652,0.405,-0.454,-0.319,-0.01,0.284,0.47,0.103,-0.019,0.604,-0.638,0.065,-0.412,0.022,0.104,0.419,0.653,0.654,0.24,-0.532,-0.023,-0.696,0.343,-0.556,-0.048,0.69,0.081,0.025,-0.78,-0.374,0.07,0.7,-0.799,-0.062,-0.53,0.386,-0.697,0.138,0.563,-0.544,0.257,0.172,-0.611,-0.282,0.0,-0.19,-0.492,0.301,0.219,0.583,-0.498,0.202,0.567,0.386,0.607,0.541,-0.827,0.07,0.574,0.315,0.172
BCPC,0.254,0.533,-0.575,-0.208,-0.112,0.721,0.445,0.702,-0.339,0.545,0.637,-0.34,-0.016,0.478,0.487,-0.088,0.008,0.634,0.612,0.054,-0.097,0.559,0.197,0.115,0.615,0.112,0.0,0.663,0.348,0.003,-0.623,0.243,0.619,-0.378,-0.653,0.546,0.11,0.648,0.564,0.835,0.327,0.509,0.8,0.645,0.401,0.576,-0.256,0.654,0.541,-0.134,-0.212,0.594,-0.239,-0.551,-0.327,-0.49,0.605,0.622,0.157,0.475,0.616,0.274,0.535,0.61,0.138,-0.525,-0.197,0.424,0.471,0.675,-0.254,0.192,0.759,0.413,0.201,0.745,0.309,0.386,-0.387,-0.405,0.688,-0.01,0.67,0.515,0.667,-0.346,-0.161,0.685,0.154,-0.317,-0.173,0.749,0.345,0.465,0.707,0.196,0.023,0.799,0.711,0.66,-0.234,-0.205,0.705,0.446,0.347,0.548,0.34,-0.255,0.25,-0.494,0.509,0.636,0.593,0.557,0.445,-0.091,0.612,-0.618,-0.229,0.795,0.728,-0.074,0.478,0.181,0.763,0.758,0.706,0.659,-0.19,0.198,-0.173,-0.151,0.386,-0.432,0.079,0.736,0.336,-0.385,-0.451,0.378,0.667,-0.435,0.59,0.758,0.242,0.608,0.749,0.717,0.593,0.325,0.264,0.308,0.361,-0.377,0.089,0.341,0.313,0.539,-0.325,0.124,-0.241,0.638,0.292,0.685,0.415,-0.68,0.61,0.084,0.047,0.5,0.166,0.114,0.492,0.129,0.536,-0.328,-0.449,0.501,-0.076,0.462,0.77,0.463,0.749,0.759,0.695,0.389,0.607,0.648,0.414,0.073,0.559,0.45,0.642,0.234,-0.021,-0.123,0.679,0.396,0.635,0.693
BEAM,-0.196,0.355,-0.706,0.121,-0.237,0.837,0.842,0.553,-0.077,0.294,0.61,-0.118,-0.486,0.488,0.111,0.23,0.395,0.686,0.316,-0.225,0.363,0.451,0.165,0.476,0.345,-0.494,0.663,0.0,0.126,-0.34,-0.522,0.707,0.286,-0.042,-0.34,0.419,-0.234,0.445,0.201,0.781,0.539,0.041,0.746,0.618,0.558,0.242,0.004,0.871,0.372,0.331,-0.576,0.878,0.081,-0.537,-0.027,-0.208,0.623,0.702,0.364,0.783,0.486,0.322,0.17,0.719,0.359,-0.791,0.31,-0.013,0.22,0.559,-0.338,0.655,0.451,0.241,-0.157,0.667,0.435,0.439,-0.115,-0.087,0.477,0.272,0.53,0.042,0.645,0.129,0.012,0.418,-0.003,-0.065,-0.059,0.672,0.666,0.003,0.543,0.569,-0.238,0.846,0.648,0.471,-0.034,-0.018,0.531,0.054,0.521,0.526,0.184,0.036,0.59,-0.288,0.435,0.23,0.384,0.748,0.232,0.368,0.151,-0.499,0.132,0.905,0.75,-0.234,0.506,0.354,0.739,0.711,0.706,0.575,0.195,0.587,0.174,0.293,-0.09,-0.094,0.428,0.742,0.17,0.043,-0.174,0.734,0.378,-0.217,0.712,0.663,0.046,0.333,0.634,0.711,0.149,0.658,0.151,0.498,0.382,-0.497,-0.215,-0.053,-0.029,0.397,-0.042,-0.006,0.137,0.386,0.586,0.671,0.041,-0.693,0.616,0.485,0.132,0.455,-0.251,0.583,0.509,0.404,0.36,0.086,-0.562,0.182,0.203,0.339,0.634,0.769,0.874,0.73,0.779,0.714,0.364,0.496,0.081,0.375,0.451,0.089,0.373,-0.116,-0.375,0.356,0.632,0.052,0.423,0.595
BILI,0.479,0.668,-0.206,-0.664,-0.304,0.393,-0.156,0.398,-0.79,0.53,0.53,-0.814,0.478,0.443,0.652,-0.686,-0.185,0.473,0.813,0.395,-0.597,0.033,-0.374,-0.454,0.737,0.457,0.348,0.126,0.0,0.076,-0.646,-0.351,0.686,-0.804,-0.599,0.307,-0.007,0.574,0.769,0.39,0.148,0.531,0.383,0.235,-0.035,0.498,-0.558,0.048,0.604,-0.67,0.133,0.064,-0.726,-0.362,-0.78,-0.768,0.341,0.102,-0.454,-0.118,0.17,-0.446,0.699,0.312,-0.328,-0.369,-0.612,0.558,0.684,0.616,0.131,-0.447,0.623,0.604,0.107,0.43,0.741,-0.079,-0.785,-0.681,0.374,-0.526,0.664,0.633,0.587,-0.739,-0.731,0.547,0.135,-0.649,0.019,0.595,-0.29,0.34,0.425,-0.524,0.075,0.191,0.677,0.606,-0.737,-0.574,0.729,0.676,-0.343,0.601,0.728,-0.759,-0.519,-0.86,0.504,0.62,0.741,-0.082,0.569,-0.585,0.764,-0.621,-0.274,0.277,0.162,-0.089,-0.16,-0.434,0.353,0.604,0.515,0.419,-0.694,-0.431,-0.07,-0.667,0.508,-0.778,-0.481,0.291,0.466,-0.585,-0.759,-0.294,0.577,-0.782,0.049,0.291,0.067,0.721,0.39,0.435,0.549,-0.424,-0.083,-0.339,0.428,-0.404,0.26,0.596,0.733,0.681,-0.75,-0.389,-0.805,0.453,-0.304,0.278,0.765,-0.38,0.699,-0.583,-0.489,0.356,0.477,-0.522,-0.002,-0.39,0.617,-0.652,-0.464,0.714,-0.616,0.635,0.508,-0.017,0.244,0.451,0.341,-0.007,0.303,0.41,0.566,0.027,0.615,0.476,0.471,0.397,-0.027,-0.396,0.452,0.56,0.447,0.633
BJRI,0.656,0.301,-0.025,0.056,0.096,-0.111,-0.283,0.236,-0.262,0.384,0.06,0.06,0.408,0.245,0.308,-0.221,-0.104,0.017,0.15,0.117,-0.19,0.242,-0.029,-0.109,-0.07,0.464,0.003,-0.34,0.076,0.0,-0.022,-0.255,0.414,0.048,-0.155,0.215,0.785,0.283,0.219,0.005,0.092,0.477,0.163,0.217,0.024,0.587,-0.235,-0.169,0.105,-0.17,0.336,-0.145,-0.162,-0.205,-0.196,-0.002,0.163,0.069,0.085,-0.21,0.438,0.117,0.491,-0.245,0.387,0.425,-0.256,0.216,0.085,0.187,-0.17,-0.361,0.315,-0.168,0.303,0.032,-0.23,0.164,-0.003,-0.164,0.045,-0.063,-0.204,0.461,-0.324,-0.373,-0.113,0.421,0.223,-0.107,-0.057,-0.025,-0.106,0.458,0.318,-0.123,0.658,0.049,-0.135,0.181,-0.009,0.217,0.189,0.411,-0.236,-0.15,0.318,0.034,-0.266,0.034,0.195,0.384,-0.13,-0.094,0.351,-0.299,0.359,0.16,-0.306,-0.132,-0.132,0.5,0.192,0.299,0.214,-0.032,0.069,-0.229,0.108,-0.132,-0.159,-0.279,0.462,-0.281,-0.34,0.17,0.307,-0.285,-0.006,-0.242,0.375,-0.016,-0.013,0.22,0.505,0.109,0.272,0.192,0.452,0.004,0.575,0.172,0.459,0.325,0.253,0.373,0.229,0.049,-0.103,0.092,-0.225,0.477,-0.085,0.121,0.357,0.276,-0.024,-0.278,-0.108,0.26,0.521,-0.214,0.328,0.243,0.299,0.005,0.371,0.234,-0.047,-0.129,0.277,-0.302,-0.12,0.132,-0.238,-0.021,0.464,0.377,0.115,-0.249,-0.071,0.506,0.428,0.235,0.543,-0.508,0.158,-0.005,0.285,0.078
