,AAL,AAON,ACB,ACGL,ACGLO,ACIW,ADBE,ADSK,AEP,AGIO,ALEC,ALNY,ALTR,AMBA,AMCX,AMKR,AMRX,ANSS,APPN,APTO,ARCT,ARWR,ASND,ASTH,ATSG,AVTX,BCPC,BEAM,BILI,BJRI,BLUE,BPOP,BRKL,BWIN,BZUN,CARG,CBRL,CBSH,CBUS,CENTA,CERS,CFFN,CHCO,CHEF,CHRD,CINF,CLLS,CMCO,CMCSA,COLL,COMM,COOP,CPB,CRON,CROX,CRUS,CRWD,CTAS,CYBR,CYTK,DGII,DIOD,DOMO,DPZ,DSGR,DXCM,ERIE,ESTA,EXEL,FAST,FCEL,FCFS,FHB,FITBI,FSV,FTDR,FUTU,GLDD,GLPG,GLPI,GOGO,GOSS,GSAT,GYRE,HALO,HAS,HLIT,HLNE,HSDT,HSIC,HTHT,ICHR,IDYA,IMVT,INDB,INSM,IONS,IOSP,ITRI,JBHT,JBLU,JSM,KLIC,KOD,KURA,LAB,LASR,LIN,LKQ,LNT,MBUU,MCRI,MDGL,MEDP,MGNI,MGPI,MGRC,MKTX,MRNA,MRTN,MSEX,MSFT,MU,NAVI,NBTB,NEO,NEOG,NGNE,NSSC,NTAP,NTES,NTLA,NTRS,NYMTN,OBLG,OCFC,ON,ONC,OPI,OSIS,OSW,PALI,PANW,PCAR,PCRX,PCTY,PEBO,PLAB,PLAY,PLMR,PLSE,PLUS,PRTA,PSEC,PSNL,PTCT,PTON,QNST,QRVO,QTTB,RARE,RBCAA,RGNX,SAIC,SGMO,SINT,SNPS,SPSC,SPTN,SSYS,STNE,TBBK,TCPC,TENB,TGTX,TREE,TRUP,TTWO,TW,TXG,UBSI,UCTT,UFPT,UMBF,UPBD,URBN,VBTX,VCTR,VEON,VNET,VRSK,VSEC,WABC,WTFCM,WVE,WW,WWD,XEL,ZD,ZYME
AAL,0.0,-0.423,-0.722,0.759,-0.679,-0.607,-0.31,-0.315,-0.688,-0.521,-0.733,-0.281,0.411,-0.533,-0.514,-0.511,-0.722,0.08,-0.717,0.711,0.213,-0.633,-0.369,-0.63,-0.677,0.239,-0.718,-0.59,0.116,-0.446,-0.547,-0.672,-0.714,-0.738,-0.534,-0.212,-0.234,-0.727,-0.187,-0.154,-0.706,-0.705,-0.635,-0.567,-0.57,-0.57,-0.568,-0.326,-0.408,-0.194,-0.648,-0.599,-0.522,-0.465,0.717,-0.695,0.641,-0.659,0.027,-0.678,-0.608,-0.729,-0.299,0.735,-0.485,0.068,-0.561,-0.338,-0.402,-0.545,0.368,-0.261,-0.692,-0.68,-0.719,-0.422,0.257,-0.297,-0.699,-0.673,0.359,-0.534,-0.581,-0.641,-0.547,-0.122,-0.582,-0.754,0.667,-0.453,0.635,-0.049,-0.71,-0.58,-0.705,-0.738,-0.487,-0.44,-0.635,-0.529,-0.19,-0.702,-0.5,-0.597,-0.441,-0.602,-0.481,-0.232,-0.607,-0.705,-0.16,-0.415,-0.41,-0.516,-0.677,-0.499,-0.634,-0.716,0.159,0.308,-0.723,0.289,0.58,-0.552,-0.707,-0.571,-0.318,-0.668,-0.582,-0.129,0.315,-0.478,-0.578,-0.47,-0.06,-0.643,-0.653,-0.407,-0.495,-0.607,-0.624,0.399,-0.033,-0.278,0.657,-0.508,-0.655,-0.639,0.07,-0.636,-0.718,-0.662,-0.649,-0.389,-0.715,-0.007,-0.448,-0.549,-0.695,-0.786,-0.671,-0.697,-0.415,-0.357,-0.186,-0.155,0.222,-0.651,-0.521,-0.635,-0.677,-0.717,-0.197,-0.374,-0.705,-0.653,-0.616,0.576,-0.43,0.747,-0.667,-0.31,-0.725,-0.685,-0.49,-0.699,-0.661,-0.621,-0.614,-0.074,-0.692,-0.442,-0.638,0.127,-0.711,-0.037,-0.129,-0.497,0.726,-0.747
AAON,-0.423,0.0,0.626,-0.654,0.821,0.799,0.501,0.797,0.597,0.46,0.668,0.543,0.025,0.691,0.286,0.715,0.667,0.255,0.745,-0.498,-0.225,0.598,0.767,0.687,0.779,-0.374,0.688,0.608,-0.381,0.673,0.756,0.663,0.654,0.768,0.626,0.614,0.294,0.582,0.47,0.226,0.72,0.663,0.602,0.737,0.671,0.689,0.702,0.411,0.471,0.215,0.519,0.661,0.43,0.615,-0.707,0.756,-0.227,0.301,0.58,0.624,0.577,0.715,0.654,-0.337,0.637,0.503,0.618,0.704,0.591,0.531,0.111,0.481,0.644,0.438,0.708,0.419,-0.108,0.395,0.369,0.753,0.018,0.684,0.652,0.666,0.51,0.183,0.689,0.747,-0.737,0.16,-0.36,0.457,0.559,0.534,0.635,0.621,0.714,0.574,0.812,0.83,0.769,0.573,0.831,0.557,0.645,0.635,0.656,0.288,0.609,0.636,0.268,0.626,-0.075,0.818,0.751,0.507,0.552,0.719,-0.319,0.228,0.65,-0.164,-0.462,0.632,0.67,0.806,0.474,0.764,0.781,0.288,0.079,0.478,0.796,0.234,0.209,0.727,0.687,0.035,0.448,0.733,0.809,-0.424,0.452,0.204,-0.513,0.689,0.698,0.82,0.114,0.741,0.759,0.614,0.524,0.505,0.353,-0.141,0.556,0.516,0.731,0.659,0.834,0.673,0.474,0.518,0.208,0.176,0.091,0.755,0.364,0.738,0.675,0.692,0.411,0.814,0.691,0.676,0.757,-0.373,0.406,-0.188,0.654,0.55,0.602,0.7,0.464,0.466,0.699,0.667,0.288,0.013,0.634,0.852,0.703,0.325,0.584,0.338,0.314,0.278,-0.573,0.75
ACB,-0.722,0.626,0.0,-0.718,0.859,0.755,0.238,0.485,0.838,0.773,0.944,0.233,-0.345,0.772,0.789,0.675,0.958,0.066,0.823,-0.778,0.073,0.877,0.551,0.829,0.823,-0.246,0.856,0.881,0.056,0.531,0.884,0.862,0.854,0.852,0.791,0.523,0.536,0.797,0.469,0.34,0.923,0.844,0.794,0.666,0.703,0.801,0.744,0.568,0.593,-0.021,0.819,0.837,0.626,0.758,-0.801,0.887,-0.564,0.653,0.083,0.763,0.741,0.953,0.43,-0.629,0.778,0.278,0.678,0.715,0.628,0.816,-0.045,0.56,0.854,0.627,0.878,0.707,-0.126,0.487,0.908,0.907,-0.474,0.688,0.736,0.781,0.841,0.528,0.759,0.858,-0.726,0.533,-0.597,0.181,0.877,0.867,0.79,0.933,0.612,0.706,0.893,0.781,0.588,0.811,0.717,0.896,0.759,0.839,0.847,0.547,0.805,0.886,0.363,0.798,0.267,0.851,0.865,0.635,0.838,0.912,0.069,-0.265,0.874,-0.402,-0.544,0.788,0.844,0.8,0.693,0.797,0.681,0.234,-0.468,0.816,0.835,0.61,0.24,0.86,0.791,0.588,0.773,0.85,0.811,-0.472,-0.095,0.541,-0.627,0.838,0.832,0.879,0.186,0.783,0.897,0.799,0.885,0.787,0.652,0.258,0.832,0.643,0.86,0.854,0.895,0.811,0.72,0.592,0.536,0.487,-0.183,0.803,0.632,0.801,0.897,0.858,0.195,0.499,0.932,0.844,0.791,-0.536,0.456,-0.528,0.829,0.477,0.782,0.886,0.721,0.902,0.838,0.838,0.525,0.231,0.899,0.609,0.855,-0.203,0.849,0.46,0.594,0.56,-0.843,0.951
ACGL,0.759,-0.654,-0.718,0.0,-0.686,-0.717,-0.677,-0.558,-0.608,-0.298,-0.683,-0.588,0.184,-0.761,-0.398,-0.754,-0.77,-0.258,-0.815,0.612,0.531,-0.47,-0.576,-0.557,-0.774,0.503,-0.815,-0.526,0.213,-0.592,-0.542,-0.633,-0.666,-0.775,-0.736,-0.148,-0.039,-0.675,0.02,0.022,-0.716,-0.669,-0.582,-0.702,-0.622,-0.535,-0.66,-0.135,-0.306,-0.211,-0.557,-0.534,-0.504,-0.427,0.772,-0.825,0.458,-0.497,-0.357,-0.745,-0.577,-0.796,-0.267,0.674,-0.403,-0.086,-0.516,-0.412,-0.225,-0.418,0.236,-0.133,-0.655,-0.611,-0.729,-0.293,0.087,-0.112,-0.612,-0.653,-0.015,-0.762,-0.801,-0.714,-0.565,0.109,-0.724,-0.821,0.849,-0.251,0.746,-0.455,-0.604,-0.622,-0.666,-0.642,-0.57,-0.335,-0.673,-0.585,-0.356,-0.822,-0.713,-0.458,-0.364,-0.622,-0.501,-0.082,-0.541,-0.68,0.028,-0.333,-0.259,-0.552,-0.721,-0.348,-0.495,-0.758,0.485,0.295,-0.686,-0.027,0.537,-0.481,-0.686,-0.635,-0.181,-0.745,-0.845,-0.471,0.272,-0.343,-0.65,-0.504,-0.187,-0.688,-0.876,-0.158,-0.336,-0.614,-0.718,0.561,-0.399,-0.041,0.885,-0.533,-0.628,-0.786,0.266,-0.669,-0.801,-0.574,-0.519,-0.335,-0.596,0.265,-0.486,-0.516,-0.813,-0.766,-0.761,-0.678,-0.186,-0.252,0.056,0.05,-0.064,-0.663,-0.283,-0.786,-0.82,-0.74,-0.482,-0.613,-0.761,-0.659,-0.609,0.793,-0.419,0.669,-0.627,-0.653,-0.831,-0.664,-0.316,-0.558,-0.641,-0.52,-0.59,-0.233,-0.754,-0.67,-0.64,0.156,-0.766,-0.011,-0.023,-0.248,0.819,-0.779
ACGLO,-0.679,0.821,0.859,-0.686,0.0,0.792,0.245,0.64,0.803,0.736,0.873,0.361,-0.206,0.652,0.599,0.673,0.835,0.035,0.822,-0.7,0.019,0.852,0.662,0.842,0.825,-0.262,0.767,0.852,-0.177,0.512,0.859,0.834,0.825,0.854,0.674,0.659,0.501,0.754,0.594,0.368,0.853,0.817,0.768,0.661,0.685,0.806,0.705,0.604,0.62,0.103,0.76,0.852,0.572,0.799,-0.802,0.825,-0.482,0.582,0.239,0.661,0.718,0.866,0.606,-0.542,0.794,0.405,0.677,0.713,0.738,0.759,-0.027,0.606,0.818,0.556,0.835,0.622,-0.194,0.572,0.692,0.896,-0.388,0.652,0.647,0.707,0.706,0.426,0.7,0.841,-0.752,0.405,-0.457,0.15,0.744,0.711,0.774,0.869,0.746,0.715,0.9,0.839,0.656,0.679,0.749,0.796,0.738,0.753,0.781,0.534,0.776,0.822,0.431,0.812,0.123,0.904,0.811,0.68,0.777,0.867,-0.034,0.019,0.834,-0.413,-0.546,0.768,0.823,0.839,0.687,0.794,0.655,0.175,-0.168,0.725,0.818,0.377,0.299,0.844,0.69,0.38,0.709,0.868,0.831,-0.431,0.102,0.482,-0.507,0.795,0.839,0.835,0.177,0.788,0.823,0.769,0.785,0.748,0.584,0.152,0.699,0.593,0.79,0.809,0.904,0.801,0.726,0.649,0.534,0.478,-0.171,0.824,0.618,0.778,0.782,0.819,0.229,0.623,0.841,0.808,0.86,-0.414,0.488,-0.417,0.811,0.395,0.659,0.86,0.691,0.764,0.835,0.859,0.43,0.013,0.791,0.721,0.837,0.089,0.694,0.405,0.511,0.576,-0.744,0.88
ACIW,-0.607,0.799,0.755,-0.717,0.792,0.0,0.542,0.56,0.884,0.648,0.876,0.223,-0.465,0.63,0.597,0.661,0.839,-0.129,0.948,-0.814,-0.213,0.671,0.683,0.874,0.978,-0.42,0.932,0.706,-0.536,0.716,0.786,0.922,0.924,0.96,0.582,0.639,0.539,0.908,0.441,0.491,0.9,0.932,0.914,0.801,0.892,0.898,0.849,0.607,0.788,0.39,0.819,0.856,0.809,0.724,-0.941,0.871,-0.598,0.653,0.252,0.811,0.908,0.807,0.671,-0.749,0.804,0.386,0.888,0.799,0.61,0.768,-0.295,0.616,0.927,0.769,0.909,0.686,-0.484,0.557,0.564,0.902,-0.026,0.58,0.637,0.948,0.789,0.297,0.953,0.954,-0.803,0.61,-0.639,0.2,0.743,0.566,0.932,0.706,0.709,0.789,0.813,0.776,0.779,0.825,0.707,0.717,0.603,0.9,0.801,0.441,0.891,0.912,0.498,0.686,-0.04,0.756,0.915,0.773,0.795,0.924,-0.315,0.176,0.909,-0.453,-0.846,0.864,0.945,0.944,0.566,0.896,0.743,0.075,-0.11,0.625,0.764,0.396,0.008,0.949,0.792,0.277,0.642,0.897,0.963,-0.572,0.271,0.492,-0.688,0.847,0.944,0.878,0.095,0.974,0.829,0.885,0.799,0.499,0.722,-0.155,0.677,0.867,0.868,0.922,0.825,0.954,0.551,0.737,0.128,0.063,-0.351,0.951,0.696,0.911,0.753,0.958,0.248,0.883,0.822,0.939,0.924,-0.658,0.74,-0.342,0.935,0.386,0.869,0.925,0.737,0.597,0.944,0.804,0.717,-0.114,0.815,0.688,0.942,0.021,0.797,0.326,0.31,0.564,-0.646,0.864
ADBE,-0.31,0.501,0.238,-0.677,0.245,0.542,0.0,0.583,0.215,-0.185,0.247,0.63,0.089,0.622,-0.032,0.659,0.379,0.438,0.552,-0.197,-0.844,-0.043,0.568,0.159,0.543,-0.657,0.536,-0.021,-0.403,0.591,0.236,0.258,0.284,0.49,0.536,-0.042,-0.27,0.316,-0.272,-0.229,0.351,0.309,0.235,0.547,0.463,0.341,0.478,-0.274,0.038,0.364,0.167,0.117,0.291,0.006,-0.493,0.543,0.004,0.036,0.705,0.65,0.28,0.43,0.093,-0.36,-0.001,0.068,0.293,0.168,-0.178,-0.015,-0.113,-0.217,0.285,0.336,0.37,-0.093,-0.001,-0.316,0.154,0.296,0.632,0.59,0.673,0.556,0.192,-0.477,0.57,0.528,-0.624,-0.082,-0.552,0.726,0.214,0.319,0.339,0.125,0.233,-0.008,0.344,0.314,0.321,0.517,0.627,0.015,0.081,0.301,0.145,-0.364,0.186,0.309,-0.35,-0.074,0.046,0.2,0.41,0.011,0.029,0.4,-0.806,-0.101,0.281,0.414,-0.379,0.148,0.34,0.428,-0.243,0.569,0.774,0.573,-0.09,-0.079,0.387,0.342,-0.015,0.419,0.72,-0.349,-0.184,0.244,0.423,-0.442,0.776,-0.379,-0.741,0.214,0.292,0.522,-0.282,0.462,0.519,0.195,0.071,-0.038,0.18,-0.73,0.166,0.274,0.593,0.431,0.428,0.364,-0.277,-0.1,-0.59,-0.6,0.307,0.386,-0.134,0.525,0.512,0.417,0.764,0.729,0.392,0.305,0.248,-0.753,0.218,-0.399,0.276,0.738,0.681,0.285,-0.108,0.009,0.309,0.055,0.369,0.148,0.418,0.473,0.332,-0.018,0.568,-0.245,-0.404,-0.251,-0.461,0.409
ADSK,-0.315,0.797,0.485,-0.558,0.64,0.56,0.583,0.0,0.316,0.224,0.437,0.669,0.375,0.735,0.141,0.747,0.513,0.566,0.535,-0.174,-0.325,0.445,0.69,0.442,0.585,-0.527,0.472,0.387,-0.177,0.658,0.651,0.416,0.405,0.568,0.708,0.402,0.078,0.291,0.344,0.066,0.499,0.407,0.302,0.573,0.5,0.537,0.54,0.095,0.15,0.062,0.31,0.402,0.146,0.431,-0.438,0.616,0.109,-0.052,0.775,0.593,0.288,0.61,0.497,-0.062,0.338,0.458,0.341,0.41,0.295,0.262,0.371,0.2,0.381,0.189,0.513,0.149,0.177,0.061,0.322,0.556,0.095,0.643,0.63,0.484,0.244,0.025,0.464,0.559,-0.587,-0.126,-0.153,0.655,0.35,0.595,0.373,0.432,0.413,0.281,0.707,0.754,0.638,0.359,0.901,0.355,0.637,0.387,0.445,-0.044,0.347,0.388,-0.049,0.41,-0.11,0.664,0.557,0.229,0.261,0.479,-0.341,0.127,0.4,0.179,-0.135,0.394,0.407,0.666,0.263,0.693,0.763,0.514,0.033,0.341,0.735,0.264,0.306,0.547,0.657,-0.093,0.185,0.466,0.539,-0.377,0.528,-0.133,-0.425,0.504,0.451,0.676,0.12,0.505,0.635,0.339,0.297,0.446,0.017,-0.211,0.405,0.192,0.654,0.456,0.716,0.422,0.273,0.191,0.12,0.036,0.432,0.534,0.023,0.548,0.568,0.45,0.676,0.712,0.543,0.406,0.456,-0.291,0.072,-0.178,0.392,0.734,0.491,0.461,0.18,0.357,0.446,0.417,0.015,0.147,0.452,0.684,0.48,0.384,0.533,0.204,0.114,-0.068,-0.535,0.603
AEP,-0.688,0.597,0.838,-0.608,0.803,0.884,0.215,0.316,0.0,0.834,0.948,-0.056,-0.657,0.474,0.803,0.438,0.858,-0.359,0.87,-0.911,0.086,0.791,0.469,0.944,0.896,-0.247,0.885,0.838,-0.352,0.543,0.766,0.962,0.978,0.904,0.494,0.658,0.733,0.961,0.57,0.632,0.901,0.969,0.973,0.67,0.827,0.88,0.802,0.792,0.88,0.315,0.924,0.95,0.843,0.837,-0.899,0.777,-0.804,0.848,-0.107,0.729,0.965,0.787,0.648,-0.828,0.907,0.326,0.888,0.763,0.732,0.91,-0.392,0.719,0.971,0.834,0.936,0.851,-0.53,0.741,0.716,0.92,-0.343,0.407,0.475,0.871,0.842,0.542,0.84,0.914,-0.688,0.817,-0.568,-0.152,0.788,0.55,0.965,0.791,0.621,0.878,0.794,0.706,0.668,0.819,0.519,0.845,0.62,0.942,0.835,0.682,0.958,0.977,0.682,0.801,0.07,0.748,0.866,0.907,0.932,0.938,0.014,0.088,0.969,-0.694,-0.853,0.935,0.973,0.862,0.736,0.78,0.52,-0.149,-0.258,0.785,0.709,0.466,-0.015,0.916,0.657,0.614,0.845,0.93,0.893,-0.462,-0.063,0.734,-0.566,0.854,0.966,0.783,0.234,0.918,0.751,0.96,0.942,0.605,0.85,0.136,0.712,0.888,0.754,0.926,0.76,0.959,0.752,0.845,0.384,0.33,-0.578,0.926,0.899,0.834,0.69,0.947,0.02,0.629,0.809,0.966,0.926,-0.526,0.797,-0.373,0.977,0.115,0.773,0.96,0.904,0.776,0.968,0.915,0.768,-0.132,0.834,0.527,0.942,-0.121,0.781,0.419,0.492,0.843,-0.621,0.844
AGIO,-0.521,0.46,0.773,-0.298,0.736,0.648,-0.185,0.224,0.834,0.0,0.852,-0.258,-0.561,0.344,0.833,0.278,0.735,-0.352,0.629,-0.746,0.511,0.891,0.294,0.883,0.665,0.047,0.647,0.837,-0.108,0.361,0.806,0.848,0.825,0.703,0.347,0.696,0.842,0.768,0.765,0.718,0.771,0.798,0.834,0.48,0.655,0.765,0.629,0.898,0.821,0.02,0.812,0.914,0.622,0.803,-0.662,0.601,-0.646,0.695,-0.254,0.477,0.776,0.66,0.647,-0.526,0.912,0.384,0.751,0.707,0.818,0.928,-0.128,0.87,0.83,0.624,0.78,0.905,-0.376,0.846,0.645,0.838,-0.616,0.22,0.259,0.644,0.742,0.832,0.599,0.669,-0.429,0.755,-0.278,-0.313,0.756,0.553,0.761,0.791,0.523,0.887,0.756,0.714,0.622,0.555,0.361,0.919,0.757,0.808,0.85,0.805,0.862,0.807,0.795,0.905,-0.023,0.761,0.759,0.856,0.917,0.755,0.418,0.15,0.825,-0.789,-0.554,0.885,0.791,0.733,0.91,0.586,0.294,-0.304,-0.275,0.912,0.664,0.351,0.05,0.744,0.394,0.722,0.925,0.822,0.706,-0.268,-0.366,0.868,-0.207,0.851,0.824,0.634,0.424,0.724,0.603,0.855,0.925,0.71,0.651,0.521,0.751,0.715,0.573,0.727,0.648,0.766,0.927,0.86,0.729,0.649,-0.522,0.786,0.853,0.599,0.506,0.749,-0.256,0.385,0.688,0.817,0.81,-0.118,0.596,-0.168,0.833,-0.06,0.488,0.843,0.93,0.799,0.821,0.917,0.458,-0.177,0.682,0.378,0.815,0.015,0.573,0.663,0.794,0.796,-0.463,0.724
ALEC,-0.733,0.668,0.944,-0.683,0.873,0.876,0.247,0.437,0.948,0.852,0.0,0.096,-0.531,0.658,0.811,0.608,0.944,-0.155,0.898,-0.892,0.085,0.882,0.557,0.933,0.913,-0.246,0.914,0.884,-0.199,0.584,0.881,0.964,0.958,0.931,0.639,0.65,0.671,0.929,0.567,0.505,0.965,0.96,0.93,0.709,0.801,0.885,0.798,0.721,0.776,0.183,0.908,0.938,0.75,0.827,-0.905,0.882,-0.715,0.778,0.017,0.789,0.899,0.915,0.608,-0.751,0.891,0.332,0.839,0.782,0.733,0.9,-0.236,0.699,0.963,0.761,0.951,0.807,-0.385,0.654,0.822,0.969,-0.404,0.562,0.633,0.879,0.877,0.568,0.854,0.929,-0.745,0.693,-0.615,0.031,0.893,0.738,0.926,0.902,0.688,0.841,0.896,0.812,0.68,0.828,0.659,0.922,0.739,0.933,0.893,0.639,0.929,0.966,0.557,0.846,0.181,0.854,0.925,0.799,0.938,0.963,0.021,-0.062,0.965,-0.58,-0.742,0.907,0.956,0.887,0.741,0.848,0.656,0.047,-0.348,0.832,0.825,0.529,0.1,0.932,0.758,0.595,0.842,0.938,0.908,-0.485,-0.052,0.666,-0.606,0.894,0.951,0.885,0.232,0.904,0.879,0.938,0.958,0.718,0.783,0.189,0.814,0.821,0.859,0.943,0.885,0.936,0.766,0.765,0.473,0.409,-0.386,0.922,0.796,0.854,0.827,0.952,0.1,0.622,0.9,0.953,0.912,-0.541,0.667,-0.459,0.952,0.316,0.815,0.974,0.853,0.847,0.953,0.918,0.662,0.008,0.898,0.616,0.945,-0.129,0.849,0.452,0.583,0.706,-0.758,0.945
ALNY,-0.281,0.543,0.233,-0.588,0.361,0.223,0.63,0.669,-0.056,-0.258,0.096,0.0,0.558,0.605,-0.298,0.731,0.236,0.684,0.325,0.037,-0.648,0.05,0.604,-0.035,0.268,-0.386,0.231,0.062,0.049,0.258,0.24,0.019,0.029,0.278,0.614,-0.071,-0.518,-0.011,-0.227,-0.536,0.207,0.052,-0.086,0.269,0.072,0.119,0.137,-0.443,-0.336,-0.059,-0.058,-0.067,-0.076,-0.039,-0.226,0.45,0.3,-0.224,0.775,0.334,-0.113,0.404,-0.065,0.01,-0.148,0.055,-0.117,0.035,-0.086,-0.202,0.259,-0.335,0.014,-0.115,0.115,-0.376,0.377,-0.441,0.172,0.148,0.234,0.76,0.673,0.14,0.002,-0.51,0.2,0.273,-0.529,-0.533,-0.292,0.811,0.12,0.445,0.012,0.232,0.33,-0.239,0.31,0.293,0.071,0.21,0.642,-0.054,0.172,-0.038,-0.005,-0.458,-0.104,0.046,-0.59,-0.088,0.273,0.306,0.182,-0.294,-0.167,0.186,-0.593,-0.344,0.04,0.574,0.093,-0.145,0.066,0.199,-0.277,0.395,0.628,0.816,0.055,-0.165,0.352,0.061,0.444,0.183,0.51,-0.477,-0.295,0.079,0.208,-0.24,0.64,-0.563,-0.469,0.005,0.045,0.386,-0.339,0.117,0.449,-0.114,-0.128,0.11,-0.143,-0.424,0.062,-0.21,0.425,0.161,0.49,0.06,-0.231,-0.331,-0.199,-0.171,0.617,0.091,-0.388,0.257,0.495,0.134,0.707,0.354,0.343,0.006,0.072,-0.425,-0.27,-0.449,-0.012,0.815,0.322,0.076,-0.337,0.064,0.044,-0.044,-0.109,0.389,0.226,0.503,0.081,0.092,0.269,-0.296,-0.294,-0.417,-0.548,0.341
ALTR,0.411,0.025,-0.345,0.184,-0.206,-0.465,0.089,0.375,-0.657,-0.561,-0.531,0.558,0.0,0.084,-0.579,0.106,-0.388,0.767,-0.471,0.734,-0.188,-0.328,0.016,-0.55,-0.448,-0.093,-0.512,-0.368,0.414,-0.126,-0.218,-0.596,-0.617,-0.455,0.14,-0.29,-0.594,-0.721,-0.197,-0.512,-0.484,-0.608,-0.699,-0.272,-0.478,-0.426,-0.387,-0.615,-0.735,-0.311,-0.629,-0.558,-0.69,-0.358,0.56,-0.301,0.84,-0.811,0.616,-0.296,-0.699,-0.258,-0.292,0.771,-0.551,0.091,-0.649,-0.384,-0.358,-0.61,0.72,-0.502,-0.642,-0.729,-0.518,-0.644,0.764,-0.605,-0.323,-0.449,0.24,0.13,0.02,-0.547,-0.57,-0.392,-0.503,-0.463,0.232,-0.882,0.517,0.556,-0.473,-0.028,-0.655,-0.353,-0.268,-0.585,-0.163,-0.113,-0.195,-0.508,0.187,-0.482,-0.07,-0.608,-0.438,-0.585,-0.648,-0.607,-0.652,-0.361,-0.078,-0.142,-0.456,-0.663,-0.657,-0.512,-0.112,-0.066,-0.609,0.733,0.761,-0.584,-0.621,-0.341,-0.391,-0.276,-0.012,0.539,0.234,-0.408,-0.111,-0.235,0.374,-0.454,-0.177,-0.519,-0.587,-0.481,-0.465,0.178,0.348,-0.716,0.287,-0.444,-0.581,-0.241,-0.057,-0.539,-0.256,-0.67,-0.617,-0.092,-0.822,-0.144,-0.339,-0.778,-0.273,-0.587,-0.15,-0.616,-0.391,-0.628,-0.085,-0.068,0.855,-0.516,-0.785,-0.411,-0.203,-0.586,0.485,-0.178,-0.325,-0.618,-0.53,0.356,-0.751,0.223,-0.635,0.4,-0.43,-0.556,-0.671,-0.344,-0.582,-0.498,-0.777,0.293,-0.428,0.029,-0.534,0.339,-0.336,-0.183,-0.25,-0.742,0.152,-0.341
AMBA,-0.533,0.691,0.772,-0.761,0.652,0.63,0.622,0.735,0.474,0.344,0.658,0.605,0.084,0.0,0.43,0.841,0.816,0.582,0.693,-0.436,-0.327,0.574,0.675,0.524,0.707,-0.394,0.743,0.548,0.103,0.687,0.751,0.553,0.552,0.712,0.912,0.274,0.121,0.489,0.157,-0.05,0.734,0.546,0.462,0.737,0.59,0.604,0.677,0.105,0.197,-0.094,0.482,0.491,0.356,0.391,-0.625,0.841,-0.102,0.238,0.565,0.803,0.417,0.873,0.24,-0.326,0.405,0.253,0.458,0.528,0.248,0.449,0.257,0.197,0.555,0.415,0.665,0.328,0.233,0.006,0.683,0.695,-0.009,0.851,0.929,0.67,0.561,0.147,0.674,0.71,-0.707,0.094,-0.572,0.712,0.705,0.844,0.486,0.696,0.427,0.366,0.794,0.721,0.549,0.696,0.889,0.604,0.644,0.601,0.639,0.119,0.493,0.604,-0.117,0.491,0.239,0.685,0.725,0.23,0.462,0.705,-0.25,-0.318,0.587,0.159,-0.264,0.485,0.562,0.665,0.336,0.736,0.905,0.596,-0.459,0.522,0.799,0.629,0.303,0.671,0.9,0.159,0.351,0.581,0.658,-0.419,0.277,0.04,-0.743,0.644,0.541,0.879,0.066,0.612,0.897,0.47,0.51,0.583,0.299,-0.063,0.723,0.359,0.856,0.642,0.82,0.543,0.321,0.186,0.164,0.109,0.342,0.615,0.134,0.733,0.894,0.633,0.598,0.608,0.816,0.576,0.518,-0.584,0.141,-0.474,0.521,0.88,0.769,0.609,0.283,0.617,0.553,0.496,0.291,0.444,0.779,0.697,0.617,-0.089,0.803,0.303,0.303,0.008,-0.785,0.822
AMCX,-0.514,0.286,0.789,-0.398,0.599,0.597,-0.032,0.141,0.803,0.833,0.811,-0.298,-0.579,0.43,0.0,0.265,0.785,-0.232,0.599,-0.703,0.344,0.771,0.165,0.783,0.637,-0.113,0.699,0.755,0.03,0.379,0.654,0.783,0.774,0.647,0.456,0.469,0.778,0.749,0.537,0.615,0.719,0.744,0.777,0.511,0.609,0.677,0.65,0.727,0.732,0.027,0.793,0.814,0.649,0.674,-0.627,0.577,-0.663,0.721,-0.291,0.576,0.77,0.68,0.388,-0.601,0.761,0.279,0.691,0.591,0.586,0.85,-0.168,0.639,0.784,0.66,0.752,0.86,-0.24,0.636,0.75,0.759,-0.468,0.229,0.358,0.678,0.775,0.733,0.612,0.673,-0.421,0.782,-0.426,-0.249,0.733,0.566,0.725,0.72,0.331,0.769,0.684,0.572,0.505,0.669,0.364,0.834,0.58,0.814,0.77,0.75,0.804,0.802,0.621,0.775,0.047,0.58,0.687,0.762,0.857,0.761,0.347,-0.048,0.79,-0.617,-0.55,0.822,0.748,0.655,0.782,0.504,0.313,-0.189,-0.568,0.857,0.587,0.64,0.013,0.721,0.506,0.798,0.85,0.748,0.632,-0.308,-0.399,0.76,-0.398,0.767,0.738,0.63,0.384,0.659,0.59,0.79,0.895,0.679,0.695,0.428,0.755,0.705,0.598,0.711,0.551,0.722,0.763,0.703,0.55,0.504,-0.464,0.698,0.769,0.651,0.577,0.724,-0.101,0.324,0.688,0.786,0.689,-0.328,0.584,-0.276,0.774,0.042,0.589,0.78,0.836,0.798,0.75,0.77,0.598,-0.013,0.743,0.318,0.761,-0.269,0.705,0.601,0.678,0.713,-0.504,0.689
AMKR,-0.511,0.715,0.675,-0.754,0.673,0.661,0.659,0.747,0.438,0.278,0.608,0.731,0.106,0.841,0.265,0.0,0.693,0.465,0.753,-0.43,-0.441,0.496,0.791,0.433,0.7,-0.454,0.688,0.455,-0.066,0.486,0.685,0.563,0.531,0.704,0.798,0.297,-0.013,0.507,0.091,-0.091,0.67,0.561,0.449,0.523,0.508,0.614,0.526,0.026,0.18,0.022,0.461,0.443,0.388,0.349,-0.657,0.86,-0.12,0.212,0.619,0.697,0.407,0.809,0.222,-0.398,0.355,0.182,0.36,0.45,0.27,0.324,0.054,0.137,0.543,0.307,0.577,0.156,0.082,-0.026,0.588,0.621,0.054,0.852,0.847,0.64,0.536,-0.051,0.673,0.699,-0.79,-0.008,-0.582,0.698,0.567,0.814,0.514,0.618,0.615,0.275,0.712,0.668,0.441,0.586,0.852,0.457,0.552,0.465,0.489,-0.045,0.421,0.544,-0.158,0.374,0.235,0.666,0.664,0.172,0.385,0.644,-0.452,-0.315,0.531,0.149,-0.314,0.384,0.572,0.653,0.17,0.791,0.857,0.733,-0.206,0.32,0.74,0.35,0.32,0.676,0.837,-0.076,0.198,0.533,0.633,-0.443,0.438,-0.05,-0.677,0.498,0.554,0.782,-0.176,0.583,0.801,0.414,0.437,0.521,0.276,-0.271,0.527,0.318,0.863,0.634,0.828,0.562,0.191,0.144,0.066,0.031,0.271,0.564,0.118,0.619,0.818,0.631,0.569,0.644,0.748,0.523,0.515,-0.676,0.143,-0.6,0.514,0.858,0.745,0.596,0.206,0.455,0.555,0.416,0.297,0.261,0.679,0.679,0.599,-0.068,0.681,-0.003,0.128,-0.018,-0.847,0.761
AMRX,-0.722,0.667,0.958,-0.77,0.835,0.839,0.379,0.513,0.858,0.735,0.944,0.236,-0.388,0.816,0.785,0.693,0.0,0.087,0.877,-0.795,-0.051,0.833,0.595,0.856,0.899,-0.302,0.938,0.842,-0.063,0.662,0.865,0.889,0.892,0.912,0.788,0.504,0.53,0.847,0.411,0.389,0.941,0.875,0.844,0.79,0.803,0.838,0.846,0.567,0.636,0.045,0.831,0.85,0.703,0.719,-0.861,0.917,-0.569,0.675,0.134,0.844,0.804,0.958,0.463,-0.684,0.778,0.296,0.781,0.741,0.562,0.834,-0.096,0.566,0.895,0.732,0.925,0.744,-0.178,0.47,0.854,0.925,-0.303,0.702,0.77,0.867,0.858,0.467,0.863,0.918,-0.766,0.589,-0.668,0.237,0.888,0.813,0.832,0.89,0.59,0.743,0.898,0.789,0.643,0.893,0.747,0.874,0.716,0.902,0.878,0.529,0.858,0.921,0.371,0.768,0.177,0.8,0.913,0.666,0.843,0.946,-0.019,-0.185,0.914,-0.362,-0.624,0.832,0.886,0.851,0.673,0.825,0.762,0.202,-0.481,0.814,0.831,0.655,0.181,0.906,0.873,0.546,0.758,0.877,0.881,-0.509,-0.017,0.531,-0.742,0.879,0.867,0.942,0.159,0.863,0.93,0.841,0.881,0.726,0.698,0.164,0.856,0.73,0.917,0.898,0.877,0.861,0.662,0.626,0.398,0.335,-0.193,0.877,0.634,0.889,0.909,0.912,0.245,0.621,0.957,0.902,0.833,-0.615,0.543,-0.499,0.872,0.512,0.874,0.912,0.731,0.867,0.875,0.836,0.632,0.201,0.953,0.646,0.904,-0.203,0.901,0.457,0.538,0.537,-0.809,0.953
ANSS,0.08,0.255,0.066,-0.258,0.035,-0.129,0.438,0.566,-0.359,-0.352,-0.155,0.684,0.767,0.582,-0.232,0.465,0.087,0.0,-0.074,0.403,-0.391,-0.073,0.292,-0.265,-0.067,-0.258,-0.029,-0.142,0.42,0.282,0.093,-0.269,-0.282,-0.076,0.544,-0.267,-0.5,-0.358,-0.283,-0.518,-0.079,-0.287,-0.383,0.166,-0.119,-0.157,0.035,-0.538,-0.568,-0.344,-0.335,-0.289,-0.422,-0.265,0.172,0.15,0.594,-0.513,0.717,0.16,-0.394,0.191,-0.275,0.427,-0.345,0.077,-0.315,-0.136,-0.343,-0.326,0.642,-0.423,-0.286,-0.321,-0.114,-0.375,0.804,-0.592,0.08,-0.098,0.296,0.509,0.485,-0.104,-0.21,-0.306,-0.085,-0.054,-0.144,-0.629,0.028,0.834,-0.044,0.369,-0.336,0.011,-0.104,-0.385,0.178,0.169,0.004,-0.001,0.517,-0.136,0.139,-0.212,-0.094,-0.446,-0.336,-0.229,-0.681,-0.169,0.072,0.086,-0.032,-0.507,-0.344,-0.101,-0.212,-0.327,-0.24,0.78,0.508,-0.295,-0.279,-0.049,-0.245,0.055,0.466,0.751,-0.218,-0.123,0.231,0.232,0.318,-0.112,0.35,-0.31,-0.335,-0.184,-0.104,-0.039,0.377,-0.61,-0.245,-0.082,-0.285,0.223,-0.122,-0.185,0.212,-0.349,-0.285,0.111,-0.474,-0.184,0.071,-0.439,0.204,-0.174,0.188,-0.289,-0.277,-0.518,-0.117,-0.134,0.919,-0.16,-0.643,0.02,0.278,-0.192,0.671,0.096,0.12,-0.252,-0.274,-0.083,-0.541,-0.104,-0.316,0.782,0.078,-0.208,-0.474,-0.01,-0.269,-0.252,-0.425,0.544,0.083,0.336,-0.195,0.107,0.15,-0.019,-0.092,-0.671,-0.259,0.096
APPN,-0.717,0.745,0.823,-0.815,0.822,0.948,0.552,0.535,0.87,0.629,0.898,0.325,-0.471,0.693,0.599,0.753,0.877,-0.074,0.0,-0.851,-0.282,0.673,0.717,0.828,0.969,-0.401,0.952,0.706,-0.426,0.622,0.786,0.911,0.918,0.967,0.652,0.547,0.441,0.921,0.331,0.342,0.925,0.927,0.889,0.739,0.83,0.874,0.794,0.499,0.702,0.28,0.836,0.825,0.809,0.665,-0.976,0.942,-0.62,0.689,0.228,0.82,0.862,0.884,0.537,-0.813,0.741,0.256,0.804,0.707,0.555,0.73,-0.347,0.516,0.926,0.767,0.901,0.605,-0.425,0.456,0.685,0.898,-0.082,0.678,0.726,0.925,0.81,0.225,0.932,0.968,-0.875,0.564,-0.76,0.249,0.775,0.683,0.911,0.779,0.718,0.7,0.811,0.737,0.649,0.869,0.704,0.728,0.588,0.857,0.768,0.387,0.852,0.917,0.367,0.642,0.143,0.759,0.903,0.688,0.772,0.94,-0.35,-0.061,0.912,-0.38,-0.806,0.785,0.945,0.884,0.492,0.915,0.789,0.222,-0.236,0.602,0.776,0.432,0.105,0.94,0.856,0.264,0.598,0.869,0.925,-0.575,0.253,0.425,-0.776,0.797,0.922,0.886,-0.022,0.93,0.886,0.84,0.798,0.531,0.758,-0.149,0.706,0.791,0.918,0.953,0.874,0.933,0.497,0.628,0.144,0.097,-0.309,0.91,0.649,0.889,0.845,0.964,0.266,0.794,0.881,0.908,0.881,-0.761,0.671,-0.566,0.912,0.472,0.913,0.925,0.666,0.643,0.923,0.772,0.738,-0.009,0.879,0.651,0.926,-0.126,0.824,0.206,0.278,0.534,-0.811,0.912
APTO,0.711,-0.498,-0.778,0.612,-0.7,-0.814,-0.197,-0.174,-0.911,-0.746,-0.892,0.037,0.734,-0.436,-0.703,-0.43,-0.795,0.403,-0.851,0.0,-0.024,-0.704,-0.471,-0.844,-0.83,0.142,-0.86,-0.761,0.342,-0.459,-0.675,-0.891,-0.912,-0.855,-0.411,-0.535,-0.616,-0.937,-0.394,-0.466,-0.88,-0.914,-0.916,-0.612,-0.72,-0.769,-0.679,-0.681,-0.785,-0.281,-0.869,-0.833,-0.811,-0.692,0.889,-0.772,0.836,-0.888,0.172,-0.68,-0.886,-0.753,-0.506,0.865,-0.801,-0.111,-0.818,-0.698,-0.623,-0.821,0.497,-0.631,-0.919,-0.82,-0.852,-0.743,0.597,-0.639,-0.701,-0.836,0.339,-0.431,-0.487,-0.826,-0.837,-0.429,-0.809,-0.853,0.632,-0.783,0.698,0.13,-0.806,-0.517,-0.912,-0.783,-0.649,-0.779,-0.666,-0.572,-0.514,-0.805,-0.4,-0.79,-0.49,-0.859,-0.757,-0.611,-0.881,-0.91,-0.58,-0.671,-0.25,-0.651,-0.817,-0.771,-0.876,-0.877,0.045,0.096,-0.917,0.636,0.845,-0.811,-0.921,-0.744,-0.598,-0.727,-0.5,0.116,0.301,-0.66,-0.593,-0.391,0.044,-0.823,-0.628,-0.537,-0.768,-0.847,-0.845,0.441,0.077,-0.676,0.592,-0.759,-0.888,-0.729,-0.084,-0.848,-0.737,-0.895,-0.865,-0.504,-0.879,-0.132,-0.683,-0.867,-0.723,-0.902,-0.708,-0.905,-0.624,-0.745,-0.309,-0.26,0.579,-0.843,-0.841,-0.772,-0.697,-0.905,0.072,-0.525,-0.769,-0.898,-0.852,0.581,-0.736,0.456,-0.906,-0.111,-0.759,-0.891,-0.808,-0.701,-0.888,-0.81,-0.781,0.046,-0.812,-0.473,-0.861,0.236,-0.709,-0.303,-0.41,-0.766,0.63,-0.805
ARCT,0.213,-0.225,0.073,0.531,0.019,-0.213,-0.844,-0.325,0.086,0.511,0.085,-0.648,-0.188,-0.327,0.344,-0.441,-0.051,-0.391,-0.282,-0.024,0.0,0.359,-0.355,0.19,-0.222,0.535,-0.233,0.309,0.351,-0.289,0.143,0.061,0.021,-0.184,-0.278,0.337,0.591,-0.056,0.602,0.495,-0.013,-0.013,0.07,-0.253,-0.128,0.01,-0.153,0.552,0.26,-0.282,0.115,0.22,-0.102,0.302,0.236,-0.26,-0.109,0.104,-0.555,-0.315,0.025,-0.129,0.195,0.244,0.356,0.236,0.023,0.205,0.458,0.346,0.208,0.515,0.023,-0.14,-0.033,0.427,-0.074,0.549,0.076,0.066,-0.684,-0.415,-0.438,-0.217,0.117,0.795,-0.25,-0.233,0.417,0.301,0.442,-0.623,0.107,-0.022,-0.053,0.143,-0.046,0.346,0.026,0.062,0.091,-0.268,-0.32,0.349,0.294,0.07,0.247,0.61,0.141,0.015,0.582,0.45,-0.093,0.156,-0.065,0.28,0.285,-0.077,0.881,0.22,0.028,-0.583,0.163,0.229,-0.041,-0.037,0.586,-0.247,-0.519,-0.556,-0.038,0.45,-0.041,-0.112,-0.034,-0.078,-0.463,0.554,0.487,0.09,-0.102,0.238,-0.743,0.629,0.638,0.186,0.033,-0.184,0.556,-0.118,-0.213,0.129,0.274,0.298,-0.016,0.792,0.184,0.017,-0.294,-0.147,-0.119,-0.068,0.608,0.383,0.755,0.733,-0.353,-0.043,0.365,-0.206,-0.246,-0.113,-0.642,-0.402,-0.088,0.027,0.065,0.652,-0.02,0.455,0.044,-0.563,-0.4,0.042,0.425,0.273,0.02,0.264,-0.225,-0.185,-0.128,-0.24,0.009,0.077,-0.214,0.588,0.702,0.411,0.297,-0.085
ARWR,-0.633,0.598,0.877,-0.47,0.852,0.671,-0.043,0.445,0.791,0.891,0.882,0.05,-0.328,0.574,0.771,0.496,0.833,-0.073,0.673,-0.704,0.359,0.0,0.469,0.855,0.709,-0.05,0.7,0.911,0.029,0.481,0.883,0.836,0.807,0.768,0.582,0.67,0.674,0.724,0.701,0.539,0.831,0.784,0.762,0.58,0.651,0.764,0.66,0.749,0.645,-0.025,0.773,0.865,0.511,0.804,-0.668,0.712,-0.547,0.618,-0.016,0.628,0.698,0.803,0.587,-0.473,0.85,0.351,0.687,0.734,0.8,0.854,0.003,0.736,0.806,0.562,0.81,0.787,-0.165,0.685,0.762,0.868,-0.632,0.494,0.489,0.658,0.747,0.703,0.614,0.731,-0.514,0.568,-0.342,-0.049,0.838,0.739,0.739,0.907,0.621,0.787,0.866,0.834,0.606,0.609,0.595,0.918,0.833,0.768,0.831,0.666,0.801,0.801,0.568,0.876,0.141,0.855,0.809,0.718,0.872,0.793,0.328,-0.017,0.821,-0.563,-0.465,0.829,0.778,0.776,0.829,0.692,0.489,-0.013,-0.318,0.874,0.785,0.426,0.174,0.77,0.555,0.662,0.857,0.828,0.76,-0.33,-0.251,0.677,-0.342,0.84,0.805,0.756,0.339,0.718,0.747,0.812,0.893,0.792,0.599,0.462,0.764,0.617,0.721,0.754,0.799,0.751,0.889,0.709,0.728,0.642,-0.254,0.777,0.708,0.672,0.685,0.762,-0.006,0.415,0.812,0.792,0.792,-0.207,0.426,-0.301,0.8,0.227,0.573,0.849,0.818,0.894,0.8,0.892,0.381,0.058,0.744,0.567,0.807,0.056,0.684,0.617,0.738,0.648,-0.637,0.834
ASND,-0.369,0.767,0.551,-0.576,0.662,0.683,0.568,0.69,0.469,0.294,0.557,0.604,0.016,0.675,0.165,0.791,0.595,0.292,0.717,-0.471,-0.355,0.469,0.0,0.484,0.689,-0.305,0.655,0.489,-0.255,0.536,0.657,0.56,0.535,0.695,0.643,0.442,0.104,0.504,0.176,0.049,0.654,0.545,0.501,0.579,0.561,0.649,0.549,0.172,0.321,0.048,0.482,0.466,0.438,0.379,-0.658,0.774,-0.128,0.29,0.574,0.629,0.447,0.689,0.324,-0.366,0.453,0.208,0.491,0.61,0.309,0.383,0.022,0.237,0.559,0.345,0.58,0.253,-0.069,0.113,0.46,0.615,0.085,0.813,0.71,0.628,0.526,0.009,0.67,0.668,-0.662,0.102,-0.513,0.555,0.525,0.619,0.517,0.571,0.655,0.382,0.619,0.6,0.541,0.564,0.74,0.461,0.467,0.479,0.5,0.12,0.483,0.558,0.021,0.4,0.107,0.674,0.623,0.279,0.379,0.621,-0.334,-0.081,0.56,-0.002,-0.401,0.423,0.58,0.655,0.251,0.715,0.733,0.469,-0.076,0.321,0.634,0.181,0.15,0.658,0.717,-0.112,0.291,0.579,0.683,-0.39,0.379,0.084,-0.584,0.549,0.578,0.726,-0.107,0.636,0.715,0.444,0.418,0.471,0.296,-0.238,0.505,0.384,0.755,0.603,0.748,0.569,0.278,0.287,0.082,-0.008,0.095,0.605,0.225,0.63,0.719,0.63,0.455,0.687,0.718,0.549,0.568,-0.535,0.193,-0.344,0.537,0.654,0.644,0.594,0.288,0.375,0.572,0.452,0.312,0.227,0.637,0.721,0.613,0.025,0.552,0.098,0.134,0.106,-0.663,0.685
ASTH,-0.63,0.687,0.829,-0.557,0.842,0.874,0.159,0.442,0.944,0.883,0.933,-0.035,-0.55,0.524,0.783,0.433,0.856,-0.265,0.828,-0.844,0.19,0.855,0.484,0.0,0.886,-0.212,0.842,0.867,-0.34,0.634,0.85,0.944,0.958,0.895,0.516,0.722,0.796,0.894,0.71,0.687,0.911,0.93,0.94,0.736,0.852,0.893,0.831,0.843,0.873,0.223,0.894,0.977,0.753,0.873,-0.847,0.762,-0.68,0.74,-0.04,0.692,0.915,0.788,0.768,-0.671,0.955,0.473,0.907,0.821,0.787,0.938,-0.178,0.812,0.944,0.773,0.946,0.884,-0.476,0.792,0.661,0.957,-0.391,0.401,0.459,0.841,0.803,0.648,0.798,0.882,-0.645,0.76,-0.439,-0.099,0.808,0.569,0.912,0.81,0.599,0.935,0.854,0.818,0.795,0.76,0.588,0.9,0.762,0.951,0.919,0.722,0.972,0.942,0.732,0.893,-0.044,0.823,0.891,0.923,0.935,0.911,0.096,0.219,0.956,-0.686,-0.743,0.976,0.933,0.916,0.842,0.784,0.541,-0.198,-0.203,0.874,0.775,0.437,0.045,0.906,0.627,0.603,0.888,0.949,0.911,-0.435,-0.09,0.75,-0.479,0.932,0.958,0.815,0.385,0.922,0.774,0.958,0.936,0.638,0.752,0.251,0.779,0.85,0.737,0.892,0.791,0.928,0.85,0.894,0.495,0.417,-0.48,0.956,0.861,0.852,0.668,0.912,0.001,0.66,0.807,0.955,0.949,-0.358,0.731,-0.218,0.955,0.14,0.705,0.952,0.929,0.807,0.955,0.965,0.623,-0.122,0.803,0.558,0.945,0.066,0.736,0.583,0.604,0.79,-0.558,0.856
ATSG,-0.677,0.779,0.823,-0.774,0.825,0.978,0.543,0.585,0.896,0.665,0.913,0.268,-0.448,0.707,0.637,0.7,0.899,-0.067,0.969,-0.83,-0.222,0.709,0.689,0.886,0.0,-0.437,0.961,0.741,-0.44,0.729,0.82,0.934,0.94,0.98,0.661,0.617,0.532,0.919,0.429,0.454,0.932,0.945,0.915,0.812,0.898,0.911,0.862,0.586,0.754,0.307,0.846,0.87,0.8,0.735,-0.955,0.917,-0.6,0.668,0.247,0.857,0.9,0.877,0.648,-0.765,0.803,0.358,0.876,0.763,0.586,0.788,-0.262,0.597,0.942,0.797,0.943,0.692,-0.428,0.525,0.664,0.932,-0.075,0.629,0.697,0.952,0.808,0.316,0.952,0.981,-0.838,0.605,-0.666,0.228,0.783,0.649,0.928,0.758,0.666,0.779,0.854,0.8,0.754,0.864,0.747,0.76,0.642,0.915,0.825,0.443,0.902,0.935,0.45,0.71,0.028,0.782,0.933,0.751,0.81,0.951,-0.283,0.072,0.934,-0.42,-0.809,0.864,0.957,0.94,0.58,0.924,0.789,0.135,-0.204,0.674,0.807,0.487,0.068,0.965,0.854,0.334,0.66,0.912,0.963,-0.567,0.239,0.479,-0.746,0.864,0.949,0.919,0.106,0.97,0.888,0.888,0.828,0.551,0.733,-0.113,0.735,0.835,0.91,0.949,0.868,0.954,0.564,0.708,0.18,0.108,-0.31,0.959,0.677,0.929,0.816,0.972,0.298,0.845,0.877,0.948,0.912,-0.683,0.705,-0.429,0.94,0.447,0.902,0.945,0.734,0.675,0.952,0.825,0.717,-0.034,0.875,0.682,0.955,-0.046,0.852,0.31,0.341,0.561,-0.733,0.908
AVTX,0.239,-0.374,-0.246,0.503,-0.262,-0.42,-0.657,-0.527,-0.247,0.047,-0.246,-0.386,-0.093,-0.394,-0.113,-0.454,-0.302,-0.258,-0.401,0.142,0.535,-0.05,-0.305,-0.212,-0.437,0.0,-0.381,-0.058,0.324,-0.454,-0.231,-0.274,-0.286,-0.37,-0.435,0.003,0.105,-0.28,0.048,-0.004,-0.244,-0.317,-0.218,-0.3,-0.409,-0.339,-0.431,0.083,-0.105,-0.335,-0.193,-0.217,-0.193,-0.215,0.325,-0.373,0.062,-0.023,-0.469,-0.459,-0.276,-0.325,-0.258,0.309,-0.098,-0.062,-0.222,-0.084,0.06,-0.024,0.024,0.107,-0.26,-0.277,-0.382,-0.016,0.021,0.101,-0.168,-0.257,-0.342,-0.32,-0.332,-0.446,-0.132,0.217,-0.358,-0.443,0.476,0.032,0.167,-0.417,-0.042,-0.24,-0.345,-0.031,-0.099,-0.058,-0.356,-0.356,-0.34,-0.327,-0.56,-0.035,-0.198,-0.254,-0.097,0.287,-0.201,-0.261,0.116,-0.022,0.124,-0.222,-0.348,-0.12,-0.094,-0.298,0.534,-0.044,-0.244,-0.146,0.262,-0.216,-0.312,-0.423,0.096,-0.487,-0.536,-0.381,-0.042,-0.018,-0.438,-0.337,-0.03,-0.391,-0.53,0.065,0.04,-0.238,-0.327,0.304,-0.533,0.237,0.468,-0.165,-0.304,-0.354,0.122,-0.357,-0.328,-0.235,-0.149,-0.085,-0.106,0.548,-0.018,-0.234,-0.436,-0.362,-0.34,-0.352,0.075,-0.033,0.314,0.317,-0.177,-0.334,0.04,-0.359,-0.289,-0.335,-0.643,-0.556,-0.267,-0.276,-0.208,0.478,-0.21,0.291,-0.277,-0.487,-0.474,-0.293,-0.031,-0.116,-0.32,-0.157,-0.256,-0.072,-0.288,-0.327,-0.294,-0.152,-0.441,0.225,0.265,0.057,0.385,-0.296
BCPC,-0.718,0.688,0.856,-0.815,0.767,0.932,0.536,0.472,0.885,0.647,0.914,0.231,-0.512,0.743,0.699,0.688,0.938,-0.029,0.952,-0.86,-0.233,0.7,0.655,0.842,0.961,-0.381,0.0,0.739,-0.319,0.707,0.775,0.91,0.923,0.956,0.694,0.479,0.481,0.925,0.29,0.391,0.931,0.917,0.9,0.821,0.866,0.85,0.872,0.532,0.704,0.231,0.841,0.827,0.817,0.646,-0.948,0.925,-0.651,0.74,0.156,0.867,0.882,0.898,0.481,-0.819,0.752,0.224,0.857,0.741,0.495,0.784,-0.308,0.516,0.932,0.836,0.934,0.702,-0.351,0.451,0.745,0.895,-0.094,0.673,0.744,0.956,0.854,0.306,0.949,0.972,-0.827,0.652,-0.773,0.236,0.836,0.687,0.907,0.794,0.63,0.734,0.815,0.72,0.641,0.939,0.698,0.776,0.576,0.913,0.807,0.456,0.881,0.943,0.381,0.652,0.122,0.71,0.921,0.698,0.817,0.957,-0.229,-0.101,0.936,-0.373,-0.794,0.825,0.939,0.871,0.544,0.859,0.789,0.161,-0.376,0.674,0.77,0.577,0.028,0.932,0.898,0.411,0.677,0.876,0.936,-0.551,0.128,0.489,-0.829,0.836,0.903,0.923,0.03,0.933,0.9,0.87,0.837,0.551,0.789,-0.063,0.763,0.841,0.928,0.953,0.831,0.931,0.528,0.641,0.157,0.092,-0.3,0.919,0.665,0.934,0.866,0.968,0.262,0.746,0.916,0.938,0.861,-0.756,0.673,-0.513,0.913,0.473,0.953,0.925,0.71,0.725,0.912,0.784,0.787,0.094,0.936,0.66,0.927,-0.201,0.889,0.316,0.353,0.551,-0.775,0.917
BEAM,-0.59,0.608,0.881,-0.526,0.852,0.706,-0.021,0.387,0.838,0.837,0.884,0.062,-0.368,0.548,0.755,0.455,0.842,-0.142,0.706,-0.761,0.309,0.911,0.489,0.867,0.741,-0.058,0.739,0.0,0.011,0.444,0.824,0.836,0.829,0.779,0.605,0.663,0.685,0.745,0.623,0.527,0.855,0.806,0.799,0.611,0.639,0.764,0.676,0.757,0.688,-0.015,0.805,0.866,0.62,0.861,-0.71,0.726,-0.584,0.687,-0.056,0.574,0.747,0.806,0.556,-0.531,0.875,0.407,0.701,0.808,0.779,0.87,-0.027,0.731,0.824,0.558,0.814,0.795,-0.233,0.71,0.778,0.866,-0.577,0.522,0.513,0.658,0.832,0.661,0.67,0.755,-0.548,0.601,-0.397,-0.056,0.805,0.677,0.753,0.885,0.673,0.826,0.819,0.732,0.615,0.679,0.561,0.88,0.719,0.811,0.864,0.743,0.837,0.849,0.598,0.872,0.122,0.841,0.774,0.737,0.867,0.838,0.266,-0.01,0.861,-0.585,-0.539,0.821,0.803,0.778,0.835,0.662,0.454,-0.031,-0.258,0.851,0.703,0.39,0.244,0.799,0.576,0.642,0.882,0.868,0.803,-0.352,-0.243,0.717,-0.402,0.846,0.823,0.768,0.282,0.735,0.741,0.811,0.878,0.77,0.641,0.453,0.791,0.645,0.682,0.755,0.794,0.775,0.855,0.764,0.692,0.621,-0.356,0.778,0.747,0.761,0.732,0.791,-0.039,0.417,0.83,0.837,0.84,-0.285,0.489,-0.247,0.818,0.202,0.58,0.847,0.828,0.867,0.811,0.886,0.445,0.126,0.773,0.59,0.82,-0.065,0.639,0.613,0.698,0.73,-0.624,0.831
BILI,0.116,-0.381,0.056,0.213,-0.177,-0.536,-0.403,-0.177,-0.352,-0.108,-0.199,0.049,0.414,0.103,0.03,-0.066,-0.063,0.42,-0.426,0.342,0.351,0.029,-0.255,-0.34,-0.44,0.324,-0.319,0.011,0.0,-0.367,-0.102,-0.369,-0.381,-0.393,0.198,-0.315,-0.197,-0.444,-0.141,-0.323,-0.218,-0.406,-0.435,-0.317,-0.48,-0.337,-0.342,-0.285,-0.507,-0.661,-0.267,-0.315,-0.435,-0.235,0.46,-0.19,0.37,-0.268,-0.13,-0.225,-0.484,-0.015,-0.562,0.429,-0.281,-0.176,-0.512,-0.25,-0.195,-0.175,0.507,-0.284,-0.383,-0.475,-0.332,-0.196,0.697,-0.351,0.258,-0.259,-0.392,0.072,0.057,-0.449,-0.108,0.164,-0.433,-0.383,0.286,-0.336,0.224,0.094,-0.014,0.262,-0.487,0.059,-0.334,-0.309,-0.106,-0.217,-0.419,-0.238,-0.082,-0.005,0.021,-0.331,-0.144,-0.034,-0.372,-0.298,-0.387,-0.066,0.359,-0.113,-0.339,-0.447,-0.221,-0.271,0.541,-0.586,-0.334,0.304,0.642,-0.347,-0.418,-0.403,-0.013,-0.383,-0.24,0.274,-0.415,0.052,-0.133,0.165,0.282,-0.335,-0.163,0.21,-0.07,-0.318,-0.424,0.308,-0.487,-0.117,0.215,-0.243,-0.429,-0.179,0.121,-0.501,-0.114,-0.409,-0.154,0.242,-0.381,0.488,0.047,-0.549,-0.205,-0.39,-0.132,-0.467,0.015,-0.42,0.414,0.445,0.392,-0.461,-0.339,-0.334,0.03,-0.407,-0.024,-0.636,-0.038,-0.387,-0.434,0.288,-0.659,-0.044,-0.423,0.152,-0.304,-0.34,-0.262,0.195,-0.421,-0.253,-0.455,0.51,-0.1,-0.216,-0.362,-0.345,-0.119,0.105,0.275,-0.274,-0.037,-0.134
BJRI,-0.446,0.673,0.531,-0.592,0.512,0.716,0.591,0.658,0.543,0.361,0.584,0.258,-0.126,0.687,0.379,0.486,0.662,0.282,0.622,-0.459,-0.289,0.481,0.536,0.634,0.729,-0.454,0.707,0.444,-0.367,0.0,0.601,0.592,0.614,0.699,0.599,0.354,0.315,0.548,0.267,0.315,0.628,0.6,0.56,0.86,0.77,0.599,0.784,0.339,0.405,0.3,0.451,0.548,0.379,0.471,-0.6,0.63,-0.284,0.294,0.409,0.757,0.583,0.61,0.57,-0.36,0.502,0.328,0.718,0.568,0.261,0.487,0.027,0.35,0.596,0.624,0.73,0.495,-0.114,0.272,0.4,0.643,0.152,0.505,0.561,0.727,0.427,0.185,0.685,0.714,-0.552,0.351,-0.369,0.403,0.56,0.447,0.612,0.454,0.336,0.517,0.681,0.7,0.692,0.67,0.737,0.502,0.53,0.674,0.59,0.172,0.602,0.607,0.198,0.428,-0.148,0.546,0.732,0.472,0.498,0.622,-0.232,0.201,0.63,-0.056,-0.485,0.628,0.6,0.733,0.374,0.693,0.778,0.127,-0.171,0.486,0.65,0.486,-0.115,0.64,0.744,0.247,0.44,0.617,0.733,-0.419,0.322,0.155,-0.632,0.679,0.608,0.768,0.178,0.728,0.684,0.627,0.519,0.274,0.403,-0.159,0.522,0.586,0.697,0.642,0.615,0.627,0.344,0.429,-0.029,-0.152,0.101,0.747,0.299,0.754,0.586,0.654,0.486,0.748,0.616,0.649,0.576,-0.411,0.414,-0.098,0.604,0.5,0.7,0.612,0.443,0.48,0.621,0.553,0.406,0.154,0.628,0.67,0.627,0.229,0.716,0.365,0.188,0.2,-0.434,0.658
BLUE,-0.547,0.756,0.884,-0.542,0.859,0.786,0.236,0.651,0.766,0.806,0.881,0.24,-0.218,0.751,0.654,0.685,0.865,0.093,0.786,-0.675,0.143,0.883,0.657,0.85,0.82,-0.231,0.775,0.824,-0.102,0.601,0.0,0.846,0.814,0.852,0.714,0.685,0.587,0.718,0.662,0.438,0.891,0.801,0.768,0.666,0.765,0.88,0.761,0.628,0.639,-0.036,0.77,0.849,0.577,0.771,-0.756,0.847,-0.363,0.465,0.265,0.717,0.69,0.878,0.645,-0.435,0.822,0.434,0.714,0.798,0.706,0.808,0.141,0.692,0.819,0.541,0.846,0.707,-0.144,0.545,0.716,0.926,-0.399,0.634,0.65,0.769,0.733,0.593,0.739,0.801,-0.641,0.444,-0.391,0.258,0.809,0.819,0.74,0.853,0.612,0.77,0.927,0.909,0.801,0.648,0.778,0.9,0.916,0.805,0.887,0.512,0.808,0.814,0.451,0.861,0.046,0.933,0.887,0.663,0.792,0.839,0.073,0.016,0.819,-0.429,-0.475,0.821,0.806,0.879,0.757,0.841,0.692,0.156,-0.259,0.833,0.917,0.445,0.255,0.863,0.713,0.426,0.735,0.842,0.822,-0.434,0.005,0.533,-0.454,0.899,0.84,0.868,0.33,0.815,0.871,0.778,0.827,0.802,0.471,0.243,0.838,0.614,0.833,0.797,0.901,0.789,0.786,0.666,0.567,0.477,-0.119,0.845,0.588,0.741,0.779,0.812,0.205,0.652,0.865,0.811,0.814,-0.335,0.413,-0.305,0.812,0.474,0.692,0.875,0.725,0.786,0.835,0.86,0.351,0.124,0.793,0.642,0.87,0.111,0.746,0.562,0.638,0.46,-0.707,0.908
