,AAL,AAON,ACB,ACGL,ACGLO,ACIW,ADBE,ADSK,AEP,AGIO,ALEC,ALNY,ALTR,AMBA,AMCX,AMKR,AMRX,ANSS,APPN,APTO,ARCT,ARWR,ASND,ASTH,ATSG,AVTX,BCPC,BEAM,BILI,BJRI,BLUE,BPOP,BRKL,BWIN,BZUN,CARG,CBRL,CBSH,CBUS,CENTA,CERS,CFFN,CHCO,CHEF,CHRD,CINF,CLLS,CMCO,CMCSA,COLL,COMM,COOP,CPB,CRON,CROX,CRUS,CRWD,CTAS,CYBR,CYTK,DGII,DIOD,DOMO,DPZ,DSGR,DXCM,ERIE,ESTA,EXEL,FAST,FCEL,FCFS,FHB,FITBI,FSV,FTDR,FUTU,GLDD,GLPG,GLPI,GOGO,GOSS,GSAT,GYRE,HALO,HAS,HLIT,HLNE,HSDT,HSIC,HTHT,ICHR,IDYA,IMVT,INDB,INSM,IONS,IOSP,ITRI,JBHT,JBLU,JSM,KLIC,KOD,KURA,LAB,LASR,LIN,LKQ,LNT,MBUU,MCRI,MDGL,MEDP,MGNI,MGPI,MGRC,MKTX,MRNA,MRTN,MSEX,MSFT,MU,NAVI,NBTB,NEO,NEOG,NGNE,NSSC,NTAP,NTES,NTLA,NTRS,NYMTN,OBLG,OCFC,ON,ONC,OPI,OSIS,OSW,PALI,PANW,PCAR,PCRX,PCTY,PEBO,PLAB,PLAY,PLMR,PLSE,PLUS,PRTA,PSEC,PSNL,PTCT,PTON,QNST,QRVO,QTTB,RARE,RBCAA,RGNX,SAIC,SGMO,SINT,SNPS,SPSC,SPTN,SSYS,STNE,TBBK,TCPC,TENB,TGTX,TREE,TRUP,TTWO,TW,TXG,UBSI,UCTT,UFPT,UMBF,UPBD,URBN,VBTX,VCTR,VEON,VNET,VRSK,VSEC,WABC,WTFCM,WVE,WW,WWD,XEL,ZD,ZYME
AAL,0.0,0.509,0.034,-0.134,-0.061,0.486,-0.468,0.583,-0.658,-0.115,-0.406,0.291,0.57,0.639,-0.083,0.429,-0.204,0.342,0.473,-0.025,0.186,-0.491,0.247,0.455,0.006,0.376,0.207,-0.087,0.309,0.426,-0.239,0.235,0.021,0.555,0.429,0.327,0.498,-0.229,-0.561,-0.391,-0.419,-0.098,-0.013,0.157,-0.108,-0.018,-0.341,0.559,0.42,0.353,0.372,0.02,-0.335,0.148,0.462,-0.482,0.48,0.226,0.501,0.04,0.446,0.488,0.17,0.36,0.484,-0.049,0.341,0.411,-0.299,0.27,-0.363,-0.241,-0.028,0.072,-0.205,0.326,0.389,0.443,0.137,-0.406,-0.318,0.266,0.185,-0.121,-0.493,0.448,0.209,0.576,-0.395,0.223,0.498,0.565,-0.553,-0.064,-0.129,-0.363,-0.372,0.481,0.317,-0.009,0.593,-0.242,0.549,0.466,-0.392,-0.363,0.544,0.132,-0.161,0.037,0.301,0.524,-0.398,-0.309,-0.119,-0.44,0.524,0.485,-0.426,0.083,-0.195,-0.154,0.65,0.119,-0.199,-0.466,-0.045,0.524,0.337,0.641,0.386,-0.229,0.371,0.417,-0.192,0.312,0.507,0.419,-0.291,0.238,0.646,-0.368,0.162,0.618,0.476,0.383,-0.126,0.644,0.389,0.454,-0.31,0.535,-0.289,-0.463,-0.182,0.557,0.352,-0.19,-0.152,0.0,-0.554,0.162,-0.424,0.301,-0.178,-0.266,0.578,0.068,0.011,0.524,-0.266,0.581,-0.407,0.367,-0.218,-0.115,-0.108,0.205,0.555,-0.16,0.023,0.591,-0.153,0.23,0.346,0.433,0.388,0.609,0.244,0.369,-0.219,-0.078,-0.207,0.372,0.387,0.467,0.064,-0.304,-0.297,0.183
AAON,0.509,0.0,-0.344,0.233,0.108,0.871,-0.748,0.819,-0.678,-0.216,-0.747,0.549,0.871,0.793,-0.294,0.215,-0.188,0.295,0.595,0.378,0.661,-0.708,0.665,0.788,0.248,0.767,0.463,-0.364,0.699,0.805,-0.663,0.153,0.017,0.68,0.679,0.581,0.848,-0.544,-0.904,-0.509,-0.91,-0.186,-0.202,0.299,-0.099,0.287,-0.69,0.912,0.921,0.668,0.903,-0.013,-0.593,-0.285,0.805,-0.834,0.899,0.12,0.822,-0.38,0.659,0.406,-0.286,0.75,0.865,-0.372,0.824,0.047,-0.514,0.687,-0.76,-0.448,-0.231,0.216,0.208,-0.142,0.72,0.854,-0.397,-0.656,-0.658,0.818,0.098,-0.576,-0.705,0.887,0.479,0.958,-0.688,0.53,0.73,0.525,-0.857,-0.301,-0.401,-0.485,-0.572,0.678,0.786,0.065,0.636,-0.008,0.873,0.278,-0.519,-0.712,0.13,0.516,-0.21,0.556,0.564,0.811,-0.757,-0.274,-0.443,-0.386,0.547,0.357,-0.809,0.105,-0.167,-0.199,0.783,-0.017,-0.432,-0.685,0.043,0.406,0.488,0.942,0.774,-0.4,0.486,0.741,-0.39,0.406,0.342,0.65,-0.569,0.697,0.833,-0.632,-0.207,0.784,0.756,0.828,-0.431,0.838,0.529,0.376,-0.646,0.788,-0.545,-0.259,-0.761,0.814,0.51,0.009,-0.393,-0.602,-0.532,-0.004,-0.778,0.628,0.008,-0.589,0.642,0.151,0.33,0.774,-0.75,0.681,-0.92,0.667,-0.476,0.198,-0.647,-0.454,0.76,-0.307,-0.067,0.749,0.009,0.161,0.03,0.61,0.576,0.863,0.804,0.857,-0.433,-0.423,-0.374,0.766,0.766,0.329,0.613,0.236,-0.37,0.345
ACB,0.034,-0.344,0.0,0.251,0.492,-0.194,0.234,0.086,0.629,0.642,0.569,0.335,-0.048,-0.151,0.359,0.529,0.066,0.458,0.273,0.365,-0.612,0.592,0.17,-0.214,0.513,-0.208,0.471,0.818,-0.619,-0.161,0.131,0.695,0.661,-0.012,-0.572,0.241,-0.235,0.758,0.396,0.757,0.46,0.765,0.722,0.459,0.026,0.101,0.699,-0.31,-0.32,-0.368,-0.151,0.42,0.747,0.369,0.137,0.282,-0.221,0.015,0.005,0.1,-0.598,-0.411,0.088,0.007,-0.067,0.453,-0.039,0.187,0.447,0.209,0.712,0.69,0.679,-0.326,0.317,0.741,-0.655,-0.646,0.47,0.375,0.524,-0.577,0.38,0.531,0.499,-0.18,0.262,-0.395,0.648,0.356,-0.569,-0.218,0.5,-0.188,0.767,0.537,0.639,0.285,0.043,0.567,-0.572,0.081,-0.388,0.33,0.719,0.672,-0.055,0.326,0.753,0.139,-0.02,0.032,0.525,0.381,0.823,0.621,-0.295,-0.438,0.581,0.739,0.682,0.778,-0.311,0.414,0.737,0.646,0.715,-0.384,0.491,-0.319,-0.595,0.818,0.264,-0.649,0.255,0.527,0.373,-0.624,0.751,0.072,-0.026,0.548,0.066,-0.395,-0.463,-0.401,0.698,-0.124,-0.123,0.026,0.768,0.111,0.673,0.563,0.488,-0.024,0.312,0.39,0.157,0.532,0.576,0.705,0.678,-0.643,0.423,0.724,0.274,0.537,0.324,0.093,0.599,0.116,0.423,-0.309,0.814,0.458,0.651,0.5,-0.586,0.693,0.71,-0.337,0.594,0.553,0.769,0.416,0.414,-0.265,-0.498,-0.553,-0.18,0.357,0.788,-0.339,-0.474,0.143,-0.033,0.259,0.738,0.205
ACGL,-0.134,0.233,0.251,0.0,0.583,0.399,-0.302,0.341,0.314,0.175,-0.076,0.446,0.327,0.191,0.096,0.164,0.277,0.118,0.427,0.461,0.16,0.028,0.531,0.332,0.348,0.302,0.498,0.205,0.106,0.482,-0.261,0.268,0.306,0.369,0.062,0.334,0.401,0.102,-0.142,0.218,-0.177,0.283,0.246,0.519,0.116,0.848,-0.043,0.172,0.273,0.325,0.399,0.345,0.201,0.055,0.51,-0.346,0.286,-0.129,0.233,-0.049,-0.001,-0.209,-0.333,0.336,0.419,-0.043,0.598,-0.031,0.315,0.456,0.073,0.167,0.229,0.19,0.25,0.049,0.049,0.109,0.012,-0.049,-0.233,0.183,-0.046,-0.033,0.273,0.372,0.207,0.226,0.032,0.481,0.035,-0.027,-0.098,-0.015,0.241,0.086,0.004,0.442,0.404,0.137,-0.084,0.264,0.16,0.326,0.145,-0.035,-0.296,0.49,0.463,0.645,0.369,0.332,-0.134,0.238,0.041,0.306,-0.108,-0.157,-0.032,0.24,0.469,0.343,0.061,0.182,0.144,0.027,0.374,-0.119,0.444,0.174,0.126,0.219,0.289,0.054,-0.084,0.313,0.185,-0.004,0.164,0.302,0.249,0.087,-0.312,0.097,0.181,0.303,0.116,0.207,0.357,0.507,0.15,0.337,0.128,0.355,-0.325,0.216,0.356,0.326,-0.298,-0.238,0.254,0.217,0.024,0.101,0.099,0.171,0.267,0.28,0.468,0.331,-0.019,0.281,-0.306,0.335,0.279,0.444,0.073,-0.304,0.021,-0.027,0.278,0.068,0.355,0.217,0.13,0.481,0.391,0.293,0.251,0.14,-0.333,0.031,0.252,0.239,0.106,-0.114,0.327,0.529,0.258,0.144
ACGLO,-0.061,0.108,0.492,0.583,0.0,0.148,-0.114,0.264,0.338,0.674,0.36,0.569,0.361,0.119,0.099,0.658,0.301,0.558,0.459,0.584,-0.304,0.412,0.574,0.191,0.444,0.235,0.738,0.657,-0.375,0.33,-0.383,0.724,0.777,0.288,-0.43,0.584,0.079,0.582,-0.01,0.622,0.007,0.742,0.675,0.508,0.256,0.33,0.437,-0.057,-0.009,0.015,0.363,0.404,0.539,0.074,0.501,-0.115,0.301,0.056,0.166,-0.013,-0.322,-0.614,-0.683,0.223,0.371,0.37,0.347,-0.113,0.383,0.614,0.429,0.585,0.647,0.054,0.422,0.547,-0.396,-0.159,0.228,-0.109,-0.056,-0.089,0.094,0.371,0.326,0.224,0.37,0.022,0.506,0.509,-0.394,-0.37,0.176,-0.14,0.622,0.453,0.496,0.563,0.373,0.545,-0.497,0.645,-0.115,0.305,0.58,0.351,-0.216,0.524,0.691,0.343,0.366,0.184,0.303,0.525,0.347,0.53,-0.232,-0.305,0.09,0.57,0.654,0.774,-0.155,0.437,0.615,0.485,0.795,-0.281,0.73,0.087,-0.304,0.675,0.598,-0.3,0.054,0.614,0.267,-0.471,0.391,0.215,0.381,0.364,-0.275,-0.01,-0.116,0.069,0.531,0.045,-0.093,0.337,0.425,0.458,0.621,0.599,0.005,0.284,0.597,0.702,-0.036,0.133,0.593,0.644,0.404,-0.395,0.539,0.482,0.557,0.601,0.345,0.154,0.25,0.329,-0.147,0.052,0.633,0.692,0.238,-0.128,-0.297,0.46,0.721,-0.208,0.814,0.633,0.392,0.524,0.641,0.179,-0.046,-0.253,-0.546,0.311,0.681,-0.173,-0.226,0.023,0.33,0.352,0.664,0.492
ACIW,0.486,0.871,-0.194,0.399,0.148,0.0,-0.819,0.821,-0.533,-0.288,-0.601,0.588,0.866,0.772,0.046,0.216,0.127,0.139,0.579,0.381,0.63,-0.593,0.733,0.917,0.36,0.838,0.544,-0.216,0.611,0.901,-0.559,0.248,0.165,0.79,0.7,0.688,0.832,-0.378,-0.82,-0.433,-0.806,-0.035,0.028,0.282,0.182,0.502,-0.627,0.785,0.827,0.812,0.822,0.281,-0.426,0.045,0.729,-0.838,0.861,-0.039,0.688,-0.073,0.725,0.426,-0.136,0.546,0.892,-0.125,0.814,0.207,-0.244,0.611,-0.573,-0.208,0.004,0.254,0.085,-0.059,0.679,0.81,-0.117,-0.439,-0.705,0.806,0.025,-0.342,-0.417,0.902,0.271,0.913,-0.618,0.668,0.645,0.448,-0.678,-0.027,-0.137,-0.373,-0.55,0.727,0.859,-0.081,0.617,-0.018,0.797,0.484,-0.397,-0.511,0.286,0.367,0.011,0.606,0.756,0.733,-0.592,0.04,-0.365,-0.211,0.242,0.493,-0.717,0.145,0.057,-0.119,0.586,0.319,-0.259,-0.558,0.116,0.536,0.442,0.878,0.655,-0.284,0.601,0.654,-0.296,0.491,0.38,0.599,-0.353,0.752,0.829,-0.332,-0.206,0.834,0.843,0.857,-0.186,0.758,0.618,0.578,-0.422,0.84,-0.489,-0.108,-0.557,0.731,0.433,0.15,-0.563,-0.499,-0.398,0.187,-0.633,0.67,-0.049,-0.403,0.599,0.338,0.247,0.78,-0.487,0.834,-0.755,0.836,-0.285,0.394,-0.38,-0.342,0.771,-0.307,0.122,0.58,0.075,0.354,0.037,0.66,0.631,0.912,0.719,0.739,-0.394,-0.083,-0.187,0.698,0.547,0.32,0.404,0.245,-0.221,0.468
ADBE,-0.468,-0.748,0.234,-0.302,-0.114,-0.819,0.0,-0.751,0.51,0.319,0.632,-0.566,-0.765,-0.763,-0.196,-0.098,-0.251,-0.004,-0.59,-0.27,-0.664,0.667,-0.693,-0.904,-0.316,-0.687,-0.465,0.202,-0.624,-0.856,0.549,-0.081,-0.021,-0.821,-0.69,-0.618,-0.832,0.439,0.755,0.505,0.72,0.15,0.007,-0.303,-0.09,-0.408,0.653,-0.751,-0.712,-0.732,-0.664,-0.438,0.409,-0.137,-0.606,0.9,-0.667,-0.024,-0.473,-0.081,-0.721,-0.442,0.022,-0.424,-0.849,0.191,-0.75,-0.336,0.111,-0.476,0.477,0.265,0.083,-0.414,0.045,0.045,-0.678,-0.73,-0.034,0.374,0.82,-0.654,0.211,0.386,0.365,-0.874,0.022,-0.843,0.662,-0.575,-0.658,-0.537,0.648,-0.037,0.148,0.351,0.621,-0.646,-0.676,0.197,-0.661,0.152,-0.783,-0.614,0.459,0.502,-0.334,-0.26,-0.004,-0.622,-0.772,-0.635,0.575,0.079,0.414,0.177,-0.236,-0.514,0.676,-0.054,-0.116,0.196,-0.576,-0.321,0.321,0.616,0.014,-0.554,-0.395,-0.797,-0.652,0.316,-0.448,-0.662,0.221,-0.392,-0.386,-0.596,0.279,-0.656,-0.747,0.26,0.282,-0.769,-0.815,-0.716,0.145,-0.726,-0.416,-0.525,0.3,-0.723,0.529,0.219,0.567,-0.657,-0.275,-0.101,0.665,0.555,0.403,-0.144,0.618,-0.693,0.271,0.368,-0.523,-0.196,-0.262,-0.729,0.365,-0.766,0.737,-0.77,0.247,-0.308,0.222,0.25,-0.801,0.464,-0.037,-0.597,0.062,-0.25,0.014,-0.597,-0.505,-0.859,-0.699,-0.638,0.265,-0.008,0.25,-0.666,-0.569,-0.368,-0.242,-0.267,0.273,-0.287
ADSK,0.583,0.819,0.086,0.341,0.264,0.821,-0.751,0.0,-0.389,-0.012,-0.516,0.77,0.879,0.831,0.1,0.437,0.029,0.479,0.796,0.494,0.486,-0.491,0.782,0.797,0.535,0.669,0.673,0.023,0.495,0.81,-0.588,0.399,0.272,0.821,0.523,0.738,0.812,-0.242,-0.72,-0.225,-0.688,0.128,0.165,0.582,-0.138,0.374,-0.449,0.813,0.795,0.574,0.767,0.349,-0.275,-0.001,0.798,-0.769,0.758,0.187,0.771,-0.197,0.499,0.355,-0.071,0.668,0.877,-0.13,0.807,0.274,-0.249,0.734,-0.436,-0.122,0.071,0.172,0.326,0.209,0.496,0.592,-0.085,-0.408,-0.501,0.543,0.191,-0.354,-0.405,0.866,0.451,0.802,-0.495,0.75,0.555,0.568,-0.607,-0.255,-0.03,-0.156,-0.375,0.834,0.8,0.24,0.479,-0.112,0.776,0.576,-0.215,-0.381,0.235,0.622,0.161,0.686,0.677,0.835,-0.526,-0.089,-0.082,-0.035,0.327,0.225,-0.565,0.413,0.206,0.129,0.667,0.256,-0.124,-0.456,0.287,0.347,0.645,0.822,0.557,-0.076,0.571,0.498,-0.18,0.674,0.616,0.44,-0.162,0.801,0.861,-0.318,-0.164,0.64,0.62,0.636,-0.047,0.821,0.465,0.449,-0.232,0.854,-0.348,-0.05,-0.468,0.873,0.55,0.136,-0.417,-0.4,-0.287,0.358,-0.489,0.444,0.06,-0.224,0.841,0.412,0.504,0.884,-0.362,0.796,-0.723,0.698,-0.074,0.427,-0.252,-0.12,0.583,-0.085,0.254,0.661,0.203,0.421,0.338,0.791,0.731,0.803,0.674,0.606,-0.325,-0.115,-0.045,0.668,0.551,0.545,0.474,0.424,-0.073,0.436
AEP,-0.658,-0.678,0.629,0.314,0.338,-0.533,0.51,-0.389,0.0,0.466,0.649,-0.032,-0.539,-0.561,0.364,-0.004,0.23,0.03,-0.147,0.188,-0.531,0.715,-0.151,-0.511,0.31,-0.517,0.092,0.603,-0.621,-0.458,0.332,0.184,0.329,-0.45,-0.681,-0.163,-0.518,0.634,0.749,0.791,0.695,0.523,0.454,0.279,-0.005,0.119,0.71,-0.649,-0.576,-0.538,-0.499,0.321,0.744,0.144,-0.294,0.583,-0.602,-0.101,-0.41,0.075,-0.763,-0.58,0.016,-0.267,-0.459,0.277,-0.311,-0.136,0.575,-0.117,0.768,0.63,0.425,-0.232,0.349,0.23,-0.731,-0.812,0.242,0.689,0.609,-0.659,0.03,0.406,0.784,-0.5,-0.042,-0.743,0.7,0.03,-0.721,-0.465,0.774,-0.066,0.583,0.617,0.658,-0.206,-0.298,0.305,-0.77,0.163,-0.676,-0.072,0.741,0.697,-0.452,0.135,0.642,0.104,-0.268,-0.389,0.608,0.413,0.639,0.791,-0.566,-0.679,0.735,0.363,0.598,0.601,-0.646,0.163,0.595,0.743,0.427,-0.659,0.019,-0.734,-0.676,0.673,-0.221,-0.756,0.443,0.054,-0.073,-0.721,0.712,-0.185,-0.558,0.643,-0.043,-0.781,-0.712,-0.633,0.521,-0.561,-0.367,-0.302,0.786,-0.426,0.635,0.673,0.477,-0.457,-0.148,0.278,0.245,0.337,0.784,0.29,0.782,-0.632,0.288,0.731,-0.269,0.242,0.26,-0.324,0.645,-0.438,0.618,-0.451,0.703,0.321,0.603,0.224,-0.818,0.512,0.406,-0.616,0.421,0.102,0.232,-0.088,-0.102,-0.657,-0.53,-0.679,0.177,0.312,0.626,-0.485,-0.628,-0.226,-0.122,0.425,0.661,-0.126
AGIO,-0.115,-0.216,0.642,0.175,0.674,-0.288,0.319,-0.012,0.466,0.0,0.616,0.308,-0.005,-0.273,-0.051,0.662,-0.02,0.636,0.202,0.404,-0.696,0.645,0.193,-0.295,0.397,-0.193,0.486,0.807,-0.669,-0.157,-0.075,0.704,0.709,-0.111,-0.74,0.299,-0.335,0.738,0.344,0.819,0.36,0.769,0.621,0.428,-0.036,-0.065,0.708,-0.321,-0.313,-0.473,0.035,0.16,0.717,-0.164,0.216,0.308,-0.053,0.312,0.082,-0.157,-0.727,-0.718,-0.384,0.082,-0.039,0.385,-0.03,-0.294,0.191,0.332,0.604,0.613,0.604,-0.14,0.538,0.695,-0.733,-0.555,0.255,0.016,0.432,-0.433,0.412,0.492,0.249,-0.199,0.418,-0.369,0.735,0.2,-0.675,-0.459,0.433,-0.305,0.617,0.597,0.777,0.233,0.021,0.719,-0.693,0.506,-0.459,0.073,0.785,0.55,-0.361,0.453,0.577,-0.038,-0.178,-0.057,0.545,0.317,0.692,0.531,-0.132,-0.624,0.408,0.679,0.519,0.853,-0.257,0.19,0.75,0.686,0.764,-0.493,0.595,-0.248,-0.61,0.824,0.327,-0.647,0.185,0.464,0.13,-0.756,0.536,0.029,0.079,0.341,0.056,-0.413,-0.594,-0.401,0.582,-0.196,-0.376,-0.045,0.54,0.121,0.786,0.645,0.262,0.07,0.466,0.551,0.348,0.409,0.712,0.619,0.645,-0.773,0.665,0.627,0.384,0.54,0.336,-0.075,0.371,-0.05,0.21,-0.394,0.676,0.47,0.342,0.196,-0.624,0.757,0.668,-0.331,0.762,0.515,0.653,0.316,0.443,-0.315,-0.47,-0.526,-0.388,0.179,0.729,-0.487,-0.402,0.141,0.228,0.173,0.731,0.375
ALEC,-0.406,-0.747,0.569,-0.076,0.36,-0.601,0.632,-0.516,0.649,0.616,0.0,-0.154,-0.491,-0.679,0.253,0.313,0.298,0.172,-0.373,-0.02,-0.875,0.911,-0.237,-0.557,0.114,-0.421,0.055,0.752,-0.938,-0.536,0.339,0.441,0.562,-0.446,-0.879,-0.049,-0.817,0.924,0.777,0.822,0.787,0.688,0.674,-0.142,0.374,-0.239,0.896,-0.847,-0.796,-0.61,-0.494,0.196,0.886,0.206,-0.457,0.688,-0.462,-0.08,-0.537,0.283,-0.734,-0.704,-0.102,-0.617,-0.52,0.791,-0.596,-0.107,0.522,-0.259,0.881,0.824,0.721,-0.234,0.111,0.523,-0.913,-0.78,0.594,0.444,0.607,-0.641,0.138,0.855,0.642,-0.643,-0.16,-0.801,0.939,-0.146,-0.939,-0.773,0.922,0.193,0.759,0.702,0.875,-0.25,-0.313,0.302,-0.857,0.373,-0.873,-0.133,0.888,0.886,-0.119,-0.193,0.526,-0.466,-0.31,-0.662,0.975,0.675,0.63,0.604,-0.649,-0.438,0.705,0.34,0.501,0.655,-0.828,0.39,0.843,0.942,0.503,-0.416,-0.004,-0.709,-0.955,0.797,0.127,-0.862,0.313,0.104,-0.201,-0.894,0.702,-0.397,-0.378,0.74,0.222,-0.612,-0.733,-0.679,0.797,-0.759,-0.553,-0.215,0.757,-0.294,0.879,0.642,0.813,-0.441,-0.022,0.475,0.34,0.716,0.834,0.524,0.948,-0.824,0.542,0.799,-0.162,0.426,-0.235,-0.614,0.784,-0.281,0.773,-0.538,0.757,0.31,0.64,0.387,-0.788,0.691,0.614,-0.865,0.578,0.434,0.291,-0.212,-0.021,-0.633,-0.798,-0.904,0.016,0.599,0.801,-0.863,-0.908,-0.07,-0.389,-0.165,0.763,0.288
ALNY,0.291,0.549,0.335,0.446,0.569,0.588,-0.566,0.77,-0.032,0.308,-0.154,0.0,0.76,0.544,0.281,0.52,0.223,0.462,0.723,0.758,0.201,-0.115,0.892,0.605,0.761,0.517,0.839,0.343,0.155,0.657,-0.764,0.625,0.59,0.661,0.145,0.836,0.597,0.129,-0.509,0.198,-0.516,0.499,0.49,0.708,-0.022,0.393,-0.027,0.532,0.515,0.37,0.631,0.419,0.121,0.064,0.775,-0.586,0.568,-0.074,0.526,-0.248,0.119,-0.096,-0.304,0.556,0.744,0.058,0.669,0.12,0.065,0.794,-0.009,0.257,0.406,0.059,0.424,0.43,0.115,0.204,0.062,-0.317,-0.261,0.306,0.286,-0.07,-0.146,0.739,0.483,0.504,-0.107,0.85,0.151,0.211,-0.268,-0.394,0.326,0.162,0.068,0.886,0.717,0.461,0.026,0.095,0.466,0.519,0.189,-0.058,-0.103,0.643,0.477,0.715,0.64,0.682,-0.19,0.197,0.078,0.335,-0.03,-0.138,-0.192,0.694,0.594,0.505,0.315,0.405,0.267,-0.068,0.651,-0.061,0.792,0.544,0.184,0.35,0.651,0.162,-0.203,0.86,0.57,0.029,0.235,0.699,0.724,0.054,-0.478,0.32,0.371,0.378,0.302,0.499,0.179,0.289,0.126,0.815,0.003,0.222,-0.205,0.758,0.468,0.472,-0.47,-0.134,0.137,0.626,-0.085,0.013,0.311,0.045,0.808,0.622,0.622,0.719,-0.075,0.688,-0.507,0.455,0.384,0.729,-0.066,-0.03,0.186,0.251,0.566,0.309,0.593,0.546,0.457,0.823,0.848,0.576,0.489,0.297,-0.501,0.091,0.335,0.426,0.202,0.453,0.509,0.618,0.403,0.519
ALTR,0.57,0.871,-0.048,0.327,0.361,0.866,-0.765,0.879,-0.539,-0.005,-0.491,0.76,0.0,0.829,-0.004,0.489,0.036,0.369,0.754,0.549,0.466,-0.46,0.847,0.844,0.441,0.802,0.717,-0.038,0.481,0.877,-0.743,0.458,0.354,0.843,0.515,0.786,0.809,-0.222,-0.863,-0.27,-0.825,0.153,0.174,0.419,0.062,0.358,-0.44,0.806,0.772,0.677,0.861,0.209,-0.297,0.012,0.853,-0.814,0.883,0.01,0.701,-0.178,0.561,0.241,-0.314,0.631,0.906,-0.086,0.796,0.188,-0.254,0.745,-0.46,-0.137,0.141,0.184,0.144,0.18,0.52,0.682,-0.128,-0.648,-0.63,0.673,0.24,-0.292,-0.458,0.898,0.459,0.872,-0.456,0.725,0.532,0.413,-0.66,-0.173,-0.027,-0.216,-0.315,0.858,0.827,0.2,0.428,0.087,0.785,0.5,-0.256,-0.436,0.222,0.476,0.061,0.569,0.749,0.809,-0.508,0.001,-0.273,-0.158,0.258,0.313,-0.592,0.333,0.16,0.097,0.629,0.283,-0.095,-0.443,0.34,0.36,0.673,0.884,0.557,-0.091,0.708,0.542,-0.403,0.684,0.501,0.448,-0.22,0.712,0.923,-0.316,-0.338,0.759,0.746,0.782,-0.049,0.775,0.489,0.54,-0.351,0.948,-0.327,-0.123,-0.491,0.845,0.593,0.303,-0.464,-0.297,-0.323,0.363,-0.529,0.409,0.13,-0.333,0.802,0.39,0.339,0.783,-0.455,0.872,-0.798,0.674,-0.09,0.454,-0.403,-0.251,0.616,-0.122,0.276,0.613,0.288,0.464,0.216,0.746,0.794,0.901,0.694,0.64,-0.561,-0.081,-0.039,0.627,0.522,0.36,0.523,0.278,-0.033,0.558
AMBA,0.639,0.793,-0.151,0.191,0.119,0.772,-0.763,0.831,-0.561,-0.273,-0.679,0.544,0.829,0.0,0.092,0.317,-0.026,0.268,0.768,0.287,0.654,-0.609,0.571,0.813,0.246,0.685,0.464,-0.219,0.669,0.788,-0.478,0.136,0.026,0.79,0.694,0.539,0.85,-0.457,-0.813,-0.476,-0.75,-0.135,-0.049,0.398,-0.104,0.278,-0.587,0.844,0.765,0.708,0.646,0.225,-0.547,0.146,0.669,-0.707,0.677,0.136,0.623,-0.072,0.695,0.59,-0.068,0.583,0.799,-0.292,0.681,0.385,-0.278,0.593,-0.563,-0.333,-0.131,0.206,0.017,-0.022,0.689,0.721,-0.205,-0.432,-0.647,0.55,-0.031,-0.478,-0.369,0.797,0.296,0.84,-0.648,0.578,0.736,0.717,-0.726,-0.077,-0.228,-0.304,-0.561,0.677,0.619,-0.002,0.647,-0.16,0.895,0.512,-0.488,-0.505,0.441,0.345,-0.042,0.521,0.745,0.798,-0.659,-0.21,-0.32,-0.232,0.367,0.455,-0.663,0.084,-0.079,-0.157,0.763,0.167,-0.343,-0.61,0.009,0.486,0.401,0.833,0.732,-0.349,0.37,0.675,-0.21,0.451,0.652,0.636,-0.346,0.612,0.741,-0.393,-0.252,0.754,0.762,0.756,-0.254,0.9,0.558,0.5,-0.414,0.707,-0.545,-0.32,-0.508,0.713,0.382,-0.006,-0.275,-0.436,-0.542,0.094,-0.657,0.618,-0.248,-0.413,0.653,0.089,0.287,0.787,-0.429,0.708,-0.743,0.729,-0.296,0.184,-0.348,-0.17,0.698,-0.32,-0.008,0.783,-0.08,0.195,0.056,0.547,0.502,0.862,0.74,0.685,-0.245,-0.1,-0.284,0.711,0.631,0.283,0.424,0.197,-0.319,0.219
AMCX,-0.083,-0.294,0.359,0.096,0.099,0.046,-0.196,0.1,0.364,-0.051,0.253,0.281,-0.004,0.092,0.0,0.054,0.66,-0.185,0.158,0.15,0.021,0.217,0.196,0.246,0.438,-0.037,0.266,0.38,-0.106,0.154,0.065,0.15,0.277,0.31,0.018,0.284,0.04,0.3,0.155,0.217,0.189,0.317,0.517,0.237,0.227,0.236,0.201,-0.133,-0.164,0.185,-0.295,0.706,0.297,0.72,-0.154,0.022,-0.273,-0.232,-0.33,0.512,0.015,0.103,0.36,-0.329,0.087,0.349,-0.046,0.391,0.532,-0.039,0.452,0.513,0.406,-0.061,-0.087,0.256,-0.101,-0.248,0.506,0.459,-0.04,-0.255,-0.169,0.304,0.579,0.08,-0.37,-0.156,0.099,0.402,-0.126,0.084,0.385,0.314,0.535,0.491,0.094,0.183,0.02,-0.063,-0.074,-0.236,-0.04,0.457,0.285,0.485,0.261,-0.204,0.543,0.21,0.438,-0.023,0.317,0.46,0.223,0.604,-0.617,0.033,0.243,0.243,0.563,0.276,-0.303,0.66,0.355,0.239,0.187,0.069,-0.005,-0.187,-0.196,0.307,0.051,-0.199,0.359,0.336,0.375,-0.144,0.612,0.237,-0.041,0.672,-0.272,-0.076,0.086,-0.107,0.575,-0.069,-0.033,0.132,0.604,0.08,0.037,0.253,0.491,-0.09,-0.352,0.251,-0.286,0.103,0.315,0.47,0.33,-0.022,-0.237,0.389,0.044,0.31,0.099,0.148,0.684,0.234,0.311,0.286,0.508,0.457,0.565,0.493,-0.082,0.102,0.383,-0.195,0.144,0.316,0.096,0.154,0.133,0.015,-0.055,-0.266,0.214,0.731,0.394,-0.074,-0.366,0.1,-0.292,0.297,0.394,0.103
AMKR,0.429,0.215,0.529,0.164,0.658,0.216,-0.098,0.437,-0.004,0.662,0.313,0.52,0.489,0.317,0.054,0.0,0.046,0.768,0.561,0.441,-0.361,0.297,0.459,0.199,0.435,0.253,0.687,0.655,-0.327,0.283,-0.293,0.851,0.774,0.363,-0.288,0.59,0.084,0.551,-0.127,0.477,-0.034,0.701,0.683,0.466,0.129,0.02,0.379,0.119,0.074,0.017,0.366,0.26,0.4,0.081,0.515,-0.062,0.395,0.233,0.392,-0.043,-0.217,-0.248,-0.377,0.253,0.4,0.442,0.228,0.142,0.097,0.56,0.272,0.507,0.675,-0.104,0.339,0.723,-0.311,-0.067,0.336,-0.227,0.045,-0.065,0.382,0.382,0.021,0.224,0.509,0.119,0.381,0.482,-0.239,-0.051,0.06,-0.174,0.554,0.359,0.444,0.635,0.416,0.576,-0.247,0.364,0.052,0.386,0.475,0.296,0.119,0.446,0.506,0.055,0.294,0.318,0.252,0.324,0.431,0.336,0.021,-0.177,0.005,0.641,0.416,0.701,0.128,0.45,0.593,0.35,0.727,-0.066,0.73,0.26,-0.237,0.585,0.675,-0.227,-0.007,0.749,0.563,-0.334,0.307,0.267,0.549,0.148,0.0,0.136,-0.068,0.075,0.528,0.285,0.052,0.293,0.274,0.585,0.48,0.366,0.176,0.437,0.662,0.494,0.191,0.313,0.31,0.742,0.297,-0.378,0.519,0.37,0.742,0.648,0.259,0.303,0.21,0.49,-0.106,0.125,0.48,0.526,0.172,0.186,-0.146,0.554,0.742,0.051,0.691,0.755,0.664,0.56,0.745,0.261,-0.112,-0.171,-0.572,0.285,0.607,-0.13,-0.17,0.306,0.3,0.015,0.531,0.637
AMRX,-0.204,-0.188,0.066,0.277,0.301,0.127,-0.251,0.029,0.23,-0.02,0.298,0.223,0.036,-0.026,0.66,0.046,0.0,-0.238,-0.054,0.027,0.043,0.187,0.289,0.323,0.21,0.155,0.229,0.284,-0.186,0.307,-0.111,0.164,0.349,0.244,-0.084,0.376,-0.035,0.322,0.151,0.162,0.15,0.33,0.496,-0.003,0.589,0.353,0.111,-0.257,-0.219,0.239,-0.06,0.654,0.337,0.498,-0.129,-0.113,-0.011,-0.16,-0.301,0.575,0.138,-0.178,-0.043,-0.431,0.148,0.475,-0.014,0.057,0.626,-0.036,0.38,0.498,0.483,0.313,-0.092,0.156,-0.098,-0.037,0.516,0.263,-0.333,0.011,-0.364,0.437,0.501,0.126,-0.5,-0.06,0.141,0.199,-0.231,-0.292,0.368,0.536,0.54,0.361,0.047,0.104,0.114,-0.249,-0.124,0.276,-0.149,0.285,0.295,0.361,0.118,-0.228,0.401,0.107,0.467,-0.277,0.382,0.664,-0.069,0.44,-0.638,0.214,0.053,0.025,0.529,0.256,-0.451,0.672,0.412,0.287,0.168,0.199,0.002,-0.054,-0.247,0.243,0.297,-0.121,0.154,0.197,-0.024,-0.2,0.388,0.146,0.087,0.64,-0.097,0.125,0.167,0.047,0.563,-0.235,-0.137,0.349,0.478,0.144,0.145,0.339,0.284,-0.055,-0.195,0.406,-0.44,-0.004,0.462,0.393,0.296,0.068,-0.087,0.338,0.079,0.376,-0.129,-0.081,0.5,0.297,0.117,0.411,0.397,0.5,0.426,0.002,0.046,-0.076,0.41,-0.396,0.246,0.417,-0.224,0.034,0.165,0.146,0.035,-0.295,0.155,0.74,0.399,-0.199,-0.415,0.102,-0.401,0.102,0.323,0.31
ANSS,0.342,0.295,0.458,0.118,0.558,0.139,-0.004,0.479,0.03,0.636,0.172,0.462,0.369,0.268,-0.185,0.768,-0.238,0.0,0.51,0.417,-0.303,0.204,0.334,0.055,0.41,0.19,0.568,0.542,-0.24,0.138,-0.24,0.659,0.541,0.224,-0.296,0.474,0.088,0.365,-0.076,0.445,-0.032,0.534,0.427,0.512,-0.196,-0.081,0.29,0.183,0.211,-0.192,0.397,0.13,0.27,-0.248,0.499,-0.036,0.361,0.45,0.52,-0.345,-0.275,-0.231,-0.329,0.439,0.334,0.228,0.308,0.037,-0.178,0.644,0.114,0.323,0.357,-0.103,0.636,0.607,-0.296,-0.053,0.073,-0.173,0.188,-0.092,0.336,0.135,-0.149,0.19,0.655,0.115,0.307,0.404,-0.163,0.028,-0.02,-0.435,0.272,0.3,0.37,0.534,0.397,0.701,-0.223,0.254,0.065,0.238,0.394,0.182,-0.007,0.712,0.416,0.162,0.116,0.379,0.103,0.097,0.508,0.267,0.27,-0.321,-0.089,0.621,0.233,0.602,0.241,0.155,0.362,0.253,0.613,-0.163,0.689,0.254,-0.135,0.484,0.463,-0.172,0.159,0.569,0.491,-0.3,0.079,0.312,0.487,-0.099,0.171,0.005,-0.225,-0.026,0.243,0.314,-0.063,0.056,0.138,0.44,0.447,0.344,-0.027,0.537,0.715,0.31,0.308,0.129,0.255,0.508,0.196,-0.338,0.57,0.305,0.746,0.544,0.411,0.312,0.025,0.253,-0.192,-0.01,0.295,0.386,0.068,0.116,-0.166,0.581,0.509,0.145,0.58,0.511,0.644,0.557,0.575,0.135,-0.032,-0.066,-0.393,-0.029,0.404,-0.041,0.045,0.43,0.45,0.161,0.368,0.442
APPN,0.473,0.595,0.273,0.427,0.459,0.579,-0.59,0.796,-0.147,0.202,-0.373,0.723,0.754,0.768,0.158,0.561,-0.054,0.51,0.0,0.568,0.323,-0.242,0.693,0.607,0.487,0.434,0.7,0.229,0.365,0.668,-0.429,0.426,0.335,0.745,0.337,0.57,0.72,-0.093,-0.549,-0.0,-0.5,0.217,0.259,0.765,-0.26,0.349,-0.227,0.672,0.594,0.478,0.552,0.327,-0.118,0.087,0.761,-0.562,0.518,0.184,0.585,-0.138,0.229,0.247,-0.157,0.645,0.725,-0.18,0.691,0.394,-0.082,0.695,-0.228,-0.018,0.134,0.091,0.287,0.318,0.305,0.339,-0.068,-0.34,-0.335,0.261,0.235,-0.298,-0.128,0.681,0.5,0.571,-0.264,0.714,0.405,0.561,-0.464,-0.255,0.079,0.042,-0.144,0.79,0.562,0.35,0.268,-0.075,0.645,0.639,-0.058,-0.191,0.15,0.623,0.334,0.651,0.616,0.795,-0.425,-0.134,0.109,0.155,0.283,-0.012,-0.336,0.424,0.266,0.29,0.627,0.202,-0.005,-0.275,0.389,0.111,0.667,0.567,0.431,0.083,0.388,0.299,-0.039,0.678,0.747,0.266,0.024,0.572,0.645,-0.199,-0.354,0.379,0.398,0.455,0.032,0.774,0.446,0.428,-0.061,0.686,-0.147,0.042,-0.362,0.633,0.566,0.188,-0.159,-0.225,-0.166,0.397,-0.298,0.214,0.015,-0.044,0.741,0.304,0.615,0.815,-0.188,0.609,-0.55,0.506,0.125,0.393,-0.112,-0.056,0.294,0.042,0.305,0.66,0.283,0.358,0.477,0.719,0.672,0.615,0.464,0.401,-0.414,-0.036,0.084,0.529,0.444,0.228,0.543,0.472,0.085,0.31
APTO,-0.025,0.378,0.365,0.461,0.584,0.381,-0.27,0.494,0.188,0.404,-0.02,0.758,0.549,0.287,0.15,0.441,0.027,0.417,0.568,0.0,0.066,0.094,0.732,0.317,0.724,0.347,0.773,0.344,0.037,0.395,-0.61,0.588,0.58,0.348,-0.042,0.603,0.389,0.221,-0.33,0.376,-0.376,0.536,0.423,0.647,-0.053,0.361,0.138,0.347,0.4,0.163,0.493,0.247,0.212,-0.029,0.7,-0.313,0.374,-0.171,0.379,-0.424,-0.145,-0.294,-0.428,0.554,0.51,0.007,0.566,-0.117,0.062,0.769,0.111,0.307,0.368,-0.155,0.517,0.264,-0.06,0.013,-0.118,-0.233,-0.004,0.124,0.317,-0.09,-0.029,0.525,0.59,0.279,0.093,0.766,-0.03,0.022,-0.118,-0.484,0.321,0.164,0.277,0.718,0.598,0.601,-0.239,0.145,0.255,0.253,0.29,0.03,-0.386,0.667,0.539,0.633,0.41,0.562,-0.099,0.24,0.154,0.426,-0.117,-0.397,0.034,0.685,0.567,0.554,0.155,0.227,0.29,0.11,0.719,-0.389,0.722,0.294,0.056,0.456,0.471,-0.081,-0.192,0.738,0.435,-0.133,0.311,0.556,0.443,0.114,-0.554,0.05,0.152,0.285,0.241,0.307,0.136,0.06,0.14,0.594,0.17,0.37,-0.191,0.5,0.413,0.495,-0.225,-0.088,0.241,0.518,0.07,-0.195,0.458,0.112,0.541,0.542,0.632,0.507,-0.054,0.401,-0.342,0.19,0.397,0.659,-0.117,-0.103,-0.108,0.388,0.517,0.152,0.649,0.418,0.432,0.711,0.711,0.291,0.322,0.206,-0.582,-0.07,0.405,0.291,0.103,0.135,0.614,0.669,0.54,0.359
ARCT,0.186,0.661,-0.612,0.16,-0.304,0.63,-0.664,0.486,-0.531,-0.696,-0.875,0.201,0.466,0.654,0.021,-0.361,0.043,-0.303,0.323,0.066,0.0,-0.778,0.321,0.651,-0.014,0.469,0.001,-0.692,0.94,0.623,-0.352,-0.45,-0.478,0.496,0.895,0.121,0.797,-0.841,-0.692,-0.768,-0.753,-0.602,-0.522,0.099,-0.168,0.369,-0.881,0.767,0.753,0.743,0.454,-0.017,-0.817,-0.037,0.345,-0.664,0.414,-0.068,0.361,-0.134,0.802,0.705,0.083,0.442,0.544,-0.637,0.554,0.164,-0.294,0.236,-0.775,-0.661,-0.586,0.299,-0.131,-0.599,0.922,0.783,-0.496,-0.333,-0.677,0.692,-0.282,-0.76,-0.438,0.672,-0.006,0.745,-0.907,0.241,0.885,0.684,-0.766,0.022,-0.609,-0.519,-0.833,0.254,0.361,-0.364,0.795,-0.332,0.847,0.172,-0.774,-0.73,0.142,0.075,-0.381,0.523,0.51,0.561,-0.839,-0.414,-0.687,-0.392,0.344,0.446,-0.652,-0.352,-0.343,-0.598,0.635,-0.197,-0.736,-0.834,-0.466,0.425,-0.101,0.618,0.915,-0.737,-0.1,0.865,-0.293,-0.048,0.221,0.874,-0.564,0.458,0.32,-0.516,-0.376,0.598,0.803,0.738,-0.618,0.664,0.55,0.247,-0.63,0.301,-0.868,-0.487,-0.68,0.348,-0.103,-0.334,-0.428,-0.736,-0.668,-0.423,-0.84,0.881,-0.555,-0.705,0.088,-0.318,0.194,0.554,-0.596,0.322,-0.69,0.704,-0.648,-0.107,-0.577,-0.404,0.775,-0.707,-0.507,0.715,-0.498,-0.344,-0.446,0.156,0.02,0.631,0.886,0.853,0.056,-0.35,-0.676,0.833,0.766,-0.018,0.306,0.284,-0.637,-0.181
ARWR,-0.491,-0.708,0.592,0.028,0.412,-0.593,0.667,-0.491,0.715,0.645,0.911,-0.115,-0.46,-0.609,0.217,0.297,0.187,0.204,-0.242,0.094,-0.778,0.0,-0.204,-0.575,0.142,-0.447,0.132,0.756,-0.842,-0.517,0.347,0.422,0.562,-0.441,-0.854,-0.082,-0.716,0.858,0.726,0.873,0.715,0.685,0.617,0.013,0.222,-0.142,0.865,-0.755,-0.677,-0.55,-0.461,0.124,0.824,0.176,-0.36,0.717,-0.495,-0.063,-0.496,0.146,-0.767,-0.661,-0.187,-0.446,-0.49,0.62,-0.484,-0.15,0.431,-0.14,0.824,0.755,0.636,-0.237,0.245,0.436,-0.876,-0.786,0.375,0.424,0.651,-0.638,0.205,0.697,0.681,-0.602,0.007,-0.775,0.906,-0.051,-0.876,-0.699,0.85,0.108,0.69,0.733,0.914,-0.19,-0.333,0.47,-0.879,0.366,-0.791,-0.132,0.886,0.887,-0.229,-0.063,0.59,-0.342,-0.287,-0.515,0.872,0.585,0.677,0.628,-0.597,-0.566,0.742,0.371,0.462,0.675,-0.735,0.256,0.798,0.914,0.548,-0.542,0.03,-0.723,-0.856,0.795,0.03,-0.835,0.308,0.129,-0.078,-0.851,0.68,-0.331,-0.423,0.677,0.07,-0.695,-0.733,-0.617,0.691,-0.651,-0.425,-0.263,0.684,-0.308,0.85,0.68,0.709,-0.428,0.058,0.459,0.487,0.662,0.823,0.466,0.892,-0.819,0.549,0.768,-0.166,0.392,-0.044,-0.553,0.696,-0.362,0.704,-0.546,0.744,0.319,0.531,0.321,-0.864,0.746,0.557,-0.762,0.595,0.341,0.306,-0.165,-0.018,-0.667,-0.702,-0.82,-0.019,0.482,0.764,-0.749,-0.791,-0.214,-0.202,-0.0,0.783,0.221
ASND,0.247,0.665,0.17,0.531,0.574,0.733,-0.693,0.782,-0.151,0.193,-0.237,0.892,0.847,0.571,0.196,0.459,0.289,0.334,0.693,0.732,0.321,-0.204,0.0,0.758,0.661,0.674,0.849,0.233,0.251,0.818,-0.759,0.588,0.572,0.74,0.265,0.847,0.669,0.051,-0.611,0.054,-0.619,0.41,0.435,0.566,0.164,0.494,-0.2,0.585,0.595,0.554,0.767,0.425,0.048,0.086,0.815,-0.749,0.722,-0.112,0.524,-0.125,0.292,-0.067,-0.404,0.52,0.852,0.085,0.775,0.094,0.089,0.782,-0.14,0.18,0.384,0.168,0.309,0.29,0.257,0.405,0.069,-0.422,-0.493,0.511,0.189,-0.097,-0.178,0.849,0.382,0.647,-0.2,0.829,0.24,0.162,-0.368,-0.209,0.279,0.035,-0.068,0.888,0.822,0.314,0.127,0.202,0.54,0.524,0.076,-0.171,-0.044,0.583,0.389,0.725,0.737,0.667,-0.261,0.261,-0.1,0.219,-0.029,0.048,-0.331,0.541,0.536,0.385,0.322,0.448,0.176,-0.156,0.583,0.101,0.76,0.645,0.293,0.22,0.747,0.256,-0.278,0.801,0.443,0.15,0.113,0.722,0.794,0.022,-0.478,0.512,0.55,0.598,0.237,0.541,0.321,0.446,0.0,0.888,-0.072,0.222,-0.357,0.721,0.546,0.512,-0.598,-0.259,0.07,0.579,-0.216,0.199,0.274,-0.051,0.748,0.595,0.497,0.725,-0.191,0.803,-0.623,0.585,0.243,0.723,-0.197,-0.239,0.355,0.049,0.527,0.318,0.55,0.588,0.295,0.818,0.861,0.715,0.559,0.403,-0.56,0.077,0.27,0.463,0.276,0.339,0.484,0.555,0.306,0.612
ASTH,0.455,0.788,-0.214,0.332,0.191,0.917,-0.904,0.797,-0.511,-0.295,-0.557,0.605,0.844,0.813,0.246,0.199,0.323,0.055,0.607,0.317,0.651,-0.575,0.758,0.0,0.344,0.808,0.555,-0.156,0.584,0.944,-0.547,0.209,0.174,0.874,0.681,0.725,0.816,-0.341,-0.785,-0.442,-0.75,-0.032,0.118,0.268,0.25,0.447,-0.605,0.734,0.731,0.845,0.72,0.458,-0.39,0.204,0.628,-0.864,0.775,-0.011,0.529,0.132,0.763,0.421,-0.134,0.389,0.912,-0.052,0.754,0.287,-0.087,0.548,-0.481,-0.133,0.054,0.324,-0.02,-0.027,0.67,0.777,0.021,-0.396,-0.824,0.715,-0.141,-0.282,-0.281,0.902,0.058,0.872,-0.609,0.666,0.617,0.449,-0.611,0.103,-0.047,-0.257,-0.566,0.701,0.772,-0.161,0.612,-0.013,0.784,0.566,-0.374,-0.432,0.397,0.244,0.063,0.587,0.865,0.647,-0.512,0.104,-0.394,-0.11,0.124,0.565,-0.727,0.095,0.141,-0.103,0.511,0.46,-0.212,-0.528,0.082,0.611,0.407,0.829,0.62,-0.269,0.57,0.643,-0.176,0.502,0.401,0.558,-0.256,0.723,0.815,-0.182,-0.279,0.851,0.866,0.823,-0.058,0.724,0.511,0.63,-0.296,0.817,-0.493,-0.107,-0.49,0.679,0.32,0.19,-0.639,-0.532,-0.339,0.257,-0.583,0.693,-0.186,-0.312,0.598,0.302,0.188,0.754,-0.332,0.867,-0.721,0.868,-0.207,0.429,-0.272,-0.276,0.791,-0.379,0.162,0.536,0.056,0.397,-0.042,0.605,0.602,0.926,0.716,0.631,-0.286,0.114,-0.144,0.619,0.478,0.342,0.277,0.244,-0.198,0.456
ATSG,0.006,0.248,0.513,0.348,0.444,0.36,-0.316,0.535,0.31,0.397,0.114,0.761,0.441,0.246,0.438,0.435,0.21,0.41,0.487,0.724,-0.014,0.142,0.661,0.344,0.0,0.316,0.79,0.53,-0.061,0.368,-0.492,0.629,0.636,0.369,-0.068,0.711,0.285,0.332,-0.164,0.449,-0.188,0.638,0.587,0.691,-0.053,0.312,0.231,0.274,0.318,0.092,0.36,0.495,0.359,0.034,0.509,-0.239,0.259,-0.093,0.377,-0.258,-0.173,-0.155,-0.077,0.385,0.492,0.197,0.446,0.132,0.1,0.627,0.246,0.479,0.498,-0.181,0.601,0.437,-0.155,-0.106,0.145,0.049,0.08,0.067,0.319,0.059,0.061,0.461,0.447,0.168,0.117,0.823,-0.113,0.085,0.082,-0.416,0.481,0.393,0.304,0.69,0.612,0.564,-0.195,-0.025,0.183,0.352,0.449,0.261,-0.202,0.592,0.665,0.6,0.444,0.482,0.095,0.332,0.377,0.649,-0.221,-0.394,0.077,0.838,0.706,0.624,0.041,0.499,0.447,0.197,0.731,-0.3,0.655,0.205,-0.085,0.572,0.484,-0.156,0.09,0.816,0.515,-0.224,0.473,0.722,0.425,0.243,-0.357,-0.009,0.046,0.08,0.473,0.256,0.023,-0.033,0.4,0.575,0.172,0.51,0.056,0.497,0.268,0.506,-0.251,-0.046,0.403,0.686,0.199,-0.202,0.448,0.282,0.553,0.749,0.689,0.553,0.179,0.444,-0.166,0.277,0.518,0.816,0.139,0.219,-0.104,0.5,0.664,0.048,0.657,0.572,0.565,0.73,0.737,0.216,0.199,0.072,-0.372,0.181,0.527,0.232,-0.064,0.417,0.479,0.72,0.622,0.481
AVTX,0.376,0.767,-0.208,0.302,0.235,0.838,-0.687,0.669,-0.517,-0.193,-0.421,0.517,0.802,0.685,-0.037,0.253,0.155,0.19,0.434,0.347,0.469,-0.447,0.674,0.808,0.316,0.0,0.537,-0.141,0.43,0.786,-0.581,0.301,0.254,0.657,0.502,0.69,0.641,-0.235,-0.718,-0.34,-0.702,0.077,0.096,0.117,0.325,0.344,-0.46,0.615,0.658,0.655,0.814,0.245,-0.318,0.025,0.626,-0.709,0.835,-0.028,0.569,-0.043,0.644,0.234,-0.305,0.375,0.795,0.051,0.668,0.165,-0.177,0.603,-0.436,-0.103,0.105,0.247,0.06,-0.042,0.515,0.75,-0.058,-0.442,-0.662,0.721,-0.091,-0.191,-0.36,0.76,0.208,0.79,-0.436,0.552,0.459,0.231,-0.533,0.033,-0.047,-0.267,-0.381,0.631,0.801,-0.062,0.425,0.173,0.647,0.32,-0.285,-0.397,0.267,0.299,0.032,0.417,0.732,0.566,-0.388,0.197,-0.376,-0.175,0.127,0.46,-0.663,0.135,0.069,-0.051,0.392,0.39,-0.142,-0.372,0.2,0.463,0.434,0.808,0.486,-0.163,0.674,0.528,-0.286,0.447,0.238,0.411,-0.329,0.626,0.798,-0.215,-0.159,0.779,0.732,0.819,-0.087,0.595,0.366,0.521,-0.346,0.782,-0.313,-0.028,-0.471,0.681,0.475,0.36,-0.474,-0.368,-0.254,0.22,-0.487,0.521,0.1,-0.295,0.564,0.372,0.082,0.564,-0.421,0.765,-0.7,0.694,-0.222,0.425,-0.332,-0.358,0.66,-0.203,0.201,0.383,0.191,0.42,-0.059,0.556,0.6,0.846,0.607,0.58,-0.471,-0.014,-0.075,0.481,0.392,0.306,0.39,0.12,-0.11,0.527
BCPC,0.207,0.463,0.471,0.498,0.738,0.544,-0.465,0.673,0.092,0.486,0.055,0.839,0.717,0.464,0.266,0.687,0.229,0.568,0.7,0.773,0.001,0.132,0.849,0.555,0.79,0.537,0.0,0.559,-0.051,0.615,-0.593,0.812,0.795,0.611,-0.055,0.872,0.443,0.369,-0.38,0.406,-0.357,0.706,0.67,0.67,0.129,0.432,0.145,0.377,0.426,0.302,0.622,0.524,0.321,0.113,0.764,-0.433,0.543,0.02,0.482,-0.161,-0.01,-0.235,-0.437,0.491,0.729,0.263,0.67,0.078,0.114,0.83,0.147,0.46,0.599,-0.004,0.526,0.509,-0.08,0.118,0.155,-0.231,-0.215,0.214,0.294,0.107,0.03,0.624,0.521,0.397,0.123,0.877,-0.054,0.013,-0.107,-0.274,0.527,0.296,0.26,0.884,0.721,0.608,-0.148,0.298,0.303,0.51,0.388,0.174,-0.079,0.668,0.67,0.597,0.629,0.599,0.024,0.406,0.276,0.478,-0.094,-0.184,-0.119,0.767,0.687,0.671,0.167,0.565,0.488,0.166,0.825,-0.095,0.891,0.443,0.003,0.546,0.75,-0.044,-0.027,0.915,0.577,-0.172,0.341,0.699,0.707,0.173,-0.351,0.256,0.232,0.357,0.475,0.434,0.21,0.343,0.261,0.817,0.253,0.489,-0.144,0.652,0.632,0.65,-0.25,-0.067,0.333,0.779,0.093,-0.117,0.486,0.273,0.784,0.792,0.587,0.591,0.059,0.681,-0.402,0.38,0.486,0.835,0.06,0.012,0.039,0.435,0.753,0.135,0.762,0.764,0.554,0.871,0.926,0.482,0.264,0.119,-0.617,0.218,0.568,0.219,0.047,0.341,0.514,0.529,0.59,0.667
BEAM,-0.087,-0.364,0.818,0.205,0.657,-0.216,0.202,0.023,0.603,0.807,0.752,0.343,-0.038,-0.219,0.38,0.655,0.284,0.542,0.229,0.344,-0.692,0.756,0.233,-0.156,0.53,-0.141,0.559,0.0,-0.747,-0.112,0.065,0.759,0.822,0.012,-0.708,0.392,-0.352,0.891,0.462,0.879,0.51,0.892,0.878,0.424,0.193,0.002,0.771,-0.42,-0.397,-0.357,-0.125,0.525,0.869,0.238,0.066,0.305,-0.15,0.161,-0.103,0.183,-0.629,-0.57,-0.163,-0.17,-0.016,0.675,-0.083,0.101,0.466,0.255,0.794,0.864,0.823,-0.136,0.422,0.797,-0.77,-0.609,0.619,0.338,0.409,-0.498,0.246,0.688,0.543,-0.175,0.151,-0.433,0.779,0.36,-0.72,-0.418,0.642,-0.06,0.868,0.741,0.793,0.302,0.075,0.581,-0.675,0.33,-0.491,0.359,0.899,0.806,-0.063,0.311,0.844,0.009,0.083,-0.121,0.723,0.593,0.798,0.765,-0.415,-0.47,0.488,0.713,0.736,0.903,-0.434,0.583,0.884,0.793,0.807,-0.347,0.516,-0.327,-0.721,0.932,0.4,-0.718,0.386,0.572,0.309,-0.792,0.744,0.072,0.071,0.65,0.072,-0.391,-0.525,-0.434,0.853,-0.233,-0.332,0.022,0.799,0.156,0.83,0.748,0.542,0.024,0.374,0.62,0.209,0.525,0.803,0.837,0.797,-0.697,0.565,0.855,0.353,0.732,0.261,-0.045,0.693,0.108,0.404,-0.238,0.867,0.64,0.662,0.409,-0.603,0.763,0.862,-0.474,0.791,0.713,0.682,0.355,0.464,-0.269,-0.538,-0.678,-0.235,0.575,0.899,-0.538,-0.62,0.224,-0.023,0.187,0.865,0.48
BILI,0.309,0.699,-0.619,0.106,-0.375,0.611,-0.624,0.495,-0.621,-0.669,-0.938,0.155,0.481,0.669,-0.106,-0.327,-0.186,-0.24,0.365,0.037,0.94,-0.842,0.251,0.584,-0.061,0.43,-0.051,-0.747,0.0,0.572,-0.322,-0.471,-0.556,0.487,0.948,0.044,0.818,-0.911,-0.749,-0.813,-0.793,-0.688,-0.629,0.129,-0.32,0.296,-0.904,0.84,0.807,0.718,0.453,-0.188,-0.881,-0.141,0.384,-0.654,0.426,-0.055,0.43,-0.236,0.763,0.771,0.133,0.535,0.52,-0.731,0.553,0.203,-0.469,0.206,-0.865,-0.778,-0.683,0.209,-0.159,-0.584,0.961,0.795,-0.564,-0.445,-0.598,0.685,-0.16,-0.841,-0.571,0.642,0.104,0.768,-0.939,0.205,0.969,0.796,-0.858,-0.08,-0.739,-0.593,-0.85,0.252,0.331,-0.332,0.854,-0.441,0.893,0.132,-0.853,-0.813,0.144,0.096,-0.482,0.468,0.389,0.641,-0.926,-0.584,-0.663,-0.509,0.503,0.406,-0.673,-0.363,-0.472,-0.663,0.779,-0.329,-0.829,-0.93,-0.516,0.392,-0.1,0.641,0.983,-0.797,-0.15,0.892,-0.313,-0.084,0.241,0.944,-0.638,0.4,0.332,-0.67,-0.358,0.587,0.774,0.704,-0.744,0.72,0.602,0.199,-0.744,0.294,-0.912,-0.588,-0.713,0.379,-0.072,-0.45,-0.338,-0.708,-0.8,-0.504,-0.921,0.856,-0.563,-0.797,0.096,-0.409,0.233,0.6,-0.694,0.281,-0.707,0.644,-0.726,-0.249,-0.649,-0.359,0.779,-0.683,-0.594,0.842,-0.562,-0.433,-0.343,0.165,-0.006,0.623,0.841,0.933,-0.034,-0.489,-0.779,0.885,0.856,-0.025,0.387,0.223,-0.713,-0.232
BJRI,0.426,0.805,-0.161,0.482,0.33,0.901,-0.856,0.81,-0.458,-0.157,-0.536,0.657,0.877,0.788,0.154,0.283,0.307,0.138,0.668,0.395,0.623,-0.517,0.818,0.944,0.368,0.786,0.615,-0.112,0.572,0.0,-0.606,0.274,0.234,0.884,0.624,0.735,0.847,-0.307,-0.776,-0.368,-0.762,0.024,0.124,0.376,0.199,0.566,-0.569,0.75,0.741,0.838,0.787,0.378,-0.338,0.126,0.726,-0.861,0.805,0.023,0.575,0.059,0.671,0.322,-0.237,0.498,0.927,-0.108,0.804,0.193,-0.069,0.619,-0.462,-0.145,0.073,0.325,0.039,0.032,0.631,0.74,-0.047,-0.494,-0.8,0.722,-0.044,-0.277,-0.279,0.899,0.192,0.864,-0.544,0.669,0.586,0.413,-0.622,0.089,-0.034,-0.174,-0.495,0.752,0.772,-0.041,0.542,0.096,0.773,0.541,-0.32,-0.428,0.269,0.345,0.099,0.627,0.838,0.691,-0.515,0.077,-0.381,-0.098,0.153,0.454,-0.671,0.148,0.169,-0.007,0.534,0.376,-0.17,-0.484,0.161,0.507,0.489,0.813,0.617,-0.206,0.604,0.606,-0.257,0.538,0.406,0.525,-0.231,0.713,0.816,-0.193,-0.345,0.818,0.827,0.839,-0.063,0.734,0.563,0.693,-0.295,0.837,-0.426,-0.043,-0.529,0.674,0.444,0.251,-0.585,-0.481,-0.266,0.258,-0.559,0.609,-0.108,-0.301,0.643,0.3,0.289,0.761,-0.373,0.837,-0.773,0.844,-0.145,0.466,-0.323,-0.352,0.715,-0.332,0.188,0.555,0.143,0.388,0.008,0.655,0.657,0.911,0.718,0.639,-0.385,0.053,-0.102,0.636,0.518,0.26,0.379,0.321,-0.142,0.471
BLUE,-0.239,-0.663,0.131,-0.261,-0.383,-0.559,0.549,-0.588,0.332,-0.075,0.339,-0.764,-0.743,-0.478,0.065,-0.293,-0.111,-0.24,-0.429,-0.61,-0.352,0.347,-0.759,-0.547,-0.492,-0.581,-0.593,0.065,-0.322,-0.606,0.0,-0.359,-0.322,-0.497,-0.258,-0.681,-0.568,0.154,0.671,0.098,0.713,-0.205,-0.141,-0.374,-0.001,-0.252,0.225,-0.581,-0.564,-0.36,-0.709,-0.037,0.143,0.214,-0.698,0.66,-0.677,0.175,-0.477,0.44,-0.288,0.101,0.494,-0.55,-0.653,0.143,-0.57,0.132,0.18,-0.662,0.285,0.075,-0.135,-0.093,-0.237,-0.104,-0.292,-0.418,0.231,0.595,0.425,-0.544,-0.222,0.281,0.467,-0.711,-0.449,-0.611,0.28,-0.565,-0.288,-0.127,0.462,0.395,0.014,0.158,0.099,-0.693,-0.667,-0.276,-0.132,-0.201,-0.53,-0.174,0.102,0.374,0.239,-0.463,-0.024,-0.536,-0.513,-0.573,0.35,-0.037,0.387,0.038,-0.11,0.016,0.331,-0.37,-0.271,-0.177,-0.368,-0.127,0.011,0.279,-0.395,0.058,-0.606,-0.658,-0.342,-0.031,-0.581,-0.361,0.502,-0.576,-0.228,-0.217,0.122,-0.534,-0.683,0.201,0.535,-0.443,-0.499,-0.486,0.013,-0.398,-0.104,-0.142,0.237,-0.737,0.192,0.084,0.4,-0.725,-0.329,-0.342,0.542,0.237,0.098,-0.263,0.339,-0.131,-0.294,0.342,-0.627,-0.359,-0.376,-0.505,0.423,-0.569,0.707,-0.418,-0.033,-0.48,0.439,0.331,-0.337,0.023,-0.25,-0.33,-0.412,-0.283,-0.049,-0.552,-0.663,-0.616,-0.655,-0.488,0.52,0.159,-0.009,-0.508,-0.351,-0.314,-0.512,-0.418,-0.14,-0.408
