,AAL,AAON,ACB,ACGL,ACGLO,ACIW,ADBE,ADSK,AEP,AGIO,ALEC,ALNY,ALTR,AMBA,AMCX,AMKR,AMRX,ANSS,APPN,APTO,ARCT,ARWR,ASND,ASTH,ATSG,AVTX,BCPC,BEAM,BILI,BJRI,BLUE,BPOP,BRKL,BWIN,BZUN,CARG,CBRL,CBSH,CBUS,CENTA,CERS,CFFN,CHCO,CHEF,CHRD,CINF,CLLS,CMCO,CMCSA,COLL,COMM,COOP,CPB,CRON,CROX,CRUS,CRWD,CTAS,CYBR,CYTK,DGII,DIOD,DOMO,DPZ,DSGR,DXCM,ERIE,ESTA,EXEL,FAST,FCEL,FCFS,FHB,FITBI,FSV,FTDR,FUTU,GLDD,GLPG,GLPI,GOGO,GOSS,GSAT,GYRE,HALO,HAS,HLIT,HLNE,HSDT,HSIC,HTHT,ICHR,IDYA,IMVT,INDB,INSM,IONS,IOSP,ITRI,JBHT,JBLU,JSM,KLIC,KOD,KURA,LAB,LASR,LIN,LKQ,LNT,MBUU,MCRI,MDGL,MEDP,MGNI,MGPI,MGRC,MKTX,MRNA,MRTN,MSEX,MSFT,MU,NAVI,NBTB,NEO,NEOG,NGNE,NSSC,NTAP,NTES,NTLA,NTRS,NYMTN,OBLG,OCFC,ON,ONC,OPI,OSIS,OSW,PALI,PANW,PCAR,PCRX,PCTY,PEBO,PLAB,PLAY,PLMR,PLSE,PLUS,PRTA,PSEC,PSNL,PTCT,PTON,QNST,QRVO,QTTB,RARE,RBCAA,RGNX,SAIC,SGMO,SINT,SNPS,SPSC,SPTN,SSYS,STNE,TBBK,TCPC,TENB,TGTX,TREE,TRUP,TTWO,TW,TXG,UBSI,UCTT,UFPT,UMBF,UPBD,URBN,VBTX,VCTR,VEON,VNET,VRSK,VSEC,WABC,WTFCM,WVE,WW,WWD,XEL,ZD,ZYME
AAL,0.0,0.762,-0.863,0.4,-0.752,0.625,0.695,0.748,-0.39,0.708,-0.44,-0.571,-0.012,0.313,0.783,-0.218,0.213,0.639,0.23,-0.416,-0.265,-0.128,-0.131,-0.727,0.412,-0.524,0.627,0.434,-0.743,0.102,-0.759,0.803,0.802,0.061,-0.801,0.758,0.1,0.834,0.252,0.685,0.456,0.612,0.756,0.584,0.618,0.892,0.435,0.766,0.14,-0.657,-0.751,0.683,-0.723,-0.562,-0.441,-0.523,0.855,0.67,0.824,-0.003,0.677,-0.493,0.675,0.49,0.275,0.655,-0.235,-0.604,0.34,0.686,-0.746,0.149,0.762,-0.216,-0.057,0.571,-0.687,0.612,-0.244,-0.298,0.465,-0.69,0.374,-0.426,-0.388,-0.777,0.356,0.781,-0.137,0.106,-0.671,0.483,-0.327,-0.515,0.789,0.401,-0.618,0.705,0.313,0.227,0.434,-0.228,0.288,0.837,-0.442,-0.497,-0.587,-0.471,0.615,0.602,-0.395,0.853,0.202,0.192,0.837,-0.118,0.542,-0.725,-0.82,0.492,0.393,0.153,-0.306,0.49,0.785,0.624,0.293,-0.602,0.062,0.471,0.51,-0.153,0.866,-0.563,-0.247,0.77,-0.517,-0.72,-0.58,0.821,0.72,-0.505,0.762,0.689,0.073,0.43,0.828,0.378,-0.247,0.889,0.226,-0.476,-0.442,-0.677,-0.647,0.233,0.419,0.162,-0.431,-0.724,-0.678,0.802,0.463,-0.548,0.181,0.048,0.441,0.664,-0.738,0.816,-0.652,0.763,0.892,0.595,0.797,-0.351,0.031,0.8,0.465,-0.719,0.81,0.242,0.255,0.748,0.573,0.699,0.765,0.698,0.327,0.398,0.595,0.75,0.767,0.479,0.213,-0.715,0.612,0.689,0.799,0.349
AAON,0.762,0.0,-0.821,0.26,-0.565,0.793,0.736,0.852,-0.505,0.936,-0.144,-0.439,-0.199,0.432,0.699,-0.227,0.471,0.759,0.423,-0.315,0.024,0.12,-0.062,-0.794,0.579,-0.457,0.732,0.692,-0.538,-0.096,-0.715,0.789,0.868,0.087,-0.853,0.928,-0.309,0.9,0.615,0.776,0.644,0.711,0.851,0.655,0.658,0.871,0.494,0.852,0.188,-0.715,-0.89,0.906,-0.754,-0.46,-0.485,-0.58,0.872,0.897,0.745,0.303,0.806,-0.387,0.799,0.722,0.323,0.523,-0.363,-0.511,0.498,0.812,-0.903,0.234,0.811,-0.161,-0.072,0.737,-0.519,0.758,-0.181,-0.427,0.602,-0.594,0.628,-0.19,-0.095,-0.744,0.364,0.918,0.011,-0.105,-0.656,0.671,-0.058,-0.365,0.885,0.387,-0.497,0.779,0.541,0.48,0.441,-0.052,0.363,0.843,-0.298,-0.272,-0.692,-0.48,0.759,0.522,-0.391,0.885,0.43,0.459,0.871,-0.136,0.635,-0.764,-0.828,0.706,0.601,0.107,-0.166,0.433,0.863,0.797,0.519,-0.389,0.028,0.535,0.226,0.192,0.842,-0.662,-0.02,0.831,-0.529,-0.634,-0.665,0.86,0.799,-0.587,0.897,0.815,0.094,0.635,0.884,0.553,-0.132,0.851,0.421,-0.378,-0.325,-0.896,-0.567,0.488,0.586,0.349,-0.451,-0.603,-0.599,0.867,0.697,-0.319,0.472,-0.072,0.572,0.82,-0.871,0.78,-0.449,0.866,0.835,0.538,0.85,-0.337,-0.099,0.858,0.397,-0.615,0.885,0.308,0.484,0.825,0.712,0.869,0.854,0.811,0.558,0.388,0.725,0.889,0.857,0.595,0.506,-0.739,0.809,0.739,0.968,0.611
ACB,-0.863,-0.821,0.0,-0.071,0.844,-0.741,-0.708,-0.801,0.412,-0.781,0.485,0.789,0.234,-0.164,-0.822,0.464,-0.156,-0.707,-0.376,0.432,0.394,0.186,0.307,0.868,-0.651,0.645,-0.685,-0.507,0.762,0.233,0.93,-0.816,-0.845,0.217,0.936,-0.849,0.138,-0.931,-0.305,-0.757,-0.323,-0.589,-0.798,-0.57,-0.649,-0.89,-0.4,-0.849,-0.227,0.877,0.919,-0.758,0.918,0.665,0.697,0.79,-0.917,-0.738,-0.827,-0.009,-0.617,0.696,-0.672,-0.694,-0.056,-0.646,0.521,0.707,-0.585,-0.777,0.813,-0.076,-0.824,0.079,0.269,-0.668,0.672,-0.644,0.487,0.442,-0.519,0.845,-0.616,0.494,0.355,0.936,-0.209,-0.809,0.132,-0.148,0.802,-0.575,0.45,0.674,-0.847,-0.257,0.798,-0.727,-0.507,-0.282,-0.287,0.468,-0.214,-0.948,0.465,0.458,0.715,0.766,-0.609,-0.579,0.422,-0.869,-0.48,-0.129,-0.905,0.426,-0.516,0.911,0.941,-0.577,-0.485,0.16,0.446,-0.208,-0.8,-0.737,-0.371,0.606,0.232,-0.417,-0.529,0.217,-0.899,0.681,0.314,-0.811,0.723,0.904,0.84,-0.898,-0.748,0.76,-0.838,-0.7,0.082,-0.587,-0.886,-0.314,0.355,-0.93,-0.116,0.667,0.631,0.816,0.788,-0.157,-0.608,-0.315,0.683,0.823,0.883,-0.803,-0.511,0.65,-0.216,-0.008,-0.482,-0.65,0.884,-0.856,0.777,-0.821,-0.917,-0.384,-0.851,0.561,0.202,-0.938,-0.354,0.804,-0.846,-0.208,-0.278,-0.822,-0.772,-0.734,-0.763,-0.709,-0.477,-0.396,-0.745,-0.792,-0.803,-0.651,-0.076,0.824,-0.683,-0.892,-0.883,-0.449
ACGL,0.4,0.26,-0.071,0.0,-0.046,0.115,0.124,0.169,0.043,0.173,-0.108,0.187,0.243,0.522,0.124,0.386,0.022,0.184,-0.215,-0.254,0.164,-0.026,0.216,-0.035,-0.352,-0.051,0.083,-0.077,-0.18,0.656,-0.007,0.199,0.148,0.663,-0.004,0.173,0.441,0.117,-0.093,0.072,0.413,0.242,0.158,0.228,0.247,0.354,0.221,0.134,-0.267,0.129,-0.076,0.165,0.076,0.007,0.395,0.396,0.206,0.194,0.356,-0.052,0.337,0.272,0.308,-0.066,0.66,0.287,0.601,-0.09,-0.462,0.026,-0.148,-0.045,0.121,-0.496,0.385,0.008,-0.225,0.181,0.459,0.134,0.06,0.009,-0.344,-0.148,-0.324,-0.125,0.461,0.217,-0.212,0.084,0.181,0.038,0.045,0.014,0.183,0.453,0.034,0.133,-0.295,-0.114,0.43,0.529,0.191,0.104,-0.198,-0.359,-0.004,0.458,0.199,0.379,-0.185,0.242,-0.488,0.199,0.153,0.661,0.134,0.022,-0.061,0.014,-0.032,0.727,0.27,0.749,0.207,-0.038,-0.069,-0.245,0.629,0.495,0.18,0.123,0.253,-0.152,-0.09,0.151,0.183,0.116,0.348,0.178,0.145,0.363,0.119,0.213,0.364,-0.208,0.173,0.289,-0.048,0.277,0.491,0.207,0.084,0.019,-0.161,0.228,-0.202,-0.219,0.495,-0.117,0.087,0.266,0.139,-0.082,0.07,0.235,0.075,0.313,-0.092,0.127,0.029,0.133,0.359,0.695,0.162,0.248,0.226,0.085,0.531,-0.229,0.205,0.264,0.022,0.08,-0.2,0.174,0.265,0.231,-0.179,0.252,-0.183,0.164,0.189,-0.263,0.299,-0.163,0.158,-0.112,0.162,-0.097
ACGLO,-0.752,-0.565,0.844,-0.046,0.0,-0.417,-0.513,-0.584,0.153,-0.458,0.786,0.884,0.143,0.037,-0.795,0.561,0.083,-0.458,-0.03,0.595,0.673,0.528,0.342,0.821,-0.487,0.715,-0.443,-0.128,0.885,0.34,0.898,-0.596,-0.577,0.241,0.796,-0.603,0.091,-0.729,0.102,-0.549,0.0,-0.235,-0.501,-0.404,-0.377,-0.728,-0.508,-0.615,0.088,0.852,0.74,-0.458,0.835,0.433,0.54,0.617,-0.798,-0.416,-0.818,0.397,-0.31,0.786,-0.404,-0.39,0.24,-0.778,0.484,0.753,-0.287,-0.454,0.53,0.232,-0.576,0.339,0.13,-0.381,0.761,-0.337,0.554,0.156,-0.35,0.926,-0.355,0.716,0.643,0.859,-0.152,-0.573,0.461,-0.445,0.673,-0.274,0.736,0.882,-0.565,-0.152,0.906,-0.422,-0.155,0.125,-0.19,0.661,0.026,-0.833,0.61,0.717,0.645,0.737,-0.314,-0.746,0.642,-0.639,-0.245,0.212,-0.818,0.457,-0.206,0.799,0.874,-0.193,-0.139,0.238,0.653,-0.014,-0.516,-0.443,0.034,0.839,0.382,-0.328,-0.801,0.545,-0.763,0.536,0.553,-0.516,0.757,0.841,0.718,-0.737,-0.452,0.529,-0.567,-0.409,0.219,-0.246,-0.649,0.026,0.607,-0.826,0.289,0.814,0.831,0.57,0.836,0.185,-0.357,-0.082,0.506,0.933,0.911,-0.53,-0.118,0.852,0.189,-0.23,-0.179,-0.36,0.74,-0.806,0.911,-0.551,-0.785,-0.152,-0.723,0.65,0.043,-0.798,-0.46,0.883,-0.577,0.022,0.06,-0.525,-0.518,-0.473,-0.459,-0.464,-0.105,-0.517,-0.49,-0.492,-0.508,-0.398,0.237,0.548,-0.328,-0.828,-0.652,-0.08
ACIW,0.625,0.793,-0.741,0.115,-0.417,0.0,0.762,0.914,-0.497,0.919,0.05,-0.343,-0.223,0.569,0.611,-0.041,0.286,0.947,0.801,-0.23,0.095,0.327,0.054,-0.508,0.755,-0.428,0.861,0.784,-0.259,-0.104,-0.681,0.887,0.875,-0.154,-0.762,0.87,-0.153,0.864,0.61,0.88,0.594,0.866,0.921,0.796,0.875,0.811,0.123,0.906,0.485,-0.53,-0.788,0.937,-0.641,-0.551,-0.58,-0.718,0.814,0.948,0.668,0.468,0.872,-0.178,0.922,0.901,0.363,0.157,-0.432,-0.227,0.74,0.939,-0.782,0.459,0.914,0.082,-0.036,0.93,-0.239,0.866,-0.276,-0.459,0.755,-0.444,0.812,-0.069,0.203,-0.654,0.274,0.856,0.288,-0.163,-0.557,0.916,0.075,-0.163,0.924,0.503,-0.361,0.896,0.822,0.665,0.251,-0.09,0.651,0.795,-0.214,0.065,-0.393,-0.386,0.767,0.136,-0.025,0.897,0.734,0.657,0.687,-0.341,0.83,-0.766,-0.633,0.885,0.809,0.091,0.173,0.451,0.911,0.926,0.737,-0.073,0.039,0.583,0.051,0.301,0.814,-0.669,0.098,0.909,-0.334,-0.552,-0.704,0.861,0.918,-0.689,0.884,0.892,0.362,0.872,0.896,0.806,0.046,0.714,0.495,-0.17,-0.147,-0.699,-0.472,0.661,0.687,0.593,-0.55,-0.411,-0.48,0.892,0.762,-0.122,0.716,-0.083,0.869,0.925,-0.668,0.64,-0.292,0.865,0.778,0.6,0.766,-0.386,-0.447,0.843,0.315,-0.35,0.898,0.661,0.762,0.919,0.885,0.754,0.893,0.807,0.641,0.386,0.807,0.91,0.908,0.572,0.462,-0.614,0.974,0.636,0.82,0.779
ADBE,0.695,0.736,-0.708,0.124,-0.513,0.762,0.0,0.808,-0.748,0.815,0.009,-0.341,-0.184,0.258,0.658,-0.147,0.576,0.741,0.588,-0.101,0.087,0.357,0.086,-0.61,0.615,-0.188,0.691,0.73,-0.446,0.118,-0.587,0.816,0.899,-0.131,-0.782,0.846,-0.139,0.837,0.596,0.716,0.684,0.744,0.842,0.535,0.61,0.73,0.462,0.85,0.357,-0.592,-0.724,0.761,-0.642,-0.197,-0.494,-0.612,0.774,0.779,0.57,0.415,0.766,-0.398,0.763,0.605,0.288,0.386,-0.489,-0.475,0.552,0.801,-0.831,0.471,0.801,0.017,-0.168,0.707,-0.398,0.637,-0.054,-0.611,0.637,-0.426,0.634,-0.052,0.127,-0.652,0.319,0.733,0.335,-0.352,-0.657,0.688,0.112,-0.203,0.838,0.335,-0.336,0.816,0.596,0.518,0.529,-0.076,0.46,0.73,-0.07,-0.116,-0.511,-0.395,0.783,0.25,-0.275,0.819,0.454,0.55,0.815,-0.161,0.719,-0.721,-0.668,0.739,0.525,0.208,-0.141,0.504,0.848,0.85,0.404,-0.248,-0.053,0.254,0.08,0.267,0.729,-0.582,0.252,0.837,-0.421,-0.633,-0.601,0.737,0.82,-0.627,0.866,0.875,-0.046,0.743,0.845,0.585,0.201,0.646,0.315,-0.379,-0.122,-0.769,-0.307,0.534,0.473,0.338,-0.497,-0.412,-0.5,0.824,0.685,-0.166,0.483,-0.37,0.648,0.794,-0.669,0.833,-0.325,0.803,0.69,0.576,0.799,-0.182,-0.162,0.737,0.063,-0.394,0.85,0.25,0.556,0.822,0.734,0.845,0.834,0.546,0.7,0.126,0.754,0.885,0.83,0.664,0.486,-0.511,0.764,0.592,0.813,0.76
ADSK,0.748,0.852,-0.801,0.169,-0.584,0.914,0.808,0.0,-0.441,0.911,-0.143,-0.438,-0.161,0.584,0.748,-0.123,0.317,0.935,0.676,-0.458,-0.016,0.159,0.04,-0.645,0.738,-0.572,0.878,0.729,-0.466,-0.15,-0.76,0.925,0.901,-0.077,-0.87,0.891,-0.215,0.917,0.538,0.935,0.587,0.783,0.917,0.864,0.851,0.905,0.317,0.918,0.375,-0.638,-0.814,0.919,-0.681,-0.496,-0.55,-0.705,0.93,0.936,0.813,0.272,0.872,-0.259,0.95,0.83,0.259,0.307,-0.421,-0.313,0.674,0.91,-0.79,0.328,0.925,-0.104,0.111,0.905,-0.483,0.825,-0.349,-0.314,0.771,-0.614,0.748,-0.212,0.049,-0.709,0.316,0.941,0.094,-0.005,-0.699,0.861,-0.059,-0.304,0.926,0.592,-0.499,0.874,0.716,0.559,0.253,-0.181,0.629,0.896,-0.42,-0.113,-0.498,-0.447,0.767,0.399,-0.177,0.94,0.661,0.593,0.835,-0.37,0.816,-0.826,-0.759,0.774,0.699,0.043,0.005,0.433,0.916,0.911,0.599,-0.303,0.004,0.66,0.222,0.149,0.893,-0.661,-0.031,0.899,-0.408,-0.636,-0.756,0.956,0.922,-0.678,0.899,0.888,0.31,0.798,0.924,0.702,-0.119,0.833,0.344,-0.32,-0.273,-0.74,-0.56,0.614,0.73,0.58,-0.556,-0.597,-0.565,0.893,0.615,-0.262,0.51,0.091,0.823,0.935,-0.727,0.781,-0.44,0.905,0.826,0.591,0.91,-0.429,-0.261,0.909,0.446,-0.486,0.912,0.571,0.653,0.915,0.863,0.776,0.896,0.885,0.49,0.538,0.851,0.91,0.898,0.554,0.43,-0.563,0.908,0.76,0.901,0.647
AEP,-0.39,-0.505,0.412,0.043,0.153,-0.497,-0.748,-0.441,0.0,-0.622,-0.374,0.01,0.072,-0.118,-0.207,0.083,-0.767,-0.461,-0.471,-0.368,-0.361,-0.557,-0.01,0.349,-0.356,-0.16,-0.34,-0.713,0.073,-0.206,0.207,-0.475,-0.647,-0.031,0.425,-0.58,0.204,-0.524,-0.711,-0.332,-0.67,-0.594,-0.586,-0.158,-0.285,-0.335,-0.293,-0.492,-0.393,0.292,0.455,-0.533,0.45,0.031,0.413,0.344,-0.395,-0.538,-0.108,-0.644,-0.57,0.246,-0.448,-0.33,-0.397,-0.13,0.335,0.313,-0.434,-0.587,0.697,-0.51,-0.488,-0.202,0.427,-0.382,-0.02,-0.484,-0.213,0.752,-0.223,0.022,-0.436,-0.362,-0.358,0.392,-0.069,-0.448,-0.561,0.581,0.35,-0.383,-0.38,-0.096,-0.563,-0.064,-0.031,-0.571,-0.437,-0.564,-0.376,-0.113,-0.295,-0.329,-0.373,-0.161,0.294,0.198,-0.526,0.11,0.132,-0.468,-0.278,-0.522,-0.484,-0.069,-0.517,0.31,0.333,-0.641,-0.363,-0.302,0.043,-0.411,-0.589,-0.604,-0.412,-0.059,-0.009,0.034,0.294,-0.467,-0.329,0.378,-0.41,-0.595,0.115,0.341,0.31,-0.333,-0.565,0.479,-0.627,-0.591,0.222,-0.572,-0.541,-0.481,-0.512,-0.265,-0.346,0.106,-0.228,0.617,-0.051,-0.5,-0.206,-0.147,0.371,-0.011,0.21,-0.56,-0.675,-0.178,-0.578,0.661,-0.467,-0.513,0.469,-0.475,-0.047,-0.562,-0.336,-0.394,-0.433,-0.142,0.122,-0.392,0.326,0.083,-0.582,0.006,-0.442,-0.563,-0.453,-0.641,-0.597,-0.244,-0.733,0.276,-0.488,-0.679,-0.582,-0.554,-0.553,0.446,-0.523,-0.199,-0.521,-0.776
AGIO,0.708,0.936,-0.781,0.173,-0.458,0.919,0.815,0.911,-0.622,0.0,0.052,-0.326,-0.215,0.504,0.631,-0.111,0.524,0.882,0.66,-0.178,0.175,0.344,0.026,-0.656,0.682,-0.372,0.82,0.848,-0.353,-0.063,-0.673,0.863,0.919,-0.008,-0.814,0.942,-0.289,0.909,0.735,0.84,0.728,0.85,0.937,0.724,0.767,0.84,0.351,0.9,0.381,-0.607,-0.856,0.973,-0.709,-0.488,-0.544,-0.657,0.849,0.977,0.677,0.513,0.904,-0.268,0.898,0.818,0.42,0.308,-0.408,-0.362,0.652,0.925,-0.912,0.442,0.887,-0.018,-0.106,0.861,-0.338,0.873,-0.17,-0.521,0.709,-0.466,0.755,-0.015,0.144,-0.694,0.34,0.928,0.25,-0.233,-0.62,0.821,0.116,-0.19,0.944,0.488,-0.358,0.895,0.728,0.666,0.384,-0.004,0.537,0.816,-0.151,-0.038,-0.561,-0.419,0.814,0.291,-0.213,0.919,0.594,0.656,0.805,-0.186,0.795,-0.748,-0.737,0.874,0.749,0.161,0.034,0.496,0.935,0.919,0.699,-0.178,0.053,0.547,0.044,0.35,0.827,-0.684,0.119,0.916,-0.419,-0.575,-0.68,0.862,0.91,-0.662,0.953,0.913,0.215,0.813,0.924,0.747,0.06,0.779,0.531,-0.229,-0.149,-0.859,-0.452,0.654,0.636,0.503,-0.518,-0.448,-0.498,0.925,0.813,-0.134,0.68,-0.188,0.761,0.922,-0.793,0.726,-0.316,0.907,0.804,0.606,0.827,-0.287,-0.263,0.857,0.31,-0.439,0.938,0.475,0.694,0.916,0.826,0.858,0.929,0.828,0.684,0.339,0.801,0.971,0.929,0.641,0.603,-0.717,0.942,0.666,0.936,0.801
ALEC,-0.44,-0.144,0.485,-0.108,0.786,0.05,0.009,-0.143,-0.374,0.052,0.0,0.789,-0.034,0.224,-0.537,0.476,0.519,-0.01,0.409,0.691,0.862,0.882,0.43,0.556,-0.101,0.668,-0.034,0.423,0.797,0.345,0.629,-0.14,-0.056,0.179,0.41,-0.122,-0.084,-0.274,0.598,-0.139,0.441,0.263,0.012,-0.085,-0.008,-0.361,-0.329,-0.144,0.423,0.601,0.359,0.036,0.485,0.269,0.205,0.257,-0.424,0.062,-0.594,0.822,0.172,0.634,0.022,0.011,0.467,-0.715,0.188,0.595,0.125,0.056,0.058,0.585,-0.107,0.402,-0.075,0.055,0.724,0.124,0.522,-0.27,-0.005,0.801,0.099,0.9,0.891,0.546,-0.056,-0.123,0.803,-0.734,0.357,0.153,0.947,0.908,-0.067,0.035,0.848,0.09,0.299,0.577,0.016,0.636,0.331,-0.48,0.72,0.854,0.432,0.53,0.148,-0.773,0.608,-0.198,0.122,0.625,-0.43,0.328,0.273,0.456,0.561,0.331,0.269,0.308,0.68,0.241,-0.01,0.09,0.421,0.87,0.381,-0.189,-0.907,0.845,-0.391,0.184,0.801,-0.005,0.601,0.559,0.357,-0.36,0.021,0.135,-0.063,0.1,0.266,0.266,-0.167,0.468,0.854,-0.541,0.522,0.754,0.9,0.122,0.771,0.574,-0.07,0.178,0.194,0.836,0.716,-0.044,0.379,0.912,0.634,-0.534,0.251,0.106,0.388,-0.441,0.863,-0.061,-0.451,0.107,-0.336,0.597,-0.083,-0.409,-0.52,0.792,-0.08,0.183,0.495,-0.023,-0.053,-0.006,0.052,-0.115,0.384,-0.493,-0.07,0.038,-0.0,0.014,0.612,0.27,0.16,-0.544,-0.212,0.474
ALNY,-0.571,-0.439,0.789,0.187,0.884,-0.343,-0.341,-0.438,0.01,-0.326,0.789,0.0,0.179,0.23,-0.691,0.673,0.248,-0.314,-0.041,0.507,0.783,0.605,0.474,0.77,-0.544,0.702,-0.365,-0.048,0.826,0.487,0.859,-0.459,-0.464,0.479,0.749,-0.489,0.09,-0.634,0.144,-0.473,0.192,-0.115,-0.382,-0.235,-0.289,-0.585,-0.354,-0.528,0.066,0.871,0.682,-0.352,0.82,0.496,0.643,0.708,-0.665,-0.291,-0.646,0.444,-0.124,0.852,-0.241,-0.389,0.448,-0.686,0.611,0.732,-0.388,-0.38,0.435,0.266,-0.483,0.116,0.288,-0.328,0.671,-0.202,0.645,0.148,-0.296,0.908,-0.404,0.722,0.623,0.785,0.023,-0.427,0.439,-0.458,0.692,-0.224,0.796,0.908,-0.453,0.109,0.956,-0.302,-0.207,0.129,-0.033,0.757,0.13,-0.76,0.551,0.635,0.631,0.879,-0.237,-0.617,0.511,-0.516,-0.33,0.399,-0.68,0.61,-0.075,0.774,0.807,-0.136,-0.129,0.497,0.726,0.242,-0.386,-0.366,0.004,0.74,0.581,-0.118,-0.766,0.628,-0.652,0.475,0.594,-0.41,0.812,0.887,0.767,-0.618,-0.354,0.606,-0.442,-0.275,0.324,-0.229,-0.535,0.189,0.622,-0.719,0.373,0.851,0.903,0.516,0.801,0.38,-0.383,-0.108,0.636,0.879,0.953,-0.381,-0.036,0.864,0.258,-0.178,-0.064,-0.181,0.662,-0.668,0.903,-0.447,-0.646,0.083,-0.573,0.733,0.17,-0.7,-0.286,0.808,-0.45,0.092,0.127,-0.443,-0.513,-0.4,-0.308,-0.358,-0.134,-0.359,-0.485,-0.358,-0.395,-0.413,0.466,0.538,-0.22,-0.813,-0.543,-0.03
ALTR,-0.012,-0.199,0.234,0.243,0.143,-0.223,-0.184,-0.161,0.072,-0.215,-0.034,0.179,0.0,0.205,-0.145,0.158,-0.12,-0.11,-0.218,-0.047,-0.023,-0.142,-0.125,0.172,-0.296,-0.026,-0.243,-0.276,0.045,0.237,0.21,-0.202,-0.217,0.216,0.205,-0.234,0.154,-0.234,-0.219,-0.194,-0.098,-0.211,-0.232,-0.102,-0.141,-0.164,-0.116,-0.336,-0.26,0.228,0.264,-0.204,0.179,0.084,0.049,0.255,-0.102,-0.205,-0.128,-0.223,-0.143,0.184,-0.047,-0.339,0.057,-0.04,0.33,0.111,-0.224,-0.217,0.202,-0.129,-0.196,-0.187,0.355,-0.235,0.019,-0.213,0.201,0.407,-0.225,0.115,-0.337,0.001,-0.134,0.207,-0.274,-0.154,-0.097,0.089,0.127,-0.203,-0.028,0.04,-0.247,0.011,0.12,-0.249,-0.373,-0.18,-0.278,0.198,0.048,-0.172,-0.063,-0.083,0.241,0.312,-0.247,-0.026,-0.034,-0.152,-0.352,-0.133,-0.179,0.232,-0.094,0.314,0.203,-0.279,-0.323,0.378,0.082,0.138,-0.181,-0.271,-0.149,-0.054,0.236,0.012,0.02,-0.206,-0.165,0.168,-0.181,-0.23,0.412,0.2,0.356,-0.168,-0.098,0.318,-0.254,-0.244,0.056,-0.325,-0.219,-0.1,-0.03,-0.098,-0.089,0.157,0.191,0.249,0.097,0.02,-0.245,-0.12,0.111,0.078,0.17,-0.199,-0.272,0.054,-0.13,0.16,0.001,-0.141,0.195,-0.196,0.084,-0.218,-0.175,0.142,-0.14,0.163,0.116,-0.196,0.11,0.059,-0.226,0.02,-0.173,-0.24,-0.357,-0.189,-0.226,-0.096,-0.382,-0.01,-0.124,-0.186,-0.241,-0.368,-0.06,0.153,-0.245,-0.335,-0.211,-0.24
AMBA,0.313,0.432,-0.164,0.522,0.037,0.569,0.258,0.584,-0.118,0.504,0.224,0.23,0.205,0.0,0.158,0.407,0.135,0.665,0.462,-0.341,0.361,0.263,0.282,0.023,0.165,-0.312,0.503,0.401,0.096,0.19,-0.141,0.488,0.385,0.447,-0.2,0.367,0.07,0.339,0.328,0.513,0.508,0.569,0.489,0.729,0.682,0.482,-0.13,0.379,0.271,0.095,-0.215,0.558,-0.008,-0.24,-0.01,-0.01,0.413,0.591,0.428,0.289,0.67,0.5,0.722,0.467,0.6,-0.184,0.286,0.3,0.206,0.488,-0.272,0.21,0.475,-0.236,0.545,0.534,-0.002,0.634,0.066,0.121,0.388,-0.02,0.254,0.128,0.233,-0.121,0.213,0.575,0.119,0.029,-0.004,0.576,0.267,0.227,0.474,0.724,0.093,0.471,0.351,0.425,-0.022,0.344,0.706,0.299,-0.272,0.192,0.15,0.306,0.382,0.058,0.242,0.482,0.274,0.671,0.195,0.108,0.636,-0.162,-0.077,0.458,0.487,0.437,0.62,0.613,0.502,0.422,0.505,0.1,0.566,0.782,-0.092,0.353,0.399,-0.309,0.05,0.465,0.351,0.086,-0.085,0.481,0.532,-0.054,0.357,0.483,0.747,0.385,0.42,0.767,0.054,0.329,0.558,0.38,0.266,-0.106,-0.159,0.721,0.379,0.399,0.074,-0.056,0.106,0.507,0.366,0.195,0.558,0.366,0.72,0.692,-0.152,0.101,0.169,0.447,0.375,0.689,0.379,-0.012,-0.142,0.352,0.528,0.011,0.454,0.762,0.574,0.448,0.318,0.271,0.526,0.662,0.039,0.477,0.291,0.464,0.476,-0.071,0.529,-0.117,0.599,0.098,0.354,0.306
AMCX,0.783,0.699,-0.822,0.124,-0.795,0.611,0.658,0.748,-0.207,0.631,-0.537,-0.691,-0.145,0.158,0.0,-0.413,0.044,0.627,0.251,-0.569,-0.432,-0.238,-0.273,-0.776,0.581,-0.614,0.582,0.308,-0.785,-0.184,-0.838,0.714,0.695,-0.211,-0.856,0.74,-0.072,0.783,0.131,0.679,0.21,0.401,0.633,0.58,0.564,0.785,0.394,0.745,0.063,-0.794,-0.781,0.61,-0.732,-0.485,-0.536,-0.671,0.842,0.606,0.795,-0.161,0.491,-0.619,0.63,0.564,-0.098,0.626,-0.498,-0.635,0.427,0.612,-0.627,-0.002,0.682,-0.116,0.039,0.597,-0.747,0.449,-0.45,-0.204,0.527,-0.833,0.494,-0.607,-0.379,-0.746,0.211,0.675,-0.235,0.144,-0.732,0.509,-0.451,-0.648,0.68,0.298,-0.721,0.579,0.355,0.098,0.35,-0.385,0.193,0.858,-0.623,-0.53,-0.677,-0.59,0.577,0.59,-0.465,0.773,0.359,0.097,0.839,-0.382,0.42,-0.826,-0.851,0.375,0.322,-0.097,-0.425,0.144,0.649,0.62,0.144,-0.593,-0.239,0.4,0.581,-0.307,0.783,-0.561,-0.231,0.63,-0.673,-0.756,-0.705,0.818,0.623,-0.564,0.712,0.599,-0.019,0.449,0.738,0.225,-0.422,0.832,-0.054,-0.689,-0.605,-0.684,-0.746,0.178,0.533,0.223,-0.54,-0.83,-0.738,0.645,0.355,-0.653,0.081,0.124,0.444,0.573,-0.758,0.85,-0.786,0.63,0.804,0.347,0.851,-0.586,-0.12,0.826,0.417,-0.763,0.682,0.176,0.187,0.644,0.616,0.656,0.585,0.615,0.297,0.537,0.689,0.637,0.629,0.509,0.064,-0.558,0.567,0.801,0.784,0.276
AMKR,-0.218,-0.227,0.464,0.386,0.561,-0.041,-0.147,-0.123,0.083,-0.111,0.476,0.673,0.158,0.407,-0.413,0.0,0.058,-0.004,0.067,0.207,0.562,0.465,0.576,0.567,-0.286,0.474,-0.03,0.019,0.517,0.383,0.468,-0.118,-0.216,0.454,0.448,-0.225,0.243,-0.326,0.092,-0.135,0.236,0.116,-0.098,0.059,0.068,-0.202,-0.271,-0.178,0.035,0.632,0.36,-0.094,0.567,0.256,0.707,0.516,-0.325,-0.034,-0.21,0.334,0.125,0.748,0.042,-0.098,0.477,-0.446,0.479,0.575,-0.31,-0.125,0.251,0.28,-0.174,-0.029,0.38,-0.048,0.408,0.086,0.494,0.076,0.015,0.574,-0.197,0.437,0.386,0.449,0.564,-0.154,0.223,-0.22,0.551,0.041,0.557,0.628,-0.155,0.337,0.591,-0.028,-0.06,0.134,0.219,0.563,0.286,-0.39,0.28,0.382,0.422,0.729,0.038,-0.35,0.366,-0.18,-0.175,0.427,-0.402,0.463,0.116,0.402,0.499,0.06,0.114,0.501,0.725,0.419,-0.113,-0.154,0.117,0.504,0.533,0.172,-0.458,0.561,-0.279,0.333,0.398,-0.128,0.553,0.604,0.506,-0.248,-0.088,0.461,-0.182,-0.002,0.482,-0.078,-0.22,0.361,0.39,-0.346,0.424,0.697,0.565,0.393,0.39,0.38,-0.256,-0.041,0.575,0.552,0.634,-0.088,0.099,0.536,0.253,0.022,0.066,0.102,0.437,-0.402,0.612,-0.207,-0.217,0.32,-0.326,0.39,-0.032,-0.346,0.062,0.489,-0.16,0.454,0.261,-0.174,-0.24,-0.235,-0.029,-0.076,-0.089,-0.059,-0.33,-0.137,-0.111,-0.288,0.339,0.307,0.039,-0.504,-0.294,0.02
AMRX,0.213,0.471,-0.156,0.022,0.083,0.286,0.576,0.317,-0.767,0.524,0.519,0.248,-0.12,0.135,0.044,0.058,0.0,0.277,0.315,0.326,0.564,0.635,0.19,-0.207,0.125,0.303,0.226,0.652,0.057,0.276,0.057,0.297,0.485,0.228,-0.247,0.421,-0.292,0.338,0.77,0.225,0.731,0.447,0.429,0.114,0.143,0.203,0.37,0.332,0.311,-0.069,-0.248,0.422,-0.149,0.176,-0.087,-0.088,0.216,0.437,-0.02,0.656,0.501,-0.004,0.349,0.166,0.424,0.033,-0.106,-0.079,0.246,0.406,-0.554,0.447,0.29,0.061,-0.214,0.27,0.058,0.352,0.365,-0.533,0.183,0.164,0.266,0.506,0.451,-0.085,0.192,0.396,0.524,-0.647,-0.271,0.277,0.579,0.319,0.4,0.123,0.255,0.424,0.322,0.551,0.403,0.353,0.259,0.137,0.386,0.26,-0.204,0.006,0.498,-0.035,-0.045,0.32,0.11,0.576,0.377,0.254,0.451,-0.105,-0.17,0.49,0.254,0.289,0.035,0.388,0.44,0.46,0.326,0.141,0.225,-0.063,-0.413,0.604,0.158,-0.182,0.551,0.414,0.002,-0.091,-0.111,0.181,0.401,-0.273,0.455,0.486,-0.138,0.427,0.357,0.417,0.54,0.12,0.424,0.092,0.4,-0.495,0.285,0.541,0.201,0.151,-0.147,0.17,0.082,0.407,0.564,0.381,0.454,-0.563,0.304,0.427,-0.291,0.312,0.272,0.438,0.116,0.325,0.328,0.405,0.197,0.183,-0.302,0.107,0.422,-0.066,0.395,0.393,0.261,0.567,0.483,0.225,0.591,-0.26,0.355,0.524,0.425,0.444,0.731,-0.188,0.395,0.096,0.441,0.626
ANSS,0.639,0.759,-0.707,0.184,-0.458,0.947,0.741,0.935,-0.461,0.882,-0.01,-0.314,-0.11,0.665,0.627,-0.004,0.277,0.0,0.746,-0.351,0.066,0.244,0.042,-0.472,0.7,-0.513,0.83,0.71,-0.274,-0.099,-0.687,0.875,0.83,-0.066,-0.732,0.838,-0.153,0.83,0.531,0.87,0.569,0.8,0.876,0.845,0.88,0.81,0.137,0.852,0.427,-0.49,-0.749,0.9,-0.613,-0.509,-0.53,-0.648,0.837,0.92,0.724,0.358,0.854,-0.128,0.946,0.829,0.363,0.155,-0.345,-0.177,0.668,0.897,-0.73,0.347,0.875,-0.06,0.113,0.892,-0.255,0.837,-0.297,-0.334,0.722,-0.478,0.729,-0.117,0.14,-0.633,0.268,0.86,0.191,-0.055,-0.517,0.878,0.02,-0.188,0.881,0.599,-0.373,0.84,0.734,0.585,0.172,-0.093,0.667,0.789,-0.329,0.017,-0.338,-0.311,0.691,0.22,-0.063,0.88,0.673,0.651,0.696,-0.314,0.824,-0.732,-0.613,0.797,0.716,0.14,0.187,0.466,0.87,0.868,0.652,-0.154,0.074,0.675,0.122,0.227,0.801,-0.631,0.008,0.865,-0.268,-0.517,-0.669,0.88,0.896,-0.624,0.841,0.845,0.413,0.799,0.86,0.798,-0.035,0.722,0.423,-0.167,-0.154,-0.616,-0.513,0.681,0.677,0.589,-0.495,-0.449,-0.461,0.848,0.674,-0.148,0.64,0.056,0.907,0.925,-0.642,0.632,-0.315,0.824,0.772,0.642,0.786,-0.367,-0.408,0.855,0.41,-0.374,0.858,0.691,0.712,0.873,0.818,0.68,0.851,0.835,0.495,0.528,0.774,0.869,0.856,0.476,0.449,-0.524,0.927,0.614,0.792,0.696
APPN,0.23,0.423,-0.376,-0.215,-0.03,0.801,0.588,0.676,-0.471,0.66,0.409,-0.041,-0.218,0.462,0.251,0.067,0.315,0.746,0.0,0.054,0.299,0.576,0.176,-0.083,0.7,-0.156,0.746,0.786,0.177,-0.111,-0.305,0.692,0.658,-0.327,-0.449,0.555,-0.149,0.561,0.687,0.723,0.483,0.772,0.738,0.635,0.707,0.455,-0.199,0.653,0.765,-0.169,-0.382,0.692,-0.29,-0.374,-0.544,-0.633,0.441,0.727,0.242,0.633,0.682,0.112,0.701,0.753,0.279,-0.343,-0.416,0.2,0.845,0.811,-0.488,0.662,0.727,0.405,-0.082,0.828,0.137,0.708,-0.273,-0.433,0.667,-0.058,0.799,0.298,0.638,-0.259,0.0,0.586,0.637,-0.362,-0.398,0.86,0.385,0.25,0.687,0.357,0.011,0.765,0.924,0.846,-0.028,-0.047,0.763,0.441,0.071,0.559,-0.001,-0.222,0.575,-0.331,0.419,0.596,0.851,0.763,0.301,-0.449,0.816,-0.467,-0.213,0.851,0.796,-0.08,0.412,0.268,0.705,0.811,0.801,0.343,0.021,0.326,-0.341,0.48,0.474,-0.392,0.352,0.725,0.015,-0.285,-0.547,0.549,0.766,-0.649,0.633,0.736,0.422,0.929,0.629,0.784,0.404,0.274,0.423,0.136,0.231,-0.399,-0.002,0.711,0.664,0.72,-0.552,0.031,-0.134,0.644,0.589,0.31,0.786,-0.238,0.863,0.742,-0.222,0.299,0.097,0.681,0.336,0.366,0.472,-0.173,-0.489,0.479,-0.089,0.157,0.642,0.662,0.866,0.759,0.816,0.475,0.693,0.581,0.651,0.107,0.712,0.696,0.704,0.482,0.429,-0.238,0.805,0.349,0.477,0.79
APTO,-0.416,-0.315,0.432,-0.254,0.595,-0.23,-0.101,-0.458,-0.368,-0.178,0.691,0.507,-0.047,-0.341,-0.569,0.207,0.326,-0.351,0.054,0.0,0.561,0.636,0.175,0.446,-0.157,0.782,-0.285,0.188,0.616,0.287,0.544,-0.327,-0.208,-0.09,0.461,-0.251,0.014,-0.361,0.338,-0.401,0.159,0.031,-0.184,-0.511,-0.353,-0.514,-0.159,-0.297,0.131,0.449,0.35,-0.214,0.301,0.259,0.109,0.216,-0.554,-0.225,-0.703,0.62,-0.159,0.215,-0.374,-0.247,0.211,-0.422,-0.004,0.245,-0.069,-0.168,0.114,0.496,-0.283,0.438,-0.532,-0.259,0.694,-0.16,0.492,-0.428,-0.181,0.712,-0.06,0.754,0.539,0.404,-0.138,-0.395,0.609,-0.642,0.383,-0.174,0.637,0.597,-0.248,-0.367,0.654,-0.101,0.033,0.295,0.119,0.375,-0.127,-0.534,0.914,0.545,0.284,0.295,-0.059,-0.735,0.275,-0.371,-0.118,0.126,-0.471,0.337,-0.095,0.466,0.468,0.13,0.038,0.226,0.289,0.03,-0.205,-0.156,0.193,0.666,-0.006,-0.602,-0.679,0.558,-0.458,0.26,0.589,-0.183,0.317,0.412,0.39,-0.57,-0.23,0.2,-0.166,-0.119,-0.185,-0.001,-0.288,0.048,0.779,-0.561,0.245,0.477,0.602,0.122,0.694,0.036,-0.47,-0.186,0.176,0.747,0.478,-0.217,0.226,0.618,0.34,-0.796,-0.199,-0.266,0.347,-0.401,0.576,-0.251,-0.472,-0.197,-0.544,0.462,-0.131,-0.505,-0.671,0.592,-0.235,-0.218,0.137,-0.205,-0.227,-0.139,-0.17,-0.44,0.379,-0.748,-0.297,-0.14,-0.175,0.02,0.225,0.113,-0.163,-0.593,-0.357,0.325
ARCT,-0.265,0.024,0.394,0.164,0.673,0.095,0.087,-0.016,-0.361,0.175,0.862,0.783,-0.023,0.361,-0.432,0.562,0.564,0.066,0.299,0.561,0.0,0.838,0.499,0.422,-0.164,0.582,0.011,0.456,0.664,0.405,0.536,-0.067,-0.007,0.388,0.338,-0.003,-0.1,-0.178,0.581,-0.092,0.558,0.303,0.08,0.029,0.021,-0.206,-0.064,-0.076,0.236,0.541,0.251,0.138,0.45,0.275,0.342,0.341,-0.258,0.188,-0.367,0.792,0.297,0.645,0.151,0.018,0.604,-0.545,0.313,0.469,-0.043,0.069,-0.043,0.549,-0.058,0.105,0.039,0.053,0.54,0.229,0.609,-0.188,0.095,0.699,0.007,0.8,0.74,0.422,0.193,0.009,0.597,-0.57,0.367,0.162,0.896,0.792,0.008,0.318,0.775,0.131,0.194,0.501,0.163,0.681,0.322,-0.364,0.637,0.63,0.314,0.567,0.192,-0.502,0.384,-0.092,0.004,0.693,-0.267,0.461,0.291,0.411,0.436,0.345,0.258,0.504,0.687,0.395,0.074,0.126,0.414,0.684,0.5,0.031,-0.808,0.879,-0.245,0.069,0.652,0.038,0.556,0.575,0.395,-0.242,0.077,0.213,0.048,0.178,0.33,0.19,-0.082,0.524,0.712,-0.349,0.646,0.715,0.831,0.043,0.646,0.633,-0.116,0.089,0.353,0.699,0.687,0.054,0.403,0.819,0.619,-0.391,0.237,0.237,0.251,-0.29,0.754,0.02,-0.271,0.273,-0.192,0.584,0.043,-0.28,-0.189,0.634,0.01,0.245,0.469,0.012,-0.081,0.089,0.149,0.032,0.278,-0.327,-0.094,0.13,0.06,-0.042,0.762,0.135,0.23,-0.486,-0.069,0.422
ARWR,-0.128,0.12,0.186,-0.026,0.528,0.327,0.357,0.159,-0.557,0.344,0.882,0.605,-0.142,0.263,-0.238,0.465,0.635,0.244,0.576,0.636,0.838,0.0,0.49,0.315,0.172,0.601,0.261,0.664,0.575,0.362,0.345,0.192,0.257,0.064,0.104,0.175,-0.054,0.048,0.741,0.161,0.636,0.538,0.331,0.144,0.249,-0.053,-0.127,0.204,0.475,0.359,0.063,0.31,0.238,0.12,0.058,0.005,-0.117,0.351,-0.309,0.941,0.455,0.468,0.297,0.271,0.531,-0.52,-0.029,0.399,0.276,0.336,-0.201,0.799,0.21,0.374,-0.15,0.331,0.521,0.367,0.47,-0.508,0.334,0.59,0.34,0.792,0.856,0.249,0.168,0.14,0.832,-0.775,0.122,0.426,0.925,0.762,0.248,0.241,0.67,0.425,0.505,0.733,0.294,0.541,0.49,-0.161,0.673,0.72,0.221,0.363,0.453,-0.64,0.434,0.133,0.285,0.789,-0.124,0.24,0.535,0.127,0.265,0.615,0.5,0.389,0.636,0.422,0.308,0.399,0.583,0.746,0.3,-0.059,-0.772,0.91,-0.061,-0.043,0.823,0.301,0.376,0.314,0.129,-0.064,0.314,-0.052,0.274,0.447,0.286,0.518,0.165,0.671,0.866,-0.226,0.628,0.585,0.769,-0.145,0.581,0.712,0.04,0.27,0.063,0.622,0.494,0.277,0.619,0.761,0.758,-0.631,0.429,0.398,0.138,-0.094,0.639,0.225,-0.132,0.297,-0.042,0.416,-0.23,-0.109,-0.389,0.581,0.239,0.326,0.698,0.28,0.231,0.27,0.368,0.1,0.62,-0.403,0.17,0.354,0.313,0.255,0.73,0.031,0.443,-0.301,0.095,0.712
ASND,-0.131,-0.062,0.307,0.216,0.342,0.054,0.086,0.04,-0.01,0.026,0.43,0.474,-0.125,0.282,-0.273,0.576,0.19,0.042,0.176,0.175,0.499,0.49,0.0,0.374,0.004,0.425,0.195,0.249,0.355,0.218,0.314,0.058,0.007,0.249,0.19,-0.055,0.134,-0.117,0.245,0.094,0.335,0.281,0.086,0.194,0.084,-0.032,-0.023,0.06,0.049,0.4,0.228,0.041,0.383,0.312,0.457,0.302,-0.146,0.082,-0.11,0.366,0.274,0.542,0.113,0.034,0.256,-0.341,0.149,0.432,-0.143,0.02,0.112,0.434,0.034,-0.016,0.28,0.099,0.298,0.167,0.426,-0.053,0.236,0.425,0.057,0.406,0.462,0.288,0.429,0.005,0.293,-0.238,0.316,0.161,0.547,0.523,0.033,0.267,0.443,0.169,0.12,0.238,0.318,0.35,0.359,-0.174,0.297,0.331,0.287,0.477,0.232,-0.256,0.235,-0.021,0.047,0.46,-0.181,0.201,0.274,0.154,0.303,0.215,0.311,0.297,0.54,0.383,0.069,0.122,0.148,0.432,0.261,0.109,-0.386,0.598,-0.056,0.061,0.512,0.065,0.302,0.394,0.26,-0.12,0.043,0.298,-0.022,0.211,0.414,0.139,-0.019,0.381,0.448,-0.23,0.289,0.49,0.439,0.192,0.415,0.356,-0.176,0.018,0.438,0.401,0.47,0.075,0.163,0.46,0.258,-0.077,0.081,0.229,0.319,-0.116,0.509,0.02,-0.138,0.134,-0.147,0.195,0.033,-0.219,0.015,0.439,0.035,0.276,0.406,0.006,-0.017,0.003,0.162,0.01,0.062,-0.082,-0.172,0.037,0.088,-0.112,0.373,0.333,0.122,-0.279,-0.111,0.173
ASTH,-0.727,-0.794,0.868,-0.035,0.821,-0.508,-0.61,-0.645,0.349,-0.656,0.556,0.77,0.172,0.023,-0.776,0.567,-0.207,-0.472,-0.083,0.446,0.422,0.315,0.374,0.0,-0.506,0.58,-0.454,-0.338,0.839,0.309,0.827,-0.558,-0.674,0.134,0.88,-0.756,0.367,-0.797,-0.224,-0.546,-0.247,-0.301,-0.571,-0.34,-0.339,-0.723,-0.634,-0.669,0.068,0.956,0.884,-0.607,0.882,0.38,0.555,0.625,-0.826,-0.575,-0.725,0.135,-0.422,0.805,-0.487,-0.484,0.126,-0.802,0.52,0.848,-0.369,-0.537,0.771,0.133,-0.582,0.185,0.18,-0.446,0.779,-0.396,0.369,0.302,-0.36,0.848,-0.447,0.551,0.476,0.826,-0.204,-0.668,0.305,-0.154,0.766,-0.332,0.497,0.769,-0.638,-0.076,0.801,-0.47,-0.247,-0.045,-0.343,0.406,0.047,-0.84,0.466,0.63,0.891,0.766,-0.49,-0.747,0.689,-0.691,-0.262,0.048,-0.904,0.29,-0.239,0.785,0.945,-0.328,-0.214,0.158,0.675,-0.051,-0.586,-0.555,-0.098,0.73,0.339,-0.275,-0.553,0.296,-0.729,0.55,0.319,-0.57,0.814,0.836,0.726,-0.746,-0.534,0.6,-0.709,-0.502,0.376,-0.345,-0.696,-0.038,0.47,-0.84,0.071,0.805,0.705,0.873,0.755,0.0,-0.466,-0.122,0.565,0.857,0.857,-0.594,-0.373,0.694,0.011,-0.008,-0.221,-0.452,0.931,-0.845,0.783,-0.627,-0.764,-0.211,-0.799,0.501,-0.02,-0.825,-0.333,0.86,-0.657,0.108,-0.02,-0.583,-0.549,-0.721,-0.541,-0.501,-0.345,-0.365,-0.635,-0.634,-0.579,-0.587,-0.066,0.74,-0.459,-0.849,-0.839,-0.296
ATSG,0.412,0.579,-0.651,-0.352,-0.487,0.755,0.615,0.738,-0.356,0.682,-0.101,-0.544,-0.296,0.165,0.581,-0.286,0.125,0.7,0.7,-0.157,-0.164,0.172,0.004,-0.506,0.0,-0.4,0.801,0.666,-0.304,-0.493,-0.694,0.72,0.703,-0.563,-0.758,0.679,-0.282,0.74,0.505,0.821,0.259,0.609,0.735,0.598,0.642,0.604,0.117,0.778,0.359,-0.637,-0.686,0.734,-0.664,-0.471,-0.711,-0.864,0.669,0.703,0.509,0.273,0.585,-0.371,0.628,0.819,-0.179,0.147,-0.826,-0.216,0.809,0.78,-0.568,0.434,0.786,0.236,-0.176,0.825,-0.22,0.627,-0.497,-0.423,0.75,-0.537,0.933,-0.122,0.184,-0.584,0.07,0.667,0.215,-0.046,-0.633,0.776,-0.07,-0.301,0.727,0.223,-0.482,0.746,0.802,0.562,0.089,-0.423,0.463,0.738,-0.165,0.064,-0.4,-0.615,0.641,0.047,-0.111,0.708,0.86,0.349,0.589,-0.666,0.664,-0.791,-0.632,0.734,0.724,-0.32,-0.066,0.032,0.704,0.809,0.601,-0.043,-0.553,0.274,0.159,0.103,0.687,-0.54,0.014,0.721,-0.516,-0.627,-0.828,0.713,0.725,-0.705,0.725,0.714,0.106,0.823,0.745,0.477,-0.01,0.588,0.042,-0.36,-0.341,-0.636,-0.426,0.324,0.588,0.543,-0.696,-0.449,-0.594,0.665,0.503,-0.239,0.442,-0.146,0.631,0.636,-0.543,0.598,-0.424,0.697,0.554,0.096,0.601,-0.676,-0.578,0.726,0.113,-0.308,0.695,0.426,0.614,0.759,0.877,0.586,0.647,0.61,0.583,0.29,0.778,0.702,0.715,0.603,0.116,-0.406,0.706,0.654,0.675,0.666
AVTX,-0.524,-0.457,0.645,-0.051,0.715,-0.428,-0.188,-0.572,-0.16,-0.372,0.668,0.702,-0.026,-0.312,-0.614,0.474,0.303,-0.513,-0.156,0.782,0.582,0.601,0.425,0.58,-0.4,0.0,-0.422,-0.033,0.601,0.437,0.744,-0.483,-0.393,0.148,0.614,-0.441,0.135,-0.567,0.159,-0.547,0.129,-0.149,-0.386,-0.538,-0.472,-0.623,-0.16,-0.433,-0.045,0.626,0.548,-0.438,0.602,0.521,0.54,0.529,-0.692,-0.41,-0.75,0.462,-0.261,0.427,-0.464,-0.432,0.177,-0.423,0.216,0.367,-0.389,-0.414,0.328,0.371,-0.498,0.303,-0.201,-0.433,0.601,-0.347,0.715,-0.264,-0.288,0.821,-0.305,0.665,0.494,0.607,0.108,-0.555,0.493,-0.65,0.545,-0.336,0.69,0.705,-0.449,-0.288,0.777,-0.279,-0.211,0.064,0.314,0.551,-0.168,-0.703,0.797,0.445,0.381,0.582,-0.086,-0.635,0.267,-0.521,-0.374,0.12,-0.564,0.532,-0.219,0.592,0.628,-0.117,-0.158,0.343,0.349,0.083,-0.403,-0.343,-0.121,0.666,0.179,-0.568,-0.653,0.578,-0.638,0.44,0.709,-0.391,0.421,0.615,0.649,-0.701,-0.429,0.495,-0.37,-0.244,-0.139,-0.224,-0.489,-0.058,0.73,-0.71,0.193,0.542,0.668,0.339,0.78,0.03,-0.583,-0.357,0.522,0.81,0.706,-0.401,0.071,0.639,0.11,-0.623,-0.368,-0.355,0.536,-0.473,0.707,-0.465,-0.605,-0.155,-0.621,0.58,0.089,-0.702,-0.602,0.654,-0.42,-0.262,-0.008,-0.444,-0.468,-0.256,-0.333,-0.614,0.177,-0.714,-0.505,-0.354,-0.38,-0.141,0.252,0.383,-0.333,-0.709,-0.504,0.07
BCPC,0.627,0.732,-0.685,0.083,-0.443,0.861,0.691,0.878,-0.34,0.82,-0.034,-0.365,-0.243,0.503,0.582,-0.03,0.226,0.83,0.746,-0.285,0.011,0.261,0.195,-0.454,0.801,-0.422,0.0,0.749,-0.308,-0.174,-0.629,0.908,0.841,-0.204,-0.762,0.772,-0.102,0.83,0.597,0.951,0.533,0.851,0.91,0.826,0.841,0.819,0.138,0.88,0.429,-0.495,-0.659,0.866,-0.558,-0.537,-0.506,-0.694,0.765,0.864,0.668,0.362,0.84,-0.116,0.831,0.843,0.235,0.146,-0.475,-0.106,0.706,0.886,-0.66,0.527,0.934,0.055,0.008,0.916,-0.307,0.83,-0.337,-0.372,0.828,-0.467,0.827,-0.075,0.187,-0.586,0.319,0.868,0.245,-0.048,-0.601,0.881,0.054,-0.131,0.891,0.511,-0.378,0.923,0.791,0.681,0.241,-0.179,0.678,0.781,-0.252,0.064,-0.344,-0.391,0.774,0.174,-0.009,0.863,0.739,0.599,0.643,-0.427,0.846,-0.768,-0.612,0.844,0.851,-0.045,0.154,0.432,0.895,0.871,0.708,-0.084,-0.068,0.553,0.121,0.271,0.834,-0.592,0.048,0.889,-0.358,-0.543,-0.7,0.841,0.872,-0.602,0.817,0.895,0.443,0.846,0.881,0.724,0.061,0.708,0.375,-0.143,-0.188,-0.617,-0.39,0.559,0.619,0.592,-0.507,-0.419,-0.459,0.879,0.592,-0.143,0.555,-0.008,0.742,0.877,-0.496,0.624,-0.305,0.871,0.717,0.456,0.712,-0.479,-0.387,0.761,0.336,-0.303,0.866,0.644,0.757,0.897,0.883,0.66,0.883,0.839,0.54,0.405,0.757,0.842,0.897,0.524,0.339,-0.477,0.863,0.639,0.777,0.656
BEAM,0.434,0.692,-0.507,-0.077,-0.128,0.784,0.73,0.729,-0.713,0.848,0.423,-0.048,-0.276,0.401,0.308,0.019,0.652,0.71,0.786,0.188,0.456,0.664,0.249,-0.338,0.666,-0.033,0.749,0.0,-0.0,-0.028,-0.354,0.732,0.797,-0.065,-0.573,0.738,-0.297,0.699,0.899,0.725,0.784,0.858,0.841,0.58,0.65,0.579,0.196,0.743,0.578,-0.314,-0.569,0.832,-0.444,-0.357,-0.477,-0.557,0.555,0.833,0.307,0.782,0.827,-0.049,0.727,0.725,0.426,-0.065,-0.424,-0.065,0.716,0.85,-0.732,0.724,0.769,0.228,-0.26,0.79,0.015,0.817,-0.025,-0.618,0.661,-0.104,0.786,0.394,0.53,-0.401,0.227,0.748,0.58,-0.455,-0.475,0.769,0.467,0.185,0.803,0.378,-0.005,0.863,0.839,0.885,0.274,0.065,0.592,0.541,0.233,0.37,-0.293,-0.277,0.784,-0.111,0.108,0.707,0.677,0.763,0.528,-0.186,0.832,-0.496,-0.431,0.936,0.82,0.089,0.237,0.439,0.82,0.886,0.839,0.224,0.05,0.287,-0.323,0.623,0.586,-0.53,0.401,0.822,-0.168,-0.34,-0.546,0.596,0.81,-0.605,0.802,0.847,0.251,0.878,0.756,0.794,0.443,0.456,0.576,0.07,0.198,-0.687,-0.032,0.711,0.521,0.547,-0.475,-0.052,-0.185,0.781,0.809,0.236,0.796,-0.433,0.714,0.8,-0.484,0.48,0.035,0.807,0.477,0.425,0.556,-0.084,-0.302,0.568,-0.031,-0.003,0.791,0.45,0.828,0.828,0.777,0.724,0.838,0.674,0.784,0.006,0.701,0.853,0.827,0.627,0.652,-0.482,0.847,0.399,0.704,0.915
BILI,-0.743,-0.538,0.762,-0.18,0.885,-0.259,-0.446,-0.466,0.073,-0.353,0.797,0.826,0.045,0.096,-0.785,0.517,0.057,-0.274,0.177,0.616,0.664,0.575,0.355,0.839,-0.304,0.601,-0.308,-0.0,0.0,0.189,0.767,-0.45,-0.489,0.082,0.755,-0.524,0.009,-0.623,0.146,-0.411,0.001,-0.099,-0.368,-0.258,-0.248,-0.653,-0.542,-0.503,0.238,0.819,0.655,-0.328,0.714,0.323,0.373,0.441,-0.708,-0.291,-0.727,0.482,-0.211,0.768,-0.3,-0.245,0.245,-0.874,0.355,0.823,-0.119,-0.297,0.485,0.312,-0.427,0.314,0.048,-0.225,0.915,-0.198,0.363,0.084,-0.202,0.887,-0.18,0.766,0.726,0.751,-0.199,-0.479,0.53,-0.389,0.691,-0.105,0.704,0.862,-0.443,-0.077,0.869,-0.289,0.031,0.257,-0.311,0.509,0.153,-0.731,0.642,0.832,0.728,0.648,-0.33,-0.826,0.678,-0.546,-0.02,0.318,-0.785,0.267,-0.075,0.687,0.838,-0.032,0.015,0.164,0.741,-0.026,-0.395,-0.303,0.202,0.871,0.302,-0.214,-0.796,0.579,-0.651,0.426,0.507,-0.384,0.755,0.808,0.558,-0.627,-0.333,0.389,-0.452,-0.306,0.331,-0.07,-0.531,0.179,0.616,-0.782,0.28,0.821,0.813,0.557,0.778,0.252,-0.274,0.098,0.396,0.916,0.834,-0.419,-0.052,0.878,0.357,-0.221,-0.005,-0.243,0.699,-0.755,0.872,-0.427,-0.702,-0.156,-0.661,0.528,-0.153,-0.663,-0.422,0.898,-0.466,0.185,0.224,-0.384,-0.33,-0.487,-0.351,-0.364,-0.059,-0.392,-0.417,-0.374,-0.386,-0.349,0.232,0.524,-0.185,-0.751,-0.62,0.068
BJRI,0.102,-0.096,0.233,0.656,0.34,-0.104,0.118,-0.15,-0.206,-0.063,0.345,0.487,0.237,0.19,-0.184,0.383,0.276,-0.099,-0.111,0.287,0.405,0.362,0.218,0.309,-0.493,0.437,-0.174,-0.028,0.189,0.0,0.405,-0.014,0.021,0.478,0.296,-0.112,0.569,-0.161,0.043,-0.215,0.439,0.189,-0.008,-0.125,0.019,-0.048,0.004,-0.099,0.023,0.458,0.279,-0.111,0.364,0.2,0.373,0.467,-0.196,-0.078,-0.19,0.244,0.144,0.35,0.04,-0.333,0.683,-0.087,0.611,0.095,-0.403,-0.103,0.007,0.231,-0.087,-0.093,0.052,-0.192,0.161,-0.085,0.652,-0.087,-0.145,0.459,-0.44,0.28,0.081,0.233,0.159,-0.127,0.315,-0.406,0.27,-0.11,0.435,0.441,-0.033,0.125,0.469,0.024,-0.238,0.058,0.389,0.68,0.156,-0.28,0.298,0.072,0.318,0.579,0.105,-0.148,0.208,-0.042,-0.549,0.236,-0.163,0.748,0.076,0.33,0.31,-0.009,-0.174,0.682,0.331,0.669,0.033,-0.148,-0.083,0.174,0.628,-0.064,-0.233,0.329,-0.126,0.085,0.369,0.004,0.456,0.305,0.538,-0.227,-0.01,0.343,-0.082,0.087,0.157,-0.178,-0.066,0.218,0.489,-0.176,0.511,0.408,0.555,0.195,0.386,0.226,-0.32,-0.225,0.441,0.366,0.416,0.06,0.15,0.336,0.171,-0.287,-0.005,0.061,0.25,-0.102,0.409,-0.056,-0.062,0.545,-0.138,0.685,0.221,-0.307,-0.133,0.238,-0.001,-0.005,0.052,-0.063,-0.336,0.073,0.087,-0.164,0.054,-0.32,-0.27,0.014,0.018,-0.153,0.338,0.069,-0.022,-0.477,-0.155,0.068
BLUE,-0.759,-0.715,0.93,-0.007,0.898,-0.681,-0.587,-0.76,0.207,-0.673,0.629,0.859,0.21,-0.141,-0.838,0.468,0.057,-0.687,-0.305,0.544,0.536,0.345,0.314,0.827,-0.694,0.744,-0.629,-0.354,0.767,0.405,0.0,-0.739,-0.715,0.312,0.893,-0.768,0.157,-0.859,-0.12,-0.738,-0.127,-0.451,-0.688,-0.583,-0.61,-0.827,-0.363,-0.782,-0.08,0.882,0.901,-0.681,0.914,0.616,0.666,0.792,-0.892,-0.656,-0.87,0.173,-0.498,0.702,-0.617,-0.67,0.125,-0.646,0.579,0.664,-0.526,-0.683,0.679,0.068,-0.746,0.183,0.125,-0.642,0.657,-0.558,0.607,0.265,-0.552,0.912,-0.608,0.616,0.453,0.907,-0.197,-0.729,0.305,-0.318,0.721,-0.549,0.601,0.785,-0.744,-0.257,0.881,-0.612,-0.441,-0.13,-0.19,0.577,-0.168,-0.941,0.577,0.53,0.677,0.766,-0.491,-0.617,0.496,-0.801,-0.497,-0.012,-0.849,0.537,-0.415,0.919,0.929,-0.458,-0.426,0.235,0.447,-0.076,-0.682,-0.647,-0.271,0.653,0.37,-0.459,-0.66,0.359,-0.865,0.633,0.436,-0.693,0.766,0.861,0.85,-0.88,-0.659,0.677,-0.746,-0.592,0.049,-0.498,-0.802,-0.228,0.527,-0.904,0.063,0.719,0.772,0.7,0.888,-0.046,-0.553,-0.306,0.64,0.889,0.912,-0.689,-0.363,0.746,-0.101,-0.167,-0.432,-0.57,0.848,-0.813,0.862,-0.695,-0.882,-0.26,-0.8,0.72,0.298,-0.93,-0.487,0.84,-0.74,-0.249,-0.212,-0.717,-0.728,-0.591,-0.626,-0.659,-0.316,-0.565,-0.677,-0.672,-0.688,-0.518,0.082,0.693,-0.597,-0.894,-0.786,-0.323
