,AAL,AAON,ACB,ACGL,ACGLO,ACIW,ADBE,ADSK,AEP,AGIO,ALEC,ALNY,ALTR,AMBA,AMCX,AMKR,AMRX,ANSS,APPN,APTO,ARCT,ARWR,ASND,ASTH,ATSG,AVTX,BCPC,BEAM,BILI,BJRI,BLUE,BPOP,BRKL,BWIN,BZUN,CARG,CBRL,CBSH,CBUS,CENTA,CERS,CFFN,CHCO,CHEF,CHRD,CINF,CLLS,CMCO,CMCSA,COLL,COMM,COOP,CPB,CRON,CROX,CRUS,CRWD,CTAS,CYBR,CYTK,DGII,DIOD,DOMO,DPZ,DSGR,DXCM,ERIE,ESTA,EXEL,FAST,FCEL,FCFS,FHB,FITBI,FSV,FTDR,FUTU,GLDD,GLPG,GLPI,GOGO,GOSS,GSAT,GYRE,HALO,HAS,HLIT,HLNE,HSDT,HSIC,HTHT,ICHR,IDYA,IMVT,INDB,INSM,IONS,IOSP,ITRI,JBHT,JBLU,JSM,KLIC,KOD,KURA,LAB,LASR,LIN,LKQ,LNT,MBUU,MCRI,MDGL,MEDP,MGNI,MGPI,MGRC,MKTX,MRNA,MRTN,MSEX,MSFT,MU,NAVI,NBTB,NEO,NEOG,NGNE,NSSC,NTAP,NTES,NTLA,NTRS,NYMTN,OBLG,OCFC,ON,ONC,OPI,OSIS,OSW,PALI,PANW,PCAR,PCRX,PCTY,PEBO,PLAB,PLAY,PLMR,PLSE,PLUS,PRTA,PSEC,PSNL,PTCT,PTON,QNST,QRVO,QTTB,RARE,RBCAA,RGNX,SAIC,SGMO,SINT,SNPS,SPSC,SPTN,SSYS,STNE,TBBK,TCPC,TENB,TGTX,TREE,TRUP,TTWO,TW,TXG,UBSI,UCTT,UFPT,UMBF,UPBD,URBN,VBTX,VCTR,VEON,VNET,VRSK,VSEC,WABC,WTFCM,WVE,WW,WWD,XEL,ZD,ZYME
AAL,0.0,0.597,-0.342,-0.72,0.358,0.604,-0.189,0.701,0.556,0.54,0.763,0.493,0.235,0.834,0.782,0.731,0.279,0.17,0.376,-0.384,0.476,0.522,0.594,0.367,0.446,0.053,0.601,0.197,0.001,0.242,-0.421,0.578,0.713,0.623,0.719,0.637,0.721,0.798,0.184,0.568,0.599,0.675,0.597,0.538,0.404,-0.022,0.592,0.637,0.722,0.613,0.535,0.844,0.609,-0.712,0.183,0.798,0.805,0.236,0.309,-0.059,0.553,0.667,0.264,0.388,0.521,0.587,0.587,0.071,0.555,0.756,0.436,-0.3,0.705,0.389,0.454,0.773,0.221,0.485,0.291,0.328,-0.503,-0.112,0.31,0.526,-0.188,0.672,0.198,0.619,0.515,0.669,-0.122,0.539,0.492,0.302,0.68,0.348,-0.226,0.6,0.602,0.715,0.876,0.216,0.729,0.259,0.369,-0.796,0.564,0.278,0.521,-0.093,0.495,0.621,0.305,0.632,0.592,0.559,0.623,0.649,0.235,0.345,0.568,0.207,0.583,0.9,0.641,0.519,0.586,-0.076,0.633,-0.111,-0.091,0.371,0.722,0.512,0.412,0.686,0.8,0.132,0.348,0.589,0.43,-0.559,0.738,0.665,0.459,0.603,0.61,0.604,0.565,-0.273,0.27,0.609,0.663,0.695,-0.187,0.727,0.225,0.582,0.752,-0.024,0.545,0.525,0.115,-0.63,-0.425,0.137,0.484,0.304,0.549,0.358,0.446,0.728,0.648,0.514,0.833,0.713,0.786,0.562,-0.787,0.68,0.71,0.483,0.762,0.68,0.587,0.466,0.672,0.66,-0.169,0.523,-0.153,0.286,0.705,0.352,-0.603,0.471,0.058,0.336,0.519,-0.001
AAON,0.597,0.0,-0.231,-0.948,0.933,0.976,-0.466,0.959,0.382,0.448,0.938,0.918,0.826,0.804,0.738,0.953,0.901,0.797,0.549,-0.444,0.962,0.973,0.978,0.918,0.921,-0.349,0.964,0.319,-0.294,0.828,-0.885,0.955,0.902,0.968,0.078,0.97,0.902,0.822,0.832,0.972,0.969,0.959,0.978,0.93,0.912,0.092,0.827,0.958,0.837,0.969,0.971,0.707,0.244,-0.296,-0.586,0.92,0.871,0.805,0.888,0.651,0.938,0.981,0.755,0.873,0.97,0.831,0.923,0.478,0.947,0.907,0.893,-0.849,0.967,0.585,0.347,0.354,0.212,0.94,0.693,0.913,-0.758,-0.635,0.907,0.875,-0.787,0.876,0.87,0.972,0.633,0.938,-0.473,0.987,0.939,0.394,0.954,0.866,0.317,0.988,0.943,0.922,0.788,0.84,0.913,0.488,0.925,-0.696,0.361,0.352,0.963,-0.454,0.97,0.972,0.437,0.977,0.945,0.912,0.969,0.946,0.864,0.909,-0.07,0.545,0.948,0.765,0.976,0.18,0.965,0.62,0.949,-0.505,-0.702,0.643,0.881,0.974,0.637,0.974,0.923,-0.121,0.906,0.897,0.92,-0.431,0.312,0.958,0.957,0.891,0.97,0.982,0.967,-0.831,0.835,0.984,0.62,0.96,0.554,0.877,0.389,0.666,0.933,0.565,0.948,0.972,-0.556,-0.853,0.155,0.185,-0.197,0.822,0.556,0.916,0.924,0.379,0.302,0.95,0.763,0.973,0.621,0.686,-0.643,0.977,0.951,0.967,0.341,0.945,0.987,0.155,0.946,0.934,-0.532,0.038,-0.134,0.865,0.935,0.877,-0.239,0.924,0.091,0.529,0.921,0.675
ACB,-0.342,-0.231,0.0,0.267,-0.047,-0.285,-0.073,-0.277,-0.234,-0.258,-0.383,-0.128,0.043,-0.347,-0.349,-0.349,-0.002,0.047,-0.123,0.546,-0.237,-0.171,-0.262,-0.075,-0.171,0.232,-0.215,0.133,0.138,0.142,0.245,-0.147,-0.199,-0.283,-0.245,-0.315,-0.222,-0.199,-0.005,-0.183,-0.273,-0.269,-0.212,-0.105,-0.152,0.059,-0.301,-0.205,-0.346,-0.309,-0.225,-0.266,-0.255,0.752,-0.12,-0.281,-0.398,-0.015,-0.143,0.135,-0.051,-0.216,-0.138,-0.146,-0.212,-0.184,-0.382,0.109,-0.271,-0.345,-0.031,0.214,-0.285,-0.18,0.089,-0.476,0.035,-0.078,0.081,-0.188,0.383,0.253,-0.136,-0.338,0.135,-0.263,-0.109,-0.208,-0.062,-0.239,-0.048,-0.199,-0.24,0.059,-0.177,0.017,0.011,-0.265,-0.155,-0.304,-0.232,-0.162,-0.213,0.338,-0.149,0.489,0.044,-0.341,-0.218,0.199,-0.203,-0.274,-0.061,-0.258,-0.223,-0.321,-0.327,-0.222,-0.005,-0.044,-0.145,-0.192,-0.217,-0.312,-0.184,-0.207,-0.234,0.027,-0.159,0.078,-0.103,0.046,-0.308,-0.249,0.008,-0.226,-0.29,-0.131,-0.022,-0.171,-0.156,0.623,-0.463,-0.269,-0.21,-0.296,-0.23,-0.284,-0.154,0.171,-0.08,-0.296,0.012,-0.323,0.233,-0.155,0.203,-0.089,-0.258,0.118,-0.263,-0.192,0.151,0.436,0.516,0.257,-0.463,-0.017,-0.123,-0.01,-0.194,-0.273,-0.144,-0.215,-0.37,-0.298,-0.3,-0.249,0.218,-0.271,-0.237,-0.124,-0.034,-0.237,-0.193,-0.302,-0.193,-0.204,0.087,-0.2,-0.15,-0.036,-0.21,-0.233,0.184,-0.172,-0.044,-0.103,-0.141,0.237
ACGL,-0.72,-0.948,0.267,0.0,-0.847,-0.918,0.518,-0.941,-0.423,-0.535,-0.942,-0.866,-0.7,-0.813,-0.813,-0.937,-0.805,-0.663,-0.549,0.433,-0.911,-0.914,-0.945,-0.83,-0.864,0.229,-0.924,-0.338,0.279,-0.737,0.785,-0.906,-0.883,-0.927,-0.247,-0.937,-0.919,-0.859,-0.739,-0.91,-0.938,-0.95,-0.932,-0.836,-0.849,0.067,-0.837,-0.929,-0.843,-0.929,-0.898,-0.737,-0.296,0.408,0.441,-0.922,-0.89,-0.67,-0.792,-0.508,-0.887,-0.945,-0.674,-0.797,-0.918,-0.787,-0.849,-0.371,-0.873,-0.902,-0.831,0.833,-0.948,-0.556,-0.377,-0.428,-0.181,-0.872,-0.605,-0.821,0.738,0.581,-0.823,-0.852,0.738,-0.872,-0.755,-0.926,-0.562,-0.911,0.452,-0.924,-0.875,-0.312,-0.924,-0.771,-0.176,-0.956,-0.901,-0.906,-0.838,-0.736,-0.878,-0.521,-0.847,0.772,-0.366,-0.221,-0.903,0.455,-0.922,-0.926,-0.473,-0.94,-0.91,-0.841,-0.928,-0.93,-0.75,-0.817,-0.075,-0.428,-0.883,-0.796,-0.947,-0.257,-0.943,-0.495,-0.911,0.444,0.59,-0.62,-0.885,-0.924,-0.585,-0.949,-0.928,0.072,-0.84,-0.862,-0.837,0.482,-0.373,-0.914,-0.893,-0.867,-0.944,-0.946,-0.914,0.794,-0.734,-0.935,-0.706,-0.943,-0.418,-0.894,-0.406,-0.601,-0.918,-0.448,-0.9,-0.914,0.402,0.882,0.0,-0.172,0.083,-0.71,-0.602,-0.83,-0.874,-0.479,-0.333,-0.895,-0.864,-0.968,-0.67,-0.659,0.758,-0.953,-0.934,-0.894,-0.439,-0.932,-0.94,-0.172,-0.936,-0.897,0.448,-0.21,0.291,-0.739,-0.926,-0.786,0.33,-0.867,-0.006,-0.467,-0.871,-0.539
ACGLO,0.358,0.933,-0.047,-0.847,0.0,0.897,-0.54,0.871,0.232,0.316,0.785,0.916,0.925,0.611,0.525,0.823,0.957,0.924,0.522,-0.337,0.933,0.947,0.919,0.943,0.913,-0.313,0.922,0.372,-0.318,0.927,-0.836,0.902,0.802,0.911,-0.174,0.871,0.781,0.684,0.928,0.93,0.885,0.864,0.921,0.879,0.896,0.128,0.696,0.891,0.661,0.888,0.945,0.531,0.07,-0.001,-0.785,0.785,0.689,0.916,0.915,0.822,0.927,0.904,0.779,0.9,0.924,0.797,0.818,0.587,0.89,0.772,0.903,-0.856,0.859,0.521,0.264,0.07,0.208,0.945,0.771,0.945,-0.661,-0.634,0.966,0.801,-0.84,0.762,0.951,0.909,0.553,0.873,-0.486,0.956,0.89,0.422,0.881,0.94,0.451,0.923,0.903,0.819,0.619,0.906,0.798,0.589,0.955,-0.457,0.278,0.225,0.915,-0.414,0.95,0.883,0.487,0.907,0.873,0.815,0.882,0.892,0.948,0.965,-0.296,0.546,0.912,0.568,0.913,0.016,0.921,0.766,0.891,-0.574,-0.852,0.662,0.741,0.947,0.64,0.885,0.779,-0.187,0.951,0.835,0.94,-0.242,0.036,0.861,0.953,0.802,0.906,0.916,0.936,-0.872,0.872,0.91,0.576,0.841,0.761,0.802,0.414,0.547,0.808,0.715,0.901,0.941,-0.645,-0.74,0.405,0.206,-0.48,0.832,0.467,0.958,0.914,0.132,0.111,0.919,0.572,0.864,0.432,0.643,-0.464,0.884,0.855,0.973,0.143,0.854,0.927,-0.107,0.871,0.825,-0.459,-0.184,-0.118,0.917,0.829,0.904,-0.041,0.911,0.062,0.525,0.89,0.844
ACIW,0.604,0.976,-0.285,-0.918,0.897,0.0,-0.451,0.967,0.492,0.477,0.954,0.916,0.797,0.839,0.764,0.97,0.85,0.761,0.559,-0.506,0.95,0.971,0.979,0.922,0.912,-0.309,0.95,0.342,-0.278,0.778,-0.872,0.972,0.94,0.966,0.094,0.981,0.912,0.849,0.818,0.953,0.961,0.961,0.973,0.922,0.909,0.194,0.818,0.968,0.883,0.965,0.971,0.763,0.286,-0.343,-0.509,0.915,0.892,0.787,0.859,0.614,0.919,0.969,0.8,0.865,0.955,0.872,0.925,0.509,0.976,0.889,0.883,-0.801,0.982,0.624,0.333,0.418,0.255,0.943,0.702,0.917,-0.726,-0.62,0.877,0.863,-0.702,0.912,0.845,0.968,0.625,0.933,-0.422,0.968,0.946,0.448,0.964,0.847,0.319,0.972,0.953,0.93,0.777,0.822,0.923,0.437,0.896,-0.678,0.434,0.394,0.961,-0.36,0.948,0.988,0.42,0.978,0.956,0.96,0.992,0.921,0.832,0.87,0.028,0.56,0.945,0.776,0.971,0.207,0.941,0.576,0.944,-0.455,-0.644,0.677,0.915,0.953,0.651,0.976,0.933,-0.002,0.879,0.931,0.89,-0.473,0.414,0.94,0.951,0.936,0.962,0.987,0.946,-0.766,0.819,0.977,0.608,0.967,0.524,0.867,0.413,0.694,0.935,0.536,0.958,0.965,-0.502,-0.819,0.11,0.161,-0.109,0.807,0.57,0.889,0.925,0.438,0.373,0.927,0.765,0.973,0.703,0.76,-0.628,0.98,0.968,0.94,0.397,0.962,0.961,0.241,0.953,0.926,-0.568,0.041,0.003,0.868,0.947,0.877,-0.224,0.906,0.187,0.606,0.935,0.621
ADBE,-0.189,-0.466,-0.073,0.518,-0.54,-0.451,0.0,-0.425,-0.43,-0.52,-0.461,-0.58,-0.33,-0.265,-0.462,-0.388,-0.415,-0.344,-0.397,0.304,-0.506,-0.554,-0.509,-0.577,-0.579,-0.318,-0.387,-0.603,0.259,-0.44,0.151,-0.56,-0.517,-0.41,0.026,-0.445,-0.465,-0.507,-0.574,-0.382,-0.51,-0.528,-0.45,-0.329,-0.58,0.011,-0.305,-0.526,-0.454,-0.427,-0.49,-0.194,0.099,-0.195,0.252,-0.366,-0.27,-0.289,-0.36,-0.375,-0.487,-0.398,-0.583,-0.462,-0.408,-0.483,-0.211,-0.733,-0.429,-0.171,-0.566,0.597,-0.48,-0.207,0.198,0.195,-0.284,-0.574,-0.429,-0.583,0.002,0.291,-0.491,-0.312,0.4,-0.507,-0.468,-0.377,-0.042,-0.396,0.194,-0.483,-0.542,-0.141,-0.478,-0.398,-0.492,-0.482,-0.57,-0.464,-0.154,-0.463,-0.319,-0.64,-0.492,0.083,-0.234,0.245,-0.458,0.128,-0.534,-0.449,-0.59,-0.429,-0.483,-0.42,-0.451,-0.414,-0.568,-0.481,-0.083,0.177,-0.355,-0.23,-0.481,-0.018,-0.52,-0.428,-0.473,0.282,0.409,-0.714,-0.56,-0.514,-0.369,-0.474,-0.375,-0.286,-0.583,-0.578,-0.302,-0.019,0.218,-0.274,-0.505,-0.575,-0.523,-0.507,-0.4,0.393,-0.309,-0.378,-0.566,-0.446,-0.516,-0.442,-0.689,-0.007,-0.304,-0.386,-0.503,-0.481,-0.04,0.286,-0.211,0.013,0.421,-0.238,-0.497,-0.432,-0.573,-0.279,-0.001,-0.393,-0.461,-0.435,-0.442,-0.422,0.381,-0.437,-0.503,-0.443,-0.006,-0.588,-0.45,0.215,-0.551,-0.428,0.29,0.2,0.348,-0.358,-0.461,-0.547,-0.255,-0.402,-0.242,-0.47,-0.574,-0.298
ADSK,0.701,0.959,-0.277,-0.941,0.871,0.967,-0.425,0.0,0.469,0.467,0.949,0.895,0.788,0.887,0.766,0.983,0.82,0.735,0.575,-0.463,0.909,0.94,0.959,0.883,0.901,-0.225,0.937,0.343,-0.245,0.755,-0.829,0.941,0.942,0.959,0.206,0.967,0.934,0.854,0.773,0.935,0.939,0.953,0.961,0.907,0.869,0.123,0.813,0.967,0.875,0.94,0.956,0.824,0.314,-0.402,-0.449,0.957,0.932,0.777,0.823,0.563,0.915,0.976,0.752,0.819,0.934,0.864,0.904,0.473,0.943,0.917,0.894,-0.754,0.973,0.596,0.345,0.46,0.315,0.92,0.674,0.856,-0.729,-0.582,0.849,0.862,-0.682,0.91,0.786,0.962,0.633,0.942,-0.389,0.955,0.923,0.494,0.967,0.838,0.221,0.953,0.94,0.968,0.835,0.75,0.962,0.442,0.841,-0.719,0.527,0.368,0.924,-0.374,0.924,0.968,0.437,0.965,0.934,0.925,0.973,0.934,0.77,0.856,0.076,0.534,0.96,0.851,0.964,0.274,0.923,0.478,0.963,-0.431,-0.625,0.658,0.901,0.917,0.704,0.975,0.969,-0.0,0.84,0.919,0.872,-0.488,0.466,0.943,0.927,0.925,0.957,0.974,0.934,-0.758,0.767,0.963,0.671,0.955,0.454,0.91,0.416,0.711,0.967,0.455,0.922,0.947,-0.429,-0.831,0.069,0.145,-0.044,0.769,0.544,0.861,0.889,0.461,0.422,0.922,0.786,0.973,0.719,0.785,-0.686,0.97,0.961,0.935,0.475,0.948,0.936,0.253,0.948,0.929,-0.501,0.071,-0.031,0.835,0.941,0.829,-0.319,0.887,0.158,0.527,0.917,0.584
AEP,0.556,0.382,-0.234,-0.423,0.232,0.492,-0.43,0.469,0.0,0.412,0.584,0.486,0.107,0.606,0.687,0.499,0.115,0.084,0.054,-0.34,0.315,0.449,0.478,0.363,0.317,0.182,0.396,0.242,0.226,0.187,-0.154,0.545,0.649,0.395,0.376,0.43,0.493,0.716,0.163,0.385,0.382,0.449,0.376,0.39,0.302,0.526,0.201,0.473,0.673,0.459,0.44,0.672,0.675,-0.334,0.24,0.499,0.514,0.13,0.068,0.088,0.386,0.416,0.354,0.309,0.295,0.63,0.402,0.432,0.504,0.357,0.334,-0.214,0.562,0.479,0.067,0.368,0.413,0.432,0.5,0.35,-0.069,0.099,0.134,0.177,0.141,0.553,0.136,0.426,0.374,0.506,-0.201,0.336,0.45,0.415,0.543,0.237,0.132,0.372,0.509,0.516,0.465,0.285,0.44,0.277,0.307,-0.298,0.634,0.193,0.351,0.414,0.296,0.502,0.296,0.409,0.394,0.498,0.496,0.412,0.281,0.144,0.583,-0.029,0.336,0.553,0.442,0.081,0.335,0.107,0.414,-0.257,0.027,0.471,0.691,0.366,0.473,0.513,0.574,0.511,0.294,0.591,0.147,-0.431,0.56,0.403,0.288,0.584,0.381,0.453,0.363,-0.055,0.032,0.389,0.54,0.467,0.058,0.505,0.316,0.333,0.494,0.133,0.464,0.341,0.313,-0.285,-0.097,-0.066,0.27,0.046,0.699,0.247,0.318,0.526,0.726,0.204,0.629,0.479,0.823,0.608,-0.641,0.448,0.566,0.263,0.529,0.615,0.358,0.417,0.528,0.434,-0.472,0.163,0.27,0.187,0.579,0.368,-0.312,0.189,0.395,0.792,0.444,-0.036
AGIO,0.54,0.448,-0.258,-0.535,0.316,0.477,-0.52,0.467,0.412,0.0,0.551,0.46,0.175,0.481,0.549,0.513,0.222,0.14,0.648,-0.603,0.508,0.487,0.48,0.434,0.516,0.357,0.36,0.697,-0.482,0.11,-0.196,0.493,0.566,0.43,0.376,0.54,0.612,0.584,0.371,0.343,0.576,0.625,0.486,0.271,0.552,-0.254,0.584,0.585,0.586,0.377,0.38,0.416,-0.015,-0.332,0.1,0.473,0.463,0.106,0.387,-0.141,0.398,0.432,0.493,0.414,0.408,0.408,0.291,0.348,0.448,0.368,0.433,-0.397,0.513,0.104,0.16,0.497,-0.059,0.458,0.054,0.426,-0.274,-0.404,0.374,0.483,-0.247,0.633,0.253,0.367,0.138,0.318,0.23,0.449,0.467,0.054,0.466,0.223,0.312,0.512,0.499,0.515,0.383,0.126,0.474,0.341,0.335,-0.435,0.203,-0.03,0.488,-0.19,0.493,0.481,0.5,0.502,0.564,0.502,0.489,0.343,0.261,0.376,0.488,0.01,0.381,0.471,0.491,0.583,0.539,-0.036,0.468,0.213,-0.187,0.706,0.566,0.424,0.109,0.503,0.468,0.339,0.334,0.552,0.281,-0.195,0.278,0.323,0.451,0.599,0.559,0.508,0.337,-0.193,0.378,0.412,0.606,0.587,-0.052,0.406,0.552,0.187,0.382,0.045,0.486,0.469,0.193,-0.362,-0.428,0.211,0.14,0.34,0.429,0.271,0.547,0.749,0.093,0.458,0.583,0.508,0.575,0.424,-0.31,0.512,0.543,0.374,0.387,0.557,0.448,0.275,0.567,0.446,-0.143,0.184,-0.305,0.265,0.483,0.348,0.055,0.467,0.231,0.317,0.543,0.001
ALEC,0.763,0.938,-0.383,-0.942,0.785,0.954,-0.461,0.949,0.584,0.551,0.0,0.851,0.638,0.906,0.887,0.974,0.732,0.596,0.521,-0.529,0.88,0.906,0.939,0.811,0.842,-0.256,0.898,0.281,-0.218,0.642,-0.785,0.922,0.933,0.921,0.314,0.955,0.916,0.9,0.669,0.894,0.934,0.947,0.917,0.856,0.832,0.128,0.809,0.93,0.935,0.948,0.909,0.815,0.412,-0.523,-0.311,0.945,0.944,0.625,0.729,0.438,0.851,0.94,0.693,0.76,0.893,0.84,0.903,0.415,0.917,0.899,0.798,-0.75,0.98,0.607,0.321,0.546,0.272,0.858,0.602,0.808,-0.704,-0.525,0.755,0.823,-0.604,0.915,0.701,0.923,0.616,0.914,-0.389,0.906,0.899,0.392,0.936,0.717,0.203,0.934,0.903,0.936,0.839,0.709,0.909,0.397,0.804,-0.801,0.469,0.389,0.896,-0.354,0.881,0.956,0.414,0.936,0.907,0.916,0.959,0.897,0.714,0.746,0.192,0.436,0.883,0.864,0.931,0.283,0.899,0.438,0.906,-0.414,-0.493,0.615,0.956,0.897,0.605,0.957,0.964,0.054,0.774,0.895,0.782,-0.574,0.543,0.922,0.862,0.917,0.924,0.949,0.886,-0.688,0.678,0.938,0.647,0.967,0.334,0.877,0.373,0.674,0.943,0.393,0.908,0.891,-0.35,-0.843,-0.077,0.099,0.085,0.67,0.623,0.77,0.846,0.567,0.476,0.855,0.881,0.971,0.798,0.728,-0.765,0.958,0.957,0.85,0.494,0.96,0.918,0.344,0.933,0.924,-0.538,0.201,-0.076,0.719,0.943,0.788,-0.359,0.815,0.166,0.57,0.873,0.424
ALNY,0.493,0.918,-0.128,-0.866,0.916,0.916,-0.58,0.895,0.486,0.46,0.851,0.0,0.855,0.708,0.656,0.876,0.869,0.827,0.505,-0.382,0.905,0.964,0.948,0.949,0.899,-0.209,0.917,0.456,-0.196,0.873,-0.719,0.933,0.882,0.907,-0.038,0.885,0.853,0.795,0.878,0.903,0.89,0.877,0.911,0.869,0.864,0.196,0.673,0.92,0.768,0.889,0.932,0.675,0.263,-0.115,-0.611,0.832,0.773,0.812,0.837,0.738,0.92,0.896,0.79,0.875,0.88,0.916,0.832,0.604,0.928,0.787,0.892,-0.831,0.908,0.594,0.326,0.201,0.281,0.925,0.813,0.92,-0.636,-0.562,0.862,0.718,-0.663,0.841,0.825,0.925,0.612,0.901,-0.471,0.927,0.932,0.555,0.919,0.909,0.477,0.909,0.922,0.864,0.681,0.842,0.837,0.638,0.935,-0.468,0.408,0.265,0.891,-0.255,0.906,0.913,0.61,0.905,0.859,0.852,0.913,0.91,0.889,0.876,-0.063,0.488,0.878,0.636,0.91,0.036,0.889,0.679,0.916,-0.541,-0.725,0.752,0.862,0.911,0.714,0.92,0.851,0.086,0.89,0.939,0.841,-0.309,0.213,0.859,0.904,0.873,0.897,0.929,0.91,-0.787,0.756,0.898,0.688,0.859,0.682,0.845,0.473,0.601,0.854,0.64,0.948,0.907,-0.411,-0.718,0.332,0.199,-0.347,0.774,0.575,0.923,0.913,0.296,0.281,0.876,0.734,0.9,0.572,0.732,-0.579,0.897,0.889,0.924,0.363,0.917,0.909,0.044,0.911,0.861,-0.61,-0.104,-0.039,0.843,0.894,0.9,-0.131,0.826,0.18,0.682,0.904,0.747
ALTR,0.235,0.826,0.043,-0.7,0.925,0.797,-0.33,0.788,0.107,0.175,0.638,0.855,0.0,0.537,0.305,0.734,0.916,0.974,0.469,-0.227,0.816,0.851,0.815,0.882,0.825,-0.365,0.842,0.327,-0.263,0.906,-0.787,0.782,0.695,0.836,-0.273,0.76,0.675,0.515,0.875,0.856,0.754,0.73,0.835,0.832,0.789,0.173,0.59,0.792,0.513,0.763,0.858,0.481,0.04,0.098,-0.831,0.696,0.606,0.952,0.885,0.831,0.86,0.817,0.705,0.817,0.829,0.726,0.766,0.5,0.823,0.716,0.853,-0.719,0.735,0.483,0.301,0.035,0.188,0.85,0.764,0.849,-0.65,-0.605,0.902,0.713,-0.755,0.635,0.878,0.843,0.639,0.783,-0.447,0.87,0.807,0.545,0.784,0.951,0.467,0.808,0.793,0.732,0.538,0.819,0.762,0.509,0.883,-0.328,0.292,0.318,0.818,-0.347,0.836,0.784,0.447,0.813,0.757,0.729,0.786,0.806,0.874,0.928,-0.382,0.656,0.871,0.473,0.809,-0.011,0.788,0.72,0.837,-0.524,-0.879,0.576,0.584,0.82,0.644,0.78,0.682,-0.207,0.841,0.765,0.906,-0.176,0.017,0.797,0.87,0.677,0.788,0.805,0.86,-0.803,0.839,0.824,0.471,0.717,0.741,0.695,0.28,0.575,0.745,0.685,0.813,0.848,-0.675,-0.622,0.5,0.321,-0.514,0.853,0.296,0.923,0.813,-0.018,0.071,0.867,0.391,0.745,0.267,0.615,-0.293,0.773,0.726,0.923,0.16,0.709,0.82,-0.137,0.753,0.731,-0.416,-0.311,0.053,0.901,0.716,0.814,-0.029,0.834,0.071,0.455,0.793,0.903
AMBA,0.834,0.804,-0.347,-0.813,0.611,0.839,-0.265,0.887,0.606,0.481,0.906,0.708,0.537,0.0,0.795,0.922,0.544,0.456,0.49,-0.522,0.696,0.747,0.799,0.665,0.69,-0.146,0.765,0.257,-0.098,0.469,-0.671,0.787,0.872,0.817,0.464,0.85,0.865,0.828,0.471,0.778,0.795,0.835,0.812,0.785,0.678,0.19,0.732,0.837,0.882,0.801,0.802,0.881,0.499,-0.611,-0.082,0.94,0.939,0.524,0.563,0.251,0.756,0.857,0.557,0.567,0.754,0.755,0.818,0.342,0.8,0.86,0.717,-0.497,0.875,0.507,0.305,0.672,0.399,0.722,0.501,0.607,-0.639,-0.364,0.575,0.713,-0.4,0.81,0.493,0.823,0.667,0.822,-0.257,0.772,0.76,0.494,0.859,0.585,0.048,0.79,0.797,0.917,0.827,0.475,0.924,0.213,0.594,-0.778,0.66,0.52,0.75,-0.226,0.713,0.847,0.315,0.815,0.799,0.845,0.847,0.783,0.515,0.606,0.348,0.366,0.824,0.937,0.825,0.447,0.733,0.167,0.85,-0.258,-0.339,0.525,0.874,0.711,0.649,0.865,0.946,0.126,0.588,0.823,0.653,-0.58,0.693,0.856,0.703,0.832,0.801,0.825,0.769,-0.486,0.505,0.815,0.627,0.862,0.115,0.818,0.315,0.752,0.911,0.131,0.757,0.756,-0.184,-0.723,-0.188,0.144,0.304,0.553,0.52,0.622,0.676,0.623,0.634,0.737,0.782,0.857,0.835,0.739,-0.728,0.848,0.866,0.729,0.643,0.846,0.771,0.508,0.821,0.868,-0.484,0.198,0.104,0.592,0.854,0.628,-0.467,0.683,0.251,0.486,0.77,0.267
AMCX,0.782,0.738,-0.349,-0.813,0.525,0.764,-0.462,0.766,0.687,0.549,0.887,0.656,0.305,0.795,0.0,0.799,0.491,0.273,0.364,-0.38,0.678,0.71,0.748,0.579,0.654,-0.121,0.692,0.188,-0.049,0.422,-0.537,0.77,0.811,0.679,0.512,0.774,0.778,0.85,0.42,0.667,0.773,0.779,0.69,0.641,0.636,0.074,0.653,0.744,0.875,0.782,0.684,0.744,0.483,-0.554,-0.004,0.794,0.832,0.289,0.45,0.203,0.643,0.74,0.511,0.541,0.679,0.698,0.686,0.316,0.702,0.706,0.583,-0.597,0.84,0.513,0.294,0.553,0.3,0.653,0.42,0.575,-0.455,-0.299,0.48,0.605,-0.359,0.816,0.432,0.714,0.416,0.742,-0.351,0.677,0.713,0.191,0.763,0.449,0.013,0.739,0.705,0.766,0.756,0.498,0.713,0.369,0.576,-0.755,0.443,0.204,0.686,-0.244,0.672,0.785,0.286,0.724,0.71,0.725,0.765,0.715,0.482,0.462,0.379,0.182,0.624,0.794,0.738,0.225,0.704,0.261,0.687,-0.28,-0.19,0.498,0.9,0.689,0.456,0.786,0.841,0.176,0.591,0.718,0.492,-0.543,0.582,0.72,0.617,0.787,0.734,0.756,0.671,-0.494,0.411,0.728,0.6,0.802,0.145,0.751,0.399,0.523,0.786,0.237,0.705,0.665,-0.049,-0.708,-0.2,-0.01,0.254,0.399,0.653,0.521,0.638,0.671,0.56,0.601,0.913,0.825,0.805,0.536,-0.83,0.779,0.809,0.589,0.553,0.84,0.729,0.465,0.781,0.779,-0.503,0.405,-0.223,0.444,0.827,0.543,-0.44,0.567,0.12,0.477,0.688,0.132
AMKR,0.731,0.953,-0.349,-0.937,0.823,0.97,-0.388,0.983,0.499,0.513,0.974,0.876,0.734,0.922,0.799,0.0,0.777,0.674,0.583,-0.536,0.899,0.923,0.954,0.859,0.876,-0.265,0.919,0.322,-0.256,0.69,-0.824,0.927,0.936,0.956,0.251,0.976,0.944,0.861,0.731,0.921,0.944,0.958,0.954,0.895,0.861,0.11,0.841,0.96,0.907,0.94,0.935,0.831,0.348,-0.491,-0.385,0.965,0.962,0.713,0.803,0.49,0.884,0.964,0.729,0.784,0.927,0.85,0.926,0.417,0.944,0.932,0.859,-0.744,0.977,0.604,0.353,0.55,0.282,0.883,0.62,0.835,-0.76,-0.591,0.807,0.854,-0.65,0.916,0.737,0.954,0.647,0.925,-0.373,0.938,0.921,0.475,0.953,0.787,0.213,0.95,0.923,0.965,0.837,0.713,0.963,0.377,0.82,-0.773,0.498,0.438,0.917,-0.39,0.905,0.968,0.432,0.961,0.933,0.946,0.978,0.916,0.726,0.812,0.142,0.527,0.938,0.865,0.952,0.321,0.91,0.425,0.953,-0.386,-0.564,0.634,0.926,0.903,0.666,0.971,0.974,0.041,0.794,0.923,0.841,-0.529,0.533,0.946,0.904,0.926,0.949,0.969,0.913,-0.718,0.74,0.96,0.639,0.968,0.379,0.885,0.382,0.726,0.967,0.382,0.927,0.929,-0.412,-0.835,-0.024,0.139,0.046,0.76,0.544,0.824,0.88,0.529,0.436,0.912,0.824,0.975,0.746,0.767,-0.69,0.97,0.957,0.903,0.508,0.947,0.931,0.324,0.938,0.945,-0.548,0.125,-0.014,0.794,0.941,0.812,-0.329,0.862,0.191,0.529,0.896,0.513
AMRX,0.279,0.901,-0.002,-0.805,0.957,0.85,-0.415,0.82,0.115,0.222,0.732,0.869,0.916,0.544,0.491,0.777,0.0,0.913,0.478,-0.183,0.904,0.9,0.872,0.901,0.885,-0.438,0.891,0.25,-0.316,0.935,-0.85,0.85,0.727,0.858,-0.2,0.833,0.731,0.592,0.904,0.895,0.853,0.8,0.881,0.855,0.871,0.06,0.692,0.829,0.605,0.862,0.893,0.458,0.016,0.027,-0.833,0.734,0.66,0.888,0.92,0.84,0.887,0.872,0.733,0.865,0.912,0.73,0.805,0.458,0.833,0.752,0.864,-0.862,0.806,0.461,0.329,0.04,0.132,0.881,0.704,0.894,-0.687,-0.682,0.943,0.789,-0.859,0.719,0.934,0.885,0.532,0.828,-0.543,0.925,0.854,0.343,0.818,0.927,0.414,0.889,0.817,0.749,0.592,0.885,0.751,0.549,0.933,-0.468,0.175,0.255,0.891,-0.508,0.922,0.845,0.359,0.866,0.817,0.767,0.836,0.856,0.926,0.935,-0.41,0.593,0.873,0.497,0.864,-0.064,0.874,0.785,0.846,-0.541,-0.85,0.559,0.677,0.903,0.566,0.836,0.731,-0.291,0.912,0.761,0.922,-0.207,0.005,0.843,0.912,0.729,0.861,0.863,0.915,-0.914,0.866,0.887,0.475,0.799,0.763,0.738,0.332,0.582,0.785,0.715,0.846,0.902,-0.714,-0.744,0.455,0.189,-0.511,0.855,0.378,0.955,0.874,0.049,0.044,0.902,0.518,0.833,0.298,0.494,-0.41,0.844,0.785,0.948,0.103,0.784,0.907,-0.089,0.814,0.796,-0.484,-0.143,-0.173,0.915,0.784,0.84,-0.08,0.895,-0.063,0.42,0.834,0.861
ANSS,0.17,0.797,0.047,-0.663,0.924,0.761,-0.344,0.735,0.084,0.14,0.596,0.827,0.974,0.456,0.273,0.674,0.913,0.0,0.406,-0.205,0.803,0.83,0.786,0.848,0.784,-0.384,0.818,0.282,-0.304,0.9,-0.776,0.752,0.646,0.802,-0.327,0.714,0.618,0.477,0.863,0.837,0.722,0.689,0.798,0.781,0.774,0.192,0.535,0.749,0.465,0.748,0.838,0.399,0.034,0.155,-0.876,0.633,0.528,0.956,0.859,0.852,0.833,0.781,0.679,0.826,0.8,0.702,0.74,0.499,0.792,0.668,0.809,-0.717,0.696,0.437,0.26,-0.053,0.093,0.836,0.765,0.842,-0.633,-0.58,0.903,0.687,-0.759,0.589,0.898,0.803,0.6,0.762,-0.479,0.845,0.767,0.493,0.741,0.931,0.527,0.781,0.751,0.669,0.49,0.844,0.688,0.52,0.893,-0.287,0.219,0.272,0.791,-0.317,0.819,0.745,0.408,0.784,0.712,0.674,0.746,0.774,0.897,0.903,-0.468,0.623,0.836,0.41,0.774,-0.064,0.776,0.79,0.777,-0.568,-0.925,0.539,0.535,0.817,0.57,0.738,0.625,-0.289,0.827,0.702,0.899,-0.175,-0.063,0.759,0.84,0.626,0.748,0.77,0.841,-0.814,0.827,0.796,0.445,0.684,0.755,0.664,0.232,0.502,0.689,0.757,0.778,0.812,-0.704,-0.609,0.526,0.313,-0.573,0.792,0.314,0.908,0.78,-0.111,0.013,0.824,0.343,0.71,0.207,0.55,-0.266,0.736,0.687,0.897,0.042,0.672,0.793,-0.205,0.723,0.662,-0.371,-0.353,0.034,0.879,0.672,0.803,-0.007,0.82,-0.012,0.48,0.757,0.911
APPN,0.376,0.549,-0.123,-0.549,0.522,0.559,-0.397,0.575,0.054,0.648,0.521,0.505,0.469,0.49,0.364,0.583,0.478,0.406,0.0,-0.601,0.616,0.553,0.535,0.593,0.684,0.168,0.466,0.718,-0.637,0.336,-0.417,0.527,0.569,0.57,0.123,0.655,0.653,0.461,0.631,0.456,0.676,0.677,0.618,0.416,0.683,-0.388,0.727,0.664,0.51,0.447,0.509,0.305,-0.324,-0.177,-0.245,0.545,0.54,0.414,0.666,0.151,0.553,0.529,0.727,0.531,0.596,0.434,0.377,0.318,0.502,0.472,0.62,-0.482,0.53,0.153,0.254,0.434,0.058,0.55,0.09,0.568,-0.349,-0.676,0.617,0.625,-0.526,0.644,0.481,0.517,0.063,0.375,0.176,0.594,0.534,0.08,0.529,0.472,0.27,0.623,0.589,0.61,0.316,0.271,0.58,0.285,0.447,-0.387,0.108,0.098,0.63,-0.435,0.653,0.534,0.526,0.605,0.694,0.592,0.571,0.476,0.408,0.641,0.177,0.293,0.573,0.419,0.587,0.565,0.637,0.085,0.654,0.298,-0.496,0.706,0.526,0.528,0.244,0.56,0.479,0.191,0.51,0.599,0.541,0.053,0.135,0.439,0.646,0.641,0.681,0.599,0.463,-0.368,0.634,0.538,0.462,0.606,0.217,0.441,0.646,0.387,0.439,0.092,0.524,0.629,-0.209,-0.4,-0.172,0.178,-0.05,0.693,0.161,0.476,0.731,0.546,-0.164,0.709,0.44,0.555,0.356,0.414,-0.059,0.591,0.567,0.586,0.274,0.559,0.563,0.068,0.6,0.588,-0.157,0.036,-0.248,0.571,0.512,0.521,0.285,0.664,0.211,0.162,0.654,0.274
APTO,-0.384,-0.444,0.546,0.433,-0.337,-0.506,0.304,-0.463,-0.34,-0.603,-0.529,-0.382,-0.227,-0.522,-0.38,-0.536,-0.183,-0.205,-0.601,0.0,-0.485,-0.447,-0.476,-0.429,-0.446,-0.058,-0.359,-0.451,0.468,-0.052,0.335,-0.424,-0.482,-0.518,-0.108,-0.552,-0.522,-0.457,-0.37,-0.382,-0.521,-0.58,-0.488,-0.307,-0.499,0.051,-0.534,-0.526,-0.528,-0.419,-0.445,-0.333,-0.049,0.47,0.023,-0.456,-0.499,-0.26,-0.417,0.032,-0.339,-0.406,-0.501,-0.377,-0.439,-0.387,-0.451,-0.287,-0.517,-0.429,-0.406,0.351,-0.477,-0.291,0.105,-0.491,-0.026,-0.41,-0.097,-0.494,0.383,0.413,-0.419,-0.474,0.307,-0.497,-0.327,-0.388,-0.136,-0.339,-0.158,-0.441,-0.479,-0.163,-0.428,-0.225,-0.318,-0.491,-0.493,-0.537,-0.244,-0.252,-0.446,0.013,-0.356,0.429,-0.123,-0.275,-0.455,0.204,-0.458,-0.465,-0.492,-0.5,-0.549,-0.588,-0.524,-0.356,-0.254,-0.387,-0.319,-0.216,-0.445,-0.428,-0.461,-0.512,-0.495,-0.034,-0.469,-0.038,0.21,-0.455,-0.506,-0.474,-0.163,-0.461,-0.425,-0.258,-0.284,-0.506,-0.373,0.321,-0.317,-0.386,-0.488,-0.564,-0.522,-0.525,-0.32,0.167,-0.384,-0.465,-0.341,-0.532,0.012,-0.359,-0.265,-0.16,-0.359,0.021,-0.495,-0.478,0.163,0.336,0.419,0.002,-0.231,-0.35,-0.302,-0.26,-0.53,-0.517,-0.002,-0.496,-0.441,-0.455,-0.519,-0.541,0.145,-0.469,-0.498,-0.383,-0.169,-0.493,-0.406,-0.173,-0.464,-0.426,0.213,0.051,-0.133,-0.311,-0.43,-0.511,-0.175,-0.426,-0.414,-0.381,-0.472,-0.011
ARCT,0.476,0.962,-0.237,-0.911,0.933,0.95,-0.506,0.909,0.315,0.508,0.88,0.905,0.816,0.696,0.678,0.899,0.904,0.803,0.616,-0.485,0.0,0.969,0.961,0.94,0.938,-0.303,0.926,0.43,-0.427,0.815,-0.865,0.932,0.855,0.931,-0.037,0.955,0.879,0.758,0.895,0.927,0.972,0.948,0.962,0.871,0.948,0.006,0.85,0.943,0.79,0.921,0.937,0.595,0.09,-0.227,-0.636,0.827,0.785,0.798,0.932,0.664,0.911,0.928,0.831,0.907,0.968,0.787,0.856,0.51,0.928,0.83,0.88,-0.887,0.923,0.517,0.306,0.28,0.106,0.938,0.639,0.954,-0.73,-0.736,0.945,0.891,-0.832,0.865,0.916,0.927,0.482,0.87,-0.403,0.972,0.92,0.299,0.901,0.853,0.412,0.977,0.916,0.861,0.679,0.843,0.84,0.52,0.933,-0.6,0.228,0.259,0.972,-0.492,0.986,0.948,0.452,0.959,0.955,0.895,0.946,0.887,0.88,0.928,-0.124,0.541,0.907,0.642,0.946,0.179,0.972,0.654,0.9,-0.432,-0.736,0.712,0.826,0.97,0.55,0.93,0.837,-0.1,0.926,0.87,0.917,-0.349,0.204,0.879,0.973,0.891,0.962,0.968,0.93,-0.85,0.906,0.953,0.589,0.935,0.607,0.815,0.471,0.565,0.841,0.605,0.938,0.97,-0.585,-0.822,0.159,0.193,-0.282,0.847,0.519,0.911,0.965,0.353,0.141,0.949,0.705,0.934,0.541,0.647,-0.518,0.95,0.912,0.951,0.234,0.906,0.96,0.096,0.916,0.866,-0.519,-0.007,-0.181,0.891,0.876,0.887,-0.079,0.95,0.073,0.514,0.929,0.702
ARWR,0.522,0.973,-0.171,-0.914,0.947,0.971,-0.554,0.94,0.449,0.487,0.906,0.964,0.851,0.747,0.71,0.923,0.9,0.83,0.553,-0.447,0.969,0.0,0.983,0.964,0.942,-0.263,0.947,0.427,-0.295,0.856,-0.827,0.974,0.914,0.949,-0.007,0.95,0.892,0.82,0.891,0.951,0.956,0.947,0.963,0.907,0.929,0.163,0.765,0.966,0.826,0.94,0.97,0.687,0.211,-0.179,-0.613,0.868,0.815,0.828,0.887,0.705,0.941,0.95,0.819,0.908,0.948,0.885,0.879,0.596,0.969,0.834,0.916,-0.854,0.956,0.6,0.31,0.27,0.236,0.973,0.761,0.955,-0.682,-0.625,0.919,0.824,-0.744,0.891,0.887,0.954,0.594,0.921,-0.455,0.977,0.961,0.461,0.949,0.901,0.437,0.969,0.956,0.901,0.72,0.864,0.88,0.577,0.948,-0.568,0.39,0.286,0.955,-0.358,0.966,0.966,0.515,0.964,0.937,0.914,0.966,0.919,0.9,0.92,-0.061,0.524,0.928,0.695,0.962,0.13,0.952,0.675,0.937,-0.512,-0.737,0.744,0.878,0.967,0.661,0.96,0.887,-0.009,0.929,0.935,0.897,-0.366,0.248,0.904,0.964,0.915,0.957,0.979,0.946,-0.813,0.85,0.957,0.657,0.932,0.642,0.863,0.476,0.61,0.891,0.645,0.972,0.967,-0.498,-0.778,0.243,0.203,-0.295,0.819,0.578,0.932,0.951,0.352,0.273,0.929,0.735,0.947,0.62,0.738,-0.596,0.955,0.942,0.961,0.325,0.95,0.961,0.099,0.95,0.897,-0.565,-0.056,-0.084,0.887,0.924,0.903,-0.142,0.908,0.17,0.626,0.945,0.721
ASND,0.594,0.978,-0.262,-0.945,0.919,0.979,-0.509,0.959,0.478,0.48,0.939,0.948,0.815,0.799,0.748,0.954,0.872,0.786,0.535,-0.476,0.961,0.983,0.0,0.935,0.913,-0.28,0.964,0.374,-0.27,0.823,-0.841,0.968,0.924,0.971,0.067,0.964,0.91,0.851,0.846,0.962,0.957,0.957,0.973,0.906,0.901,0.135,0.801,0.965,0.842,0.962,0.967,0.733,0.29,-0.301,-0.562,0.906,0.871,0.798,0.868,0.659,0.927,0.964,0.776,0.878,0.955,0.879,0.91,0.515,0.966,0.887,0.891,-0.842,0.973,0.608,0.337,0.351,0.23,0.944,0.746,0.933,-0.733,-0.606,0.892,0.84,-0.732,0.891,0.851,0.971,0.61,0.949,-0.472,0.972,0.948,0.446,0.963,0.877,0.346,0.978,0.956,0.919,0.773,0.844,0.894,0.542,0.933,-0.65,0.392,0.314,0.947,-0.36,0.956,0.974,0.505,0.978,0.94,0.924,0.98,0.946,0.86,0.886,-0.004,0.556,0.932,0.747,0.973,0.162,0.959,0.613,0.947,-0.515,-0.684,0.697,0.901,0.969,0.651,0.977,0.922,-0.011,0.903,0.932,0.898,-0.45,0.345,0.936,0.955,0.914,0.961,0.989,0.955,-0.806,0.811,0.975,0.67,0.952,0.571,0.892,0.414,0.642,0.924,0.579,0.975,0.965,-0.49,-0.837,0.163,0.167,-0.192,0.793,0.619,0.911,0.935,0.39,0.326,0.93,0.792,0.972,0.657,0.752,-0.656,0.971,0.961,0.949,0.379,0.962,0.965,0.128,0.958,0.911,-0.569,0.037,-0.075,0.854,0.948,0.898,-0.208,0.898,0.137,0.62,0.922,0.671
ASTH,0.367,0.918,-0.075,-0.83,0.943,0.922,-0.577,0.883,0.363,0.434,0.811,0.949,0.882,0.665,0.579,0.859,0.901,0.848,0.593,-0.429,0.94,0.964,0.935,0.0,0.936,-0.222,0.881,0.513,-0.343,0.871,-0.778,0.934,0.854,0.899,-0.151,0.903,0.851,0.715,0.949,0.893,0.91,0.892,0.932,0.884,0.932,0.161,0.735,0.93,0.748,0.866,0.935,0.596,0.051,-0.041,-0.668,0.784,0.727,0.844,0.902,0.767,0.914,0.884,0.875,0.884,0.922,0.838,0.801,0.663,0.926,0.733,0.938,-0.845,0.882,0.527,0.226,0.141,0.267,0.952,0.748,0.966,-0.617,-0.687,0.923,0.773,-0.758,0.836,0.898,0.903,0.51,0.844,-0.403,0.946,0.939,0.491,0.894,0.909,0.506,0.914,0.929,0.854,0.58,0.841,0.836,0.574,0.916,-0.412,0.367,0.278,0.919,-0.375,0.942,0.915,0.535,0.908,0.911,0.892,0.915,0.847,0.901,0.937,-0.133,0.506,0.89,0.575,0.909,0.099,0.895,0.669,0.916,-0.471,-0.77,0.79,0.806,0.913,0.684,0.9,0.797,0.048,0.931,0.927,0.875,-0.22,0.125,0.821,0.954,0.894,0.917,0.934,0.897,-0.799,0.856,0.894,0.587,0.858,0.741,0.787,0.561,0.584,0.806,0.62,0.935,0.946,-0.517,-0.68,0.366,0.183,-0.403,0.844,0.476,0.936,0.958,0.286,0.166,0.91,0.61,0.868,0.524,0.722,-0.455,0.892,0.873,0.945,0.238,0.886,0.905,0.037,0.889,0.855,-0.606,-0.21,-0.034,0.925,0.845,0.92,0.025,0.887,0.244,0.58,0.934,0.788
ATSG,0.446,0.921,-0.171,-0.864,0.913,0.912,-0.579,0.901,0.317,0.516,0.842,0.899,0.825,0.69,0.654,0.876,0.885,0.784,0.684,-0.446,0.938,0.942,0.913,0.936,0.0,-0.212,0.86,0.494,-0.372,0.8,-0.763,0.913,0.85,0.878,-0.006,0.928,0.846,0.705,0.907,0.851,0.94,0.908,0.906,0.833,0.939,-0.001,0.772,0.929,0.786,0.859,0.916,0.574,-0.012,-0.129,-0.6,0.809,0.767,0.769,0.895,0.657,0.89,0.882,0.879,0.856,0.913,0.8,0.788,0.615,0.89,0.746,0.911,-0.869,0.889,0.531,0.221,0.237,0.299,0.925,0.598,0.932,-0.588,-0.732,0.919,0.83,-0.792,0.878,0.875,0.875,0.449,0.814,-0.32,0.944,0.945,0.355,0.867,0.846,0.459,0.931,0.891,0.884,0.605,0.802,0.842,0.515,0.874,-0.523,0.308,0.27,0.929,-0.502,0.958,0.912,0.509,0.897,0.904,0.881,0.913,0.84,0.843,0.924,-0.111,0.481,0.881,0.615,0.895,0.139,0.906,0.624,0.904,-0.368,-0.729,0.757,0.83,0.907,0.643,0.888,0.813,0.033,0.907,0.888,0.836,-0.254,0.15,0.817,0.948,0.906,0.944,0.933,0.867,-0.829,0.837,0.894,0.579,0.877,0.651,0.751,0.571,0.52,0.809,0.572,0.894,0.935,-0.506,-0.733,0.231,0.121,-0.326,0.834,0.417,0.875,0.954,0.359,0.126,0.926,0.669,0.885,0.528,0.649,-0.457,0.899,0.871,0.928,0.23,0.891,0.91,0.092,0.889,0.881,-0.52,-0.113,-0.169,0.877,0.841,0.856,-0.022,0.89,0.195,0.469,0.931,0.668
AVTX,0.053,-0.349,0.232,0.229,-0.313,-0.309,-0.318,-0.225,0.182,0.357,-0.256,-0.209,-0.365,-0.146,-0.121,-0.265,-0.438,-0.384,0.168,-0.058,-0.303,-0.263,-0.28,-0.222,-0.212,0.0,-0.368,0.53,-0.069,-0.366,0.553,-0.2,-0.069,-0.311,0.233,-0.274,-0.105,0.016,-0.213,-0.389,-0.247,-0.154,-0.268,-0.375,-0.21,-0.144,-0.209,-0.144,-0.151,-0.411,-0.313,-0.068,-0.178,0.146,0.487,-0.21,-0.266,-0.347,-0.365,-0.446,-0.235,-0.311,-0.062,-0.29,-0.372,-0.157,-0.525,0.235,-0.307,-0.388,-0.128,0.354,-0.251,-0.316,-0.176,-0.049,0.097,-0.194,-0.234,-0.269,0.504,0.3,-0.301,-0.324,0.417,-0.09,-0.388,-0.359,-0.376,-0.32,0.487,-0.311,-0.301,-0.033,-0.184,-0.319,-0.031,-0.298,-0.121,-0.158,-0.227,-0.471,-0.211,0.178,-0.404,0.33,0.238,-0.454,-0.317,0.42,-0.277,-0.309,0.227,-0.27,-0.177,-0.262,-0.294,-0.323,-0.337,-0.271,0.534,-0.468,-0.294,-0.076,-0.23,0.349,-0.229,-0.475,-0.202,0.47,0.255,0.305,-0.131,-0.329,-0.136,-0.231,-0.227,0.446,-0.253,-0.089,-0.415,0.315,-0.073,-0.438,-0.279,-0.086,-0.201,-0.258,-0.377,0.489,-0.34,-0.392,0.305,-0.233,-0.27,-0.111,0.45,-0.25,-0.319,-0.342,-0.289,-0.262,0.732,0.381,-0.238,-0.015,0.1,-0.358,0.051,-0.372,-0.195,0.315,-0.007,-0.313,-0.095,-0.278,0.157,0.072,0.114,-0.269,-0.152,-0.331,0.17,-0.137,-0.362,-0.084,-0.141,-0.287,0.316,0.009,-0.114,-0.34,-0.21,-0.275,0.257,-0.272,0.234,0.011,-0.128,-0.389
BCPC,0.601,0.964,-0.215,-0.924,0.922,0.95,-0.387,0.937,0.396,0.36,0.898,0.917,0.842,0.765,0.692,0.919,0.891,0.818,0.466,-0.359,0.926,0.947,0.964,0.881,0.86,-0.368,0.0,0.26,-0.184,0.866,-0.874,0.933,0.885,0.966,0.05,0.925,0.851,0.827,0.798,0.977,0.909,0.907,0.956,0.926,0.83,0.163,0.761,0.917,0.766,0.961,0.949,0.74,0.36,-0.288,-0.617,0.904,0.849,0.839,0.863,0.692,0.94,0.969,0.695,0.878,0.945,0.852,0.918,0.395,0.929,0.926,0.83,-0.8,0.945,0.612,0.47,0.351,0.192,0.913,0.771,0.883,-0.756,-0.545,0.876,0.824,-0.73,0.828,0.847,0.983,0.648,0.965,-0.521,0.953,0.877,0.418,0.955,0.905,0.228,0.957,0.925,0.873,0.831,0.866,0.877,0.539,0.935,-0.649,0.354,0.311,0.932,-0.318,0.927,0.944,0.439,0.964,0.901,0.862,0.942,0.975,0.856,0.883,-0.076,0.628,0.934,0.741,0.962,0.086,0.942,0.643,0.917,-0.553,-0.704,0.584,0.842,0.957,0.641,0.959,0.907,-0.148,0.895,0.859,0.938,-0.442,0.338,0.963,0.925,0.833,0.926,0.949,0.979,-0.818,0.818,0.972,0.631,0.919,0.572,0.899,0.302,0.691,0.932,0.61,0.935,0.941,-0.556,-0.855,0.214,0.209,-0.204,0.81,0.596,0.921,0.881,0.306,0.354,0.919,0.763,0.959,0.59,0.691,-0.647,0.96,0.935,0.951,0.399,0.919,0.968,0.085,0.926,0.888,-0.478,0.116,-0.078,0.861,0.935,0.86,-0.29,0.897,0.016,0.586,0.869,0.717
BEAM,0.197,0.319,0.133,-0.338,0.372,0.342,-0.603,0.343,0.242,0.697,0.281,0.456,0.327,0.257,0.188,0.322,0.25,0.282,0.718,-0.451,0.43,0.427,0.374,0.513,0.494,0.53,0.26,0.0,-0.445,0.267,-0.053,0.415,0.448,0.327,-0.003,0.391,0.482,0.389,0.529,0.251,0.444,0.477,0.405,0.251,0.493,-0.186,0.406,0.498,0.325,0.181,0.32,0.217,-0.303,0.157,-0.101,0.292,0.205,0.255,0.413,0.127,0.42,0.295,0.62,0.417,0.325,0.367,0.061,0.588,0.34,0.142,0.504,-0.308,0.336,0.036,0.078,0.108,0.127,0.458,0.198,0.452,-0.028,-0.379,0.402,0.296,-0.237,0.456,0.317,0.285,-0.045,0.204,0.238,0.378,0.378,0.191,0.385,0.338,0.444,0.383,0.483,0.405,0.107,0.14,0.364,0.497,0.308,0.059,0.229,-0.149,0.396,-0.022,0.434,0.338,0.641,0.375,0.494,0.379,0.348,0.249,0.327,0.475,0.3,-0.004,0.317,0.202,0.393,0.439,0.423,0.058,0.444,0.248,-0.362,0.872,0.368,0.328,0.274,0.374,0.269,0.46,0.427,0.53,0.272,0.241,-0.082,0.151,0.427,0.513,0.455,0.393,0.262,-0.14,0.423,0.263,0.577,0.359,0.286,0.314,0.801,0.139,0.187,0.14,0.39,0.419,0.182,-0.086,0.027,0.277,-0.255,0.423,0.27,0.334,0.548,0.493,-0.092,0.406,0.283,0.311,0.335,0.444,-0.007,0.367,0.404,0.373,0.229,0.421,0.323,-0.05,0.448,0.342,-0.142,-0.183,-0.188,0.38,0.334,0.41,0.413,0.412,0.346,0.328,0.536,0.27
BILI,0.001,-0.294,0.138,0.279,-0.318,-0.278,0.259,-0.245,0.226,-0.482,-0.218,-0.196,-0.263,-0.098,-0.049,-0.256,-0.316,-0.304,-0.637,0.468,-0.427,-0.295,-0.27,-0.343,-0.372,-0.069,-0.184,-0.445,0.0,-0.103,0.316,-0.244,-0.221,-0.299,0.112,-0.354,-0.376,-0.118,-0.443,-0.233,-0.409,-0.415,-0.376,-0.115,-0.547,0.435,-0.559,-0.364,-0.224,-0.219,-0.248,0.061,0.506,0.073,0.3,-0.156,-0.165,-0.252,-0.475,-0.036,-0.241,-0.247,-0.449,-0.366,-0.379,-0.022,-0.156,-0.124,-0.252,-0.191,-0.399,0.336,-0.221,0.145,0.047,-0.127,0.524,-0.309,0.148,-0.372,0.37,0.659,-0.476,-0.503,0.518,-0.323,-0.387,-0.208,0.119,-0.089,-0.102,-0.354,-0.268,0.175,-0.197,-0.187,-0.356,-0.369,-0.272,-0.25,-0.006,-0.112,-0.219,-0.06,-0.257,0.256,0.184,0.022,-0.384,0.503,-0.43,-0.25,-0.208,-0.357,-0.429,-0.328,-0.299,-0.146,-0.266,-0.415,0.114,-0.105,-0.295,-0.08,-0.325,-0.541,-0.414,-0.062,-0.308,-0.271,0.503,-0.396,-0.146,-0.32,0.168,-0.253,-0.116,0.194,-0.24,-0.243,-0.37,0.029,0.123,-0.148,-0.424,-0.309,-0.406,-0.326,-0.225,0.276,-0.508,-0.291,-0.169,-0.369,-0.065,-0.141,-0.317,-0.05,-0.111,-0.07,-0.248,-0.384,0.309,0.228,0.264,-0.142,0.161,-0.41,-0.029,-0.254,-0.455,-0.236,0.459,-0.44,-0.049,-0.264,-0.02,-0.077,-0.185,-0.289,-0.26,-0.335,0.189,-0.223,-0.299,0.065,-0.314,-0.193,-0.022,0.198,0.257,-0.363,-0.167,-0.272,-0.343,-0.504,0.04,0.029,-0.352,-0.185
BJRI,0.242,0.828,0.142,-0.737,0.927,0.778,-0.44,0.755,0.187,0.11,0.642,0.873,0.906,0.469,0.422,0.69,0.935,0.9,0.336,-0.052,0.815,0.856,0.823,0.871,0.8,-0.366,0.866,0.267,-0.103,0.0,-0.741,0.82,0.695,0.792,-0.254,0.73,0.66,0.586,0.868,0.856,0.748,0.703,0.806,0.835,0.753,0.189,0.535,0.763,0.503,0.791,0.839,0.475,0.129,0.162,-0.823,0.674,0.573,0.882,0.83,0.905,0.875,0.807,0.659,0.833,0.826,0.756,0.719,0.503,0.776,0.684,0.805,-0.778,0.748,0.504,0.393,-0.072,0.226,0.847,0.839,0.843,-0.559,-0.511,0.857,0.631,-0.73,0.632,0.867,0.847,0.536,0.819,-0.616,0.847,0.784,0.449,0.797,0.944,0.377,0.8,0.796,0.675,0.574,0.879,0.686,0.658,0.91,-0.291,0.244,0.149,0.803,-0.289,0.832,0.774,0.417,0.785,0.73,0.668,0.756,0.844,0.916,0.88,-0.378,0.553,0.799,0.431,0.805,-0.202,0.791,0.806,0.791,-0.627,-0.8,0.564,0.627,0.838,0.671,0.788,0.685,-0.216,0.91,0.738,0.858,-0.145,-0.041,0.784,0.829,0.655,0.766,0.788,0.882,-0.844,0.77,0.804,0.512,0.688,0.837,0.734,0.355,0.538,0.736,0.767,0.802,0.826,-0.598,-0.652,0.613,0.237,-0.597,0.789,0.438,0.949,0.793,-0.028,0.136,0.8,0.492,0.76,0.279,0.512,-0.436,0.77,0.734,0.89,0.172,0.741,0.842,-0.178,0.766,0.733,-0.488,-0.155,-0.12,0.863,0.752,0.797,-0.09,0.786,-0.032,0.506,0.767,0.929
BLUE,-0.421,-0.885,0.245,0.785,-0.836,-0.872,0.151,-0.829,-0.154,-0.196,-0.785,-0.719,-0.787,-0.671,-0.537,-0.824,-0.85,-0.776,-0.417,0.335,-0.865,-0.827,-0.841,-0.778,-0.763,0.553,-0.874,-0.053,0.316,-0.741,0.0,-0.799,-0.72,-0.873,0.062,-0.857,-0.734,-0.613,-0.715,-0.9,-0.834,-0.811,-0.879,-0.862,-0.796,-0.121,-0.787,-0.796,-0.682,-0.879,-0.864,-0.563,-0.178,0.297,0.642,-0.775,-0.746,-0.804,-0.849,-0.621,-0.821,-0.883,-0.623,-0.777,-0.906,-0.626,-0.894,-0.255,-0.842,-0.856,-0.734,0.716,-0.818,-0.486,-0.36,-0.313,-0.039,-0.816,-0.577,-0.795,0.796,0.637,-0.85,-0.874,0.791,-0.699,-0.85,-0.877,-0.605,-0.831,0.459,-0.881,-0.771,-0.245,-0.808,-0.782,-0.19,-0.871,-0.785,-0.752,-0.697,-0.789,-0.794,-0.253,-0.821,0.665,-0.197,-0.437,-0.88,0.49,-0.858,-0.86,-0.118,-0.877,-0.841,-0.812,-0.856,-0.826,-0.774,-0.821,0.259,-0.667,-0.88,-0.636,-0.857,-0.137,-0.848,-0.599,-0.794,0.473,0.662,-0.376,-0.663,-0.872,-0.461,-0.829,-0.775,0.378,-0.788,-0.69,-0.92,0.428,-0.298,-0.895,-0.868,-0.707,-0.834,-0.851,-0.892,0.778,-0.847,-0.909,-0.352,-0.853,-0.472,-0.728,-0.133,-0.645,-0.826,-0.528,-0.802,-0.875,0.768,0.816,-0.135,-0.209,0.146,-0.798,-0.36,-0.834,-0.78,-0.171,-0.22,-0.871,-0.525,-0.844,-0.432,-0.536,0.466,-0.867,-0.802,-0.876,-0.187,-0.754,-0.882,-0.167,-0.776,-0.783,0.44,-0.056,0.018,-0.841,-0.777,-0.751,0.256,-0.894,0.056,-0.355,-0.766,-0.66
