,AAL,AAON,ACB,ACGL,ACGLO,ACIW,ADBE,ADSK,AEP,AGIO,ALEC,ALNY,ALTR,AMBA,AMCX,AMKR,AMRX,ANSS,APPN,APTO,ARCT,ARWR,ASND,ASTH,ATSG,AVTX,BCPC,BEAM,BILI,BJRI,BLUE,BPOP,BRKL,BWIN,BZUN,CARG,CBRL,CBSH,CBUS,CENTA,CERS,CFFN,CHCO,CHEF,CHRD,CINF,CLLS,CMCO,CMCSA,COLL,COMM,COOP,CPB,CRON,CROX,CRUS,CRWD,CTAS,CYBR,CYTK,DGII,DIOD,DOMO,DPZ,DSGR,DXCM,ERIE,ESTA,EXEL,FAST,FCEL,FCFS,FHB,FITBI,FSV,FTDR,FUTU,GLDD,GLPG,GLPI,GOGO,GOSS,GSAT,GYRE,HALO,HAS,HLIT,HLNE,HSDT,HSIC,HTHT,ICHR,IDYA,IMVT,INDB,INSM,IONS,IOSP,ITRI,JBHT,JBLU,JSM,KLIC,KOD,KURA,LAB,LASR,LIN,LKQ,LNT,MBUU,MCRI,MDGL,MEDP,MGNI,MGPI,MGRC,MKTX,MRNA,MRTN,MSEX,MSFT,MU,NAVI,NBTB,NEO,NEOG,NGNE,NSSC,NTAP,NTES,NTLA,NTRS,NYMTN,OBLG,OCFC,ON,ONC,OPI,OSIS,OSW,PALI,PANW,PCAR,PCRX,PCTY,PEBO,PLAB,PLAY,PLMR,PLSE,PLUS,PRTA,PSEC,PSNL,PTCT,PTON,QNST,QRVO,QTTB,RARE,RBCAA,RGNX,SAIC,SGMO,SINT,SNPS,SPSC,SPTN,SSYS,STNE,TBBK,TCPC,TENB,TGTX,TREE,TRUP,TTWO,TW,TXG,UBSI,UCTT,UFPT,UMBF,UPBD,URBN,VBTX,VCTR,VEON,VNET,VRSK,VSEC,WABC,WTFCM,WVE,WW,WWD,XEL,ZD,ZYME
AAL,0.0,-0.667,-0.357,0.635,-0.801,-0.736,-0.6,-0.605,-0.695,-0.368,-0.764,-0.63,-0.371,-0.777,0.182,-0.708,-0.681,-0.582,-0.808,0.658,0.519,-0.714,-0.632,-0.627,-0.809,-0.113,-0.833,-0.574,-0.258,-0.652,-0.751,-0.831,-0.856,-0.858,-0.854,-0.022,0.423,-0.841,0.081,0.176,-0.782,-0.815,-0.816,-0.673,-0.689,-0.779,-0.059,0.307,-0.361,-0.056,-0.639,-0.465,-0.598,-0.148,0.767,-0.82,0.555,-0.573,-0.622,-0.769,-0.711,-0.823,-0.485,0.765,-0.118,0.391,-0.619,-0.435,-0.512,-0.306,0.371,0.43,-0.861,-0.659,-0.797,0.071,-0.154,0.32,-0.657,-0.802,0.073,-0.768,-0.803,-0.644,-0.684,0.36,-0.707,-0.871,0.666,0.337,0.628,-0.68,-0.535,-0.803,-0.791,-0.821,-0.606,-0.281,-0.334,-0.733,-0.459,-0.658,-0.805,-0.338,-0.63,0.02,-0.065,0.222,-0.781,-0.864,0.546,-0.235,-0.514,-0.755,-0.659,-0.12,-0.557,-0.792,0.476,0.236,-0.902,-0.458,0.54,-0.532,-0.842,-0.808,0.175,-0.506,-0.677,-0.67,-0.036,-0.145,-0.822,-0.264,-0.56,-0.85,-0.698,0.282,-0.04,-0.783,-0.796,0.561,-0.453,0.466,0.678,-0.341,-0.788,-0.81,0.47,-0.698,-0.798,-0.605,-0.67,-0.478,-0.757,0.284,0.066,-0.147,-0.84,-0.708,-0.826,-0.793,-0.107,-0.244,0.096,0.166,-0.42,-0.796,0.131,-0.763,-0.801,-0.871,-0.633,-0.594,-0.887,-0.699,-0.757,0.562,-0.158,0.782,-0.815,-0.746,-0.813,-0.832,0.047,-0.568,-0.798,-0.612,-0.045,-0.411,-0.77,-0.676,-0.836,-0.41,-0.204,0.174,0.344,-0.011,0.769,-0.789
AAON,-0.667,0.0,-0.121,-0.368,0.806,0.934,0.732,0.872,0.547,0.051,0.438,0.844,0.549,0.465,-0.627,0.828,0.208,0.381,0.84,-0.822,-0.81,0.509,0.808,0.536,0.905,0.262,0.717,0.255,0.068,0.615,0.523,0.761,0.745,0.847,0.627,0.174,-0.665,0.837,-0.111,-0.205,0.542,0.773,0.828,0.712,0.781,0.84,-0.252,-0.391,0.597,0.382,0.254,0.3,0.817,-0.11,-0.857,0.756,-0.219,0.569,0.895,0.657,0.741,0.548,0.802,-0.668,-0.059,-0.457,0.84,0.453,0.695,0.117,-0.699,-0.558,0.779,0.666,0.646,-0.33,-0.227,-0.305,0.206,0.714,0.3,0.845,0.656,0.502,0.753,-0.619,0.799,0.824,-0.658,-0.562,-0.574,0.675,0.062,0.488,0.789,0.662,0.841,0.206,-0.044,0.671,0.816,0.463,0.838,-0.131,0.342,-0.408,-0.301,-0.21,0.749,0.757,-0.535,0.17,0.378,0.775,0.365,0.119,0.401,0.618,-0.791,0.272,0.74,0.622,-0.664,0.411,0.842,0.767,-0.472,0.257,0.617,0.677,0.435,-0.289,0.716,-0.035,0.569,0.821,0.434,-0.727,-0.238,0.749,0.792,-0.463,0.789,-0.645,-0.592,-0.1,0.807,0.668,-0.704,0.638,0.542,0.454,0.37,0.363,0.443,-0.613,-0.429,0.163,0.726,0.434,0.753,0.737,-0.186,0.526,-0.478,-0.246,0.433,0.8,-0.207,0.611,0.556,0.852,0.672,0.824,0.768,0.45,0.881,-0.545,0.54,-0.604,0.737,0.611,0.704,0.726,-0.291,0.175,0.814,0.474,-0.042,0.144,0.791,0.909,0.765,0.712,-0.245,-0.485,-0.579,-0.079,-0.556,0.444
ACB,-0.357,-0.121,0.0,-0.493,0.303,-0.127,-0.2,-0.058,0.612,0.392,0.693,-0.32,0.145,0.61,0.433,0.077,0.846,0.442,0.091,0.192,0.315,0.277,-0.244,0.502,0.027,-0.447,0.359,0.602,0.177,-0.004,0.568,0.341,0.418,0.225,0.43,0.14,0.4,0.236,0.292,-0.174,0.633,0.353,0.278,0.096,-0.069,0.121,0.595,0.271,-0.287,-0.386,0.77,0.675,-0.056,0.602,0.033,0.374,-0.49,0.337,-0.265,0.181,0.222,0.671,-0.388,-0.175,0.641,0.36,-0.197,0.263,-0.207,0.586,0.577,0.37,0.384,-0.085,0.456,0.468,0.511,0.136,0.787,0.481,-0.506,-0.069,0.343,0.405,-0.1,0.449,-0.105,0.273,-0.346,0.237,-0.043,0.091,0.752,0.566,0.251,0.397,-0.295,0.356,0.808,0.397,-0.162,0.481,0.293,0.83,0.476,0.778,0.806,0.249,0.233,0.32,0.071,0.551,0.228,0.315,0.67,0.294,0.5,0.613,0.355,-0.687,0.395,-0.266,0.328,0.395,0.272,0.253,0.593,0.47,0.348,0.16,-0.559,0.754,0.42,0.543,0.051,0.297,0.503,0.573,0.613,0.427,0.254,-0.074,-0.362,0.367,-0.204,0.792,0.3,0.487,0.462,0.404,0.619,0.561,0.473,0.585,0.637,0.379,0.783,0.216,0.328,0.668,0.293,0.396,0.564,-0.207,0.562,0.461,0.28,0.177,0.465,0.338,0.551,0.222,0.121,-0.258,0.259,0.725,0.138,-0.187,-0.382,-0.359,0.413,0.383,0.164,0.46,0.56,0.7,0.284,0.495,0.276,0.285,0.142,-0.199,0.428,-0.502,0.781,0.3,0.53,0.258,-0.567,0.711
ACGL,0.635,-0.368,-0.493,0.0,-0.543,-0.46,-0.554,-0.222,-0.515,-0.046,-0.662,-0.35,-0.477,-0.786,-0.198,-0.377,-0.733,-0.658,-0.652,0.134,0.351,-0.396,-0.423,-0.297,-0.529,0.458,-0.763,-0.493,0.253,-0.496,-0.564,-0.499,-0.587,-0.657,-0.744,0.093,0.367,-0.576,0.341,0.543,-0.685,-0.518,-0.439,-0.547,-0.337,-0.335,-0.551,0.418,0.098,-0.107,-0.502,-0.332,-0.322,-0.223,0.562,-0.669,0.254,-0.185,-0.422,-0.624,-0.485,-0.709,-0.072,0.717,-0.122,0.201,-0.205,-0.418,-0.052,0.063,-0.02,0.324,-0.555,-0.416,-0.651,0.282,-0.444,0.447,-0.471,-0.474,-0.172,-0.493,-0.733,-0.685,-0.21,0.4,-0.561,-0.696,0.645,0.513,0.565,-0.727,-0.449,-0.52,-0.586,-0.407,-0.29,-0.034,-0.565,-0.526,-0.117,-0.689,-0.597,-0.245,-0.328,-0.369,-0.132,0.442,-0.297,-0.496,0.505,0.076,-0.398,-0.381,-0.766,-0.027,-0.121,-0.746,0.395,0.403,-0.598,-0.438,0.324,-0.173,-0.585,-0.579,0.168,-0.768,-0.828,-0.557,0.001,-0.113,-0.554,-0.216,-0.309,-0.588,-0.896,0.076,0.168,-0.487,-0.737,0.622,-0.435,0.493,0.763,-0.437,-0.505,-0.748,0.176,-0.635,-0.755,-0.344,-0.357,-0.207,-0.747,0.313,-0.21,-0.22,-0.682,-0.778,-0.663,-0.615,0.111,0.291,0.126,0.306,-0.366,-0.585,0.299,-0.784,-0.767,-0.617,-0.598,-0.491,-0.569,-0.719,-0.412,0.621,0.038,0.668,-0.536,-0.791,-0.664,-0.568,0.221,-0.24,-0.49,-0.284,-0.277,-0.546,-0.426,-0.408,-0.567,-0.038,-0.59,0.241,0.363,0.205,0.643,-0.771
ACGLO,-0.801,0.806,0.303,-0.543,0.0,0.765,0.495,0.649,0.786,0.472,0.788,0.675,0.543,0.6,-0.228,0.681,0.554,0.415,0.816,-0.648,-0.46,0.791,0.702,0.71,0.798,0.12,0.715,0.676,0.121,0.48,0.809,0.878,0.868,0.846,0.763,0.348,-0.36,0.847,0.142,-0.132,0.751,0.844,0.871,0.588,0.617,0.818,0.014,-0.107,0.539,0.124,0.638,0.65,0.597,0.332,-0.798,0.771,-0.562,0.633,0.677,0.646,0.772,0.772,0.615,-0.64,0.322,-0.322,0.623,0.596,0.703,0.367,-0.378,-0.303,0.883,0.529,0.771,-0.069,0.092,-0.06,0.535,0.845,-0.095,0.752,0.696,0.51,0.673,-0.297,0.662,0.839,-0.65,-0.474,-0.49,0.542,0.387,0.7,0.833,0.825,0.724,0.453,0.365,0.832,0.622,0.512,0.809,0.33,0.651,-0.08,0.036,0.0,0.804,0.834,-0.338,0.436,0.484,0.909,0.573,0.327,0.633,0.808,-0.463,-0.013,0.887,0.337,-0.54,0.593,0.883,0.832,-0.069,0.479,0.598,0.61,0.218,0.159,0.838,0.086,0.669,0.863,0.554,-0.331,0.109,0.909,0.829,-0.5,0.526,-0.373,-0.504,0.303,0.877,0.763,-0.443,0.677,0.705,0.626,0.686,0.636,0.653,-0.283,-0.114,0.08,0.749,0.638,0.882,0.805,0.243,0.477,0.022,-0.027,0.274,0.819,0.075,0.705,0.725,0.849,0.596,0.636,0.83,0.69,0.902,-0.415,0.271,-0.685,0.858,0.604,0.638,0.884,0.04,0.47,0.872,0.752,-0.12,0.309,0.739,0.767,0.864,0.533,0.059,-0.173,-0.281,0.251,-0.695,0.73
ACIW,-0.736,0.934,-0.127,-0.46,0.765,0.0,0.866,0.827,0.551,0.062,0.509,0.898,0.457,0.556,-0.537,0.836,0.277,0.419,0.927,-0.833,-0.849,0.569,0.877,0.465,0.971,0.199,0.802,0.225,0.025,0.716,0.57,0.808,0.784,0.905,0.73,0.104,-0.719,0.907,-0.215,-0.248,0.593,0.813,0.842,0.715,0.833,0.887,-0.209,-0.533,0.622,0.455,0.297,0.236,0.828,-0.13,-0.941,0.8,-0.27,0.448,0.953,0.816,0.811,0.591,0.8,-0.814,-0.166,-0.555,0.848,0.433,0.709,0.002,-0.752,-0.684,0.82,0.762,0.705,-0.426,-0.2,-0.471,0.246,0.702,0.365,0.903,0.744,0.649,0.803,-0.691,0.926,0.895,-0.67,-0.611,-0.691,0.795,0.108,0.576,0.871,0.65,0.862,0.109,-0.031,0.7,0.806,0.501,0.867,-0.135,0.419,-0.389,-0.369,-0.406,0.755,0.814,-0.662,0.031,0.477,0.741,0.451,0.048,0.362,0.649,-0.865,0.194,0.777,0.71,-0.82,0.419,0.895,0.842,-0.593,0.404,0.69,0.75,0.4,-0.33,0.766,0.008,0.561,0.886,0.555,-0.731,-0.382,0.712,0.829,-0.618,0.867,-0.781,-0.689,-0.081,0.837,0.708,-0.742,0.685,0.605,0.443,0.462,0.267,0.504,-0.715,-0.477,0.234,0.817,0.516,0.821,0.788,-0.274,0.402,-0.56,-0.429,0.389,0.855,-0.345,0.689,0.628,0.923,0.765,0.925,0.822,0.464,0.834,-0.649,0.535,-0.702,0.776,0.718,0.851,0.758,-0.395,0.134,0.849,0.39,0.003,0.237,0.814,0.921,0.796,0.724,-0.138,-0.525,-0.716,-0.206,-0.589,0.511
ADBE,-0.6,0.732,-0.2,-0.554,0.495,0.866,0.0,0.629,0.316,-0.236,0.312,0.78,0.327,0.58,-0.38,0.728,0.24,0.54,0.846,-0.648,-0.891,0.268,0.768,0.15,0.843,0.03,0.78,-0.04,-0.115,0.732,0.316,0.55,0.551,0.764,0.659,-0.183,-0.785,0.739,-0.509,-0.423,0.432,0.593,0.59,0.691,0.758,0.651,-0.077,-0.786,0.349,0.507,0.096,-0.067,0.684,-0.325,-0.842,0.696,-0.026,0.207,0.903,0.805,0.638,0.468,0.555,-0.849,-0.45,-0.574,0.671,0.245,0.39,-0.314,-0.67,-0.83,0.598,0.744,0.542,-0.613,-0.092,-0.732,0.104,0.454,0.669,0.794,0.756,0.684,0.634,-0.85,0.878,0.794,-0.642,-0.629,-0.785,0.902,0.017,0.419,0.702,0.376,0.684,-0.244,-0.068,0.434,0.597,0.593,0.717,-0.327,0.133,-0.322,-0.46,-0.648,0.471,0.629,-0.831,-0.329,0.387,0.427,0.376,-0.244,0.001,0.531,-0.903,0.063,0.585,0.848,-0.798,0.151,0.7,0.656,-0.772,0.39,0.738,0.776,0.264,-0.498,0.555,0.09,0.391,0.709,0.665,-0.723,-0.646,0.437,0.704,-0.625,0.901,-0.933,-0.815,-0.189,0.574,0.627,-0.711,0.623,0.54,0.177,0.199,-0.034,0.473,-0.843,-0.479,0.259,0.753,0.451,0.638,0.615,-0.559,0.007,-0.736,-0.695,0.47,0.681,-0.666,0.7,0.585,0.78,0.846,0.897,0.672,0.336,0.553,-0.809,0.454,-0.67,0.537,0.777,0.881,0.518,-0.666,-0.094,0.615,0.055,0.207,0.304,0.689,0.764,0.575,0.522,0.004,-0.547,-0.829,-0.518,-0.507,0.405
ADSK,-0.605,0.872,-0.058,-0.222,0.649,0.827,0.629,0.0,0.521,-0.023,0.356,0.654,0.516,0.444,-0.753,0.86,0.206,0.44,0.686,-0.785,-0.785,0.351,0.598,0.562,0.829,0.221,0.679,0.078,0.231,0.587,0.426,0.731,0.71,0.753,0.536,0.06,-0.546,0.79,-0.07,-0.09,0.463,0.759,0.801,0.633,0.75,0.817,-0.314,-0.348,0.499,0.308,0.235,0.324,0.838,-0.17,-0.699,0.715,-0.253,0.618,0.757,0.582,0.724,0.53,0.673,-0.591,-0.082,-0.279,0.813,0.205,0.522,0.26,-0.663,-0.457,0.746,0.627,0.632,-0.147,-0.33,-0.317,0.303,0.673,0.226,0.703,0.533,0.526,0.693,-0.459,0.674,0.75,-0.631,-0.267,-0.455,0.571,0.056,0.521,0.705,0.609,0.633,0.163,-0.097,0.626,0.764,0.441,0.843,-0.097,0.3,-0.359,-0.171,-0.157,0.751,0.72,-0.491,0.26,0.271,0.685,0.341,0.112,0.473,0.529,-0.707,0.209,0.674,0.59,-0.48,0.433,0.764,0.701,-0.388,0.138,0.542,0.636,0.211,-0.225,0.702,0.131,0.432,0.77,0.374,-0.62,-0.106,0.682,0.611,-0.314,0.621,-0.507,-0.54,-0.104,0.76,0.614,-0.603,0.584,0.483,0.556,0.339,0.416,0.374,-0.55,-0.305,0.267,0.708,0.434,0.589,0.713,-0.19,0.504,-0.501,-0.057,0.648,0.726,-0.116,0.445,0.442,0.784,0.602,0.65,0.679,0.406,0.742,-0.533,0.585,-0.56,0.715,0.582,0.673,0.679,-0.139,0.323,0.766,0.432,0.096,-0.057,0.795,0.731,0.754,0.564,-0.208,-0.506,-0.404,-0.14,-0.571,0.364
AEP,-0.695,0.547,0.612,-0.515,0.786,0.551,0.316,0.521,0.0,0.5,0.87,0.331,0.451,0.674,-0.008,0.507,0.728,0.45,0.61,-0.415,-0.208,0.661,0.363,0.847,0.644,-0.169,0.675,0.681,0.163,0.474,0.828,0.824,0.887,0.735,0.753,0.388,-0.012,0.754,0.368,-0.012,0.797,0.85,0.824,0.466,0.524,0.75,0.292,0.111,0.387,0.095,0.811,0.844,0.448,0.578,-0.549,0.676,-0.667,0.556,0.405,0.639,0.812,0.803,0.395,-0.546,0.566,0.029,0.438,0.516,0.469,0.58,-0.047,-0.048,0.836,0.434,0.851,0.257,0.211,0.067,0.707,0.876,-0.243,0.467,0.593,0.63,0.421,0.04,0.433,0.772,-0.613,-0.13,-0.242,0.392,0.523,0.726,0.81,0.699,0.32,0.557,0.626,0.858,0.556,0.545,0.781,0.587,0.783,0.331,0.369,0.104,0.779,0.827,-0.145,0.632,0.395,0.822,0.716,0.542,0.73,0.854,-0.2,-0.17,0.844,0.087,-0.322,0.784,0.811,0.809,0.225,0.578,0.558,0.46,-0.074,0.463,0.867,0.389,0.429,0.817,0.579,0.056,0.359,0.891,0.706,-0.373,0.271,-0.109,-0.417,0.567,0.851,0.742,-0.037,0.746,0.749,0.841,0.763,0.684,0.692,-0.126,0.212,0.249,0.651,0.758,0.751,0.829,0.464,0.372,0.189,0.176,0.317,0.749,0.348,0.631,0.683,0.725,0.591,0.415,0.673,0.853,0.705,-0.346,0.159,-0.562,0.89,0.566,0.557,0.886,0.377,0.685,0.852,0.801,0.077,0.252,0.59,0.457,0.868,0.225,0.436,0.007,0.009,0.398,-0.689,0.801
AGIO,-0.368,0.051,0.392,-0.046,0.472,0.062,-0.236,-0.023,0.5,0.0,0.617,0.085,-0.09,0.14,0.322,-0.028,0.369,-0.07,0.162,-0.143,0.373,0.737,0.142,0.562,0.113,0.153,0.071,0.656,0.241,0.01,0.647,0.443,0.423,0.188,0.297,0.399,0.351,0.271,0.597,0.385,0.387,0.33,0.382,-0.03,0.081,0.313,0.109,0.536,0.45,-0.288,0.672,0.671,-0.089,0.584,-0.167,0.139,-0.666,0.29,-0.062,0.144,0.327,0.349,0.243,0.015,0.627,0.015,0.128,0.309,0.487,0.594,0.12,0.294,0.407,0.119,0.379,0.506,0.294,0.51,0.464,0.47,-0.638,0.094,0.075,0.032,0.213,0.48,0.024,0.19,-0.003,0.185,0.117,-0.216,0.428,0.434,0.304,0.499,0.144,0.668,0.443,0.514,0.177,-0.016,0.132,0.71,0.776,0.206,0.353,0.46,0.483,0.375,0.352,0.608,0.207,0.515,0.301,0.6,0.666,0.319,0.334,-0.057,0.45,-0.379,-0.064,0.628,0.316,0.346,0.543,0.232,-0.042,-0.086,-0.102,0.676,0.449,0.107,0.295,0.287,0.039,0.369,0.583,0.482,0.185,-0.118,-0.199,0.334,0.192,0.568,0.379,0.219,0.142,0.146,0.243,0.482,0.788,0.504,0.269,0.458,0.191,-0.124,0.125,0.262,0.406,0.252,0.784,0.473,0.668,0.352,-0.302,0.332,0.524,0.17,0.22,0.216,-0.066,0.003,0.31,0.37,0.355,0.326,-0.149,-0.147,0.419,-0.079,0.016,0.467,0.575,0.529,0.379,0.705,-0.388,0.164,0.172,0.118,0.366,0.209,0.142,0.493,0.323,0.651,-0.205,0.433
ALEC,-0.764,0.438,0.693,-0.662,0.788,0.509,0.312,0.356,0.87,0.617,0.0,0.36,0.32,0.79,0.155,0.469,0.857,0.502,0.675,-0.374,-0.132,0.793,0.438,0.732,0.616,-0.156,0.731,0.784,0.139,0.428,0.939,0.819,0.855,0.737,0.825,0.324,-0.029,0.767,0.237,-0.176,0.918,0.798,0.764,0.456,0.411,0.675,0.35,0.01,0.303,-0.055,0.918,0.768,0.365,0.542,-0.608,0.743,-0.703,0.519,0.366,0.69,0.73,0.908,0.282,-0.601,0.536,-0.112,0.373,0.566,0.455,0.506,-0.006,-0.08,0.848,0.423,0.84,0.153,0.325,-0.057,0.81,0.856,-0.302,0.518,0.704,0.667,0.458,0.042,0.521,0.76,-0.595,-0.209,-0.424,0.482,0.721,0.841,0.769,0.771,0.367,0.522,0.685,0.838,0.384,0.573,0.718,0.713,0.837,0.383,0.411,0.051,0.722,0.791,-0.241,0.535,0.585,0.788,0.816,0.399,0.716,0.89,-0.161,-0.393,0.856,0.123,-0.346,0.673,0.797,0.771,0.2,0.724,0.643,0.503,-0.153,0.526,0.853,0.356,0.457,0.795,0.71,0.101,0.309,0.836,0.742,-0.487,0.225,-0.14,-0.486,0.679,0.796,0.817,-0.046,0.704,0.864,0.753,0.867,0.66,0.812,-0.026,0.318,0.217,0.726,0.843,0.853,0.78,0.439,0.193,0.271,0.1,0.217,0.733,0.242,0.716,0.834,0.746,0.516,0.398,0.743,0.867,0.661,-0.382,-0.027,-0.689,0.842,0.659,0.615,0.88,0.283,0.651,0.787,0.728,0.064,0.454,0.594,0.444,0.84,0.142,0.53,0.031,-0.005,0.252,-0.749,0.93
ALNY,-0.63,0.844,-0.32,-0.35,0.675,0.898,0.78,0.654,0.331,0.085,0.36,0.0,0.381,0.366,-0.535,0.713,0.103,0.258,0.849,-0.844,-0.8,0.607,0.951,0.223,0.848,0.391,0.645,0.246,0.088,0.558,0.442,0.653,0.597,0.76,0.635,0.015,-0.827,0.755,-0.363,-0.254,0.415,0.612,0.668,0.582,0.714,0.74,-0.364,-0.578,0.588,0.339,0.093,0.016,0.755,-0.272,-0.904,0.653,-0.221,0.416,0.914,0.686,0.589,0.416,0.807,-0.724,-0.319,-0.763,0.764,0.424,0.77,-0.156,-0.851,-0.77,0.65,0.706,0.503,-0.508,-0.14,-0.484,0.143,0.493,0.334,0.938,0.643,0.378,0.849,-0.739,0.891,0.724,-0.452,-0.672,-0.695,0.698,-0.029,0.466,0.683,0.601,0.959,0.009,-0.233,0.49,0.663,0.362,0.65,-0.258,0.29,-0.611,-0.591,-0.382,0.606,0.675,-0.67,-0.137,0.542,0.627,0.212,-0.129,0.215,0.447,-0.809,0.187,0.648,0.728,-0.815,0.191,0.741,0.628,-0.673,0.239,0.519,0.682,0.471,-0.421,0.568,-0.173,0.634,0.709,0.404,-0.751,-0.467,0.533,0.7,-0.604,0.83,-0.788,-0.6,-0.285,0.645,0.521,-0.873,0.4,0.411,0.152,0.403,0.19,0.372,-0.611,-0.623,-0.064,0.672,0.259,0.737,0.538,-0.34,0.374,-0.532,-0.488,0.169,0.683,-0.475,0.553,0.524,0.785,0.602,0.848,0.782,0.205,0.697,-0.517,0.43,-0.64,0.557,0.562,0.729,0.582,-0.548,0.017,0.661,0.253,-0.183,0.371,0.762,0.938,0.582,0.762,-0.349,-0.511,-0.781,-0.174,-0.451,0.331
ALTR,-0.371,0.549,0.145,-0.477,0.543,0.457,0.327,0.516,0.451,-0.09,0.32,0.381,0.0,0.287,-0.29,0.408,0.269,0.359,0.417,-0.196,-0.404,0.309,0.375,0.315,0.451,-0.232,0.472,0.364,-0.164,0.308,0.297,0.435,0.47,0.51,0.405,0.148,-0.355,0.436,-0.101,-0.139,0.32,0.46,0.438,0.426,0.279,0.372,0.146,-0.153,0.046,0.3,0.124,0.345,0.42,0.138,-0.396,0.441,-0.055,0.344,0.449,0.335,0.499,0.384,0.289,-0.358,0.155,-0.064,0.355,0.31,0.248,0.05,-0.182,-0.155,0.43,0.222,0.41,-0.166,0.099,-0.123,0.21,0.327,0.174,0.415,0.339,0.302,0.2,-0.346,0.393,0.5,-0.446,-0.364,-0.156,0.369,0.042,0.231,0.477,0.328,0.384,0.225,0.304,0.482,0.246,0.337,0.582,-0.055,0.124,-0.012,-0.107,-0.207,0.305,0.328,-0.221,0.119,0.207,0.402,0.357,0.248,0.155,0.427,-0.378,0.106,0.41,0.337,-0.155,0.13,0.486,0.472,-0.121,0.358,0.52,0.39,0.263,-0.041,0.387,-0.12,0.235,0.469,0.41,-0.24,-0.072,0.5,0.563,-0.342,0.459,-0.31,-0.404,0.004,0.491,0.497,-0.23,0.43,0.329,0.345,0.18,0.331,0.341,-0.307,-0.032,0.128,0.462,0.39,0.45,0.49,-0.091,0.158,-0.213,0.005,0.397,0.478,0.038,0.403,0.336,0.456,0.471,0.409,0.372,0.437,0.476,-0.302,0.185,-0.356,0.465,0.434,0.331,0.432,-0.058,0.194,0.455,0.311,0.155,0.05,0.381,0.465,0.482,0.241,0.143,-0.402,-0.26,0.048,-0.397,0.313
AMBA,-0.777,0.465,0.61,-0.786,0.6,0.556,0.58,0.444,0.674,0.14,0.79,0.366,0.287,0.0,0.012,0.611,0.889,0.832,0.706,-0.406,-0.435,0.464,0.409,0.528,0.68,-0.192,0.914,0.466,0.168,0.629,0.688,0.669,0.741,0.767,0.869,-0.076,-0.272,0.753,-0.194,-0.49,0.864,0.703,0.668,0.707,0.517,0.578,0.37,-0.39,0.05,-0.027,0.683,0.442,0.505,0.134,-0.628,0.841,-0.428,0.542,0.466,0.793,0.629,0.928,0.123,-0.757,0.125,-0.192,0.434,0.4,0.147,0.304,-0.082,-0.361,0.764,0.578,0.794,-0.027,0.368,-0.496,0.752,0.757,0.077,0.584,0.896,0.826,0.461,-0.249,0.622,0.816,-0.725,-0.238,-0.702,0.771,0.706,0.798,0.676,0.672,0.294,0.147,0.518,0.635,0.331,0.854,0.78,0.458,0.484,0.348,0.326,-0.189,0.601,0.762,-0.614,0.221,0.529,0.561,0.801,0.014,0.478,0.901,-0.372,-0.533,0.784,0.497,-0.342,0.445,0.73,0.66,-0.105,0.602,0.834,0.68,-0.324,0.261,0.746,0.565,0.369,0.754,0.912,-0.081,0.06,0.674,0.736,-0.457,0.333,-0.393,-0.828,0.525,0.642,0.917,-0.187,0.749,0.955,0.585,0.552,0.456,0.921,-0.274,0.322,0.36,0.849,0.848,0.721,0.737,0.017,-0.121,-0.11,-0.144,0.616,0.679,-0.158,0.831,0.929,0.774,0.685,0.45,0.769,0.816,0.531,-0.737,0.049,-0.789,0.706,0.902,0.82,0.743,-0.057,0.536,0.66,0.424,0.382,0.527,0.706,0.471,0.768,-0.001,0.576,-0.13,-0.175,-0.217,-0.817,0.88
AMCX,0.182,-0.627,0.433,-0.198,-0.228,-0.537,-0.38,-0.753,-0.008,0.322,0.155,-0.535,-0.29,0.012,0.0,-0.621,0.279,-0.068,-0.32,0.659,0.705,-0.001,-0.414,-0.112,-0.486,-0.475,-0.26,0.274,-0.302,-0.235,0.042,-0.292,-0.23,-0.352,-0.102,0.095,0.587,-0.371,0.222,0.058,-0.017,-0.31,-0.382,-0.315,-0.463,-0.459,0.652,0.378,-0.326,-0.276,0.294,0.147,-0.679,0.513,0.395,-0.346,-0.088,-0.448,-0.55,-0.187,-0.251,-0.055,-0.532,0.263,0.376,0.325,-0.602,0.068,-0.382,-0.018,0.75,0.43,-0.288,-0.349,-0.139,0.258,0.555,0.308,0.057,-0.206,-0.275,-0.498,-0.161,-0.069,-0.559,0.45,-0.439,-0.288,0.233,0.204,0.278,-0.286,0.273,-0.141,-0.23,-0.294,-0.534,0.116,0.6,-0.128,-0.517,-0.104,-0.401,0.449,0.142,0.671,0.41,0.133,-0.353,-0.301,0.403,-0.009,-0.172,-0.319,0.162,0.201,-0.125,-0.016,0.598,-0.318,-0.2,-0.537,0.279,0.024,-0.327,-0.2,0.52,0.305,-0.152,-0.379,-0.306,0.506,-0.201,0.126,-0.226,-0.315,0.091,0.708,0.262,-0.22,-0.176,0.046,-0.47,0.38,0.234,0.526,-0.314,-0.14,0.647,-0.093,-0.016,-0.066,0.062,-0.101,0.066,0.453,0.463,0.009,-0.294,0.089,-0.178,-0.217,0.434,-0.408,0.652,0.045,-0.416,-0.265,0.243,0.023,-0.036,-0.379,-0.228,-0.374,-0.343,0.143,-0.374,0.293,-0.548,0.235,-0.222,-0.208,-0.317,-0.196,0.323,-0.012,-0.315,-0.021,0.077,0.219,-0.521,-0.524,-0.267,-0.473,0.592,0.603,0.375,0.264,0.186,0.17
AMKR,-0.708,0.828,0.077,-0.377,0.681,0.836,0.728,0.86,0.507,-0.028,0.469,0.713,0.408,0.611,-0.621,0.0,0.362,0.549,0.823,-0.812,-0.828,0.387,0.668,0.426,0.858,0.236,0.795,0.145,0.316,0.486,0.495,0.777,0.722,0.809,0.672,-0.048,-0.664,0.862,-0.26,-0.316,0.588,0.799,0.809,0.567,0.74,0.828,-0.31,-0.562,0.363,0.204,0.337,0.223,0.86,-0.228,-0.799,0.881,-0.332,0.629,0.776,0.651,0.667,0.685,0.531,-0.792,-0.195,-0.437,0.678,0.25,0.477,0.142,-0.679,-0.6,0.801,0.599,0.598,-0.333,-0.188,-0.513,0.46,0.697,0.255,0.815,0.739,0.601,0.804,-0.587,0.762,0.815,-0.754,-0.394,-0.715,0.753,0.2,0.715,0.746,0.704,0.715,-0.028,-0.031,0.564,0.617,0.604,0.841,-0.061,0.29,-0.36,-0.182,-0.305,0.688,0.775,-0.729,0.121,0.452,0.709,0.406,-0.17,0.416,0.632,-0.761,-0.122,0.725,0.677,-0.528,0.295,0.821,0.677,-0.513,0.237,0.646,0.898,0.116,-0.276,0.731,0.169,0.548,0.841,0.547,-0.669,-0.229,0.65,0.668,-0.419,0.644,-0.612,-0.688,-0.124,0.752,0.695,-0.713,0.59,0.629,0.423,0.373,0.461,0.551,-0.592,-0.282,0.186,0.853,0.515,0.692,0.738,-0.28,0.258,-0.477,-0.18,0.647,0.656,-0.287,0.536,0.666,0.872,0.659,0.64,0.816,0.45,0.727,-0.779,0.404,-0.813,0.725,0.78,0.821,0.734,-0.314,0.318,0.769,0.345,0.194,0.151,0.867,0.742,0.782,0.404,-0.108,-0.552,-0.446,-0.293,-0.793,0.514
AMRX,-0.681,0.208,0.846,-0.733,0.554,0.277,0.24,0.206,0.728,0.369,0.857,0.103,0.269,0.889,0.279,0.362,0.0,0.716,0.477,-0.143,-0.072,0.521,0.164,0.582,0.433,-0.316,0.721,0.653,0.192,0.41,0.722,0.594,0.678,0.577,0.765,0.023,0.038,0.574,0.053,-0.286,0.819,0.596,0.547,0.476,0.294,0.417,0.549,-0.049,-0.054,-0.226,0.816,0.637,0.239,0.443,-0.38,0.66,-0.57,0.477,0.153,0.593,0.515,0.882,-0.067,-0.544,0.417,0.027,0.188,0.383,0.051,0.49,0.227,-0.038,0.661,0.351,0.741,0.264,0.524,-0.19,0.844,0.686,-0.247,0.338,0.692,0.663,0.248,0.089,0.344,0.639,-0.573,-0.027,-0.418,0.479,0.781,0.759,0.547,0.611,0.058,0.316,0.735,0.616,0.113,0.741,0.608,0.705,0.594,0.589,0.57,0.026,0.514,0.639,-0.3,0.409,0.433,0.499,0.811,0.206,0.564,0.842,-0.006,-0.627,0.698,0.159,-0.079,0.52,0.583,0.545,0.266,0.609,0.654,0.453,-0.453,0.594,0.675,0.595,0.299,0.606,0.805,0.286,0.368,0.641,0.585,-0.355,0.021,-0.053,-0.593,0.738,0.548,0.798,0.103,0.636,0.86,0.638,0.647,0.582,0.859,0.068,0.533,0.284,0.669,0.823,0.606,0.632,0.349,-0.121,0.266,0.113,0.436,0.534,0.137,0.693,0.825,0.579,0.47,0.163,0.621,0.862,0.411,-0.47,-0.155,-0.642,0.643,0.702,0.575,0.689,0.27,0.701,0.552,0.554,0.323,0.504,0.506,0.215,0.678,-0.196,0.731,0.115,0.142,0.077,-0.736,0.883
ANSS,-0.582,0.381,0.442,-0.658,0.415,0.419,0.54,0.44,0.45,-0.07,0.502,0.258,0.359,0.832,-0.068,0.549,0.716,0.0,0.526,-0.293,-0.468,0.219,0.276,0.318,0.526,-0.143,0.791,0.194,0.206,0.576,0.375,0.44,0.511,0.553,0.715,-0.294,-0.302,0.558,-0.354,-0.407,0.565,0.469,0.462,0.656,0.415,0.372,0.304,-0.433,-0.07,-0.074,0.388,0.254,0.433,-0.117,-0.46,0.676,-0.255,0.496,0.382,0.598,0.475,0.721,-0.028,-0.639,-0.087,-0.133,0.352,0.104,-0.032,0.202,-0.106,-0.409,0.545,0.528,0.606,-0.023,0.427,-0.553,0.573,0.506,0.235,0.468,0.728,0.664,0.328,-0.301,0.494,0.659,-0.668,-0.13,-0.617,0.67,0.441,0.606,0.448,0.478,0.163,-0.079,0.347,0.409,0.168,0.82,0.652,0.217,0.209,0.228,0.207,-0.164,0.406,0.581,-0.625,0.073,0.271,0.3,0.575,-0.097,0.269,0.693,-0.324,-0.448,0.57,0.594,-0.203,0.263,0.506,0.422,-0.17,0.349,0.714,0.602,-0.426,0.12,0.516,0.55,0.213,0.545,0.799,-0.095,0.006,0.462,0.521,-0.29,0.279,-0.395,-0.815,0.35,0.398,0.767,-0.201,0.553,0.711,0.38,0.325,0.296,0.768,-0.291,0.241,0.266,0.711,0.623,0.485,0.505,-0.159,-0.212,-0.236,-0.123,0.786,0.512,-0.277,0.67,0.725,0.588,0.61,0.342,0.61,0.591,0.326,-0.71,0.075,-0.659,0.466,0.778,0.703,0.503,-0.146,0.434,0.438,0.209,0.569,0.391,0.66,0.382,0.561,-0.099,0.458,-0.157,-0.149,-0.305,-0.677,0.623
APPN,-0.808,0.84,0.091,-0.652,0.816,0.927,0.846,0.686,0.61,0.162,0.675,0.849,0.417,0.706,-0.32,0.823,0.477,0.526,0.0,-0.757,-0.758,0.635,0.87,0.449,0.948,0.093,0.876,0.382,0.002,0.659,0.703,0.842,0.825,0.936,0.84,0.095,-0.67,0.935,-0.262,-0.392,0.735,0.846,0.84,0.66,0.754,0.852,-0.054,-0.561,0.488,0.303,0.471,0.302,0.758,-0.014,-0.97,0.891,-0.392,0.445,0.887,0.839,0.779,0.745,0.658,-0.906,-0.086,-0.572,0.701,0.488,0.635,-0.009,-0.618,-0.653,0.874,0.714,0.752,-0.454,-0.017,-0.503,0.421,0.748,0.293,0.91,0.856,0.711,0.769,-0.661,0.919,0.936,-0.745,-0.662,-0.788,0.869,0.27,0.718,0.889,0.709,0.825,0.087,0.165,0.724,0.66,0.617,0.852,0.034,0.505,-0.23,-0.242,-0.431,0.724,0.847,-0.715,0.024,0.585,0.773,0.592,-0.025,0.362,0.769,-0.791,-0.072,0.85,0.675,-0.782,0.375,0.928,0.843,-0.525,0.58,0.793,0.842,0.276,-0.206,0.817,0.045,0.63,0.916,0.735,-0.612,-0.348,0.744,0.888,-0.687,0.804,-0.77,-0.775,0.085,0.847,0.799,-0.679,0.727,0.752,0.434,0.554,0.332,0.665,-0.632,-0.307,0.152,0.898,0.665,0.92,0.819,-0.209,0.226,-0.401,-0.434,0.371,0.849,-0.369,0.781,0.8,0.956,0.778,0.868,0.884,0.585,0.801,-0.732,0.352,-0.851,0.809,0.832,0.899,0.827,-0.39,0.198,0.856,0.417,0.047,0.421,0.816,0.863,0.833,0.565,0.053,-0.471,-0.651,-0.199,-0.757,0.7
APTO,0.658,-0.822,0.192,0.134,-0.648,-0.833,-0.648,-0.785,-0.415,-0.143,-0.374,-0.844,-0.196,-0.406,0.659,-0.812,-0.143,-0.293,-0.757,0.0,0.746,-0.525,-0.77,-0.406,-0.828,-0.553,-0.617,-0.192,-0.433,-0.495,-0.45,-0.694,-0.639,-0.712,-0.601,-0.017,0.649,-0.767,0.161,0.158,-0.467,-0.681,-0.75,-0.535,-0.728,-0.82,0.544,0.43,-0.642,-0.176,-0.211,-0.13,-0.799,0.243,0.807,-0.685,0.353,-0.649,-0.791,-0.615,-0.586,-0.495,-0.751,0.648,0.242,0.602,-0.771,-0.287,-0.744,-0.166,0.835,0.639,-0.705,-0.671,-0.524,0.255,0.267,0.373,-0.321,-0.634,-0.119,-0.861,-0.609,-0.362,-0.923,0.52,-0.756,-0.696,0.474,0.387,0.632,-0.58,-0.081,-0.593,-0.634,-0.725,-0.826,-0.072,0.283,-0.481,-0.733,-0.371,-0.676,0.092,-0.369,0.587,0.342,0.119,-0.746,-0.784,0.605,-0.145,-0.506,-0.717,-0.179,0.119,-0.468,-0.473,0.696,-0.088,-0.693,-0.628,0.682,-0.353,-0.739,-0.594,0.504,-0.05,-0.382,-0.674,-0.229,0.303,-0.63,-0.047,-0.648,-0.726,-0.282,0.676,0.197,-0.609,-0.571,0.388,-0.63,0.577,0.5,0.2,-0.672,-0.514,0.788,-0.383,-0.447,-0.312,-0.447,-0.364,-0.375,0.467,0.482,0.008,-0.651,-0.254,-0.664,-0.556,0.174,-0.516,0.406,0.197,-0.347,-0.634,0.278,-0.435,-0.514,-0.777,-0.506,-0.658,-0.793,-0.217,-0.716,0.491,-0.47,0.616,-0.611,-0.511,-0.689,-0.629,0.315,-0.277,-0.703,-0.38,0.135,-0.222,-0.853,-0.831,-0.645,-0.649,0.406,0.383,0.515,0.071,0.531,-0.342
ARCT,0.519,-0.81,0.315,0.351,-0.46,-0.849,-0.891,-0.785,-0.208,0.373,-0.132,-0.8,-0.404,-0.435,0.705,-0.828,-0.072,-0.468,-0.758,0.746,0.0,-0.162,-0.731,-0.121,-0.818,-0.211,-0.694,0.142,-0.052,-0.614,-0.184,-0.518,-0.487,-0.709,-0.532,0.211,0.87,-0.693,0.545,0.382,-0.302,-0.558,-0.581,-0.644,-0.749,-0.649,0.329,0.773,-0.322,-0.434,0.079,0.138,-0.835,0.491,0.779,-0.681,-0.026,-0.362,-0.885,-0.632,-0.533,-0.376,-0.596,0.756,0.539,0.574,-0.723,-0.119,-0.392,0.246,0.803,0.797,-0.552,-0.693,-0.426,0.58,0.258,0.693,-0.06,-0.398,-0.625,-0.806,-0.633,-0.514,-0.691,0.862,-0.812,-0.706,0.588,0.563,0.719,-0.808,0.133,-0.356,-0.593,-0.399,-0.724,0.274,0.309,-0.339,-0.615,-0.519,-0.693,0.473,0.031,0.538,0.526,0.557,-0.475,-0.567,0.818,0.28,-0.314,-0.42,-0.205,0.331,-0.021,-0.391,0.935,-0.141,-0.508,-0.879,0.655,-0.037,-0.643,-0.528,0.812,-0.124,-0.621,-0.771,-0.316,0.615,-0.479,-0.013,-0.436,-0.645,-0.48,0.851,0.598,-0.397,-0.597,0.463,-0.851,0.867,0.759,0.397,-0.531,-0.529,0.84,-0.475,-0.408,-0.118,-0.06,-0.047,-0.331,0.804,0.541,-0.159,-0.7,-0.29,-0.52,-0.541,0.645,-0.149,0.822,0.531,-0.576,-0.582,0.636,-0.509,-0.459,-0.733,-0.712,-0.791,-0.646,-0.186,-0.554,0.763,-0.553,0.631,-0.469,-0.685,-0.777,-0.458,0.665,0.069,-0.561,-0.03,-0.145,-0.17,-0.74,-0.784,-0.527,-0.547,0.27,0.69,0.765,0.523,0.495,-0.217
ARWR,-0.714,0.509,0.277,-0.396,0.791,0.569,0.268,0.351,0.661,0.737,0.793,0.607,0.309,0.464,-0.001,0.387,0.521,0.219,0.635,-0.525,-0.162,0.0,0.658,0.591,0.593,0.204,0.542,0.789,0.188,0.403,0.834,0.765,0.736,0.664,0.701,0.324,-0.197,0.679,0.196,0.05,0.672,0.649,0.695,0.409,0.451,0.671,0.058,0.056,0.552,-0.052,0.646,0.576,0.379,0.353,-0.648,0.553,-0.646,0.498,0.466,0.615,0.62,0.631,0.546,-0.466,0.377,-0.424,0.524,0.616,0.752,0.385,-0.295,-0.204,0.741,0.499,0.676,0.112,0.26,0.024,0.571,0.685,-0.337,0.643,0.531,0.363,0.616,-0.052,0.579,0.629,-0.285,-0.269,-0.357,0.326,0.475,0.683,0.685,0.786,0.626,0.558,0.346,0.75,0.445,0.302,0.568,0.487,0.8,-0.053,0.01,0.082,0.718,0.708,-0.169,0.398,0.566,0.75,0.524,0.401,0.664,0.625,-0.18,-0.082,0.771,0.166,-0.478,0.596,0.719,0.682,0.072,0.489,0.405,0.366,0.122,0.353,0.707,0.046,0.541,0.68,0.42,-0.051,0.216,0.725,0.662,-0.479,0.287,-0.194,-0.315,0.391,0.714,0.59,-0.308,0.446,0.562,0.549,0.884,0.585,0.571,0.019,-0.061,-0.019,0.593,0.501,0.797,0.587,0.424,0.447,0.226,0.007,-0.057,0.697,0.176,0.545,0.603,0.671,0.349,0.473,0.751,0.542,0.668,-0.115,0.013,-0.556,0.706,0.397,0.502,0.758,0.164,0.519,0.699,0.691,-0.266,0.469,0.586,0.625,0.696,0.505,0.104,0.047,-0.194,0.367,-0.496,0.657
ASND,-0.632,0.808,-0.244,-0.423,0.702,0.877,0.768,0.598,0.363,0.142,0.438,0.951,0.375,0.409,-0.414,0.668,0.164,0.276,0.87,-0.77,-0.731,0.658,0.0,0.232,0.829,0.289,0.671,0.307,-0.017,0.579,0.526,0.666,0.607,0.781,0.659,0.095,-0.782,0.764,-0.348,-0.314,0.487,0.61,0.663,0.576,0.673,0.731,-0.241,-0.556,0.554,0.314,0.179,0.059,0.673,-0.209,-0.911,0.683,-0.211,0.399,0.895,0.735,0.596,0.464,0.738,-0.73,-0.22,-0.755,0.735,0.513,0.732,-0.17,-0.762,-0.729,0.671,0.697,0.551,-0.515,-0.076,-0.488,0.187,0.511,0.319,0.929,0.672,0.45,0.788,-0.696,0.891,0.741,-0.456,-0.699,-0.707,0.724,0.063,0.494,0.711,0.609,0.93,0.039,-0.114,0.529,0.621,0.369,0.657,-0.158,0.336,-0.51,-0.547,-0.397,0.576,0.664,-0.652,-0.143,0.605,0.65,0.315,-0.1,0.206,0.49,-0.755,0.114,0.669,0.683,-0.807,0.184,0.758,0.657,-0.627,0.37,0.584,0.676,0.435,-0.371,0.588,-0.188,0.544,0.718,0.485,-0.689,-0.441,0.545,0.758,-0.625,0.812,-0.774,-0.613,-0.178,0.663,0.572,-0.798,0.46,0.482,0.186,0.454,0.196,0.434,-0.593,-0.536,-0.012,0.708,0.36,0.783,0.564,-0.281,0.293,-0.464,-0.5,0.136,0.721,-0.441,0.588,0.578,0.793,0.617,0.854,0.794,0.273,0.675,-0.504,0.309,-0.658,0.577,0.603,0.734,0.615,-0.524,0.013,0.67,0.261,-0.176,0.436,0.728,0.92,0.603,0.714,-0.226,-0.499,-0.769,-0.179,-0.48,0.424
ASTH,-0.627,0.536,0.502,-0.297,0.71,0.465,0.15,0.562,0.847,0.562,0.732,0.223,0.315,0.528,-0.112,0.426,0.582,0.318,0.449,-0.406,-0.121,0.591,0.232,0.0,0.544,-0.041,0.518,0.569,0.185,0.491,0.764,0.734,0.819,0.625,0.542,0.378,0.139,0.641,0.568,0.218,0.708,0.754,0.772,0.5,0.517,0.685,0.221,0.313,0.446,0.052,0.778,0.874,0.365,0.542,-0.416,0.539,-0.583,0.563,0.278,0.458,0.735,0.669,0.467,-0.285,0.648,0.161,0.543,0.43,0.447,0.727,0.003,0.143,0.754,0.407,0.799,0.438,0.013,0.281,0.567,0.87,-0.338,0.317,0.387,0.48,0.339,0.209,0.277,0.634,-0.487,0.12,-0.048,0.198,0.51,0.564,0.679,0.66,0.226,0.753,0.533,0.846,0.638,0.426,0.692,0.627,0.797,0.318,0.507,0.293,0.849,0.713,0.078,0.761,0.195,0.772,0.617,0.703,0.811,0.692,-0.095,0.046,0.777,-0.046,-0.162,0.881,0.689,0.751,0.379,0.366,0.422,0.215,-0.039,0.554,0.81,0.344,0.361,0.683,0.367,0.067,0.538,0.85,0.598,-0.156,0.121,0.07,-0.229,0.602,0.785,0.644,0.051,0.689,0.629,0.924,0.683,0.64,0.518,0.053,0.242,0.343,0.496,0.648,0.605,0.747,0.592,0.604,0.241,0.315,0.319,0.738,0.508,0.531,0.475,0.607,0.375,0.306,0.538,0.773,0.739,-0.089,0.246,-0.328,0.819,0.354,0.384,0.788,0.554,0.713,0.767,0.897,-0.028,0.062,0.506,0.358,0.793,0.332,0.256,0.153,0.158,0.454,-0.495,0.662
ATSG,-0.809,0.905,0.027,-0.529,0.798,0.971,0.843,0.829,0.644,0.113,0.616,0.848,0.451,0.68,-0.486,0.858,0.433,0.526,0.948,-0.828,-0.818,0.593,0.829,0.544,0.0,0.161,0.874,0.298,0.098,0.748,0.646,0.865,0.857,0.943,0.808,0.099,-0.647,0.955,-0.183,-0.262,0.688,0.885,0.9,0.738,0.848,0.917,-0.137,-0.495,0.582,0.346,0.423,0.337,0.833,-0.043,-0.944,0.87,-0.381,0.526,0.911,0.854,0.845,0.714,0.755,-0.857,-0.087,-0.512,0.834,0.412,0.663,0.117,-0.679,-0.634,0.892,0.797,0.796,-0.329,-0.136,-0.462,0.398,0.787,0.295,0.894,0.805,0.706,0.804,-0.618,0.918,0.95,-0.737,-0.548,-0.708,0.815,0.218,0.682,0.897,0.708,0.798,0.162,0.074,0.759,0.782,0.602,0.916,-0.006,0.498,-0.276,-0.232,-0.356,0.824,0.888,-0.675,0.126,0.505,0.787,0.546,0.056,0.45,0.743,-0.806,0.067,0.859,0.688,-0.771,0.489,0.941,0.867,-0.505,0.459,0.749,0.786,0.271,-0.203,0.845,0.132,0.594,0.936,0.655,-0.636,-0.276,0.787,0.857,-0.588,0.801,-0.73,-0.752,0.05,0.882,0.801,-0.68,0.746,0.714,0.535,0.54,0.364,0.596,-0.657,-0.344,0.236,0.877,0.612,0.866,0.843,-0.206,0.384,-0.472,-0.368,0.46,0.892,-0.304,0.741,0.724,0.965,0.801,0.875,0.877,0.58,0.839,-0.686,0.502,-0.772,0.845,0.786,0.89,0.834,-0.308,0.266,0.901,0.468,0.067,0.29,0.869,0.888,0.867,0.627,-0.026,-0.488,-0.619,-0.166,-0.698,0.613
AVTX,-0.113,0.262,-0.447,0.458,0.12,0.199,0.03,0.221,-0.169,0.153,-0.156,0.391,-0.232,-0.192,-0.475,0.236,-0.316,-0.143,0.093,-0.553,-0.211,0.204,0.289,-0.041,0.161,0.0,-0.095,-0.063,0.546,-0.055,-0.083,0.057,-0.042,0.013,-0.021,-0.029,-0.224,0.063,0.001,0.121,-0.115,-0.009,0.112,0.039,0.152,0.193,-0.753,-0.058,0.458,-0.145,-0.201,-0.248,0.258,-0.38,-0.225,0.02,-0.123,0.379,0.221,-0.041,-0.06,-0.101,0.375,0.047,-0.323,-0.356,0.306,-0.041,0.527,0.122,-0.579,-0.278,0.047,0.137,-0.159,-0.057,-0.288,-0.001,-0.067,0.067,-0.13,0.326,0.043,-0.36,0.535,-0.124,0.18,-0.031,0.141,-0.049,-0.221,-0.067,-0.118,0.097,-0.095,0.336,0.447,-0.02,-0.597,-0.112,0.221,-0.166,-0.047,-0.179,0.015,-0.678,-0.314,0.311,0.232,0.206,-0.156,0.102,0.197,0.19,-0.451,-0.224,0.194,-0.141,-0.14,0.208,0.084,0.212,-0.269,-0.0,0.029,-0.112,-0.217,-0.518,-0.326,0.079,0.093,-0.261,-0.063,-0.201,0.344,0.008,-0.377,-0.395,-0.025,0.058,-0.116,0.116,0.071,-0.067,0.111,-0.357,-0.007,-0.118,-0.46,-0.278,-0.159,-0.197,0.105,0.056,-0.102,0.027,-0.433,-0.388,-0.047,-0.415,0.066,-0.178,-0.04,0.452,-0.093,0.029,-0.08,-0.017,-0.09,-0.144,-0.044,0.074,-0.188,0.06,0.232,-0.393,0.195,0.109,0.232,-0.018,-0.068,-0.189,0.012,-0.036,-0.163,0.025,0.023,0.024,-0.328,-0.067,0.294,0.337,-0.038,0.349,-0.706,0.056,-0.106,0.095,0.075,-0.223
BCPC,-0.833,0.717,0.359,-0.763,0.715,0.802,0.78,0.679,0.675,0.071,0.731,0.645,0.472,0.914,-0.26,0.795,0.721,0.791,0.876,-0.617,-0.694,0.542,0.671,0.518,0.874,-0.095,0.0,0.398,0.111,0.744,0.694,0.794,0.834,0.913,0.912,-0.065,-0.557,0.901,-0.31,-0.458,0.821,0.816,0.801,0.787,0.717,0.757,0.181,-0.544,0.229,0.165,0.545,0.375,0.726,-0.017,-0.823,0.937,-0.375,0.573,0.73,0.884,0.758,0.88,0.397,-0.888,-0.016,-0.406,0.658,0.435,0.356,0.172,-0.39,-0.567,0.863,0.742,0.846,-0.222,0.199,-0.593,0.632,0.775,0.251,0.804,0.917,0.852,0.644,-0.505,0.83,0.943,-0.789,-0.413,-0.77,0.892,0.492,0.796,0.829,0.719,0.569,0.105,0.341,0.715,0.532,0.833,0.92,0.212,0.469,0.055,0.018,-0.367,0.702,0.841,-0.742,0.107,0.565,0.669,0.755,-0.012,0.441,0.869,-0.639,-0.313,0.855,0.692,-0.538,0.422,0.878,0.793,-0.368,0.59,0.912,0.818,-0.055,0.009,0.828,0.376,0.455,0.887,0.899,-0.377,-0.149,0.732,0.866,-0.591,0.614,-0.631,-0.899,0.281,0.784,0.94,-0.478,0.792,0.896,0.568,0.551,0.422,0.843,-0.509,0.011,0.347,0.957,0.809,0.832,0.833,-0.164,0.036,-0.364,-0.277,0.645,0.825,-0.291,0.846,0.895,0.927,0.82,0.698,0.885,0.752,0.678,-0.815,0.215,-0.867,0.799,0.959,0.944,0.822,-0.248,0.433,0.799,0.422,0.313,0.492,0.852,0.722,0.861,0.286,0.35,-0.388,-0.449,-0.283,-0.837,0.803
BEAM,-0.574,0.255,0.602,-0.493,0.676,0.225,-0.04,0.078,0.681,0.656,0.784,0.246,0.364,0.466,0.274,0.145,0.653,0.194,0.382,-0.192,0.142,0.789,0.307,0.569,0.298,-0.063,0.398,0.0,0.156,0.129,0.748,0.532,0.583,0.466,0.6,0.364,0.071,0.421,0.282,-0.076,0.674,0.478,0.466,0.251,0.119,0.374,0.339,0.251,0.174,-0.241,0.711,0.652,0.141,0.628,-0.341,0.409,-0.609,0.465,0.125,0.346,0.382,0.63,0.173,-0.263,0.603,-0.095,0.126,0.656,0.439,0.457,0.166,0.103,0.538,0.145,0.546,0.25,0.459,0.219,0.647,0.579,-0.517,0.357,0.435,0.224,0.301,0.18,0.228,0.436,-0.248,-0.186,-0.149,0.165,0.6,0.569,0.457,0.65,0.3,0.583,0.604,0.575,0.134,0.305,0.392,0.669,0.678,0.311,0.346,0.276,0.485,0.517,0.037,0.501,0.485,0.612,0.53,0.419,0.592,0.631,0.126,-0.332,0.634,-0.121,-0.125,0.468,0.502,0.479,0.389,0.502,0.313,0.202,-0.03,0.585,0.534,0.116,0.472,0.473,0.403,0.285,0.457,0.631,0.544,-0.312,-0.028,0.108,-0.198,0.571,0.517,0.515,0.055,0.352,0.577,0.496,0.706,0.627,0.604,0.295,0.308,-0.099,0.381,0.526,0.629,0.464,0.613,0.232,0.532,0.246,-0.099,0.44,0.382,0.515,0.601,0.422,0.181,0.116,0.537,0.632,0.503,-0.015,-0.263,-0.41,0.54,0.309,0.244,0.605,0.371,0.6,0.478,0.687,-0.205,0.533,0.328,0.313,0.525,0.113,0.336,0.24,0.122,0.563,-0.47,0.7
BILI,-0.258,0.068,0.177,0.253,0.121,0.025,-0.115,0.231,0.163,0.241,0.139,0.088,-0.164,0.168,-0.302,0.316,0.192,0.206,0.002,-0.433,-0.052,0.188,-0.017,0.185,0.098,0.546,0.111,0.156,0.0,-0.121,0.053,0.168,0.125,0.021,0.227,-0.205,-0.01,0.136,0.06,0.099,0.122,0.141,0.19,0.019,0.079,0.203,-0.463,0.035,0.108,-0.464,0.158,0.076,0.236,-0.129,-0.035,0.194,-0.451,0.649,-0.046,0.04,0.031,0.275,-0.026,-0.072,-0.052,-0.1,0.11,-0.129,0.208,0.523,-0.244,-0.132,0.175,0.087,0.077,0.355,0.117,-0.04,0.513,0.249,-0.416,0.205,0.168,-0.149,0.494,0.226,0.014,0.064,-0.085,0.314,-0.17,-0.081,0.243,0.438,-0.045,0.485,0.091,0.058,-0.208,-0.031,0.034,0.175,0.12,0.24,0.124,-0.237,0.16,0.458,0.308,0.353,-0.18,0.401,0.277,0.234,-0.183,-0.17,0.499,0.123,0.139,-0.363,0.21,0.086,0.094,0.184,0.094,-0.081,0.13,-0.452,-0.199,0.222,-0.452,0.19,0.135,0.382,0.268,0.135,-0.108,0.075,0.42,0.167,-0.152,0.266,-0.269,0.211,-0.05,-0.077,0.052,0.096,-0.196,-0.218,0.111,0.101,0.342,0.461,0.208,0.284,0.046,-0.294,0.125,-0.129,0.061,-0.035,0.217,0.244,0.186,0.447,0.258,-0.068,0.146,-0.072,0.207,0.121,-0.091,-0.259,0.36,-0.047,0.097,-0.071,-0.045,-0.235,0.081,0.054,0.114,0.142,0.203,0.618,0.1,0.2,-0.018,0.064,0.442,0.093,0.135,-0.12,-0.21,0.144,0.318,0.214,-0.292,0.06
BJRI,-0.652,0.615,-0.004,-0.496,0.48,0.716,0.732,0.587,0.474,0.01,0.428,0.558,0.308,0.629,-0.235,0.486,0.41,0.576,0.659,-0.495,-0.614,0.403,0.579,0.491,0.748,-0.055,0.744,0.129,-0.121,0.0,0.466,0.573,0.656,0.732,0.65,-0.07,-0.424,0.675,-0.182,-0.102,0.506,0.592,0.622,0.846,0.773,0.634,0.231,-0.37,0.368,0.362,0.295,0.235,0.502,-0.075,-0.66,0.575,-0.156,0.272,0.667,0.795,0.685,0.498,0.553,-0.612,-0.081,-0.361,0.789,0.298,0.32,0.062,-0.376,-0.507,0.63,0.838,0.749,-0.107,0.03,-0.431,0.234,0.558,0.377,0.6,0.598,0.713,0.426,-0.452,0.685,0.766,-0.499,-0.219,-0.471,0.672,0.236,0.403,0.681,0.396,0.407,0.179,0.155,0.626,0.627,0.599,0.731,0.037,0.414,-0.01,-0.13,-0.393,0.648,0.648,-0.507,-0.051,0.212,0.429,0.557,0.194,0.25,0.552,-0.553,0.149,0.672,0.595,-0.594,0.503,0.661,0.72,-0.355,0.439,0.698,0.411,0.11,-0.052,0.638,0.284,0.209,0.659,0.653,-0.343,-0.196,0.549,0.725,-0.456,0.584,-0.612,-0.696,0.227,0.613,0.687,-0.358,0.737,0.596,0.519,0.375,0.06,0.515,-0.526,-0.192,0.432,0.672,0.567,0.574,0.655,-0.152,0.193,-0.454,-0.48,0.453,0.821,-0.302,0.723,0.507,0.707,0.74,0.728,0.619,0.534,0.541,-0.471,0.372,-0.446,0.619,0.62,0.754,0.584,-0.198,0.216,0.636,0.339,0.185,0.344,0.609,0.629,0.638,0.522,0.191,-0.22,-0.541,-0.216,-0.385,0.494
BLUE,-0.751,0.523,0.568,-0.564,0.809,0.57,0.316,0.426,0.828,0.647,0.939,0.442,0.297,0.688,0.042,0.495,0.722,0.375,0.703,-0.45,-0.184,0.834,0.526,0.764,0.646,-0.083,0.694,0.748,0.053,0.466,0.0,0.864,0.871,0.778,0.761,0.356,-0.099,0.788,0.259,-0.114,0.888,0.807,0.813,0.463,0.522,0.743,0.288,0.036,0.415,0.002,0.87,0.754,0.422,0.485,-0.644,0.733,-0.639,0.498,0.432,0.662,0.715,0.828,0.432,-0.558,0.532,-0.215,0.492,0.656,0.526,0.484,-0.092,-0.084,0.878,0.473,0.84,0.138,0.204,-0.004,0.704,0.867,-0.302,0.565,0.635,0.654,0.48,-0.008,0.538,0.756,-0.514,-0.21,-0.38,0.465,0.635,0.794,0.811,0.776,0.459,0.565,0.592,0.884,0.507,0.498,0.719,0.662,0.859,0.26,0.305,0.015,0.774,0.772,-0.192,0.5,0.546,0.84,0.813,0.441,0.702,0.82,-0.212,-0.24,0.87,0.103,-0.374,0.681,0.833,0.807,0.141,0.699,0.632,0.46,0.01,0.458,0.877,0.228,0.467,0.804,0.63,-0.001,0.282,0.843,0.773,-0.523,0.282,-0.165,-0.428,0.621,0.846,0.758,-0.139,0.734,0.807,0.771,0.84,0.643,0.718,-0.061,0.202,0.233,0.729,0.818,0.852,0.811,0.448,0.318,0.219,0.06,0.166,0.783,0.247,0.659,0.751,0.776,0.489,0.468,0.748,0.819,0.713,-0.316,0.018,-0.654,0.87,0.598,0.6,0.909,0.266,0.582,0.828,0.772,-0.063,0.456,0.59,0.516,0.867,0.32,0.388,-0.004,-0.082,0.24,-0.708,0.879
