,AAL,AAON,ACB,ACGL,ACGLO,ACIW,ADBE,ADSK,AEP,AGIO,ALEC,ALNY,ALTR,AMBA,AMCX,AMKR,AMRX,ANSS,APPN,APTO,ARCT,ARWR,ASND,ASTH,ATSG,AVTX,BCPC,BEAM,BILI,BJRI,BLUE,BPOP,BRKL,BWIN,BZUN,CARG,CBRL,CBSH,CBUS,CENTA,CERS,CFFN,CHCO,CHEF,CHRD,CINF,CLLS,CMCO,CMCSA,COLL,COMM,COOP,CPB,CRON,CROX,CRUS,CRWD,CTAS,CYBR,CYTK,DGII,DIOD,DOMO,DPZ,DSGR,DXCM,ERIE,ESTA,EXEL,FAST,FCEL,FCFS,FHB,FITBI,FSV,FTDR,FUTU,GLDD,GLPG,GLPI,GOGO,GOSS,GSAT,GYRE,HALO,HAS,HLIT,HLNE,HSDT,HSIC,HTHT,ICHR,IDYA,IMVT,INDB,INSM,IONS,IOSP,ITRI,JBHT,JBLU,JSM,KLIC,KOD,KURA,LAB,LASR,LIN,LKQ,LNT,MBUU,MCRI,MDGL,MEDP,MGNI,MGPI,MGRC,MKTX,MRNA,MRTN,MSEX,MSFT,MU,NAVI,NBTB,NEO,NEOG,NGNE,NSSC,NTAP,NTES,NTLA,NTRS,NYMTN,OBLG,OCFC,ON,ONC,OPI,OSIS,OSW,PALI,PANW,PCAR,PCRX,PCTY,PEBO,PLAB,PLAY,PLMR,PLSE,PLUS,PRTA,PSEC,PSNL,PTCT,PTON,QNST,QRVO,QTTB,RARE,RBCAA,RGNX,SAIC,SGMO,SINT,SNPS,SPSC,SPTN,SSYS,STNE,TBBK,TCPC,TENB,TGTX,TREE,TRUP,TTWO,TW,TXG,UBSI,UCTT,UFPT,UMBF,UPBD,URBN,VBTX,VCTR,VEON,VNET,VRSK,VSEC,WABC,WTFCM,WVE,WW,WWD,XEL,ZD,ZYME
AAL,0.0,-0.147,0.171,-0.324,-0.43,-0.275,0.847,0.055,-0.236,-0.403,-0.633,0.299,0.711,0.604,0.095,0.53,-0.315,-0.027,0.511,-0.447,0.441,0.319,0.382,-0.369,0.14,-0.351,-0.374,0.515,0.513,0.205,0.548,0.317,0.366,-0.228,0.355,0.694,0.198,-0.045,-0.368,0.7,0.171,-0.546,-0.227,0.861,-0.907,-0.019,0.157,0.714,-0.699,-0.007,0.816,-0.517,-0.503,-0.404,0.704,0.4,0.366,-0.408,0.337,-0.223,0.439,0.288,-0.479,0.286,0.481,0.546,-0.337,0.306,0.231,-0.666,0.592,0.081,0.241,0.663,0.351,0.4,0.283,0.649,-0.018,0.299,-0.339,0.127,0.828,-0.641,-0.015,0.672,0.686,-0.833,0.523,0.166,-0.257,0.294,0.05,0.509,-0.331,0.389,0.722,-0.497,-0.437,-0.37,0.412,-0.265,0.354,0.861,-0.518,0.53,0.329,-0.405,0.428,-0.328,0.559,0.683,-0.109,0.397,0.575,-0.397,0.39,-0.92,0.543,0.069,-0.879,0.897,0.305,0.069,0.543,0.654,-0.818,-0.138,0.393,0.45,0.794,-0.182,0.12,0.068,0.136,-0.339,-0.277,0.114,0.192,0.715,0.565,-0.908,0.439,0.31,0.899,0.11,-0.366,0.572,-0.313,0.234,0.08,-0.268,-0.323,-0.205,0.005,0.568,0.537,0.165,0.34,-0.61,0.597,-0.035,-0.368,-0.454,-0.339,0.043,-0.642,0.594,0.68,0.467,-0.453,0.06,0.649,0.66,0.076,-0.544,0.364,0.522,-0.232,0.597,-0.359,0.336,-0.476,0.245,0.381,0.666,0.197,-0.027,0.739,0.534,-0.074,-0.045,0.031,0.251,0.278,0.734,0.402,-0.284,0.435,-0.567
AAON,-0.147,0.0,0.427,0.738,0.453,0.764,0.035,0.228,0.482,0.701,-0.029,0.297,0.122,0.219,-0.142,0.226,0.178,0.575,0.306,-0.331,0.002,0.08,0.436,0.601,-0.012,-0.258,0.755,-0.12,-0.267,0.459,0.137,0.662,0.493,0.709,-0.365,0.096,0.183,0.746,0.117,0.179,0.24,0.526,0.785,0.118,0.246,0.701,0.311,0.248,0.564,0.46,0.141,0.646,0.442,0.542,0.167,0.393,0.532,0.821,0.43,0.039,0.284,0.414,0.575,0.504,0.248,-0.032,0.652,0.453,0.719,0.728,0.076,0.124,0.594,-0.177,0.593,0.517,-0.398,0.277,0.266,0.463,0.395,-0.186,-0.122,-0.008,0.181,0.279,0.113,0.53,-0.126,0.172,-0.386,0.318,0.04,0.153,0.77,0.465,-0.089,0.352,0.702,0.508,-0.335,0.362,0.259,-0.249,-0.276,-0.043,0.266,0.585,0.404,0.515,0.334,0.222,0.608,0.298,0.389,-0.199,0.504,0.139,0.355,0.135,0.317,-0.112,0.387,0.748,0.258,0.122,0.097,0.078,0.54,0.417,-0.312,0.228,0.477,0.162,0.001,0.776,0.423,0.349,0.423,0.108,0.38,0.235,0.268,0.454,-0.133,0.571,0.668,-0.081,0.241,0.321,0.476,0.637,0.345,0.536,0.07,0.041,0.394,0.576,0.227,0.111,0.136,0.667,-0.138,0.31,0.133,0.456,0.478,0.297,0.091,-0.019,0.589,0.804,-0.053,0.322,0.612,0.136,0.118,0.306,0.562,0.142,0.704,0.271,0.552,0.584,0.486,0.012,0.723,0.625,-0.192,-0.041,0.666,0.336,0.668,0.006,0.239,-0.029,0.432,0.606,0.198,0.123
ACB,0.171,0.427,0.0,0.448,0.279,0.547,0.425,-0.069,0.208,0.34,-0.211,0.726,0.504,0.563,0.223,0.616,0.099,0.461,0.51,-0.388,0.65,0.662,0.689,0.538,0.231,-0.231,0.407,0.633,0.448,0.708,0.423,0.636,0.669,0.545,0.383,0.508,0.409,0.615,0.572,0.493,0.823,0.257,0.579,0.337,-0.138,0.517,0.594,0.622,0.042,0.712,0.454,0.368,0.507,0.628,0.464,0.652,0.127,0.405,0.212,0.34,0.692,0.713,0.201,0.582,0.763,0.246,0.407,0.658,0.769,0.398,0.415,0.602,0.581,0.267,0.575,0.639,0.108,0.524,0.601,0.436,0.435,0.311,0.311,0.0,0.53,0.515,0.469,-0.02,0.235,0.21,-0.457,0.581,0.443,0.705,0.506,0.425,0.512,0.384,0.615,0.684,-0.078,0.413,0.598,0.311,-0.313,0.645,0.385,0.517,0.623,0.142,0.572,0.348,0.526,0.733,0.481,-0.155,0.719,-0.067,0.818,0.675,-0.106,0.333,0.365,0.696,0.603,0.64,-0.193,0.377,0.6,0.234,-0.0,0.738,0.517,0.088,0.426,0.52,0.678,0.571,0.652,0.46,0.421,-0.148,0.176,0.711,0.13,0.802,0.258,0.312,0.415,0.043,0.659,0.591,0.581,0.194,0.488,0.544,0.625,0.622,0.477,0.033,0.686,0.544,0.171,0.315,0.543,0.298,0.238,0.675,0.483,0.562,0.395,0.712,0.349,0.491,0.665,0.159,0.351,0.313,0.067,0.73,0.443,0.486,0.573,0.7,0.765,0.443,0.761,0.476,0.348,0.23,0.682,0.5,0.605,0.367,0.751,0.524,0.553,0.318,0.682,0.036
ACGL,-0.324,0.738,0.448,0.0,0.268,0.732,-0.233,-0.145,0.829,0.755,-0.261,0.063,0.242,0.363,-0.016,0.29,-0.026,0.672,0.098,-0.505,-0.116,0.359,0.542,0.772,-0.067,-0.464,0.719,-0.171,-0.369,0.514,0.11,0.652,0.368,0.927,-0.146,0.116,0.543,0.785,0.104,0.262,0.226,0.305,0.599,0.029,0.401,0.924,0.427,0.241,0.509,0.495,0.058,0.513,0.676,0.369,0.23,0.49,0.261,0.831,0.51,-0.138,0.289,0.593,0.775,0.693,0.241,0.215,0.927,0.565,0.638,0.788,0.292,0.054,0.448,-0.152,0.665,0.484,-0.478,0.289,0.358,0.663,0.357,-0.474,-0.154,-0.156,-0.084,0.312,0.132,0.58,-0.112,0.455,-0.588,0.479,-0.215,0.052,0.64,0.438,-0.323,0.258,0.68,0.62,-0.647,0.548,0.393,-0.213,-0.417,-0.082,0.167,0.795,0.521,0.768,0.361,0.178,0.571,0.122,0.283,-0.404,0.511,0.244,0.37,0.033,0.312,-0.198,0.206,0.581,0.005,0.217,0.04,-0.105,0.601,0.379,-0.221,0.213,0.733,0.006,-0.226,0.675,0.674,0.581,0.629,0.241,0.246,0.411,-0.098,0.437,-0.29,0.496,0.443,-0.24,0.321,0.517,0.739,0.551,0.188,0.757,-0.136,0.188,0.484,0.664,0.493,0.047,-0.05,0.421,-0.197,0.111,0.238,0.559,0.658,0.296,0.131,-0.257,0.399,0.758,0.166,0.161,0.683,-0.122,0.075,0.373,0.75,0.208,0.532,0.534,0.482,0.54,0.598,0.184,0.656,0.808,-0.215,0.156,0.757,-0.001,0.401,0.138,0.034,0.041,0.438,0.913,0.308,-0.084
ACGLO,-0.43,0.453,0.279,0.268,0.0,0.438,-0.159,0.135,-0.109,0.525,0.613,0.248,-0.46,-0.403,-0.145,-0.114,0.686,0.08,0.196,0.381,0.191,-0.119,-0.07,0.458,0.245,0.466,0.312,-0.081,-0.125,0.26,-0.068,0.017,0.186,0.18,-0.513,-0.185,-0.13,0.274,0.543,-0.362,0.393,0.72,0.619,-0.439,0.449,0.04,-0.098,-0.171,0.695,0.059,-0.346,0.539,0.254,0.697,-0.297,-0.16,-0.084,0.476,-0.385,0.504,-0.028,-0.165,0.398,-0.102,0.042,-0.464,0.162,-0.21,0.235,0.599,-0.466,0.299,0.138,-0.14,-0.107,-0.078,-0.111,-0.276,0.448,-0.271,0.258,0.394,-0.38,0.555,0.552,-0.169,-0.228,0.451,-0.036,-0.47,0.088,-0.017,0.513,0.114,0.568,-0.178,-0.078,0.688,0.677,0.425,0.123,0.608,-0.094,-0.567,0.444,-0.076,-0.133,0.407,0.07,-0.07,-0.062,-0.251,0.1,0.207,0.042,0.606,0.075,0.466,0.062,0.449,0.507,-0.368,0.051,0.56,0.076,-0.253,0.446,0.569,-0.059,-0.334,-0.698,0.554,-0.138,0.183,0.333,0.567,0.194,0.055,-0.015,-0.438,-0.009,0.379,0.146,0.272,-0.436,0.326,0.597,-0.285,0.634,-0.429,0.074,0.316,0.618,-0.109,0.493,-0.235,-0.206,-0.011,-0.195,0.626,-0.047,0.452,0.464,0.705,0.427,-0.132,0.402,-0.198,-0.315,0.008,0.591,0.263,-0.505,-0.128,0.181,0.59,-0.3,-0.358,-0.007,-0.107,0.595,-0.245,0.564,0.138,-0.02,-0.299,0.229,-0.13,-0.143,-0.495,0.242,0.598,0.495,0.155,0.24,-0.446,-0.199,0.035,-0.037,0.731
ACIW,-0.275,0.764,0.547,0.732,0.438,0.0,-0.03,0.286,0.441,0.586,0.002,0.357,0.206,0.262,0.048,0.455,0.173,0.758,0.329,-0.429,0.105,0.224,0.48,0.649,-0.076,-0.325,0.872,0.101,-0.257,0.493,0.114,0.641,0.547,0.763,-0.18,0.068,0.364,0.828,0.249,0.215,0.482,0.558,0.85,0.104,0.398,0.683,0.209,0.316,0.49,0.625,0.169,0.699,0.675,0.567,0.298,0.569,0.486,0.754,0.393,0.049,0.557,0.62,0.675,0.533,0.33,0.012,0.734,0.598,0.699,0.732,0.158,0.29,0.684,-0.241,0.613,0.652,-0.517,0.287,0.404,0.469,0.52,-0.182,-0.101,-0.055,0.301,0.234,0.197,0.581,-0.07,0.319,-0.396,0.583,0.117,0.21,0.856,0.444,-0.108,0.562,0.818,0.635,-0.382,0.447,0.559,-0.178,-0.316,0.093,0.511,0.732,0.429,0.571,0.456,0.277,0.768,0.41,0.392,-0.235,0.556,0.241,0.449,0.27,0.341,-0.128,0.504,0.716,0.4,0.264,0.184,0.099,0.624,0.269,-0.344,0.394,0.469,0.036,0.08,0.804,0.755,0.265,0.497,0.186,0.421,0.258,0.021,0.554,-0.147,0.696,0.7,0.162,0.158,0.292,0.512,0.816,0.429,0.595,0.062,0.214,0.469,0.721,0.477,-0.014,0.242,0.731,-0.066,0.362,0.266,0.596,0.744,0.437,0.243,0.138,0.65,0.79,-0.014,0.365,0.73,0.228,0.247,0.369,0.544,0.307,0.747,0.479,0.669,0.718,0.623,0.062,0.742,0.674,-0.184,0.007,0.792,0.417,0.628,-0.011,0.314,0.093,0.474,0.615,0.477,0.085
ADBE,0.847,0.035,0.425,-0.233,-0.159,-0.03,0.0,0.125,-0.387,-0.185,-0.434,0.658,0.629,0.601,0.12,0.653,0.037,0.151,0.75,-0.328,0.69,0.458,0.463,-0.136,0.363,-0.123,-0.246,0.69,0.606,0.45,0.716,0.419,0.643,-0.08,0.318,0.764,0.225,0.086,-0.026,0.648,0.493,-0.25,0.078,0.774,-0.82,-0.009,0.223,0.771,-0.508,0.276,0.818,-0.358,-0.35,-0.059,0.71,0.443,0.364,-0.212,0.207,0.174,0.572,0.363,-0.326,0.318,0.714,0.458,-0.287,0.338,0.424,-0.419,0.47,0.364,0.305,0.685,0.343,0.501,0.329,0.63,0.273,0.185,-0.201,0.404,0.826,-0.43,0.408,0.713,0.726,-0.709,0.645,-0.047,-0.291,0.429,0.478,0.771,-0.087,0.403,0.917,-0.131,-0.069,-0.074,0.55,-0.026,0.461,0.753,-0.36,0.709,0.376,-0.149,0.563,-0.46,0.604,0.69,0.005,0.688,0.694,-0.205,0.586,-0.801,0.684,0.416,-0.768,0.909,0.428,0.308,0.694,0.74,-0.726,0.264,0.498,0.377,0.559,0.224,0.024,0.083,0.478,-0.078,-0.131,0.197,0.315,0.64,0.68,-0.829,0.636,0.602,0.772,0.489,-0.152,0.619,0.001,0.018,0.219,-0.019,0.076,-0.32,0.416,0.634,0.551,0.222,0.346,-0.361,0.816,0.171,-0.091,-0.09,-0.003,-0.07,-0.383,0.696,0.652,0.716,-0.134,0.212,0.496,0.787,0.239,-0.25,0.489,0.392,-0.353,0.744,-0.106,0.332,-0.171,0.465,0.484,0.656,0.413,-0.039,0.811,0.359,0.153,0.316,0.266,0.34,0.58,0.703,0.529,-0.326,0.613,-0.241
ADSK,0.055,0.228,-0.069,-0.145,0.135,0.286,0.125,0.0,-0.252,-0.117,0.329,0.12,-0.06,-0.265,0.068,0.149,0.079,0.152,0.265,-0.022,-0.015,-0.556,-0.281,-0.18,0.005,0.073,0.295,-0.174,-0.114,-0.346,-0.149,0.165,0.042,-0.112,-0.387,-0.341,-0.481,0.079,-0.112,-0.136,-0.127,0.328,0.225,0.084,0.157,-0.141,-0.409,-0.017,0.102,0.037,-0.004,0.392,-0.077,0.251,-0.0,0.057,0.657,-0.019,0.134,-0.149,0.085,-0.043,-0.024,-0.223,-0.206,-0.422,-0.156,-0.066,0.015,-0.008,-0.299,-0.255,0.384,-0.219,0.103,0.168,-0.214,-0.078,-0.35,-0.108,0.332,0.069,-0.14,-0.018,0.188,-0.212,-0.142,0.255,-0.16,-0.157,0.452,0.071,0.078,-0.183,0.336,0.078,0.004,0.229,0.081,-0.233,0.067,-0.303,0.142,-0.077,-0.044,-0.245,0.462,-0.175,-0.111,0.052,0.088,0.081,0.41,0.225,0.124,0.064,0.004,0.011,-0.031,-0.206,0.167,-0.088,0.666,0.045,0.252,-0.234,0.291,-0.073,0.022,0.257,-0.103,-0.199,-0.18,0.024,0.037,0.175,0.007,-0.513,-0.28,-0.167,0.15,-0.022,0.164,-0.077,0.145,0.04,0.457,0.184,-0.347,-0.053,-0.476,0.354,0.003,0.009,-0.126,-0.201,-0.014,0.11,-0.063,-0.01,0.11,0.284,-0.1,0.157,-0.378,0.369,0.095,0.027,-0.046,0.154,0.37,0.069,-0.351,0.294,0.155,0.255,0.053,0.117,-0.04,-0.22,0.307,-0.1,0.065,0.082,-0.022,-0.442,0.069,-0.048,-0.272,-0.147,-0.056,0.143,0.267,-0.566,0.08,-0.131,0.1,-0.201,-0.046,0.041
AEP,-0.236,0.482,0.208,0.829,-0.109,0.441,-0.387,-0.252,0.0,0.432,-0.438,-0.259,0.325,0.384,0.039,0.103,-0.455,0.46,-0.267,-0.601,-0.344,0.251,0.476,0.471,-0.336,-0.675,0.613,-0.237,-0.427,0.279,-0.085,0.502,0.065,0.724,0.033,-0.013,0.491,0.633,-0.136,0.272,-0.077,0.01,0.242,0.078,0.334,0.864,0.472,0.151,0.229,0.275,0.047,0.348,0.632,0.038,0.153,0.431,0.173,0.571,0.584,-0.456,0.156,0.54,0.525,0.656,-0.014,0.265,0.841,0.543,0.44,0.53,0.443,-0.156,0.38,-0.24,0.627,0.367,-0.487,0.281,0.063,0.739,0.348,-0.729,-0.184,-0.269,-0.49,0.196,0.047,0.447,-0.359,0.717,-0.535,0.249,-0.604,-0.211,0.365,0.443,-0.487,-0.121,0.28,0.401,-0.82,0.207,0.241,-0.081,-0.546,-0.229,0.114,0.508,0.315,0.913,0.234,0.094,0.475,-0.191,0.047,-0.596,0.308,0.182,0.157,-0.259,0.259,-0.249,-0.031,0.277,-0.142,0.137,0.021,-0.462,0.428,0.371,0.019,-0.132,0.838,-0.023,-0.501,0.401,0.572,0.462,0.505,0.278,-0.018,0.362,-0.408,0.08,-0.214,0.124,0.188,-0.209,-0.045,0.687,0.572,0.308,-0.087,0.893,-0.529,0.084,0.435,0.592,0.42,-0.214,-0.2,0.178,-0.341,-0.277,-0.025,0.65,0.392,0.204,0.146,-0.416,0.089,0.558,0.349,0.003,0.479,-0.31,-0.02,0.451,0.802,0.047,0.288,0.484,0.243,0.281,0.452,0.139,0.415,0.835,-0.341,0.27,0.57,-0.342,0.161,0.054,-0.18,0.112,0.343,0.954,0.116,-0.41
AGIO,-0.403,0.701,0.34,0.755,0.525,0.586,-0.185,-0.117,0.432,0.0,0.055,0.224,-0.098,0.03,-0.187,0.078,0.497,0.536,0.241,-0.08,0.076,0.227,0.255,0.854,0.171,-0.045,0.437,-0.233,-0.295,0.404,0.137,0.377,0.214,0.773,-0.387,0.088,0.253,0.454,0.201,-0.023,0.199,0.386,0.6,-0.176,0.369,0.59,0.259,-0.058,0.787,0.39,-0.137,0.459,0.4,0.5,-0.008,0.102,0.159,0.921,0.213,0.221,0.023,0.2,0.791,0.349,0.184,-0.043,0.686,0.204,0.483,0.791,-0.089,0.063,0.085,-0.132,0.325,0.193,-0.349,0.08,0.318,0.336,0.119,-0.14,-0.264,0.198,0.222,0.204,-0.014,0.597,0.059,-0.038,-0.409,0.294,0.099,0.096,0.475,0.297,-0.184,0.426,0.708,0.489,-0.426,0.651,0.117,-0.462,0.012,-0.08,-0.057,0.766,0.317,0.368,0.058,-0.007,0.35,0.196,0.308,-0.052,0.361,0.36,0.2,0.099,0.342,-0.224,0.109,0.527,-0.199,0.006,0.11,0.166,0.402,0.228,-0.505,0.308,0.332,0.026,-0.106,0.567,0.38,0.569,0.375,-0.052,0.254,0.451,0.271,0.384,-0.401,0.465,0.346,-0.48,0.633,0.198,0.585,0.469,0.343,0.353,0.236,0.064,0.167,0.399,0.139,0.462,-0.076,0.268,-0.033,0.475,0.419,0.145,0.664,0.019,-0.198,-0.282,0.413,0.537,-0.187,0.002,0.492,0.057,-0.09,0.106,0.576,0.079,0.425,0.249,0.464,0.33,0.277,0.032,0.464,0.438,-0.205,-0.067,0.566,0.302,0.226,0.12,0.125,-0.277,0.209,0.552,0.119,0.38
ALEC,-0.633,-0.029,-0.211,-0.261,0.613,0.002,-0.434,0.329,-0.438,0.055,0.0,-0.037,-0.863,-0.857,-0.062,-0.578,0.58,-0.367,-0.248,0.8,-0.107,-0.624,-0.654,-0.042,0.122,0.811,0.035,-0.323,-0.161,-0.395,-0.511,-0.513,-0.331,-0.334,-0.463,-0.7,-0.702,-0.277,0.46,-0.831,-0.081,0.668,0.16,-0.78,0.616,-0.531,-0.456,-0.694,0.518,-0.236,-0.755,0.444,0.05,0.517,-0.774,-0.643,-0.298,-0.02,-0.707,0.499,-0.492,-0.652,0.002,-0.708,-0.485,-0.868,-0.306,-0.676,-0.4,0.288,-0.899,-0.009,-0.24,-0.496,-0.641,-0.56,0.078,-0.77,-0.046,-0.757,0.27,0.46,-0.675,0.829,0.406,-0.775,-0.703,0.486,-0.358,-0.7,0.706,-0.523,0.393,-0.318,0.233,-0.572,-0.274,0.576,0.268,0.044,0.205,0.006,-0.529,-0.736,0.81,-0.399,-0.319,-0.059,-0.553,-0.273,-0.62,-0.708,-0.107,-0.139,-0.511,0.843,-0.484,0.706,-0.525,0.103,0.706,-0.679,-0.138,-0.077,-0.254,-0.744,0.808,0.469,-0.664,-0.616,-0.752,0.244,-0.61,0.042,0.26,0.18,-0.142,-0.458,-0.611,-0.89,-0.529,0.568,-0.136,-0.355,-0.623,-0.175,0.418,-0.403,0.29,-0.703,-0.57,0.105,0.451,-0.379,0.338,-0.695,-0.741,-0.504,-0.677,0.744,-0.298,0.115,0.627,0.622,0.233,-0.354,0.187,-0.672,-0.723,-0.112,0.477,-0.322,-0.889,-0.5,-0.31,0.833,-0.388,-0.767,-0.336,-0.631,0.325,-0.744,0.363,-0.389,-0.611,-0.823,-0.371,-0.527,-0.524,-0.724,-0.308,0.335,0.122,-0.309,-0.03,-0.768,-0.65,-0.379,-0.522,0.826
ALNY,0.299,0.297,0.726,0.063,0.248,0.357,0.658,0.12,-0.259,0.224,-0.037,0.0,0.334,0.404,0.266,0.571,0.428,0.428,0.71,-0.18,0.722,0.511,0.463,0.366,0.373,0.05,0.129,0.662,0.517,0.57,0.495,0.467,0.68,0.264,0.199,0.558,0.171,0.275,0.462,0.41,0.751,0.197,0.511,0.416,-0.286,0.127,0.284,0.519,-0.042,0.666,0.479,0.138,0.154,0.476,0.448,0.375,0.186,0.226,0.083,0.523,0.599,0.438,0.101,0.299,0.748,0.128,0.083,0.449,0.596,0.181,0.202,0.605,0.382,0.353,0.371,0.555,0.133,0.459,0.388,0.141,0.185,0.494,0.419,0.025,0.824,0.498,0.518,-0.179,0.459,-0.182,-0.325,0.492,0.749,0.857,0.302,0.402,0.772,0.466,0.499,0.424,0.314,0.354,0.503,0.3,-0.149,0.773,0.4,0.386,0.444,-0.269,0.457,0.423,0.318,0.909,0.551,0.041,0.676,-0.235,0.617,0.669,-0.273,0.498,0.46,0.539,0.651,0.584,-0.307,0.553,0.498,0.207,-0.028,0.654,0.052,0.16,0.695,0.323,0.299,0.363,0.366,0.375,0.55,-0.328,0.523,0.742,0.276,0.803,0.194,0.426,0.369,-0.202,0.36,0.445,0.66,-0.22,0.701,0.567,0.473,0.435,0.27,0.065,0.849,0.469,0.206,0.504,0.522,-0.05,0.183,0.627,0.435,0.757,0.298,0.413,0.137,0.61,0.511,0.263,0.443,0.189,-0.176,0.665,0.28,0.279,0.499,0.611,0.507,0.392,0.572,0.129,0.466,0.162,0.531,0.662,0.463,0.319,0.865,0.442,0.477,-0.082,0.644,0.199
ALTR,0.711,0.122,0.504,0.242,-0.46,0.206,0.629,-0.06,0.325,-0.098,-0.863,0.334,0.0,0.922,0.2,0.795,-0.51,0.469,0.455,-0.854,0.368,0.634,0.77,0.066,-0.001,-0.757,0.129,0.571,0.354,0.484,0.585,0.695,0.551,0.36,0.531,0.725,0.619,0.45,-0.224,0.911,0.373,-0.43,0.057,0.89,-0.612,0.541,0.459,0.891,-0.559,0.416,0.882,-0.204,0.072,-0.229,0.894,0.808,0.454,-0.003,0.685,-0.369,0.75,0.818,-0.041,0.753,0.645,0.748,0.273,0.794,0.597,-0.23,0.902,0.176,0.553,0.536,0.778,0.772,-0.01,0.879,0.161,0.773,-0.007,-0.238,0.747,-0.774,-0.11,0.824,0.799,-0.474,0.364,0.664,-0.609,0.677,-0.147,0.515,0.02,0.666,0.498,-0.325,-0.056,0.079,-0.118,0.005,0.728,0.849,-0.849,0.571,0.601,0.097,0.698,0.244,0.81,0.782,0.375,0.461,0.667,-0.765,0.687,-0.72,0.769,0.106,-0.672,0.75,0.424,0.315,0.576,0.879,-0.728,-0.298,0.79,0.64,0.724,-0.01,0.645,0.026,0.009,0.023,0.336,0.431,0.657,0.937,0.618,-0.621,0.144,0.524,0.712,0.414,-0.183,0.591,-0.26,0.583,0.565,0.152,-0.194,0.374,-0.159,0.773,0.886,0.662,0.794,-0.712,0.623,0.168,-0.467,-0.477,-0.163,0.522,-0.14,0.877,0.863,0.428,-0.252,0.489,0.867,0.724,0.492,-0.606,0.563,0.816,0.215,0.808,-0.075,0.791,-0.14,0.603,0.806,0.8,0.568,0.558,0.564,0.693,0.451,-0.079,0.188,0.29,0.346,0.906,0.747,0.317,0.727,-0.762
AMBA,0.604,0.219,0.563,0.363,-0.403,0.262,0.601,-0.265,0.384,0.03,-0.857,0.404,0.922,0.0,0.166,0.762,-0.419,0.522,0.442,-0.826,0.367,0.77,0.841,0.205,0.0,-0.725,0.182,0.579,0.332,0.63,0.596,0.719,0.65,0.476,0.561,0.797,0.73,0.515,-0.118,0.912,0.443,-0.368,0.159,0.823,-0.562,0.617,0.592,0.875,-0.474,0.536,0.857,-0.201,0.184,-0.168,0.867,0.811,0.336,0.134,0.655,-0.216,0.741,0.851,0.058,0.826,0.753,0.793,0.387,0.831,0.67,-0.076,0.903,0.304,0.513,0.503,0.774,0.776,0.002,0.862,0.323,0.772,-0.012,-0.228,0.734,-0.703,-0.033,0.852,0.813,-0.407,0.396,0.651,-0.745,0.679,-0.067,0.617,0.086,0.681,0.488,-0.269,0.079,0.263,-0.128,0.128,0.711,0.769,-0.805,0.639,0.511,0.253,0.738,0.253,0.789,0.771,0.344,0.478,0.642,-0.736,0.752,-0.639,0.776,0.237,-0.617,0.722,0.324,0.372,0.566,0.917,-0.741,-0.169,0.82,0.587,0.63,0.137,0.656,0.016,0.081,0.131,0.369,0.563,0.759,0.928,0.633,-0.557,0.17,0.634,0.58,0.544,-0.149,0.551,-0.11,0.562,0.712,0.192,-0.074,0.377,-0.029,0.797,0.886,0.676,0.773,-0.637,0.617,0.227,-0.396,-0.378,0.019,0.412,-0.037,0.889,0.853,0.429,-0.168,0.564,0.847,0.717,0.531,-0.544,0.614,0.749,0.254,0.847,-0.006,0.787,-0.012,0.691,0.846,0.865,0.653,0.635,0.583,0.665,0.563,-0.021,0.235,0.394,0.377,0.882,0.772,0.415,0.764,-0.664
AMCX,0.095,-0.142,0.223,-0.016,-0.145,0.048,0.12,0.068,0.039,-0.187,-0.062,0.266,0.2,0.166,0.0,0.287,-0.119,0.113,0.108,-0.248,0.116,0.156,0.054,-0.012,0.098,-0.12,0.085,0.183,0.116,0.087,0.002,0.159,0.062,0.049,0.142,0.077,0.112,-0.008,0.092,0.232,0.229,-0.116,-0.027,0.2,0.041,0.051,-0.118,0.196,-0.12,0.19,0.095,-0.056,0.189,-0.034,0.201,0.112,-0.015,-0.164,0.117,-0.165,0.256,0.207,-0.075,0.037,0.06,-0.03,-0.013,0.255,0.003,-0.057,0.159,-0.047,0.147,0.077,0.183,0.283,-0.088,0.044,-0.041,0.092,0.222,-0.039,0.136,-0.088,0.128,0.087,0.192,-0.101,0.023,0.032,-0.036,0.248,0.097,0.261,-0.018,0.12,0.189,0.179,0.042,0.059,0.117,0.027,0.302,0.267,-0.307,0.247,0.229,0.206,0.127,0.03,0.165,0.076,0.054,0.335,0.165,-0.059,0.209,-0.123,0.091,-0.01,-0.137,0.105,0.119,0.021,0.197,0.189,-0.106,-0.016,0.104,0.058,0.253,0.098,0.054,0.078,0.232,-0.085,0.201,0.127,-0.008,0.235,-0.01,-0.063,-0.081,0.129,0.18,0.119,-0.014,0.203,-0.095,0.024,-0.022,0.119,0.146,0.027,-0.067,0.255,0.266,0.266,0.208,-0.171,0.367,0.041,0.138,-0.09,0.119,0.141,0.077,0.247,0.194,0.252,-0.198,-0.097,0.24,0.146,0.444,-0.018,0.164,0.099,-0.116,0.148,-0.053,0.232,0.146,0.073,0.136,0.129,-0.024,0.074,0.024,0.385,0.158,0.023,0.023,0.179,0.266,0.259,-0.009,0.081,0.356,-0.184
AMKR,0.53,0.226,0.616,0.29,-0.114,0.455,0.653,0.149,0.103,0.078,-0.578,0.571,0.795,0.762,0.287,0.0,-0.084,0.677,0.749,-0.724,0.514,0.627,0.668,0.303,0.202,-0.547,0.25,0.553,0.35,0.54,0.626,0.679,0.697,0.46,0.313,0.717,0.612,0.457,-0.015,0.831,0.587,-0.191,0.336,0.756,-0.412,0.456,0.199,0.845,-0.293,0.604,0.766,-0.053,0.112,0.013,0.903,0.8,0.506,0.14,0.597,-0.165,0.841,0.802,0.18,0.635,0.75,0.608,0.304,0.756,0.614,-0.043,0.678,0.244,0.541,0.528,0.709,0.835,-0.088,0.777,0.301,0.596,0.027,-0.056,0.687,-0.629,0.248,0.784,0.84,-0.292,0.557,0.388,-0.522,0.923,0.204,0.672,0.229,0.572,0.549,0.101,0.264,0.193,0.076,0.302,0.901,0.681,-0.708,0.654,0.716,0.357,0.729,0.102,0.868,0.809,0.43,0.707,0.773,-0.522,0.784,-0.594,0.811,0.306,-0.575,0.701,0.694,0.453,0.676,0.833,-0.609,-0.049,0.834,0.547,0.494,0.248,0.426,0.059,0.252,0.16,0.454,0.396,0.603,0.832,0.792,-0.522,0.334,0.777,0.625,0.658,0.049,0.624,-0.037,0.392,0.536,0.395,0.021,0.194,0.1,0.829,0.842,0.699,0.857,-0.505,0.671,0.339,-0.308,-0.111,0.024,0.44,0.203,0.89,0.803,0.562,-0.027,0.498,0.625,0.814,0.64,-0.362,0.604,0.698,0.128,0.829,0.072,0.85,0.092,0.754,0.823,0.733,0.621,0.455,0.59,0.619,0.527,0.18,0.285,0.289,0.479,0.774,0.688,0.219,0.912,-0.467
AMRX,-0.315,0.178,0.099,-0.026,0.686,0.173,0.037,0.079,-0.455,0.497,0.58,0.428,-0.51,-0.419,-0.119,-0.084,0.0,0.083,0.367,0.529,0.279,-0.041,-0.229,0.451,0.45,0.634,-0.076,-0.04,0.013,0.132,0.129,-0.149,0.144,0.059,-0.442,0.005,-0.204,-0.129,0.366,-0.333,0.31,0.476,0.425,-0.362,0.225,-0.251,-0.284,-0.269,0.577,0.154,-0.28,0.179,-0.095,0.465,-0.22,-0.346,-0.128,0.319,-0.417,0.662,-0.142,-0.353,0.369,-0.285,0.12,-0.342,-0.061,-0.354,0.009,0.345,-0.539,0.226,-0.266,-0.023,-0.304,-0.202,0.027,-0.269,0.297,-0.431,-0.125,0.507,-0.198,0.485,0.692,-0.07,-0.121,0.26,0.366,-0.735,0.11,0.034,0.698,0.273,0.199,-0.174,0.176,0.681,0.494,0.171,0.359,0.501,-0.143,-0.477,0.564,0.11,-0.19,0.348,-0.021,-0.442,-0.176,-0.132,-0.142,0.301,0.134,0.627,0.067,0.31,-0.07,0.376,0.213,-0.111,0.073,0.255,-0.065,-0.195,0.196,0.639,-0.074,-0.281,-0.601,0.456,-0.463,0.043,0.435,0.251,-0.117,0.06,-0.16,-0.395,0.164,0.215,0.458,0.298,-0.287,0.334,0.29,-0.277,0.669,-0.512,-0.025,0.198,0.511,-0.483,0.695,-0.071,-0.33,-0.186,-0.276,0.66,0.033,0.186,0.409,0.772,0.461,-0.486,0.373,-0.245,-0.365,0.072,0.366,-0.057,-0.589,-0.059,0.01,0.441,-0.137,-0.419,-0.164,-0.049,0.241,-0.239,0.35,0.048,-0.198,-0.166,0.029,-0.378,0.036,-0.374,0.054,0.563,0.111,0.1,0.271,-0.467,-0.211,-0.285,-0.001,0.813
ANSS,-0.027,0.575,0.461,0.672,0.08,0.758,0.151,0.152,0.46,0.536,-0.367,0.428,0.469,0.522,0.113,0.677,0.083,0.0,0.517,-0.662,0.14,0.434,0.544,0.669,-0.033,-0.581,0.622,0.132,-0.131,0.49,0.428,0.712,0.533,0.821,-0.082,0.393,0.561,0.65,-0.035,0.512,0.378,0.102,0.608,0.417,0.111,0.699,0.196,0.449,0.21,0.701,0.407,0.349,0.418,0.208,0.587,0.613,0.549,0.653,0.701,-0.172,0.591,0.729,0.695,0.657,0.475,0.352,0.756,0.752,0.674,0.489,0.418,0.12,0.501,0.065,0.76,0.771,-0.519,0.583,0.157,0.698,0.235,-0.385,0.187,-0.417,0.173,0.541,0.507,0.331,0.183,0.45,-0.615,0.787,0.051,0.336,0.504,0.657,0.063,0.275,0.601,0.425,-0.385,0.478,0.693,0.099,-0.591,0.282,0.679,0.748,0.505,0.538,0.608,0.557,0.689,0.509,0.585,-0.535,0.67,-0.098,0.471,0.086,-0.06,0.175,0.578,0.512,0.347,0.495,-0.204,-0.163,0.807,0.563,-0.013,0.194,0.523,0.079,-0.023,0.487,0.606,0.446,0.582,0.524,0.61,0.025,0.192,0.651,0.154,0.672,0.337,0.246,0.064,0.542,0.603,0.626,0.184,0.562,-0.029,0.519,0.677,0.838,0.691,-0.247,0.32,0.413,-0.372,0.175,0.144,0.561,0.74,0.641,0.453,0.208,0.243,0.685,0.293,0.53,0.749,-0.176,0.465,0.636,0.613,0.482,0.37,0.773,0.428,0.763,0.705,0.395,0.654,0.718,0.042,0.391,0.788,0.189,0.301,0.087,0.302,0.335,0.637,0.625,0.642,-0.249
APPN,0.511,0.306,0.51,0.098,0.196,0.329,0.75,0.265,-0.267,0.241,-0.248,0.71,0.455,0.442,0.108,0.749,0.367,0.517,0.0,-0.342,0.664,0.382,0.388,0.32,0.459,-0.143,0.044,0.43,0.475,0.414,0.707,0.496,0.62,0.277,-0.013,0.707,0.242,0.205,0.021,0.571,0.545,-0.021,0.383,0.609,-0.477,0.165,0.022,0.61,-0.05,0.427,0.602,-0.05,-0.22,0.196,0.673,0.388,0.522,0.197,0.348,0.128,0.561,0.388,0.139,0.304,0.719,0.277,0.044,0.394,0.477,-0.038,0.261,0.226,0.296,0.548,0.432,0.584,0.092,0.578,0.245,0.284,-0.143,0.301,0.579,-0.363,0.555,0.669,0.701,-0.302,0.673,-0.109,-0.29,0.671,0.546,0.717,0.175,0.429,0.679,0.194,0.325,0.033,0.342,0.352,0.598,0.447,-0.329,0.628,0.538,0.268,0.525,-0.247,0.613,0.649,0.246,0.841,0.827,-0.176,0.652,-0.535,0.682,0.381,-0.549,0.669,0.679,0.459,0.593,0.604,-0.547,0.196,0.617,0.513,0.244,0.342,0.077,0.109,0.353,0.128,0.06,0.349,0.284,0.548,0.842,-0.539,0.744,0.744,0.588,0.646,0.077,0.395,0.205,0.089,0.323,0.282,0.165,-0.191,0.465,0.641,0.567,0.451,0.456,-0.122,0.649,0.279,-0.194,0.287,0.123,0.038,0.109,0.651,0.514,0.57,0.074,0.381,0.285,0.729,0.518,-0.193,0.464,0.434,-0.072,0.668,0.064,0.502,0.07,0.582,0.545,0.558,0.486,0.082,0.575,0.416,0.327,0.477,0.285,0.227,0.56,0.447,0.444,-0.117,0.707,-0.039
APTO,-0.447,-0.331,-0.388,-0.505,0.381,-0.429,-0.328,-0.022,-0.601,-0.08,0.8,-0.18,-0.854,-0.826,-0.248,-0.724,0.529,-0.662,-0.342,0.0,-0.085,-0.497,-0.713,-0.239,0.208,0.913,-0.423,-0.271,0.004,-0.425,-0.379,-0.741,-0.468,-0.572,-0.258,-0.544,-0.653,-0.596,0.338,-0.84,-0.217,0.335,-0.219,-0.776,0.279,-0.735,-0.372,-0.737,0.297,-0.444,-0.714,-0.018,-0.286,0.209,-0.816,-0.792,-0.572,-0.243,-0.855,0.573,-0.684,-0.849,-0.245,-0.809,-0.454,-0.633,-0.562,-0.864,-0.616,-0.026,-0.838,0.028,-0.619,-0.257,-0.893,-0.841,0.382,-0.792,-0.058,-0.901,-0.12,0.573,-0.514,0.79,0.251,-0.703,-0.683,0.128,-0.159,-0.783,0.669,-0.702,0.343,-0.309,-0.218,-0.751,-0.146,0.258,-0.086,-0.137,0.386,-0.096,-0.729,-0.596,0.954,-0.336,-0.661,-0.319,-0.613,-0.579,-0.778,-0.72,-0.535,-0.344,-0.603,0.862,-0.68,0.518,-0.597,0.104,0.422,-0.462,-0.457,-0.352,-0.46,-0.707,0.559,0.483,-0.823,-0.713,-0.559,0.145,-0.75,0.022,0.216,-0.174,-0.466,-0.41,-0.615,-0.858,-0.577,0.374,0.025,-0.467,-0.538,-0.387,-0.023,-0.453,0.345,-0.777,-0.565,-0.31,0.227,-0.654,0.419,-0.654,-0.9,-0.83,-0.822,0.723,-0.406,-0.266,0.608,0.456,0.233,-0.721,-0.148,-0.797,-0.772,-0.173,0.143,-0.583,-0.766,-0.642,-0.647,0.588,-0.473,-0.878,-0.54,-0.592,-0.067,-0.849,-0.021,-0.619,-0.798,-0.643,-0.59,-0.782,-0.241,-0.695,-0.594,0.169,-0.21,-0.17,-0.17,-0.728,-0.702,-0.625,-0.676,0.804
ARCT,0.441,0.002,0.65,-0.116,0.191,0.105,0.69,-0.015,-0.344,0.076,-0.107,0.722,0.368,0.367,0.116,0.514,0.279,0.14,0.664,-0.085,0.0,0.536,0.397,0.171,0.366,0.059,-0.164,0.752,0.658,0.426,0.483,0.197,0.437,0.038,0.328,0.597,0.144,0.09,0.424,0.37,0.681,-0.034,0.187,0.379,-0.481,-0.03,0.314,0.48,-0.169,0.329,0.484,-0.058,-0.033,0.327,0.415,0.282,0.086,0.007,-0.047,0.48,0.483,0.308,-0.138,0.192,0.685,0.136,-0.133,0.241,0.393,-0.108,0.245,0.482,0.172,0.459,0.176,0.323,0.341,0.428,0.456,0.096,0.06,0.595,0.508,0.027,0.65,0.448,0.535,-0.435,0.498,-0.126,-0.21,0.382,0.636,0.73,0.004,0.296,0.772,0.169,0.245,0.167,0.323,0.236,0.354,0.447,-0.047,0.701,0.276,0.069,0.386,-0.397,0.371,0.289,0.124,0.749,0.541,0.02,0.519,-0.329,0.679,0.633,-0.446,0.578,0.248,0.388,0.51,0.58,-0.387,0.438,0.326,0.102,0.157,0.639,0.027,0.021,0.476,0.015,0.175,0.381,0.258,0.384,0.44,-0.481,0.456,0.547,0.349,0.527,-0.139,0.39,0.338,-0.204,0.335,0.16,0.417,-0.305,0.674,0.528,0.413,0.248,0.234,0.049,0.761,0.164,0.224,0.267,0.452,-0.137,-0.108,0.505,0.38,0.615,0.022,0.206,0.288,0.46,0.306,0.086,0.263,0.216,-0.306,0.682,0.003,0.254,0.17,0.343,0.413,0.466,0.339,-0.046,0.591,0.233,0.224,0.556,0.218,0.411,0.776,0.483,0.28,-0.271,0.597,0.129
ARWR,0.319,0.08,0.662,0.359,-0.119,0.224,0.458,-0.556,0.251,0.227,-0.624,0.511,0.634,0.77,0.156,0.627,-0.041,0.434,0.382,-0.497,0.536,0.0,0.778,0.433,0.141,-0.406,0.015,0.677,0.365,0.776,0.578,0.442,0.578,0.476,0.531,0.793,0.782,0.376,0.25,0.691,0.665,-0.271,0.201,0.479,-0.391,0.477,0.613,0.668,-0.233,0.545,0.593,-0.23,0.294,0.01,0.647,0.615,-0.11,0.23,0.274,0.193,0.632,0.698,0.175,0.684,0.789,0.697,0.381,0.661,0.582,0.091,0.703,0.532,0.195,0.5,0.492,0.552,0.072,0.632,0.606,0.508,-0.087,0.043,0.604,-0.322,0.232,0.734,0.703,-0.351,0.528,0.349,-0.788,0.633,0.241,0.747,0.017,0.426,0.508,0.032,0.263,0.466,-0.024,0.474,0.583,0.515,-0.444,0.751,0.19,0.464,0.648,0.023,0.581,0.518,0.119,0.482,0.492,-0.392,0.665,-0.364,0.695,0.516,-0.48,0.582,0.012,0.414,0.376,0.842,-0.623,0.205,0.647,0.197,0.31,0.499,0.48,-0.027,0.275,0.121,0.466,0.703,0.743,0.718,0.485,-0.362,0.168,0.72,0.264,0.63,-0.236,0.363,0.336,0.215,0.828,0.145,0.229,0.127,0.338,0.791,0.68,0.494,0.623,-0.27,0.565,0.133,-0.037,-0.049,0.502,0.045,0.136,0.697,0.616,0.392,-0.14,0.415,0.663,0.435,0.434,-0.306,0.373,0.409,0.095,0.844,-0.035,0.661,0.192,0.572,0.683,0.833,0.544,0.433,0.643,0.488,0.573,0.189,0.122,0.673,0.491,0.699,0.597,0.325,0.752,-0.253
ASND,0.382,0.436,0.689,0.542,-0.07,0.48,0.463,-0.281,0.476,0.255,-0.654,0.463,0.77,0.841,0.054,0.668,-0.229,0.544,0.388,-0.713,0.397,0.778,0.0,0.41,0.012,-0.593,0.367,0.587,0.217,0.774,0.502,0.711,0.71,0.603,0.396,0.683,0.718,0.689,0.116,0.755,0.615,-0.058,0.415,0.612,-0.341,0.728,0.655,0.793,-0.197,0.593,0.699,0.069,0.405,0.103,0.715,0.796,0.267,0.357,0.517,-0.019,0.749,0.843,0.231,0.847,0.711,0.631,0.541,0.818,0.812,0.219,0.772,0.46,0.6,0.373,0.767,0.749,-0.118,0.76,0.536,0.733,0.139,-0.129,0.532,-0.449,0.127,0.755,0.708,-0.188,0.299,0.566,-0.783,0.634,0.056,0.624,0.347,0.618,0.382,-0.007,0.367,0.49,-0.182,0.352,0.652,0.512,-0.644,0.585,0.411,0.432,0.747,0.335,0.715,0.612,0.426,0.477,0.584,-0.565,0.791,-0.394,0.796,0.405,-0.336,0.522,0.259,0.66,0.565,0.828,-0.537,0.039,0.798,0.423,0.317,0.358,0.701,0.054,0.193,0.401,0.556,0.625,0.793,0.752,0.57,-0.327,0.107,0.701,0.335,0.665,0.084,0.423,0.118,0.418,0.828,0.359,0.212,0.442,0.126,0.688,0.831,0.71,0.693,-0.42,0.599,0.439,-0.193,-0.144,0.261,0.411,0.138,0.8,0.697,0.373,0.077,0.707,0.699,0.583,0.593,-0.284,0.465,0.606,0.332,0.808,0.27,0.704,0.291,0.732,0.843,0.729,0.79,0.674,0.469,0.435,0.717,0.171,0.465,0.484,0.502,0.715,0.726,0.524,0.722,-0.392
ASTH,-0.369,0.601,0.538,0.772,0.458,0.649,-0.136,-0.18,0.471,0.854,-0.042,0.366,0.066,0.205,-0.012,0.303,0.451,0.669,0.32,-0.239,0.171,0.433,0.41,0.0,0.108,-0.19,0.515,-0.009,-0.15,0.508,0.228,0.46,0.37,0.843,-0.169,0.247,0.439,0.544,0.307,0.191,0.438,0.348,0.667,-0.064,0.354,0.637,0.281,0.115,0.612,0.615,-0.012,0.459,0.523,0.51,0.189,0.309,0.096,0.831,0.305,0.193,0.278,0.427,0.831,0.483,0.388,0.123,0.773,0.429,0.573,0.77,0.101,0.193,0.215,-0.067,0.443,0.364,-0.342,0.268,0.414,0.439,0.192,-0.141,-0.122,0.082,0.292,0.328,0.201,0.536,0.187,0.095,-0.534,0.524,0.177,0.297,0.532,0.33,-0.093,0.521,0.765,0.603,-0.412,0.741,0.361,-0.283,-0.14,0.194,0.155,0.872,0.417,0.402,0.264,0.156,0.458,0.334,0.365,-0.127,0.534,0.312,0.334,0.271,0.24,-0.11,0.195,0.573,0.008,0.215,0.011,0.164,0.548,0.217,-0.4,0.468,0.454,-0.013,0.03,0.595,0.572,0.614,0.509,0.149,0.351,0.369,0.142,0.559,-0.299,0.616,0.36,-0.244,0.602,0.203,0.689,0.646,0.398,0.373,0.264,0.321,0.33,0.58,0.378,0.313,0.061,0.408,-0.028,0.468,0.504,0.227,0.744,0.24,0.052,-0.087,0.408,0.589,-0.017,0.143,0.606,0.044,0.091,0.197,0.562,0.3,0.444,0.467,0.606,0.517,0.47,0.219,0.569,0.529,-0.076,0.104,0.7,0.306,0.291,0.228,0.281,-0.048,0.305,0.609,0.397,0.248
ATSG,0.14,-0.012,0.231,-0.067,0.245,-0.076,0.363,0.005,-0.336,0.171,0.122,0.373,-0.001,0.0,0.098,0.202,0.45,-0.033,0.459,0.208,0.366,0.141,0.012,0.108,0.0,0.386,-0.196,0.112,0.459,0.161,0.424,0.062,0.214,0.013,0.062,0.249,-0.047,-0.178,0.222,0.08,0.293,0.118,0.037,0.041,-0.197,-0.112,-0.082,0.141,0.073,0.122,0.049,-0.174,-0.252,0.183,0.078,-0.124,-0.03,-0.044,-0.207,0.308,0.017,-0.108,-0.027,-0.115,0.291,-0.036,-0.18,-0.164,-0.01,-0.019,-0.151,0.105,-0.168,0.39,-0.09,-0.032,0.529,0.003,0.26,-0.177,-0.238,0.492,0.143,0.098,0.409,0.198,0.188,-0.198,0.444,-0.444,0.182,0.164,0.485,0.4,-0.069,-0.101,0.463,0.32,0.189,0.015,0.455,0.285,0.081,0.132,0.179,0.252,-0.095,0.116,0.293,-0.455,0.057,0.106,-0.277,0.374,0.251,0.32,0.204,-0.151,0.278,0.296,-0.211,0.279,0.226,0.131,0.06,0.126,-0.186,0.408,0.053,0.024,0.09,0.293,-0.152,0.054,0.445,-0.018,-0.162,0.274,-0.016,0.01,0.238,-0.108,0.441,0.276,0.136,0.258,-0.042,-0.096,0.475,-0.233,0.1,-0.04,0.197,-0.437,0.519,0.145,-0.003,-0.162,-0.002,0.326,0.271,-0.088,0.334,0.284,0.255,-0.37,-0.046,0.046,-0.067,0.276,0.05,-0.069,-0.065,0.177,0.035,0.006,0.11,-0.156,-0.34,0.212,-0.037,0.003,-0.043,0.037,0.031,0.158,0.026,-0.303,0.338,0.03,-0.079,0.251,0.055,0.136,0.256,-0.026,-0.045,-0.301,0.171,0.308
AVTX,-0.351,-0.258,-0.231,-0.464,0.466,-0.325,-0.123,0.073,-0.675,-0.045,0.811,0.05,-0.757,-0.725,-0.12,-0.547,0.634,-0.581,-0.143,0.913,0.059,-0.406,-0.593,-0.19,0.386,0.0,-0.38,-0.128,0.073,-0.248,-0.253,-0.573,-0.231,-0.512,-0.265,-0.428,-0.598,-0.494,0.443,-0.727,-0.019,0.443,-0.068,-0.663,0.223,-0.684,-0.34,-0.547,0.275,-0.303,-0.594,-0.004,-0.24,0.317,-0.664,-0.693,-0.493,-0.244,-0.863,0.677,-0.515,-0.743,-0.228,-0.72,-0.291,-0.6,-0.577,-0.797,-0.477,0.014,-0.801,0.142,-0.482,-0.116,-0.788,-0.675,0.397,-0.717,0.105,-0.89,-0.088,0.706,-0.361,0.748,0.457,-0.571,-0.545,0.081,-0.013,-0.882,0.632,-0.551,0.55,-0.091,-0.082,-0.688,0.055,0.414,0.05,-0.05,0.536,0.017,-0.576,-0.498,0.89,-0.189,-0.572,-0.219,-0.392,-0.666,-0.611,-0.575,-0.494,-0.115,-0.421,0.907,-0.468,0.415,-0.414,0.246,0.362,-0.326,-0.279,-0.177,-0.268,-0.55,0.473,0.675,-0.677,-0.65,-0.524,0.285,-0.746,0.003,0.452,-0.045,-0.422,-0.37,-0.521,-0.77,-0.435,0.302,0.11,-0.255,-0.457,-0.167,0.106,-0.373,0.462,-0.832,-0.491,-0.211,0.37,-0.72,0.577,-0.521,-0.763,-0.749,-0.718,0.748,-0.177,-0.104,0.722,0.526,0.305,-0.706,-0.116,-0.636,-0.651,0.003,0.262,-0.496,-0.733,-0.435,-0.498,0.634,-0.32,-0.863,-0.64,-0.435,0.065,-0.782,0.071,-0.454,-0.658,-0.555,-0.43,-0.783,-0.108,-0.696,-0.465,0.327,-0.025,-0.08,0.007,-0.609,-0.571,-0.646,-0.488,0.84
BCPC,-0.374,0.755,0.407,0.719,0.312,0.872,-0.246,0.295,0.613,0.437,0.035,0.129,0.129,0.182,0.085,0.25,-0.076,0.622,0.044,-0.423,-0.164,0.015,0.367,0.515,-0.196,-0.38,0.0,-0.089,-0.353,0.311,-0.09,0.582,0.372,0.695,-0.147,-0.165,0.239,0.799,0.206,0.117,0.259,0.582,0.745,0.001,0.521,0.687,0.212,0.173,0.443,0.544,0.021,0.774,0.741,0.498,0.114,0.495,0.43,0.664,0.421,-0.155,0.393,0.554,0.556,0.468,0.098,-0.088,0.735,0.553,0.577,0.733,0.122,0.114,0.706,-0.424,0.581,0.556,-0.527,0.167,0.186,0.47,0.689,-0.34,-0.288,-0.007,0.034,0.036,0.009,0.689,-0.377,0.424,-0.25,0.369,-0.12,-0.035,0.862,0.376,-0.317,0.445,0.676,0.597,-0.523,0.25,0.403,-0.242,-0.348,-0.116,0.461,0.611,0.249,0.75,0.31,0.126,0.753,0.168,0.142,-0.266,0.401,0.356,0.229,0.083,0.515,-0.337,0.393,0.577,0.302,0.065,0.351,-0.084,0.449,0.257,-0.308,0.211,0.534,0.079,-0.063,0.788,0.722,0.141,0.385,0.067,0.151,0.407,-0.223,0.276,-0.223,0.474,0.747,0.081,-0.025,0.363,0.357,0.794,0.336,0.732,-0.187,-0.001,0.356,0.66,0.35,-0.049,0.061,0.701,-0.078,0.194,0.102,0.689,0.646,0.297,0.138,0.018,0.628,0.736,-0.026,0.202,0.614,0.248,0.189,0.294,0.583,0.065,0.776,0.354,0.649,0.572,0.5,-0.137,0.633,0.73,-0.424,-0.03,0.69,0.213,0.633,-0.172,0.172,0.009,0.36,0.707,0.244,-0.033
BEAM,0.515,-0.12,0.633,-0.171,-0.081,0.101,0.69,-0.174,-0.237,-0.233,-0.323,0.662,0.571,0.579,0.183,0.553,-0.04,0.132,0.43,-0.271,0.752,0.677,0.587,-0.009,0.112,-0.128,-0.089,0.0,0.617,0.59,0.486,0.276,0.598,-0.023,0.618,0.649,0.378,0.227,0.389,0.541,0.773,-0.109,0.184,0.527,-0.565,0.023,0.434,0.678,-0.509,0.419,0.669,-0.167,0.116,0.126,0.563,0.515,-0.05,-0.182,-0.002,0.358,0.709,0.524,-0.278,0.355,0.74,0.41,-0.117,0.471,0.455,-0.216,0.512,0.727,0.355,0.458,0.272,0.49,0.27,0.56,0.503,0.169,0.098,0.449,0.683,-0.155,0.489,0.525,0.63,-0.566,0.432,0.149,-0.384,0.396,0.511,0.785,0.037,0.285,0.766,0.072,0.098,0.306,0.339,0.104,0.481,0.64,-0.232,0.863,0.355,0.023,0.424,-0.304,0.523,0.468,0.123,0.618,0.412,-0.127,0.505,-0.433,0.662,0.71,-0.483,0.655,0.136,0.372,0.736,0.783,-0.452,0.383,0.406,-0.006,0.309,0.581,0.149,0.031,0.575,0.059,0.29,0.231,0.431,0.557,0.395,-0.599,0.189,0.58,0.465,0.558,-0.117,0.682,0.099,-0.161,0.368,0.13,0.389,-0.189,0.487,0.652,0.505,0.309,0.384,-0.295,0.821,0.288,0.182,0.032,0.386,-0.029,-0.187,0.699,0.678,0.788,-0.024,0.255,0.514,0.518,0.236,0.047,0.466,0.242,-0.335,0.822,0.046,0.332,0.187,0.502,0.522,0.605,0.431,0.082,0.678,0.259,0.344,0.48,0.314,0.482,0.743,0.759,0.462,-0.172,0.672,-0.134
BILI,0.513,-0.267,0.448,-0.369,-0.125,-0.257,0.606,-0.114,-0.427,-0.295,-0.161,0.517,0.354,0.332,0.116,0.35,0.013,-0.131,0.475,0.004,0.658,0.365,0.217,-0.15,0.459,0.073,-0.353,0.617,0.0,0.108,0.45,0.032,0.205,-0.211,0.594,0.53,-0.042,-0.227,0.238,0.367,0.439,-0.228,-0.205,0.383,-0.601,-0.244,0.206,0.386,-0.466,0.118,0.388,-0.304,-0.307,0.067,0.296,0.092,-0.1,-0.358,-0.092,0.283,0.3,0.137,-0.469,-0.019,0.552,0.171,-0.367,0.132,0.078,-0.38,0.223,0.348,-0.004,0.583,-0.02,0.143,0.787,0.33,0.128,-0.025,-0.15,0.587,0.491,-0.047,0.403,0.328,0.439,-0.641,0.427,-0.107,0.097,0.153,0.452,0.59,-0.279,0.031,0.743,-0.075,-0.1,-0.048,0.393,-0.04,0.228,0.617,-0.013,0.679,0.192,-0.225,0.135,-0.507,0.196,0.22,-0.087,0.559,0.27,0.036,0.234,-0.43,0.49,0.489,-0.542,0.578,0.133,0.009,0.413,0.464,-0.399,0.227,0.071,0.075,0.422,0.38,-0.039,0.04,0.417,-0.274,-0.103,0.281,0.03,0.351,0.248,-0.54,0.352,0.257,0.458,0.217,-0.404,0.355,0.121,-0.25,0.08,-0.13,0.159,-0.453,0.513,0.426,0.232,0.008,0.105,-0.04,0.593,-0.125,0.145,0.128,0.224,-0.272,-0.413,0.395,0.353,0.651,-0.203,-0.024,0.343,0.306,-0.004,-0.038,0.353,0.073,-0.517,0.535,-0.277,0.103,-0.116,0.102,0.209,0.421,0.04,-0.245,0.553,0.328,-0.13,0.277,0.01,0.266,0.532,0.477,0.086,-0.447,0.397,-0.04
BJRI,0.205,0.459,0.708,0.514,0.26,0.493,0.45,-0.346,0.279,0.404,-0.395,0.57,0.484,0.63,0.087,0.54,0.132,0.49,0.414,-0.425,0.426,0.776,0.774,0.508,0.161,-0.248,0.311,0.59,0.108,0.0,0.56,0.653,0.821,0.545,0.215,0.635,0.741,0.675,0.383,0.532,0.765,0.154,0.62,0.378,-0.225,0.596,0.596,0.696,0.025,0.623,0.558,0.088,0.428,0.304,0.557,0.647,0.029,0.445,0.214,0.307,0.677,0.672,0.338,0.741,0.76,0.54,0.462,0.618,0.796,0.384,0.542,0.701,0.474,0.354,0.579,0.624,-0.138,0.559,0.761,0.432,0.134,0.098,0.459,-0.18,0.363,0.692,0.571,-0.1,0.372,0.215,-0.78,0.556,0.385,0.717,0.444,0.444,0.442,0.266,0.538,0.706,0.073,0.6,0.535,0.258,-0.357,0.588,0.163,0.593,0.783,0.105,0.639,0.526,0.22,0.496,0.515,-0.186,0.724,-0.229,0.689,0.639,-0.188,0.417,0.123,0.766,0.554,0.723,-0.392,0.428,0.685,0.133,0.033,0.603,0.462,0.083,0.449,0.536,0.493,0.551,0.813,0.522,0.496,-0.211,0.232,0.847,0.152,0.808,0.264,0.312,0.468,0.134,0.786,0.328,0.484,0.213,0.399,0.572,0.611,0.51,0.519,-0.129,0.547,0.516,0.106,0.151,0.501,0.132,0.258,0.669,0.561,0.444,0.259,0.687,0.455,0.495,0.567,-0.028,0.332,0.285,0.157,0.744,0.425,0.504,0.45,0.763,0.731,0.628,0.797,0.473,0.53,0.138,0.765,0.426,0.576,0.645,0.542,0.53,0.646,0.418,0.64,-0.027
BLUE,0.548,0.137,0.423,0.11,-0.068,0.114,0.716,-0.149,-0.085,0.137,-0.511,0.495,0.585,0.596,0.002,0.626,0.129,0.428,0.707,-0.379,0.483,0.578,0.502,0.228,0.424,-0.253,-0.09,0.486,0.45,0.56,0.0,0.473,0.588,0.272,0.22,0.787,0.504,0.224,-0.069,0.636,0.516,-0.217,0.171,0.636,-0.599,0.241,0.236,0.675,-0.264,0.345,0.69,-0.277,-0.22,-0.053,0.691,0.42,0.263,0.062,0.333,0.068,0.506,0.427,0.055,0.477,0.694,0.59,0.068,0.418,0.471,-0.147,0.498,0.278,0.177,0.648,0.413,0.507,0.194,0.63,0.35,0.368,-0.264,0.154,0.659,-0.468,0.233,0.788,0.714,-0.463,0.628,0.1,-0.479,0.575,0.374,0.647,-0.019,0.42,0.66,-0.058,0.127,0.092,0.286,0.299,0.481,0.557,-0.372,0.592,0.329,0.223,0.624,-0.209,0.601,0.656,0.057,0.536,0.705,-0.298,0.595,-0.609,0.622,0.352,-0.623,0.715,0.331,0.368,0.465,0.72,-0.658,0.129,0.621,0.412,0.441,0.257,0.217,0.093,0.272,0.048,0.018,0.426,0.479,0.638,0.663,-0.535,0.565,0.653,0.633,0.521,-0.126,0.336,0.223,0.249,0.488,0.038,0.041,-0.083,0.335,0.665,0.536,0.325,0.482,-0.24,0.545,0.096,-0.172,-0.033,0.064,0.005,-0.026,0.629,0.538,0.5,-0.145,0.357,0.527,0.576,0.304,-0.415,0.443,0.401,-0.058,0.735,-0.058,0.537,-0.114,0.543,0.555,0.733,0.437,0.139,0.675,0.39,0.309,0.204,0.191,0.411,0.379,0.552,0.508,-0.008,0.621,-0.224
