,AAL,AAON,ACB,ACGL,ACGLO,ACIW,ADBE,ADSK,AEP,AGIO,ALEC,ALNY,ALTR,AMBA,AMCX,AMKR,AMRX,ANSS,APPN,APTO,ARCT,ARWR,ASND,ASTH,ATSG,AVTX,BCPC,BEAM,BILI,BJRI,BLUE,BPOP,BRKL,BWIN,BZUN,CARG,CBRL,CBSH,CBUS,CENTA,CERS,CFFN,CHCO,CHEF,CHRD,CINF,CLLS,CMCO,CMCSA,COLL,COMM,COOP,CPB,CRON,CROX,CRUS,CRWD,CTAS,CYBR,CYTK,DGII,DIOD,DOMO,DPZ,DSGR,DXCM,ERIE,ESTA,EXEL,FAST,FCEL,FCFS,FHB,FITBI,FSV,FTDR,FUTU,GLDD,GLPG,GLPI,GOGO,GOSS,GSAT,GYRE,HALO,HAS,HLIT,HLNE,HSDT,HSIC,HTHT,ICHR,IDYA,IMVT,INDB,INSM,IONS,IOSP,ITRI,JBHT,JBLU,JSM,KLIC,KOD,KURA,LAB,LASR,LIN,LKQ,LNT,MBUU,MCRI,MDGL,MEDP,MGNI,MGPI,MGRC,MKTX,MRNA,MRTN,MSEX,MSFT,MU,NAVI,NBTB,NEO,NEOG,NGNE,NSSC,NTAP,NTES,NTLA,NTRS,NYMTN,OBLG,OCFC,ON,ONC,OPI,OSIS,OSW,PALI,PANW,PCAR,PCRX,PCTY,PEBO,PLAB,PLAY,PLMR,PLSE,PLUS,PRTA,PSEC,PSNL,PTCT,PTON,QNST,QRVO,QTTB,RARE,RBCAA,RGNX,SAIC,SGMO,SINT,SNPS,SPSC,SPTN,SSYS,STNE,TBBK,TCPC,TENB,TGTX,TREE,TRUP,TTWO,TW,TXG,UBSI,UCTT,UFPT,UMBF,UPBD,URBN,VBTX,VCTR,VEON,VNET,VRSK,VSEC,WABC,WTFCM,WVE,WW,WWD,XEL,ZD,ZYME
AAL,0.0,-0.747,0.77,0.061,-0.376,-0.766,-0.819,-0.722,0.552,0.675,0.219,-0.766,-0.49,0.166,0.716,-0.734,0.487,-0.151,-0.569,0.752,0.77,-0.362,-0.259,0.001,-0.59,-0.655,-0.493,0.387,-0.499,-0.545,0.101,-0.421,-0.345,-0.512,-0.032,0.692,0.841,-0.521,0.784,0.651,0.455,-0.537,-0.614,-0.562,-0.053,-0.564,0.7,0.852,0.037,0.289,0.764,0.65,-0.768,0.795,0.488,-0.716,-0.37,-0.574,-0.756,-0.385,-0.098,0.188,-0.602,0.572,0.865,0.706,-0.625,0.636,-0.337,0.369,0.811,0.877,-0.563,-0.754,-0.431,0.511,0.645,0.773,0.66,-0.399,0.185,-0.789,-0.33,-0.17,-0.601,0.323,-0.598,-0.403,0.646,0.537,0.784,-0.424,0.552,-0.611,-0.118,-0.696,-0.722,0.726,0.785,0.412,-0.526,-0.242,-0.633,0.764,0.52,0.791,0.742,0.072,0.038,-0.644,0.839,0.164,-0.338,-0.216,0.045,0.378,-0.033,0.12,0.786,-0.256,-0.458,-0.796,0.233,0.041,-0.638,-0.247,0.608,0.242,-0.421,-0.723,-0.154,0.399,-0.385,0.285,0.351,-0.586,0.269,0.668,0.541,0.098,-0.098,0.263,-0.684,0.724,0.57,0.723,-0.455,0.399,0.849,0.489,0.316,0.318,0.386,0.086,0.085,0.654,0.669,0.582,-0.755,0.446,0.313,-0.43,0.782,-0.042,0.786,0.229,-0.614,-0.489,0.866,0.446,0.492,-0.78,0.3,-0.395,-0.802,0.584,-0.268,0.657,-0.324,0.841,-0.399,-0.456,-0.725,-0.416,0.862,-0.128,-0.439,0.513,0.613,0.275,-0.765,-0.604,-0.451,-0.572,0.609,0.713,0.731,0.691,0.684,0.507
AAON,-0.747,0.0,-0.892,0.067,0.64,0.946,0.901,0.924,-0.367,-0.8,-0.226,0.884,0.686,-0.345,-0.91,0.936,-0.695,0.11,0.698,-0.884,-0.916,0.366,0.302,0.255,0.734,0.712,0.537,-0.389,0.535,0.475,-0.093,0.646,0.514,0.629,-0.147,-0.487,-0.916,0.728,-0.73,-0.752,-0.429,0.813,0.882,0.608,0.008,0.723,-0.855,-0.845,0.043,-0.274,-0.886,-0.387,0.912,-0.852,-0.522,0.909,0.524,0.769,0.934,0.382,0.306,-0.126,0.78,-0.497,-0.757,-0.652,0.74,-0.648,0.504,-0.264,-0.919,-0.869,0.804,0.729,0.526,-0.599,-0.82,-0.686,-0.838,0.692,-0.104,0.879,0.292,0.125,0.683,-0.326,0.719,0.478,-0.794,-0.696,-0.75,0.443,-0.737,0.581,0.273,0.77,0.899,-0.658,-0.853,-0.304,0.822,0.225,0.871,-0.914,-0.638,-0.918,-0.805,0.121,-0.021,0.7,-0.778,0.141,0.407,0.545,-0.036,-0.139,0.245,0.035,-0.944,0.565,0.43,0.892,-0.176,0.067,0.872,0.396,-0.62,-0.325,0.539,0.873,0.337,-0.455,0.59,-0.372,-0.439,0.823,-0.415,-0.822,-0.571,0.211,0.232,-0.162,0.88,-0.739,-0.512,-0.908,0.765,-0.388,-0.918,-0.523,-0.441,-0.096,-0.433,0.248,-0.273,-0.81,-0.673,-0.589,0.852,-0.587,-0.231,0.623,-0.898,0.299,-0.908,-0.048,0.738,0.601,-0.805,-0.578,-0.603,0.907,-0.298,0.53,0.861,-0.521,0.494,-0.743,0.453,-0.853,0.685,0.515,0.682,0.692,-0.879,0.067,0.743,-0.419,-0.684,-0.516,0.883,0.805,0.724,0.657,-0.751,-0.873,-0.719,-0.683,-0.704,-0.68
ACB,0.77,-0.892,0.0,-0.196,-0.687,-0.908,-0.824,-0.8,0.37,0.624,0.286,-0.938,-0.464,0.455,0.81,-0.807,0.815,0.097,-0.704,0.911,0.838,-0.438,-0.519,-0.151,-0.773,-0.707,-0.421,0.463,-0.454,-0.419,0.064,-0.743,-0.578,-0.642,0.043,0.458,0.873,-0.775,0.598,0.554,0.508,-0.725,-0.863,-0.491,-0.126,-0.845,0.79,0.783,-0.324,0.112,0.757,0.55,-0.813,0.793,0.712,-0.717,-0.292,-0.607,-0.871,-0.391,-0.34,0.372,-0.913,0.611,0.785,0.757,-0.798,0.54,-0.675,0.351,0.939,0.867,-0.78,-0.772,-0.441,0.611,0.755,0.654,0.75,-0.564,0.127,-0.917,-0.198,-0.093,-0.805,0.382,-0.769,-0.473,0.599,0.62,0.696,-0.346,0.788,-0.557,-0.384,-0.69,-0.916,0.619,0.871,0.19,-0.803,-0.023,-0.732,0.869,0.45,0.928,0.93,0.008,-0.207,-0.765,0.755,0.011,-0.263,-0.611,0.271,0.235,-0.236,0.167,0.877,-0.651,-0.527,-0.756,0.438,-0.089,-0.854,-0.365,0.748,0.28,-0.313,-0.694,-0.467,0.606,-0.609,0.469,0.229,-0.777,0.483,0.868,0.614,-0.201,-0.207,0.225,-0.799,0.75,0.421,0.908,-0.772,0.422,0.887,0.469,0.531,0.236,0.261,-0.109,0.374,0.779,0.866,0.57,-0.694,0.588,0.145,-0.54,0.772,-0.424,0.826,0.157,-0.478,-0.612,0.761,0.507,0.546,-0.887,0.237,-0.575,-0.823,0.684,-0.517,0.533,-0.54,0.759,-0.681,-0.305,-0.66,-0.674,0.842,0.071,-0.771,0.366,0.636,0.449,-0.838,-0.796,-0.664,-0.831,0.857,0.775,0.817,0.533,0.527,0.7
ACGL,0.061,0.067,-0.196,0.0,0.041,-0.012,-0.052,0.159,-0.037,0.065,-0.356,0.021,-0.201,-0.57,-0.243,0.152,-0.48,-0.424,-0.299,-0.328,0.016,0.012,-0.057,0.503,-0.071,0.437,-0.454,-0.277,0.498,-0.37,-0.193,0.191,-0.116,-0.263,-0.432,0.006,0.079,-0.007,0.394,0.155,-0.391,0.044,0.233,-0.297,-0.091,0.369,-0.321,0.174,0.376,-0.11,-0.044,-0.017,0.15,-0.173,0.053,-0.118,-0.264,0.315,-0.073,-0.337,-0.091,-0.426,0.202,0.307,-0.044,-0.028,0.205,-0.104,0.33,0.587,-0.234,-0.002,0.091,-0.041,-0.364,0.366,-0.271,0.178,0.166,0.276,-0.423,0.028,-0.484,-0.407,0.405,0.406,-0.17,-0.387,0.15,0.385,0.212,-0.589,-0.116,0.336,-0.177,0.251,0.085,0.017,-0.333,-0.233,0.185,-0.384,-0.078,0.065,0.035,-0.288,-0.064,0.486,0.367,0.222,0.134,0.566,-0.141,0.4,-0.652,-0.083,0.626,-0.483,0.078,0.053,-0.052,-0.155,0.052,0.272,-0.023,-0.331,0.065,-0.633,-0.607,-0.098,-0.108,-0.051,0.018,0.02,0.131,-0.071,-0.734,-0.139,0.389,0.085,-0.52,0.534,-0.231,0.36,0.506,-0.271,0.059,-0.403,-0.101,-0.293,-0.493,0.109,0.151,0.428,-0.456,0.116,-0.186,-0.177,-0.103,-0.499,-0.325,-0.193,0.178,0.529,0.031,0.504,-0.035,-0.32,0.186,-0.385,-0.305,-0.054,-0.3,-0.355,0.032,-0.514,0.052,0.273,0.16,0.059,0.068,-0.571,-0.263,0.022,0.18,0.302,0.1,0.143,-0.16,-0.403,0.187,-0.076,0.034,0.11,-0.499,-0.039,0.25,0.213,0.037,-0.497
ACGLO,-0.376,0.64,-0.687,0.041,0.0,0.638,0.442,0.405,-0.122,-0.264,-0.191,0.728,0.156,-0.303,-0.41,0.434,-0.609,-0.125,0.653,-0.546,-0.48,0.315,0.691,0.065,0.612,0.42,0.295,-0.142,0.059,0.2,-0.0,0.548,0.425,0.604,0.136,-0.075,-0.539,0.605,-0.277,-0.254,-0.135,0.392,0.594,0.476,0.144,0.572,-0.376,-0.438,0.476,0.121,-0.369,-0.345,0.416,-0.388,-0.749,0.397,0.032,0.31,0.602,0.209,0.338,-0.222,0.709,-0.455,-0.456,-0.582,0.603,-0.017,0.678,-0.378,-0.545,-0.481,0.544,0.433,0.133,-0.551,-0.339,-0.284,-0.513,0.427,0.184,0.734,0.35,-0.078,0.634,-0.542,0.654,0.428,-0.269,-0.59,-0.487,0.348,-0.528,0.072,0.45,0.373,0.759,-0.199,-0.448,0.005,0.599,0.048,0.439,-0.556,-0.252,-0.557,-0.69,-0.032,0.247,0.501,-0.459,-0.101,0.031,0.699,-0.322,-0.221,0.097,0.218,-0.564,0.691,0.541,0.404,-0.543,-0.022,0.633,0.296,-0.6,-0.171,0.211,0.342,0.611,-0.596,0.379,-0.448,0.166,0.517,-0.257,-0.696,-0.552,0.506,0.494,-0.228,0.559,-0.538,-0.258,-0.587,0.569,-0.097,-0.505,-0.084,-0.225,-0.408,-0.136,0.1,-0.13,-0.529,-0.649,-0.283,0.276,-0.351,0.206,0.348,-0.384,0.402,-0.443,-0.173,0.099,0.492,-0.423,-0.065,-0.053,0.604,0.071,0.572,0.538,-0.345,0.716,-0.186,0.474,-0.348,0.466,0.148,0.352,0.479,-0.549,-0.422,0.584,0.012,-0.345,-0.161,0.474,0.69,0.478,0.761,-0.646,-0.353,-0.632,-0.208,-0.131,-0.35
ACIW,-0.766,0.946,-0.908,-0.012,0.638,0.0,0.891,0.864,-0.299,-0.716,-0.121,0.919,0.594,-0.24,-0.826,0.884,-0.644,0.135,0.821,-0.843,-0.891,0.419,0.442,0.202,0.83,0.629,0.643,-0.393,0.426,0.618,-0.001,0.766,0.666,0.746,0.045,-0.444,-0.885,0.852,-0.72,-0.655,-0.311,0.843,0.909,0.657,0.12,0.801,-0.769,-0.875,0.157,-0.161,-0.795,-0.406,0.861,-0.779,-0.645,0.885,0.428,0.623,0.945,0.55,0.489,-0.075,0.83,-0.647,-0.812,-0.712,0.798,-0.57,0.566,-0.401,-0.903,-0.869,0.885,0.784,0.623,-0.661,-0.754,-0.741,-0.804,0.688,0.047,0.911,0.394,0.287,0.716,-0.451,0.852,0.629,-0.752,-0.714,-0.777,0.578,-0.701,0.584,0.48,0.679,0.906,-0.598,-0.798,-0.144,0.875,0.216,0.899,-0.903,-0.476,-0.868,-0.85,-0.063,0.094,0.77,-0.827,-0.034,0.376,0.529,0.048,-0.132,0.201,0.104,-0.953,0.641,0.57,0.888,-0.366,0.169,0.953,0.575,-0.727,-0.18,0.598,0.84,0.39,-0.509,0.721,-0.351,-0.356,0.911,-0.277,-0.815,-0.724,0.271,0.371,-0.313,0.92,-0.85,-0.579,-0.869,0.85,-0.309,-0.88,-0.382,-0.326,-0.031,-0.279,0.099,-0.21,-0.871,-0.739,-0.467,0.833,-0.447,-0.076,0.733,-0.885,0.277,-0.913,-0.226,0.65,0.757,-0.825,-0.446,-0.493,0.976,-0.13,0.684,0.873,-0.431,0.522,-0.727,0.498,-0.836,0.792,0.597,0.813,0.785,-0.884,-0.062,0.84,-0.432,-0.618,-0.435,0.84,0.822,0.817,0.752,-0.676,-0.814,-0.828,-0.716,-0.63,-0.581
ADBE,-0.819,0.901,-0.824,-0.052,0.442,0.891,0.0,0.917,-0.374,-0.88,-0.14,0.787,0.648,-0.222,-0.869,0.875,-0.59,0.187,0.609,-0.827,-0.903,0.294,0.156,0.181,0.639,0.6,0.569,-0.497,0.515,0.536,-0.124,0.521,0.437,0.541,-0.117,-0.651,-0.896,0.647,-0.785,-0.816,-0.44,0.757,0.794,0.593,-0.081,0.649,-0.832,-0.925,-0.072,-0.294,-0.895,-0.43,0.918,-0.892,-0.458,0.869,0.498,0.709,0.888,0.444,0.279,-0.115,0.655,-0.574,-0.815,-0.612,0.661,-0.753,0.319,-0.332,-0.905,-0.933,0.712,0.798,0.61,-0.543,-0.817,-0.827,-0.801,0.595,-0.171,0.79,0.279,0.311,0.574,-0.198,0.672,0.427,-0.83,-0.612,-0.77,0.431,-0.686,0.669,0.217,0.698,0.759,-0.798,-0.831,-0.408,0.722,0.322,0.844,-0.859,-0.656,-0.856,-0.761,0.055,-0.168,0.687,-0.83,0.07,0.37,0.302,0.08,-0.156,0.177,0.037,-0.931,0.337,0.375,0.902,-0.148,0.097,0.808,0.337,-0.59,-0.188,0.592,0.853,0.147,-0.371,0.577,-0.22,-0.502,0.765,-0.348,-0.717,-0.571,-0.005,0.119,-0.205,0.841,-0.743,-0.594,-0.815,0.663,-0.45,-0.904,-0.549,-0.396,-0.081,-0.457,0.144,-0.18,-0.833,-0.599,-0.58,0.897,-0.469,-0.407,0.625,-0.932,0.014,-0.944,-0.089,0.781,0.56,-0.903,-0.613,-0.641,0.876,-0.326,0.445,0.81,-0.536,0.265,-0.799,0.413,-0.918,0.65,0.574,0.758,0.591,-0.918,0.117,0.649,-0.595,-0.686,-0.511,0.862,0.65,0.657,0.531,-0.602,-0.899,-0.735,-0.796,-0.748,-0.648
ADSK,-0.722,0.924,-0.8,0.159,0.405,0.864,0.917,0.0,-0.444,-0.877,-0.208,0.73,0.715,-0.37,-0.97,0.939,-0.652,0.146,0.484,-0.858,-0.895,0.291,0.037,0.347,0.56,0.712,0.45,-0.471,0.693,0.423,-0.166,0.539,0.393,0.433,-0.319,-0.601,-0.852,0.591,-0.712,-0.817,-0.501,0.799,0.832,0.51,-0.177,0.636,-0.927,-0.829,-0.125,-0.434,-0.933,-0.295,0.954,-0.909,-0.309,0.901,0.532,0.85,0.839,0.277,0.195,-0.119,0.624,-0.374,-0.742,-0.545,0.639,-0.81,0.311,-0.062,-0.918,-0.839,0.716,0.708,0.538,-0.401,-0.904,-0.697,-0.752,0.642,-0.303,0.738,0.108,0.137,0.579,-0.059,0.567,0.28,-0.825,-0.516,-0.65,0.273,-0.663,0.74,0.091,0.791,0.749,-0.724,-0.891,-0.482,0.734,0.233,0.841,-0.836,-0.674,-0.907,-0.679,0.245,-0.153,0.635,-0.719,0.296,0.402,0.37,0.036,-0.098,0.39,-0.062,-0.887,0.326,0.262,0.896,0.053,0.154,0.767,0.27,-0.452,-0.374,0.498,0.855,0.094,-0.271,0.57,-0.234,-0.56,0.731,-0.508,-0.667,-0.396,0.043,0.014,-0.021,0.765,-0.581,-0.442,-0.871,0.665,-0.535,-0.913,-0.653,-0.528,0.064,-0.447,0.36,-0.322,-0.736,-0.504,-0.628,0.906,-0.605,-0.465,0.58,-0.905,0.155,-0.918,0.152,0.864,0.459,-0.809,-0.759,-0.76,0.817,-0.468,0.287,0.796,-0.558,0.236,-0.738,0.382,-0.894,0.642,0.472,0.623,0.582,-0.808,0.312,0.633,-0.488,-0.733,-0.645,0.88,0.608,0.671,0.461,-0.691,-0.928,-0.557,-0.743,-0.774,-0.767
AEP,0.552,-0.367,0.37,-0.037,-0.122,-0.299,-0.374,-0.444,0.0,0.394,0.124,-0.317,-0.368,0.34,0.487,-0.387,0.34,0.004,-0.037,0.354,0.353,-0.316,0.073,0.14,0.016,-0.482,0.004,0.135,-0.492,-0.03,0.087,-0.011,0.173,0.044,0.307,0.504,0.436,0.036,0.477,0.488,0.28,-0.137,-0.145,-0.13,0.39,-0.043,0.517,0.421,0.33,0.578,0.513,0.389,-0.42,0.516,0.027,-0.395,-0.25,-0.441,-0.274,0.181,0.366,0.207,-0.131,0.016,0.415,0.419,-0.145,0.483,-0.05,-0.017,0.455,0.407,-0.045,-0.267,-0.042,0.169,0.455,0.264,0.382,0.059,0.498,-0.341,0.135,0.232,-0.184,-0.072,-0.113,0.194,0.355,0.224,0.305,0.057,0.169,-0.439,0.308,-0.538,-0.388,0.421,0.526,0.569,-0.028,0.021,-0.168,0.373,0.411,0.521,0.326,-0.135,0.339,0.014,0.33,0.012,-0.182,0.043,0.016,0.278,-0.179,0.351,0.325,0.163,0.15,-0.41,-0.248,0.138,-0.125,0.137,0.116,0.241,-0.126,-0.33,-0.0,0.019,0.016,0.363,0.341,-0.081,0.363,0.217,0.082,0.418,0.095,-0.055,-0.208,0.167,0.136,0.454,-0.005,0.517,0.544,0.572,0.418,0.323,0.292,-0.104,0.171,0.145,0.226,0.501,-0.469,0.437,0.359,0.009,0.413,0.048,0.362,-0.178,-0.372,0.022,0.468,0.505,0.492,-0.263,0.583,0.165,-0.417,0.442,0.072,0.223,0.148,0.551,0.065,-0.06,-0.134,0.101,0.433,-0.317,0.078,0.305,0.517,0.207,-0.334,-0.157,0.015,-0.104,0.432,0.474,0.188,0.429,0.435,0.444
AGIO,0.675,-0.8,0.624,0.065,-0.264,-0.716,-0.88,-0.877,0.394,0.0,0.309,-0.543,-0.638,0.165,0.854,-0.816,0.523,-0.239,-0.356,0.675,0.833,0.027,0.094,-0.199,-0.456,-0.437,-0.485,0.579,-0.473,-0.367,0.35,-0.317,-0.266,-0.393,0.301,0.669,0.79,-0.45,0.736,0.837,0.433,-0.653,-0.651,-0.524,0.207,-0.484,0.745,0.851,0.298,0.312,0.864,0.382,-0.869,0.851,0.248,-0.813,-0.502,-0.687,-0.721,-0.205,-0.071,0.095,-0.42,0.447,0.711,0.389,-0.494,0.76,-0.002,0.218,0.77,0.791,-0.513,-0.622,-0.477,0.44,0.809,0.76,0.699,-0.462,0.231,-0.582,-0.137,-0.32,-0.335,0.102,-0.435,-0.253,0.828,0.475,0.6,-0.321,0.625,-0.551,-0.034,-0.563,-0.534,0.816,0.752,0.518,-0.534,-0.351,-0.784,0.799,0.834,0.722,0.568,-0.076,0.332,-0.452,0.745,-0.151,-0.228,-0.122,-0.118,0.26,-0.124,-0.039,0.829,-0.128,-0.101,-0.791,-0.11,0.068,-0.618,-0.132,0.466,0.182,-0.582,-0.756,-0.047,0.335,-0.419,0.156,0.506,-0.582,0.347,0.629,0.413,0.122,-0.016,0.0,-0.663,0.551,0.574,0.738,-0.509,0.476,0.795,0.501,0.353,0.009,0.728,-0.201,0.18,0.763,0.376,0.494,-0.821,0.343,0.593,-0.587,0.899,0.167,0.896,-0.096,-0.847,-0.321,0.799,0.65,0.64,-0.71,0.382,-0.191,-0.589,0.469,-0.096,0.772,-0.351,0.844,-0.519,-0.554,-0.583,-0.396,0.8,-0.17,-0.463,0.659,0.552,0.605,-0.738,-0.421,-0.56,-0.247,0.498,0.904,0.539,0.818,0.861,0.661
ALEC,0.219,-0.226,0.286,-0.356,-0.191,-0.121,-0.14,-0.208,0.124,0.309,0.0,-0.13,0.158,0.201,0.286,-0.281,0.47,0.054,0.053,0.344,0.265,0.505,-0.14,-0.278,-0.243,-0.118,-0.039,0.602,-0.109,0.095,0.702,-0.163,-0.102,-0.156,0.135,0.341,0.265,-0.178,0.091,-0.061,0.523,-0.024,-0.235,-0.143,-0.283,-0.346,0.147,0.198,-0.221,-0.178,0.158,0.455,-0.232,0.337,0.262,-0.06,0.162,-0.175,-0.081,0.259,0.094,0.417,-0.241,0.27,0.366,0.065,-0.363,0.052,0.025,-0.019,0.261,0.201,-0.09,-0.18,0.184,0.032,0.167,0.232,0.026,-0.038,0.025,-0.22,0.14,0.027,-0.326,0.218,-0.025,-0.079,0.083,-0.153,0.032,0.057,0.433,0.053,-0.027,-0.051,-0.092,0.3,0.347,0.184,-0.137,-0.066,-0.179,0.325,0.451,0.264,0.279,0.128,-0.283,-0.195,0.302,0.061,0.414,-0.19,0.535,0.575,-0.003,0.268,0.202,-0.185,-0.069,-0.024,0.075,0.331,-0.074,0.277,0.422,0.512,0.207,-0.003,-0.19,0.62,0.002,0.024,-0.292,-0.033,0.341,0.515,-0.003,0.011,0.181,-0.26,0.036,0.089,0.152,0.364,-0.112,0.128,0.205,-0.011,0.246,0.176,0.574,-0.069,0.251,0.236,0.377,0.017,0.058,0.147,0.407,-0.1,0.151,-0.23,0.251,-0.198,-0.186,0.093,0.099,0.132,0.113,-0.174,0.005,0.061,-0.059,0.437,-0.248,0.045,-0.492,0.046,-0.105,0.099,-0.067,0.014,0.142,0.023,-0.126,0.102,-0.075,0.377,-0.289,-0.111,-0.173,-0.248,0.513,0.167,0.19,0.139,0.39,0.41
ALNY,-0.766,0.884,-0.938,0.021,0.728,0.919,0.787,0.73,-0.317,-0.543,-0.13,0.0,0.511,-0.308,-0.733,0.767,-0.654,-0.009,0.824,-0.85,-0.814,0.568,0.612,0.062,0.828,0.667,0.547,-0.258,0.364,0.535,0.111,0.749,0.642,0.744,0.137,-0.394,-0.879,0.81,-0.677,-0.545,-0.344,0.71,0.834,0.613,0.224,0.781,-0.696,-0.779,0.291,-0.091,-0.72,-0.506,0.757,-0.717,-0.738,0.742,0.354,0.562,0.907,0.528,0.391,-0.205,0.919,-0.618,-0.752,-0.816,0.82,-0.423,0.717,-0.434,-0.862,-0.842,0.821,0.782,0.532,-0.647,-0.634,-0.649,-0.738,0.573,0.019,0.968,0.383,0.105,0.799,-0.502,0.852,0.593,-0.551,-0.701,-0.765,0.51,-0.701,0.491,0.446,0.683,0.962,-0.514,-0.765,-0.064,0.818,0.138,0.744,-0.836,-0.382,-0.857,-0.912,-0.071,0.224,0.751,-0.765,-0.111,0.366,0.611,-0.125,-0.183,0.148,-0.005,-0.864,0.693,0.649,0.793,-0.467,0.073,0.884,0.488,-0.742,-0.209,0.452,0.72,0.497,-0.529,0.628,-0.447,-0.229,0.809,-0.29,-0.816,-0.679,0.289,0.381,-0.384,0.857,-0.82,-0.518,-0.839,0.773,-0.255,-0.845,-0.381,-0.369,-0.243,-0.16,0.085,-0.224,-0.74,-0.822,-0.516,0.701,-0.522,0.036,0.545,-0.757,0.411,-0.789,-0.296,0.447,0.726,-0.752,-0.347,-0.4,0.91,-0.116,0.706,0.887,-0.516,0.591,-0.566,0.479,-0.74,0.66,0.435,0.728,0.732,-0.847,-0.107,0.769,-0.285,-0.604,-0.233,0.819,0.892,0.676,0.864,-0.748,-0.699,-0.855,-0.529,-0.463,-0.546
ALTR,-0.49,0.686,-0.464,-0.201,0.156,0.594,0.648,0.715,-0.368,-0.638,0.158,0.511,0.0,-0.215,-0.691,0.716,-0.219,0.123,0.428,-0.538,-0.707,0.442,-0.17,0.001,0.352,0.523,0.333,0.067,0.451,0.335,0.213,0.257,0.228,0.286,-0.303,-0.289,-0.696,0.291,-0.71,-0.825,-0.31,0.674,0.48,0.299,-0.135,0.199,-0.701,-0.565,-0.476,-0.48,-0.81,0.006,0.637,-0.555,0.048,0.803,0.921,0.647,0.721,0.326,-0.03,0.109,0.33,-0.041,-0.333,-0.313,0.213,-0.701,0.15,-0.152,-0.532,-0.572,0.475,0.398,0.555,-0.463,-0.66,-0.372,-0.76,0.355,-0.303,0.455,0.156,0.059,0.156,-0.016,0.282,0.231,-0.72,-0.633,-0.554,0.333,-0.403,0.497,-0.096,0.696,0.573,-0.561,-0.52,-0.262,0.455,0.2,0.605,-0.632,-0.525,-0.614,-0.368,0.168,-0.415,0.267,-0.411,0.203,0.748,0.185,0.37,0.214,0.054,-0.084,-0.652,0.206,0.012,0.772,0.293,0.001,0.517,0.401,-0.106,-0.095,0.539,0.832,0.037,0.123,0.354,-0.315,-0.839,0.574,-0.159,-0.325,-0.253,-0.083,0.066,-0.234,0.724,-0.479,-0.33,-0.534,0.436,-0.296,-0.676,-0.581,-0.358,0.055,-0.38,0.235,-0.214,-0.449,-0.186,-0.561,0.837,-0.462,-0.194,0.403,-0.745,0.031,-0.614,-0.065,0.718,0.361,-0.537,-0.582,-0.665,0.54,-0.455,0.29,0.618,-0.202,0.058,-0.758,-0.008,-0.707,0.335,0.55,0.423,0.453,-0.626,0.375,0.357,-0.333,-0.665,-0.277,0.573,0.547,0.346,0.157,-0.295,-0.728,-0.331,-0.483,-0.617,-0.376
AMBA,0.166,-0.345,0.455,-0.57,-0.303,-0.24,-0.222,-0.37,0.34,0.165,0.201,-0.308,-0.215,0.0,0.455,-0.293,0.728,0.689,0.043,0.418,0.192,-0.339,-0.027,-0.173,0.051,-0.489,0.513,0.11,-0.389,0.401,-0.072,-0.269,0.056,0.152,0.677,0.054,0.278,-0.004,-0.036,0.234,0.526,-0.253,-0.307,0.41,0.347,-0.305,0.568,0.074,-0.152,0.287,0.389,0.005,-0.373,0.298,0.031,-0.136,-0.07,-0.354,-0.201,0.418,0.238,0.765,-0.407,-0.194,0.081,0.267,-0.089,0.345,-0.419,-0.127,0.462,0.197,-0.12,-0.016,0.228,0.128,0.552,-0.124,0.394,-0.083,0.612,-0.231,0.622,0.54,-0.29,-0.258,0.021,0.392,0.138,0.198,-0.121,0.506,0.484,-0.255,0.143,-0.407,-0.438,0.223,0.51,0.367,-0.219,0.53,0.003,0.29,0.135,0.556,0.38,-0.346,0.145,-0.042,-0.105,-0.403,-0.127,-0.453,0.374,-0.092,-0.359,0.611,0.236,-0.232,0.197,-0.091,-0.113,0.073,-0.183,0.157,0.009,0.31,0.32,-0.168,-0.363,0.111,-0.035,0.565,0.14,-0.08,0.831,0.291,-0.053,0.107,0.311,-0.141,-0.168,-0.074,-0.469,0.526,-0.29,0.72,0.434,0.589,0.853,0.199,0.092,-0.341,0.775,0.101,0.391,0.564,-0.182,0.647,0.311,0.021,0.149,-0.448,0.186,-0.425,-0.035,0.159,0.145,0.672,0.692,-0.126,0.624,0.159,-0.174,0.622,-0.101,-0.111,-0.047,0.257,-0.165,0.487,0.238,-0.136,0.198,-0.116,-0.2,-0.026,0.573,0.512,-0.211,-0.124,-0.023,-0.325,0.649,0.413,0.08,-0.07,0.062,0.64
AMCX,0.716,-0.91,0.81,-0.243,-0.41,-0.826,-0.869,-0.97,0.487,0.854,0.286,-0.733,-0.691,0.455,0.0,-0.922,0.71,-0.041,-0.423,0.877,0.874,-0.289,-0.039,-0.358,-0.538,-0.75,-0.363,0.475,-0.72,-0.33,0.187,-0.521,-0.352,-0.401,0.365,0.593,0.857,-0.546,0.676,0.792,0.553,-0.754,-0.812,-0.45,0.169,-0.644,0.939,0.795,0.104,0.419,0.941,0.325,-0.941,0.906,0.304,-0.857,-0.506,-0.869,-0.815,-0.204,-0.115,0.215,-0.647,0.317,0.729,0.546,-0.647,0.803,-0.357,0.021,0.924,0.824,-0.671,-0.677,-0.472,0.377,0.907,0.652,0.726,-0.605,0.376,-0.737,-0.023,-0.042,-0.607,0.029,-0.523,-0.211,0.765,0.493,0.606,-0.18,0.684,-0.723,-0.018,-0.815,-0.759,0.724,0.934,0.488,-0.72,-0.16,-0.785,0.828,0.697,0.929,0.681,-0.269,0.124,-0.606,0.691,-0.334,-0.399,-0.426,0.082,0.137,-0.396,0.181,0.857,-0.328,-0.216,-0.851,-0.073,-0.075,-0.718,-0.184,0.446,0.451,-0.404,-0.806,-0.119,0.289,-0.503,0.276,0.536,-0.667,0.599,0.696,0.339,-0.012,0.072,-0.028,-0.723,0.525,0.375,0.894,-0.634,0.579,0.917,0.692,0.592,0.004,0.463,-0.363,0.387,0.691,0.53,0.671,-0.853,0.665,0.497,-0.492,0.87,-0.233,0.9,-0.196,-0.814,-0.388,0.765,0.79,0.786,-0.78,0.516,-0.234,-0.782,0.643,-0.239,0.676,-0.395,0.866,-0.576,-0.37,-0.553,-0.532,0.786,-0.337,-0.588,0.457,0.754,0.656,-0.88,-0.605,-0.604,-0.476,0.76,0.929,0.528,0.688,0.76,0.832
AMKR,-0.734,0.936,-0.807,0.152,0.434,0.884,0.875,0.939,-0.387,-0.816,-0.281,0.767,0.716,-0.293,-0.922,0.0,-0.614,0.159,0.602,-0.87,-0.918,0.257,0.114,0.362,0.682,0.712,0.521,-0.437,0.625,0.478,-0.159,0.618,0.493,0.548,-0.226,-0.529,-0.869,0.684,-0.707,-0.724,-0.487,0.847,0.857,0.544,0.063,0.703,-0.865,-0.822,-0.073,-0.315,-0.869,-0.349,0.894,-0.848,-0.364,0.925,0.578,0.781,0.88,0.369,0.278,-0.051,0.676,-0.42,-0.748,-0.53,0.689,-0.723,0.369,-0.144,-0.871,-0.826,0.785,0.694,0.537,-0.502,-0.851,-0.675,-0.769,0.696,-0.145,0.768,0.23,0.179,0.64,-0.233,0.598,0.444,-0.815,-0.535,-0.708,0.418,-0.669,0.667,0.208,0.763,0.786,-0.682,-0.839,-0.323,0.8,0.273,0.883,-0.876,-0.64,-0.882,-0.677,0.115,-0.003,0.677,-0.758,0.182,0.434,0.456,0.002,-0.146,0.28,-0.07,-0.907,0.463,0.365,0.882,-0.039,0.138,0.807,0.413,-0.544,-0.406,0.499,0.914,0.178,-0.36,0.621,-0.234,-0.532,0.82,-0.402,-0.753,-0.469,0.109,0.095,-0.088,0.813,-0.668,-0.474,-0.884,0.718,-0.383,-0.881,-0.521,-0.432,0.082,-0.473,0.283,-0.303,-0.763,-0.594,-0.513,0.877,-0.567,-0.328,0.643,-0.892,0.272,-0.896,-0.017,0.834,0.523,-0.747,-0.618,-0.665,0.864,-0.325,0.422,0.824,-0.486,0.408,-0.811,0.422,-0.844,0.674,0.56,0.702,0.661,-0.796,0.253,0.698,-0.43,-0.636,-0.582,0.873,0.698,0.722,0.526,-0.692,-0.856,-0.601,-0.719,-0.803,-0.677
AMRX,0.487,-0.695,0.815,-0.48,-0.609,-0.644,-0.59,-0.652,0.34,0.523,0.47,-0.654,-0.219,0.728,0.71,-0.614,0.0,0.39,-0.329,0.734,0.575,-0.191,-0.361,-0.268,-0.451,-0.572,-0.004,0.566,-0.406,0.04,0.238,-0.571,-0.296,-0.337,0.341,0.354,0.619,-0.492,0.25,0.386,0.541,-0.502,-0.686,-0.138,0.105,-0.726,0.702,0.537,-0.347,0.051,0.591,0.43,-0.676,0.654,0.53,-0.445,-0.04,-0.502,-0.57,0.047,-0.14,0.661,-0.727,0.352,0.58,0.538,-0.586,0.405,-0.553,0.138,0.787,0.605,-0.492,-0.458,-0.024,0.408,0.707,0.375,0.555,-0.414,0.313,-0.645,0.2,0.12,-0.646,0.137,-0.445,-0.078,0.396,0.359,0.297,0.07,0.716,-0.382,-0.227,-0.51,-0.696,0.507,0.773,0.306,-0.595,0.224,-0.453,0.665,0.457,0.792,0.758,-0.106,-0.108,-0.469,0.455,-0.192,0.063,-0.61,0.47,0.265,-0.326,0.324,0.643,-0.489,-0.207,-0.407,0.27,0.036,-0.588,-0.028,0.579,0.341,-0.001,-0.385,-0.481,0.617,-0.37,0.506,0.025,-0.459,0.756,0.761,0.367,-0.122,0.029,-0.066,-0.478,0.377,0.045,0.836,-0.589,0.613,0.699,0.457,0.693,0.239,0.328,-0.234,0.561,0.584,0.719,0.512,-0.412,0.554,0.33,-0.356,0.516,-0.407,0.622,-0.213,-0.292,-0.225,0.498,0.586,0.589,-0.591,0.348,-0.208,-0.471,0.783,-0.387,0.199,-0.48,0.528,-0.527,0.092,-0.25,-0.418,0.58,0.107,-0.567,0.284,0.552,0.635,-0.587,-0.451,-0.469,-0.642,0.873,0.657,0.536,0.35,0.394,0.816
ANSS,-0.151,0.11,0.097,-0.424,-0.125,0.135,0.187,0.146,0.004,-0.239,0.054,-0.009,0.123,0.689,-0.041,0.159,0.39,0.0,0.169,0.04,-0.186,-0.188,-0.085,0.045,0.173,-0.054,0.664,-0.139,0.068,0.588,-0.233,-0.093,0.139,0.194,0.448,-0.277,-0.076,0.166,-0.378,-0.13,0.206,0.059,0.054,0.63,0.116,-0.105,0.08,-0.263,-0.253,-0.136,-0.084,-0.06,0.097,-0.189,-0.025,0.311,0.129,0.137,0.104,0.324,0.239,0.661,-0.194,-0.293,-0.261,0.025,0.171,-0.12,-0.342,0.054,0.001,-0.145,0.145,0.307,0.444,0.073,0.13,-0.395,0.054,0.146,0.404,0.098,0.55,0.44,-0.083,-0.219,0.238,0.404,-0.307,0.046,-0.33,0.503,0.125,0.143,0.061,0.002,-0.109,-0.102,0.053,-0.032,0.029,0.682,0.362,-0.098,-0.149,0.093,0.098,-0.065,-0.018,0.199,-0.393,-0.177,-0.021,-0.38,0.423,-0.089,-0.075,0.58,-0.115,-0.145,0.248,0.36,0.059,0.185,0.098,0.12,-0.102,0.023,0.543,0.206,-0.4,0.073,0.137,0.461,-0.125,0.172,0.5,0.055,-0.126,0.084,0.273,-0.021,0.129,-0.257,-0.654,0.126,-0.07,0.378,-0.01,0.193,0.456,0.229,-0.086,-0.125,0.583,-0.173,0.191,0.176,0.245,0.252,0.048,0.183,-0.26,-0.36,-0.226,-0.141,0.473,0.33,-0.26,0.208,0.237,0.2,0.283,0.156,0.226,0.351,-0.08,-0.38,0.042,-0.186,0.062,0.616,0.444,0.035,-0.138,0.173,0.022,-0.187,0.246,0.127,0.232,0.094,0.249,-0.183,0.276,-0.019,-0.065,-0.405,-0.319,0.197
APPN,-0.569,0.698,-0.704,-0.299,0.653,0.821,0.609,0.484,-0.037,-0.356,0.053,0.824,0.428,0.043,-0.423,0.602,-0.329,0.169,0.0,-0.57,-0.654,0.427,0.657,-0.046,0.89,0.359,0.707,-0.075,-0.007,0.716,0.237,0.736,0.789,0.87,0.4,-0.107,-0.665,0.854,-0.568,-0.334,0.02,0.72,0.702,0.62,0.449,0.662,-0.373,-0.644,0.281,0.136,-0.434,-0.344,0.483,-0.384,-0.724,0.668,0.356,0.209,0.808,0.712,0.635,0.129,0.76,-0.71,-0.565,-0.623,0.662,-0.173,0.605,-0.657,-0.565,-0.613,0.825,0.611,0.606,-0.774,-0.387,-0.522,-0.657,0.535,0.44,0.795,0.639,0.348,0.573,-0.758,0.876,0.871,-0.514,-0.759,-0.722,0.822,-0.499,0.233,0.706,0.372,0.788,-0.277,-0.407,0.283,0.737,0.265,0.718,-0.713,-0.13,-0.538,-0.709,-0.372,0.293,0.671,-0.672,-0.384,0.373,0.515,0.165,-0.084,-0.142,0.288,-0.753,0.792,0.743,0.67,-0.622,0.102,0.867,0.814,-0.737,0.12,0.613,0.669,0.559,-0.52,0.675,-0.379,-0.162,0.875,0.166,-0.678,-0.845,0.465,0.701,-0.578,0.858,-0.917,-0.59,-0.559,0.799,0.133,-0.557,0.032,0.045,-0.072,-0.069,-0.183,-0.019,-0.724,-0.69,-0.185,0.567,-0.141,0.427,0.698,-0.643,0.301,-0.617,-0.609,0.305,0.886,-0.581,0.038,-0.064,0.848,0.276,0.935,0.716,-0.064,0.688,-0.603,0.411,-0.527,0.715,0.661,0.793,0.785,-0.685,-0.351,0.807,-0.203,-0.317,-0.042,0.537,0.841,0.721,0.768,-0.385,-0.45,-0.846,-0.457,-0.344,-0.122
APTO,0.752,-0.884,0.911,-0.328,-0.546,-0.843,-0.827,-0.858,0.354,0.675,0.344,-0.85,-0.538,0.418,0.877,-0.87,0.734,0.04,-0.57,0.0,0.848,-0.366,-0.297,-0.345,-0.703,-0.806,-0.38,0.43,-0.646,-0.38,0.138,-0.639,-0.465,-0.498,0.152,0.515,0.847,-0.681,0.589,0.614,0.582,-0.727,-0.858,-0.483,-0.093,-0.787,0.871,0.737,-0.221,0.238,0.815,0.452,-0.853,0.84,0.521,-0.738,-0.392,-0.778,-0.843,-0.342,-0.238,0.266,-0.822,0.431,0.767,0.65,-0.765,0.64,-0.594,0.108,0.923,0.852,-0.747,-0.743,-0.446,0.415,0.792,0.629,0.675,-0.67,0.265,-0.847,-0.172,-0.005,-0.82,0.183,-0.633,-0.365,0.614,0.494,0.697,-0.242,0.725,-0.658,-0.166,-0.799,-0.839,0.648,0.908,0.322,-0.814,-0.085,-0.734,0.803,0.524,0.936,0.782,-0.202,-0.187,-0.806,0.718,-0.216,-0.372,-0.588,0.304,0.222,-0.397,0.176,0.839,-0.515,-0.471,-0.787,0.238,-0.122,-0.77,-0.263,0.584,0.514,-0.231,-0.744,-0.217,0.45,-0.554,0.277,0.339,-0.726,0.576,0.793,0.391,-0.163,0.015,0.073,-0.724,0.623,0.363,0.875,-0.682,0.451,0.879,0.593,0.541,0.123,0.318,-0.307,0.37,0.676,0.72,0.617,-0.721,0.703,0.325,-0.436,0.766,-0.45,0.811,-0.023,-0.626,-0.491,0.709,0.609,0.623,-0.821,0.356,-0.415,-0.834,0.704,-0.454,0.593,-0.538,0.755,-0.604,-0.283,-0.614,-0.6,0.771,-0.211,-0.683,0.324,0.673,0.509,-0.921,-0.751,-0.619,-0.687,0.855,0.775,0.651,0.514,0.602,0.743
ARCT,0.77,-0.916,0.838,0.016,-0.48,-0.891,-0.903,-0.895,0.353,0.833,0.265,-0.814,-0.707,0.192,0.874,-0.918,0.575,-0.186,-0.654,0.848,0.0,-0.246,-0.225,-0.179,-0.731,-0.615,-0.598,0.47,-0.494,-0.498,0.14,-0.596,-0.542,-0.637,0.071,0.573,0.927,-0.713,0.785,0.753,0.479,-0.8,-0.824,-0.635,-0.124,-0.693,0.793,0.886,0.057,0.223,0.878,0.455,-0.863,0.848,0.491,-0.887,-0.582,-0.693,-0.916,-0.464,-0.263,0.093,-0.706,0.562,0.79,0.592,-0.691,0.707,-0.339,0.324,0.865,0.887,-0.756,-0.778,-0.611,0.615,0.786,0.769,0.797,-0.594,0.099,-0.816,-0.316,-0.283,-0.59,0.338,-0.655,-0.522,0.766,0.612,0.798,-0.503,0.732,-0.574,-0.266,-0.698,-0.782,0.761,0.813,0.272,-0.771,-0.32,-0.864,0.913,0.679,0.858,0.766,0.037,0.002,-0.694,0.837,-0.019,-0.394,-0.403,0.005,0.218,-0.123,0.049,0.933,-0.457,-0.409,-0.896,0.158,-0.052,-0.825,-0.409,0.645,0.27,-0.56,-0.863,-0.222,0.44,-0.634,0.26,0.484,-0.812,0.289,0.774,0.576,-0.124,-0.177,0.231,-0.862,0.779,0.634,0.858,-0.693,0.341,0.896,0.448,0.394,0.063,0.494,-0.16,0.218,0.812,0.632,0.52,-0.86,0.481,0.275,-0.65,0.916,-0.151,0.924,0.181,-0.765,-0.576,0.814,0.544,0.578,-0.886,0.225,-0.523,-0.824,0.499,-0.346,0.808,-0.457,0.863,-0.643,-0.61,-0.754,-0.643,0.885,-0.124,-0.696,0.486,0.595,0.45,-0.877,-0.722,-0.686,-0.57,0.648,0.855,0.718,0.733,0.802,0.632
ARWR,-0.362,0.366,-0.438,0.012,0.315,0.419,0.294,0.291,-0.316,0.027,0.505,0.568,0.442,-0.339,-0.289,0.257,-0.191,-0.188,0.427,-0.366,-0.246,0.0,0.306,-0.177,0.223,0.555,0.082,0.45,0.32,0.276,0.673,0.356,0.198,0.218,0.058,-0.002,-0.372,0.236,-0.34,-0.323,-0.034,0.309,0.296,0.12,-0.09,0.2,-0.419,-0.206,0.075,-0.389,-0.373,-0.011,0.304,-0.24,-0.163,0.339,0.32,0.346,0.448,0.355,0.064,-0.065,0.432,0.043,-0.162,-0.587,0.253,-0.213,0.623,-0.105,-0.383,-0.344,0.394,0.327,0.315,-0.218,-0.254,-0.089,-0.384,0.214,-0.267,0.486,0.11,-0.235,0.386,-0.005,0.408,0.096,-0.112,-0.458,-0.358,0.112,-0.113,0.459,0.059,0.587,0.617,-0.048,-0.336,-0.003,0.333,-0.14,0.178,-0.221,0.173,-0.47,-0.42,0.218,-0.03,0.278,-0.121,0.063,0.59,0.309,0.17,0.327,0.251,-0.139,-0.278,0.279,0.314,0.421,-0.115,0.223,0.391,0.346,-0.047,0.007,0.166,0.384,0.186,0.199,0.242,-0.385,-0.37,0.339,-0.164,-0.098,-0.193,0.028,0.19,-0.314,0.426,-0.296,0.005,-0.289,0.305,-0.21,-0.427,-0.471,-0.309,-0.131,0.44,0.162,-0.112,-0.079,-0.293,-0.468,0.444,-0.48,0.252,0.037,-0.241,0.324,-0.196,-0.17,0.071,0.382,-0.302,-0.266,-0.312,0.349,-0.328,0.32,0.599,-0.207,0.145,-0.142,-0.196,-0.388,0.177,0.072,0.245,0.413,-0.343,0.177,0.252,0.025,-0.592,0.204,0.322,0.524,0.151,0.46,-0.296,-0.269,-0.31,-0.056,0.098,-0.15
ASND,-0.259,0.302,-0.519,-0.057,0.691,0.442,0.156,0.037,0.073,0.094,-0.14,0.612,-0.17,-0.027,-0.039,0.114,-0.361,-0.085,0.657,-0.297,-0.225,0.306,0.0,-0.157,0.644,0.096,0.399,-0.105,-0.293,0.366,0.168,0.592,0.561,0.679,0.538,0.068,-0.319,0.653,-0.14,0.176,0.11,0.161,0.398,0.441,0.517,0.56,0.041,-0.266,0.667,0.454,0.022,-0.466,0.084,-0.113,-0.849,0.115,-0.201,-0.113,0.374,0.458,0.51,-0.172,0.641,-0.615,-0.339,-0.582,0.631,0.344,0.638,-0.543,-0.288,-0.292,0.485,0.396,0.177,-0.474,0.043,-0.283,-0.161,0.183,0.497,0.635,0.453,0.152,0.556,-0.724,0.704,0.611,0.083,-0.354,-0.353,0.48,-0.314,-0.128,0.704,0.036,0.537,0.068,-0.152,0.43,0.424,-0.04,0.274,-0.318,0.12,-0.244,-0.636,-0.441,0.559,0.427,-0.404,-0.516,-0.113,0.532,-0.24,-0.284,-0.148,0.157,-0.308,0.682,0.684,0.154,-0.805,-0.085,0.524,0.405,-0.712,0.102,0.17,0.046,0.627,-0.673,0.352,-0.354,0.426,0.417,0.122,-0.542,-0.601,0.522,0.648,-0.445,0.369,-0.559,-0.33,-0.314,0.491,0.245,-0.199,0.311,0.113,-0.3,0.205,-0.222,0.051,-0.378,-0.654,0.091,-0.004,0.04,0.517,0.285,-0.119,0.356,-0.216,-0.474,-0.241,0.623,-0.21,0.333,0.318,0.489,0.474,0.72,0.381,-0.128,0.634,0.053,0.422,-0.07,0.404,0.161,0.411,0.474,-0.33,-0.601,0.531,0.051,0.031,0.199,0.251,0.592,0.434,0.782,-0.355,-0.027,-0.676,-0.075,0.108,-0.001
ASTH,0.001,0.255,-0.151,0.503,0.065,0.202,0.181,0.347,0.14,-0.199,-0.278,0.062,0.001,-0.173,-0.358,0.362,-0.268,0.045,-0.046,-0.345,-0.179,-0.177,-0.157,0.0,0.124,0.294,0.044,-0.274,0.456,0.018,-0.316,0.259,0.196,-0.036,-0.296,-0.058,-0.029,0.253,0.146,0.004,-0.191,0.332,0.444,0.049,-0.083,0.307,-0.339,-0.052,0.128,-0.119,-0.149,0.269,0.333,-0.253,0.027,0.224,-0.115,0.435,0.081,-0.107,0.338,0.104,0.184,0.095,-0.15,0.141,0.282,-0.227,0.149,0.506,-0.284,-0.027,0.324,0.117,0.019,0.292,-0.293,-0.052,0.073,0.604,-0.037,0.068,-0.131,-0.172,0.318,0.264,0.085,-0.026,-0.211,0.26,0.052,-0.173,-0.151,0.243,-0.002,0.243,0.078,0.087,-0.279,-0.168,0.388,0.079,0.284,-0.088,-0.069,-0.232,0.056,0.435,0.255,0.324,-0.045,0.597,0.027,0.336,-0.24,0.152,0.61,0.017,-0.174,0.135,0.162,0.151,0.166,0.305,0.224,-0.035,0.059,-0.576,-0.049,0.201,-0.214,-0.011,0.229,0.236,0.03,0.229,-0.408,-0.198,0.166,0.294,-0.229,0.439,0.032,0.109,0.112,-0.253,0.291,-0.104,-0.122,-0.217,-0.168,0.451,-0.003,0.538,-0.203,-0.074,0.036,-0.038,0.112,-0.336,-0.292,0.142,-0.12,0.382,-0.222,0.532,0.369,0.061,0.004,-0.314,-0.258,0.162,-0.15,-0.104,0.114,-0.101,0.19,-0.041,0.436,-0.062,0.368,-0.054,0.039,0.222,0.058,0.344,0.289,0.145,-0.151,-0.587,0.338,0.04,0.386,0.079,-0.295,-0.169,0.15,-0.106,-0.181,-0.368
ATSG,-0.59,0.734,-0.773,-0.071,0.612,0.83,0.639,0.56,0.016,-0.456,-0.243,0.828,0.352,0.051,-0.538,0.682,-0.451,0.173,0.89,-0.703,-0.731,0.223,0.644,0.124,0.0,0.404,0.735,-0.352,0.101,0.68,-0.053,0.791,0.82,0.882,0.393,-0.234,-0.713,0.937,-0.543,-0.296,-0.157,0.715,0.795,0.68,0.562,0.822,-0.424,-0.681,0.415,0.236,-0.472,-0.477,0.56,-0.5,-0.782,0.652,0.275,0.311,0.825,0.703,0.659,0.046,0.838,-0.767,-0.676,-0.586,0.839,-0.21,0.613,-0.518,-0.645,-0.688,0.865,0.72,0.615,-0.663,-0.446,-0.628,-0.563,0.601,0.404,0.829,0.569,0.395,0.739,-0.703,0.872,0.878,-0.497,-0.592,-0.705,0.74,-0.613,0.297,0.671,0.387,0.747,-0.376,-0.535,0.27,0.825,0.259,0.799,-0.772,-0.279,-0.599,-0.748,-0.348,0.49,0.81,-0.777,-0.268,0.215,0.59,-0.082,-0.247,-0.027,0.196,-0.791,0.814,0.743,0.661,-0.643,0.129,0.862,0.671,-0.855,-0.103,0.482,0.622,0.488,-0.687,0.714,-0.236,-0.083,0.87,0.026,-0.824,-0.752,0.465,0.507,-0.39,0.793,-0.873,-0.63,-0.652,0.816,0.124,-0.589,0.023,-0.018,-0.018,-0.167,-0.123,-0.097,-0.782,-0.76,-0.136,0.521,-0.188,0.23,0.682,-0.673,0.406,-0.709,-0.49,0.377,0.844,-0.556,-0.012,-0.092,0.883,0.29,0.866,0.709,-0.253,0.692,-0.598,0.666,-0.506,0.749,0.607,0.816,0.781,-0.675,-0.271,0.855,-0.259,-0.244,-0.18,0.69,0.854,0.786,0.792,-0.542,-0.509,-0.841,-0.476,-0.43,-0.312
AVTX,-0.655,0.712,-0.707,0.437,0.42,0.629,0.6,0.712,-0.482,-0.437,-0.118,0.667,0.523,-0.489,-0.75,0.712,-0.572,-0.054,0.359,-0.806,-0.615,0.555,0.096,0.294,0.404,0.0,0.092,-0.14,0.795,0.206,-0.015,0.403,0.168,0.203,-0.265,-0.384,-0.616,0.35,-0.417,-0.555,-0.469,0.531,0.618,0.278,-0.13,0.502,-0.841,-0.478,0.1,-0.513,-0.709,-0.281,0.691,-0.679,-0.24,0.61,0.362,0.797,0.638,0.12,-0.009,-0.185,0.592,-0.047,-0.554,-0.533,0.505,-0.609,0.603,0.185,-0.759,-0.642,0.526,0.489,0.218,-0.211,-0.686,-0.328,-0.541,0.581,-0.478,0.654,0.062,-0.337,0.687,0.063,0.387,0.071,-0.485,-0.387,-0.563,-0.003,-0.435,0.723,-0.153,0.888,0.736,-0.46,-0.8,-0.44,0.573,-0.02,0.456,-0.545,-0.332,-0.834,-0.524,0.49,0.071,0.649,-0.459,0.422,0.468,0.509,-0.305,-0.089,0.517,-0.235,-0.573,0.318,0.322,0.659,-0.017,0.226,0.498,0.08,-0.227,-0.609,0.028,0.626,0.028,-0.103,0.281,-0.304,-0.408,0.461,-0.636,-0.511,-0.109,0.113,-0.166,0.101,0.507,-0.328,-0.096,-0.68,0.397,-0.503,-0.749,-0.715,-0.57,-0.172,-0.083,0.343,-0.284,-0.35,-0.496,-0.712,0.62,-0.843,-0.247,0.123,-0.531,0.489,-0.544,0.163,0.526,0.253,-0.524,-0.624,-0.608,0.552,-0.557,0.136,0.76,-0.647,0.296,-0.4,0.219,-0.634,0.3,0.045,0.337,0.363,-0.553,0.434,0.396,-0.166,-0.725,-0.398,0.734,0.581,0.325,0.462,-0.767,-0.579,-0.319,-0.295,-0.414,-0.638
BCPC,-0.493,0.537,-0.421,-0.454,0.295,0.643,0.569,0.45,0.004,-0.485,-0.039,0.547,0.333,0.513,-0.363,0.521,-0.004,0.664,0.707,-0.38,-0.598,0.082,0.399,0.044,0.735,0.092,0.0,-0.269,-0.002,0.869,-0.041,0.48,0.66,0.774,0.528,-0.346,-0.555,0.74,-0.671,-0.315,0.102,0.505,0.545,0.886,0.421,0.449,-0.179,-0.671,-0.003,0.107,-0.373,-0.34,0.452,-0.453,-0.52,0.649,0.302,0.257,0.616,0.745,0.6,0.48,0.397,-0.71,-0.587,-0.428,0.662,-0.187,0.112,-0.437,-0.408,-0.55,0.682,0.683,0.736,-0.429,-0.187,-0.741,-0.335,0.438,0.562,0.61,0.728,0.662,0.36,-0.611,0.759,0.843,-0.493,-0.378,-0.675,0.879,-0.267,0.276,0.55,0.222,0.419,-0.286,-0.258,0.202,0.534,0.64,0.798,-0.548,-0.287,-0.301,-0.459,-0.372,0.211,0.557,-0.764,-0.381,0.192,0.077,0.38,-0.169,-0.131,0.489,-0.616,0.381,0.638,0.677,-0.337,0.087,0.675,0.583,-0.637,0.102,0.819,0.565,0.099,-0.376,0.581,0.111,-0.178,0.696,0.438,-0.485,-0.643,0.284,0.594,-0.393,0.634,-0.768,-0.862,-0.337,0.535,0.358,-0.392,0.161,0.357,0.196,-0.178,-0.138,0.375,-0.644,-0.324,0.093,0.556,0.165,0.163,0.648,-0.641,-0.102,-0.64,-0.449,0.545,0.808,-0.56,0.131,0.094,0.736,0.393,0.704,0.6,0.135,0.364,-0.672,0.366,-0.49,0.574,0.896,0.874,0.587,-0.575,-0.119,0.573,-0.352,-0.032,0.021,0.564,0.611,0.73,0.42,-0.07,-0.384,-0.654,-0.678,-0.499,-0.008
BEAM,0.387,-0.389,0.463,-0.277,-0.142,-0.393,-0.497,-0.471,0.135,0.579,0.602,-0.258,0.067,0.11,0.475,-0.437,0.566,-0.139,-0.075,0.43,0.47,0.45,-0.105,-0.274,-0.352,-0.14,-0.269,0.0,-0.237,-0.12,0.671,-0.285,-0.206,-0.243,0.091,0.587,0.385,-0.396,0.199,0.216,0.434,-0.263,-0.446,-0.306,-0.028,-0.566,0.352,0.555,-0.198,-0.167,0.346,0.536,-0.479,0.581,0.436,-0.296,0.138,-0.249,-0.296,-0.037,-0.237,0.342,-0.327,0.572,0.619,0.187,-0.501,0.387,0.044,0.082,0.534,0.517,-0.27,-0.469,-0.121,0.171,0.455,0.604,0.207,-0.266,0.016,-0.331,0.041,-0.399,-0.346,0.131,-0.287,-0.185,0.39,-0.065,0.245,-0.064,0.504,-0.297,-0.221,-0.096,-0.169,0.584,0.509,0.285,-0.341,-0.141,-0.459,0.476,0.522,0.399,0.452,0.146,-0.145,-0.43,0.589,0.013,0.4,-0.091,0.35,0.495,-0.102,0.087,0.469,-0.097,-0.113,-0.281,0.219,-0.026,-0.341,0.132,0.589,0.229,-0.117,-0.199,-0.021,0.616,-0.317,-0.065,-0.087,-0.281,0.346,0.569,0.307,0.045,0.152,-0.177,-0.233,0.308,0.355,0.524,-0.295,0.337,0.416,0.073,0.26,0.012,0.464,0.071,0.171,0.591,0.462,0.083,-0.256,0.053,0.509,-0.369,0.444,0.092,0.592,-0.108,-0.388,-0.124,0.464,0.318,0.284,-0.438,-0.006,-0.06,-0.187,0.52,-0.072,0.287,-0.556,0.398,-0.393,-0.151,-0.388,-0.136,0.433,0.094,-0.368,0.505,0.044,0.62,-0.469,-0.069,-0.415,-0.231,0.426,0.467,0.389,0.549,0.549,0.574
BILI,-0.499,0.535,-0.454,0.498,0.059,0.426,0.515,0.693,-0.492,-0.473,-0.109,0.364,0.451,-0.389,-0.72,0.625,-0.406,0.068,-0.007,-0.646,-0.494,0.32,-0.293,0.456,0.101,0.795,-0.002,-0.237,0.0,0.084,-0.193,0.152,-0.051,-0.122,-0.417,-0.516,-0.456,0.115,-0.358,-0.558,-0.548,0.398,0.463,0.178,-0.325,0.289,-0.794,-0.381,-0.154,-0.672,-0.666,-0.084,0.649,-0.659,0.11,0.522,0.305,0.843,0.405,-0.053,-0.165,-0.094,0.282,0.131,-0.465,-0.329,0.324,-0.738,0.202,0.522,-0.636,-0.514,0.301,0.423,0.217,0.166,-0.63,-0.28,-0.336,0.505,-0.617,0.368,-0.168,-0.316,0.462,0.407,0.097,-0.2,-0.487,-0.062,-0.331,-0.235,-0.302,0.765,-0.405,0.774,0.403,-0.454,-0.729,-0.654,0.421,0.086,0.357,-0.373,-0.418,-0.688,-0.255,0.669,-0.099,0.449,-0.325,0.618,0.356,0.192,-0.2,-0.047,0.669,-0.27,-0.397,-0.063,0.026,0.564,0.354,0.357,0.267,-0.158,0.051,-0.721,-0.001,0.526,-0.335,0.179,0.215,0.057,-0.483,0.26,-0.658,-0.221,0.196,-0.128,-0.456,0.371,0.269,-0.043,-0.051,-0.566,0.143,-0.605,-0.651,-0.807,-0.594,0.036,-0.113,0.511,-0.298,-0.186,-0.192,-0.662,0.592,-0.815,-0.563,0.0,-0.451,0.28,-0.475,0.459,0.651,-0.021,-0.468,-0.744,-0.701,0.338,-0.663,-0.222,0.59,-0.563,-0.059,-0.357,0.077,-0.591,0.136,-0.007,0.201,0.155,-0.375,0.729,0.171,-0.165,-0.655,-0.468,0.671,0.253,0.189,0.112,-0.581,-0.556,0.002,-0.333,-0.469,-0.707
BJRI,-0.545,0.475,-0.419,-0.37,0.2,0.618,0.536,0.423,-0.03,-0.367,0.095,0.535,0.335,0.401,-0.33,0.478,0.04,0.588,0.716,-0.38,-0.498,0.276,0.366,0.018,0.68,0.206,0.869,-0.12,0.084,0.0,0.131,0.514,0.651,0.69,0.476,-0.259,-0.483,0.676,-0.633,-0.279,0.082,0.54,0.533,0.716,0.378,0.441,-0.227,-0.577,0.0,-0.078,-0.356,-0.259,0.416,-0.396,-0.427,0.611,0.28,0.253,0.58,0.758,0.576,0.44,0.403,-0.636,-0.533,-0.484,0.603,-0.226,0.188,-0.376,-0.41,-0.51,0.695,0.677,0.764,-0.335,-0.21,-0.633,-0.314,0.388,0.458,0.581,0.625,0.544,0.356,-0.51,0.724,0.793,-0.47,-0.372,-0.601,0.785,-0.219,0.383,0.494,0.272,0.423,-0.213,-0.283,0.167,0.492,0.526,0.7,-0.47,-0.074,-0.326,-0.441,-0.323,0.198,0.585,-0.676,-0.39,0.327,0.073,0.453,-0.054,-0.086,0.378,-0.54,0.359,0.686,0.668,-0.348,0.219,0.65,0.629,-0.507,0.112,0.714,0.57,0.06,-0.226,0.565,0.082,-0.264,0.691,0.397,-0.357,-0.579,0.206,0.551,-0.375,0.604,-0.728,-0.735,-0.276,0.537,0.249,-0.385,0.067,0.295,0.22,0.012,-0.143,0.268,-0.568,-0.335,-0.023,0.573,0.059,0.199,0.581,-0.582,-0.03,-0.55,-0.475,0.488,0.839,-0.562,0.057,-0.004,0.699,0.296,0.669,0.648,0.135,0.261,-0.601,0.247,-0.484,0.575,0.779,0.842,0.626,-0.506,-0.006,0.562,-0.29,-0.163,0.078,0.513,0.594,0.658,0.421,-0.055,-0.35,-0.609,-0.567,-0.416,0.021
