,AAL,AAON,ACB,ACGL,ACGLO,ACIW,ADBE,ADSK,AEP,AGIO,ALEC,ALNY,ALTR,AMBA,AMCX,AMKR,AMRX,ANSS,APPN,APTO,ARCT,ARWR,ASND,ASTH,ATSG,AVTX,BCPC,BEAM,BILI,BJRI,BLUE,BPOP,BRKL,BWIN,BZUN,CARG,CBRL,CBSH,CBUS,CENTA,CERS,CFFN,CHCO,CHEF,CHRD,CINF,CLLS,CMCO,CMCSA,COLL,COMM,COOP,CPB,CRON,CROX,CRUS,CRWD,CTAS,CYBR,CYTK,DGII,DIOD,DOMO,DPZ,DSGR,DXCM,ERIE,ESTA,EXEL,FAST,FCEL,FCFS,FHB,FITBI,FSV,FTDR,FUTU,GLDD,GLPG,GLPI,GOGO,GOSS,GSAT,GYRE,HALO,HAS,HLIT,HLNE,HSDT,HSIC,HTHT,ICHR,IDYA,IMVT,INDB,INSM,IONS,IOSP,ITRI,JBHT,JBLU,JSM,KLIC,KOD,KURA,LAB,LASR,LIN,LKQ,LNT,MBUU,MCRI,MDGL,MEDP,MGNI,MGPI,MGRC,MKTX,MRNA,MRTN,MSEX,MSFT,MU,NAVI,NBTB,NEO,NEOG,NGNE,NSSC,NTAP,NTES,NTLA,NTRS,NYMTN,OBLG,OCFC,ON,ONC,OPI,OSIS,OSW,PALI,PANW,PCAR,PCRX,PCTY,PEBO,PLAB,PLAY,PLMR,PLSE,PLUS,PRTA,PSEC,PSNL,PTCT,PTON,QNST,QRVO,QTTB,RARE,RBCAA,RGNX,SAIC,SGMO,SINT,SNPS,SPSC,SPTN,SSYS,STNE,TBBK,TCPC,TENB,TGTX,TREE,TRUP,TTWO,TW,TXG,UBSI,UCTT,UFPT,UMBF,UPBD,URBN,VBTX,VCTR,VEON,VNET,VRSK,VSEC,WABC,WTFCM,WVE,WW,WWD,XEL,ZD,ZYME
AAL,0.0,0.584,-0.493,0.651,-0.047,0.322,-0.529,-0.372,0.741,-0.419,-0.439,0.549,0.837,0.702,-0.475,0.072,0.766,0.706,-0.434,-0.314,0.306,-0.393,-0.733,-0.173,0.867,-0.869,-0.442,-0.624,-0.654,-0.352,-0.206,0.809,0.127,0.117,-0.511,0.544,0.724,0.396,-0.485,-0.776,0.695,-0.687,-0.174,0.793,0.809,-0.422,0.067,-0.362,-0.707,0.716,-0.324,0.561,-0.775,-0.052,-0.591,0.212,0.103,0.759,0.782,-0.561,-0.335,-0.236,-0.245,-0.4,-0.547,0.665,-0.571,-0.479,0.815,0.246,-0.122,0.864,0.175,0.737,-0.343,0.562,-0.192,0.318,-0.633,0.031,-0.122,0.384,-0.332,-0.37,0.865,0.214,-0.681,-0.32,0.234,0.743,-0.644,0.14,-0.746,-0.734,-0.035,0.111,-0.85,0.384,-0.602,0.623,0.464,0.144,-0.225,-0.538,-0.857,-0.146,0.526,0.542,0.653,0.13,-0.616,0.718,-0.318,0.268,-0.371,-0.823,0.637,-0.714,-0.432,0.279,-0.673,-0.426,0.793,0.089,-0.449,-0.531,-0.264,-0.801,-0.579,0.558,0.68,-0.773,0.466,0.037,-0.295,0.634,-0.799,0.748,-0.799,-0.507,-0.337,-0.2,-0.601,0.788,0.765,-0.094,-0.404,-0.029,-0.503,0.46,0.037,0.809,-0.608,0.382,-0.411,-0.695,-0.61,-0.09,0.705,-0.322,-0.518,-0.52,-0.202,0.834,-0.65,-0.664,0.595,0.004,-0.633,-0.411,0.511,0.383,0.473,0.059,-0.509,0.115,-0.548,-0.036,-0.378,0.661,0.095,0.605,0.483,0.414,-0.019,0.358,-0.488,-0.042,0.778,0.814,0.092,0.112,-0.185,0.713,-0.822,-0.208,0.864,-0.345,-0.459,-0.198
AAON,0.584,0.0,-0.716,0.606,0.104,0.751,-0.16,-0.113,0.781,-0.083,-0.624,0.801,0.386,0.467,-0.571,-0.081,0.712,0.76,-0.059,-0.347,-0.313,-0.041,-0.568,0.443,0.533,-0.426,0.136,-0.424,-0.063,-0.386,-0.284,0.748,0.593,0.662,0.026,0.593,0.324,0.819,-0.328,-0.27,0.836,-0.205,0.382,0.704,0.431,-0.061,-0.48,-0.051,-0.384,0.651,0.341,0.808,-0.526,-0.385,-0.723,0.071,0.476,0.827,0.435,-0.465,0.342,-0.42,-0.042,0.045,0.064,0.653,-0.314,-0.818,0.754,0.818,-0.403,0.795,0.403,0.457,0.153,0.812,0.364,0.739,-0.833,0.186,0.031,-0.117,-0.654,-0.234,0.608,0.454,-0.635,0.163,0.47,0.678,-0.25,-0.28,-0.733,-0.165,0.512,0.622,-0.588,0.766,-0.427,0.48,0.046,0.487,0.05,-0.639,-0.561,0.386,0.03,0.883,0.878,0.424,-0.197,0.899,-0.776,-0.182,-0.511,-0.386,0.914,-0.226,-0.72,0.766,-0.099,0.191,0.628,0.723,0.108,-0.629,-0.641,-0.762,-0.085,0.801,0.909,-0.708,0.607,-0.402,-0.607,0.83,-0.533,0.814,-0.359,0.122,0.06,-0.513,-0.075,0.714,0.816,0.025,0.099,0.365,-0.844,0.615,-0.154,0.86,-0.193,0.154,-0.61,-0.62,-0.203,-0.29,0.692,-0.382,-0.419,-0.044,-0.457,0.632,-0.178,-0.631,0.817,0.611,0.056,0.083,0.752,0.706,0.348,0.676,-0.065,0.369,-0.047,-0.018,-0.505,0.178,0.581,0.283,0.798,0.846,0.451,-0.127,0.015,0.186,0.367,0.28,0.346,0.755,0.193,0.532,-0.579,-0.447,0.72,-0.104,0.078,-0.349
ACB,-0.493,-0.716,0.0,-0.419,0.401,-0.367,0.176,0.222,-0.773,0.07,0.925,-0.741,-0.211,-0.103,0.773,0.544,-0.549,-0.523,0.508,0.309,0.56,0.443,0.724,-0.267,-0.41,0.471,-0.189,0.467,0.042,0.685,0.611,-0.502,-0.294,-0.463,0.267,-0.35,-0.058,-0.508,0.69,0.215,-0.417,0.293,-0.243,-0.402,-0.245,0.273,0.602,0.141,0.435,-0.681,-0.179,-0.568,0.556,0.679,0.781,0.342,0.101,-0.575,-0.145,0.793,-0.207,0.741,0.221,0.19,0.061,-0.322,0.386,0.807,-0.684,-0.627,0.814,-0.641,-0.213,-0.143,0.039,-0.613,-0.145,-0.303,0.906,0.031,0.119,0.455,0.778,0.005,-0.507,-0.093,0.756,-0.004,-0.295,-0.299,0.113,0.678,0.821,0.351,-0.283,-0.458,0.459,-0.597,0.626,-0.219,-0.223,0.067,0.403,0.564,0.583,-0.334,0.181,-0.75,-0.581,-0.406,0.31,-0.708,0.678,0.203,0.832,0.368,-0.755,0.273,0.846,-0.433,0.065,0.036,-0.241,-0.412,0.047,0.768,0.636,0.758,0.331,-0.362,-0.781,0.836,-0.267,0.574,0.543,-0.522,0.602,-0.686,0.446,0.033,-0.108,0.754,0.113,-0.407,-0.824,0.31,0.038,0.179,0.878,-0.222,0.544,-0.663,0.12,0.089,0.741,0.665,0.234,0.315,-0.476,0.769,0.444,0.039,0.795,-0.452,0.134,0.754,-0.467,-0.309,0.026,0.218,-0.29,-0.35,-0.001,-0.354,-0.065,0.011,0.273,0.371,0.536,0.064,-0.343,0.196,-0.596,-0.617,-0.282,0.328,0.124,-0.149,-0.131,-0.171,-0.269,-0.61,-0.06,-0.163,0.759,0.799,-0.44,0.115,0.157,0.511
ACGL,0.651,0.606,-0.419,0.0,0.223,0.66,0.047,0.222,0.719,-0.566,-0.357,0.544,0.559,0.723,-0.156,0.323,0.833,0.86,-0.243,-0.085,0.121,0.015,-0.443,0.282,0.595,-0.525,0.041,-0.452,-0.189,-0.26,-0.318,0.877,0.577,0.613,-0.167,0.786,0.418,0.625,-0.309,-0.367,0.66,-0.279,0.297,0.747,0.442,0.199,-0.323,0.153,-0.262,0.356,0.1,0.837,-0.285,0.171,-0.517,0.176,0.437,0.674,0.588,-0.211,0.077,-0.141,0.237,0.112,-0.193,0.846,-0.02,-0.345,0.622,0.494,-0.243,0.691,0.63,0.769,0.263,0.725,0.306,0.665,-0.443,0.575,0.264,0.191,-0.123,0.123,0.55,0.223,-0.337,0.301,0.493,0.66,-0.144,0.147,-0.513,-0.238,0.457,0.586,-0.6,0.715,-0.133,0.358,0.416,0.122,0.251,-0.256,-0.482,-0.226,0.168,0.763,0.802,0.689,-0.141,0.691,-0.435,-0.041,-0.222,-0.472,0.722,-0.189,-0.359,0.524,-0.2,0.026,0.561,0.282,0.056,-0.288,-0.462,-0.542,-0.116,0.757,0.616,-0.544,0.889,-0.112,-0.176,0.67,-0.423,0.808,-0.49,0.094,0.229,-0.471,-0.105,0.54,0.605,0.388,0.124,0.218,-0.433,0.768,-0.037,0.66,-0.189,0.509,-0.268,-0.422,-0.358,0.32,0.75,-0.2,-0.448,0.027,-0.192,0.473,-0.351,-0.373,0.751,0.494,-0.275,-0.251,0.665,0.78,0.695,0.509,-0.041,0.517,0.057,0.366,-0.227,0.25,0.557,0.536,0.785,0.672,0.179,0.053,0.093,0.537,0.448,0.516,0.574,0.444,0.336,0.486,-0.472,-0.419,0.654,0.297,0.096,0.182
ACGLO,-0.047,0.104,0.401,0.223,0.0,0.484,0.219,0.305,0.017,-0.142,0.516,-0.116,0.11,0.476,0.47,0.626,0.296,0.308,0.453,0.102,0.249,0.739,0.132,0.448,-0.006,0.189,-0.055,0.04,0.004,0.388,0.385,0.111,0.323,0.299,0.316,0.293,0.102,0.245,0.545,0.063,0.265,0.175,0.098,0.291,0.067,0.288,0.187,0.24,0.17,-0.195,0.119,0.303,0.245,0.447,0.023,0.142,0.546,0.177,0.316,0.446,0.237,0.435,0.502,0.501,0.178,0.379,0.065,0.203,-0.115,0.099,0.383,0.003,0.216,0.446,0.362,0.147,0.378,0.553,0.275,0.417,0.583,0.484,0.323,-0.194,-0.042,0.448,0.237,0.454,0.263,0.287,-0.025,0.471,0.242,0.275,0.372,0.28,-0.197,0.12,0.375,-0.119,-0.209,0.511,0.579,-0.1,0.192,-0.305,0.31,0.081,0.249,0.261,0.365,0.059,0.13,0.054,0.362,0.075,0.108,0.204,0.355,0.321,0.108,0.296,0.308,0.403,0.202,0.337,-0.085,0.069,0.474,0.526,-0.077,0.296,0.42,0.486,0.059,0.223,0.147,0.091,0.225,0.291,0.175,0.202,0.252,0.081,-0.162,0.464,0.138,0.61,0.191,0.502,0.529,0.08,0.04,0.332,0.279,0.372,-0.229,0.139,0.355,0.57,-0.086,0.099,0.523,0.019,-0.13,0.162,0.457,0.438,0.236,0.387,0.329,0.336,0.595,0.344,-0.169,0.713,0.384,0.562,-0.085,0.11,0.222,0.512,0.261,0.101,0.056,0.341,0.211,0.27,0.179,0.136,0.227,0.181,0.201,0.309,0.315,0.408,0.192,0.309,0.432,0.388
ACIW,0.322,0.751,-0.367,0.66,0.484,0.0,0.182,0.24,0.626,-0.369,-0.267,0.529,0.262,0.612,-0.058,0.274,0.65,0.765,0.025,-0.173,-0.285,0.271,-0.259,0.604,0.342,-0.146,0.282,-0.389,0.042,0.016,-0.092,0.663,0.727,0.801,0.079,0.604,0.268,0.746,0.013,0.007,0.717,0.046,0.497,0.672,0.273,0.277,-0.468,0.354,-0.06,0.298,0.433,0.865,-0.064,0.063,-0.489,-0.071,0.603,0.595,0.417,-0.052,0.478,-0.194,0.33,0.509,0.129,0.698,0.021,-0.48,0.466,0.66,-0.319,0.522,0.644,0.531,0.467,0.727,0.537,0.936,-0.49,0.557,0.533,-0.016,-0.204,0.02,0.293,0.481,-0.271,0.459,0.441,0.509,-0.017,0.023,-0.377,0.095,0.671,0.799,-0.448,0.798,0.006,0.278,0.076,0.413,0.347,-0.425,-0.215,0.133,-0.002,0.757,0.811,0.626,0.206,0.724,-0.605,-0.324,-0.148,-0.099,0.78,0.136,-0.458,0.841,0.106,0.324,0.406,0.665,0.333,-0.367,-0.65,-0.42,0.276,0.831,0.584,-0.399,0.796,-0.104,-0.444,0.764,-0.241,0.736,-0.094,0.376,0.34,-0.512,0.23,0.397,0.508,0.402,0.288,0.509,-0.479,0.777,0.113,0.659,-0.089,0.44,-0.266,-0.178,-0.085,0.148,0.609,-0.015,-0.528,0.226,-0.226,0.41,-0.177,-0.346,0.819,0.776,0.198,0.152,0.713,0.822,0.695,0.762,0.108,0.668,0.338,0.458,-0.342,0.043,0.705,0.337,0.803,0.805,0.29,-0.03,0.292,0.597,0.269,0.196,0.501,0.736,0.476,0.44,-0.226,-0.301,0.528,0.235,0.434,0.155
ADBE,-0.529,-0.16,0.176,0.047,0.219,0.182,0.0,0.852,-0.302,0.052,0.175,-0.248,-0.687,-0.267,0.574,0.289,-0.228,-0.07,0.289,0.421,-0.448,0.404,0.548,0.638,-0.672,0.718,0.856,0.459,0.842,0.198,-0.088,-0.194,0.583,0.562,0.513,0.17,-0.471,0.23,0.237,0.862,-0.371,0.847,0.769,-0.393,-0.796,0.85,-0.383,0.891,0.821,-0.72,0.659,0.126,0.832,0.092,0.395,-0.133,0.29,-0.434,-0.614,0.459,0.721,0.296,0.765,0.724,0.66,-0.111,0.761,0.38,-0.588,0.237,-0.227,-0.563,0.578,-0.312,0.876,0.002,0.716,0.243,0.392,0.697,0.428,-0.503,0.431,0.785,-0.746,-0.103,0.668,0.8,0.242,-0.253,0.87,-0.093,0.572,0.762,0.69,0.479,0.588,0.338,0.809,-0.679,0.165,-0.224,0.633,0.571,0.793,-0.048,-0.528,0.074,0.02,0.63,0.894,-0.296,0.031,-0.471,0.315,0.792,-0.139,0.914,0.228,0.172,0.868,0.714,-0.589,0.243,0.871,0.451,-0.035,0.585,0.838,0.05,-0.351,0.541,0.276,-0.282,0.348,-0.137,0.784,-0.172,0.722,0.904,0.921,-0.281,0.914,-0.616,-0.407,0.678,0.88,0.229,0.29,0.153,-0.084,-0.463,0.723,-0.077,0.339,0.67,0.524,0.519,-0.152,0.237,0.257,0.938,0.034,-0.707,0.658,0.525,-0.05,0.541,0.659,0.505,-0.023,0.354,0.002,0.482,0.8,0.455,0.895,0.523,0.269,-0.651,0.62,-0.366,0.082,0.201,0.354,-0.322,0.921,0.696,-0.745,-0.657,0.417,0.425,0.798,-0.628,0.628,-0.223,-0.61,0.883,0.901,0.293
ADSK,-0.372,-0.113,0.222,0.222,0.305,0.24,0.852,0.0,-0.245,0.044,0.216,-0.185,-0.436,-0.085,0.521,0.421,-0.044,0.135,0.343,0.412,-0.201,0.488,0.493,0.552,-0.457,0.54,0.716,0.462,0.688,0.256,-0.122,-0.014,0.595,0.509,0.555,0.314,-0.296,0.306,0.211,0.651,-0.212,0.711,0.716,-0.221,-0.618,0.874,-0.286,0.765,0.762,-0.587,0.613,0.182,0.694,0.236,0.38,0.156,0.482,-0.245,-0.435,0.479,0.586,0.382,0.674,0.654,0.63,0.035,0.719,0.438,-0.459,0.288,-0.061,-0.402,0.592,-0.11,0.808,0.169,0.657,0.314,0.425,0.67,0.403,-0.35,0.43,0.664,-0.546,-0.082,0.677,0.795,0.35,-0.078,0.792,0.048,0.536,0.647,0.656,0.416,0.46,0.341,0.806,-0.49,0.274,-0.066,0.717,0.584,0.654,-0.141,-0.409,0.154,0.06,0.63,0.74,-0.208,0.08,-0.298,0.441,0.578,-0.075,0.744,0.331,0.106,0.693,0.687,-0.368,0.193,0.782,0.58,-0.022,0.517,0.746,0.217,-0.231,0.496,0.415,-0.19,0.355,-0.037,0.682,-0.087,0.547,0.79,0.82,-0.224,0.753,-0.409,-0.372,0.692,0.836,0.262,0.296,0.293,0.045,-0.352,0.667,0.067,0.358,0.552,0.448,0.589,-0.013,0.242,0.299,0.833,0.175,-0.587,0.529,0.51,0.076,0.556,0.509,0.401,0.082,0.432,0.138,0.453,0.689,0.486,0.81,0.576,0.407,-0.479,0.627,-0.139,0.223,0.242,0.421,-0.166,0.853,0.708,-0.562,-0.443,0.604,0.33,0.764,-0.443,0.608,-0.176,-0.403,0.891,0.778,0.391
AEP,0.741,0.781,-0.773,0.719,0.017,0.626,-0.302,-0.245,0.0,-0.426,-0.668,0.791,0.604,0.607,-0.615,-0.143,0.829,0.812,-0.473,-0.27,-0.188,-0.232,-0.807,0.243,0.676,-0.653,-0.109,-0.625,-0.38,-0.519,-0.445,0.759,0.352,0.486,-0.375,0.488,0.395,0.541,-0.567,-0.487,0.683,-0.541,0.087,0.761,0.581,-0.323,-0.458,-0.19,-0.54,0.77,-0.017,0.76,-0.626,-0.219,-0.79,-0.197,0.108,0.807,0.602,-0.599,-0.005,-0.563,-0.15,-0.077,-0.315,0.758,-0.468,-0.765,0.86,0.571,-0.519,0.854,0.313,0.617,-0.054,0.754,0.134,0.577,-0.864,0.149,0.123,0.011,-0.588,-0.166,0.724,0.364,-0.798,-0.005,0.434,0.586,-0.376,-0.289,-0.86,-0.513,0.268,0.554,-0.77,0.646,-0.608,0.406,0.25,0.172,-0.254,-0.733,-0.753,0.088,0.179,0.833,0.795,0.478,-0.414,0.824,-0.548,0.031,-0.666,-0.634,0.876,-0.419,-0.759,0.53,-0.354,-0.183,0.583,0.374,-0.201,-0.77,-0.651,-0.881,-0.408,0.65,0.847,-0.89,0.56,-0.209,-0.601,0.702,-0.77,0.883,-0.678,-0.169,-0.031,-0.636,-0.275,0.624,0.916,-0.16,-0.229,-0.025,-0.755,0.488,-0.179,0.878,-0.362,0.246,-0.566,-0.647,-0.481,-0.163,0.78,-0.461,-0.663,-0.232,-0.555,0.759,-0.457,-0.79,0.738,0.347,-0.289,-0.315,0.544,0.526,0.494,0.373,-0.192,0.247,-0.323,-0.075,-0.556,0.328,0.326,0.284,0.799,0.662,0.144,0.071,-0.248,0.283,0.526,0.519,0.353,0.513,0.012,0.586,-0.803,-0.603,0.78,-0.114,-0.177,-0.182
AGIO,-0.419,-0.083,0.07,-0.566,-0.142,-0.369,0.052,0.044,-0.426,0.0,0.087,-0.1,-0.499,-0.581,-0.195,-0.275,-0.405,-0.358,0.595,-0.128,-0.192,0.251,0.196,0.128,-0.401,0.436,0.22,0.555,0.432,0.002,0.011,-0.505,-0.144,-0.189,0.556,-0.281,-0.41,-0.01,0.143,0.329,-0.306,0.384,0.095,-0.54,-0.411,0.001,0.049,-0.15,0.281,-0.054,0.356,-0.439,0.026,-0.453,0.228,0.255,0.087,-0.113,-0.535,-0.041,0.237,0.159,-0.091,-0.138,0.609,-0.544,-0.023,0.067,-0.345,0.192,0.141,-0.325,-0.425,-0.645,-0.025,-0.148,0.088,-0.323,0.149,-0.437,-0.392,-0.309,-0.302,-0.206,-0.261,0.161,0.177,0.067,-0.167,-0.169,0.236,-0.323,0.26,0.369,-0.016,-0.277,0.483,-0.316,0.049,-0.269,-0.43,0.209,0.11,0.132,0.317,0.384,-0.189,-0.188,-0.314,-0.327,0.167,-0.284,0.123,0.123,0.009,0.385,-0.24,0.197,0.174,-0.172,0.375,0.421,-0.179,0.211,0.219,0.263,0.287,0.231,0.274,-0.208,-0.108,0.337,-0.523,-0.234,0.045,-0.245,0.324,-0.516,0.448,0.18,-0.01,0.275,0.222,-0.104,-0.26,-0.289,0.218,0.211,-0.004,-0.357,-0.118,-0.299,0.369,-0.598,-0.186,0.152,0.347,-0.522,-0.314,-0.088,0.639,0.123,0.159,-0.338,0.517,0.256,-0.209,0.022,0.477,0.559,-0.25,-0.344,-0.71,-0.001,0.104,-0.221,0.079,-0.375,0.099,-0.258,-0.102,-0.311,-0.267,-0.211,0.574,-0.249,0.136,-0.473,-0.497,-0.511,-0.109,0.045,-0.085,-0.373,0.304,0.161,-0.329,-0.077,0.048,-0.559
ALEC,-0.439,-0.624,0.925,-0.357,0.516,-0.267,0.175,0.216,-0.668,0.087,0.0,-0.6,-0.155,0.024,0.718,0.619,-0.452,-0.413,0.542,0.305,0.543,0.555,0.664,-0.162,-0.359,0.451,-0.201,0.468,0.028,0.748,0.592,-0.438,-0.205,-0.378,0.32,-0.306,-0.073,-0.425,0.688,0.203,-0.337,0.257,-0.227,-0.313,-0.198,0.21,0.575,0.147,0.418,-0.612,-0.174,-0.472,0.505,0.697,0.717,0.305,0.122,-0.483,-0.069,0.769,-0.176,0.709,0.235,0.233,0.094,-0.234,0.294,0.719,-0.658,-0.51,0.786,-0.557,-0.166,-0.094,0.081,-0.5,-0.029,-0.191,0.828,0.086,0.178,0.478,0.685,-0.066,-0.453,0.037,0.697,0.024,-0.16,-0.179,0.09,0.643,0.767,0.36,-0.185,-0.344,0.4,-0.519,0.581,-0.256,-0.223,0.108,0.396,0.44,0.543,-0.309,0.277,-0.639,-0.466,-0.339,0.332,-0.621,0.657,0.262,0.79,0.34,-0.634,0.247,0.81,-0.345,0.048,0.071,-0.162,-0.282,0.079,0.675,0.595,0.67,0.36,-0.236,-0.701,0.782,-0.21,0.666,0.425,-0.415,0.554,-0.589,0.401,0.052,-0.061,0.697,0.119,-0.328,-0.744,0.294,0.03,0.239,0.836,-0.163,0.601,-0.561,0.103,0.091,0.714,0.688,0.142,0.248,-0.311,0.813,0.43,0.039,0.776,-0.358,0.059,0.659,-0.336,-0.232,0.038,0.282,-0.215,-0.283,0.099,-0.289,-0.117,0.12,0.249,0.397,0.403,0.149,-0.288,0.263,-0.451,-0.529,-0.215,0.393,0.133,-0.104,-0.093,-0.153,-0.227,-0.517,-0.05,-0.12,0.69,0.754,-0.352,0.12,0.205,0.478
ALNY,0.549,0.801,-0.741,0.544,-0.116,0.529,-0.248,-0.185,0.791,-0.1,-0.6,0.0,0.445,0.422,-0.701,-0.144,0.631,0.654,-0.207,-0.222,-0.26,-0.124,-0.567,0.253,0.539,-0.491,0.042,-0.35,-0.173,-0.376,-0.397,0.649,0.389,0.454,-0.138,0.467,0.331,0.584,-0.538,-0.326,0.68,-0.398,0.193,0.604,0.413,-0.281,-0.467,-0.149,-0.386,0.694,0.146,0.618,-0.585,-0.359,-0.642,-0.051,0.21,0.731,0.39,-0.483,0.113,-0.499,-0.193,-0.097,-0.087,0.633,-0.456,-0.792,0.738,0.671,-0.46,0.767,0.274,0.37,-0.024,0.748,0.223,0.512,-0.816,0.083,-0.074,-0.146,-0.661,-0.161,0.636,0.373,-0.668,-0.011,0.469,0.574,-0.269,-0.414,-0.746,-0.312,0.301,0.555,-0.446,0.624,-0.543,0.433,0.152,0.251,-0.201,-0.585,-0.626,0.425,0.074,0.805,0.715,0.333,-0.336,0.758,-0.561,0.056,-0.575,-0.456,0.837,-0.341,-0.733,0.534,-0.233,0.006,0.521,0.453,-0.065,-0.731,-0.48,-0.739,-0.313,0.575,0.837,-0.751,0.439,-0.332,-0.586,0.661,-0.581,0.755,-0.542,-0.047,0.027,-0.537,-0.216,0.635,0.835,-0.199,-0.089,0.069,-0.721,0.361,-0.15,0.791,-0.183,0.088,-0.517,-0.585,-0.202,-0.248,0.647,-0.433,-0.276,-0.13,-0.531,0.68,-0.226,-0.646,0.63,0.375,-0.145,-0.074,0.536,0.485,0.224,0.418,-0.084,0.209,-0.255,-0.2,-0.531,0.28,0.358,0.173,0.764,0.684,0.358,-0.002,-0.123,0.147,0.35,0.305,0.338,0.551,0.023,0.465,-0.663,-0.572,0.652,-0.172,-0.121,-0.267
ALTR,0.837,0.386,-0.211,0.559,0.11,0.262,-0.687,-0.436,0.604,-0.499,-0.155,0.445,0.0,0.78,-0.348,0.21,0.648,0.582,-0.343,-0.187,0.568,-0.249,-0.588,-0.365,0.888,-0.871,-0.719,-0.57,-0.851,-0.135,0.002,0.686,-0.061,-0.128,-0.535,0.355,0.755,0.156,-0.292,-0.903,0.67,-0.822,-0.456,0.799,0.91,-0.503,0.287,-0.505,-0.717,0.651,-0.555,0.384,-0.738,0.251,-0.441,0.246,0.074,0.676,0.905,-0.296,-0.591,-0.161,-0.37,-0.422,-0.71,0.649,-0.589,-0.367,0.729,0.01,0.178,0.801,0.002,0.821,-0.505,0.404,-0.37,0.255,-0.426,-0.07,-0.084,0.64,-0.172,-0.518,0.862,0.226,-0.58,-0.443,0.186,0.65,-0.771,0.342,-0.616,-0.76,-0.264,-0.037,-0.827,0.134,-0.571,0.711,0.275,0.255,-0.281,-0.539,-0.844,-0.193,0.686,0.318,0.46,-0.094,-0.72,0.56,-0.117,0.418,-0.153,-0.904,0.463,-0.825,-0.244,0.096,-0.867,-0.606,0.821,-0.1,-0.622,-0.428,-0.105,-0.679,-0.685,0.448,0.508,-0.622,0.363,0.348,-0.249,0.496,-0.793,0.605,-0.854,-0.676,-0.548,0.052,-0.784,0.782,0.562,-0.189,-0.605,-0.061,-0.279,0.386,0.237,0.711,-0.704,0.458,-0.165,-0.598,-0.654,-0.072,0.618,-0.074,-0.468,-0.706,0.004,0.854,-0.811,-0.553,0.461,-0.198,-0.768,-0.542,0.431,0.212,0.567,-0.157,-0.677,0.067,-0.648,-0.025,-0.282,0.808,-0.153,0.723,0.376,0.199,-0.259,0.551,-0.63,-0.136,0.941,0.901,-0.011,-0.18,-0.379,0.846,-0.683,0.051,0.865,-0.465,-0.581,0.081
AMBA,0.702,0.467,-0.103,0.723,0.476,0.612,-0.267,-0.085,0.607,-0.581,0.024,0.422,0.78,0.0,-0.068,0.581,0.723,0.773,-0.157,-0.152,0.427,0.17,-0.406,0.079,0.717,-0.548,-0.37,-0.472,-0.548,0.096,0.103,0.776,0.304,0.274,-0.26,0.583,0.736,0.43,-0.094,-0.573,0.742,-0.499,-0.08,0.824,0.696,-0.166,0.05,-0.029,-0.381,0.414,-0.171,0.631,-0.403,0.437,-0.376,0.227,0.421,0.661,0.824,-0.101,-0.204,0.11,0.141,0.103,-0.435,0.833,-0.333,-0.232,0.583,0.215,0.156,0.673,0.378,0.88,-0.004,0.577,0.123,0.624,-0.32,0.385,0.315,0.583,0.042,-0.261,0.634,0.447,-0.326,0.025,0.35,0.775,-0.486,0.439,-0.431,-0.423,0.183,0.335,-0.72,0.421,-0.204,0.471,0.311,0.389,0.191,-0.414,-0.553,-0.295,0.617,0.483,0.678,0.291,-0.284,0.575,-0.139,0.284,0.04,-0.593,0.563,-0.413,-0.175,0.415,-0.544,-0.196,0.772,0.139,-0.202,-0.284,-0.232,-0.521,-0.224,0.731,0.458,-0.437,0.701,0.329,-0.17,0.629,-0.505,0.691,-0.571,-0.229,-0.137,-0.107,-0.336,0.627,0.515,0.239,-0.247,0.303,-0.163,0.669,0.481,0.688,-0.471,0.656,-0.044,-0.288,-0.453,0.26,0.786,0.18,-0.517,-0.33,0.106,0.714,-0.584,-0.326,0.733,0.238,-0.521,-0.183,0.608,0.559,0.836,0.194,-0.412,0.53,-0.181,0.486,-0.26,0.674,0.228,0.837,0.594,0.443,-0.072,0.559,-0.229,0.292,0.744,0.735,0.222,0.154,0.043,0.761,-0.447,0.032,0.809,-0.057,-0.071,0.267
AMCX,-0.475,-0.571,0.773,-0.156,0.47,-0.058,0.574,0.521,-0.615,-0.195,0.718,-0.701,-0.348,-0.068,0.0,0.569,-0.361,-0.342,0.297,0.336,0.24,0.41,0.723,0.068,-0.455,0.522,0.196,0.263,0.265,0.637,0.462,-0.31,0.099,-0.004,0.184,-0.05,-0.15,-0.211,0.692,0.477,-0.364,0.563,0.145,-0.269,-0.383,0.619,0.369,0.61,0.542,-0.835,0.088,-0.179,0.808,0.613,0.627,0.038,0.114,-0.609,-0.201,0.748,0.17,0.603,0.572,0.508,0.176,-0.225,0.589,0.761,-0.669,-0.452,0.374,-0.624,0.268,-0.071,0.401,-0.448,0.137,0.007,0.805,0.498,0.515,0.208,0.877,0.393,-0.637,-0.236,0.779,0.37,-0.149,-0.33,0.388,0.612,0.804,0.504,0.134,-0.043,0.415,-0.158,0.833,-0.366,0.023,-0.216,0.568,0.615,0.715,-0.366,-0.063,-0.486,-0.315,0.071,0.664,-0.513,0.407,-0.254,0.751,0.569,-0.521,0.562,0.709,-0.117,0.371,0.172,-0.415,-0.179,0.384,0.724,0.353,0.755,0.594,-0.191,-0.725,0.773,0.082,0.457,0.573,-0.281,0.684,-0.409,0.617,0.377,0.341,0.377,0.441,-0.54,-0.757,0.642,0.391,0.246,0.752,0.1,0.328,-0.588,0.238,0.279,0.679,0.753,0.258,0.601,-0.365,0.667,0.17,0.433,0.624,-0.573,0.136,0.673,-0.317,0.045,0.242,0.207,-0.135,0.003,0.245,-0.054,0.245,0.319,0.574,0.608,0.348,-0.237,0.101,0.049,-0.382,-0.274,-0.258,0.16,0.475,0.31,-0.271,-0.222,-0.064,-0.231,0.402,-0.3,0.733,0.505,-0.525,0.481,0.525,0.673
AMKR,0.072,-0.081,0.544,0.323,0.626,0.274,0.289,0.421,-0.143,-0.275,0.619,-0.144,0.21,0.581,0.569,0.0,0.125,0.272,0.334,0.214,0.5,0.533,0.35,0.17,0.058,0.153,-0.025,0.163,-0.019,0.595,0.343,0.269,0.305,0.14,0.236,0.348,0.397,0.173,0.408,0.023,0.197,0.128,0.135,0.231,0.062,0.364,0.269,0.418,0.306,-0.383,0.074,0.172,0.306,0.703,0.358,0.426,0.55,0.02,0.258,0.528,0.039,0.679,0.515,0.457,-0.005,0.38,0.239,0.43,-0.198,-0.03,0.527,-0.064,0.42,0.425,0.377,0.124,0.357,0.38,0.431,0.611,0.389,0.476,0.616,0.106,-0.088,0.253,0.466,0.335,0.29,0.398,0.064,0.679,0.363,0.202,0.279,0.193,0.01,0.134,0.548,-0.014,0.272,0.269,0.685,0.276,0.222,-0.37,0.408,-0.004,0.211,0.221,0.294,-0.085,0.296,0.194,0.658,0.076,-0.057,0.18,0.473,0.119,-0.044,0.178,0.253,-0.033,0.267,0.408,0.251,0.263,0.327,0.395,-0.224,0.379,0.48,0.449,0.355,0.145,0.31,0.067,0.114,0.228,0.202,0.3,0.174,0.048,-0.245,0.631,0.242,0.434,0.516,0.421,0.68,-0.033,0.03,0.526,0.539,0.395,0.038,0.56,0.297,0.628,0.06,0.135,0.537,0.022,-0.056,0.451,0.263,0.214,-0.161,0.256,0.288,0.374,0.578,0.125,-0.027,0.575,0.344,0.76,0.234,0.349,0.251,0.645,0.147,0.097,-0.009,0.544,0.276,0.353,0.167,0.19,0.158,-0.059,0.336,0.226,0.336,0.378,0.136,0.363,0.391,0.552
AMRX,0.766,0.712,-0.549,0.833,0.296,0.65,-0.228,-0.044,0.829,-0.405,-0.452,0.631,0.648,0.723,-0.361,0.125,0.0,0.89,-0.274,-0.321,0.081,-0.038,-0.718,0.262,0.731,-0.664,-0.154,-0.619,-0.399,-0.358,-0.258,0.828,0.411,0.506,-0.274,0.741,0.486,0.625,-0.331,-0.538,0.736,-0.435,0.1,0.837,0.622,-0.12,-0.217,-0.12,-0.521,0.633,0.006,0.823,-0.557,-0.049,-0.741,0.059,0.346,0.845,0.726,-0.472,0.042,-0.258,0.074,-0.062,-0.233,0.793,-0.422,-0.497,0.792,0.503,-0.304,0.836,0.382,0.787,0.011,0.736,0.135,0.641,-0.619,0.278,0.279,0.267,-0.366,-0.229,0.754,0.33,-0.611,0.159,0.393,0.697,-0.409,0.053,-0.68,-0.419,0.33,0.466,-0.813,0.619,-0.419,0.437,0.281,0.259,0.061,-0.54,-0.686,-0.174,0.303,0.765,0.816,0.508,-0.284,0.802,-0.454,0.084,-0.432,-0.643,0.829,-0.421,-0.438,0.554,-0.338,-0.087,0.735,0.429,-0.181,-0.429,-0.59,-0.773,-0.242,0.806,0.758,-0.716,0.737,0.02,-0.367,0.755,-0.684,0.834,-0.571,-0.118,0.016,-0.426,-0.255,0.672,0.763,0.098,-0.139,0.226,-0.625,0.73,-0.009,0.83,-0.363,0.452,-0.483,-0.563,-0.597,-0.022,0.833,-0.282,-0.578,-0.219,-0.176,0.669,-0.529,-0.627,0.851,0.46,-0.246,-0.22,0.613,0.617,0.631,0.4,-0.313,0.49,-0.195,0.12,-0.496,0.329,0.381,0.541,0.766,0.61,0.194,0.162,-0.185,0.285,0.596,0.669,0.429,0.459,0.095,0.636,-0.673,-0.346,0.815,0.02,-0.127,-0.074
ANSS,0.706,0.76,-0.523,0.86,0.308,0.765,-0.07,0.135,0.812,-0.358,-0.413,0.654,0.582,0.773,-0.342,0.272,0.89,0.0,-0.178,-0.234,-0.004,0.087,-0.6,0.391,0.652,-0.524,0.029,-0.47,-0.221,-0.256,-0.291,0.87,0.588,0.624,-0.092,0.767,0.485,0.752,-0.313,-0.378,0.748,-0.299,0.303,0.797,0.508,0.023,-0.342,0.058,-0.301,0.559,0.185,0.864,-0.444,0.021,-0.623,0.144,0.516,0.839,0.607,-0.364,0.157,-0.179,0.16,0.135,-0.105,0.842,-0.243,-0.496,0.695,0.653,-0.273,0.776,0.536,0.725,0.216,0.859,0.364,0.751,-0.603,0.421,0.26,0.149,-0.323,-0.118,0.64,0.436,-0.476,0.273,0.509,0.772,-0.222,0.012,-0.62,-0.301,0.511,0.592,-0.7,0.737,-0.263,0.369,0.363,0.345,0.208,-0.489,-0.562,-0.097,0.264,0.846,0.88,0.615,-0.165,0.799,-0.471,0.046,-0.297,-0.497,0.842,-0.245,-0.485,0.614,-0.223,0.111,0.691,0.472,0.05,-0.409,-0.554,-0.698,-0.089,0.898,0.753,-0.633,0.813,-0.116,-0.359,0.791,-0.524,0.848,-0.487,0.048,0.163,-0.506,-0.092,0.647,0.728,0.235,0.061,0.326,-0.565,0.784,0.068,0.816,-0.235,0.445,-0.401,-0.457,-0.401,0.089,0.87,-0.23,-0.524,-0.045,-0.24,0.621,-0.353,-0.503,0.923,0.573,-0.19,-0.085,0.688,0.759,0.661,0.538,-0.137,0.545,-0.022,0.314,-0.362,0.332,0.568,0.549,0.859,0.746,0.341,0.154,0.019,0.449,0.487,0.521,0.552,0.574,0.291,0.586,-0.557,-0.402,0.784,0.157,0.074,-0.019
APPN,-0.434,-0.059,0.508,-0.243,0.453,0.025,0.289,0.343,-0.473,0.595,0.542,-0.207,-0.343,-0.157,0.297,0.334,-0.274,-0.178,0.0,0.14,0.129,0.647,0.489,0.251,-0.424,0.554,0.188,0.69,0.439,0.313,0.323,-0.342,0.141,0.027,0.782,-0.075,-0.223,0.044,0.516,0.358,-0.09,0.463,0.174,-0.34,-0.362,0.384,0.163,0.111,0.501,-0.341,0.373,-0.23,0.296,0.148,0.468,0.544,0.624,-0.073,-0.266,0.575,0.295,0.55,0.277,0.182,0.59,-0.144,0.323,0.32,-0.44,0.17,0.564,-0.369,-0.162,-0.237,0.304,-0.1,0.319,0.067,0.445,-0.02,-0.091,0.11,0.128,-0.137,-0.357,0.353,0.514,0.313,0.062,0.013,0.249,0.227,0.542,0.653,0.171,-0.094,0.444,-0.223,0.439,-0.206,-0.459,0.539,0.6,0.294,0.491,0.07,-0.064,-0.192,-0.132,-0.146,0.386,-0.312,0.223,0.143,0.438,0.417,-0.243,0.391,0.47,0.004,0.373,0.646,0.014,0.305,0.354,0.533,0.26,0.449,0.604,0.141,-0.236,0.597,-0.093,0.057,0.15,-0.188,0.53,-0.457,0.541,0.43,0.122,0.463,0.381,-0.092,-0.42,0.308,0.365,0.578,0.287,-0.017,0.314,-0.324,0.38,-0.294,0.24,0.423,0.374,-0.163,-0.18,0.473,0.654,0.233,0.539,-0.356,0.464,0.546,0.033,0.265,0.497,0.751,0.038,-0.013,-0.213,0.335,0.103,0.204,0.497,0.187,0.293,-0.121,0.069,0.135,-0.091,-0.144,0.511,-0.07,0.374,-0.154,-0.329,-0.455,0.049,0.044,0.064,-0.148,0.625,0.468,-0.236,0.181,0.399,-0.063
APTO,-0.314,-0.347,0.309,-0.085,0.102,-0.173,0.421,0.412,-0.27,-0.128,0.305,-0.222,-0.187,-0.152,0.336,0.214,-0.321,-0.234,0.14,0.0,-0.008,0.159,0.411,0.088,-0.463,0.374,0.186,0.526,0.318,0.111,0.109,-0.276,0.139,-0.017,0.228,-0.19,-0.194,-0.235,0.045,0.334,-0.386,0.247,0.116,-0.349,-0.463,0.319,-0.057,0.295,0.533,-0.477,-0.032,-0.24,0.443,0.269,0.515,0.003,0.04,-0.453,-0.343,0.545,0.039,0.279,0.249,0.257,0.138,-0.024,0.441,0.382,-0.462,-0.151,0.155,-0.446,0.093,-0.121,0.317,-0.21,0.213,-0.094,0.423,0.25,0.023,-0.116,0.411,0.396,-0.463,-0.137,0.507,0.208,0.465,-0.229,0.424,0.042,0.465,0.317,0.082,-0.023,0.401,-0.13,0.444,-0.413,0.204,-0.08,0.159,0.416,0.446,-0.189,-0.163,-0.222,-0.243,0.167,0.272,-0.472,0.384,0.086,0.321,0.26,-0.386,0.364,0.349,-0.352,0.233,0.209,-0.364,-0.181,0.265,0.342,0.204,0.492,0.256,-0.173,-0.407,0.427,-0.032,-0.04,0.294,-0.444,0.469,-0.279,0.227,0.302,0.347,0.036,0.318,-0.437,-0.378,0.28,0.252,-0.239,0.452,-0.239,0.113,-0.476,0.519,-0.203,0.723,0.491,0.27,0.352,-0.164,0.408,0.358,0.367,0.1,-0.425,0.365,0.415,-0.312,-0.068,0.121,0.125,-0.21,-0.084,-0.063,-0.025,0.391,0.062,0.343,0.207,0.417,-0.178,0.025,-0.208,-0.089,-0.221,-0.054,0.079,0.336,0.339,-0.326,-0.344,0.12,-0.191,0.143,-0.298,0.459,-0.023,-0.419,0.424,0.346,0.347
ARCT,0.306,-0.313,0.56,0.121,0.249,-0.285,-0.448,-0.201,-0.188,-0.192,0.543,-0.26,0.568,0.427,0.24,0.5,0.081,-0.004,0.129,-0.008,0.0,0.105,0.051,-0.566,0.402,-0.373,-0.736,-0.04,-0.612,0.32,0.426,0.118,-0.397,-0.552,-0.199,0.057,0.503,-0.295,0.241,-0.601,0.125,-0.439,-0.605,0.231,0.502,-0.22,0.742,-0.389,-0.292,0.007,-0.58,-0.226,-0.229,0.579,0.213,0.585,0.067,0.095,0.541,0.24,-0.688,0.494,-0.128,-0.379,-0.489,0.163,-0.21,0.409,0.034,-0.503,0.783,0.137,-0.274,0.449,-0.455,-0.187,-0.477,-0.232,0.405,-0.12,-0.138,0.87,0.408,-0.424,0.346,0.041,0.114,-0.367,-0.159,0.295,-0.536,0.769,0.121,-0.369,-0.508,-0.536,-0.264,-0.451,-0.024,0.338,0.033,0.144,0.092,0.094,-0.249,-0.501,0.689,-0.364,-0.161,-0.423,-0.412,-0.149,0.477,0.575,0.433,-0.459,-0.282,-0.512,0.551,-0.362,-0.639,-0.463,0.477,-0.46,-0.521,0.35,0.531,0.031,-0.349,-0.015,-0.214,0.158,-0.003,0.638,0.345,-0.089,-0.168,-0.132,-0.341,-0.564,-0.566,0.688,-0.594,0.34,-0.193,0.035,-0.464,0.082,0.427,0.061,0.473,-0.016,-0.424,0.362,0.318,-0.043,-0.395,0.148,0.101,0.384,0.141,-0.585,0.667,0.251,-0.486,0.187,-0.053,-0.468,-0.629,-0.268,0.036,-0.2,0.269,-0.478,-0.651,-0.032,-0.379,0.146,0.215,0.656,-0.464,0.734,-0.251,-0.423,-0.348,0.596,-0.47,-0.389,0.575,0.593,-0.204,-0.674,-0.414,0.435,-0.011,0.667,0.313,-0.274,-0.456,0.289
ARWR,-0.393,-0.041,0.443,0.015,0.739,0.271,0.404,0.488,-0.232,0.251,0.555,-0.124,-0.249,0.17,0.41,0.533,-0.038,0.087,0.647,0.159,0.105,0.0,0.382,0.569,-0.28,0.525,0.224,0.404,0.366,0.479,0.336,-0.132,0.285,0.268,0.618,0.161,-0.153,0.228,0.552,0.367,0.033,0.44,0.266,-0.07,-0.294,0.397,-0.007,0.362,0.485,-0.325,0.407,0.073,0.442,0.316,0.221,0.235,0.545,-0.015,-0.11,0.482,0.384,0.531,0.567,0.608,0.539,0.125,0.238,0.32,-0.371,0.199,0.377,-0.261,0.158,0.024,0.497,0.154,0.567,0.38,0.423,0.354,0.46,0.151,0.289,0.032,-0.298,0.462,0.455,0.615,0.223,0.144,0.325,0.226,0.433,0.545,0.437,0.269,0.253,0.039,0.551,-0.367,-0.344,0.43,0.719,0.127,0.475,-0.106,0.095,0.022,0.046,0.247,0.523,-0.15,0.239,0.06,0.401,0.403,-0.045,0.468,0.449,0.205,0.397,0.555,0.038,0.35,0.453,0.488,0.095,0.328,0.628,0.327,-0.205,0.524,0.228,0.239,0.211,0.023,0.46,-0.147,0.485,0.509,0.324,0.182,0.474,-0.099,-0.328,0.347,0.369,0.68,0.288,0.284,0.448,-0.162,0.367,0.111,0.274,0.543,0.193,0.181,0.177,0.534,0.302,0.359,0.535,-0.268,0.296,0.462,0.25,0.481,0.44,0.586,0.191,0.218,0.238,0.301,0.147,0.625,0.542,0.497,0.111,-0.134,0.256,0.271,0.205,0.043,0.332,0.18,0.428,0.247,-0.229,-0.231,0.346,0.203,0.324,-0.058,0.571,0.33,-0.089,0.463,0.571,0.271
ASND,-0.733,-0.568,0.724,-0.443,0.132,-0.259,0.548,0.493,-0.807,0.196,0.664,-0.567,-0.588,-0.406,0.723,0.35,-0.718,-0.6,0.489,0.411,0.051,0.382,0.0,0.004,-0.676,0.723,0.358,0.614,0.515,0.613,0.372,-0.519,0.052,-0.132,0.467,-0.315,-0.356,-0.278,0.603,0.652,-0.453,0.668,0.231,-0.561,-0.617,0.582,0.193,0.517,0.704,-0.831,0.232,-0.466,0.808,0.387,0.805,0.184,0.119,-0.742,-0.561,0.808,0.228,0.549,0.32,0.422,0.419,-0.469,0.702,0.642,-0.794,-0.349,0.41,-0.767,0.102,-0.475,0.391,-0.533,0.173,-0.202,0.774,0.23,0.106,-0.12,0.657,0.414,-0.781,-0.284,0.874,0.243,-0.14,-0.47,0.549,0.302,0.864,0.687,0.062,-0.122,0.793,-0.274,0.793,-0.35,-0.12,-0.104,0.44,0.753,0.835,0.098,-0.333,-0.562,-0.524,-0.15,0.614,-0.655,0.344,-0.233,0.773,0.739,-0.657,0.649,0.612,-0.248,0.486,0.358,-0.595,-0.226,0.525,0.691,0.494,0.893,0.596,-0.413,-0.691,0.866,-0.202,0.112,0.449,-0.463,0.87,-0.635,0.699,0.455,0.298,0.407,0.484,-0.603,-0.813,0.442,0.494,0.127,0.732,-0.266,0.228,-0.75,0.478,-0.118,0.703,0.718,0.655,0.395,-0.639,0.554,0.579,0.504,0.44,-0.705,0.502,0.791,-0.546,-0.054,0.372,0.353,-0.237,-0.15,-0.227,-0.038,0.445,0.004,0.591,0.351,0.571,-0.315,0.042,-0.243,-0.482,-0.306,-0.077,-0.083,0.564,0.119,-0.542,-0.595,-0.089,-0.248,0.322,-0.514,0.875,0.415,-0.719,0.361,0.506,0.461
ASTH,-0.173,0.443,-0.267,0.282,0.448,0.604,0.638,0.552,0.243,0.128,-0.162,0.253,-0.365,0.079,0.068,0.17,0.262,0.391,0.251,0.088,-0.566,0.569,0.004,0.0,-0.255,0.419,0.692,0.126,0.625,-0.011,-0.105,0.16,0.698,0.828,0.494,0.437,-0.24,0.66,0.051,0.542,0.177,0.549,0.727,0.093,-0.401,0.5,-0.597,0.605,0.418,-0.105,0.749,0.543,0.345,-0.259,-0.236,-0.184,0.471,0.182,-0.239,-0.01,0.859,0.051,0.677,0.726,0.663,0.28,0.228,-0.188,-0.08,0.703,-0.402,-0.006,0.538,-0.002,0.778,0.533,0.878,0.676,-0.153,0.588,0.531,-0.414,-0.106,0.307,-0.217,0.421,0.097,0.857,0.456,0.231,0.516,-0.325,0.002,0.49,0.879,0.771,0.08,0.634,0.359,-0.436,-0.065,0.242,0.559,-0.114,0.32,0.161,-0.255,0.584,0.489,0.758,0.629,0.276,-0.312,-0.35,-0.134,0.437,0.442,0.597,-0.164,0.622,0.676,0.714,-0.055,0.757,0.723,0.015,-0.413,-0.038,0.674,0.557,0.22,0.061,0.487,-0.346,-0.103,0.35,0.279,0.308,0.449,0.796,0.74,-0.488,0.728,-0.07,0.142,0.375,0.65,0.518,-0.285,0.487,-0.018,0.156,0.496,0.024,-0.152,0.268,0.184,0.116,0.415,0.044,-0.054,0.662,-0.136,-0.186,0.425,0.024,0.523,0.867,0.685,0.598,0.376,0.595,0.232,0.72,0.48,0.741,0.641,0.382,-0.207,-0.435,0.735,-0.094,0.587,0.571,0.559,-0.192,0.633,0.587,-0.397,-0.343,0.606,0.822,0.654,-0.201,0.194,-0.348,-0.018,0.655,0.783,-0.049
ATSG,0.867,0.533,-0.41,0.595,-0.006,0.342,-0.672,-0.457,0.676,-0.401,-0.359,0.539,0.888,0.717,-0.455,0.058,0.731,0.652,-0.424,-0.463,0.402,-0.28,-0.676,-0.255,0.0,-0.896,-0.574,-0.733,-0.773,-0.202,-0.071,0.774,0.01,0.018,-0.565,0.472,0.719,0.355,-0.287,-0.849,0.766,-0.734,-0.303,0.863,0.927,-0.484,0.15,-0.439,-0.801,0.763,-0.367,0.524,-0.784,0.029,-0.647,0.176,0.063,0.782,0.87,-0.524,-0.421,-0.286,-0.343,-0.401,-0.586,0.607,-0.646,-0.508,0.84,0.153,-0.048,0.902,0.099,0.747,-0.484,0.519,-0.326,0.326,-0.594,-0.049,-0.028,0.497,-0.332,-0.511,0.927,0.236,-0.718,-0.364,0.087,0.693,-0.761,0.227,-0.748,-0.746,-0.146,0.077,-0.861,0.303,-0.638,0.76,0.22,0.201,-0.265,-0.608,-0.892,-0.068,0.573,0.468,0.576,-0.022,-0.662,0.744,-0.352,0.24,-0.323,-0.846,0.644,-0.794,-0.42,0.315,-0.756,-0.542,0.821,0.043,-0.537,-0.536,-0.222,-0.799,-0.657,0.502,0.66,-0.762,0.422,0.209,-0.313,0.692,-0.855,0.714,-0.793,-0.61,-0.5,-0.096,-0.73,0.857,0.686,-0.229,-0.518,0.054,-0.494,0.493,0.071,0.841,-0.724,0.517,-0.452,-0.722,-0.623,-0.111,0.637,-0.293,-0.568,-0.644,-0.113,0.884,-0.787,-0.645,0.564,-0.023,-0.676,-0.522,0.519,0.317,0.528,-0.052,-0.639,0.095,-0.636,-0.081,-0.435,0.699,0.003,0.659,0.442,0.393,-0.126,0.363,-0.599,-0.144,0.877,0.899,0.025,0.034,-0.256,0.821,-0.808,-0.055,0.905,-0.488,-0.557,-0.098
AVTX,-0.869,-0.426,0.471,-0.525,0.189,-0.146,0.718,0.54,-0.653,0.436,0.451,-0.491,-0.871,-0.548,0.522,0.153,-0.664,-0.524,0.554,0.374,-0.373,0.525,0.723,0.419,-0.896,0.0,0.621,0.729,0.802,0.391,0.187,-0.676,0.103,0.104,0.68,-0.373,-0.612,-0.179,0.438,0.888,-0.599,0.813,0.407,-0.749,-0.884,0.549,-0.174,0.569,0.856,-0.752,0.546,-0.407,0.822,0.062,0.64,-0.092,0.151,-0.671,-0.806,0.582,0.537,0.419,0.502,0.606,0.695,-0.493,0.636,0.5,-0.818,-0.022,0.119,-0.855,0.034,-0.668,0.592,-0.371,0.489,-0.1,0.594,0.192,0.196,-0.43,0.37,0.475,-0.903,0.008,0.748,0.523,-0.015,-0.523,0.762,-0.112,0.774,0.832,0.286,0.076,0.841,-0.186,0.747,-0.728,-0.294,-0.011,0.483,0.564,0.93,0.102,-0.481,-0.361,-0.434,0.082,0.774,-0.652,0.31,-0.238,0.419,0.907,-0.519,0.869,0.425,-0.111,0.803,0.667,-0.709,0.083,0.672,0.55,0.222,0.792,0.778,-0.318,-0.607,0.789,-0.271,-0.139,0.304,-0.516,0.897,-0.642,0.888,0.724,0.541,0.112,0.817,-0.763,-0.668,0.324,0.601,0.194,0.508,-0.324,0.122,-0.735,0.701,-0.348,0.441,0.789,0.725,0.202,-0.516,0.408,0.516,0.691,0.216,-0.804,0.798,0.74,-0.388,0.229,0.71,0.678,-0.345,-0.157,-0.363,0.172,0.647,0.114,0.739,0.277,0.425,-0.615,0.145,-0.483,-0.307,-0.228,0.25,-0.262,0.665,0.233,-0.852,-0.864,0.026,0.095,0.377,-0.699,0.866,0.15,-0.799,0.52,0.712,0.138
BCPC,-0.442,0.136,-0.189,0.041,-0.055,0.282,0.856,0.716,-0.109,0.22,-0.201,0.042,-0.719,-0.37,0.196,-0.025,-0.154,0.029,0.188,0.186,-0.736,0.224,0.358,0.692,-0.574,0.621,0.0,0.344,0.897,-0.011,-0.286,-0.077,0.645,0.684,0.498,0.197,-0.487,0.429,0.021,0.849,-0.2,0.807,0.892,-0.329,-0.744,0.723,-0.659,0.79,0.681,-0.428,0.834,0.241,0.613,-0.269,0.139,-0.197,0.279,-0.243,-0.675,0.135,0.857,0.004,0.56,0.643,0.743,-0.13,0.629,0.039,-0.343,0.499,-0.504,-0.363,0.585,-0.432,0.831,0.196,0.737,0.297,0.031,0.538,0.274,-0.788,0.046,0.728,-0.593,-0.065,0.4,0.733,0.255,-0.201,0.846,-0.429,0.286,0.683,0.751,0.588,0.544,0.527,0.564,-0.502,0.135,-0.169,0.469,0.387,0.614,0.285,-0.701,0.313,0.156,0.635,0.772,-0.037,-0.293,-0.595,0.033,0.739,0.108,0.848,-0.13,0.362,0.894,0.764,-0.545,0.418,0.889,0.157,-0.246,0.346,0.733,0.107,-0.031,0.251,0.248,-0.602,0.07,0.051,0.61,-0.003,0.63,0.899,0.884,-0.533,0.88,-0.456,-0.124,0.474,0.893,0.201,-0.076,0.142,-0.277,-0.237,0.725,-0.19,-0.001,0.369,0.629,0.298,-0.124,-0.088,0.188,0.926,-0.289,-0.551,0.73,0.295,0.056,0.654,0.735,0.508,0.065,0.432,-0.175,0.601,0.867,0.322,0.793,0.3,0.135,-0.711,0.734,-0.533,0.23,0.439,0.539,-0.544,0.888,0.622,-0.775,-0.705,0.448,0.666,0.81,-0.605,0.408,-0.482,-0.491,0.722,0.813,0.01
BEAM,-0.624,-0.424,0.467,-0.452,0.04,-0.389,0.459,0.462,-0.625,0.555,0.468,-0.35,-0.57,-0.472,0.263,0.163,-0.619,-0.47,0.69,0.526,-0.04,0.404,0.614,0.126,-0.733,0.729,0.344,0.0,0.618,0.196,0.066,-0.611,-0.031,-0.165,0.741,-0.388,-0.436,-0.281,0.162,0.55,-0.569,0.493,0.171,-0.752,-0.741,0.359,0.011,0.2,0.762,-0.561,0.3,-0.573,0.479,0.087,0.757,0.33,0.224,-0.509,-0.686,0.579,0.193,0.511,0.219,0.162,0.566,-0.4,0.505,0.518,-0.709,-0.022,0.394,-0.702,-0.221,-0.561,0.339,-0.297,0.315,-0.319,0.59,-0.059,-0.283,-0.258,0.244,0.283,-0.659,0.004,0.712,0.258,0.129,-0.324,0.597,-0.092,0.694,0.641,0.036,-0.23,0.778,-0.392,0.546,-0.581,-0.143,0.115,0.356,0.604,0.697,0.018,-0.279,-0.385,-0.493,-0.109,0.372,-0.708,0.519,0.228,0.418,0.558,-0.591,0.527,0.521,-0.464,0.479,0.571,-0.442,-0.093,0.408,0.6,0.457,0.699,0.499,-0.3,-0.502,0.723,-0.374,-0.164,0.329,-0.633,0.757,-0.691,0.544,0.458,0.305,0.312,0.488,-0.514,-0.575,0.176,0.409,0.007,0.526,-0.48,0.152,-0.706,0.677,-0.566,0.508,0.59,0.605,0.041,-0.419,0.373,0.847,0.419,0.3,-0.664,0.753,0.689,-0.416,-0.044,0.415,0.616,-0.386,-0.293,-0.534,0.049,0.454,-0.114,0.464,0.061,0.61,-0.291,-0.072,-0.302,-0.284,-0.376,0.385,-0.103,0.447,-0.023,-0.686,-0.724,0.031,-0.173,0.056,-0.583,0.741,0.165,-0.626,0.358,0.394,-0.039
BILI,-0.654,-0.063,0.042,-0.189,0.004,0.042,0.842,0.688,-0.38,0.432,0.028,-0.173,-0.851,-0.548,0.265,-0.019,-0.399,-0.221,0.439,0.318,-0.612,0.366,0.515,0.625,-0.773,0.802,0.897,0.618,0.0,0.054,-0.137,-0.359,0.449,0.476,0.716,-0.01,-0.649,0.212,0.16,0.893,-0.399,0.862,0.752,-0.576,-0.895,0.714,-0.487,0.662,0.788,-0.585,0.761,-0.042,0.686,-0.243,0.332,-0.057,0.282,-0.417,-0.817,0.31,0.779,0.183,0.537,0.562,0.837,-0.308,0.694,0.204,-0.579,0.365,-0.232,-0.582,0.32,-0.597,0.788,-0.024,0.712,0.087,0.27,0.357,0.098,-0.7,0.112,0.618,-0.746,-0.064,0.569,0.678,0.188,-0.317,0.891,-0.385,0.486,0.833,0.613,0.351,0.719,0.222,0.649,-0.656,-0.1,-0.069,0.511,0.503,0.774,0.241,-0.667,0.055,-0.098,0.427,0.773,-0.3,-0.071,-0.463,0.154,0.829,-0.167,0.881,0.115,0.138,0.933,0.839,-0.61,0.354,0.851,0.365,-0.036,0.537,0.799,-0.053,-0.247,0.504,0.011,-0.541,0.21,-0.237,0.783,-0.308,0.781,0.898,0.785,-0.253,0.889,-0.558,-0.367,0.426,0.855,0.227,0.098,-0.07,-0.209,-0.489,0.831,-0.388,0.141,0.508,0.685,0.176,-0.284,0.073,0.469,0.874,-0.103,-0.75,0.878,0.504,-0.135,0.509,0.806,0.655,-0.1,0.196,-0.372,0.504,0.818,0.209,0.825,0.223,0.289,-0.757,0.517,-0.559,0.014,0.16,0.526,-0.556,0.845,0.404,-0.889,-0.864,0.321,0.478,0.625,-0.725,0.628,-0.248,-0.661,0.683,0.796,-0.05
BJRI,-0.352,-0.386,0.685,-0.26,0.388,0.016,0.198,0.256,-0.519,0.002,0.748,-0.376,-0.135,0.096,0.637,0.595,-0.358,-0.256,0.313,0.111,0.32,0.479,0.613,-0.011,-0.202,0.391,-0.011,0.196,0.054,0.0,0.558,-0.202,-0.021,-0.154,0.21,-0.112,0.069,-0.129,0.655,0.288,-0.099,0.34,0.0,-0.088,-0.117,0.252,0.379,0.366,0.34,-0.496,0.047,-0.208,0.506,0.513,0.495,0.127,0.117,-0.387,-0.041,0.575,0.042,0.495,0.274,0.462,0.126,-0.162,0.227,0.498,-0.497,-0.342,0.474,-0.381,0.14,-0.092,0.164,-0.236,0.087,0.07,0.597,0.274,0.372,0.268,0.605,0.017,-0.361,0.043,0.553,0.118,-0.136,-0.094,0.115,0.522,0.58,0.308,0.018,-0.041,0.345,-0.173,0.574,-0.101,-0.086,0.045,0.389,0.287,0.47,-0.055,0.223,-0.381,-0.261,-0.197,0.417,-0.295,0.357,-0.028,0.715,0.4,-0.36,0.288,0.553,-0.012,0.117,0.044,-0.176,-0.133,0.245,0.447,0.448,0.535,0.37,-0.111,-0.522,0.592,-0.034,0.552,0.284,-0.078,0.463,-0.275,0.423,0.129,0.053,0.436,0.164,-0.2,-0.583,0.293,0.155,0.341,0.639,0.055,0.57,-0.311,0.057,0.363,0.556,0.59,0.242,0.385,-0.223,0.619,0.2,0.152,0.561,-0.196,0.001,0.496,-0.208,-0.025,0.077,0.234,-0.052,-0.034,0.257,-0.192,0.018,0.245,0.259,0.478,0.267,0.117,-0.003,0.226,-0.245,-0.185,-0.199,0.396,0.207,0.073,-0.051,-0.072,-0.101,-0.253,0.214,-0.053,0.548,0.576,-0.23,0.103,0.307,0.518
