,AAL,AAON,ACB,ACGL,ACGLO,ACIW,ADBE,ADSK,AEP,AGIO,ALEC,ALNY,ALTR,AMBA,AMCX,AMKR,AMRX,ANSS,APPN,APTO,ARCT,ARWR,ASND,ASTH,ATSG,AVTX,BCPC,BEAM,BILI,BJRI,BLUE,BPOP,BRKL,BWIN,BZUN,CARG,CBRL,CBSH,CBUS,CENTA,CERS,CFFN,CHCO,CHEF,CHRD,CINF,CLLS,CMCO,CMCSA,COLL,COMM,COOP,CPB,CRON,CROX,CRUS,CRWD,CTAS,CYBR,CYTK,DGII,DIOD,DOMO,DPZ,DSGR,DXCM,ERIE,ESTA,EXEL,FAST,FCEL,FCFS,FHB,FITBI,FSV,FTDR,FUTU,GLDD,GLPG,GLPI,GOGO,GOSS,GSAT,GYRE,HALO,HAS,HLIT,HLNE,HSDT,HSIC,HTHT,ICHR,IDYA,IMVT,INDB,INSM,IONS,IOSP,ITRI,JBHT,JBLU,JSM,KLIC,KOD,KURA,LAB,LASR,LIN,LKQ,LNT,MBUU,MCRI,MDGL,MEDP,MGNI,MGPI,MGRC,MKTX,MRNA,MRTN,MSEX,MSFT,MU,NAVI,NBTB,NEO,NEOG,NGNE,NSSC,NTAP,NTES,NTLA,NTRS,NYMTN,OBLG,OCFC,ON,ONC,OPI,OSIS,OSW,PALI,PANW,PCAR,PCRX,PCTY,PEBO,PLAB,PLAY,PLMR,PLSE,PLUS,PRTA,PSEC,PSNL,PTCT,PTON,QNST,QRVO,QTTB,RARE,RBCAA,RGNX,SAIC,SGMO,SINT,SNPS,SPSC,SPTN,SSYS,STNE,TBBK,TCPC,TENB,TGTX,TREE,TRUP,TTWO,TW,TXG,UBSI,UCTT,UFPT,UMBF,UPBD,URBN,VBTX,VCTR,VEON,VNET,VRSK,VSEC,WABC,WTFCM,WVE,WW,WWD,XEL,ZD,ZYME
AAL,0.0,0.408,-0.403,0.622,-0.282,0.139,-0.619,-0.462,0.69,-0.49,-0.385,0.409,0.793,0.649,-0.436,-0.077,0.688,0.616,-0.473,-0.148,0.44,-0.6,-0.668,-0.554,0.861,-0.892,-0.554,-0.595,-0.702,-0.398,-0.186,0.781,-0.068,-0.126,-0.587,0.362,0.719,0.049,-0.524,-0.805,0.612,-0.703,-0.342,0.757,0.818,-0.428,0.184,-0.514,-0.733,0.654,-0.514,0.389,-0.774,0.092,-0.476,0.268,-0.016,0.308,0.785,-0.43,-0.539,-0.272,-0.482,-0.622,-0.642,0.627,-0.457,-0.417,0.755,-0.062,0.008,0.833,-0.005,0.725,-0.496,0.316,-0.485,0.086,-0.548,-0.191,-0.39,0.457,-0.219,-0.365,0.843,-0.173,-0.592,-0.591,0.141,0.529,-0.685,0.194,-0.717,-0.739,-0.334,-0.177,-0.831,0.171,-0.617,0.668,0.487,-0.008,-0.417,-0.414,-0.855,-0.254,0.431,0.335,0.518,-0.112,-0.715,0.567,-0.245,0.216,-0.286,-0.827,0.399,-0.762,-0.363,-0.032,-0.724,-0.537,0.521,-0.216,-0.571,-0.486,-0.088,-0.748,-0.668,0.29,0.591,-0.745,0.346,0.07,-0.239,0.447,-0.785,0.699,-0.792,-0.642,-0.514,-0.054,-0.707,0.714,0.684,-0.127,-0.493,-0.263,-0.393,0.238,-0.111,0.7,-0.493,0.269,-0.076,-0.725,-0.586,-0.068,0.727,-0.295,-0.47,-0.607,-0.242,0.778,-0.668,-0.575,0.402,-0.312,-0.717,-0.57,0.322,0.2,0.368,-0.072,-0.544,-0.251,-0.595,-0.135,-0.209,0.673,-0.142,0.5,0.303,0.195,-0.288,0.287,-0.562,-0.13,0.795,0.806,-0.105,-0.2,-0.372,0.689,-0.792,-0.163,0.832,-0.481,-0.613,-0.025
AAON,0.408,0.0,-0.613,0.439,-0.006,0.702,-0.144,-0.1,0.658,0.113,-0.57,0.746,0.099,0.269,-0.5,-0.18,0.615,0.674,0.119,-0.389,-0.331,-0.015,-0.414,0.319,0.385,-0.298,0.194,-0.29,0.042,-0.284,-0.203,0.624,0.548,0.605,0.11,0.495,0.161,0.747,-0.092,-0.105,0.782,-0.015,0.401,0.57,0.345,0.053,-0.438,-0.059,-0.243,0.593,0.342,0.763,-0.42,-0.369,-0.613,0.199,0.465,0.698,0.278,-0.338,0.344,-0.384,-0.104,-0.011,0.164,0.449,-0.078,-0.751,0.703,0.765,-0.313,0.7,0.339,0.23,0.14,0.77,0.238,0.678,-0.777,0.081,-0.138,-0.171,-0.647,-0.194,0.495,0.354,-0.545,0.092,0.187,0.599,-0.195,-0.203,-0.586,0.023,0.434,0.548,-0.376,0.717,-0.329,0.556,-0.14,0.491,0.086,-0.547,-0.402,0.483,-0.121,0.859,0.826,0.274,-0.101,0.88,-0.796,-0.199,-0.425,-0.181,0.895,-0.116,-0.692,0.706,0.041,0.264,0.563,0.665,0.141,-0.532,-0.578,-0.631,-0.006,0.756,0.868,-0.569,0.497,-0.487,-0.606,0.799,-0.4,0.698,-0.133,0.151,0.003,-0.422,-0.022,0.67,0.748,0.076,0.178,0.37,-0.784,0.549,-0.194,0.823,-0.197,0.046,-0.562,-0.542,0.044,-0.355,0.574,-0.408,-0.251,0.024,-0.357,0.542,-0.04,-0.505,0.778,0.541,0.149,0.131,0.725,0.657,0.187,0.686,0.027,0.174,0.065,-0.09,-0.364,0.061,0.538,0.196,0.743,0.818,0.421,-0.437,0.086,0.029,0.215,0.084,0.273,0.694,0.179,0.404,-0.394,-0.309,0.598,-0.194,0.077,-0.389
ACB,-0.403,-0.613,0.0,-0.308,0.612,-0.21,0.227,0.304,-0.73,0.077,0.938,-0.689,-0.131,0.116,0.772,0.739,-0.425,-0.382,0.471,0.251,0.518,0.536,0.682,-0.049,-0.335,0.439,-0.126,0.43,0.037,0.71,0.622,-0.392,-0.125,-0.318,0.283,-0.165,0.061,-0.283,0.583,0.199,-0.305,0.276,-0.115,-0.277,-0.194,0.271,0.567,0.241,0.425,-0.639,-0.033,-0.437,0.53,0.644,0.744,0.327,0.23,-0.321,-0.059,0.754,-0.076,0.79,0.392,0.343,0.112,-0.175,0.293,0.79,-0.628,-0.444,0.794,-0.563,-0.041,-0.012,0.153,-0.444,0.047,-0.101,0.888,0.232,0.326,0.467,0.759,0.002,-0.436,0.116,0.726,0.2,-0.147,-0.067,0.118,0.679,0.787,0.319,-0.073,-0.297,0.373,-0.471,0.636,-0.238,-0.14,0.18,0.476,0.481,0.539,-0.286,0.363,-0.675,-0.483,-0.248,0.348,-0.609,0.676,0.285,0.823,0.314,-0.639,0.266,0.846,-0.243,0.09,0.098,-0.06,-0.223,0.135,0.75,0.566,0.718,0.367,-0.135,-0.737,0.81,-0.095,0.615,0.548,-0.372,0.565,-0.628,0.384,0.115,0.021,0.713,0.183,-0.311,-0.791,0.361,0.115,0.281,0.863,-0.02,0.691,-0.566,0.094,0.239,0.525,0.685,0.176,0.36,-0.329,0.817,0.383,0.1,0.808,-0.353,0.101,0.688,-0.295,-0.116,0.05,0.292,-0.118,-0.186,0.21,-0.27,-0.061,0.356,0.293,0.506,0.446,0.138,-0.167,0.362,-0.469,-0.475,-0.102,0.566,0.172,-0.027,-0.081,-0.072,-0.134,-0.415,0.079,-0.084,0.718,0.781,-0.327,0.23,0.267,0.451
ACGL,0.622,0.439,-0.308,0.0,0.008,0.52,-0.032,0.145,0.649,-0.571,-0.298,0.412,0.549,0.664,-0.09,0.191,0.778,0.808,-0.274,0.037,0.252,-0.242,-0.313,-0.056,0.574,-0.546,-0.076,-0.404,-0.237,-0.284,-0.298,0.853,0.408,0.427,-0.243,0.653,0.383,0.31,-0.347,-0.412,0.579,-0.333,0.109,0.702,0.437,0.215,-0.225,0.011,-0.286,0.261,-0.155,0.721,-0.259,0.314,-0.372,0.253,0.333,0.259,0.585,-0.039,-0.134,-0.166,0.009,-0.096,-0.318,0.822,0.206,-0.265,0.551,0.203,-0.116,0.641,0.477,0.741,0.121,0.519,0.072,0.505,-0.332,0.402,0.043,0.256,-0.005,0.145,0.498,-0.144,-0.215,0.027,0.383,0.436,-0.173,0.222,-0.448,-0.266,0.186,0.379,-0.543,0.563,-0.137,0.414,0.42,-0.02,0.015,-0.077,-0.461,-0.302,0.031,0.615,0.702,0.551,-0.271,0.545,-0.374,-0.081,-0.117,-0.485,0.511,-0.238,-0.285,0.233,-0.29,-0.105,0.3,-0.014,-0.075,-0.218,-0.293,-0.433,-0.215,0.54,0.514,-0.491,0.836,-0.092,-0.125,0.502,-0.382,0.762,-0.504,-0.054,0.071,-0.347,-0.229,0.452,0.497,0.372,0.002,-0.041,-0.307,0.588,-0.163,0.529,-0.093,0.419,0.024,-0.445,-0.318,0.35,0.759,-0.175,-0.377,-0.071,-0.211,0.377,-0.36,-0.292,0.594,0.207,-0.374,-0.411,0.494,0.643,0.618,0.405,-0.065,0.254,0.001,0.284,-0.02,0.255,0.338,0.429,0.684,0.492,-0.095,-0.085,0.018,0.484,0.462,0.484,0.428,0.144,0.145,0.451,-0.41,-0.372,0.581,0.195,-0.063,0.315
ACGLO,-0.282,-0.006,0.612,0.008,0.0,0.41,0.269,0.338,-0.257,0.131,0.627,-0.343,-0.175,0.298,0.594,0.591,0.109,0.127,0.599,0.007,0.195,0.709,0.363,0.397,-0.198,0.344,0.037,0.193,0.13,0.495,0.48,-0.11,0.277,0.23,0.417,0.182,-0.09,0.207,0.699,0.238,0.13,0.355,0.16,0.088,-0.052,0.405,0.262,0.271,0.317,-0.326,0.223,0.181,0.393,0.43,0.215,0.245,0.526,0.175,0.13,0.619,0.281,0.499,0.499,0.497,0.308,0.133,0.313,0.359,-0.256,0.048,0.506,-0.198,0.16,0.206,0.372,0.016,0.306,0.478,0.45,0.369,0.542,0.417,0.356,-0.152,-0.222,0.424,0.38,0.454,-0.044,0.178,0.054,0.576,0.471,0.462,0.337,0.185,0.047,-0.01,0.486,-0.1,-0.408,0.524,0.605,0.043,0.385,-0.139,0.211,-0.111,0.048,0.123,0.454,-0.051,0.159,0.04,0.486,0.282,-0.02,0.33,0.451,0.308,0.265,0.387,0.273,0.374,0.266,0.502,-0.01,0.312,0.556,0.469,-0.25,0.503,0.289,0.433,0.112,0.121,0.322,-0.198,0.42,0.347,0.159,0.344,0.326,-0.023,-0.382,0.506,0.244,0.631,0.317,0.454,0.528,-0.086,-0.001,0.256,0.112,0.476,0.029,0.086,0.073,0.562,0.096,0.189,0.634,-0.147,0.021,0.322,0.364,0.415,0.349,0.448,0.289,0.263,0.484,0.338,-0.065,0.698,0.496,0.54,0.089,-0.031,0.208,0.462,0.089,0.008,0.162,0.129,0.293,0.125,0.001,-0.071,0.184,0.157,0.232,0.158,0.539,0.595,-0.012,0.273,0.46,0.257
ACIW,0.139,0.702,-0.21,0.52,0.41,0.0,0.208,0.272,0.473,-0.142,-0.17,0.401,0.036,0.474,0.064,0.221,0.549,0.697,0.179,-0.187,-0.279,0.234,-0.05,0.488,0.192,-0.023,0.324,-0.252,0.133,0.131,0.011,0.544,0.698,0.759,0.146,0.513,0.103,0.65,0.18,0.14,0.644,0.191,0.503,0.543,0.185,0.406,-0.42,0.355,0.076,0.198,0.387,0.838,0.071,0.12,-0.327,0.059,0.604,0.444,0.279,0.143,0.458,-0.142,0.277,0.468,0.198,0.521,0.329,-0.366,0.381,0.573,-0.214,0.396,0.611,0.335,0.465,0.67,0.44,0.932,-0.379,0.502,0.438,-0.046,-0.144,0.086,0.151,0.337,-0.126,0.391,0.183,0.376,0.048,0.128,-0.193,0.26,0.599,0.757,-0.232,0.755,0.122,0.344,-0.077,0.404,0.332,-0.292,-0.045,0.222,-0.144,0.686,0.729,0.534,0.253,0.673,-0.592,-0.322,-0.017,0.075,0.717,0.235,-0.395,0.759,0.207,0.373,0.301,0.586,0.36,-0.24,-0.573,-0.224,0.338,0.785,0.485,-0.233,0.741,-0.154,-0.418,0.72,-0.087,0.604,0.085,0.391,0.307,-0.421,0.269,0.313,0.378,0.476,0.354,0.473,-0.359,0.734,0.101,0.579,-0.066,0.374,-0.233,-0.077,0.148,0.133,0.446,-0.001,-0.378,0.288,-0.119,0.289,-0.05,-0.193,0.781,0.69,0.259,0.173,0.684,0.793,0.619,0.77,0.205,0.582,0.443,0.441,-0.161,-0.058,0.667,0.264,0.766,0.768,0.256,-0.295,0.36,0.511,0.129,0.011,0.444,0.658,0.462,0.305,-0.016,-0.156,0.376,0.183,0.434,0.125
ADBE,-0.619,-0.144,0.227,-0.032,0.269,0.208,0.0,0.852,-0.412,0.211,0.199,-0.297,-0.68,-0.365,0.601,0.32,-0.304,-0.115,0.376,0.284,-0.479,0.46,0.643,0.734,-0.738,0.757,0.858,0.513,0.861,0.272,-0.042,-0.273,0.614,0.622,0.551,0.203,-0.565,0.322,0.344,0.863,-0.418,0.823,0.77,-0.494,-0.824,0.87,-0.383,0.901,0.844,-0.748,0.639,0.151,0.872,0.04,0.458,-0.082,0.315,-0.241,-0.673,0.485,0.742,0.331,0.799,0.763,0.664,-0.22,0.889,0.424,-0.621,0.315,-0.221,-0.642,0.604,-0.422,0.891,0.049,0.793,0.284,0.433,0.745,0.482,-0.527,0.394,0.779,-0.815,0.063,0.698,0.832,0.131,-0.246,0.882,-0.058,0.658,0.787,0.753,0.557,0.695,0.387,0.825,-0.646,0.044,-0.152,0.641,0.621,0.849,0.075,-0.548,0.097,-0.01,0.71,0.868,-0.29,0.02,-0.413,0.337,0.819,-0.115,0.925,0.238,0.255,0.847,0.724,-0.498,0.316,0.871,0.5,-0.051,0.694,0.842,0.104,-0.394,0.616,0.274,-0.311,0.347,-0.121,0.841,-0.279,0.736,0.902,0.942,-0.281,0.907,-0.632,-0.473,0.677,0.862,0.316,0.309,0.204,-0.02,-0.516,0.623,-0.073,0.121,0.696,0.597,0.467,-0.349,0.215,0.328,0.931,0.114,-0.774,0.703,0.538,-0.043,0.604,0.679,0.543,0.029,0.392,-0.027,0.506,0.817,0.576,0.899,0.531,0.312,-0.683,0.663,-0.356,0.087,0.249,0.412,-0.425,0.919,0.657,-0.787,-0.737,0.463,0.493,0.814,-0.687,0.707,-0.151,-0.723,0.891,0.907,0.155
ADSK,-0.462,-0.1,0.304,0.145,0.338,0.272,0.852,0.0,-0.37,0.202,0.265,-0.242,-0.471,-0.163,0.567,0.471,-0.101,0.121,0.448,0.293,-0.226,0.526,0.614,0.602,-0.527,0.587,0.731,0.542,0.715,0.36,-0.044,-0.08,0.643,0.548,0.581,0.354,-0.386,0.382,0.321,0.681,-0.254,0.726,0.735,-0.317,-0.643,0.907,-0.268,0.779,0.803,-0.617,0.591,0.199,0.743,0.206,0.481,0.239,0.527,-0.114,-0.493,0.545,0.615,0.435,0.705,0.683,0.632,-0.075,0.896,0.5,-0.485,0.348,-0.024,-0.469,0.638,-0.228,0.829,0.232,0.704,0.349,0.484,0.717,0.419,-0.362,0.412,0.678,-0.612,0.06,0.736,0.816,0.223,-0.066,0.807,0.102,0.641,0.703,0.713,0.468,0.593,0.376,0.84,-0.433,0.161,0.008,0.71,0.654,0.727,0.01,-0.415,0.155,-0.01,0.684,0.734,-0.202,0.091,-0.206,0.492,0.633,-0.068,0.763,0.356,0.178,0.7,0.704,-0.303,0.247,0.8,0.646,-0.001,0.651,0.759,0.274,-0.281,0.593,0.422,-0.217,0.369,-0.015,0.752,-0.211,0.596,0.791,0.843,-0.198,0.766,-0.417,-0.451,0.722,0.848,0.351,0.355,0.345,0.137,-0.399,0.595,0.068,0.161,0.609,0.569,0.546,-0.172,0.241,0.402,0.846,0.268,-0.647,0.59,0.544,0.086,0.589,0.531,0.458,0.151,0.477,0.122,0.48,0.727,0.58,0.836,0.588,0.5,-0.494,0.675,-0.12,0.243,0.289,0.453,-0.257,0.869,0.665,-0.613,-0.532,0.633,0.389,0.79,-0.515,0.717,-0.082,-0.509,0.886,0.792,0.268
AEP,0.69,0.658,-0.73,0.649,-0.257,0.473,-0.412,-0.37,0.0,-0.408,-0.679,0.711,0.517,0.456,-0.617,-0.384,0.739,0.709,-0.466,-0.2,-0.106,-0.455,-0.755,-0.123,0.645,-0.674,-0.208,-0.608,-0.417,-0.581,-0.459,0.684,0.15,0.278,-0.445,0.251,0.301,0.236,-0.522,-0.502,0.596,-0.539,-0.071,0.687,0.589,-0.323,-0.395,-0.359,-0.565,0.754,-0.204,0.621,-0.632,-0.125,-0.717,-0.139,-0.037,0.457,0.57,-0.499,-0.201,-0.657,-0.423,-0.316,-0.4,0.67,-0.291,-0.758,0.847,0.305,-0.439,0.821,0.114,0.522,-0.225,0.544,-0.177,0.363,-0.846,-0.108,-0.158,0.037,-0.559,-0.17,0.69,0.011,-0.774,-0.304,0.23,0.32,-0.426,-0.253,-0.847,-0.497,-0.03,0.331,-0.715,0.473,-0.655,0.502,0.171,0.033,-0.427,-0.654,-0.748,0.046,-0.013,0.706,0.68,0.251,-0.516,0.723,-0.55,-0.051,-0.645,-0.613,0.723,-0.456,-0.775,0.274,-0.399,-0.283,0.354,0.091,-0.337,-0.773,-0.55,-0.845,-0.504,0.396,0.808,-0.893,0.402,-0.249,-0.628,0.54,-0.772,0.835,-0.643,-0.312,-0.236,-0.555,-0.4,0.551,0.886,-0.211,-0.322,-0.216,-0.716,0.262,-0.374,0.799,-0.336,0.093,-0.33,-0.717,-0.403,-0.213,0.7,-0.524,-0.619,-0.329,-0.605,0.705,-0.456,-0.748,0.564,0.064,-0.359,-0.469,0.372,0.346,0.33,0.277,-0.213,-0.185,-0.365,-0.236,-0.403,0.29,0.101,0.126,0.671,0.486,-0.082,-0.186,-0.327,0.146,0.517,0.446,0.176,0.241,-0.181,0.552,-0.775,-0.571,0.714,-0.296,-0.356,-0.101
AGIO,-0.49,0.113,0.077,-0.571,0.131,-0.142,0.211,0.202,-0.408,0.0,0.08,0.001,-0.725,-0.535,-0.088,-0.046,-0.296,-0.257,0.713,-0.369,-0.357,0.609,0.189,0.454,-0.453,0.515,0.419,0.508,0.513,0.209,0.083,-0.48,0.097,0.07,0.608,-0.061,-0.425,0.386,0.493,0.536,-0.213,0.614,0.378,-0.505,-0.407,0.147,-0.032,0.138,0.437,-0.026,0.67,-0.205,0.154,-0.502,0.148,0.23,0.204,0.423,-0.573,-0.09,0.517,0.239,0.249,0.185,0.756,-0.596,0.013,0.093,-0.239,0.491,0.043,-0.311,-0.127,-0.693,0.205,0.147,0.272,-0.1,0.095,-0.116,-0.094,-0.376,-0.334,-0.101,-0.277,0.61,0.109,0.408,-0.365,0.141,0.299,-0.183,0.335,0.559,0.319,0.02,0.558,-0.073,0.201,-0.202,-0.551,0.359,0.476,0.037,0.425,0.555,-0.087,0.034,-0.181,-0.137,0.467,-0.055,0.014,0.149,0.005,0.572,0.08,0.37,0.108,0.256,0.594,0.594,0.206,0.495,0.413,0.265,0.063,0.239,0.46,0.133,-0.049,0.383,-0.383,-0.268,0.004,-0.002,0.367,-0.495,0.654,0.404,0.196,0.145,0.432,-0.027,-0.177,-0.089,0.442,0.558,-0.044,-0.038,0.113,-0.126,0.073,-0.372,-0.56,0.282,0.531,-0.45,-0.355,-0.115,0.585,0.337,0.301,-0.252,0.551,0.232,0.021,0.383,0.624,0.736,0.031,-0.093,-0.544,0.157,0.24,0.072,0.296,-0.187,0.007,-0.339,0.214,-0.134,-0.111,0.053,0.794,-0.322,0.311,-0.419,-0.57,-0.549,0.108,0.401,0.231,-0.386,0.394,0.239,-0.316,0.044,0.294,-0.655
ALEC,-0.385,-0.57,0.938,-0.298,0.627,-0.17,0.199,0.265,-0.679,0.08,0.0,-0.59,-0.097,0.156,0.712,0.73,-0.405,-0.347,0.488,0.259,0.5,0.535,0.669,-0.049,-0.312,0.416,-0.149,0.453,0.027,0.737,0.592,-0.38,-0.095,-0.3,0.314,-0.21,-0.009,-0.293,0.562,0.186,-0.278,0.236,-0.135,-0.25,-0.166,0.213,0.551,0.2,0.403,-0.587,-0.075,-0.415,0.483,0.661,0.727,0.307,0.207,-0.32,-0.018,0.765,-0.088,0.723,0.322,0.309,0.115,-0.162,0.269,0.709,-0.627,-0.4,0.777,-0.514,-0.052,-0.025,0.145,-0.419,0.078,-0.077,0.825,0.206,0.29,0.469,0.666,-0.057,-0.413,0.134,0.689,0.144,-0.084,-0.056,0.095,0.638,0.755,0.329,-0.06,-0.256,0.364,-0.459,0.576,-0.247,-0.152,0.173,0.403,0.405,0.51,-0.251,0.383,-0.636,-0.451,-0.267,0.329,-0.569,0.648,0.316,0.786,0.293,-0.587,0.234,0.803,-0.228,0.065,0.105,-0.065,-0.173,0.134,0.662,0.564,0.672,0.361,-0.112,-0.688,0.768,-0.114,0.675,0.419,-0.329,0.531,-0.602,0.339,0.098,0.02,0.681,0.158,-0.269,-0.749,0.327,0.084,0.268,0.839,-0.047,0.685,-0.518,0.098,0.176,0.526,0.686,0.124,0.27,-0.273,0.823,0.407,0.08,0.76,-0.3,0.045,0.615,-0.251,-0.123,0.047,0.303,-0.107,-0.185,0.226,-0.228,-0.1,0.329,0.258,0.466,0.37,0.195,-0.174,0.356,-0.394,-0.445,-0.095,0.534,0.163,-0.032,-0.065,-0.102,-0.15,-0.391,0.035,-0.081,0.667,0.739,-0.3,0.182,0.259,0.421
ALNY,0.409,0.746,-0.689,0.412,-0.343,0.401,-0.297,-0.242,0.711,0.001,-0.59,0.0,0.247,0.201,-0.703,-0.344,0.482,0.514,-0.099,-0.22,-0.248,-0.204,-0.45,-0.001,0.437,-0.43,0.034,-0.256,-0.118,-0.392,-0.372,0.529,0.271,0.32,-0.112,0.285,0.16,0.413,-0.373,-0.244,0.602,-0.282,0.149,0.465,0.364,-0.217,-0.429,-0.246,-0.326,0.671,0.076,0.496,-0.542,-0.327,-0.548,0.052,0.132,0.523,0.269,-0.377,0.015,-0.547,-0.369,-0.256,-0.064,0.466,-0.237,-0.778,0.707,0.542,-0.38,0.699,0.139,0.173,-0.113,0.629,0.003,0.333,-0.795,-0.119,-0.356,-0.183,-0.684,-0.144,0.56,0.179,-0.621,-0.193,0.234,0.404,-0.258,-0.387,-0.677,-0.194,0.115,0.399,-0.283,0.503,-0.529,0.53,-0.017,0.192,-0.243,-0.494,-0.544,0.474,-0.118,0.733,0.596,0.118,-0.335,0.693,-0.592,0.006,-0.542,-0.331,0.755,-0.298,-0.748,0.389,-0.167,0.017,0.38,0.298,-0.109,-0.7,-0.397,-0.648,-0.314,0.397,0.814,-0.688,0.275,-0.435,-0.593,0.547,-0.509,0.645,-0.402,-0.095,-0.106,-0.457,-0.25,0.584,0.792,-0.206,-0.067,0.021,-0.699,0.194,-0.293,0.721,-0.181,-0.077,-0.425,-0.594,-0.021,-0.329,0.487,-0.503,-0.132,-0.136,-0.522,0.601,-0.136,-0.563,0.49,0.208,-0.12,-0.125,0.461,0.364,0.006,0.384,-0.043,-0.152,-0.207,-0.34,-0.389,0.18,0.239,0.031,0.665,0.589,0.253,-0.328,-0.118,-0.026,0.251,0.138,0.221,0.401,-0.068,0.366,-0.554,-0.493,0.539,-0.323,-0.208,-0.284
ALTR,0.793,0.099,-0.131,0.549,-0.175,0.036,-0.68,-0.471,0.517,-0.725,-0.097,0.247,0.0,0.683,-0.279,0.007,0.479,0.424,-0.516,0.139,0.653,-0.605,-0.452,-0.723,0.81,-0.83,-0.769,-0.498,-0.818,-0.263,-0.038,0.61,-0.267,-0.362,-0.606,0.087,0.691,-0.323,-0.546,-0.906,0.489,-0.86,-0.622,0.702,0.791,-0.48,0.33,-0.615,-0.724,0.472,-0.795,0.126,-0.662,0.401,-0.269,0.187,-0.085,-0.068,0.849,-0.112,-0.784,-0.221,-0.595,-0.616,-0.821,0.648,-0.436,-0.291,0.536,-0.379,0.251,0.68,-0.185,0.809,-0.596,0.029,-0.574,-0.006,-0.279,-0.29,-0.331,0.643,0.01,-0.418,0.732,-0.386,-0.386,-0.701,0.285,0.244,-0.697,0.258,-0.572,-0.79,-0.567,-0.336,-0.787,-0.12,-0.549,0.577,0.428,-0.023,-0.574,-0.332,-0.789,-0.412,0.474,0.02,0.236,-0.277,-0.817,0.261,0.003,0.269,-0.067,-0.902,0.063,-0.809,-0.14,-0.336,-0.898,-0.715,0.272,-0.457,-0.698,-0.36,0.109,-0.555,-0.74,0.032,0.341,-0.565,0.233,0.361,-0.145,0.171,-0.703,0.52,-0.888,-0.76,-0.632,0.157,-0.824,0.552,0.392,-0.209,-0.678,-0.466,-0.127,0.049,-0.003,0.449,-0.335,0.271,0.356,-0.584,-0.682,0.03,0.612,0.01,-0.422,-0.731,-0.151,0.658,-0.765,-0.44,0.155,-0.552,-0.829,-0.742,0.109,-0.027,0.43,-0.28,-0.64,-0.295,-0.669,-0.108,-0.081,0.749,-0.415,0.457,0.156,-0.095,-0.619,0.537,-0.65,-0.076,0.89,0.832,-0.215,-0.542,-0.559,0.731,-0.631,-0.027,0.734,-0.48,-0.679,0.365
AMBA,0.649,0.269,0.116,0.664,0.298,0.474,-0.365,-0.163,0.456,-0.535,0.156,0.201,0.683,0.0,0.045,0.499,0.601,0.671,-0.135,-0.062,0.588,-0.075,-0.218,-0.329,0.691,-0.555,-0.48,-0.406,-0.597,0.109,0.195,0.719,0.124,0.022,-0.317,0.393,0.724,0.107,-0.077,-0.585,0.675,-0.485,-0.229,0.771,0.723,-0.126,0.215,-0.171,-0.38,0.317,-0.348,0.456,-0.361,0.631,-0.164,0.379,0.348,0.291,0.829,0.139,-0.409,0.129,-0.086,-0.108,-0.513,0.763,-0.091,-0.101,0.507,-0.108,0.385,0.602,0.22,0.839,-0.154,0.322,-0.183,0.439,-0.16,0.195,0.078,0.692,0.191,-0.257,0.58,0.084,-0.176,-0.25,0.119,0.58,-0.539,0.612,-0.313,-0.39,-0.117,0.05,-0.64,0.189,-0.181,0.59,0.26,0.292,0.008,-0.237,-0.507,-0.345,0.545,0.209,0.492,0.011,-0.38,0.417,-0.06,0.273,0.218,-0.565,0.307,-0.444,-0.067,0.144,-0.579,-0.287,0.566,-0.177,-0.321,-0.176,-0.027,-0.362,-0.298,0.511,0.31,-0.334,0.608,0.377,-0.105,0.459,-0.446,0.552,-0.532,-0.369,-0.339,0.109,-0.449,0.563,0.355,0.266,-0.317,0.097,0.027,0.502,0.408,0.555,-0.426,0.598,0.167,-0.29,-0.355,0.292,0.718,0.238,-0.423,-0.415,0.148,0.65,-0.59,-0.191,0.566,-0.068,-0.603,-0.333,0.475,0.407,0.791,0.083,-0.44,0.234,-0.196,0.442,0.001,0.699,0.009,0.807,0.395,0.227,-0.282,0.454,-0.288,0.176,0.757,0.699,0.024,-0.158,-0.13,0.743,-0.335,0.19,0.75,-0.215,-0.225,0.387
AMCX,-0.436,-0.5,0.772,-0.09,0.594,0.064,0.601,0.567,-0.617,-0.088,0.712,-0.703,-0.279,0.045,0.0,0.684,-0.29,-0.259,0.298,0.267,0.192,0.451,0.732,0.224,-0.422,0.5,0.238,0.251,0.27,0.653,0.465,-0.245,0.223,0.12,0.201,0.091,-0.105,-0.052,0.593,0.453,-0.306,0.514,0.221,-0.207,-0.359,0.623,0.333,0.662,0.535,-0.819,0.162,-0.06,0.797,0.564,0.62,0.044,0.202,-0.398,-0.164,0.733,0.252,0.624,0.664,0.597,0.208,-0.163,0.599,0.752,-0.637,-0.319,0.34,-0.592,0.391,-0.017,0.472,-0.337,0.277,0.166,0.797,0.644,0.668,0.193,0.849,0.403,-0.614,-0.063,0.77,0.49,-0.085,-0.217,0.398,0.607,0.8,0.481,0.283,0.097,0.392,-0.041,0.829,-0.36,0.058,-0.134,0.571,0.59,0.694,-0.282,0.025,-0.436,-0.254,0.223,0.64,-0.438,0.388,-0.182,0.742,0.523,-0.44,0.55,0.695,0.015,0.365,0.215,-0.298,-0.043,0.433,0.715,0.3,0.768,0.597,-0.042,-0.711,0.766,0.215,0.457,0.568,-0.171,0.671,-0.38,0.549,0.42,0.434,0.331,0.474,-0.491,-0.76,0.665,0.421,0.303,0.744,0.247,0.423,-0.543,0.214,0.376,0.463,0.758,0.245,0.613,-0.358,0.672,0.145,0.461,0.626,-0.537,0.134,0.629,-0.213,0.173,0.252,0.263,-0.013,0.13,0.386,0.017,0.263,0.592,0.577,0.686,0.298,-0.2,0.224,0.137,-0.3,-0.158,-0.104,0.264,0.5,0.396,-0.253,-0.184,0.033,-0.086,0.479,-0.275,0.721,0.491,-0.499,0.557,0.581,0.574
AMKR,-0.077,-0.18,0.739,0.191,0.591,0.221,0.32,0.471,-0.384,-0.046,0.73,-0.344,0.007,0.499,0.684,0.0,-0.034,0.16,0.456,0.171,0.478,0.505,0.579,0.074,-0.069,0.253,0.042,0.307,0.07,0.682,0.452,0.144,0.305,0.07,0.297,0.285,0.255,0.122,0.491,0.145,0.095,0.264,0.183,0.078,-0.015,0.466,0.336,0.429,0.413,-0.489,0.126,0.071,0.42,0.724,0.572,0.556,0.572,-0.021,0.139,0.71,0.05,0.735,0.506,0.436,0.094,0.206,0.499,0.575,-0.3,-0.089,0.65,-0.198,0.416,0.252,0.378,0.032,0.29,0.308,0.586,0.597,0.304,0.444,0.667,0.171,-0.218,0.218,0.62,0.332,0.069,0.331,0.132,0.784,0.549,0.347,0.245,0.094,0.214,0.038,0.647,0.027,0.129,0.295,0.655,0.439,0.37,-0.239,0.355,-0.186,0.028,0.12,0.341,-0.181,0.334,0.231,0.793,0.219,-0.198,0.268,0.56,0.083,0.079,0.252,0.191,-0.082,0.313,0.55,0.354,0.494,0.386,0.333,-0.374,0.554,0.426,0.404,0.414,0.066,0.455,-0.165,0.262,0.259,0.193,0.425,0.234,-0.018,-0.43,0.697,0.323,0.439,0.661,0.389,0.688,-0.172,0.055,0.485,0.389,0.495,0.246,0.553,0.102,0.65,0.23,0.212,0.634,-0.101,0.065,0.593,0.171,0.165,-0.072,0.281,0.291,0.34,0.532,0.128,0.072,0.541,0.438,0.76,0.442,0.278,0.247,0.634,0.015,0.032,0.055,0.415,0.349,0.276,0.043,0.038,0.117,-0.096,0.357,0.09,0.532,0.526,-0.019,0.34,0.411,0.469
AMRX,0.688,0.615,-0.425,0.778,0.109,0.549,-0.304,-0.101,0.739,-0.296,-0.405,0.482,0.479,0.601,-0.29,-0.034,0.0,0.837,-0.175,-0.309,0.172,-0.184,-0.613,-0.073,0.688,-0.658,-0.204,-0.565,-0.398,-0.338,-0.199,0.767,0.281,0.344,-0.296,0.622,0.368,0.408,-0.206,-0.495,0.677,-0.347,0.016,0.772,0.633,-0.038,-0.11,-0.244,-0.494,0.597,-0.101,0.745,-0.522,0.064,-0.638,0.219,0.294,0.58,0.688,-0.317,-0.091,-0.277,-0.12,-0.268,-0.249,0.666,-0.166,-0.41,0.784,0.285,-0.168,0.802,0.254,0.683,-0.106,0.578,-0.169,0.476,-0.537,0.085,0.044,0.317,-0.317,-0.218,0.718,0.064,-0.53,-0.061,0.091,0.513,-0.441,0.192,-0.588,-0.32,0.1,0.244,-0.714,0.47,-0.4,0.585,0.161,0.192,-0.04,-0.402,-0.627,-0.16,0.152,0.624,0.692,0.305,-0.322,0.746,-0.457,0.055,-0.345,-0.56,0.708,-0.417,-0.39,0.375,-0.308,-0.113,0.593,0.214,-0.261,-0.331,-0.489,-0.671,-0.27,0.662,0.701,-0.645,0.656,-0.013,-0.342,0.659,-0.641,0.728,-0.461,-0.209,-0.146,-0.291,-0.325,0.637,0.683,0.137,-0.148,0.127,-0.548,0.628,-0.133,0.768,-0.355,0.362,-0.345,-0.581,-0.435,-0.057,0.754,-0.32,-0.475,-0.256,-0.122,0.592,-0.497,-0.541,0.761,0.249,-0.263,-0.31,0.538,0.513,0.523,0.358,-0.302,0.181,-0.159,0.015,-0.306,0.269,0.233,0.472,0.643,0.476,0.05,-0.138,-0.203,0.132,0.556,0.585,0.297,0.25,-0.023,0.575,-0.563,-0.218,0.745,-0.131,-0.253,-0.037
ANSS,0.616,0.674,-0.382,0.808,0.127,0.697,-0.115,0.121,0.709,-0.257,-0.347,0.514,0.424,0.671,-0.259,0.16,0.837,0.0,-0.069,-0.202,0.08,-0.063,-0.445,0.096,0.59,-0.491,0.002,-0.372,-0.192,-0.214,-0.229,0.822,0.5,0.494,-0.087,0.661,0.366,0.553,-0.195,-0.323,0.689,-0.212,0.236,0.715,0.492,0.136,-0.26,-0.035,-0.237,0.497,0.057,0.798,-0.382,0.15,-0.469,0.329,0.503,0.56,0.549,-0.167,0.034,-0.173,-0.013,-0.031,-0.118,0.732,0.081,-0.401,0.656,0.469,-0.122,0.722,0.445,0.605,0.141,0.749,0.139,0.633,-0.507,0.273,0.017,0.183,-0.255,-0.08,0.571,0.163,-0.348,0.073,0.246,0.62,-0.216,0.147,-0.505,-0.19,0.323,0.412,-0.566,0.627,-0.207,0.501,0.254,0.293,0.107,-0.329,-0.474,-0.075,0.108,0.74,0.78,0.454,-0.196,0.734,-0.469,0.027,-0.167,-0.4,0.716,-0.216,-0.438,0.432,-0.191,0.102,0.531,0.261,0.002,-0.299,-0.435,-0.561,-0.098,0.788,0.688,-0.534,0.761,-0.17,-0.331,0.701,-0.437,0.743,-0.373,-0.02,0.036,-0.386,-0.141,0.604,0.631,0.306,0.068,0.212,-0.459,0.694,-0.026,0.742,-0.191,0.356,-0.251,-0.449,-0.214,0.081,0.823,-0.245,-0.397,-0.055,-0.187,0.527,-0.286,-0.387,0.863,0.377,-0.203,-0.166,0.626,0.695,0.566,0.523,-0.095,0.27,0.036,0.257,-0.114,0.28,0.451,0.485,0.784,0.647,0.187,-0.136,0.033,0.344,0.429,0.401,0.455,0.378,0.196,0.511,-0.411,-0.283,0.701,0.045,-0.019,0.034
APPN,-0.473,0.119,0.471,-0.274,0.599,0.179,0.376,0.448,-0.466,0.713,0.488,-0.099,-0.516,-0.135,0.298,0.456,-0.175,-0.069,0.0,-0.08,-0.046,0.816,0.469,0.516,-0.456,0.596,0.361,0.683,0.511,0.45,0.342,-0.326,0.326,0.219,0.798,0.114,-0.245,0.369,0.635,0.503,-0.028,0.617,0.401,-0.333,-0.373,0.44,0.088,0.289,0.594,-0.273,0.597,-0.058,0.341,-0.001,0.413,0.524,0.678,0.313,-0.332,0.476,0.512,0.579,0.491,0.381,0.715,-0.2,0.334,0.31,-0.347,0.445,0.454,-0.336,0.058,-0.328,0.446,0.173,0.483,0.249,0.376,0.188,0.087,-0.009,0.031,-0.067,-0.349,0.637,0.445,0.569,-0.057,0.275,0.313,0.232,0.574,0.735,0.436,0.131,0.527,-0.031,0.503,-0.162,-0.508,0.631,0.752,0.208,0.551,0.286,0.027,-0.009,-0.038,0.011,0.559,-0.128,0.156,0.232,0.388,0.539,0.005,0.48,0.396,0.299,0.541,0.74,0.276,0.544,0.504,0.519,0.131,0.452,0.684,0.42,-0.165,0.617,-0.001,-0.013,0.12,0.015,0.546,-0.467,0.656,0.564,0.291,0.358,0.528,-0.011,-0.345,0.375,0.537,0.742,0.237,0.208,0.468,-0.179,0.211,-0.172,-0.153,0.501,0.528,-0.169,-0.145,0.385,0.664,0.4,0.599,-0.283,0.519,0.485,0.237,0.519,0.599,0.852,0.242,0.165,-0.132,0.427,0.225,0.476,0.588,0.255,0.219,-0.171,0.318,0.227,0.07,0.076,0.707,-0.095,0.483,-0.139,-0.42,-0.493,0.222,0.339,0.301,-0.195,0.668,0.485,-0.223,0.263,0.54,-0.236
APTO,-0.148,-0.389,0.251,0.037,0.007,-0.187,0.284,0.293,-0.2,-0.369,0.259,-0.22,0.139,-0.062,0.267,0.171,-0.309,-0.202,-0.08,0.0,0.109,-0.114,0.355,-0.058,-0.307,0.19,0.012,0.406,0.146,-0.005,0.053,-0.177,0.071,-0.087,0.066,-0.218,-0.082,-0.377,-0.219,0.074,-0.351,-0.037,-0.052,-0.258,-0.34,0.203,-0.038,0.147,0.314,-0.433,-0.275,-0.278,0.309,0.328,0.494,-0.025,0.006,-0.597,-0.168,0.534,-0.147,0.19,0.084,0.104,-0.11,0.124,0.402,0.31,-0.42,-0.282,0.157,-0.356,0.047,0.054,0.188,-0.295,0.154,-0.114,0.386,0.18,-0.049,-0.011,0.433,0.338,-0.358,-0.338,0.472,0.019,0.68,-0.323,0.302,0.004,0.331,0.065,-0.053,-0.085,0.227,-0.167,0.3,-0.363,0.354,-0.164,-0.078,0.41,0.263,-0.324,-0.147,-0.282,-0.256,0.163,0.018,-0.506,0.385,0.069,0.283,0.01,-0.49,0.17,0.318,-0.48,-0.027,-0.005,-0.475,-0.317,0.098,0.254,0.243,0.421,0.06,-0.269,-0.382,0.296,0.011,0.03,0.272,-0.487,0.336,-0.219,-0.061,0.112,0.243,0.036,0.119,-0.407,-0.357,0.204,0.056,-0.401,0.432,-0.302,0.05,-0.495,0.555,-0.197,0.77,0.336,0.045,0.375,-0.136,0.405,0.24,0.18,-0.02,-0.377,0.199,0.337,-0.381,-0.225,-0.08,-0.105,-0.264,-0.116,-0.01,-0.082,0.254,0.017,0.159,0.172,0.424,-0.044,-0.088,-0.208,-0.082,-0.274,-0.267,0.207,0.178,0.403,-0.135,-0.186,0.046,-0.335,-0.005,-0.189,0.299,-0.116,-0.348,0.366,0.176,0.444
ARCT,0.44,-0.331,0.518,0.252,0.195,-0.279,-0.479,-0.226,-0.106,-0.357,0.5,-0.248,0.653,0.588,0.192,0.478,0.172,0.08,-0.046,0.109,0.0,-0.077,-0.01,-0.661,0.503,-0.462,-0.75,-0.104,-0.661,0.208,0.363,0.238,-0.394,-0.592,-0.286,0.077,0.625,-0.38,-0.02,-0.66,0.182,-0.515,-0.618,0.355,0.557,-0.269,0.726,-0.429,-0.371,0.041,-0.61,-0.232,-0.3,0.609,0.189,0.524,0.052,-0.088,0.639,0.233,-0.715,0.418,-0.201,-0.43,-0.55,0.325,-0.277,0.352,0.076,-0.574,0.771,0.236,-0.264,0.596,-0.48,-0.224,-0.52,-0.237,0.375,-0.137,-0.175,0.883,0.428,-0.413,0.433,-0.146,0.095,-0.422,-0.002,0.3,-0.56,0.701,0.016,-0.463,-0.556,-0.598,-0.392,-0.479,-0.091,0.332,0.198,0.076,-0.076,0.073,-0.35,-0.557,0.73,-0.415,-0.148,-0.442,-0.483,-0.157,0.481,0.543,0.403,-0.56,-0.341,-0.574,0.522,-0.438,-0.676,-0.518,0.365,-0.528,-0.544,0.282,0.553,-0.047,-0.419,-0.049,-0.18,0.062,0.067,0.66,0.331,-0.096,-0.249,-0.045,-0.458,-0.599,-0.575,0.683,-0.621,0.369,-0.155,0.011,-0.496,-0.101,0.417,0.037,0.416,0.014,-0.304,0.379,0.429,-0.107,-0.488,0.195,0.329,0.397,0.059,-0.605,0.523,0.319,-0.551,0.121,-0.05,-0.539,-0.678,-0.364,0.009,-0.201,0.36,-0.484,-0.667,-0.044,-0.433,0.142,0.209,0.724,-0.491,0.731,-0.239,-0.448,-0.435,0.759,-0.498,-0.298,0.653,0.7,-0.232,-0.725,-0.451,0.507,-0.115,0.561,0.428,-0.271,-0.491,0.385
ARWR,-0.6,-0.015,0.536,-0.242,0.709,0.234,0.46,0.526,-0.455,0.609,0.535,-0.204,-0.605,-0.075,0.451,0.505,-0.184,-0.063,0.816,-0.114,-0.077,0.0,0.535,0.621,-0.461,0.642,0.401,0.524,0.498,0.595,0.381,-0.335,0.328,0.282,0.686,0.142,-0.33,0.398,0.773,0.591,-0.075,0.683,0.446,-0.282,-0.39,0.499,0.011,0.454,0.639,-0.355,0.63,0.026,0.542,0.127,0.34,0.316,0.518,0.288,-0.335,0.493,0.553,0.557,0.633,0.643,0.71,-0.193,0.431,0.403,-0.388,0.332,0.359,-0.401,0.208,-0.298,0.538,0.196,0.52,0.322,0.469,0.384,0.441,-0.019,0.191,0.092,-0.425,0.643,0.475,0.71,-0.206,0.18,0.394,0.281,0.615,0.745,0.524,0.295,0.535,0.043,0.623,-0.267,-0.543,0.479,0.817,0.205,0.64,0.232,0.024,-0.019,-0.114,0.172,0.68,-0.119,0.19,0.116,0.422,0.637,0.013,0.59,0.417,0.375,0.619,0.68,0.196,0.449,0.564,0.569,0.084,0.513,0.712,0.378,-0.279,0.669,0.089,0.095,0.186,0.049,0.583,-0.41,0.72,0.606,0.375,0.22,0.591,-0.129,-0.419,0.39,0.549,0.799,0.325,0.321,0.501,-0.206,0.163,0.072,-0.165,0.62,0.516,0.063,-0.169,0.395,0.483,0.499,0.634,-0.344,0.456,0.498,0.21,0.58,0.6,0.73,0.252,0.219,0.084,0.333,0.299,0.622,0.652,0.417,0.218,-0.279,0.379,0.223,0.104,0.1,0.583,-0.081,0.531,0.046,-0.439,-0.447,0.376,0.364,0.454,-0.237,0.741,0.469,-0.286,0.412,0.626,-0.04
ASND,-0.668,-0.414,0.682,-0.313,0.363,-0.05,0.643,0.614,-0.755,0.189,0.669,-0.45,-0.452,-0.218,0.732,0.579,-0.613,-0.445,0.469,0.355,-0.01,0.535,0.0,0.321,-0.625,0.716,0.437,0.597,0.537,0.664,0.382,-0.388,0.287,0.107,0.508,-0.081,-0.268,0.006,0.527,0.633,-0.327,0.632,0.376,-0.446,-0.6,0.61,0.108,0.663,0.72,-0.81,0.339,-0.265,0.816,0.349,0.763,0.159,0.274,-0.445,-0.499,0.77,0.381,0.615,0.544,0.634,0.457,-0.326,0.663,0.606,-0.751,-0.098,0.341,-0.699,0.339,-0.364,0.56,-0.292,0.475,0.079,0.734,0.504,0.357,-0.134,0.635,0.449,-0.745,-0.006,0.865,0.498,0.094,-0.23,0.596,0.277,0.839,0.656,0.348,0.154,0.739,-0.043,0.833,-0.392,-0.026,0.022,0.548,0.687,0.818,0.136,-0.185,-0.386,-0.365,0.123,0.658,-0.525,0.315,-0.148,0.766,0.687,-0.484,0.665,0.599,-0.021,0.499,0.429,-0.411,0.023,0.642,0.67,0.398,0.874,0.657,-0.148,-0.621,0.854,0.022,0.127,0.459,-0.27,0.868,-0.529,0.631,0.566,0.494,0.303,0.579,-0.517,-0.768,0.517,0.578,0.271,0.703,-0.026,0.399,-0.651,0.467,0.038,0.487,0.765,0.594,0.463,-0.535,0.615,0.526,0.59,0.465,-0.635,0.493,0.721,-0.349,0.194,0.399,0.449,-0.024,0.081,-0.016,0.086,0.482,0.424,0.632,0.525,0.465,-0.255,0.274,-0.101,-0.272,-0.081,0.1,0.121,0.642,0.307,-0.51,-0.529,0.092,0.004,0.502,-0.467,0.856,0.366,-0.644,0.535,0.664,0.399
ASTH,-0.554,0.319,-0.049,-0.056,0.397,0.488,0.734,0.602,-0.123,0.454,-0.049,-0.001,-0.723,-0.329,0.224,0.074,-0.073,0.096,0.516,-0.058,-0.661,0.621,0.321,0.0,-0.577,0.674,0.813,0.351,0.827,0.14,0.01,-0.189,0.632,0.789,0.663,0.264,-0.594,0.626,0.408,0.786,-0.061,0.786,0.791,-0.276,-0.619,0.684,-0.556,0.663,0.637,-0.295,0.813,0.384,0.582,-0.305,-0.003,-0.059,0.431,0.205,-0.553,0.181,0.918,0.136,0.689,0.744,0.816,-0.135,0.619,0.001,-0.296,0.676,-0.304,-0.328,0.452,-0.416,0.816,0.398,0.839,0.543,0.048,0.515,0.452,-0.541,-0.088,0.384,-0.517,0.45,0.287,0.854,0.02,0.025,0.657,-0.223,0.32,0.77,0.854,0.709,0.47,0.523,0.528,-0.443,-0.405,0.254,0.654,0.101,0.622,0.365,-0.491,0.433,0.244,0.642,0.77,0.128,-0.307,-0.405,0.001,0.747,0.306,0.807,-0.067,0.621,0.868,0.849,-0.12,0.74,0.808,0.23,-0.347,0.301,0.824,0.44,0.008,0.351,0.266,-0.469,-0.052,0.191,0.554,-0.077,0.744,0.889,0.739,-0.37,0.836,-0.259,-0.126,0.437,0.77,0.62,-0.158,0.392,-0.052,-0.097,0.428,-0.135,-0.321,0.423,0.533,0.023,-0.097,0.007,0.211,0.781,0.033,-0.483,0.665,0.254,0.353,0.868,0.86,0.703,0.301,0.495,-0.036,0.734,0.639,0.643,0.819,0.331,0.024,-0.691,0.724,-0.244,0.38,0.479,0.635,-0.633,0.755,0.387,-0.678,-0.704,0.571,0.813,0.695,-0.477,0.52,-0.127,-0.384,0.627,0.842,-0.222
ATSG,0.861,0.385,-0.335,0.574,-0.198,0.192,-0.738,-0.527,0.645,-0.453,-0.312,0.437,0.81,0.691,-0.422,-0.069,0.688,0.59,-0.456,-0.307,0.503,-0.461,-0.625,-0.577,0.0,-0.904,-0.653,-0.71,-0.802,-0.25,-0.056,0.759,-0.16,-0.19,-0.619,0.314,0.726,0.052,-0.341,-0.849,0.713,-0.729,-0.438,0.86,0.93,-0.489,0.248,-0.56,-0.81,0.715,-0.511,0.389,-0.781,0.146,-0.564,0.212,-0.043,0.381,0.868,-0.422,-0.58,-0.317,-0.536,-0.579,-0.648,0.586,-0.576,-0.464,0.795,-0.112,0.062,0.888,-0.054,0.738,-0.605,0.318,-0.579,0.144,-0.526,-0.236,-0.235,0.549,-0.238,-0.507,0.915,-0.107,-0.649,-0.585,0.007,0.524,-0.787,0.264,-0.73,-0.743,-0.403,-0.163,-0.851,0.121,-0.648,0.789,0.248,0.069,-0.422,-0.521,-0.885,-0.169,0.499,0.297,0.469,-0.24,-0.723,0.627,-0.29,0.196,-0.254,-0.833,0.459,-0.821,-0.363,0.049,-0.772,-0.618,0.589,-0.211,-0.63,-0.501,-0.074,-0.766,-0.716,0.281,0.593,-0.741,0.325,0.236,-0.263,0.547,-0.845,0.696,-0.769,-0.711,-0.646,0.027,-0.801,0.801,0.623,-0.253,-0.582,-0.164,-0.405,0.313,-0.046,0.77,-0.61,0.436,-0.143,-0.739,-0.604,-0.092,0.692,-0.264,-0.534,-0.703,-0.151,0.852,-0.794,-0.586,0.417,-0.286,-0.726,-0.634,0.358,0.161,0.453,-0.167,-0.664,-0.209,-0.667,-0.164,-0.31,0.704,-0.202,0.569,0.298,0.207,-0.337,0.317,-0.65,-0.216,0.882,0.896,-0.14,-0.23,-0.41,0.809,-0.783,-0.016,0.9,-0.6,-0.677,0.044
AVTX,-0.892,-0.298,0.439,-0.546,0.344,-0.023,0.757,0.587,-0.674,0.515,0.416,-0.43,-0.83,-0.555,0.5,0.253,-0.658,-0.491,0.596,0.19,-0.462,0.642,0.716,0.674,-0.904,0.0,0.685,0.718,0.824,0.438,0.193,-0.687,0.236,0.269,0.722,-0.251,-0.636,0.084,0.513,0.89,-0.558,0.807,0.519,-0.769,-0.877,0.562,-0.234,0.657,0.864,-0.706,0.643,-0.298,0.821,-0.051,0.595,-0.088,0.231,-0.274,-0.818,0.504,0.663,0.444,0.648,0.736,0.74,-0.527,0.623,0.475,-0.774,0.207,0.049,-0.856,0.16,-0.707,0.678,-0.194,0.68,0.052,0.548,0.34,0.361,-0.477,0.275,0.462,-0.9,0.29,0.689,0.692,-0.035,-0.366,0.773,-0.112,0.784,0.837,0.49,0.272,0.866,-0.042,0.749,-0.708,-0.363,0.11,0.595,0.498,0.934,0.229,-0.419,-0.231,-0.37,0.232,0.813,-0.54,0.245,-0.182,0.371,0.905,-0.354,0.884,0.376,0.126,0.818,0.724,-0.473,0.3,0.735,0.535,0.102,0.798,0.815,-0.119,-0.56,0.791,-0.208,-0.176,0.264,-0.387,0.894,-0.677,0.871,0.792,0.644,0.032,0.859,-0.701,-0.635,0.347,0.654,0.371,0.438,-0.159,0.229,-0.676,0.55,-0.272,0.099,0.797,0.733,0.158,-0.641,0.359,0.515,0.734,0.272,-0.778,0.809,0.681,-0.26,0.445,0.755,0.754,-0.189,-0.026,-0.316,0.264,0.665,0.368,0.762,0.333,0.349,-0.629,0.314,-0.396,-0.207,-0.069,0.433,-0.273,0.701,0.245,-0.865,-0.881,0.161,0.32,0.501,-0.698,0.867,0.164,-0.813,0.584,0.789,-0.033
BCPC,-0.554,0.194,-0.126,-0.076,0.037,0.324,0.858,0.731,-0.208,0.419,-0.149,0.034,-0.769,-0.48,0.238,0.042,-0.204,0.002,0.361,0.012,-0.75,0.401,0.437,0.813,-0.653,0.685,0.0,0.415,0.918,0.127,-0.197,-0.169,0.686,0.751,0.562,0.247,-0.593,0.57,0.254,0.885,-0.229,0.844,0.912,-0.431,-0.763,0.753,-0.633,0.817,0.742,-0.43,0.835,0.29,0.662,-0.315,0.183,-0.109,0.327,0.022,-0.743,0.148,0.898,0.084,0.642,0.706,0.784,-0.275,0.74,0.094,-0.351,0.617,-0.477,-0.432,0.621,-0.573,0.858,0.306,0.808,0.353,0.062,0.594,0.332,-0.787,-0.003,0.704,-0.65,0.189,0.412,0.804,0.071,-0.128,0.849,-0.352,0.392,0.761,0.842,0.685,0.673,0.593,0.61,-0.449,-0.048,-0.05,0.571,0.4,0.697,0.417,-0.68,0.387,0.147,0.696,0.808,0.012,-0.29,-0.478,0.065,0.81,0.199,0.876,-0.108,0.485,0.91,0.807,-0.368,0.531,0.903,0.224,-0.27,0.443,0.778,0.218,-0.052,0.352,0.231,-0.614,0.068,0.109,0.674,-0.103,0.718,0.915,0.904,-0.518,0.898,-0.439,-0.157,0.499,0.908,0.375,-0.052,0.228,-0.152,-0.239,0.561,-0.171,-0.227,0.44,0.736,0.226,-0.314,-0.098,0.286,0.935,-0.127,-0.587,0.782,0.316,0.109,0.748,0.776,0.604,0.158,0.483,-0.209,0.628,0.878,0.432,0.829,0.316,0.162,-0.739,0.797,-0.482,0.265,0.515,0.626,-0.667,0.897,0.531,-0.83,-0.795,0.506,0.763,0.848,-0.669,0.52,-0.351,-0.586,0.715,0.843,-0.145
BEAM,-0.595,-0.29,0.43,-0.404,0.193,-0.252,0.513,0.542,-0.608,0.508,0.453,-0.256,-0.498,-0.406,0.251,0.307,-0.565,-0.372,0.683,0.406,-0.104,0.524,0.597,0.351,-0.71,0.718,0.415,0.0,0.633,0.264,0.08,-0.565,0.14,-0.003,0.756,-0.245,-0.415,-0.04,0.205,0.553,-0.507,0.507,0.304,-0.735,-0.724,0.384,-0.051,0.303,0.766,-0.513,0.394,-0.469,0.474,0.03,0.738,0.34,0.346,-0.226,-0.657,0.533,0.322,0.549,0.382,0.306,0.588,-0.356,0.497,0.491,-0.659,0.194,0.343,-0.66,-0.051,-0.534,0.451,-0.091,0.517,-0.166,0.546,0.109,-0.161,-0.278,0.186,0.298,-0.63,0.239,0.685,0.445,0.227,-0.135,0.619,-0.1,0.683,0.64,0.252,-0.057,0.772,-0.253,0.57,-0.574,-0.128,0.227,0.463,0.548,0.69,0.099,-0.179,-0.253,-0.435,0.057,0.436,-0.606,0.484,0.303,0.39,0.545,-0.452,0.544,0.491,-0.248,0.505,0.62,-0.262,0.108,0.497,0.586,0.375,0.691,0.547,-0.09,-0.439,0.718,-0.266,-0.18,0.315,-0.506,0.749,-0.701,0.528,0.535,0.436,0.238,0.559,-0.438,-0.525,0.241,0.49,0.182,0.487,-0.314,0.284,-0.634,0.613,-0.487,0.263,0.621,0.598,0.052,-0.389,0.375,0.846,0.488,0.34,-0.615,0.753,0.631,-0.274,0.158,0.445,0.666,-0.214,-0.139,-0.449,0.156,0.487,0.118,0.507,0.151,0.571,-0.263,0.116,-0.201,-0.131,-0.214,0.484,-0.026,0.505,0.054,-0.672,-0.706,0.171,0.04,0.21,-0.57,0.739,0.149,-0.595,0.453,0.501,-0.108
BILI,-0.702,0.042,0.037,-0.237,0.13,0.133,0.861,0.715,-0.417,0.513,0.027,-0.118,-0.818,-0.597,0.27,0.07,-0.398,-0.192,0.511,0.146,-0.661,0.498,0.537,0.827,-0.802,0.824,0.918,0.633,0.0,0.15,-0.1,-0.389,0.539,0.606,0.747,0.1,-0.694,0.415,0.301,0.896,-0.378,0.849,0.798,-0.62,-0.894,0.722,-0.516,0.724,0.811,-0.56,0.781,0.055,0.704,-0.315,0.314,-0.034,0.34,-0.103,-0.841,0.268,0.853,0.231,0.652,0.666,0.845,-0.372,0.724,0.209,-0.554,0.54,-0.272,-0.603,0.407,-0.663,0.841,0.136,0.86,0.207,0.249,0.469,0.221,-0.719,0.045,0.6,-0.763,0.204,0.539,0.792,0.122,-0.188,0.89,-0.354,0.53,0.841,0.763,0.515,0.779,0.349,0.667,-0.623,-0.198,0.041,0.599,0.473,0.803,0.351,-0.628,0.192,-0.034,0.559,0.801,-0.211,-0.105,-0.382,0.14,0.847,-0.025,0.893,0.093,0.316,0.92,0.859,-0.411,0.516,0.878,0.378,-0.114,0.569,0.826,0.116,-0.219,0.54,0.053,-0.553,0.177,-0.13,0.803,-0.345,0.79,0.928,0.851,-0.302,0.909,-0.515,-0.35,0.442,0.86,0.376,0.067,0.06,-0.089,-0.448,0.677,-0.333,-0.106,0.542,0.72,0.131,-0.388,0.048,0.5,0.89,-0.003,-0.748,0.891,0.476,-0.029,0.667,0.828,0.722,0.017,0.298,-0.359,0.561,0.825,0.411,0.836,0.261,0.249,-0.763,0.63,-0.491,0.113,0.289,0.622,-0.611,0.858,0.386,-0.905,-0.9,0.426,0.634,0.701,-0.741,0.666,-0.199,-0.703,0.72,0.845,-0.182
BJRI,-0.398,-0.284,0.71,-0.284,0.495,0.131,0.272,0.36,-0.581,0.209,0.737,-0.392,-0.263,0.109,0.653,0.682,-0.338,-0.214,0.45,-0.005,0.208,0.595,0.664,0.14,-0.25,0.438,0.127,0.264,0.15,0.0,0.595,-0.208,0.137,-0.036,0.289,-0.002,0.012,0.071,0.68,0.387,-0.071,0.468,0.178,-0.108,-0.146,0.339,0.334,0.452,0.432,-0.468,0.237,-0.121,0.537,0.418,0.52,0.208,0.253,-0.119,-0.101,0.579,0.202,0.545,0.428,0.553,0.277,-0.222,0.321,0.516,-0.456,-0.148,0.451,-0.377,0.277,-0.169,0.278,-0.089,0.183,0.187,0.589,0.403,0.447,0.196,0.53,0.068,-0.378,0.245,0.561,0.322,-0.229,0.034,0.176,0.542,0.636,0.433,0.206,0.07,0.43,-0.08,0.628,-0.068,-0.148,0.176,0.514,0.274,0.534,0.103,0.27,-0.342,-0.281,-0.12,0.508,-0.2,0.321,0.077,0.708,0.478,-0.255,0.357,0.53,0.158,0.268,0.211,-0.025,0.047,0.366,0.487,0.388,0.6,0.465,0.048,-0.508,0.647,0.032,0.46,0.288,0.032,0.508,-0.34,0.518,0.255,0.171,0.401,0.299,-0.152,-0.591,0.389,0.322,0.484,0.632,0.205,0.664,-0.258,0.025,0.402,0.23,0.646,0.379,0.351,-0.314,0.584,0.266,0.284,0.627,-0.183,0.102,0.491,-0.107,0.14,0.197,0.368,0.114,0.09,0.312,-0.071,0.119,0.429,0.378,0.526,0.284,0.073,0.171,0.293,-0.185,-0.054,0.058,0.367,0.316,0.076,-0.144,-0.146,0.019,-0.047,0.358,-0.115,0.631,0.62,-0.253,0.166,0.421,0.333
BLUE,-0.186,-0.203,0.622,-0.298,0.48,0.011,-0.042,-0.044,-0.459,0.083,0.592,-0.372,-0.038,0.195,0.465,0.452,-0.199,-0.229,0.342,0.053,0.363,0.381,0.382,0.01,-0.056,0.193,-0.197,0.08,-0.1,0.595,0.0,-0.197,-0.11,-0.163,0.089,0.024,0.297,-0.026,0.491,0.058,0.079,0.174,-0.166,0.041,0.087,0.048,0.462,0.118,0.088,-0.228,-0.023,-0.149,0.22,0.25,0.239,0.221,0.153,-0.092,0.143,0.369,0.039,0.606,0.345,0.214,0.043,-0.09,-0.028,0.359,-0.262,-0.314,0.551,-0.178,-0.059,0.056,-0.009,-0.226,-0.109,0.067,0.446,0.099,0.305,0.485,0.466,-0.287,-0.077,0.269,0.337,0.085,-0.272,0.202,-0.225,0.576,0.388,0.094,-0.088,-0.221,0.067,-0.252,0.274,0.041,-0.311,0.305,0.313,0.058,0.231,-0.072,0.466,-0.408,-0.173,-0.353,0.205,-0.143,0.267,0.234,0.483,0.194,-0.249,0.054,0.486,0.115,-0.007,0.035,0.219,0.112,-0.002,0.36,0.383,0.343,0.258,0.043,-0.39,0.46,-0.028,0.441,0.336,-0.031,0.215,-0.312,0.296,-0.022,-0.156,0.58,-0.005,0.064,-0.372,0.22,-0.055,0.449,0.422,0.197,0.675,-0.116,-0.066,0.356,0.245,0.374,0.072,0.153,-0.096,0.702,0.144,-0.1,0.663,-0.004,-0.062,0.357,0.002,0.004,0.092,0.305,0.172,-0.076,0.22,-0.175,-0.283,0.459,0.108,0.376,0.04,0.191,-0.115,0.436,-0.302,-0.23,-0.113,0.443,-0.074,-0.231,0.135,0.115,-0.204,-0.168,-0.045,0.084,0.369,0.827,-0.009,-0.1,0.147,0.176
