,AAL,AAPL,ABUS,ADBE,ADI,ADMA,AEP,AGNC,AKBA,ALT,AMAT,AMD,AMGN,AMZN,APA,APPS,ARCC,ARDX,ATER,ATOS,AUPH,AVGO,AZN,BCRX,BGC,BIDU,BILI,BKR,BLDP,BLNK,BYND,CAN,CELH,CG,CGC,CHRD,CLNE,CMCSA,COMM,COST,CPB,CPRT,CRON,CRWD,CSCO,CSGP,CSX,CTSH,CZR,DBX,DDOG,DKNG,DLTR,DOCU,DVAX,DXCM,EA,EBAY,ENPH,ERIC,ESPR,ETSY,EXC,EXEL,EXPE,FANG,FAST,FITB,FLEX,FOLD,FOXA,FSLR,FTNT,FUTU,GEN,GERN,GEVO,GILD,GOOG,GOOGL,GPRO,GT,HBAN,HIVE,HON,HST,HUT,IBRX,INTC,IOVA,IQ,IRWD,JBLU,JD,KDP,KHC,LBTYK,LRCX,LYFT,MAR,MARA,MAT,MCHP,MCRB,MDLZ,META,MGNI,MLCO,MNKD,MNST,MOMO,MRNA,MRVL,MSFT,MSTR,MTCH,MU,MVIS,NDAQ,NFLX,NKTR,NNDM,NTES,NTNX,NVAX,NVDA,NWL,NWSA,NXPI,OCGN,OKTA,ON,OPK,PAA,PACB,PAGP,PANW,PARA,PCAR,PDD,PENN,PEP,PLUG,PTEN,PTON,PYPL,QCOM,QUBT,QVCGA,RDFN,REAL,RIOT,ROKU,ROST,RUN,SABR,SAVA,SBUX,SFIX,SGMO,SIRI,SLM,SMCI,SNDL,SONO,STNE,STX,TCOM,TGTX,TIGR,TLRY,TMUS,TRIP,TSCO,TSLA,TTD,TXN,UAL,UNIT,VERU,VKTX,VLY,VOD,VTRS,VXRT,WBA,WBD,WDAY,WDC,WEN,WW,WYNN,XEL,XP,XRAY,XRX,Z,ZION,ZM,ZS
AAL,1.0,0.256,0.677,0.09,0.649,-0.4,-0.442,0.789,0.716,-0.157,0.739,0.622,-0.113,0.094,0.881,0.447,0.832,0.699,-0.394,0.386,0.01,0.736,-0.188,0.702,0.78,-0.18,0.628,0.815,0.739,0.683,0.067,0.736,0.48,0.613,0.706,0.614,0.783,0.804,0.796,0.586,0.501,-0.195,0.685,0.662,0.726,-0.016,0.645,0.711,0.861,0.371,0.006,0.602,0.794,0.23,0.444,-0.432,0.073,0.547,0.687,0.671,0.104,0.503,0.102,-0.552,0.737,0.787,0.658,0.789,0.597,0.599,0.595,0.445,0.637,0.543,-0.577,0.208,0.729,0.25,0.41,0.426,0.206,0.748,0.808,0.725,0.764,0.794,0.612,0.178,0.762,0.078,-0.545,0.511,0.892,0.212,0.622,0.645,0.682,0.691,0.594,0.843,0.667,0.745,0.638,-0.244,0.554,-0.047,0.779,0.73,0.637,0.442,0.052,0.669,0.618,0.17,0.732,0.631,0.777,0.652,0.088,-0.171,0.017,0.716,0.486,0.696,0.615,-0.014,0.769,0.684,0.832,0.29,0.481,0.701,0.492,0.806,0.271,0.746,0.648,0.668,0.036,0.451,0.771,0.614,0.688,0.804,-0.199,0.549,0.412,0.754,0.78,0.393,0.241,0.618,0.678,0.712,0.668,0.92,-0.528,0.746,0.65,-0.477,0.743,0.606,0.404,0.489,0.595,0.718,0.832,0.562,0.532,0.586,0.293,0.565,0.765,0.175,0.718,0.649,0.665,0.954,0.684,0.656,0.641,0.759,0.69,0.54,0.563,0.255,0.744,-0.017,0.834,-0.207,0.84,0.826,-0.485,0.232,0.582,0.797,0.388,0.702,-0.016,0.395
AAPL,0.256,1.0,0.342,0.468,0.768,-0.248,-0.051,0.388,0.237,-0.041,0.461,0.638,0.616,0.535,0.293,0.591,0.43,0.49,-0.176,0.047,-0.413,0.597,0.559,0.421,0.447,0.548,0.048,0.417,0.082,-0.006,-0.154,0.021,0.401,0.591,0.47,-0.03,0.095,0.563,0.307,0.539,0.385,0.368,0.479,0.327,0.481,0.786,0.698,0.556,0.542,0.525,0.037,0.313,0.061,0.328,0.571,0.493,0.045,0.084,0.485,0.654,0.279,0.184,0.689,-0.087,0.598,0.262,0.613,0.367,0.485,0.71,-0.036,-0.087,0.571,0.347,-0.156,0.601,-0.052,0.637,0.827,0.833,0.57,0.412,0.344,0.029,0.639,0.405,-0.028,0.352,0.478,0.369,0.058,0.578,0.436,0.435,0.41,0.044,0.411,0.654,0.602,0.528,0.03,0.078,0.541,0.543,0.745,0.553,0.067,0.476,0.42,0.739,0.557,0.267,0.645,0.755,0.234,0.641,0.432,0.179,0.288,0.239,0.76,0.221,0.176,0.3,0.269,0.535,0.352,0.571,0.459,0.258,0.547,0.655,0.385,0.394,0.65,0.387,0.29,0.197,0.243,0.413,0.533,0.686,0.404,0.231,-0.099,0.26,0.795,0.011,0.323,0.182,0.196,0.064,0.281,0.566,0.19,0.401,0.073,0.603,0.145,0.396,0.507,0.635,0.743,0.446,0.083,0.473,0.595,0.684,0.496,0.137,0.425,0.708,0.456,0.005,0.032,0.504,0.741,0.377,0.186,0.198,0.526,0.4,0.438,0.109,0.089,0.509,0.2,0.57,0.427,0.418,0.299,0.479,0.245,-0.129,0.211,0.529,0.635,0.399,-0.142,0.232
ABUS,0.677,0.342,1.0,-0.037,0.547,-0.247,-0.415,0.648,0.577,-0.178,0.559,0.559,-0.024,-0.036,0.623,0.38,0.659,0.671,-0.498,0.456,-0.076,0.519,0.096,0.758,0.659,-0.006,0.508,0.644,0.573,0.536,-0.317,0.718,0.608,0.563,0.631,0.499,0.711,0.675,0.68,0.483,0.548,-0.272,0.578,0.504,0.699,0.124,0.538,0.657,0.583,0.399,-0.125,0.548,0.536,0.094,0.676,-0.368,0.226,0.337,0.649,0.415,0.177,0.496,-0.042,-0.458,0.59,0.702,0.599,0.554,0.506,0.617,0.442,0.195,0.489,0.57,-0.522,0.441,0.523,0.376,0.356,0.353,0.171,0.551,0.599,0.596,0.667,0.611,0.518,0.552,0.64,0.005,-0.335,0.546,0.645,0.175,0.652,0.369,0.635,0.603,0.53,0.646,0.606,0.533,0.529,-0.144,0.502,-0.18,0.578,0.469,0.663,0.4,0.308,0.942,0.511,0.013,0.783,0.474,0.75,0.539,-0.12,-0.248,-0.054,0.708,0.18,0.504,0.813,-0.188,0.643,0.69,0.648,0.323,0.492,0.576,0.653,0.625,0.467,0.569,0.646,0.595,-0.331,0.595,0.502,0.612,0.651,0.605,-0.314,0.388,0.377,0.597,0.764,0.232,-0.114,0.574,0.524,0.57,0.445,0.739,-0.48,0.598,0.574,-0.405,0.577,0.516,0.419,0.53,0.508,0.584,0.696,0.445,0.502,0.49,0.13,0.593,0.638,0.176,0.572,0.545,0.517,0.723,0.502,0.635,0.654,0.622,0.701,0.486,0.593,0.354,0.664,0.09,0.702,-0.111,0.661,0.589,-0.38,-0.226,0.495,0.642,0.275,0.68,-0.086,0.284
ADBE,0.09,0.468,-0.037,1.0,0.255,0.201,0.123,0.046,0.073,0.541,0.12,0.507,0.261,0.882,0.069,0.558,-0.02,0.31,0.437,0.342,-0.052,0.456,0.176,0.214,-0.023,0.318,0.098,-0.079,0.035,-0.08,0.596,-0.073,-0.112,0.148,0.059,-0.005,-0.081,0.039,0.093,0.489,0.034,0.643,0.133,0.425,0.025,0.479,0.12,0.156,0.171,0.646,0.671,0.163,0.158,0.766,0.314,0.48,0.361,0.398,0.2,0.572,-0.352,0.482,0.3,0.278,0.005,-0.144,0.292,-0.152,-0.013,0.222,-0.135,0.276,0.565,-0.111,0.292,0.079,0.009,0.128,0.581,0.609,0.226,-0.087,-0.132,-0.025,0.044,-0.069,0.117,0.194,0.367,0.739,0.042,-0.066,-0.038,0.682,0.209,0.266,-0.064,0.147,0.06,0.021,-0.017,0.07,0.114,0.152,0.12,0.877,0.109,-0.026,-0.106,0.412,-0.116,0.0,0.283,0.829,0.053,0.391,0.001,0.102,0.707,0.718,0.403,0.008,0.454,0.036,0.29,0.829,0.045,-0.046,0.188,-0.035,0.522,0.181,0.167,-0.082,-0.079,-0.06,-0.016,-0.03,0.207,0.012,0.319,0.114,-0.043,-0.078,0.528,0.424,0.298,0.041,0.039,0.62,0.556,-0.074,0.134,-0.054,0.182,-0.005,0.462,0.099,0.196,0.373,0.131,0.163,0.354,0.19,0.004,0.145,0.163,0.111,0.278,-0.141,0.336,0.12,-0.047,0.543,0.078,0.179,0.49,0.018,0.107,-0.132,0.309,-0.153,-0.075,-0.116,0.067,-0.034,-0.115,0.431,0.011,-0.086,-0.021,-0.02,0.134,0.529,-0.134,-0.0,0.431,-0.226,0.578,0.683
ADI,0.649,0.768,0.547,0.255,1.0,-0.504,-0.25,0.68,0.534,-0.315,0.739,0.693,0.411,0.276,0.663,0.55,0.766,0.722,-0.355,0.047,-0.336,0.786,0.348,0.579,0.746,0.294,0.391,0.724,0.441,0.363,-0.224,0.38,0.529,0.78,0.752,0.283,0.442,0.803,0.596,0.535,0.44,0.049,0.723,0.486,0.698,0.463,0.859,0.735,0.858,0.53,-0.133,0.515,0.422,0.189,0.551,0.043,-0.04,0.252,0.633,0.737,0.286,0.212,0.549,-0.394,0.86,0.557,0.668,0.713,0.711,0.824,0.257,0.133,0.594,0.57,-0.505,0.544,0.341,0.496,0.773,0.782,0.536,0.7,0.705,0.374,0.881,0.742,0.198,0.21,0.65,0.23,-0.176,0.811,0.787,0.339,0.583,0.264,0.645,0.864,0.801,0.855,0.326,0.441,0.786,0.263,0.842,0.262,0.417,0.748,0.659,0.704,0.416,0.465,0.82,0.557,0.444,0.829,0.725,0.436,0.245,-0.069,0.536,0.476,0.374,0.581,0.345,0.301,0.583,0.753,0.751,0.335,0.518,0.871,0.467,0.697,0.677,0.69,0.594,0.463,0.182,0.504,0.761,0.806,0.708,0.61,-0.266,0.369,0.805,0.321,0.596,0.185,0.232,0.348,0.592,0.761,0.437,0.758,-0.209,0.844,0.395,0.064,0.734,0.828,0.747,0.526,0.364,0.738,0.846,0.813,0.542,0.432,0.48,0.848,0.768,-0.082,0.322,0.774,0.885,0.732,0.375,0.484,0.656,0.744,0.736,0.404,0.205,0.621,0.531,0.292,0.712,0.284,0.644,0.793,-0.126,-0.061,0.558,0.836,0.753,0.649,-0.315,0.197
ADMA,-0.4,-0.248,-0.247,0.201,-0.504,1.0,0.338,-0.424,-0.306,0.701,-0.486,-0.22,-0.142,0.216,-0.344,-0.06,-0.51,-0.282,0.36,0.346,0.257,-0.361,-0.177,-0.085,-0.47,-0.042,-0.274,-0.517,-0.219,-0.305,0.396,-0.315,-0.447,-0.576,-0.356,-0.246,-0.251,-0.509,-0.369,-0.044,-0.112,0.184,-0.315,-0.136,-0.491,-0.035,-0.569,-0.482,-0.502,0.059,0.285,-0.439,-0.147,0.291,-0.084,0.169,0.653,0.012,-0.388,-0.362,-0.392,0.191,-0.231,0.614,-0.606,-0.383,-0.251,-0.545,-0.502,-0.481,-0.248,0.017,-0.087,-0.48,0.75,-0.129,-0.196,-0.17,-0.319,-0.328,-0.289,-0.547,-0.506,-0.19,-0.564,-0.563,-0.002,0.197,-0.137,0.21,0.221,-0.453,-0.583,0.01,-0.355,0.042,-0.418,-0.506,-0.618,-0.542,-0.176,-0.203,-0.505,-0.127,-0.514,0.191,-0.222,-0.593,-0.499,-0.337,-0.264,-0.231,-0.387,-0.012,-0.176,-0.406,-0.463,-0.254,0.063,0.51,-0.209,-0.352,-0.13,-0.425,0.033,0.101,-0.276,-0.548,-0.285,-0.346,-0.094,-0.56,-0.008,-0.507,-0.541,-0.502,-0.521,-0.139,-0.106,-0.416,-0.443,-0.415,-0.574,-0.524,0.607,-0.049,-0.49,-0.163,-0.269,0.373,-0.053,-0.301,-0.225,-0.606,-0.184,-0.495,0.294,-0.587,-0.265,0.168,-0.468,-0.605,-0.461,-0.163,-0.358,-0.528,-0.454,-0.603,-0.338,-0.526,-0.088,-0.37,-0.616,0.529,-0.244,-0.386,-0.345,-0.483,-0.329,-0.461,-0.383,-0.571,-0.593,-0.44,-0.021,-0.408,-0.398,-0.055,-0.518,-0.16,-0.42,-0.602,0.227,0.175,-0.44,-0.521,-0.305,-0.537,0.534,0.232
AEP,-0.442,-0.051,-0.415,0.123,-0.25,0.338,1.0,-0.653,-0.582,0.35,-0.562,-0.461,0.503,0.078,-0.598,-0.294,-0.599,-0.346,0.625,-0.291,-0.073,-0.459,0.252,-0.442,-0.45,0.566,-0.581,-0.445,-0.592,-0.569,0.088,-0.543,-0.666,-0.319,-0.431,-0.649,-0.563,-0.486,-0.604,-0.417,-0.471,0.626,-0.425,-0.553,-0.56,0.186,-0.443,-0.387,-0.495,-0.12,0.061,-0.661,-0.359,-0.246,-0.488,0.618,-0.106,-0.445,-0.581,-0.366,-0.253,-0.367,0.223,0.758,-0.355,-0.606,-0.325,-0.299,-0.618,-0.364,-0.599,-0.207,-0.359,-0.585,0.642,-0.071,-0.459,-0.177,-0.123,-0.153,-0.016,-0.564,-0.477,-0.514,-0.386,-0.51,-0.405,-0.388,-0.245,0.326,0.773,-0.508,-0.412,-0.134,-0.508,-0.384,-0.632,-0.451,-0.494,-0.408,-0.524,-0.569,-0.358,0.177,-0.283,0.307,-0.54,-0.474,-0.587,-0.256,0.004,-0.5,-0.505,0.234,-0.563,-0.261,-0.546,-0.481,0.458,0.188,0.133,-0.494,-0.277,-0.607,-0.32,0.28,-0.569,-0.54,-0.54,-0.369,-0.42,-0.371,-0.467,-0.536,-0.188,-0.475,-0.633,-0.613,0.403,-0.594,-0.548,-0.328,-0.577,-0.547,0.135,-0.324,-0.277,-0.411,-0.518,-0.253,0.347,-0.636,-0.583,-0.334,-0.572,-0.527,0.635,-0.505,-0.258,0.618,-0.628,-0.391,-0.408,-0.027,-0.617,-0.534,-0.504,-0.111,-0.571,-0.648,0.16,-0.476,-0.516,0.19,-0.577,-0.551,-0.322,-0.453,-0.643,-0.691,-0.416,-0.509,-0.533,-0.598,-0.653,0.17,-0.5,0.22,-0.518,0.277,-0.483,-0.426,0.749,0.103,-0.118,-0.493,-0.308,-0.428,0.069,-0.242
AGNC,0.789,0.388,0.648,0.046,0.68,-0.424,-0.653,1.0,0.77,-0.297,0.769,0.697,-0.074,0.082,0.906,0.427,0.906,0.761,-0.631,0.298,-0.071,0.773,-0.079,0.75,0.778,-0.219,0.644,0.856,0.704,0.652,-0.12,0.668,0.643,0.619,0.677,0.602,0.724,0.858,0.762,0.622,0.704,-0.39,0.606,0.684,0.832,0.078,0.812,0.79,0.805,0.278,-0.191,0.665,0.592,0.284,0.571,-0.448,0.101,0.549,0.745,0.637,0.305,0.441,0.141,-0.708,0.73,0.85,0.703,0.75,0.757,0.793,0.659,0.29,0.641,0.7,-0.675,0.467,0.6,0.55,0.518,0.502,0.207,0.897,0.879,0.641,0.826,0.822,0.486,0.349,0.629,-0.034,-0.63,0.734,0.797,0.244,0.676,0.632,0.837,0.778,0.775,0.788,0.631,0.69,0.655,-0.058,0.739,-0.051,0.666,0.715,0.729,0.514,0.219,0.643,0.695,0.12,0.687,0.587,0.804,0.681,-0.198,-0.149,0.067,0.624,0.439,0.707,0.502,-0.103,0.788,0.808,0.835,0.404,0.593,0.755,0.764,0.886,0.416,0.849,0.727,0.713,-0.106,0.612,0.793,0.793,0.743,0.818,-0.221,0.51,0.498,0.614,0.767,0.366,-0.136,0.658,0.687,0.728,0.607,0.832,-0.591,0.834,0.452,-0.408,0.901,0.757,0.639,0.272,0.636,0.873,0.873,0.5,0.703,0.647,0.005,0.687,0.835,0.021,0.651,0.69,0.67,0.806,0.701,0.743,0.706,0.891,0.848,0.607,0.615,0.32,0.76,-0.044,0.826,-0.075,0.862,0.735,-0.54,-0.005,0.496,0.866,0.474,0.756,-0.124,0.339
AKBA,0.716,0.237,0.577,0.073,0.534,-0.306,-0.582,0.77,1.0,-0.256,0.831,0.684,-0.33,0.186,0.879,0.48,0.792,0.692,-0.633,0.338,0.14,0.758,-0.243,0.741,0.829,-0.3,0.758,0.731,0.78,0.779,-0.06,0.707,0.51,0.628,0.695,0.657,0.735,0.716,0.771,0.61,0.527,-0.415,0.614,0.705,0.641,-0.022,0.611,0.596,0.721,0.443,-0.044,0.747,0.672,0.352,0.535,-0.439,0.224,0.644,0.745,0.588,0.083,0.526,-0.066,-0.577,0.543,0.735,0.677,0.546,0.694,0.653,0.728,0.569,0.628,0.561,-0.652,0.121,0.758,0.281,0.474,0.435,0.106,0.732,0.692,0.747,0.631,0.705,0.581,0.313,0.661,0.106,-0.649,0.57,0.656,0.166,0.68,0.661,0.658,0.73,0.617,0.646,0.754,0.769,0.646,-0.276,0.489,0.021,0.737,0.569,0.674,0.462,-0.073,0.606,0.651,0.075,0.69,0.68,0.727,0.834,-0.149,-0.077,-0.04,0.703,0.548,0.679,0.523,-0.153,0.784,0.546,0.847,0.384,0.68,0.694,0.606,0.687,0.221,0.71,0.685,0.77,-0.259,0.484,0.757,0.564,0.686,0.775,-0.151,0.674,0.464,0.706,0.837,0.405,-0.088,0.745,0.772,0.54,0.789,0.722,-0.483,0.664,0.509,-0.433,0.768,0.66,0.544,0.268,0.72,0.773,0.768,0.271,0.597,0.598,0.065,0.635,0.585,0.171,0.781,0.682,0.567,0.7,0.685,0.67,0.651,0.619,0.606,0.657,0.604,0.091,0.847,-0.035,0.797,-0.153,0.826,0.629,-0.679,0.07,0.516,0.703,0.385,0.556,-0.037,0.39
ALT,-0.157,-0.041,-0.178,0.541,-0.315,0.701,0.35,-0.297,-0.256,1.0,-0.376,-0.006,-0.022,0.468,-0.24,0.165,-0.386,-0.129,0.561,0.486,0.259,-0.083,-0.096,-0.002,-0.383,0.027,-0.209,-0.413,-0.174,-0.262,0.695,-0.247,-0.406,-0.427,-0.321,-0.165,-0.195,-0.367,-0.264,0.21,-0.017,0.457,-0.225,0.148,-0.339,0.066,-0.422,-0.265,-0.304,0.281,0.528,-0.302,-0.03,0.569,0.023,0.312,0.5,0.178,-0.216,-0.031,-0.46,0.45,-0.153,0.485,-0.433,-0.343,-0.092,-0.432,-0.529,-0.311,-0.265,0.19,0.111,-0.468,0.659,-0.126,-0.116,-0.179,-0.144,-0.118,-0.188,-0.443,-0.429,-0.134,-0.391,-0.452,0.074,0.244,0.053,0.438,0.165,-0.51,-0.392,0.312,-0.156,0.215,-0.375,-0.378,-0.542,-0.372,-0.13,-0.102,-0.406,-0.139,-0.369,0.434,-0.115,-0.489,-0.447,-0.109,-0.308,-0.136,-0.256,0.273,-0.082,-0.25,-0.363,-0.206,0.441,0.747,-0.029,-0.247,0.081,-0.328,0.218,0.415,-0.21,-0.414,-0.171,-0.263,0.11,-0.391,0.079,-0.399,-0.415,-0.442,-0.448,-0.21,0.076,-0.328,-0.176,-0.286,-0.425,-0.428,0.789,0.181,-0.31,-0.089,-0.176,0.56,0.295,-0.263,-0.161,-0.454,-0.104,-0.32,0.355,-0.423,0.012,0.132,-0.3,-0.468,-0.356,0.048,-0.268,-0.357,-0.284,-0.361,-0.274,-0.462,0.044,-0.353,-0.439,0.747,-0.131,-0.333,-0.093,-0.273,-0.185,-0.375,-0.213,-0.441,-0.468,-0.395,0.122,-0.351,-0.382,0.05,-0.364,-0.222,-0.283,-0.429,0.245,0.391,-0.379,-0.432,-0.111,-0.51,0.795,0.606
AMAT,0.739,0.461,0.559,0.12,0.739,-0.486,-0.562,0.769,0.831,-0.376,1.0,0.743,-0.11,0.211,0.843,0.618,0.839,0.68,-0.558,0.233,-0.04,0.857,-0.11,0.719,0.848,-0.116,0.743,0.756,0.685,0.666,-0.117,0.621,0.66,0.748,0.769,0.626,0.672,0.815,0.827,0.612,0.566,-0.224,0.733,0.666,0.813,0.154,0.787,0.781,0.868,0.471,-0.04,0.816,0.618,0.3,0.534,-0.308,0.068,0.592,0.777,0.749,0.233,0.405,0.207,-0.609,0.719,0.734,0.726,0.665,0.841,0.749,0.631,0.399,0.659,0.714,-0.721,0.288,0.638,0.385,0.607,0.604,0.359,0.777,0.713,0.625,0.787,0.777,0.433,0.207,0.699,0.093,-0.629,0.722,0.758,0.349,0.677,0.568,0.748,0.903,0.739,0.791,0.628,0.698,0.785,-0.052,0.689,0.072,0.683,0.74,0.755,0.666,0.151,0.576,0.82,0.267,0.626,0.782,0.828,0.733,0.001,-0.128,0.208,0.643,0.58,0.721,0.439,0.079,0.778,0.711,0.845,0.388,0.649,0.846,0.566,0.745,0.456,0.793,0.749,0.727,-0.089,0.674,0.881,0.715,0.779,0.789,-0.212,0.613,0.711,0.562,0.79,0.361,0.03,0.643,0.794,0.709,0.768,0.803,-0.486,0.787,0.468,-0.306,0.859,0.76,0.673,0.352,0.709,0.807,0.874,0.538,0.72,0.625,0.237,0.793,0.753,-0.001,0.657,0.793,0.717,0.768,0.652,0.714,0.668,0.708,0.731,0.592,0.54,0.233,0.812,0.104,0.861,-0.006,0.788,0.764,-0.574,0.03,0.561,0.822,0.603,0.643,-0.142,0.344
AMD,0.622,0.638,0.559,0.507,0.693,-0.22,-0.461,0.697,0.684,-0.006,0.743,1.0,0.057,0.533,0.685,0.82,0.661,0.702,-0.33,0.385,-0.01,0.891,0.061,0.738,0.671,0.014,0.661,0.642,0.614,0.534,0.136,0.565,0.503,0.643,0.683,0.536,0.542,0.709,0.659,0.793,0.525,0.073,0.708,0.803,0.657,0.441,0.681,0.688,0.721,0.698,0.274,0.673,0.532,0.586,0.692,-0.002,0.342,0.631,0.861,0.812,0.048,0.691,0.266,-0.394,0.564,0.665,0.788,0.45,0.689,0.743,0.42,0.426,0.863,0.624,-0.38,0.27,0.523,0.451,0.722,0.71,0.399,0.583,0.551,0.574,0.685,0.606,0.505,0.439,0.755,0.396,-0.481,0.588,0.576,0.525,0.686,0.557,0.616,0.779,0.62,0.621,0.596,0.593,0.724,0.096,0.602,0.387,0.689,0.531,0.578,0.677,0.132,0.641,0.823,0.523,0.693,0.75,0.683,0.643,0.246,0.174,0.322,0.664,0.6,0.622,0.668,0.358,0.711,0.689,0.833,0.389,0.879,0.701,0.648,0.6,0.353,0.615,0.593,0.68,-0.036,0.532,0.792,0.629,0.577,0.575,0.07,0.689,0.616,0.537,0.733,0.543,0.157,0.571,0.779,0.594,0.687,0.643,-0.278,0.67,0.496,-0.174,0.779,0.66,0.713,0.532,0.634,0.749,0.816,0.461,0.719,0.52,0.385,0.748,0.54,0.322,0.623,0.794,0.848,0.617,0.594,0.526,0.724,0.512,0.558,0.469,0.576,0.156,0.627,0.265,0.68,-0.104,0.635,0.573,-0.349,0.207,0.279,0.676,0.731,0.556,0.192,0.65
AMGN,-0.113,0.616,-0.024,0.261,0.411,-0.142,0.503,-0.074,-0.33,-0.022,-0.11,0.057,1.0,0.164,-0.208,0.124,-0.067,0.14,0.239,-0.362,-0.441,0.028,0.73,-0.023,-0.039,0.777,-0.432,0.042,-0.399,-0.459,-0.279,-0.394,-0.094,0.228,0.007,-0.511,-0.311,0.133,-0.242,-0.065,-0.195,0.581,-0.004,-0.282,-0.009,0.64,0.301,0.17,0.047,0.109,-0.103,-0.248,-0.254,-0.168,0.04,0.688,-0.205,-0.461,-0.046,0.097,0.171,-0.282,0.714,0.388,0.279,-0.133,0.15,0.188,-0.027,0.338,-0.455,-0.371,0.035,-0.077,0.222,0.48,-0.425,0.449,0.454,0.466,0.36,-0.041,0.064,-0.375,0.276,0.01,-0.364,-0.066,0.072,0.345,0.575,0.17,0.099,0.057,-0.089,-0.444,-0.09,0.126,0.236,0.131,-0.384,-0.465,0.115,0.637,0.411,0.39,-0.349,0.118,-0.042,0.263,0.516,-0.159,0.042,0.567,-0.199,0.224,-0.114,-0.336,0.389,0.008,0.558,-0.16,-0.116,-0.176,-0.119,0.4,-0.219,0.167,-0.148,0.019,-0.05,0.192,-0.088,-0.011,0.431,0.044,-0.257,-0.401,0.504,-0.065,-0.015,0.299,-0.088,-0.197,-0.235,-0.24,0.337,-0.318,-0.211,-0.251,0.259,-0.418,-0.319,0.273,-0.346,-0.031,0.495,0.128,-0.087,0.756,-0.045,0.285,0.322,0.344,-0.394,-0.02,0.103,0.537,0.043,-0.279,0.335,0.153,0.104,-0.137,-0.404,-0.047,0.289,-0.01,-0.351,-0.31,0.182,0.068,0.014,-0.321,-0.481,0.633,-0.254,0.456,-0.101,0.503,-0.179,0.128,0.732,-0.099,0.172,0.124,0.184,0.194,-0.29,-0.238
AMZN,0.094,0.535,-0.036,0.882,0.276,0.216,0.078,0.082,0.186,0.468,0.211,0.533,0.164,1.0,0.154,0.581,0.059,0.315,0.238,0.282,0.009,0.495,0.105,0.257,0.099,0.227,0.058,-0.002,0.054,-0.053,0.522,-0.031,-0.048,0.177,0.191,0.051,-0.043,0.12,0.15,0.549,0.14,0.518,0.218,0.408,0.066,0.5,0.187,0.178,0.233,0.641,0.624,0.159,0.171,0.795,0.321,0.511,0.39,0.44,0.271,0.6,-0.216,0.487,0.304,0.166,0.049,-0.098,0.336,-0.12,0.112,0.285,-0.028,0.304,0.642,-0.142,0.214,0.075,0.022,0.147,0.637,0.657,0.231,0.051,-0.075,-0.008,0.096,-0.04,0.111,0.235,0.422,0.733,-0.021,0.029,0.015,0.667,0.18,0.307,-0.02,0.267,0.095,0.087,-0.008,0.12,0.187,0.132,0.16,0.913,0.067,0.054,-0.005,0.504,-0.077,-0.016,0.392,0.833,0.052,0.508,0.057,0.243,0.534,0.756,0.515,0.012,0.422,0.061,0.256,0.739,0.186,-0.02,0.295,-0.143,0.563,0.295,0.224,-0.045,-0.018,-0.029,0.016,0.091,0.152,0.025,0.378,0.126,0.008,-0.071,0.526,0.576,0.378,0.073,0.128,0.648,0.456,-0.067,0.21,-0.039,0.286,0.034,0.344,0.175,0.181,0.37,0.213,0.199,0.418,0.116,-0.031,0.211,0.23,0.102,0.298,-0.158,0.339,0.235,-0.057,0.516,0.06,0.248,0.515,0.044,0.132,-0.082,0.3,-0.117,-0.029,-0.161,0.122,-0.103,-0.042,0.41,0.137,-0.017,0.095,0.038,0.057,0.425,-0.156,0.081,0.467,-0.201,0.526,0.653
APA,0.881,0.293,0.623,0.069,0.663,-0.344,-0.598,0.906,0.879,-0.24,0.843,0.685,-0.208,0.154,1.0,0.443,0.915,0.728,-0.588,0.342,0.017,0.799,-0.243,0.787,0.833,-0.311,0.71,0.854,0.771,0.709,-0.03,0.71,0.59,0.64,0.741,0.694,0.783,0.852,0.82,0.641,0.642,-0.397,0.657,0.744,0.792,-0.016,0.739,0.745,0.857,0.378,-0.089,0.676,0.742,0.338,0.505,-0.489,0.18,0.655,0.731,0.671,0.169,0.508,0.079,-0.672,0.719,0.837,0.679,0.761,0.735,0.691,0.763,0.47,0.657,0.599,-0.638,0.29,0.724,0.364,0.476,0.488,0.135,0.843,0.87,0.726,0.784,0.833,0.575,0.254,0.741,0.042,-0.669,0.662,0.835,0.244,0.659,0.716,0.776,0.783,0.716,0.823,0.697,0.775,0.646,-0.217,0.638,-0.017,0.742,0.745,0.743,0.48,0.079,0.614,0.697,0.142,0.7,0.679,0.804,0.749,-0.121,-0.104,0.012,0.63,0.556,0.706,0.51,-0.097,0.852,0.705,0.915,0.283,0.578,0.786,0.663,0.825,0.3,0.797,0.714,0.756,-0.1,0.545,0.834,0.705,0.77,0.835,-0.154,0.617,0.477,0.707,0.831,0.47,-0.003,0.679,0.768,0.666,0.767,0.883,-0.542,0.813,0.545,-0.444,0.862,0.724,0.55,0.297,0.653,0.805,0.879,0.46,0.609,0.598,0.095,0.668,0.759,0.124,0.711,0.705,0.668,0.87,0.713,0.747,0.644,0.817,0.756,0.596,0.652,0.213,0.798,-0.112,0.865,-0.102,0.887,0.788,-0.619,0.128,0.573,0.87,0.439,0.695,-0.049,0.402
APPS,0.447,0.591,0.38,0.558,0.55,-0.06,-0.294,0.427,0.48,0.165,0.618,0.82,0.124,0.581,0.443,1.0,0.433,0.556,-0.129,0.405,0.036,0.745,0.188,0.627,0.487,0.141,0.445,0.391,0.504,0.409,0.253,0.375,0.338,0.524,0.512,0.376,0.406,0.52,0.484,0.741,0.385,0.328,0.591,0.638,0.415,0.531,0.529,0.545,0.548,0.761,0.391,0.568,0.447,0.618,0.593,0.216,0.368,0.496,0.73,0.688,-0.112,0.677,0.282,-0.127,0.357,0.444,0.696,0.226,0.512,0.583,0.19,0.345,0.812,0.412,-0.18,0.213,0.415,0.329,0.613,0.612,0.366,0.36,0.269,0.483,0.496,0.346,0.466,0.443,0.62,0.521,-0.281,0.358,0.363,0.541,0.592,0.441,0.421,0.627,0.352,0.414,0.527,0.482,0.585,0.248,0.436,0.489,0.497,0.335,0.35,0.658,0.04,0.476,0.653,0.606,0.582,0.66,0.507,0.52,0.441,0.348,0.378,0.528,0.601,0.53,0.576,0.476,0.564,0.468,0.609,0.326,0.785,0.514,0.475,0.397,0.237,0.448,0.385,0.501,0.091,0.424,0.681,0.438,0.384,0.332,0.235,0.639,0.591,0.391,0.568,0.568,0.263,0.465,0.586,0.414,0.59,0.442,-0.12,0.415,0.413,0.026,0.552,0.467,0.592,0.546,0.447,0.549,0.629,0.342,0.689,0.311,0.472,0.598,0.314,0.446,0.53,0.605,0.76,0.404,0.48,0.36,0.676,0.236,0.267,0.292,0.44,0.084,0.45,0.304,0.482,-0.117,0.434,0.359,-0.161,0.246,0.12,0.436,0.667,0.334,0.301,0.64
ARCC,0.832,0.43,0.659,-0.02,0.766,-0.51,-0.599,0.906,0.792,-0.386,0.839,0.661,-0.067,0.059,0.915,0.433,1.0,0.736,-0.651,0.255,-0.155,0.754,-0.028,0.747,0.895,-0.162,0.635,0.896,0.744,0.678,-0.226,0.711,0.663,0.703,0.724,0.57,0.752,0.913,0.811,0.594,0.678,-0.356,0.655,0.655,0.822,0.091,0.851,0.774,0.886,0.343,-0.222,0.677,0.662,0.196,0.509,-0.417,0.026,0.466,0.726,0.623,0.309,0.359,0.161,-0.723,0.785,0.836,0.681,0.769,0.763,0.764,0.608,0.243,0.613,0.693,-0.712,0.406,0.648,0.475,0.504,0.507,0.269,0.887,0.857,0.683,0.869,0.861,0.495,0.268,0.644,-0.076,-0.601,0.743,0.858,0.182,0.673,0.564,0.852,0.822,0.76,0.853,0.632,0.746,0.677,-0.043,0.769,-0.081,0.676,0.799,0.741,0.524,0.212,0.64,0.71,0.145,0.708,0.672,0.888,0.687,-0.144,-0.221,0.136,0.638,0.461,0.772,0.43,-0.104,0.848,0.804,0.869,0.41,0.554,0.829,0.636,0.905,0.444,0.848,0.772,0.734,-0.067,0.582,0.782,0.785,0.808,0.877,-0.316,0.499,0.61,0.638,0.805,0.269,-0.065,0.659,0.702,0.768,0.616,0.908,-0.612,0.858,0.456,-0.395,0.876,0.803,0.633,0.324,0.643,0.862,0.902,0.566,0.606,0.699,0.107,0.751,0.821,-0.048,0.657,0.718,0.699,0.868,0.661,0.746,0.663,0.863,0.837,0.643,0.535,0.341,0.799,0.002,0.889,-0.032,0.876,0.81,-0.477,-0.103,0.555,0.889,0.487,0.761,-0.257,0.264
ARDX,0.699,0.49,0.671,0.31,0.722,-0.282,-0.346,0.761,0.692,-0.129,0.68,0.702,0.14,0.315,0.728,0.556,0.736,1.0,-0.354,0.362,-0.073,0.752,0.175,0.756,0.726,0.028,0.527,0.658,0.649,0.574,-0.075,0.567,0.455,0.614,0.671,0.48,0.69,0.701,0.688,0.523,0.412,-0.094,0.603,0.572,0.614,0.284,0.726,0.722,0.725,0.535,0.061,0.536,0.69,0.33,0.585,-0.16,0.244,0.39,0.655,0.658,0.066,0.471,0.196,-0.376,0.609,0.598,0.722,0.581,0.523,0.808,0.388,0.3,0.694,0.47,-0.516,0.405,0.631,0.442,0.67,0.624,0.203,0.712,0.666,0.615,0.689,0.589,0.515,0.377,0.744,0.342,-0.345,0.588,0.64,0.277,0.598,0.534,0.54,0.693,0.6,0.657,0.569,0.558,0.655,-0.09,0.609,0.243,0.608,0.541,0.59,0.535,0.13,0.612,0.64,0.378,0.667,0.748,0.643,0.698,0.144,0.006,0.163,0.617,0.52,0.626,0.622,0.097,0.661,0.617,0.715,0.301,0.614,0.704,0.663,0.693,0.399,0.645,0.519,0.529,-0.044,0.45,0.668,0.639,0.623,0.639,-0.126,0.592,0.544,0.64,0.715,0.439,0.181,0.484,0.6,0.563,0.548,0.681,-0.283,0.639,0.608,-0.128,0.712,0.656,0.596,0.496,0.482,0.782,0.793,0.491,0.567,0.432,0.265,0.622,0.685,0.222,0.553,0.632,0.745,0.676,0.432,0.528,0.717,0.672,0.661,0.402,0.433,0.404,0.615,0.171,0.705,-0.063,0.78,0.596,-0.322,0.063,0.528,0.669,0.509,0.554,-0.02,0.397
ATER,-0.394,-0.176,-0.498,0.437,-0.355,0.36,0.625,-0.631,-0.633,0.561,-0.558,-0.33,0.239,0.238,-0.588,-0.129,-0.651,-0.354,1.0,-0.022,0.063,-0.37,0.065,-0.507,-0.674,0.253,-0.413,-0.623,-0.516,-0.544,0.542,-0.527,-0.604,-0.428,-0.519,-0.374,-0.556,-0.635,-0.539,-0.326,-0.577,0.694,-0.406,-0.291,-0.579,0.045,-0.522,-0.464,-0.469,0.044,0.496,-0.56,-0.303,0.09,-0.357,0.457,0.016,-0.166,-0.519,-0.17,-0.494,-0.085,0.102,0.659,-0.49,-0.645,-0.466,-0.425,-0.665,-0.497,-0.507,-0.04,-0.266,-0.585,0.666,-0.351,-0.406,-0.421,-0.244,-0.194,-0.105,-0.659,-0.58,-0.505,-0.523,-0.547,-0.341,-0.306,-0.2,0.434,0.505,-0.636,-0.493,0.136,-0.452,-0.276,-0.634,-0.581,-0.607,-0.535,-0.519,-0.405,-0.521,0.026,-0.518,0.358,-0.396,-0.494,-0.652,-0.299,-0.245,-0.488,-0.441,0.267,-0.529,-0.308,-0.586,-0.528,0.659,0.43,0.035,-0.509,-0.092,-0.591,-0.221,0.496,-0.571,-0.57,-0.554,-0.346,-0.346,-0.534,-0.47,-0.629,-0.406,-0.663,-0.574,-0.599,0.39,-0.53,-0.437,-0.542,-0.561,-0.586,0.499,-0.277,-0.349,-0.414,-0.585,0.014,0.64,-0.608,-0.46,-0.531,-0.372,-0.565,0.621,-0.563,-0.121,0.398,-0.607,-0.552,-0.48,-0.031,-0.5,-0.631,-0.513,-0.219,-0.473,-0.615,0.215,-0.597,-0.485,0.308,-0.476,-0.472,-0.284,-0.476,-0.48,-0.638,-0.434,-0.583,-0.569,-0.551,-0.416,-0.141,-0.688,-0.014,-0.563,-0.064,-0.592,-0.472,0.489,0.484,-0.279,-0.563,-0.157,-0.593,0.456,0.107
ATOS,0.386,0.047,0.456,0.342,0.047,0.346,-0.291,0.298,0.338,0.486,0.233,0.385,-0.362,0.282,0.342,0.405,0.255,0.362,-0.022,1.0,0.307,0.326,-0.295,0.566,0.224,-0.197,0.379,0.12,0.491,0.36,0.38,0.379,0.19,0.076,0.217,0.346,0.481,0.216,0.451,0.528,0.421,-0.016,0.249,0.531,0.293,-0.039,0.078,0.207,0.187,0.476,0.335,0.349,0.533,0.517,0.458,-0.268,0.488,0.571,0.329,0.322,-0.211,0.71,-0.316,-0.161,-0.021,0.251,0.368,-0.012,0.065,0.117,0.278,0.4,0.522,0.128,-0.04,0.032,0.456,0.044,0.088,0.091,-0.017,0.109,0.094,0.471,0.069,0.104,0.564,0.593,0.423,0.175,-0.355,-0.062,0.1,0.319,0.37,0.587,0.266,0.116,-0.082,0.121,0.451,0.514,0.055,-0.348,0.054,0.127,0.45,0.002,0.063,0.124,-0.164,0.537,0.183,0.079,0.599,0.079,0.31,0.358,0.078,0.329,-0.213,0.38,0.239,0.296,0.704,0.06,0.45,0.124,0.386,0.073,0.463,0.045,0.527,0.19,-0.157,0.08,0.223,0.4,-0.253,0.236,0.235,0.142,0.164,0.218,0.332,0.474,-0.02,0.502,0.426,0.653,0.064,0.363,0.337,-0.021,0.375,0.272,-0.28,0.072,0.387,-0.368,0.227,-0.013,0.017,0.234,0.341,0.175,0.276,-0.183,0.256,0.147,0.047,0.156,0.104,0.661,0.472,0.156,0.257,0.299,0.375,0.241,0.231,0.062,0.115,0.208,0.594,-0.204,0.29,0.061,0.289,-0.433,0.294,0.04,-0.302,0.244,-0.02,0.105,0.033,0.036,0.532,0.637
AUPH,0.01,-0.413,-0.076,-0.052,-0.336,0.257,-0.073,-0.071,0.14,0.259,-0.04,-0.01,-0.441,0.009,0.017,0.036,-0.155,-0.073,0.063,0.307,1.0,-0.006,-0.562,0.037,-0.096,-0.438,0.137,-0.16,0.148,0.147,0.318,0.091,-0.226,-0.271,-0.034,0.315,0.07,-0.196,-0.0,-0.073,-0.17,-0.193,-0.073,0.058,-0.146,-0.348,-0.316,-0.259,-0.167,0.073,0.311,-0.043,0.146,0.129,-0.035,-0.274,0.262,0.266,0.012,-0.123,0.119,0.329,-0.576,-0.043,-0.299,-0.048,-0.178,-0.203,-0.166,-0.236,0.214,0.493,0.106,-0.227,0.021,-0.437,0.212,-0.384,-0.314,-0.308,-0.352,-0.089,-0.1,0.149,-0.284,-0.137,0.214,0.082,0.096,0.063,-0.235,-0.323,-0.14,-0.082,-0.136,0.218,-0.17,-0.148,-0.316,-0.22,0.169,0.19,-0.148,-0.524,-0.378,-0.128,0.142,-0.214,-0.183,-0.183,-0.375,0.069,-0.13,-0.286,0.132,-0.136,-0.145,0.181,-0.12,0.095,-0.339,0.052,0.064,-0.08,0.195,-0.258,0.038,-0.268,-0.003,-0.152,0.029,-0.267,0.097,-0.209,-0.197,-0.219,-0.13,0.125,-0.306,-0.221,-0.069,-0.372,-0.142,-0.13,0.337,0.396,-0.405,0.153,0.052,0.231,-0.029,0.089,0.125,-0.33,0.186,-0.116,-0.133,-0.24,0.218,-0.268,-0.04,-0.324,-0.339,0.023,0.069,-0.106,-0.116,-0.382,-0.169,-0.108,-0.061,-0.267,-0.225,0.347,0.139,-0.128,-0.191,-0.071,-0.018,-0.016,-0.157,-0.185,-0.205,-0.056,0.237,-0.477,0.05,-0.334,-0.022,-0.408,0.012,-0.166,-0.353,0.312,-0.08,-0.193,-0.253,-0.202,0.427,0.262
AVGO,0.736,0.597,0.519,0.456,0.786,-0.361,-0.459,0.773,0.758,-0.083,0.857,0.891,0.028,0.495,0.799,0.745,0.754,0.752,-0.37,0.326,-0.006,1.0,-0.029,0.733,0.772,0.001,0.684,0.703,0.621,0.556,0.167,0.559,0.528,0.732,0.738,0.573,0.547,0.762,0.71,0.794,0.565,-0.017,0.737,0.794,0.721,0.305,0.754,0.753,0.854,0.666,0.173,0.725,0.574,0.568,0.659,-0.106,0.192,0.669,0.825,0.9,0.133,0.6,0.317,-0.496,0.698,0.645,0.785,0.596,0.719,0.797,0.517,0.485,0.831,0.608,-0.511,0.325,0.543,0.413,0.747,0.747,0.422,0.718,0.659,0.559,0.767,0.685,0.458,0.337,0.757,0.345,-0.523,0.651,0.71,0.527,0.709,0.665,0.654,0.88,0.707,0.769,0.558,0.645,0.81,0.013,0.683,0.372,0.677,0.653,0.672,0.752,0.137,0.564,0.86,0.534,0.615,0.838,0.726,0.646,0.261,0.178,0.336,0.643,0.631,0.645,0.56,0.348,0.729,0.693,0.875,0.356,0.772,0.801,0.631,0.67,0.421,0.734,0.662,0.664,0.013,0.554,0.918,0.717,0.676,0.659,0.042,0.715,0.732,0.506,0.768,0.577,0.205,0.571,0.787,0.651,0.739,0.746,-0.334,0.787,0.533,-0.167,0.861,0.753,0.699,0.44,0.629,0.82,0.855,0.559,0.721,0.525,0.353,0.783,0.689,0.227,0.61,0.802,0.885,0.734,0.633,0.604,0.734,0.672,0.683,0.524,0.555,0.246,0.687,0.251,0.739,-0.03,0.716,0.709,-0.464,0.257,0.423,0.765,0.738,0.553,0.118,0.599
AZN,-0.188,0.559,0.096,0.176,0.348,-0.177,0.252,-0.079,-0.243,-0.096,-0.11,0.061,0.73,0.105,-0.243,0.188,-0.028,0.175,0.065,-0.295,-0.562,-0.029,1.0,-0.016,0.036,0.649,-0.309,-0.016,-0.213,-0.201,-0.407,-0.205,0.043,0.267,-0.057,-0.397,-0.152,0.077,-0.141,-0.03,-0.093,0.375,-0.027,-0.174,-0.061,0.603,0.259,0.122,0.009,0.118,-0.179,-0.132,-0.238,-0.097,0.103,0.561,-0.134,-0.502,0.026,0.005,0.038,-0.218,0.486,0.266,0.199,-0.072,0.163,0.012,-0.013,0.328,-0.535,-0.526,-0.054,0.07,0.101,0.431,-0.255,0.391,0.396,0.372,0.288,-0.061,-0.071,-0.16,0.184,-0.054,-0.218,0.111,-0.079,0.222,0.514,0.204,0.005,0.064,0.057,-0.466,-0.056,0.086,0.191,0.054,-0.196,-0.373,0.14,0.682,0.319,0.295,-0.24,0.018,0.031,0.263,0.464,-0.053,0.055,0.416,-0.107,0.209,-0.023,-0.185,0.268,0.053,0.45,-0.069,-0.006,0.05,-0.086,0.262,-0.213,0.175,-0.127,0.152,0.108,0.148,-0.034,0.066,0.393,0.048,-0.115,-0.294,0.256,0.083,-0.037,0.237,0.021,-0.108,-0.224,-0.222,0.413,-0.21,-0.068,-0.295,0.032,-0.204,-0.207,0.219,-0.323,-0.034,0.338,0.046,-0.111,0.553,-0.051,0.243,0.387,0.212,-0.226,0.04,0.052,0.403,0.091,0.007,0.204,0.204,0.048,-0.177,-0.262,0.013,0.256,-0.099,-0.281,-0.172,0.202,0.004,0.002,-0.147,-0.383,0.509,-0.161,0.383,-0.085,0.374,-0.086,0.022,0.616,-0.393,0.022,0.028,0.269,0.135,-0.355,-0.216
BCRX,0.702,0.421,0.758,0.214,0.579,-0.085,-0.442,0.75,0.741,-0.002,0.719,0.738,-0.023,0.257,0.787,0.627,0.747,0.756,-0.507,0.566,0.037,0.733,-0.016,1.0,0.761,-0.041,0.624,0.685,0.711,0.606,-0.093,0.673,0.567,0.643,0.657,0.531,0.785,0.77,0.711,0.728,0.625,-0.188,0.594,0.727,0.681,0.163,0.646,0.719,0.636,0.558,0.014,0.638,0.737,0.426,0.67,-0.26,0.389,0.547,0.774,0.562,0.108,0.664,0.04,-0.439,0.499,0.74,0.745,0.49,0.587,0.729,0.544,0.389,0.742,0.571,-0.439,0.429,0.666,0.478,0.503,0.496,0.228,0.606,0.612,0.727,0.656,0.562,0.68,0.538,0.743,0.173,-0.491,0.538,0.582,0.337,0.712,0.621,0.674,0.683,0.515,0.613,0.726,0.659,0.566,-0.046,0.619,0.118,0.693,0.434,0.636,0.526,0.213,0.761,0.581,0.253,0.849,0.599,0.715,0.679,-0.015,0.037,0.024,0.693,0.538,0.608,0.758,-0.017,0.774,0.656,0.791,0.31,0.723,0.615,0.773,0.677,0.316,0.678,0.57,0.661,-0.237,0.58,0.66,0.689,0.63,0.657,-0.065,0.698,0.491,0.725,0.835,0.585,-0.087,0.646,0.672,0.527,0.698,0.705,-0.407,0.581,0.555,-0.273,0.715,0.619,0.527,0.448,0.608,0.675,0.785,0.313,0.629,0.469,0.137,0.666,0.534,0.389,0.717,0.591,0.656,0.682,0.57,0.613,0.72,0.578,0.557,0.484,0.678,0.221,0.713,0.139,0.684,-0.115,0.696,0.517,-0.369,-0.003,0.365,0.665,0.385,0.609,0.115,0.524
BGC,0.78,0.447,0.659,-0.023,0.746,-0.47,-0.45,0.778,0.829,-0.383,0.848,0.671,-0.039,0.099,0.833,0.487,0.895,0.726,-0.674,0.224,-0.096,0.772,0.036,0.761,1.0,-0.035,0.667,0.844,0.705,0.688,-0.285,0.695,0.595,0.774,0.766,0.501,0.725,0.857,0.775,0.585,0.572,-0.314,0.698,0.605,0.735,0.13,0.761,0.741,0.84,0.442,-0.231,0.704,0.637,0.167,0.477,-0.323,0.043,0.399,0.762,0.619,0.262,0.37,0.149,-0.608,0.758,0.78,0.707,0.705,0.739,0.785,0.505,0.302,0.617,0.704,-0.714,0.353,0.656,0.416,0.559,0.518,0.369,0.79,0.771,0.693,0.815,0.756,0.51,0.266,0.638,0.03,-0.501,0.711,0.799,0.125,0.66,0.512,0.687,0.832,0.682,0.824,0.64,0.649,0.785,-0.035,0.703,-0.02,0.718,0.715,0.737,0.537,0.23,0.641,0.718,0.176,0.712,0.74,0.803,0.692,-0.079,-0.216,0.138,0.743,0.464,0.731,0.493,-0.095,0.768,0.732,0.852,0.416,0.612,0.816,0.591,0.816,0.445,0.839,0.685,0.7,-0.14,0.549,0.758,0.734,0.73,0.826,-0.345,0.555,0.668,0.664,0.86,0.239,-0.096,0.647,0.737,0.768,0.651,0.858,-0.569,0.757,0.46,-0.318,0.807,0.774,0.592,0.385,0.673,0.82,0.838,0.561,0.574,0.698,0.216,0.793,0.717,-0.019,0.672,0.729,0.691,0.821,0.559,0.657,0.647,0.755,0.719,0.614,0.457,0.363,0.847,0.142,0.83,0.013,0.841,0.777,-0.422,-0.138,0.597,0.806,0.497,0.734,-0.272,0.24
BIDU,-0.18,0.548,-0.006,0.318,0.294,-0.042,0.566,-0.219,-0.3,0.027,-0.116,0.014,0.777,0.227,-0.311,0.141,-0.162,0.028,0.253,-0.197,-0.438,0.001,0.649,-0.041,-0.035,1.0,-0.318,-0.053,-0.345,-0.348,-0.2,-0.313,-0.071,0.294,-0.086,-0.571,-0.305,-0.003,-0.217,0.023,-0.103,0.636,-0.051,-0.252,-0.09,0.611,0.109,0.076,-0.046,0.178,-0.026,-0.137,-0.269,-0.108,0.083,0.663,-0.222,-0.358,-0.115,0.096,0.119,-0.296,0.545,0.478,0.112,-0.278,0.149,-0.046,-0.081,0.204,-0.54,-0.37,0.031,-0.038,0.244,0.448,-0.363,0.347,0.436,0.4,0.511,-0.206,-0.203,-0.315,0.123,-0.113,-0.304,-0.02,-0.021,0.313,0.66,0.011,-0.041,0.176,0.013,-0.37,-0.092,0.041,0.077,0.016,-0.283,-0.345,0.102,0.626,0.289,0.464,-0.323,-0.053,-0.13,0.263,0.42,-0.093,-0.019,0.562,-0.221,0.143,-0.036,-0.279,0.436,0.081,0.519,-0.113,-0.138,-0.15,-0.051,0.533,-0.28,-0.0,-0.184,0.039,0.015,0.109,-0.15,-0.076,0.27,0.017,-0.11,-0.36,0.256,-0.005,-0.107,0.221,-0.111,-0.134,-0.199,-0.221,0.396,-0.32,-0.193,-0.178,0.225,-0.267,-0.324,0.17,-0.346,-0.123,0.425,0.022,-0.193,0.7,-0.169,0.205,0.255,0.184,-0.296,-0.065,-0.053,0.351,0.086,-0.205,0.301,0.125,-0.054,-0.026,-0.283,-0.091,0.195,-0.095,-0.231,-0.319,0.206,-0.142,-0.069,-0.195,-0.455,0.561,-0.188,0.669,-0.141,0.385,-0.255,-0.036,0.69,-0.15,-0.027,-0.055,0.128,-0.013,-0.227,-0.212
BILI,0.628,0.048,0.508,0.098,0.391,-0.274,-0.581,0.644,0.758,-0.209,0.743,0.661,-0.432,0.058,0.71,0.445,0.635,0.527,-0.413,0.379,0.137,0.684,-0.309,0.624,0.667,-0.318,1.0,0.599,0.762,0.8,0.062,0.73,0.54,0.557,0.517,0.73,0.675,0.549,0.662,0.539,0.482,-0.348,0.521,0.768,0.588,-0.124,0.43,0.578,0.601,0.399,0.06,0.723,0.598,0.35,0.406,-0.533,0.269,0.69,0.661,0.541,-0.022,0.548,-0.183,-0.563,0.405,0.698,0.548,0.397,0.615,0.47,0.599,0.441,0.504,0.763,-0.583,0.055,0.768,0.145,0.301,0.262,0.189,0.534,0.491,0.698,0.489,0.598,0.511,0.232,0.531,-0.012,-0.691,0.449,0.508,0.269,0.657,0.677,0.607,0.592,0.45,0.53,0.715,0.74,0.619,-0.277,0.345,-0.113,0.876,0.439,0.571,0.341,-0.098,0.618,0.577,-0.035,0.628,0.444,0.674,0.709,-0.009,-0.124,-0.196,0.691,0.672,0.672,0.501,-0.024,0.642,0.514,0.731,0.458,0.625,0.504,0.544,0.608,0.077,0.644,0.692,0.755,-0.333,0.556,0.667,0.469,0.603,0.775,-0.043,0.542,0.319,0.614,0.737,0.433,-0.12,0.738,0.844,0.487,0.728,0.619,-0.574,0.5,0.433,-0.602,0.664,0.485,0.384,0.179,0.943,0.67,0.591,0.176,0.552,0.759,0.006,0.497,0.512,0.158,0.79,0.649,0.454,0.582,0.649,0.676,0.491,0.496,0.551,0.732,0.67,-0.02,0.775,-0.051,0.6,-0.338,0.658,0.486,-0.697,0.095,0.332,0.536,0.462,0.45,0.093,0.444
BKR,0.815,0.417,0.644,-0.079,0.724,-0.517,-0.445,0.856,0.731,-0.413,0.756,0.642,0.042,-0.002,0.854,0.391,0.896,0.658,-0.623,0.12,-0.16,0.703,-0.016,0.685,0.844,-0.053,0.599,1.0,0.632,0.618,-0.254,0.679,0.645,0.743,0.7,0.479,0.672,0.925,0.728,0.6,0.651,-0.258,0.638,0.616,0.822,0.196,0.805,0.807,0.83,0.269,-0.303,0.632,0.561,0.079,0.468,-0.329,-0.017,0.413,0.703,0.597,0.327,0.304,0.276,-0.629,0.817,0.876,0.717,0.843,0.773,0.767,0.591,0.184,0.596,0.725,-0.643,0.438,0.568,0.524,0.498,0.482,0.327,0.879,0.879,0.63,0.904,0.923,0.429,0.18,0.673,-0.067,-0.427,0.711,0.898,0.148,0.717,0.504,0.826,0.8,0.751,0.863,0.637,0.655,0.704,0.046,0.768,-0.107,0.632,0.786,0.722,0.553,0.273,0.637,0.658,0.125,0.643,0.634,0.837,0.657,-0.114,-0.319,0.16,0.645,0.393,0.682,0.433,-0.099,0.814,0.826,0.834,0.416,0.482,0.818,0.591,0.915,0.447,0.891,0.769,0.703,0.019,0.595,0.747,0.793,0.81,0.879,-0.421,0.43,0.51,0.581,0.73,0.156,-0.038,0.685,0.659,0.862,0.559,0.894,-0.606,0.869,0.449,-0.371,0.85,0.815,0.598,0.377,0.626,0.808,0.862,0.629,0.604,0.669,0.119,0.696,0.808,-0.045,0.655,0.685,0.651,0.875,0.708,0.695,0.698,0.862,0.821,0.66,0.489,0.507,0.775,0.034,0.859,0.002,0.846,0.827,-0.371,-0.106,0.575,0.912,0.447,0.85,-0.309,0.158
BLDP,0.739,0.082,0.573,0.035,0.441,-0.219,-0.592,0.704,0.78,-0.174,0.685,0.614,-0.399,0.054,0.771,0.504,0.744,0.649,-0.516,0.491,0.148,0.621,-0.213,0.711,0.705,-0.345,0.762,0.632,1.0,0.948,0.027,0.825,0.511,0.508,0.547,0.696,0.905,0.641,0.762,0.546,0.502,-0.386,0.519,0.71,0.544,-0.133,0.506,0.522,0.618,0.372,0.029,0.641,0.812,0.302,0.421,-0.516,0.276,0.57,0.685,0.459,-0.017,0.569,-0.217,-0.571,0.383,0.717,0.627,0.421,0.552,0.471,0.589,0.435,0.598,0.612,-0.556,0.067,0.927,0.143,0.278,0.214,0.066,0.62,0.554,0.894,0.484,0.585,0.745,0.288,0.559,-0.056,-0.668,0.404,0.551,0.173,0.631,0.699,0.669,0.549,0.416,0.545,0.843,0.867,0.592,-0.211,0.395,-0.117,0.837,0.435,0.57,0.319,-0.114,0.646,0.505,-0.03,0.782,0.453,0.752,0.837,-0.081,-0.117,-0.174,0.73,0.62,0.867,0.56,-0.158,0.757,0.519,0.769,0.376,0.633,0.482,0.511,0.728,0.075,0.643,0.653,0.8,-0.23,0.479,0.593,0.444,0.632,0.778,-0.07,0.613,0.293,0.837,0.795,0.457,-0.061,0.793,0.755,0.47,0.735,0.671,-0.584,0.487,0.52,-0.598,0.652,0.464,0.387,0.248,0.754,0.741,0.676,0.131,0.501,0.729,0.064,0.5,0.497,0.247,0.823,0.597,0.515,0.636,0.659,0.7,0.563,0.52,0.494,0.676,0.679,-0.049,0.819,-0.072,0.689,-0.352,0.801,0.468,-0.585,0.078,0.256,0.546,0.368,0.493,0.062,0.437
BLNK,0.683,-0.006,0.536,-0.08,0.363,-0.305,-0.569,0.652,0.779,-0.262,0.666,0.534,-0.459,-0.053,0.709,0.409,0.678,0.574,-0.544,0.36,0.147,0.556,-0.201,0.606,0.688,-0.348,0.8,0.618,0.948,1.0,-0.034,0.833,0.524,0.511,0.47,0.696,0.876,0.58,0.727,0.462,0.464,-0.443,0.463,0.667,0.511,-0.198,0.43,0.494,0.559,0.239,-0.041,0.645,0.719,0.212,0.353,-0.542,0.176,0.527,0.634,0.389,-0.016,0.482,-0.287,-0.569,0.364,0.706,0.59,0.402,0.536,0.439,0.569,0.364,0.463,0.667,-0.613,0.007,0.927,0.113,0.224,0.134,0.066,0.599,0.5,0.88,0.437,0.574,0.676,0.212,0.47,-0.121,-0.643,0.387,0.531,0.119,0.622,0.645,0.63,0.508,0.398,0.515,0.857,0.819,0.614,-0.209,0.322,-0.204,0.829,0.403,0.602,0.275,-0.142,0.609,0.455,-0.15,0.695,0.396,0.732,0.848,-0.123,-0.184,-0.229,0.738,0.613,0.857,0.482,-0.226,0.663,0.495,0.703,0.425,0.587,0.441,0.457,0.712,0.058,0.646,0.677,0.777,-0.283,0.508,0.557,0.396,0.629,0.803,-0.122,0.539,0.259,0.793,0.778,0.322,-0.125,0.832,0.746,0.493,0.701,0.627,-0.616,0.448,0.487,-0.655,0.606,0.421,0.347,0.17,0.804,0.724,0.604,0.126,0.48,0.789,-0.013,0.45,0.495,0.16,0.82,0.566,0.392,0.591,0.662,0.718,0.533,0.497,0.486,0.721,0.662,-0.053,0.849,-0.088,0.672,-0.376,0.8,0.453,-0.625,-0.013,0.271,0.497,0.336,0.476,0.001,0.342
BYND,0.067,-0.154,-0.317,0.596,-0.224,0.396,0.088,-0.12,-0.06,0.695,-0.117,0.136,-0.279,0.522,-0.03,0.253,-0.226,-0.075,0.542,0.38,0.318,0.167,-0.407,-0.093,-0.285,-0.2,0.062,-0.254,0.027,-0.034,1.0,-0.1,-0.347,-0.309,-0.178,0.094,-0.132,-0.267,-0.086,0.263,-0.045,0.404,-0.057,0.294,-0.234,-0.044,-0.278,-0.175,-0.048,0.281,0.628,-0.089,0.097,0.616,-0.032,0.139,0.301,0.464,-0.054,0.277,-0.481,0.436,-0.07,0.234,-0.288,-0.21,-0.044,-0.243,-0.282,-0.27,-0.011,0.42,0.274,-0.307,0.4,-0.342,0.066,-0.306,-0.058,-0.03,-0.138,-0.213,-0.252,-0.028,-0.276,-0.221,0.118,-0.015,0.109,0.414,-0.117,-0.417,-0.189,0.418,-0.066,0.445,-0.218,-0.195,-0.369,-0.214,-0.014,0.155,-0.199,-0.229,-0.339,0.454,0.081,-0.215,-0.345,-0.006,-0.491,-0.204,-0.035,0.316,-0.105,-0.051,-0.204,-0.005,0.517,0.651,0.0,-0.13,0.295,-0.097,0.125,0.51,-0.056,-0.322,0.015,-0.197,0.145,-0.243,-0.052,-0.231,-0.505,-0.241,-0.197,-0.019,0.221,-0.277,0.103,-0.282,-0.289,-0.198,0.747,0.278,-0.203,0.011,-0.101,0.6,0.528,-0.086,0.056,-0.325,0.145,-0.171,0.171,-0.207,0.073,-0.056,-0.069,-0.352,-0.25,-0.049,-0.051,-0.14,-0.138,-0.266,-0.028,-0.233,0.156,-0.275,-0.238,0.612,0.069,-0.092,0.059,-0.108,0.099,-0.203,-0.113,-0.274,-0.309,-0.184,0.169,-0.472,-0.213,-0.067,-0.166,-0.357,-0.108,-0.213,-0.087,0.738,-0.288,-0.256,0.104,-0.426,0.777,0.632
