,AAL,AAPL,ABUS,ADBE,ADI,ADMA,AEP,AGNC,AKBA,ALT,AMAT,AMD,AMGN,AMZN,APA,APPS,ARCC,ARDX,ATER,ATOS,AUPH,AVGO,AZN,BCRX,BGC,BIDU,BILI,BKR,BLDP,BLNK,BYND,CAN,CELH,CG,CGC,CHRD,CLNE,CMCSA,COMM,COST,CPB,CPRT,CRON,CRWD,CSCO,CSGP,CSX,CTSH,CZR,DBX,DDOG,DKNG,DLTR,DOCU,DVAX,DXCM,EA,EBAY,ENPH,ERIC,ESPR,ETSY,EXC,EXEL,EXPE,FANG,FAST,FITB,FLEX,FOLD,FOXA,FSLR,FTNT,FUTU,GEN,GERN,GEVO,GILD,GOOG,GOOGL,GPRO,GT,HBAN,HIVE,HON,HST,HUT,IBRX,INTC,IOVA,IQ,IRWD,JBLU,JD,KDP,KHC,LBTYK,LRCX,LYFT,MAR,MARA,MAT,MCHP,MCRB,MDLZ,META,MGNI,MLCO,MNKD,MNST,MOMO,MRNA,MRVL,MSFT,MSTR,MTCH,MU,MVIS,NDAQ,NFLX,NKTR,NNDM,NTES,NTNX,NVAX,NVDA,NWL,NWSA,NXPI,OCGN,OKTA,ON,OPK,PAA,PACB,PAGP,PANW,PARA,PCAR,PDD,PENN,PEP,PLUG,PTEN,PTON,PYPL,QCOM,QUBT,QVCGA,RDFN,REAL,RIOT,ROKU,ROST,RUN,SABR,SAVA,SBUX,SFIX,SGMO,SIRI,SLM,SMCI,SNDL,SONO,STNE,STX,TCOM,TGTX,TIGR,TLRY,TMUS,TRIP,TSCO,TSLA,TTD,TXN,UAL,UNIT,VERU,VKTX,VLY,VOD,VTRS,VXRT,WBA,WBD,WDAY,WDC,WEN,WW,WYNN,XEL,XP,XRAY,XRX,Z,ZION,ZM,ZS
AAL,1.0,0.491,0.403,0.33,0.582,-0.104,0.161,0.36,0.48,-0.175,0.447,0.427,0.564,-0.027,0.685,0.313,0.397,0.337,0.125,0.291,-0.268,0.65,0.225,0.216,0.337,0.287,0.283,0.413,0.538,0.397,0.159,0.361,0.301,0.658,0.46,0.008,0.404,0.648,0.565,0.413,0.285,0.376,0.487,0.217,0.661,0.205,0.421,0.409,0.749,0.433,-0.018,0.505,0.713,-0.071,0.511,0.236,-0.129,0.079,0.349,0.645,0.167,-0.131,0.584,-0.017,0.657,0.633,0.368,0.71,0.408,0.298,0.367,-0.281,0.281,0.427,-0.323,0.423,0.6,0.506,0.255,0.257,0.501,0.529,0.509,0.315,0.606,0.684,-0.034,0.036,0.534,0.256,-0.035,0.271,0.784,0.116,0.494,0.317,0.639,0.437,0.473,0.703,0.247,-0.138,0.513,0.203,0.659,0.112,0.505,0.536,0.39,0.422,0.072,0.425,0.483,0.481,0.576,0.267,0.612,-0.0,0.526,-0.281,0.51,0.714,0.058,0.45,0.576,0.434,0.301,0.552,0.444,0.4,0.079,0.568,0.134,0.542,0.333,0.544,0.464,0.29,0.65,0.172,0.714,0.592,0.377,0.588,-0.14,0.149,0.385,0.287,0.462,0.039,0.45,0.258,0.374,0.703,0.342,0.706,-0.02,0.615,-0.052,0.164,0.539,0.386,0.457,0.537,0.248,0.507,0.619,0.682,0.416,0.505,0.463,0.379,0.638,0.176,0.289,0.406,0.382,0.875,0.479,0.267,0.278,0.624,0.585,0.527,-0.084,0.549,0.486,0.472,0.738,0.448,0.656,0.669,0.325,0.321,0.537,0.733,0.422,0.566,-0.133,0.003
AAPL,0.491,1.0,0.477,0.497,0.746,-0.246,-0.054,0.59,0.171,-0.174,0.678,0.701,0.786,0.51,0.626,0.76,0.626,0.591,-0.112,-0.057,-0.493,0.853,0.612,0.556,0.603,0.679,0.488,0.529,0.517,0.479,-0.12,0.447,0.504,0.693,0.576,0.118,0.466,0.772,0.563,0.705,0.448,0.524,0.594,0.515,0.65,0.618,0.668,0.753,0.753,0.426,-0.059,0.628,0.604,0.267,0.623,0.26,-0.067,0.036,0.647,0.525,-0.048,0.149,0.725,-0.123,0.612,0.558,0.634,0.479,0.629,0.631,0.064,-0.213,0.325,0.576,-0.264,0.657,0.314,0.458,0.652,0.65,0.636,0.521,0.448,0.409,0.691,0.536,0.095,0.224,0.223,0.453,0.251,0.543,0.565,0.477,0.577,0.394,0.561,0.722,0.63,0.664,0.186,-0.03,0.761,0.585,0.8,0.645,0.552,0.503,0.56,0.749,0.299,0.509,0.797,0.817,0.72,0.621,0.655,0.112,0.475,0.157,0.716,0.571,0.482,0.678,0.544,0.684,0.5,0.646,0.684,0.102,0.551,0.791,0.251,0.602,0.564,0.666,0.576,0.436,0.411,0.469,0.86,0.803,0.52,0.513,-0.166,0.266,0.726,0.045,0.726,0.197,0.33,0.345,0.696,0.686,0.41,0.576,0.233,0.755,0.138,0.595,0.709,0.658,0.727,0.481,0.511,0.871,0.655,0.645,0.635,0.484,0.466,0.704,0.546,0.011,0.435,0.676,0.729,0.574,0.388,0.465,0.624,0.515,0.531,0.377,-0.009,0.593,0.562,0.712,0.542,0.338,0.713,0.573,0.664,0.042,0.319,0.715,0.737,0.459,-0.221,0.095
ABUS,0.403,0.477,1.0,-0.173,0.697,-0.507,-0.231,0.737,-0.158,-0.479,0.673,0.256,0.534,-0.271,0.68,0.237,0.737,0.605,-0.375,-0.286,-0.596,0.382,0.582,0.624,0.663,0.595,0.527,0.709,0.479,0.724,-0.561,0.819,0.781,0.567,0.606,0.245,0.793,0.762,0.675,0.304,0.515,0.294,0.535,0.035,0.681,0.408,0.583,0.627,0.636,-0.078,-0.538,0.338,0.325,-0.279,0.494,-0.328,-0.373,-0.352,0.459,0.081,-0.136,-0.408,0.438,-0.488,0.761,0.767,0.525,0.696,0.56,0.631,0.211,-0.443,-0.315,0.803,-0.445,0.733,-0.025,0.237,0.473,0.469,0.434,0.247,0.658,0.471,0.768,0.771,0.126,-0.039,-0.135,0.048,0.494,0.696,0.656,0.423,0.347,0.161,0.638,0.646,0.723,0.781,-0.106,0.115,0.611,0.567,0.564,-0.133,0.456,0.664,0.824,0.53,0.537,0.948,0.412,0.235,0.649,0.531,0.856,-0.355,0.078,-0.318,0.268,0.43,0.121,0.531,0.338,0.15,0.578,0.796,0.576,-0.101,0.078,0.721,-0.124,0.763,0.695,0.693,0.8,0.58,0.108,0.759,0.39,0.675,0.829,0.784,-0.537,-0.326,0.612,-0.247,0.784,-0.248,0.046,0.281,0.387,0.751,-0.07,0.793,-0.075,0.741,0.047,0.357,0.623,0.656,0.563,0.467,0.51,0.623,0.572,0.703,0.409,0.823,0.28,0.697,0.797,-0.387,-0.008,0.567,0.502,0.68,0.04,0.787,0.511,0.773,0.776,0.542,0.006,0.694,0.757,0.275,0.373,0.021,0.592,0.711,0.477,-0.506,0.528,0.709,0.474,0.726,-0.544,-0.374
ADBE,0.33,0.497,-0.173,1.0,0.208,0.342,0.217,-0.054,0.387,0.494,0.132,0.521,0.324,0.743,0.125,0.532,-0.095,0.133,0.562,0.544,-0.01,0.625,0.143,0.042,-0.146,0.149,0.265,-0.156,0.415,0.041,0.633,-0.125,-0.099,0.345,-0.027,0.051,-0.105,0.146,0.183,0.612,0.193,0.485,0.082,0.729,0.186,0.076,0.096,0.07,0.26,0.765,0.604,0.443,0.543,0.768,0.456,0.552,0.425,0.508,0.162,0.599,0.048,0.597,0.374,0.541,0.001,-0.092,0.212,-0.027,-0.031,0.053,-0.014,-0.044,0.6,-0.001,0.41,0.209,0.461,0.334,0.185,0.154,0.279,0.192,-0.16,0.035,0.099,-0.003,0.096,0.283,0.461,0.545,-0.228,-0.144,-0.004,0.462,0.5,0.449,0.29,0.068,0.07,0.044,0.445,-0.218,0.185,0.175,0.373,0.772,0.268,-0.095,-0.104,0.345,-0.281,-0.126,0.362,0.706,0.155,0.108,0.119,0.311,0.722,0.459,0.44,0.221,0.633,0.134,0.613,0.832,0.006,0.023,0.102,0.415,0.641,0.188,0.38,-0.008,-0.117,0.053,0.082,0.008,0.441,-0.036,0.558,0.29,-0.064,-0.06,0.526,0.659,0.205,0.332,0.093,0.67,0.518,0.254,0.376,0.089,0.508,-0.027,0.472,0.115,-0.081,0.356,0.136,0.087,0.4,0.066,0.108,0.291,0.139,0.088,0.403,-0.023,0.198,0.085,-0.012,0.596,0.543,0.153,0.202,0.076,0.622,-0.176,0.115,-0.1,-0.063,0.127,0.211,0.085,-0.04,0.617,0.204,0.39,0.124,-0.03,0.169,0.7,-0.082,0.154,0.409,-0.168,0.493,0.722
ADI,0.582,0.746,0.697,0.208,1.0,-0.457,-0.078,0.783,-0.034,-0.343,0.854,0.574,0.844,0.044,0.781,0.649,0.813,0.774,-0.099,-0.286,-0.69,0.803,0.803,0.717,0.784,0.8,0.552,0.823,0.671,0.655,-0.355,0.668,0.549,0.773,0.843,-0.033,0.54,0.849,0.749,0.594,0.405,0.606,0.818,0.281,0.659,0.658,0.812,0.683,0.903,0.185,-0.383,0.535,0.627,-0.032,0.674,-0.13,-0.363,-0.313,0.741,0.457,-0.296,-0.228,0.842,-0.305,0.868,0.78,0.819,0.806,0.724,0.788,0.227,-0.263,-0.14,0.736,-0.327,0.654,0.337,0.332,0.78,0.765,0.722,0.246,0.787,0.655,0.921,0.804,0.348,0.013,0.004,0.517,0.514,0.814,0.773,0.513,0.465,0.407,0.526,0.853,0.855,0.892,-0.049,0.091,0.914,0.747,0.78,0.29,0.753,0.747,0.735,0.769,0.291,0.671,0.684,0.691,0.777,0.815,0.797,-0.394,0.523,-0.065,0.652,0.699,0.379,0.686,0.407,0.55,0.695,0.832,0.834,-0.008,0.316,0.863,-0.151,0.865,0.642,0.857,0.72,0.652,0.508,0.592,0.754,0.809,0.766,0.756,-0.392,-0.081,0.849,-0.221,0.829,-0.033,0.413,0.217,0.647,0.867,0.268,0.833,0.255,0.851,0.067,0.642,0.817,0.841,0.791,0.756,0.414,0.801,0.782,0.858,0.631,0.593,0.699,0.877,0.799,-0.233,0.264,0.842,0.871,0.771,0.123,0.589,0.713,0.778,0.742,0.59,-0.251,0.788,0.793,0.54,0.467,0.128,0.684,0.842,0.723,-0.123,0.588,0.881,0.821,0.773,-0.531,-0.223
ADMA,-0.104,-0.246,-0.507,0.342,-0.457,1.0,0.175,-0.54,0.421,0.605,-0.554,-0.152,-0.463,0.287,-0.328,-0.225,-0.622,-0.521,0.235,0.679,0.479,-0.178,-0.527,-0.402,-0.646,-0.594,-0.193,-0.617,-0.053,-0.463,0.691,-0.495,-0.445,-0.32,-0.474,0.15,-0.311,-0.454,-0.38,0.006,0.045,-0.366,-0.408,0.283,-0.303,-0.56,-0.56,-0.497,-0.37,0.475,0.5,-0.145,-0.122,0.478,-0.052,0.51,0.876,0.64,-0.502,0.157,0.339,0.547,-0.244,0.685,-0.548,-0.372,-0.466,-0.473,-0.528,-0.607,-0.002,-0.028,0.547,-0.377,0.635,-0.112,0.085,0.121,-0.522,-0.533,-0.212,0.082,-0.554,-0.44,-0.535,-0.489,-0.319,0.44,0.361,-0.099,-0.658,-0.473,-0.472,-0.262,0.031,0.072,-0.015,-0.537,-0.574,-0.497,0.444,-0.292,-0.411,-0.497,-0.263,0.117,-0.365,-0.581,-0.53,-0.374,-0.406,-0.5,-0.222,-0.137,-0.295,-0.571,-0.425,0.491,0.046,0.302,-0.1,-0.209,-0.104,-0.437,0.134,0.024,-0.468,-0.533,-0.453,0.408,0.066,-0.507,0.537,-0.509,-0.539,-0.486,-0.466,-0.196,0.031,-0.531,-0.175,-0.283,-0.621,-0.551,0.723,0.5,-0.53,0.367,-0.413,0.568,-0.171,0.085,-0.103,-0.518,0.17,-0.506,-0.095,-0.545,-0.396,-0.368,-0.417,-0.617,-0.369,-0.448,-0.239,-0.457,-0.479,-0.576,-0.325,-0.409,-0.319,-0.418,-0.554,0.541,0.057,-0.42,-0.502,-0.401,0.333,-0.544,-0.581,-0.486,-0.453,-0.207,0.452,-0.456,-0.463,-0.092,-0.122,0.37,-0.298,-0.57,-0.51,0.494,-0.4,-0.365,-0.265,-0.571,0.657,0.584
AEP,0.161,-0.054,-0.231,0.217,-0.078,0.175,1.0,-0.29,0.157,0.312,-0.207,0.032,0.001,0.182,-0.158,-0.058,-0.17,-0.143,0.33,0.143,0.152,0.019,0.049,-0.249,-0.313,-0.147,-0.365,-0.208,-0.134,-0.288,0.326,-0.322,-0.435,-0.052,-0.149,-0.173,-0.402,-0.137,-0.227,-0.031,-0.015,0.146,-0.096,0.047,-0.238,-0.142,-0.168,-0.162,-0.031,0.252,0.204,-0.079,0.211,0.143,-0.126,0.359,0.164,0.244,-0.117,0.146,-0.022,0.26,0.02,0.47,-0.051,-0.163,-0.094,-0.035,-0.221,-0.173,-0.016,0.179,0.179,-0.369,0.232,-0.191,0.031,0.145,-0.172,-0.172,-0.115,0.141,-0.113,-0.201,-0.103,-0.075,-0.092,0.202,0.129,0.218,-0.116,-0.289,0.072,-0.192,0.154,-0.042,-0.07,-0.16,-0.219,-0.072,0.033,0.128,-0.141,-0.251,-0.053,0.153,-0.109,-0.107,-0.323,-0.034,-0.121,-0.278,0.003,0.132,-0.123,-0.047,-0.135,0.281,0.339,0.042,0.108,0.018,0.003,-0.204,0.041,0.125,-0.186,-0.251,-0.172,0.231,-0.011,-0.143,0.042,-0.19,-0.126,-0.138,-0.255,-0.179,0.39,-0.444,0.044,-0.066,-0.252,-0.109,0.2,0.16,-0.151,0.137,-0.205,-0.034,0.376,-0.219,-0.093,-0.041,0.053,-0.07,0.259,-0.09,0.094,0.05,-0.176,-0.154,-0.134,0.105,-0.017,-0.169,-0.062,-0.045,-0.23,-0.277,0.066,-0.24,-0.124,0.208,0.1,-0.167,-0.09,0.046,0.073,-0.382,-0.148,-0.126,-0.106,-0.06,-0.228,-0.04,-0.198,-0.123,0.088,0.18,0.046,-0.066,0.063,0.305,0.167,-0.08,-0.119,-0.102,0.243,0.306
AGNC,0.36,0.59,0.737,-0.054,0.783,-0.54,-0.29,1.0,-0.198,-0.39,0.694,0.384,0.715,-0.082,0.755,0.363,0.844,0.766,-0.407,-0.369,-0.569,0.543,0.644,0.746,0.749,0.658,0.551,0.811,0.493,0.613,-0.484,0.656,0.65,0.536,0.667,0.04,0.649,0.803,0.642,0.416,0.535,0.344,0.574,0.067,0.674,0.618,0.786,0.698,0.705,-0.16,-0.548,0.339,0.329,-0.143,0.494,-0.311,-0.429,-0.338,0.568,0.158,-0.19,-0.3,0.624,-0.561,0.804,0.806,0.745,0.737,0.63,0.835,0.262,-0.296,-0.285,0.735,-0.479,0.744,-0.016,0.298,0.686,0.658,0.479,0.319,0.846,0.518,0.831,0.76,0.215,0.091,-0.236,0.223,0.483,0.79,0.685,0.397,0.26,0.312,0.527,0.718,0.833,0.796,-0.165,0.245,0.716,0.648,0.694,0.063,0.562,0.73,0.736,0.599,0.535,0.733,0.502,0.408,0.648,0.656,0.692,-0.354,0.064,-0.195,0.389,0.386,0.166,0.622,0.237,0.258,0.637,0.814,0.717,-0.125,0.156,0.762,-0.022,0.877,0.65,0.829,0.672,0.591,0.227,0.655,0.528,0.783,0.728,0.776,-0.5,-0.295,0.664,-0.263,0.762,-0.14,0.061,0.249,0.416,0.798,-0.022,0.752,-0.033,0.828,0.044,0.537,0.792,0.779,0.644,0.483,0.505,0.719,0.624,0.741,0.563,0.642,0.321,0.729,0.818,-0.417,0.073,0.615,0.691,0.66,0.006,0.69,0.663,0.862,0.757,0.483,-0.07,0.728,0.756,0.307,0.327,-0.009,0.672,0.741,0.63,-0.333,0.51,0.771,0.55,0.797,-0.529,-0.335
AKBA,0.48,0.171,-0.158,0.387,-0.034,0.421,0.157,-0.198,1.0,0.004,-0.153,0.343,0.098,0.103,0.147,0.013,-0.128,-0.139,0.037,0.599,0.089,0.25,-0.087,-0.161,-0.181,-0.191,-0.149,-0.256,0.158,-0.051,0.375,-0.11,-0.091,0.252,-0.143,0.149,0.028,0.043,0.016,0.157,0.152,-0.113,-0.114,0.251,0.282,-0.18,-0.078,0.103,0.138,0.521,0.268,0.42,0.306,0.114,0.236,0.671,0.321,0.396,-0.018,0.584,0.393,0.168,0.127,0.35,-0.093,0.084,-0.12,-0.005,0.021,-0.164,0.145,-0.272,0.644,-0.078,-0.108,0.107,0.376,0.656,-0.216,-0.216,0.076,0.513,-0.183,-0.088,-0.091,-0.049,-0.272,0.357,0.829,0.05,-0.506,-0.228,0.139,-0.286,0.479,0.125,0.402,-0.115,-0.099,-0.039,0.612,-0.278,-0.053,-0.233,0.308,0.163,-0.167,-0.204,-0.164,-0.0,-0.187,-0.109,0.147,0.229,0.201,-0.264,0.065,0.452,0.264,-0.045,0.306,0.299,-0.138,-0.074,0.332,0.095,-0.244,-0.078,-0.074,0.607,0.202,-0.036,0.505,-0.116,-0.126,0.026,-0.021,-0.167,0.4,-0.286,0.346,0.203,-0.231,-0.018,0.201,0.458,-0.115,0.64,-0.032,0.205,-0.046,0.336,0.045,-0.016,0.312,-0.012,-0.0,-0.006,-0.251,-0.185,0.026,-0.113,0.123,-0.178,0.041,0.117,0.249,-0.054,0.184,-0.005,-0.113,-0.151,-0.073,0.562,0.248,-0.134,-0.112,0.175,0.492,-0.18,-0.142,-0.009,0.158,0.239,0.114,0.076,-0.043,0.314,0.556,0.635,0.321,-0.125,-0.112,0.411,0.061,0.15,-0.027,-0.09,0.191,0.23
ALT,-0.175,-0.174,-0.479,0.494,-0.343,0.605,0.312,-0.39,0.004,1.0,-0.404,-0.073,-0.336,0.499,-0.407,0.007,-0.504,-0.36,0.528,0.538,0.385,-0.048,-0.369,-0.215,-0.501,-0.359,-0.078,-0.456,-0.089,-0.39,0.749,-0.509,-0.415,-0.339,-0.482,0.049,-0.389,-0.398,-0.348,0.224,0.134,0.09,-0.36,0.451,-0.345,-0.305,-0.395,-0.41,-0.295,0.345,0.541,-0.23,0.004,0.757,-0.061,0.287,0.567,0.509,-0.374,0.05,0.005,0.751,-0.206,0.487,-0.409,-0.461,-0.2,-0.416,-0.534,-0.376,-0.155,0.229,0.282,-0.45,0.749,-0.154,0.062,-0.124,-0.281,-0.28,-0.217,-0.209,-0.462,-0.342,-0.372,-0.466,-0.033,0.352,0.053,0.115,-0.349,-0.488,-0.433,0.202,-0.007,0.302,-0.212,-0.435,-0.49,-0.38,0.11,0.011,-0.391,-0.287,-0.268,0.352,-0.183,-0.435,-0.49,-0.164,-0.361,-0.485,-0.19,0.067,-0.379,-0.348,-0.418,0.239,0.26,0.597,-0.074,-0.385,0.284,-0.327,0.24,0.347,-0.28,-0.438,-0.297,0.132,0.235,-0.4,0.308,-0.391,-0.493,-0.422,-0.463,-0.218,0.066,-0.331,-0.061,-0.241,-0.456,-0.488,0.805,0.431,-0.337,0.054,-0.352,0.719,0.166,-0.133,-0.067,-0.391,0.125,-0.44,0.143,-0.417,-0.174,-0.179,-0.349,-0.467,-0.314,-0.292,-0.193,-0.413,-0.448,-0.389,-0.268,-0.468,-0.215,-0.4,-0.455,0.48,0.081,-0.388,-0.276,-0.39,0.186,-0.437,-0.339,-0.448,-0.511,-0.315,0.504,-0.438,-0.501,-0.071,-0.368,-0.003,-0.377,-0.44,-0.214,0.458,-0.43,-0.425,-0.121,-0.512,0.775,0.814
AMAT,0.447,0.678,0.673,0.132,0.854,-0.554,-0.207,0.694,-0.153,-0.404,1.0,0.488,0.753,0.0,0.737,0.693,0.778,0.731,-0.094,-0.348,-0.633,0.745,0.701,0.739,0.815,0.76,0.632,0.727,0.618,0.667,-0.476,0.652,0.658,0.771,0.851,-0.03,0.597,0.799,0.853,0.539,0.316,0.63,0.812,0.143,0.662,0.684,0.813,0.634,0.823,0.127,-0.391,0.536,0.604,-0.089,0.602,-0.248,-0.462,-0.408,0.744,0.276,-0.304,-0.348,0.778,-0.391,0.808,0.688,0.809,0.743,0.69,0.763,0.317,-0.224,-0.272,0.736,-0.358,0.552,0.332,0.257,0.769,0.751,0.685,0.11,0.713,0.62,0.872,0.749,0.367,-0.13,-0.078,0.446,0.503,0.785,0.653,0.598,0.308,0.376,0.438,0.849,0.838,0.822,-0.182,0.138,0.878,0.802,0.72,0.209,0.745,0.734,0.789,0.819,0.316,0.656,0.609,0.612,0.655,0.836,0.764,-0.467,0.355,-0.144,0.53,0.64,0.441,0.669,0.311,0.486,0.769,0.782,0.791,-0.239,0.279,0.866,-0.305,0.771,0.63,0.809,0.696,0.684,0.36,0.73,0.67,0.704,0.808,0.707,-0.484,-0.12,0.917,-0.385,0.843,-0.07,0.365,0.157,0.584,0.796,0.26,0.766,0.254,0.764,0.001,0.705,0.744,0.837,0.815,0.691,0.439,0.728,0.719,0.785,0.67,0.613,0.687,0.892,0.749,-0.29,0.208,0.781,0.775,0.669,0.045,0.612,0.666,0.669,0.594,0.524,-0.196,0.652,0.83,0.517,0.349,0.088,0.55,0.809,0.674,-0.215,0.58,0.781,0.757,0.725,-0.603,-0.309
AMD,0.427,0.701,0.256,0.521,0.574,-0.152,0.032,0.384,0.343,-0.073,0.488,1.0,0.576,0.472,0.421,0.626,0.505,0.471,-0.0,0.034,-0.423,0.722,0.508,0.506,0.42,0.559,0.443,0.307,0.482,0.437,-0.02,0.346,0.361,0.541,0.432,-0.078,0.264,0.493,0.497,0.597,0.383,0.488,0.493,0.5,0.554,0.525,0.514,0.61,0.676,0.349,0.082,0.671,0.568,0.305,0.579,0.38,-0.11,-0.012,0.593,0.665,-0.146,0.194,0.602,-0.055,0.447,0.365,0.53,0.29,0.481,0.555,-0.027,-0.202,0.255,0.395,-0.201,0.378,0.371,0.405,0.5,0.491,0.616,0.309,0.251,0.389,0.457,0.348,0.216,0.395,0.22,0.54,0.166,0.414,0.475,0.476,0.522,0.337,0.449,0.489,0.507,0.494,0.254,0.135,0.6,0.51,0.58,0.61,0.561,0.379,0.352,0.622,0.234,0.354,0.662,0.828,0.579,0.565,0.484,0.047,0.482,0.147,0.796,0.477,0.396,0.525,0.554,0.691,0.335,0.456,0.628,0.081,0.558,0.539,0.087,0.409,0.321,0.474,0.481,0.371,0.438,0.328,0.741,0.566,0.352,0.36,-0.107,0.207,0.58,0.157,0.494,0.225,0.385,0.354,0.62,0.471,0.418,0.427,0.289,0.583,0.014,0.528,0.535,0.494,0.628,0.376,0.522,0.614,0.585,0.507,0.669,0.379,0.477,0.527,0.343,0.082,0.449,0.584,0.644,0.447,0.321,0.249,0.533,0.294,0.421,0.323,-0.003,0.411,0.382,0.677,0.406,0.191,0.502,0.393,0.544,0.102,0.186,0.517,0.654,0.309,-0.149,0.189
AMGN,0.564,0.786,0.534,0.324,0.844,-0.463,0.001,0.715,0.098,-0.336,0.753,0.576,1.0,0.113,0.757,0.666,0.725,0.762,-0.039,-0.251,-0.637,0.806,0.762,0.64,0.67,0.776,0.357,0.692,0.572,0.515,-0.323,0.481,0.497,0.74,0.672,-0.023,0.471,0.799,0.622,0.54,0.292,0.625,0.634,0.237,0.65,0.726,0.819,0.729,0.804,0.154,-0.288,0.499,0.687,-0.032,0.653,-0.0,-0.358,-0.239,0.643,0.417,-0.239,-0.2,0.857,-0.18,0.762,0.689,0.796,0.731,0.695,0.762,0.274,-0.292,-0.015,0.56,-0.347,0.593,0.255,0.474,0.787,0.778,0.552,0.384,0.733,0.534,0.832,0.714,0.263,0.025,0.16,0.534,0.435,0.659,0.738,0.409,0.482,0.414,0.511,0.769,0.827,0.771,-0.069,-0.003,0.801,0.631,0.841,0.364,0.608,0.641,0.645,0.745,0.247,0.524,0.661,0.743,0.678,0.685,0.645,-0.201,0.488,-0.094,0.626,0.598,0.384,0.614,0.332,0.548,0.632,0.73,0.754,0.049,0.284,0.82,-0.062,0.76,0.571,0.817,0.557,0.476,0.569,0.499,0.769,0.816,0.639,0.696,-0.412,-0.054,0.737,-0.168,0.668,-0.076,0.404,0.125,0.455,0.805,0.197,0.713,0.397,0.81,0.066,0.666,0.747,0.806,0.814,0.633,0.37,0.844,0.8,0.768,0.686,0.423,0.544,0.692,0.733,-0.134,0.257,0.665,0.798,0.712,0.169,0.507,0.765,0.716,0.664,0.55,-0.293,0.777,0.679,0.6,0.472,0.21,0.75,0.752,0.765,-0.004,0.589,0.821,0.696,0.709,-0.469,-0.216
AMZN,-0.027,0.51,-0.271,0.743,0.044,0.287,0.182,-0.082,0.103,0.499,0.0,0.472,0.113,1.0,-0.12,0.481,-0.11,-0.012,0.246,0.277,0.146,0.405,0.076,0.021,-0.113,0.098,0.202,-0.194,0.089,-0.114,0.488,-0.216,-0.149,0.077,-0.125,-0.045,-0.25,0.044,-0.078,0.488,0.167,0.276,-0.031,0.639,-0.045,0.114,-0.031,0.081,0.087,0.554,0.552,0.252,0.238,0.818,0.179,0.507,0.451,0.507,0.113,0.348,0.085,0.763,0.127,0.355,-0.126,-0.242,0.102,-0.293,-0.047,0.047,-0.307,0.166,0.6,-0.139,0.349,0.107,0.209,0.1,0.149,0.136,0.183,0.213,-0.292,-0.097,-0.062,-0.197,-0.049,0.39,0.124,0.384,-0.172,-0.18,-0.169,0.339,0.227,0.198,0.03,0.012,-0.103,-0.094,0.308,0.008,0.064,0.116,0.145,0.884,0.154,-0.127,-0.204,0.24,-0.057,-0.21,0.354,0.572,0.049,0.16,-0.053,0.52,0.375,0.618,0.377,0.011,0.563,0.176,0.392,0.654,-0.066,-0.144,0.055,0.126,0.699,0.111,0.443,-0.143,-0.11,-0.092,-0.051,-0.068,0.101,-0.129,0.409,0.097,-0.213,-0.235,0.495,0.63,0.131,0.256,0.032,0.602,0.286,0.175,0.391,-0.061,0.433,-0.187,0.287,0.055,0.109,0.365,0.046,-0.035,0.176,-0.071,0.173,0.213,-0.058,-0.052,0.228,-0.105,0.058,0.027,-0.244,0.332,0.464,0.095,0.17,-0.141,0.396,-0.249,0.084,-0.304,-0.244,-0.238,0.241,-0.165,-0.19,0.492,0.061,0.166,0.035,-0.161,0.132,0.404,-0.34,-0.043,0.264,-0.302,0.503,0.705
APA,0.685,0.626,0.68,0.125,0.781,-0.328,-0.158,0.755,0.147,-0.407,0.737,0.421,0.757,-0.12,1.0,0.469,0.734,0.749,-0.268,-0.146,-0.633,0.709,0.575,0.705,0.675,0.598,0.503,0.759,0.691,0.664,-0.349,0.671,0.639,0.774,0.722,0.081,0.651,0.86,0.786,0.548,0.506,0.404,0.631,0.227,0.747,0.573,0.817,0.642,0.79,0.114,-0.431,0.567,0.603,-0.138,0.658,-0.141,-0.336,-0.266,0.671,0.434,-0.135,-0.33,0.753,-0.231,0.843,0.867,0.738,0.845,0.695,0.69,0.462,-0.438,-0.109,0.695,-0.417,0.695,0.322,0.523,0.631,0.618,0.564,0.396,0.815,0.594,0.838,0.811,0.251,0.071,0.143,0.393,0.293,0.695,0.839,0.305,0.447,0.442,0.684,0.819,0.801,0.855,0.104,0.019,0.774,0.594,0.792,0.075,0.565,0.77,0.735,0.625,0.279,0.677,0.54,0.509,0.762,0.575,0.78,-0.324,0.285,-0.233,0.502,0.649,0.159,0.67,0.372,0.35,0.64,0.769,0.731,0.039,0.152,0.78,-0.053,0.836,0.527,0.832,0.693,0.631,0.506,0.561,0.678,0.811,0.69,0.85,-0.423,-0.102,0.684,-0.137,0.765,-0.019,0.169,0.373,0.428,0.848,0.233,0.879,0.05,0.775,-0.093,0.469,0.849,0.763,0.725,0.525,0.552,0.727,0.761,0.765,0.636,0.619,0.442,0.734,0.802,-0.03,0.279,0.601,0.65,0.838,0.285,0.619,0.623,0.842,0.79,0.678,-0.062,0.734,0.793,0.489,0.596,0.282,0.755,0.815,0.611,-0.108,0.668,0.852,0.573,0.817,-0.524,-0.328
APPS,0.313,0.76,0.237,0.532,0.649,-0.225,-0.058,0.363,0.013,0.007,0.693,0.626,0.666,0.481,0.469,1.0,0.435,0.591,0.226,-0.117,-0.525,0.779,0.578,0.548,0.56,0.666,0.459,0.473,0.594,0.426,-0.086,0.35,0.351,0.596,0.576,-0.118,0.212,0.528,0.577,0.744,0.23,0.763,0.628,0.531,0.383,0.694,0.643,0.463,0.639,0.388,0.025,0.537,0.669,0.367,0.55,0.013,-0.156,-0.146,0.67,0.441,-0.365,0.14,0.734,0.033,0.471,0.3,0.708,0.405,0.605,0.572,0.074,-0.112,0.167,0.392,0.042,0.332,0.455,0.26,0.758,0.754,0.62,0.157,0.346,0.495,0.605,0.379,0.382,0.036,0.127,0.698,0.354,0.467,0.405,0.641,0.391,0.559,0.246,0.699,0.509,0.5,0.002,0.093,0.687,0.658,0.578,0.703,0.647,0.447,0.383,0.788,-0.036,0.277,0.614,0.784,0.456,0.67,0.488,-0.167,0.621,0.347,0.653,0.494,0.602,0.595,0.424,0.772,0.656,0.446,0.651,-0.125,0.551,0.653,-0.061,0.464,0.311,0.537,0.443,0.514,0.456,0.433,0.7,0.523,0.459,0.371,-0.054,0.232,0.716,-0.252,0.571,0.31,0.541,0.145,0.6,0.501,0.5,0.445,0.428,0.512,0.065,0.653,0.562,0.563,0.675,0.504,0.373,0.714,0.597,0.5,0.667,0.246,0.642,0.646,0.355,0.134,0.521,0.651,0.719,0.378,0.255,0.27,0.658,0.283,0.267,0.325,-0.1,0.437,0.445,0.656,0.245,0.067,0.442,0.47,0.649,0.106,0.253,0.504,0.772,0.321,-0.245,0.084
ARCC,0.397,0.626,0.737,-0.095,0.813,-0.622,-0.17,0.844,-0.128,-0.504,0.778,0.505,0.725,-0.11,0.734,0.435,1.0,0.73,-0.359,-0.443,-0.702,0.589,0.695,0.753,0.87,0.802,0.469,0.841,0.468,0.648,-0.594,0.695,0.622,0.61,0.707,-0.037,0.579,0.801,0.674,0.426,0.473,0.45,0.648,0.001,0.686,0.739,0.833,0.803,0.797,-0.166,-0.586,0.392,0.398,-0.245,0.452,-0.183,-0.535,-0.472,0.68,0.17,-0.337,-0.359,0.665,-0.567,0.825,0.836,0.761,0.739,0.666,0.801,0.222,-0.189,-0.313,0.648,-0.51,0.594,0.055,0.254,0.695,0.696,0.516,0.223,0.802,0.619,0.858,0.75,0.331,0.026,-0.169,0.288,0.588,0.785,0.749,0.351,0.288,0.316,0.485,0.785,0.819,0.843,-0.188,0.218,0.773,0.63,0.678,0.056,0.574,0.77,0.722,0.66,0.459,0.72,0.485,0.545,0.786,0.759,0.742,-0.411,0.135,-0.262,0.491,0.506,0.172,0.639,0.189,0.274,0.708,0.807,0.84,-0.218,0.091,0.755,-0.214,0.85,0.588,0.869,0.689,0.656,0.296,0.607,0.575,0.792,0.736,0.775,-0.618,-0.365,0.76,-0.277,0.788,-0.281,0.139,0.207,0.401,0.842,-0.005,0.797,0.036,0.886,0.112,0.548,0.715,0.879,0.649,0.569,0.481,0.732,0.708,0.79,0.544,0.603,0.448,0.772,0.753,-0.422,0.126,0.651,0.798,0.707,0.01,0.646,0.715,0.773,0.742,0.512,-0.235,0.722,0.813,0.335,0.362,-0.059,0.681,0.807,0.752,-0.373,0.574,0.807,0.563,0.784,-0.661,-0.429
ARDX,0.337,0.591,0.605,0.133,0.774,-0.521,-0.143,0.766,-0.139,-0.36,0.731,0.471,0.762,-0.012,0.749,0.591,0.73,1.0,-0.109,-0.415,-0.709,0.613,0.742,0.764,0.713,0.712,0.485,0.734,0.536,0.556,-0.456,0.587,0.565,0.582,0.682,-0.049,0.455,0.676,0.67,0.449,0.299,0.592,0.62,0.174,0.494,0.726,0.889,0.624,0.682,-0.044,-0.417,0.431,0.505,-0.045,0.543,-0.323,-0.441,-0.518,0.731,0.265,-0.434,-0.31,0.714,-0.199,0.743,0.621,0.781,0.689,0.639,0.88,0.129,-0.353,-0.332,0.605,-0.31,0.566,0.159,0.323,0.767,0.736,0.482,0.135,0.734,0.565,0.769,0.63,0.389,-0.056,-0.141,0.591,0.582,0.751,0.652,0.494,0.301,0.383,0.354,0.829,0.758,0.702,-0.198,0.201,0.769,0.674,0.578,0.235,0.593,0.735,0.658,0.669,0.265,0.567,0.466,0.554,0.555,0.766,0.62,-0.499,0.323,-0.042,0.475,0.442,0.428,0.647,0.215,0.418,0.665,0.699,0.677,-0.147,0.256,0.691,-0.262,0.768,0.519,0.75,0.584,0.581,0.367,0.611,0.543,0.652,0.686,0.722,-0.42,-0.223,0.746,-0.382,0.66,-0.05,0.305,0.102,0.394,0.707,0.097,0.728,0.293,0.664,0.152,0.68,0.786,0.764,0.714,0.57,0.532,0.715,0.708,0.711,0.652,0.429,0.498,0.724,0.757,-0.186,0.209,0.656,0.739,0.571,-0.048,0.55,0.777,0.725,0.678,0.488,-0.272,0.682,0.639,0.385,0.265,-0.092,0.566,0.692,0.731,-0.263,0.587,0.622,0.67,0.654,-0.562,-0.339
ATER,0.125,-0.112,-0.375,0.562,-0.099,0.235,0.33,-0.407,0.037,0.528,-0.094,-0.0,-0.039,0.246,-0.268,0.226,-0.359,-0.109,1.0,0.399,0.136,0.141,-0.17,-0.321,-0.334,-0.097,-0.074,-0.3,0.116,-0.189,0.596,-0.322,-0.377,-0.007,-0.185,-0.118,-0.385,-0.293,-0.065,0.149,-0.293,0.455,-0.022,0.247,-0.24,-0.158,-0.204,-0.352,-0.046,0.434,0.58,-0.097,0.329,0.407,0.083,0.174,0.214,0.246,-0.148,0.18,-0.172,0.343,0.07,0.524,-0.233,-0.394,-0.104,-0.112,-0.362,-0.279,-0.014,0.23,0.16,-0.31,0.585,-0.355,0.458,-0.149,-0.119,-0.123,0.005,-0.301,-0.299,-0.099,-0.149,-0.197,0.171,-0.2,0.235,0.394,-0.104,-0.377,-0.223,0.268,0.054,0.255,-0.203,-0.254,-0.256,-0.212,-0.009,-0.174,-0.136,-0.109,-0.162,0.283,0.183,-0.249,-0.333,-0.016,-0.568,-0.369,-0.091,0.222,-0.293,-0.111,-0.201,-0.047,0.633,0.347,0.028,0.032,0.423,-0.281,0.231,0.494,-0.082,-0.214,-0.189,0.228,0.075,-0.191,-0.113,-0.251,-0.393,-0.289,-0.232,-0.134,0.29,-0.234,0.049,-0.244,-0.208,-0.293,0.526,0.282,-0.085,0.019,-0.292,0.377,0.693,-0.252,-0.021,-0.185,0.303,-0.244,0.415,-0.285,0.04,0.041,-0.298,-0.232,-0.055,0.141,-0.392,-0.219,-0.162,-0.106,-0.021,-0.313,0.261,-0.24,-0.17,0.433,0.181,-0.089,-0.094,-0.136,0.236,-0.406,-0.144,-0.319,-0.376,-0.061,-0.048,-0.16,-0.285,0.098,-0.194,-0.04,-0.322,-0.14,-0.043,0.649,-0.166,-0.195,0.134,-0.358,0.478,0.488
ATOS,0.291,-0.057,-0.286,0.544,-0.286,0.679,0.143,-0.369,0.599,0.538,-0.348,0.034,-0.251,0.277,-0.146,-0.117,-0.443,-0.415,0.399,1.0,0.408,0.092,-0.452,-0.378,-0.507,-0.433,-0.065,-0.524,0.104,-0.23,0.797,-0.306,-0.253,-0.045,-0.457,0.207,-0.075,-0.185,-0.066,0.18,0.222,-0.102,-0.355,0.412,0.155,-0.511,-0.419,-0.236,-0.122,0.622,0.556,0.185,0.115,0.462,0.107,0.595,0.602,0.723,-0.394,0.412,0.451,0.534,-0.15,0.457,-0.327,-0.205,-0.349,-0.231,-0.399,-0.479,0.041,-0.104,0.68,-0.172,0.33,0.055,0.307,0.224,-0.457,-0.465,-0.096,0.269,-0.449,-0.338,-0.309,-0.243,-0.347,0.351,0.591,-0.095,-0.638,-0.546,-0.221,-0.062,0.291,0.224,0.264,-0.434,-0.434,-0.265,0.548,-0.408,-0.356,-0.443,0.051,0.156,-0.22,-0.442,-0.417,-0.205,-0.316,-0.232,-0.055,0.059,-0.067,-0.538,-0.131,0.507,0.306,0.223,-0.011,0.005,-0.051,-0.301,0.497,0.23,-0.4,-0.275,-0.339,0.596,0.134,-0.26,0.664,-0.291,-0.366,-0.314,-0.179,-0.274,0.224,-0.296,0.13,-0.037,-0.388,-0.332,0.663,0.589,-0.363,0.589,-0.22,0.535,0.045,0.233,-0.03,-0.235,0.261,-0.266,-0.157,-0.3,-0.323,-0.372,-0.233,-0.466,-0.201,-0.369,-0.156,-0.213,-0.246,-0.277,-0.048,-0.06,-0.297,-0.388,-0.226,0.67,0.14,-0.393,-0.386,-0.066,0.591,-0.347,-0.494,-0.246,-0.183,-0.013,0.479,-0.189,-0.273,0.19,0.225,0.469,-0.025,-0.358,-0.402,0.625,-0.236,-0.102,-0.172,-0.427,0.717,0.694
AUPH,-0.268,-0.493,-0.596,-0.01,-0.69,0.479,0.152,-0.569,0.089,0.385,-0.633,-0.423,-0.637,0.146,-0.633,-0.525,-0.702,-0.709,0.136,0.408,1.0,-0.472,-0.711,-0.645,-0.676,-0.74,-0.41,-0.7,-0.507,-0.623,0.556,-0.648,-0.582,-0.497,-0.635,-0.006,-0.475,-0.564,-0.611,-0.443,-0.366,-0.545,-0.624,-0.179,-0.478,-0.738,-0.719,-0.649,-0.586,0.152,0.474,-0.447,-0.403,0.173,-0.502,0.323,0.465,0.552,-0.643,-0.228,0.737,0.341,-0.635,0.276,-0.624,-0.557,-0.701,-0.592,-0.691,-0.624,-0.186,0.303,0.362,-0.587,0.25,-0.376,-0.091,-0.299,-0.72,-0.73,-0.474,0.018,-0.605,-0.636,-0.671,-0.524,-0.483,0.062,0.037,-0.437,-0.562,-0.705,-0.569,-0.418,-0.336,-0.414,-0.292,-0.715,-0.668,-0.632,0.154,-0.184,-0.659,-0.65,-0.475,-0.132,-0.502,-0.641,-0.629,-0.494,-0.177,-0.575,-0.408,-0.469,-0.631,-0.582,-0.633,0.555,-0.338,0.024,-0.37,-0.443,-0.236,-0.594,-0.164,-0.326,-0.655,-0.639,-0.728,0.234,-0.155,-0.603,0.375,-0.635,-0.302,-0.658,-0.597,-0.62,-0.366,-0.604,-0.428,-0.587,-0.614,-0.662,0.491,0.468,-0.663,0.387,-0.603,0.143,-0.219,-0.141,-0.294,-0.634,-0.095,-0.647,-0.29,-0.61,-0.032,-0.44,-0.599,-0.718,-0.614,-0.515,-0.452,-0.626,-0.742,-0.607,-0.58,-0.404,-0.499,-0.683,-0.591,0.185,-0.226,-0.625,-0.729,-0.496,0.031,-0.571,-0.729,-0.548,-0.634,-0.532,0.21,-0.607,-0.6,-0.381,-0.26,0.15,-0.522,-0.612,-0.671,0.34,-0.511,-0.566,-0.602,-0.593,0.633,0.41
AVGO,0.65,0.853,0.382,0.625,0.803,-0.178,0.019,0.543,0.25,-0.048,0.745,0.722,0.806,0.405,0.709,0.779,0.589,0.613,0.141,0.092,-0.472,1.0,0.596,0.58,0.552,0.677,0.542,0.52,0.728,0.532,0.049,0.436,0.41,0.803,0.618,0.054,0.391,0.726,0.679,0.783,0.438,0.663,0.642,0.554,0.656,0.577,0.702,0.634,0.819,0.53,0.009,0.675,0.754,0.302,0.762,0.264,-0.12,0.036,0.693,0.674,-0.097,0.105,0.854,-0.033,0.631,0.557,0.727,0.581,0.576,0.592,0.272,-0.17,0.256,0.545,-0.135,0.583,0.558,0.478,0.662,0.645,0.695,0.364,0.5,0.508,0.731,0.569,0.301,0.194,0.296,0.605,0.204,0.5,0.601,0.559,0.618,0.606,0.576,0.711,0.644,0.685,0.237,-0.029,0.799,0.607,0.843,0.595,0.675,0.483,0.51,0.791,0.131,0.433,0.739,0.904,0.711,0.623,0.663,-0.078,0.691,0.151,0.756,0.698,0.505,0.616,0.634,0.806,0.541,0.644,0.735,0.178,0.5,0.75,0.103,0.652,0.434,0.72,0.579,0.511,0.625,0.42,0.892,0.793,0.523,0.546,-0.069,0.319,0.777,0.028,0.714,0.337,0.512,0.345,0.666,0.687,0.528,0.604,0.308,0.704,-0.052,0.601,0.742,0.685,0.769,0.528,0.42,0.769,0.681,0.663,0.698,0.435,0.6,0.694,0.571,0.169,0.491,0.657,0.777,0.644,0.454,0.383,0.595,0.548,0.539,0.535,0.002,0.615,0.611,0.762,0.531,0.379,0.641,0.605,0.645,0.275,0.383,0.748,0.79,0.491,-0.171,0.16
AZN,0.225,0.612,0.582,0.143,0.803,-0.527,0.049,0.644,-0.087,-0.369,0.701,0.508,0.762,0.076,0.575,0.578,0.695,0.742,-0.17,-0.452,-0.711,0.596,1.0,0.693,0.619,0.773,0.367,0.674,0.469,0.555,-0.522,0.561,0.472,0.648,0.634,-0.047,0.381,0.641,0.534,0.458,0.326,0.503,0.571,0.273,0.4,0.659,0.71,0.626,0.616,0.049,-0.353,0.5,0.445,-0.009,0.555,-0.153,-0.386,-0.425,0.69,0.317,-0.426,-0.219,0.654,-0.217,0.642,0.526,0.787,0.55,0.655,0.751,0.064,-0.326,-0.232,0.541,-0.279,0.512,0.098,0.336,0.759,0.739,0.481,0.155,0.603,0.629,0.704,0.556,0.421,0.107,-0.101,0.55,0.58,0.667,0.539,0.443,0.471,0.245,0.334,0.724,0.746,0.622,-0.023,0.2,0.695,0.76,0.613,0.352,0.53,0.566,0.609,0.662,0.329,0.534,0.488,0.605,0.614,0.769,0.619,-0.331,0.422,0.063,0.489,0.486,0.414,0.572,0.176,0.379,0.563,0.624,0.649,-0.07,0.41,0.695,-0.204,0.667,0.575,0.689,0.611,0.485,0.417,0.542,0.535,0.638,0.69,0.615,-0.445,-0.127,0.769,-0.292,0.676,-0.108,0.273,0.205,0.442,0.642,0.17,0.604,0.424,0.654,0.175,0.743,0.666,0.812,0.755,0.504,0.475,0.695,0.697,0.633,0.641,0.397,0.458,0.699,0.592,-0.272,0.263,0.655,0.786,0.479,-0.014,0.516,0.703,0.559,0.647,0.507,-0.318,0.705,0.607,0.494,0.314,0.007,0.558,0.586,0.681,-0.296,0.503,0.632,0.622,0.611,-0.562,-0.26
BCRX,0.216,0.556,0.624,0.042,0.717,-0.402,-0.249,0.746,-0.161,-0.215,0.739,0.506,0.64,0.021,0.705,0.548,0.753,0.764,-0.321,-0.378,-0.645,0.58,0.693,1.0,0.747,0.704,0.577,0.687,0.54,0.612,-0.504,0.631,0.674,0.57,0.633,0.053,0.562,0.673,0.636,0.571,0.511,0.411,0.556,0.245,0.536,0.676,0.801,0.621,0.631,-0.075,-0.52,0.419,0.38,0.057,0.608,-0.317,-0.388,-0.491,0.684,0.201,-0.396,-0.219,0.639,-0.387,0.701,0.634,0.823,0.587,0.608,0.843,0.263,-0.318,-0.355,0.59,-0.235,0.623,0.101,0.263,0.742,0.726,0.475,0.06,0.67,0.629,0.726,0.547,0.468,0.161,-0.216,0.412,0.501,0.759,0.566,0.565,0.298,0.434,0.406,0.762,0.757,0.695,-0.114,0.265,0.695,0.707,0.598,0.198,0.52,0.655,0.736,0.706,0.432,0.605,0.387,0.535,0.604,0.752,0.616,-0.478,0.156,0.03,0.451,0.394,0.385,0.609,0.231,0.346,0.683,0.66,0.776,-0.322,0.293,0.659,-0.198,0.709,0.505,0.73,0.586,0.675,0.253,0.696,0.527,0.685,0.691,0.633,-0.404,-0.175,0.772,-0.43,0.76,0.078,0.038,0.239,0.439,0.631,0.14,0.682,0.195,0.661,-0.065,0.623,0.744,0.74,0.67,0.405,0.582,0.623,0.616,0.615,0.654,0.447,0.367,0.77,0.589,-0.254,0.188,0.574,0.708,0.499,-0.084,0.597,0.7,0.633,0.565,0.463,0.048,0.548,0.684,0.432,0.137,-0.034,0.48,0.634,0.66,-0.378,0.442,0.629,0.593,0.669,-0.527,-0.248
BGC,0.337,0.603,0.663,-0.146,0.784,-0.646,-0.313,0.749,-0.181,-0.501,0.815,0.42,0.67,-0.113,0.675,0.56,0.87,0.713,-0.334,-0.507,-0.676,0.552,0.619,0.747,1.0,0.788,0.478,0.836,0.438,0.609,-0.634,0.65,0.605,0.61,0.759,-0.08,0.529,0.768,0.666,0.419,0.299,0.495,0.699,-0.064,0.599,0.78,0.828,0.684,0.757,-0.12,-0.633,0.34,0.357,-0.268,0.398,-0.353,-0.57,-0.541,0.657,0.07,-0.366,-0.435,0.64,-0.589,0.787,0.749,0.716,0.7,0.719,0.815,0.194,-0.174,-0.335,0.608,-0.481,0.48,0.116,0.143,0.767,0.768,0.523,0.129,0.751,0.648,0.853,0.705,0.365,-0.164,-0.172,0.283,0.675,0.804,0.682,0.395,0.193,0.323,0.32,0.809,0.762,0.795,-0.294,0.186,0.783,0.668,0.6,0.086,0.569,0.778,0.707,0.664,0.357,0.65,0.51,0.461,0.62,0.807,0.673,-0.497,0.111,-0.203,0.473,0.518,0.229,0.621,0.102,0.234,0.8,0.725,0.84,-0.316,0.093,0.801,-0.291,0.768,0.547,0.83,0.627,0.635,0.141,0.625,0.546,0.657,0.724,0.701,-0.633,-0.35,0.819,-0.37,0.788,-0.276,0.127,0.102,0.405,0.754,-0.0,0.753,0.051,0.791,0.064,0.525,0.66,0.809,0.637,0.591,0.353,0.736,0.678,0.74,0.513,0.522,0.532,0.806,0.676,-0.428,0.088,0.678,0.758,0.623,-0.142,0.647,0.764,0.693,0.581,0.474,-0.292,0.658,0.809,0.363,0.264,-0.123,0.599,0.786,0.724,-0.443,0.563,0.718,0.605,0.741,-0.744,-0.505
BIDU,0.287,0.679,0.595,0.149,0.8,-0.594,-0.147,0.658,-0.191,-0.359,0.76,0.559,0.776,0.098,0.598,0.666,0.802,0.712,-0.097,-0.433,-0.74,0.677,0.773,0.704,0.788,1.0,0.524,0.771,0.537,0.679,-0.52,0.67,0.571,0.676,0.643,-0.124,0.42,0.696,0.656,0.558,0.33,0.675,0.632,0.196,0.561,0.815,0.782,0.737,0.691,-0.007,-0.4,0.458,0.483,-0.091,0.552,-0.165,-0.507,-0.416,0.694,0.246,-0.468,-0.255,0.681,-0.354,0.651,0.558,0.788,0.558,0.711,0.731,0.128,-0.138,-0.232,0.565,-0.258,0.46,0.155,0.196,0.838,0.854,0.528,0.044,0.593,0.693,0.773,0.608,0.527,-0.104,-0.153,0.459,0.74,0.663,0.588,0.601,0.413,0.443,0.382,0.773,0.74,0.687,-0.112,0.179,0.751,0.736,0.623,0.38,0.605,0.617,0.6,0.73,0.253,0.644,0.585,0.688,0.683,0.776,0.703,-0.404,0.406,0.002,0.54,0.506,0.398,0.62,0.264,0.482,0.73,0.65,0.835,-0.246,0.232,0.738,-0.319,0.716,0.451,0.771,0.708,0.631,0.309,0.646,0.589,0.669,0.69,0.647,-0.543,-0.23,0.81,-0.349,0.701,-0.118,0.327,0.193,0.397,0.671,0.137,0.631,0.304,0.762,0.083,0.659,0.662,0.862,0.717,0.527,0.429,0.748,0.665,0.646,0.62,0.499,0.534,0.737,0.578,-0.283,0.273,0.662,0.889,0.539,0.071,0.544,0.875,0.521,0.596,0.521,-0.273,0.702,0.735,0.542,0.277,-0.152,0.553,0.658,0.809,-0.258,0.424,0.659,0.652,0.59,-0.608,-0.322
BILI,0.283,0.488,0.527,0.265,0.552,-0.193,-0.365,0.551,-0.149,-0.078,0.632,0.443,0.357,0.202,0.503,0.459,0.469,0.485,-0.074,-0.065,-0.41,0.542,0.367,0.577,0.478,0.524,1.0,0.425,0.546,0.596,-0.148,0.582,0.596,0.458,0.511,0.03,0.48,0.497,0.675,0.57,0.438,0.383,0.524,0.301,0.5,0.395,0.453,0.398,0.527,0.18,-0.154,0.419,0.392,0.191,0.563,-0.207,-0.138,-0.133,0.473,0.246,-0.184,-0.098,0.458,-0.269,0.464,0.385,0.553,0.357,0.433,0.474,0.123,-0.199,-0.125,0.666,-0.088,0.504,0.277,0.203,0.484,0.456,0.566,-0.011,0.337,0.401,0.527,0.445,0.268,0.029,-0.069,0.198,0.285,0.55,0.309,0.701,0.242,0.414,0.482,0.508,0.522,0.519,0.056,0.221,0.586,0.608,0.422,0.288,0.642,0.468,0.517,0.531,0.293,0.607,0.484,0.435,0.431,0.519,0.641,-0.313,0.221,0.043,0.306,0.404,0.447,0.57,0.493,0.509,0.438,0.526,0.557,-0.215,0.415,0.531,-0.074,0.474,0.294,0.526,0.652,0.574,0.051,0.623,0.448,0.485,0.497,0.488,-0.184,-0.03,0.623,-0.163,0.638,0.325,0.137,0.378,0.516,0.439,0.266,0.467,-0.021,0.521,-0.177,0.461,0.562,0.494,0.544,0.293,0.508,0.446,0.422,0.418,0.593,0.631,0.375,0.663,0.466,-0.107,0.279,0.574,0.523,0.382,0.208,0.42,0.442,0.379,0.419,0.294,0.214,0.342,0.537,0.471,0.21,-0.003,0.233,0.425,0.324,-0.087,0.174,0.455,0.586,0.397,-0.241,0.01
BKR,0.413,0.529,0.709,-0.156,0.823,-0.617,-0.208,0.811,-0.256,-0.456,0.727,0.307,0.692,-0.194,0.759,0.473,0.841,0.734,-0.3,-0.524,-0.7,0.52,0.674,0.687,0.836,0.771,0.425,1.0,0.541,0.7,-0.585,0.734,0.616,0.615,0.749,-0.091,0.549,0.819,0.674,0.446,0.404,0.523,0.667,0.035,0.56,0.759,0.825,0.639,0.73,-0.204,-0.633,0.307,0.439,-0.288,0.435,-0.391,-0.574,-0.515,0.629,0.163,-0.387,-0.412,0.655,-0.522,0.84,0.816,0.787,0.805,0.738,0.755,0.292,-0.249,-0.368,0.625,-0.41,0.563,0.103,0.219,0.769,0.777,0.491,0.155,0.865,0.686,0.882,0.821,0.45,-0.134,-0.212,0.309,0.678,0.749,0.777,0.373,0.278,0.379,0.407,0.815,0.793,0.841,-0.2,0.23,0.742,0.679,0.606,0.046,0.582,0.826,0.703,0.65,0.265,0.704,0.465,0.404,0.702,0.702,0.727,-0.518,0.201,-0.188,0.427,0.473,0.162,0.687,0.157,0.239,0.817,0.753,0.79,-0.227,0.033,0.765,-0.315,0.915,0.541,0.854,0.701,0.692,0.344,0.63,0.485,0.682,0.776,0.848,-0.629,-0.365,0.671,-0.395,0.695,-0.25,0.214,0.195,0.354,0.841,0.0,0.839,0.044,0.828,0.076,0.46,0.757,0.836,0.625,0.614,0.402,0.696,0.684,0.762,0.448,0.558,0.494,0.73,0.745,-0.406,0.213,0.653,0.79,0.715,0.028,0.666,0.778,0.779,0.732,0.593,-0.237,0.753,0.786,0.254,0.355,-0.167,0.657,0.841,0.771,-0.388,0.556,0.758,0.551,0.805,-0.707,-0.536
BLDP,0.538,0.517,0.479,0.415,0.671,-0.053,-0.134,0.493,0.158,-0.089,0.618,0.482,0.572,0.089,0.691,0.594,0.468,0.536,0.116,0.104,-0.507,0.728,0.469,0.54,0.438,0.537,0.546,0.541,1.0,0.717,-0.039,0.63,0.438,0.699,0.587,0.125,0.455,0.593,0.708,0.721,0.494,0.565,0.564,0.438,0.583,0.448,0.557,0.37,0.649,0.382,-0.101,0.525,0.614,0.16,0.753,-0.034,-0.064,-0.072,0.537,0.495,-0.159,-0.077,0.757,-0.041,0.519,0.555,0.654,0.582,0.503,0.445,0.485,-0.345,0.071,0.569,0.057,0.553,0.507,0.381,0.566,0.53,0.568,0.179,0.49,0.586,0.677,0.603,0.451,0.11,0.214,0.427,0.205,0.47,0.48,0.533,0.527,0.664,0.644,0.573,0.597,0.584,0.264,-0.028,0.631,0.597,0.693,0.269,0.587,0.399,0.478,0.684,0.01,0.55,0.453,0.6,0.566,0.464,0.693,-0.272,0.548,0.035,0.518,0.584,0.278,0.431,0.569,0.61,0.654,0.562,0.64,0.14,0.304,0.633,-0.047,0.655,0.273,0.64,0.681,0.715,0.519,0.462,0.555,0.635,0.585,0.579,-0.116,0.149,0.592,-0.07,0.611,0.317,0.364,0.447,0.466,0.563,0.424,0.561,0.194,0.557,-0.307,0.418,0.601,0.569,0.687,0.396,0.321,0.599,0.532,0.474,0.627,0.499,0.484,0.606,0.495,0.17,0.508,0.548,0.582,0.539,0.473,0.43,0.492,0.515,0.515,0.711,0.157,0.572,0.648,0.623,0.343,0.293,0.468,0.493,0.501,0.178,0.262,0.666,0.644,0.472,-0.248,0.012
BLNK,0.397,0.479,0.724,0.041,0.655,-0.463,-0.288,0.613,-0.051,-0.39,0.667,0.437,0.515,-0.114,0.664,0.426,0.648,0.556,-0.189,-0.23,-0.623,0.532,0.555,0.612,0.609,0.679,0.596,0.7,0.717,1.0,-0.437,0.9,0.732,0.72,0.609,0.074,0.653,0.688,0.764,0.6,0.517,0.456,0.594,0.265,0.647,0.497,0.57,0.553,0.598,0.035,-0.377,0.553,0.444,-0.131,0.699,-0.248,-0.406,-0.323,0.561,0.263,-0.23,-0.317,0.538,-0.413,0.6,0.608,0.609,0.57,0.602,0.579,0.359,-0.382,-0.214,0.752,-0.323,0.521,0.327,0.284,0.535,0.525,0.598,0.136,0.505,0.734,0.709,0.692,0.507,-0.032,-0.028,0.145,0.461,0.588,0.561,0.528,0.524,0.362,0.665,0.611,0.652,0.666,0.226,0.208,0.613,0.738,0.589,0.071,0.561,0.521,0.71,0.666,0.284,0.827,0.46,0.394,0.691,0.535,0.853,-0.362,0.293,-0.152,0.368,0.586,0.194,0.512,0.366,0.353,0.65,0.688,0.655,-0.024,0.199,0.66,-0.224,0.728,0.437,0.686,0.936,0.711,0.217,0.719,0.426,0.599,0.793,0.789,-0.465,-0.151,0.666,-0.202,0.717,-0.063,0.213,0.606,0.475,0.638,0.232,0.658,0.05,0.681,-0.076,0.396,0.622,0.679,0.628,0.409,0.544,0.613,0.588,0.573,0.541,0.779,0.393,0.686,0.631,-0.156,0.49,0.619,0.573,0.586,0.332,0.666,0.637,0.589,0.657,0.754,0.134,0.672,0.731,0.483,0.369,0.029,0.482,0.583,0.547,-0.284,0.283,0.646,0.566,0.57,-0.521,-0.275
BYND,0.159,-0.12,-0.561,0.633,-0.355,0.691,0.326,-0.484,0.375,0.749,-0.476,-0.02,-0.323,0.488,-0.349,-0.086,-0.594,-0.456,0.596,0.797,0.556,0.049,-0.522,-0.504,-0.634,-0.52,-0.148,-0.585,-0.039,-0.437,1.0,-0.548,-0.527,-0.228,-0.503,0.055,-0.412,-0.371,-0.352,0.121,-0.025,-0.047,-0.376,0.421,-0.236,-0.523,-0.491,-0.447,-0.219,0.596,0.736,-0.086,0.095,0.639,-0.058,0.566,0.648,0.749,-0.418,0.329,0.365,0.693,-0.172,0.589,-0.431,-0.435,-0.382,-0.359,-0.571,-0.519,-0.104,0.209,0.646,-0.423,0.535,-0.172,0.33,0.01,-0.479,-0.498,-0.171,0.103,-0.512,-0.462,-0.418,-0.395,-0.286,0.249,0.424,0.031,-0.631,-0.636,-0.361,-0.057,0.092,0.175,-0.033,-0.519,-0.54,-0.401,0.389,-0.285,-0.396,-0.475,-0.16,0.314,-0.186,-0.5,-0.568,-0.269,-0.441,-0.528,-0.12,0.077,-0.322,-0.483,-0.383,0.516,0.369,0.376,-0.033,-0.144,0.116,-0.371,0.384,0.344,-0.49,-0.428,-0.443,0.523,0.194,-0.406,0.52,-0.441,-0.476,-0.459,-0.43,-0.417,0.186,-0.538,0.043,-0.227,-0.563,-0.494,0.839,0.636,-0.425,0.512,-0.414,0.633,0.276,0.019,-0.023,-0.368,0.297,-0.438,-0.008,-0.41,-0.145,-0.305,-0.35,-0.574,-0.342,-0.274,-0.316,-0.351,-0.405,-0.353,-0.228,-0.365,-0.186,-0.486,-0.396,0.649,0.212,-0.387,-0.402,-0.239,0.474,-0.57,-0.536,-0.396,-0.442,-0.261,0.379,-0.385,-0.527,0.039,-0.03,0.335,-0.267,-0.438,-0.392,0.802,-0.39,-0.314,-0.155,-0.546,0.886,0.837
