,AAL,AAPL,ABUS,ADBE,ADI,ADMA,AEP,AGNC,AKBA,ALT,AMAT,AMD,AMGN,AMZN,APA,APPS,ARCC,ARDX,ATER,ATOS,AUPH,AVGO,AZN,BCRX,BGC,BIDU,BILI,BKR,BLDP,BLNK,BYND,CAN,CELH,CG,CGC,CHRD,CLNE,CMCSA,COMM,COST,CPB,CPRT,CRON,CRWD,CSCO,CSGP,CSX,CTSH,CZR,DBX,DDOG,DKNG,DLTR,DOCU,DVAX,DXCM,EA,EBAY,ENPH,ERIC,ESPR,ETSY,EXC,EXEL,EXPE,FANG,FAST,FITB,FLEX,FOLD,FOXA,FSLR,FTNT,FUTU,GEN,GERN,GEVO,GILD,GOOG,GOOGL,GPRO,GT,HBAN,HIVE,HON,HST,HUT,IBRX,INTC,IOVA,IQ,IRWD,JBLU,JD,KDP,KHC,LBTYK,LRCX,LYFT,MAR,MARA,MAT,MCHP,MCRB,MDLZ,META,MGNI,MLCO,MNKD,MNST,MOMO,MRNA,MRVL,MSFT,MSTR,MTCH,MU,MVIS,NDAQ,NFLX,NKTR,NNDM,NTES,NTNX,NVAX,NVDA,NWL,NWSA,NXPI,OCGN,OKTA,ON,OPK,PAA,PACB,PAGP,PANW,PARA,PCAR,PDD,PENN,PEP,PLUG,PTEN,PTON,PYPL,QCOM,QUBT,QVCGA,RDFN,REAL,RIOT,ROKU,ROST,RUN,SABR,SAVA,SBUX,SFIX,SGMO,SIRI,SLM,SMCI,SNDL,SONO,STNE,STX,TCOM,TGTX,TIGR,TLRY,TMUS,TRIP,TSCO,TSLA,TTD,TXN,UAL,UNIT,VERU,VKTX,VLY,VOD,VTRS,VXRT,WBA,WBD,WDAY,WDC,WEN,WW,WYNN,XEL,XP,XRAY,XRX,Z,ZION,ZM,ZS
AAL,1.0,0.373,-0.212,0.078,0.394,-0.476,-0.074,0.357,-0.55,-0.362,0.15,0.317,-0.368,0.063,-0.044,0.614,0.561,-0.133,-0.066,-0.321,0.173,0.534,-0.231,-0.181,0.075,0.324,-0.219,0.635,0.009,-0.18,-0.162,-0.474,0.629,-0.481,-0.259,0.446,0.676,0.149,0.751,0.49,0.208,0.689,-0.414,-0.445,-0.163,-0.151,0.678,-0.351,0.463,-0.483,-0.641,0.01,0.348,-0.52,-0.387,-0.287,-0.105,0.059,0.629,0.272,-0.353,0.539,0.101,-0.576,0.448,0.586,0.512,0.668,0.014,0.229,-0.096,0.63,-0.522,-0.067,0.589,-0.226,0.025,-0.383,0.105,0.093,-0.443,0.5,0.64,-0.082,0.649,0.628,-0.274,-0.355,0.468,-0.33,-0.01,0.433,0.884,-0.021,-0.37,0.322,-0.568,-0.239,0.104,0.805,0.365,0.537,-0.058,0.593,0.073,0.408,0.697,0.712,0.044,0.657,0.631,-0.425,-0.261,0.034,0.401,0.646,-0.255,-0.362,0.274,-0.301,-0.416,-0.325,0.152,-0.129,0.036,0.174,0.175,0.705,0.512,0.29,-0.562,0.6,-0.267,0.177,0.354,0.191,0.292,0.549,0.8,-0.255,0.553,-0.073,0.534,0.466,-0.427,-0.145,0.302,0.603,0.11,0.194,0.556,0.477,-0.322,0.395,0.571,0.2,-0.128,0.502,0.097,0.473,0.363,0.632,-0.217,-0.234,-0.489,0.364,0.518,0.662,0.057,0.26,-0.165,0.619,0.632,0.226,-0.005,0.292,0.571,0.96,0.245,-0.012,0.37,0.65,0.25,0.149,0.06,0.401,0.593,-0.003,-0.406,-0.442,-0.276,0.741,0.613,0.082,0.065,0.446,0.444,0.668,-0.146,-0.351
AAPL,0.373,1.0,-0.656,0.647,0.45,-0.432,-0.626,0.743,-0.661,-0.352,-0.026,0.494,0.002,0.738,-0.569,0.679,0.158,0.143,0.222,-0.615,0.415,0.742,0.28,-0.025,-0.469,0.242,0.536,0.096,0.647,-0.646,-0.213,-0.57,0.505,-0.72,-0.576,-0.331,0.407,0.162,0.458,0.656,0.725,0.642,-0.594,0.068,-0.553,0.454,0.641,-0.381,0.693,-0.465,-0.259,0.463,0.692,-0.116,-0.576,-0.103,0.314,0.726,0.57,0.154,-0.586,0.4,-0.343,-0.601,0.773,0.121,0.65,0.281,-0.498,-0.17,0.349,0.625,-0.191,-0.377,0.66,0.267,0.549,-0.621,0.657,0.724,-0.405,0.156,0.23,-0.251,0.569,0.077,-0.518,-0.632,0.677,-0.088,-0.439,0.717,0.457,0.563,-0.617,0.299,-0.49,-0.472,-0.243,0.591,0.032,-0.063,0.442,0.537,0.612,0.741,0.61,0.52,0.336,0.551,0.548,-0.664,-0.256,0.684,0.571,0.283,-0.63,-0.528,0.142,0.171,-0.55,-0.668,0.637,-0.379,-0.47,0.754,-0.392,0.533,0.638,-0.36,-0.228,0.224,-0.569,-0.495,0.63,-0.511,0.632,0.55,0.297,-0.05,0.641,0.129,0.659,-0.123,0.085,0.326,0.653,0.421,-0.441,0.702,0.669,0.354,-0.241,0.116,0.784,-0.398,0.012,0.507,0.632,0.077,-0.233,0.535,-0.536,-0.642,-0.512,0.463,0.394,0.429,0.63,0.217,-0.534,0.583,0.599,0.786,0.666,0.398,0.78,0.349,0.024,-0.411,0.625,0.136,-0.261,-0.355,-0.599,-0.194,0.52,0.581,-0.606,-0.679,-0.661,0.493,0.009,-0.308,-0.377,0.757,0.632,0.11,0.481,0.316
ABUS,-0.212,-0.656,1.0,-0.546,-0.542,0.432,0.694,-0.632,0.614,0.542,-0.135,-0.134,-0.058,-0.498,0.636,-0.479,-0.057,-0.137,-0.233,0.611,-0.051,-0.421,-0.183,-0.04,0.605,-0.191,-0.279,0.051,-0.527,0.609,0.403,0.697,-0.39,0.619,0.66,0.355,-0.158,-0.304,-0.213,-0.369,-0.711,-0.48,0.67,0.156,0.601,-0.21,-0.518,0.43,-0.599,0.683,0.428,-0.561,-0.713,0.454,0.803,0.411,0.147,-0.47,-0.401,-0.026,0.767,-0.086,0.31,0.679,-0.622,-0.155,-0.349,-0.234,0.688,0.496,-0.342,-0.561,0.473,0.509,-0.575,-0.239,-0.567,0.575,-0.653,-0.62,0.692,-0.35,-0.21,0.423,-0.603,-0.127,0.557,0.738,-0.51,0.498,0.482,-0.531,-0.352,-0.653,0.376,-0.265,0.396,0.523,0.357,-0.463,0.252,0.24,-0.56,-0.647,-0.636,-0.528,-0.49,-0.493,-0.312,-0.309,-0.465,0.775,0.476,-0.331,-0.639,-0.182,0.63,0.593,-0.031,0.076,0.67,0.666,-0.365,0.555,0.653,-0.718,0.36,-0.517,-0.508,0.243,0.356,-0.197,0.725,0.472,-0.586,0.457,-0.452,-0.411,-0.26,0.241,-0.562,-0.242,-0.537,0.147,0.207,0.062,-0.427,-0.493,0.489,-0.554,-0.538,-0.056,0.433,-0.291,-0.507,0.347,-0.083,-0.592,-0.62,0.053,0.189,-0.555,0.693,0.541,0.602,-0.35,-0.253,-0.419,-0.489,-0.273,0.641,-0.509,-0.438,-0.591,-0.671,0.033,-0.63,-0.243,0.248,0.538,-0.522,-0.185,0.223,0.422,0.669,0.238,-0.434,-0.554,0.629,0.475,0.538,-0.45,0.084,0.556,0.403,-0.638,-0.523,-0.141,-0.346,-0.142
ADBE,0.078,0.647,-0.546,1.0,0.483,-0.433,-0.677,0.509,-0.444,-0.318,-0.254,0.483,0.374,0.798,-0.695,0.453,-0.199,0.051,0.171,-0.701,0.067,0.53,0.278,-0.169,-0.613,0.213,0.695,-0.318,0.621,-0.643,-0.172,-0.521,0.363,-0.52,-0.513,-0.456,0.242,0.093,0.212,0.503,0.614,0.455,-0.469,0.392,-0.537,0.397,0.339,-0.236,0.55,-0.217,0.023,0.672,0.727,0.102,-0.505,-0.083,0.244,0.598,0.437,0.164,-0.505,0.182,-0.474,-0.348,0.564,-0.262,0.333,-0.085,-0.617,-0.284,0.498,0.497,0.132,-0.319,0.542,0.643,0.637,-0.639,0.844,0.762,-0.305,-0.021,-0.178,-0.409,0.484,-0.163,-0.478,-0.611,0.476,-0.058,-0.489,0.51,0.069,0.768,-0.376,0.085,-0.12,-0.641,-0.189,0.279,-0.234,-0.399,0.512,0.298,0.629,0.802,0.411,0.247,0.457,0.386,0.438,-0.404,-0.246,0.663,0.44,0.02,-0.535,-0.302,0.143,0.605,-0.444,-0.56,0.758,-0.255,-0.471,0.644,-0.607,0.27,0.498,-0.565,0.211,-0.074,-0.543,-0.582,0.547,-0.589,0.584,0.436,-0.122,-0.07,0.446,0.264,0.529,-0.441,0.118,0.436,0.454,0.194,-0.347,0.743,0.483,0.091,0.07,-0.169,0.515,-0.537,0.052,0.515,0.553,-0.159,-0.511,0.399,-0.427,-0.687,-0.339,0.368,0.044,0.258,0.565,-0.008,-0.499,0.353,0.487,0.659,0.677,0.281,0.501,-0.001,-0.074,-0.465,0.557,-0.225,-0.476,-0.252,-0.671,-0.494,0.41,0.94,-0.47,-0.547,-0.575,0.211,-0.301,-0.159,-0.491,0.486,0.568,-0.27,0.646,0.56
ADI,0.394,0.45,-0.542,0.483,1.0,-0.492,-0.366,0.492,-0.494,-0.441,0.252,0.32,0.189,0.488,-0.332,0.403,0.136,-0.076,0.089,-0.546,-0.089,0.613,0.251,0.037,-0.306,0.238,0.175,0.224,0.276,-0.354,-0.303,-0.583,0.459,-0.448,-0.453,-0.004,0.259,0.319,0.337,0.399,0.547,0.615,-0.544,-0.137,-0.47,0.078,0.625,-0.214,0.479,-0.493,-0.401,0.485,0.642,-0.336,-0.553,-0.202,0.014,0.392,0.497,0.483,-0.511,0.131,-0.186,-0.53,0.55,0.353,0.438,0.426,-0.358,-0.167,0.28,0.56,-0.38,-0.183,0.53,0.333,0.223,-0.417,0.509,0.494,-0.517,0.403,0.341,-0.376,0.6,0.256,-0.477,-0.57,0.516,-0.415,-0.374,0.542,0.511,0.436,-0.096,0.458,-0.2,-0.324,-0.249,0.52,-0.066,0.113,0.484,0.567,0.565,0.519,0.608,0.602,0.337,0.445,0.607,-0.464,-0.458,0.338,0.615,0.376,-0.431,-0.475,0.05,0.02,-0.634,-0.523,0.388,-0.342,-0.447,0.529,-0.131,0.609,0.764,-0.184,-0.275,0.527,-0.587,-0.316,0.561,-0.324,0.262,0.499,0.324,-0.081,0.552,0.375,0.51,0.218,-0.246,0.036,0.604,0.606,-0.23,0.412,0.609,0.13,-0.277,0.398,0.54,-0.075,0.278,0.689,0.483,0.171,0.094,0.638,-0.522,-0.412,-0.495,0.467,0.359,0.555,0.338,0.491,-0.459,0.493,0.595,0.498,0.447,0.126,0.675,0.415,-0.124,-0.364,0.532,0.324,0.179,-0.141,-0.315,-0.057,0.545,0.498,-0.544,-0.443,-0.39,0.567,0.028,-0.212,-0.25,0.513,0.42,0.365,0.214,-0.027
ADMA,-0.476,-0.432,0.432,-0.433,-0.492,1.0,0.397,-0.42,0.468,0.37,0.03,-0.369,0.171,-0.315,0.466,-0.555,-0.322,-0.004,-0.066,0.473,-0.218,-0.502,0.258,0.121,0.358,-0.37,-0.072,-0.243,-0.156,0.516,0.138,0.53,-0.634,0.572,0.539,0.027,-0.621,0.002,-0.63,-0.593,-0.456,-0.65,0.609,0.191,0.302,0.139,-0.575,0.571,-0.634,0.438,0.456,-0.349,-0.489,0.366,0.487,0.223,-0.032,-0.299,-0.61,-0.073,0.443,-0.394,0.311,0.57,-0.444,-0.264,-0.443,-0.231,0.45,-0.056,-0.054,-0.621,0.373,0.264,-0.596,-0.097,-0.376,0.558,-0.412,-0.384,0.387,-0.233,-0.193,0.157,-0.547,-0.287,0.367,0.527,-0.443,0.207,0.187,-0.631,-0.418,-0.388,0.436,-0.249,0.485,0.516,-0.047,-0.583,-0.195,0.022,-0.227,-0.52,-0.35,-0.52,-0.611,-0.577,-0.306,-0.555,-0.673,0.508,0.482,-0.35,-0.504,-0.438,0.473,0.523,-0.213,0.046,0.558,0.505,-0.358,0.232,0.188,-0.488,0.194,-0.621,-0.49,0.111,0.352,-0.305,0.433,0.198,-0.561,0.167,-0.39,-0.497,-0.426,0.096,-0.648,0.097,-0.663,-0.089,0.105,0.003,-0.29,-0.546,0.192,-0.485,-0.582,-0.438,0.291,-0.121,-0.572,0.205,-0.044,-0.406,-0.223,-0.299,0.084,-0.568,0.369,0.367,0.605,-0.532,-0.256,-0.385,-0.304,-0.266,0.366,-0.596,-0.519,-0.529,-0.374,-0.26,-0.589,-0.393,-0.198,0.17,-0.369,-0.24,0.181,0.051,0.254,0.014,-0.438,-0.343,0.62,0.525,0.439,-0.46,-0.267,0.096,0.389,-0.461,-0.61,-0.182,-0.204,-0.082
AEP,-0.074,-0.626,0.694,-0.677,-0.366,0.397,1.0,-0.611,0.572,0.511,0.073,-0.239,-0.135,-0.659,0.641,-0.548,0.223,-0.281,-0.366,0.561,-0.115,-0.439,-0.375,-0.138,0.713,-0.111,-0.526,0.238,-0.618,0.651,0.328,0.601,-0.438,0.494,0.643,0.351,-0.308,-0.254,-0.239,-0.441,-0.721,-0.426,0.536,-0.157,0.676,-0.251,-0.363,0.333,-0.678,0.426,0.077,-0.635,-0.641,0.126,0.67,0.196,0.02,-0.628,-0.476,0.203,0.758,-0.128,0.695,0.412,-0.638,0.092,-0.256,0.072,0.667,0.456,-0.44,-0.504,0.106,0.451,-0.46,-0.457,-0.632,0.611,-0.76,-0.725,0.408,-0.247,0.071,0.391,-0.502,0.165,0.357,0.739,-0.514,0.235,0.636,-0.563,-0.163,-0.745,0.493,-0.188,0.395,0.606,0.382,-0.321,0.264,0.412,-0.617,-0.488,-0.664,-0.502,-0.361,-0.316,-0.634,-0.369,-0.487,0.719,0.467,-0.407,-0.531,-0.139,0.683,0.445,0.192,-0.103,0.624,0.65,-0.614,0.534,0.607,-0.7,0.487,-0.349,-0.499,0.533,0.117,-0.03,0.629,0.594,-0.59,0.629,-0.626,-0.44,-0.063,0.162,-0.594,-0.095,-0.561,0.319,-0.022,-0.158,-0.439,-0.313,0.707,-0.641,-0.538,-0.178,0.337,-0.071,-0.516,0.492,-0.184,-0.509,-0.69,0.092,0.377,-0.482,0.725,0.694,0.371,-0.319,0.053,-0.194,-0.624,-0.166,0.627,-0.399,-0.419,-0.668,-0.725,-0.01,-0.597,-0.074,0.291,0.546,-0.585,0.162,0.387,0.253,0.66,0.47,-0.441,-0.716,0.56,0.58,0.612,-0.324,0.337,0.555,0.583,-0.616,-0.597,0.198,-0.521,-0.358
AGNC,0.357,0.743,-0.632,0.509,0.492,-0.42,-0.611,1.0,-0.62,-0.413,-0.082,0.296,0.012,0.661,-0.467,0.474,0.036,0.253,0.218,-0.577,0.177,0.611,0.393,-0.085,-0.504,0.147,0.39,0.144,0.507,-0.621,-0.374,-0.587,0.403,-0.579,-0.554,-0.307,0.305,0.421,0.275,0.501,0.691,0.563,-0.612,0.037,-0.56,0.348,0.726,-0.211,0.695,-0.52,-0.314,0.496,0.69,-0.26,-0.604,-0.346,0.1,0.641,0.442,0.061,-0.566,0.176,-0.326,-0.526,0.897,0.14,0.487,0.405,-0.528,-0.21,0.41,0.537,-0.263,-0.507,0.52,0.272,0.582,-0.495,0.726,0.804,-0.5,0.402,0.297,-0.433,0.635,0.196,-0.431,-0.514,0.655,-0.282,-0.498,0.694,0.473,0.623,-0.508,0.285,-0.407,-0.594,-0.268,0.613,-0.218,-0.093,0.504,0.56,0.714,0.563,0.633,0.535,0.394,0.457,0.554,-0.631,-0.463,0.422,0.668,0.193,-0.617,-0.574,0.106,-0.025,-0.593,-0.672,0.515,-0.447,-0.523,0.666,-0.132,0.503,0.634,-0.286,-0.274,0.213,-0.449,-0.529,0.624,-0.511,0.402,0.528,0.268,-0.311,0.607,0.149,0.531,-0.062,-0.058,0.19,0.53,0.453,-0.355,0.686,0.607,0.178,-0.423,0.125,0.788,-0.423,0.056,0.573,0.748,0.058,-0.137,0.626,-0.5,-0.698,-0.546,0.43,0.424,0.38,0.605,0.133,-0.557,0.485,0.614,0.681,0.641,0.069,0.814,0.371,-0.133,-0.424,0.675,0.281,-0.15,-0.225,-0.516,-0.075,0.539,0.54,-0.634,-0.646,-0.663,0.582,-0.047,-0.35,-0.455,0.866,0.579,0.138,0.459,0.256
AKBA,-0.55,-0.661,0.614,-0.444,-0.494,0.468,0.572,-0.62,1.0,0.528,-0.095,-0.282,0.271,-0.51,0.43,-0.632,-0.259,-0.008,-0.061,0.576,-0.125,-0.651,-0.155,0.065,0.314,-0.383,-0.243,-0.261,-0.357,0.584,0.326,0.686,-0.511,0.678,0.581,0.066,-0.503,-0.247,-0.554,-0.521,-0.531,-0.617,0.55,0.169,0.42,-0.117,-0.656,0.406,-0.667,0.542,0.406,-0.341,-0.702,0.375,0.677,0.369,0.032,-0.493,-0.578,-0.129,0.742,-0.319,0.269,0.609,-0.683,-0.172,-0.486,-0.41,0.381,0.224,-0.241,-0.675,0.376,0.306,-0.64,-0.121,-0.279,0.605,-0.522,-0.509,0.565,-0.352,-0.292,0.369,-0.628,-0.277,0.527,0.735,-0.476,0.316,0.278,-0.608,-0.585,-0.445,0.476,-0.3,0.499,0.549,0.283,-0.665,0.027,-0.048,-0.453,-0.622,-0.542,-0.581,-0.669,-0.567,-0.359,-0.587,-0.712,0.665,0.352,-0.25,-0.643,-0.444,0.561,0.51,-0.189,0.107,0.646,0.611,-0.488,0.369,0.433,-0.504,0.267,-0.603,-0.633,0.178,0.375,-0.41,0.603,0.336,-0.588,0.298,-0.442,-0.648,-0.49,0.33,-0.704,-0.094,-0.608,-0.043,0.145,-0.036,-0.584,-0.586,0.32,-0.493,-0.655,-0.301,0.343,-0.223,-0.668,0.289,-0.006,-0.515,-0.451,-0.163,-0.004,-0.666,0.525,0.481,0.521,-0.492,-0.431,-0.546,-0.391,-0.308,0.55,-0.617,-0.669,-0.462,-0.444,-0.167,-0.7,-0.55,0.031,0.296,-0.629,-0.382,0.067,0.143,0.479,0.007,-0.626,-0.459,0.562,0.543,0.522,-0.625,-0.194,0.305,0.246,-0.669,-0.635,-0.226,-0.18,-0.014
ALT,-0.362,-0.352,0.542,-0.318,-0.441,0.37,0.511,-0.413,0.528,1.0,-0.051,0.006,-0.027,-0.159,0.531,-0.378,-0.088,0.139,0.089,0.536,0.339,-0.204,-0.233,0.136,0.497,-0.162,-0.051,0.094,-0.192,0.499,0.507,0.598,-0.36,0.392,0.454,0.103,-0.186,-0.316,-0.201,-0.108,-0.367,-0.344,0.399,0.096,0.33,-0.02,-0.429,0.281,-0.517,0.409,0.222,-0.454,-0.405,0.463,0.586,0.536,0.458,-0.188,-0.226,-0.062,0.574,0.12,0.276,0.549,-0.546,-0.055,0.027,-0.222,0.489,0.452,-0.334,-0.496,0.24,0.379,-0.461,0.02,-0.384,0.455,-0.403,-0.389,0.56,-0.473,-0.204,0.653,-0.57,-0.175,0.581,0.527,-0.282,0.569,0.255,-0.15,-0.377,-0.443,0.09,0.011,0.098,0.55,0.058,-0.484,0.348,0.151,-0.386,-0.484,-0.451,-0.345,-0.394,-0.47,-0.182,-0.226,-0.488,0.524,0.258,0.008,-0.505,-0.092,0.319,0.51,-0.141,0.288,0.504,0.538,-0.328,0.473,0.616,-0.417,0.242,-0.481,-0.375,0.13,0.295,-0.278,0.746,0.394,-0.461,0.376,-0.135,-0.388,-0.28,0.43,-0.529,-0.058,-0.394,0.121,0.426,0.173,-0.306,-0.531,0.243,-0.342,-0.458,0.153,0.381,-0.25,-0.26,0.134,-0.004,-0.594,-0.283,0.156,0.047,-0.633,0.477,0.276,0.4,-0.274,-0.094,-0.411,-0.223,-0.124,0.608,-0.372,-0.621,-0.235,-0.437,0.189,-0.424,-0.391,0.272,0.418,-0.291,-0.257,0.066,0.097,0.487,0.314,-0.441,-0.315,0.374,0.322,0.328,-0.574,0.099,0.161,0.175,-0.401,-0.408,-0.214,-0.071,-0.084
AMAT,0.15,-0.026,-0.135,-0.254,0.252,0.03,0.073,-0.082,-0.095,-0.051,1.0,-0.173,-0.043,-0.226,0.131,0.159,0.144,-0.137,0.217,0.109,-0.095,0.068,-0.044,0.504,0.098,0.018,-0.275,0.389,-0.186,0.175,-0.272,-0.171,0.18,-0.036,-0.054,0.306,0.023,0.302,0.067,-0.096,0.085,0.119,-0.082,-0.368,-0.122,-0.173,0.198,-0.068,0.078,-0.276,-0.209,0.032,0.133,-0.261,-0.183,0.027,-0.215,0.004,0.14,0.267,-0.188,0.047,0.11,-0.172,-0.073,0.628,0.119,0.303,0.055,-0.087,-0.112,0.185,-0.404,-0.016,0.125,-0.034,-0.346,0.037,-0.202,-0.206,-0.221,0.204,0.402,0.135,0.159,0.108,-0.011,-0.148,0.083,-0.277,0.004,0.0,0.265,-0.246,0.007,0.442,-0.27,0.411,-0.326,0.216,0.153,0.358,-0.116,0.328,-0.118,-0.108,0.218,0.289,-0.063,0.106,0.108,-0.181,-0.101,-0.247,0.325,0.247,-0.053,-0.184,-0.184,-0.343,-0.231,-0.109,-0.217,-0.131,0.038,0.06,0.189,0.338,0.181,0.144,-0.411,0.555,-0.18,0.081,0.132,0.075,-0.072,0.34,0.378,0.124,0.168,0.367,0.073,0.442,-0.322,-0.396,0.167,0.394,-0.235,-0.217,0.186,0.102,-0.256,0.593,0.002,0.325,0.474,0.133,0.027,0.094,0.364,0.213,-0.305,0.203,-0.077,0.099,0.105,0.249,-0.058,0.572,-0.03,0.262,0.167,-0.017,-0.002,0.042,0.095,0.226,-0.132,-0.122,-0.062,0.398,0.485,-0.099,0.221,0.352,0.156,-0.171,-0.085,-0.155,-0.037,0.228,0.304,-0.318,0.113,-0.01,-0.003,0.388,-0.338,-0.311
AMD,0.317,0.494,-0.134,0.483,0.32,-0.369,-0.239,0.296,-0.282,0.006,-0.173,1.0,0.076,0.487,-0.216,0.317,0.288,-0.029,-0.101,-0.415,0.339,0.726,0.017,-0.173,-0.093,0.392,0.341,0.137,0.31,-0.132,0.318,-0.179,0.306,-0.322,-0.126,0.035,0.411,-0.106,0.411,0.812,0.363,0.621,-0.218,0.18,-0.212,0.397,0.305,-0.112,0.333,-0.026,-0.083,0.232,0.431,0.17,-0.09,0.275,0.642,0.396,0.72,0.212,-0.179,0.508,-0.077,-0.219,0.355,0.072,0.589,0.002,-0.151,0.247,0.159,0.425,0.082,0.087,0.522,0.158,0.266,-0.334,0.293,0.345,0.023,-0.094,-0.054,0.017,0.27,0.251,-0.168,-0.331,0.479,0.234,-0.049,0.525,0.268,0.226,-0.379,0.32,-0.254,-0.26,0.125,0.352,0.242,0.112,0.053,0.172,0.26,0.486,0.3,0.199,0.193,0.658,0.377,-0.183,0.007,0.649,0.164,0.392,-0.233,0.026,0.098,0.445,-0.293,-0.048,0.643,0.087,0.05,0.386,-0.298,0.242,0.484,-0.251,0.082,0.103,-0.204,-0.15,0.308,-0.191,0.373,0.418,0.11,-0.023,0.339,0.007,0.333,0.088,0.202,0.635,0.518,0.119,-0.036,0.383,0.351,0.437,0.158,-0.151,0.629,-0.19,-0.093,0.268,0.167,0.077,-0.101,0.219,-0.131,-0.339,-0.195,0.251,0.184,0.264,0.378,0.064,0.159,0.315,0.355,0.438,0.245,0.659,0.481,0.203,0.443,0.155,0.364,-0.065,-0.12,-0.142,-0.316,-0.188,0.367,0.333,-0.305,-0.354,-0.387,0.146,0.224,0.13,-0.073,0.264,0.364,-0.108,0.363,0.304
AMGN,-0.368,0.002,-0.058,0.374,0.189,0.171,-0.135,0.012,0.271,-0.027,-0.043,0.076,1.0,0.228,-0.179,-0.257,-0.475,-0.018,0.026,-0.092,-0.244,-0.032,0.423,0.073,-0.232,-0.141,0.42,-0.456,0.155,-0.035,-0.036,0.1,-0.237,0.205,0.106,-0.326,-0.422,0.18,-0.414,-0.183,0.122,-0.224,0.168,0.466,-0.19,0.423,-0.164,0.409,-0.184,0.227,0.357,0.515,0.14,0.31,0.036,0.203,0.095,0.162,-0.174,0.188,0.107,-0.364,-0.059,0.245,0.062,-0.334,-0.189,-0.243,-0.189,-0.227,0.417,-0.159,0.362,-0.062,-0.096,0.533,0.059,0.126,0.283,0.26,0.119,-0.189,-0.214,-0.197,0.128,-0.327,0.014,0.074,-0.024,0.06,-0.211,-0.159,-0.314,0.276,0.15,0.076,0.45,-0.047,-0.321,-0.279,-0.356,-0.32,0.194,-0.21,0.238,0.133,-0.167,-0.3,0.121,-0.193,-0.268,0.179,0.2,0.259,-0.031,-0.408,0.085,0.171,-0.109,0.42,0.121,0.008,0.376,-0.084,-0.21,0.044,-0.255,-0.292,0.164,-0.343,0.407,-0.257,-0.024,-0.269,-0.024,-0.347,-0.066,-0.084,-0.468,0.111,-0.202,0.447,-0.192,-0.368,0.044,0.295,0.097,-0.255,-0.117,0.035,-0.106,-0.354,0.243,-0.113,-0.069,-0.261,0.235,0.312,0.298,-0.478,-0.262,-0.145,-0.034,-0.175,0.243,-0.188,-0.196,-0.135,0.184,-0.151,-0.053,-0.252,-0.003,0.17,0.153,-0.021,-0.085,-0.363,-0.204,-0.277,-0.019,-0.411,-0.144,-0.193,-0.269,-0.384,-0.056,0.377,0.163,0.004,0.019,-0.205,-0.536,0.011,-0.128,-0.086,-0.167,-0.299,0.25,0.29
AMZN,0.063,0.738,-0.498,0.798,0.488,-0.315,-0.659,0.661,-0.51,-0.159,-0.226,0.487,0.228,1.0,-0.532,0.449,-0.222,0.182,0.283,-0.593,0.263,0.643,0.474,-0.057,-0.494,0.155,0.651,-0.11,0.621,-0.56,-0.233,-0.472,0.376,-0.478,-0.537,-0.429,0.251,0.17,0.277,0.54,0.67,0.458,-0.489,0.282,-0.606,0.534,0.44,-0.128,0.542,-0.289,-0.076,0.628,0.655,0.071,-0.506,0.043,0.443,0.705,0.454,0.152,-0.518,0.208,-0.429,-0.306,0.683,-0.153,0.512,0.058,-0.426,-0.244,0.378,0.439,0.024,-0.335,0.445,0.556,0.533,-0.575,0.833,0.846,-0.28,0.053,-0.068,-0.331,0.416,-0.113,-0.405,-0.571,0.494,-0.031,-0.532,0.694,0.148,0.683,-0.396,0.264,-0.23,-0.513,-0.31,0.305,-0.185,-0.336,0.548,0.303,0.725,0.738,0.404,0.243,0.484,0.454,0.493,-0.493,-0.324,0.644,0.434,0.102,-0.61,-0.366,0.06,0.441,-0.453,-0.584,0.672,-0.329,-0.495,0.628,-0.374,0.255,0.637,-0.541,0.098,-0.063,-0.399,-0.641,0.536,-0.645,0.581,0.42,-0.059,-0.062,0.496,0.2,0.488,-0.302,0.237,0.496,0.572,0.182,-0.468,0.748,0.488,0.175,-0.086,-0.104,0.669,-0.584,0.083,0.458,0.688,0.013,-0.358,0.357,-0.499,-0.724,-0.339,0.391,0.212,0.151,0.62,0.066,-0.501,0.369,0.413,0.694,0.641,0.272,0.641,0.002,-0.06,-0.435,0.661,-0.135,-0.302,-0.32,-0.598,-0.361,0.351,0.807,-0.529,-0.57,-0.623,0.237,-0.255,-0.306,-0.551,0.662,0.574,-0.227,0.627,0.442
APA,-0.044,-0.569,0.636,-0.695,-0.332,0.466,0.641,-0.467,0.43,0.531,0.131,-0.216,-0.179,-0.532,1.0,-0.5,0.295,-0.101,-0.249,0.781,-0.078,-0.252,-0.219,0.063,0.835,-0.024,-0.421,0.418,-0.543,0.798,0.329,0.667,-0.455,0.548,0.635,0.577,-0.197,-0.096,-0.156,-0.312,-0.584,-0.393,0.509,-0.264,0.568,-0.219,-0.327,0.505,-0.63,0.288,0.03,-0.632,-0.574,0.104,0.628,0.232,0.07,-0.527,-0.33,0.192,0.525,-0.049,0.511,0.331,-0.519,0.239,-0.19,0.15,0.784,0.447,-0.541,-0.489,0.04,0.52,-0.456,-0.272,-0.659,0.605,-0.669,-0.622,0.445,-0.033,0.207,0.566,-0.428,0.252,0.569,0.596,-0.268,0.287,0.539,-0.367,0.016,-0.747,0.4,0.073,0.164,0.745,0.308,-0.29,0.458,0.553,-0.587,-0.402,-0.606,-0.565,-0.376,-0.316,-0.388,-0.265,-0.457,0.533,0.412,-0.336,-0.589,0.122,0.593,0.484,-0.121,-0.142,0.596,0.622,-0.52,0.547,0.531,-0.68,0.615,-0.382,-0.312,0.552,0.046,0.138,0.63,0.668,-0.637,0.65,-0.508,-0.413,0.014,0.231,-0.552,-0.142,-0.539,0.565,0.052,-0.105,-0.255,-0.365,0.433,-0.638,-0.534,0.119,0.251,0.1,-0.374,0.563,-0.154,-0.4,-0.484,0.302,0.597,-0.432,0.504,0.536,0.4,-0.413,0.158,-0.115,-0.62,-0.116,0.584,-0.349,-0.491,-0.538,-0.774,-0.058,-0.438,0.039,0.148,0.597,-0.284,0.154,0.532,0.339,0.616,0.562,-0.318,-0.647,0.5,0.436,0.473,-0.314,0.308,0.373,0.589,-0.479,-0.548,0.265,-0.513,-0.513
APPS,0.614,0.679,-0.479,0.453,0.403,-0.555,-0.548,0.474,-0.632,-0.378,0.159,0.317,-0.257,0.449,-0.5,1.0,0.126,0.148,0.426,-0.524,0.409,0.549,0.057,0.142,-0.383,0.172,0.145,0.272,0.438,-0.547,-0.385,-0.737,0.87,-0.691,-0.648,-0.049,0.733,0.144,0.719,0.536,0.549,0.72,-0.655,-0.24,-0.555,-0.056,0.661,-0.584,0.791,-0.555,-0.427,0.365,0.625,-0.295,-0.619,-0.15,-0.061,0.466,0.654,-0.021,-0.671,0.521,-0.382,-0.541,0.565,0.338,0.634,0.34,-0.436,-0.03,0.096,0.862,-0.413,-0.358,0.698,0.164,0.34,-0.678,0.48,0.45,-0.518,0.35,0.336,-0.231,0.606,0.162,-0.447,-0.706,0.58,-0.245,-0.493,0.677,0.536,0.362,-0.641,0.378,-0.665,-0.41,-0.272,0.741,0.103,0.104,0.261,0.699,0.448,0.653,0.749,0.704,0.392,0.629,0.702,-0.67,-0.54,0.237,0.597,0.419,-0.67,-0.634,0.115,-0.12,-0.621,-0.71,0.399,-0.511,-0.26,0.584,-0.197,0.782,0.567,-0.105,-0.517,0.386,-0.469,-0.328,0.764,-0.325,0.715,0.588,0.593,-0.142,0.85,0.082,0.865,0.02,-0.23,-0.07,0.445,0.648,-0.486,0.614,0.832,0.415,-0.416,0.314,0.633,-0.216,0.256,0.468,0.458,0.397,-0.018,0.719,-0.61,-0.507,-0.582,0.563,0.183,0.46,0.476,0.485,-0.536,0.833,0.707,0.637,0.549,0.322,0.663,0.565,0.089,-0.45,0.538,0.339,-0.037,-0.189,-0.233,-0.014,0.53,0.418,-0.65,-0.752,-0.634,0.631,0.309,-0.354,-0.407,0.653,0.826,0.258,0.225,-0.029
ARCC,0.561,0.158,-0.057,-0.199,0.136,-0.322,0.223,0.036,-0.259,-0.088,0.144,0.288,-0.475,-0.222,0.295,0.126,1.0,-0.214,-0.44,0.073,0.178,0.397,-0.464,-0.231,0.416,0.524,-0.204,0.586,-0.194,0.123,0.279,0.075,0.065,-0.195,0.065,0.472,0.39,-0.259,0.425,0.379,-0.072,0.348,-0.137,-0.453,0.298,-0.12,0.278,-0.258,-0.001,-0.183,-0.42,-0.358,0.031,-0.357,0.111,-0.123,0.096,-0.198,0.36,0.401,-0.052,0.443,0.348,-0.444,0.039,0.452,0.348,0.481,0.258,0.352,-0.348,0.27,-0.304,0.293,0.409,-0.416,-0.16,-0.053,-0.289,-0.264,-0.023,0.183,0.501,0.353,0.185,0.662,-0.058,-0.084,0.218,0.095,0.51,0.172,0.581,-0.271,-0.096,0.128,-0.344,0.091,0.41,0.404,0.661,0.588,-0.324,0.182,-0.323,0.115,0.263,0.292,-0.259,0.365,0.262,-0.092,0.22,0.16,0.01,0.613,0.103,-0.069,0.331,-0.215,-0.003,0.109,-0.018,0.354,0.212,-0.058,0.17,0.301,0.15,0.429,-0.348,0.474,-0.141,0.488,-0.022,0.529,-0.088,0.188,0.545,-0.02,0.098,-0.243,0.099,0.567,-0.078,-0.085,0.195,0.268,0.342,-0.136,0.112,0.541,0.022,0.273,0.257,0.432,-0.333,0.093,-0.3,0.347,0.381,0.255,0.157,0.242,-0.27,0.13,0.508,0.531,-0.288,0.169,0.165,0.341,0.171,-0.015,-0.288,0.368,0.179,0.563,0.46,0.45,0.047,0.487,0.216,0.123,0.077,0.449,0.241,-0.344,-0.135,-0.011,0.049,0.221,0.697,0.336,0.366,0.01,0.095,0.525,-0.316,-0.339
ARDX,-0.133,0.143,-0.137,0.051,-0.076,-0.004,-0.281,0.253,-0.008,0.139,-0.137,-0.029,-0.018,0.182,-0.101,0.148,-0.214,1.0,0.385,0.074,0.418,0.089,0.278,0.402,-0.323,-0.102,0.225,-0.135,0.326,-0.273,0.08,-0.031,0.139,-0.029,-0.142,-0.109,0.195,0.196,-0.001,0.167,0.349,0.037,-0.08,0.181,-0.306,0.044,0.041,-0.074,0.188,-0.096,0.035,0.08,0.059,0.138,-0.054,0.181,0.086,0.353,0.137,-0.287,-0.015,0.153,-0.305,0.241,0.165,-0.055,0.252,-0.186,-0.212,0.041,0.189,0.034,0.004,-0.363,0.017,0.305,0.168,0.008,0.267,0.31,0.044,-0.061,-0.207,0.131,-0.042,-0.202,0.206,0.029,0.09,0.13,-0.349,0.34,-0.121,0.178,-0.391,0.055,-0.264,-0.153,-0.371,0.016,-0.012,-0.238,0.392,0.138,0.262,-0.046,0.066,0.065,0.366,0.08,0.098,-0.113,-0.33,0.218,0.104,0.074,-0.339,-0.013,-0.111,-0.035,-0.154,-0.091,0.032,-0.342,0.011,0.181,-0.061,0.073,0.047,-0.069,-0.014,-0.131,0.083,-0.08,0.205,-0.079,0.22,-0.095,-0.02,-0.022,0.192,0.021,0.182,-0.202,0.21,0.055,-0.014,0.018,-0.366,0.218,0.12,0.228,-0.067,-0.151,0.148,-0.424,0.252,-0.093,0.235,0.106,-0.164,-0.055,-0.187,-0.32,0.087,0.033,-0.075,-0.132,0.353,0.083,-0.128,0.103,-0.1,0.362,0.235,0.001,0.193,-0.127,0.12,-0.188,0.244,-0.222,-0.188,-0.157,-0.023,-0.074,0.037,0.129,-0.114,-0.1,-0.034,0.058,-0.127,-0.4,-0.274,0.271,0.201,-0.236,0.309,0.103
ATER,-0.066,0.222,-0.233,0.171,0.089,-0.066,-0.366,0.218,-0.061,0.089,0.217,-0.101,0.026,0.283,-0.249,0.426,-0.44,0.385,1.0,-0.084,0.254,0.002,0.276,0.384,-0.407,-0.18,0.135,-0.141,0.345,-0.285,-0.337,-0.341,0.358,-0.175,-0.386,-0.195,0.178,0.308,0.018,0.076,0.426,0.13,-0.329,0.012,-0.485,-0.049,0.118,-0.122,0.335,-0.302,-0.112,0.34,0.313,0.011,-0.278,0.017,-0.011,0.307,0.137,-0.282,-0.251,0.031,-0.435,-0.035,0.159,0.082,0.184,-0.107,-0.399,-0.154,0.049,0.209,-0.176,-0.36,0.033,0.4,0.217,-0.303,0.297,0.283,-0.259,0.08,-0.062,-0.112,0.082,-0.287,0.038,-0.244,0.227,-0.165,-0.527,0.293,-0.07,0.275,-0.317,0.182,-0.232,-0.132,-0.463,0.08,-0.201,-0.185,0.286,0.281,0.304,0.035,0.179,0.171,0.446,0.087,0.139,-0.261,-0.503,-0.012,0.356,-0.051,-0.518,-0.288,-0.192,-0.016,-0.338,-0.406,-0.033,-0.484,-0.068,0.36,-0.037,0.262,0.051,-0.249,-0.159,-0.115,-0.026,-0.367,0.44,-0.365,0.491,0.14,0.067,0.17,0.267,0.199,0.401,-0.213,-0.037,-0.165,0.002,0.18,-0.472,0.279,0.347,0.044,-0.322,0.054,0.139,-0.342,0.534,0.016,0.474,0.074,-0.198,0.071,-0.403,-0.344,-0.176,0.119,-0.229,-0.158,0.487,0.282,-0.225,0.191,0.08,0.403,0.511,-0.121,0.193,-0.062,-0.134,-0.4,0.242,-0.098,-0.105,-0.065,-0.006,-0.123,0.047,0.311,-0.35,-0.374,-0.399,0.081,-0.221,-0.508,-0.503,0.314,0.295,-0.095,0.31,0.121
ATOS,-0.321,-0.615,0.611,-0.701,-0.546,0.473,0.561,-0.577,0.576,0.536,0.109,-0.415,-0.092,-0.593,0.781,-0.524,0.073,0.074,-0.084,1.0,-0.047,-0.516,-0.207,0.181,0.62,-0.188,-0.323,0.096,-0.501,0.67,0.323,0.779,-0.483,0.658,0.548,0.264,-0.313,-0.132,-0.285,-0.466,-0.56,-0.589,0.506,-0.126,0.528,-0.246,-0.51,0.42,-0.672,0.365,0.159,-0.546,-0.644,0.194,0.633,0.294,-0.051,-0.532,-0.501,-0.039,0.615,-0.192,0.296,0.487,-0.638,0.035,-0.3,-0.146,0.6,0.367,-0.5,-0.626,0.131,0.365,-0.566,-0.181,-0.638,0.634,-0.661,-0.625,0.517,-0.221,-0.048,0.61,-0.589,-0.077,0.645,0.66,-0.514,0.364,0.465,-0.49,-0.261,-0.688,0.357,-0.05,0.202,0.658,0.153,-0.474,0.416,0.237,-0.55,-0.493,-0.653,-0.678,-0.538,-0.459,-0.422,-0.493,-0.602,0.584,0.393,-0.303,-0.613,-0.115,0.52,0.41,-0.148,-0.118,0.65,0.576,-0.592,0.423,0.534,-0.675,0.438,-0.506,-0.545,0.413,0.124,-0.172,0.68,0.527,-0.649,0.532,-0.488,-0.541,-0.126,0.227,-0.625,-0.247,-0.549,0.244,0.192,-0.164,-0.46,-0.469,0.307,-0.645,-0.633,0.065,0.206,-0.07,-0.575,0.366,-0.042,-0.572,-0.507,0.127,0.37,-0.626,0.5,0.566,0.411,-0.46,-0.174,-0.343,-0.485,-0.168,0.541,-0.466,-0.672,-0.515,-0.669,-0.149,-0.609,-0.255,0.121,0.49,-0.49,-0.101,0.246,0.211,0.597,0.369,-0.554,-0.624,0.497,0.463,0.489,-0.494,0.078,0.284,0.308,-0.59,-0.587,-0.004,-0.405,-0.348
AUPH,0.173,0.415,-0.051,0.067,-0.089,-0.218,-0.115,0.177,-0.125,0.339,-0.095,0.339,-0.244,0.263,-0.078,0.409,0.178,0.418,0.254,-0.047,1.0,0.381,-0.157,0.153,0.046,0.165,0.166,0.255,0.277,-0.178,0.25,-0.109,0.307,-0.358,-0.185,-0.002,0.457,-0.331,0.417,0.455,0.231,0.314,-0.24,-0.072,-0.154,0.079,0.192,-0.387,0.209,-0.116,-0.195,-0.101,0.095,0.137,0.041,0.334,0.449,0.29,0.416,-0.144,-0.05,0.62,-0.184,-0.08,0.086,0.16,0.633,0.046,-0.019,0.373,-0.185,0.22,-0.135,0.011,0.153,0.018,0.079,-0.217,0.019,0.073,0.081,-0.253,0.063,0.411,0.073,-0.039,0.137,-0.166,0.299,0.342,-0.096,0.466,0.1,0.087,-0.592,0.227,-0.499,0.021,-0.088,0.151,0.432,0.179,0.021,0.165,0.055,0.199,0.229,0.139,0.218,0.41,0.265,-0.204,-0.162,0.362,0.116,0.401,-0.314,-0.071,0.084,0.072,-0.216,-0.121,0.129,-0.082,0.316,0.255,-0.124,0.209,0.164,-0.062,-0.137,-0.004,0.125,0.069,0.274,0.064,0.576,0.092,0.295,0.33,0.227,-0.262,0.35,0.032,0.376,0.237,0.183,0.083,-0.151,0.201,0.29,0.578,-0.042,-0.078,0.413,-0.178,0.084,-0.098,0.135,0.398,-0.071,-0.048,-0.041,-0.195,-0.143,0.241,0.165,-0.01,0.304,0.205,0.004,0.293,-0.033,0.443,0.164,0.472,0.264,0.085,0.407,0.053,0.24,-0.053,-0.181,-0.092,0.057,0.138,0.035,0.007,-0.269,-0.25,-0.231,-0.015,0.239,-0.195,-0.223,0.292,0.293,-0.029,0.268,0.003
AVGO,0.534,0.742,-0.421,0.53,0.613,-0.502,-0.439,0.611,-0.651,-0.204,0.068,0.726,-0.032,0.643,-0.252,0.549,0.397,0.089,0.002,-0.516,0.381,1.0,0.185,-0.01,-0.167,0.42,0.371,0.407,0.365,-0.374,0.032,-0.451,0.486,-0.538,-0.414,0.102,0.519,0.18,0.559,0.827,0.647,0.799,-0.488,-0.048,-0.421,0.352,0.689,-0.236,0.535,-0.415,-0.355,0.269,0.665,-0.148,-0.395,0.006,0.423,0.635,0.798,0.445,-0.51,0.548,-0.156,-0.516,0.675,0.352,0.778,0.426,-0.223,0.051,0.239,0.627,-0.243,-0.17,0.696,0.234,0.286,-0.498,0.507,0.554,-0.289,0.197,0.334,-0.064,0.601,0.368,-0.383,-0.577,0.705,-0.033,-0.262,0.756,0.616,0.328,-0.557,0.526,-0.533,-0.322,-0.149,0.635,0.271,0.22,0.323,0.483,0.467,0.646,0.663,0.567,0.323,0.804,0.639,-0.482,-0.255,0.651,0.514,0.576,-0.493,-0.276,0.143,0.202,-0.568,-0.38,0.644,-0.149,-0.222,0.532,-0.238,0.549,0.825,-0.253,-0.258,0.478,-0.461,-0.188,0.563,-0.207,0.46,0.639,0.419,-0.071,0.597,0.182,0.536,0.265,0.029,0.37,0.792,0.479,-0.31,0.523,0.651,0.555,-0.09,0.168,0.834,-0.198,0.102,0.576,0.465,0.218,0.087,0.557,-0.404,-0.521,-0.408,0.497,0.545,0.598,0.401,0.353,-0.266,0.608,0.607,0.679,0.383,0.518,0.817,0.506,0.221,-0.115,0.655,0.247,0.039,-0.178,-0.35,0.034,0.682,0.45,-0.546,-0.608,-0.472,0.539,0.267,-0.114,-0.177,0.637,0.549,0.222,0.298,0.053
AZN,-0.231,0.28,-0.183,0.278,0.251,0.258,-0.375,0.393,-0.155,-0.233,-0.044,0.017,0.423,0.474,-0.219,0.057,-0.464,0.278,0.276,-0.207,-0.157,0.185,1.0,0.149,-0.344,-0.127,0.384,-0.298,0.383,-0.234,-0.39,-0.189,0.002,0.052,-0.212,-0.375,-0.21,0.492,-0.253,-0.049,0.413,0.013,-0.1,0.306,-0.427,0.476,0.174,0.385,0.159,-0.078,0.182,0.46,0.333,0.122,-0.236,-0.016,0.009,0.454,-0.102,0.12,-0.258,-0.375,-0.229,0.088,0.461,-0.218,0.041,-0.031,-0.247,-0.389,0.446,0.046,0.146,-0.374,-0.02,0.426,0.258,-0.118,0.487,0.553,-0.157,0.131,-0.105,-0.434,0.149,-0.246,-0.211,-0.154,0.165,-0.132,-0.454,0.171,-0.072,0.376,-0.084,0.183,0.177,-0.19,-0.458,0.034,-0.515,-0.298,0.488,0.077,0.588,0.116,0.062,0.025,0.276,-0.009,0.064,-0.154,-0.15,0.174,0.261,-0.331,-0.299,-0.213,-0.069,0.048,-0.183,-0.335,0.348,-0.42,-0.547,0.305,-0.1,0.002,0.348,-0.377,0.111,-0.1,-0.173,-0.577,0.323,-0.577,0.095,0.074,-0.214,-0.17,0.161,0.42,0.048,-0.297,-0.041,0.213,0.428,0.074,-0.449,0.358,0.183,-0.298,-0.197,-0.058,0.144,-0.43,0.322,0.316,0.596,-0.26,-0.091,0.138,-0.34,-0.391,0.015,0.102,-0.077,0.021,0.411,0.071,-0.39,0.001,0.261,0.338,0.452,-0.244,0.277,-0.175,-0.209,-0.457,0.372,-0.134,0.098,-0.255,-0.372,-0.403,0.122,0.401,-0.145,-0.252,-0.262,0.173,-0.468,-0.234,-0.292,0.381,0.142,-0.196,0.329,0.242
BCRX,-0.181,-0.025,-0.04,-0.169,0.037,0.121,-0.138,-0.085,0.065,0.136,0.504,-0.173,0.073,-0.057,0.063,0.142,-0.231,0.402,0.384,0.181,0.153,-0.01,0.149,1.0,-0.14,-0.236,0.053,0.018,-0.013,-0.004,-0.057,0.022,0.14,0.098,0.041,0.042,-0.073,0.23,-0.057,-0.132,0.14,-0.063,0.122,0.048,-0.242,0.011,-0.059,-0.07,0.1,-0.048,0.223,0.098,-0.04,0.21,-0.05,0.382,-0.04,0.31,0.103,-0.09,-0.035,0.081,-0.212,0.222,-0.117,0.245,0.113,-0.161,-0.081,-0.027,0.183,0.044,-0.059,-0.155,-0.018,0.231,-0.239,0.058,-0.051,-0.032,0.101,-0.084,-0.115,0.247,-0.105,-0.262,0.183,-0.007,-0.039,0.014,-0.307,0.074,-0.048,-0.146,-0.156,0.309,-0.192,0.241,-0.567,-0.022,0.032,0.104,0.107,0.248,0.017,-0.206,0.045,0.113,0.185,0.007,0.004,-0.126,-0.182,-0.041,0.112,0.08,-0.082,0.034,-0.354,-0.172,-0.18,-0.014,-0.033,-0.32,0.037,-0.007,-0.03,0.159,0.033,0.033,-0.086,0.209,-0.024,-0.059,0.13,-0.103,0.022,0.067,0.056,0.138,0.232,0.272,0.09,0.049,0.126,-0.144,0.095,0.23,-0.493,-0.174,0.181,0.094,-0.072,0.159,-0.093,-0.147,0.564,-0.06,0.179,0.039,0.05,-0.008,-0.309,0.09,0.267,0.055,-0.165,-0.083,0.193,0.51,0.01,0.104,-0.063,0.126,0.09,0.06,0.02,-0.096,-0.198,-0.251,-0.015,-0.116,0.282,-0.25,0.164,-0.015,0.034,-0.022,0.081,-0.063,0.053,0.063,-0.072,-0.5,-0.107,0.01,-0.011,-0.115,-0.024,-0.112
BGC,0.075,-0.469,0.605,-0.613,-0.306,0.358,0.713,-0.504,0.314,0.497,0.098,-0.093,-0.232,-0.494,0.835,-0.383,0.416,-0.323,-0.407,0.62,0.046,-0.167,-0.344,-0.14,1.0,0.117,-0.482,0.512,-0.591,0.812,0.357,0.53,-0.376,0.346,0.531,0.497,-0.098,-0.257,0.017,-0.277,-0.667,-0.276,0.399,-0.354,0.635,-0.205,-0.218,0.358,-0.591,0.272,-0.073,-0.665,-0.525,0.042,0.578,0.227,0.139,-0.58,-0.283,0.294,0.463,0.048,0.599,0.209,-0.492,0.202,-0.073,0.305,0.856,0.482,-0.615,-0.351,-0.008,0.603,-0.331,-0.41,-0.645,0.516,-0.702,-0.659,0.357,-0.101,0.308,0.528,-0.321,0.335,0.382,0.443,-0.264,0.287,0.672,-0.323,0.047,-0.724,0.345,0.129,0.089,0.732,0.415,-0.21,0.509,0.63,-0.691,-0.404,-0.618,-0.348,-0.275,-0.266,-0.538,-0.134,-0.382,0.481,0.512,-0.308,-0.546,0.16,0.595,0.364,0.139,-0.101,0.574,0.543,-0.467,0.629,0.508,-0.648,0.55,-0.348,-0.214,0.547,0.026,0.185,0.581,0.656,-0.611,0.674,-0.425,-0.334,0.126,0.218,-0.497,-0.203,-0.505,0.557,0.026,0.005,-0.135,-0.312,0.546,-0.535,-0.478,0.121,0.269,0.133,-0.286,0.625,-0.313,-0.345,-0.583,0.326,0.657,-0.355,0.514,0.595,0.229,-0.316,0.214,-0.031,-0.671,-0.105,0.495,-0.223,-0.377,-0.594,-0.773,0.125,-0.419,0.094,0.277,0.645,-0.237,0.317,0.508,0.289,0.546,0.576,-0.333,-0.648,0.408,0.403,0.452,-0.298,0.464,0.472,0.604,-0.457,-0.445,0.319,-0.515,-0.533
BIDU,0.324,0.242,-0.191,0.213,0.238,-0.37,-0.111,0.147,-0.383,-0.162,0.018,0.392,-0.141,0.155,-0.024,0.172,0.524,-0.102,-0.18,-0.188,0.165,0.42,-0.127,-0.236,0.117,1.0,0.126,0.259,0.071,-0.127,0.062,-0.226,0.086,-0.347,-0.13,0.175,0.344,-0.189,0.316,0.411,0.056,0.331,-0.2,-0.131,0.185,-0.085,0.286,-0.203,0.193,-0.115,-0.277,0.176,0.339,-0.131,-0.096,-0.119,0.219,-0.008,0.333,0.477,-0.154,0.283,-0.003,-0.385,0.172,0.144,0.292,0.236,-0.065,0.217,-0.201,0.249,-0.134,0.218,0.311,0.111,0.066,-0.259,0.069,0.05,-0.174,-0.003,0.167,-0.004,0.261,0.34,-0.19,-0.307,0.301,0.094,0.487,0.3,0.272,0.191,-0.285,0.129,-0.163,-0.112,0.321,0.282,0.245,0.249,-0.011,0.141,-0.014,0.295,0.245,0.189,0.107,0.321,0.42,-0.149,0.213,0.237,0.192,0.325,0.003,-0.09,0.374,0.148,-0.184,-0.11,0.323,0.311,0.047,0.191,-0.108,0.195,0.247,0.0,-0.06,0.254,-0.235,0.094,0.117,0.133,0.205,0.277,0.307,0.149,0.167,-0.135,0.206,0.153,0.067,0.154,0.229,0.213,0.185,0.119,0.199,0.354,0.083,0.031,0.335,0.098,-0.199,0.192,-0.026,0.191,0.108,0.167,0.002,0.085,-0.258,0.307,0.355,0.361,-0.003,0.019,0.005,0.226,0.263,0.158,0.092,0.317,0.225,0.267,0.418,0.353,0.361,0.215,0.014,0.167,-0.131,0.146,0.223,0.157,-0.197,-0.172,-0.309,0.072,0.278,0.247,0.102,0.078,0.228,0.088,0.087,0.076
BILI,-0.219,0.536,-0.279,0.695,0.175,-0.072,-0.526,0.39,-0.243,-0.051,-0.275,0.341,0.42,0.651,-0.421,0.145,-0.204,0.225,0.135,-0.323,0.166,0.371,0.384,0.053,-0.482,0.126,1.0,-0.441,0.647,-0.525,0.153,-0.038,0.017,-0.189,-0.067,-0.48,0.027,-0.048,-0.047,0.346,0.432,0.123,-0.008,0.723,-0.355,0.533,0.024,-0.03,0.243,0.268,0.48,0.445,0.384,0.542,-0.084,0.291,0.454,0.615,0.237,0.08,-0.124,0.167,-0.401,0.076,0.34,-0.398,0.186,-0.333,-0.428,-0.167,0.593,0.165,0.545,-0.127,0.282,0.691,0.399,-0.323,0.542,0.535,0.257,-0.388,-0.382,-0.034,0.05,-0.398,-0.075,-0.253,0.277,0.433,-0.334,0.317,-0.137,0.628,-0.335,-0.038,0.124,-0.417,-0.262,-0.03,-0.098,-0.415,0.491,0.001,0.379,0.468,0.092,-0.112,0.436,0.087,0.17,-0.173,0.125,0.76,0.14,-0.07,-0.291,0.064,-0.017,0.646,-0.127,-0.21,0.758,-0.053,-0.291,0.408,-0.673,-0.059,0.231,-0.568,0.501,-0.227,-0.297,-0.448,0.223,-0.491,0.388,0.256,-0.356,0.205,0.136,0.149,0.207,-0.474,0.547,0.517,0.327,-0.143,-0.287,0.433,0.243,0.16,0.366,-0.356,0.319,-0.562,0.015,0.161,0.489,-0.272,-0.627,0.083,-0.192,-0.546,0.14,0.16,0.003,-0.017,0.574,-0.168,-0.154,0.058,0.157,0.523,0.442,0.398,0.234,-0.258,-0.0,-0.278,0.256,-0.5,-0.492,-0.153,-0.543,-0.517,0.282,0.706,-0.058,-0.226,-0.314,-0.113,-0.444,-0.109,-0.328,0.244,0.271,-0.513,0.669,0.682
BKR,0.635,0.096,0.051,-0.318,0.224,-0.243,0.238,0.144,-0.261,0.094,0.389,0.137,-0.456,-0.11,0.418,0.272,0.586,-0.135,-0.141,0.096,0.255,0.407,-0.298,0.018,0.512,0.259,-0.441,1.0,-0.37,0.281,-0.027,-0.144,0.274,-0.199,-0.026,0.663,0.412,0.154,0.519,0.257,-0.031,0.407,-0.222,-0.649,0.084,-0.264,0.539,-0.139,0.104,-0.363,-0.59,-0.306,0.058,-0.453,-0.073,-0.021,0.059,-0.125,0.36,0.368,-0.131,0.387,0.429,-0.341,0.187,0.775,0.464,0.775,0.467,0.326,-0.466,0.28,-0.57,0.166,0.201,-0.338,-0.358,0.088,-0.183,-0.127,-0.177,0.397,0.766,0.262,0.329,0.637,0.028,-0.05,0.321,-0.129,0.22,0.362,0.652,-0.412,-0.114,0.563,-0.518,0.352,0.136,0.504,0.558,0.75,-0.373,0.334,-0.17,0.071,0.408,0.453,-0.186,0.472,0.3,-0.169,-0.158,-0.132,0.115,0.655,-0.029,-0.177,0.041,-0.366,-0.111,-0.052,-0.224,0.197,0.187,-0.1,0.587,0.424,0.393,0.468,-0.564,0.684,0.135,0.439,0.037,0.468,0.011,0.22,0.727,0.017,0.241,0.023,0.114,0.859,-0.28,-0.205,0.246,0.405,0.081,-0.039,0.211,0.475,-0.236,0.535,0.433,0.5,-0.032,0.165,-0.087,0.524,0.747,0.336,-0.106,0.139,-0.315,0.152,0.564,0.51,-0.276,0.417,0.059,0.429,0.249,-0.0,-0.302,0.254,0.397,0.641,0.209,0.239,0.162,0.742,0.638,0.117,0.372,0.803,0.237,-0.335,-0.235,-0.205,-0.041,0.423,0.728,0.009,0.25,0.23,0.096,0.705,-0.457,-0.633
BLDP,0.009,0.647,-0.527,0.621,0.276,-0.156,-0.618,0.507,-0.357,-0.192,-0.186,0.31,0.155,0.621,-0.543,0.438,-0.194,0.326,0.345,-0.501,0.277,0.365,0.383,-0.013,-0.591,0.071,0.647,-0.37,1.0,-0.538,-0.103,-0.399,0.383,-0.408,-0.43,-0.475,0.284,-0.018,0.139,0.5,0.626,0.362,-0.372,0.315,-0.563,0.336,0.184,-0.185,0.514,-0.145,0.035,0.412,0.512,0.135,-0.381,-0.022,0.251,0.624,0.36,-0.147,-0.395,0.283,-0.485,-0.206,0.428,-0.211,0.321,-0.219,-0.617,-0.179,0.422,0.384,0.096,-0.194,0.425,0.501,0.56,-0.464,0.563,0.561,-0.162,-0.006,-0.196,-0.179,0.192,-0.315,-0.223,-0.512,0.418,0.087,-0.536,0.472,0.003,0.732,-0.489,0.064,-0.166,-0.423,-0.293,0.14,-0.193,-0.429,0.677,0.221,0.605,0.448,0.236,0.155,0.578,0.235,0.372,-0.501,-0.258,0.553,0.366,0.03,-0.536,-0.283,-0.048,0.294,-0.394,-0.463,0.543,-0.433,-0.374,0.762,-0.569,0.19,0.322,-0.553,0.027,-0.137,-0.427,-0.535,0.485,-0.6,0.623,0.306,-0.133,0.064,0.362,0.157,0.555,-0.447,0.227,0.31,0.348,0.045,-0.364,0.532,0.422,0.184,-0.095,-0.04,0.448,-0.424,0.044,0.252,0.622,0.038,-0.533,0.271,-0.416,-0.658,-0.205,0.303,-0.032,-0.0,0.63,-0.011,-0.384,0.286,0.257,0.7,0.685,0.2,0.404,-0.018,-0.016,-0.476,0.443,-0.309,-0.457,-0.141,-0.552,-0.491,0.296,0.608,-0.364,-0.401,-0.526,0.101,-0.283,-0.322,-0.392,0.431,0.506,-0.211,0.707,0.488
BLNK,-0.18,-0.646,0.609,-0.643,-0.354,0.516,0.651,-0.621,0.584,0.499,0.175,-0.132,-0.035,-0.56,0.798,-0.547,0.123,-0.273,-0.285,0.67,-0.178,-0.374,-0.234,-0.004,0.812,-0.127,-0.525,0.281,-0.538,1.0,0.37,0.589,-0.463,0.572,0.575,0.445,-0.336,-0.133,-0.232,-0.38,-0.641,-0.439,0.485,-0.284,0.533,-0.197,-0.459,0.505,-0.7,0.312,0.047,-0.569,-0.596,0.077,0.58,0.272,0.09,-0.617,-0.365,0.137,0.491,-0.161,0.505,0.341,-0.617,0.143,-0.308,0.025,0.778,0.307,-0.527,-0.54,0.03,0.594,-0.509,-0.333,-0.601,0.672,-0.691,-0.658,0.401,-0.089,0.115,0.454,-0.48,0.13,0.46,0.52,-0.37,0.207,0.544,-0.46,-0.187,-0.743,0.52,0.115,0.229,0.824,0.351,-0.448,0.296,0.443,-0.651,-0.508,-0.597,-0.583,-0.554,-0.433,-0.526,-0.314,-0.555,0.551,0.445,-0.401,-0.649,-0.043,0.628,0.443,-0.174,-0.071,0.575,0.639,-0.559,0.545,0.447,-0.621,0.534,-0.514,-0.33,0.417,0.076,-0.002,0.602,0.572,-0.684,0.54,-0.496,-0.478,-0.138,0.213,-0.63,-0.062,-0.625,0.465,-0.026,-0.021,-0.262,-0.465,0.398,-0.64,-0.646,-0.098,0.234,0.107,-0.447,0.651,-0.166,-0.412,-0.558,0.137,0.579,-0.52,0.438,0.635,0.351,-0.515,-0.115,-0.218,-0.654,-0.118,0.576,-0.466,-0.549,-0.645,-0.707,-0.07,-0.541,-0.133,0.073,0.562,-0.428,0.073,0.501,0.286,0.498,0.388,-0.507,-0.649,0.476,0.493,0.52,-0.455,0.217,0.338,0.52,-0.624,-0.644,0.151,-0.508,-0.438
