,AAL,AAPL,ABUS,ADBE,ADI,ADMA,AEP,AGNC,AKBA,ALT,AMAT,AMD,AMGN,AMZN,APA,APPS,ARCC,ARDX,ATER,ATOS,AUPH,AVGO,AZN,BCRX,BGC,BIDU,BILI,BKR,BLDP,BLNK,BYND,CAN,CELH,CG,CGC,CHRD,CLNE,CMCSA,COMM,COST,CPB,CPRT,CRON,CRWD,CSCO,CSGP,CSX,CTSH,CZR,DBX,DDOG,DKNG,DLTR,DOCU,DVAX,DXCM,EA,EBAY,ENPH,ERIC,ESPR,ETSY,EXC,EXEL,EXPE,FANG,FAST,FITB,FLEX,FOLD,FOXA,FSLR,FTNT,FUTU,GEN,GERN,GEVO,GILD,GOOG,GOOGL,GPRO,GT,HBAN,HIVE,HON,HST,HUT,IBRX,INTC,IOVA,IQ,IRWD,JBLU,JD,KDP,KHC,LBTYK,LRCX,LYFT,MAR,MARA,MAT,MCHP,MCRB,MDLZ,META,MGNI,MLCO,MNKD,MNST,MOMO,MRNA,MRVL,MSFT,MSTR,MTCH,MU,MVIS,NDAQ,NFLX,NKTR,NNDM,NTES,NTNX,NVAX,NVDA,NWL,NWSA,NXPI,OCGN,OKTA,ON,OPK,PAA,PACB,PAGP,PANW,PARA,PCAR,PDD,PENN,PEP,PLUG,PTEN,PTON,PYPL,QCOM,QUBT,QVCGA,RDFN,REAL,RIOT,ROKU,ROST,RUN,SABR,SAVA,SBUX,SFIX,SGMO,SIRI,SLM,SMCI,SNDL,SONO,STNE,STX,TCOM,TGTX,TIGR,TLRY,TMUS,TRIP,TSCO,TSLA,TTD,TXN,UAL,UNIT,VERU,VKTX,VLY,VOD,VTRS,VXRT,WBA,WBD,WDAY,WDC,WEN,WW,WYNN,XEL,XP,XRAY,XRX,Z,ZION,ZM,ZS
AAL,1.0,0.424,-0.248,0.168,0.429,-0.423,-0.079,0.37,-0.577,-0.306,0.205,0.348,-0.484,0.145,0.092,0.638,0.573,-0.193,-0.069,-0.376,0.219,0.561,-0.268,-0.199,0.09,0.361,-0.195,0.679,0.004,-0.127,-0.138,-0.507,0.647,-0.51,-0.302,0.458,0.691,0.07,0.743,0.52,0.213,0.695,-0.439,-0.492,-0.175,-0.169,0.686,-0.114,0.48,-0.496,-0.644,-0.036,0.399,-0.486,-0.419,-0.31,-0.003,0.058,0.645,0.318,-0.378,0.561,0.095,-0.571,0.477,0.611,0.52,0.66,0.074,0.229,-0.151,0.658,-0.545,0.008,0.641,-0.311,0.03,-0.429,0.125,0.098,-0.455,0.392,0.631,-0.04,0.681,0.615,-0.336,-0.392,0.458,-0.302,-0.003,0.465,0.86,-0.001,-0.422,0.238,-0.59,-0.159,0.088,0.815,0.42,0.54,-0.065,0.611,0.012,0.527,0.72,0.724,0.067,0.665,0.646,-0.443,-0.253,0.097,0.422,0.642,-0.283,-0.363,0.283,-0.317,-0.446,-0.347,0.191,-0.107,0.057,0.218,0.131,0.718,0.547,0.247,-0.568,0.61,-0.322,0.22,0.383,0.247,0.355,0.582,0.809,-0.177,0.564,-0.101,0.566,0.485,-0.375,-0.016,0.32,0.619,0.115,0.253,0.581,0.507,-0.292,0.406,0.589,0.223,-0.154,0.526,0.094,0.507,0.366,0.648,-0.218,-0.261,-0.507,0.401,0.494,0.689,0.05,0.306,-0.193,0.632,0.661,0.252,0.012,0.361,0.6,0.958,0.251,-0.011,0.409,0.654,0.13,0.104,0.021,0.48,0.627,0.013,-0.427,-0.479,-0.314,0.753,0.684,0.041,0.071,0.465,0.479,0.655,-0.147,-0.387
AAPL,0.424,1.0,-0.625,0.702,0.342,-0.259,-0.544,0.671,-0.665,-0.086,0.152,0.495,-0.355,0.772,-0.091,0.744,0.349,-0.051,0.207,-0.608,0.533,0.755,0.155,-0.02,-0.371,0.29,0.513,0.256,0.564,-0.437,-0.124,-0.556,0.546,-0.746,-0.606,-0.237,0.508,-0.049,0.556,0.69,0.638,0.658,-0.623,-0.081,-0.502,0.018,0.609,0.036,0.659,-0.482,-0.305,0.285,0.666,-0.091,-0.561,-0.095,0.448,0.625,0.606,0.107,-0.576,0.564,-0.299,-0.65,0.69,0.267,0.72,0.309,-0.284,-0.073,0.208,0.64,-0.289,-0.144,0.681,0.074,0.489,-0.637,0.594,0.625,-0.351,-0.013,0.28,-0.063,0.498,0.096,-0.554,-0.625,0.555,0.002,-0.359,0.749,0.477,0.531,-0.715,0.14,-0.638,-0.201,-0.24,0.593,0.251,-0.002,0.372,0.558,0.363,0.801,0.629,0.573,0.342,0.604,0.578,-0.718,-0.239,0.695,0.547,0.412,-0.624,-0.501,0.091,0.075,-0.573,-0.618,0.616,-0.292,-0.338,0.752,-0.378,0.577,0.6,-0.358,-0.301,0.295,-0.563,-0.352,0.625,-0.349,0.711,0.592,0.391,0.113,0.63,0.017,0.685,-0.03,0.169,0.394,0.666,0.461,-0.373,0.708,0.696,0.487,-0.256,0.21,0.763,-0.279,-0.056,0.357,0.552,0.366,-0.161,0.5,-0.47,-0.594,-0.525,0.54,0.295,0.401,0.542,0.356,-0.507,0.623,0.531,0.742,0.612,0.506,0.757,0.376,0.067,-0.344,0.663,0.204,-0.356,-0.335,-0.585,-0.029,0.545,0.549,-0.605,-0.679,-0.655,0.498,0.248,-0.394,-0.293,0.736,0.651,0.157,0.424,0.196
ABUS,-0.248,-0.625,1.0,-0.507,-0.474,0.355,0.655,-0.607,0.591,0.449,-0.232,-0.094,0.188,-0.451,0.376,-0.513,-0.165,-0.09,-0.254,0.591,-0.177,-0.379,-0.114,-0.097,0.561,-0.164,-0.198,-0.068,-0.496,0.534,0.36,0.689,-0.419,0.588,0.665,0.289,-0.226,-0.206,-0.256,-0.376,-0.689,-0.457,0.661,0.292,0.585,-0.017,-0.504,0.243,-0.577,0.69,0.471,-0.469,-0.69,0.48,0.798,0.371,0.087,-0.459,-0.398,0.112,0.754,-0.178,0.285,0.643,-0.606,-0.262,-0.357,-0.24,0.603,0.415,-0.275,-0.558,0.562,0.408,-0.552,-0.03,-0.536,0.529,-0.614,-0.58,0.665,-0.283,-0.243,0.316,-0.57,-0.138,0.489,0.695,-0.461,0.458,0.458,-0.532,-0.359,-0.619,0.418,-0.213,0.49,0.394,0.372,-0.482,0.125,0.178,-0.537,-0.661,-0.543,-0.469,-0.485,-0.507,-0.318,-0.319,-0.464,0.802,0.505,-0.277,-0.632,-0.246,0.631,0.593,0.049,0.361,0.679,0.644,-0.297,0.56,0.588,-0.706,0.316,-0.543,-0.466,0.204,0.493,-0.24,0.726,0.401,-0.591,0.379,-0.487,-0.39,-0.339,0.171,-0.557,-0.13,-0.545,0.078,0.176,0.074,-0.319,-0.524,0.489,-0.516,-0.557,-0.147,0.54,-0.345,-0.48,0.287,-0.071,-0.527,-0.602,-0.112,0.122,-0.533,0.674,0.506,0.602,-0.371,-0.228,-0.381,-0.448,-0.368,0.616,-0.517,-0.416,-0.566,-0.65,-0.004,-0.629,-0.279,0.204,0.518,-0.443,-0.241,0.211,0.418,0.627,0.127,-0.432,-0.514,0.623,0.447,0.506,-0.463,-0.084,0.644,0.363,-0.617,-0.514,-0.179,-0.291,-0.02
ADBE,0.168,0.702,-0.507,1.0,0.285,-0.372,-0.69,0.516,-0.399,-0.153,-0.164,0.482,-0.008,0.735,-0.396,0.614,-0.011,0.061,0.237,-0.712,0.395,0.512,0.201,-0.051,-0.614,0.099,0.631,-0.177,0.714,-0.574,-0.057,-0.523,0.521,-0.537,-0.568,-0.38,0.469,-0.157,0.367,0.612,0.634,0.512,-0.498,0.23,-0.584,0.104,0.321,-0.121,0.601,-0.207,-0.016,0.514,0.543,0.082,-0.462,-0.008,0.318,0.624,0.539,-0.258,-0.519,0.437,-0.55,-0.363,0.533,-0.095,0.451,-0.135,-0.552,-0.139,0.404,0.57,0.034,-0.168,0.54,0.262,0.693,-0.634,0.712,0.667,-0.171,-0.111,-0.115,-0.164,0.423,-0.179,-0.373,-0.618,0.47,0.086,-0.543,0.594,0.112,0.766,-0.6,0.009,-0.372,-0.473,-0.213,0.326,-0.033,-0.376,0.549,0.342,0.524,0.699,0.427,0.315,0.582,0.475,0.53,-0.617,-0.342,0.632,0.437,0.177,-0.607,-0.324,-0.055,0.28,-0.532,-0.523,0.753,-0.382,-0.323,0.725,-0.611,0.361,0.458,-0.58,-0.07,-0.03,-0.522,-0.488,0.634,-0.555,0.774,0.435,0.008,0.076,0.547,0.007,0.623,-0.372,0.227,0.355,0.392,0.226,-0.432,0.69,0.632,0.311,-0.159,-0.067,0.552,-0.483,0.024,0.347,0.595,0.168,-0.515,0.403,-0.436,-0.711,-0.331,0.453,-0.02,0.113,0.594,0.145,-0.453,0.462,0.434,0.745,0.682,0.35,0.54,0.079,0.034,-0.477,0.453,-0.227,-0.502,-0.248,-0.63,-0.446,0.448,0.791,-0.496,-0.543,-0.571,0.24,-0.035,-0.362,-0.474,0.536,0.662,-0.224,0.644,0.453
ADI,0.429,0.342,-0.474,0.285,1.0,-0.439,-0.276,0.436,-0.463,-0.289,0.374,0.245,-0.059,0.341,-0.114,0.412,0.203,-0.05,0.14,-0.435,0.098,0.517,0.175,0.15,-0.195,0.185,-0.009,0.429,0.204,-0.205,-0.277,-0.556,0.473,-0.387,-0.422,0.149,0.311,0.301,0.363,0.356,0.504,0.575,-0.522,-0.327,-0.442,-0.036,0.626,-0.136,0.451,-0.536,-0.494,0.345,0.578,-0.393,-0.525,-0.122,-0.003,0.364,0.464,0.394,-0.505,0.172,-0.111,-0.453,0.473,0.506,0.433,0.484,-0.237,-0.042,0.115,0.523,-0.538,-0.097,0.436,0.112,0.109,-0.333,0.372,0.356,-0.494,0.379,0.444,-0.216,0.563,0.288,-0.359,-0.521,0.503,-0.38,-0.339,0.52,0.546,0.282,-0.149,0.476,-0.333,-0.113,-0.284,0.516,0.057,0.283,0.41,0.58,0.446,0.348,0.589,0.603,0.315,0.415,0.575,-0.467,-0.539,0.187,0.6,0.438,-0.436,-0.492,-0.056,-0.268,-0.609,-0.484,0.24,-0.334,-0.359,0.454,0.007,0.619,0.737,-0.031,-0.502,0.586,-0.488,-0.147,0.535,-0.163,0.276,0.414,0.456,-0.027,0.551,0.339,0.473,0.398,-0.26,-0.052,0.401,0.632,-0.23,0.304,0.591,0.217,-0.442,0.469,0.495,0.047,0.306,0.65,0.441,0.297,0.239,0.627,-0.519,-0.32,-0.488,0.471,0.349,0.575,0.261,0.622,-0.402,0.496,0.558,0.467,0.352,0.083,0.646,0.468,-0.072,-0.332,0.387,0.422,0.313,-0.054,-0.161,0.161,0.492,0.344,-0.533,-0.403,-0.316,0.57,0.234,-0.297,-0.21,0.482,0.369,0.48,0.045,-0.222
ADMA,-0.423,-0.259,0.355,-0.372,-0.439,1.0,0.341,-0.357,0.358,0.352,0.047,-0.241,0.223,-0.163,0.432,-0.439,-0.251,-0.106,-0.092,0.363,-0.189,-0.322,0.301,0.063,0.297,-0.271,0.055,-0.284,-0.111,0.487,0.12,0.452,-0.555,0.399,0.45,-0.033,-0.546,-0.013,-0.493,-0.473,-0.407,-0.504,0.5,0.259,0.245,0.033,-0.508,0.522,-0.548,0.387,0.455,-0.293,-0.409,0.394,0.417,0.193,0.061,-0.232,-0.474,0.049,0.365,-0.244,0.26,0.388,-0.393,-0.264,-0.281,-0.194,0.427,-0.095,0.037,-0.512,0.396,0.264,-0.456,0.04,-0.311,0.395,-0.352,-0.327,0.338,-0.248,-0.181,0.086,-0.496,-0.27,0.19,0.406,-0.415,0.186,0.156,-0.505,-0.349,-0.293,0.31,-0.271,0.414,0.487,-0.057,-0.514,-0.18,-0.043,-0.161,-0.446,-0.339,-0.36,-0.505,-0.466,-0.256,-0.416,-0.548,0.39,0.502,-0.216,-0.43,-0.343,0.411,0.485,-0.152,0.188,0.453,0.446,-0.239,0.203,0.122,-0.374,0.092,-0.528,-0.395,0.015,0.442,-0.259,0.322,0.13,-0.478,0.105,-0.288,-0.335,-0.42,0.113,-0.562,0.103,-0.553,-0.136,0.127,0.145,-0.01,-0.48,0.186,-0.374,-0.474,-0.39,0.358,-0.086,-0.458,0.165,-0.068,-0.367,-0.174,-0.207,0.027,-0.493,0.329,0.287,0.536,-0.413,-0.207,-0.344,-0.245,-0.25,0.285,-0.49,-0.467,-0.451,-0.302,-0.135,-0.511,-0.365,-0.233,0.131,-0.141,-0.239,0.042,-0.019,0.129,-0.066,-0.327,-0.246,0.543,0.424,0.336,-0.394,-0.301,0.094,0.374,-0.359,-0.492,-0.187,-0.122,0.005
AEP,-0.079,-0.544,0.655,-0.69,-0.276,0.341,1.0,-0.588,0.535,0.41,0.005,-0.172,0.071,-0.588,0.43,-0.544,0.156,-0.276,-0.418,0.506,-0.225,-0.355,-0.329,-0.218,0.696,-0.055,-0.46,0.139,-0.6,0.591,0.303,0.58,-0.442,0.435,0.631,0.293,-0.345,-0.197,-0.253,-0.41,-0.711,-0.377,0.511,-0.064,0.671,-0.085,-0.337,0.214,-0.656,0.432,0.111,-0.581,-0.594,0.144,0.652,0.154,0.016,-0.627,-0.439,0.396,0.745,-0.174,0.697,0.347,-0.609,0.015,-0.244,0.074,0.618,0.367,-0.367,-0.464,0.186,0.383,-0.379,-0.332,-0.609,0.537,-0.751,-0.707,0.372,-0.202,0.047,0.297,-0.448,0.186,0.26,0.686,-0.477,0.189,0.636,-0.536,-0.157,-0.728,0.502,-0.16,0.476,0.501,0.41,-0.304,0.172,0.352,-0.596,-0.483,-0.616,-0.392,-0.329,-0.301,-0.647,-0.339,-0.453,0.716,0.534,-0.319,-0.517,-0.181,0.692,0.447,0.305,0.114,0.607,0.633,-0.553,0.537,0.549,-0.666,0.432,-0.342,-0.433,0.497,0.246,-0.038,0.575,0.558,-0.578,0.592,-0.636,-0.372,-0.127,0.116,-0.577,-0.003,-0.537,0.252,-0.044,-0.076,-0.274,-0.32,0.721,-0.592,-0.523,-0.243,0.457,-0.098,-0.468,0.455,-0.192,-0.427,-0.685,-0.034,0.33,-0.442,0.717,0.668,0.353,-0.31,0.091,-0.15,-0.612,-0.245,0.593,-0.384,-0.375,-0.65,-0.717,0.006,-0.573,-0.083,0.26,0.539,-0.451,0.132,0.321,0.201,0.585,0.398,-0.395,-0.748,0.547,0.543,0.574,-0.307,0.222,0.641,0.582,-0.584,-0.559,0.167,-0.487,-0.289
AGNC,0.37,0.671,-0.607,0.516,0.436,-0.357,-0.588,1.0,-0.624,-0.256,-0.011,0.282,-0.198,0.634,-0.231,0.478,0.088,0.194,0.245,-0.547,0.296,0.572,0.329,-0.051,-0.463,0.138,0.341,0.265,0.478,-0.523,-0.349,-0.584,0.402,-0.549,-0.546,-0.253,0.343,0.364,0.302,0.485,0.682,0.544,-0.614,-0.06,-0.552,0.146,0.721,-0.035,0.696,-0.556,-0.371,0.411,0.714,-0.258,-0.599,-0.306,0.139,0.632,0.426,-0.015,-0.58,0.224,-0.296,-0.486,0.871,0.21,0.507,0.427,-0.453,-0.116,0.309,0.514,-0.36,-0.415,0.476,0.174,0.551,-0.469,0.748,0.788,-0.497,0.324,0.339,-0.348,0.617,0.195,-0.394,-0.513,0.636,-0.237,-0.481,0.686,0.494,0.596,-0.54,0.236,-0.508,-0.457,-0.294,0.593,-0.105,-0.012,0.458,0.562,0.65,0.536,0.626,0.532,0.388,0.441,0.528,-0.61,-0.523,0.363,0.66,0.257,-0.642,-0.579,0.058,-0.089,-0.568,-0.669,0.489,-0.385,-0.472,0.632,-0.093,0.495,0.608,-0.214,-0.388,0.222,-0.402,-0.461,0.61,-0.44,0.437,0.477,0.346,-0.252,0.6,0.128,0.514,0.025,-0.036,0.187,0.419,0.453,-0.343,0.682,0.581,0.254,-0.498,0.145,0.769,-0.379,0.036,0.55,0.72,0.186,-0.081,0.615,-0.487,-0.696,-0.55,0.431,0.356,0.401,0.582,0.209,-0.539,0.488,0.587,0.681,0.617,0.086,0.79,0.38,-0.102,-0.406,0.597,0.318,-0.117,-0.14,-0.481,0.047,0.503,0.573,-0.64,-0.65,-0.653,0.566,0.09,-0.407,-0.452,0.853,0.56,0.189,0.397,0.193
AKBA,-0.577,-0.665,0.591,-0.399,-0.463,0.358,0.535,-0.624,1.0,0.404,-0.207,-0.35,0.501,-0.523,0.097,-0.646,-0.364,0.094,-0.045,0.577,-0.359,-0.664,-0.097,0.033,0.256,-0.41,-0.209,-0.39,-0.31,0.422,0.27,0.676,-0.535,0.697,0.575,0.014,-0.562,-0.139,-0.617,-0.54,-0.513,-0.636,0.557,0.262,0.411,-0.011,-0.661,0.031,-0.687,0.562,0.444,-0.227,-0.682,0.328,0.65,0.277,-0.099,-0.522,-0.609,-0.089,0.74,-0.431,0.258,0.605,-0.663,-0.261,-0.55,-0.452,0.255,0.096,-0.133,-0.679,0.452,0.152,-0.657,0.072,-0.253,0.617,-0.44,-0.447,0.542,-0.216,-0.353,0.265,-0.606,-0.288,0.557,0.749,-0.491,0.253,0.236,-0.628,-0.634,-0.42,0.553,-0.202,0.613,0.336,0.294,-0.659,-0.131,-0.126,-0.417,-0.634,-0.439,-0.606,-0.672,-0.589,-0.365,-0.617,-0.725,0.689,0.357,-0.261,-0.648,-0.547,0.572,0.509,-0.172,0.295,0.655,0.592,-0.51,0.351,0.373,-0.516,0.275,-0.618,-0.661,0.136,0.464,-0.442,0.626,0.264,-0.589,0.227,-0.482,-0.664,-0.568,0.217,-0.729,0.03,-0.611,-0.154,0.076,-0.188,-0.559,-0.596,0.27,-0.482,-0.66,-0.405,0.387,-0.283,-0.694,0.223,0.046,-0.506,-0.4,-0.35,-0.062,-0.674,0.501,0.476,0.518,-0.532,-0.467,-0.51,-0.395,-0.395,0.532,-0.642,-0.639,-0.479,-0.419,-0.266,-0.696,-0.569,-0.014,0.248,-0.63,-0.414,0.127,0.098,0.486,-0.085,-0.635,-0.396,0.567,0.555,0.529,-0.626,-0.346,0.36,0.202,-0.693,-0.647,-0.289,-0.135,0.041
ALT,-0.306,-0.086,0.449,-0.153,-0.289,0.352,0.41,-0.256,0.404,1.0,-0.054,0.279,0.115,0.107,0.514,-0.29,-0.018,0.018,0.045,0.377,0.396,0.085,-0.13,0.078,0.425,-0.018,0.167,0.02,-0.105,0.473,0.536,0.526,-0.262,0.191,0.38,-0.018,-0.123,-0.313,-0.079,0.068,-0.231,-0.131,0.286,0.246,0.227,0.055,-0.315,0.463,-0.351,0.376,0.246,-0.344,-0.315,0.584,0.56,0.589,0.642,-0.022,-0.033,0.147,0.517,0.22,0.165,0.329,-0.44,-0.069,0.207,-0.172,0.443,0.479,-0.205,-0.348,0.323,0.382,-0.224,0.2,-0.266,0.247,-0.334,-0.278,0.528,-0.516,-0.185,0.619,-0.486,-0.143,0.316,0.352,-0.145,0.571,0.208,0.008,-0.244,-0.284,-0.029,0.011,0.064,0.528,0.053,-0.396,0.37,0.07,-0.269,-0.403,-0.354,-0.074,-0.265,-0.338,-0.101,-0.044,-0.323,0.393,0.328,0.301,-0.389,0.022,0.246,0.481,0.03,0.647,0.361,0.473,-0.05,0.41,0.568,-0.216,0.053,-0.375,-0.153,-0.007,0.44,-0.223,0.567,0.241,-0.339,0.204,-0.071,-0.142,-0.283,0.474,-0.386,-0.096,-0.258,0.06,0.512,0.483,0.118,-0.478,0.255,-0.178,-0.324,0.217,0.515,-0.208,-0.04,0.033,-0.041,-0.5,-0.217,0.203,-0.039,-0.519,0.424,0.108,0.342,-0.168,0.022,-0.43,-0.019,-0.147,0.536,-0.244,-0.564,-0.063,-0.305,0.375,-0.277,-0.368,0.272,0.416,0.041,-0.307,-0.139,0.024,0.281,0.122,-0.261,-0.195,0.276,0.177,0.158,-0.49,0.011,0.195,0.152,-0.205,-0.243,-0.226,0.137,0.12
AMAT,0.205,0.152,-0.232,-0.164,0.374,0.047,0.005,-0.011,-0.207,-0.054,1.0,-0.032,-0.103,-0.049,0.215,0.262,0.235,-0.256,0.191,-0.021,0.015,0.217,-0.041,0.431,0.052,0.145,-0.169,0.398,-0.15,0.185,-0.265,-0.259,0.254,-0.19,-0.158,0.273,0.107,0.243,0.173,0.033,0.148,0.233,-0.189,-0.362,-0.18,-0.188,0.268,0.104,0.168,-0.323,-0.225,0.077,0.26,-0.219,-0.269,0.024,-0.054,0.073,0.248,0.388,-0.266,0.175,0.058,-0.313,0.005,0.637,0.222,0.336,0.073,-0.103,-0.077,0.294,-0.407,0.043,0.281,-0.06,-0.285,-0.127,-0.144,-0.147,-0.274,0.118,0.408,0.122,0.242,0.127,-0.196,-0.263,0.12,-0.276,-0.015,0.114,0.313,-0.15,-0.121,0.345,-0.324,0.438,-0.327,0.289,0.208,0.321,-0.06,0.393,-0.128,0.099,0.314,0.37,-0.004,0.219,0.224,-0.278,-0.086,-0.09,0.4,0.302,-0.122,-0.225,-0.117,-0.373,-0.329,-0.183,-0.092,-0.126,-0.007,0.188,0.079,0.411,0.304,0.054,-0.373,0.584,-0.328,0.046,0.224,0.053,0.045,0.471,0.393,0.178,0.249,0.311,0.188,0.426,-0.257,-0.133,0.304,0.45,-0.213,-0.081,0.287,0.163,-0.208,0.607,0.114,0.306,0.407,0.23,0.071,0.183,0.324,0.295,-0.339,0.109,-0.159,0.212,0.161,0.279,-0.004,0.59,-0.123,0.341,0.244,0.074,0.084,0.181,0.192,0.253,-0.142,-0.147,0.144,0.408,0.271,-0.145,0.094,0.35,0.274,-0.136,-0.169,-0.259,-0.153,0.294,0.338,-0.338,0.103,0.094,0.122,0.381,-0.269,-0.291
AMD,0.348,0.495,-0.094,0.482,0.245,-0.241,-0.172,0.282,-0.35,0.279,-0.032,1.0,-0.2,0.491,0.135,0.365,0.382,-0.159,-0.1,-0.386,0.588,0.74,-0.07,-0.146,-0.008,0.43,0.299,0.31,0.248,0.072,0.342,-0.191,0.334,-0.394,-0.149,0.093,0.475,-0.18,0.498,0.789,0.317,0.657,-0.276,0.072,-0.203,0.167,0.321,0.219,0.381,-0.11,-0.163,0.074,0.404,0.205,-0.076,0.375,0.676,0.457,0.731,0.197,-0.223,0.592,-0.058,-0.292,0.251,0.172,0.675,0.103,0.006,0.421,-0.035,0.427,-0.049,0.242,0.514,-0.057,0.212,-0.401,0.166,0.217,0.021,-0.228,0.052,0.181,0.217,0.243,-0.264,-0.404,0.48,0.298,-0.004,0.555,0.36,0.162,-0.517,0.198,-0.447,0.015,0.087,0.324,0.404,0.227,-0.023,0.208,0.133,0.51,0.332,0.266,0.193,0.671,0.407,-0.247,-0.037,0.632,0.181,0.52,-0.282,-0.005,0.093,0.491,-0.307,-0.05,0.643,0.153,0.137,0.385,-0.303,0.274,0.499,-0.16,-0.021,0.139,-0.147,-0.025,0.305,-0.072,0.451,0.441,0.228,0.091,0.38,-0.094,0.345,0.222,0.249,0.691,0.56,0.146,0.011,0.385,0.351,0.544,0.119,-0.07,0.661,-0.106,-0.155,0.168,0.089,0.308,-0.03,0.232,-0.115,-0.325,-0.219,0.323,0.267,0.281,0.374,0.183,0.157,0.376,0.281,0.464,0.191,0.677,0.446,0.22,0.46,0.184,0.443,-0.011,-0.173,-0.047,-0.298,-0.06,0.349,0.2,-0.337,-0.397,-0.413,0.142,0.394,0.049,-0.056,0.322,0.388,-0.001,0.289,0.263
AMGN,-0.484,-0.355,0.188,-0.008,-0.059,0.223,0.071,-0.198,0.501,0.115,-0.103,-0.2,1.0,-0.175,-0.231,-0.452,-0.582,0.232,0.071,0.227,-0.308,-0.366,0.38,0.229,-0.08,-0.379,0.153,-0.424,0.043,0.046,0.007,0.319,-0.398,0.487,0.326,-0.215,-0.536,0.207,-0.564,-0.414,-0.055,-0.475,0.391,0.4,-0.037,0.358,-0.354,0.007,-0.401,0.35,0.391,0.354,-0.152,0.255,0.248,0.291,-0.135,0.009,-0.412,-0.083,0.303,-0.515,0.069,0.533,-0.188,-0.349,-0.381,-0.341,-0.13,-0.123,0.293,-0.416,0.356,-0.094,-0.453,0.434,-0.137,0.442,0.027,0.011,0.282,-0.116,-0.254,-0.041,-0.107,-0.386,0.386,0.346,-0.152,0.122,-0.136,-0.383,-0.444,-0.013,0.295,0.156,0.506,0.027,-0.299,-0.461,-0.398,-0.221,0.039,-0.381,0.171,-0.355,-0.399,-0.493,-0.002,-0.425,-0.507,0.375,0.172,-0.089,-0.228,-0.52,0.239,0.286,-0.297,0.27,0.346,0.208,0.04,-0.043,-0.052,-0.243,-0.016,-0.474,-0.125,-0.123,0.287,-0.367,0.328,-0.118,-0.24,-0.224,-0.237,-0.407,-0.495,0.047,-0.396,0.45,-0.431,-0.283,-0.018,-0.108,-0.324,-0.405,-0.111,-0.295,-0.336,-0.429,0.121,-0.194,-0.318,-0.172,0.304,0.068,0.171,-0.543,-0.158,-0.363,0.084,0.065,0.422,-0.39,-0.295,-0.254,0.035,-0.202,0.183,-0.445,-0.224,-0.046,-0.075,-0.278,-0.324,-0.436,-0.143,-0.189,-0.406,-0.438,0.17,-0.058,0.07,-0.272,-0.335,0.085,0.354,0.247,0.284,-0.378,-0.526,0.032,-0.079,-0.317,-0.426,-0.301,0.046,0.152
AMZN,0.145,0.772,-0.451,0.735,0.341,-0.163,-0.588,0.634,-0.523,0.107,-0.049,0.491,-0.175,1.0,-0.076,0.543,0.015,0.069,0.294,-0.556,0.486,0.671,0.383,0.009,-0.403,0.159,0.586,0.085,0.573,-0.375,-0.141,-0.45,0.452,-0.52,-0.564,-0.329,0.395,-0.041,0.424,0.6,0.617,0.503,-0.517,0.111,-0.58,0.113,0.437,0.162,0.546,-0.319,-0.146,0.454,0.549,0.07,-0.472,0.081,0.568,0.652,0.52,-0.01,-0.509,0.425,-0.412,-0.37,0.617,0.033,0.636,0.1,-0.235,-0.098,0.232,0.463,-0.106,-0.131,0.45,0.311,0.487,-0.569,0.733,0.739,-0.205,-0.076,0.02,-0.115,0.326,-0.082,-0.396,-0.563,0.413,0.071,-0.476,0.756,0.219,0.634,-0.549,0.164,-0.454,-0.244,-0.322,0.337,0.055,-0.252,0.506,0.347,0.511,0.705,0.431,0.326,0.515,0.539,0.554,-0.612,-0.341,0.626,0.43,0.289,-0.627,-0.371,-0.032,0.262,-0.508,-0.536,0.63,-0.326,-0.355,0.649,-0.332,0.33,0.603,-0.513,-0.068,0.023,-0.368,-0.528,0.554,-0.532,0.664,0.466,0.085,0.083,0.536,0.009,0.53,-0.188,0.331,0.512,0.621,0.239,-0.44,0.719,0.552,0.362,-0.203,0.014,0.689,-0.482,0.027,0.277,0.645,0.345,-0.271,0.331,-0.459,-0.684,-0.35,0.481,0.128,0.073,0.589,0.229,-0.458,0.439,0.338,0.685,0.596,0.377,0.651,0.068,0.018,-0.372,0.67,-0.051,-0.341,-0.307,-0.553,-0.218,0.378,0.727,-0.543,-0.561,-0.618,0.268,0.01,-0.437,-0.481,0.69,0.605,-0.144,0.578,0.321
APA,0.092,-0.091,0.376,-0.396,-0.114,0.432,0.43,-0.231,0.097,0.514,0.215,0.135,-0.231,-0.076,1.0,-0.179,0.423,-0.329,-0.267,0.442,0.138,0.194,-0.138,-0.053,0.661,0.21,-0.134,0.405,-0.402,0.734,0.273,0.396,-0.208,0.112,0.329,0.421,0.004,-0.133,0.127,-0.003,-0.372,-0.017,0.178,-0.189,0.346,-0.219,-0.093,0.732,-0.316,0.089,-0.035,-0.508,-0.296,0.176,0.378,0.186,0.342,-0.277,0.009,0.447,0.248,0.252,0.33,-0.077,-0.312,0.267,0.192,0.266,0.719,0.38,-0.421,-0.167,-0.001,0.527,-0.054,-0.114,-0.446,0.149,-0.456,-0.432,0.261,-0.144,0.261,0.454,-0.213,0.276,0.065,0.205,-0.106,0.234,0.407,-0.033,0.21,-0.481,0.037,-0.027,-0.074,0.721,0.217,-0.083,0.52,0.435,-0.404,-0.159,-0.535,-0.055,-0.073,-0.022,-0.221,0.07,-0.124,0.192,0.367,0.042,-0.324,0.329,0.329,0.305,0.061,0.114,0.275,0.379,-0.175,0.443,0.366,-0.321,0.312,-0.124,0.018,0.322,0.136,0.248,0.299,0.509,-0.345,0.507,-0.191,0.001,0.09,0.287,-0.254,-0.172,-0.219,0.482,0.139,0.374,0.394,-0.155,0.369,-0.266,-0.223,0.265,0.321,0.192,-0.036,0.434,-0.218,-0.216,-0.338,0.473,0.477,-0.175,0.334,0.255,0.17,-0.094,0.27,0.017,-0.391,0.003,0.31,-0.052,-0.303,-0.245,-0.527,0.252,-0.164,0.113,0.093,0.457,0.269,0.174,0.129,0.194,0.263,0.434,-0.014,-0.416,0.224,0.109,0.147,-0.104,0.319,0.265,0.473,-0.132,-0.192,0.271,-0.3,-0.335
APPS,0.638,0.744,-0.513,0.614,0.412,-0.439,-0.544,0.478,-0.646,-0.29,0.262,0.365,-0.452,0.543,-0.179,1.0,0.269,-0.028,0.384,-0.581,0.456,0.6,0.01,0.112,-0.358,0.238,0.186,0.336,0.413,-0.436,-0.317,-0.741,0.88,-0.722,-0.679,-0.023,0.767,0.013,0.745,0.587,0.537,0.731,-0.668,-0.305,-0.541,-0.189,0.656,-0.174,0.782,-0.548,-0.428,0.318,0.651,-0.253,-0.626,-0.169,0.1,0.437,0.683,-0.013,-0.666,0.611,-0.377,-0.59,0.584,0.405,0.647,0.349,-0.317,-0.018,0.052,0.883,-0.438,-0.196,0.767,0.058,0.347,-0.708,0.487,0.46,-0.493,0.211,0.349,-0.149,0.605,0.177,-0.521,-0.714,0.518,-0.195,-0.445,0.697,0.54,0.413,-0.679,0.244,-0.695,-0.261,-0.258,0.756,0.23,0.098,0.264,0.71,0.32,0.784,0.766,0.727,0.413,0.667,0.733,-0.708,-0.484,0.329,0.605,0.473,-0.659,-0.612,0.119,-0.193,-0.658,-0.698,0.453,-0.482,-0.216,0.64,-0.243,0.802,0.596,-0.17,-0.522,0.435,-0.556,-0.292,0.78,-0.272,0.745,0.657,0.616,-0.021,0.846,-0.006,0.885,0.055,-0.139,0.098,0.494,0.67,-0.426,0.663,0.857,0.483,-0.385,0.369,0.649,-0.164,0.183,0.439,0.437,0.525,-0.006,0.715,-0.576,-0.52,-0.591,0.609,0.178,0.429,0.457,0.542,-0.552,0.841,0.702,0.638,0.57,0.437,0.692,0.575,0.105,-0.414,0.585,0.362,-0.181,-0.225,-0.298,0.043,0.595,0.502,-0.651,-0.757,-0.658,0.65,0.428,-0.395,-0.343,0.663,0.848,0.265,0.248,-0.07
ARCC,0.573,0.349,-0.165,-0.011,0.203,-0.251,0.156,0.088,-0.364,-0.018,0.235,0.382,-0.582,0.015,0.423,0.269,1.0,-0.35,-0.416,-0.077,0.241,0.535,-0.463,-0.285,0.359,0.612,-0.055,0.579,-0.151,0.15,0.275,-0.027,0.163,-0.337,-0.086,0.42,0.458,-0.328,0.488,0.489,-0.023,0.452,-0.271,-0.445,0.218,-0.24,0.33,0.062,0.09,-0.239,-0.41,-0.372,0.178,-0.286,-0.002,-0.154,0.251,-0.133,0.469,0.523,-0.152,0.53,0.281,-0.561,0.102,0.471,0.453,0.479,0.3,0.289,-0.333,0.386,-0.308,0.355,0.568,-0.419,-0.09,-0.242,-0.199,-0.209,-0.07,0.053,0.474,0.367,0.249,0.626,-0.257,-0.217,0.214,0.105,0.46,0.301,0.578,-0.156,-0.249,0.005,-0.416,0.157,0.349,0.462,0.701,0.51,-0.264,0.269,-0.387,0.378,0.371,0.387,-0.171,0.471,0.372,-0.226,0.216,0.339,0.099,0.638,-0.006,-0.111,0.38,-0.144,-0.132,0.024,0.123,0.363,0.188,0.094,0.034,0.389,0.255,0.276,-0.271,0.503,-0.284,0.481,0.095,0.546,0.081,0.358,0.538,0.079,0.18,-0.255,0.237,0.508,0.004,0.146,0.392,0.343,0.317,0.038,0.237,0.589,0.099,0.306,0.346,0.402,-0.35,0.12,-0.25,0.43,0.316,0.319,0.112,0.137,-0.349,0.271,0.474,0.56,-0.241,0.247,0.05,0.435,0.23,0.081,-0.192,0.49,0.274,0.543,0.416,0.388,0.281,0.473,-0.032,0.038,-0.078,0.464,0.364,-0.291,-0.234,-0.145,-0.09,0.283,0.734,0.248,0.329,0.118,0.24,0.476,-0.229,-0.308
ARDX,-0.193,-0.051,-0.09,0.061,-0.05,-0.106,-0.276,0.194,0.094,0.018,-0.256,-0.159,0.232,0.069,-0.329,-0.028,-0.35,1.0,0.362,0.124,0.075,-0.067,0.307,0.388,-0.319,-0.202,0.192,-0.222,0.297,-0.38,0.039,0.042,0.007,0.152,-0.024,-0.112,0.03,0.274,-0.166,0.027,0.328,-0.12,0.055,0.235,-0.25,0.206,-0.028,-0.285,0.07,-0.015,0.079,0.19,0.046,0.074,0.003,0.106,-0.085,0.239,-0.02,-0.27,0.059,-0.112,-0.241,0.393,0.168,-0.162,-0.012,-0.241,-0.298,-0.049,0.247,-0.083,0.076,-0.463,-0.109,0.499,0.13,0.174,0.37,0.381,0.056,0.066,-0.262,0.04,-0.043,-0.216,0.353,0.148,0.096,0.081,-0.335,0.168,-0.203,0.164,-0.1,0.162,-0.033,-0.322,-0.32,-0.054,-0.147,-0.245,0.35,0.023,0.377,-0.167,-0.051,-0.085,0.275,-0.064,-0.057,0.087,-0.292,0.11,0.02,-0.096,-0.23,0.045,-0.14,0.101,-0.002,-0.054,-0.022,-0.294,-0.028,0.043,0.01,-0.057,-0.039,-0.042,0.042,-0.199,0.152,-0.136,0.093,-0.134,0.027,-0.238,-0.117,-0.128,0.058,0.161,0.037,-0.25,0.1,-0.181,-0.267,-0.07,-0.364,0.125,-0.028,0.071,-0.022,-0.241,0.026,-0.442,0.287,-0.034,0.222,-0.169,-0.161,-0.12,-0.166,-0.26,0.159,-0.151,-0.155,-0.105,0.298,-0.048,-0.06,-0.042,-0.1,0.252,0.201,-0.163,0.116,-0.162,0.103,-0.176,-0.016,-0.262,-0.001,-0.119,0.058,-0.123,-0.063,0.231,-0.019,0.006,0.087,-0.017,-0.269,-0.271,-0.279,0.121,0.045,-0.279,0.284,0.124
ATER,-0.069,0.207,-0.254,0.237,0.14,-0.092,-0.418,0.245,-0.045,0.045,0.191,-0.1,0.071,0.294,-0.267,0.384,-0.416,0.362,1.0,-0.099,0.161,-0.014,0.301,0.383,-0.455,-0.183,0.159,-0.173,0.367,-0.326,-0.349,-0.344,0.341,-0.151,-0.376,-0.212,0.15,0.316,-0.009,0.064,0.464,0.105,-0.308,0.036,-0.501,-0.018,0.12,-0.127,0.336,-0.284,-0.098,0.45,0.368,0.007,-0.288,0.024,-0.023,0.318,0.11,-0.304,-0.243,-0.016,-0.452,-0.026,0.203,0.067,0.119,-0.118,-0.445,-0.174,0.101,0.206,-0.155,-0.374,0.039,0.509,0.246,-0.271,0.369,0.368,-0.268,0.1,-0.072,-0.15,0.105,-0.284,0.042,-0.225,0.225,-0.179,-0.545,0.261,-0.078,0.339,-0.239,0.193,-0.173,-0.184,-0.457,0.086,-0.221,-0.218,0.323,0.269,0.359,0.034,0.169,0.149,0.455,0.065,0.125,-0.231,-0.499,-0.001,0.361,-0.081,-0.501,-0.29,-0.204,-0.031,-0.327,-0.424,-0.004,-0.519,-0.097,0.37,-0.038,0.248,0.065,-0.263,-0.156,-0.116,-0.056,-0.437,0.442,-0.433,0.439,0.122,0.051,0.149,0.256,0.216,0.387,-0.233,-0.043,-0.154,-0.021,0.173,-0.469,0.295,0.338,0.015,-0.343,0.049,0.129,-0.371,0.533,0.059,0.511,0.018,-0.22,0.081,-0.417,-0.375,-0.173,0.096,-0.225,-0.167,0.514,0.254,-0.241,0.165,0.106,0.408,0.56,-0.129,0.207,-0.061,-0.142,-0.417,0.179,-0.102,-0.091,-0.072,-0.024,-0.169,0.058,0.455,-0.34,-0.357,-0.396,0.086,-0.253,-0.494,-0.507,0.302,0.28,-0.105,0.356,0.149
ATOS,-0.376,-0.608,0.591,-0.712,-0.435,0.363,0.506,-0.547,0.577,0.377,-0.021,-0.386,0.227,-0.556,0.442,-0.581,-0.077,0.124,-0.099,1.0,-0.24,-0.499,-0.122,0.128,0.55,-0.172,-0.238,-0.06,-0.463,0.545,0.264,0.776,-0.529,0.662,0.563,0.186,-0.411,0.006,-0.369,-0.492,-0.522,-0.593,0.516,0.026,0.507,-0.077,-0.495,0.179,-0.658,0.392,0.218,-0.403,-0.584,0.216,0.616,0.236,-0.127,-0.528,-0.525,0.119,0.612,-0.344,0.274,0.481,-0.597,-0.097,-0.368,-0.165,0.472,0.276,-0.39,-0.63,0.244,0.223,-0.546,0.147,-0.608,0.611,-0.576,-0.551,0.476,-0.116,-0.1,0.466,-0.53,-0.088,0.602,0.642,-0.47,0.294,0.424,-0.52,-0.301,-0.645,0.462,0.03,0.366,0.472,0.166,-0.492,0.242,0.152,-0.508,-0.52,-0.509,-0.637,-0.545,-0.501,-0.438,-0.525,-0.623,0.643,0.419,-0.258,-0.609,-0.228,0.534,0.414,-0.052,0.115,0.675,0.547,-0.541,0.418,0.445,-0.673,0.402,-0.55,-0.499,0.368,0.269,-0.225,0.669,0.437,-0.656,0.437,-0.555,-0.536,-0.234,0.129,-0.638,-0.132,-0.566,0.147,0.142,-0.158,-0.395,-0.511,0.303,-0.614,-0.659,-0.067,0.308,-0.14,-0.569,0.286,-0.007,-0.46,-0.478,-0.124,0.298,-0.597,0.476,0.528,0.418,-0.508,-0.175,-0.297,-0.449,-0.295,0.505,-0.501,-0.632,-0.498,-0.635,-0.211,-0.607,-0.304,0.052,0.452,-0.446,-0.165,0.261,0.239,0.556,0.254,-0.551,-0.535,0.503,0.449,0.465,-0.508,-0.134,0.398,0.264,-0.586,-0.592,-0.057,-0.345,-0.235
AUPH,0.219,0.533,-0.177,0.395,0.098,-0.189,-0.225,0.296,-0.359,0.396,0.015,0.588,-0.308,0.486,0.138,0.456,0.241,0.075,0.161,-0.24,1.0,0.576,-0.146,0.061,-0.051,0.352,0.328,0.281,0.29,-0.071,0.182,-0.262,0.368,-0.549,-0.275,-0.09,0.487,-0.274,0.513,0.528,0.326,0.501,-0.387,-0.008,-0.253,0.09,0.312,0.159,0.423,-0.253,-0.237,-0.024,0.296,0.218,-0.102,0.421,0.525,0.531,0.538,0.088,-0.242,0.637,-0.264,-0.31,0.13,0.153,0.715,0.173,-0.027,0.444,-0.187,0.36,-0.185,0.116,0.372,0.109,0.176,-0.473,0.125,0.152,-0.074,-0.343,0.13,0.319,0.167,-0.018,-0.259,-0.445,0.431,0.279,-0.118,0.551,0.289,0.232,-0.653,0.072,-0.594,0.125,-0.125,0.193,0.465,0.178,0.088,0.273,0.123,0.516,0.364,0.284,0.272,0.494,0.402,-0.303,-0.191,0.53,0.26,0.525,-0.42,-0.169,0.221,0.345,-0.324,-0.257,0.394,-0.042,0.173,0.399,-0.342,0.29,0.377,-0.064,-0.09,0.06,-0.105,-0.03,0.355,-0.041,0.623,0.303,0.326,0.345,0.383,-0.243,0.44,0.101,0.374,0.578,0.475,0.161,-0.092,0.398,0.354,0.591,0.032,0.003,0.569,-0.2,-0.025,0.058,0.11,0.479,-0.115,0.158,-0.147,-0.351,-0.251,0.365,0.374,0.126,0.438,0.252,-0.141,0.419,0.051,0.557,0.267,0.57,0.333,0.105,0.314,0.006,0.52,-0.03,-0.359,-0.018,-0.18,0.053,0.176,0.247,-0.389,-0.438,-0.414,0.063,0.253,-0.194,-0.262,0.448,0.439,0.048,0.331,0.19
AVGO,0.561,0.755,-0.379,0.512,0.517,-0.322,-0.355,0.572,-0.664,0.085,0.217,0.74,-0.366,0.671,0.194,0.6,0.535,-0.067,-0.014,-0.499,0.576,1.0,0.084,0.011,-0.073,0.441,0.335,0.561,0.283,-0.149,0.106,-0.433,0.513,-0.583,-0.432,0.168,0.595,-0.006,0.643,0.836,0.572,0.812,-0.519,-0.177,-0.39,0.019,0.666,0.19,0.533,-0.449,-0.398,0.081,0.613,-0.098,-0.365,0.055,0.55,0.582,0.82,0.416,-0.509,0.679,-0.128,-0.556,0.588,0.467,0.849,0.464,-0.02,0.175,0.076,0.628,-0.345,0.033,0.701,0.02,0.231,-0.536,0.403,0.429,-0.246,0.012,0.393,0.115,0.53,0.376,-0.458,-0.59,0.624,0.058,-0.197,0.789,0.654,0.27,-0.684,0.349,-0.702,-0.029,-0.167,0.616,0.464,0.294,0.254,0.5,0.25,0.685,0.675,0.612,0.324,0.831,0.653,-0.54,-0.251,0.656,0.498,0.682,-0.507,-0.266,0.099,0.138,-0.579,-0.338,0.635,-0.08,-0.106,0.53,-0.238,0.574,0.802,-0.21,-0.341,0.51,-0.443,-0.049,0.554,-0.063,0.533,0.66,0.504,0.074,0.605,0.028,0.549,0.365,0.12,0.491,0.797,0.496,-0.25,0.524,0.661,0.67,-0.118,0.237,0.834,-0.1,0.019,0.458,0.382,0.484,0.157,0.533,-0.35,-0.492,-0.415,0.565,0.482,0.562,0.359,0.463,-0.242,0.642,0.529,0.659,0.321,0.598,0.784,0.514,0.253,-0.053,0.713,0.294,-0.088,-0.16,-0.338,0.187,0.684,0.309,-0.552,-0.622,-0.477,0.536,0.477,-0.202,-0.117,0.656,0.571,0.282,0.227,-0.036
AZN,-0.268,0.155,-0.114,0.201,0.175,0.301,-0.329,0.329,-0.097,-0.13,-0.041,-0.07,0.38,0.383,-0.138,0.01,-0.463,0.307,0.301,-0.122,-0.146,0.084,1.0,0.198,-0.314,-0.192,0.332,-0.263,0.351,-0.191,-0.386,-0.134,-0.053,0.124,-0.153,-0.344,-0.232,0.476,-0.269,-0.116,0.367,-0.066,-0.044,0.278,-0.391,0.279,0.113,0.265,0.089,-0.058,0.18,0.456,0.309,0.11,-0.19,0.0,-0.029,0.391,-0.172,0.05,-0.219,-0.35,-0.183,0.169,0.399,-0.213,0.008,-0.056,-0.214,-0.361,0.414,-0.036,0.12,-0.351,-0.142,0.503,0.201,-0.024,0.494,0.536,-0.119,0.114,-0.113,-0.411,0.076,-0.275,-0.099,-0.078,0.108,-0.099,-0.439,0.113,-0.114,0.33,-0.054,0.181,0.151,-0.135,-0.471,-0.033,-0.487,-0.271,0.448,0.025,0.555,-0.019,-0.001,-0.034,0.244,-0.075,-0.02,-0.078,-0.179,0.066,0.201,-0.329,-0.267,-0.182,-0.153,0.053,-0.102,-0.293,0.268,-0.381,-0.53,0.213,-0.026,-0.057,0.25,-0.32,0.071,-0.137,-0.063,-0.552,0.257,-0.55,0.067,-0.038,-0.213,-0.163,0.091,0.453,-0.025,-0.269,-0.053,0.09,0.246,0.028,-0.447,0.295,0.106,-0.295,-0.241,-0.085,0.064,-0.407,0.34,0.264,0.575,-0.214,-0.056,0.067,-0.311,-0.335,0.059,0.042,-0.157,0.013,0.358,0.08,-0.336,-0.054,0.202,0.278,0.404,-0.285,0.199,-0.207,-0.199,-0.446,0.242,-0.134,0.178,-0.19,-0.288,-0.355,0.03,0.445,-0.096,-0.195,-0.19,0.111,-0.439,-0.247,-0.29,0.301,0.062,-0.194,0.265,0.204
BCRX,-0.199,-0.02,-0.097,-0.051,0.15,0.063,-0.218,-0.051,0.033,0.078,0.431,-0.146,0.229,0.009,-0.053,0.112,-0.285,0.388,0.383,0.128,0.061,0.011,0.198,1.0,-0.214,-0.207,0.145,-0.047,0.026,-0.085,-0.101,-0.013,0.116,0.087,0.034,-0.019,-0.116,0.297,-0.082,-0.131,0.209,-0.063,0.115,0.124,-0.287,0.104,-0.04,-0.086,0.124,-0.058,0.242,0.25,0.071,0.219,-0.093,0.338,-0.064,0.326,0.088,0.005,-0.069,0.007,-0.242,0.213,-0.07,0.171,0.059,-0.163,-0.171,-0.109,0.271,0.055,-0.022,-0.22,0.009,0.458,-0.211,0.029,0.082,0.08,0.051,-0.059,-0.148,0.168,-0.049,-0.28,0.134,-0.042,0.027,-0.021,-0.352,0.067,-0.056,-0.069,-0.097,0.331,-0.116,0.144,-0.583,-0.024,-0.037,0.066,0.149,0.243,0.138,-0.131,0.058,0.09,0.19,-0.009,-0.008,-0.067,-0.191,0.006,0.135,0.02,-0.095,0.025,-0.341,-0.04,-0.164,-0.068,0.036,-0.316,-0.047,0.009,-0.085,0.135,0.078,-0.012,-0.014,0.178,-0.083,-0.157,0.143,-0.198,-0.003,0.065,0.007,0.091,0.236,0.345,0.09,0.001,0.099,-0.111,0.044,0.217,-0.514,-0.121,0.163,0.039,-0.008,0.104,-0.074,-0.214,0.576,0.055,0.227,-0.064,0.007,0.021,-0.356,0.036,0.254,0.024,-0.151,-0.022,0.244,0.451,-0.031,0.09,-0.019,0.163,0.161,0.043,0.041,-0.116,-0.237,-0.296,0.008,-0.152,0.254,-0.252,0.116,-0.086,0.046,0.17,0.066,-0.104,0.02,0.061,-0.174,-0.46,-0.159,0.018,-0.001,-0.151,0.035,-0.04
BGC,0.09,-0.371,0.561,-0.614,-0.195,0.297,0.696,-0.463,0.256,0.425,0.052,-0.008,-0.08,-0.403,0.661,-0.358,0.359,-0.319,-0.455,0.55,-0.051,-0.073,-0.314,-0.214,1.0,0.187,-0.415,0.454,-0.573,0.759,0.335,0.489,-0.361,0.265,0.501,0.462,-0.114,-0.23,0.012,-0.227,-0.645,-0.213,0.355,-0.291,0.62,-0.087,-0.169,0.294,-0.546,0.258,-0.06,-0.644,-0.46,0.057,0.548,0.18,0.15,-0.559,-0.231,0.488,0.425,-0.002,0.585,0.14,-0.448,0.15,-0.055,0.319,0.824,0.442,-0.576,-0.292,0.045,0.555,-0.235,-0.248,-0.619,0.424,-0.687,-0.652,0.31,-0.071,0.301,0.471,-0.247,0.363,0.265,0.371,-0.211,0.25,0.674,-0.273,0.076,-0.706,0.329,0.15,0.143,0.652,0.436,-0.172,0.441,0.601,-0.677,-0.379,-0.593,-0.215,-0.222,-0.233,-0.533,-0.092,-0.331,0.452,0.559,-0.206,-0.509,0.126,0.583,0.35,0.245,0.099,0.535,0.508,-0.384,0.638,0.467,-0.593,0.487,-0.321,-0.13,0.5,0.125,0.195,0.509,0.643,-0.579,0.658,-0.408,-0.254,0.089,0.19,-0.46,-0.151,-0.457,0.521,0.01,0.082,0.011,-0.296,0.555,-0.471,-0.439,0.08,0.368,0.125,-0.215,0.608,-0.327,-0.25,-0.575,0.221,0.629,-0.293,0.495,0.559,0.194,-0.288,0.244,0.024,-0.646,-0.155,0.452,-0.189,-0.313,-0.554,-0.758,0.147,-0.371,0.105,0.256,0.642,-0.091,0.304,0.422,0.256,0.478,0.541,-0.268,-0.624,0.373,0.344,0.393,-0.266,0.384,0.537,0.601,-0.406,-0.389,0.308,-0.483,-0.475
BIDU,0.361,0.29,-0.164,0.099,0.185,-0.271,-0.055,0.138,-0.41,-0.018,0.145,0.43,-0.379,0.159,0.21,0.238,0.612,-0.202,-0.183,-0.172,0.352,0.441,-0.192,-0.207,0.187,1.0,0.08,0.378,0.028,0.019,0.112,-0.228,0.14,-0.4,-0.162,0.237,0.413,-0.289,0.392,0.438,0.018,0.373,-0.241,-0.227,0.194,-0.161,0.297,0.03,0.219,-0.152,-0.316,0.026,0.301,-0.106,-0.086,-0.025,0.298,0.03,0.383,0.449,-0.169,0.378,0.003,-0.432,0.123,0.246,0.371,0.278,0.062,0.328,-0.321,0.278,-0.213,0.332,0.341,-0.135,0.033,-0.309,-0.078,-0.068,-0.147,-0.104,0.227,0.134,0.224,0.354,-0.242,-0.336,0.285,0.148,0.523,0.337,0.326,0.137,-0.392,0.043,-0.309,0.081,0.3,0.299,0.369,0.315,-0.047,0.182,-0.139,0.301,0.275,0.248,0.12,0.375,0.46,-0.245,0.198,0.247,0.209,0.416,-0.028,-0.104,0.359,-0.023,-0.235,-0.087,0.32,0.321,0.138,0.217,-0.106,0.246,0.271,0.038,-0.146,0.299,-0.225,0.21,0.139,0.245,0.27,0.334,0.391,0.228,0.212,-0.273,0.241,0.251,0.128,0.253,0.304,0.253,0.213,0.106,0.245,0.442,0.026,0.103,0.364,0.168,-0.235,0.117,-0.069,0.337,0.162,0.175,0.025,0.108,-0.276,0.381,0.402,0.32,-0.018,0.124,0.017,0.279,0.222,0.171,0.05,0.376,0.231,0.294,0.449,0.39,0.393,0.262,-0.056,0.18,-0.114,0.252,0.248,-0.042,-0.222,-0.191,-0.324,0.096,0.434,0.163,0.141,0.125,0.265,0.149,0.039,0.002
BILI,-0.195,0.513,-0.198,0.631,-0.009,0.055,-0.46,0.341,-0.209,0.167,-0.169,0.299,0.153,0.586,-0.134,0.186,-0.055,0.192,0.159,-0.238,0.328,0.335,0.332,0.145,-0.415,0.08,1.0,-0.337,0.635,-0.402,0.255,0.037,0.046,-0.169,-0.043,-0.417,0.118,-0.201,0.04,0.357,0.371,0.115,0.02,0.655,-0.313,0.202,-0.032,0.076,0.207,0.298,0.477,0.276,0.231,0.568,-0.002,0.328,0.496,0.583,0.252,-0.111,-0.068,0.295,-0.39,0.08,0.237,-0.29,0.257,-0.349,-0.307,-0.058,0.524,0.134,0.496,0.008,0.221,0.564,0.352,-0.273,0.407,0.412,0.389,-0.482,-0.357,0.187,-0.094,-0.42,0.007,-0.197,0.201,0.563,-0.29,0.326,-0.124,0.585,-0.423,-0.1,-0.027,-0.228,-0.275,-0.053,0.062,-0.367,0.469,-0.003,0.239,0.355,0.065,-0.088,0.462,0.114,0.179,-0.243,0.125,0.729,0.097,0.043,-0.279,0.101,-0.131,0.564,-0.13,-0.125,0.728,-0.042,-0.155,0.388,-0.648,-0.038,0.143,-0.572,0.413,-0.196,-0.213,-0.356,0.2,-0.413,0.428,0.241,-0.275,0.308,0.133,-0.0,0.199,-0.412,0.639,0.439,0.287,-0.141,-0.279,0.348,0.256,0.288,0.302,-0.306,0.29,-0.504,-0.012,-0.065,0.455,-0.042,-0.598,0.007,-0.134,-0.49,0.19,0.197,-0.064,-0.109,0.555,-0.071,-0.067,0.079,0.043,0.496,0.386,0.428,0.192,-0.242,0.074,-0.225,0.199,-0.483,-0.469,-0.12,-0.479,-0.456,0.258,0.642,-0.02,-0.169,-0.262,-0.137,-0.285,-0.205,-0.274,0.224,0.255,-0.491,0.656,0.635
BKR,0.679,0.256,-0.068,-0.177,0.429,-0.284,0.139,0.265,-0.39,0.02,0.398,0.31,-0.424,0.085,0.405,0.336,0.579,-0.222,-0.173,-0.06,0.281,0.561,-0.263,-0.047,0.454,0.378,-0.337,1.0,-0.323,0.264,-0.062,-0.26,0.342,-0.339,-0.116,0.62,0.444,0.158,0.559,0.356,0.08,0.528,-0.328,-0.624,-0.006,-0.154,0.65,0.087,0.244,-0.437,-0.616,-0.23,0.22,-0.41,-0.169,-0.043,0.174,-0.022,0.462,0.577,-0.243,0.405,0.364,-0.453,0.315,0.768,0.528,0.824,0.431,0.315,-0.446,0.402,-0.578,0.169,0.382,-0.277,-0.28,-0.087,-0.063,-0.035,-0.283,0.351,0.794,0.188,0.482,0.669,-0.184,-0.219,0.431,-0.175,0.18,0.459,0.733,-0.311,-0.199,0.522,-0.533,0.338,0.115,0.582,0.557,0.739,-0.313,0.415,-0.107,0.327,0.516,0.53,-0.133,0.554,0.405,-0.243,-0.16,0.032,0.23,0.676,-0.118,-0.245,0.166,-0.242,-0.213,-0.164,-0.044,0.186,0.099,0.041,0.455,0.495,0.579,0.407,-0.536,0.718,-0.056,0.382,0.144,0.411,0.089,0.362,0.746,0.035,0.353,0.047,0.221,0.856,-0.258,0.056,0.388,0.467,0.083,0.122,0.304,0.496,-0.183,0.561,0.572,0.465,-0.064,0.373,-0.04,0.501,0.722,0.477,-0.184,0.013,-0.398,0.233,0.58,0.596,-0.171,0.426,-0.055,0.513,0.377,0.129,-0.201,0.356,0.516,0.674,0.18,0.2,0.358,0.744,0.456,0.104,0.219,0.783,0.368,-0.224,-0.337,-0.343,-0.183,0.505,0.711,0.015,0.213,0.365,0.222,0.727,-0.393,-0.571
BLDP,0.004,0.564,-0.496,0.714,0.204,-0.111,-0.6,0.478,-0.31,-0.105,-0.15,0.248,0.043,0.573,-0.402,0.413,-0.151,0.297,0.367,-0.463,0.29,0.283,0.351,0.026,-0.573,0.028,0.635,-0.323,1.0,-0.506,-0.071,-0.365,0.366,-0.335,-0.402,-0.448,0.288,-0.052,0.125,0.459,0.607,0.302,-0.334,0.27,-0.536,0.179,0.144,-0.141,0.471,-0.127,0.026,0.385,0.478,0.124,-0.351,0.011,0.22,0.601,0.309,-0.267,-0.359,0.253,-0.467,-0.154,0.401,-0.172,0.26,-0.237,-0.581,-0.117,0.402,0.343,0.064,-0.146,0.365,0.497,0.535,-0.386,0.562,0.567,-0.116,-0.031,-0.199,-0.095,0.135,-0.333,-0.14,-0.446,0.366,0.132,-0.518,0.428,-0.021,0.741,-0.437,0.046,-0.19,-0.368,-0.297,0.118,-0.138,-0.4,0.664,0.198,0.565,0.378,0.198,0.131,0.576,0.194,0.326,-0.469,-0.269,0.51,0.331,0.037,-0.513,-0.259,-0.116,0.257,-0.36,-0.43,0.534,-0.432,-0.316,0.724,-0.533,0.172,0.262,-0.532,-0.029,-0.136,-0.376,-0.519,0.456,-0.583,0.598,0.239,-0.108,0.094,0.322,0.131,0.518,-0.424,0.239,0.193,0.189,0.035,-0.364,0.492,0.39,0.205,-0.137,-0.029,0.392,-0.407,0.047,0.165,0.617,0.094,-0.516,0.217,-0.388,-0.632,-0.179,0.267,-0.046,-0.043,0.611,0.024,-0.341,0.256,0.218,0.666,0.677,0.161,0.373,-0.02,0.015,-0.459,0.321,-0.297,-0.397,-0.144,-0.516,-0.458,0.252,0.705,-0.333,-0.355,-0.482,0.072,-0.21,-0.36,-0.377,0.379,0.459,-0.214,0.708,0.462
BLNK,-0.127,-0.437,0.534,-0.574,-0.205,0.487,0.591,-0.523,0.422,0.473,0.185,0.072,0.046,-0.375,0.734,-0.436,0.15,-0.38,-0.326,0.545,-0.071,-0.149,-0.191,-0.085,0.759,0.019,-0.402,0.264,-0.506,1.0,0.338,0.488,-0.381,0.37,0.481,0.391,-0.274,-0.078,-0.113,-0.255,-0.567,-0.251,0.35,-0.197,0.452,-0.094,-0.342,0.565,-0.551,0.234,0.034,-0.512,-0.492,0.147,0.498,0.323,0.192,-0.467,-0.207,0.358,0.379,-0.047,0.453,0.139,-0.556,0.132,-0.123,0.114,0.76,0.34,-0.486,-0.405,0.048,0.59,-0.32,-0.227,-0.545,0.444,-0.655,-0.62,0.318,-0.121,0.163,0.388,-0.373,0.163,0.203,0.338,-0.286,0.176,0.51,-0.327,-0.069,-0.676,0.363,0.085,0.163,0.82,0.323,-0.375,0.296,0.421,-0.601,-0.416,-0.557,-0.356,-0.421,-0.311,-0.475,-0.168,-0.406,0.429,0.455,-0.226,-0.54,0.052,0.535,0.383,-0.018,0.146,0.459,0.552,-0.395,0.535,0.369,-0.489,0.405,-0.416,-0.147,0.374,0.162,0.041,0.486,0.53,-0.582,0.494,-0.387,-0.279,-0.116,0.22,-0.498,-0.051,-0.505,0.457,-0.002,0.236,0.073,-0.395,0.424,-0.494,-0.53,-0.062,0.325,0.142,-0.277,0.605,-0.206,-0.291,-0.53,0.165,0.53,-0.383,0.38,0.524,0.265,-0.372,0.027,-0.144,-0.551,-0.108,0.471,-0.338,-0.468,-0.512,-0.64,0.06,-0.442,-0.109,0.037,0.524,-0.131,0.073,0.331,0.289,0.347,0.324,-0.375,-0.619,0.371,0.344,0.375,-0.377,0.175,0.358,0.495,-0.46,-0.495,0.184,-0.451,-0.326
