,AAL,AAPL,ABUS,ADBE,ADI,ADMA,AEP,AGNC,AKBA,ALT,AMAT,AMD,AMGN,AMZN,APA,APPS,ARCC,ARDX,ATER,ATOS,AUPH,AVGO,AZN,BCRX,BGC,BIDU,BILI,BKR,BLDP,BLNK,BYND,CAN,CELH,CG,CGC,CHRD,CLNE,CMCSA,COMM,COST,CPB,CPRT,CRON,CRWD,CSCO,CSGP,CSX,CTSH,CZR,DBX,DDOG,DKNG,DLTR,DOCU,DVAX,DXCM,EA,EBAY,ENPH,ERIC,ESPR,ETSY,EXC,EXEL,EXPE,FANG,FAST,FITB,FLEX,FOLD,FOXA,FSLR,FTNT,FUTU,GEN,GERN,GEVO,GILD,GOOG,GOOGL,GPRO,GT,HBAN,HIVE,HON,HST,HUT,IBRX,INTC,IOVA,IQ,IRWD,JBLU,JD,KDP,KHC,LBTYK,LRCX,LYFT,MAR,MARA,MAT,MCHP,MCRB,MDLZ,META,MGNI,MLCO,MNKD,MNST,MOMO,MRNA,MRVL,MSFT,MSTR,MTCH,MU,MVIS,NDAQ,NFLX,NKTR,NNDM,NTES,NTNX,NVAX,NVDA,NWL,NWSA,NXPI,OCGN,OKTA,ON,OPK,PAA,PACB,PAGP,PANW,PARA,PCAR,PDD,PENN,PEP,PLUG,PTEN,PTON,PYPL,QCOM,QUBT,QVCGA,RDFN,REAL,RIOT,ROKU,ROST,RUN,SABR,SAVA,SBUX,SFIX,SGMO,SIRI,SLM,SMCI,SNDL,SONO,STNE,STX,TCOM,TGTX,TIGR,TLRY,TMUS,TRIP,TSCO,TSLA,TTD,TXN,UAL,UNIT,VERU,VKTX,VLY,VOD,VTRS,VXRT,WBA,WBD,WDAY,WDC,WEN,WW,WYNN,XEL,XP,XRAY,XRX,Z,ZION,ZM,ZS
AAL,1.0,0.068,0.464,0.11,0.137,0.126,0.036,0.618,0.208,0.336,0.237,0.222,-0.163,-0.03,0.175,0.215,0.319,0.146,0.247,-0.079,0.029,-0.01,-0.235,0.069,0.411,0.131,-0.022,0.163,0.13,0.338,0.371,-0.09,0.13,0.253,0.158,-0.023,0.036,-0.036,0.163,-0.235,-0.315,0.424,0.266,0.084,-0.045,0.019,0.016,0.158,0.412,0.222,-0.053,0.254,0.262,-0.151,0.264,-0.012,-0.2,-0.077,0.348,-0.235,0.437,0.149,0.187,0.073,0.513,-0.082,-0.002,0.227,0.122,0.106,0.068,0.04,-0.01,-0.152,-0.028,0.071,0.497,-0.415,-0.029,-0.001,0.28,0.166,0.299,-0.116,0.069,0.466,-0.16,0.403,-0.022,0.299,0.634,0.283,0.814,0.206,0.057,0.004,0.199,0.201,0.359,0.546,0.433,0.354,0.281,0.381,-0.155,0.052,0.672,0.514,0.299,0.061,0.34,-0.39,0.035,-0.104,-0.192,0.135,0.144,-0.155,-0.15,-0.077,-0.059,0.074,-0.123,0.476,-0.127,0.111,0.284,0.113,0.312,0.353,0.067,0.463,0.201,0.218,0.491,0.236,0.077,0.255,-0.073,0.029,0.368,-0.186,0.288,0.73,-0.165,0.137,-0.049,0.579,-0.001,0.421,0.002,0.009,0.254,0.114,0.551,0.41,-0.197,0.147,0.246,-0.028,0.411,0.564,0.151,0.49,0.351,0.555,-0.034,0.347,0.321,0.432,0.122,-0.123,0.647,0.014,0.162,0.356,0.016,0.871,0.543,0.32,0.081,0.221,0.088,0.245,-0.031,0.047,0.28,0.357,0.236,0.126,0.207,0.579,-0.133,0.468,0.017,0.23,0.403,0.088,0.377,0.029
AAPL,0.068,1.0,-0.298,0.783,0.851,0.301,0.655,0.494,0.446,0.488,0.836,0.853,0.893,0.852,0.518,0.775,0.744,0.669,0.326,0.609,0.754,0.773,0.754,0.572,0.022,0.527,0.755,0.768,0.784,0.63,0.752,0.702,0.705,0.76,0.625,-0.537,0.685,0.825,0.67,0.64,0.493,0.744,0.489,0.624,0.874,0.814,0.861,0.853,0.644,0.569,0.831,0.684,0.372,0.609,0.049,0.6,0.803,0.903,0.825,0.705,0.259,0.817,0.833,0.684,0.621,0.557,0.792,0.777,0.657,0.705,0.885,0.865,0.692,0.698,0.723,0.532,0.076,0.266,0.949,0.952,0.686,0.745,0.638,0.602,0.819,0.557,0.146,0.472,0.827,0.69,-0.081,0.435,0.448,0.75,0.741,0.878,0.634,0.835,0.71,0.49,-0.172,0.765,0.75,0.455,0.854,0.864,0.284,0.247,0.614,0.909,0.665,0.57,0.769,0.897,0.742,0.823,0.713,0.409,0.884,0.665,0.821,0.462,0.707,0.532,0.697,0.739,0.751,0.297,0.694,0.423,0.75,0.629,0.401,0.592,0.197,0.558,0.738,0.812,0.836,0.672,0.674,0.885,0.78,0.028,0.598,0.943,0.874,-0.018,0.823,0.794,0.63,0.611,0.653,0.787,0.716,0.557,0.624,0.849,0.426,0.782,0.824,0.336,0.658,-0.298,0.676,0.489,0.822,0.588,0.672,0.449,0.446,0.608,0.39,0.694,0.757,0.759,0.817,0.24,-0.22,0.439,0.757,0.682,0.652,0.416,-0.101,0.046,0.742,0.702,0.73,0.732,0.725,0.582,0.818,0.617,0.766,0.438,0.667,0.818,-0.046,0.594
ABUS,0.464,-0.298,1.0,-0.057,-0.145,0.028,-0.312,0.178,0.07,0.064,-0.212,-0.258,-0.475,-0.284,-0.177,-0.032,-0.047,-0.056,0.041,-0.476,-0.322,-0.35,-0.445,-0.164,0.755,-0.231,-0.488,-0.151,-0.098,-0.128,-0.043,-0.235,-0.204,-0.082,-0.11,0.312,-0.288,-0.289,-0.009,-0.299,-0.538,0.014,0.023,-0.206,-0.384,-0.346,-0.325,-0.155,-0.024,0.023,-0.365,-0.212,0.203,-0.337,0.17,-0.365,-0.511,-0.424,-0.053,-0.407,0.463,-0.302,-0.332,-0.441,0.192,-0.486,-0.267,-0.157,-0.105,-0.173,-0.217,-0.243,-0.304,-0.5,-0.371,-0.181,0.449,-0.299,-0.295,-0.313,-0.034,-0.178,-0.196,-0.332,-0.369,0.243,-0.159,0.124,-0.404,-0.075,0.417,0.035,0.313,-0.2,-0.179,-0.473,-0.006,-0.176,-0.016,0.261,0.387,-0.184,-0.062,0.112,-0.554,-0.336,0.242,0.483,0.034,-0.36,0.064,-0.556,-0.286,-0.446,-0.413,-0.375,-0.197,-0.314,-0.523,-0.346,-0.349,-0.288,-0.324,0.213,-0.439,-0.281,-0.16,-0.03,-0.031,0.248,-0.239,0.087,0.163,-0.007,0.213,-0.008,-0.296,-0.189,-0.536,-0.165,0.034,-0.502,-0.031,0.51,-0.486,-0.218,-0.451,0.388,-0.43,-0.02,-0.236,-0.441,-0.024,-0.332,0.16,-0.185,-0.335,-0.192,0.196,-0.329,0.004,0.28,-0.3,0.584,0.072,0.301,-0.432,0.164,-0.038,0.043,-0.075,-0.404,0.288,-0.429,-0.209,-0.08,-0.2,0.308,0.431,-0.158,-0.286,-0.126,-0.142,0.138,0.028,0.074,-0.021,0.013,-0.186,-0.211,-0.078,0.19,-0.468,0.129,-0.388,-0.077,-0.004,-0.314,0.223,-0.265
ADBE,0.11,0.783,-0.057,1.0,0.776,0.483,0.392,0.562,0.636,0.463,0.8,0.827,0.614,0.789,0.388,0.77,0.64,0.744,0.068,0.515,0.695,0.727,0.653,0.537,0.226,0.578,0.572,0.666,0.72,0.547,0.696,0.615,0.714,0.75,0.662,-0.396,0.649,0.637,0.672,0.435,0.19,0.6,0.476,0.682,0.724,0.7,0.687,0.644,0.676,0.714,0.723,0.532,0.654,0.727,0.226,0.589,0.692,0.619,0.764,0.65,0.473,0.635,0.686,0.642,0.683,0.43,0.516,0.654,0.671,0.676,0.659,0.81,0.696,0.436,0.637,0.725,0.089,0.141,0.814,0.826,0.761,0.701,0.528,0.557,0.607,0.693,0.2,0.499,0.751,0.676,0.186,0.564,0.376,0.718,0.799,0.629,0.594,0.754,0.75,0.656,0.065,0.579,0.743,0.625,0.645,0.818,0.416,0.376,0.625,0.728,0.747,0.386,0.73,0.771,0.681,0.627,0.664,0.33,0.589,0.703,0.769,0.422,0.703,0.648,0.627,0.766,0.606,0.084,0.771,0.453,0.811,0.708,0.345,0.687,0.373,0.671,0.698,0.694,0.567,0.649,0.739,0.605,0.784,0.087,0.438,0.797,0.768,-0.064,0.66,0.746,0.344,0.508,0.736,0.715,0.649,0.3,0.481,0.794,0.432,0.744,0.684,0.419,0.55,-0.016,0.756,0.506,0.641,0.633,0.665,0.437,0.432,0.552,0.539,0.723,0.708,0.816,0.719,0.34,-0.095,0.448,0.677,0.617,0.597,0.592,-0.209,0.004,0.612,0.79,0.682,0.723,0.737,0.674,0.517,0.561,0.63,0.362,0.705,0.557,0.27,0.574
ADI,0.137,0.851,-0.145,0.776,1.0,0.378,0.462,0.588,0.516,0.601,0.852,0.78,0.768,0.762,0.628,0.834,0.801,0.628,0.229,0.587,0.726,0.798,0.604,0.529,0.267,0.549,0.75,0.823,0.845,0.612,0.806,0.66,0.674,0.781,0.638,-0.325,0.668,0.765,0.695,0.547,0.31,0.717,0.484,0.609,0.813,0.764,0.838,0.827,0.753,0.623,0.746,0.703,0.602,0.533,0.04,0.549,0.739,0.718,0.863,0.631,0.499,0.802,0.727,0.665,0.746,0.62,0.644,0.742,0.72,0.817,0.839,0.86,0.695,0.696,0.635,0.496,0.115,0.099,0.884,0.894,0.747,0.834,0.643,0.754,0.73,0.668,0.341,0.459,0.793,0.624,-0.068,0.495,0.478,0.745,0.843,0.782,0.73,0.821,0.791,0.7,0.082,0.592,0.823,0.455,0.713,0.841,0.358,0.461,0.549,0.818,0.816,0.432,0.727,0.797,0.738,0.715,0.779,0.373,0.74,0.547,0.747,0.338,0.707,0.671,0.658,0.706,0.679,0.228,0.863,0.409,0.8,0.788,0.327,0.656,0.347,0.685,0.759,0.858,0.74,0.714,0.713,0.739,0.802,0.228,0.441,0.894,0.847,0.004,0.727,0.817,0.464,0.645,0.664,0.742,0.764,0.473,0.675,0.838,0.506,0.813,0.791,0.344,0.591,-0.19,0.767,0.63,0.699,0.773,0.658,0.423,0.418,0.584,0.472,0.678,0.7,0.818,0.906,0.323,-0.162,0.464,0.736,0.752,0.637,0.472,-0.171,-0.014,0.811,0.749,0.737,0.797,0.78,0.717,0.611,0.68,0.65,0.547,0.751,0.751,-0.075,0.544
ADMA,0.126,0.301,0.028,0.483,0.378,1.0,-0.163,0.527,0.693,0.203,0.514,0.516,0.143,0.323,0.152,0.267,0.283,0.593,-0.215,0.302,0.607,0.552,0.289,0.168,0.012,0.602,0.272,0.405,0.322,0.474,0.467,0.199,0.239,0.592,0.683,-0.282,0.513,0.115,0.606,-0.19,-0.292,0.261,0.232,0.803,0.42,0.163,0.489,0.21,0.517,0.584,0.447,0.172,0.561,0.38,0.304,0.466,0.461,0.065,0.524,0.432,0.222,0.226,0.366,0.445,0.575,0.437,-0.158,0.507,0.593,0.491,0.319,0.484,0.623,0.278,0.575,0.537,-0.064,-0.229,0.359,0.356,0.304,0.353,0.152,0.38,0.451,0.557,0.323,0.185,0.552,0.533,0.207,0.602,0.38,0.495,0.55,0.375,0.236,0.528,0.596,0.479,0.355,0.117,0.619,0.606,0.379,0.429,0.074,0.06,0.113,0.242,0.482,0.089,0.542,0.431,0.345,0.497,0.626,0.142,0.212,0.503,0.4,0.122,0.56,0.638,0.326,0.559,0.371,-0.457,0.55,0.161,0.473,0.554,-0.2,0.494,0.559,0.562,0.506,0.399,0.381,0.321,0.678,0.241,0.623,0.042,0.098,0.352,0.373,0.042,0.418,0.552,-0.127,0.333,0.584,0.556,0.482,0.247,0.206,0.537,-0.115,0.447,0.3,0.373,0.59,0.082,0.695,0.303,0.461,0.445,0.664,0.591,0.456,0.383,0.564,0.487,0.377,0.465,0.328,0.364,0.085,0.588,0.296,0.199,0.575,0.209,-0.591,-0.498,0.111,0.465,0.705,0.564,0.442,0.539,0.0,0.396,0.369,0.314,0.692,0.104,0.352,0.665
AEP,0.036,0.655,-0.312,0.392,0.462,-0.163,1.0,0.362,0.004,0.195,0.45,0.414,0.638,0.389,0.283,0.516,0.542,0.134,0.346,0.309,0.238,0.366,0.437,0.187,-0.078,0.053,0.41,0.535,0.343,0.392,0.264,0.278,0.43,0.39,0.136,-0.368,0.333,0.71,0.206,0.636,0.567,0.609,0.468,0.067,0.498,0.726,0.502,0.679,0.297,0.07,0.324,0.373,0.116,0.258,-0.005,0.254,0.411,0.769,0.334,0.391,0.152,0.48,0.654,0.386,0.269,0.246,0.787,0.479,0.261,0.25,0.662,0.444,0.195,0.432,0.395,0.079,0.248,0.397,0.563,0.588,0.313,0.419,0.607,0.166,0.563,0.244,-0.131,0.262,0.423,0.217,-0.186,-0.081,0.201,0.246,0.29,0.567,0.414,0.472,0.274,0.165,-0.283,0.73,0.29,0.053,0.538,0.455,0.334,0.115,0.338,0.661,0.243,0.434,0.349,0.531,0.366,0.397,0.276,0.109,0.704,0.148,0.444,0.382,0.147,0.034,0.328,0.347,0.677,0.646,0.252,0.135,0.31,0.212,0.454,0.128,-0.041,0.048,0.293,0.41,0.507,0.282,0.132,0.673,0.239,0.013,0.383,0.57,0.513,0.061,0.508,0.372,0.674,0.203,0.069,0.403,0.322,0.428,0.214,0.446,0.337,0.381,0.624,0.282,0.29,-0.038,0.176,0.385,0.568,0.275,0.229,0.059,0.252,0.309,0.027,0.264,0.254,0.365,0.509,-0.024,-0.205,0.129,0.346,0.615,0.418,0.304,0.337,0.474,0.547,0.359,0.286,0.279,0.237,0.12,0.851,0.389,0.53,0.292,0.252,0.747,-0.112,0.075
AGNC,0.618,0.494,0.178,0.562,0.588,0.527,0.362,1.0,0.603,0.46,0.728,0.618,0.278,0.363,0.391,0.631,0.712,0.516,0.161,0.237,0.53,0.557,0.233,0.23,0.314,0.513,0.432,0.648,0.469,0.716,0.627,0.211,0.468,0.738,0.598,-0.319,0.542,0.386,0.601,0.06,-0.131,0.652,0.571,0.529,0.462,0.499,0.526,0.601,0.741,0.499,0.409,0.448,0.615,0.268,0.331,0.381,0.34,0.369,0.737,0.305,0.575,0.418,0.662,0.461,0.811,0.328,0.24,0.667,0.59,0.58,0.556,0.57,0.422,0.33,0.504,0.382,0.423,-0.29,0.476,0.493,0.495,0.635,0.59,0.291,0.592,0.775,0.068,0.504,0.527,0.587,0.391,0.489,0.756,0.531,0.544,0.476,0.475,0.679,0.73,0.792,0.278,0.626,0.717,0.59,0.355,0.512,0.569,0.454,0.389,0.471,0.616,-0.012,0.527,0.432,0.354,0.523,0.62,0.053,0.362,0.314,0.428,0.268,0.367,0.759,0.343,0.57,0.744,0.074,0.728,0.351,0.547,0.778,0.201,0.547,0.691,0.567,0.584,0.612,0.402,0.377,0.714,0.336,0.7,0.425,0.118,0.585,0.469,0.301,0.516,0.783,0.239,0.245,0.557,0.581,0.783,0.512,0.147,0.659,0.33,0.489,0.717,0.701,0.543,0.372,0.763,0.708,0.531,0.695,0.708,0.573,0.496,0.305,0.711,0.427,0.426,0.708,0.501,0.707,0.159,0.605,0.463,0.599,0.595,0.456,-0.168,-0.076,0.53,0.734,0.7,0.601,0.585,0.791,0.294,0.711,0.52,0.462,0.83,0.503,0.333,0.454
AKBA,0.208,0.446,0.07,0.636,0.516,0.693,0.004,0.603,1.0,0.431,0.657,0.633,0.31,0.461,0.113,0.524,0.448,0.649,-0.183,0.347,0.789,0.757,0.539,0.266,0.099,0.775,0.435,0.477,0.45,0.711,0.662,0.186,0.299,0.734,0.857,-0.465,0.724,0.156,0.786,-0.182,-0.216,0.447,0.438,0.793,0.591,0.297,0.56,0.291,0.639,0.675,0.549,0.325,0.56,0.567,0.497,0.669,0.448,0.216,0.702,0.662,0.248,0.267,0.561,0.512,0.703,0.389,0.073,0.635,0.791,0.689,0.437,0.584,0.726,0.35,0.735,0.65,-0.013,-0.232,0.503,0.518,0.492,0.561,0.332,0.414,0.611,0.664,0.229,0.313,0.652,0.728,0.377,0.814,0.509,0.655,0.662,0.433,0.144,0.719,0.745,0.584,0.178,0.368,0.623,0.684,0.534,0.61,0.214,0.198,0.27,0.369,0.515,0.157,0.744,0.618,0.617,0.674,0.692,0.236,0.415,0.568,0.538,0.261,0.68,0.728,0.46,0.794,0.576,-0.407,0.701,0.223,0.593,0.742,-0.204,0.641,0.7,0.709,0.689,0.544,0.46,0.48,0.774,0.335,0.698,0.041,0.209,0.489,0.513,0.144,0.573,0.731,-0.064,0.313,0.682,0.748,0.629,0.332,0.317,0.707,-0.061,0.602,0.453,0.5,0.721,0.122,0.739,0.357,0.64,0.523,0.854,0.735,0.667,0.51,0.646,0.563,0.546,0.606,0.406,0.464,0.189,0.666,0.513,0.415,0.653,0.175,-0.493,-0.431,0.252,0.577,0.802,0.757,0.612,0.639,0.244,0.464,0.603,0.449,0.76,0.204,0.258,0.661
ALT,0.336,0.488,0.064,0.463,0.601,0.203,0.195,0.46,0.431,1.0,0.602,0.53,0.36,0.386,0.451,0.54,0.502,0.378,0.031,0.392,0.433,0.479,0.35,0.267,0.4,0.424,0.461,0.524,0.614,0.465,0.598,0.332,0.351,0.448,0.46,-0.343,0.363,0.383,0.489,0.182,0.02,0.459,0.219,0.39,0.418,0.403,0.486,0.48,0.644,0.465,0.498,0.653,0.401,0.353,-0.115,0.308,0.391,0.376,0.647,0.428,0.226,0.506,0.511,0.374,0.569,0.328,0.277,0.426,0.42,0.607,0.558,0.454,0.489,0.356,0.372,0.231,0.059,-0.295,0.503,0.507,0.456,0.543,0.441,0.326,0.438,0.479,0.105,0.303,0.522,0.504,0.195,0.44,0.535,0.553,0.529,0.495,0.38,0.541,0.55,0.489,0.091,0.385,0.627,0.362,0.361,0.535,0.336,0.419,0.285,0.438,0.61,0.054,0.503,0.483,0.474,0.572,0.574,0.261,0.387,0.305,0.382,0.273,0.461,0.5,0.48,0.542,0.428,0.122,0.52,0.369,0.415,0.594,0.055,0.436,0.252,0.465,0.564,0.704,0.423,0.634,0.57,0.327,0.552,0.293,0.235,0.547,0.472,0.199,0.516,0.656,0.227,0.373,0.48,0.496,0.609,0.396,0.304,0.505,0.215,0.437,0.568,0.274,0.394,-0.092,0.543,0.422,0.429,0.525,0.55,0.389,0.286,0.307,0.452,0.427,0.435,0.505,0.445,0.39,0.047,0.372,0.388,0.439,0.247,0.289,-0.244,-0.2,0.624,0.528,0.558,0.541,0.567,0.652,0.288,0.356,0.397,0.434,0.589,0.412,0.002,0.419
AMAT,0.237,0.836,-0.212,0.8,0.852,0.514,0.45,0.728,0.657,0.602,1.0,0.884,0.72,0.728,0.571,0.758,0.778,0.678,0.096,0.652,0.815,0.864,0.64,0.44,0.079,0.734,0.796,0.803,0.722,0.736,0.784,0.547,0.687,0.857,0.777,-0.545,0.773,0.657,0.81,0.367,0.207,0.701,0.53,0.755,0.847,0.737,0.846,0.775,0.822,0.681,0.802,0.713,0.549,0.627,0.18,0.688,0.79,0.696,0.908,0.721,0.395,0.768,0.863,0.803,0.789,0.668,0.515,0.808,0.769,0.836,0.819,0.867,0.792,0.684,0.78,0.585,0.007,-0.047,0.852,0.852,0.707,0.837,0.71,0.657,0.829,0.694,0.232,0.442,0.88,0.76,0.113,0.601,0.547,0.813,0.824,0.813,0.633,0.92,0.864,0.696,0.008,0.7,0.894,0.567,0.779,0.885,0.406,0.257,0.473,0.797,0.765,0.417,0.842,0.851,0.769,0.814,0.829,0.402,0.733,0.657,0.792,0.408,0.747,0.69,0.792,0.857,0.8,0.038,0.885,0.404,0.815,0.819,0.149,0.655,0.503,0.675,0.86,0.861,0.791,0.72,0.815,0.753,0.841,0.143,0.482,0.903,0.868,0.04,0.836,0.902,0.395,0.64,0.706,0.868,0.802,0.541,0.541,0.906,0.309,0.829,0.802,0.462,0.761,-0.131,0.841,0.556,0.828,0.682,0.811,0.546,0.573,0.666,0.591,0.835,0.701,0.851,0.775,0.453,-0.13,0.672,0.724,0.722,0.697,0.402,-0.292,-0.181,0.687,0.83,0.87,0.859,0.848,0.796,0.605,0.651,0.794,0.568,0.878,0.691,0.129,0.695
AMD,0.222,0.853,-0.258,0.827,0.78,0.516,0.414,0.618,0.633,0.53,0.884,1.0,0.711,0.831,0.519,0.728,0.682,0.797,0.145,0.626,0.827,0.825,0.71,0.579,0.017,0.644,0.754,0.78,0.753,0.691,0.79,0.649,0.667,0.798,0.729,-0.604,0.726,0.596,0.753,0.349,0.228,0.651,0.392,0.79,0.808,0.748,0.782,0.683,0.723,0.66,0.8,0.668,0.54,0.73,0.183,0.692,0.799,0.71,0.847,0.724,0.307,0.726,0.793,0.767,0.693,0.623,0.523,0.783,0.687,0.786,0.716,0.856,0.823,0.624,0.785,0.67,0.029,-0.016,0.838,0.863,0.72,0.782,0.576,0.623,0.746,0.635,0.177,0.513,0.857,0.821,0.159,0.574,0.52,0.875,0.813,0.786,0.539,0.845,0.816,0.61,-0.006,0.661,0.815,0.641,0.79,0.863,0.393,0.209,0.634,0.805,0.743,0.482,0.848,0.85,0.744,0.821,0.761,0.515,0.721,0.792,0.781,0.513,0.783,0.649,0.704,0.859,0.712,-0.001,0.788,0.481,0.89,0.759,0.249,0.727,0.424,0.712,0.846,0.773,0.774,0.748,0.801,0.726,0.866,0.093,0.622,0.857,0.859,-0.028,0.823,0.843,0.374,0.662,0.815,0.842,0.756,0.528,0.559,0.86,0.325,0.81,0.762,0.384,0.733,-0.154,0.811,0.472,0.797,0.572,0.783,0.585,0.481,0.683,0.607,0.806,0.84,0.86,0.723,0.456,-0.141,0.609,0.771,0.604,0.589,0.429,-0.277,-0.179,0.61,0.804,0.826,0.805,0.795,0.696,0.585,0.643,0.748,0.457,0.794,0.634,0.195,0.767
AMGN,-0.163,0.893,-0.475,0.614,0.768,0.143,0.638,0.278,0.31,0.36,0.72,0.711,1.0,0.783,0.476,0.648,0.608,0.543,0.276,0.598,0.692,0.742,0.746,0.502,-0.129,0.428,0.768,0.659,0.726,0.522,0.623,0.645,0.655,0.583,0.528,-0.472,0.613,0.823,0.582,0.677,0.687,0.554,0.377,0.492,0.863,0.745,0.813,0.742,0.445,0.428,0.744,0.633,0.194,0.524,-0.049,0.589,0.834,0.896,0.67,0.725,0.093,0.755,0.744,0.629,0.386,0.601,0.796,0.693,0.547,0.655,0.791,0.795,0.635,0.779,0.658,0.385,-0.075,0.419,0.885,0.878,0.559,0.684,0.544,0.621,0.757,0.318,0.198,0.274,0.774,0.579,-0.323,0.322,0.218,0.664,0.665,0.855,0.527,0.713,0.54,0.248,-0.322,0.615,0.612,0.254,0.881,0.786,0.041,0.071,0.424,0.884,0.477,0.729,0.717,0.854,0.755,0.75,0.633,0.424,0.91,0.603,0.763,0.429,0.665,0.316,0.754,0.652,0.619,0.232,0.566,0.291,0.66,0.468,0.281,0.432,-0.021,0.42,0.69,0.709,0.849,0.601,0.472,0.936,0.607,-0.166,0.647,0.848,0.856,-0.114,0.779,0.619,0.582,0.646,0.516,0.685,0.522,0.415,0.735,0.754,0.297,0.757,0.66,0.095,0.567,-0.487,0.489,0.245,0.787,0.396,0.531,0.287,0.374,0.606,0.173,0.617,0.659,0.574,0.788,-0.015,-0.369,0.347,0.675,0.568,0.527,0.265,-0.028,0.045,0.62,0.482,0.599,0.674,0.613,0.365,0.853,0.415,0.737,0.383,0.477,0.78,-0.225,0.543
AMZN,-0.03,0.852,-0.284,0.789,0.762,0.323,0.389,0.363,0.461,0.386,0.728,0.831,0.783,1.0,0.499,0.726,0.68,0.762,0.311,0.579,0.749,0.728,0.781,0.792,0.023,0.473,0.734,0.674,0.76,0.502,0.727,0.828,0.755,0.706,0.588,-0.488,0.639,0.66,0.633,0.523,0.416,0.517,0.334,0.638,0.773,0.683,0.67,0.695,0.553,0.527,0.831,0.63,0.386,0.726,0.042,0.603,0.79,0.792,0.733,0.674,0.28,0.754,0.654,0.634,0.545,0.513,0.647,0.675,0.57,0.699,0.648,0.837,0.666,0.591,0.678,0.662,-0.062,0.221,0.862,0.859,0.779,0.772,0.472,0.665,0.631,0.542,0.128,0.505,0.742,0.682,-0.058,0.406,0.321,0.785,0.769,0.745,0.559,0.689,0.681,0.481,-0.23,0.55,0.676,0.542,0.75,0.829,0.192,0.194,0.728,0.817,0.661,0.632,0.699,0.803,0.751,0.704,0.587,0.469,0.718,0.878,0.83,0.575,0.747,0.557,0.698,0.644,0.489,0.045,0.682,0.533,0.843,0.565,0.366,0.69,0.155,0.675,0.733,0.651,0.693,0.64,0.653,0.732,0.794,-0.053,0.713,0.814,0.81,-0.218,0.74,0.681,0.445,0.63,0.802,0.669,0.597,0.434,0.734,0.755,0.499,0.807,0.672,0.158,0.611,-0.353,0.694,0.335,0.669,0.491,0.589,0.35,0.356,0.584,0.413,0.683,0.899,0.761,0.701,0.248,-0.335,0.396,0.868,0.534,0.482,0.444,-0.126,-0.064,0.558,0.652,0.605,0.7,0.721,0.554,0.626,0.551,0.65,0.211,0.539,0.65,0.093,0.614
APA,0.175,0.518,-0.177,0.388,0.628,0.152,0.283,0.391,0.113,0.451,0.571,0.519,0.476,0.499,1.0,0.591,0.559,0.457,0.356,0.551,0.406,0.463,0.422,0.553,0.239,0.281,0.681,0.679,0.658,0.309,0.539,0.559,0.522,0.472,0.31,-0.012,0.431,0.501,0.493,0.371,0.132,0.403,0.243,0.34,0.488,0.564,0.568,0.627,0.612,0.394,0.542,0.753,0.299,0.389,-0.295,0.365,0.481,0.491,0.584,0.386,0.308,0.708,0.549,0.55,0.443,0.72,0.376,0.506,0.414,0.561,0.569,0.609,0.431,0.452,0.336,0.298,-0.1,-0.111,0.545,0.556,0.501,0.662,0.542,0.614,0.429,0.352,0.232,0.37,0.517,0.419,-0.086,0.183,0.302,0.494,0.562,0.61,0.667,0.476,0.524,0.421,-0.025,0.381,0.623,0.219,0.397,0.557,0.383,0.282,0.364,0.485,0.554,0.311,0.527,0.46,0.497,0.407,0.527,0.415,0.425,0.359,0.531,0.446,0.415,0.355,0.57,0.412,0.416,0.234,0.549,0.432,0.573,0.515,0.157,0.531,0.044,0.519,0.562,0.624,0.481,0.721,0.44,0.425,0.508,0.302,0.446,0.608,0.591,-0.155,0.585,0.529,0.358,0.614,0.392,0.391,0.516,0.397,0.631,0.567,0.546,0.614,0.466,0.092,0.341,-0.187,0.476,0.369,0.428,0.508,0.343,0.2,0.242,0.516,0.329,0.539,0.558,0.593,0.57,0.33,-0.292,0.421,0.568,0.529,0.3,0.353,-0.305,-0.189,0.581,0.536,0.4,0.539,0.643,0.532,0.37,0.46,0.444,0.527,0.413,0.568,-0.138,0.458
APPS,0.215,0.775,-0.032,0.77,0.834,0.267,0.516,0.631,0.524,0.54,0.758,0.728,0.648,0.726,0.591,1.0,0.831,0.68,0.359,0.437,0.653,0.668,0.646,0.619,0.379,0.423,0.624,0.713,0.802,0.605,0.786,0.583,0.782,0.743,0.585,-0.309,0.682,0.669,0.658,0.444,0.229,0.723,0.494,0.505,0.647,0.736,0.688,0.785,0.695,0.584,0.731,0.648,0.59,0.585,0.049,0.514,0.591,0.693,0.795,0.587,0.499,0.658,0.757,0.528,0.692,0.449,0.604,0.735,0.626,0.657,0.709,0.798,0.541,0.471,0.56,0.534,0.217,0.009,0.786,0.803,0.785,0.826,0.687,0.501,0.644,0.702,0.07,0.559,0.663,0.596,0.099,0.42,0.505,0.658,0.758,0.675,0.662,0.719,0.729,0.659,-0.083,0.702,0.742,0.528,0.58,0.757,0.492,0.549,0.651,0.701,0.701,0.275,0.692,0.681,0.729,0.597,0.66,0.305,0.63,0.546,0.728,0.429,0.589,0.649,0.567,0.632,0.709,0.292,0.733,0.458,0.753,0.727,0.406,0.711,0.302,0.665,0.664,0.778,0.585,0.672,0.697,0.59,0.746,0.273,0.409,0.793,0.727,-0.008,0.728,0.769,0.482,0.415,0.667,0.636,0.708,0.45,0.569,0.79,0.611,0.737,0.758,0.425,0.517,0.048,0.682,0.607,0.666,0.711,0.619,0.404,0.457,0.477,0.537,0.562,0.705,0.789,0.709,0.417,-0.114,0.472,0.76,0.819,0.569,0.638,-0.139,0.058,0.773,0.781,0.647,0.725,0.775,0.683,0.613,0.658,0.661,0.483,0.654,0.765,0.053,0.497
ARCC,0.319,0.744,-0.047,0.64,0.801,0.283,0.542,0.712,0.448,0.502,0.778,0.682,0.608,0.68,0.559,0.831,1.0,0.534,0.346,0.42,0.598,0.68,0.522,0.539,0.298,0.435,0.648,0.75,0.65,0.663,0.723,0.525,0.677,0.842,0.561,-0.365,0.674,0.659,0.617,0.375,0.259,0.765,0.51,0.466,0.667,0.73,0.69,0.812,0.681,0.493,0.662,0.605,0.487,0.411,0.075,0.413,0.576,0.691,0.78,0.528,0.514,0.684,0.737,0.58,0.753,0.474,0.573,0.735,0.622,0.688,0.773,0.781,0.51,0.578,0.588,0.462,0.257,0.006,0.763,0.751,0.796,0.868,0.734,0.53,0.734,0.751,0.161,0.49,0.583,0.552,0.075,0.414,0.605,0.637,0.752,0.717,0.746,0.709,0.782,0.749,-0.035,0.738,0.729,0.47,0.584,0.756,0.477,0.449,0.572,0.728,0.706,0.346,0.56,0.635,0.621,0.623,0.587,0.273,0.646,0.479,0.693,0.376,0.533,0.615,0.532,0.544,0.74,0.324,0.762,0.456,0.7,0.709,0.369,0.666,0.391,0.652,0.662,0.733,0.648,0.547,0.669,0.599,0.732,0.318,0.403,0.786,0.689,0.021,0.693,0.773,0.566,0.42,0.559,0.658,0.766,0.542,0.486,0.771,0.554,0.75,0.825,0.474,0.633,-0.052,0.736,0.732,0.661,0.742,0.609,0.426,0.436,0.492,0.529,0.54,0.651,0.784,0.68,0.477,-0.101,0.502,0.736,0.845,0.624,0.558,-0.058,0.049,0.804,0.762,0.638,0.718,0.713,0.707,0.584,0.774,0.687,0.511,0.683,0.799,0.064,0.445
ARDX,0.146,0.669,-0.056,0.744,0.628,0.593,0.134,0.516,0.649,0.378,0.678,0.797,0.543,0.762,0.457,0.68,0.534,1.0,0.209,0.426,0.795,0.672,0.689,0.634,0.148,0.531,0.534,0.607,0.727,0.531,0.719,0.55,0.639,0.662,0.707,-0.36,0.641,0.41,0.7,0.165,0.065,0.424,0.304,0.782,0.593,0.501,0.603,0.533,0.634,0.704,0.768,0.52,0.582,0.678,0.165,0.589,0.65,0.512,0.756,0.583,0.327,0.52,0.557,0.525,0.618,0.493,0.292,0.683,0.608,0.648,0.505,0.783,0.653,0.373,0.609,0.753,0.088,-0.082,0.647,0.661,0.629,0.683,0.332,0.49,0.527,0.623,0.039,0.481,0.688,0.742,0.224,0.572,0.422,0.757,0.711,0.59,0.417,0.671,0.71,0.546,-0.008,0.439,0.695,0.642,0.584,0.64,0.235,0.261,0.619,0.558,0.583,0.313,0.72,0.637,0.641,0.634,0.648,0.46,0.466,0.753,0.666,0.478,0.723,0.684,0.523,0.659,0.489,-0.135,0.668,0.486,0.753,0.696,0.258,0.805,0.385,0.77,0.702,0.579,0.545,0.627,0.837,0.486,0.873,0.117,0.514,0.648,0.657,-0.125,0.707,0.697,0.182,0.455,0.819,0.636,0.633,0.315,0.604,0.717,0.32,0.674,0.59,0.285,0.63,-0.038,0.751,0.272,0.584,0.477,0.713,0.532,0.474,0.53,0.62,0.623,0.784,0.737,0.532,0.479,-0.096,0.538,0.683,0.421,0.468,0.539,-0.408,-0.286,0.406,0.729,0.681,0.735,0.704,0.671,0.388,0.475,0.533,0.304,0.654,0.398,0.288,0.741
ATER,0.247,0.326,0.041,0.068,0.229,-0.215,0.346,0.161,-0.183,0.031,0.096,0.145,0.276,0.311,0.356,0.359,0.346,0.209,1.0,0.016,0.053,-0.014,0.199,0.536,0.165,-0.164,0.185,0.236,0.276,0.065,0.236,0.403,0.295,0.093,-0.09,-0.004,0.01,0.31,0.01,0.347,0.297,0.251,0.176,-0.131,0.073,0.238,0.115,0.414,0.096,-0.031,0.196,0.317,-0.021,-0.036,-0.139,0.038,0.075,0.425,0.178,-0.115,0.124,0.355,0.222,-0.019,0.069,-0.012,0.45,0.173,-0.101,0.003,0.22,0.178,-0.118,0.127,-0.043,-0.019,0.305,0.119,0.196,0.198,0.166,0.215,0.196,0.043,0.087,0.059,-0.252,0.37,0.052,0.099,0.015,-0.118,0.251,0.066,0.01,0.214,0.239,0.081,0.027,0.069,-0.158,0.333,0.101,0.075,0.077,0.051,0.197,0.287,0.558,0.316,0.06,0.096,0.04,0.076,0.065,0.084,0.028,0.119,0.218,0.119,0.078,0.277,-0.003,0.141,0.041,-0.045,0.174,0.389,0.05,0.314,0.105,0.051,0.469,0.2,-0.129,0.072,0.052,0.163,0.118,0.137,0.067,0.197,0.186,0.135,0.268,0.264,0.126,0.037,0.122,0.184,0.322,0.071,0.15,-0.013,0.205,0.375,0.279,0.111,0.489,0.101,0.372,0.001,0.021,0.028,0.042,0.257,0.042,0.088,0.029,-0.032,0.015,-0.066,0.057,-0.069,0.324,0.181,0.197,0.222,-0.025,-0.023,0.354,0.209,0.017,0.194,0.294,0.187,0.298,0.161,-0.006,-0.034,0.116,0.158,0.316,0.284,0.07,0.016,-0.039,0.338,-0.09,-0.092
ATOS,-0.079,0.609,-0.476,0.515,0.587,0.302,0.309,0.237,0.347,0.392,0.652,0.626,0.598,0.579,0.551,0.437,0.42,0.426,0.016,1.0,0.615,0.67,0.65,0.413,-0.147,0.516,0.659,0.597,0.514,0.521,0.531,0.535,0.416,0.516,0.549,-0.517,0.565,0.464,0.606,0.293,0.251,0.366,0.237,0.544,0.663,0.613,0.683,0.531,0.595,0.476,0.621,0.605,0.24,0.676,-0.063,0.785,0.663,0.553,0.549,0.681,-0.017,0.759,0.643,0.79,0.392,0.645,0.345,0.593,0.569,0.594,0.599,0.687,0.646,0.589,0.607,0.474,-0.387,-0.037,0.654,0.666,0.461,0.569,0.513,0.604,0.628,0.291,0.229,0.254,0.687,0.484,-0.159,0.375,0.173,0.569,0.564,0.659,0.51,0.703,0.541,0.291,-0.016,0.37,0.556,0.309,0.679,0.719,0.248,-0.076,0.296,0.617,0.413,0.501,0.692,0.735,0.69,0.638,0.649,0.487,0.615,0.584,0.631,0.505,0.586,0.301,0.68,0.669,0.462,-0.047,0.545,0.242,0.604,0.49,-0.076,0.403,0.14,0.403,0.681,0.617,0.693,0.692,0.45,0.634,0.512,-0.058,0.61,0.658,0.671,-0.261,0.652,0.545,0.279,0.81,0.421,0.694,0.377,0.448,0.507,0.628,0.079,0.626,0.398,0.041,0.593,-0.346,0.458,0.227,0.639,0.32,0.482,0.334,0.467,0.64,0.331,0.779,0.536,0.618,0.519,0.126,-0.31,0.497,0.574,0.462,0.424,0.14,-0.372,-0.284,0.376,0.444,0.598,0.612,0.594,0.408,0.535,0.36,0.678,0.436,0.497,0.493,-0.021,0.534
AUPH,0.029,0.754,-0.322,0.695,0.726,0.607,0.238,0.53,0.789,0.433,0.815,0.827,0.692,0.749,0.406,0.653,0.598,0.795,0.053,0.615,1.0,0.921,0.796,0.486,-0.124,0.799,0.758,0.678,0.655,0.729,0.772,0.482,0.555,0.811,0.881,-0.573,0.855,0.455,0.83,0.177,0.195,0.527,0.428,0.873,0.848,0.558,0.815,0.545,0.684,0.689,0.836,0.559,0.435,0.706,0.304,0.802,0.81,0.581,0.819,0.815,0.13,0.612,0.723,0.732,0.661,0.695,0.4,0.802,0.834,0.839,0.673,0.836,0.861,0.703,0.881,0.667,-0.136,0.003,0.771,0.78,0.597,0.754,0.46,0.65,0.825,0.585,0.262,0.318,0.887,0.756,0.086,0.684,0.418,0.847,0.793,0.782,0.344,0.864,0.801,0.522,-0.082,0.541,0.712,0.527,0.855,0.818,0.122,0.077,0.383,0.671,0.577,0.538,0.873,0.858,0.812,0.874,0.811,0.476,0.732,0.758,0.781,0.405,0.872,0.657,0.692,0.854,0.669,-0.201,0.768,0.307,0.783,0.736,-0.064,0.733,0.495,0.77,0.851,0.707,0.798,0.665,0.803,0.716,0.826,-0.069,0.573,0.752,0.807,-0.113,0.829,0.806,0.192,0.636,0.738,0.9,0.668,0.464,0.665,0.869,0.074,0.815,0.598,0.334,0.869,-0.239,0.765,0.278,0.849,0.526,0.837,0.632,0.665,0.735,0.551,0.792,0.757,0.717,0.638,0.355,-0.064,0.697,0.735,0.532,0.737,0.207,-0.432,-0.398,0.428,0.635,0.87,0.893,0.749,0.645,0.575,0.502,0.756,0.498,0.769,0.509,0.043,0.788
AVGO,-0.01,0.773,-0.35,0.727,0.798,0.552,0.366,0.557,0.757,0.479,0.864,0.825,0.742,0.728,0.463,0.668,0.68,0.672,-0.014,0.67,0.921,1.0,0.78,0.42,-0.112,0.799,0.81,0.789,0.685,0.769,0.749,0.482,0.545,0.856,0.858,-0.545,0.882,0.591,0.835,0.274,0.239,0.581,0.47,0.819,0.921,0.677,0.893,0.601,0.745,0.666,0.783,0.588,0.453,0.686,0.251,0.777,0.828,0.642,0.827,0.869,0.191,0.664,0.795,0.797,0.685,0.76,0.459,0.824,0.884,0.879,0.777,0.87,0.904,0.785,0.902,0.627,-0.15,0.069,0.831,0.841,0.651,0.816,0.573,0.74,0.883,0.596,0.433,0.276,0.914,0.763,-0.014,0.656,0.402,0.823,0.873,0.824,0.442,0.893,0.843,0.545,-0.039,0.575,0.753,0.479,0.884,0.891,0.167,0.052,0.324,0.739,0.647,0.592,0.901,0.915,0.869,0.879,0.837,0.437,0.813,0.701,0.803,0.397,0.877,0.615,0.779,0.904,0.75,-0.113,0.827,0.277,0.808,0.766,-0.088,0.705,0.476,0.754,0.912,0.756,0.854,0.708,0.749,0.768,0.793,-0.072,0.575,0.812,0.877,-0.106,0.86,0.83,0.288,0.684,0.643,0.936,0.696,0.432,0.658,0.919,0.097,0.897,0.633,0.353,0.834,-0.265,0.789,0.38,0.885,0.633,0.835,0.619,0.659,0.794,0.491,0.818,0.708,0.756,0.751,0.264,-0.141,0.659,0.724,0.646,0.777,0.226,-0.391,-0.323,0.544,0.664,0.878,0.916,0.766,0.618,0.638,0.564,0.853,0.603,0.794,0.614,-0.033,0.764
AZN,-0.235,0.754,-0.445,0.653,0.604,0.289,0.437,0.233,0.539,0.35,0.64,0.71,0.746,0.781,0.422,0.646,0.522,0.689,0.199,0.65,0.796,0.78,1.0,0.618,-0.184,0.547,0.681,0.605,0.611,0.554,0.623,0.572,0.566,0.623,0.647,-0.548,0.743,0.519,0.682,0.347,0.383,0.433,0.345,0.649,0.771,0.639,0.711,0.549,0.509,0.547,0.802,0.525,0.273,0.795,0.111,0.762,0.769,0.729,0.61,0.845,-0.046,0.638,0.696,0.654,0.41,0.579,0.529,0.663,0.615,0.62,0.64,0.77,0.749,0.584,0.777,0.634,-0.239,0.201,0.749,0.755,0.561,0.702,0.48,0.54,0.708,0.36,0.079,0.295,0.779,0.625,-0.047,0.444,0.119,0.666,0.685,0.747,0.326,0.72,0.609,0.225,-0.305,0.531,0.533,0.409,0.826,0.773,0.101,-0.067,0.48,0.676,0.407,0.637,0.793,0.853,0.817,0.733,0.63,0.509,0.764,0.73,0.757,0.565,0.775,0.364,0.704,0.753,0.571,-0.006,0.493,0.234,0.669,0.495,0.035,0.634,0.096,0.592,0.755,0.576,0.714,0.707,0.568,0.713,0.641,-0.241,0.701,0.688,0.774,-0.265,0.809,0.608,0.312,0.51,0.531,0.745,0.397,0.347,0.707,0.742,0.145,0.779,0.487,0.071,0.717,-0.318,0.476,0.123,0.775,0.297,0.631,0.411,0.57,0.692,0.229,0.718,0.721,0.617,0.516,0.067,-0.266,0.463,0.742,0.533,0.544,0.275,-0.323,-0.233,0.404,0.505,0.631,0.729,0.644,0.376,0.745,0.304,0.763,0.341,0.445,0.552,0.008,0.602
BCRX,0.069,0.572,-0.164,0.537,0.529,0.168,0.187,0.23,0.266,0.267,0.44,0.579,0.502,0.792,0.553,0.619,0.539,0.634,0.536,0.413,0.486,0.42,0.618,1.0,0.126,0.292,0.559,0.468,0.563,0.309,0.58,0.784,0.594,0.47,0.324,-0.246,0.402,0.428,0.416,0.323,0.241,0.331,0.179,0.367,0.451,0.466,0.376,0.517,0.361,0.371,0.617,0.556,0.277,0.535,-0.021,0.446,0.477,0.568,0.497,0.384,0.209,0.598,0.432,0.41,0.327,0.349,0.458,0.421,0.303,0.439,0.366,0.584,0.387,0.354,0.366,0.569,-0.034,0.096,0.564,0.562,0.618,0.58,0.281,0.496,0.337,0.35,-0.012,0.586,0.416,0.512,0.081,0.321,0.245,0.536,0.527,0.478,0.425,0.37,0.443,0.317,-0.156,0.4,0.458,0.501,0.42,0.53,0.252,0.2,0.777,0.572,0.443,0.419,0.445,0.48,0.518,0.424,0.346,0.487,0.421,0.71,0.587,0.595,0.506,0.433,0.495,0.377,0.251,0.028,0.447,0.481,0.638,0.376,0.353,0.598,0.041,0.542,0.52,0.425,0.408,0.542,0.452,0.414,0.58,0.027,0.629,0.543,0.53,-0.219,0.471,0.453,0.266,0.462,0.653,0.364,0.385,0.427,0.656,0.476,0.535,0.569,0.471,0.008,0.389,-0.247,0.456,0.256,0.364,0.295,0.363,0.243,0.213,0.419,0.3,0.443,0.808,0.58,0.434,0.317,-0.227,0.31,0.808,0.354,0.245,0.371,-0.142,-0.116,0.396,0.48,0.331,0.433,0.552,0.425,0.383,0.451,0.419,0.154,0.268,0.415,0.133,0.405
BGC,0.411,0.022,0.755,0.226,0.267,0.012,-0.078,0.314,0.099,0.4,0.079,0.017,-0.129,0.023,0.239,0.379,0.298,0.148,0.165,-0.147,-0.124,-0.112,-0.184,0.126,1.0,-0.151,-0.127,0.164,0.308,-0.012,0.247,0.116,0.166,0.118,-0.016,0.264,-0.069,0.063,0.193,0.019,-0.262,0.213,0.047,-0.098,-0.15,0.048,-0.028,0.243,0.238,0.164,-0.021,0.181,0.438,-0.078,-0.154,-0.183,-0.197,-0.061,0.236,-0.146,0.551,0.102,-0.007,-0.167,0.366,-0.186,0.021,0.083,0.048,0.13,0.117,0.105,-0.13,-0.196,-0.236,-0.006,0.462,-0.289,0.063,0.05,0.287,0.216,0.172,-0.0,-0.153,0.419,-0.052,0.31,-0.125,0.019,0.228,0.091,0.347,0.003,0.127,-0.118,0.41,0.051,0.203,0.489,0.334,0.013,0.246,0.192,-0.296,0.014,0.392,0.744,0.256,-0.009,0.361,-0.374,-0.038,-0.158,-0.047,-0.18,0.038,-0.137,-0.216,-0.149,-0.043,-0.05,-0.096,0.332,-0.123,-0.086,0.028,0.256,0.252,0.333,0.107,0.312,0.407,0.242,0.097,0.214,-0.042,0.205,-0.253,0.211,0.242,-0.206,0.209,0.608,-0.258,0.136,-0.116,0.217,-0.107,0.207,0.037,-0.124,0.184,-0.128,0.329,0.005,-0.051,0.071,0.521,-0.014,0.282,0.256,-0.192,0.373,0.254,0.467,-0.193,0.411,0.045,0.018,-0.086,-0.23,0.342,-0.163,0.076,0.231,0.152,0.35,0.163,-0.03,0.033,0.257,-0.08,0.469,0.051,0.144,0.352,0.276,-0.013,0.076,0.241,0.419,-0.186,0.268,-0.16,0.123,0.18,0.093,0.085,-0.119
BIDU,0.131,0.527,-0.231,0.578,0.549,0.602,0.053,0.513,0.775,0.424,0.734,0.644,0.428,0.473,0.281,0.423,0.435,0.531,-0.164,0.516,0.799,0.799,0.547,0.292,-0.151,1.0,0.666,0.492,0.424,0.665,0.586,0.263,0.355,0.709,0.794,-0.458,0.731,0.281,0.723,0.001,0.009,0.377,0.384,0.768,0.705,0.345,0.647,0.352,0.663,0.627,0.654,0.479,0.319,0.511,0.421,0.695,0.604,0.3,0.715,0.66,0.09,0.443,0.611,0.677,0.607,0.568,0.164,0.582,0.762,0.742,0.53,0.607,0.75,0.596,0.731,0.554,-0.225,-0.092,0.567,0.566,0.425,0.568,0.364,0.539,0.699,0.474,0.415,0.237,0.744,0.67,0.319,0.804,0.412,0.69,0.615,0.584,0.212,0.716,0.711,0.452,0.13,0.441,0.644,0.478,0.657,0.682,0.14,-0.008,0.139,0.431,0.508,0.338,0.718,0.698,0.646,0.751,0.696,0.335,0.515,0.594,0.61,0.266,0.751,0.587,0.639,0.788,0.559,-0.277,0.719,0.163,0.607,0.669,-0.302,0.579,0.595,0.664,0.752,0.592,0.611,0.551,0.68,0.491,0.657,-0.074,0.366,0.593,0.622,-0.038,0.633,0.705,-0.003,0.531,0.575,0.786,0.591,0.367,0.416,0.702,-0.097,0.67,0.417,0.359,0.747,-0.18,0.699,0.212,0.678,0.486,0.747,0.689,0.592,0.616,0.507,0.762,0.51,0.581,0.488,0.393,0.134,0.64,0.537,0.407,0.698,0.033,-0.487,-0.482,0.297,0.525,0.782,0.757,0.655,0.622,0.328,0.379,0.658,0.525,0.737,0.295,0.114,0.673
BILI,-0.022,0.755,-0.488,0.572,0.75,0.272,0.41,0.432,0.435,0.461,0.796,0.754,0.768,0.734,0.681,0.624,0.648,0.534,0.185,0.659,0.758,0.81,0.681,0.559,-0.127,0.666,1.0,0.725,0.646,0.542,0.618,0.623,0.57,0.684,0.567,-0.403,0.728,0.611,0.655,0.483,0.422,0.492,0.261,0.586,0.824,0.671,0.782,0.689,0.628,0.444,0.731,0.703,0.238,0.59,0.025,0.648,0.798,0.728,0.747,0.714,0.111,0.738,0.773,0.711,0.493,0.788,0.603,0.64,0.635,0.796,0.74,0.762,0.724,0.856,0.719,0.451,-0.177,0.106,0.788,0.798,0.546,0.768,0.543,0.759,0.779,0.37,0.35,0.285,0.823,0.64,-0.138,0.42,0.305,0.724,0.699,0.815,0.482,0.723,0.646,0.403,-0.217,0.588,0.69,0.325,0.818,0.808,0.12,0.029,0.355,0.743,0.558,0.647,0.773,0.825,0.819,0.766,0.651,0.514,0.796,0.668,0.783,0.468,0.769,0.422,0.795,0.719,0.615,0.08,0.715,0.282,0.786,0.572,0.048,0.584,0.229,0.595,0.836,0.722,0.806,0.703,0.569,0.792,0.64,-0.102,0.653,0.829,0.85,-0.165,0.815,0.698,0.388,0.721,0.576,0.744,0.602,0.525,0.672,0.782,0.327,0.829,0.629,0.13,0.654,-0.482,0.631,0.249,0.783,0.522,0.595,0.38,0.352,0.712,0.291,0.744,0.7,0.662,0.736,0.225,-0.241,0.494,0.744,0.565,0.546,0.165,-0.17,-0.25,0.554,0.53,0.675,0.742,0.701,0.519,0.664,0.488,0.745,0.502,0.593,0.651,-0.209,0.674
BKR,0.163,0.768,-0.151,0.666,0.823,0.405,0.535,0.648,0.477,0.524,0.803,0.78,0.659,0.674,0.679,0.713,0.75,0.607,0.236,0.597,0.678,0.789,0.605,0.468,0.164,0.492,0.725,1.0,0.694,0.578,0.643,0.545,0.522,0.771,0.565,-0.395,0.715,0.651,0.712,0.407,0.15,0.678,0.419,0.622,0.767,0.745,0.831,0.8,0.803,0.519,0.664,0.613,0.558,0.59,0.044,0.59,0.671,0.712,0.766,0.662,0.427,0.724,0.789,0.678,0.722,0.694,0.563,0.806,0.703,0.789,0.829,0.803,0.7,0.681,0.722,0.428,0.094,-0.006,0.758,0.774,0.624,0.809,0.627,0.671,0.761,0.646,0.262,0.387,0.777,0.657,-0.07,0.325,0.473,0.708,0.757,0.726,0.628,0.804,0.759,0.628,0.058,0.63,0.746,0.383,0.7,0.75,0.359,0.229,0.487,0.748,0.687,0.457,0.752,0.771,0.716,0.676,0.689,0.386,0.728,0.542,0.7,0.448,0.665,0.575,0.64,0.716,0.779,0.184,0.786,0.409,0.766,0.718,0.226,0.669,0.375,0.638,0.781,0.748,0.767,0.708,0.68,0.705,0.754,0.198,0.574,0.841,0.763,0.018,0.784,0.79,0.429,0.621,0.548,0.759,0.723,0.53,0.546,0.826,0.387,0.777,0.793,0.427,0.628,-0.102,0.768,0.562,0.713,0.707,0.682,0.395,0.442,0.641,0.508,0.655,0.654,0.759,0.781,0.322,-0.201,0.532,0.68,0.736,0.658,0.38,-0.213,-0.137,0.675,0.754,0.722,0.715,0.713,0.611,0.643,0.696,0.65,0.555,0.744,0.7,-0.077,0.564
BLDP,0.13,0.784,-0.098,0.72,0.845,0.322,0.343,0.469,0.45,0.614,0.722,0.753,0.726,0.76,0.658,0.802,0.65,0.727,0.276,0.514,0.655,0.685,0.611,0.563,0.308,0.424,0.646,0.694,1.0,0.559,0.821,0.696,0.7,0.63,0.634,-0.296,0.54,0.727,0.667,0.521,0.277,0.536,0.379,0.581,0.69,0.66,0.725,0.694,0.7,0.569,0.748,0.769,0.536,0.541,-0.179,0.453,0.673,0.674,0.838,0.586,0.349,0.731,0.655,0.533,0.619,0.537,0.52,0.702,0.591,0.702,0.717,0.803,0.632,0.519,0.528,0.51,0.067,-0.01,0.815,0.827,0.721,0.769,0.564,0.627,0.578,0.58,0.293,0.477,0.739,0.67,-0.057,0.474,0.48,0.728,0.774,0.747,0.642,0.699,0.698,0.547,-0.005,0.442,0.809,0.464,0.609,0.754,0.272,0.467,0.543,0.73,0.764,0.349,0.736,0.713,0.705,0.687,0.755,0.402,0.632,0.596,0.678,0.392,0.65,0.634,0.634,0.644,0.533,0.16,0.691,0.524,0.714,0.714,0.332,0.694,0.155,0.702,0.711,0.802,0.626,0.746,0.694,0.617,0.802,0.2,0.416,0.786,0.781,-0.044,0.738,0.762,0.447,0.594,0.72,0.613,0.732,0.382,0.711,0.759,0.496,0.757,0.651,0.228,0.453,-0.171,0.702,0.468,0.613,0.668,0.624,0.456,0.394,0.481,0.481,0.594,0.737,0.747,0.785,0.312,-0.279,0.366,0.676,0.583,0.434,0.544,-0.275,-0.093,0.73,0.696,0.664,0.736,0.754,0.676,0.503,0.547,0.615,0.466,0.638,0.708,-0.054,0.636
BLNK,0.338,0.63,-0.128,0.547,0.612,0.474,0.392,0.716,0.711,0.465,0.736,0.691,0.522,0.502,0.309,0.605,0.663,0.531,0.065,0.521,0.729,0.769,0.554,0.309,-0.012,0.665,0.542,0.578,0.559,1.0,0.768,0.316,0.437,0.794,0.844,-0.648,0.683,0.467,0.744,0.062,0.075,0.658,0.654,0.655,0.686,0.589,0.683,0.511,0.644,0.572,0.576,0.585,0.402,0.411,0.38,0.634,0.522,0.487,0.758,0.609,0.183,0.505,0.711,0.67,0.685,0.442,0.323,0.791,0.764,0.651,0.634,0.691,0.636,0.501,0.727,0.521,0.059,-0.174,0.655,0.672,0.542,0.656,0.62,0.425,0.769,0.633,0.203,0.474,0.659,0.709,0.238,0.674,0.657,0.647,0.658,0.68,0.388,0.813,0.76,0.564,0.101,0.614,0.642,0.588,0.635,0.7,0.422,0.168,0.352,0.612,0.55,0.247,0.711,0.664,0.594,0.801,0.8,0.287,0.633,0.49,0.572,0.416,0.539,0.661,0.502,0.74,0.77,-0.089,0.672,0.327,0.574,0.724,-0.042,0.541,0.611,0.597,0.722,0.653,0.635,0.525,0.663,0.551,0.704,0.139,0.344,0.624,0.642,0.075,0.675,0.784,0.344,0.462,0.582,0.783,0.72,0.607,0.386,0.756,0.047,0.62,0.613,0.543,0.743,0.074,0.694,0.573,0.778,0.581,0.815,0.777,0.811,0.562,0.599,0.592,0.566,0.698,0.55,0.491,0.025,0.695,0.608,0.575,0.694,0.257,-0.357,-0.238,0.493,0.621,0.828,0.761,0.624,0.656,0.492,0.65,0.829,0.599,0.766,0.584,0.157,0.619
BYND,0.371,0.752,-0.043,0.696,0.806,0.467,0.264,0.627,0.662,0.598,0.784,0.79,0.623,0.727,0.539,0.786,0.723,0.719,0.236,0.531,0.772,0.749,0.623,0.58,0.247,0.586,0.618,0.643,0.821,0.768,1.0,0.599,0.668,0.759,0.784,-0.451,0.65,0.523,0.767,0.202,0.112,0.663,0.465,0.683,0.708,0.598,0.718,0.62,0.737,0.681,0.729,0.688,0.534,0.57,0.129,0.584,0.615,0.564,0.883,0.599,0.335,0.713,0.679,0.619,0.777,0.53,0.44,0.759,0.735,0.721,0.664,0.797,0.707,0.492,0.643,0.653,0.069,-0.154,0.767,0.781,0.776,0.77,0.6,0.594,0.667,0.727,0.177,0.595,0.71,0.785,0.211,0.647,0.666,0.814,0.809,0.722,0.558,0.787,0.85,0.688,0.052,0.57,0.807,0.705,0.617,0.796,0.48,0.48,0.588,0.694,0.778,0.263,0.745,0.695,0.624,0.768,0.808,0.341,0.603,0.602,0.673,0.404,0.667,0.804,0.6,0.748,0.636,-0.007,0.761,0.458,0.727,0.839,0.182,0.695,0.419,0.753,0.76,0.826,0.631,0.663,0.82,0.542,0.847,0.321,0.396,0.744,0.735,0.158,0.693,0.862,0.277,0.554,0.799,0.749,0.812,0.551,0.651,0.822,0.348,0.719,0.697,0.426,0.681,-0.064,0.782,0.581,0.682,0.663,0.796,0.701,0.575,0.571,0.643,0.618,0.81,0.831,0.657,0.564,-0.034,0.663,0.754,0.614,0.581,0.44,-0.382,-0.15,0.668,0.713,0.796,0.846,0.778,0.802,0.439,0.655,0.695,0.535,0.775,0.604,0.178,0.649
CAN,-0.09,0.702,-0.235,0.615,0.66,0.199,0.278,0.211,0.186,0.332,0.547,0.649,0.645,0.828,0.559,0.583,0.525,0.55,0.403,0.535,0.482,0.482,0.572,0.784,0.116,0.263,0.623,0.545,0.696,0.316,0.599,1.0,0.64,0.467,0.37,-0.315,0.396,0.601,0.458,0.591,0.375,0.34,0.212,0.401,0.575,0.594,0.512,0.657,0.36,0.378,0.645,0.601,0.252,0.519,-0.136,0.421,0.622,0.687,0.544,0.434,0.178,0.682,0.5,0.441,0.298,0.385,0.541,0.478,0.335,0.494,0.533,0.666,0.476,0.492,0.402,0.469,-0.116,0.141,0.731,0.724,0.611,0.544,0.346,0.586,0.424,0.315,0.176,0.595,0.553,0.533,-0.176,0.221,0.197,0.56,0.583,0.601,0.561,0.477,0.424,0.307,-0.149,0.353,0.566,0.459,0.518,0.612,0.159,0.17,0.71,0.735,0.556,0.474,0.52,0.604,0.558,0.49,0.486,0.473,0.565,0.722,0.657,0.466,0.532,0.408,0.569,0.443,0.312,0.083,0.479,0.456,0.669,0.349,0.404,0.504,-0.048,0.464,0.575,0.568,0.519,0.584,0.421,0.607,0.588,-0.074,0.572,0.681,0.676,-0.242,0.512,0.489,0.436,0.597,0.667,0.425,0.395,0.409,0.666,0.552,0.555,0.601,0.514,-0.013,0.327,-0.382,0.489,0.285,0.471,0.405,0.356,0.168,0.205,0.442,0.182,0.501,0.742,0.574,0.639,0.095,-0.424,0.187,0.779,0.346,0.295,0.363,-0.118,-0.035,0.503,0.466,0.426,0.443,0.582,0.402,0.438,0.456,0.489,0.171,0.348,0.565,0.001,0.44
