,AAL,AAPL,ABUS,ADBE,ADI,ADMA,AEP,AGNC,AKBA,ALT,AMAT,AMD,AMGN,AMZN,APA,APPS,ARCC,ARDX,ATER,ATOS,AUPH,AVGO,AZN,BCRX,BGC,BIDU,BILI,BKR,BLDP,BLNK,BYND,CAN,CELH,CG,CGC,CHRD,CLNE,CMCSA,COMM,COST,CPB,CPRT,CRON,CRWD,CSCO,CSGP,CSX,CTSH,CZR,DBX,DDOG,DKNG,DLTR,DOCU,DVAX,DXCM,EA,EBAY,ENPH,ERIC,ESPR,ETSY,EXC,EXEL,EXPE,FANG,FAST,FITB,FLEX,FOLD,FOXA,FSLR,FTNT,FUTU,GEN,GERN,GEVO,GILD,GOOG,GOOGL,GPRO,GT,HBAN,HIVE,HON,HST,HUT,IBRX,INTC,IOVA,IQ,IRWD,JBLU,JD,KDP,KHC,LBTYK,LRCX,LYFT,MAR,MARA,MAT,MCHP,MCRB,MDLZ,META,MGNI,MLCO,MNKD,MNST,MOMO,MRNA,MRVL,MSFT,MSTR,MTCH,MU,MVIS,NDAQ,NFLX,NKTR,NNDM,NTES,NTNX,NVAX,NVDA,NWL,NWSA,NXPI,OCGN,OKTA,ON,OPK,PAA,PACB,PAGP,PANW,PARA,PCAR,PDD,PENN,PEP,PLUG,PTEN,PTON,PYPL,QCOM,QUBT,QVCGA,RDFN,REAL,RIOT,ROKU,ROST,RUN,SABR,SAVA,SBUX,SFIX,SGMO,SIRI,SLM,SMCI,SNDL,SONO,STNE,STX,TCOM,TGTX,TIGR,TLRY,TMUS,TRIP,TSCO,TSLA,TTD,TXN,UAL,UNIT,VERU,VKTX,VLY,VOD,VTRS,VXRT,WBA,WBD,WDAY,WDC,WEN,WW,WYNN,XEL,XP,XRAY,XRX,Z,ZION,ZM,ZS
AAL,1.0,0.535,0.309,0.56,0.606,0.409,0.544,0.627,-0.084,0.672,0.466,-0.057,-0.564,0.326,0.482,0.662,0.822,0.041,0.736,0.496,-0.517,0.762,-0.135,-0.021,0.219,0.451,0.325,0.7,0.757,0.227,-0.07,-0.651,0.524,0.77,0.552,0.146,0.558,0.685,0.245,0.364,-0.461,0.59,0.657,0.404,0.52,0.31,0.848,0.223,0.578,0.455,0.214,0.564,0.688,0.405,0.354,-0.487,0.445,0.571,0.078,0.556,-0.387,-0.15,0.648,-0.393,0.703,0.752,0.681,0.84,0.512,0.48,0.749,0.733,0.132,0.453,-0.096,0.173,0.546,-0.306,0.742,0.717,0.705,0.85,0.82,-0.273,0.804,0.754,0.385,0.703,0.588,-0.031,-0.493,-0.085,0.886,0.355,0.582,0.711,-0.123,0.603,0.61,0.709,0.044,0.804,0.823,0.559,0.457,0.551,0.554,0.397,0.655,0.538,-0.251,-0.193,0.648,0.158,0.521,0.514,0.533,0.061,0.549,-0.46,0.239,0.452,0.305,0.585,0.249,0.379,0.8,0.662,0.43,-0.248,0.387,0.707,-0.194,0.702,0.404,0.686,0.398,0.697,0.752,0.289,0.586,-0.32,0.402,0.617,-0.127,0.361,0.269,0.53,0.633,0.63,0.634,0.234,-0.46,0.654,0.705,0.773,-0.435,0.646,0.462,0.531,0.524,0.253,0.568,0.578,0.573,0.808,0.589,0.629,0.087,0.696,0.706,0.347,0.807,0.685,0.465,0.025,0.655,0.893,0.26,-0.46,0.352,0.808,0.576,0.482,-0.268,0.715,0.725,0.675,0.814,0.537,0.282,0.712,0.555,0.655,0.75,0.441,0.652,0.837,0.215,0.348
AAPL,0.535,1.0,0.582,0.755,0.646,0.094,0.347,0.513,0.21,0.618,0.823,0.438,-0.439,0.705,0.233,0.552,0.729,0.46,0.637,0.429,-0.356,0.678,0.241,0.545,-0.221,0.537,0.608,0.73,0.353,0.291,0.548,-0.598,0.687,0.743,0.426,-0.118,0.172,0.75,-0.009,0.171,-0.361,0.682,0.424,0.519,0.835,0.399,0.687,-0.128,0.738,0.643,0.757,0.611,0.505,0.595,0.404,0.051,0.53,0.748,0.547,0.654,0.023,0.1,0.822,-0.256,0.629,0.632,0.747,0.561,0.694,0.68,0.711,0.494,0.573,0.587,-0.187,0.478,0.556,-0.477,0.804,0.837,0.712,0.676,0.443,-0.061,0.608,0.549,0.644,0.579,0.688,0.317,-0.329,0.165,0.563,0.702,0.648,0.655,-0.129,0.827,0.603,0.581,0.435,0.401,0.618,0.697,0.221,0.571,0.003,0.211,0.39,0.821,-0.319,0.272,0.566,0.514,0.307,0.524,0.279,-0.139,0.764,-0.116,0.691,0.54,0.532,0.636,0.71,0.683,0.663,0.805,0.276,-0.459,0.686,0.569,0.273,0.68,0.698,0.712,0.667,0.754,0.629,0.583,0.629,-0.041,0.227,0.686,0.417,0.711,0.445,0.151,0.395,0.745,0.535,0.611,-0.424,0.489,0.722,0.485,-0.464,0.764,0.762,0.772,0.076,-0.233,0.692,0.442,0.431,0.302,0.682,0.498,0.534,0.578,0.511,0.581,0.462,0.591,0.699,0.085,0.602,0.479,0.72,-0.186,0.672,0.45,0.758,0.208,0.314,0.409,0.367,0.558,0.625,0.68,0.582,0.446,0.322,0.773,0.607,0.25,0.811,0.533,0.477,0.4
ABUS,0.309,0.582,1.0,0.507,0.512,0.031,0.044,0.437,0.173,0.547,0.67,0.349,-0.37,0.693,-0.054,0.331,0.49,0.418,0.393,0.45,-0.466,0.388,0.166,0.353,-0.346,0.813,0.81,0.47,0.112,0.076,0.436,-0.552,0.78,0.5,0.46,-0.133,-0.202,0.67,-0.467,-0.178,-0.34,0.535,0.396,0.368,0.645,0.381,0.496,-0.479,0.724,0.369,0.676,0.49,0.333,0.529,0.648,-0.015,0.306,0.54,0.576,0.454,-0.179,0.095,0.486,-0.498,0.625,0.412,0.472,0.278,0.434,0.535,0.599,0.258,0.504,0.585,-0.396,0.711,0.375,-0.663,0.412,0.477,0.663,0.426,0.109,-0.265,0.391,0.419,0.473,0.428,0.554,0.26,-0.21,0.322,0.493,0.755,0.446,0.577,-0.238,0.498,0.288,0.575,0.334,0.121,0.398,0.561,-0.039,0.605,-0.351,-0.049,0.214,0.594,-0.298,0.527,0.419,0.137,0.018,0.329,-0.165,-0.039,0.63,-0.034,0.58,0.802,0.734,0.426,0.764,0.755,0.456,0.557,-0.042,-0.311,0.548,0.193,0.432,0.55,0.569,0.593,0.725,0.627,0.333,0.662,0.665,-0.16,-0.238,0.558,0.357,0.54,0.032,-0.004,0.0,0.578,0.144,0.646,-0.67,0.366,0.57,0.276,-0.689,0.411,0.733,0.732,-0.192,-0.571,0.426,0.413,0.267,0.018,0.482,0.35,0.429,0.616,0.465,0.665,0.388,0.429,0.368,-0.276,0.317,0.399,0.591,-0.184,0.613,0.169,0.781,-0.299,0.433,-0.003,0.19,0.314,0.302,0.316,0.596,0.25,0.027,0.576,0.352,-0.05,0.457,0.274,0.435,0.209
ADBE,0.56,0.755,0.507,1.0,0.73,0.459,0.372,0.763,-0.004,0.659,0.685,0.356,-0.433,0.709,0.394,0.633,0.701,0.44,0.482,0.594,-0.352,0.764,0.359,0.169,0.043,0.609,0.668,0.782,0.511,0.16,0.278,-0.59,0.618,0.84,0.611,-0.002,0.232,0.73,0.178,0.373,-0.386,0.788,0.565,0.722,0.737,0.445,0.754,0.058,0.659,0.559,0.505,0.618,0.618,0.804,0.647,-0.134,0.636,0.783,0.308,0.676,-0.179,-0.08,0.648,-0.422,0.711,0.657,0.689,0.64,0.744,0.677,0.687,0.565,0.432,0.632,0.198,0.413,0.587,-0.355,0.849,0.794,0.712,0.619,0.578,-0.22,0.653,0.645,0.558,0.593,0.851,0.317,-0.315,0.197,0.623,0.565,0.8,0.658,-0.154,0.688,0.519,0.662,0.184,0.416,0.745,0.539,0.441,0.745,0.162,0.294,0.513,0.716,-0.241,0.22,0.825,0.564,0.41,0.594,0.362,-0.125,0.661,-0.207,0.453,0.632,0.58,0.756,0.436,0.702,0.711,0.787,0.507,-0.384,0.832,0.592,0.06,0.671,0.523,0.698,0.643,0.701,0.596,0.536,0.692,-0.136,0.278,0.734,0.207,0.637,0.451,0.377,0.605,0.723,0.457,0.454,-0.443,0.739,0.692,0.647,-0.536,0.685,0.587,0.603,0.321,-0.072,0.722,0.522,0.58,0.487,0.865,0.696,0.253,0.628,0.594,0.562,0.68,0.657,0.582,0.281,0.711,0.657,0.452,-0.411,0.509,0.5,0.649,0.298,0.076,0.448,0.389,0.644,0.656,0.489,0.409,0.553,0.469,0.612,0.597,0.478,0.661,0.683,0.553,0.621
ADI,0.606,0.646,0.512,0.73,1.0,0.376,0.456,0.702,-0.069,0.64,0.747,0.138,-0.512,0.611,0.415,0.597,0.673,0.344,0.492,0.754,-0.499,0.775,0.192,0.064,0.095,0.709,0.591,0.709,0.484,0.156,0.047,-0.597,0.683,0.704,0.615,0.152,0.296,0.852,0.157,0.429,-0.355,0.853,0.653,0.503,0.624,0.471,0.827,0.091,0.734,0.461,0.337,0.606,0.612,0.584,0.565,-0.39,0.429,0.658,0.241,0.71,-0.31,-0.27,0.704,-0.526,0.773,0.647,0.575,0.704,0.611,0.693,0.593,0.649,0.171,0.697,0.068,0.371,0.638,-0.417,0.781,0.785,0.686,0.655,0.631,-0.292,0.768,0.718,0.409,0.562,0.878,0.111,-0.365,0.05,0.666,0.628,0.661,0.685,-0.288,0.72,0.5,0.745,0.094,0.519,0.733,0.506,0.352,0.824,0.236,0.4,0.589,0.707,-0.282,0.017,0.726,0.344,0.6,0.542,0.405,-0.03,0.672,-0.415,0.346,0.766,0.581,0.721,0.385,0.595,0.719,0.618,0.543,-0.343,0.519,0.675,-0.075,0.673,0.404,0.676,0.584,0.672,0.724,0.44,0.806,-0.241,0.248,0.69,-0.074,0.408,0.604,0.357,0.572,0.604,0.489,0.414,-0.524,0.766,0.666,0.711,-0.345,0.613,0.666,0.547,0.384,0.038,0.622,0.592,0.64,0.532,0.768,0.686,0.185,0.68,0.651,0.507,0.692,0.624,0.452,0.005,0.877,0.732,0.421,-0.521,0.53,0.627,0.682,0.273,0.128,0.613,0.452,0.615,0.73,0.424,0.389,0.618,0.513,0.585,0.729,0.525,0.639,0.738,0.387,0.404
ADMA,0.409,0.094,0.031,0.459,0.376,1.0,0.47,0.628,-0.312,0.392,0.049,-0.195,-0.395,0.08,0.371,0.495,0.367,-0.057,0.395,0.557,-0.43,0.445,0.178,-0.326,0.504,0.178,0.136,0.503,0.559,0.003,-0.372,-0.504,0.276,0.482,0.491,0.24,0.294,0.359,0.18,0.401,-0.339,0.44,0.555,0.395,0.274,0.16,0.4,0.381,0.311,0.109,-0.021,0.36,0.476,0.409,0.405,-0.599,0.329,0.368,-0.367,0.4,-0.52,-0.442,0.3,-0.402,0.396,0.415,0.184,0.506,0.187,0.347,0.388,0.532,-0.246,0.237,0.399,0.001,0.496,-0.019,0.351,0.309,0.356,0.368,0.551,-0.426,0.497,0.492,0.044,0.323,0.487,-0.14,-0.485,-0.09,0.438,0.005,0.517,0.366,-0.257,0.16,0.077,0.394,-0.376,0.398,0.462,0.166,0.333,0.366,0.452,0.061,0.533,0.228,-0.388,-0.358,0.622,0.008,0.395,0.525,0.197,0.405,0.351,-0.559,-0.014,0.268,0.061,0.292,-0.019,0.109,0.485,0.316,0.361,-0.03,0.292,0.415,-0.142,0.47,0.042,0.458,0.098,0.294,0.428,0.048,0.367,-0.41,0.009,0.427,-0.393,0.026,0.074,0.484,0.645,0.361,0.193,-0.077,-0.251,0.573,0.354,0.583,-0.318,0.279,0.165,0.212,0.48,0.149,0.336,0.449,0.55,0.509,0.45,0.463,-0.271,0.283,0.439,-0.075,0.622,0.375,0.248,0.268,0.431,0.531,-0.032,-0.446,0.157,0.504,0.23,0.311,-0.348,0.524,0.488,0.335,0.311,0.009,-0.151,0.319,0.601,0.165,0.484,0.351,0.257,0.565,0.138,0.451
AEP,0.544,0.347,0.044,0.372,0.456,0.47,1.0,0.407,-0.44,0.463,0.314,-0.27,-0.307,0.121,0.142,0.555,0.459,-0.406,0.625,0.43,-0.563,0.572,-0.042,-0.35,0.204,0.127,0.058,0.543,0.665,0.267,-0.248,-0.627,0.257,0.459,0.233,0.077,0.406,0.562,0.356,0.505,0.05,0.424,0.53,0.435,0.43,0.058,0.594,0.286,0.386,0.27,0.047,0.629,0.68,0.296,0.305,-0.571,0.592,0.588,-0.186,0.608,-0.46,0.003,0.663,-0.32,0.324,0.423,0.547,0.68,0.183,0.45,0.447,0.586,-0.13,0.33,0.328,0.001,0.553,-0.014,0.485,0.513,0.528,0.447,0.673,-0.104,0.663,0.555,0.313,0.535,0.31,-0.479,-0.358,-0.532,0.459,0.291,0.506,0.516,0.056,0.461,0.296,0.403,-0.102,0.67,0.542,0.071,0.657,0.218,0.594,0.224,0.482,0.485,-0.468,-0.378,0.508,0.093,0.492,0.579,0.378,0.129,0.605,-0.482,-0.19,0.165,0.002,0.248,0.089,0.169,0.512,0.418,0.153,-0.476,0.256,0.457,-0.265,0.413,-0.02,0.404,0.152,0.391,0.753,0.104,0.401,0.056,0.129,0.397,-0.155,0.232,0.432,0.623,0.716,0.313,0.597,0.049,-0.285,0.514,0.45,0.41,-0.068,0.34,0.415,0.31,0.627,0.31,0.318,0.499,0.382,0.678,0.327,0.411,-0.258,0.28,0.401,0.237,0.454,0.707,0.399,0.179,0.569,0.518,0.116,-0.244,-0.013,0.535,0.438,0.535,-0.378,0.795,0.628,0.554,0.397,0.429,-0.179,0.295,0.878,0.395,0.778,0.124,0.396,0.603,0.239,0.523
AGNC,0.627,0.513,0.437,0.763,0.702,0.628,0.407,1.0,0.021,0.562,0.569,0.099,-0.545,0.457,0.607,0.539,0.689,0.306,0.482,0.647,-0.465,0.697,-0.0,-0.06,0.45,0.63,0.624,0.778,0.5,-0.034,-0.08,-0.619,0.541,0.792,0.819,0.251,0.247,0.74,0.098,0.334,-0.531,0.75,0.694,0.491,0.604,0.508,0.747,0.237,0.624,0.339,0.294,0.514,0.563,0.588,0.609,-0.429,0.406,0.641,0.103,0.555,-0.554,-0.363,0.575,-0.622,0.762,0.785,0.477,0.757,0.69,0.527,0.676,0.615,0.119,0.493,0.044,0.434,0.583,-0.384,0.673,0.635,0.639,0.649,0.724,-0.468,0.741,0.817,0.362,0.439,0.838,0.275,-0.435,0.211,0.67,0.465,0.719,0.67,-0.226,0.598,0.459,0.785,0.023,0.502,0.701,0.411,0.279,0.678,0.226,0.22,0.594,0.531,-0.187,-0.04,0.763,0.325,0.471,0.596,0.335,0.112,0.624,-0.385,0.33,0.596,0.467,0.6,0.309,0.549,0.781,0.668,0.645,-0.159,0.557,0.631,-0.015,0.732,0.38,0.78,0.482,0.623,0.679,0.396,0.634,-0.271,0.196,0.797,-0.154,0.343,0.244,0.334,0.671,0.646,0.406,0.311,-0.548,0.749,0.607,0.804,-0.594,0.651,0.547,0.528,0.42,0.026,0.58,0.619,0.589,0.545,0.776,0.77,0.071,0.66,0.642,0.389,0.837,0.555,0.373,0.044,0.658,0.702,0.223,-0.422,0.434,0.634,0.522,0.266,-0.12,0.548,0.669,0.472,0.683,0.309,0.389,0.606,0.511,0.488,0.653,0.626,0.568,0.808,0.265,0.416
AKBA,-0.084,0.21,0.173,-0.004,-0.069,-0.312,-0.44,0.021,1.0,-0.173,0.185,0.426,0.134,0.121,0.12,-0.222,0.052,0.553,-0.059,-0.196,0.348,-0.084,-0.063,0.534,-0.021,0.058,0.093,-0.076,-0.355,-0.258,0.328,0.144,0.022,0.004,0.07,0.008,-0.127,-0.065,-0.242,-0.205,-0.221,-0.105,-0.194,-0.255,-0.012,0.259,-0.071,-0.131,-0.01,0.022,0.183,-0.267,-0.333,-0.163,-0.206,0.431,-0.195,-0.104,0.318,-0.228,0.217,0.202,-0.087,0.181,0.012,0.119,-0.012,-0.233,0.123,0.009,0.017,-0.25,0.245,-0.18,-0.361,0.224,-0.249,-0.097,0.043,0.072,-0.112,-0.071,-0.231,-0.159,-0.147,-0.129,-0.049,-0.204,0.079,0.529,0.042,0.492,-0.134,0.029,-0.19,-0.057,-0.139,0.109,0.087,-0.029,0.199,-0.24,-0.161,0.212,-0.404,0.025,-0.45,-0.139,-0.16,0.049,0.202,0.309,-0.25,0.337,-0.079,-0.2,0.031,0.057,0.007,0.3,0.433,0.007,0.045,0.065,0.182,0.132,-0.138,-0.0,0.079,0.247,-0.046,-0.086,0.28,0.069,0.256,0.13,0.082,-0.032,-0.18,0.046,-0.12,0.094,0.0,-0.002,0.222,0.081,-0.109,-0.529,-0.341,0.042,-0.126,0.072,-0.016,-0.153,-0.038,-0.126,-0.116,0.199,0.082,0.14,-0.474,-0.222,0.009,-0.149,-0.143,-0.321,0.014,-0.149,0.658,0.018,-0.09,0.063,-0.192,-0.195,-0.054,-0.134,-0.122,-0.263,0.07,0.321,0.411,-0.137,-0.12,-0.265,0.285,-0.301,-0.109,-0.19,0.105,0.194,0.291,-0.01,-0.423,-0.06,-0.171,0.051,0.075,-0.126,-0.159,-0.371
ALT,0.672,0.618,0.547,0.659,0.64,0.392,0.463,0.562,-0.173,1.0,0.615,0.021,-0.595,0.511,0.034,0.665,0.753,0.062,0.645,0.71,-0.628,0.662,0.181,0.048,-0.222,0.522,0.545,0.663,0.649,0.206,0.118,-0.753,0.805,0.783,0.554,-0.271,0.144,0.737,-0.125,0.082,-0.327,0.704,0.668,0.589,0.758,0.29,0.767,-0.221,0.775,0.529,0.571,0.703,0.7,0.675,0.486,-0.399,0.512,0.681,0.187,0.611,-0.392,-0.074,0.654,-0.502,0.69,0.486,0.683,0.663,0.406,0.488,0.695,0.5,0.296,0.794,-0.094,0.37,0.55,-0.539,0.742,0.73,0.751,0.691,0.531,-0.277,0.678,0.583,0.508,0.695,0.669,-0.013,-0.499,-0.028,0.775,0.653,0.667,0.605,-0.252,0.64,0.386,0.575,0.201,0.537,0.736,0.629,0.297,0.707,0.225,0.185,0.667,0.719,-0.549,0.022,0.776,0.05,0.289,0.45,0.121,-0.112,0.699,-0.39,0.379,0.624,0.575,0.624,0.549,0.634,0.682,0.764,0.069,-0.384,0.676,0.464,0.081,0.651,0.421,0.633,0.698,0.689,0.671,0.67,0.811,-0.329,0.006,0.634,0.086,0.541,0.183,0.477,0.404,0.714,0.383,0.567,-0.72,0.657,0.672,0.6,-0.634,0.534,0.723,0.707,0.275,-0.16,0.516,0.68,0.557,0.481,0.602,0.511,0.181,0.713,0.777,0.431,0.635,0.691,0.465,-0.13,0.532,0.727,0.503,-0.326,0.534,0.549,0.744,0.055,0.072,0.423,0.476,0.658,0.552,0.449,0.255,0.46,0.452,0.822,0.656,0.043,0.655,0.677,0.458,0.501
AMAT,0.466,0.823,0.67,0.685,0.747,0.049,0.314,0.569,0.185,0.615,1.0,0.454,-0.403,0.761,0.184,0.479,0.615,0.433,0.471,0.471,-0.355,0.639,0.173,0.36,-0.189,0.67,0.687,0.661,0.238,0.087,0.432,-0.548,0.645,0.641,0.477,-0.098,0.004,0.792,-0.125,0.195,-0.289,0.732,0.453,0.477,0.811,0.51,0.7,-0.162,0.7,0.585,0.617,0.599,0.448,0.574,0.521,-0.028,0.442,0.692,0.542,0.632,-0.152,0.018,0.771,-0.355,0.667,0.561,0.692,0.495,0.674,0.64,0.664,0.412,0.527,0.666,-0.154,0.6,0.477,-0.545,0.719,0.755,0.723,0.574,0.385,-0.147,0.597,0.577,0.606,0.536,0.749,0.291,-0.268,0.187,0.571,0.836,0.583,0.625,-0.174,0.921,0.527,0.662,0.469,0.298,0.61,0.599,0.183,0.632,-0.118,0.284,0.333,0.804,-0.22,0.304,0.514,0.467,0.415,0.425,0.29,-0.22,0.768,-0.026,0.558,0.667,0.617,0.591,0.611,0.778,0.519,0.762,0.309,-0.397,0.609,0.519,0.292,0.579,0.605,0.609,0.705,0.69,0.606,0.562,0.662,0.006,0.145,0.677,0.299,0.633,0.521,0.093,0.308,0.651,0.484,0.689,-0.519,0.518,0.7,0.435,-0.403,0.681,0.828,0.627,0.064,-0.307,0.635,0.454,0.387,0.272,0.707,0.557,0.436,0.642,0.502,0.667,0.475,0.599,0.506,-0.136,0.657,0.501,0.559,-0.286,0.54,0.409,0.673,0.094,0.322,0.41,0.393,0.477,0.633,0.586,0.536,0.514,0.291,0.629,0.626,0.263,0.67,0.52,0.452,0.336
AMD,-0.057,0.438,0.349,0.356,0.138,-0.195,-0.27,0.099,0.426,0.021,0.454,1.0,0.124,0.643,0.039,0.02,0.05,0.658,-0.126,-0.025,0.362,0.062,0.322,0.625,-0.156,0.287,0.398,0.031,-0.216,-0.061,0.495,-0.01,0.201,0.072,0.038,0.031,-0.068,0.205,-0.204,0.001,-0.137,0.101,-0.143,0.109,0.325,0.418,0.083,-0.237,0.18,0.125,0.437,-0.023,-0.169,0.194,0.17,0.529,0.197,0.088,0.536,0.02,0.31,0.087,0.166,0.185,0.182,0.204,0.122,-0.106,0.322,0.405,0.113,-0.102,0.482,0.121,-0.118,0.412,-0.016,-0.23,0.247,0.214,0.189,-0.023,-0.195,-0.155,-0.027,0.049,0.058,0.077,0.261,0.523,0.184,0.598,0.048,0.368,0.112,0.054,-0.077,0.324,0.051,0.134,0.22,-0.33,0.062,0.219,-0.123,0.242,-0.348,-0.007,-0.192,0.164,0.219,0.646,-0.02,0.647,-0.134,-0.072,0.138,0.029,0.188,0.599,0.423,0.238,0.324,0.141,0.419,0.555,-0.011,0.243,0.089,-0.054,0.325,0.041,0.643,0.105,0.392,0.12,0.314,0.157,-0.111,0.267,0.113,0.199,0.113,0.16,0.326,0.261,0.186,-0.337,-0.191,0.109,-0.158,0.286,-0.01,-0.023,0.155,-0.062,-0.169,0.18,0.26,0.273,-0.281,-0.238,0.188,-0.135,-0.088,-0.198,0.183,0.088,0.358,0.168,-0.056,0.258,-0.094,0.026,0.23,0.048,0.047,-0.031,0.305,0.089,0.448,-0.047,0.19,-0.156,0.631,-0.123,-0.113,-0.078,0.192,0.048,0.502,0.177,-0.229,0.114,-0.091,0.09,0.126,-0.093,0.189,-0.039
AMGN,-0.564,-0.439,-0.37,-0.433,-0.512,-0.395,-0.307,-0.545,0.134,-0.595,-0.403,0.124,1.0,-0.323,-0.266,-0.485,-0.649,-0.009,-0.585,-0.611,0.696,-0.474,-0.032,-0.02,-0.137,-0.415,-0.319,-0.561,-0.51,-0.132,-0.081,0.604,-0.586,-0.591,-0.542,0.014,-0.174,-0.574,0.007,0.069,0.721,-0.521,-0.576,-0.368,-0.387,-0.237,-0.585,-0.011,-0.597,-0.36,-0.331,-0.433,-0.527,-0.404,-0.422,0.431,-0.311,-0.437,-0.112,-0.474,0.475,0.439,-0.496,0.634,-0.529,-0.569,-0.214,-0.488,-0.344,-0.368,-0.646,-0.543,-0.138,-0.46,0.285,-0.188,-0.521,0.682,-0.445,-0.452,-0.589,-0.579,-0.477,0.22,-0.495,-0.508,-0.516,-0.478,-0.497,-0.025,0.768,-0.04,-0.63,-0.304,-0.445,-0.37,0.274,-0.411,-0.477,-0.491,-0.156,-0.554,-0.55,-0.566,0.076,-0.609,-0.124,0.034,-0.611,-0.482,0.388,0.309,-0.564,0.075,-0.341,-0.571,-0.095,-0.155,-0.542,0.501,-0.331,-0.602,-0.358,-0.561,-0.336,-0.36,-0.631,-0.489,-0.227,0.14,-0.359,-0.526,0.126,-0.681,-0.457,-0.664,-0.497,-0.568,-0.488,-0.334,-0.608,0.674,-0.026,-0.529,0.021,-0.387,-0.067,-0.304,-0.429,-0.616,-0.296,-0.411,0.46,-0.568,-0.657,-0.545,0.563,-0.625,-0.499,-0.592,-0.048,0.213,-0.451,-0.604,-0.619,-0.406,-0.533,-0.341,-0.159,-0.581,-0.676,-0.172,-0.564,-0.383,-0.404,0.048,-0.395,-0.555,-0.298,0.416,-0.478,-0.53,-0.449,-0.165,0.092,-0.362,-0.533,-0.454,-0.514,-0.264,-0.319,-0.417,-0.415,-0.589,-0.621,-0.248,-0.62,-0.567,-0.228,-0.227
AMZN,0.326,0.705,0.693,0.709,0.611,0.08,0.121,0.457,0.121,0.511,0.761,0.643,-0.323,1.0,0.057,0.395,0.448,0.456,0.262,0.468,-0.299,0.46,0.477,0.383,-0.217,0.711,0.72,0.453,0.181,0.063,0.494,-0.546,0.632,0.505,0.332,-0.022,-0.073,0.698,-0.152,0.063,-0.259,0.64,0.385,0.501,0.671,0.572,0.528,-0.311,0.648,0.454,0.575,0.464,0.325,0.635,0.607,0.091,0.508,0.508,0.642,0.479,0.004,0.051,0.538,-0.378,0.718,0.461,0.528,0.359,0.56,0.615,0.559,0.359,0.603,0.622,-0.123,0.606,0.465,-0.618,0.636,0.644,0.672,0.484,0.168,-0.179,0.424,0.494,0.513,0.506,0.641,0.255,-0.149,0.301,0.483,0.761,0.557,0.535,-0.05,0.638,0.373,0.546,0.361,0.124,0.488,0.473,0.163,0.716,-0.188,0.263,0.197,0.588,-0.185,0.56,0.473,0.529,0.117,0.376,0.149,-0.134,0.625,0.256,0.494,0.674,0.675,0.559,0.625,0.844,0.464,0.595,0.172,-0.457,0.669,0.364,0.406,0.568,0.573,0.506,0.741,0.64,0.359,0.576,0.673,-0.049,0.021,0.526,0.377,0.629,0.368,0.076,0.145,0.52,0.211,0.614,-0.42,0.479,0.623,0.276,-0.511,0.531,0.657,0.613,0.009,-0.363,0.522,0.303,0.422,0.172,0.593,0.494,0.319,0.545,0.427,0.609,0.362,0.477,0.542,-0.002,0.488,0.429,0.501,-0.191,0.584,0.32,0.663,0.008,0.463,0.175,0.176,0.374,0.483,0.338,0.626,0.447,0.155,0.563,0.394,0.121,0.529,0.358,0.531,0.352
APA,0.482,0.233,-0.054,0.394,0.415,0.371,0.142,0.607,0.12,0.034,0.184,0.039,-0.266,0.057,1.0,0.179,0.383,0.381,0.209,0.201,-0.009,0.391,-0.095,0.0,0.709,0.258,0.146,0.44,0.222,0.024,-0.209,-0.139,0.047,0.417,0.543,0.547,0.488,0.305,0.323,0.449,-0.447,0.361,0.357,0.061,0.098,0.308,0.409,0.565,0.146,0.108,-0.113,0.001,0.116,0.076,0.149,-0.212,0.027,0.179,-0.09,0.197,-0.159,-0.431,0.243,-0.056,0.396,0.703,0.115,0.457,0.552,0.373,0.269,0.441,-0.115,-0.022,-0.014,0.039,0.308,0.024,0.386,0.357,0.128,0.401,0.555,-0.277,0.435,0.495,-0.028,0.047,0.472,0.375,-0.226,0.229,0.34,-0.03,0.247,0.344,-0.055,0.236,0.432,0.519,-0.181,0.388,0.333,0.189,0.105,0.31,0.353,0.221,0.323,0.103,0.181,-0.202,0.287,0.366,0.556,0.239,0.416,0.232,0.164,-0.281,0.154,0.176,0.011,0.334,-0.113,0.055,0.462,0.218,0.827,0.241,0.043,0.518,-0.179,0.411,0.202,0.459,-0.0,0.247,0.318,-0.108,0.113,-0.143,0.525,0.442,-0.291,-0.033,0.256,0.082,0.561,0.242,0.368,-0.167,-0.002,0.43,0.271,0.662,-0.029,0.484,0.052,0.045,0.357,0.399,0.34,0.236,0.394,0.363,0.459,0.472,0.087,0.204,0.288,0.028,0.604,0.089,0.139,0.209,0.465,0.486,-0.027,-0.456,0.188,0.534,0.03,0.418,-0.256,0.526,0.434,0.142,0.563,0.141,0.3,0.466,0.274,0.065,0.308,0.887,0.277,0.534,-0.142,0.036
APPS,0.662,0.552,0.331,0.633,0.597,0.495,0.555,0.539,-0.222,0.665,0.479,0.02,-0.485,0.395,0.179,1.0,0.727,0.012,0.627,0.56,-0.537,0.852,0.15,0.028,-0.021,0.37,0.409,0.743,0.779,0.436,0.125,-0.513,0.556,0.74,0.386,-0.074,0.294,0.619,0.135,0.252,-0.184,0.648,0.486,0.858,0.642,0.254,0.638,-0.061,0.605,0.592,0.441,0.853,0.744,0.803,0.602,-0.343,0.589,0.727,0.108,0.775,-0.304,-0.027,0.66,-0.473,0.579,0.537,0.683,0.66,0.544,0.557,0.661,0.6,0.314,0.71,0.202,0.233,0.684,-0.247,0.648,0.593,0.685,0.65,0.635,-0.116,0.636,0.584,0.535,0.756,0.526,-0.033,-0.419,-0.027,0.694,0.459,0.714,0.686,-0.072,0.552,0.476,0.562,0.196,0.595,0.744,0.524,0.565,0.499,0.354,0.333,0.542,0.653,-0.415,-0.085,0.808,0.151,0.318,0.621,0.326,-0.015,0.651,-0.482,0.31,0.435,0.559,0.524,0.423,0.422,0.669,0.746,0.218,-0.475,0.687,0.55,0.002,0.636,0.458,0.661,0.474,0.633,0.624,0.462,0.599,-0.18,0.178,0.633,0.167,0.539,0.389,0.776,0.632,0.646,0.55,0.464,-0.505,0.575,0.698,0.528,-0.506,0.543,0.542,0.602,0.447,-0.08,0.708,0.522,0.519,0.598,0.67,0.564,0.018,0.616,0.563,0.412,0.584,0.74,0.756,0.132,0.68,0.64,0.487,-0.387,0.407,0.53,0.641,0.35,-0.021,0.544,0.495,0.65,0.542,0.52,0.162,0.477,0.59,0.646,0.611,0.205,0.611,0.564,0.773,0.782
ARCC,0.822,0.729,0.49,0.701,0.673,0.367,0.459,0.689,0.052,0.753,0.615,0.05,-0.649,0.448,0.383,0.727,1.0,0.204,0.743,0.6,-0.595,0.84,0.045,0.15,0.012,0.526,0.497,0.757,0.66,0.179,0.239,-0.662,0.651,0.856,0.606,0.011,0.302,0.773,0.066,0.198,-0.537,0.705,0.662,0.554,0.651,0.373,0.844,-0.001,0.677,0.535,0.449,0.66,0.677,0.605,0.458,-0.35,0.541,0.72,0.323,0.653,-0.384,-0.075,0.666,-0.458,0.723,0.747,0.725,0.756,0.592,0.585,0.827,0.637,0.31,0.593,-0.166,0.349,0.57,-0.475,0.775,0.784,0.698,0.8,0.712,-0.317,0.743,0.688,0.617,0.627,0.701,0.176,-0.553,0.087,0.777,0.505,0.668,0.755,-0.165,0.674,0.668,0.691,0.177,0.755,0.729,0.642,0.303,0.679,0.284,0.218,0.688,0.669,-0.365,-0.085,0.73,0.243,0.425,0.644,0.313,0.012,0.664,-0.459,0.43,0.588,0.494,0.733,0.449,0.516,0.79,0.754,0.348,-0.32,0.573,0.6,-0.034,0.814,0.583,0.839,0.615,0.771,0.718,0.499,0.664,-0.358,0.214,0.69,0.154,0.589,0.269,0.418,0.556,0.76,0.581,0.447,-0.585,0.678,0.757,0.668,-0.622,0.801,0.624,0.686,0.265,-0.042,0.609,0.671,0.603,0.538,0.708,0.569,0.358,0.718,0.734,0.429,0.682,0.628,0.569,0.062,0.675,0.716,0.426,-0.433,0.581,0.635,0.68,0.261,-0.051,0.538,0.663,0.654,0.685,0.645,0.411,0.585,0.565,0.812,0.691,0.349,0.748,0.76,0.422,0.424
ARDX,0.041,0.46,0.418,0.44,0.344,-0.057,-0.406,0.306,0.553,0.062,0.433,0.658,-0.009,0.456,0.381,0.012,0.204,1.0,0.02,0.111,0.274,0.174,0.166,0.667,-0.006,0.481,0.497,0.247,-0.203,-0.107,0.438,-0.01,0.347,0.274,0.327,0.111,0.005,0.23,-0.172,0.057,-0.338,0.308,-0.016,0.057,0.287,0.464,0.209,-0.087,0.269,0.275,0.411,-0.074,-0.14,0.232,0.21,0.485,-0.017,0.193,0.517,0.085,0.293,-0.079,0.19,0.128,0.312,0.326,0.147,-0.026,0.552,0.369,0.195,0.021,0.439,0.163,-0.181,0.408,0.058,-0.187,0.326,0.322,0.104,0.139,-0.044,-0.202,0.043,0.118,0.108,-0.026,0.51,0.728,0.096,0.619,0.127,0.3,0.191,0.173,-0.221,0.282,0.258,0.302,0.194,-0.166,0.148,0.492,-0.191,0.378,-0.356,0.065,-0.014,0.263,0.217,0.544,0.131,0.514,0.108,0.002,0.088,-0.046,0.156,0.197,0.689,0.399,0.383,0.375,0.396,0.427,0.168,0.257,0.432,0.146,0.306,0.208,0.351,0.235,0.525,0.324,0.325,0.277,-0.039,0.295,0.217,0.025,0.186,0.331,0.194,0.259,0.143,-0.381,-0.063,0.336,-0.015,0.233,-0.086,0.125,0.201,0.271,-0.237,0.314,0.233,0.259,-0.247,-0.177,0.381,-0.006,0.107,-0.187,0.43,0.263,0.527,0.25,0.114,0.343,0.168,-0.059,0.143,-0.003,0.185,0.11,0.373,-0.175,0.587,0.058,0.206,-0.127,0.516,-0.127,-0.096,-0.013,0.304,0.112,0.53,0.246,-0.299,0.111,-0.053,0.424,0.266,0.091,0.083,-0.074
ATER,0.736,0.637,0.393,0.482,0.492,0.395,0.625,0.482,-0.059,0.645,0.471,-0.126,-0.585,0.262,0.209,0.627,0.743,0.02,1.0,0.458,-0.669,0.645,-0.062,0.132,0.021,0.363,0.24,0.702,0.649,0.3,0.093,-0.737,0.628,0.679,0.467,-0.036,0.437,0.637,0.143,0.241,-0.399,0.543,0.581,0.394,0.594,0.209,0.696,0.115,0.67,0.558,0.424,0.642,0.7,0.393,0.314,-0.349,0.495,0.655,0.152,0.652,-0.321,-0.023,0.736,-0.345,0.513,0.569,0.686,0.695,0.379,0.489,0.755,0.69,0.203,0.414,-0.089,0.208,0.608,-0.298,0.607,0.662,0.674,0.74,0.649,-0.116,0.693,0.6,0.537,0.659,0.498,-0.178,-0.577,-0.25,0.709,0.362,0.59,0.652,-0.139,0.578,0.594,0.566,0.116,0.744,0.667,0.654,0.361,0.399,0.372,0.214,0.62,0.653,-0.502,-0.181,0.56,0.077,0.469,0.659,0.373,0.083,0.666,-0.551,0.407,0.435,0.193,0.479,0.473,0.325,0.719,0.606,0.179,-0.27,0.374,0.632,-0.13,0.643,0.505,0.676,0.395,0.692,0.749,0.282,0.591,-0.261,0.195,0.587,0.061,0.478,0.205,0.423,0.529,0.701,0.641,0.303,-0.425,0.541,0.697,0.58,-0.462,0.631,0.574,0.67,0.301,0.017,0.533,0.572,0.46,0.614,0.523,0.446,0.178,0.548,0.629,0.391,0.617,0.657,0.527,0.055,0.512,0.629,0.462,-0.288,0.422,0.673,0.667,0.435,-0.161,0.584,0.664,0.666,0.604,0.617,0.149,0.458,0.562,0.634,0.773,0.156,0.717,0.654,0.247,0.352
ATOS,0.496,0.429,0.45,0.594,0.754,0.557,0.43,0.647,-0.196,0.71,0.471,-0.025,-0.611,0.468,0.201,0.56,0.6,0.111,0.458,1.0,-0.673,0.563,0.223,-0.019,0.058,0.568,0.492,0.593,0.491,0.122,-0.039,-0.73,0.665,0.603,0.545,0.047,0.153,0.701,-0.021,0.153,-0.399,0.693,0.656,0.498,0.519,0.291,0.685,-0.063,0.682,0.334,0.304,0.527,0.627,0.585,0.512,-0.519,0.495,0.522,0.067,0.583,-0.475,-0.286,0.512,-0.655,0.662,0.509,0.35,0.575,0.314,0.464,0.575,0.533,0.108,0.733,0.062,0.273,0.572,-0.485,0.606,0.62,0.61,0.53,0.525,-0.442,0.614,0.589,0.358,0.547,0.739,-0.033,-0.519,0.017,0.636,0.485,0.562,0.508,-0.303,0.473,0.283,0.566,-0.027,0.473,0.61,0.412,0.219,0.807,0.192,0.104,0.605,0.545,-0.52,-0.07,0.734,0.044,0.29,0.581,0.082,0.175,0.585,-0.494,0.252,0.698,0.514,0.673,0.338,0.478,0.613,0.501,0.196,-0.341,0.532,0.455,0.029,0.722,0.317,0.682,0.527,0.586,0.544,0.426,0.786,-0.454,-0.105,0.562,-0.114,0.348,0.193,0.407,0.507,0.583,0.25,0.42,-0.596,0.661,0.653,0.617,-0.563,0.476,0.578,0.581,0.306,-0.071,0.423,0.631,0.639,0.434,0.603,0.47,0.053,0.611,0.645,0.236,0.593,0.541,0.374,-0.02,0.554,0.63,0.299,-0.49,0.559,0.563,0.624,0.082,0.142,0.416,0.463,0.513,0.497,0.249,0.181,0.409,0.515,0.552,0.6,0.212,0.518,0.705,0.344,0.412
AUPH,-0.517,-0.356,-0.466,-0.352,-0.499,-0.43,-0.563,-0.465,0.348,-0.628,-0.355,0.362,0.696,-0.299,-0.009,-0.537,-0.595,0.274,-0.669,-0.673,1.0,-0.484,0.009,0.198,0.041,-0.434,-0.315,-0.553,-0.544,-0.164,-0.041,0.747,-0.604,-0.496,-0.378,0.025,-0.091,-0.639,0.029,0.03,0.382,-0.58,-0.645,-0.436,-0.474,-0.136,-0.535,0.022,-0.664,-0.348,-0.286,-0.608,-0.614,-0.435,-0.481,0.586,-0.402,-0.508,-0.086,-0.624,0.501,0.114,-0.52,0.696,-0.531,-0.394,-0.422,-0.606,-0.169,-0.308,-0.699,-0.654,-0.111,-0.566,0.107,-0.194,-0.587,0.531,-0.375,-0.457,-0.661,-0.638,-0.516,0.164,-0.633,-0.551,-0.593,-0.557,-0.435,0.345,0.628,0.317,-0.656,-0.405,-0.473,-0.568,0.079,-0.392,-0.454,-0.511,-0.136,-0.649,-0.497,-0.412,-0.21,-0.504,-0.268,-0.079,-0.582,-0.471,0.699,0.242,-0.554,0.21,-0.31,-0.701,-0.021,-0.063,-0.596,0.592,-0.151,-0.574,-0.317,-0.456,-0.337,-0.295,-0.609,-0.47,0.019,0.399,-0.325,-0.459,0.124,-0.64,-0.325,-0.6,-0.472,-0.627,-0.624,-0.317,-0.65,0.469,0.15,-0.429,-0.051,-0.447,-0.048,-0.441,-0.442,-0.592,-0.448,-0.439,0.517,-0.514,-0.701,-0.443,0.561,-0.507,-0.569,-0.561,-0.284,0.183,-0.381,-0.644,-0.561,-0.472,-0.452,-0.347,0.052,-0.455,-0.6,-0.332,-0.548,-0.528,-0.432,-0.005,-0.427,-0.575,-0.295,0.334,-0.265,-0.533,-0.652,-0.178,0.189,-0.423,-0.594,-0.499,-0.384,-0.409,-0.142,-0.318,-0.591,-0.619,-0.678,0.042,-0.613,-0.564,-0.333,-0.375
AVGO,0.762,0.678,0.388,0.764,0.775,0.445,0.572,0.697,-0.084,0.662,0.639,0.062,-0.474,0.46,0.391,0.852,0.84,0.174,0.645,0.563,-0.484,1.0,0.105,0.01,0.088,0.516,0.486,0.811,0.719,0.248,0.095,-0.551,0.549,0.85,0.525,0.14,0.399,0.76,0.223,0.42,-0.325,0.765,0.601,0.721,0.669,0.346,0.806,0.112,0.625,0.517,0.364,0.758,0.719,0.706,0.571,-0.353,0.617,0.783,0.172,0.809,-0.343,-0.051,0.719,-0.46,0.716,0.729,0.783,0.786,0.659,0.644,0.712,0.711,0.245,0.634,0.177,0.333,0.671,-0.236,0.812,0.787,0.701,0.738,0.719,-0.184,0.8,0.763,0.537,0.681,0.738,0.06,-0.41,-0.013,0.729,0.522,0.74,0.844,-0.163,0.712,0.576,0.739,0.166,0.646,0.807,0.532,0.601,0.599,0.353,0.419,0.63,0.705,-0.305,-0.052,0.818,0.342,0.514,0.645,0.471,-0.03,0.673,-0.468,0.322,0.531,0.522,0.62,0.371,0.498,0.745,0.769,0.493,-0.427,0.627,0.698,-0.116,0.711,0.432,0.75,0.5,0.686,0.755,0.453,0.62,-0.187,0.298,0.711,0.056,0.514,0.558,0.595,0.699,0.707,0.65,0.387,-0.511,0.702,0.703,0.676,-0.426,0.691,0.574,0.594,0.464,0.034,0.737,0.593,0.558,0.653,0.777,0.724,0.178,0.652,0.62,0.488,0.72,0.742,0.653,0.165,0.89,0.734,0.42,-0.443,0.438,0.637,0.658,0.461,-0.09,0.66,0.58,0.684,0.747,0.606,0.274,0.623,0.638,0.648,0.726,0.448,0.667,0.731,0.589,0.639
AZN,-0.135,0.241,0.166,0.359,0.192,0.178,-0.042,-0.0,-0.063,0.181,0.173,0.322,-0.032,0.477,-0.095,0.15,0.045,0.166,-0.062,0.223,0.009,0.105,1.0,0.154,-0.24,0.145,0.218,0.057,-0.063,0.131,0.265,-0.148,0.218,0.174,0.008,-0.186,-0.237,0.113,-0.133,0.061,0.019,0.29,0.107,0.327,0.181,0.127,0.045,-0.333,0.171,0.069,0.246,0.122,0.101,0.411,0.243,0.079,0.332,0.154,0.215,0.166,0.129,0.036,0.033,0.025,0.226,-0.044,0.102,-0.099,0.094,0.291,-0.019,-0.086,0.188,0.287,0.186,0.173,0.199,-0.153,0.182,0.169,0.091,-0.036,-0.174,-0.079,-0.064,-0.084,0.112,0.206,0.211,0.076,-0.049,0.142,-0.08,0.178,0.275,0.057,-0.165,0.119,-0.127,-0.063,-0.017,-0.122,0.066,0.055,0.077,0.386,-0.209,-0.004,0.057,0.171,-0.178,0.287,0.251,0.192,-0.104,0.027,-0.113,-0.014,0.139,0.2,0.132,0.226,0.274,0.271,0.201,0.333,0.011,0.112,-0.074,-0.181,0.385,-0.098,0.22,0.162,0.087,0.095,0.352,0.082,-0.145,0.252,0.258,-0.086,-0.141,0.136,0.192,0.201,0.187,0.061,-0.031,0.085,-0.098,0.153,-0.157,0.272,0.114,-0.109,-0.132,0.127,0.116,0.204,-0.101,-0.333,0.138,0.024,0.33,-0.128,0.228,0.008,0.217,0.048,0.123,0.073,-0.059,0.099,0.24,0.13,0.124,0.002,0.249,-0.131,0.287,-0.063,0.207,-0.113,0.278,-0.127,-0.251,0.152,-0.066,0.017,0.027,-0.065,0.059,0.132,-0.088,-0.073,-0.005,-0.03,0.341,0.298
BCRX,-0.021,0.545,0.353,0.169,0.064,-0.326,-0.35,-0.06,0.534,0.048,0.36,0.625,-0.02,0.383,0.0,0.028,0.15,0.667,0.132,-0.019,0.198,0.01,0.154,1.0,-0.363,0.166,0.304,0.172,-0.233,0.15,0.67,-0.025,0.353,0.125,0.011,-0.188,-0.121,0.089,-0.296,-0.279,-0.171,0.08,-0.155,0.048,0.316,0.236,0.042,-0.379,0.269,0.394,0.617,0.005,-0.104,0.154,-0.062,0.578,0.076,0.124,0.544,0.103,0.521,0.234,0.289,0.179,0.129,0.127,0.166,-0.167,0.323,0.201,0.174,-0.108,0.584,0.133,-0.394,0.292,0.031,-0.251,0.214,0.257,0.109,0.147,-0.208,0.027,-0.105,-0.11,0.225,0.092,0.153,0.617,0.052,0.481,0.062,0.282,0.018,0.034,-0.121,0.309,0.178,0.037,0.435,-0.163,0.033,0.558,-0.291,0.154,-0.47,-0.062,-0.151,0.337,-0.0,0.527,-0.035,0.291,-0.207,-0.079,-0.074,-0.053,0.184,0.253,0.776,0.18,0.292,0.226,0.566,0.339,0.037,0.276,-0.083,-0.074,0.3,0.041,0.493,0.203,0.57,0.222,0.296,0.267,-0.135,0.328,0.129,0.11,0.027,0.198,0.495,0.349,-0.021,-0.339,-0.217,0.351,0.017,0.399,-0.062,-0.157,0.224,-0.011,-0.218,0.249,0.309,0.391,-0.454,-0.367,0.342,-0.099,-0.017,-0.307,0.169,-0.078,0.58,0.163,0.028,0.253,-0.141,-0.041,0.32,-0.05,-0.093,-0.108,0.625,0.07,0.606,-0.098,0.254,-0.256,0.653,-0.278,-0.212,0.031,0.098,0.25,0.417,0.032,-0.419,0.234,-0.12,-0.038,0.355,-0.139,0.175,-0.09
BGC,0.219,-0.221,-0.346,0.043,0.095,0.504,0.204,0.45,-0.021,-0.222,-0.189,-0.156,-0.137,-0.217,0.709,-0.021,0.012,-0.006,0.021,0.058,0.041,0.088,-0.24,-0.363,1.0,-0.011,-0.197,0.133,0.168,-0.188,-0.557,-0.023,-0.266,0.054,0.266,0.642,0.475,0.045,0.347,0.369,-0.252,0.047,0.177,-0.149,-0.198,0.195,0.088,0.702,-0.166,-0.249,-0.478,-0.218,-0.051,-0.194,0.017,-0.327,-0.079,-0.102,-0.402,-0.082,-0.326,-0.489,-0.03,-0.026,0.089,0.415,-0.231,0.279,0.143,0.06,0.018,0.296,-0.468,-0.317,0.203,-0.191,0.096,0.233,0.0,-0.043,-0.107,0.101,0.4,-0.271,0.208,0.324,-0.276,-0.186,0.159,-0.011,-0.157,-0.032,0.086,-0.328,0.035,0.054,0.047,-0.103,0.089,0.235,-0.375,0.229,0.067,-0.212,0.11,-0.016,0.421,0.146,0.142,-0.249,0.202,-0.41,0.051,0.165,0.405,0.141,0.341,0.444,-0.088,-0.191,-0.246,-0.114,-0.328,-0.081,-0.412,-0.266,0.211,-0.129,0.62,0.276,-0.294,0.342,-0.257,0.146,-0.168,0.152,-0.343,-0.077,0.155,-0.422,-0.143,-0.091,0.335,0.141,-0.565,-0.356,0.046,0.053,0.481,-0.118,0.105,-0.413,0.201,0.233,-0.024,0.364,0.108,0.152,-0.266,-0.25,0.411,0.526,0.015,0.033,0.228,0.311,0.122,0.277,-0.359,-0.09,0.023,-0.238,0.377,-0.107,-0.094,0.212,0.197,0.225,-0.458,-0.218,-0.156,0.419,-0.29,0.438,-0.461,0.437,0.466,-0.137,0.258,-0.178,-0.058,0.298,0.321,-0.293,0.174,0.633,-0.084,0.354,-0.362,-0.09
BIDU,0.451,0.537,0.813,0.609,0.709,0.178,0.127,0.63,0.058,0.522,0.67,0.287,-0.415,0.711,0.258,0.37,0.526,0.481,0.363,0.568,-0.434,0.516,0.145,0.166,-0.011,1.0,0.798,0.531,0.24,0.043,0.205,-0.579,0.702,0.558,0.563,0.192,0.112,0.726,-0.154,0.146,-0.388,0.707,0.541,0.356,0.575,0.632,0.621,-0.163,0.702,0.372,0.422,0.434,0.404,0.528,0.739,-0.137,0.292,0.511,0.57,0.52,-0.261,-0.131,0.502,-0.481,0.79,0.582,0.447,0.468,0.625,0.578,0.592,0.456,0.377,0.618,-0.231,0.734,0.525,-0.621,0.552,0.579,0.61,0.556,0.329,-0.333,0.536,0.62,0.41,0.384,0.717,0.211,-0.102,0.236,0.579,0.753,0.568,0.683,-0.17,0.523,0.418,0.724,0.23,0.255,0.535,0.495,0.192,0.739,-0.083,0.308,0.367,0.529,-0.027,0.43,0.533,0.308,0.308,0.439,0.1,-0.031,0.56,-0.065,0.47,0.816,0.743,0.551,0.574,0.733,0.587,0.516,0.358,-0.255,0.479,0.426,0.245,0.6,0.506,0.608,0.7,0.659,0.467,0.606,0.729,-0.16,0.055,0.629,0.075,0.434,0.25,0.083,0.241,0.567,0.203,0.507,-0.53,0.612,0.601,0.507,-0.617,0.505,0.598,0.571,0.177,-0.226,0.522,0.495,0.452,0.247,0.637,0.696,0.192,0.662,0.566,0.664,0.582,0.42,0.356,-0.177,0.559,0.599,0.375,-0.354,0.495,0.416,0.69,-0.0,0.292,0.253,0.359,0.363,0.516,0.263,0.623,0.555,0.196,0.49,0.435,0.331,0.482,0.518,0.346,0.242
BILI,0.325,0.608,0.81,0.668,0.591,0.136,0.058,0.624,0.093,0.545,0.687,0.398,-0.319,0.72,0.146,0.409,0.497,0.497,0.24,0.492,-0.315,0.486,0.218,0.304,-0.197,0.798,1.0,0.605,0.17,0.111,0.395,-0.489,0.706,0.636,0.554,-0.121,-0.199,0.663,-0.331,-0.027,-0.267,0.644,0.409,0.523,0.704,0.467,0.563,-0.382,0.68,0.4,0.673,0.527,0.394,0.693,0.682,-0.003,0.35,0.64,0.567,0.461,-0.201,0.016,0.518,-0.523,0.718,0.503,0.501,0.375,0.674,0.508,0.566,0.25,0.524,0.677,-0.224,0.708,0.441,-0.596,0.51,0.509,0.64,0.466,0.251,-0.246,0.404,0.504,0.446,0.423,0.669,0.43,-0.042,0.412,0.475,0.785,0.619,0.597,-0.14,0.558,0.295,0.604,0.358,0.114,0.522,0.495,0.094,0.645,-0.302,0.082,0.206,0.617,-0.103,0.53,0.605,0.233,0.004,0.327,-0.083,-0.137,0.624,-0.004,0.577,0.743,0.836,0.532,0.684,0.795,0.56,0.673,0.209,-0.38,0.732,0.256,0.379,0.598,0.536,0.639,0.715,0.637,0.367,0.75,0.657,-0.049,-0.118,0.701,0.279,0.544,0.162,0.124,0.207,0.616,0.177,0.631,-0.658,0.459,0.544,0.437,-0.679,0.436,0.672,0.66,0.037,-0.455,0.56,0.396,0.342,0.101,0.645,0.584,0.33,0.682,0.464,0.668,0.485,0.484,0.418,-0.203,0.422,0.438,0.591,-0.219,0.552,0.171,0.704,-0.223,0.42,0.066,0.194,0.333,0.374,0.257,0.658,0.327,0.072,0.581,0.32,0.208,0.454,0.397,0.515,0.41
BKR,0.7,0.73,0.47,0.782,0.709,0.503,0.543,0.778,-0.076,0.663,0.661,0.031,-0.561,0.453,0.44,0.743,0.757,0.247,0.702,0.593,-0.553,0.811,0.057,0.172,0.133,0.531,0.605,1.0,0.569,0.275,0.166,-0.657,0.648,0.896,0.626,-0.05,0.276,0.72,0.115,0.271,-0.361,0.794,0.593,0.704,0.788,0.319,0.791,0.08,0.714,0.656,0.538,0.731,0.742,0.718,0.555,-0.343,0.596,0.867,0.19,0.773,-0.273,-0.05,0.832,-0.543,0.699,0.747,0.742,0.743,0.773,0.551,0.801,0.627,0.366,0.641,0.077,0.361,0.663,-0.305,0.753,0.741,0.763,0.777,0.734,-0.139,0.724,0.675,0.616,0.675,0.762,0.196,-0.429,-0.007,0.715,0.55,0.786,0.743,-0.12,0.749,0.606,0.673,0.287,0.622,0.833,0.661,0.445,0.576,0.201,0.325,0.546,0.821,-0.363,-0.005,0.832,0.227,0.43,0.61,0.325,-0.06,0.747,-0.524,0.517,0.564,0.522,0.65,0.471,0.526,0.816,0.867,0.458,-0.421,0.721,0.646,-0.049,0.798,0.556,0.832,0.549,0.797,0.738,0.516,0.663,-0.143,0.2,0.889,0.135,0.617,0.353,0.485,0.736,0.847,0.662,0.5,-0.535,0.679,0.766,0.736,-0.55,0.744,0.651,0.652,0.398,-0.115,0.857,0.588,0.571,0.583,0.878,0.708,0.192,0.683,0.631,0.604,0.756,0.743,0.631,0.092,0.715,0.693,0.564,-0.44,0.443,0.565,0.691,0.324,-0.059,0.567,0.561,0.68,0.66,0.567,0.318,0.552,0.52,0.663,0.727,0.432,0.771,0.765,0.5,0.639
BLDP,0.757,0.353,0.112,0.511,0.484,0.559,0.665,0.5,-0.355,0.649,0.238,-0.216,-0.51,0.181,0.222,0.779,0.66,-0.203,0.649,0.491,-0.544,0.719,-0.063,-0.233,0.168,0.24,0.17,0.569,1.0,0.393,-0.116,-0.559,0.445,0.637,0.348,0.09,0.508,0.527,0.361,0.363,-0.226,0.472,0.554,0.609,0.391,0.181,0.638,0.235,0.49,0.403,0.152,0.684,0.712,0.528,0.463,-0.484,0.484,0.547,-0.126,0.622,-0.409,-0.16,0.545,-0.407,0.496,0.51,0.561,0.719,0.32,0.437,0.574,0.721,0.005,0.459,0.219,0.0,0.626,-0.188,0.608,0.552,0.558,0.631,0.723,-0.111,0.678,0.63,0.373,0.621,0.41,-0.261,-0.443,-0.236,0.712,0.242,0.565,0.575,-0.008,0.373,0.403,0.533,-0.05,0.721,0.704,0.364,0.608,0.406,0.648,0.337,0.625,0.482,-0.364,-0.338,0.724,0.078,0.431,0.632,0.419,0.076,0.509,-0.535,0.01,0.268,0.261,0.446,0.207,0.221,0.637,0.525,0.27,-0.386,0.45,0.628,-0.264,0.495,0.172,0.484,0.245,0.474,0.685,0.257,0.506,-0.255,0.285,0.402,-0.104,0.3,0.308,0.803,0.689,0.505,0.478,0.142,-0.346,0.588,0.556,0.622,-0.358,0.389,0.355,0.446,0.587,0.296,0.456,0.522,0.511,0.765,0.452,0.558,-0.208,0.501,0.587,0.18,0.655,0.647,0.553,0.259,0.598,0.722,0.22,-0.325,0.205,0.612,0.465,0.519,-0.344,0.667,0.614,0.619,0.559,0.418,-0.009,0.513,0.693,0.526,0.691,0.243,0.498,0.65,0.444,0.621
BLNK,0.227,0.291,0.076,0.16,0.156,0.003,0.267,-0.034,-0.258,0.206,0.087,-0.061,-0.132,0.063,0.024,0.436,0.179,-0.107,0.3,0.122,-0.164,0.248,0.131,0.15,-0.188,0.043,0.111,0.275,0.393,1.0,0.196,-0.172,0.279,0.236,0.002,-0.173,0.259,0.103,0.184,0.121,0.154,0.146,0.074,0.428,0.227,-0.052,0.147,-0.106,0.322,0.325,0.366,0.439,0.344,0.318,0.206,-0.062,0.226,0.288,0.073,0.365,0.205,0.11,0.312,-0.021,0.114,0.128,0.276,0.198,0.232,0.273,0.108,0.2,0.169,0.294,0.07,-0.01,0.463,-0.014,0.232,0.222,0.201,0.229,0.213,0.208,0.168,0.083,0.164,0.34,-0.016,-0.104,0.011,-0.129,0.153,0.178,0.294,0.239,0.091,0.154,0.184,0.084,0.041,0.248,0.248,0.165,0.286,0.064,0.252,0.189,0.134,0.306,-0.136,-0.032,0.27,-0.017,0.016,0.196,0.111,-0.059,0.25,-0.221,0.098,0.022,0.234,0.146,0.326,0.064,0.262,0.228,-0.057,-0.292,0.313,0.179,0.067,0.144,0.128,0.172,0.132,0.197,0.213,0.227,0.196,0.094,0.215,0.177,0.229,0.203,0.195,0.485,0.235,0.167,0.269,0.098,-0.098,0.111,0.209,0.154,-0.083,0.083,0.202,0.367,0.241,0.024,0.266,0.109,0.115,0.226,0.143,0.153,-0.048,0.135,0.129,0.156,0.122,0.3,0.501,0.153,0.17,0.188,0.487,-0.102,0.097,0.116,0.369,0.188,0.066,0.232,0.012,0.331,0.099,0.253,0.067,0.049,0.148,0.279,0.12,0.023,0.22,0.079,0.41,0.461
BYND,-0.07,0.548,0.436,0.278,0.047,-0.372,-0.248,-0.08,0.328,0.118,0.432,0.495,-0.081,0.494,-0.209,0.125,0.239,0.438,0.093,-0.039,-0.041,0.095,0.265,0.67,-0.557,0.205,0.395,0.166,-0.116,0.196,1.0,-0.06,0.302,0.175,-0.155,-0.367,-0.361,0.12,-0.301,-0.32,-0.078,0.146,-0.205,0.312,0.349,0.165,0.044,-0.426,0.245,0.42,0.6,0.163,-0.085,0.35,0.213,0.527,0.191,0.278,0.762,0.167,0.456,0.458,0.222,0.074,0.085,0.028,0.335,-0.173,0.349,0.196,0.322,-0.072,0.74,0.287,-0.267,0.281,0.027,-0.356,0.157,0.217,0.198,0.119,-0.225,0.273,-0.14,-0.152,0.622,0.154,0.126,0.412,0.068,0.288,0.037,0.382,0.133,0.131,0.171,0.342,0.334,-0.017,0.619,-0.038,0.026,0.418,-0.159,0.154,-0.448,-0.022,-0.207,0.356,-0.1,0.481,0.026,0.259,-0.274,0.148,-0.149,-0.289,0.233,0.308,0.542,0.235,0.406,0.338,0.518,0.349,-0.002,0.326,-0.154,-0.327,0.437,-0.019,0.426,0.195,0.556,0.22,0.436,0.348,-0.102,0.389,0.1,0.091,-0.082,0.094,0.8,0.645,0.096,-0.196,-0.191,0.372,0.125,0.548,-0.048,-0.159,0.345,-0.19,-0.284,0.337,0.327,0.372,-0.428,-0.516,0.355,-0.096,-0.023,-0.295,0.293,-0.045,0.593,0.097,-0.047,0.409,-0.181,0.036,0.451,0.134,-0.021,-0.151,0.55,0.122,0.396,-0.253,0.301,-0.215,0.526,-0.305,-0.155,0.016,0.016,0.477,0.43,-0.007,-0.199,0.358,-0.087,-0.191,0.36,-0.163,0.442,0.178
