,AAL,AAPL,ABUS,ADBE,ADI,ADMA,AEP,AGNC,AKBA,ALT,AMAT,AMD,AMGN,AMZN,APA,APPS,ARCC,ARDX,ATER,ATOS,AUPH,AVGO,AZN,BCRX,BGC,BIDU,BILI,BKR,BLDP,BLNK,BYND,CAN,CELH,CG,CGC,CHRD,CLNE,CMCSA,COMM,COST,CPB,CPRT,CRON,CRWD,CSCO,CSGP,CSX,CTSH,CZR,DBX,DDOG,DKNG,DLTR,DOCU,DVAX,DXCM,EA,EBAY,ENPH,ERIC,ESPR,ETSY,EXC,EXEL,EXPE,FANG,FAST,FITB,FLEX,FOLD,FOXA,FSLR,FTNT,FUTU,GEN,GERN,GEVO,GILD,GOOG,GOOGL,GPRO,GT,HBAN,HIVE,HON,HST,HUT,IBRX,INTC,IOVA,IQ,IRWD,JBLU,JD,KDP,KHC,LBTYK,LRCX,LYFT,MAR,MARA,MAT,MCHP,MCRB,MDLZ,META,MGNI,MLCO,MNKD,MNST,MOMO,MRNA,MRVL,MSFT,MSTR,MTCH,MU,MVIS,NDAQ,NFLX,NKTR,NNDM,NTES,NTNX,NVAX,NVDA,NWL,NWSA,NXPI,OCGN,OKTA,ON,OPK,PAA,PACB,PAGP,PANW,PARA,PCAR,PDD,PENN,PEP,PLUG,PTEN,PTON,PYPL,QCOM,QUBT,QVCGA,RDFN,REAL,RIOT,ROKU,ROST,RUN,SABR,SAVA,SBUX,SFIX,SGMO,SIRI,SLM,SMCI,SNDL,SONO,STNE,STX,TCOM,TGTX,TIGR,TLRY,TMUS,TRIP,TSCO,TSLA,TTD,TXN,UAL,UNIT,VERU,VKTX,VLY,VOD,VTRS,VXRT,WBA,WBD,WDAY,WDC,WEN,WW,WYNN,XEL,XP,XRAY,XRX,Z,ZION,ZM,ZS
AAL,1.0,0.555,0.625,0.115,0.755,-0.529,-0.266,0.686,0.479,-0.361,0.677,0.534,0.551,-0.131,0.802,0.444,0.712,0.554,-0.219,-0.138,-0.488,0.703,0.408,0.507,0.622,0.46,0.399,0.732,0.562,0.47,-0.196,0.572,0.524,0.679,0.665,0.19,0.556,0.794,0.704,0.52,0.458,0.377,0.676,0.345,0.73,0.463,0.646,0.56,0.881,0.199,-0.307,0.544,0.69,-0.084,0.591,-0.1,-0.448,-0.161,0.58,0.676,0.006,-0.2,0.644,-0.409,0.888,0.778,0.61,0.859,0.612,0.613,0.45,-0.278,0.049,0.586,-0.498,0.489,0.42,0.505,0.509,0.518,0.571,0.56,0.785,0.522,0.817,0.858,0.22,0.12,0.571,0.216,-0.047,0.601,0.929,0.272,0.516,0.39,0.688,0.679,0.719,0.889,0.316,0.406,0.658,0.472,0.701,0.002,0.61,0.842,0.633,0.578,0.271,0.647,0.58,0.448,0.688,0.593,0.743,-0.212,0.334,-0.293,0.548,0.668,0.097,0.631,0.498,0.391,0.577,0.759,0.683,0.305,0.218,0.737,-0.057,0.782,0.52,0.728,0.635,0.544,0.591,0.469,0.762,0.698,0.648,0.748,-0.442,-0.137,0.617,0.099,0.649,-0.13,0.352,0.4,0.489,0.855,0.396,0.898,-0.221,0.828,0.008,0.125,0.73,0.641,0.567,0.676,0.393,0.634,0.757,0.866,0.576,0.558,0.511,0.625,0.833,-0.237,0.424,0.633,0.617,0.964,0.509,0.541,0.567,0.804,0.746,0.538,0.066,0.603,0.648,0.431,0.757,0.177,0.72,0.892,0.174,0.013,0.629,0.84,0.532,0.821,-0.424,-0.167
AAPL,0.555,1.0,0.537,0.469,0.796,-0.385,-0.255,0.649,0.413,-0.243,0.654,0.718,0.714,0.455,0.658,0.734,0.689,0.689,-0.277,-0.161,-0.557,0.836,0.672,0.638,0.644,0.611,0.298,0.616,0.394,0.271,-0.251,0.417,0.539,0.646,0.65,0.109,0.443,0.759,0.597,0.7,0.498,0.422,0.64,0.548,0.658,0.712,0.761,0.774,0.756,0.47,-0.14,0.537,0.596,0.275,0.649,0.193,-0.172,-0.04,0.735,0.689,-0.058,0.141,0.73,-0.308,0.686,0.535,0.655,0.537,0.716,0.735,0.185,-0.224,0.366,0.478,-0.359,0.613,0.199,0.707,0.735,0.754,0.563,0.609,0.568,0.35,0.715,0.553,0.157,0.342,0.623,0.426,0.096,0.673,0.649,0.505,0.596,0.402,0.527,0.805,0.685,0.695,0.23,0.251,0.682,0.619,0.8,0.588,0.389,0.638,0.597,0.772,0.388,0.514,0.804,0.791,0.597,0.764,0.63,0.065,0.362,0.206,0.769,0.467,0.361,0.621,0.576,0.589,0.576,0.665,0.735,0.119,0.59,0.801,0.26,0.598,0.636,0.622,0.519,0.454,0.479,0.502,0.82,0.773,0.56,0.49,-0.255,0.286,0.748,-0.016,0.686,0.178,0.252,0.247,0.583,0.628,0.472,0.629,0.082,0.802,0.175,0.451,0.782,0.713,0.722,0.497,0.297,0.798,0.788,0.689,0.608,0.352,0.459,0.74,0.585,-0.104,0.305,0.699,0.831,0.607,0.394,0.46,0.696,0.584,0.64,0.288,0.093,0.542,0.475,0.577,0.704,0.342,0.745,0.629,0.392,-0.082,0.383,0.739,0.724,0.566,-0.339,0.056
ABUS,0.625,0.537,1.0,-0.108,0.707,-0.521,-0.294,0.693,0.266,-0.499,0.656,0.316,0.479,-0.284,0.71,0.282,0.707,0.603,-0.405,-0.26,-0.609,0.479,0.552,0.633,0.638,0.517,0.369,0.714,0.492,0.443,-0.588,0.75,0.751,0.645,0.615,0.166,0.777,0.761,0.702,0.412,0.583,0.221,0.548,0.241,0.749,0.404,0.608,0.634,0.666,0.052,-0.547,0.442,0.41,-0.215,0.607,-0.307,-0.365,-0.3,0.481,0.315,0.017,-0.365,0.469,-0.472,0.765,0.718,0.52,0.72,0.568,0.636,0.37,-0.524,-0.176,0.692,-0.468,0.76,0.174,0.468,0.461,0.466,0.457,0.445,0.674,0.447,0.772,0.763,0.151,0.072,0.293,-0.019,0.164,0.706,0.703,0.398,0.538,0.26,0.743,0.656,0.71,0.776,0.243,0.242,0.587,0.546,0.654,-0.155,0.387,0.674,0.795,0.55,0.499,0.914,0.467,0.24,0.623,0.518,0.852,-0.295,0.088,-0.328,0.353,0.484,0.084,0.501,0.466,0.16,0.577,0.783,0.569,0.155,0.197,0.728,0.027,0.739,0.694,0.677,0.76,0.556,0.214,0.737,0.488,0.714,0.811,0.73,-0.549,-0.24,0.615,-0.073,0.745,-0.187,-0.019,0.382,0.411,0.72,0.144,0.802,-0.22,0.732,-0.052,0.133,0.648,0.654,0.601,0.417,0.339,0.618,0.645,0.706,0.496,0.591,0.235,0.685,0.791,-0.4,0.225,0.57,0.501,0.734,0.328,0.711,0.528,0.782,0.825,0.521,0.188,0.669,0.677,0.376,0.628,0.2,0.657,0.71,0.208,-0.519,0.545,0.746,0.487,0.739,-0.559,-0.34
ADBE,0.115,0.469,-0.108,1.0,0.288,0.192,0.164,0.043,0.106,0.488,0.148,0.509,0.36,0.786,0.077,0.536,-0.003,0.299,0.475,0.373,-0.132,0.511,0.385,0.195,-0.077,0.292,0.118,-0.024,0.154,-0.072,0.51,-0.115,-0.071,0.221,0.055,-0.05,-0.177,0.1,0.149,0.504,0.138,0.575,0.136,0.587,0.049,0.278,0.18,0.107,0.224,0.737,0.556,0.188,0.498,0.766,0.298,0.456,0.296,0.349,0.23,0.579,-0.252,0.578,0.379,0.371,0.08,-0.104,0.279,-0.013,0.033,0.209,-0.132,0.033,0.493,-0.029,0.37,0.159,0.073,0.284,0.357,0.344,0.244,-0.001,-0.062,-0.008,0.139,0.01,0.177,0.282,0.445,0.698,0.045,-0.008,0.019,0.617,0.317,0.352,0.045,0.148,0.136,0.07,0.074,0.054,0.154,0.338,0.266,0.844,0.169,0.034,-0.063,0.385,-0.115,-0.101,0.317,0.741,0.019,0.346,0.061,0.15,0.708,0.579,0.426,-0.001,0.639,0.127,0.552,0.848,0.079,0.044,0.166,0.035,0.618,0.207,0.193,0.034,-0.039,0.039,0.033,0.003,0.419,0.037,0.39,0.228,0.009,-0.03,0.438,0.618,0.27,-0.006,0.079,0.656,0.584,-0.045,0.254,0.061,0.349,0.016,0.544,0.15,0.093,0.548,0.187,0.181,0.351,0.177,0.039,0.193,0.173,0.17,0.278,-0.065,0.291,0.138,0.008,0.597,0.151,0.204,0.372,0.025,0.234,-0.149,0.223,-0.077,-0.015,-0.045,0.064,0.092,-0.099,0.393,0.049,0.148,0.048,0.025,0.321,0.578,-0.034,0.098,0.433,-0.071,0.378,0.678
ADI,0.755,0.796,0.707,0.288,1.0,-0.517,-0.258,0.763,0.355,-0.367,0.813,0.621,0.776,0.025,0.832,0.665,0.809,0.836,-0.199,-0.335,-0.696,0.867,0.765,0.743,0.796,0.691,0.393,0.823,0.598,0.404,-0.399,0.589,0.558,0.794,0.857,0.133,0.534,0.847,0.76,0.673,0.471,0.523,0.825,0.434,0.714,0.708,0.86,0.688,0.912,0.334,-0.409,0.533,0.707,0.043,0.728,-0.135,-0.375,-0.299,0.787,0.654,-0.221,-0.178,0.856,-0.348,0.899,0.743,0.774,0.831,0.715,0.833,0.363,-0.299,-0.059,0.62,-0.377,0.636,0.317,0.597,0.788,0.784,0.65,0.428,0.826,0.55,0.933,0.799,0.331,0.129,0.547,0.476,0.229,0.863,0.826,0.518,0.587,0.475,0.624,0.895,0.855,0.898,0.187,0.283,0.825,0.711,0.844,0.238,0.562,0.798,0.731,0.784,0.269,0.655,0.721,0.695,0.662,0.867,0.776,-0.377,0.464,-0.072,0.706,0.616,0.338,0.622,0.491,0.532,0.719,0.82,0.845,0.137,0.443,0.868,-0.072,0.807,0.65,0.806,0.652,0.62,0.577,0.582,0.801,0.832,0.758,0.702,-0.405,-0.024,0.848,-0.152,0.799,-0.005,0.335,0.293,0.617,0.807,0.404,0.849,0.072,0.864,0.021,0.427,0.831,0.852,0.806,0.734,0.322,0.769,0.875,0.864,0.627,0.467,0.66,0.883,0.801,-0.187,0.316,0.833,0.878,0.802,0.331,0.544,0.736,0.811,0.779,0.515,-0.048,0.744,0.683,0.524,0.665,0.252,0.738,0.852,0.406,-0.128,0.645,0.898,0.836,0.817,-0.568,-0.186
ADMA,-0.529,-0.385,-0.521,0.192,-0.517,1.0,0.385,-0.554,-0.173,0.692,-0.609,-0.3,-0.438,0.34,-0.518,-0.302,-0.632,-0.52,0.296,0.588,0.484,-0.437,-0.457,-0.386,-0.651,-0.474,-0.358,-0.632,-0.368,-0.492,0.621,-0.561,-0.532,-0.585,-0.519,-0.218,-0.468,-0.587,-0.517,-0.216,-0.127,-0.282,-0.463,-0.104,-0.552,-0.47,-0.617,-0.563,-0.502,0.206,0.459,-0.515,-0.27,0.399,-0.342,0.408,0.844,0.509,-0.59,-0.241,0.082,0.47,-0.333,0.671,-0.599,-0.508,-0.47,-0.557,-0.603,-0.593,-0.303,0.115,0.318,-0.526,0.754,-0.218,-0.402,-0.239,-0.5,-0.507,-0.372,-0.302,-0.589,-0.519,-0.591,-0.589,-0.27,0.3,-0.097,0.002,-0.151,-0.48,-0.594,-0.178,-0.368,-0.121,-0.383,-0.586,-0.613,-0.569,-0.19,-0.262,-0.544,-0.418,-0.517,0.159,-0.449,-0.61,-0.572,-0.438,-0.232,-0.572,-0.393,-0.193,-0.499,-0.509,-0.568,0.366,-0.07,0.375,-0.285,-0.584,-0.106,-0.534,-0.067,-0.042,-0.485,-0.603,-0.494,-0.154,-0.118,-0.587,0.343,-0.588,-0.558,-0.565,-0.582,-0.3,-0.173,-0.546,-0.458,-0.446,-0.657,-0.631,0.706,0.304,-0.566,0.01,-0.492,0.492,-0.09,-0.362,-0.308,-0.611,-0.198,-0.602,0.142,-0.594,-0.227,-0.023,-0.552,-0.645,-0.521,-0.401,-0.393,-0.611,-0.59,-0.612,-0.5,-0.526,-0.286,-0.452,-0.635,0.56,-0.361,-0.472,-0.51,-0.58,-0.228,-0.588,-0.582,-0.583,-0.603,-0.493,0.118,-0.477,-0.572,-0.356,-0.549,0.106,-0.522,-0.627,-0.148,0.373,-0.448,-0.529,-0.352,-0.599,0.639,0.518
AEP,-0.266,-0.255,-0.294,0.164,-0.258,0.385,1.0,-0.595,-0.406,0.415,-0.474,-0.321,0.111,0.171,-0.535,-0.248,-0.516,-0.246,0.549,0.071,0.257,-0.318,0.021,-0.345,-0.413,0.075,-0.575,-0.387,-0.465,-0.561,0.301,-0.528,-0.623,-0.235,-0.321,-0.564,-0.533,-0.405,-0.501,-0.323,-0.359,0.206,-0.327,-0.409,-0.496,-0.231,-0.428,-0.297,-0.393,0.158,0.273,-0.585,0.011,-0.059,-0.493,0.397,0.241,0.114,-0.478,-0.214,-0.09,0.045,-0.139,0.7,-0.316,-0.525,-0.225,-0.249,-0.531,-0.334,-0.468,0.135,0.061,-0.521,0.544,-0.165,-0.483,-0.218,-0.258,-0.291,-0.157,-0.364,-0.389,-0.522,-0.328,-0.439,-0.217,-0.212,0.031,0.248,0.477,-0.483,-0.312,-0.174,-0.314,-0.229,-0.53,-0.391,-0.447,-0.31,-0.527,-0.519,-0.252,-0.186,-0.267,0.211,-0.534,-0.456,-0.481,-0.262,-0.071,-0.464,-0.366,0.049,-0.561,-0.204,-0.462,0.169,0.364,0.095,-0.167,-0.348,-0.065,-0.497,-0.013,0.091,-0.427,-0.48,-0.433,-0.251,-0.303,-0.317,-0.06,-0.442,-0.249,-0.381,-0.558,-0.554,0.168,-0.541,-0.435,-0.288,-0.466,-0.465,0.273,0.124,-0.355,-0.028,-0.439,0.023,0.31,-0.619,-0.498,-0.287,-0.423,-0.41,0.485,-0.456,0.13,0.398,-0.56,-0.353,-0.37,0.004,-0.571,-0.468,-0.424,-0.206,-0.47,-0.532,0.038,-0.434,-0.443,0.498,-0.581,-0.454,-0.285,-0.329,-0.522,-0.631,-0.382,-0.424,-0.445,-0.514,-0.522,-0.008,-0.438,-0.087,-0.41,0.198,-0.364,-0.365,0.506,0.317,-0.031,-0.395,-0.279,-0.345,0.321,0.162
AGNC,0.686,0.649,0.693,0.043,0.763,-0.554,-0.595,1.0,0.47,-0.454,0.713,0.499,0.537,-0.125,0.899,0.433,0.854,0.736,-0.534,-0.211,-0.553,0.712,0.5,0.719,0.722,0.422,0.511,0.804,0.637,0.559,-0.415,0.679,0.689,0.628,0.653,0.277,0.704,0.844,0.724,0.603,0.661,0.178,0.594,0.443,0.809,0.547,0.809,0.665,0.783,0.006,-0.511,0.61,0.41,0.018,0.71,-0.302,-0.396,-0.186,0.694,0.517,0.047,-0.169,0.619,-0.651,0.799,0.851,0.673,0.751,0.712,0.808,0.531,-0.374,-0.04,0.713,-0.612,0.718,0.369,0.697,0.62,0.605,0.494,0.64,0.849,0.586,0.828,0.805,0.274,0.285,0.32,0.103,-0.148,0.787,0.763,0.339,0.555,0.477,0.793,0.759,0.837,0.791,0.432,0.455,0.644,0.555,0.819,-0.025,0.569,0.77,0.733,0.614,0.354,0.73,0.606,0.37,0.75,0.578,0.77,-0.224,0.002,-0.164,0.471,0.582,0.13,0.667,0.372,0.229,0.657,0.831,0.734,0.293,0.423,0.756,0.199,0.877,0.6,0.828,0.718,0.653,0.328,0.642,0.733,0.836,0.718,0.796,-0.452,-0.115,0.663,0.002,0.757,-0.042,-0.088,0.546,0.547,0.774,0.338,0.805,-0.326,0.864,-0.111,0.089,0.899,0.765,0.728,0.358,0.505,0.801,0.794,0.692,0.705,0.615,0.206,0.727,0.847,-0.371,0.491,0.661,0.656,0.764,0.532,0.721,0.68,0.898,0.86,0.591,0.288,0.589,0.73,0.391,0.713,0.126,0.786,0.756,0.074,-0.271,0.468,0.842,0.568,0.809,-0.498,-0.218
AKBA,0.479,0.413,0.266,0.106,0.355,-0.173,-0.406,0.47,1.0,-0.336,0.34,0.709,0.207,0.029,0.496,0.257,0.565,0.281,-0.508,0.165,-0.29,0.459,0.296,0.4,0.37,0.14,0.363,0.312,0.405,0.456,-0.152,0.407,0.389,0.423,0.27,0.245,0.369,0.453,0.407,0.361,0.493,-0.085,0.283,0.403,0.569,0.262,0.432,0.479,0.533,0.205,-0.194,0.627,0.251,0.099,0.48,0.328,-0.107,0.097,0.474,0.651,0.125,0.103,0.334,-0.365,0.401,0.543,0.369,0.323,0.461,0.455,0.348,-0.323,0.375,0.413,-0.517,0.286,0.396,0.574,0.252,0.257,0.286,0.654,0.365,0.424,0.351,0.428,0.083,0.61,0.625,0.066,-0.389,0.382,0.519,-0.021,0.562,0.239,0.596,0.362,0.443,0.412,0.6,0.443,0.377,0.212,0.49,0.066,0.382,0.417,0.358,0.362,0.231,0.376,0.452,0.318,0.598,0.316,0.433,0.252,0.008,-0.168,0.508,0.454,-0.02,0.421,0.208,0.073,0.296,0.394,0.472,0.524,0.352,0.338,0.33,0.406,0.264,0.447,0.448,0.438,0.349,0.246,0.587,0.498,0.307,0.44,-0.282,0.077,0.351,0.351,0.449,-0.109,-0.134,0.53,0.419,0.423,0.375,0.437,-0.27,0.529,-0.149,-0.054,0.495,0.41,0.416,0.091,0.525,0.5,0.535,0.34,0.454,0.464,0.016,0.375,0.387,-0.145,0.486,0.362,0.355,0.482,0.531,0.366,0.375,0.428,0.532,0.497,0.242,0.284,0.474,0.264,0.601,0.28,0.626,0.373,-0.117,-0.087,0.319,0.508,0.245,0.405,-0.27,0.026
ALT,-0.361,-0.243,-0.499,0.488,-0.367,0.692,0.415,-0.454,-0.336,1.0,-0.491,-0.207,-0.27,0.506,-0.443,-0.094,-0.564,-0.344,0.601,0.637,0.397,-0.204,-0.331,-0.28,-0.564,-0.327,-0.292,-0.501,-0.322,-0.451,0.809,-0.544,-0.489,-0.472,-0.511,-0.168,-0.48,-0.463,-0.435,0.038,-0.053,0.118,-0.416,0.184,-0.456,-0.303,-0.442,-0.457,-0.373,0.306,0.594,-0.454,-0.045,0.654,-0.249,0.32,0.598,0.477,-0.458,-0.071,-0.112,0.668,-0.243,0.556,-0.453,-0.5,-0.292,-0.443,-0.584,-0.436,-0.339,0.272,0.22,-0.542,0.76,-0.214,-0.288,-0.265,-0.318,-0.309,-0.317,-0.411,-0.511,-0.456,-0.417,-0.507,-0.126,0.2,-0.079,0.227,-0.042,-0.546,-0.469,0.196,-0.241,0.137,-0.389,-0.465,-0.542,-0.433,-0.279,-0.149,-0.489,-0.332,-0.381,0.38,-0.335,-0.49,-0.542,-0.245,-0.335,-0.54,-0.306,0.051,-0.484,-0.379,-0.492,0.18,0.282,0.672,-0.175,-0.546,0.198,-0.444,0.171,0.297,-0.369,-0.485,-0.379,-0.232,0.066,-0.451,0.22,-0.453,-0.502,-0.509,-0.538,-0.377,0.033,-0.416,-0.235,-0.331,-0.514,-0.547,0.858,0.463,-0.411,-0.123,-0.433,0.712,0.241,-0.403,-0.25,-0.479,-0.111,-0.472,0.301,-0.479,-0.03,0.019,-0.4,-0.526,-0.419,-0.259,-0.355,-0.508,-0.455,-0.407,-0.408,-0.529,-0.181,-0.467,-0.493,0.82,-0.286,-0.46,-0.306,-0.452,-0.18,-0.508,-0.423,-0.486,-0.523,-0.462,0.199,-0.418,-0.588,-0.232,-0.514,-0.055,-0.477,-0.478,0.035,0.51,-0.42,-0.489,-0.19,-0.541,0.802,0.78
AMAT,0.677,0.654,0.656,0.148,0.813,-0.609,-0.474,0.713,0.34,-0.491,1.0,0.527,0.564,-0.111,0.82,0.706,0.766,0.697,-0.299,-0.335,-0.631,0.814,0.631,0.745,0.789,0.596,0.597,0.743,0.69,0.606,-0.485,0.68,0.694,0.818,0.814,0.272,0.666,0.801,0.859,0.628,0.457,0.46,0.788,0.426,0.705,0.617,0.799,0.609,0.823,0.244,-0.417,0.725,0.64,0.01,0.7,-0.302,-0.472,-0.345,0.825,0.538,-0.175,-0.261,0.715,-0.453,0.803,0.738,0.77,0.743,0.744,0.747,0.51,-0.303,-0.149,0.755,-0.509,0.56,0.527,0.524,0.72,0.708,0.657,0.367,0.729,0.66,0.846,0.763,0.403,0.041,0.34,0.308,-0.023,0.784,0.698,0.513,0.552,0.47,0.632,0.881,0.816,0.799,0.361,0.356,0.798,0.74,0.763,0.074,0.707,0.769,0.784,0.781,0.2,0.682,0.645,0.503,0.741,0.775,0.802,-0.418,0.301,-0.166,0.538,0.715,0.405,0.729,0.368,0.433,0.743,0.765,0.749,0.223,0.486,0.831,-0.185,0.786,0.596,0.826,0.712,0.707,0.414,0.75,0.771,0.733,0.794,0.767,-0.492,-0.01,0.899,-0.172,0.835,-0.01,0.164,0.468,0.66,0.795,0.555,0.812,-0.074,0.735,-0.124,0.302,0.812,0.817,0.822,0.569,0.542,0.741,0.766,0.744,0.761,0.643,0.547,0.867,0.769,-0.353,0.534,0.782,0.734,0.73,0.453,0.658,0.684,0.702,0.672,0.621,0.135,0.539,0.814,0.566,0.632,0.143,0.635,0.803,0.184,-0.223,0.566,0.782,0.726,0.743,-0.617,-0.271
AMD,0.534,0.718,0.316,0.509,0.621,-0.3,-0.321,0.499,0.709,-0.207,0.527,1.0,0.466,0.368,0.515,0.626,0.616,0.544,-0.202,0.048,-0.483,0.743,0.523,0.586,0.509,0.474,0.465,0.417,0.5,0.423,-0.097,0.442,0.459,0.564,0.496,0.219,0.343,0.53,0.546,0.627,0.452,0.359,0.543,0.608,0.614,0.577,0.614,0.638,0.704,0.44,-0.001,0.661,0.54,0.334,0.627,0.292,-0.183,-0.04,0.712,0.878,-0.131,0.215,0.584,-0.314,0.524,0.472,0.573,0.355,0.573,0.647,0.152,-0.224,0.354,0.469,-0.38,0.343,0.437,0.545,0.563,0.566,0.561,0.432,0.376,0.462,0.499,0.428,0.268,0.466,0.688,0.436,-0.099,0.531,0.555,0.476,0.607,0.392,0.522,0.58,0.582,0.547,0.427,0.445,0.615,0.503,0.606,0.476,0.535,0.522,0.437,0.632,0.231,0.431,0.69,0.754,0.581,0.654,0.526,0.025,0.385,0.126,0.791,0.506,0.378,0.579,0.55,0.594,0.419,0.521,0.703,0.258,0.631,0.536,0.118,0.473,0.371,0.5,0.506,0.475,0.459,0.411,0.769,0.588,0.434,0.445,-0.185,0.286,0.613,0.197,0.535,0.202,0.224,0.39,0.629,0.501,0.538,0.519,0.02,0.638,0.011,0.26,0.641,0.562,0.647,0.358,0.469,0.631,0.698,0.534,0.655,0.45,0.421,0.59,0.426,0.011,0.454,0.643,0.713,0.51,0.449,0.356,0.588,0.401,0.543,0.397,0.167,0.347,0.437,0.6,0.576,0.174,0.581,0.48,0.215,0.042,0.217,0.571,0.671,0.415,-0.25,0.17
AMGN,0.551,0.714,0.479,0.36,0.776,-0.438,0.111,0.537,0.207,-0.27,0.564,0.466,1.0,0.101,0.578,0.591,0.546,0.773,-0.017,-0.413,-0.614,0.706,0.801,0.612,0.566,0.792,0.068,0.626,0.314,0.127,-0.382,0.26,0.335,0.656,0.611,-0.137,0.32,0.641,0.464,0.455,0.218,0.604,0.544,0.186,0.502,0.722,0.729,0.658,0.638,0.207,-0.281,0.281,0.689,-0.056,0.51,0.043,-0.376,-0.303,0.539,0.515,-0.264,-0.219,0.814,-0.059,0.685,0.443,0.727,0.672,0.571,0.732,0.196,-0.317,-0.016,0.349,-0.236,0.568,0.049,0.684,0.777,0.766,0.499,0.349,0.666,0.267,0.718,0.519,0.233,0.008,0.609,0.575,0.42,0.597,0.651,0.368,0.42,0.374,0.326,0.695,0.703,0.666,-0.07,-0.069,0.678,0.636,0.781,0.386,0.253,0.554,0.522,0.656,0.245,0.367,0.543,0.728,0.395,0.694,0.45,-0.218,0.531,-0.022,0.599,0.427,0.283,0.43,0.374,0.526,0.507,0.575,0.609,0.021,0.259,0.715,-0.073,0.592,0.535,0.655,0.31,0.247,0.668,0.38,0.595,0.719,0.492,0.483,-0.411,-0.041,0.633,-0.22,0.481,-0.05,0.377,-0.016,0.237,0.654,0.158,0.579,0.382,0.643,0.083,0.65,0.609,0.719,0.688,0.611,0.062,0.641,0.725,0.721,0.536,0.171,0.527,0.572,0.586,-0.063,0.055,0.518,0.759,0.591,0.084,0.291,0.698,0.6,0.567,0.238,-0.296,0.749,0.437,0.531,0.474,0.298,0.629,0.633,0.68,-0.001,0.603,0.675,0.601,0.652,-0.468,-0.241
AMZN,-0.131,0.455,-0.284,0.786,0.025,0.34,0.171,-0.125,0.029,0.506,-0.111,0.368,0.101,1.0,-0.134,0.375,-0.148,0.026,0.244,0.386,0.154,0.269,0.099,-0.012,-0.179,0.033,-0.098,-0.227,-0.142,-0.267,0.542,-0.28,-0.191,-0.066,-0.126,-0.111,-0.329,-0.034,-0.121,0.345,0.065,0.228,-0.059,0.427,-0.12,0.133,-0.023,0.034,0.008,0.639,0.615,0.004,0.193,0.773,0.077,0.578,0.471,0.5,0.088,0.359,0.036,0.725,0.095,0.317,-0.148,-0.293,0.013,-0.302,-0.05,0.023,-0.335,0.203,0.712,-0.273,0.335,0.015,-0.13,0.165,0.134,0.142,0.047,0.111,-0.291,-0.229,-0.116,-0.249,-0.089,0.37,0.309,0.453,-0.048,-0.18,-0.165,0.35,0.071,0.089,-0.124,0.01,-0.138,-0.138,0.003,0.026,-0.067,0.062,0.054,0.896,-0.109,-0.12,-0.242,0.189,-0.008,-0.277,0.258,0.561,-0.122,0.193,-0.137,0.512,0.335,0.709,0.345,-0.188,0.413,0.014,0.382,0.563,-0.104,-0.191,0.008,-0.104,0.562,0.048,0.427,-0.229,-0.101,-0.207,-0.172,-0.157,0.125,-0.203,0.243,-0.007,-0.264,-0.309,0.542,0.775,0.059,0.137,-0.07,0.629,0.306,-0.16,0.141,-0.191,0.272,-0.208,0.341,0.016,0.228,0.419,0.037,-0.077,0.087,-0.06,-0.131,0.072,0.01,-0.076,0.062,-0.258,0.079,-0.024,-0.272,0.543,-0.004,0.022,0.183,-0.186,0.109,-0.309,0.034,-0.302,-0.205,-0.353,0.087,-0.213,-0.315,0.237,0.047,0.16,-0.023,-0.191,0.153,0.442,-0.314,-0.089,0.192,-0.296,0.508,0.71
APA,0.802,0.658,0.71,0.077,0.832,-0.518,-0.535,0.899,0.496,-0.443,0.82,0.515,0.578,-0.134,1.0,0.52,0.865,0.695,-0.475,-0.228,-0.629,0.788,0.56,0.771,0.772,0.475,0.529,0.858,0.697,0.573,-0.43,0.69,0.706,0.756,0.754,0.295,0.701,0.908,0.805,0.678,0.651,0.264,0.688,0.478,0.806,0.618,0.835,0.644,0.875,0.109,-0.511,0.636,0.582,0.018,0.771,-0.295,-0.401,-0.223,0.742,0.583,-0.065,-0.197,0.724,-0.579,0.899,0.91,0.752,0.858,0.75,0.771,0.643,-0.384,-0.078,0.696,-0.537,0.665,0.43,0.688,0.682,0.684,0.532,0.579,0.906,0.659,0.905,0.892,0.361,0.266,0.454,0.202,-0.107,0.809,0.861,0.353,0.579,0.535,0.791,0.833,0.885,0.892,0.43,0.434,0.703,0.631,0.855,-0.012,0.63,0.873,0.793,0.674,0.307,0.726,0.623,0.452,0.788,0.678,0.816,-0.303,0.12,-0.178,0.527,0.644,0.184,0.696,0.386,0.296,0.759,0.842,0.833,0.248,0.406,0.843,0.034,0.891,0.56,0.86,0.734,0.721,0.472,0.648,0.796,0.846,0.779,0.835,-0.489,-0.133,0.762,-0.092,0.822,-0.022,0.033,0.542,0.578,0.846,0.451,0.91,-0.231,0.901,-0.186,0.167,0.905,0.83,0.778,0.491,0.498,0.765,0.856,0.783,0.713,0.615,0.36,0.804,0.845,-0.31,0.508,0.705,0.722,0.874,0.558,0.717,0.691,0.886,0.827,0.655,0.261,0.612,0.788,0.433,0.751,0.205,0.799,0.887,0.135,-0.206,0.597,0.926,0.607,0.905,-0.566,-0.248
APPS,0.444,0.734,0.282,0.536,0.665,-0.302,-0.248,0.433,0.257,-0.094,0.706,0.626,0.591,0.375,0.52,1.0,0.475,0.618,0.021,-0.151,-0.55,0.79,0.596,0.608,0.6,0.631,0.376,0.534,0.555,0.378,-0.132,0.404,0.406,0.606,0.603,0.173,0.304,0.565,0.586,0.753,0.348,0.681,0.648,0.564,0.416,0.729,0.664,0.501,0.65,0.506,-0.035,0.55,0.708,0.374,0.587,-0.034,-0.209,-0.17,0.68,0.593,-0.388,0.146,0.716,-0.085,0.521,0.373,0.72,0.448,0.663,0.615,0.219,-0.16,0.223,0.415,-0.112,0.372,0.391,0.468,0.791,0.788,0.558,0.297,0.417,0.505,0.64,0.425,0.472,0.123,0.477,0.609,0.149,0.526,0.473,0.631,0.527,0.601,0.345,0.744,0.539,0.534,0.265,0.316,0.666,0.675,0.606,0.6,0.531,0.529,0.435,0.786,-0.036,0.348,0.628,0.744,0.52,0.722,0.53,-0.186,0.592,0.323,0.673,0.484,0.563,0.621,0.443,0.724,0.688,0.474,0.646,0.085,0.589,0.681,-0.064,0.508,0.338,0.587,0.459,0.527,0.504,0.493,0.723,0.557,0.483,0.422,-0.119,0.295,0.74,-0.182,0.593,0.329,0.429,0.278,0.561,0.532,0.601,0.512,0.211,0.542,0.013,0.463,0.614,0.594,0.681,0.484,0.327,0.712,0.644,0.533,0.699,0.313,0.601,0.665,0.42,0.102,0.479,0.66,0.756,0.44,0.416,0.36,0.732,0.363,0.352,0.376,0.07,0.421,0.483,0.606,0.407,0.068,0.527,0.512,0.351,0.085,0.296,0.536,0.756,0.386,-0.298,0.07
ARCC,0.712,0.689,0.707,-0.003,0.809,-0.632,-0.516,0.854,0.565,-0.564,0.766,0.616,0.546,-0.148,0.865,0.475,1.0,0.704,-0.508,-0.314,-0.692,0.74,0.591,0.735,0.835,0.554,0.476,0.84,0.582,0.54,-0.546,0.702,0.67,0.696,0.698,0.243,0.632,0.831,0.746,0.592,0.612,0.258,0.653,0.38,0.822,0.674,0.865,0.789,0.858,0.009,-0.552,0.653,0.462,-0.095,0.665,-0.158,-0.503,-0.352,0.822,0.564,-0.112,-0.228,0.656,-0.666,0.822,0.87,0.696,0.752,0.763,0.775,0.474,-0.275,-0.081,0.656,-0.655,0.581,0.392,0.662,0.643,0.665,0.516,0.555,0.821,0.633,0.839,0.773,0.333,0.241,0.466,0.164,-0.029,0.794,0.832,0.277,0.579,0.458,0.739,0.829,0.814,0.832,0.388,0.475,0.688,0.53,0.795,-0.015,0.552,0.812,0.709,0.662,0.303,0.723,0.591,0.509,0.846,0.694,0.806,-0.296,0.085,-0.22,0.583,0.638,0.115,0.672,0.335,0.23,0.702,0.813,0.851,0.218,0.347,0.728,0.008,0.842,0.563,0.84,0.723,0.688,0.43,0.588,0.763,0.842,0.72,0.787,-0.577,-0.191,0.744,-0.042,0.774,-0.172,-0.031,0.504,0.525,0.795,0.354,0.847,-0.276,0.91,-0.021,0.098,0.841,0.863,0.711,0.44,0.495,0.783,0.88,0.746,0.672,0.59,0.326,0.761,0.775,-0.391,0.476,0.68,0.791,0.804,0.492,0.663,0.715,0.818,0.881,0.593,0.13,0.589,0.749,0.413,0.777,0.095,0.806,0.81,0.195,-0.322,0.546,0.876,0.57,0.8,-0.648,-0.329
ARDX,0.554,0.689,0.603,0.299,0.836,-0.52,-0.246,0.736,0.281,-0.344,0.697,0.544,0.773,0.026,0.695,0.618,0.704,1.0,-0.112,-0.361,-0.676,0.737,0.755,0.728,0.716,0.662,0.317,0.72,0.509,0.326,-0.413,0.48,0.521,0.666,0.693,0.066,0.468,0.69,0.659,0.552,0.37,0.555,0.635,0.313,0.608,0.747,0.865,0.643,0.743,0.207,-0.362,0.432,0.61,0.047,0.654,-0.227,-0.377,-0.433,0.663,0.563,-0.312,-0.233,0.795,-0.29,0.739,0.58,0.769,0.715,0.59,0.89,0.292,-0.417,-0.157,0.516,-0.332,0.616,0.235,0.588,0.797,0.765,0.485,0.345,0.733,0.431,0.805,0.633,0.336,0.059,0.443,0.516,0.312,0.748,0.646,0.514,0.483,0.515,0.467,0.761,0.762,0.704,0.078,0.177,0.715,0.66,0.743,0.268,0.439,0.7,0.625,0.72,0.216,0.533,0.544,0.642,0.484,0.816,0.596,-0.414,0.41,-0.019,0.598,0.508,0.393,0.526,0.395,0.474,0.681,0.711,0.687,0.077,0.382,0.744,-0.096,0.735,0.535,0.719,0.518,0.494,0.528,0.573,0.644,0.722,0.671,0.601,-0.398,-0.072,0.76,-0.265,0.635,0.033,0.29,0.194,0.408,0.675,0.253,0.675,0.141,0.696,0.003,0.509,0.754,0.761,0.772,0.561,0.259,0.71,0.775,0.728,0.673,0.347,0.485,0.713,0.743,-0.186,0.238,0.644,0.78,0.606,0.201,0.481,0.738,0.733,0.707,0.438,-0.081,0.703,0.574,0.533,0.483,0.099,0.648,0.682,0.465,-0.167,0.582,0.708,0.717,0.653,-0.529,-0.234
ATER,-0.219,-0.277,-0.405,0.475,-0.199,0.296,0.549,-0.534,-0.508,0.601,-0.299,-0.202,-0.017,0.244,-0.475,0.021,-0.508,-0.112,1.0,0.223,0.166,-0.164,-0.059,-0.358,-0.458,-0.022,-0.28,-0.377,-0.292,-0.434,0.545,-0.463,-0.49,-0.229,-0.276,-0.165,-0.532,-0.489,-0.293,-0.159,-0.468,0.473,-0.177,-0.079,-0.488,-0.148,-0.317,-0.42,-0.28,0.302,0.571,-0.457,0.188,0.248,-0.277,0.146,0.199,0.088,-0.352,-0.057,-0.406,0.228,-0.054,0.631,-0.327,-0.545,-0.231,-0.225,-0.508,-0.341,-0.315,0.297,-0.071,-0.449,0.668,-0.4,-0.163,-0.414,-0.165,-0.156,-0.132,-0.596,-0.381,-0.371,-0.288,-0.366,-0.002,-0.337,-0.028,0.471,0.318,-0.455,-0.355,0.224,-0.275,-0.01,-0.525,-0.388,-0.4,-0.352,-0.493,-0.259,-0.297,-0.142,-0.391,0.303,-0.157,-0.363,-0.457,-0.175,-0.439,-0.466,-0.304,0.134,-0.54,-0.125,-0.411,-0.174,0.619,0.357,-0.155,-0.359,0.313,-0.453,0.08,0.41,-0.264,-0.368,-0.358,-0.264,-0.16,-0.338,-0.301,-0.391,-0.41,-0.453,-0.432,-0.397,0.184,-0.342,-0.303,-0.406,-0.324,-0.402,0.517,0.145,-0.233,-0.283,-0.45,0.317,0.706,-0.538,-0.273,-0.355,-0.072,-0.372,0.578,-0.464,0.208,0.268,-0.443,-0.342,-0.293,0.144,-0.405,-0.472,-0.352,-0.163,-0.328,-0.452,0.256,-0.393,-0.325,0.58,-0.327,-0.269,-0.162,-0.33,-0.332,-0.538,-0.279,-0.437,-0.464,-0.369,-0.302,-0.154,-0.511,-0.155,-0.494,-0.19,-0.511,-0.288,0.301,0.601,-0.138,-0.409,-0.015,-0.422,0.465,0.382
ATOS,-0.138,-0.161,-0.26,0.373,-0.335,0.588,0.071,-0.211,0.165,0.637,-0.335,0.048,-0.413,0.386,-0.228,-0.151,-0.314,-0.361,0.223,1.0,0.374,-0.117,-0.364,-0.224,-0.486,-0.416,0.003,-0.444,-0.124,-0.176,0.697,-0.238,-0.173,-0.333,-0.464,0.023,-0.171,-0.275,-0.101,0.072,0.263,-0.138,-0.367,0.287,-0.034,-0.375,-0.367,-0.262,-0.207,0.361,0.453,-0.035,-0.096,0.535,-0.08,0.422,0.509,0.654,-0.334,0.184,0.183,0.603,-0.289,0.201,-0.313,-0.24,-0.291,-0.326,-0.342,-0.358,-0.13,0.055,0.495,-0.198,0.337,-0.056,-0.083,-0.056,-0.375,-0.362,-0.19,0.028,-0.391,-0.276,-0.349,-0.259,-0.241,0.507,0.126,-0.048,-0.39,-0.428,-0.27,0.116,0.006,0.105,0.012,-0.399,-0.407,-0.301,0.125,0.151,-0.413,-0.344,-0.21,0.201,-0.121,-0.321,-0.395,-0.208,-0.03,-0.187,-0.113,-0.041,-0.165,-0.402,-0.185,0.417,0.034,0.367,-0.142,-0.338,-0.043,-0.211,0.331,0.14,-0.315,-0.282,-0.263,0.075,0.133,-0.346,0.551,-0.279,-0.343,-0.351,-0.166,-0.145,-0.004,-0.177,-0.079,-0.175,-0.331,-0.287,0.606,0.401,-0.349,0.239,-0.206,0.524,0.001,-0.021,-0.057,-0.328,0.032,-0.263,-0.151,-0.253,-0.159,-0.209,-0.166,-0.423,-0.325,-0.421,-0.001,-0.32,-0.282,-0.332,-0.181,-0.101,-0.356,-0.339,-0.246,0.592,-0.033,-0.347,-0.303,-0.202,0.182,-0.269,-0.413,-0.272,-0.182,-0.197,0.438,-0.312,-0.321,-0.183,-0.078,0.078,-0.163,-0.37,-0.286,0.383,-0.293,-0.247,-0.23,-0.373,0.665,0.714
AUPH,-0.488,-0.557,-0.609,-0.132,-0.696,0.484,0.257,-0.553,-0.29,0.397,-0.631,-0.483,-0.614,0.154,-0.629,-0.55,-0.692,-0.676,0.166,0.374,1.0,-0.576,-0.674,-0.652,-0.684,-0.717,-0.332,-0.691,-0.488,-0.393,0.541,-0.542,-0.565,-0.616,-0.634,-0.023,-0.505,-0.592,-0.619,-0.549,-0.449,-0.53,-0.632,-0.332,-0.591,-0.735,-0.701,-0.677,-0.638,-0.03,0.459,-0.527,-0.47,0.109,-0.597,0.255,0.441,0.468,-0.58,-0.429,0.639,0.302,-0.691,0.285,-0.629,-0.564,-0.676,-0.608,-0.656,-0.624,-0.345,0.37,0.26,-0.561,0.295,-0.455,-0.245,-0.55,-0.708,-0.718,-0.525,-0.201,-0.605,-0.538,-0.7,-0.552,-0.439,-0.022,-0.407,-0.339,-0.284,-0.696,-0.585,-0.399,-0.552,-0.507,-0.447,-0.655,-0.661,-0.637,-0.173,-0.234,-0.624,-0.643,-0.609,-0.107,-0.425,-0.609,-0.604,-0.516,-0.111,-0.576,-0.477,-0.519,-0.606,-0.589,-0.636,0.491,-0.382,0.079,-0.473,-0.525,-0.206,-0.496,-0.305,-0.409,-0.656,-0.647,-0.719,-0.07,-0.206,-0.657,0.262,-0.637,-0.308,-0.669,-0.58,-0.543,-0.448,-0.597,-0.532,-0.664,-0.613,-0.638,0.506,0.405,-0.686,0.307,-0.582,0.094,-0.184,-0.296,-0.336,-0.643,-0.237,-0.636,-0.114,-0.627,0.133,-0.247,-0.558,-0.721,-0.651,-0.49,-0.326,-0.635,-0.722,-0.624,-0.634,-0.397,-0.466,-0.668,-0.597,0.198,-0.345,-0.613,-0.708,-0.56,-0.284,-0.53,-0.72,-0.562,-0.62,-0.522,0.017,-0.638,-0.571,-0.504,-0.433,-0.017,-0.574,-0.613,-0.432,0.291,-0.512,-0.634,-0.621,-0.585,0.624,0.356
AVGO,0.703,0.836,0.479,0.511,0.867,-0.437,-0.318,0.712,0.459,-0.204,0.814,0.743,0.706,0.269,0.788,0.79,0.74,0.737,-0.164,-0.117,-0.576,1.0,0.682,0.723,0.695,0.651,0.516,0.694,0.679,0.506,-0.157,0.542,0.53,0.777,0.703,0.227,0.471,0.774,0.717,0.796,0.528,0.551,0.711,0.643,0.66,0.697,0.812,0.673,0.847,0.47,-0.176,0.649,0.733,0.312,0.759,0.048,-0.302,-0.097,0.852,0.781,-0.182,0.089,0.82,-0.335,0.758,0.647,0.821,0.666,0.709,0.764,0.38,-0.182,0.183,0.604,-0.337,0.556,0.481,0.671,0.788,0.777,0.661,0.468,0.671,0.577,0.803,0.656,0.412,0.3,0.594,0.52,-0.006,0.686,0.704,0.591,0.643,0.64,0.608,0.859,0.761,0.772,0.372,0.407,0.807,0.7,0.842,0.45,0.649,0.684,0.634,0.817,0.203,0.536,0.757,0.804,0.706,0.786,0.708,-0.191,0.518,0.15,0.727,0.652,0.476,0.731,0.578,0.686,0.664,0.728,0.83,0.233,0.646,0.775,0.039,0.738,0.513,0.787,0.609,0.622,0.615,0.547,0.883,0.814,0.631,0.646,-0.231,0.248,0.85,-0.049,0.779,0.255,0.337,0.407,0.675,0.742,0.608,0.72,0.04,0.798,-0.022,0.393,0.854,0.804,0.79,0.541,0.468,0.791,0.821,0.726,0.712,0.501,0.554,0.796,0.675,-0.011,0.499,0.751,0.888,0.702,0.514,0.515,0.729,0.669,0.68,0.527,0.169,0.556,0.659,0.647,0.649,0.223,0.703,0.721,0.314,0.087,0.443,0.775,0.802,0.667,-0.349,0.072
AZN,0.408,0.672,0.552,0.385,0.765,-0.457,0.021,0.5,0.296,-0.331,0.631,0.523,0.801,0.099,0.56,0.596,0.591,0.755,-0.059,-0.364,-0.674,0.682,1.0,0.676,0.59,0.76,0.269,0.584,0.421,0.282,-0.464,0.407,0.387,0.766,0.594,0.008,0.338,0.605,0.487,0.532,0.316,0.546,0.532,0.36,0.442,0.651,0.677,0.621,0.592,0.386,-0.28,0.449,0.578,0.059,0.56,0.007,-0.286,-0.325,0.616,0.469,-0.33,-0.181,0.71,-0.084,0.606,0.452,0.669,0.532,0.525,0.73,0.154,-0.391,-0.052,0.464,-0.237,0.552,0.2,0.565,0.706,0.677,0.506,0.283,0.538,0.466,0.695,0.511,0.319,0.111,0.505,0.554,0.414,0.605,0.513,0.438,0.634,0.315,0.406,0.662,0.675,0.58,0.166,0.09,0.646,0.718,0.74,0.356,0.36,0.472,0.532,0.662,0.268,0.467,0.494,0.696,0.441,0.755,0.548,-0.229,0.54,-0.012,0.54,0.448,0.458,0.403,0.32,0.502,0.505,0.556,0.592,0.181,0.442,0.709,-0.059,0.565,0.535,0.625,0.491,0.334,0.492,0.467,0.564,0.692,0.634,0.548,-0.386,0.048,0.748,-0.168,0.614,-0.038,0.283,0.208,0.393,0.592,0.247,0.542,0.352,0.582,0.064,0.636,0.555,0.783,0.763,0.48,0.266,0.637,0.646,0.622,0.578,0.325,0.451,0.637,0.524,-0.059,0.247,0.578,0.703,0.479,0.181,0.377,0.637,0.521,0.55,0.434,-0.21,0.764,0.493,0.525,0.417,0.3,0.562,0.527,0.573,-0.176,0.555,0.625,0.651,0.559,-0.512,-0.169
BCRX,0.507,0.638,0.633,0.195,0.743,-0.386,-0.345,0.719,0.4,-0.28,0.745,0.586,0.612,-0.012,0.771,0.608,0.735,0.728,-0.358,-0.224,-0.652,0.723,0.676,1.0,0.755,0.631,0.437,0.686,0.572,0.43,-0.466,0.579,0.662,0.707,0.636,0.095,0.613,0.706,0.672,0.707,0.593,0.361,0.571,0.466,0.672,0.666,0.784,0.645,0.708,0.155,-0.476,0.555,0.531,0.15,0.743,-0.251,-0.341,-0.395,0.715,0.533,-0.221,-0.162,0.701,-0.416,0.698,0.667,0.764,0.626,0.646,0.83,0.441,-0.437,-0.138,0.595,-0.348,0.692,0.281,0.621,0.712,0.704,0.549,0.314,0.658,0.573,0.752,0.585,0.456,0.267,0.418,0.324,0.092,0.748,0.623,0.539,0.56,0.561,0.607,0.754,0.758,0.7,0.313,0.326,0.638,0.72,0.777,0.166,0.443,0.623,0.716,0.744,0.341,0.603,0.47,0.571,0.623,0.709,0.66,-0.387,0.215,0.026,0.539,0.496,0.349,0.545,0.434,0.398,0.668,0.674,0.773,0.056,0.478,0.701,0.011,0.708,0.492,0.752,0.58,0.588,0.383,0.672,0.669,0.785,0.688,0.652,-0.381,0.028,0.79,-0.249,0.75,0.189,-0.053,0.39,0.482,0.638,0.402,0.701,-0.012,0.686,-0.244,0.362,0.769,0.744,0.742,0.337,0.382,0.661,0.755,0.621,0.747,0.451,0.314,0.756,0.602,-0.1,0.364,0.586,0.697,0.6,0.289,0.569,0.694,0.662,0.628,0.481,0.246,0.551,0.634,0.54,0.451,0.165,0.582,0.635,0.358,-0.312,0.422,0.72,0.626,0.688,-0.526,-0.17
BGC,0.622,0.644,0.638,-0.077,0.796,-0.651,-0.413,0.722,0.37,-0.564,0.789,0.509,0.566,-0.179,0.772,0.6,0.835,0.716,-0.458,-0.486,-0.684,0.695,0.59,0.755,1.0,0.656,0.477,0.859,0.572,0.54,-0.639,0.66,0.614,0.739,0.75,0.151,0.576,0.797,0.702,0.557,0.423,0.362,0.696,0.284,0.683,0.715,0.845,0.687,0.789,0.044,-0.635,0.577,0.44,-0.169,0.543,-0.341,-0.555,-0.492,0.772,0.445,-0.216,-0.332,0.638,-0.576,0.796,0.775,0.72,0.726,0.8,0.815,0.372,-0.291,-0.182,0.655,-0.591,0.51,0.428,0.512,0.756,0.758,0.571,0.414,0.762,0.653,0.833,0.705,0.375,-0.003,0.301,0.229,0.184,0.798,0.759,0.303,0.464,0.467,0.513,0.878,0.743,0.8,0.263,0.313,0.769,0.628,0.713,0.041,0.547,0.805,0.695,0.66,0.21,0.645,0.596,0.437,0.699,0.757,0.714,-0.427,0.151,-0.159,0.552,0.673,0.212,0.697,0.234,0.217,0.78,0.705,0.822,0.123,0.328,0.785,-0.13,0.769,0.522,0.829,0.628,0.645,0.304,0.596,0.696,0.724,0.683,0.726,-0.616,-0.201,0.806,-0.132,0.796,-0.184,-0.032,0.406,0.519,0.765,0.338,0.799,-0.205,0.767,-0.056,0.183,0.756,0.801,0.681,0.491,0.448,0.782,0.786,0.72,0.614,0.563,0.445,0.797,0.678,-0.412,0.406,0.69,0.765,0.709,0.27,0.623,0.766,0.721,0.693,0.561,-0.003,0.586,0.79,0.507,0.621,-0.002,0.732,0.786,0.318,-0.427,0.585,0.754,0.618,0.76,-0.756,-0.461
BIDU,0.46,0.611,0.517,0.292,0.691,-0.474,0.075,0.422,0.14,-0.327,0.596,0.474,0.792,0.033,0.475,0.631,0.554,0.662,-0.022,-0.416,-0.717,0.651,0.76,0.631,0.656,1.0,0.235,0.656,0.406,0.299,-0.467,0.449,0.407,0.729,0.551,-0.161,0.342,0.562,0.521,0.529,0.287,0.707,0.536,0.216,0.468,0.729,0.637,0.663,0.556,0.201,-0.326,0.407,0.614,-0.1,0.477,-0.041,-0.469,-0.396,0.56,0.427,-0.397,-0.287,0.658,-0.069,0.557,0.393,0.707,0.517,0.593,0.639,0.12,-0.279,-0.106,0.452,-0.193,0.509,0.166,0.551,0.747,0.745,0.605,0.132,0.468,0.466,0.651,0.439,0.463,-0.12,0.437,0.476,0.565,0.522,0.537,0.499,0.535,0.458,0.346,0.667,0.581,0.583,0.121,0.11,0.684,0.732,0.636,0.375,0.316,0.462,0.461,0.64,0.14,0.5,0.495,0.681,0.502,0.655,0.573,-0.366,0.554,-0.022,0.53,0.498,0.347,0.48,0.413,0.554,0.543,0.492,0.623,-0.003,0.258,0.628,-0.248,0.571,0.367,0.701,0.494,0.369,0.448,0.504,0.507,0.645,0.516,0.559,-0.492,-0.075,0.697,-0.245,0.526,-0.014,0.289,0.191,0.239,0.608,0.181,0.532,0.262,0.559,-0.011,0.549,0.495,0.745,0.644,0.457,0.187,0.606,0.609,0.59,0.589,0.32,0.501,0.58,0.459,-0.054,0.224,0.501,0.751,0.499,0.194,0.343,0.782,0.42,0.513,0.377,-0.23,0.715,0.546,0.661,0.405,0.041,0.493,0.519,0.695,-0.153,0.438,0.529,0.573,0.507,-0.565,-0.325
BILI,0.399,0.298,0.369,0.118,0.393,-0.358,-0.575,0.511,0.363,-0.292,0.597,0.465,0.068,-0.098,0.529,0.376,0.476,0.317,-0.28,0.003,-0.332,0.516,0.269,0.437,0.477,0.235,1.0,0.438,0.764,0.831,-0.191,0.671,0.575,0.528,0.353,0.565,0.525,0.452,0.515,0.482,0.414,0.14,0.396,0.617,0.443,0.226,0.356,0.343,0.465,0.193,-0.206,0.629,0.302,0.19,0.462,-0.292,-0.153,-0.03,0.527,0.364,-0.06,0.052,0.233,-0.45,0.404,0.582,0.428,0.297,0.481,0.394,0.326,-0.188,-0.005,0.794,-0.4,0.285,0.877,0.256,0.339,0.308,0.451,0.255,0.318,0.671,0.425,0.519,0.235,0.15,0.074,-0.039,-0.322,0.421,0.338,0.349,0.485,0.4,0.57,0.449,0.446,0.434,0.597,0.556,0.52,0.381,0.39,-0.05,0.87,0.434,0.471,0.368,0.115,0.593,0.448,0.14,0.586,0.303,0.588,-0.161,0.112,-0.096,0.178,0.601,0.491,0.686,0.245,0.29,0.412,0.478,0.494,0.486,0.573,0.4,0.01,0.532,0.202,0.535,0.635,0.645,-0.006,0.57,0.514,0.449,0.501,0.667,-0.238,0.029,0.469,0.178,0.607,0.117,-0.125,0.663,0.736,0.519,0.533,0.488,-0.375,0.418,-0.2,-0.178,0.528,0.437,0.463,0.119,0.897,0.517,0.363,0.307,0.501,0.886,0.117,0.506,0.444,-0.262,0.717,0.545,0.368,0.409,0.551,0.548,0.355,0.38,0.43,0.722,0.458,0.179,0.641,0.398,0.344,-0.106,0.374,0.415,-0.158,-0.176,0.108,0.378,0.491,0.375,-0.271,-0.009
BKR,0.732,0.616,0.714,-0.024,0.823,-0.632,-0.387,0.804,0.312,-0.501,0.743,0.417,0.626,-0.227,0.858,0.534,0.84,0.72,-0.377,-0.444,-0.691,0.694,0.584,0.686,0.859,0.656,0.438,1.0,0.64,0.552,-0.555,0.704,0.653,0.773,0.747,0.134,0.634,0.887,0.733,0.633,0.532,0.449,0.687,0.346,0.717,0.726,0.833,0.66,0.807,-0.005,-0.618,0.513,0.575,-0.172,0.616,-0.348,-0.542,-0.394,0.673,0.436,-0.187,-0.328,0.696,-0.539,0.858,0.857,0.746,0.837,0.764,0.761,0.509,-0.355,-0.187,0.662,-0.5,0.623,0.381,0.591,0.73,0.736,0.569,0.465,0.865,0.668,0.917,0.871,0.435,0.012,0.347,0.203,0.216,0.756,0.845,0.337,0.572,0.532,0.671,0.835,0.8,0.865,0.311,0.337,0.726,0.652,0.784,-0.014,0.548,0.823,0.712,0.695,0.142,0.728,0.575,0.422,0.739,0.662,0.791,-0.41,0.202,-0.22,0.522,0.642,0.165,0.669,0.329,0.29,0.845,0.782,0.803,0.164,0.242,0.816,-0.13,0.923,0.527,0.881,0.729,0.683,0.443,0.633,0.666,0.795,0.789,0.862,-0.617,-0.242,0.688,-0.179,0.718,-0.18,0.114,0.481,0.477,0.857,0.267,0.874,-0.204,0.864,-0.091,0.143,0.789,0.849,0.714,0.543,0.426,0.776,0.776,0.761,0.585,0.576,0.421,0.739,0.775,-0.345,0.472,0.678,0.75,0.817,0.477,0.673,0.785,0.822,0.785,0.66,0.07,0.738,0.77,0.456,0.663,0.02,0.77,0.855,0.38,-0.324,0.554,0.84,0.596,0.827,-0.701,-0.458
BLDP,0.562,0.394,0.492,0.154,0.598,-0.368,-0.465,0.637,0.405,-0.322,0.69,0.5,0.314,-0.142,0.697,0.555,0.582,0.509,-0.292,-0.124,-0.488,0.679,0.421,0.572,0.572,0.406,0.764,0.64,1.0,0.883,-0.26,0.82,0.584,0.671,0.55,0.471,0.608,0.63,0.661,0.655,0.551,0.319,0.566,0.593,0.525,0.405,0.539,0.373,0.611,0.199,-0.317,0.646,0.507,0.16,0.67,-0.328,-0.232,-0.164,0.653,0.453,-0.186,-0.033,0.509,-0.386,0.585,0.675,0.724,0.565,0.598,0.555,0.545,-0.321,-0.045,0.761,-0.289,0.43,0.771,0.413,0.573,0.513,0.533,0.35,0.557,0.801,0.645,0.676,0.543,0.208,0.232,0.164,-0.184,0.568,0.53,0.434,0.585,0.618,0.708,0.646,0.648,0.635,0.628,0.576,0.745,0.601,0.578,-0.01,0.813,0.561,0.623,0.587,0.044,0.68,0.476,0.305,0.699,0.478,0.743,-0.293,0.266,-0.092,0.36,0.722,0.395,0.771,0.336,0.37,0.682,0.62,0.649,0.436,0.552,0.559,-0.102,0.707,0.293,0.731,0.754,0.852,0.33,0.608,0.582,0.598,0.648,0.726,-0.289,0.009,0.593,0.055,0.726,0.109,0.048,0.71,0.685,0.697,0.568,0.644,-0.233,0.589,-0.245,0.013,0.634,0.614,0.66,0.301,0.721,0.687,0.55,0.454,0.628,0.769,0.302,0.666,0.592,-0.158,0.71,0.654,0.54,0.569,0.645,0.641,0.582,0.58,0.582,0.84,0.412,0.395,0.821,0.563,0.411,-0.013,0.547,0.577,-0.031,-0.098,0.245,0.586,0.605,0.582,-0.379,-0.076
BLNK,0.47,0.271,0.443,-0.072,0.404,-0.492,-0.561,0.559,0.456,-0.451,0.606,0.423,0.127,-0.267,0.573,0.378,0.54,0.326,-0.434,-0.176,-0.393,0.506,0.282,0.43,0.54,0.299,0.831,0.552,0.883,1.0,-0.351,0.842,0.636,0.615,0.389,0.542,0.656,0.563,0.559,0.499,0.48,0.121,0.434,0.551,0.492,0.237,0.388,0.378,0.473,0.032,-0.357,0.713,0.31,0.036,0.539,-0.332,-0.313,-0.145,0.561,0.309,-0.074,-0.054,0.233,-0.504,0.472,0.641,0.565,0.406,0.551,0.459,0.447,-0.292,-0.066,0.818,-0.496,0.303,0.873,0.326,0.377,0.328,0.48,0.378,0.402,0.828,0.483,0.595,0.431,0.16,0.077,-0.106,-0.289,0.453,0.452,0.243,0.582,0.411,0.672,0.509,0.516,0.531,0.749,0.609,0.665,0.478,0.426,-0.177,0.821,0.483,0.608,0.409,0.07,0.688,0.425,0.071,0.737,0.304,0.692,-0.172,0.073,-0.2,0.204,0.772,0.341,0.785,0.154,0.146,0.514,0.549,0.509,0.589,0.488,0.423,-0.07,0.622,0.262,0.651,0.76,0.756,0.091,0.619,0.505,0.479,0.595,0.736,-0.366,-0.059,0.48,0.201,0.663,-0.102,-0.141,0.829,0.674,0.657,0.52,0.563,-0.408,0.494,-0.161,-0.215,0.512,0.508,0.515,0.158,0.867,0.628,0.429,0.357,0.546,0.886,0.105,0.544,0.538,-0.359,0.795,0.557,0.36,0.501,0.667,0.689,0.497,0.481,0.525,0.874,0.467,0.288,0.809,0.501,0.417,-0.128,0.5,0.494,-0.196,-0.294,0.154,0.444,0.431,0.469,-0.383,-0.159
BYND,-0.196,-0.251,-0.588,0.51,-0.399,0.621,0.301,-0.415,-0.152,0.809,-0.485,-0.097,-0.382,0.542,-0.43,-0.132,-0.546,-0.413,0.545,0.697,0.541,-0.157,-0.464,-0.466,-0.639,-0.467,-0.191,-0.555,-0.26,-0.351,1.0,-0.515,-0.531,-0.478,-0.517,-0.062,-0.517,-0.463,-0.43,-0.047,-0.126,0.001,-0.393,0.191,-0.456,-0.446,-0.503,-0.503,-0.309,0.382,0.721,-0.327,-0.047,0.623,-0.281,0.454,0.562,0.664,-0.415,0.086,0.099,0.686,-0.276,0.497,-0.44,-0.473,-0.386,-0.431,-0.574,-0.48,-0.319,0.395,0.482,-0.473,0.57,-0.308,-0.127,-0.292,-0.44,-0.447,-0.279,-0.197,-0.507,-0.433,-0.453,-0.43,-0.203,0.188,-0.03,0.144,-0.286,-0.605,-0.417,0.037,-0.224,0.013,-0.305,-0.511,-0.546,-0.444,-0.085,-0.016,-0.476,-0.418,-0.408,0.351,-0.192,-0.446,-0.577,-0.312,-0.304,-0.543,-0.233,0.014,-0.402,-0.392,-0.457,0.399,0.25,0.491,-0.168,-0.415,0.117,-0.352,0.191,0.292,-0.475,-0.461,-0.446,0.012,0.101,-0.479,0.291,-0.447,-0.487,-0.5,-0.457,-0.385,0.017,-0.514,-0.171,-0.375,-0.561,-0.491,0.825,0.5,-0.433,0.223,-0.449,0.583,0.355,-0.248,-0.142,-0.44,0.035,-0.453,0.131,-0.42,0.066,-0.076,-0.361,-0.576,-0.468,-0.223,-0.228,-0.455,-0.464,-0.372,-0.354,-0.385,-0.151,-0.49,-0.424,0.688,-0.091,-0.385,-0.362,-0.362,0.027,-0.527,-0.49,-0.447,-0.492,-0.401,0.176,-0.47,-0.565,-0.239,-0.356,0.002,-0.437,-0.448,-0.19,0.733,-0.429,-0.457,-0.217,-0.538,0.877,0.821
