,AAL,AAPL,ABUS,ADBE,ADI,ADMA,AEP,AGNC,AKBA,ALT,AMAT,AMD,AMGN,AMZN,APA,APPS,ARCC,ARDX,ATER,ATOS,AUPH,AVGO,AZN,BCRX,BGC,BIDU,BILI,BKR,BLDP,BLNK,BYND,CAN,CELH,CG,CGC,CHRD,CLNE,CMCSA,COMM,COST,CPB,CPRT,CRON,CRWD,CSCO,CSGP,CSX,CTSH,CZR,DBX,DDOG,DKNG,DLTR,DOCU,DVAX,DXCM,EA,EBAY,ENPH,ERIC,ESPR,ETSY,EXC,EXEL,EXPE,FANG,FAST,FITB,FLEX,FOLD,FOXA,FSLR,FTNT,FUTU,GEN,GERN,GEVO,GILD,GOOG,GOOGL,GPRO,GT,HBAN,HIVE,HON,HST,HUT,IBRX,INTC,IOVA,IQ,IRWD,JBLU,JD,KDP,KHC,LBTYK,LRCX,LYFT,MAR,MARA,MAT,MCHP,MCRB,MDLZ,META,MGNI,MLCO,MNKD,MNST,MOMO,MRNA,MRVL,MSFT,MSTR,MTCH,MU,MVIS,NDAQ,NFLX,NKTR,NNDM,NTES,NTNX,NVAX,NVDA,NWL,NWSA,NXPI,OCGN,OKTA,ON,OPK,PAA,PACB,PAGP,PANW,PARA,PCAR,PDD,PENN,PEP,PLUG,PTEN,PTON,PYPL,QCOM,QUBT,QVCGA,RDFN,REAL,RIOT,ROKU,ROST,RUN,SABR,SAVA,SBUX,SFIX,SGMO,SIRI,SLM,SMCI,SNDL,SONO,STNE,STX,TCOM,TGTX,TIGR,TLRY,TMUS,TRIP,TSCO,TSLA,TTD,TXN,UAL,UNIT,VERU,VKTX,VLY,VOD,VTRS,VXRT,WBA,WBD,WDAY,WDC,WEN,WW,WYNN,XEL,XP,XRAY,XRX,Z,ZION,ZM,ZS
AAL,1.0,0.52,0.668,0.085,0.777,-0.603,-0.334,0.732,0.551,-0.391,0.723,0.557,0.475,-0.159,0.823,0.488,0.752,0.619,-0.257,-0.21,-0.487,0.713,0.417,0.552,0.691,0.4,0.462,0.797,0.582,0.504,-0.223,0.593,0.562,0.683,0.693,0.31,0.593,0.803,0.744,0.546,0.484,0.337,0.698,0.418,0.731,0.487,0.675,0.578,0.891,0.228,-0.331,0.558,0.695,-0.058,0.591,-0.203,-0.444,-0.167,0.626,0.687,-0.035,-0.124,0.606,-0.463,0.896,0.807,0.647,0.872,0.628,0.654,0.487,-0.24,0.049,0.619,-0.516,0.484,0.461,0.483,0.524,0.527,0.54,0.589,0.808,0.561,0.841,0.88,0.327,0.119,0.623,0.201,-0.132,0.64,0.929,0.31,0.537,0.453,0.704,0.715,0.74,0.9,0.398,0.486,0.687,0.507,0.69,-0.055,0.638,0.859,0.675,0.601,0.222,0.684,0.595,0.402,0.708,0.644,0.774,-0.162,0.321,-0.301,0.495,0.698,0.236,0.669,0.531,0.357,0.623,0.78,0.729,0.315,0.266,0.754,-0.026,0.814,0.513,0.76,0.664,0.592,0.578,0.524,0.765,0.701,0.701,0.778,-0.438,-0.069,0.636,0.284,0.687,-0.079,0.303,0.462,0.534,0.864,0.458,0.919,-0.283,0.826,0.033,0.018,0.755,0.664,0.585,0.653,0.446,0.662,0.782,0.861,0.609,0.595,0.484,0.659,0.85,-0.239,0.489,0.666,0.643,0.961,0.542,0.587,0.605,0.819,0.745,0.563,0.202,0.57,0.685,0.308,0.77,0.124,0.732,0.909,0.069,-0.012,0.633,0.841,0.574,0.835,-0.459,-0.147
AAPL,0.52,1.0,0.509,0.49,0.779,-0.375,-0.208,0.593,0.427,-0.214,0.607,0.69,0.701,0.472,0.582,0.692,0.644,0.673,-0.262,-0.129,-0.555,0.791,0.679,0.614,0.627,0.612,0.188,0.595,0.286,0.169,-0.244,0.266,0.494,0.627,0.631,0.049,0.35,0.721,0.543,0.675,0.486,0.414,0.621,0.491,0.619,0.717,0.736,0.744,0.72,0.514,-0.122,0.489,0.565,0.282,0.641,0.315,-0.16,-0.016,0.677,0.72,-0.03,0.147,0.719,-0.252,0.663,0.462,0.642,0.516,0.671,0.721,0.153,-0.243,0.451,0.414,-0.325,0.61,0.102,0.721,0.733,0.745,0.561,0.625,0.536,0.238,0.688,0.51,0.139,0.423,0.718,0.431,0.082,0.642,0.621,0.488,0.561,0.369,0.492,0.767,0.659,0.664,0.132,0.173,0.646,0.611,0.787,0.596,0.267,0.609,0.546,0.756,0.385,0.45,0.77,0.789,0.534,0.747,0.57,0.11,0.368,0.211,0.787,0.421,0.286,0.536,0.569,0.588,0.546,0.626,0.688,0.165,0.573,0.771,0.303,0.561,0.627,0.583,0.457,0.375,0.491,0.464,0.748,0.755,0.512,0.446,-0.247,0.304,0.744,0.024,0.577,0.174,0.257,0.177,0.451,0.611,0.385,0.587,0.083,0.762,0.15,0.428,0.716,0.687,0.699,0.489,0.223,0.728,0.762,0.679,0.564,0.291,0.458,0.721,0.553,-0.084,0.233,0.649,0.809,0.584,0.382,0.368,0.676,0.548,0.603,0.252,0.072,0.538,0.407,0.559,0.663,0.409,0.652,0.606,0.37,-0.072,0.369,0.696,0.678,0.536,-0.332,0.08
ABUS,0.668,0.509,1.0,-0.104,0.697,-0.521,-0.3,0.687,0.437,-0.5,0.654,0.383,0.415,-0.279,0.71,0.294,0.705,0.614,-0.439,-0.224,-0.584,0.492,0.572,0.637,0.638,0.438,0.388,0.706,0.501,0.452,-0.579,0.702,0.744,0.646,0.604,0.257,0.738,0.749,0.712,0.41,0.615,0.145,0.536,0.31,0.746,0.39,0.59,0.638,0.669,0.118,-0.537,0.47,0.457,-0.185,0.624,-0.287,-0.324,-0.252,0.483,0.388,0.044,-0.282,0.43,-0.472,0.757,0.709,0.541,0.716,0.57,0.633,0.399,-0.529,-0.088,0.69,-0.491,0.744,0.29,0.492,0.444,0.437,0.431,0.546,0.669,0.468,0.756,0.764,0.194,0.181,0.443,-0.029,0.029,0.696,0.716,0.37,0.573,0.286,0.766,0.641,0.697,0.767,0.347,0.343,0.588,0.54,0.658,-0.179,0.42,0.653,0.791,0.535,0.489,0.904,0.484,0.215,0.631,0.512,0.854,-0.138,0.085,-0.346,0.345,0.514,0.131,0.567,0.524,0.133,0.559,0.771,0.585,0.242,0.249,0.725,0.149,0.75,0.676,0.674,0.756,0.564,0.25,0.728,0.501,0.705,0.807,0.741,-0.529,-0.145,0.604,0.218,0.736,-0.153,-0.041,0.431,0.437,0.724,0.231,0.8,-0.283,0.718,-0.075,0.034,0.65,0.635,0.594,0.375,0.38,0.622,0.665,0.693,0.506,0.606,0.197,0.677,0.789,-0.35,0.292,0.567,0.49,0.751,0.379,0.683,0.517,0.779,0.817,0.54,0.284,0.643,0.678,0.285,0.683,0.25,0.695,0.699,0.098,-0.515,0.556,0.745,0.488,0.737,-0.553,-0.281
ADBE,0.085,0.49,-0.104,1.0,0.306,0.154,0.154,0.052,0.001,0.471,0.153,0.452,0.397,0.788,0.068,0.526,0.01,0.321,0.481,0.339,-0.186,0.49,0.356,0.224,-0.058,0.346,0.074,-0.003,0.053,-0.101,0.49,-0.128,-0.064,0.212,0.079,-0.086,-0.185,0.099,0.126,0.521,0.12,0.629,0.16,0.512,0.041,0.342,0.206,0.124,0.216,0.716,0.548,0.164,0.438,0.752,0.3,0.51,0.263,0.302,0.236,0.547,-0.311,0.528,0.409,0.342,0.091,-0.109,0.297,-0.006,0.043,0.238,-0.141,0.046,0.481,-0.04,0.363,0.16,-0.023,0.272,0.403,0.395,0.261,-0.055,-0.049,-0.044,0.156,0.006,0.193,0.253,0.425,0.7,0.112,0.014,0.013,0.66,0.276,0.333,0.018,0.17,0.152,0.08,-0.036,0.014,0.154,0.355,0.274,0.842,0.106,0.057,-0.061,0.41,-0.091,-0.105,0.29,0.762,-0.004,0.389,0.044,0.075,0.711,0.591,0.42,-0.009,0.581,0.09,0.497,0.861,0.097,0.052,0.179,-0.028,0.573,0.213,0.116,0.022,-0.027,0.041,0.024,-0.02,0.413,0.051,0.357,0.235,0.016,-0.043,0.416,0.567,0.301,-0.127,0.041,0.637,0.582,-0.086,0.169,0.064,0.259,0.021,0.551,0.153,0.121,0.556,0.18,0.203,0.361,0.208,-0.0,0.175,0.188,0.185,0.3,-0.092,0.321,0.158,0.013,0.574,0.095,0.203,0.409,0.02,0.193,-0.15,0.249,-0.075,-0.02,-0.066,0.009,0.102,-0.117,0.416,0.007,0.109,-0.004,0.043,0.339,0.562,-0.04,0.097,0.432,-0.061,0.354,0.658
ADI,0.777,0.779,0.697,0.306,1.0,-0.532,-0.265,0.753,0.498,-0.369,0.797,0.67,0.744,0.042,0.819,0.662,0.804,0.827,-0.233,-0.318,-0.686,0.874,0.723,0.753,0.788,0.622,0.376,0.816,0.499,0.349,-0.383,0.506,0.55,0.789,0.856,0.183,0.493,0.845,0.732,0.679,0.507,0.462,0.821,0.474,0.725,0.711,0.856,0.704,0.913,0.415,-0.392,0.554,0.685,0.077,0.75,-0.074,-0.341,-0.26,0.779,0.734,-0.196,-0.103,0.842,-0.359,0.899,0.723,0.765,0.831,0.721,0.832,0.387,-0.309,0.03,0.601,-0.394,0.635,0.278,0.633,0.782,0.778,0.634,0.529,0.827,0.467,0.929,0.792,0.318,0.25,0.725,0.465,0.107,0.862,0.838,0.502,0.616,0.484,0.65,0.89,0.851,0.897,0.231,0.328,0.815,0.691,0.865,0.221,0.514,0.794,0.714,0.777,0.274,0.638,0.732,0.691,0.655,0.869,0.755,-0.277,0.471,-0.084,0.712,0.612,0.334,0.592,0.52,0.517,0.707,0.816,0.856,0.212,0.447,0.867,0.024,0.784,0.644,0.797,0.638,0.596,0.634,0.563,0.805,0.834,0.741,0.682,-0.386,0.051,0.84,0.041,0.745,0.028,0.306,0.309,0.587,0.802,0.428,0.846,0.013,0.863,-0.001,0.343,0.825,0.847,0.801,0.71,0.336,0.754,0.9,0.862,0.644,0.452,0.631,0.879,0.799,-0.156,0.329,0.822,0.882,0.819,0.368,0.508,0.728,0.813,0.788,0.516,0.04,0.734,0.644,0.44,0.692,0.312,0.729,0.851,0.271,-0.107,0.658,0.906,0.83,0.821,-0.561,-0.122
ADMA,-0.603,-0.375,-0.521,0.154,-0.532,1.0,0.396,-0.551,-0.423,0.697,-0.609,-0.41,-0.404,0.332,-0.529,-0.313,-0.63,-0.49,0.335,0.537,0.43,-0.487,-0.398,-0.358,-0.638,-0.377,-0.357,-0.631,-0.353,-0.403,0.563,-0.5,-0.536,-0.635,-0.527,-0.274,-0.445,-0.627,-0.528,-0.21,-0.18,-0.206,-0.472,-0.181,-0.607,-0.412,-0.621,-0.573,-0.545,0.061,0.419,-0.569,-0.314,0.365,-0.363,0.286,0.794,0.388,-0.588,-0.397,-0.027,0.369,-0.328,0.66,-0.624,-0.525,-0.439,-0.585,-0.617,-0.584,-0.36,0.153,0.159,-0.54,0.79,-0.248,-0.329,-0.306,-0.468,-0.48,-0.38,-0.47,-0.604,-0.433,-0.609,-0.62,-0.195,0.169,-0.303,-0.003,0.023,-0.485,-0.643,-0.141,-0.452,-0.139,-0.459,-0.595,-0.631,-0.595,-0.279,-0.253,-0.56,-0.401,-0.554,0.168,-0.42,-0.62,-0.576,-0.432,-0.201,-0.584,-0.463,-0.19,-0.535,-0.49,-0.581,0.226,-0.104,0.427,-0.351,-0.589,-0.115,-0.518,-0.143,-0.038,-0.482,-0.626,-0.476,-0.331,-0.141,-0.612,0.183,-0.591,-0.579,-0.581,-0.599,-0.297,-0.25,-0.536,-0.516,-0.471,-0.653,-0.629,0.678,0.182,-0.559,-0.158,-0.489,0.461,-0.093,-0.4,-0.328,-0.632,-0.263,-0.619,0.208,-0.63,-0.181,0.048,-0.563,-0.656,-0.535,-0.391,-0.436,-0.625,-0.594,-0.633,-0.487,-0.528,-0.263,-0.452,-0.661,0.539,-0.388,-0.483,-0.503,-0.63,-0.326,-0.585,-0.578,-0.618,-0.655,-0.542,-0.005,-0.499,-0.575,-0.273,-0.629,-0.012,-0.572,-0.644,0.006,0.31,-0.501,-0.57,-0.362,-0.62,0.613,0.435
AEP,-0.334,-0.208,-0.3,0.154,-0.265,0.396,1.0,-0.621,-0.609,0.445,-0.496,-0.429,0.16,0.165,-0.582,-0.303,-0.544,-0.242,0.58,0.014,0.197,-0.38,0.058,-0.371,-0.411,0.201,-0.588,-0.386,-0.501,-0.539,0.247,-0.53,-0.645,-0.246,-0.328,-0.63,-0.535,-0.437,-0.512,-0.346,-0.402,0.295,-0.332,-0.496,-0.542,-0.204,-0.439,-0.349,-0.425,0.052,0.241,-0.638,-0.05,-0.111,-0.503,0.44,0.155,0.005,-0.521,-0.301,-0.11,-0.094,-0.118,0.742,-0.332,-0.559,-0.214,-0.264,-0.578,-0.338,-0.538,0.114,-0.051,-0.543,0.596,-0.156,-0.46,-0.244,-0.224,-0.266,-0.118,-0.493,-0.416,-0.521,-0.345,-0.467,-0.225,-0.336,-0.12,0.267,0.629,-0.504,-0.354,-0.177,-0.398,-0.289,-0.579,-0.421,-0.458,-0.337,-0.549,-0.566,-0.277,-0.163,-0.294,0.249,-0.548,-0.474,-0.508,-0.264,-0.071,-0.497,-0.424,0.062,-0.598,-0.209,-0.484,0.013,0.338,0.117,-0.142,-0.385,-0.156,-0.531,-0.078,0.116,-0.448,-0.509,-0.479,-0.325,-0.324,-0.341,-0.213,-0.441,-0.241,-0.4,-0.585,-0.575,0.088,-0.556,-0.512,-0.301,-0.489,-0.48,0.221,-0.002,-0.326,-0.275,-0.475,-0.044,0.348,-0.632,-0.552,-0.288,-0.526,-0.441,0.541,-0.49,0.129,0.473,-0.606,-0.37,-0.382,0.043,-0.602,-0.511,-0.473,-0.202,-0.525,-0.549,0.089,-0.437,-0.464,0.46,-0.605,-0.49,-0.304,-0.363,-0.566,-0.664,-0.388,-0.461,-0.493,-0.533,-0.606,0.009,-0.448,0.074,-0.478,0.185,-0.45,-0.374,0.642,0.278,-0.082,-0.449,-0.329,-0.375,0.282,0.051
AGNC,0.732,0.593,0.687,0.052,0.753,-0.551,-0.621,1.0,0.677,-0.459,0.714,0.586,0.447,-0.118,0.908,0.462,0.855,0.728,-0.567,-0.15,-0.491,0.737,0.443,0.721,0.719,0.291,0.543,0.801,0.632,0.565,-0.367,0.645,0.691,0.621,0.64,0.4,0.705,0.841,0.726,0.603,0.695,0.08,0.58,0.534,0.816,0.514,0.795,0.675,0.792,0.109,-0.478,0.645,0.447,0.074,0.717,-0.301,-0.32,-0.085,0.707,0.602,0.077,-0.033,0.565,-0.671,0.79,0.856,0.655,0.747,0.723,0.798,0.577,-0.356,0.082,0.716,-0.642,0.697,0.431,0.711,0.585,0.564,0.444,0.762,0.848,0.592,0.818,0.814,0.306,0.419,0.487,0.088,-0.321,0.781,0.777,0.324,0.609,0.525,0.824,0.753,0.826,0.785,0.505,0.526,0.646,0.532,0.816,-0.064,0.594,0.756,0.735,0.597,0.316,0.733,0.635,0.334,0.766,0.567,0.774,-0.047,0.007,-0.179,0.444,0.605,0.224,0.687,0.435,0.196,0.653,0.828,0.755,0.391,0.455,0.752,0.355,0.865,0.572,0.826,0.721,0.662,0.377,0.637,0.761,0.823,0.719,0.798,-0.397,0.014,0.632,0.268,0.755,0.021,-0.126,0.584,0.591,0.763,0.433,0.808,-0.398,0.857,-0.126,-0.038,0.911,0.75,0.721,0.303,0.552,0.814,0.821,0.671,0.729,0.64,0.152,0.715,0.845,-0.32,0.544,0.671,0.645,0.778,0.588,0.719,0.67,0.903,0.864,0.613,0.413,0.546,0.727,0.237,0.764,0.158,0.823,0.744,-0.104,-0.241,0.488,0.85,0.587,0.809,-0.463,-0.115
AKBA,0.551,0.427,0.437,0.001,0.498,-0.423,-0.609,0.677,1.0,-0.508,0.55,0.754,0.162,-0.082,0.658,0.417,0.768,0.502,-0.595,-0.078,-0.387,0.562,0.34,0.583,0.63,0.151,0.571,0.544,0.627,0.645,-0.324,0.621,0.564,0.509,0.435,0.451,0.593,0.577,0.589,0.48,0.538,-0.066,0.435,0.508,0.658,0.413,0.609,0.603,0.65,0.152,-0.338,0.711,0.387,0.083,0.527,-0.03,-0.207,-0.031,0.685,0.616,-0.034,0.13,0.363,-0.582,0.53,0.712,0.527,0.444,0.61,0.646,0.472,-0.244,0.226,0.579,-0.644,0.306,0.577,0.533,0.381,0.383,0.305,0.645,0.528,0.652,0.512,0.575,0.348,0.492,0.546,0.041,-0.412,0.578,0.612,0.125,0.618,0.401,0.668,0.561,0.6,0.552,0.668,0.634,0.54,0.366,0.535,-0.061,0.58,0.591,0.551,0.496,0.163,0.555,0.537,0.28,0.723,0.518,0.604,0.162,-0.018,-0.206,0.423,0.617,0.245,0.634,0.26,0.039,0.505,0.552,0.674,0.454,0.443,0.469,0.261,0.591,0.331,0.612,0.613,0.638,0.31,0.461,0.688,0.585,0.525,0.624,-0.377,0.073,0.486,0.413,0.642,-0.085,-0.212,0.667,0.574,0.543,0.52,0.599,-0.374,0.648,-0.046,-0.179,0.66,0.572,0.547,0.145,0.654,0.661,0.679,0.431,0.621,0.63,0.056,0.551,0.527,-0.269,0.645,0.544,0.514,0.56,0.575,0.569,0.555,0.56,0.625,0.602,0.369,0.293,0.665,0.139,0.669,0.08,0.714,0.526,-0.199,-0.215,0.387,0.621,0.423,0.546,-0.439,-0.056
ALT,-0.391,-0.214,-0.5,0.471,-0.369,0.697,0.445,-0.459,-0.508,1.0,-0.5,-0.287,-0.211,0.502,-0.448,-0.126,-0.569,-0.341,0.624,0.625,0.347,-0.244,-0.278,-0.276,-0.568,-0.233,-0.332,-0.501,-0.346,-0.408,0.785,-0.51,-0.502,-0.492,-0.513,-0.258,-0.476,-0.483,-0.449,0.027,-0.096,0.188,-0.417,0.086,-0.487,-0.265,-0.449,-0.461,-0.392,0.214,0.572,-0.493,-0.117,0.607,-0.257,0.314,0.543,0.397,-0.47,-0.156,-0.167,0.554,-0.221,0.565,-0.459,-0.501,-0.278,-0.448,-0.594,-0.434,-0.387,0.277,0.128,-0.553,0.769,-0.219,-0.289,-0.292,-0.292,-0.286,-0.298,-0.51,-0.517,-0.419,-0.424,-0.516,-0.111,0.124,-0.185,0.234,0.097,-0.553,-0.485,0.206,-0.306,0.087,-0.434,-0.478,-0.549,-0.443,-0.35,-0.2,-0.499,-0.324,-0.389,0.396,-0.349,-0.502,-0.547,-0.243,-0.283,-0.55,-0.35,0.07,-0.508,-0.37,-0.502,0.071,0.269,0.688,-0.182,-0.549,0.125,-0.453,0.099,0.309,-0.382,-0.497,-0.38,-0.331,0.025,-0.459,0.094,-0.464,-0.496,-0.518,-0.554,-0.4,-0.004,-0.426,-0.285,-0.341,-0.519,-0.551,0.824,0.36,-0.397,-0.246,-0.442,0.655,0.264,-0.442,-0.301,-0.481,-0.2,-0.479,0.352,-0.499,-0.006,0.097,-0.414,-0.533,-0.43,-0.227,-0.404,-0.522,-0.45,-0.403,-0.416,-0.532,-0.145,-0.469,-0.5,0.799,-0.335,-0.474,-0.305,-0.466,-0.248,-0.516,-0.425,-0.499,-0.55,-0.496,0.069,-0.405,-0.591,-0.131,-0.554,-0.103,-0.502,-0.48,0.158,0.476,-0.442,-0.508,-0.213,-0.547,0.784,0.718
AMAT,0.723,0.607,0.654,0.153,0.797,-0.609,-0.496,0.714,0.55,-0.5,1.0,0.6,0.483,-0.104,0.83,0.715,0.766,0.69,-0.354,-0.277,-0.581,0.829,0.589,0.751,0.781,0.473,0.611,0.723,0.656,0.572,-0.44,0.636,0.697,0.815,0.801,0.368,0.66,0.799,0.854,0.627,0.501,0.357,0.773,0.497,0.721,0.591,0.782,0.62,0.827,0.347,-0.387,0.762,0.657,0.057,0.712,-0.272,-0.404,-0.262,0.827,0.628,-0.143,-0.141,0.668,-0.48,0.796,0.744,0.76,0.738,0.755,0.735,0.557,-0.302,-0.027,0.76,-0.553,0.546,0.501,0.551,0.689,0.672,0.615,0.498,0.729,0.627,0.832,0.767,0.42,0.175,0.515,0.282,-0.203,0.777,0.714,0.486,0.603,0.496,0.673,0.87,0.804,0.793,0.453,0.417,0.792,0.715,0.771,0.032,0.694,0.755,0.785,0.763,0.186,0.684,0.666,0.468,0.757,0.764,0.803,-0.248,0.296,-0.19,0.516,0.731,0.457,0.733,0.434,0.393,0.727,0.761,0.761,0.325,0.514,0.829,-0.041,0.783,0.575,0.824,0.713,0.705,0.464,0.743,0.792,0.725,0.79,0.771,-0.448,0.113,0.875,0.155,0.824,0.043,0.113,0.516,0.677,0.789,0.621,0.814,-0.164,0.733,-0.15,0.174,0.821,0.8,0.812,0.514,0.585,0.746,0.783,0.724,0.786,0.659,0.49,0.857,0.77,-0.295,0.575,0.779,0.724,0.749,0.51,0.652,0.666,0.711,0.687,0.638,0.266,0.502,0.806,0.423,0.694,0.191,0.686,0.791,0.012,-0.196,0.586,0.794,0.727,0.747,-0.588,-0.172
AMD,0.557,0.69,0.383,0.452,0.67,-0.41,-0.429,0.586,0.754,-0.287,0.6,1.0,0.408,0.304,0.572,0.672,0.697,0.628,-0.258,-0.04,-0.501,0.766,0.503,0.656,0.621,0.431,0.523,0.515,0.54,0.464,-0.151,0.494,0.528,0.585,0.561,0.329,0.432,0.576,0.601,0.663,0.473,0.33,0.6,0.629,0.647,0.632,0.687,0.68,0.739,0.453,-0.053,0.682,0.575,0.332,0.632,0.186,-0.199,-0.062,0.783,0.876,-0.189,0.259,0.575,-0.42,0.571,0.547,0.621,0.405,0.627,0.721,0.237,-0.181,0.348,0.526,-0.444,0.346,0.441,0.524,0.605,0.612,0.544,0.456,0.448,0.511,0.563,0.488,0.372,0.453,0.71,0.402,-0.164,0.613,0.588,0.532,0.626,0.462,0.554,0.66,0.642,0.599,0.443,0.516,0.668,0.552,0.613,0.383,0.566,0.595,0.51,0.677,0.189,0.499,0.71,0.704,0.624,0.731,0.578,0.014,0.36,0.094,0.731,0.559,0.463,0.637,0.557,0.547,0.51,0.582,0.77,0.251,0.645,0.578,0.127,0.539,0.389,0.562,0.562,0.546,0.446,0.496,0.789,0.616,0.516,0.512,-0.207,0.308,0.654,0.242,0.584,0.222,0.156,0.445,0.639,0.539,0.566,0.579,-0.067,0.681,0.05,0.141,0.694,0.628,0.689,0.362,0.518,0.676,0.746,0.559,0.712,0.506,0.412,0.655,0.481,-0.04,0.504,0.702,0.771,0.536,0.471,0.44,0.658,0.462,0.582,0.444,0.256,0.335,0.508,0.463,0.594,0.098,0.599,0.54,0.093,-0.002,0.257,0.613,0.727,0.475,-0.31,0.165
AMGN,0.475,0.701,0.415,0.397,0.744,-0.404,0.16,0.447,0.162,-0.211,0.483,0.408,1.0,0.13,0.456,0.524,0.465,0.712,0.03,-0.432,-0.603,0.642,0.722,0.553,0.508,0.789,-0.034,0.585,0.09,-0.06,-0.367,0.072,0.263,0.621,0.577,-0.191,0.139,0.592,0.363,0.416,0.188,0.618,0.509,0.121,0.453,0.701,0.696,0.597,0.581,0.248,-0.243,0.211,0.566,-0.049,0.464,0.183,-0.359,-0.291,0.451,0.53,-0.219,-0.214,0.809,0.013,0.643,0.333,0.655,0.633,0.491,0.69,0.142,-0.327,0.015,0.251,-0.156,0.576,-0.11,0.683,0.758,0.757,0.493,0.325,0.61,0.055,0.681,0.446,0.137,0.037,0.664,0.589,0.424,0.546,0.591,0.353,0.362,0.313,0.272,0.646,0.662,0.617,-0.16,-0.182,0.611,0.599,0.75,0.416,0.098,0.517,0.433,0.627,0.215,0.275,0.499,0.73,0.301,0.658,0.348,-0.264,0.548,-0.013,0.625,0.322,0.201,0.242,0.329,0.54,0.463,0.516,0.509,0.04,0.189,0.664,-0.064,0.499,0.52,0.588,0.224,0.131,0.67,0.316,0.516,0.689,0.406,0.37,-0.391,-0.041,0.607,-0.277,0.323,-0.044,0.4,-0.102,0.106,0.601,0.064,0.504,0.407,0.592,0.063,0.658,0.506,0.687,0.645,0.612,-0.017,0.531,0.643,0.695,0.453,0.053,0.52,0.527,0.526,-0.06,-0.035,0.44,0.722,0.537,0.066,0.173,0.659,0.537,0.514,0.176,-0.308,0.749,0.317,0.526,0.386,0.365,0.463,0.592,0.64,0.045,0.571,0.608,0.531,0.593,-0.445,-0.234
AMZN,-0.159,0.472,-0.279,0.788,0.042,0.332,0.165,-0.118,-0.082,0.502,-0.104,0.304,0.13,1.0,-0.136,0.364,-0.142,0.041,0.261,0.38,0.127,0.247,0.09,-0.004,-0.159,0.087,-0.138,-0.201,-0.154,-0.231,0.543,-0.275,-0.19,-0.069,-0.111,-0.146,-0.3,-0.034,-0.127,0.349,0.041,0.282,-0.043,0.347,-0.132,0.166,-0.005,0.032,0.003,0.626,0.617,-0.031,0.153,0.758,0.064,0.669,0.456,0.498,0.085,0.32,0.007,0.674,0.115,0.309,-0.141,-0.281,0.015,-0.295,-0.053,0.042,-0.336,0.217,0.732,-0.282,0.343,0.022,-0.145,0.147,0.162,0.172,0.063,0.049,-0.283,-0.214,-0.101,-0.245,-0.069,0.335,0.258,0.465,0.031,-0.167,-0.174,0.387,0.028,0.079,-0.151,0.023,-0.127,-0.133,-0.101,-0.042,-0.066,0.081,0.049,0.898,-0.147,-0.107,-0.239,0.21,-0.024,-0.28,0.237,0.572,-0.141,0.222,-0.147,0.455,0.338,0.717,0.346,-0.201,0.354,-0.032,0.337,0.577,-0.079,-0.186,0.008,-0.157,0.517,0.051,0.375,-0.23,-0.09,-0.203,-0.181,-0.164,0.102,-0.194,0.206,-0.003,-0.258,-0.308,0.534,0.731,0.083,-0.013,-0.091,0.612,0.318,-0.199,0.061,-0.19,0.18,-0.206,0.363,0.013,0.256,0.44,0.026,-0.061,0.095,-0.031,-0.172,0.056,0.011,-0.066,0.052,-0.267,0.107,-0.009,-0.269,0.522,-0.056,0.02,0.2,-0.197,0.073,-0.301,0.054,-0.3,-0.213,-0.365,0.018,-0.202,-0.309,0.264,-0.0,0.129,-0.071,-0.179,0.199,0.436,-0.318,-0.097,0.189,-0.293,0.504,0.694
APA,0.823,0.582,0.71,0.068,0.819,-0.529,-0.582,0.908,0.658,-0.448,0.83,0.572,0.456,-0.136,1.0,0.552,0.866,0.703,-0.502,-0.216,-0.557,0.796,0.478,0.77,0.784,0.331,0.583,0.871,0.696,0.599,-0.386,0.676,0.708,0.739,0.74,0.441,0.715,0.895,0.811,0.673,0.665,0.167,0.675,0.569,0.796,0.581,0.82,0.636,0.872,0.201,-0.478,0.651,0.592,0.075,0.744,-0.343,-0.321,-0.134,0.76,0.629,-0.061,-0.047,0.646,-0.613,0.878,0.919,0.726,0.842,0.745,0.762,0.681,-0.331,-0.002,0.704,-0.557,0.631,0.504,0.66,0.64,0.638,0.465,0.66,0.898,0.667,0.892,0.897,0.416,0.343,0.562,0.182,-0.271,0.804,0.853,0.361,0.611,0.582,0.804,0.829,0.868,0.875,0.526,0.516,0.702,0.614,0.82,-0.067,0.666,0.853,0.801,0.654,0.233,0.734,0.645,0.389,0.795,0.681,0.819,-0.159,0.117,-0.186,0.464,0.659,0.326,0.711,0.442,0.25,0.766,0.834,0.847,0.306,0.435,0.831,0.161,0.879,0.524,0.854,0.737,0.738,0.482,0.657,0.811,0.817,0.789,0.832,-0.422,0.005,0.727,0.238,0.832,0.054,-0.013,0.592,0.64,0.82,0.551,0.905,-0.312,0.879,-0.168,0.022,0.908,0.811,0.763,0.434,0.552,0.773,0.857,0.747,0.719,0.644,0.3,0.794,0.834,-0.266,0.573,0.718,0.707,0.861,0.602,0.732,0.682,0.881,0.814,0.663,0.408,0.547,0.792,0.24,0.781,0.191,0.82,0.869,-0.053,-0.182,0.6,0.913,0.631,0.892,-0.531,-0.151
APPS,0.488,0.692,0.294,0.526,0.662,-0.313,-0.303,0.462,0.417,-0.126,0.715,0.672,0.524,0.364,0.552,1.0,0.496,0.619,-0.049,-0.111,-0.516,0.801,0.553,0.623,0.611,0.529,0.41,0.544,0.527,0.395,-0.094,0.417,0.429,0.604,0.604,0.277,0.357,0.581,0.589,0.756,0.386,0.597,0.646,0.603,0.447,0.721,0.667,0.521,0.662,0.588,-0.016,0.585,0.699,0.403,0.592,0.016,-0.155,-0.102,0.694,0.657,-0.377,0.235,0.682,-0.151,0.527,0.415,0.707,0.456,0.689,0.62,0.284,-0.152,0.323,0.442,-0.179,0.367,0.383,0.486,0.773,0.771,0.522,0.409,0.436,0.489,0.645,0.449,0.481,0.222,0.616,0.571,-0.0,0.54,0.497,0.619,0.566,0.622,0.395,0.753,0.545,0.545,0.347,0.365,0.67,0.657,0.615,0.539,0.528,0.537,0.457,0.779,-0.066,0.377,0.65,0.704,0.552,0.724,0.546,-0.077,0.577,0.288,0.646,0.508,0.574,0.597,0.477,0.677,0.701,0.491,0.665,0.151,0.595,0.687,0.039,0.515,0.331,0.601,0.481,0.544,0.536,0.503,0.743,0.561,0.496,0.445,-0.088,0.38,0.724,0.051,0.6,0.361,0.366,0.341,0.572,0.534,0.631,0.532,0.106,0.557,0.003,0.332,0.636,0.597,0.679,0.444,0.383,0.73,0.666,0.524,0.725,0.36,0.551,0.668,0.438,0.128,0.517,0.67,0.759,0.464,0.464,0.401,0.734,0.393,0.386,0.406,0.186,0.396,0.502,0.468,0.462,0.086,0.571,0.517,0.178,0.102,0.321,0.562,0.759,0.407,-0.279,0.149
ARCC,0.752,0.644,0.705,0.01,0.804,-0.63,-0.544,0.855,0.768,-0.569,0.766,0.697,0.465,-0.142,0.866,0.496,1.0,0.697,-0.546,-0.265,-0.638,0.763,0.53,0.735,0.837,0.436,0.496,0.845,0.578,0.522,-0.504,0.65,0.675,0.701,0.691,0.345,0.636,0.837,0.747,0.594,0.652,0.167,0.645,0.46,0.838,0.642,0.859,0.798,0.869,0.119,-0.521,0.687,0.496,-0.043,0.671,-0.128,-0.431,-0.254,0.827,0.658,-0.069,-0.101,0.614,-0.68,0.819,0.874,0.68,0.752,0.77,0.769,0.52,-0.272,0.041,0.66,-0.683,0.575,0.409,0.687,0.613,0.633,0.48,0.677,0.822,0.595,0.836,0.781,0.343,0.378,0.644,0.149,-0.198,0.793,0.847,0.263,0.633,0.496,0.778,0.828,0.811,0.831,0.456,0.528,0.69,0.512,0.798,-0.049,0.55,0.806,0.711,0.652,0.259,0.727,0.625,0.478,0.86,0.685,0.808,-0.143,0.091,-0.24,0.574,0.649,0.18,0.676,0.398,0.202,0.704,0.814,0.861,0.327,0.38,0.729,0.159,0.835,0.546,0.842,0.728,0.69,0.476,0.586,0.789,0.839,0.72,0.786,-0.53,-0.067,0.722,0.196,0.763,-0.112,-0.069,0.54,0.552,0.79,0.429,0.85,-0.353,0.909,-0.046,-0.018,0.847,0.856,0.71,0.392,0.534,0.789,0.896,0.731,0.681,0.608,0.274,0.755,0.777,-0.351,0.515,0.686,0.781,0.819,0.557,0.659,0.71,0.826,0.893,0.616,0.258,0.56,0.742,0.274,0.823,0.143,0.828,0.804,0.017,-0.288,0.567,0.885,0.583,0.802,-0.62,-0.235
ARDX,0.619,0.673,0.614,0.321,0.827,-0.49,-0.242,0.728,0.502,-0.341,0.69,0.628,0.712,0.041,0.703,0.619,0.697,1.0,-0.167,-0.286,-0.65,0.747,0.775,0.726,0.708,0.589,0.336,0.704,0.529,0.393,-0.378,0.454,0.517,0.681,0.676,0.167,0.528,0.687,0.68,0.544,0.42,0.474,0.618,0.382,0.62,0.735,0.837,0.65,0.754,0.312,-0.33,0.469,0.685,0.082,0.681,-0.119,-0.316,-0.366,0.653,0.673,-0.277,-0.145,0.755,-0.278,0.735,0.589,0.784,0.714,0.592,0.881,0.326,-0.452,-0.032,0.53,-0.376,0.615,0.334,0.639,0.78,0.732,0.47,0.485,0.722,0.466,0.786,0.642,0.362,0.216,0.663,0.515,0.156,0.729,0.671,0.472,0.538,0.53,0.514,0.737,0.748,0.697,0.243,0.256,0.718,0.66,0.756,0.249,0.453,0.67,0.626,0.706,0.214,0.536,0.573,0.623,0.508,0.804,0.616,-0.231,0.419,-0.045,0.619,0.54,0.4,0.584,0.483,0.451,0.651,0.7,0.696,0.199,0.43,0.747,0.042,0.752,0.521,0.72,0.521,0.497,0.587,0.556,0.654,0.721,0.666,0.63,-0.371,0.047,0.752,0.061,0.649,0.064,0.271,0.273,0.44,0.689,0.33,0.677,0.056,0.685,-0.042,0.395,0.756,0.737,0.768,0.52,0.312,0.719,0.798,0.721,0.678,0.408,0.45,0.703,0.744,-0.106,0.302,0.637,0.758,0.636,0.269,0.468,0.725,0.737,0.712,0.466,0.051,0.691,0.589,0.445,0.573,0.185,0.718,0.669,0.337,-0.149,0.601,0.714,0.707,0.653,-0.514,-0.152
ATER,-0.257,-0.262,-0.439,0.481,-0.233,0.335,0.58,-0.567,-0.595,0.624,-0.354,-0.258,0.03,0.261,-0.502,-0.049,-0.546,-0.167,1.0,0.244,0.151,-0.209,-0.068,-0.387,-0.525,0.022,-0.318,-0.435,-0.372,-0.444,0.565,-0.461,-0.515,-0.261,-0.31,-0.244,-0.561,-0.516,-0.353,-0.186,-0.483,0.496,-0.21,-0.143,-0.505,-0.154,-0.353,-0.436,-0.319,0.259,0.585,-0.479,0.084,0.222,-0.283,0.241,0.18,0.051,-0.405,-0.094,-0.403,0.156,-0.04,0.647,-0.352,-0.571,-0.259,-0.254,-0.533,-0.381,-0.358,0.272,-0.098,-0.474,0.676,-0.397,-0.265,-0.413,-0.178,-0.163,-0.123,-0.634,-0.412,-0.413,-0.324,-0.402,-0.076,-0.366,-0.054,0.454,0.378,-0.493,-0.38,0.196,-0.314,-0.081,-0.542,-0.43,-0.432,-0.38,-0.491,-0.308,-0.346,-0.182,-0.392,0.324,-0.231,-0.395,-0.494,-0.207,-0.358,-0.491,-0.35,0.151,-0.567,-0.164,-0.451,-0.235,0.603,0.365,-0.146,-0.4,0.178,-0.486,0.015,0.415,-0.322,-0.398,-0.402,-0.31,-0.205,-0.37,-0.371,-0.441,-0.412,-0.492,-0.462,-0.449,0.172,-0.386,-0.344,-0.422,-0.371,-0.449,0.508,0.076,-0.256,-0.353,-0.493,0.274,0.707,-0.554,-0.33,-0.382,-0.169,-0.406,0.594,-0.485,0.194,0.313,-0.475,-0.374,-0.329,0.146,-0.429,-0.511,-0.38,-0.176,-0.357,-0.486,0.257,-0.432,-0.351,0.58,-0.382,-0.319,-0.189,-0.349,-0.374,-0.556,-0.323,-0.459,-0.479,-0.404,-0.34,-0.144,-0.56,-0.072,-0.527,-0.168,-0.54,-0.318,0.345,0.606,-0.167,-0.431,-0.075,-0.447,0.486,0.361
ATOS,-0.21,-0.129,-0.224,0.339,-0.318,0.537,0.014,-0.15,-0.078,0.625,-0.277,-0.04,-0.432,0.38,-0.216,-0.111,-0.265,-0.286,0.244,1.0,0.324,-0.134,-0.319,-0.151,-0.401,-0.319,0.041,-0.378,-0.059,-0.09,0.639,-0.152,-0.121,-0.351,-0.436,-0.013,-0.135,-0.282,-0.057,0.143,0.256,-0.046,-0.328,0.253,-0.071,-0.284,-0.327,-0.256,-0.219,0.259,0.401,-0.065,-0.116,0.545,-0.083,0.232,0.452,0.58,-0.275,0.048,0.063,0.56,-0.277,0.149,-0.315,-0.222,-0.208,-0.337,-0.325,-0.3,-0.157,0.122,0.357,-0.163,0.362,-0.065,-0.041,-0.129,-0.311,-0.305,-0.171,-0.141,-0.383,-0.162,-0.327,-0.249,-0.102,0.4,-0.121,-0.064,-0.244,-0.388,-0.311,0.243,-0.05,0.157,-0.025,-0.354,-0.389,-0.296,0.017,0.174,-0.384,-0.273,-0.244,0.202,-0.076,-0.285,-0.359,-0.15,-0.034,-0.147,-0.14,-0.049,-0.167,-0.339,-0.148,0.268,-0.0,0.44,-0.211,-0.304,0.04,-0.125,0.284,0.154,-0.242,-0.265,-0.208,-0.092,0.176,-0.343,0.412,-0.24,-0.352,-0.324,-0.13,-0.083,-0.098,-0.082,-0.111,-0.17,-0.272,-0.25,0.574,0.314,-0.3,0.074,-0.162,0.541,-0.027,-0.029,-0.06,-0.321,-0.01,-0.247,-0.13,-0.259,-0.105,-0.174,-0.141,-0.391,-0.296,-0.414,-0.012,-0.301,-0.275,-0.349,-0.127,-0.069,-0.326,-0.278,-0.243,0.544,-0.019,-0.309,-0.254,-0.244,0.143,-0.223,-0.361,-0.285,-0.22,-0.206,0.371,-0.345,-0.27,-0.134,-0.153,-0.088,-0.221,-0.355,-0.152,0.303,-0.353,-0.272,-0.189,-0.375,0.621,0.652
AUPH,-0.487,-0.555,-0.584,-0.186,-0.686,0.43,0.197,-0.491,-0.387,0.347,-0.581,-0.501,-0.603,0.127,-0.557,-0.516,-0.638,-0.65,0.151,0.324,1.0,-0.557,-0.661,-0.612,-0.65,-0.695,-0.243,-0.665,-0.352,-0.236,0.505,-0.383,-0.516,-0.622,-0.612,0.01,-0.397,-0.572,-0.578,-0.526,-0.461,-0.517,-0.611,-0.313,-0.576,-0.716,-0.68,-0.642,-0.623,-0.12,0.421,-0.497,-0.481,0.084,-0.587,0.126,0.402,0.415,-0.517,-0.517,0.598,0.26,-0.689,0.209,-0.611,-0.501,-0.665,-0.598,-0.603,-0.596,-0.324,0.411,0.184,-0.506,0.252,-0.478,-0.135,-0.594,-0.696,-0.705,-0.529,-0.256,-0.572,-0.358,-0.681,-0.521,-0.379,-0.124,-0.553,-0.372,-0.224,-0.66,-0.572,-0.374,-0.553,-0.476,-0.443,-0.621,-0.639,-0.613,-0.15,-0.157,-0.594,-0.636,-0.607,-0.135,-0.316,-0.573,-0.553,-0.5,-0.077,-0.522,-0.48,-0.529,-0.558,-0.559,-0.587,0.444,-0.418,0.091,-0.528,-0.471,-0.156,-0.422,-0.342,-0.428,-0.622,-0.613,-0.653,-0.167,-0.204,-0.639,0.185,-0.606,-0.298,-0.638,-0.528,-0.456,-0.489,-0.552,-0.499,-0.661,-0.561,-0.583,0.479,0.348,-0.677,0.189,-0.496,0.069,-0.215,-0.252,-0.263,-0.629,-0.204,-0.596,-0.112,-0.601,0.186,-0.234,-0.495,-0.701,-0.634,-0.481,-0.277,-0.576,-0.677,-0.616,-0.57,-0.332,-0.457,-0.643,-0.571,0.142,-0.287,-0.566,-0.681,-0.551,-0.316,-0.439,-0.698,-0.534,-0.601,-0.502,0.003,-0.655,-0.508,-0.48,-0.434,-0.119,-0.523,-0.589,-0.391,0.239,-0.519,-0.604,-0.582,-0.554,0.6,0.311
AVGO,0.713,0.791,0.492,0.49,0.874,-0.487,-0.38,0.737,0.562,-0.244,0.829,0.766,0.642,0.247,0.796,0.801,0.763,0.747,-0.209,-0.134,-0.557,1.0,0.589,0.747,0.724,0.562,0.532,0.727,0.59,0.455,-0.155,0.515,0.556,0.774,0.719,0.316,0.47,0.787,0.709,0.806,0.549,0.488,0.723,0.67,0.68,0.704,0.832,0.693,0.853,0.53,-0.175,0.668,0.693,0.334,0.755,0.039,-0.271,-0.059,0.871,0.818,-0.186,0.167,0.791,-0.399,0.767,0.666,0.802,0.677,0.73,0.781,0.43,-0.16,0.242,0.615,-0.378,0.552,0.41,0.669,0.783,0.779,0.627,0.537,0.694,0.527,0.821,0.673,0.432,0.365,0.69,0.484,-0.121,0.715,0.715,0.607,0.663,0.667,0.634,0.883,0.776,0.785,0.382,0.432,0.813,0.694,0.842,0.385,0.622,0.71,0.652,0.821,0.165,0.556,0.768,0.761,0.714,0.807,0.707,-0.134,0.504,0.122,0.686,0.659,0.526,0.678,0.582,0.643,0.696,0.747,0.849,0.271,0.629,0.781,0.111,0.73,0.509,0.8,0.623,0.628,0.633,0.573,0.89,0.815,0.651,0.646,-0.216,0.309,0.843,0.103,0.752,0.288,0.277,0.432,0.659,0.739,0.622,0.736,-0.041,0.81,-0.014,0.279,0.863,0.822,0.795,0.514,0.499,0.794,0.84,0.72,0.74,0.507,0.513,0.81,0.69,-0.022,0.517,0.765,0.903,0.71,0.545,0.538,0.747,0.69,0.699,0.544,0.261,0.531,0.656,0.506,0.66,0.21,0.693,0.735,0.146,0.087,0.464,0.791,0.815,0.687,-0.355,0.121
AZN,0.417,0.679,0.572,0.356,0.723,-0.398,0.058,0.443,0.34,-0.278,0.589,0.503,0.722,0.09,0.478,0.553,0.53,0.775,-0.068,-0.319,-0.661,0.589,1.0,0.617,0.594,0.748,0.186,0.56,0.415,0.304,-0.474,0.326,0.374,0.72,0.564,-0.014,0.433,0.545,0.534,0.462,0.311,0.525,0.519,0.305,0.412,0.66,0.616,0.568,0.567,0.375,-0.264,0.381,0.683,0.039,0.549,0.11,-0.273,-0.336,0.521,0.505,-0.319,-0.166,0.641,-0.001,0.578,0.406,0.708,0.517,0.454,0.705,0.105,-0.449,-0.018,0.435,-0.216,0.534,0.239,0.563,0.691,0.634,0.501,0.298,0.482,0.42,0.628,0.478,0.356,0.174,0.595,0.555,0.379,0.562,0.504,0.395,0.563,0.28,0.365,0.589,0.614,0.545,0.198,0.074,0.637,0.739,0.661,0.339,0.307,0.428,0.524,0.639,0.245,0.43,0.483,0.636,0.408,0.713,0.535,-0.138,0.507,-0.007,0.583,0.44,0.397,0.498,0.403,0.472,0.455,0.515,0.536,0.232,0.461,0.665,-0.032,0.601,0.526,0.576,0.426,0.311,0.473,0.468,0.471,0.639,0.602,0.543,-0.371,0.072,0.727,0.028,0.568,-0.059,0.317,0.202,0.334,0.607,0.217,0.512,0.294,0.506,0.048,0.539,0.487,0.676,0.705,0.495,0.207,0.574,0.608,0.622,0.489,0.344,0.479,0.618,0.515,-0.013,0.215,0.534,0.636,0.471,0.187,0.323,0.611,0.479,0.484,0.391,-0.146,0.717,0.491,0.518,0.457,0.334,0.568,0.51,0.598,-0.216,0.518,0.546,0.598,0.5,-0.506,-0.17
BCRX,0.552,0.614,0.637,0.224,0.753,-0.358,-0.371,0.721,0.583,-0.276,0.751,0.656,0.553,-0.004,0.77,0.623,0.735,0.726,-0.387,-0.151,-0.612,0.747,0.617,1.0,0.765,0.548,0.451,0.698,0.526,0.405,-0.426,0.526,0.666,0.735,0.636,0.197,0.586,0.723,0.679,0.711,0.633,0.298,0.571,0.52,0.696,0.642,0.79,0.642,0.732,0.28,-0.446,0.583,0.537,0.197,0.755,-0.184,-0.272,-0.303,0.715,0.637,-0.173,-0.058,0.675,-0.421,0.705,0.683,0.749,0.639,0.647,0.833,0.486,-0.453,-0.02,0.603,-0.371,0.714,0.295,0.661,0.698,0.689,0.536,0.426,0.664,0.51,0.762,0.609,0.446,0.404,0.583,0.328,-0.052,0.751,0.646,0.541,0.612,0.586,0.652,0.758,0.766,0.708,0.372,0.349,0.647,0.724,0.788,0.148,0.45,0.621,0.721,0.748,0.309,0.609,0.512,0.555,0.643,0.702,0.667,-0.279,0.233,0.002,0.559,0.505,0.397,0.548,0.495,0.389,0.679,0.682,0.766,0.167,0.497,0.709,0.154,0.711,0.488,0.763,0.589,0.584,0.428,0.676,0.693,0.797,0.69,0.654,-0.338,0.142,0.785,0.006,0.732,0.24,-0.069,0.424,0.508,0.644,0.459,0.709,-0.079,0.697,-0.281,0.268,0.771,0.75,0.752,0.307,0.423,0.665,0.76,0.62,0.745,0.471,0.279,0.762,0.613,-0.057,0.402,0.595,0.693,0.622,0.36,0.56,0.698,0.679,0.65,0.517,0.336,0.546,0.641,0.434,0.505,0.231,0.608,0.637,0.211,-0.277,0.452,0.733,0.637,0.695,-0.501,-0.086
BGC,0.691,0.627,0.638,-0.058,0.788,-0.638,-0.411,0.719,0.63,-0.568,0.781,0.621,0.508,-0.159,0.784,0.611,0.837,0.708,-0.525,-0.401,-0.65,0.724,0.594,0.765,1.0,0.558,0.487,0.841,0.584,0.533,-0.603,0.607,0.615,0.754,0.735,0.234,0.614,0.802,0.709,0.559,0.486,0.259,0.681,0.376,0.708,0.7,0.825,0.714,0.808,0.152,-0.613,0.633,0.511,-0.124,0.582,-0.291,-0.498,-0.422,0.772,0.571,-0.165,-0.223,0.607,-0.575,0.798,0.78,0.728,0.727,0.821,0.81,0.41,-0.324,-0.046,0.665,-0.646,0.504,0.437,0.577,0.736,0.724,0.551,0.588,0.762,0.621,0.819,0.711,0.38,0.179,0.54,0.216,0.001,0.786,0.796,0.247,0.539,0.492,0.57,0.86,0.732,0.801,0.389,0.393,0.774,0.611,0.743,0.022,0.548,0.786,0.694,0.642,0.212,0.644,0.634,0.425,0.73,0.737,0.726,-0.233,0.156,-0.179,0.574,0.706,0.23,0.72,0.325,0.189,0.754,0.701,0.847,0.261,0.384,0.791,0.033,0.781,0.509,0.833,0.63,0.643,0.381,0.573,0.727,0.73,0.671,0.747,-0.588,-0.079,0.792,0.168,0.794,-0.148,-0.073,0.465,0.552,0.779,0.42,0.807,-0.293,0.77,-0.111,0.071,0.771,0.781,0.679,0.44,0.503,0.8,0.829,0.716,0.637,0.603,0.4,0.788,0.684,-0.342,0.463,0.688,0.752,0.75,0.342,0.601,0.752,0.735,0.717,0.593,0.121,0.57,0.789,0.408,0.714,0.088,0.807,0.778,0.153,-0.409,0.614,0.776,0.616,0.77,-0.738,-0.367
BIDU,0.4,0.612,0.438,0.346,0.622,-0.377,0.201,0.291,0.151,-0.233,0.473,0.431,0.789,0.087,0.331,0.529,0.436,0.589,0.022,-0.319,-0.695,0.562,0.748,0.548,0.558,1.0,0.066,0.553,0.192,0.075,-0.417,0.214,0.296,0.68,0.477,-0.269,0.195,0.473,0.412,0.461,0.258,0.697,0.464,0.132,0.39,0.699,0.549,0.586,0.475,0.246,-0.266,0.321,0.567,-0.093,0.447,0.161,-0.44,-0.376,0.426,0.471,-0.332,-0.295,0.639,0.067,0.487,0.252,0.66,0.451,0.484,0.563,0.028,-0.328,-0.025,0.33,-0.115,0.492,-0.007,0.573,0.712,0.699,0.596,0.14,0.377,0.216,0.562,0.336,0.344,-0.023,0.559,0.497,0.56,0.422,0.473,0.426,0.47,0.356,0.279,0.557,0.496,0.5,0.02,-0.011,0.592,0.684,0.601,0.427,0.131,0.371,0.345,0.577,0.151,0.371,0.429,0.689,0.386,0.576,0.455,-0.314,0.569,-0.004,0.579,0.394,0.199,0.343,0.411,0.563,0.426,0.393,0.503,0.049,0.231,0.553,-0.209,0.483,0.335,0.6,0.368,0.211,0.47,0.391,0.396,0.592,0.394,0.446,-0.463,-0.058,0.654,-0.229,0.361,-0.027,0.327,0.083,0.079,0.552,0.065,0.431,0.297,0.471,-0.074,0.565,0.366,0.654,0.573,0.434,0.077,0.477,0.522,0.551,0.483,0.197,0.496,0.499,0.376,0.025,0.108,0.385,0.673,0.446,0.164,0.172,0.698,0.332,0.432,0.297,-0.278,0.706,0.408,0.685,0.353,0.17,0.383,0.443,0.698,-0.103,0.396,0.441,0.463,0.424,-0.518,-0.291
BILI,0.462,0.188,0.388,0.074,0.376,-0.357,-0.588,0.543,0.571,-0.332,0.611,0.523,-0.034,-0.138,0.583,0.41,0.496,0.336,-0.318,0.041,-0.243,0.532,0.186,0.451,0.487,0.066,1.0,0.439,0.774,0.806,-0.136,0.732,0.575,0.515,0.342,0.654,0.622,0.445,0.537,0.451,0.416,0.023,0.379,0.679,0.449,0.175,0.34,0.358,0.467,0.279,-0.182,0.646,0.378,0.205,0.428,-0.352,-0.06,0.07,0.55,0.395,-0.081,0.187,0.16,-0.502,0.394,0.637,0.403,0.311,0.499,0.389,0.411,-0.138,0.09,0.816,-0.459,0.247,0.802,0.237,0.278,0.244,0.369,0.367,0.345,0.726,0.416,0.541,0.316,0.201,0.189,-0.064,-0.486,0.427,0.364,0.316,0.536,0.454,0.583,0.447,0.429,0.431,0.703,0.649,0.525,0.369,0.37,-0.147,0.901,0.412,0.508,0.332,0.045,0.618,0.456,0.065,0.617,0.299,0.609,0.045,0.108,-0.139,0.078,0.644,0.61,0.708,0.312,0.207,0.41,0.485,0.525,0.519,0.56,0.398,0.156,0.543,0.168,0.548,0.643,0.681,0.045,0.565,0.543,0.42,0.529,0.691,-0.166,0.161,0.41,0.481,0.665,0.164,-0.183,0.715,0.796,0.499,0.629,0.505,-0.449,0.408,-0.166,-0.322,0.559,0.419,0.44,0.063,0.924,0.556,0.387,0.28,0.525,0.886,0.056,0.48,0.452,-0.193,0.766,0.563,0.348,0.422,0.548,0.607,0.342,0.414,0.441,0.722,0.574,0.131,0.68,0.152,0.417,-0.122,0.493,0.4,-0.346,-0.157,0.173,0.406,0.52,0.399,-0.231,0.093
BKR,0.797,0.595,0.706,-0.003,0.816,-0.631,-0.386,0.801,0.544,-0.501,0.723,0.515,0.585,-0.201,0.871,0.544,0.845,0.704,-0.435,-0.378,-0.665,0.727,0.56,0.698,0.841,0.553,0.439,1.0,0.587,0.498,-0.517,0.633,0.65,0.778,0.734,0.22,0.615,0.9,0.713,0.649,0.599,0.356,0.67,0.442,0.744,0.72,0.819,0.699,0.822,0.09,-0.599,0.564,0.595,-0.123,0.653,-0.309,-0.489,-0.324,0.672,0.55,-0.145,-0.217,0.674,-0.553,0.865,0.855,0.744,0.841,0.791,0.752,0.541,-0.378,-0.061,0.656,-0.546,0.622,0.379,0.655,0.711,0.713,0.545,0.638,0.873,0.601,0.911,0.878,0.422,0.188,0.589,0.184,0.044,0.744,0.885,0.286,0.644,0.555,0.725,0.826,0.789,0.873,0.4,0.425,0.718,0.615,0.827,-0.028,0.534,0.813,0.7,0.678,0.14,0.722,0.606,0.421,0.761,0.645,0.788,-0.231,0.208,-0.234,0.533,0.661,0.18,0.662,0.399,0.269,0.827,0.78,0.837,0.279,0.278,0.825,0.025,0.914,0.511,0.883,0.728,0.666,0.533,0.603,0.707,0.806,0.776,0.859,-0.588,-0.127,0.662,0.098,0.698,-0.136,0.078,0.519,0.501,0.865,0.341,0.886,-0.287,0.877,-0.133,0.034,0.807,0.838,0.707,0.495,0.471,0.791,0.824,0.759,0.614,0.583,0.369,0.721,0.779,-0.277,0.515,0.671,0.751,0.862,0.548,0.646,0.772,0.838,0.812,0.68,0.188,0.73,0.736,0.354,0.742,0.098,0.825,0.854,0.196,-0.298,0.575,0.871,0.594,0.841,-0.681,-0.366
BLDP,0.582,0.286,0.501,0.053,0.499,-0.353,-0.501,0.632,0.627,-0.346,0.656,0.54,0.09,-0.154,0.696,0.527,0.578,0.529,-0.372,-0.059,-0.352,0.59,0.415,0.526,0.584,0.192,0.774,0.587,1.0,0.947,-0.218,0.844,0.567,0.566,0.466,0.608,0.805,0.536,0.704,0.532,0.504,0.115,0.475,0.619,0.478,0.362,0.464,0.372,0.556,0.21,-0.28,0.609,0.614,0.144,0.571,-0.374,-0.156,-0.083,0.625,0.44,-0.195,0.105,0.31,-0.437,0.495,0.688,0.661,0.484,0.561,0.503,0.539,-0.218,0.034,0.733,-0.403,0.301,0.888,0.34,0.456,0.377,0.356,0.443,0.502,0.914,0.531,0.634,0.632,0.247,0.33,0.092,-0.352,0.505,0.503,0.332,0.563,0.593,0.646,0.546,0.541,0.532,0.808,0.706,0.658,0.537,0.459,-0.111,0.842,0.47,0.62,0.486,-0.014,0.659,0.463,0.161,0.687,0.436,0.736,0.034,0.153,-0.115,0.233,0.715,0.507,0.861,0.431,0.195,0.585,0.545,0.647,0.411,0.574,0.501,0.057,0.713,0.229,0.657,0.697,0.821,0.263,0.576,0.543,0.483,0.636,0.752,-0.23,0.157,0.498,0.567,0.786,0.122,-0.05,0.773,0.739,0.609,0.655,0.596,-0.364,0.497,-0.174,-0.22,0.632,0.497,0.558,0.175,0.727,0.679,0.547,0.371,0.581,0.826,0.195,0.577,0.54,-0.068,0.762,0.606,0.451,0.521,0.599,0.664,0.514,0.535,0.507,0.747,0.548,0.248,0.824,0.22,0.547,-0.05,0.702,0.492,-0.17,-0.147,0.256,0.519,0.552,0.516,-0.341,0.006
BLNK,0.504,0.169,0.452,-0.101,0.349,-0.403,-0.539,0.565,0.645,-0.408,0.572,0.464,-0.06,-0.231,0.599,0.395,0.522,0.393,-0.444,-0.09,-0.236,0.455,0.304,0.405,0.533,0.075,0.806,0.498,0.947,1.0,-0.244,0.855,0.565,0.492,0.336,0.658,0.823,0.464,0.612,0.398,0.427,-0.043,0.362,0.58,0.422,0.206,0.333,0.343,0.44,0.107,-0.283,0.612,0.488,0.069,0.445,-0.382,-0.17,-0.039,0.541,0.311,-0.107,0.116,0.098,-0.49,0.394,0.649,0.52,0.36,0.497,0.412,0.463,-0.167,0.03,0.741,-0.511,0.199,0.94,0.249,0.289,0.215,0.282,0.446,0.384,0.924,0.399,0.559,0.538,0.189,0.196,-0.088,-0.424,0.408,0.426,0.191,0.535,0.447,0.594,0.429,0.426,0.438,0.874,0.717,0.576,0.427,0.325,-0.229,0.839,0.388,0.588,0.337,-0.02,0.64,0.405,-0.019,0.68,0.299,0.677,0.151,0.018,-0.182,0.091,0.719,0.489,0.845,0.309,0.027,0.443,0.473,0.526,0.489,0.521,0.385,0.104,0.63,0.193,0.573,0.67,0.743,0.09,0.55,0.471,0.373,0.576,0.728,-0.238,0.134,0.381,0.676,0.738,-0.003,-0.177,0.825,0.728,0.547,0.622,0.517,-0.466,0.408,-0.097,-0.373,0.531,0.394,0.432,0.067,0.794,0.619,0.436,0.281,0.495,0.871,0.049,0.466,0.48,-0.178,0.795,0.523,0.3,0.448,0.577,0.678,0.422,0.453,0.442,0.731,0.582,0.152,0.794,0.121,0.529,-0.13,0.661,0.409,-0.296,-0.258,0.192,0.407,0.425,0.423,-0.305,-0.022
BYND,-0.223,-0.244,-0.579,0.49,-0.383,0.563,0.247,-0.367,-0.324,0.785,-0.44,-0.151,-0.367,0.543,-0.386,-0.094,-0.504,-0.378,0.565,0.639,0.505,-0.155,-0.474,-0.426,-0.603,-0.417,-0.136,-0.517,-0.218,-0.244,1.0,-0.391,-0.498,-0.5,-0.488,-0.052,-0.449,-0.461,-0.409,-0.005,-0.158,0.074,-0.357,0.168,-0.468,-0.391,-0.475,-0.477,-0.307,0.306,0.712,-0.328,-0.091,0.619,-0.287,0.359,0.516,0.607,-0.356,-0.011,-0.011,0.644,-0.262,0.428,-0.434,-0.432,-0.359,-0.432,-0.541,-0.451,-0.318,0.476,0.4,-0.444,0.562,-0.342,-0.089,-0.36,-0.404,-0.406,-0.274,-0.311,-0.49,-0.307,-0.435,-0.416,-0.113,0.05,-0.186,0.139,-0.186,-0.576,-0.428,0.113,-0.26,0.041,-0.335,-0.472,-0.53,-0.431,-0.125,0.022,-0.455,-0.396,-0.424,0.349,-0.134,-0.415,-0.546,-0.277,-0.3,-0.509,-0.251,0.025,-0.39,-0.332,-0.433,0.299,0.242,0.531,-0.225,-0.383,0.169,-0.32,0.133,0.31,-0.433,-0.442,-0.386,-0.127,0.091,-0.47,0.146,-0.442,-0.497,-0.48,-0.426,-0.33,-0.03,-0.472,-0.167,-0.382,-0.519,-0.469,0.816,0.44,-0.408,0.051,-0.399,0.586,0.358,-0.238,-0.124,-0.443,0.015,-0.431,0.155,-0.413,0.144,-0.051,-0.321,-0.554,-0.455,-0.193,-0.217,-0.424,-0.431,-0.372,-0.294,-0.356,-0.113,-0.462,-0.415,0.655,-0.078,-0.346,-0.315,-0.376,-0.02,-0.459,-0.455,-0.446,-0.508,-0.411,0.129,-0.501,-0.53,-0.205,-0.4,-0.139,-0.446,-0.428,-0.133,0.713,-0.458,-0.455,-0.175,-0.528,0.865,0.793
