,AAL,AAPL,ABUS,ADBE,ADI,ADMA,AEP,AGNC,AKBA,ALT,AMAT,AMD,AMGN,AMZN,APA,APPS,ARCC,ARDX,ATER,ATOS,AUPH,AVGO,AZN,BCRX,BGC,BIDU,BILI,BKR,BLDP,BLNK,BYND,CAN,CELH,CG,CGC,CHRD,CLNE,CMCSA,COMM,COST,CPB,CPRT,CRON,CRWD,CSCO,CSGP,CSX,CTSH,CZR,DBX,DDOG,DKNG,DLTR,DOCU,DVAX,DXCM,EA,EBAY,ENPH,ERIC,ESPR,ETSY,EXC,EXEL,EXPE,FANG,FAST,FITB,FLEX,FOLD,FOXA,FSLR,FTNT,FUTU,GEN,GERN,GEVO,GILD,GOOG,GOOGL,GPRO,GT,HBAN,HIVE,HON,HST,HUT,IBRX,INTC,IOVA,IQ,IRWD,JBLU,JD,KDP,KHC,LBTYK,LRCX,LYFT,MAR,MARA,MAT,MCHP,MCRB,MDLZ,META,MGNI,MLCO,MNKD,MNST,MOMO,MRNA,MRVL,MSFT,MSTR,MTCH,MU,MVIS,NDAQ,NFLX,NKTR,NNDM,NTES,NTNX,NVAX,NVDA,NWL,NWSA,NXPI,OCGN,OKTA,ON,OPK,PAA,PACB,PAGP,PANW,PARA,PCAR,PDD,PENN,PEP,PLUG,PTEN,PTON,PYPL,QCOM,QUBT,QVCGA,RDFN,REAL,RIOT,ROKU,ROST,RUN,SABR,SAVA,SBUX,SFIX,SGMO,SIRI,SLM,SMCI,SNDL,SONO,STNE,STX,TCOM,TGTX,TIGR,TLRY,TMUS,TRIP,TSCO,TSLA,TTD,TXN,UAL,UNIT,VERU,VKTX,VLY,VOD,VTRS,VXRT,WBA,WBD,WDAY,WDC,WEN,WW,WYNN,XEL,XP,XRAY,XRX,Z,ZION,ZM,ZS
AAL,1.0,-0.592,-0.529,-0.54,-0.262,-0.717,-0.354,-0.043,-0.694,-0.626,0.312,-0.571,-0.595,-0.574,0.731,-0.168,0.548,-0.553,-0.207,-0.639,-0.543,-0.32,-0.51,0.761,0.125,-0.219,-0.444,0.756,-0.631,-0.677,-0.711,0.534,-0.131,-0.646,-0.697,0.87,-0.672,0.493,-0.16,-0.596,-0.472,-0.598,-0.702,-0.462,-0.435,-0.67,0.667,-0.588,0.791,-0.411,-0.629,0.366,-0.575,-0.514,-0.605,-0.477,-0.691,-0.598,-0.497,-0.601,-0.604,-0.301,-0.594,-0.403,0.69,0.575,-0.262,0.808,-0.541,-0.558,0.543,-0.573,0.692,-0.377,-0.524,-0.477,-0.654,-0.597,-0.45,-0.486,0.024,0.872,0.789,0.412,0.706,0.706,0.671,0.114,0.226,-0.621,0.027,-0.206,0.891,-0.393,-0.269,0.493,-0.442,-0.027,0.387,0.935,-0.492,0.713,-0.396,-0.669,-0.522,-0.589,-0.459,0.84,-0.445,-0.597,-0.688,-0.574,-0.475,-0.602,-0.685,-0.615,0.553,-0.403,-0.292,-0.393,-0.233,-0.658,-0.681,-0.552,-0.648,-0.537,-0.339,0.557,-0.474,-0.42,-0.501,-0.225,-0.595,0.456,-0.657,0.541,-0.472,0.718,-0.596,-0.557,0.186,-0.569,-0.545,0.718,-0.625,-0.535,-0.539,-0.593,-0.542,-0.448,-0.235,-0.131,-0.552,-0.193,-0.587,0.765,-0.087,0.206,-0.534,-0.662,-0.565,0.572,0.363,-0.618,0.675,-0.424,0.62,0.738,-0.631,-0.521,-0.6,-0.128,0.889,-0.139,-0.558,-0.466,-0.358,0.966,-0.605,-0.707,-0.718,0.721,-0.568,-0.583,-0.572,-0.618,0.76,-0.623,0.562,-0.294,0.352,0.837,-0.45,-0.451,0.299,0.823,-0.594,0.835,-0.631,-0.489
AAPL,-0.592,1.0,0.718,0.938,0.556,0.686,0.443,0.387,0.761,0.669,-0.076,0.927,0.784,0.893,-0.576,0.649,-0.61,0.876,0.532,0.67,0.877,0.688,0.566,-0.525,-0.028,0.604,0.789,-0.469,0.802,0.73,0.836,-0.628,0.6,0.686,0.608,-0.691,0.76,-0.298,0.274,0.838,0.423,0.827,0.595,0.787,0.423,0.754,-0.532,0.699,-0.492,0.568,0.861,0.066,0.589,0.866,0.68,0.501,0.763,0.832,0.859,0.837,0.466,0.7,0.783,0.305,-0.68,-0.409,0.703,-0.561,0.726,0.548,-0.635,0.935,-0.33,0.371,0.555,0.587,0.798,0.717,0.673,0.686,0.102,-0.672,-0.581,-0.394,-0.412,-0.616,-0.391,-0.003,0.079,0.945,0.008,0.325,-0.594,0.729,0.354,-0.688,0.495,0.292,-0.537,-0.569,0.378,-0.634,0.578,0.9,0.417,0.812,0.849,-0.557,0.465,0.804,0.529,0.885,0.826,0.905,0.71,0.694,-0.137,0.364,0.334,0.786,0.23,0.85,0.878,0.849,0.808,0.794,0.206,-0.481,0.803,0.49,0.803,0.633,0.82,-0.482,0.768,-0.454,0.801,-0.56,0.779,0.866,0.327,0.682,0.94,-0.589,0.908,0.788,0.881,0.798,0.698,0.743,0.597,-0.014,0.823,0.403,0.894,-0.681,0.22,0.121,0.703,0.88,0.766,-0.563,-0.117,0.477,-0.501,0.759,-0.319,-0.481,0.798,0.592,0.469,0.311,-0.538,0.068,0.918,0.781,0.768,-0.564,0.846,0.63,0.727,-0.719,0.743,0.808,0.684,0.699,-0.587,0.82,-0.419,0.558,-0.279,-0.716,0.489,0.776,-0.234,-0.515,0.648,-0.642,0.789,0.855
ABUS,-0.529,0.718,1.0,0.769,0.517,0.847,0.211,0.448,0.776,0.807,0.024,0.799,0.649,0.769,-0.606,0.368,-0.612,0.702,0.655,0.78,0.821,0.591,0.582,-0.372,0.149,0.668,0.625,-0.46,0.735,0.89,0.65,-0.485,0.513,0.666,0.724,-0.637,0.823,-0.586,0.112,0.774,0.165,0.722,0.712,0.714,0.32,0.691,-0.298,0.481,-0.636,0.382,0.721,-0.169,0.363,0.733,0.759,0.657,0.86,0.745,0.747,0.682,0.592,0.447,0.552,0.409,-0.627,-0.606,0.587,-0.661,0.774,0.45,-0.729,0.771,-0.285,0.63,0.403,0.733,0.836,0.463,0.422,0.471,0.008,-0.676,-0.609,-0.127,-0.486,-0.369,-0.073,0.25,0.147,0.784,-0.252,0.027,-0.533,0.636,0.11,-0.552,0.54,0.331,-0.552,-0.512,0.628,-0.534,0.653,0.72,0.33,0.567,0.88,-0.664,0.623,0.664,0.551,0.765,0.757,0.694,0.843,0.768,-0.174,0.566,0.18,0.731,0.278,0.781,0.745,0.777,0.789,0.773,0.062,-0.587,0.684,0.503,0.782,0.577,0.706,-0.584,0.691,-0.502,0.766,-0.699,0.59,0.732,0.356,0.441,0.732,-0.654,0.763,0.741,0.817,0.742,0.66,0.774,0.663,0.256,0.822,0.413,0.668,-0.644,0.554,-0.163,0.517,0.73,0.777,-0.702,-0.329,0.508,-0.334,0.681,-0.298,-0.439,0.765,0.764,0.542,0.001,-0.662,0.361,0.795,0.726,0.67,-0.525,0.817,0.812,0.736,-0.601,0.629,0.696,0.795,0.66,-0.726,0.742,-0.384,0.386,-0.616,-0.47,0.311,0.76,-0.575,-0.582,0.674,-0.526,0.657,0.736
ADBE,-0.54,0.938,0.769,1.0,0.664,0.677,0.311,0.422,0.717,0.711,0.111,0.949,0.759,0.931,-0.588,0.605,-0.665,0.847,0.689,0.674,0.884,0.802,0.649,-0.475,0.096,0.7,0.817,-0.384,0.795,0.728,0.809,-0.554,0.601,0.622,0.561,-0.651,0.733,-0.397,0.157,0.897,0.289,0.818,0.586,0.879,0.317,0.767,-0.47,0.668,-0.555,0.51,0.888,-0.035,0.461,0.896,0.64,0.628,0.776,0.868,0.888,0.84,0.362,0.656,0.69,0.252,-0.672,-0.482,0.715,-0.571,0.828,0.46,-0.727,0.94,-0.276,0.508,0.455,0.59,0.831,0.574,0.674,0.697,-0.065,-0.687,-0.562,-0.256,-0.417,-0.493,-0.274,0.132,0.201,0.934,-0.087,0.133,-0.549,0.814,0.23,-0.626,0.575,0.441,-0.583,-0.507,0.44,-0.625,0.683,0.861,0.338,0.79,0.885,-0.55,0.558,0.828,0.55,0.872,0.908,0.887,0.685,0.731,-0.018,0.502,0.287,0.862,0.3,0.854,0.822,0.895,0.826,0.865,0.006,-0.436,0.843,0.422,0.886,0.719,0.83,-0.601,0.785,-0.527,0.855,-0.599,0.671,0.93,0.335,0.589,0.886,-0.631,0.92,0.855,0.935,0.79,0.691,0.803,0.73,0.13,0.86,0.462,0.899,-0.681,0.269,0.023,0.728,0.793,0.696,-0.649,-0.242,0.462,-0.366,0.883,-0.299,-0.36,0.749,0.705,0.409,0.167,-0.539,0.158,0.954,0.856,0.863,-0.505,0.845,0.621,0.663,-0.687,0.75,0.817,0.671,0.64,-0.619,0.825,-0.31,0.539,-0.449,-0.661,0.417,0.88,-0.41,-0.57,0.746,-0.593,0.808,0.913
ADI,-0.262,0.556,0.517,0.664,1.0,0.324,-0.005,0.502,0.392,0.565,0.592,0.654,0.445,0.644,-0.404,0.361,-0.582,0.405,0.759,0.407,0.549,0.824,0.556,-0.092,0.497,0.742,0.555,0.03,0.433,0.371,0.597,-0.086,0.476,0.36,0.137,-0.333,0.334,-0.401,-0.118,0.651,-0.01,0.511,0.252,0.753,-0.089,0.553,0.084,0.385,-0.284,0.058,0.576,-0.05,0.091,0.769,0.429,0.66,0.541,0.688,0.543,0.468,-0.082,0.591,0.223,0.074,-0.187,-0.527,0.671,-0.243,0.629,0.043,-0.61,0.589,0.148,0.575,0.11,0.44,0.548,0.126,0.464,0.447,-0.355,-0.456,-0.185,0.235,-0.137,0.098,0.167,0.509,0.648,0.628,-0.138,-0.322,-0.286,0.762,0.012,-0.115,0.711,0.768,-0.535,-0.151,0.382,-0.349,0.8,0.446,-0.01,0.415,0.634,-0.366,0.565,0.65,0.424,0.565,0.795,0.564,0.3,0.531,0.394,0.646,0.212,0.589,0.445,0.527,0.496,0.711,0.536,0.731,-0.343,-0.19,0.718,0.102,0.746,0.719,0.415,-0.664,0.489,-0.628,0.66,-0.367,0.236,0.736,0.44,0.09,0.522,-0.517,0.616,0.671,0.635,0.39,0.572,0.694,0.735,0.469,0.611,0.473,0.626,-0.32,0.352,-0.091,0.507,0.483,0.474,-0.463,-0.442,0.158,0.067,0.782,-0.017,0.083,0.347,0.63,-0.006,-0.139,-0.302,0.538,0.607,0.72,0.866,-0.194,0.644,0.347,0.27,-0.504,0.498,0.496,0.316,0.449,-0.392,0.751,0.188,0.39,-0.506,-0.373,0.258,0.726,-0.471,-0.388,0.716,-0.28,0.593,0.771
ADMA,-0.717,0.686,0.847,0.677,0.324,1.0,0.158,0.216,0.791,0.808,-0.182,0.742,0.581,0.678,-0.756,0.411,-0.548,0.72,0.47,0.811,0.763,0.475,0.418,-0.565,-0.12,0.549,0.635,-0.662,0.862,0.939,0.656,-0.57,0.466,0.735,0.89,-0.783,0.932,-0.618,0.24,0.664,0.23,0.68,0.862,0.632,0.389,0.649,-0.497,0.556,-0.734,0.331,0.732,-0.153,0.386,0.635,0.754,0.575,0.796,0.617,0.777,0.711,0.667,0.428,0.501,0.399,-0.726,-0.645,0.472,-0.84,0.755,0.599,-0.691,0.747,-0.522,0.563,0.395,0.665,0.85,0.515,0.339,0.408,0.238,-0.732,-0.799,-0.324,-0.686,-0.577,-0.273,-0.002,-0.176,0.706,-0.077,0.098,-0.736,0.49,0.053,-0.62,0.393,0.143,-0.474,-0.75,0.573,-0.596,0.515,0.718,0.361,0.542,0.79,-0.756,0.514,0.545,0.672,0.712,0.629,0.624,0.925,0.821,-0.398,0.532,0.032,0.693,0.238,0.778,0.695,0.661,0.774,0.676,0.254,-0.673,0.583,0.602,0.695,0.474,0.71,-0.496,0.788,-0.478,0.649,-0.837,0.621,0.659,0.216,0.487,0.731,-0.708,0.707,0.698,0.74,0.752,0.537,0.677,0.487,0.129,0.765,0.238,0.712,-0.717,0.445,-0.174,0.589,0.725,0.742,-0.705,-0.281,0.723,-0.449,0.576,-0.478,-0.655,0.805,0.7,0.761,0.007,-0.779,0.155,0.727,0.634,0.496,-0.747,0.715,0.86,0.876,-0.625,0.526,0.642,0.866,0.707,-0.839,0.654,-0.563,0.331,-0.539,-0.565,0.22,0.6,-0.439,-0.713,0.686,-0.711,0.663,0.652
AEP,-0.354,0.443,0.211,0.311,-0.005,0.158,1.0,0.345,0.459,0.279,-0.373,0.27,0.646,0.47,-0.038,-0.081,-0.16,0.348,-0.074,0.144,0.359,-0.088,0.438,-0.282,0.048,0.037,0.064,-0.391,0.242,0.189,0.426,-0.315,0.008,0.472,0.253,-0.414,0.253,0.152,0.11,0.335,0.798,0.452,0.182,0.155,0.639,0.5,-0.309,0.353,-0.227,0.698,0.233,-0.183,0.784,0.296,0.406,-0.073,0.31,0.39,0.217,0.364,0.51,0.045,0.799,0.321,-0.262,0.132,0.079,-0.115,0.068,0.233,-0.033,0.385,-0.192,-0.039,0.696,0.403,0.259,0.725,0.534,0.52,0.094,-0.294,-0.187,-0.263,-0.072,-0.386,-0.418,-0.062,-0.018,0.447,0.066,0.487,-0.18,0.211,0.776,-0.143,0.208,-0.208,0.086,-0.297,0.056,-0.413,-0.04,0.497,0.765,0.593,0.209,-0.34,0.111,0.512,0.203,0.35,0.164,0.54,0.256,0.275,-0.311,-0.144,0.713,0.059,-0.098,0.391,0.48,0.289,0.302,0.208,0.369,-0.132,0.294,0.018,0.137,-0.071,0.486,-0.017,0.36,-0.038,0.358,0.065,0.498,0.192,-0.176,0.708,0.415,-0.033,0.362,0.175,0.223,0.436,0.4,0.211,-0.033,-0.104,0.298,0.385,0.287,-0.198,-0.047,0.001,-0.013,0.519,0.386,-0.114,0.065,0.166,-0.574,-0.002,-0.07,-0.303,0.353,0.135,0.208,0.635,-0.268,0.085,0.36,0.228,0.124,-0.329,0.363,0.188,0.327,-0.217,0.554,0.5,0.169,0.458,-0.08,0.373,-0.317,0.235,0.134,-0.428,0.82,0.234,0.045,-0.145,0.049,-0.21,0.195,0.22
AGNC,-0.043,0.387,0.448,0.422,0.502,0.216,0.345,1.0,0.413,0.381,0.195,0.432,0.517,0.464,-0.027,0.037,-0.28,0.311,0.49,0.253,0.452,0.326,0.504,-0.004,0.532,0.484,0.206,0.075,0.299,0.259,0.363,-0.158,0.291,0.323,0.15,-0.227,0.244,-0.075,0.077,0.479,0.3,0.338,0.192,0.44,0.219,0.499,0.195,0.191,-0.135,0.176,0.368,-0.055,0.335,0.435,0.355,0.335,0.293,0.505,0.344,0.354,0.138,0.17,0.395,0.18,-0.062,-0.118,0.351,0.003,0.32,0.102,-0.266,0.437,0.139,0.267,0.333,0.434,0.453,0.355,0.236,0.253,-0.012,-0.248,0.015,0.089,0.098,0.08,0.177,0.354,0.427,0.485,-0.101,0.024,0.096,0.367,0.414,-0.102,0.43,0.325,-0.171,0.031,0.103,-0.36,0.385,0.397,0.27,0.329,0.518,-0.234,0.452,0.443,0.2,0.351,0.511,0.371,0.227,0.426,0.142,0.269,0.365,0.326,-0.034,0.438,0.353,0.533,0.395,0.469,0.007,-0.085,0.509,-0.09,0.465,0.296,0.356,-0.342,0.384,-0.269,0.421,-0.039,0.281,0.406,0.282,0.251,0.385,-0.171,0.442,0.358,0.361,0.396,0.608,0.547,0.363,0.135,0.4,0.662,0.352,-0.026,0.267,-0.148,0.05,0.374,0.48,-0.3,-0.078,0.181,-0.06,0.334,0.234,0.138,0.336,0.319,0.07,0.211,-0.17,0.262,0.413,0.511,0.501,0.002,0.477,0.275,0.227,-0.155,0.475,0.318,0.22,0.474,-0.222,0.486,0.071,0.334,-0.268,-0.146,0.459,0.448,-0.192,-0.123,0.333,-0.01,0.273,0.418
AKBA,-0.694,0.761,0.776,0.717,0.392,0.791,0.459,0.413,1.0,0.828,-0.207,0.76,0.726,0.768,-0.585,0.269,-0.631,0.697,0.432,0.728,0.776,0.422,0.617,-0.524,0.118,0.536,0.607,-0.646,0.741,0.768,0.776,-0.544,0.336,0.755,0.716,-0.734,0.763,-0.508,0.205,0.716,0.423,0.711,0.703,0.611,0.4,0.73,-0.429,0.55,-0.74,0.446,0.654,-0.307,0.612,0.709,0.713,0.484,0.785,0.722,0.731,0.721,0.546,0.339,0.704,0.391,-0.715,-0.527,0.37,-0.693,0.651,0.479,-0.644,0.78,-0.45,0.459,0.513,0.673,0.72,0.615,0.534,0.575,0.021,-0.723,-0.653,-0.268,-0.593,-0.504,-0.302,0.145,-0.043,0.783,-0.154,0.132,-0.651,0.597,0.314,-0.556,0.543,0.196,-0.464,-0.623,0.513,-0.688,0.537,0.741,0.469,0.652,0.768,-0.681,0.53,0.74,0.659,0.78,0.609,0.732,0.765,0.71,-0.413,0.476,0.276,0.588,0.212,0.812,0.816,0.748,0.725,0.766,0.192,-0.611,0.662,0.413,0.616,0.382,0.732,-0.505,0.769,-0.51,0.74,-0.604,0.592,0.693,0.09,0.559,0.748,-0.652,0.728,0.705,0.713,0.757,0.729,0.764,0.468,0.184,0.73,0.316,0.697,-0.712,0.368,-0.2,0.466,0.838,0.719,-0.682,-0.32,0.547,-0.547,0.554,-0.499,-0.535,0.704,0.667,0.559,0.189,-0.737,0.231,0.736,0.575,0.57,-0.692,0.728,0.738,0.796,-0.659,0.709,0.757,0.734,0.696,-0.707,0.726,-0.57,0.273,-0.428,-0.612,0.43,0.676,-0.412,-0.627,0.615,-0.667,0.661,0.681
ALT,-0.626,0.669,0.807,0.711,0.565,0.808,0.279,0.381,0.828,1.0,0.004,0.756,0.648,0.814,-0.649,0.246,-0.666,0.659,0.616,0.729,0.797,0.553,0.661,-0.404,0.252,0.686,0.622,-0.525,0.753,0.771,0.705,-0.387,0.413,0.716,0.656,-0.652,0.742,-0.613,0.033,0.734,0.259,0.687,0.693,0.734,0.25,0.715,-0.324,0.504,-0.722,0.313,0.686,-0.322,0.45,0.728,0.701,0.657,0.772,0.72,0.749,0.64,0.415,0.384,0.516,0.283,-0.557,-0.636,0.46,-0.705,0.73,0.35,-0.719,0.784,-0.268,0.64,0.373,0.782,0.793,0.442,0.5,0.532,-0.1,-0.708,-0.658,-0.012,-0.595,-0.293,-0.094,0.326,0.123,0.763,-0.253,-0.116,-0.635,0.731,0.112,-0.375,0.667,0.373,-0.441,-0.589,0.634,-0.609,0.739,0.653,0.412,0.568,0.786,-0.691,0.6,0.708,0.685,0.757,0.712,0.707,0.778,0.77,-0.224,0.621,0.243,0.659,0.529,0.754,0.665,0.724,0.738,0.796,-0.04,-0.62,0.67,0.378,0.75,0.49,0.717,-0.652,0.795,-0.627,0.776,-0.662,0.434,0.715,0.214,0.392,0.657,-0.687,0.762,0.754,0.785,0.692,0.638,0.78,0.663,0.433,0.797,0.378,0.69,-0.654,0.442,-0.279,0.467,0.7,0.681,-0.749,-0.506,0.537,-0.343,0.681,-0.382,-0.407,0.669,0.797,0.492,-0.009,-0.736,0.523,0.746,0.699,0.642,-0.638,0.751,0.717,0.743,-0.618,0.618,0.753,0.695,0.658,-0.75,0.726,-0.353,0.257,-0.586,-0.514,0.356,0.733,-0.656,-0.673,0.724,-0.636,0.676,0.761
AMAT,0.312,-0.076,0.024,0.111,0.592,-0.182,-0.373,0.195,-0.207,0.004,1.0,0.077,-0.179,0.074,0.042,0.145,-0.05,-0.157,0.425,-0.087,-0.046,0.493,0.016,0.413,0.49,0.375,0.175,0.447,-0.147,-0.186,-0.046,0.49,0.158,-0.194,-0.344,0.214,-0.201,-0.021,-0.208,-0.002,-0.481,-0.009,-0.239,0.285,-0.381,-0.093,0.518,0.01,0.2,-0.227,-0.061,0.166,-0.421,0.163,-0.039,0.27,-0.018,0.057,0.011,-0.022,-0.457,0.247,-0.356,-0.268,0.291,-0.134,0.268,0.243,0.212,-0.43,-0.141,-0.047,0.588,0.359,-0.367,-0.039,-0.019,-0.455,0.127,0.127,-0.243,0.09,0.345,0.586,0.296,0.588,0.532,0.416,0.763,-0.057,0.013,-0.484,0.214,0.29,-0.421,0.396,0.197,0.785,-0.08,0.354,0.192,0.216,0.394,-0.225,-0.442,-0.042,0.078,0.236,0.068,0.087,0.018,-0.054,0.257,-0.012,-0.215,0.037,0.793,0.435,-0.082,0.161,0.298,-0.115,-0.173,0.133,-0.065,0.216,-0.585,0.247,0.219,-0.113,0.203,0.479,-0.056,-0.246,-0.045,-0.208,0.105,0.103,-0.326,0.191,0.421,-0.446,-0.068,-0.052,-0.044,0.207,0.092,-0.145,-0.044,0.214,0.44,0.494,0.092,0.095,0.062,0.267,0.132,0.056,0.066,-0.179,-0.088,0.035,-0.199,-0.186,0.606,0.308,0.326,0.547,-0.267,0.271,-0.402,-0.278,0.312,0.359,-0.002,0.255,0.448,0.4,-0.026,-0.138,-0.315,0.099,-0.094,-0.115,-0.127,-0.207,0.119,0.063,0.633,0.076,-0.168,0.238,-0.234,0.15,-0.189,0.154,0.306,0.224,0.039,0.19
AMD,-0.571,0.927,0.799,0.949,0.654,0.742,0.27,0.432,0.76,0.756,0.077,1.0,0.742,0.899,-0.615,0.621,-0.643,0.813,0.676,0.747,0.901,0.799,0.626,-0.454,0.102,0.693,0.858,-0.39,0.822,0.773,0.831,-0.62,0.62,0.608,0.623,-0.658,0.776,-0.407,0.148,0.873,0.281,0.745,0.66,0.899,0.344,0.742,-0.41,0.598,-0.542,0.412,0.888,-0.023,0.462,0.885,0.658,0.665,0.793,0.858,0.924,0.781,0.388,0.677,0.665,0.271,-0.628,-0.513,0.72,-0.593,0.851,0.507,-0.72,0.904,-0.254,0.535,0.413,0.572,0.871,0.574,0.629,0.66,-0.032,-0.697,-0.588,-0.281,-0.452,-0.513,-0.272,0.12,0.211,0.935,-0.034,0.13,-0.568,0.783,0.182,-0.624,0.566,0.473,-0.547,-0.54,0.458,-0.594,0.674,0.844,0.351,0.717,0.92,-0.576,0.53,0.798,0.602,0.868,0.907,0.878,0.713,0.798,-0.016,0.529,0.251,0.886,0.295,0.85,0.806,0.891,0.843,0.918,0.057,-0.503,0.823,0.479,0.905,0.705,0.758,-0.599,0.831,-0.511,0.802,-0.617,0.644,0.928,0.371,0.573,0.877,-0.622,0.924,0.864,0.938,0.746,0.676,0.844,0.721,0.082,0.841,0.437,0.857,-0.684,0.3,0.016,0.711,0.806,0.77,-0.635,-0.224,0.529,-0.329,0.868,-0.276,-0.407,0.784,0.671,0.48,0.15,-0.586,0.149,0.939,0.838,0.835,-0.545,0.852,0.667,0.693,-0.67,0.694,0.779,0.732,0.694,-0.686,0.822,-0.307,0.542,-0.406,-0.633,0.364,0.848,-0.403,-0.565,0.766,-0.579,0.801,0.925
AMGN,-0.595,0.784,0.649,0.759,0.445,0.581,0.646,0.517,0.726,0.648,-0.179,0.742,1.0,0.815,-0.444,0.221,-0.579,0.679,0.398,0.525,0.716,0.415,0.704,-0.565,0.204,0.522,0.509,-0.453,0.68,0.611,0.759,-0.589,0.329,0.695,0.555,-0.684,0.661,-0.228,0.092,0.768,0.638,0.733,0.555,0.601,0.585,0.765,-0.389,0.513,-0.52,0.584,0.668,-0.258,0.741,0.698,0.647,0.447,0.714,0.806,0.665,0.69,0.507,0.371,0.846,0.329,-0.565,-0.337,0.477,-0.469,0.545,0.42,-0.499,0.761,-0.327,0.371,0.698,0.619,0.748,0.783,0.595,0.609,-0.016,-0.616,-0.471,-0.385,-0.343,-0.524,-0.392,0.12,0.081,0.82,-0.086,0.284,-0.438,0.574,0.611,-0.527,0.543,0.09,-0.331,-0.509,0.235,-0.624,0.397,0.783,0.652,0.773,0.705,-0.63,0.511,0.795,0.481,0.717,0.679,0.802,0.609,0.691,-0.286,0.253,0.528,0.598,0.031,0.771,0.801,0.724,0.721,0.695,0.203,-0.375,0.671,0.21,0.643,0.397,0.743,-0.46,0.73,-0.424,0.736,-0.385,0.728,0.708,0.051,0.762,0.743,-0.453,0.775,0.598,0.719,0.701,0.724,0.654,0.427,-0.026,0.694,0.591,0.686,-0.594,0.179,-0.144,0.454,0.776,0.743,-0.516,-0.206,0.486,-0.549,0.539,-0.266,-0.368,0.68,0.547,0.434,0.304,-0.601,0.186,0.759,0.665,0.588,-0.565,0.813,0.581,0.602,-0.485,0.821,0.761,0.522,0.793,-0.515,0.779,-0.453,0.463,-0.3,-0.604,0.716,0.664,-0.338,-0.516,0.521,-0.471,0.601,0.7
AMZN,-0.574,0.893,0.769,0.931,0.644,0.678,0.47,0.464,0.768,0.814,0.074,0.899,0.815,1.0,-0.587,0.475,-0.673,0.829,0.675,0.667,0.901,0.722,0.694,-0.386,0.184,0.711,0.718,-0.437,0.793,0.703,0.807,-0.479,0.533,0.672,0.567,-0.719,0.731,-0.425,0.047,0.896,0.419,0.847,0.595,0.852,0.376,0.823,-0.42,0.621,-0.567,0.537,0.848,-0.124,0.567,0.883,0.745,0.663,0.764,0.895,0.829,0.808,0.439,0.59,0.749,0.33,-0.585,-0.498,0.655,-0.565,0.802,0.446,-0.699,0.917,-0.221,0.575,0.477,0.762,0.818,0.613,0.705,0.738,-0.094,-0.723,-0.555,-0.128,-0.456,-0.409,-0.241,0.245,0.209,0.947,-0.18,0.12,-0.553,0.828,0.329,-0.5,0.663,0.396,-0.514,-0.539,0.462,-0.673,0.679,0.854,0.482,0.801,0.854,-0.61,0.555,0.887,0.555,0.854,0.873,0.908,0.691,0.72,-0.074,0.476,0.418,0.777,0.369,0.868,0.791,0.874,0.836,0.853,0.05,-0.516,0.788,0.39,0.868,0.636,0.862,-0.637,0.776,-0.57,0.868,-0.546,0.599,0.878,0.327,0.655,0.857,-0.645,0.903,0.82,0.889,0.786,0.732,0.834,0.705,0.248,0.876,0.528,0.848,-0.584,0.357,-0.077,0.602,0.84,0.71,-0.654,-0.318,0.417,-0.44,0.809,-0.282,-0.356,0.758,0.775,0.406,0.203,-0.584,0.335,0.925,0.885,0.785,-0.543,0.839,0.594,0.684,-0.678,0.764,0.848,0.637,0.67,-0.632,0.838,-0.307,0.503,-0.463,-0.652,0.564,0.843,-0.47,-0.594,0.706,-0.59,0.762,0.899
APA,0.731,-0.576,-0.606,-0.588,-0.404,-0.756,-0.038,-0.027,-0.585,-0.649,0.042,-0.615,-0.444,-0.587,1.0,-0.387,0.604,-0.513,-0.35,-0.682,-0.585,-0.525,-0.41,0.59,0.133,-0.504,-0.559,0.659,-0.648,-0.684,-0.645,0.468,-0.443,-0.623,-0.683,0.756,-0.656,0.689,-0.03,-0.611,-0.177,-0.669,-0.709,-0.572,-0.147,-0.495,0.571,-0.538,0.699,-0.219,-0.658,0.157,-0.339,-0.582,-0.638,-0.681,-0.698,-0.627,-0.593,-0.625,-0.449,-0.48,-0.407,-0.233,0.693,0.858,-0.476,0.837,-0.599,-0.583,0.645,-0.579,0.485,-0.433,-0.333,-0.497,-0.649,-0.241,-0.185,-0.226,0.015,0.708,0.842,0.247,0.702,0.502,0.293,-0.094,0.169,-0.588,0.246,0.101,0.777,-0.451,0.024,0.499,-0.487,-0.22,0.634,0.731,-0.479,0.643,-0.493,-0.534,-0.09,-0.367,-0.571,0.672,-0.536,-0.535,-0.561,-0.634,-0.592,-0.508,-0.666,-0.632,0.314,-0.489,0.08,-0.569,-0.313,-0.555,-0.624,-0.604,-0.65,-0.606,-0.154,0.663,-0.451,-0.52,-0.606,-0.446,-0.604,0.615,-0.591,0.704,-0.653,0.8,-0.47,-0.594,-0.141,-0.311,-0.555,0.823,-0.6,-0.607,-0.637,-0.611,-0.471,-0.595,-0.465,-0.247,-0.687,-0.202,-0.624,0.669,-0.344,0.179,-0.577,-0.584,-0.551,0.654,0.365,-0.579,0.409,-0.571,0.566,0.578,-0.573,-0.578,-0.566,0.161,0.692,-0.211,-0.591,-0.625,-0.483,0.73,-0.631,-0.69,-0.62,0.753,-0.453,-0.635,-0.608,-0.503,0.791,-0.596,0.533,-0.396,0.527,0.686,-0.162,-0.535,0.546,0.786,-0.638,0.837,-0.698,-0.612
APPS,-0.168,0.649,0.368,0.605,0.361,0.411,-0.081,0.037,0.269,0.246,0.145,0.621,0.221,0.475,-0.387,1.0,-0.244,0.604,0.48,0.38,0.551,0.698,0.014,-0.101,-0.235,0.441,0.705,-0.014,0.545,0.423,0.413,-0.319,0.661,0.219,0.348,-0.281,0.487,-0.058,0.192,0.5,-0.09,0.395,0.325,0.582,0.075,0.258,-0.333,0.361,-0.02,0.097,0.566,0.626,0.03,0.571,0.318,0.276,0.386,0.398,0.648,0.455,0.137,0.778,0.246,0.035,-0.344,-0.225,0.724,-0.225,0.588,0.313,-0.293,0.561,0.003,0.273,0.035,0.164,0.428,0.209,0.339,0.355,0.311,-0.25,-0.274,-0.216,-0.138,-0.424,-0.117,-0.188,0.069,0.538,0.119,0.204,-0.301,0.487,-0.135,-0.514,0.21,0.313,-0.391,-0.253,0.212,-0.109,0.375,0.523,-0.094,0.388,0.561,-0.023,0.16,0.333,0.154,0.494,0.543,0.477,0.398,0.357,0.248,0.224,-0.12,0.663,0.295,0.411,0.423,0.474,0.498,0.45,0.044,-0.271,0.489,0.515,0.575,0.706,0.368,-0.159,0.408,-0.143,0.368,-0.367,0.453,0.598,0.651,0.268,0.624,-0.311,0.496,0.484,0.528,0.367,0.215,0.432,0.447,-0.116,0.496,0.017,0.563,-0.332,0.175,0.393,0.629,0.452,0.428,-0.079,0.124,0.218,-0.059,0.633,-0.085,-0.174,0.514,0.29,0.279,0.073,-0.025,-0.199,0.599,0.52,0.549,-0.141,0.457,0.296,0.308,-0.347,0.189,0.298,0.378,0.243,-0.266,0.375,-0.065,0.509,0.029,-0.285,-0.06,0.416,0.085,-0.172,0.365,-0.303,0.585,0.577
ARCC,0.548,-0.61,-0.612,-0.665,-0.582,-0.548,-0.16,-0.28,-0.631,-0.666,-0.05,-0.643,-0.579,-0.673,0.604,-0.244,1.0,-0.566,-0.501,-0.471,-0.601,-0.56,-0.47,0.482,-0.261,-0.694,-0.537,0.407,-0.555,-0.538,-0.627,0.403,-0.275,-0.514,-0.287,0.596,-0.543,0.595,0.128,-0.708,-0.189,-0.654,-0.367,-0.585,-0.069,-0.689,0.401,-0.334,0.639,-0.174,-0.611,0.402,-0.359,-0.726,-0.518,-0.655,-0.698,-0.738,-0.552,-0.587,-0.188,-0.331,-0.432,0.034,0.566,0.582,-0.422,0.561,-0.612,-0.288,0.621,-0.635,0.343,-0.412,-0.285,-0.588,-0.612,-0.295,-0.394,-0.423,0.327,0.593,0.528,0.088,0.531,0.274,0.118,-0.348,-0.081,-0.659,0.301,0.189,0.528,-0.663,-0.039,0.496,-0.646,-0.256,0.589,0.453,-0.327,0.668,-0.613,-0.567,-0.211,-0.474,-0.618,0.53,-0.664,-0.652,-0.444,-0.699,-0.648,-0.586,-0.476,-0.513,0.195,-0.399,-0.079,-0.576,-0.26,-0.646,-0.704,-0.683,-0.683,-0.661,0.185,0.44,-0.544,-0.16,-0.676,-0.385,-0.58,0.712,-0.508,0.661,-0.729,0.589,-0.357,-0.695,-0.042,-0.206,-0.583,0.74,-0.659,-0.507,-0.635,-0.617,-0.624,-0.661,-0.549,-0.315,-0.742,-0.289,-0.612,0.533,-0.332,0.352,-0.492,-0.605,-0.448,0.664,0.556,-0.223,0.444,-0.65,0.463,0.256,-0.519,-0.704,-0.108,0.202,0.549,-0.267,-0.611,-0.625,-0.551,0.496,-0.639,-0.557,-0.48,0.664,-0.572,-0.675,-0.361,-0.437,0.607,-0.693,0.411,-0.142,0.625,0.538,-0.345,-0.738,0.594,0.707,-0.49,0.525,-0.644,-0.698
ARDX,-0.553,0.876,0.702,0.847,0.405,0.72,0.348,0.311,0.697,0.659,-0.157,0.813,0.679,0.829,-0.513,0.604,-0.566,1.0,0.547,0.607,0.851,0.607,0.403,-0.439,-0.089,0.557,0.701,-0.465,0.795,0.743,0.676,-0.562,0.484,0.639,0.633,-0.651,0.783,-0.358,0.258,0.793,0.403,0.759,0.612,0.713,0.385,0.733,-0.559,0.604,-0.526,0.477,0.861,0.016,0.509,0.758,0.626,0.465,0.655,0.718,0.795,0.778,0.492,0.53,0.695,0.341,-0.64,-0.34,0.571,-0.593,0.751,0.545,-0.575,0.89,-0.429,0.389,0.459,0.649,0.776,0.691,0.61,0.661,0.197,-0.6,-0.593,-0.331,-0.443,-0.579,-0.353,-0.095,-0.074,0.872,-0.07,0.344,-0.57,0.673,0.262,-0.681,0.458,0.179,-0.429,-0.603,0.386,-0.621,0.558,0.866,0.439,0.739,0.764,-0.557,0.385,0.642,0.516,0.736,0.748,0.796,0.727,0.654,-0.267,0.361,0.254,0.701,0.285,0.835,0.739,0.736,0.81,0.664,0.245,-0.458,0.643,0.498,0.765,0.534,0.804,-0.425,0.703,-0.345,0.69,-0.604,0.693,0.787,0.268,0.67,0.836,-0.578,0.857,0.712,0.816,0.796,0.555,0.678,0.519,0.03,0.797,0.253,0.794,-0.601,0.28,-0.053,0.674,0.781,0.66,-0.592,-0.171,0.457,-0.539,0.72,-0.364,-0.507,0.832,0.621,0.511,0.178,-0.521,0.029,0.846,0.723,0.6,-0.561,0.712,0.619,0.789,-0.648,0.661,0.734,0.64,0.592,-0.612,0.676,-0.429,0.415,-0.344,-0.641,0.412,0.723,-0.22,-0.565,0.595,-0.58,0.696,0.724
ATER,-0.207,0.532,0.655,0.689,0.759,0.47,-0.074,0.49,0.432,0.616,0.425,0.676,0.398,0.675,-0.35,0.48,-0.501,0.547,1.0,0.495,0.641,0.816,0.478,0.043,0.393,0.735,0.603,0.053,0.547,0.51,0.461,-0.095,0.558,0.334,0.303,-0.308,0.488,-0.4,-0.088,0.701,-0.093,0.456,0.395,0.806,-0.011,0.532,0.012,0.303,-0.35,0.04,0.633,0.059,-0.016,0.718,0.394,0.666,0.517,0.642,0.623,0.473,0.052,0.509,0.195,0.182,-0.23,-0.449,0.687,-0.293,0.783,0.113,-0.594,0.638,0.103,0.7,0.014,0.478,0.629,0.12,0.404,0.435,-0.164,-0.411,-0.224,0.305,-0.213,-0.001,0.258,0.427,0.473,0.643,-0.206,-0.239,-0.236,0.771,-0.093,-0.202,0.661,0.63,-0.474,-0.2,0.514,-0.28,0.766,0.506,0.046,0.421,0.708,-0.324,0.478,0.557,0.424,0.511,0.787,0.513,0.424,0.552,0.284,0.685,0.138,0.679,0.499,0.594,0.396,0.676,0.594,0.698,-0.297,-0.233,0.654,0.21,0.796,0.714,0.467,-0.57,0.538,-0.445,0.598,-0.425,0.231,0.751,0.578,0.159,0.513,-0.46,0.63,0.697,0.646,0.444,0.506,0.687,0.8,0.487,0.637,0.414,0.586,-0.341,0.469,-0.159,0.494,0.432,0.495,-0.492,-0.338,0.215,0.09,0.832,-0.058,0.043,0.476,0.699,0.156,-0.154,-0.32,0.446,0.684,0.732,0.78,-0.189,0.592,0.397,0.385,-0.375,0.446,0.442,0.392,0.356,-0.432,0.614,0.176,0.397,-0.53,-0.221,0.133,0.715,-0.461,-0.421,0.68,-0.209,0.583,0.732
ATOS,-0.639,0.67,0.78,0.674,0.407,0.811,0.144,0.253,0.728,0.729,-0.087,0.747,0.525,0.667,-0.682,0.38,-0.471,0.607,0.495,1.0,0.757,0.512,0.551,-0.391,-0.097,0.469,0.649,-0.544,0.747,0.808,0.708,-0.493,0.5,0.597,0.799,-0.688,0.779,-0.618,0.217,0.671,0.18,0.682,0.854,0.641,0.333,0.561,-0.394,0.488,-0.617,0.353,0.715,-0.105,0.298,0.665,0.726,0.708,0.691,0.63,0.743,0.644,0.601,0.492,0.486,0.5,-0.598,-0.647,0.529,-0.748,0.726,0.692,-0.752,0.719,-0.434,0.523,0.348,0.558,0.748,0.4,0.366,0.403,0.092,-0.73,-0.752,-0.232,-0.583,-0.496,-0.255,0.092,0.022,0.692,-0.172,0.042,-0.705,0.47,0.1,-0.595,0.37,0.318,-0.566,-0.648,0.574,-0.554,0.512,0.666,0.259,0.507,0.744,-0.742,0.547,0.629,0.706,0.748,0.665,0.632,0.788,0.691,-0.27,0.525,0.105,0.646,0.251,0.681,0.649,0.75,0.678,0.736,0.313,-0.61,0.634,0.538,0.662,0.527,0.646,-0.471,0.737,-0.464,0.629,-0.748,0.545,0.615,0.301,0.484,0.668,-0.635,0.705,0.72,0.713,0.728,0.58,0.694,0.498,0.142,0.643,0.286,0.646,-0.674,0.475,-0.067,0.575,0.721,0.656,-0.656,-0.165,0.644,-0.344,0.572,-0.447,-0.631,0.719,0.601,0.688,0.114,-0.763,0.144,0.742,0.596,0.555,-0.654,0.69,0.758,0.742,-0.683,0.521,0.644,0.819,0.629,-0.776,0.71,-0.447,0.378,-0.521,-0.613,0.237,0.619,-0.448,-0.599,0.66,-0.653,0.638,0.669
AUPH,-0.543,0.877,0.821,0.884,0.549,0.763,0.359,0.452,0.776,0.797,-0.046,0.901,0.716,0.901,-0.585,0.551,-0.601,0.851,0.641,0.757,1.0,0.674,0.585,-0.379,0.073,0.659,0.759,-0.444,0.8,0.761,0.771,-0.589,0.527,0.629,0.662,-0.684,0.775,-0.52,0.076,0.893,0.312,0.79,0.681,0.839,0.29,0.792,-0.451,0.525,-0.553,0.388,0.871,-0.048,0.48,0.86,0.741,0.622,0.777,0.805,0.848,0.771,0.497,0.564,0.685,0.343,-0.59,-0.525,0.649,-0.609,0.799,0.556,-0.736,0.914,-0.328,0.541,0.411,0.723,0.796,0.586,0.555,0.59,-0.029,-0.719,-0.606,-0.206,-0.483,-0.468,-0.245,0.152,0.065,0.929,-0.185,0.078,-0.584,0.747,0.216,-0.567,0.548,0.351,-0.569,-0.547,0.447,-0.657,0.632,0.854,0.377,0.665,0.895,-0.599,0.574,0.774,0.526,0.865,0.81,0.812,0.761,0.729,-0.159,0.474,0.227,0.775,0.355,0.844,0.772,0.88,0.821,0.845,0.149,-0.654,0.74,0.45,0.855,0.588,0.785,-0.566,0.798,-0.491,0.794,-0.655,0.623,0.822,0.357,0.606,0.853,-0.655,0.854,0.812,0.852,0.816,0.682,0.864,0.629,0.13,0.822,0.359,0.803,-0.611,0.384,-0.064,0.592,0.849,0.728,-0.688,-0.274,0.487,-0.406,0.764,-0.312,-0.457,0.785,0.705,0.531,0.141,-0.596,0.198,0.915,0.801,0.702,-0.542,0.838,0.631,0.733,-0.715,0.684,0.771,0.723,0.699,-0.698,0.811,-0.372,0.397,-0.461,-0.653,0.418,0.819,-0.45,-0.581,0.684,-0.596,0.709,0.865
AVGO,-0.32,0.688,0.591,0.802,0.824,0.475,-0.088,0.326,0.422,0.553,0.493,0.799,0.415,0.722,-0.525,0.698,-0.56,0.607,0.816,0.512,0.674,1.0,0.464,-0.136,0.241,0.742,0.797,-0.028,0.578,0.499,0.591,-0.21,0.621,0.3,0.305,-0.407,0.49,-0.366,-0.091,0.767,-0.054,0.57,0.378,0.863,-0.018,0.542,-0.174,0.427,-0.347,0.098,0.712,0.171,0.095,0.812,0.426,0.685,0.604,0.714,0.727,0.563,0.006,0.722,0.295,0.057,-0.383,-0.509,0.776,-0.352,0.813,0.159,-0.593,0.674,0.043,0.622,0.074,0.397,0.637,0.151,0.521,0.543,-0.17,-0.51,-0.344,0.08,-0.271,-0.182,0.028,0.289,0.477,0.722,-0.144,-0.152,-0.375,0.821,-0.119,-0.338,0.641,0.737,-0.523,-0.322,0.452,-0.346,0.759,0.606,-0.024,0.477,0.734,-0.322,0.498,0.631,0.419,0.644,0.853,0.652,0.414,0.579,0.365,0.632,0.111,0.781,0.467,0.597,0.529,0.745,0.655,0.793,-0.311,-0.309,0.745,0.352,0.847,0.852,0.5,-0.588,0.572,-0.533,0.654,-0.475,0.332,0.875,0.559,0.218,0.605,-0.542,0.716,0.762,0.779,0.48,0.487,0.74,0.811,0.334,0.719,0.342,0.687,-0.448,0.33,-0.001,0.69,0.493,0.531,-0.45,-0.364,0.23,-0.009,0.934,-0.128,-0.047,0.494,0.656,0.155,-0.119,-0.31,0.283,0.749,0.815,0.874,-0.26,0.635,0.42,0.358,-0.515,0.486,0.537,0.42,0.357,-0.457,0.662,0.094,0.529,-0.419,-0.419,0.136,0.774,-0.388,-0.482,0.734,-0.366,0.742,0.835
AZN,-0.51,0.566,0.582,0.649,0.556,0.418,0.438,0.504,0.617,0.661,0.016,0.626,0.704,0.694,-0.41,0.014,-0.47,0.403,0.478,0.551,0.585,0.464,1.0,-0.353,0.395,0.435,0.385,-0.311,0.456,0.485,0.688,-0.307,0.324,0.489,0.396,-0.515,0.41,-0.344,-0.115,0.722,0.359,0.585,0.446,0.621,0.285,0.69,-0.241,0.445,-0.597,0.471,0.569,-0.348,0.564,0.608,0.429,0.579,0.621,0.752,0.527,0.486,0.283,0.255,0.593,0.316,-0.479,-0.388,0.405,-0.424,0.494,0.228,-0.488,0.589,-0.132,0.398,0.479,0.527,0.599,0.478,0.512,0.51,-0.287,-0.616,-0.436,-0.04,-0.377,-0.251,-0.188,0.431,0.331,0.666,-0.234,0.002,-0.404,0.591,0.421,-0.214,0.657,0.405,-0.333,-0.423,0.44,-0.595,0.502,0.61,0.479,0.559,0.628,-0.587,0.608,0.716,0.532,0.639,0.685,0.666,0.454,0.536,-0.074,0.476,0.52,0.472,0.221,0.63,0.594,0.665,0.613,0.675,-0.055,-0.322,0.678,0.131,0.621,0.378,0.573,-0.533,0.609,-0.563,0.685,-0.327,0.444,0.606,0.045,0.494,0.463,-0.441,0.684,0.669,0.66,0.484,0.698,0.602,0.596,0.302,0.589,0.651,0.527,-0.556,0.205,-0.26,0.308,0.523,0.505,-0.565,-0.375,0.316,-0.263,0.568,-0.144,-0.206,0.471,0.493,0.245,0.167,-0.622,0.441,0.662,0.583,0.662,-0.508,0.66,0.476,0.44,-0.514,0.729,0.712,0.454,0.529,-0.457,0.681,-0.14,0.401,-0.449,-0.541,0.564,0.716,-0.529,-0.541,0.615,-0.472,0.629,0.636
BCRX,0.761,-0.525,-0.372,-0.475,-0.092,-0.565,-0.282,-0.004,-0.524,-0.404,0.413,-0.454,-0.565,-0.386,0.59,-0.101,0.482,-0.439,0.043,-0.391,-0.379,-0.136,-0.353,1.0,0.242,-0.137,-0.375,0.63,-0.517,-0.523,-0.588,0.724,-0.029,-0.539,-0.553,0.639,-0.512,0.331,-0.267,-0.442,-0.426,-0.494,-0.501,-0.243,-0.396,-0.477,0.702,-0.564,0.631,-0.385,-0.475,0.377,-0.521,-0.343,-0.402,-0.195,-0.573,-0.456,-0.425,-0.551,-0.42,-0.175,-0.542,-0.158,0.749,0.424,-0.132,0.643,-0.295,-0.447,0.419,-0.489,0.753,-0.029,-0.59,-0.223,-0.52,-0.54,-0.257,-0.261,0.015,0.613,0.661,0.724,0.519,0.732,0.683,0.306,0.395,-0.465,-0.009,-0.208,0.68,-0.195,-0.272,0.599,-0.182,0.184,0.358,0.671,-0.135,0.559,-0.195,-0.521,-0.39,-0.491,-0.35,0.605,-0.429,-0.421,-0.39,-0.517,-0.312,-0.449,-0.537,-0.527,0.558,-0.123,-0.094,-0.397,0.081,-0.474,-0.653,-0.41,-0.485,-0.382,-0.228,0.411,-0.342,-0.311,-0.326,-0.067,-0.498,0.271,-0.504,0.372,-0.414,0.61,-0.577,-0.423,0.39,-0.471,-0.481,0.525,-0.477,-0.324,-0.466,-0.545,-0.411,-0.287,-0.051,0.222,-0.418,-0.165,-0.518,0.765,0.185,0.086,-0.478,-0.506,-0.43,0.489,0.26,-0.581,0.619,-0.292,0.538,0.643,-0.427,-0.253,-0.489,-0.14,0.646,0.114,-0.408,-0.288,-0.245,0.732,-0.547,-0.584,-0.544,0.535,-0.457,-0.521,-0.494,-0.594,0.616,-0.455,0.677,-0.199,0.238,0.701,-0.304,-0.369,0.262,0.579,-0.396,0.678,-0.498,-0.351
BGC,0.125,-0.028,0.149,0.096,0.497,-0.12,0.048,0.532,0.118,0.252,0.49,0.102,0.204,0.184,0.133,-0.235,-0.261,-0.089,0.393,-0.097,0.073,0.241,0.395,0.242,1.0,0.439,0.015,0.274,-0.116,-0.149,0.072,0.299,-0.033,0.063,-0.247,0.124,-0.141,-0.07,-0.406,0.183,-0.149,0.089,-0.124,0.293,-0.242,0.26,0.432,-0.149,-0.079,-0.092,-0.077,-0.236,0.05,0.238,-0.025,0.28,0.178,0.286,-0.018,-0.089,-0.312,-0.044,-0.02,-0.237,0.19,-0.093,0.137,0.183,0.107,-0.428,-0.104,0.017,0.435,0.375,-0.087,0.236,0.068,-0.095,0.159,0.149,-0.383,-0.027,0.291,0.525,0.109,0.528,0.426,0.653,0.579,0.108,-0.195,-0.405,0.214,0.42,-0.031,0.338,0.501,0.52,0.016,0.234,0.169,-0.014,0.378,-0.066,0.004,0.047,0.159,-0.017,0.259,0.253,0.172,0.058,0.271,0.088,-0.132,0.128,0.329,0.395,0.176,0.022,0.235,0.075,0.038,0.189,0.059,0.305,-0.519,0.101,0.253,-0.344,0.248,0.203,0.022,-0.304,0.15,-0.271,0.241,0.165,-0.22,0.244,0.16,-0.232,-0.072,-0.086,0.079,0.221,0.11,-0.03,0.291,0.317,0.438,0.512,0.131,0.267,-0.013,0.101,0.132,-0.337,-0.186,-0.016,0.074,-0.153,-0.461,-0.144,0.272,0.206,0.211,0.465,-0.202,0.306,-0.341,-0.304,0.023,0.562,0.019,0.207,0.337,0.174,0.206,-0.024,-0.167,0.06,0.254,0.097,-0.212,0.017,0.038,0.217,0.415,-0.064,-0.212,0.181,0.153,0.265,-0.332,-0.057,0.263,0.165,0.088,0.2
BIDU,-0.219,0.604,0.668,0.7,0.742,0.549,0.037,0.484,0.536,0.686,0.375,0.693,0.522,0.711,-0.504,0.441,-0.694,0.557,0.735,0.469,0.659,0.742,0.435,-0.137,0.439,1.0,0.642,-0.135,0.612,0.53,0.531,-0.178,0.582,0.52,0.372,-0.401,0.584,-0.495,-0.139,0.681,-0.037,0.639,0.437,0.74,-0.046,0.561,-0.055,0.315,-0.416,0.115,0.566,-0.045,0.189,0.766,0.544,0.66,0.637,0.693,0.694,0.561,0.067,0.503,0.293,-0.045,-0.403,-0.546,0.619,-0.368,0.689,0.143,-0.58,0.668,0.07,0.675,0.175,0.636,0.674,0.167,0.378,0.406,-0.091,-0.366,-0.323,0.151,-0.374,-0.011,0.281,0.505,0.334,0.654,-0.252,-0.247,-0.306,0.783,-0.076,-0.349,0.679,0.514,-0.473,-0.205,0.36,-0.416,0.684,0.498,0.023,0.43,0.757,-0.346,0.58,0.611,0.441,0.648,0.77,0.572,0.472,0.615,0.155,0.573,0.028,0.706,0.368,0.608,0.553,0.698,0.639,0.736,-0.315,-0.351,0.66,0.198,0.779,0.711,0.601,-0.639,0.597,-0.552,0.786,-0.453,0.318,0.76,0.448,0.148,0.632,-0.56,0.626,0.658,0.704,0.553,0.557,0.769,0.777,0.41,0.799,0.35,0.65,-0.338,0.528,-0.222,0.491,0.532,0.519,-0.542,-0.474,0.306,-0.086,0.748,-0.186,0.03,0.47,0.78,0.214,-0.253,-0.293,0.373,0.653,0.774,0.734,-0.21,0.662,0.52,0.425,-0.427,0.523,0.631,0.405,0.431,-0.465,0.656,-0.144,0.269,-0.554,-0.26,0.189,0.753,-0.577,-0.459,0.613,-0.312,0.623,0.778
BILI,-0.444,0.789,0.625,0.817,0.555,0.635,0.064,0.206,0.607,0.622,0.175,0.858,0.509,0.718,-0.559,0.705,-0.537,0.701,0.603,0.649,0.759,0.797,0.385,-0.375,0.015,0.642,1.0,-0.281,0.69,0.613,0.662,-0.424,0.566,0.435,0.498,-0.462,0.637,-0.347,0.141,0.698,0.093,0.615,0.542,0.781,0.201,0.513,-0.392,0.514,-0.464,0.235,0.688,0.116,0.246,0.774,0.483,0.493,0.667,0.642,0.846,0.702,0.163,0.635,0.467,0.051,-0.576,-0.494,0.647,-0.511,0.773,0.328,-0.621,0.757,-0.204,0.494,0.249,0.344,0.678,0.353,0.537,0.561,0.018,-0.541,-0.51,-0.222,-0.397,-0.463,-0.205,-0.01,0.161,0.731,0.016,0.045,-0.53,0.744,-0.058,-0.535,0.451,0.491,-0.49,-0.462,0.473,-0.404,0.601,0.64,0.072,0.558,0.739,-0.39,0.383,0.624,0.533,0.737,0.726,0.719,0.572,0.657,0.035,0.511,0.048,0.789,0.413,0.653,0.673,0.76,0.643,0.828,-0.108,-0.418,0.684,0.439,0.742,0.67,0.607,-0.454,0.708,-0.412,0.651,-0.518,0.509,0.861,0.344,0.336,0.715,-0.548,0.716,0.742,0.805,0.635,0.468,0.713,0.633,0.123,0.7,0.144,0.728,-0.633,0.23,0.105,0.738,0.623,0.623,-0.503,-0.279,0.497,-0.206,0.81,-0.339,-0.324,0.555,0.592,0.389,0.085,-0.431,0.052,0.777,0.663,0.76,-0.401,0.646,0.517,0.548,-0.549,0.55,0.626,0.604,0.521,-0.528,0.632,-0.261,0.424,-0.269,-0.523,0.084,0.714,-0.282,-0.478,0.669,-0.498,0.695,0.788
BKR,0.756,-0.469,-0.46,-0.384,0.03,-0.662,-0.391,0.075,-0.646,-0.525,0.447,-0.39,-0.453,-0.437,0.659,-0.014,0.407,-0.465,0.053,-0.544,-0.444,-0.028,-0.311,0.63,0.274,-0.135,-0.281,1.0,-0.528,-0.629,-0.444,0.453,-0.097,-0.686,-0.656,0.684,-0.631,0.46,-0.254,-0.343,-0.461,-0.561,-0.604,-0.249,-0.439,-0.474,0.621,-0.476,0.745,-0.51,-0.455,0.433,-0.532,-0.3,-0.556,-0.254,-0.539,-0.348,-0.396,-0.59,-0.672,-0.067,-0.574,-0.33,0.648,0.474,0.009,0.828,-0.298,-0.592,0.498,-0.488,0.699,-0.148,-0.504,-0.496,-0.507,-0.537,-0.238,-0.273,-0.095,0.624,0.805,0.4,0.717,0.6,0.524,0.136,0.454,-0.451,0.01,-0.264,0.705,-0.175,-0.295,0.447,-0.129,0.199,0.327,0.754,-0.391,0.639,-0.158,-0.509,-0.428,-0.422,-0.356,0.743,-0.183,-0.402,-0.579,-0.461,-0.256,-0.455,-0.665,-0.479,0.723,-0.192,-0.156,-0.174,-0.059,-0.533,-0.577,-0.397,-0.43,-0.355,-0.432,0.514,-0.266,-0.381,-0.237,-0.043,-0.596,0.375,-0.526,0.401,-0.465,0.563,-0.507,-0.315,0.284,-0.484,-0.477,0.555,-0.475,-0.411,-0.421,-0.621,-0.327,-0.334,-0.075,-0.073,-0.453,0.015,-0.482,0.584,-0.141,0.208,-0.371,-0.557,-0.475,0.58,0.183,-0.548,0.67,-0.157,0.655,0.762,-0.535,-0.386,-0.58,-0.164,0.751,-0.038,-0.429,-0.298,-0.106,0.802,-0.393,-0.623,-0.727,0.628,-0.534,-0.549,-0.568,-0.443,0.563,-0.407,0.752,-0.102,0.33,0.663,-0.36,-0.269,0.267,0.641,-0.394,0.793,-0.312,-0.289
BLDP,-0.631,0.802,0.735,0.795,0.433,0.862,0.242,0.299,0.741,0.753,-0.147,0.822,0.68,0.793,-0.648,0.545,-0.555,0.795,0.547,0.747,0.8,0.578,0.456,-0.517,-0.116,0.612,0.69,-0.528,1.0,0.834,0.694,-0.608,0.581,0.678,0.775,-0.752,0.913,-0.492,0.256,0.746,0.306,0.697,0.775,0.7,0.496,0.678,-0.505,0.567,-0.585,0.393,0.824,-0.054,0.396,0.708,0.746,0.551,0.663,0.687,0.893,0.774,0.572,0.537,0.569,0.391,-0.662,-0.533,0.565,-0.697,0.792,0.603,-0.669,0.859,-0.439,0.516,0.382,0.666,0.879,0.597,0.433,0.481,0.197,-0.7,-0.687,-0.366,-0.543,-0.57,-0.305,0.01,-0.131,0.812,-0.031,0.189,-0.644,0.569,0.187,-0.675,0.433,0.142,-0.495,-0.63,0.357,-0.551,0.518,0.819,0.428,0.621,0.823,-0.661,0.495,0.62,0.58,0.735,0.74,0.707,0.852,0.746,-0.265,0.419,0.154,0.755,0.184,0.834,0.688,0.723,0.814,0.712,0.258,-0.568,0.686,0.522,0.762,0.576,0.738,-0.42,0.811,-0.359,0.681,-0.711,0.616,0.75,0.292,0.632,0.846,-0.594,0.797,0.697,0.796,0.742,0.593,0.69,0.495,-0.001,0.739,0.37,0.819,-0.63,0.448,-0.055,0.66,0.781,0.705,-0.604,-0.183,0.605,-0.464,0.672,-0.358,-0.552,0.844,0.655,0.64,0.133,-0.665,0.064,0.855,0.74,0.605,-0.649,0.754,0.673,0.813,-0.566,0.574,0.662,0.783,0.723,-0.746,0.695,-0.467,0.451,-0.472,-0.588,0.343,0.65,-0.347,-0.611,0.641,-0.634,0.686,0.762
BLNK,-0.677,0.73,0.89,0.728,0.371,0.939,0.189,0.259,0.768,0.771,-0.186,0.773,0.611,0.703,-0.684,0.423,-0.538,0.743,0.51,0.808,0.761,0.499,0.485,-0.523,-0.149,0.53,0.613,-0.629,0.834,1.0,0.651,-0.58,0.541,0.72,0.863,-0.729,0.931,-0.565,0.322,0.692,0.28,0.663,0.825,0.645,0.428,0.667,-0.434,0.572,-0.703,0.41,0.786,-0.155,0.388,0.653,0.729,0.568,0.791,0.634,0.796,0.742,0.701,0.448,0.538,0.495,-0.707,-0.585,0.511,-0.809,0.748,0.613,-0.711,0.779,-0.471,0.554,0.468,0.667,0.879,0.565,0.373,0.434,0.169,-0.702,-0.768,-0.305,-0.623,-0.578,-0.247,0.05,-0.082,0.754,-0.048,0.18,-0.658,0.515,0.151,-0.676,0.407,0.13,-0.523,-0.687,0.594,-0.575,0.54,0.768,0.383,0.581,0.819,-0.738,0.5,0.57,0.644,0.715,0.685,0.687,0.935,0.799,-0.356,0.501,0.172,0.703,0.238,0.831,0.725,0.682,0.811,0.661,0.272,-0.574,0.631,0.576,0.715,0.516,0.719,-0.556,0.729,-0.484,0.688,-0.779,0.692,0.687,0.232,0.527,0.77,-0.644,0.787,0.711,0.784,0.727,0.563,0.631,0.526,0.112,0.794,0.333,0.726,-0.727,0.483,-0.098,0.627,0.722,0.774,-0.673,-0.188,0.664,-0.451,0.618,-0.418,-0.639,0.884,0.69,0.737,0.11,-0.767,0.191,0.787,0.67,0.551,-0.706,0.744,0.887,0.877,-0.631,0.575,0.67,0.882,0.707,-0.772,0.681,-0.543,0.441,-0.559,-0.563,0.287,0.644,-0.407,-0.656,0.658,-0.665,0.669,0.675
BYND,-0.711,0.836,0.65,0.809,0.597,0.656,0.426,0.363,0.776,0.705,-0.046,0.831,0.759,0.807,-0.645,0.413,-0.627,0.676,0.461,0.708,0.771,0.591,0.688,-0.588,0.072,0.531,0.662,-0.444,0.694,0.651,1.0,-0.578,0.489,0.666,0.6,-0.781,0.648,-0.436,0.129,0.805,0.405,0.759,0.635,0.747,0.353,0.745,-0.492,0.638,-0.547,0.464,0.762,-0.105,0.629,0.843,0.712,0.592,0.779,0.843,0.733,0.686,0.396,0.641,0.697,0.296,-0.66,-0.529,0.598,-0.604,0.717,0.491,-0.584,0.796,-0.365,0.418,0.547,0.502,0.713,0.594,0.627,0.641,-0.047,-0.726,-0.612,-0.349,-0.486,-0.533,-0.422,0.096,0.168,0.833,-0.047,0.125,-0.709,0.668,0.309,-0.587,0.63,0.368,-0.504,-0.653,0.429,-0.707,0.584,0.782,0.403,0.743,0.754,-0.625,0.619,0.873,0.646,0.871,0.754,0.843,0.643,0.709,-0.162,0.497,0.295,0.712,0.25,0.771,0.829,0.782,0.785,0.791,0.159,-0.509,0.749,0.468,0.751,0.541,0.749,-0.53,0.781,-0.582,0.767,-0.623,0.683,0.755,0.18,0.607,0.806,-0.672,0.805,0.762,0.766,0.697,0.794,0.73,0.554,0.077,0.765,0.434,0.788,-0.756,0.218,0.024,0.598,0.853,0.651,-0.531,-0.289,0.542,-0.466,0.677,-0.383,-0.478,0.687,0.618,0.46,0.194,-0.64,0.161,0.797,0.691,0.717,-0.667,0.84,0.65,0.638,-0.745,0.661,0.824,0.659,0.755,-0.696,0.863,-0.395,0.465,-0.311,-0.752,0.46,0.761,-0.363,-0.595,0.706,-0.661,0.842,0.84
