,AAL,AAPL,ABUS,ADBE,ADI,ADMA,AEP,AGNC,AKBA,ALT,AMAT,AMD,AMGN,AMZN,APA,APPS,ARCC,ARDX,ATER,ATOS,AUPH,AVGO,AZN,BCRX,BGC,BIDU,BILI,BKR,BLDP,BLNK,BYND,CAN,CELH,CG,CGC,CHRD,CLNE,CMCSA,COMM,COST,CPB,CPRT,CRON,CRWD,CSCO,CSGP,CSX,CTSH,CZR,DBX,DDOG,DKNG,DLTR,DOCU,DVAX,DXCM,EA,EBAY,ENPH,ERIC,ESPR,ETSY,EXC,EXEL,EXPE,FANG,FAST,FITB,FLEX,FOLD,FOXA,FSLR,FTNT,FUTU,GEN,GERN,GEVO,GILD,GOOG,GOOGL,GPRO,GT,HBAN,HIVE,HON,HST,HUT,IBRX,INTC,IOVA,IQ,IRWD,JBLU,JD,KDP,KHC,LBTYK,LRCX,LYFT,MAR,MARA,MAT,MCHP,MCRB,MDLZ,META,MGNI,MLCO,MNKD,MNST,MOMO,MRNA,MRVL,MSFT,MSTR,MTCH,MU,MVIS,NDAQ,NFLX,NKTR,NNDM,NTES,NTNX,NVAX,NVDA,NWL,NWSA,NXPI,OCGN,OKTA,ON,OPK,PAA,PACB,PAGP,PANW,PARA,PCAR,PDD,PENN,PEP,PLUG,PTEN,PTON,PYPL,QCOM,QUBT,QVCGA,RDFN,REAL,RIOT,ROKU,ROST,RUN,SABR,SAVA,SBUX,SFIX,SGMO,SIRI,SLM,SMCI,SNDL,SONO,STNE,STX,TCOM,TGTX,TIGR,TLRY,TMUS,TRIP,TSCO,TSLA,TTD,TXN,UAL,UNIT,VERU,VKTX,VLY,VOD,VTRS,VXRT,WBA,WBD,WDAY,WDC,WEN,WW,WYNN,XEL,XP,XRAY,XRX,Z,ZION,ZM,ZS
AAL,1.0,-0.107,-0.192,0.288,0.301,0.171,-0.166,-0.049,0.118,-0.244,0.466,0.342,0.622,0.257,0.661,-0.307,-0.384,0.439,0.005,0.197,0.116,0.356,0.376,-0.385,-0.291,-0.198,0.197,-0.017,0.307,0.107,0.075,0.369,0.354,0.559,0.098,0.238,0.25,0.428,-0.441,0.26,0.371,0.026,0.432,0.213,0.454,-0.431,-0.497,0.237,-0.181,-0.098,0.553,-0.06,-0.115,-0.172,-0.324,0.3,0.122,-0.32,0.204,0.172,0.536,0.049,0.363,-0.356,0.731,0.435,0.208,-0.101,-0.045,0.507,0.147,0.179,0.517,-0.274,-0.243,0.588,0.431,-0.137,0.295,0.32,0.251,0.742,-0.272,0.616,0.759,0.824,0.619,0.335,0.693,0.214,-0.081,0.154,0.877,-0.359,0.424,0.619,-0.381,0.389,0.749,0.642,0.649,0.344,0.544,0.147,0.47,0.327,-0.278,0.341,0.407,0.656,-0.068,-0.422,0.372,0.284,0.726,0.118,0.278,0.459,0.442,-0.484,-0.081,0.22,0.006,0.371,0.204,0.482,0.622,0.508,0.594,-0.083,0.249,0.364,0.321,0.523,0.585,0.446,0.009,-0.13,0.263,-0.399,-0.345,0.537,0.226,0.304,-0.343,-0.33,0.34,0.261,-0.151,0.046,0.19,0.465,-0.258,0.593,0.274,-0.043,0.719,0.325,0.297,0.671,0.526,0.181,0.676,0.106,0.531,-0.147,0.366,0.627,0.493,-0.34,0.356,0.635,0.143,0.226,0.148,0.104,0.032,0.925,-0.575,0.365,0.699,0.479,-0.153,0.714,-0.122,0.617,0.388,0.253,0.143,0.117,0.528,0.445,-0.475,0.369,-0.129,0.338,-0.413,0.133,-0.306,0.318
AAPL,-0.107,1.0,-0.439,0.678,0.463,0.18,-0.266,-0.199,-0.236,-0.451,0.431,0.389,-0.099,0.724,-0.135,-0.522,-0.57,-0.484,-0.526,-0.383,-0.17,0.462,-0.461,-0.468,-0.509,-0.413,-0.307,-0.489,-0.218,0.416,-0.421,0.063,-0.484,0.304,-0.224,0.322,-0.46,-0.033,-0.349,0.545,0.158,0.341,-0.292,-0.394,-0.35,-0.242,0.282,0.489,-0.521,-0.442,0.3,-0.526,0.526,-0.167,-0.254,0.442,-0.489,-0.038,0.395,-0.071,-0.278,0.545,0.237,-0.431,0.091,-0.222,0.531,-0.244,0.23,0.188,-0.489,-0.384,0.289,-0.183,-0.377,-0.084,-0.32,0.48,0.446,0.408,0.394,0.13,0.013,0.079,0.075,0.022,-0.091,-0.408,0.1,-0.526,-0.602,-0.479,-0.067,0.57,0.078,-0.241,-0.34,0.51,-0.088,-0.172,-0.175,0.205,0.26,0.493,0.238,0.44,-0.523,-0.101,-0.054,0.175,-0.042,-0.246,0.457,0.477,-0.091,-0.39,0.582,-0.033,0.19,0.262,-0.406,-0.496,0.421,0.144,0.422,0.479,-0.001,-0.224,0.286,-0.324,0.223,0.486,0.518,-0.23,0.008,-0.435,0.478,-0.498,-0.187,-0.36,-0.469,0.392,0.346,-0.507,-0.36,-0.417,0.491,0.232,-0.329,-0.534,0.219,0.078,-0.519,0.325,-0.228,-0.546,-0.047,0.18,-0.569,0.115,0.218,-0.085,0.232,0.141,0.072,-0.551,0.213,-0.102,-0.444,-0.237,0.022,-0.038,-0.414,0.618,0.083,0.37,0.229,-0.054,-0.071,-0.144,-0.19,0.309,0.163,-0.267,0.382,-0.042,0.118,0.266,0.166,-0.076,0.044,-0.009,0.046,-0.57,-0.501,0.035,-0.456,0.223,-0.251,0.529
ABUS,-0.192,-0.439,1.0,-0.522,-0.679,-0.675,0.499,0.309,0.257,0.444,-0.764,-0.701,-0.05,-0.648,-0.306,0.757,0.656,0.619,0.375,0.477,0.405,-0.747,0.504,0.734,0.779,0.304,-0.176,0.474,-0.003,-0.704,0.513,-0.579,0.44,-0.624,-0.074,-0.682,0.613,-0.294,0.729,-0.655,-0.584,-0.455,-0.18,0.288,0.025,0.525,0.394,-0.758,0.757,0.779,-0.596,0.883,-0.63,0.664,0.838,-0.674,0.279,0.353,-0.638,0.084,0.096,-0.581,-0.602,0.752,-0.447,0.058,-0.808,0.083,-0.372,-0.386,0.33,0.451,-0.432,0.252,0.619,0.02,-0.054,-0.284,-0.578,-0.507,-0.65,-0.498,-0.127,-0.38,-0.456,-0.402,-0.278,0.492,-0.564,0.67,0.393,0.479,-0.257,-0.422,-0.258,-0.121,0.412,-0.688,-0.415,0.198,-0.296,-0.725,-0.6,-0.74,-0.647,-0.674,0.777,-0.383,-0.307,-0.573,-0.318,0.893,-0.683,-0.647,-0.263,0.533,-0.767,-0.215,-0.463,0.112,0.898,0.564,-0.768,-0.122,-0.3,-0.617,-0.421,0.045,-0.64,0.475,-0.526,-0.649,-0.528,-0.258,-0.108,0.135,-0.582,0.696,-0.12,0.358,0.829,-0.505,-0.642,0.383,0.893,0.689,-0.678,-0.612,0.385,0.709,-0.685,-0.656,0.78,-0.555,-0.004,0.625,-0.251,-0.168,0.336,-0.497,-0.595,-0.26,-0.53,-0.563,-0.395,0.594,-0.786,-0.446,0.382,0.357,-0.543,-0.123,0.54,-0.705,0.071,-0.636,-0.069,-0.295,0.578,-0.462,0.031,-0.701,-0.32,-0.243,0.288,-0.293,-0.724,-0.683,-0.45,0.278,-0.493,-0.435,0.192,0.45,0.713,-0.47,0.75,-0.541,0.741,-0.708
ADBE,0.288,0.678,-0.522,1.0,0.731,0.281,-0.365,-0.185,-0.217,-0.564,0.681,0.594,0.01,0.757,0.337,-0.612,-0.718,-0.291,-0.446,-0.336,-0.157,0.736,-0.508,-0.582,-0.616,-0.426,-0.182,-0.346,-0.078,0.411,-0.37,0.374,-0.453,0.649,-0.087,0.472,-0.419,0.244,-0.441,0.717,0.489,0.431,-0.065,-0.315,-0.23,-0.377,-0.167,0.566,-0.512,-0.527,0.605,-0.503,0.512,-0.167,-0.335,0.542,-0.315,-0.096,0.473,0.009,-0.044,0.756,0.373,-0.548,0.429,0.1,0.702,-0.099,0.367,0.436,-0.186,-0.331,0.679,-0.163,-0.484,0.209,-0.115,0.28,0.568,0.559,0.495,0.58,0.038,0.336,0.442,0.346,0.182,-0.375,0.49,-0.542,-0.611,-0.39,0.366,0.331,0.248,-0.036,-0.293,0.735,0.334,0.102,0.039,0.441,0.633,0.594,0.428,0.717,-0.554,0.186,0.168,0.503,0.089,-0.415,0.705,0.589,0.196,-0.305,0.709,0.117,0.387,0.156,-0.499,-0.378,0.401,0.347,0.456,0.704,0.28,0.092,0.609,-0.326,0.446,0.664,0.594,0.075,0.397,-0.094,0.538,-0.496,0.007,-0.404,-0.546,0.567,0.479,-0.295,-0.53,-0.541,0.701,0.323,-0.376,-0.444,0.37,0.284,-0.602,0.491,0.026,-0.51,0.369,0.218,-0.392,0.551,0.538,0.157,0.65,0.202,0.208,-0.629,0.348,0.292,-0.346,-0.275,0.199,0.309,-0.355,0.722,0.142,0.426,0.332,0.378,-0.25,0.076,0.204,0.533,0.292,0.009,0.167,0.374,0.462,0.444,0.156,-0.008,0.372,0.288,-0.109,-0.379,-0.632,0.316,-0.556,0.471,-0.291,0.676
ADI,0.301,0.463,-0.679,0.731,1.0,0.411,-0.382,-0.098,-0.175,-0.321,0.765,0.792,-0.011,0.717,0.556,-0.722,-0.705,-0.417,-0.296,-0.449,-0.392,0.818,-0.562,-0.625,-0.576,-0.272,0.085,-0.393,-0.13,0.523,-0.576,0.6,-0.53,0.662,0.142,0.511,-0.478,0.548,-0.446,0.737,0.64,0.416,0.196,-0.289,-0.16,-0.24,-0.412,0.735,-0.546,-0.682,0.758,-0.632,0.555,-0.453,-0.559,0.538,-0.253,-0.126,0.533,0.071,-0.108,0.742,0.476,-0.716,0.576,0.034,0.714,0.187,0.501,0.369,-0.028,-0.475,0.655,-0.068,-0.451,0.051,-0.061,0.382,0.534,0.484,0.623,0.668,0.256,0.397,0.492,0.378,0.24,-0.46,0.609,-0.599,-0.422,-0.364,0.463,0.381,0.148,0.086,-0.183,0.78,0.474,-0.089,0.142,0.529,0.789,0.652,0.514,0.678,-0.579,0.42,0.185,0.636,0.315,-0.583,0.774,0.607,0.284,-0.351,0.718,0.313,0.261,0.034,-0.629,-0.495,0.577,0.246,0.409,0.724,0.388,0.261,0.645,-0.495,0.614,0.634,0.542,0.328,0.198,0.074,0.505,-0.388,0.034,-0.252,-0.58,0.486,0.458,-0.253,-0.668,-0.573,0.779,0.446,-0.195,-0.556,0.613,0.518,-0.621,0.468,0.043,-0.543,0.397,0.337,-0.412,0.618,0.633,0.404,0.665,0.419,0.285,-0.567,0.536,0.495,-0.362,-0.204,0.46,0.209,-0.406,0.683,-0.111,0.611,0.539,0.425,-0.424,0.264,0.205,0.729,0.476,0.339,-0.042,0.557,0.663,0.496,0.43,-0.214,0.615,0.399,-0.018,-0.282,-0.581,0.597,-0.675,0.739,-0.509,0.693
ADMA,0.171,0.18,-0.675,0.281,0.411,1.0,-0.6,-0.434,-0.002,-0.15,0.581,0.573,0.108,0.422,0.172,-0.597,-0.592,-0.369,-0.311,-0.329,-0.479,0.632,-0.418,-0.608,-0.631,-0.081,0.323,-0.39,0.091,0.626,-0.377,0.586,-0.379,0.57,0.422,0.694,-0.427,0.071,-0.516,0.562,0.584,0.291,0.287,-0.266,0.087,-0.544,-0.513,0.614,-0.536,-0.611,0.485,-0.58,0.515,-0.504,-0.446,0.506,0.028,-0.487,0.564,-0.254,-0.082,0.377,0.576,-0.644,0.35,-0.19,0.612,-0.199,0.259,0.418,-0.2,-0.348,0.277,-0.202,-0.51,-0.005,0.108,0.256,0.434,0.404,0.642,0.462,0.163,0.211,0.3,0.26,0.281,-0.42,0.434,-0.581,-0.201,-0.553,0.15,0.488,0.106,0.187,-0.353,0.554,0.331,-0.268,0.24,0.697,0.496,0.592,0.502,0.489,-0.583,0.352,0.433,0.569,0.566,-0.601,0.597,0.5,0.199,-0.574,0.588,0.221,0.38,0.124,-0.539,-0.345,0.682,-0.044,0.377,0.532,0.342,-0.174,0.605,-0.278,0.258,0.489,0.435,0.153,0.027,-0.2,0.451,-0.527,0.216,-0.039,-0.602,0.345,0.623,-0.338,-0.619,-0.659,0.503,0.451,-0.2,-0.598,0.603,0.609,-0.597,0.285,0.197,-0.62,0.157,-0.014,-0.312,0.382,0.609,0.09,0.463,0.688,0.317,-0.485,0.833,0.386,-0.343,-0.231,0.586,0.08,-0.559,0.46,-0.12,0.553,-0.23,0.224,-0.542,0.674,0.009,0.49,0.186,0.17,-0.095,0.243,0.695,0.561,0.53,-0.424,0.532,0.393,-0.337,-0.312,-0.521,0.392,-0.627,0.327,-0.526,0.592
AEP,-0.166,-0.266,0.499,-0.365,-0.382,-0.6,1.0,0.299,0.282,0.274,-0.53,-0.402,0.049,-0.484,-0.262,0.483,0.421,0.307,0.237,0.42,0.408,-0.446,0.412,0.482,0.596,-0.077,-0.287,0.368,0.001,-0.588,0.563,-0.576,0.42,-0.64,-0.443,-0.519,0.488,-0.033,0.539,-0.509,-0.46,-0.389,-0.257,0.162,0.018,0.441,0.33,-0.562,0.476,0.556,-0.482,0.551,-0.521,0.538,0.38,-0.417,-0.096,0.365,-0.379,-0.018,0.206,-0.55,-0.446,0.501,-0.341,0.126,-0.621,0.104,-0.401,-0.236,0.3,0.346,-0.335,0.137,0.334,0.14,0.075,-0.316,-0.388,-0.35,-0.668,-0.426,-0.143,-0.123,-0.238,-0.255,-0.103,0.361,-0.27,0.508,0.159,0.466,-0.141,-0.414,0.08,-0.069,0.278,-0.568,-0.301,0.24,-0.204,-0.545,-0.319,-0.397,-0.441,-0.457,0.553,-0.408,-0.147,-0.543,-0.527,0.494,-0.508,-0.333,-0.154,0.427,-0.555,-0.176,-0.207,-0.225,0.475,0.413,-0.628,0.048,-0.271,-0.456,-0.244,0.121,-0.353,0.446,-0.306,-0.443,-0.403,-0.086,0.018,0.255,-0.46,0.57,0.064,0.132,0.582,-0.159,-0.436,0.412,0.51,0.574,-0.577,-0.391,0.356,0.45,-0.526,-0.521,0.495,-0.259,-0.065,0.357,-0.164,0.005,0.284,-0.34,-0.53,-0.013,-0.405,-0.713,-0.271,0.345,-0.689,-0.415,0.281,0.208,-0.603,-0.04,0.533,-0.512,0.264,-0.495,0.13,-0.225,0.456,-0.586,0.108,-0.44,-0.357,-0.07,0.121,-0.27,-0.526,-0.553,-0.479,0.45,-0.511,-0.259,0.346,0.203,0.609,-0.255,0.437,-0.361,0.541,-0.42
AGNC,-0.049,-0.199,0.309,-0.185,-0.098,-0.434,0.299,1.0,-0.15,0.368,-0.349,-0.376,-0.005,-0.197,0.156,0.306,0.232,0.088,0.378,0.409,0.139,-0.403,0.185,0.33,0.311,0.385,0.098,0.238,-0.156,-0.471,0.155,-0.351,0.22,-0.289,-0.133,-0.521,0.173,0.488,0.297,-0.481,-0.149,-0.238,0.051,0.265,-0.001,0.74,-0.016,-0.038,0.359,0.286,-0.31,0.33,-0.471,0.252,0.042,-0.419,0.193,0.792,-0.553,0.473,-0.083,-0.261,-0.45,0.318,-0.206,0.179,-0.452,0.472,0.351,-0.336,0.438,0.031,-0.213,0.758,0.467,-0.092,-0.049,0.176,-0.471,-0.509,-0.393,-0.24,0.465,-0.134,-0.157,-0.142,-0.151,0.275,-0.098,0.391,0.442,0.445,0.114,-0.196,-0.388,0.101,0.514,-0.307,-0.052,0.051,-0.091,-0.499,-0.311,-0.413,-0.328,-0.173,0.24,0.046,-0.415,-0.298,-0.017,0.204,-0.47,-0.531,0.005,0.655,-0.372,0.405,-0.489,-0.344,0.259,0.146,-0.318,0.123,-0.523,-0.453,-0.086,0.386,-0.375,-0.004,0.162,-0.401,-0.451,0.322,-0.166,0.473,-0.4,0.361,-0.322,0.305,0.328,-0.367,-0.429,0.554,0.255,0.421,-0.396,-0.524,0.055,0.369,-0.323,-0.315,0.396,-0.138,-0.154,0.487,-0.045,0.474,0.275,-0.208,-0.284,0.238,-0.292,-0.31,-0.221,0.492,-0.399,0.005,0.219,0.76,-0.217,-0.043,0.375,-0.387,-0.243,-0.4,0.451,-0.042,0.23,-0.224,-0.093,-0.066,0.185,0.044,-0.181,0.217,-0.211,-0.475,0.142,0.172,-0.253,-0.095,0.084,0.465,0.191,0.147,0.317,0.19,0.176,-0.447
AKBA,0.118,-0.236,0.257,-0.217,-0.175,-0.002,0.282,-0.15,1.0,0.198,-0.151,-0.182,0.537,-0.438,-0.025,0.252,0.145,0.498,-0.096,0.488,0.261,-0.212,0.419,0.048,0.408,0.06,0.134,0.316,0.427,-0.149,0.49,-0.147,0.415,-0.193,0.038,-0.124,0.544,-0.099,0.344,-0.18,-0.087,0.068,0.013,-0.102,0.37,-0.073,-0.142,-0.288,0.352,0.426,-0.199,0.323,-0.156,0.344,0.462,0.156,0.264,-0.032,0.062,-0.419,0.508,-0.341,0.209,0.161,-0.22,0.357,-0.204,0.153,-0.257,0.464,0.387,0.489,-0.197,-0.099,-0.035,0.398,0.488,-0.4,-0.078,-0.046,-0.221,0.021,-0.168,0.172,-0.018,0.197,0.311,0.441,-0.005,0.26,0.235,0.247,0.094,-0.119,0.382,0.295,0.163,-0.255,-0.052,0.313,0.212,-0.178,0.075,-0.192,0.105,-0.141,0.351,-0.116,0.503,-0.158,-0.079,0.25,-0.145,0.043,0.188,-0.095,-0.305,-0.002,0.279,0.097,0.481,0.583,-0.182,0.346,0.391,-0.1,0.294,0.183,0.158,0.563,-0.271,0.183,0.176,0.155,0.441,0.2,-0.231,0.531,0.422,0.167,0.332,0.033,0.115,0.07,0.352,0.16,-0.19,-0.178,0.304,0.226,-0.391,-0.065,0.319,0.038,0.471,-0.016,0.184,-0.237,0.432,0.096,0.137,0.195,0.074,-0.198,0.475,0.238,-0.125,-0.239,0.385,-0.196,-0.168,0.31,0.232,-0.22,0.41,-0.337,-0.112,0.076,0.077,0.122,0.488,-0.044,-0.483,0.122,0.446,0.011,-0.117,-0.065,-0.177,0.334,-0.101,0.004,-0.116,0.193,0.558,-0.019,0.051,-0.169,0.407,-0.193
ALT,-0.244,-0.451,0.444,-0.564,-0.321,-0.15,0.274,0.368,0.198,1.0,-0.428,-0.346,-0.032,-0.465,-0.022,0.307,0.318,0.141,0.468,0.424,-0.152,-0.452,0.219,0.336,0.461,0.571,0.332,0.288,-0.075,-0.366,0.278,-0.24,0.198,-0.429,0.28,-0.429,0.306,0.14,0.436,-0.51,-0.143,-0.197,0.225,0.213,0.18,0.633,0.024,-0.306,0.44,0.377,-0.421,0.377,-0.43,0.245,0.333,-0.565,0.367,0.353,-0.508,0.165,-0.02,-0.516,-0.38,0.325,-0.385,0.06,-0.511,0.454,0.057,-0.299,0.438,-0.001,-0.437,0.527,0.516,-0.205,0.025,0.09,-0.524,-0.54,-0.351,-0.374,0.458,-0.214,-0.365,-0.333,-0.223,0.283,-0.344,0.341,0.568,0.259,-0.196,-0.022,-0.395,0.133,0.397,-0.504,-0.234,-0.241,-0.198,-0.43,-0.389,-0.402,-0.315,-0.516,0.359,-0.011,-0.162,-0.372,0.213,0.379,-0.505,-0.558,-0.18,0.391,-0.448,0.177,-0.466,-0.084,0.512,0.237,-0.282,-0.077,-0.413,-0.541,-0.246,0.237,-0.395,0.027,-0.015,-0.517,-0.51,0.09,-0.278,0.246,-0.42,0.557,-0.185,0.66,0.444,-0.417,-0.412,0.371,0.445,0.582,-0.538,-0.345,0.22,0.217,-0.212,-0.232,0.486,-0.33,-0.016,0.292,-0.319,0.11,0.235,-0.405,-0.295,0.012,-0.485,-0.101,-0.232,0.536,-0.285,-0.193,0.122,0.558,-0.035,-0.178,0.42,-0.568,-0.271,-0.257,0.083,-0.228,0.193,0.013,-0.105,-0.279,-0.049,0.02,0.011,-0.017,-0.17,-0.336,0.137,-0.019,-0.198,-0.099,0.125,0.364,0.431,0.005,0.302,-0.042,0.409,-0.467
AMAT,0.466,0.431,-0.764,0.681,0.765,0.581,-0.53,-0.349,-0.151,-0.428,1.0,0.74,0.183,0.742,0.596,-0.761,-0.726,-0.272,-0.336,-0.323,-0.385,0.834,-0.392,-0.745,-0.724,-0.248,0.317,-0.373,0.097,0.633,-0.511,0.616,-0.397,0.671,0.289,0.73,-0.376,0.358,-0.629,0.737,0.61,0.521,0.332,-0.225,0.153,-0.594,-0.442,0.774,-0.583,-0.649,0.762,-0.63,0.58,-0.546,-0.605,0.635,-0.066,-0.436,0.615,-0.132,0.005,0.613,0.612,-0.794,0.665,0.135,0.846,-0.034,0.327,0.531,-0.177,-0.352,0.623,-0.339,-0.544,0.159,0.067,0.197,0.614,0.58,0.692,0.748,0.098,0.471,0.581,0.588,0.297,-0.279,0.669,-0.596,-0.368,-0.389,0.498,0.371,0.341,0.341,-0.38,0.862,0.527,-0.031,0.356,0.623,0.76,0.681,0.747,0.685,-0.66,0.453,0.377,0.745,0.206,-0.705,0.789,0.648,0.38,-0.469,0.846,0.266,0.434,-0.074,-0.625,-0.396,0.594,0.28,0.421,0.838,0.496,0.195,0.7,-0.464,0.652,0.678,0.562,0.304,0.383,0.008,0.677,-0.476,0.237,-0.249,-0.694,0.648,0.615,-0.253,-0.736,-0.647,0.791,0.617,-0.264,-0.56,0.668,0.677,-0.669,0.729,0.166,-0.608,0.462,0.158,-0.286,0.697,0.825,0.241,0.725,0.526,0.55,-0.525,0.675,0.527,-0.153,-0.465,0.633,0.303,-0.413,0.735,-0.083,0.629,0.125,0.615,-0.612,0.571,0.261,0.695,0.281,0.443,-0.091,0.551,0.735,0.819,0.389,-0.186,0.715,0.536,-0.246,-0.202,-0.574,0.537,-0.775,0.557,-0.562,0.796
AMD,0.342,0.389,-0.701,0.594,0.792,0.573,-0.402,-0.376,-0.182,-0.346,0.74,1.0,-0.026,0.706,0.428,-0.752,-0.742,-0.446,-0.236,-0.501,-0.468,0.833,-0.545,-0.678,-0.676,-0.446,0.036,-0.511,0.048,0.72,-0.555,0.779,-0.528,0.669,0.252,0.621,-0.425,0.258,-0.58,0.802,0.557,0.358,0.386,-0.255,-0.126,-0.514,-0.393,0.628,-0.668,-0.686,0.816,-0.688,0.604,-0.457,-0.613,0.542,-0.314,-0.391,0.618,-0.05,-0.041,0.671,0.551,-0.788,0.696,-0.099,0.653,-0.15,0.293,0.418,-0.322,-0.47,0.693,-0.301,-0.498,0.083,-0.047,0.212,0.603,0.544,0.73,0.689,0.011,0.482,0.44,0.369,0.322,-0.517,0.554,-0.627,-0.523,-0.47,0.385,0.332,0.27,0.047,-0.388,0.767,0.52,-0.054,0.267,0.717,0.872,0.735,0.5,0.586,-0.648,0.431,0.297,0.703,0.267,-0.669,0.845,0.658,0.332,-0.54,0.727,0.218,0.365,-0.025,-0.648,-0.47,0.59,0.142,0.481,0.814,0.346,0.07,0.755,-0.522,0.471,0.66,0.575,0.155,0.16,-0.107,0.538,-0.59,0.081,-0.413,-0.704,0.573,0.604,-0.422,-0.687,-0.629,0.808,0.665,-0.26,-0.609,0.796,0.709,-0.733,0.429,0.056,-0.599,0.355,0.167,-0.421,0.602,0.582,0.118,0.665,0.516,0.291,-0.696,0.627,0.498,-0.362,-0.423,0.618,0.167,-0.377,0.681,-0.027,0.85,0.185,0.432,-0.613,0.315,0.198,0.629,0.35,0.431,-0.057,0.405,0.647,0.531,0.317,-0.187,0.734,0.475,-0.182,-0.388,-0.6,0.411,-0.732,0.519,-0.553,0.875
AMGN,0.622,-0.099,-0.05,0.01,-0.011,0.108,0.049,-0.005,0.537,-0.032,0.183,-0.026,1.0,-0.064,0.367,-0.026,-0.105,0.477,-0.041,0.495,0.217,-0.024,0.62,-0.214,0.023,0.004,0.286,0.138,0.331,-0.058,0.35,0.02,0.556,0.224,0.04,-0.021,0.36,0.24,-0.182,0.006,0.235,0.099,0.242,0.14,0.624,-0.259,-0.312,0.083,0.132,0.189,0.013,0.064,-0.177,0.011,-0.068,0.276,0.377,-0.111,0.036,-0.027,0.668,-0.213,0.375,-0.05,0.171,0.535,0.04,0.124,-0.117,0.485,0.345,0.282,-0.001,-0.156,-0.167,0.593,0.508,-0.053,0.038,0.063,-0.068,0.358,-0.172,0.523,0.475,0.696,0.565,0.537,0.334,0.369,0.189,0.235,0.504,-0.23,0.425,0.652,-0.224,-0.01,0.435,0.547,0.606,-0.031,0.222,-0.034,0.453,0.045,-0.046,-0.039,0.456,0.205,-0.081,-0.251,0.039,0.094,0.629,0.202,0.03,0.35,0.386,-0.378,0.174,0.467,-0.098,0.484,0.216,0.173,0.565,0.342,0.378,0.22,0.028,0.271,0.34,0.454,0.627,0.436,-0.206,0.208,0.257,-0.139,-0.063,0.416,0.114,0.286,-0.099,-0.071,0.031,-0.028,-0.058,0.178,-0.159,0.313,0.072,0.473,0.292,-0.005,0.625,0.187,0.588,0.488,0.394,0.262,0.422,-0.026,0.652,0.164,0.184,0.17,0.607,-0.285,0.134,0.672,0.208,-0.092,0.282,-0.231,-0.086,0.54,-0.367,0.348,0.682,0.263,-0.341,0.412,0.116,0.413,0.184,0.068,0.113,0.195,0.144,0.198,-0.445,0.351,0.227,0.183,-0.201,0.0,-0.025,-0.02
AMZN,0.257,0.724,-0.648,0.757,0.717,0.422,-0.484,-0.197,-0.438,-0.465,0.742,0.706,-0.064,1.0,0.355,-0.709,-0.748,-0.432,-0.352,-0.507,-0.404,0.714,-0.557,-0.611,-0.736,-0.386,-0.031,-0.62,-0.142,0.532,-0.609,0.451,-0.581,0.672,0.059,0.55,-0.51,0.307,-0.597,0.728,0.481,0.323,0.084,-0.254,-0.165,-0.388,-0.13,0.719,-0.637,-0.71,0.717,-0.669,0.599,-0.506,-0.569,0.543,-0.324,-0.207,0.506,0.066,-0.227,0.735,0.49,-0.683,0.604,-0.189,0.718,-0.166,0.379,0.281,-0.393,-0.461,0.589,-0.192,-0.483,0.006,-0.197,0.491,0.613,0.555,0.639,0.549,0.088,0.301,0.435,0.334,0.098,-0.526,0.409,-0.619,-0.565,-0.459,0.306,0.419,0.186,0.021,-0.398,0.842,0.404,-0.103,0.072,0.515,0.624,0.692,0.468,0.584,-0.674,0.314,0.144,0.631,0.169,-0.57,0.737,0.587,0.199,-0.392,0.748,0.25,0.221,0.022,-0.648,-0.598,0.519,0.031,0.344,0.793,0.262,-0.019,0.538,-0.605,0.466,0.608,0.538,-0.014,0.088,-0.252,0.535,-0.653,-0.133,-0.415,-0.658,0.557,0.488,-0.426,-0.698,-0.648,0.767,0.523,-0.325,-0.542,0.642,0.464,-0.683,0.467,-0.09,-0.549,0.291,0.355,-0.561,0.529,0.544,0.039,0.62,0.388,0.164,-0.667,0.504,0.429,-0.364,-0.301,0.406,0.123,-0.463,0.698,-0.176,0.624,0.154,0.355,-0.496,0.197,-0.014,0.615,0.436,0.111,-0.032,0.322,0.519,0.479,0.417,-0.277,0.533,0.365,-0.102,-0.367,-0.681,0.245,-0.619,0.499,-0.614,0.741
APA,0.661,-0.135,-0.306,0.337,0.556,0.172,-0.262,0.156,-0.025,-0.022,0.596,0.428,0.367,0.355,1.0,-0.34,-0.316,0.228,0.215,0.14,-0.166,0.399,0.032,-0.367,-0.233,0.124,0.473,0.09,0.239,0.104,-0.103,0.458,0.04,0.479,0.241,0.276,0.034,0.613,-0.306,0.308,0.496,0.219,0.59,0.1,0.451,-0.166,-0.569,0.418,-0.03,-0.215,0.523,-0.108,0.023,-0.288,-0.393,0.239,0.301,-0.074,0.126,0.271,0.304,0.294,0.349,-0.424,0.629,0.527,0.303,0.388,0.294,0.341,0.348,-0.063,0.496,0.033,-0.134,0.415,0.319,0.001,0.239,0.225,0.252,0.682,0.142,0.6,0.664,0.659,0.425,0.198,0.628,-0.059,0.136,0.241,0.734,-0.184,0.211,0.627,0.011,0.456,0.688,0.32,0.48,0.244,0.599,0.152,0.518,0.361,-0.205,0.534,0.271,0.571,0.182,-0.456,0.404,0.194,0.576,0.118,0.316,0.582,0.188,-0.417,-0.198,0.093,0.099,0.405,0.0,0.521,0.515,0.601,0.431,-0.287,0.522,0.282,0.218,0.586,0.512,0.552,0.146,0.031,0.179,-0.087,-0.224,0.379,0.146,0.352,-0.402,-0.136,0.469,0.287,-0.138,0.004,0.386,0.502,-0.098,0.566,0.273,-0.084,0.745,0.406,0.214,0.764,0.632,0.303,0.682,0.172,0.484,0.041,0.311,0.688,0.302,-0.076,0.461,0.552,0.163,0.222,-0.094,0.188,0.277,0.748,-0.53,0.468,0.588,0.525,0.303,0.633,-0.274,0.816,0.512,0.372,0.36,0.085,0.631,0.567,-0.308,0.456,-0.118,0.503,-0.371,0.504,-0.333,0.318
APPS,-0.307,-0.522,0.757,-0.612,-0.722,-0.597,0.483,0.306,0.252,0.307,-0.761,-0.752,-0.026,-0.709,-0.34,1.0,0.85,0.455,0.385,0.434,0.467,-0.787,0.469,0.928,0.864,0.269,-0.13,0.489,0.072,-0.66,0.535,-0.594,0.459,-0.668,-0.187,-0.669,0.492,-0.311,0.705,-0.738,-0.582,-0.403,-0.212,0.29,0.052,0.466,0.328,-0.7,0.799,0.641,-0.713,0.751,-0.541,0.48,0.613,-0.524,0.338,0.337,-0.573,0.011,0.113,-0.568,-0.517,0.919,-0.538,0.112,-0.709,0.145,-0.259,-0.417,0.384,0.492,-0.562,0.221,0.536,0.105,0.036,-0.364,-0.586,-0.526,-0.697,-0.556,-0.083,-0.359,-0.477,-0.409,-0.229,0.455,-0.598,0.635,0.442,0.626,-0.331,-0.442,-0.165,-0.143,0.516,-0.762,-0.332,0.193,-0.181,-0.626,-0.65,-0.745,-0.575,-0.65,0.84,-0.413,-0.239,-0.642,-0.37,0.706,-0.743,-0.621,-0.254,0.516,-0.77,-0.213,-0.376,-0.022,0.633,0.639,-0.717,-0.121,-0.371,-0.71,-0.348,-0.015,-0.62,0.647,-0.513,-0.614,-0.546,-0.148,-0.026,0.201,-0.482,0.632,-0.066,0.298,0.8,-0.59,-0.537,0.363,0.685,0.617,-0.72,-0.566,0.429,0.848,-0.659,-0.589,0.794,-0.544,0.029,0.697,-0.246,-0.239,0.45,-0.499,-0.53,-0.176,-0.523,-0.526,-0.333,0.626,-0.708,-0.389,0.404,0.334,-0.535,-0.096,0.434,-0.741,0.044,-0.683,-0.161,-0.379,0.543,-0.343,-0.036,-0.656,-0.252,-0.302,0.088,-0.383,-0.591,-0.6,-0.403,0.299,-0.582,-0.441,0.175,0.391,0.667,-0.454,0.942,-0.462,0.559,-0.777
ARCC,-0.384,-0.57,0.656,-0.718,-0.705,-0.592,0.421,0.232,0.145,0.318,-0.726,-0.742,-0.105,-0.748,-0.316,0.85,1.0,0.375,0.392,0.297,0.348,-0.751,0.463,0.8,0.803,0.336,-0.081,0.473,-0.01,-0.626,0.425,-0.568,0.457,-0.71,-0.209,-0.622,0.38,-0.354,0.614,-0.754,-0.605,-0.405,-0.216,0.371,0.084,0.452,0.393,-0.688,0.718,0.633,-0.7,0.676,-0.517,0.344,0.495,-0.597,0.329,0.189,-0.49,0.115,0.033,-0.592,-0.537,0.796,-0.527,0.058,-0.688,0.135,-0.392,-0.503,0.277,0.486,-0.63,0.125,0.561,-0.003,-0.045,-0.344,-0.51,-0.452,-0.683,-0.643,-0.139,-0.411,-0.531,-0.389,-0.341,0.422,-0.626,0.581,0.523,0.511,-0.391,-0.456,-0.27,-0.142,0.414,-0.791,-0.388,0.094,-0.131,-0.619,-0.705,-0.709,-0.506,-0.72,0.763,-0.341,-0.321,-0.663,-0.306,0.601,-0.735,-0.573,-0.311,0.407,-0.763,-0.296,-0.468,-0.105,0.53,0.508,-0.587,-0.253,-0.461,-0.716,-0.421,-0.072,-0.734,0.477,-0.553,-0.679,-0.61,-0.179,-0.159,0.126,-0.493,0.592,-0.084,0.279,0.745,-0.61,-0.625,0.352,0.64,0.613,-0.667,-0.515,0.355,0.734,-0.607,-0.526,0.786,-0.543,-0.002,0.693,-0.246,-0.272,0.455,-0.507,-0.618,-0.172,-0.595,-0.48,-0.34,0.698,-0.675,-0.409,0.395,0.285,-0.5,-0.177,0.403,-0.733,-0.001,-0.652,-0.2,-0.44,0.48,-0.335,-0.089,-0.668,-0.191,-0.263,-0.097,-0.393,-0.614,-0.528,-0.416,0.199,-0.597,-0.441,0.135,0.371,0.619,-0.482,0.827,-0.52,0.439,-0.78
ARDX,0.439,-0.484,0.619,-0.291,-0.417,-0.369,0.307,0.088,0.498,0.141,-0.272,-0.446,0.477,-0.432,0.228,0.455,0.375,1.0,0.252,0.622,0.533,-0.413,0.718,0.291,0.498,0.152,0.091,0.524,0.451,-0.559,0.634,-0.303,0.65,-0.215,-0.033,-0.312,0.781,-0.06,0.263,-0.397,-0.211,-0.25,0.073,0.274,0.538,0.021,0.001,-0.439,0.552,0.639,-0.196,0.704,-0.582,0.423,0.553,-0.223,0.427,-0.014,-0.209,-0.047,0.587,-0.522,-0.083,0.348,0.025,0.415,-0.504,-0.011,-0.486,0.152,0.391,0.695,-0.13,-0.099,0.231,0.544,0.46,-0.549,-0.149,-0.062,-0.468,0.039,-0.392,0.141,0.19,0.286,0.269,0.747,0.022,0.617,0.359,0.592,0.313,-0.649,0.287,0.476,0.098,-0.302,0.093,0.647,0.245,-0.341,-0.15,-0.546,-0.091,-0.268,0.516,-0.15,0.241,-0.087,-0.372,0.412,-0.376,-0.207,0.285,0.376,-0.488,0.072,0.083,-0.206,0.675,0.739,-0.669,0.137,-0.066,-0.176,0.189,0.339,-0.139,0.496,-0.383,-0.257,-0.173,0.139,0.463,0.402,-0.469,0.583,0.348,0.03,0.492,0.006,-0.262,0.525,0.474,0.355,-0.373,-0.285,0.189,0.63,-0.517,-0.253,0.551,0.045,0.438,0.41,0.356,-0.132,0.604,0.129,-0.026,-0.045,0.054,-0.463,0.23,0.506,-0.394,0.014,0.723,-0.069,-0.29,0.405,0.53,-0.449,0.306,-0.618,-0.178,0.326,0.102,-0.014,0.613,-0.306,-0.538,0.222,0.145,0.134,-0.364,-0.282,-0.359,0.361,-0.116,-0.03,-0.206,0.667,0.607,-0.232,0.337,-0.451,0.409,-0.434
ATER,0.005,-0.526,0.375,-0.446,-0.296,-0.311,0.237,0.378,-0.096,0.468,-0.336,-0.236,-0.041,-0.352,0.215,0.385,0.392,0.252,1.0,0.362,0.044,-0.408,0.306,0.389,0.381,0.383,0.188,0.285,0.138,-0.371,0.266,-0.036,0.294,-0.317,0.21,-0.435,0.389,0.115,0.233,-0.477,-0.184,-0.325,0.431,0.437,0.168,0.433,-0.035,-0.311,0.418,0.365,-0.229,0.408,-0.483,0.211,0.066,-0.458,0.26,0.27,-0.526,0.427,0.078,-0.429,-0.348,0.33,-0.052,0.204,-0.512,0.319,-0.13,-0.363,0.272,0.134,-0.082,0.298,0.542,0.101,0.175,-0.124,-0.464,-0.466,-0.401,-0.179,0.093,0.187,-0.056,-0.113,0.026,0.356,-0.142,0.434,0.534,0.578,0.01,-0.388,-0.204,0.087,0.4,-0.403,0.093,0.067,0.182,-0.302,-0.267,-0.472,-0.307,-0.362,0.407,0.038,-0.188,-0.24,-0.032,0.222,-0.413,-0.521,0.144,0.467,-0.344,0.264,-0.378,-0.331,0.35,0.319,-0.424,-0.022,-0.529,-0.355,-0.105,0.224,-0.358,0.058,-0.009,-0.508,-0.48,0.211,-0.059,0.4,-0.245,0.354,-0.151,0.252,0.352,-0.397,-0.378,0.446,0.282,0.527,-0.422,0.001,0.212,0.494,0.051,0.046,0.441,-0.253,-0.003,0.531,-0.018,0.085,0.419,-0.188,-0.332,0.029,-0.3,-0.179,-0.182,0.52,-0.307,0.054,0.323,0.365,0.051,-0.069,0.444,-0.463,-0.196,-0.187,0.136,-0.02,0.024,-0.064,0.011,-0.283,-0.042,0.25,-0.268,0.113,-0.208,-0.375,0.012,0.281,-0.081,-0.084,0.049,0.512,0.418,0.043,0.38,-0.112,0.189,-0.312
ATOS,0.197,-0.383,0.477,-0.336,-0.449,-0.329,0.42,0.409,0.488,0.424,-0.323,-0.501,0.495,-0.507,0.14,0.434,0.297,0.622,0.362,1.0,0.452,-0.495,0.653,0.246,0.479,0.348,0.298,0.571,0.4,-0.539,0.673,-0.354,0.645,-0.343,-0.032,-0.423,0.635,0.073,0.369,-0.561,-0.193,-0.212,0.221,0.254,0.529,0.287,-0.033,-0.356,0.579,0.62,-0.499,0.584,-0.642,0.516,0.363,-0.323,0.435,0.34,-0.43,0.079,0.519,-0.601,-0.289,0.365,-0.337,0.549,-0.585,0.265,-0.171,0.149,0.508,0.445,-0.256,0.261,0.35,0.445,0.509,-0.34,-0.339,-0.318,-0.589,-0.176,-0.02,0.17,-0.034,0.091,0.303,0.844,-0.0,0.609,0.487,0.597,0.155,-0.382,0.152,0.505,0.25,-0.488,-0.078,0.352,0.235,-0.459,-0.266,-0.48,-0.166,-0.211,0.445,-0.139,0.206,-0.345,-0.185,0.274,-0.49,-0.395,0.216,0.522,-0.465,0.305,-0.036,-0.336,0.605,0.767,-0.534,0.455,-0.29,-0.394,0.175,0.37,-0.185,0.463,-0.165,-0.287,-0.318,0.32,0.397,0.519,-0.436,0.63,0.264,0.37,0.454,-0.186,-0.264,0.644,0.414,0.553,-0.579,-0.446,0.094,0.538,-0.553,-0.216,0.519,0.025,0.307,0.394,0.14,0.073,0.696,-0.057,-0.107,0.099,-0.189,-0.421,0.23,0.578,-0.384,-0.108,0.641,0.291,-0.219,0.311,0.612,-0.544,0.314,-0.637,0.049,0.113,0.187,0.025,0.425,-0.234,-0.503,0.139,0.173,0.094,-0.323,-0.31,-0.125,0.592,-0.293,0.053,-0.264,0.632,0.561,0.044,0.272,-0.242,0.501,-0.474
AUPH,0.116,-0.17,0.405,-0.157,-0.392,-0.479,0.408,0.139,0.261,-0.152,-0.385,-0.468,0.217,-0.404,-0.166,0.467,0.348,0.533,0.044,0.452,1.0,-0.391,0.479,0.302,0.387,-0.217,-0.376,0.524,0.408,-0.522,0.573,-0.394,0.529,-0.285,-0.525,-0.293,0.554,-0.168,0.205,-0.356,-0.27,-0.296,-0.292,0.223,0.041,0.01,0.255,-0.453,0.3,0.406,-0.379,0.425,-0.504,0.376,0.341,-0.073,0.015,0.172,-0.111,0.029,0.538,-0.388,-0.24,0.372,-0.253,0.315,-0.464,-0.205,-0.416,0.031,0.124,0.56,-0.1,-0.133,0.019,0.402,0.482,-0.545,-0.065,0.004,-0.604,-0.181,-0.491,0.061,0.124,-0.002,0.285,0.601,0.03,0.444,-0.004,0.565,0.035,-0.585,0.328,0.009,-0.01,-0.341,-0.176,0.558,0.146,-0.185,-0.282,-0.489,-0.275,-0.083,0.4,-0.473,0.146,-0.351,-0.548,0.283,-0.4,-0.097,0.104,0.315,-0.409,-0.08,0.169,-0.133,0.32,0.517,-0.608,0.193,-0.055,-0.329,0.138,0.067,-0.176,0.592,-0.366,-0.166,-0.098,0.101,0.318,0.285,-0.361,0.292,0.32,-0.251,0.326,-0.061,-0.138,0.415,0.301,0.299,-0.459,-0.285,0.068,0.458,-0.594,-0.457,0.288,0.029,0.211,0.347,0.087,-0.171,0.415,-0.089,-0.283,-0.026,-0.134,-0.615,0.025,0.192,-0.44,-0.134,0.455,-0.064,-0.595,0.25,0.33,-0.25,0.608,-0.648,-0.002,-0.013,0.36,-0.4,0.339,-0.289,-0.632,-0.036,0.141,-0.191,-0.494,-0.34,-0.519,0.42,-0.511,-0.354,-0.081,0.258,0.334,-0.258,0.35,-0.427,0.292,-0.444
AVGO,0.356,0.462,-0.747,0.736,0.818,0.632,-0.446,-0.403,-0.212,-0.452,0.834,0.833,-0.024,0.714,0.399,-0.787,-0.751,-0.413,-0.408,-0.495,-0.391,1.0,-0.569,-0.737,-0.736,-0.398,0.03,-0.41,0.005,0.638,-0.554,0.619,-0.538,0.729,0.17,0.717,-0.486,0.303,-0.596,0.82,0.644,0.43,0.203,-0.299,-0.105,-0.522,-0.376,0.696,-0.7,-0.744,0.793,-0.66,0.603,-0.446,-0.563,0.625,-0.321,-0.439,0.716,-0.103,-0.056,0.645,0.555,-0.783,0.62,0.013,0.756,-0.182,0.311,0.528,-0.244,-0.408,0.691,-0.346,-0.612,0.158,-0.03,0.238,0.726,0.713,0.674,0.713,0.024,0.405,0.517,0.384,0.306,-0.501,0.675,-0.688,-0.553,-0.534,0.46,0.333,0.306,0.119,-0.45,0.801,0.489,-0.023,0.19,0.737,0.801,0.739,0.582,0.756,-0.715,0.403,0.309,0.76,0.277,-0.661,0.85,0.785,0.296,-0.548,0.765,0.207,0.464,0.048,-0.676,-0.439,0.602,0.178,0.536,0.785,0.418,0.109,0.748,-0.378,0.485,0.709,0.594,0.236,0.263,-0.075,0.599,-0.609,0.247,-0.385,-0.748,0.631,0.613,-0.309,-0.744,-0.691,0.749,0.559,-0.32,-0.651,0.684,0.572,-0.781,0.517,0.143,-0.627,0.344,0.189,-0.436,0.576,0.651,0.231,0.678,0.484,0.319,-0.703,0.652,0.467,-0.405,-0.374,0.501,0.22,-0.469,0.75,0.057,0.681,0.212,0.485,-0.467,0.339,0.205,0.689,0.29,0.293,-0.027,0.433,0.699,0.635,0.333,-0.236,0.618,0.5,-0.177,-0.443,-0.7,0.516,-0.76,0.495,-0.513,0.854
AZN,0.376,-0.461,0.504,-0.508,-0.562,-0.418,0.412,0.185,0.419,0.219,-0.392,-0.545,0.62,-0.557,0.032,0.469,0.463,0.718,0.306,0.653,0.479,-0.569,1.0,0.309,0.5,0.129,0.066,0.422,0.253,-0.484,0.661,-0.399,0.904,-0.346,-0.15,-0.469,0.684,-0.069,0.209,-0.559,-0.374,-0.328,0.092,0.465,0.54,0.136,0.055,-0.505,0.51,0.678,-0.44,0.603,-0.627,0.398,0.297,-0.321,0.34,0.058,-0.394,0.093,0.539,-0.674,-0.223,0.456,-0.164,0.393,-0.55,0.019,-0.522,-0.013,0.291,0.574,-0.345,-0.062,0.339,0.392,0.366,-0.397,-0.355,-0.296,-0.538,-0.21,-0.382,0.174,0.081,0.304,0.263,0.785,-0.092,0.882,0.413,0.571,0.164,-0.607,0.105,0.409,0.012,-0.544,0.018,0.52,0.397,-0.491,-0.368,-0.587,-0.152,-0.456,0.459,-0.279,0.032,-0.306,-0.475,0.276,-0.506,-0.369,0.32,0.529,-0.506,0.075,0.043,-0.421,0.598,0.659,-0.581,0.139,-0.264,-0.371,0.09,0.2,-0.235,0.43,-0.33,-0.386,-0.31,0.191,0.294,0.412,-0.542,0.544,0.101,0.039,0.433,-0.081,-0.414,0.569,0.432,0.419,-0.518,-0.35,0.161,0.623,-0.558,-0.151,0.525,0.022,0.132,0.483,0.242,0.01,0.719,-0.043,-0.261,-0.074,-0.167,-0.401,0.182,0.552,-0.339,-0.174,0.815,0.0,-0.23,0.303,0.543,-0.57,0.226,-0.611,-0.183,0.184,0.04,-0.048,0.429,-0.345,-0.576,0.257,0.037,-0.04,-0.43,-0.383,-0.282,0.38,-0.325,-0.16,-0.23,0.556,0.622,-0.238,0.324,-0.546,0.34,-0.546
BCRX,-0.385,-0.468,0.734,-0.582,-0.625,-0.608,0.482,0.33,0.048,0.336,-0.745,-0.678,-0.214,-0.611,-0.367,0.928,0.8,0.291,0.389,0.246,0.302,-0.737,0.309,1.0,0.83,0.281,-0.143,0.37,-0.156,-0.637,0.364,-0.543,0.265,-0.68,-0.153,-0.664,0.322,-0.253,0.719,-0.686,-0.576,-0.419,-0.253,0.232,-0.075,0.54,0.376,-0.647,0.747,0.549,-0.628,0.691,-0.502,0.393,0.561,-0.607,0.249,0.361,-0.623,0.064,-0.116,-0.468,-0.593,0.907,-0.474,-0.073,-0.645,0.173,-0.178,-0.614,0.315,0.325,-0.547,0.271,0.56,-0.086,-0.177,-0.197,-0.641,-0.592,-0.606,-0.578,0.027,-0.469,-0.527,-0.544,-0.384,0.276,-0.671,0.537,0.375,0.515,-0.401,-0.31,-0.31,-0.263,0.536,-0.727,-0.355,0.012,-0.36,-0.626,-0.662,-0.646,-0.624,-0.709,0.808,-0.381,-0.385,-0.613,-0.305,0.737,-0.685,-0.668,-0.382,0.521,-0.694,-0.306,-0.527,0.027,0.554,0.462,-0.633,-0.266,-0.432,-0.683,-0.496,-0.06,-0.687,0.481,-0.422,-0.696,-0.598,-0.266,-0.219,0.085,-0.41,0.559,-0.235,0.337,0.78,-0.643,-0.608,0.277,0.676,0.595,-0.644,-0.51,0.492,0.778,-0.525,-0.593,0.744,-0.614,-0.148,0.678,-0.382,-0.211,0.243,-0.589,-0.573,-0.182,-0.587,-0.467,-0.499,0.55,-0.704,-0.361,0.217,0.387,-0.507,-0.268,0.349,-0.689,-0.152,-0.539,-0.102,-0.441,0.558,-0.407,-0.214,-0.669,-0.07,-0.353,0.056,-0.41,-0.538,-0.582,-0.381,0.154,-0.507,-0.449,0.359,0.342,0.593,-0.46,0.961,-0.359,0.497,-0.698
BGC,-0.291,-0.509,0.779,-0.616,-0.576,-0.631,0.596,0.311,0.408,0.461,-0.724,-0.676,0.023,-0.736,-0.233,0.864,0.803,0.498,0.381,0.479,0.387,-0.736,0.5,0.83,1.0,0.278,-0.109,0.496,0.042,-0.682,0.597,-0.635,0.46,-0.703,-0.186,-0.726,0.508,-0.244,0.788,-0.701,-0.563,-0.301,-0.161,0.171,0.09,0.572,0.304,-0.694,0.852,0.723,-0.681,0.778,-0.605,0.525,0.69,-0.581,0.319,0.368,-0.502,-0.044,0.144,-0.577,-0.513,0.837,-0.553,0.137,-0.717,0.25,-0.292,-0.407,0.482,0.53,-0.589,0.212,0.528,0.06,0.034,-0.369,-0.533,-0.477,-0.697,-0.568,-0.057,-0.311,-0.486,-0.359,-0.255,0.513,-0.589,0.653,0.45,0.642,-0.293,-0.387,-0.182,-0.078,0.53,-0.785,-0.399,0.202,-0.251,-0.718,-0.564,-0.764,-0.543,-0.693,0.851,-0.393,-0.267,-0.687,-0.373,0.748,-0.725,-0.539,-0.302,0.492,-0.761,-0.227,-0.375,-0.023,0.725,0.632,-0.665,-0.084,-0.34,-0.68,-0.373,0.128,-0.598,0.571,-0.486,-0.627,-0.574,-0.128,0.001,0.227,-0.545,0.811,-0.052,0.354,0.863,-0.531,-0.622,0.373,0.785,0.746,-0.675,-0.583,0.436,0.762,-0.681,-0.599,0.823,-0.518,0.123,0.593,-0.233,-0.189,0.399,-0.467,-0.505,-0.129,-0.514,-0.532,-0.297,0.659,-0.72,-0.455,0.38,0.322,-0.556,-0.085,0.57,-0.734,0.067,-0.68,0.015,-0.368,0.513,-0.34,0.072,-0.649,-0.294,-0.257,0.163,-0.317,-0.618,-0.615,-0.385,0.345,-0.572,-0.411,0.235,0.428,0.796,-0.415,0.826,-0.428,0.643,-0.765
BIDU,-0.198,-0.413,0.304,-0.426,-0.272,-0.081,-0.077,0.385,0.06,0.571,-0.248,-0.446,0.004,-0.386,0.124,0.269,0.336,0.152,0.383,0.348,-0.217,-0.398,0.129,0.281,0.278,1.0,0.696,0.37,-0.083,-0.266,0.055,-0.128,0.062,-0.286,0.438,-0.207,0.178,0.191,0.332,-0.35,-0.098,0.033,0.251,0.048,0.382,0.416,-0.145,-0.116,0.44,0.299,-0.301,0.325,-0.321,0.071,0.244,-0.26,0.537,0.338,-0.489,0.129,-0.107,-0.337,-0.14,0.274,-0.274,0.138,-0.261,0.572,0.197,-0.277,0.417,0.001,-0.324,0.49,0.415,-0.172,0.09,0.164,-0.497,-0.5,-0.213,-0.233,0.484,-0.282,-0.218,-0.189,-0.166,0.221,-0.155,0.159,0.83,0.169,-0.071,0.051,-0.327,0.322,0.472,-0.376,-0.119,-0.281,-0.154,-0.355,-0.379,-0.341,-0.061,-0.279,0.289,0.218,-0.183,-0.141,0.475,0.243,-0.379,-0.511,-0.108,0.367,-0.344,0.223,-0.379,0.062,0.41,0.239,-0.072,0.065,-0.403,-0.436,-0.063,0.223,-0.424,0.047,0.019,-0.381,-0.345,0.242,-0.198,0.287,-0.14,0.4,-0.05,0.715,0.349,-0.429,-0.327,0.337,0.332,0.369,-0.349,-0.326,0.177,0.228,-0.174,-0.13,0.555,-0.211,-0.0,0.376,-0.171,0.085,0.336,-0.262,-0.065,0.198,-0.334,0.067,0.054,0.708,-0.118,0.016,0.095,0.528,0.113,-0.164,0.172,-0.321,-0.405,-0.244,-0.025,-0.089,0.21,0.25,-0.169,-0.094,0.199,0.026,-0.14,0.222,-0.031,-0.064,0.359,-0.072,0.012,0.05,0.054,0.536,0.306,0.174,0.321,0.058,0.218,-0.43
BILI,0.197,-0.307,-0.176,-0.182,0.085,0.323,-0.287,0.098,0.134,0.332,0.317,0.036,0.286,-0.031,0.473,-0.13,-0.081,0.091,0.188,0.298,-0.376,0.03,0.066,-0.143,-0.109,0.696,1.0,0.155,0.146,0.128,-0.141,0.309,-0.044,0.077,0.605,0.213,0.049,0.361,-0.098,0.0,0.33,0.268,0.544,-0.026,0.691,-0.039,-0.453,0.331,0.086,-0.09,0.113,-0.066,-0.003,-0.306,-0.188,0.095,0.526,-0.023,-0.048,-0.015,0.086,-0.091,0.256,-0.215,0.146,0.22,0.148,0.443,0.275,0.131,0.275,-0.095,-0.046,0.22,0.046,0.032,0.274,0.089,-0.076,-0.119,0.18,0.222,0.431,0.101,0.157,0.218,0.194,0.216,0.288,-0.108,0.557,0.024,0.25,0.166,0.027,0.698,0.154,0.095,0.283,-0.232,0.236,0.107,0.1,0.08,0.411,0.068,-0.073,0.486,0.261,0.321,0.499,-0.276,0.04,-0.083,0.245,0.029,0.103,0.378,-0.04,-0.155,0.021,0.171,0.242,0.183,-0.126,0.054,0.378,0.258,0.086,-0.133,0.336,0.032,-0.013,0.45,0.119,0.314,0.202,0.163,0.23,0.516,-0.087,0.005,0.123,0.202,-0.147,-0.06,0.063,0.117,0.103,-0.054,0.216,0.387,0.107,0.229,0.215,-0.009,0.151,0.034,0.277,0.201,0.482,0.305,0.126,0.359,0.499,0.367,0.318,0.393,0.181,0.116,0.563,0.121,-0.07,0.014,-0.382,0.129,-0.107,0.318,-0.257,0.67,0.121,0.292,0.2,0.434,-0.203,0.451,0.41,0.416,0.46,-0.183,0.512,0.433,-0.196,0.471,0.052,0.465,-0.159,0.344,-0.171,0.029
BKR,-0.017,-0.489,0.474,-0.346,-0.393,-0.39,0.368,0.238,0.316,0.288,-0.373,-0.511,0.138,-0.62,0.09,0.489,0.473,0.524,0.285,0.571,0.524,-0.41,0.422,0.37,0.496,0.37,0.155,1.0,0.338,-0.502,0.533,-0.266,0.405,-0.425,-0.059,-0.164,0.552,-0.037,0.452,-0.386,-0.097,-0.06,-0.002,0.084,0.385,0.227,-0.008,-0.473,0.592,0.506,-0.509,0.611,-0.483,0.5,0.483,-0.24,0.293,0.221,-0.312,0.036,0.472,-0.461,-0.22,0.406,-0.383,0.57,-0.482,0.242,-0.178,-0.06,0.468,0.456,-0.352,0.169,0.205,0.282,0.42,-0.449,-0.275,-0.203,-0.609,-0.246,-0.109,-0.03,0.042,-0.068,0.241,0.614,-0.016,0.399,0.399,0.557,0.029,-0.552,0.115,0.306,0.43,-0.464,-0.204,0.29,-0.014,-0.322,-0.359,-0.602,-0.157,-0.181,0.567,-0.078,0.045,-0.334,-0.154,0.384,-0.468,-0.28,0.057,0.386,-0.521,0.103,0.016,0.021,0.528,0.687,-0.57,0.245,-0.198,-0.478,0.094,0.178,-0.409,0.624,-0.131,-0.349,-0.266,0.285,0.308,0.52,-0.347,0.614,0.421,0.254,0.539,-0.164,-0.287,0.655,0.459,0.505,-0.524,-0.341,0.238,0.451,-0.477,-0.399,0.592,-0.033,0.255,0.402,0.003,-0.109,0.498,-0.153,-0.157,0.012,-0.243,-0.441,0.13,0.555,-0.464,-0.106,0.347,0.276,-0.328,0.221,0.404,-0.363,0.347,-0.553,-0.101,-0.024,0.54,-0.137,0.351,-0.253,-0.272,0.029,0.129,-0.043,-0.389,-0.143,-0.278,0.385,-0.289,-0.014,-0.021,0.472,0.531,-0.105,0.406,-0.254,0.522,-0.566
BLDP,0.307,-0.218,-0.003,-0.078,-0.13,0.091,0.001,-0.156,0.427,-0.075,0.097,0.048,0.331,-0.142,0.239,0.072,-0.01,0.451,0.138,0.4,0.408,0.005,0.253,-0.156,0.042,-0.083,0.146,0.338,1.0,0.033,0.272,0.179,0.244,0.105,0.041,0.161,0.503,-0.098,-0.102,0.011,0.06,0.107,0.387,-0.139,0.374,-0.32,-0.251,-0.056,0.075,0.069,0.018,0.086,-0.168,0.049,0.09,0.316,0.111,-0.168,0.31,-0.269,0.637,-0.198,0.404,-0.064,0.105,0.449,-0.097,-0.144,-0.231,0.431,0.027,0.528,0.08,-0.242,-0.267,0.531,0.716,-0.566,0.283,0.283,-0.185,0.206,-0.365,0.487,0.356,0.297,0.613,0.397,0.285,0.064,0.094,0.428,0.239,-0.372,0.645,0.369,0.028,0.101,0.13,0.477,0.384,0.247,0.235,-0.162,0.162,0.267,0.099,0.126,0.562,0.076,-0.127,-0.129,0.008,0.273,0.422,-0.131,-0.004,0.28,0.507,-0.079,0.118,0.424,-0.217,0.191,0.247,0.086,0.536,0.138,0.234,0.409,-0.142,0.268,0.151,0.217,0.516,0.206,0.022,0.108,0.682,-0.189,-0.028,0.254,0.519,0.118,-0.053,0.104,-0.119,0.221,-0.003,0.093,0.005,0.154,0.013,0.224,0.756,0.05,0.319,-0.238,0.372,0.273,0.26,0.139,0.18,-0.05,0.478,0.095,0.075,0.226,0.279,-0.292,0.052,0.267,0.273,0.044,0.549,-0.117,-0.244,0.319,-0.164,0.254,0.462,0.108,-0.46,0.331,0.06,0.129,-0.017,0.163,-0.1,0.315,0.096,0.228,-0.298,0.253,0.225,-0.014,-0.078,-0.128,0.006,0.031
BLNK,0.107,0.416,-0.704,0.411,0.523,0.626,-0.588,-0.471,-0.149,-0.366,0.633,0.72,-0.058,0.532,0.104,-0.66,-0.626,-0.559,-0.371,-0.539,-0.522,0.638,-0.484,-0.637,-0.682,-0.266,0.128,-0.502,0.033,1.0,-0.582,0.629,-0.474,0.59,0.435,0.731,-0.493,-0.014,-0.531,0.69,0.427,0.581,0.365,-0.379,-0.147,-0.551,-0.329,0.55,-0.623,-0.616,0.598,-0.716,0.823,-0.426,-0.52,0.558,-0.269,-0.404,0.54,-0.312,-0.235,0.632,0.541,-0.647,0.414,-0.214,0.746,-0.152,0.346,0.379,-0.436,-0.46,0.41,-0.272,-0.388,-0.235,-0.103,0.224,0.443,0.378,0.866,0.442,0.091,0.21,0.193,0.301,0.141,-0.574,0.327,-0.59,-0.421,-0.58,0.093,0.522,0.147,-0.054,-0.275,0.661,0.204,-0.322,0.171,0.641,0.558,0.639,0.442,0.576,-0.631,0.489,0.158,0.563,0.329,-0.59,0.647,0.527,0.073,-0.658,0.721,0.037,0.437,0.296,-0.61,-0.572,0.765,-0.002,0.42,0.591,0.202,-0.177,0.542,-0.478,0.349,0.583,0.466,-0.049,-0.055,-0.407,0.635,-0.577,0.033,-0.205,-0.68,0.397,0.592,-0.644,-0.582,-0.591,0.686,0.554,-0.19,-0.698,0.694,0.67,-0.701,0.299,0.015,-0.633,0.025,-0.038,-0.444,0.301,0.489,0.032,0.381,0.82,0.337,-0.585,0.76,0.26,-0.44,-0.407,0.767,-0.098,-0.495,0.695,-0.14,0.87,-0.083,0.186,-0.456,0.5,-0.177,0.506,0.295,0.216,-0.012,0.138,0.515,0.634,0.396,-0.255,0.594,0.452,-0.075,-0.523,-0.565,0.254,-0.651,0.372,-0.434,0.678
