,AAL,AAPL,ABUS,ADBE,ADI,ADMA,AEP,AGNC,AKBA,ALT,AMAT,AMD,AMGN,AMZN,APA,APPS,ARCC,ARDX,ATER,ATOS,AUPH,AVGO,AZN,BCRX,BGC,BIDU,BILI,BKR,BLDP,BLNK,BYND,CAN,CELH,CG,CGC,CHRD,CLNE,CMCSA,COMM,COST,CPB,CPRT,CRON,CRWD,CSCO,CSGP,CSX,CTSH,CZR,DBX,DDOG,DKNG,DLTR,DOCU,DVAX,DXCM,EA,EBAY,ENPH,ERIC,ESPR,ETSY,EXC,EXEL,EXPE,FANG,FAST,FITB,FLEX,FOLD,FOXA,FSLR,FTNT,FUTU,GEN,GERN,GEVO,GILD,GOOG,GOOGL,GPRO,GT,HBAN,HIVE,HON,HST,HUT,IBRX,INTC,IOVA,IQ,IRWD,JBLU,JD,KDP,KHC,LBTYK,LRCX,LYFT,MAR,MARA,MAT,MCHP,MCRB,MDLZ,META,MGNI,MLCO,MNKD,MNST,MOMO,MRNA,MRVL,MSFT,MSTR,MTCH,MU,MVIS,NDAQ,NFLX,NKTR,NNDM,NTES,NTNX,NVAX,NVDA,NWL,NWSA,NXPI,OCGN,OKTA,ON,OPK,PAA,PACB,PAGP,PANW,PARA,PCAR,PDD,PENN,PEP,PLUG,PTEN,PTON,PYPL,QCOM,QUBT,QVCGA,RDFN,REAL,RIOT,ROKU,ROST,RUN,SABR,SAVA,SBUX,SFIX,SGMO,SIRI,SLM,SMCI,SNDL,SONO,STNE,STX,TCOM,TGTX,TIGR,TLRY,TMUS,TRIP,TSCO,TSLA,TTD,TXN,UAL,UNIT,VERU,VKTX,VLY,VOD,VTRS,VXRT,WBA,WBD,WDAY,WDC,WEN,WW,WYNN,XEL,XP,XRAY,XRX,Z,ZION,ZM,ZS
AAL,1.0,-0.147,0.498,-0.133,0.516,0.393,-0.273,0.592,0.354,0.241,0.769,0.359,-0.175,-0.209,0.603,0.429,0.049,-0.009,0.359,0.328,0.439,0.215,0.487,0.527,0.56,0.291,0.149,0.415,0.511,0.481,0.49,0.49,0.486,0.46,0.462,0.402,0.443,0.065,0.433,-0.249,-0.268,-0.094,0.402,0.223,0.131,-0.089,0.512,0.582,0.591,0.294,0.272,0.732,0.583,0.16,0.397,-0.083,0.219,0.419,0.549,0.157,0.293,0.514,0.052,0.424,0.696,0.478,-0.173,0.58,0.584,0.286,0.701,0.284,-0.135,0.272,0.188,0.439,0.573,0.212,0.021,0.044,0.448,0.538,0.638,0.398,-0.001,0.595,0.128,0.443,0.197,0.378,0.308,0.456,0.734,0.095,-0.161,0.332,0.687,0.779,0.602,0.576,0.546,0.491,0.653,-0.103,-0.15,0.503,0.513,0.325,0.465,0.088,0.376,-0.005,0.766,-0.025,0.533,0.487,0.39,0.398,0.266,-0.056,0.48,0.44,-0.146,0.626,0.319,0.477,0.599,0.574,0.556,0.392,0.279,0.581,0.369,0.628,0.659,0.674,-0.147,0.519,0.421,0.237,0.675,-0.24,0.456,0.497,0.47,0.076,0.519,0.022,0.593,0.595,0.54,0.487,0.499,0.527,0.615,0.687,0.295,0.049,0.504,0.475,0.498,0.225,0.461,0.425,0.564,0.462,0.209,0.293,0.349,0.352,0.46,-0.15,0.673,0.366,0.399,0.572,0.429,0.763,0.051,0.448,0.316,0.668,0.637,0.568,0.41,0.349,0.544,0.521,0.415,0.659,0.408,0.455,-0.39,0.471,0.826,0.585,0.565,0.746,0.446,0.031
AAPL,-0.147,1.0,-0.745,0.748,-0.474,-0.381,0.435,-0.463,-0.569,-0.647,-0.289,-0.153,0.329,0.768,-0.528,-0.639,0.68,-0.35,-0.584,-0.5,-0.678,0.326,-0.365,0.13,-0.472,-0.666,-0.633,-0.517,-0.591,-0.712,-0.692,-0.696,-0.474,-0.026,-0.559,-0.056,-0.755,0.641,-0.366,0.747,-0.338,0.698,-0.595,0.275,0.725,0.448,0.019,-0.423,-0.501,0.21,0.233,-0.476,-0.205,0.456,-0.367,0.697,0.06,0.068,-0.344,-0.145,-0.653,-0.317,0.611,-0.589,-0.225,-0.52,0.741,-0.395,-0.481,-0.719,-0.525,-0.359,0.672,-0.753,-0.314,-0.718,-0.702,0.077,0.636,0.686,-0.652,-0.451,-0.265,-0.476,0.68,-0.393,0.016,-0.637,-0.418,-0.623,-0.657,-0.135,-0.495,-0.456,0.534,-0.606,-0.523,-0.289,-0.48,0.203,-0.667,-0.292,-0.461,-0.533,0.679,0.003,-0.65,-0.583,-0.724,0.498,-0.662,0.475,-0.175,0.871,-0.51,0.139,-0.666,-0.768,0.31,-0.032,-0.577,-0.775,-0.306,-0.553,-0.27,-0.179,0.1,-0.38,-0.352,-0.639,0.091,-0.37,-0.623,-0.434,-0.641,-0.412,0.715,-0.688,-0.215,-0.677,-0.485,0.749,-0.713,-0.501,-0.354,0.703,0.357,0.454,-0.503,-0.467,-0.642,-0.67,-0.26,-0.05,-0.496,-0.505,0.437,0.736,-0.484,-0.802,-0.354,-0.439,-0.295,-0.625,-0.355,-0.443,-0.123,-0.573,-0.423,-0.716,-0.598,0.313,-0.534,0.213,-0.458,-0.248,-0.358,-0.474,0.517,-0.736,-0.658,-0.403,-0.423,-0.447,-0.277,-0.706,-0.599,-0.401,-0.41,-0.428,-0.512,-0.631,0.629,-0.582,-0.23,-0.079,-0.575,-0.412,-0.412,0.628
ABUS,0.498,-0.745,1.0,-0.566,0.515,0.481,-0.532,0.658,0.505,0.676,0.523,0.128,-0.41,-0.527,0.56,0.686,-0.41,0.205,0.673,0.655,0.76,-0.139,0.427,0.218,0.623,0.629,0.481,0.464,0.745,0.83,0.8,0.664,0.631,0.266,0.658,0.255,0.857,-0.476,0.409,-0.593,0.142,-0.481,0.74,0.044,-0.475,-0.177,0.173,0.483,0.639,0.001,-0.014,0.634,0.323,-0.205,0.299,-0.383,-0.044,-0.045,0.606,0.175,0.636,0.451,-0.454,0.793,0.565,0.525,-0.56,0.474,0.568,0.702,0.679,0.543,-0.523,0.622,0.345,0.805,0.87,-0.084,-0.392,-0.474,0.695,0.525,0.569,0.325,-0.54,0.631,-0.029,0.741,0.373,0.743,0.588,0.295,0.632,0.329,-0.504,0.609,0.671,0.446,0.583,0.089,0.645,0.285,0.614,0.279,-0.543,0.206,0.767,0.481,0.771,-0.298,0.65,-0.434,0.522,-0.649,0.544,0.071,0.613,0.804,-0.161,-0.055,0.79,0.87,0.093,0.739,0.212,0.365,0.085,0.488,0.509,0.736,0.089,0.473,0.608,0.534,0.705,0.537,-0.437,0.83,0.296,0.589,0.645,-0.623,0.774,0.617,0.553,-0.356,-0.112,-0.384,0.608,0.668,0.657,0.611,0.303,0.218,0.749,0.698,-0.23,-0.556,0.65,0.841,0.376,0.332,0.369,0.73,0.565,0.51,0.096,0.474,0.46,0.645,0.708,-0.348,0.673,-0.126,0.532,0.48,0.31,0.657,-0.326,0.8,0.818,0.577,0.573,0.55,0.432,0.639,0.574,0.546,0.425,0.545,0.524,0.66,-0.584,0.56,0.496,0.371,0.666,0.567,0.469,-0.263
ADBE,-0.133,0.748,-0.566,1.0,-0.481,-0.218,0.349,-0.603,-0.778,-0.413,-0.218,-0.035,0.259,0.562,-0.65,-0.543,0.612,-0.568,-0.645,-0.634,-0.693,0.321,-0.502,0.416,-0.578,-0.66,-0.587,-0.597,-0.596,-0.602,-0.695,-0.696,-0.57,-0.169,-0.694,-0.27,-0.719,0.528,-0.502,0.876,-0.435,0.784,-0.707,0.386,0.797,0.596,0.172,-0.362,-0.581,0.233,0.567,-0.416,0.036,0.629,-0.299,0.789,0.053,0.387,-0.305,-0.466,-0.743,0.003,0.671,-0.587,-0.262,-0.541,0.71,-0.524,-0.551,-0.659,-0.526,-0.516,0.827,-0.69,-0.565,-0.62,-0.636,0.152,0.81,0.799,-0.589,-0.609,-0.382,-0.486,0.618,-0.527,-0.025,-0.685,-0.472,-0.655,-0.687,0.139,-0.508,-0.5,0.496,-0.631,-0.449,-0.182,-0.521,0.19,-0.589,-0.402,-0.506,-0.67,0.649,0.285,-0.432,-0.611,-0.634,0.587,-0.695,0.616,0.038,0.804,-0.465,0.163,-0.586,-0.597,0.559,-0.402,-0.612,-0.685,-0.378,-0.489,-0.058,-0.294,-0.049,-0.415,-0.44,-0.472,0.328,-0.498,-0.582,-0.493,-0.52,-0.516,0.733,-0.624,-0.286,-0.706,-0.459,0.634,-0.652,-0.595,-0.213,0.756,0.267,0.563,-0.631,-0.453,-0.601,-0.595,0.061,-0.24,-0.487,-0.402,0.622,0.81,-0.417,-0.694,-0.424,-0.477,-0.198,-0.58,-0.467,-0.599,-0.324,-0.688,-0.475,-0.686,-0.744,0.041,-0.566,-0.024,-0.492,-0.006,-0.496,-0.532,0.507,-0.653,-0.586,-0.478,-0.428,-0.483,0.073,-0.564,-0.617,-0.169,-0.631,-0.278,-0.575,-0.578,0.451,-0.473,-0.082,-0.191,-0.494,-0.431,-0.458,0.717
ADI,0.516,-0.474,0.515,-0.481,1.0,0.184,-0.525,0.71,0.628,0.409,0.727,0.54,-0.316,-0.247,0.787,0.646,-0.25,0.464,0.723,0.586,0.593,0.109,0.721,-0.077,0.741,0.639,0.497,0.671,0.758,0.723,0.763,0.666,0.732,0.467,0.811,0.514,0.723,-0.133,0.802,-0.565,0.128,-0.52,0.746,0.15,-0.389,-0.56,0.321,0.708,0.82,0.298,-0.041,0.665,0.282,-0.29,0.484,-0.461,0.259,0.033,0.719,0.514,0.661,0.253,-0.551,0.628,0.577,0.835,-0.596,0.747,0.79,0.481,0.69,0.664,-0.448,0.564,0.622,0.649,0.683,-0.031,-0.518,-0.442,0.862,0.791,0.679,0.57,-0.462,0.762,0.245,0.758,0.535,0.678,0.664,0.183,0.773,0.382,-0.457,0.63,0.746,0.573,0.775,0.284,0.63,0.577,0.858,0.437,-0.638,0.238,0.701,0.705,0.683,-0.393,0.622,-0.552,0.492,-0.496,0.534,0.401,0.824,0.71,-0.321,0.313,0.654,0.727,0.178,0.746,0.213,0.683,0.251,0.777,0.855,0.485,0.108,0.814,0.629,0.739,0.664,0.773,-0.486,0.721,0.471,0.593,0.73,-0.669,0.733,0.839,0.331,-0.259,0.239,-0.524,0.76,0.675,0.825,0.604,0.357,0.637,0.759,0.75,-0.2,-0.395,0.826,0.659,0.507,0.716,0.258,0.755,0.837,0.725,0.473,0.668,0.485,0.682,0.766,-0.0,0.677,0.364,0.618,0.539,0.706,0.742,-0.521,0.68,0.593,0.76,0.832,0.763,0.187,0.639,0.689,0.591,0.73,0.669,0.719,0.817,-0.57,0.577,0.485,0.517,0.728,0.716,0.637,-0.272
ADMA,0.393,-0.381,0.481,-0.218,0.184,1.0,-0.196,0.24,0.06,0.577,0.374,0.052,0.028,-0.538,0.132,0.581,-0.379,-0.323,0.219,0.112,0.447,-0.161,-0.087,0.199,0.29,0.404,0.306,-0.036,0.449,0.505,0.299,0.426,0.22,-0.127,0.276,-0.228,0.368,-0.531,-0.148,-0.16,0.024,-0.012,0.279,-0.156,-0.068,0.164,0.23,0.183,0.242,-0.223,0.065,0.432,0.433,0.195,0.442,-0.287,0.039,0.309,0.21,-0.391,0.227,0.406,0.119,0.052,-0.0,0.098,-0.239,0.053,0.107,0.38,0.369,-0.195,-0.072,0.462,-0.196,0.394,0.435,0.274,-0.095,-0.135,0.441,0.089,0.164,0.188,-0.2,0.07,-0.206,0.385,-0.115,0.221,0.311,0.701,0.176,0.307,0.078,0.42,0.489,0.389,0.107,-0.223,0.354,0.115,0.211,-0.164,0.051,0.161,0.41,0.104,0.231,0.293,0.218,0.165,0.399,-0.224,0.2,-0.068,0.262,0.399,0.183,-0.469,0.234,0.435,0.017,0.296,0.467,-0.144,0.324,0.119,0.142,0.583,0.048,0.056,0.252,0.049,0.367,0.075,-0.152,0.293,0.34,0.339,0.498,-0.132,0.376,0.214,0.354,-0.15,0.098,0.14,0.22,0.384,0.404,0.301,0.378,-0.124,0.31,0.286,-0.124,-0.233,0.276,0.394,0.133,0.167,0.639,0.306,0.161,0.174,-0.278,0.03,0.166,0.431,0.225,-0.64,0.332,-0.279,0.358,0.25,-0.076,0.179,0.147,0.318,0.234,0.224,0.171,0.288,0.723,0.468,0.396,0.367,-0.129,0.248,0.082,0.287,-0.315,0.55,0.392,-0.035,0.299,0.277,0.002,-0.07
AEP,-0.273,0.435,-0.532,0.349,-0.525,-0.196,1.0,-0.492,-0.264,-0.355,-0.528,-0.388,0.418,0.167,-0.395,-0.554,0.222,-0.062,-0.475,-0.408,-0.488,-0.136,-0.482,-0.008,-0.445,-0.379,-0.298,-0.321,-0.664,-0.614,-0.593,-0.411,-0.659,-0.463,-0.535,-0.417,-0.56,0.309,-0.363,0.341,-0.03,0.357,-0.57,-0.219,0.369,0.301,-0.142,-0.256,-0.507,-0.258,-0.152,-0.583,-0.242,0.03,-0.359,0.369,0.021,-0.025,-0.618,-0.262,-0.49,-0.399,0.568,-0.445,-0.344,-0.447,0.304,-0.291,-0.4,-0.3,-0.353,-0.486,0.332,-0.409,-0.403,-0.586,-0.531,0.088,0.494,0.478,-0.611,-0.432,-0.401,-0.333,0.507,-0.444,-0.125,-0.635,-0.232,-0.597,-0.464,-0.166,-0.477,-0.165,0.444,-0.474,-0.464,-0.48,-0.463,-0.074,-0.365,-0.227,-0.514,-0.146,0.616,-0.085,-0.613,-0.379,-0.52,0.37,-0.387,0.401,-0.46,0.437,-0.307,0.004,-0.556,-0.628,0.13,0.071,-0.587,-0.551,-0.048,-0.641,-0.244,-0.513,-0.112,-0.365,-0.507,-0.532,-0.309,-0.466,-0.653,-0.424,-0.554,-0.371,0.249,-0.5,-0.142,-0.336,-0.595,0.479,-0.588,-0.494,-0.527,0.099,-0.085,0.351,-0.445,-0.644,-0.495,-0.352,-0.221,-0.307,-0.66,-0.477,0.017,0.443,-0.621,-0.547,-0.363,-0.353,-0.226,-0.533,-0.551,-0.54,-0.09,-0.283,-0.372,-0.497,-0.545,0.487,-0.372,0.156,-0.474,-0.394,-0.319,-0.444,0.264,-0.554,-0.47,-0.346,-0.396,-0.532,-0.221,-0.552,-0.318,-0.602,-0.383,-0.491,-0.521,-0.467,0.706,-0.23,-0.395,-0.35,-0.563,-0.364,-0.305,-0.014
AGNC,0.592,-0.463,0.658,-0.603,0.71,0.24,-0.492,1.0,0.644,0.358,0.577,0.345,-0.353,-0.222,0.802,0.624,-0.172,0.449,0.749,0.564,0.794,-0.091,0.732,0.007,0.803,0.627,0.443,0.683,0.824,0.711,0.776,0.726,0.81,0.626,0.835,0.598,0.773,-0.108,0.693,-0.63,0.262,-0.513,0.792,0.182,-0.45,-0.5,0.279,0.56,0.819,0.311,-0.01,0.725,0.282,-0.208,0.378,-0.449,-0.02,-0.046,0.725,0.451,0.774,0.312,-0.443,0.679,0.737,0.754,-0.433,0.762,0.78,0.573,0.727,0.662,-0.591,0.601,0.632,0.747,0.766,-0.05,-0.5,-0.47,0.702,0.767,0.697,0.608,-0.502,0.818,0.305,0.831,0.467,0.808,0.7,0.041,0.822,0.309,-0.574,0.697,0.758,0.465,0.79,0.334,0.699,0.592,0.806,0.371,-0.541,0.165,0.683,0.691,0.72,-0.467,0.699,-0.557,0.421,-0.474,0.633,0.26,0.621,0.661,-0.397,0.204,0.728,0.698,0.108,0.755,0.212,0.648,0.238,0.766,0.686,0.599,0.183,0.707,0.717,0.814,0.739,0.84,-0.48,0.709,0.356,0.625,0.774,-0.632,0.765,0.785,0.502,-0.277,0.117,-0.52,0.81,0.834,0.736,0.694,0.253,0.563,0.815,0.754,-0.209,-0.48,0.759,0.699,0.619,0.483,0.312,0.761,0.769,0.811,0.321,0.68,0.657,0.66,0.837,-0.069,0.857,0.308,0.61,0.497,0.517,0.856,-0.431,0.756,0.736,0.77,0.755,0.796,0.173,0.536,0.732,0.547,0.649,0.682,0.817,0.752,-0.504,0.504,0.568,0.636,0.804,0.716,0.768,-0.295
AKBA,0.354,-0.569,0.505,-0.778,0.628,0.06,-0.264,0.644,1.0,0.366,0.37,0.02,-0.272,-0.408,0.811,0.534,-0.508,0.802,0.713,0.708,0.713,-0.131,0.718,-0.355,0.723,0.653,0.594,0.811,0.537,0.572,0.66,0.659,0.545,0.309,0.727,0.375,0.617,-0.337,0.717,-0.814,0.356,-0.778,0.66,-0.188,-0.601,-0.709,-0.081,0.574,0.657,-0.04,-0.448,0.511,-0.077,-0.591,0.148,-0.688,0.031,-0.344,0.331,0.638,0.748,-0.123,-0.616,0.632,0.398,0.689,-0.726,0.766,0.794,0.687,0.685,0.607,-0.8,0.623,0.638,0.477,0.643,-0.199,-0.703,-0.607,0.568,0.78,0.507,0.405,-0.453,0.681,0.015,0.673,0.614,0.58,0.738,-0.139,0.654,0.476,-0.617,0.596,0.625,0.376,0.686,0.06,0.563,0.374,0.717,0.676,-0.595,-0.135,0.468,0.711,0.575,-0.585,0.78,-0.571,0.089,-0.622,0.443,0.222,0.61,0.541,-0.515,0.646,0.603,0.623,0.333,0.58,0.037,0.441,0.027,0.65,0.575,0.39,-0.203,0.712,0.472,0.697,0.631,0.737,-0.667,0.618,0.342,0.717,0.472,-0.653,0.562,0.729,0.168,-0.591,-0.065,-0.54,0.748,0.498,0.723,0.585,0.009,0.476,0.513,0.518,-0.45,-0.609,0.445,0.63,0.479,0.481,0.181,0.657,0.561,0.682,0.608,0.841,0.414,0.684,0.739,0.297,0.696,0.304,0.422,0.185,0.621,0.742,-0.611,0.641,0.562,0.714,0.647,0.576,-0.052,0.56,0.588,0.277,0.83,0.346,0.607,0.675,-0.376,0.591,0.216,0.427,0.617,0.68,0.646,-0.608
ALT,0.241,-0.647,0.676,-0.413,0.409,0.577,-0.355,0.358,0.366,1.0,0.38,-0.009,-0.28,-0.55,0.284,0.606,-0.379,0.102,0.461,0.542,0.554,-0.111,0.181,-0.03,0.495,0.49,0.456,0.22,0.494,0.596,0.486,0.494,0.376,0.006,0.477,-0.1,0.602,-0.611,0.222,-0.371,0.185,-0.396,0.566,-0.112,-0.34,-0.027,0.045,0.505,0.362,-0.218,-0.018,0.388,0.272,-0.176,0.212,-0.442,-0.045,-0.004,0.342,0.017,0.507,0.211,-0.252,0.359,0.119,0.31,-0.482,0.305,0.381,0.639,0.487,0.199,-0.285,0.523,0.073,0.481,0.684,-0.191,-0.324,-0.414,0.635,0.333,0.362,0.144,-0.4,0.255,-0.223,0.536,0.317,0.411,0.418,0.361,0.401,0.365,-0.327,0.503,0.624,0.331,0.231,-0.159,0.426,0.194,0.462,0.244,-0.29,0.041,0.699,0.341,0.403,-0.085,0.41,-0.258,0.31,-0.559,0.237,0.009,0.608,0.786,-0.035,-0.095,0.482,0.667,0.092,0.527,0.096,0.031,0.092,0.282,0.374,0.656,0.043,0.318,0.359,0.216,0.514,0.202,-0.309,0.506,0.324,0.491,0.409,-0.426,0.534,0.407,0.265,-0.299,-0.144,-0.213,0.461,0.419,0.579,0.373,0.266,0.015,0.39,0.405,-0.319,-0.395,0.451,0.632,0.166,0.317,0.425,0.515,0.276,0.277,-0.004,0.288,0.236,0.496,0.523,-0.323,0.37,-0.225,0.411,0.295,0.156,0.313,-0.249,0.704,0.601,0.42,0.317,0.409,0.544,0.649,0.381,0.482,0.218,0.436,0.27,0.457,-0.342,0.623,0.26,0.058,0.442,0.413,0.182,-0.216
AMAT,0.769,-0.289,0.523,-0.218,0.727,0.374,-0.528,0.577,0.37,0.38,1.0,0.532,-0.22,-0.2,0.658,0.618,-0.084,0.077,0.53,0.475,0.459,0.301,0.569,0.273,0.665,0.434,0.225,0.446,0.668,0.655,0.626,0.59,0.579,0.492,0.591,0.448,0.575,-0.031,0.583,-0.291,-0.25,-0.196,0.548,0.288,0.008,-0.205,0.542,0.585,0.713,0.366,0.232,0.781,0.606,0.099,0.492,-0.216,0.391,0.351,0.685,0.315,0.317,0.536,-0.144,0.473,0.619,0.669,-0.31,0.595,0.7,0.368,0.732,0.465,-0.171,0.401,0.303,0.485,0.643,0.149,-0.165,-0.149,0.652,0.687,0.666,0.462,-0.215,0.654,0.146,0.595,0.262,0.525,0.432,0.356,0.795,0.21,-0.179,0.446,0.738,0.857,0.671,0.484,0.57,0.49,0.799,-0.054,-0.328,0.452,0.663,0.436,0.535,0.008,0.465,-0.144,0.871,-0.144,0.523,0.503,0.686,0.599,0.134,-0.027,0.628,0.624,-0.074,0.707,0.349,0.697,0.518,0.686,0.749,0.576,0.328,0.745,0.509,0.667,0.694,0.699,-0.207,0.661,0.535,0.389,0.723,-0.394,0.601,0.699,0.487,0.038,0.529,-0.165,0.728,0.629,0.637,0.51,0.527,0.638,0.714,0.772,0.131,-0.154,0.725,0.53,0.438,0.394,0.442,0.507,0.694,0.599,0.265,0.413,0.386,0.541,0.549,-0.226,0.633,0.357,0.565,0.604,0.477,0.733,-0.084,0.515,0.329,0.715,0.765,0.67,0.369,0.636,0.59,0.754,0.517,0.699,0.527,0.59,-0.475,0.556,0.812,0.558,0.691,0.738,0.527,0.013
AMD,0.359,-0.153,0.128,-0.035,0.54,0.052,-0.388,0.345,0.02,-0.009,0.532,1.0,-0.069,0.079,0.391,0.347,0.198,0.013,0.332,0.1,0.18,0.237,0.364,0.289,0.225,0.124,-0.077,0.335,0.479,0.352,0.379,0.362,0.506,0.395,0.307,0.557,0.403,0.289,0.419,-0.173,-0.203,-0.117,0.33,0.426,0.049,-0.231,0.598,0.294,0.487,0.49,0.347,0.492,0.574,0.022,0.587,-0.039,0.254,0.448,0.629,0.225,0.086,0.519,-0.242,0.307,0.508,0.541,-0.181,0.236,0.36,-0.108,0.336,0.285,-0.009,0.107,0.313,0.458,0.309,0.236,0.007,0.044,0.415,0.388,0.309,0.742,-0.279,0.376,0.693,0.328,0.086,0.387,0.167,0.034,0.524,-0.068,-0.21,0.157,0.253,0.335,0.565,0.499,0.485,0.542,0.391,-0.144,-0.438,0.484,0.498,0.362,0.466,-0.15,0.109,-0.238,0.473,0.012,0.494,0.324,0.509,0.371,0.018,-0.06,0.19,0.291,-0.135,0.515,0.37,0.637,0.31,0.48,0.416,0.192,0.288,0.438,0.543,0.487,0.389,0.467,-0.169,0.323,0.035,0.127,0.531,-0.348,0.469,0.383,0.202,-0.002,0.416,-0.33,0.416,0.45,0.322,0.446,0.527,0.625,0.452,0.494,0.175,0.005,0.611,0.352,0.392,0.374,0.111,0.227,0.518,0.428,0.2,0.164,0.419,0.228,0.333,-0.174,0.315,0.337,0.337,0.483,0.281,0.397,-0.253,0.327,0.164,0.284,0.442,0.481,0.049,0.248,0.46,0.504,0.298,0.653,0.472,0.418,-0.443,0.085,0.463,0.423,0.401,0.263,0.453,0.028
AMGN,-0.175,0.329,-0.41,0.259,-0.316,0.028,0.418,-0.353,-0.272,-0.28,-0.22,-0.069,1.0,0.049,-0.298,-0.278,0.201,-0.18,-0.345,-0.404,-0.375,-0.151,-0.322,0.099,-0.194,-0.34,-0.315,-0.309,-0.296,-0.371,-0.332,-0.519,-0.428,-0.337,-0.366,-0.161,-0.368,0.25,-0.255,0.384,0.137,0.358,-0.377,-0.194,0.471,0.244,-0.108,-0.338,-0.26,-0.173,-0.08,-0.274,-0.054,0.255,0.168,0.283,0.106,0.031,-0.38,-0.293,-0.38,-0.128,0.534,-0.372,-0.229,-0.235,0.354,-0.294,-0.284,-0.098,-0.261,-0.413,0.357,-0.405,-0.354,-0.297,-0.378,0.696,0.267,0.255,-0.251,-0.191,-0.17,-0.213,0.424,-0.278,-0.103,-0.329,-0.423,-0.353,-0.361,0.115,-0.249,-0.237,0.571,-0.13,-0.184,-0.22,-0.24,-0.036,-0.448,-0.279,-0.342,-0.282,0.528,-0.095,-0.364,-0.351,-0.298,0.407,-0.366,0.504,-0.212,0.385,-0.444,-0.01,-0.417,-0.421,0.264,-0.125,-0.288,-0.333,-0.128,-0.327,0.243,-0.271,0.18,-0.207,-0.385,-0.236,-0.268,-0.316,-0.291,-0.22,-0.321,-0.244,0.311,-0.375,0.136,-0.338,-0.345,0.499,-0.397,-0.185,-0.246,0.089,0.02,0.394,-0.275,-0.308,-0.277,-0.467,-0.171,-0.094,-0.362,-0.309,-0.089,0.288,-0.277,-0.306,-0.227,-0.092,0.161,-0.509,-0.302,-0.282,-0.293,-0.317,-0.075,-0.325,-0.384,0.042,-0.303,0.053,-0.215,-0.33,-0.377,-0.318,0.404,-0.361,-0.359,-0.17,-0.238,-0.096,-0.012,-0.378,-0.275,-0.341,-0.364,-0.314,-0.388,-0.305,0.564,-0.243,-0.094,-0.286,-0.371,-0.163,-0.347,0.093
AMZN,-0.209,0.768,-0.527,0.562,-0.247,-0.538,0.167,-0.222,-0.408,-0.55,-0.2,0.079,0.049,1.0,-0.292,-0.493,0.641,-0.094,-0.247,-0.285,-0.429,0.33,-0.088,0.093,-0.277,-0.526,-0.594,-0.167,-0.356,-0.472,-0.465,-0.441,-0.193,0.334,-0.362,0.287,-0.462,0.708,-0.063,0.534,-0.201,0.492,-0.327,0.644,0.499,0.256,0.068,-0.302,-0.279,0.563,0.363,-0.34,-0.23,0.341,-0.412,0.619,-0.047,0.003,-0.041,0.19,-0.463,-0.272,0.211,-0.245,-0.011,-0.218,0.527,-0.212,-0.257,-0.623,-0.341,-0.009,0.483,-0.575,0.043,-0.47,-0.478,-0.205,0.458,0.528,-0.439,-0.178,-0.168,-0.217,0.298,-0.116,0.42,-0.385,-0.217,-0.291,-0.437,-0.346,-0.26,-0.524,0.065,-0.441,-0.468,-0.318,-0.167,0.35,-0.372,-0.09,-0.276,-0.341,0.294,0.078,-0.349,-0.292,-0.485,0.07,-0.472,0.076,-0.12,0.677,-0.221,0.135,-0.397,-0.505,0.022,0.093,-0.344,-0.525,-0.387,-0.239,-0.394,0.155,-0.16,-0.121,-0.161,-0.496,0.317,-0.14,-0.334,-0.199,-0.441,-0.206,0.66,-0.456,-0.381,-0.494,-0.278,0.317,-0.482,-0.248,-0.268,0.603,0.127,0.037,-0.282,-0.252,-0.417,-0.35,-0.147,0.22,-0.279,-0.303,0.414,0.518,-0.155,-0.605,-0.227,-0.346,-0.513,-0.364,-0.141,-0.203,0.112,-0.343,-0.188,-0.473,-0.389,0.301,-0.339,0.223,-0.317,0.017,-0.185,-0.271,0.103,-0.485,-0.355,-0.285,-0.205,-0.296,-0.358,-0.539,-0.384,-0.143,-0.16,-0.202,-0.229,-0.356,0.365,-0.585,-0.2,0.295,-0.322,-0.333,-0.067,0.689
APA,0.603,-0.528,0.56,-0.65,0.787,0.132,-0.395,0.802,0.811,0.284,0.658,0.391,-0.298,-0.292,1.0,0.588,-0.365,0.606,0.758,0.616,0.732,-0.041,0.849,-0.029,0.784,0.608,0.447,0.831,0.732,0.7,0.794,0.761,0.749,0.571,0.845,0.626,0.729,-0.115,0.828,-0.747,0.179,-0.656,0.719,0.112,-0.408,-0.67,0.231,0.65,0.787,0.287,-0.123,0.769,0.198,-0.351,0.35,-0.52,0.134,0.021,0.633,0.628,0.671,0.243,-0.515,0.708,0.67,0.881,-0.628,0.798,0.866,0.574,0.761,0.682,-0.616,0.614,0.749,0.624,0.719,-0.061,-0.544,-0.462,0.702,0.86,0.631,0.636,-0.504,0.815,0.322,0.737,0.531,0.721,0.703,-0.031,0.862,0.336,-0.591,0.616,0.722,0.554,0.885,0.344,0.747,0.636,0.87,0.463,-0.614,0.188,0.623,0.769,0.698,-0.488,0.728,-0.546,0.417,-0.508,0.68,0.359,0.711,0.629,-0.39,0.381,0.725,0.689,0.147,0.752,0.177,0.732,0.222,0.814,0.757,0.47,0.085,0.823,0.62,0.84,0.777,0.925,-0.602,0.719,0.381,0.661,0.749,-0.732,0.683,0.838,0.392,-0.447,0.141,-0.554,0.872,0.725,0.76,0.752,0.324,0.65,0.743,0.751,-0.182,-0.443,0.709,0.672,0.631,0.476,0.226,0.713,0.778,0.844,0.533,0.803,0.628,0.703,0.806,0.093,0.858,0.43,0.548,0.481,0.671,0.88,-0.532,0.677,0.578,0.785,0.882,0.677,0.042,0.601,0.791,0.548,0.823,0.628,0.718,0.774,-0.493,0.606,0.543,0.619,0.764,0.753,0.818,-0.432
APPS,0.429,-0.639,0.686,-0.543,0.646,0.581,-0.554,0.624,0.534,0.606,0.618,0.347,-0.278,-0.493,0.588,1.0,-0.419,0.255,0.79,0.607,0.726,0.064,0.466,-0.122,0.688,0.718,0.553,0.537,0.766,0.856,0.704,0.687,0.645,0.25,0.722,0.261,0.732,-0.457,0.454,-0.588,0.195,-0.551,0.724,-0.054,-0.434,-0.426,0.241,0.498,0.658,-0.007,-0.117,0.654,0.441,-0.278,0.437,-0.643,0.059,-0.022,0.54,0.207,0.636,0.306,-0.494,0.544,0.381,0.628,-0.646,0.563,0.637,0.623,0.647,0.388,-0.597,0.693,0.348,0.685,0.776,0.011,-0.52,-0.508,0.762,0.625,0.521,0.497,-0.575,0.57,0.083,0.775,0.315,0.578,0.71,0.325,0.605,0.443,-0.408,0.686,0.727,0.502,0.577,0.009,0.597,0.355,0.702,0.301,-0.541,0.119,0.738,0.593,0.654,-0.276,0.619,-0.438,0.466,-0.527,0.448,0.127,0.716,0.735,-0.263,0.006,0.638,0.762,0.165,0.622,0.378,0.405,0.229,0.632,0.544,0.707,0.033,0.544,0.686,0.572,0.653,0.574,-0.568,0.707,0.473,0.658,0.741,-0.622,0.702,0.728,0.426,-0.405,0.07,-0.432,0.658,0.732,0.748,0.571,0.362,0.328,0.665,0.68,-0.338,-0.594,0.699,0.725,0.409,0.545,0.494,0.681,0.627,0.637,0.158,0.555,0.431,0.732,0.665,-0.333,0.663,0.049,0.737,0.413,0.379,0.628,-0.436,0.701,0.547,0.612,0.605,0.731,0.381,0.819,0.671,0.569,0.46,0.503,0.618,0.711,-0.638,0.672,0.505,0.326,0.755,0.612,0.515,-0.402
ARCC,0.049,0.68,-0.41,0.612,-0.25,-0.379,0.222,-0.172,-0.508,-0.379,-0.084,0.198,0.201,0.641,-0.365,-0.419,1.0,-0.274,-0.325,-0.304,-0.419,0.475,-0.186,0.32,-0.259,-0.535,-0.541,-0.253,-0.312,-0.444,-0.437,-0.461,-0.219,0.126,-0.413,0.183,-0.41,0.654,-0.138,0.573,-0.402,0.543,-0.303,0.374,0.574,0.431,0.156,-0.201,-0.228,0.422,0.417,-0.312,0.087,0.354,-0.157,0.634,-0.004,0.148,-0.005,-0.077,-0.498,-0.067,0.457,-0.228,0.209,-0.21,0.656,-0.164,-0.218,-0.542,-0.253,-0.097,0.551,-0.607,-0.269,-0.341,-0.377,0.087,0.64,0.606,-0.387,-0.184,0.05,-0.103,0.546,-0.106,0.357,-0.406,-0.172,-0.328,-0.563,-0.138,-0.111,-0.394,0.264,-0.5,-0.31,-0.142,-0.157,0.599,-0.357,0.021,-0.235,-0.46,0.355,0.173,-0.231,-0.254,-0.34,0.317,-0.514,0.242,0.063,0.675,-0.224,0.303,-0.301,-0.377,0.441,-0.072,-0.335,-0.479,-0.272,-0.257,-0.171,0.065,0.168,-0.084,-0.158,-0.417,0.233,-0.127,-0.277,-0.11,-0.357,-0.168,0.607,-0.344,-0.108,-0.532,-0.244,0.488,-0.415,-0.281,-0.225,0.663,0.356,0.26,-0.239,-0.244,-0.472,-0.39,-0.062,0.214,-0.224,-0.214,0.385,0.63,-0.129,-0.441,-0.056,-0.15,-0.296,-0.414,-0.097,-0.301,-0.098,-0.472,-0.073,-0.595,-0.346,0.266,-0.307,0.281,-0.125,-0.045,-0.172,-0.196,0.347,-0.322,-0.276,-0.136,-0.227,-0.113,-0.211,-0.459,-0.312,-0.134,-0.257,0.01,-0.271,-0.379,0.374,-0.514,0.035,0.168,-0.319,-0.147,-0.177,0.553
ARDX,-0.009,-0.35,0.205,-0.568,0.464,-0.323,-0.062,0.449,0.802,0.102,0.077,0.013,-0.18,-0.094,0.606,0.255,-0.274,1.0,0.595,0.507,0.455,-0.076,0.627,-0.449,0.469,0.417,0.347,0.687,0.281,0.313,0.437,0.401,0.333,0.219,0.489,0.39,0.395,-0.026,0.677,-0.59,0.369,-0.611,0.451,-0.1,-0.504,-0.646,-0.187,0.38,0.459,0.073,-0.461,0.142,-0.274,-0.58,-0.078,-0.432,-0.031,-0.459,0.178,0.659,0.533,-0.329,-0.582,0.517,0.292,0.568,-0.556,0.582,0.69,0.516,0.376,0.605,-0.666,0.351,0.623,0.259,0.382,-0.252,-0.539,-0.457,0.325,0.664,0.34,0.318,-0.291,0.537,0.193,0.412,0.501,0.438,0.461,-0.45,0.445,0.292,-0.562,0.337,0.326,0.01,0.532,0.066,0.362,0.295,0.509,0.633,-0.509,-0.218,0.233,0.62,0.399,-0.646,0.569,-0.532,-0.16,-0.444,0.317,0.296,0.419,0.295,-0.614,0.727,0.359,0.365,0.272,0.342,-0.113,0.393,-0.221,0.579,0.366,0.126,-0.244,0.552,0.33,0.54,0.369,0.584,-0.516,0.402,0.115,0.525,0.165,-0.551,0.334,0.575,-0.078,-0.477,-0.188,-0.54,0.543,0.248,0.43,0.407,-0.17,0.444,0.279,0.273,-0.486,-0.481,0.287,0.352,0.297,0.362,-0.161,0.446,0.371,0.497,0.572,0.711,0.344,0.408,0.518,0.591,0.48,0.361,0.214,0.024,0.447,0.506,-0.659,0.427,0.427,0.523,0.505,0.407,-0.331,0.287,0.359,0.084,0.672,0.126,0.478,0.5,-0.134,0.267,-0.071,0.309,0.44,0.428,0.6,-0.517
ATER,0.359,-0.584,0.673,-0.645,0.723,0.219,-0.475,0.749,0.713,0.461,0.53,0.332,-0.345,-0.247,0.758,0.79,-0.325,0.595,1.0,0.75,0.762,-0.036,0.665,-0.188,0.811,0.743,0.514,0.709,0.8,0.827,0.815,0.726,0.743,0.402,0.825,0.51,0.826,-0.255,0.716,-0.701,0.307,-0.623,0.84,0.078,-0.562,-0.558,0.14,0.448,0.765,0.184,-0.19,0.573,0.188,-0.422,0.284,-0.521,-0.031,-0.289,0.631,0.588,0.691,0.116,-0.649,0.798,0.566,0.784,-0.68,0.679,0.799,0.671,0.641,0.726,-0.705,0.67,0.621,0.725,0.809,-0.192,-0.549,-0.511,0.746,0.819,0.595,0.539,-0.609,0.795,0.278,0.813,0.543,0.733,0.762,-0.05,0.724,0.398,-0.622,0.665,0.638,0.303,0.773,0.165,0.64,0.468,0.776,0.507,-0.651,0.04,0.753,0.765,0.77,-0.538,0.757,-0.671,0.351,-0.582,0.543,0.169,0.739,0.73,-0.557,0.318,0.747,0.824,0.241,0.695,0.196,0.647,0.043,0.774,0.648,0.632,-0.025,0.698,0.715,0.696,0.623,0.754,-0.58,0.761,0.357,0.755,0.687,-0.767,0.759,0.863,0.356,-0.502,-0.063,-0.664,0.799,0.729,0.719,0.645,0.198,0.559,0.729,0.7,-0.501,-0.624,0.787,0.702,0.574,0.579,0.204,0.785,0.708,0.772,0.351,0.802,0.548,0.696,0.8,0.017,0.781,0.247,0.636,0.45,0.47,0.749,-0.578,0.779,0.719,0.691,0.735,0.703,0.119,0.651,0.697,0.483,0.642,0.485,0.749,0.851,-0.557,0.593,0.41,0.516,0.718,0.616,0.751,-0.409
ATOS,0.328,-0.5,0.655,-0.634,0.586,0.112,-0.408,0.564,0.708,0.542,0.475,0.1,-0.404,-0.285,0.616,0.607,-0.304,0.507,0.75,1.0,0.606,0.081,0.534,-0.226,0.729,0.651,0.484,0.606,0.588,0.639,0.691,0.588,0.652,0.357,0.745,0.387,0.718,-0.397,0.59,-0.702,0.082,-0.721,0.861,-0.025,-0.54,-0.449,-0.023,0.547,0.637,-0.037,-0.336,0.461,0.058,-0.604,0.085,-0.49,0.218,-0.373,0.446,0.676,0.656,0.037,-0.611,0.727,0.502,0.594,-0.632,0.59,0.68,0.534,0.608,0.707,-0.665,0.531,0.523,0.523,0.657,-0.361,-0.462,-0.445,0.606,0.682,0.629,0.282,-0.535,0.655,0.013,0.646,0.588,0.563,0.647,-0.15,0.599,0.466,-0.492,0.555,0.523,0.333,0.537,0.113,0.51,0.368,0.671,0.47,-0.591,0.087,0.606,0.604,0.591,-0.336,0.705,-0.676,0.291,-0.525,0.443,0.245,0.686,0.658,-0.442,0.409,0.734,0.713,0.239,0.567,-0.193,0.496,0.153,0.582,0.659,0.417,-0.079,0.623,0.464,0.586,0.448,0.6,-0.538,0.74,0.37,0.668,0.45,-0.514,0.614,0.694,0.117,-0.367,0.055,-0.663,0.738,0.476,0.555,0.491,0.153,0.468,0.546,0.579,-0.459,-0.49,0.581,0.615,0.363,0.405,0.15,0.608,0.603,0.599,0.45,0.66,0.332,0.567,0.814,0.128,0.578,0.257,0.556,0.369,0.468,0.611,-0.521,0.69,0.636,0.608,0.613,0.543,-0.073,0.598,0.55,0.357,0.67,0.461,0.478,0.636,-0.416,0.623,0.217,0.416,0.476,0.519,0.514,-0.403
AUPH,0.439,-0.678,0.76,-0.693,0.593,0.447,-0.488,0.794,0.713,0.554,0.459,0.18,-0.375,-0.429,0.732,0.726,-0.419,0.455,0.762,0.606,1.0,-0.121,0.599,-0.101,0.727,0.74,0.616,0.72,0.803,0.806,0.766,0.794,0.711,0.352,0.765,0.464,0.812,-0.451,0.53,-0.724,0.217,-0.592,0.761,0.011,-0.563,-0.428,0.038,0.474,0.741,0.104,-0.115,0.638,0.172,-0.319,0.361,-0.603,-0.193,-0.109,0.596,0.326,0.749,0.214,-0.547,0.687,0.497,0.719,-0.65,0.637,0.711,0.672,0.698,0.552,-0.635,0.783,0.508,0.73,0.819,-0.13,-0.569,-0.527,0.72,0.691,0.569,0.56,-0.556,0.7,0.195,0.81,0.514,0.806,0.76,0.099,0.669,0.517,-0.661,0.694,0.725,0.388,0.685,0.112,0.717,0.494,0.688,0.435,-0.599,0.05,0.685,0.736,0.673,-0.44,0.749,-0.565,0.323,-0.657,0.562,0.128,0.666,0.738,-0.419,0.203,0.698,0.74,0.29,0.704,0.187,0.413,0.113,0.664,0.565,0.658,0.061,0.623,0.664,0.632,0.724,0.669,-0.558,0.718,0.335,0.805,0.761,-0.767,0.733,0.722,0.416,-0.463,-0.037,-0.513,0.751,0.733,0.73,0.72,0.249,0.381,0.702,0.607,-0.342,-0.654,0.634,0.73,0.591,0.469,0.268,0.787,0.641,0.712,0.343,0.661,0.669,0.811,0.762,-0.152,0.759,0.057,0.637,0.395,0.409,0.711,-0.513,0.756,0.754,0.701,0.629,0.665,0.224,0.71,0.698,0.556,0.6,0.536,0.619,0.768,-0.568,0.612,0.404,0.532,0.718,0.641,0.611,-0.398
AVGO,0.215,0.326,-0.139,0.321,0.109,-0.161,-0.136,-0.091,-0.131,-0.111,0.301,0.237,-0.151,0.33,-0.041,0.064,0.475,-0.076,-0.036,0.081,-0.121,1.0,0.166,0.155,-0.011,-0.165,-0.223,0.064,-0.111,-0.098,-0.148,-0.086,0.066,0.261,-0.078,0.193,-0.145,0.289,0.128,0.285,-0.583,0.214,-0.023,0.31,0.337,0.185,0.164,0.217,0.011,0.333,0.278,-0.005,0.229,0.125,-0.137,0.204,0.2,0.214,0.19,0.157,-0.267,0.102,0.044,-0.044,0.238,-0.015,0.239,0.149,0.145,-0.289,0.052,0.194,0.217,-0.247,-0.046,-0.234,-0.061,-0.077,0.332,0.375,-0.054,0.12,0.288,-0.012,0.286,0.1,0.124,-0.169,0.04,-0.082,-0.232,0.041,0.057,-0.069,0.076,-0.256,0.026,0.367,-0.034,0.445,-0.036,0.207,0.14,-0.252,-0.006,0.343,0.023,-0.033,-0.19,0.201,-0.171,0.072,0.352,0.325,0.069,0.579,0.074,-0.066,0.361,0.032,0.045,-0.161,-0.152,-0.009,-0.225,0.221,0.367,0.197,0.292,-0.229,0.357,0.288,0.029,0.044,-0.021,0.035,0.199,0.082,0.172,-0.184,0.037,0.092,-0.157,0.011,-0.142,0.522,0.587,0.042,0.08,-0.056,-0.134,-0.09,0.309,0.245,0.022,0.041,0.366,0.371,0.066,-0.232,-0.036,-0.035,-0.222,-0.151,0.15,-0.082,0.311,-0.203,0.012,-0.213,-0.091,0.111,-0.048,0.297,0.308,0.261,0.214,0.055,0.11,-0.095,-0.177,0.119,0.126,0.031,-0.175,0.056,-0.087,0.165,0.156,0.163,-0.092,-0.13,-0.102,-0.08,0.077,0.221,-0.023,0.188,-0.033,0.365
AZN,0.487,-0.365,0.427,-0.502,0.721,-0.087,-0.482,0.732,0.718,0.181,0.569,0.364,-0.322,-0.088,0.849,0.466,-0.186,0.627,0.665,0.534,0.599,0.166,1.0,-0.062,0.694,0.445,0.354,0.752,0.583,0.507,0.63,0.56,0.677,0.634,0.719,0.619,0.576,0.001,0.812,-0.595,0.097,-0.509,0.62,0.254,-0.351,-0.617,0.183,0.594,0.669,0.443,0.031,0.62,0.084,-0.211,0.185,-0.393,0.065,-0.017,0.637,0.69,0.621,0.155,-0.513,0.6,0.61,0.72,-0.472,0.718,0.845,0.497,0.625,0.734,-0.535,0.439,0.75,0.477,0.593,-0.112,-0.474,-0.374,0.58,0.818,0.538,0.517,-0.365,0.723,0.311,0.586,0.565,0.675,0.54,-0.11,0.776,0.225,-0.64,0.447,0.647,0.524,0.764,0.334,0.568,0.58,0.841,0.436,-0.589,0.157,0.509,0.692,0.56,-0.562,0.619,-0.468,0.375,-0.35,0.534,0.407,0.568,0.486,-0.311,0.42,0.644,0.518,0.142,0.676,0.145,0.773,0.09,0.747,0.741,0.364,0.256,0.824,0.565,0.748,0.733,0.814,-0.422,0.588,0.292,0.501,0.574,-0.65,0.522,0.713,0.409,-0.266,0.144,-0.459,0.763,0.627,0.642,0.579,0.222,0.62,0.697,0.619,-0.045,-0.318,0.646,0.513,0.635,0.396,0.053,0.614,0.718,0.751,0.551,0.71,0.616,0.515,0.705,0.189,0.699,0.371,0.495,0.451,0.688,0.78,-0.472,0.614,0.5,0.691,0.79,0.651,-0.031,0.427,0.591,0.502,0.79,0.557,0.662,0.65,-0.48,0.397,0.473,0.597,0.732,0.707,0.765,-0.213
BCRX,0.527,0.13,0.218,0.416,-0.077,0.199,-0.008,0.007,-0.355,-0.03,0.273,0.289,0.099,0.093,-0.029,-0.122,0.32,-0.449,-0.188,-0.226,-0.101,0.155,-0.062,1.0,-0.121,-0.264,-0.365,-0.146,0.028,0.006,0.007,-0.078,-0.002,0.184,-0.165,0.115,0.016,0.327,-0.123,0.316,-0.434,0.425,-0.172,0.457,0.54,0.493,0.509,0.134,-0.029,0.335,0.637,0.218,0.508,0.541,0.139,0.513,0.12,0.64,0.253,-0.327,-0.26,0.634,0.391,0.122,0.396,-0.088,0.303,-0.107,-0.052,-0.15,0.099,-0.123,0.44,-0.25,-0.222,0.11,0.094,0.365,0.581,0.509,-0.049,-0.11,0.126,0.042,0.271,0.033,0.168,-0.121,-0.284,0.016,-0.314,0.424,0.156,-0.386,0.207,-0.157,0.069,0.313,0.081,0.447,0.128,0.074,-0.021,-0.538,0.234,0.643,0.181,-0.252,0.094,0.424,-0.233,0.392,0.548,0.327,0.227,0.286,-0.148,-0.009,0.587,-0.499,0.046,-0.021,-0.46,0.24,0.216,0.068,0.283,-0.008,-0.007,0.025,0.449,-0.042,-0.01,0.041,0.201,0.05,0.375,0.072,-0.093,-0.338,0.141,0.148,0.01,-0.121,0.29,0.379,0.269,0.35,-0.067,0.133,-0.058,0.073,0.5,0.084,0.167,0.201,0.582,0.494,0.09,0.086,0.018,-0.305,0.168,-0.149,0.03,-0.136,-0.226,-0.343,0.101,-0.192,-0.151,-0.334,0.118,-0.008,-0.093,0.433,-0.156,0.125,0.356,0.002,0.036,0.015,0.124,-0.032,0.367,-0.188,0.012,0.275,-0.229,0.358,-0.128,-0.102,-0.054,-0.08,0.489,0.204,0.054,0.125,-0.029,0.471
BGC,0.56,-0.472,0.623,-0.578,0.741,0.29,-0.445,0.803,0.723,0.495,0.665,0.225,-0.194,-0.277,0.784,0.688,-0.259,0.469,0.811,0.729,0.727,-0.011,0.694,-0.121,1.0,0.721,0.583,0.698,0.746,0.693,0.724,0.661,0.7,0.473,0.799,0.499,0.731,-0.25,0.716,-0.617,0.205,-0.537,0.805,0.066,-0.411,-0.491,0.164,0.562,0.832,0.174,-0.117,0.685,0.189,-0.287,0.354,-0.473,0.124,-0.172,0.587,0.587,0.711,0.135,-0.404,0.661,0.606,0.759,-0.536,0.789,0.821,0.683,0.76,0.628,-0.58,0.646,0.503,0.605,0.742,-0.048,-0.491,-0.429,0.743,0.85,0.738,0.445,-0.433,0.805,0.111,0.745,0.609,0.668,0.78,0.127,0.796,0.434,-0.512,0.734,0.816,0.526,0.726,0.263,0.588,0.517,0.837,0.459,-0.448,0.122,0.678,0.715,0.632,-0.352,0.795,-0.496,0.443,-0.459,0.462,0.286,0.679,0.662,-0.357,0.245,0.781,0.756,0.214,0.682,0.196,0.612,0.291,0.812,0.735,0.611,0.053,0.75,0.573,0.75,0.65,0.778,-0.464,0.722,0.602,0.726,0.683,-0.607,0.671,0.875,0.387,-0.348,0.128,-0.481,0.871,0.7,0.768,0.576,0.265,0.604,0.705,0.774,-0.344,-0.465,0.751,0.605,0.611,0.614,0.355,0.716,0.695,0.752,0.317,0.776,0.525,0.717,0.784,-0.003,0.793,0.303,0.655,0.492,0.565,0.793,-0.349,0.731,0.646,0.841,0.767,0.771,0.215,0.61,0.696,0.482,0.651,0.59,0.687,0.817,-0.427,0.716,0.563,0.593,0.674,0.798,0.675,-0.311
BIDU,0.291,-0.666,0.629,-0.66,0.639,0.404,-0.379,0.627,0.653,0.49,0.434,0.124,-0.34,-0.526,0.608,0.718,-0.535,0.417,0.743,0.651,0.74,-0.165,0.445,-0.264,0.721,1.0,0.878,0.61,0.659,0.705,0.709,0.775,0.562,0.145,0.701,0.225,0.703,-0.502,0.451,-0.735,0.187,-0.635,0.708,-0.192,-0.691,-0.567,0.089,0.459,0.697,-0.114,-0.28,0.453,0.109,-0.512,0.387,-0.676,0.026,-0.223,0.398,0.328,0.753,0.107,-0.583,0.606,0.329,0.606,-0.746,0.668,0.619,0.613,0.535,0.499,-0.736,0.933,0.345,0.599,0.671,-0.117,-0.568,-0.522,0.701,0.599,0.551,0.481,-0.533,0.605,-0.01,0.713,0.623,0.603,0.923,0.119,0.504,0.825,-0.457,0.722,0.625,0.326,0.516,-0.091,0.63,0.406,0.593,0.559,-0.538,0.014,0.575,0.764,0.669,-0.332,0.89,-0.559,0.225,-0.663,0.461,0.061,0.64,0.648,-0.513,0.182,0.655,0.72,0.631,0.486,0.205,0.295,0.117,0.602,0.545,0.554,-0.102,0.517,0.502,0.542,0.514,0.559,-0.677,0.738,0.486,0.934,0.603,-0.679,0.696,0.74,0.236,-0.562,0.033,-0.528,0.646,0.539,0.726,0.64,0.238,0.299,0.568,0.61,-0.509,-0.678,0.554,0.658,0.558,0.676,0.288,0.677,0.567,0.599,0.243,0.825,0.451,0.862,0.66,-0.111,0.675,0.073,0.678,0.325,0.454,0.556,-0.496,0.649,0.618,0.611,0.562,0.614,0.135,0.635,0.74,0.299,0.469,0.454,0.588,0.847,-0.641,0.744,0.268,0.314,0.588,0.561,0.5,-0.544
BILI,0.149,-0.633,0.481,-0.587,0.497,0.306,-0.298,0.443,0.594,0.456,0.225,-0.077,-0.315,-0.594,0.447,0.553,-0.541,0.347,0.514,0.484,0.616,-0.223,0.354,-0.365,0.583,0.878,1.0,0.51,0.442,0.494,0.484,0.556,0.348,-0.045,0.53,0.034,0.498,-0.619,0.31,-0.673,0.184,-0.618,0.491,-0.354,-0.694,-0.538,-0.119,0.352,0.495,-0.267,-0.272,0.288,-0.11,-0.495,0.326,-0.718,-0.122,-0.291,0.173,0.205,0.732,-0.072,-0.529,0.397,0.104,0.419,-0.686,0.559,0.432,0.581,0.373,0.288,-0.645,0.87,0.216,0.414,0.484,-0.183,-0.612,-0.55,0.555,0.404,0.342,0.271,-0.384,0.389,-0.204,0.506,0.73,0.421,0.827,0.18,0.311,0.859,-0.434,0.593,0.525,0.219,0.307,-0.229,0.388,0.255,0.436,0.702,-0.459,-0.184,0.346,0.642,0.46,-0.345,0.765,-0.453,0.008,-0.657,0.181,-0.095,0.495,0.506,-0.425,0.196,0.488,0.527,0.767,0.278,0.176,0.069,-0.01,0.367,0.401,0.429,-0.178,0.359,0.283,0.339,0.388,0.346,-0.603,0.504,0.483,0.83,0.385,-0.581,0.463,0.519,0.153,-0.593,-0.109,-0.341,0.437,0.343,0.618,0.41,0.072,0.076,0.357,0.401,-0.449,-0.608,0.304,0.505,0.51,0.673,0.241,0.542,0.384,0.387,0.146,0.727,0.341,0.767,0.478,-0.071,0.428,-0.132,0.527,0.087,0.491,0.348,-0.399,0.511,0.466,0.472,0.341,0.453,0.126,0.523,0.521,0.137,0.384,0.288,0.385,0.675,-0.533,0.657,0.103,0.138,0.424,0.448,0.278,-0.567
BKR,0.415,-0.517,0.464,-0.597,0.671,-0.036,-0.321,0.683,0.811,0.22,0.446,0.335,-0.309,-0.167,0.831,0.537,-0.253,0.687,0.709,0.606,0.72,0.064,0.752,-0.146,0.698,0.61,0.51,1.0,0.552,0.552,0.615,0.67,0.6,0.53,0.663,0.638,0.607,-0.082,0.785,-0.711,0.172,-0.685,0.626,0.151,-0.457,-0.7,0.087,0.595,0.714,0.301,-0.124,0.542,0.091,-0.483,0.212,-0.552,0.052,-0.107,0.49,0.631,0.637,0.044,-0.635,0.674,0.592,0.813,-0.632,0.827,0.799,0.467,0.708,0.638,-0.676,0.602,0.659,0.477,0.588,-0.168,-0.496,-0.379,0.566,0.799,0.552,0.631,-0.506,0.771,0.426,0.629,0.633,0.622,0.729,-0.165,0.726,0.367,-0.72,0.567,0.585,0.403,0.79,0.366,0.689,0.577,0.712,0.572,-0.656,0.154,0.549,0.773,0.598,-0.574,0.695,-0.651,0.224,-0.453,0.613,0.34,0.63,0.529,-0.44,0.546,0.574,0.535,0.222,0.642,0.01,0.587,0.069,0.793,0.644,0.31,0.074,0.767,0.523,0.813,0.642,0.803,-0.532,0.651,0.294,0.667,0.566,-0.754,0.529,0.758,0.143,-0.418,0.04,-0.635,0.755,0.537,0.723,0.711,0.291,0.651,0.533,0.62,-0.198,-0.448,0.569,0.596,0.565,0.509,0.008,0.612,0.664,0.68,0.713,0.781,0.526,0.719,0.647,0.226,0.722,0.395,0.541,0.422,0.68,0.782,-0.724,0.593,0.508,0.715,0.715,0.633,-0.149,0.534,0.684,0.416,0.848,0.569,0.636,0.741,-0.52,0.498,0.34,0.712,0.672,0.678,0.763,-0.414
BLDP,0.511,-0.591,0.745,-0.596,0.758,0.449,-0.664,0.824,0.537,0.494,0.668,0.479,-0.296,-0.356,0.732,0.766,-0.312,0.281,0.8,0.588,0.803,-0.111,0.583,0.028,0.746,0.659,0.442,0.552,1.0,0.901,0.896,0.744,0.84,0.468,0.863,0.539,0.891,-0.332,0.596,-0.624,0.19,-0.501,0.83,0.159,-0.452,-0.423,0.288,0.461,0.803,0.198,0.028,0.784,0.366,-0.17,0.557,-0.475,0.067,-0.014,0.822,0.332,0.691,0.453,-0.503,0.701,0.601,0.78,-0.556,0.536,0.677,0.575,0.657,0.636,-0.485,0.641,0.591,0.877,0.816,0.03,-0.522,-0.504,0.846,0.683,0.634,0.606,-0.623,0.735,0.276,0.895,0.384,0.85,0.702,0.174,0.738,0.31,-0.458,0.742,0.706,0.49,0.765,0.182,0.686,0.517,0.763,0.27,-0.627,0.207,0.807,0.624,0.806,-0.344,0.648,-0.555,0.538,-0.583,0.593,0.141,0.75,0.808,-0.352,0.066,0.758,0.845,0.105,0.814,0.362,0.653,0.231,0.669,0.703,0.74,0.118,0.672,0.795,0.674,0.712,0.716,-0.474,0.775,0.341,0.647,0.845,-0.685,0.893,0.802,0.586,-0.368,0.119,-0.526,0.742,0.866,0.729,0.664,0.322,0.503,0.907,0.721,-0.319,-0.568,0.869,0.773,0.563,0.538,0.403,0.779,0.814,0.835,0.164,0.578,0.624,0.74,0.834,-0.322,0.756,0.141,0.667,0.523,0.406,0.735,-0.399,0.78,0.731,0.646,0.733,0.743,0.32,0.693,0.701,0.678,0.547,0.618,0.75,0.778,-0.6,0.574,0.562,0.486,0.752,0.581,0.653,-0.275
BLNK,0.481,-0.712,0.83,-0.602,0.723,0.505,-0.614,0.711,0.572,0.596,0.655,0.352,-0.371,-0.472,0.7,0.856,-0.444,0.313,0.827,0.639,0.806,-0.098,0.507,0.006,0.693,0.705,0.494,0.552,0.901,1.0,0.9,0.772,0.768,0.309,0.796,0.389,0.888,-0.442,0.541,-0.658,0.226,-0.558,0.798,0.034,-0.498,-0.396,0.223,0.481,0.741,0.127,-0.093,0.732,0.378,-0.26,0.453,-0.513,0.063,-0.015,0.684,0.266,0.652,0.427,-0.57,0.738,0.522,0.75,-0.671,0.541,0.685,0.683,0.665,0.575,-0.571,0.702,0.479,0.86,0.876,-0.035,-0.551,-0.556,0.828,0.673,0.599,0.511,-0.62,0.695,0.145,0.909,0.347,0.743,0.705,0.264,0.701,0.368,-0.489,0.693,0.71,0.476,0.727,0.1,0.694,0.394,0.728,0.314,-0.652,0.178,0.804,0.62,0.82,-0.373,0.658,-0.517,0.554,-0.674,0.584,0.127,0.799,0.854,-0.318,0.046,0.772,0.909,0.121,0.779,0.333,0.513,0.145,0.646,0.588,0.736,0.042,0.592,0.756,0.627,0.734,0.661,-0.555,0.83,0.34,0.668,0.848,-0.718,0.844,0.782,0.548,-0.395,-0.004,-0.487,0.687,0.829,0.749,0.675,0.345,0.376,0.828,0.729,-0.345,-0.664,0.8,0.822,0.445,0.521,0.411,0.832,0.708,0.693,0.187,0.571,0.503,0.767,0.776,-0.339,0.729,0.049,0.642,0.515,0.385,0.715,-0.462,0.784,0.743,0.66,0.701,0.696,0.393,0.835,0.695,0.674,0.508,0.545,0.652,0.771,-0.646,0.63,0.527,0.405,0.774,0.611,0.577,-0.353
BYND,0.49,-0.692,0.8,-0.695,0.763,0.299,-0.593,0.776,0.66,0.486,0.626,0.379,-0.332,-0.465,0.794,0.704,-0.437,0.437,0.815,0.691,0.766,-0.148,0.63,0.007,0.724,0.709,0.484,0.615,0.896,0.9,1.0,0.757,0.832,0.379,0.857,0.515,0.934,-0.342,0.668,-0.72,0.267,-0.641,0.849,0.025,-0.551,-0.519,0.195,0.519,0.821,0.104,-0.174,0.735,0.321,-0.346,0.468,-0.494,0.113,-0.088,0.745,0.419,0.709,0.433,-0.609,0.818,0.616,0.776,-0.671,0.602,0.748,0.679,0.637,0.75,-0.638,0.672,0.643,0.864,0.881,0.03,-0.579,-0.588,0.828,0.731,0.693,0.566,-0.62,0.789,0.173,0.888,0.432,0.847,0.713,0.066,0.775,0.37,-0.498,0.74,0.709,0.448,0.778,0.133,0.73,0.505,0.782,0.413,-0.685,0.166,0.786,0.661,0.924,-0.43,0.749,-0.596,0.499,-0.714,0.66,0.146,0.774,0.856,-0.421,0.208,0.843,0.9,0.197,0.839,0.279,0.614,0.21,0.685,0.681,0.678,-0.028,0.689,0.757,0.719,0.757,0.766,-0.608,0.891,0.353,0.696,0.781,-0.727,0.918,0.84,0.567,-0.494,0.059,-0.565,0.783,0.816,0.728,0.713,0.287,0.471,0.882,0.768,-0.396,-0.662,0.805,0.871,0.56,0.554,0.349,0.799,0.773,0.778,0.287,0.68,0.564,0.739,0.883,-0.194,0.782,0.194,0.623,0.492,0.485,0.785,-0.475,0.855,0.77,0.695,0.753,0.705,0.197,0.677,0.702,0.551,0.64,0.601,0.742,0.826,-0.62,0.566,0.496,0.419,0.764,0.621,0.677,-0.426
