,AAL,AAPL,ABUS,ADBE,ADI,ADMA,AEP,AGNC,AKBA,ALT,AMAT,AMD,AMGN,AMZN,APA,APPS,ARCC,ARDX,ATER,ATOS,AUPH,AVGO,AZN,BCRX,BGC,BIDU,BILI,BKR,BLDP,BLNK,BYND,CAN,CELH,CG,CGC,CHRD,CLNE,CMCSA,COMM,COST,CPB,CPRT,CRON,CRWD,CSCO,CSGP,CSX,CTSH,CZR,DBX,DDOG,DKNG,DLTR,DOCU,DVAX,DXCM,EA,EBAY,ENPH,ERIC,ESPR,ETSY,EXC,EXEL,EXPE,FANG,FAST,FITB,FLEX,FOLD,FOXA,FSLR,FTNT,FUTU,GEN,GERN,GEVO,GILD,GOOG,GOOGL,GPRO,GT,HBAN,HIVE,HON,HST,HUT,IBRX,INTC,IOVA,IQ,IRWD,JBLU,JD,KDP,KHC,LBTYK,LRCX,LYFT,MAR,MARA,MAT,MCHP,MCRB,MDLZ,META,MGNI,MLCO,MNKD,MNST,MOMO,MRNA,MRVL,MSFT,MSTR,MTCH,MU,MVIS,NDAQ,NFLX,NKTR,NNDM,NTES,NTNX,NVAX,NVDA,NWL,NWSA,NXPI,OCGN,OKTA,ON,OPK,PAA,PACB,PAGP,PANW,PARA,PCAR,PDD,PENN,PEP,PLUG,PTEN,PTON,PYPL,QCOM,QUBT,QVCGA,RDFN,REAL,RIOT,ROKU,ROST,RUN,SABR,SAVA,SBUX,SFIX,SGMO,SIRI,SLM,SMCI,SNDL,SONO,STNE,STX,TCOM,TGTX,TIGR,TLRY,TMUS,TRIP,TSCO,TSLA,TTD,TXN,UAL,UNIT,VERU,VKTX,VLY,VOD,VTRS,VXRT,WBA,WBD,WDAY,WDC,WEN,WW,WYNN,XEL,XP,XRAY,XRX,Z,ZION,ZM,ZS
AAL,1.0,0.379,-0.026,-0.0,0.23,0.188,0.243,0.489,0.071,0.056,0.695,0.499,0.307,0.434,0.603,0.555,0.619,-0.056,0.168,-0.116,0.569,0.282,0.434,0.5,0.534,0.44,-0.01,0.364,0.191,0.017,0.265,0.025,0.715,0.685,0.245,0.584,0.352,0.306,0.364,0.116,-0.203,0.425,0.161,0.491,0.384,0.567,0.584,0.403,0.877,0.709,0.645,0.425,0.13,0.442,0.311,0.431,0.511,0.22,0.047,0.486,0.141,0.401,0.397,0.353,0.819,0.528,0.323,0.366,0.684,0.604,0.53,-0.057,0.408,0.526,0.357,0.039,0.092,0.217,0.503,0.575,0.312,0.55,0.473,0.419,-0.01,0.81,0.26,0.344,0.659,0.56,0.21,0.664,0.893,-0.048,0.267,0.114,0.334,0.638,0.793,0.778,0.191,0.46,0.559,0.197,0.121,0.34,0.552,0.729,0.558,0.352,0.153,-0.408,0.655,0.511,0.178,0.813,0.553,-0.02,0.568,0.691,0.39,0.121,0.219,0.576,-0.293,0.485,0.078,0.643,0.605,-0.059,0.693,0.632,0.374,0.372,0.308,0.512,0.477,0.386,0.301,0.274,0.692,0.179,0.134,0.5,-0.283,0.625,0.316,0.157,0.164,0.399,0.324,0.212,0.45,0.51,0.132,0.725,0.2,0.401,0.169,0.467,0.215,0.55,0.555,0.564,0.454,0.394,0.618,0.168,0.625,0.181,-0.004,0.186,0.877,0.141,0.564,0.734,0.21,0.962,0.552,0.205,0.238,0.425,0.515,0.367,0.09,0.533,0.627,0.548,0.512,0.589,-0.025,0.866,0.03,0.085,0.43,0.577,0.688,0.359,0.251,0.512
AAPL,0.379,1.0,-0.015,0.051,0.144,0.021,0.641,0.223,-0.243,-0.259,0.698,0.318,0.664,0.19,0.495,0.479,0.583,-0.441,-0.058,-0.392,0.52,0.735,0.492,0.491,0.153,0.163,-0.199,0.391,-0.15,-0.2,-0.01,-0.307,0.553,0.437,-0.255,0.497,0.136,-0.076,0.609,0.747,0.585,0.615,-0.296,0.498,0.69,0.449,0.602,0.687,0.374,0.597,0.682,-0.079,0.663,0.354,0.282,0.377,0.594,0.183,-0.114,0.677,-0.341,-0.023,0.659,0.546,0.526,0.36,0.832,0.362,0.567,0.396,0.549,-0.201,0.762,0.328,0.551,-0.223,-0.14,0.555,0.708,0.727,0.737,0.368,0.618,-0.094,0.518,0.638,-0.234,0.256,0.42,0.627,-0.289,0.591,0.468,-0.293,0.71,0.473,0.695,0.817,0.432,0.669,-0.214,0.11,0.672,-0.242,0.628,0.886,0.466,0.452,0.276,0.759,0.003,-0.566,0.54,0.812,-0.17,0.433,0.481,-0.3,0.731,0.265,0.523,-0.265,0.057,0.341,-0.22,0.257,0.133,0.507,0.519,-0.376,0.502,0.613,0.48,-0.003,0.217,-0.011,0.692,0.047,0.637,0.262,0.21,0.781,-0.156,0.834,-0.485,0.622,0.856,-0.33,0.068,0.111,-0.109,-0.285,0.399,0.469,-0.036,0.352,-0.022,0.628,-0.363,-0.035,0.396,0.703,0.414,0.18,-0.061,0.494,0.527,-0.026,0.569,-0.041,-0.361,0.409,0.427,0.606,0.391,0.446,0.188,0.444,0.381,-0.038,-0.163,0.206,0.52,0.604,0.094,0.746,0.101,0.677,0.435,0.676,-0.484,0.471,0.663,0.186,0.784,0.736,0.328,0.264,-0.027,0.5
ABUS,-0.026,-0.015,1.0,0.171,0.072,0.196,-0.174,-0.116,0.337,0.334,-0.19,-0.375,-0.192,0.132,-0.333,-0.18,-0.393,0.472,0.362,0.385,0.006,-0.087,-0.26,-0.118,-0.21,0.184,0.251,-0.004,0.143,0.212,0.183,0.236,-0.164,-0.194,0.183,-0.4,0.289,-0.384,0.183,-0.238,0.086,-0.293,0.275,0.122,-0.236,-0.223,-0.4,-0.303,-0.09,-0.132,-0.012,0.415,-0.191,0.125,-0.115,0.48,-0.174,-0.147,0.193,-0.198,0.244,0.15,-0.365,-0.052,-0.191,-0.17,-0.163,-0.367,-0.289,-0.223,-0.285,0.147,-0.185,0.2,-0.22,0.296,0.426,-0.199,0.037,-0.025,0.256,-0.13,-0.412,0.063,-0.138,-0.184,0.172,0.014,-0.238,0.178,0.391,-0.268,-0.039,0.377,-0.278,-0.244,-0.37,-0.144,-0.234,-0.247,0.092,-0.222,-0.18,-0.018,-0.213,-0.126,0.351,-0.02,-0.165,-0.102,0.422,0.233,0.141,-0.12,0.147,-0.039,-0.324,0.277,-0.222,-0.017,-0.016,0.279,0.005,0.01,0.391,-0.118,0.002,-0.336,-0.258,0.363,0.204,-0.263,-0.29,-0.2,0.377,-0.314,-0.187,-0.099,-0.182,0.496,-0.076,-0.198,0.195,0.066,0.252,0.055,-0.027,0.05,-0.132,0.338,0.072,0.14,0.21,-0.315,0.242,0.045,-0.022,-0.173,-0.155,0.061,-0.106,-0.407,-0.469,0.05,0.246,0.199,-0.306,0.028,-0.148,0.289,0.176,0.039,-0.172,-0.297,-0.399,0.123,-0.059,-0.112,-0.468,0.364,0.335,-0.329,-0.103,-0.285,0.352,-0.11,-0.318,0.29,-0.434,-0.19,-0.024,0.068,-0.092,0.323,-0.219,-0.358,0.083,-0.396,0.443,-0.002
ADBE,-0.0,0.051,0.171,1.0,0.856,0.469,-0.516,0.605,0.612,0.563,0.053,-0.064,-0.472,0.643,0.239,-0.415,0.033,0.631,0.525,0.564,-0.346,-0.424,-0.518,-0.499,0.531,0.42,0.802,0.7,0.774,0.835,0.243,0.713,-0.179,0.284,0.559,-0.02,0.681,0.025,0.285,-0.289,-0.177,0.384,0.439,-0.136,-0.459,-0.014,0.209,-0.395,0.012,-0.152,0.06,0.623,0.28,-0.358,-0.337,0.175,-0.51,0.726,0.892,-0.492,0.513,0.568,-0.193,-0.568,-0.165,0.589,0.133,0.48,-0.072,-0.33,-0.29,0.818,-0.341,0.522,-0.503,0.471,0.604,-0.529,0.494,0.433,0.102,0.553,0.11,0.563,0.325,0.017,0.618,-0.33,0.088,-0.328,0.49,-0.277,0.018,0.673,-0.375,-0.554,-0.057,0.131,-0.001,-0.001,0.678,0.437,0.289,0.606,-0.508,-0.194,0.007,0.284,-0.213,-0.445,0.69,0.182,0.404,0.333,0.646,0.222,-0.358,0.621,0.102,0.533,-0.527,0.641,0.728,0.67,-0.241,0.574,0.619,0.064,0.227,0.507,0.332,-0.006,-0.51,0.512,0.474,0.367,-0.222,0.558,0.503,0.571,0.319,-0.306,0.861,-0.014,0.489,0.219,0.324,0.543,0.744,0.434,0.725,0.656,-0.05,0.391,0.875,0.41,0.383,0.549,0.31,0.076,-0.55,0.057,0.127,-0.272,0.524,0.325,-0.308,0.808,-0.296,0.779,0.685,-0.484,0.107,0.395,0.249,0.354,0.829,0.071,-0.038,0.352,0.42,0.58,-0.176,-0.522,-0.436,-0.297,0.068,0.316,-0.277,-0.382,0.518,0.262,-0.28,0.585,-0.283,-0.178,0.02,0.5,-0.192,-0.17
ADI,0.23,0.144,0.072,0.856,1.0,0.55,-0.372,0.825,0.634,0.596,0.311,0.087,-0.357,0.781,0.443,-0.255,0.229,0.558,0.602,0.461,-0.192,-0.362,-0.385,-0.298,0.775,0.474,0.723,0.831,0.779,0.84,0.33,0.656,0.022,0.455,0.681,0.231,0.73,0.238,0.413,-0.204,-0.181,0.614,0.466,-0.024,-0.303,0.224,0.46,-0.261,0.217,0.063,0.27,0.637,0.395,-0.311,-0.176,0.165,-0.334,0.822,0.893,-0.293,0.485,0.696,-0.007,-0.439,0.02,0.8,0.286,0.719,0.096,-0.132,-0.069,0.845,-0.189,0.632,-0.368,0.518,0.644,-0.457,0.634,0.578,0.162,0.77,0.374,0.641,0.413,0.197,0.677,-0.298,0.352,-0.204,0.43,-0.036,0.251,0.617,-0.285,-0.472,0.012,0.333,0.215,0.165,0.719,0.722,0.508,0.767,-0.45,-0.09,0.082,0.449,0.022,-0.301,0.688,0.115,0.515,0.423,0.697,0.453,-0.223,0.657,0.248,0.669,-0.407,0.673,0.793,0.837,-0.296,0.784,0.755,0.333,0.478,0.51,0.495,0.17,-0.334,0.758,0.544,0.594,-0.056,0.669,0.645,0.558,0.442,-0.228,0.843,0.114,0.431,0.428,0.424,0.617,0.852,0.516,0.82,0.703,0.065,0.657,0.865,0.562,0.457,0.719,0.446,0.282,-0.484,0.275,0.363,-0.213,0.663,0.436,-0.087,0.892,-0.067,0.785,0.698,-0.416,0.369,0.53,0.385,0.477,0.941,0.314,0.211,0.407,0.513,0.788,-0.057,-0.356,-0.406,-0.198,0.253,0.382,-0.075,-0.206,0.565,0.403,-0.183,0.5,-0.168,-0.0,0.198,0.729,-0.173,0.01
ADMA,0.188,0.021,0.196,0.469,0.55,1.0,-0.261,0.393,0.565,0.695,0.17,-0.038,-0.232,0.404,0.192,0.057,0.264,0.329,0.451,0.382,0.011,-0.226,-0.278,0.019,0.497,0.55,0.479,0.376,0.549,0.553,0.363,0.396,0.132,0.142,0.436,0.109,0.554,-0.024,0.248,-0.252,-0.177,0.375,0.576,0.072,-0.158,0.121,0.197,-0.124,0.205,0.0,0.345,0.579,0.204,-0.082,-0.026,0.261,-0.263,0.537,0.476,-0.258,0.31,0.449,0.099,-0.19,0.102,0.404,0.043,0.322,0.136,0.034,0.014,0.437,-0.025,0.611,-0.197,0.523,0.368,-0.279,0.354,0.278,0.025,0.449,0.098,0.342,-0.064,0.157,0.398,0.077,0.155,0.042,0.513,-0.021,0.13,0.414,-0.178,-0.425,-0.224,0.191,0.125,0.075,0.377,0.461,0.225,0.514,-0.323,-0.134,0.212,0.311,0.142,-0.123,0.477,0.036,0.344,0.161,0.385,0.437,-0.018,0.469,0.119,0.439,-0.135,0.565,0.499,0.49,-0.03,0.38,0.299,0.157,0.222,0.406,0.519,0.02,-0.08,0.352,0.577,0.295,0.032,0.426,0.347,0.433,0.54,-0.242,0.481,0.083,0.259,0.253,0.156,0.363,0.385,0.459,0.569,0.328,0.292,0.402,0.527,0.473,0.326,0.398,0.162,0.248,-0.395,0.127,0.244,0.035,0.525,0.304,0.005,0.65,0.177,0.575,0.501,-0.316,0.348,0.269,0.186,0.338,0.413,0.184,0.336,0.312,0.365,0.404,-0.198,-0.199,-0.053,-0.068,0.096,0.303,0.111,0.012,0.552,0.311,-0.191,0.211,-0.156,0.034,0.281,0.288,0.232,0.104
AEP,0.243,0.641,-0.174,-0.516,-0.372,-0.261,1.0,-0.248,-0.528,-0.47,0.458,0.314,0.936,-0.256,0.196,0.486,0.401,-0.693,-0.458,-0.692,0.547,0.802,0.84,0.737,-0.151,-0.215,-0.599,-0.182,-0.51,-0.605,-0.228,-0.595,0.528,0.086,-0.554,0.337,-0.374,0.084,0.172,0.753,0.672,0.229,-0.604,0.491,0.882,0.355,0.364,0.869,0.283,0.527,0.384,-0.446,0.311,0.465,0.545,0.056,0.852,-0.237,-0.542,0.842,-0.52,-0.332,0.755,0.834,0.47,-0.093,0.538,0.054,0.516,0.496,0.659,-0.538,0.785,-0.171,0.891,-0.441,-0.494,0.915,0.121,0.189,0.311,-0.163,0.466,-0.423,0.242,0.441,-0.551,0.309,0.301,0.675,-0.587,0.616,0.276,-0.629,0.875,0.857,0.574,0.495,0.292,0.504,-0.583,-0.133,0.276,-0.48,0.936,0.804,0.273,0.029,0.41,0.898,-0.508,-0.342,0.027,0.317,-0.488,0.169,0.507,-0.656,0.489,-0.124,0.716,-0.585,-0.352,-0.189,0.043,-0.136,-0.225,0.3,0.245,-0.574,0.107,0.464,0.708,-0.225,-0.111,-0.211,0.647,-0.321,0.208,-0.247,-0.023,0.91,-0.555,0.509,-0.641,0.261,0.391,-0.614,-0.385,-0.176,-0.493,-0.556,0.2,0.125,-0.55,-0.066,-0.249,0.155,-0.438,-0.074,0.742,0.538,0.263,0.182,-0.405,-0.029,0.673,-0.461,0.639,-0.512,-0.678,0.717,0.24,0.283,0.128,0.027,-0.316,0.208,0.412,-0.343,-0.452,-0.14,0.467,0.785,0.478,0.76,0.083,0.186,0.497,0.798,-0.637,0.096,0.771,-0.355,0.825,0.676,0.159,0.007,0.201,0.494
AGNC,0.489,0.223,-0.116,0.605,0.825,0.393,-0.248,1.0,0.506,0.441,0.425,0.218,-0.2,0.758,0.585,0.016,0.409,0.317,0.464,0.285,0.06,-0.192,-0.193,-0.075,0.843,0.478,0.547,0.812,0.654,0.638,0.386,0.462,0.243,0.596,0.702,0.425,0.692,0.246,0.433,-0.154,-0.286,0.618,0.456,0.049,-0.131,0.384,0.599,-0.093,0.453,0.279,0.426,0.536,0.383,-0.136,-0.06,0.241,-0.106,0.697,0.696,-0.124,0.383,0.626,0.097,-0.238,0.319,0.862,0.34,0.721,0.346,0.107,0.197,0.667,-0.027,0.641,-0.212,0.411,0.453,-0.298,0.68,0.65,0.252,0.85,0.516,0.64,0.282,0.45,0.564,-0.052,0.476,-0.029,0.364,0.205,0.486,0.367,-0.18,-0.379,0.133,0.431,0.451,0.431,0.6,0.696,0.579,0.663,-0.317,0.044,0.182,0.612,0.193,-0.133,0.544,-0.109,0.572,0.486,0.562,0.634,0.049,0.519,0.364,0.761,-0.176,0.551,0.697,0.857,-0.329,0.746,0.649,0.496,0.518,0.382,0.583,0.295,-0.109,0.753,0.436,0.773,0.09,0.685,0.626,0.441,0.591,-0.159,0.676,0.295,0.282,0.532,0.384,0.584,0.833,0.551,0.772,0.563,0.232,0.716,0.7,0.706,0.514,0.676,0.368,0.459,-0.371,0.433,0.544,0.037,0.641,0.441,0.115,0.741,0.154,0.603,0.59,-0.316,0.598,0.496,0.521,0.614,0.787,0.564,0.366,0.403,0.533,0.835,0.235,-0.117,-0.341,-0.029,0.476,0.427,0.152,-0.007,0.482,0.586,-0.157,0.353,0.012,0.214,0.374,0.739,-0.111,0.09
AKBA,0.071,-0.243,0.337,0.612,0.634,0.565,-0.528,0.506,1.0,0.861,-0.087,-0.089,-0.461,0.681,0.031,-0.232,-0.133,0.584,0.59,0.698,-0.198,-0.478,-0.518,-0.208,0.552,0.341,0.678,0.509,0.733,0.81,0.531,0.651,-0.128,0.099,0.754,-0.099,0.774,-0.0,0.15,-0.513,-0.39,0.074,0.773,0.003,-0.428,-0.029,-0.045,-0.433,0.092,-0.049,0.162,0.759,-0.16,-0.231,-0.104,0.442,-0.465,0.416,0.744,-0.54,0.679,0.672,-0.421,-0.306,-0.127,0.467,-0.232,0.212,-0.194,-0.111,-0.131,0.71,-0.336,0.473,-0.394,0.894,0.713,-0.511,0.363,0.231,0.015,0.389,-0.045,0.651,-0.135,-0.105,0.692,0.045,0.073,-0.128,0.708,-0.194,0.119,0.574,-0.544,-0.569,-0.356,-0.135,0.006,-0.164,0.651,0.339,0.116,0.761,-0.558,-0.349,0.221,0.216,0.173,-0.43,0.601,0.331,0.246,-0.051,0.713,0.344,-0.4,0.795,-0.192,0.489,-0.18,0.83,0.472,0.534,0.239,0.476,0.428,-0.041,0.099,0.779,0.434,-0.238,-0.302,0.437,0.67,0.273,-0.217,0.367,0.041,0.399,0.405,-0.537,0.726,-0.037,0.662,0.196,-0.05,0.682,0.528,0.729,0.703,0.663,0.108,0.139,0.717,0.456,0.373,0.127,0.331,0.542,-0.429,-0.173,-0.041,0.127,0.568,0.137,-0.27,0.712,-0.102,0.695,0.79,-0.165,0.134,-0.067,0.048,0.318,0.548,0.054,-0.057,0.595,0.785,0.394,-0.227,-0.458,0.061,-0.485,0.118,0.249,-0.369,-0.391,0.725,0.261,-0.467,0.567,-0.471,-0.325,0.161,0.321,0.317,-0.086
ALT,0.056,-0.259,0.334,0.563,0.596,0.695,-0.47,0.441,0.861,1.0,-0.093,-0.119,-0.425,0.574,0.009,-0.238,-0.063,0.589,0.535,0.645,-0.114,-0.46,-0.46,-0.163,0.524,0.413,0.692,0.43,0.759,0.757,0.532,0.617,-0.093,0.012,0.681,-0.095,0.78,-0.005,0.15,-0.517,-0.329,0.118,0.734,0.018,-0.399,0.004,-0.019,-0.401,0.076,-0.134,0.189,0.718,-0.156,-0.136,-0.032,0.363,-0.463,0.446,0.705,-0.538,0.632,0.634,-0.322,-0.318,-0.121,0.412,-0.253,0.207,-0.129,-0.137,-0.084,0.65,-0.301,0.429,-0.345,0.791,0.587,-0.447,0.267,0.184,-0.016,0.347,-0.064,0.52,-0.212,-0.131,0.572,0.013,0.034,-0.113,0.677,-0.185,0.003,0.528,-0.454,-0.563,-0.471,-0.094,0.003,-0.184,0.558,0.435,0.053,0.744,-0.491,-0.365,0.182,0.165,0.118,-0.41,0.589,0.349,0.199,-0.055,0.605,0.368,-0.357,0.723,-0.102,0.457,-0.241,0.762,0.428,0.436,0.224,0.449,0.347,-0.029,0.019,0.779,0.398,-0.261,-0.288,0.439,0.588,0.327,-0.2,0.397,0.034,0.37,0.416,-0.521,0.699,-0.13,0.687,0.158,-0.111,0.624,0.446,0.667,0.712,0.559,0.211,0.175,0.723,0.422,0.337,0.11,0.244,0.534,-0.505,-0.156,-0.018,0.05,0.616,0.107,-0.225,0.67,-0.043,0.634,0.745,-0.285,0.129,-0.014,0.04,0.31,0.499,0.016,0.037,0.623,0.707,0.374,-0.282,-0.454,0.113,-0.45,0.156,0.183,-0.237,-0.307,0.732,0.19,-0.427,0.442,-0.441,-0.276,0.207,0.267,0.401,0.007
AMAT,0.695,0.698,-0.19,0.053,0.311,0.17,0.458,0.425,-0.087,-0.093,1.0,0.74,0.53,0.431,0.789,0.682,0.752,-0.266,0.112,-0.28,0.616,0.506,0.553,0.585,0.524,0.304,-0.156,0.448,0.102,-0.033,0.104,-0.022,0.811,0.74,0.071,0.792,0.245,0.331,0.522,0.488,0.087,0.744,-0.05,0.639,0.625,0.726,0.8,0.654,0.726,0.799,0.797,0.168,0.416,0.461,0.48,0.354,0.593,0.389,-0.004,0.691,-0.039,0.398,0.643,0.462,0.713,0.636,0.61,0.61,0.789,0.629,0.608,-0.124,0.696,0.452,0.528,-0.032,0.021,0.413,0.711,0.777,0.47,0.559,0.73,0.303,0.318,0.811,0.186,0.363,0.752,0.646,-0.1,0.749,0.701,-0.223,0.522,0.282,0.577,0.936,0.752,0.812,0.158,0.518,0.876,0.143,0.366,0.677,0.52,0.67,0.592,0.603,0.039,-0.502,0.749,0.791,0.189,0.747,0.642,-0.065,0.859,0.62,0.43,-0.045,0.175,0.588,-0.35,0.634,0.156,0.841,0.832,-0.216,0.67,0.868,0.574,0.438,0.296,0.432,0.75,0.382,0.538,0.224,0.53,0.489,0.053,0.627,-0.464,0.772,0.71,-0.048,0.213,0.2,0.184,0.113,0.41,0.701,0.046,0.576,0.174,0.665,0.038,0.312,0.337,0.817,0.734,0.41,0.333,0.52,0.763,0.154,0.738,0.083,-0.169,0.241,0.749,0.505,0.736,0.727,0.359,0.731,0.692,0.083,0.073,0.46,0.447,0.546,0.049,0.667,0.513,0.633,0.672,0.727,-0.203,0.684,0.376,0.091,0.723,0.773,0.619,0.493,0.003,0.675
AMD,0.499,0.318,-0.375,-0.064,0.087,-0.038,0.314,0.218,-0.089,-0.119,0.74,1.0,0.408,0.316,0.658,0.609,0.584,-0.226,-0.187,-0.257,0.572,0.327,0.534,0.499,0.404,0.058,-0.216,0.177,0.089,-0.054,0.043,0.095,0.709,0.67,0.053,0.582,0.115,0.415,0.104,0.286,-0.213,0.469,-0.043,0.626,0.486,0.684,0.557,0.531,0.607,0.749,0.551,0.092,0.031,0.476,0.45,0.247,0.489,0.255,-0.047,0.507,0.084,0.432,0.407,0.405,0.568,0.421,0.177,0.445,0.687,0.584,0.45,-0.188,0.526,0.166,0.471,-0.029,-0.166,0.394,0.427,0.506,0.151,0.289,0.577,0.464,0.02,0.584,0.27,0.424,0.482,0.434,-0.071,0.608,0.501,-0.297,0.366,0.177,0.473,0.615,0.644,0.594,0.241,0.332,0.7,0.189,0.272,0.425,0.351,0.5,0.636,0.342,-0.18,-0.326,0.494,0.517,0.328,0.532,0.578,-0.109,0.645,0.489,0.347,-0.045,-0.015,0.379,-0.336,0.603,-0.085,0.651,0.678,-0.087,0.421,0.786,0.539,0.353,0.172,0.381,0.66,0.221,0.164,-0.141,0.442,0.263,0.023,0.302,-0.37,0.51,0.437,0.068,0.038,0.075,0.145,0.24,0.174,0.381,-0.087,0.361,0.192,0.286,0.106,0.357,0.385,0.639,0.609,0.477,0.315,0.213,0.668,0.013,0.572,-0.125,-0.131,0.161,0.523,0.22,0.752,0.613,0.196,0.501,0.605,0.074,0.058,0.339,0.19,0.459,0.112,0.402,0.565,0.305,0.577,0.524,-0.133,0.439,0.159,-0.004,0.513,0.583,0.466,0.407,-0.017,0.663
AMGN,0.307,0.664,-0.192,-0.472,-0.357,-0.232,0.936,-0.2,-0.461,-0.425,0.53,0.408,1.0,-0.161,0.268,0.565,0.439,-0.688,-0.424,-0.66,0.632,0.843,0.877,0.796,-0.068,-0.149,-0.584,-0.137,-0.418,-0.562,-0.134,-0.574,0.654,0.18,-0.493,0.395,-0.26,0.1,0.212,0.714,0.549,0.242,-0.488,0.568,0.904,0.464,0.405,0.924,0.401,0.612,0.498,-0.336,0.234,0.567,0.623,0.147,0.843,-0.233,-0.533,0.849,-0.454,-0.225,0.707,0.863,0.549,-0.023,0.489,0.069,0.595,0.584,0.756,-0.559,0.816,-0.079,0.925,-0.358,-0.452,0.937,0.224,0.291,0.328,-0.079,0.525,-0.332,0.168,0.514,-0.493,0.4,0.359,0.768,-0.511,0.707,0.358,-0.654,0.874,0.827,0.579,0.556,0.365,0.572,-0.534,-0.087,0.368,-0.413,0.907,0.825,0.406,0.146,0.503,0.914,-0.445,-0.406,0.149,0.373,-0.417,0.294,0.557,-0.614,0.548,-0.018,0.782,-0.536,-0.352,-0.111,0.062,-0.049,-0.261,0.382,0.322,-0.526,0.237,0.526,0.758,-0.188,-0.041,-0.161,0.703,-0.236,0.188,-0.21,0.148,0.869,-0.501,0.57,-0.634,0.376,0.406,-0.545,-0.344,-0.064,-0.446,-0.514,0.327,0.159,-0.523,0.041,-0.242,0.14,-0.417,0.039,0.726,0.598,0.323,0.358,-0.33,0.043,0.734,-0.447,0.722,-0.456,-0.637,0.759,0.32,0.221,0.231,0.146,-0.316,0.283,0.448,-0.298,-0.341,-0.111,0.51,0.821,0.507,0.781,0.217,0.271,0.526,0.831,-0.575,0.215,0.72,-0.301,0.862,0.736,0.302,0.035,0.284,0.537
AMZN,0.434,0.19,0.132,0.643,0.781,0.404,-0.256,0.758,0.681,0.574,0.431,0.316,-0.161,1.0,0.44,0.005,0.174,0.461,0.62,0.565,0.019,-0.227,-0.22,-0.092,0.753,0.545,0.638,0.715,0.759,0.697,0.551,0.632,0.223,0.501,0.761,0.274,0.801,0.101,0.439,-0.196,-0.303,0.513,0.585,0.319,-0.178,0.306,0.433,-0.141,0.466,0.329,0.442,0.786,0.167,0.051,0.154,0.446,-0.153,0.57,0.725,-0.148,0.65,0.836,-0.078,-0.196,0.186,0.76,0.215,0.582,0.214,0.02,0.105,0.646,-0.076,0.635,-0.213,0.63,0.686,-0.321,0.732,0.676,0.346,0.661,0.442,0.756,0.193,0.312,0.75,-0.044,0.478,0.099,0.565,0.13,0.437,0.489,-0.256,-0.414,-0.005,0.399,0.341,0.257,0.741,0.601,0.573,0.664,-0.337,0.069,0.425,0.538,0.257,-0.166,0.658,0.108,0.709,0.422,0.731,0.584,-0.113,0.666,0.295,0.771,-0.148,0.754,0.636,0.802,-0.06,0.81,0.623,0.345,0.502,0.537,0.654,0.231,-0.189,0.687,0.694,0.552,0.06,0.634,0.434,0.607,0.536,-0.202,0.776,0.24,0.349,0.66,0.419,0.646,0.692,0.759,0.743,0.714,0.246,0.496,0.693,0.623,0.45,0.535,0.28,0.521,-0.288,0.302,0.319,0.199,0.767,0.408,0.029,0.701,0.131,0.714,0.642,-0.122,0.462,0.32,0.428,0.665,0.758,0.467,0.171,0.576,0.666,0.658,0.036,-0.249,-0.139,-0.066,0.354,0.593,-0.065,-0.056,0.488,0.58,-0.133,0.54,-0.027,0.04,0.532,0.635,0.126,0.104
APA,0.603,0.495,-0.333,0.239,0.443,0.192,0.196,0.585,0.031,0.009,0.789,0.658,0.268,0.44,1.0,0.447,0.733,-0.024,-0.051,-0.213,0.527,0.294,0.35,0.407,0.656,0.288,-0.015,0.603,0.245,0.188,0.004,0.173,0.633,0.81,0.168,0.824,0.296,0.52,0.349,0.378,-0.077,0.792,-0.049,0.393,0.459,0.78,0.853,0.505,0.654,0.662,0.657,0.166,0.479,0.244,0.266,0.147,0.448,0.622,0.208,0.424,0.081,0.425,0.6,0.246,0.622,0.751,0.5,0.705,0.753,0.5,0.539,0.107,0.544,0.463,0.325,-0.019,-0.051,0.228,0.634,0.689,0.262,0.702,0.689,0.411,0.339,0.746,0.244,0.235,0.586,0.355,-0.012,0.584,0.589,-0.125,0.407,0.117,0.585,0.74,0.725,0.783,0.258,0.595,0.81,0.402,0.142,0.46,0.218,0.6,0.525,0.338,0.114,-0.445,0.644,0.776,0.336,0.693,0.485,0.007,0.737,0.716,0.235,0.016,0.339,0.627,-0.59,0.647,0.146,0.838,0.802,-0.15,0.55,0.765,0.477,0.578,0.136,0.621,0.657,0.566,0.585,0.105,0.552,0.324,0.193,0.501,-0.234,0.587,0.569,0.2,0.463,0.14,0.342,0.278,0.208,0.794,0.173,0.606,0.192,0.69,0.278,0.327,0.225,0.756,0.841,0.262,0.406,0.302,0.678,0.392,0.593,0.205,0.042,-0.019,0.688,0.522,0.849,0.635,0.501,0.644,0.761,0.083,0.131,0.69,0.375,0.394,-0.188,0.511,0.648,0.423,0.65,0.515,0.02,0.586,0.101,0.068,0.548,0.7,0.455,0.669,-0.142,0.548
APPS,0.555,0.479,-0.18,-0.415,-0.255,0.057,0.486,0.016,-0.232,-0.238,0.682,0.609,0.565,0.005,0.447,1.0,0.606,-0.546,-0.173,-0.421,0.711,0.595,0.614,0.723,0.125,0.103,-0.497,-0.05,-0.263,-0.408,0.037,-0.369,0.728,0.422,-0.17,0.572,-0.052,0.105,0.244,0.385,0.036,0.293,-0.072,0.562,0.657,0.536,0.398,0.662,0.583,0.687,0.652,-0.084,0.092,0.585,0.479,0.37,0.632,-0.107,-0.458,0.696,-0.243,0.032,0.5,0.627,0.668,0.152,0.258,0.123,0.662,0.684,0.604,-0.542,0.697,0.176,0.614,-0.161,-0.264,0.514,0.343,0.382,0.32,0.137,0.393,-0.018,-0.121,0.624,-0.147,0.761,0.48,0.715,-0.164,0.679,0.547,-0.536,0.49,0.371,0.389,0.583,0.576,0.638,-0.233,0.071,0.497,-0.207,0.453,0.563,0.487,0.409,0.62,0.647,-0.296,-0.562,0.405,0.413,-0.181,0.526,0.703,-0.325,0.55,0.259,0.659,-0.277,-0.258,0.138,-0.033,0.167,-0.329,0.529,0.489,-0.322,0.444,0.611,0.728,-0.01,0.106,0.119,0.69,-0.014,0.054,-0.097,0.4,0.408,-0.375,0.526,-0.584,0.476,0.329,-0.285,-0.258,0.046,-0.189,-0.282,0.442,0.238,-0.368,0.321,-0.033,0.147,-0.164,0.274,0.491,0.541,0.461,0.593,0.022,0.249,0.695,-0.288,0.734,-0.314,-0.429,0.408,0.52,0.062,0.441,0.447,-0.224,0.518,0.559,-0.023,-0.088,-0.006,0.384,0.631,0.32,0.603,0.356,0.373,0.65,0.725,-0.341,0.44,0.255,-0.097,0.606,0.655,0.52,0.011,0.233,0.608
ARCC,0.619,0.583,-0.393,0.033,0.229,0.264,0.401,0.409,-0.133,-0.063,0.752,0.584,0.439,0.174,0.733,0.606,1.0,-0.344,-0.16,-0.451,0.574,0.486,0.483,0.611,0.503,0.256,-0.166,0.407,0.045,-0.057,0.018,-0.119,0.725,0.696,-0.062,0.723,0.195,0.396,0.383,0.455,0.063,0.709,-0.105,0.374,0.617,0.733,0.773,0.648,0.621,0.667,0.7,0.018,0.472,0.25,0.247,0.184,0.562,0.47,-0.008,0.57,-0.238,0.139,0.74,0.452,0.73,0.531,0.535,0.58,0.754,0.62,0.616,-0.14,0.699,0.407,0.522,-0.155,-0.27,0.415,0.555,0.638,0.235,0.529,0.686,0.194,0.263,0.786,-0.001,0.453,0.547,0.476,-0.161,0.71,0.619,-0.275,0.604,0.29,0.657,0.742,0.799,0.833,-0.003,0.448,0.689,0.149,0.39,0.539,0.302,0.571,0.474,0.534,-0.147,-0.58,0.438,0.753,0.067,0.68,0.659,-0.229,0.805,0.532,0.419,-0.138,0.184,0.5,-0.536,0.448,0.044,0.786,0.682,-0.292,0.496,0.746,0.61,0.301,0.109,0.438,0.769,0.37,0.567,-0.008,0.576,0.481,-0.043,0.567,-0.43,0.488,0.513,-0.12,0.226,0.037,0.192,-0.032,0.236,0.711,0.071,0.591,0.058,0.648,0.062,0.195,0.308,0.849,0.753,0.336,0.194,0.36,0.736,0.19,0.711,-0.006,-0.2,0.101,0.75,0.537,0.75,0.576,0.255,0.661,0.854,-0.123,-0.034,0.542,0.372,0.608,-0.062,0.624,0.595,0.411,0.744,0.752,-0.118,0.62,0.271,0.005,0.639,0.861,0.398,0.504,-0.103,0.666
ARDX,-0.056,-0.441,0.472,0.631,0.558,0.329,-0.693,0.317,0.584,0.589,-0.266,-0.226,-0.688,0.461,-0.024,-0.546,-0.344,1.0,0.506,0.736,-0.358,-0.693,-0.613,-0.591,0.258,0.4,0.72,0.351,0.671,0.755,0.185,0.814,-0.363,0.079,0.631,-0.306,0.497,0.008,-0.058,-0.598,-0.41,-0.02,0.494,-0.22,-0.68,-0.139,-0.131,-0.678,-0.104,-0.326,-0.25,0.645,-0.13,-0.238,-0.303,0.1,-0.583,0.407,0.725,-0.61,0.706,0.542,-0.486,-0.659,-0.377,0.221,-0.295,0.116,-0.343,-0.503,-0.481,0.678,-0.631,0.319,-0.685,0.474,0.549,-0.685,0.045,0.01,-0.177,0.239,-0.246,0.535,0.016,-0.288,0.682,-0.359,-0.22,-0.433,0.666,-0.487,-0.17,0.781,-0.639,-0.673,-0.518,-0.278,-0.205,-0.331,0.686,0.329,-0.09,0.585,-0.749,-0.565,-0.121,0.068,-0.315,-0.707,0.732,0.483,0.178,-0.137,0.654,-0.008,-0.58,0.653,-0.274,0.313,-0.653,0.67,0.527,0.297,-0.047,0.301,0.373,-0.209,-0.108,0.644,0.051,-0.291,-0.66,0.363,0.259,0.246,-0.48,0.491,0.013,0.479,0.066,-0.63,0.752,-0.375,0.635,-0.028,-0.18,0.633,0.485,0.347,0.588,0.758,-0.129,0.058,0.646,0.15,0.211,0.07,0.416,0.112,-0.524,-0.349,-0.207,-0.222,0.663,0.103,-0.488,0.573,-0.46,0.673,0.726,-0.568,-0.121,-0.086,-0.066,0.161,0.465,-0.082,-0.3,0.424,0.515,0.265,-0.352,-0.699,-0.279,-0.473,0.037,0.033,-0.467,-0.576,0.563,0.061,-0.521,0.362,-0.553,-0.552,0.043,0.178,0.018,-0.264
ATER,0.168,-0.058,0.362,0.525,0.602,0.451,-0.458,0.464,0.59,0.535,0.112,-0.187,-0.424,0.62,-0.051,-0.173,-0.16,0.506,1.0,0.693,-0.312,-0.5,-0.501,-0.378,0.413,0.609,0.632,0.476,0.652,0.61,0.542,0.508,-0.114,0.118,0.679,-0.083,0.618,-0.212,0.44,-0.445,-0.233,0.169,0.728,-0.015,-0.489,-0.169,0.037,-0.468,0.076,-0.098,0.087,0.716,0.017,-0.14,-0.063,0.343,-0.477,0.272,0.541,-0.318,0.579,0.541,-0.328,-0.474,-0.18,0.429,0.09,0.272,-0.206,-0.257,-0.228,0.547,-0.406,0.531,-0.512,0.647,0.835,-0.607,0.384,0.305,0.233,0.381,0.003,0.442,0.142,-0.075,0.606,-0.222,0.305,-0.105,0.648,-0.2,0.164,0.663,-0.535,-0.529,-0.432,0.082,-0.051,-0.178,0.603,0.422,0.129,0.376,-0.555,-0.212,0.299,0.374,-0.105,-0.341,0.779,0.22,0.449,0.019,0.461,0.274,-0.337,0.771,-0.031,0.363,-0.38,0.711,0.526,0.479,0.172,0.392,0.636,0.014,0.086,0.584,0.387,-0.217,-0.52,0.452,0.586,0.231,-0.359,0.46,0.212,0.759,0.218,-0.446,0.642,-0.024,0.408,0.385,0.107,0.483,0.472,0.619,0.535,0.535,0.286,0.229,0.634,0.345,0.332,0.321,0.202,0.22,-0.542,-0.1,-0.124,0.026,0.543,0.503,-0.339,0.55,-0.191,0.7,0.64,-0.241,0.162,0.106,-0.07,0.319,0.502,0.199,-0.211,0.486,0.52,0.268,-0.078,-0.519,-0.208,-0.287,-0.006,0.431,-0.285,-0.317,0.563,0.357,-0.185,0.501,-0.322,-0.355,0.318,0.247,0.069,-0.254
ATOS,-0.116,-0.392,0.385,0.564,0.461,0.382,-0.692,0.285,0.698,0.645,-0.28,-0.257,-0.66,0.565,-0.213,-0.421,-0.451,0.736,0.693,1.0,-0.505,-0.738,-0.748,-0.61,0.247,0.462,0.769,0.316,0.683,0.73,0.431,0.704,-0.404,-0.12,0.651,-0.292,0.579,-0.372,0.041,-0.65,-0.382,-0.092,0.735,-0.181,-0.723,-0.381,-0.224,-0.708,-0.175,-0.358,-0.191,0.721,-0.188,-0.224,-0.162,0.209,-0.721,0.219,0.63,-0.702,0.746,0.498,-0.62,-0.617,-0.479,0.191,-0.26,0.05,-0.462,-0.543,-0.456,0.627,-0.636,0.368,-0.737,0.682,0.693,-0.738,0.127,0.029,0.032,0.123,-0.247,0.471,-0.118,-0.39,0.69,-0.277,-0.159,-0.372,0.749,-0.543,-0.165,0.761,-0.749,-0.734,-0.609,-0.311,-0.336,-0.465,0.717,0.182,-0.145,0.445,-0.737,-0.457,0.009,0.058,-0.3,-0.68,0.717,0.459,0.228,-0.25,0.591,-0.026,-0.574,0.846,-0.336,0.214,-0.542,0.867,0.439,0.257,0.29,0.227,0.485,-0.354,-0.224,0.647,0.117,-0.447,-0.662,0.228,0.452,0.1,-0.579,0.362,-0.033,0.57,0.031,-0.657,0.71,-0.277,0.621,0.063,-0.148,0.556,0.404,0.563,0.487,0.642,-0.03,-0.085,0.59,0.102,0.305,0.003,0.129,0.14,-0.633,-0.442,-0.31,-0.114,0.546,0.141,-0.624,0.523,-0.477,0.728,0.787,-0.382,-0.194,-0.121,-0.185,0.116,0.402,-0.136,-0.417,0.542,0.482,0.186,-0.398,-0.706,-0.195,-0.513,-0.161,0.165,-0.541,-0.607,0.675,0.098,-0.455,0.461,-0.608,-0.638,0.124,0.109,0.12,-0.466
AUPH,0.569,0.52,0.006,-0.346,-0.192,0.011,0.547,0.06,-0.198,-0.114,0.616,0.572,0.632,0.019,0.527,0.711,0.574,-0.358,-0.312,-0.505,1.0,0.705,0.712,0.811,0.165,0.092,-0.431,0.002,-0.167,-0.33,0.1,-0.252,0.799,0.469,-0.168,0.519,0.058,0.235,0.267,0.495,0.107,0.345,-0.179,0.69,0.739,0.727,0.472,0.723,0.644,0.783,0.74,-0.031,0.067,0.73,0.491,0.458,0.761,-0.025,-0.331,0.701,-0.167,0.12,0.557,0.74,0.734,0.186,0.285,0.109,0.705,0.719,0.686,-0.449,0.77,0.199,0.716,-0.146,-0.345,0.647,0.356,0.44,0.351,0.182,0.433,0.073,-0.058,0.686,-0.173,0.609,0.381,0.79,-0.131,0.773,0.526,-0.536,0.639,0.43,0.39,0.61,0.658,0.671,-0.248,0.104,0.543,-0.086,0.534,0.592,0.518,0.436,0.709,0.685,-0.175,-0.511,0.412,0.52,-0.089,0.601,0.666,-0.396,0.59,0.354,0.719,-0.375,-0.203,0.169,-0.144,0.207,-0.365,0.575,0.47,-0.195,0.535,0.641,0.76,0.01,0.099,0.141,0.795,0.016,0.067,-0.1,0.433,0.474,-0.301,0.579,-0.406,0.502,0.332,-0.135,-0.209,0.127,-0.108,-0.194,0.489,0.264,-0.27,0.403,-0.045,0.139,-0.129,0.376,0.592,0.563,0.442,0.578,0.124,0.231,0.78,-0.214,0.827,-0.292,-0.379,0.427,0.556,0.096,0.479,0.55,-0.177,0.506,0.584,0.039,0.074,0.049,0.434,0.726,0.459,0.667,0.505,0.438,0.627,0.762,-0.361,0.461,0.303,-0.075,0.685,0.709,0.567,0.07,0.4,0.79
AVGO,0.282,0.735,-0.087,-0.424,-0.362,-0.226,0.802,-0.192,-0.478,-0.46,0.506,0.327,0.843,-0.227,0.294,0.595,0.486,-0.693,-0.5,-0.738,0.705,1.0,0.775,0.766,-0.174,-0.206,-0.594,-0.096,-0.52,-0.623,-0.203,-0.603,0.572,0.192,-0.507,0.406,-0.246,0.035,0.269,0.831,0.519,0.232,-0.546,0.505,0.877,0.44,0.342,0.848,0.359,0.582,0.548,-0.425,0.327,0.459,0.41,0.231,0.797,-0.19,-0.538,0.796,-0.589,-0.324,0.639,0.832,0.598,-0.037,0.469,-0.019,0.567,0.598,0.628,-0.583,0.857,-0.088,0.837,-0.433,-0.5,0.831,0.278,0.335,0.41,-0.024,0.397,-0.345,0.151,0.567,-0.535,0.462,0.257,0.74,-0.518,0.657,0.338,-0.658,0.85,0.701,0.656,0.568,0.395,0.615,-0.596,-0.209,0.405,-0.454,0.834,0.76,0.386,0.127,0.412,0.897,-0.441,-0.502,0.163,0.526,-0.447,0.258,0.659,-0.69,0.524,-0.013,0.777,-0.643,-0.326,-0.065,-0.055,-0.079,-0.363,0.387,0.317,-0.566,0.241,0.583,0.752,-0.266,-0.075,-0.144,0.764,-0.261,0.18,-0.195,0.118,0.815,-0.573,0.674,-0.656,0.296,0.465,-0.547,-0.338,-0.172,-0.423,-0.591,0.268,0.128,-0.485,0.107,-0.203,0.149,-0.448,-0.023,0.69,0.537,0.334,0.319,-0.368,0.149,0.667,-0.437,0.678,-0.511,-0.702,0.609,0.322,0.206,0.258,0.205,-0.307,0.259,0.388,-0.29,-0.257,-0.175,0.451,0.824,0.446,0.726,0.1,0.324,0.517,0.787,-0.702,0.213,0.596,-0.166,0.813,0.743,0.186,-0.1,0.168,0.598
AZN,0.434,0.492,-0.26,-0.518,-0.385,-0.278,0.84,-0.193,-0.518,-0.46,0.553,0.534,0.877,-0.22,0.35,0.614,0.483,-0.613,-0.501,-0.748,0.712,0.775,1.0,0.79,-0.041,-0.197,-0.614,-0.206,-0.437,-0.597,-0.191,-0.5,0.678,0.302,-0.439,0.412,-0.331,0.332,0.046,0.6,0.32,0.212,-0.534,0.555,0.858,0.524,0.403,0.868,0.541,0.658,0.46,-0.348,0.087,0.595,0.529,0.092,0.884,-0.193,-0.548,0.857,-0.402,-0.154,0.695,0.799,0.703,-0.014,0.31,0.1,0.662,0.682,0.688,-0.596,0.749,-0.158,0.888,-0.437,-0.526,0.892,0.111,0.233,0.153,-0.052,0.467,-0.224,0.046,0.631,-0.429,0.426,0.382,0.686,-0.478,0.735,0.443,-0.666,0.811,0.744,0.592,0.546,0.524,0.653,-0.499,-0.043,0.368,-0.339,0.793,0.644,0.362,0.197,0.559,0.813,-0.507,-0.403,0.134,0.34,-0.38,0.324,0.72,-0.685,0.536,0.076,0.718,-0.617,-0.338,-0.067,-0.107,0.006,-0.358,0.472,0.371,-0.521,0.208,0.648,0.771,-0.063,-0.139,0.038,0.719,-0.184,0.079,-0.34,0.214,0.725,-0.493,0.42,-0.649,0.343,0.276,-0.44,-0.372,-0.188,-0.356,-0.425,0.238,0.187,-0.539,0.084,-0.156,0.067,-0.232,0.114,0.738,0.585,0.401,0.429,-0.231,-0.016,0.833,-0.465,0.717,-0.531,-0.656,0.618,0.418,0.139,0.362,0.215,-0.318,0.407,0.533,-0.31,-0.334,-0.063,0.507,0.81,0.452,0.729,0.354,0.152,0.646,0.817,-0.576,0.241,0.544,-0.383,0.823,0.751,0.311,0.03,0.216,0.63
BCRX,0.5,0.491,-0.118,-0.499,-0.298,0.019,0.737,-0.075,-0.208,-0.163,0.585,0.499,0.796,-0.092,0.407,0.723,0.611,-0.591,-0.378,-0.61,0.811,0.766,0.79,1.0,0.107,-0.076,-0.579,-0.094,-0.332,-0.431,-0.027,-0.438,0.788,0.333,-0.294,0.515,-0.09,0.228,0.146,0.538,0.222,0.251,-0.235,0.64,0.89,0.625,0.409,0.86,0.58,0.746,0.709,-0.161,0.046,0.601,0.62,0.327,0.836,-0.113,-0.459,0.738,-0.357,-0.049,0.661,0.927,0.725,0.088,0.273,0.061,0.667,0.828,0.77,-0.515,0.887,0.089,0.889,-0.116,-0.403,0.798,0.251,0.302,0.23,0.049,0.422,-0.113,-0.125,0.642,-0.312,0.687,0.388,0.863,-0.301,0.784,0.532,-0.608,0.734,0.612,0.475,0.523,0.582,0.676,-0.404,0.026,0.426,-0.124,0.697,0.644,0.51,0.27,0.743,0.837,-0.429,-0.408,0.202,0.374,-0.201,0.543,0.685,-0.44,0.53,0.209,0.901,-0.372,-0.336,0.061,0.069,0.051,-0.391,0.531,0.427,-0.345,0.443,0.596,0.928,-0.075,0.106,0.021,0.854,-0.119,0.043,-0.256,0.403,0.614,-0.468,0.584,-0.552,0.382,0.255,-0.387,-0.294,0.071,-0.252,-0.358,0.383,0.229,-0.445,0.286,-0.16,0.081,-0.243,0.346,0.68,0.587,0.46,0.615,-0.081,0.091,0.861,-0.284,0.919,-0.372,-0.487,0.642,0.534,0.065,0.402,0.344,-0.308,0.426,0.665,-0.122,-0.07,-0.033,0.405,0.831,0.642,0.677,0.383,0.302,0.649,0.863,-0.365,0.389,0.414,-0.284,0.726,0.771,0.421,0.023,0.476,0.778
BGC,0.534,0.153,-0.21,0.531,0.775,0.497,-0.151,0.843,0.552,0.524,0.524,0.404,-0.068,0.753,0.656,0.125,0.503,0.258,0.413,0.247,0.165,-0.174,-0.041,0.107,1.0,0.486,0.494,0.726,0.708,0.628,0.5,0.478,0.405,0.61,0.67,0.514,0.673,0.453,0.403,-0.112,-0.306,0.672,0.469,0.201,0.008,0.517,0.677,0.071,0.581,0.42,0.508,0.593,0.279,-0.002,0.135,0.2,0.026,0.738,0.632,-0.028,0.456,0.734,0.21,-0.099,0.383,0.876,0.258,0.762,0.42,0.285,0.357,0.571,0.085,0.674,-0.02,0.493,0.431,-0.175,0.621,0.617,0.072,0.793,0.587,0.686,0.203,0.484,0.589,0.034,0.611,0.072,0.389,0.339,0.552,0.288,-0.049,-0.245,0.152,0.474,0.584,0.455,0.596,0.79,0.617,0.752,-0.224,0.083,0.248,0.61,0.452,-0.041,0.455,-0.076,0.576,0.457,0.628,0.748,0.1,0.486,0.426,0.81,-0.051,0.537,0.647,0.832,-0.333,0.808,0.565,0.624,0.634,0.379,0.664,0.366,0.078,0.808,0.489,0.763,0.213,0.733,0.558,0.348,0.699,-0.098,0.652,0.242,0.274,0.582,0.31,0.59,0.76,0.588,0.766,0.606,0.251,0.755,0.629,0.743,0.462,0.646,0.462,0.552,-0.197,0.51,0.612,0.167,0.653,0.325,0.324,0.755,0.337,0.619,0.561,-0.153,0.682,0.441,0.629,0.632,0.759,0.591,0.575,0.313,0.523,0.875,0.181,-0.03,-0.223,0.051,0.659,0.402,0.276,0.15,0.582,0.604,-0.149,0.291,0.094,0.317,0.521,0.784,0.045,0.22
BIDU,0.44,0.163,0.184,0.42,0.474,0.55,-0.215,0.478,0.341,0.413,0.304,0.058,-0.149,0.545,0.288,0.103,0.256,0.4,0.609,0.462,0.092,-0.206,-0.197,-0.076,0.486,1.0,0.573,0.488,0.648,0.496,0.435,0.468,0.244,0.374,0.51,0.214,0.609,-0.089,0.459,-0.176,-0.236,0.425,0.573,0.198,-0.146,0.211,0.4,-0.088,0.425,0.182,0.333,0.708,0.241,0.202,0.038,0.371,-0.1,0.397,0.411,-0.062,0.514,0.47,0.124,-0.208,0.187,0.473,0.258,0.383,0.255,-0.043,0.132,0.367,-0.061,0.787,-0.219,0.332,0.462,-0.301,0.473,0.473,0.263,0.467,0.286,0.444,0.16,0.309,0.488,-0.026,0.396,0.125,0.698,0.048,0.353,0.503,-0.131,-0.334,-0.154,0.308,0.267,0.251,0.496,0.47,0.321,0.286,-0.263,0.061,0.407,0.584,0.063,-0.074,0.742,-0.116,0.624,0.328,0.404,0.516,0.026,0.443,0.265,0.544,-0.167,0.533,0.675,0.532,-0.173,0.387,0.446,0.252,0.27,0.366,0.509,0.139,-0.194,0.438,0.495,0.406,-0.009,0.677,0.409,0.803,0.515,-0.129,0.562,0.238,0.155,0.534,0.25,0.388,0.441,0.623,0.53,0.448,0.328,0.433,0.484,0.531,0.294,0.475,0.167,0.17,-0.215,0.248,0.19,0.2,0.636,0.528,0.031,0.555,0.158,0.685,0.523,-0.197,0.442,0.279,0.25,0.561,0.405,0.423,0.212,0.366,0.307,0.444,0.02,-0.155,-0.232,0.179,0.343,0.556,0.076,0.089,0.479,0.612,-0.12,0.372,0.049,0.036,0.601,0.376,0.189,-0.01
BILI,-0.01,-0.199,0.251,0.802,0.723,0.479,-0.599,0.547,0.678,0.692,-0.156,-0.216,-0.584,0.638,-0.015,-0.497,-0.166,0.72,0.632,0.769,-0.431,-0.594,-0.614,-0.579,0.494,0.573,1.0,0.587,0.825,0.838,0.451,0.758,-0.338,0.069,0.732,-0.194,0.706,-0.127,0.239,-0.499,-0.283,0.198,0.62,-0.218,-0.604,-0.195,0.06,-0.58,-0.022,-0.277,-0.068,0.716,0.09,-0.342,-0.281,0.188,-0.6,0.566,0.854,-0.633,0.639,0.556,-0.375,-0.633,-0.262,0.486,-0.048,0.35,-0.225,-0.443,-0.313,0.835,-0.536,0.492,-0.624,0.568,0.68,-0.645,0.309,0.275,-0.012,0.409,0.025,0.579,0.141,-0.137,0.661,-0.387,0.033,-0.406,0.707,-0.423,-0.028,0.842,-0.53,-0.668,-0.338,-0.081,-0.1,-0.194,0.713,0.372,0.076,0.578,-0.592,-0.36,0.038,0.234,-0.309,-0.563,0.787,0.377,0.303,0.059,0.638,0.152,-0.426,0.697,-0.118,0.402,-0.596,0.779,0.756,0.53,-0.03,0.436,0.712,-0.134,-0.018,0.687,0.226,-0.235,-0.642,0.502,0.482,0.399,-0.45,0.585,0.331,0.661,0.218,-0.484,0.889,-0.144,0.632,0.156,0.033,0.622,0.68,0.577,0.763,0.676,-0.037,0.23,0.851,0.351,0.458,0.329,0.258,0.108,-0.642,-0.148,-0.084,-0.218,0.597,0.258,-0.454,0.754,-0.387,0.821,0.828,-0.479,0.053,0.235,0.04,0.295,0.708,0.01,-0.186,0.415,0.525,0.512,-0.296,-0.633,-0.336,-0.425,0.059,0.264,-0.39,-0.471,0.683,0.233,-0.391,0.54,-0.427,-0.391,0.104,0.39,0.011,-0.368
BKR,0.364,0.391,-0.004,0.7,0.831,0.376,-0.182,0.812,0.509,0.43,0.448,0.177,-0.137,0.715,0.603,-0.05,0.407,0.351,0.476,0.316,0.002,-0.096,-0.206,-0.094,0.726,0.488,0.587,1.0,0.626,0.66,0.237,0.461,0.17,0.555,0.546,0.454,0.745,0.162,0.547,0.052,-0.019,0.666,0.376,0.009,-0.025,0.323,0.617,-0.005,0.322,0.249,0.442,0.52,0.524,-0.216,-0.1,0.289,-0.113,0.741,0.695,-0.065,0.321,0.523,0.149,-0.195,0.215,0.881,0.482,0.751,0.272,0.003,0.219,0.618,0.088,0.639,-0.161,0.389,0.49,-0.242,0.772,0.734,0.357,0.803,0.529,0.544,0.512,0.393,0.488,-0.085,0.427,-0.002,0.355,0.115,0.453,0.433,-0.039,-0.266,0.265,0.478,0.338,0.403,0.544,0.616,0.623,0.598,-0.217,0.184,0.182,0.585,0.068,-0.038,0.603,-0.179,0.585,0.632,0.547,0.563,0.006,0.506,0.442,0.657,-0.13,0.508,0.668,0.802,-0.336,0.677,0.7,0.51,0.515,0.292,0.511,0.303,-0.1,0.671,0.411,0.564,0.174,0.668,0.727,0.53,0.432,0.02,0.656,0.461,0.185,0.516,0.519,0.431,0.77,0.504,0.662,0.495,0.171,0.737,0.716,0.662,0.371,0.787,0.253,0.257,-0.25,0.476,0.452,-0.003,0.518,0.459,0.1,0.729,0.116,0.672,0.536,-0.191,0.485,0.573,0.464,0.567,0.845,0.443,0.308,0.335,0.425,0.791,0.204,-0.075,-0.333,0.069,0.364,0.536,0.1,0.043,0.392,0.583,-0.025,0.516,0.108,0.241,0.241,0.74,-0.185,0.126
BLDP,0.191,-0.15,0.143,0.774,0.779,0.549,-0.51,0.654,0.733,0.759,0.102,0.089,-0.418,0.759,0.245,-0.263,0.045,0.671,0.652,0.683,-0.167,-0.52,-0.437,-0.332,0.708,0.648,0.825,0.626,1.0,0.878,0.566,0.79,-0.014,0.318,0.81,0.047,0.825,0.108,0.286,-0.448,-0.425,0.349,0.722,0.056,-0.456,0.142,0.246,-0.369,0.234,0.014,0.162,0.828,0.04,-0.123,-0.038,0.285,-0.447,0.607,0.859,-0.441,0.777,0.772,-0.208,-0.474,-0.099,0.636,-0.046,0.499,0.043,-0.197,-0.093,0.806,-0.367,0.597,-0.409,0.686,0.67,-0.526,0.434,0.391,0.025,0.529,0.2,0.721,0.084,0.02,0.768,-0.191,0.259,-0.193,0.759,-0.146,0.136,0.649,-0.435,-0.577,-0.308,0.081,0.13,-0.016,0.787,0.605,0.265,0.719,-0.53,-0.283,0.206,0.374,0.076,-0.446,0.782,0.284,0.466,0.177,0.765,0.428,-0.329,0.765,0.099,0.65,-0.44,0.8,0.724,0.665,-0.101,0.675,0.581,0.143,0.232,0.755,0.46,-0.048,-0.42,0.681,0.622,0.561,-0.226,0.692,0.304,0.588,0.498,-0.447,0.94,-0.104,0.622,0.373,0.107,0.74,0.71,0.696,0.841,0.793,0.122,0.39,0.853,0.504,0.433,0.4,0.379,0.414,-0.502,0.059,0.19,-0.036,0.763,0.275,-0.179,0.795,-0.106,0.81,0.859,-0.373,0.249,0.25,0.274,0.492,0.712,0.198,0.085,0.526,0.642,0.62,-0.186,-0.497,-0.231,-0.313,0.373,0.339,-0.151,-0.293,0.778,0.379,-0.406,0.522,-0.289,-0.216,0.374,0.554,0.125,-0.098
BLNK,0.017,-0.2,0.212,0.835,0.84,0.553,-0.605,0.638,0.81,0.757,-0.033,-0.054,-0.562,0.697,0.188,-0.408,-0.057,0.755,0.61,0.73,-0.33,-0.623,-0.597,-0.431,0.628,0.496,0.838,0.66,0.878,1.0,0.382,0.828,-0.206,0.251,0.768,-0.06,0.761,0.078,0.127,-0.498,-0.357,0.304,0.698,-0.108,-0.521,0.039,0.158,-0.485,0.039,-0.136,0.049,0.759,0.08,-0.289,-0.214,0.191,-0.56,0.663,0.928,-0.582,0.708,0.705,-0.289,-0.531,-0.242,0.562,-0.073,0.48,-0.171,-0.305,-0.244,0.897,-0.413,0.572,-0.557,0.727,0.707,-0.608,0.401,0.312,-0.023,0.52,0.093,0.684,0.144,-0.107,0.765,-0.258,0.048,-0.336,0.688,-0.313,0.049,0.752,-0.54,-0.645,-0.292,-0.068,-0.031,-0.129,0.802,0.52,0.21,0.821,-0.636,-0.343,0.005,0.265,-0.063,-0.542,0.764,0.342,0.327,0.089,0.822,0.268,-0.446,0.842,-0.094,0.527,-0.464,0.85,0.72,0.638,-0.059,0.583,0.643,0.026,0.181,0.744,0.344,-0.143,-0.467,0.592,0.551,0.424,-0.268,0.598,0.332,0.527,0.335,-0.497,0.913,-0.107,0.638,0.225,0.099,0.684,0.749,0.617,0.795,0.815,-0.049,0.341,0.827,0.394,0.404,0.393,0.44,0.317,-0.556,-0.048,0.079,-0.166,0.683,0.251,-0.307,0.871,-0.245,0.866,0.918,-0.43,0.109,0.231,0.183,0.332,0.755,0.043,-0.015,0.492,0.597,0.613,-0.284,-0.55,-0.263,-0.436,0.158,0.213,-0.292,-0.442,0.778,0.252,-0.443,0.5,-0.431,-0.308,0.114,0.542,0.025,-0.163
BYND,0.265,-0.01,0.183,0.243,0.33,0.363,-0.228,0.386,0.531,0.532,0.104,0.043,-0.134,0.551,0.004,0.037,0.018,0.185,0.542,0.431,0.1,-0.203,-0.191,-0.027,0.5,0.435,0.451,0.237,0.566,0.382,1.0,0.326,0.115,0.074,0.592,-0.034,0.551,-0.052,0.387,-0.3,-0.282,0.18,0.624,0.27,-0.236,0.049,0.066,-0.182,0.315,0.195,0.267,0.599,-0.145,0.173,0.135,0.458,-0.155,0.124,0.369,-0.165,0.49,0.555,-0.202,-0.096,0.093,0.361,-0.076,0.207,0.013,0.062,0.073,0.323,-0.174,0.424,-0.156,0.578,0.468,-0.259,0.31,0.268,0.211,0.298,0.203,0.455,-0.192,0.089,0.414,0.015,0.277,0.093,0.605,0.091,0.256,0.276,-0.264,-0.303,-0.259,0.112,0.286,-0.026,0.379,0.288,0.144,0.318,-0.223,-0.065,0.449,0.314,0.276,-0.116,0.484,0.153,0.34,0.035,0.374,0.416,-0.154,0.474,0.04,0.425,-0.013,0.492,0.339,0.379,0.115,0.417,0.323,0.072,0.085,0.57,0.519,-0.136,-0.177,0.321,0.634,0.252,-0.135,0.265,0.034,0.444,0.407,-0.308,0.447,0.036,0.514,0.455,0.007,0.533,0.269,0.656,0.507,0.374,0.417,0.13,0.469,0.479,0.364,0.12,0.06,0.505,-0.258,-0.013,-0.019,0.244,0.472,0.217,-0.051,0.412,0.091,0.416,0.461,0.058,0.275,0.018,0.072,0.383,0.262,0.273,0.014,0.46,0.593,0.284,0.023,-0.204,0.039,-0.148,0.241,0.397,-0.098,-0.058,0.463,0.353,-0.176,0.385,-0.138,-0.08,0.479,0.235,0.338,-0.037
