,AAL,AAPL,ABUS,ADBE,ADI,ADMA,AEP,AGNC,AKBA,ALT,AMAT,AMD,AMGN,AMZN,APA,APPS,ARCC,ARDX,ATER,ATOS,AUPH,AVGO,AZN,BCRX,BGC,BIDU,BILI,BKR,BLDP,BLNK,BYND,CAN,CELH,CG,CGC,CHRD,CLNE,CMCSA,COMM,COST,CPB,CPRT,CRON,CRWD,CSCO,CSGP,CSX,CTSH,CZR,DBX,DDOG,DKNG,DLTR,DOCU,DVAX,DXCM,EA,EBAY,ENPH,ERIC,ESPR,ETSY,EXC,EXEL,EXPE,FANG,FAST,FITB,FLEX,FOLD,FOXA,FSLR,FTNT,FUTU,GEN,GERN,GEVO,GILD,GOOG,GOOGL,GPRO,GT,HBAN,HIVE,HON,HST,HUT,IBRX,INTC,IOVA,IQ,IRWD,JBLU,JD,KDP,KHC,LBTYK,LRCX,LYFT,MAR,MARA,MAT,MCHP,MCRB,MDLZ,META,MGNI,MLCO,MNKD,MNST,MOMO,MRNA,MRVL,MSFT,MSTR,MTCH,MU,MVIS,NDAQ,NFLX,NKTR,NNDM,NTES,NTNX,NVAX,NVDA,NWL,NWSA,NXPI,OCGN,OKTA,ON,OPK,PAA,PACB,PAGP,PANW,PARA,PCAR,PDD,PENN,PEP,PLUG,PTEN,PTON,PYPL,QCOM,QUBT,QVCGA,RDFN,REAL,RIOT,ROKU,ROST,RUN,SABR,SAVA,SBUX,SFIX,SGMO,SIRI,SLM,SMCI,SNDL,SONO,STNE,STX,TCOM,TGTX,TIGR,TLRY,TMUS,TRIP,TSCO,TSLA,TTD,TXN,UAL,UNIT,VERU,VKTX,VLY,VOD,VTRS,VXRT,WBA,WBD,WDAY,WDC,WEN,WW,WYNN,XEL,XP,XRAY,XRX,Z,ZION,ZM,ZS
AAL,1.0,0.214,-0.559,0.545,0.589,0.375,-0.215,-0.248,0.075,-0.346,0.768,0.689,0.493,0.651,0.705,-0.657,-0.597,0.417,-0.272,-0.182,0.247,0.629,0.39,-0.633,-0.692,-0.471,0.01,-0.165,0.308,0.613,-0.19,0.435,0.403,0.624,-0.088,0.447,0.178,0.211,-0.537,0.51,0.465,0.19,0.311,0.115,0.531,-0.593,-0.013,0.527,-0.598,-0.527,0.836,-0.52,0.427,-0.22,-0.347,0.474,0.063,-0.32,0.408,-0.175,0.484,0.463,0.428,-0.707,0.846,0.423,0.631,-0.232,-0.119,0.65,-0.2,0.195,0.619,-0.414,-0.382,0.593,0.439,-0.109,0.521,0.53,0.821,0.893,-0.375,0.537,0.755,0.787,0.55,0.066,0.222,-0.283,-0.465,-0.179,0.87,-0.475,0.457,0.757,-0.525,0.811,0.769,0.667,0.644,0.58,0.76,0.61,0.582,0.448,-0.491,0.43,0.311,0.878,-0.011,-0.61,0.667,0.451,0.713,-0.2,0.706,0.205,0.485,-0.122,-0.451,0.139,0.311,0.171,0.419,0.709,0.641,0.412,0.698,-0.082,0.28,0.625,0.633,0.228,0.565,0.268,0.154,-0.425,0.286,-0.559,-0.655,0.608,0.402,0.233,-0.608,-0.492,0.801,0.507,-0.228,-0.339,0.513,0.638,-0.617,0.584,0.241,-0.327,0.749,0.267,0.243,0.745,0.74,0.206,0.802,0.318,0.592,-0.612,0.565,0.322,0.811,-0.489,0.463,0.614,-0.13,0.529,0.272,0.549,-0.074,0.931,-0.04,0.514,0.703,0.704,-0.125,0.66,-0.019,0.601,0.632,0.375,0.135,0.088,0.801,0.66,-0.483,0.056,-0.518,0.121,-0.688,0.275,-0.467,0.637
AAPL,0.214,1.0,-0.369,0.738,0.459,0.425,0.342,0.027,0.188,-0.576,0.407,0.396,0.515,0.381,0.379,-0.338,0.005,0.498,-0.428,-0.181,0.527,0.532,0.619,-0.469,-0.385,-0.123,0.23,-0.445,0.493,0.334,-0.244,0.505,0.534,0.614,-0.296,0.508,0.186,-0.044,-0.469,0.647,-0.107,0.7,0.022,0.017,0.441,-0.235,0.501,0.323,-0.294,-0.079,0.323,-0.323,0.497,0.421,0.178,0.625,0.388,0.147,0.503,-0.514,0.354,0.537,0.616,-0.375,0.025,0.385,0.485,0.13,-0.328,0.259,-0.251,0.518,0.454,-0.172,-0.047,0.525,0.455,-0.06,0.454,0.412,0.082,0.355,-0.16,0.555,0.259,0.504,0.498,-0.372,-0.356,-0.371,-0.153,-0.454,0.129,-0.259,0.347,0.173,-0.273,0.345,0.001,0.394,0.42,0.405,0.41,0.157,0.462,0.187,-0.517,0.119,0.197,0.265,0.281,-0.263,0.47,0.598,0.384,-0.089,0.389,0.105,0.38,0.399,-0.251,0.378,0.378,0.071,0.068,0.441,0.463,-0.001,0.439,0.23,0.077,0.551,0.411,-0.234,0.568,-0.175,-0.32,-0.49,0.411,-0.37,-0.404,0.599,0.553,0.057,-0.226,-0.53,0.349,0.155,-0.176,-0.136,0.248,0.229,-0.38,0.603,0.62,-0.558,0.323,0.335,0.354,0.281,0.426,0.418,0.397,-0.035,0.414,-0.361,0.377,-0.463,0.095,-0.113,0.19,0.257,-0.475,0.647,0.519,-0.084,-0.103,0.234,0.492,-0.078,0.309,0.417,-0.136,0.212,-0.125,-0.006,0.048,0.583,0.264,0.262,-0.02,0.29,-0.475,-0.536,-0.13,-0.303,-0.326,0.383,0.034,0.463
ABUS,-0.559,-0.369,1.0,-0.481,-0.613,-0.618,-0.109,0.251,-0.065,0.508,-0.717,-0.73,-0.53,-0.481,-0.575,0.7,0.336,-0.225,0.401,0.371,-0.443,-0.679,-0.443,0.67,0.731,0.501,-0.201,0.367,-0.446,-0.632,0.362,-0.587,-0.522,-0.615,0.435,-0.587,0.003,-0.088,0.711,-0.568,-0.265,-0.4,-0.141,-0.06,-0.629,0.555,-0.201,-0.554,0.745,0.688,-0.647,0.851,-0.578,0.277,0.55,-0.679,-0.15,0.189,-0.639,0.363,-0.457,-0.522,-0.609,0.734,-0.509,-0.344,-0.752,0.08,0.296,-0.412,0.396,-0.289,-0.457,0.467,0.495,-0.594,-0.621,0.143,-0.566,-0.518,-0.543,-0.615,0.335,-0.667,-0.544,-0.63,-0.619,0.289,0.119,0.584,0.396,0.374,-0.43,0.382,-0.509,-0.527,0.571,-0.664,-0.519,-0.501,-0.727,-0.704,-0.664,-0.672,-0.666,-0.267,0.704,-0.219,-0.375,-0.674,-0.04,0.897,-0.693,-0.649,-0.669,0.267,-0.756,-0.052,-0.556,-0.031,0.842,-0.114,-0.556,0.0,-0.273,-0.654,-0.698,-0.164,-0.733,-0.05,-0.284,-0.671,-0.545,-0.07,-0.551,-0.029,0.026,0.681,-0.466,0.611,0.799,-0.581,-0.617,-0.141,0.877,0.641,-0.657,-0.614,0.264,0.419,-0.644,-0.661,0.812,-0.757,-0.44,0.531,-0.623,-0.213,-0.303,-0.648,-0.693,-0.445,-0.638,-0.27,-0.611,0.738,-0.786,0.016,-0.454,0.457,-0.418,-0.379,0.435,-0.596,-0.488,-0.393,0.166,-0.629,-0.191,-0.496,-0.521,-0.708,0.123,-0.566,0.477,-0.25,-0.683,-0.636,-0.213,-0.096,-0.488,-0.553,0.575,0.376,0.539,-0.01,0.665,-0.44,0.675,-0.702
ADBE,0.545,0.738,-0.481,1.0,0.665,0.493,0.188,-0.1,0.186,-0.744,0.656,0.601,0.598,0.457,0.676,-0.474,-0.121,0.637,-0.536,-0.256,0.584,0.745,0.616,-0.542,-0.54,-0.323,0.228,-0.463,0.434,0.441,-0.329,0.583,0.636,0.826,-0.302,0.615,0.154,-0.005,-0.553,0.75,0.064,0.648,0.037,0.178,0.562,-0.441,0.438,0.414,-0.4,-0.194,0.628,-0.389,0.639,0.339,0.09,0.669,0.513,0.061,0.553,-0.509,0.386,0.809,0.646,-0.529,0.335,0.478,0.704,0.113,-0.323,0.433,-0.236,0.516,0.712,-0.295,-0.124,0.71,0.487,-0.193,0.532,0.514,0.379,0.664,-0.262,0.577,0.392,0.678,0.594,-0.35,-0.308,-0.388,-0.277,-0.527,0.395,-0.401,0.398,0.35,-0.39,0.537,0.29,0.582,0.577,0.543,0.656,0.387,0.653,0.274,-0.577,0.205,0.278,0.536,0.215,-0.39,0.748,0.65,0.509,-0.156,0.567,-0.117,0.467,0.359,-0.403,0.441,0.418,0.169,0.139,0.727,0.563,0.158,0.663,0.201,0.175,0.691,0.554,-0.224,0.768,-0.108,-0.178,-0.57,0.435,-0.464,-0.514,0.606,0.546,0.156,-0.383,-0.708,0.69,0.25,-0.183,-0.087,0.377,0.407,-0.478,0.691,0.666,-0.593,0.636,0.2,0.477,0.607,0.663,0.47,0.713,0.042,0.548,-0.529,0.542,-0.293,0.468,-0.277,0.321,0.397,-0.534,0.68,0.568,0.064,-0.098,0.534,0.415,0.152,0.585,0.544,-0.058,0.355,-0.132,0.287,0.306,0.68,0.059,0.272,0.297,0.463,-0.569,-0.438,-0.343,-0.194,-0.433,0.541,-0.086,0.681
ADI,0.589,0.459,-0.613,0.665,1.0,0.346,0.221,0.098,0.13,-0.37,0.742,0.694,0.5,0.525,0.825,-0.596,-0.346,0.321,-0.248,-0.223,0.278,0.667,0.389,-0.58,-0.487,-0.186,0.383,-0.411,0.203,0.421,-0.369,0.564,0.426,0.58,-0.093,0.389,-0.003,0.422,-0.418,0.583,0.328,0.47,0.348,0.228,0.483,-0.18,0.179,0.645,-0.414,-0.413,0.699,-0.505,0.479,0.001,-0.294,0.463,0.337,0.081,0.446,-0.281,0.318,0.642,0.466,-0.647,0.49,0.439,0.638,0.362,-0.059,0.338,0.038,0.158,0.662,-0.145,-0.081,0.487,0.383,-0.004,0.405,0.371,0.577,0.686,0.01,0.626,0.567,0.643,0.484,-0.22,-0.0,-0.303,-0.124,-0.259,0.573,-0.189,0.224,0.491,-0.225,0.604,0.489,0.361,0.578,0.454,0.748,0.439,0.54,0.366,-0.454,0.42,0.162,0.602,0.276,-0.551,0.666,0.518,0.57,0.042,0.643,0.189,0.297,0.02,-0.512,0.112,0.562,0.245,0.085,0.637,0.591,0.487,0.632,-0.135,0.529,0.542,0.425,0.211,0.542,0.312,-0.009,-0.288,0.253,-0.287,-0.471,0.526,0.325,0.383,-0.529,-0.497,0.722,0.283,-0.084,-0.227,0.524,0.588,-0.457,0.568,0.422,-0.455,0.66,0.42,0.377,0.655,0.668,0.553,0.657,0.292,0.528,-0.317,0.48,0.014,0.5,-0.173,0.55,0.432,-0.328,0.561,0.266,0.366,0.369,0.599,0.224,0.281,0.563,0.672,0.181,0.686,-0.244,0.543,0.576,0.492,0.355,0.168,0.543,0.457,-0.346,-0.179,-0.302,0.222,-0.593,0.664,-0.298,0.569
ADMA,0.375,0.425,-0.618,0.493,0.346,1.0,0.157,-0.475,0.236,-0.662,0.6,0.585,0.459,0.115,0.381,-0.52,-0.023,0.566,-0.669,-0.549,0.663,0.649,0.643,-0.518,-0.578,-0.505,0.136,-0.376,0.448,0.553,-0.427,0.63,0.569,0.662,-0.391,0.712,0.151,-0.363,-0.667,0.659,0.007,0.548,-0.129,-0.09,0.622,-0.629,0.604,0.262,-0.61,-0.351,0.446,-0.577,0.665,0.147,0.052,0.588,0.487,-0.159,0.655,-0.741,0.201,0.515,0.63,-0.581,0.238,0.146,0.537,-0.186,-0.575,0.401,-0.555,0.483,0.246,-0.482,-0.326,0.581,0.502,-0.199,0.436,0.445,0.291,0.495,-0.455,0.49,0.27,0.497,0.539,-0.537,-0.436,-0.674,-0.453,-0.694,0.084,-0.363,0.384,0.287,-0.614,0.562,0.119,0.333,0.493,0.75,0.458,0.481,0.611,-0.156,-0.703,-0.115,0.459,0.514,0.247,-0.469,0.596,0.627,0.387,-0.223,0.569,-0.326,0.507,0.548,-0.483,0.317,0.474,-0.248,0.32,0.629,0.393,-0.188,0.614,0.301,-0.111,0.561,0.444,-0.287,0.523,-0.251,-0.184,-0.639,0.521,-0.446,-0.644,0.573,0.658,-0.068,-0.44,-0.653,0.478,0.456,-0.104,-0.343,0.463,0.352,-0.692,0.636,0.579,-0.776,0.383,-0.085,0.191,0.378,0.577,0.492,0.496,0.256,0.477,-0.65,0.839,-0.492,0.143,-0.375,0.163,0.222,-0.663,0.704,0.648,0.132,-0.5,0.405,0.633,0.233,0.428,0.45,-0.236,0.243,-0.192,0.004,0.345,0.709,0.046,0.008,0.255,0.373,-0.662,-0.547,-0.349,-0.388,-0.47,0.31,-0.278,0.65
AEP,-0.215,0.342,-0.109,0.188,0.221,0.157,1.0,0.175,0.297,-0.2,0.064,0.182,0.247,-0.217,-0.024,0.059,0.311,0.215,-0.202,-0.103,0.277,0.201,0.319,0.039,0.178,0.047,0.238,-0.518,0.157,0.104,-0.161,0.226,0.234,0.125,-0.006,0.264,0.07,-0.001,0.096,0.294,-0.257,0.519,0.117,-0.024,0.198,0.157,0.368,-0.084,0.123,0.254,0.042,0.02,0.257,0.42,0.257,0.168,0.391,0.394,0.155,-0.443,0.001,0.181,0.281,0.043,-0.218,-0.034,0.038,0.383,-0.181,-0.085,0.068,0.211,0.165,0.05,0.37,0.162,0.167,-0.03,-0.062,-0.104,-0.142,0.039,0.162,0.177,-0.15,-0.008,-0.038,-0.416,-0.394,-0.042,0.218,-0.244,-0.202,0.056,0.103,-0.098,0.188,-0.217,-0.254,-0.109,-0.075,0.034,0.194,-0.023,0.113,-0.173,-0.106,-0.008,0.062,-0.144,0.279,0.097,0.032,0.214,-0.132,0.128,0.073,-0.188,-0.083,0.282,0.003,0.285,0.183,0.039,-0.199,0.099,0.054,0.117,0.175,0.25,0.001,0.099,-0.04,-0.281,0.173,-0.196,-0.242,-0.128,0.291,0.089,0.049,0.244,0.139,-0.083,0.215,-0.159,-0.051,-0.089,0.298,0.165,0.096,-0.093,-0.035,0.189,0.312,-0.311,-0.13,0.093,0.253,-0.136,0.03,0.437,-0.048,-0.063,0.074,0.005,0.076,-0.399,-0.243,0.09,0.097,-0.132,-0.224,0.178,0.266,-0.123,0.166,-0.164,0.504,-0.318,-0.044,0.038,0.063,0.218,-0.106,-0.115,-0.059,0.342,0.097,0.308,-0.158,0.046,0.089,-0.557,0.437,-0.05,0.101,0.37,0.348,0.188
AGNC,-0.248,0.027,0.251,-0.1,0.098,-0.475,0.175,1.0,-0.307,0.359,-0.324,-0.329,-0.231,0.039,-0.084,0.262,-0.088,-0.456,0.438,0.384,-0.309,-0.385,-0.423,0.239,0.247,0.585,0.274,-0.066,-0.379,-0.455,0.057,-0.25,-0.281,-0.264,0.294,-0.489,-0.383,0.629,0.374,-0.392,0.076,-0.181,0.275,0.284,-0.499,0.749,-0.258,0.158,0.346,0.155,-0.271,0.285,-0.492,0.099,-0.158,-0.405,-0.072,0.653,-0.495,0.401,-0.348,-0.171,-0.419,0.279,-0.26,-0.112,-0.399,0.536,0.726,-0.396,0.536,-0.436,-0.049,0.757,0.474,-0.457,-0.396,0.401,-0.446,-0.501,-0.12,-0.283,0.745,-0.236,-0.127,-0.332,-0.429,0.116,0.248,0.488,0.583,0.37,-0.01,0.444,-0.553,-0.168,0.62,-0.306,-0.093,-0.409,-0.324,-0.457,-0.278,-0.388,-0.424,0.22,0.271,0.339,-0.502,-0.31,0.273,0.178,-0.432,-0.47,-0.227,0.623,-0.33,0.558,-0.52,-0.35,0.153,-0.324,0.031,0.338,-0.54,-0.463,-0.162,0.331,-0.338,-0.38,0.519,-0.374,-0.442,0.405,-0.399,0.45,-0.06,0.32,-0.505,0.477,0.327,-0.354,-0.408,0.452,0.217,0.347,-0.324,-0.569,0.018,0.243,-0.209,-0.242,0.362,-0.207,-0.332,0.401,-0.289,0.517,-0.06,-0.312,-0.283,0.051,-0.356,0.062,-0.334,0.546,-0.447,0.234,-0.265,0.766,0.148,-0.123,0.229,-0.315,-0.478,-0.113,0.667,-0.266,-0.104,-0.268,-0.466,-0.086,0.594,0.01,-0.119,0.145,-0.063,-0.43,0.434,0.023,-0.21,-0.204,0.381,0.27,0.119,0.452,0.226,0.272,0.161,-0.423
AKBA,0.075,0.188,-0.065,0.186,0.13,0.236,0.297,-0.307,1.0,-0.088,0.204,0.208,0.491,-0.215,0.016,-0.014,-0.007,0.375,-0.35,0.22,0.203,0.209,0.377,-0.182,0.172,-0.268,-0.025,-0.082,0.461,0.333,0.206,0.025,0.413,0.195,0.015,0.329,0.641,-0.131,0.086,0.293,0.074,0.401,-0.073,-0.492,0.435,-0.192,0.002,-0.055,0.091,0.266,0.069,0.037,0.486,0.288,0.441,0.443,0.239,-0.002,0.352,-0.342,0.512,0.104,0.437,-0.075,-0.134,0.386,0.262,0.011,-0.136,0.609,0.124,0.359,0.055,-0.226,-0.19,0.444,0.534,-0.22,0.22,0.225,0.044,0.243,-0.187,0.222,0.066,0.255,0.26,0.086,-0.09,-0.131,-0.161,-0.086,0.071,0.055,0.473,0.257,0.049,0.013,-0.042,0.228,0.073,0.048,0.381,0.16,0.303,0.147,0.025,-0.1,0.297,-0.036,0.035,0.116,0.21,0.374,0.152,-0.372,0.082,-0.113,0.241,0.228,0.266,0.665,0.02,0.198,0.473,0.258,0.399,0.112,0.412,0.612,-0.117,0.514,0.545,-0.038,0.501,-0.065,-0.043,0.112,0.495,-0.073,0.032,0.247,0.431,-0.338,0.177,-0.171,0.138,0.075,0.277,-0.099,-0.128,0.007,-0.051,0.264,0.406,-0.301,0.188,-0.215,0.387,0.216,0.381,0.239,0.281,-0.164,0.478,-0.236,0.187,-0.244,0.208,-0.327,-0.167,0.249,-0.108,0.164,0.433,-0.17,-0.057,0.029,0.099,0.194,0.483,0.238,-0.432,0.138,0.544,-0.014,0.097,0.287,-0.118,0.291,0.027,0.169,-0.122,-0.317,0.453,0.01,-0.163,0.066,0.374,0.239
ALT,-0.346,-0.576,0.508,-0.744,-0.37,-0.662,-0.2,0.359,-0.088,1.0,-0.52,-0.481,-0.508,-0.177,-0.459,0.323,-0.199,-0.695,0.711,0.535,-0.769,-0.667,-0.735,0.336,0.487,0.477,-0.054,0.425,-0.476,-0.426,0.534,-0.635,-0.516,-0.735,0.554,-0.701,-0.112,0.347,0.619,-0.734,0.147,-0.614,0.234,0.073,-0.515,0.626,-0.67,-0.217,0.47,0.276,-0.466,0.459,-0.711,-0.214,-0.119,-0.704,-0.524,0.031,-0.606,0.649,-0.246,-0.735,-0.681,0.381,-0.234,-0.301,-0.631,0.068,0.565,-0.273,0.545,-0.62,-0.404,0.449,0.259,-0.659,-0.449,0.274,-0.449,-0.45,-0.152,-0.512,0.47,-0.481,-0.223,-0.549,-0.63,0.557,0.563,0.577,0.453,0.614,-0.121,0.589,-0.497,-0.165,0.513,-0.466,-0.133,-0.53,-0.531,-0.629,-0.445,-0.337,-0.678,0.074,0.635,0.113,-0.479,-0.465,-0.087,0.371,-0.634,-0.661,-0.444,0.245,-0.517,0.446,-0.47,-0.581,0.496,-0.392,-0.338,0.201,-0.192,-0.642,-0.418,0.176,-0.5,-0.427,0.142,-0.579,-0.458,0.445,-0.662,0.367,0.183,0.717,-0.593,0.583,0.558,-0.559,-0.621,0.12,0.4,0.779,-0.511,-0.35,0.079,0.023,-0.355,-0.298,0.576,-0.613,-0.643,0.617,-0.476,0.108,-0.347,-0.425,-0.516,-0.504,-0.561,0.051,-0.427,0.578,-0.619,0.429,-0.255,0.41,-0.074,-0.202,0.714,-0.724,-0.667,0.04,0.454,-0.394,-0.628,-0.061,-0.419,-0.387,0.18,-0.178,0.263,-0.039,-0.155,-0.737,0.109,-0.161,-0.162,-0.308,0.552,0.544,0.307,0.474,0.217,-0.419,0.223,-0.634
AMAT,0.768,0.407,-0.717,0.656,0.742,0.6,0.064,-0.324,0.204,-0.52,1.0,0.823,0.486,0.608,0.798,-0.704,-0.354,0.487,-0.47,-0.362,0.465,0.79,0.527,-0.711,-0.692,-0.575,0.109,-0.398,0.456,0.663,-0.302,0.537,0.484,0.687,-0.266,0.678,0.194,0.066,-0.622,0.726,0.285,0.446,0.191,0.102,0.711,-0.59,0.211,0.564,-0.634,-0.507,0.793,-0.607,0.671,-0.1,-0.254,0.616,0.264,-0.183,0.645,-0.499,0.417,0.669,0.643,-0.795,0.666,0.402,0.726,-0.121,-0.365,0.642,-0.355,0.311,0.638,-0.538,-0.362,0.686,0.543,-0.236,0.68,0.663,0.668,0.847,-0.475,0.66,0.702,0.79,0.565,-0.232,0.034,-0.525,-0.485,-0.349,0.582,-0.498,0.536,0.614,-0.502,0.819,0.53,0.519,0.622,0.7,0.854,0.669,0.641,0.371,-0.549,0.301,0.362,0.698,0.101,-0.667,0.805,0.698,0.628,-0.29,0.804,0.018,0.51,0.072,-0.609,0.207,0.44,0.005,0.327,0.878,0.655,0.247,0.752,0.054,0.277,0.713,0.606,0.041,0.67,0.158,0.102,-0.491,0.507,-0.493,-0.663,0.657,0.548,0.107,-0.655,-0.609,0.857,0.626,-0.141,-0.37,0.645,0.621,-0.678,0.701,0.454,-0.59,0.763,0.158,0.299,0.802,0.77,0.424,0.815,0.224,0.621,-0.703,0.76,-0.047,0.63,-0.541,0.37,0.451,-0.386,0.652,0.5,0.471,-0.086,0.7,0.184,0.376,0.726,0.733,-0.107,0.631,-0.154,0.395,0.544,0.646,0.126,0.152,0.646,0.639,-0.577,-0.237,-0.405,0.015,-0.714,0.399,-0.424,0.77
AMD,0.689,0.396,-0.73,0.601,0.694,0.585,0.182,-0.329,0.208,-0.481,0.823,1.0,0.553,0.549,0.757,-0.678,-0.244,0.417,-0.453,-0.414,0.44,0.796,0.595,-0.626,-0.615,-0.594,0.094,-0.492,0.528,0.835,-0.402,0.643,0.565,0.697,-0.171,0.718,0.253,0.006,-0.633,0.777,0.18,0.581,0.383,0.176,0.708,-0.521,0.213,0.505,-0.611,-0.441,0.829,-0.637,0.704,-0.02,-0.266,0.605,0.325,-0.192,0.646,-0.524,0.475,0.674,0.681,-0.734,0.679,0.426,0.703,-0.137,-0.36,0.476,-0.397,0.327,0.683,-0.539,-0.198,0.747,0.564,-0.184,0.599,0.56,0.693,0.787,-0.413,0.754,0.487,0.741,0.601,-0.346,-0.198,-0.398,-0.507,-0.427,0.522,-0.488,0.517,0.533,-0.501,0.653,0.567,0.575,0.715,0.619,0.9,0.65,0.637,0.19,-0.616,0.325,0.338,0.677,0.025,-0.654,0.821,0.707,0.682,-0.321,0.823,-0.02,0.439,0.035,-0.551,0.289,0.396,-0.034,0.283,0.873,0.608,0.262,0.828,0.034,0.316,0.7,0.608,-0.054,0.684,-0.03,0.018,-0.597,0.457,-0.649,-0.693,0.704,0.638,0.1,-0.58,-0.636,0.833,0.647,-0.144,-0.267,0.768,0.734,-0.693,0.75,0.505,-0.551,0.717,0.201,0.33,0.727,0.701,0.349,0.759,0.335,0.583,-0.73,0.681,-0.058,0.594,-0.549,0.499,0.383,-0.333,0.617,0.56,0.618,-0.1,0.68,0.173,0.376,0.736,0.653,-0.058,0.775,-0.26,0.343,0.601,0.666,0.125,0.202,0.71,0.643,-0.65,-0.383,-0.384,-0.064,-0.639,0.38,-0.372,0.898
AMGN,0.493,0.515,-0.53,0.598,0.5,0.459,0.247,-0.231,0.491,-0.508,0.486,0.553,1.0,0.325,0.502,-0.469,-0.226,0.513,-0.459,-0.031,0.36,0.63,0.701,-0.529,-0.409,-0.366,0.194,-0.351,0.438,0.49,-0.215,0.531,0.64,0.635,-0.19,0.492,0.25,0.098,-0.441,0.622,0.331,0.584,0.085,-0.156,0.698,-0.459,0.246,0.462,-0.357,-0.249,0.457,-0.502,0.677,0.018,-0.035,0.719,0.483,-0.069,0.475,-0.396,0.66,0.498,0.74,-0.412,0.279,0.566,0.744,0.15,-0.202,0.608,-0.019,0.404,0.366,-0.245,-0.371,0.664,0.546,0.045,0.363,0.335,0.397,0.633,-0.115,0.627,0.419,0.719,0.683,-0.199,-0.256,-0.348,-0.314,-0.374,0.457,-0.246,0.577,0.485,-0.404,0.416,0.437,0.617,0.639,0.379,0.655,0.516,0.792,0.158,-0.545,0.055,0.515,0.548,0.226,-0.475,0.582,0.56,0.676,-0.255,0.486,0.04,0.448,0.183,-0.261,0.442,0.422,0.263,0.4,0.576,0.672,0.197,0.725,0.304,0.143,0.764,0.771,-0.018,0.752,-0.033,-0.258,-0.411,0.453,-0.523,-0.515,0.687,0.636,-0.002,-0.41,-0.616,0.6,0.327,-0.111,-0.237,0.327,0.547,-0.529,0.64,0.529,-0.503,0.642,0.2,0.55,0.608,0.707,0.416,0.71,0.074,0.683,-0.518,0.494,-0.161,0.507,-0.393,0.273,0.606,-0.364,0.51,0.489,0.091,-0.189,0.527,0.239,0.376,0.641,0.652,-0.184,0.429,0.015,0.442,0.552,0.528,0.169,0.17,0.384,0.436,-0.351,-0.399,-0.095,-0.059,-0.472,0.512,-0.162,0.584
AMZN,0.651,0.381,-0.481,0.457,0.525,0.115,-0.217,0.039,-0.215,-0.177,0.608,0.549,0.325,1.0,0.651,-0.553,-0.461,0.069,-0.063,-0.159,-0.001,0.467,0.126,-0.518,-0.58,-0.276,0.067,-0.288,0.135,0.353,-0.16,0.222,0.221,0.445,-0.067,0.279,-0.064,0.396,-0.447,0.367,0.346,0.145,0.304,0.359,0.385,-0.219,-0.121,0.662,-0.422,-0.491,0.637,-0.442,0.27,-0.293,-0.503,0.339,0.008,-0.2,0.258,-0.019,0.259,0.429,0.361,-0.535,0.693,0.25,0.565,-0.128,0.059,0.316,-0.068,0.022,0.532,-0.202,-0.225,0.354,0.194,0.11,0.487,0.448,0.675,0.543,-0.135,0.43,0.631,0.658,0.336,-0.105,0.236,-0.132,-0.298,-0.027,0.639,-0.312,0.277,0.508,-0.331,0.628,0.674,0.444,0.474,0.272,0.572,0.485,0.415,0.432,-0.333,0.521,-0.008,0.624,-0.01,-0.576,0.535,0.356,0.539,-0.068,0.477,0.44,0.189,-0.407,-0.479,-0.174,0.213,0.115,0.009,0.573,0.463,0.285,0.424,-0.381,0.475,0.409,0.392,0.219,0.326,0.193,0.073,-0.32,0.01,-0.456,-0.459,0.44,0.265,0.278,-0.61,-0.367,0.703,0.415,-0.294,-0.255,0.539,0.577,-0.392,0.472,0.098,-0.143,0.625,0.522,0.038,0.657,0.476,-0.008,0.644,0.254,0.275,-0.39,0.298,0.338,0.588,-0.227,0.372,0.405,-0.053,0.304,0.028,0.537,0.038,0.562,-0.262,0.314,0.404,0.559,0.21,0.494,-0.316,0.448,0.509,0.281,0.37,-0.035,0.611,0.545,-0.301,0.132,-0.494,0.115,-0.537,0.158,-0.529,0.479
APA,0.705,0.379,-0.575,0.676,0.825,0.381,-0.024,-0.084,0.016,-0.459,0.798,0.757,0.502,0.651,1.0,-0.638,-0.315,0.419,-0.319,-0.231,0.333,0.7,0.423,-0.579,-0.565,-0.404,0.155,-0.347,0.295,0.496,-0.375,0.546,0.481,0.641,-0.243,0.5,0.006,0.262,-0.531,0.634,0.322,0.393,0.33,0.24,0.464,-0.373,0.181,0.588,-0.441,-0.461,0.749,-0.504,0.548,-0.108,-0.318,0.451,0.334,-0.03,0.412,-0.316,0.319,0.767,0.501,-0.658,0.653,0.532,0.679,0.18,-0.114,0.427,-0.146,0.17,0.665,-0.234,-0.163,0.579,0.352,-0.046,0.431,0.404,0.65,0.78,-0.172,0.659,0.584,0.76,0.548,-0.18,-0.061,-0.279,-0.386,-0.207,0.627,-0.427,0.305,0.498,-0.349,0.681,0.578,0.518,0.645,0.449,0.773,0.495,0.586,0.289,-0.509,0.373,0.31,0.654,0.103,-0.581,0.72,0.491,0.611,-0.083,0.724,0.101,0.324,-0.02,-0.539,0.077,0.406,0.096,0.135,0.788,0.484,0.414,0.614,-0.163,0.469,0.544,0.468,0.06,0.598,0.21,-0.002,-0.379,0.243,-0.47,-0.531,0.533,0.374,0.38,-0.597,-0.494,0.861,0.457,-0.19,-0.187,0.612,0.648,-0.506,0.612,0.367,-0.473,0.8,0.355,0.337,0.797,0.663,0.352,0.798,0.191,0.458,-0.476,0.549,0.063,0.692,-0.305,0.421,0.475,-0.207,0.548,0.344,0.414,0.093,0.682,0.115,0.32,0.648,0.661,0.168,0.607,-0.26,0.614,0.544,0.466,0.25,0.197,0.636,0.588,-0.443,-0.051,-0.42,0.049,-0.593,0.551,-0.397,0.686
APPS,-0.657,-0.338,0.7,-0.474,-0.596,-0.52,0.059,0.262,-0.014,0.323,-0.704,-0.678,-0.469,-0.553,-0.638,1.0,0.593,-0.322,0.327,0.211,-0.272,-0.68,-0.413,0.918,0.844,0.393,-0.19,0.227,-0.298,-0.531,0.315,-0.523,-0.45,-0.535,0.216,-0.5,-0.04,-0.18,0.698,-0.541,-0.392,-0.256,-0.196,-0.155,-0.573,0.496,-0.147,-0.571,0.778,0.514,-0.677,0.72,-0.384,0.18,0.406,-0.459,-0.053,0.234,-0.5,0.255,-0.435,-0.407,-0.456,0.921,-0.586,-0.33,-0.598,0.142,0.326,-0.498,0.364,-0.158,-0.498,0.329,0.399,-0.419,-0.449,0.014,-0.513,-0.484,-0.578,-0.624,0.285,-0.572,-0.561,-0.66,-0.596,0.131,-0.002,0.537,0.381,0.455,-0.557,0.341,-0.386,-0.641,0.661,-0.73,-0.473,-0.451,-0.68,-0.558,-0.637,-0.687,-0.607,-0.265,0.746,-0.254,-0.4,-0.73,-0.094,0.739,-0.655,-0.533,-0.656,0.243,-0.73,-0.111,-0.47,-0.005,0.538,0.098,-0.49,0.002,-0.289,-0.643,-0.56,-0.206,-0.613,0.245,-0.325,-0.551,-0.508,-0.08,-0.363,-0.085,0.105,0.51,-0.359,0.487,0.758,-0.638,-0.476,-0.245,0.679,0.514,-0.662,-0.528,0.402,0.683,-0.553,-0.658,0.775,-0.668,-0.331,0.557,-0.614,-0.266,-0.27,-0.646,-0.557,-0.278,-0.605,-0.24,-0.52,0.623,-0.641,-0.013,-0.465,0.374,-0.411,-0.417,0.244,-0.557,-0.371,-0.415,0.115,-0.695,-0.076,-0.44,-0.556,-0.642,0.194,-0.571,0.301,-0.473,-0.551,-0.503,-0.207,0.002,-0.579,-0.542,0.527,0.162,0.565,-0.048,0.922,-0.321,0.502,-0.667
ARCC,-0.597,0.005,0.336,-0.121,-0.346,-0.023,0.311,-0.088,-0.007,-0.199,-0.354,-0.244,-0.226,-0.461,-0.315,0.593,1.0,0.092,-0.258,-0.3,0.285,-0.118,0.084,0.623,0.54,0.004,-0.188,-0.167,0.01,-0.254,-0.183,-0.061,-0.074,-0.054,-0.223,0.082,-0.029,-0.463,0.214,-0.0,-0.566,0.219,-0.373,-0.081,-0.163,0.2,0.399,-0.446,0.398,0.308,-0.353,0.325,0.097,0.208,0.48,-0.116,0.319,0.175,0.049,-0.287,-0.368,0.06,0.057,0.596,-0.447,-0.228,-0.243,0.042,-0.225,-0.433,-0.132,0.252,-0.306,-0.044,0.331,-0.014,-0.198,-0.068,-0.101,-0.087,-0.522,-0.379,-0.013,-0.28,-0.611,-0.383,-0.264,-0.423,-0.554,0.088,-0.01,-0.124,-0.629,-0.09,-0.13,-0.574,0.217,-0.55,-0.513,-0.209,-0.411,-0.195,-0.351,-0.391,-0.192,-0.547,0.209,-0.336,-0.045,-0.525,0.034,0.473,-0.236,0.041,-0.48,-0.025,-0.348,-0.524,-0.262,0.361,0.164,0.211,-0.288,-0.443,-0.269,-0.186,-0.437,-0.332,-0.315,0.392,-0.499,-0.235,-0.322,-0.556,-0.062,-0.56,-0.254,-0.006,0.053,0.072,0.353,-0.249,-0.044,-0.342,0.397,0.014,-0.369,-0.202,0.328,0.516,-0.186,-0.503,0.306,-0.229,0.173,0.091,-0.379,-0.332,-0.116,-0.43,-0.388,0.048,-0.359,-0.358,-0.335,0.243,-0.181,-0.466,-0.467,0.091,-0.459,-0.476,-0.197,-0.185,0.187,-0.403,-0.205,-0.577,0.332,-0.517,-0.292,-0.407,0.123,-0.428,-0.04,-0.527,-0.479,0.046,-0.285,-0.017,-0.512,-0.303,0.122,-0.301,0.337,-0.466,0.702,-0.121,0.328,-0.185
ARDX,0.417,0.498,-0.225,0.637,0.321,0.566,0.215,-0.456,0.375,-0.695,0.487,0.417,0.513,0.069,0.419,-0.322,0.092,1.0,-0.632,-0.317,0.642,0.583,0.714,-0.378,-0.335,-0.438,-0.057,-0.333,0.537,0.412,-0.244,0.557,0.51,0.633,-0.289,0.633,0.404,-0.354,-0.463,0.667,-0.068,0.605,-0.18,-0.262,0.505,-0.605,0.602,0.052,-0.339,0.01,0.474,-0.242,0.629,0.317,0.466,0.571,0.514,-0.132,0.595,-0.655,0.346,0.576,0.636,-0.387,0.232,0.245,0.513,-0.095,-0.619,0.463,-0.436,0.666,0.329,-0.418,-0.197,0.589,0.447,-0.314,0.448,0.462,0.193,0.555,-0.473,0.405,0.246,0.547,0.52,-0.312,-0.426,-0.447,-0.434,-0.505,0.186,-0.52,0.502,0.211,-0.439,0.42,0.011,0.519,0.356,0.53,0.459,0.261,0.56,-0.054,-0.482,-0.152,0.613,0.394,0.061,-0.106,0.487,0.605,0.306,-0.311,0.479,-0.426,0.473,0.633,-0.142,0.472,0.198,-0.196,0.35,0.612,0.326,-0.043,0.483,0.399,-0.288,0.538,0.464,-0.499,0.642,-0.38,-0.29,-0.448,0.575,-0.478,-0.399,0.583,0.556,-0.249,-0.103,-0.606,0.475,0.334,-0.051,-0.024,0.216,0.149,-0.445,0.545,0.685,-0.66,0.395,-0.246,0.407,0.382,0.542,0.426,0.529,-0.044,0.474,-0.452,0.507,-0.436,0.306,-0.47,0.03,0.26,-0.486,0.653,0.596,-0.121,-0.401,0.413,0.583,0.138,0.521,0.293,-0.374,0.169,0.122,0.127,0.014,0.598,-0.242,0.21,0.174,0.297,-0.435,-0.483,-0.063,-0.49,-0.255,0.296,0.04,0.53
ATER,-0.272,-0.428,0.401,-0.536,-0.248,-0.669,-0.202,0.438,-0.35,0.711,-0.47,-0.453,-0.459,-0.063,-0.319,0.327,-0.258,-0.632,1.0,0.497,-0.784,-0.606,-0.66,0.292,0.297,0.613,0.169,0.323,-0.409,-0.398,0.388,-0.421,-0.561,-0.669,0.607,-0.78,-0.263,0.354,0.496,-0.677,0.156,-0.636,0.427,0.249,-0.53,0.475,-0.533,-0.15,0.387,0.141,-0.368,0.41,-0.674,-0.157,-0.271,-0.615,-0.494,-0.028,-0.66,0.768,-0.225,-0.601,-0.693,0.316,-0.155,-0.268,-0.538,0.25,0.468,-0.393,0.496,-0.668,-0.185,0.475,0.275,-0.636,-0.482,0.19,-0.501,-0.504,-0.122,-0.448,0.451,-0.237,-0.041,-0.527,-0.461,0.517,0.58,0.46,0.648,0.645,-0.106,0.529,-0.486,-0.273,0.481,-0.321,-0.009,-0.484,-0.262,-0.467,-0.439,-0.397,-0.546,0.182,0.582,0.211,-0.513,-0.295,-0.008,0.248,-0.479,-0.699,-0.261,0.378,-0.386,0.462,-0.437,-0.518,0.308,-0.38,-0.147,0.401,-0.354,-0.574,-0.352,0.06,-0.527,-0.483,0.234,-0.595,-0.46,0.458,-0.546,0.45,0.406,0.559,-0.603,0.523,0.46,-0.499,-0.619,0.156,0.249,0.671,-0.397,-0.197,0.049,0.167,-0.121,-0.023,0.534,-0.655,-0.577,0.59,-0.381,0.085,-0.261,-0.372,-0.458,-0.411,-0.481,0.302,-0.437,0.577,-0.625,0.457,-0.22,0.425,0.29,-0.099,0.547,-0.534,-0.694,0.164,0.456,-0.298,-0.496,0.018,-0.512,-0.423,0.3,-0.119,0.103,0.019,-0.152,-0.646,0.081,-0.042,-0.111,-0.35,0.56,0.536,0.243,0.46,0.223,-0.183,0.079,-0.523
ATOS,-0.182,-0.181,0.371,-0.256,-0.223,-0.549,-0.103,0.384,0.22,0.535,-0.362,-0.414,-0.031,-0.159,-0.231,0.211,-0.3,-0.317,0.497,1.0,-0.5,-0.388,-0.432,0.052,0.313,0.371,0.053,0.404,-0.142,-0.298,0.575,-0.484,-0.089,-0.467,0.311,-0.491,0.086,0.354,0.457,-0.505,0.261,-0.398,0.212,-0.107,-0.345,0.339,-0.515,-0.082,0.417,0.372,-0.449,0.421,-0.495,0.098,-0.017,-0.322,-0.359,0.137,-0.476,0.533,0.169,-0.466,-0.469,0.238,-0.346,0.219,-0.377,0.193,0.514,0.201,0.576,-0.412,-0.188,0.518,0.065,-0.277,-0.115,0.184,-0.327,-0.344,-0.206,-0.303,0.387,-0.236,-0.067,-0.296,-0.161,0.723,0.499,0.456,0.409,0.517,0.09,0.457,-0.115,0.006,0.406,-0.321,-0.109,-0.197,-0.179,-0.527,-0.223,-0.182,-0.273,0.396,0.416,0.118,-0.097,-0.361,-0.005,0.229,-0.388,-0.451,-0.167,0.169,-0.345,0.468,-0.248,-0.409,0.469,0.036,-0.179,0.654,-0.078,-0.456,-0.116,0.232,-0.271,-0.087,0.201,-0.223,-0.135,0.436,-0.189,0.436,0.169,0.585,-0.199,0.436,0.378,-0.347,-0.295,0.175,0.265,0.491,-0.349,-0.413,-0.064,0.075,-0.49,-0.15,0.397,-0.339,-0.341,0.334,-0.213,0.107,0.179,-0.183,-0.264,-0.298,-0.259,-0.153,-0.131,0.405,-0.471,0.314,-0.016,0.395,-0.077,0.125,0.548,-0.435,-0.304,-0.239,0.392,-0.242,-0.467,0.099,-0.113,-0.143,-0.047,-0.159,0.463,0.225,-0.143,-0.434,0.088,0.304,-0.246,-0.063,0.4,0.441,0.323,0.485,0.024,-0.111,0.376,-0.386
AUPH,0.247,0.527,-0.443,0.584,0.278,0.663,0.277,-0.309,0.203,-0.769,0.465,0.44,0.36,-0.001,0.333,-0.272,0.285,0.642,-0.784,-0.5,1.0,0.556,0.69,-0.283,-0.356,-0.553,-0.126,-0.359,0.567,0.429,-0.392,0.537,0.569,0.694,-0.56,0.791,0.279,-0.401,-0.585,0.692,-0.124,0.646,-0.274,-0.183,0.397,-0.498,0.66,0.094,-0.446,-0.171,0.347,-0.426,0.63,0.23,0.254,0.593,0.493,0.178,0.624,-0.717,0.228,0.656,0.645,-0.353,0.061,0.253,0.466,-0.175,-0.508,0.267,-0.601,0.63,0.266,-0.464,-0.198,0.609,0.62,-0.254,0.467,0.461,0.03,0.451,-0.472,0.4,0.153,0.402,0.487,-0.406,-0.539,-0.517,-0.515,-0.565,-0.006,-0.585,0.436,0.152,-0.44,0.318,-0.077,0.405,0.318,0.614,0.352,0.236,0.491,-0.082,-0.604,-0.2,0.417,0.25,0.132,-0.284,0.416,0.641,0.254,-0.28,0.574,-0.421,0.439,0.611,-0.4,0.456,0.205,-0.364,0.21,0.519,0.377,-0.132,0.436,0.484,-0.199,0.522,0.401,-0.451,0.555,-0.364,-0.321,-0.685,0.589,-0.506,-0.536,0.507,0.604,-0.093,-0.27,-0.608,0.32,0.319,-0.067,-0.09,0.279,0.054,-0.582,0.672,0.622,-0.643,0.274,-0.131,0.291,0.252,0.416,0.51,0.385,-0.18,0.414,-0.588,0.702,-0.471,0.107,-0.38,-0.084,0.104,-0.633,0.626,0.803,-0.125,-0.378,0.245,0.652,-0.092,0.392,0.395,-0.3,0.154,-0.148,-0.114,0.021,0.681,-0.103,0.163,0.007,0.265,-0.584,-0.586,-0.237,-0.475,-0.187,0.36,-0.067,0.487
AVGO,0.629,0.532,-0.679,0.745,0.667,0.649,0.201,-0.385,0.209,-0.667,0.79,0.796,0.63,0.467,0.7,-0.68,-0.118,0.583,-0.606,-0.388,0.556,1.0,0.681,-0.657,-0.613,-0.594,0.134,-0.442,0.499,0.657,-0.441,0.65,0.679,0.723,-0.381,0.761,0.198,-0.052,-0.714,0.79,0.123,0.647,0.081,0.132,0.758,-0.576,0.459,0.541,-0.625,-0.435,0.748,-0.557,0.682,0.06,-0.129,0.69,0.403,-0.206,0.75,-0.605,0.411,0.646,0.742,-0.676,0.51,0.438,0.76,-0.133,-0.526,0.557,-0.394,0.533,0.618,-0.512,-0.317,0.766,0.554,-0.237,0.687,0.676,0.497,0.727,-0.384,0.655,0.45,0.712,0.756,-0.416,-0.283,-0.57,-0.499,-0.593,0.496,-0.525,0.556,0.55,-0.647,0.591,0.407,0.648,0.704,0.647,0.763,0.594,0.792,0.181,-0.732,0.189,0.461,0.705,0.13,-0.584,0.824,0.837,0.627,-0.402,0.701,-0.18,0.53,0.234,-0.548,0.374,0.439,-0.029,0.297,0.812,0.596,0.156,0.764,0.237,0.124,0.71,0.573,-0.185,0.715,-0.183,-0.107,-0.657,0.63,-0.632,-0.731,0.741,0.677,0.122,-0.588,-0.775,0.719,0.527,-0.193,-0.295,0.598,0.598,-0.747,0.769,0.702,-0.679,0.64,0.124,0.348,0.617,0.641,0.436,0.725,0.095,0.606,-0.623,0.725,-0.282,0.482,-0.446,0.302,0.336,-0.502,0.674,0.655,0.309,-0.209,0.629,0.318,0.285,0.669,0.657,-0.212,0.538,-0.215,0.384,0.46,0.754,0.049,0.16,0.47,0.615,-0.535,-0.415,-0.419,-0.162,-0.628,0.417,-0.298,0.857
AZN,0.39,0.619,-0.443,0.616,0.389,0.643,0.319,-0.423,0.377,-0.735,0.527,0.595,0.701,0.126,0.423,-0.413,0.084,0.714,-0.66,-0.432,0.69,0.681,1.0,-0.441,-0.453,-0.451,0.064,-0.465,0.569,0.595,-0.435,0.669,0.59,0.68,-0.307,0.704,0.328,-0.267,-0.605,0.829,-0.078,0.722,-0.006,-0.184,0.685,-0.568,0.578,0.188,-0.462,-0.209,0.483,-0.459,0.757,0.225,0.223,0.761,0.553,-0.028,0.601,-0.672,0.454,0.586,0.802,-0.423,0.23,0.428,0.642,-0.059,-0.554,0.42,-0.464,0.593,0.363,-0.442,-0.228,0.67,0.559,-0.123,0.415,0.407,0.21,0.611,-0.42,0.653,0.303,0.641,0.664,-0.443,-0.503,-0.502,-0.407,-0.631,0.211,-0.481,0.528,0.269,-0.498,0.387,0.194,0.537,0.572,0.595,0.556,0.37,0.669,-0.111,-0.636,-0.045,0.572,0.432,0.236,-0.32,0.625,0.666,0.603,-0.317,0.561,-0.3,0.462,0.549,-0.255,0.486,0.374,-0.184,0.376,0.625,0.527,-0.073,0.622,0.446,-0.117,0.676,0.655,-0.403,0.7,-0.282,-0.341,-0.647,0.559,-0.573,-0.577,0.724,0.693,-0.22,-0.257,-0.707,0.492,0.402,-0.045,-0.156,0.414,0.407,-0.591,0.634,0.659,-0.605,0.492,0.012,0.449,0.417,0.516,0.494,0.551,0.025,0.53,-0.63,0.631,-0.473,0.29,-0.49,0.193,0.307,-0.55,0.687,0.676,0.102,-0.416,0.435,0.539,0.118,0.514,0.492,-0.302,0.368,0.01,0.13,0.245,0.67,0.015,0.129,0.273,0.341,-0.539,-0.614,-0.125,-0.438,-0.344,0.408,-0.057,0.662
BCRX,-0.633,-0.469,0.67,-0.542,-0.58,-0.518,0.039,0.239,-0.182,0.336,-0.711,-0.626,-0.529,-0.518,-0.579,0.918,0.623,-0.378,0.292,0.052,-0.283,-0.657,-0.441,1.0,0.806,0.341,-0.237,0.245,-0.447,-0.567,0.139,-0.512,-0.522,-0.542,0.226,-0.468,-0.121,-0.115,0.662,-0.55,-0.383,-0.318,-0.222,-0.047,-0.599,0.527,-0.178,-0.551,0.727,0.446,-0.58,0.659,-0.398,0.046,0.302,-0.536,-0.075,0.23,-0.549,0.253,-0.571,-0.4,-0.488,0.898,-0.438,-0.437,-0.584,0.105,0.336,-0.62,0.294,-0.215,-0.515,0.331,0.458,-0.473,-0.555,0.167,-0.591,-0.562,-0.507,-0.605,0.299,-0.626,-0.631,-0.66,-0.64,0.047,-0.1,0.594,0.324,0.413,-0.511,0.276,-0.438,-0.61,0.618,-0.722,-0.39,-0.481,-0.68,-0.597,-0.644,-0.588,-0.608,-0.442,0.682,-0.224,-0.355,-0.648,-0.167,0.717,-0.651,-0.579,-0.659,0.236,-0.696,-0.181,-0.534,-0.052,0.477,-0.069,-0.529,-0.192,-0.342,-0.607,-0.658,-0.163,-0.664,0.113,-0.26,-0.644,-0.572,-0.145,-0.469,-0.165,0.025,0.463,-0.444,0.438,0.731,-0.656,-0.557,-0.167,0.636,0.505,-0.619,-0.452,0.443,0.673,-0.416,-0.611,0.744,-0.67,-0.429,0.582,-0.613,-0.218,-0.356,-0.646,-0.621,-0.327,-0.609,-0.21,-0.618,0.587,-0.633,0.05,-0.437,0.378,-0.399,-0.51,0.267,-0.623,-0.436,-0.29,0.08,-0.633,-0.131,-0.446,-0.583,-0.634,0.318,-0.512,0.163,-0.416,-0.475,-0.52,-0.18,-0.144,-0.448,-0.494,0.541,0.202,0.483,-0.065,0.94,-0.304,0.385,-0.619
BGC,-0.692,-0.385,0.731,-0.54,-0.487,-0.578,0.178,0.247,0.172,0.487,-0.692,-0.615,-0.409,-0.58,-0.565,0.844,0.54,-0.335,0.297,0.313,-0.356,-0.613,-0.453,0.806,1.0,0.311,-0.283,0.271,-0.314,-0.549,0.371,-0.633,-0.389,-0.609,0.205,-0.509,0.025,-0.094,0.802,-0.537,-0.334,-0.196,-0.164,-0.279,-0.533,0.636,-0.215,-0.542,0.867,0.645,-0.662,0.77,-0.392,0.193,0.452,-0.525,-0.093,0.284,-0.449,0.255,-0.368,-0.453,-0.436,0.859,-0.588,-0.265,-0.625,0.185,0.365,-0.409,0.505,-0.154,-0.524,0.356,0.436,-0.44,-0.437,0.066,-0.49,-0.461,-0.59,-0.638,0.364,-0.579,-0.65,-0.625,-0.621,0.207,-0.044,0.612,0.328,0.504,-0.49,0.386,-0.361,-0.483,0.681,-0.778,-0.502,-0.391,-0.761,-0.752,-0.531,-0.683,-0.577,-0.296,0.731,-0.261,-0.391,-0.75,-0.16,0.801,-0.675,-0.461,-0.697,0.218,-0.747,-0.104,-0.504,-0.072,0.701,0.08,-0.578,0.018,-0.246,-0.612,-0.588,-0.002,-0.594,0.197,-0.284,-0.55,-0.483,-0.048,-0.377,-0.093,-0.009,0.674,-0.31,0.5,0.834,-0.576,-0.525,-0.18,0.776,0.635,-0.648,-0.564,0.4,0.532,-0.632,-0.708,0.787,-0.637,-0.277,0.507,-0.574,-0.178,-0.247,-0.593,-0.578,-0.334,-0.578,-0.402,-0.517,0.697,-0.715,-0.025,-0.409,0.388,-0.523,-0.391,0.45,-0.661,-0.33,-0.494,0.283,-0.703,-0.156,-0.46,-0.432,-0.616,0.125,-0.522,0.355,-0.33,-0.559,-0.55,-0.151,0.068,-0.561,-0.467,0.6,0.181,0.711,0.049,0.786,-0.343,0.63,-0.658
BIDU,-0.471,-0.123,0.501,-0.323,-0.186,-0.505,0.047,0.585,-0.268,0.477,-0.575,-0.594,-0.366,-0.276,-0.404,0.393,0.004,-0.438,0.613,0.371,-0.553,-0.594,-0.451,0.341,0.311,1.0,0.556,0.101,-0.544,-0.609,0.123,-0.193,-0.453,-0.476,0.543,-0.637,-0.405,0.32,0.531,-0.478,-0.089,-0.385,0.169,0.248,-0.58,0.576,-0.24,-0.204,0.43,0.291,-0.466,0.411,-0.574,0.109,0.085,-0.503,-0.092,0.253,-0.637,0.473,-0.357,-0.443,-0.584,0.39,-0.441,-0.297,-0.5,0.575,0.409,-0.536,0.517,-0.526,-0.137,0.655,0.48,-0.64,-0.513,0.314,-0.641,-0.641,-0.276,-0.471,0.663,-0.362,-0.272,-0.536,-0.505,0.144,0.24,0.309,0.844,0.218,-0.301,0.767,-0.665,-0.457,0.523,-0.476,-0.311,-0.665,-0.38,-0.43,-0.534,-0.476,-0.592,0.008,0.438,0.105,-0.471,-0.419,0.39,0.407,-0.515,-0.652,-0.42,0.525,-0.537,0.294,-0.465,-0.129,0.375,-0.339,0.194,0.346,-0.424,-0.642,-0.396,-0.007,-0.499,-0.355,0.102,-0.537,-0.524,0.284,-0.558,0.306,0.101,0.439,-0.518,0.722,0.525,-0.514,-0.587,0.166,0.444,0.448,-0.509,-0.589,0.136,0.169,-0.333,-0.277,0.596,-0.627,-0.478,0.422,-0.513,0.189,-0.145,-0.533,-0.452,-0.07,-0.565,0.156,-0.376,0.662,-0.563,0.122,-0.529,0.645,0.179,-0.223,0.191,-0.329,-0.603,-0.191,0.454,-0.424,-0.064,-0.266,-0.648,-0.401,0.403,-0.213,0.005,-0.124,-0.218,-0.5,0.258,-0.119,-0.347,-0.517,0.489,0.238,0.283,0.367,0.347,0.009,0.3,-0.597
BILI,0.01,0.23,-0.201,0.228,0.383,0.136,0.238,0.274,-0.025,-0.054,0.109,0.094,0.194,0.067,0.155,-0.19,-0.188,-0.057,0.169,0.053,-0.126,0.134,0.064,-0.237,-0.283,0.556,1.0,-0.324,-0.096,-0.005,-0.327,0.431,0.07,0.083,0.325,-0.028,-0.287,0.291,-0.072,0.109,0.066,0.078,0.263,0.317,0.066,0.013,0.104,0.339,-0.176,-0.213,0.14,-0.222,0.075,0.029,-0.132,0.084,0.257,0.037,-0.025,-0.033,-0.009,0.07,0.057,-0.272,-0.035,-0.063,0.194,0.579,-0.015,-0.097,0.182,-0.146,0.323,0.309,0.125,-0.109,0.007,0.063,-0.166,-0.213,0.205,0.104,0.43,0.185,0.116,0.007,0.153,-0.269,0.009,-0.335,0.591,-0.32,-0.022,0.536,-0.214,-0.09,-0.002,0.119,0.043,-0.285,0.308,0.229,0.116,0.205,0.161,0.121,-0.162,0.267,-0.08,0.179,0.671,-0.185,0.186,-0.037,0.118,0.147,0.149,0.125,-0.018,0.094,-0.214,-0.127,0.831,0.346,-0.129,0.021,0.166,-0.031,0.174,-0.224,0.36,0.093,-0.028,0.172,-0.032,0.225,0.122,-0.111,-0.019,0.36,-0.104,0.034,0.09,0.139,-0.158,-0.258,0.117,-0.056,0.153,-0.247,0.259,0.387,-0.045,0.011,0.087,-0.265,-0.026,0.175,0.074,-0.005,0.196,0.36,0.027,0.45,0.212,0.067,0.144,-0.076,-0.213,0.243,0.598,0.018,-0.385,0.247,-0.14,0.206,0.196,0.069,0.221,0.113,-0.173,0.183,0.222,0.328,-0.257,0.136,0.315,0.225,0.318,-0.142,0.126,-0.085,0.073,-0.109,-0.024,0.289,-0.269,0.532,-0.088,0.131
BKR,-0.165,-0.445,0.367,-0.463,-0.411,-0.376,-0.518,-0.066,-0.082,0.425,-0.398,-0.492,-0.351,-0.288,-0.347,0.227,-0.167,-0.333,0.323,0.404,-0.359,-0.442,-0.465,0.245,0.271,0.101,-0.324,1.0,-0.221,-0.286,0.427,-0.411,-0.334,-0.563,0.071,-0.419,0.117,-0.042,0.341,-0.516,0.144,-0.591,-0.249,-0.304,-0.374,0.043,-0.384,-0.289,0.317,0.149,-0.45,0.363,-0.425,-0.085,-0.017,-0.369,-0.6,-0.192,-0.301,0.438,-0.022,-0.474,-0.487,0.248,-0.173,-0.002,-0.38,-0.236,0.218,-0.041,0.167,-0.138,-0.482,0.119,-0.261,-0.337,-0.195,-0.02,-0.193,-0.14,-0.362,-0.39,-0.066,-0.37,-0.149,-0.292,-0.079,0.651,0.332,0.244,-0.057,0.441,-0.06,0.123,-0.094,0.011,0.189,-0.116,-0.183,-0.078,-0.177,-0.335,-0.435,-0.249,-0.327,0.077,0.405,-0.21,-0.057,-0.208,-0.466,0.248,-0.375,-0.372,-0.176,-0.115,-0.304,0.117,0.167,-0.09,0.328,-0.045,-0.425,0.023,0.332,-0.428,-0.26,-0.14,-0.486,0.058,-0.148,-0.357,-0.198,0.271,-0.342,0.185,0.273,0.521,-0.148,0.205,0.374,-0.313,-0.365,0.166,0.183,0.548,-0.38,-0.202,0.015,0.013,-0.455,-0.232,0.373,-0.421,-0.396,0.347,-0.218,-0.229,-0.218,-0.197,-0.296,-0.485,-0.305,-0.257,-0.102,0.292,-0.433,0.241,-0.014,0.108,-0.334,0.004,0.449,-0.391,-0.292,-0.188,-0.054,-0.107,-0.392,-0.001,-0.072,-0.296,-0.214,-0.421,0.428,-0.109,-0.344,-0.5,-0.27,-0.003,-0.226,-0.16,0.222,0.547,0.07,0.067,0.126,-0.495,0.085,-0.507
BLDP,0.308,0.493,-0.446,0.434,0.203,0.448,0.157,-0.379,0.461,-0.476,0.456,0.528,0.438,0.135,0.295,-0.298,0.01,0.537,-0.409,-0.142,0.567,0.499,0.569,-0.447,-0.314,-0.544,-0.096,-0.221,1.0,0.73,-0.133,0.466,0.578,0.509,-0.332,0.63,0.587,-0.376,-0.488,0.557,-0.109,0.57,0.116,-0.336,0.468,-0.558,0.331,0.129,-0.383,-0.16,0.375,-0.351,0.624,0.162,0.15,0.648,0.184,-0.158,0.678,-0.522,0.563,0.428,0.68,-0.39,0.181,0.413,0.445,-0.252,-0.493,0.523,-0.495,0.665,0.334,-0.535,-0.37,0.649,0.753,-0.526,0.591,0.546,0.171,0.414,-0.545,0.626,0.265,0.439,0.608,-0.116,-0.279,-0.478,-0.474,-0.219,0.1,-0.44,0.688,0.244,-0.337,0.405,0.02,0.565,0.493,0.51,0.522,0.246,0.448,0.27,-0.424,0.06,0.357,0.276,-0.131,-0.322,0.482,0.661,0.43,-0.53,0.561,-0.141,0.608,0.336,-0.269,0.575,0.162,-0.091,0.428,0.548,0.557,-0.089,0.537,0.499,-0.117,0.677,0.533,-0.277,0.625,-0.341,0.023,-0.479,0.709,-0.578,-0.47,0.554,0.836,-0.28,-0.263,-0.393,0.376,0.535,-0.065,-0.175,0.353,0.304,-0.54,0.65,0.726,-0.497,0.355,-0.241,0.314,0.359,0.494,0.293,0.399,-0.037,0.606,-0.573,0.474,-0.311,0.269,-0.545,0.095,0.173,-0.263,0.556,0.76,0.098,-0.353,0.315,0.277,0.23,0.478,0.366,-0.512,0.31,0.062,-0.101,0.055,0.569,-0.27,0.341,0.15,0.398,-0.484,-0.453,-0.032,-0.342,-0.353,0.144,-0.08,0.583
BLNK,0.613,0.334,-0.632,0.441,0.421,0.553,0.104,-0.455,0.333,-0.426,0.663,0.835,0.49,0.353,0.496,-0.531,-0.254,0.412,-0.398,-0.298,0.429,0.657,0.595,-0.567,-0.549,-0.609,-0.005,-0.286,0.73,1.0,-0.221,0.59,0.569,0.551,-0.188,0.694,0.512,-0.172,-0.568,0.661,0.042,0.514,0.393,-0.099,0.609,-0.646,0.203,0.298,-0.547,-0.403,0.674,-0.53,0.652,0.007,-0.175,0.682,0.175,-0.269,0.618,-0.495,0.562,0.477,0.65,-0.612,0.583,0.451,0.617,-0.283,-0.453,0.522,-0.476,0.471,0.548,-0.599,-0.329,0.687,0.744,-0.382,0.567,0.537,0.558,0.648,-0.519,0.694,0.466,0.656,0.686,-0.211,-0.127,-0.414,-0.514,-0.329,0.418,-0.458,0.644,0.409,-0.458,0.589,0.413,0.592,0.71,0.667,0.756,0.51,0.551,0.231,-0.484,0.299,0.388,0.577,-0.101,-0.553,0.726,0.641,0.654,-0.471,0.74,-0.048,0.572,0.145,-0.435,0.414,0.303,-0.027,0.451,0.722,0.653,0.084,0.766,0.246,0.089,0.713,0.603,-0.092,0.611,-0.092,0.203,-0.529,0.539,-0.638,-0.625,0.652,0.759,-0.103,-0.481,-0.551,0.643,0.638,-0.029,-0.238,0.607,0.651,-0.655,0.664,0.556,-0.471,0.552,-0.013,0.307,0.568,0.601,0.254,0.6,0.326,0.661,-0.724,0.632,-0.061,0.509,-0.628,0.422,0.292,-0.263,0.637,0.568,0.594,-0.291,0.628,0.151,0.419,0.631,0.564,-0.321,0.679,-0.046,0.19,0.437,0.631,-0.036,0.271,0.604,0.564,-0.587,-0.315,-0.273,-0.178,-0.555,0.186,-0.318,0.788
