,AAL,AAPL,ABUS,ADBE,ADI,ADMA,AEP,AGNC,AKBA,ALT,AMAT,AMD,AMGN,AMZN,APA,APPS,ARCC,ARDX,ATER,ATOS,AUPH,AVGO,AZN,BCRX,BGC,BIDU,BILI,BKR,BLDP,BLNK,BYND,CAN,CELH,CG,CGC,CHRD,CLNE,CMCSA,COMM,COST,CPB,CPRT,CRON,CRWD,CSCO,CSGP,CSX,CTSH,CZR,DBX,DDOG,DKNG,DLTR,DOCU,DVAX,DXCM,EA,EBAY,ENPH,ERIC,ESPR,ETSY,EXC,EXEL,EXPE,FANG,FAST,FITB,FLEX,FOLD,FOXA,FSLR,FTNT,FUTU,GEN,GERN,GEVO,GILD,GOOG,GOOGL,GPRO,GT,HBAN,HIVE,HON,HST,HUT,IBRX,INTC,IOVA,IQ,IRWD,JBLU,JD,KDP,KHC,LBTYK,LRCX,LYFT,MAR,MARA,MAT,MCHP,MCRB,MDLZ,META,MGNI,MLCO,MNKD,MNST,MOMO,MRNA,MRVL,MSFT,MSTR,MTCH,MU,MVIS,NDAQ,NFLX,NKTR,NNDM,NTES,NTNX,NVAX,NVDA,NWL,NWSA,NXPI,OCGN,OKTA,ON,OPK,PAA,PACB,PAGP,PANW,PARA,PCAR,PDD,PENN,PEP,PLUG,PTEN,PTON,PYPL,QCOM,QUBT,QVCGA,RDFN,REAL,RIOT,ROKU,ROST,RUN,SABR,SAVA,SBUX,SFIX,SGMO,SIRI,SLM,SMCI,SNDL,SONO,STNE,STX,TCOM,TGTX,TIGR,TLRY,TMUS,TRIP,TSCO,TSLA,TTD,TXN,UAL,UNIT,VERU,VKTX,VLY,VOD,VTRS,VXRT,WBA,WBD,WDAY,WDC,WEN,WW,WYNN,XEL,XP,XRAY,XRX,Z,ZION,ZM,ZS
AAL,1.0,-0.469,0.575,-0.628,0.438,-0.048,-0.634,0.401,0.023,-0.56,-0.043,-0.345,-0.462,-0.567,0.614,0.695,0.482,-0.292,0.266,-0.382,0.571,0.148,0.51,-0.24,0.345,-0.559,-0.584,0.365,-0.471,-0.349,-0.307,-0.703,0.437,-0.449,-0.345,0.523,0.485,-0.584,-0.468,-0.296,-0.622,0.004,-0.387,-0.451,-0.56,-0.395,-0.405,0.157,0.732,-0.359,0.423,-0.649,-0.235,-0.532,0.516,0.212,-0.527,-0.329,-0.401,-0.3,0.233,0.098,-0.617,0.387,0.794,0.673,-0.231,0.616,-0.106,-0.478,0.712,-0.383,-0.305,-0.552,-0.381,0.044,0.386,0.022,-0.491,-0.475,0.209,0.657,0.304,-0.468,-0.449,0.62,-0.556,0.037,-0.109,0.561,-0.639,0.696,0.884,-0.583,-0.607,0.261,0.395,-0.085,0.659,0.716,-0.38,-0.528,0.29,0.527,-0.463,-0.631,0.04,-0.488,-0.161,-0.656,-0.511,-0.2,0.172,-0.486,-0.477,0.01,-0.009,-0.543,-0.28,-0.08,0.735,-0.198,-0.403,-0.466,-0.27,-0.454,-0.583,0.779,-0.087,-0.099,-0.516,0.249,0.278,0.421,-0.614,0.44,0.344,-0.052,-0.463,-0.696,-0.272,-0.622,0.559,0.58,-0.506,-0.594,-0.623,0.188,0.032,0.591,0.393,-0.505,-0.341,0.246,-0.314,0.821,0.681,-0.515,0.583,-0.107,-0.111,-0.124,0.32,-0.459,-0.439,-0.623,0.146,-0.11,0.654,-0.577,-0.313,-0.221,0.159,0.574,0.545,-0.023,0.462,0.846,-0.52,-0.214,-0.23,0.589,-0.42,-0.304,-0.213,-0.436,-0.43,-0.432,-0.254,-0.219,-0.643,-0.489,-0.573,-0.622,-0.575,-0.192,-0.385,0.631,-0.676,-0.197
AAPL,-0.469,1.0,-0.525,0.632,-0.38,0.255,0.836,0.081,0.463,0.612,0.151,0.702,0.696,0.812,-0.415,-0.513,-0.335,0.601,-0.375,0.694,-0.575,-0.058,-0.183,0.415,0.119,0.756,0.73,-0.327,0.692,0.773,0.519,0.638,-0.354,0.566,0.748,-0.498,-0.18,0.776,0.757,0.59,0.453,0.188,0.752,0.721,0.805,0.293,0.806,0.361,-0.376,0.74,-0.292,0.645,0.197,0.653,0.021,-0.115,0.623,0.669,0.803,0.66,0.034,0.064,0.588,-0.547,-0.598,-0.533,0.654,-0.412,0.453,0.653,-0.449,0.225,0.761,0.798,0.737,0.497,-0.155,-0.033,0.823,0.811,0.371,-0.52,0.156,0.688,0.836,-0.357,0.621,0.525,0.222,-0.123,0.711,-0.227,-0.444,0.761,0.6,-0.274,0.068,0.231,-0.588,-0.636,0.635,0.716,-0.116,-0.243,0.587,0.699,0.42,0.76,0.558,0.794,0.781,0.292,0.102,0.624,0.747,0.097,0.227,0.835,0.711,0.319,-0.553,0.673,0.709,0.543,0.676,0.773,0.8,-0.412,0.462,0.064,0.676,-0.322,-0.146,-0.139,0.733,-0.336,-0.384,0.648,0.621,0.747,0.857,0.757,0.035,-0.352,0.391,0.784,0.84,0.46,0.534,-0.107,-0.595,0.649,0.603,0.206,0.747,-0.436,-0.474,0.737,-0.008,0.598,0.545,0.567,0.116,0.654,0.776,0.668,0.545,0.709,-0.521,0.771,0.792,0.738,0.126,-0.481,-0.226,0.476,-0.39,-0.109,0.593,0.581,0.575,-0.047,0.839,0.803,0.769,0.806,0.75,0.607,0.572,0.634,0.745,0.751,0.837,0.723,0.749,0.597,0.587,-0.289,0.774,0.73
ABUS,0.575,-0.525,1.0,-0.478,0.731,-0.353,-0.635,0.048,-0.482,-0.291,0.379,-0.551,-0.707,-0.5,0.355,0.443,0.477,-0.592,0.633,-0.367,0.672,0.412,0.03,-0.2,-0.064,-0.46,-0.638,0.479,-0.623,-0.622,-0.45,-0.61,0.618,-0.334,-0.659,0.538,0.329,-0.68,-0.679,-0.272,-0.235,0.129,-0.637,-0.528,-0.616,0.136,-0.681,-0.147,0.406,-0.459,0.452,-0.54,-0.427,-0.662,-0.028,0.304,-0.556,-0.503,-0.637,-0.494,-0.159,0.178,-0.207,0.466,0.515,0.446,-0.5,0.384,-0.308,-0.501,0.37,0.112,-0.473,-0.574,-0.536,-0.371,0.461,0.078,-0.372,-0.367,-0.264,0.44,-0.007,-0.636,-0.589,0.45,-0.524,-0.45,0.227,0.136,-0.705,0.132,0.489,-0.548,-0.542,0.252,0.011,0.179,0.603,0.606,-0.6,-0.626,0.524,0.122,-0.433,-0.522,-0.138,-0.662,-0.189,-0.559,-0.672,0.171,0.378,-0.286,-0.64,0.292,0.161,-0.62,-0.415,-0.255,0.51,-0.511,-0.621,-0.336,-0.43,-0.377,-0.553,0.323,0.003,0.157,-0.567,0.705,0.145,0.29,-0.629,0.299,0.658,-0.498,-0.357,-0.54,-0.505,-0.463,0.089,0.396,0.06,-0.554,-0.574,-0.398,-0.463,0.086,0.655,-0.638,-0.578,-0.144,-0.415,0.702,0.249,-0.349,-0.044,-0.523,-0.63,-0.363,-0.068,-0.656,-0.485,-0.517,-0.321,-0.448,0.43,-0.269,-0.616,-0.602,0.141,0.798,0.291,-0.328,0.675,0.26,-0.559,-0.5,-0.481,0.034,-0.665,-0.661,-0.409,-0.626,-0.643,-0.384,-0.58,-0.459,-0.621,-0.635,-0.652,-0.616,-0.467,-0.6,-0.49,0.309,-0.461,-0.282
ADBE,-0.628,0.632,-0.478,1.0,-0.318,0.235,0.733,-0.193,0.051,0.746,0.336,0.549,0.578,0.773,-0.391,-0.615,-0.655,0.363,-0.262,0.458,-0.614,0.068,-0.356,0.49,-0.237,0.589,0.618,-0.419,0.579,0.57,0.49,0.72,-0.245,0.671,0.487,-0.603,-0.315,0.577,0.69,0.589,0.48,0.236,0.665,0.663,0.682,0.526,0.534,0.17,-0.56,0.541,-0.148,0.773,-0.05,0.55,-0.247,0.128,0.43,0.556,0.541,0.512,-0.114,0.311,0.691,-0.638,-0.604,-0.645,0.384,-0.623,0.245,0.658,-0.623,0.329,0.596,0.545,0.409,0.22,-0.232,0.152,0.78,0.767,0.034,-0.617,-0.33,0.464,0.618,-0.398,0.421,0.148,0.13,-0.272,0.677,-0.491,-0.569,0.548,0.676,-0.492,-0.425,0.332,-0.587,-0.644,0.454,0.793,-0.027,-0.395,0.701,0.867,0.277,0.51,0.319,0.859,0.695,0.438,0.156,0.822,0.521,-0.066,0.302,0.588,0.526,-0.135,-0.611,0.578,0.401,0.61,0.588,0.755,0.647,-0.563,0.39,0.273,0.654,-0.102,0.018,-0.439,0.777,-0.474,-0.277,0.153,0.468,0.677,0.415,0.782,-0.184,-0.621,0.626,0.739,0.67,0.057,0.151,-0.306,-0.422,0.499,0.493,-0.005,0.453,-0.674,-0.575,0.548,-0.241,0.335,0.241,0.332,-0.106,0.637,0.621,0.642,0.135,0.148,-0.737,0.671,0.551,0.422,0.077,-0.454,-0.506,0.378,-0.276,-0.507,0.648,0.263,0.39,-0.476,0.643,0.418,0.467,0.586,0.572,0.828,0.273,0.439,0.8,0.463,0.759,0.74,0.686,0.306,0.682,-0.608,0.631,0.543
ADI,0.438,-0.38,0.731,-0.318,1.0,-0.291,-0.368,0.227,-0.353,-0.094,0.593,-0.344,-0.466,-0.163,0.394,0.444,0.604,-0.516,0.622,-0.353,0.714,0.711,0.062,-0.012,-0.029,-0.266,-0.467,0.646,-0.379,-0.434,-0.315,-0.46,0.78,-0.044,-0.568,0.607,0.469,-0.558,-0.513,-0.024,0.093,0.382,-0.497,-0.329,-0.338,0.314,-0.41,0.138,0.522,-0.241,0.508,-0.454,-0.541,-0.553,-0.094,0.505,-0.519,-0.274,-0.419,-0.359,-0.225,0.408,0.112,0.522,0.593,0.54,-0.257,0.49,0.05,-0.344,0.352,0.267,-0.206,-0.465,-0.377,-0.217,0.434,0.324,-0.081,-0.089,-0.092,0.507,0.174,-0.523,-0.297,0.632,-0.381,-0.289,0.534,0.184,-0.543,0.094,0.409,-0.401,-0.358,0.355,0.177,0.397,0.635,0.666,-0.502,-0.413,0.83,0.165,-0.156,-0.366,0.163,-0.595,0.126,-0.273,-0.524,0.419,0.709,0.047,-0.402,0.479,0.28,-0.406,-0.175,-0.267,0.547,-0.332,-0.605,-0.1,-0.302,-0.126,-0.361,0.386,0.383,0.318,-0.419,0.782,0.222,0.488,-0.443,0.422,0.735,-0.356,-0.072,-0.347,-0.388,-0.174,0.086,0.548,-0.033,-0.261,-0.302,-0.216,-0.215,0.223,0.664,-0.535,-0.517,0.024,-0.275,0.478,0.098,-0.148,-0.057,-0.306,-0.452,-0.16,0.089,-0.561,-0.419,-0.434,-0.221,-0.502,0.475,-0.362,-0.527,-0.458,0.406,0.842,0.387,-0.138,0.863,0.118,-0.335,-0.353,-0.296,0.121,-0.469,-0.5,-0.301,-0.485,-0.521,-0.156,-0.418,-0.293,-0.427,-0.523,-0.411,-0.455,-0.219,-0.419,-0.354,0.379,-0.425,-0.18
ADMA,-0.048,0.255,-0.353,0.235,-0.291,1.0,0.179,0.38,0.335,0.168,0.05,0.421,0.438,0.202,-0.146,-0.014,-0.398,0.451,-0.272,0.302,-0.268,-0.046,0.191,0.468,-0.056,0.293,0.361,-0.49,0.624,0.453,0.515,0.267,-0.181,0.09,0.5,-0.435,-0.092,0.294,0.32,-0.013,-0.134,0.084,0.454,0.473,0.218,-0.113,0.29,0.176,-0.214,0.413,0.207,0.162,-0.19,0.521,0.075,0.046,-0.061,0.577,0.572,0.13,0.358,0.267,0.01,-0.349,-0.18,-0.269,0.468,-0.332,0.336,0.418,-0.116,-0.211,0.445,0.239,0.22,0.401,-0.314,0.219,0.247,0.247,0.53,-0.155,-0.249,0.326,0.361,-0.132,0.049,0.622,-0.284,0.289,0.33,0.095,-0.017,0.212,0.062,-0.311,0.005,0.251,-0.172,-0.225,0.488,0.423,-0.046,0.27,0.447,0.09,0.382,0.221,0.246,0.244,0.236,-0.003,-0.014,0.249,0.42,-0.439,0.183,0.452,0.066,-0.087,-0.138,0.5,0.301,0.118,0.418,0.277,0.176,0.003,0.25,0.182,0.447,-0.186,0.368,-0.366,0.396,-0.34,-0.35,0.339,-0.053,0.238,0.321,0.208,0.475,-0.304,-0.088,0.446,0.201,0.33,0.391,0.353,-0.275,0.465,0.45,0.484,0.393,-0.16,-0.022,0.045,0.214,0.559,0.374,0.339,0.363,0.386,0.572,0.47,0.512,0.13,-0.176,0.244,0.404,0.423,-0.132,-0.273,-0.288,0.657,-0.273,0.039,0.357,0.463,0.442,-0.034,0.331,0.259,0.247,0.252,0.422,0.374,0.518,0.288,0.222,0.128,0.201,0.436,0.096,0.511,0.558,-0.306,0.267,0.478
AEP,-0.634,0.836,-0.635,0.733,-0.368,0.179,1.0,-0.006,0.401,0.622,0.098,0.599,0.768,0.846,-0.52,-0.663,-0.447,0.554,-0.386,0.592,-0.629,-0.073,-0.275,0.464,0.055,0.703,0.739,-0.212,0.646,0.739,0.567,0.762,-0.371,0.675,0.656,-0.486,-0.27,0.74,0.831,0.665,0.619,0.195,0.718,0.631,0.901,0.406,0.854,0.347,-0.461,0.671,-0.387,0.743,0.236,0.594,-0.197,-0.158,0.734,0.607,0.796,0.641,0.026,0.027,0.731,-0.51,-0.604,-0.531,0.601,-0.396,0.315,0.643,-0.532,0.411,0.631,0.715,0.749,0.44,-0.155,-0.024,0.8,0.779,0.137,-0.561,0.122,0.608,0.867,-0.387,0.59,0.371,0.286,-0.291,0.774,-0.305,-0.56,0.676,0.794,-0.188,-0.098,0.209,-0.667,-0.629,0.515,0.711,-0.132,-0.393,0.713,0.825,0.295,0.729,0.536,0.897,0.868,0.284,0.065,0.64,0.764,0.093,0.174,0.762,0.668,0.127,-0.603,0.576,0.626,0.566,0.502,0.721,0.821,-0.484,0.419,0.065,0.609,-0.369,-0.148,-0.104,0.848,-0.294,-0.435,0.4,0.744,0.704,0.7,0.876,-0.228,-0.353,0.445,0.792,0.922,0.381,0.479,-0.233,-0.606,0.591,0.502,0.111,0.683,-0.662,-0.573,0.818,-0.185,0.571,0.539,0.568,0.066,0.663,0.677,0.64,0.386,0.484,-0.581,0.7,0.68,0.693,0.125,-0.586,-0.338,0.329,-0.415,-0.342,0.654,0.459,0.594,-0.13,0.774,0.783,0.677,0.744,0.734,0.592,0.549,0.551,0.868,0.739,0.965,0.715,0.778,0.622,0.59,-0.324,0.702,0.536
AGNC,0.401,0.081,0.048,-0.193,0.227,0.38,-0.006,1.0,0.434,-0.077,0.142,0.352,0.132,-0.024,0.404,0.44,0.38,0.273,0.005,0.151,0.25,0.249,0.544,0.364,0.543,0.039,0.019,0.24,0.216,0.237,0.269,-0.165,0.235,0.023,0.23,0.154,0.522,0.035,0.086,-0.028,-0.229,0.253,0.249,0.14,0.059,-0.252,0.272,0.546,0.411,0.262,0.228,-0.234,-0.179,0.075,0.412,0.071,-0.105,0.287,0.324,0.207,0.393,0.222,-0.179,0.223,0.34,0.391,0.564,0.348,0.431,0.101,0.439,-0.312,0.274,-0.022,-0.015,0.466,0.082,0.175,0.11,0.122,0.637,0.374,0.411,0.123,0.35,0.543,-0.131,0.54,0.174,0.431,-0.063,0.595,0.458,0.007,-0.082,0.064,0.486,0.379,0.378,0.268,0.203,0.122,0.386,0.363,0.218,-0.206,0.555,-0.05,0.502,0.034,0.063,-0.134,0.403,0.042,0.254,-0.087,0.38,0.224,0.274,0.052,0.46,0.323,0.136,-0.204,0.043,0.135,-0.016,0.616,0.474,0.107,-0.018,0.122,0.288,0.335,0.03,0.261,0.009,0.393,0.03,-0.087,0.182,0.06,0.619,0.404,-0.372,0.074,0.073,0.556,0.618,0.652,0.008,0.136,0.153,0.702,0.305,0.412,0.401,0.043,0.572,0.499,0.431,0.456,0.808,0.17,0.16,-0.049,0.546,0.141,0.423,-0.075,0.279,0.259,0.218,0.177,0.273,0.633,0.283,0.5,0.017,0.326,0.432,0.533,0.114,0.236,0.177,0.031,0.142,0.047,0.345,0.262,-0.078,-0.035,0.046,0.091,-0.087,0.419,0.087,0.415,-0.133,0.177
AKBA,0.023,0.463,-0.482,0.051,-0.353,0.335,0.401,0.434,1.0,0.015,-0.272,0.528,0.498,0.294,0.023,0.13,-0.059,0.719,-0.417,0.577,-0.37,-0.254,0.24,0.284,0.528,0.315,0.376,-0.087,0.443,0.626,0.514,0.188,-0.255,0.084,0.49,-0.191,0.243,0.482,0.488,0.295,-0.043,-0.091,0.538,0.396,0.407,-0.164,0.687,0.503,0.129,0.504,-0.313,0.079,0.268,0.469,0.42,-0.288,0.341,0.408,0.593,0.494,0.536,-0.022,-0.041,-0.066,-0.029,0.086,0.627,0.131,0.39,0.371,0.173,-0.302,0.472,0.473,0.482,0.797,0.005,-0.21,0.268,0.247,0.558,0.057,0.538,0.49,0.529,0.085,0.291,0.743,-0.057,0.34,0.423,0.489,0.067,0.421,0.231,0.069,0.417,-0.032,-0.23,-0.237,0.471,0.312,-0.16,0.285,0.268,0.184,0.426,0.504,0.487,0.314,0.448,-0.153,-0.113,-0.033,0.553,0.005,0.107,0.505,0.437,0.365,0.022,0.454,0.554,0.138,0.312,0.246,0.323,0.145,0.245,-0.093,0.396,-0.474,0.084,0.126,0.472,0.025,-0.412,0.626,0.216,0.256,0.567,0.218,0.451,0.147,-0.218,0.296,0.441,0.781,0.731,0.507,-0.4,0.478,0.545,0.484,0.631,-0.055,0.293,0.283,0.43,0.809,0.753,0.668,0.588,0.5,0.385,0.357,0.692,0.638,0.189,0.167,0.555,0.544,0.018,-0.413,0.162,0.446,-0.344,0.369,0.261,0.7,0.769,0.578,0.483,0.763,0.59,0.537,0.454,0.06,0.657,0.447,0.385,0.499,0.459,0.341,0.229,0.76,0.282,0.254,0.365,0.349
ALT,-0.56,0.612,-0.291,0.746,-0.094,0.168,0.622,-0.077,0.015,1.0,0.518,0.543,0.394,0.76,-0.307,-0.48,-0.422,0.257,-0.117,0.449,-0.436,0.202,-0.451,0.437,-0.248,0.573,0.647,-0.237,0.516,0.435,0.394,0.602,-0.153,0.53,0.388,-0.472,-0.175,0.46,0.516,0.557,0.515,0.287,0.481,0.563,0.605,0.52,0.48,0.269,-0.451,0.555,-0.139,0.617,-0.129,0.459,-0.338,0.03,0.368,0.449,0.447,0.491,-0.311,0.275,0.669,-0.507,-0.553,-0.583,0.328,-0.525,0.369,0.616,-0.616,0.383,0.568,0.519,0.438,0.108,-0.044,0.066,0.788,0.777,0.034,-0.507,-0.215,0.462,0.547,-0.26,0.462,0.09,0.339,-0.344,0.535,-0.496,-0.489,0.593,0.508,-0.309,-0.166,0.504,-0.495,-0.495,0.4,0.629,0.134,-0.473,0.542,0.67,0.326,0.399,0.449,0.727,0.507,0.51,0.305,0.752,0.429,0.125,0.371,0.596,0.529,-0.082,-0.56,0.454,0.453,0.631,0.631,0.741,0.609,-0.537,0.516,0.3,0.535,0.063,-0.14,-0.287,0.604,-0.388,-0.118,0.161,0.49,0.703,0.429,0.716,-0.234,-0.438,0.614,0.742,0.663,-0.021,0.141,-0.364,-0.324,0.438,0.393,0.07,0.362,-0.513,-0.56,0.619,-0.322,0.264,0.07,0.252,-0.154,0.474,0.557,0.64,0.155,0.122,-0.631,0.671,0.447,0.305,0.177,-0.278,-0.374,0.374,-0.142,-0.498,0.537,0.334,0.287,-0.448,0.516,0.314,0.438,0.496,0.373,0.667,0.309,0.43,0.659,0.394,0.603,0.657,0.621,0.187,0.467,-0.518,0.644,0.522
AMAT,-0.043,0.151,0.379,0.336,0.593,0.05,0.098,0.142,-0.272,0.518,1.0,0.268,-0.055,0.376,0.165,0.026,0.073,-0.117,0.287,0.076,0.164,0.734,-0.265,0.388,-0.16,0.188,0.126,0.249,0.138,0.028,0.111,0.065,0.496,0.437,-0.081,0.087,0.296,-0.059,0.028,0.33,0.362,0.65,-0.003,0.229,0.157,0.526,0.023,0.303,0.018,0.245,0.331,0.11,-0.514,-0.008,-0.33,0.412,-0.134,0.283,0.054,0.099,-0.297,0.694,0.519,0.015,-0.009,-0.051,0.073,-0.039,0.409,0.264,-0.161,0.416,0.303,-0.02,-0.068,-0.012,0.221,0.25,0.532,0.529,0.08,0.037,-0.051,-0.042,0.156,0.252,-0.003,-0.056,0.636,-0.019,-0.074,-0.281,0.039,0.14,0.08,-0.113,0.008,0.833,0.127,0.135,-0.012,0.189,0.809,-0.128,0.304,0.19,0.45,-0.186,0.404,0.306,-0.076,0.583,0.815,0.631,0.034,0.379,0.725,0.185,0.188,-0.314,-0.028,0.156,-0.081,0.359,0.232,0.449,0.14,-0.05,0.707,0.552,0.092,0.787,0.18,0.127,0.085,0.059,0.488,-0.055,0.25,0.22,0.029,0.322,0.088,0.021,0.397,0.358,0.203,-0.173,-0.03,0.0,0.343,-0.042,-0.046,0.113,0.107,0.067,-0.331,0.239,-0.243,-0.014,-0.212,0.169,0.016,-0.038,0.168,0.148,0.061,-0.305,-0.122,0.269,-0.002,-0.075,0.461,0.424,-0.018,0.317,0.594,-0.228,0.158,-0.015,0.057,-0.241,0.04,-0.174,0.051,0.01,-0.01,0.425,-0.012,0.145,0.114,-0.158,0.064,0.169,0.324,-0.091,0.159,-0.117,0.164,0.337
AMD,-0.345,0.702,-0.551,0.549,-0.344,0.421,0.599,0.352,0.528,0.543,0.268,1.0,0.555,0.684,0.029,-0.182,-0.23,0.65,-0.514,0.561,-0.551,0.07,0.027,0.496,0.333,0.535,0.699,-0.225,0.667,0.701,0.567,0.521,-0.256,0.481,0.684,-0.396,0.167,0.595,0.702,0.508,0.194,0.293,0.726,0.675,0.641,0.047,0.737,0.579,-0.21,0.679,-0.203,0.406,0.125,0.64,0.117,-0.098,0.524,0.657,0.712,0.787,0.045,0.254,0.318,-0.367,-0.398,-0.306,0.668,-0.222,0.652,0.607,-0.212,-0.056,0.768,0.603,0.477,0.482,-0.14,-0.081,0.713,0.723,0.531,-0.224,0.196,0.671,0.705,-0.064,0.475,0.557,0.196,-0.01,0.588,-0.021,-0.234,0.603,0.45,-0.308,0.271,0.393,-0.475,-0.434,0.63,0.726,0.035,-0.141,0.501,0.512,0.61,0.565,0.6,0.666,0.591,0.08,0.247,0.6,0.632,-0.074,0.478,0.769,0.763,0.245,-0.356,0.697,0.741,0.45,0.657,0.726,0.569,-0.139,0.551,0.114,0.587,-0.161,-0.075,-0.031,0.633,-0.092,-0.323,0.624,0.424,0.608,0.609,0.571,0.28,-0.163,0.125,0.737,0.666,0.495,0.604,0.126,-0.465,0.629,0.658,0.364,0.651,-0.294,-0.181,0.508,0.177,0.633,0.583,0.569,0.307,0.744,0.6,0.572,0.622,0.503,-0.306,0.531,0.766,0.611,0.184,-0.463,-0.069,0.749,-0.229,-0.021,0.453,0.646,0.592,0.095,0.687,0.663,0.599,0.657,0.6,0.524,0.694,0.66,0.554,0.521,0.652,0.727,0.605,0.606,0.528,-0.153,0.554,0.621
AMGN,-0.462,0.696,-0.707,0.578,-0.466,0.438,0.768,0.132,0.498,0.394,-0.055,0.555,1.0,0.628,-0.416,-0.5,-0.39,0.636,-0.57,0.508,-0.611,-0.152,-0.025,0.55,0.098,0.564,0.659,-0.305,0.693,0.732,0.587,0.617,-0.363,0.606,0.652,-0.504,-0.285,0.684,0.791,0.37,0.453,0.232,0.655,0.677,0.777,0.134,0.818,0.205,-0.369,0.605,-0.311,0.515,0.258,0.697,-0.116,-0.117,0.55,0.725,0.868,0.458,0.399,0.08,0.482,-0.342,-0.512,-0.394,0.756,-0.342,0.359,0.59,-0.308,0.112,0.579,0.557,0.583,0.535,-0.363,0.258,0.616,0.589,0.359,-0.396,0.06,0.599,0.815,-0.325,0.378,0.656,0.004,0.059,0.65,-0.084,-0.418,0.56,0.733,-0.274,-0.056,0.184,-0.61,-0.547,0.64,0.743,-0.201,0.016,0.752,0.597,0.32,0.583,0.377,0.745,0.683,0.056,-0.044,0.555,0.86,-0.205,0.057,0.697,0.486,0.074,-0.488,0.524,0.653,0.331,0.475,0.529,0.67,-0.326,0.284,0.074,0.628,-0.417,0.233,-0.195,0.795,-0.339,-0.526,0.522,0.552,0.558,0.621,0.735,0.027,-0.339,0.202,0.605,0.737,0.404,0.588,0.05,-0.544,0.683,0.483,0.269,0.633,-0.535,-0.396,0.48,-0.09,0.627,0.797,0.612,0.276,0.622,0.764,0.543,0.56,0.403,-0.412,0.524,0.624,0.744,-0.074,-0.587,-0.361,0.484,-0.427,-0.209,0.731,0.483,0.704,0.024,0.688,0.824,0.548,0.74,0.768,0.546,0.634,0.505,0.775,0.52,0.801,0.583,0.595,0.806,0.648,-0.269,0.538,0.584
AMZN,-0.567,0.812,-0.5,0.773,-0.163,0.202,0.846,-0.024,0.294,0.76,0.376,0.684,0.628,1.0,-0.343,-0.504,-0.411,0.461,-0.336,0.57,-0.579,0.185,-0.341,0.471,-0.016,0.784,0.747,-0.218,0.666,0.643,0.488,0.672,-0.16,0.748,0.605,-0.376,-0.113,0.592,0.706,0.739,0.629,0.368,0.65,0.715,0.811,0.533,0.734,0.44,-0.344,0.718,-0.197,0.711,0.027,0.595,-0.224,0.095,0.547,0.653,0.69,0.647,-0.179,0.301,0.743,-0.474,-0.538,-0.494,0.528,-0.366,0.431,0.623,-0.539,0.428,0.673,0.719,0.671,0.373,-0.053,0.043,0.887,0.887,0.185,-0.447,0.046,0.598,0.754,-0.271,0.611,0.34,0.384,-0.235,0.733,-0.406,-0.473,0.727,0.675,-0.18,-0.047,0.421,-0.564,-0.547,0.526,0.713,0.097,-0.343,0.67,0.778,0.407,0.594,0.501,0.868,0.741,0.477,0.291,0.799,0.649,0.223,0.352,0.733,0.678,0.15,-0.566,0.642,0.536,0.708,0.686,0.844,0.748,-0.496,0.59,0.165,0.67,-0.134,-0.07,-0.136,0.757,-0.289,-0.284,0.419,0.671,0.815,0.646,0.841,-0.168,-0.357,0.488,0.876,0.837,0.291,0.39,-0.193,-0.449,0.577,0.53,0.133,0.598,-0.579,-0.588,0.746,-0.214,0.469,0.345,0.494,-0.01,0.609,0.649,0.672,0.351,0.368,-0.54,0.696,0.651,0.561,0.329,-0.395,-0.22,0.415,-0.222,-0.366,0.607,0.474,0.522,-0.235,0.694,0.605,0.652,0.695,0.607,0.689,0.512,0.61,0.765,0.591,0.819,0.713,0.787,0.452,0.553,-0.377,0.679,0.591
APA,0.614,-0.415,0.355,-0.391,0.394,-0.146,-0.52,0.404,0.023,-0.307,0.165,0.029,-0.416,-0.343,1.0,0.648,0.548,-0.274,0.123,-0.365,0.42,0.316,0.299,-0.249,0.505,-0.501,-0.435,0.6,-0.402,-0.386,-0.384,-0.555,0.384,-0.199,-0.307,0.598,0.795,-0.452,-0.272,-0.101,-0.329,0.186,-0.262,-0.405,-0.387,-0.413,-0.237,0.422,0.72,-0.337,0.118,-0.538,-0.142,-0.487,0.414,0.011,-0.261,-0.305,-0.421,0.081,-0.05,0.144,-0.457,0.497,0.731,0.741,-0.129,0.717,0.263,-0.409,0.676,-0.298,-0.223,-0.48,-0.446,-0.048,0.244,-0.083,-0.299,-0.278,0.147,0.775,0.476,-0.304,-0.327,0.772,-0.37,-0.102,0.237,0.284,-0.469,0.57,0.632,-0.393,-0.352,0.275,0.598,0.135,0.515,0.672,-0.308,-0.283,0.412,0.288,-0.457,-0.37,0.194,-0.447,-0.01,-0.427,-0.45,-0.328,0.324,-0.258,-0.387,0.183,0.268,-0.405,-0.013,0.026,0.67,-0.102,-0.235,-0.333,-0.212,-0.241,-0.455,0.694,0.072,0.01,-0.507,0.398,-0.013,0.63,-0.516,0.754,0.424,0.074,-0.275,-0.47,-0.331,-0.496,0.441,0.701,-0.471,-0.349,-0.456,0.124,0.103,0.476,0.366,-0.417,-0.336,0.169,-0.293,0.708,0.639,-0.422,0.498,-0.193,-0.028,-0.045,0.272,-0.181,-0.513,-0.559,0.032,-0.208,0.595,-0.532,-0.21,-0.305,0.439,0.417,0.672,0.071,0.607,0.583,-0.514,-0.141,-0.17,0.581,-0.339,-0.242,-0.362,-0.32,-0.373,-0.35,-0.129,0.001,-0.461,-0.408,-0.463,-0.41,-0.312,-0.166,-0.463,0.686,-0.636,-0.337
APPS,0.695,-0.513,0.443,-0.615,0.444,-0.014,-0.663,0.44,0.13,-0.48,0.026,-0.182,-0.5,-0.504,0.648,1.0,0.581,-0.037,0.178,-0.287,0.533,0.387,0.466,-0.276,0.321,-0.438,-0.529,0.351,-0.376,-0.381,-0.179,-0.633,0.528,-0.455,-0.418,0.508,0.512,-0.557,-0.559,-0.311,-0.499,0.023,-0.395,-0.317,-0.56,-0.308,-0.388,0.158,0.701,-0.183,0.404,-0.697,-0.279,-0.233,0.498,0.218,-0.609,-0.294,-0.42,-0.33,0.157,0.254,-0.58,0.604,0.721,0.689,-0.164,0.563,0.113,-0.414,0.637,-0.518,-0.231,-0.444,-0.473,0.074,0.21,0.01,-0.422,-0.419,0.227,0.666,0.284,-0.216,-0.461,0.637,-0.285,0.073,-0.064,0.574,-0.59,0.638,0.647,-0.47,-0.603,0.277,0.435,0.016,0.7,0.603,-0.215,-0.543,0.408,0.561,-0.419,-0.663,0.297,-0.527,-0.038,-0.592,-0.561,-0.125,0.279,-0.432,-0.388,0.108,0.065,-0.382,-0.209,0.029,0.75,-0.185,-0.438,-0.26,-0.255,-0.325,-0.572,0.718,0.083,-0.071,-0.34,0.324,0.257,0.393,-0.575,0.456,0.346,-0.081,-0.488,-0.531,-0.393,-0.622,0.526,0.511,-0.583,-0.456,-0.561,0.154,-0.005,0.64,0.405,-0.316,-0.126,0.267,-0.289,0.687,0.806,-0.531,0.526,-0.03,-0.12,-0.074,0.458,-0.471,-0.502,-0.464,0.072,-0.211,0.837,-0.591,-0.344,-0.369,0.126,0.498,0.516,0.075,0.498,0.549,-0.439,-0.007,-0.101,0.531,-0.527,-0.351,-0.311,-0.503,-0.524,-0.354,-0.221,-0.219,-0.618,-0.514,-0.625,-0.487,-0.54,-0.155,-0.477,0.58,-0.482,-0.193
ARCC,0.482,-0.335,0.477,-0.655,0.604,-0.398,-0.447,0.38,-0.059,-0.422,0.073,-0.23,-0.39,-0.411,0.548,0.581,1.0,-0.322,0.276,-0.35,0.607,0.368,0.309,-0.319,0.437,-0.387,-0.519,0.717,-0.467,-0.403,-0.481,-0.602,0.495,-0.238,-0.396,0.671,0.53,-0.467,-0.486,-0.291,-0.07,0.151,-0.438,-0.442,-0.428,-0.277,-0.26,0.074,0.68,-0.349,0.225,-0.678,0.005,-0.475,0.271,0.114,-0.308,-0.391,-0.402,-0.271,0.001,-0.045,-0.306,0.776,0.601,0.73,-0.14,0.721,0.151,-0.542,0.642,-0.043,-0.283,-0.375,-0.329,-0.121,0.287,0.112,-0.351,-0.353,0.101,0.618,0.548,-0.317,-0.296,0.628,-0.296,-0.17,0.376,0.238,-0.56,0.373,0.398,-0.419,-0.335,0.499,0.541,-0.014,0.54,0.63,-0.384,-0.493,0.388,0.27,-0.452,-0.552,0.064,-0.531,0.019,-0.494,-0.534,-0.154,0.346,-0.341,-0.294,0.295,-0.007,-0.359,-0.057,0.199,0.589,-0.344,-0.316,-0.389,-0.499,-0.295,-0.378,0.566,0.029,-0.112,-0.524,0.38,-0.007,0.716,-0.589,0.642,0.515,0.031,-0.104,-0.481,-0.303,-0.426,0.171,0.762,-0.444,-0.442,-0.405,0.011,0.054,0.273,0.456,-0.426,-0.461,0.01,-0.275,0.604,0.406,-0.34,0.167,-0.302,-0.081,-0.15,0.241,-0.441,-0.535,-0.62,-0.054,-0.1,0.711,-0.501,-0.381,-0.351,0.219,0.609,0.662,-0.146,0.6,0.398,-0.49,-0.201,-0.242,0.522,-0.424,-0.217,-0.3,-0.369,-0.449,-0.52,-0.244,-0.304,-0.553,-0.434,-0.47,-0.513,-0.356,-0.228,-0.6,0.725,-0.533,-0.324
ARDX,-0.292,0.601,-0.592,0.363,-0.516,0.451,0.554,0.273,0.719,0.257,-0.117,0.65,0.636,0.461,-0.274,-0.037,-0.322,1.0,-0.512,0.675,-0.613,-0.104,0.086,0.412,0.275,0.545,0.59,-0.39,0.652,0.686,0.695,0.486,-0.331,0.317,0.669,-0.502,-0.118,0.648,0.612,0.331,0.097,0.081,0.675,0.65,0.584,0.043,0.718,0.333,-0.278,0.778,-0.255,0.35,0.182,0.846,0.2,-0.215,0.388,0.635,0.732,0.53,0.367,0.091,0.178,-0.266,-0.438,-0.353,0.678,-0.296,0.423,0.557,-0.241,-0.215,0.625,0.629,0.554,0.719,-0.162,-0.094,0.468,0.437,0.511,-0.325,0.169,0.784,0.679,-0.237,0.576,0.734,-0.112,0.17,0.586,0.134,-0.258,0.583,0.412,-0.259,0.068,0.18,-0.436,-0.54,0.757,0.515,-0.196,0.078,0.514,0.368,0.506,0.616,0.486,0.541,0.602,0.035,-0.042,0.272,0.742,-0.19,0.189,0.719,0.495,0.198,-0.366,0.619,0.639,0.368,0.512,0.538,0.528,-0.158,0.352,0.021,0.623,-0.458,0.159,-0.187,0.623,-0.289,-0.526,0.558,0.36,0.503,0.607,0.448,0.22,-0.296,0.073,0.541,0.611,0.563,0.591,0.191,-0.497,0.767,0.735,0.39,0.676,-0.363,0.074,0.429,0.191,0.777,0.678,0.666,0.457,0.576,0.609,0.586,0.661,0.583,-0.136,0.5,0.667,0.667,-0.084,-0.576,-0.27,0.579,-0.498,-0.001,0.47,0.725,0.773,0.153,0.601,0.716,0.671,0.589,0.616,0.398,0.668,0.527,0.538,0.579,0.606,0.557,0.434,0.771,0.457,-0.147,0.63,0.546
ATER,0.266,-0.375,0.633,-0.262,0.622,-0.272,-0.386,0.005,-0.417,-0.117,0.287,-0.514,-0.57,-0.336,0.123,0.178,0.276,-0.512,1.0,-0.22,0.633,0.256,-0.112,-0.048,-0.285,-0.26,-0.435,0.26,-0.347,-0.404,-0.271,-0.354,0.316,-0.222,-0.474,0.274,0.202,-0.34,-0.486,-0.184,-0.072,-0.109,-0.398,-0.406,-0.45,0.274,-0.562,-0.186,0.12,-0.309,0.359,-0.272,-0.47,-0.536,-0.068,0.219,-0.46,-0.431,-0.484,-0.382,-0.305,0.025,0.018,0.216,0.319,0.175,-0.462,0.097,-0.268,-0.314,0.116,0.269,-0.26,-0.351,-0.322,-0.341,0.284,0.162,-0.263,-0.287,-0.232,0.134,-0.114,-0.496,-0.373,0.266,-0.289,-0.414,0.268,-0.074,-0.44,-0.067,0.14,-0.354,-0.452,0.222,-0.123,0.082,0.49,0.377,-0.507,-0.413,0.38,-0.015,-0.222,-0.282,-0.185,-0.392,-0.052,-0.339,-0.414,0.259,0.275,-0.175,-0.491,0.254,0.115,-0.409,-0.38,-0.281,0.354,-0.338,-0.549,-0.212,-0.311,-0.172,-0.392,0.132,0.066,0.481,-0.444,0.452,-0.042,0.084,-0.419,0.043,0.585,-0.463,-0.196,-0.299,-0.376,-0.244,-0.069,0.273,0.159,-0.342,-0.366,-0.413,-0.421,-0.027,0.458,-0.509,-0.431,-0.153,-0.238,0.276,0.078,-0.116,-0.054,-0.367,-0.604,-0.277,-0.06,-0.429,-0.373,-0.293,-0.445,-0.319,0.132,-0.206,-0.48,-0.427,0.118,0.646,0.054,-0.255,0.469,0.008,-0.365,-0.406,-0.395,-0.162,-0.27,-0.575,-0.244,-0.486,-0.473,-0.166,-0.532,-0.443,-0.382,-0.338,-0.428,-0.338,-0.318,-0.605,-0.213,0.083,-0.264,-0.308
ATOS,-0.382,0.694,-0.367,0.458,-0.353,0.302,0.592,0.151,0.577,0.449,0.076,0.561,0.508,0.57,-0.365,-0.287,-0.35,0.675,-0.22,1.0,-0.591,-0.078,-0.186,0.446,0.148,0.7,0.605,-0.35,0.603,0.749,0.565,0.518,-0.314,0.44,0.588,-0.558,-0.126,0.664,0.591,0.452,0.288,0.086,0.657,0.663,0.613,0.331,0.67,0.338,-0.411,0.683,-0.336,0.47,0.091,0.641,0.089,-0.155,0.452,0.575,0.643,0.546,0.157,0.07,0.409,-0.371,-0.523,-0.476,0.647,-0.435,0.332,0.574,-0.368,0.057,0.667,0.808,0.64,0.601,-0.006,-0.049,0.583,0.583,0.455,-0.417,0.134,0.644,0.682,-0.299,0.499,0.54,0.104,-0.019,0.671,-0.078,-0.354,0.656,0.4,-0.271,-0.062,0.242,-0.519,-0.614,0.661,0.532,-0.088,-0.104,0.501,0.537,0.433,0.632,0.508,0.616,0.612,0.184,0.027,0.361,0.658,-0.0,0.313,0.767,0.497,0.244,-0.479,0.613,0.584,0.488,0.525,0.616,0.573,-0.386,0.428,0.215,0.717,-0.334,-0.001,-0.252,0.683,-0.397,-0.354,0.482,0.493,0.648,0.683,0.536,0.072,-0.312,0.425,0.575,0.675,0.432,0.524,-0.031,-0.468,0.734,0.735,0.278,0.763,-0.389,-0.213,0.603,0.015,0.613,0.45,0.651,0.274,0.644,0.661,0.76,0.501,0.61,-0.397,0.726,0.707,0.618,0.07,-0.419,-0.38,0.482,-0.431,-0.086,0.367,0.736,0.711,-0.03,0.668,0.63,0.777,0.69,0.564,0.378,0.617,0.523,0.568,0.599,0.616,0.695,0.538,0.584,0.47,-0.299,0.81,0.513
AUPH,0.571,-0.575,0.672,-0.614,0.714,-0.268,-0.629,0.25,-0.37,-0.436,0.164,-0.551,-0.611,-0.579,0.42,0.533,0.607,-0.613,0.633,-0.591,1.0,0.349,0.308,-0.309,-0.029,-0.572,-0.653,0.513,-0.56,-0.552,-0.429,-0.666,0.575,-0.407,-0.658,0.703,0.389,-0.605,-0.744,-0.408,-0.326,-0.02,-0.653,-0.539,-0.591,-0.174,-0.609,-0.123,0.577,-0.539,0.538,-0.585,-0.356,-0.688,0.161,0.287,-0.574,-0.458,-0.54,-0.573,-0.029,0.108,-0.327,0.515,0.689,0.648,-0.436,0.531,-0.216,-0.569,0.529,-0.093,-0.39,-0.662,-0.604,-0.301,0.168,0.239,-0.503,-0.5,-0.146,0.59,0.126,-0.7,-0.553,0.516,-0.534,-0.274,0.133,0.283,-0.78,0.299,0.52,-0.592,-0.605,0.39,0.238,0.003,0.848,0.747,-0.65,-0.642,0.478,0.387,-0.43,-0.657,-0.063,-0.572,-0.148,-0.63,-0.654,0.024,0.306,-0.358,-0.613,0.214,-0.054,-0.617,-0.438,-0.155,0.764,-0.527,-0.668,-0.506,-0.514,-0.502,-0.658,0.613,-0.077,0.108,-0.669,0.561,0.128,0.425,-0.679,0.442,0.607,-0.405,-0.416,-0.601,-0.486,-0.505,0.21,0.575,-0.412,-0.588,-0.592,-0.171,-0.324,0.323,0.581,-0.719,-0.645,-0.015,-0.461,0.64,0.355,-0.39,0.228,-0.385,-0.446,-0.389,0.119,-0.736,-0.612,-0.696,-0.348,-0.411,0.634,-0.653,-0.66,-0.507,0.057,0.785,0.468,-0.213,0.71,0.315,-0.499,-0.513,-0.504,0.244,-0.585,-0.616,-0.533,-0.646,-0.605,-0.392,-0.587,-0.537,-0.695,-0.537,-0.668,-0.679,-0.558,-0.51,-0.466,0.447,-0.64,-0.373
AVGO,0.148,-0.058,0.412,0.068,0.711,-0.046,-0.073,0.249,-0.254,0.202,0.734,0.07,-0.152,0.185,0.316,0.387,0.368,-0.104,0.256,-0.078,0.349,1.0,-0.014,0.134,0.012,0.078,-0.161,0.451,-0.052,-0.141,-0.042,-0.087,0.657,0.338,-0.221,0.359,0.358,-0.264,-0.149,0.18,0.302,0.653,-0.135,0.043,0.053,0.356,-0.089,0.309,0.303,0.1,0.371,-0.134,-0.512,-0.063,-0.114,0.457,-0.279,0.17,-0.085,-0.098,-0.253,0.603,0.331,0.345,0.278,0.264,0.048,0.23,0.398,-0.032,0.077,0.262,0.099,-0.173,-0.205,-0.018,0.186,0.385,0.301,0.31,0.126,0.328,0.109,-0.075,0.014,0.458,-0.008,-0.061,0.623,0.211,-0.243,-0.034,0.164,-0.127,-0.032,0.041,0.098,0.607,0.362,0.382,-0.066,-0.06,0.862,0.1,0.132,-0.017,0.536,-0.317,0.322,0.079,-0.181,0.439,0.839,0.434,-0.051,0.367,0.516,0.037,0.103,-0.259,0.253,0.086,-0.35,0.249,-0.02,0.295,-0.006,0.223,0.647,0.333,-0.036,0.732,0.27,0.374,-0.159,0.324,0.518,-0.083,0.211,-0.026,-0.157,0.09,0.116,0.228,0.088,0.123,0.044,-0.083,-0.004,0.185,0.422,-0.116,-0.109,0.104,-0.018,0.222,-0.018,0.082,-0.027,-0.098,-0.203,0.084,0.232,-0.228,-0.126,-0.101,-0.005,-0.374,0.236,-0.014,-0.116,-0.149,0.507,0.524,0.142,0.161,0.749,-0.064,-0.057,-0.066,-0.014,0.004,-0.188,-0.245,-0.099,-0.194,-0.136,0.246,-0.116,-0.005,-0.125,-0.283,-0.117,-0.069,0.166,-0.095,-0.12,0.166,-0.081,0.125
AZN,0.51,-0.183,0.03,-0.356,0.062,0.191,-0.275,0.544,0.24,-0.451,-0.265,0.027,-0.025,-0.341,0.299,0.466,0.309,0.086,-0.112,-0.186,0.308,-0.014,1.0,-0.067,0.416,-0.265,-0.251,-0.001,-0.037,-0.021,0.051,-0.282,0.209,-0.311,0.001,0.174,0.16,-0.129,-0.17,-0.199,-0.579,-0.092,0.014,-0.141,-0.253,-0.545,-0.043,0.123,0.374,-0.126,0.243,-0.489,0.059,-0.078,0.501,0.218,-0.225,0.033,0.037,-0.093,0.375,-0.005,-0.517,0.232,0.46,0.448,0.178,0.356,0.047,-0.146,0.535,-0.617,0.041,-0.275,-0.301,0.182,-0.228,0.264,-0.293,-0.235,0.335,0.382,0.157,-0.163,-0.028,0.318,-0.385,0.342,-0.277,0.523,-0.271,0.654,0.433,-0.35,-0.301,0.024,0.292,-0.212,0.372,0.336,-0.059,-0.131,0.033,0.534,-0.016,-0.45,0.205,-0.128,-0.033,-0.308,-0.13,-0.297,0.06,-0.214,-0.116,-0.365,-0.076,-0.116,0.042,0.118,0.476,0.021,-0.077,-0.436,-0.127,-0.188,-0.403,0.603,-0.07,-0.187,-0.177,-0.02,0.296,0.17,-0.215,0.204,-0.038,0.138,-0.371,-0.396,-0.185,-0.259,0.532,0.256,-0.655,-0.293,-0.255,0.388,0.179,0.629,-0.055,-0.127,-0.01,0.28,-0.081,0.428,0.536,-0.316,0.627,0.214,0.242,-0.037,0.505,-0.106,-0.132,-0.337,0.223,0.073,0.476,-0.406,0.029,0.09,-0.073,0.099,0.281,0.27,0.189,0.579,-0.121,-0.008,0.015,0.528,-0.13,-0.009,-0.044,-0.189,-0.096,-0.131,-0.031,-0.049,-0.401,-0.155,-0.153,-0.211,-0.453,0.115,0.074,0.353,-0.392,-0.033
BCRX,-0.24,0.415,-0.2,0.49,-0.012,0.468,0.464,0.364,0.284,0.437,0.388,0.496,0.55,0.471,-0.249,-0.276,-0.319,0.412,-0.048,0.446,-0.309,0.134,-0.067,1.0,0.006,0.445,0.448,-0.206,0.659,0.549,0.615,0.492,-0.063,0.465,0.438,-0.459,0.051,0.403,0.54,0.28,0.209,0.317,0.526,0.532,0.464,0.405,0.455,0.277,-0.328,0.54,0.03,0.308,-0.224,0.423,-0.253,0.133,0.163,0.59,0.65,0.355,0.299,0.394,0.484,-0.244,-0.349,-0.325,0.559,-0.316,0.332,0.625,-0.265,0.254,0.492,0.285,0.275,0.371,0.006,0.297,0.589,0.558,0.376,-0.272,-0.141,0.347,0.618,-0.014,0.161,0.467,0.174,0.089,0.419,-0.104,-0.182,0.403,0.419,-0.313,-0.155,0.55,-0.311,-0.292,0.449,0.612,0.239,-0.078,0.733,0.373,0.427,0.273,0.589,0.628,0.394,0.31,0.351,0.616,0.582,-0.194,0.446,0.526,0.334,-0.307,-0.279,0.42,0.367,0.16,0.395,0.519,0.452,-0.203,0.568,0.527,0.466,0.079,0.414,-0.28,0.643,-0.378,-0.083,0.203,0.345,0.427,0.334,0.608,0.25,-0.237,0.413,0.479,0.532,0.109,0.404,0.141,-0.073,0.487,0.398,0.423,0.608,-0.286,-0.335,0.433,-0.13,0.546,0.393,0.557,0.369,0.526,0.666,0.538,0.423,0.073,-0.336,0.522,0.439,0.403,0.064,-0.145,-0.347,0.57,-0.036,-0.227,0.564,0.326,0.644,-0.178,0.453,0.387,0.484,0.36,0.484,0.545,0.427,0.379,0.506,0.196,0.525,0.522,0.46,0.46,0.681,-0.309,0.423,0.536
BGC,0.345,0.119,-0.064,-0.237,-0.029,-0.056,0.055,0.543,0.528,-0.248,-0.16,0.333,0.098,-0.016,0.505,0.321,0.437,0.275,-0.285,0.148,-0.029,0.012,0.416,0.006,1.0,-0.073,-0.03,0.405,0.008,0.186,-0.003,-0.085,0.125,0.062,0.2,0.259,0.506,0.089,0.224,0.203,-0.166,0.151,0.255,-0.06,0.096,-0.384,0.356,0.583,0.515,0.076,-0.146,-0.262,0.395,-0.054,0.549,-0.141,0.263,0.04,0.184,0.393,0.273,-0.091,-0.239,0.307,0.362,0.523,0.33,0.591,0.329,-0.074,0.606,-0.243,0.124,0.003,0.103,0.485,0.186,-0.195,-0.019,-0.01,0.41,0.469,0.75,0.119,0.228,0.43,-0.018,0.324,0.181,0.318,0.055,0.622,0.376,0.015,0.123,0.325,0.697,-0.013,0.054,0.25,0.077,0.054,0.056,0.252,-0.085,-0.096,0.322,0.101,0.247,0.006,0.131,-0.329,0.157,-0.177,0.166,0.127,0.222,0.052,0.439,0.49,0.323,0.218,0.313,-0.249,-0.071,0.036,0.079,0.538,0.133,-0.264,-0.156,-0.118,0.004,0.573,0.031,0.538,-0.03,0.475,0.06,-0.145,0.208,-0.101,0.394,0.529,-0.422,-0.043,0.071,0.579,0.595,0.459,-0.095,0.011,0.065,0.367,0.256,0.352,0.468,0.037,0.508,0.333,0.525,0.371,0.511,0.214,-0.093,-0.189,0.46,0.432,0.428,-0.113,0.258,0.251,0.271,-0.019,0.579,0.275,0.143,0.595,-0.153,0.213,0.349,0.791,0.101,0.4,0.249,0.194,0.13,-0.304,0.317,0.325,-0.045,0.142,0.15,-0.043,0.004,0.37,-0.133,0.66,-0.175,-0.03
BIDU,-0.559,0.756,-0.46,0.589,-0.266,0.293,0.703,0.039,0.315,0.573,0.188,0.535,0.564,0.784,-0.501,-0.438,-0.387,0.545,-0.26,0.7,-0.572,0.078,-0.265,0.445,-0.073,1.0,0.784,-0.384,0.773,0.657,0.515,0.708,-0.314,0.589,0.685,-0.465,-0.246,0.631,0.58,0.474,0.472,0.207,0.659,0.697,0.699,0.446,0.599,0.203,-0.48,0.718,-0.228,0.641,-0.027,0.695,-0.144,0.011,0.431,0.673,0.678,0.479,-0.07,0.169,0.558,-0.502,-0.621,-0.602,0.566,-0.528,0.369,0.555,-0.621,0.292,0.603,0.859,0.666,0.38,-0.066,-0.03,0.698,0.719,0.34,-0.547,-0.072,0.7,0.705,-0.395,0.705,0.443,0.209,-0.186,0.83,-0.385,-0.554,0.843,0.455,-0.364,-0.2,0.355,-0.488,-0.663,0.707,0.567,-0.033,-0.287,0.561,0.66,0.416,0.63,0.46,0.691,0.732,0.39,0.146,0.573,0.706,0.118,0.292,0.793,0.469,0.199,-0.627,0.708,0.53,0.65,0.599,0.738,0.647,-0.555,0.512,0.152,0.749,-0.293,-0.072,-0.287,0.694,-0.427,-0.362,0.454,0.619,0.893,0.648,0.664,-0.143,-0.493,0.467,0.776,0.762,0.261,0.327,-0.193,-0.48,0.738,0.627,0.125,0.654,-0.578,-0.505,0.683,-0.127,0.481,0.28,0.453,0.078,0.605,0.716,0.778,0.386,0.46,-0.511,0.77,0.661,0.602,0.176,-0.448,-0.398,0.419,-0.398,-0.362,0.554,0.613,0.518,-0.307,0.647,0.52,0.657,0.555,0.613,0.647,0.556,0.542,0.658,0.633,0.679,0.716,0.647,0.441,0.529,-0.483,0.759,0.569
BILI,-0.584,0.73,-0.638,0.618,-0.467,0.361,0.739,0.019,0.376,0.647,0.126,0.699,0.659,0.747,-0.435,-0.529,-0.519,0.59,-0.435,0.605,-0.653,-0.161,-0.251,0.448,-0.03,0.784,1.0,-0.462,0.767,0.704,0.641,0.711,-0.49,0.455,0.696,-0.585,-0.261,0.685,0.677,0.475,0.353,0.122,0.64,0.696,0.748,0.265,0.69,0.244,-0.512,0.72,-0.309,0.639,0.194,0.716,-0.088,-0.146,0.632,0.622,0.76,0.641,-0.062,0.056,0.472,-0.641,-0.677,-0.642,0.559,-0.558,0.337,0.667,-0.596,0.104,0.682,0.808,0.71,0.371,-0.097,-0.152,0.671,0.665,0.274,-0.589,-0.069,0.716,0.707,-0.439,0.673,0.492,0.041,-0.257,0.806,-0.35,-0.519,0.861,0.489,-0.347,-0.022,0.315,-0.664,-0.719,0.698,0.661,-0.225,-0.318,0.554,0.661,0.347,0.725,0.457,0.701,0.702,0.275,-0.014,0.53,0.698,-0.001,0.295,0.763,0.586,0.261,-0.688,0.672,0.796,0.607,0.724,0.668,0.64,-0.537,0.415,0.059,0.679,-0.387,-0.178,-0.305,0.776,-0.435,-0.562,0.412,0.527,0.869,0.71,0.694,-0.121,-0.494,0.395,0.812,0.791,0.29,0.383,-0.229,-0.679,0.699,0.586,0.151,0.601,-0.624,-0.473,0.688,-0.1,0.605,0.404,0.429,0.016,0.634,0.751,0.739,0.493,0.477,-0.59,0.701,0.638,0.703,-0.029,-0.603,-0.402,0.552,-0.569,-0.339,0.637,0.632,0.489,-0.232,0.698,0.614,0.659,0.655,0.556,0.6,0.671,0.575,0.729,0.67,0.749,0.758,0.603,0.507,0.557,-0.471,0.72,0.631
BKR,0.365,-0.327,0.479,-0.419,0.646,-0.49,-0.212,0.24,-0.087,-0.237,0.249,-0.225,-0.305,-0.218,0.6,0.351,0.717,-0.39,0.26,-0.35,0.513,0.451,-0.001,-0.206,0.405,-0.384,-0.462,1.0,-0.515,-0.381,-0.474,-0.423,0.496,0.028,-0.448,0.763,0.646,-0.411,-0.234,-0.009,0.196,0.37,-0.393,-0.501,-0.148,-0.058,-0.12,0.3,0.652,-0.366,-0.011,-0.421,-0.039,-0.595,-0.001,-0.049,-0.043,-0.335,-0.36,-0.073,-0.051,0.014,-0.019,0.682,0.593,0.742,-0.161,0.808,0.16,-0.436,0.536,0.268,-0.338,-0.453,-0.254,-0.094,0.441,-0.019,-0.169,-0.187,-0.121,0.7,0.659,-0.417,-0.213,0.676,-0.302,-0.281,0.636,0.082,-0.466,0.312,0.402,-0.363,-0.065,0.509,0.452,0.172,0.438,0.696,-0.496,-0.387,0.545,0.091,-0.363,-0.235,0.072,-0.41,0.127,-0.27,-0.356,-0.081,0.439,-0.186,-0.267,0.525,0.187,-0.392,-0.042,-0.066,0.548,-0.361,-0.293,-0.269,-0.517,-0.257,-0.215,0.493,0.136,-0.014,-0.607,0.492,-0.04,0.862,-0.425,0.821,0.537,-0.083,0.148,-0.454,-0.261,-0.255,-0.013,0.825,-0.196,-0.338,-0.175,0.014,0.062,0.185,0.515,-0.522,-0.584,-0.048,-0.235,0.514,0.258,-0.089,0.04,-0.288,-0.066,0.012,0.135,-0.374,-0.547,-0.573,-0.089,-0.265,0.551,-0.403,-0.395,-0.321,0.452,0.515,0.613,-0.294,0.707,0.261,-0.439,-0.313,-0.156,0.489,-0.395,-0.144,-0.313,-0.283,-0.304,-0.453,-0.162,-0.208,-0.284,-0.301,-0.268,-0.495,-0.092,-0.12,-0.587,0.763,-0.518,-0.425
BLDP,-0.471,0.692,-0.623,0.579,-0.379,0.624,0.646,0.216,0.443,0.516,0.138,0.667,0.693,0.666,-0.402,-0.376,-0.467,0.652,-0.347,0.603,-0.56,-0.052,-0.037,0.659,0.008,0.773,0.767,-0.515,1.0,0.772,0.658,0.726,-0.393,0.481,0.769,-0.609,-0.182,0.624,0.667,0.388,0.262,0.111,0.747,0.785,0.621,0.242,0.664,0.265,-0.481,0.748,-0.163,0.556,0.002,0.762,-0.103,0.009,0.326,0.745,0.818,0.528,0.15,0.226,0.419,-0.509,-0.54,-0.561,0.658,-0.514,0.478,0.691,-0.507,0.131,0.724,0.697,0.548,0.485,-0.267,0.113,0.649,0.651,0.464,-0.491,-0.127,0.713,0.758,-0.326,0.529,0.665,0.013,-0.009,0.792,-0.169,-0.437,0.74,0.467,-0.446,-0.085,0.367,-0.506,-0.62,0.778,0.723,-0.089,-0.118,0.696,0.529,0.48,0.566,0.497,0.689,0.684,0.261,0.092,0.576,0.787,-0.175,0.314,0.795,0.461,0.077,-0.541,0.712,0.584,0.431,0.667,0.713,0.579,-0.407,0.472,0.304,0.729,-0.308,0.103,-0.408,0.773,-0.511,-0.387,0.47,0.411,0.782,0.601,0.613,0.191,-0.461,0.238,0.793,0.675,0.328,0.458,0.049,-0.529,0.788,0.667,0.287,0.703,-0.55,-0.388,0.478,-0.028,0.665,0.485,0.516,0.237,0.725,0.831,0.771,0.509,0.424,-0.447,0.65,0.707,0.607,0.056,-0.499,-0.336,0.643,-0.409,-0.278,0.691,0.613,0.629,-0.194,0.735,0.583,0.631,0.577,0.665,0.675,0.631,0.614,0.644,0.516,0.675,0.756,0.536,0.61,0.767,-0.473,0.657,0.657
BLNK,-0.349,0.773,-0.622,0.57,-0.434,0.453,0.739,0.237,0.626,0.435,0.028,0.701,0.732,0.643,-0.386,-0.381,-0.403,0.686,-0.404,0.749,-0.552,-0.141,-0.021,0.549,0.186,0.657,0.704,-0.381,0.772,1.0,0.673,0.673,-0.339,0.495,0.69,-0.517,-0.118,0.673,0.731,0.469,0.255,0.147,0.766,0.805,0.741,0.184,0.813,0.386,-0.354,0.688,-0.212,0.538,0.143,0.694,0.129,-0.016,0.502,0.721,0.854,0.606,0.308,0.136,0.425,-0.505,-0.459,-0.439,0.715,-0.399,0.432,0.686,-0.304,0.036,0.803,0.752,0.615,0.678,-0.179,0.095,0.68,0.67,0.58,-0.398,0.12,0.648,0.782,-0.232,0.438,0.718,0.002,0.127,0.742,-0.016,-0.307,0.629,0.515,-0.406,-0.02,0.191,-0.511,-0.606,0.679,0.751,-0.118,-0.003,0.651,0.573,0.523,0.715,0.577,0.699,0.779,0.206,0.058,0.509,0.785,-0.131,0.232,0.772,0.601,0.157,-0.412,0.669,0.656,0.484,0.576,0.645,0.651,-0.258,0.424,0.197,0.745,-0.401,0.091,-0.227,0.826,-0.367,-0.413,0.534,0.479,0.634,0.743,0.641,0.232,-0.268,0.19,0.65,0.717,0.604,0.661,0.127,-0.585,0.714,0.742,0.354,0.823,-0.476,-0.317,0.574,0.142,0.777,0.654,0.682,0.336,0.734,0.736,0.693,0.623,0.656,-0.406,0.607,0.743,0.76,-0.02,-0.488,-0.261,0.626,-0.433,-0.03,0.654,0.672,0.73,0.062,0.85,0.782,0.768,0.82,0.727,0.539,0.658,0.553,0.672,0.628,0.767,0.753,0.607,0.743,0.722,-0.305,0.692,0.699
BYND,-0.307,0.519,-0.45,0.49,-0.315,0.515,0.567,0.269,0.514,0.394,0.111,0.567,0.587,0.488,-0.384,-0.179,-0.481,0.695,-0.271,0.565,-0.429,-0.042,0.051,0.615,-0.003,0.515,0.641,-0.474,0.658,0.673,1.0,0.55,-0.261,0.307,0.482,-0.537,-0.164,0.571,0.486,0.326,0.071,0.053,0.565,0.582,0.548,0.248,0.594,0.25,-0.379,0.678,-0.085,0.337,-0.11,0.664,0.019,0.015,0.253,0.643,0.727,0.381,0.306,0.282,0.351,-0.453,-0.416,-0.432,0.589,-0.454,0.22,0.625,-0.335,-0.135,0.584,0.527,0.4,0.569,-0.188,0.109,0.562,0.543,0.418,-0.429,-0.113,0.534,0.653,-0.236,0.357,0.627,-0.096,0.109,0.511,-0.017,-0.288,0.525,0.311,-0.335,-0.104,0.269,-0.369,-0.513,0.578,0.517,-0.056,0.03,0.701,0.386,0.474,0.558,0.583,0.599,0.533,0.247,0.052,0.453,0.605,-0.236,0.223,0.634,0.391,-0.065,-0.372,0.543,0.495,0.377,0.533,0.496,0.472,-0.251,0.463,0.231,0.611,-0.234,0.256,-0.328,0.705,-0.426,-0.465,0.296,0.271,0.509,0.476,0.596,0.228,-0.414,0.208,0.522,0.6,0.397,0.411,0.199,-0.416,0.634,0.654,0.467,0.656,-0.391,-0.15,0.512,0.103,0.765,0.461,0.545,0.373,0.475,0.652,0.596,0.459,0.332,-0.293,0.503,0.498,0.578,-0.155,-0.422,-0.421,0.608,-0.364,-0.15,0.593,0.521,0.69,-0.077,0.547,0.51,0.569,0.472,0.488,0.539,0.433,0.425,0.536,0.491,0.61,0.562,0.406,0.578,0.668,-0.397,0.64,0.612
