,AAL,AAPL,ABUS,ADBE,ADI,ADMA,AEP,AGNC,AKBA,ALT,AMAT,AMD,AMGN,AMZN,APA,APPS,ARCC,ARDX,ATER,ATOS,AUPH,AVGO,AZN,BCRX,BGC,BIDU,BILI,BKR,BLDP,BLNK,BYND,CAN,CELH,CG,CGC,CHRD,CLNE,CMCSA,COMM,COST,CPB,CPRT,CRON,CRWD,CSCO,CSGP,CSX,CTSH,CZR,DBX,DDOG,DKNG,DLTR,DOCU,DVAX,DXCM,EA,EBAY,ENPH,ERIC,ESPR,ETSY,EXC,EXEL,EXPE,FANG,FAST,FITB,FLEX,FOLD,FOXA,FSLR,FTNT,FUTU,GEN,GERN,GEVO,GILD,GOOG,GOOGL,GPRO,GT,HBAN,HIVE,HON,HST,HUT,IBRX,INTC,IOVA,IQ,IRWD,JBLU,JD,KDP,KHC,LBTYK,LRCX,LYFT,MAR,MARA,MAT,MCHP,MCRB,MDLZ,META,MGNI,MLCO,MNKD,MNST,MOMO,MRNA,MRVL,MSFT,MSTR,MTCH,MU,MVIS,NDAQ,NFLX,NKTR,NNDM,NTES,NTNX,NVAX,NVDA,NWL,NWSA,NXPI,OCGN,OKTA,ON,OPK,PAA,PACB,PAGP,PANW,PARA,PCAR,PDD,PENN,PEP,PLUG,PTEN,PTON,PYPL,QCOM,QUBT,QVCGA,RDFN,REAL,RIOT,ROKU,ROST,RUN,SABR,SAVA,SBUX,SFIX,SGMO,SIRI,SLM,SMCI,SNDL,SONO,STNE,STX,TCOM,TGTX,TIGR,TLRY,TMUS,TRIP,TSCO,TSLA,TTD,TXN,UAL,UNIT,VERU,VKTX,VLY,VOD,VTRS,VXRT,WBA,WBD,WDAY,WDC,WEN,WW,WYNN,XEL,XP,XRAY,XRX,Z,ZION,ZM,ZS
AAL,1.0,-0.456,-0.311,0.18,0.382,0.565,0.334,0.667,0.752,0.561,0.449,-0.089,0.402,0.339,0.712,0.726,0.782,-0.208,0.635,0.728,0.594,0.047,0.705,0.379,0.577,0.663,0.652,0.149,0.742,0.346,0.629,0.565,0.667,0.734,0.645,0.587,0.786,0.61,-0.278,-0.309,0.295,0.618,0.626,0.708,0.034,0.713,-0.105,0.559,0.853,0.62,0.652,0.773,-0.584,0.488,0.546,0.7,0.659,0.664,0.355,0.702,0.442,0.311,0.645,0.757,0.913,0.16,-0.002,0.647,0.62,0.604,0.819,0.511,0.632,0.809,0.392,0.652,0.755,-0.507,0.637,0.644,0.381,0.75,0.796,0.582,0.843,0.879,0.647,0.497,0.214,0.677,0.671,0.817,0.88,0.279,0.748,0.717,0.654,-0.521,0.868,0.695,0.535,0.757,-0.215,-0.624,0.657,0.617,0.77,0.83,0.659,0.736,0.746,-0.498,-0.199,0.473,0.686,0.854,-0.522,0.755,0.623,0.609,0.649,0.615,0.369,0.469,-0.005,-0.291,0.802,0.728,-0.325,0.761,0.673,-0.39,0.464,0.735,0.697,0.789,-0.415,0.806,0.688,0.869,0.677,0.047,0.533,0.647,0.481,0.571,-0.402,0.541,0.608,0.762,0.495,0.438,0.609,0.558,0.767,0.661,0.448,0.206,0.675,0.781,0.56,0.44,0.424,0.63,0.559,0.594,-0.019,0.799,0.748,0.747,0.626,0.711,0.864,-0.401,-0.125,0.127,-0.363,0.967,0.69,0.738,0.838,0.799,0.448,0.772,0.036,0.633,0.751,0.605,0.116,0.292,0.622,0.862,-0.258,0.553,0.733,0.13,0.38,0.758,0.623,0.466
AAPL,-0.456,1.0,0.484,-0.06,0.14,-0.732,0.298,-0.073,-0.516,-0.659,0.002,-0.07,0.152,-0.024,-0.424,-0.555,-0.346,0.505,-0.53,-0.52,-0.527,0.504,-0.656,-0.107,-0.208,-0.523,-0.591,0.159,-0.589,-0.599,-0.673,-0.686,-0.672,-0.555,-0.659,-0.382,-0.601,-0.559,0.566,0.534,0.091,-0.337,-0.683,-0.629,0.18,-0.475,0.681,0.021,-0.431,-0.678,-0.36,-0.555,0.454,-0.563,-0.57,-0.484,-0.532,-0.489,-0.376,-0.449,-0.548,-0.267,-0.272,-0.593,-0.385,0.305,0.518,-0.064,-0.466,-0.484,-0.501,-0.604,-0.335,-0.572,-0.431,-0.359,-0.59,0.718,-0.059,-0.026,-0.413,-0.282,-0.377,-0.582,-0.495,-0.378,-0.614,-0.409,0.3,-0.553,-0.647,-0.41,-0.343,-0.263,-0.351,-0.55,-0.409,0.884,-0.525,0.017,-0.625,-0.551,0.667,0.779,-0.367,-0.241,-0.521,-0.46,-0.515,-0.349,-0.506,0.45,0.644,-0.014,-0.602,-0.46,0.742,-0.542,-0.347,-0.465,-0.33,-0.631,-0.331,-0.353,0.13,0.471,-0.316,-0.464,0.634,-0.715,-0.389,0.694,-0.227,-0.595,-0.495,-0.543,0.393,-0.507,-0.146,-0.584,-0.573,0.583,-0.523,-0.157,-0.674,-0.464,0.496,-0.66,-0.524,-0.456,-0.594,-0.59,-0.442,-0.332,-0.564,-0.109,-0.589,0.44,-0.695,-0.497,-0.414,0.251,0.048,-0.698,-0.627,-0.545,0.018,-0.508,-0.529,-0.496,-0.71,-0.267,-0.543,0.712,0.029,-0.303,0.826,-0.445,-0.233,-0.616,-0.517,-0.281,-0.031,-0.588,-0.036,-0.123,-0.56,-0.459,-0.041,0.17,-0.487,-0.364,0.734,-0.429,-0.276,0.453,-0.085,-0.314,-0.633,-0.37
ABUS,-0.311,0.484,1.0,-0.291,0.018,-0.443,-0.281,-0.468,-0.283,-0.33,0.134,-0.262,0.053,-0.419,-0.271,-0.342,-0.162,0.791,-0.38,-0.343,-0.254,0.224,-0.336,-0.395,-0.109,-0.253,-0.393,0.295,-0.366,-0.431,-0.49,-0.391,-0.304,-0.42,-0.394,-0.524,-0.399,-0.374,0.213,-0.132,-0.25,-0.242,-0.333,-0.36,0.237,-0.391,0.089,-0.284,-0.275,-0.282,-0.304,-0.397,-0.014,-0.424,-0.506,-0.443,-0.309,-0.5,-0.475,-0.184,-0.27,-0.498,-0.46,-0.454,-0.351,-0.026,-0.019,-0.16,-0.337,-0.3,-0.387,-0.438,-0.356,-0.486,-0.53,-0.403,-0.374,0.127,-0.24,-0.237,-0.309,-0.104,-0.437,-0.434,-0.447,-0.32,-0.366,-0.087,0.142,-0.252,-0.38,-0.189,-0.192,-0.428,-0.555,-0.457,-0.469,0.572,-0.309,-0.12,-0.194,-0.437,0.569,0.582,-0.403,-0.449,-0.35,-0.465,-0.474,-0.404,-0.408,0.155,0.321,-0.299,-0.18,-0.227,0.254,-0.282,-0.435,-0.502,-0.083,-0.383,-0.369,-0.397,-0.283,-0.029,-0.304,-0.278,0.504,-0.43,-0.186,0.359,-0.503,-0.446,-0.311,-0.405,0.002,-0.434,-0.325,-0.43,-0.302,0.149,-0.545,0.038,-0.315,-0.236,-0.01,-0.477,-0.361,-0.302,-0.41,-0.236,-0.291,-0.372,-0.433,0.14,-0.31,0.158,-0.466,-0.277,-0.162,0.18,0.367,-0.404,-0.339,-0.225,0.331,-0.22,-0.438,-0.402,-0.409,-0.403,-0.335,0.182,-0.2,-0.437,0.422,-0.292,-0.374,-0.326,-0.364,-0.363,-0.276,-0.426,-0.141,-0.231,-0.369,-0.357,-0.021,-0.161,-0.247,-0.341,0.134,-0.097,-0.161,0.285,0.063,-0.36,-0.429,-0.265
ADBE,0.18,-0.06,-0.291,1.0,0.334,0.264,0.051,0.226,0.308,0.374,0.162,0.764,-0.322,0.676,0.13,0.233,-0.099,-0.418,0.182,0.35,0.162,0.031,0.008,0.388,-0.221,0.302,0.255,-0.353,0.414,0.397,0.25,0.589,-0.014,0.433,0.173,0.081,0.266,0.143,-0.23,0.39,-0.155,0.29,0.039,0.367,-0.465,0.309,-0.127,0.144,0.238,0.075,0.549,0.447,0.008,0.731,0.662,0.576,0.106,0.528,0.782,0.182,0.571,0.812,0.239,0.454,0.124,-0.14,-0.023,-0.011,0.288,0.251,0.273,0.341,0.715,0.469,0.356,0.48,0.272,0.015,0.389,0.413,0.234,-0.074,0.324,0.497,0.313,0.151,0.471,0.299,-0.166,0.07,0.313,0.143,-0.034,0.737,0.305,0.132,0.24,-0.03,0.246,-0.114,0.153,0.34,-0.177,-0.113,-0.003,0.575,0.324,0.284,0.516,0.221,0.552,0.243,-0.256,0.805,0.446,0.25,0.11,0.324,0.497,0.664,-0.07,0.215,0.733,0.415,0.594,0.575,0.02,0.127,-0.188,0.271,0.242,0.134,0.595,0.261,0.47,0.227,0.478,0.308,-0.04,0.451,0.067,-0.24,0.6,-0.195,0.207,0.118,0.257,0.295,0.027,0.23,0.547,0.409,0.106,-0.005,0.478,-0.225,0.039,-0.265,0.27,0.231,0.037,-0.189,-0.316,0.18,0.249,-0.003,-0.334,0.426,0.248,0.349,0.206,0.067,0.144,0.12,0.605,0.6,0.054,0.102,0.452,0.411,0.366,0.16,0.155,0.117,0.685,-0.057,0.165,0.274,-0.159,-0.171,-0.071,0.185,-0.051,-0.067,-0.019,-0.486,-0.25,0.343,0.458,0.716
ADI,0.382,0.14,0.018,0.334,1.0,0.158,0.338,0.413,0.307,0.169,0.664,0.081,0.257,0.501,0.264,0.391,0.423,0.054,0.315,0.278,0.516,0.682,0.012,0.115,0.342,0.241,0.146,0.237,0.322,0.234,0.243,0.127,0.046,0.497,0.235,0.367,0.23,0.208,0.039,-0.046,0.142,0.607,0.184,0.328,-0.034,0.467,0.269,0.65,0.437,0.209,0.561,0.301,-0.186,0.079,0.208,0.533,0.362,0.369,0.273,0.558,-0.086,0.195,0.185,0.337,0.412,0.152,0.487,0.463,0.489,0.384,0.419,0.073,0.406,0.314,0.011,0.255,0.348,-0.255,0.773,0.764,0.474,0.432,0.393,0.151,0.493,0.405,0.127,0.063,0.475,0.087,0.171,0.496,0.448,0.095,0.345,0.241,0.332,0.117,0.464,0.488,-0.012,0.446,0.409,-0.136,0.369,0.46,0.477,0.394,0.215,0.517,0.307,-0.321,0.223,0.686,0.194,0.49,-0.047,0.442,0.471,0.335,0.385,0.144,0.182,0.397,0.023,0.16,0.367,0.469,0.242,0.229,0.574,0.386,0.378,0.365,0.539,0.309,-0.107,0.409,0.426,0.371,0.168,0.346,0.23,0.418,0.235,0.446,0.279,0.293,0.38,0.361,0.196,-0.056,0.256,0.384,0.408,0.463,-0.18,0.395,0.172,0.402,0.289,0.502,0.424,0.241,0.146,0.253,0.067,0.308,0.209,0.404,0.162,0.463,0.411,0.359,0.077,0.207,0.353,0.411,0.581,0.192,0.338,0.386,0.387,0.293,-0.086,0.467,0.347,0.449,-0.133,0.417,0.329,0.499,0.184,0.146,0.503,0.246,0.275,0.351,0.438,0.337
ADMA,0.565,-0.732,-0.443,0.264,0.158,1.0,-0.039,0.385,0.758,0.883,0.325,0.238,0.145,0.333,0.501,0.726,0.463,-0.488,0.672,0.774,0.607,-0.152,0.621,0.339,0.435,0.647,0.706,-0.076,0.779,0.632,0.936,0.709,0.737,0.717,0.763,0.529,0.75,0.428,-0.398,-0.434,0.065,0.551,0.802,0.683,-0.073,0.609,-0.47,0.348,0.626,0.707,0.627,0.709,-0.475,0.575,0.689,0.65,0.673,0.63,0.563,0.528,0.496,0.346,0.473,0.78,0.523,-0.06,-0.211,0.211,0.59,0.676,0.668,0.653,0.595,0.671,0.575,0.607,0.754,-0.649,0.44,0.412,0.595,0.491,0.602,0.726,0.571,0.566,0.755,0.534,-0.065,0.646,0.713,0.599,0.426,0.436,0.442,0.608,0.506,-0.647,0.64,0.158,0.687,0.733,-0.398,-0.707,0.452,0.542,0.728,0.594,0.704,0.615,0.688,-0.49,-0.456,0.352,0.634,0.662,-0.564,0.729,0.651,0.643,0.503,0.703,0.452,0.513,0.023,-0.192,0.538,0.605,-0.361,0.81,0.539,-0.539,0.375,0.674,0.665,0.599,-0.233,0.654,0.349,0.678,0.839,-0.413,0.773,0.37,0.614,0.639,-0.382,0.678,0.703,0.692,0.656,0.637,0.621,0.481,0.752,0.268,0.633,-0.154,0.662,0.696,0.513,0.006,0.062,0.787,0.685,0.594,0.17,0.601,0.664,0.712,0.772,0.445,0.721,-0.486,0.059,0.396,-0.574,0.55,0.335,0.788,0.651,0.352,0.104,0.626,0.139,0.326,0.74,0.636,0.213,0.185,0.589,0.562,-0.546,0.578,0.498,-0.239,0.223,0.402,0.655,0.503
AEP,0.334,0.298,-0.281,0.051,0.338,-0.039,1.0,0.679,0.152,-0.103,0.099,-0.003,0.398,0.322,0.155,0.126,0.315,-0.075,0.154,0.067,-0.014,0.349,-0.01,0.373,0.329,-0.048,-0.036,0.085,0.085,-0.153,0.126,-0.171,0.035,0.133,-0.004,0.367,0.129,0.088,0.321,0.361,0.544,0.147,-0.093,0.052,0.044,0.215,0.608,0.522,0.225,-0.078,0.21,0.142,0.174,-0.105,0.039,0.211,0.084,0.227,0.08,0.131,-0.193,0.138,0.51,0.183,0.345,0.417,0.576,0.525,0.037,0.073,0.328,-0.021,0.209,0.208,0.144,0.234,0.099,0.318,0.423,0.405,0.046,0.273,0.46,-0.021,0.306,0.402,-0.027,-0.208,0.368,-0.006,-0.03,0.221,0.347,0.105,0.563,0.158,0.415,0.153,0.239,0.572,-0.197,0.234,0.134,0.026,0.336,0.379,0.194,0.317,0.143,0.429,0.219,-0.102,0.325,0.353,-0.127,0.211,0.198,0.076,0.354,0.18,0.121,-0.019,0.063,0.15,0.196,0.15,0.425,0.161,0.122,-0.011,0.119,0.199,0.351,0.203,0.093,0.256,-0.028,0.299,0.617,0.153,0.103,0.669,0.162,0.225,-0.225,0.052,0.183,-0.048,0.174,0.181,-0.014,-0.258,0.037,0.261,0.175,0.217,-0.133,0.577,-0.029,0.191,0.02,0.527,0.119,-0.083,-0.159,-0.057,-0.217,0.038,0.262,0.228,-0.093,0.496,0.22,0.28,0.039,-0.016,0.285,0.3,0.425,0.029,0.165,0.53,0.491,0.191,-0.151,0.457,0.255,0.065,0.052,0.591,0.061,0.431,0.637,-0.059,0.381,0.468,0.121,0.449,-0.037,0.027
AGNC,0.667,-0.073,-0.468,0.226,0.413,0.385,0.679,1.0,0.576,0.327,0.429,0.058,0.538,0.471,0.584,0.512,0.609,-0.317,0.582,0.524,0.358,0.286,0.383,0.496,0.599,0.454,0.45,0.28,0.463,0.225,0.536,0.208,0.385,0.512,0.459,0.646,0.551,0.328,0.129,0.135,0.619,0.611,0.395,0.448,0.159,0.576,0.339,0.75,0.668,0.402,0.593,0.525,-0.141,0.213,0.374,0.606,0.523,0.662,0.284,0.497,0.117,0.367,0.779,0.544,0.699,0.559,0.435,0.652,0.489,0.5,0.68,0.354,0.544,0.562,0.502,0.547,0.5,-0.023,0.752,0.705,0.375,0.619,0.759,0.4,0.653,0.808,0.396,0.299,0.356,0.376,0.48,0.673,0.666,0.219,0.731,0.576,0.739,-0.163,0.62,0.658,0.244,0.553,-0.019,-0.371,0.691,0.665,0.597,0.77,0.628,0.769,0.608,-0.296,0.034,0.563,0.311,0.584,-0.177,0.517,0.663,0.572,0.442,0.455,0.334,0.571,0.196,-0.017,0.799,0.632,-0.17,0.437,0.489,-0.163,0.598,0.6,0.499,0.691,-0.169,0.663,0.769,0.567,0.53,0.363,0.435,0.532,0.275,0.48,0.011,0.414,0.522,0.633,0.363,0.182,0.529,0.574,0.512,0.448,0.315,0.441,0.375,0.624,0.422,0.524,0.265,0.398,0.362,0.471,-0.077,0.468,0.714,0.664,0.396,0.791,0.645,0.11,-0.058,0.231,-0.014,0.657,0.612,0.452,0.613,0.711,0.543,0.65,0.049,0.721,0.601,0.519,0.198,0.573,0.477,0.731,0.166,0.406,0.687,0.392,0.318,0.654,0.412,0.267
AKBA,0.752,-0.516,-0.283,0.308,0.307,0.758,0.152,0.576,1.0,0.807,0.475,0.2,0.315,0.321,0.73,0.802,0.652,-0.203,0.676,0.827,0.665,0.027,0.655,0.398,0.596,0.776,0.726,0.224,0.822,0.445,0.772,0.711,0.698,0.732,0.71,0.515,0.827,0.557,-0.262,-0.312,0.188,0.704,0.706,0.781,0.103,0.717,-0.211,0.499,0.817,0.743,0.765,0.828,-0.539,0.557,0.63,0.784,0.771,0.743,0.496,0.726,0.562,0.395,0.653,0.756,0.661,0.196,-0.165,0.519,0.625,0.743,0.811,0.589,0.691,0.737,0.522,0.691,0.809,-0.539,0.62,0.57,0.456,0.584,0.751,0.678,0.718,0.749,0.768,0.701,0.197,0.682,0.788,0.792,0.657,0.336,0.616,0.678,0.626,-0.463,0.842,0.428,0.67,0.713,-0.132,-0.509,0.607,0.533,0.867,0.73,0.811,0.772,0.799,-0.494,-0.233,0.482,0.775,0.771,-0.583,0.879,0.669,0.693,0.617,0.735,0.489,0.576,0.047,-0.184,0.764,0.767,-0.258,0.726,0.672,-0.362,0.511,0.81,0.765,0.796,-0.331,0.819,0.562,0.787,0.78,-0.147,0.638,0.576,0.61,0.692,-0.355,0.637,0.683,0.841,0.629,0.619,0.603,0.517,0.782,0.533,0.584,0.116,0.624,0.863,0.66,0.329,0.383,0.642,0.695,0.679,0.144,0.798,0.809,0.852,0.685,0.672,0.773,-0.379,0.026,0.244,-0.372,0.702,0.557,0.834,0.831,0.59,0.226,0.741,0.152,0.54,0.793,0.611,0.212,0.217,0.665,0.73,-0.424,0.676,0.746,0.015,0.441,0.578,0.664,0.511
ALT,0.561,-0.659,-0.33,0.374,0.169,0.883,-0.103,0.327,0.807,1.0,0.404,0.357,0.073,0.45,0.599,0.709,0.399,-0.415,0.577,0.854,0.635,-0.172,0.63,0.376,0.357,0.73,0.798,-0.02,0.83,0.659,0.865,0.798,0.695,0.727,0.769,0.508,0.791,0.431,-0.45,-0.402,0.023,0.63,0.797,0.729,-0.031,0.608,-0.485,0.31,0.65,0.7,0.714,0.788,-0.441,0.667,0.757,0.702,0.712,0.705,0.619,0.596,0.617,0.452,0.439,0.781,0.469,-0.046,-0.308,0.208,0.68,0.698,0.674,0.576,0.689,0.671,0.56,0.679,0.725,-0.608,0.468,0.453,0.598,0.422,0.619,0.789,0.542,0.551,0.818,0.633,-0.123,0.629,0.752,0.621,0.38,0.527,0.468,0.653,0.488,-0.578,0.655,0.083,0.649,0.673,-0.38,-0.612,0.456,0.578,0.791,0.553,0.719,0.63,0.752,-0.408,-0.494,0.425,0.74,0.728,-0.536,0.808,0.678,0.716,0.471,0.745,0.493,0.548,0.095,-0.092,0.486,0.611,-0.404,0.75,0.595,-0.466,0.45,0.702,0.751,0.637,-0.107,0.684,0.328,0.706,0.806,-0.459,0.77,0.434,0.654,0.724,-0.307,0.721,0.665,0.723,0.709,0.683,0.575,0.525,0.751,0.226,0.614,-0.182,0.618,0.724,0.586,-0.039,0.066,0.737,0.812,0.621,0.067,0.649,0.661,0.726,0.795,0.4,0.684,-0.453,0.154,0.485,-0.561,0.526,0.439,0.856,0.679,0.367,0.12,0.603,0.311,0.243,0.733,0.692,0.178,0.096,0.612,0.573,-0.546,0.608,0.496,-0.272,0.224,0.449,0.712,0.615
AMAT,0.449,0.002,0.134,0.162,0.664,0.325,0.099,0.429,0.475,0.404,1.0,-0.083,0.522,0.327,0.517,0.52,0.571,0.11,0.473,0.52,0.517,0.603,0.246,0.073,0.533,0.531,0.446,0.587,0.431,0.267,0.412,0.231,0.311,0.44,0.497,0.413,0.46,0.179,0.082,-0.277,0.252,0.739,0.483,0.406,0.319,0.484,0.064,0.606,0.656,0.463,0.552,0.412,-0.364,0.086,0.271,0.469,0.577,0.34,0.104,0.576,0.059,0.058,0.291,0.426,0.49,0.437,0.394,0.442,0.643,0.562,0.499,0.119,0.421,0.339,0.195,0.29,0.479,-0.396,0.737,0.748,0.5,0.627,0.44,0.303,0.391,0.551,0.322,0.421,0.502,0.346,0.358,0.63,0.564,-0.026,0.261,0.376,0.324,0.108,0.538,0.458,0.28,0.428,0.37,-0.261,0.552,0.449,0.566,0.431,0.329,0.557,0.338,-0.368,0.166,0.429,0.417,0.628,-0.217,0.568,0.529,0.367,0.621,0.412,0.069,0.494,-0.135,-0.099,0.565,0.648,0.142,0.355,0.688,0.096,0.179,0.476,0.646,0.489,-0.186,0.501,0.456,0.45,0.539,0.223,0.261,0.735,0.374,0.676,0.016,0.348,0.516,0.561,0.31,0.207,0.475,0.596,0.439,0.632,0.159,0.421,0.204,0.569,0.624,0.457,0.58,0.412,0.469,0.505,0.332,0.443,0.36,0.546,0.421,0.568,0.579,0.136,-0.216,0.15,0.114,0.536,0.431,0.454,0.45,0.313,0.207,0.441,-0.026,0.577,0.533,0.727,0.103,0.451,0.562,0.523,-0.108,0.497,0.625,0.327,0.525,0.315,0.378,0.221
AMD,-0.089,-0.07,-0.262,0.764,0.081,0.238,-0.003,0.058,0.2,0.357,-0.083,1.0,-0.493,0.515,-0.06,-0.018,-0.289,-0.434,-0.002,0.197,-0.015,-0.177,-0.111,0.36,-0.305,0.051,0.109,-0.401,0.238,0.373,0.198,0.431,-0.054,0.273,0.059,0.005,0.1,0.006,-0.239,0.485,-0.264,0.081,-0.023,0.229,-0.494,0.115,-0.166,-0.113,0.0,0.017,0.399,0.274,0.209,0.537,0.548,0.359,-0.009,0.41,0.719,0.005,0.409,0.717,0.083,0.261,-0.173,-0.149,-0.166,-0.233,0.081,0.1,0.092,0.273,0.59,0.217,0.442,0.332,0.03,0.166,0.125,0.078,0.176,-0.344,0.134,0.444,0.047,-0.065,0.412,0.257,-0.366,-0.058,0.166,-0.043,-0.327,0.676,0.111,0.008,0.144,0.004,0.014,-0.36,0.096,0.129,-0.198,0.038,-0.22,0.359,0.166,0.029,0.418,0.025,0.415,0.387,-0.384,0.549,0.319,0.034,0.16,0.163,0.386,0.532,-0.317,0.183,0.584,0.339,0.592,0.647,-0.146,-0.037,-0.145,0.05,-0.016,0.151,0.52,0.067,0.243,0.05,0.551,0.127,-0.208,0.15,0.0,-0.396,0.483,-0.389,0.122,-0.057,0.364,0.254,-0.028,0.07,0.504,0.402,-0.132,-0.145,0.226,-0.498,0.005,-0.379,0.083,0.057,-0.08,-0.436,-0.491,0.078,0.156,-0.137,-0.31,0.1,0.141,0.164,0.123,-0.177,-0.058,0.091,0.745,0.636,0.048,-0.207,0.232,0.271,0.124,-0.054,-0.044,-0.005,0.765,-0.317,0.035,0.053,-0.064,-0.249,-0.177,-0.022,-0.09,-0.182,-0.208,-0.554,-0.454,0.212,0.294,0.681
AMGN,0.402,0.152,0.053,-0.322,0.257,0.145,0.398,0.538,0.315,0.073,0.522,-0.493,1.0,-0.013,0.328,0.34,0.626,0.262,0.337,0.319,0.238,0.512,0.387,0.041,0.697,0.34,0.225,0.609,0.156,-0.103,0.236,-0.129,0.387,0.177,0.304,0.29,0.307,0.039,0.284,-0.304,0.53,0.424,0.362,0.093,0.594,0.282,0.417,0.619,0.461,0.361,0.171,0.155,-0.282,-0.271,-0.109,0.113,0.389,0.076,-0.327,0.321,-0.225,-0.325,0.425,0.255,0.45,0.545,0.512,0.468,0.2,0.274,0.27,-0.057,0.031,0.126,0.076,0.1,0.263,-0.102,0.512,0.512,0.206,0.549,0.293,-0.012,0.213,0.518,0.089,0.182,0.625,0.448,0.183,0.45,0.541,-0.333,0.247,0.255,0.206,0.071,0.329,0.624,0.173,0.213,0.378,-0.136,0.541,0.177,0.316,0.325,0.108,0.457,0.035,-0.425,0.503,0.034,0.055,0.376,-0.21,0.292,0.275,0.059,0.619,0.207,-0.217,0.162,-0.388,-0.284,0.612,0.462,0.266,0.116,0.325,-0.026,-0.089,0.243,0.179,0.274,-0.455,0.298,0.547,0.165,0.432,0.604,-0.086,0.7,0.082,0.423,-0.163,0.078,0.49,0.467,-0.127,-0.053,0.38,0.432,0.134,0.658,0.206,0.681,-0.008,0.363,0.419,0.686,0.623,0.251,0.186,0.379,0.461,0.16,0.336,0.385,0.214,0.614,0.415,0.135,-0.473,-0.235,0.125,0.439,0.126,0.172,0.246,0.327,0.168,0.349,-0.427,0.729,0.339,0.333,0.209,0.692,0.49,0.393,0.217,0.439,0.667,0.66,0.707,0.053,-0.035,-0.263
AMZN,0.339,-0.024,-0.419,0.676,0.501,0.333,0.322,0.471,0.321,0.45,0.327,0.515,-0.013,1.0,0.246,0.33,0.132,-0.528,0.253,0.465,0.378,0.168,0.16,0.46,0.051,0.274,0.393,-0.295,0.463,0.485,0.378,0.42,0.133,0.514,0.357,0.505,0.425,0.127,-0.198,0.206,-0.012,0.46,0.27,0.433,-0.325,0.367,0.109,0.522,0.337,0.162,0.592,0.459,0.093,0.49,0.593,0.583,0.357,0.614,0.677,0.356,0.249,0.678,0.303,0.518,0.35,-0.053,0.194,0.165,0.504,0.35,0.405,0.306,0.642,0.443,0.421,0.597,0.319,-0.039,0.652,0.693,0.488,0.174,0.522,0.573,0.394,0.373,0.422,0.134,-0.072,0.128,0.303,0.316,0.157,0.694,0.491,0.364,0.361,-0.122,0.343,0.149,0.14,0.42,-0.219,-0.287,0.32,0.745,0.463,0.393,0.458,0.482,0.52,-0.05,-0.223,0.807,0.321,0.431,0.093,0.382,0.542,0.636,0.04,0.324,0.547,0.463,0.472,0.531,0.192,0.264,-0.223,0.332,0.363,0.083,0.676,0.378,0.534,0.342,0.35,0.436,0.276,0.478,0.259,-0.026,0.65,0.111,0.219,0.359,0.33,0.448,0.326,0.429,0.449,0.259,0.16,0.425,0.476,-0.053,0.104,-0.019,0.246,0.338,0.114,0.019,-0.179,0.313,0.356,0.145,-0.365,0.333,0.365,0.417,0.355,0.327,0.353,0.157,0.461,0.622,0.084,0.293,0.628,0.377,0.38,0.391,0.259,0.299,0.432,0.156,0.326,0.498,-0.111,0.303,0.22,0.438,0.062,0.073,0.23,-0.18,-0.122,0.483,0.513,0.582
APA,0.712,-0.424,-0.271,0.13,0.264,0.501,0.155,0.584,0.73,0.599,0.517,-0.06,0.328,0.246,1.0,0.627,0.612,-0.131,0.578,0.751,0.613,0.032,0.567,0.311,0.611,0.807,0.802,0.434,0.757,0.319,0.566,0.577,0.514,0.643,0.663,0.604,0.745,0.579,-0.198,-0.268,0.341,0.721,0.634,0.612,0.349,0.741,-0.093,0.57,0.802,0.657,0.588,0.737,-0.47,0.447,0.514,0.652,0.756,0.639,0.333,0.675,0.522,0.289,0.713,0.626,0.638,0.4,-0.02,0.634,0.739,0.597,0.799,0.513,0.489,0.681,0.395,0.619,0.645,-0.4,0.554,0.546,0.344,0.639,0.746,0.598,0.69,0.74,0.6,0.546,0.174,0.513,0.768,0.754,0.706,0.217,0.724,0.782,0.704,-0.414,0.767,0.491,0.516,0.566,-0.094,-0.521,0.761,0.522,0.759,0.706,0.66,0.691,0.669,-0.526,-0.149,0.346,0.686,0.723,-0.438,0.728,0.516,0.522,0.571,0.724,0.342,0.496,-0.134,-0.31,0.765,0.746,-0.341,0.632,0.656,-0.374,0.37,0.754,0.708,0.833,-0.222,0.785,0.736,0.712,0.697,0.036,0.521,0.724,0.524,0.742,-0.357,0.565,0.567,0.762,0.498,0.494,0.619,0.679,0.641,0.552,0.559,0.15,0.581,0.771,0.77,0.39,0.425,0.553,0.727,0.759,0.109,0.742,0.71,0.769,0.634,0.675,0.671,-0.34,-0.179,0.139,-0.357,0.725,0.546,0.738,0.775,0.703,0.411,0.761,-0.033,0.658,0.781,0.698,0.344,0.235,0.716,0.706,-0.33,0.758,0.698,0.236,0.561,0.679,0.555,0.301
APPS,0.726,-0.555,-0.342,0.233,0.391,0.726,0.126,0.512,0.802,0.709,0.52,-0.018,0.34,0.33,0.627,1.0,0.713,-0.299,0.811,0.755,0.75,0.156,0.675,0.357,0.499,0.741,0.711,0.136,0.812,0.495,0.723,0.638,0.723,0.725,0.803,0.555,0.812,0.609,-0.207,-0.441,0.302,0.673,0.747,0.834,0.077,0.703,-0.275,0.506,0.759,0.715,0.745,0.818,-0.526,0.543,0.565,0.752,0.778,0.628,0.39,0.782,0.469,0.321,0.558,0.72,0.652,0.079,-0.07,0.435,0.669,0.757,0.737,0.515,0.637,0.759,0.516,0.655,0.923,-0.684,0.614,0.613,0.509,0.658,0.616,0.542,0.743,0.688,0.635,0.538,0.306,0.708,0.746,0.715,0.682,0.258,0.617,0.714,0.527,-0.533,0.815,0.382,0.694,0.798,-0.204,-0.734,0.652,0.594,0.851,0.69,0.673,0.842,0.695,-0.625,-0.188,0.424,0.633,0.795,-0.627,0.858,0.583,0.596,0.769,0.707,0.358,0.588,-0.009,-0.228,0.72,0.727,-0.33,0.688,0.72,-0.373,0.399,0.853,0.806,0.717,-0.38,0.771,0.599,0.787,0.731,-0.112,0.568,0.597,0.594,0.74,-0.401,0.629,0.696,0.793,0.637,0.522,0.757,0.558,0.848,0.559,0.607,0.077,0.744,0.793,0.599,0.28,0.311,0.691,0.702,0.711,0.077,0.674,0.71,0.774,0.737,0.711,0.739,-0.451,-0.06,0.262,-0.436,0.736,0.515,0.725,0.801,0.504,0.331,0.73,-0.022,0.568,0.709,0.691,0.093,0.248,0.609,0.67,-0.35,0.629,0.673,-0.03,0.489,0.425,0.677,0.477
ARCC,0.782,-0.346,-0.162,-0.099,0.423,0.463,0.315,0.609,0.652,0.399,0.571,-0.289,0.626,0.132,0.612,0.713,1.0,0.007,0.646,0.589,0.591,0.273,0.582,0.215,0.767,0.615,0.514,0.445,0.562,0.216,0.519,0.314,0.632,0.543,0.601,0.566,0.695,0.461,-0.076,-0.473,0.352,0.624,0.603,0.616,0.301,0.646,0.062,0.638,0.764,0.703,0.551,0.608,-0.529,0.146,0.341,0.564,0.663,0.455,0.063,0.689,0.13,-0.028,0.551,0.57,0.76,0.314,0.216,0.635,0.502,0.605,0.66,0.365,0.416,0.578,0.333,0.46,0.658,-0.53,0.621,0.605,0.39,0.732,0.595,0.362,0.644,0.76,0.433,0.395,0.48,0.593,0.574,0.762,0.871,-0.044,0.524,0.587,0.512,-0.361,0.751,0.704,0.543,0.665,0.048,-0.538,0.727,0.398,0.671,0.647,0.433,0.678,0.447,-0.593,0.065,0.252,0.495,0.702,-0.574,0.665,0.493,0.337,0.799,0.562,0.108,0.42,-0.249,-0.393,0.81,0.723,-0.135,0.517,0.651,-0.211,0.204,0.649,0.589,0.677,-0.541,0.658,0.676,0.6,0.663,0.25,0.271,0.772,0.477,0.627,-0.328,0.47,0.644,0.749,0.306,0.3,0.598,0.598,0.562,0.781,0.454,0.445,0.482,0.654,0.557,0.603,0.636,0.519,0.509,0.678,0.206,0.586,0.605,0.66,0.522,0.778,0.771,-0.237,-0.292,-0.036,-0.226,0.82,0.5,0.539,0.628,0.663,0.345,0.718,-0.267,0.771,0.64,0.584,0.101,0.511,0.679,0.727,-0.202,0.602,0.793,0.372,0.619,0.508,0.435,0.222
ARDX,-0.208,0.505,0.791,-0.418,0.054,-0.488,-0.075,-0.317,-0.203,-0.415,0.11,-0.434,0.262,-0.528,-0.131,-0.299,0.007,1.0,-0.352,-0.302,-0.169,0.376,-0.305,-0.427,0.077,-0.196,-0.39,0.448,-0.338,-0.536,-0.489,-0.436,-0.287,-0.37,-0.359,-0.482,-0.379,-0.202,0.235,-0.132,0.01,-0.134,-0.311,-0.348,0.403,-0.168,0.338,-0.06,-0.129,-0.226,-0.315,-0.364,-0.086,-0.536,-0.597,-0.421,-0.204,-0.487,-0.589,-0.132,-0.375,-0.608,-0.287,-0.462,-0.272,0.141,0.162,0.071,-0.303,-0.31,-0.255,-0.493,-0.392,-0.429,-0.556,-0.454,-0.357,0.142,-0.15,-0.136,-0.353,-0.042,-0.333,-0.522,-0.318,-0.248,-0.427,-0.141,0.319,-0.245,-0.362,-0.137,-0.013,-0.615,-0.361,-0.377,-0.355,0.488,-0.191,0.124,-0.26,-0.398,0.667,0.561,-0.197,-0.468,-0.301,-0.387,-0.519,-0.3,-0.428,0.03,0.617,-0.374,-0.229,-0.213,0.125,-0.248,-0.401,-0.518,0.031,-0.388,-0.541,-0.396,-0.467,-0.186,-0.105,-0.17,0.545,-0.429,-0.054,0.447,-0.531,-0.377,-0.316,-0.309,-0.17,-0.285,-0.116,-0.406,-0.254,0.436,-0.621,0.189,-0.305,-0.16,-0.062,-0.506,-0.234,-0.218,-0.506,-0.35,-0.253,-0.23,-0.419,0.369,-0.344,0.353,-0.439,-0.195,0.029,0.368,0.51,-0.4,-0.352,-0.167,0.383,-0.218,-0.394,-0.318,-0.413,-0.159,-0.291,0.254,-0.416,-0.593,0.428,-0.175,-0.262,-0.302,-0.29,-0.211,-0.214,-0.352,-0.376,0.045,-0.232,-0.31,-0.075,0.031,-0.107,-0.2,0.201,-0.028,0.047,0.475,0.354,-0.333,-0.467,-0.402
ATER,0.635,-0.53,-0.38,0.182,0.315,0.672,0.154,0.582,0.676,0.577,0.473,-0.002,0.337,0.253,0.578,0.811,0.646,-0.352,1.0,0.668,0.575,0.121,0.569,0.331,0.528,0.67,0.652,0.19,0.643,0.423,0.71,0.482,0.628,0.599,0.68,0.502,0.611,0.425,-0.025,-0.355,0.334,0.559,0.671,0.629,0.116,0.577,-0.175,0.487,0.671,0.683,0.674,0.674,-0.486,0.422,0.507,0.67,0.634,0.551,0.262,0.664,0.391,0.322,0.553,0.66,0.598,0.218,0.039,0.399,0.57,0.622,0.642,0.559,0.553,0.699,0.49,0.571,0.798,-0.593,0.556,0.515,0.471,0.566,0.518,0.444,0.663,0.65,0.531,0.466,0.29,0.638,0.706,0.635,0.62,0.166,0.535,0.634,0.519,-0.489,0.694,0.358,0.546,0.725,-0.229,-0.729,0.621,0.523,0.713,0.645,0.605,0.722,0.605,-0.584,-0.186,0.355,0.566,0.696,-0.542,0.72,0.606,0.503,0.712,0.797,0.306,0.742,-0.009,-0.238,0.693,0.654,-0.359,0.589,0.631,-0.411,0.335,0.722,0.704,0.687,-0.344,0.672,0.535,0.662,0.69,-0.111,0.471,0.487,0.533,0.638,-0.355,0.603,0.685,0.668,0.696,0.43,0.769,0.523,0.727,0.506,0.603,0.065,0.632,0.755,0.496,0.244,0.208,0.651,0.635,0.715,0.093,0.58,0.632,0.691,0.646,0.611,0.64,-0.373,-0.141,0.265,-0.331,0.655,0.372,0.594,0.69,0.41,0.329,0.663,0.012,0.609,0.601,0.656,0.138,0.278,0.546,0.569,-0.328,0.642,0.598,-0.011,0.47,0.403,0.614,0.374
ATOS,0.728,-0.52,-0.343,0.35,0.278,0.774,0.067,0.524,0.827,0.854,0.52,0.197,0.319,0.465,0.751,0.755,0.589,-0.302,0.668,1.0,0.657,-0.049,0.711,0.425,0.55,0.85,0.895,0.11,0.875,0.53,0.784,0.774,0.686,0.753,0.817,0.513,0.834,0.466,-0.394,-0.365,0.185,0.698,0.826,0.775,0.166,0.731,-0.251,0.564,0.824,0.747,0.766,0.902,-0.538,0.649,0.724,0.766,0.789,0.756,0.542,0.657,0.608,0.447,0.595,0.815,0.604,0.097,-0.128,0.369,0.709,0.685,0.797,0.607,0.721,0.787,0.566,0.743,0.743,-0.544,0.63,0.637,0.552,0.594,0.72,0.802,0.669,0.697,0.835,0.671,0.074,0.691,0.79,0.759,0.594,0.459,0.646,0.767,0.58,-0.507,0.756,0.309,0.687,0.718,-0.26,-0.648,0.61,0.681,0.862,0.675,0.737,0.752,0.784,-0.503,-0.277,0.495,0.809,0.821,-0.515,0.882,0.678,0.7,0.629,0.828,0.507,0.578,0.035,-0.124,0.712,0.712,-0.368,0.711,0.705,-0.422,0.452,0.72,0.811,0.732,-0.179,0.837,0.547,0.777,0.841,-0.192,0.71,0.616,0.619,0.759,-0.362,0.677,0.729,0.896,0.655,0.693,0.665,0.583,0.81,0.457,0.626,-0.018,0.637,0.811,0.683,0.212,0.249,0.729,0.826,0.694,0.093,0.747,0.737,0.839,0.819,0.601,0.716,-0.385,0.062,0.367,-0.452,0.692,0.521,0.898,0.791,0.545,0.198,0.703,0.212,0.538,0.782,0.758,0.209,0.275,0.76,0.728,-0.457,0.735,0.667,-0.036,0.47,0.537,0.722,0.532
AUPH,0.594,-0.527,-0.254,0.162,0.516,0.607,-0.014,0.358,0.665,0.635,0.517,-0.015,0.238,0.378,0.613,0.75,0.591,-0.169,0.575,0.657,1.0,0.217,0.566,0.199,0.448,0.653,0.607,0.171,0.743,0.503,0.614,0.552,0.579,0.797,0.695,0.491,0.69,0.545,-0.439,-0.518,0.108,0.782,0.679,0.79,0.008,0.731,-0.279,0.492,0.659,0.701,0.708,0.696,-0.533,0.43,0.496,0.708,0.831,0.582,0.387,0.873,0.323,0.254,0.317,0.631,0.533,-0.085,-0.074,0.324,0.772,0.61,0.713,0.392,0.525,0.609,0.267,0.462,0.64,-0.681,0.621,0.604,0.548,0.539,0.509,0.532,0.699,0.552,0.519,0.46,0.105,0.549,0.644,0.686,0.576,0.151,0.552,0.653,0.44,-0.511,0.803,0.342,0.522,0.643,-0.131,-0.639,0.63,0.501,0.815,0.571,0.534,0.676,0.572,-0.638,-0.206,0.409,0.58,0.761,-0.626,0.726,0.471,0.528,0.582,0.653,0.263,0.565,-0.139,-0.238,0.569,0.717,-0.336,0.61,0.849,-0.294,0.387,0.683,0.783,0.634,-0.386,0.733,0.533,0.647,0.586,-0.146,0.474,0.591,0.692,0.82,-0.239,0.692,0.737,0.734,0.535,0.388,0.596,0.624,0.616,0.572,0.404,-0.019,0.594,0.706,0.624,0.216,0.348,0.642,0.65,0.669,0.012,0.554,0.592,0.687,0.641,0.602,0.654,-0.324,-0.052,0.263,-0.411,0.623,0.511,0.624,0.693,0.422,0.189,0.739,-0.125,0.479,0.683,0.731,-0.133,0.186,0.626,0.615,-0.409,0.598,0.653,-0.025,0.473,0.352,0.749,0.42
AVGO,0.047,0.504,0.224,0.031,0.682,-0.152,0.349,0.286,0.027,-0.172,0.603,-0.177,0.512,0.168,0.032,0.156,0.273,0.376,0.121,-0.049,0.217,1.0,-0.247,-0.052,0.259,0.02,-0.174,0.46,-0.035,-0.133,-0.028,-0.298,-0.167,0.065,-0.047,0.087,-0.113,-0.095,0.488,0.103,0.391,0.36,-0.082,-0.068,0.224,0.216,0.507,0.471,0.163,-0.044,0.234,-0.061,0.011,-0.312,-0.17,0.078,0.084,-0.127,-0.215,0.251,-0.42,-0.189,0.067,-0.033,0.115,0.449,0.755,0.274,0.181,0.077,0.057,-0.337,0.085,-0.032,-0.148,-0.094,0.066,-0.011,0.526,0.555,0.192,0.232,0.021,-0.291,0.082,0.127,-0.253,-0.155,0.685,-0.059,-0.189,0.14,0.228,-0.307,0.049,-0.115,-0.047,0.47,0.107,0.406,-0.273,0.08,0.711,0.126,0.194,0.167,0.105,0.075,-0.143,0.236,-0.095,-0.129,0.694,0.302,-0.223,0.153,0.124,0.063,0.201,-0.023,0.353,-0.155,-0.205,0.203,-0.099,0.127,0.2,0.153,0.486,-0.154,0.343,0.59,-0.059,0.037,0.154,-0.039,-0.082,0.074,0.299,-0.024,-0.037,0.609,-0.206,0.382,-0.082,0.216,0.332,-0.116,0.156,0.072,-0.147,-0.36,0.141,0.209,0.017,0.458,-0.364,0.649,-0.199,0.059,0.178,0.467,0.39,-0.07,-0.154,-0.013,0.257,-0.093,-0.129,0.103,-0.15,0.338,0.091,0.528,-0.259,-0.066,0.522,0.131,0.201,-0.135,0.037,0.028,0.214,-0.047,-0.258,0.419,0.067,0.226,-0.095,0.508,0.077,0.16,0.438,-0.009,0.325,0.433,0.455,-0.066,-0.066,-0.087
AZN,0.705,-0.656,-0.336,0.008,0.012,0.621,-0.01,0.383,0.655,0.63,0.246,-0.111,0.387,0.16,0.567,0.675,0.582,-0.305,0.569,0.711,0.566,-0.247,1.0,0.305,0.481,0.62,0.676,0.067,0.629,0.437,0.59,0.579,0.872,0.64,0.77,0.43,0.741,0.52,-0.422,-0.518,0.114,0.489,0.795,0.673,0.134,0.53,-0.394,0.297,0.637,0.768,0.483,0.678,-0.563,0.443,0.447,0.528,0.638,0.566,0.241,0.564,0.474,0.228,0.478,0.728,0.598,-0.025,-0.322,0.303,0.459,0.568,0.586,0.559,0.417,0.568,0.448,0.525,0.66,-0.525,0.366,0.338,0.375,0.526,0.504,0.633,0.587,0.669,0.732,0.597,0.007,0.894,0.662,0.646,0.586,0.171,0.508,0.659,0.436,-0.635,0.644,0.298,0.727,0.54,-0.41,-0.69,0.547,0.425,0.687,0.566,0.604,0.619,0.557,-0.532,-0.391,0.158,0.678,0.68,-0.606,0.672,0.466,0.505,0.58,0.667,0.263,0.34,-0.117,-0.361,0.628,0.636,-0.427,0.638,0.486,-0.669,0.26,0.685,0.569,0.634,-0.431,0.644,0.41,0.625,0.659,-0.217,0.443,0.497,0.559,0.593,-0.519,0.595,0.674,0.735,0.494,0.631,0.565,0.456,0.598,0.408,0.679,-0.057,0.618,0.667,0.517,0.174,0.27,0.726,0.687,0.628,0.106,0.599,0.724,0.602,0.771,0.525,0.625,-0.58,-0.055,0.183,-0.593,0.635,0.312,0.682,0.701,0.459,0.071,0.75,0.004,0.401,0.592,0.526,0.159,0.112,0.604,0.539,-0.426,0.609,0.59,-0.081,0.322,0.361,0.544,0.31
BCRX,0.379,-0.107,-0.395,0.388,0.115,0.339,0.373,0.496,0.398,0.376,0.073,0.36,0.041,0.46,0.311,0.357,0.215,-0.427,0.331,0.425,0.199,-0.052,0.305,1.0,0.2,0.235,0.374,-0.234,0.445,0.089,0.337,0.29,0.323,0.352,0.251,0.364,0.454,0.064,0.017,0.206,0.134,0.154,0.202,0.362,0.005,0.192,-0.058,0.226,0.261,0.207,0.498,0.502,-0.067,0.338,0.495,0.369,0.253,0.373,0.525,0.191,0.317,0.442,0.403,0.452,0.303,0.192,-0.029,0.129,0.28,0.244,0.3,0.477,0.541,0.351,0.49,0.692,0.327,0.09,0.252,0.271,0.014,0.127,0.338,0.464,0.26,0.335,0.379,0.3,0.033,0.381,0.321,0.197,0.19,0.447,0.449,0.408,0.248,-0.09,0.316,0.157,0.327,0.286,-0.141,-0.261,0.159,0.49,0.434,0.357,0.47,0.453,0.416,0.123,-0.225,0.422,0.286,0.399,0.133,0.332,0.41,0.354,0.14,0.432,0.331,0.43,0.549,0.407,0.318,0.136,-0.251,0.314,0.16,-0.178,0.375,0.342,0.426,0.375,0.366,0.33,0.418,0.366,0.32,-0.128,0.516,0.135,0.137,0.222,-0.037,0.263,0.219,0.403,0.369,0.326,0.272,0.191,0.385,-0.005,0.41,0.025,0.22,0.264,0.023,0.018,-0.174,0.167,0.297,0.188,-0.264,0.244,0.415,0.279,0.238,0.254,0.255,-0.133,0.427,0.286,-0.139,0.29,0.256,0.328,0.411,0.323,0.109,0.376,0.408,0.091,0.204,0.305,0.223,0.088,0.065,0.322,0.143,0.221,0.094,0.006,-0.038,0.362,0.312,0.413
BGC,0.577,-0.208,-0.109,-0.221,0.342,0.435,0.329,0.599,0.596,0.357,0.533,-0.305,0.697,0.051,0.611,0.499,0.767,0.077,0.528,0.55,0.448,0.259,0.481,0.2,1.0,0.524,0.445,0.574,0.407,0.103,0.502,0.167,0.513,0.417,0.492,0.539,0.534,0.259,0.136,-0.386,0.411,0.579,0.568,0.367,0.493,0.459,0.24,0.672,0.696,0.609,0.411,0.434,-0.406,-0.058,0.172,0.398,0.593,0.349,-0.024,0.51,0.017,-0.098,0.539,0.44,0.609,0.517,0.261,0.642,0.461,0.509,0.587,0.346,0.196,0.33,0.249,0.309,0.493,-0.3,0.582,0.538,0.373,0.645,0.529,0.287,0.421,0.696,0.323,0.3,0.522,0.497,0.425,0.661,0.74,-0.146,0.427,0.503,0.491,-0.178,0.582,0.719,0.403,0.432,0.205,-0.323,0.689,0.291,0.598,0.54,0.338,0.625,0.291,-0.549,0.208,0.16,0.353,0.557,-0.358,0.552,0.431,0.216,0.621,0.504,0.03,0.351,-0.321,-0.391,0.758,0.654,0.053,0.378,0.488,-0.186,0.114,0.55,0.426,0.61,-0.489,0.553,0.718,0.407,0.653,0.368,0.196,0.731,0.372,0.617,-0.24,0.352,0.63,0.702,0.167,0.229,0.438,0.56,0.368,0.713,0.355,0.582,0.235,0.594,0.55,0.677,0.652,0.468,0.38,0.555,0.444,0.46,0.534,0.62,0.424,0.705,0.627,-0.069,-0.363,-0.086,-0.056,0.596,0.277,0.437,0.409,0.598,0.204,0.571,-0.349,0.762,0.588,0.471,0.365,0.62,0.699,0.627,-0.094,0.621,0.786,0.607,0.686,0.371,0.271,-0.085
BIDU,0.663,-0.523,-0.253,0.302,0.241,0.647,-0.048,0.454,0.776,0.73,0.531,0.051,0.34,0.274,0.807,0.741,0.615,-0.196,0.67,0.85,0.653,0.02,0.62,0.235,0.524,1.0,0.879,0.296,0.847,0.461,0.684,0.749,0.575,0.682,0.724,0.431,0.796,0.504,-0.314,-0.408,0.193,0.718,0.725,0.677,0.281,0.73,-0.293,0.481,0.823,0.756,0.675,0.827,-0.603,0.643,0.688,0.746,0.731,0.636,0.393,0.677,0.643,0.341,0.623,0.704,0.561,0.136,-0.11,0.41,0.695,0.603,0.725,0.486,0.608,0.779,0.412,0.625,0.748,-0.584,0.544,0.556,0.448,0.523,0.631,0.633,0.633,0.622,0.735,0.633,0.161,0.604,0.886,0.709,0.617,0.315,0.585,0.722,0.56,-0.489,0.767,0.316,0.61,0.648,-0.194,-0.632,0.686,0.537,0.79,0.638,0.641,0.665,0.711,-0.501,-0.177,0.406,0.77,0.745,-0.606,0.81,0.599,0.639,0.691,0.792,0.477,0.563,-0.06,-0.297,0.676,0.704,-0.383,0.654,0.704,-0.37,0.341,0.724,0.769,0.703,-0.263,0.776,0.529,0.783,0.748,-0.144,0.579,0.634,0.645,0.795,-0.373,0.668,0.589,0.778,0.622,0.61,0.701,0.558,0.724,0.516,0.624,-0.017,0.622,0.747,0.742,0.231,0.321,0.653,0.848,0.813,0.166,0.781,0.642,0.853,0.713,0.591,0.678,-0.391,-0.12,0.265,-0.488,0.682,0.463,0.827,0.755,0.522,0.27,0.691,0.097,0.62,0.724,0.727,0.203,0.189,0.712,0.656,-0.454,0.763,0.672,-0.022,0.601,0.473,0.642,0.405
BILI,0.652,-0.591,-0.393,0.255,0.146,0.706,-0.036,0.45,0.726,0.798,0.446,0.109,0.225,0.393,0.802,0.711,0.514,-0.39,0.652,0.895,0.607,-0.174,0.676,0.374,0.445,0.879,1.0,0.131,0.834,0.51,0.71,0.744,0.597,0.66,0.775,0.532,0.808,0.534,-0.396,-0.394,0.154,0.638,0.799,0.673,0.288,0.683,-0.37,0.471,0.756,0.709,0.609,0.815,-0.532,0.63,0.683,0.682,0.772,0.691,0.453,0.614,0.623,0.383,0.585,0.697,0.552,0.068,-0.228,0.365,0.702,0.624,0.696,0.596,0.58,0.74,0.543,0.722,0.744,-0.558,0.491,0.499,0.462,0.518,0.66,0.765,0.628,0.595,0.775,0.631,0.023,0.583,0.837,0.675,0.556,0.44,0.631,0.856,0.583,-0.604,0.709,0.204,0.631,0.641,-0.395,-0.711,0.654,0.556,0.784,0.635,0.692,0.688,0.704,-0.506,-0.403,0.349,0.756,0.732,-0.561,0.804,0.552,0.599,0.618,0.879,0.45,0.556,0.003,-0.2,0.656,0.671,-0.482,0.712,0.614,-0.518,0.397,0.738,0.763,0.711,-0.144,0.76,0.522,0.764,0.794,-0.276,0.67,0.571,0.655,0.748,-0.387,0.727,0.609,0.775,0.634,0.641,0.676,0.626,0.752,0.385,0.71,-0.165,0.678,0.766,0.705,0.094,0.184,0.662,0.908,0.802,0.022,0.717,0.689,0.761,0.795,0.553,0.665,-0.491,-0.043,0.321,-0.563,0.66,0.473,0.81,0.764,0.51,0.272,0.723,0.184,0.471,0.716,0.747,0.21,0.171,0.774,0.645,-0.499,0.793,0.567,-0.089,0.413,0.525,0.654,0.45
BKR,0.149,0.159,0.295,-0.353,0.237,-0.076,0.085,0.28,0.224,-0.02,0.587,-0.401,0.609,-0.295,0.434,0.136,0.445,0.448,0.19,0.11,0.171,0.46,0.067,-0.234,0.574,0.296,0.131,1.0,-0.017,-0.137,0.047,-0.183,0.069,0.038,0.155,0.205,0.114,0.081,0.362,-0.219,0.441,0.46,0.2,-0.025,0.683,0.209,0.289,0.365,0.383,0.239,0.053,-0.01,-0.145,-0.359,-0.21,0.038,0.329,-0.01,-0.408,0.316,-0.191,-0.343,0.244,-0.01,0.227,0.722,0.382,0.522,0.281,0.259,0.198,-0.217,-0.13,-0.044,-0.057,-0.175,0.101,-0.089,0.318,0.27,0.12,0.404,0.173,-0.186,0.106,0.325,-0.083,0.255,0.571,0.11,0.095,0.393,0.433,-0.497,0.029,0.17,0.232,0.25,0.267,0.457,-0.023,0.017,0.552,0.123,0.439,-0.078,0.201,0.226,0.048,0.247,-0.087,-0.279,0.413,-0.102,0.047,0.199,-0.181,0.234,0.133,-0.059,0.454,0.162,-0.298,0.178,-0.491,-0.428,0.476,0.49,0.323,-0.045,0.303,0.067,-0.194,0.19,0.147,0.312,-0.37,0.179,0.407,0.037,0.259,0.465,-0.28,0.621,0.12,0.407,-0.082,-0.027,0.285,0.252,-0.076,-0.107,0.218,0.369,-0.055,0.571,-0.012,0.608,-0.097,0.3,0.546,0.579,0.675,0.069,0.131,0.363,0.476,0.139,0.176,0.299,0.08,0.454,0.292,0.209,-0.541,-0.242,0.164,0.25,0.066,0.09,0.104,0.187,0.171,0.261,-0.369,0.557,0.264,0.253,0.239,0.358,0.428,0.249,0.028,0.388,0.515,0.637,0.627,0.055,-0.054,-0.314
BLDP,0.742,-0.589,-0.366,0.414,0.322,0.779,0.085,0.463,0.822,0.83,0.431,0.238,0.156,0.463,0.757,0.812,0.562,-0.338,0.643,0.875,0.743,-0.035,0.629,0.445,0.407,0.847,0.834,-0.017,1.0,0.575,0.772,0.829,0.659,0.851,0.787,0.545,0.878,0.592,-0.484,-0.323,0.111,0.687,0.732,0.818,-0.013,0.777,-0.376,0.48,0.782,0.72,0.774,0.928,-0.545,0.748,0.797,0.805,0.774,0.727,0.669,0.713,0.673,0.487,0.632,0.828,0.585,-0.032,-0.166,0.363,0.748,0.652,0.822,0.647,0.763,0.852,0.53,0.794,0.8,-0.585,0.558,0.57,0.482,0.538,0.725,0.798,0.733,0.66,0.825,0.595,0.008,0.626,0.879,0.699,0.565,0.517,0.715,0.765,0.621,-0.568,0.826,0.285,0.694,0.769,-0.306,-0.682,0.601,0.715,0.878,0.663,0.747,0.739,0.855,-0.498,-0.352,0.534,0.802,0.832,-0.507,0.835,0.648,0.749,0.567,0.762,0.574,0.537,0.09,-0.102,0.642,0.666,-0.441,0.766,0.715,-0.386,0.488,0.767,0.849,0.714,-0.138,0.838,0.569,0.836,0.77,-0.249,0.809,0.535,0.603,0.761,-0.368,0.705,0.64,0.806,0.715,0.696,0.651,0.529,0.86,0.408,0.636,-0.127,0.721,0.773,0.643,0.146,0.182,0.717,0.8,0.708,0.03,0.772,0.706,0.833,0.768,0.55,0.723,-0.477,0.141,0.389,-0.503,0.71,0.598,0.896,0.835,0.582,0.296,0.734,0.171,0.465,0.808,0.729,0.184,0.148,0.605,0.718,-0.409,0.656,0.601,-0.158,0.373,0.604,0.732,0.637
BLNK,0.346,-0.599,-0.431,0.397,0.234,0.632,-0.153,0.225,0.445,0.659,0.267,0.373,-0.103,0.485,0.319,0.495,0.216,-0.536,0.423,0.53,0.503,-0.133,0.437,0.089,0.103,0.461,0.51,-0.137,0.575,1.0,0.648,0.667,0.459,0.688,0.758,0.581,0.553,0.33,-0.456,-0.203,-0.033,0.573,0.713,0.6,-0.313,0.534,-0.427,0.236,0.44,0.542,0.499,0.514,-0.007,0.579,0.641,0.573,0.458,0.598,0.574,0.407,0.381,0.575,0.306,0.659,0.322,-0.181,-0.094,0.149,0.653,0.619,0.486,0.46,0.518,0.553,0.553,0.339,0.479,-0.491,0.423,0.388,0.831,0.296,0.502,0.669,0.434,0.432,0.645,0.305,-0.261,0.367,0.52,0.435,0.217,0.465,0.34,0.43,0.511,-0.528,0.411,-0.03,0.452,0.577,-0.463,-0.583,0.327,0.658,0.519,0.505,0.516,0.473,0.575,-0.364,-0.519,0.488,0.495,0.455,-0.411,0.515,0.626,0.735,0.213,0.465,0.555,0.397,0.128,-0.082,0.246,0.436,-0.478,0.521,0.418,-0.28,0.499,0.51,0.532,0.384,-0.07,0.502,0.161,0.535,0.481,-0.43,0.638,0.095,0.589,0.565,0.076,0.69,0.549,0.438,0.672,0.611,0.346,0.397,0.545,-0.001,0.275,-0.237,0.499,0.424,0.354,-0.166,-0.134,0.819,0.605,0.391,0.001,0.417,0.443,0.547,0.811,0.238,0.507,-0.189,0.249,0.837,-0.453,0.331,0.547,0.604,0.414,0.339,0.212,0.457,0.208,0.065,0.476,0.535,0.067,0.157,0.453,0.491,-0.361,0.2,0.317,-0.403,-0.062,0.419,0.611,0.539
BYND,0.629,-0.673,-0.49,0.25,0.243,0.936,0.126,0.536,0.772,0.865,0.412,0.198,0.236,0.378,0.566,0.723,0.519,-0.489,0.71,0.784,0.614,-0.028,0.59,0.337,0.502,0.684,0.71,0.047,0.772,0.648,1.0,0.655,0.708,0.737,0.763,0.632,0.746,0.435,-0.307,-0.356,0.254,0.655,0.796,0.657,-0.031,0.682,-0.349,0.453,0.69,0.706,0.676,0.718,-0.425,0.537,0.701,0.694,0.691,0.679,0.516,0.571,0.425,0.373,0.571,0.806,0.597,0.096,-0.033,0.333,0.671,0.708,0.749,0.573,0.617,0.726,0.573,0.578,0.752,-0.631,0.544,0.509,0.682,0.571,0.699,0.683,0.639,0.659,0.726,0.487,0.032,0.612,0.706,0.679,0.515,0.389,0.552,0.648,0.62,-0.611,0.692,0.274,0.548,0.783,-0.354,-0.71,0.567,0.625,0.762,0.696,0.708,0.702,0.738,-0.519,-0.366,0.416,0.58,0.723,-0.575,0.743,0.768,0.715,0.55,0.694,0.461,0.585,0.041,-0.257,0.626,0.671,-0.357,0.797,0.622,-0.489,0.444,0.713,0.687,0.667,-0.3,0.73,0.482,0.713,0.857,-0.272,0.757,0.462,0.632,0.718,-0.29,0.71,0.764,0.696,0.663,0.533,0.674,0.583,0.757,0.334,0.536,-0.003,0.647,0.73,0.577,0.098,0.099,0.792,0.682,0.61,0.128,0.599,0.691,0.788,0.769,0.561,0.797,-0.363,-0.023,0.444,-0.547,0.633,0.464,0.795,0.666,0.457,0.274,0.657,0.097,0.445,0.819,0.706,0.205,0.324,0.652,0.683,-0.422,0.568,0.609,-0.143,0.295,0.494,0.679,0.471
