,AAL,AAPL,ABUS,ADBE,ADI,ADMA,AEP,AGNC,AKBA,ALT,AMAT,AMD,AMGN,AMZN,APA,APPS,ARCC,ARDX,ATER,ATOS,AUPH,AVGO,AZN,BCRX,BGC,BIDU,BILI,BKR,BLDP,BLNK,BYND,CAN,CELH,CG,CGC,CHRD,CLNE,CMCSA,COMM,COST,CPB,CPRT,CRON,CRWD,CSCO,CSGP,CSX,CTSH,CZR,DBX,DDOG,DKNG,DLTR,DOCU,DVAX,DXCM,EA,EBAY,ENPH,ERIC,ESPR,ETSY,EXC,EXEL,EXPE,FANG,FAST,FITB,FLEX,FOLD,FOXA,FSLR,FTNT,FUTU,GEN,GERN,GEVO,GILD,GOOG,GOOGL,GPRO,GT,HBAN,HIVE,HON,HST,HUT,IBRX,INTC,IOVA,IQ,IRWD,JBLU,JD,KDP,KHC,LBTYK,LRCX,LYFT,MAR,MARA,MAT,MCHP,MCRB,MDLZ,META,MGNI,MLCO,MNKD,MNST,MOMO,MRNA,MRVL,MSFT,MSTR,MTCH,MU,MVIS,NDAQ,NFLX,NKTR,NNDM,NTES,NTNX,NVAX,NVDA,NWL,NWSA,NXPI,OCGN,OKTA,ON,OPK,PAA,PACB,PAGP,PANW,PARA,PCAR,PDD,PENN,PEP,PLUG,PTEN,PTON,PYPL,QCOM,QUBT,QVCGA,RDFN,REAL,RIOT,ROKU,ROST,RUN,SABR,SAVA,SBUX,SFIX,SGMO,SIRI,SLM,SMCI,SNDL,SONO,STNE,STX,TCOM,TGTX,TIGR,TLRY,TMUS,TRIP,TSCO,TSLA,TTD,TXN,UAL,UNIT,VERU,VKTX,VLY,VOD,VTRS,VXRT,WBA,WBD,WDAY,WDC,WEN,WW,WYNN,XEL,XP,XRAY,XRX,Z,ZION,ZM,ZS
AAL,1.0,0.218,0.354,0.411,-0.327,0.095,0.492,0.051,-0.002,-0.321,-0.144,0.026,-0.062,0.436,-0.107,0.393,-0.171,0.114,-0.419,-0.237,0.011,-0.148,0.084,0.331,0.527,-0.351,-0.352,-0.12,-0.315,-0.319,0.655,-0.46,-0.369,-0.099,-0.257,-0.236,-0.46,0.119,-0.193,0.019,0.198,0.248,-0.16,-0.311,-0.043,0.037,-0.272,0.338,-0.049,0.338,0.382,0.293,0.081,0.06,0.238,-0.337,0.228,-0.135,-0.399,-0.004,-0.321,0.251,0.444,-0.332,-0.331,-0.224,0.043,-0.254,-0.327,0.414,-0.221,-0.296,-0.154,-0.342,-0.207,0.268,-0.349,-0.258,-0.014,0.007,0.097,-0.139,-0.263,-0.206,0.331,0.036,-0.462,-0.005,-0.063,0.009,-0.372,0.268,0.228,-0.497,-0.219,0.337,-0.15,-0.052,0.424,0.392,-0.42,-0.035,-0.186,-0.283,0.015,0.351,-0.051,0.137,0.591,-0.357,-0.199,0.533,-0.147,0.344,-0.326,0.118,-0.334,0.042,-0.344,0.424,0.022,-0.236,-0.454,0.413,0.327,-0.204,-0.317,-0.246,-0.327,-0.479,0.495,-0.292,0.151,-0.012,-0.346,-0.091,-0.212,-0.108,-0.135,-0.498,0.032,0.457,-0.308,-0.147,-0.093,0.16,-0.115,0.156,-0.107,0.154,-0.262,-0.368,-0.225,-0.173,-0.399,-0.148,-0.012,0.033,0.506,-0.107,0.305,-0.188,-0.349,-0.42,-0.034,0.29,0.589,0.133,0.079,-0.315,-0.081,-0.143,-0.32,0.103,-0.369,0.458,-0.295,0.844,-0.092,-0.041,-0.023,-0.186,-0.083,-0.366,0.501,-0.279,-0.3,0.458,0.023,0.52,0.594,0.642,0.246,0.505,-0.313,-0.213,-0.105,-0.29,0.522,0.054
AAPL,0.218,1.0,-0.336,0.538,-0.103,-0.148,0.155,0.435,-0.434,-0.462,-0.208,-0.187,-0.117,0.682,-0.322,0.313,-0.106,-0.1,0.148,-0.243,0.228,0.124,-0.08,-0.416,0.078,-0.182,-0.281,-0.171,-0.123,0.202,-0.119,-0.199,-0.182,-0.011,-0.338,-0.274,0.104,0.426,-0.178,0.359,0.433,0.755,-0.337,0.214,-0.047,0.675,-0.039,0.507,-0.147,0.226,0.098,-0.225,-0.183,-0.218,0.096,0.139,0.384,-0.375,-0.071,0.083,-0.143,-0.119,0.025,-0.156,0.012,-0.146,0.165,-0.101,0.069,0.171,-0.118,0.3,0.481,-0.39,0.277,-0.34,-0.039,-0.256,0.481,0.567,-0.281,-0.16,-0.143,-0.19,0.373,0.184,-0.087,0.184,-0.176,0.161,-0.291,0.009,0.172,-0.051,0.535,0.421,-0.195,-0.211,0.261,0.409,-0.169,-0.216,-0.175,-0.028,0.45,0.391,0.517,0.293,-0.033,0.132,-0.318,-0.331,-0.092,0.746,-0.111,0.131,-0.267,0.437,-0.157,0.277,0.095,0.126,-0.142,0.404,-0.209,-0.189,-0.041,0.096,-0.132,0.211,0.292,-0.181,-0.379,-0.136,0.023,-0.213,0.37,-0.176,-0.07,-0.086,-0.084,0.597,-0.215,-0.26,0.41,0.183,-0.049,-0.122,-0.123,0.005,-0.15,-0.0,-0.144,0.571,-0.06,0.123,-0.375,0.541,-0.103,0.657,0.32,-0.278,-0.079,-0.274,-0.153,0.485,0.087,-0.414,0.167,-0.206,-0.317,0.503,-0.121,-0.136,-0.12,0.059,-0.128,0.058,0.055,-0.142,-0.28,-0.145,-0.166,0.031,-0.251,-0.255,-0.189,0.505,-0.265,0.256,0.066,0.436,0.248,0.362,-0.225,0.181,-0.087,-0.069,-0.284,0.267
ABUS,0.354,-0.336,1.0,0.013,0.09,0.365,0.079,-0.24,0.529,0.314,0.158,0.539,0.243,-0.149,0.16,0.167,-0.059,0.714,-0.303,-0.043,0.085,0.091,0.171,0.61,0.488,-0.102,-0.08,0.194,0.032,-0.081,0.346,-0.306,-0.18,0.063,0.066,0.149,-0.317,0.018,0.199,-0.339,-0.318,-0.199,0.147,-0.033,0.339,-0.284,0.179,0.232,0.382,0.394,0.651,0.647,0.584,0.513,0.346,-0.17,0.041,0.338,-0.134,-0.137,0.212,0.4,0.432,0.159,-0.129,-0.0,0.331,0.084,-0.105,0.343,-0.216,-0.247,-0.12,-0.078,-0.004,0.701,-0.266,0.201,0.097,0.04,0.527,0.133,0.118,0.242,-0.004,-0.112,0.001,-0.105,0.077,0.284,0.176,0.54,-0.017,-0.369,-0.392,-0.071,0.198,0.158,0.194,0.073,0.1,0.39,0.242,0.134,-0.394,-0.013,-0.522,-0.105,0.695,-0.11,0.047,0.758,0.231,-0.054,-0.139,0.406,-0.044,-0.093,0.014,-0.028,0.457,-0.303,0.029,0.156,0.503,0.394,-0.048,-0.171,0.037,-0.536,0.403,-0.009,0.549,0.222,-0.098,0.191,-0.079,-0.056,0.183,-0.468,0.394,-0.109,0.094,0.126,-0.098,0.333,0.058,0.158,-0.034,0.608,0.02,-0.097,0.346,-0.34,0.063,0.035,0.243,-0.291,0.407,-0.375,-0.146,0.175,-0.078,-0.002,0.332,0.006,0.401,0.365,0.295,-0.184,0.053,-0.234,0.068,0.419,0.054,0.384,0.215,0.46,-0.09,0.401,0.609,0.193,0.162,-0.275,0.655,0.192,-0.077,0.185,0.045,0.137,0.408,0.124,0.0,0.418,0.049,-0.023,0.496,0.028,0.405,0.111
ADBE,0.411,0.538,0.013,1.0,-0.545,0.072,0.672,-0.174,-0.403,-0.581,-0.527,0.202,-0.494,0.73,-0.58,0.366,-0.564,0.013,-0.553,-0.582,-0.066,-0.315,-0.456,-0.321,0.572,-0.576,-0.69,-0.535,-0.557,-0.396,0.399,-0.496,-0.644,-0.447,-0.65,-0.646,-0.537,0.508,-0.594,0.292,0.696,0.79,-0.589,-0.253,-0.274,0.624,-0.413,0.604,-0.369,0.505,0.418,-0.064,-0.123,-0.129,0.109,-0.102,0.711,-0.503,-0.553,0.084,-0.059,-0.071,-0.0,-0.527,-0.544,-0.644,-0.135,-0.545,-0.344,0.521,-0.527,-0.183,0.24,-0.735,0.365,-0.109,-0.699,-0.584,0.115,0.221,-0.272,-0.535,-0.584,-0.456,0.449,-0.322,-0.571,-0.152,-0.587,-0.152,-0.728,0.523,-0.307,-0.539,-0.001,0.868,-0.45,-0.545,0.397,0.337,-0.603,-0.489,-0.547,-0.347,0.376,0.796,0.119,0.68,0.372,-0.238,-0.547,0.042,-0.452,0.897,-0.583,0.328,-0.645,0.089,-0.566,0.781,0.259,-0.394,-0.512,0.747,-0.264,-0.117,-0.552,-0.517,-0.531,-0.422,0.653,-0.555,-0.272,-0.565,-0.623,-0.593,-0.034,-0.583,-0.476,-0.526,-0.224,0.875,-0.557,-0.594,-0.126,0.072,-0.487,0.228,-0.536,0.052,-0.591,-0.654,-0.48,0.154,-0.526,-0.364,-0.562,0.31,0.178,0.15,0.642,-0.553,-0.597,-0.625,-0.436,0.792,0.698,-0.032,0.401,-0.668,-0.579,0.584,-0.606,-0.266,-0.586,0.569,-0.465,0.02,-0.504,-0.35,-0.308,-0.529,-0.535,-0.063,0.019,-0.585,-0.63,0.775,-0.06,0.83,0.379,0.758,0.455,0.55,-0.589,-0.303,-0.273,-0.548,0.283,0.022
ADI,-0.327,-0.103,0.09,-0.545,1.0,-0.082,-0.554,0.444,0.55,0.472,0.9,0.164,0.841,-0.456,0.78,-0.013,0.734,0.378,0.686,0.687,0.298,0.855,0.576,0.369,-0.335,0.795,0.787,0.863,0.852,0.483,-0.369,0.452,0.794,0.817,0.766,0.818,0.664,0.037,0.853,-0.083,-0.499,-0.325,0.762,0.626,0.779,-0.238,0.885,-0.139,0.767,-0.335,-0.002,0.306,0.503,0.402,0.139,0.443,-0.288,0.756,0.735,-0.006,0.223,0.342,0.416,0.913,0.823,0.825,0.653,0.909,0.748,-0.158,0.717,0.51,0.329,0.776,0.099,0.298,0.547,0.808,0.448,0.367,0.472,0.879,0.896,0.614,-0.106,0.647,0.815,0.236,0.762,0.608,0.777,-0.148,0.54,0.554,0.465,-0.599,0.643,0.848,-0.116,0.088,0.858,0.796,0.916,0.682,0.031,-0.574,0.031,-0.485,-0.241,0.768,0.678,-0.14,0.88,-0.414,0.841,0.089,0.854,0.035,0.878,-0.578,0.132,0.508,0.876,-0.434,0.25,0.505,0.895,0.725,0.937,0.386,-0.329,0.893,0.334,0.726,0.786,0.747,0.462,0.795,0.865,0.329,0.622,-0.456,0.857,0.812,0.422,0.388,0.87,-0.354,0.74,0.222,0.833,0.818,0.804,0.343,0.884,0.757,0.588,0.113,-0.048,0.013,-0.438,0.853,0.844,0.799,0.654,-0.502,-0.497,0.011,0.001,0.775,0.7,-0.124,0.927,0.635,0.911,-0.566,0.924,0.059,0.678,0.478,0.562,0.858,0.706,0.25,0.025,0.9,0.867,-0.433,0.006,-0.589,-0.194,-0.472,-0.201,-0.136,0.873,0.646,0.646,0.897,-0.316,0.361
ADMA,0.095,-0.148,0.365,0.072,-0.082,1.0,0.052,-0.248,0.413,0.456,-0.043,0.216,-0.103,-0.21,0.054,0.164,-0.233,0.347,-0.083,-0.166,-0.211,-0.093,-0.185,0.168,0.356,-0.288,-0.061,0.09,-0.139,-0.107,0.247,-0.099,-0.123,-0.12,0.048,0.064,-0.059,-0.312,-0.005,-0.32,0.102,-0.151,-0.01,0.223,-0.03,-0.035,-0.021,-0.008,0.161,0.34,0.36,0.377,0.279,0.357,0.425,-0.036,-0.07,0.061,0.088,-0.171,0.321,0.089,-0.108,0.012,-0.086,-0.014,0.078,0.042,0.105,0.537,-0.267,0.036,-0.042,-0.143,0.348,0.465,-0.269,0.155,-0.076,-0.158,0.176,-0.125,0.065,0.141,0.025,-0.346,-0.105,0.293,-0.153,0.188,-0.04,0.484,-0.303,-0.25,-0.425,0.034,0.109,0.017,-0.043,-0.204,-0.02,0.134,0.053,0.186,-0.416,-0.038,-0.181,0.025,0.359,-0.293,-0.161,0.451,-0.002,0.083,-0.157,0.293,-0.081,0.185,-0.126,-0.056,0.382,-0.12,-0.004,0.312,0.156,0.183,-0.018,-0.006,-0.024,-0.242,0.376,-0.095,0.604,0.201,0.03,0.149,0.199,-0.162,0.017,-0.37,0.18,-0.204,-0.109,0.079,0.101,0.378,-0.121,0.418,-0.132,0.421,-0.052,-0.226,0.096,-0.328,0.09,-0.134,0.058,-0.389,0.23,0.184,-0.011,0.045,-0.146,0.092,0.274,0.254,0.264,0.169,0.482,-0.161,-0.113,-0.073,-0.056,0.215,-0.059,0.407,-0.021,0.09,-0.096,0.286,0.386,0.093,0.06,-0.204,0.597,-0.013,-0.152,0.224,0.135,0.11,0.158,0.067,-0.133,0.148,0.032,-0.148,0.451,0.06,0.417,0.086
AEP,0.492,0.155,0.079,0.672,-0.554,0.052,1.0,-0.365,-0.212,-0.513,-0.499,0.154,-0.388,0.567,-0.486,0.097,-0.429,-0.19,-0.678,-0.597,-0.339,-0.499,-0.124,-0.067,0.648,-0.572,-0.661,-0.459,-0.606,-0.667,0.376,-0.234,-0.627,-0.592,-0.617,-0.584,-0.635,0.366,-0.537,0.469,0.728,0.418,-0.599,-0.552,-0.405,0.381,-0.516,0.521,-0.302,0.238,0.072,-0.246,-0.118,-0.363,-0.162,-0.067,0.541,-0.441,-0.627,0.359,-0.033,-0.282,0.121,-0.578,-0.43,-0.557,-0.422,-0.563,-0.381,0.362,-0.309,-0.5,-0.262,-0.606,0.071,0.034,-0.685,-0.4,-0.101,-0.009,-0.302,-0.536,-0.544,-0.439,0.604,-0.203,-0.728,-0.46,-0.364,-0.484,-0.611,0.387,-0.37,-0.513,-0.158,0.77,-0.158,-0.478,0.097,0.317,-0.705,-0.409,-0.497,-0.368,0.397,0.772,-0.126,0.606,0.512,-0.329,-0.503,0.14,-0.499,0.503,-0.566,0.116,-0.496,-0.227,-0.569,0.737,-0.058,-0.551,-0.461,0.462,-0.17,-0.353,-0.537,-0.323,-0.523,-0.419,0.371,-0.605,-0.099,-0.614,-0.718,-0.607,-0.423,-0.538,-0.41,-0.313,-0.453,0.712,-0.639,-0.421,-0.438,-0.263,-0.443,0.313,-0.46,-0.281,-0.644,-0.698,-0.693,0.025,-0.57,-0.42,-0.407,0.287,0.094,-0.18,0.729,-0.526,-0.468,-0.656,-0.535,0.544,0.704,0.263,0.142,-0.642,-0.516,0.423,-0.594,-0.372,-0.485,0.348,-0.55,0.127,-0.33,-0.338,-0.391,-0.43,-0.269,0.021,0.174,-0.581,-0.562,0.43,0.388,0.747,0.239,0.607,0.746,0.153,-0.485,-0.154,-0.434,-0.579,0.313,-0.336
AGNC,0.051,0.435,-0.24,-0.174,0.444,-0.248,-0.365,1.0,0.023,-0.013,0.434,-0.304,0.436,0.018,0.325,0.282,0.48,0.034,0.556,0.387,0.378,0.581,0.351,0.033,-0.327,0.444,0.37,0.413,0.41,0.533,-0.228,0.11,0.441,0.549,0.344,0.389,0.51,0.041,0.49,0.045,-0.248,0.206,0.315,0.537,0.369,0.067,0.393,0.128,0.393,-0.177,0.046,0.087,-0.054,0.081,0.312,0.112,-0.042,0.212,0.394,-0.172,-0.238,0.238,0.333,0.421,0.51,0.532,0.419,0.462,0.388,-0.13,0.322,0.476,0.461,0.263,-0.064,-0.038,0.486,0.3,0.396,0.378,0.105,0.503,0.475,0.105,0.016,0.609,0.364,0.413,0.44,0.508,0.315,-0.319,0.612,0.382,0.637,-0.274,0.19,0.433,0.135,0.321,0.319,0.382,0.398,0.312,0.168,-0.37,0.531,-0.344,-0.333,0.403,0.271,-0.211,0.495,0.031,0.447,-0.041,0.327,0.222,0.406,-0.333,-0.152,0.521,0.314,-0.032,0.088,0.025,0.555,0.47,0.398,0.471,-0.043,0.427,-0.065,0.511,0.516,0.451,0.5,0.477,0.47,0.221,0.387,-0.002,0.332,0.339,0.557,0.356,0.545,-0.337,0.536,0.101,0.373,0.466,0.391,0.418,0.393,0.444,0.18,0.28,0.04,0.401,-0.304,0.394,0.534,0.289,0.369,-0.101,-0.335,-0.302,-0.144,0.409,0.336,-0.025,0.404,0.301,0.442,-0.274,0.409,0.233,0.606,0.111,0.156,0.41,0.323,0.031,-0.165,0.343,0.405,-0.016,-0.268,-0.338,0.06,-0.055,-0.147,0.152,0.362,0.403,0.258,0.489,-0.346,0.51
AKBA,-0.002,-0.434,0.529,-0.403,0.55,0.413,-0.212,0.023,1.0,0.604,0.616,0.385,0.555,-0.472,0.602,0.139,0.406,0.579,0.143,0.377,-0.045,0.476,0.397,0.652,0.1,0.385,0.471,0.664,0.553,0.1,0.131,0.126,0.383,0.415,0.555,0.583,0.17,-0.209,0.544,-0.37,-0.476,-0.487,0.6,0.342,0.532,-0.379,0.564,-0.116,0.655,0.066,0.306,0.573,0.581,0.602,0.366,0.118,-0.256,0.704,0.404,-0.25,0.448,0.412,0.409,0.567,0.399,0.485,0.468,0.544,0.471,0.195,0.288,0.113,-0.025,0.519,0.052,0.669,0.196,0.615,0.135,0.017,0.505,0.54,0.585,0.396,-0.112,0.229,0.365,0.144,0.62,0.438,0.478,0.314,0.2,0.092,-0.151,-0.472,0.52,0.617,-0.036,0.003,0.474,0.763,0.636,0.574,-0.377,-0.447,-0.39,-0.371,0.283,0.268,0.524,0.428,0.605,-0.412,0.359,0.313,0.449,-0.026,0.5,-0.344,0.355,0.241,0.536,-0.131,0.426,0.451,0.525,0.315,0.539,-0.173,0.04,0.508,0.761,0.604,0.345,0.622,0.194,0.451,0.577,0.008,0.523,-0.459,0.584,0.629,0.215,0.49,0.513,0.025,0.414,0.413,0.439,0.274,0.536,-0.172,0.509,0.333,0.77,-0.285,0.282,-0.259,-0.374,0.67,0.419,0.453,0.574,-0.347,0.0,0.298,0.356,0.424,0.507,-0.349,0.478,0.665,0.547,-0.034,0.568,0.325,0.343,0.481,0.733,0.618,0.476,-0.05,0.586,0.623,0.464,-0.223,0.146,-0.279,0.086,-0.308,-0.157,0.004,0.585,0.293,0.685,0.507,0.339,0.24
ALT,-0.321,-0.462,0.314,-0.581,0.472,0.456,-0.513,-0.013,0.604,1.0,0.466,0.132,0.424,-0.622,0.488,-0.105,0.322,0.387,0.392,0.277,-0.104,0.374,0.25,0.379,-0.107,0.332,0.538,0.516,0.365,0.269,-0.201,0.286,0.414,0.267,0.553,0.574,0.421,-0.382,0.514,-0.425,-0.614,-0.557,0.452,0.405,0.351,-0.403,0.444,-0.306,0.47,-0.23,0.113,0.375,0.479,0.379,0.221,0.149,-0.516,0.515,0.523,-0.241,0.257,0.148,0.028,0.483,0.383,0.465,0.308,0.488,0.356,0.075,0.175,0.251,-0.079,0.482,0.119,0.481,0.295,0.581,0.071,-0.062,0.326,0.443,0.546,0.648,-0.259,0.029,0.467,0.194,0.324,0.33,0.525,0.12,-0.011,0.27,-0.232,-0.676,0.447,0.403,-0.259,-0.291,0.517,0.564,0.539,0.574,-0.484,-0.62,-0.28,-0.491,0.015,0.17,0.355,0.291,0.506,-0.51,0.394,0.207,0.474,0.047,0.411,-0.611,0.255,0.232,0.499,-0.294,0.303,0.456,0.433,0.32,0.487,0.117,-0.143,0.416,0.663,0.528,0.483,0.578,0.239,0.323,0.469,0.182,0.399,-0.697,0.405,0.457,0.173,0.332,0.378,0.097,0.311,0.351,0.439,0.382,0.527,-0.175,0.541,0.28,0.401,-0.339,-0.012,-0.105,-0.513,0.51,0.393,0.531,0.504,-0.364,-0.371,0.322,0.142,0.363,0.333,-0.378,0.478,0.398,0.518,-0.109,0.508,-0.014,0.256,0.481,0.617,0.537,0.383,-0.005,0.346,0.489,0.365,-0.37,0.05,-0.568,-0.289,-0.547,-0.368,-0.236,0.514,0.226,0.607,0.498,0.017,0.072
AMAT,-0.144,-0.208,0.158,-0.527,0.9,-0.043,-0.499,0.434,0.616,0.466,1.0,0.153,0.889,-0.473,0.873,0.037,0.76,0.403,0.571,0.753,0.318,0.836,0.628,0.494,-0.263,0.788,0.837,0.935,0.783,0.39,-0.115,0.364,0.794,0.796,0.825,0.859,0.495,-0.069,0.863,-0.167,-0.549,-0.408,0.866,0.542,0.797,-0.394,0.79,-0.221,0.776,-0.338,0.086,0.425,0.517,0.459,0.209,0.274,-0.322,0.843,0.694,-0.068,0.121,0.473,0.499,0.896,0.789,0.82,0.617,0.895,0.674,-0.112,0.724,0.433,0.23,0.811,-0.014,0.382,0.501,0.813,0.348,0.26,0.557,0.863,0.875,0.566,-0.156,0.633,0.741,0.254,0.823,0.609,0.728,-0.097,0.608,0.507,0.357,-0.606,0.609,0.946,-0.084,0.047,0.782,0.82,0.926,0.629,-0.084,-0.592,-0.047,-0.551,-0.171,0.637,0.686,-0.004,0.9,-0.438,0.864,0.089,0.819,-0.021,0.862,-0.531,0.147,0.486,0.826,-0.387,0.241,0.529,0.868,0.638,0.917,0.186,-0.244,0.91,0.45,0.77,0.675,0.77,0.353,0.882,0.846,0.275,0.692,-0.471,0.809,0.874,0.346,0.438,0.913,-0.35,0.823,0.231,0.843,0.725,0.765,0.172,0.811,0.69,0.654,-0.02,0.126,-0.13,-0.512,0.918,0.799,0.778,0.676,-0.533,-0.354,0.087,-0.055,0.782,0.839,-0.275,0.825,0.73,0.852,-0.475,0.906,0.222,0.718,0.512,0.619,0.851,0.667,0.15,0.203,0.913,0.857,-0.426,-0.01,-0.512,-0.036,-0.446,-0.254,-0.095,0.892,0.522,0.637,0.863,-0.13,0.338
AMD,0.026,-0.187,0.539,0.202,0.164,0.216,0.154,-0.304,0.385,0.132,0.153,1.0,0.173,-0.023,0.206,-0.211,0.057,0.475,-0.24,-0.124,-0.071,0.115,0.095,0.161,0.44,-0.021,-0.032,0.191,0.092,-0.261,0.024,0.009,-0.068,0.067,0.06,0.05,-0.238,0.502,0.028,0.036,-0.008,0.105,0.109,-0.066,0.348,0.035,0.347,0.254,0.348,0.265,0.339,0.292,0.579,0.304,-0.077,0.314,0.305,0.334,0.005,0.218,0.631,0.07,0.201,0.192,0.009,0.041,0.276,0.138,0.163,0.23,0.008,-0.07,-0.072,0.034,0.27,0.442,-0.341,0.238,0.339,0.311,0.41,0.173,0.108,0.099,0.224,-0.021,0.031,-0.348,0.029,0.037,0.049,0.554,-0.19,-0.137,-0.169,0.181,0.32,0.111,0.15,0.311,0.103,0.22,0.222,0.193,0.036,0.254,-0.593,0.325,0.436,0.363,0.049,0.172,0.141,0.067,-0.057,0.239,0.098,-0.363,0.135,0.186,0.483,-0.344,0.205,-0.065,-0.017,0.634,-0.001,-0.049,0.203,-0.329,0.059,0.154,0.205,0.048,-0.144,0.057,-0.178,-0.015,0.173,-0.132,0.1,0.103,0.14,0.146,-0.321,0.08,0.116,0.064,-0.043,0.125,-0.035,-0.148,0.102,0.055,0.167,0.266,0.036,0.13,-0.07,-0.366,0.128,0.167,-0.052,0.105,0.005,-0.069,0.277,0.433,0.337,-0.087,-0.054,0.281,0.152,0.097,0.092,0.168,0.268,0.056,-0.272,0.285,0.343,0.242,0.153,0.253,0.226,0.174,0.037,0.009,0.296,0.218,0.176,0.138,0.227,0.096,0.177,0.256,0.305,0.086,0.154,-0.202
AMGN,-0.062,-0.117,0.243,-0.494,0.841,-0.103,-0.388,0.436,0.555,0.424,0.889,0.173,1.0,-0.356,0.777,-0.04,0.785,0.389,0.567,0.606,0.221,0.795,0.75,0.599,-0.2,0.695,0.742,0.853,0.664,0.297,-0.227,0.367,0.726,0.704,0.717,0.806,0.419,0.107,0.841,-0.019,-0.501,-0.302,0.731,0.469,0.789,-0.286,0.798,-0.05,0.763,-0.382,0.065,0.358,0.581,0.316,0.126,0.334,-0.195,0.782,0.614,0.014,0.103,0.299,0.581,0.825,0.818,0.78,0.596,0.859,0.588,-0.162,0.695,0.323,0.152,0.695,-0.078,0.433,0.433,0.887,0.477,0.397,0.426,0.81,0.862,0.506,-0.072,0.694,0.626,0.107,0.768,0.555,0.748,-0.076,0.572,0.471,0.426,-0.56,0.682,0.827,-0.201,0.181,0.68,0.795,0.878,0.616,0.049,-0.492,-0.133,-0.509,0.014,0.692,0.54,0.074,0.851,-0.375,0.762,0.03,0.75,-0.064,0.811,-0.472,0.125,0.342,0.797,-0.407,0.307,0.464,0.8,0.695,0.83,0.205,-0.264,0.777,0.434,0.716,0.622,0.688,0.29,0.783,0.837,0.303,0.565,-0.343,0.653,0.813,0.292,0.329,0.887,-0.253,0.734,0.17,0.732,0.691,0.706,0.284,0.793,0.739,0.552,0.177,0.005,-0.132,-0.478,0.809,0.769,0.697,0.58,-0.524,-0.375,0.197,-0.115,0.673,0.704,-0.187,0.831,0.645,0.864,-0.515,0.869,0.278,0.708,0.497,0.553,0.857,0.696,0.135,0.223,0.841,0.776,-0.387,0.077,-0.472,-0.133,-0.451,-0.04,-0.07,0.833,0.61,0.577,0.812,-0.228,0.256
AMZN,0.436,0.682,-0.149,0.73,-0.456,-0.21,0.567,0.018,-0.472,-0.622,-0.473,-0.023,-0.356,1.0,-0.542,0.18,-0.272,-0.251,-0.36,-0.525,-0.001,-0.274,-0.057,-0.345,0.385,-0.419,-0.584,-0.489,-0.492,-0.317,0.157,-0.324,-0.546,-0.37,-0.623,-0.608,-0.469,0.557,-0.524,0.576,0.571,0.761,-0.57,-0.337,-0.277,0.641,-0.424,0.503,-0.403,0.144,0.091,-0.276,-0.185,-0.362,-0.139,-0.002,0.52,-0.478,-0.505,0.246,-0.235,-0.203,0.056,-0.471,-0.335,-0.502,-0.082,-0.484,-0.363,0.167,-0.312,-0.273,0.056,-0.625,0.095,-0.284,-0.362,-0.519,0.254,0.369,-0.356,-0.422,-0.472,-0.361,0.457,-0.027,-0.476,-0.278,-0.332,-0.283,-0.529,0.172,-0.064,-0.342,0.191,0.669,-0.325,-0.466,0.346,0.441,-0.538,-0.418,-0.475,-0.335,0.51,0.763,0.128,0.559,0.279,-0.136,-0.441,-0.118,-0.404,0.738,-0.418,0.122,-0.512,-0.079,-0.479,0.723,0.028,-0.276,-0.415,0.454,-0.259,-0.261,-0.454,-0.3,-0.459,-0.288,0.336,-0.5,-0.375,-0.491,-0.499,-0.523,-0.168,-0.484,-0.366,-0.158,-0.367,0.848,-0.531,-0.501,-0.206,-0.118,-0.365,0.023,-0.376,-0.197,-0.569,-0.454,-0.496,0.335,-0.495,-0.153,-0.499,0.575,0.015,0.091,0.613,-0.554,-0.404,-0.604,-0.541,0.542,0.438,-0.037,0.088,-0.577,-0.523,0.448,-0.444,-0.388,-0.439,0.343,-0.434,0.127,-0.298,-0.364,-0.421,-0.427,-0.351,-0.083,-0.194,-0.546,-0.489,0.435,-0.061,0.567,0.181,0.643,0.558,0.308,-0.518,-0.052,-0.433,-0.45,0.047,-0.102
APA,-0.107,-0.322,0.16,-0.58,0.78,0.054,-0.486,0.325,0.602,0.488,0.873,0.206,0.777,-0.542,1.0,-0.1,0.651,0.336,0.501,0.714,0.147,0.667,0.597,0.477,-0.189,0.608,0.774,0.923,0.722,0.245,-0.145,0.407,0.761,0.714,0.837,0.921,0.471,-0.136,0.847,-0.164,-0.523,-0.47,0.828,0.415,0.676,-0.449,0.722,-0.299,0.734,-0.362,-0.0,0.478,0.576,0.506,0.103,0.31,-0.468,0.886,0.735,-0.0,0.201,0.405,0.434,0.832,0.753,0.879,0.528,0.84,0.644,-0.126,0.668,0.431,0.038,0.825,-0.027,0.365,0.442,0.799,0.24,0.126,0.544,0.811,0.825,0.555,-0.123,0.607,0.591,0.138,0.74,0.421,0.691,-0.084,0.552,0.603,0.152,-0.569,0.708,0.883,0.008,0.019,0.712,0.801,0.868,0.536,-0.15,-0.599,-0.191,-0.479,-0.117,0.581,0.708,0.068,0.722,-0.56,0.733,0.037,0.795,-0.128,0.78,-0.523,0.116,0.322,0.743,-0.474,0.295,0.508,0.791,0.623,0.847,0.19,-0.306,0.847,0.463,0.807,0.522,0.79,0.184,0.826,0.814,0.31,0.613,-0.541,0.716,0.918,0.193,0.29,0.809,-0.347,0.815,0.179,0.772,0.602,0.658,0.073,0.755,0.653,0.645,-0.117,0.132,-0.233,-0.449,0.863,0.714,0.73,0.632,-0.598,-0.372,0.181,-0.032,0.769,0.744,-0.329,0.741,0.582,0.737,-0.436,0.815,0.286,0.62,0.627,0.528,0.843,0.723,0.193,0.234,0.832,0.811,-0.473,0.067,-0.507,0.006,-0.434,-0.247,-0.194,0.916,0.503,0.63,0.819,-0.093,0.169
APPS,0.393,0.313,0.167,0.366,-0.013,0.164,0.097,0.282,0.139,-0.105,0.037,-0.211,-0.04,0.18,-0.1,1.0,-0.202,0.283,-0.065,0.088,0.364,0.304,-0.191,0.267,0.072,-0.049,-0.203,0.052,0.121,0.249,0.476,-0.459,-0.146,0.217,-0.147,0.002,-0.058,-0.146,0.073,-0.258,0.015,0.282,-0.033,0.368,0.103,0.163,-0.056,0.241,0.007,0.443,0.588,0.342,-0.104,0.408,0.607,-0.468,0.22,-0.05,-0.157,-0.545,-0.348,0.615,0.246,-0.017,-0.152,-0.085,0.265,-0.058,-0.02,0.436,-0.329,0.192,0.604,-0.208,0.183,0.075,-0.01,-0.221,-0.082,-0.056,0.116,-0.024,-0.023,-0.097,-0.004,-0.036,-0.067,0.531,0.07,0.53,-0.135,0.241,0.256,-0.333,0.019,0.089,-0.341,0.106,0.496,0.052,-0.111,0.178,-0.027,0.031,-0.114,-0.049,0.386,-0.197,0.138,-0.25,0.124,0.331,0.236,0.426,-0.143,0.546,-0.245,0.531,-0.032,0.185,0.173,0.308,-0.204,0.737,0.177,-0.052,0.09,-0.216,-0.097,-0.218,0.727,-0.04,0.216,0.157,-0.013,0.112,0.552,-0.009,0.04,-0.501,0.431,0.251,0.097,-0.071,0.594,0.685,0.022,0.23,0.028,0.606,0.042,-0.115,0.231,-0.06,-0.115,-0.162,0.158,-0.121,0.677,0.301,-0.08,0.033,-0.07,-0.245,0.442,0.578,0.368,-0.296,0.442,-0.05,0.066,-0.1,-0.152,0.481,-0.071,0.342,0.019,0.366,0.121,-0.081,0.194,-0.106,-0.237,-0.347,0.326,-0.072,-0.171,0.668,-0.379,0.232,0.368,0.258,-0.131,0.694,-0.138,-0.267,0.255,-0.063,0.419,0.793
ARCC,-0.171,-0.106,-0.059,-0.564,0.734,-0.233,-0.429,0.48,0.406,0.322,0.76,0.057,0.785,-0.272,0.651,-0.202,1.0,0.086,0.588,0.536,0.117,0.687,0.687,0.323,-0.322,0.758,0.789,0.685,0.59,0.305,-0.363,0.607,0.705,0.572,0.613,0.629,0.452,0.081,0.704,0.074,-0.503,-0.279,0.602,0.379,0.591,-0.174,0.674,-0.154,0.585,-0.522,-0.192,0.084,0.358,0.097,-0.058,0.437,-0.183,0.598,0.599,0.111,0.127,0.124,0.344,0.676,0.786,0.695,0.438,0.718,0.568,-0.333,0.73,0.275,0.026,0.725,-0.119,0.163,0.509,0.758,0.377,0.315,0.29,0.75,0.737,0.431,-0.036,0.704,0.594,0.072,0.703,0.327,0.694,-0.269,0.557,0.51,0.413,-0.584,0.61,0.741,-0.24,0.244,0.647,0.619,0.707,0.577,0.124,-0.449,-0.073,-0.362,-0.217,0.651,0.528,-0.151,0.699,-0.433,0.782,-0.136,0.739,-0.147,0.71,-0.424,-0.035,0.508,0.753,-0.556,0.13,0.32,0.722,0.665,0.725,0.318,-0.49,0.73,0.229,0.593,0.602,0.549,0.213,0.736,0.702,0.558,0.301,-0.369,0.578,0.701,0.184,0.125,0.813,-0.223,0.7,-0.072,0.639,0.728,0.531,0.371,0.655,0.731,0.468,0.279,-0.185,-0.106,-0.41,0.692,0.775,0.624,0.396,-0.619,-0.515,0.079,-0.218,0.678,0.595,-0.109,0.737,0.401,0.774,-0.554,0.725,0.15,0.623,0.357,0.344,0.734,0.658,0.336,-0.061,0.694,0.73,-0.566,0.231,-0.615,-0.276,-0.446,-0.069,-0.366,0.726,0.636,0.337,0.699,-0.357,0.102
ARDX,0.114,-0.1,0.714,0.013,0.378,0.347,-0.19,0.034,0.579,0.387,0.403,0.475,0.389,-0.251,0.336,0.283,0.086,1.0,0.029,0.059,0.172,0.458,0.09,0.484,0.347,0.146,0.144,0.44,0.373,0.29,0.149,-0.322,0.045,0.36,0.234,0.381,0.071,0.061,0.411,-0.49,-0.369,-0.061,0.3,0.436,0.631,-0.093,0.511,0.236,0.591,0.414,0.717,0.727,0.639,0.742,0.612,-0.039,-0.018,0.514,0.166,-0.373,0.357,0.55,0.419,0.475,0.125,0.254,0.703,0.356,0.235,0.469,-0.059,0.212,0.362,0.155,0.33,0.623,-0.075,0.335,0.327,0.241,0.567,0.372,0.358,0.266,-0.039,0.04,0.257,0.181,0.19,0.627,0.219,0.641,0.116,-0.181,-0.094,-0.125,0.278,0.366,0.256,0.072,0.351,0.587,0.443,0.432,-0.383,-0.215,-0.24,-0.205,0.465,0.202,0.234,0.519,0.511,0.062,0.069,0.516,0.095,0.213,0.249,-0.274,0.694,0.017,0.299,0.239,0.419,0.448,0.288,0.059,0.315,-0.326,0.461,0.287,0.572,0.421,0.24,0.401,0.374,0.175,0.422,-0.416,0.663,-0.16,0.407,0.285,0.299,0.557,0.251,0.017,0.138,0.776,0.275,0.118,0.572,-0.001,0.388,0.224,0.306,-0.205,0.431,0.02,-0.273,0.432,0.145,0.211,0.537,0.045,0.193,0.003,0.484,0.077,0.183,-0.053,0.303,0.642,0.318,0.277,0.469,0.272,0.072,0.511,0.825,0.412,0.164,-0.171,0.545,0.388,0.13,0.223,-0.213,0.06,0.344,0.008,-0.214,0.449,0.303,0.155,0.759,0.329,0.245,0.372
ATER,-0.419,0.148,-0.303,-0.553,0.686,-0.083,-0.678,0.556,0.143,0.392,0.571,-0.24,0.567,-0.36,0.501,-0.065,0.588,0.029,1.0,0.557,0.289,0.64,0.336,0.029,-0.561,0.513,0.6,0.597,0.624,0.641,-0.471,0.375,0.696,0.603,0.636,0.621,0.82,-0.129,0.652,-0.053,-0.399,-0.204,0.547,0.673,0.455,-0.035,0.614,-0.241,0.45,-0.356,-0.24,0.023,0.135,0.095,0.1,0.352,-0.36,0.39,0.733,-0.059,0.05,0.09,0.037,0.653,0.726,0.684,0.427,0.712,0.653,-0.296,0.632,0.674,0.336,0.603,0.137,-0.096,0.657,0.57,0.305,0.248,0.143,0.51,0.712,0.415,-0.207,0.499,0.665,0.418,0.456,0.484,0.631,-0.383,0.474,0.616,0.541,-0.6,0.404,0.515,-0.307,-0.098,0.68,0.443,0.564,0.486,-0.009,-0.561,0.376,-0.48,-0.494,0.544,0.36,-0.32,0.587,-0.336,0.748,-0.119,0.561,0.324,0.706,-0.685,-0.039,0.689,0.621,-0.404,0.08,0.191,0.714,0.708,0.679,0.697,-0.425,0.654,0.085,0.601,0.792,0.643,0.561,0.653,0.583,0.379,0.396,-0.497,0.582,0.576,0.562,0.264,0.656,-0.339,0.598,0.092,0.761,0.789,0.601,0.388,0.759,0.596,0.294,0.108,-0.222,0.42,-0.52,0.584,0.66,0.692,0.541,-0.409,-0.745,-0.277,-0.165,0.64,0.551,-0.05,0.681,0.376,0.655,-0.537,0.606,-0.098,0.63,0.334,0.192,0.603,0.456,0.247,-0.217,0.59,0.685,-0.367,-0.243,-0.648,-0.429,-0.536,-0.326,-0.222,0.631,0.488,0.416,0.729,-0.476,0.35
ATOS,-0.237,-0.243,-0.043,-0.582,0.687,-0.166,-0.597,0.387,0.377,0.277,0.753,-0.124,0.606,-0.525,0.714,0.088,0.536,0.059,0.557,1.0,0.374,0.573,0.398,0.288,-0.55,0.656,0.701,0.68,0.697,0.374,-0.024,0.299,0.784,0.707,0.775,0.725,0.522,-0.312,0.683,-0.235,-0.546,-0.513,0.821,0.389,0.492,-0.496,0.543,-0.423,0.424,-0.275,-0.09,0.319,0.106,0.342,0.08,0.068,-0.394,0.602,0.599,-0.141,-0.101,0.457,0.267,0.697,0.577,0.664,0.332,0.681,0.496,-0.386,0.583,0.361,0.181,0.764,-0.236,0.094,0.607,0.52,0.033,-0.009,0.429,0.625,0.651,0.388,-0.423,0.421,0.691,0.319,0.684,0.476,0.662,-0.444,0.623,0.569,0.255,-0.637,0.278,0.738,-0.086,-0.19,0.672,0.562,0.645,0.273,-0.16,-0.619,0.101,-0.607,-0.462,0.389,0.664,-0.088,0.639,-0.529,0.703,-0.102,0.65,0.089,0.711,-0.47,-0.139,0.577,0.547,-0.398,0.183,0.369,0.684,0.424,0.674,0.348,-0.321,0.753,0.176,0.657,0.563,0.673,0.264,0.809,0.543,0.236,0.587,-0.53,0.72,0.687,0.357,0.353,0.693,-0.416,0.77,0.156,0.787,0.664,0.645,-0.088,0.566,0.444,0.678,-0.237,0.146,-0.119,-0.6,0.731,0.612,0.658,0.602,-0.516,-0.441,-0.057,-0.249,0.793,0.823,-0.456,0.601,0.564,0.573,-0.49,0.652,0.117,0.658,0.341,0.283,0.548,0.429,0.017,-0.031,0.743,0.751,-0.412,-0.157,-0.563,-0.086,-0.54,-0.445,-0.107,0.659,0.207,0.376,0.617,-0.091,0.417
AUPH,0.011,0.228,0.085,-0.066,0.298,-0.211,-0.339,0.378,-0.045,-0.104,0.318,-0.071,0.221,-0.001,0.147,0.364,0.117,0.172,0.289,0.374,1.0,0.424,0.11,-0.014,-0.28,0.284,0.124,0.277,0.362,0.495,-0.042,-0.156,0.17,0.528,0.122,0.212,0.153,0.051,0.31,-0.104,-0.262,0.136,0.235,0.36,0.343,-0.064,0.204,-0.009,0.156,0.078,0.234,0.15,-0.016,0.203,0.184,-0.272,0.043,0.137,0.106,-0.193,-0.136,0.448,0.136,0.362,0.216,0.266,0.384,0.25,0.14,-0.11,0.113,0.245,0.471,0.111,-0.011,-0.187,0.397,0.019,0.144,0.188,0.292,0.247,0.266,0.135,-0.2,0.306,0.352,0.387,0.289,0.475,0.363,-0.2,0.536,0.111,0.322,-0.222,-0.074,0.353,0.261,0.035,0.252,0.25,0.226,0.058,-0.017,-0.255,0.311,-0.279,-0.242,0.183,0.259,-0.111,0.38,0.112,0.252,0.24,0.082,0.176,0.368,-0.23,0.058,0.346,0.105,0.033,-0.01,0.196,0.33,0.162,0.252,0.101,0.106,0.288,-0.182,0.305,0.249,0.267,0.35,0.33,0.303,-0.116,0.458,-0.062,0.357,0.2,0.409,0.342,0.332,-0.339,0.344,0.372,0.361,0.289,0.473,0.148,0.196,0.315,0.1,0.06,0.193,0.188,-0.349,0.197,0.218,0.154,0.402,-0.015,-0.168,-0.36,0.031,0.201,0.295,-0.114,0.269,0.377,0.221,-0.206,0.33,0.201,0.323,0.183,0.159,0.18,0.096,0.012,-0.178,0.232,0.246,0.075,-0.519,-0.239,0.161,0.004,-0.3,0.356,0.177,0.122,0.226,0.257,-0.162,0.542
AVGO,-0.148,0.124,0.091,-0.315,0.855,-0.093,-0.499,0.581,0.476,0.374,0.836,0.115,0.795,-0.274,0.667,0.304,0.687,0.458,0.64,0.573,0.424,1.0,0.487,0.401,-0.264,0.688,0.668,0.811,0.79,0.576,-0.254,0.255,0.633,0.798,0.588,0.748,0.579,0.109,0.812,-0.142,-0.506,-0.041,0.639,0.77,0.814,-0.046,0.82,-0.005,0.695,-0.196,0.234,0.33,0.469,0.463,0.339,0.246,-0.108,0.664,0.605,-0.237,0.104,0.482,0.459,0.815,0.749,0.748,0.751,0.809,0.674,-0.004,0.525,0.582,0.583,0.616,0.236,0.221,0.538,0.686,0.502,0.445,0.47,0.777,0.824,0.481,-0.088,0.666,0.696,0.406,0.697,0.74,0.632,-0.012,0.602,0.41,0.512,-0.51,0.492,0.807,0.073,0.19,0.705,0.791,0.809,0.683,0.036,-0.534,0.193,-0.481,-0.15,0.687,0.604,-0.07,0.927,-0.122,0.718,0.314,0.636,0.215,0.81,-0.465,0.263,0.601,0.755,-0.125,0.162,0.494,0.858,0.606,0.806,0.269,-0.038,0.789,0.326,0.731,0.675,0.698,0.68,0.733,0.834,0.188,0.678,-0.259,0.765,0.691,0.604,0.579,0.852,-0.216,0.672,0.387,0.748,0.684,0.784,0.452,0.776,0.696,0.501,0.198,0.097,0.178,-0.494,0.792,0.771,0.612,0.72,-0.241,-0.381,-0.145,0.148,0.652,0.608,-0.047,0.763,0.71,0.826,-0.417,0.881,0.192,0.634,0.426,0.571,0.776,0.535,0.196,0.069,0.775,0.716,-0.138,-0.176,-0.471,-0.087,-0.32,-0.217,0.081,0.763,0.581,0.662,0.8,-0.241,0.583
AZN,0.084,-0.08,0.171,-0.456,0.576,-0.185,-0.124,0.351,0.397,0.25,0.628,0.095,0.75,-0.057,0.597,-0.191,0.687,0.09,0.336,0.398,0.11,0.487,1.0,0.465,-0.109,0.521,0.514,0.622,0.404,0.062,-0.241,0.418,0.476,0.436,0.453,0.578,0.194,0.128,0.583,0.348,-0.336,-0.243,0.459,0.109,0.507,-0.216,0.47,-0.075,0.49,-0.5,-0.155,0.1,0.38,0.026,-0.165,0.261,-0.221,0.576,0.335,0.331,-0.0,0.084,0.493,0.549,0.686,0.623,0.346,0.548,0.3,-0.337,0.554,0.002,-0.177,0.502,-0.28,0.312,0.377,0.695,0.375,0.33,0.243,0.591,0.621,0.436,0.021,0.679,0.361,-0.18,0.729,0.139,0.632,-0.251,0.481,0.425,0.289,-0.42,0.627,0.617,-0.193,0.208,0.402,0.608,0.647,0.333,0.243,-0.291,-0.211,-0.336,0.101,0.494,0.424,0.042,0.562,-0.377,0.556,-0.099,0.603,-0.304,0.543,-0.269,-0.086,0.13,0.587,-0.448,0.155,0.27,0.582,0.597,0.567,0.18,-0.363,0.506,0.316,0.486,0.358,0.453,-0.061,0.554,0.632,0.445,0.229,-0.168,0.35,0.622,-0.026,0.085,0.69,-0.216,0.596,-0.11,0.436,0.479,0.346,0.212,0.482,0.592,0.426,0.314,-0.093,-0.295,-0.287,0.541,0.643,0.399,0.252,-0.466,-0.302,0.336,-0.317,0.451,0.443,-0.224,0.611,0.275,0.666,-0.439,0.585,0.323,0.633,0.33,0.298,0.637,0.711,0.132,0.137,0.566,0.577,-0.482,0.205,-0.411,-0.192,-0.307,0.188,-0.194,0.637,0.604,0.257,0.535,-0.233,-0.031
BCRX,0.331,-0.416,0.61,-0.321,0.369,0.168,-0.067,0.033,0.652,0.379,0.494,0.161,0.599,-0.345,0.477,0.267,0.323,0.484,0.029,0.288,-0.014,0.401,0.465,1.0,0.112,0.277,0.285,0.497,0.378,0.053,0.288,-0.046,0.237,0.363,0.367,0.488,-0.021,-0.238,0.494,-0.296,-0.462,-0.442,0.441,0.18,0.451,-0.486,0.347,-0.134,0.462,-0.003,0.319,0.525,0.475,0.475,0.342,-0.178,-0.189,0.596,0.127,-0.25,-0.099,0.509,0.519,0.371,0.238,0.359,0.329,0.398,0.093,0.093,0.165,-0.085,-0.033,0.347,-0.194,0.63,0.118,0.517,-0.044,-0.12,0.435,0.414,0.436,0.265,-0.187,0.22,0.172,0.121,0.508,0.352,0.358,0.179,0.249,-0.094,-0.226,-0.426,0.349,0.515,0.031,-0.042,0.231,0.636,0.5,0.287,-0.334,-0.339,-0.309,-0.516,0.44,0.045,0.432,0.666,0.519,-0.374,0.219,0.214,0.285,-0.017,0.355,-0.227,0.126,0.064,0.271,-0.017,0.583,0.221,0.361,0.163,0.333,-0.234,0.141,0.33,0.691,0.506,0.225,0.477,0.096,0.37,0.428,-0.141,0.468,-0.302,0.364,0.476,0.146,0.337,0.395,0.231,0.316,0.366,0.356,0.223,0.435,-0.276,0.31,0.159,0.559,-0.29,0.438,-0.325,-0.402,0.494,0.29,0.238,0.57,-0.205,0.086,0.271,0.035,0.315,0.469,-0.499,0.346,0.608,0.42,0.003,0.397,0.527,0.298,0.256,0.564,0.443,0.328,-0.264,0.72,0.464,0.267,-0.064,0.086,-0.138,0.147,-0.246,-0.13,0.166,0.375,0.064,0.431,0.313,0.384,0.273
BGC,0.527,0.078,0.488,0.572,-0.335,0.356,0.648,-0.327,0.1,-0.107,-0.263,0.44,-0.2,0.385,-0.189,0.072,-0.322,0.347,-0.561,-0.55,-0.28,-0.264,-0.109,0.112,1.0,-0.584,-0.478,-0.184,-0.434,-0.431,0.373,-0.335,-0.54,-0.442,-0.322,-0.311,-0.508,0.353,-0.242,0.044,0.347,0.328,-0.323,-0.261,0.003,0.277,-0.142,0.53,0.102,0.455,0.49,0.316,0.446,0.056,0.216,0.05,0.321,-0.119,-0.313,0.131,0.277,-0.059,0.298,-0.269,-0.334,-0.361,0.072,-0.278,-0.174,0.696,-0.299,-0.279,-0.186,-0.49,0.36,0.377,-0.684,-0.179,0.152,0.155,0.153,-0.259,-0.267,-0.116,0.582,-0.197,-0.489,-0.402,-0.33,-0.164,-0.476,0.784,-0.287,-0.584,-0.278,0.579,0.14,-0.276,0.268,0.37,-0.393,-0.018,-0.2,-0.091,0.04,0.579,-0.351,0.577,0.788,-0.222,-0.429,0.5,-0.238,0.449,-0.462,0.369,-0.398,-0.179,-0.421,0.433,0.469,-0.603,-0.273,0.458,0.223,-0.008,-0.395,-0.248,-0.289,-0.584,0.552,-0.425,0.284,-0.251,-0.528,-0.238,-0.245,-0.437,-0.064,-0.474,0.001,0.446,-0.422,-0.218,-0.357,0.043,-0.315,0.244,-0.296,0.183,-0.461,-0.569,-0.311,0.008,-0.257,-0.187,-0.239,0.042,0.248,-0.186,0.572,-0.231,-0.362,-0.433,-0.202,0.438,0.737,0.264,0.456,-0.597,-0.412,0.286,-0.396,-0.052,-0.325,0.58,-0.237,0.32,-0.387,0.097,0.156,-0.092,-0.095,-0.084,0.481,-0.298,-0.454,0.45,0.269,0.661,0.495,0.665,0.446,0.308,-0.265,-0.005,0.098,-0.285,0.388,-0.264
BIDU,-0.351,-0.182,-0.102,-0.576,0.795,-0.288,-0.572,0.444,0.385,0.332,0.788,-0.021,0.695,-0.419,0.608,-0.049,0.758,0.146,0.513,0.656,0.284,0.688,0.521,0.277,-0.584,1.0,0.844,0.655,0.703,0.434,-0.341,0.507,0.762,0.708,0.599,0.623,0.484,-0.068,0.649,-0.012,-0.513,-0.349,0.624,0.411,0.54,-0.306,0.602,-0.31,0.451,-0.509,-0.188,0.069,0.166,0.214,-0.046,0.26,-0.274,0.614,0.541,-0.024,-0.032,0.305,0.206,0.722,0.66,0.683,0.376,0.69,0.477,-0.41,0.581,0.299,0.231,0.763,-0.18,0.111,0.591,0.636,0.233,0.182,0.291,0.781,0.677,0.429,-0.275,0.552,0.753,0.251,0.695,0.418,0.699,-0.405,0.481,0.557,0.377,-0.63,0.346,0.741,-0.139,-0.05,0.703,0.553,0.724,0.525,0.056,-0.582,0.034,-0.526,-0.442,0.6,0.712,-0.282,0.72,-0.476,0.763,-0.107,0.778,-0.085,0.728,-0.48,-0.096,0.546,0.719,-0.493,0.015,0.4,0.745,0.502,0.741,0.325,-0.46,0.782,0.109,0.546,0.677,0.51,0.281,0.709,0.588,0.502,0.385,-0.43,0.712,0.619,0.311,0.191,0.726,-0.234,0.632,0.007,0.677,0.768,0.61,0.211,0.633,0.617,0.471,0.107,-0.129,-0.086,-0.52,0.667,0.721,0.669,0.437,-0.553,-0.542,0.029,-0.244,0.745,0.628,-0.24,0.796,0.421,0.787,-0.594,0.733,-0.039,0.603,0.196,0.377,0.611,0.509,0.234,-0.161,0.718,0.732,-0.56,0.007,-0.672,-0.299,-0.565,-0.27,-0.211,0.673,0.42,0.311,0.671,-0.351,0.261
BILI,-0.352,-0.281,-0.08,-0.69,0.787,-0.061,-0.661,0.37,0.471,0.538,0.837,-0.032,0.742,-0.584,0.774,-0.203,0.789,0.144,0.6,0.701,0.124,0.668,0.514,0.285,-0.478,0.844,1.0,0.765,0.617,0.353,-0.341,0.615,0.867,0.623,0.78,0.79,0.571,-0.189,0.758,-0.158,-0.59,-0.474,0.75,0.454,0.565,-0.394,0.672,-0.407,0.564,-0.535,-0.185,0.213,0.346,0.233,0.005,0.36,-0.452,0.674,0.746,-0.055,0.12,0.166,0.2,0.763,0.748,0.784,0.388,0.791,0.586,-0.299,0.653,0.426,0.072,0.853,-0.1,0.205,0.544,0.779,0.229,0.126,0.339,0.812,0.781,0.559,-0.292,0.53,0.747,0.257,0.645,0.425,0.722,-0.328,0.443,0.672,0.269,-0.72,0.524,0.795,-0.295,-0.127,0.79,0.616,0.788,0.608,-0.11,-0.709,-0.053,-0.539,-0.385,0.568,0.586,-0.182,0.714,-0.575,0.839,-0.119,0.871,-0.056,0.75,-0.618,-0.007,0.495,0.796,-0.575,0.106,0.459,0.754,0.613,0.784,0.325,-0.472,0.787,0.299,0.69,0.701,0.637,0.284,0.774,0.683,0.518,0.427,-0.621,0.662,0.737,0.253,0.201,0.781,-0.253,0.721,0.031,0.738,0.787,0.644,0.138,0.747,0.659,0.538,-0.03,-0.181,-0.084,-0.539,0.778,0.761,0.804,0.484,-0.673,-0.596,0.102,-0.179,0.787,0.68,-0.322,0.821,0.445,0.793,-0.567,0.793,0.007,0.617,0.427,0.464,0.742,0.641,0.229,-0.039,0.819,0.828,-0.602,0.102,-0.721,-0.295,-0.597,-0.342,-0.357,0.806,0.449,0.458,0.794,-0.333,0.134
BKR,-0.12,-0.171,0.194,-0.535,0.863,0.09,-0.459,0.413,0.664,0.516,0.935,0.191,0.853,-0.489,0.923,0.052,0.685,0.44,0.597,0.68,0.277,0.811,0.622,0.497,-0.184,0.655,0.765,1.0,0.787,0.39,-0.166,0.349,0.747,0.772,0.81,0.911,0.543,-0.087,0.895,-0.168,-0.495,-0.384,0.812,0.594,0.754,-0.324,0.787,-0.171,0.812,-0.269,0.08,0.457,0.59,0.496,0.22,0.325,-0.377,0.854,0.746,-0.046,0.233,0.43,0.462,0.889,0.83,0.888,0.618,0.902,0.754,-0.033,0.692,0.526,0.22,0.777,0.089,0.392,0.48,0.835,0.352,0.249,0.564,0.81,0.902,0.583,-0.049,0.651,0.671,0.272,0.799,0.602,0.728,-0.022,0.581,0.544,0.295,-0.571,0.712,0.918,-0.028,0.058,0.761,0.856,0.924,0.686,-0.126,-0.588,-0.072,-0.515,-0.097,0.616,0.661,0.038,0.855,-0.428,0.792,0.176,0.78,0.04,0.846,-0.571,0.195,0.46,0.821,-0.35,0.268,0.498,0.879,0.719,0.902,0.231,-0.208,0.863,0.509,0.83,0.641,0.819,0.389,0.842,0.884,0.265,0.689,-0.511,0.772,0.924,0.388,0.444,0.883,-0.319,0.817,0.284,0.827,0.678,0.741,0.212,0.854,0.715,0.642,-0.023,0.12,-0.041,-0.468,0.894,0.785,0.745,0.732,-0.486,-0.361,0.075,0.081,0.735,0.758,-0.228,0.808,0.704,0.843,-0.463,0.879,0.274,0.728,0.634,0.612,0.901,0.734,0.218,0.264,0.862,0.827,-0.372,-0.001,-0.516,-0.049,-0.422,-0.211,-0.112,0.926,0.609,0.73,0.886,-0.144,0.321
BLDP,-0.315,-0.123,0.032,-0.557,0.852,-0.139,-0.606,0.41,0.553,0.365,0.783,0.092,0.664,-0.492,0.722,0.121,0.59,0.373,0.624,0.697,0.362,0.79,0.404,0.378,-0.434,0.703,0.617,0.787,1.0,0.605,-0.239,0.232,0.677,0.862,0.702,0.743,0.642,-0.15,0.741,-0.284,-0.566,-0.382,0.763,0.634,0.695,-0.314,0.773,-0.279,0.626,-0.158,-0.001,0.304,0.349,0.567,0.225,0.196,-0.391,0.746,0.641,-0.203,0.173,0.549,0.322,0.812,0.654,0.755,0.633,0.801,0.68,-0.224,0.606,0.496,0.413,0.748,0.08,0.146,0.709,0.599,0.242,0.171,0.494,0.721,0.768,0.438,-0.267,0.541,0.744,0.372,0.8,0.571,0.651,-0.188,0.546,0.439,0.349,-0.629,0.448,0.785,0.096,-0.018,0.756,0.761,0.784,0.542,-0.138,-0.619,0.121,-0.585,-0.33,0.614,0.854,-0.108,0.774,-0.456,0.682,0.135,0.633,0.18,0.826,-0.577,0.102,0.642,0.692,-0.374,0.253,0.374,0.847,0.571,0.81,0.374,-0.293,0.878,0.269,0.735,0.705,0.77,0.489,0.789,0.739,0.229,0.638,-0.52,0.962,0.744,0.542,0.405,0.718,-0.377,0.651,0.279,0.826,0.711,0.735,0.209,0.756,0.552,0.711,-0.104,0.114,0.065,-0.57,0.812,0.724,0.682,0.724,-0.479,-0.474,-0.239,0.022,0.801,0.738,-0.24,0.739,0.667,0.751,-0.492,0.757,0.091,0.583,0.344,0.486,0.712,0.51,0.177,0.036,0.807,0.781,-0.381,-0.223,-0.57,-0.073,-0.484,-0.393,-0.099,0.749,0.462,0.578,0.757,-0.143,0.479
BLNK,-0.319,0.202,-0.081,-0.396,0.483,-0.107,-0.667,0.533,0.1,0.269,0.39,-0.261,0.297,-0.317,0.245,0.249,0.305,0.29,0.641,0.374,0.495,0.576,0.062,0.053,-0.431,0.434,0.353,0.39,0.605,1.0,-0.305,-0.013,0.378,0.57,0.355,0.383,0.606,-0.265,0.505,-0.37,-0.474,-0.135,0.341,0.75,0.399,-0.053,0.403,-0.163,0.36,0.035,0.121,0.191,-0.0,0.325,0.376,0.002,-0.329,0.239,0.467,-0.411,-0.06,0.429,0.008,0.521,0.396,0.449,0.464,0.471,0.39,-0.105,0.223,0.57,0.584,0.331,0.167,-0.142,0.679,0.232,0.135,0.098,0.391,0.385,0.441,0.254,-0.292,0.259,0.586,0.557,0.306,0.595,0.416,-0.251,0.372,0.278,0.349,-0.49,0.127,0.387,0.088,-0.121,0.516,0.404,0.412,0.361,-0.245,-0.558,0.458,-0.511,-0.382,0.222,0.374,-0.163,0.549,-0.178,0.398,0.113,0.246,0.509,0.425,-0.675,0.082,0.581,0.345,-0.052,0.163,0.099,0.551,0.372,0.413,0.416,-0.041,0.453,0.036,0.487,0.64,0.444,0.673,0.38,0.423,0.13,0.567,-0.43,0.535,0.298,0.725,0.352,0.356,-0.255,0.426,0.399,0.506,0.601,0.573,0.253,0.515,0.34,0.222,-0.137,0.08,0.523,-0.527,0.386,0.444,0.365,0.601,-0.109,-0.495,-0.518,-0.038,0.411,0.321,-0.137,0.441,0.412,0.464,-0.239,0.415,-0.064,0.454,0.21,0.353,0.371,0.159,-0.021,-0.109,0.391,0.344,-0.071,-0.511,-0.54,-0.059,-0.341,-0.559,0.051,0.316,0.262,0.425,0.484,-0.383,0.563
BYND,0.655,-0.119,0.346,0.399,-0.369,0.247,0.376,-0.228,0.131,-0.201,-0.115,0.024,-0.227,0.157,-0.145,0.476,-0.363,0.149,-0.471,-0.024,-0.042,-0.254,-0.241,0.288,0.373,-0.341,-0.341,-0.166,-0.239,-0.305,1.0,-0.588,-0.284,-0.137,-0.105,-0.268,-0.522,-0.234,-0.298,-0.283,0.134,-0.057,0.039,-0.302,-0.122,-0.202,-0.382,0.064,-0.119,0.51,0.474,0.434,-0.071,0.296,0.357,-0.493,0.152,-0.078,-0.367,-0.213,-0.291,0.459,0.251,-0.295,-0.521,-0.418,-0.065,-0.303,-0.323,0.414,-0.293,-0.291,-0.095,-0.236,-0.132,0.294,-0.357,-0.387,-0.329,-0.319,0.132,-0.279,-0.368,-0.242,-0.033,-0.363,-0.37,0.096,-0.114,0.047,-0.428,0.307,0.014,-0.536,-0.41,0.263,-0.433,-0.097,0.298,-0.045,-0.334,-0.121,-0.254,-0.385,-0.286,0.264,-0.081,0.024,0.377,-0.533,-0.112,0.532,-0.184,0.185,-0.289,0.205,-0.374,0.11,-0.352,0.397,0.062,-0.104,-0.459,0.52,0.246,-0.095,-0.374,-0.562,-0.35,-0.606,0.558,-0.223,0.254,-0.104,-0.373,-0.096,-0.168,-0.092,-0.325,-0.646,0.175,0.219,-0.146,-0.202,-0.066,0.34,-0.242,0.108,-0.162,0.29,-0.169,-0.417,-0.145,-0.564,-0.432,-0.485,0.165,-0.438,0.716,-0.232,0.133,-0.107,-0.477,-0.326,0.017,0.32,0.666,0.092,0.155,-0.243,0.12,-0.28,-0.455,0.246,-0.487,0.656,-0.319,0.467,-0.212,-0.17,0.075,-0.339,-0.361,-0.483,0.564,-0.199,-0.292,0.45,-0.113,0.554,0.612,0.406,-0.067,0.536,-0.358,-0.607,-0.057,-0.374,0.807,0.186
