,AAL,AAPL,ABUS,ADBE,ADI,ADMA,AEP,AGNC,AKBA,ALT,AMAT,AMD,AMGN,AMZN,APA,APPS,ARCC,ARDX,ATER,ATOS,AUPH,AVGO,AZN,BCRX,BGC,BIDU,BILI,BKR,BLDP,BLNK,BYND,CAN,CELH,CG,CGC,CHRD,CLNE,CMCSA,COMM,COST,CPB,CPRT,CRON,CRWD,CSCO,CSGP,CSX,CTSH,CZR,DBX,DDOG,DKNG,DLTR,DOCU,DVAX,DXCM,EA,EBAY,ENPH,ERIC,ESPR,ETSY,EXC,EXEL,EXPE,FANG,FAST,FITB,FLEX,FOLD,FOXA,FSLR,FTNT,FUTU,GEN,GERN,GEVO,GILD,GOOG,GOOGL,GPRO,GT,HBAN,HIVE,HON,HST,HUT,IBRX,INTC,IOVA,IQ,IRWD,JBLU,JD,KDP,KHC,LBTYK,LRCX,LYFT,MAR,MARA,MAT,MCHP,MCRB,MDLZ,META,MGNI,MLCO,MNKD,MNST,MOMO,MRNA,MRVL,MSFT,MSTR,MTCH,MU,MVIS,NDAQ,NFLX,NKTR,NNDM,NTES,NTNX,NVAX,NVDA,NWL,NWSA,NXPI,OCGN,OKTA,ON,OPK,PAA,PACB,PAGP,PANW,PARA,PCAR,PDD,PENN,PEP,PLUG,PTEN,PTON,PYPL,QCOM,QUBT,QVCGA,RDFN,REAL,RIOT,ROKU,ROST,RUN,SABR,SAVA,SBUX,SFIX,SGMO,SIRI,SLM,SMCI,SNDL,SONO,STNE,STX,TCOM,TGTX,TIGR,TLRY,TMUS,TRIP,TSCO,TSLA,TTD,TXN,UAL,UNIT,VERU,VKTX,VLY,VOD,VTRS,VXRT,WBA,WBD,WDAY,WDC,WEN,WW,WYNN,XEL,XP,XRAY,XRX,Z,ZION,ZM,ZS
AAL,1.0,0.38,0.192,0.336,-0.071,0.411,0.043,0.462,-0.032,0.07,0.221,-0.229,0.115,0.304,0.467,0.328,0.333,-0.23,0.029,0.144,-0.05,0.254,0.225,0.5,0.249,-0.207,-0.196,0.139,0.431,0.235,0.188,-0.077,0.076,0.109,0.101,0.596,0.363,0.396,0.067,0.065,0.034,0.286,0.139,0.489,0.231,0.117,0.564,-0.089,0.467,0.18,0.064,0.424,0.476,0.476,0.026,-0.188,0.184,0.517,-0.002,-0.031,-0.103,0.414,0.271,0.124,0.456,0.344,0.062,0.255,-0.028,-0.254,0.643,-0.248,-0.068,-0.205,0.076,0.3,0.565,0.14,0.352,0.167,0.302,0.316,0.197,0.067,0.332,0.537,0.066,0.195,-0.15,0.031,-0.205,0.312,0.641,-0.358,0.143,0.121,0.102,0.219,0.35,0.506,0.193,-0.031,0.086,-0.29,0.148,0.426,0.5,0.086,0.25,0.365,-0.244,0.06,0.212,0.437,0.202,0.339,-0.108,0.323,0.357,-0.03,0.225,0.25,-0.262,0.622,-0.145,0.238,0.431,0.411,-0.019,0.155,0.504,-0.202,0.35,0.538,0.365,0.569,0.243,0.538,-0.001,-0.253,0.712,0.236,0.454,0.247,0.374,0.261,0.017,0.38,0.247,0.438,0.513,0.228,0.474,0.55,0.245,0.783,0.555,0.539,0.285,0.269,0.41,-0.034,-0.009,0.228,0.31,0.166,-0.03,-0.073,0.175,-0.192,0.055,0.003,0.574,0.286,-0.256,0.212,-0.005,0.873,0.031,0.089,-0.143,0.347,0.321,0.25,0.085,0.478,0.399,0.436,0.036,0.454,0.408,0.185,-0.029,-0.08,0.264,0.524,0.41,0.362,0.06,0.184
AAPL,0.38,1.0,-0.086,0.286,0.128,0.005,-0.043,0.242,0.19,-0.065,0.325,-0.088,-0.086,0.201,0.137,0.139,0.197,0.048,0.033,0.313,-0.214,0.435,0.282,0.079,0.057,0.088,-0.076,0.194,-0.042,-0.013,0.023,-0.017,0.087,-0.022,0.146,0.407,0.056,0.269,-0.052,0.061,-0.09,0.104,0.139,0.332,0.3,0.3,0.526,0.022,0.172,-0.03,-0.055,-0.028,0.228,0.013,-0.08,-0.025,0.001,-0.024,0.133,0.297,-0.039,-0.029,0.036,0.149,0.089,0.344,0.152,0.289,0.102,-0.195,0.175,0.144,0.025,-0.021,0.109,0.108,0.085,-0.053,0.342,0.179,-0.052,0.187,0.213,0.032,0.242,0.194,0.013,0.103,0.138,-0.01,-0.057,-0.13,0.465,0.015,0.122,-0.143,0.075,0.34,0.057,0.084,-0.024,0.026,0.267,-0.129,0.117,0.258,0.08,0.046,0.098,0.131,0.176,-0.039,0.182,0.483,0.029,0.074,0.215,-0.143,0.137,0.185,0.134,0.109,-0.122,0.333,-0.147,0.313,0.174,0.237,0.161,-0.201,0.156,-0.002,0.012,0.369,-0.045,0.422,0.064,0.08,0.009,0.08,0.039,0.062,0.002,0.171,-0.076,0.143,0.139,-0.136,0.157,-0.048,0.045,-0.009,0.064,0.525,0.061,0.175,0.043,0.407,-0.031,-0.06,0.111,0.036,-0.001,0.034,0.256,0.347,0.19,0.043,-0.116,0.039,-0.001,0.132,0.155,0.649,0.056,0.089,0.111,0.404,-0.03,0.126,-0.174,0.265,0.401,-0.051,-0.178,0.215,0.117,0.338,0.221,0.161,0.257,0.001,-0.015,0.052,-0.095,0.246,0.051,0.202,0.051,0.143
ABUS,0.192,-0.086,1.0,0.389,0.377,0.103,0.118,0.153,-0.145,0.623,0.413,0.393,-0.548,-0.215,-0.055,0.663,0.379,-0.317,-0.405,-0.176,0.397,0.226,-0.045,0.584,0.513,-0.2,-0.333,0.016,0.299,0.569,0.039,0.565,0.608,0.185,-0.039,-0.011,-0.025,0.256,-0.469,0.481,-0.489,0.234,0.048,0.32,0.179,-0.081,0.193,0.278,0.1,0.463,0.689,0.613,-0.203,0.395,0.724,0.433,-0.452,-0.197,0.301,-0.202,-0.328,-0.025,0.278,0.227,-0.284,-0.009,0.366,0.32,0.371,0.522,0.461,0.372,0.481,-0.172,-0.331,0.108,0.213,0.181,0.201,0.267,0.356,0.181,0.531,0.612,-0.032,0.004,0.588,0.223,-0.084,0.471,-0.28,0.434,0.109,-0.124,-0.465,-0.47,0.585,0.48,-0.15,0.096,0.563,0.283,0.385,-0.329,-0.49,0.258,0.574,-0.316,-0.223,0.256,-0.151,0.442,0.376,0.314,0.475,-0.493,0.351,0.575,0.427,-0.223,-0.205,-0.057,-0.384,0.423,0.362,0.48,-0.187,0.037,0.393,0.678,0.11,0.394,0.568,-0.177,0.551,-0.201,0.02,0.053,-0.331,-0.262,0.497,-0.306,0.283,-0.349,0.124,-0.088,0.306,0.085,-0.268,0.242,0.104,0.443,-0.199,0.046,0.261,0.045,0.292,-0.162,-0.37,0.228,-0.09,-0.197,0.458,0.127,0.481,0.053,0.317,-0.369,-0.442,0.063,0.149,-0.425,0.105,0.121,0.375,0.254,0.296,0.092,0.544,0.247,0.36,0.458,0.341,0.495,0.577,0.352,0.157,0.329,0.252,-0.177,0.35,-0.194,-0.042,0.557,-0.2,0.15,0.046,0.509,0.371,0.412
ADBE,0.336,0.286,0.389,1.0,0.426,0.501,0.597,-0.108,-0.463,0.598,0.693,0.474,-0.559,-0.435,-0.105,0.492,0.294,-0.547,-0.678,-0.476,0.327,0.577,-0.154,0.624,0.077,-0.547,-0.624,0.028,0.091,0.5,-0.521,0.488,0.445,0.418,-0.508,-0.136,-0.416,0.524,-0.506,0.76,-0.597,0.783,-0.331,0.652,0.776,0.15,0.714,0.505,-0.358,0.607,0.575,0.598,0.202,0.704,0.445,0.57,-0.36,0.002,0.401,-0.464,-0.705,0.052,0.749,-0.092,-0.221,-0.12,0.733,0.138,0.423,0.329,0.268,0.168,0.638,-0.574,-0.646,-0.306,-0.075,0.38,0.753,0.743,-0.136,-0.126,0.359,0.526,0.404,-0.261,0.509,-0.191,-0.361,-0.115,-0.634,0.616,-0.047,-0.439,-0.448,-0.621,0.612,0.634,-0.228,0.383,0.535,0.565,0.544,-0.675,-0.313,0.646,0.442,-0.596,-0.518,0.443,-0.408,0.729,0.723,0.868,0.576,-0.315,0.369,-0.051,0.785,-0.46,-0.551,-0.402,-0.627,0.598,0.206,0.522,-0.364,0.018,0.559,0.387,0.356,0.451,0.302,-0.186,0.651,-0.119,0.454,-0.21,-0.703,-0.574,0.169,0.198,0.002,-0.491,0.182,-0.407,0.498,0.378,-0.442,0.246,-0.333,0.545,0.129,0.185,0.261,0.225,0.159,0.387,-0.491,-0.327,0.021,-0.527,0.599,-0.287,0.128,-0.154,0.408,-0.597,-0.579,-0.37,-0.145,-0.526,0.466,0.21,0.432,0.714,0.323,0.155,0.583,-0.124,0.148,0.307,0.577,0.308,0.552,0.372,0.187,0.506,-0.114,0.265,-0.072,-0.596,0.34,0.555,0.052,0.517,-0.045,0.605,0.532,0.772
ADI,-0.071,0.128,0.377,0.426,1.0,-0.208,0.454,-0.081,-0.117,0.521,0.671,0.813,-0.498,-0.52,0.304,0.487,0.311,-0.2,-0.388,-0.216,0.504,0.697,0.084,0.269,0.391,-0.278,-0.479,0.391,0.115,0.568,-0.167,0.661,0.711,0.632,-0.116,0.078,-0.212,0.402,-0.277,0.521,-0.707,0.371,0.164,0.297,0.483,-0.162,0.204,0.659,-0.024,0.719,0.596,0.428,-0.047,0.093,0.465,0.678,-0.267,-0.375,0.665,0.007,-0.435,-0.222,0.392,0.426,-0.187,0.261,0.455,0.444,0.781,0.512,0.271,0.676,0.621,-0.403,-0.425,-0.434,-0.003,0.134,0.338,0.527,0.059,0.199,0.702,0.643,0.202,0.059,0.644,0.095,-0.058,0.304,-0.29,0.275,-0.046,-0.13,-0.679,-0.503,0.711,0.574,0.144,0.423,0.578,0.693,0.829,-0.353,-0.592,0.276,0.301,-0.375,-0.371,0.049,-0.01,0.439,0.74,0.36,0.578,-0.244,0.881,0.111,0.421,-0.113,-0.346,-0.245,-0.406,0.422,0.196,0.672,-0.564,0.26,0.776,0.157,0.021,0.759,0.172,-0.023,0.564,0.061,0.131,0.012,-0.494,-0.295,0.011,-0.336,0.066,-0.106,-0.169,-0.515,0.603,-0.155,-0.047,0.181,-0.245,0.564,-0.207,0.34,0.381,0.023,-0.168,-0.057,-0.285,-0.298,-0.079,-0.294,0.56,-0.013,0.493,0.159,0.643,-0.355,-0.557,0.019,0.302,-0.255,0.295,0.241,0.697,0.522,0.699,0.033,0.544,0.139,0.436,0.478,0.588,0.478,0.299,0.496,0.261,0.283,0.517,0.11,0.308,-0.277,0.207,0.737,0.068,0.362,-0.015,0.622,0.752,0.57
ADMA,0.411,0.005,0.103,0.501,-0.208,1.0,0.366,-0.059,-0.582,0.345,0.155,-0.009,-0.041,-0.17,-0.21,0.158,0.069,-0.671,-0.451,-0.483,0.103,-0.025,-0.356,0.439,-0.259,-0.468,-0.392,-0.404,0.167,0.208,-0.386,0.076,0.026,0.078,-0.485,-0.207,-0.184,0.175,-0.2,0.314,-0.096,0.578,-0.407,0.201,0.439,0.275,0.518,0.093,-0.361,0.183,0.077,0.357,0.333,0.677,0.055,0.061,-0.122,0.351,0.007,-0.625,-0.503,0.368,0.567,-0.514,-0.031,-0.467,0.466,-0.419,-0.175,-0.062,-0.034,-0.442,0.151,-0.337,-0.345,0.009,0.043,0.433,0.528,0.407,-0.188,-0.363,-0.175,0.094,0.277,-0.292,0.094,-0.176,-0.564,-0.35,-0.487,0.548,-0.136,-0.471,0.008,-0.064,0.044,0.194,-0.177,0.18,0.202,0.228,-0.137,-0.583,0.242,0.386,0.186,-0.4,-0.268,0.418,-0.551,0.432,0.294,0.533,0.285,-0.067,-0.276,-0.164,0.543,-0.565,-0.257,-0.24,-0.369,0.348,0.048,-0.071,-0.001,-0.305,-0.053,0.289,0.313,-0.121,0.112,-0.261,0.268,-0.225,0.455,-0.199,-0.393,-0.499,0.235,0.673,0.002,-0.406,0.479,-0.144,0.105,0.676,-0.383,0.266,-0.239,0.263,0.384,-0.104,0.109,0.222,0.264,0.373,-0.102,-0.101,0.219,-0.479,0.28,-0.238,-0.216,-0.359,-0.174,-0.487,-0.191,-0.44,-0.342,-0.562,0.369,-0.24,-0.04,0.357,-0.19,0.089,0.247,-0.217,-0.146,-0.224,-0.037,0.048,0.397,0.045,0.135,0.309,-0.593,0.359,-0.344,-0.422,0.214,-0.007,0.257,0.363,-0.023,0.111,-0.021,0.337
AEP,0.043,-0.043,0.118,0.597,0.454,0.366,1.0,-0.322,-0.29,0.422,0.398,0.549,-0.454,-0.5,-0.028,0.117,0.159,-0.294,-0.648,-0.479,0.46,0.339,-0.357,0.344,-0.009,-0.51,-0.581,0.211,-0.183,0.387,-0.656,0.515,0.297,0.412,-0.588,-0.322,-0.556,0.475,-0.37,0.675,-0.519,0.559,-0.274,0.183,0.617,-0.155,0.302,0.605,-0.419,0.588,0.481,0.309,-0.033,0.267,0.316,0.592,-0.305,-0.064,0.253,-0.427,-0.709,-0.162,0.772,-0.121,-0.281,-0.154,0.595,0.177,0.496,0.398,0.135,0.177,0.538,-0.583,-0.66,-0.586,-0.3,0.45,0.573,0.698,-0.328,-0.183,0.322,0.528,0.36,-0.267,0.488,-0.316,-0.414,-0.315,-0.533,0.447,-0.361,-0.386,-0.58,-0.486,0.502,0.249,-0.23,0.41,0.54,0.735,0.375,-0.494,-0.307,0.385,0.089,-0.534,-0.637,0.221,-0.339,0.583,0.548,0.553,0.633,-0.287,0.347,-0.214,0.504,-0.244,-0.714,-0.549,-0.526,0.198,-0.053,0.255,-0.434,-0.04,0.433,0.135,-0.038,0.459,0.122,-0.343,0.412,-0.251,0.23,-0.204,-0.736,-0.529,-0.07,0.21,-0.252,-0.414,-0.132,-0.621,0.427,0.199,-0.403,-0.039,-0.47,0.578,0.042,0.093,-0.007,0.064,-0.097,0.075,-0.504,-0.627,0.093,-0.557,0.543,-0.344,-0.091,-0.373,0.522,-0.444,-0.618,-0.391,-0.038,-0.294,0.497,0.124,0.471,0.611,0.356,-0.03,0.466,-0.349,0.187,0.233,0.38,0.287,0.318,0.328,0.271,0.035,-0.051,0.2,-0.164,-0.596,0.712,0.559,0.126,0.537,-0.363,0.506,0.611,0.433
AGNC,0.462,0.242,0.153,-0.108,-0.081,-0.059,-0.322,1.0,0.283,-0.138,-0.001,-0.426,0.181,0.461,0.451,0.348,0.174,0.219,0.347,0.484,-0.06,0.16,0.512,-0.073,0.398,0.512,0.405,0.329,0.578,0.06,0.568,-0.21,0.093,-0.059,0.633,0.66,0.659,0.073,0.113,-0.318,0.28,-0.218,0.55,0.194,-0.274,0.038,0.109,-0.222,0.562,-0.085,-0.26,0.039,0.041,0.046,-0.17,-0.346,0.091,0.172,0.014,0.375,0.457,0.069,-0.222,0.345,0.339,0.503,-0.18,0.441,-0.048,-0.196,0.275,0.035,-0.382,0.437,0.398,0.632,0.686,-0.156,-0.074,-0.178,0.488,0.443,0.119,-0.17,0.008,0.62,-0.153,0.649,0.449,0.433,0.458,-0.192,0.78,0.381,0.186,0.218,-0.129,0.026,0.436,0.082,-0.136,-0.15,0.053,0.233,0.158,0.002,0.26,0.54,0.537,-0.024,0.445,-0.382,-0.125,0.011,-0.17,0.253,-0.033,0.411,-0.126,0.213,0.584,0.743,0.344,0.333,-0.224,0.163,0.483,0.329,-0.055,-0.025,0.225,-0.329,0.321,0.631,0.089,0.569,-0.167,0.492,0.344,0.472,0.41,-0.193,0.526,0.549,0.201,0.394,-0.109,-0.058,0.324,0.214,0.573,-0.117,0.152,0.467,0.257,0.474,0.249,0.149,0.378,0.598,0.267,0.5,-0.329,0.65,0.521,0.676,-0.145,0.479,0.336,0.515,0.464,0.269,0.195,0.202,-0.095,-0.113,0.048,0.605,-0.254,0.638,0.149,0.324,0.154,0.161,-0.275,0.336,0.327,0.347,0.228,0.305,0.621,0.506,-0.29,-0.205,-0.07,0.239,0.376,0.151,-0.089,-0.167
AKBA,-0.032,0.19,-0.145,-0.463,-0.117,-0.582,-0.29,0.283,1.0,-0.367,-0.311,-0.482,0.172,0.26,0.296,-0.113,-0.16,0.8,0.475,0.677,-0.267,0.014,0.485,-0.404,0.334,0.618,0.468,0.476,-0.118,-0.341,0.459,-0.196,-0.158,-0.481,0.514,0.446,0.456,-0.266,0.165,-0.47,0.303,-0.639,0.449,-0.238,-0.491,-0.383,-0.314,-0.361,0.433,-0.341,-0.286,-0.417,-0.402,-0.577,-0.171,-0.403,0.002,-0.319,-0.385,0.73,0.458,-0.416,-0.529,0.508,0.02,0.511,-0.582,0.428,-0.126,0.015,0.129,0.159,-0.5,0.421,0.534,0.184,0.194,-0.446,-0.568,-0.511,0.196,0.482,-0.025,-0.233,-0.183,0.48,-0.233,0.338,0.661,0.305,0.564,-0.581,0.351,0.521,0.075,0.125,-0.228,-0.347,0.175,-0.278,-0.252,-0.418,-0.039,0.638,-0.063,-0.459,-0.189,0.51,0.366,-0.359,0.666,-0.433,-0.445,-0.399,-0.319,0.126,0.047,0.17,-0.466,0.901,0.436,0.525,0.412,-0.178,-0.238,0.073,0.163,0.271,-0.158,-0.203,-0.371,-0.245,-0.147,0.387,-0.326,0.363,-0.522,0.278,0.266,0.611,-0.075,-0.445,0.058,0.519,-0.355,0.14,-0.346,-0.514,0.338,-0.404,0.409,-0.318,-0.35,0.309,-0.228,-0.087,-0.296,-0.411,0.11,0.327,-0.115,0.665,-0.399,0.362,0.253,0.406,0.215,0.633,0.18,0.553,0.275,0.667,-0.24,0.358,-0.277,-0.503,0.14,0.219,-0.333,0.297,-0.008,0.193,-0.007,-0.119,-0.628,-0.014,-0.135,-0.343,0.646,-0.371,0.394,0.482,-0.053,-0.173,-0.396,-0.123,-0.076,-0.028,-0.178,-0.446
ALT,0.07,-0.065,0.623,0.598,0.521,0.345,0.422,-0.138,-0.367,1.0,0.495,0.588,-0.534,-0.61,-0.182,0.585,0.197,-0.509,-0.57,-0.515,0.421,0.322,-0.255,0.49,0.33,-0.439,-0.555,-0.174,0.143,0.568,-0.311,0.648,0.608,0.293,-0.445,-0.252,-0.31,0.151,-0.615,0.691,-0.59,0.594,-0.224,0.263,0.505,-0.076,0.23,0.369,-0.211,0.63,0.68,0.573,0.056,0.571,0.703,0.593,-0.56,-0.357,0.415,-0.459,-0.541,-0.096,0.609,0.099,-0.453,-0.204,0.687,0.057,0.38,0.656,0.115,0.347,0.624,-0.414,-0.697,-0.181,0.028,0.391,0.353,0.45,0.059,-0.049,0.479,0.616,0.235,-0.248,0.628,0.014,-0.306,0.234,-0.516,0.476,-0.178,-0.308,-0.511,-0.544,0.728,0.408,-0.309,0.179,0.586,0.486,0.534,-0.547,-0.485,0.182,0.414,-0.61,-0.37,0.287,-0.315,0.811,0.645,0.461,0.56,-0.513,0.544,0.167,0.63,-0.409,-0.424,-0.309,-0.536,0.405,0.524,0.465,-0.532,-0.096,0.499,0.687,0.038,0.552,0.305,-0.364,0.603,-0.297,0.281,-0.204,-0.644,-0.481,0.131,0.019,0.072,-0.514,0.246,-0.523,0.283,0.339,-0.45,0.229,-0.399,0.5,-0.278,-0.074,0.272,-0.064,-0.068,-0.195,-0.489,-0.121,-0.056,-0.36,0.737,-0.164,0.188,-0.288,0.321,-0.622,-0.631,-0.175,-0.127,-0.605,0.207,0.059,0.471,0.439,0.318,-0.082,0.785,0.185,0.271,0.299,0.269,0.491,0.678,0.216,0.029,0.25,0.001,-0.104,0.014,-0.458,0.29,0.689,-0.096,0.214,-0.085,0.575,0.442,0.668
AMAT,0.221,0.325,0.413,0.693,0.671,0.155,0.398,-0.001,-0.311,0.495,1.0,0.633,-0.586,-0.378,0.153,0.623,0.415,-0.373,-0.498,-0.276,0.344,0.844,0.103,0.381,0.172,-0.46,-0.631,0.273,0.205,0.536,-0.29,0.572,0.612,0.682,-0.301,0.097,-0.239,0.603,-0.321,0.701,-0.61,0.688,-0.03,0.474,0.695,0.084,0.572,0.62,-0.209,0.566,0.491,0.547,0.18,0.466,0.349,0.728,-0.272,-0.172,0.704,-0.089,-0.563,-0.09,0.601,0.25,-0.142,0.19,0.695,0.427,0.72,0.33,0.279,0.616,0.751,-0.505,-0.491,-0.287,0.056,0.237,0.531,0.593,-0.055,0.091,0.628,0.621,0.402,-0.018,0.514,0.084,-0.24,0.083,-0.521,0.435,0.109,-0.334,-0.503,-0.632,0.799,0.846,0.015,0.509,0.505,0.64,0.853,-0.62,-0.503,0.409,0.351,-0.522,-0.476,0.16,-0.165,0.565,0.826,0.633,0.544,-0.316,0.651,-0.04,0.7,-0.306,-0.316,-0.23,-0.582,0.675,0.081,0.764,-0.356,0.202,0.824,0.237,0.191,0.764,0.33,0.008,0.693,0.087,0.386,-0.09,-0.571,-0.489,0.118,-0.075,0.092,-0.147,0.175,-0.406,0.688,0.149,-0.108,0.282,-0.248,0.549,-0.073,0.405,0.497,0.287,0.108,0.143,-0.354,-0.309,-0.042,-0.415,0.654,-0.135,0.429,0.229,0.582,-0.491,-0.515,-0.175,0.099,-0.38,0.478,0.319,0.754,0.591,0.559,0.219,0.599,0.104,0.274,0.505,0.714,0.363,0.473,0.586,0.213,0.5,0.215,0.252,0.247,-0.499,0.169,0.496,0.167,0.563,0.019,0.691,0.628,0.801
AMD,-0.229,-0.088,0.393,0.474,0.813,-0.009,0.549,-0.426,-0.482,0.588,0.633,1.0,-0.583,-0.645,-0.03,0.377,0.302,-0.456,-0.557,-0.594,0.613,0.468,-0.282,0.384,0.113,-0.554,-0.65,0.074,-0.018,0.61,-0.457,0.717,0.641,0.702,-0.422,-0.319,-0.571,0.414,-0.329,0.711,-0.783,0.557,-0.148,0.186,0.639,0.02,0.144,0.776,-0.334,0.729,0.697,0.511,0.067,0.201,0.555,0.832,-0.31,-0.274,0.716,-0.37,-0.627,-0.115,0.586,0.126,-0.272,-0.097,0.641,0.156,0.752,0.523,0.119,0.55,0.811,-0.573,-0.691,-0.585,-0.261,0.37,0.46,0.662,-0.142,-0.105,0.641,0.689,0.232,-0.288,0.663,-0.176,-0.412,0.053,-0.539,0.469,-0.403,-0.333,-0.681,-0.564,0.728,0.565,-0.099,0.434,0.616,0.768,0.653,-0.584,-0.556,0.326,0.26,-0.601,-0.597,0.139,-0.309,0.606,0.749,0.388,0.627,-0.392,0.695,-0.067,0.5,-0.466,-0.636,-0.604,-0.539,0.254,0.286,0.446,-0.655,0.042,0.675,0.221,-0.001,0.852,0.168,-0.367,0.54,-0.281,0.294,-0.217,-0.567,-0.546,-0.064,-0.136,-0.099,-0.448,-0.105,-0.571,0.716,0.03,-0.222,0.235,-0.503,0.602,-0.151,0.006,0.329,-0.112,-0.104,-0.032,-0.449,-0.506,-0.102,-0.583,0.721,-0.295,0.163,-0.182,0.514,-0.611,-0.634,-0.304,0.094,-0.493,0.266,0.014,0.753,0.605,0.465,-0.253,0.648,-0.129,0.45,0.316,0.426,0.414,0.587,0.301,0.188,0.239,0.139,0.066,-0.036,-0.556,0.274,0.692,0.201,0.261,-0.104,0.509,0.717,0.623
AMGN,0.115,-0.086,-0.548,-0.559,-0.498,-0.041,-0.454,0.181,0.172,-0.534,-0.586,-0.583,1.0,0.545,0.251,-0.495,-0.271,0.306,0.586,0.401,-0.408,-0.468,0.133,-0.32,-0.141,0.324,0.474,-0.193,0.058,-0.546,0.369,-0.734,-0.638,-0.335,0.327,0.258,0.416,-0.351,0.638,-0.658,0.736,-0.381,0.133,-0.32,-0.51,0.151,-0.223,-0.589,0.429,-0.49,-0.666,-0.506,0.326,-0.234,-0.612,-0.601,0.588,0.465,-0.469,0.212,0.539,0.449,-0.438,-0.126,0.447,0.092,-0.583,-0.354,-0.529,-0.574,-0.169,-0.556,-0.654,0.381,0.591,0.385,0.22,-0.086,-0.389,-0.548,0.018,-0.017,-0.534,-0.706,-0.086,0.321,-0.674,0.001,0.103,-0.131,0.431,-0.417,0.267,0.155,0.68,0.917,-0.659,-0.534,0.557,-0.073,-0.639,-0.608,-0.581,0.365,0.759,-0.304,-0.333,0.551,0.681,-0.192,0.104,-0.557,-0.47,-0.483,-0.635,0.806,-0.54,-0.075,-0.491,0.157,0.593,0.416,0.499,-0.356,-0.16,-0.579,0.586,0.014,-0.69,-0.363,0.054,-0.671,-0.257,0.405,-0.449,0.355,-0.147,0.254,0.714,0.377,0.026,0.319,0.043,0.591,0.081,0.524,-0.523,0.081,0.451,-0.068,0.414,-0.58,0.343,0.008,-0.237,0.151,0.099,0.175,0.83,0.322,0.091,0.313,-0.597,0.204,-0.291,0.062,-0.624,0.468,0.759,0.076,-0.066,0.511,-0.195,-0.168,-0.71,-0.489,-0.611,0.16,-0.611,0.041,-0.365,-0.399,-0.469,-0.269,-0.487,-0.257,-0.178,-0.15,-0.185,0.179,-0.019,0.677,-0.226,-0.6,0.304,-0.299,0.23,-0.58,-0.562,-0.596
AMZN,0.304,0.201,-0.215,-0.435,-0.52,-0.17,-0.5,0.461,0.26,-0.61,-0.378,-0.645,0.545,1.0,0.234,-0.291,0.009,0.446,0.546,0.704,-0.486,-0.297,0.341,-0.236,-0.118,0.421,0.507,0.054,0.057,-0.445,0.449,-0.623,-0.457,-0.389,0.505,0.442,0.442,-0.053,0.339,-0.555,0.638,-0.455,0.244,0.094,-0.497,0.004,-0.102,-0.523,0.577,-0.532,-0.572,-0.353,0.033,-0.213,-0.525,-0.57,0.43,0.548,-0.386,0.418,0.596,0.378,-0.551,-0.039,0.41,0.329,-0.562,0.063,-0.406,-0.594,0.112,-0.242,-0.49,0.492,0.663,0.634,0.2,-0.044,-0.188,-0.438,0.174,0.153,-0.326,-0.521,-0.294,0.351,-0.534,0.176,0.262,0.026,0.428,-0.412,0.561,0.197,0.623,0.526,-0.518,-0.251,0.268,-0.191,-0.492,-0.567,-0.492,0.391,0.517,0.025,-0.096,0.608,0.637,-0.125,0.191,-0.643,-0.533,-0.242,-0.491,0.478,-0.498,0.067,-0.519,0.304,0.628,0.442,0.376,-0.123,-0.263,-0.291,0.913,0.182,-0.566,-0.358,0.171,-0.629,0.311,0.499,-0.431,0.457,-0.25,0.393,0.729,0.436,0.213,-0.034,0.121,0.569,0.052,0.859,-0.455,-0.205,0.404,-0.08,0.574,-0.464,0.354,0.137,-0.199,0.282,0.588,0.269,0.551,0.357,0.203,0.342,-0.707,0.282,-0.028,0.281,-0.418,0.593,0.637,0.233,0.129,0.558,-0.19,0.195,-0.525,-0.384,-0.473,0.407,-0.64,0.088,-0.456,-0.113,-0.175,-0.298,-0.394,-0.031,0.022,0.0,-0.091,0.084,0.179,0.587,-0.338,-0.506,-0.086,-0.165,0.28,-0.403,-0.434,-0.529
APA,0.467,0.137,-0.055,-0.105,0.304,-0.21,-0.028,0.451,0.296,-0.182,0.153,-0.03,0.251,0.234,1.0,0.316,0.209,0.214,0.414,0.38,0.104,0.395,0.557,0.037,0.375,0.089,0.003,0.64,0.475,0.216,0.419,0.019,0.196,0.294,0.469,0.805,0.564,0.316,0.383,-0.219,-0.029,-0.114,0.659,0.256,-0.044,-0.223,0.203,0.09,0.596,0.212,-0.094,0.2,0.272,-0.114,-0.159,-0.116,0.315,0.239,0.234,0.453,0.115,0.151,-0.075,0.568,0.499,0.789,-0.245,0.461,0.274,-0.249,0.45,0.153,-0.193,-0.056,0.363,0.037,0.59,-0.092,-0.0,0.016,0.387,0.555,0.328,0.051,0.1,0.744,0.118,0.404,0.184,0.313,0.205,-0.115,0.531,-0.018,-0.028,0.247,0.046,0.083,0.756,0.553,0.151,0.101,0.285,0.022,-0.052,0.157,0.241,0.315,0.252,-0.087,0.189,-0.255,0.142,0.013,0.142,0.554,0.223,0.24,-0.046,0.246,0.392,0.413,0.035,0.434,-0.362,0.366,0.187,0.611,0.21,-0.26,0.233,-0.013,0.127,0.718,0.183,0.807,-0.091,0.668,0.134,0.076,0.389,-0.222,0.525,0.682,0.007,0.082,0.117,-0.19,0.66,0.268,0.589,0.267,0.319,0.667,0.379,0.621,0.177,0.235,0.544,0.111,0.273,0.142,-0.135,0.475,0.589,0.54,0.174,0.265,0.258,0.156,0.535,0.347,0.505,0.251,-0.05,0.184,0.229,0.705,-0.158,0.227,0.139,0.344,0.451,0.306,-0.279,0.587,0.438,0.236,0.514,0.429,0.631,0.437,-0.126,-0.053,0.321,0.436,0.366,0.274,0.276,-0.048
APPS,0.328,0.139,0.663,0.492,0.487,0.158,0.117,0.348,-0.113,0.585,0.623,0.377,-0.495,-0.291,0.316,1.0,0.256,-0.316,-0.217,-0.135,0.401,0.606,0.291,0.433,0.484,-0.193,-0.418,0.25,0.566,0.651,0.137,0.545,0.765,0.41,0.109,0.334,0.195,0.371,-0.31,0.48,-0.493,0.393,0.356,0.495,0.371,-0.036,0.362,0.384,0.051,0.579,0.505,0.704,0.086,0.45,0.478,0.414,-0.316,-0.167,0.555,-0.018,-0.35,-0.04,0.397,0.438,-0.037,0.285,0.5,0.368,0.498,0.39,0.4,0.469,0.375,-0.288,-0.267,0.056,0.428,0.166,0.28,0.368,0.355,0.331,0.594,0.553,0.113,0.195,0.567,0.462,-0.089,0.527,-0.236,0.316,0.278,-0.124,-0.461,-0.449,0.615,0.547,0.087,0.37,0.536,0.4,0.66,-0.452,-0.48,0.264,0.618,-0.252,-0.198,0.193,-0.007,0.422,0.573,0.45,0.485,-0.257,0.516,0.367,0.497,-0.194,-0.006,0.101,-0.384,0.693,0.208,0.749,-0.304,0.335,0.615,0.494,0.325,0.431,0.437,0.137,0.635,0.182,0.254,0.192,-0.428,-0.248,0.397,-0.211,0.485,-0.078,0.342,-0.301,0.487,0.057,0.065,0.489,0.081,0.514,-0.063,0.314,0.642,0.34,0.067,-0.014,-0.149,0.153,0.008,-0.132,0.568,0.247,0.69,0.409,0.396,-0.338,-0.409,0.039,0.336,-0.373,0.472,0.227,0.51,0.469,0.453,0.332,0.539,0.407,0.517,0.464,0.564,0.539,0.385,0.595,0.327,0.506,0.338,0.116,0.495,-0.199,0.007,0.407,0.008,0.407,0.293,0.635,0.55,0.599
ARCC,0.333,0.197,0.379,0.294,0.311,0.069,0.159,0.174,-0.16,0.197,0.415,0.302,-0.271,0.009,0.209,0.256,1.0,-0.227,-0.146,-0.095,0.272,0.303,-0.046,0.342,0.215,-0.2,-0.273,0.191,0.208,0.422,-0.033,0.326,0.331,0.259,-0.042,0.204,-0.031,0.442,-0.219,0.251,-0.385,0.208,0.091,0.266,0.268,-0.025,0.302,0.307,0.192,0.327,0.272,0.402,0.092,0.195,0.244,0.259,-0.182,-0.034,0.245,-0.044,-0.235,-0.004,0.263,0.235,0.084,0.192,0.216,0.373,0.428,0.154,0.382,0.204,0.286,-0.211,-0.175,-0.036,0.17,0.133,0.39,0.387,0.16,0.221,0.485,0.367,0.248,0.209,0.373,0.103,-0.139,0.086,-0.227,0.385,0.235,-0.216,-0.233,-0.257,0.368,0.629,0.129,0.426,0.393,0.361,0.304,-0.284,-0.124,0.569,0.399,-0.128,-0.109,0.235,-0.109,0.165,0.326,0.362,0.383,-0.079,0.207,0.171,0.273,-0.159,-0.148,-0.102,-0.313,0.398,-0.139,0.292,-0.01,0.293,0.293,0.078,0.138,0.275,0.341,0.161,0.304,0.177,0.058,0.193,-0.106,-0.26,0.379,-0.114,0.249,0.017,0.033,0.178,0.335,0.058,0.032,0.226,0.073,0.427,0.119,0.362,0.193,0.294,0.394,0.262,-0.114,-0.095,0.259,-0.172,0.214,0.1,0.327,0.108,0.182,-0.142,-0.229,-0.065,0.196,-0.116,0.37,0.344,0.305,0.369,0.188,0.351,0.228,0.12,0.141,0.443,0.432,0.306,0.364,0.335,0.289,0.282,0.105,0.241,0.287,-0.088,-0.055,0.231,0.073,0.415,0.086,0.468,0.314,0.237
ARDX,-0.23,0.048,-0.317,-0.547,-0.2,-0.671,-0.294,0.219,0.8,-0.509,-0.373,-0.456,0.306,0.446,0.214,-0.316,-0.227,1.0,0.505,0.644,-0.312,-0.085,0.426,-0.558,0.093,0.59,0.51,0.403,-0.239,-0.488,0.367,-0.348,-0.362,-0.425,0.464,0.3,0.302,-0.173,0.26,-0.459,0.473,-0.595,0.319,-0.303,-0.536,-0.29,-0.431,-0.345,0.368,-0.434,-0.449,-0.598,-0.371,-0.6,-0.383,-0.331,0.151,-0.148,-0.382,0.633,0.563,-0.326,-0.577,0.308,0.048,0.448,-0.613,0.336,-0.066,-0.057,-0.06,0.154,-0.479,0.468,0.553,0.167,0.024,-0.337,-0.541,-0.534,0.06,0.322,-0.127,-0.353,-0.2,0.34,-0.369,0.138,0.546,0.154,0.528,-0.648,0.262,0.501,0.217,0.239,-0.284,-0.405,0.165,-0.323,-0.407,-0.419,-0.146,0.648,0.128,-0.438,-0.365,0.55,0.424,-0.426,0.581,-0.474,-0.514,-0.496,-0.441,0.277,-0.109,-0.004,-0.609,0.749,0.38,0.402,0.477,-0.379,-0.279,-0.141,0.314,0.21,-0.286,-0.394,-0.392,-0.277,-0.122,0.356,-0.419,0.326,-0.538,0.204,0.45,0.631,-0.265,-0.389,-0.101,0.604,-0.396,0.301,-0.366,-0.479,0.328,-0.485,0.327,-0.422,-0.269,0.154,-0.324,-0.159,-0.198,-0.307,0.189,0.183,-0.149,0.573,-0.511,0.256,0.02,0.331,0.023,0.699,0.33,0.47,0.241,0.816,-0.302,0.263,-0.27,-0.544,-0.073,0.083,-0.478,0.179,-0.091,0.094,-0.057,-0.226,-0.635,-0.1,-0.168,-0.419,0.377,-0.325,0.225,0.481,-0.059,-0.277,-0.331,-0.286,-0.091,-0.179,-0.204,-0.551
ATER,0.029,0.033,-0.405,-0.678,-0.388,-0.451,-0.648,0.347,0.475,-0.57,-0.498,-0.557,0.586,0.546,0.414,-0.217,-0.146,0.505,1.0,0.579,-0.421,-0.319,0.469,-0.496,-0.005,0.577,0.628,0.175,0.126,-0.325,0.576,-0.482,-0.462,-0.397,0.621,0.487,0.529,-0.338,0.559,-0.722,0.501,-0.629,0.521,-0.27,-0.685,-0.061,-0.357,-0.514,0.523,-0.542,-0.556,-0.39,0.093,-0.503,-0.485,-0.578,0.399,0.212,-0.341,0.532,0.646,0.115,-0.703,0.264,0.468,0.405,-0.691,0.027,-0.379,-0.536,-0.091,-0.235,-0.697,0.563,0.665,0.438,0.381,-0.355,-0.549,-0.607,0.27,0.241,-0.326,-0.52,-0.208,0.425,-0.46,0.345,0.476,0.208,0.686,-0.615,0.407,0.43,0.521,0.58,-0.592,-0.424,0.415,-0.108,-0.509,-0.569,-0.393,0.566,0.338,-0.393,-0.247,0.66,0.643,-0.44,0.48,-0.705,-0.614,-0.575,-0.544,0.565,-0.346,0.02,-0.631,0.419,0.677,0.54,0.591,-0.26,-0.178,-0.294,0.464,0.325,-0.443,-0.463,-0.019,-0.549,-0.189,0.521,-0.509,0.474,-0.272,0.34,0.718,0.582,0.022,-0.227,0.294,0.609,0.005,0.468,-0.462,-0.34,0.755,0.017,0.563,-0.435,0.106,0.099,-0.043,0.093,0.007,-0.056,0.686,0.371,0.255,0.586,-0.596,0.468,0.091,0.371,-0.415,0.624,0.619,0.394,0.237,0.599,-0.146,-0.002,-0.513,-0.403,-0.285,0.256,-0.655,0.237,-0.154,-0.221,-0.314,-0.257,-0.592,-0.215,-0.129,-0.175,0.157,-0.009,0.306,0.736,-0.494,-0.581,0.048,-0.255,0.403,-0.448,-0.434,-0.643
ATOS,0.144,0.313,-0.176,-0.476,-0.216,-0.483,-0.479,0.484,0.677,-0.515,-0.276,-0.594,0.401,0.704,0.38,-0.135,-0.095,0.644,0.579,1.0,-0.415,-0.047,0.51,-0.422,0.211,0.607,0.51,0.369,0.048,-0.431,0.559,-0.448,-0.199,-0.34,0.637,0.627,0.602,-0.174,0.278,-0.592,0.489,-0.666,0.581,-0.026,-0.591,-0.255,-0.195,-0.508,0.631,-0.457,-0.486,-0.427,-0.248,-0.52,-0.418,-0.472,0.298,0.044,-0.379,0.815,0.618,-0.061,-0.642,0.383,0.267,0.569,-0.57,0.335,-0.253,-0.374,0.148,0.09,-0.53,0.468,0.67,0.47,0.234,-0.368,-0.448,-0.535,0.228,0.428,-0.105,-0.413,-0.318,0.547,-0.413,0.343,0.585,0.227,0.627,-0.665,0.534,0.433,0.371,0.378,-0.394,-0.308,0.351,-0.214,-0.445,-0.522,-0.2,0.55,0.178,-0.228,-0.136,0.603,0.565,-0.296,0.54,-0.69,-0.476,-0.346,-0.466,0.358,-0.14,0.143,-0.571,0.668,0.707,0.602,0.426,-0.115,-0.345,0.031,0.628,0.318,-0.272,-0.364,-0.09,-0.455,0.092,0.585,-0.464,0.542,-0.46,0.432,0.503,0.581,0.046,-0.238,0.153,0.72,-0.248,0.514,-0.394,-0.548,0.472,-0.26,0.54,-0.453,-0.035,0.36,-0.166,0.19,0.107,-0.062,0.429,0.356,-0.01,0.556,-0.55,0.404,0.269,0.525,-0.086,0.689,0.461,0.43,0.317,0.633,-0.229,0.352,-0.388,-0.45,-0.133,0.389,-0.491,0.267,-0.222,0.098,-0.032,-0.169,-0.684,0.101,0.004,-0.22,0.387,-0.118,0.421,0.613,-0.235,-0.292,-0.281,-0.13,0.081,-0.253,-0.302,-0.467
AUPH,-0.05,-0.214,0.397,0.327,0.504,0.103,0.46,-0.06,-0.267,0.421,0.344,0.613,-0.408,-0.486,0.104,0.401,0.272,-0.312,-0.421,-0.415,1.0,0.244,-0.257,0.352,0.303,-0.293,-0.385,0.258,0.419,0.687,-0.118,0.694,0.5,0.479,-0.096,-0.132,-0.143,0.393,-0.273,0.451,-0.521,0.316,0.165,0.01,0.441,0.052,0.112,0.6,-0.121,0.715,0.429,0.596,0.022,0.113,0.541,0.523,-0.362,-0.17,0.479,-0.259,-0.452,-0.194,0.476,0.325,-0.133,-0.043,0.365,0.286,0.622,0.443,0.164,0.364,0.377,-0.351,-0.506,-0.44,0.19,0.297,0.387,0.628,0.274,0.315,0.519,0.535,0.254,0.032,0.589,0.032,-0.242,0.201,-0.278,0.47,-0.19,-0.096,-0.579,-0.32,0.386,0.266,0.107,0.432,0.604,0.706,0.397,-0.429,-0.331,0.254,0.476,-0.252,-0.362,0.367,-0.102,0.401,0.427,0.329,0.559,-0.246,0.324,0.248,0.298,-0.306,-0.426,-0.241,-0.239,0.192,-0.076,0.263,-0.438,0.069,0.467,0.278,-0.121,0.462,0.279,-0.221,0.407,-0.158,0.077,0.002,-0.461,-0.266,0.129,-0.073,0.357,-0.267,-0.124,-0.475,0.589,0.155,-0.213,0.218,-0.221,0.604,-0.056,0.161,0.33,0.081,-0.049,0.062,-0.309,-0.138,0.019,-0.306,0.54,0.176,0.333,0.001,0.392,-0.294,-0.417,-0.074,0.473,-0.295,0.308,-0.155,0.442,0.474,0.305,-0.041,0.555,0.031,0.548,0.468,0.355,0.772,0.421,0.426,0.425,0.178,0.146,0.2,0.095,-0.36,0.241,0.402,0.181,0.409,-0.148,0.573,0.411,0.318
AVGO,0.254,0.435,0.226,0.577,0.697,-0.025,0.339,0.16,0.014,0.322,0.844,0.468,-0.468,-0.297,0.395,0.606,0.303,-0.085,-0.319,-0.047,0.244,1.0,0.392,0.239,0.234,-0.244,-0.464,0.543,0.21,0.436,-0.117,0.419,0.62,0.618,-0.077,0.356,-0.027,0.575,-0.154,0.485,-0.508,0.513,0.194,0.525,0.58,-0.032,0.528,0.56,-0.075,0.571,0.344,0.412,0.13,0.283,0.162,0.519,-0.131,-0.171,0.633,0.161,-0.38,-0.16,0.395,0.395,0.044,0.41,0.499,0.529,0.722,0.266,0.342,0.593,0.472,-0.423,-0.297,-0.268,0.159,0.088,0.419,0.501,0.002,0.282,0.607,0.477,0.427,0.191,0.411,0.259,-0.011,0.14,-0.303,0.26,0.238,-0.174,-0.511,-0.515,0.655,0.708,0.203,0.503,0.411,0.523,0.828,-0.413,-0.483,0.368,0.316,-0.284,-0.346,0.044,0.068,0.415,0.74,0.555,0.438,-0.088,0.671,-0.033,0.576,-0.009,-0.153,-0.045,-0.422,0.73,-0.039,0.789,-0.345,0.394,0.743,0.02,0.287,0.615,0.2,0.267,0.638,0.352,0.325,0.094,-0.507,-0.29,0.075,-0.147,0.145,0.091,0.081,-0.394,0.634,0.007,0.099,0.277,-0.076,0.469,0.006,0.609,0.545,0.335,-0.038,0.149,-0.217,-0.208,-0.038,-0.193,0.451,0.014,0.522,0.416,0.664,-0.267,-0.418,-0.032,0.262,-0.137,0.519,0.394,0.63,0.55,0.664,0.377,0.388,0.216,0.362,0.536,0.742,0.321,0.153,0.659,0.293,0.48,0.427,0.31,0.363,-0.317,0.134,0.403,0.126,0.623,0.139,0.726,0.65,0.711
AZN,0.225,0.282,-0.045,-0.154,0.084,-0.356,-0.357,0.512,0.485,-0.255,0.103,-0.282,0.133,0.341,0.557,0.291,-0.046,0.426,0.469,0.51,-0.257,0.392,1.0,-0.228,0.138,0.365,0.264,0.464,0.294,0.002,0.524,-0.253,0.079,-0.07,0.559,0.703,0.572,0.039,0.317,-0.289,0.149,-0.154,0.593,0.311,-0.188,-0.092,0.114,-0.098,0.392,-0.097,-0.221,-0.074,-0.028,-0.055,-0.319,-0.257,0.177,0.068,0.149,0.633,0.325,0.013,-0.337,0.426,0.379,0.639,-0.296,0.34,0.072,-0.165,0.201,0.218,-0.319,0.244,0.53,0.333,0.472,-0.203,-0.237,-0.241,0.279,0.35,0.037,-0.208,-0.028,0.485,-0.219,0.609,0.484,0.44,0.372,-0.279,0.567,0.271,0.026,0.08,-0.035,0.087,0.411,0.039,-0.248,-0.196,0.244,0.3,-0.022,-0.087,-0.007,0.407,0.418,-0.446,0.484,-0.289,-0.014,-0.09,-0.257,0.316,0.132,0.106,-0.084,0.412,0.547,0.606,0.219,0.38,-0.045,0.439,0.189,0.405,0.086,-0.15,0.3,-0.143,0.088,0.583,0.092,0.61,0.07,0.327,0.219,0.354,0.102,-0.368,0.297,0.598,0.272,0.197,-0.061,-0.252,0.584,0.205,0.498,-0.202,0.023,0.416,0.452,0.301,0.083,0.037,0.397,0.397,0.164,0.443,-0.32,0.544,0.479,0.677,0.084,0.445,0.21,0.387,0.452,0.389,0.089,0.255,-0.079,-0.09,0.243,0.485,-0.301,0.551,0.047,0.149,0.323,-0.054,-0.396,0.271,0.079,0.161,0.446,0.126,0.576,0.394,-0.324,-0.265,0.003,0.149,0.498,0.118,0.121,0.018
BCRX,0.5,0.079,0.584,0.624,0.269,0.439,0.344,-0.073,-0.404,0.49,0.381,0.384,-0.32,-0.236,0.037,0.433,0.342,-0.558,-0.496,-0.422,0.352,0.239,-0.228,1.0,0.381,-0.53,-0.529,-0.119,0.254,0.509,-0.13,0.443,0.43,0.265,-0.199,-0.063,-0.127,0.356,-0.246,0.569,-0.486,0.562,-0.219,0.496,0.535,0.107,0.516,0.236,0.054,0.64,0.698,0.741,0.286,0.6,0.67,0.319,-0.174,0.269,0.242,-0.461,-0.522,0.41,0.548,0.051,-0.006,-0.087,0.409,0.074,0.23,0.25,0.56,-0.007,0.506,-0.48,-0.413,-0.107,0.091,0.322,0.566,0.504,0.267,0.156,0.385,0.599,0.198,-0.015,0.598,-0.128,-0.419,0.146,-0.593,0.623,0.085,-0.528,-0.257,-0.218,0.47,0.394,-0.035,0.301,0.665,0.332,0.278,-0.568,-0.198,0.547,0.73,-0.346,-0.295,0.655,-0.535,0.552,0.482,0.581,0.63,-0.145,0.161,0.393,0.571,-0.459,-0.315,-0.322,-0.575,0.496,0.256,0.294,-0.144,0.216,0.27,0.556,0.489,0.303,0.399,-0.148,0.611,-0.086,0.3,0.123,-0.377,-0.58,0.7,0.065,0.274,-0.42,0.195,-0.122,0.26,0.354,-0.185,0.418,0.111,0.569,0.355,0.159,0.214,0.261,0.376,0.337,-0.173,-0.019,0.09,-0.454,0.414,-0.187,0.219,-0.211,0.205,-0.604,-0.333,-0.409,-0.156,-0.47,0.436,0.129,0.133,0.481,0.113,0.245,0.52,-0.162,0.13,0.35,0.429,0.42,0.571,0.335,0.235,0.531,0.036,0.185,0.158,-0.249,0.106,0.501,0.201,0.287,0.196,0.494,0.304,0.52
BGC,0.249,0.057,0.513,0.077,0.391,-0.259,-0.009,0.398,0.334,0.33,0.172,0.113,-0.141,-0.118,0.375,0.484,0.215,0.093,-0.005,0.211,0.303,0.234,0.138,0.381,1.0,0.204,0.014,0.301,0.341,0.293,0.385,0.398,0.454,0.062,0.38,0.328,0.383,0.057,-0.227,0.113,-0.271,-0.107,0.385,0.101,-0.072,-0.199,-0.019,-0.035,0.55,0.396,0.445,0.35,-0.102,-0.019,0.575,0.119,-0.222,-0.296,0.06,0.29,0.054,-0.191,0.054,0.693,-0.082,0.419,-0.036,0.528,0.293,0.441,0.535,0.369,0.098,0.08,-0.036,0.121,0.395,-0.197,-0.073,-0.019,0.622,0.672,0.524,0.44,-0.079,0.529,0.469,0.27,0.316,0.66,0.128,-0.044,0.447,0.156,-0.218,-0.087,0.349,0.06,0.25,0.116,0.452,0.115,0.422,0.076,-0.317,-0.032,0.554,0.176,0.136,0.285,0.253,0.099,0.144,0.031,0.329,-0.131,0.449,0.725,-0.021,0.196,0.235,0.333,-0.006,0.193,0.093,0.403,-0.072,0.453,0.323,0.433,-0.02,0.221,0.258,0.235,0.318,0.239,-0.354,0.483,-0.015,0.155,0.52,-0.494,0.453,0.188,-0.191,-0.074,0.035,-0.213,0.111,0.059,0.353,0.309,-0.17,0.411,0.057,0.233,-0.096,-0.211,-0.012,0.263,-0.014,0.268,0.198,0.318,0.587,0.349,0.268,0.092,-0.092,0.302,0.28,0.047,0.173,0.329,0.156,0.027,0.328,0.292,0.38,0.359,0.371,0.605,0.357,0.523,0.053,0.356,0.257,0.196,0.638,-0.141,0.633,0.355,-0.011,0.513,-0.225,0.042,0.053,0.453,0.219,0.058
BIDU,-0.207,0.088,-0.2,-0.547,-0.278,-0.468,-0.51,0.512,0.618,-0.439,-0.46,-0.554,0.324,0.421,0.089,-0.193,-0.2,0.59,0.577,0.607,-0.293,-0.244,0.365,-0.53,0.204,1.0,0.91,0.151,0.058,-0.365,0.523,-0.353,-0.309,-0.528,0.665,0.258,0.455,-0.494,0.222,-0.671,0.356,-0.68,0.429,-0.311,-0.706,-0.106,-0.414,-0.477,0.416,-0.506,-0.466,-0.546,-0.37,-0.55,-0.314,-0.546,0.072,-0.14,-0.317,0.586,0.742,-0.207,-0.682,0.261,0.065,0.293,-0.598,0.157,-0.318,-0.212,-0.201,-0.01,-0.609,0.913,0.511,0.492,0.254,-0.447,-0.531,-0.536,0.239,0.228,-0.28,-0.424,-0.269,0.292,-0.441,0.413,0.824,0.35,0.913,-0.648,0.404,0.933,0.289,0.303,-0.49,-0.388,0.213,-0.468,-0.463,-0.429,-0.297,0.697,0.198,-0.461,-0.257,0.817,0.574,-0.378,0.886,-0.649,-0.574,-0.481,-0.51,0.153,-0.14,0.176,-0.666,0.505,0.607,0.671,0.887,-0.382,-0.119,-0.212,0.325,0.054,-0.358,-0.25,-0.182,-0.447,-0.088,0.303,-0.473,0.226,-0.557,0.178,0.582,0.97,-0.073,-0.45,0.128,0.457,-0.25,0.391,-0.388,-0.445,0.296,-0.267,0.385,-0.505,-0.143,0.077,-0.217,-0.161,-0.16,-0.296,0.298,0.483,0.019,0.765,-0.64,0.54,0.132,0.519,-0.263,0.864,0.433,0.834,0.328,0.52,-0.399,0.057,-0.264,-0.517,-0.14,-0.021,-0.539,0.447,0.037,-0.05,-0.323,-0.265,-0.585,-0.323,-0.088,-0.111,0.244,-0.16,0.23,0.702,-0.442,-0.29,-0.328,-0.318,0.074,-0.361,-0.419,-0.634
BILI,-0.196,-0.076,-0.333,-0.624,-0.479,-0.392,-0.581,0.405,0.468,-0.555,-0.631,-0.65,0.474,0.507,0.003,-0.418,-0.273,0.51,0.628,0.51,-0.385,-0.464,0.264,-0.529,0.014,0.91,1.0,0.009,0.0,-0.482,0.492,-0.525,-0.53,-0.6,0.58,0.148,0.423,-0.596,0.346,-0.78,0.515,-0.697,0.254,-0.343,-0.765,-0.035,-0.475,-0.596,0.391,-0.627,-0.572,-0.615,-0.269,-0.517,-0.429,-0.67,0.208,0.078,-0.418,0.417,0.822,-0.014,-0.76,0.026,0.152,0.146,-0.72,-0.04,-0.523,-0.388,-0.301,-0.247,-0.674,0.933,0.558,0.52,0.214,-0.448,-0.558,-0.617,0.188,0.081,-0.511,-0.57,-0.309,0.199,-0.586,0.281,0.771,0.187,0.896,-0.584,0.303,0.809,0.425,0.488,-0.651,-0.524,0.203,-0.51,-0.583,-0.559,-0.522,0.791,0.365,-0.455,-0.334,0.817,0.635,-0.376,0.707,-0.724,-0.718,-0.606,-0.623,0.261,-0.38,0.133,-0.715,0.395,0.581,0.606,0.929,-0.493,-0.114,-0.468,0.434,-0.064,-0.557,-0.287,-0.112,-0.586,-0.148,0.236,-0.565,0.158,-0.499,0.155,0.696,0.893,-0.064,-0.338,0.078,0.407,-0.136,0.496,-0.547,-0.297,0.274,-0.223,0.428,-0.597,0.019,-0.131,-0.297,-0.159,-0.04,-0.191,0.408,0.5,0.092,0.749,-0.808,0.48,-0.101,0.303,-0.457,0.841,0.599,0.732,0.188,0.52,-0.476,-0.16,-0.459,-0.57,-0.277,-0.08,-0.688,0.337,-0.153,-0.244,-0.529,-0.385,-0.566,-0.474,-0.172,-0.179,0.022,-0.105,0.091,0.737,-0.55,-0.458,-0.207,-0.419,0.125,-0.567,-0.605,-0.735
BKR,0.139,0.194,0.016,0.028,0.391,-0.404,0.211,0.329,0.476,-0.174,0.273,0.074,-0.193,0.054,0.64,0.25,0.191,0.403,0.175,0.369,0.258,0.543,0.464,-0.119,0.301,0.151,0.009,1.0,0.172,0.214,0.195,0.255,0.259,0.256,0.316,0.527,0.263,0.411,0.086,-0.024,-0.145,-0.157,0.56,0.183,0.033,-0.302,0.112,0.272,0.272,0.252,-0.011,0.12,-0.108,-0.313,-0.072,0.153,-0.012,-0.103,0.237,0.49,-0.01,-0.315,-0.088,0.557,0.196,0.682,-0.102,0.772,0.486,0.008,0.342,0.453,-0.048,-0.046,0.098,-0.202,0.297,-0.16,0.065,0.186,0.212,0.558,0.367,0.26,0.076,0.489,0.25,0.348,0.358,0.221,0.227,-0.174,0.329,0.138,-0.372,-0.168,0.194,0.183,0.369,0.371,0.255,0.292,0.403,0.13,-0.315,0.156,0.147,0.165,-0.046,-0.157,0.374,-0.162,0.109,0.097,0.257,0.123,0.324,0.09,0.01,0.491,0.038,0.189,0.001,0.339,-0.449,0.419,-0.041,0.514,0.378,-0.324,-0.032,0.192,0.117,0.49,0.155,0.515,-0.148,0.343,-0.147,0.137,0.038,-0.403,0.283,0.418,-0.279,-0.153,0.245,-0.389,0.359,-0.013,0.294,0.351,0.025,0.596,0.254,0.313,-0.05,0.037,0.025,-0.037,0.098,0.18,-0.074,0.386,0.527,0.483,0.635,0.26,-0.101,0.296,0.601,0.371,0.365,0.35,0.252,0.256,0.506,0.481,-0.097,0.215,0.229,0.507,0.502,0.291,-0.325,0.643,0.366,0.031,0.644,0.213,0.555,0.086,0.025,0.102,-0.024,0.525,0.035,0.457,0.383,0.036
BLDP,0.431,-0.042,0.299,0.091,0.115,0.167,-0.183,0.578,-0.118,0.143,0.205,-0.018,0.058,0.057,0.475,0.566,0.208,-0.239,0.126,0.048,0.419,0.21,0.294,0.254,0.341,0.058,0.0,0.172,1.0,0.519,0.538,0.111,0.363,0.28,0.447,0.51,0.618,0.173,0.171,0.003,-0.054,0.147,0.506,0.227,0.065,0.092,0.251,0.02,0.315,0.34,0.014,0.532,0.264,0.302,0.149,-0.022,0.051,0.215,0.373,0.062,0.062,0.258,0.082,0.429,0.397,0.277,0.053,0.172,0.163,-0.107,0.267,0.105,-0.112,0.025,0.141,0.325,0.733,0.056,0.078,0.123,0.668,0.456,0.245,0.098,0.171,0.465,0.152,0.59,0.044,0.495,0.109,0.204,0.399,0.053,-0.041,0.172,0.07,0.168,0.473,0.344,0.16,0.142,0.191,-0.224,-0.02,0.113,0.542,0.207,0.21,0.221,0.093,-0.038,0.204,0.113,0.092,0.225,0.011,0.462,0.148,-0.189,0.367,0.46,0.057,0.487,-0.066,0.302,0.108,0.332,0.205,0.243,0.351,-0.057,0.337,0.315,0.345,0.367,0.196,0.35,0.035,0.038,0.517,-0.051,0.869,0.263,0.454,0.02,0.203,0.218,0.315,0.619,0.392,0.207,0.274,0.368,0.687,0.494,0.243,0.198,0.375,0.465,0.227,0.1,0.122,0.582,0.638,0.545,-0.087,0.014,0.131,0.175,0.495,-0.1,0.38,-0.113,0.031,0.208,0.036,0.443,0.163,0.439,0.345,0.294,0.266,0.516,0.087,0.506,0.341,0.437,0.14,0.416,0.501,0.191,-0.245,-0.071,0.334,0.358,0.491,0.289,0.051,0.173
BLNK,0.235,-0.013,0.569,0.5,0.568,0.208,0.387,0.06,-0.341,0.568,0.536,0.61,-0.546,-0.445,0.216,0.651,0.422,-0.488,-0.325,-0.431,0.687,0.436,0.002,0.509,0.293,-0.365,-0.482,0.214,0.519,1.0,-0.075,0.653,0.628,0.501,-0.036,0.084,-0.079,0.441,-0.254,0.532,-0.675,0.494,0.265,0.352,0.534,0.095,0.361,0.542,-0.049,0.69,0.63,0.767,0.101,0.426,0.58,0.482,-0.274,-0.08,0.666,-0.267,-0.539,0.025,0.515,0.296,0.035,0.088,0.494,0.252,0.56,0.35,0.387,0.338,0.453,-0.409,-0.465,-0.22,0.369,0.354,0.539,0.72,0.306,0.151,0.572,0.605,0.306,0.03,0.638,0.321,-0.254,0.355,-0.342,0.549,0.039,-0.225,-0.582,-0.48,0.555,0.518,0.026,0.479,0.623,0.737,0.519,-0.585,-0.441,0.46,0.528,-0.334,-0.295,0.185,-0.171,0.523,0.639,0.527,0.637,-0.254,0.415,0.297,0.547,-0.373,-0.304,-0.125,-0.414,0.599,0.204,0.553,-0.427,0.232,0.579,0.369,0.276,0.489,0.427,-0.106,0.668,-0.028,0.36,0.082,-0.535,-0.379,0.393,-0.136,0.474,-0.312,0.251,-0.403,0.543,0.209,-0.027,0.612,-0.067,0.663,0.083,0.222,0.611,0.254,0.134,0.175,-0.248,-0.078,0.245,-0.412,0.576,0.299,0.495,0.095,0.344,-0.434,-0.491,-0.092,0.471,-0.515,0.58,-0.018,0.455,0.669,0.414,0.218,0.522,0.197,0.446,0.467,0.488,0.577,0.473,0.493,0.463,0.41,0.153,0.301,0.322,-0.364,0.098,0.435,0.236,0.536,0.261,0.663,0.545,0.558
BYND,0.188,0.023,0.039,-0.521,-0.167,-0.386,-0.656,0.568,0.459,-0.311,-0.29,-0.457,0.369,0.449,0.419,0.137,-0.033,0.367,0.576,0.559,-0.118,-0.117,0.524,-0.13,0.385,0.523,0.492,0.195,0.538,-0.075,1.0,-0.234,-0.003,-0.31,0.833,0.591,0.884,-0.298,0.406,-0.528,0.383,-0.479,0.597,-0.06,-0.505,-0.153,-0.239,-0.533,0.68,-0.199,-0.268,-0.01,-0.058,-0.246,-0.075,-0.5,0.234,0.125,-0.12,0.543,0.587,0.159,-0.568,0.508,0.459,0.466,-0.585,0.21,-0.222,-0.237,0.147,0.035,-0.497,0.499,0.651,0.508,0.607,-0.373,-0.481,-0.528,0.665,0.613,-0.008,-0.199,-0.256,0.598,-0.14,0.572,0.496,0.612,0.566,-0.424,0.547,0.369,0.343,0.513,-0.284,-0.277,0.408,-0.179,-0.178,-0.456,-0.127,0.436,0.176,-0.314,0.226,0.651,0.632,-0.034,0.45,-0.504,-0.392,-0.47,-0.297,0.372,-0.173,0.568,-0.47,0.376,0.766,0.68,0.439,0.014,0.022,0.002,0.406,0.386,-0.22,0.046,0.121,-0.359,0.085,0.469,-0.193,0.455,-0.214,0.429,0.582,0.51,0.337,-0.397,0.613,0.597,0.174,0.43,-0.367,-0.254,0.578,0.24,0.667,-0.232,0.079,0.24,0.282,0.155,0.104,-0.11,0.591,0.704,0.054,0.616,-0.435,0.61,0.467,0.584,-0.258,0.471,0.496,0.501,0.365,0.446,-0.137,0.099,-0.358,-0.407,-0.145,0.344,-0.25,0.485,-0.031,0.156,-0.057,0.14,-0.358,0.116,-0.009,-0.002,0.402,-0.07,0.594,0.665,-0.467,-0.286,-0.023,-0.202,0.476,-0.122,-0.304,-0.346
