,AAL,AAPL,ABUS,ADBE,ADI,ADMA,AEP,AGNC,AKBA,ALT,AMAT,AMD,AMGN,AMZN,APA,APPS,ARCC,ARDX,ATER,ATOS,AUPH,AVGO,AZN,BCRX,BGC,BIDU,BILI,BKR,BLDP,BLNK,BYND,CAN,CELH,CG,CGC,CHRD,CLNE,CMCSA,COMM,COST,CPB,CPRT,CRON,CRWD,CSCO,CSGP,CSX,CTSH,CZR,DBX,DDOG,DKNG,DLTR,DOCU,DVAX,DXCM,EA,EBAY,ENPH,ERIC,ESPR,ETSY,EXC,EXEL,EXPE,FANG,FAST,FITB,FLEX,FOLD,FOXA,FSLR,FTNT,FUTU,GEN,GERN,GEVO,GILD,GOOG,GOOGL,GPRO,GT,HBAN,HIVE,HON,HST,HUT,IBRX,INTC,IOVA,IQ,IRWD,JBLU,JD,KDP,KHC,LBTYK,LRCX,LYFT,MAR,MARA,MAT,MCHP,MCRB,MDLZ,META,MGNI,MLCO,MNKD,MNST,MOMO,MRNA,MRVL,MSFT,MSTR,MTCH,MU,MVIS,NDAQ,NFLX,NKTR,NNDM,NTES,NTNX,NVAX,NVDA,NWL,NWSA,NXPI,OCGN,OKTA,ON,OPK,PAA,PACB,PAGP,PANW,PARA,PCAR,PDD,PENN,PEP,PLUG,PTEN,PTON,PYPL,QCOM,QUBT,QVCGA,RDFN,REAL,RIOT,ROKU,ROST,RUN,SABR,SAVA,SBUX,SFIX,SGMO,SIRI,SLM,SMCI,SNDL,SONO,STNE,STX,TCOM,TGTX,TIGR,TLRY,TMUS,TRIP,TSCO,TSLA,TTD,TXN,UAL,UNIT,VERU,VKTX,VLY,VOD,VTRS,VXRT,WBA,WBD,WDAY,WDC,WEN,WW,WYNN,XEL,XP,XRAY,XRX,Z,ZION,ZM,ZS
AAL,1.0,-0.615,-0.076,-0.381,0.052,-0.181,-0.072,0.488,-0.279,-0.469,0.433,0.335,-0.562,-0.523,0.44,0.167,0.118,-0.271,0.451,0.037,0.453,0.324,-0.549,0.298,0.128,0.531,0.172,0.474,0.235,0.148,0.385,0.358,0.566,-0.067,0.581,0.014,-0.183,0.252,0.285,-0.184,0.346,-0.111,0.353,-0.202,0.043,-0.358,0.455,0.41,0.549,0.085,-0.301,0.315,-0.401,-0.273,0.012,-0.066,0.036,0.041,-0.41,-0.076,-0.324,-0.084,-0.445,-0.309,0.622,0.199,0.389,0.525,0.642,-0.014,-0.297,-0.184,-0.17,0.36,0.436,0.049,0.288,-0.579,-0.173,-0.058,0.066,0.542,0.465,-0.001,0.731,0.194,-0.147,0.455,0.045,-0.372,-0.102,0.036,0.465,0.616,0.399,0.424,-0.515,0.484,0.398,0.371,-0.205,0.765,0.439,-0.316,0.293,0.09,-0.086,0.248,-0.409,0.729,-0.403,0.16,-0.339,-0.351,-0.49,-0.239,0.457,0.165,-0.237,-0.052,-0.164,0.261,0.274,-0.171,-0.053,0.109,0.621,-0.046,0.341,0.407,-0.477,0.322,0.144,-0.035,-0.05,-0.046,-0.14,0.343,0.414,0.436,0.396,-0.037,0.467,0.165,0.306,-0.064,-0.094,-0.475,0.338,0.345,-0.013,-0.091,-0.16,0.077,-0.506,0.673,-0.177,0.372,0.064,-0.2,0.15,0.178,0.235,0.572,0.587,0.436,0.518,0.186,-0.051,0.272,0.381,0.154,0.587,0.08,0.226,0.147,0.343,0.87,0.569,0.497,-0.575,0.392,-0.104,0.079,-0.234,-0.17,0.381,-0.464,0.744,-0.083,0.72,0.551,0.017,-0.404,0.091,-0.169,0.126,0.527,-0.251,-0.061
AAPL,-0.615,1.0,0.34,0.753,0.376,0.313,-0.268,-0.677,0.31,0.576,0.065,0.2,0.178,0.807,-0.058,0.241,0.289,0.445,-0.42,0.198,-0.5,0.142,0.644,0.045,0.266,-0.584,0.276,-0.242,0.085,0.313,0.133,-0.046,-0.28,0.509,-0.198,0.4,0.378,0.234,0.271,0.202,-0.618,0.11,0.044,0.49,0.303,0.604,-0.518,-0.448,-0.086,0.335,0.709,-0.096,0.122,0.556,0.387,0.451,0.303,0.415,0.664,-0.321,0.431,0.146,0.603,-0.027,-0.375,0.178,-0.519,-0.582,-0.476,0.351,0.363,0.191,0.65,0.187,0.087,0.101,0.094,0.477,0.598,0.524,0.316,-0.687,-0.651,0.138,-0.525,0.309,0.031,-0.63,0.46,0.63,0.431,-0.295,-0.597,-0.514,-0.586,-0.529,0.616,0.003,0.165,0.073,0.533,-0.41,-0.053,0.085,-0.153,0.423,0.367,-0.419,0.312,-0.444,0.481,0.203,0.657,0.756,0.67,0.452,-0.396,0.196,0.662,0.008,-0.2,0.218,-0.458,0.65,0.398,0.408,-0.605,-0.063,-0.214,-0.547,0.35,-0.327,-0.032,0.418,0.4,0.441,0.335,-0.148,-0.213,-0.504,-0.183,0.477,-0.118,0.272,-0.009,0.605,0.544,0.625,0.013,0.157,0.386,0.469,0.343,-0.243,0.642,-0.129,0.405,-0.117,0.26,0.4,0.252,0.118,0.07,-0.184,-0.423,-0.215,-0.456,-0.395,0.509,0.108,-0.059,0.316,-0.33,-0.115,0.099,0.324,0.109,-0.556,-0.311,-0.186,0.547,-0.302,0.354,0.002,0.373,0.014,-0.564,0.418,-0.378,0.182,-0.46,-0.485,-0.31,0.6,-0.382,0.338,-0.021,-0.584,0.553,0.423
ABUS,-0.076,0.34,1.0,0.528,0.524,0.751,-0.561,-0.27,0.528,0.506,0.222,0.5,-0.316,0.42,0.579,0.822,0.722,0.411,-0.003,0.812,-0.424,0.468,0.34,0.702,0.718,-0.458,0.431,0.22,0.752,0.758,0.61,0.429,0.271,0.649,0.442,0.557,0.762,0.314,0.708,-0.23,-0.525,-0.531,0.659,0.461,0.523,0.411,-0.461,-0.194,0.394,0.787,0.449,0.524,-0.484,0.783,0.772,0.667,0.529,0.668,0.152,-0.544,0.69,0.158,0.424,-0.289,-0.179,0.638,-0.224,-0.56,0.131,0.723,-0.006,0.409,0.642,0.514,0.579,0.526,0.834,0.34,0.68,0.606,0.681,-0.334,-0.482,-0.287,-0.084,0.658,-0.108,-0.316,0.441,0.625,0.53,-0.54,-0.619,-0.296,-0.583,-0.45,0.378,0.122,0.426,0.403,0.392,0.114,-0.102,-0.23,-0.032,0.65,0.775,-0.266,-0.167,0.005,0.57,0.88,0.711,0.627,0.39,-0.019,-0.388,0.778,0.572,-0.568,-0.364,0.694,-0.598,0.64,0.761,0.683,-0.364,-0.358,-0.322,-0.152,-0.445,-0.606,0.122,0.772,0.752,0.794,-0.079,-0.06,0.196,-0.425,0.26,0.392,0.604,0.776,0.414,0.522,0.518,0.389,0.132,0.605,0.666,0.5,0.142,-0.66,0.122,0.402,0.821,-0.269,0.9,0.844,0.843,0.486,0.495,0.495,-0.263,-0.125,-0.004,-0.705,0.734,0.617,0.673,0.652,0.104,-0.226,0.111,0.601,0.021,-0.24,0.194,0.648,0.256,-0.286,0.358,0.281,0.652,0.029,-0.587,-0.385,0.101,0.608,0.24,-0.337,-0.658,0.491,-0.724,0.643,-0.228,-0.436,0.636,0.56
ADBE,-0.381,0.753,0.528,1.0,0.621,0.427,-0.475,-0.52,0.45,0.545,0.269,0.466,-0.057,0.822,0.244,0.501,0.687,0.606,-0.389,0.333,-0.521,0.383,0.707,0.362,0.579,-0.596,0.533,-0.103,0.292,0.469,0.439,0.214,-0.041,0.648,0.169,0.593,0.597,0.461,0.534,0.023,-0.666,-0.126,0.362,0.701,0.507,0.705,-0.496,-0.436,0.207,0.57,0.839,0.222,-0.275,0.671,0.676,0.726,0.529,0.591,0.617,-0.529,0.627,-0.029,0.648,-0.26,-0.224,0.435,-0.409,-0.639,-0.248,0.595,0.331,0.557,0.808,0.459,0.441,0.216,0.295,0.413,0.817,0.696,0.61,-0.556,-0.739,0.006,-0.307,0.555,0.21,-0.579,0.648,0.731,0.618,-0.534,-0.611,-0.485,-0.589,-0.482,0.562,0.2,0.416,0.198,0.686,-0.155,0.083,-0.134,-0.029,0.617,0.48,-0.362,0.115,-0.245,0.758,0.464,0.757,0.807,0.756,0.179,-0.35,0.46,0.772,-0.189,-0.244,0.466,-0.527,0.824,0.662,0.585,-0.525,-0.191,-0.215,-0.56,0.004,-0.325,-0.018,0.681,0.565,0.663,0.304,0.006,-0.134,-0.566,-0.008,0.616,0.094,0.479,0.293,0.818,0.652,0.528,0.139,0.449,0.748,0.674,0.466,-0.374,0.507,0.206,0.686,-0.082,0.5,0.589,0.459,0.435,0.169,0.054,-0.409,-0.087,-0.357,-0.527,0.67,0.508,0.238,0.579,0.06,-0.225,0.158,0.571,0.246,-0.403,-0.04,0.104,0.511,-0.327,0.499,0.174,0.701,0.065,-0.652,0.132,-0.124,0.169,-0.267,-0.487,-0.598,0.639,-0.611,0.586,-0.027,-0.657,0.772,0.706
ADI,0.052,0.376,0.524,0.621,1.0,0.373,-0.529,-0.387,0.309,0.242,0.78,0.605,-0.329,0.476,0.325,0.568,0.595,0.594,-0.042,0.373,-0.218,0.592,0.485,0.492,0.631,-0.219,0.638,0.055,0.638,0.563,0.662,0.3,0.185,0.649,0.489,0.687,0.557,0.703,0.646,-0.048,-0.507,-0.047,0.536,0.546,0.756,0.507,-0.219,-0.193,0.571,0.635,0.697,0.468,-0.599,0.59,0.595,0.716,0.644,0.666,0.446,-0.584,0.605,-0.146,0.455,-0.425,0.069,0.639,-0.221,-0.461,0.27,0.655,0.224,0.49,0.755,0.673,0.707,0.116,0.602,0.06,0.76,0.856,0.699,-0.279,-0.547,0.053,0.035,0.68,-0.008,-0.485,0.714,0.752,0.733,-0.602,-0.465,-0.171,-0.497,-0.383,0.28,0.651,0.624,0.557,0.746,0.106,0.438,-0.374,0.28,0.74,0.654,-0.187,-0.152,0.173,0.457,0.537,0.724,0.644,0.485,0.015,-0.118,0.569,0.557,-0.253,-0.41,0.632,-0.358,0.651,0.526,0.645,-0.268,-0.138,0.044,-0.451,-0.303,-0.201,0.023,0.636,0.717,0.655,0.448,0.327,0.103,-0.316,0.199,0.58,0.541,0.488,0.596,0.834,0.792,0.44,0.242,0.67,0.7,0.796,0.372,-0.381,0.155,0.438,0.566,0.221,0.631,0.437,0.592,0.613,0.234,0.378,0.086,0.161,-0.022,-0.562,0.763,0.623,0.468,0.786,0.259,-0.18,0.49,0.776,0.574,0.024,0.124,0.429,0.078,-0.162,0.633,0.23,0.475,0.057,-0.357,-0.094,0.332,0.214,0.19,-0.201,-0.542,0.575,-0.6,0.422,-0.045,-0.392,0.557,0.76
ADMA,-0.181,0.313,0.751,0.427,0.373,1.0,-0.448,-0.396,0.747,0.535,-0.046,0.339,0.108,0.365,0.464,0.674,0.515,0.393,-0.266,0.517,-0.366,0.222,0.514,0.541,0.489,-0.382,0.468,0.26,0.56,0.571,0.429,0.387,-0.123,0.489,0.339,0.393,0.608,0.144,0.583,-0.214,-0.576,-0.411,0.482,0.286,0.411,0.472,-0.549,-0.078,0.17,0.606,0.327,0.281,-0.253,0.621,0.615,0.515,0.385,0.54,0.178,-0.283,0.704,0.176,0.564,0.143,-0.277,0.553,-0.263,-0.551,0.074,0.712,0.213,0.449,0.544,0.405,0.444,0.536,0.621,0.542,0.472,0.398,0.514,-0.397,-0.497,-0.192,-0.158,0.518,-0.104,-0.367,0.299,0.56,0.542,-0.35,-0.583,-0.344,-0.608,-0.496,0.609,-0.059,0.26,0.178,0.389,0.028,-0.252,-0.043,-0.194,0.334,0.585,-0.095,0.06,-0.139,0.575,0.623,0.528,0.467,0.328,-0.022,-0.472,0.564,0.385,-0.582,-0.146,0.486,-0.347,0.502,0.591,0.469,-0.276,-0.093,-0.338,-0.261,-0.241,-0.543,0.122,0.622,0.73,0.57,-0.167,0.042,0.012,-0.364,0.078,0.254,0.41,0.607,0.308,0.394,0.379,0.37,0.003,0.487,0.454,0.467,0.076,-0.544,0.146,0.264,0.576,-0.236,0.659,0.812,0.656,0.408,0.418,0.32,-0.371,-0.296,0.004,-0.517,0.668,0.496,0.477,0.574,-0.041,-0.025,0.014,0.34,-0.075,-0.309,0.144,0.459,0.509,-0.242,0.43,0.465,0.567,0.202,-0.393,-0.155,-0.114,0.482,-0.004,-0.422,-0.475,0.6,-0.417,0.618,-0.296,-0.475,0.564,0.423
AEP,-0.072,-0.268,-0.561,-0.475,-0.529,-0.448,1.0,0.184,-0.37,-0.395,-0.269,-0.506,0.25,-0.378,-0.383,-0.602,-0.539,-0.439,-0.035,-0.406,0.287,-0.252,-0.228,-0.563,-0.569,0.333,-0.522,-0.215,-0.547,-0.533,-0.549,-0.37,-0.109,-0.555,-0.446,-0.509,-0.515,-0.334,-0.54,0.28,0.502,0.297,-0.506,-0.385,-0.431,-0.387,0.476,0.237,-0.437,-0.568,-0.498,-0.554,0.46,-0.558,-0.622,-0.574,-0.499,-0.593,-0.236,0.501,-0.482,-0.091,-0.262,0.371,-0.045,-0.572,0.189,0.381,-0.133,-0.655,-0.008,-0.327,-0.587,-0.588,-0.566,-0.34,-0.601,-0.136,-0.582,-0.593,-0.516,0.372,0.608,0.197,-0.013,-0.676,0.106,0.406,-0.215,-0.529,-0.532,0.554,0.452,0.177,0.676,0.382,-0.283,-0.158,-0.411,-0.387,-0.468,-0.197,0.018,0.293,0.171,-0.509,-0.605,0.075,0.092,-0.016,-0.319,-0.527,-0.395,-0.415,-0.28,0.035,0.478,-0.607,-0.42,0.46,0.462,-0.62,0.443,-0.569,-0.563,-0.565,0.247,0.238,0.389,0.153,0.338,0.398,-0.136,-0.599,-0.536,-0.535,-0.015,-0.062,-0.093,0.257,-0.251,-0.15,-0.525,-0.471,-0.444,-0.563,-0.388,-0.4,-0.1,-0.633,-0.577,-0.545,-0.201,0.391,-0.171,-0.439,-0.547,0.137,-0.505,-0.564,-0.494,-0.534,-0.365,-0.348,0.071,0.097,-0.054,0.522,-0.601,-0.528,-0.474,-0.579,-0.249,0.25,-0.184,-0.546,-0.027,-0.006,-0.191,-0.468,-0.177,0.123,-0.231,-0.213,-0.448,0.098,0.486,0.249,-0.063,-0.404,-0.138,0.208,0.777,-0.511,0.499,-0.487,0.095,0.342,-0.471,-0.563
AGNC,0.488,-0.677,-0.27,-0.52,-0.387,-0.396,0.184,1.0,-0.295,-0.508,-0.126,-0.197,-0.188,-0.659,0.063,-0.246,-0.177,-0.458,0.588,-0.165,0.237,-0.176,-0.591,-0.072,-0.237,0.36,-0.425,0.338,-0.134,-0.307,-0.173,-0.015,0.355,-0.446,0.081,-0.447,-0.246,-0.286,-0.249,-0.151,0.588,-0.175,-0.141,-0.557,-0.13,-0.649,0.455,0.583,0.225,-0.379,-0.602,0.226,0.011,-0.476,-0.187,-0.457,-0.115,-0.352,-0.636,0.317,-0.54,-0.032,-0.496,-0.1,0.438,-0.259,0.711,0.668,0.377,-0.367,-0.35,-0.23,-0.509,-0.21,-0.038,0.234,-0.107,-0.36,-0.404,-0.424,-0.343,0.522,0.649,-0.21,0.606,-0.24,0.227,0.599,-0.339,-0.648,-0.461,0.323,0.663,0.475,0.623,0.758,-0.514,-0.012,-0.185,-0.092,-0.666,0.461,0.093,-0.089,0.136,-0.252,-0.175,0.27,-0.395,0.42,-0.519,-0.163,-0.606,-0.561,-0.671,-0.241,0.306,-0.226,-0.573,0.136,-0.08,-0.125,0.407,-0.491,-0.167,-0.381,0.652,0.187,0.069,0.626,-0.186,0.374,0.111,-0.262,-0.43,-0.289,-0.346,0.046,0.405,0.395,0.37,-0.441,0.058,-0.257,-0.116,-0.54,-0.527,-0.538,0.084,-0.126,-0.399,-0.58,-0.154,0.335,-0.506,0.042,-0.374,0.047,-0.233,-0.319,-0.178,-0.126,0.058,0.026,0.34,0.006,0.599,0.389,-0.436,-0.116,0.018,-0.28,0.394,0.228,-0.164,-0.246,-0.099,0.482,0.114,0.132,-0.507,0.419,-0.407,0.037,-0.309,-0.065,0.318,-0.323,0.37,0.041,0.442,0.419,0.285,-0.714,0.315,-0.122,0.218,0.694,-0.552,-0.509
AKBA,-0.279,0.31,0.528,0.45,0.309,0.747,-0.37,-0.295,1.0,0.417,-0.097,0.228,0.244,0.416,0.21,0.585,0.358,0.505,-0.243,0.236,-0.207,0.134,0.536,0.325,0.291,-0.246,0.321,-0.028,0.445,0.299,0.265,0.114,-0.294,0.462,0.295,0.24,0.464,0.138,0.327,-0.182,-0.564,-0.113,0.336,0.311,0.297,0.544,-0.464,-0.017,0.019,0.433,0.345,0.307,-0.166,0.436,0.49,0.355,0.349,0.304,0.355,-0.088,0.531,0.143,0.444,0.18,-0.124,0.386,-0.053,-0.5,-0.139,0.547,0.421,0.561,0.44,0.202,0.235,0.421,0.372,0.431,0.368,0.321,0.416,-0.48,-0.466,-0.137,-0.177,0.293,0.09,-0.364,0.294,0.487,0.464,-0.282,-0.362,-0.318,-0.519,-0.431,0.694,-0.068,0.041,0.258,0.281,0.008,-0.093,0.255,-0.148,0.224,0.535,0.101,0.414,-0.173,0.518,0.361,0.434,0.486,0.27,0.256,-0.483,0.329,0.346,-0.3,-0.079,0.263,-0.22,0.353,0.459,0.274,-0.231,0.131,-0.192,-0.334,-0.036,-0.3,0.416,0.425,0.636,0.37,0.087,0.081,-0.164,-0.39,0.187,0.144,0.22,0.376,0.257,0.386,0.305,0.331,0.11,0.442,0.374,0.287,0.386,-0.246,0.357,0.161,0.365,-0.038,0.461,0.733,0.42,0.351,0.169,0.019,-0.235,-0.048,-0.129,-0.335,0.497,0.301,0.251,0.359,0.104,0.119,0.139,0.323,-0.024,-0.31,0.057,0.282,0.448,-0.285,0.303,0.255,0.429,0.015,-0.414,0.082,-0.305,0.382,-0.112,-0.319,-0.328,0.459,-0.271,0.594,0.056,-0.467,0.551,0.326
ALT,-0.469,0.576,0.506,0.545,0.242,0.535,-0.395,-0.508,0.417,1.0,-0.14,0.247,0.185,0.651,0.21,0.363,0.416,0.384,-0.355,0.336,-0.476,0.053,0.516,0.295,0.565,-0.568,0.303,-0.035,0.172,0.415,0.183,0.166,-0.161,0.58,-0.06,0.399,0.51,0.112,0.3,-0.184,-0.537,-0.339,0.243,0.382,0.153,0.452,-0.579,-0.47,-0.128,0.433,0.54,0.081,-0.19,0.531,0.538,0.487,0.192,0.398,0.463,-0.266,0.559,0.171,0.548,-0.004,-0.478,0.393,-0.499,-0.455,-0.311,0.475,0.151,0.314,0.506,0.178,0.11,0.285,0.223,0.709,0.454,0.324,0.319,-0.475,-0.6,-0.178,-0.435,0.394,-0.033,-0.462,0.126,0.577,0.385,-0.355,-0.679,-0.344,-0.658,-0.648,0.558,-0.235,0.095,-0.104,0.425,-0.295,-0.382,-0.127,-0.381,0.235,0.363,-0.171,0.274,-0.348,0.489,0.323,0.511,0.511,0.595,0.011,-0.472,0.328,0.589,-0.415,-0.215,0.224,-0.514,0.545,0.493,0.351,-0.56,-0.357,-0.517,-0.365,-0.112,-0.609,-0.025,0.463,0.432,0.434,-0.105,-0.159,-0.143,-0.437,-0.268,0.209,0.057,0.451,0.043,0.452,0.329,0.465,-0.103,0.251,0.471,0.422,0.004,-0.489,0.556,-0.017,0.556,-0.429,0.381,0.511,0.358,0.348,0.114,0.068,-0.567,-0.403,-0.336,-0.489,0.399,0.265,0.217,0.4,-0.155,-0.316,-0.144,0.253,-0.266,-0.531,-0.043,0.076,0.547,-0.122,0.223,0.115,0.503,0.03,-0.482,-0.05,-0.342,0.272,-0.303,-0.577,-0.507,0.649,-0.488,0.488,-0.315,-0.403,0.487,0.427
AMAT,0.433,0.065,0.222,0.269,0.78,-0.046,-0.269,-0.126,-0.097,-0.14,1.0,0.579,-0.601,0.155,0.322,0.32,0.355,0.245,0.188,0.239,0.138,0.658,0.032,0.335,0.447,0.169,0.477,0.011,0.521,0.381,0.616,0.33,0.407,0.455,0.485,0.569,0.165,0.761,0.525,-0.008,-0.138,0.132,0.417,0.355,0.509,0.218,0.228,-0.061,0.65,0.355,0.421,0.41,-0.617,0.25,0.314,0.463,0.465,0.395,0.198,-0.52,0.143,-0.29,0.016,-0.584,0.365,0.467,-0.003,-0.059,0.446,0.322,-0.022,0.095,0.448,0.674,0.614,-0.14,0.474,-0.379,0.463,0.683,0.469,0.099,-0.127,0.21,0.329,0.47,-0.077,-0.083,0.614,0.34,0.413,-0.474,-0.101,0.22,-0.071,-0.054,-0.17,0.905,0.685,0.622,0.497,0.316,0.71,-0.459,0.477,0.705,0.332,-0.128,-0.283,0.507,0.041,0.335,0.418,0.35,0.2,-0.042,0.347,0.353,0.36,-0.016,-0.344,0.504,-0.112,0.367,0.196,0.501,0.038,-0.147,0.388,-0.203,-0.368,0.112,0.051,0.366,0.39,0.384,0.479,0.389,0.228,-0.022,0.291,0.522,0.533,0.275,0.573,0.607,0.668,0.126,0.324,0.547,0.411,0.542,0.286,-0.148,-0.073,0.524,0.296,0.476,0.386,0.011,0.375,0.47,0.112,0.41,0.474,0.475,0.127,-0.252,0.49,0.488,0.319,0.565,0.388,-0.161,0.604,0.675,0.773,0.43,0.196,0.471,-0.343,0.067,0.465,0.019,0.103,-0.155,0.003,-0.197,0.635,-0.042,0.397,0.2,-0.304,0.124,-0.37,-0.008,0.097,-0.008,0.242,0.531
AMD,0.335,0.2,0.5,0.466,0.605,0.339,-0.506,-0.197,0.228,0.247,0.579,1.0,-0.438,0.393,0.689,0.568,0.595,0.263,-0.059,0.547,-0.182,0.683,0.125,0.659,0.672,-0.101,0.663,0.317,0.566,0.607,0.655,0.537,0.37,0.584,0.52,0.631,0.432,0.549,0.67,-0.217,-0.234,-0.27,0.68,0.415,0.444,0.33,-0.217,-0.203,0.509,0.541,0.534,0.405,-0.618,0.482,0.652,0.624,0.42,0.596,0.336,-0.567,0.344,-0.063,0.197,-0.437,0.155,0.727,-0.191,-0.199,0.361,0.633,-0.15,0.294,0.655,0.704,0.625,0.37,0.577,-0.03,0.54,0.597,0.462,-0.016,-0.335,-0.09,0.175,0.706,-0.261,-0.119,0.41,0.463,0.477,-0.461,-0.387,0.265,-0.344,-0.213,0.037,0.501,0.724,0.337,0.445,0.391,0.279,-0.457,0.208,0.61,0.446,-0.048,-0.333,0.337,0.263,0.553,0.461,0.44,0.304,-0.064,0.015,0.583,0.584,-0.343,-0.418,0.696,-0.276,0.553,0.463,0.786,-0.119,-0.479,-0.104,-0.185,-0.518,-0.3,-0.047,0.653,0.558,0.647,0.134,0.134,0.315,-0.025,0.128,0.54,0.578,0.603,0.443,0.699,0.558,0.121,0.185,0.667,0.57,0.536,0.1,-0.473,0.195,0.728,0.558,-0.008,0.552,0.392,0.554,0.508,0.296,0.586,0.012,0.165,0.117,-0.449,0.593,0.624,0.532,0.643,0.37,-0.283,0.232,0.749,0.347,0.18,0.403,0.536,0.086,0.073,0.383,0.284,0.408,-0.043,-0.26,-0.402,0.449,0.156,0.406,-0.045,-0.548,0.397,-0.548,0.366,-0.1,-0.106,0.485,0.517
AMGN,-0.562,0.178,-0.316,-0.057,-0.329,0.108,0.25,-0.188,0.244,0.185,-0.601,-0.438,1.0,0.055,-0.419,-0.337,-0.46,-0.086,-0.373,-0.378,-0.215,-0.596,0.388,-0.356,-0.339,-0.159,-0.202,-0.099,-0.432,-0.438,-0.498,-0.46,-0.587,-0.268,-0.408,-0.438,-0.203,-0.463,-0.453,0.228,-0.047,0.185,-0.451,-0.279,-0.101,0.089,-0.309,0.078,-0.495,-0.329,-0.14,-0.421,0.665,-0.224,-0.265,-0.269,-0.204,-0.196,0.116,0.559,0.018,0.158,0.331,0.751,-0.35,-0.41,-0.099,-0.078,-0.295,-0.08,0.249,0.021,-0.128,-0.496,-0.42,-0.001,-0.458,0.601,-0.244,-0.34,-0.392,-0.327,-0.162,-0.117,-0.377,-0.344,0.027,-0.197,-0.337,-0.063,-0.232,0.439,-0.109,-0.302,-0.107,-0.08,0.496,-0.489,-0.526,-0.541,-0.2,-0.504,-0.391,0.383,-0.122,-0.507,-0.183,0.11,0.468,-0.395,-0.017,-0.426,-0.259,-0.1,-0.108,0.209,-0.331,-0.375,-0.258,0.056,0.219,-0.51,0.225,-0.261,-0.215,-0.402,-0.088,0.369,-0.322,-0.107,0.645,-0.07,-0.064,-0.3,-0.062,-0.36,-0.08,-0.304,-0.351,0.09,-0.338,-0.163,-0.494,-0.4,-0.409,-0.237,-0.348,0.068,-0.438,-0.4,-0.338,-0.26,-0.076,0.172,0.174,-0.574,-0.319,-0.208,-0.417,-0.016,-0.36,-0.377,-0.055,-0.514,-0.431,-0.429,-0.135,0.223,-0.14,-0.416,-0.465,-0.298,-0.463,0.221,-0.348,-0.448,-0.318,-0.477,-0.394,-0.527,0.549,-0.094,-0.014,0.15,-0.12,0.509,-0.014,0.608,-0.606,-0.098,-0.553,-0.398,0.381,0.212,0.45,0.006,-0.036,-0.132,-0.135,-0.251
AMZN,-0.523,0.807,0.42,0.822,0.476,0.365,-0.378,-0.659,0.416,0.651,0.155,0.393,0.055,1.0,0.084,0.335,0.413,0.577,-0.477,0.213,-0.434,0.197,0.657,0.121,0.417,-0.536,0.4,-0.325,0.223,0.303,0.178,-0.028,-0.27,0.612,-0.053,0.551,0.46,0.322,0.336,-0.01,-0.682,-0.014,0.146,0.678,0.288,0.683,-0.49,-0.625,-0.058,0.425,0.842,0.039,-0.187,0.55,0.457,0.568,0.351,0.415,0.763,-0.435,0.587,0.03,0.554,-0.096,-0.339,0.361,-0.532,-0.561,-0.412,0.542,0.373,0.482,0.702,0.224,0.217,0.12,0.169,0.464,0.655,0.623,0.522,-0.641,-0.703,0.17,-0.534,0.412,0.149,-0.615,0.46,0.73,0.468,-0.454,-0.59,-0.492,-0.641,-0.654,0.563,-0.004,0.157,0.153,0.648,-0.288,-0.041,0.051,-0.161,0.448,0.389,-0.283,0.259,-0.427,0.692,0.225,0.748,0.782,0.762,0.29,-0.405,0.261,0.781,-0.197,-0.123,0.256,-0.554,0.61,0.393,0.493,-0.689,-0.206,-0.261,-0.67,0.104,-0.456,-0.043,0.57,0.566,0.556,0.388,-0.061,-0.286,-0.568,-0.178,0.461,-0.028,0.343,0.134,0.745,0.601,0.654,0.09,0.315,0.643,0.58,0.366,-0.287,0.714,0.019,0.55,-0.123,0.408,0.403,0.349,0.382,-0.043,-0.129,-0.436,-0.142,-0.391,-0.514,0.541,0.276,0.054,0.42,-0.143,-0.211,0.165,0.516,0.032,-0.459,-0.083,-0.085,0.573,-0.32,0.411,0.107,0.519,-0.018,-0.54,0.22,-0.264,0.194,-0.401,-0.501,-0.511,0.666,-0.537,0.479,-0.093,-0.573,0.618,0.61
APA,0.44,-0.058,0.579,0.244,0.325,0.464,-0.383,0.063,0.21,0.21,0.322,0.689,-0.419,0.084,1.0,0.638,0.665,-0.068,0.026,0.672,-0.32,0.497,-0.038,0.653,0.681,-0.15,0.462,0.63,0.51,0.635,0.56,0.719,0.552,0.454,0.485,0.548,0.478,0.281,0.67,-0.325,-0.124,-0.638,0.661,0.154,0.359,0.055,-0.092,-0.01,0.532,0.562,0.149,0.445,-0.535,0.442,0.616,0.508,0.408,0.551,-0.171,-0.452,0.295,-0.034,0.191,-0.34,0.055,0.813,0.016,-0.019,0.477,0.587,-0.275,0.117,0.396,0.599,0.632,0.433,0.593,0.071,0.37,0.376,0.407,0.187,-0.078,-0.312,0.283,0.628,-0.247,0.025,0.297,0.164,0.266,-0.306,-0.325,0.288,-0.182,-0.024,0.024,0.279,0.55,0.196,0.152,0.47,0.073,-0.61,0.184,0.406,0.368,-0.122,-0.488,0.422,0.205,0.658,0.267,0.256,0.115,-0.304,0.019,0.667,0.421,-0.589,-0.407,0.598,-0.349,0.468,0.558,0.643,0.036,-0.513,-0.232,0.063,-0.664,-0.423,-0.064,0.695,0.387,0.63,-0.277,0.027,0.586,0.108,0.191,0.395,0.495,0.79,0.228,0.38,0.3,0.004,0.227,0.578,0.362,0.322,-0.195,-0.622,-0.225,0.725,0.499,-0.227,0.594,0.425,0.652,0.503,0.568,0.663,-0.078,-0.029,0.307,-0.486,0.453,0.591,0.619,0.514,0.279,-0.205,-0.135,0.424,0.129,0.187,0.567,0.625,-0.027,0.188,0.323,0.408,0.37,0.118,-0.26,-0.633,0.508,0.289,0.525,-0.072,-0.527,0.18,-0.485,0.496,-0.353,0.041,0.379,0.267
APPS,0.167,0.241,0.822,0.501,0.568,0.674,-0.602,-0.246,0.585,0.363,0.32,0.568,-0.337,0.335,0.638,1.0,0.722,0.44,-0.05,0.677,-0.302,0.472,0.311,0.67,0.675,-0.283,0.531,0.326,0.732,0.794,0.66,0.459,0.273,0.61,0.562,0.569,0.67,0.388,0.728,-0.245,-0.511,-0.439,0.713,0.399,0.551,0.396,-0.435,-0.066,0.468,0.893,0.41,0.557,-0.497,0.693,0.733,0.653,0.593,0.706,0.171,-0.437,0.63,0.121,0.446,-0.267,-0.015,0.718,-0.125,-0.496,0.275,0.769,0.162,0.381,0.624,0.611,0.695,0.447,0.741,0.213,0.602,0.609,0.691,-0.301,-0.496,-0.295,0.029,0.671,-0.154,-0.4,0.471,0.567,0.564,-0.443,-0.444,-0.189,-0.574,-0.376,0.427,0.259,0.461,0.531,0.385,0.287,0.088,-0.185,0.033,0.573,0.677,-0.157,-0.091,0.171,0.476,0.784,0.573,0.594,0.249,0.098,-0.354,0.773,0.583,-0.541,-0.47,0.69,-0.463,0.619,0.751,0.721,-0.247,-0.245,-0.244,-0.21,-0.434,-0.487,0.175,0.7,0.742,0.691,0.007,0.096,0.259,-0.371,0.382,0.4,0.62,0.853,0.486,0.617,0.52,0.299,0.226,0.721,0.657,0.502,0.22,-0.584,0.079,0.608,0.68,-0.078,0.782,0.794,0.777,0.511,0.602,0.557,-0.079,0.047,0.048,-0.697,0.706,0.668,0.695,0.677,0.295,-0.056,0.217,0.605,0.156,-0.067,0.286,0.595,0.215,-0.256,0.416,0.304,0.607,0.024,-0.519,-0.345,0.239,0.504,0.302,-0.272,-0.613,0.502,-0.61,0.612,-0.18,-0.415,0.709,0.537
ARCC,0.118,0.289,0.722,0.687,0.595,0.515,-0.539,-0.177,0.358,0.416,0.355,0.595,-0.46,0.413,0.665,0.722,1.0,0.374,-0.008,0.659,-0.453,0.501,0.331,0.669,0.736,-0.448,0.521,0.319,0.542,0.743,0.62,0.593,0.465,0.587,0.456,0.666,0.756,0.419,0.731,-0.301,-0.385,-0.542,0.671,0.509,0.501,0.334,-0.33,-0.222,0.455,0.742,0.531,0.507,-0.648,0.669,0.757,0.727,0.544,0.642,0.177,-0.648,0.627,-0.01,0.406,-0.433,-0.119,0.697,-0.218,-0.398,0.169,0.642,0.016,0.498,0.613,0.646,0.692,0.362,0.615,0.191,0.681,0.581,0.708,-0.133,-0.433,-0.191,0.014,0.706,0.013,-0.316,0.551,0.547,0.595,-0.53,-0.466,-0.17,-0.417,-0.288,0.206,0.268,0.58,0.27,0.514,0.183,0.037,-0.46,-0.023,0.587,0.553,-0.288,-0.309,0.105,0.627,0.779,0.65,0.512,0.552,-0.181,-0.131,0.727,0.632,-0.4,-0.407,0.661,-0.561,0.778,0.802,0.646,-0.29,-0.468,-0.241,-0.155,-0.565,-0.354,0.03,0.783,0.552,0.764,-0.037,0.095,0.252,-0.377,0.158,0.449,0.43,0.788,0.382,0.625,0.536,0.327,0.213,0.598,0.757,0.627,0.169,-0.599,0.056,0.537,0.739,-0.212,0.729,0.65,0.71,0.598,0.403,0.511,-0.231,-0.011,-0.039,-0.62,0.635,0.76,0.673,0.674,0.3,-0.314,0.063,0.604,0.164,-0.062,0.331,0.479,0.201,-0.035,0.431,0.258,0.698,0.005,-0.518,-0.475,0.253,0.349,0.252,-0.265,-0.75,0.443,-0.758,0.631,-0.188,-0.354,0.636,0.596
ARDX,-0.271,0.445,0.411,0.606,0.594,0.393,-0.439,-0.458,0.505,0.384,0.245,0.263,-0.086,0.577,-0.068,0.44,0.374,1.0,-0.184,0.107,-0.172,0.267,0.572,0.169,0.318,-0.216,0.445,-0.286,0.337,0.267,0.254,-0.015,-0.284,0.513,0.147,0.378,0.363,0.365,0.265,-0.191,-0.582,0.165,0.198,0.531,0.36,0.681,-0.36,-0.297,0.033,0.434,0.659,0.174,-0.356,0.431,0.407,0.39,0.381,0.287,0.655,-0.291,0.514,0.066,0.36,-0.106,-0.053,0.307,-0.308,-0.58,-0.171,0.414,0.456,0.566,0.506,0.256,0.226,0.151,0.316,0.21,0.502,0.522,0.491,-0.491,-0.577,0.142,-0.255,0.364,0.169,-0.44,0.388,0.791,0.628,-0.412,-0.316,-0.323,-0.55,-0.498,0.438,0.172,0.206,0.417,0.63,-0.072,0.12,0.213,-0.231,0.431,0.541,-0.101,0.313,-0.241,0.575,0.225,0.627,0.55,0.521,0.234,-0.374,0.21,0.441,-0.081,0.006,0.282,-0.219,0.448,0.35,0.258,-0.384,0.068,-0.045,-0.511,-0.046,-0.141,0.127,0.371,0.533,0.408,0.334,0.323,-0.323,-0.555,0.104,0.168,0.228,0.224,0.446,0.622,0.534,0.483,0.138,0.363,0.587,0.561,0.535,-0.075,0.483,0.156,0.476,0.12,0.387,0.477,0.278,0.419,-0.079,-0.071,-0.116,0.033,-0.186,-0.354,0.467,0.261,0.115,0.383,0.156,-0.002,0.385,0.506,0.139,-0.244,-0.079,0.146,0.347,-0.332,0.344,0.14,0.54,-0.16,-0.223,0.131,-0.113,0.186,-0.253,-0.237,-0.401,0.603,-0.388,0.35,0.069,-0.51,0.572,0.549
ATER,0.451,-0.42,-0.003,-0.389,-0.042,-0.266,-0.035,0.588,-0.243,-0.355,0.188,-0.059,-0.373,-0.477,0.026,-0.05,-0.008,-0.184,1.0,0.119,0.245,-0.014,-0.534,0.083,-0.108,0.299,-0.277,0.107,0.231,-0.065,0.057,0.034,0.62,-0.206,0.175,-0.202,-0.088,0.019,-0.099,-0.196,0.436,0.025,-0.001,-0.279,0.017,-0.525,0.432,0.421,0.313,-0.153,-0.25,0.332,-0.2,-0.254,-0.075,-0.166,0.203,-0.223,-0.344,0.094,-0.387,0.028,-0.473,-0.263,0.316,-0.096,0.452,0.455,0.398,-0.213,-0.291,-0.124,-0.252,-0.007,0.123,0.187,0.277,-0.395,-0.144,-0.084,-0.066,0.378,0.487,-0.12,0.506,0.026,-0.104,0.375,-0.066,-0.279,-0.279,0.165,0.45,0.408,0.414,0.386,-0.485,0.229,0.064,0.257,-0.36,0.403,0.213,-0.038,0.128,0.084,0.116,0.132,-0.319,0.425,-0.399,0.076,-0.226,-0.268,-0.472,-0.079,0.392,0.007,-0.409,0.267,-0.214,0.063,0.345,-0.313,-0.115,-0.233,0.492,0.121,0.18,0.734,-0.274,0.333,0.315,-0.176,-0.056,-0.126,-0.072,0.17,0.325,0.166,0.479,-0.308,0.373,-0.158,0.201,-0.256,-0.195,-0.293,0.109,0.114,-0.126,-0.303,-0.051,0.378,-0.324,0.062,-0.225,0.167,0.06,-0.201,0.078,-0.045,0.066,0.117,0.531,0.281,0.488,0.282,-0.145,-0.052,0.107,-0.077,0.322,0.202,0.246,0.157,0.107,0.482,0.015,0.32,-0.582,0.377,-0.259,-0.079,-0.302,-0.282,0.31,-0.297,0.405,0.284,0.551,0.412,0.084,-0.47,0.072,-0.204,0.46,0.511,-0.418,-0.192
ATOS,0.037,0.198,0.812,0.333,0.373,0.517,-0.406,-0.165,0.236,0.336,0.239,0.547,-0.378,0.213,0.672,0.677,0.659,0.107,0.119,1.0,-0.474,0.399,0.091,0.647,0.612,-0.395,0.28,0.315,0.617,0.714,0.524,0.52,0.522,0.492,0.331,0.498,0.72,0.22,0.576,-0.247,-0.112,-0.546,0.615,0.273,0.381,0.108,-0.345,-0.231,0.375,0.667,0.25,0.399,-0.404,0.687,0.63,0.525,0.393,0.592,-0.038,-0.494,0.519,0.145,0.225,-0.396,-0.285,0.663,-0.235,-0.381,0.231,0.548,-0.246,0.111,0.503,0.521,0.48,0.413,0.748,0.176,0.507,0.427,0.496,0.012,-0.287,-0.395,-0.052,0.597,-0.424,-0.216,0.249,0.4,0.327,-0.333,-0.522,-0.055,-0.391,-0.26,0.127,0.143,0.479,0.235,0.22,0.067,-0.155,-0.413,-0.008,0.549,0.562,-0.365,-0.378,0.094,0.347,0.802,0.552,0.422,0.299,-0.121,-0.106,0.733,0.499,-0.496,-0.483,0.653,-0.51,0.56,0.62,0.66,-0.302,-0.574,-0.36,0.09,-0.527,-0.597,0.012,0.643,0.515,0.656,-0.215,-0.25,0.36,-0.189,0.132,0.39,0.509,0.761,0.221,0.352,0.388,0.245,-0.017,0.487,0.474,0.355,-0.18,-0.681,-0.018,0.397,0.694,-0.445,0.756,0.599,0.739,0.295,0.542,0.559,-0.238,-0.099,0.05,-0.618,0.544,0.563,0.657,0.515,0.071,-0.375,-0.106,0.532,-0.002,-0.184,0.124,0.545,0.116,-0.101,0.246,0.135,0.469,0.059,-0.505,-0.499,0.205,0.559,0.358,-0.263,-0.568,0.334,-0.675,0.463,-0.301,-0.262,0.511,0.349
AUPH,0.453,-0.5,-0.424,-0.521,-0.218,-0.366,0.287,0.237,-0.207,-0.476,0.138,-0.182,-0.215,-0.434,-0.32,-0.302,-0.453,-0.172,0.245,-0.474,1.0,0.082,-0.496,-0.212,-0.296,0.765,-0.084,-0.188,-0.041,-0.317,-0.024,-0.143,-0.085,-0.306,0.186,-0.211,-0.546,0.192,-0.13,-0.03,0.317,0.422,-0.102,-0.03,-0.415,-0.189,0.575,0.339,-0.0,-0.411,-0.28,-0.11,-0.056,-0.503,-0.457,-0.402,-0.319,-0.459,-0.104,0.26,-0.454,-0.147,-0.526,-0.034,0.604,-0.339,0.295,0.431,0.064,-0.395,0.053,-0.169,-0.44,-0.138,-0.174,-0.295,-0.131,-0.616,-0.422,-0.31,-0.228,0.393,0.476,0.285,0.444,-0.332,0.063,0.442,-0.122,-0.467,-0.176,0.012,0.608,0.35,0.442,0.255,-0.47,0.245,0.006,0.294,-0.195,0.388,0.46,0.272,0.094,-0.198,-0.358,0.479,0.227,0.223,-0.398,-0.351,-0.461,-0.397,-0.429,0.1,0.427,-0.359,-0.397,0.446,0.348,-0.189,0.506,-0.487,-0.569,-0.311,0.515,0.338,0.745,0.132,0.055,0.623,0.279,-0.544,-0.255,-0.559,0.233,0.452,-0.124,0.286,0.198,-0.26,0.054,-0.474,0.31,-0.35,-0.231,-0.431,0.297,-0.076,-0.264,-0.257,0.108,0.536,-0.124,0.099,-0.461,0.67,-0.337,-0.462,-0.366,-0.157,-0.492,0.045,0.731,0.514,0.02,0.538,-0.389,-0.191,-0.134,-0.24,0.397,0.315,0.504,-0.142,0.319,0.635,0.163,0.116,-0.508,0.158,-0.31,-0.342,-0.488,-0.444,0.532,0.084,0.161,-0.359,0.206,0.748,0.427,-0.556,0.374,-0.57,0.516,0.387,-0.39,-0.099
AVGO,0.324,0.142,0.468,0.383,0.592,0.222,-0.252,-0.176,0.134,0.053,0.658,0.683,-0.596,0.197,0.497,0.472,0.501,0.267,-0.014,0.399,0.082,1.0,0.103,0.577,0.6,0.114,0.566,0.143,0.525,0.466,0.688,0.444,0.389,0.474,0.5,0.552,0.308,0.642,0.672,-0.016,-0.211,-0.066,0.629,0.582,0.419,0.362,0.056,-0.015,0.534,0.48,0.443,0.303,-0.577,0.503,0.505,0.516,0.417,0.46,0.235,-0.502,0.18,-0.19,0.095,-0.537,0.315,0.494,-0.039,-0.2,0.289,0.294,-0.095,0.275,0.473,0.613,0.504,0.09,0.497,-0.185,0.55,0.566,0.386,0.14,-0.159,-0.003,0.348,0.505,-0.091,0.112,0.641,0.341,0.534,-0.54,-0.245,0.216,-0.112,-0.116,-0.086,0.684,0.7,0.525,0.35,0.414,0.535,-0.347,0.39,0.683,0.381,-0.07,-0.221,0.446,0.254,0.57,0.44,0.493,0.23,-0.058,0.179,0.549,0.461,-0.024,-0.087,0.612,-0.172,0.449,0.366,0.641,0.038,-0.239,0.396,-0.198,-0.441,0.056,-0.015,0.406,0.369,0.47,0.233,0.294,0.328,-0.091,0.183,0.583,0.515,0.474,0.491,0.545,0.608,-0.037,0.38,0.53,0.502,0.414,0.239,-0.291,0.047,0.659,0.5,0.334,0.505,0.306,0.471,0.387,0.089,0.551,0.239,0.361,-0.037,-0.234,0.442,0.513,0.461,0.513,0.417,-0.195,0.405,0.57,0.638,0.247,0.433,0.606,-0.219,-0.064,0.321,0.109,0.318,-0.17,-0.176,-0.333,0.481,-0.013,0.421,0.176,-0.298,0.123,-0.474,0.17,0.118,-0.136,0.474,0.468
AZN,-0.549,0.644,0.34,0.707,0.485,0.514,-0.228,-0.591,0.536,0.516,0.032,0.125,0.388,0.657,-0.038,0.311,0.331,0.572,-0.534,0.091,-0.496,0.103,1.0,0.217,0.269,-0.499,0.408,-0.112,0.184,0.207,0.174,-0.07,-0.397,0.447,-0.027,0.375,0.449,0.18,0.32,0.155,-0.628,0.054,0.095,0.441,0.541,0.674,-0.56,-0.266,0.011,0.453,0.636,-0.036,0.047,0.493,0.429,0.404,0.336,0.527,0.549,-0.235,0.655,0.059,0.747,0.198,-0.393,0.208,-0.4,-0.652,-0.262,0.455,0.568,0.546,0.625,0.171,0.252,0.123,0.13,0.673,0.601,0.514,0.355,-0.593,-0.698,-0.042,-0.352,0.385,0.191,-0.607,0.451,0.737,0.584,-0.242,-0.601,-0.558,-0.562,-0.514,0.812,0.024,0.107,0.062,0.539,-0.398,-0.131,0.121,-0.056,0.314,0.399,-0.25,0.306,-0.386,0.678,0.249,0.585,0.622,0.566,0.151,-0.463,0.229,0.52,-0.207,0.004,0.104,-0.283,0.509,0.434,0.305,-0.438,0.133,-0.224,-0.601,0.282,-0.29,-0.117,0.355,0.559,0.421,0.265,0.01,-0.218,-0.506,-0.196,0.462,-0.029,0.259,0.028,0.583,0.45,0.553,-0.119,0.214,0.516,0.512,0.268,-0.215,0.375,-0.066,0.458,-0.046,0.274,0.526,0.284,0.26,0.169,-0.143,-0.496,-0.272,-0.319,-0.335,0.606,0.234,0.061,0.429,-0.172,-0.041,0.001,0.224,0.11,-0.575,-0.16,-0.086,0.627,-0.384,0.556,0.349,0.552,0.338,-0.442,0.37,-0.303,0.091,-0.484,-0.664,-0.211,0.702,-0.226,0.468,-0.183,-0.622,0.593,0.428
BCRX,0.298,0.045,0.702,0.362,0.492,0.541,-0.563,-0.072,0.325,0.295,0.335,0.659,-0.356,0.121,0.653,0.67,0.669,0.169,0.083,0.647,-0.212,0.577,0.217,1.0,0.728,-0.267,0.592,0.485,0.734,0.687,0.844,0.592,0.471,0.53,0.704,0.552,0.586,0.43,0.794,-0.173,-0.271,-0.482,0.864,0.308,0.558,0.196,-0.301,-0.002,0.637,0.67,0.326,0.582,-0.498,0.549,0.771,0.648,0.421,0.78,-0.049,-0.57,0.47,-0.013,0.326,-0.405,0.043,0.635,-0.066,-0.273,0.368,0.622,-0.135,0.336,0.612,0.658,0.709,0.464,0.761,0.108,0.633,0.528,0.507,-0.034,-0.296,-0.379,0.365,0.802,-0.226,-0.135,0.39,0.388,0.47,-0.525,-0.51,0.03,-0.325,-0.237,0.186,0.344,0.715,0.334,0.308,0.323,0.002,-0.495,0.17,0.549,0.526,-0.1,-0.327,0.274,0.332,0.827,0.37,0.336,0.158,-0.296,-0.128,0.784,0.417,-0.521,-0.45,0.701,-0.341,0.565,0.661,0.699,0.077,-0.317,-0.174,0.077,-0.539,-0.32,0.01,0.567,0.593,0.675,-0.152,0.044,0.428,-0.111,0.252,0.442,0.767,0.666,0.418,0.43,0.379,0.109,0.118,0.7,0.622,0.458,-0.072,-0.542,-0.124,0.655,0.629,-0.115,0.695,0.627,0.734,0.491,0.541,0.764,-0.018,-0.052,0.179,-0.408,0.682,0.679,0.785,0.726,0.382,-0.287,0.066,0.521,0.213,0.08,0.419,0.734,0.01,-0.03,0.288,0.341,0.489,0.087,-0.359,-0.497,0.341,0.355,0.539,-0.221,-0.556,0.29,-0.488,0.524,-0.117,-0.177,0.443,0.462
BGC,0.128,0.266,0.718,0.579,0.631,0.489,-0.569,-0.237,0.291,0.565,0.447,0.672,-0.339,0.417,0.681,0.675,0.736,0.318,-0.108,0.612,-0.296,0.6,0.269,0.728,1.0,-0.329,0.614,0.338,0.617,0.713,0.725,0.575,0.382,0.714,0.556,0.681,0.651,0.579,0.789,-0.21,-0.388,-0.532,0.746,0.512,0.516,0.384,-0.245,-0.207,0.538,0.671,0.54,0.507,-0.613,0.629,0.812,0.744,0.575,0.707,0.181,-0.535,0.563,-0.069,0.459,-0.477,0.021,0.739,-0.187,-0.302,0.269,0.716,-0.087,0.376,0.679,0.671,0.664,0.353,0.667,0.271,0.704,0.624,0.632,-0.105,-0.446,-0.269,0.149,0.724,-0.079,-0.23,0.478,0.499,0.513,-0.636,-0.606,-0.051,-0.468,-0.335,0.231,0.359,0.657,0.303,0.517,0.25,0.168,-0.586,0.169,0.626,0.556,-0.2,-0.207,0.256,0.451,0.73,0.541,0.553,0.441,-0.232,-0.161,0.709,0.633,-0.507,-0.452,0.714,-0.501,0.728,0.74,0.702,-0.182,-0.441,-0.214,-0.235,-0.512,-0.439,-0.038,0.74,0.601,0.704,-0.037,0.094,0.304,-0.188,0.181,0.561,0.566,0.721,0.528,0.654,0.557,0.269,0.227,0.733,0.702,0.634,0.088,-0.647,0.091,0.574,0.71,-0.138,0.733,0.581,0.712,0.612,0.404,0.653,-0.148,-0.092,0.002,-0.595,0.649,0.735,0.681,0.771,0.311,-0.335,0.105,0.658,0.245,-0.021,0.347,0.648,0.108,-0.041,0.377,0.264,0.574,0.089,-0.464,-0.414,0.336,0.309,0.327,-0.237,-0.677,0.447,-0.728,0.6,-0.171,-0.237,0.55,0.727
BIDU,0.531,-0.584,-0.458,-0.596,-0.219,-0.382,0.333,0.36,-0.246,-0.568,0.169,-0.101,-0.159,-0.536,-0.15,-0.283,-0.448,-0.216,0.299,-0.395,0.765,0.114,-0.499,-0.267,-0.329,1.0,-0.038,-0.064,-0.155,-0.404,-0.199,-0.042,0.004,-0.449,0.092,-0.341,-0.541,-0.052,-0.254,-0.106,0.503,0.328,-0.159,-0.225,-0.35,-0.258,0.556,0.484,0.007,-0.457,-0.418,-0.164,-0.044,-0.563,-0.488,-0.521,-0.173,-0.524,-0.242,0.386,-0.551,-0.051,-0.522,0.042,0.611,-0.264,0.37,0.457,0.222,-0.47,-0.101,-0.201,-0.571,-0.115,-0.177,-0.298,-0.179,-0.519,-0.527,-0.353,-0.365,0.548,0.537,0.181,0.475,-0.362,0.011,0.576,-0.198,-0.479,-0.175,0.23,0.713,0.664,0.508,0.425,-0.511,0.293,-0.049,0.245,-0.35,0.384,0.452,0.226,0.149,-0.224,-0.267,0.472,-0.007,0.462,-0.408,-0.386,-0.53,-0.445,-0.518,0.003,0.478,-0.367,-0.536,0.451,0.364,-0.326,0.696,-0.585,-0.563,-0.391,0.541,0.285,0.639,0.225,-0.017,0.632,0.058,-0.563,-0.315,-0.595,0.056,0.371,-0.021,0.507,0.119,-0.289,-0.015,-0.424,0.076,-0.36,-0.253,-0.506,0.158,-0.18,-0.364,-0.363,0.079,0.481,-0.312,0.19,-0.538,0.604,-0.409,-0.503,-0.393,-0.219,-0.384,0.006,0.641,0.437,0.208,0.55,-0.456,-0.221,-0.168,-0.361,0.315,0.285,0.343,-0.223,0.294,0.667,0.159,0.103,-0.562,0.225,-0.285,-0.172,-0.526,-0.319,0.603,0.002,0.251,-0.353,0.263,0.734,0.524,-0.546,0.429,-0.592,0.36,0.48,-0.428,-0.339
BILI,0.172,0.276,0.431,0.533,0.638,0.468,-0.522,-0.425,0.321,0.303,0.477,0.663,-0.202,0.4,0.462,0.531,0.521,0.445,-0.277,0.28,-0.084,0.566,0.408,0.592,0.614,-0.038,1.0,0.258,0.459,0.538,0.636,0.536,0.051,0.541,0.441,0.644,0.352,0.591,0.683,-0.225,-0.48,-0.115,0.562,0.523,0.43,0.628,-0.231,-0.201,0.44,0.517,0.606,0.194,-0.476,0.431,0.538,0.661,0.352,0.633,0.366,-0.566,0.527,-0.004,0.431,-0.255,0.15,0.62,-0.382,-0.418,0.109,0.611,0.104,0.419,0.677,0.659,0.617,0.107,0.485,0.057,0.618,0.63,0.542,-0.211,-0.426,0.039,0.145,0.725,-0.129,-0.324,0.511,0.547,0.656,-0.581,-0.481,0.078,-0.402,-0.409,0.297,0.507,0.754,0.399,0.694,0.183,0.209,-0.334,0.006,0.495,0.379,0.056,-0.046,0.144,0.523,0.448,0.489,0.433,0.41,-0.037,-0.129,0.508,0.492,-0.306,-0.155,0.524,-0.146,0.634,0.419,0.592,-0.092,-0.192,0.046,-0.388,-0.212,-0.152,-0.18,0.532,0.568,0.509,0.155,0.28,0.035,0.034,-0.029,0.557,0.425,0.476,0.524,0.688,0.644,0.243,0.127,0.58,0.616,0.754,0.206,-0.378,0.13,0.659,0.517,0.212,0.481,0.387,0.511,0.52,0.157,0.453,-0.017,0.071,-0.038,-0.324,0.654,0.527,0.368,0.69,0.308,-0.264,0.349,0.541,0.462,0.073,0.339,0.46,0.213,-0.135,0.39,0.26,0.485,0.025,-0.226,-0.076,0.202,0.102,0.147,-0.103,-0.529,0.566,-0.358,0.246,-0.048,-0.4,0.565,0.666
BKR,0.474,-0.242,0.22,-0.103,0.055,0.26,-0.215,0.338,-0.028,-0.035,0.011,0.317,-0.099,-0.325,0.63,0.326,0.319,-0.286,0.107,0.315,-0.188,0.143,-0.112,0.485,0.338,-0.064,0.258,1.0,0.242,0.446,0.288,0.455,0.396,0.039,0.331,0.155,0.241,-0.016,0.44,-0.239,0.121,-0.555,0.359,-0.258,0.354,-0.285,-0.028,0.442,0.504,0.288,-0.204,0.32,-0.157,0.136,0.379,0.149,0.15,0.445,-0.423,-0.05,0.131,0.101,0.183,-0.027,0.218,0.372,0.255,0.242,0.606,0.345,-0.268,-0.027,0.111,0.303,0.491,0.494,0.336,0.079,0.082,0.026,0.042,0.257,0.127,-0.443,0.489,0.449,-0.24,0.112,-0.008,-0.134,0.061,0.068,-0.088,0.24,0.049,0.364,-0.038,0.111,0.322,-0.085,-0.142,0.487,0.003,-0.485,0.148,0.008,0.191,0.093,-0.541,0.385,-0.094,0.425,-0.178,-0.142,-0.274,-0.338,-0.013,0.368,-0.044,-0.406,-0.338,0.399,0.003,0.189,0.438,0.281,0.413,-0.138,-0.232,0.296,-0.35,-0.108,-0.204,0.335,0.096,0.314,-0.438,0.025,0.695,0.329,0.26,0.078,0.374,0.463,0.07,-0.008,-0.097,-0.188,0.057,0.291,-0.014,0.056,-0.334,-0.36,-0.48,0.504,0.101,-0.158,0.223,0.255,0.373,0.179,0.625,0.572,0.005,-0.286,0.517,-0.196,0.226,0.336,0.485,0.317,0.267,0.083,-0.272,0.045,0.01,0.216,0.419,0.387,-0.021,0.333,0.116,0.553,0.14,0.433,-0.046,-0.454,0.47,0.204,0.455,0.054,-0.126,0.016,-0.058,0.309,-0.295,0.32,-0.063,-0.052
BLDP,0.235,0.085,0.752,0.292,0.638,0.56,-0.547,-0.134,0.445,0.172,0.521,0.566,-0.432,0.223,0.51,0.732,0.542,0.337,0.231,0.617,-0.041,0.525,0.184,0.734,0.617,-0.155,0.459,0.242,1.0,0.65,0.728,0.384,0.339,0.564,0.685,0.638,0.573,0.517,0.748,-0.235,-0.331,-0.258,0.704,0.36,0.589,0.257,-0.17,0.016,0.615,0.65,0.391,0.646,-0.58,0.544,0.63,0.568,0.6,0.656,0.098,-0.485,0.541,0.001,0.222,-0.345,0.152,0.629,0.033,-0.264,0.429,0.7,0.072,0.373,0.583,0.587,0.722,0.434,0.895,0.003,0.589,0.687,0.67,-0.097,-0.264,-0.199,0.281,0.688,-0.186,-0.2,0.489,0.489,0.485,-0.529,-0.397,-0.088,-0.373,-0.246,0.185,0.433,0.567,0.619,0.385,0.383,0.229,-0.269,0.268,0.641,0.718,-0.057,-0.229,0.269,0.326,0.732,0.533,0.453,0.147,-0.063,-0.129,0.653,0.434,-0.416,-0.409,0.693,-0.309,0.449,0.564,0.652,0.009,-0.129,-0.012,-0.086,-0.468,-0.298,0.207,0.624,0.778,0.676,0.225,0.278,0.361,-0.288,0.495,0.379,0.864,0.578,0.637,0.509,0.575,0.301,0.287,0.772,0.568,0.499,0.182,-0.387,-0.028,0.542,0.572,0.115,0.812,0.611,0.793,0.555,0.446,0.581,0.257,0.132,0.246,-0.494,0.749,0.611,0.685,0.686,0.341,0.031,0.393,0.731,0.307,0.137,0.317,0.777,-0.065,-0.099,0.399,0.331,0.418,-0.044,-0.256,-0.385,0.417,0.556,0.521,-0.082,-0.509,0.278,-0.559,0.485,0.037,-0.144,0.408,0.526
BLNK,0.148,0.313,0.758,0.469,0.563,0.571,-0.533,-0.307,0.299,0.415,0.381,0.607,-0.438,0.303,0.635,0.794,0.743,0.267,-0.065,0.714,-0.317,0.466,0.207,0.687,0.713,-0.404,0.538,0.446,0.65,1.0,0.686,0.654,0.376,0.607,0.475,0.701,0.678,0.434,0.782,-0.201,-0.441,-0.513,0.718,0.356,0.507,0.248,-0.38,-0.137,0.459,0.803,0.439,0.5,-0.521,0.67,0.758,0.738,0.44,0.76,0.123,-0.593,0.641,0.135,0.48,-0.43,-0.12,0.74,-0.258,-0.474,0.278,0.723,-0.072,0.219,0.635,0.649,0.658,0.389,0.697,0.135,0.57,0.589,0.593,-0.239,-0.478,-0.229,-0.0,0.706,-0.239,-0.417,0.398,0.534,0.541,-0.529,-0.596,-0.156,-0.554,-0.349,0.256,0.275,0.6,0.289,0.514,0.188,0.039,-0.469,-0.001,0.537,0.541,-0.281,-0.317,0.152,0.381,0.777,0.569,0.496,0.404,-0.123,-0.268,0.713,0.652,-0.506,-0.562,0.733,-0.564,0.767,0.768,0.776,-0.293,-0.496,-0.264,-0.173,-0.51,-0.525,0.009,0.737,0.607,0.736,-0.024,0.042,0.366,-0.286,0.213,0.456,0.598,0.866,0.436,0.588,0.548,0.365,0.185,0.622,0.574,0.647,0.031,-0.731,0.026,0.536,0.691,-0.215,0.725,0.663,0.72,0.42,0.559,0.721,-0.083,-0.039,-0.034,-0.759,0.682,0.642,0.746,0.712,0.13,-0.23,0.112,0.559,0.137,-0.129,0.238,0.557,0.143,-0.168,0.398,0.244,0.569,0.069,-0.481,-0.459,0.276,0.392,0.276,-0.215,-0.627,0.476,-0.711,0.498,-0.343,-0.321,0.548,0.559
BYND,0.385,0.133,0.61,0.439,0.662,0.429,-0.549,-0.173,0.265,0.183,0.616,0.655,-0.498,0.178,0.56,0.66,0.62,0.254,0.057,0.524,-0.024,0.688,0.174,0.844,0.725,-0.199,0.636,0.288,0.728,0.686,1.0,0.562,0.436,0.646,0.772,0.605,0.484,0.734,0.829,0.011,-0.356,-0.225,0.817,0.427,0.587,0.324,-0.14,-0.075,0.751,0.68,0.441,0.58,-0.551,0.517,0.724,0.733,0.436,0.751,0.089,-0.629,0.425,-0.093,0.258,-0.589,0.198,0.635,-0.095,-0.28,0.337,0.585,0.011,0.25,0.709,0.769,0.787,0.272,0.741,-0.109,0.695,0.664,0.65,-0.069,-0.31,-0.067,0.394,0.762,-0.16,-0.211,0.612,0.386,0.504,-0.619,-0.431,-0.03,-0.291,-0.261,0.171,0.606,0.829,0.56,0.499,0.414,0.311,-0.483,0.277,0.726,0.467,-0.081,-0.183,0.359,0.257,0.73,0.454,0.449,0.223,-0.107,-0.004,0.705,0.49,-0.406,-0.491,0.792,-0.329,0.637,0.577,0.753,0.079,-0.183,0.083,-0.111,-0.447,-0.196,0.204,0.567,0.607,0.611,0.108,0.22,0.278,-0.179,0.343,0.584,0.735,0.621,0.639,0.594,0.564,0.111,0.332,0.817,0.66,0.596,0.108,-0.44,-0.019,0.695,0.588,0.187,0.686,0.49,0.72,0.552,0.463,0.722,0.196,0.237,0.096,-0.379,0.693,0.706,0.707,0.823,0.478,-0.245,0.364,0.664,0.534,0.221,0.399,0.744,-0.107,-0.087,0.364,0.143,0.411,-0.081,-0.336,-0.319,0.444,0.237,0.504,-0.092,-0.557,0.263,-0.493,0.422,0.03,-0.264,0.504,0.654
