,AAL,AAPL,ABUS,ADBE,ADI,ADMA,AEP,AGNC,AKBA,ALT,AMAT,AMD,AMGN,AMZN,APA,APPS,ARCC,ARDX,ATER,ATOS,AUPH,AVGO,AZN,BCRX,BGC,BIDU,BILI,BKR,BLDP,BLNK,BYND,CAN,CELH,CG,CGC,CHRD,CLNE,CMCSA,COMM,COST,CPB,CPRT,CRON,CRWD,CSCO,CSGP,CSX,CTSH,CZR,DBX,DDOG,DKNG,DLTR,DOCU,DVAX,DXCM,EA,EBAY,ENPH,ERIC,ESPR,ETSY,EXC,EXEL,EXPE,FANG,FAST,FITB,FLEX,FOLD,FOXA,FSLR,FTNT,FUTU,GEN,GERN,GEVO,GILD,GOOG,GOOGL,GPRO,GT,HBAN,HIVE,HON,HST,HUT,IBRX,INTC,IOVA,IQ,IRWD,JBLU,JD,KDP,KHC,LBTYK,LRCX,LYFT,MAR,MARA,MAT,MCHP,MCRB,MDLZ,META,MGNI,MLCO,MNKD,MNST,MOMO,MRNA,MRVL,MSFT,MSTR,MTCH,MU,MVIS,NDAQ,NFLX,NKTR,NNDM,NTES,NTNX,NVAX,NVDA,NWL,NWSA,NXPI,OCGN,OKTA,ON,OPK,PAA,PACB,PAGP,PANW,PARA,PCAR,PDD,PENN,PEP,PLUG,PTEN,PTON,PYPL,QCOM,QUBT,QVCGA,RDFN,REAL,RIOT,ROKU,ROST,RUN,SABR,SAVA,SBUX,SFIX,SGMO,SIRI,SLM,SMCI,SNDL,SONO,STNE,STX,TCOM,TGTX,TIGR,TLRY,TMUS,TRIP,TSCO,TSLA,TTD,TXN,UAL,UNIT,VERU,VKTX,VLY,VOD,VTRS,VXRT,WBA,WBD,WDAY,WDC,WEN,WW,WYNN,XEL,XP,XRAY,XRX,Z,ZION,ZM,ZS
AAL,1.0,0.306,0.514,0.259,0.605,0.552,0.543,0.47,0.599,0.103,0.448,0.474,0.041,0.568,0.672,0.501,0.715,0.416,0.543,0.589,0.264,0.601,0.321,0.227,0.637,0.144,-0.073,0.435,0.59,0.694,0.314,0.196,0.694,0.511,0.404,0.5,0.444,0.295,0.458,0.599,-0.299,0.147,0.637,0.452,0.461,0.435,0.432,0.583,0.938,0.705,0.382,0.667,0.282,0.534,0.415,0.716,0.422,0.396,0.679,0.419,0.2,0.782,0.535,0.287,0.785,0.59,0.219,0.767,0.676,0.199,0.586,0.378,0.538,0.218,0.222,0.548,0.248,0.52,0.318,0.378,0.502,0.526,0.704,0.266,0.26,0.711,0.509,0.327,0.238,0.592,0.162,0.549,0.865,0.23,0.316,0.056,0.401,0.455,0.675,0.834,0.542,0.632,0.653,0.469,0.262,0.363,0.601,0.106,0.5,0.368,0.443,0.458,0.616,0.374,0.39,0.71,0.4,0.31,0.677,0.283,0.146,0.133,0.332,0.326,0.563,0.261,0.383,0.618,0.529,0.353,0.056,0.625,0.283,0.693,0.658,0.698,0.439,0.511,0.422,0.33,0.62,0.091,0.617,0.618,0.454,0.744,0.372,0.426,0.319,0.56,0.667,0.382,0.716,0.77,0.713,0.344,-0.081,0.581,0.659,0.496,0.409,0.648,0.373,0.442,0.733,0.212,0.3,-0.002,0.516,0.526,0.349,0.509,0.804,0.581,0.644,0.781,0.537,0.937,0.593,0.302,0.585,0.595,0.321,0.548,0.332,0.366,0.521,0.356,0.399,0.609,0.639,0.38,0.586,0.474,0.668,0.528,0.644,0.632,0.394,0.405
AAPL,0.306,1.0,0.539,0.663,0.782,0.592,0.616,0.644,0.326,0.526,0.746,0.673,0.556,0.788,0.4,0.834,0.624,-0.311,0.551,0.535,0.254,0.698,0.624,0.731,0.541,0.665,0.534,0.759,0.644,0.378,0.67,0.605,0.517,0.718,0.619,0.649,0.786,0.751,0.112,0.693,0.545,0.76,0.372,0.622,0.785,0.318,0.769,0.777,0.427,0.576,0.756,0.117,-0.001,0.387,0.564,0.144,0.764,0.704,-0.084,0.629,0.488,0.418,0.715,0.767,0.545,0.607,0.771,0.452,0.43,0.668,0.645,-0.255,0.314,0.548,0.646,0.036,0.812,0.058,0.811,0.788,0.654,0.752,0.227,0.582,0.821,0.481,0.509,-0.205,0.84,0.451,0.568,0.654,0.489,0.726,0.861,0.768,0.723,0.714,0.143,0.502,0.419,0.695,0.519,-0.109,0.802,0.728,0.693,0.041,0.579,0.575,0.721,0.494,0.617,0.824,0.71,0.543,0.737,0.671,0.42,-0.062,0.731,0.589,0.714,-0.328,0.568,0.685,0.782,0.684,0.71,0.756,0.518,0.539,0.717,0.471,0.361,0.428,0.766,0.745,0.82,0.442,0.71,0.819,0.401,0.61,0.503,0.478,0.866,0.542,0.712,0.658,0.535,0.358,0.301,0.312,0.112,0.565,-0.406,-0.155,0.674,0.473,0.773,0.364,0.55,0.486,0.367,0.326,0.682,0.241,0.558,0.546,0.551,0.73,0.445,0.436,0.081,0.519,0.777,0.249,0.723,0.452,0.565,0.488,0.629,0.679,0.665,0.669,0.679,0.712,0.767,0.179,0.603,-0.065,0.651,0.612,0.607,0.761,0.389,0.19,0.639,0.099
ABUS,0.514,0.539,1.0,0.622,0.605,0.75,0.631,0.656,0.519,0.612,0.663,0.634,0.424,0.774,0.647,0.729,0.719,0.004,0.721,0.739,0.191,0.714,0.576,0.629,0.702,0.58,0.433,0.788,0.701,0.724,0.667,0.55,0.641,0.816,0.67,0.722,0.721,0.696,0.38,0.666,0.156,0.623,0.479,0.574,0.794,0.394,0.771,0.721,0.666,0.66,0.613,0.463,-0.147,0.495,0.821,0.41,0.808,0.771,0.287,0.701,0.635,0.728,0.734,0.727,0.751,0.75,0.49,0.598,0.412,0.571,0.691,-0.063,0.323,0.591,0.596,0.525,0.69,0.212,0.709,0.678,0.833,0.787,0.308,0.531,0.707,0.783,0.522,0.153,0.627,0.755,0.562,0.814,0.668,0.616,0.636,0.595,0.715,0.697,0.303,0.739,0.504,0.771,0.536,0.185,0.569,0.657,0.701,-0.161,0.835,0.418,0.67,0.771,0.628,0.666,0.597,0.757,0.687,0.672,0.638,-0.169,0.655,0.542,0.782,0.026,0.746,0.476,0.77,0.725,0.563,0.809,0.396,0.519,0.745,0.693,0.507,0.634,0.827,0.735,0.589,0.621,0.76,0.404,0.712,0.762,0.537,0.699,0.652,0.73,0.751,0.747,0.66,0.458,0.535,0.458,0.413,0.631,-0.611,0.29,0.588,0.78,0.636,0.468,0.712,0.709,0.596,-0.026,0.609,-0.065,0.749,0.54,0.593,0.733,0.67,0.376,0.21,0.572,0.542,0.472,0.744,0.658,0.745,0.45,0.526,0.719,0.792,0.622,0.676,0.643,0.714,0.301,0.771,-0.152,0.701,0.377,0.736,0.735,0.725,0.401,0.719,0.116
ADBE,0.259,0.663,0.622,1.0,0.614,0.681,0.768,0.738,0.518,0.71,0.723,0.686,0.646,0.781,0.226,0.741,0.578,-0.245,0.628,0.628,-0.109,0.714,0.618,0.717,0.583,0.683,0.589,0.726,0.718,0.45,0.764,0.58,0.37,0.732,0.639,0.427,0.662,0.711,0.339,0.736,0.324,0.747,0.269,0.532,0.803,0.535,0.909,0.74,0.432,0.587,0.66,0.08,-0.147,0.438,0.666,0.187,0.799,0.834,-0.027,0.817,0.51,0.4,0.761,0.836,0.592,0.554,0.762,0.288,0.413,0.733,0.516,-0.213,0.288,0.624,0.804,0.168,0.745,-0.027,0.846,0.866,0.689,0.758,0.128,0.651,0.831,0.445,0.454,-0.217,0.726,0.495,0.466,0.613,0.471,0.711,0.802,0.754,0.73,0.743,0.097,0.499,0.564,0.791,0.326,-0.109,0.67,0.811,0.602,-0.293,0.718,0.639,0.71,0.633,0.555,0.876,0.753,0.714,0.777,0.578,0.528,-0.311,0.726,0.577,0.733,-0.132,0.572,0.533,0.74,0.67,0.572,0.745,0.403,0.333,0.796,0.394,0.399,0.31,0.796,0.614,0.717,0.587,0.677,0.709,0.46,0.617,0.286,0.556,0.693,0.636,0.767,0.65,0.535,0.446,0.377,0.348,0.196,0.56,-0.573,-0.195,0.628,0.648,0.779,0.283,0.675,0.482,0.383,-0.156,0.737,-0.075,0.475,0.522,0.547,0.723,0.363,0.431,-0.169,0.487,0.584,0.282,0.759,0.527,0.558,0.107,0.653,0.702,0.728,0.83,0.513,0.818,0.797,0.133,0.617,-0.319,0.763,0.367,0.622,0.578,0.603,0.12,0.716,-0.075
ADI,0.605,0.782,0.605,0.614,1.0,0.645,0.68,0.796,0.487,0.401,0.884,0.817,0.546,0.837,0.641,0.829,0.885,-0.137,0.61,0.627,0.203,0.806,0.736,0.657,0.742,0.683,0.412,0.749,0.821,0.537,0.612,0.634,0.749,0.761,0.78,0.668,0.848,0.682,0.294,0.848,0.364,0.65,0.621,0.735,0.775,0.341,0.752,0.807,0.68,0.71,0.783,0.292,0.11,0.497,0.567,0.406,0.759,0.635,0.162,0.701,0.455,0.586,0.726,0.73,0.63,0.731,0.682,0.613,0.605,0.6,0.698,-0.039,0.401,0.622,0.586,0.186,0.761,0.131,0.754,0.774,0.724,0.837,0.345,0.644,0.722,0.621,0.643,-0.159,0.796,0.566,0.597,0.722,0.723,0.752,0.754,0.603,0.734,0.832,0.308,0.661,0.542,0.77,0.685,-0.011,0.743,0.701,0.867,0.071,0.622,0.578,0.657,0.522,0.828,0.782,0.686,0.654,0.701,0.677,0.592,-0.025,0.672,0.532,0.669,-0.115,0.713,0.738,0.762,0.799,0.825,0.731,0.544,0.771,0.706,0.675,0.53,0.619,0.755,0.792,0.774,0.544,0.78,0.663,0.668,0.783,0.622,0.623,0.879,0.683,0.69,0.723,0.652,0.38,0.513,0.5,0.327,0.637,-0.428,0.02,0.769,0.504,0.752,0.511,0.669,0.698,0.653,0.274,0.75,0.163,0.574,0.783,0.643,0.787,0.648,0.448,0.198,0.787,0.839,0.5,0.825,0.434,0.678,0.584,0.699,0.791,0.673,0.698,0.687,0.767,0.794,0.32,0.674,0.037,0.722,0.734,0.73,0.839,0.566,0.324,0.729,0.157
ADMA,0.552,0.592,0.75,0.681,0.645,1.0,0.86,0.687,0.697,0.532,0.656,0.547,0.526,0.873,0.524,0.762,0.683,0.197,0.715,0.742,-0.03,0.803,0.486,0.665,0.862,0.505,0.335,0.817,0.649,0.637,0.58,0.417,0.533,0.836,0.574,0.685,0.755,0.652,0.665,0.709,0.102,0.59,0.466,0.503,0.78,0.734,0.828,0.79,0.669,0.804,0.549,0.397,0.182,0.552,0.798,0.549,0.833,0.771,0.38,0.684,0.562,0.731,0.863,0.78,0.754,0.831,0.592,0.693,0.605,0.639,0.723,0.218,0.593,0.56,0.718,0.595,0.667,0.39,0.789,0.715,0.624,0.749,0.526,0.641,0.718,0.673,0.563,0.186,0.631,0.807,0.4,0.855,0.705,0.573,0.753,0.625,0.708,0.72,0.454,0.764,0.692,0.825,0.559,0.381,0.618,0.664,0.633,-0.326,0.902,0.707,0.862,0.741,0.623,0.692,0.657,0.764,0.646,0.552,0.809,-0.023,0.612,0.383,0.7,0.214,0.559,0.351,0.736,0.782,0.562,0.76,0.197,0.581,0.743,0.636,0.616,0.589,0.787,0.695,0.676,0.644,0.832,0.58,0.631,0.748,0.42,0.732,0.617,0.668,0.661,0.7,0.648,0.59,0.494,0.706,0.582,0.552,-0.496,0.227,0.6,0.852,0.811,0.701,0.644,0.465,0.638,0.009,0.55,-0.23,0.787,0.586,0.441,0.802,0.677,0.618,0.271,0.627,0.686,0.625,0.824,0.473,0.675,0.516,0.4,0.788,0.695,0.75,0.641,0.761,0.662,0.433,0.71,-0.167,0.894,0.407,0.7,0.72,0.809,0.573,0.696,0.22
AEP,0.543,0.616,0.631,0.768,0.68,0.86,1.0,0.741,0.731,0.503,0.716,0.602,0.564,0.883,0.383,0.766,0.671,0.138,0.68,0.709,-0.079,0.847,0.575,0.672,0.837,0.535,0.386,0.798,0.699,0.58,0.592,0.511,0.488,0.789,0.602,0.575,0.723,0.687,0.635,0.749,0.142,0.623,0.444,0.573,0.814,0.755,0.837,0.815,0.661,0.827,0.538,0.318,0.224,0.522,0.74,0.586,0.829,0.812,0.357,0.747,0.505,0.651,0.898,0.777,0.69,0.728,0.677,0.609,0.663,0.636,0.629,0.221,0.585,0.554,0.729,0.468,0.634,0.336,0.824,0.78,0.562,0.726,0.448,0.594,0.739,0.629,0.523,0.073,0.664,0.717,0.38,0.762,0.667,0.591,0.801,0.641,0.723,0.77,0.404,0.737,0.67,0.833,0.564,0.297,0.681,0.719,0.66,-0.262,0.865,0.778,0.795,0.721,0.694,0.746,0.697,0.78,0.7,0.534,0.846,-0.089,0.612,0.424,0.69,0.243,0.557,0.427,0.759,0.795,0.613,0.711,0.232,0.573,0.773,0.512,0.57,0.546,0.743,0.67,0.744,0.579,0.809,0.656,0.599,0.676,0.419,0.734,0.631,0.607,0.693,0.695,0.641,0.588,0.481,0.7,0.571,0.525,-0.514,0.15,0.659,0.787,0.848,0.623,0.662,0.416,0.642,-0.051,0.663,-0.173,0.656,0.581,0.456,0.81,0.63,0.648,0.187,0.627,0.734,0.638,0.828,0.491,0.64,0.406,0.457,0.831,0.692,0.814,0.592,0.797,0.713,0.401,0.717,-0.146,0.942,0.459,0.7,0.672,0.805,0.454,0.744,0.153
AGNC,0.47,0.644,0.656,0.738,0.796,0.687,0.741,1.0,0.511,0.635,0.774,0.786,0.596,0.783,0.476,0.738,0.847,-0.251,0.57,0.697,0.008,0.673,0.784,0.708,0.732,0.71,0.565,0.792,0.878,0.445,0.737,0.607,0.526,0.833,0.759,0.573,0.763,0.765,0.361,0.863,0.339,0.711,0.407,0.574,0.814,0.368,0.809,0.734,0.618,0.637,0.66,0.116,-0.098,0.39,0.608,0.231,0.76,0.749,0.093,0.761,0.59,0.504,0.722,0.773,0.56,0.698,0.75,0.444,0.559,0.672,0.604,-0.202,0.183,0.695,0.725,0.187,0.78,-0.048,0.774,0.78,0.767,0.805,0.135,0.64,0.774,0.601,0.465,-0.294,0.789,0.526,0.641,0.674,0.628,0.758,0.715,0.716,0.802,0.777,0.16,0.587,0.509,0.782,0.484,-0.169,0.739,0.739,0.811,-0.097,0.658,0.515,0.684,0.625,0.606,0.782,0.614,0.666,0.76,0.737,0.524,-0.261,0.729,0.611,0.709,-0.129,0.757,0.638,0.751,0.818,0.701,0.758,0.508,0.518,0.771,0.615,0.329,0.504,0.768,0.753,0.726,0.601,0.748,0.617,0.575,0.809,0.429,0.596,0.731,0.714,0.866,0.778,0.627,0.325,0.383,0.375,0.217,0.728,-0.608,-0.1,0.711,0.569,0.742,0.348,0.678,0.641,0.544,0.094,0.729,-0.034,0.532,0.668,0.712,0.785,0.515,0.323,-0.057,0.635,0.587,0.445,0.913,0.53,0.672,0.3,0.813,0.787,0.737,0.714,0.671,0.696,0.789,0.16,0.666,-0.155,0.729,0.575,0.722,0.761,0.647,0.123,0.686,-0.113
AKBA,0.599,0.326,0.519,0.518,0.487,0.697,0.731,0.511,1.0,0.4,0.498,0.493,0.438,0.626,0.318,0.498,0.576,0.369,0.669,0.695,-0.04,0.633,0.395,0.441,0.65,0.354,0.337,0.52,0.518,0.46,0.375,0.366,0.551,0.587,0.495,0.368,0.492,0.427,0.6,0.61,-0.148,0.404,0.503,0.414,0.55,0.661,0.591,0.613,0.689,0.716,0.34,0.326,0.271,0.595,0.565,0.671,0.617,0.571,0.564,0.551,0.336,0.569,0.756,0.495,0.588,0.542,0.401,0.472,0.728,0.458,0.448,0.388,0.595,0.402,0.569,0.491,0.342,0.458,0.537,0.508,0.465,0.493,0.439,0.555,0.511,0.564,0.617,0.045,0.403,0.577,0.32,0.574,0.631,0.349,0.515,0.364,0.434,0.629,0.617,0.624,0.731,0.642,0.497,0.325,0.365,0.483,0.485,-0.307,0.646,0.617,0.559,0.633,0.605,0.47,0.526,0.702,0.497,0.42,0.742,-0.09,0.31,0.354,0.466,0.311,0.457,0.227,0.523,0.533,0.511,0.491,0.037,0.632,0.468,0.423,0.514,0.424,0.524,0.448,0.587,0.534,0.617,0.367,0.641,0.555,0.292,0.579,0.359,0.639,0.435,0.553,0.585,0.656,0.449,0.717,0.73,0.443,-0.371,0.289,0.519,0.702,0.611,0.571,0.496,0.384,0.713,-0.192,0.405,-0.36,0.548,0.583,0.388,0.573,0.505,0.686,0.18,0.62,0.547,0.672,0.6,0.513,0.538,0.308,0.278,0.638,0.468,0.691,0.323,0.599,0.526,0.566,0.585,-0.125,0.709,0.216,0.547,0.403,0.813,0.486,0.583,0.255
ALT,0.103,0.526,0.612,0.71,0.401,0.532,0.503,0.635,0.4,1.0,0.553,0.576,0.715,0.587,0.106,0.505,0.441,-0.356,0.483,0.541,-0.261,0.46,0.552,0.623,0.432,0.678,0.661,0.573,0.503,0.166,0.721,0.547,0.244,0.666,0.485,0.318,0.487,0.662,0.308,0.655,0.362,0.734,0.068,0.355,0.777,0.363,0.728,0.591,0.308,0.412,0.479,-0.119,-0.188,0.221,0.543,-0.04,0.611,0.76,-0.163,0.756,0.666,0.268,0.634,0.71,0.335,0.396,0.738,0.144,0.164,0.747,0.377,-0.307,0.035,0.62,0.771,0.164,0.622,-0.08,0.728,0.725,0.747,0.607,-0.15,0.499,0.814,0.403,0.293,-0.406,0.673,0.32,0.478,0.401,0.31,0.671,0.64,0.744,0.657,0.611,-0.097,0.322,0.342,0.532,0.338,-0.324,0.591,0.817,0.432,-0.382,0.574,0.509,0.616,0.576,0.309,0.692,0.49,0.458,0.744,0.611,0.343,-0.404,0.634,0.521,0.766,-0.143,0.468,0.476,0.613,0.469,0.564,0.676,0.345,0.237,0.693,0.245,0.135,0.179,0.669,0.544,0.571,0.554,0.535,0.639,0.292,0.501,0.175,0.334,0.573,0.554,0.796,0.449,0.357,0.242,0.111,0.171,-0.052,0.573,-0.611,-0.192,0.503,0.571,0.674,0.129,0.529,0.422,0.209,-0.3,0.618,-0.242,0.42,0.439,0.442,0.665,0.119,0.312,-0.321,0.321,0.363,0.099,0.632,0.461,0.456,-0.041,0.559,0.565,0.686,0.653,0.448,0.616,0.734,-0.026,0.39,-0.451,0.553,0.175,0.424,0.447,0.456,-0.09,0.638,-0.304
AMAT,0.448,0.746,0.663,0.723,0.884,0.656,0.716,0.774,0.498,0.553,1.0,0.852,0.629,0.854,0.471,0.849,0.787,-0.198,0.605,0.67,0.088,0.833,0.848,0.668,0.727,0.855,0.512,0.761,0.787,0.513,0.692,0.764,0.702,0.796,0.888,0.619,0.858,0.716,0.334,0.808,0.451,0.728,0.615,0.817,0.822,0.405,0.812,0.86,0.588,0.733,0.816,0.164,0.039,0.491,0.679,0.405,0.817,0.731,0.052,0.806,0.512,0.533,0.749,0.824,0.58,0.667,0.74,0.513,0.496,0.697,0.676,-0.054,0.386,0.77,0.676,0.148,0.811,-0.011,0.837,0.867,0.72,0.877,0.204,0.729,0.789,0.605,0.655,-0.252,0.842,0.609,0.713,0.725,0.66,0.804,0.822,0.693,0.799,0.925,0.196,0.657,0.53,0.787,0.639,-0.082,0.788,0.785,0.837,-0.07,0.703,0.656,0.69,0.609,0.839,0.846,0.742,0.698,0.768,0.748,0.624,-0.208,0.768,0.637,0.768,-0.105,0.731,0.805,0.849,0.801,0.797,0.801,0.627,0.729,0.851,0.55,0.481,0.529,0.81,0.791,0.742,0.612,0.787,0.716,0.744,0.689,0.609,0.546,0.889,0.735,0.76,0.777,0.662,0.455,0.454,0.433,0.252,0.636,-0.538,-0.077,0.764,0.604,0.835,0.476,0.797,0.746,0.61,0.142,0.864,0.144,0.586,0.775,0.684,0.785,0.575,0.421,0.037,0.718,0.799,0.39,0.799,0.532,0.632,0.483,0.666,0.797,0.771,0.773,0.694,0.851,0.851,0.219,0.732,-0.157,0.738,0.652,0.742,0.782,0.622,0.203,0.841,0.058
AMD,0.474,0.673,0.634,0.686,0.817,0.547,0.602,0.786,0.493,0.576,0.852,1.0,0.578,0.746,0.451,0.76,0.796,-0.245,0.545,0.721,0.201,0.726,0.842,0.682,0.62,0.705,0.658,0.683,0.784,0.461,0.764,0.707,0.738,0.738,0.801,0.487,0.766,0.738,0.217,0.826,0.496,0.763,0.537,0.668,0.75,0.212,0.74,0.741,0.609,0.576,0.862,0.122,-0.202,0.441,0.529,0.284,0.684,0.662,0.036,0.704,0.523,0.452,0.674,0.721,0.535,0.531,0.717,0.397,0.499,0.591,0.617,-0.25,0.15,0.64,0.685,0.046,0.793,-0.103,0.743,0.815,0.784,0.833,0.119,0.61,0.757,0.625,0.62,-0.371,0.799,0.465,0.66,0.617,0.689,0.689,0.707,0.675,0.74,0.888,0.209,0.599,0.501,0.721,0.485,-0.27,0.744,0.761,0.846,-0.056,0.565,0.483,0.571,0.547,0.768,0.804,0.632,0.663,0.803,0.795,0.417,-0.249,0.688,0.715,0.729,-0.213,0.826,0.881,0.772,0.72,0.776,0.779,0.704,0.686,0.692,0.519,0.386,0.431,0.721,0.747,0.731,0.496,0.709,0.627,0.617,0.692,0.478,0.45,0.85,0.731,0.756,0.792,0.642,0.377,0.468,0.328,0.188,0.771,-0.528,-0.126,0.783,0.498,0.693,0.296,0.643,0.726,0.595,0.13,0.729,0.044,0.477,0.707,0.799,0.746,0.468,0.3,-0.042,0.661,0.66,0.411,0.79,0.521,0.653,0.347,0.815,0.699,0.791,0.711,0.642,0.672,0.828,0.134,0.687,-0.166,0.588,0.564,0.713,0.753,0.616,0.093,0.748,-0.042
AMGN,0.041,0.556,0.424,0.646,0.546,0.526,0.564,0.596,0.438,0.715,0.629,0.578,1.0,0.631,0.038,0.502,0.429,-0.347,0.521,0.471,-0.373,0.486,0.553,0.663,0.443,0.727,0.677,0.526,0.466,0.075,0.612,0.537,0.239,0.631,0.521,0.208,0.544,0.637,0.356,0.638,0.437,0.752,0.124,0.378,0.722,0.393,0.649,0.584,0.205,0.418,0.45,-0.161,-0.069,0.174,0.504,0.014,0.603,0.677,-0.153,0.671,0.661,0.203,0.676,0.751,0.226,0.334,0.798,0.09,0.205,0.801,0.396,-0.187,0.12,0.627,0.743,0.036,0.613,0.008,0.773,0.755,0.562,0.569,-0.156,0.585,0.759,0.194,0.368,-0.449,0.75,0.293,0.445,0.379,0.237,0.734,0.671,0.749,0.637,0.675,-0.125,0.275,0.364,0.488,0.342,-0.302,0.633,0.756,0.468,-0.375,0.555,0.605,0.574,0.461,0.372,0.66,0.543,0.319,0.65,0.507,0.402,-0.367,0.697,0.456,0.686,-0.12,0.398,0.479,0.613,0.454,0.587,0.667,0.336,0.349,0.659,0.113,0.109,0.104,0.55,0.511,0.588,0.495,0.544,0.772,0.324,0.413,0.21,0.253,0.621,0.54,0.637,0.375,0.274,0.248,0.067,0.197,0.01,0.548,-0.627,-0.303,0.439,0.495,0.707,0.164,0.532,0.335,0.251,-0.353,0.619,-0.193,0.383,0.477,0.4,0.723,0.095,0.318,-0.399,0.3,0.525,0.063,0.59,0.323,0.416,0.003,0.474,0.551,0.62,0.734,0.345,0.7,0.725,-0.035,0.29,-0.49,0.578,0.113,0.356,0.447,0.395,-0.096,0.655,-0.313
AMZN,0.568,0.788,0.774,0.781,0.837,0.873,0.883,0.783,0.626,0.587,0.854,0.746,0.631,1.0,0.539,0.915,0.808,0.003,0.769,0.761,0.052,0.917,0.669,0.753,0.862,0.684,0.474,0.882,0.807,0.655,0.721,0.638,0.655,0.902,0.767,0.707,0.867,0.781,0.527,0.857,0.277,0.765,0.564,0.687,0.917,0.649,0.904,0.915,0.714,0.847,0.737,0.352,0.107,0.592,0.838,0.519,0.931,0.858,0.236,0.799,0.591,0.74,0.915,0.883,0.772,0.801,0.757,0.674,0.586,0.715,0.784,0.022,0.555,0.678,0.762,0.411,0.805,0.269,0.928,0.893,0.767,0.889,0.404,0.704,0.856,0.717,0.662,0.028,0.821,0.77,0.522,0.852,0.757,0.772,0.889,0.757,0.836,0.886,0.347,0.795,0.673,0.911,0.636,0.189,0.763,0.823,0.822,-0.134,0.897,0.774,0.864,0.728,0.792,0.877,0.789,0.822,0.815,0.688,0.777,-0.107,0.752,0.543,0.825,0.052,0.703,0.604,0.879,0.878,0.747,0.879,0.423,0.673,0.853,0.613,0.632,0.582,0.882,0.832,0.809,0.669,0.914,0.727,0.679,0.799,0.58,0.745,0.829,0.747,0.809,0.811,0.759,0.584,0.527,0.646,0.447,0.646,-0.563,0.095,0.753,0.796,0.897,0.617,0.747,0.608,0.691,0.062,0.723,0.006,0.767,0.698,0.609,0.906,0.712,0.574,0.183,0.725,0.82,0.565,0.911,0.572,0.743,0.515,0.586,0.875,0.828,0.839,0.749,0.878,0.847,0.396,0.811,-0.117,0.909,0.552,0.812,0.831,0.763,0.431,0.858,0.188
APA,0.672,0.4,0.647,0.226,0.641,0.524,0.383,0.476,0.318,0.106,0.471,0.451,0.038,0.539,1.0,0.553,0.757,0.165,0.452,0.428,0.536,0.567,0.441,0.418,0.646,0.326,0.112,0.65,0.549,0.689,0.273,0.359,0.668,0.544,0.509,0.829,0.602,0.459,0.307,0.513,0.004,0.254,0.59,0.51,0.429,0.113,0.459,0.472,0.683,0.527,0.461,0.614,-0.023,0.398,0.468,0.404,0.519,0.357,0.363,0.431,0.311,0.699,0.425,0.389,0.647,0.804,0.117,0.68,0.43,0.215,0.688,0.123,0.328,0.409,0.166,0.527,0.464,0.303,0.333,0.329,0.583,0.622,0.511,0.412,0.315,0.651,0.426,0.329,0.378,0.609,0.411,0.681,0.694,0.367,0.302,0.209,0.493,0.451,0.45,0.648,0.344,0.545,0.565,0.273,0.316,0.278,0.627,0.133,0.513,0.146,0.454,0.405,0.531,0.344,0.312,0.519,0.314,0.47,0.493,0.21,0.392,0.227,0.462,0.099,0.589,0.296,0.486,0.67,0.47,0.469,0.252,0.581,0.384,0.9,0.509,0.833,0.522,0.65,0.445,0.455,0.585,0.058,0.66,0.791,0.656,0.586,0.484,0.508,0.396,0.545,0.538,0.246,0.664,0.411,0.462,0.518,-0.318,0.364,0.414,0.444,0.327,0.523,0.475,0.679,0.57,0.262,0.416,0.073,0.584,0.549,0.474,0.483,0.709,0.149,0.494,0.621,0.428,0.531,0.592,0.417,0.655,0.688,0.49,0.552,0.414,0.337,0.661,0.315,0.395,0.399,0.605,0.215,0.462,0.54,0.543,0.69,0.488,0.508,0.417,0.315
APPS,0.501,0.834,0.729,0.741,0.829,0.762,0.766,0.738,0.498,0.505,0.849,0.76,0.502,0.915,0.553,1.0,0.804,-0.107,0.765,0.712,0.24,0.854,0.69,0.737,0.758,0.682,0.457,0.865,0.79,0.671,0.732,0.675,0.684,0.85,0.781,0.745,0.89,0.738,0.32,0.766,0.363,0.749,0.601,0.754,0.827,0.46,0.86,0.879,0.64,0.774,0.843,0.332,-0.013,0.604,0.788,0.437,0.885,0.804,0.11,0.741,0.511,0.687,0.801,0.826,0.747,0.758,0.699,0.642,0.574,0.648,0.774,-0.129,0.464,0.636,0.69,0.271,0.845,0.147,0.852,0.828,0.749,0.875,0.391,0.698,0.799,0.702,0.656,-0.006,0.814,0.727,0.591,0.826,0.706,0.765,0.848,0.724,0.82,0.841,0.322,0.73,0.618,0.874,0.564,0.091,0.796,0.749,0.875,-0.031,0.779,0.619,0.781,0.726,0.801,0.864,0.841,0.765,0.784,0.728,0.628,-0.071,0.784,0.607,0.764,-0.102,0.752,0.718,0.877,0.835,0.713,0.855,0.583,0.676,0.84,0.608,0.59,0.595,0.885,0.82,0.775,0.582,0.866,0.655,0.653,0.748,0.634,0.675,0.857,0.728,0.761,0.854,0.778,0.557,0.532,0.481,0.331,0.628,-0.542,0.003,0.779,0.671,0.808,0.542,0.804,0.659,0.625,0.255,0.751,0.106,0.716,0.665,0.639,0.799,0.681,0.477,0.196,0.674,0.776,0.454,0.841,0.61,0.787,0.564,0.628,0.796,0.82,0.756,0.783,0.792,0.83,0.344,0.815,-0.06,0.762,0.627,0.801,0.849,0.676,0.387,0.81,0.25
ARCC,0.715,0.624,0.719,0.578,0.885,0.683,0.671,0.847,0.576,0.441,0.787,0.796,0.429,0.808,0.757,0.804,1.0,-0.002,0.678,0.704,0.256,0.752,0.733,0.583,0.782,0.622,0.406,0.781,0.888,0.644,0.617,0.62,0.752,0.804,0.801,0.7,0.79,0.663,0.378,0.876,0.165,0.595,0.701,0.704,0.754,0.339,0.734,0.748,0.817,0.757,0.73,0.394,-0.022,0.606,0.638,0.475,0.749,0.643,0.282,0.714,0.439,0.708,0.718,0.663,0.712,0.781,0.563,0.668,0.66,0.5,0.726,-0.004,0.386,0.641,0.57,0.374,0.702,0.201,0.674,0.698,0.818,0.837,0.394,0.653,0.671,0.745,0.665,-0.048,0.703,0.637,0.591,0.732,0.818,0.663,0.635,0.524,0.754,0.799,0.435,0.727,0.619,0.819,0.603,0.052,0.628,0.654,0.91,0.052,0.671,0.509,0.639,0.599,0.774,0.712,0.652,0.745,0.679,0.722,0.624,-0.118,0.615,0.53,0.682,-0.005,0.814,0.621,0.736,0.859,0.741,0.719,0.485,0.721,0.664,0.776,0.555,0.709,0.759,0.796,0.704,0.583,0.78,0.44,0.757,0.897,0.654,0.7,0.737,0.747,0.739,0.812,0.788,0.463,0.59,0.532,0.44,0.716,-0.482,0.137,0.73,0.56,0.66,0.516,0.681,0.765,0.763,0.211,0.681,0.023,0.654,0.767,0.707,0.759,0.73,0.397,0.229,0.844,0.646,0.598,0.883,0.575,0.786,0.533,0.736,0.782,0.692,0.674,0.728,0.646,0.767,0.435,0.776,0.041,0.701,0.648,0.799,0.801,0.7,0.349,0.686,0.233
ARDX,0.416,-0.311,0.004,-0.245,-0.137,0.197,0.138,-0.251,0.369,-0.356,-0.198,-0.245,-0.347,0.003,0.165,-0.107,-0.002,1.0,0.115,0.013,0.02,0.163,-0.326,-0.31,0.223,-0.425,-0.508,-0.132,-0.128,0.261,-0.418,-0.355,0.073,-0.136,-0.204,0.06,-0.135,-0.364,0.448,-0.159,-0.655,-0.395,0.292,-0.087,-0.184,0.411,-0.174,-0.08,0.329,0.266,-0.297,0.551,0.469,0.295,-0.027,0.603,-0.079,-0.216,0.651,-0.187,-0.247,0.331,0.042,-0.32,0.238,0.098,-0.452,0.402,0.321,-0.313,-0.002,0.711,0.624,-0.277,-0.227,0.563,-0.433,0.639,-0.269,-0.291,-0.283,-0.232,0.598,-0.133,-0.271,0.165,0.231,0.665,-0.38,0.255,-0.365,0.1,0.212,-0.424,-0.22,-0.479,-0.341,-0.102,0.594,0.257,0.294,0.036,0.18,0.755,-0.41,-0.268,-0.084,-0.003,0.113,0.216,0.019,0.034,0.139,-0.329,-0.139,0.096,-0.323,-0.342,0.359,0.233,-0.466,-0.347,-0.21,0.626,-0.199,-0.421,-0.248,-0.003,-0.135,-0.238,-0.457,0.175,-0.28,0.124,0.503,0.191,-0.125,-0.158,-0.163,-0.055,0.005,-0.348,0.213,-0.025,0.074,0.27,-0.372,-0.11,-0.326,-0.091,0.085,0.334,0.239,0.5,0.653,-0.305,0.234,0.726,-0.117,0.238,-0.11,0.432,-0.196,-0.199,0.31,-0.065,-0.314,-0.246,0.152,-0.058,-0.287,-0.134,0.36,0.342,0.577,0.197,-0.011,0.49,-0.112,-0.097,0.041,0.238,-0.502,-0.069,-0.298,-0.036,-0.168,-0.136,-0.287,0.552,0.078,0.315,0.142,-0.052,0.011,-0.183,0.302,0.655,-0.127,0.556
ATER,0.543,0.551,0.721,0.628,0.61,0.715,0.68,0.57,0.669,0.483,0.605,0.545,0.521,0.769,0.452,0.765,0.678,0.115,1.0,0.685,0.021,0.688,0.436,0.481,0.643,0.486,0.34,0.675,0.697,0.63,0.619,0.497,0.549,0.717,0.622,0.527,0.613,0.513,0.438,0.618,-0.032,0.516,0.604,0.587,0.7,0.54,0.694,0.7,0.644,0.725,0.554,0.44,0.007,0.684,0.775,0.528,0.737,0.719,0.276,0.625,0.429,0.678,0.75,0.634,0.782,0.631,0.486,0.569,0.615,0.515,0.626,0.008,0.561,0.531,0.576,0.419,0.51,0.495,0.655,0.625,0.663,0.649,0.393,0.645,0.603,0.617,0.728,0.149,0.53,0.667,0.379,0.667,0.603,0.573,0.618,0.481,0.613,0.634,0.469,0.705,0.766,0.789,0.463,0.237,0.504,0.623,0.689,-0.177,0.751,0.619,0.635,0.748,0.67,0.613,0.787,0.728,0.622,0.486,0.689,-0.15,0.531,0.425,0.61,0.141,0.636,0.379,0.665,0.676,0.489,0.646,0.268,0.512,0.627,0.478,0.594,0.538,0.711,0.56,0.561,0.607,0.697,0.416,0.656,0.624,0.532,0.701,0.544,0.676,0.586,0.684,0.733,0.691,0.48,0.569,0.5,0.479,-0.476,0.189,0.655,0.675,0.613,0.513,0.727,0.554,0.673,-0.015,0.559,-0.129,0.667,0.56,0.46,0.639,0.66,0.59,0.147,0.605,0.556,0.52,0.66,0.649,0.695,0.362,0.394,0.676,0.637,0.712,0.506,0.669,0.659,0.533,0.699,-0.117,0.676,0.353,0.745,0.563,0.712,0.45,0.695,0.32
ATOS,0.589,0.535,0.739,0.628,0.627,0.742,0.709,0.697,0.695,0.541,0.67,0.721,0.471,0.761,0.428,0.712,0.704,0.013,0.685,1.0,0.072,0.682,0.61,0.607,0.663,0.569,0.555,0.7,0.756,0.58,0.78,0.565,0.641,0.758,0.671,0.519,0.697,0.702,0.375,0.74,0.146,0.622,0.499,0.572,0.753,0.46,0.734,0.772,0.666,0.662,0.592,0.294,-0.052,0.579,0.697,0.474,0.728,0.779,0.307,0.652,0.455,0.598,0.765,0.688,0.679,0.624,0.587,0.558,0.621,0.584,0.619,0.015,0.29,0.554,0.707,0.294,0.654,0.142,0.725,0.701,0.738,0.801,0.301,0.563,0.682,0.74,0.618,-0.096,0.621,0.648,0.515,0.696,0.726,0.577,0.661,0.612,0.732,0.726,0.474,0.737,0.694,0.717,0.477,0.09,0.613,0.66,0.65,-0.148,0.726,0.5,0.618,0.734,0.652,0.7,0.641,0.836,0.81,0.618,0.663,-0.179,0.593,0.554,0.69,-0.021,0.696,0.569,0.747,0.709,0.553,0.734,0.38,0.633,0.72,0.507,0.454,0.496,0.68,0.674,0.664,0.557,0.758,0.443,0.692,0.689,0.429,0.649,0.63,0.728,0.668,0.79,0.769,0.588,0.503,0.511,0.523,0.686,-0.549,0.082,0.804,0.673,0.673,0.452,0.679,0.561,0.71,0.016,0.59,-0.069,0.578,0.657,0.645,0.729,0.619,0.477,0.109,0.652,0.616,0.638,0.758,0.635,0.687,0.374,0.592,0.739,0.745,0.646,0.662,0.635,0.71,0.333,0.72,-0.119,0.691,0.377,0.82,0.702,0.773,0.359,0.643,0.107
AUPH,0.264,0.254,0.191,-0.109,0.203,-0.03,-0.079,0.008,-0.04,-0.261,0.088,0.201,-0.373,0.052,0.536,0.24,0.256,0.02,0.021,0.072,1.0,0.165,0.166,0.147,0.113,-0.042,0.023,0.222,0.165,0.408,-0.009,0.197,0.435,0.095,0.141,0.448,0.251,0.229,-0.233,-0.013,0.118,0.058,0.348,0.289,-0.018,-0.353,0.02,0.111,0.252,0.098,0.332,0.432,-0.202,0.227,0.057,0.116,0.119,-0.014,0.144,-0.037,-0.05,0.234,-0.043,-0.036,0.253,0.22,-0.181,0.319,0.237,-0.181,0.375,-0.062,0.042,-0.005,-0.148,0.051,0.233,0.053,-0.062,-0.043,0.15,0.169,0.372,0.092,-0.008,0.343,0.209,0.26,0.113,0.226,0.293,0.327,0.254,-0.037,0.009,-0.056,0.094,0.077,0.352,0.201,0.02,0.102,0.226,0.097,0.139,-0.094,0.305,0.44,-0.02,-0.26,-0.039,0.036,0.242,0.025,0.122,0.163,0.009,0.32,-0.059,0.365,0.091,0.214,0.098,-0.21,0.288,0.214,0.187,0.266,0.191,0.123,0.275,0.342,-0.04,0.47,0.171,0.411,0.172,0.325,0.224,-0.035,0.146,-0.161,0.237,0.22,0.436,0.143,0.214,0.094,0.027,0.285,0.245,0.142,0.488,-0.049,0.183,0.214,-0.02,0.233,0.086,-0.004,-0.047,0.175,0.023,0.328,0.228,0.555,0.089,0.307,0.264,0.12,0.313,-0.007,0.316,-0.104,0.456,0.239,0.177,0.146,0.089,0.272,0.251,0.545,0.263,0.065,0.059,-0.044,0.387,-0.146,0.025,0.222,0.343,0.424,-0.093,0.305,0.206,0.34,0.073,0.279,0.01,0.398
AVGO,0.601,0.698,0.714,0.714,0.806,0.803,0.847,0.673,0.633,0.46,0.833,0.726,0.486,0.917,0.567,0.854,0.752,0.163,0.688,0.682,0.165,1.0,0.665,0.677,0.875,0.578,0.35,0.813,0.725,0.697,0.567,0.61,0.684,0.819,0.687,0.696,0.838,0.682,0.553,0.751,0.262,0.681,0.647,0.733,0.817,0.613,0.836,0.848,0.705,0.868,0.728,0.457,0.182,0.632,0.74,0.591,0.854,0.756,0.304,0.744,0.47,0.733,0.85,0.775,0.742,0.773,0.607,0.711,0.613,0.596,0.757,0.128,0.647,0.58,0.674,0.419,0.714,0.301,0.813,0.79,0.662,0.803,0.51,0.628,0.759,0.731,0.689,0.106,0.727,0.742,0.48,0.864,0.772,0.612,0.812,0.609,0.728,0.859,0.433,0.758,0.658,0.83,0.705,0.27,0.708,0.72,0.793,-0.141,0.815,0.753,0.762,0.702,0.843,0.774,0.759,0.773,0.685,0.623,0.786,0.006,0.654,0.509,0.723,0.113,0.646,0.601,0.814,0.842,0.753,0.769,0.443,0.74,0.79,0.647,0.727,0.644,0.839,0.804,0.773,0.57,0.853,0.645,0.704,0.72,0.62,0.719,0.786,0.672,0.707,0.766,0.73,0.604,0.634,0.642,0.51,0.566,-0.498,0.215,0.707,0.776,0.855,0.68,0.7,0.601,0.72,0.117,0.745,-0.012,0.704,0.686,0.567,0.815,0.689,0.603,0.31,0.733,0.843,0.6,0.812,0.507,0.674,0.594,0.501,0.823,0.712,0.836,0.694,0.808,0.758,0.467,0.829,-0.056,0.863,0.618,0.728,0.788,0.771,0.542,0.827,0.302
AZN,0.321,0.624,0.576,0.618,0.736,0.486,0.575,0.784,0.395,0.552,0.848,0.842,0.553,0.669,0.441,0.69,0.733,-0.326,0.436,0.61,0.166,0.665,1.0,0.628,0.61,0.837,0.637,0.706,0.721,0.329,0.681,0.833,0.572,0.692,0.821,0.518,0.745,0.73,0.236,0.751,0.535,0.7,0.497,0.759,0.716,0.119,0.675,0.632,0.457,0.555,0.744,-0.036,-0.261,0.319,0.538,0.17,0.685,0.638,-0.085,0.733,0.511,0.332,0.644,0.719,0.354,0.565,0.643,0.278,0.365,0.59,0.542,-0.261,0.076,0.778,0.598,0.039,0.773,-0.22,0.709,0.732,0.718,0.793,-0.059,0.624,0.69,0.543,0.471,-0.464,0.796,0.44,0.806,0.6,0.539,0.724,0.651,0.684,0.815,0.82,0.007,0.478,0.363,0.576,0.427,-0.351,0.784,0.664,0.773,-0.073,0.533,0.427,0.543,0.526,0.673,0.733,0.579,0.56,0.7,0.83,0.418,-0.35,0.766,0.822,0.711,-0.238,0.751,0.819,0.827,0.732,0.677,0.742,0.75,0.556,0.787,0.502,0.216,0.516,0.664,0.735,0.636,0.55,0.613,0.599,0.625,0.69,0.573,0.321,0.782,0.683,0.782,0.771,0.592,0.29,0.362,0.156,0.054,0.69,-0.636,-0.262,0.645,0.436,0.692,0.233,0.751,0.783,0.512,0.104,0.851,0.101,0.441,0.731,0.856,0.677,0.342,0.134,-0.21,0.553,0.549,0.275,0.742,0.63,0.588,0.303,0.809,0.745,0.765,0.684,0.621,0.63,0.773,0.03,0.686,-0.288,0.528,0.571,0.626,0.707,0.534,-0.071,0.719,-0.175
BCRX,0.227,0.731,0.629,0.717,0.657,0.665,0.672,0.708,0.441,0.623,0.668,0.682,0.663,0.753,0.418,0.737,0.583,-0.31,0.481,0.607,0.147,0.677,0.628,1.0,0.651,0.668,0.708,0.811,0.56,0.422,0.669,0.569,0.526,0.797,0.584,0.633,0.795,0.857,0.354,0.673,0.548,0.866,0.19,0.447,0.748,0.328,0.815,0.717,0.399,0.513,0.671,0.115,-0.142,0.258,0.603,0.128,0.777,0.777,0.031,0.676,0.779,0.488,0.724,0.857,0.481,0.65,0.735,0.332,0.338,0.791,0.687,-0.229,0.121,0.597,0.758,0.154,0.863,-0.067,0.832,0.774,0.684,0.776,0.095,0.586,0.823,0.547,0.314,-0.23,0.821,0.505,0.588,0.713,0.521,0.733,0.768,0.852,0.756,0.753,0.056,0.494,0.329,0.655,0.498,-0.159,0.764,0.687,0.618,-0.24,0.683,0.414,0.742,0.63,0.492,0.749,0.555,0.526,0.722,0.714,0.428,-0.051,0.856,0.561,0.775,-0.167,0.587,0.614,0.795,0.64,0.684,0.817,0.505,0.555,0.771,0.485,0.238,0.388,0.758,0.781,0.813,0.539,0.796,0.696,0.435,0.669,0.356,0.433,0.759,0.65,0.723,0.621,0.471,0.222,0.398,0.246,0.151,0.77,-0.746,-0.15,0.544,0.626,0.765,0.336,0.617,0.508,0.369,-0.063,0.653,-0.107,0.554,0.528,0.583,0.813,0.308,0.259,-0.057,0.38,0.656,0.246,0.757,0.474,0.626,0.346,0.657,0.651,0.773,0.743,0.728,0.674,0.752,0.068,0.561,-0.266,0.689,0.315,0.466,0.784,0.525,0.177,0.739,-0.145
BGC,0.637,0.541,0.702,0.583,0.742,0.862,0.837,0.732,0.65,0.432,0.727,0.62,0.443,0.862,0.646,0.758,0.782,0.223,0.643,0.663,0.113,0.875,0.61,0.651,1.0,0.511,0.27,0.808,0.715,0.709,0.48,0.509,0.666,0.826,0.655,0.731,0.802,0.677,0.697,0.717,0.12,0.581,0.605,0.631,0.758,0.6,0.746,0.788,0.745,0.853,0.58,0.513,0.275,0.553,0.743,0.632,0.812,0.716,0.408,0.712,0.533,0.782,0.785,0.732,0.721,0.844,0.497,0.784,0.643,0.568,0.808,0.24,0.622,0.607,0.609,0.555,0.66,0.385,0.731,0.67,0.615,0.75,0.544,0.647,0.662,0.77,0.591,0.177,0.648,0.825,0.463,0.86,0.789,0.591,0.696,0.536,0.703,0.761,0.47,0.783,0.616,0.776,0.717,0.342,0.645,0.634,0.742,-0.116,0.825,0.679,0.763,0.706,0.722,0.623,0.607,0.722,0.577,0.618,0.816,0.088,0.594,0.403,0.686,0.284,0.618,0.456,0.745,0.883,0.686,0.721,0.331,0.718,0.735,0.713,0.683,0.691,0.792,0.804,0.684,0.665,0.865,0.509,0.717,0.757,0.619,0.75,0.637,0.665,0.7,0.712,0.696,0.545,0.668,0.686,0.56,0.577,-0.571,0.316,0.619,0.801,0.812,0.781,0.662,0.619,0.748,0.092,0.633,-0.182,0.784,0.677,0.537,0.795,0.723,0.521,0.347,0.711,0.719,0.663,0.835,0.455,0.678,0.649,0.462,0.843,0.67,0.75,0.743,0.719,0.635,0.506,0.766,0.023,0.854,0.544,0.717,0.791,0.81,0.604,0.78,0.263
BIDU,0.144,0.665,0.58,0.683,0.683,0.505,0.535,0.71,0.354,0.678,0.855,0.705,0.727,0.684,0.326,0.682,0.622,-0.425,0.486,0.569,-0.042,0.578,0.837,0.668,0.511,1.0,0.714,0.681,0.648,0.255,0.715,0.81,0.464,0.701,0.838,0.51,0.717,0.727,0.199,0.704,0.477,0.732,0.39,0.701,0.744,0.196,0.729,0.694,0.307,0.48,0.643,-0.117,-0.207,0.295,0.603,0.058,0.736,0.704,-0.198,0.787,0.563,0.28,0.63,0.8,0.33,0.525,0.705,0.209,0.239,0.746,0.523,-0.241,0.088,0.894,0.667,0.03,0.762,-0.216,0.783,0.787,0.702,0.791,-0.149,0.74,0.764,0.401,0.46,-0.476,0.816,0.43,0.825,0.552,0.399,0.884,0.72,0.749,0.796,0.771,-0.073,0.411,0.372,0.582,0.428,-0.372,0.724,0.737,0.642,-0.125,0.588,0.496,0.63,0.517,0.549,0.76,0.61,0.504,0.713,0.698,0.423,-0.399,0.83,0.688,0.782,-0.281,0.615,0.677,0.766,0.648,0.64,0.761,0.572,0.488,0.828,0.377,0.187,0.35,0.688,0.687,0.651,0.679,0.611,0.666,0.629,0.6,0.545,0.313,0.753,0.69,0.749,0.629,0.489,0.297,0.227,0.104,-0.002,0.665,-0.679,-0.334,0.587,0.496,0.723,0.182,0.781,0.705,0.349,-0.056,0.836,0.158,0.467,0.735,0.694,0.691,0.298,0.13,-0.316,0.482,0.55,0.087,0.676,0.589,0.544,0.225,0.677,0.682,0.721,0.692,0.598,0.733,0.764,-0.016,0.529,-0.367,0.56,0.445,0.568,0.626,0.424,-0.111,0.719,-0.217
BILI,-0.073,0.534,0.433,0.589,0.412,0.335,0.386,0.565,0.337,0.661,0.512,0.658,0.677,0.474,0.112,0.457,0.406,-0.508,0.34,0.555,0.023,0.35,0.637,0.708,0.27,0.714,1.0,0.557,0.45,0.057,0.708,0.68,0.302,0.549,0.572,0.285,0.507,0.753,0.018,0.55,0.594,0.802,0.092,0.373,0.578,0.037,0.578,0.449,0.096,0.194,0.539,-0.276,-0.475,0.175,0.397,-0.158,0.551,0.614,-0.248,0.561,0.573,0.036,0.506,0.647,0.139,0.291,0.638,-0.076,0.141,0.6,0.334,-0.449,-0.218,0.636,0.718,-0.135,0.661,-0.345,0.665,0.648,0.612,0.592,-0.347,0.528,0.712,0.297,0.304,-0.581,0.713,0.176,0.666,0.344,0.224,0.646,0.549,0.788,0.642,0.629,-0.101,0.173,0.295,0.383,0.106,-0.552,0.604,0.612,0.435,-0.264,0.389,0.257,0.44,0.371,0.315,0.614,0.426,0.355,0.675,0.651,0.148,-0.507,0.71,0.654,0.694,-0.437,0.516,0.586,0.626,0.415,0.456,0.65,0.529,0.316,0.604,0.175,-0.091,0.097,0.481,0.516,0.652,0.466,0.427,0.552,0.328,0.462,0.246,0.115,0.599,0.597,0.64,0.488,0.336,0.232,0.042,-0.114,-0.069,0.813,-0.679,-0.488,0.422,0.355,0.499,-0.111,0.489,0.469,0.206,-0.205,0.576,-0.057,0.255,0.495,0.652,0.58,0.02,-0.041,-0.522,0.189,0.309,-0.06,0.521,0.553,0.426,-0.055,0.704,0.483,0.658,0.601,0.433,0.49,0.644,-0.183,0.341,-0.542,0.344,0.132,0.35,0.462,0.312,-0.275,0.531,-0.35
BKR,0.435,0.759,0.788,0.726,0.749,0.817,0.798,0.792,0.52,0.573,0.761,0.683,0.526,0.882,0.65,0.865,0.781,-0.132,0.675,0.7,0.222,0.813,0.706,0.811,0.808,0.681,0.557,1.0,0.747,0.622,0.698,0.664,0.584,0.892,0.718,0.858,0.89,0.85,0.403,0.753,0.382,0.754,0.473,0.653,0.844,0.469,0.877,0.809,0.596,0.743,0.694,0.286,-0.076,0.476,0.799,0.323,0.907,0.823,0.148,0.755,0.615,0.643,0.834,0.858,0.681,0.89,0.671,0.589,0.508,0.632,0.768,-0.111,0.362,0.682,0.709,0.387,0.858,0.125,0.854,0.781,0.757,0.866,0.309,0.664,0.811,0.699,0.514,-0.007,0.81,0.693,0.624,0.855,0.671,0.733,0.806,0.797,0.865,0.785,0.263,0.69,0.544,0.828,0.528,0.078,0.775,0.706,0.763,-0.172,0.831,0.55,0.823,0.689,0.667,0.791,0.707,0.737,0.752,0.763,0.663,-0.143,0.828,0.57,0.818,-0.076,0.71,0.565,0.901,0.859,0.634,0.851,0.458,0.583,0.849,0.733,0.439,0.685,0.844,0.851,0.808,0.64,0.856,0.621,0.623,0.867,0.581,0.638,0.8,0.714,0.822,0.805,0.69,0.476,0.478,0.449,0.357,0.72,-0.634,-0.016,0.659,0.7,0.787,0.506,0.754,0.653,0.569,0.105,0.755,-0.008,0.698,0.653,0.651,0.82,0.623,0.384,0.121,0.57,0.685,0.438,0.889,0.658,0.737,0.528,0.682,0.846,0.804,0.76,0.781,0.738,0.774,0.274,0.806,-0.204,0.803,0.563,0.73,0.862,0.67,0.34,0.754,0.114
BLDP,0.59,0.644,0.701,0.718,0.821,0.649,0.699,0.878,0.518,0.503,0.787,0.784,0.466,0.807,0.549,0.79,0.888,-0.128,0.697,0.756,0.165,0.725,0.721,0.56,0.715,0.648,0.45,0.747,1.0,0.643,0.716,0.656,0.634,0.779,0.803,0.57,0.765,0.694,0.286,0.829,0.201,0.632,0.622,0.702,0.8,0.366,0.777,0.754,0.693,0.692,0.715,0.342,-0.061,0.625,0.653,0.4,0.764,0.727,0.182,0.717,0.402,0.607,0.704,0.691,0.698,0.663,0.629,0.606,0.688,0.543,0.667,-0.105,0.336,0.645,0.651,0.193,0.733,0.111,0.728,0.74,0.783,0.825,0.318,0.661,0.71,0.684,0.674,-0.106,0.698,0.599,0.574,0.704,0.702,0.69,0.711,0.58,0.749,0.749,0.382,0.666,0.663,0.824,0.52,0.0,0.666,0.701,0.844,0.148,0.663,0.57,0.611,0.616,0.724,0.766,0.747,0.794,0.738,0.663,0.595,-0.191,0.643,0.616,0.676,-0.119,0.761,0.631,0.755,0.863,0.668,0.717,0.518,0.579,0.721,0.622,0.537,0.566,0.796,0.739,0.708,0.58,0.749,0.522,0.707,0.78,0.574,0.724,0.719,0.681,0.81,0.816,0.764,0.551,0.558,0.458,0.393,0.653,-0.498,0.041,0.77,0.552,0.694,0.452,0.68,0.697,0.711,0.228,0.717,0.133,0.601,0.703,0.724,0.733,0.683,0.407,0.107,0.796,0.639,0.528,0.849,0.597,0.652,0.415,0.755,0.789,0.696,0.695,0.674,0.698,0.762,0.369,0.761,0.078,0.7,0.624,0.882,0.749,0.686,0.29,0.661,0.188
BLNK,0.694,0.378,0.724,0.45,0.537,0.637,0.58,0.445,0.46,0.166,0.513,0.461,0.075,0.655,0.689,0.671,0.644,0.261,0.63,0.58,0.408,0.697,0.329,0.422,0.709,0.255,0.057,0.622,0.643,1.0,0.371,0.333,0.689,0.66,0.502,0.672,0.651,0.497,0.363,0.446,-0.103,0.37,0.661,0.558,0.547,0.394,0.601,0.654,0.749,0.707,0.535,0.832,0.096,0.638,0.667,0.656,0.646,0.574,0.567,0.495,0.294,0.841,0.546,0.51,0.862,0.66,0.194,0.822,0.565,0.3,0.787,0.23,0.554,0.307,0.359,0.515,0.507,0.438,0.48,0.472,0.527,0.606,0.714,0.432,0.404,0.771,0.567,0.532,0.37,0.77,0.277,0.763,0.772,0.349,0.463,0.252,0.482,0.508,0.606,0.801,0.518,0.712,0.588,0.537,0.403,0.409,0.631,0.113,0.672,0.339,0.489,0.58,0.613,0.458,0.592,0.762,0.39,0.42,0.676,0.289,0.422,0.268,0.472,0.185,0.628,0.289,0.57,0.727,0.478,0.55,0.236,0.558,0.509,0.721,0.761,0.685,0.699,0.665,0.496,0.418,0.731,0.143,0.72,0.556,0.61,0.825,0.46,0.467,0.459,0.651,0.703,0.525,0.855,0.611,0.68,0.438,-0.331,0.555,0.536,0.654,0.497,0.724,0.508,0.565,0.679,0.247,0.432,0.003,0.73,0.427,0.419,0.576,0.824,0.446,0.627,0.608,0.554,0.656,0.598,0.441,0.624,0.682,0.315,0.586,0.482,0.499,0.661,0.469,0.434,0.554,0.79,0.3,0.647,0.401,0.718,0.67,0.644,0.729,0.523,0.518
BYND,0.314,0.67,0.667,0.764,0.612,0.58,0.592,0.737,0.375,0.721,0.692,0.764,0.612,0.721,0.273,0.732,0.617,-0.418,0.619,0.78,-0.009,0.567,0.681,0.669,0.48,0.715,0.708,0.698,0.716,0.371,1.0,0.662,0.444,0.749,0.695,0.428,0.634,0.797,0.175,0.754,0.394,0.739,0.279,0.529,0.801,0.249,0.759,0.732,0.454,0.487,0.695,-0.01,-0.362,0.352,0.675,0.078,0.71,0.819,-0.096,0.74,0.563,0.374,0.679,0.786,0.563,0.508,0.767,0.263,0.284,0.663,0.529,-0.406,0.019,0.674,0.736,0.086,0.77,-0.128,0.802,0.839,0.815,0.816,-0.042,0.607,0.773,0.558,0.453,-0.371,0.774,0.471,0.613,0.566,0.511,0.782,0.696,0.789,0.841,0.71,0.017,0.578,0.525,0.671,0.28,-0.32,0.76,0.819,0.663,-0.218,0.636,0.42,0.605,0.615,0.539,0.848,0.671,0.698,0.931,0.721,0.389,-0.374,0.738,0.663,0.783,-0.3,0.718,0.691,0.756,0.652,0.569,0.819,0.516,0.38,0.757,0.396,0.222,0.322,0.689,0.647,0.622,0.57,0.643,0.605,0.442,0.632,0.383,0.478,0.747,0.69,0.772,0.75,0.663,0.368,0.301,0.207,0.043,0.687,-0.599,-0.266,0.807,0.517,0.655,0.131,0.702,0.572,0.393,0.008,0.667,-0.009,0.478,0.584,0.724,0.712,0.409,0.235,-0.224,0.46,0.508,0.316,0.758,0.623,0.671,0.119,0.762,0.672,0.835,0.633,0.639,0.651,0.798,0.022,0.609,-0.351,0.577,0.318,0.756,0.66,0.493,-0.031,0.648,-0.202
CAN,0.196,0.605,0.55,0.58,0.634,0.417,0.511,0.607,0.366,0.547,0.764,0.707,0.537,0.638,0.359,0.675,0.62,-0.355,0.497,0.565,0.197,0.61,0.833,0.569,0.509,0.81,0.68,0.664,0.656,0.333,0.662,1.0,0.537,0.624,0.78,0.509,0.658,0.694,0.145,0.647,0.462,0.679,0.548,0.834,0.695,0.094,0.605,0.6,0.342,0.521,0.733,-0.048,-0.286,0.48,0.603,0.192,0.679,0.665,-0.141,0.744,0.436,0.286,0.62,0.673,0.338,0.5,0.57,0.284,0.358,0.521,0.485,-0.227,0.112,0.824,0.636,0.088,0.702,-0.165,0.689,0.679,0.689,0.687,-0.059,0.67,0.664,0.534,0.559,-0.395,0.734,0.442,0.769,0.544,0.427,0.756,0.641,0.64,0.784,0.746,0.098,0.418,0.454,0.527,0.416,-0.316,0.745,0.688,0.679,-0.001,0.53,0.458,0.506,0.533,0.686,0.694,0.704,0.561,0.683,0.773,0.431,-0.37,0.724,0.754,0.732,-0.259,0.664,0.721,0.791,0.654,0.618,0.687,0.672,0.552,0.763,0.382,0.229,0.502,0.649,0.612,0.643,0.655,0.542,0.541,0.58,0.593,0.682,0.371,0.738,0.657,0.706,0.667,0.622,0.473,0.316,0.108,0.064,0.654,-0.613,-0.281,0.574,0.434,0.624,0.201,0.771,0.737,0.526,0.088,0.844,0.159,0.466,0.743,0.754,0.639,0.33,0.155,-0.246,0.539,0.514,0.13,0.602,0.682,0.545,0.249,0.673,0.728,0.718,0.658,0.568,0.637,0.715,0.143,0.624,-0.272,0.455,0.513,0.601,0.59,0.441,-0.046,0.735,0.003
