,AAL,AAPL,ABUS,ADBE,ADI,ADMA,AEP,AGNC,AKBA,ALT,AMAT,AMD,AMGN,AMZN,APA,APPS,ARCC,ARDX,ATER,ATOS,AUPH,AVGO,AZN,BCRX,BGC,BIDU,BILI,BKR,BLDP,BLNK,BYND,CAN,CELH,CG,CGC,CHRD,CLNE,CMCSA,COMM,COST,CPB,CPRT,CRON,CRWD,CSCO,CSGP,CSX,CTSH,CZR,DBX,DDOG,DKNG,DLTR,DOCU,DVAX,DXCM,EA,EBAY,ENPH,ERIC,ESPR,ETSY,EXC,EXEL,EXPE,FANG,FAST,FITB,FLEX,FOLD,FOXA,FSLR,FTNT,FUTU,GEN,GERN,GEVO,GILD,GOOG,GOOGL,GPRO,GT,HBAN,HIVE,HON,HST,HUT,IBRX,INTC,IOVA,IQ,IRWD,JBLU,JD,KDP,KHC,LBTYK,LRCX,LYFT,MAR,MARA,MAT,MCHP,MCRB,MDLZ,META,MGNI,MLCO,MNKD,MNST,MOMO,MRNA,MRVL,MSFT,MSTR,MTCH,MU,MVIS,NDAQ,NFLX,NKTR,NNDM,NTES,NTNX,NVAX,NVDA,NWL,NWSA,NXPI,OCGN,OKTA,ON,OPK,PAA,PACB,PAGP,PANW,PARA,PCAR,PDD,PENN,PEP,PLUG,PTEN,PTON,PYPL,QCOM,QUBT,QVCGA,RDFN,REAL,RIOT,ROKU,ROST,RUN,SABR,SAVA,SBUX,SFIX,SGMO,SIRI,SLM,SMCI,SNDL,SONO,STNE,STX,TCOM,TGTX,TIGR,TLRY,TMUS,TRIP,TSCO,TSLA,TTD,TXN,UAL,UNIT,VERU,VKTX,VLY,VOD,VTRS,VXRT,WBA,WBD,WDAY,WDC,WEN,WW,WYNN,XEL,XP,XRAY,XRX,Z,ZION,ZM,ZS
AAL,1.0,0.769,0.733,0.75,0.734,-0.606,0.508,0.815,0.649,-0.636,0.742,0.78,0.588,0.847,-0.61,0.777,0.697,-0.169,0.708,0.692,0.757,0.77,0.566,0.583,0.596,-0.204,0.238,0.129,0.668,0.772,0.816,0.776,-0.002,0.731,0.053,-0.438,0.754,0.723,-0.286,0.638,0.285,0.811,0.569,0.635,0.365,0.451,0.724,0.76,0.936,0.862,0.768,0.768,0.588,0.792,0.623,0.765,0.582,0.839,0.45,0.72,-0.608,0.812,0.732,0.704,0.787,-0.586,0.835,0.846,0.711,0.578,0.76,-0.38,0.841,-0.489,0.793,-0.465,0.779,0.309,0.821,0.826,0.713,0.612,0.859,0.679,0.714,0.824,0.717,0.521,0.764,0.744,0.454,0.771,0.861,-0.482,0.673,0.48,0.722,0.893,0.791,0.808,0.806,0.542,0.762,0.183,0.698,0.789,0.834,-0.002,0.685,0.622,-0.463,0.757,0.752,0.793,0.889,0.872,0.859,0.659,0.749,0.855,0.742,0.802,0.37,-0.417,0.755,0.725,0.745,0.751,0.794,0.499,0.674,0.197,0.632,-0.218,0.779,-0.316,-0.359,0.74,0.722,-0.643,0.882,0.626,0.435,-0.161,0.565,0.811,0.739,0.744,0.739,0.866,0.718,0.796,0.819,0.529,0.567,0.665,-0.417,0.764,0.751,0.724,0.863,0.799,0.117,0.422,0.796,0.755,0.769,0.112,0.655,0.243,0.587,0.525,0.784,0.594,0.655,0.817,0.851,0.901,0.718,0.575,0.658,0.761,0.746,0.833,0.819,0.722,0.305,0.609,0.814,0.787,0.832,0.839,0.546,0.266,0.707,0.759,0.796,0.729,0.701,0.834
AAPL,0.769,1.0,0.658,0.811,0.783,-0.647,0.547,0.819,0.35,-0.565,0.805,0.856,0.655,0.852,-0.419,0.77,0.82,-0.285,0.585,0.598,0.835,0.879,0.815,0.606,0.642,-0.165,0.377,0.379,0.418,0.627,0.662,0.747,0.075,0.664,0.192,-0.209,0.714,0.865,-0.481,0.768,0.611,0.902,0.415,0.744,0.634,0.082,0.803,0.827,0.778,0.769,0.668,0.66,0.675,0.771,0.458,0.519,0.677,0.801,0.111,0.761,-0.473,0.528,0.754,0.751,0.647,-0.435,0.82,0.821,0.634,0.601,0.784,-0.527,0.686,-0.501,0.791,-0.623,0.689,0.341,0.907,0.886,0.686,0.673,0.812,0.528,0.918,0.846,0.592,0.114,0.899,0.699,0.553,0.866,0.744,-0.518,0.789,0.651,0.789,0.813,0.694,0.842,0.598,0.701,0.804,0.013,0.898,0.707,0.752,0.077,0.68,0.616,-0.588,0.624,0.839,0.922,0.831,0.739,0.828,0.604,0.707,0.745,0.819,0.832,0.348,-0.56,0.69,0.827,0.905,0.746,0.877,0.444,0.764,0.444,0.723,0.011,0.521,-0.132,-0.355,0.82,0.796,-0.666,0.799,0.881,0.276,0.129,0.652,0.608,0.879,0.611,0.711,0.803,0.596,0.555,0.634,0.397,0.221,0.64,-0.303,0.606,0.682,0.62,0.773,0.675,0.449,0.472,0.597,0.572,0.884,0.332,0.532,0.115,0.582,0.605,0.728,0.669,0.631,0.602,0.874,0.655,0.726,0.625,0.709,0.902,0.857,0.844,0.793,0.715,0.356,0.533,0.86,0.757,0.768,0.656,0.592,0.334,0.714,0.831,0.487,0.715,0.566,0.789
ABUS,0.733,0.658,1.0,0.71,0.742,-0.634,0.287,0.742,0.529,-0.566,0.71,0.744,0.503,0.817,-0.578,0.831,0.648,-0.435,0.807,0.726,0.72,0.652,0.489,0.676,0.557,-0.066,0.362,0.098,0.792,0.807,0.772,0.786,0.169,0.788,0.147,-0.279,0.753,0.695,-0.438,0.581,0.241,0.714,0.611,0.569,0.284,0.095,0.663,0.759,0.783,0.691,0.754,0.789,0.496,0.754,0.744,0.684,0.663,0.7,0.224,0.585,-0.679,0.817,0.536,0.704,0.808,-0.495,0.669,0.741,0.7,0.545,0.785,-0.45,0.653,-0.34,0.709,-0.538,0.773,0.244,0.761,0.783,0.768,0.76,0.612,0.769,0.677,0.733,0.88,0.462,0.695,0.718,0.556,0.652,0.836,-0.376,0.567,0.522,0.687,0.82,0.749,0.673,0.786,0.521,0.646,-0.112,0.574,0.715,0.788,0.14,0.64,0.391,-0.393,0.737,0.715,0.75,0.722,0.831,0.791,0.768,0.516,0.761,0.743,0.769,0.446,-0.515,0.79,0.69,0.635,0.846,0.732,0.627,0.635,0.214,0.704,-0.152,0.771,-0.353,-0.361,0.744,0.661,-0.565,0.81,0.497,0.504,-0.005,0.617,0.77,0.674,0.84,0.64,0.754,0.768,0.84,0.809,0.309,0.485,0.756,-0.579,0.538,0.689,0.734,0.717,0.69,0.157,0.713,0.781,0.723,0.629,0.134,0.802,0.356,0.76,0.387,0.783,0.383,0.711,0.842,0.752,0.61,0.745,0.59,0.685,0.662,0.732,0.728,0.808,0.641,0.554,0.636,0.734,0.718,0.794,0.812,0.269,0.292,0.694,0.712,0.651,0.707,0.625,0.732
ADBE,0.75,0.811,0.71,1.0,0.769,-0.772,0.496,0.777,0.45,-0.628,0.778,0.754,0.696,0.857,-0.696,0.762,0.665,-0.255,0.702,0.681,0.666,0.843,0.573,0.486,0.722,-0.305,0.229,0.059,0.534,0.729,0.78,0.768,-0.006,0.71,-0.006,-0.486,0.634,0.798,-0.423,0.682,0.369,0.819,0.445,0.655,0.501,0.26,0.699,0.795,0.779,0.857,0.694,0.699,0.866,0.79,0.593,0.639,0.69,0.818,0.161,0.755,-0.642,0.624,0.762,0.774,0.707,-0.502,0.828,0.799,0.589,0.584,0.767,-0.52,0.784,-0.469,0.784,-0.584,0.629,0.387,0.924,0.908,0.803,0.583,0.796,0.682,0.818,0.751,0.706,0.344,0.831,0.717,0.472,0.782,0.8,-0.508,0.7,0.427,0.801,0.786,0.736,0.806,0.756,0.668,0.775,-0.033,0.836,0.777,0.736,0.015,0.668,0.603,-0.476,0.701,0.877,0.887,0.845,0.794,0.773,0.573,0.715,0.742,0.724,0.752,0.297,-0.499,0.638,0.854,0.774,0.828,0.881,0.422,0.686,0.195,0.79,-0.137,0.628,-0.336,-0.509,0.773,0.763,-0.663,0.822,0.777,0.359,-0.056,0.77,0.715,0.842,0.684,0.795,0.793,0.694,0.671,0.708,0.385,0.308,0.626,-0.515,0.668,0.706,0.662,0.817,0.763,0.219,0.489,0.701,0.615,0.809,0.154,0.579,0.17,0.585,0.578,0.688,0.613,0.672,0.68,0.849,0.668,0.825,0.517,0.677,0.757,0.766,0.814,0.842,0.736,0.35,0.712,0.793,0.777,0.774,0.66,0.53,0.189,0.703,0.726,0.551,0.724,0.679,0.736
ADI,0.734,0.783,0.742,0.769,1.0,-0.728,0.346,0.74,0.475,-0.67,0.832,0.766,0.554,0.819,-0.518,0.813,0.723,-0.383,0.744,0.737,0.701,0.789,0.563,0.579,0.613,-0.156,0.271,0.204,0.616,0.715,0.694,0.791,0.089,0.747,0.207,-0.343,0.784,0.73,-0.534,0.608,0.302,0.705,0.595,0.655,0.598,0.096,0.755,0.789,0.739,0.736,0.701,0.778,0.675,0.698,0.724,0.639,0.624,0.703,0.064,0.75,-0.533,0.684,0.654,0.701,0.737,-0.484,0.727,0.719,0.64,0.646,0.729,-0.621,0.703,-0.487,0.708,-0.626,0.76,0.179,0.812,0.828,0.806,0.713,0.661,0.76,0.665,0.744,0.778,0.248,0.748,0.758,0.458,0.683,0.74,-0.455,0.708,0.484,0.721,0.84,0.717,0.696,0.716,0.636,0.861,-0.127,0.665,0.739,0.831,0.082,0.641,0.433,-0.516,0.794,0.825,0.783,0.735,0.679,0.767,0.684,0.655,0.679,0.732,0.685,0.475,-0.561,0.803,0.766,0.678,0.751,0.853,0.509,0.684,0.385,0.819,-0.17,0.663,-0.291,-0.382,0.706,0.708,-0.689,0.781,0.582,0.392,-0.024,0.721,0.731,0.823,0.795,0.703,0.711,0.702,0.688,0.765,0.451,0.329,0.658,-0.336,0.473,0.812,0.603,0.764,0.618,0.373,0.582,0.697,0.684,0.806,0.238,0.599,0.232,0.689,0.461,0.767,0.473,0.684,0.777,0.901,0.593,0.661,0.522,0.765,0.708,0.718,0.833,0.753,0.807,0.468,0.598,0.769,0.734,0.747,0.785,0.357,0.259,0.791,0.825,0.54,0.643,0.666,0.692
ADMA,-0.606,-0.647,-0.634,-0.772,-0.728,1.0,-0.172,-0.626,-0.274,0.699,-0.657,-0.583,-0.536,-0.716,0.6,-0.628,-0.588,0.432,-0.636,-0.655,-0.598,-0.629,-0.38,-0.277,-0.483,0.193,-0.228,0.018,-0.43,-0.508,-0.66,-0.665,0.101,-0.533,0.117,0.474,-0.518,-0.728,0.442,-0.399,-0.239,-0.643,-0.314,-0.541,-0.308,-0.147,-0.583,-0.612,-0.666,-0.719,-0.603,-0.531,-0.689,-0.722,-0.637,-0.47,-0.537,-0.7,-0.012,-0.732,0.632,-0.516,-0.504,-0.517,-0.561,0.543,-0.653,-0.567,-0.342,-0.455,-0.595,0.544,-0.653,0.426,-0.616,0.621,-0.546,-0.199,-0.745,-0.723,-0.659,-0.408,-0.557,-0.598,-0.573,-0.615,-0.605,-0.196,-0.674,-0.565,-0.365,-0.54,-0.715,0.504,-0.422,-0.377,-0.712,-0.638,-0.676,-0.588,-0.564,-0.377,-0.704,0.32,-0.629,-0.68,-0.611,-0.029,-0.568,-0.251,0.526,-0.722,-0.657,-0.704,-0.696,-0.721,-0.614,-0.512,-0.536,-0.605,-0.594,-0.637,-0.348,0.462,-0.533,-0.675,-0.65,-0.668,-0.689,-0.265,-0.606,0.096,-0.621,0.306,-0.457,0.442,0.455,-0.646,-0.607,0.546,-0.647,-0.461,-0.197,0.051,-0.602,-0.548,-0.669,-0.628,-0.665,-0.701,-0.643,-0.564,-0.549,-0.169,-0.177,-0.62,0.55,-0.415,-0.669,-0.43,-0.754,-0.701,0.03,-0.407,-0.544,-0.598,-0.694,-0.039,-0.362,-0.092,-0.526,-0.29,-0.524,-0.355,-0.422,-0.551,-0.751,-0.492,-0.664,-0.305,-0.528,-0.581,-0.801,-0.71,-0.699,-0.672,-0.343,-0.54,-0.677,-0.669,-0.714,-0.513,-0.237,0.113,-0.703,-0.602,-0.496,-0.416,-0.743,-0.637
AEP,0.508,0.547,0.287,0.496,0.346,-0.172,1.0,0.457,0.499,-0.101,0.428,0.455,0.642,0.517,-0.474,0.426,0.347,0.268,0.394,0.335,0.325,0.546,0.425,0.205,0.542,-0.453,-0.16,-0.042,0.088,0.419,0.311,0.341,-0.26,0.34,0.072,-0.37,0.26,0.421,0.077,0.674,0.207,0.523,0.204,0.199,0.485,0.427,0.479,0.516,0.535,0.473,0.199,0.5,0.38,0.382,0.157,0.484,0.35,0.48,0.359,0.309,-0.294,0.372,0.647,0.441,0.47,-0.44,0.584,0.542,0.497,0.204,0.415,-0.062,0.433,-0.506,0.537,-0.167,0.237,0.677,0.494,0.484,0.289,0.385,0.599,0.196,0.573,0.455,0.315,0.275,0.458,0.414,0.028,0.512,0.449,-0.548,0.557,0.103,0.317,0.479,0.411,0.588,0.286,0.501,0.429,0.468,0.521,0.371,0.455,-0.081,0.407,0.739,-0.392,0.334,0.383,0.53,0.438,0.432,0.46,0.137,0.692,0.501,0.34,0.359,-0.038,-0.021,0.301,0.399,0.451,0.383,0.55,-0.057,0.257,0.334,0.349,-0.206,0.253,-0.227,-0.481,0.426,0.463,-0.469,0.51,0.655,0.059,-0.214,0.255,0.445,0.47,0.295,0.363,0.417,0.318,0.256,0.362,0.672,0.329,0.254,-0.01,0.681,0.429,0.473,0.413,0.472,0.247,0.166,0.324,0.192,0.44,-0.065,0.28,-0.143,0.142,0.584,0.505,0.736,0.525,0.342,0.438,0.624,0.46,0.433,0.425,0.563,0.351,0.451,0.416,0.456,-0.081,0.391,0.462,0.496,0.431,0.345,0.863,0.214,0.241,0.499,0.285,0.643,0.26,0.313
AGNC,0.815,0.819,0.742,0.777,0.74,-0.626,0.457,1.0,0.441,-0.652,0.829,0.837,0.516,0.811,-0.488,0.8,0.892,-0.323,0.67,0.644,0.782,0.812,0.736,0.58,0.681,-0.077,0.294,0.277,0.637,0.723,0.762,0.718,0.131,0.813,0.215,-0.262,0.775,0.797,-0.427,0.708,0.51,0.857,0.557,0.721,0.47,0.263,0.788,0.816,0.835,0.869,0.774,0.695,0.627,0.745,0.538,0.63,0.671,0.809,0.253,0.699,-0.571,0.658,0.664,0.727,0.752,-0.372,0.79,0.812,0.684,0.575,0.807,-0.488,0.761,-0.449,0.737,-0.654,0.816,0.27,0.823,0.838,0.725,0.721,0.817,0.62,0.784,0.848,0.674,0.279,0.854,0.733,0.657,0.863,0.817,-0.442,0.698,0.615,0.806,0.822,0.675,0.808,0.689,0.68,0.713,-0.017,0.818,0.685,0.827,0.182,0.642,0.55,-0.509,0.74,0.795,0.827,0.852,0.799,0.768,0.727,0.658,0.765,0.838,0.817,0.362,-0.524,0.773,0.825,0.82,0.835,0.846,0.514,0.8,0.373,0.719,0.076,0.651,-0.189,-0.319,0.892,0.7,-0.62,0.877,0.726,0.46,0.068,0.645,0.658,0.845,0.702,0.75,0.905,0.705,0.677,0.71,0.352,0.35,0.654,-0.403,0.684,0.703,0.697,0.828,0.778,0.377,0.588,0.687,0.672,0.828,0.295,0.652,0.231,0.658,0.532,0.785,0.604,0.672,0.693,0.808,0.728,0.801,0.587,0.68,0.844,0.794,0.792,0.814,0.749,0.46,0.588,0.881,0.725,0.809,0.784,0.497,0.36,0.721,0.822,0.632,0.716,0.613,0.765
AKBA,0.649,0.35,0.529,0.45,0.475,-0.274,0.499,0.441,1.0,-0.378,0.391,0.397,0.459,0.493,-0.574,0.43,0.25,0.209,0.613,0.515,0.417,0.394,0.042,0.41,0.438,-0.283,0.082,-0.139,0.524,0.56,0.56,0.44,-0.094,0.496,0.031,-0.493,0.396,0.423,-0.052,0.329,-0.199,0.406,0.447,0.136,0.207,0.635,0.511,0.466,0.652,0.5,0.329,0.619,0.338,0.56,0.493,0.761,0.356,0.537,0.671,0.346,-0.46,0.671,0.591,0.356,0.621,-0.526,0.494,0.459,0.651,0.396,0.384,-0.05,0.552,-0.384,0.623,-0.147,0.394,0.409,0.473,0.461,0.419,0.327,0.605,0.498,0.357,0.442,0.567,0.772,0.334,0.529,0.113,0.397,0.542,-0.336,0.432,0.161,0.274,0.548,0.692,0.517,0.612,0.337,0.407,0.526,0.262,0.465,0.477,-0.092,0.449,0.494,-0.224,0.567,0.393,0.399,0.456,0.616,0.505,0.413,0.646,0.566,0.287,0.396,0.312,-0.139,0.414,0.279,0.259,0.426,0.447,0.327,0.14,0.128,0.332,-0.369,0.605,-0.421,-0.39,0.393,0.528,-0.439,0.565,0.274,0.348,-0.259,0.339,0.662,0.362,0.571,0.394,0.489,0.539,0.619,0.56,0.711,0.832,0.465,-0.184,0.705,0.553,0.647,0.496,0.539,-0.054,0.228,0.572,0.528,0.289,-0.133,0.53,0.205,0.334,0.407,0.528,0.469,0.513,0.603,0.505,0.772,0.404,0.335,0.447,0.363,0.358,0.44,0.441,0.596,0.128,0.488,0.378,0.611,0.515,0.588,0.473,0.105,0.485,0.38,0.668,0.594,0.442,0.444
ALT,-0.636,-0.565,-0.566,-0.628,-0.67,0.699,-0.101,-0.652,-0.378,1.0,-0.651,-0.642,-0.338,-0.601,0.385,-0.619,-0.593,0.3,-0.523,-0.59,-0.592,-0.622,-0.393,-0.358,-0.359,0.152,-0.214,-0.096,-0.516,-0.456,-0.65,-0.518,-0.193,-0.487,-0.041,0.325,-0.704,-0.592,0.603,-0.429,-0.35,-0.584,-0.293,-0.566,-0.437,-0.157,-0.668,-0.55,-0.567,-0.681,-0.609,-0.445,-0.653,-0.652,-0.44,-0.533,-0.508,-0.615,-0.157,-0.58,0.441,-0.457,-0.501,-0.529,-0.526,0.341,-0.609,-0.576,-0.534,-0.545,-0.507,0.564,-0.607,0.482,-0.603,0.718,-0.576,-0.007,-0.638,-0.643,-0.552,-0.394,-0.586,-0.509,-0.542,-0.643,-0.508,-0.224,-0.598,-0.58,-0.404,-0.607,-0.617,0.397,-0.541,-0.471,-0.574,-0.635,-0.621,-0.533,-0.602,-0.585,-0.583,0.139,-0.552,-0.504,-0.586,-0.061,-0.475,-0.177,0.495,-0.649,-0.695,-0.592,-0.627,-0.661,-0.524,-0.549,-0.489,-0.524,-0.58,-0.624,-0.246,0.555,-0.573,-0.658,-0.608,-0.608,-0.557,-0.352,-0.632,-0.086,-0.643,0.108,-0.557,0.255,0.264,-0.636,-0.62,0.619,-0.57,-0.426,-0.275,-0.073,-0.516,-0.511,-0.669,-0.52,-0.65,-0.657,-0.6,-0.565,-0.547,-0.25,-0.333,-0.49,0.353,-0.385,-0.613,-0.412,-0.669,-0.577,-0.155,-0.313,-0.645,-0.531,-0.654,-0.231,-0.271,-0.12,-0.471,-0.316,-0.536,-0.436,-0.432,-0.531,-0.657,-0.511,-0.521,-0.261,-0.476,-0.57,-0.663,-0.614,-0.613,-0.634,-0.407,-0.408,-0.658,-0.596,-0.638,-0.617,-0.239,-0.132,-0.73,-0.541,-0.491,-0.434,-0.65,-0.683
AMAT,0.742,0.805,0.71,0.778,0.832,-0.657,0.428,0.829,0.391,-0.651,1.0,0.842,0.59,0.791,-0.396,0.78,0.828,-0.374,0.652,0.669,0.692,0.834,0.713,0.543,0.634,-0.062,0.286,0.219,0.635,0.713,0.71,0.782,0.155,0.691,0.217,-0.231,0.786,0.757,-0.529,0.675,0.462,0.758,0.547,0.746,0.634,0.058,0.766,0.782,0.716,0.752,0.736,0.743,0.697,0.673,0.567,0.614,0.605,0.71,0.068,0.7,-0.486,0.653,0.694,0.729,0.713,-0.416,0.864,0.811,0.651,0.654,0.723,-0.564,0.661,-0.465,0.699,-0.563,0.733,0.212,0.818,0.827,0.745,0.704,0.71,0.68,0.76,0.759,0.669,0.263,0.792,0.679,0.53,0.761,0.677,-0.438,0.792,0.54,0.768,0.878,0.641,0.743,0.638,0.71,0.813,-0.113,0.739,0.726,0.825,0.201,0.663,0.548,-0.55,0.714,0.833,0.821,0.805,0.741,0.759,0.706,0.72,0.696,0.831,0.714,0.438,-0.539,0.737,0.837,0.76,0.79,0.864,0.464,0.767,0.501,0.805,-0.033,0.614,-0.175,-0.342,0.775,0.698,-0.701,0.775,0.703,0.454,0.068,0.709,0.655,0.862,0.711,0.63,0.77,0.645,0.596,0.688,0.425,0.269,0.636,-0.411,0.52,0.691,0.63,0.777,0.662,0.5,0.598,0.674,0.739,0.841,0.34,0.563,0.173,0.613,0.511,0.755,0.53,0.688,0.698,0.796,0.583,0.71,0.561,0.847,0.821,0.713,0.719,0.739,0.777,0.461,0.574,0.833,0.661,0.69,0.734,0.472,0.378,0.717,0.754,0.489,0.604,0.613,0.753
AMD,0.78,0.856,0.744,0.754,0.766,-0.583,0.455,0.837,0.397,-0.642,0.842,1.0,0.528,0.827,-0.439,0.816,0.843,-0.316,0.635,0.64,0.835,0.898,0.799,0.715,0.593,-0.141,0.415,0.283,0.616,0.745,0.708,0.761,0.175,0.708,0.161,-0.245,0.841,0.812,-0.487,0.725,0.617,0.922,0.483,0.736,0.556,0.075,0.763,0.786,0.751,0.753,0.839,0.734,0.627,0.814,0.531,0.636,0.609,0.745,0.102,0.658,-0.529,0.634,0.655,0.766,0.692,-0.457,0.781,0.863,0.775,0.586,0.786,-0.552,0.663,-0.519,0.819,-0.692,0.816,0.189,0.815,0.833,0.75,0.75,0.8,0.573,0.864,0.861,0.685,0.251,0.826,0.68,0.539,0.803,0.802,-0.477,0.732,0.631,0.743,0.886,0.758,0.77,0.696,0.717,0.712,-0.105,0.769,0.717,0.832,0.128,0.666,0.552,-0.547,0.742,0.848,0.834,0.786,0.729,0.868,0.724,0.581,0.745,0.796,0.835,0.395,-0.531,0.816,0.918,0.842,0.786,0.842,0.516,0.89,0.494,0.698,-0.046,0.676,-0.171,-0.336,0.781,0.765,-0.727,0.836,0.733,0.42,0.065,0.659,0.649,0.891,0.688,0.689,0.829,0.657,0.681,0.764,0.289,0.334,0.733,-0.422,0.577,0.676,0.702,0.742,0.696,0.432,0.564,0.731,0.621,0.816,0.293,0.594,0.156,0.629,0.56,0.778,0.541,0.657,0.731,0.802,0.668,0.74,0.621,0.731,0.824,0.805,0.765,0.878,0.749,0.448,0.515,0.916,0.667,0.735,0.799,0.389,0.392,0.692,0.86,0.632,0.696,0.584,0.887
AMGN,0.588,0.655,0.503,0.696,0.554,-0.536,0.642,0.516,0.459,-0.338,0.59,0.528,1.0,0.691,-0.577,0.6,0.426,-0.083,0.609,0.594,0.477,0.607,0.419,0.365,0.551,-0.37,0.016,-0.16,0.299,0.591,0.552,0.609,-0.225,0.537,-0.074,-0.42,0.421,0.619,-0.097,0.671,0.13,0.624,0.26,0.39,0.435,0.307,0.659,0.737,0.594,0.649,0.366,0.636,0.61,0.612,0.47,0.518,0.49,0.708,0.124,0.68,-0.482,0.561,0.634,0.714,0.612,-0.556,0.716,0.712,0.438,0.563,0.667,-0.275,0.641,-0.445,0.675,-0.346,0.395,0.626,0.713,0.726,0.501,0.452,0.684,0.53,0.684,0.478,0.56,0.33,0.66,0.639,0.192,0.612,0.576,-0.577,0.597,0.162,0.607,0.606,0.636,0.702,0.555,0.536,0.733,0.07,0.661,0.7,0.596,-0.161,0.693,0.755,-0.51,0.497,0.536,0.734,0.668,0.613,0.629,0.335,0.756,0.681,0.565,0.472,0.187,-0.209,0.436,0.517,0.56,0.64,0.708,0.21,0.34,0.103,0.628,-0.339,0.532,-0.367,-0.56,0.59,0.654,-0.566,0.569,0.643,0.057,-0.231,0.54,0.677,0.617,0.542,0.544,0.527,0.568,0.516,0.603,0.503,0.304,0.461,-0.383,0.619,0.583,0.613,0.627,0.663,0.145,0.267,0.618,0.4,0.655,-0.02,0.504,-0.068,0.282,0.488,0.696,0.594,0.571,0.588,0.617,0.538,0.664,0.507,0.559,0.698,0.592,0.619,0.624,0.596,0.21,0.532,0.587,0.693,0.611,0.508,0.666,0.136,0.539,0.575,0.408,0.605,0.637,0.499
AMZN,0.847,0.852,0.817,0.857,0.819,-0.716,0.517,0.811,0.493,-0.601,0.791,0.827,0.691,1.0,-0.598,0.869,0.755,-0.26,0.804,0.65,0.718,0.875,0.642,0.565,0.755,-0.214,0.237,0.137,0.579,0.756,0.789,0.805,0.01,0.754,0.1,-0.388,0.76,0.751,-0.334,0.782,0.397,0.848,0.504,0.689,0.481,0.22,0.759,0.846,0.859,0.857,0.787,0.775,0.66,0.764,0.66,0.696,0.69,0.846,0.213,0.778,-0.648,0.778,0.696,0.749,0.81,-0.574,0.829,0.886,0.653,0.6,0.86,-0.496,0.813,-0.478,0.771,-0.567,0.701,0.33,0.902,0.908,0.769,0.677,0.789,0.654,0.805,0.858,0.749,0.367,0.836,0.812,0.465,0.778,0.902,-0.545,0.718,0.458,0.759,0.894,0.751,0.88,0.728,0.68,0.812,-0.032,0.796,0.834,0.853,0.038,0.708,0.644,-0.505,0.755,0.826,0.908,0.846,0.796,0.816,0.657,0.728,0.833,0.767,0.797,0.378,-0.455,0.74,0.827,0.784,0.821,0.888,0.491,0.75,0.254,0.764,-0.228,0.69,-0.331,-0.455,0.81,0.714,-0.649,0.917,0.753,0.348,-0.053,0.659,0.803,0.848,0.764,0.784,0.843,0.805,0.73,0.771,0.478,0.377,0.664,-0.473,0.683,0.84,0.691,0.847,0.816,0.272,0.509,0.741,0.69,0.819,0.167,0.658,0.203,0.645,0.585,0.801,0.593,0.709,0.76,0.884,0.728,0.803,0.577,0.705,0.827,0.824,0.822,0.87,0.736,0.447,0.651,0.838,0.787,0.862,0.768,0.529,0.263,0.73,0.799,0.625,0.765,0.681,0.764
APA,-0.61,-0.419,-0.578,-0.696,-0.518,0.6,-0.474,-0.488,-0.574,0.385,-0.396,-0.439,-0.577,-0.598,1.0,-0.596,-0.209,0.06,-0.708,-0.622,-0.406,-0.465,-0.112,-0.207,-0.442,0.558,0.073,0.418,-0.421,-0.637,-0.68,-0.519,0.415,-0.55,0.21,0.814,-0.379,-0.542,0.034,-0.424,0.155,-0.552,-0.317,-0.115,-0.199,-0.528,-0.395,-0.544,-0.667,-0.651,-0.385,-0.678,-0.558,-0.629,-0.635,-0.516,-0.449,-0.602,-0.267,-0.51,0.751,-0.681,-0.493,-0.501,-0.645,0.807,-0.577,-0.512,-0.421,-0.178,-0.585,0.298,-0.619,0.478,-0.61,0.371,-0.476,-0.557,-0.587,-0.603,-0.62,-0.373,-0.554,-0.642,-0.455,-0.477,-0.713,-0.523,-0.453,-0.541,-0.071,-0.498,-0.689,0.608,-0.395,-0.063,-0.476,-0.569,-0.652,-0.45,-0.688,-0.291,-0.459,-0.024,-0.418,-0.574,-0.599,0.176,-0.414,-0.427,0.404,-0.674,-0.426,-0.533,-0.564,-0.638,-0.566,-0.366,-0.518,-0.618,-0.361,-0.539,-0.16,0.236,-0.505,-0.44,-0.359,-0.624,-0.565,-0.116,-0.289,0.208,-0.448,0.588,-0.585,0.772,0.737,-0.488,-0.457,0.55,-0.66,-0.357,-0.138,0.534,-0.413,-0.647,-0.423,-0.634,-0.632,-0.634,-0.65,-0.682,-0.69,-0.393,-0.394,-0.495,0.43,-0.63,-0.637,-0.589,-0.642,-0.66,0.295,-0.334,-0.63,-0.468,-0.371,0.424,-0.504,-0.004,-0.442,-0.271,-0.536,-0.419,-0.491,-0.654,-0.566,-0.641,-0.663,-0.427,-0.434,-0.389,-0.502,-0.604,-0.639,-0.618,-0.116,-0.591,-0.419,-0.65,-0.616,-0.512,-0.411,0.185,-0.433,-0.523,-0.567,-0.61,-0.604,-0.453
APPS,0.777,0.77,0.831,0.762,0.813,-0.628,0.426,0.8,0.43,-0.619,0.78,0.816,0.6,0.869,-0.596,1.0,0.739,-0.366,0.861,0.785,0.766,0.754,0.662,0.653,0.608,-0.287,0.214,0.2,0.697,0.833,0.775,0.754,0.178,0.843,0.274,-0.23,0.879,0.694,-0.478,0.831,0.407,0.806,0.614,0.656,0.568,0.087,0.778,0.854,0.776,0.802,0.737,0.841,0.629,0.716,0.656,0.552,0.608,0.762,0.075,0.697,-0.59,0.766,0.591,0.799,0.919,-0.482,0.791,0.868,0.722,0.551,0.861,-0.645,0.668,-0.595,0.736,-0.694,0.843,0.361,0.76,0.809,0.831,0.82,0.692,0.772,0.773,0.848,0.856,0.31,0.749,0.824,0.418,0.774,0.833,-0.561,0.77,0.519,0.764,0.853,0.693,0.735,0.785,0.721,0.775,-0.142,0.727,0.706,0.909,0.067,0.572,0.52,-0.649,0.725,0.732,0.782,0.773,0.732,0.763,0.714,0.651,0.736,0.816,0.773,0.318,-0.603,0.883,0.778,0.744,0.872,0.776,0.485,0.743,0.301,0.88,-0.092,0.726,-0.265,-0.399,0.818,0.704,-0.771,0.847,0.649,0.361,-0.023,0.663,0.789,0.765,0.826,0.8,0.792,0.835,0.807,0.864,0.419,0.31,0.652,-0.39,0.521,0.856,0.705,0.726,0.675,0.329,0.682,0.824,0.651,0.78,0.159,0.657,0.086,0.788,0.419,0.895,0.654,0.86,0.835,0.769,0.626,0.839,0.738,0.776,0.825,0.764,0.826,0.808,0.692,0.523,0.512,0.784,0.722,0.83,0.809,0.374,0.46,0.685,0.84,0.495,0.778,0.653,0.755
ARCC,0.697,0.82,0.648,0.665,0.723,-0.588,0.347,0.892,0.25,-0.593,0.828,0.843,0.426,0.755,-0.209,0.739,1.0,-0.352,0.534,0.561,0.782,0.788,0.845,0.608,0.637,0.102,0.406,0.442,0.552,0.606,0.564,0.654,0.346,0.696,0.339,-0.021,0.741,0.721,-0.51,0.68,0.691,0.807,0.548,0.839,0.49,0.004,0.766,0.737,0.724,0.727,0.793,0.565,0.551,0.663,0.397,0.558,0.575,0.693,0.111,0.645,-0.358,0.479,0.578,0.635,0.637,-0.228,0.695,0.756,0.619,0.626,0.716,-0.49,0.613,-0.38,0.658,-0.661,0.755,0.127,0.741,0.756,0.643,0.722,0.719,0.473,0.766,0.822,0.537,0.091,0.807,0.644,0.665,0.74,0.719,-0.305,0.632,0.635,0.766,0.75,0.587,0.794,0.506,0.67,0.729,-0.071,0.799,0.611,0.733,0.264,0.619,0.495,-0.485,0.622,0.777,0.776,0.738,0.663,0.689,0.659,0.581,0.618,0.819,0.735,0.383,-0.506,0.707,0.858,0.85,0.72,0.79,0.533,0.884,0.509,0.707,0.226,0.481,0.079,-0.082,0.825,0.666,-0.575,0.768,0.72,0.489,0.254,0.646,0.51,0.824,0.58,0.617,0.77,0.57,0.506,0.559,0.262,0.229,0.619,-0.306,0.522,0.62,0.553,0.688,0.648,0.536,0.578,0.53,0.584,0.846,0.524,0.519,0.213,0.629,0.557,0.709,0.551,0.646,0.562,0.751,0.585,0.68,0.516,0.647,0.842,0.784,0.703,0.724,0.628,0.493,0.446,0.898,0.587,0.712,0.7,0.351,0.483,0.69,0.77,0.503,0.588,0.503,0.764
ARDX,-0.169,-0.285,-0.435,-0.255,-0.383,0.432,0.268,-0.323,0.209,0.3,-0.374,-0.316,-0.083,-0.26,0.06,-0.366,-0.352,1.0,-0.301,-0.291,-0.447,-0.169,-0.322,-0.322,0.015,-0.18,-0.375,-0.257,-0.409,-0.359,-0.446,-0.515,-0.235,-0.411,-0.017,-0.084,-0.432,-0.42,0.578,-0.127,-0.29,-0.32,-0.182,-0.467,-0.144,0.49,-0.293,-0.366,-0.177,-0.287,-0.5,-0.28,-0.173,-0.335,-0.47,-0.013,-0.304,-0.323,0.408,-0.37,0.247,-0.274,0.008,-0.4,-0.26,0.074,-0.297,-0.278,-0.175,-0.235,-0.404,0.486,-0.157,0.045,-0.192,0.353,-0.538,0.305,-0.333,-0.336,-0.435,-0.362,-0.089,-0.431,-0.265,-0.286,-0.354,0.291,-0.425,-0.283,-0.426,-0.256,-0.246,0.038,-0.242,-0.452,-0.495,-0.347,-0.234,-0.084,-0.315,-0.203,-0.305,0.681,-0.325,-0.397,-0.416,-0.14,-0.203,0.265,0.33,-0.302,-0.316,-0.354,-0.421,-0.324,-0.367,-0.595,0.028,-0.283,-0.463,-0.36,-0.321,0.532,-0.525,-0.327,-0.366,-0.422,-0.346,-0.4,-0.424,-0.069,-0.385,-0.036,-0.325,0.056,-0.033,-0.357,-0.301,0.213,-0.276,-0.068,-0.154,-0.111,-0.356,-0.326,-0.399,-0.402,-0.332,-0.324,-0.394,-0.384,-0.391,0.326,0.141,-0.442,0.526,0.225,-0.258,-0.092,-0.332,-0.186,-0.151,-0.465,-0.353,-0.417,-0.38,-0.139,-0.409,-0.18,-0.427,-0.02,-0.316,0.09,-0.156,-0.362,-0.341,0.122,-0.317,-0.251,-0.354,-0.271,-0.435,-0.322,-0.377,-0.236,-0.595,-0.187,-0.365,-0.256,-0.363,-0.357,0.253,-0.074,-0.387,-0.397,-0.072,0.064,-0.352,-0.408
ATER,0.708,0.585,0.807,0.702,0.744,-0.636,0.394,0.67,0.613,-0.523,0.652,0.635,0.609,0.804,-0.708,0.861,0.534,-0.301,1.0,0.801,0.642,0.585,0.383,0.518,0.633,-0.344,0.136,-0.017,0.676,0.816,0.815,0.716,-0.016,0.791,0.17,-0.412,0.704,0.66,-0.374,0.646,0.103,0.654,0.601,0.466,0.418,0.239,0.666,0.774,0.741,0.755,0.622,0.863,0.578,0.714,0.767,0.618,0.604,0.752,0.167,0.626,-0.664,0.838,0.628,0.647,0.918,-0.595,0.714,0.733,0.661,0.468,0.779,-0.559,0.64,-0.549,0.676,-0.534,0.701,0.408,0.674,0.695,0.812,0.672,0.628,0.797,0.58,0.735,0.864,0.467,0.594,0.864,0.325,0.607,0.772,-0.523,0.649,0.335,0.653,0.747,0.727,0.664,0.778,0.563,0.701,-0.098,0.581,0.715,0.811,0.019,0.479,0.492,-0.564,0.76,0.583,0.656,0.686,0.706,0.664,0.655,0.663,0.677,0.619,0.665,0.418,-0.524,0.781,0.612,0.568,0.77,0.666,0.51,0.532,0.101,0.72,-0.325,0.722,-0.442,-0.503,0.702,0.645,-0.689,0.797,0.481,0.343,-0.245,0.686,0.839,0.628,0.848,0.796,0.739,0.914,0.809,0.836,0.505,0.424,0.686,-0.451,0.53,0.914,0.667,0.687,0.672,0.09,0.632,0.777,0.724,0.595,-0.046,0.685,0.105,0.739,0.352,0.823,0.533,0.797,0.812,0.683,0.608,0.789,0.68,0.757,0.656,0.706,0.708,0.716,0.781,0.463,0.607,0.605,0.72,0.792,0.729,0.351,0.262,0.722,0.672,0.532,0.682,0.739,0.631
ATOS,0.692,0.598,0.726,0.681,0.737,-0.655,0.335,0.644,0.515,-0.59,0.669,0.64,0.594,0.65,-0.622,0.785,0.561,-0.291,0.801,1.0,0.711,0.581,0.441,0.56,0.577,-0.346,0.164,-0.009,0.668,0.772,0.692,0.659,0.13,0.738,0.15,-0.334,0.636,0.663,-0.487,0.509,0.149,0.653,0.606,0.493,0.399,0.227,0.699,0.698,0.709,0.676,0.576,0.809,0.62,0.788,0.696,0.558,0.549,0.679,0.11,0.604,-0.533,0.673,0.674,0.663,0.805,-0.486,0.692,0.685,0.669,0.529,0.677,-0.617,0.662,-0.596,0.733,-0.579,0.732,0.391,0.653,0.663,0.726,0.69,0.666,0.818,0.617,0.644,0.843,0.414,0.622,0.739,0.361,0.635,0.705,-0.481,0.612,0.392,0.705,0.689,0.767,0.597,0.777,0.469,0.805,-0.086,0.591,0.63,0.758,0.029,0.534,0.48,-0.606,0.721,0.609,0.64,0.7,0.749,0.703,0.576,0.654,0.652,0.631,0.671,0.295,-0.603,0.735,0.624,0.62,0.75,0.638,0.519,0.562,0.154,0.734,-0.179,0.675,-0.323,-0.329,0.685,0.732,-0.746,0.677,0.457,0.35,-0.136,0.708,0.723,0.585,0.802,0.706,0.689,0.71,0.767,0.799,0.402,0.39,0.713,-0.46,0.505,0.731,0.672,0.676,0.59,0.081,0.677,0.756,0.682,0.641,0.016,0.607,0.083,0.685,0.317,0.784,0.514,0.802,0.781,0.661,0.602,0.754,0.595,0.754,0.622,0.704,0.763,0.674,0.701,0.382,0.582,0.633,0.715,0.753,0.706,0.302,0.3,0.771,0.711,0.574,0.666,0.848,0.713
AUPH,0.757,0.835,0.72,0.666,0.701,-0.598,0.325,0.782,0.417,-0.592,0.692,0.835,0.477,0.718,-0.406,0.766,0.782,-0.447,0.642,0.711,1.0,0.717,0.726,0.77,0.505,-0.129,0.519,0.427,0.608,0.695,0.737,0.735,0.233,0.744,0.216,-0.15,0.752,0.865,-0.559,0.602,0.564,0.887,0.498,0.695,0.469,0.062,0.795,0.737,0.772,0.735,0.756,0.677,0.531,0.87,0.549,0.502,0.552,0.791,0.102,0.654,-0.455,0.579,0.64,0.696,0.702,-0.41,0.744,0.739,0.711,0.572,0.763,-0.596,0.594,-0.512,0.815,-0.639,0.852,0.214,0.758,0.746,0.708,0.692,0.767,0.605,0.814,0.824,0.667,0.219,0.816,0.691,0.564,0.785,0.75,-0.419,0.676,0.762,0.793,0.772,0.788,0.697,0.684,0.564,0.706,-0.081,0.777,0.661,0.764,0.083,0.617,0.405,-0.612,0.697,0.706,0.767,0.791,0.772,0.835,0.782,0.555,0.735,0.787,0.849,0.419,-0.65,0.797,0.75,0.852,0.746,0.739,0.612,0.765,0.358,0.658,0.036,0.623,-0.095,-0.206,0.814,0.831,-0.715,0.785,0.639,0.352,0.132,0.662,0.616,0.757,0.678,0.718,0.826,0.672,0.714,0.726,0.247,0.34,0.774,-0.44,0.478,0.669,0.66,0.716,0.61,0.282,0.59,0.678,0.659,0.769,0.257,0.641,0.121,0.698,0.436,0.719,0.552,0.654,0.683,0.771,0.639,0.736,0.652,0.698,0.774,0.896,0.771,0.785,0.684,0.524,0.407,0.837,0.744,0.814,0.743,0.266,0.386,0.771,0.806,0.605,0.582,0.642,0.881
AVGO,0.77,0.879,0.652,0.843,0.789,-0.629,0.546,0.812,0.394,-0.622,0.834,0.898,0.607,0.875,-0.465,0.754,0.788,-0.169,0.585,0.581,0.717,1.0,0.758,0.585,0.728,-0.16,0.31,0.271,0.491,0.639,0.65,0.746,0.083,0.683,0.085,-0.302,0.731,0.785,-0.349,0.74,0.545,0.865,0.417,0.739,0.608,0.209,0.747,0.758,0.762,0.815,0.74,0.647,0.69,0.725,0.508,0.628,0.612,0.778,0.163,0.729,-0.501,0.573,0.752,0.715,0.634,-0.424,0.785,0.842,0.662,0.602,0.744,-0.489,0.76,-0.474,0.796,-0.584,0.663,0.266,0.872,0.866,0.688,0.637,0.824,0.502,0.845,0.827,0.601,0.284,0.84,0.657,0.487,0.806,0.811,-0.485,0.735,0.55,0.773,0.826,0.676,0.84,0.619,0.706,0.787,0.007,0.833,0.746,0.764,0.077,0.726,0.667,-0.456,0.734,0.884,0.871,0.796,0.688,0.794,0.613,0.684,0.764,0.778,0.782,0.363,-0.441,0.692,0.882,0.823,0.773,0.897,0.438,0.804,0.483,0.739,-0.05,0.584,-0.146,-0.367,0.782,0.717,-0.674,0.825,0.827,0.348,0.098,0.641,0.643,0.91,0.591,0.706,0.796,0.601,0.577,0.676,0.375,0.296,0.597,-0.384,0.676,0.675,0.688,0.816,0.733,0.441,0.451,0.629,0.555,0.87,0.289,0.531,0.167,0.538,0.657,0.681,0.605,0.623,0.633,0.86,0.712,0.745,0.471,0.693,0.806,0.758,0.787,0.813,0.754,0.38,0.559,0.87,0.686,0.736,0.703,0.532,0.305,0.691,0.811,0.591,0.703,0.588,0.752
AZN,0.566,0.815,0.489,0.573,0.563,-0.38,0.425,0.736,0.042,-0.393,0.713,0.799,0.419,0.642,-0.112,0.662,0.845,-0.322,0.383,0.441,0.726,0.758,1.0,0.602,0.504,0.056,0.361,0.553,0.376,0.536,0.429,0.568,0.332,0.579,0.299,0.132,0.69,0.653,-0.521,0.724,0.776,0.766,0.38,0.79,0.564,-0.144,0.681,0.686,0.58,0.611,0.639,0.487,0.498,0.525,0.277,0.32,0.466,0.554,-0.055,0.483,-0.201,0.289,0.561,0.693,0.492,-0.114,0.62,0.71,0.542,0.547,0.644,-0.527,0.456,-0.412,0.573,-0.602,0.651,0.114,0.633,0.639,0.56,0.683,0.61,0.303,0.776,0.731,0.388,-0.14,0.772,0.542,0.573,0.734,0.563,-0.287,0.636,0.658,0.694,0.616,0.392,0.701,0.379,0.658,0.614,-0.074,0.817,0.464,0.632,0.18,0.53,0.492,-0.491,0.395,0.692,0.743,0.64,0.489,0.641,0.523,0.441,0.508,0.822,0.727,0.224,-0.543,0.643,0.779,0.87,0.621,0.715,0.467,0.817,0.578,0.648,0.324,0.371,0.238,-0.061,0.721,0.616,-0.602,0.64,0.803,0.326,0.343,0.585,0.365,0.739,0.408,0.566,0.635,0.432,0.348,0.488,0.134,0.007,0.436,-0.242,0.379,0.454,0.453,0.53,0.432,0.659,0.506,0.446,0.355,0.808,0.562,0.458,0.053,0.512,0.513,0.647,0.564,0.596,0.44,0.614,0.427,0.665,0.603,0.65,0.801,0.682,0.634,0.633,0.486,0.381,0.266,0.812,0.503,0.608,0.562,0.373,0.545,0.559,0.744,0.259,0.505,0.37,0.657
BCRX,0.583,0.606,0.676,0.486,0.579,-0.277,0.205,0.58,0.41,-0.358,0.543,0.715,0.365,0.565,-0.207,0.653,0.608,-0.322,0.518,0.56,0.77,0.585,0.602,1.0,0.395,0.025,0.611,0.485,0.674,0.66,0.535,0.614,0.475,0.7,0.238,0.109,0.685,0.597,-0.428,0.497,0.463,0.678,0.543,0.566,0.29,0.015,0.626,0.598,0.569,0.502,0.656,0.607,0.355,0.629,0.491,0.499,0.378,0.558,0.125,0.382,-0.221,0.531,0.464,0.677,0.612,-0.111,0.518,0.639,0.636,0.629,0.602,-0.446,0.446,-0.313,0.644,-0.407,0.725,0.081,0.566,0.58,0.598,0.67,0.557,0.524,0.653,0.628,0.623,0.341,0.588,0.556,0.5,0.596,0.583,-0.144,0.55,0.728,0.576,0.634,0.59,0.564,0.649,0.5,0.538,0.011,0.547,0.537,0.633,-0.025,0.584,0.41,-0.305,0.515,0.616,0.569,0.574,0.538,0.714,0.686,0.384,0.583,0.674,0.603,0.47,-0.434,0.721,0.608,0.607,0.621,0.57,0.733,0.6,0.471,0.596,0.211,0.658,0.122,0.012,0.588,0.679,-0.517,0.624,0.497,0.411,0.277,0.567,0.561,0.589,0.64,0.462,0.55,0.484,0.657,0.663,0.203,0.367,0.632,-0.361,0.37,0.431,0.702,0.457,0.36,0.37,0.55,0.618,0.511,0.569,0.377,0.702,0.286,0.577,0.342,0.645,0.39,0.642,0.656,0.576,0.496,0.551,0.572,0.623,0.557,0.557,0.601,0.668,0.474,0.541,0.289,0.666,0.514,0.567,0.702,0.078,0.594,0.534,0.657,0.532,0.513,0.404,0.681
BGC,0.596,0.642,0.557,0.722,0.613,-0.483,0.542,0.681,0.438,-0.359,0.634,0.593,0.551,0.755,-0.442,0.608,0.637,0.015,0.633,0.577,0.505,0.728,0.504,0.395,1.0,-0.192,0.128,0.085,0.426,0.573,0.545,0.539,0.045,0.627,0.279,-0.307,0.416,0.56,-0.173,0.623,0.318,0.625,0.519,0.518,0.453,0.271,0.568,0.615,0.65,0.665,0.579,0.603,0.55,0.557,0.428,0.604,0.613,0.662,0.21,0.586,-0.406,0.538,0.726,0.49,0.664,-0.341,0.646,0.654,0.547,0.453,0.628,-0.371,0.624,-0.325,0.6,-0.377,0.469,0.397,0.691,0.668,0.602,0.562,0.701,0.465,0.614,0.677,0.519,0.366,0.637,0.667,0.44,0.606,0.657,-0.313,0.592,0.269,0.626,0.607,0.539,0.799,0.468,0.568,0.692,0.129,0.704,0.615,0.609,0.201,0.539,0.687,-0.284,0.574,0.656,0.684,0.616,0.575,0.558,0.466,0.704,0.603,0.508,0.567,0.305,-0.302,0.467,0.683,0.604,0.627,0.707,0.445,0.584,0.358,0.613,-0.041,0.401,-0.125,-0.32,0.661,0.568,-0.484,0.724,0.691,0.391,-0.009,0.626,0.571,0.668,0.568,0.631,0.646,0.607,0.433,0.504,0.561,0.279,0.498,-0.246,0.645,0.675,0.55,0.625,0.642,0.368,0.512,0.455,0.553,0.618,0.184,0.517,0.172,0.548,0.602,0.581,0.554,0.656,0.485,0.635,0.594,0.693,0.383,0.592,0.636,0.59,0.586,0.601,0.608,0.333,0.632,0.626,0.609,0.652,0.518,0.542,0.304,0.609,0.592,0.457,0.708,0.571,0.49
BIDU,-0.204,-0.165,-0.066,-0.305,-0.156,0.193,-0.453,-0.077,-0.283,0.152,-0.062,-0.141,-0.37,-0.214,0.558,-0.287,0.102,-0.18,-0.344,-0.346,-0.129,-0.16,0.056,0.025,-0.192,1.0,0.546,0.364,0.119,-0.236,-0.262,0.006,0.322,-0.083,0.278,0.485,-0.123,-0.132,-0.052,-0.31,0.084,-0.238,0.214,0.233,-0.358,-0.364,-0.198,-0.201,-0.242,-0.245,0.076,-0.357,-0.404,-0.267,-0.161,-0.115,-0.004,-0.205,-0.013,-0.134,0.2,-0.232,-0.282,-0.286,-0.341,0.385,-0.34,-0.212,-0.234,-0.025,-0.176,0.357,-0.233,0.757,-0.289,0.206,-0.126,-0.489,-0.185,-0.179,-0.191,0.007,-0.228,-0.25,-0.213,-0.207,-0.224,-0.097,-0.104,-0.29,0.513,-0.3,-0.184,0.75,-0.312,0.12,-0.038,-0.198,-0.257,-0.166,-0.283,-0.289,-0.183,-0.104,-0.191,-0.085,-0.276,0.519,-0.081,-0.263,0.616,-0.219,-0.073,-0.198,-0.163,-0.196,-0.167,0.036,-0.34,-0.223,0.04,-0.16,0.38,0.05,-0.122,-0.134,-0.161,-0.126,-0.151,0.251,-0.04,0.186,-0.194,0.45,-0.124,0.468,0.521,-0.061,-0.235,0.523,-0.246,-0.239,0.447,0.308,-0.167,-0.241,-0.114,-0.23,-0.381,-0.228,-0.316,-0.209,-0.245,-0.389,-0.024,-0.017,0.053,-0.252,-0.362,-0.2,-0.166,-0.217,0.221,0.114,-0.318,-0.055,-0.041,0.619,0.021,0.642,0.052,-0.01,-0.247,-0.483,-0.294,-0.192,-0.085,-0.279,-0.275,-0.263,-0.24,-0.131,-0.184,-0.239,-0.282,-0.288,0.231,-0.067,-0.074,-0.393,-0.228,-0.056,-0.337,0.1,-0.146,-0.263,-0.05,-0.316,-0.322,-0.137
BILI,0.238,0.377,0.362,0.229,0.271,-0.228,-0.16,0.294,0.082,-0.214,0.286,0.415,0.016,0.237,0.073,0.214,0.406,-0.375,0.136,0.164,0.519,0.31,0.361,0.611,0.128,0.546,1.0,0.512,0.435,0.242,0.296,0.413,0.377,0.356,0.232,0.195,0.294,0.475,-0.395,0.087,0.41,0.424,0.393,0.456,0.002,-0.222,0.287,0.254,0.199,0.199,0.475,0.136,0.094,0.421,0.196,0.182,0.347,0.336,-0.011,0.238,-0.112,0.141,0.201,0.205,0.15,0.001,0.197,0.254,0.256,0.28,0.296,-0.154,0.134,0.251,0.324,-0.226,0.355,-0.216,0.341,0.318,0.326,0.372,0.292,0.176,0.409,0.339,0.252,0.149,0.376,0.171,0.697,0.226,0.286,0.336,0.185,0.64,0.383,0.295,0.355,0.243,0.275,0.149,0.234,-0.161,0.303,0.335,0.193,0.321,0.252,0.031,0.134,0.227,0.394,0.279,0.301,0.282,0.434,0.468,0.033,0.243,0.388,0.357,0.625,-0.35,0.331,0.373,0.339,0.323,0.284,0.554,0.371,0.347,0.193,0.286,0.297,0.198,0.197,0.391,0.441,-0.06,0.259,0.211,0.479,0.293,0.289,0.186,0.369,0.262,0.158,0.29,0.145,0.307,0.261,-0.147,0.176,0.566,-0.257,0.091,0.1,0.308,0.223,0.131,0.239,0.388,0.164,0.315,0.334,0.563,0.38,0.594,0.444,0.234,0.176,-0.032,0.145,0.235,0.379,0.142,0.227,0.207,0.218,0.288,0.401,0.258,0.284,0.193,0.496,0.23,0.386,0.13,0.257,0.341,-0.162,0.239,0.311,0.245,0.329,0.124,0.138,0.466
BKR,0.129,0.379,0.098,0.059,0.204,0.018,-0.042,0.277,-0.139,-0.096,0.219,0.283,-0.16,0.137,0.418,0.2,0.442,-0.257,-0.017,-0.009,0.427,0.271,0.553,0.485,0.085,0.364,0.512,1.0,0.101,0.004,0.056,0.204,0.545,0.217,0.342,0.636,0.353,0.287,-0.393,0.241,0.588,0.257,0.181,0.489,0.308,-0.305,0.289,0.155,0.111,0.153,0.257,-0.038,0.031,0.09,-0.038,-0.062,0.076,0.171,-0.095,0.074,0.298,-0.14,0.142,0.157,0.065,0.444,0.123,0.188,0.167,0.255,0.116,-0.256,-0.002,-0.02,0.156,-0.161,0.289,-0.255,0.153,0.122,0.162,0.261,0.163,-0.083,0.287,0.371,-0.039,-0.254,0.288,0.158,0.413,0.259,0.084,0.159,0.274,0.676,0.277,0.143,0.0,0.218,0.0,0.284,0.177,0.007,0.341,0.042,0.13,0.155,0.153,-0.016,-0.088,0.037,0.282,0.176,0.186,0.016,0.191,0.316,0.028,0.023,0.418,0.233,0.288,-0.309,0.28,0.244,0.421,0.124,0.179,0.324,0.341,0.534,0.236,0.666,-0.024,0.661,0.437,0.283,0.239,-0.119,0.158,0.312,0.157,0.71,0.147,-0.032,0.306,0.027,0.12,0.155,0.012,0.011,0.024,-0.089,-0.135,0.117,0.087,-0.129,0.065,0.054,0.089,-0.111,0.549,0.204,-0.054,0.064,0.379,0.625,0.106,0.16,0.249,0.07,0.114,0.259,0.183,-0.03,0.258,0.035,0.1,0.206,0.248,0.335,0.276,0.221,0.092,0.078,0.284,-0.2,0.327,0.022,0.157,0.144,-0.101,0.482,0.162,0.238,-0.055,0.03,-0.119,0.248
BLDP,0.668,0.418,0.792,0.534,0.616,-0.43,0.088,0.637,0.524,-0.516,0.635,0.616,0.299,0.579,-0.421,0.697,0.552,-0.409,0.676,0.668,0.608,0.491,0.376,0.674,0.426,0.119,0.435,0.101,1.0,0.848,0.708,0.721,0.316,0.796,0.287,-0.141,0.707,0.497,-0.468,0.386,0.119,0.556,0.779,0.587,0.18,0.103,0.579,0.61,0.629,0.583,0.76,0.75,0.341,0.591,0.696,0.588,0.487,0.573,0.248,0.506,-0.568,0.786,0.408,0.589,0.766,-0.3,0.53,0.652,0.688,0.478,0.645,-0.382,0.522,-0.19,0.562,-0.453,0.795,-0.0,0.531,0.569,0.734,0.742,0.53,0.773,0.483,0.56,0.803,0.56,0.543,0.534,0.536,0.437,0.667,-0.067,0.474,0.437,0.636,0.696,0.628,0.48,0.771,0.356,0.532,-0.125,0.39,0.641,0.728,0.327,0.436,0.294,-0.216,0.608,0.569,0.521,0.636,0.692,0.659,0.791,0.424,0.657,0.654,0.617,0.523,-0.538,0.789,0.554,0.436,0.752,0.567,0.712,0.549,0.241,0.644,-0.008,0.843,-0.16,-0.132,0.612,0.596,-0.461,0.648,0.24,0.733,-0.028,0.587,0.742,0.533,0.799,0.524,0.608,0.694,0.83,0.808,0.242,0.597,0.668,-0.449,0.414,0.579,0.668,0.56,0.539,0.212,0.731,0.79,0.76,0.535,0.237,0.765,0.473,0.771,0.33,0.708,0.21,0.663,0.854,0.566,0.542,0.636,0.521,0.619,0.484,0.477,0.583,0.613,0.513,0.636,0.535,0.604,0.562,0.664,0.851,0.05,0.441,0.583,0.615,0.624,0.547,0.546,0.663
BLNK,0.772,0.627,0.807,0.729,0.715,-0.508,0.419,0.723,0.56,-0.456,0.713,0.745,0.591,0.756,-0.637,0.833,0.606,-0.359,0.816,0.772,0.695,0.639,0.536,0.66,0.573,-0.236,0.242,0.004,0.848,1.0,0.808,0.78,0.093,0.848,0.176,-0.335,0.766,0.64,-0.444,0.634,0.193,0.753,0.681,0.581,0.388,0.171,0.699,0.831,0.759,0.722,0.749,0.927,0.581,0.734,0.748,0.622,0.576,0.712,0.168,0.631,-0.667,0.844,0.597,0.823,0.882,-0.502,0.725,0.829,0.78,0.541,0.83,-0.52,0.671,-0.469,0.706,-0.556,0.843,0.25,0.7,0.737,0.858,0.826,0.703,0.855,0.693,0.687,0.876,0.444,0.724,0.729,0.431,0.648,0.769,-0.385,0.64,0.364,0.709,0.822,0.745,0.654,0.875,0.551,0.691,-0.085,0.597,0.743,0.871,0.143,0.523,0.537,-0.484,0.637,0.67,0.735,0.769,0.77,0.822,0.716,0.592,0.781,0.722,0.733,0.35,-0.577,0.841,0.702,0.618,0.82,0.761,0.613,0.622,0.265,0.721,-0.169,0.875,-0.327,-0.399,0.694,0.755,-0.667,0.796,0.504,0.552,-0.199,0.742,0.858,0.68,0.88,0.724,0.726,0.808,0.871,0.919,0.398,0.512,0.697,-0.491,0.567,0.736,0.759,0.653,0.667,0.242,0.682,0.896,0.724,0.67,0.102,0.817,0.22,0.731,0.449,0.898,0.447,0.798,0.936,0.687,0.636,0.819,0.745,0.763,0.683,0.626,0.753,0.787,0.646,0.496,0.641,0.729,0.765,0.793,0.891,0.336,0.426,0.67,0.813,0.602,0.742,0.676,0.751
BYND,0.816,0.662,0.772,0.78,0.694,-0.66,0.311,0.762,0.56,-0.65,0.71,0.708,0.552,0.789,-0.68,0.775,0.564,-0.446,0.815,0.692,0.737,0.65,0.429,0.535,0.545,-0.262,0.296,0.056,0.708,0.808,1.0,0.772,-0.029,0.788,0.0,-0.493,0.752,0.757,-0.444,0.572,0.217,0.777,0.497,0.528,0.389,0.262,0.709,0.758,0.763,0.835,0.762,0.798,0.66,0.813,0.737,0.584,0.651,0.83,0.154,0.683,-0.675,0.836,0.612,0.739,0.802,-0.589,0.842,0.766,0.636,0.518,0.804,-0.584,0.748,-0.458,0.717,-0.516,0.785,0.202,0.792,0.796,0.823,0.57,0.742,0.802,0.686,0.739,0.767,0.436,0.77,0.794,0.485,0.759,0.763,-0.457,0.714,0.503,0.716,0.849,0.777,0.633,0.88,0.583,0.658,-0.172,0.663,0.779,0.849,0.029,0.548,0.405,-0.515,0.754,0.7,0.758,0.869,0.817,0.796,0.777,0.6,0.783,0.678,0.76,0.421,-0.583,0.764,0.682,0.633,0.789,0.757,0.549,0.597,0.094,0.653,-0.274,0.802,-0.477,-0.453,0.765,0.732,-0.676,0.849,0.514,0.362,-0.205,0.666,0.813,0.725,0.825,0.827,0.874,0.878,0.859,0.846,0.381,0.41,0.713,-0.592,0.546,0.794,0.651,0.82,0.705,0.069,0.499,0.843,0.829,0.657,0.008,0.72,0.219,0.667,0.354,0.735,0.446,0.621,0.798,0.764,0.634,0.791,0.593,0.712,0.663,0.751,0.699,0.8,0.743,0.501,0.622,0.694,0.774,0.828,0.777,0.35,0.158,0.725,0.69,0.646,0.586,0.75,0.798
