,AAL,AAPL,ABUS,ADBE,ADI,ADMA,AEP,AGNC,AKBA,ALT,AMAT,AMD,AMGN,AMZN,APA,APPS,ARCC,ARDX,ATER,ATOS,AUPH,AVGO,AZN,BCRX,BGC,BIDU,BILI,BKR,BLDP,BLNK,BYND,CAN,CELH,CG,CGC,CHRD,CLNE,CMCSA,COMM,COST,CPB,CPRT,CRON,CRWD,CSCO,CSGP,CSX,CTSH,CZR,DBX,DDOG,DKNG,DLTR,DOCU,DVAX,DXCM,EA,EBAY,ENPH,ERIC,ESPR,ETSY,EXC,EXEL,EXPE,FANG,FAST,FITB,FLEX,FOLD,FOXA,FSLR,FTNT,FUTU,GEN,GERN,GEVO,GILD,GOOG,GOOGL,GPRO,GT,HBAN,HIVE,HON,HST,HUT,IBRX,INTC,IOVA,IQ,IRWD,JBLU,JD,KDP,KHC,LBTYK,LRCX,LYFT,MAR,MARA,MAT,MCHP,MCRB,MDLZ,META,MGNI,MLCO,MNKD,MNST,MOMO,MRNA,MRVL,MSFT,MSTR,MTCH,MU,MVIS,NDAQ,NFLX,NKTR,NNDM,NTES,NTNX,NVAX,NVDA,NWL,NWSA,NXPI,OCGN,OKTA,ON,OPK,PAA,PACB,PAGP,PANW,PARA,PCAR,PDD,PENN,PEP,PLUG,PTEN,PTON,PYPL,QCOM,QUBT,QVCGA,RDFN,REAL,RIOT,ROKU,ROST,RUN,SABR,SAVA,SBUX,SFIX,SGMO,SIRI,SLM,SMCI,SNDL,SONO,STNE,STX,TCOM,TGTX,TIGR,TLRY,TMUS,TRIP,TSCO,TSLA,TTD,TXN,UAL,UNIT,VERU,VKTX,VLY,VOD,VTRS,VXRT,WBA,WBD,WDAY,WDC,WEN,WW,WYNN,XEL,XP,XRAY,XRX,Z,ZION,ZM,ZS
AAL,1.0,0.775,0.084,0.078,0.485,-0.459,0.429,-0.569,-0.501,-0.48,0.587,0.798,0.77,0.741,0.202,0.788,0.491,-0.473,0.689,0.683,0.693,-0.283,0.224,0.451,0.629,0.022,-0.455,0.009,0.561,0.692,0.388,0.725,0.544,0.586,0.706,0.53,0.652,0.579,0.779,0.672,-0.538,0.806,0.629,0.536,0.687,0.648,0.485,0.774,0.731,0.291,0.048,0.868,0.649,-0.44,0.607,0.388,0.773,0.741,0.499,0.686,0.337,0.46,-0.273,0.661,0.742,0.544,0.837,0.705,0.086,0.368,0.656,0.368,0.522,0.016,0.677,0.652,0.634,0.481,0.797,0.799,0.776,0.783,0.785,0.683,0.612,0.731,0.819,0.135,0.824,0.458,-0.555,-0.268,0.93,0.037,0.756,-0.414,0.702,0.598,0.405,0.784,0.871,0.721,0.739,0.683,0.489,0.095,0.306,-0.519,-0.632,0.311,-0.618,-0.426,0.755,0.549,0.603,0.731,0.674,0.761,0.781,0.461,0.663,-0.183,-0.408,0.204,0.723,0.464,0.151,0.604,0.641,0.561,-0.296,0.773,0.715,0.644,0.617,0.645,0.731,0.702,0.545,-0.164,0.771,0.464,0.657,0.283,0.59,0.772,0.753,0.791,0.725,0.625,0.651,0.799,0.729,0.634,0.653,0.187,0.083,0.624,0.707,0.708,0.758,0.691,0.589,0.714,0.533,0.706,0.374,-0.514,0.075,0.429,0.675,0.728,0.748,0.585,0.738,0.715,0.769,0.928,0.673,0.672,-0.633,0.596,0.835,0.316,0.634,0.751,0.737,-0.141,0.722,-0.061,0.66,0.265,-0.066,0.703,-0.245,0.708,0.642,0.535,0.667,0.627
AAPL,0.775,1.0,0.36,0.341,0.729,-0.418,0.515,-0.408,-0.457,-0.389,0.77,0.812,0.867,0.912,0.249,0.893,0.465,-0.441,0.842,0.657,0.824,-0.063,0.427,0.554,0.775,0.299,-0.341,0.217,0.801,0.812,0.49,0.884,0.642,0.659,0.633,0.48,0.766,0.727,0.863,0.668,-0.481,0.915,0.586,0.659,0.937,0.911,0.714,0.871,0.841,0.567,0.132,0.908,0.829,-0.304,0.686,0.647,0.895,0.934,0.697,0.872,0.206,0.636,-0.165,0.815,0.801,0.595,0.89,0.621,0.295,0.632,0.85,0.561,0.838,0.163,0.894,0.798,0.712,0.767,0.931,0.934,0.908,0.865,0.714,0.863,0.708,0.811,0.762,0.306,0.952,0.516,-0.54,-0.041,0.791,0.182,0.926,-0.215,0.826,0.741,0.628,0.954,0.791,0.864,0.926,0.885,0.667,0.355,0.497,-0.447,-0.424,0.513,-0.528,-0.41,0.846,0.829,0.804,0.88,0.798,0.877,0.854,0.674,0.711,-0.097,-0.146,0.476,0.889,0.585,0.414,0.758,0.829,0.798,-0.13,0.863,0.871,0.745,0.813,0.622,0.834,0.857,0.628,0.031,0.865,0.707,0.781,0.405,0.648,0.796,0.923,0.728,0.924,0.712,0.76,0.877,0.823,0.824,0.857,0.4,0.175,0.841,0.701,0.905,0.862,0.828,0.597,0.671,0.809,0.598,0.644,-0.421,0.275,0.549,0.646,0.763,0.777,0.686,0.749,0.909,0.938,0.768,0.637,0.63,-0.67,0.612,0.784,0.571,0.862,0.916,0.942,0.1,0.844,0.142,0.659,0.482,0.14,0.607,0.007,0.86,0.814,0.551,0.843,0.64
ABUS,0.084,0.36,1.0,0.194,0.585,0.24,0.5,-0.079,0.247,-0.25,0.582,0.01,0.18,0.267,-0.362,0.202,-0.036,-0.11,0.373,-0.11,0.046,0.318,0.593,-0.259,0.374,0.593,0.348,-0.145,0.373,0.256,0.503,0.33,0.437,0.005,-0.11,-0.305,0.09,0.188,0.188,0.033,0.304,0.102,-0.06,0.263,0.382,0.451,0.385,0.074,0.412,0.36,0.417,0.218,0.158,0.271,-0.111,0.593,0.056,0.329,0.417,0.402,-0.441,0.076,0.216,0.014,0.006,-0.192,0.314,-0.179,0.605,0.404,0.243,-0.184,0.587,0.545,0.282,0.648,0.111,0.639,0.141,0.153,0.21,0.22,-0.174,0.261,-0.102,0.189,0.051,0.762,0.271,0.218,-0.059,0.065,0.086,0.303,0.219,0.256,-0.005,0.417,0.561,0.39,0.016,0.056,0.403,0.365,0.183,0.225,0.244,0.351,0.085,-0.144,0.184,0.137,0.271,0.534,0.479,0.172,0.331,0.303,0.013,0.371,0.31,-0.125,0.357,0.74,0.375,0.568,0.762,-0.022,0.482,0.488,0.339,0.227,0.195,-0.059,0.137,-0.266,0.135,0.252,-0.187,0.503,0.305,0.173,0.234,-0.189,0.38,0.131,0.316,0.032,0.293,0.154,0.259,0.144,0.092,0.189,0.498,0.407,0.591,0.38,0.439,0.481,0.203,0.063,0.061,0.043,0.636,-0.298,0.665,0.219,0.235,0.398,0.004,-0.065,-0.03,-0.124,0.136,0.292,0.425,0.087,-0.189,0.094,-0.474,-0.209,0.002,0.446,0.429,0.306,0.386,0.446,0.363,0.588,0.277,0.585,0.412,-0.276,0.087,0.377,0.341,-0.259,0.306,0.043
ADBE,0.078,0.341,0.194,1.0,0.597,0.205,0.295,0.46,0.337,0.282,0.37,0.218,0.078,0.421,0.375,0.361,0.384,0.157,0.137,-0.069,0.31,0.638,0.28,0.34,0.097,0.221,0.045,0.55,0.311,0.122,0.104,0.19,0.25,0.501,-0.041,0.174,0.272,0.618,0.234,0.091,0.139,0.279,-0.003,0.03,0.478,0.388,0.578,0.253,0.255,0.712,0.487,0.168,0.261,0.409,0.162,0.258,0.24,0.286,0.185,0.25,-0.135,0.403,0.299,0.234,0.214,0.236,0.228,0.193,0.516,0.454,0.434,0.34,0.47,0.033,0.173,0.213,0.352,0.406,0.324,0.322,0.263,0.336,0.134,0.262,0.433,0.155,0.075,0.302,0.276,-0.11,0.123,0.589,0.022,0.018,0.214,0.338,0.303,0.338,0.476,0.322,0.03,0.28,0.366,0.2,0.427,0.738,0.389,0.092,0.428,0.486,0.17,0.269,0.317,0.605,0.186,0.369,0.177,0.156,0.18,0.37,-0.073,0.41,0.307,0.241,0.113,0.389,0.465,0.335,0.48,0.361,0.408,0.22,0.126,0.191,0.449,0.124,0.085,0.326,0.29,0.104,0.269,0.584,0.269,0.445,0.025,0.162,0.361,-0.02,0.213,0.241,0.028,0.219,0.141,0.387,0.293,0.479,0.137,0.257,0.09,0.274,0.185,0.469,0.162,-0.032,0.405,0.016,0.448,0.246,0.444,0.048,-0.035,0.098,0.286,0.225,-0.008,0.481,0.322,-0.006,0.12,-0.103,0.048,0.313,0.093,0.442,0.208,0.22,0.267,0.475,0.25,0.325,0.05,0.19,0.611,0.039,0.569,0.364,0.391,0.33,0.393,0.195
ADI,0.485,0.729,0.585,0.597,1.0,0.092,0.751,-0.046,0.083,-0.266,0.864,0.542,0.469,0.686,0.093,0.66,0.402,-0.226,0.557,0.172,0.457,0.464,0.734,0.185,0.639,0.536,0.137,0.235,0.588,0.508,0.619,0.621,0.737,0.581,0.251,0.113,0.446,0.704,0.49,0.345,0.043,0.573,0.233,0.408,0.834,0.787,0.766,0.531,0.724,0.711,0.603,0.6,0.488,0.213,0.327,0.743,0.518,0.684,0.645,0.751,-0.233,0.578,0.29,0.356,0.384,0.171,0.7,0.284,0.76,0.627,0.66,0.193,0.843,0.435,0.638,0.642,0.478,0.801,0.621,0.621,0.611,0.641,0.291,0.582,0.493,0.519,0.444,0.639,0.691,0.332,-0.168,0.263,0.436,0.316,0.6,0.218,0.491,0.787,0.794,0.723,0.402,0.44,0.816,0.592,0.618,0.57,0.579,0.095,-0.029,0.365,-0.017,-0.015,0.667,0.908,0.705,0.594,0.644,0.533,0.466,0.756,0.403,-0.013,0.122,0.676,0.614,0.83,0.774,0.486,0.888,0.647,0.37,0.616,0.46,0.322,0.593,0.215,0.478,0.651,0.366,0.398,0.634,0.735,0.516,0.221,0.532,0.497,0.762,0.347,0.565,0.567,0.425,0.537,0.501,0.679,0.659,0.715,0.547,0.72,0.555,0.641,0.527,0.605,0.411,0.31,0.815,0.17,0.884,0.025,0.456,0.544,0.292,0.293,0.408,0.32,0.349,0.744,0.813,0.432,0.173,0.314,-0.511,0.285,0.406,0.655,0.541,0.667,0.642,0.586,0.7,0.567,0.474,0.613,0.608,0.163,0.262,0.73,0.687,0.234,0.745,0.412
ADMA,-0.459,-0.418,0.24,0.205,0.092,1.0,0.249,0.526,0.728,0.346,-0.076,-0.455,-0.534,-0.404,-0.09,-0.434,-0.154,0.406,-0.537,-0.54,-0.56,0.62,0.285,-0.467,-0.31,0.305,0.687,0.009,-0.435,-0.49,0.144,-0.484,-0.001,-0.262,-0.603,-0.38,-0.598,-0.075,-0.503,-0.47,0.87,-0.47,-0.627,-0.379,-0.264,-0.263,-0.047,-0.473,-0.336,0.062,0.47,-0.473,-0.487,0.672,-0.48,0.074,-0.525,-0.438,-0.186,-0.239,-0.393,-0.225,0.485,-0.58,-0.45,-0.533,-0.346,-0.356,0.524,-0.175,-0.281,-0.507,-0.138,0.215,-0.43,-0.251,-0.459,-0.043,-0.479,-0.482,-0.462,-0.447,-0.477,-0.538,-0.269,-0.453,-0.504,0.344,-0.465,-0.365,0.624,0.455,-0.539,0.178,-0.437,0.592,-0.451,-0.18,0.062,-0.398,-0.557,-0.558,-0.311,-0.398,-0.081,0.134,-0.087,0.769,0.624,-0.306,0.756,0.555,-0.42,-0.088,-0.314,-0.461,-0.406,-0.53,-0.49,0.028,-0.54,0.048,0.585,0.039,-0.404,0.127,0.412,-0.404,-0.078,-0.319,0.501,-0.461,-0.603,-0.585,-0.389,-0.531,-0.589,-0.331,-0.348,0.424,-0.465,-0.089,-0.472,-0.234,-0.364,-0.377,-0.368,-0.567,-0.537,-0.439,-0.591,-0.5,-0.51,-0.323,-0.394,0.267,0.42,-0.297,-0.23,-0.443,-0.526,-0.37,-0.285,-0.642,-0.104,-0.546,0.195,0.603,0.189,-0.086,-0.602,-0.651,-0.389,-0.49,-0.643,-0.294,-0.332,-0.496,-0.5,-0.443,0.318,-0.322,-0.544,-0.025,-0.444,-0.43,-0.421,0.435,-0.271,0.446,-0.303,-0.003,0.524,-0.572,0.377,-0.23,-0.396,-0.322,-0.346,-0.449
AEP,0.429,0.515,0.5,0.295,0.751,0.249,1.0,-0.072,0.082,-0.196,0.611,0.365,0.357,0.456,0.006,0.389,0.316,-0.095,0.349,0.155,0.163,0.321,0.781,0.053,0.564,0.517,0.259,0.061,0.289,0.26,0.641,0.392,0.695,0.383,0.131,0.026,0.14,0.526,0.351,0.265,0.277,0.412,0.028,0.224,0.633,0.611,0.594,0.378,0.531,0.463,0.399,0.408,0.323,0.116,0.156,0.661,0.331,0.51,0.439,0.658,-0.169,0.318,0.456,0.155,0.304,0.005,0.591,0.238,0.669,0.391,0.503,-0.095,0.601,0.402,0.466,0.543,0.187,0.693,0.418,0.44,0.499,0.4,0.219,0.261,0.39,0.379,0.298,0.446,0.479,0.229,-0.076,0.208,0.35,0.307,0.498,0.317,0.344,0.536,0.497,0.546,0.261,0.304,0.605,0.406,0.664,0.28,0.252,0.223,-0.094,0.151,0.017,-0.074,0.451,0.63,0.503,0.367,0.478,0.345,0.372,0.647,0.21,-0.169,0.147,0.451,0.573,0.553,0.741,0.373,0.637,0.359,0.276,0.457,0.274,0.216,0.239,0.154,0.291,0.462,0.333,0.34,0.428,0.584,0.304,0.048,0.362,0.452,0.525,0.254,0.442,0.167,0.237,0.318,0.282,0.533,0.398,0.427,0.48,0.577,0.564,0.381,0.39,0.502,0.412,0.162,0.534,0.052,0.79,0.011,0.287,0.486,0.158,0.15,0.307,0.247,0.152,0.5,0.581,0.401,0.096,0.315,-0.424,0.206,0.341,0.519,0.3,0.464,0.488,0.368,0.597,0.575,0.512,0.495,0.655,0.066,0.187,0.558,0.387,0.174,0.451,0.249
AGNC,-0.569,-0.408,-0.079,0.46,-0.046,0.526,-0.072,1.0,0.657,0.82,-0.306,-0.458,-0.518,-0.359,0.274,-0.385,-0.064,0.679,-0.542,-0.657,-0.345,0.67,0.014,-0.135,-0.532,0.132,0.326,0.442,-0.425,-0.573,-0.399,-0.498,-0.31,-0.154,-0.599,-0.235,-0.383,0.036,-0.447,-0.496,0.51,-0.413,-0.604,-0.506,-0.247,-0.308,-0.064,-0.419,-0.485,0.071,0.159,-0.506,-0.414,0.543,-0.399,-0.227,-0.443,-0.466,-0.311,-0.365,-0.332,-0.086,0.53,-0.373,-0.469,-0.202,-0.43,-0.328,0.187,-0.092,-0.23,-0.081,-0.244,-0.054,-0.487,-0.407,-0.333,-0.182,-0.419,-0.437,-0.387,-0.379,-0.387,-0.472,-0.061,-0.475,-0.634,0.034,-0.457,-0.479,0.678,0.671,-0.629,0.003,-0.414,0.674,-0.311,-0.359,-0.153,-0.462,-0.581,-0.35,-0.394,-0.489,0.02,0.354,-0.115,0.358,0.836,0.138,0.526,0.668,-0.392,-0.128,-0.472,-0.374,-0.473,-0.507,-0.485,-0.137,-0.701,0.434,0.621,-0.199,-0.515,-0.204,0.149,-0.227,-0.268,-0.359,0.441,-0.479,-0.553,-0.372,-0.295,-0.316,-0.577,-0.385,-0.071,0.085,-0.458,0.05,-0.409,0.135,-0.513,-0.482,-0.391,-0.584,-0.476,-0.391,-0.567,-0.462,-0.568,-0.215,-0.387,0.063,-0.119,-0.348,-0.572,-0.479,-0.488,-0.152,-0.277,-0.584,-0.254,-0.508,-0.06,0.606,0.306,-0.353,-0.603,-0.473,-0.446,-0.198,-0.615,-0.267,-0.426,-0.596,-0.494,-0.579,0.651,-0.189,-0.542,-0.01,-0.476,-0.469,-0.462,0.282,-0.474,0.309,-0.443,-0.235,0.51,-0.406,0.697,-0.347,-0.361,-0.104,-0.373,-0.432
AKBA,-0.501,-0.457,0.247,0.337,0.083,0.728,0.082,0.657,1.0,0.392,-0.113,-0.519,-0.602,-0.386,0.01,-0.415,-0.185,0.489,-0.519,-0.697,-0.511,0.73,0.245,-0.417,-0.459,0.246,0.532,0.201,-0.288,-0.479,-0.183,-0.476,-0.186,-0.211,-0.604,-0.404,-0.458,-0.14,-0.502,-0.602,0.741,-0.532,-0.588,-0.44,-0.296,-0.33,-0.032,-0.527,-0.333,0.212,0.51,-0.508,-0.479,0.768,-0.509,-0.072,-0.57,-0.466,-0.232,-0.328,-0.393,-0.226,0.587,-0.535,-0.546,-0.417,-0.457,-0.438,0.484,-0.0,-0.327,-0.319,-0.158,0.22,-0.49,-0.208,-0.291,-0.099,-0.452,-0.468,-0.532,-0.379,-0.565,-0.475,-0.347,-0.545,-0.555,0.458,-0.48,-0.4,0.618,0.581,-0.548,0.06,-0.553,0.575,-0.538,-0.205,0.143,-0.429,-0.593,-0.525,-0.367,-0.502,-0.161,0.343,-0.129,0.662,0.733,-0.197,0.656,0.796,-0.443,0.011,-0.349,-0.446,-0.508,-0.566,-0.524,-0.156,-0.611,0.432,0.553,0.089,-0.525,0.09,0.318,-0.434,-0.174,-0.185,0.58,-0.518,-0.651,-0.539,-0.374,-0.503,-0.639,-0.355,-0.419,0.339,-0.405,-0.156,-0.302,-0.118,-0.373,-0.527,-0.351,-0.604,-0.544,-0.296,-0.591,-0.497,-0.576,-0.355,-0.26,0.147,0.328,-0.371,-0.31,-0.436,-0.566,-0.406,-0.447,-0.638,-0.072,-0.618,0.072,0.777,0.262,-0.247,-0.584,-0.591,-0.462,-0.541,-0.638,-0.279,-0.362,-0.541,-0.539,-0.598,0.418,-0.44,-0.501,0.124,-0.39,-0.503,-0.461,0.5,-0.439,0.476,-0.457,-0.042,0.516,-0.573,0.548,-0.242,-0.236,-0.383,-0.353,-0.499
ALT,-0.48,-0.389,-0.25,0.282,-0.266,0.346,-0.196,0.82,0.392,1.0,-0.466,-0.476,-0.408,-0.415,0.288,-0.409,-0.106,0.79,-0.5,-0.498,-0.287,0.367,-0.139,-0.084,-0.498,0.103,0.203,0.359,-0.499,-0.496,-0.471,-0.478,-0.345,-0.159,-0.502,-0.159,-0.415,-0.036,-0.388,-0.462,0.328,-0.366,-0.477,-0.554,-0.283,-0.299,-0.258,-0.36,-0.546,-0.147,-0.215,-0.496,-0.35,0.256,-0.322,-0.283,-0.324,-0.494,-0.39,-0.363,-0.092,-0.06,0.428,-0.202,-0.392,-0.127,-0.444,-0.335,-0.072,-0.102,-0.207,-0.041,-0.372,-0.188,-0.449,-0.402,-0.344,-0.254,-0.386,-0.391,-0.304,-0.415,-0.286,-0.492,-0.001,-0.47,-0.592,-0.209,-0.47,-0.343,0.639,0.598,-0.547,0.006,-0.376,0.606,-0.222,-0.504,-0.408,-0.467,-0.527,-0.246,-0.439,-0.449,0.099,0.217,-0.193,0.223,0.747,0.168,0.351,0.445,-0.473,-0.286,-0.556,-0.376,-0.495,-0.4,-0.398,-0.193,-0.632,0.273,0.502,-0.357,-0.472,-0.448,-0.065,-0.144,-0.425,-0.458,0.268,-0.488,-0.47,-0.263,-0.311,-0.24,-0.505,-0.437,-0.012,-0.057,-0.437,-0.024,-0.478,0.083,-0.577,-0.499,-0.439,-0.537,-0.388,-0.465,-0.476,-0.412,-0.558,-0.211,-0.476,-0.129,-0.358,-0.34,-0.564,-0.475,-0.464,-0.142,-0.255,-0.44,-0.335,-0.354,-0.265,0.409,0.201,-0.362,-0.495,-0.336,-0.382,-0.112,-0.532,-0.342,-0.48,-0.473,-0.343,-0.393,0.737,-0.179,-0.512,-0.209,-0.476,-0.474,-0.425,-0.002,-0.528,0.164,-0.387,-0.274,0.248,-0.253,0.549,-0.369,-0.421,-0.022,-0.484,-0.508
AMAT,0.587,0.77,0.582,0.37,0.864,-0.076,0.611,-0.306,-0.113,-0.466,1.0,0.629,0.567,0.732,-0.057,0.704,0.326,-0.463,0.696,0.344,0.509,0.217,0.537,0.152,0.621,0.372,-0.085,0.092,0.699,0.692,0.647,0.732,0.65,0.427,0.315,0.109,0.553,0.566,0.607,0.413,-0.106,0.606,0.307,0.545,0.794,0.751,0.646,0.552,0.856,0.582,0.484,0.692,0.499,0.009,0.405,0.696,0.548,0.743,0.672,0.685,-0.092,0.525,0.012,0.407,0.516,0.22,0.706,0.308,0.569,0.56,0.566,0.231,0.824,0.331,0.681,0.678,0.522,0.741,0.666,0.67,0.635,0.736,0.335,0.707,0.414,0.657,0.512,0.584,0.789,0.378,-0.424,-0.034,0.555,0.207,0.639,-0.024,0.491,0.94,0.756,0.768,0.502,0.46,0.892,0.689,0.453,0.35,0.523,-0.087,-0.238,0.255,-0.201,-0.134,0.711,0.847,0.744,0.617,0.807,0.715,0.504,0.625,0.598,-0.107,-0.056,0.722,0.667,0.88,0.597,0.407,0.895,0.728,0.146,0.725,0.571,0.354,0.604,0.276,0.634,0.639,0.337,0.292,0.765,0.566,0.612,0.172,0.62,0.58,0.832,0.447,0.64,0.718,0.589,0.601,0.555,0.61,0.756,0.621,0.657,0.677,0.666,0.739,0.641,0.551,0.447,0.39,0.796,0.278,0.752,-0.159,0.383,0.518,0.361,0.403,0.463,0.32,0.613,0.738,0.882,0.528,0.279,0.36,-0.633,0.267,0.496,0.564,0.662,0.756,0.687,0.445,0.754,0.39,0.566,0.637,0.298,0.215,-0.002,0.712,0.689,0.184,0.81,0.455
AMD,0.798,0.812,0.01,0.218,0.542,-0.455,0.365,-0.458,-0.519,-0.476,0.629,1.0,0.79,0.866,0.374,0.874,0.584,-0.528,0.727,0.684,0.762,-0.171,0.209,0.611,0.673,-0.055,-0.477,0.216,0.72,0.737,0.41,0.807,0.511,0.67,0.739,0.676,0.816,0.652,0.791,0.776,-0.57,0.874,0.62,0.713,0.758,0.659,0.612,0.824,0.768,0.474,0.164,0.901,0.797,-0.393,0.771,0.411,0.854,0.828,0.565,0.681,0.335,0.555,-0.309,0.726,0.792,0.657,0.819,0.788,0.129,0.406,0.77,0.596,0.644,-0.005,0.801,0.556,0.758,0.483,0.886,0.867,0.819,0.809,0.816,0.826,0.716,0.809,0.85,0.029,0.894,0.383,-0.535,-0.197,0.782,0.022,0.816,-0.399,0.862,0.721,0.553,0.786,0.861,0.78,0.823,0.76,0.48,0.231,0.464,-0.572,-0.573,0.485,-0.605,-0.467,0.853,0.616,0.625,0.807,0.795,0.739,0.858,0.509,0.68,-0.02,-0.346,0.172,0.671,0.502,0.134,0.754,0.758,0.616,-0.261,0.83,0.779,0.768,0.805,0.813,0.846,0.764,0.691,-0.144,0.766,0.572,0.782,0.434,0.556,0.871,0.877,0.794,0.757,0.764,0.657,0.807,0.818,0.687,0.685,0.301,0.088,0.696,0.584,0.715,0.857,0.783,0.564,0.659,0.507,0.815,0.407,-0.547,0.096,0.42,0.671,0.763,0.806,0.751,0.695,0.811,0.84,0.722,0.723,0.599,-0.616,0.695,0.825,0.454,0.698,0.798,0.745,0.002,0.76,-0.111,0.589,0.273,-0.001,0.712,-0.084,0.761,0.698,0.667,0.805,0.784
AMGN,0.77,0.867,0.18,0.078,0.469,-0.534,0.357,-0.518,-0.602,-0.408,0.567,0.79,1.0,0.787,0.231,0.789,0.333,-0.498,0.78,0.703,0.775,-0.375,0.258,0.552,0.749,0.206,-0.427,0.078,0.658,0.782,0.458,0.807,0.537,0.511,0.709,0.564,0.74,0.558,0.796,0.696,-0.541,0.917,0.609,0.566,0.77,0.793,0.469,0.859,0.691,0.278,-0.166,0.886,0.748,-0.585,0.696,0.531,0.908,0.868,0.519,0.766,0.385,0.574,-0.237,0.856,0.742,0.639,0.87,0.694,0.003,0.454,0.716,0.536,0.596,0.019,0.821,0.675,0.631,0.616,0.886,0.884,0.847,0.712,0.841,0.773,0.691,0.717,0.8,0.082,0.888,0.543,-0.534,-0.251,0.835,0.179,0.927,-0.27,0.813,0.515,0.328,0.858,0.848,0.854,0.796,0.804,0.633,0.146,0.38,-0.533,-0.487,0.531,-0.701,-0.574,0.733,0.545,0.686,0.792,0.69,0.822,0.866,0.527,0.722,-0.218,-0.262,0.247,0.829,0.309,0.143,0.69,0.607,0.597,-0.339,0.811,0.827,0.797,0.763,0.684,0.815,0.692,0.705,-0.084,0.735,0.592,0.644,0.304,0.589,0.82,0.787,0.8,0.862,0.555,0.663,0.885,0.742,0.721,0.664,0.146,-0.101,0.799,0.572,0.81,0.869,0.774,0.456,0.72,0.613,0.742,0.405,-0.51,0.062,0.504,0.686,0.862,0.709,0.768,0.703,0.734,0.824,0.832,0.654,0.741,-0.593,0.615,0.77,0.333,0.774,0.839,0.85,-0.152,0.714,-0.047,0.814,0.316,-0.123,0.747,-0.217,0.722,0.659,0.562,0.669,0.573
AMZN,0.741,0.912,0.267,0.421,0.686,-0.404,0.456,-0.359,-0.386,-0.415,0.732,0.866,0.787,1.0,0.387,0.934,0.605,-0.487,0.798,0.659,0.863,0.003,0.293,0.709,0.627,0.067,-0.465,0.353,0.834,0.761,0.39,0.844,0.504,0.708,0.622,0.664,0.856,0.764,0.902,0.767,-0.478,0.894,0.584,0.697,0.883,0.786,0.822,0.838,0.824,0.692,0.282,0.881,0.836,-0.215,0.725,0.508,0.874,0.931,0.601,0.738,0.174,0.501,-0.254,0.772,0.83,0.717,0.836,0.77,0.276,0.518,0.842,0.686,0.827,0.009,0.791,0.75,0.843,0.621,0.909,0.911,0.858,0.921,0.75,0.892,0.743,0.817,0.791,0.2,0.938,0.317,-0.592,-0.016,0.746,-0.056,0.867,-0.302,0.846,0.752,0.674,0.909,0.782,0.848,0.888,0.863,0.526,0.347,0.44,-0.509,-0.4,0.488,-0.53,-0.341,0.882,0.8,0.708,0.951,0.803,0.796,0.81,0.498,0.647,0.146,-0.135,0.354,0.772,0.57,0.395,0.752,0.839,0.824,-0.198,0.809,0.824,0.812,0.86,0.711,0.812,0.883,0.661,-0.129,0.861,0.673,0.843,0.587,0.532,0.862,0.901,0.703,0.889,0.729,0.673,0.84,0.79,0.778,0.872,0.318,0.171,0.714,0.7,0.88,0.915,0.86,0.612,0.595,0.674,0.618,0.556,-0.485,0.255,0.39,0.601,0.758,0.835,0.71,0.716,0.914,0.888,0.676,0.712,0.531,-0.595,0.746,0.809,0.667,0.868,0.864,0.887,0.051,0.843,-0.03,0.586,0.327,0.187,0.558,0.053,0.828,0.812,0.701,0.834,0.77
APA,0.202,0.249,-0.362,0.375,0.093,-0.09,0.006,0.274,0.01,0.288,-0.057,0.374,0.231,0.387,1.0,0.349,0.486,0.223,0.012,0.183,0.449,0.168,-0.116,0.668,-0.071,-0.161,-0.326,0.826,0.174,0.099,-0.303,0.12,-0.076,0.549,0.181,0.752,0.426,0.445,0.305,0.348,-0.232,0.382,0.085,0.124,0.29,0.116,0.388,0.396,0.039,0.354,0.029,0.258,0.426,0.05,0.348,-0.083,0.431,0.213,-0.043,0.124,0.296,0.229,0.025,0.453,0.352,0.758,0.156,0.576,-0.063,0.129,0.417,0.638,0.086,-0.316,0.16,0.051,0.46,-0.027,0.404,0.386,0.29,0.337,0.513,0.221,0.692,0.163,0.273,-0.231,0.27,-0.138,0.092,0.487,0.165,-0.132,0.265,0.029,0.501,0.014,0.137,0.185,0.278,0.488,0.131,0.191,0.311,0.33,0.015,-0.335,0.157,0.551,-0.199,0.073,0.205,0.205,-0.053,0.444,0.008,0.035,0.412,-0.018,-0.082,0.563,0.227,-0.372,0.071,-0.118,-0.01,0.553,0.137,0.16,-0.153,0.132,0.192,0.62,0.365,0.638,0.149,0.303,0.62,-0.352,0.155,0.371,0.284,0.798,-0.222,0.297,0.26,0.185,0.252,0.159,-0.031,0.286,0.231,0.405,0.197,-0.047,-0.348,0.107,-0.104,0.092,0.301,0.517,0.2,0.041,-0.029,0.407,-0.026,-0.114,0.334,-0.145,0.066,0.436,0.461,0.528,-0.021,0.352,0.147,0.149,0.462,0.019,0.151,0.612,0.315,0.405,0.229,0.176,0.186,-0.168,0.102,-0.211,0.039,-0.201,0.233,0.372,0.508,0.215,0.218,0.674,0.147,0.253
APPS,0.788,0.893,0.202,0.361,0.66,-0.434,0.389,-0.385,-0.415,-0.409,0.704,0.874,0.789,0.934,0.349,1.0,0.607,-0.481,0.802,0.641,0.856,-0.042,0.336,0.655,0.667,0.126,-0.43,0.279,0.829,0.771,0.419,0.872,0.586,0.746,0.697,0.642,0.837,0.703,0.856,0.722,-0.519,0.897,0.676,0.641,0.872,0.801,0.706,0.829,0.822,0.604,0.25,0.923,0.815,-0.269,0.776,0.521,0.893,0.892,0.635,0.774,0.197,0.595,-0.261,0.786,0.782,0.665,0.867,0.754,0.268,0.553,0.834,0.636,0.759,0.076,0.792,0.691,0.832,0.624,0.907,0.91,0.879,0.914,0.791,0.907,0.713,0.767,0.849,0.222,0.925,0.408,-0.56,-0.053,0.812,0.045,0.844,-0.278,0.817,0.722,0.622,0.88,0.853,0.829,0.865,0.845,0.548,0.417,0.568,-0.514,-0.421,0.508,-0.539,-0.318,0.864,0.774,0.733,0.922,0.76,0.813,0.801,0.581,0.701,0.086,-0.181,0.363,0.747,0.606,0.31,0.76,0.829,0.78,-0.106,0.811,0.807,0.76,0.875,0.691,0.811,0.88,0.621,-0.054,0.842,0.673,0.832,0.488,0.606,0.793,0.901,0.738,0.849,0.768,0.699,0.897,0.827,0.745,0.832,0.317,0.135,0.752,0.667,0.846,0.86,0.807,0.515,0.68,0.701,0.703,0.518,-0.439,0.194,0.476,0.675,0.769,0.829,0.704,0.744,0.921,0.884,0.744,0.685,0.584,-0.61,0.705,0.83,0.561,0.827,0.834,0.863,0.085,0.807,0.019,0.562,0.352,0.074,0.646,0.052,0.854,0.834,0.681,0.832,0.742
ARCC,0.491,0.465,-0.036,0.384,0.402,-0.154,0.316,-0.064,-0.185,-0.106,0.326,0.584,0.333,0.605,0.486,0.607,1.0,-0.074,0.318,0.488,0.496,0.092,0.22,0.58,0.273,-0.116,-0.297,0.388,0.464,0.29,0.089,0.409,0.257,0.639,0.415,0.612,0.488,0.679,0.529,0.594,-0.311,0.527,0.423,0.38,0.541,0.366,0.599,0.482,0.44,0.448,0.221,0.46,0.49,-0.05,0.578,0.084,0.495,0.554,0.376,0.436,-0.014,0.239,-0.089,0.399,0.577,0.491,0.484,0.655,0.207,0.099,0.682,0.403,0.388,-0.12,0.36,0.39,0.605,0.225,0.473,0.479,0.626,0.582,0.51,0.5,0.667,0.48,0.464,-0.057,0.498,0.023,-0.257,0.096,0.387,-0.161,0.449,-0.148,0.611,0.417,0.452,0.494,0.42,0.555,0.468,0.553,0.331,0.311,0.275,-0.36,-0.259,0.322,-0.261,-0.2,0.559,0.455,0.296,0.621,0.48,0.404,0.458,0.257,0.285,0.314,0.002,-0.041,0.336,0.282,0.287,0.529,0.514,0.356,-0.129,0.466,0.371,0.586,0.542,0.541,0.353,0.661,0.427,-0.231,0.53,0.534,0.557,0.543,0.133,0.525,0.494,0.521,0.453,0.389,0.336,0.442,0.424,0.507,0.447,0.205,0.011,0.36,0.467,0.397,0.512,0.655,0.493,0.336,0.263,0.442,0.339,-0.358,0.189,0.079,0.381,0.295,0.601,0.55,0.326,0.595,0.475,0.364,0.461,0.379,-0.234,0.624,0.555,0.426,0.403,0.427,0.483,-0.055,0.51,-0.12,0.258,0.088,0.279,0.364,0.217,0.557,0.398,0.692,0.446,0.581
ARDX,-0.473,-0.441,-0.11,0.157,-0.226,0.406,-0.095,0.679,0.489,0.79,-0.463,-0.528,-0.498,-0.487,0.223,-0.481,-0.074,1.0,-0.525,-0.564,-0.405,0.332,-0.04,-0.24,-0.455,0.158,0.346,0.237,-0.504,-0.537,-0.473,-0.469,-0.297,-0.073,-0.523,-0.266,-0.533,-0.077,-0.472,-0.504,0.33,-0.473,-0.513,-0.513,-0.309,-0.322,-0.246,-0.391,-0.454,-0.177,-0.152,-0.499,-0.387,0.322,-0.479,-0.296,-0.471,-0.549,-0.381,-0.342,-0.254,-0.237,0.434,-0.318,-0.476,-0.254,-0.464,-0.411,-0.017,-0.151,-0.253,-0.263,-0.372,-0.023,-0.458,-0.301,-0.429,-0.264,-0.473,-0.482,-0.386,-0.445,-0.434,-0.528,-0.115,-0.528,-0.63,0.006,-0.513,-0.311,0.685,0.559,-0.558,0.126,-0.453,0.571,-0.314,-0.454,-0.279,-0.517,-0.588,-0.304,-0.445,-0.511,0.028,0.127,-0.245,0.314,0.625,-0.011,0.392,0.427,-0.459,-0.267,-0.428,-0.447,-0.476,-0.46,-0.479,-0.189,-0.629,0.226,0.491,-0.305,-0.464,-0.365,0.08,-0.161,-0.427,-0.45,0.316,-0.494,-0.505,-0.354,-0.438,-0.375,-0.596,-0.47,-0.194,0.052,-0.407,-0.109,-0.506,-0.059,-0.52,-0.522,-0.421,-0.553,-0.434,-0.449,-0.491,-0.527,-0.54,-0.268,-0.432,-0.091,-0.162,-0.356,-0.527,-0.513,-0.54,-0.262,-0.302,-0.41,-0.279,-0.44,-0.153,0.451,0.215,-0.303,-0.519,-0.499,-0.482,-0.197,-0.541,-0.391,-0.48,-0.485,-0.464,-0.419,0.601,-0.351,-0.568,-0.101,-0.492,-0.522,-0.431,0.018,-0.562,0.265,-0.424,-0.073,0.321,-0.371,0.516,-0.393,-0.45,-0.16,-0.486,-0.494
ATER,0.689,0.842,0.373,0.137,0.557,-0.537,0.349,-0.542,-0.519,-0.5,0.696,0.727,0.78,0.798,0.012,0.802,0.318,-0.525,1.0,0.62,0.731,-0.268,0.305,0.434,0.754,0.233,-0.323,0.082,0.804,0.871,0.465,0.894,0.637,0.556,0.758,0.373,0.757,0.497,0.772,0.612,-0.533,0.781,0.749,0.647,0.779,0.803,0.52,0.729,0.822,0.421,0.087,0.809,0.75,-0.443,0.65,0.575,0.791,0.848,0.752,0.692,0.242,0.582,-0.27,0.74,0.676,0.509,0.764,0.481,0.127,0.638,0.719,0.497,0.736,0.27,0.815,0.721,0.679,0.652,0.795,0.804,0.804,0.75,0.578,0.876,0.485,0.757,0.777,0.287,0.847,0.649,-0.605,-0.207,0.713,0.15,0.78,-0.347,0.665,0.715,0.504,0.853,0.783,0.728,0.838,0.81,0.468,0.272,0.617,-0.431,-0.517,0.383,-0.604,-0.497,0.864,0.687,0.83,0.756,0.778,0.849,0.714,0.552,0.806,-0.15,-0.267,0.514,0.785,0.512,0.246,0.547,0.693,0.801,-0.133,0.784,0.818,0.636,0.702,0.49,0.833,0.701,0.443,0.066,0.824,0.482,0.726,0.272,0.84,0.736,0.816,0.672,0.873,0.744,0.809,0.845,0.711,0.67,0.81,0.282,0.223,0.778,0.699,0.881,0.815,0.646,0.457,0.843,0.725,0.564,0.462,-0.437,0.17,0.623,0.796,0.701,0.642,0.525,0.75,0.801,0.836,0.688,0.581,0.639,-0.7,0.44,0.691,0.427,0.845,0.827,0.836,0.062,0.747,0.096,0.655,0.524,-0.093,0.55,-0.158,0.739,0.822,0.442,0.765,0.706
ATOS,0.683,0.657,-0.11,-0.069,0.172,-0.54,0.155,-0.657,-0.697,-0.498,0.344,0.684,0.703,0.659,0.183,0.641,0.488,-0.564,0.62,1.0,0.709,-0.491,-0.008,0.597,0.479,-0.21,-0.58,0.024,0.599,0.697,0.274,0.608,0.29,0.428,0.752,0.619,0.641,0.418,0.782,0.67,-0.612,0.741,0.727,0.52,0.543,0.516,0.362,0.751,0.58,0.182,-0.185,0.668,0.602,-0.51,0.794,0.24,0.749,0.72,0.435,0.537,0.531,0.313,-0.465,0.721,0.87,0.594,0.605,0.721,-0.153,0.183,0.57,0.498,0.374,-0.229,0.611,0.484,0.604,0.283,0.695,0.717,0.743,0.648,0.733,0.64,0.531,0.674,0.746,-0.161,0.669,0.387,-0.692,-0.373,0.748,-0.185,0.712,-0.581,0.67,0.391,0.204,0.672,0.744,0.745,0.57,0.719,0.32,-0.073,0.182,-0.614,-0.687,0.277,-0.618,-0.63,0.581,0.317,0.487,0.726,0.562,0.683,0.802,0.275,0.59,-0.113,-0.492,-0.026,0.659,0.187,-0.101,0.512,0.42,0.485,-0.566,0.681,0.675,0.715,0.635,0.661,0.677,0.699,0.528,-0.389,0.718,0.347,0.657,0.369,0.428,0.696,0.581,0.77,0.703,0.493,0.651,0.71,0.667,0.53,0.548,-0.025,-0.089,0.48,0.648,0.64,0.688,0.611,0.534,0.635,0.364,0.712,0.163,-0.697,-0.057,0.232,0.703,0.716,0.817,0.582,0.745,0.593,0.567,0.717,0.815,0.658,-0.485,0.705,0.841,0.174,0.651,0.687,0.705,-0.41,0.652,-0.408,0.49,0.08,-0.306,0.704,-0.362,0.549,0.475,0.593,0.487,0.587
AUPH,0.693,0.824,0.046,0.31,0.457,-0.56,0.163,-0.345,-0.511,-0.287,0.509,0.762,0.775,0.863,0.449,0.856,0.496,-0.405,0.731,0.709,1.0,-0.167,0.06,0.794,0.506,-0.07,-0.619,0.359,0.751,0.772,0.179,0.795,0.328,0.693,0.657,0.721,0.883,0.636,0.84,0.742,-0.662,0.856,0.644,0.603,0.728,0.657,0.62,0.791,0.652,0.514,0.022,0.797,0.772,-0.356,0.778,0.309,0.872,0.813,0.523,0.596,0.366,0.524,-0.359,0.853,0.795,0.795,0.711,0.756,-0.015,0.482,0.754,0.806,0.611,-0.178,0.707,0.608,0.814,0.429,0.853,0.859,0.811,0.816,0.785,0.85,0.734,0.714,0.767,0.028,0.845,0.32,-0.576,-0.029,0.725,-0.106,0.798,-0.394,0.842,0.52,0.45,0.781,0.778,0.851,0.727,0.78,0.437,0.26,0.366,-0.685,-0.379,0.541,-0.64,-0.358,0.774,0.596,0.616,0.894,0.623,0.751,0.796,0.383,0.639,0.189,-0.229,0.171,0.694,0.334,0.111,0.728,0.623,0.738,-0.297,0.71,0.825,0.826,0.845,0.737,0.779,0.775,0.661,-0.305,0.753,0.53,0.772,0.617,0.449,0.75,0.755,0.686,0.823,0.69,0.666,0.839,0.749,0.673,0.786,0.173,-0.119,0.584,0.512,0.823,0.843,0.795,0.51,0.623,0.563,0.677,0.285,-0.52,0.251,0.251,0.606,0.819,0.784,0.708,0.709,0.799,0.733,0.655,0.741,0.51,-0.44,0.746,0.799,0.441,0.815,0.765,0.788,-0.136,0.669,-0.227,0.505,0.115,-0.054,0.673,-0.015,0.659,0.748,0.707,0.718,0.704
AVGO,-0.283,-0.063,0.318,0.638,0.464,0.62,0.321,0.67,0.73,0.367,0.217,-0.171,-0.375,0.003,0.168,-0.042,0.092,0.332,-0.268,-0.491,-0.167,1.0,0.411,-0.144,-0.217,0.331,0.416,0.375,-0.06,-0.27,0.015,-0.175,0.07,0.085,-0.487,-0.209,-0.141,0.274,-0.165,-0.259,0.569,-0.189,-0.449,-0.161,0.12,0.024,0.371,-0.185,-0.027,0.535,0.722,-0.198,-0.126,0.858,-0.322,0.174,-0.231,-0.133,-0.01,0.046,-0.51,0.066,0.506,-0.307,-0.255,-0.219,-0.113,-0.207,0.735,0.175,0.027,-0.077,0.25,0.246,-0.148,-0.021,-0.047,0.198,-0.129,-0.131,-0.166,-0.047,-0.334,-0.173,0.012,-0.177,-0.319,0.463,-0.11,-0.344,0.503,0.675,-0.368,0.095,-0.19,0.633,-0.147,0.153,0.44,-0.088,-0.342,-0.259,0.025,-0.19,0.11,0.521,0.11,0.522,0.643,0.069,0.696,0.665,-0.067,0.376,-0.073,-0.083,-0.117,-0.272,-0.243,0.226,-0.42,0.393,0.588,0.251,-0.236,0.425,0.586,-0.064,0.284,0.069,0.623,-0.181,-0.351,-0.279,-0.024,-0.249,-0.297,-0.006,-0.096,0.365,-0.113,0.265,-0.039,0.148,-0.227,-0.25,0.028,-0.432,-0.234,-0.026,-0.277,-0.233,-0.268,0.015,0.03,0.458,0.381,-0.027,-0.137,-0.148,-0.238,-0.015,-0.09,-0.492,0.18,-0.425,0.424,0.627,0.431,-0.054,-0.48,-0.369,-0.151,-0.18,-0.379,0.065,0.017,-0.387,-0.331,-0.461,0.229,-0.105,-0.269,0.417,-0.151,-0.111,-0.14,0.673,-0.024,0.514,-0.336,0.107,0.809,-0.413,0.692,0.038,0.044,-0.127,0.052,-0.178
AZN,0.224,0.427,0.593,0.28,0.734,0.285,0.781,0.014,0.245,-0.139,0.537,0.209,0.258,0.293,-0.116,0.336,0.22,-0.04,0.305,-0.008,0.06,0.411,1.0,-0.14,0.611,0.765,0.523,0.019,0.308,0.255,0.644,0.38,0.708,0.331,0.138,-0.152,0.059,0.342,0.153,0.009,0.349,0.293,0.094,0.103,0.553,0.602,0.437,0.243,0.424,0.457,0.438,0.31,0.261,0.244,0.133,0.735,0.25,0.422,0.553,0.668,-0.253,0.46,0.584,0.107,0.081,-0.181,0.461,-0.009,0.78,0.517,0.45,-0.138,0.565,0.685,0.438,0.469,0.15,0.745,0.319,0.324,0.409,0.262,0.034,0.242,0.172,0.179,0.242,0.659,0.334,0.395,0.113,0.28,0.216,0.562,0.344,0.415,0.166,0.418,0.56,0.429,0.191,0.167,0.481,0.325,0.595,0.524,0.469,0.412,0.053,0.152,0.2,0.096,0.296,0.649,0.562,0.225,0.284,0.264,0.246,0.728,0.194,-0.149,0.28,0.595,0.4,0.586,0.702,0.257,0.563,0.33,0.534,0.282,0.161,0.033,0.253,-0.039,0.159,0.394,0.112,0.652,0.31,0.5,0.256,-0.132,0.461,0.18,0.428,0.139,0.317,0.202,0.248,0.312,0.239,0.382,0.358,0.553,0.463,0.651,0.436,0.318,0.163,0.308,0.092,0.177,0.661,-0.037,0.75,0.287,0.298,0.593,0.2,0.014,0.123,0.106,0.042,0.426,0.502,0.257,-0.118,0.324,-0.402,-0.05,0.195,0.423,0.264,0.356,0.39,0.638,0.379,0.759,0.321,0.603,0.573,0.004,0.29,0.559,0.417,-0.018,0.372,0.066
BCRX,0.451,0.554,-0.259,0.34,0.185,-0.467,0.053,-0.135,-0.417,-0.084,0.152,0.611,0.552,0.709,0.668,0.655,0.58,-0.24,0.434,0.597,0.794,-0.144,-0.14,1.0,0.202,-0.281,-0.635,0.518,0.547,0.415,-0.097,0.463,0.055,0.626,0.531,0.837,0.715,0.59,0.65,0.682,-0.578,0.684,0.493,0.396,0.512,0.381,0.573,0.633,0.35,0.469,-0.063,0.531,0.648,-0.297,0.711,-0.004,0.703,0.588,0.25,0.331,0.36,0.28,-0.346,0.705,0.688,0.845,0.464,0.826,-0.193,0.264,0.646,0.815,0.361,-0.387,0.422,0.349,0.742,0.146,0.648,0.664,0.619,0.62,0.72,0.58,0.733,0.553,0.572,-0.295,0.587,0.042,-0.401,0.088,0.485,-0.313,0.599,-0.37,0.735,0.256,0.226,0.557,0.57,0.774,0.448,0.593,0.311,0.188,0.151,-0.679,-0.239,0.517,-0.577,-0.339,0.556,0.353,0.285,0.765,0.401,0.454,0.642,0.126,0.316,0.391,-0.103,-0.16,0.477,-0.014,-0.049,0.673,0.364,0.53,-0.395,0.506,0.589,0.847,0.661,0.757,0.549,0.652,0.666,-0.515,0.482,0.463,0.625,0.782,0.106,0.64,0.506,0.559,0.617,0.387,0.353,0.621,0.533,0.551,0.502,-0.086,-0.335,0.327,0.27,0.528,0.704,0.74,0.446,0.405,0.182,0.594,0.054,-0.517,0.143,0.006,0.462,0.664,0.734,0.687,0.431,0.612,0.437,0.421,0.721,0.371,-0.196,0.867,0.657,0.371,0.571,0.497,0.571,-0.306,0.482,-0.393,0.312,-0.185,-0.012,0.544,0.108,0.423,0.484,0.891,0.432,0.631
BGC,0.629,0.775,0.374,0.097,0.639,-0.31,0.564,-0.532,-0.459,-0.498,0.621,0.673,0.749,0.627,-0.071,0.667,0.273,-0.455,0.754,0.479,0.506,-0.217,0.611,0.202,1.0,0.475,0.059,-0.108,0.59,0.705,0.723,0.806,0.805,0.564,0.647,0.217,0.487,0.445,0.544,0.488,-0.282,0.73,0.574,0.558,0.737,0.804,0.472,0.625,0.697,0.37,0.072,0.737,0.705,-0.419,0.518,0.703,0.705,0.774,0.686,0.802,0.158,0.66,0.031,0.563,0.527,0.212,0.793,0.355,0.319,0.554,0.72,0.19,0.689,0.497,0.858,0.626,0.43,0.756,0.716,0.703,0.736,0.566,0.515,0.702,0.45,0.606,0.718,0.302,0.735,0.687,-0.398,-0.194,0.646,0.509,0.747,-0.13,0.639,0.584,0.509,0.767,0.683,0.587,0.756,0.686,0.618,0.294,0.628,-0.149,-0.513,0.353,-0.428,-0.533,0.687,0.624,0.816,0.561,0.655,0.684,0.685,0.747,0.722,-0.41,-0.222,0.473,0.735,0.483,0.364,0.609,0.66,0.52,0.07,0.674,0.753,0.476,0.588,0.424,0.705,0.611,0.402,0.385,0.615,0.553,0.517,-0.031,0.759,0.66,0.714,0.612,0.72,0.539,0.668,0.718,0.775,0.643,0.568,0.476,0.18,0.875,0.633,0.688,0.638,0.605,0.364,0.709,0.718,0.5,0.608,-0.289,0.029,0.752,0.687,0.537,0.5,0.506,0.503,0.675,0.783,0.658,0.372,0.717,-0.686,0.258,0.572,0.348,0.601,0.708,0.715,0.274,0.65,0.315,0.692,0.64,0.072,0.5,-0.162,0.777,0.681,0.285,0.73,0.526
BIDU,0.022,0.299,0.593,0.221,0.536,0.305,0.517,0.132,0.246,0.103,0.372,-0.055,0.206,0.067,-0.161,0.126,-0.116,0.158,0.233,-0.21,-0.07,0.331,0.765,-0.281,0.475,1.0,0.676,0.004,0.125,0.193,0.496,0.246,0.626,0.155,0.019,-0.308,-0.12,0.167,-0.02,-0.21,0.385,0.144,0.015,-0.11,0.401,0.532,0.18,0.105,0.205,0.2,0.185,0.142,0.133,0.156,-0.092,0.679,0.142,0.193,0.423,0.457,-0.219,0.436,0.583,0.099,-0.107,-0.245,0.273,-0.27,0.559,0.52,0.281,-0.199,0.361,0.777,0.312,0.335,-0.071,0.7,0.173,0.175,0.217,0.022,-0.116,0.068,0.049,-0.059,0.058,0.618,0.17,0.505,0.345,0.333,0.043,0.803,0.187,0.567,-0.0,0.198,0.293,0.269,0.038,0.059,0.304,0.181,0.527,0.532,0.453,0.552,0.273,0.177,0.268,0.098,0.105,0.454,0.445,0.032,0.089,0.133,0.081,0.625,0.078,-0.249,0.493,0.528,0.284,0.38,0.576,0.122,0.315,0.193,0.512,0.104,0.05,-0.086,0.074,-0.219,0.024,0.12,-0.022,0.801,0.101,0.365,-0.041,-0.269,0.394,-0.049,0.239,-0.086,0.188,0.038,0.119,0.222,0.057,0.291,0.175,0.431,0.308,0.569,0.202,0.206,-0.015,0.103,-0.183,0.155,0.599,-0.173,0.588,0.472,0.265,0.699,0.129,-0.039,-0.078,0.02,-0.09,0.232,0.335,0.141,-0.219,0.279,-0.239,-0.257,-0.104,0.207,0.159,0.181,0.25,0.554,0.156,0.812,0.298,0.662,0.408,-0.084,0.278,0.353,0.274,-0.185,0.169,-0.201
BILI,-0.455,-0.341,0.348,0.045,0.137,0.687,0.259,0.326,0.532,0.203,-0.085,-0.477,-0.427,-0.465,-0.326,-0.43,-0.297,0.346,-0.323,-0.58,-0.619,0.416,0.523,-0.635,0.059,0.676,1.0,-0.192,-0.392,-0.357,0.287,-0.309,0.255,-0.192,-0.359,-0.574,-0.627,-0.224,-0.587,-0.577,0.731,-0.438,-0.364,-0.381,-0.214,-0.105,-0.168,-0.468,-0.278,-0.054,0.297,-0.425,-0.364,0.449,-0.496,0.268,-0.461,-0.375,0.039,-0.108,-0.431,-0.024,0.627,-0.536,-0.591,-0.683,-0.268,-0.593,0.464,0.014,-0.218,-0.632,-0.103,0.699,-0.236,-0.198,-0.51,0.151,-0.448,-0.46,-0.372,-0.481,-0.576,-0.452,-0.403,-0.494,-0.369,0.417,-0.446,0.109,0.669,0.324,-0.476,0.634,-0.412,0.578,-0.48,-0.187,0.05,-0.337,-0.45,-0.551,-0.267,-0.355,0.006,0.262,0.175,0.894,0.433,-0.242,0.695,0.324,-0.384,-0.063,-0.027,-0.525,-0.371,-0.484,-0.457,0.22,-0.382,-0.224,0.513,0.172,-0.299,0.093,0.393,-0.374,-0.12,-0.328,0.585,-0.425,-0.459,-0.613,-0.431,-0.607,-0.507,-0.358,-0.454,0.795,-0.439,-0.09,-0.506,-0.52,-0.011,-0.453,-0.339,-0.499,-0.456,-0.368,-0.392,-0.381,-0.335,-0.247,-0.385,0.34,0.336,-0.009,-0.204,-0.39,-0.571,-0.405,-0.428,-0.31,0.054,-0.587,0.262,0.669,0.048,0.339,-0.284,-0.608,-0.533,-0.466,-0.604,-0.312,-0.26,-0.378,-0.631,-0.142,0.12,-0.573,-0.576,-0.119,-0.424,-0.4,-0.377,0.572,-0.31,0.682,-0.183,0.374,0.392,-0.506,0.232,-0.152,-0.284,-0.488,-0.281,-0.475
BKR,0.009,0.217,-0.145,0.55,0.235,0.009,0.061,0.442,0.201,0.359,0.092,0.216,0.078,0.353,0.826,0.279,0.388,0.237,0.082,0.024,0.359,0.375,0.019,0.518,-0.108,0.004,-0.192,1.0,0.248,0.132,-0.257,0.106,-0.011,0.492,0.06,0.507,0.401,0.395,0.237,0.165,-0.047,0.243,0.045,0.069,0.34,0.184,0.446,0.256,0.052,0.513,0.218,0.103,0.337,0.245,0.272,0.059,0.307,0.197,0.104,0.084,0.204,0.338,0.231,0.369,0.252,0.625,0.015,0.309,0.131,0.322,0.38,0.629,0.229,-0.12,0.124,0.049,0.429,0.109,0.315,0.303,0.214,0.306,0.238,0.234,0.568,0.103,0.131,-0.015,0.2,-0.098,0.094,0.665,-0.051,-0.094,0.148,0.182,0.32,0.122,0.238,0.166,0.094,0.355,0.145,0.149,0.299,0.528,0.177,-0.148,0.366,0.556,-0.046,0.265,0.203,0.365,0.001,0.385,0.011,0.027,0.252,0.007,-0.105,0.686,0.366,-0.057,0.008,0.012,0.151,0.42,0.172,0.285,0.124,0.039,0.095,0.456,0.332,0.415,0.074,0.25,0.5,-0.155,0.164,0.383,0.268,0.826,-0.104,0.144,0.238,-0.05,0.237,0.197,0.002,0.213,0.077,0.415,0.274,0.113,-0.109,0.121,-0.065,0.117,0.205,0.446,0.168,-0.013,0.092,0.173,0.081,0.07,0.596,-0.096,0.014,0.272,0.323,0.304,-0.095,0.378,0.136,-0.06,0.306,-0.115,0.186,0.398,0.145,0.519,0.265,0.163,0.147,0.096,0.065,0.013,-0.024,-0.037,0.383,0.145,0.669,0.205,0.323,0.506,0.184,0.21
BLDP,0.561,0.801,0.373,0.311,0.588,-0.435,0.289,-0.425,-0.288,-0.499,0.699,0.72,0.658,0.834,0.174,0.829,0.464,-0.504,0.804,0.599,0.751,-0.06,0.308,0.547,0.59,0.125,-0.392,0.248,1.0,0.785,0.414,0.8,0.465,0.577,0.59,0.465,0.825,0.511,0.782,0.569,-0.451,0.725,0.619,0.617,0.772,0.724,0.658,0.68,0.768,0.658,0.251,0.746,0.753,-0.219,0.74,0.508,0.734,0.839,0.684,0.623,0.212,0.495,-0.223,0.705,0.733,0.566,0.641,0.521,0.267,0.647,0.723,0.639,0.761,0.145,0.725,0.719,0.824,0.615,0.796,0.794,0.752,0.795,0.525,0.895,0.47,0.704,0.689,0.343,0.801,0.361,-0.625,-0.077,0.622,0.025,0.692,-0.342,0.622,0.728,0.67,0.812,0.631,0.752,0.788,0.805,0.373,0.392,0.522,-0.417,-0.4,0.381,-0.521,-0.287,0.756,0.773,0.714,0.801,0.718,0.756,0.707,0.418,0.692,0.199,-0.137,0.496,0.667,0.583,0.273,0.591,0.74,0.868,-0.077,0.738,0.764,0.667,0.798,0.54,0.734,0.804,0.398,-0.003,0.817,0.484,0.901,0.412,0.595,0.627,0.837,0.648,0.807,0.771,0.685,0.753,0.737,0.62,0.887,0.29,0.29,0.641,0.687,0.849,0.755,0.63,0.377,0.555,0.722,0.536,0.461,-0.349,0.235,0.393,0.615,0.648,0.715,0.49,0.715,0.823,0.8,0.535,0.626,0.458,-0.646,0.481,0.733,0.583,0.867,0.723,0.819,0.16,0.703,0.046,0.44,0.44,-0.007,0.46,0.0,0.757,0.83,0.456,0.79,0.622
BLNK,0.692,0.812,0.256,0.122,0.508,-0.49,0.26,-0.573,-0.479,-0.496,0.692,0.737,0.782,0.761,0.099,0.771,0.29,-0.537,0.871,0.697,0.772,-0.27,0.255,0.415,0.705,0.193,-0.357,0.132,0.785,1.0,0.46,0.874,0.54,0.575,0.751,0.456,0.748,0.422,0.741,0.542,-0.479,0.791,0.735,0.631,0.737,0.737,0.476,0.725,0.758,0.419,0.062,0.786,0.734,-0.43,0.716,0.53,0.814,0.808,0.705,0.626,0.464,0.629,-0.213,0.792,0.75,0.536,0.68,0.492,0.092,0.587,0.687,0.571,0.657,0.185,0.828,0.643,0.712,0.6,0.844,0.838,0.755,0.745,0.595,0.856,0.495,0.695,0.788,0.253,0.838,0.638,-0.598,-0.19,0.731,0.17,0.717,-0.376,0.667,0.678,0.529,0.785,0.777,0.703,0.795,0.754,0.435,0.287,0.545,-0.422,-0.498,0.422,-0.588,-0.462,0.74,0.65,0.751,0.742,0.703,0.812,0.763,0.474,0.746,-0.051,-0.317,0.426,0.674,0.508,0.133,0.584,0.662,0.758,-0.181,0.678,0.784,0.643,0.753,0.59,0.817,0.669,0.447,0.047,0.79,0.425,0.696,0.276,0.749,0.685,0.789,0.59,0.8,0.807,0.804,0.833,0.726,0.61,0.791,0.318,0.195,0.738,0.687,0.827,0.745,0.609,0.349,0.758,0.727,0.628,0.363,-0.427,0.183,0.528,0.745,0.749,0.676,0.544,0.756,0.736,0.814,0.683,0.674,0.633,-0.645,0.409,0.716,0.394,0.813,0.791,0.762,0.067,0.637,0.018,0.603,0.479,-0.146,0.557,-0.19,0.722,0.787,0.422,0.748,0.598
BYND,0.388,0.49,0.503,0.104,0.619,0.144,0.641,-0.399,-0.183,-0.471,0.647,0.41,0.458,0.39,-0.303,0.419,0.089,-0.473,0.465,0.274,0.179,0.015,0.644,-0.097,0.723,0.496,0.287,-0.257,0.414,0.46,1.0,0.492,0.778,0.244,0.272,-0.032,0.219,0.247,0.333,0.219,0.195,0.414,0.234,0.311,0.54,0.609,0.34,0.359,0.537,0.326,0.328,0.456,0.358,-0.125,0.275,0.815,0.385,0.515,0.509,0.581,-0.024,0.477,0.17,0.197,0.296,-0.109,0.561,0.13,0.567,0.414,0.386,-0.115,0.575,0.485,0.534,0.435,0.201,0.701,0.433,0.439,0.439,0.348,0.234,0.391,0.153,0.403,0.469,0.457,0.467,0.404,-0.233,-0.172,0.408,0.442,0.464,0.09,0.274,0.548,0.441,0.53,0.362,0.214,0.595,0.448,0.484,0.233,0.544,0.272,-0.283,0.105,-0.06,-0.247,0.407,0.513,0.597,0.306,0.518,0.453,0.384,0.657,0.493,-0.458,-0.05,0.537,0.504,0.636,0.446,0.288,0.652,0.345,0.243,0.492,0.405,0.103,0.406,0.094,0.432,0.371,0.175,0.521,0.392,0.411,0.296,-0.231,0.554,0.413,0.52,0.336,0.399,0.294,0.382,0.417,0.465,0.364,0.34,0.521,0.48,0.634,0.581,0.453,0.363,0.318,0.218,0.299,0.593,0.242,0.635,-0.044,0.037,0.652,0.311,0.229,0.305,0.185,0.319,0.425,0.586,0.415,0.149,0.461,-0.6,0.079,0.312,0.226,0.35,0.448,0.455,0.452,0.565,0.419,0.572,0.621,0.17,0.19,-0.194,0.57,0.423,-0.008,0.546,0.243
