,AAL,AAPL,ABUS,ADBE,ADI,ADMA,AEP,AGNC,AKBA,ALT,AMAT,AMD,AMGN,AMZN,APA,APPS,ARCC,ARDX,ATER,ATOS,AUPH,AVGO,AZN,BCRX,BGC,BIDU,BILI,BKR,BLDP,BLNK,BYND,CAN,CELH,CG,CGC,CHRD,CLNE,CMCSA,COMM,COST,CPB,CPRT,CRON,CRWD,CSCO,CSGP,CSX,CTSH,CZR,DBX,DDOG,DKNG,DLTR,DOCU,DVAX,DXCM,EA,EBAY,ENPH,ERIC,ESPR,ETSY,EXC,EXEL,EXPE,FANG,FAST,FITB,FLEX,FOLD,FOXA,FSLR,FTNT,FUTU,GEN,GERN,GEVO,GILD,GOOG,GOOGL,GPRO,GT,HBAN,HIVE,HON,HST,HUT,IBRX,INTC,IOVA,IQ,IRWD,JBLU,JD,KDP,KHC,LBTYK,LRCX,LYFT,MAR,MARA,MAT,MCHP,MCRB,MDLZ,META,MGNI,MLCO,MNKD,MNST,MOMO,MRNA,MRVL,MSFT,MSTR,MTCH,MU,MVIS,NDAQ,NFLX,NKTR,NNDM,NTES,NTNX,NVAX,NVDA,NWL,NWSA,NXPI,OCGN,OKTA,ON,OPK,PAA,PACB,PAGP,PANW,PARA,PCAR,PDD,PENN,PEP,PLUG,PTEN,PTON,PYPL,QCOM,QUBT,QVCGA,RDFN,REAL,RIOT,ROKU,ROST,RUN,SABR,SAVA,SBUX,SFIX,SGMO,SIRI,SLM,SMCI,SNDL,SONO,STNE,STX,TCOM,TGTX,TIGR,TLRY,TMUS,TRIP,TSCO,TSLA,TTD,TXN,UAL,UNIT,VERU,VKTX,VLY,VOD,VTRS,VXRT,WBA,WBD,WDAY,WDC,WEN,WW,WYNN,XEL,XP,XRAY,XRX,Z,ZION,ZM,ZS
AAL,1.0,0.34,-0.072,-0.017,0.28,0.31,0.202,0.506,0.093,0.153,0.688,0.574,0.247,0.37,0.626,0.54,0.659,0.007,0.086,-0.197,0.543,0.254,0.418,0.513,0.534,0.387,-0.061,0.374,0.193,0.037,0.176,0.137,0.699,0.719,0.263,0.603,0.328,0.464,0.356,0.088,-0.268,0.411,0.16,0.422,0.36,0.577,0.564,0.392,0.871,0.681,0.563,0.358,0.129,0.46,0.221,0.273,0.5,0.332,0.077,0.47,0.22,0.402,0.399,0.322,0.822,0.55,0.187,0.444,0.682,0.632,0.525,-0.03,0.369,0.464,0.347,0.013,0.047,0.174,0.403,0.49,0.197,0.597,0.491,0.47,-0.051,0.806,0.306,0.387,0.663,0.489,0.153,0.663,0.889,-0.063,0.238,0.095,0.312,0.627,0.804,0.758,0.192,0.56,0.564,0.337,0.078,0.23,0.479,0.722,0.563,0.319,0.105,-0.405,0.642,0.462,0.243,0.813,0.565,-0.021,0.526,0.647,0.32,0.12,0.227,0.545,-0.384,0.575,0.058,0.68,0.633,-0.048,0.629,0.672,0.386,0.508,0.264,0.629,0.477,0.436,0.313,0.164,0.712,0.111,0.137,0.483,-0.275,0.61,0.277,0.185,0.193,0.273,0.418,0.276,0.413,0.541,0.161,0.736,0.284,0.403,0.289,0.44,0.133,0.559,0.613,0.522,0.555,0.434,0.621,0.251,0.627,0.117,-0.008,-0.003,0.893,0.167,0.641,0.684,0.228,0.964,0.599,0.201,0.253,0.485,0.508,0.399,0.064,0.529,0.652,0.309,0.534,0.575,0.041,0.843,-0.059,0.016,0.393,0.581,0.721,0.429,0.126,0.569
AAPL,0.34,1.0,-0.027,0.108,0.231,0.185,0.562,0.248,-0.21,-0.161,0.718,0.49,0.571,0.16,0.617,0.455,0.638,-0.345,-0.172,-0.452,0.541,0.697,0.458,0.485,0.165,0.086,-0.211,0.418,-0.094,-0.119,-0.132,-0.096,0.559,0.558,-0.216,0.512,0.136,0.114,0.542,0.731,0.503,0.651,-0.304,0.506,0.658,0.546,0.61,0.659,0.386,0.594,0.612,-0.113,0.649,0.389,0.196,0.248,0.566,0.391,-0.01,0.626,-0.285,0.069,0.64,0.496,0.518,0.406,0.718,0.484,0.614,0.415,0.462,-0.128,0.742,0.256,0.506,-0.231,-0.199,0.51,0.633,0.684,0.659,0.44,0.626,0.032,0.481,0.627,-0.115,0.312,0.365,0.53,-0.312,0.572,0.412,-0.272,0.672,0.405,0.697,0.821,0.477,0.66,-0.125,0.246,0.741,-0.09,0.556,0.844,0.369,0.449,0.292,0.703,-0.01,-0.513,0.582,0.837,0.009,0.427,0.501,-0.275,0.715,0.296,0.402,-0.247,0.11,0.356,-0.372,0.424,0.082,0.579,0.598,-0.328,0.45,0.715,0.493,0.186,0.189,0.172,0.749,0.154,0.638,0.125,0.239,0.725,-0.083,0.798,-0.457,0.631,0.871,-0.281,0.131,-0.041,0.009,-0.153,0.301,0.514,0.023,0.358,0.101,0.641,-0.24,-0.035,0.32,0.721,0.508,0.138,0.1,0.52,0.568,0.094,0.57,-0.088,-0.325,0.13,0.425,0.652,0.559,0.465,0.257,0.401,0.475,0.006,-0.141,0.302,0.419,0.585,0.072,0.718,0.155,0.427,0.484,0.628,-0.442,0.409,0.593,0.144,0.776,0.737,0.307,0.365,-0.167,0.645
ABUS,-0.072,-0.027,1.0,0.164,0.091,0.114,-0.198,-0.091,0.364,0.325,-0.204,-0.448,-0.226,0.121,-0.392,-0.187,-0.387,0.485,0.419,0.306,-0.03,-0.075,-0.283,-0.13,-0.212,0.096,0.216,-0.007,0.108,0.184,0.219,0.217,-0.2,-0.243,0.182,-0.403,0.286,-0.418,0.204,-0.257,0.111,-0.333,0.28,0.086,-0.26,-0.243,-0.448,-0.341,-0.142,-0.155,0.0,0.397,-0.198,0.119,-0.13,0.497,-0.217,-0.206,0.199,-0.221,0.276,0.122,-0.431,-0.065,-0.213,-0.174,-0.182,-0.381,-0.345,-0.257,-0.323,0.164,-0.198,0.173,-0.224,0.323,0.462,-0.221,0.052,-0.033,0.301,-0.136,-0.435,0.036,-0.126,-0.234,0.156,-0.029,-0.231,0.159,0.34,-0.273,-0.054,0.364,-0.316,-0.262,-0.363,-0.171,-0.254,-0.291,0.083,-0.232,-0.203,-0.027,-0.248,-0.161,0.373,-0.075,-0.171,-0.127,0.398,0.247,0.127,-0.144,0.12,-0.059,-0.347,0.262,-0.264,-0.048,0.018,0.27,-0.028,0.034,0.435,-0.131,0.039,-0.338,-0.274,0.4,0.208,-0.312,-0.297,-0.227,0.39,-0.363,-0.204,-0.218,-0.211,0.514,-0.109,-0.261,0.168,0.077,0.297,0.014,-0.041,0.068,-0.143,0.341,0.063,0.124,0.253,-0.325,0.262,0.037,-0.042,-0.184,-0.17,0.101,-0.145,-0.415,-0.482,0.007,0.197,0.159,-0.341,0.005,-0.188,0.248,0.147,0.067,-0.175,-0.316,-0.468,0.092,-0.046,-0.135,-0.474,0.384,0.358,-0.367,-0.113,-0.296,0.366,-0.217,-0.409,0.279,-0.454,-0.245,-0.051,0.029,-0.108,0.355,-0.28,-0.365,0.065,-0.423,0.435,-0.007
ADBE,-0.017,0.108,0.164,1.0,0.857,0.339,-0.529,0.619,0.605,0.515,0.052,-0.151,-0.494,0.648,0.176,-0.41,0.019,0.578,0.578,0.512,-0.378,-0.412,-0.525,-0.499,0.536,0.376,0.796,0.695,0.754,0.823,0.289,0.765,-0.191,0.225,0.542,-0.026,0.684,-0.057,0.352,-0.277,-0.138,0.362,0.437,-0.162,-0.46,-0.045,0.206,-0.398,-0.009,-0.152,0.108,0.623,0.317,-0.452,-0.348,0.218,-0.519,0.67,0.898,-0.499,0.44,0.535,-0.228,-0.58,-0.166,0.575,0.269,0.395,-0.104,-0.365,-0.272,0.821,-0.327,0.56,-0.498,0.474,0.617,-0.534,0.565,0.496,0.184,0.536,0.085,0.534,0.364,0.008,0.593,-0.343,0.108,-0.34,0.443,-0.271,0.037,0.651,-0.375,-0.554,-0.029,0.146,-0.032,0.007,0.659,0.364,0.276,0.606,-0.52,-0.177,0.049,0.261,-0.236,-0.458,0.669,0.139,0.448,0.353,0.643,0.218,-0.362,0.6,0.097,0.528,-0.513,0.629,0.698,0.683,-0.156,0.534,0.665,0.039,0.203,0.498,0.369,-0.054,-0.51,0.395,0.488,0.251,-0.236,0.434,0.505,0.631,0.291,-0.312,0.857,0.053,0.488,0.215,0.356,0.534,0.736,0.481,0.703,0.642,0.007,0.369,0.878,0.405,0.328,0.556,0.272,0.082,-0.568,0.045,0.085,-0.288,0.443,0.281,-0.322,0.781,-0.308,0.798,0.663,-0.451,0.099,0.374,0.105,0.352,0.831,0.083,-0.078,0.338,0.408,0.517,-0.137,-0.501,-0.439,-0.31,0.002,0.41,-0.296,-0.39,0.499,0.296,-0.263,0.608,-0.279,-0.169,-0.006,0.43,-0.156,-0.218
ADI,0.28,0.231,0.091,0.857,1.0,0.471,-0.361,0.835,0.618,0.576,0.351,0.059,-0.353,0.804,0.449,-0.22,0.233,0.585,0.634,0.43,-0.166,-0.345,-0.357,-0.276,0.78,0.532,0.722,0.846,0.794,0.84,0.353,0.819,0.06,0.463,0.675,0.255,0.741,0.185,0.507,-0.172,-0.149,0.627,0.463,0.005,-0.278,0.222,0.513,-0.224,0.269,0.11,0.311,0.673,0.451,-0.257,-0.143,0.197,-0.283,0.814,0.907,-0.256,0.561,0.7,0.007,-0.426,0.052,0.807,0.405,0.68,0.122,-0.152,-0.019,0.844,-0.166,0.708,-0.347,0.498,0.643,-0.445,0.702,0.659,0.255,0.767,0.394,0.644,0.458,0.235,0.695,-0.275,0.406,-0.181,0.426,0.002,0.309,0.607,-0.245,-0.449,0.041,0.391,0.228,0.219,0.728,0.687,0.527,0.787,-0.445,-0.038,0.142,0.481,0.026,-0.281,0.73,0.047,0.661,0.474,0.745,0.483,-0.193,0.621,0.26,0.704,-0.403,0.67,0.803,0.844,-0.26,0.774,0.79,0.332,0.483,0.484,0.548,0.175,-0.313,0.694,0.556,0.531,-0.049,0.63,0.679,0.664,0.439,-0.203,0.866,0.2,0.4,0.506,0.486,0.612,0.854,0.57,0.819,0.754,0.123,0.658,0.862,0.579,0.433,0.752,0.426,0.267,-0.47,0.298,0.346,-0.199,0.697,0.433,-0.054,0.895,-0.03,0.834,0.688,-0.418,0.392,0.539,0.309,0.513,0.94,0.366,0.199,0.408,0.495,0.765,0.007,-0.31,-0.409,-0.107,0.238,0.446,-0.057,-0.163,0.553,0.502,-0.149,0.509,-0.094,0.034,0.32,0.707,-0.124,-0.026
ADMA,0.31,0.185,0.114,0.339,0.471,1.0,-0.097,0.357,0.434,0.661,0.272,0.04,-0.095,0.301,0.294,0.173,0.388,0.207,0.331,0.234,0.113,-0.088,-0.116,0.156,0.443,0.642,0.339,0.405,0.476,0.407,0.242,0.383,0.267,0.179,0.324,0.239,0.468,0.017,0.4,-0.1,-0.043,0.392,0.474,-0.007,-0.004,0.133,0.308,0.067,0.304,0.096,0.305,0.472,0.337,-0.025,-0.022,0.092,-0.073,0.54,0.339,-0.053,0.222,0.275,0.26,-0.066,0.226,0.42,0.074,0.424,0.285,0.105,0.187,0.306,0.06,0.629,-0.042,0.358,0.237,-0.163,0.293,0.264,0.057,0.466,0.291,0.22,-0.002,0.287,0.287,0.2,0.287,0.106,0.417,0.131,0.245,0.266,0.024,-0.236,-0.128,0.318,0.231,0.19,0.236,0.493,0.285,0.425,-0.171,-0.032,0.245,0.408,0.186,0.056,0.424,-0.14,0.4,0.185,0.262,0.489,0.134,0.273,0.145,0.333,-0.089,0.456,0.462,0.389,-0.143,0.354,0.279,0.267,0.292,0.233,0.478,0.162,0.067,0.418,0.471,0.371,0.106,0.51,0.47,0.379,0.559,-0.089,0.367,0.228,0.082,0.365,0.239,0.241,0.338,0.352,0.517,0.192,0.338,0.453,0.422,0.512,0.328,0.464,0.103,0.126,-0.325,0.296,0.348,0.058,0.477,0.409,0.153,0.598,0.335,0.514,0.357,-0.364,0.447,0.353,0.332,0.252,0.326,0.294,0.442,0.197,0.245,0.453,0.007,0.029,-0.049,0.195,0.221,0.135,0.278,0.199,0.496,0.41,-0.069,0.103,0.052,0.203,0.397,0.358,0.167,0.099
AEP,0.202,0.562,-0.198,-0.529,-0.361,-0.097,1.0,-0.275,-0.531,-0.404,0.44,0.443,0.927,-0.318,0.275,0.463,0.436,-0.657,-0.585,-0.752,0.567,0.786,0.845,0.748,-0.167,-0.285,-0.631,-0.21,-0.498,-0.599,-0.335,-0.523,0.528,0.153,-0.555,0.332,-0.421,0.266,0.055,0.741,0.626,0.229,-0.635,0.505,0.877,0.417,0.352,0.864,0.297,0.51,0.288,-0.488,0.259,0.539,0.515,-0.075,0.853,-0.125,-0.532,0.826,-0.47,-0.286,0.743,0.824,0.454,-0.095,0.366,0.147,0.552,0.512,0.608,-0.531,0.764,-0.285,0.889,-0.464,-0.565,0.919,-0.024,0.074,0.151,-0.145,0.467,-0.379,0.177,0.411,-0.519,0.341,0.241,0.609,-0.622,0.599,0.198,-0.643,0.865,0.853,0.55,0.457,0.32,0.476,-0.574,-0.028,0.287,-0.427,0.932,0.759,0.16,-0.003,0.437,0.887,-0.557,-0.265,0.016,0.271,-0.433,0.14,0.513,-0.671,0.452,-0.13,0.652,-0.603,-0.341,-0.233,-0.074,-0.055,-0.307,0.34,0.281,-0.562,0.015,0.533,0.729,-0.071,-0.165,-0.059,0.678,-0.23,0.176,-0.405,-0.003,0.901,-0.538,0.397,-0.624,0.233,0.332,-0.605,-0.38,-0.321,-0.45,-0.513,0.09,0.14,-0.556,-0.089,-0.175,0.121,-0.348,-0.078,0.722,0.538,0.327,0.143,-0.304,-0.026,0.71,-0.418,0.639,-0.582,-0.683,0.564,0.228,0.296,0.279,0.005,-0.317,0.145,0.489,-0.355,-0.46,-0.075,0.38,0.772,0.486,0.759,0.124,-0.082,0.532,0.779,-0.614,-0.005,0.736,-0.429,0.826,0.664,0.16,0.081,0.115,0.601
AGNC,0.506,0.248,-0.091,0.619,0.835,0.357,-0.275,1.0,0.518,0.46,0.435,0.228,-0.232,0.769,0.594,0.019,0.385,0.376,0.457,0.273,0.073,-0.214,-0.186,-0.071,0.839,0.5,0.553,0.814,0.686,0.671,0.374,0.664,0.253,0.613,0.719,0.422,0.698,0.262,0.465,-0.159,-0.312,0.613,0.458,0.069,-0.134,0.393,0.618,-0.086,0.477,0.305,0.421,0.55,0.391,-0.109,-0.049,0.235,-0.077,0.731,0.741,-0.124,0.455,0.654,0.092,-0.24,0.322,0.86,0.365,0.694,0.352,0.093,0.219,0.692,-0.036,0.668,-0.212,0.405,0.447,-0.303,0.695,0.68,0.284,0.837,0.506,0.691,0.287,0.454,0.623,-0.025,0.492,-0.038,0.372,0.212,0.511,0.373,-0.175,-0.385,0.132,0.445,0.449,0.453,0.641,0.681,0.583,0.75,-0.344,0.041,0.198,0.611,0.199,-0.153,0.571,-0.131,0.642,0.506,0.665,0.64,0.052,0.514,0.349,0.794,-0.202,0.563,0.712,0.849,-0.315,0.768,0.651,0.48,0.517,0.391,0.599,0.299,-0.104,0.736,0.436,0.745,0.089,0.668,0.623,0.473,0.575,-0.181,0.721,0.337,0.287,0.572,0.407,0.608,0.842,0.564,0.804,0.66,0.243,0.699,0.71,0.7,0.52,0.676,0.403,0.453,-0.371,0.421,0.523,0.045,0.724,0.42,0.133,0.775,0.168,0.625,0.611,-0.37,0.588,0.488,0.466,0.635,0.794,0.578,0.349,0.428,0.537,0.82,0.264,-0.103,-0.333,0.005,0.47,0.412,0.149,-0.003,0.497,0.639,-0.179,0.346,0.044,0.213,0.427,0.728,-0.082,0.082
AKBA,0.093,-0.21,0.364,0.605,0.618,0.434,-0.531,0.518,1.0,0.818,-0.069,-0.154,-0.455,0.717,0.01,-0.212,-0.15,0.568,0.646,0.703,-0.2,-0.47,-0.507,-0.205,0.553,0.369,0.69,0.52,0.728,0.8,0.574,0.751,-0.116,0.061,0.754,-0.09,0.79,-0.095,0.223,-0.505,-0.371,0.06,0.778,0.01,-0.418,-0.051,-0.021,-0.421,0.103,-0.01,0.205,0.796,-0.129,-0.255,-0.071,0.496,-0.428,0.347,0.738,-0.528,0.701,0.658,-0.432,-0.286,-0.116,0.462,-0.178,0.153,-0.202,-0.149,-0.078,0.698,-0.33,0.542,-0.377,0.896,0.735,-0.502,0.439,0.305,0.119,0.371,-0.035,0.643,-0.108,-0.093,0.694,0.032,0.117,-0.084,0.711,-0.173,0.169,0.566,-0.53,-0.556,-0.34,-0.108,-0.006,-0.138,0.647,0.261,0.117,0.758,-0.561,-0.342,0.308,0.224,0.164,-0.427,0.627,0.29,0.326,-0.028,0.747,0.356,-0.394,0.771,-0.196,0.508,-0.136,0.835,0.454,0.543,0.299,0.429,0.468,-0.057,0.089,0.774,0.492,-0.256,-0.3,0.34,0.692,0.177,-0.232,0.322,0.057,0.492,0.37,-0.545,0.73,0.044,0.651,0.242,-0.008,0.678,0.518,0.807,0.672,0.684,0.181,0.121,0.707,0.457,0.334,0.137,0.278,0.541,-0.402,-0.171,-0.071,0.152,0.546,0.125,-0.259,0.672,-0.091,0.76,0.788,-0.072,0.134,-0.078,-0.055,0.335,0.542,0.088,-0.096,0.599,0.779,0.341,-0.163,-0.429,0.07,-0.444,0.096,0.362,-0.371,-0.375,0.712,0.344,-0.46,0.591,-0.433,-0.313,0.216,0.258,0.394,-0.153
ALT,0.153,-0.161,0.325,0.515,0.576,0.661,-0.404,0.46,0.818,1.0,-0.025,-0.165,-0.362,0.576,0.028,-0.165,0.001,0.519,0.571,0.599,-0.073,-0.398,-0.398,-0.1,0.536,0.523,0.673,0.464,0.75,0.7,0.554,0.648,-0.016,-0.009,0.654,-0.025,0.786,-0.084,0.307,-0.459,-0.253,0.141,0.728,-0.014,-0.336,-0.018,0.06,-0.32,0.143,-0.078,0.24,0.725,-0.056,-0.152,-0.011,0.351,-0.376,0.405,0.645,-0.45,0.583,0.56,-0.245,-0.271,-0.044,0.439,-0.177,0.217,-0.062,-0.125,0.041,0.591,-0.26,0.531,-0.281,0.738,0.569,-0.413,0.323,0.254,0.082,0.378,0.034,0.453,-0.167,-0.044,0.515,0.041,0.144,-0.032,0.662,-0.099,0.101,0.476,-0.368,-0.495,-0.444,0.004,0.048,-0.109,0.489,0.422,0.086,0.706,-0.44,-0.321,0.287,0.248,0.129,-0.331,0.615,0.238,0.288,-0.023,0.543,0.436,-0.285,0.644,-0.069,0.448,-0.195,0.742,0.423,0.428,0.218,0.411,0.394,0.015,0.046,0.712,0.463,-0.22,-0.236,0.403,0.594,0.304,-0.189,0.421,0.129,0.462,0.446,-0.473,0.669,-0.009,0.614,0.256,-0.045,0.583,0.435,0.718,0.693,0.487,0.341,0.217,0.701,0.481,0.32,0.173,0.166,0.489,-0.494,-0.071,0.02,0.081,0.599,0.18,-0.164,0.64,0.042,0.682,0.698,-0.246,0.207,0.035,0.038,0.313,0.47,0.12,0.067,0.587,0.671,0.377,-0.139,-0.346,0.104,-0.309,0.195,0.243,-0.161,-0.205,0.73,0.318,-0.367,0.425,-0.339,-0.192,0.335,0.259,0.444,-0.052
AMAT,0.688,0.718,-0.204,0.052,0.351,0.272,0.44,0.435,-0.069,-0.025,1.0,0.795,0.512,0.387,0.808,0.682,0.764,-0.233,0.057,-0.327,0.61,0.503,0.547,0.59,0.526,0.279,-0.182,0.455,0.124,-0.023,0.043,0.1,0.806,0.771,0.086,0.793,0.231,0.455,0.524,0.478,0.047,0.727,-0.049,0.6,0.619,0.742,0.793,0.65,0.734,0.787,0.741,0.151,0.421,0.508,0.434,0.242,0.587,0.486,0.025,0.694,0.044,0.417,0.612,0.441,0.713,0.652,0.559,0.654,0.78,0.621,0.609,-0.101,0.674,0.42,0.524,-0.046,-0.011,0.388,0.642,0.73,0.411,0.59,0.715,0.351,0.294,0.798,0.241,0.38,0.748,0.604,-0.127,0.751,0.694,-0.231,0.515,0.27,0.569,0.938,0.76,0.805,0.182,0.593,0.88,0.244,0.34,0.676,0.48,0.66,0.6,0.605,0.022,-0.514,0.798,0.768,0.265,0.748,0.643,-0.088,0.807,0.599,0.383,-0.039,0.194,0.57,-0.409,0.716,0.141,0.856,0.851,-0.204,0.631,0.875,0.583,0.528,0.267,0.505,0.749,0.407,0.542,0.158,0.548,0.467,0.071,0.634,-0.456,0.776,0.698,-0.019,0.238,0.112,0.258,0.177,0.387,0.715,0.073,0.587,0.233,0.664,0.124,0.298,0.278,0.812,0.755,0.372,0.421,0.52,0.769,0.217,0.73,0.056,-0.173,0.089,0.756,0.515,0.744,0.693,0.377,0.727,0.719,0.083,0.08,0.503,0.437,0.551,0.035,0.69,0.507,0.435,0.671,0.726,-0.162,0.677,0.339,0.049,0.731,0.775,0.669,0.542,-0.073,0.72
AMD,0.574,0.49,-0.448,-0.151,0.059,0.04,0.443,0.228,-0.154,-0.165,0.795,1.0,0.557,0.27,0.647,0.695,0.64,-0.395,-0.209,-0.331,0.583,0.452,0.602,0.569,0.385,0.061,-0.294,0.201,0.006,-0.165,0.016,-0.049,0.754,0.638,-0.009,0.655,0.084,0.422,0.233,0.38,-0.126,0.468,-0.069,0.57,0.582,0.653,0.589,0.632,0.63,0.789,0.568,0.023,0.124,0.482,0.431,0.174,0.576,0.228,-0.17,0.641,-0.022,0.321,0.481,0.484,0.636,0.439,0.288,0.459,0.708,0.646,0.597,-0.293,0.593,0.179,0.563,-0.087,-0.2,0.457,0.44,0.528,0.211,0.32,0.636,0.375,0.055,0.666,0.152,0.477,0.583,0.529,-0.174,0.69,0.593,-0.395,0.46,0.272,0.526,0.706,0.664,0.656,0.11,0.335,0.717,0.112,0.388,0.575,0.395,0.564,0.648,0.498,-0.249,-0.484,0.528,0.534,0.203,0.576,0.644,-0.178,0.667,0.413,0.437,-0.106,-0.064,0.337,-0.352,0.582,-0.065,0.69,0.694,-0.202,0.424,0.796,0.595,0.364,0.144,0.386,0.677,0.244,0.244,-0.175,0.467,0.403,-0.081,0.466,-0.503,0.561,0.492,-0.02,0.011,0.032,0.101,0.095,0.251,0.421,-0.139,0.407,0.188,0.336,0.053,0.293,0.413,0.692,0.643,0.495,0.249,0.306,0.689,-0.032,0.636,-0.18,-0.232,0.215,0.592,0.261,0.723,0.568,0.155,0.586,0.621,-0.018,0.011,0.351,0.329,0.586,0.091,0.578,0.595,0.275,0.607,0.657,-0.154,0.509,0.275,-0.054,0.622,0.658,0.522,0.418,-0.07,0.642
AMGN,0.247,0.571,-0.226,-0.494,-0.353,-0.095,0.927,-0.232,-0.455,-0.362,0.512,0.557,1.0,-0.225,0.339,0.554,0.467,-0.672,-0.56,-0.737,0.661,0.832,0.889,0.817,-0.088,-0.262,-0.634,-0.181,-0.411,-0.558,-0.239,-0.506,0.655,0.249,-0.493,0.385,-0.309,0.301,0.07,0.691,0.473,0.23,-0.518,0.603,0.905,0.547,0.377,0.92,0.404,0.604,0.414,-0.384,0.149,0.645,0.613,0.028,0.84,-0.129,-0.521,0.829,-0.427,-0.163,0.678,0.867,0.532,-0.034,0.29,0.146,0.622,0.611,0.709,-0.555,0.805,-0.216,0.934,-0.371,-0.529,0.954,0.08,0.175,0.167,-0.073,0.505,-0.267,0.08,0.47,-0.447,0.44,0.287,0.714,-0.558,0.696,0.274,-0.682,0.855,0.819,0.557,0.508,0.389,0.538,-0.514,0.011,0.379,-0.331,0.899,0.778,0.303,0.091,0.547,0.898,-0.517,-0.317,0.126,0.326,-0.333,0.263,0.565,-0.624,0.507,-0.023,0.741,-0.558,-0.364,-0.153,-0.038,0.046,-0.363,0.42,0.356,-0.496,0.147,0.589,0.791,-0.046,-0.094,-0.023,0.75,-0.178,0.122,-0.409,0.158,0.838,-0.488,0.453,-0.604,0.338,0.338,-0.525,-0.349,-0.212,-0.402,-0.458,0.226,0.158,-0.538,0.004,-0.169,0.083,-0.315,0.065,0.709,0.587,0.382,0.336,-0.244,0.019,0.776,-0.415,0.72,-0.547,-0.645,0.619,0.296,0.214,0.358,0.126,-0.322,0.206,0.522,-0.292,-0.335,-0.065,0.408,0.808,0.54,0.747,0.241,-0.006,0.555,0.803,-0.56,0.099,0.668,-0.377,0.855,0.723,0.26,0.096,0.207,0.674
AMZN,0.37,0.16,0.121,0.648,0.804,0.301,-0.318,0.769,0.717,0.576,0.387,0.27,-0.225,1.0,0.377,-0.036,0.136,0.471,0.624,0.528,-0.051,-0.268,-0.269,-0.114,0.748,0.432,0.624,0.692,0.737,0.737,0.559,0.782,0.155,0.433,0.781,0.244,0.797,0.1,0.428,-0.234,-0.338,0.462,0.59,0.299,-0.223,0.28,0.375,-0.192,0.401,0.297,0.439,0.758,0.141,-0.048,0.121,0.451,-0.2,0.559,0.772,-0.217,0.657,0.86,-0.142,-0.23,0.142,0.735,0.23,0.501,0.135,0.003,0.08,0.685,-0.104,0.603,-0.242,0.655,0.697,-0.357,0.754,0.682,0.358,0.637,0.36,0.792,0.176,0.26,0.783,-0.046,0.449,0.06,0.509,0.086,0.41,0.483,-0.324,-0.461,-0.016,0.356,0.283,0.216,0.754,0.545,0.534,0.769,-0.39,0.005,0.414,0.468,0.234,-0.237,0.602,0.148,0.69,0.398,0.826,0.546,-0.159,0.695,0.254,0.766,-0.165,0.759,0.596,0.798,0.003,0.813,0.639,0.308,0.462,0.579,0.647,0.17,-0.212,0.617,0.698,0.471,0.032,0.535,0.386,0.593,0.484,-0.277,0.785,0.242,0.397,0.612,0.394,0.673,0.695,0.761,0.76,0.779,0.248,0.456,0.711,0.59,0.434,0.5,0.311,0.546,-0.319,0.235,0.279,0.173,0.775,0.34,-0.018,0.714,0.081,0.697,0.658,-0.131,0.414,0.271,0.305,0.645,0.777,0.425,0.123,0.589,0.695,0.601,-0.002,-0.263,-0.136,-0.148,0.291,0.599,-0.124,-0.119,0.507,0.547,-0.183,0.538,-0.09,-0.007,0.472,0.572,0.125,0.09
APA,0.626,0.617,-0.392,0.176,0.449,0.294,0.275,0.594,0.01,0.028,0.808,0.647,0.339,0.377,1.0,0.488,0.775,-0.14,-0.094,-0.331,0.527,0.38,0.386,0.476,0.636,0.237,-0.113,0.619,0.181,0.122,-0.04,0.068,0.645,0.774,0.12,0.872,0.265,0.583,0.449,0.446,-0.001,0.777,-0.071,0.31,0.522,0.758,0.863,0.577,0.648,0.667,0.639,0.068,0.559,0.205,0.213,0.035,0.5,0.649,0.144,0.507,-0.022,0.322,0.634,0.293,0.662,0.762,0.566,0.725,0.746,0.538,0.638,0.06,0.581,0.453,0.392,-0.053,-0.088,0.258,0.605,0.664,0.261,0.734,0.727,0.335,0.363,0.785,0.152,0.293,0.649,0.373,-0.131,0.639,0.636,-0.216,0.469,0.187,0.617,0.787,0.729,0.807,0.148,0.627,0.811,0.417,0.207,0.531,0.21,0.611,0.543,0.437,0.052,-0.553,0.624,0.763,0.259,0.719,0.519,-0.056,0.712,0.637,0.27,-0.029,0.303,0.578,-0.598,0.656,0.157,0.862,0.811,-0.225,0.529,0.754,0.534,0.616,0.109,0.634,0.67,0.555,0.641,0.015,0.573,0.405,0.104,0.616,-0.307,0.61,0.596,0.151,0.456,0.075,0.345,0.168,0.251,0.821,0.15,0.639,0.207,0.723,0.289,0.281,0.206,0.787,0.869,0.237,0.338,0.366,0.691,0.41,0.644,0.149,-0.037,-0.073,0.734,0.553,0.822,0.536,0.476,0.684,0.785,0.022,0.107,0.707,0.475,0.504,-0.191,0.62,0.638,0.292,0.665,0.592,0.031,0.594,0.154,0.012,0.607,0.756,0.458,0.701,-0.202,0.553
APPS,0.54,0.455,-0.187,-0.41,-0.22,0.173,0.463,0.019,-0.212,-0.165,0.682,0.695,0.554,-0.036,0.488,1.0,0.615,-0.527,-0.242,-0.426,0.722,0.587,0.611,0.723,0.137,0.088,-0.506,-0.046,-0.228,-0.392,-0.029,-0.326,0.731,0.473,-0.145,0.566,-0.062,0.249,0.202,0.363,-0.04,0.285,-0.073,0.524,0.652,0.578,0.389,0.652,0.581,0.68,0.595,-0.101,0.069,0.602,0.442,0.26,0.622,-0.004,-0.431,0.692,-0.209,0.06,0.478,0.612,0.668,0.172,0.132,0.193,0.664,0.692,0.594,-0.522,0.676,0.135,0.609,-0.169,-0.303,0.496,0.258,0.319,0.234,0.171,0.385,0.049,-0.171,0.611,-0.075,0.749,0.457,0.694,-0.15,0.68,0.528,-0.533,0.482,0.352,0.376,0.573,0.595,0.63,-0.191,0.162,0.513,-0.113,0.426,0.543,0.452,0.399,0.64,0.647,-0.315,-0.547,0.386,0.384,-0.108,0.528,0.702,-0.339,0.512,0.242,0.626,-0.263,-0.229,0.13,-0.121,0.261,-0.369,0.552,0.523,-0.293,0.407,0.635,0.735,0.108,0.08,0.226,0.702,0.047,0.049,-0.202,0.424,0.375,-0.352,0.507,-0.562,0.46,0.302,-0.243,-0.231,-0.05,-0.108,-0.23,0.405,0.255,-0.342,0.329,0.034,0.137,-0.07,0.275,0.445,0.542,0.497,0.572,0.11,0.248,0.71,-0.231,0.722,-0.345,-0.417,0.276,0.52,0.076,0.502,0.416,-0.204,0.504,0.598,-0.014,-0.075,0.052,0.349,0.61,0.317,0.59,0.379,0.184,0.659,0.721,-0.299,0.409,0.192,-0.137,0.595,0.657,0.513,0.069,0.16,0.677
ARCC,0.659,0.638,-0.387,0.019,0.233,0.388,0.436,0.385,-0.15,0.001,0.764,0.64,0.467,0.136,0.775,0.615,1.0,-0.315,-0.221,-0.454,0.601,0.502,0.513,0.634,0.49,0.334,-0.166,0.417,0.082,-0.057,-0.046,-0.001,0.756,0.736,-0.066,0.726,0.176,0.482,0.418,0.479,0.07,0.716,-0.119,0.355,0.644,0.733,0.806,0.689,0.67,0.68,0.638,0.028,0.502,0.321,0.235,0.072,0.612,0.552,-0.013,0.621,-0.184,0.132,0.766,0.463,0.744,0.54,0.509,0.638,0.781,0.614,0.655,-0.15,0.692,0.418,0.543,-0.196,-0.311,0.425,0.479,0.601,0.186,0.544,0.728,0.206,0.259,0.81,0.02,0.47,0.565,0.481,-0.146,0.727,0.638,-0.279,0.653,0.329,0.641,0.77,0.817,0.857,-0.013,0.514,0.699,0.18,0.416,0.575,0.284,0.599,0.479,0.587,-0.125,-0.62,0.493,0.742,0.1,0.693,0.671,-0.268,0.775,0.516,0.379,-0.136,0.217,0.449,-0.592,0.489,0.028,0.793,0.698,-0.323,0.463,0.775,0.626,0.396,0.079,0.518,0.766,0.469,0.607,-0.033,0.599,0.532,-0.018,0.602,-0.468,0.541,0.519,-0.131,0.237,-0.019,0.236,-0.008,0.215,0.724,0.069,0.604,0.103,0.662,0.106,0.135,0.298,0.866,0.767,0.32,0.302,0.397,0.771,0.236,0.744,0.01,-0.207,-0.02,0.761,0.57,0.794,0.555,0.239,0.683,0.872,-0.154,-0.061,0.596,0.413,0.638,-0.068,0.763,0.634,0.249,0.761,0.813,-0.084,0.664,0.282,-0.053,0.714,0.874,0.512,0.565,-0.132,0.676
ARDX,0.007,-0.345,0.485,0.578,0.585,0.207,-0.657,0.376,0.568,0.519,-0.233,-0.395,-0.672,0.471,-0.14,-0.527,-0.315,1.0,0.674,0.638,-0.399,-0.634,-0.615,-0.581,0.258,0.396,0.651,0.389,0.596,0.665,0.277,0.681,-0.368,-0.003,0.614,-0.269,0.509,-0.121,0.137,-0.562,-0.292,-0.057,0.503,-0.323,-0.682,-0.205,-0.143,-0.685,-0.152,-0.308,-0.188,0.631,-0.025,-0.294,-0.314,0.158,-0.584,0.272,0.667,-0.527,0.685,0.408,-0.522,-0.667,-0.353,0.227,-0.098,0.038,-0.427,-0.546,-0.424,0.646,-0.63,0.397,-0.661,0.48,0.625,-0.723,0.142,0.07,-0.055,0.258,-0.25,0.443,0.139,-0.273,0.599,-0.392,-0.11,-0.423,0.592,-0.431,-0.084,0.764,-0.633,-0.647,-0.5,-0.23,-0.225,-0.343,0.617,0.298,-0.103,0.524,-0.766,-0.559,-0.036,0.086,-0.352,-0.689,0.76,0.397,0.183,-0.137,0.519,0.025,-0.596,0.602,-0.276,0.243,-0.606,0.653,0.489,0.327,0.039,0.242,0.504,-0.214,-0.139,0.619,0.111,-0.372,-0.686,0.241,0.286,0.096,-0.526,0.323,0.062,0.609,0.035,-0.629,0.662,-0.255,0.611,-0.023,-0.135,0.639,0.475,0.416,0.542,0.677,0.03,0.064,0.658,0.203,0.136,0.137,0.357,0.092,-0.575,-0.333,-0.251,-0.269,0.539,0.181,-0.561,0.515,-0.472,0.667,0.644,-0.492,-0.048,-0.098,-0.243,0.115,0.457,0.023,-0.364,0.398,0.537,0.186,-0.21,-0.619,-0.309,-0.477,-0.07,0.165,-0.507,-0.555,0.521,0.132,-0.453,0.413,-0.584,-0.521,0.093,0.124,0.01,-0.331
ATER,0.086,-0.172,0.419,0.578,0.634,0.331,-0.585,0.457,0.646,0.571,0.057,-0.209,-0.56,0.624,-0.094,-0.242,-0.221,0.674,1.0,0.719,-0.357,-0.606,-0.565,-0.439,0.42,0.589,0.67,0.444,0.71,0.698,0.546,0.762,-0.17,0.108,0.727,-0.154,0.626,-0.209,0.367,-0.529,-0.325,0.123,0.74,-0.021,-0.574,-0.165,-0.017,-0.558,0.025,-0.136,0.062,0.764,-0.042,-0.138,-0.076,0.357,-0.555,0.295,0.654,-0.436,0.772,0.622,-0.422,-0.554,-0.245,0.398,0.025,0.207,-0.267,-0.332,-0.326,0.642,-0.473,0.519,-0.584,0.676,0.837,-0.672,0.377,0.292,0.207,0.346,-0.092,0.541,0.109,-0.16,0.741,-0.27,0.217,-0.198,0.707,-0.268,0.092,0.726,-0.619,-0.616,-0.464,0.008,-0.097,-0.241,0.721,0.387,0.097,0.513,-0.673,-0.334,0.281,0.294,-0.131,-0.483,0.808,0.333,0.47,-0.015,0.632,0.221,-0.398,0.788,-0.092,0.377,-0.461,0.755,0.541,0.498,0.2,0.424,0.631,-0.039,0.06,0.684,0.379,-0.259,-0.563,0.389,0.593,0.169,-0.39,0.37,0.14,0.81,0.168,-0.595,0.721,-0.111,0.526,0.328,0.065,0.569,0.493,0.623,0.592,0.717,0.251,0.174,0.683,0.295,0.325,0.267,0.258,0.259,-0.597,-0.166,-0.173,-0.011,0.627,0.377,-0.37,0.59,-0.268,0.736,0.71,-0.314,0.086,0.053,-0.148,0.323,0.538,0.127,-0.249,0.541,0.549,0.222,-0.185,-0.607,-0.196,-0.434,-0.075,0.413,-0.326,-0.434,0.594,0.322,-0.3,0.524,-0.417,-0.413,0.324,0.193,0.088,-0.256
ATOS,-0.197,-0.452,0.306,0.512,0.43,0.234,-0.752,0.273,0.703,0.599,-0.327,-0.331,-0.737,0.528,-0.331,-0.426,-0.454,0.638,0.719,1.0,-0.606,-0.778,-0.813,-0.622,0.215,0.337,0.701,0.265,0.591,0.711,0.455,0.674,-0.482,-0.251,0.62,-0.288,0.552,-0.471,0.027,-0.689,-0.392,-0.164,0.752,-0.264,-0.768,-0.451,-0.316,-0.76,-0.307,-0.422,-0.173,0.641,-0.21,-0.432,-0.195,0.232,-0.816,0.123,0.602,-0.773,0.631,0.422,-0.67,-0.646,-0.527,0.136,-0.229,-0.056,-0.559,-0.536,-0.492,0.607,-0.648,0.321,-0.768,0.697,0.69,-0.782,0.149,0.004,0.053,0.065,-0.327,0.421,-0.146,-0.455,0.657,-0.257,-0.192,-0.427,0.676,-0.586,-0.2,0.723,-0.829,-0.783,-0.618,-0.376,-0.409,-0.544,0.69,0.084,-0.21,0.458,-0.786,-0.549,-0.018,-0.024,-0.341,-0.762,0.58,0.475,0.054,-0.31,0.571,-0.08,-0.584,0.859,-0.357,0.125,-0.529,0.857,0.331,0.235,0.389,0.159,0.495,-0.389,-0.288,0.645,0.086,-0.521,-0.662,0.084,0.439,-0.032,-0.606,0.185,-0.103,0.506,-0.038,-0.753,0.62,-0.289,0.636,-0.06,-0.192,0.533,0.352,0.557,0.434,0.592,-0.012,-0.136,0.56,0.053,0.253,-0.047,0.086,0.152,-0.68,-0.497,-0.338,-0.133,0.422,0.081,-0.702,0.475,-0.529,0.666,0.763,-0.338,-0.235,-0.191,-0.298,0.042,0.375,-0.184,-0.451,0.543,0.476,0.09,-0.445,-0.688,-0.2,-0.663,-0.252,0.231,-0.562,-0.678,0.674,0.032,-0.497,0.457,-0.738,-0.667,-0.054,0.011,0.095,-0.503
AUPH,0.543,0.541,-0.03,-0.378,-0.166,0.113,0.567,0.073,-0.2,-0.073,0.61,0.583,0.661,-0.051,0.527,0.722,0.601,-0.399,-0.357,-0.606,1.0,0.749,0.714,0.822,0.172,0.022,-0.469,0.009,-0.183,-0.376,0.05,-0.344,0.788,0.466,-0.181,0.523,0.031,0.342,0.278,0.505,0.102,0.331,-0.196,0.605,0.755,0.74,0.465,0.729,0.613,0.767,0.702,-0.103,0.089,0.713,0.424,0.331,0.762,0.025,-0.358,0.727,-0.226,0.07,0.522,0.738,0.738,0.2,0.218,0.161,0.677,0.703,0.717,-0.467,0.771,0.158,0.736,-0.167,-0.384,0.64,0.281,0.38,0.285,0.222,0.435,0.065,-0.074,0.671,-0.201,0.583,0.379,0.772,-0.195,0.787,0.517,-0.582,0.652,0.442,0.397,0.61,0.659,0.656,-0.288,0.17,0.547,-0.05,0.541,0.6,0.488,0.416,0.711,0.727,-0.204,-0.547,0.363,0.485,-0.122,0.599,0.669,-0.44,0.542,0.294,0.729,-0.396,-0.203,0.153,-0.206,0.257,-0.372,0.594,0.489,-0.201,0.496,0.629,0.775,0.084,0.064,0.2,0.796,0.018,0.089,-0.217,0.445,0.478,-0.337,0.61,-0.414,0.472,0.313,-0.132,-0.196,0.029,-0.066,-0.245,0.493,0.287,-0.257,0.418,-0.007,0.146,-0.08,0.354,0.534,0.574,0.471,0.52,0.109,0.24,0.778,-0.199,0.808,-0.342,-0.417,0.342,0.567,0.123,0.476,0.481,-0.171,0.502,0.612,-0.005,0.065,0.089,0.45,0.745,0.442,0.676,0.47,0.251,0.627,0.776,-0.338,0.423,0.286,-0.115,0.685,0.73,0.563,0.108,0.315,0.831
AVGO,0.254,0.697,-0.075,-0.412,-0.345,-0.088,0.786,-0.214,-0.47,-0.398,0.503,0.452,0.832,-0.268,0.38,0.587,0.502,-0.634,-0.606,-0.778,0.749,1.0,0.781,0.773,-0.18,-0.263,-0.596,-0.111,-0.484,-0.603,-0.299,-0.527,0.585,0.278,-0.494,0.392,-0.27,0.195,0.169,0.82,0.452,0.238,-0.569,0.535,0.881,0.516,0.343,0.843,0.391,0.587,0.484,-0.442,0.276,0.528,0.388,0.133,0.808,-0.075,-0.51,0.787,-0.577,-0.263,0.618,0.829,0.593,-0.032,0.319,0.063,0.602,0.6,0.582,-0.571,0.851,-0.163,0.833,-0.446,-0.56,0.835,0.17,0.262,0.304,-0.004,0.392,-0.269,0.089,0.549,-0.471,0.474,0.195,0.713,-0.515,0.645,0.285,-0.652,0.847,0.685,0.645,0.547,0.429,0.614,-0.555,-0.116,0.431,-0.393,0.819,0.747,0.322,0.106,0.439,0.896,-0.446,-0.454,0.185,0.516,-0.359,0.246,0.663,-0.691,0.494,0.009,0.737,-0.643,-0.296,-0.083,-0.165,0.012,-0.445,0.421,0.361,-0.541,0.186,0.648,0.77,-0.13,-0.11,-0.01,0.804,-0.155,0.152,-0.313,0.141,0.805,-0.533,0.621,-0.643,0.287,0.433,-0.527,-0.325,-0.288,-0.366,-0.531,0.18,0.139,-0.477,0.096,-0.138,0.121,-0.364,-0.017,0.679,0.537,0.383,0.302,-0.266,0.135,0.711,-0.394,0.677,-0.55,-0.694,0.47,0.309,0.216,0.376,0.214,-0.296,0.214,0.451,-0.283,-0.255,-0.114,0.375,0.794,0.461,0.734,0.14,0.11,0.543,0.778,-0.688,0.153,0.542,-0.215,0.834,0.736,0.183,-0.039,0.108,0.71
AZN,0.418,0.458,-0.283,-0.525,-0.357,-0.116,0.845,-0.186,-0.507,-0.398,0.547,0.602,0.889,-0.269,0.386,0.611,0.513,-0.615,-0.565,-0.813,0.714,0.781,1.0,0.793,-0.038,-0.246,-0.63,-0.199,-0.424,-0.613,-0.258,-0.513,0.675,0.345,-0.434,0.415,-0.35,0.478,-0.002,0.588,0.283,0.203,-0.538,0.516,0.856,0.55,0.394,0.863,0.556,0.64,0.391,-0.377,0.074,0.639,0.478,-0.024,0.878,-0.107,-0.551,0.862,-0.396,-0.149,0.663,0.785,0.703,0.006,0.179,0.18,0.671,0.674,0.68,-0.593,0.729,-0.222,0.889,-0.446,-0.558,0.882,0.008,0.153,0.035,-0.011,0.468,-0.201,0.007,0.615,-0.419,0.432,0.363,0.638,-0.51,0.734,0.415,-0.679,0.807,0.741,0.58,0.532,0.542,0.64,-0.503,0.056,0.377,-0.29,0.787,0.621,0.298,0.189,0.571,0.826,-0.53,-0.389,0.151,0.302,-0.379,0.321,0.724,-0.698,0.49,0.052,0.688,-0.619,-0.317,-0.084,-0.194,0.076,-0.389,0.501,0.4,-0.513,0.151,0.678,0.779,0.063,-0.171,0.152,0.725,-0.125,0.082,-0.451,0.246,0.72,-0.484,0.371,-0.64,0.329,0.239,-0.421,-0.352,-0.294,-0.301,-0.425,0.19,0.212,-0.523,0.097,-0.091,0.063,-0.154,0.105,0.685,0.592,0.444,0.387,-0.188,0.012,0.841,-0.425,0.705,-0.576,-0.67,0.497,0.431,0.16,0.435,0.184,-0.306,0.389,0.579,-0.328,-0.332,-0.001,0.484,0.804,0.44,0.731,0.352,-0.075,0.654,0.813,-0.542,0.194,0.513,-0.424,0.827,0.754,0.31,0.096,0.13,0.692
BCRX,0.513,0.485,-0.13,-0.499,-0.276,0.156,0.748,-0.071,-0.205,-0.1,0.59,0.569,0.817,-0.114,0.476,0.723,0.634,-0.581,-0.439,-0.622,0.822,0.773,0.793,1.0,0.112,-0.05,-0.576,-0.076,-0.305,-0.425,-0.091,-0.403,0.798,0.385,-0.281,0.525,-0.101,0.34,0.127,0.535,0.189,0.268,-0.238,0.633,0.895,0.651,0.433,0.869,0.612,0.749,0.651,-0.161,0.044,0.657,0.598,0.217,0.856,-0.027,-0.463,0.754,-0.321,-0.027,0.663,0.925,0.728,0.112,0.163,0.152,0.685,0.818,0.781,-0.519,0.872,0.071,0.889,-0.135,-0.43,0.793,0.172,0.252,0.153,0.088,0.455,-0.083,-0.154,0.65,-0.291,0.681,0.386,0.869,-0.304,0.784,0.527,-0.605,0.742,0.615,0.456,0.528,0.604,0.686,-0.405,0.113,0.443,-0.088,0.702,0.644,0.476,0.289,0.751,0.866,-0.418,-0.409,0.239,0.358,-0.164,0.551,0.687,-0.451,0.507,0.216,0.878,-0.366,-0.302,0.04,-0.027,0.109,-0.416,0.56,0.458,-0.35,0.406,0.635,0.928,0.053,0.078,0.14,0.857,0.011,0.07,-0.319,0.43,0.626,-0.448,0.574,-0.563,0.411,0.238,-0.377,-0.269,0.002,-0.202,-0.342,0.35,0.262,-0.433,0.302,-0.1,0.093,-0.187,0.317,0.66,0.601,0.505,0.596,0.015,0.132,0.881,-0.241,0.923,-0.36,-0.479,0.546,0.547,0.101,0.49,0.331,-0.298,0.427,0.703,-0.137,-0.071,0.043,0.4,0.831,0.619,0.754,0.425,0.133,0.661,0.888,-0.327,0.389,0.39,-0.327,0.761,0.769,0.482,0.096,0.422,0.816
BGC,0.534,0.165,-0.212,0.536,0.78,0.443,-0.167,0.839,0.553,0.536,0.526,0.385,-0.088,0.748,0.636,0.137,0.49,0.258,0.42,0.215,0.172,-0.18,-0.038,0.112,1.0,0.494,0.492,0.715,0.726,0.643,0.505,0.647,0.405,0.613,0.672,0.5,0.668,0.457,0.43,-0.116,-0.33,0.679,0.469,0.228,0.007,0.518,0.693,0.075,0.591,0.433,0.537,0.61,0.288,0.009,0.157,0.21,0.032,0.749,0.66,-0.025,0.508,0.767,0.188,-0.105,0.384,0.864,0.304,0.718,0.399,0.254,0.372,0.588,0.098,0.703,-0.018,0.476,0.422,-0.182,0.641,0.649,0.084,0.779,0.559,0.721,0.214,0.48,0.63,0.019,0.612,0.072,0.387,0.342,0.57,0.286,-0.048,-0.251,0.156,0.484,0.567,0.473,0.622,0.767,0.61,0.823,-0.247,0.086,0.268,0.595,0.448,-0.054,0.461,-0.094,0.633,0.476,0.707,0.751,0.099,0.463,0.428,0.836,-0.055,0.533,0.649,0.831,-0.299,0.82,0.572,0.597,0.619,0.383,0.684,0.339,0.081,0.754,0.488,0.698,0.219,0.664,0.551,0.375,0.69,-0.127,0.676,0.261,0.283,0.605,0.318,0.609,0.759,0.609,0.79,0.677,0.28,0.739,0.636,0.736,0.451,0.647,0.499,0.545,-0.212,0.496,0.573,0.161,0.691,0.295,0.324,0.776,0.331,0.64,0.564,-0.185,0.669,0.435,0.529,0.648,0.757,0.602,0.548,0.32,0.519,0.849,0.196,-0.023,-0.224,0.068,0.585,0.401,0.255,0.156,0.585,0.646,-0.171,0.293,0.112,0.318,0.564,0.765,0.068,0.227
BIDU,0.387,0.086,0.096,0.376,0.532,0.642,-0.285,0.5,0.369,0.523,0.279,0.061,-0.262,0.432,0.237,0.088,0.334,0.396,0.589,0.337,0.022,-0.263,-0.246,-0.05,0.494,1.0,0.505,0.488,0.66,0.515,0.371,0.556,0.208,0.327,0.54,0.229,0.597,0.011,0.47,-0.225,-0.291,0.367,0.621,0.009,-0.195,0.194,0.338,-0.127,0.338,0.12,0.256,0.626,0.251,0.027,-0.078,0.208,-0.187,0.473,0.445,-0.101,0.457,0.396,0.092,-0.275,0.174,0.478,0.161,0.421,0.221,-0.047,0.094,0.414,-0.107,0.749,-0.24,0.332,0.419,-0.388,0.368,0.357,0.127,0.501,0.26,0.455,0.119,0.255,0.515,0.01,0.384,-0.02,0.679,0.031,0.322,0.478,-0.183,-0.377,-0.186,0.256,0.246,0.178,0.499,0.555,0.298,0.428,-0.339,-0.099,0.332,0.54,0.055,-0.143,0.677,-0.099,0.471,0.232,0.442,0.5,0.038,0.412,0.18,0.421,-0.257,0.548,0.677,0.512,-0.224,0.456,0.473,0.291,0.279,0.427,0.437,0.121,-0.175,0.513,0.463,0.468,-0.021,0.599,0.406,0.693,0.531,-0.263,0.545,0.195,0.192,0.443,0.188,0.421,0.455,0.506,0.641,0.467,0.312,0.444,0.525,0.541,0.346,0.476,0.277,0.164,-0.37,0.267,0.237,0.12,0.664,0.522,0.016,0.635,0.144,0.625,0.547,-0.415,0.461,0.286,0.25,0.442,0.415,0.401,0.28,0.345,0.312,0.464,-0.021,-0.131,-0.253,0.04,0.292,0.317,0.109,0.04,0.57,0.545,-0.219,0.296,-0.058,0.047,0.494,0.405,0.063,0.035
BILI,-0.061,-0.211,0.216,0.796,0.722,0.339,-0.631,0.553,0.69,0.673,-0.182,-0.294,-0.634,0.624,-0.113,-0.506,-0.166,0.651,0.67,0.701,-0.469,-0.596,-0.63,-0.576,0.492,0.505,1.0,0.563,0.8,0.83,0.499,0.862,-0.378,-0.005,0.721,-0.213,0.707,-0.197,0.265,-0.512,-0.269,0.159,0.622,-0.25,-0.62,-0.229,0.022,-0.603,-0.076,-0.3,-0.027,0.691,0.091,-0.492,-0.291,0.243,-0.644,0.511,0.878,-0.672,0.548,0.527,-0.426,-0.65,-0.271,0.461,0.018,0.264,-0.27,-0.468,-0.33,0.858,-0.531,0.484,-0.624,0.578,0.681,-0.655,0.357,0.308,0.022,0.377,-0.022,0.571,0.151,-0.173,0.65,-0.396,0.02,-0.449,0.673,-0.43,-0.039,0.825,-0.552,-0.686,-0.316,-0.102,-0.134,-0.217,0.709,0.299,0.048,0.611,-0.619,-0.403,0.061,0.18,-0.326,-0.61,0.724,0.384,0.252,0.057,0.656,0.131,-0.425,0.675,-0.135,0.378,-0.585,0.765,0.717,0.544,0.057,0.406,0.746,-0.17,-0.058,0.712,0.242,-0.288,-0.635,0.381,0.496,0.281,-0.455,0.409,0.299,0.669,0.184,-0.545,0.881,-0.135,0.668,0.099,0.029,0.628,0.66,0.612,0.756,0.677,0.003,0.192,0.862,0.333,0.419,0.309,0.236,0.135,-0.684,-0.168,-0.127,-0.241,0.518,0.192,-0.483,0.736,-0.415,0.796,0.813,-0.457,0.036,0.205,-0.09,0.294,0.71,-0.011,-0.217,0.423,0.531,0.441,-0.31,-0.622,-0.315,-0.54,-0.052,0.319,-0.41,-0.512,0.662,0.225,-0.412,0.567,-0.474,-0.387,-0.009,0.321,0.042,-0.385
BKR,0.374,0.418,-0.007,0.695,0.846,0.405,-0.21,0.814,0.52,0.464,0.455,0.201,-0.181,0.692,0.619,-0.046,0.417,0.389,0.444,0.265,0.009,-0.111,-0.199,-0.076,0.715,0.488,0.563,1.0,0.642,0.672,0.202,0.654,0.184,0.562,0.552,0.467,0.736,0.211,0.584,0.052,-0.03,0.645,0.374,-0.022,-0.028,0.328,0.626,0.005,0.341,0.262,0.403,0.511,0.541,-0.217,-0.127,0.227,-0.091,0.792,0.729,-0.063,0.368,0.519,0.14,-0.203,0.226,0.883,0.479,0.751,0.291,-0.004,0.234,0.639,0.067,0.64,-0.156,0.373,0.463,-0.256,0.745,0.726,0.357,0.804,0.537,0.57,0.508,0.393,0.526,-0.031,0.449,-0.053,0.337,0.133,0.468,0.418,-0.032,-0.264,0.263,0.488,0.352,0.41,0.56,0.633,0.625,0.683,-0.246,0.159,0.169,0.581,0.079,-0.059,0.602,-0.208,0.635,0.629,0.629,0.568,0.025,0.474,0.4,0.649,-0.179,0.509,0.673,0.777,-0.35,0.709,0.695,0.518,0.526,0.291,0.495,0.32,-0.078,0.697,0.393,0.58,0.173,0.667,0.729,0.511,0.431,-0.006,0.677,0.499,0.184,0.543,0.53,0.448,0.777,0.469,0.702,0.56,0.17,0.73,0.725,0.665,0.397,0.786,0.297,0.244,-0.278,0.48,0.464,-0.017,0.569,0.457,0.127,0.768,0.144,0.671,0.535,-0.305,0.494,0.57,0.451,0.545,0.846,0.452,0.328,0.347,0.424,0.792,0.233,-0.04,-0.329,0.096,0.37,0.422,0.126,0.041,0.416,0.612,-0.053,0.483,0.135,0.254,0.278,0.747,-0.197,0.128
BLDP,0.193,-0.094,0.108,0.754,0.794,0.476,-0.498,0.686,0.728,0.75,0.124,0.006,-0.411,0.737,0.181,-0.228,0.082,0.596,0.71,0.591,-0.183,-0.484,-0.424,-0.305,0.726,0.66,0.8,0.642,1.0,0.84,0.609,0.832,-0.003,0.261,0.792,0.072,0.834,0.056,0.402,-0.425,-0.381,0.33,0.728,-0.016,-0.437,0.113,0.258,-0.345,0.213,0.023,0.21,0.818,0.114,-0.216,-0.049,0.288,-0.449,0.566,0.855,-0.412,0.715,0.701,-0.23,-0.474,-0.073,0.646,0.048,0.455,0.033,-0.225,-0.031,0.807,-0.346,0.65,-0.374,0.673,0.668,-0.526,0.49,0.439,0.086,0.541,0.205,0.683,0.128,0.026,0.742,-0.203,0.314,-0.205,0.724,-0.104,0.18,0.603,-0.406,-0.554,-0.269,0.118,0.121,-0.0,0.761,0.575,0.266,0.744,-0.529,-0.275,0.269,0.368,0.07,-0.43,0.763,0.214,0.48,0.187,0.745,0.451,-0.304,0.699,0.087,0.612,-0.412,0.789,0.706,0.685,-0.051,0.666,0.644,0.143,0.229,0.747,0.502,-0.084,-0.392,0.592,0.638,0.468,-0.23,0.559,0.344,0.631,0.499,-0.461,0.927,-0.025,0.617,0.373,0.145,0.74,0.708,0.727,0.851,0.767,0.217,0.397,0.87,0.532,0.398,0.435,0.355,0.41,-0.556,0.093,0.182,-0.069,0.701,0.267,-0.179,0.786,-0.099,0.818,0.824,-0.358,0.281,0.265,0.149,0.465,0.715,0.239,0.079,0.501,0.627,0.584,-0.115,-0.442,-0.233,-0.327,0.281,0.361,-0.137,-0.274,0.778,0.431,-0.393,0.539,-0.275,-0.161,0.374,0.52,0.137,-0.133
BLNK,0.037,-0.119,0.184,0.823,0.84,0.407,-0.599,0.671,0.8,0.7,-0.023,-0.165,-0.558,0.737,0.122,-0.392,-0.057,0.665,0.698,0.711,-0.376,-0.603,-0.613,-0.425,0.643,0.515,0.83,0.672,0.84,1.0,0.465,0.829,-0.224,0.171,0.757,-0.039,0.786,-0.061,0.244,-0.478,-0.299,0.31,0.719,-0.109,-0.519,-0.013,0.174,-0.477,0.024,-0.127,0.136,0.766,0.137,-0.389,-0.208,0.272,-0.565,0.575,0.909,-0.577,0.653,0.673,-0.283,-0.529,-0.234,0.561,0.114,0.392,-0.214,-0.307,-0.192,0.882,-0.386,0.652,-0.554,0.738,0.751,-0.615,0.53,0.415,0.101,0.517,0.088,0.63,0.201,-0.081,0.702,-0.265,0.11,-0.291,0.65,-0.301,0.109,0.728,-0.548,-0.643,-0.269,-0.032,-0.068,-0.108,0.747,0.428,0.2,0.795,-0.626,-0.311,0.077,0.284,-0.088,-0.535,0.763,0.27,0.362,0.123,0.794,0.288,-0.445,0.849,-0.056,0.538,-0.418,0.839,0.68,0.661,0.046,0.516,0.722,0.006,0.149,0.715,0.412,-0.202,-0.476,0.456,0.588,0.293,-0.289,0.503,0.362,0.641,0.316,-0.482,0.888,-0.002,0.61,0.26,0.145,0.655,0.743,0.728,0.75,0.763,0.05,0.34,0.823,0.409,0.341,0.426,0.368,0.318,-0.548,-0.056,0.045,-0.149,0.606,0.258,-0.337,0.841,-0.24,0.921,0.91,-0.318,0.125,0.223,0.044,0.346,0.755,0.09,-0.07,0.476,0.601,0.556,-0.219,-0.504,-0.29,-0.401,0.116,0.416,-0.317,-0.421,0.771,0.325,-0.394,0.536,-0.428,-0.304,0.129,0.478,0.081,-0.245
BYND,0.176,-0.132,0.219,0.289,0.353,0.242,-0.335,0.374,0.574,0.554,0.043,0.016,-0.239,0.559,-0.04,-0.029,-0.046,0.277,0.546,0.455,0.05,-0.299,-0.258,-0.091,0.505,0.371,0.499,0.202,0.609,0.465,1.0,0.515,0.04,0.045,0.636,-0.107,0.554,-0.044,0.301,-0.383,-0.38,0.144,0.633,0.286,-0.316,0.05,0.011,-0.271,0.249,0.153,0.25,0.619,-0.216,0.122,0.12,0.478,-0.231,0.13,0.456,-0.276,0.565,0.639,-0.282,-0.163,0.021,0.325,-0.159,0.138,-0.067,0.007,-0.017,0.394,-0.23,0.397,-0.227,0.604,0.477,-0.316,0.305,0.257,0.175,0.263,0.1,0.546,-0.234,0.007,0.513,-0.048,0.188,0.039,0.648,0.013,0.188,0.327,-0.357,-0.388,-0.298,0.036,0.224,-0.089,0.464,0.244,0.109,0.428,-0.321,-0.174,0.434,0.232,0.243,-0.236,0.492,0.266,0.302,0.003,0.518,0.359,-0.224,0.522,-0.005,0.449,-0.061,0.524,0.339,0.392,0.143,0.434,0.315,0.018,0.052,0.656,0.508,-0.189,-0.232,0.255,0.637,0.187,-0.167,0.196,-0.039,0.447,0.349,-0.44,0.515,-0.053,0.612,0.392,-0.046,0.597,0.282,0.662,0.543,0.506,0.387,0.08,0.502,0.421,0.347,0.064,0.108,0.538,-0.292,-0.092,-0.072,0.218,0.526,0.111,-0.097,0.437,0.004,0.439,0.528,0.041,0.189,-0.034,-0.013,0.397,0.291,0.2,-0.041,0.493,0.621,0.236,-0.085,-0.296,0.04,-0.279,0.17,0.407,-0.16,-0.159,0.493,0.302,-0.28,0.402,-0.232,-0.156,0.438,0.176,0.348,-0.039
