,AAL,AAPL,ABUS,ADBE,ADI,ADMA,AEP,AGNC,AKBA,ALT,AMAT,AMD,AMGN,AMZN,APA,APPS,ARCC,ARDX,ATER,ATOS,AUPH,AVGO,AZN,BCRX,BGC,BIDU,BILI,BKR,BLDP,BLNK,BYND,CAN,CELH,CG,CGC,CHRD,CLNE,CMCSA,COMM,COST,CPB,CPRT,CRON,CRWD,CSCO,CSGP,CSX,CTSH,CZR,DBX,DDOG,DKNG,DLTR,DOCU,DVAX,DXCM,EA,EBAY,ENPH,ERIC,ESPR,ETSY,EXC,EXEL,EXPE,FANG,FAST,FITB,FLEX,FOLD,FOXA,FSLR,FTNT,FUTU,GEN,GERN,GEVO,GILD,GOOG,GOOGL,GPRO,GT,HBAN,HIVE,HON,HST,HUT,IBRX,INTC,IOVA,IQ,IRWD,JBLU,JD,KDP,KHC,LBTYK,LRCX,LYFT,MAR,MARA,MAT,MCHP,MCRB,MDLZ,META,MGNI,MLCO,MNKD,MNST,MOMO,MRNA,MRVL,MSFT,MSTR,MTCH,MU,MVIS,NDAQ,NFLX,NKTR,NNDM,NTES,NTNX,NVAX,NVDA,NWL,NWSA,NXPI,OCGN,OKTA,ON,OPK,PAA,PACB,PAGP,PANW,PARA,PCAR,PDD,PENN,PEP,PLUG,PTEN,PTON,PYPL,QCOM,QUBT,QVCGA,RDFN,REAL,RIOT,ROKU,ROST,RUN,SABR,SAVA,SBUX,SFIX,SGMO,SIRI,SLM,SMCI,SNDL,SONO,STNE,STX,TCOM,TGTX,TIGR,TLRY,TMUS,TRIP,TSCO,TSLA,TTD,TXN,UAL,UNIT,VERU,VKTX,VLY,VOD,VTRS,VXRT,WBA,WBD,WDAY,WDC,WEN,WW,WYNN,XEL,XP,XRAY,XRX,Z,ZION,ZM,ZS
AAL,1.0,0.424,0.353,0.41,0.474,0.411,0.246,0.305,-0.044,0.395,0.632,0.452,0.336,0.4,0.307,0.22,0.416,0.252,0.471,0.278,0.262,0.375,0.376,0.281,0.537,0.383,0.203,0.302,0.497,0.463,0.359,0.437,0.362,0.463,0.108,0.202,0.431,0.536,0.301,0.008,-0.065,0.437,0.125,0.444,0.028,0.342,0.133,0.338,0.319,0.338,-0.024,0.454,0.244,0.469,0.204,0.009,0.291,0.376,0.293,0.413,0.217,0.299,0.366,-0.022,0.064,0.265,0.344,0.421,0.496,0.27,0.621,0.339,0.324,0.148,0.159,0.061,0.485,0.316,0.339,0.326,0.584,0.38,0.436,0.069,0.47,0.45,0.25,0.411,0.616,-0.292,0.253,-0.157,0.447,0.264,-0.319,-0.227,0.41,0.539,0.181,0.302,0.271,0.271,0.526,-0.189,-0.059,0.439,0.55,0.405,0.19,0.296,0.355,0.582,0.521,0.454,0.581,0.35,0.858,0.313,0.391,0.418,0.024,0.445,0.363,-0.267,0.603,0.548,0.266,0.502,0.617,0.553,0.055,0.306,0.418,0.414,0.505,0.369,0.137,0.389,0.235,0.266,0.379,0.075,0.503,0.365,0.392,0.377,0.438,0.117,0.436,0.241,0.202,0.303,0.63,0.213,0.303,0.428,0.314,0.353,0.552,0.02,0.527,0.391,0.146,0.184,0.404,0.305,0.674,0.443,-0.059,0.248,0.313,0.329,0.588,0.202,0.48,0.576,0.663,0.84,0.341,0.253,0.112,0.371,0.266,0.452,0.451,0.269,0.663,-0.239,0.654,0.385,0.058,0.595,0.288,0.348,0.308,0.486,0.352,0.342,0.364,0.333
AAPL,0.424,1.0,0.161,0.308,0.113,-0.165,0.219,0.777,0.531,0.072,0.444,0.301,-0.07,0.46,0.112,-0.097,0.785,0.384,0.314,0.363,-0.117,0.679,-0.049,0.277,0.501,0.137,0.16,-0.011,0.236,0.583,0.643,0.371,0.03,0.507,-0.097,0.111,0.187,0.076,0.399,0.659,0.294,0.309,-0.178,0.368,0.569,0.369,0.624,0.781,0.614,0.337,0.398,-0.219,0.63,0.267,-0.134,0.178,-0.036,0.753,0.212,0.23,-0.267,0.682,0.182,0.495,0.531,0.266,0.593,0.477,0.477,-0.032,0.286,0.336,0.116,0.057,0.256,0.537,-0.01,-0.152,0.645,0.642,0.465,0.471,0.273,0.4,0.646,0.441,0.44,-0.047,0.853,-0.462,-0.13,0.156,0.19,0.196,0.353,0.132,0.11,0.299,0.148,0.637,0.439,0.615,0.478,0.235,0.585,0.507,0.213,0.081,-0.097,0.155,0.284,0.258,0.466,0.754,0.593,0.285,0.522,0.128,0.46,0.322,0.07,0.048,0.059,-0.189,0.054,0.585,0.684,0.44,0.224,0.213,0.341,0.129,-0.129,0.201,0.096,0.194,0.382,-0.27,0.433,0.152,0.48,0.485,0.352,0.069,-0.039,0.372,0.672,0.13,0.562,0.272,0.601,0.372,0.147,0.412,0.143,0.601,-0.041,0.395,0.502,0.023,0.343,0.203,0.215,-0.082,0.504,0.012,0.242,0.22,-0.002,0.015,-0.109,0.234,0.027,0.577,0.813,0.092,0.341,0.491,0.263,-0.235,0.356,0.216,0.012,0.011,0.12,0.678,0.22,0.199,0.411,0.476,0.597,0.448,-0.088,0.126,0.228,0.43,-0.076,0.504,0.28,0.634
ABUS,0.353,0.161,1.0,0.798,0.702,0.661,0.525,0.212,-0.022,0.743,0.642,0.785,0.428,0.676,0.661,-0.361,0.388,0.082,0.045,0.416,0.647,0.045,0.453,0.863,0.323,0.715,0.729,0.688,0.765,0.358,-0.083,0.7,0.771,0.659,-0.407,0.603,0.889,0.611,0.749,-0.17,-0.513,0.672,-0.095,0.7,-0.308,0.783,-0.115,0.234,0.262,0.59,0.387,0.516,0.063,0.822,0.596,-0.269,0.759,0.203,0.819,0.751,0.521,0.134,0.598,-0.166,0.188,0.61,0.717,0.675,0.584,0.773,0.605,0.688,0.765,0.677,0.234,-0.117,0.456,0.374,0.297,0.324,0.542,0.779,0.653,-0.295,0.459,0.468,-0.256,0.473,0.343,-0.525,0.642,0.149,0.561,0.724,-0.311,-0.608,0.613,0.699,-0.053,0.409,-0.307,0.006,0.726,-0.274,-0.325,0.199,0.823,0.725,0.522,0.706,0.647,0.682,0.623,0.537,0.677,0.864,0.452,0.717,0.65,0.803,-0.104,0.797,0.706,-0.527,0.224,0.626,-0.072,0.266,0.427,0.759,0.352,0.737,0.358,0.797,0.184,0.689,0.449,0.418,0.427,0.694,0.804,-0.295,0.781,0.604,0.109,0.824,0.573,0.499,0.384,0.441,-0.272,-0.257,0.453,-0.256,0.785,0.613,0.615,0.78,0.614,0.131,0.698,0.743,0.502,-0.016,0.579,0.726,0.443,0.654,-0.516,0.657,0.035,0.772,0.566,0.022,-0.009,0.69,0.532,0.496,0.689,0.556,-0.031,0.504,0.453,0.733,0.796,0.139,0.231,-0.449,0.675,0.512,-0.041,0.748,0.466,0.674,0.794,0.707,0.509,0.566,0.566,0.499
ADBE,0.41,0.308,0.798,1.0,0.798,0.573,0.675,0.503,0.044,0.658,0.762,0.783,0.606,0.812,0.893,-0.373,0.589,-0.023,0.027,0.28,0.514,0.2,0.398,0.787,0.388,0.866,0.715,0.843,0.728,0.432,-0.011,0.704,0.744,0.8,-0.45,0.781,0.856,0.64,0.786,0.065,-0.299,0.807,-0.287,0.747,-0.119,0.822,0.054,0.485,0.281,0.643,0.389,0.547,0.319,0.85,0.616,-0.243,0.699,0.526,0.774,0.799,0.243,0.191,0.735,-0.13,0.278,0.862,0.829,0.777,0.629,0.748,0.753,0.679,0.798,0.632,0.501,-0.059,0.428,0.437,0.417,0.4,0.513,0.87,0.776,-0.218,0.522,0.667,-0.164,0.348,0.549,-0.599,0.599,0.119,0.649,0.734,-0.087,-0.535,0.761,0.817,-0.224,0.577,-0.23,0.149,0.859,-0.327,-0.19,0.175,0.733,0.809,0.553,0.765,0.873,0.666,0.794,0.697,0.688,0.807,0.508,0.804,0.836,0.851,-0.149,0.67,0.813,-0.606,0.201,0.746,0.187,0.208,0.677,0.693,0.384,0.734,0.323,0.852,0.171,0.829,0.608,0.423,0.723,0.8,0.686,0.051,0.814,0.722,-0.001,0.797,0.798,0.555,0.426,0.313,-0.27,-0.163,0.318,-0.175,0.834,0.553,0.785,0.905,0.544,-0.126,0.784,0.769,0.51,-0.159,0.594,0.667,0.666,0.644,-0.499,0.579,-0.13,0.833,0.565,0.191,0.142,0.541,0.734,0.625,0.781,0.418,0.154,0.654,0.536,0.762,0.695,0.384,0.389,-0.367,0.752,0.661,0.059,0.699,0.499,0.672,0.825,0.876,0.328,0.747,0.687,0.636
ADI,0.474,0.113,0.702,0.798,1.0,0.707,0.721,0.202,-0.232,0.687,0.768,0.812,0.649,0.583,0.784,-0.303,0.371,-0.066,0.103,0.128,0.535,0.091,0.614,0.69,0.356,0.827,0.547,0.793,0.769,0.259,-0.143,0.757,0.767,0.68,-0.369,0.69,0.752,0.733,0.565,-0.099,-0.444,0.729,-0.274,0.588,-0.287,0.69,-0.181,0.33,0.112,0.439,0.141,0.687,0.207,0.795,0.701,-0.381,0.733,0.284,0.698,0.761,0.412,-0.057,0.713,-0.3,0.088,0.746,0.604,0.71,0.534,0.665,0.676,0.601,0.796,0.55,0.417,-0.268,0.493,0.579,0.125,0.122,0.4,0.71,0.739,-0.4,0.34,0.527,-0.213,0.42,0.36,-0.487,0.772,-0.08,0.728,0.708,-0.365,-0.61,0.818,0.876,-0.274,0.452,-0.297,-0.01,0.788,-0.519,-0.324,-0.018,0.69,0.729,0.615,0.68,0.709,0.678,0.74,0.509,0.637,0.675,0.53,0.711,0.722,0.741,-0.33,0.829,0.831,-0.539,0.238,0.628,-0.058,0.106,0.705,0.763,0.098,0.641,0.422,0.726,0.28,0.809,0.493,0.7,0.533,0.729,0.572,-0.123,0.842,0.701,-0.012,0.723,0.621,0.471,0.221,0.158,-0.406,-0.263,0.333,-0.225,0.77,0.486,0.776,0.758,0.458,-0.126,0.767,0.773,0.24,-0.04,0.421,0.602,0.694,0.558,-0.555,0.584,-0.008,0.735,0.565,0.016,-0.043,0.523,0.728,0.659,0.778,0.587,-0.068,0.585,0.606,0.795,0.732,0.302,0.413,-0.483,0.723,0.534,-0.141,0.609,0.623,0.644,0.609,0.759,0.477,0.619,0.619,0.495
ADMA,0.411,-0.165,0.661,0.573,0.707,1.0,0.406,-0.107,-0.43,0.687,0.49,0.567,0.62,0.346,0.588,-0.09,0.022,0.028,0.261,0.061,0.654,-0.199,0.67,0.563,0.174,0.597,0.495,0.712,0.732,0.159,-0.112,0.564,0.677,0.464,-0.144,0.392,0.691,0.744,0.41,-0.517,-0.507,0.438,0.159,0.353,-0.484,0.448,-0.396,-0.018,-0.111,0.206,-0.034,0.828,-0.259,0.641,0.668,-0.335,0.665,-0.084,0.594,0.679,0.685,-0.101,0.576,-0.433,-0.217,0.458,0.357,0.436,0.257,0.768,0.573,0.438,0.632,0.431,0.188,-0.372,0.549,0.681,-0.089,-0.085,0.38,0.416,0.599,-0.368,0.142,0.195,-0.19,0.657,0.034,-0.24,0.703,-0.112,0.571,0.507,-0.56,-0.584,0.641,0.575,-0.058,-0.007,-0.187,-0.277,0.484,-0.418,-0.559,-0.007,0.649,0.693,0.459,0.563,0.451,0.673,0.361,0.244,0.544,0.56,0.415,0.546,0.348,0.654,-0.149,0.777,0.616,-0.34,0.368,0.253,-0.377,0.223,0.501,0.709,-0.099,0.461,0.59,0.597,0.461,0.604,0.151,0.776,0.123,0.526,0.399,-0.358,0.705,0.499,0.266,0.569,0.234,0.212,0.199,0.328,-0.285,-0.133,0.475,-0.369,0.624,0.294,0.684,0.499,0.401,0.075,0.564,0.702,0.184,0.257,0.379,0.536,0.591,0.436,-0.372,0.518,0.387,0.523,0.531,-0.33,-0.24,0.587,0.568,0.542,0.421,0.7,-0.098,0.423,0.404,0.792,0.764,-0.115,0.478,-0.559,0.556,0.209,-0.488,0.501,0.515,0.666,0.452,0.528,0.595,0.269,0.303,0.092
AEP,0.246,0.219,0.525,0.675,0.721,0.406,1.0,0.326,-0.17,0.348,0.553,0.559,0.758,0.449,0.752,-0.44,0.502,-0.334,-0.052,-0.162,0.37,-0.022,0.579,0.581,0.296,0.623,0.29,0.717,0.542,0.031,-0.104,0.571,0.688,0.585,-0.557,0.642,0.626,0.729,0.445,0.017,-0.235,0.607,-0.497,0.466,-0.196,0.702,-0.143,0.378,0.013,0.291,-0.021,0.498,0.3,0.629,0.582,-0.574,0.747,0.361,0.596,0.708,0.097,-0.167,0.908,-0.286,0.142,0.775,0.582,0.798,0.38,0.536,0.563,0.465,0.782,0.372,0.691,-0.253,0.262,0.621,-0.052,-0.053,0.107,0.616,0.816,-0.452,0.223,0.368,-0.372,0.158,0.348,-0.513,0.45,-0.191,0.64,0.464,-0.192,-0.555,0.765,0.646,-0.436,0.484,-0.368,-0.156,0.771,-0.608,-0.123,-0.232,0.408,0.348,0.65,0.544,0.518,0.343,0.503,0.639,0.461,0.536,0.195,0.602,0.725,0.613,-0.561,0.516,0.735,-0.601,-0.105,0.476,0.001,-0.172,0.652,0.555,-0.031,0.437,0.283,0.704,0.147,0.724,0.66,0.497,0.49,0.49,0.464,0.096,0.672,0.765,-0.235,0.619,0.506,0.532,0.009,-0.08,-0.415,-0.421,-0.062,-0.213,0.608,0.479,0.673,0.636,0.273,-0.416,0.81,0.748,-0.054,-0.31,0.194,0.446,0.491,0.218,-0.621,0.275,-0.28,0.782,0.227,-0.076,-0.108,0.155,0.59,0.483,0.77,0.174,-0.16,0.656,0.787,0.745,0.529,0.468,0.21,-0.491,0.59,0.62,-0.189,0.33,0.74,0.598,0.632,0.66,0.039,0.749,0.679,0.426
AGNC,0.305,0.777,0.212,0.503,0.202,-0.107,0.326,1.0,0.517,0.18,0.441,0.325,0.146,0.572,0.393,-0.128,0.756,0.196,0.101,0.264,-0.077,0.596,-0.086,0.287,0.572,0.333,0.258,0.225,0.245,0.62,0.522,0.318,0.123,0.577,-0.163,0.305,0.299,0.129,0.472,0.659,0.418,0.455,-0.277,0.432,0.559,0.489,0.672,0.822,0.619,0.398,0.472,-0.071,0.709,0.391,0.002,0.163,0.029,0.827,0.245,0.271,-0.275,0.643,0.297,0.426,0.564,0.493,0.689,0.503,0.45,0.131,0.452,0.31,0.21,0.149,0.397,0.502,0.054,-0.008,0.642,0.598,0.48,0.556,0.352,0.281,0.571,0.533,0.375,-0.075,0.802,-0.491,-0.069,0.209,0.224,0.321,0.528,0.111,0.334,0.394,0.023,0.66,0.317,0.623,0.535,0.157,0.558,0.397,0.234,0.294,-0.023,0.317,0.519,0.29,0.521,0.689,0.488,0.372,0.427,0.246,0.588,0.41,0.066,0.037,0.201,-0.275,-0.007,0.569,0.777,0.308,0.413,0.165,0.439,0.225,-0.057,0.297,0.061,0.331,0.436,-0.196,0.64,0.297,0.43,0.651,0.37,0.219,0.014,0.335,0.731,0.224,0.526,0.263,0.346,0.325,0.124,0.34,0.293,0.44,0.179,0.583,0.408,-0.102,0.434,0.239,0.295,-0.121,0.532,0.077,0.342,0.281,-0.058,0.047,-0.203,0.35,0.129,0.599,0.636,0.122,0.455,0.434,0.36,-0.161,0.417,0.318,0.072,0.122,0.135,0.75,0.334,0.178,0.446,0.519,0.57,0.47,0.001,0.172,0.365,0.533,-0.114,0.563,0.354,0.65
AKBA,-0.044,0.531,-0.022,0.044,-0.232,-0.43,-0.17,0.517,1.0,-0.066,0.068,0.017,-0.406,0.218,-0.125,-0.055,0.491,0.384,0.071,0.483,-0.178,0.532,-0.457,0.084,0.304,-0.101,0.086,-0.297,-0.116,0.463,0.331,0.024,-0.199,0.177,-0.044,-0.067,-0.0,-0.324,0.2,0.627,0.417,0.061,-0.004,0.176,0.49,0.15,0.597,0.508,0.494,0.26,0.468,-0.531,0.55,-0.004,-0.333,0.247,-0.279,0.466,-0.052,-0.233,-0.262,0.558,-0.225,0.515,0.634,0.015,0.295,0.122,0.248,-0.171,0.046,0.071,-0.135,0.064,-0.083,0.772,-0.265,-0.513,0.528,0.534,0.278,0.227,-0.129,0.363,0.478,0.31,0.352,-0.209,0.511,-0.23,-0.255,0.515,-0.068,0.095,0.58,0.321,-0.212,0.001,0.169,0.477,0.327,0.525,0.131,0.612,0.618,0.37,-0.052,-0.089,-0.354,-0.028,0.081,-0.06,0.161,0.264,0.117,0.166,0.074,-0.217,0.125,-0.021,0.244,-0.18,-0.258,-0.032,-0.107,0.219,0.596,0.266,-0.103,-0.131,0.476,0.091,-0.29,-0.072,-0.248,-0.067,0.123,-0.577,0.281,0.02,0.251,0.385,-0.041,-0.16,0.065,0.034,0.321,0.036,0.375,0.242,0.425,0.315,-0.025,0.388,-0.098,0.169,-0.316,0.114,0.138,0.168,-0.088,-0.163,0.245,-0.106,0.359,-0.136,-0.142,0.066,0.141,0.007,-0.141,-0.055,-0.047,0.615,0.548,-0.054,-0.088,0.052,-0.036,-0.299,0.48,-0.137,-0.362,-0.314,-0.114,0.448,-0.106,0.379,0.06,0.107,0.553,0.205,-0.361,-0.129,0.108,0.05,-0.241,0.081,-0.055,0.402
ALT,0.395,0.072,0.743,0.658,0.687,0.687,0.348,0.18,-0.066,1.0,0.582,0.715,0.302,0.528,0.621,-0.222,0.27,0.27,0.135,0.493,0.66,0.04,0.46,0.761,0.266,0.65,0.657,0.672,0.708,0.47,0.001,0.61,0.717,0.667,-0.251,0.476,0.744,0.558,0.626,-0.2,-0.446,0.564,0.022,0.588,-0.181,0.539,-0.072,0.201,0.246,0.61,0.238,0.58,0.038,0.764,0.656,-0.195,0.614,0.093,0.685,0.651,0.623,0.187,0.431,-0.067,0.052,0.524,0.592,0.558,0.485,0.796,0.532,0.519,0.662,0.603,0.157,-0.071,0.381,0.319,0.241,0.23,0.594,0.602,0.504,-0.3,0.377,0.42,-0.124,0.681,0.222,-0.351,0.659,0.168,0.558,0.634,-0.209,-0.499,0.626,0.707,-0.054,0.302,-0.204,0.052,0.504,-0.145,-0.3,0.147,0.767,0.755,0.403,0.755,0.578,0.628,0.576,0.34,0.601,0.718,0.546,0.549,0.505,0.744,-0.062,0.71,0.562,-0.379,0.266,0.479,-0.112,0.305,0.411,0.724,0.385,0.639,0.379,0.646,0.285,0.634,0.35,0.39,0.351,0.616,0.6,-0.166,0.657,0.51,0.215,0.623,0.408,0.447,0.45,0.494,-0.217,-0.106,0.511,-0.223,0.684,0.406,0.572,0.711,0.542,0.205,0.555,0.646,0.452,0.188,0.585,0.733,0.502,0.655,-0.394,0.665,0.14,0.665,0.585,0.062,-0.03,0.671,0.4,0.484,0.544,0.821,0.138,0.373,0.325,0.611,0.754,0.101,0.286,-0.408,0.56,0.413,-0.091,0.733,0.405,0.62,0.563,0.626,0.526,0.405,0.436,0.371
AMAT,0.632,0.444,0.642,0.762,0.768,0.49,0.553,0.441,0.068,0.582,1.0,0.856,0.467,0.636,0.639,-0.153,0.641,0.089,0.261,0.315,0.373,0.492,0.364,0.602,0.489,0.701,0.515,0.632,0.732,0.567,0.132,0.765,0.641,0.782,-0.247,0.55,0.712,0.623,0.567,0.174,-0.204,0.75,-0.2,0.631,0.066,0.632,0.182,0.491,0.433,0.495,0.271,0.473,0.459,0.764,0.506,-0.215,0.576,0.468,0.603,0.653,0.252,0.307,0.541,0.063,0.266,0.682,0.7,0.69,0.586,0.537,0.748,0.535,0.664,0.443,0.273,0.032,0.418,0.338,0.438,0.442,0.645,0.769,0.693,-0.249,0.666,0.736,0.021,0.313,0.674,-0.596,0.551,0.001,0.629,0.561,-0.198,-0.403,0.647,0.862,-0.081,0.591,-0.049,0.411,0.791,-0.314,-0.003,0.306,0.724,0.662,0.424,0.679,0.669,0.727,0.849,0.652,0.668,0.668,0.708,0.613,0.797,0.744,-0.128,0.643,0.715,-0.454,0.252,0.817,0.296,0.386,0.651,0.576,0.189,0.583,0.267,0.614,0.303,0.685,0.554,0.427,0.54,0.615,0.624,0.09,0.724,0.599,0.166,0.69,0.732,0.37,0.484,0.333,-0.145,0.006,0.462,0.261,0.595,0.507,0.54,0.738,0.506,0.013,0.693,0.625,0.366,0.031,0.609,0.463,0.782,0.609,-0.318,0.47,0.078,0.648,0.639,0.334,0.408,0.597,0.752,0.757,0.664,0.426,0.088,0.516,0.441,0.639,0.601,0.456,0.479,-0.362,0.806,0.629,0.145,0.718,0.494,0.55,0.592,0.774,0.499,0.693,0.582,0.623
AMD,0.452,0.301,0.785,0.783,0.812,0.567,0.559,0.325,0.017,0.715,0.856,1.0,0.363,0.647,0.654,-0.378,0.548,0.028,0.174,0.344,0.449,0.327,0.378,0.767,0.369,0.719,0.616,0.696,0.755,0.451,-0.021,0.81,0.726,0.772,-0.456,0.545,0.758,0.579,0.703,0.061,-0.41,0.725,-0.275,0.671,-0.086,0.732,0.103,0.403,0.38,0.6,0.411,0.49,0.324,0.816,0.621,-0.29,0.711,0.303,0.691,0.74,0.421,0.218,0.544,-0.011,0.348,0.692,0.709,0.733,0.619,0.597,0.64,0.58,0.731,0.588,0.202,-0.039,0.415,0.264,0.384,0.391,0.573,0.831,0.658,-0.394,0.605,0.634,-0.204,0.317,0.497,-0.662,0.724,0.014,0.642,0.762,-0.229,-0.538,0.714,0.839,-0.15,0.587,-0.298,0.248,0.768,-0.371,-0.152,0.226,0.779,0.727,0.492,0.74,0.699,0.661,0.751,0.602,0.644,0.784,0.619,0.675,0.735,0.823,-0.159,0.812,0.695,-0.521,0.18,0.774,0.091,0.283,0.475,0.657,0.334,0.678,0.236,0.691,0.128,0.803,0.528,0.482,0.499,0.648,0.745,-0.116,0.773,0.59,0.068,0.755,0.709,0.476,0.451,0.341,-0.272,-0.268,0.407,0.031,0.687,0.549,0.581,0.805,0.516,0.012,0.646,0.666,0.49,0.056,0.614,0.631,0.645,0.648,-0.524,0.58,-0.022,0.742,0.601,0.252,0.2,0.64,0.609,0.614,0.702,0.591,-0.019,0.486,0.449,0.639,0.638,0.368,0.281,-0.448,0.796,0.583,0.132,0.767,0.476,0.564,0.702,0.805,0.559,0.638,0.61,0.553
AMGN,0.336,-0.07,0.428,0.606,0.649,0.62,0.758,0.146,-0.406,0.302,0.467,0.363,1.0,0.339,0.741,-0.199,0.174,-0.373,-0.024,-0.306,0.42,-0.221,0.672,0.373,0.244,0.584,0.223,0.752,0.512,-0.041,-0.203,0.41,0.624,0.395,-0.298,0.557,0.58,0.815,0.245,-0.31,-0.185,0.542,-0.258,0.367,-0.396,0.509,-0.36,0.153,-0.236,0.084,-0.228,0.726,-0.017,0.561,0.592,-0.487,0.671,0.192,0.5,0.578,0.177,-0.304,0.84,-0.529,-0.203,0.643,0.358,0.539,0.181,0.59,0.618,0.37,0.663,0.269,0.576,-0.403,0.478,0.897,-0.214,-0.234,0.065,0.388,0.764,-0.411,-0.013,0.143,-0.258,0.289,0.18,-0.327,0.408,-0.308,0.525,0.316,-0.386,-0.535,0.718,0.538,-0.352,0.1,-0.277,-0.321,0.636,-0.646,-0.331,-0.277,0.389,0.435,0.596,0.475,0.487,0.435,0.315,0.425,0.384,0.375,0.22,0.578,0.602,0.522,-0.476,0.46,0.691,-0.49,0.18,0.253,-0.168,-0.175,0.757,0.502,-0.251,0.349,0.531,0.589,0.374,0.561,0.451,0.71,0.304,0.426,0.191,-0.029,0.572,0.679,-0.01,0.444,0.32,0.288,-0.151,-0.123,-0.49,-0.24,0.069,-0.311,0.569,0.216,0.789,0.524,0.182,-0.337,0.763,0.669,-0.158,-0.178,0.118,0.364,0.564,0.197,-0.45,0.217,-0.013,0.592,0.268,-0.34,-0.223,0.191,0.72,0.464,0.569,0.226,-0.195,0.656,0.711,0.831,0.586,0.172,0.5,-0.585,0.497,0.414,-0.484,0.206,0.704,0.602,0.467,0.532,0.104,0.527,0.484,0.132
AMZN,0.4,0.46,0.676,0.812,0.583,0.346,0.449,0.572,0.218,0.528,0.636,0.647,0.339,1.0,0.71,-0.356,0.652,0.134,-0.085,0.444,0.306,0.364,0.256,0.662,0.343,0.779,0.722,0.623,0.591,0.446,0.108,0.633,0.54,0.785,-0.418,0.702,0.719,0.438,0.856,0.264,-0.214,0.725,-0.37,0.756,0.016,0.728,0.175,0.545,0.372,0.7,0.493,0.218,0.469,0.657,0.365,-0.137,0.466,0.624,0.762,0.656,0.005,0.369,0.547,0.016,0.356,0.707,0.827,0.689,0.792,0.541,0.567,0.786,0.549,0.715,0.309,0.055,0.432,0.192,0.614,0.625,0.528,0.86,0.576,-0.011,0.533,0.741,-0.006,0.157,0.635,-0.66,0.46,0.308,0.52,0.702,0.081,-0.391,0.54,0.64,-0.229,0.65,-0.141,0.291,0.732,-0.155,-0.096,0.343,0.641,0.705,0.478,0.662,0.864,0.478,0.712,0.683,0.72,0.75,0.534,0.674,0.73,0.7,-0.036,0.492,0.623,-0.597,0.124,0.725,0.342,0.218,0.497,0.569,0.533,0.794,0.09,0.752,0.004,0.686,0.517,0.142,0.806,0.76,0.716,0.065,0.706,0.535,-0.138,0.71,0.861,0.592,0.557,0.301,-0.085,-0.062,0.3,-0.049,0.784,0.562,0.585,0.803,0.589,-0.165,0.618,0.688,0.668,-0.287,0.676,0.636,0.464,0.775,-0.423,0.657,-0.217,0.705,0.438,0.41,0.352,0.481,0.576,0.526,0.654,0.197,0.134,0.65,0.382,0.518,0.494,0.45,0.293,-0.281,0.604,0.668,0.285,0.685,0.19,0.57,0.682,0.813,0.187,0.659,0.652,0.676
APA,0.307,0.112,0.661,0.893,0.784,0.588,0.752,0.393,-0.125,0.621,0.639,0.654,0.741,0.71,1.0,-0.449,0.453,-0.183,-0.163,0.111,0.516,0.01,0.508,0.696,0.26,0.889,0.668,0.93,0.656,0.208,-0.204,0.627,0.759,0.739,-0.531,0.867,0.806,0.683,0.657,-0.082,-0.328,0.776,-0.41,0.65,-0.249,0.726,-0.124,0.366,0.057,0.548,0.132,0.595,0.249,0.784,0.712,-0.397,0.726,0.426,0.747,0.765,0.185,-0.08,0.83,-0.307,0.092,0.921,0.699,0.763,0.527,0.754,0.693,0.608,0.786,0.648,0.628,-0.284,0.409,0.559,0.189,0.161,0.272,0.754,0.813,-0.359,0.278,0.565,-0.322,0.347,0.34,-0.556,0.641,0.072,0.668,0.692,-0.127,-0.609,0.82,0.746,-0.444,0.463,-0.397,-0.063,0.774,-0.425,-0.326,-0.103,0.603,0.75,0.699,0.753,0.852,0.519,0.655,0.579,0.55,0.677,0.327,0.754,0.802,0.749,-0.357,0.583,0.848,-0.629,0.054,0.574,0.041,-0.058,0.704,0.646,0.196,0.691,0.306,0.844,0.138,0.846,0.618,0.491,0.714,0.799,0.53,0.033,0.758,0.836,-0.158,0.694,0.648,0.654,0.19,0.058,-0.476,-0.327,0.127,-0.311,0.838,0.396,0.902,0.835,0.373,-0.29,0.787,0.813,0.304,-0.253,0.385,0.666,0.647,0.575,-0.616,0.596,-0.258,0.841,0.436,0.025,-0.101,0.394,0.654,0.544,0.775,0.41,0.058,0.762,0.699,0.806,0.65,0.332,0.348,-0.541,0.632,0.612,-0.152,0.507,0.592,0.714,0.719,0.833,0.203,0.746,0.722,0.479
APPS,0.22,-0.097,-0.361,-0.373,-0.303,-0.09,-0.44,-0.128,-0.055,-0.222,-0.153,-0.378,-0.199,-0.356,-0.449,1.0,-0.26,0.268,0.464,-0.065,-0.034,0.094,-0.133,-0.486,0.211,-0.424,-0.436,-0.405,-0.147,0.241,0.401,-0.357,-0.38,-0.344,0.642,-0.539,-0.394,-0.214,-0.424,-0.059,0.422,-0.291,0.655,-0.352,0.197,-0.445,0.112,-0.182,0.094,-0.392,-0.194,0.028,-0.198,-0.373,-0.376,0.463,-0.468,-0.158,-0.486,-0.318,0.162,0.177,-0.44,0.161,-0.212,-0.505,-0.392,-0.536,-0.295,-0.266,-0.089,-0.377,-0.418,-0.465,-0.211,0.189,-0.051,-0.083,-0.08,-0.091,0.11,-0.412,-0.325,0.412,-0.01,-0.137,0.61,0.226,-0.073,0.508,-0.357,-0.051,-0.199,-0.444,0.032,0.464,-0.305,-0.296,0.542,-0.414,0.667,0.151,-0.381,0.245,0.209,0.392,-0.2,-0.208,-0.417,-0.281,-0.449,0.005,-0.227,-0.328,-0.202,-0.388,0.035,-0.346,-0.423,-0.334,0.54,-0.275,-0.331,0.485,0.254,-0.29,0.132,0.446,0.017,-0.246,-0.227,-0.406,0.217,-0.434,0.485,-0.48,-0.454,0.022,-0.437,-0.463,-0.371,0.236,-0.345,-0.407,0.583,-0.441,-0.346,-0.599,0.123,0.276,0.405,0.678,0.306,0.322,-0.432,-0.241,-0.351,-0.433,-0.094,0.325,-0.271,-0.431,-0.159,0.493,-0.169,-0.422,0.054,-0.197,0.811,-0.343,0.609,-0.522,0.202,0.031,0.161,0.02,-0.032,0.066,-0.457,-0.034,0.337,-0.427,-0.465,-0.317,-0.182,-0.177,0.33,0.37,-0.173,-0.389,-0.052,-0.082,-0.202,-0.391,-0.47,-0.448,0.099,-0.48,-0.472,-0.283
ARCC,0.416,0.785,0.388,0.589,0.371,0.022,0.502,0.756,0.491,0.27,0.641,0.548,0.174,0.652,0.453,-0.26,1.0,0.186,0.265,0.379,0.09,0.6,0.072,0.499,0.525,0.421,0.373,0.356,0.408,0.628,0.446,0.509,0.364,0.709,-0.281,0.415,0.515,0.317,0.647,0.58,0.16,0.545,-0.277,0.549,0.383,0.625,0.512,0.753,0.586,0.488,0.41,-0.003,0.724,0.527,0.136,-0.068,0.297,0.727,0.446,0.488,-0.138,0.554,0.459,0.339,0.586,0.568,0.746,0.688,0.661,0.252,0.483,0.492,0.425,0.333,0.364,0.422,0.129,-0.009,0.611,0.607,0.538,0.693,0.464,0.063,0.741,0.73,0.116,0.036,0.858,-0.594,0.148,0.199,0.403,0.424,0.327,-0.135,0.456,0.589,-0.095,0.801,0.11,0.513,0.691,0.011,0.429,0.411,0.397,0.292,0.138,0.474,0.53,0.342,0.679,0.832,0.593,0.575,0.493,0.383,0.672,0.567,-0.079,0.281,0.363,-0.502,-0.072,0.718,0.63,0.311,0.471,0.35,0.394,0.448,-0.042,0.478,0.04,0.512,0.53,-0.078,0.632,0.437,0.587,0.484,0.532,0.369,-0.014,0.531,0.79,0.422,0.629,0.303,0.258,0.073,0.175,0.357,0.41,0.603,0.201,0.594,0.483,-0.166,0.543,0.466,0.364,-0.123,0.596,0.261,0.473,0.407,-0.227,0.265,-0.128,0.544,0.286,0.606,0.619,0.256,0.488,0.587,0.528,-0.021,0.311,0.39,0.249,0.3,0.279,0.737,0.2,-0.007,0.683,0.726,0.449,0.615,0.186,0.342,0.557,0.681,-0.013,0.684,0.54,0.708
ARDX,0.252,0.384,0.082,-0.023,-0.066,0.028,-0.334,0.196,0.384,0.27,0.089,0.028,-0.373,0.134,-0.183,0.268,0.186,1.0,0.486,0.699,0.154,0.337,-0.098,0.14,0.197,-0.024,0.263,-0.254,0.224,0.525,0.475,0.144,-0.125,0.116,0.283,-0.126,0.036,-0.212,0.137,0.2,0.103,0.026,0.356,0.126,0.263,0.032,0.277,0.269,0.405,0.236,0.225,-0.142,0.122,0.033,-0.185,0.434,-0.284,0.27,0.065,-0.044,0.185,0.5,-0.302,0.345,0.158,-0.18,0.198,-0.002,0.278,-0.006,-0.059,0.259,-0.197,0.103,-0.161,0.419,0.01,-0.257,0.418,0.405,0.41,0.017,-0.141,0.636,0.376,0.215,0.587,0.402,0.287,0.044,0.013,0.473,0.046,0.118,0.155,0.197,-0.214,-0.021,0.407,0.123,0.532,0.346,-0.0,0.632,0.162,0.515,0.147,0.115,-0.286,-0.019,0.04,0.298,0.163,0.137,0.389,0.119,0.257,-0.042,-0.057,0.015,0.429,0.101,-0.167,0.161,0.246,0.179,0.326,0.539,-0.042,0.19,0.332,0.114,-0.052,-0.095,0.163,-0.144,-0.195,-0.25,0.086,0.088,0.246,0.047,0.145,-0.204,0.219,0.096,0.177,-0.039,0.519,0.551,0.624,0.52,0.361,0.271,0.055,0.417,-0.164,0.033,0.505,0.475,-0.107,-0.104,0.309,0.326,0.286,0.046,0.108,0.268,0.325,0.264,0.292,-0.083,0.103,0.332,0.455,0.268,-0.007,0.222,-0.149,0.135,0.595,-0.144,-0.344,-0.241,0.133,0.019,0.169,0.275,0.126,0.093,0.34,0.338,-0.257,-0.067,-0.132,0.052,0.193,-0.09,-0.092,0.254
ATER,0.471,0.314,0.045,0.027,0.103,0.261,-0.052,0.101,0.071,0.135,0.261,0.174,-0.024,-0.085,-0.163,0.464,0.265,0.486,1.0,0.192,0.241,0.324,0.158,0.026,0.38,-0.124,-0.149,-0.068,0.253,0.531,0.563,0.108,0.007,0.098,0.441,-0.314,0.039,0.197,-0.006,0.011,0.179,0.001,0.611,-0.1,0.22,0.066,0.254,0.209,0.323,-0.162,-0.117,0.274,0.009,0.07,-0.081,0.221,-0.045,0.067,-0.106,0.113,0.428,0.387,-0.057,0.225,0.018,-0.153,0.087,0.038,0.09,0.058,0.182,-0.035,-0.021,-0.204,-0.105,0.3,0.118,0.104,0.108,0.091,0.467,0.01,0.067,0.265,0.472,0.171,0.459,0.452,0.324,0.133,0.049,-0.047,0.158,-0.038,-0.081,0.12,0.085,0.132,0.495,-0.001,0.557,0.241,0.149,0.089,0.207,0.469,0.149,0.068,-0.247,0.035,-0.141,0.364,0.127,0.18,0.321,0.052,0.383,-0.121,-0.073,0.163,0.371,0.29,-0.072,0.194,0.341,0.151,0.226,0.644,0.238,0.126,-0.139,-0.111,0.32,-0.048,0.48,-0.0,-0.22,0.201,-0.221,-0.17,0.09,0.204,0.182,-0.131,0.635,0.035,0.064,-0.347,0.468,0.511,0.529,0.446,0.453,0.383,-0.086,0.317,-0.126,-0.049,0.27,0.282,0.091,-0.033,-0.026,0.681,0.199,-0.185,0.451,0.055,0.366,-0.089,0.722,-0.091,0.341,0.136,0.358,0.288,0.301,0.474,-0.082,0.251,0.377,-0.177,-0.196,0.049,0.189,0.118,0.4,0.177,0.445,0.08,0.029,0.375,0.104,-0.09,-0.05,0.113,0.332,-0.079,-0.162,0.014
ATOS,0.278,0.363,0.416,0.28,0.128,0.061,-0.162,0.264,0.483,0.493,0.315,0.344,-0.306,0.444,0.111,-0.065,0.379,0.699,0.192,1.0,0.285,0.439,-0.117,0.39,0.228,0.263,0.571,0.035,0.263,0.595,0.233,0.283,0.165,0.426,-0.003,0.223,0.365,-0.096,0.429,0.26,-0.076,0.297,0.179,0.414,0.192,0.246,0.309,0.263,0.565,0.535,0.447,-0.141,0.28,0.307,-0.033,0.382,0.036,0.247,0.321,0.188,0.278,0.524,-0.134,0.386,0.264,0.101,0.392,0.218,0.539,0.267,0.204,0.356,0.132,0.454,-0.191,0.415,0.064,-0.326,0.64,0.647,0.573,0.363,-0.016,0.31,0.536,0.498,0.221,0.382,0.349,-0.246,0.213,0.603,0.088,0.396,0.158,0.014,-0.037,0.295,0.316,0.418,0.125,0.44,0.205,0.533,0.097,0.551,0.426,0.408,-0.031,0.324,0.313,0.404,0.433,0.227,0.425,0.465,0.397,0.191,0.201,0.264,0.385,0.271,0.135,-0.033,0.187,0.47,0.34,0.505,-0.012,0.339,0.551,0.468,-0.057,0.219,0.009,0.146,0.054,-0.238,0.292,0.369,0.527,-0.005,0.26,0.093,0.232,0.339,0.401,0.296,0.58,0.505,0.316,0.194,0.462,0.166,0.284,0.356,-0.019,0.307,0.501,0.469,0.105,0.154,0.567,0.124,0.498,0.333,0.121,0.619,-0.024,0.554,0.071,0.197,0.356,0.535,0.374,0.527,0.046,0.306,0.168,0.314,0.481,0.035,-0.1,-0.019,0.276,0.159,0.082,0.072,0.302,0.319,0.434,0.589,-0.11,0.151,0.277,0.292,0.341,0.14,0.192,0.445
AUPH,0.262,-0.117,0.647,0.514,0.535,0.654,0.37,-0.077,-0.178,0.66,0.373,0.449,0.42,0.306,0.516,-0.034,0.09,0.154,0.241,0.285,1.0,-0.251,0.621,0.622,0.234,0.476,0.47,0.583,0.665,0.265,-0.099,0.446,0.643,0.413,-0.177,0.378,0.64,0.557,0.424,-0.493,-0.469,0.503,0.243,0.435,-0.459,0.458,-0.404,-0.08,0.025,0.285,-0.109,0.649,-0.273,0.588,0.595,-0.273,0.612,-0.097,0.615,0.566,0.7,-0.161,0.446,-0.36,-0.144,0.374,0.349,0.416,0.372,0.739,0.393,0.456,0.609,0.594,0.273,-0.195,0.334,0.439,-0.11,-0.096,0.291,0.439,0.575,-0.272,0.164,0.221,-0.176,0.755,-0.01,-0.142,0.636,0.147,0.551,0.517,-0.326,-0.565,0.496,0.457,0.031,0.014,-0.196,-0.308,0.444,-0.188,-0.44,0.037,0.611,0.573,0.534,0.619,0.337,0.506,0.292,0.204,0.427,0.528,0.207,0.416,0.352,0.562,-0.054,0.615,0.536,-0.289,0.343,0.21,-0.356,0.226,0.433,0.639,0.027,0.567,0.629,0.581,0.431,0.482,0.26,0.488,0.062,0.465,0.463,-0.307,0.58,0.497,0.293,0.506,0.124,0.283,0.227,0.335,-0.275,-0.188,0.327,-0.365,0.63,0.4,0.563,0.466,0.398,0.257,0.55,0.581,0.15,0.205,0.223,0.58,0.429,0.506,-0.286,0.608,0.238,0.532,0.5,-0.259,-0.29,0.486,0.345,0.396,0.446,0.635,0.125,0.4,0.398,0.641,0.818,-0.127,0.285,-0.468,0.485,0.222,-0.438,0.529,0.482,0.515,0.453,0.421,0.42,0.276,0.295,0.111
AVGO,0.375,0.679,0.045,0.2,0.091,-0.199,-0.022,0.596,0.532,0.04,0.492,0.327,-0.221,0.364,0.01,0.094,0.6,0.337,0.324,0.439,-0.251,1.0,-0.275,-0.016,0.405,0.093,0.101,-0.093,0.039,0.65,0.441,0.188,-0.085,0.41,0.167,0.054,0.047,-0.092,0.175,0.71,0.435,0.231,0.001,0.203,0.69,0.157,0.734,0.571,0.654,0.211,0.414,-0.243,0.672,0.103,-0.289,0.304,-0.165,0.522,-0.045,-0.007,-0.172,0.684,-0.135,0.642,0.389,0.113,0.379,0.153,0.294,-0.135,0.351,0.054,-0.042,-0.04,-0.144,0.595,0.003,-0.281,0.678,0.675,0.557,0.365,0.022,0.297,0.72,0.586,0.439,-0.113,0.716,-0.281,-0.128,0.191,-0.016,0.096,0.312,0.371,-0.009,0.295,0.219,0.496,0.401,0.853,0.282,0.282,0.577,0.563,0.123,0.166,-0.173,0.164,0.235,0.3,0.502,0.405,0.294,0.184,0.513,0.014,0.296,0.158,0.347,0.022,0.019,0.05,0.107,0.554,0.765,0.523,0.161,-0.022,0.309,0.094,-0.18,0.014,0.062,0.108,0.128,-0.217,0.378,0.122,0.252,0.513,0.111,-0.049,0.257,0.112,0.562,-0.033,0.51,0.3,0.427,0.451,0.328,0.665,-0.054,0.206,-0.194,0.213,0.165,0.083,0.065,-0.082,0.345,0.099,0.446,-0.136,0.28,0.292,0.207,0.008,0.098,0.036,0.274,0.745,0.745,0.238,0.347,0.39,0.117,-0.097,0.381,0.01,-0.232,-0.144,-0.082,0.609,0.244,0.321,0.361,0.28,0.609,0.403,-0.107,-0.149,0.125,0.242,0.177,0.215,0.112,0.527
AZN,0.376,-0.049,0.453,0.398,0.614,0.67,0.579,-0.086,-0.457,0.46,0.364,0.378,0.672,0.256,0.508,-0.133,0.072,-0.098,0.158,-0.117,0.621,-0.275,1.0,0.41,0.199,0.45,0.202,0.59,0.582,-0.043,-0.12,0.406,0.641,0.377,-0.186,0.349,0.51,0.783,0.228,-0.38,-0.413,0.478,-0.064,0.339,-0.478,0.469,-0.466,0.008,-0.189,0.068,-0.284,0.697,-0.146,0.497,0.613,-0.492,0.674,-0.113,0.541,0.616,0.419,-0.276,0.642,-0.511,-0.273,0.389,0.326,0.486,0.256,0.615,0.382,0.468,0.65,0.375,0.405,-0.374,0.62,0.749,-0.324,-0.304,0.157,0.289,0.627,-0.431,-0.047,0.063,-0.176,0.513,0.051,-0.211,0.565,-0.293,0.544,0.334,-0.5,-0.574,0.591,0.428,-0.133,0.005,-0.254,-0.427,0.496,-0.531,-0.402,-0.177,0.468,0.333,0.65,0.501,0.247,0.325,0.202,0.299,0.422,0.419,0.264,0.426,0.402,0.504,-0.401,0.548,0.544,-0.333,0.225,0.15,-0.393,0.0,0.603,0.633,-0.159,0.396,0.704,0.511,0.529,0.484,0.391,0.624,0.092,0.334,0.277,-0.213,0.547,0.519,0.045,0.451,0.152,0.222,-0.066,0.04,-0.338,-0.248,0.166,-0.405,0.518,0.352,0.593,0.372,0.302,-0.096,0.642,0.666,-0.166,0.055,0.189,0.434,0.436,0.26,-0.436,0.366,0.207,0.557,0.226,-0.35,-0.278,0.306,0.527,0.396,0.449,0.4,-0.205,0.604,0.652,0.727,0.672,0.07,0.416,-0.557,0.443,0.293,-0.542,0.285,0.641,0.562,0.383,0.416,0.25,0.323,0.384,0.083
BCRX,0.281,0.277,0.863,0.787,0.69,0.563,0.581,0.287,0.084,0.761,0.602,0.767,0.373,0.662,0.696,-0.486,0.499,0.14,0.026,0.39,0.622,-0.016,0.41,1.0,0.285,0.735,0.712,0.686,0.786,0.333,-0.034,0.774,0.769,0.704,-0.579,0.65,0.839,0.569,0.817,-0.087,-0.551,0.678,-0.268,0.758,-0.294,0.803,-0.134,0.384,0.248,0.734,0.387,0.438,0.184,0.831,0.706,-0.373,0.706,0.355,0.878,0.78,0.382,0.106,0.644,-0.182,0.352,0.712,0.777,0.81,0.642,0.725,0.505,0.751,0.741,0.724,0.407,-0.111,0.279,0.276,0.251,0.258,0.421,0.79,0.685,-0.258,0.432,0.451,-0.288,0.447,0.369,-0.603,0.666,0.198,0.708,0.764,-0.178,-0.647,0.657,0.714,-0.258,0.574,-0.317,-0.061,0.748,-0.247,-0.289,0.073,0.755,0.636,0.529,0.673,0.688,0.579,0.643,0.658,0.719,0.829,0.385,0.699,0.687,0.829,-0.268,0.728,0.658,-0.645,0.124,0.649,-0.076,0.108,0.414,0.772,0.435,0.746,0.219,0.824,0.044,0.75,0.545,0.321,0.506,0.72,0.828,-0.243,0.829,0.648,-0.13,0.876,0.603,0.603,0.425,0.349,-0.218,-0.326,0.236,-0.33,0.831,0.71,0.644,0.835,0.682,-0.021,0.717,0.786,0.434,-0.1,0.553,0.811,0.435,0.599,-0.627,0.677,-0.163,0.819,0.426,0.036,0.043,0.5,0.407,0.496,0.754,0.504,0.054,0.527,0.489,0.672,0.781,0.214,0.071,-0.481,0.637,0.62,0.033,0.704,0.391,0.736,0.733,0.761,0.31,0.674,0.625,0.589
BGC,0.537,0.501,0.323,0.388,0.356,0.174,0.296,0.572,0.304,0.266,0.489,0.369,0.244,0.343,0.26,0.211,0.525,0.197,0.38,0.228,0.234,0.405,0.199,0.285,1.0,0.271,0.15,0.167,0.41,0.576,0.494,0.385,0.286,0.505,-0.016,0.16,0.382,0.348,0.335,0.34,0.272,0.524,0.041,0.419,0.22,0.506,0.373,0.636,0.651,0.221,0.323,0.202,0.509,0.503,0.185,0.083,0.174,0.468,0.235,0.362,0.147,0.514,0.254,0.175,0.466,0.34,0.475,0.453,0.444,0.242,0.559,0.249,0.33,0.143,0.283,0.378,0.216,0.199,0.359,0.358,0.593,0.441,0.429,0.074,0.522,0.391,0.305,0.185,0.606,-0.386,0.121,0.089,0.426,0.331,0.111,-0.017,0.443,0.487,0.248,0.519,0.312,0.416,0.542,0.027,0.347,0.465,0.447,0.264,0.058,0.306,0.302,0.469,0.465,0.526,0.496,0.453,0.55,0.267,0.476,0.45,0.096,0.291,0.306,-0.23,0.21,0.494,0.484,0.489,0.562,0.425,0.191,0.24,0.368,0.268,0.44,0.266,0.389,0.214,0.302,0.183,0.486,0.381,0.414,0.3,0.403,0.388,0.468,0.144,0.483,0.424,0.234,0.326,0.459,0.146,0.222,0.457,0.133,0.431,0.514,0.101,0.561,0.311,0.078,0.178,0.541,0.086,0.441,0.281,-0.043,0.121,0.178,0.265,0.424,0.422,0.429,0.408,0.531,0.578,0.38,0.091,0.284,0.268,0.201,0.3,0.402,0.585,0.531,0.009,0.589,0.465,0.304,0.606,0.117,0.314,0.331,0.382,0.241,0.44,0.372,0.505
BIDU,0.383,0.137,0.715,0.866,0.827,0.597,0.623,0.333,-0.101,0.65,0.701,0.719,0.584,0.779,0.889,-0.424,0.421,-0.024,-0.124,0.263,0.476,0.093,0.45,0.735,0.271,1.0,0.78,0.827,0.749,0.251,-0.158,0.738,0.733,0.734,-0.441,0.884,0.805,0.616,0.723,-0.028,-0.469,0.785,-0.394,0.693,-0.259,0.725,-0.121,0.338,0.204,0.606,0.275,0.522,0.332,0.806,0.655,-0.297,0.631,0.453,0.826,0.755,0.175,0.018,0.714,-0.266,0.197,0.846,0.687,0.735,0.657,0.707,0.679,0.73,0.719,0.747,0.462,-0.268,0.474,0.439,0.306,0.299,0.388,0.75,0.711,-0.239,0.298,0.671,-0.202,0.293,0.364,-0.581,0.75,0.139,0.734,0.781,-0.17,-0.578,0.731,0.758,-0.348,0.57,-0.31,0.045,0.756,-0.413,-0.415,0.038,0.727,0.806,0.645,0.678,0.89,0.626,0.782,0.53,0.635,0.718,0.407,0.764,0.77,0.73,-0.295,0.645,0.896,-0.559,0.153,0.72,0.063,0.038,0.664,0.674,0.255,0.788,0.243,0.786,0.046,0.777,0.523,0.454,0.698,0.892,0.638,-0.126,0.831,0.757,-0.154,0.798,0.688,0.636,0.297,0.158,-0.382,-0.259,0.265,-0.296,0.885,0.473,0.813,0.814,0.512,-0.206,0.713,0.77,0.418,-0.239,0.476,0.675,0.617,0.747,-0.624,0.725,-0.203,0.778,0.54,0.089,0.03,0.546,0.641,0.594,0.748,0.403,0.038,0.688,0.634,0.747,0.65,0.244,0.343,-0.462,0.642,0.624,0.006,0.603,0.49,0.705,0.671,0.855,0.357,0.686,0.721,0.634
BILI,0.203,0.16,0.729,0.715,0.547,0.495,0.29,0.258,0.086,0.657,0.515,0.616,0.223,0.722,0.668,-0.436,0.373,0.263,-0.149,0.571,0.47,0.101,0.202,0.712,0.15,0.78,1.0,0.603,0.616,0.307,-0.131,0.665,0.584,0.643,-0.427,0.716,0.758,0.268,0.761,-0.015,-0.432,0.633,-0.209,0.671,-0.149,0.582,-0.016,0.224,0.253,0.653,0.48,0.244,0.178,0.702,0.465,-0.104,0.488,0.336,0.777,0.603,0.222,0.169,0.42,-0.018,0.258,0.599,0.625,0.559,0.649,0.581,0.453,0.707,0.546,0.81,0.202,-0.055,0.342,0.105,0.478,0.487,0.401,0.672,0.487,-0.071,0.361,0.609,-0.189,0.329,0.274,-0.52,0.63,0.428,0.462,0.784,-0.051,-0.463,0.434,0.536,-0.211,0.437,-0.308,0.133,0.509,0.028,-0.342,0.22,0.691,0.747,0.4,0.636,0.759,0.572,0.61,0.437,0.573,0.735,0.316,0.682,0.587,0.599,-0.083,0.561,0.654,-0.492,0.099,0.57,0.059,0.172,0.28,0.633,0.449,0.789,0.086,0.635,-0.091,0.567,0.382,0.191,0.618,0.872,0.644,-0.24,0.659,0.537,-0.12,0.706,0.594,0.663,0.374,0.296,-0.188,-0.2,0.3,-0.251,0.772,0.478,0.571,0.676,0.544,0.086,0.448,0.62,0.683,-0.164,0.497,0.673,0.36,0.768,-0.455,0.844,-0.188,0.649,0.426,0.186,0.042,0.568,0.352,0.387,0.5,0.416,0.168,0.498,0.327,0.491,0.554,0.085,0.122,-0.34,0.478,0.457,0.075,0.601,0.217,0.579,0.624,0.69,0.388,0.535,0.554,0.517
BKR,0.302,-0.011,0.688,0.843,0.793,0.712,0.717,0.225,-0.297,0.672,0.632,0.696,0.752,0.623,0.93,-0.405,0.356,-0.254,-0.068,0.035,0.583,-0.093,0.59,0.686,0.167,0.827,0.603,1.0,0.705,0.178,-0.237,0.621,0.835,0.692,-0.456,0.74,0.794,0.763,0.62,-0.276,-0.443,0.7,-0.289,0.54,-0.352,0.648,-0.233,0.187,-0.018,0.449,0.038,0.725,0.057,0.789,0.74,-0.441,0.822,0.222,0.733,0.802,0.351,-0.115,0.83,-0.375,-0.025,0.827,0.616,0.698,0.435,0.818,0.668,0.55,0.823,0.592,0.517,-0.354,0.441,0.632,0.096,0.064,0.312,0.694,0.773,-0.481,0.237,0.469,-0.369,0.431,0.22,-0.483,0.675,-0.037,0.646,0.64,-0.252,-0.691,0.841,0.727,-0.365,0.321,-0.422,-0.158,0.702,-0.558,-0.435,-0.133,0.656,0.779,0.694,0.779,0.756,0.545,0.561,0.483,0.522,0.681,0.337,0.716,0.697,0.765,-0.317,0.668,0.832,-0.586,0.099,0.486,-0.144,-0.019,0.655,0.626,0.067,0.634,0.395,0.82,0.231,0.822,0.509,0.602,0.516,0.709,0.477,-0.092,0.747,0.758,-0.048,0.653,0.54,0.536,0.171,0.109,-0.519,-0.363,0.197,-0.342,0.813,0.338,0.877,0.776,0.346,-0.224,0.762,0.816,0.263,-0.131,0.388,0.657,0.649,0.56,-0.589,0.55,-0.092,0.834,0.517,-0.124,-0.199,0.461,0.634,0.535,0.714,0.554,-0.063,0.683,0.672,0.871,0.685,0.165,0.351,-0.613,0.645,0.532,-0.308,0.529,0.648,0.714,0.689,0.79,0.331,0.645,0.632,0.313
BLDP,0.497,0.236,0.765,0.728,0.769,0.732,0.542,0.245,-0.116,0.708,0.732,0.755,0.512,0.591,0.656,-0.147,0.408,0.224,0.253,0.263,0.665,0.039,0.582,0.786,0.41,0.749,0.616,0.705,1.0,0.423,0.14,0.82,0.734,0.682,-0.274,0.523,0.774,0.677,0.633,-0.205,-0.476,0.729,-0.119,0.647,-0.308,0.69,-0.167,0.317,0.287,0.5,0.219,0.674,0.107,0.833,0.664,-0.263,0.643,0.35,0.803,0.735,0.466,0.153,0.636,-0.292,0.218,0.644,0.669,0.688,0.576,0.709,0.595,0.731,0.708,0.622,0.407,-0.165,0.453,0.482,0.221,0.215,0.514,0.669,0.721,-0.179,0.403,0.466,0.03,0.538,0.384,-0.497,0.742,0.101,0.795,0.708,-0.277,-0.628,0.702,0.709,-0.063,0.399,-0.039,-0.006,0.737,-0.331,-0.336,0.191,0.815,0.731,0.517,0.674,0.652,0.752,0.647,0.567,0.769,0.736,0.5,0.659,0.679,0.778,-0.172,0.764,0.709,-0.496,0.332,0.602,-0.071,0.317,0.63,0.766,0.158,0.649,0.395,0.667,0.41,0.676,0.461,0.547,0.361,0.67,0.746,-0.224,0.909,0.545,0.084,0.805,0.568,0.391,0.442,0.471,-0.133,-0.044,0.469,-0.163,0.808,0.675,0.69,0.766,0.716,0.131,0.711,0.738,0.278,0.092,0.556,0.634,0.666,0.635,-0.422,0.643,0.139,0.692,0.56,-0.04,0.163,0.622,0.623,0.686,0.606,0.525,0.083,0.545,0.468,0.757,0.836,0.109,0.473,-0.473,0.718,0.51,-0.101,0.707,0.467,0.734,0.529,0.74,0.544,0.575,0.553,0.526
BLNK,0.463,0.583,0.358,0.432,0.259,0.159,0.031,0.62,0.463,0.47,0.567,0.451,-0.041,0.446,0.208,0.241,0.628,0.525,0.531,0.595,0.265,0.65,-0.043,0.333,0.576,0.251,0.307,0.178,0.423,1.0,0.622,0.311,0.192,0.509,0.226,0.081,0.377,0.148,0.421,0.415,0.301,0.36,0.302,0.401,0.448,0.328,0.542,0.549,0.717,0.325,0.447,0.156,0.439,0.427,0.011,0.368,0.044,0.459,0.23,0.236,0.278,0.756,0.031,0.443,0.318,0.214,0.535,0.252,0.386,0.296,0.452,0.237,0.227,0.166,-0.014,0.567,0.083,-0.066,0.665,0.647,0.785,0.48,0.161,0.3,0.733,0.564,0.526,0.402,0.687,-0.221,0.101,0.308,0.183,0.27,0.303,0.172,0.222,0.471,0.42,0.434,0.51,0.651,0.39,0.307,0.449,0.686,0.458,0.474,-0.197,0.47,0.341,0.575,0.575,0.453,0.514,0.447,0.6,0.201,0.382,0.469,0.422,0.267,0.156,-0.037,0.297,0.538,0.597,0.72,0.346,0.259,0.39,0.27,0.144,0.178,0.386,0.2,0.164,-0.081,0.289,0.251,0.454,0.454,0.366,0.028,0.546,0.311,0.546,0.016,0.768,0.706,0.464,0.548,0.605,0.463,0.245,0.377,0.041,0.474,0.464,0.401,0.309,0.139,0.441,0.392,0.659,0.106,0.465,0.473,0.236,0.219,0.354,0.215,0.515,0.608,0.653,0.525,0.396,0.535,0.208,0.319,0.578,-0.036,-0.188,0.132,0.345,0.431,0.417,0.237,0.514,0.316,0.433,0.727,0.059,0.109,0.271,0.404,0.367,0.199,0.125,0.528
BYND,0.359,0.643,-0.083,-0.011,-0.143,-0.112,-0.104,0.522,0.331,0.001,0.132,-0.021,-0.203,0.108,-0.204,0.401,0.446,0.475,0.563,0.233,-0.099,0.441,-0.12,-0.034,0.494,-0.158,-0.131,-0.237,0.14,0.622,1.0,0.055,-0.194,0.198,0.368,-0.277,-0.026,-0.02,0.112,0.423,0.39,-0.023,0.253,0.067,0.449,0.046,0.457,0.427,0.587,0.025,0.237,-0.096,0.327,0.052,-0.252,0.381,-0.308,0.416,-0.065,-0.015,-0.092,0.69,-0.102,0.361,0.31,-0.092,0.186,0.039,0.168,-0.103,0.035,0.071,-0.15,-0.233,0.014,0.471,0.001,-0.137,0.39,0.383,0.452,0.07,-0.046,0.52,0.395,0.154,0.651,0.067,0.511,-0.019,-0.295,0.036,0.03,-0.128,0.309,0.319,-0.036,0.053,0.43,0.236,0.731,0.481,0.093,0.3,0.477,0.525,0.074,-0.057,-0.364,-0.062,-0.053,0.174,0.193,0.344,0.361,0.017,0.375,-0.088,0.013,0.128,0.355,-0.126,-0.177,0.132,0.16,0.238,0.504,0.53,0.129,0.05,0.187,-0.165,-0.018,-0.13,0.396,-0.134,-0.011,-0.249,-0.014,-0.171,0.211,0.444,0.092,-0.241,0.351,0.081,0.227,-0.207,0.624,0.54,0.797,0.673,0.356,0.453,-0.113,0.335,-0.277,0.078,0.422,0.204,0.049,-0.064,0.056,0.288,0.397,-0.195,0.136,0.029,0.362,-0.205,0.317,-0.161,0.086,0.37,0.717,0.081,0.143,0.32,-0.048,-0.1,0.388,-0.123,-0.279,-0.165,0.032,0.301,0.332,0.431,0.227,0.185,0.465,0.323,-0.206,-0.01,-0.125,0.045,0.041,0.054,-0.01,0.325
