,AAL,AAPL,ABUS,ADBE,ADI,ADMA,AEP,AGNC,AKBA,ALT,AMAT,AMD,AMGN,AMZN,APA,APPS,ARCC,ARDX,ATER,ATOS,AUPH,AVGO,AZN,BCRX,BGC,BIDU,BILI,BKR,BLDP,BLNK,BYND,CAN,CELH,CG,CGC,CHRD,CLNE,CMCSA,COMM,COST,CPB,CPRT,CRON,CRWD,CSCO,CSGP,CSX,CTSH,CZR,DBX,DDOG,DKNG,DLTR,DOCU,DVAX,DXCM,EA,EBAY,ENPH,ERIC,ESPR,ETSY,EXC,EXEL,EXPE,FANG,FAST,FITB,FLEX,FOLD,FOXA,FSLR,FTNT,FUTU,GEN,GERN,GEVO,GILD,GOOG,GOOGL,GPRO,GT,HBAN,HIVE,HON,HST,HUT,IBRX,INTC,IOVA,IQ,IRWD,JBLU,JD,KDP,KHC,LBTYK,LRCX,LYFT,MAR,MARA,MAT,MCHP,MCRB,MDLZ,META,MGNI,MLCO,MNKD,MNST,MOMO,MRNA,MRVL,MSFT,MSTR,MTCH,MU,MVIS,NDAQ,NFLX,NKTR,NNDM,NTES,NTNX,NVAX,NVDA,NWL,NWSA,NXPI,OCGN,OKTA,ON,OPK,PAA,PACB,PAGP,PANW,PARA,PCAR,PDD,PENN,PEP,PLUG,PTEN,PTON,PYPL,QCOM,QUBT,QVCGA,RDFN,REAL,RIOT,ROKU,ROST,RUN,SABR,SAVA,SBUX,SFIX,SGMO,SIRI,SLM,SMCI,SNDL,SONO,STNE,STX,TCOM,TGTX,TIGR,TLRY,TMUS,TRIP,TSCO,TSLA,TTD,TXN,UAL,UNIT,VERU,VKTX,VLY,VOD,VTRS,VXRT,WBA,WBD,WDAY,WDC,WEN,WW,WYNN,XEL,XP,XRAY,XRX,Z,ZION,ZM,ZS
AAL,1.0,0.7,0.517,0.459,0.673,-0.243,-0.696,0.262,-0.596,0.443,0.717,0.609,-0.567,0.797,-0.534,0.663,0.562,-0.638,0.873,0.461,0.69,0.21,0.157,0.379,0.535,0.615,0.81,-0.526,-0.258,0.323,0.632,0.294,0.545,0.726,0.779,-0.507,-0.493,0.487,0.684,-0.354,0.324,0.845,0.727,0.1,-0.052,0.643,-0.21,-0.068,0.652,0.581,0.789,0.421,-0.471,0.63,0.866,-0.063,0.647,0.578,-0.363,0.598,-0.551,0.028,-0.68,-0.7,0.898,-0.07,-0.524,0.85,0.751,0.246,0.373,-0.395,0.511,0.744,0.05,0.023,-0.338,0.558,0.521,0.533,0.697,0.856,0.749,0.589,0.106,0.563,0.693,0.527,-0.017,0.744,0.36,-0.676,0.97,0.673,0.307,-0.405,0.846,0.875,0.749,0.83,0.442,0.578,0.709,0.734,0.833,0.656,0.275,0.745,0.381,0.651,0.726,0.528,0.755,0.631,0.114,0.866,0.8,-0.357,0.659,0.751,0.246,0.747,0.702,0.6,0.673,0.604,0.65,0.735,0.812,0.711,0.556,0.686,0.068,-0.449,0.228,-0.411,-0.245,-0.52,0.92,0.767,0.737,0.629,-0.202,-0.6,0.749,0.635,0.714,0.751,0.775,0.587,0.695,0.6,0.48,0.653,-0.52,0.724,0.739,0.738,0.795,0.34,-0.342,0.892,-0.555,0.599,0.831,0.717,0.726,0.639,0.719,0.673,0.824,0.52,0.789,-0.364,0.422,0.54,-0.309,0.985,-0.519,0.604,0.576,0.764,0.917,0.72,0.609,-0.296,0.695,-0.044,0.793,0.781,0.642,0.824,-0.717,0.833,0.631,0.768,0.707,0.774,0.754,0.717
AAPL,0.7,1.0,0.444,0.785,0.681,-0.012,-0.435,0.648,-0.391,0.667,0.701,0.629,-0.241,0.722,-0.235,0.722,0.741,-0.392,0.714,0.704,0.556,0.414,-0.039,0.64,0.436,0.805,0.784,-0.491,0.002,0.663,0.768,0.622,0.6,0.803,0.766,-0.256,-0.17,0.768,0.575,-0.207,0.477,0.68,0.742,0.168,0.198,0.691,0.077,0.119,0.66,0.796,0.783,0.634,-0.441,0.745,0.71,0.256,0.787,0.822,-0.053,0.379,-0.577,0.454,-0.391,-0.388,0.652,0.286,-0.327,0.657,0.634,0.213,0.742,-0.194,0.688,0.762,0.19,0.115,-0.097,0.592,0.728,0.768,0.807,0.62,0.59,0.706,0.353,0.303,0.786,0.541,0.511,0.735,0.671,-0.506,0.643,0.762,0.553,-0.298,0.679,0.821,0.708,0.61,0.646,0.695,0.619,0.485,0.757,0.749,0.572,0.77,0.473,0.679,0.722,0.254,0.704,0.789,0.51,0.782,0.783,-0.023,0.796,0.795,0.595,0.825,0.792,0.708,0.672,0.686,0.66,0.667,0.699,0.651,0.687,0.712,0.198,0.013,0.521,0.047,0.09,-0.302,0.681,0.766,0.698,0.717,0.119,-0.445,0.692,0.656,0.799,0.85,0.657,0.655,0.852,0.719,0.642,0.667,-0.195,0.393,0.756,0.826,0.757,0.635,-0.09,0.718,-0.212,0.674,0.781,0.785,0.829,0.772,0.727,0.809,0.755,0.457,0.539,-0.104,0.822,0.649,-0.174,0.675,-0.244,0.784,0.742,0.673,0.722,0.491,0.663,-0.099,0.827,0.245,0.784,0.686,0.523,0.742,-0.516,0.631,0.592,0.616,0.631,0.674,0.742,0.765
ABUS,0.517,0.444,1.0,0.463,0.479,-0.153,-0.368,0.237,-0.277,0.495,0.567,0.71,-0.335,0.489,-0.302,0.505,0.27,-0.381,0.516,0.425,0.55,0.164,0.286,0.243,0.411,0.396,0.449,-0.465,0.167,0.488,0.424,0.254,0.567,0.562,0.47,-0.457,-0.133,0.341,0.41,-0.301,0.051,0.483,0.468,0.232,-0.041,0.411,-0.411,-0.077,0.565,0.375,0.587,0.45,-0.321,0.446,0.669,-0.051,0.614,0.288,0.004,0.43,-0.189,0.212,-0.312,-0.184,0.488,0.068,-0.378,0.552,0.526,0.266,0.075,-0.071,0.419,0.438,-0.06,0.502,-0.052,0.173,0.507,0.542,0.619,0.549,0.461,0.581,0.205,0.571,0.53,0.501,0.17,0.581,0.222,-0.337,0.534,0.397,0.106,-0.184,0.533,0.573,0.493,0.483,0.518,0.537,0.578,0.571,0.432,0.527,0.511,0.414,0.133,0.512,0.481,0.416,0.574,0.545,0.339,0.605,0.448,-0.042,0.4,0.569,0.299,0.503,0.515,0.574,0.575,0.488,0.449,0.471,0.669,0.535,0.688,0.623,0.223,-0.217,0.393,-0.182,0.207,-0.396,0.466,0.436,0.536,0.348,0.187,-0.398,0.5,0.612,0.552,0.58,0.547,0.397,0.569,0.632,0.468,0.438,-0.088,0.5,0.551,0.454,0.487,0.628,-0.294,0.645,-0.196,0.359,0.506,0.52,0.369,0.348,0.503,0.411,0.51,0.232,0.473,-0.364,0.407,0.443,0.002,0.493,-0.219,0.554,0.481,0.42,0.512,0.594,0.715,-0.246,0.386,0.136,0.529,0.59,0.502,0.448,-0.496,0.52,0.636,0.412,0.494,0.537,0.657,0.498
ADBE,0.459,0.785,0.463,1.0,0.726,-0.07,-0.333,0.512,-0.39,0.657,0.719,0.711,-0.268,0.587,-0.224,0.791,0.665,-0.332,0.501,0.657,0.334,0.374,0.148,0.478,0.562,0.703,0.607,-0.621,0.018,0.669,0.597,0.536,0.699,0.807,0.604,-0.273,-0.169,0.651,0.511,-0.19,0.465,0.581,0.688,0.277,0.184,0.602,-0.148,0.053,0.733,0.799,0.741,0.841,-0.501,0.735,0.598,0.426,0.729,0.65,-0.005,0.292,-0.477,0.599,-0.265,-0.093,0.466,0.309,-0.346,0.4,0.524,-0.047,0.582,-0.21,0.708,0.641,0.306,0.317,-0.174,0.514,0.827,0.856,0.79,0.548,0.34,0.83,0.463,0.167,0.711,0.544,0.678,0.563,0.596,-0.389,0.473,0.631,0.426,-0.131,0.483,0.668,0.535,0.518,0.67,0.791,0.41,0.431,0.564,0.861,0.827,0.615,0.146,0.725,0.563,0.328,0.594,0.85,0.664,0.67,0.651,0.003,0.738,0.778,0.515,0.699,0.602,0.763,0.639,0.795,0.571,0.561,0.606,0.571,0.748,0.731,0.116,-0.001,0.733,0.095,0.375,-0.125,0.448,0.605,0.716,0.514,0.137,-0.424,0.679,0.771,0.746,0.8,0.41,0.638,0.814,0.693,0.808,0.646,-0.061,0.347,0.674,0.679,0.603,0.717,-0.09,0.532,-0.142,0.627,0.709,0.751,0.617,0.66,0.642,0.734,0.591,0.316,0.427,-0.214,0.758,0.76,-0.036,0.459,-0.162,0.83,0.749,0.385,0.466,0.257,0.732,-0.249,0.708,0.418,0.581,0.611,0.381,0.58,-0.386,0.47,0.478,0.43,0.646,0.519,0.617,0.598
ADI,0.673,0.681,0.479,0.726,1.0,-0.32,-0.656,0.282,-0.645,0.463,0.842,0.701,-0.548,0.673,-0.506,0.818,0.673,-0.605,0.644,0.483,0.52,0.216,0.119,0.518,0.762,0.659,0.676,-0.7,-0.256,0.392,0.555,0.422,0.606,0.719,0.731,-0.504,-0.487,0.55,0.732,-0.458,0.438,0.679,0.647,0.074,0.249,0.621,-0.231,-0.114,0.711,0.634,0.811,0.63,-0.619,0.688,0.656,0.045,0.706,0.506,-0.371,0.446,-0.508,0.233,-0.504,-0.396,0.728,0.129,-0.559,0.559,0.669,-0.086,0.492,-0.493,0.587,0.692,0.021,0.092,-0.415,0.708,0.628,0.634,0.797,0.8,0.519,0.731,0.113,0.451,0.63,0.741,0.212,0.595,0.482,-0.614,0.724,0.692,0.417,-0.031,0.625,0.814,0.635,0.754,0.472,0.854,0.497,0.594,0.735,0.845,0.503,0.727,0.158,0.732,0.678,0.374,0.601,0.702,0.26,0.745,0.745,-0.327,0.648,0.707,0.415,0.675,0.627,0.639,0.634,0.787,0.774,0.663,0.701,0.654,0.519,0.755,0.001,-0.313,0.626,-0.234,-0.026,-0.369,0.658,0.674,0.787,0.581,-0.165,-0.546,0.709,0.706,0.797,0.778,0.545,0.57,0.689,0.566,0.612,0.629,-0.455,0.735,0.65,0.772,0.611,0.471,-0.293,0.744,-0.362,0.707,0.813,0.715,0.704,0.722,0.661,0.777,0.659,0.291,0.629,-0.399,0.484,0.823,-0.122,0.702,-0.475,0.712,0.618,0.526,0.645,0.493,0.546,-0.445,0.742,0.143,0.738,0.677,0.494,0.708,-0.585,0.622,0.625,0.696,0.823,0.604,0.607,0.63
ADMA,-0.243,-0.012,-0.153,-0.07,-0.32,1.0,0.425,0.346,0.52,0.173,-0.132,-0.315,0.413,0.001,0.569,-0.219,-0.247,0.501,-0.097,0.353,-0.34,0.3,0.092,0.185,-0.41,-0.174,-0.256,0.608,0.653,0.39,-0.2,-0.008,-0.309,-0.15,-0.084,0.63,0.671,-0.059,-0.526,0.54,-0.365,-0.159,-0.08,0.372,-0.138,-0.086,0.349,0.542,-0.167,-0.063,-0.209,-0.222,0.483,-0.305,-0.377,0.295,-0.194,0.003,0.714,-0.244,0.392,0.132,0.489,0.298,-0.238,0.135,0.54,-0.232,-0.217,0.395,-0.025,0.582,-0.098,-0.308,0.089,0.23,0.783,-0.396,0.229,0.146,-0.257,-0.313,-0.208,-0.05,0.205,-0.16,0.049,-0.163,0.315,-0.163,-0.021,0.446,-0.286,-0.284,-0.107,-0.312,-0.179,-0.255,0.01,-0.182,0.221,-0.337,-0.022,-0.262,-0.43,-0.233,-0.053,-0.302,0.094,-0.362,-0.265,-0.147,-0.074,-0.018,0.333,-0.196,-0.314,0.675,-0.092,-0.223,0.072,-0.054,-0.232,-0.242,0.018,-0.079,-0.404,-0.162,-0.167,-0.351,-0.101,-0.171,0.331,0.607,-0.001,0.578,0.26,0.417,-0.324,-0.25,-0.197,-0.512,0.646,0.6,-0.349,-0.192,-0.195,-0.2,-0.326,-0.111,-0.133,0.111,-0.142,-0.09,0.642,-0.398,-0.163,-0.242,-0.063,0.276,0.582,-0.284,0.402,-0.094,-0.191,-0.074,-0.329,-0.273,-0.182,-0.187,-0.152,0.125,-0.163,0.625,0.209,-0.318,0.425,-0.274,0.469,-0.072,0.005,-0.125,-0.293,-0.423,0.054,0.497,-0.317,0.26,-0.349,-0.302,0.002,-0.261,0.449,-0.226,-0.457,-0.174,-0.297,-0.251,-0.309,-0.291
AEP,-0.696,-0.435,-0.368,-0.333,-0.656,0.425,1.0,-0.079,0.708,-0.373,-0.595,-0.471,0.85,-0.572,0.804,-0.68,-0.479,0.761,-0.706,-0.234,-0.661,0.198,-0.063,-0.389,-0.583,-0.588,-0.744,0.673,0.533,-0.154,-0.546,-0.221,-0.428,-0.455,-0.63,0.694,0.739,-0.21,-0.762,0.743,-0.212,-0.576,-0.647,0.149,0.071,-0.469,0.417,0.42,-0.421,-0.411,-0.624,-0.365,0.66,-0.663,-0.584,0.472,-0.491,-0.348,0.691,-0.684,0.49,0.187,0.876,0.73,-0.627,0.277,0.776,-0.595,-0.586,-0.087,-0.315,0.553,-0.145,-0.746,0.315,0.007,0.551,-0.534,-0.227,-0.255,-0.482,-0.674,-0.547,-0.438,0.299,-0.547,-0.525,-0.615,0.223,-0.595,-0.32,0.784,-0.704,-0.678,-0.157,0.219,-0.595,-0.631,-0.525,-0.626,-0.178,-0.546,-0.434,-0.726,-0.635,-0.551,-0.043,-0.756,-0.235,-0.421,-0.721,-0.348,-0.442,-0.275,0.204,-0.672,-0.666,0.722,-0.337,-0.615,-0.291,-0.559,-0.709,-0.394,-0.441,-0.523,-0.652,-0.608,-0.565,-0.672,-0.408,-0.39,0.147,0.655,-0.303,0.577,0.525,0.561,-0.673,-0.717,-0.518,-0.459,0.542,0.718,-0.611,-0.477,-0.52,-0.562,-0.637,-0.594,-0.436,-0.353,-0.48,-0.421,0.8,-0.772,-0.584,-0.667,-0.653,-0.157,0.577,-0.645,0.692,-0.589,-0.554,-0.633,-0.631,-0.702,-0.59,-0.638,-0.621,-0.128,-0.646,0.619,-0.115,-0.546,0.558,-0.707,0.747,-0.515,-0.493,-0.478,-0.75,-0.658,-0.253,0.545,-0.586,0.284,-0.587,-0.659,-0.604,-0.715,0.832,-0.66,-0.639,-0.617,-0.715,-0.555,-0.595,-0.554
AGNC,0.262,0.648,0.237,0.512,0.282,0.346,-0.079,1.0,-0.185,0.48,0.468,0.25,0.078,0.308,-0.003,0.333,0.246,-0.021,0.381,0.72,0.437,0.522,-0.044,0.683,0.093,0.397,0.298,-0.084,0.287,0.638,0.618,0.311,0.167,0.418,0.509,0.09,0.131,0.663,0.037,0.057,-0.024,0.286,0.481,-0.004,0.08,0.55,0.216,0.475,0.236,0.68,0.319,0.242,-0.064,0.329,0.29,0.188,0.504,0.615,0.24,0.36,-0.218,0.288,0.013,-0.205,0.307,0.034,0.214,0.386,0.489,0.527,0.465,0.207,0.2,0.281,0.212,0.01,0.302,0.192,0.565,0.577,0.5,0.271,0.509,0.531,0.423,0.316,0.622,0.337,0.534,0.399,0.288,0.066,0.197,0.204,0.186,-0.5,0.499,0.378,0.618,0.354,0.702,0.337,0.589,0.251,0.197,0.453,0.291,0.369,0.703,0.165,0.254,-0.016,0.485,0.415,0.509,0.258,0.309,0.326,0.502,0.336,0.325,0.629,0.343,0.275,0.482,0.513,0.419,0.491,0.411,0.31,0.464,0.353,0.531,0.304,0.314,0.424,0.07,0.071,0.219,0.323,0.125,0.25,0.363,-0.074,0.357,0.385,0.312,0.385,0.501,0.547,0.54,0.695,0.446,0.473,0.189,0.046,0.497,0.388,0.392,0.54,0.236,0.368,0.138,0.592,0.301,0.435,0.324,0.33,0.393,0.381,0.444,0.424,0.382,0.4,0.811,0.13,-0.02,0.242,-0.036,0.647,0.632,0.534,0.292,0.328,0.358,0.446,0.417,0.266,0.439,0.403,0.491,0.328,-0.025,0.292,0.252,0.481,0.331,0.477,0.472,0.441
AKBA,-0.596,-0.391,-0.277,-0.39,-0.645,0.52,0.708,-0.185,1.0,-0.166,-0.635,-0.511,0.668,-0.491,0.81,-0.583,-0.298,0.74,-0.581,-0.153,-0.696,0.133,-0.04,-0.435,-0.61,-0.38,-0.506,0.746,0.576,0.063,-0.648,-0.014,-0.364,-0.474,-0.623,0.639,0.775,-0.394,-0.603,0.653,-0.296,-0.556,-0.593,0.244,-0.051,-0.557,0.396,0.389,-0.327,-0.56,-0.545,-0.373,0.666,-0.473,-0.55,0.336,-0.535,-0.451,0.652,-0.707,0.642,0.137,0.634,0.636,-0.677,0.273,0.61,-0.564,-0.643,-0.018,-0.224,0.504,-0.155,-0.532,0.115,0.192,0.605,-0.598,-0.19,-0.245,-0.635,-0.701,-0.64,-0.517,0.124,-0.571,-0.463,-0.564,0.126,-0.569,-0.16,0.524,-0.649,-0.46,-0.173,0.215,-0.645,-0.602,-0.533,-0.705,-0.256,-0.586,-0.476,-0.553,-0.566,-0.64,-0.151,-0.547,-0.386,-0.503,-0.501,-0.283,-0.402,-0.297,0.134,-0.479,-0.519,0.634,-0.419,-0.534,-0.047,-0.561,-0.44,-0.402,-0.369,-0.616,-0.762,-0.547,-0.495,-0.555,-0.361,-0.374,0.051,0.578,-0.252,0.386,0.429,0.452,-0.574,-0.544,-0.423,-0.553,0.516,0.688,-0.7,-0.61,-0.433,-0.538,-0.667,-0.613,-0.498,-0.433,-0.481,-0.434,0.632,-0.703,-0.615,-0.461,-0.498,-0.104,0.445,-0.673,0.649,-0.704,-0.546,-0.524,-0.529,-0.492,-0.532,-0.496,-0.593,-0.19,-0.721,0.426,-0.237,-0.491,0.567,-0.628,0.699,-0.576,-0.537,-0.517,-0.626,-0.681,-0.243,0.423,-0.573,0.252,-0.651,-0.577,-0.513,-0.538,0.577,-0.52,-0.58,-0.713,-0.74,-0.663,-0.613,-0.63
ALT,0.443,0.667,0.495,0.657,0.463,0.173,-0.373,0.48,-0.166,1.0,0.545,0.431,-0.324,0.475,-0.226,0.626,0.443,-0.317,0.534,0.65,0.392,0.32,-0.023,0.541,0.242,0.754,0.702,-0.382,0.159,0.726,0.54,0.571,0.463,0.514,0.556,-0.089,-0.033,0.454,0.471,-0.267,0.053,0.323,0.612,0.088,-0.119,0.435,-0.081,0.088,0.466,0.522,0.645,0.513,-0.454,0.602,0.502,0.153,0.627,0.491,0.031,0.292,-0.359,0.338,-0.376,-0.24,0.339,0.17,-0.355,0.322,0.364,0.302,0.541,-0.034,0.377,0.706,-0.007,0.4,0.065,0.251,0.635,0.669,0.525,0.377,0.276,0.543,0.168,0.224,0.708,0.604,0.493,0.569,0.558,-0.397,0.408,0.663,0.166,-0.345,0.42,0.567,0.534,0.313,0.494,0.446,0.442,0.534,0.446,0.556,0.54,0.607,0.218,0.363,0.762,0.273,0.629,0.494,0.442,0.605,0.55,0.043,0.427,0.644,0.785,0.71,0.709,0.517,0.566,0.542,0.391,0.467,0.546,0.406,0.655,0.542,0.19,0.022,0.581,0.052,0.101,-0.286,0.344,0.744,0.51,0.313,0.188,-0.259,0.56,0.503,0.733,0.642,0.407,0.591,0.61,0.573,0.597,0.384,-0.08,0.362,0.581,0.677,0.559,0.755,-0.064,0.435,-0.311,0.497,0.492,0.766,0.449,0.711,0.667,0.732,0.627,0.161,0.383,-0.22,0.566,0.54,-0.165,0.411,-0.189,0.751,0.78,0.337,0.381,0.338,0.624,-0.149,0.467,0.089,0.416,0.403,0.424,0.569,-0.39,0.472,0.478,0.36,0.506,0.384,0.579,0.463
AMAT,0.717,0.701,0.567,0.719,0.842,-0.132,-0.595,0.468,-0.635,0.545,1.0,0.733,-0.532,0.676,-0.476,0.769,0.511,-0.528,0.714,0.679,0.588,0.32,0.197,0.558,0.707,0.6,0.628,-0.648,-0.095,0.474,0.677,0.356,0.638,0.77,0.832,-0.459,-0.361,0.607,0.631,-0.339,0.33,0.73,0.764,0.072,0.169,0.683,-0.258,0.006,0.708,0.745,0.802,0.605,-0.528,0.576,0.702,0.095,0.753,0.517,-0.202,0.621,-0.529,0.253,-0.501,-0.431,0.75,0.021,-0.417,0.671,0.799,0.142,0.424,-0.279,0.492,0.601,0.071,0.189,-0.197,0.531,0.727,0.747,0.839,0.832,0.675,0.807,0.293,0.599,0.784,0.728,0.325,0.694,0.382,-0.498,0.73,0.546,0.264,-0.254,0.748,0.855,0.773,0.839,0.661,0.804,0.697,0.712,0.665,0.849,0.536,0.633,0.331,0.684,0.616,0.407,0.747,0.741,0.372,0.785,0.715,-0.185,0.712,0.716,0.369,0.772,0.583,0.656,0.732,0.884,0.766,0.751,0.865,0.661,0.651,0.822,0.196,-0.209,0.623,-0.064,0.009,-0.365,0.719,0.63,0.779,0.492,-0.011,-0.523,0.726,0.831,0.743,0.818,0.669,0.697,0.754,0.748,0.692,0.709,-0.27,0.684,0.763,0.66,0.687,0.605,-0.202,0.787,-0.32,0.766,0.82,0.788,0.662,0.59,0.701,0.687,0.76,0.44,0.787,-0.287,0.6,0.661,-0.084,0.735,-0.378,0.806,0.728,0.675,0.651,0.581,0.675,-0.274,0.656,0.193,0.786,0.689,0.683,0.708,-0.529,0.68,0.565,0.738,0.811,0.731,0.692,0.708
AMD,0.609,0.629,0.71,0.711,0.701,-0.315,-0.471,0.25,-0.511,0.431,0.733,1.0,-0.393,0.597,-0.397,0.7,0.497,-0.447,0.527,0.488,0.459,0.273,0.256,0.318,0.698,0.529,0.561,-0.71,-0.081,0.401,0.569,0.375,0.765,0.776,0.606,-0.602,-0.328,0.552,0.556,-0.323,0.389,0.599,0.625,0.202,0.133,0.584,-0.381,-0.158,0.714,0.595,0.678,0.674,-0.454,0.58,0.695,0.067,0.693,0.473,-0.151,0.419,-0.418,0.421,-0.406,-0.21,0.636,0.188,-0.5,0.6,0.691,-0.037,0.312,-0.269,0.578,0.569,0.174,0.347,-0.31,0.44,0.612,0.631,0.81,0.71,0.494,0.767,0.41,0.46,0.606,0.605,0.335,0.666,0.42,-0.512,0.64,0.555,0.339,-0.066,0.515,0.701,0.586,0.669,0.593,0.826,0.568,0.544,0.606,0.797,0.69,0.533,0.125,0.789,0.555,0.447,0.634,0.766,0.419,0.695,0.685,-0.191,0.623,0.76,0.304,0.612,0.6,0.764,0.636,0.739,0.697,0.589,0.73,0.715,0.722,0.788,0.11,-0.254,0.548,-0.112,0.244,-0.333,0.602,0.575,0.716,0.578,0.009,-0.614,0.718,0.793,0.707,0.783,0.56,0.505,0.799,0.658,0.645,0.627,-0.248,0.596,0.711,0.568,0.585,0.583,-0.319,0.67,-0.21,0.593,0.75,0.631,0.624,0.527,0.648,0.576,0.624,0.262,0.515,-0.46,0.549,0.691,-0.05,0.593,-0.251,0.682,0.598,0.552,0.615,0.492,0.741,-0.379,0.631,0.252,0.649,0.678,0.515,0.613,-0.477,0.577,0.632,0.534,0.732,0.69,0.67,0.649
AMGN,-0.567,-0.241,-0.335,-0.268,-0.548,0.413,0.85,0.078,0.668,-0.324,-0.532,-0.393,1.0,-0.477,0.789,-0.597,-0.223,0.774,-0.61,-0.16,-0.522,0.265,-0.162,-0.325,-0.542,-0.38,-0.547,0.6,0.519,-0.059,-0.428,-0.058,-0.259,-0.379,-0.552,0.683,0.737,0.002,-0.664,0.727,-0.078,-0.482,-0.522,0.216,0.069,-0.384,0.56,0.516,-0.337,-0.306,-0.586,-0.237,0.631,-0.449,-0.47,0.49,-0.358,-0.138,0.63,-0.564,0.392,0.33,0.8,0.584,-0.614,0.309,0.793,-0.475,-0.5,-0.082,-0.026,0.55,0.003,-0.554,0.413,-0.151,0.47,-0.315,-0.175,-0.207,-0.37,-0.578,-0.383,-0.35,0.431,-0.541,-0.354,-0.645,0.341,-0.501,-0.037,0.608,-0.604,-0.444,0.054,0.127,-0.448,-0.503,-0.461,-0.635,-0.029,-0.44,-0.378,-0.715,-0.475,-0.509,0.006,-0.553,-0.174,-0.32,-0.593,-0.429,-0.321,-0.189,0.295,-0.576,-0.504,0.733,-0.157,-0.579,-0.21,-0.491,-0.477,-0.245,-0.312,-0.484,-0.564,-0.409,-0.501,-0.563,-0.294,-0.277,0.169,0.636,-0.254,0.571,0.513,0.617,-0.562,-0.565,-0.453,-0.298,0.566,0.643,-0.596,-0.438,-0.408,-0.519,-0.462,-0.497,-0.309,-0.226,-0.356,-0.279,0.69,-0.779,-0.533,-0.477,-0.504,-0.199,0.616,-0.479,0.76,-0.533,-0.435,-0.502,-0.465,-0.507,-0.502,-0.49,-0.563,-0.056,-0.649,0.603,0.005,-0.466,0.424,-0.588,0.755,-0.472,-0.491,-0.367,-0.583,-0.512,-0.274,0.552,-0.422,0.469,-0.446,-0.407,-0.481,-0.564,0.72,-0.623,-0.427,-0.562,-0.663,-0.409,-0.378,-0.42
AMZN,0.797,0.722,0.489,0.587,0.673,0.001,-0.572,0.308,-0.491,0.475,0.676,0.597,-0.477,1.0,-0.406,0.66,0.537,-0.524,0.741,0.491,0.527,0.221,0.296,0.429,0.447,0.555,0.703,-0.466,-0.142,0.455,0.579,0.277,0.48,0.801,0.699,-0.446,-0.364,0.443,0.531,-0.245,0.23,0.857,0.731,0.496,0.03,0.678,-0.206,-0.028,0.679,0.657,0.721,0.53,-0.463,0.573,0.705,0.079,0.589,0.63,-0.177,0.445,-0.377,0.177,-0.458,-0.445,0.783,-0.01,-0.482,0.723,0.637,0.315,0.397,-0.335,0.567,0.661,0.167,0.274,-0.214,0.426,0.681,0.695,0.661,0.703,0.618,0.645,0.216,0.515,0.659,0.504,0.147,0.764,0.356,-0.518,0.77,0.639,0.339,-0.407,0.705,0.717,0.656,0.771,0.487,0.587,0.603,0.582,0.607,0.673,0.382,0.631,0.303,0.64,0.619,0.575,0.622,0.736,0.236,0.747,0.654,-0.247,0.689,0.738,0.25,0.724,0.662,0.614,0.654,0.704,0.559,0.69,0.657,0.648,0.573,0.609,0.21,-0.286,0.33,-0.263,0.001,-0.384,0.721,0.646,0.717,0.488,-0.063,-0.525,0.663,0.692,0.665,0.728,0.556,0.582,0.712,0.607,0.562,0.628,-0.348,0.608,0.712,0.67,0.745,0.453,-0.307,0.733,-0.372,0.597,0.763,0.687,0.619,0.595,0.661,0.658,0.695,0.615,0.636,-0.228,0.545,0.537,-0.13,0.775,-0.395,0.664,0.636,0.645,0.761,0.466,0.695,-0.24,0.66,0.061,0.629,0.664,0.509,0.633,-0.619,0.709,0.461,0.648,0.645,0.658,0.584,0.641
APA,-0.534,-0.235,-0.302,-0.224,-0.506,0.569,0.804,-0.003,0.81,-0.226,-0.476,-0.397,0.789,-0.406,1.0,-0.508,-0.207,0.775,-0.514,0.004,-0.65,0.19,-0.001,-0.326,-0.526,-0.337,-0.521,0.741,0.698,0.076,-0.53,-0.018,-0.231,-0.365,-0.492,0.789,0.879,-0.159,-0.645,0.8,-0.105,-0.455,-0.495,0.316,0.047,-0.403,0.505,0.483,-0.207,-0.322,-0.439,-0.205,0.666,-0.473,-0.482,0.507,-0.37,-0.3,0.799,-0.688,0.552,0.302,0.771,0.688,-0.553,0.565,0.79,-0.48,-0.519,-0.077,-0.141,0.592,0.098,-0.574,0.307,0.097,0.661,-0.459,-0.014,-0.086,-0.39,-0.546,-0.518,-0.307,0.323,-0.608,-0.321,-0.573,0.355,-0.543,-0.036,0.568,-0.551,-0.481,-0.028,0.2,-0.48,-0.428,-0.375,-0.576,-0.031,-0.414,-0.415,-0.62,-0.442,-0.506,0.016,-0.54,-0.298,-0.313,-0.536,-0.347,-0.34,-0.096,0.394,-0.422,-0.43,0.828,-0.212,-0.455,-0.066,-0.44,-0.457,-0.255,-0.218,-0.488,-0.637,-0.46,-0.42,-0.465,-0.25,-0.18,0.14,0.778,-0.119,0.658,0.589,0.526,-0.512,-0.561,-0.262,-0.424,0.706,0.797,-0.634,-0.455,-0.321,-0.394,-0.55,-0.529,-0.311,-0.235,-0.36,-0.226,0.817,-0.759,-0.482,-0.422,-0.418,-0.039,0.594,-0.496,0.768,-0.568,-0.345,-0.447,-0.398,-0.517,-0.452,-0.418,-0.505,-0.053,-0.627,0.646,0.023,-0.393,0.595,-0.543,0.793,-0.459,-0.498,-0.411,-0.567,-0.652,-0.168,0.468,-0.444,0.526,-0.455,-0.408,-0.456,-0.46,0.64,-0.545,-0.553,-0.578,-0.651,-0.524,-0.488,-0.472
APPS,0.663,0.722,0.505,0.791,0.818,-0.219,-0.68,0.333,-0.583,0.626,0.769,0.7,-0.597,0.66,-0.508,1.0,0.655,-0.604,0.719,0.564,0.554,0.204,0.088,0.529,0.655,0.747,0.753,-0.692,-0.201,0.497,0.642,0.501,0.611,0.725,0.78,-0.47,-0.444,0.483,0.72,-0.443,0.421,0.649,0.757,0.106,0.087,0.602,-0.285,-0.134,0.658,0.711,0.84,0.645,-0.62,0.757,0.686,0.076,0.827,0.566,-0.299,0.576,-0.561,0.316,-0.539,-0.439,0.654,0.105,-0.595,0.529,0.631,0.035,0.561,-0.409,0.593,0.763,0.071,0.182,-0.352,0.695,0.684,0.701,0.784,0.744,0.467,0.762,0.148,0.391,0.74,0.7,0.3,0.68,0.524,-0.625,0.703,0.722,0.453,-0.183,0.611,0.751,0.684,0.665,0.543,0.791,0.478,0.647,0.698,0.877,0.617,0.746,0.209,0.707,0.747,0.391,0.63,0.703,0.356,0.787,0.719,-0.294,0.655,0.861,0.544,0.76,0.701,0.658,0.643,0.81,0.698,0.697,0.661,0.686,0.692,0.677,-0.001,-0.275,0.724,-0.191,-0.018,-0.214,0.66,0.748,0.746,0.557,-0.122,-0.562,0.775,0.793,0.794,0.839,0.55,0.681,0.74,0.641,0.713,0.596,-0.418,0.65,0.729,0.768,0.779,0.6,-0.32,0.682,-0.477,0.784,0.774,0.823,0.729,0.76,0.763,0.843,0.755,0.256,0.64,-0.407,0.539,0.899,-0.325,0.672,-0.435,0.81,0.741,0.481,0.676,0.483,0.613,-0.406,0.822,0.16,0.681,0.697,0.588,0.787,-0.649,0.65,0.631,0.674,0.807,0.61,0.693,0.672
ARCC,0.562,0.741,0.27,0.665,0.673,-0.247,-0.479,0.246,-0.298,0.443,0.511,0.497,-0.223,0.537,-0.207,0.655,1.0,-0.299,0.478,0.351,0.291,0.182,-0.09,0.21,0.522,0.794,0.728,-0.511,-0.132,0.469,0.463,0.626,0.645,0.62,0.451,-0.289,-0.212,0.543,0.643,-0.24,0.648,0.582,0.46,0.218,0.244,0.373,0.104,-0.028,0.585,0.484,0.676,0.617,-0.492,0.874,0.57,0.248,0.578,0.511,-0.206,0.173,-0.551,0.527,-0.44,-0.296,0.433,0.379,-0.467,0.412,0.35,-0.245,0.697,-0.37,0.759,0.768,0.192,-0.006,-0.363,0.675,0.512,0.529,0.617,0.524,0.338,0.5,0.213,0.003,0.531,0.385,0.337,0.47,0.743,-0.672,0.535,0.795,0.622,-0.029,0.415,0.683,0.309,0.365,0.367,0.695,0.184,0.327,0.773,0.599,0.499,0.843,0.009,0.683,0.652,0.157,0.449,0.628,0.358,0.692,0.749,-0.131,0.6,0.608,0.5,0.487,0.686,0.645,0.495,0.44,0.436,0.556,0.468,0.496,0.49,0.645,-0.117,-0.117,0.525,-0.131,0.116,-0.263,0.559,0.669,0.703,0.609,-0.025,-0.403,0.467,0.448,0.723,0.684,0.375,0.363,0.609,0.386,0.48,0.518,-0.364,0.362,0.426,0.832,0.606,0.331,-0.207,0.577,-0.202,0.353,0.718,0.594,0.732,0.76,0.542,0.752,0.449,0.202,0.245,-0.367,0.457,0.752,-0.212,0.561,-0.128,0.464,0.371,0.372,0.609,0.285,0.45,-0.407,0.734,0.359,0.615,0.661,0.204,0.681,-0.475,0.441,0.557,0.319,0.525,0.43,0.576,0.588
ARDX,-0.638,-0.392,-0.381,-0.332,-0.605,0.501,0.761,-0.021,0.74,-0.317,-0.528,-0.447,0.774,-0.524,0.775,-0.604,-0.299,1.0,-0.566,-0.137,-0.606,0.242,-0.078,-0.412,-0.51,-0.468,-0.606,0.676,0.511,-0.076,-0.517,-0.05,-0.253,-0.444,-0.573,0.655,0.709,-0.147,-0.708,0.758,-0.203,-0.498,-0.544,0.194,0.014,-0.441,0.47,0.592,-0.332,-0.419,-0.581,-0.333,0.685,-0.523,-0.596,0.399,-0.5,-0.356,0.65,-0.539,0.455,0.22,0.699,0.604,-0.641,0.187,0.776,-0.536,-0.475,-0.056,-0.198,0.655,-0.165,-0.645,0.287,-0.022,0.513,-0.423,-0.194,-0.264,-0.465,-0.611,-0.536,-0.439,0.378,-0.472,-0.45,-0.545,0.255,-0.561,-0.193,0.599,-0.654,-0.587,-0.228,0.091,-0.537,-0.585,-0.504,-0.627,-0.113,-0.467,-0.409,-0.642,-0.622,-0.548,-0.133,-0.549,-0.215,-0.463,-0.645,-0.408,-0.348,-0.259,0.167,-0.57,-0.474,0.663,-0.301,-0.555,-0.202,-0.537,-0.573,-0.251,-0.333,-0.482,-0.643,-0.47,-0.456,-0.638,-0.307,-0.305,0.148,0.629,-0.231,0.644,0.425,0.629,-0.569,-0.646,-0.463,-0.565,0.56,0.765,-0.633,-0.52,-0.518,-0.56,-0.548,-0.53,-0.44,-0.317,-0.417,-0.213,0.689,-0.74,-0.531,-0.501,-0.53,-0.205,0.532,-0.605,0.73,-0.502,-0.449,-0.549,-0.584,-0.535,-0.486,-0.541,-0.549,-0.082,-0.659,0.571,-0.101,-0.511,0.485,-0.647,0.742,-0.541,-0.496,-0.416,-0.685,-0.658,-0.28,0.542,-0.555,0.4,-0.536,-0.448,-0.379,-0.47,0.733,-0.605,-0.565,-0.616,-0.636,-0.512,-0.571,-0.54
ATER,0.873,0.714,0.516,0.501,0.644,-0.097,-0.706,0.381,-0.581,0.534,0.714,0.527,-0.61,0.741,-0.514,0.719,0.478,-0.566,1.0,0.547,0.741,0.18,0.075,0.601,0.455,0.584,0.761,-0.475,-0.2,0.44,0.711,0.363,0.494,0.667,0.854,-0.399,-0.457,0.511,0.588,-0.37,0.252,0.752,0.785,0.001,-0.079,0.65,-0.168,-0.056,0.611,0.63,0.806,0.426,-0.478,0.623,0.769,-0.12,0.705,0.613,-0.299,0.662,-0.604,0.017,-0.63,-0.692,0.802,-0.045,-0.476,0.752,0.714,0.292,0.367,-0.204,0.399,0.688,-0.171,0.1,-0.209,0.565,0.54,0.564,0.675,0.798,0.658,0.612,0.034,0.576,0.671,0.632,0.109,0.781,0.338,-0.634,0.857,0.626,0.262,-0.418,0.821,0.817,0.804,0.775,0.485,0.558,0.683,0.735,0.73,0.674,0.286,0.711,0.467,0.575,0.687,0.329,0.742,0.561,0.125,0.84,0.756,-0.304,0.592,0.798,0.354,0.777,0.716,0.582,0.6,0.636,0.676,0.658,0.793,0.672,0.625,0.602,0.053,-0.347,0.336,-0.232,-0.28,-0.499,0.84,0.717,0.648,0.545,-0.133,-0.468,0.763,0.63,0.62,0.747,0.767,0.688,0.662,0.673,0.552,0.633,-0.428,0.632,0.808,0.697,0.848,0.464,-0.24,0.817,-0.607,0.724,0.766,0.738,0.703,0.633,0.723,0.728,0.874,0.394,0.798,-0.237,0.499,0.525,-0.371,0.887,-0.572,0.661,0.667,0.658,0.845,0.683,0.598,-0.177,0.688,-0.107,0.78,0.719,0.747,0.828,-0.72,0.838,0.626,0.792,0.72,0.715,0.716,0.694
ATOS,0.461,0.704,0.425,0.657,0.483,0.353,-0.234,0.72,-0.153,0.65,0.679,0.488,-0.16,0.491,0.004,0.564,0.351,-0.137,0.547,1.0,0.342,0.51,0.241,0.601,0.317,0.563,0.502,-0.218,0.38,0.755,0.533,0.51,0.404,0.553,0.691,-0.002,0.158,0.521,0.292,0.066,0.116,0.414,0.654,0.188,0.047,0.54,0.023,0.359,0.516,0.689,0.632,0.464,-0.172,0.411,0.475,0.272,0.61,0.479,0.299,0.326,-0.222,0.345,-0.171,-0.153,0.469,0.168,0.003,0.422,0.576,0.456,0.423,0.113,0.402,0.414,0.22,0.246,0.337,0.199,0.759,0.758,0.602,0.502,0.405,0.752,0.417,0.367,0.762,0.539,0.569,0.515,0.443,-0.208,0.44,0.375,0.196,-0.434,0.572,0.612,0.697,0.533,0.774,0.487,0.574,0.464,0.359,0.575,0.474,0.433,0.415,0.405,0.454,0.199,0.672,0.635,0.647,0.604,0.53,0.325,0.629,0.596,0.532,0.713,0.47,0.504,0.722,0.654,0.43,0.576,0.659,0.455,0.655,0.603,0.428,0.267,0.59,0.309,0.156,-0.035,0.411,0.464,0.562,0.186,0.461,-0.113,0.488,0.533,0.583,0.638,0.468,0.604,0.609,0.771,0.555,0.562,0.175,0.284,0.66,0.509,0.551,0.753,0.122,0.514,0.044,0.609,0.607,0.607,0.45,0.452,0.596,0.536,0.651,0.458,0.5,0.143,0.763,0.403,0.114,0.444,-0.033,0.696,0.663,0.522,0.398,0.285,0.62,0.116,0.441,0.384,0.545,0.507,0.562,0.532,-0.217,0.505,0.295,0.502,0.53,0.508,0.496,0.497
AUPH,0.69,0.556,0.55,0.334,0.52,-0.34,-0.661,0.437,-0.696,0.392,0.588,0.459,-0.522,0.527,-0.65,0.554,0.291,-0.606,0.741,0.342,1.0,0.062,-0.088,0.507,0.373,0.493,0.622,-0.557,-0.326,0.208,0.72,0.187,0.388,0.483,0.714,-0.547,-0.566,0.48,0.54,-0.57,0.114,0.581,0.648,-0.186,-0.071,0.593,-0.223,-0.12,0.366,0.562,0.589,0.284,-0.534,0.499,0.704,-0.322,0.716,0.546,-0.451,0.801,-0.565,-0.152,-0.577,-0.717,0.664,-0.247,-0.461,0.704,0.722,0.395,0.326,-0.288,0.21,0.583,-0.171,-0.088,-0.366,0.528,0.298,0.353,0.674,0.659,0.733,0.469,-0.078,0.74,0.635,0.552,-0.037,0.669,0.23,-0.487,0.673,0.504,0.143,-0.421,0.813,0.663,0.684,0.629,0.442,0.508,0.685,0.62,0.577,0.544,0.117,0.638,0.618,0.408,0.616,0.254,0.583,0.331,-0.029,0.578,0.583,-0.416,0.458,0.58,0.259,0.652,0.608,0.462,0.478,0.527,0.737,0.607,0.642,0.584,0.54,0.424,0.142,-0.427,0.192,-0.298,-0.413,-0.466,0.675,0.629,0.375,0.607,-0.272,-0.552,0.665,0.513,0.494,0.556,0.896,0.649,0.544,0.625,0.471,0.515,-0.523,0.616,0.673,0.58,0.642,0.297,-0.436,0.791,-0.543,0.692,0.5,0.602,0.59,0.553,0.61,0.512,0.716,0.373,0.696,-0.296,0.4,0.373,-0.518,0.683,-0.627,0.642,0.603,0.635,0.739,0.902,0.329,-0.15,0.576,-0.178,0.758,0.69,0.699,0.659,-0.659,0.648,0.803,0.747,0.649,0.712,0.802,0.686
AVGO,0.21,0.414,0.164,0.374,0.216,0.3,0.198,0.522,0.133,0.32,0.32,0.273,0.265,0.221,0.19,0.204,0.182,0.242,0.18,0.51,0.062,1.0,-0.05,0.238,0.028,0.183,0.142,0.035,0.267,0.431,0.259,0.309,0.18,0.343,0.347,0.249,0.217,0.505,-0.052,0.367,0.044,0.189,0.22,0.191,0.042,0.329,0.379,0.595,0.278,0.391,0.2,0.165,0.111,0.115,0.233,0.551,0.299,0.44,0.322,0.097,-0.113,0.367,0.23,-0.001,0.211,0.067,0.331,0.165,0.315,0.292,0.318,0.269,0.277,0.106,0.451,0.04,0.255,0.058,0.495,0.472,0.319,0.243,0.206,0.363,0.633,0.073,0.355,0.186,0.474,0.264,0.143,0.129,0.154,0.093,0.183,-0.363,0.226,0.258,0.395,0.234,0.51,0.196,0.389,0.117,0.113,0.357,0.407,0.129,0.278,0.217,0.075,0.067,0.614,0.433,0.439,0.193,0.257,0.474,0.482,0.235,0.226,0.38,0.103,0.316,0.31,0.417,0.21,0.317,0.346,0.096,0.313,0.381,0.44,0.308,0.201,0.365,0.281,0.264,0.191,0.14,0.194,0.11,0.409,0.113,0.309,0.297,0.289,0.224,0.189,0.246,0.38,0.424,0.273,0.385,0.259,-0.009,0.311,0.231,0.196,0.349,0.309,0.147,0.237,0.327,0.322,0.233,0.097,0.167,0.246,0.238,0.335,0.423,0.178,0.379,0.565,0.113,0.376,0.205,0.15,0.347,0.406,0.311,0.046,0.021,0.372,0.528,0.223,0.385,0.229,0.155,0.228,0.235,0.234,0.285,0.022,0.241,0.221,0.264,0.189,0.202
AZN,0.157,-0.039,0.286,0.148,0.119,0.092,-0.063,-0.044,-0.04,-0.023,0.197,0.256,-0.162,0.296,-0.001,0.088,-0.09,-0.078,0.075,0.241,-0.088,-0.05,1.0,-0.08,0.264,-0.062,-0.007,-0.103,0.217,0.13,-0.058,-0.149,0.125,0.272,0.026,-0.185,0.041,-0.135,0.087,0.144,-0.027,0.313,0.254,0.417,0.133,0.094,-0.47,-0.005,0.282,0.212,0.129,0.228,0.118,-0.05,0.178,0.013,-0.002,-0.178,0.166,-0.018,0.344,0.035,-0.037,0.26,0.244,-0.045,-0.033,0.27,0.194,0.226,-0.236,-0.037,0.084,-0.034,0.291,0.31,0.097,-0.206,0.306,0.319,0.108,0.166,0.163,0.33,0.26,0.286,0.109,0.077,0.007,0.097,-0.154,0.017,0.188,-0.088,-0.04,-0.051,0.222,0.068,0.147,0.293,0.209,0.104,0.201,0.186,-0.076,0.12,0.142,-0.091,-0.09,0.211,-0.036,0.452,0.094,0.274,0.266,0.146,0.018,0.046,0.224,0.179,-0.187,0.11,-0.034,0.099,0.353,0.259,-0.022,0.253,0.231,0.263,0.207,0.203,0.136,-0.108,0.166,-0.108,0.225,-0.012,0.141,-0.048,0.257,-0.203,0.177,-0.072,0.08,0.299,0.058,0.091,-0.046,0.17,0.098,0.178,0.193,0.225,0.154,0.179,0.112,-0.033,0.027,0.208,-0.15,0.166,0.159,0.027,0.143,0.076,-0.121,-0.118,0.096,-0.046,0.043,0.244,0.217,-0.082,0.106,0.014,0.309,0.15,0.093,0.123,0.05,0.226,0.071,-0.086,0.354,-0.115,-0.004,0.149,-0.014,0.219,0.074,-0.004,-0.136,0.219,-0.118,0.111,0.081,0.193,-0.024,0.0
BCRX,0.379,0.64,0.243,0.478,0.518,0.185,-0.389,0.683,-0.435,0.541,0.558,0.318,-0.325,0.429,-0.326,0.529,0.21,-0.412,0.601,0.601,0.507,0.238,-0.08,1.0,0.286,0.452,0.448,-0.304,0.02,0.52,0.66,0.345,0.115,0.425,0.704,-0.124,-0.214,0.538,0.263,-0.279,0.02,0.297,0.563,-0.201,0.106,0.649,0.007,0.016,0.249,0.618,0.478,0.255,-0.366,0.382,0.353,-0.15,0.571,0.59,-0.086,0.39,-0.41,0.066,-0.249,-0.386,0.469,0.01,-0.199,0.39,0.486,0.33,0.443,-0.041,0.097,0.456,-0.195,0.028,0.094,0.366,0.43,0.456,0.495,0.416,0.439,0.511,0.014,0.427,0.533,0.634,0.276,0.567,0.319,-0.252,0.347,0.416,0.262,-0.299,0.493,0.463,0.712,0.516,0.482,0.415,0.512,0.41,0.339,0.577,0.24,0.43,0.597,0.233,0.484,0.03,0.457,0.336,0.22,0.413,0.397,-0.048,0.379,0.486,0.423,0.666,0.512,0.229,0.415,0.588,0.638,0.418,0.422,0.47,0.383,0.302,0.251,0.01,0.418,0.134,-0.198,-0.211,0.324,0.527,0.255,0.36,0.054,-0.255,0.568,0.446,0.406,0.5,0.496,0.577,0.549,0.583,0.417,0.376,-0.13,0.359,0.593,0.441,0.469,0.546,0.039,0.441,-0.299,0.766,0.385,0.543,0.483,0.494,0.512,0.589,0.604,0.161,0.532,0.12,0.645,0.364,-0.249,0.385,-0.399,0.672,0.713,0.483,0.403,0.388,0.336,0.114,0.559,-0.157,0.484,0.317,0.556,0.408,-0.323,0.474,0.346,0.654,0.558,0.442,0.43,0.469
BGC,0.535,0.436,0.411,0.562,0.762,-0.41,-0.583,0.093,-0.61,0.242,0.707,0.698,-0.542,0.447,-0.526,0.655,0.522,-0.51,0.455,0.317,0.373,0.028,0.264,0.286,1.0,0.489,0.482,-0.758,-0.284,0.207,0.424,0.327,0.547,0.565,0.487,-0.593,-0.521,0.376,0.697,-0.4,0.467,0.57,0.491,-0.029,0.414,0.45,-0.381,-0.274,0.555,0.459,0.641,0.475,-0.519,0.562,0.565,-0.085,0.529,0.262,-0.383,0.326,-0.392,0.228,-0.493,-0.248,0.592,0.077,-0.593,0.411,0.545,-0.27,0.337,-0.514,0.435,0.524,0.017,0.084,-0.512,0.548,0.407,0.422,0.662,0.706,0.374,0.635,0.041,0.429,0.435,0.712,0.062,0.468,0.374,-0.597,0.58,0.514,0.372,0.155,0.415,0.639,0.462,0.631,0.365,0.799,0.33,0.483,0.592,0.691,0.404,0.563,0.042,0.676,0.519,0.369,0.414,0.531,0.189,0.569,0.626,-0.376,0.482,0.606,0.233,0.446,0.436,0.539,0.521,0.645,0.69,0.521,0.554,0.596,0.404,0.651,-0.121,-0.44,0.583,-0.261,-0.039,-0.367,0.574,0.501,0.63,0.506,-0.211,-0.571,0.587,0.589,0.59,0.598,0.393,0.362,0.535,0.441,0.418,0.534,-0.46,0.714,0.472,0.555,0.459,0.362,-0.421,0.61,-0.311,0.525,0.648,0.487,0.539,0.539,0.562,0.57,0.432,0.106,0.498,-0.556,0.29,0.696,-0.11,0.563,-0.347,0.533,0.402,0.376,0.533,0.366,0.494,-0.556,0.602,0.082,0.593,0.576,0.344,0.579,-0.449,0.508,0.532,0.53,0.774,0.482,0.454,0.523
BIDU,0.615,0.805,0.396,0.703,0.659,-0.174,-0.588,0.397,-0.38,0.754,0.6,0.529,-0.38,0.555,-0.337,0.747,0.794,-0.468,0.584,0.563,0.493,0.183,-0.062,0.452,0.489,1.0,0.907,-0.627,-0.09,0.57,0.626,0.732,0.663,0.616,0.591,-0.294,-0.254,0.526,0.755,-0.398,0.418,0.497,0.66,0.079,0.103,0.482,-0.068,-0.11,0.556,0.607,0.771,0.627,-0.596,0.852,0.661,0.089,0.699,0.58,-0.248,0.359,-0.552,0.396,-0.606,-0.421,0.471,0.277,-0.524,0.459,0.484,0.064,0.789,-0.31,0.62,0.919,0.106,0.08,-0.313,0.568,0.547,0.588,0.686,0.555,0.431,0.603,0.123,0.216,0.785,0.601,0.363,0.613,0.846,-0.707,0.59,0.913,0.477,-0.219,0.525,0.75,0.5,0.387,0.52,0.649,0.372,0.566,0.741,0.615,0.506,0.874,0.228,0.569,0.911,0.27,0.601,0.567,0.437,0.72,0.786,-0.169,0.54,0.708,0.8,0.714,0.873,0.673,0.693,0.529,0.554,0.658,0.557,0.587,0.649,0.649,0.055,-0.192,0.653,-0.152,-0.02,-0.362,0.575,0.897,0.672,0.599,-0.008,-0.479,0.632,0.504,0.864,0.741,0.571,0.567,0.701,0.581,0.582,0.52,-0.396,0.499,0.6,0.904,0.679,0.509,-0.329,0.651,-0.368,0.52,0.676,0.782,0.715,0.925,0.806,0.866,0.649,0.165,0.385,-0.43,0.573,0.749,-0.375,0.588,-0.294,0.695,0.645,0.449,0.628,0.478,0.518,-0.413,0.741,0.232,0.656,0.685,0.4,0.79,-0.595,0.547,0.685,0.466,0.635,0.55,0.762,0.674
BILI,0.81,0.784,0.449,0.607,0.676,-0.256,-0.744,0.298,-0.506,0.702,0.628,0.561,-0.547,0.703,-0.521,0.753,0.728,-0.606,0.761,0.502,0.622,0.142,-0.007,0.448,0.482,0.907,1.0,-0.631,-0.236,0.472,0.653,0.637,0.613,0.651,0.699,-0.436,-0.456,0.493,0.794,-0.456,0.385,0.638,0.747,0.055,-0.003,0.557,-0.131,-0.144,0.593,0.616,0.815,0.59,-0.618,0.834,0.784,-0.038,0.691,0.603,-0.394,0.483,-0.628,0.183,-0.753,-0.628,0.641,0.058,-0.636,0.611,0.565,0.16,0.664,-0.392,0.531,0.962,0.049,0.042,-0.39,0.594,0.506,0.55,0.663,0.674,0.53,0.571,0.058,0.373,0.755,0.602,0.185,0.708,0.675,-0.808,0.783,0.928,0.376,-0.33,0.688,0.808,0.602,0.553,0.416,0.604,0.485,0.672,0.804,0.627,0.367,0.892,0.264,0.597,0.937,0.385,0.7,0.56,0.216,0.829,0.84,-0.373,0.584,0.8,0.626,0.749,0.921,0.683,0.645,0.565,0.599,0.675,0.661,0.671,0.672,0.623,-0.0,-0.363,0.479,-0.353,-0.216,-0.494,0.717,0.953,0.727,0.632,-0.179,-0.604,0.741,0.554,0.832,0.762,0.675,0.66,0.692,0.547,0.61,0.545,-0.56,0.627,0.729,0.891,0.767,0.422,-0.391,0.753,-0.566,0.57,0.76,0.826,0.759,0.914,0.825,0.867,0.796,0.287,0.557,-0.481,0.473,0.693,-0.467,0.78,-0.484,0.682,0.659,0.564,0.775,0.607,0.533,-0.42,0.735,0.004,0.73,0.751,0.501,0.847,-0.757,0.7,0.702,0.566,0.691,0.626,0.789,0.688
BKR,-0.526,-0.491,-0.465,-0.621,-0.7,0.608,0.673,-0.084,0.746,-0.382,-0.648,-0.71,0.6,-0.466,0.741,-0.692,-0.511,0.676,-0.475,-0.218,-0.557,0.035,-0.103,-0.304,-0.758,-0.627,-0.631,1.0,0.502,-0.146,-0.643,-0.364,-0.674,-0.634,-0.53,0.74,0.681,-0.437,-0.752,0.669,-0.424,-0.529,-0.609,0.063,-0.143,-0.509,0.522,0.498,-0.557,-0.56,-0.637,-0.654,0.772,-0.683,-0.657,0.155,-0.63,-0.424,0.607,-0.522,0.638,-0.24,0.686,0.361,-0.513,0.053,0.764,-0.463,-0.579,0.172,-0.435,0.579,-0.382,-0.7,-0.002,-0.051,0.685,-0.578,-0.327,-0.416,-0.716,-0.651,-0.453,-0.62,-0.019,-0.415,-0.521,-0.642,-0.094,-0.653,-0.472,0.698,-0.547,-0.689,-0.315,0.029,-0.471,-0.623,-0.392,-0.541,-0.365,-0.741,-0.351,-0.563,-0.61,-0.73,-0.502,-0.636,-0.132,-0.694,-0.67,-0.362,-0.486,-0.475,-0.132,-0.589,-0.641,0.557,-0.455,-0.649,-0.362,-0.526,-0.617,-0.663,-0.501,-0.655,-0.755,-0.549,-0.535,-0.644,-0.568,-0.56,0.128,0.583,-0.548,0.396,0.09,0.443,-0.576,-0.677,-0.589,-0.618,0.416,0.805,-0.754,-0.677,-0.632,-0.638,-0.574,-0.572,-0.639,-0.475,-0.611,-0.518,0.619,-0.654,-0.59,-0.609,-0.515,-0.304,0.612,-0.605,0.514,-0.584,-0.59,-0.622,-0.569,-0.694,-0.657,-0.617,-0.538,-0.038,-0.509,0.722,-0.321,-0.698,0.434,-0.546,0.527,-0.637,-0.586,-0.374,-0.554,-0.561,-0.446,0.637,-0.671,-0.002,-0.612,-0.597,-0.408,-0.593,0.647,-0.576,-0.703,-0.502,-0.757,-0.598,-0.675,-0.694
BLDP,-0.258,0.002,0.167,0.018,-0.256,0.653,0.533,0.287,0.576,0.159,-0.095,-0.081,0.519,-0.142,0.698,-0.201,-0.132,0.511,-0.2,0.38,-0.326,0.267,0.217,0.02,-0.284,-0.09,-0.236,0.502,1.0,0.535,-0.24,0.116,-0.109,-0.142,-0.159,0.56,0.864,-0.023,-0.444,0.599,-0.278,-0.223,-0.166,0.395,-0.062,-0.145,0.204,0.501,-0.079,-0.071,-0.123,-0.056,0.493,-0.185,-0.184,0.337,-0.027,-0.185,0.922,-0.39,0.411,0.373,0.552,0.47,-0.286,0.407,0.54,-0.246,-0.27,0.245,-0.073,0.687,0.154,-0.261,0.231,0.345,0.844,-0.413,0.271,0.221,-0.116,-0.278,-0.276,0.074,0.381,-0.138,0.08,-0.164,0.405,-0.173,0.068,0.369,-0.291,-0.255,-0.059,-0.152,-0.129,-0.179,-0.051,-0.262,0.362,-0.171,-0.049,-0.292,-0.349,-0.203,0.198,-0.275,-0.145,-0.213,-0.249,-0.102,-0.018,0.084,0.625,-0.114,-0.26,0.842,-0.063,-0.175,0.135,-0.086,-0.17,-0.091,0.136,-0.136,-0.417,-0.116,-0.06,-0.265,0.116,0.057,0.4,0.753,0.193,0.632,0.569,0.381,-0.361,-0.274,-0.055,-0.452,0.956,0.633,-0.367,-0.116,-0.082,-0.09,-0.289,-0.232,-0.066,0.207,-0.125,-0.117,0.827,-0.383,-0.204,-0.191,-0.141,0.389,0.553,-0.143,0.541,-0.233,-0.14,-0.14,-0.292,-0.291,-0.172,-0.158,-0.2,0.029,-0.304,0.459,0.3,-0.178,0.494,-0.318,0.682,-0.102,-0.149,-0.169,-0.332,-0.381,0.191,0.368,-0.306,0.452,-0.248,-0.114,-0.084,-0.288,0.418,-0.299,-0.276,-0.289,-0.303,-0.274,-0.137,-0.233
BLNK,0.323,0.663,0.488,0.669,0.392,0.39,-0.154,0.638,0.063,0.726,0.474,0.401,-0.059,0.455,0.076,0.497,0.469,-0.076,0.44,0.755,0.208,0.431,0.13,0.52,0.207,0.57,0.472,-0.146,0.535,1.0,0.406,0.526,0.354,0.52,0.469,0.047,0.281,0.42,0.21,0.043,0.016,0.323,0.471,0.359,-0.051,0.388,0.018,0.304,0.452,0.5,0.526,0.461,-0.167,0.58,0.409,0.271,0.508,0.457,0.418,0.107,-0.143,0.497,-0.071,-0.05,0.27,0.285,-0.091,0.241,0.286,0.316,0.436,0.217,0.462,0.489,0.087,0.472,0.398,0.127,0.728,0.729,0.459,0.306,0.195,0.631,0.351,0.183,0.618,0.446,0.593,0.462,0.511,-0.206,0.262,0.464,0.213,-0.372,0.36,0.443,0.465,0.293,0.668,0.435,0.388,0.34,0.283,0.498,0.56,0.477,0.186,0.303,0.424,0.185,0.538,0.569,0.681,0.51,0.441,0.373,0.438,0.511,0.561,0.59,0.533,0.456,0.59,0.473,0.245,0.443,0.501,0.327,0.609,0.519,0.336,0.311,0.556,0.287,0.349,-0.052,0.231,0.434,0.435,0.133,0.564,-0.032,0.353,0.42,0.516,0.563,0.261,0.401,0.536,0.663,0.487,0.376,0.245,0.176,0.442,0.52,0.489,0.773,0.181,0.376,0.029,0.389,0.428,0.515,0.345,0.48,0.451,0.571,0.434,0.249,0.243,0.052,0.702,0.401,0.152,0.283,0.048,0.594,0.564,0.281,0.318,0.124,0.66,0.095,0.412,0.326,0.335,0.43,0.402,0.374,-0.195,0.373,0.302,0.268,0.374,0.285,0.438,0.349
BYND,0.632,0.768,0.424,0.597,0.555,-0.2,-0.546,0.618,-0.648,0.54,0.677,0.569,-0.428,0.579,-0.53,0.642,0.463,-0.517,0.711,0.533,0.72,0.259,-0.058,0.66,0.424,0.626,0.653,-0.643,-0.24,0.406,1.0,0.395,0.493,0.673,0.726,-0.422,-0.401,0.718,0.462,-0.441,0.206,0.592,0.725,-0.076,-0.014,0.714,-0.187,-0.085,0.536,0.791,0.634,0.508,-0.587,0.617,0.654,-0.076,0.765,0.715,-0.323,0.607,-0.644,0.309,-0.539,-0.509,0.628,-0.04,-0.409,0.675,0.694,0.327,0.491,-0.277,0.345,0.644,0.027,0.021,-0.235,0.531,0.514,0.603,0.749,0.633,0.708,0.656,0.198,0.47,0.679,0.579,0.274,0.839,0.398,-0.498,0.584,0.577,0.361,-0.454,0.712,0.676,0.743,0.638,0.614,0.611,0.691,0.539,0.595,0.737,0.43,0.664,0.672,0.606,0.637,0.213,0.66,0.535,0.264,0.627,0.614,-0.216,0.603,0.681,0.418,0.81,0.669,0.58,0.57,0.702,0.772,0.694,0.611,0.671,0.661,0.568,0.289,-0.228,0.377,-0.019,-0.126,-0.365,0.653,0.692,0.451,0.633,-0.138,-0.611,0.761,0.711,0.568,0.682,0.787,0.768,0.804,0.731,0.642,0.613,-0.379,0.444,0.773,0.644,0.698,0.454,-0.304,0.659,-0.368,0.796,0.641,0.689,0.65,0.639,0.709,0.687,0.728,0.337,0.653,-0.186,0.701,0.469,-0.458,0.644,-0.417,0.786,0.799,0.66,0.657,0.652,0.526,-0.08,0.742,0.033,0.73,0.621,0.628,0.655,-0.531,0.689,0.611,0.749,0.684,0.76,0.752,0.92
