,AAL,AAPL,ABUS,ADBE,ADI,ADMA,AEP,AGNC,AKBA,ALT,AMAT,AMD,AMGN,AMZN,APA,APPS,ARCC,ARDX,ATER,ATOS,AUPH,AVGO,AZN,BCRX,BGC,BIDU,BILI,BKR,BLDP,BLNK,BYND,CAN,CELH,CG,CGC,CHRD,CLNE,CMCSA,COMM,COST,CPB,CPRT,CRON,CRWD,CSCO,CSGP,CSX,CTSH,CZR,DBX,DDOG,DKNG,DLTR,DOCU,DVAX,DXCM,EA,EBAY,ENPH,ERIC,ESPR,ETSY,EXC,EXEL,EXPE,FANG,FAST,FITB,FLEX,FOLD,FOXA,FSLR,FTNT,FUTU,GEN,GERN,GEVO,GILD,GOOG,GOOGL,GPRO,GT,HBAN,HIVE,HON,HST,HUT,IBRX,INTC,IOVA,IQ,IRWD,JBLU,JD,KDP,KHC,LBTYK,LRCX,LYFT,MAR,MARA,MAT,MCHP,MCRB,MDLZ,META,MGNI,MLCO,MNKD,MNST,MOMO,MRNA,MRVL,MSFT,MSTR,MTCH,MU,MVIS,NDAQ,NFLX,NKTR,NNDM,NTES,NTNX,NVAX,NVDA,NWL,NWSA,NXPI,OCGN,OKTA,ON,OPK,PAA,PACB,PAGP,PANW,PARA,PCAR,PDD,PENN,PEP,PLUG,PTEN,PTON,PYPL,QCOM,QUBT,QVCGA,RDFN,REAL,RIOT,ROKU,ROST,RUN,SABR,SAVA,SBUX,SFIX,SGMO,SIRI,SLM,SMCI,SNDL,SONO,STNE,STX,TCOM,TGTX,TIGR,TLRY,TMUS,TRIP,TSCO,TSLA,TTD,TXN,UAL,UNIT,VERU,VKTX,VLY,VOD,VTRS,VXRT,WBA,WBD,WDAY,WDC,WEN,WW,WYNN,XEL,XP,XRAY,XRX,Z,ZION,ZM,ZS
AAL,1.0,0.108,-0.116,0.086,0.3,0.342,-0.01,-0.45,0.224,-0.263,0.245,-0.219,0.105,0.149,0.061,-0.018,0.385,-0.112,0.326,0.018,0.066,0.241,-0.009,0.067,0.238,-0.222,-0.315,-0.085,-0.009,-0.012,-0.08,-0.108,0.621,0.076,-0.309,-0.044,0.086,0.058,-0.301,0.202,-0.098,0.116,-0.127,0.281,0.135,0.137,0.535,0.149,0.386,0.207,0.027,-0.021,0.604,0.09,0.065,0.082,0.427,0.186,-0.163,-0.036,-0.32,-0.054,0.319,0.367,0.298,-0.089,0.297,0.136,0.343,0.076,0.226,-0.047,0.197,-0.023,0.074,0.299,-0.03,0.231,-0.009,0.007,0.429,0.452,0.496,0.114,0.096,0.71,0.009,0.004,0.243,0.074,-0.13,-0.308,0.561,-0.136,0.042,0.47,0.132,0.186,0.26,0.737,0.088,-0.091,0.311,-0.057,0.229,-0.341,0.159,0.097,0.023,0.462,-0.338,-0.098,0.208,0.048,0.244,-0.155,0.073,-0.401,-0.022,-0.182,-0.206,-0.045,-0.307,0.424,-0.375,0.051,0.311,0.345,0.281,-0.016,0.243,0.139,-0.003,0.128,-0.09,0.212,0.264,-0.083,0.526,-0.277,0.398,0.186,0.141,0.449,0.01,-0.144,0.045,-0.144,0.14,-0.099,0.068,-0.011,-0.149,0.544,-0.326,0.414,-0.32,0.053,-0.163,-0.044,-0.126,0.165,0.13,0.006,-0.035,0.025,0.032,0.152,-0.261,-0.052,-0.161,0.168,0.488,-0.118,0.327,0.219,0.35,0.7,0.245,0.338,-0.12,0.372,0.122,-0.026,-0.029,0.388,0.083,0.032,-0.1,0.186,0.27,0.443,0.124,0.038,-0.212,-0.158,-0.011,0.111,0.088,0.267
AAPL,0.108,1.0,0.551,0.873,0.564,0.825,0.802,0.48,0.544,0.626,0.726,0.62,0.701,0.831,0.587,0.814,0.726,0.095,-0.008,0.643,0.74,0.723,0.78,0.57,0.743,0.555,0.412,0.639,0.82,0.844,0.64,0.7,0.423,0.8,0.37,0.636,0.826,0.83,0.058,0.838,-0.379,0.804,0.768,0.686,0.758,0.37,0.535,0.826,0.686,0.796,0.81,0.76,0.437,0.721,0.836,0.876,0.52,0.782,0.515,0.602,-0.116,0.838,0.665,0.627,0.554,0.514,0.595,0.7,0.465,0.844,0.75,0.722,0.842,0.587,0.812,0.5,0.681,0.627,0.828,0.795,0.448,0.485,0.455,0.888,0.22,-0.158,0.891,0.784,0.837,0.709,0.458,0.248,0.634,-0.007,0.536,-0.213,0.862,0.282,0.555,0.147,0.848,-0.429,0.367,0.758,-0.056,0.447,0.787,0.829,0.823,-0.163,-0.007,0.752,0.812,0.643,0.81,0.663,0.573,0.164,0.755,0.55,0.483,0.701,0.297,0.591,0.343,0.807,-0.018,0.74,0.014,0.707,0.778,0.325,0.86,0.651,0.624,0.661,0.753,0.703,0.085,0.134,0.572,0.503,0.726,0.524,0.809,0.75,0.132,0.7,0.579,0.849,0.848,0.854,0.755,0.524,0.495,0.529,0.37,0.781,0.404,0.84,0.882,0.325,-0.373,0.741,0.783,0.733,0.516,0.159,0.453,0.671,0.672,0.769,0.611,0.673,0.812,0.762,0.707,-0.315,0.799,0.17,0.572,0.762,0.825,0.771,0.84,0.589,0.56,0.802,-0.429,0.745,0.705,0.72,0.712,0.753,0.516,0.45,0.8,0.767,0.67,0.759
ABUS,-0.116,0.551,1.0,0.618,0.191,0.498,0.497,0.375,0.781,0.711,0.527,0.497,0.558,0.491,0.254,0.744,0.395,0.285,0.069,0.512,0.725,0.398,0.484,0.768,0.515,0.413,0.544,0.655,0.706,0.726,0.572,0.615,0.042,0.561,0.652,0.61,0.664,0.587,0.205,0.552,-0.564,0.587,0.724,0.574,0.497,0.016,0.108,0.376,0.381,0.567,0.575,0.639,0.381,0.715,0.678,0.57,0.331,0.392,0.476,0.752,-0.053,0.61,0.422,0.387,0.303,0.366,0.494,0.533,0.188,0.617,0.569,0.578,0.588,0.452,0.474,0.546,0.782,0.314,0.612,0.609,0.101,0.059,0.155,0.624,-0.191,-0.479,0.647,0.654,0.404,0.754,0.649,0.502,0.416,-0.234,0.152,-0.492,0.626,0.181,0.337,-0.201,0.73,-0.651,-0.016,0.73,-0.508,0.25,0.61,0.531,0.65,-0.446,-0.128,0.619,0.485,0.244,0.566,0.657,0.494,0.29,0.622,0.694,0.738,0.715,0.268,0.503,0.38,0.736,-0.447,0.436,-0.405,0.791,0.581,-0.007,0.713,0.402,0.765,0.348,0.535,0.637,-0.221,0.063,0.199,0.054,0.637,0.309,0.704,0.632,-0.25,0.688,0.367,0.679,0.679,0.721,0.537,0.274,0.556,0.325,0.615,0.559,0.364,0.743,0.558,-0.101,-0.51,0.67,0.748,0.567,0.139,-0.033,0.651,0.689,0.815,0.445,0.306,0.784,0.537,0.509,0.188,-0.485,0.543,0.336,0.77,0.243,0.527,0.494,0.729,0.245,0.766,0.594,-0.592,0.549,0.412,0.317,0.275,0.607,0.701,0.597,0.592,0.55,0.686,0.581
ADBE,0.086,0.873,0.618,1.0,0.531,0.749,0.68,0.361,0.638,0.695,0.76,0.626,0.615,0.761,0.547,0.882,0.715,0.179,0.098,0.663,0.798,0.694,0.791,0.613,0.771,0.589,0.53,0.633,0.895,0.855,0.701,0.767,0.456,0.731,0.416,0.641,0.879,0.752,0.014,0.856,-0.479,0.859,0.831,0.781,0.755,0.423,0.439,0.813,0.76,0.806,0.859,0.842,0.505,0.794,0.845,0.861,0.545,0.795,0.605,0.645,-0.111,0.849,0.686,0.694,0.537,0.472,0.592,0.717,0.443,0.838,0.754,0.739,0.859,0.667,0.817,0.598,0.79,0.485,0.85,0.826,0.522,0.521,0.391,0.885,0.084,-0.204,0.912,0.801,0.747,0.761,0.569,0.336,0.615,0.088,0.423,-0.317,0.86,0.314,0.599,0.115,0.845,-0.47,0.368,0.835,-0.209,0.381,0.781,0.861,0.867,-0.22,-0.044,0.758,0.854,0.704,0.853,0.747,0.634,0.206,0.755,0.568,0.502,0.797,0.423,0.707,0.277,0.866,-0.086,0.809,-0.034,0.751,0.848,0.272,0.859,0.626,0.765,0.626,0.847,0.692,0.042,0.204,0.644,0.402,0.764,0.482,0.834,0.741,0.028,0.714,0.724,0.867,0.861,0.872,0.667,0.529,0.531,0.535,0.417,0.764,0.493,0.866,0.779,0.212,-0.425,0.714,0.896,0.824,0.482,0.252,0.469,0.727,0.725,0.771,0.631,0.702,0.726,0.832,0.697,-0.368,0.839,0.242,0.66,0.695,0.745,0.795,0.848,0.53,0.656,0.855,-0.514,0.754,0.71,0.76,0.54,0.809,0.503,0.526,0.833,0.773,0.786,0.865
ADI,0.3,0.564,0.191,0.531,1.0,0.498,0.459,0.244,0.235,0.214,0.658,0.503,0.179,0.322,0.65,0.375,0.47,-0.073,0.179,0.267,0.309,0.77,0.358,0.219,0.353,0.396,0.161,0.324,0.376,0.299,0.292,0.185,0.533,0.392,0.19,0.443,0.294,0.27,0.128,0.357,-0.094,0.363,0.411,0.292,0.378,0.303,0.524,0.299,0.508,0.406,0.33,0.416,0.3,0.284,0.271,0.355,0.207,0.352,0.414,0.194,-0.007,0.353,0.352,0.449,0.094,0.479,0.257,0.431,0.692,0.286,0.362,0.493,0.388,0.352,0.337,0.173,0.351,0.405,0.448,0.452,0.415,0.602,0.441,0.424,0.581,0.142,0.488,0.44,0.581,0.355,0.255,0.063,0.39,0.137,0.126,0.139,0.42,0.621,0.164,0.437,0.393,0.04,0.778,0.189,0.217,0.455,0.399,0.345,0.324,0.02,0.209,0.272,0.699,0.484,0.338,0.234,0.721,0.266,0.291,0.114,0.079,0.39,0.209,0.474,0.252,0.5,0.223,0.404,0.581,0.285,0.314,0.657,0.323,0.578,0.256,0.546,0.356,0.213,0.553,0.259,0.556,0.175,0.404,0.648,0.377,0.331,0.532,0.219,0.33,0.331,0.408,0.347,0.488,0.444,0.259,0.148,-0.071,0.541,0.416,0.285,0.388,0.608,0.174,0.316,0.329,0.37,0.629,0.36,0.076,0.384,0.211,0.431,0.493,0.216,0.486,0.392,0.749,0.025,0.347,-0.026,0.421,0.544,0.262,0.367,0.399,0.269,0.232,0.357,0.051,0.229,0.255,0.6,0.333,0.251,0.052,0.318,0.334,0.515,0.448,0.355
ADMA,0.342,0.825,0.498,0.749,0.498,1.0,0.613,0.19,0.563,0.534,0.621,0.424,0.655,0.811,0.48,0.706,0.655,0.139,0.154,0.557,0.755,0.574,0.698,0.554,0.736,0.446,0.325,0.498,0.721,0.788,0.552,0.539,0.586,0.722,0.241,0.436,0.767,0.77,-0.104,0.78,-0.499,0.694,0.612,0.69,0.657,0.431,0.521,0.745,0.768,0.719,0.688,0.701,0.489,0.643,0.755,0.809,0.632,0.736,0.422,0.505,-0.154,0.726,0.62,0.782,0.635,0.358,0.55,0.64,0.404,0.772,0.704,0.656,0.812,0.578,0.703,0.569,0.58,0.578,0.645,0.622,0.605,0.593,0.547,0.875,0.167,0.014,0.766,0.65,0.805,0.699,0.371,0.159,0.639,-0.008,0.447,-0.215,0.817,0.286,0.629,0.342,0.817,-0.397,0.359,0.64,-0.133,0.255,0.69,0.77,0.73,-0.126,-0.095,0.655,0.727,0.564,0.803,0.519,0.428,0.072,0.666,0.406,0.371,0.632,0.23,0.707,0.234,0.673,-0.021,0.748,0.03,0.627,0.772,0.373,0.742,0.503,0.529,0.564,0.772,0.595,0.12,0.045,0.706,0.368,0.727,0.579,0.699,0.596,0.106,0.471,0.609,0.659,0.756,0.757,0.643,0.67,0.302,0.623,0.255,0.658,0.367,0.739,0.661,0.337,-0.313,0.714,0.662,0.654,0.403,0.216,0.313,0.574,0.568,0.675,0.711,0.523,0.782,0.751,0.621,-0.079,0.745,0.295,0.481,0.714,0.776,0.577,0.722,0.533,0.503,0.724,-0.402,0.688,0.631,0.739,0.614,0.703,0.405,0.316,0.636,0.612,0.56,0.741
AEP,-0.01,0.802,0.497,0.68,0.459,0.613,1.0,0.433,0.459,0.569,0.52,0.448,0.726,0.721,0.442,0.664,0.625,-0.047,-0.131,0.639,0.51,0.497,0.709,0.449,0.588,0.364,0.384,0.628,0.689,0.697,0.556,0.599,0.156,0.745,0.279,0.592,0.657,0.781,0.05,0.721,-0.27,0.566,0.629,0.498,0.709,0.213,0.479,0.628,0.463,0.589,0.646,0.582,0.437,0.592,0.684,0.759,0.312,0.55,0.495,0.506,-0.341,0.64,0.72,0.362,0.464,0.455,0.398,0.602,0.34,0.686,0.612,0.585,0.689,0.442,0.707,0.269,0.577,0.677,0.752,0.745,0.159,0.227,0.435,0.724,0.055,-0.186,0.759,0.703,0.692,0.534,0.399,0.159,0.549,-0.222,0.515,-0.069,0.729,0.132,0.471,0.063,0.708,-0.413,0.164,0.579,0.051,0.38,0.64,0.678,0.662,-0.216,-0.15,0.556,0.646,0.487,0.641,0.606,0.513,0.047,0.762,0.54,0.347,0.456,0.178,0.455,0.206,0.66,0.006,0.532,-0.049,0.538,0.632,0.117,0.662,0.574,0.48,0.513,0.615,0.626,0.054,-0.026,0.286,0.509,0.639,0.511,0.677,0.663,0.05,0.678,0.376,0.697,0.646,0.703,0.603,0.466,0.382,0.446,0.302,0.61,0.142,0.633,0.816,0.167,-0.385,0.655,0.644,0.552,0.368,0.019,0.277,0.668,0.603,0.692,0.419,0.588,0.648,0.552,0.605,-0.422,0.615,0.236,0.459,0.658,0.746,0.763,0.653,0.621,0.585,0.625,-0.484,0.574,0.575,0.545,0.815,0.641,0.469,0.46,0.64,0.688,0.47,0.544
AGNC,-0.45,0.48,0.375,0.361,0.244,0.19,0.433,1.0,0.116,0.448,0.28,0.763,0.242,0.206,0.549,0.347,0.243,-0.002,-0.198,0.263,0.379,0.461,0.358,0.299,0.272,0.37,0.234,0.53,0.445,0.366,0.397,0.399,-0.237,0.566,0.596,0.612,0.325,0.355,0.534,0.213,0.006,0.269,0.53,0.076,0.27,-0.19,0.088,0.16,0.086,0.257,0.315,0.468,-0.067,0.34,0.357,0.314,-0.145,0.143,0.527,0.223,0.268,0.428,0.067,-0.05,-0.062,0.768,-0.038,0.317,0.362,0.311,0.321,0.513,0.24,0.182,0.342,0.005,0.482,0.255,0.507,0.491,-0.143,0.014,0.014,0.283,0.343,-0.541,0.461,0.512,0.283,0.25,0.307,0.443,0.106,-0.057,0.134,-0.249,0.391,0.062,-0.088,-0.306,0.345,-0.005,0.18,0.366,-0.087,0.598,0.398,0.331,0.404,-0.559,0.327,0.536,0.309,0.135,0.137,0.455,0.429,0.506,0.385,0.451,0.392,0.414,0.189,-0.058,0.78,0.417,-0.197,0.083,0.085,0.4,0.141,0.297,0.464,0.564,0.346,0.516,0.116,0.54,-0.158,0.168,-0.026,-0.057,0.345,0.135,0.35,0.453,0.056,0.566,0.077,0.527,0.343,0.452,0.683,-0.17,0.761,-0.19,0.435,0.583,0.394,0.488,0.582,0.276,-0.002,0.193,0.409,0.283,0.358,-0.111,0.447,0.328,0.34,0.373,-0.009,0.461,0.307,0.155,0.248,-0.607,0.195,-0.324,0.445,0.215,0.399,0.428,0.552,0.148,0.292,0.287,0.135,0.14,0.203,0.158,0.238,0.227,0.563,0.399,0.515,0.469,0.306,0.102
AKBA,0.224,0.544,0.781,0.638,0.235,0.563,0.459,0.116,1.0,0.607,0.555,0.257,0.612,0.617,0.127,0.666,0.61,0.178,0.293,0.582,0.627,0.381,0.546,0.735,0.669,0.318,0.469,0.55,0.638,0.66,0.596,0.598,0.183,0.596,0.425,0.447,0.681,0.61,-0.202,0.654,-0.74,0.688,0.617,0.732,0.61,0.117,0.23,0.56,0.562,0.613,0.567,0.542,0.665,0.676,0.677,0.647,0.491,0.554,0.353,0.795,-0.268,0.609,0.598,0.537,0.541,0.137,0.679,0.579,0.157,0.653,0.67,0.489,0.615,0.452,0.553,0.663,0.676,0.423,0.625,0.641,0.292,0.138,0.311,0.639,-0.209,-0.299,0.616,0.628,0.498,0.725,0.599,0.267,0.642,-0.284,0.208,-0.407,0.659,0.063,0.528,0.076,0.707,-0.745,-0.044,0.692,-0.496,0.041,0.583,0.626,0.644,-0.287,-0.303,0.561,0.485,0.313,0.655,0.543,0.383,0.05,0.64,0.601,0.644,0.63,0.143,0.618,0.106,0.667,-0.311,0.624,-0.373,0.752,0.692,-0.123,0.653,0.311,0.662,0.351,0.628,0.61,0.014,0.027,0.284,0.149,0.636,0.418,0.716,0.583,-0.334,0.554,0.468,0.628,0.66,0.638,0.441,0.485,0.274,0.476,0.497,0.511,0.123,0.666,0.532,-0.107,-0.612,0.725,0.679,0.565,0.272,0.026,0.495,0.684,0.708,0.536,0.435,0.663,0.607,0.595,0.354,-0.34,0.648,0.505,0.753,0.43,0.652,0.511,0.622,0.414,0.815,0.626,-0.684,0.679,0.567,0.489,0.362,0.672,0.614,0.441,0.612,0.601,0.667,0.695
ALT,-0.263,0.626,0.711,0.695,0.214,0.534,0.569,0.448,0.607,1.0,0.54,0.549,0.445,0.579,0.342,0.734,0.449,0.223,0.099,0.582,0.657,0.396,0.732,0.78,0.647,0.575,0.813,0.664,0.719,0.742,0.64,0.678,-0.02,0.677,0.614,0.504,0.697,0.579,-0.014,0.596,-0.638,0.665,0.772,0.609,0.521,0.291,-0.005,0.574,0.54,0.612,0.691,0.692,0.286,0.707,0.675,0.65,0.231,0.57,0.566,0.686,-0.002,0.727,0.349,0.439,0.458,0.369,0.459,0.479,0.101,0.72,0.606,0.639,0.626,0.62,0.7,0.483,0.745,0.226,0.666,0.668,0.204,0.14,0.122,0.673,-0.079,-0.599,0.694,0.711,0.452,0.793,0.749,0.439,0.408,0.002,0.31,-0.594,0.603,0.146,0.48,-0.275,0.685,-0.579,-0.039,0.75,-0.482,0.414,0.549,0.684,0.737,-0.555,0.075,0.722,0.617,0.483,0.601,0.778,0.489,0.317,0.704,0.683,0.612,0.664,0.568,0.593,0.4,0.756,-0.346,0.478,-0.26,0.748,0.625,0.125,0.74,0.338,0.739,0.353,0.621,0.727,-0.351,0.318,0.303,0.121,0.653,0.282,0.653,0.701,-0.093,0.628,0.585,0.737,0.7,0.73,0.653,0.296,0.554,0.355,0.678,0.598,0.421,0.769,0.66,-0.032,-0.593,0.642,0.8,0.654,0.272,0.268,0.583,0.754,0.795,0.546,0.303,0.69,0.541,0.566,0.327,-0.597,0.524,0.353,0.694,0.308,0.63,0.678,0.767,0.214,0.806,0.728,-0.494,0.616,0.507,0.446,0.417,0.692,0.683,0.602,0.69,0.636,0.657,0.632
AMAT,0.245,0.726,0.527,0.76,0.658,0.621,0.52,0.28,0.555,0.54,1.0,0.558,0.361,0.502,0.556,0.659,0.633,0.069,0.087,0.565,0.576,0.776,0.597,0.491,0.587,0.568,0.442,0.564,0.656,0.58,0.527,0.53,0.413,0.584,0.35,0.689,0.601,0.477,0.053,0.575,-0.344,0.726,0.67,0.582,0.65,0.375,0.478,0.552,0.602,0.589,0.549,0.614,0.463,0.623,0.547,0.578,0.437,0.511,0.51,0.614,-0.106,0.545,0.493,0.58,0.229,0.465,0.501,0.675,0.587,0.575,0.661,0.678,0.572,0.54,0.514,0.426,0.662,0.447,0.662,0.665,0.407,0.517,0.547,0.64,0.273,-0.135,0.677,0.663,0.629,0.623,0.588,0.277,0.588,0.058,0.319,-0.141,0.673,0.673,0.256,0.138,0.693,-0.313,0.531,0.533,-0.036,0.407,0.7,0.555,0.564,-0.175,0.137,0.469,0.784,0.625,0.574,0.477,0.816,0.328,0.522,0.438,0.385,0.689,0.336,0.655,0.321,0.747,0.016,0.594,0.24,0.661,0.539,0.489,0.654,0.649,0.557,0.616,0.53,0.498,0.264,0.279,0.503,0.307,0.6,0.635,0.527,0.6,0.231,0.476,0.496,0.625,0.613,0.645,0.605,0.538,0.462,0.313,0.267,0.638,0.499,0.588,0.592,0.463,-0.236,0.519,0.695,0.613,0.635,0.313,0.402,0.646,0.579,0.679,0.479,0.536,0.657,0.625,0.663,-0.149,0.619,0.089,0.573,0.608,0.499,0.499,0.657,0.411,0.588,0.606,-0.293,0.606,0.419,0.659,0.422,0.485,0.352,0.476,0.564,0.712,0.687,0.62
AMD,-0.219,0.62,0.497,0.626,0.503,0.424,0.448,0.763,0.257,0.549,0.558,1.0,0.223,0.293,0.681,0.589,0.313,0.094,-0.076,0.289,0.61,0.645,0.453,0.476,0.491,0.464,0.373,0.512,0.629,0.49,0.512,0.54,0.099,0.609,0.632,0.612,0.514,0.351,0.56,0.358,-0.146,0.503,0.639,0.36,0.447,0.051,0.248,0.309,0.467,0.497,0.478,0.705,0.085,0.521,0.497,0.438,0.036,0.353,0.64,0.405,0.291,0.589,0.28,0.271,0.052,0.793,0.237,0.463,0.613,0.416,0.385,0.635,0.459,0.37,0.475,0.227,0.608,0.274,0.568,0.56,0.197,0.364,0.147,0.508,0.43,-0.377,0.601,0.577,0.449,0.503,0.408,0.475,0.19,0.093,0.196,-0.293,0.491,0.4,0.13,-0.054,0.505,-0.023,0.457,0.492,-0.125,0.621,0.572,0.475,0.567,-0.401,0.314,0.657,0.646,0.389,0.377,0.612,0.655,0.566,0.458,0.421,0.436,0.603,0.344,0.31,0.711,0.649,-0.147,0.342,0.247,0.549,0.373,0.537,0.569,0.619,0.561,0.604,0.382,0.562,-0.039,0.249,0.364,-0.004,0.481,0.281,0.507,0.519,0.213,0.628,0.371,0.612,0.527,0.584,0.703,0.108,0.771,-0.014,0.328,0.844,0.679,0.602,0.552,0.475,0.121,0.305,0.58,0.505,0.494,0.094,0.501,0.432,0.518,0.504,0.274,0.485,0.414,0.429,0.454,-0.46,0.337,-0.209,0.556,0.369,0.393,0.501,0.641,0.241,0.39,0.458,0.044,0.277,0.343,0.404,0.191,0.439,0.444,0.489,0.608,0.505,0.573,0.399
AMGN,0.105,0.701,0.558,0.615,0.179,0.655,0.726,0.242,0.612,0.445,0.361,0.223,1.0,0.811,0.165,0.604,0.691,0.023,-0.034,0.576,0.577,0.431,0.536,0.442,0.575,0.079,0.125,0.478,0.638,0.776,0.406,0.538,0.221,0.67,0.102,0.452,0.688,0.921,-0.045,0.762,-0.366,0.609,0.533,0.549,0.677,0.016,0.355,0.656,0.41,0.563,0.585,0.482,0.554,0.577,0.801,0.798,0.459,0.595,0.211,0.516,-0.482,0.624,0.762,0.388,0.564,0.17,0.419,0.522,0.065,0.776,0.646,0.385,0.707,0.237,0.679,0.442,0.449,0.741,0.67,0.661,0.175,0.149,0.395,0.735,-0.218,-0.14,0.684,0.63,0.714,0.561,0.146,0.094,0.653,-0.46,0.422,-0.12,0.742,-0.162,0.537,0.122,0.725,-0.628,0.023,0.662,-0.034,-0.022,0.653,0.698,0.66,-0.128,-0.494,0.532,0.473,0.246,0.719,0.424,0.245,-0.249,0.664,0.445,0.433,0.464,-0.139,0.41,0.025,0.561,-0.06,0.572,-0.284,0.606,0.712,-0.144,0.675,0.37,0.412,0.346,0.6,0.558,0.073,-0.349,0.228,0.461,0.594,0.33,0.73,0.537,-0.315,0.661,0.365,0.731,0.672,0.677,0.452,0.508,0.154,0.483,0.269,0.484,-0.071,0.72,0.697,-0.027,-0.494,0.699,0.6,0.488,0.158,-0.293,0.288,0.499,0.538,0.537,0.432,0.51,0.739,0.53,0.402,-0.398,0.673,0.378,0.382,0.608,0.805,0.667,0.646,0.692,0.542,0.593,-0.665,0.702,0.638,0.508,0.676,0.652,0.428,0.259,0.63,0.616,0.39,0.574
AMZN,0.149,0.831,0.491,0.761,0.322,0.811,0.721,0.206,0.617,0.579,0.502,0.293,0.811,1.0,0.309,0.689,0.705,0.114,0.092,0.676,0.635,0.468,0.747,0.528,0.732,0.366,0.301,0.584,0.724,0.835,0.529,0.609,0.368,0.746,0.149,0.441,0.793,0.918,-0.182,0.884,-0.542,0.714,0.585,0.711,0.7,0.29,0.399,0.856,0.626,0.744,0.776,0.615,0.56,0.663,0.848,0.906,0.621,0.79,0.329,0.56,-0.391,0.805,0.752,0.611,0.737,0.171,0.575,0.618,0.12,0.861,0.751,0.571,0.86,0.504,0.826,0.516,0.545,0.644,0.742,0.714,0.397,0.318,0.472,0.881,-0.114,-0.116,0.786,0.667,0.87,0.626,0.351,0.05,0.65,-0.177,0.494,-0.279,0.872,-0.021,0.729,0.212,0.797,-0.649,0.09,0.735,-0.155,0.11,0.704,0.825,0.78,-0.152,-0.301,0.665,0.609,0.481,0.853,0.602,0.253,-0.156,0.764,0.553,0.402,0.511,0.123,0.567,0.091,0.663,-0.111,0.72,-0.243,0.627,0.845,0.014,0.788,0.395,0.523,0.439,0.802,0.688,-0.023,-0.068,0.471,0.527,0.695,0.388,0.81,0.632,-0.186,0.631,0.528,0.776,0.821,0.779,0.59,0.583,0.248,0.679,0.359,0.582,0.117,0.764,0.791,0.03,-0.554,0.82,0.674,0.638,0.264,-0.003,0.291,0.662,0.602,0.711,0.613,0.596,0.755,0.709,0.542,-0.34,0.819,0.402,0.437,0.739,0.904,0.702,0.724,0.683,0.579,0.758,-0.658,0.773,0.735,0.631,0.772,0.796,0.484,0.38,0.711,0.682,0.51,0.75
APA,0.061,0.587,0.254,0.547,0.65,0.48,0.442,0.549,0.127,0.342,0.556,0.681,0.165,0.309,1.0,0.431,0.404,-0.178,0.111,0.354,0.394,0.638,0.443,0.329,0.363,0.531,0.274,0.548,0.45,0.408,0.42,0.369,0.368,0.485,0.448,0.704,0.394,0.292,0.324,0.39,-0.025,0.309,0.533,0.273,0.304,0.158,0.495,0.283,0.38,0.434,0.438,0.542,0.263,0.381,0.388,0.374,0.011,0.352,0.626,0.113,0.247,0.487,0.271,0.361,0.051,0.802,0.052,0.431,0.673,0.359,0.371,0.631,0.415,0.43,0.418,0.074,0.526,0.217,0.491,0.468,0.287,0.47,0.241,0.441,0.587,-0.023,0.525,0.532,0.419,0.362,0.366,0.172,0.253,0.256,0.175,0.007,0.493,0.445,0.075,0.232,0.414,0.087,0.634,0.335,0.021,0.564,0.447,0.381,0.428,-0.208,0.341,0.448,0.61,0.444,0.337,0.355,0.629,0.34,0.354,0.323,0.188,0.453,0.349,0.314,0.541,0.514,0.077,0.326,0.458,0.407,0.283,0.692,0.518,0.754,0.317,0.763,0.35,0.425,0.125,0.335,0.39,0.045,0.456,0.613,0.381,0.409,0.394,0.418,0.287,0.471,0.418,0.46,0.599,0.242,0.607,0.066,0.158,0.612,0.521,0.442,0.453,0.499,0.108,0.193,0.434,0.399,0.49,0.356,0.234,0.458,0.326,0.493,0.458,0.385,0.4,0.365,0.549,-0.177,0.36,-0.163,0.39,0.501,0.325,0.513,0.58,0.224,0.284,0.416,0.06,0.202,0.354,0.518,0.259,0.237,0.293,0.407,0.474,0.504,0.493,0.346
APPS,-0.018,0.814,0.744,0.882,0.375,0.706,0.664,0.347,0.666,0.734,0.659,0.589,0.604,0.689,0.431,1.0,0.598,0.224,0.12,0.679,0.877,0.499,0.789,0.691,0.693,0.61,0.595,0.676,0.909,0.915,0.746,0.831,0.36,0.681,0.525,0.613,0.91,0.713,0.026,0.754,-0.537,0.769,0.896,0.848,0.686,0.421,0.343,0.701,0.718,0.839,0.853,0.899,0.435,0.9,0.872,0.861,0.466,0.753,0.623,0.776,-0.022,0.855,0.581,0.659,0.52,0.415,0.607,0.672,0.377,0.833,0.739,0.717,0.829,0.698,0.759,0.646,0.786,0.331,0.787,0.759,0.512,0.461,0.212,0.857,-0.054,-0.282,0.897,0.785,0.596,0.824,0.653,0.357,0.54,0.107,0.419,-0.486,0.803,0.287,0.588,-0.021,0.881,-0.537,0.177,0.905,-0.382,0.421,0.743,0.844,0.871,-0.301,-0.083,0.777,0.796,0.629,0.866,0.79,0.588,0.246,0.771,0.675,0.637,0.864,0.41,0.696,0.267,0.885,-0.18,0.787,-0.189,0.836,0.849,0.18,0.894,0.509,0.777,0.526,0.831,0.716,-0.176,0.212,0.578,0.258,0.821,0.48,0.867,0.801,0.016,0.75,0.714,0.872,0.886,0.898,0.654,0.505,0.54,0.563,0.572,0.674,0.529,0.89,0.744,0.095,-0.51,0.751,0.926,0.895,0.335,0.232,0.573,0.742,0.899,0.641,0.573,0.758,0.691,0.859,0.534,-0.403,0.785,0.28,0.698,0.52,0.695,0.743,0.867,0.342,0.694,0.885,-0.586,0.767,0.664,0.687,0.459,0.82,0.642,0.585,0.863,0.683,0.843,0.886
ARCC,0.385,0.726,0.395,0.715,0.47,0.655,0.625,0.243,0.61,0.449,0.633,0.313,0.691,0.705,0.404,0.598,1.0,-0.018,0.151,0.71,0.544,0.671,0.605,0.417,0.664,0.222,0.178,0.545,0.65,0.672,0.563,0.54,0.453,0.693,0.115,0.573,0.673,0.724,-0.176,0.73,-0.388,0.606,0.613,0.643,0.719,0.302,0.497,0.675,0.622,0.648,0.645,0.53,0.662,0.648,0.693,0.737,0.517,0.619,0.381,0.441,-0.433,0.582,0.676,0.566,0.582,0.271,0.412,0.611,0.322,0.769,0.819,0.433,0.712,0.32,0.736,0.461,0.504,0.585,0.772,0.792,0.38,0.443,0.499,0.712,-0.001,0.062,0.751,0.748,0.704,0.562,0.255,0.029,0.887,-0.24,0.377,0.003,0.715,0.104,0.563,0.353,0.697,-0.45,0.333,0.621,0.041,0.099,0.683,0.779,0.719,-0.076,-0.311,0.478,0.662,0.518,0.745,0.44,0.455,-0.147,0.697,0.422,0.308,0.53,-0.025,0.568,-0.027,0.657,0.046,0.691,0.093,0.615,0.72,0.092,0.663,0.559,0.396,0.571,0.68,0.588,0.315,-0.128,0.461,0.441,0.633,0.583,0.65,0.481,-0.104,0.567,0.421,0.704,0.664,0.666,0.471,0.634,0.175,0.539,0.237,0.558,0.084,0.671,0.677,0.124,-0.381,0.59,0.673,0.59,0.459,0.046,0.206,0.578,0.475,0.716,0.624,0.433,0.845,0.62,0.782,-0.168,0.791,0.333,0.393,0.782,0.715,0.638,0.671,0.61,0.569,0.693,-0.517,0.777,0.664,0.816,0.632,0.635,0.363,0.278,0.678,0.839,0.505,0.653
ARDX,-0.112,0.095,0.285,0.179,-0.073,0.139,-0.047,-0.002,0.178,0.223,0.069,0.094,0.023,0.114,-0.178,0.224,-0.018,1.0,0.036,0.072,0.328,-0.048,0.165,0.195,0.11,0.213,0.261,0.075,0.215,0.235,0.247,0.164,0.115,0.045,0.17,-0.084,0.212,0.118,-0.066,0.129,-0.339,0.194,0.161,0.182,0.101,0.263,-0.294,0.211,0.093,0.162,0.252,0.208,-0.146,0.214,0.152,0.115,0.384,0.159,0.114,0.221,0.259,0.204,-0.055,0.276,0.115,-0.143,0.205,0.077,-0.101,0.147,0.146,0.07,0.154,0.27,0.057,0.472,0.15,-0.107,0.127,0.121,0.217,0.138,-0.055,0.199,-0.275,-0.13,0.205,0.157,0.037,0.266,0.209,0.356,0.016,0.108,-0.012,-0.439,0.099,0.06,0.073,-0.253,0.188,-0.16,-0.162,0.185,-0.25,0.007,0.022,0.175,0.199,-0.089,0.003,0.307,0.133,0.196,0.155,0.27,-0.057,0.257,0.198,0.171,0.282,0.277,0.291,0.163,0.108,0.152,-0.255,0.166,-0.329,0.201,0.157,-0.165,0.164,-0.067,0.446,-0.117,0.203,0.094,-0.185,0.19,0.327,0.115,0.098,-0.17,0.139,0.132,-0.122,0.011,0.27,0.118,0.154,0.187,0.094,-0.03,0.1,0.2,0.331,0.094,0.212,0.208,0.115,-0.117,-0.26,0.277,0.208,0.267,-0.046,0.048,0.251,0.149,0.211,0.102,-0.012,0.23,0.072,0.175,-0.087,-0.034,0.252,0.171,0.162,-0.137,0.157,-0.003,0.15,-0.125,0.16,0.157,-0.094,0.18,0.121,-0.09,-0.09,0.124,0.198,0.185,0.197,0.064,0.142,0.247
ATER,0.326,-0.008,0.069,0.098,0.179,0.154,-0.131,-0.198,0.293,0.099,0.087,-0.076,-0.034,0.092,0.111,0.12,0.151,0.036,1.0,0.132,0.122,-0.039,0.095,0.383,0.19,0.178,0.125,0.182,0.07,0.084,0.158,0.025,0.231,-0.0,0.09,0.058,0.14,-0.028,-0.381,0.05,-0.455,0.079,0.117,0.394,-0.159,0.094,-0.07,0.031,0.294,0.318,0.156,0.177,0.414,0.222,0.143,0.074,-0.006,0.137,0.214,0.059,0.066,0.137,0.028,0.371,0.191,-0.081,0.094,0.035,0.046,0.039,0.131,0.159,0.101,0.24,0.088,0.389,0.168,-0.257,0.039,0.057,0.318,0.157,-0.174,0.124,0.038,0.113,0.057,0.088,-0.063,0.156,0.251,-0.26,0.17,0.246,-0.217,-0.231,0.103,-0.015,0.191,0.337,0.121,-0.185,0.031,0.1,-0.46,0.068,-0.106,0.144,0.155,-0.171,-0.058,0.201,0.187,0.05,0.172,0.111,0.072,-0.061,0.079,0.192,0.154,0.101,0.172,0.342,-0.029,0.158,-0.127,0.219,0.004,0.223,0.164,0.148,0.111,-0.028,0.129,0.097,0.223,0.126,-0.077,0.249,0.232,-0.289,0.249,0.368,0.182,0.145,0.171,-0.103,0.316,0.007,0.074,0.076,0.065,0.236,-0.017,0.192,0.205,0.001,0.118,0.07,-0.105,-0.093,-0.158,0.138,0.106,0.194,-0.146,0.376,-0.01,0.178,0.118,0.097,0.309,0.057,0.061,0.123,0.094,-0.001,0.112,0.393,0.216,-0.008,0.146,0.089,0.121,-0.131,0.31,0.174,-0.175,0.138,0.289,0.197,-0.154,0.079,0.144,0.255,0.138,0.073,0.335,0.337
ATOS,0.018,0.643,0.512,0.663,0.267,0.557,0.639,0.263,0.582,0.582,0.565,0.289,0.576,0.676,0.354,0.679,0.71,0.072,0.132,1.0,0.534,0.37,0.76,0.472,0.588,0.503,0.457,0.746,0.7,0.701,0.744,0.638,0.215,0.646,0.372,0.546,0.638,0.69,-0.235,0.618,-0.564,0.571,0.642,0.572,0.632,0.468,0.298,0.624,0.513,0.597,0.684,0.58,0.514,0.743,0.64,0.7,0.334,0.559,0.641,0.584,-0.287,0.66,0.517,0.411,0.492,0.194,0.385,0.757,0.084,0.681,0.711,0.574,0.66,0.537,0.693,0.323,0.593,0.352,0.806,0.811,0.185,0.201,0.389,0.704,-0.201,-0.209,0.755,0.798,0.531,0.519,0.589,0.082,0.623,-0.088,0.446,-0.339,0.705,0.204,0.502,0.017,0.748,-0.465,0.1,0.685,-0.308,0.355,0.625,0.711,0.691,-0.332,-0.138,0.479,0.565,0.631,0.63,0.636,0.425,0.133,0.825,0.701,0.508,0.592,0.217,0.457,0.098,0.667,-0.256,0.543,-0.206,0.68,0.606,-0.021,0.669,0.396,0.562,0.407,0.626,0.672,-0.106,0.149,0.326,0.339,0.742,0.475,0.662,0.722,-0.041,0.615,0.392,0.687,0.661,0.738,0.558,0.393,0.387,0.556,0.553,0.47,0.205,0.657,0.731,-0.085,-0.56,0.706,0.687,0.734,0.44,0.039,0.438,0.738,0.657,0.675,0.436,0.688,0.667,0.624,0.593,-0.371,0.692,0.239,0.517,0.6,0.659,0.583,0.695,0.342,0.645,0.725,-0.623,0.716,0.544,0.586,0.58,0.65,0.571,0.581,0.652,0.79,0.575,0.595
AUPH,0.066,0.74,0.725,0.798,0.309,0.755,0.51,0.379,0.627,0.657,0.576,0.61,0.577,0.635,0.394,0.877,0.544,0.328,0.122,0.534,1.0,0.48,0.702,0.692,0.688,0.51,0.464,0.627,0.873,0.873,0.655,0.692,0.403,0.679,0.524,0.513,0.848,0.693,0.072,0.669,-0.511,0.702,0.817,0.78,0.609,0.349,0.311,0.638,0.731,0.772,0.756,0.86,0.41,0.852,0.839,0.797,0.511,0.686,0.551,0.671,0.071,0.786,0.495,0.711,0.514,0.444,0.574,0.579,0.378,0.789,0.74,0.678,0.807,0.626,0.691,0.706,0.753,0.349,0.681,0.665,0.536,0.491,0.216,0.811,-0.014,-0.24,0.829,0.678,0.568,0.783,0.519,0.465,0.504,0.08,0.356,-0.458,0.76,0.244,0.566,0.079,0.827,-0.468,0.173,0.843,-0.36,0.317,0.71,0.799,0.849,-0.299,-0.081,0.839,0.717,0.515,0.813,0.737,0.498,0.261,0.687,0.601,0.598,0.845,0.367,0.66,0.385,0.772,-0.184,0.737,-0.171,0.775,0.809,0.183,0.811,0.463,0.729,0.485,0.802,0.707,-0.139,0.129,0.594,0.208,0.759,0.421,0.796,0.683,-0.046,0.623,0.659,0.773,0.784,0.859,0.645,0.412,0.531,0.553,0.556,0.71,0.513,0.865,0.64,0.14,-0.368,0.677,0.868,0.772,0.258,0.151,0.552,0.603,0.773,0.62,0.557,0.675,0.69,0.809,0.438,-0.293,0.72,0.274,0.646,0.423,0.683,0.644,0.824,0.352,0.599,0.805,-0.436,0.704,0.599,0.641,0.363,0.77,0.632,0.449,0.77,0.61,0.771,0.828
AVGO,0.241,0.723,0.398,0.694,0.77,0.574,0.497,0.461,0.381,0.396,0.776,0.645,0.431,0.468,0.638,0.499,0.671,-0.048,-0.039,0.37,0.48,1.0,0.401,0.363,0.5,0.32,0.152,0.417,0.536,0.495,0.36,0.369,0.442,0.586,0.295,0.636,0.471,0.495,0.287,0.549,-0.13,0.593,0.549,0.371,0.6,0.153,0.515,0.467,0.484,0.46,0.462,0.49,0.387,0.428,0.486,0.49,0.361,0.476,0.378,0.378,-0.08,0.501,0.46,0.389,0.16,0.58,0.375,0.537,0.604,0.542,0.545,0.529,0.533,0.282,0.518,0.314,0.502,0.58,0.641,0.642,0.307,0.51,0.527,0.556,0.42,-0.035,0.626,0.648,0.737,0.537,0.267,0.247,0.603,-0.129,0.241,0.075,0.571,0.484,0.196,0.222,0.542,-0.167,0.707,0.436,0.196,0.307,0.66,0.492,0.5,-0.041,0.076,0.434,0.715,0.461,0.475,0.325,0.746,0.225,0.41,0.216,0.305,0.567,0.066,0.48,0.345,0.655,0.088,0.475,0.406,0.522,0.457,0.515,0.576,0.736,0.435,0.697,0.42,0.376,0.5,0.07,0.473,0.295,0.471,0.505,0.486,0.384,0.189,0.492,0.339,0.611,0.608,0.529,0.565,0.462,0.405,0.146,0.086,0.697,0.417,0.575,0.593,0.529,0.017,0.411,0.538,0.439,0.651,0.09,0.341,0.435,0.342,0.575,0.441,0.413,0.703,0.458,0.72,-0.124,0.525,-0.034,0.465,0.665,0.44,0.494,0.627,0.497,0.394,0.471,-0.109,0.451,0.415,0.651,0.422,0.389,0.22,0.307,0.523,0.697,0.495,0.441
AZN,-0.009,0.78,0.484,0.791,0.358,0.698,0.709,0.358,0.546,0.732,0.597,0.453,0.536,0.747,0.443,0.789,0.605,0.165,0.095,0.76,0.702,0.401,1.0,0.53,0.679,0.683,0.63,0.711,0.831,0.785,0.71,0.743,0.241,0.728,0.396,0.485,0.766,0.731,-0.18,0.715,-0.588,0.675,0.731,0.695,0.675,0.523,0.359,0.759,0.698,0.703,0.786,0.779,0.402,0.756,0.75,0.844,0.433,0.733,0.668,0.607,-0.104,0.789,0.575,0.588,0.554,0.337,0.464,0.621,0.273,0.746,0.727,0.774,0.756,0.751,0.79,0.455,0.717,0.341,0.82,0.797,0.442,0.377,0.348,0.785,-0.0,-0.27,0.861,0.79,0.599,0.664,0.671,0.3,0.582,0.156,0.416,-0.437,0.781,0.248,0.598,-0.045,0.775,-0.46,0.061,0.746,-0.331,0.479,0.625,0.823,0.791,-0.336,0.076,0.67,0.749,0.704,0.737,0.77,0.464,0.274,0.812,0.664,0.401,0.638,0.534,0.57,0.246,0.784,-0.201,0.681,-0.165,0.66,0.725,0.147,0.769,0.419,0.684,0.465,0.766,0.719,-0.175,0.327,0.488,0.295,0.781,0.448,0.733,0.808,0.054,0.649,0.671,0.774,0.75,0.813,0.703,0.415,0.522,0.562,0.564,0.586,0.363,0.742,0.754,0.102,-0.553,0.705,0.785,0.792,0.41,0.327,0.364,0.736,0.698,0.709,0.52,0.666,0.709,0.754,0.586,-0.348,0.706,0.22,0.6,0.568,0.761,0.712,0.774,0.39,0.653,0.778,-0.488,0.721,0.631,0.673,0.572,0.755,0.593,0.589,0.78,0.749,0.665,0.754
BCRX,0.067,0.57,0.768,0.613,0.219,0.554,0.449,0.299,0.735,0.78,0.491,0.476,0.442,0.528,0.329,0.691,0.417,0.195,0.383,0.472,0.692,0.363,0.53,1.0,0.647,0.473,0.635,0.558,0.598,0.664,0.619,0.563,0.099,0.563,0.632,0.469,0.667,0.484,0.034,0.555,-0.635,0.643,0.677,0.717,0.411,0.157,0.09,0.443,0.534,0.686,0.617,0.622,0.518,0.668,0.673,0.56,0.249,0.492,0.494,0.673,0.108,0.659,0.384,0.534,0.44,0.329,0.618,0.385,0.212,0.612,0.505,0.571,0.604,0.579,0.56,0.688,0.728,0.198,0.521,0.53,0.285,0.158,0.02,0.627,-0.038,-0.338,0.564,0.602,0.38,0.796,0.675,0.351,0.415,-0.017,0.227,-0.442,0.571,0.076,0.447,-0.022,0.633,-0.574,-0.013,0.697,-0.563,0.258,0.489,0.564,0.682,-0.394,-0.059,0.768,0.566,0.35,0.588,0.629,0.435,0.189,0.565,0.595,0.716,0.621,0.379,0.654,0.366,0.672,-0.344,0.51,-0.255,0.771,0.626,0.112,0.707,0.332,0.704,0.383,0.607,0.606,-0.263,0.249,0.317,0.054,0.601,0.359,0.645,0.595,-0.062,0.534,0.534,0.611,0.618,0.629,0.512,0.352,0.468,0.363,0.607,0.57,0.356,0.697,0.531,-0.057,-0.501,0.635,0.697,0.519,0.109,0.239,0.605,0.637,0.748,0.58,0.422,0.655,0.464,0.505,0.229,-0.409,0.476,0.547,0.689,0.276,0.603,0.593,0.703,0.278,0.83,0.641,-0.532,0.535,0.585,0.379,0.255,0.61,0.67,0.526,0.6,0.455,0.758,0.713
BGC,0.238,0.743,0.515,0.771,0.353,0.736,0.588,0.272,0.669,0.647,0.587,0.491,0.575,0.732,0.363,0.693,0.664,0.11,0.19,0.588,0.688,0.5,0.679,0.647,1.0,0.341,0.416,0.547,0.719,0.701,0.596,0.624,0.369,0.744,0.327,0.435,0.76,0.676,-0.059,0.796,-0.608,0.807,0.596,0.769,0.688,0.3,0.355,0.76,0.783,0.759,0.786,0.645,0.593,0.704,0.729,0.748,0.441,0.731,0.424,0.629,-0.171,0.786,0.657,0.6,0.715,0.336,0.696,0.692,0.315,0.77,0.699,0.547,0.837,0.432,0.83,0.598,0.601,0.502,0.692,0.686,0.428,0.425,0.435,0.78,0.024,-0.096,0.696,0.641,0.71,0.639,0.473,0.11,0.628,-0.152,0.509,-0.324,0.717,0.085,0.721,0.287,0.71,-0.543,0.189,0.688,-0.262,0.181,0.705,0.794,0.732,-0.229,-0.211,0.731,0.7,0.521,0.772,0.725,0.362,-0.02,0.705,0.5,0.4,0.553,0.204,0.728,0.141,0.707,-0.174,0.71,-0.045,0.672,0.775,0.12,0.672,0.477,0.653,0.602,0.789,0.7,0.002,-0.014,0.577,0.448,0.735,0.452,0.678,0.59,-0.105,0.581,0.605,0.687,0.741,0.728,0.526,0.58,0.395,0.604,0.444,0.783,0.259,0.746,0.649,0.147,-0.319,0.608,0.702,0.717,0.379,0.093,0.357,0.577,0.584,0.721,0.676,0.547,0.659,0.719,0.592,-0.321,0.729,0.402,0.507,0.71,0.756,0.664,0.659,0.585,0.654,0.744,-0.548,0.735,0.701,0.693,0.624,0.81,0.572,0.378,0.685,0.659,0.575,0.765
BIDU,-0.222,0.555,0.413,0.589,0.396,0.446,0.364,0.37,0.318,0.575,0.568,0.464,0.079,0.366,0.531,0.61,0.222,0.213,0.178,0.503,0.51,0.32,0.683,0.473,0.341,1.0,0.753,0.558,0.576,0.52,0.66,0.535,0.123,0.343,0.614,0.446,0.479,0.315,-0.033,0.349,-0.391,0.501,0.684,0.421,0.285,0.551,0.118,0.384,0.416,0.461,0.521,0.643,0.013,0.506,0.401,0.492,0.192,0.373,0.683,0.435,0.325,0.536,0.079,0.498,0.088,0.345,0.294,0.45,0.262,0.399,0.391,0.776,0.376,0.873,0.342,0.311,0.644,-0.06,0.527,0.499,0.347,0.302,0.04,0.537,0.317,-0.401,0.63,0.578,0.254,0.51,0.786,0.433,0.134,0.613,0.219,-0.487,0.546,0.452,0.161,-0.253,0.549,-0.125,0.194,0.523,-0.402,0.702,0.333,0.467,0.528,-0.426,0.614,0.546,0.56,0.63,0.372,0.531,0.538,0.624,0.485,0.526,0.483,0.663,0.798,0.378,0.515,0.555,-0.227,0.381,-0.059,0.525,0.359,0.37,0.583,0.377,0.582,0.356,0.404,0.435,-0.287,0.83,0.396,0.019,0.539,0.378,0.469,0.695,0.37,0.326,0.475,0.491,0.484,0.571,0.699,0.087,0.57,0.175,0.583,0.381,0.65,0.487,0.577,0.234,-0.359,0.509,0.584,0.596,0.451,0.633,0.528,0.646,0.564,0.5,0.256,0.602,0.33,0.494,0.363,-0.309,0.405,-0.02,0.658,0.225,0.365,0.394,0.62,-0.071,0.436,0.579,-0.165,0.347,0.232,0.389,0.177,0.405,0.53,0.569,0.485,0.462,0.688,0.51
BILI,-0.315,0.412,0.544,0.53,0.161,0.325,0.384,0.234,0.469,0.813,0.442,0.373,0.125,0.301,0.274,0.595,0.178,0.261,0.125,0.457,0.464,0.152,0.63,0.635,0.416,0.753,1.0,0.459,0.509,0.49,0.622,0.611,-0.069,0.36,0.621,0.285,0.492,0.257,-0.095,0.372,-0.56,0.515,0.629,0.458,0.333,0.474,-0.07,0.364,0.388,0.427,0.499,0.556,0.059,0.499,0.402,0.424,0.116,0.375,0.534,0.577,0.208,0.509,0.154,0.421,0.232,0.207,0.4,0.356,0.059,0.428,0.35,0.563,0.351,0.763,0.404,0.387,0.625,-0.066,0.441,0.443,0.25,0.122,-0.044,0.463,0.013,-0.554,0.507,0.502,0.149,0.662,0.817,0.504,0.109,0.356,0.218,-0.599,0.386,0.283,0.28,-0.388,0.445,-0.345,-0.075,0.541,-0.504,0.479,0.271,0.449,0.497,-0.448,0.341,0.503,0.499,0.553,0.368,0.6,0.416,0.443,0.495,0.53,0.564,0.582,0.822,0.501,0.31,0.536,-0.334,0.36,-0.252,0.554,0.395,0.114,0.5,0.155,0.67,0.177,0.404,0.454,-0.406,0.666,0.274,-0.003,0.463,0.224,0.433,0.593,0.121,0.339,0.552,0.47,0.44,0.469,0.498,0.16,0.44,0.192,0.609,0.337,0.473,0.478,0.455,-0.005,-0.531,0.485,0.6,0.55,0.297,0.557,0.566,0.684,0.684,0.397,0.166,0.557,0.238,0.449,0.185,-0.436,0.327,0.264,0.633,0.095,0.329,0.454,0.509,-0.061,0.63,0.564,-0.337,0.391,0.274,0.268,0.16,0.462,0.539,0.485,0.468,0.365,0.631,0.499
BKR,-0.085,0.639,0.655,0.633,0.324,0.498,0.628,0.53,0.55,0.664,0.564,0.512,0.478,0.584,0.548,0.676,0.545,0.075,0.182,0.746,0.627,0.417,0.711,0.558,0.547,0.558,0.459,1.0,0.762,0.717,0.621,0.586,0.055,0.696,0.606,0.748,0.642,0.654,-0.001,0.534,-0.532,0.481,0.737,0.526,0.463,0.132,0.239,0.48,0.443,0.612,0.657,0.684,0.484,0.816,0.646,0.654,0.177,0.452,0.719,0.584,-0.142,0.677,0.409,0.335,0.328,0.527,0.282,0.663,0.251,0.622,0.756,0.729,0.626,0.535,0.632,0.261,0.741,0.284,0.744,0.744,0.104,0.134,0.301,0.632,-0.034,-0.418,0.748,0.765,0.446,0.519,0.712,0.225,0.523,-0.081,0.232,-0.428,0.701,0.204,0.364,-0.04,0.744,-0.538,0.036,0.675,-0.429,0.487,0.66,0.629,0.702,-0.576,0.029,0.621,0.529,0.354,0.556,0.779,0.551,0.275,0.787,0.907,0.512,0.61,0.31,0.383,0.451,0.741,-0.354,0.452,-0.233,0.699,0.541,0.092,0.717,0.605,0.623,0.553,0.586,0.847,-0.23,0.202,0.196,0.125,0.753,0.559,0.717,0.768,-0.107,0.702,0.336,0.719,0.651,0.807,0.727,0.203,0.67,0.457,0.664,0.616,0.351,0.682,0.693,-0.059,-0.442,0.604,0.724,0.68,0.277,0.097,0.468,0.831,0.722,0.577,0.352,0.795,0.646,0.552,0.434,-0.48,0.616,0.132,0.63,0.408,0.65,0.627,0.786,0.291,0.732,0.643,-0.493,0.563,0.468,0.487,0.501,0.583,0.739,0.738,0.693,0.815,0.665,0.545
BLDP,-0.009,0.82,0.706,0.895,0.376,0.721,0.689,0.445,0.638,0.719,0.656,0.629,0.638,0.724,0.45,0.909,0.65,0.215,0.07,0.7,0.873,0.536,0.831,0.598,0.719,0.576,0.509,0.762,1.0,0.885,0.705,0.784,0.325,0.775,0.505,0.66,0.885,0.802,0.009,0.768,-0.55,0.73,0.861,0.763,0.696,0.357,0.398,0.729,0.733,0.778,0.834,0.906,0.457,0.895,0.855,0.878,0.519,0.705,0.665,0.672,-0.169,0.818,0.635,0.597,0.523,0.48,0.499,0.742,0.395,0.817,0.805,0.813,0.834,0.635,0.802,0.549,0.859,0.416,0.862,0.843,0.44,0.437,0.35,0.875,-0.02,-0.335,0.949,0.823,0.641,0.721,0.631,0.407,0.613,0.005,0.388,-0.452,0.867,0.254,0.608,0.007,0.899,-0.541,0.161,0.857,-0.325,0.412,0.773,0.883,0.894,-0.359,-0.048,0.782,0.776,0.563,0.833,0.861,0.586,0.283,0.834,0.714,0.537,0.801,0.398,0.638,0.362,0.903,-0.196,0.748,-0.21,0.773,0.824,0.17,0.864,0.576,0.797,0.556,0.84,0.8,-0.121,0.131,0.55,0.304,0.866,0.478,0.872,0.78,-0.078,0.784,0.659,0.881,0.854,0.951,0.724,0.457,0.6,0.571,0.576,0.763,0.514,0.881,0.768,0.104,-0.434,0.717,0.933,0.854,0.356,0.161,0.494,0.744,0.79,0.688,0.531,0.788,0.753,0.826,0.596,-0.421,0.821,0.218,0.685,0.566,0.747,0.756,0.873,0.425,0.676,0.834,-0.547,0.782,0.647,0.72,0.526,0.846,0.654,0.626,0.855,0.807,0.755,0.804
BLNK,-0.012,0.844,0.726,0.855,0.299,0.788,0.697,0.366,0.66,0.742,0.58,0.49,0.776,0.835,0.408,0.915,0.672,0.235,0.084,0.701,0.873,0.495,0.785,0.664,0.701,0.52,0.49,0.717,0.885,1.0,0.665,0.757,0.355,0.755,0.439,0.601,0.905,0.872,-0.061,0.818,-0.528,0.766,0.87,0.785,0.671,0.34,0.288,0.777,0.668,0.803,0.851,0.823,0.466,0.879,0.932,0.925,0.519,0.781,0.518,0.69,-0.158,0.869,0.594,0.658,0.627,0.366,0.556,0.652,0.212,0.935,0.801,0.659,0.872,0.634,0.809,0.634,0.721,0.471,0.782,0.753,0.421,0.363,0.284,0.905,-0.127,-0.29,0.905,0.781,0.696,0.793,0.529,0.291,0.601,-0.027,0.466,-0.429,0.868,0.121,0.637,0.033,0.926,-0.633,0.115,0.932,-0.323,0.302,0.75,0.889,0.907,-0.336,-0.194,0.801,0.697,0.527,0.902,0.744,0.459,0.093,0.801,0.685,0.622,0.819,0.304,0.623,0.274,0.811,-0.157,0.749,-0.277,0.837,0.889,0.079,0.924,0.488,0.676,0.483,0.847,0.764,-0.18,0.076,0.502,0.344,0.808,0.454,0.887,0.785,-0.137,0.735,0.638,0.885,0.9,0.932,0.683,0.475,0.455,0.635,0.563,0.645,0.352,0.945,0.812,0.021,-0.593,0.809,0.899,0.816,0.249,0.095,0.539,0.732,0.822,0.649,0.563,0.765,0.776,0.809,0.485,-0.434,0.826,0.327,0.647,0.554,0.832,0.782,0.917,0.461,0.679,0.907,-0.632,0.81,0.7,0.672,0.609,0.83,0.648,0.537,0.846,0.732,0.736,0.851
BYND,-0.08,0.64,0.572,0.701,0.292,0.552,0.556,0.397,0.596,0.64,0.527,0.512,0.406,0.529,0.42,0.746,0.563,0.247,0.158,0.744,0.655,0.36,0.71,0.619,0.596,0.66,0.622,0.621,0.705,0.665,1.0,0.705,0.145,0.599,0.589,0.478,0.677,0.546,-0.029,0.526,-0.56,0.606,0.737,0.595,0.628,0.511,0.184,0.534,0.523,0.63,0.662,0.718,0.316,0.696,0.593,0.638,0.347,0.507,0.8,0.617,0.104,0.678,0.368,0.517,0.379,0.337,0.446,0.597,0.21,0.596,0.594,0.67,0.593,0.724,0.565,0.459,0.689,0.219,0.763,0.772,0.316,0.291,0.156,0.694,0.01,-0.292,0.752,0.781,0.421,0.605,0.672,0.319,0.44,0.18,0.338,-0.459,0.662,0.22,0.379,-0.131,0.712,-0.227,0.12,0.672,-0.383,0.528,0.548,0.673,0.724,-0.398,0.14,0.655,0.611,0.702,0.574,0.662,0.465,0.46,0.805,0.648,0.609,0.701,0.442,0.486,0.342,0.63,-0.352,0.548,-0.141,0.657,0.569,0.142,0.671,0.419,0.688,0.44,0.583,0.649,-0.207,0.404,0.415,0.179,0.675,0.387,0.638,0.737,0.085,0.558,0.489,0.648,0.605,0.704,0.658,0.274,0.559,0.37,0.603,0.586,0.473,0.658,0.705,0.073,-0.454,0.704,0.729,0.706,0.52,0.228,0.546,0.704,0.733,0.74,0.384,0.656,0.533,0.628,0.532,-0.406,0.595,0.206,0.649,0.463,0.623,0.51,0.693,0.198,0.646,0.704,-0.397,0.54,0.469,0.492,0.318,0.618,0.627,0.557,0.675,0.61,0.697,0.629
CAN,-0.108,0.7,0.615,0.767,0.185,0.539,0.599,0.399,0.598,0.678,0.53,0.54,0.538,0.609,0.369,0.831,0.54,0.164,0.025,0.638,0.692,0.369,0.743,0.563,0.624,0.535,0.611,0.586,0.784,0.757,0.705,1.0,0.19,0.686,0.443,0.52,0.854,0.635,0.063,0.684,-0.512,0.717,0.746,0.715,0.605,0.314,0.332,0.641,0.582,0.735,0.773,0.821,0.349,0.763,0.799,0.777,0.322,0.63,0.532,0.68,-0.105,0.729,0.562,0.515,0.497,0.41,0.494,0.619,0.269,0.705,0.688,0.611,0.672,0.622,0.71,0.528,0.698,0.266,0.704,0.681,0.404,0.339,0.194,0.728,-0.097,-0.372,0.793,0.69,0.503,0.694,0.608,0.326,0.467,0.096,0.426,-0.516,0.708,0.148,0.513,-0.119,0.699,-0.516,0.03,0.795,-0.368,0.35,0.7,0.781,0.756,-0.22,-0.051,0.628,0.648,0.582,0.735,0.73,0.417,0.191,0.689,0.626,0.607,0.72,0.392,0.521,0.241,0.741,-0.264,0.691,-0.286,0.68,0.746,0.069,0.773,0.4,0.691,0.467,0.692,0.693,-0.269,0.222,0.412,0.245,0.696,0.309,0.773,0.703,-0.088,0.759,0.601,0.844,0.764,0.746,0.606,0.37,0.505,0.46,0.561,0.549,0.472,0.771,0.696,0.031,-0.543,0.628,0.772,0.798,0.364,0.204,0.566,0.689,0.765,0.59,0.398,0.687,0.546,0.761,0.422,-0.457,0.725,0.208,0.557,0.483,0.668,0.653,0.726,0.377,0.632,0.75,-0.487,0.687,0.69,0.554,0.415,0.709,0.616,0.485,0.838,0.613,0.683,0.737
