,AAL,AAPL,ABUS,ADBE,ADI,ADMA,AEP,AGNC,AKBA,ALT,AMAT,AMD,AMGN,AMZN,APA,APPS,ARCC,ARDX,ATER,ATOS,AUPH,AVGO,AZN,BCRX,BGC,BIDU,BILI,BKR,BLDP,BLNK,BYND,CAN,CELH,CG,CGC,CHRD,CLNE,CMCSA,COMM,COST,CPB,CPRT,CRON,CRWD,CSCO,CSGP,CSX,CTSH,CZR,DBX,DDOG,DKNG,DLTR,DOCU,DVAX,DXCM,EA,EBAY,ENPH,ERIC,ESPR,ETSY,EXC,EXEL,EXPE,FANG,FAST,FITB,FLEX,FOLD,FOXA,FSLR,FTNT,FUTU,GEN,GERN,GEVO,GILD,GOOG,GOOGL,GPRO,GT,HBAN,HIVE,HON,HST,HUT,IBRX,INTC,IOVA,IQ,IRWD,JBLU,JD,KDP,KHC,LBTYK,LRCX,LYFT,MAR,MARA,MAT,MCHP,MCRB,MDLZ,META,MGNI,MLCO,MNKD,MNST,MOMO,MRNA,MRVL,MSFT,MSTR,MTCH,MU,MVIS,NDAQ,NFLX,NKTR,NNDM,NTES,NTNX,NVAX,NVDA,NWL,NWSA,NXPI,OCGN,OKTA,ON,OPK,PAA,PACB,PAGP,PANW,PARA,PCAR,PDD,PENN,PEP,PLUG,PTEN,PTON,PYPL,QCOM,QUBT,QVCGA,RDFN,REAL,RIOT,ROKU,ROST,RUN,SABR,SAVA,SBUX,SFIX,SGMO,SIRI,SLM,SMCI,SNDL,SONO,STNE,STX,TCOM,TGTX,TIGR,TLRY,TMUS,TRIP,TSCO,TSLA,TTD,TXN,UAL,UNIT,VERU,VKTX,VLY,VOD,VTRS,VXRT,WBA,WBD,WDAY,WDC,WEN,WW,WYNN,XEL,XP,XRAY,XRX,Z,ZION,ZM,ZS
AAL,1.0,0.475,0.297,0.376,0.468,0.367,0.249,0.324,-0.079,0.271,0.634,0.447,0.351,0.377,0.248,0.256,0.387,0.239,0.472,0.123,0.171,0.386,0.39,0.192,0.509,0.3,0.05,0.298,0.476,0.378,0.433,0.361,0.363,0.441,0.156,0.136,0.384,0.555,0.215,0.04,-0.087,0.41,0.141,0.369,0.065,0.264,0.151,0.397,0.315,0.262,-0.035,0.437,0.25,0.358,0.184,0.035,0.29,0.405,0.23,0.392,0.155,0.3,0.348,-0.017,0.071,0.223,0.322,0.395,0.472,0.17,0.664,0.322,0.301,0.047,0.133,0.052,0.49,0.326,0.318,0.303,0.585,0.293,0.432,0.147,0.452,0.42,0.353,0.311,0.551,-0.262,0.183,-0.204,0.444,0.12,-0.317,-0.194,0.415,0.531,0.19,0.279,0.355,0.315,0.501,-0.244,-0.016,0.435,0.521,0.336,0.163,0.29,0.294,0.488,0.494,0.446,0.563,0.287,0.856,0.273,0.349,0.371,0.039,0.39,0.304,-0.216,0.527,0.521,0.313,0.513,0.621,0.462,0.014,0.239,0.463,0.366,0.464,0.348,0.107,0.433,0.165,0.135,0.309,0.116,0.444,0.303,0.406,0.325,0.43,0.028,0.402,0.206,0.281,0.363,0.437,0.245,0.26,0.42,0.296,0.321,0.542,-0.054,0.51,0.361,0.106,0.206,0.386,0.24,0.658,0.275,-0.069,0.117,0.31,0.284,0.643,0.198,0.539,0.555,0.662,0.833,0.333,0.243,0.075,0.369,0.259,0.467,0.413,0.291,0.668,-0.204,0.54,0.353,0.08,0.504,0.244,0.311,0.296,0.448,0.364,0.325,0.313,0.288
AAPL,0.475,1.0,0.376,0.514,0.296,-0.033,0.325,0.787,0.537,0.276,0.602,0.51,0.043,0.599,0.347,-0.218,0.826,0.279,0.203,0.359,0.037,0.693,0.021,0.39,0.485,0.315,0.282,0.266,0.322,0.593,0.525,0.469,0.321,0.662,-0.22,0.303,0.42,0.253,0.522,0.65,0.156,0.443,-0.212,0.499,0.508,0.446,0.595,0.792,0.631,0.427,0.471,-0.106,0.673,0.443,0.061,0.081,0.24,0.749,0.356,0.412,-0.159,0.67,0.322,0.474,0.546,0.453,0.663,0.601,0.567,0.19,0.577,0.39,0.39,0.22,0.231,0.54,0.061,-0.105,0.688,0.687,0.584,0.6,0.408,0.175,0.714,0.588,0.25,0.051,0.673,-0.586,0.064,0.145,0.287,0.292,0.301,0.002,0.291,0.52,0.057,0.706,0.213,0.637,0.576,0.131,0.509,0.499,0.439,0.299,0.079,0.432,0.43,0.382,0.608,0.781,0.607,0.49,0.601,0.288,0.574,0.508,0.013,0.186,0.268,-0.315,0.05,0.684,0.644,0.426,0.3,0.321,0.375,0.309,-0.017,0.399,-0.002,0.422,0.494,-0.139,0.478,0.296,0.545,0.448,0.443,0.252,0.06,0.482,0.738,0.255,0.582,0.299,0.439,0.214,0.171,0.343,0.287,0.53,0.123,0.527,0.472,-0.014,0.464,0.391,0.335,-0.151,0.645,0.19,0.339,0.35,-0.196,0.176,-0.154,0.421,0.272,0.608,0.788,0.289,0.398,0.584,0.425,0.007,0.294,0.324,0.143,0.23,0.271,0.71,0.224,0.035,0.444,0.526,0.584,0.578,-0.058,0.297,0.546,0.584,0.079,0.607,0.407,0.656
ABUS,0.297,0.376,1.0,0.794,0.73,0.663,0.49,0.284,0.09,0.783,0.636,0.799,0.329,0.731,0.68,-0.394,0.485,0.378,0.069,0.479,0.655,0.099,0.446,0.883,0.259,0.734,0.698,0.757,0.826,0.475,0.04,0.768,0.812,0.695,-0.436,0.613,0.869,0.571,0.802,-0.053,-0.536,0.662,-0.185,0.742,-0.238,0.725,-0.099,0.34,0.358,0.651,0.493,0.464,0.157,0.817,0.622,-0.187,0.775,0.383,0.865,0.8,0.477,0.24,0.582,-0.081,0.244,0.635,0.754,0.692,0.627,0.784,0.553,0.778,0.794,0.676,0.322,-0.055,0.255,0.277,0.422,0.444,0.483,0.768,0.611,-0.227,0.488,0.496,-0.179,0.534,0.189,-0.536,0.689,0.265,0.578,0.704,-0.184,-0.585,0.608,0.72,-0.099,0.485,-0.286,0.062,0.678,-0.083,-0.29,0.307,0.845,0.758,0.537,0.757,0.691,0.717,0.664,0.664,0.792,0.863,0.393,0.774,0.68,0.828,-0.078,0.773,0.71,-0.555,0.138,0.666,-0.055,0.275,0.343,0.789,0.446,0.725,0.184,0.758,0.026,0.711,0.535,0.371,0.469,0.692,0.849,-0.252,0.835,0.514,-0.064,0.857,0.666,0.537,0.527,0.536,-0.162,-0.245,0.4,-0.243,0.818,0.765,0.635,0.816,0.733,0.235,0.664,0.785,0.57,-0.096,0.632,0.75,0.426,0.668,-0.515,0.665,-0.109,0.787,0.494,0.13,0.16,0.662,0.406,0.52,0.663,0.627,0.161,0.438,0.426,0.712,0.808,0.146,0.126,-0.421,0.548,0.582,0.136,0.78,0.234,0.701,0.783,0.748,0.508,0.6,0.609,0.622
ADBE,0.376,0.514,0.794,1.0,0.807,0.531,0.655,0.605,0.153,0.635,0.756,0.784,0.537,0.842,0.896,-0.378,0.655,0.218,0.028,0.321,0.48,0.257,0.368,0.771,0.39,0.854,0.646,0.874,0.764,0.502,0.099,0.729,0.76,0.812,-0.456,0.782,0.84,0.591,0.777,0.188,-0.298,0.817,-0.359,0.761,-0.049,0.819,0.114,0.638,0.375,0.678,0.467,0.482,0.411,0.811,0.627,-0.159,0.701,0.721,0.774,0.811,0.194,0.274,0.713,-0.049,0.346,0.872,0.887,0.789,0.673,0.714,0.728,0.746,0.8,0.598,0.591,-0.039,0.271,0.349,0.515,0.493,0.459,0.85,0.761,-0.145,0.569,0.691,-0.086,0.377,0.436,-0.597,0.611,0.248,0.657,0.69,0.026,-0.504,0.754,0.824,-0.257,0.636,-0.197,0.207,0.857,-0.148,-0.13,0.267,0.725,0.812,0.559,0.783,0.897,0.687,0.821,0.796,0.776,0.788,0.455,0.831,0.856,0.844,-0.107,0.656,0.803,-0.602,0.111,0.786,0.279,0.218,0.62,0.686,0.459,0.712,0.166,0.835,0.039,0.838,0.646,0.37,0.767,0.753,0.72,0.1,0.841,0.686,-0.166,0.815,0.87,0.543,0.519,0.38,-0.178,-0.139,0.289,-0.145,0.847,0.717,0.796,0.926,0.654,-0.045,0.77,0.78,0.543,-0.194,0.604,0.667,0.665,0.611,-0.51,0.552,-0.238,0.826,0.5,0.296,0.292,0.52,0.644,0.632,0.773,0.421,0.306,0.619,0.522,0.742,0.686,0.426,0.307,-0.328,0.651,0.718,0.253,0.694,0.312,0.67,0.82,0.892,0.316,0.782,0.712,0.735
ADI,0.468,0.296,0.73,0.807,1.0,0.683,0.722,0.301,-0.065,0.628,0.766,0.811,0.611,0.608,0.765,-0.301,0.451,0.146,0.164,0.199,0.535,0.146,0.593,0.692,0.43,0.797,0.488,0.804,0.794,0.345,-0.043,0.766,0.794,0.682,-0.372,0.668,0.762,0.725,0.562,-0.017,-0.427,0.747,-0.299,0.606,-0.241,0.752,-0.123,0.47,0.2,0.464,0.207,0.657,0.276,0.77,0.696,-0.329,0.766,0.456,0.693,0.764,0.404,0.015,0.71,-0.233,0.168,0.738,0.674,0.736,0.582,0.634,0.68,0.658,0.808,0.508,0.497,-0.211,0.374,0.524,0.203,0.201,0.372,0.719,0.756,-0.351,0.416,0.548,-0.149,0.429,0.335,-0.494,0.743,0.036,0.738,0.66,-0.302,-0.597,0.813,0.872,-0.255,0.509,-0.248,0.025,0.84,-0.354,-0.273,0.077,0.691,0.702,0.608,0.674,0.706,0.695,0.754,0.615,0.729,0.677,0.496,0.712,0.743,0.741,-0.283,0.846,0.819,-0.538,0.222,0.675,0.031,0.145,0.68,0.763,0.177,0.63,0.357,0.728,0.185,0.802,0.516,0.662,0.567,0.666,0.627,-0.086,0.866,0.697,-0.087,0.745,0.678,0.44,0.307,0.23,-0.342,-0.232,0.318,-0.194,0.773,0.68,0.773,0.774,0.569,-0.052,0.791,0.774,0.258,-0.051,0.423,0.585,0.695,0.505,-0.553,0.522,-0.077,0.733,0.537,0.095,0.077,0.517,0.68,0.677,0.789,0.564,0.071,0.567,0.6,0.814,0.752,0.349,0.348,-0.461,0.688,0.595,-0.01,0.622,0.504,0.638,0.627,0.768,0.454,0.655,0.63,0.587
ADMA,0.367,-0.033,0.663,0.531,0.683,1.0,0.354,-0.04,-0.293,0.637,0.45,0.512,0.536,0.327,0.543,-0.086,0.086,0.302,0.37,0.196,0.679,-0.147,0.629,0.578,0.269,0.598,0.499,0.662,0.743,0.265,-0.012,0.58,0.624,0.433,-0.161,0.373,0.663,0.682,0.423,-0.464,-0.436,0.429,0.125,0.349,-0.451,0.509,-0.364,0.076,-0.037,0.249,0.01,0.811,-0.207,0.628,0.637,-0.261,0.604,0.064,0.585,0.637,0.683,-0.039,0.53,-0.385,-0.186,0.424,0.395,0.415,0.289,0.741,0.486,0.493,0.558,0.416,0.295,-0.331,0.428,0.602,-0.021,-0.018,0.32,0.43,0.556,-0.246,0.166,0.185,-0.093,0.679,0.08,-0.231,0.678,0.052,0.555,0.53,-0.513,-0.561,0.585,0.518,-0.039,0.034,-0.11,-0.267,0.492,-0.204,-0.551,0.083,0.604,0.662,0.443,0.479,0.454,0.674,0.356,0.309,0.631,0.525,0.363,0.535,0.364,0.62,-0.102,0.776,0.599,-0.338,0.436,0.274,-0.317,0.24,0.447,0.725,0.007,0.447,0.484,0.565,0.401,0.536,0.164,0.709,0.227,0.535,0.452,-0.357,0.723,0.475,0.18,0.564,0.276,0.248,0.283,0.391,-0.188,-0.102,0.538,-0.336,0.614,0.52,0.659,0.483,0.544,0.214,0.544,0.648,0.2,0.24,0.33,0.518,0.589,0.463,-0.278,0.495,0.297,0.487,0.435,-0.258,-0.137,0.549,0.49,0.516,0.376,0.654,0.064,0.392,0.368,0.742,0.746,-0.104,0.39,-0.538,0.57,0.276,-0.371,0.509,0.428,0.627,0.403,0.505,0.549,0.277,0.32,0.203
AEP,0.249,0.325,0.49,0.655,0.722,0.354,1.0,0.373,-0.117,0.285,0.551,0.551,0.748,0.456,0.714,-0.416,0.527,-0.251,-0.053,-0.122,0.302,0.005,0.582,0.52,0.28,0.572,0.205,0.743,0.544,0.045,-0.044,0.551,0.709,0.585,-0.517,0.589,0.588,0.73,0.4,0.082,-0.258,0.596,-0.54,0.445,-0.157,0.69,-0.126,0.457,0.039,0.283,0.011,0.455,0.343,0.557,0.582,-0.56,0.786,0.462,0.56,0.705,0.041,-0.151,0.904,-0.254,0.178,0.745,0.591,0.787,0.4,0.461,0.551,0.492,0.784,0.297,0.72,-0.252,0.199,0.59,-0.01,-0.013,0.067,0.572,0.812,-0.528,0.25,0.366,-0.337,0.135,0.278,-0.503,0.42,-0.164,0.652,0.373,-0.142,-0.538,0.772,0.644,-0.442,0.505,-0.359,-0.126,0.782,-0.546,-0.096,-0.201,0.382,0.308,0.643,0.539,0.502,0.324,0.506,0.683,0.497,0.499,0.179,0.59,0.709,0.585,-0.556,0.484,0.699,-0.576,-0.172,0.487,0.037,-0.166,0.635,0.513,-0.01,0.393,0.224,0.668,0.081,0.71,0.652,0.495,0.47,0.4,0.45,0.133,0.658,0.722,-0.305,0.598,0.538,0.434,0.048,-0.066,-0.432,-0.388,-0.145,-0.193,0.587,0.551,0.671,0.623,0.31,-0.408,0.806,0.736,-0.044,-0.317,0.189,0.41,0.485,0.154,-0.642,0.208,-0.31,0.758,0.17,-0.029,-0.041,0.11,0.56,0.49,0.767,0.144,-0.085,0.652,0.792,0.759,0.506,0.493,0.193,-0.478,0.499,0.635,-0.126,0.301,0.642,0.585,0.634,0.647,0.0,0.747,0.657,0.451
AGNC,0.324,0.787,0.284,0.605,0.301,-0.04,0.373,1.0,0.471,0.271,0.527,0.437,0.212,0.624,0.51,-0.192,0.756,0.122,0.019,0.208,-0.012,0.596,-0.039,0.316,0.535,0.418,0.282,0.392,0.28,0.595,0.482,0.355,0.296,0.664,-0.217,0.381,0.409,0.229,0.507,0.667,0.325,0.508,-0.317,0.463,0.534,0.505,0.646,0.814,0.607,0.409,0.482,-0.015,0.723,0.469,0.114,0.101,0.184,0.815,0.309,0.368,-0.233,0.624,0.371,0.409,0.555,0.574,0.693,0.549,0.476,0.246,0.623,0.325,0.361,0.208,0.367,0.486,0.095,0.024,0.647,0.601,0.536,0.606,0.412,0.146,0.58,0.583,0.287,-0.023,0.673,-0.55,0.04,0.162,0.279,0.326,0.509,0.038,0.437,0.516,-0.046,0.678,0.191,0.629,0.579,0.088,0.516,0.376,0.356,0.405,0.071,0.485,0.586,0.335,0.582,0.681,0.479,0.451,0.467,0.32,0.627,0.5,0.021,0.09,0.31,-0.337,-0.027,0.596,0.755,0.282,0.452,0.207,0.42,0.304,-0.008,0.391,0.011,0.44,0.483,-0.13,0.625,0.338,0.417,0.624,0.402,0.307,0.045,0.368,0.751,0.25,0.52,0.251,0.269,0.236,0.131,0.299,0.359,0.369,0.272,0.629,0.372,-0.135,0.492,0.336,0.347,-0.162,0.611,0.164,0.391,0.316,-0.175,0.116,-0.225,0.445,0.271,0.605,0.635,0.211,0.483,0.474,0.437,-0.02,0.379,0.378,0.145,0.245,0.201,0.752,0.338,0.091,0.435,0.529,0.567,0.505,0.014,0.27,0.53,0.593,-0.04,0.593,0.402,0.624
AKBA,-0.079,0.537,0.09,0.153,-0.065,-0.293,-0.117,0.471,1.0,0.228,0.16,0.162,-0.39,0.336,0.1,-0.192,0.497,0.461,-0.055,0.526,-0.017,0.496,-0.352,0.223,0.185,0.088,0.271,-0.082,0.03,0.485,0.238,0.186,-0.022,0.31,-0.183,0.136,0.136,-0.254,0.322,0.619,0.274,0.16,-0.129,0.317,0.417,0.152,0.508,0.501,0.487,0.391,0.51,-0.455,0.582,0.15,-0.119,0.185,-0.144,0.473,0.119,-0.074,-0.149,0.533,-0.147,0.471,0.59,0.207,0.357,0.218,0.307,0.04,0.117,0.173,0.054,0.289,-0.032,0.693,-0.295,-0.513,0.558,0.56,0.272,0.302,-0.075,0.243,0.461,0.404,0.23,-0.009,0.235,-0.303,0.054,0.579,0.029,0.277,0.584,0.199,-0.09,0.162,-0.005,0.516,0.133,0.494,0.124,0.621,0.525,0.339,0.09,0.139,-0.167,0.207,0.249,0.06,0.268,0.296,0.172,0.317,0.064,-0.047,0.225,0.128,0.175,-0.048,-0.092,-0.145,-0.189,0.267,0.487,0.195,-0.117,0.015,0.52,0.232,-0.369,0.039,-0.346,0.147,0.274,-0.508,0.362,0.227,0.349,0.32,0.099,-0.06,-0.077,0.16,0.381,0.241,0.425,0.289,0.34,0.15,0.06,0.315,0.068,0.127,-0.149,0.245,0.153,0.229,-0.058,0.035,0.336,-0.17,0.461,0.071,-0.061,0.267,-0.005,0.279,-0.247,0.09,0.004,0.646,0.539,0.053,-0.155,0.1,0.043,-0.047,0.485,-0.089,-0.269,-0.225,0.014,0.421,-0.159,0.238,0.022,0.15,0.579,0.304,-0.426,0.042,0.167,0.195,-0.104,0.16,0.083,0.461
ALT,0.271,0.276,0.783,0.635,0.628,0.637,0.285,0.271,0.228,1.0,0.5,0.652,0.154,0.536,0.635,-0.292,0.369,0.599,0.172,0.656,0.737,0.087,0.347,0.829,0.313,0.658,0.712,0.644,0.694,0.601,0.082,0.666,0.688,0.625,-0.343,0.521,0.747,0.448,0.683,-0.079,-0.339,0.55,-0.036,0.644,-0.119,0.574,-0.002,0.316,0.357,0.695,0.354,0.494,0.14,0.787,0.629,-0.1,0.572,0.291,0.704,0.619,0.621,0.282,0.38,0.051,0.151,0.548,0.642,0.567,0.511,0.819,0.451,0.559,0.648,0.657,0.281,0.046,0.102,0.153,0.352,0.342,0.477,0.623,0.453,-0.207,0.428,0.444,-0.117,0.74,0.091,-0.354,0.678,0.405,0.504,0.712,-0.061,-0.451,0.547,0.653,-0.077,0.379,-0.205,0.066,0.47,0.19,-0.219,0.259,0.739,0.754,0.396,0.717,0.605,0.672,0.568,0.447,0.663,0.737,0.395,0.558,0.526,0.73,-0.003,0.708,0.561,-0.407,0.219,0.508,-0.034,0.283,0.275,0.752,0.529,0.639,0.185,0.645,0.054,0.62,0.42,0.241,0.457,0.67,0.698,-0.131,0.687,0.507,0.073,0.659,0.449,0.555,0.554,0.589,-0.104,-0.153,0.551,-0.204,0.684,0.597,0.533,0.708,0.633,0.378,0.509,0.63,0.491,0.093,0.555,0.742,0.445,0.703,-0.342,0.709,-0.052,0.653,0.465,0.185,0.1,0.637,0.204,0.439,0.499,0.795,0.367,0.271,0.27,0.535,0.753,0.118,0.078,-0.36,0.51,0.475,0.12,0.766,0.168,0.597,0.563,0.627,0.47,0.44,0.482,0.518
AMAT,0.634,0.602,0.636,0.756,0.766,0.45,0.551,0.527,0.16,0.5,1.0,0.856,0.433,0.649,0.607,-0.139,0.686,0.241,0.299,0.273,0.335,0.541,0.351,0.564,0.519,0.653,0.41,0.639,0.739,0.583,0.24,0.74,0.657,0.781,-0.232,0.515,0.7,0.613,0.529,0.261,-0.197,0.75,-0.221,0.615,0.124,0.629,0.239,0.622,0.494,0.478,0.305,0.427,0.513,0.703,0.495,-0.164,0.585,0.607,0.577,0.652,0.213,0.364,0.528,0.118,0.326,0.661,0.735,0.697,0.617,0.475,0.773,0.572,0.658,0.377,0.318,0.073,0.337,0.292,0.485,0.487,0.631,0.738,0.7,-0.163,0.716,0.737,0.115,0.29,0.612,-0.589,0.515,0.053,0.638,0.472,-0.139,-0.376,0.647,0.865,-0.073,0.621,0.022,0.452,0.816,-0.219,0.053,0.373,0.716,0.621,0.409,0.679,0.646,0.702,0.85,0.716,0.725,0.639,0.691,0.602,0.793,0.725,-0.088,0.625,0.683,-0.438,0.229,0.833,0.394,0.418,0.635,0.545,0.216,0.552,0.209,0.592,0.22,0.679,0.553,0.406,0.536,0.523,0.629,0.136,0.719,0.569,0.1,0.683,0.77,0.318,0.532,0.366,-0.049,0.052,0.4,0.298,0.584,0.631,0.529,0.734,0.582,0.024,0.699,0.619,0.366,0.025,0.607,0.435,0.779,0.505,-0.324,0.384,0.023,0.632,0.65,0.393,0.533,0.586,0.717,0.77,0.668,0.413,0.179,0.504,0.43,0.641,0.599,0.498,0.438,-0.325,0.738,0.658,0.27,0.684,0.379,0.532,0.599,0.768,0.485,0.706,0.574,0.663
AMD,0.447,0.51,0.799,0.784,0.811,0.512,0.551,0.437,0.162,0.652,0.856,1.0,0.294,0.692,0.636,-0.372,0.625,0.263,0.215,0.351,0.423,0.392,0.35,0.754,0.412,0.689,0.534,0.702,0.784,0.509,0.1,0.819,0.73,0.782,-0.453,0.536,0.743,0.536,0.687,0.18,-0.402,0.742,-0.326,0.69,-0.013,0.768,0.177,0.566,0.476,0.621,0.477,0.419,0.411,0.767,0.614,-0.208,0.711,0.498,0.686,0.748,0.389,0.304,0.521,0.071,0.433,0.693,0.78,0.757,0.678,0.539,0.624,0.652,0.723,0.539,0.28,0.013,0.287,0.182,0.475,0.48,0.541,0.815,0.662,-0.271,0.68,0.666,-0.113,0.322,0.433,-0.664,0.705,0.122,0.654,0.693,-0.138,-0.506,0.701,0.842,-0.153,0.648,-0.237,0.308,0.796,-0.207,-0.083,0.328,0.775,0.701,0.485,0.742,0.702,0.668,0.78,0.71,0.74,0.774,0.585,0.689,0.755,0.817,-0.101,0.812,0.67,-0.515,0.129,0.824,0.206,0.319,0.437,0.65,0.401,0.659,0.122,0.676,0.02,0.806,0.556,0.426,0.539,0.586,0.792,-0.059,0.796,0.555,-0.028,0.779,0.781,0.449,0.541,0.41,-0.154,-0.223,0.354,0.073,0.695,0.732,0.575,0.824,0.634,0.059,0.648,0.674,0.512,0.037,0.622,0.62,0.642,0.574,-0.52,0.517,-0.11,0.733,0.568,0.35,0.356,0.631,0.546,0.633,0.709,0.578,0.127,0.464,0.434,0.616,0.645,0.42,0.217,-0.394,0.712,0.647,0.322,0.764,0.313,0.552,0.705,0.821,0.541,0.679,0.63,0.649
AMGN,0.351,0.043,0.329,0.537,0.611,0.536,0.748,0.212,-0.39,0.154,0.433,0.294,1.0,0.303,0.636,-0.127,0.192,-0.282,0.017,-0.299,0.299,-0.192,0.678,0.274,0.264,0.48,0.076,0.692,0.496,-0.046,-0.087,0.351,0.559,0.354,-0.218,0.451,0.485,0.797,0.164,-0.243,-0.164,0.501,-0.285,0.3,-0.34,0.47,-0.332,0.259,-0.215,0.045,-0.229,0.673,0.022,0.43,0.535,-0.446,0.62,0.304,0.419,0.525,0.057,-0.281,0.812,-0.511,-0.176,0.563,0.355,0.504,0.182,0.435,0.558,0.389,0.577,0.141,0.626,-0.41,0.438,0.89,-0.196,-0.219,0.01,0.305,0.744,-0.388,-0.013,0.097,-0.114,0.209,0.195,-0.288,0.305,-0.29,0.52,0.19,-0.341,-0.477,0.691,0.48,-0.34,0.104,-0.157,-0.286,0.638,-0.605,-0.274,-0.248,0.294,0.321,0.539,0.375,0.427,0.363,0.283,0.47,0.428,0.265,0.208,0.521,0.567,0.439,-0.466,0.379,0.595,-0.431,0.135,0.241,-0.1,-0.162,0.758,0.42,-0.247,0.25,0.496,0.499,0.362,0.482,0.409,0.706,0.28,0.283,0.153,0.031,0.533,0.588,-0.098,0.388,0.342,0.165,-0.131,-0.135,-0.441,-0.13,-0.033,-0.26,0.509,0.314,0.751,0.476,0.246,-0.349,0.747,0.604,-0.198,-0.158,0.07,0.269,0.548,0.071,-0.419,0.092,-0.024,0.512,0.155,-0.313,-0.133,0.086,0.713,0.458,0.53,0.107,-0.142,0.651,0.695,0.805,0.516,0.215,0.51,-0.529,0.395,0.424,-0.429,0.126,0.619,0.54,0.377,0.479,0.02,0.51,0.433,0.154
AMZN,0.377,0.599,0.731,0.842,0.608,0.327,0.456,0.624,0.336,0.536,0.649,0.692,0.303,1.0,0.737,-0.383,0.689,0.283,-0.098,0.443,0.36,0.388,0.24,0.662,0.333,0.759,0.633,0.684,0.616,0.48,0.139,0.652,0.619,0.794,-0.44,0.716,0.765,0.439,0.837,0.335,-0.26,0.747,-0.371,0.782,0.041,0.73,0.206,0.648,0.443,0.709,0.55,0.185,0.524,0.649,0.414,-0.105,0.545,0.735,0.767,0.689,0.02,0.412,0.545,0.077,0.42,0.736,0.865,0.723,0.813,0.559,0.615,0.808,0.623,0.691,0.339,0.093,0.3,0.133,0.66,0.671,0.499,0.844,0.598,-0.02,0.584,0.768,-0.028,0.209,0.464,-0.664,0.493,0.371,0.533,0.647,0.13,-0.399,0.559,0.685,-0.247,0.686,-0.19,0.329,0.737,-0.042,-0.047,0.401,0.686,0.722,0.509,0.722,0.86,0.517,0.74,0.748,0.762,0.78,0.482,0.7,0.743,0.728,-0.002,0.518,0.642,-0.601,0.055,0.769,0.387,0.227,0.451,0.579,0.568,0.796,0.042,0.785,-0.132,0.741,0.56,0.129,0.78,0.698,0.748,0.081,0.722,0.549,-0.208,0.741,0.882,0.566,0.604,0.364,-0.068,-0.1,0.256,-0.048,0.794,0.65,0.602,0.825,0.636,-0.097,0.626,0.722,0.68,-0.305,0.697,0.654,0.456,0.697,-0.501,0.627,-0.286,0.726,0.457,0.471,0.434,0.521,0.498,0.539,0.683,0.253,0.225,0.612,0.398,0.557,0.542,0.471,0.209,-0.279,0.524,0.699,0.42,0.697,0.056,0.592,0.769,0.833,0.23,0.695,0.675,0.725
APA,0.248,0.347,0.68,0.896,0.765,0.543,0.714,0.51,0.1,0.635,0.607,0.636,0.636,0.737,1.0,-0.474,0.553,0.133,-0.123,0.301,0.55,0.078,0.443,0.731,0.303,0.882,0.67,0.931,0.683,0.35,-0.098,0.678,0.758,0.737,-0.563,0.876,0.811,0.61,0.692,0.047,-0.283,0.788,-0.461,0.701,-0.179,0.764,-0.049,0.522,0.183,0.63,0.249,0.516,0.35,0.783,0.707,-0.309,0.717,0.644,0.763,0.764,0.168,0.023,0.795,-0.196,0.191,0.927,0.776,0.781,0.584,0.751,0.645,0.679,0.786,0.664,0.738,-0.211,0.194,0.433,0.313,0.286,0.2,0.772,0.791,-0.315,0.36,0.601,-0.279,0.417,0.254,-0.56,0.659,0.276,0.658,0.716,0.001,-0.574,0.783,0.732,-0.451,0.543,-0.378,-0.019,0.783,-0.141,-0.246,0.025,0.593,0.756,0.696,0.741,0.882,0.578,0.681,0.702,0.656,0.689,0.243,0.776,0.829,0.751,-0.29,0.589,0.843,-0.636,0.011,0.632,0.141,-0.034,0.619,0.672,0.335,0.694,0.13,0.846,-0.025,0.842,0.666,0.389,0.785,0.794,0.624,0.073,0.8,0.829,-0.336,0.737,0.718,0.676,0.324,0.175,-0.391,-0.326,0.181,-0.283,0.852,0.612,0.889,0.857,0.501,-0.123,0.772,0.812,0.368,-0.298,0.391,0.678,0.63,0.596,-0.602,0.621,-0.386,0.836,0.331,0.153,0.049,0.375,0.529,0.539,0.758,0.385,0.284,0.698,0.667,0.77,0.662,0.371,0.217,-0.5,0.584,0.688,0.055,0.547,0.386,0.705,0.718,0.847,0.168,0.781,0.754,0.622
APPS,0.256,-0.218,-0.394,-0.378,-0.301,-0.086,-0.416,-0.192,-0.192,-0.292,-0.139,-0.372,-0.127,-0.383,-0.474,1.0,-0.321,0.079,0.444,-0.236,-0.083,0.056,-0.09,-0.522,0.17,-0.455,-0.476,-0.421,-0.183,0.116,0.388,-0.41,-0.388,-0.353,0.65,-0.557,-0.408,-0.163,-0.451,-0.126,0.385,-0.311,0.704,-0.395,0.169,-0.481,0.073,-0.267,0.011,-0.447,-0.261,0.071,-0.256,-0.411,-0.388,0.424,-0.48,-0.288,-0.511,-0.329,0.138,0.112,-0.424,0.099,-0.258,-0.524,-0.445,-0.546,-0.331,-0.301,-0.036,-0.422,-0.429,-0.49,-0.288,0.149,0.076,-0.002,-0.159,-0.169,0.147,-0.43,-0.309,0.455,-0.063,-0.173,0.648,0.114,-0.03,0.512,-0.401,-0.203,-0.196,-0.487,-0.044,0.457,-0.288,-0.294,0.543,-0.457,0.717,0.135,-0.385,0.061,0.187,0.313,-0.209,-0.248,-0.43,-0.285,-0.479,-0.082,-0.256,-0.396,-0.271,-0.416,0.084,-0.379,-0.453,-0.351,0.504,-0.304,-0.354,0.498,0.273,-0.325,0.09,0.436,0.069,-0.295,-0.314,-0.425,0.367,-0.435,0.531,-0.49,-0.485,0.094,-0.502,-0.499,-0.446,0.223,-0.389,-0.416,0.691,-0.477,-0.389,-0.603,0.027,0.174,0.422,0.693,0.214,0.31,-0.456,-0.384,-0.354,-0.458,-0.184,0.181,-0.261,-0.445,-0.202,0.511,-0.178,-0.449,0.051,-0.278,0.771,-0.4,0.653,-0.531,0.31,-0.05,0.095,0.014,0.047,0.063,-0.448,-0.022,0.183,-0.392,-0.447,-0.289,-0.204,-0.194,0.392,0.372,-0.177,-0.439,-0.181,-0.146,-0.092,-0.401,-0.464,-0.467,0.118,-0.505,-0.505,-0.381
ARCC,0.387,0.826,0.485,0.655,0.451,0.086,0.527,0.756,0.497,0.369,0.686,0.625,0.192,0.689,0.553,-0.321,1.0,0.222,0.208,0.38,0.166,0.589,0.097,0.534,0.495,0.5,0.416,0.503,0.457,0.632,0.417,0.555,0.507,0.761,-0.335,0.483,0.607,0.376,0.671,0.593,0.097,0.583,-0.32,0.573,0.359,0.645,0.49,0.777,0.595,0.509,0.441,0.037,0.736,0.593,0.236,-0.092,0.428,0.765,0.506,0.562,-0.076,0.555,0.51,0.336,0.578,0.636,0.761,0.715,0.675,0.362,0.58,0.52,0.547,0.388,0.38,0.408,0.085,-0.016,0.632,0.625,0.548,0.718,0.494,-0.059,0.744,0.757,0.03,0.121,0.677,-0.624,0.262,0.238,0.435,0.446,0.335,-0.198,0.527,0.671,-0.144,0.809,-0.006,0.504,0.706,0.036,0.387,0.414,0.487,0.398,0.224,0.608,0.585,0.403,0.716,0.834,0.608,0.649,0.477,0.454,0.703,0.633,-0.1,0.342,0.458,-0.547,-0.102,0.729,0.616,0.286,0.455,0.396,0.406,0.503,-0.08,0.542,-0.044,0.6,0.576,-0.042,0.641,0.484,0.607,0.453,0.573,0.424,-0.032,0.569,0.807,0.453,0.643,0.337,0.203,-0.016,0.189,0.316,0.472,0.616,0.28,0.635,0.492,-0.111,0.571,0.548,0.409,-0.168,0.639,0.342,0.501,0.457,-0.302,0.333,-0.181,0.618,0.364,0.623,0.637,0.329,0.443,0.6,0.57,0.105,0.327,0.407,0.299,0.389,0.341,0.72,0.151,-0.085,0.634,0.736,0.494,0.649,0.137,0.424,0.696,0.725,0.056,0.71,0.584,0.715
ARDX,0.239,0.279,0.378,0.218,0.146,0.302,-0.251,0.122,0.461,0.599,0.241,0.263,-0.282,0.283,0.133,0.079,0.222,1.0,0.405,0.797,0.474,0.303,-0.032,0.365,0.173,0.249,0.528,0.073,0.355,0.61,0.278,0.323,0.225,0.279,0.073,0.153,0.354,-0.022,0.359,0.087,-0.055,0.187,0.351,0.325,0.114,0.156,0.179,0.171,0.427,0.408,0.329,0.08,0.117,0.339,0.069,0.331,0.04,0.189,0.294,0.172,0.442,0.481,-0.155,0.305,0.136,0.066,0.282,0.139,0.357,0.387,0.22,0.318,0.142,0.396,-0.177,0.427,0.018,-0.212,0.466,0.459,0.518,0.22,-0.011,0.378,0.429,0.38,0.299,0.613,0.079,-0.082,0.304,0.55,0.143,0.365,0.054,-0.004,-0.038,0.215,0.313,0.188,0.229,0.303,0.068,0.614,-0.016,0.517,0.448,0.441,-0.056,0.312,0.249,0.505,0.316,0.149,0.413,0.416,0.281,0.166,0.088,0.269,0.4,0.324,0.133,-0.012,0.322,0.287,0.171,0.514,-0.012,0.397,0.433,0.373,0.074,0.165,0.041,0.134,-0.025,-0.11,0.184,0.371,0.389,-0.084,0.295,0.056,0.332,0.273,0.222,0.245,0.571,0.651,0.405,0.264,0.575,0.14,0.26,0.355,0.04,0.205,0.487,0.564,0.007,0.133,0.473,0.246,0.447,0.312,0.21,0.539,0.149,0.539,0.203,0.16,0.404,0.347,0.341,0.554,-0.015,0.301,0.013,0.52,0.588,-0.077,-0.215,0.016,0.36,-0.035,0.093,0.044,0.255,0.159,0.257,0.549,-0.2,0.161,0.204,0.237,0.447,0.024,0.088,0.317
ATER,0.472,0.203,0.069,0.028,0.164,0.37,-0.053,0.019,-0.055,0.172,0.299,0.215,0.017,-0.098,-0.123,0.444,0.208,0.405,1.0,0.096,0.241,0.296,0.203,0.016,0.355,-0.064,-0.097,0.019,0.266,0.469,0.539,0.103,0.08,0.124,0.418,-0.289,0.059,0.272,-0.0,-0.058,0.148,-0.013,0.584,-0.142,0.178,0.062,0.202,0.123,0.266,-0.184,-0.152,0.386,-0.031,0.104,-0.024,0.182,0.008,-0.039,-0.09,0.142,0.49,0.35,-0.029,0.17,-0.068,-0.135,0.033,0.012,0.053,0.124,0.248,-0.061,0.009,-0.185,-0.152,0.239,0.2,0.151,0.065,0.043,0.517,0.007,0.052,0.207,0.406,0.152,0.447,0.444,0.277,0.127,0.104,-0.095,0.174,-0.019,-0.146,0.078,0.142,0.172,0.46,-0.039,0.534,0.218,0.125,-0.018,0.11,0.418,0.19,0.132,-0.211,0.109,-0.119,0.338,0.124,0.095,0.269,0.068,0.424,-0.106,-0.081,0.188,0.322,0.313,-0.022,0.175,0.361,0.103,0.153,0.614,0.256,0.123,-0.181,-0.098,0.37,-0.046,0.503,0.017,-0.227,0.295,-0.216,-0.116,0.039,0.162,0.174,-0.126,0.731,0.003,0.036,-0.293,0.423,0.463,0.511,0.415,0.476,0.367,-0.071,0.225,-0.089,-0.061,0.23,0.243,0.089,-0.008,-0.034,0.688,0.212,-0.154,0.49,0.103,0.385,-0.077,0.73,-0.065,0.465,0.093,0.311,0.339,0.314,0.474,-0.088,0.39,0.267,-0.148,-0.177,0.106,0.176,0.077,0.417,0.101,0.433,0.042,-0.065,0.369,0.172,-0.052,-0.017,0.113,0.406,-0.106,-0.158,-0.046
ATOS,0.123,0.359,0.479,0.321,0.199,0.196,-0.122,0.208,0.526,0.656,0.273,0.351,-0.299,0.443,0.301,-0.236,0.38,0.797,0.096,1.0,0.454,0.338,-0.089,0.495,0.185,0.427,0.728,0.194,0.296,0.589,0.115,0.393,0.296,0.431,-0.209,0.407,0.452,-0.061,0.524,0.214,-0.086,0.323,0.01,0.489,0.086,0.267,0.194,0.214,0.51,0.607,0.453,-0.062,0.283,0.469,0.122,0.291,0.144,0.275,0.442,0.268,0.341,0.446,-0.048,0.328,0.213,0.247,0.385,0.266,0.513,0.478,0.197,0.388,0.265,0.62,-0.034,0.342,-0.09,-0.336,0.591,0.598,0.425,0.415,0.004,0.202,0.432,0.483,0.005,0.513,0.105,-0.284,0.4,0.693,0.104,0.559,0.157,-0.098,0.022,0.335,0.146,0.422,-0.102,0.29,0.158,0.646,-0.019,0.474,0.48,0.519,0.14,0.414,0.411,0.461,0.43,0.255,0.416,0.539,0.24,0.31,0.269,0.334,0.269,0.333,0.308,-0.169,0.186,0.439,0.207,0.322,-0.075,0.459,0.597,0.553,-0.18,0.316,-0.153,0.261,0.204,-0.233,0.411,0.565,0.566,-0.089,0.335,0.245,0.011,0.406,0.373,0.545,0.555,0.5,0.218,-0.05,0.572,0.041,0.374,0.399,0.093,0.345,0.489,0.552,0.116,0.277,0.571,-0.052,0.462,0.474,0.123,0.747,-0.089,0.714,-0.15,0.309,0.312,0.498,0.307,0.535,-0.104,0.247,0.196,0.449,0.521,0.045,-0.009,0.038,0.326,0.091,-0.108,-0.081,0.331,0.372,0.439,0.605,-0.166,0.272,0.344,0.347,0.347,0.208,0.332,0.496
AUPH,0.171,0.037,0.655,0.48,0.535,0.679,0.302,-0.012,-0.017,0.737,0.335,0.423,0.299,0.36,0.55,-0.083,0.166,0.474,0.241,0.454,1.0,-0.213,0.586,0.668,0.217,0.539,0.568,0.62,0.721,0.388,0.004,0.523,0.655,0.437,-0.243,0.427,0.625,0.485,0.515,-0.408,-0.425,0.497,0.113,0.479,-0.414,0.458,-0.379,0.014,0.111,0.392,0.003,0.613,-0.183,0.619,0.622,-0.201,0.581,0.068,0.677,0.575,0.679,-0.062,0.411,-0.285,-0.111,0.408,0.418,0.421,0.423,0.77,0.274,0.564,0.586,0.668,0.385,-0.184,0.176,0.32,0.013,0.02,0.23,0.459,0.504,-0.219,0.172,0.244,-0.104,0.82,-0.099,-0.168,0.701,0.37,0.547,0.603,-0.191,-0.555,0.476,0.44,-0.046,0.082,-0.181,-0.279,0.38,0.067,-0.439,0.127,0.604,0.625,0.551,0.65,0.416,0.53,0.312,0.298,0.529,0.543,0.133,0.46,0.39,0.567,-0.046,0.606,0.542,-0.337,0.263,0.227,-0.341,0.198,0.332,0.668,0.175,0.595,0.411,0.556,0.277,0.483,0.329,0.399,0.213,0.562,0.543,-0.29,0.64,0.445,0.08,0.531,0.207,0.402,0.356,0.422,-0.192,-0.187,0.414,-0.351,0.682,0.575,0.572,0.501,0.533,0.384,0.502,0.605,0.232,0.131,0.247,0.626,0.417,0.625,-0.235,0.701,0.09,0.54,0.377,-0.148,-0.173,0.449,0.192,0.374,0.397,0.699,0.296,0.366,0.349,0.575,0.786,-0.123,0.156,-0.475,0.438,0.295,-0.284,0.573,0.288,0.549,0.371,0.458,0.395,0.309,0.349,0.252
AVGO,0.386,0.693,0.099,0.257,0.146,-0.147,0.005,0.596,0.496,0.087,0.541,0.392,-0.192,0.388,0.078,0.056,0.589,0.303,0.296,0.338,-0.213,1.0,-0.254,0.01,0.396,0.144,0.127,-0.013,0.064,0.612,0.433,0.207,0.0,0.451,0.124,0.105,0.101,-0.039,0.188,0.709,0.402,0.262,-0.024,0.22,0.685,0.168,0.738,0.587,0.648,0.209,0.407,-0.208,0.665,0.153,-0.232,0.284,-0.102,0.517,-0.002,0.047,-0.132,0.682,-0.097,0.637,0.379,0.161,0.384,0.181,0.303,-0.06,0.47,0.059,0.035,0.006,-0.161,0.596,0.028,-0.261,0.665,0.66,0.601,0.395,0.058,0.316,0.729,0.603,0.415,-0.08,0.641,-0.309,-0.061,0.165,0.011,0.111,0.294,0.337,0.046,0.363,0.193,0.493,0.364,0.848,0.311,0.241,0.567,0.555,0.196,0.229,-0.123,0.264,0.264,0.322,0.524,0.391,0.286,0.234,0.534,0.056,0.317,0.209,0.334,0.063,0.083,0.016,0.122,0.554,0.784,0.518,0.181,0.009,0.286,0.141,-0.164,0.069,0.039,0.169,0.154,-0.181,0.365,0.151,0.251,0.498,0.131,0.007,0.254,0.137,0.56,0.007,0.492,0.296,0.451,0.404,0.35,0.649,-0.013,0.17,-0.147,0.241,0.145,0.068,0.095,-0.024,0.358,0.083,0.485,-0.08,0.309,0.294,0.161,0.044,0.08,0.091,0.398,0.736,0.766,0.307,0.361,0.412,0.159,-0.004,0.346,0.037,-0.201,-0.087,-0.04,0.606,0.236,0.279,0.367,0.277,0.623,0.408,-0.093,-0.098,0.213,0.276,0.238,0.232,0.141,0.5
AZN,0.39,0.021,0.446,0.368,0.593,0.629,0.582,-0.039,-0.352,0.347,0.351,0.35,0.678,0.24,0.443,-0.09,0.097,-0.032,0.203,-0.089,0.586,-0.254,1.0,0.359,0.234,0.375,0.098,0.574,0.573,-0.027,-0.054,0.367,0.638,0.35,-0.139,0.281,0.487,0.801,0.182,-0.347,-0.398,0.464,-0.041,0.307,-0.452,0.491,-0.44,0.078,-0.154,0.052,-0.259,0.688,-0.119,0.419,0.582,-0.462,0.701,-0.045,0.488,0.588,0.386,-0.251,0.632,-0.488,-0.239,0.344,0.346,0.476,0.259,0.528,0.368,0.474,0.633,0.286,0.43,-0.352,0.577,0.744,-0.297,-0.276,0.14,0.25,0.634,-0.466,-0.012,0.051,-0.109,0.451,0.051,-0.187,0.482,-0.254,0.536,0.242,-0.484,-0.546,0.583,0.404,-0.091,0.017,-0.191,-0.395,0.517,-0.487,-0.362,-0.139,0.434,0.263,0.612,0.458,0.203,0.289,0.19,0.34,0.453,0.384,0.253,0.387,0.384,0.465,-0.372,0.523,0.489,-0.293,0.191,0.165,-0.354,0.034,0.602,0.575,-0.14,0.342,0.749,0.477,0.482,0.446,0.362,0.634,0.076,0.229,0.281,-0.168,0.523,0.474,0.063,0.427,0.169,0.139,-0.044,0.06,-0.325,-0.184,0.089,-0.376,0.479,0.442,0.569,0.355,0.347,-0.099,0.65,0.628,-0.185,0.08,0.163,0.37,0.425,0.159,-0.419,0.266,0.207,0.517,0.184,-0.322,-0.236,0.275,0.517,0.4,0.442,0.352,-0.159,0.592,0.646,0.753,0.656,0.104,0.406,-0.52,0.38,0.301,-0.513,0.257,0.583,0.526,0.389,0.389,0.222,0.325,0.349,0.107
BCRX,0.192,0.39,0.883,0.771,0.692,0.578,0.52,0.316,0.223,0.829,0.564,0.754,0.274,0.662,0.731,-0.522,0.534,0.365,0.016,0.495,0.668,0.01,0.359,1.0,0.257,0.757,0.724,0.754,0.789,0.435,-0.015,0.799,0.826,0.697,-0.606,0.665,0.839,0.524,0.835,-0.02,-0.53,0.651,-0.308,0.763,-0.261,0.766,-0.117,0.43,0.31,0.763,0.461,0.414,0.242,0.849,0.741,-0.313,0.743,0.46,0.882,0.783,0.414,0.172,0.609,-0.104,0.37,0.728,0.778,0.787,0.633,0.779,0.478,0.755,0.778,0.725,0.459,-0.063,0.083,0.168,0.331,0.334,0.362,0.77,0.624,-0.314,0.44,0.463,-0.321,0.54,0.179,-0.587,0.717,0.335,0.676,0.756,-0.083,-0.632,0.635,0.715,-0.297,0.598,-0.385,-0.043,0.673,-0.027,-0.284,0.139,0.771,0.686,0.54,0.717,0.709,0.624,0.646,0.692,0.749,0.834,0.302,0.715,0.679,0.837,-0.234,0.722,0.677,-0.65,0.076,0.642,-0.085,0.087,0.307,0.779,0.518,0.734,0.068,0.805,-0.106,0.763,0.585,0.259,0.547,0.735,0.841,-0.229,0.832,0.619,-0.21,0.867,0.618,0.628,0.511,0.434,-0.219,-0.37,0.288,-0.332,0.829,0.793,0.646,0.828,0.722,0.127,0.664,0.795,0.484,-0.151,0.564,0.828,0.413,0.647,-0.608,0.694,-0.268,0.816,0.375,0.124,0.119,0.505,0.249,0.469,0.708,0.593,0.219,0.441,0.451,0.657,0.778,0.195,-0.06,-0.494,0.551,0.634,0.161,0.734,0.206,0.746,0.754,0.761,0.325,0.669,0.636,0.654
BGC,0.509,0.485,0.259,0.39,0.43,0.269,0.28,0.535,0.185,0.313,0.519,0.412,0.264,0.333,0.303,0.17,0.495,0.173,0.355,0.185,0.217,0.396,0.234,0.257,1.0,0.347,0.194,0.275,0.411,0.543,0.507,0.396,0.377,0.555,-0.067,0.165,0.368,0.395,0.346,0.334,0.245,0.507,-0.051,0.354,0.206,0.445,0.323,0.602,0.611,0.191,0.299,0.259,0.509,0.533,0.256,0.053,0.22,0.445,0.243,0.407,0.163,0.497,0.273,0.14,0.425,0.359,0.398,0.424,0.426,0.296,0.62,0.236,0.367,0.153,0.272,0.348,0.24,0.213,0.346,0.339,0.598,0.442,0.395,0.012,0.443,0.378,0.305,0.185,0.557,-0.427,0.202,0.042,0.46,0.331,0.096,-0.06,0.511,0.54,0.19,0.517,0.271,0.4,0.498,-0.006,0.277,0.434,0.486,0.328,0.1,0.381,0.332,0.43,0.467,0.473,0.467,0.429,0.577,0.288,0.462,0.469,0.044,0.292,0.372,-0.267,0.252,0.452,0.433,0.444,0.561,0.437,0.158,0.251,0.364,0.247,0.42,0.288,0.394,0.28,0.311,0.226,0.407,0.354,0.407,0.312,0.371,0.342,0.466,0.174,0.481,0.362,0.223,0.272,0.467,0.1,0.231,0.399,0.18,0.413,0.503,0.097,0.547,0.343,0.105,0.131,0.57,0.112,0.479,0.326,-0.048,0.146,0.125,0.284,0.508,0.419,0.437,0.414,0.517,0.581,0.364,0.205,0.263,0.291,0.229,0.34,0.373,0.553,0.53,-0.068,0.58,0.454,0.278,0.586,0.125,0.366,0.33,0.386,0.265,0.411,0.382,0.452
BIDU,0.3,0.315,0.734,0.854,0.797,0.598,0.572,0.418,0.088,0.658,0.653,0.689,0.48,0.759,0.882,-0.455,0.5,0.249,-0.064,0.427,0.539,0.144,0.375,0.757,0.347,1.0,0.792,0.823,0.746,0.386,-0.084,0.758,0.743,0.716,-0.487,0.872,0.81,0.549,0.749,0.053,-0.394,0.772,-0.436,0.699,-0.221,0.779,-0.068,0.446,0.293,0.643,0.348,0.473,0.391,0.83,0.644,-0.243,0.628,0.618,0.828,0.731,0.192,0.098,0.681,-0.18,0.265,0.829,0.728,0.727,0.679,0.739,0.636,0.763,0.71,0.748,0.56,-0.194,0.288,0.322,0.385,0.379,0.328,0.781,0.672,-0.194,0.344,0.664,-0.195,0.375,0.341,-0.586,0.753,0.328,0.702,0.799,-0.08,-0.566,0.687,0.725,-0.337,0.614,-0.316,0.044,0.757,-0.13,-0.377,0.137,0.717,0.804,0.635,0.655,0.891,0.66,0.77,0.608,0.705,0.716,0.324,0.758,0.781,0.722,-0.247,0.651,0.901,-0.578,0.19,0.725,0.131,0.046,0.576,0.701,0.372,0.798,0.089,0.786,-0.052,0.749,0.549,0.348,0.774,0.894,0.691,-0.125,0.846,0.772,-0.299,0.802,0.714,0.659,0.397,0.252,-0.319,-0.286,0.381,-0.28,0.876,0.686,0.787,0.803,0.621,-0.019,0.693,0.749,0.461,-0.281,0.461,0.681,0.595,0.766,-0.572,0.725,-0.305,0.773,0.468,0.181,0.139,0.53,0.518,0.56,0.713,0.383,0.238,0.631,0.589,0.714,0.646,0.257,0.203,-0.46,0.669,0.674,0.161,0.63,0.356,0.696,0.682,0.835,0.312,0.692,0.732,0.729
BILI,0.05,0.282,0.698,0.646,0.488,0.499,0.205,0.282,0.271,0.712,0.41,0.534,0.076,0.633,0.67,-0.476,0.416,0.528,-0.097,0.728,0.568,0.127,0.098,0.724,0.194,0.792,1.0,0.577,0.555,0.445,-0.104,0.668,0.554,0.573,-0.502,0.712,0.718,0.162,0.766,0.046,-0.297,0.564,-0.268,0.643,-0.128,0.57,0.006,0.26,0.306,0.676,0.504,0.197,0.223,0.741,0.455,-0.056,0.441,0.439,0.748,0.542,0.273,0.212,0.356,0.056,0.269,0.583,0.591,0.499,0.594,0.659,0.349,0.657,0.514,0.824,0.312,0.015,0.074,-0.042,0.5,0.508,0.275,0.679,0.379,-0.039,0.343,0.553,-0.249,0.453,0.182,-0.488,0.66,0.604,0.387,0.827,0.042,-0.431,0.355,0.473,-0.228,0.45,-0.367,0.075,0.422,0.349,-0.315,0.276,0.632,0.738,0.405,0.579,0.735,0.592,0.555,0.453,0.567,0.695,0.17,0.647,0.565,0.567,-0.051,0.537,0.662,-0.507,0.169,0.52,0.063,0.113,0.14,0.653,0.544,0.766,-0.13,0.602,-0.207,0.529,0.421,0.051,0.69,0.903,0.652,-0.245,0.639,0.548,-0.289,0.662,0.551,0.74,0.445,0.367,-0.132,-0.298,0.489,-0.246,0.717,0.616,0.518,0.617,0.569,0.311,0.37,0.567,0.675,-0.238,0.433,0.675,0.317,0.828,-0.361,0.861,-0.328,0.617,0.302,0.261,0.109,0.51,0.148,0.301,0.414,0.425,0.383,0.376,0.261,0.394,0.51,0.06,-0.078,-0.347,0.521,0.477,0.223,0.604,0.084,0.547,0.591,0.624,0.319,0.492,0.562,0.586
BKR,0.298,0.266,0.757,0.874,0.804,0.662,0.743,0.392,-0.082,0.644,0.639,0.702,0.692,0.684,0.931,-0.421,0.503,0.073,0.019,0.194,0.62,-0.013,0.574,0.754,0.275,0.823,0.577,1.0,0.778,0.321,-0.085,0.697,0.834,0.721,-0.491,0.759,0.831,0.73,0.668,-0.136,-0.408,0.757,-0.348,0.624,-0.282,0.775,-0.149,0.411,0.124,0.545,0.149,0.662,0.183,0.79,0.75,-0.373,0.829,0.492,0.776,0.833,0.322,-0.01,0.841,-0.284,0.098,0.855,0.759,0.773,0.545,0.789,0.622,0.685,0.826,0.594,0.682,-0.298,0.276,0.552,0.219,0.19,0.259,0.744,0.819,-0.39,0.359,0.523,-0.278,0.48,0.22,-0.514,0.675,0.15,0.687,0.666,-0.142,-0.677,0.843,0.736,-0.367,0.437,-0.353,-0.109,0.799,-0.321,-0.345,0.003,0.652,0.76,0.71,0.756,0.8,0.61,0.621,0.675,0.699,0.712,0.291,0.766,0.772,0.791,-0.269,0.709,0.832,-0.614,0.05,0.594,-0.005,0.025,0.633,0.68,0.207,0.651,0.26,0.859,0.107,0.838,0.58,0.53,0.625,0.696,0.619,-0.032,0.837,0.773,-0.194,0.741,0.66,0.557,0.316,0.227,-0.413,-0.327,0.191,-0.302,0.861,0.653,0.889,0.84,0.546,-0.113,0.82,0.843,0.308,-0.156,0.394,0.677,0.669,0.545,-0.597,0.545,-0.209,0.859,0.406,0.002,-0.027,0.439,0.58,0.571,0.753,0.489,0.152,0.68,0.684,0.866,0.736,0.256,0.264,-0.57,0.631,0.67,-0.091,0.587,0.492,0.721,0.72,0.841,0.277,0.735,0.701,0.502
BLDP,0.476,0.322,0.826,0.764,0.794,0.743,0.544,0.28,0.03,0.694,0.739,0.784,0.496,0.616,0.683,-0.183,0.457,0.355,0.266,0.296,0.721,0.064,0.573,0.789,0.411,0.746,0.555,0.778,1.0,0.478,0.164,0.82,0.827,0.697,-0.306,0.537,0.833,0.704,0.644,-0.169,-0.514,0.746,-0.116,0.664,-0.305,0.727,-0.162,0.369,0.332,0.514,0.273,0.683,0.152,0.831,0.701,-0.247,0.739,0.438,0.806,0.761,0.491,0.183,0.647,-0.251,0.266,0.664,0.696,0.709,0.603,0.737,0.653,0.751,0.779,0.601,0.435,-0.115,0.353,0.443,0.273,0.269,0.495,0.682,0.741,-0.215,0.454,0.502,0.013,0.548,0.267,-0.512,0.749,0.163,0.801,0.657,-0.25,-0.651,0.72,0.741,-0.067,0.438,-0.074,0.012,0.765,-0.225,-0.34,0.245,0.861,0.749,0.549,0.723,0.663,0.761,0.668,0.614,0.802,0.767,0.462,0.672,0.692,0.805,-0.14,0.785,0.737,-0.511,0.319,0.635,-0.061,0.33,0.601,0.766,0.216,0.665,0.391,0.697,0.273,0.712,0.496,0.55,0.374,0.63,0.763,-0.217,0.912,0.563,0.095,0.813,0.595,0.386,0.494,0.512,-0.148,-0.078,0.427,-0.174,0.816,0.764,0.714,0.778,0.756,0.167,0.729,0.763,0.313,0.055,0.574,0.645,0.664,0.589,-0.466,0.595,0.065,0.717,0.61,0.018,0.215,0.655,0.569,0.694,0.629,0.585,0.172,0.527,0.485,0.828,0.88,0.12,0.401,-0.492,0.65,0.544,-0.036,0.725,0.36,0.755,0.634,0.755,0.57,0.596,0.569,0.57
BLNK,0.378,0.593,0.475,0.502,0.345,0.265,0.045,0.595,0.485,0.601,0.583,0.509,-0.046,0.48,0.35,0.116,0.632,0.61,0.469,0.589,0.388,0.612,-0.027,0.435,0.543,0.386,0.445,0.321,0.478,1.0,0.585,0.398,0.316,0.556,0.088,0.216,0.476,0.183,0.51,0.401,0.255,0.396,0.204,0.453,0.397,0.36,0.489,0.53,0.708,0.398,0.482,0.223,0.444,0.543,0.128,0.347,0.13,0.479,0.337,0.314,0.349,0.743,0.085,0.421,0.293,0.321,0.547,0.291,0.398,0.46,0.516,0.283,0.341,0.3,0.048,0.546,0.009,-0.087,0.676,0.655,0.755,0.546,0.177,0.266,0.699,0.582,0.445,0.496,0.491,-0.265,0.262,0.388,0.211,0.393,0.314,0.097,0.279,0.537,0.317,0.453,0.392,0.596,0.395,0.37,0.37,0.668,0.545,0.604,-0.085,0.593,0.44,0.628,0.606,0.457,0.53,0.531,0.54,0.3,0.44,0.546,0.376,0.338,0.284,-0.127,0.294,0.536,0.54,0.644,0.304,0.346,0.436,0.356,0.074,0.257,0.254,0.296,0.256,-0.062,0.369,0.398,0.501,0.387,0.435,0.106,0.461,0.373,0.561,0.191,0.775,0.72,0.45,0.41,0.662,0.391,0.337,0.392,0.136,0.524,0.482,0.469,0.329,0.237,0.495,0.295,0.683,0.23,0.483,0.586,0.18,0.355,0.213,0.31,0.582,0.61,0.653,0.587,0.311,0.52,0.239,0.482,0.6,-0.025,-0.141,0.196,0.408,0.385,0.3,0.141,0.496,0.345,0.471,0.762,-0.003,0.207,0.373,0.464,0.43,0.244,0.215,0.564
BYND,0.433,0.525,0.04,0.099,-0.043,-0.012,-0.044,0.482,0.238,0.082,0.24,0.1,-0.087,0.139,-0.098,0.388,0.417,0.278,0.539,0.115,0.004,0.433,-0.054,-0.015,0.507,-0.084,-0.104,-0.085,0.164,0.585,1.0,0.056,-0.015,0.276,0.354,-0.218,0.124,0.141,0.137,0.361,0.321,0.031,0.332,0.078,0.399,0.063,0.419,0.339,0.56,-0.007,0.212,0.048,0.297,0.144,-0.157,0.309,-0.153,0.288,-0.023,0.062,0.004,0.669,-0.019,0.308,0.269,-0.024,0.161,0.068,0.163,0.037,0.268,0.03,0.01,-0.192,-0.089,0.476,0.158,-0.039,0.348,0.34,0.602,0.123,0.029,0.392,0.406,0.21,0.58,0.084,0.445,-0.061,-0.229,-0.087,0.074,-0.123,0.214,0.249,0.083,0.18,0.441,0.214,0.659,0.498,0.142,0.11,0.417,0.483,0.222,0.06,-0.291,0.11,-0.016,0.211,0.246,0.266,0.294,0.121,0.478,-0.046,0.037,0.233,0.332,-0.061,-0.065,0.092,0.23,0.248,0.454,0.554,0.227,0.078,0.123,-0.089,0.2,-0.031,0.437,-0.034,0.003,-0.124,-0.063,-0.129,0.176,0.422,0.093,-0.149,0.623,0.087,0.201,-0.192,0.582,0.529,0.733,0.63,0.35,0.435,-0.07,0.172,-0.204,0.112,0.337,0.125,0.124,0.008,0.079,0.311,0.485,-0.134,0.206,0.066,0.291,-0.176,0.398,-0.076,0.357,0.331,0.664,0.231,0.244,0.374,0.034,0.084,0.25,-0.057,-0.217,-0.004,0.121,0.293,0.42,0.352,0.264,0.151,0.351,0.377,-0.078,0.077,0.088,0.09,0.184,0.06,0.011,0.241
CAN,0.361,0.469,0.768,0.729,0.766,0.58,0.551,0.355,0.186,0.666,0.74,0.819,0.351,0.652,0.678,-0.41,0.555,0.323,0.103,0.393,0.523,0.207,0.367,0.799,0.396,0.758,0.668,0.697,0.82,0.398,0.056,1.0,0.779,0.735,-0.529,0.609,0.78,0.551,0.669,0.043,-0.489,0.757,-0.376,0.649,-0.157,0.729,-0.004,0.466,0.358,0.603,0.395,0.441,0.355,0.851,0.664,-0.315,0.717,0.547,0.782,0.718,0.318,0.242,0.611,-0.021,0.446,0.747,0.726,0.795,0.645,0.608,0.622,0.709,0.732,0.628,0.355,-0.02,0.19,0.275,0.38,0.383,0.394,0.776,0.713,-0.299,0.487,0.595,-0.17,0.354,0.291,-0.68,0.709,0.198,0.749,0.745,-0.219,-0.672,0.651,0.722,-0.266,0.598,-0.265,0.157,0.745,-0.147,-0.246,0.187,0.801,0.69,0.552,0.624,0.723,0.74,0.681,0.672,0.78,0.773,0.437,0.63,0.712,0.772,-0.206,0.79,0.763,-0.633,0.223,0.703,0.05,0.186,0.388,0.75,0.302,0.654,0.124,0.731,-0.027,0.78,0.585,0.41,0.528,0.715,0.782,-0.231,0.862,0.654,-0.165,0.843,0.67,0.556,0.431,0.359,-0.207,-0.262,0.367,-0.117,0.758,0.763,0.632,0.757,0.662,0.061,0.659,0.765,0.341,-0.14,0.569,0.633,0.55,0.629,-0.587,0.631,-0.209,0.727,0.466,0.193,0.267,0.559,0.431,0.602,0.675,0.447,0.095,0.518,0.488,0.711,0.74,0.258,0.164,-0.523,0.642,0.636,0.127,0.679,0.228,0.705,0.635,0.761,0.526,0.756,0.672,0.634
