,AAL,AAPL,ABUS,ADBE,ADI,ADMA,AEP,AGNC,AKBA,ALT,AMAT,AMD,AMGN,AMZN,APA,APPS,ARCC,ARDX,ATER,ATOS,AUPH,AVGO,AZN,BCRX,BGC,BIDU,BILI,BKR,BLDP,BLNK,BYND,CAN,CELH,CG,CGC,CHRD,CLNE,CMCSA,COMM,COST,CPB,CPRT,CRON,CRWD,CSCO,CSGP,CSX,CTSH,CZR,DBX,DDOG,DKNG,DLTR,DOCU,DVAX,DXCM,EA,EBAY,ENPH,ERIC,ESPR,ETSY,EXC,EXEL,EXPE,FANG,FAST,FITB,FLEX,FOLD,FOXA,FSLR,FTNT,FUTU,GEN,GERN,GEVO,GILD,GOOG,GOOGL,GPRO,GT,HBAN,HIVE,HON,HST,HUT,IBRX,INTC,IOVA,IQ,IRWD,JBLU,JD,KDP,KHC,LBTYK,LRCX,LYFT,MAR,MARA,MAT,MCHP,MCRB,MDLZ,META,MGNI,MLCO,MNKD,MNST,MOMO,MRNA,MRVL,MSFT,MSTR,MTCH,MU,MVIS,NDAQ,NFLX,NKTR,NNDM,NTES,NTNX,NVAX,NVDA,NWL,NWSA,NXPI,OCGN,OKTA,ON,OPK,PAA,PACB,PAGP,PANW,PARA,PCAR,PDD,PENN,PEP,PLUG,PTEN,PTON,PYPL,QCOM,QUBT,QVCGA,RDFN,REAL,RIOT,ROKU,ROST,RUN,SABR,SAVA,SBUX,SFIX,SGMO,SIRI,SLM,SMCI,SNDL,SONO,STNE,STX,TCOM,TGTX,TIGR,TLRY,TMUS,TRIP,TSCO,TSLA,TTD,TXN,UAL,UNIT,VERU,VKTX,VLY,VOD,VTRS,VXRT,WBA,WBD,WDAY,WDC,WEN,WW,WYNN,XEL,XP,XRAY,XRX,Z,ZION,ZM,ZS
AAL,1.0,0.301,0.198,0.017,0.29,0.152,0.376,0.107,0.388,-0.282,0.272,0.213,-0.143,0.375,0.269,0.36,0.419,0.408,0.399,0.197,0.376,0.512,0.154,0.008,0.478,-0.165,-0.281,0.14,0.242,0.612,-0.037,0.081,0.377,0.166,0.028,0.273,0.261,-0.007,0.099,0.243,-0.051,0.057,0.422,0.354,0.187,0.323,0.18,0.386,0.901,0.634,0.205,0.695,0.23,0.484,0.154,0.64,0.093,0.152,0.6,-0.002,-0.048,0.609,0.279,0.052,0.665,0.193,0.117,0.764,0.613,0.11,0.364,0.228,0.64,-0.318,0.061,0.098,0.007,0.489,0.128,0.148,0.091,0.12,0.772,-0.103,0.1,0.628,0.43,0.401,0.088,0.442,-0.051,0.356,0.776,-0.224,0.234,-0.134,-0.026,0.252,0.6,0.767,0.354,0.372,0.531,0.557,0.203,0.055,0.37,0.239,0.265,0.388,-0.023,0.333,0.432,0.182,0.399,0.531,0.131,-0.01,0.617,0.504,0.068,0.103,-0.04,0.192,0.219,0.169,0.218,0.401,0.376,-0.046,0.114,0.501,0.117,0.4,0.604,0.496,0.19,0.283,0.25,-0.269,0.433,0.191,0.414,0.162,0.141,0.648,0.235,0.116,-0.009,0.313,0.403,0.418,0.621,0.576,0.564,-0.226,0.475,0.632,0.421,0.441,0.296,0.591,0.124,-0.013,0.515,0.306,0.254,0.267,0.393,0.139,-0.09,0.127,0.695,0.68,0.735,0.576,0.473,0.863,0.128,0.107,0.263,0.57,-0.004,0.348,0.059,0.22,0.094,0.061,0.204,0.611,0.497,0.677,0.386,0.311,0.344,0.24,0.484,0.744,0.151,0.582
AAPL,0.301,1.0,0.506,0.674,0.865,0.035,0.43,0.775,0.017,0.279,0.831,0.803,0.562,0.861,0.175,0.926,0.799,-0.476,0.502,0.526,0.582,0.829,0.75,0.832,0.341,0.517,0.58,0.848,0.512,0.309,0.804,0.665,0.563,0.812,0.48,0.644,0.89,0.851,-0.46,0.841,0.781,0.865,0.159,0.673,0.848,-0.013,0.835,0.861,0.288,0.675,0.763,0.022,0.48,0.37,0.535,-0.145,0.528,0.769,-0.32,0.568,0.512,-0.015,0.652,0.867,0.426,0.443,0.866,0.511,0.272,0.763,0.643,-0.539,0.177,-0.077,0.683,-0.492,0.849,-0.203,0.884,0.868,0.759,0.809,0.159,0.466,0.877,0.647,0.518,-0.306,0.903,0.56,0.512,0.822,0.517,0.307,0.902,0.799,0.796,0.835,-0.08,0.411,0.392,0.754,0.697,-0.225,0.892,0.665,0.842,-0.087,0.531,0.485,0.034,0.558,0.722,0.909,0.828,0.433,0.832,0.693,0.25,0.019,0.869,0.706,0.641,-0.581,0.746,0.765,0.891,0.767,0.829,0.722,0.685,0.632,0.823,0.452,0.34,0.343,0.641,0.859,0.859,-0.555,0.847,0.909,0.091,0.785,0.499,0.229,0.929,0.681,0.752,0.813,0.489,0.25,0.205,0.068,-0.255,0.553,-0.31,-0.284,0.818,0.515,0.807,-0.009,0.638,0.403,0.255,0.452,0.815,0.644,0.499,0.192,0.528,0.661,0.461,0.605,0.167,0.47,0.875,0.018,0.794,0.577,0.748,0.725,0.727,0.796,0.807,0.757,0.555,0.325,0.857,0.165,0.706,0.121,0.415,0.647,0.671,0.881,0.039,0.016,0.576,0.097
ABUS,0.198,0.506,1.0,0.46,0.448,0.325,0.333,0.516,0.075,0.261,0.506,0.475,0.194,0.589,0.424,0.568,0.582,-0.186,0.55,0.449,0.374,0.552,0.434,0.399,0.376,0.36,0.303,0.644,0.526,0.511,0.569,0.493,0.371,0.613,0.479,0.59,0.52,0.481,-0.238,0.467,0.393,0.452,0.288,0.476,0.561,0.025,0.575,0.483,0.267,0.417,0.546,0.19,0.146,0.395,0.694,0.096,0.558,0.562,-0.089,0.406,0.292,0.258,0.468,0.504,0.529,0.59,0.409,0.443,0.229,0.373,0.364,-0.263,0.147,0.141,0.446,0.006,0.532,-0.089,0.528,0.501,0.657,0.6,0.196,0.307,0.539,0.62,0.473,0.072,0.485,0.583,0.452,0.631,0.327,0.244,0.53,0.451,0.511,0.523,0.078,0.485,0.376,0.614,0.373,0.063,0.477,0.428,0.544,-0.08,0.678,0.286,0.143,0.641,0.529,0.547,0.553,0.575,0.551,0.511,0.304,-0.154,0.499,0.499,0.499,-0.285,0.609,0.415,0.574,0.61,0.413,0.601,0.408,0.384,0.557,0.589,0.387,0.494,0.53,0.479,0.427,-0.181,0.445,0.456,0.425,0.664,0.363,0.459,0.552,0.533,0.533,0.621,0.46,0.412,0.177,0.119,0.015,0.347,-0.228,0.058,0.429,0.582,0.42,0.062,0.59,0.525,0.326,0.35,0.483,0.361,0.578,0.201,0.441,0.387,0.537,0.317,0.182,0.407,0.471,0.017,0.516,0.539,0.517,0.438,0.388,0.55,0.606,0.395,0.329,0.327,0.545,0.127,0.63,-0.011,0.32,0.412,0.618,0.517,0.384,0.206,0.381,0.17
ADBE,0.017,0.674,0.46,1.0,0.581,0.312,0.655,0.786,0.251,0.571,0.666,0.658,0.618,0.767,-0.18,0.692,0.544,-0.443,0.523,0.557,0.158,0.657,0.578,0.676,0.351,0.526,0.535,0.708,0.547,0.139,0.804,0.523,0.285,0.745,0.457,0.31,0.623,0.657,-0.198,0.77,0.565,0.719,0.012,0.482,0.784,0.272,0.908,0.709,0.124,0.542,0.646,-0.236,0.323,0.356,0.544,-0.158,0.602,0.827,-0.378,0.819,0.408,-0.145,0.73,0.787,0.383,0.455,0.776,0.175,0.269,0.681,0.286,-0.437,0.165,0.113,0.806,-0.354,0.711,-0.288,0.816,0.827,0.654,0.727,-0.003,0.569,0.819,0.334,0.414,-0.394,0.692,0.377,0.338,0.573,0.279,0.382,0.775,0.741,0.712,0.726,-0.142,0.227,0.508,0.784,0.361,-0.286,0.648,0.773,0.563,-0.377,0.621,0.599,0.19,0.563,0.527,0.848,0.729,0.572,0.763,0.504,0.302,-0.299,0.669,0.567,0.597,-0.427,0.489,0.54,0.692,0.595,0.574,0.635,0.464,0.307,0.715,0.221,0.257,0.092,0.665,0.521,0.679,-0.292,0.632,0.762,0.084,0.635,0.25,0.26,0.668,0.553,0.722,0.609,0.377,0.324,0.02,0.092,-0.223,0.451,-0.399,-0.449,0.639,0.517,0.77,-0.058,0.597,0.283,0.204,0.099,0.682,0.266,0.268,0.189,0.424,0.669,0.182,0.514,-0.177,0.401,0.593,-0.077,0.821,0.457,0.48,0.242,0.685,0.695,0.684,0.83,0.229,0.573,0.782,0.026,0.505,-0.227,0.621,0.422,0.539,0.541,0.262,-0.132,0.616,-0.075
ADI,0.29,0.865,0.448,0.581,1.0,-0.056,0.361,0.69,0.069,0.089,0.92,0.806,0.548,0.813,0.204,0.852,0.814,-0.406,0.493,0.568,0.484,0.843,0.741,0.708,0.439,0.503,0.489,0.719,0.571,0.358,0.627,0.684,0.699,0.724,0.588,0.534,0.88,0.701,-0.486,0.784,0.712,0.729,0.328,0.727,0.796,-0.055,0.727,0.816,0.285,0.684,0.735,0.077,0.64,0.388,0.491,0.028,0.515,0.601,-0.293,0.476,0.514,-0.04,0.593,0.82,0.351,0.427,0.754,0.509,0.275,0.718,0.582,-0.503,0.229,-0.06,0.555,-0.521,0.75,-0.236,0.817,0.828,0.679,0.752,0.13,0.563,0.74,0.618,0.611,-0.323,0.838,0.625,0.55,0.807,0.509,0.334,0.833,0.636,0.674,0.861,-0.078,0.426,0.471,0.718,0.761,-0.21,0.831,0.549,0.86,-0.079,0.479,0.438,-0.084,0.485,0.879,0.824,0.76,0.368,0.683,0.636,0.31,-0.01,0.781,0.63,0.554,-0.494,0.667,0.847,0.807,0.735,0.849,0.684,0.708,0.749,0.831,0.462,0.428,0.371,0.592,0.797,0.792,-0.548,0.814,0.84,0.235,0.718,0.629,0.207,0.918,0.748,0.665,0.729,0.495,0.239,0.273,0.138,-0.225,0.458,-0.264,-0.258,0.751,0.448,0.732,0.012,0.72,0.532,0.442,0.441,0.813,0.688,0.443,0.29,0.558,0.588,0.51,0.538,0.193,0.556,0.882,0.002,0.679,0.49,0.727,0.732,0.62,0.752,0.763,0.749,0.47,0.389,0.772,0.217,0.65,0.102,0.356,0.719,0.71,0.844,0.008,0.036,0.591,0.104
ADMA,0.152,0.035,0.325,0.312,-0.056,1.0,0.627,0.209,0.583,0.324,0.035,-0.061,0.193,0.39,0.02,0.087,0.134,0.299,0.393,0.136,-0.293,0.194,-0.125,0.047,0.61,0.172,-0.089,0.226,0.292,0.182,0.113,-0.018,-0.074,0.318,0.208,0.117,0.042,-0.049,0.525,0.238,-0.106,0.022,0.248,0.031,0.182,0.731,0.31,0.217,0.325,0.289,0.127,0.028,-0.215,0.261,0.414,0.447,0.386,0.339,0.264,0.336,-0.089,0.455,0.549,0.121,0.454,0.433,0.155,0.247,0.413,0.083,0.088,0.414,0.493,0.377,0.326,0.475,0.095,0.328,0.24,0.158,0.001,0.215,0.391,0.144,0.196,0.034,0.247,0.3,0.032,0.258,-0.026,0.121,0.247,0.205,0.244,0.16,0.141,0.134,0.339,0.465,0.364,0.421,-0.076,0.483,0.007,0.346,-0.033,-0.133,0.61,0.632,0.705,0.33,0.025,0.158,0.197,0.548,0.19,0.024,0.578,-0.043,-0.012,-0.083,0.233,0.29,-0.063,-0.196,0.069,0.275,-0.063,0.246,-0.235,0.07,0.091,0.104,0.371,0.113,0.219,-0.023,0.06,0.399,0.229,0.182,0.309,0.225,-0.188,0.496,0.031,0.062,0.053,0.097,0.205,0.534,-0.042,0.62,0.488,-0.095,0.185,0.152,0.09,0.508,0.333,0.494,0.138,-0.065,0.184,0.069,-0.068,-0.126,0.455,0.289,-0.11,0.366,0.269,0.337,0.083,0.308,0.157,0.367,0.37,-0.087,-0.093,-0.006,-0.234,0.204,0.051,0.221,0.046,0.499,0.145,0.199,0.174,-0.083,0.665,0.037,0.241,-0.049,0.73,0.4,0.122,0.217
AEP,0.376,0.43,0.333,0.655,0.361,0.627,1.0,0.536,0.647,0.339,0.444,0.364,0.442,0.722,-0.181,0.48,0.418,0.098,0.549,0.359,-0.1,0.617,0.282,0.333,0.619,0.257,0.147,0.487,0.34,0.189,0.39,0.283,0.088,0.556,0.233,0.163,0.375,0.304,0.321,0.666,0.226,0.389,0.167,0.338,0.563,0.726,0.659,0.609,0.512,0.685,0.36,-0.002,0.178,0.418,0.487,0.41,0.518,0.643,0.178,0.602,0.058,0.319,0.817,0.48,0.526,0.471,0.563,0.384,0.558,0.343,0.161,0.183,0.588,0.089,0.608,0.114,0.321,0.248,0.604,0.577,0.247,0.465,0.382,0.276,0.545,0.299,0.413,0.012,0.391,0.372,0.062,0.408,0.51,0.1,0.604,0.432,0.419,0.551,0.281,0.576,0.547,0.723,0.279,0.269,0.419,0.589,0.367,-0.332,0.732,0.828,0.418,0.532,0.423,0.563,0.559,0.707,0.534,0.177,0.75,-0.074,0.309,0.227,0.316,0.127,0.244,0.225,0.447,0.499,0.376,0.312,0.087,0.343,0.431,0.102,0.398,0.12,0.375,0.263,0.45,-0.024,0.526,0.578,0.217,0.431,-0.021,0.53,0.417,0.288,0.372,0.424,0.371,0.561,0.045,0.627,0.34,0.09,0.022,0.025,0.478,0.597,0.693,0.413,0.377,-0.033,0.315,-0.006,0.395,0.038,0.348,0.239,0.033,0.625,0.38,0.71,0.111,0.513,0.539,0.48,0.658,0.173,0.222,0.238,0.176,0.609,0.391,0.658,-0.006,0.584,0.532,0.308,0.442,-0.113,0.944,0.224,0.399,0.287,0.657,0.322,0.388,0.205
AGNC,0.107,0.775,0.516,0.786,0.69,0.209,0.536,1.0,0.139,0.535,0.801,0.798,0.667,0.791,-0.093,0.775,0.746,-0.573,0.426,0.538,0.286,0.699,0.791,0.76,0.37,0.686,0.62,0.772,0.579,0.1,0.842,0.661,0.402,0.882,0.58,0.406,0.763,0.769,-0.277,0.863,0.779,0.864,0.115,0.581,0.794,0.104,0.863,0.768,0.142,0.594,0.777,-0.289,0.284,0.269,0.487,-0.206,0.61,0.826,-0.347,0.72,0.491,-0.137,0.659,0.823,0.255,0.411,0.863,0.223,0.221,0.706,0.387,-0.476,0.065,0.148,0.802,-0.52,0.843,-0.409,0.862,0.865,0.75,0.84,-0.078,0.477,0.863,0.487,0.423,-0.513,0.86,0.388,0.626,0.661,0.382,0.449,0.818,0.851,0.823,0.85,-0.263,0.23,0.383,0.712,0.457,-0.383,0.811,0.742,0.765,-0.244,0.534,0.515,0.165,0.573,0.606,0.865,0.763,0.468,0.826,0.748,0.198,-0.258,0.817,0.727,0.64,-0.511,0.713,0.718,0.815,0.667,0.731,0.722,0.692,0.527,0.78,0.329,0.152,0.112,0.654,0.73,0.693,-0.327,0.739,0.846,0.132,0.705,0.248,0.115,0.824,0.696,0.784,0.783,0.417,0.248,-0.028,-0.032,-0.33,0.613,-0.455,-0.434,0.728,0.488,0.831,-0.089,0.697,0.429,0.156,0.281,0.778,0.436,0.35,0.298,0.586,0.75,0.231,0.481,-0.177,0.416,0.714,-0.055,0.853,0.486,0.527,0.417,0.718,0.747,0.798,0.792,0.391,0.515,0.892,-0.058,0.593,-0.187,0.5,0.497,0.543,0.723,0.219,-0.163,0.593,-0.149
AKBA,0.388,0.017,0.075,0.251,0.069,0.583,0.647,0.139,1.0,0.15,0.097,0.075,0.195,0.335,-0.255,0.051,0.15,0.41,0.461,0.299,-0.184,0.259,-0.044,-0.028,0.543,0.029,0.014,0.053,0.279,0.11,-0.002,0.025,0.092,0.203,0.198,-0.145,0.014,-0.088,0.352,0.258,-0.209,-0.021,0.321,0.06,0.182,0.652,0.235,0.281,0.542,0.418,-0.002,0.063,0.086,0.406,0.247,0.617,0.294,0.252,0.418,0.257,-0.124,0.304,0.583,0.028,0.367,0.204,0.138,0.236,0.696,0.076,-0.053,0.383,0.545,0.099,0.295,0.232,-0.09,0.392,0.186,0.171,-0.038,0.064,0.391,0.2,0.15,0.125,0.421,0.077,-0.003,0.212,-0.045,0.077,0.344,0.092,0.189,0.01,-0.04,0.221,0.544,0.446,0.583,0.362,0.103,0.378,0.01,0.256,0.01,-0.237,0.43,0.601,0.312,0.326,0.252,0.122,0.206,0.563,0.189,-0.038,0.672,-0.015,-0.135,0.011,0.066,0.273,-0.118,-0.06,0.032,0.175,0.114,0.09,-0.236,0.304,0.031,-0.054,0.398,0.033,0.158,-0.065,0.198,0.117,0.227,0.16,0.358,0.088,-0.054,0.443,-0.004,0.194,-0.012,0.09,0.274,0.611,0.062,0.721,0.624,-0.159,0.333,0.209,0.155,0.459,0.306,0.443,0.129,-0.116,0.448,-0.058,-0.013,-0.148,0.259,0.314,-0.076,0.279,0.236,0.55,0.119,0.458,0.235,0.576,0.27,0.067,-0.003,0.009,-0.134,0.257,-0.001,0.337,-0.191,0.453,0.148,0.45,0.166,-0.034,0.625,0.033,0.267,-0.099,0.732,0.397,0.242,0.268
ALT,-0.282,0.279,0.261,0.571,0.089,0.324,0.339,0.535,0.15,1.0,0.243,0.315,0.624,0.362,-0.378,0.208,0.167,-0.441,0.217,0.223,-0.238,0.145,0.28,0.371,0.114,0.515,0.489,0.345,0.233,-0.319,0.584,0.317,-0.093,0.507,0.242,0.003,0.168,0.43,0.054,0.517,0.354,0.501,-0.207,0.089,0.539,0.206,0.53,0.325,-0.137,0.1,0.29,-0.53,-0.053,-0.027,0.27,-0.364,0.374,0.637,-0.44,0.718,0.336,-0.22,0.473,0.419,-0.058,0.107,0.551,-0.187,-0.073,0.459,0.017,-0.25,-0.156,0.363,0.643,-0.105,0.397,-0.239,0.5,0.503,0.55,0.408,-0.341,0.289,0.612,-0.032,0.076,-0.475,0.418,-0.047,0.228,0.061,-0.111,0.435,0.378,0.595,0.492,0.363,-0.343,-0.151,0.109,0.293,0.075,-0.429,0.301,0.743,0.125,-0.397,0.352,0.423,0.354,0.3,0.033,0.448,0.257,0.172,0.587,0.404,-0.004,-0.403,0.328,0.291,0.574,-0.221,0.175,0.206,0.307,0.2,0.292,0.442,0.16,-0.016,0.347,-0.147,-0.11,-0.243,0.358,0.231,0.279,0.085,0.241,0.447,-0.148,0.273,-0.097,-0.054,0.289,0.23,0.572,0.147,0.001,0.052,-0.373,-0.071,-0.365,0.42,-0.454,-0.424,0.285,0.298,0.48,-0.165,0.245,0.09,-0.19,-0.182,0.304,-0.128,0.13,0.164,0.205,0.549,-0.285,0.185,-0.486,0.091,0.135,-0.308,0.559,0.178,0.094,-0.196,0.354,0.323,0.404,0.419,0.138,0.424,0.528,-0.264,0.027,-0.463,0.368,0.053,0.11,0.134,0.16,-0.377,0.383,-0.389
AMAT,0.272,0.831,0.506,0.666,0.92,0.035,0.444,0.801,0.097,0.243,1.0,0.864,0.568,0.843,0.154,0.859,0.85,-0.436,0.453,0.613,0.439,0.859,0.858,0.698,0.485,0.679,0.534,0.769,0.646,0.319,0.676,0.77,0.647,0.793,0.676,0.548,0.882,0.738,-0.398,0.858,0.755,0.766,0.355,0.801,0.837,-0.001,0.794,0.854,0.286,0.703,0.797,-0.051,0.569,0.392,0.544,0.013,0.568,0.691,-0.34,0.632,0.499,-0.053,0.634,0.833,0.324,0.459,0.793,0.476,0.279,0.734,0.555,-0.439,0.208,0.084,0.643,-0.515,0.805,-0.34,0.848,0.862,0.736,0.869,0.086,0.594,0.796,0.636,0.599,-0.41,0.865,0.604,0.638,0.782,0.538,0.42,0.852,0.693,0.772,0.927,-0.108,0.414,0.46,0.738,0.738,-0.27,0.833,0.648,0.856,-0.078,0.533,0.525,0.012,0.549,0.853,0.862,0.773,0.468,0.77,0.707,0.326,-0.106,0.818,0.694,0.651,-0.472,0.712,0.873,0.85,0.786,0.855,0.709,0.751,0.771,0.873,0.462,0.381,0.365,0.677,0.817,0.774,-0.462,0.822,0.844,0.328,0.741,0.546,0.196,0.917,0.757,0.733,0.783,0.517,0.278,0.238,0.1,-0.245,0.514,-0.365,-0.321,0.778,0.5,0.808,0.036,0.793,0.574,0.424,0.413,0.89,0.673,0.434,0.343,0.631,0.637,0.473,0.512,0.095,0.645,0.863,0.005,0.785,0.542,0.678,0.69,0.683,0.806,0.796,0.769,0.496,0.466,0.845,0.13,0.688,0.017,0.425,0.727,0.711,0.831,0.147,-0.022,0.649,0.048
AMD,0.213,0.803,0.475,0.658,0.806,-0.061,0.364,0.798,0.075,0.315,0.864,1.0,0.577,0.75,0.052,0.816,0.816,-0.46,0.389,0.576,0.545,0.796,0.877,0.754,0.344,0.575,0.69,0.709,0.564,0.222,0.708,0.753,0.593,0.737,0.584,0.427,0.814,0.797,-0.448,0.808,0.841,0.868,0.234,0.693,0.756,-0.151,0.747,0.75,0.194,0.553,0.858,-0.1,0.402,0.368,0.38,-0.125,0.505,0.681,-0.365,0.577,0.481,-0.176,0.549,0.745,0.201,0.263,0.767,0.357,0.316,0.637,0.504,-0.534,0.025,-0.004,0.719,-0.632,0.809,-0.391,0.792,0.827,0.754,0.814,-0.001,0.466,0.821,0.633,0.571,-0.503,0.855,0.446,0.598,0.691,0.483,0.368,0.774,0.725,0.722,0.916,-0.107,0.234,0.404,0.62,0.591,-0.426,0.811,0.654,0.855,-0.14,0.396,0.427,-0.083,0.526,0.764,0.825,0.738,0.387,0.792,0.747,0.111,-0.14,0.785,0.807,0.618,-0.535,0.775,0.908,0.829,0.695,0.835,0.689,0.862,0.721,0.727,0.335,0.282,0.214,0.626,0.791,0.778,-0.529,0.734,0.812,0.199,0.646,0.444,0.05,0.878,0.724,0.725,0.779,0.434,0.265,0.217,-0.09,-0.295,0.673,-0.513,-0.365,0.7,0.432,0.736,-0.105,0.658,0.524,0.308,0.326,0.824,0.505,0.337,0.277,0.671,0.644,0.297,0.435,-0.044,0.544,0.765,-0.043,0.721,0.551,0.652,0.573,0.82,0.734,0.82,0.784,0.434,0.357,0.87,0.04,0.622,-0.028,0.289,0.607,0.585,0.792,0.147,-0.092,0.595,-0.01
AMGN,-0.143,0.562,0.194,0.618,0.548,0.193,0.442,0.667,0.195,0.624,0.568,0.577,1.0,0.593,-0.354,0.466,0.43,-0.518,0.346,0.423,-0.093,0.424,0.513,0.619,0.21,0.594,0.617,0.47,0.305,-0.253,0.626,0.463,0.174,0.651,0.318,0.03,0.496,0.616,-0.076,0.734,0.582,0.706,-0.118,0.299,0.688,0.153,0.635,0.557,-0.103,0.333,0.438,-0.449,0.226,0.046,0.337,-0.299,0.38,0.692,-0.42,0.67,0.545,-0.271,0.632,0.687,-0.067,0.084,0.799,-0.026,0.053,0.696,0.213,-0.335,-0.033,0.183,0.742,-0.368,0.58,-0.222,0.739,0.741,0.532,0.544,-0.263,0.452,0.731,0.042,0.296,-0.578,0.703,0.166,0.319,0.338,0.048,0.428,0.619,0.729,0.636,0.649,-0.348,-0.029,0.274,0.436,0.369,-0.448,0.593,0.764,0.456,-0.467,0.421,0.538,0.155,0.363,0.335,0.646,0.51,0.107,0.668,0.449,0.15,-0.293,0.613,0.422,0.565,-0.349,0.356,0.458,0.546,0.357,0.575,0.589,0.361,0.314,0.552,-0.125,0.001,-0.179,0.423,0.45,0.535,-0.213,0.513,0.751,-0.139,0.412,0.076,-0.06,0.6,0.458,0.579,0.334,0.057,0.081,-0.229,0.006,-0.342,0.526,-0.56,-0.506,0.442,0.366,0.689,-0.139,0.421,0.107,0.011,-0.1,0.55,0.119,0.196,0.191,0.293,0.751,-0.089,0.379,-0.4,0.239,0.523,-0.229,0.668,0.206,0.34,0.136,0.493,0.522,0.576,0.684,0.135,0.462,0.708,-0.16,0.147,-0.444,0.445,0.231,0.292,0.422,0.082,-0.329,0.552,-0.351
AMZN,0.375,0.861,0.589,0.767,0.813,0.39,0.722,0.791,0.335,0.362,0.843,0.75,0.593,1.0,0.123,0.888,0.819,-0.256,0.691,0.608,0.332,0.912,0.661,0.709,0.672,0.537,0.458,0.841,0.639,0.397,0.732,0.653,0.533,0.887,0.581,0.569,0.83,0.703,-0.15,0.908,0.637,0.769,0.34,0.69,0.874,0.346,0.896,0.908,0.477,0.824,0.767,0.049,0.436,0.557,0.705,0.178,0.673,0.837,-0.167,0.693,0.409,0.228,0.857,0.836,0.597,0.617,0.835,0.596,0.478,0.696,0.601,-0.304,0.462,0.095,0.77,-0.268,0.766,-0.047,0.92,0.883,0.699,0.84,0.3,0.57,0.862,0.656,0.684,-0.186,0.816,0.655,0.441,0.797,0.658,0.366,0.924,0.748,0.767,0.885,0.107,0.62,0.627,0.906,0.659,-0.011,0.803,0.769,0.803,-0.194,0.765,0.774,0.266,0.672,0.776,0.898,0.857,0.701,0.833,0.61,0.555,-0.032,0.745,0.605,0.644,-0.331,0.641,0.676,0.838,0.846,0.776,0.733,0.558,0.681,0.813,0.429,0.554,0.366,0.711,0.755,0.805,-0.327,0.886,0.89,0.309,0.805,0.418,0.471,0.864,0.688,0.738,0.793,0.636,0.53,0.226,0.399,-0.011,0.45,-0.214,-0.189,0.807,0.704,0.898,0.257,0.705,0.398,0.471,0.402,0.744,0.491,0.606,0.347,0.465,0.777,0.577,0.713,0.183,0.677,0.878,0.216,0.904,0.507,0.627,0.643,0.555,0.866,0.774,0.849,0.462,0.583,0.846,0.322,0.763,0.009,0.712,0.636,0.764,0.772,0.413,0.209,0.69,0.232
APA,0.269,0.175,0.424,-0.18,0.204,0.02,-0.181,-0.093,-0.255,-0.378,0.154,0.052,-0.354,0.123,1.0,0.202,0.327,0.095,0.184,0.027,0.531,0.22,0.103,0.029,0.237,0.037,-0.155,0.318,0.267,0.598,-0.104,0.173,0.384,0.052,0.292,0.726,0.249,0.057,-0.228,-0.122,0.078,-0.076,0.473,0.343,-0.034,-0.202,0.008,0.09,0.238,0.119,0.197,0.547,-0.054,0.207,0.22,0.196,0.084,-0.1,0.097,-0.201,-0.023,0.36,-0.086,-0.006,0.412,0.524,-0.183,0.466,0.121,-0.081,0.422,-0.014,0.193,0.003,-0.26,0.116,0.151,0.129,-0.055,-0.097,0.082,0.195,0.378,0.008,-0.085,0.38,0.249,0.467,0.038,0.375,0.213,0.314,0.251,-0.004,0.073,-0.096,0.044,-0.003,0.246,0.425,0.007,0.132,0.233,0.32,0.054,-0.182,0.227,0.439,0.131,-0.105,-0.01,0.041,0.193,-0.013,0.121,0.172,-0.074,0.126,0.122,0.273,0.126,0.032,0.044,-0.075,0.245,0.056,0.158,0.366,0.031,0.16,0.14,0.214,0.087,0.742,0.383,0.736,0.17,0.28,0.102,-0.004,0.148,-0.056,0.378,0.336,0.404,0.26,0.187,0.119,-0.019,0.206,0.272,0.189,0.435,0.07,0.199,0.01,0.16,0.277,0.058,0.098,-0.115,0.191,0.197,0.425,0.264,0.513,0.146,0.471,0.373,0.088,0.161,-0.169,0.598,-0.064,0.513,0.21,0.168,0.083,-0.036,0.203,0.222,0.502,0.05,0.115,0.009,-0.104,0.412,-0.17,-0.03,0.216,0.402,0.45,-0.148,0.445,0.389,0.296,0.022,0.346,0.022,0.407
APPS,0.36,0.926,0.568,0.692,0.852,0.087,0.48,0.775,0.051,0.208,0.859,0.816,0.466,0.888,0.202,1.0,0.869,-0.394,0.618,0.611,0.583,0.866,0.755,0.755,0.433,0.455,0.461,0.847,0.537,0.447,0.788,0.676,0.608,0.81,0.502,0.655,0.908,0.759,-0.412,0.824,0.724,0.812,0.243,0.739,0.809,0.042,0.843,0.877,0.388,0.761,0.809,0.101,0.507,0.527,0.646,0.001,0.542,0.758,-0.275,0.578,0.446,0.092,0.631,0.849,0.524,0.514,0.814,0.604,0.363,0.698,0.656,-0.516,0.283,-0.115,0.681,-0.441,0.831,-0.185,0.854,0.842,0.739,0.816,0.252,0.529,0.821,0.741,0.617,-0.226,0.846,0.689,0.469,0.867,0.612,0.235,0.889,0.726,0.786,0.86,0.027,0.515,0.526,0.835,0.674,-0.139,0.874,0.62,0.919,-0.125,0.599,0.518,-0.021,0.668,0.784,0.908,0.906,0.567,0.802,0.654,0.332,0.017,0.852,0.701,0.558,-0.494,0.824,0.789,0.898,0.821,0.794,0.696,0.738,0.66,0.843,0.485,0.444,0.41,0.701,0.818,0.793,-0.558,0.862,0.84,0.2,0.802,0.532,0.324,0.901,0.718,0.734,0.897,0.636,0.401,0.29,0.112,-0.195,0.487,-0.31,-0.245,0.843,0.57,0.796,0.08,0.735,0.441,0.406,0.479,0.824,0.587,0.528,0.176,0.513,0.604,0.58,0.627,0.228,0.562,0.848,0.088,0.795,0.636,0.811,0.743,0.696,0.834,0.852,0.763,0.515,0.333,0.843,0.256,0.789,0.138,0.423,0.669,0.743,0.875,0.191,0.115,0.613,0.235
ARCC,0.419,0.799,0.582,0.544,0.814,0.134,0.418,0.746,0.15,0.167,0.85,0.816,0.43,0.819,0.327,0.869,1.0,-0.284,0.634,0.578,0.556,0.806,0.763,0.58,0.505,0.538,0.432,0.76,0.683,0.474,0.619,0.71,0.654,0.777,0.665,0.634,0.835,0.644,-0.381,0.774,0.655,0.716,0.509,0.81,0.723,0.013,0.716,0.799,0.46,0.754,0.837,0.155,0.366,0.622,0.551,0.141,0.556,0.635,-0.159,0.534,0.321,0.117,0.587,0.68,0.506,0.51,0.657,0.612,0.475,0.548,0.615,-0.369,0.34,0.003,0.606,-0.429,0.739,-0.113,0.727,0.728,0.703,0.787,0.269,0.505,0.728,0.76,0.748,-0.218,0.776,0.584,0.563,0.737,0.636,0.301,0.762,0.593,0.683,0.838,0.137,0.503,0.565,0.737,0.614,-0.115,0.757,0.58,0.905,0.004,0.52,0.539,-0.007,0.543,0.788,0.758,0.85,0.585,0.683,0.691,0.362,-0.076,0.728,0.668,0.533,-0.413,0.78,0.754,0.808,0.816,0.756,0.654,0.736,0.746,0.7,0.56,0.496,0.495,0.7,0.779,0.712,-0.431,0.765,0.723,0.422,0.726,0.548,0.34,0.826,0.697,0.635,0.825,0.714,0.508,0.298,0.148,-0.051,0.487,-0.206,-0.151,0.73,0.475,0.705,0.147,0.704,0.561,0.513,0.542,0.786,0.575,0.551,0.321,0.569,0.561,0.638,0.578,0.22,0.713,0.784,0.129,0.714,0.599,0.699,0.698,0.603,0.763,0.704,0.739,0.493,0.355,0.812,0.35,0.783,0.134,0.391,0.7,0.759,0.783,0.258,0.162,0.569,0.358
ARDX,0.408,-0.476,-0.186,-0.443,-0.406,0.299,0.098,-0.573,0.41,-0.441,-0.436,-0.46,-0.518,-0.256,0.095,-0.394,-0.284,1.0,-0.016,-0.281,-0.236,-0.144,-0.543,-0.601,0.2,-0.565,-0.639,-0.452,-0.257,0.197,-0.664,-0.546,-0.269,-0.491,-0.356,-0.212,-0.432,-0.666,0.553,-0.411,-0.677,-0.618,0.219,-0.329,-0.46,0.467,-0.454,-0.344,0.459,0.03,-0.485,0.515,-0.125,0.152,-0.199,0.646,-0.294,-0.501,0.702,-0.438,-0.526,0.487,-0.149,-0.589,0.256,-0.033,-0.576,0.238,0.279,-0.54,-0.26,0.666,0.529,-0.181,-0.437,0.643,-0.657,0.656,-0.523,-0.532,-0.582,-0.534,0.553,-0.362,-0.514,-0.091,0.019,0.684,-0.592,-0.012,-0.526,-0.271,0.147,-0.472,-0.436,-0.663,-0.658,-0.408,0.613,0.337,0.117,-0.179,-0.224,0.747,-0.568,-0.451,-0.373,0.124,-0.012,0.118,0.11,-0.192,-0.203,-0.527,-0.372,0.078,-0.532,-0.602,0.378,0.213,-0.652,-0.502,-0.47,0.641,-0.521,-0.508,-0.531,-0.261,-0.405,-0.528,-0.561,-0.123,-0.546,-0.058,0.325,0.065,-0.42,-0.49,-0.427,0.23,-0.315,-0.472,0.221,-0.354,-0.212,0.331,-0.531,-0.411,-0.585,-0.365,-0.063,0.278,0.155,0.539,0.725,-0.687,0.602,0.73,-0.398,0.07,-0.38,0.483,-0.452,-0.436,0.169,-0.194,-0.541,-0.34,0.004,-0.123,-0.514,-0.416,0.258,0.079,0.447,0.087,-0.291,0.628,-0.422,-0.351,-0.281,-0.12,-0.701,-0.357,-0.565,-0.321,-0.438,-0.206,-0.524,0.422,-0.172,0.273,0.111,-0.287,-0.214,-0.5,0.402,0.638,-0.422,0.477
ATER,0.399,0.502,0.55,0.523,0.493,0.393,0.549,0.426,0.461,0.217,0.453,0.389,0.346,0.691,0.184,0.618,0.634,-0.016,1.0,0.525,0.185,0.56,0.295,0.254,0.527,0.2,0.146,0.546,0.532,0.438,0.481,0.364,0.372,0.577,0.403,0.381,0.451,0.287,-0.068,0.505,0.158,0.349,0.39,0.479,0.553,0.343,0.586,0.574,0.528,0.658,0.446,0.227,0.291,0.678,0.702,0.323,0.505,0.584,-0.034,0.463,0.155,0.343,0.645,0.451,0.715,0.584,0.446,0.519,0.582,0.362,0.403,-0.211,0.532,0.002,0.467,-0.035,0.346,0.309,0.514,0.492,0.499,0.462,0.377,0.51,0.475,0.489,0.718,0.058,0.381,0.55,0.149,0.501,0.467,0.16,0.531,0.329,0.423,0.489,0.367,0.604,0.745,0.75,0.371,0.158,0.408,0.478,0.561,-0.204,0.649,0.615,0.12,0.653,0.543,0.517,0.711,0.676,0.476,0.259,0.573,-0.072,0.358,0.331,0.3,-0.119,0.465,0.309,0.494,0.62,0.379,0.43,0.246,0.371,0.446,0.344,0.541,0.441,0.569,0.337,0.437,-0.225,0.528,0.455,0.384,0.548,0.392,0.569,0.442,0.497,0.427,0.556,0.663,0.691,0.212,0.432,0.196,0.139,0.06,-0.001,0.547,0.545,0.504,0.292,0.57,0.313,0.582,0.294,0.423,0.199,0.502,0.206,0.223,0.41,0.583,0.637,0.201,0.571,0.473,0.269,0.573,0.512,0.498,0.375,0.274,0.601,0.458,0.595,0.157,0.416,0.528,0.504,0.587,0.014,0.511,0.398,0.678,0.379,0.521,0.309,0.551,0.424
ATOS,0.197,0.526,0.449,0.557,0.568,0.136,0.359,0.538,0.299,0.223,0.613,0.576,0.423,0.608,0.027,0.611,0.578,-0.281,0.525,1.0,0.301,0.566,0.58,0.476,0.416,0.325,0.394,0.551,0.549,0.26,0.57,0.507,0.687,0.615,0.486,0.353,0.649,0.47,-0.39,0.585,0.434,0.519,0.242,0.547,0.645,0.071,0.652,0.628,0.224,0.567,0.5,-0.053,0.501,0.503,0.568,0.048,0.439,0.581,-0.26,0.451,0.515,-0.112,0.624,0.616,0.289,0.432,0.566,0.373,0.404,0.584,0.321,-0.487,0.192,-0.141,0.602,-0.395,0.581,-0.274,0.609,0.559,0.589,0.565,0.091,0.575,0.58,0.511,0.577,-0.382,0.56,0.586,0.369,0.622,0.39,0.295,0.655,0.511,0.555,0.618,0.097,0.284,0.598,0.579,0.585,-0.186,0.583,0.435,0.59,-0.242,0.479,0.411,-0.161,0.601,0.597,0.609,0.65,0.493,0.591,0.449,0.366,-0.2,0.533,0.569,0.344,-0.468,0.53,0.554,0.661,0.523,0.52,0.616,0.495,0.492,0.685,0.3,0.347,0.365,0.795,0.516,0.64,-0.514,0.623,0.555,0.244,0.588,0.5,0.224,0.568,0.68,0.629,0.654,0.58,0.415,0.187,0.154,-0.093,0.375,-0.238,-0.303,0.675,0.424,0.611,-0.004,0.571,0.405,0.689,0.368,0.591,0.359,0.288,0.153,0.45,0.426,0.366,0.526,0.102,0.447,0.56,0.034,0.619,0.502,0.569,0.448,0.527,0.667,0.595,0.604,0.242,0.366,0.592,0.216,0.596,-0.076,0.344,0.613,0.753,0.585,0.278,-0.03,0.794,0.102
AUPH,0.376,0.582,0.374,0.158,0.484,-0.293,-0.1,0.286,-0.184,-0.238,0.439,0.545,-0.093,0.332,0.531,0.583,0.556,-0.236,0.185,0.301,1.0,0.482,0.529,0.496,0.091,0.096,0.305,0.512,0.314,0.527,0.352,0.449,0.616,0.329,0.289,0.655,0.574,0.541,-0.557,0.245,0.477,0.435,0.257,0.52,0.286,-0.425,0.321,0.42,0.295,0.346,0.521,0.368,0.26,0.335,0.255,-0.051,0.116,0.24,-0.073,0.029,0.266,0.046,0.076,0.358,0.341,0.24,0.274,0.472,0.25,0.277,0.587,-0.409,-0.001,-0.275,0.149,-0.352,0.521,-0.158,0.306,0.319,0.417,0.393,0.284,0.203,0.336,0.67,0.361,0.006,0.458,0.481,0.399,0.626,0.405,0.011,0.406,0.279,0.372,0.4,0.167,0.318,0.185,0.317,0.493,-0.074,0.54,0.087,0.61,0.188,0.13,-0.071,-0.341,0.27,0.481,0.414,0.494,0.246,0.358,0.528,-0.029,0.273,0.511,0.544,0.249,-0.453,0.641,0.508,0.551,0.527,0.49,0.395,0.554,0.499,0.384,0.625,0.278,0.557,0.386,0.617,0.551,-0.556,0.452,0.34,0.176,0.461,0.571,0.112,0.529,0.409,0.317,0.619,0.417,0.208,0.526,-0.154,-0.056,0.343,-0.148,0.026,0.414,0.245,0.242,-0.064,0.317,0.394,0.29,0.592,0.5,0.548,0.397,-0.004,0.451,0.051,0.477,0.219,0.427,0.312,0.495,0.086,0.248,0.577,0.601,0.68,0.596,0.386,0.446,0.272,0.533,-0.212,0.372,0.242,0.622,0.451,-0.178,0.539,0.503,0.617,-0.062,0.133,0.247,0.302
AVGO,0.512,0.829,0.552,0.657,0.843,0.194,0.617,0.699,0.259,0.145,0.859,0.796,0.424,0.912,0.22,0.866,0.806,-0.144,0.56,0.566,0.482,1.0,0.702,0.663,0.663,0.41,0.38,0.777,0.596,0.503,0.614,0.642,0.585,0.784,0.51,0.575,0.834,0.666,-0.201,0.824,0.631,0.718,0.407,0.725,0.797,0.224,0.8,0.861,0.533,0.842,0.745,0.219,0.507,0.545,0.588,0.219,0.562,0.704,-0.074,0.553,0.352,0.232,0.72,0.755,0.581,0.544,0.728,0.692,0.464,0.601,0.614,-0.297,0.456,-0.052,0.642,-0.299,0.702,-0.059,0.817,0.806,0.635,0.774,0.401,0.433,0.763,0.762,0.654,-0.109,0.767,0.675,0.419,0.844,0.744,0.237,0.855,0.611,0.671,0.864,0.158,0.642,0.566,0.814,0.742,0.039,0.795,0.613,0.831,-0.086,0.647,0.663,0.099,0.629,0.846,0.832,0.817,0.633,0.739,0.565,0.539,0.099,0.715,0.602,0.552,-0.32,0.651,0.738,0.803,0.843,0.819,0.622,0.62,0.765,0.781,0.525,0.61,0.456,0.614,0.793,0.791,-0.465,0.861,0.825,0.341,0.741,0.471,0.457,0.867,0.654,0.659,0.797,0.612,0.466,0.419,0.351,0.023,0.376,-0.163,-0.045,0.788,0.658,0.811,0.263,0.671,0.4,0.504,0.422,0.794,0.571,0.537,0.307,0.474,0.632,0.631,0.698,0.337,0.69,0.911,0.319,0.777,0.483,0.654,0.753,0.561,0.822,0.713,0.8,0.45,0.435,0.77,0.363,0.809,0.195,0.588,0.678,0.726,0.806,0.361,0.305,0.601,0.287
AZN,0.154,0.75,0.434,0.578,0.741,-0.125,0.282,0.791,-0.044,0.28,0.858,0.877,0.513,0.661,0.103,0.755,0.763,-0.543,0.295,0.58,0.529,0.702,1.0,0.674,0.273,0.669,0.628,0.719,0.526,0.129,0.659,0.824,0.566,0.698,0.611,0.486,0.775,0.768,-0.455,0.757,0.809,0.773,0.231,0.773,0.706,-0.244,0.679,0.664,0.1,0.535,0.758,-0.249,0.366,0.243,0.4,-0.22,0.453,0.645,-0.434,0.58,0.509,-0.279,0.508,0.735,0.097,0.324,0.713,0.257,0.149,0.619,0.44,-0.544,-0.07,0.059,0.6,-0.606,0.786,-0.503,0.73,0.751,0.692,0.78,-0.142,0.459,0.717,0.575,0.437,-0.595,0.816,0.423,0.687,0.667,0.383,0.384,0.712,0.705,0.814,0.831,-0.276,0.195,0.273,0.504,0.572,-0.498,0.837,0.567,0.804,-0.117,0.359,0.343,-0.121,0.466,0.682,0.768,0.69,0.323,0.715,0.794,0.104,-0.227,0.813,0.871,0.58,-0.563,0.812,0.846,0.861,0.688,0.738,0.691,0.852,0.591,0.786,0.377,0.148,0.347,0.636,0.764,0.67,-0.486,0.652,0.755,0.157,0.675,0.495,-0.061,0.812,0.676,0.729,0.811,0.449,0.15,0.122,-0.191,-0.415,0.613,-0.517,-0.472,0.697,0.342,0.69,-0.202,0.731,0.566,0.262,0.397,0.882,0.584,0.284,0.239,0.727,0.546,0.237,0.325,-0.133,0.45,0.671,-0.107,0.693,0.646,0.618,0.544,0.824,0.763,0.789,0.685,0.45,0.27,0.799,-0.049,0.669,-0.118,0.189,0.669,0.61,0.755,0.035,-0.28,0.608,-0.143
BCRX,0.008,0.832,0.399,0.676,0.708,0.047,0.333,0.76,-0.028,0.371,0.698,0.754,0.619,0.709,0.029,0.755,0.58,-0.601,0.254,0.476,0.496,0.663,0.674,1.0,0.24,0.528,0.715,0.78,0.45,0.141,0.797,0.582,0.498,0.761,0.454,0.501,0.793,0.853,-0.402,0.729,0.835,0.876,-0.031,0.434,0.716,-0.063,0.791,0.707,-0.006,0.408,0.698,-0.21,0.338,0.121,0.403,-0.308,0.398,0.73,-0.392,0.493,0.675,-0.159,0.564,0.838,0.151,0.292,0.85,0.211,0.099,0.784,0.482,-0.577,-0.131,-0.015,0.719,-0.53,0.874,-0.439,0.838,0.801,0.676,0.753,-0.083,0.383,0.82,0.453,0.254,-0.417,0.835,0.418,0.493,0.713,0.295,0.424,0.827,0.869,0.758,0.745,-0.298,0.162,0.211,0.595,0.549,-0.362,0.829,0.619,0.663,-0.244,0.477,0.324,0.082,0.482,0.529,0.826,0.637,0.239,0.81,0.685,0.052,-0.003,0.877,0.64,0.643,-0.568,0.625,0.701,0.789,0.541,0.712,0.777,0.642,0.523,0.768,0.288,0.157,0.146,0.542,0.761,0.827,-0.493,0.773,0.842,-0.065,0.699,0.357,-0.005,0.827,0.622,0.682,0.665,0.248,0.042,0.055,-0.063,-0.359,0.673,-0.525,-0.455,0.668,0.479,0.708,-0.215,0.563,0.29,0.059,0.322,0.692,0.526,0.37,0.14,0.516,0.663,0.158,0.379,-0.043,0.231,0.747,-0.164,0.729,0.446,0.616,0.503,0.737,0.617,0.796,0.673,0.54,0.267,0.776,-0.093,0.488,-0.04,0.297,0.563,0.502,0.787,-0.009,-0.206,0.555,-0.193
BGC,0.478,0.341,0.376,0.351,0.439,0.61,0.619,0.37,0.543,0.114,0.485,0.344,0.21,0.672,0.237,0.433,0.505,0.2,0.527,0.416,0.091,0.663,0.273,0.24,1.0,0.242,-0.002,0.444,0.539,0.473,0.21,0.331,0.4,0.531,0.459,0.333,0.436,0.227,0.248,0.506,0.183,0.253,0.572,0.442,0.456,0.513,0.463,0.585,0.606,0.68,0.429,0.276,0.227,0.502,0.563,0.574,0.484,0.458,0.178,0.379,0.072,0.503,0.642,0.38,0.58,0.535,0.345,0.632,0.569,0.264,0.494,0.154,0.649,0.198,0.384,0.137,0.33,0.265,0.477,0.427,0.277,0.489,0.555,0.352,0.379,0.487,0.575,0.167,0.344,0.6,0.232,0.491,0.678,0.247,0.525,0.253,0.348,0.486,0.396,0.702,0.541,0.601,0.462,0.381,0.391,0.438,0.408,0.021,0.615,0.714,0.412,0.483,0.532,0.417,0.488,0.653,0.394,0.284,0.695,0.222,0.242,0.196,0.324,0.121,0.239,0.293,0.395,0.665,0.425,0.419,0.171,0.573,0.419,0.385,0.682,0.398,0.425,0.432,0.408,0.034,0.601,0.451,0.501,0.438,0.255,0.549,0.443,0.408,0.326,0.427,0.573,0.604,0.409,0.716,0.364,0.041,0.15,0.175,0.464,0.609,0.598,0.614,0.449,0.302,0.584,0.371,0.344,0.255,0.619,0.424,0.209,0.462,0.56,0.566,0.376,0.654,0.584,0.48,0.561,0.107,0.217,0.503,0.061,0.553,0.309,0.495,0.346,0.514,0.38,0.475,0.572,0.205,0.656,0.457,0.596,0.391,0.65,0.521,0.453,0.389
BIDU,-0.165,0.517,0.36,0.526,0.503,0.172,0.257,0.686,0.029,0.515,0.679,0.575,0.594,0.537,0.037,0.455,0.538,-0.565,0.2,0.325,0.096,0.41,0.669,0.528,0.242,1.0,0.678,0.571,0.623,-0.072,0.574,0.73,0.302,0.655,0.774,0.364,0.489,0.589,-0.279,0.622,0.566,0.579,0.336,0.578,0.567,-0.109,0.575,0.521,-0.151,0.212,0.617,-0.486,0.005,0.066,0.309,-0.263,0.63,0.59,-0.499,0.66,0.356,-0.237,0.483,0.543,-0.034,0.27,0.577,-0.01,0.046,0.527,0.285,-0.274,-0.152,0.648,0.534,-0.415,0.632,-0.51,0.624,0.635,0.567,0.773,-0.287,0.439,0.623,0.184,0.305,-0.569,0.663,0.123,0.796,0.293,0.12,0.797,0.541,0.642,0.7,0.627,-0.352,0.014,0.13,0.393,0.303,-0.505,0.527,0.667,0.445,0.108,0.312,0.363,0.415,0.248,0.425,0.597,0.443,0.251,0.635,0.658,0.014,-0.317,0.617,0.555,0.767,-0.465,0.462,0.531,0.531,0.515,0.5,0.664,0.478,0.468,0.577,0.212,0.086,0.117,0.545,0.565,0.496,0.079,0.44,0.568,0.327,0.479,0.204,-0.045,0.598,0.535,0.524,0.443,0.241,0.077,-0.117,-0.146,-0.345,0.612,-0.406,-0.566,0.456,0.238,0.547,-0.181,0.673,0.604,-0.001,0.303,0.63,0.554,0.277,0.606,0.673,0.592,0.026,0.048,-0.384,0.368,0.479,-0.337,0.641,0.371,0.278,0.216,0.533,0.488,0.484,0.457,0.503,0.578,0.64,-0.258,0.352,-0.256,0.274,0.466,0.407,0.462,0.059,-0.351,0.503,-0.278
BILI,-0.281,0.58,0.303,0.535,0.489,-0.089,0.147,0.62,0.014,0.489,0.534,0.69,0.617,0.458,-0.155,0.461,0.432,-0.639,0.146,0.394,0.305,0.38,0.628,0.715,-0.002,0.678,1.0,0.58,0.437,-0.165,0.704,0.687,0.303,0.604,0.553,0.242,0.501,0.764,-0.488,0.581,0.719,0.769,0.042,0.372,0.568,-0.266,0.566,0.436,-0.311,0.114,0.584,-0.518,0.148,0.056,0.224,-0.449,0.461,0.606,-0.534,0.501,0.522,-0.466,0.423,0.588,-0.158,0.095,0.64,-0.138,0.007,0.532,0.218,-0.534,-0.385,0.304,0.669,-0.591,0.654,-0.597,0.654,0.656,0.634,0.642,-0.421,0.392,0.697,0.235,0.249,-0.668,0.704,0.092,0.667,0.355,0.016,0.602,0.548,0.765,0.67,0.646,-0.344,-0.182,0.194,0.33,0.248,-0.657,0.587,0.578,0.453,-0.192,0.217,0.165,0.095,0.246,0.417,0.612,0.428,0.111,0.7,0.692,-0.179,-0.402,0.659,0.639,0.716,-0.65,0.514,0.608,0.582,0.397,0.527,0.65,0.555,0.418,0.55,0.089,-0.101,-0.045,0.448,0.556,0.688,-0.265,0.424,0.598,0.028,0.5,0.24,-0.211,0.616,0.607,0.585,0.484,0.167,0.05,-0.201,-0.329,-0.416,0.873,-0.581,-0.661,0.407,0.226,0.462,-0.466,0.5,0.462,-0.061,0.146,0.559,0.385,0.142,0.329,0.683,0.558,-0.131,0.051,-0.473,0.129,0.439,-0.425,0.57,0.494,0.407,0.167,0.735,0.465,0.615,0.544,0.399,0.349,0.648,-0.285,0.288,-0.397,0.082,0.333,0.323,0.499,-0.093,-0.485,0.487,-0.355
BKR,0.14,0.848,0.644,0.708,0.719,0.226,0.487,0.772,0.053,0.345,0.769,0.709,0.47,0.841,0.318,0.847,0.76,-0.452,0.546,0.551,0.512,0.777,0.719,0.78,0.444,0.571,0.58,1.0,0.597,0.331,0.792,0.714,0.505,0.842,0.593,0.788,0.845,0.806,-0.365,0.76,0.734,0.78,0.249,0.663,0.797,0.093,0.849,0.771,0.203,0.642,0.742,-0.08,0.345,0.384,0.67,-0.122,0.616,0.775,-0.353,0.598,0.49,-0.0,0.699,0.822,0.433,0.716,0.774,0.425,0.258,0.617,0.549,-0.49,0.165,0.105,0.673,-0.33,0.855,-0.275,0.839,0.774,0.737,0.846,0.099,0.494,0.811,0.613,0.485,-0.242,0.819,0.561,0.561,0.797,0.431,0.394,0.862,0.822,0.848,0.772,-0.091,0.419,0.435,0.786,0.527,-0.174,0.808,0.626,0.747,-0.152,0.655,0.49,0.193,0.576,0.657,0.838,0.783,0.542,0.808,0.731,0.3,-0.167,0.841,0.66,0.682,-0.518,0.727,0.656,0.888,0.792,0.64,0.764,0.611,0.538,0.82,0.601,0.305,0.492,0.681,0.78,0.801,-0.371,0.777,0.798,0.195,0.929,0.472,0.22,0.851,0.679,0.771,0.821,0.557,0.371,0.103,0.083,-0.208,0.566,-0.363,-0.37,0.722,0.518,0.731,-0.035,0.73,0.507,0.283,0.437,0.774,0.583,0.479,0.252,0.582,0.596,0.465,0.474,0.069,0.411,0.752,-0.048,0.848,0.66,0.657,0.613,0.679,0.798,0.793,0.718,0.541,0.381,0.791,0.11,0.773,-0.069,0.433,0.663,0.726,0.81,0.177,-0.03,0.599,0.098
BLDP,0.242,0.512,0.526,0.547,0.571,0.292,0.34,0.579,0.279,0.233,0.646,0.564,0.305,0.639,0.267,0.537,0.683,-0.257,0.532,0.549,0.314,0.596,0.526,0.45,0.539,0.623,0.437,0.597,1.0,0.504,0.54,0.589,0.596,0.688,0.874,0.448,0.591,0.443,-0.328,0.545,0.429,0.474,0.707,0.642,0.604,0.058,0.617,0.581,0.269,0.49,0.734,0.06,0.223,0.492,0.474,0.159,0.599,0.538,-0.189,0.47,0.282,0.127,0.608,0.481,0.461,0.505,0.458,0.36,0.455,0.471,0.461,-0.307,0.19,0.343,0.464,-0.384,0.616,-0.231,0.573,0.538,0.652,0.734,0.156,0.508,0.534,0.525,0.587,-0.209,0.522,0.381,0.6,0.478,0.468,0.693,0.598,0.458,0.544,0.591,0.088,0.363,0.502,0.603,0.413,-0.11,0.499,0.509,0.549,0.246,0.435,0.418,0.293,0.39,0.627,0.555,0.598,0.574,0.549,0.599,0.292,-0.107,0.501,0.538,0.596,-0.387,0.482,0.567,0.543,0.636,0.501,0.67,0.509,0.606,0.576,0.501,0.524,0.465,0.711,0.584,0.605,-0.138,0.614,0.506,0.74,0.544,0.491,0.361,0.592,0.581,0.517,0.575,0.634,0.416,0.309,0.233,0.045,0.41,-0.038,-0.214,0.61,0.402,0.517,0.12,0.681,0.712,0.523,0.615,0.549,0.587,0.497,0.564,0.723,0.505,0.399,0.343,0.101,0.597,0.592,0.059,0.65,0.415,0.382,0.403,0.436,0.534,0.46,0.54,0.542,0.553,0.593,0.225,0.641,0.112,0.373,0.639,0.711,0.554,0.323,0.077,0.609,0.212
BLNK,0.612,0.309,0.511,0.139,0.358,0.182,0.189,0.1,0.11,-0.319,0.319,0.222,-0.253,0.397,0.598,0.447,0.474,0.197,0.438,0.26,0.527,0.503,0.129,0.141,0.473,-0.072,-0.165,0.331,0.504,1.0,0.143,0.175,0.465,0.293,0.273,0.493,0.441,0.156,-0.161,0.154,0.066,0.123,0.548,0.426,0.242,0.101,0.299,0.406,0.628,0.507,0.386,0.793,0.252,0.582,0.455,0.499,0.18,0.188,0.362,0.006,-0.063,0.604,0.204,0.218,0.743,0.396,0.067,0.774,0.461,0.134,0.573,0.032,0.465,-0.206,0.066,0.076,0.278,0.276,0.211,0.177,0.279,0.314,0.713,0.15,0.138,0.673,0.475,0.547,0.149,0.627,0.072,0.536,0.653,-0.049,0.333,-0.011,0.129,0.224,0.514,0.704,0.394,0.462,0.408,0.541,0.278,0.036,0.408,0.326,0.385,0.177,-0.041,0.33,0.441,0.262,0.455,0.59,0.131,0.118,0.456,0.461,0.238,0.163,0.056,-0.041,0.342,0.216,0.309,0.527,0.294,0.237,0.211,0.417,0.295,0.627,0.711,0.595,0.297,0.396,0.329,-0.245,0.456,0.172,0.623,0.312,0.452,0.676,0.335,0.195,0.151,0.424,0.556,0.479,0.749,0.427,0.47,-0.05,0.261,0.482,0.352,0.459,0.21,0.51,0.297,0.332,0.547,0.531,0.272,0.4,0.611,0.1,0.193,0.119,0.779,0.383,0.739,0.509,0.449,0.468,0.215,0.247,0.384,0.632,0.101,0.347,0.224,0.213,0.344,0.038,0.174,0.507,0.611,0.629,0.223,0.396,0.58,0.433,0.352,0.668,0.139,0.654
BYND,-0.037,0.804,0.569,0.804,0.627,0.113,0.39,0.842,-0.002,0.584,0.676,0.708,0.626,0.732,-0.104,0.788,0.619,-0.664,0.481,0.57,0.352,0.614,0.659,0.797,0.21,0.574,0.704,0.792,0.54,0.143,1.0,0.638,0.344,0.852,0.491,0.424,0.724,0.847,-0.441,0.792,0.733,0.877,-0.008,0.482,0.834,-0.043,0.854,0.723,0.005,0.474,0.723,-0.257,0.336,0.267,0.602,-0.367,0.58,0.879,-0.521,0.705,0.552,-0.174,0.616,0.854,0.261,0.369,0.875,0.181,0.085,0.766,0.44,-0.667,-0.095,0.101,0.812,-0.508,0.852,-0.424,0.865,0.857,0.857,0.785,-0.126,0.532,0.888,0.453,0.378,-0.477,0.853,0.418,0.54,0.654,0.233,0.469,0.801,0.888,0.856,0.751,-0.288,0.129,0.367,0.685,0.434,-0.45,0.808,0.747,0.696,-0.242,0.516,0.361,0.095,0.637,0.536,0.893,0.768,0.404,0.893,0.728,0.046,-0.229,0.833,0.693,0.691,-0.66,0.73,0.67,0.796,0.637,0.689,0.775,0.622,0.395,0.802,0.284,0.122,0.114,0.664,0.715,0.733,-0.44,0.684,0.795,0.045,0.702,0.345,0.124,0.791,0.684,0.82,0.756,0.445,0.193,-0.003,-0.136,-0.442,0.663,-0.497,-0.508,0.743,0.468,0.737,-0.227,0.671,0.431,0.102,0.294,0.719,0.399,0.379,0.18,0.595,0.677,0.148,0.413,-0.171,0.253,0.639,-0.262,0.836,0.58,0.664,0.363,0.771,0.68,0.831,0.713,0.476,0.416,0.861,-0.096,0.568,-0.18,0.354,0.408,0.555,0.711,0.071,-0.243,0.613,-0.158
CAN,0.081,0.665,0.493,0.523,0.684,-0.018,0.283,0.661,0.025,0.317,0.77,0.753,0.463,0.653,0.173,0.676,0.71,-0.546,0.364,0.507,0.449,0.642,0.824,0.582,0.331,0.73,0.687,0.714,0.589,0.175,0.638,1.0,0.549,0.702,0.712,0.528,0.642,0.717,-0.432,0.702,0.676,0.675,0.416,0.83,0.68,-0.241,0.604,0.617,0.088,0.474,0.778,-0.258,0.238,0.382,0.472,-0.101,0.656,0.657,-0.435,0.648,0.404,-0.141,0.54,0.634,0.151,0.407,0.615,0.278,0.238,0.472,0.45,-0.409,-0.037,0.379,0.6,-0.425,0.697,-0.44,0.692,0.713,0.693,0.75,-0.099,0.527,0.665,0.563,0.55,-0.521,0.748,0.379,0.764,0.542,0.356,0.564,0.638,0.627,0.806,0.782,-0.121,0.233,0.367,0.509,0.528,-0.455,0.752,0.644,0.702,-0.001,0.382,0.359,0.085,0.455,0.728,0.717,0.7,0.434,0.722,0.814,0.146,-0.232,0.699,0.744,0.717,-0.523,0.747,0.748,0.752,0.723,0.684,0.674,0.709,0.654,0.716,0.406,0.218,0.426,0.649,0.669,0.666,-0.212,0.566,0.637,0.31,0.651,0.482,0.13,0.76,0.674,0.645,0.691,0.559,0.316,0.151,-0.119,-0.309,0.668,-0.391,-0.47,0.617,0.306,0.601,-0.125,0.777,0.71,0.325,0.453,0.818,0.577,0.366,0.523,0.747,0.568,0.255,0.254,-0.162,0.532,0.624,-0.182,0.651,0.635,0.541,0.45,0.708,0.725,0.686,0.602,0.547,0.471,0.72,0.045,0.65,-0.139,0.207,0.629,0.605,0.646,0.076,-0.194,0.604,0.0
