,AAL,AAPL,ABUS,ADBE,ADI,ADMA,AEP,AGNC,AKBA,ALT,AMAT,AMD,AMGN,AMZN,APA,APPS,ARCC,ARDX,ATER,ATOS,AUPH,AVGO,AZN,BCRX,BGC,BIDU,BILI,BKR,BLDP,BLNK,BYND,CAN,CELH,CG,CGC,CHRD,CLNE,CMCSA,COMM,COST,CPB,CPRT,CRON,CRWD,CSCO,CSGP,CSX,CTSH,CZR,DBX,DDOG,DKNG,DLTR,DOCU,DVAX,DXCM,EA,EBAY,ENPH,ERIC,ESPR,ETSY,EXC,EXEL,EXPE,FANG,FAST,FITB,FLEX,FOLD,FOXA,FSLR,FTNT,FUTU,GEN,GERN,GEVO,GILD,GOOG,GOOGL,GPRO,GT,HBAN,HIVE,HON,HST,HUT,IBRX,INTC,IOVA,IQ,IRWD,JBLU,JD,KDP,KHC,LBTYK,LRCX,LYFT,MAR,MARA,MAT,MCHP,MCRB,MDLZ,META,MGNI,MLCO,MNKD,MNST,MOMO,MRNA,MRVL,MSFT,MSTR,MTCH,MU,MVIS,NDAQ,NFLX,NKTR,NNDM,NTES,NTNX,NVAX,NVDA,NWL,NWSA,NXPI,OCGN,OKTA,ON,OPK,PAA,PACB,PAGP,PANW,PARA,PCAR,PDD,PENN,PEP,PLUG,PTEN,PTON,PYPL,QCOM,QUBT,QVCGA,RDFN,REAL,RIOT,ROKU,ROST,RUN,SABR,SAVA,SBUX,SFIX,SGMO,SIRI,SLM,SMCI,SNDL,SONO,STNE,STX,TCOM,TGTX,TIGR,TLRY,TMUS,TRIP,TSCO,TSLA,TTD,TXN,UAL,UNIT,VERU,VKTX,VLY,VOD,VTRS,VXRT,WBA,WBD,WDAY,WDC,WEN,WW,WYNN,XEL,XP,XRAY,XRX,Z,ZION,ZM,ZS
AAL,1.0,0.408,0.578,0.358,0.736,0.605,0.584,0.626,0.635,0.202,0.594,0.635,0.111,0.631,0.768,0.605,0.802,0.448,0.575,0.632,0.081,0.635,0.508,0.323,0.695,0.289,0.045,0.543,0.676,0.696,0.435,0.209,0.752,0.581,0.592,0.592,0.585,0.447,0.575,0.675,-0.257,0.211,0.684,0.555,0.53,0.457,0.536,0.657,0.931,0.701,0.478,0.667,0.382,0.537,0.462,0.746,0.518,0.466,0.683,0.544,0.233,0.786,0.604,0.44,0.788,0.694,0.307,0.771,0.693,0.28,0.62,0.421,0.551,0.372,0.307,0.65,0.383,0.605,0.421,0.485,0.62,0.65,0.719,0.401,0.359,0.744,0.533,0.293,0.402,0.626,0.367,0.61,0.868,0.412,0.463,0.206,0.552,0.559,0.675,0.841,0.588,0.681,0.66,0.468,0.411,0.469,0.697,-0.158,0.558,0.354,0.491,0.496,0.702,0.48,0.362,0.735,0.48,0.436,0.695,0.227,0.301,0.226,0.421,0.495,0.71,0.415,0.508,0.666,0.592,0.461,0.156,0.662,0.399,0.786,0.671,0.735,0.513,0.612,0.522,0.469,0.667,0.187,0.688,0.721,0.563,0.749,0.531,0.577,0.462,0.652,0.721,0.315,0.718,0.8,0.722,0.5,-0.262,0.598,0.747,0.551,0.459,0.679,0.485,0.631,0.721,0.172,0.462,-0.222,0.547,0.644,0.497,0.562,0.797,0.546,0.607,0.782,0.583,0.943,0.696,0.379,0.66,0.657,0.523,0.651,0.433,0.428,0.603,0.446,0.501,0.626,0.709,0.121,0.631,0.674,0.743,0.671,0.644,0.657,0.485,0.334
AAPL,0.408,1.0,0.528,0.66,0.752,0.693,0.693,0.63,0.465,0.548,0.75,0.616,0.552,0.783,0.464,0.786,0.607,-0.106,0.595,0.51,-0.062,0.699,0.585,0.679,0.626,0.695,0.489,0.714,0.585,0.423,0.637,0.472,0.496,0.702,0.576,0.626,0.72,0.701,0.49,0.687,0.396,0.671,0.335,0.574,0.781,0.476,0.751,0.802,0.545,0.619,0.686,0.246,0.231,0.428,0.603,0.344,0.759,0.682,0.083,0.691,0.432,0.527,0.762,0.76,0.612,0.647,0.741,0.559,0.483,0.656,0.668,-0.022,0.475,0.617,0.61,0.376,0.74,0.364,0.786,0.78,0.617,0.734,0.423,0.687,0.78,0.554,0.503,-0.105,0.791,0.51,0.573,0.64,0.565,0.757,0.815,0.721,0.717,0.679,0.325,0.58,0.53,0.721,0.578,0.04,0.737,0.751,0.623,-0.259,0.675,0.642,0.767,0.524,0.584,0.792,0.565,0.625,0.694,0.626,0.563,0.013,0.663,0.508,0.735,0.043,0.526,0.637,0.716,0.664,0.686,0.726,0.409,0.54,0.672,0.481,0.474,0.476,0.734,0.694,0.767,0.606,0.7,0.778,0.452,0.603,0.51,0.61,0.86,0.568,0.72,0.619,0.549,0.354,0.402,0.501,0.318,0.555,-0.446,0.039,0.633,0.576,0.763,0.569,0.517,0.466,0.416,0.152,0.628,-0.19,0.633,0.586,0.494,0.728,0.498,0.482,0.161,0.554,0.733,0.408,0.71,0.426,0.583,0.56,0.626,0.695,0.637,0.661,0.66,0.753,0.705,0.378,0.602,-0.208,0.714,0.575,0.606,0.71,0.482,0.421,0.63,0.143
ABUS,0.578,0.528,1.0,0.641,0.65,0.771,0.651,0.595,0.62,0.651,0.702,0.657,0.45,0.784,0.68,0.745,0.712,0.177,0.751,0.766,0.03,0.738,0.63,0.658,0.635,0.63,0.454,0.802,0.702,0.765,0.689,0.508,0.685,0.829,0.7,0.747,0.761,0.715,0.653,0.681,0.094,0.609,0.458,0.603,0.81,0.519,0.789,0.737,0.688,0.711,0.657,0.563,0.065,0.534,0.821,0.523,0.828,0.797,0.432,0.701,0.643,0.814,0.736,0.737,0.8,0.769,0.515,0.676,0.484,0.603,0.737,0.097,0.457,0.614,0.641,0.789,0.726,0.462,0.73,0.69,0.851,0.806,0.482,0.578,0.734,0.771,0.558,0.256,0.663,0.792,0.626,0.821,0.696,0.636,0.671,0.629,0.699,0.722,0.437,0.779,0.541,0.786,0.624,0.318,0.613,0.696,0.73,-0.419,0.871,0.434,0.712,0.796,0.651,0.679,0.548,0.764,0.696,0.683,0.722,-0.098,0.707,0.568,0.806,0.346,0.729,0.529,0.802,0.737,0.596,0.762,0.415,0.579,0.768,0.69,0.577,0.664,0.848,0.763,0.625,0.675,0.786,0.425,0.726,0.772,0.573,0.77,0.689,0.752,0.749,0.766,0.664,0.433,0.612,0.623,0.568,0.655,-0.644,0.458,0.625,0.834,0.663,0.637,0.758,0.756,0.646,-0.13,0.68,-0.428,0.796,0.591,0.637,0.766,0.724,0.392,0.301,0.569,0.575,0.574,0.73,0.67,0.751,0.536,0.554,0.742,0.802,0.654,0.713,0.669,0.749,0.45,0.761,-0.298,0.729,0.423,0.733,0.753,0.784,0.563,0.754,0.16
ADBE,0.358,0.66,0.641,1.0,0.649,0.704,0.755,0.669,0.596,0.716,0.769,0.713,0.647,0.787,0.341,0.756,0.592,-0.114,0.654,0.635,-0.274,0.725,0.67,0.728,0.583,0.739,0.6,0.732,0.729,0.53,0.766,0.549,0.419,0.731,0.698,0.472,0.697,0.72,0.583,0.736,0.295,0.741,0.275,0.556,0.796,0.641,0.904,0.749,0.509,0.618,0.679,0.218,0.041,0.469,0.686,0.321,0.812,0.83,0.113,0.813,0.505,0.506,0.737,0.839,0.657,0.609,0.756,0.414,0.47,0.745,0.585,-0.096,0.407,0.654,0.797,0.408,0.772,0.173,0.846,0.865,0.694,0.774,0.315,0.726,0.831,0.479,0.479,-0.144,0.755,0.564,0.532,0.636,0.525,0.747,0.791,0.767,0.724,0.747,0.228,0.565,0.604,0.798,0.408,-0.003,0.678,0.807,0.615,-0.463,0.758,0.646,0.744,0.654,0.575,0.882,0.703,0.724,0.769,0.584,0.611,-0.258,0.777,0.605,0.736,0.122,0.595,0.603,0.758,0.691,0.587,0.728,0.425,0.388,0.813,0.481,0.482,0.399,0.802,0.645,0.726,0.659,0.698,0.707,0.525,0.639,0.358,0.634,0.733,0.661,0.763,0.659,0.552,0.422,0.504,0.493,0.359,0.578,-0.602,-0.049,0.641,0.716,0.781,0.461,0.709,0.54,0.43,-0.253,0.803,-0.369,0.539,0.567,0.581,0.724,0.439,0.443,-0.076,0.496,0.601,0.401,0.74,0.544,0.581,0.245,0.675,0.716,0.728,0.829,0.562,0.825,0.804,0.271,0.631,-0.398,0.762,0.424,0.644,0.608,0.651,0.328,0.733,-0.041
ADI,0.736,0.752,0.65,0.649,1.0,0.759,0.782,0.743,0.652,0.461,0.892,0.817,0.567,0.874,0.718,0.842,0.897,0.124,0.694,0.67,-0.048,0.843,0.742,0.673,0.757,0.693,0.39,0.78,0.811,0.64,0.634,0.498,0.763,0.802,0.774,0.689,0.848,0.717,0.726,0.874,0.24,0.604,0.579,0.715,0.808,0.545,0.784,0.835,0.797,0.801,0.793,0.468,0.361,0.565,0.624,0.609,0.784,0.696,0.387,0.754,0.467,0.766,0.792,0.757,0.755,0.798,0.703,0.76,0.7,0.618,0.782,0.24,0.593,0.686,0.634,0.596,0.762,0.514,0.78,0.799,0.753,0.851,0.613,0.736,0.739,0.683,0.665,0.012,0.802,0.663,0.573,0.75,0.803,0.76,0.78,0.617,0.752,0.847,0.517,0.779,0.639,0.837,0.774,0.205,0.764,0.779,0.878,-0.299,0.755,0.639,0.728,0.602,0.829,0.788,0.601,0.726,0.709,0.676,0.751,0.083,0.665,0.48,0.73,0.333,0.715,0.741,0.772,0.846,0.838,0.706,0.472,0.794,0.701,0.714,0.659,0.707,0.781,0.804,0.784,0.692,0.822,0.659,0.709,0.821,0.651,0.794,0.878,0.716,0.713,0.742,0.704,0.386,0.656,0.752,0.571,0.672,-0.51,0.281,0.781,0.646,0.779,0.755,0.669,0.707,0.731,0.119,0.753,-0.356,0.698,0.805,0.631,0.846,0.737,0.514,0.336,0.814,0.84,0.698,0.864,0.436,0.738,0.663,0.71,0.831,0.691,0.734,0.745,0.791,0.811,0.547,0.71,-0.15,0.813,0.721,0.758,0.847,0.703,0.573,0.766,0.231
ADMA,0.605,0.693,0.771,0.704,0.759,1.0,0.846,0.739,0.695,0.56,0.794,0.663,0.545,0.871,0.646,0.823,0.733,0.236,0.715,0.755,-0.164,0.831,0.667,0.715,0.817,0.649,0.41,0.847,0.679,0.672,0.656,0.418,0.58,0.845,0.671,0.776,0.858,0.715,0.748,0.738,0.149,0.647,0.518,0.601,0.83,0.717,0.855,0.852,0.706,0.804,0.639,0.463,0.264,0.564,0.782,0.614,0.874,0.762,0.407,0.75,0.558,0.74,0.884,0.842,0.754,0.86,0.645,0.727,0.63,0.68,0.746,0.235,0.587,0.626,0.722,0.702,0.762,0.485,0.817,0.771,0.688,0.83,0.6,0.721,0.768,0.772,0.563,0.162,0.74,0.797,0.589,0.881,0.761,0.682,0.793,0.69,0.803,0.763,0.509,0.772,0.708,0.828,0.609,0.369,0.701,0.705,0.716,-0.494,0.892,0.653,0.84,0.743,0.694,0.758,0.585,0.822,0.682,0.66,0.821,0.031,0.731,0.495,0.732,0.373,0.654,0.53,0.805,0.794,0.632,0.843,0.336,0.623,0.817,0.684,0.656,0.659,0.806,0.762,0.762,0.676,0.847,0.62,0.68,0.782,0.519,0.775,0.791,0.731,0.782,0.773,0.685,0.482,0.563,0.734,0.628,0.673,-0.59,0.284,0.674,0.841,0.809,0.745,0.71,0.594,0.653,-0.029,0.702,-0.458,0.79,0.667,0.565,0.84,0.696,0.572,0.278,0.642,0.712,0.666,0.836,0.524,0.743,0.647,0.604,0.834,0.752,0.766,0.693,0.817,0.722,0.487,0.783,-0.329,0.852,0.565,0.723,0.826,0.772,0.655,0.703,0.186
AEP,0.584,0.693,0.651,0.755,0.782,0.846,1.0,0.812,0.722,0.492,0.82,0.691,0.535,0.875,0.568,0.825,0.742,0.198,0.664,0.697,-0.267,0.871,0.725,0.706,0.859,0.686,0.447,0.871,0.699,0.632,0.628,0.418,0.558,0.815,0.702,0.671,0.825,0.796,0.803,0.729,0.227,0.609,0.418,0.624,0.816,0.719,0.863,0.858,0.716,0.805,0.597,0.416,0.41,0.49,0.707,0.639,0.86,0.803,0.409,0.785,0.467,0.68,0.899,0.841,0.688,0.824,0.679,0.724,0.679,0.631,0.739,0.256,0.593,0.67,0.719,0.63,0.72,0.438,0.839,0.797,0.608,0.819,0.585,0.698,0.752,0.68,0.504,0.088,0.78,0.742,0.592,0.783,0.722,0.722,0.877,0.729,0.797,0.805,0.465,0.755,0.636,0.841,0.609,0.32,0.803,0.729,0.701,-0.495,0.872,0.652,0.769,0.71,0.725,0.768,0.548,0.783,0.678,0.599,0.843,-0.052,0.737,0.465,0.735,0.442,0.664,0.554,0.835,0.851,0.641,0.722,0.317,0.625,0.806,0.671,0.582,0.674,0.764,0.793,0.787,0.703,0.833,0.675,0.713,0.737,0.567,0.75,0.781,0.68,0.759,0.75,0.666,0.425,0.594,0.726,0.654,0.656,-0.655,0.235,0.707,0.772,0.816,0.761,0.712,0.567,0.626,-0.105,0.784,-0.486,0.665,0.664,0.545,0.806,0.67,0.513,0.233,0.556,0.745,0.683,0.859,0.518,0.719,0.636,0.639,0.889,0.714,0.797,0.719,0.79,0.739,0.457,0.782,-0.339,0.946,0.628,0.738,0.811,0.786,0.637,0.752,0.12
AGNC,0.626,0.63,0.595,0.669,0.743,0.739,0.812,1.0,0.596,0.568,0.717,0.783,0.489,0.727,0.627,0.712,0.838,-0.016,0.58,0.609,-0.325,0.665,0.763,0.625,0.911,0.622,0.494,0.748,0.746,0.501,0.663,0.36,0.497,0.759,0.689,0.57,0.715,0.758,0.676,0.753,0.247,0.585,0.411,0.501,0.728,0.426,0.767,0.737,0.797,0.631,0.567,0.315,0.165,0.4,0.563,0.454,0.686,0.675,0.263,0.804,0.459,0.591,0.789,0.769,0.6,0.766,0.637,0.63,0.614,0.562,0.647,-0.047,0.289,0.671,0.64,0.487,0.687,0.244,0.699,0.728,0.713,0.757,0.4,0.658,0.678,0.691,0.403,-0.154,0.748,0.543,0.644,0.634,0.719,0.744,0.741,0.662,0.842,0.711,0.344,0.646,0.582,0.758,0.5,-0.006,0.724,0.72,0.705,-0.457,0.688,0.452,0.628,0.608,0.583,0.7,0.376,0.687,0.642,0.679,0.6,-0.135,0.667,0.496,0.659,0.238,0.815,0.587,0.694,0.759,0.626,0.729,0.416,0.496,0.666,0.754,0.442,0.638,0.665,0.728,0.678,0.658,0.706,0.545,0.634,0.774,0.512,0.666,0.731,0.682,0.823,0.706,0.664,0.219,0.525,0.521,0.434,0.751,-0.666,0.134,0.685,0.617,0.645,0.576,0.573,0.638,0.515,-0.028,0.675,-0.497,0.549,0.633,0.637,0.709,0.509,0.36,0.078,0.569,0.513,0.64,0.903,0.477,0.694,0.506,0.849,0.759,0.657,0.654,0.681,0.621,0.683,0.353,0.728,-0.35,0.799,0.623,0.717,0.791,0.637,0.467,0.617,-0.06
AKBA,0.635,0.465,0.62,0.596,0.652,0.695,0.722,0.596,1.0,0.471,0.654,0.685,0.491,0.692,0.46,0.636,0.675,0.383,0.714,0.779,-0.089,0.708,0.638,0.566,0.632,0.5,0.481,0.654,0.637,0.532,0.512,0.449,0.677,0.677,0.679,0.49,0.675,0.59,0.689,0.686,-0.003,0.523,0.543,0.579,0.634,0.659,0.684,0.685,0.697,0.744,0.528,0.389,0.344,0.628,0.591,0.686,0.715,0.658,0.602,0.613,0.398,0.616,0.772,0.605,0.624,0.623,0.496,0.535,0.774,0.529,0.56,0.386,0.614,0.504,0.668,0.589,0.527,0.527,0.638,0.603,0.608,0.638,0.507,0.657,0.629,0.623,0.681,0.011,0.601,0.624,0.586,0.655,0.671,0.485,0.64,0.531,0.562,0.752,0.655,0.661,0.725,0.693,0.564,0.315,0.553,0.549,0.643,-0.465,0.68,0.571,0.601,0.686,0.728,0.592,0.577,0.727,0.593,0.569,0.75,-0.119,0.533,0.536,0.568,0.427,0.619,0.494,0.704,0.63,0.622,0.578,0.243,0.728,0.608,0.561,0.529,0.536,0.64,0.616,0.721,0.576,0.694,0.474,0.775,0.664,0.45,0.59,0.578,0.76,0.565,0.7,0.662,0.594,0.533,0.741,0.778,0.613,-0.524,0.333,0.644,0.718,0.672,0.63,0.65,0.58,0.749,-0.199,0.653,-0.538,0.583,0.704,0.581,0.647,0.573,0.627,0.199,0.614,0.653,0.695,0.66,0.626,0.645,0.456,0.492,0.723,0.58,0.768,0.477,0.643,0.677,0.609,0.686,-0.298,0.699,0.43,0.636,0.577,0.836,0.558,0.677,0.238
ALT,0.202,0.548,0.651,0.716,0.461,0.56,0.492,0.568,0.471,1.0,0.611,0.624,0.72,0.604,0.22,0.539,0.472,-0.286,0.519,0.573,-0.356,0.496,0.635,0.647,0.44,0.758,0.699,0.595,0.536,0.254,0.741,0.568,0.316,0.676,0.543,0.386,0.549,0.665,0.483,0.666,0.408,0.766,0.091,0.404,0.787,0.445,0.732,0.611,0.383,0.464,0.53,0.005,-0.043,0.269,0.565,0.075,0.644,0.764,-0.048,0.742,0.675,0.366,0.616,0.712,0.404,0.456,0.746,0.276,0.239,0.762,0.436,-0.278,0.138,0.64,0.778,0.351,0.678,0.056,0.738,0.73,0.77,0.633,0.004,0.524,0.835,0.444,0.338,-0.373,0.723,0.388,0.583,0.448,0.372,0.704,0.64,0.769,0.655,0.634,0.022,0.39,0.382,0.552,0.424,-0.267,0.611,0.812,0.476,-0.494,0.61,0.514,0.651,0.607,0.359,0.715,0.474,0.492,0.758,0.645,0.426,-0.358,0.716,0.593,0.772,0.019,0.501,0.596,0.657,0.499,0.597,0.682,0.428,0.312,0.735,0.341,0.217,0.29,0.698,0.583,0.604,0.601,0.565,0.654,0.363,0.533,0.255,0.423,0.644,0.586,0.798,0.486,0.39,0.231,0.224,0.294,0.097,0.586,-0.621,-0.08,0.539,0.625,0.688,0.282,0.591,0.5,0.275,-0.365,0.715,-0.452,0.475,0.5,0.509,0.678,0.215,0.325,-0.243,0.343,0.406,0.209,0.609,0.496,0.49,0.103,0.597,0.588,0.705,0.665,0.492,0.64,0.767,0.095,0.426,-0.505,0.556,0.249,0.459,0.493,0.511,0.104,0.664,-0.268
AMAT,0.594,0.75,0.702,0.769,0.892,0.794,0.82,0.717,0.654,0.611,1.0,0.86,0.646,0.915,0.543,0.874,0.783,0.049,0.683,0.7,-0.144,0.894,0.832,0.707,0.752,0.827,0.483,0.793,0.778,0.632,0.72,0.664,0.734,0.84,0.846,0.651,0.864,0.745,0.753,0.851,0.332,0.732,0.575,0.791,0.881,0.641,0.838,0.893,0.721,0.844,0.858,0.344,0.283,0.563,0.761,0.626,0.862,0.796,0.266,0.856,0.548,0.718,0.83,0.856,0.723,0.748,0.787,0.683,0.589,0.698,0.754,0.178,0.594,0.796,0.722,0.577,0.834,0.371,0.883,0.908,0.744,0.867,0.495,0.774,0.825,0.703,0.664,-0.074,0.854,0.716,0.651,0.774,0.765,0.809,0.842,0.718,0.822,0.936,0.405,0.79,0.646,0.861,0.728,0.146,0.828,0.885,0.859,-0.391,0.84,0.756,0.795,0.683,0.868,0.881,0.7,0.787,0.801,0.783,0.796,-0.073,0.744,0.606,0.83,0.327,0.732,0.838,0.871,0.83,0.823,0.812,0.585,0.75,0.855,0.593,0.641,0.626,0.852,0.79,0.769,0.795,0.843,0.745,0.715,0.727,0.619,0.75,0.926,0.768,0.805,0.798,0.715,0.488,0.607,0.716,0.474,0.64,-0.572,0.179,0.779,0.762,0.884,0.733,0.773,0.737,0.707,0.005,0.848,-0.355,0.725,0.784,0.671,0.872,0.663,0.549,0.189,0.748,0.828,0.607,0.84,0.498,0.687,0.573,0.668,0.868,0.833,0.806,0.735,0.915,0.871,0.446,0.779,-0.295,0.819,0.649,0.765,0.806,0.751,0.476,0.893,0.142
AMD,0.635,0.616,0.657,0.713,0.817,0.663,0.691,0.783,0.685,0.624,0.86,1.0,0.592,0.783,0.561,0.758,0.824,-0.001,0.627,0.726,-0.113,0.739,0.837,0.676,0.726,0.703,0.627,0.693,0.792,0.549,0.752,0.586,0.766,0.756,0.868,0.513,0.76,0.747,0.665,0.844,0.338,0.699,0.531,0.636,0.74,0.43,0.755,0.766,0.763,0.651,0.817,0.299,0.1,0.506,0.604,0.522,0.709,0.687,0.264,0.777,0.513,0.633,0.719,0.755,0.654,0.644,0.691,0.575,0.608,0.602,0.69,0.016,0.369,0.73,0.695,0.454,0.769,0.26,0.755,0.821,0.786,0.828,0.374,0.735,0.744,0.665,0.64,-0.229,0.789,0.587,0.678,0.648,0.77,0.729,0.725,0.667,0.756,0.891,0.421,0.725,0.629,0.78,0.582,-0.067,0.719,0.81,0.824,-0.402,0.695,0.561,0.659,0.605,0.767,0.785,0.524,0.713,0.783,0.776,0.597,-0.175,0.668,0.646,0.755,0.23,0.841,0.858,0.755,0.745,0.764,0.751,0.614,0.716,0.678,0.632,0.535,0.522,0.727,0.738,0.717,0.699,0.742,0.605,0.763,0.739,0.535,0.605,0.813,0.806,0.751,0.772,0.687,0.395,0.606,0.599,0.447,0.774,-0.592,0.121,0.781,0.671,0.709,0.578,0.651,0.78,0.664,-0.039,0.713,-0.442,0.607,0.764,0.788,0.755,0.559,0.38,0.078,0.705,0.649,0.631,0.832,0.519,0.677,0.451,0.798,0.746,0.784,0.724,0.679,0.71,0.801,0.373,0.706,-0.327,0.7,0.583,0.762,0.754,0.739,0.385,0.797,0.016
AMGN,0.111,0.552,0.45,0.647,0.567,0.545,0.535,0.489,0.491,0.72,0.646,0.592,1.0,0.636,0.119,0.517,0.424,-0.287,0.554,0.489,-0.449,0.504,0.584,0.682,0.396,0.782,0.702,0.535,0.471,0.148,0.624,0.545,0.283,0.623,0.537,0.255,0.572,0.616,0.506,0.636,0.472,0.794,0.11,0.388,0.728,0.482,0.631,0.575,0.255,0.459,0.488,-0.057,0.046,0.217,0.523,0.105,0.626,0.674,-0.057,0.642,0.676,0.281,0.647,0.728,0.291,0.377,0.808,0.196,0.26,0.797,0.427,-0.155,0.207,0.628,0.74,0.215,0.651,0.146,0.772,0.744,0.568,0.557,-0.011,0.619,0.773,0.244,0.387,-0.416,0.772,0.343,0.48,0.408,0.276,0.741,0.638,0.763,0.609,0.665,-0.019,0.324,0.399,0.497,0.389,-0.248,0.634,0.746,0.493,-0.463,0.581,0.621,0.606,0.477,0.396,0.672,0.538,0.356,0.658,0.53,0.467,-0.31,0.743,0.509,0.683,0.032,0.397,0.581,0.635,0.46,0.596,0.662,0.392,0.379,0.681,0.177,0.181,0.196,0.57,0.511,0.607,0.568,0.554,0.785,0.355,0.428,0.253,0.341,0.665,0.554,0.64,0.391,0.293,0.253,0.151,0.313,0.13,0.53,-0.603,-0.208,0.447,0.542,0.709,0.286,0.559,0.362,0.307,-0.421,0.668,-0.398,0.434,0.507,0.437,0.732,0.166,0.35,-0.344,0.301,0.547,0.146,0.545,0.334,0.437,0.097,0.478,0.569,0.641,0.733,0.359,0.719,0.739,0.076,0.306,-0.525,0.544,0.137,0.363,0.459,0.432,0.07,0.666,-0.278
AMZN,0.631,0.783,0.784,0.787,0.874,0.871,0.875,0.727,0.692,0.604,0.915,0.783,0.636,1.0,0.62,0.933,0.808,0.15,0.78,0.76,-0.137,0.915,0.737,0.768,0.778,0.778,0.491,0.89,0.812,0.703,0.734,0.59,0.686,0.898,0.84,0.743,0.907,0.803,0.769,0.857,0.24,0.763,0.554,0.714,0.914,0.748,0.906,0.913,0.743,0.864,0.766,0.46,0.31,0.607,0.846,0.632,0.942,0.857,0.366,0.805,0.585,0.816,0.899,0.896,0.808,0.841,0.772,0.758,0.624,0.725,0.817,0.17,0.658,0.726,0.771,0.653,0.842,0.493,0.937,0.902,0.778,0.906,0.574,0.775,0.868,0.724,0.669,0.11,0.866,0.813,0.604,0.862,0.774,0.824,0.898,0.791,0.834,0.896,0.458,0.831,0.703,0.912,0.686,0.305,0.8,0.835,0.841,-0.369,0.931,0.773,0.891,0.735,0.811,0.891,0.727,0.818,0.813,0.706,0.84,-0.059,0.81,0.566,0.834,0.344,0.726,0.684,0.905,0.879,0.76,0.835,0.449,0.7,0.87,0.664,0.693,0.635,0.884,0.854,0.824,0.757,0.921,0.741,0.734,0.815,0.634,0.799,0.873,0.78,0.816,0.822,0.764,0.54,0.601,0.775,0.585,0.673,-0.612,0.247,0.763,0.845,0.898,0.759,0.774,0.664,0.707,-0.034,0.792,-0.323,0.812,0.739,0.652,0.917,0.755,0.576,0.27,0.715,0.832,0.657,0.893,0.582,0.756,0.618,0.637,0.891,0.838,0.838,0.78,0.886,0.864,0.518,0.818,-0.258,0.902,0.622,0.824,0.86,0.792,0.599,0.866,0.21
APA,0.768,0.464,0.68,0.341,0.718,0.646,0.568,0.627,0.46,0.22,0.543,0.561,0.119,0.62,1.0,0.634,0.822,0.308,0.529,0.5,0.267,0.654,0.541,0.491,0.732,0.384,0.167,0.72,0.591,0.73,0.37,0.258,0.675,0.631,0.534,0.826,0.672,0.58,0.606,0.596,-0.024,0.292,0.572,0.528,0.531,0.26,0.581,0.574,0.792,0.615,0.527,0.684,0.157,0.445,0.512,0.536,0.584,0.468,0.474,0.562,0.336,0.787,0.594,0.515,0.715,0.848,0.234,0.77,0.534,0.283,0.741,0.244,0.423,0.479,0.297,0.768,0.539,0.538,0.44,0.445,0.674,0.705,0.682,0.493,0.417,0.72,0.435,0.392,0.486,0.652,0.455,0.713,0.777,0.454,0.471,0.323,0.622,0.542,0.558,0.714,0.442,0.649,0.622,0.375,0.454,0.439,0.687,-0.234,0.629,0.208,0.52,0.491,0.58,0.437,0.256,0.61,0.388,0.539,0.608,0.242,0.467,0.237,0.551,0.399,0.683,0.352,0.572,0.726,0.538,0.535,0.263,0.603,0.443,0.9,0.589,0.854,0.581,0.721,0.544,0.549,0.66,0.157,0.695,0.842,0.678,0.702,0.584,0.579,0.523,0.613,0.607,0.208,0.737,0.582,0.606,0.63,-0.449,0.498,0.51,0.553,0.409,0.678,0.498,0.72,0.611,0.159,0.494,-0.33,0.648,0.592,0.526,0.593,0.725,0.225,0.539,0.643,0.478,0.682,0.721,0.435,0.718,0.743,0.626,0.646,0.493,0.437,0.717,0.397,0.493,0.518,0.69,-0.032,0.629,0.629,0.609,0.78,0.593,0.656,0.488,0.304
APPS,0.605,0.786,0.745,0.756,0.842,0.823,0.825,0.712,0.636,0.539,0.874,0.758,0.517,0.933,0.634,1.0,0.802,0.113,0.809,0.717,-0.024,0.862,0.696,0.745,0.758,0.723,0.438,0.873,0.779,0.735,0.729,0.57,0.712,0.863,0.821,0.77,0.899,0.753,0.692,0.771,0.24,0.7,0.576,0.744,0.825,0.633,0.87,0.891,0.723,0.824,0.828,0.476,0.258,0.637,0.831,0.616,0.904,0.824,0.297,0.776,0.508,0.821,0.823,0.851,0.823,0.83,0.696,0.76,0.637,0.668,0.826,0.095,0.636,0.697,0.704,0.619,0.843,0.468,0.864,0.835,0.749,0.879,0.612,0.799,0.797,0.722,0.665,0.134,0.821,0.81,0.619,0.845,0.754,0.809,0.862,0.733,0.813,0.845,0.485,0.811,0.689,0.903,0.646,0.276,0.802,0.782,0.864,-0.361,0.872,0.656,0.839,0.769,0.801,0.856,0.746,0.79,0.769,0.714,0.759,0.001,0.791,0.567,0.785,0.291,0.753,0.724,0.876,0.842,0.71,0.802,0.538,0.705,0.838,0.667,0.694,0.649,0.885,0.823,0.772,0.726,0.89,0.647,0.696,0.774,0.67,0.786,0.852,0.784,0.759,0.844,0.791,0.537,0.634,0.696,0.535,0.641,-0.607,0.216,0.776,0.789,0.818,0.76,0.816,0.688,0.67,0.104,0.764,-0.34,0.806,0.702,0.639,0.82,0.745,0.516,0.306,0.677,0.775,0.607,0.851,0.604,0.806,0.655,0.634,0.828,0.822,0.764,0.812,0.823,0.822,0.528,0.812,-0.232,0.831,0.658,0.815,0.856,0.76,0.619,0.841,0.294
ARCC,0.802,0.607,0.712,0.592,0.897,0.733,0.742,0.838,0.675,0.472,0.783,0.824,0.424,0.808,0.822,0.802,1.0,0.184,0.696,0.69,-0.032,0.756,0.765,0.588,0.817,0.612,0.405,0.796,0.859,0.672,0.621,0.47,0.751,0.806,0.82,0.699,0.796,0.706,0.707,0.868,0.101,0.541,0.641,0.667,0.744,0.461,0.75,0.754,0.89,0.773,0.718,0.505,0.231,0.606,0.634,0.611,0.746,0.657,0.433,0.749,0.417,0.794,0.759,0.698,0.75,0.837,0.568,0.769,0.719,0.486,0.76,0.154,0.497,0.681,0.592,0.673,0.704,0.472,0.682,0.703,0.829,0.836,0.586,0.704,0.669,0.756,0.631,0.057,0.731,0.672,0.63,0.724,0.85,0.699,0.694,0.559,0.779,0.798,0.56,0.769,0.659,0.84,0.642,0.192,0.67,0.697,0.897,-0.309,0.732,0.496,0.66,0.622,0.765,0.703,0.514,0.75,0.655,0.717,0.704,-0.057,0.63,0.488,0.693,0.357,0.843,0.64,0.742,0.857,0.729,0.689,0.455,0.715,0.645,0.836,0.616,0.761,0.746,0.806,0.71,0.685,0.784,0.449,0.773,0.916,0.685,0.774,0.76,0.784,0.754,0.803,0.796,0.381,0.664,0.702,0.602,0.757,-0.563,0.319,0.736,0.633,0.647,0.692,0.664,0.8,0.763,0.081,0.699,-0.426,0.691,0.783,0.71,0.765,0.746,0.407,0.307,0.798,0.63,0.737,0.91,0.548,0.799,0.623,0.787,0.807,0.686,0.673,0.758,0.642,0.764,0.575,0.785,-0.176,0.775,0.717,0.804,0.834,0.75,0.558,0.7,0.235
ARDX,0.448,-0.106,0.177,-0.114,0.124,0.236,0.198,-0.016,0.383,-0.286,0.049,-0.001,-0.287,0.15,0.308,0.113,0.184,1.0,0.214,0.19,0.145,0.333,-0.055,-0.15,0.238,-0.248,-0.384,0.077,0.074,0.358,-0.243,-0.196,0.291,0.035,0.051,0.247,0.132,-0.154,0.32,-0.009,-0.555,-0.258,0.458,0.2,-0.018,0.372,0.005,0.09,0.332,0.351,-0.056,0.581,0.452,0.39,0.043,0.596,0.108,-0.072,0.648,-0.057,-0.173,0.349,0.151,-0.14,0.297,0.23,-0.347,0.423,0.408,-0.199,0.129,0.69,0.626,-0.145,-0.078,0.476,-0.22,0.571,-0.109,-0.142,-0.073,0.006,0.563,0.001,-0.1,0.295,0.379,0.627,-0.152,0.328,-0.101,0.259,0.305,-0.24,-0.003,-0.3,-0.144,0.107,0.595,0.314,0.333,0.155,0.26,0.746,-0.168,-0.165,0.166,0.001,0.163,0.2,0.069,0.144,0.382,-0.156,0.039,0.213,-0.184,-0.15,0.379,0.144,-0.237,-0.149,-0.071,0.578,0.042,-0.182,0.004,0.164,0.042,-0.086,-0.256,0.347,-0.066,0.27,0.528,0.297,0.08,0.081,0.043,0.002,0.169,-0.22,0.405,0.154,0.269,0.28,-0.1,0.089,-0.128,0.145,0.23,0.359,0.293,0.468,0.635,-0.068,0.042,0.704,0.108,0.251,0.017,0.402,0.048,0.074,0.422,0.043,-0.016,-0.161,0.179,0.134,-0.052,0.014,0.466,0.335,0.587,0.274,0.176,0.468,0.032,0.068,0.215,0.371,-0.248,0.122,-0.136,0.121,0.019,-0.004,-0.077,0.544,0.255,0.233,0.203,0.254,0.169,0.078,0.352,0.617,0.041,0.58
ATER,0.575,0.595,0.751,0.654,0.694,0.715,0.664,0.58,0.714,0.519,0.683,0.627,0.554,0.78,0.529,0.809,0.696,0.214,1.0,0.717,-0.118,0.706,0.55,0.539,0.613,0.567,0.405,0.717,0.73,0.659,0.67,0.502,0.621,0.743,0.714,0.576,0.7,0.573,0.622,0.641,-0.013,0.538,0.591,0.664,0.722,0.597,0.722,0.723,0.642,0.731,0.638,0.51,0.162,0.688,0.769,0.586,0.772,0.741,0.37,0.643,0.45,0.721,0.737,0.676,0.798,0.665,0.524,0.615,0.647,0.557,0.676,0.082,0.628,0.579,0.618,0.596,0.592,0.658,0.69,0.654,0.71,0.706,0.495,0.718,0.647,0.624,0.749,0.182,0.623,0.693,0.512,0.686,0.616,0.647,0.665,0.558,0.644,0.683,0.541,0.722,0.756,0.792,0.528,0.3,0.586,0.642,0.747,-0.39,0.767,0.587,0.661,0.763,0.717,0.652,0.761,0.725,0.644,0.536,0.721,-0.136,0.645,0.506,0.65,0.364,0.683,0.515,0.741,0.689,0.537,0.657,0.362,0.582,0.685,0.543,0.614,0.581,0.754,0.63,0.612,0.639,0.726,0.46,0.681,0.662,0.605,0.713,0.655,0.728,0.627,0.729,0.734,0.624,0.536,0.651,0.595,0.555,-0.56,0.29,0.706,0.698,0.632,0.615,0.802,0.647,0.692,-0.094,0.694,-0.41,0.687,0.629,0.553,0.664,0.698,0.558,0.193,0.578,0.607,0.565,0.656,0.689,0.727,0.466,0.491,0.699,0.669,0.739,0.571,0.687,0.72,0.613,0.699,-0.27,0.673,0.469,0.755,0.635,0.73,0.564,0.736,0.32
ATOS,0.632,0.51,0.766,0.635,0.67,0.755,0.697,0.609,0.779,0.573,0.7,0.726,0.489,0.76,0.5,0.717,0.69,0.19,0.717,1.0,-0.087,0.695,0.661,0.629,0.604,0.601,0.57,0.725,0.747,0.626,0.793,0.517,0.7,0.765,0.721,0.572,0.737,0.716,0.649,0.737,0.084,0.585,0.467,0.604,0.751,0.58,0.736,0.77,0.666,0.692,0.625,0.396,0.167,0.611,0.705,0.581,0.758,0.791,0.451,0.646,0.468,0.684,0.731,0.693,0.727,0.664,0.584,0.629,0.665,0.61,0.67,0.193,0.438,0.61,0.727,0.579,0.682,0.393,0.734,0.694,0.751,0.817,0.456,0.621,0.693,0.722,0.651,0.007,0.648,0.701,0.605,0.716,0.734,0.598,0.672,0.635,0.696,0.743,0.602,0.778,0.703,0.724,0.568,0.227,0.633,0.672,0.67,-0.408,0.77,0.497,0.662,0.756,0.672,0.694,0.579,0.825,0.806,0.619,0.744,-0.115,0.647,0.57,0.721,0.314,0.673,0.632,0.776,0.724,0.568,0.695,0.395,0.692,0.745,0.548,0.523,0.553,0.712,0.699,0.687,0.629,0.768,0.446,0.738,0.711,0.488,0.714,0.666,0.774,0.662,0.805,0.762,0.552,0.576,0.667,0.673,0.704,-0.585,0.251,0.819,0.734,0.68,0.614,0.747,0.625,0.749,-0.113,0.669,-0.429,0.635,0.729,0.682,0.734,0.688,0.453,0.187,0.632,0.643,0.721,0.724,0.657,0.702,0.469,0.597,0.757,0.748,0.661,0.701,0.663,0.729,0.48,0.7,-0.281,0.694,0.429,0.807,0.71,0.824,0.521,0.69,0.15
AUPH,0.081,-0.062,0.03,-0.274,-0.048,-0.164,-0.267,-0.325,-0.089,-0.356,-0.144,-0.113,-0.449,-0.137,0.267,-0.024,-0.032,0.145,-0.118,-0.087,1.0,-0.076,-0.138,-0.033,-0.203,-0.233,-0.173,-0.034,-0.045,0.245,-0.226,0.073,0.28,-0.115,-0.014,0.272,0.003,-0.041,-0.23,-0.199,-0.151,-0.171,0.23,0.113,-0.233,-0.321,-0.2,-0.111,-0.016,-0.053,0.093,0.338,-0.133,0.134,-0.027,0.065,-0.048,-0.182,0.154,-0.236,-0.136,0.125,-0.277,-0.243,0.107,0.008,-0.383,0.086,0.075,-0.266,0.129,0.175,0.091,-0.136,-0.309,0.09,-0.005,0.165,-0.25,-0.256,-0.084,-0.084,0.278,0.016,-0.212,0.077,0.113,0.41,-0.174,0.136,0.073,0.157,0.005,-0.248,-0.24,-0.294,-0.206,-0.139,0.303,0.041,-0.084,-0.102,0.119,0.222,-0.167,-0.269,0.07,0.4,-0.138,-0.289,-0.145,-0.115,0.029,-0.213,-0.008,-0.032,-0.189,0.089,-0.12,0.437,-0.173,-0.015,-0.088,-0.071,-0.041,-0.072,-0.075,0.021,-0.015,-0.127,0.049,0.186,-0.229,0.136,0.101,0.103,-0.016,0.028,-0.001,-0.091,-0.047,-0.352,0.087,-0.007,0.209,0.02,-0.126,-0.034,-0.238,0.027,0.004,0.154,0.289,-0.047,0.13,-0.064,0.165,0.285,-0.163,-0.049,-0.196,0.08,-0.118,0.14,0.117,0.488,-0.194,0.278,0.196,-0.037,0.102,-0.194,0.19,-0.164,0.436,0.141,-0.003,-0.004,-0.165,0.112,-0.005,0.262,-0.101,-0.121,-0.138,-0.22,0.114,-0.235,-0.215,0.198,0.036,0.455,-0.252,0.055,-0.022,0.014,-0.037,0.131,-0.109,0.433
AVGO,0.635,0.699,0.738,0.725,0.843,0.831,0.871,0.665,0.708,0.496,0.894,0.739,0.504,0.915,0.654,0.862,0.756,0.333,0.706,0.695,-0.076,1.0,0.73,0.696,0.801,0.696,0.374,0.842,0.703,0.742,0.586,0.508,0.721,0.838,0.744,0.732,0.875,0.726,0.848,0.748,0.217,0.638,0.585,0.752,0.823,0.711,0.853,0.863,0.728,0.883,0.75,0.557,0.413,0.633,0.745,0.692,0.881,0.773,0.436,0.767,0.466,0.81,0.852,0.809,0.775,0.825,0.607,0.781,0.633,0.624,0.823,0.318,0.749,0.682,0.693,0.699,0.743,0.54,0.829,0.8,0.685,0.848,0.662,0.742,0.771,0.734,0.69,0.194,0.772,0.789,0.582,0.861,0.799,0.676,0.842,0.653,0.735,0.878,0.54,0.796,0.668,0.844,0.759,0.391,0.754,0.747,0.797,-0.455,0.873,0.721,0.783,0.723,0.842,0.775,0.644,0.787,0.665,0.629,0.856,0.045,0.709,0.5,0.769,0.456,0.657,0.649,0.844,0.86,0.76,0.728,0.435,0.77,0.809,0.688,0.769,0.696,0.858,0.844,0.778,0.739,0.869,0.648,0.798,0.748,0.683,0.778,0.84,0.726,0.726,0.78,0.725,0.524,0.718,0.774,0.656,0.63,-0.6,0.375,0.717,0.831,0.852,0.842,0.747,0.688,0.74,-0.029,0.81,-0.44,0.755,0.75,0.597,0.837,0.738,0.545,0.372,0.687,0.838,0.672,0.807,0.517,0.715,0.696,0.56,0.858,0.724,0.844,0.755,0.83,0.774,0.588,0.826,-0.271,0.894,0.668,0.725,0.823,0.817,0.71,0.853,0.308
AZN,0.508,0.585,0.63,0.67,0.742,0.667,0.725,0.763,0.638,0.635,0.832,0.837,0.584,0.737,0.541,0.696,0.765,-0.055,0.55,0.661,-0.138,0.73,1.0,0.654,0.723,0.836,0.62,0.743,0.723,0.451,0.697,0.713,0.63,0.75,0.821,0.553,0.738,0.757,0.766,0.803,0.375,0.651,0.461,0.722,0.757,0.383,0.708,0.685,0.652,0.688,0.731,0.156,0.043,0.415,0.644,0.439,0.745,0.711,0.17,0.823,0.538,0.557,0.746,0.766,0.513,0.694,0.644,0.491,0.511,0.61,0.65,0.003,0.327,0.891,0.643,0.537,0.768,0.195,0.751,0.757,0.747,0.793,0.231,0.746,0.707,0.642,0.507,-0.3,0.789,0.584,0.802,0.659,0.675,0.749,0.687,0.694,0.838,0.841,0.257,0.642,0.521,0.668,0.558,-0.124,0.8,0.76,0.773,-0.463,0.706,0.537,0.665,0.629,0.688,0.734,0.484,0.673,0.707,0.85,0.648,-0.236,0.733,0.776,0.782,0.257,0.764,0.792,0.836,0.786,0.689,0.754,0.666,0.609,0.79,0.594,0.4,0.639,0.713,0.737,0.648,0.876,0.681,0.597,0.706,0.756,0.619,0.552,0.773,0.765,0.817,0.787,0.665,0.336,0.548,0.49,0.344,0.702,-0.707,0.012,0.664,0.65,0.744,0.572,0.761,0.831,0.644,-0.088,0.822,-0.496,0.612,0.805,0.858,0.744,0.456,0.239,-0.094,0.607,0.555,0.548,0.81,0.628,0.646,0.412,0.798,0.851,0.81,0.733,0.676,0.711,0.766,0.313,0.734,-0.467,0.681,0.556,0.676,0.721,0.72,0.262,0.81,-0.102
BCRX,0.323,0.679,0.658,0.728,0.673,0.715,0.706,0.625,0.566,0.647,0.707,0.676,0.682,0.768,0.491,0.745,0.588,-0.15,0.539,0.629,-0.033,0.696,0.654,1.0,0.605,0.739,0.702,0.811,0.56,0.507,0.662,0.507,0.557,0.799,0.636,0.671,0.815,0.835,0.655,0.672,0.501,0.851,0.189,0.451,0.745,0.483,0.821,0.73,0.474,0.581,0.668,0.255,0.078,0.316,0.647,0.292,0.801,0.788,0.194,0.687,0.778,0.618,0.723,0.857,0.564,0.7,0.728,0.461,0.415,0.823,0.733,-0.045,0.284,0.642,0.771,0.447,0.874,0.182,0.837,0.774,0.678,0.785,0.305,0.694,0.825,0.559,0.356,-0.125,0.827,0.597,0.64,0.741,0.562,0.748,0.762,0.848,0.729,0.763,0.218,0.573,0.397,0.688,0.585,-0.022,0.744,0.697,0.62,-0.47,0.764,0.455,0.792,0.673,0.5,0.742,0.483,0.564,0.711,0.704,0.56,0.017,0.892,0.543,0.784,0.146,0.576,0.648,0.798,0.667,0.688,0.768,0.49,0.598,0.786,0.526,0.349,0.452,0.768,0.78,0.815,0.631,0.814,0.684,0.549,0.68,0.405,0.548,0.755,0.69,0.706,0.623,0.492,0.227,0.504,0.441,0.357,0.753,-0.756,0.026,0.544,0.734,0.78,0.547,0.656,0.541,0.436,-0.19,0.689,-0.446,0.651,0.572,0.596,0.823,0.405,0.288,0.043,0.408,0.665,0.375,0.737,0.493,0.641,0.444,0.642,0.673,0.769,0.758,0.742,0.708,0.755,0.241,0.572,-0.381,0.729,0.327,0.489,0.773,0.618,0.396,0.765,-0.09
BGC,0.695,0.626,0.635,0.583,0.757,0.817,0.859,0.911,0.632,0.44,0.752,0.726,0.396,0.778,0.732,0.758,0.817,0.238,0.613,0.604,-0.203,0.801,0.723,0.605,1.0,0.578,0.337,0.778,0.677,0.648,0.536,0.337,0.593,0.765,0.664,0.687,0.784,0.731,0.778,0.679,0.148,0.535,0.564,0.593,0.72,0.505,0.751,0.789,0.833,0.747,0.567,0.529,0.343,0.493,0.627,0.652,0.731,0.656,0.411,0.778,0.421,0.712,0.833,0.762,0.67,0.838,0.506,0.788,0.646,0.51,0.755,0.193,0.503,0.634,0.579,0.625,0.651,0.455,0.687,0.684,0.649,0.767,0.601,0.667,0.634,0.8,0.491,0.107,0.706,0.698,0.602,0.752,0.802,0.671,0.755,0.58,0.814,0.727,0.496,0.736,0.625,0.754,0.627,0.271,0.711,0.66,0.707,-0.432,0.761,0.52,0.655,0.65,0.688,0.634,0.398,0.731,0.552,0.643,0.734,0.063,0.634,0.414,0.655,0.426,0.769,0.535,0.728,0.805,0.649,0.73,0.365,0.626,0.675,0.802,0.627,0.74,0.695,0.793,0.686,0.683,0.78,0.5,0.748,0.754,0.652,0.719,0.74,0.66,0.761,0.706,0.71,0.329,0.669,0.645,0.591,0.704,-0.662,0.351,0.663,0.709,0.692,0.764,0.594,0.667,0.627,0.021,0.679,-0.495,0.669,0.662,0.575,0.729,0.63,0.452,0.312,0.617,0.619,0.717,0.861,0.462,0.717,0.723,0.708,0.801,0.636,0.689,0.733,0.639,0.627,0.518,0.812,-0.248,0.848,0.666,0.726,0.847,0.702,0.692,0.664,0.158
BIDU,0.289,0.695,0.63,0.739,0.693,0.649,0.686,0.622,0.5,0.758,0.827,0.703,0.782,0.778,0.384,0.723,0.612,-0.248,0.567,0.601,-0.233,0.696,0.836,0.739,0.578,1.0,0.714,0.751,0.635,0.395,0.747,0.804,0.492,0.778,0.722,0.547,0.734,0.785,0.637,0.762,0.451,0.797,0.319,0.728,0.855,0.446,0.77,0.733,0.45,0.654,0.718,0.057,0.018,0.367,0.717,0.249,0.8,0.835,-0.009,0.865,0.633,0.483,0.754,0.841,0.479,0.623,0.788,0.443,0.339,0.748,0.633,-0.07,0.303,0.921,0.759,0.493,0.824,0.132,0.87,0.845,0.746,0.767,0.168,0.748,0.845,0.501,0.459,-0.316,0.871,0.548,0.739,0.616,0.514,0.894,0.772,0.814,0.853,0.795,0.116,0.555,0.463,0.659,0.562,-0.169,0.837,0.877,0.674,-0.421,0.748,0.643,0.762,0.613,0.586,0.82,0.642,0.58,0.765,0.76,0.65,-0.282,0.85,0.706,0.887,0.073,0.62,0.732,0.845,0.716,0.693,0.785,0.584,0.519,0.878,0.429,0.335,0.523,0.767,0.714,0.7,0.89,0.698,0.746,0.556,0.639,0.592,0.555,0.823,0.671,0.811,0.648,0.548,0.355,0.405,0.39,0.223,0.643,-0.706,-0.102,0.605,0.668,0.827,0.485,0.768,0.652,0.462,-0.189,0.88,-0.343,0.624,0.731,0.684,0.841,0.388,0.283,-0.169,0.499,0.618,0.314,0.725,0.541,0.592,0.339,0.652,0.805,0.807,0.758,0.665,0.806,0.816,0.198,0.594,-0.483,0.684,0.429,0.585,0.669,0.574,0.185,0.807,-0.132
BILI,0.045,0.489,0.454,0.6,0.39,0.41,0.447,0.494,0.481,0.699,0.483,0.627,0.702,0.491,0.167,0.438,0.405,-0.384,0.405,0.57,-0.173,0.374,0.62,0.702,0.337,0.714,1.0,0.547,0.436,0.134,0.701,0.622,0.316,0.557,0.564,0.276,0.476,0.723,0.366,0.555,0.56,0.781,0.031,0.33,0.575,0.201,0.572,0.457,0.221,0.271,0.518,-0.143,-0.291,0.228,0.443,-0.001,0.555,0.636,-0.084,0.573,0.582,0.186,0.519,0.631,0.238,0.335,0.628,0.082,0.234,0.612,0.404,-0.328,-0.061,0.667,0.735,0.173,0.646,-0.116,0.665,0.639,0.602,0.573,-0.143,0.605,0.706,0.313,0.325,-0.502,0.696,0.259,0.678,0.352,0.295,0.628,0.533,0.781,0.608,0.625,0.066,0.272,0.359,0.423,0.201,-0.447,0.572,0.63,0.409,-0.477,0.48,0.315,0.5,0.425,0.291,0.597,0.361,0.394,0.669,0.625,0.287,-0.451,0.713,0.641,0.712,-0.169,0.485,0.586,0.609,0.439,0.449,0.616,0.508,0.345,0.593,0.228,0.01,0.177,0.494,0.5,0.628,0.561,0.449,0.537,0.451,0.468,0.266,0.248,0.572,0.61,0.613,0.473,0.362,0.25,0.169,0.093,0.145,0.776,-0.672,-0.325,0.412,0.467,0.515,0.129,0.501,0.451,0.277,-0.359,0.566,-0.43,0.35,0.521,0.639,0.591,0.109,-0.005,-0.449,0.207,0.3,0.11,0.509,0.556,0.435,0.031,0.655,0.49,0.648,0.616,0.456,0.501,0.635,-0.0,0.337,-0.621,0.421,0.066,0.366,0.427,0.433,-0.031,0.563,-0.308
BKR,0.543,0.714,0.802,0.732,0.78,0.847,0.871,0.748,0.654,0.595,0.793,0.693,0.535,0.89,0.72,0.873,0.796,0.077,0.717,0.725,-0.034,0.842,0.743,0.811,0.778,0.751,0.547,1.0,0.732,0.701,0.696,0.531,0.627,0.913,0.751,0.855,0.908,0.875,0.769,0.75,0.316,0.693,0.428,0.652,0.843,0.614,0.895,0.83,0.689,0.804,0.699,0.44,0.221,0.514,0.804,0.491,0.915,0.85,0.344,0.772,0.589,0.778,0.861,0.871,0.754,0.929,0.671,0.734,0.597,0.649,0.852,0.102,0.519,0.738,0.739,0.713,0.862,0.422,0.861,0.782,0.767,0.891,0.552,0.758,0.811,0.706,0.537,0.122,0.831,0.765,0.68,0.859,0.736,0.759,0.849,0.81,0.845,0.806,0.435,0.767,0.583,0.863,0.628,0.244,0.817,0.737,0.766,-0.497,0.905,0.547,0.841,0.735,0.671,0.777,0.59,0.757,0.726,0.74,0.783,-0.068,0.857,0.532,0.837,0.312,0.72,0.579,0.915,0.893,0.646,0.771,0.423,0.638,0.843,0.772,0.529,0.747,0.855,0.888,0.81,0.76,0.887,0.615,0.722,0.873,0.638,0.749,0.813,0.745,0.806,0.814,0.709,0.42,0.611,0.657,0.586,0.755,-0.7,0.202,0.685,0.789,0.794,0.749,0.775,0.691,0.628,-0.04,0.799,-0.48,0.77,0.694,0.657,0.846,0.701,0.389,0.243,0.556,0.696,0.599,0.892,0.651,0.764,0.659,0.7,0.881,0.792,0.777,0.841,0.745,0.784,0.459,0.818,-0.377,0.888,0.607,0.747,0.889,0.769,0.594,0.785,0.16
BLDP,0.676,0.585,0.702,0.729,0.811,0.679,0.699,0.746,0.637,0.536,0.778,0.792,0.471,0.812,0.591,0.779,0.859,0.074,0.73,0.747,-0.045,0.703,0.723,0.56,0.677,0.635,0.436,0.732,1.0,0.683,0.707,0.603,0.664,0.767,0.856,0.572,0.76,0.691,0.598,0.829,0.067,0.599,0.616,0.701,0.776,0.526,0.763,0.735,0.738,0.717,0.704,0.459,0.164,0.661,0.695,0.556,0.765,0.735,0.353,0.729,0.401,0.711,0.686,0.695,0.757,0.703,0.614,0.691,0.743,0.542,0.684,0.1,0.5,0.68,0.661,0.498,0.728,0.403,0.729,0.73,0.776,0.794,0.498,0.719,0.701,0.676,0.688,0.016,0.695,0.666,0.583,0.71,0.708,0.709,0.701,0.579,0.728,0.737,0.526,0.72,0.731,0.825,0.575,0.17,0.65,0.717,0.831,-0.116,0.72,0.617,0.667,0.638,0.726,0.752,0.703,0.781,0.726,0.653,0.694,-0.142,0.64,0.607,0.674,0.23,0.764,0.652,0.749,0.845,0.654,0.684,0.497,0.6,0.713,0.657,0.624,0.589,0.79,0.715,0.697,0.682,0.752,0.509,0.713,0.787,0.597,0.795,0.696,0.709,0.779,0.793,0.768,0.567,0.627,0.643,0.558,0.636,-0.527,0.232,0.756,0.657,0.698,0.623,0.688,0.719,0.74,0.104,0.728,-0.232,0.675,0.722,0.736,0.726,0.72,0.465,0.201,0.804,0.635,0.658,0.833,0.597,0.633,0.462,0.723,0.799,0.689,0.691,0.676,0.706,0.745,0.534,0.737,-0.046,0.712,0.646,0.89,0.729,0.744,0.47,0.693,0.24
BLNK,0.696,0.423,0.765,0.53,0.64,0.672,0.632,0.501,0.532,0.254,0.632,0.549,0.148,0.703,0.73,0.735,0.672,0.358,0.659,0.626,0.245,0.742,0.451,0.507,0.648,0.395,0.134,0.701,0.683,1.0,0.448,0.331,0.748,0.717,0.631,0.742,0.758,0.594,0.548,0.5,-0.114,0.406,0.663,0.637,0.604,0.477,0.687,0.709,0.723,0.735,0.616,0.854,0.259,0.646,0.69,0.703,0.724,0.638,0.627,0.557,0.337,0.865,0.59,0.609,0.879,0.728,0.268,0.825,0.591,0.392,0.819,0.337,0.627,0.416,0.45,0.68,0.604,0.59,0.562,0.548,0.595,0.695,0.792,0.548,0.487,0.758,0.6,0.568,0.48,0.804,0.423,0.803,0.768,0.466,0.576,0.36,0.541,0.591,0.648,0.815,0.54,0.755,0.646,0.603,0.509,0.493,0.693,-0.169,0.729,0.346,0.555,0.618,0.671,0.529,0.568,0.768,0.441,0.485,0.727,0.282,0.545,0.33,0.545,0.408,0.674,0.398,0.661,0.764,0.538,0.569,0.314,0.62,0.598,0.745,0.786,0.696,0.758,0.741,0.584,0.525,0.779,0.223,0.766,0.622,0.669,0.843,0.564,0.561,0.53,0.706,0.708,0.471,0.865,0.705,0.74,0.533,-0.443,0.63,0.603,0.713,0.556,0.799,0.612,0.684,0.689,0.16,0.567,-0.258,0.76,0.525,0.517,0.635,0.843,0.432,0.647,0.596,0.615,0.674,0.646,0.492,0.659,0.736,0.424,0.66,0.542,0.57,0.717,0.55,0.518,0.616,0.805,0.078,0.708,0.532,0.739,0.746,0.674,0.788,0.605,0.494
BYND,0.435,0.637,0.689,0.766,0.634,0.656,0.628,0.663,0.512,0.741,0.72,0.752,0.624,0.734,0.37,0.729,0.621,-0.243,0.67,0.793,-0.226,0.586,0.697,0.662,0.536,0.747,0.701,0.696,0.707,0.448,1.0,0.602,0.487,0.75,0.738,0.471,0.646,0.776,0.509,0.756,0.316,0.69,0.269,0.524,0.796,0.411,0.756,0.753,0.554,0.549,0.681,0.138,-0.128,0.402,0.712,0.258,0.732,0.819,0.084,0.753,0.556,0.507,0.679,0.786,0.655,0.575,0.753,0.412,0.367,0.681,0.589,-0.247,0.194,0.722,0.731,0.409,0.767,0.14,0.8,0.834,0.804,0.822,0.171,0.685,0.762,0.585,0.485,-0.263,0.773,0.563,0.67,0.592,0.579,0.809,0.686,0.78,0.809,0.709,0.193,0.675,0.595,0.7,0.39,-0.175,0.738,0.832,0.653,-0.462,0.715,0.459,0.667,0.65,0.547,0.837,0.588,0.733,0.927,0.702,0.528,-0.295,0.758,0.652,0.795,0.025,0.691,0.715,0.75,0.668,0.57,0.792,0.498,0.441,0.763,0.47,0.34,0.408,0.696,0.648,0.617,0.671,0.664,0.587,0.495,0.652,0.437,0.6,0.754,0.722,0.756,0.745,0.682,0.364,0.422,0.418,0.262,0.675,-0.608,-0.078,0.818,0.624,0.663,0.365,0.737,0.605,0.46,-0.139,0.697,-0.381,0.566,0.653,0.732,0.713,0.51,0.264,-0.121,0.486,0.52,0.491,0.74,0.634,0.689,0.251,0.744,0.691,0.825,0.637,0.665,0.685,0.787,0.209,0.606,-0.459,0.632,0.334,0.773,0.657,0.582,0.222,0.676,-0.152
CAN,0.209,0.472,0.508,0.549,0.498,0.418,0.418,0.36,0.449,0.568,0.664,0.586,0.545,0.59,0.258,0.57,0.47,-0.196,0.502,0.517,0.073,0.508,0.713,0.507,0.337,0.804,0.622,0.531,0.603,0.331,0.602,1.0,0.479,0.538,0.728,0.415,0.53,0.56,0.416,0.599,0.283,0.633,0.48,0.764,0.626,0.273,0.499,0.505,0.304,0.518,0.667,0.015,-0.161,0.519,0.656,0.302,0.617,0.631,-0.014,0.663,0.43,0.367,0.509,0.576,0.366,0.408,0.516,0.288,0.351,0.501,0.422,-0.006,0.279,0.828,0.599,0.366,0.627,0.117,0.636,0.613,0.601,0.546,0.058,0.688,0.605,0.449,0.563,-0.257,0.619,0.477,0.667,0.496,0.356,0.671,0.497,0.554,0.642,0.65,0.22,0.426,0.511,0.465,0.433,-0.158,0.602,0.657,0.586,-0.144,0.553,0.565,0.549,0.516,0.594,0.63,0.706,0.516,0.648,0.7,0.504,-0.297,0.624,0.723,0.681,0.027,0.515,0.657,0.688,0.551,0.546,0.61,0.608,0.491,0.693,0.252,0.301,0.402,0.595,0.456,0.543,0.801,0.477,0.482,0.527,0.49,0.582,0.426,0.592,0.597,0.599,0.562,0.559,0.578,0.327,0.272,0.187,0.495,-0.518,-0.13,0.456,0.526,0.604,0.321,0.704,0.632,0.535,-0.034,0.733,-0.12,0.551,0.68,0.69,0.59,0.332,0.222,-0.2,0.561,0.45,0.193,0.475,0.64,0.422,0.158,0.497,0.642,0.674,0.602,0.463,0.624,0.633,0.293,0.497,-0.287,0.37,0.335,0.538,0.411,0.485,0.049,0.709,0.085
