,AAL,AAPL,ABUS,ADBE,ADI,ADMA,AEP,AGNC,AKBA,ALT,AMAT,AMD,AMGN,AMZN,APA,APPS,ARCC,ARDX,ATER,ATOS,AUPH,AVGO,AZN,BCRX,BGC,BIDU,BILI,BKR,BLDP,BLNK,BYND,CAN,CELH,CG,CGC,CHRD,CLNE,CMCSA,COMM,COST,CPB,CPRT,CRON,CRWD,CSCO,CSGP,CSX,CTSH,CZR,DBX,DDOG,DKNG,DLTR,DOCU,DVAX,DXCM,EA,EBAY,ENPH,ERIC,ESPR,ETSY,EXC,EXEL,EXPE,FANG,FAST,FITB,FLEX,FOLD,FOXA,FSLR,FTNT,FUTU,GEN,GERN,GEVO,GILD,GOOG,GOOGL,GPRO,GT,HBAN,HIVE,HON,HST,HUT,IBRX,INTC,IOVA,IQ,IRWD,JBLU,JD,KDP,KHC,LBTYK,LRCX,LYFT,MAR,MARA,MAT,MCHP,MCRB,MDLZ,META,MGNI,MLCO,MNKD,MNST,MOMO,MRNA,MRVL,MSFT,MSTR,MTCH,MU,MVIS,NDAQ,NFLX,NKTR,NNDM,NTES,NTNX,NVAX,NVDA,NWL,NWSA,NXPI,OCGN,OKTA,ON,OPK,PAA,PACB,PAGP,PANW,PARA,PCAR,PDD,PENN,PEP,PLUG,PTEN,PTON,PYPL,QCOM,QUBT,QVCGA,RDFN,REAL,RIOT,ROKU,ROST,RUN,SABR,SAVA,SBUX,SFIX,SGMO,SIRI,SLM,SMCI,SNDL,SONO,STNE,STX,TCOM,TGTX,TIGR,TLRY,TMUS,TRIP,TSCO,TSLA,TTD,TXN,UAL,UNIT,VERU,VKTX,VLY,VOD,VTRS,VXRT,WBA,WBD,WDAY,WDC,WEN,WW,WYNN,XEL,XP,XRAY,XRX,Z,ZION,ZM,ZS
AAL,1.0,0.435,0.341,0.105,0.558,-0.111,0.551,-0.134,0.158,-0.314,0.582,0.563,0.632,0.545,-0.279,0.707,0.391,-0.077,0.413,0.618,0.455,0.262,0.742,0.247,0.631,0.62,0.432,-0.078,0.454,0.391,0.555,0.644,0.416,0.522,0.631,-0.196,0.297,0.657,0.656,0.602,-0.119,0.697,0.345,0.299,0.646,0.461,0.526,0.658,0.52,0.312,0.09,0.636,0.534,-0.039,0.264,0.539,0.781,0.751,0.121,0.65,-0.229,0.28,0.105,0.595,0.766,0.061,0.611,0.614,0.633,0.326,0.673,-0.043,0.41,-0.015,0.524,0.438,0.465,0.627,0.527,0.515,0.72,0.798,0.647,0.593,0.031,0.566,0.718,0.241,0.819,0.536,0.114,0.013,0.89,0.606,0.492,0.301,0.601,0.549,0.652,0.622,0.763,0.528,0.616,0.479,0.521,0.428,0.239,0.39,-0.46,0.048,-0.029,-0.104,0.463,0.201,0.441,0.675,0.767,0.604,0.584,0.745,0.485,-0.121,0.286,0.275,0.585,0.465,0.681,0.539,0.572,0.418,0.305,0.52,0.605,0.428,0.425,0.338,0.364,0.758,0.171,0.692,0.565,0.172,0.473,0.056,0.448,0.749,0.612,0.57,0.609,0.533,0.419,0.771,0.67,0.639,0.297,0.635,0.297,0.77,0.655,0.633,0.608,0.459,0.47,0.582,0.616,0.299,0.701,0.214,0.014,0.008,0.557,0.66,0.805,0.139,0.288,0.449,0.752,0.885,0.567,0.641,-0.416,0.294,0.823,0.516,0.519,0.193,0.754,0.324,0.795,0.377,0.655,0.688,0.223,0.235,0.193,0.807,0.587,0.384,0.572,0.391
AAPL,0.435,1.0,0.848,0.363,0.882,-0.232,0.705,-0.5,-0.486,-0.55,0.855,0.797,0.779,0.902,0.141,0.741,0.121,-0.621,0.866,0.326,-0.22,-0.007,0.405,-0.241,0.841,0.086,-0.259,0.003,0.78,0.728,0.674,0.788,0.856,0.158,0.703,0.33,0.82,0.114,0.756,0.813,-0.05,0.733,0.69,0.757,0.817,0.896,0.744,0.466,0.764,0.658,0.594,0.849,0.617,-0.097,0.817,0.749,0.594,0.59,0.81,0.779,-0.406,0.833,-0.248,0.115,0.574,0.295,0.862,-0.006,0.708,0.542,0.668,0.57,0.922,0.605,0.902,-0.095,0.568,0.769,0.896,0.898,0.711,0.617,0.191,0.743,0.507,0.8,0.716,0.807,0.715,0.645,-0.609,-0.217,0.608,-0.094,0.906,-0.313,-0.015,0.752,0.361,0.905,0.739,-0.097,0.891,0.855,0.37,-0.147,0.798,-0.314,-0.43,-0.071,-0.551,0.257,0.906,0.858,0.812,0.762,0.478,0.753,0.765,0.609,0.857,-0.29,-0.28,0.821,0.848,0.779,0.245,0.073,0.885,0.746,0.188,0.818,0.678,0.379,0.813,0.15,0.841,0.651,0.505,0.218,0.815,0.753,0.763,0.071,0.835,0.285,0.876,0.736,0.813,0.568,0.72,0.709,0.789,0.184,0.881,0.093,0.694,0.314,0.645,0.725,0.921,0.595,0.598,0.711,0.791,0.59,0.532,-0.496,-0.399,0.61,0.747,0.419,0.284,-0.175,0.754,0.897,0.824,0.652,0.485,0.33,-0.744,0.572,0.485,-0.034,0.699,0.803,0.656,0.593,0.581,0.831,0.131,0.105,0.201,0.465,-0.356,0.541,0.662,-0.168,0.828,0.8
ABUS,0.341,0.848,1.0,0.278,0.716,-0.357,0.522,-0.54,-0.427,-0.602,0.784,0.648,0.689,0.82,-0.032,0.648,0.052,-0.602,0.847,0.384,-0.246,0.016,0.38,-0.285,0.7,0.06,-0.29,-0.008,0.817,0.787,0.685,0.719,0.704,0.108,0.624,0.2,0.84,0.022,0.692,0.731,-0.001,0.576,0.719,0.719,0.696,0.766,0.7,0.388,0.709,0.669,0.53,0.74,0.599,-0.08,0.733,0.685,0.469,0.553,0.751,0.613,-0.319,0.638,-0.318,0.134,0.593,0.269,0.684,-0.133,0.671,0.534,0.566,0.625,0.852,0.612,0.79,-0.104,0.635,0.735,0.769,0.773,0.585,0.588,-0.005,0.752,0.244,0.698,0.652,0.807,0.631,0.594,-0.61,-0.267,0.501,-0.15,0.753,-0.353,-0.065,0.693,0.414,0.82,0.618,-0.093,0.778,0.807,0.173,-0.152,0.672,-0.229,-0.447,-0.2,-0.52,0.297,0.837,0.749,0.77,0.669,0.442,0.674,0.58,0.463,0.84,-0.164,-0.251,0.799,0.703,0.717,0.211,-0.025,0.783,0.8,0.144,0.686,0.646,0.319,0.801,0.059,0.736,0.541,0.265,0.233,0.79,0.542,0.757,-0.006,0.798,0.134,0.792,0.652,0.764,0.577,0.647,0.659,0.682,0.097,0.89,0.078,0.705,0.251,0.701,0.751,0.813,0.394,0.4,0.662,0.794,0.386,0.394,-0.409,-0.37,0.615,0.683,0.398,0.248,-0.305,0.726,0.744,0.743,0.516,0.542,0.275,-0.766,0.289,0.413,-0.017,0.736,0.693,0.62,0.547,0.511,0.674,0.09,0.119,0.077,0.227,-0.397,0.515,0.607,-0.32,0.758,0.692
ADBE,0.105,0.363,0.278,1.0,0.522,0.312,0.298,0.204,0.098,0.132,0.348,0.356,0.094,0.494,0.301,0.369,0.339,-0.052,0.257,-0.085,-0.042,0.464,0.143,0.259,0.216,0.121,0.004,0.272,0.317,0.201,0.06,0.16,0.227,0.453,0.122,0.251,0.323,0.322,0.32,0.248,0.0,0.325,0.151,0.291,0.416,0.438,0.497,0.221,0.245,0.646,0.401,0.238,0.217,0.476,0.365,0.261,0.262,0.258,0.221,0.247,-0.093,0.301,0.291,0.196,0.242,0.187,0.306,0.11,0.367,0.487,0.418,0.29,0.429,-0.011,0.382,0.158,0.446,0.308,0.453,0.436,0.333,0.301,0.074,0.26,0.431,0.214,0.178,0.33,0.301,0.107,-0.087,0.346,0.095,-0.069,0.234,0.039,0.174,0.292,0.4,0.355,0.084,0.079,0.35,0.327,0.24,0.387,0.295,0.063,0.36,0.35,0.071,0.299,0.37,0.48,0.144,0.411,0.104,0.193,0.33,0.264,0.219,0.219,0.126,0.3,0.244,0.286,0.318,0.237,0.399,0.383,0.632,0.269,0.233,0.209,0.331,0.075,0.206,0.343,0.234,-0.017,0.333,0.34,0.289,0.296,0.161,0.203,0.326,0.091,0.273,0.25,0.064,0.134,0.166,0.25,0.367,0.269,0.173,0.116,0.14,0.333,0.27,0.549,0.315,0.088,0.38,-0.066,0.319,0.047,0.048,-0.01,0.161,-0.103,0.249,0.084,0.005,0.523,0.297,0.073,0.362,0.02,-0.078,0.425,0.134,0.214,0.357,0.237,0.245,0.497,0.173,0.283,0.136,0.024,0.423,0.012,0.25,0.293,0.276,0.236,0.38,0.398
ADI,0.558,0.882,0.716,0.522,1.0,-0.038,0.757,-0.393,-0.235,-0.508,0.869,0.844,0.672,0.933,0.12,0.833,0.263,-0.48,0.747,0.359,-0.031,0.259,0.566,-0.029,0.791,0.235,-0.041,0.062,0.773,0.668,0.642,0.753,0.789,0.391,0.696,0.257,0.76,0.322,0.766,0.813,-0.074,0.77,0.602,0.775,0.888,0.876,0.84,0.552,0.761,0.795,0.692,0.797,0.621,0.171,0.728,0.774,0.681,0.672,0.663,0.775,-0.412,0.715,-0.013,0.276,0.635,0.239,0.85,0.201,0.846,0.62,0.741,0.439,0.895,0.401,0.886,0.156,0.669,0.759,0.916,0.91,0.714,0.712,0.275,0.711,0.519,0.774,0.751,0.734,0.803,0.627,-0.39,-0.042,0.649,0.053,0.799,-0.139,0.181,0.81,0.583,0.878,0.748,0.087,0.901,0.781,0.425,0.111,0.732,-0.087,-0.324,0.07,-0.331,0.219,0.891,0.823,0.705,0.855,0.579,0.716,0.805,0.685,0.746,-0.177,-0.119,0.748,0.802,0.799,0.443,0.246,0.917,0.75,0.476,0.814,0.65,0.429,0.752,0.188,0.785,0.749,0.444,0.358,0.795,0.66,0.753,0.16,0.721,0.459,0.899,0.63,0.776,0.641,0.62,0.716,0.823,0.385,0.809,0.315,0.66,0.446,0.703,0.724,0.87,0.669,0.637,0.599,0.786,0.46,0.68,-0.302,-0.244,0.396,0.695,0.413,0.482,-0.058,0.585,0.905,0.894,0.656,0.62,0.348,-0.662,0.568,0.589,0.202,0.734,0.758,0.691,0.761,0.705,0.743,0.247,0.271,0.372,0.314,-0.092,0.647,0.737,0.024,0.867,0.878
ADMA,-0.111,-0.232,-0.357,0.312,-0.038,1.0,0.094,0.357,0.37,0.509,-0.274,-0.022,-0.276,-0.134,0.388,0.016,0.261,0.442,-0.35,-0.341,0.025,0.382,0.019,0.367,-0.174,0.075,0.299,0.32,-0.34,-0.382,-0.239,-0.344,-0.127,0.355,-0.141,0.32,-0.305,0.158,-0.077,-0.132,0.108,0.019,-0.295,-0.199,-0.034,-0.049,-0.027,0.158,-0.345,0.018,0.082,-0.143,-0.015,0.416,-0.107,-0.012,0.032,-0.094,-0.35,-0.037,0.217,-0.217,0.497,0.059,-0.184,0.06,-0.103,0.361,-0.043,0.186,0.011,-0.273,-0.174,-0.469,-0.149,0.089,0.041,-0.097,-0.046,-0.058,-0.084,-0.2,0.229,-0.46,0.36,-0.308,-0.18,-0.196,-0.154,-0.11,0.372,0.534,-0.183,-0.103,-0.231,0.216,0.134,-0.223,0.182,-0.225,-0.269,0.185,-0.172,-0.11,0.219,0.304,-0.117,0.166,0.556,0.341,0.433,-0.062,-0.192,-0.009,-0.43,-0.019,-0.327,-0.332,0.079,0.013,-0.373,0.068,0.203,-0.339,-0.165,-0.183,0.107,0.232,-0.076,-0.216,0.469,-0.206,-0.113,0.173,-0.237,0.163,-0.3,-0.037,0.015,-0.228,-0.336,-0.036,-0.267,0.187,-0.372,0.082,-0.195,-0.282,-0.201,-0.297,-0.329,-0.375,-0.248,0.119,-0.3,0.14,-0.304,-0.032,-0.26,-0.216,-0.282,0.253,-0.008,-0.315,-0.199,-0.037,0.15,0.119,0.458,-0.446,-0.267,-0.342,0.069,0.473,-0.486,-0.023,-0.207,-0.205,-0.015,0.152,0.36,0.259,-0.094,0.124,-0.109,-0.272,-0.145,0.015,-0.151,-0.241,0.007,-0.171,0.369,0.051,0.363,-0.038,-0.313,0.474,-0.141,-0.037
AEP,0.551,0.705,0.522,0.298,0.757,0.094,1.0,-0.246,-0.247,-0.274,0.625,0.719,0.653,0.735,0.201,0.693,0.432,-0.271,0.571,0.24,-0.122,0.29,0.613,0.083,0.696,0.323,0.1,0.108,0.478,0.355,0.514,0.538,0.708,0.498,0.651,0.315,0.453,0.383,0.708,0.798,0.157,0.778,0.453,0.521,0.844,0.787,0.801,0.674,0.554,0.546,0.387,0.728,0.781,0.052,0.482,0.69,0.667,0.62,0.397,0.831,-0.401,0.486,0.245,0.246,0.641,0.31,0.798,0.405,0.714,0.51,0.772,0.169,0.692,0.274,0.78,0.075,0.416,0.752,0.764,0.77,0.698,0.547,0.468,0.469,0.582,0.63,0.646,0.451,0.707,0.529,-0.296,0.111,0.602,0.089,0.762,0.085,0.239,0.604,0.463,0.767,0.613,0.205,0.755,0.65,0.732,0.108,0.453,0.02,-0.297,0.239,-0.235,0.016,0.687,0.616,0.459,0.736,0.521,0.509,0.863,0.672,0.47,-0.182,-0.018,0.481,0.776,0.566,0.498,0.482,0.741,0.489,0.379,0.688,0.507,0.677,0.437,0.494,0.577,0.685,0.555,0.255,0.591,0.717,0.549,0.181,0.515,0.427,0.76,0.581,0.738,0.326,0.476,0.522,0.631,0.516,0.558,0.205,0.425,0.53,0.62,0.477,0.734,0.739,0.668,0.549,0.549,0.459,0.767,-0.197,-0.195,0.309,0.593,0.407,0.525,0.228,0.319,0.756,0.74,0.66,0.638,0.497,-0.468,0.646,0.662,0.239,0.527,0.511,0.664,0.459,0.679,0.661,0.246,0.235,0.628,0.414,-0.006,0.65,0.43,0.275,0.682,0.667
AGNC,-0.134,-0.5,-0.54,0.204,-0.393,0.357,-0.246,1.0,0.61,0.827,-0.458,-0.52,-0.381,-0.433,0.211,-0.377,0.2,0.645,-0.576,-0.281,0.415,0.52,-0.049,0.681,-0.51,0.32,0.323,0.521,-0.472,-0.617,-0.678,-0.524,-0.625,0.297,-0.632,-0.07,-0.479,0.471,-0.33,-0.433,0.251,-0.265,-0.725,-0.671,-0.255,-0.438,-0.155,-0.112,-0.607,-0.245,-0.562,-0.525,-0.161,0.306,-0.424,-0.446,-0.162,-0.15,-0.591,-0.374,0.356,-0.402,0.716,0.307,-0.2,0.176,-0.482,0.348,-0.37,-0.148,-0.045,-0.146,-0.501,-0.594,-0.461,0.164,-0.218,-0.26,-0.469,-0.496,-0.161,-0.177,0.157,-0.398,-0.049,-0.521,-0.553,-0.576,-0.237,-0.491,0.586,0.721,-0.379,0.223,-0.457,0.69,0.431,-0.479,-0.015,-0.449,-0.562,0.456,-0.484,-0.485,0.249,0.603,-0.618,0.349,0.684,0.568,0.551,0.014,-0.544,-0.49,-0.61,-0.285,-0.211,-0.529,-0.378,-0.203,-0.512,0.615,0.681,-0.576,-0.447,-0.594,0.275,0.378,-0.522,-0.424,0.248,-0.576,-0.329,0.107,-0.525,0.231,-0.679,-0.152,0.007,-0.105,-0.49,-0.253,-0.429,0.458,-0.585,0.096,-0.473,-0.537,-0.359,-0.409,-0.637,-0.355,-0.624,0.355,-0.513,0.171,-0.623,0.092,-0.5,-0.318,-0.476,0.04,-0.245,-0.576,-0.332,-0.469,-0.048,0.629,0.423,-0.6,-0.576,-0.107,0.083,0.491,-0.737,-0.434,-0.4,-0.346,-0.194,-0.12,0.682,-0.089,-0.164,0.477,-0.326,-0.66,-0.187,-0.437,-0.285,-0.368,0.236,0.072,0.356,-0.277,0.738,-0.102,-0.311,0.672,-0.454,-0.584
AKBA,0.158,-0.486,-0.427,0.098,-0.235,0.37,-0.247,0.61,1.0,0.452,-0.327,-0.403,-0.333,-0.297,-0.135,-0.04,0.316,0.78,-0.476,0.08,0.71,0.5,0.261,0.725,-0.285,0.517,0.581,0.289,-0.216,-0.306,-0.373,-0.241,-0.521,0.452,-0.39,-0.342,-0.371,0.525,-0.12,-0.357,0.005,-0.138,-0.543,-0.506,-0.145,-0.388,-0.127,0.123,-0.289,-0.065,-0.392,-0.373,-0.097,0.412,-0.477,-0.27,0.058,0.161,-0.658,-0.226,0.211,-0.557,0.571,0.527,-0.039,-0.059,-0.403,0.498,-0.13,0.089,0.047,-0.356,-0.422,-0.628,-0.338,0.516,0.115,-0.149,-0.336,-0.352,-0.053,0.102,0.175,-0.208,-0.315,-0.417,-0.261,-0.425,0.017,-0.27,0.81,0.599,-0.055,0.46,-0.523,0.619,0.621,-0.28,0.409,-0.321,-0.306,0.656,-0.333,-0.307,0.1,0.787,-0.515,0.597,0.432,0.288,0.585,-0.188,-0.445,-0.449,-0.381,-0.045,0.01,-0.288,-0.277,-0.01,-0.31,0.556,0.74,-0.499,-0.314,-0.458,0.477,0.433,-0.345,-0.105,0.407,-0.456,-0.003,0.081,-0.341,0.131,-0.558,0.096,-0.377,0.232,-0.376,-0.527,-0.165,0.262,-0.507,0.442,-0.309,-0.426,-0.201,-0.125,-0.41,-0.153,-0.338,0.417,-0.449,0.466,-0.491,0.326,-0.192,-0.028,-0.337,-0.032,-0.304,-0.398,-0.106,-0.518,0.154,0.737,0.703,-0.658,-0.398,0.012,0.391,0.447,-0.57,-0.359,-0.171,-0.158,0.041,0.041,0.467,-0.345,0.134,0.72,-0.006,-0.638,0.052,-0.128,-0.022,-0.443,0.493,0.395,0.218,-0.472,0.771,0.206,0.038,0.57,-0.334,-0.362
ALT,-0.314,-0.55,-0.602,0.132,-0.508,0.509,-0.274,0.827,0.452,1.0,-0.591,-0.55,-0.456,-0.524,0.241,-0.432,0.181,0.711,-0.577,-0.417,0.169,0.274,-0.226,0.542,-0.559,0.153,0.193,0.4,-0.637,-0.641,-0.699,-0.622,-0.626,0.164,-0.674,0.055,-0.606,0.246,-0.39,-0.534,0.165,-0.3,-0.707,-0.591,-0.347,-0.416,-0.335,-0.162,-0.667,-0.354,-0.548,-0.583,-0.249,0.142,-0.451,-0.479,-0.233,-0.277,-0.58,-0.425,0.316,-0.472,0.642,0.143,-0.307,0.057,-0.509,0.226,-0.521,-0.143,-0.167,-0.283,-0.511,-0.612,-0.488,0.074,-0.294,-0.373,-0.517,-0.534,-0.258,-0.386,0.128,-0.576,0.067,-0.539,-0.667,-0.66,-0.403,-0.475,0.532,0.62,-0.528,0.006,-0.506,0.542,0.268,-0.588,-0.208,-0.524,-0.661,0.331,-0.543,-0.458,0.198,0.383,-0.565,0.165,0.789,0.496,0.454,-0.165,-0.588,-0.461,-0.737,-0.375,-0.347,-0.484,-0.392,-0.344,-0.606,0.364,0.511,-0.605,-0.494,-0.719,0.08,0.263,-0.587,-0.509,0.141,-0.595,-0.325,0.058,-0.599,0.143,-0.641,-0.362,-0.053,-0.382,-0.566,-0.255,-0.611,0.288,-0.728,-0.05,-0.597,-0.615,-0.405,-0.574,-0.579,-0.567,-0.726,0.155,-0.584,-0.013,-0.705,-0.08,-0.534,-0.412,-0.556,0.037,-0.234,-0.51,-0.499,-0.419,-0.194,0.368,0.478,-0.598,-0.656,-0.324,-0.118,0.559,-0.72,-0.478,-0.542,-0.484,-0.302,-0.083,0.787,-0.075,-0.383,0.239,-0.406,-0.626,-0.315,-0.499,-0.44,-0.49,0.065,-0.134,0.256,-0.194,0.578,-0.275,-0.574,0.614,-0.553,-0.556
AMAT,0.582,0.855,0.784,0.348,0.869,-0.274,0.625,-0.458,-0.327,-0.591,1.0,0.85,0.736,0.915,-0.052,0.8,0.122,-0.582,0.883,0.393,-0.061,0.146,0.462,-0.195,0.744,0.19,-0.138,0.02,0.873,0.778,0.707,0.817,0.74,0.235,0.749,0.089,0.837,0.236,0.771,0.769,-0.12,0.698,0.699,0.702,0.814,0.798,0.732,0.472,0.828,0.678,0.568,0.855,0.561,0.016,0.815,0.759,0.638,0.689,0.684,0.702,-0.307,0.717,-0.235,0.237,0.665,0.255,0.781,0.039,0.748,0.55,0.59,0.544,0.857,0.407,0.829,0.028,0.682,0.748,0.861,0.85,0.718,0.789,0.197,0.87,0.299,0.803,0.778,0.722,0.84,0.681,-0.532,-0.213,0.694,0.034,0.796,-0.208,0.097,0.948,0.56,0.877,0.764,0.008,0.951,0.802,0.253,0.028,0.733,-0.133,-0.458,-0.078,-0.427,0.286,0.879,0.742,0.759,0.798,0.704,0.753,0.674,0.625,0.836,-0.129,-0.166,0.816,0.773,0.889,0.357,0.103,0.93,0.801,0.28,0.819,0.682,0.345,0.779,0.104,0.776,0.703,0.408,0.387,0.896,0.564,0.796,0.087,0.834,0.398,0.942,0.698,0.794,0.803,0.657,0.762,0.789,0.323,0.841,0.307,0.83,0.404,0.682,0.783,0.906,0.475,0.549,0.707,0.835,0.471,0.568,-0.309,-0.347,0.422,0.746,0.514,0.421,-0.231,0.715,0.839,0.909,0.688,0.53,0.346,-0.711,0.382,0.589,0.123,0.755,0.664,0.687,0.661,0.683,0.738,0.292,0.347,0.105,0.29,-0.276,0.603,0.706,-0.127,0.936,0.732
AMD,0.563,0.797,0.648,0.356,0.844,-0.022,0.719,-0.52,-0.403,-0.55,0.85,1.0,0.689,0.866,0.07,0.787,0.263,-0.552,0.733,0.28,-0.203,0.081,0.479,-0.25,0.766,0.091,-0.083,-0.1,0.699,0.594,0.703,0.661,0.811,0.227,0.82,0.261,0.698,0.165,0.729,0.805,-0.155,0.732,0.651,0.738,0.776,0.817,0.658,0.559,0.75,0.628,0.651,0.88,0.544,0.01,0.745,0.781,0.669,0.569,0.638,0.765,-0.317,0.664,-0.19,0.119,0.609,0.166,0.848,0.161,0.744,0.512,0.564,0.311,0.788,0.372,0.793,0.029,0.563,0.678,0.894,0.891,0.649,0.601,0.33,0.619,0.468,0.772,0.795,0.689,0.724,0.706,-0.461,-0.261,0.671,-0.037,0.791,-0.293,0.043,0.842,0.493,0.805,0.786,-0.051,0.877,0.743,0.332,-0.07,0.7,-0.154,-0.452,-0.065,-0.401,0.203,0.894,0.757,0.626,0.739,0.57,0.663,0.832,0.65,0.644,-0.379,-0.292,0.681,0.738,0.856,0.244,0.143,0.9,0.604,0.307,0.868,0.551,0.381,0.681,0.19,0.734,0.611,0.45,0.251,0.805,0.576,0.684,-0.048,0.73,0.374,0.905,0.754,0.718,0.622,0.591,0.623,0.798,0.229,0.722,0.195,0.757,0.359,0.651,0.607,0.793,0.578,0.62,0.66,0.668,0.648,0.56,-0.407,-0.332,0.401,0.762,0.326,0.376,-0.121,0.634,0.856,0.823,0.691,0.538,0.445,-0.694,0.571,0.541,-0.036,0.62,0.692,0.578,0.687,0.621,0.673,0.157,0.178,0.175,0.497,-0.308,0.559,0.528,-0.069,0.875,0.783
AMGN,0.632,0.779,0.689,0.094,0.672,-0.276,0.653,-0.381,-0.333,-0.456,0.736,0.689,1.0,0.73,-0.093,0.671,0.076,-0.443,0.717,0.535,0.013,-0.096,0.538,-0.101,0.828,0.403,0.037,-0.064,0.621,0.592,0.725,0.699,0.688,0.176,0.761,0.115,0.605,0.354,0.743,0.788,-0.009,0.827,0.576,0.453,0.783,0.793,0.586,0.662,0.631,0.347,0.186,0.83,0.604,-0.372,0.67,0.769,0.759,0.74,0.488,0.8,-0.171,0.616,-0.129,0.441,0.698,0.251,0.835,0.319,0.587,0.347,0.642,0.335,0.685,0.336,0.795,0.026,0.41,0.81,0.759,0.748,0.754,0.612,0.593,0.7,0.319,0.669,0.753,0.55,0.802,0.697,-0.349,-0.218,0.777,0.205,0.897,0.032,0.273,0.601,0.358,0.847,0.791,0.234,0.806,0.733,0.572,0.039,0.531,-0.04,-0.443,0.092,-0.467,-0.02,0.691,0.501,0.633,0.725,0.616,0.707,0.763,0.694,0.78,-0.332,0.011,0.593,0.82,0.58,0.408,0.278,0.72,0.543,-0.035,0.755,0.672,0.517,0.71,0.247,0.62,0.649,0.544,0.415,0.689,0.61,0.556,-0.045,0.683,0.505,0.778,0.795,0.793,0.418,0.521,0.805,0.708,0.445,0.601,0.286,0.449,0.61,0.618,0.727,0.862,0.538,0.465,0.718,0.738,0.672,0.609,-0.229,-0.335,0.398,0.718,0.729,0.502,0.064,0.537,0.648,0.819,0.832,0.496,0.655,-0.592,0.518,0.603,0.17,0.645,0.55,0.788,0.269,0.696,0.607,0.472,0.335,0.104,0.569,-0.239,0.65,0.501,0.066,0.678,0.511
AMZN,0.545,0.902,0.82,0.494,0.933,-0.134,0.735,-0.433,-0.297,-0.524,0.915,0.866,0.73,1.0,0.04,0.85,0.237,-0.541,0.852,0.371,-0.081,0.187,0.565,-0.096,0.837,0.245,-0.067,0.034,0.848,0.741,0.697,0.791,0.795,0.346,0.763,0.23,0.812,0.274,0.844,0.821,-0.096,0.784,0.709,0.758,0.895,0.903,0.829,0.558,0.794,0.813,0.631,0.867,0.673,0.101,0.79,0.832,0.71,0.722,0.672,0.796,-0.379,0.69,-0.099,0.287,0.693,0.243,0.849,0.117,0.825,0.637,0.729,0.504,0.925,0.413,0.926,0.103,0.716,0.811,0.959,0.953,0.769,0.748,0.242,0.802,0.429,0.792,0.799,0.759,0.838,0.7,-0.507,-0.117,0.68,0.019,0.832,-0.198,0.155,0.835,0.603,0.921,0.762,0.048,0.926,0.841,0.364,0.101,0.712,-0.084,-0.375,-0.024,-0.393,0.267,0.916,0.836,0.738,0.876,0.61,0.752,0.799,0.665,0.824,-0.153,-0.113,0.813,0.825,0.828,0.436,0.242,0.929,0.813,0.419,0.805,0.723,0.447,0.786,0.183,0.792,0.763,0.414,0.359,0.868,0.608,0.807,0.078,0.792,0.447,0.92,0.68,0.87,0.681,0.656,0.731,0.816,0.345,0.872,0.317,0.713,0.454,0.75,0.804,0.907,0.638,0.606,0.701,0.857,0.454,0.634,-0.314,-0.289,0.424,0.79,0.43,0.481,-0.113,0.636,0.922,0.889,0.658,0.676,0.414,-0.698,0.505,0.615,0.185,0.816,0.71,0.739,0.721,0.683,0.718,0.275,0.282,0.266,0.291,-0.181,0.697,0.733,-0.046,0.901,0.834
APA,-0.279,0.141,-0.032,0.301,0.12,0.388,0.201,0.211,-0.135,0.241,-0.052,0.07,-0.093,0.04,1.0,-0.146,0.089,-0.058,-0.108,-0.573,-0.445,0.173,-0.239,0.027,-0.163,-0.31,-0.335,0.639,-0.13,-0.208,-0.237,-0.184,0.145,0.05,-0.178,0.857,0.118,-0.178,-0.192,0.031,0.528,-0.1,-0.199,0.015,0.008,0.055,0.157,-0.152,-0.191,0.155,0.335,-0.043,0.129,0.202,0.125,-0.069,-0.208,-0.326,0.202,-0.045,0.176,0.333,0.326,-0.308,-0.305,0.685,0.033,-0.049,0.001,0.092,0.009,0.363,0.094,0.196,-0.005,-0.386,0.024,-0.084,0.138,0.125,-0.18,-0.217,-0.067,-0.233,0.709,-0.147,-0.161,0.212,-0.229,-0.232,-0.141,0.395,-0.299,-0.375,0.091,-0.012,-0.279,-0.115,-0.191,-0.057,-0.177,-0.218,-0.028,-0.113,0.232,-0.125,0.227,-0.323,0.404,0.376,-0.101,0.382,0.066,0.389,-0.12,-0.077,-0.45,-0.298,0.1,-0.212,-0.189,0.218,-0.192,-0.047,-0.112,0.045,-0.233,-0.024,0.029,-0.121,0.164,-0.047,-0.352,0.328,0.032,0.435,-0.026,-0.204,0.518,-0.416,-0.081,0.493,-0.11,0.563,-0.082,-0.361,0.023,-0.165,-0.137,-0.256,-0.174,-0.203,-0.121,-0.122,0.117,-0.323,-0.028,-0.31,-0.279,-0.329,-0.044,0.25,-0.001,-0.273,-0.169,0.21,-0.097,-0.208,-0.154,0.167,-0.218,-0.125,-0.295,0.147,-0.196,0.202,-0.108,-0.169,-0.125,-0.288,0.122,0.396,-0.355,-0.165,-0.214,0.182,-0.286,0.036,-0.292,0.284,-0.338,-0.431,0.408,0.259,0.067,-0.246,-0.202,0.134,-0.04,0.062
APPS,0.707,0.741,0.648,0.369,0.833,0.016,0.693,-0.377,-0.04,-0.432,0.8,0.787,0.671,0.85,-0.146,1.0,0.391,-0.236,0.719,0.461,0.114,0.222,0.68,0.068,0.805,0.432,0.142,-0.064,0.708,0.657,0.688,0.79,0.646,0.504,0.73,0.015,0.61,0.406,0.827,0.735,-0.247,0.828,0.577,0.632,0.85,0.82,0.708,0.729,0.774,0.633,0.467,0.827,0.599,0.072,0.604,0.765,0.802,0.825,0.442,0.806,-0.438,0.439,-0.004,0.426,0.779,0.069,0.806,0.382,0.737,0.636,0.712,0.188,0.753,0.159,0.826,0.336,0.686,0.776,0.84,0.835,0.81,0.839,0.433,0.703,0.303,0.703,0.801,0.551,0.879,0.722,-0.229,-0.052,0.779,0.236,0.678,-0.041,0.367,0.759,0.722,0.828,0.783,0.292,0.851,0.821,0.426,0.262,0.577,0.069,-0.342,0.007,-0.229,0.032,0.78,0.641,0.667,0.899,0.688,0.772,0.756,0.751,0.746,-0.216,0.065,0.614,0.801,0.682,0.591,0.402,0.855,0.749,0.46,0.726,0.828,0.431,0.643,0.237,0.645,0.8,0.192,0.439,0.767,0.407,0.676,0.002,0.636,0.635,0.814,0.609,0.826,0.664,0.629,0.714,0.789,0.462,0.671,0.449,0.549,0.604,0.746,0.825,0.827,0.635,0.537,0.736,0.8,0.366,0.743,-0.163,0.06,0.179,0.699,0.412,0.636,0.095,0.583,0.799,0.871,0.737,0.652,0.562,-0.615,0.428,0.747,0.343,0.812,0.506,0.797,0.637,0.749,0.54,0.495,0.419,0.276,0.261,0.004,0.766,0.667,0.152,0.814,0.739
ARCC,0.391,0.121,0.052,0.339,0.263,0.261,0.432,0.2,0.316,0.181,0.122,0.263,0.076,0.237,0.089,0.391,1.0,0.38,0.006,0.165,0.177,0.392,0.49,0.37,0.216,0.323,0.28,0.15,0.017,-0.0,-0.003,0.096,0.131,0.659,0.064,0.038,-0.069,0.479,0.253,0.276,-0.053,0.41,-0.079,0.045,0.38,0.245,0.337,0.517,0.191,0.2,-0.026,0.194,0.293,0.22,-0.075,0.081,0.398,0.382,-0.08,0.344,-0.357,-0.072,0.469,0.276,0.424,0.043,0.231,0.532,0.223,0.179,0.493,-0.287,0.1,-0.096,0.211,0.311,0.134,0.212,0.22,0.238,0.362,0.33,0.371,0.093,0.3,0.115,0.118,-0.024,0.32,0.072,0.256,0.33,0.219,0.211,0.114,0.279,0.47,0.178,0.445,0.211,0.103,0.412,0.219,0.257,0.517,0.362,-0.042,0.239,0.068,0.332,0.216,-0.196,0.21,0.129,0.077,0.349,0.274,0.146,0.321,0.349,-0.005,0.054,0.269,-0.11,0.193,0.006,0.508,0.507,0.193,0.062,0.39,0.131,0.214,0.369,0.036,0.338,-0.065,0.334,0.035,0.051,0.207,0.174,0.055,0.23,-0.074,0.39,0.226,0.103,0.281,0.069,0.042,0.074,0.102,0.431,0.032,0.313,-0.0,0.407,0.202,0.161,0.139,0.589,0.279,0.19,0.166,-0.06,0.462,0.134,0.326,-0.081,0.005,-0.061,0.393,0.422,-0.032,0.258,0.263,0.251,0.353,0.235,0.035,0.316,0.358,0.384,0.171,-0.063,0.317,0.123,0.255,0.1,0.26,0.266,0.602,0.032,0.364,0.409,0.106,0.509,0.212,0.159
ARDX,-0.077,-0.621,-0.602,-0.052,-0.48,0.442,-0.271,0.645,0.78,0.711,-0.582,-0.552,-0.443,-0.541,-0.058,-0.236,0.38,1.0,-0.615,-0.041,0.484,0.298,0.036,0.67,-0.456,0.351,0.483,0.24,-0.549,-0.471,-0.493,-0.481,-0.64,0.378,-0.554,-0.242,-0.651,0.355,-0.297,-0.46,0.034,-0.237,-0.666,-0.644,-0.296,-0.458,-0.331,0.123,-0.406,-0.388,-0.624,-0.536,-0.231,0.163,-0.623,-0.453,-0.086,-0.048,-0.72,-0.321,0.172,-0.696,0.594,0.337,-0.146,-0.108,-0.512,0.436,-0.434,-0.107,-0.102,-0.532,-0.605,-0.688,-0.485,0.338,-0.207,-0.32,-0.547,-0.541,-0.142,-0.163,0.193,-0.488,-0.198,-0.552,-0.512,-0.667,-0.242,-0.362,0.783,0.565,-0.291,0.283,-0.604,0.577,0.467,-0.499,0.058,-0.508,-0.527,0.548,-0.513,-0.397,0.18,0.526,-0.631,0.446,0.51,0.344,0.559,-0.402,-0.625,-0.613,-0.546,-0.264,-0.16,-0.406,-0.37,-0.142,-0.528,0.342,0.62,-0.695,-0.419,-0.716,0.285,0.401,-0.547,-0.37,0.162,-0.576,-0.159,0.091,-0.568,0.163,-0.684,-0.175,-0.306,-0.086,-0.553,-0.486,-0.503,0.164,-0.716,0.226,-0.533,-0.557,-0.336,-0.404,-0.484,-0.444,-0.586,0.277,-0.656,0.218,-0.667,0.154,-0.393,-0.278,-0.523,-0.013,-0.287,-0.379,-0.366,-0.499,0.002,0.525,0.771,-0.686,-0.594,-0.233,0.129,0.567,-0.613,-0.555,-0.42,-0.324,-0.159,0.026,0.625,-0.243,-0.12,0.466,-0.289,-0.721,-0.141,-0.451,-0.239,-0.569,0.334,0.171,0.234,-0.349,0.64,-0.087,-0.35,0.623,-0.559,-0.549
ATER,0.413,0.866,0.847,0.257,0.747,-0.35,0.571,-0.576,-0.476,-0.577,0.883,0.733,0.717,0.852,-0.108,0.719,0.006,-0.615,1.0,0.383,-0.232,-0.096,0.302,-0.326,0.752,0.102,-0.23,-0.116,0.859,0.848,0.754,0.807,0.735,0.114,0.758,0.135,0.828,0.069,0.799,0.674,-0.164,0.64,0.812,0.721,0.73,0.812,0.644,0.422,0.829,0.625,0.517,0.83,0.546,-0.125,0.822,0.756,0.557,0.618,0.719,0.687,-0.336,0.693,-0.365,0.127,0.631,0.195,0.739,-0.17,0.652,0.544,0.534,0.545,0.87,0.489,0.848,-0.07,0.644,0.708,0.814,0.798,0.706,0.663,0.076,0.856,0.222,0.814,0.752,0.742,0.72,0.71,-0.64,-0.323,0.603,-0.075,0.795,-0.361,-0.067,0.819,0.404,0.877,0.71,-0.127,0.88,0.855,0.17,-0.159,0.744,-0.2,-0.484,-0.226,-0.544,0.228,0.821,0.727,0.797,0.738,0.585,0.803,0.657,0.528,0.877,-0.219,-0.261,0.842,0.789,0.805,0.237,-0.015,0.867,0.823,0.122,0.788,0.754,0.299,0.776,0.04,0.822,0.61,0.304,0.285,0.889,0.538,0.777,-0.025,0.837,0.265,0.839,0.726,0.825,0.733,0.726,0.686,0.721,0.145,0.859,0.19,0.782,0.272,0.687,0.798,0.892,0.397,0.514,0.806,0.824,0.465,0.447,-0.417,-0.372,0.51,0.796,0.405,0.311,-0.298,0.762,0.798,0.783,0.594,0.549,0.387,-0.736,0.339,0.521,-0.038,0.775,0.673,0.66,0.591,0.571,0.715,0.231,0.218,-0.019,0.322,-0.424,0.511,0.631,-0.294,0.828,0.718
ATOS,0.618,0.326,0.384,-0.085,0.359,-0.341,0.24,-0.281,0.08,-0.417,0.393,0.28,0.535,0.371,-0.573,0.461,0.165,-0.041,0.383,1.0,0.477,-0.019,0.612,0.119,0.575,0.512,0.432,-0.219,0.374,0.553,0.605,0.565,0.299,0.289,0.497,-0.388,0.251,0.443,0.537,0.51,-0.333,0.509,0.391,0.236,0.47,0.348,0.283,0.567,0.533,0.154,-0.088,0.401,0.289,-0.184,0.232,0.478,0.608,0.674,0.125,0.487,-0.119,0.177,-0.132,0.579,0.663,-0.142,0.389,0.299,0.469,0.142,0.475,-0.008,0.282,0.115,0.449,0.361,0.223,0.488,0.309,0.323,0.647,0.604,0.374,0.535,-0.23,0.387,0.53,0.161,0.615,0.588,0.087,-0.142,0.619,0.509,0.39,0.134,0.493,0.387,0.384,0.465,0.565,0.413,0.444,0.475,0.254,0.232,0.15,0.359,-0.534,-0.158,-0.01,-0.271,0.307,-0.014,0.519,0.496,0.63,0.539,0.376,0.68,0.519,-0.238,0.202,0.206,0.539,0.249,0.49,0.244,0.352,0.378,-0.058,0.409,0.61,0.224,0.443,0.022,0.346,0.577,0.023,0.696,0.459,-0.036,0.364,-0.165,0.381,0.571,0.4,0.485,0.526,0.431,0.362,0.683,0.524,0.458,0.212,0.591,0.218,0.608,0.579,0.602,0.474,0.262,0.31,0.52,0.602,0.171,0.477,0.079,0.074,0.146,0.506,0.555,0.625,-0.079,0.332,0.219,0.556,0.599,0.422,0.56,-0.386,0.102,0.583,0.349,0.481,0.229,0.657,0.12,0.696,0.179,0.574,0.626,-0.089,0.085,0.021,0.619,0.54,0.033,0.297,0.27
AUPH,0.455,-0.22,-0.246,-0.042,-0.031,0.025,-0.122,0.415,0.71,0.169,-0.061,-0.203,0.013,-0.081,-0.445,0.114,0.177,0.484,-0.232,0.477,1.0,0.347,0.511,0.676,0.109,0.721,0.736,0.063,0.013,-0.126,-0.062,0.101,-0.259,0.388,-0.099,-0.526,-0.223,0.656,0.12,-0.028,-0.15,0.1,-0.297,-0.341,0.096,-0.179,-0.019,0.229,-0.093,-0.084,-0.452,-0.175,0.056,0.126,-0.313,0.007,0.37,0.395,-0.443,-0.002,0.11,-0.304,0.349,0.728,0.214,-0.179,-0.163,0.57,0.054,0.019,0.258,-0.293,-0.221,-0.494,-0.091,0.668,0.113,0.098,-0.164,-0.148,0.252,0.327,0.351,0.072,-0.406,-0.081,0.032,-0.405,0.289,0.058,0.68,0.331,0.273,0.763,-0.229,0.658,0.799,-0.044,0.382,-0.066,0.067,0.697,-0.07,-0.123,0.225,0.75,-0.33,0.692,0.009,0.169,0.464,-0.336,-0.227,-0.431,-0.067,0.158,0.399,0.03,-0.09,0.284,-0.014,0.251,0.752,-0.279,-0.017,-0.266,0.62,0.517,-0.146,-0.022,0.208,-0.202,0.225,0.117,-0.156,0.064,-0.273,0.341,-0.253,0.617,-0.137,-0.441,0.045,0.091,-0.186,0.725,-0.073,-0.157,0.076,0.033,-0.082,0.229,-0.044,0.572,-0.318,0.652,-0.296,0.639,0.061,0.226,-0.014,0.04,-0.066,-0.091,0.119,-0.256,0.34,0.647,0.465,-0.52,-0.062,0.36,0.595,0.322,-0.258,-0.267,0.121,0.179,0.187,0.284,0.188,-0.23,0.392,0.75,0.142,-0.418,0.335,-0.163,0.32,-0.232,0.666,0.747,0.097,-0.328,0.632,0.41,0.385,0.553,-0.108,-0.219
AVGO,0.262,-0.007,0.016,0.464,0.259,0.382,0.29,0.52,0.5,0.274,0.146,0.081,-0.096,0.187,0.173,0.222,0.392,0.298,-0.096,-0.019,0.347,1.0,0.433,0.571,-0.024,0.399,0.381,0.541,0.101,-0.147,-0.148,-0.042,-0.098,0.61,-0.084,0.002,0.081,0.586,0.163,0.207,0.336,0.127,-0.163,-0.07,0.288,0.058,0.504,0.244,-0.052,0.424,0.096,-0.022,0.375,0.77,-0.052,0.073,0.219,0.3,-0.193,0.166,0.06,-0.056,0.629,0.376,0.258,0.277,-0.015,0.414,0.395,0.343,0.398,0.124,0.11,-0.34,0.076,0.226,0.372,0.254,0.097,0.087,0.204,0.302,0.116,0.05,0.127,-0.039,0.033,-0.068,0.268,-0.041,0.307,0.692,0.029,0.175,-0.056,0.514,0.468,0.164,0.596,0.105,-0.082,0.445,0.1,-0.009,0.351,0.665,-0.142,0.439,0.308,0.4,0.598,0.21,0.075,0.062,-0.169,0.288,0.175,-0.195,0.122,0.281,-0.115,0.569,0.488,-0.049,-0.004,0.071,0.587,0.464,0.169,0.176,0.746,-0.096,0.017,0.344,-0.054,0.299,-0.212,0.397,0.084,0.225,0.039,0.057,0.19,0.54,-0.093,0.281,0.16,-0.193,0.118,0.114,-0.165,0.066,-0.039,0.579,0.052,0.46,-0.03,0.367,0.114,0.136,0.03,0.28,0.129,-0.22,0.198,-0.296,0.455,0.464,0.292,-0.366,-0.063,0.121,0.484,0.265,-0.367,0.132,0.21,0.023,0.354,0.073,0.163,0.085,0.315,0.625,0.194,-0.206,0.251,0.256,0.27,0.063,0.254,0.25,0.68,-0.263,0.593,0.352,0.212,0.539,0.21,0.074
AZN,0.742,0.405,0.38,0.143,0.566,0.019,0.613,-0.049,0.261,-0.226,0.462,0.479,0.538,0.565,-0.239,0.68,0.49,0.036,0.302,0.612,0.511,0.433,1.0,0.408,0.656,0.742,0.558,0.042,0.451,0.289,0.428,0.546,0.365,0.564,0.491,-0.171,0.268,0.666,0.617,0.67,-0.111,0.664,0.203,0.319,0.732,0.518,0.6,0.704,0.415,0.458,0.102,0.486,0.621,0.168,0.22,0.613,0.793,0.787,0.13,0.698,-0.256,0.143,0.308,0.706,0.733,0.022,0.52,0.647,0.683,0.397,0.757,-0.011,0.452,-0.051,0.591,0.594,0.415,0.686,0.551,0.572,0.699,0.658,0.515,0.454,0.114,0.448,0.588,0.187,0.759,0.519,0.21,0.195,0.632,0.601,0.462,0.397,0.722,0.435,0.707,0.57,0.621,0.635,0.553,0.458,0.586,0.546,0.107,0.452,-0.298,0.153,0.141,-0.148,0.486,0.266,0.395,0.708,0.676,0.476,0.61,0.754,0.42,-0.028,0.465,0.263,0.593,0.299,0.786,0.643,0.501,0.431,0.458,0.424,0.554,0.502,0.354,0.28,0.293,0.756,0.134,0.66,0.452,0.151,0.471,0.082,0.317,0.756,0.571,0.369,0.684,0.312,0.337,0.657,0.556,0.697,0.332,0.592,0.182,0.866,0.636,0.592,0.557,0.536,0.429,0.389,0.569,0.128,0.753,0.255,0.162,-0.05,0.45,0.531,0.806,0.292,0.135,0.443,0.707,0.613,0.634,0.581,-0.36,0.238,0.765,0.656,0.603,0.223,0.786,0.332,0.773,0.272,0.578,0.662,0.44,0.006,0.396,0.81,0.602,0.454,0.479,0.442
BCRX,0.247,-0.241,-0.285,0.259,-0.029,0.367,0.083,0.681,0.725,0.542,-0.195,-0.25,-0.101,-0.096,0.027,0.068,0.37,0.67,-0.326,0.119,0.676,0.571,0.408,1.0,-0.1,0.653,0.571,0.4,-0.134,-0.312,-0.266,-0.126,-0.309,0.603,-0.272,-0.143,-0.306,0.692,0.003,-0.035,0.09,0.104,-0.474,-0.406,0.131,-0.117,0.135,0.278,-0.243,0.034,-0.415,-0.249,0.14,0.324,-0.279,-0.089,0.303,0.276,-0.451,0.01,0.144,-0.338,0.739,0.659,0.16,0.119,-0.164,0.644,-0.021,0.24,0.333,-0.213,-0.202,-0.582,-0.092,0.545,0.12,0.072,-0.126,-0.106,0.207,0.189,0.363,-0.137,-0.022,-0.216,-0.168,-0.419,0.174,-0.09,0.666,0.744,0.038,0.521,-0.217,0.77,0.761,-0.192,0.357,-0.096,-0.177,0.751,-0.118,-0.143,0.452,0.783,-0.407,0.552,0.449,0.491,0.496,-0.249,-0.256,-0.288,-0.286,0.154,0.174,-0.172,-0.026,0.253,-0.192,0.443,0.794,-0.347,-0.001,-0.398,0.632,0.704,-0.182,-0.024,0.477,-0.263,0.095,0.389,-0.243,0.33,-0.363,0.286,-0.028,0.218,-0.223,-0.212,-0.129,0.426,-0.396,0.525,-0.143,-0.326,0.043,-0.19,-0.309,0.002,-0.246,0.67,-0.317,0.535,-0.444,0.522,-0.116,0.099,-0.09,0.303,-0.041,-0.289,0.035,-0.373,0.37,0.596,0.542,-0.584,-0.273,0.162,0.502,0.538,-0.537,-0.154,0.008,-0.0,0.202,0.185,0.393,0.047,0.212,0.756,0.064,-0.465,0.262,-0.209,0.198,-0.181,0.563,0.441,0.481,-0.294,0.8,0.282,0.092,0.817,-0.188,-0.237
BGC,0.631,0.841,0.7,0.216,0.791,-0.174,0.696,-0.51,-0.285,-0.559,0.744,0.766,0.828,0.837,-0.163,0.805,0.216,-0.456,0.752,0.575,0.109,-0.024,0.656,-0.1,1.0,0.385,0.162,-0.198,0.693,0.642,0.753,0.792,0.788,0.282,0.82,0.095,0.626,0.307,0.835,0.834,-0.175,0.832,0.69,0.613,0.831,0.844,0.642,0.666,0.722,0.542,0.379,0.828,0.642,-0.136,0.633,0.83,0.818,0.763,0.53,0.872,-0.37,0.592,-0.18,0.385,0.697,0.053,0.846,0.285,0.737,0.448,0.722,0.241,0.772,0.364,0.886,0.211,0.526,0.803,0.839,0.849,0.807,0.658,0.449,0.697,0.297,0.737,0.826,0.587,0.805,0.784,-0.346,-0.238,0.783,0.239,0.827,-0.101,0.297,0.658,0.492,0.864,0.826,0.14,0.826,0.792,0.469,0.077,0.605,0.045,-0.529,-0.086,-0.334,-0.045,0.78,0.608,0.741,0.823,0.609,0.758,0.826,0.751,0.781,-0.405,-0.038,0.635,0.842,0.645,0.467,0.285,0.8,0.625,0.169,0.745,0.764,0.423,0.704,0.168,0.696,0.754,0.344,0.5,0.736,0.515,0.707,-0.136,0.717,0.602,0.8,0.756,0.855,0.499,0.68,0.751,0.8,0.357,0.656,0.366,0.53,0.609,0.725,0.773,0.873,0.586,0.563,0.78,0.781,0.587,0.67,-0.27,-0.219,0.386,0.836,0.532,0.561,-0.01,0.627,0.743,0.826,0.767,0.637,0.627,-0.656,0.517,0.707,0.184,0.728,0.616,0.793,0.485,0.718,0.601,0.388,0.387,0.179,0.43,-0.213,0.75,0.719,0.011,0.727,0.702
BIDU,0.62,0.086,0.06,0.121,0.235,0.075,0.323,0.32,0.517,0.153,0.19,0.091,0.403,0.245,-0.31,0.432,0.323,0.351,0.102,0.512,0.721,0.399,0.742,0.653,0.385,1.0,0.794,0.115,0.219,0.083,0.202,0.298,-0.009,0.594,0.246,-0.319,-0.024,0.822,0.451,0.29,-0.035,0.491,-0.035,-0.14,0.486,0.275,0.34,0.612,0.097,0.159,-0.325,0.206,0.405,0.116,-0.005,0.396,0.708,0.702,-0.278,0.422,0.055,-0.124,0.501,0.9,0.593,0.004,0.207,0.71,0.319,0.287,0.592,-0.162,0.124,-0.406,0.327,0.678,0.299,0.529,0.227,0.216,0.594,0.507,0.61,0.315,-0.134,0.125,0.355,-0.168,0.62,0.357,0.499,0.395,0.486,0.814,0.171,0.716,0.862,0.124,0.589,0.32,0.334,0.832,0.266,0.248,0.59,0.804,-0.197,0.724,0.029,0.305,0.362,-0.334,0.054,-0.132,0.104,0.543,0.586,0.28,0.33,0.599,0.258,0.204,0.854,-0.008,0.369,-0.048,0.892,0.772,0.179,0.224,0.353,0.085,0.481,0.481,0.09,0.26,-0.039,0.63,0.011,0.688,0.165,-0.099,0.151,0.149,0.031,0.818,0.227,0.101,0.484,0.104,0.043,0.466,0.183,0.788,-0.011,0.739,-0.179,0.897,0.333,0.511,0.32,0.369,0.121,0.205,0.404,-0.091,0.629,0.582,0.367,-0.377,0.22,0.528,0.842,0.514,-0.215,0.089,0.435,0.439,0.527,0.67,-0.039,0.049,0.628,0.851,0.493,-0.223,0.71,-0.058,0.589,-0.016,0.831,0.772,0.338,-0.149,0.64,0.668,0.399,0.685,0.151,0.026
BILI,0.432,-0.259,-0.29,0.004,-0.041,0.299,0.1,0.323,0.581,0.193,-0.138,-0.083,0.037,-0.067,-0.335,0.142,0.28,0.483,-0.23,0.432,0.736,0.381,0.558,0.571,0.162,0.794,1.0,-0.015,-0.107,-0.168,0.079,-0.015,-0.161,0.525,0.122,-0.323,-0.333,0.64,0.197,0.067,-0.02,0.19,-0.141,-0.332,0.145,-0.069,0.047,0.432,-0.119,-0.045,-0.353,-0.072,0.188,0.256,-0.29,0.18,0.453,0.372,-0.539,0.164,0.19,-0.36,0.448,0.666,0.293,-0.194,-0.077,0.632,0.171,0.03,0.32,-0.443,-0.212,-0.53,-0.011,0.611,0.074,0.19,-0.072,-0.072,0.305,0.204,0.468,-0.041,-0.286,-0.152,0.177,-0.395,0.269,0.188,0.666,0.372,0.279,0.743,-0.179,0.62,0.704,-0.102,0.427,-0.043,0.093,0.644,-0.065,-0.079,0.367,0.72,-0.37,0.885,0.02,0.176,0.669,-0.393,-0.249,-0.417,-0.161,0.222,0.314,-0.074,0.117,0.426,-0.134,0.133,0.725,-0.339,0.029,-0.199,0.667,0.618,-0.067,-0.116,0.299,-0.175,0.161,0.253,-0.188,0.139,-0.28,0.381,-0.185,0.659,-0.154,-0.37,-0.07,-0.017,-0.203,0.656,-0.072,-0.096,0.105,-0.082,-0.159,0.132,-0.02,0.561,-0.36,0.681,-0.306,0.651,0.114,0.137,-0.064,0.127,-0.01,-0.036,0.09,-0.156,0.434,0.632,0.419,-0.512,0.061,0.258,0.698,0.441,-0.433,-0.216,0.09,0.201,0.407,0.556,0.136,-0.063,0.451,0.655,0.14,-0.432,0.362,-0.145,0.37,-0.265,0.6,0.662,0.241,-0.22,0.594,0.441,0.195,0.61,-0.134,-0.157
BKR,-0.078,0.003,-0.008,0.272,0.062,0.32,0.108,0.521,0.289,0.4,0.02,-0.1,-0.064,0.034,0.639,-0.064,0.15,0.24,-0.116,-0.219,0.063,0.541,0.042,0.4,-0.198,0.115,-0.015,1.0,-0.043,-0.172,-0.263,-0.126,-0.126,0.31,-0.293,0.42,0.13,0.235,-0.041,0.045,0.477,-0.079,-0.31,-0.167,0.127,-0.035,0.28,0.056,-0.219,0.161,-0.003,-0.163,0.31,0.35,-0.005,-0.024,-0.018,0.05,-0.078,-0.061,0.339,0.124,0.569,0.173,-0.01,0.801,-0.18,0.166,0.087,0.256,0.173,0.385,0.05,-0.143,-0.032,-0.181,0.228,0.096,0.018,-0.002,-0.007,0.099,-0.002,-0.094,0.395,-0.176,-0.194,-0.054,0.001,-0.138,0.132,0.732,-0.25,-0.092,-0.054,0.385,0.174,-0.017,0.157,-0.036,-0.267,0.284,-0.025,-0.085,0.331,0.364,0.005,0.085,0.45,0.511,0.194,0.244,-0.06,0.139,-0.215,0.086,-0.131,-0.282,-0.016,-0.098,-0.099,0.558,0.294,-0.089,-0.107,-0.123,0.197,0.266,-0.043,0.035,0.3,-0.196,-0.136,0.527,-0.026,0.533,-0.201,0.044,0.363,-0.089,-0.088,0.21,-0.025,0.828,-0.178,-0.05,0.009,-0.31,0.015,-0.124,-0.192,-0.057,-0.239,0.364,0.019,0.123,-0.132,0.063,-0.126,-0.071,-0.025,0.254,0.022,-0.293,0.008,-0.07,0.158,0.154,0.224,-0.172,-0.252,0.18,0.081,0.261,-0.363,0.064,-0.001,-0.161,-0.01,-0.088,0.262,0.105,-0.128,0.383,0.021,-0.13,0.01,-0.064,-0.026,0.088,0.088,-0.001,0.472,-0.058,0.418,0.062,-0.015,0.39,-0.023,-0.101
BLDP,0.454,0.78,0.817,0.317,0.773,-0.34,0.478,-0.472,-0.216,-0.637,0.873,0.699,0.621,0.848,-0.13,0.708,0.017,-0.549,0.859,0.374,0.013,0.101,0.451,-0.134,0.693,0.219,-0.107,-0.043,1.0,0.767,0.669,0.818,0.639,0.146,0.672,0.017,0.85,0.167,0.748,0.654,-0.129,0.53,0.686,0.674,0.705,0.707,0.7,0.351,0.779,0.76,0.561,0.723,0.551,0.071,0.74,0.72,0.546,0.632,0.684,0.6,-0.291,0.602,-0.283,0.26,0.595,0.184,0.622,-0.094,0.718,0.632,0.559,0.574,0.83,0.404,0.78,0.146,0.733,0.709,0.785,0.781,0.606,0.686,-0.025,0.852,0.116,0.724,0.729,0.75,0.735,0.611,-0.48,-0.215,0.583,0.103,0.676,-0.239,0.083,0.82,0.573,0.801,0.693,0.022,0.837,0.72,0.103,0.056,0.666,-0.049,-0.46,-0.22,-0.435,0.301,0.826,0.715,0.79,0.731,0.624,0.714,0.584,0.522,0.856,-0.01,-0.094,0.813,0.707,0.793,0.336,0.076,0.818,0.867,0.296,0.721,0.671,0.254,0.772,-0.022,0.733,0.675,0.177,0.429,0.839,0.376,0.886,0.041,0.762,0.361,0.861,0.601,0.777,0.752,0.668,0.731,0.737,0.207,0.857,0.282,0.77,0.375,0.695,0.814,0.835,0.308,0.384,0.599,0.828,0.329,0.479,-0.183,-0.333,0.38,0.753,0.437,0.391,-0.306,0.682,0.766,0.818,0.522,0.57,0.276,-0.724,0.136,0.55,0.165,0.822,0.598,0.683,0.671,0.606,0.675,0.28,0.377,0.022,0.111,-0.22,0.575,0.806,-0.23,0.835,0.698
BLNK,0.391,0.728,0.787,0.201,0.668,-0.382,0.355,-0.617,-0.306,-0.641,0.778,0.594,0.592,0.741,-0.208,0.657,-0.0,-0.471,0.848,0.553,-0.126,-0.147,0.289,-0.312,0.642,0.083,-0.168,-0.172,0.767,1.0,0.767,0.784,0.622,0.136,0.68,0.029,0.758,0.006,0.681,0.554,-0.223,0.528,0.794,0.658,0.612,0.677,0.518,0.404,0.852,0.58,0.498,0.737,0.332,-0.071,0.745,0.674,0.471,0.553,0.636,0.561,-0.226,0.607,-0.43,0.19,0.526,0.077,0.599,-0.228,0.594,0.458,0.442,0.52,0.732,0.546,0.719,0.037,0.612,0.583,0.698,0.679,0.631,0.683,-0.023,0.855,0.069,0.655,0.716,0.752,0.652,0.66,-0.511,-0.349,0.568,-0.003,0.624,-0.435,-0.089,0.721,0.415,0.721,0.668,-0.158,0.747,0.788,-0.012,-0.146,0.665,-0.142,-0.488,-0.321,-0.469,0.259,0.677,0.594,0.847,0.655,0.51,0.775,0.484,0.5,0.863,-0.174,-0.259,0.752,0.658,0.733,0.2,-0.071,0.75,0.818,0.117,0.63,0.72,0.128,0.843,-0.101,0.744,0.554,0.187,0.359,0.796,0.331,0.678,-0.112,0.791,0.231,0.706,0.597,0.687,0.788,0.662,0.67,0.711,0.052,0.775,0.268,0.727,0.202,0.621,0.764,0.759,0.292,0.416,0.757,0.827,0.316,0.281,-0.38,-0.233,0.562,0.686,0.34,0.266,-0.448,0.74,0.658,0.696,0.509,0.478,0.312,-0.734,0.168,0.416,-0.024,0.738,0.637,0.564,0.576,0.478,0.565,0.229,0.247,-0.182,0.132,-0.415,0.473,0.674,-0.396,0.66,0.629
BYND,0.555,0.674,0.685,0.06,0.642,-0.239,0.514,-0.678,-0.373,-0.699,0.707,0.703,0.725,0.697,-0.237,0.688,-0.003,-0.493,0.754,0.605,-0.062,-0.148,0.428,-0.266,0.753,0.202,0.079,-0.263,0.669,0.767,1.0,0.721,0.767,0.124,0.827,0.054,0.635,0.069,0.708,0.73,-0.1,0.623,0.767,0.602,0.63,0.677,0.49,0.542,0.772,0.424,0.46,0.761,0.457,-0.228,0.657,0.817,0.644,0.589,0.555,0.662,-0.16,0.565,-0.377,0.226,0.596,0.065,0.706,0.024,0.649,0.385,0.476,0.316,0.648,0.426,0.712,0.058,0.472,0.664,0.717,0.725,0.65,0.609,0.266,0.678,0.114,0.644,0.857,0.571,0.659,0.729,-0.384,-0.368,0.715,0.144,0.69,-0.288,0.042,0.666,0.345,0.732,0.794,-0.038,0.741,0.726,0.202,-0.112,0.681,0.067,-0.618,-0.246,-0.397,0.07,0.68,0.487,0.729,0.64,0.548,0.655,0.653,0.655,0.742,-0.43,-0.221,0.612,0.732,0.719,0.221,0.066,0.779,0.627,-0.0,0.722,0.656,0.263,0.749,0.07,0.741,0.576,0.272,0.54,0.676,0.361,0.602,-0.206,0.739,0.341,0.728,0.724,0.676,0.586,0.587,0.745,0.779,0.202,0.587,0.311,0.646,0.378,0.689,0.68,0.762,0.32,0.445,0.703,0.716,0.553,0.437,-0.321,-0.277,0.473,0.804,0.51,0.454,-0.319,0.639,0.615,0.727,0.707,0.586,0.561,-0.757,0.343,0.542,-0.033,0.632,0.582,0.606,0.485,0.691,0.539,0.339,0.291,-0.132,0.383,-0.402,0.543,0.581,-0.247,0.651,0.626
