,AAL,AAPL,ABUS,ADBE,ADI,ADMA,AEP,AGNC,AKBA,ALT,AMAT,AMD,AMGN,AMZN,APA,APPS,ARCC,ARDX,ATER,ATOS,AUPH,AVGO,AZN,BCRX,BGC,BIDU,BILI,BKR,BLDP,BLNK,BYND,CAN,CELH,CG,CGC,CHRD,CLNE,CMCSA,COMM,COST,CPB,CPRT,CRON,CRWD,CSCO,CSGP,CSX,CTSH,CZR,DBX,DDOG,DKNG,DLTR,DOCU,DVAX,DXCM,EA,EBAY,ENPH,ERIC,ESPR,ETSY,EXC,EXEL,EXPE,FANG,FAST,FITB,FLEX,FOLD,FOXA,FSLR,FTNT,FUTU,GEN,GERN,GEVO,GILD,GOOG,GOOGL,GPRO,GT,HBAN,HIVE,HON,HST,HUT,IBRX,INTC,IOVA,IQ,IRWD,JBLU,JD,KDP,KHC,LBTYK,LRCX,LYFT,MAR,MARA,MAT,MCHP,MCRB,MDLZ,META,MGNI,MLCO,MNKD,MNST,MOMO,MRNA,MRVL,MSFT,MSTR,MTCH,MU,MVIS,NDAQ,NFLX,NKTR,NNDM,NTES,NTNX,NVAX,NVDA,NWL,NWSA,NXPI,OCGN,OKTA,ON,OPK,PAA,PACB,PAGP,PANW,PARA,PCAR,PDD,PENN,PEP,PLUG,PTEN,PTON,PYPL,QCOM,QUBT,QVCGA,RDFN,REAL,RIOT,ROKU,ROST,RUN,SABR,SAVA,SBUX,SFIX,SGMO,SIRI,SLM,SMCI,SNDL,SONO,STNE,STX,TCOM,TGTX,TIGR,TLRY,TMUS,TRIP,TSCO,TSLA,TTD,TXN,UAL,UNIT,VERU,VKTX,VLY,VOD,VTRS,VXRT,WBA,WBD,WDAY,WDC,WEN,WW,WYNN,XEL,XP,XRAY,XRX,Z,ZION,ZM,ZS
AAL,1.0,0.551,0.751,0.47,0.476,-0.633,-0.313,0.748,0.591,-0.192,0.734,0.694,-0.074,0.807,0.276,0.456,0.569,0.565,0.648,0.769,0.728,0.549,-0.006,-0.576,0.624,0.57,0.126,0.65,0.773,0.721,0.693,0.813,0.24,0.686,0.824,0.409,0.622,0.695,0.802,0.628,-0.513,0.502,-0.362,0.011,0.171,0.448,0.285,0.822,0.613,0.55,0.134,0.739,0.523,0.435,0.656,-0.61,0.489,0.662,-0.496,0.129,0.734,0.747,-0.325,0.326,0.741,0.756,0.488,0.487,0.811,0.625,0.586,0.786,0.35,0.394,0.675,0.606,0.766,-0.354,0.503,0.513,0.628,0.754,0.361,0.911,-0.248,0.744,0.778,-0.353,0.627,0.315,0.149,-0.603,0.798,0.212,-0.34,-0.052,0.687,0.776,0.743,0.636,0.852,0.633,0.655,-0.288,-0.384,0.689,0.007,0.643,-0.444,0.064,0.737,0.709,0.665,0.301,0.817,0.632,0.64,0.4,0.1,0.61,0.5,0.432,0.729,0.368,0.58,0.693,0.709,0.542,0.697,-0.151,0.198,0.516,0.551,0.656,0.787,0.691,0.345,0.689,0.366,0.547,0.654,-0.601,0.791,0.169,0.786,0.603,0.672,0.616,0.586,0.783,0.739,0.876,0.782,0.365,0.595,0.6,0.441,0.629,0.763,0.75,0.323,0.323,-0.412,0.771,0.636,0.518,0.604,0.444,0.542,0.218,0.759,0.552,0.687,-0.259,0.459,0.558,0.576,0.9,0.599,0.792,-0.045,-0.307,0.821,0.378,0.697,-0.396,0.743,0.218,0.621,-0.188,0.435,0.783,-0.148,0.722,0.811,0.713,0.751,0.429,0.459,0.395
AAPL,0.551,1.0,0.684,0.736,0.627,-0.294,-0.571,0.737,0.593,-0.394,0.738,0.791,-0.369,0.691,0.54,0.603,0.619,0.544,0.673,0.504,0.708,0.589,-0.487,-0.359,0.751,0.478,0.044,0.607,0.724,0.697,0.654,0.667,0.11,0.712,0.67,0.807,0.702,0.734,0.356,0.775,-0.726,0.73,-0.506,0.261,0.131,0.238,-0.179,0.639,0.785,0.672,0.431,0.685,0.64,0.454,0.725,-0.673,0.647,0.686,-0.63,-0.365,0.367,0.731,-0.6,0.49,0.707,0.765,0.609,0.628,0.544,0.59,0.69,0.554,0.58,0.615,0.747,0.582,0.782,-0.527,0.756,0.756,0.764,0.47,0.489,0.638,-0.298,0.746,0.669,-0.364,0.402,0.624,-0.002,-0.624,0.643,0.105,-0.513,-0.459,0.529,0.693,0.656,0.772,0.631,0.58,0.675,-0.04,-0.491,0.82,0.345,0.322,-0.039,0.18,0.647,0.661,0.824,0.593,0.751,0.852,0.787,0.312,-0.341,0.724,0.258,0.558,0.681,0.809,0.25,0.763,0.782,0.615,0.722,-0.311,0.191,0.79,0.242,0.703,0.645,0.775,0.66,0.706,0.629,0.589,0.755,-0.659,0.617,-0.062,0.675,0.689,0.816,0.688,0.698,0.578,0.797,0.576,0.757,0.154,0.255,0.509,0.12,0.583,0.693,0.557,0.158,0.54,-0.528,0.598,0.68,0.859,0.704,0.513,0.711,0.434,0.549,0.437,0.77,-0.241,0.779,0.652,0.422,0.567,0.77,0.591,0.09,-0.145,0.705,0.143,0.51,-0.114,0.717,0.604,0.723,-0.451,0.167,0.642,-0.517,0.794,0.695,0.562,0.785,0.521,0.554,0.621
ABUS,0.751,0.684,1.0,0.515,0.61,-0.565,-0.247,0.706,0.566,-0.168,0.749,0.74,-0.043,0.738,0.345,0.646,0.558,0.558,0.532,0.594,0.702,0.714,-0.137,-0.476,0.73,0.539,0.152,0.657,0.754,0.698,0.709,0.635,0.165,0.79,0.582,0.504,0.749,0.661,0.481,0.819,-0.595,0.64,-0.439,0.037,0.327,0.47,0.184,0.822,0.629,0.593,0.182,0.738,0.6,0.487,0.626,-0.58,0.557,0.803,-0.571,-0.043,0.79,0.652,-0.196,0.423,0.684,0.802,0.565,0.566,0.653,0.39,0.756,0.743,0.359,0.53,0.645,0.586,0.66,-0.321,0.516,0.526,0.67,0.661,0.429,0.709,-0.163,0.713,0.592,-0.375,0.603,0.384,0.119,-0.656,0.604,0.204,-0.302,-0.097,0.616,0.74,0.755,0.612,0.66,0.724,0.665,-0.124,-0.378,0.668,0.132,0.563,-0.176,0.064,0.679,0.636,0.703,0.401,0.695,0.67,0.691,0.341,-0.02,0.61,0.476,0.54,0.66,0.485,0.522,0.61,0.655,0.661,0.651,-0.019,0.074,0.601,0.323,0.664,0.77,0.656,0.366,0.692,0.441,0.562,0.719,-0.662,0.638,0.172,0.709,0.601,0.678,0.682,0.608,0.728,0.628,0.717,0.759,0.419,0.436,0.518,0.281,0.67,0.784,0.688,0.322,0.614,-0.384,0.653,0.765,0.585,0.568,0.477,0.743,0.39,0.595,0.598,0.743,-0.222,0.546,0.607,0.609,0.717,0.654,0.642,0.048,-0.192,0.746,0.321,0.69,-0.144,0.817,0.202,0.701,-0.422,0.429,0.684,-0.153,0.66,0.622,0.623,0.739,0.501,0.637,0.326
ADBE,0.47,0.736,0.515,1.0,0.591,-0.092,-0.488,0.756,0.328,-0.409,0.704,0.838,-0.425,0.653,0.327,0.473,0.678,0.394,0.681,0.391,0.461,0.553,-0.431,-0.185,0.646,0.445,0.06,0.473,0.67,0.614,0.65,0.711,-0.029,0.727,0.693,0.73,0.439,0.711,0.293,0.65,-0.664,0.683,-0.346,0.378,0.101,0.272,-0.144,0.613,0.701,0.683,0.506,0.727,0.699,0.392,0.785,-0.452,0.733,0.632,-0.49,-0.32,0.228,0.614,-0.563,0.638,0.718,0.604,0.718,0.684,0.613,0.651,0.655,0.478,0.724,0.354,0.726,0.493,0.686,-0.489,0.877,0.862,0.716,0.324,0.659,0.671,-0.291,0.736,0.788,-0.422,0.398,0.718,0.06,-0.465,0.549,0.096,-0.482,-0.442,0.531,0.714,0.764,0.861,0.741,0.407,0.656,-0.012,-0.469,0.743,0.384,0.269,0.051,0.282,0.593,0.55,0.786,0.583,0.67,0.822,0.703,0.335,-0.245,0.789,0.072,0.578,0.613,0.746,0.16,0.9,0.686,0.612,0.766,-0.146,0.351,0.755,0.187,0.755,0.554,0.747,0.776,0.632,0.693,0.469,0.661,-0.534,0.578,-0.099,0.602,0.526,0.844,0.703,0.835,0.624,0.658,0.637,0.676,0.169,0.264,0.554,0.073,0.582,0.56,0.343,0.007,0.452,-0.435,0.533,0.492,0.697,0.752,0.513,0.531,0.2,0.562,0.252,0.714,-0.014,0.733,0.69,0.437,0.488,0.73,0.435,-0.275,-0.01,0.558,0.217,0.31,-0.112,0.527,0.716,0.718,-0.366,0.14,0.518,-0.448,0.69,0.554,0.585,0.525,0.663,0.6,0.708
ADI,0.476,0.627,0.61,0.591,1.0,-0.222,0.029,0.589,0.369,-0.219,0.687,0.663,0.158,0.582,0.306,0.773,0.469,0.401,0.361,0.363,0.655,0.672,-0.064,-0.363,0.697,0.639,0.352,0.646,0.705,0.512,0.594,0.495,0.251,0.626,0.491,0.439,0.683,0.665,0.211,0.749,-0.317,0.543,-0.178,0.11,0.681,0.555,0.234,0.569,0.577,0.715,0.309,0.486,0.654,0.737,0.492,-0.369,0.573,0.6,-0.369,0.152,0.485,0.571,-0.044,0.551,0.481,0.664,0.744,0.66,0.544,0.2,0.649,0.639,0.528,0.23,0.664,0.632,0.613,-0.018,0.495,0.483,0.589,0.518,0.68,0.457,0.188,0.612,0.44,-0.32,0.551,0.386,0.307,-0.513,0.477,0.41,0.046,0.113,0.59,0.665,0.54,0.586,0.464,0.639,0.8,-0.056,0.037,0.645,0.424,0.512,-0.102,0.307,0.681,0.471,0.638,0.415,0.483,0.595,0.671,0.607,0.09,0.586,0.366,0.474,0.51,0.633,0.403,0.566,0.669,0.561,0.711,0.133,0.163,0.665,0.083,0.543,0.466,0.565,0.396,0.662,0.48,0.678,0.567,-0.242,0.613,0.368,0.547,0.709,0.636,0.538,0.593,0.565,0.532,0.533,0.6,0.506,0.321,0.402,0.154,0.686,0.621,0.46,0.562,0.694,-0.139,0.408,0.538,0.634,0.583,0.433,0.54,0.148,0.474,0.689,0.634,0.18,0.481,0.58,0.763,0.505,0.569,0.333,-0.042,0.137,0.501,0.386,0.493,0.262,0.635,0.365,0.71,-0.35,0.476,0.648,0.11,0.534,0.509,0.575,0.665,0.637,0.748,0.303
ADMA,-0.633,-0.294,-0.565,-0.092,-0.222,1.0,0.278,-0.51,-0.602,0.099,-0.525,-0.375,-0.181,-0.481,-0.032,-0.253,-0.172,-0.399,-0.422,-0.582,-0.524,-0.274,-0.198,0.634,-0.415,-0.399,-0.008,-0.38,-0.445,-0.462,-0.459,-0.423,-0.07,-0.504,-0.362,-0.213,-0.512,-0.533,-0.539,-0.437,0.343,-0.19,0.285,0.135,-0.037,-0.332,-0.486,-0.443,-0.33,-0.288,0.11,-0.529,-0.287,-0.164,-0.295,0.578,-0.146,-0.471,0.341,-0.082,-0.638,-0.416,0.123,-0.083,-0.406,-0.531,-0.14,-0.21,-0.578,-0.265,-0.327,-0.508,0.085,-0.348,-0.345,-0.427,-0.343,0.303,-0.227,-0.243,-0.341,-0.664,0.027,-0.466,0.365,-0.378,-0.394,0.209,-0.647,-0.025,-0.087,0.561,-0.642,-0.149,0.25,-0.049,-0.524,-0.505,-0.498,-0.296,-0.437,-0.599,-0.34,0.526,0.284,-0.391,0.395,-0.56,0.621,0.321,-0.331,-0.509,-0.266,0.007,-0.454,-0.362,-0.409,-0.235,-0.245,-0.294,-0.319,-0.17,-0.465,-0.133,-0.562,-0.31,-0.481,-0.271,-0.336,0.2,0.215,-0.229,-0.479,-0.392,-0.608,-0.412,-0.005,-0.442,-0.065,-0.317,-0.407,0.535,-0.602,0.032,-0.551,-0.4,-0.328,-0.455,-0.266,-0.598,-0.317,-0.529,-0.56,-0.019,-0.487,-0.354,-0.603,-0.436,-0.629,-0.45,-0.229,-0.139,0.396,-0.538,-0.569,-0.146,-0.314,-0.268,-0.277,-0.221,-0.43,-0.401,-0.505,0.539,-0.187,-0.132,-0.542,-0.598,-0.379,-0.621,0.084,0.512,-0.514,-0.186,-0.539,0.447,-0.528,0.187,-0.434,0.213,-0.315,-0.554,0.089,-0.365,-0.58,-0.604,-0.569,-0.21,-0.128,0.021
AEP,-0.313,-0.571,-0.247,-0.488,0.029,0.278,1.0,-0.442,-0.507,0.273,-0.342,-0.462,0.609,-0.293,-0.308,-0.065,-0.275,-0.423,-0.618,-0.369,-0.271,-0.083,0.483,0.172,-0.265,-0.073,0.137,-0.097,-0.33,-0.476,-0.253,-0.428,0.262,-0.43,-0.417,-0.612,-0.201,-0.458,-0.335,-0.241,0.699,-0.346,0.43,-0.357,0.486,0.099,0.319,-0.251,-0.544,-0.301,-0.392,-0.461,-0.21,0.09,-0.536,0.487,-0.242,-0.41,0.401,0.56,0.036,-0.258,0.745,-0.177,-0.456,-0.345,-0.151,-0.213,-0.291,-0.599,-0.312,-0.076,-0.297,-0.385,-0.403,-0.258,-0.39,0.729,-0.577,-0.591,-0.458,-0.176,-0.013,-0.405,0.616,-0.439,-0.477,0.078,-0.117,-0.486,0.125,0.305,-0.509,0.188,0.726,0.763,-0.176,-0.363,-0.36,-0.517,-0.394,-0.185,-0.177,-0.047,0.735,-0.496,0.025,-0.041,0.035,0.133,-0.248,-0.397,-0.485,-0.402,-0.456,-0.556,-0.415,0.032,0.416,-0.428,-0.041,-0.191,-0.411,-0.539,-0.029,-0.551,-0.44,-0.299,-0.346,0.449,-0.095,-0.445,-0.362,-0.443,-0.487,-0.558,-0.567,-0.384,-0.35,-0.197,-0.459,0.713,-0.29,0.462,-0.33,-0.257,-0.455,-0.368,-0.422,-0.356,-0.494,-0.235,-0.519,0.356,-0.181,-0.273,-0.084,-0.195,-0.374,-0.283,0.335,-0.021,0.54,-0.469,-0.339,-0.434,-0.493,-0.357,-0.382,-0.221,-0.278,0.122,-0.498,0.385,-0.529,-0.288,0.053,-0.224,-0.446,-0.443,0.055,0.345,-0.388,0.237,-0.256,0.414,-0.331,-0.518,-0.38,0.285,0.175,-0.316,0.848,-0.393,-0.5,-0.389,-0.339,-0.099,0.045,-0.545
AGNC,0.748,0.737,0.706,0.756,0.589,-0.51,-0.442,1.0,0.608,-0.253,0.867,0.777,-0.084,0.8,0.244,0.501,0.628,0.56,0.789,0.682,0.746,0.598,-0.202,-0.502,0.75,0.632,0.127,0.659,0.783,0.739,0.745,0.839,0.121,0.778,0.754,0.609,0.67,0.824,0.562,0.725,-0.645,0.6,-0.376,0.049,0.172,0.417,0.216,0.752,0.709,0.601,0.21,0.877,0.634,0.415,0.776,-0.637,0.654,0.727,-0.592,-0.103,0.564,0.734,-0.498,0.523,0.733,0.764,0.563,0.589,0.793,0.695,0.673,0.704,0.449,0.448,0.722,0.594,0.776,-0.411,0.738,0.746,0.82,0.641,0.529,0.812,-0.394,0.817,0.848,-0.389,0.652,0.459,0.203,-0.638,0.823,0.197,-0.502,-0.203,0.716,0.847,0.825,0.87,0.818,0.628,0.703,-0.243,-0.406,0.791,0.117,0.576,-0.404,0.069,0.728,0.728,0.708,0.383,0.854,0.857,0.741,0.394,0.007,0.739,0.337,0.483,0.805,0.58,0.478,0.846,0.82,0.632,0.826,-0.18,0.109,0.608,0.519,0.756,0.786,0.798,0.539,0.804,0.475,0.569,0.651,-0.587,0.851,0.019,0.822,0.735,0.805,0.79,0.769,0.826,0.766,0.815,0.799,0.212,0.493,0.635,0.333,0.728,0.711,0.6,0.241,0.44,-0.559,0.753,0.742,0.67,0.729,0.512,0.577,0.257,0.727,0.508,0.764,-0.24,0.651,0.578,0.656,0.775,0.781,0.755,-0.127,-0.284,0.788,0.325,0.577,-0.399,0.721,0.367,0.737,-0.311,0.374,0.754,-0.275,0.744,0.673,0.789,0.781,0.588,0.588,0.46
AKBA,0.591,0.593,0.566,0.328,0.369,-0.602,-0.507,0.608,1.0,-0.242,0.624,0.458,-0.025,0.504,0.074,0.51,0.319,0.764,0.527,0.699,0.763,0.399,-0.055,-0.41,0.578,0.625,0.378,0.457,0.61,0.737,0.567,0.536,0.068,0.608,0.542,0.361,0.57,0.652,0.538,0.541,-0.529,0.366,-0.309,-0.139,0.102,0.219,0.163,0.533,0.665,0.449,-0.057,0.561,0.337,0.334,0.457,-0.574,0.41,0.646,-0.585,-0.068,0.477,0.489,-0.37,0.377,0.536,0.54,0.302,0.385,0.527,0.385,0.435,0.441,0.096,0.254,0.573,0.651,0.618,-0.329,0.406,0.397,0.681,0.739,0.224,0.535,-0.439,0.494,0.47,-0.313,0.666,0.244,0.32,-0.58,0.732,0.368,-0.335,-0.121,0.644,0.557,0.518,0.476,0.482,0.721,0.516,-0.185,-0.362,0.633,-0.214,0.564,-0.404,-0.181,0.583,0.577,0.416,0.059,0.635,0.615,0.652,0.436,-0.083,0.514,0.502,0.341,0.69,0.427,0.648,0.424,0.695,0.436,0.468,-0.096,0.005,0.379,0.565,0.443,0.596,0.48,0.193,0.647,0.241,0.61,0.603,-0.646,0.601,-0.068,0.61,0.771,0.475,0.553,0.41,0.595,0.521,0.502,0.634,0.17,0.303,0.616,0.351,0.611,0.66,0.733,0.301,0.292,-0.39,0.754,0.786,0.348,0.41,0.553,0.637,0.072,0.598,0.496,0.671,-0.484,0.366,0.223,0.476,0.576,0.628,0.627,-0.062,-0.458,0.662,0.366,0.718,-0.494,0.622,0.179,0.546,-0.251,0.455,0.706,-0.414,0.409,0.676,0.664,0.741,0.311,0.233,0.133
ALT,-0.192,-0.394,-0.168,-0.409,-0.219,0.099,0.273,-0.253,-0.242,1.0,-0.298,-0.291,0.217,-0.134,0.132,-0.088,-0.243,-0.102,-0.299,-0.244,-0.331,-0.383,0.276,-0.161,-0.411,-0.389,-0.303,-0.094,-0.36,-0.195,-0.183,-0.289,0.383,-0.371,-0.362,-0.401,-0.011,-0.399,0.105,-0.422,0.372,-0.455,0.421,0.043,0.002,0.451,0.324,-0.144,-0.306,-0.241,0.123,-0.17,-0.295,0.016,-0.222,0.193,-0.459,-0.329,0.601,0.396,-0.05,-0.19,0.357,-0.556,-0.36,-0.385,-0.312,-0.482,-0.234,-0.138,-0.37,-0.113,-0.467,-0.262,-0.38,-0.276,-0.189,0.283,-0.303,-0.281,-0.328,-0.088,-0.347,-0.212,0.412,-0.31,-0.262,0.689,-0.09,-0.388,-0.159,0.149,-0.241,-0.362,0.168,0.254,-0.369,-0.285,-0.281,-0.367,-0.259,-0.289,-0.35,0.252,0.29,-0.431,-0.197,-0.17,-0.044,-0.278,-0.381,-0.218,-0.339,0.084,-0.316,-0.432,-0.535,-0.035,0.54,-0.428,-0.018,-0.449,-0.402,-0.349,-0.097,-0.379,-0.367,-0.325,-0.289,0.127,-0.219,-0.477,0.22,-0.342,-0.083,-0.329,-0.381,-0.404,-0.393,-0.589,-0.392,0.332,-0.125,0.076,-0.231,-0.337,-0.455,-0.307,-0.464,-0.092,-0.099,-0.225,-0.236,-0.26,0.337,-0.531,0.308,-0.48,-0.273,-0.041,0.052,-0.002,0.172,-0.136,-0.233,-0.391,-0.454,-0.661,-0.089,-0.171,-0.121,-0.272,-0.475,0.177,-0.398,-0.083,-0.146,-0.188,-0.375,-0.072,0.428,0.101,-0.33,-0.47,0.053,0.265,-0.301,-0.358,-0.549,0.175,-0.119,-0.415,0.35,-0.296,-0.247,-0.39,-0.279,-0.305,-0.222,-0.382
AMAT,0.734,0.738,0.749,0.704,0.687,-0.525,-0.342,0.867,0.624,-0.298,1.0,0.846,-0.031,0.825,0.27,0.7,0.621,0.581,0.628,0.616,0.759,0.707,-0.193,-0.494,0.765,0.608,0.171,0.682,0.854,0.721,0.854,0.74,0.116,0.725,0.735,0.59,0.699,0.803,0.457,0.847,-0.613,0.558,-0.395,0.042,0.294,0.464,0.219,0.708,0.744,0.635,0.264,0.84,0.658,0.437,0.754,-0.627,0.667,0.741,-0.58,-0.08,0.581,0.746,-0.405,0.51,0.709,0.784,0.591,0.643,0.762,0.549,0.689,0.729,0.527,0.371,0.701,0.653,0.736,-0.372,0.657,0.658,0.797,0.771,0.565,0.733,-0.259,0.793,0.736,-0.481,0.796,0.468,0.137,-0.686,0.795,0.265,-0.324,-0.153,0.677,0.908,0.769,0.756,0.764,0.796,0.882,-0.23,-0.298,0.849,0.199,0.576,-0.384,0.112,0.676,0.691,0.737,0.396,0.755,0.803,0.845,0.509,-0.02,0.705,0.392,0.537,0.707,0.586,0.544,0.807,0.786,0.679,0.849,-0.115,0.107,0.697,0.392,0.822,0.756,0.774,0.445,0.824,0.523,0.63,0.684,-0.53,0.85,0.178,0.795,0.728,0.821,0.764,0.795,0.824,0.728,0.744,0.83,0.379,0.448,0.6,0.273,0.777,0.757,0.584,0.357,0.553,-0.434,0.69,0.74,0.688,0.727,0.512,0.605,0.199,0.709,0.617,0.711,-0.174,0.735,0.651,0.754,0.719,0.723,0.662,-0.136,-0.227,0.704,0.392,0.551,-0.277,0.783,0.286,0.799,-0.362,0.475,0.775,-0.15,0.748,0.699,0.786,0.767,0.606,0.692,0.408
AMD,0.694,0.791,0.74,0.838,0.663,-0.375,-0.462,0.777,0.458,-0.291,0.846,1.0,-0.3,0.767,0.387,0.633,0.666,0.531,0.65,0.48,0.601,0.671,-0.267,-0.391,0.697,0.428,0.039,0.612,0.817,0.693,0.761,0.727,0.123,0.783,0.76,0.672,0.695,0.798,0.471,0.804,-0.662,0.69,-0.427,0.285,0.189,0.434,0.011,0.733,0.799,0.718,0.468,0.815,0.745,0.497,0.825,-0.578,0.678,0.724,-0.48,-0.161,0.495,0.731,-0.469,0.522,0.746,0.725,0.677,0.646,0.695,0.634,0.697,0.672,0.627,0.423,0.713,0.585,0.802,-0.496,0.75,0.753,0.739,0.549,0.556,0.784,-0.205,0.765,0.778,-0.331,0.561,0.673,-0.008,-0.623,0.609,0.073,-0.429,-0.342,0.544,0.829,0.807,0.801,0.787,0.583,0.757,-0.068,-0.447,0.787,0.303,0.382,-0.071,0.214,0.638,0.64,0.873,0.592,0.72,0.782,0.793,0.396,-0.146,0.749,0.259,0.641,0.629,0.708,0.354,0.908,0.79,0.635,0.847,-0.121,0.269,0.803,0.275,0.783,0.693,0.847,0.608,0.676,0.708,0.487,0.748,-0.612,0.728,0.02,0.69,0.611,0.914,0.798,0.841,0.711,0.751,0.751,0.79,0.308,0.416,0.492,0.276,0.652,0.719,0.567,0.178,0.523,-0.414,0.642,0.62,0.766,0.753,0.423,0.647,0.267,0.663,0.41,0.734,-0.107,0.731,0.767,0.59,0.63,0.697,0.639,-0.119,-0.112,0.667,0.181,0.487,-0.126,0.695,0.495,0.789,-0.426,0.249,0.624,-0.321,0.784,0.688,0.678,0.664,0.642,0.641,0.616
AMGN,-0.074,-0.369,-0.043,-0.425,0.158,-0.181,0.609,-0.084,-0.025,0.217,-0.031,-0.3,1.0,-0.166,-0.277,0.037,-0.402,-0.064,-0.319,-0.027,0.068,-0.004,0.708,-0.141,-0.121,0.19,0.256,0.164,-0.101,-0.275,-0.141,-0.254,0.297,-0.219,-0.352,-0.497,0.085,-0.087,-0.011,0.046,0.594,-0.467,0.32,-0.496,0.529,0.227,0.731,-0.154,-0.389,-0.249,-0.523,-0.263,-0.079,0.042,-0.395,0.242,-0.214,-0.187,0.311,0.575,0.203,-0.191,0.677,-0.117,-0.325,-0.032,-0.143,-0.101,-0.035,-0.468,-0.245,0.093,-0.414,-0.281,-0.202,-0.105,-0.179,0.716,-0.409,-0.39,-0.297,0.163,-0.035,-0.265,0.406,-0.301,-0.31,0.103,0.268,-0.579,0.268,0.074,-0.061,0.279,0.692,0.791,0.151,-0.093,-0.226,-0.312,-0.28,0.203,0.005,-0.259,0.738,-0.251,-0.305,0.212,-0.517,-0.158,-0.06,-0.154,-0.321,-0.471,-0.283,-0.318,-0.169,0.038,0.56,-0.275,0.174,-0.307,-0.145,-0.447,0.308,-0.381,-0.12,-0.262,-0.172,0.388,-0.3,-0.429,0.061,-0.305,-0.207,-0.341,-0.605,-0.135,-0.458,0.023,-0.337,0.53,0.08,0.465,-0.11,0.073,-0.305,-0.186,-0.305,-0.074,-0.295,-0.089,-0.227,0.31,0.085,-0.125,0.246,0.158,-0.042,-0.008,0.508,-0.011,0.309,-0.172,-0.093,-0.351,-0.358,-0.204,-0.342,-0.198,-0.082,0.429,-0.209,0.079,-0.463,-0.432,0.424,-0.015,-0.278,-0.154,0.096,-0.004,-0.207,0.277,-0.03,0.065,-0.18,-0.619,-0.136,0.364,0.285,0.007,0.751,-0.327,-0.245,0.02,-0.046,-0.03,0.092,-0.658
AMZN,0.807,0.691,0.738,0.653,0.582,-0.481,-0.293,0.8,0.504,-0.134,0.825,0.767,-0.166,1.0,0.379,0.575,0.682,0.476,0.67,0.669,0.725,0.565,-0.193,-0.552,0.754,0.525,0.045,0.647,0.803,0.704,0.805,0.79,0.315,0.655,0.797,0.583,0.651,0.677,0.614,0.701,-0.627,0.622,-0.364,0.214,0.191,0.616,0.159,0.727,0.652,0.725,0.409,0.812,0.633,0.484,0.719,-0.566,0.648,0.719,-0.426,-0.068,0.572,0.853,-0.424,0.336,0.794,0.768,0.598,0.58,0.826,0.63,0.681,0.796,0.495,0.42,0.74,0.595,0.734,-0.445,0.673,0.677,0.727,0.639,0.458,0.815,-0.206,0.84,0.799,-0.356,0.6,0.476,0.092,-0.67,0.743,0.119,-0.376,-0.194,0.647,0.828,0.812,0.736,0.831,0.619,0.731,-0.229,-0.395,0.763,0.169,0.583,-0.357,0.149,0.687,0.696,0.753,0.561,0.767,0.699,0.657,0.471,0.093,0.634,0.391,0.48,0.748,0.552,0.39,0.732,0.712,0.672,0.76,-0.257,0.298,0.617,0.473,0.783,0.82,0.735,0.484,0.728,0.504,0.48,0.673,-0.58,0.82,0.067,0.851,0.623,0.727,0.668,0.688,0.831,0.778,0.802,0.821,0.307,0.636,0.62,0.409,0.621,0.739,0.608,0.276,0.522,-0.475,0.672,0.649,0.64,0.668,0.373,0.595,0.244,0.768,0.485,0.65,-0.152,0.662,0.787,0.566,0.812,0.724,0.705,-0.043,-0.154,0.757,0.303,0.595,-0.22,0.769,0.353,0.615,-0.332,0.385,0.723,-0.193,0.817,0.796,0.652,0.761,0.532,0.638,0.491
APA,0.276,0.54,0.345,0.327,0.306,-0.032,-0.308,0.244,0.074,0.132,0.27,0.387,-0.277,0.379,1.0,0.339,0.22,0.164,0.332,0.153,0.199,0.221,-0.304,-0.329,0.248,0.032,-0.322,0.516,0.314,0.294,0.254,0.331,0.276,0.302,0.281,0.588,0.423,0.207,0.266,0.32,-0.32,0.273,-0.106,0.479,-0.009,0.34,-0.054,0.29,0.242,0.403,0.622,0.313,0.343,0.258,0.387,-0.331,0.09,0.245,-0.025,-0.232,0.153,0.428,-0.243,-0.167,0.278,0.503,0.313,0.234,0.226,0.348,0.248,0.357,0.297,0.438,0.388,0.179,0.378,-0.359,0.416,0.433,0.244,0.153,0.07,0.283,0.194,0.389,0.305,0.115,0.025,0.218,-0.324,-0.203,0.284,-0.244,-0.224,-0.252,0.034,0.284,0.278,0.322,0.285,0.167,0.327,0.123,-0.253,0.343,0.297,-0.088,-0.004,0.039,0.166,0.355,0.453,0.749,0.338,0.434,0.243,0.034,-0.007,0.188,0.085,0.054,0.164,0.326,-0.02,0.327,0.279,0.139,0.318,-0.239,0.116,0.449,0.148,0.345,0.373,0.405,0.366,0.238,0.201,0.112,0.376,-0.284,0.252,0.11,0.33,0.101,0.32,0.06,0.183,0.298,0.63,0.219,0.385,-0.15,0.365,0.012,0.207,0.051,0.339,0.162,0.094,0.33,-0.201,0.242,0.168,0.441,0.304,0.004,0.335,0.348,0.237,0.088,0.347,0.008,0.43,0.503,0.098,0.272,0.227,0.247,0.417,0.189,0.309,-0.256,0.235,0.304,0.316,0.352,0.232,-0.16,-0.088,0.25,-0.228,0.468,0.456,0.053,0.365,0.156,0.335,0.357
APPS,0.456,0.603,0.646,0.473,0.773,-0.253,-0.065,0.501,0.51,-0.088,0.7,0.633,0.037,0.575,0.339,1.0,0.475,0.542,0.299,0.372,0.598,0.617,-0.156,-0.382,0.627,0.577,0.336,0.597,0.653,0.646,0.743,0.43,0.279,0.582,0.509,0.341,0.712,0.546,0.183,0.744,-0.318,0.476,-0.071,0.046,0.593,0.567,0.126,0.601,0.702,0.611,0.333,0.561,0.558,0.668,0.518,-0.443,0.571,0.643,-0.393,0.115,0.429,0.503,-0.128,0.428,0.473,0.544,0.641,0.61,0.428,0.167,0.59,0.556,0.393,0.198,0.556,0.609,0.613,-0.094,0.431,0.426,0.648,0.641,0.601,0.426,0.186,0.517,0.389,-0.36,0.608,0.426,0.325,-0.512,0.466,0.397,-0.0,0.099,0.504,0.627,0.502,0.487,0.404,0.728,0.805,0.141,0.012,0.635,0.382,0.482,-0.056,0.231,0.583,0.433,0.562,0.424,0.499,0.55,0.694,0.742,0.043,0.521,0.56,0.582,0.424,0.479,0.429,0.489,0.616,0.599,0.64,0.148,0.126,0.595,0.124,0.593,0.497,0.526,0.301,0.673,0.471,0.628,0.586,-0.327,0.522,0.4,0.599,0.692,0.561,0.497,0.607,0.654,0.591,0.43,0.601,0.497,0.281,0.363,0.158,0.65,0.583,0.598,0.608,0.795,-0.146,0.512,0.649,0.536,0.538,0.373,0.714,0.166,0.512,0.521,0.519,0.144,0.592,0.638,0.659,0.462,0.603,0.351,-0.025,0.143,0.467,0.337,0.58,0.165,0.664,0.243,0.618,-0.42,0.646,0.576,0.04,0.428,0.483,0.504,0.584,0.621,0.754,0.212
ARCC,0.569,0.619,0.558,0.678,0.469,-0.172,-0.275,0.628,0.319,-0.243,0.621,0.666,-0.402,0.682,0.22,0.475,1.0,0.4,0.562,0.464,0.483,0.513,-0.532,-0.245,0.58,0.437,0.013,0.362,0.61,0.655,0.683,0.71,0.196,0.592,0.705,0.533,0.483,0.509,0.324,0.585,-0.643,0.585,-0.429,0.178,0.161,0.289,-0.21,0.648,0.663,0.599,0.337,0.628,0.552,0.417,0.659,-0.599,0.655,0.598,-0.538,-0.18,0.316,0.698,-0.484,0.433,0.714,0.534,0.619,0.615,0.552,0.63,0.635,0.509,0.544,0.472,0.583,0.503,0.626,-0.458,0.592,0.601,0.687,0.421,0.628,0.72,-0.202,0.762,0.677,-0.399,0.357,0.576,0.152,-0.475,0.482,0.14,-0.442,-0.313,0.453,0.609,0.623,0.681,0.717,0.425,0.62,0.02,-0.443,0.579,0.399,0.288,0.118,0.247,0.536,0.503,0.695,0.47,0.685,0.618,0.622,0.419,-0.234,0.649,0.091,0.521,0.608,0.622,0.207,0.665,0.574,0.61,0.68,-0.219,0.115,0.609,0.235,0.603,0.512,0.588,0.563,0.584,0.604,0.428,0.626,-0.54,0.545,-0.002,0.641,0.47,0.709,0.675,0.674,0.559,0.56,0.658,0.599,0.223,0.278,0.377,0.105,0.486,0.599,0.524,0.105,0.503,-0.49,0.519,0.482,0.644,0.633,0.357,0.631,0.351,0.586,0.311,0.531,0.018,0.639,0.706,0.313,0.608,0.636,0.479,-0.15,0.011,0.574,0.22,0.521,-0.106,0.578,0.495,0.6,-0.366,0.142,0.475,-0.309,0.647,0.53,0.464,0.537,0.522,0.458,0.549
ARDX,0.565,0.544,0.558,0.394,0.401,-0.399,-0.423,0.56,0.764,-0.102,0.581,0.531,-0.064,0.476,0.164,0.542,0.4,1.0,0.586,0.644,0.564,0.472,-0.134,-0.4,0.444,0.409,0.119,0.423,0.655,0.788,0.536,0.562,0.261,0.627,0.56,0.368,0.623,0.526,0.509,0.522,-0.492,0.422,-0.145,0.075,0.1,0.352,0.227,0.61,0.734,0.452,0.116,0.612,0.45,0.459,0.55,-0.542,0.362,0.672,-0.391,-0.093,0.431,0.51,-0.419,0.291,0.596,0.512,0.461,0.42,0.57,0.465,0.431,0.536,0.186,0.259,0.63,0.486,0.689,-0.29,0.457,0.445,0.666,0.652,0.333,0.581,-0.263,0.476,0.562,-0.152,0.582,0.297,0.119,-0.49,0.647,0.066,-0.249,-0.123,0.561,0.599,0.563,0.527,0.548,0.548,0.528,-0.005,-0.353,0.507,-0.103,0.336,-0.252,0.007,0.466,0.632,0.501,0.205,0.626,0.535,0.514,0.376,-0.035,0.591,0.317,0.411,0.598,0.469,0.53,0.49,0.604,0.44,0.567,0.004,0.124,0.451,0.579,0.427,0.588,0.527,0.272,0.582,0.337,0.39,0.64,-0.583,0.628,-0.005,0.578,0.585,0.515,0.567,0.433,0.575,0.51,0.537,0.562,0.114,0.455,0.513,0.318,0.45,0.598,0.683,0.252,0.33,-0.199,0.78,0.704,0.335,0.42,0.329,0.721,0.107,0.574,0.322,0.608,-0.311,0.398,0.289,0.456,0.593,0.566,0.635,0.133,-0.277,0.603,0.177,0.649,-0.375,0.574,0.275,0.469,-0.122,0.318,0.532,-0.369,0.471,0.532,0.606,0.598,0.331,0.27,0.243
ATER,0.648,0.673,0.532,0.681,0.361,-0.422,-0.618,0.789,0.527,-0.299,0.628,0.65,-0.319,0.67,0.332,0.299,0.562,0.586,1.0,0.686,0.519,0.402,-0.347,-0.463,0.57,0.475,-0.123,0.482,0.631,0.717,0.566,0.868,0.149,0.651,0.746,0.672,0.476,0.634,0.532,0.543,-0.707,0.583,-0.433,0.362,-0.07,0.242,0.017,0.619,0.639,0.563,0.354,0.727,0.507,0.314,0.687,-0.669,0.511,0.659,-0.482,-0.318,0.354,0.671,-0.673,0.31,0.767,0.672,0.496,0.474,0.796,0.75,0.498,0.585,0.493,0.474,0.753,0.472,0.689,-0.597,0.707,0.722,0.652,0.502,0.355,0.778,-0.432,0.729,0.841,-0.306,0.44,0.483,0.102,-0.571,0.733,-0.032,-0.534,-0.387,0.539,0.629,0.693,0.832,0.81,0.444,0.491,-0.195,-0.564,0.614,0.026,0.291,-0.306,0.156,0.553,0.731,0.711,0.455,0.839,0.785,0.572,0.235,-0.151,0.661,0.122,0.361,0.81,0.628,0.278,0.783,0.719,0.485,0.663,-0.387,0.259,0.593,0.543,0.676,0.714,0.73,0.627,0.628,0.472,0.39,0.656,-0.667,0.649,-0.17,0.789,0.479,0.656,0.614,0.592,0.691,0.693,0.749,0.673,-0.066,0.432,0.57,0.287,0.505,0.642,0.468,-0.049,0.246,-0.515,0.76,0.561,0.558,0.639,0.421,0.516,0.272,0.611,0.245,0.726,-0.355,0.628,0.49,0.369,0.727,0.605,0.718,-0.049,-0.367,0.76,0.117,0.455,-0.383,0.572,0.563,0.629,-0.203,0.124,0.573,-0.524,0.69,0.684,0.586,0.61,0.398,0.41,0.652
ATOS,0.769,0.504,0.594,0.391,0.363,-0.582,-0.369,0.682,0.699,-0.244,0.616,0.48,-0.027,0.669,0.153,0.372,0.464,0.644,0.686,1.0,0.674,0.46,0.036,-0.54,0.523,0.566,0.179,0.576,0.688,0.812,0.554,0.763,0.29,0.606,0.711,0.459,0.588,0.589,0.683,0.57,-0.477,0.421,-0.328,-0.008,0.162,0.286,0.178,0.64,0.561,0.556,0.003,0.621,0.45,0.405,0.484,-0.564,0.405,0.631,-0.421,0.01,0.531,0.561,-0.363,0.315,0.752,0.644,0.456,0.501,0.703,0.638,0.502,0.656,0.28,0.37,0.654,0.506,0.623,-0.307,0.425,0.446,0.594,0.636,0.387,0.753,-0.242,0.566,0.733,-0.365,0.532,0.227,0.265,-0.48,0.703,0.202,-0.242,0.024,0.708,0.581,0.606,0.664,0.723,0.595,0.574,-0.318,-0.335,0.536,-0.234,0.491,-0.496,0.14,0.605,0.786,0.541,0.171,0.767,0.554,0.529,0.436,0.016,0.571,0.39,0.306,0.744,0.383,0.597,0.545,0.678,0.454,0.58,-0.185,0.204,0.46,0.689,0.539,0.72,0.598,0.276,0.585,0.264,0.56,0.597,-0.565,0.683,0.055,0.791,0.613,0.599,0.55,0.423,0.629,0.538,0.744,0.603,0.235,0.543,0.616,0.33,0.582,0.71,0.649,0.313,0.258,-0.255,0.707,0.666,0.353,0.466,0.452,0.488,0.206,0.669,0.532,0.693,-0.369,0.366,0.346,0.503,0.86,0.593,0.643,0.011,-0.424,0.72,0.394,0.641,-0.456,0.611,0.259,0.518,-0.041,0.32,0.64,-0.336,0.541,0.713,0.596,0.642,0.316,0.295,0.283
AUPH,0.728,0.708,0.702,0.461,0.655,-0.524,-0.271,0.746,0.763,-0.331,0.759,0.601,0.068,0.725,0.199,0.598,0.483,0.564,0.519,0.674,1.0,0.664,-0.066,-0.413,0.871,0.767,0.483,0.679,0.777,0.631,0.667,0.663,0.188,0.68,0.649,0.464,0.705,0.776,0.522,0.718,-0.503,0.582,-0.368,-0.137,0.372,0.362,0.174,0.661,0.645,0.577,0.017,0.631,0.575,0.533,0.53,-0.549,0.624,0.732,-0.615,0.016,0.612,0.69,-0.317,0.513,0.583,0.733,0.499,0.583,0.644,0.382,0.693,0.698,0.34,0.333,0.671,0.733,0.71,-0.228,0.489,0.493,0.723,0.695,0.483,0.655,-0.256,0.723,0.565,-0.475,0.643,0.375,0.377,-0.622,0.766,0.514,-0.243,-0.024,0.775,0.712,0.651,0.601,0.622,0.753,0.694,-0.228,-0.247,0.836,0.06,0.757,-0.384,0.078,0.788,0.56,0.591,0.229,0.697,0.706,0.748,0.493,-0.046,0.631,0.598,0.532,0.802,0.524,0.585,0.564,0.783,0.649,0.661,-0.047,0.099,0.552,0.4,0.587,0.679,0.599,0.32,0.804,0.421,0.78,0.692,-0.529,0.743,0.199,0.718,0.912,0.627,0.647,0.572,0.678,0.676,0.676,0.723,0.43,0.365,0.651,0.302,0.8,0.711,0.757,0.494,0.488,-0.328,0.647,0.766,0.632,0.579,0.662,0.594,0.158,0.684,0.744,0.736,-0.238,0.484,0.462,0.631,0.709,0.688,0.669,-0.093,-0.238,0.817,0.521,0.656,-0.327,0.812,0.215,0.687,-0.304,0.542,0.881,-0.156,0.644,0.711,0.713,0.933,0.531,0.511,0.22
AVGO,0.549,0.589,0.714,0.553,0.672,-0.274,-0.083,0.598,0.399,-0.383,0.707,0.671,-0.004,0.565,0.221,0.617,0.513,0.472,0.402,0.46,0.664,1.0,-0.173,-0.149,0.749,0.522,0.343,0.589,0.693,0.517,0.639,0.519,0.121,0.684,0.565,0.483,0.62,0.606,0.238,0.811,-0.474,0.724,-0.242,0.078,0.399,0.292,0.067,0.675,0.616,0.589,0.144,0.611,0.654,0.524,0.621,-0.35,0.678,0.726,-0.509,-0.027,0.517,0.54,-0.22,0.601,0.566,0.668,0.577,0.612,0.513,0.341,0.689,0.695,0.538,0.299,0.646,0.505,0.576,-0.121,0.49,0.486,0.627,0.509,0.633,0.54,-0.079,0.605,0.494,-0.543,0.511,0.477,0.216,-0.348,0.456,0.339,-0.118,-0.029,0.619,0.698,0.65,0.576,0.559,0.646,0.702,0.055,-0.218,0.691,0.241,0.435,-0.01,0.403,0.607,0.466,0.664,0.28,0.544,0.6,0.686,0.371,-0.169,0.649,0.398,0.631,0.612,0.447,0.371,0.597,0.569,0.595,0.729,0.215,0.19,0.724,0.078,0.633,0.511,0.59,0.433,0.674,0.546,0.663,0.714,-0.417,0.531,0.25,0.566,0.604,0.694,0.597,0.694,0.55,0.477,0.598,0.545,0.583,0.258,0.513,0.031,0.733,0.608,0.532,0.387,0.571,-0.001,0.474,0.621,0.581,0.619,0.57,0.562,0.196,0.552,0.569,0.633,0.086,0.551,0.5,0.578,0.541,0.603,0.496,-0.159,0.117,0.664,0.453,0.392,-0.063,0.721,0.308,0.752,-0.345,0.39,0.635,-0.039,0.569,0.446,0.594,0.595,0.55,0.631,0.351
AZN,-0.006,-0.487,-0.137,-0.431,-0.064,-0.198,0.483,-0.202,-0.055,0.276,-0.193,-0.267,0.708,-0.193,-0.304,-0.156,-0.532,-0.134,-0.347,0.036,-0.066,-0.173,1.0,-0.197,-0.275,0.032,0.165,0.178,-0.161,-0.274,-0.255,-0.253,0.186,-0.192,-0.299,-0.588,-0.031,-0.12,0.223,-0.138,0.615,-0.492,0.271,-0.438,0.287,0.152,0.646,-0.149,-0.401,-0.269,-0.507,-0.269,-0.12,0.015,-0.412,0.335,-0.343,-0.26,0.494,0.652,0.207,-0.251,0.604,-0.132,-0.289,-0.24,-0.236,-0.259,-0.085,-0.357,-0.384,0.067,-0.477,-0.377,-0.292,-0.082,-0.181,0.607,-0.377,-0.368,-0.4,0.064,-0.251,-0.189,0.313,-0.465,-0.23,0.17,0.088,-0.521,0.056,0.055,-0.151,0.135,0.564,0.653,0.118,-0.217,-0.146,-0.351,-0.215,-0.021,-0.144,-0.361,0.522,-0.35,-0.516,0.159,-0.514,-0.203,-0.149,-0.114,-0.353,-0.433,-0.303,-0.42,-0.282,-0.056,0.585,-0.272,0.191,-0.322,-0.213,-0.573,0.328,-0.337,-0.133,-0.396,-0.234,0.265,-0.088,-0.467,0.185,-0.363,-0.162,-0.33,-0.595,-0.35,-0.43,-0.177,-0.34,0.413,-0.041,0.263,-0.206,-0.057,-0.312,-0.223,-0.368,-0.176,-0.319,-0.016,-0.269,0.227,0.159,-0.103,0.444,-0.006,-0.14,-0.025,0.332,-0.271,0.351,-0.189,-0.116,-0.516,-0.443,-0.258,-0.416,-0.296,-0.11,0.209,-0.205,-0.083,-0.645,-0.412,0.271,-0.038,-0.347,-0.13,0.092,-0.218,-0.243,0.14,-0.085,-0.053,-0.288,-0.59,-0.271,0.397,0.188,-0.073,0.527,-0.384,-0.143,-0.063,-0.142,-0.119,-0.138,-0.654
BCRX,-0.576,-0.359,-0.476,-0.185,-0.363,0.634,0.172,-0.502,-0.41,-0.161,-0.494,-0.391,-0.141,-0.552,-0.329,-0.382,-0.245,-0.4,-0.463,-0.54,-0.413,-0.149,-0.197,1.0,-0.287,-0.285,0.298,-0.627,-0.392,-0.491,-0.483,-0.48,-0.277,-0.419,-0.318,-0.231,-0.584,-0.418,-0.566,-0.421,0.255,-0.139,0.243,0.032,-0.209,-0.532,-0.484,-0.461,-0.375,-0.28,-0.158,-0.467,-0.371,-0.321,-0.315,0.707,-0.07,-0.338,0.161,-0.196,-0.497,-0.501,0.21,0.047,-0.412,-0.483,-0.328,-0.275,-0.592,-0.305,-0.202,-0.583,-0.095,-0.368,-0.342,-0.307,-0.5,0.219,-0.344,-0.354,-0.384,-0.607,-0.103,-0.486,0.028,-0.351,-0.482,0.073,-0.53,-0.052,0.053,0.765,-0.611,0.135,0.086,-0.018,-0.443,-0.514,-0.417,-0.389,-0.442,-0.461,-0.483,0.357,0.126,-0.335,0.068,-0.379,0.605,0.169,-0.346,-0.522,-0.369,-0.313,-0.441,-0.284,-0.286,-0.288,-0.346,-0.352,-0.303,-0.082,-0.307,-0.193,-0.343,-0.389,-0.465,-0.251,-0.521,0.414,0.147,-0.255,-0.537,-0.468,-0.601,-0.504,-0.127,-0.409,-0.156,-0.177,-0.262,0.315,-0.629,-0.169,-0.55,-0.332,-0.298,-0.421,-0.289,-0.578,-0.462,-0.525,-0.523,0.064,-0.571,-0.144,-0.598,-0.209,-0.546,-0.371,-0.31,-0.341,0.376,-0.387,-0.48,-0.314,-0.367,0.089,-0.376,-0.291,-0.275,-0.403,-0.342,0.247,-0.286,-0.313,-0.556,-0.573,-0.388,-0.541,-0.251,0.32,-0.369,0.08,-0.49,0.167,-0.444,0.027,-0.331,0.208,-0.276,-0.441,-0.019,-0.424,-0.523,-0.51,-0.51,-0.296,-0.248,0.007
BGC,0.624,0.751,0.73,0.646,0.697,-0.415,-0.265,0.75,0.578,-0.411,0.765,0.697,-0.121,0.754,0.248,0.627,0.58,0.444,0.57,0.523,0.871,0.749,-0.275,-0.287,1.0,0.712,0.403,0.598,0.774,0.601,0.715,0.643,0.107,0.751,0.675,0.647,0.637,0.721,0.317,0.75,-0.621,0.781,-0.391,0.07,0.331,0.342,-0.015,0.71,0.663,0.687,0.188,0.699,0.654,0.599,0.655,-0.516,0.798,0.797,-0.672,-0.166,0.568,0.703,-0.398,0.592,0.636,0.755,0.639,0.673,0.655,0.405,0.761,0.719,0.485,0.37,0.748,0.707,0.665,-0.348,0.637,0.63,0.748,0.595,0.57,0.631,-0.271,0.761,0.601,-0.578,0.577,0.51,0.343,-0.585,0.66,0.428,-0.364,-0.157,0.726,0.729,0.75,0.69,0.654,0.668,0.692,-0.157,-0.368,0.873,0.225,0.641,-0.143,0.19,0.773,0.555,0.673,0.368,0.705,0.785,0.755,0.439,-0.19,0.713,0.395,0.66,0.797,0.616,0.353,0.654,0.727,0.692,0.722,-0.074,0.183,0.693,0.152,0.703,0.631,0.657,0.482,0.81,0.548,0.716,0.796,-0.586,0.673,0.088,0.742,0.814,0.706,0.673,0.707,0.686,0.641,0.67,0.684,0.38,0.272,0.671,0.165,0.763,0.644,0.602,0.314,0.585,-0.359,0.591,0.761,0.692,0.676,0.7,0.628,0.194,0.652,0.565,0.761,-0.134,0.638,0.575,0.544,0.656,0.758,0.622,-0.222,-0.067,0.823,0.448,0.552,-0.183,0.823,0.415,0.749,-0.493,0.445,0.795,-0.2,0.742,0.638,0.661,0.855,0.614,0.641,0.422
BIDU,0.57,0.478,0.539,0.445,0.639,-0.399,-0.073,0.632,0.625,-0.389,0.608,0.428,0.19,0.525,0.032,0.577,0.437,0.409,0.475,0.566,0.767,0.522,0.032,-0.285,0.712,1.0,0.575,0.617,0.608,0.564,0.586,0.636,0.095,0.574,0.575,0.257,0.471,0.689,0.306,0.634,-0.313,0.423,-0.215,-0.273,0.549,0.278,0.19,0.594,0.496,0.479,-0.162,0.452,0.504,0.449,0.363,-0.44,0.663,0.604,-0.606,0.119,0.516,0.531,-0.15,0.64,0.552,0.558,0.552,0.66,0.601,0.25,0.563,0.546,0.26,0.199,0.582,0.752,0.537,-0.006,0.437,0.43,0.602,0.652,0.597,0.552,-0.103,0.57,0.493,-0.588,0.628,0.278,0.688,-0.49,0.608,0.794,-0.041,0.225,0.794,0.517,0.551,0.588,0.545,0.765,0.671,-0.263,-0.036,0.632,0.118,0.722,-0.304,0.1,0.735,0.426,0.433,0.062,0.653,0.654,0.748,0.567,-0.026,0.614,0.473,0.467,0.732,0.391,0.573,0.465,0.755,0.542,0.509,0.103,0.041,0.416,0.222,0.469,0.436,0.442,0.235,0.673,0.326,0.817,0.578,-0.356,0.506,0.333,0.64,0.792,0.513,0.526,0.505,0.575,0.469,0.638,0.554,0.501,0.094,0.675,0.213,0.826,0.594,0.605,0.508,0.451,-0.313,0.559,0.63,0.402,0.465,0.749,0.461,0.075,0.579,0.742,0.682,-0.168,0.288,0.33,0.699,0.645,0.582,0.436,-0.38,-0.208,0.66,0.667,0.613,-0.22,0.617,0.215,0.691,-0.251,0.623,0.794,-0.055,0.4,0.588,0.625,0.709,0.643,0.573,0.118
BILI,0.126,0.044,0.152,0.06,0.352,-0.008,0.137,0.127,0.378,-0.303,0.171,0.039,0.256,0.045,-0.322,0.336,0.013,0.119,-0.123,0.179,0.483,0.343,0.165,0.298,0.403,0.575,1.0,0.082,0.273,0.138,0.155,0.029,-0.056,0.203,0.158,-0.095,0.093,0.276,-0.005,0.203,0.011,0.163,0.07,-0.329,0.388,0.003,-0.018,0.129,0.168,0.228,-0.302,0.029,0.082,0.305,0.018,0.237,0.347,0.288,-0.284,0.207,0.21,-0.007,0.235,0.465,0.003,0.107,0.113,0.203,0.008,-0.201,0.288,0.094,0.03,-0.22,0.172,0.394,0.087,0.251,-0.084,-0.105,0.256,0.217,0.314,0.042,-0.017,0.116,-0.089,-0.326,0.239,0.037,0.7,0.062,0.087,0.805,0.162,0.313,0.345,0.116,0.082,0.034,-0.002,0.376,0.234,0.081,0.175,0.305,-0.006,0.51,0.002,0.084,0.475,-0.073,-0.0,-0.303,0.08,0.182,0.348,0.429,-0.047,0.117,0.522,0.279,0.325,0.057,0.437,-0.017,0.249,0.229,0.098,0.484,0.153,0.083,-0.036,0.003,0.001,-0.047,-0.083,0.336,0.014,0.649,0.217,-0.03,0.077,0.214,0.109,0.583,0.096,0.089,0.162,0.13,0.041,0.076,0.103,0.603,-0.145,0.397,-0.138,0.581,0.146,0.392,0.43,0.19,0.18,0.179,0.282,0.043,0.091,0.603,0.125,-0.221,0.308,0.444,0.265,0.177,-0.03,-0.002,0.247,0.078,0.211,0.001,-0.36,0.078,0.247,0.675,0.266,-0.065,0.255,-0.004,0.287,-0.041,0.559,0.423,0.132,-0.095,0.117,0.239,0.287,0.203,0.243,-0.12
BKR,0.65,0.607,0.657,0.473,0.646,-0.38,-0.097,0.659,0.457,-0.094,0.682,0.612,0.164,0.647,0.516,0.597,0.362,0.423,0.482,0.576,0.679,0.589,0.178,-0.627,0.598,0.617,0.082,1.0,0.64,0.546,0.597,0.642,0.327,0.626,0.524,0.406,0.736,0.664,0.509,0.733,-0.252,0.413,-0.263,-0.092,0.495,0.477,0.359,0.666,0.489,0.47,0.139,0.583,0.714,0.509,0.497,-0.544,0.455,0.56,-0.296,0.195,0.586,0.649,-0.203,0.396,0.56,0.674,0.564,0.585,0.61,0.385,0.513,0.752,0.368,0.35,0.559,0.521,0.697,-0.025,0.549,0.554,0.536,0.618,0.49,0.603,0.123,0.543,0.615,-0.389,0.55,0.321,0.122,-0.61,0.625,0.236,-0.024,0.132,0.687,0.634,0.651,0.628,0.611,0.66,0.736,-0.226,-0.039,0.613,0.168,0.489,-0.429,0.172,0.587,0.583,0.6,0.461,0.616,0.61,0.609,0.368,0.142,0.618,0.483,0.4,0.537,0.33,0.463,0.608,0.708,0.475,0.677,-0.093,0.016,0.525,0.359,0.61,0.635,0.619,0.33,0.583,0.421,0.531,0.543,-0.288,0.631,0.468,0.648,0.6,0.608,0.545,0.529,0.601,0.695,0.701,0.62,0.413,0.424,0.407,0.444,0.623,0.622,0.526,0.557,0.52,-0.24,0.461,0.611,0.562,0.518,0.331,0.473,0.244,0.51,0.711,0.636,-0.073,0.387,0.526,0.736,0.677,0.526,0.527,0.094,-0.157,0.589,0.263,0.464,-0.118,0.629,0.15,0.612,-0.204,0.422,0.674,0.013,0.575,0.616,0.572,0.699,0.611,0.611,0.118
BLDP,0.773,0.724,0.754,0.67,0.705,-0.445,-0.33,0.783,0.61,-0.36,0.854,0.817,-0.101,0.803,0.314,0.653,0.61,0.655,0.631,0.688,0.777,0.693,-0.161,-0.392,0.774,0.608,0.273,0.64,1.0,0.755,0.701,0.747,0.217,0.796,0.794,0.628,0.698,0.741,0.492,0.783,-0.648,0.64,-0.398,0.088,0.277,0.427,0.119,0.729,0.734,0.742,0.245,0.775,0.676,0.576,0.708,-0.515,0.662,0.834,-0.492,-0.107,0.619,0.759,-0.379,0.475,0.772,0.829,0.671,0.661,0.738,0.561,0.759,0.819,0.471,0.401,0.8,0.709,0.736,-0.391,0.61,0.606,0.801,0.642,0.549,0.754,-0.195,0.801,0.716,-0.405,0.595,0.437,0.148,-0.586,0.703,0.287,-0.294,-0.132,0.69,0.831,0.81,0.758,0.751,0.655,0.832,-0.235,-0.396,0.784,0.154,0.55,-0.286,0.158,0.701,0.705,0.764,0.422,0.769,0.777,0.795,0.461,-0.067,0.716,0.361,0.581,0.786,0.617,0.58,0.734,0.812,0.655,0.812,-0.061,0.247,0.723,0.389,0.667,0.75,0.766,0.412,0.802,0.504,0.639,0.82,-0.626,0.809,0.148,0.756,0.742,0.822,0.662,0.697,0.717,0.697,0.758,0.771,0.398,0.528,0.701,0.253,0.758,0.729,0.647,0.334,0.437,-0.306,0.728,0.723,0.64,0.673,0.581,0.657,0.21,0.769,0.586,0.817,-0.196,0.613,0.661,0.662,0.777,0.695,0.631,-0.047,-0.207,0.791,0.405,0.632,-0.26,0.813,0.358,0.748,-0.322,0.426,0.823,-0.258,0.788,0.745,0.714,0.818,0.51,0.617,0.418
BLNK,0.721,0.697,0.698,0.614,0.512,-0.462,-0.476,0.739,0.737,-0.195,0.721,0.693,-0.275,0.704,0.294,0.646,0.655,0.788,0.717,0.812,0.631,0.517,-0.274,-0.491,0.601,0.564,0.138,0.546,0.755,1.0,0.774,0.783,0.257,0.769,0.806,0.596,0.673,0.658,0.572,0.643,-0.643,0.587,-0.286,0.104,0.175,0.389,0.026,0.775,0.813,0.663,0.24,0.793,0.567,0.538,0.712,-0.684,0.54,0.747,-0.58,-0.122,0.532,0.679,-0.482,0.411,0.784,0.653,0.637,0.604,0.697,0.669,0.621,0.627,0.362,0.471,0.72,0.601,0.783,-0.45,0.591,0.577,0.825,0.714,0.521,0.806,-0.234,0.656,0.774,-0.348,0.63,0.457,0.22,-0.565,0.705,0.166,-0.39,-0.154,0.61,0.681,0.708,0.766,0.764,0.651,0.685,-0.043,-0.431,0.66,0.036,0.41,-0.191,0.125,0.665,0.791,0.641,0.354,0.856,0.725,0.677,0.594,-0.12,0.697,0.387,0.545,0.711,0.592,0.533,0.7,0.781,0.579,0.707,-0.13,0.188,0.609,0.566,0.685,0.717,0.723,0.429,0.705,0.489,0.564,0.738,-0.676,0.712,0.007,0.847,0.672,0.728,0.702,0.623,0.753,0.695,0.734,0.704,0.208,0.449,0.604,0.276,0.575,0.739,0.724,0.279,0.523,-0.385,0.838,0.803,0.522,0.603,0.46,0.8,0.316,0.747,0.414,0.753,-0.27,0.611,0.566,0.499,0.793,0.779,0.67,0.008,-0.265,0.737,0.297,0.771,-0.281,0.677,0.426,0.62,-0.284,0.386,0.624,-0.445,0.648,0.726,0.639,0.689,0.482,0.455,0.444
BYND,0.693,0.654,0.709,0.65,0.594,-0.459,-0.253,0.745,0.567,-0.183,0.854,0.761,-0.141,0.805,0.254,0.743,0.683,0.536,0.566,0.554,0.667,0.639,-0.255,-0.483,0.715,0.586,0.155,0.597,0.701,0.774,1.0,0.705,0.163,0.682,0.762,0.502,0.611,0.692,0.461,0.743,-0.571,0.573,-0.297,0.025,0.283,0.471,0.122,0.766,0.751,0.601,0.255,0.815,0.631,0.474,0.753,-0.657,0.685,0.689,-0.59,-0.029,0.556,0.77,-0.39,0.472,0.689,0.656,0.608,0.598,0.712,0.514,0.611,0.692,0.422,0.366,0.628,0.572,0.751,-0.332,0.613,0.586,0.793,0.775,0.579,0.746,-0.192,0.69,0.697,-0.501,0.761,0.537,0.225,-0.654,0.682,0.276,-0.305,-0.119,0.609,0.783,0.736,0.674,0.753,0.791,0.775,-0.05,-0.272,0.793,0.187,0.53,-0.207,0.092,0.662,0.576,0.641,0.339,0.726,0.705,0.752,0.615,-0.054,0.685,0.479,0.648,0.634,0.496,0.464,0.737,0.706,0.627,0.786,-0.06,0.123,0.611,0.349,0.847,0.646,0.694,0.403,0.736,0.568,0.569,0.674,-0.519,0.743,0.137,0.82,0.651,0.71,0.743,0.767,0.855,0.709,0.742,0.742,0.392,0.382,0.538,0.304,0.663,0.748,0.674,0.316,0.649,-0.428,0.679,0.735,0.601,0.647,0.418,0.693,0.243,0.76,0.522,0.612,-0.11,0.713,0.661,0.629,0.691,0.75,0.66,-0.148,-0.145,0.672,0.412,0.626,-0.188,0.707,0.286,0.721,-0.442,0.533,0.651,-0.14,0.713,0.677,0.666,0.681,0.634,0.652,0.386
