,AAL,AAPL,ABUS,ADBE,ADI,ADMA,AEP,AGNC,AKBA,ALT,AMAT,AMD,AMGN,AMZN,APA,APPS,ARCC,ARDX,ATER,ATOS,AUPH,AVGO,AZN,BCRX,BGC,BIDU,BILI,BKR,BLDP,BLNK,BYND,CAN,CELH,CG,CGC,CHRD,CLNE,CMCSA,COMM,COST,CPB,CPRT,CRON,CRWD,CSCO,CSGP,CSX,CTSH,CZR,DBX,DDOG,DKNG,DLTR,DOCU,DVAX,DXCM,EA,EBAY,ENPH,ERIC,ESPR,ETSY,EXC,EXEL,EXPE,FANG,FAST,FITB,FLEX,FOLD,FOXA,FSLR,FTNT,FUTU,GEN,GERN,GEVO,GILD,GOOG,GOOGL,GPRO,GT,HBAN,HIVE,HON,HST,HUT,IBRX,INTC,IOVA,IQ,IRWD,JBLU,JD,KDP,KHC,LBTYK,LRCX,LYFT,MAR,MARA,MAT,MCHP,MCRB,MDLZ,META,MGNI,MLCO,MNKD,MNST,MOMO,MRNA,MRVL,MSFT,MSTR,MTCH,MU,MVIS,NDAQ,NFLX,NKTR,NNDM,NTES,NTNX,NVAX,NVDA,NWL,NWSA,NXPI,OCGN,OKTA,ON,OPK,PAA,PACB,PAGP,PANW,PARA,PCAR,PDD,PENN,PEP,PLUG,PTEN,PTON,PYPL,QCOM,QUBT,QVCGA,RDFN,REAL,RIOT,ROKU,ROST,RUN,SABR,SAVA,SBUX,SFIX,SGMO,SIRI,SLM,SMCI,SNDL,SONO,STNE,STX,TCOM,TGTX,TIGR,TLRY,TMUS,TRIP,TSCO,TSLA,TTD,TXN,UAL,UNIT,VERU,VKTX,VLY,VOD,VTRS,VXRT,WBA,WBD,WDAY,WDC,WEN,WW,WYNN,XEL,XP,XRAY,XRX,Z,ZION,ZM,ZS
AAL,1.0,0.788,0.479,0.718,0.761,0.716,0.522,0.822,0.743,0.305,0.669,0.744,0.403,0.728,-0.627,0.562,0.804,0.553,0.784,0.032,0.624,0.709,0.234,-0.092,0.765,0.336,0.707,-0.3,0.628,0.599,0.682,-0.541,-0.076,0.707,0.21,-0.139,-0.052,0.444,-0.26,0.722,0.091,0.665,0.616,0.73,-0.295,0.808,0.703,0.682,0.829,0.36,0.644,0.822,0.728,0.761,-0.371,0.743,0.703,0.434,0.218,0.818,0.798,0.649,0.384,0.564,0.801,-0.393,0.812,0.898,0.598,0.055,0.254,0.166,-0.509,0.617,0.687,0.308,0.613,-0.339,0.662,0.664,0.713,0.664,0.841,-0.172,0.838,0.79,-0.37,0.69,0.714,0.641,0.682,0.719,0.439,0.687,0.773,0.705,0.512,0.732,0.597,0.697,0.431,-0.0,0.802,-0.401,0.788,0.761,0.762,-0.584,-0.584,0.72,0.011,0.053,0.793,0.704,0.717,-0.383,0.795,0.608,0.753,0.811,0.459,-0.476,0.69,0.778,-0.201,0.814,0.528,0.394,0.736,0.419,0.457,-0.213,0.639,0.476,0.472,0.465,0.317,0.792,0.793,0.586,0.69,0.602,-0.522,-0.608,0.541,0.779,0.74,0.125,0.795,0.827,0.737,0.254,0.78,0.664,0.75,0.172,0.516,0.754,0.24,-0.602,0.817,0.729,0.681,0.471,0.534,0.623,0.78,0.278,0.671,0.561,0.108,0.737,0.696,0.747,0.648,-0.085,0.762,0.944,0.717,0.612,0.64,0.725,0.153,0.656,0.808,0.176,0.353,0.74,0.7,-0.224,-0.531,-0.043,0.282,0.692,-0.375,0.718,0.373,0.864,0.637,0.757
AAPL,0.788,1.0,0.334,0.843,0.742,0.747,0.546,0.751,0.7,0.233,0.743,0.805,0.221,0.734,-0.658,0.406,0.678,0.376,0.798,0.125,0.654,0.84,0.081,-0.222,0.757,0.123,0.522,-0.347,0.516,0.671,0.655,-0.756,-0.046,0.823,-0.023,-0.179,-0.183,0.416,-0.35,0.792,0.033,0.747,0.649,0.868,-0.35,0.751,0.756,0.761,0.768,0.478,0.826,0.907,0.694,0.799,-0.513,0.691,0.847,0.352,0.147,0.709,0.688,0.7,0.303,0.564,0.892,-0.402,0.768,0.774,0.538,-0.109,0.1,-0.023,-0.424,0.49,0.806,0.271,0.534,-0.486,0.666,0.651,0.707,0.74,0.792,-0.359,0.767,0.79,-0.525,0.562,0.682,0.602,0.529,0.626,0.198,0.525,0.701,0.708,0.514,0.867,0.598,0.843,0.341,-0.098,0.811,-0.399,0.882,0.809,0.76,-0.63,-0.626,0.69,-0.163,0.041,0.778,0.755,0.712,-0.333,0.839,0.529,0.805,0.801,0.239,-0.65,0.65,0.885,-0.297,0.8,0.373,0.331,0.77,0.314,0.353,-0.318,0.687,0.45,0.367,0.299,0.421,0.719,0.707,0.484,0.842,0.615,-0.609,-0.676,0.549,0.794,0.891,0.017,0.718,0.684,0.713,0.09,0.877,0.681,0.655,0.182,0.431,0.85,-0.033,-0.641,0.755,0.73,0.793,0.399,0.529,0.663,0.736,0.223,0.703,0.476,-0.132,0.696,0.818,0.699,0.622,-0.172,0.661,0.837,0.755,0.461,0.563,0.648,0.108,0.601,0.704,-0.075,0.184,0.8,0.733,-0.258,-0.507,-0.156,0.156,0.74,-0.301,0.562,0.273,0.788,0.645,0.871
ABUS,0.479,0.334,1.0,0.413,0.313,0.482,0.491,0.431,0.514,0.449,0.416,0.4,0.055,0.462,-0.196,0.502,0.534,0.525,0.493,0.268,0.423,0.338,0.241,0.23,0.372,0.294,0.562,0.082,0.49,0.365,0.483,-0.209,0.059,0.409,0.379,0.201,0.209,0.313,-0.405,0.502,0.342,0.394,0.473,0.496,0.142,0.367,0.388,0.335,0.417,0.07,0.213,0.43,0.647,0.466,-0.098,0.448,0.338,0.313,-0.067,0.409,0.629,0.306,0.586,0.359,0.435,-0.053,0.422,0.532,0.377,0.401,0.426,0.186,-0.374,0.383,0.332,0.521,0.622,0.147,0.152,0.167,0.432,0.443,0.458,-0.043,0.509,0.394,-0.086,0.474,0.496,0.477,0.469,0.44,0.119,0.629,0.454,0.428,0.335,0.306,0.423,0.243,0.155,0.112,0.31,-0.215,0.47,0.309,0.464,-0.077,-0.045,0.435,0.25,-0.001,0.481,0.38,0.378,-0.441,0.477,0.499,0.341,0.341,0.406,-0.264,0.535,0.508,0.271,0.353,0.136,0.398,0.265,0.297,0.189,-0.467,0.438,0.481,0.08,0.513,0.292,0.454,0.278,0.067,0.377,0.564,-0.028,-0.153,0.474,0.425,0.416,0.121,0.41,0.451,0.341,0.288,0.434,0.505,0.531,0.311,0.457,0.382,0.397,-0.017,0.561,0.462,0.341,0.688,0.469,0.482,0.383,-0.074,0.521,0.324,0.383,0.481,0.363,0.429,0.536,0.23,0.403,0.432,0.573,0.556,0.424,0.56,0.359,0.448,0.396,0.214,0.436,0.4,0.221,-0.04,-0.34,0.225,0.496,0.385,-0.393,0.478,0.054,0.533,0.439,0.411
ADBE,0.718,0.843,0.413,1.0,0.678,0.724,0.509,0.746,0.757,0.317,0.666,0.779,0.2,0.791,-0.754,0.425,0.702,0.369,0.736,0.183,0.594,0.781,0.231,-0.272,0.76,0.13,0.568,-0.234,0.518,0.636,0.62,-0.725,0.082,0.786,0.043,-0.152,-0.115,0.42,-0.403,0.699,0.003,0.742,0.693,0.808,-0.306,0.746,0.727,0.63,0.692,0.283,0.868,0.753,0.651,0.702,-0.564,0.698,0.732,0.441,0.095,0.706,0.747,0.561,0.292,0.505,0.763,-0.363,0.695,0.693,0.498,-0.092,0.113,0.02,-0.606,0.474,0.804,0.21,0.417,-0.364,0.64,0.637,0.777,0.715,0.689,-0.277,0.766,0.733,-0.433,0.592,0.658,0.604,0.549,0.641,0.125,0.539,0.705,0.666,0.441,0.741,0.633,0.746,0.306,-0.077,0.644,-0.595,0.794,0.773,0.757,-0.515,-0.594,0.616,-0.168,-0.11,0.701,0.751,0.709,-0.477,0.744,0.472,0.835,0.782,0.237,-0.693,0.608,0.796,-0.23,0.758,0.324,0.298,0.713,0.26,0.314,-0.357,0.684,0.386,0.218,0.35,0.348,0.627,0.659,0.41,0.778,0.689,-0.529,-0.626,0.446,0.721,0.777,0.053,0.681,0.534,0.799,0.13,0.738,0.671,0.6,0.174,0.422,0.725,0.035,-0.651,0.704,0.695,0.641,0.482,0.467,0.655,0.719,0.161,0.692,0.443,-0.09,0.711,0.872,0.675,0.606,-0.076,0.633,0.78,0.734,0.487,0.509,0.574,0.204,0.709,0.719,-0.061,0.296,0.753,0.698,-0.372,-0.663,-0.06,0.185,0.721,-0.47,0.605,0.128,0.733,0.643,0.79
ADI,0.761,0.742,0.313,0.678,1.0,0.641,0.533,0.765,0.619,0.113,0.729,0.768,0.299,0.571,-0.614,0.6,0.688,0.454,0.714,0.019,0.715,0.822,0.166,-0.26,0.822,0.385,0.455,-0.265,0.58,0.731,0.605,-0.562,-0.273,0.77,0.076,-0.16,-0.067,0.333,-0.047,0.707,0.135,0.798,0.536,0.757,-0.417,0.865,0.822,0.786,0.809,0.42,0.65,0.708,0.631,0.84,-0.482,0.653,0.795,0.41,0.292,0.795,0.681,0.786,0.335,0.495,0.731,-0.355,0.65,0.73,0.517,-0.13,0.175,0.279,-0.548,0.554,0.697,0.244,0.552,-0.482,0.731,0.712,0.761,0.714,0.837,-0.243,0.748,0.776,-0.465,0.497,0.667,0.701,0.546,0.706,0.386,0.602,0.632,0.726,0.535,0.868,0.632,0.809,0.551,-0.129,0.893,-0.375,0.767,0.77,0.78,-0.64,-0.555,0.576,0.028,0.12,0.808,0.787,0.712,-0.213,0.838,0.585,0.719,0.829,0.367,-0.44,0.636,0.705,-0.355,0.781,0.53,0.261,0.781,0.416,0.541,-0.052,0.713,0.299,0.576,0.265,0.365,0.693,0.816,0.639,0.829,0.557,-0.566,-0.546,0.56,0.781,0.804,0.039,0.619,0.699,0.727,0.208,0.745,0.702,0.738,0.213,0.42,0.75,0.211,-0.532,0.783,0.579,0.803,0.414,0.631,0.742,0.738,0.424,0.678,0.466,0.021,0.676,0.65,0.699,0.766,-0.202,0.863,0.792,0.621,0.546,0.59,0.722,0.035,0.631,0.749,0.281,0.29,0.809,0.734,-0.119,-0.534,-0.151,0.316,0.838,-0.189,0.597,0.396,0.775,0.756,0.765
ADMA,0.716,0.747,0.482,0.724,0.641,1.0,0.503,0.685,0.7,0.274,0.691,0.738,0.098,0.68,-0.719,0.462,0.696,0.43,0.692,0.124,0.634,0.7,0.14,-0.248,0.714,0.095,0.627,-0.351,0.379,0.553,0.604,-0.559,-0.005,0.765,0.064,-0.176,-0.168,0.238,-0.473,0.659,0.154,0.637,0.715,0.707,-0.286,0.713,0.59,0.599,0.638,0.251,0.701,0.763,0.608,0.689,-0.482,0.689,0.687,0.333,-0.081,0.634,0.691,0.475,0.313,0.552,0.729,-0.504,0.694,0.709,0.552,-0.035,0.17,-0.08,-0.549,0.534,0.795,0.314,0.511,-0.303,0.439,0.425,0.717,0.588,0.653,-0.28,0.645,0.666,-0.398,0.606,0.694,0.657,0.584,0.734,0.109,0.534,0.647,0.652,0.333,0.741,0.583,0.64,0.356,-0.266,0.581,-0.526,0.736,0.636,0.65,-0.545,-0.549,0.654,-0.132,-0.177,0.762,0.723,0.786,-0.528,0.856,0.56,0.731,0.633,0.268,-0.735,0.728,0.708,-0.062,0.787,0.227,0.258,0.617,0.181,0.195,-0.457,0.564,0.358,0.235,0.314,0.314,0.709,0.578,0.413,0.73,0.712,-0.55,-0.644,0.358,0.614,0.727,-0.173,0.681,0.536,0.742,0.196,0.732,0.713,0.5,0.033,0.491,0.701,-0.023,-0.471,0.612,0.67,0.619,0.425,0.479,0.586,0.678,0.117,0.695,0.537,-0.115,0.641,0.757,0.505,0.574,-0.139,0.611,0.716,0.651,0.513,0.363,0.527,0.207,0.658,0.618,-0.113,0.259,0.806,0.609,-0.355,-0.691,-0.088,0.237,0.614,-0.525,0.511,0.078,0.655,0.616,0.689
AEP,0.522,0.546,0.491,0.509,0.533,0.503,1.0,0.709,0.583,0.516,0.498,0.639,0.21,0.549,-0.344,0.29,0.677,0.47,0.494,0.416,0.601,0.411,0.158,0.146,0.504,0.119,0.59,0.042,0.47,0.289,0.742,-0.431,0.209,0.504,0.293,0.145,0.213,0.228,-0.391,0.553,0.447,0.511,0.425,0.537,0.016,0.573,0.563,0.452,0.636,-0.119,0.333,0.615,0.751,0.494,-0.348,0.481,0.603,0.284,-0.243,0.52,0.458,0.408,0.711,0.494,0.543,-0.344,0.615,0.623,0.461,0.149,0.517,-0.024,-0.639,0.282,0.43,0.225,0.696,0.026,0.334,0.312,0.335,0.384,0.754,0.08,0.582,0.644,-0.07,0.531,0.453,0.359,0.427,0.4,0.178,0.456,0.597,0.774,0.453,0.559,0.562,0.442,0.125,-0.055,0.506,-0.462,0.712,0.448,0.461,-0.303,-0.432,0.735,-0.107,-0.079,0.482,0.554,0.493,-0.569,0.548,0.325,0.401,0.516,0.495,-0.525,0.58,0.613,0.207,0.463,0.101,0.561,0.341,0.223,0.163,-0.426,0.451,0.629,0.157,0.512,0.089,0.666,0.433,0.186,0.728,0.676,-0.155,-0.509,0.532,0.684,0.703,0.073,0.598,0.524,0.371,0.342,0.769,0.552,0.623,0.243,0.677,0.751,0.018,-0.4,0.594,0.706,0.419,0.533,0.334,0.392,0.542,-0.08,0.699,0.294,0.052,0.734,0.424,0.405,0.437,0.175,0.545,0.495,0.709,0.555,0.197,0.544,0.542,0.429,0.38,0.21,0.496,0.514,0.398,-0.218,-0.42,0.19,0.5,0.538,-0.484,0.612,0.014,0.669,0.446,0.378
AGNC,0.822,0.751,0.431,0.746,0.765,0.685,0.709,1.0,0.75,0.396,0.687,0.804,0.253,0.809,-0.691,0.423,0.841,0.562,0.665,0.149,0.66,0.676,0.22,-0.09,0.746,0.174,0.678,-0.239,0.617,0.48,0.739,-0.599,-0.028,0.651,0.352,-0.162,0.009,0.474,-0.466,0.695,0.186,0.649,0.571,0.684,-0.226,0.908,0.804,0.614,0.809,0.127,0.601,0.747,0.758,0.649,-0.496,0.701,0.677,0.335,-0.013,0.843,0.657,0.539,0.484,0.62,0.665,-0.443,0.791,0.818,0.638,-0.057,0.24,-0.025,-0.668,0.478,0.616,0.253,0.592,-0.308,0.757,0.756,0.565,0.523,0.893,-0.079,0.858,0.815,-0.207,0.721,0.706,0.578,0.567,0.599,0.197,0.569,0.783,0.776,0.484,0.788,0.563,0.689,0.386,0.061,0.706,-0.546,0.815,0.824,0.692,-0.587,-0.645,0.754,-0.106,-0.108,0.698,0.836,0.77,-0.584,0.773,0.423,0.674,0.873,0.49,-0.503,0.658,0.761,-0.111,0.768,0.278,0.411,0.588,0.426,0.49,-0.422,0.563,0.474,0.248,0.537,0.257,0.707,0.786,0.45,0.822,0.712,-0.508,-0.698,0.507,0.8,0.793,0.122,0.681,0.643,0.634,0.353,0.798,0.678,0.755,0.179,0.667,0.751,0.11,-0.6,0.717,0.744,0.598,0.515,0.486,0.524,0.835,0.147,0.771,0.433,0.04,0.922,0.633,0.692,0.537,-0.028,0.825,0.78,0.713,0.623,0.535,0.674,0.309,0.564,0.628,0.09,0.364,0.702,0.661,-0.359,-0.614,-0.04,0.332,0.694,-0.461,0.854,0.12,0.861,0.624,0.613
AKBA,0.743,0.7,0.514,0.757,0.619,0.7,0.583,0.75,1.0,0.373,0.557,0.629,0.238,0.673,-0.594,0.531,0.631,0.559,0.712,0.317,0.647,0.543,0.166,0.018,0.6,0.198,0.653,-0.276,0.518,0.468,0.62,-0.505,0.129,0.696,0.247,-0.077,0.058,0.334,-0.407,0.623,0.066,0.536,0.544,0.65,-0.232,0.729,0.551,0.568,0.722,0.175,0.699,0.769,0.717,0.605,-0.378,0.598,0.554,0.456,-0.023,0.659,0.773,0.517,0.369,0.477,0.733,-0.38,0.629,0.817,0.473,0.248,0.269,0.078,-0.497,0.603,0.75,0.48,0.566,-0.09,0.556,0.556,0.63,0.601,0.724,-0.199,0.699,0.666,-0.323,0.569,0.57,0.642,0.602,0.534,0.262,0.588,0.605,0.595,0.517,0.563,0.625,0.603,0.221,-0.03,0.627,-0.401,0.68,0.602,0.688,-0.312,-0.389,0.642,0.023,-0.022,0.577,0.688,0.547,-0.457,0.636,0.578,0.667,0.621,0.58,-0.536,0.549,0.697,-0.07,0.582,0.294,0.448,0.657,0.358,0.349,-0.388,0.613,0.511,0.281,0.436,0.169,0.723,0.542,0.354,0.72,0.568,-0.343,-0.616,0.523,0.687,0.641,-0.002,0.76,0.621,0.653,0.26,0.713,0.621,0.685,0.166,0.585,0.646,0.205,-0.394,0.682,0.589,0.507,0.476,0.448,0.536,0.564,0.048,0.651,0.501,0.139,0.705,0.789,0.592,0.535,0.069,0.695,0.736,0.72,0.592,0.489,0.618,0.256,0.713,0.67,0.124,0.524,0.583,0.472,-0.258,-0.518,0.14,0.277,0.636,-0.417,0.608,0.214,0.682,0.627,0.679
ALT,0.305,0.233,0.449,0.317,0.113,0.274,0.516,0.396,0.373,1.0,0.115,0.257,0.163,0.391,-0.217,0.22,0.36,0.299,0.238,0.561,0.367,0.144,0.281,0.333,0.197,-0.004,0.398,0.072,0.338,-0.094,0.411,-0.029,0.459,0.113,0.497,0.096,0.3,0.335,-0.336,0.187,0.25,0.129,0.253,0.183,0.171,0.198,0.194,0.083,0.265,-0.346,0.088,0.308,0.466,0.167,-0.261,0.212,0.182,0.134,-0.271,0.33,0.332,-0.004,0.435,0.467,0.208,-0.116,0.221,0.376,0.377,0.382,0.45,-0.103,-0.452,0.165,0.118,0.228,0.359,0.291,0.059,0.094,0.087,0.027,0.322,0.33,0.362,0.347,0.315,0.39,0.214,0.221,0.272,0.127,0.065,0.303,0.454,0.35,0.178,0.196,0.4,0.037,-0.058,0.191,0.014,-0.391,0.328,0.269,0.302,0.038,-0.194,0.453,0.107,-0.187,0.115,0.304,0.256,-0.509,0.302,0.096,0.118,0.279,0.513,-0.218,0.219,0.26,0.408,0.284,-0.05,0.501,0.041,0.387,-0.023,-0.387,0.186,0.416,-0.106,0.444,-0.151,0.344,0.141,-0.042,0.289,0.422,0.173,-0.231,0.166,0.264,0.227,0.386,0.372,0.233,0.145,0.462,0.341,0.285,0.283,0.155,0.567,0.308,0.018,-0.171,0.243,0.549,0.052,0.374,0.035,0.001,0.348,-0.293,0.384,0.145,0.237,0.503,0.194,0.338,0.121,0.471,0.203,0.245,0.326,0.387,0.234,0.373,0.618,0.375,0.184,0.113,0.367,0.217,0.189,-0.274,-0.226,0.471,0.309,0.084,-0.414,0.374,-0.238,0.46,0.214,0.082
AMAT,0.669,0.743,0.416,0.666,0.729,0.691,0.498,0.687,0.557,0.115,1.0,0.7,0.232,0.65,-0.598,0.363,0.637,0.352,0.648,-0.092,0.658,0.804,0.045,-0.332,0.687,0.318,0.598,-0.23,0.43,0.749,0.558,-0.745,-0.141,0.743,-0.055,-0.199,-0.2,0.254,-0.361,0.822,0.258,0.819,0.754,0.742,-0.128,0.736,0.738,0.661,0.645,0.434,0.664,0.699,0.656,0.692,-0.56,0.654,0.799,0.326,0.065,0.648,0.636,0.558,0.517,0.497,0.745,-0.365,0.627,0.642,0.557,-0.201,0.133,-0.07,-0.577,0.486,0.75,0.185,0.497,-0.447,0.633,0.634,0.73,0.72,0.661,-0.365,0.643,0.64,-0.515,0.489,0.693,0.673,0.549,0.756,0.254,0.556,0.609,0.647,0.295,0.822,0.523,0.665,0.31,-0.172,0.668,-0.518,0.672,0.721,0.623,-0.684,-0.625,0.676,-0.039,-0.129,0.793,0.823,0.702,-0.427,0.745,0.458,0.665,0.693,0.178,-0.516,0.781,0.728,-0.214,0.671,0.274,0.14,0.585,0.201,0.304,-0.34,0.536,0.269,0.333,0.231,0.555,0.568,0.71,0.492,0.694,0.675,-0.596,-0.593,0.349,0.663,0.753,-0.042,0.636,0.558,0.707,0.011,0.699,0.847,0.541,0.034,0.338,0.699,-0.017,-0.622,0.633,0.653,0.639,0.592,0.557,0.685,0.623,0.261,0.615,0.507,-0.129,0.619,0.685,0.613,0.722,-0.221,0.676,0.66,0.593,0.549,0.463,0.565,0.109,0.589,0.603,0.09,0.156,0.715,0.628,-0.292,-0.57,-0.211,0.235,0.812,-0.485,0.558,0.209,0.692,0.669,0.725
AMD,0.744,0.805,0.4,0.779,0.768,0.738,0.639,0.804,0.629,0.257,0.7,1.0,0.276,0.739,-0.699,0.408,0.752,0.504,0.697,0.083,0.673,0.754,0.164,-0.118,0.797,0.155,0.547,-0.235,0.515,0.604,0.642,-0.624,-0.034,0.755,0.13,-0.18,-0.089,0.381,-0.349,0.728,0.099,0.759,0.62,0.762,-0.249,0.782,0.783,0.745,0.878,0.276,0.67,0.795,0.668,0.759,-0.528,0.712,0.838,0.36,0.026,0.71,0.631,0.633,0.416,0.529,0.733,-0.471,0.805,0.708,0.508,-0.092,0.221,0.088,-0.613,0.449,0.668,0.194,0.558,-0.397,0.626,0.591,0.635,0.663,0.77,-0.174,0.791,0.862,-0.419,0.626,0.676,0.556,0.495,0.742,0.255,0.525,0.693,0.906,0.532,0.819,0.612,0.76,0.324,-0.115,0.764,-0.521,0.841,0.744,0.661,-0.56,-0.612,0.72,-0.193,-0.1,0.764,0.726,0.716,-0.353,0.859,0.434,0.723,0.782,0.246,-0.673,0.708,0.826,-0.106,0.841,0.312,0.359,0.628,0.227,0.319,-0.34,0.645,0.47,0.375,0.41,0.36,0.701,0.745,0.479,0.84,0.836,-0.53,-0.657,0.464,0.79,0.872,0.062,0.674,0.65,0.677,0.194,0.827,0.683,0.624,0.167,0.457,0.855,-0.013,-0.614,0.808,0.748,0.7,0.5,0.47,0.626,0.822,0.161,0.901,0.446,-0.124,0.72,0.675,0.609,0.629,-0.072,0.686,0.779,0.711,0.503,0.5,0.542,0.215,0.549,0.678,0.135,0.283,0.847,0.803,-0.222,-0.608,-0.063,0.317,0.663,-0.449,0.683,0.225,0.751,0.615,0.718
AMGN,0.403,0.221,0.055,0.2,0.299,0.098,0.21,0.253,0.238,0.163,0.232,0.276,1.0,0.072,-0.069,0.337,0.292,0.217,0.276,0.032,0.325,0.187,0.328,0.108,0.275,0.515,0.322,-0.191,0.429,0.179,0.27,-0.03,0.279,0.193,0.217,0.063,0.231,0.338,0.375,0.223,-0.062,0.251,0.165,0.206,0.039,0.235,0.234,0.284,0.4,0.142,0.241,0.299,0.154,0.39,-0.234,0.169,0.379,0.382,0.408,0.259,0.26,0.283,0.313,-0.007,0.276,0.037,0.167,0.243,-0.116,0.181,0.353,0.389,-0.308,0.435,0.206,-0.072,0.196,-0.082,0.408,0.396,0.185,0.333,0.279,0.429,0.252,0.376,-0.012,0.03,0.067,0.193,0.329,0.356,0.801,0.236,0.125,0.354,0.302,0.192,0.509,0.2,0.274,0.207,0.387,-0.173,0.143,0.215,0.293,-0.104,-0.273,0.245,0.062,0.228,0.253,0.168,0.158,0.016,0.196,0.291,0.284,0.25,0.421,0.07,0.138,0.256,-0.098,0.381,0.468,0.367,0.398,0.371,0.369,0.446,0.401,0.367,0.439,0.297,0.073,0.306,0.347,0.5,0.246,0.249,-0.031,-0.122,0.22,0.375,0.183,0.577,0.322,0.518,0.135,0.316,0.302,0.245,0.285,0.155,-0.05,0.363,0.263,-0.361,0.387,0.264,0.28,0.236,0.104,0.144,0.19,0.145,0.129,0.311,0.329,0.12,0.289,0.417,0.442,0.192,0.269,0.303,0.294,0.151,0.362,0.248,-0.013,0.399,0.242,0.504,0.159,0.251,0.397,0.018,-0.0,0.286,0.194,0.227,-0.009,0.283,0.482,0.29,0.327,0.181
AMZN,0.728,0.734,0.462,0.791,0.571,0.68,0.549,0.809,0.673,0.391,0.65,0.739,0.072,1.0,-0.707,0.27,0.73,0.491,0.59,0.117,0.547,0.674,0.049,-0.184,0.754,0.023,0.576,-0.186,0.432,0.459,0.632,-0.641,-0.071,0.52,0.125,-0.239,-0.158,0.466,-0.58,0.681,0.121,0.66,0.578,0.644,-0.173,0.754,0.724,0.521,0.714,0.086,0.576,0.645,0.719,0.563,-0.511,0.849,0.604,0.211,-0.02,0.757,0.681,0.45,0.372,0.603,0.617,-0.479,0.807,0.658,0.725,-0.097,0.122,-0.117,-0.626,0.369,0.554,0.258,0.413,-0.328,0.639,0.62,0.532,0.515,0.718,-0.293,0.824,0.725,-0.36,0.827,0.806,0.508,0.548,0.525,0.011,0.566,0.853,0.64,0.304,0.702,0.398,0.576,0.137,0.065,0.528,-0.574,0.703,0.844,0.614,-0.596,-0.617,0.643,-0.067,-0.24,0.639,0.754,0.617,-0.624,0.717,0.326,0.687,0.795,0.249,-0.592,0.692,0.698,-0.097,0.719,0.26,0.244,0.453,0.256,0.203,-0.519,0.433,0.367,0.162,0.36,0.284,0.553,0.597,0.32,0.687,0.678,-0.519,-0.692,0.363,0.67,0.71,0.059,0.57,0.478,0.596,0.085,0.671,0.661,0.576,0.051,0.642,0.671,-0.07,-0.599,0.639,0.768,0.477,0.496,0.446,0.49,0.807,0.108,0.723,0.347,-0.11,0.843,0.596,0.678,0.422,-0.073,0.624,0.695,0.625,0.597,0.509,0.599,0.338,0.436,0.604,-0.073,0.258,0.697,0.667,-0.349,-0.684,-0.098,0.245,0.584,-0.588,0.658,0.025,0.815,0.523,0.563
APA,-0.627,-0.658,-0.196,-0.754,-0.614,-0.719,-0.344,-0.691,-0.594,-0.217,-0.598,-0.699,-0.069,-0.707,1.0,-0.199,-0.602,-0.25,-0.583,0.064,-0.409,-0.684,-0.044,0.533,-0.682,0.045,-0.423,0.452,-0.296,-0.563,-0.394,0.64,0.086,-0.631,0.109,0.629,0.36,-0.14,0.44,-0.56,-0.015,-0.672,-0.614,-0.597,0.43,-0.746,-0.576,-0.386,-0.569,-0.14,-0.702,-0.604,-0.447,-0.516,0.638,-0.607,-0.525,-0.137,0.076,-0.662,-0.551,-0.316,-0.093,-0.525,-0.574,0.721,-0.637,-0.561,-0.589,0.348,0.218,0.205,0.572,-0.361,-0.666,-0.081,-0.154,0.588,-0.527,-0.515,-0.611,-0.498,-0.538,0.305,-0.619,-0.544,0.397,-0.571,-0.6,-0.453,-0.405,-0.616,-0.023,-0.444,-0.678,-0.554,-0.121,-0.662,-0.406,-0.551,-0.16,0.246,-0.474,0.641,-0.609,-0.689,-0.494,0.657,0.708,-0.472,0.291,0.433,-0.571,-0.767,-0.72,0.463,-0.677,-0.301,-0.657,-0.743,-0.165,0.697,-0.574,-0.583,0.273,-0.755,-0.23,-0.004,-0.558,-0.038,-0.053,0.395,-0.407,-0.002,-0.146,-0.063,-0.136,-0.4,-0.652,-0.415,-0.575,-0.636,0.559,0.763,-0.071,-0.442,-0.573,0.172,-0.543,-0.363,-0.711,0.074,-0.515,-0.567,-0.388,0.26,-0.443,-0.547,0.186,0.661,-0.533,-0.552,-0.451,-0.214,-0.286,-0.537,-0.708,-0.152,-0.576,-0.35,0.349,-0.678,-0.676,-0.521,-0.412,0.214,-0.526,-0.674,-0.398,-0.451,-0.289,-0.361,-0.136,-0.453,-0.67,0.207,0.054,-0.749,-0.629,0.5,0.762,0.213,-0.015,-0.577,0.578,-0.446,-0.048,-0.592,-0.461,-0.629
APPS,0.562,0.406,0.502,0.425,0.6,0.462,0.29,0.423,0.531,0.22,0.363,0.408,0.337,0.27,-0.199,1.0,0.495,0.463,0.622,0.207,0.597,0.482,0.207,0.218,0.422,0.53,0.439,-0.066,0.667,0.516,0.533,-0.063,-0.035,0.577,0.386,0.246,0.292,0.41,0.064,0.391,0.123,0.428,0.327,0.523,-0.238,0.499,0.485,0.592,0.547,0.259,0.384,0.503,0.421,0.707,-0.084,0.446,0.445,0.475,0.374,0.52,0.624,0.613,0.274,0.249,0.505,0.034,0.296,0.621,0.225,0.353,0.352,0.52,-0.371,0.591,0.434,0.463,0.624,-0.026,0.413,0.419,0.569,0.514,0.571,-0.011,0.479,0.533,-0.162,0.351,0.438,0.602,0.556,0.572,0.527,0.597,0.333,0.434,0.605,0.484,0.676,0.496,0.53,0.089,0.603,-0.096,0.474,0.378,0.748,-0.09,-0.006,0.36,0.357,0.372,0.575,0.36,0.443,-0.013,0.563,0.691,0.468,0.435,0.5,-0.091,0.333,0.449,-0.089,0.491,0.474,0.455,0.558,0.588,0.572,0.035,0.679,0.361,0.539,0.408,0.187,0.614,0.503,0.406,0.51,0.37,-0.117,-0.102,0.621,0.534,0.475,0.219,0.475,0.657,0.455,0.438,0.488,0.446,0.661,0.46,0.225,0.431,0.631,-0.087,0.556,0.318,0.586,0.455,0.495,0.569,0.415,0.243,0.385,0.445,0.521,0.334,0.476,0.58,0.702,0.138,0.629,0.525,0.557,0.438,0.626,0.689,0.132,0.644,0.517,0.504,0.546,0.509,0.364,0.167,-0.237,0.243,0.377,0.515,0.035,0.466,0.427,0.547,0.636,0.539
ARCC,0.804,0.678,0.534,0.702,0.688,0.696,0.677,0.841,0.631,0.36,0.637,0.752,0.292,0.73,-0.602,0.495,1.0,0.532,0.73,0.137,0.663,0.628,0.261,-0.003,0.776,0.308,0.725,-0.162,0.629,0.518,0.79,-0.536,0.038,0.613,0.347,-0.061,0.053,0.437,-0.369,0.71,0.212,0.686,0.66,0.731,-0.158,0.75,0.737,0.571,0.738,0.133,0.497,0.744,0.756,0.722,-0.427,0.701,0.718,0.341,0.059,0.681,0.714,0.536,0.514,0.492,0.668,-0.418,0.763,0.783,0.511,-0.002,0.309,0.106,-0.661,0.542,0.549,0.212,0.684,-0.242,0.588,0.58,0.608,0.535,0.841,-0.013,0.772,0.737,-0.157,0.714,0.663,0.578,0.635,0.655,0.247,0.642,0.723,0.769,0.458,0.698,0.609,0.612,0.447,0.02,0.675,-0.522,0.794,0.686,0.65,-0.548,-0.566,0.754,-0.015,-0.065,0.729,0.694,0.807,-0.572,0.74,0.533,0.717,0.788,0.377,-0.45,0.723,0.795,-0.047,0.769,0.343,0.429,0.558,0.389,0.406,-0.359,0.585,0.559,0.256,0.623,0.32,0.751,0.7,0.446,0.761,0.762,-0.423,-0.566,0.569,0.739,0.769,0.195,0.685,0.689,0.608,0.387,0.795,0.691,0.735,0.178,0.502,0.773,0.228,-0.551,0.732,0.683,0.652,0.641,0.459,0.607,0.74,0.129,0.713,0.485,0.173,0.793,0.564,0.644,0.663,0.014,0.68,0.763,0.721,0.618,0.494,0.669,0.419,0.519,0.65,0.141,0.386,0.698,0.618,-0.268,-0.578,0.011,0.419,0.662,-0.493,0.806,0.121,0.837,0.674,0.633
ARDX,0.553,0.376,0.525,0.369,0.454,0.43,0.47,0.562,0.559,0.299,0.352,0.504,0.217,0.491,-0.25,0.463,0.532,1.0,0.406,0.354,0.629,0.317,0.208,0.223,0.498,0.199,0.417,-0.171,0.569,0.331,0.341,-0.084,-0.219,0.402,0.481,0.104,0.175,0.39,-0.187,0.342,0.312,0.427,0.214,0.38,-0.315,0.538,0.532,0.554,0.607,0.109,0.262,0.444,0.46,0.501,-0.067,0.57,0.421,0.192,0.099,0.624,0.608,0.497,0.421,0.306,0.465,-0.157,0.62,0.621,0.375,0.339,0.413,0.424,-0.326,0.337,0.365,0.521,0.603,0.04,0.347,0.333,0.346,0.406,0.597,-0.01,0.637,0.578,-0.28,0.687,0.581,0.617,0.482,0.394,0.348,0.551,0.541,0.578,0.416,0.397,0.294,0.396,0.265,0.103,0.522,-0.1,0.488,0.417,0.452,-0.161,-0.082,0.458,0.189,0.186,0.332,0.407,0.264,-0.271,0.419,0.496,0.35,0.501,0.416,-0.282,0.522,0.51,-0.02,0.435,0.395,0.385,0.389,0.432,0.393,-0.272,0.585,0.542,0.516,0.515,0.103,0.563,0.492,0.349,0.489,0.486,-0.18,-0.411,0.629,0.49,0.454,0.106,0.363,0.643,0.276,0.308,0.522,0.554,0.631,0.376,0.537,0.442,0.411,-0.023,0.561,0.329,0.374,0.507,0.58,0.449,0.579,0.207,0.613,0.184,0.385,0.521,0.366,0.374,0.447,0.12,0.623,0.447,0.666,0.652,0.482,0.59,0.169,0.463,0.34,0.315,0.501,0.45,0.454,0.127,-0.335,0.1,0.523,0.365,-0.23,0.605,0.31,0.609,0.532,0.332
ATER,0.784,0.798,0.493,0.736,0.714,0.692,0.494,0.665,0.712,0.238,0.648,0.697,0.276,0.59,-0.583,0.622,0.73,0.406,1.0,0.062,0.63,0.713,0.164,-0.101,0.656,0.311,0.573,-0.3,0.596,0.653,0.611,-0.621,0.065,0.802,0.026,-0.147,-0.125,0.362,-0.248,0.729,0.063,0.707,0.687,0.875,-0.308,0.696,0.681,0.702,0.726,0.422,0.715,0.883,0.639,0.823,-0.424,0.636,0.712,0.47,0.227,0.686,0.737,0.67,0.29,0.474,0.832,-0.331,0.625,0.824,0.428,-0.005,0.183,0.172,-0.45,0.656,0.724,0.32,0.578,-0.393,0.598,0.6,0.778,0.712,0.754,-0.251,0.69,0.683,-0.403,0.467,0.621,0.646,0.597,0.706,0.383,0.668,0.597,0.651,0.534,0.691,0.691,0.757,0.397,-0.109,0.773,-0.348,0.754,0.662,0.773,-0.478,-0.437,0.608,0.009,0.108,0.781,0.66,0.712,-0.245,0.759,0.619,0.749,0.692,0.3,-0.49,0.654,0.792,-0.311,0.74,0.435,0.35,0.719,0.392,0.378,-0.234,0.69,0.433,0.472,0.353,0.365,0.744,0.701,0.55,0.712,0.583,-0.487,-0.483,0.53,0.693,0.745,0.047,0.79,0.765,0.726,0.16,0.759,0.683,0.718,0.124,0.301,0.732,0.212,-0.55,0.725,0.589,0.802,0.495,0.554,0.746,0.636,0.243,0.576,0.56,0.057,0.592,0.764,0.703,0.72,-0.121,0.638,0.818,0.729,0.472,0.605,0.699,0.242,0.663,0.747,0.15,0.307,0.747,0.617,-0.112,-0.459,-0.039,0.228,0.788,-0.272,0.577,0.401,0.757,0.705,0.891
ATOS,0.032,0.125,0.268,0.183,0.019,0.124,0.416,0.149,0.317,0.561,-0.092,0.083,0.032,0.117,0.064,0.207,0.137,0.354,0.062,1.0,0.399,-0.06,0.157,0.497,0.048,-0.028,0.146,-0.058,0.2,-0.169,0.323,0.113,0.359,0.108,0.475,0.229,0.449,0.099,-0.084,-0.056,0.173,-0.015,-0.009,0.084,-0.026,-0.003,0.088,0.136,0.136,-0.309,0.076,0.192,0.278,0.122,-0.069,0.047,0.123,-0.021,-0.234,0.05,0.21,0.113,0.228,0.12,0.181,-0.068,0.026,0.214,0.014,0.579,0.463,0.075,-0.2,0.062,0.127,0.278,0.346,0.405,-0.08,-0.077,-0.019,0.056,0.22,0.311,0.075,0.146,0.255,0.208,0.096,0.222,0.19,-0.166,0.057,0.147,0.085,0.189,0.265,0.05,0.306,0.045,0.012,0.11,0.026,-0.048,0.255,-0.038,0.164,0.242,0.099,0.28,0.024,0.125,-0.102,0.053,0.017,-0.221,0.053,0.138,0.027,0.024,0.44,-0.167,0.036,0.134,0.384,-0.008,-0.14,0.537,0.017,0.338,0.016,-0.24,0.326,0.367,0.011,0.302,-0.3,0.274,-0.106,-0.065,0.305,0.153,0.354,-0.145,0.358,0.169,0.186,0.165,0.165,0.186,-0.026,0.472,0.303,0.134,0.28,0.293,0.375,0.228,0.116,0.201,0.089,0.163,0.054,0.176,0.111,-0.03,0.03,-0.251,0.271,-0.054,0.327,0.203,0.172,-0.013,0.054,0.518,0.071,0.001,0.323,0.264,0.044,0.209,0.41,0.303,0.023,0.071,0.347,0.017,-0.082,-0.061,0.031,0.51,0.252,0.026,-0.108,0.157,-0.08,0.18,0.196,0.009
AUPH,0.624,0.654,0.423,0.594,0.715,0.634,0.601,0.66,0.647,0.367,0.658,0.673,0.325,0.547,-0.409,0.597,0.663,0.629,0.63,0.399,1.0,0.57,0.189,0.109,0.64,0.458,0.57,-0.258,0.533,0.508,0.639,-0.436,-0.02,0.699,0.342,0.057,0.142,0.354,-0.185,0.603,0.269,0.658,0.532,0.654,-0.271,0.627,0.762,0.775,0.749,0.263,0.539,0.729,0.707,0.725,-0.379,0.624,0.76,0.362,0.181,0.677,0.716,0.725,0.523,0.442,0.75,-0.286,0.564,0.743,0.43,0.16,0.43,0.249,-0.532,0.63,0.668,0.375,0.742,-0.13,0.523,0.511,0.631,0.665,0.77,-0.072,0.627,0.764,-0.352,0.578,0.632,0.87,0.725,0.538,0.423,0.663,0.525,0.741,0.591,0.701,0.683,0.677,0.453,-0.052,0.701,-0.26,0.705,0.576,0.67,-0.346,-0.404,0.73,0.194,0.19,0.581,0.724,0.557,-0.266,0.675,0.653,0.674,0.652,0.409,-0.419,0.645,0.674,-0.152,0.615,0.395,0.43,0.573,0.538,0.439,-0.266,0.788,0.546,0.558,0.5,0.292,0.81,0.66,0.589,0.829,0.582,-0.346,-0.543,0.639,0.73,0.732,0.116,0.674,0.726,0.538,0.39,0.81,0.782,0.693,0.325,0.453,0.777,0.272,-0.407,0.672,0.539,0.668,0.547,0.595,0.579,0.611,0.304,0.733,0.526,0.285,0.582,0.623,0.55,0.653,0.039,0.698,0.619,0.734,0.69,0.603,0.695,0.24,0.702,0.571,0.384,0.439,0.599,0.578,-0.022,-0.419,0.103,0.545,0.6,-0.314,0.628,0.291,0.705,0.872,0.627
AVGO,0.709,0.84,0.338,0.781,0.822,0.7,0.411,0.676,0.543,0.144,0.804,0.754,0.187,0.674,-0.684,0.482,0.628,0.317,0.713,-0.06,0.57,1.0,0.139,-0.353,0.746,0.231,0.464,-0.26,0.578,0.838,0.545,-0.667,-0.176,0.77,-0.053,-0.222,-0.113,0.418,-0.241,0.797,0.061,0.875,0.702,0.805,-0.272,0.793,0.76,0.67,0.655,0.494,0.731,0.706,0.604,0.817,-0.573,0.678,0.792,0.363,0.205,0.733,0.657,0.611,0.258,0.487,0.726,-0.304,0.643,0.61,0.524,-0.161,0.095,0.043,-0.54,0.47,0.751,0.234,0.398,-0.571,0.69,0.685,0.75,0.699,0.67,-0.345,0.694,0.674,-0.478,0.483,0.731,0.613,0.49,0.758,0.206,0.526,0.643,0.607,0.387,0.925,0.599,0.724,0.435,-0.088,0.743,-0.489,0.725,0.835,0.749,-0.67,-0.624,0.525,-0.037,-0.048,0.89,0.779,0.747,-0.295,0.861,0.468,0.694,0.804,0.205,-0.541,0.677,0.775,-0.27,0.81,0.393,0.238,0.713,0.343,0.368,-0.222,0.646,0.212,0.38,0.161,0.532,0.552,0.738,0.491,0.728,0.609,-0.526,-0.535,0.406,0.642,0.803,0.065,0.563,0.556,0.747,0.071,0.673,0.723,0.594,0.117,0.311,0.68,0.034,-0.59,0.68,0.687,0.735,0.468,0.609,0.752,0.706,0.298,0.577,0.439,-0.141,0.633,0.704,0.741,0.722,-0.119,0.704,0.72,0.563,0.431,0.574,0.602,0.078,0.568,0.658,0.007,0.155,0.872,0.741,-0.256,-0.584,-0.098,0.117,0.801,-0.282,0.484,0.238,0.721,0.676,0.829
AZN,0.234,0.081,0.241,0.231,0.166,0.14,0.158,0.22,0.166,0.281,0.045,0.164,0.328,0.049,-0.044,0.207,0.261,0.208,0.164,0.157,0.189,0.139,1.0,0.213,0.152,0.141,0.116,-0.063,0.409,0.069,0.23,-0.014,0.162,0.161,0.49,0.225,0.38,0.424,0.006,0.062,0.009,0.154,0.227,0.135,0.062,0.115,0.108,0.123,0.126,0.091,0.054,0.11,0.141,0.176,-0.119,0.087,0.215,0.529,0.095,0.187,0.218,0.032,0.266,-0.045,0.072,0.119,0.018,0.208,-0.167,0.259,0.374,0.235,-0.152,0.104,0.15,0.031,0.158,0.272,0.21,0.239,0.272,0.062,0.127,0.403,0.211,0.217,0.217,0.034,0.048,0.206,0.048,0.227,0.14,0.03,0.059,0.217,0.25,0.119,0.368,0.04,0.346,0.304,0.076,-0.155,0.183,0.146,0.273,0.013,-0.026,0.201,-0.012,0.093,0.194,0.135,0.231,-0.164,0.204,0.123,0.171,0.137,0.283,0.051,0.032,0.173,0.197,0.206,0.104,0.465,0.074,0.327,0.335,-0.037,0.233,0.323,-0.05,0.423,0.105,0.218,0.15,-0.028,0.157,0.249,0.185,0.062,0.202,0.267,0.142,0.473,0.228,0.122,0.29,0.502,0.19,0.167,0.197,0.344,-0.011,0.181,0.315,-0.072,0.182,0.194,0.17,0.346,0.141,0.144,0.148,-0.178,0.162,0.078,0.301,0.152,0.103,0.264,0.233,0.454,0.163,0.229,0.159,-0.016,0.221,0.108,0.13,0.354,0.119,0.078,0.362,0.12,0.173,-0.177,0.042,0.414,0.269,0.066,-0.072,0.286,-0.057,0.145,0.222,0.138
BCRX,-0.092,-0.222,0.23,-0.272,-0.26,-0.248,0.146,-0.09,0.018,0.333,-0.332,-0.118,0.108,-0.184,0.533,0.218,-0.003,0.223,-0.101,0.497,0.109,-0.353,0.213,1.0,-0.247,0.145,0.045,0.296,0.221,-0.353,0.128,0.433,0.318,-0.235,0.634,0.554,0.664,0.211,0.09,-0.198,0.093,-0.363,-0.304,-0.236,0.348,-0.284,-0.199,-0.059,0.008,-0.263,-0.422,-0.035,0.092,-0.117,0.428,-0.179,-0.147,0.069,-0.086,-0.239,-0.091,-0.07,0.255,-0.117,-0.158,0.331,-0.195,0.056,-0.231,0.781,0.55,0.277,0.13,0.009,-0.345,0.312,0.371,0.683,-0.188,-0.178,-0.378,-0.269,-0.0,0.425,-0.14,-0.002,0.477,-0.013,-0.226,-0.084,-0.036,-0.234,0.163,-0.059,-0.196,0.014,0.34,-0.258,0.093,-0.264,-0.045,0.367,-0.122,0.381,-0.074,-0.303,-0.114,0.575,0.443,0.127,0.336,0.328,-0.227,-0.352,-0.302,0.093,-0.186,-0.0,-0.302,-0.277,0.418,0.376,-0.248,-0.098,0.569,-0.306,-0.13,0.578,-0.25,0.317,0.16,0.002,-0.011,0.506,-0.052,0.51,-0.224,0.143,-0.262,-0.308,-0.07,-0.068,0.619,0.299,0.266,0.007,-0.105,0.409,0.023,0.087,-0.413,0.515,0.019,-0.199,0.133,0.41,0.049,-0.045,0.327,0.422,-0.049,-0.04,-0.167,0.218,-0.117,-0.278,-0.217,-0.381,0.046,-0.057,0.591,-0.105,-0.32,-0.111,-0.081,0.646,-0.084,-0.179,0.077,-0.031,0.083,0.041,0.341,-0.045,-0.269,0.392,0.499,-0.333,-0.311,0.31,0.466,0.658,0.325,-0.302,0.162,0.149,-0.069,-0.054,-0.052,-0.244
BGC,0.765,0.757,0.372,0.76,0.822,0.714,0.504,0.746,0.6,0.197,0.687,0.797,0.275,0.754,-0.682,0.422,0.776,0.498,0.656,0.048,0.64,0.746,0.152,-0.247,1.0,0.229,0.454,-0.308,0.495,0.595,0.564,-0.626,-0.192,0.656,0.059,-0.201,-0.176,0.394,-0.124,0.667,0.111,0.739,0.54,0.698,-0.391,0.753,0.751,0.69,0.786,0.302,0.644,0.702,0.589,0.728,-0.479,0.8,0.801,0.308,0.257,0.726,0.664,0.659,0.364,0.496,0.698,-0.426,0.767,0.67,0.533,-0.161,0.137,0.271,-0.55,0.433,0.653,0.178,0.48,-0.437,0.652,0.614,0.679,0.651,0.76,-0.252,0.767,0.792,-0.464,0.674,0.716,0.627,0.509,0.657,0.219,0.534,0.757,0.743,0.397,0.772,0.481,0.716,0.395,-0.087,0.759,-0.459,0.756,0.777,0.666,-0.668,-0.609,0.605,-0.102,-0.026,0.726,0.719,0.676,-0.403,0.808,0.508,0.798,0.825,0.254,-0.524,0.673,0.696,-0.287,0.783,0.53,0.206,0.741,0.282,0.385,-0.104,0.598,0.43,0.418,0.342,0.324,0.65,0.715,0.529,0.764,0.642,-0.606,-0.654,0.475,0.737,0.755,0.099,0.596,0.612,0.676,0.152,0.729,0.697,0.616,0.13,0.476,0.749,0.059,-0.602,0.762,0.637,0.716,0.44,0.543,0.625,0.805,0.249,0.769,0.384,-0.043,0.716,0.645,0.651,0.671,-0.198,0.713,0.786,0.658,0.502,0.527,0.626,0.089,0.574,0.705,0.077,0.21,0.795,0.797,-0.241,-0.587,-0.204,0.353,0.72,-0.416,0.596,0.194,0.797,0.653,0.684
BIDU,0.336,0.123,0.294,0.13,0.385,0.095,0.119,0.174,0.198,-0.004,0.318,0.155,0.515,0.023,0.045,0.53,0.308,0.199,0.311,-0.028,0.458,0.231,0.141,0.145,0.229,1.0,0.482,0.049,0.449,0.41,0.288,-0.064,-0.053,0.317,0.231,0.222,0.265,0.163,0.291,0.359,0.109,0.318,0.26,0.333,0.081,0.216,0.327,0.303,0.313,0.376,0.163,0.245,0.349,0.439,0.114,0.263,0.27,0.298,0.472,0.3,0.403,0.463,0.343,0.033,0.325,0.175,0.092,0.314,0.087,0.191,0.251,0.495,-0.197,0.718,0.207,0.174,0.472,-0.091,0.273,0.285,0.35,0.477,0.322,0.08,0.175,0.283,-0.159,0.104,0.184,0.461,0.653,0.322,0.641,0.605,0.074,0.25,0.308,0.2,0.411,0.236,0.487,0.087,0.434,0.034,0.166,0.181,0.324,-0.041,-0.082,0.196,0.602,0.336,0.347,0.205,0.187,0.144,0.196,0.573,0.252,0.258,0.304,0.178,0.304,0.253,-0.221,0.228,0.456,0.174,0.418,0.383,0.549,0.331,0.509,0.273,0.506,0.342,0.419,0.37,0.416,0.58,0.231,0.104,-0.043,0.047,0.371,0.317,0.196,0.29,0.268,0.534,0.141,0.279,0.253,0.308,0.392,0.298,-0.039,0.245,0.595,-0.22,0.415,0.122,0.369,0.441,0.33,0.44,0.173,0.507,0.127,0.65,0.516,0.05,0.232,0.379,0.627,0.022,0.357,0.31,0.287,0.346,0.497,0.436,-0.014,0.346,0.335,0.639,0.231,0.164,0.215,0.246,0.001,0.128,0.351,0.36,0.065,0.301,0.432,0.27,0.567,0.328
BILI,0.707,0.522,0.562,0.568,0.455,0.627,0.59,0.678,0.653,0.398,0.598,0.547,0.322,0.576,-0.423,0.439,0.725,0.417,0.573,0.146,0.57,0.464,0.116,0.045,0.454,0.482,1.0,-0.024,0.464,0.381,0.67,-0.406,0.258,0.552,0.305,0.011,0.06,0.188,-0.431,0.683,0.19,0.472,0.66,0.588,0.153,0.576,0.501,0.407,0.57,0.132,0.507,0.645,0.75,0.503,-0.26,0.499,0.511,0.329,-0.148,0.541,0.657,0.372,0.485,0.466,0.604,-0.291,0.586,0.681,0.508,0.158,0.347,-0.087,-0.598,0.695,0.574,0.231,0.619,-0.115,0.363,0.39,0.494,0.511,0.649,-0.042,0.539,0.554,-0.13,0.565,0.528,0.532,0.811,0.546,0.355,0.672,0.563,0.581,0.336,0.492,0.549,0.462,0.277,-0.064,0.481,-0.498,0.617,0.485,0.485,-0.285,-0.529,0.714,0.183,-0.152,0.634,0.565,0.656,-0.543,0.537,0.467,0.511,0.542,0.429,-0.481,0.729,0.647,0.089,0.543,0.154,0.379,0.47,0.267,0.294,-0.38,0.511,0.48,0.179,0.55,0.357,0.665,0.587,0.455,0.557,0.601,-0.31,-0.471,0.372,0.555,0.59,0.014,0.686,0.612,0.528,0.311,0.648,0.612,0.529,0.093,0.427,0.603,0.212,-0.515,0.552,0.669,0.387,0.576,0.349,0.432,0.513,0.228,0.521,0.685,0.164,0.595,0.61,0.457,0.545,0.039,0.51,0.606,0.641,0.672,0.376,0.508,0.394,0.549,0.561,0.168,0.374,0.465,0.425,-0.234,-0.562,0.131,0.252,0.537,-0.549,0.665,0.134,0.645,0.535,0.508
BKR,-0.3,-0.347,0.082,-0.234,-0.265,-0.351,0.042,-0.239,-0.276,0.072,-0.23,-0.235,-0.191,-0.186,0.452,-0.066,-0.162,-0.171,-0.3,-0.058,-0.258,-0.26,-0.063,0.296,-0.308,0.049,-0.024,1.0,-0.063,-0.19,-0.033,0.281,0.132,-0.262,0.103,0.579,0.354,-0.088,0.008,-0.231,0.247,-0.293,-0.305,-0.28,0.394,-0.295,-0.243,-0.328,-0.284,-0.256,-0.443,-0.388,-0.028,-0.252,0.42,-0.235,-0.233,-0.045,-0.181,-0.299,-0.251,-0.247,0.193,-0.05,-0.385,0.463,-0.193,-0.225,0.023,0.135,0.089,0.012,0.085,-0.211,-0.45,-0.076,0.077,0.465,-0.341,-0.318,-0.268,-0.349,-0.179,0.026,-0.164,-0.205,0.264,-0.153,-0.334,-0.306,-0.122,-0.212,-0.114,-0.147,-0.136,-0.112,-0.084,-0.255,-0.154,-0.348,-0.156,0.165,-0.282,0.072,-0.196,-0.265,-0.164,0.482,0.292,-0.121,0.356,-0.055,-0.243,-0.348,-0.32,-0.017,-0.271,-0.242,-0.397,-0.343,-0.076,0.263,-0.254,-0.203,0.42,-0.35,-0.264,0.03,-0.344,-0.145,-0.077,0.033,-0.256,0.124,-0.221,0.137,-0.035,-0.153,-0.336,-0.409,-0.259,-0.113,0.357,0.515,-0.017,-0.118,-0.19,0.056,-0.277,-0.284,-0.32,0.036,-0.237,-0.326,-0.118,0.382,0.043,-0.234,0.124,0.277,-0.188,-0.089,-0.294,0.108,-0.298,-0.248,-0.23,-0.102,-0.168,-0.085,0.149,-0.122,-0.442,-0.228,-0.15,0.177,-0.128,-0.329,-0.072,-0.15,-0.202,-0.036,0.258,-0.278,-0.353,0.197,0.327,-0.348,-0.305,0.241,0.182,0.167,0.19,-0.262,0.039,-0.068,-0.227,-0.144,-0.276,-0.354
BLDP,0.628,0.516,0.49,0.518,0.58,0.379,0.47,0.617,0.518,0.338,0.43,0.515,0.429,0.432,-0.296,0.667,0.629,0.569,0.596,0.2,0.533,0.578,0.409,0.221,0.495,0.449,0.464,-0.063,1.0,0.59,0.567,-0.213,-0.064,0.547,0.475,0.184,0.439,0.616,-0.027,0.507,0.217,0.546,0.331,0.525,-0.228,0.618,0.623,0.529,0.626,0.197,0.36,0.522,0.523,0.68,-0.166,0.528,0.501,0.456,0.373,0.666,0.582,0.567,0.488,0.324,0.482,0.026,0.488,0.636,0.326,0.276,0.385,0.495,-0.445,0.434,0.384,0.472,0.65,-0.132,0.588,0.594,0.431,0.483,0.667,0.157,0.625,0.649,-0.08,0.502,0.487,0.491,0.467,0.513,0.521,0.577,0.516,0.554,0.643,0.579,0.594,0.464,0.558,0.317,0.624,-0.22,0.541,0.557,0.664,-0.156,-0.175,0.422,0.262,0.3,0.548,0.433,0.448,-0.183,0.536,0.598,0.446,0.637,0.62,-0.106,0.345,0.587,-0.053,0.542,0.518,0.601,0.583,0.636,0.638,-0.048,0.684,0.505,0.466,0.575,0.192,0.555,0.618,0.365,0.555,0.497,0.012,-0.253,0.707,0.637,0.564,0.457,0.404,0.703,0.363,0.497,0.564,0.465,0.807,0.519,0.37,0.491,0.598,-0.247,0.657,0.458,0.583,0.547,0.515,0.598,0.608,0.144,0.47,0.325,0.485,0.523,0.437,0.727,0.682,0.368,0.701,0.55,0.675,0.426,0.67,0.734,0.205,0.52,0.428,0.465,0.479,0.536,0.49,0.046,-0.231,0.362,0.439,0.528,-0.054,0.693,0.366,0.689,0.61,0.511
BLNK,0.599,0.671,0.365,0.636,0.731,0.553,0.289,0.48,0.468,-0.094,0.749,0.604,0.179,0.459,-0.563,0.516,0.518,0.331,0.653,-0.169,0.508,0.838,0.069,-0.353,0.595,0.41,0.381,-0.19,0.59,1.0,0.407,-0.583,-0.403,0.757,-0.139,-0.171,-0.126,0.228,-0.117,0.748,0.179,0.861,0.59,0.731,-0.391,0.678,0.685,0.651,0.566,0.545,0.616,0.574,0.509,0.773,-0.372,0.631,0.654,0.313,0.354,0.629,0.671,0.666,0.287,0.386,0.682,-0.256,0.549,0.572,0.468,-0.15,-0.008,0.253,-0.404,0.495,0.677,0.369,0.469,-0.535,0.512,0.499,0.76,0.786,0.578,-0.452,0.577,0.559,-0.639,0.427,0.626,0.606,0.487,0.708,0.343,0.64,0.523,0.528,0.371,0.755,0.486,0.65,0.422,-0.196,0.721,-0.303,0.596,0.605,0.634,-0.549,-0.392,0.378,0.124,0.116,0.751,0.626,0.565,-0.111,0.649,0.652,0.639,0.679,0.194,-0.441,0.589,0.69,-0.402,0.633,0.516,0.076,0.707,0.181,0.385,-0.122,0.685,0.126,0.497,0.122,0.486,0.471,0.7,0.513,0.569,0.526,-0.435,-0.424,0.484,0.553,0.682,-0.078,0.444,0.588,0.648,-0.09,0.553,0.632,0.598,0.148,0.201,0.548,0.286,-0.44,0.671,0.43,0.691,0.479,0.607,0.907,0.576,0.452,0.458,0.457,-0.005,0.433,0.633,0.627,0.798,-0.213,0.652,0.642,0.547,0.455,0.535,0.61,-0.084,0.503,0.658,0.217,0.169,0.721,0.564,-0.049,-0.516,-0.177,0.215,0.749,-0.139,0.398,0.415,0.584,0.655,0.78
BYND,0.682,0.655,0.483,0.62,0.605,0.604,0.742,0.739,0.62,0.411,0.558,0.642,0.27,0.632,-0.394,0.533,0.79,0.341,0.611,0.323,0.639,0.545,0.23,0.128,0.564,0.288,0.67,-0.033,0.567,0.407,1.0,-0.44,0.151,0.585,0.394,0.145,0.227,0.43,-0.393,0.611,0.157,0.559,0.554,0.649,-0.006,0.635,0.612,0.56,0.678,0.05,0.444,0.701,0.799,0.659,-0.427,0.558,0.675,0.451,-0.057,0.533,0.643,0.52,0.535,0.45,0.645,-0.342,0.577,0.72,0.453,0.122,0.435,-0.026,-0.617,0.477,0.487,0.17,0.704,-0.053,0.517,0.512,0.509,0.467,0.791,0.114,0.668,0.664,-0.032,0.579,0.54,0.451,0.595,0.514,0.248,0.547,0.578,0.653,0.582,0.673,0.726,0.544,0.435,0.13,0.584,-0.444,0.769,0.588,0.703,-0.407,-0.482,0.783,0.033,0.023,0.654,0.587,0.708,-0.524,0.698,0.467,0.574,0.612,0.479,-0.4,0.542,0.707,0.16,0.649,0.169,0.629,0.419,0.418,0.371,-0.389,0.556,0.564,0.161,0.605,0.198,0.735,0.505,0.291,0.769,0.631,-0.232,-0.437,0.609,0.773,0.772,0.22,0.684,0.61,0.55,0.506,0.823,0.551,0.689,0.313,0.48,0.79,0.214,-0.43,0.669,0.722,0.586,0.545,0.32,0.468,0.567,-0.014,0.621,0.437,0.218,0.697,0.519,0.625,0.567,0.196,0.575,0.661,0.676,0.55,0.412,0.633,0.46,0.526,0.595,0.168,0.497,0.593,0.469,-0.291,-0.412,0.217,0.361,0.558,-0.347,0.714,0.115,0.725,0.563,0.517
