,AAL,AAPL,ABUS,ADBE,ADI,ADMA,AEP,AGNC,AKBA,ALT,AMAT,AMD,AMGN,AMZN,APA,APPS,ARCC,ARDX,ATER,ATOS,AUPH,AVGO,AZN,BCRX,BGC,BIDU,BILI,BKR,BLDP,BLNK,BYND,CAN,CELH,CG,CGC,CHRD,CLNE,CMCSA,COMM,COST,CPB,CPRT,CRON,CRWD,CSCO,CSGP,CSX,CTSH,CZR,DBX,DDOG,DKNG,DLTR,DOCU,DVAX,DXCM,EA,EBAY,ENPH,ERIC,ESPR,ETSY,EXC,EXEL,EXPE,FANG,FAST,FITB,FLEX,FOLD,FOXA,FSLR,FTNT,FUTU,GEN,GERN,GEVO,GILD,GOOG,GOOGL,GPRO,GT,HBAN,HIVE,HON,HST,HUT,IBRX,INTC,IOVA,IQ,IRWD,JBLU,JD,KDP,KHC,LBTYK,LRCX,LYFT,MAR,MARA,MAT,MCHP,MCRB,MDLZ,META,MGNI,MLCO,MNKD,MNST,MOMO,MRNA,MRVL,MSFT,MSTR,MTCH,MU,MVIS,NDAQ,NFLX,NKTR,NNDM,NTES,NTNX,NVAX,NVDA,NWL,NWSA,NXPI,OCGN,OKTA,ON,OPK,PAA,PACB,PAGP,PANW,PARA,PCAR,PDD,PENN,PEP,PLUG,PTEN,PTON,PYPL,QCOM,QUBT,QVCGA,RDFN,REAL,RIOT,ROKU,ROST,RUN,SABR,SAVA,SBUX,SFIX,SGMO,SIRI,SLM,SMCI,SNDL,SONO,STNE,STX,TCOM,TGTX,TIGR,TLRY,TMUS,TRIP,TSCO,TSLA,TTD,TXN,UAL,UNIT,VERU,VKTX,VLY,VOD,VTRS,VXRT,WBA,WBD,WDAY,WDC,WEN,WW,WYNN,XEL,XP,XRAY,XRX,Z,ZION,ZM,ZS
AAL,1.0,-0.174,-0.247,-0.228,-0.028,0.263,0.041,0.719,0.425,0.289,-0.155,-0.45,-0.187,-0.23,0.466,-0.095,0.437,-0.09,0.688,0.094,-0.131,-0.201,-0.22,0.177,0.007,-0.332,-0.442,0.684,0.643,0.504,0.652,-0.313,-0.016,0.62,0.425,0.594,0.626,-0.038,0.828,-0.263,-0.297,-0.027,0.224,-0.363,-0.16,0.549,0.675,0.602,0.776,-0.22,0.4,0.57,0.223,0.203,0.268,-0.262,-0.228,0.244,0.662,0.211,0.64,0.056,0.128,-0.361,0.833,0.584,0.252,0.862,0.623,0.463,0.201,0.393,-0.2,-0.183,0.618,0.409,0.345,-0.001,-0.439,-0.43,0.729,0.826,0.893,-0.352,0.79,0.608,-0.425,0.099,-0.307,0.273,0.53,0.286,0.932,0.298,-0.15,0.075,0.16,-0.268,-0.317,0.712,-0.394,0.329,0.585,-0.253,-0.216,-0.359,0.296,0.479,0.832,-0.108,0.235,-0.385,0.216,-0.36,-0.241,-0.287,-0.297,0.057,0.315,-0.171,0.347,0.669,-0.505,0.14,0.453,-0.34,0.761,0.123,0.227,0.107,0.141,0.39,-0.28,0.725,-0.083,0.682,-0.151,0.091,0.812,0.28,0.48,-0.19,0.696,0.771,0.721,0.515,-0.151,0.249,0.716,-0.313,0.761,-0.381,-0.252,0.378,0.816,0.872,0.211,0.305,-0.067,0.552,0.294,0.676,-0.307,0.535,0.194,0.157,0.22,-0.101,0.411,0.596,0.01,-0.109,0.759,-0.135,-0.258,-0.253,-0.103,0.926,0.827,0.607,-0.045,0.568,0.729,0.777,0.302,0.146,0.328,-0.213,0.636,0.204,0.554,0.37,-0.2,0.522,0.231,0.748,-0.194,0.779,-0.093,0.198
AAPL,-0.174,1.0,0.589,0.925,0.797,0.371,0.267,0.159,-0.721,-0.653,0.567,0.743,0.773,0.922,0.521,0.895,0.515,0.81,-0.387,0.577,0.4,0.766,0.79,0.274,-0.126,0.669,0.503,0.231,0.299,0.236,-0.337,0.18,0.779,-0.11,-0.626,0.341,0.015,0.869,-0.351,0.857,0.788,0.827,-0.313,0.718,0.91,0.222,0.201,0.431,0.272,0.877,0.405,0.295,0.494,0.249,0.334,0.576,0.798,0.803,-0.101,0.534,-0.565,0.539,0.337,0.835,-0.108,0.43,0.661,-0.073,0.475,-0.572,0.651,0.463,0.85,0.555,0.373,-0.608,-0.403,0.745,0.833,0.841,-0.268,0.13,-0.106,0.848,-0.03,0.302,0.615,0.75,0.745,-0.497,0.003,-0.071,-0.143,0.327,0.713,0.642,0.755,0.534,0.244,0.215,0.793,0.617,0.064,0.435,0.902,0.899,0.51,0.358,-0.391,0.831,0.527,0.729,0.652,0.916,0.882,0.444,0.527,0.611,0.672,0.734,-0.794,0.088,0.618,0.514,0.461,0.9,0.066,0.767,0.379,-0.305,0.39,0.033,0.658,0.256,0.768,0.2,0.904,0.738,0.061,-0.559,0.591,0.899,-0.477,-0.142,-0.038,0.367,0.821,0.187,-0.439,0.742,-0.33,0.876,0.467,0.373,-0.137,-0.074,-0.41,0.663,0.155,-0.649,0.664,-0.142,0.658,0.213,0.269,0.48,0.721,0.423,0.306,0.105,0.45,0.703,0.244,0.498,0.771,0.77,0.828,-0.41,-0.443,-0.623,0.458,-0.362,-0.503,-0.287,-0.19,0.54,0.649,0.778,0.367,0.755,-0.22,0.438,0.625,0.118,0.659,-0.173,0.871,-0.256,0.723,0.396
ABUS,-0.247,0.589,1.0,0.549,0.466,0.334,0.316,-0.043,-0.463,-0.421,0.511,0.497,0.51,0.627,0.085,0.607,0.421,0.626,-0.219,0.125,0.387,0.52,0.481,0.449,0.244,0.482,0.54,-0.137,0.048,0.127,-0.154,0.481,0.498,0.001,-0.35,0.057,0.111,0.555,-0.245,0.646,0.688,0.529,-0.001,0.614,0.535,0.174,0.08,0.057,0.041,0.563,0.279,0.122,0.222,0.338,0.277,0.623,0.474,0.354,-0.129,0.193,-0.447,0.251,0.345,0.574,-0.204,-0.006,0.561,-0.198,0.102,-0.215,0.236,0.324,0.59,0.3,0.038,-0.165,0.055,0.489,0.53,0.492,-0.15,-0.038,-0.232,0.681,-0.093,0.091,0.599,0.495,0.477,0.04,-0.144,-0.088,-0.187,0.127,0.475,0.517,0.334,0.395,0.179,-0.143,0.635,0.254,-0.031,0.374,0.583,0.607,0.291,0.064,-0.339,0.521,0.267,0.684,0.421,0.611,0.648,0.422,0.374,0.328,0.344,0.363,-0.465,-0.053,0.386,0.361,0.176,0.569,-0.033,0.43,0.291,0.051,0.479,-0.004,0.527,-0.095,0.387,-0.143,0.516,0.477,0.053,-0.312,0.139,0.603,-0.238,-0.256,-0.212,0.157,0.548,-0.162,-0.379,0.663,-0.226,0.585,0.393,-0.029,-0.193,-0.237,-0.092,0.248,0.229,-0.341,0.357,-0.249,0.222,-0.052,-0.004,0.575,0.28,0.315,0.152,-0.1,0.265,0.541,-0.088,0.311,0.62,0.574,0.622,-0.4,-0.286,-0.36,0.267,0.078,-0.38,-0.306,0.087,0.302,0.274,0.54,0.16,0.357,-0.209,0.148,0.509,0.148,0.481,-0.191,0.624,-0.198,0.588,0.384
ADBE,-0.228,0.925,0.549,1.0,0.704,0.335,0.171,0.035,-0.648,-0.698,0.543,0.827,0.691,0.906,0.431,0.822,0.427,0.755,-0.487,0.468,0.448,0.753,0.745,0.253,-0.002,0.832,0.62,0.15,0.22,0.171,-0.454,0.154,0.802,-0.072,-0.545,0.229,-0.135,0.8,-0.423,0.845,0.767,0.774,-0.297,0.72,0.866,0.188,0.091,0.391,0.142,0.873,0.325,0.175,0.339,0.278,0.321,0.672,0.773,0.795,-0.209,0.427,-0.54,0.556,0.221,0.811,-0.122,0.328,0.609,-0.059,0.441,-0.579,0.616,0.488,0.815,0.473,0.38,-0.62,-0.437,0.657,0.889,0.899,-0.373,0.06,-0.11,0.755,-0.127,0.163,0.53,0.72,0.718,-0.528,-0.091,-0.068,-0.188,0.299,0.66,0.61,0.719,0.572,0.378,0.124,0.696,0.584,-0.033,0.367,0.849,0.891,0.598,0.328,-0.427,0.764,0.496,0.581,0.691,0.918,0.79,0.515,0.601,0.486,0.628,0.697,-0.818,0.013,0.656,0.527,0.294,0.907,-0.028,0.696,0.323,-0.256,0.455,-0.001,0.583,0.155,0.613,0.102,0.857,0.747,0.015,-0.652,0.576,0.842,-0.541,-0.224,-0.164,0.323,0.911,0.047,-0.538,0.594,-0.412,0.795,0.415,0.204,-0.274,-0.199,-0.424,0.535,0.147,-0.724,0.657,-0.258,0.682,0.246,0.175,0.489,0.644,0.289,0.191,-0.007,0.612,0.676,0.115,0.416,0.747,0.83,0.778,-0.448,-0.498,-0.653,0.378,-0.338,-0.544,-0.355,-0.204,0.422,0.628,0.71,0.303,0.672,-0.236,0.348,0.525,0.241,0.473,-0.232,0.803,-0.263,0.6,0.405
ADI,-0.028,0.797,0.466,0.704,1.0,0.396,0.293,0.215,-0.563,-0.551,0.6,0.485,0.725,0.777,0.568,0.723,0.527,0.817,-0.198,0.562,0.334,0.748,0.608,0.194,-0.103,0.478,0.188,0.45,0.398,0.494,-0.167,0.065,0.567,-0.071,-0.621,0.53,0.232,0.837,-0.17,0.776,0.619,0.775,-0.241,0.595,0.818,0.4,0.303,0.466,0.424,0.718,0.448,0.428,0.543,0.195,0.305,0.414,0.667,0.758,0.125,0.602,-0.392,0.51,0.384,0.634,0.126,0.543,0.73,0.004,0.574,-0.354,0.714,0.473,0.802,0.592,0.424,-0.422,-0.286,0.746,0.646,0.612,-0.092,0.217,-0.024,0.652,0.183,0.445,0.448,0.583,0.774,-0.318,0.3,-0.027,0.007,0.511,0.613,0.569,0.714,0.707,0.183,0.306,0.619,0.676,0.415,0.356,0.698,0.746,0.509,0.445,-0.164,0.803,0.506,0.604,0.579,0.745,0.782,0.265,0.487,0.672,0.71,0.608,-0.552,0.275,0.501,0.576,0.572,0.728,0.271,0.689,0.644,-0.242,0.394,0.377,0.587,0.397,0.722,0.296,0.685,0.688,0.217,-0.429,0.564,0.69,-0.208,0.051,0.073,0.461,0.744,0.347,-0.215,0.572,-0.17,0.727,0.555,0.499,0.024,0.109,-0.323,0.739,0.18,-0.464,0.629,0.126,0.47,0.28,0.467,0.45,0.846,0.507,0.363,0.301,0.322,0.605,0.447,0.546,0.577,0.652,0.892,-0.228,-0.235,-0.534,0.575,-0.282,-0.311,-0.111,-0.109,0.655,0.705,0.774,0.52,0.781,-0.045,0.57,0.554,0.168,0.694,0.097,0.662,-0.204,0.674,0.377
ADMA,0.263,0.371,0.334,0.335,0.396,1.0,0.149,0.401,-0.201,-0.261,0.081,0.063,0.471,0.225,0.598,0.474,0.531,0.526,0.104,0.243,0.493,0.281,0.344,0.657,-0.192,0.277,0.018,0.425,0.497,0.382,0.361,-0.273,0.521,0.208,-0.188,0.54,0.113,0.377,0.224,0.452,0.443,0.473,0.112,0.053,0.409,0.621,0.304,0.487,0.46,0.376,0.248,0.295,0.338,0.296,0.559,0.123,0.468,0.443,0.268,0.443,0.069,0.01,0.185,0.255,0.128,0.472,0.494,0.291,0.431,-0.009,0.402,0.601,0.506,0.433,0.508,0.033,-0.153,0.582,0.206,0.166,0.058,0.439,0.373,0.146,0.354,0.29,-0.116,0.442,0.27,-0.082,0.183,0.516,0.263,0.44,0.32,0.516,0.298,0.077,-0.133,0.089,0.022,0.428,0.071,0.07,0.443,0.268,0.415,0.507,0.247,0.477,0.314,0.127,0.406,0.286,0.239,0.321,0.272,0.427,0.502,0.474,-0.221,0.404,0.223,0.106,0.501,0.312,0.582,0.48,0.245,-0.108,0.23,0.029,0.117,0.391,0.421,0.294,0.26,0.514,0.475,-0.245,0.383,0.385,0.086,0.298,0.312,0.385,0.371,0.149,0.142,0.172,0.242,0.234,0.098,0.235,0.347,0.21,-0.254,0.365,0.002,-0.11,0.522,0.132,0.294,0.367,0.208,0.244,0.527,-0.036,0.538,0.453,0.164,0.197,0.329,0.041,0.224,0.373,0.468,0.065,0.14,-0.075,0.242,0.008,-0.104,0.206,0.216,0.424,0.319,0.293,0.459,0.549,0.183,0.303,0.177,0.154,0.492,0.271,0.42,0.152,0.172,0.492
AEP,0.041,0.267,0.316,0.171,0.293,0.149,1.0,0.336,-0.332,0.199,0.29,0.021,0.516,0.355,0.183,0.237,0.357,0.367,0.179,0.011,0.103,0.138,0.226,0.268,-0.051,-0.102,-0.22,0.254,-0.135,0.264,0.279,0.243,-0.11,-0.179,-0.17,0.307,0.574,0.469,0.08,0.373,0.496,0.223,-0.05,0.126,0.456,0.336,0.47,0.186,0.356,0.017,0.145,0.239,0.586,0.036,0.159,0.088,0.279,0.193,-0.026,0.221,-0.039,-0.245,0.933,0.245,-0.021,0.277,0.34,-0.016,0.033,0.031,0.09,-0.109,0.26,-0.051,0.134,0.137,0.147,0.501,0.137,0.117,0.205,0.092,-0.018,0.208,0.189,0.49,0.156,0.089,0.434,0.256,-0.114,-0.173,0.161,0.034,0.644,0.503,0.369,0.052,-0.155,0.099,0.261,0.26,0.143,0.128,0.36,0.319,-0.179,0.105,0.019,0.464,-0.005,0.44,-0.09,0.331,0.378,-0.369,-0.214,0.474,0.362,0.187,0.042,0.158,-0.049,0.236,0.48,0.142,0.262,0.341,0.006,0.086,0.057,-0.108,0.383,0.319,0.263,0.18,0.05,0.106,0.083,0.145,0.117,0.405,-0.139,0.293,0.265,0.243,0.091,0.054,0.1,0.368,0.192,0.185,0.11,0.284,0.149,0.156,0.254,0.502,0.063,0.111,0.252,0.346,-0.254,-0.105,0.356,0.239,0.285,0.1,0.26,0.027,-0.183,0.55,0.111,0.509,-0.067,-0.009,0.231,-0.061,0.092,0.018,0.367,0.01,0.032,0.158,0.018,0.582,0.147,0.372,0.13,0.396,0.108,0.184,0.829,0.076,0.529,0.071,0.068,0.013,0.418,-0.245
AGNC,0.719,0.159,-0.043,0.035,0.215,0.401,0.336,1.0,0.0,0.06,-0.086,-0.271,0.189,0.115,0.605,0.22,0.713,0.209,0.57,0.354,0.106,-0.026,0.161,0.363,-0.249,-0.242,-0.36,0.725,0.517,0.507,0.562,-0.296,0.184,0.447,0.089,0.685,0.63,0.257,0.538,0.119,0.112,0.282,0.098,-0.102,0.143,0.616,0.67,0.706,0.833,0.031,0.512,0.619,0.472,0.354,0.391,-0.051,0.194,0.356,0.447,0.492,0.396,0.105,0.38,-0.012,0.584,0.732,0.294,0.685,0.636,0.213,0.359,0.317,0.152,0.136,0.613,0.117,0.012,0.35,-0.174,-0.139,0.601,0.735,0.693,-0.076,0.624,0.748,-0.261,0.229,0.051,0.21,0.32,0.261,0.773,0.409,0.179,0.333,0.378,-0.184,-0.286,0.634,-0.127,0.553,0.427,-0.018,0.124,0.025,0.239,0.549,0.553,0.214,0.347,-0.002,0.29,-0.035,0.07,-0.232,-0.236,0.357,0.525,0.182,0.125,0.627,-0.196,0.25,0.668,-0.088,0.774,0.434,0.181,-0.201,0.076,0.302,0.106,0.783,0.353,0.782,0.115,0.27,0.622,0.068,0.565,0.16,0.325,0.653,0.712,0.541,-0.009,0.475,0.456,0.11,0.649,-0.121,0.033,0.615,0.743,0.768,0.082,0.616,-0.035,0.293,0.429,0.714,-0.077,0.422,0.471,0.264,0.421,0.002,0.663,0.663,-0.052,0.288,0.734,0.148,-0.003,0.041,0.053,0.572,0.476,0.293,0.242,0.244,0.496,0.64,0.16,0.474,0.425,0.09,0.578,0.447,0.506,0.548,0.242,0.352,0.559,0.595,0.17,0.594,0.266,0.157
AKBA,0.425,-0.721,-0.463,-0.648,-0.563,-0.201,-0.332,0.0,1.0,0.543,-0.291,-0.516,-0.719,-0.674,-0.305,-0.708,-0.279,-0.675,0.608,-0.462,-0.506,-0.406,-0.764,-0.209,0.195,-0.486,-0.382,-0.086,0.024,-0.091,0.43,-0.042,-0.47,0.471,0.727,-0.13,0.145,-0.656,0.55,-0.644,-0.628,-0.656,0.498,-0.408,-0.721,-0.109,-0.052,-0.141,0.01,-0.585,-0.118,-0.106,-0.39,0.017,-0.01,-0.202,-0.709,-0.451,0.314,-0.514,0.544,-0.097,-0.332,-0.717,0.382,-0.212,-0.37,0.356,-0.188,0.63,-0.293,-0.121,-0.683,-0.577,0.006,0.694,0.606,-0.597,-0.576,-0.612,0.569,0.136,0.392,-0.616,0.318,-0.075,-0.405,-0.527,-0.722,0.311,0.275,0.114,0.356,-0.172,-0.696,-0.551,-0.449,-0.431,-0.019,0.132,-0.59,-0.5,0.218,-0.205,-0.788,-0.703,-0.006,-0.149,0.691,-0.673,-0.451,-0.511,-0.311,-0.735,-0.673,-0.26,-0.492,-0.6,-0.373,-0.687,0.645,0.089,-0.573,-0.128,-0.315,-0.66,0.12,-0.591,-0.091,0.539,-0.013,0.18,-0.501,-0.058,-0.599,-0.115,-0.607,-0.49,0.191,0.534,-0.247,-0.729,0.619,0.318,0.171,0.046,-0.513,-0.037,0.568,-0.586,0.525,-0.723,-0.367,-0.226,0.304,0.347,0.615,-0.41,0.207,0.616,-0.436,0.258,-0.499,0.167,-0.117,-0.271,-0.474,-0.136,-0.079,0.014,-0.064,-0.574,0.06,-0.422,-0.493,-0.438,-0.585,0.579,0.66,0.732,-0.622,0.644,0.709,0.381,0.306,-0.501,-0.243,-0.727,-0.118,-0.437,0.577,-0.228,-0.587,0.126,-0.498,0.293,-0.577,0.479,-0.53,-0.11
ALT,0.289,-0.653,-0.421,-0.698,-0.551,-0.261,0.199,0.06,0.543,1.0,-0.128,-0.513,-0.587,-0.604,-0.319,-0.63,-0.234,-0.578,0.57,-0.448,-0.496,-0.496,-0.755,-0.287,0.075,-0.699,-0.613,-0.043,-0.131,-0.046,0.521,0.089,-0.632,0.13,0.661,-0.154,0.343,-0.598,0.492,-0.638,-0.609,-0.713,0.435,-0.517,-0.548,-0.062,0.165,-0.256,0.037,-0.755,-0.154,-0.072,-0.17,-0.099,-0.273,-0.463,-0.65,-0.54,0.244,-0.532,0.533,-0.536,0.171,-0.654,0.184,-0.211,-0.351,0.174,-0.334,0.566,-0.443,-0.445,-0.698,-0.598,-0.191,0.728,0.607,-0.505,-0.638,-0.627,0.538,0.093,0.193,-0.542,0.179,0.145,-0.31,-0.54,-0.532,0.519,0.017,-0.096,0.31,-0.343,-0.335,-0.461,-0.387,-0.486,-0.319,0.067,-0.449,-0.467,0.161,-0.287,-0.656,-0.624,-0.466,-0.243,0.438,-0.558,-0.463,-0.375,-0.587,-0.615,-0.557,-0.569,-0.657,-0.334,-0.426,-0.648,0.744,0.046,-0.77,-0.214,-0.208,-0.637,0.119,-0.553,-0.251,0.483,-0.138,0.001,-0.476,-0.034,-0.536,-0.112,-0.648,-0.637,0.084,0.743,-0.43,-0.688,0.473,0.391,0.352,-0.117,-0.696,-0.098,0.601,-0.439,0.529,-0.61,-0.356,-0.117,0.353,0.28,0.662,-0.32,0.04,0.721,-0.53,0.294,-0.609,0.014,-0.072,-0.324,-0.513,-0.249,-0.061,-0.035,-0.345,-0.496,-0.027,-0.234,-0.661,-0.692,-0.611,0.418,0.581,0.736,-0.359,0.396,0.502,0.336,0.196,-0.312,-0.42,-0.55,-0.169,-0.473,0.377,-0.302,-0.2,-0.005,-0.339,0.185,-0.724,0.368,-0.45,-0.381
AMAT,-0.155,0.567,0.511,0.543,0.6,0.081,0.29,-0.086,-0.291,-0.128,1.0,0.693,0.254,0.649,0.036,0.43,0.259,0.443,-0.097,0.225,0.064,0.802,0.246,-0.151,0.339,0.424,0.34,-0.026,0.162,0.136,-0.263,0.635,0.361,0.106,-0.201,-0.029,0.162,0.452,-0.18,0.586,0.336,0.326,0.054,0.677,0.556,0.039,0.085,0.037,0.041,0.498,0.336,0.112,0.033,0.349,0.069,0.572,0.288,0.423,-0.062,0.001,-0.465,0.376,0.356,0.413,0.062,0.006,0.555,-0.057,0.17,-0.154,0.431,0.227,0.407,0.173,0.102,-0.058,0.183,0.228,0.646,0.616,0.019,-0.012,-0.145,0.644,-0.144,0.129,0.724,0.275,0.45,-0.173,0.058,-0.362,-0.121,-0.002,0.38,0.106,0.445,0.743,0.468,0.184,0.723,0.148,0.39,0.311,0.371,0.598,0.41,-0.044,-0.287,0.486,0.017,0.582,0.511,0.647,0.624,0.28,0.397,0.275,0.363,0.245,-0.382,-0.06,0.274,0.559,0.002,0.652,-0.103,0.293,0.678,0.314,0.653,0.364,0.327,-0.082,0.191,-0.18,0.495,0.353,-0.002,-0.118,0.278,0.386,-0.118,-0.206,-0.228,0.277,0.632,-0.112,-0.28,0.534,-0.256,0.611,0.452,0.041,-0.193,-0.132,0.136,0.261,0.494,-0.231,0.208,-0.089,0.315,0.236,0.207,0.434,0.369,0.421,0.067,-0.067,0.549,0.361,0.092,0.386,0.47,0.551,0.671,-0.284,-0.24,-0.247,0.116,0.07,-0.294,-0.349,-0.155,0.122,0.431,0.499,0.27,0.333,0.001,0.17,0.407,0.233,0.236,-0.081,0.434,-0.079,0.421,0.237
AMD,-0.45,0.743,0.497,0.827,0.485,0.063,0.021,-0.271,-0.516,-0.513,0.693,1.0,0.338,0.794,0.002,0.593,0.117,0.482,-0.539,0.285,0.258,0.759,0.451,-0.077,0.208,0.775,0.7,-0.231,0.057,-0.077,-0.598,0.463,0.59,-0.134,-0.354,-0.205,-0.313,0.482,-0.56,0.658,0.532,0.448,-0.111,0.767,0.621,-0.156,-0.163,-0.037,-0.23,0.737,0.182,-0.113,-0.052,0.259,0.039,0.683,0.478,0.473,-0.342,0.041,-0.61,0.47,0.072,0.643,-0.284,-0.104,0.368,-0.273,0.12,-0.548,0.373,0.258,0.552,0.329,0.019,-0.49,-0.238,0.28,0.871,0.901,-0.412,-0.227,-0.358,0.742,-0.464,-0.141,0.711,0.483,0.492,-0.495,-0.185,-0.321,-0.44,0.028,0.43,0.197,0.419,0.645,0.541,-0.042,0.743,0.19,-0.085,0.373,0.579,0.805,0.425,-0.068,-0.614,0.511,0.203,0.525,0.527,0.852,0.641,0.597,0.538,0.228,0.273,0.505,-0.727,-0.288,0.58,0.386,-0.162,0.879,-0.363,0.371,0.315,0.025,0.496,0.021,0.439,-0.253,0.291,-0.284,0.676,0.441,-0.245,-0.395,0.241,0.57,-0.54,-0.495,-0.417,0.126,0.792,-0.22,-0.606,0.545,-0.558,0.743,0.409,-0.106,-0.526,-0.48,-0.193,0.183,0.332,-0.65,0.277,-0.472,0.648,0.122,-0.044,0.44,0.31,0.308,-0.109,-0.275,0.651,0.424,-0.188,0.288,0.658,0.764,0.618,-0.607,-0.624,-0.572,0.126,-0.28,-0.629,-0.641,-0.198,0.032,0.329,0.518,0.012,0.305,-0.318,0.009,0.321,0.122,0.115,-0.462,0.607,-0.365,0.449,0.266
AMGN,-0.187,0.773,0.51,0.691,0.725,0.471,0.516,0.189,-0.719,-0.587,0.254,0.338,1.0,0.698,0.577,0.761,0.431,0.818,-0.356,0.391,0.49,0.462,0.8,0.547,-0.327,0.462,0.246,0.311,0.096,0.237,-0.099,-0.046,0.508,-0.358,-0.754,0.509,0.121,0.876,-0.295,0.772,0.863,0.804,-0.431,0.382,0.848,0.343,0.24,0.419,0.302,0.632,0.147,0.257,0.713,-0.02,0.392,0.259,0.834,0.64,-0.1,0.633,-0.422,0.182,0.532,0.736,-0.2,0.501,0.545,-0.178,0.321,-0.47,0.468,0.336,0.829,0.515,0.32,-0.48,-0.45,0.906,0.592,0.548,-0.33,0.057,-0.117,0.6,0.126,0.311,0.299,0.568,0.801,-0.309,-0.011,0.052,-0.132,0.357,0.748,0.843,0.633,0.316,-0.024,0.001,0.519,0.592,-0.068,0.244,0.887,0.724,0.219,0.406,-0.247,0.79,0.444,0.624,0.34,0.728,0.747,0.15,0.394,0.688,0.624,0.7,-0.585,0.131,0.598,0.296,0.695,0.636,0.199,0.746,0.135,-0.422,0.024,-0.177,0.622,0.371,0.748,0.271,0.603,0.642,0.031,-0.525,0.406,0.882,-0.478,0.014,0.05,0.205,0.578,0.206,-0.33,0.566,-0.24,0.681,0.275,0.369,-0.061,-0.046,-0.483,0.673,-0.112,-0.52,0.645,-0.024,0.377,-0.058,0.328,0.275,0.717,0.293,0.329,0.116,0.049,0.707,0.156,0.491,0.449,0.507,0.698,-0.368,-0.305,-0.571,0.619,-0.432,-0.394,-0.119,-0.085,0.785,0.479,0.715,0.248,0.747,-0.227,0.387,0.756,-0.07,0.743,-0.148,0.674,-0.355,0.599,0.145
AMZN,-0.23,0.922,0.627,0.906,0.777,0.225,0.355,0.115,-0.674,-0.604,0.649,0.794,0.698,1.0,0.332,0.791,0.492,0.769,-0.341,0.481,0.354,0.761,0.706,0.189,0.025,0.662,0.522,0.142,0.167,0.257,-0.355,0.319,0.671,-0.093,-0.525,0.208,0.084,0.828,-0.407,0.844,0.771,0.729,-0.194,0.808,0.854,0.202,0.174,0.34,0.207,0.805,0.465,0.293,0.393,0.324,0.21,0.669,0.738,0.699,-0.166,0.452,-0.555,0.541,0.407,0.81,-0.113,0.3,0.61,-0.118,0.382,-0.516,0.566,0.362,0.793,0.452,0.278,-0.53,-0.27,0.659,0.851,0.859,-0.196,0.058,-0.19,0.821,-0.134,0.286,0.632,0.644,0.796,-0.362,-0.024,-0.258,-0.146,0.286,0.684,0.571,0.705,0.637,0.331,0.165,0.798,0.572,0.108,0.432,0.803,0.925,0.453,0.215,-0.428,0.777,0.412,0.723,0.626,0.937,0.856,0.362,0.47,0.612,0.625,0.671,-0.708,0.045,0.577,0.571,0.341,0.856,-0.005,0.686,0.406,-0.165,0.479,0.091,0.696,0.159,0.664,0.088,0.828,0.642,-0.018,-0.449,0.523,0.829,-0.488,-0.23,-0.092,0.364,0.83,0.104,-0.465,0.782,-0.32,0.794,0.569,0.278,-0.195,-0.114,-0.259,0.626,0.265,-0.589,0.584,-0.088,0.529,0.196,0.29,0.567,0.626,0.485,0.227,0.031,0.516,0.711,0.165,0.575,0.725,0.794,0.795,-0.446,-0.467,-0.583,0.418,-0.273,-0.482,-0.381,-0.139,0.476,0.607,0.767,0.308,0.651,-0.187,0.375,0.664,0.189,0.574,-0.191,0.788,-0.254,0.792,0.315
APA,0.466,0.521,0.085,0.431,0.568,0.598,0.183,0.605,-0.305,-0.319,0.036,0.002,0.577,0.332,1.0,0.571,0.607,0.568,0.092,0.526,0.275,0.302,0.482,0.405,-0.385,0.19,-0.14,0.809,0.648,0.466,0.211,-0.449,0.528,0.173,-0.358,0.892,0.329,0.644,0.298,0.424,0.378,0.642,-0.205,0.032,0.557,0.594,0.57,0.778,0.73,0.406,0.349,0.545,0.738,0.131,0.589,0.033,0.542,0.753,0.42,0.633,0.072,0.309,0.244,0.325,0.376,0.933,0.606,0.468,0.755,-0.121,0.636,0.574,0.519,0.392,0.76,-0.235,-0.312,0.664,0.223,0.212,0.097,0.614,0.531,0.179,0.621,0.578,-0.138,0.619,0.379,-0.219,0.361,0.506,0.454,0.497,0.466,0.611,0.651,0.077,-0.194,0.553,0.092,0.691,0.274,0.236,0.54,0.307,0.494,0.818,0.3,0.56,0.603,0.156,0.435,0.296,0.347,0.114,0.221,0.494,0.728,0.453,-0.273,0.483,0.232,0.305,0.82,0.36,0.677,0.676,0.247,-0.386,0.091,0.135,0.238,0.841,0.576,0.793,0.435,0.686,0.615,-0.4,0.715,0.491,0.035,0.595,0.486,0.55,0.384,0.53,0.182,0.123,0.219,0.3,0.137,0.687,0.49,0.523,-0.427,0.698,-0.181,-0.169,0.685,0.361,0.414,0.449,0.443,0.261,0.753,0.125,0.611,0.544,0.133,0.436,0.679,0.29,0.27,0.252,0.461,0.268,0.206,-0.142,0.446,-0.14,0.079,0.47,0.0,0.69,0.692,0.382,0.603,0.814,0.243,0.655,0.264,0.21,0.644,0.449,0.457,0.213,0.285,0.383
APPS,-0.095,0.895,0.607,0.822,0.723,0.474,0.237,0.22,-0.708,-0.63,0.43,0.593,0.761,0.791,0.571,1.0,0.588,0.86,-0.387,0.58,0.561,0.584,0.814,0.468,-0.151,0.539,0.439,0.266,0.345,0.284,-0.252,0.04,0.824,-0.078,-0.65,0.383,0.018,0.795,-0.306,0.754,0.742,0.851,-0.281,0.554,0.816,0.334,0.278,0.467,0.324,0.816,0.353,0.42,0.492,0.249,0.336,0.442,0.771,0.744,-0.03,0.626,-0.523,0.443,0.291,0.756,-0.068,0.423,0.599,-0.007,0.496,-0.58,0.546,0.562,0.835,0.625,0.363,-0.604,-0.458,0.757,0.649,0.652,-0.279,0.236,-0.011,0.738,-0.002,0.307,0.486,0.792,0.703,-0.369,0.032,0.066,-0.052,0.482,0.655,0.704,0.638,0.458,0.058,0.171,0.665,0.669,0.002,0.329,0.889,0.77,0.454,0.446,-0.344,0.727,0.514,0.585,0.669,0.771,0.795,0.473,0.566,0.666,0.636,0.747,-0.783,0.189,0.605,0.42,0.492,0.802,0.177,0.81,0.315,-0.444,0.342,0.028,0.618,0.283,0.712,0.242,0.821,0.752,0.129,-0.588,0.582,0.878,-0.413,-0.107,0.03,0.347,0.741,0.074,-0.416,0.662,-0.317,0.787,0.434,0.328,-0.064,-0.04,-0.47,0.584,-0.026,-0.575,0.697,-0.166,0.602,0.253,0.157,0.51,0.718,0.292,0.304,0.222,0.31,0.598,0.296,0.378,0.757,0.712,0.765,-0.323,-0.379,-0.599,0.538,-0.331,-0.466,-0.224,-0.072,0.581,0.608,0.735,0.421,0.715,-0.263,0.414,0.527,0.13,0.712,-0.121,0.858,-0.181,0.647,0.457
ARCC,0.437,0.515,0.421,0.427,0.527,0.531,0.357,0.713,-0.279,-0.234,0.259,0.117,0.431,0.492,0.607,0.588,1.0,0.607,0.247,0.55,0.466,0.316,0.458,0.506,-0.036,0.159,0.074,0.607,0.482,0.56,0.204,-0.116,0.582,0.399,-0.231,0.602,0.513,0.57,0.207,0.482,0.451,0.577,0.056,0.324,0.511,0.705,0.657,0.758,0.754,0.408,0.731,0.739,0.513,0.596,0.399,0.361,0.489,0.602,0.221,0.641,-0.075,0.33,0.452,0.405,0.411,0.648,0.662,0.439,0.682,0.009,0.54,0.51,0.536,0.39,0.647,-0.178,-0.099,0.597,0.161,0.175,0.338,0.688,0.408,0.327,0.408,0.734,0.06,0.568,0.446,0.116,0.211,0.242,0.569,0.635,0.498,0.554,0.634,0.207,-0.092,0.492,0.186,0.719,0.31,0.204,0.458,0.361,0.488,0.673,0.192,0.566,0.482,0.323,0.623,0.345,0.46,0.082,0.157,0.619,0.737,0.472,-0.297,0.674,0.163,0.558,0.62,0.324,0.598,0.683,0.415,-0.266,0.467,0.326,0.495,0.586,0.597,0.599,0.492,0.592,0.541,-0.245,0.692,0.488,0.031,0.356,0.514,0.583,0.397,0.374,0.078,0.453,0.328,0.253,0.35,0.573,0.475,0.504,-0.031,0.672,0.022,-0.075,0.669,0.405,0.186,0.529,0.4,0.558,0.611,0.114,0.686,0.575,0.189,0.486,0.638,0.438,0.493,0.454,0.494,0.191,0.136,-0.101,0.486,0.106,0.083,0.322,0.127,0.609,0.627,0.506,0.684,0.668,0.258,0.736,0.43,0.458,0.745,0.413,0.569,0.312,0.605,0.445
ARDX,-0.09,0.81,0.626,0.755,0.817,0.526,0.367,0.209,-0.675,-0.578,0.443,0.482,0.818,0.769,0.568,0.86,0.607,1.0,-0.288,0.479,0.635,0.598,0.72,0.476,-0.115,0.538,0.353,0.372,0.332,0.431,-0.147,0.021,0.692,-0.103,-0.67,0.508,0.188,0.858,-0.221,0.79,0.762,0.837,-0.224,0.498,0.862,0.5,0.349,0.46,0.398,0.7,0.422,0.426,0.588,0.256,0.312,0.426,0.734,0.735,0.036,0.622,-0.451,0.353,0.468,0.709,0.003,0.475,0.711,-0.055,0.503,-0.375,0.615,0.558,0.933,0.639,0.428,-0.452,-0.349,0.862,0.609,0.566,-0.202,0.274,-0.046,0.667,0.07,0.365,0.369,0.711,0.79,-0.132,0.18,0.004,-0.029,0.537,0.749,0.755,0.668,0.533,0.052,0.163,0.549,0.708,0.141,0.301,0.829,0.719,0.418,0.497,-0.257,0.847,0.51,0.572,0.59,0.776,0.812,0.274,0.557,0.718,0.679,0.735,-0.658,0.193,0.59,0.516,0.567,0.73,0.314,0.788,0.439,-0.33,0.414,0.175,0.666,0.375,0.734,0.27,0.68,0.8,0.238,-0.478,0.525,0.828,-0.362,0.006,0.099,0.411,0.709,0.094,-0.262,0.627,-0.196,0.729,0.494,0.352,-0.008,-0.01,-0.415,0.688,-0.02,-0.459,0.737,-0.031,0.482,0.215,0.24,0.528,0.824,0.329,0.367,0.28,0.253,0.609,0.309,0.527,0.631,0.694,0.855,-0.344,-0.292,-0.604,0.678,-0.312,-0.435,-0.145,0.032,0.732,0.623,0.808,0.483,0.78,-0.151,0.48,0.625,0.219,0.711,0.019,0.729,-0.225,0.681,0.39
ATER,0.688,-0.387,-0.219,-0.487,-0.198,0.104,0.179,0.57,0.608,0.57,-0.097,-0.539,-0.356,-0.341,0.092,-0.387,0.247,-0.288,1.0,-0.047,-0.371,-0.204,-0.468,-0.021,-0.031,-0.593,-0.576,0.347,0.316,0.335,0.726,-0.084,-0.304,0.564,0.586,0.338,0.677,-0.249,0.767,-0.321,-0.365,-0.345,0.477,-0.258,-0.346,0.302,0.478,0.312,0.564,-0.486,0.341,0.36,0.108,0.305,0.162,-0.146,-0.387,-0.131,0.564,-0.133,0.605,-0.072,0.197,-0.491,0.574,0.25,0.028,0.57,0.115,0.668,0.002,0.017,-0.372,-0.349,0.352,0.724,0.626,-0.172,-0.478,-0.516,0.899,0.534,0.599,-0.368,0.603,0.465,-0.351,-0.24,-0.392,0.457,0.422,0.084,0.702,0.007,-0.263,-0.231,-0.042,-0.344,-0.22,0.47,-0.398,-0.098,0.56,-0.01,-0.504,-0.47,0.034,0.127,0.776,-0.247,-0.164,-0.2,-0.127,-0.5,-0.286,-0.467,-0.57,-0.134,0.094,-0.424,0.605,0.468,-0.621,0.107,0.247,-0.495,0.616,-0.164,0.154,0.412,0.14,0.338,-0.264,0.422,-0.169,0.309,-0.353,-0.222,0.512,0.556,0.073,-0.445,0.726,0.633,0.668,0.456,-0.436,0.296,0.766,-0.248,0.851,-0.528,-0.15,0.266,0.796,0.761,0.585,0.172,0.29,0.782,-0.084,0.716,-0.46,0.319,0.337,-0.095,-0.055,0.003,0.471,0.448,-0.134,-0.183,0.483,-0.044,-0.367,-0.337,-0.277,0.703,0.774,0.764,-0.259,0.595,0.773,0.642,0.245,0.027,0.058,-0.322,0.32,-0.011,0.793,0.175,-0.123,0.263,0.048,0.596,-0.343,0.694,-0.056,0.013
ATOS,0.094,0.577,0.125,0.468,0.562,0.243,0.011,0.354,-0.462,-0.448,0.225,0.285,0.391,0.481,0.526,0.58,0.55,0.479,-0.047,1.0,0.278,0.383,0.573,0.102,-0.31,0.199,0.128,0.416,0.372,0.339,-0.252,-0.249,0.568,0.099,-0.457,0.361,0.062,0.483,-0.17,0.472,0.279,0.568,-0.259,0.402,0.474,0.224,0.271,0.561,0.42,0.518,0.511,0.533,0.36,0.391,0.132,0.221,0.53,0.559,0.02,0.565,-0.358,0.447,0.054,0.428,0.127,0.503,0.385,0.118,0.505,-0.301,0.456,0.329,0.501,0.546,0.445,-0.52,-0.485,0.413,0.333,0.366,-0.072,0.312,0.096,0.395,0.044,0.346,0.117,0.533,0.476,-0.336,0.172,0.145,0.171,0.508,0.387,0.25,0.519,0.37,0.038,0.315,0.27,0.553,0.155,0.312,0.454,0.404,0.422,0.444,-0.152,0.515,0.404,0.277,0.552,0.393,0.504,0.284,0.346,0.475,0.554,0.504,-0.509,0.421,0.384,0.301,0.436,0.469,0.246,0.589,0.35,-0.508,0.211,0.219,0.408,0.352,0.623,0.421,0.596,0.491,0.157,-0.471,0.559,0.454,-0.154,0.014,0.265,0.343,0.41,0.469,-0.204,0.361,-0.077,0.398,0.406,0.545,0.222,0.24,-0.422,0.548,-0.009,-0.313,0.501,0.142,0.498,0.363,0.382,0.185,0.57,0.093,0.511,0.507,0.197,0.379,0.463,0.36,0.531,0.463,0.476,-0.046,-0.254,-0.417,0.47,-0.381,-0.209,0.007,-0.233,0.441,0.512,0.557,0.463,0.528,-0.007,0.607,0.246,0.15,0.47,0.107,0.601,-0.038,0.519,0.333
AUPH,-0.131,0.4,0.387,0.448,0.334,0.493,0.103,0.106,-0.506,-0.496,0.064,0.258,0.49,0.354,0.275,0.561,0.466,0.635,-0.371,0.278,1.0,0.147,0.526,0.564,-0.078,0.479,0.362,0.164,0.124,0.21,-0.211,-0.241,0.567,-0.119,-0.593,0.204,-0.114,0.425,-0.311,0.424,0.48,0.558,-0.169,0.174,0.468,0.495,0.209,0.296,0.129,0.419,0.25,0.249,0.213,0.226,0.082,0.196,0.519,0.372,-0.208,0.566,-0.358,0.075,0.17,0.562,-0.007,0.16,0.369,-0.09,0.29,-0.341,0.311,0.43,0.631,0.647,0.197,-0.522,-0.528,0.556,0.221,0.223,-0.37,0.249,-0.08,0.259,-0.164,0.094,0.047,0.462,0.492,-0.001,-0.017,0.106,-0.028,0.557,0.504,0.551,0.273,0.34,-0.033,-0.044,0.117,0.507,-0.193,-0.011,0.548,0.355,0.198,0.459,-0.3,0.463,0.33,0.084,0.481,0.392,0.363,0.262,0.554,0.61,0.402,0.754,-0.589,0.288,0.533,0.206,0.231,0.418,0.145,0.599,0.209,-0.494,0.207,0.068,0.442,0.103,0.408,0.158,0.368,0.587,0.113,-0.508,0.393,0.524,-0.41,-0.164,-0.015,0.119,0.445,-0.163,-0.393,0.318,-0.243,0.394,0.203,0.056,-0.149,-0.176,-0.417,0.251,-0.34,-0.432,0.622,-0.138,0.359,0.171,-0.11,0.321,0.475,-0.174,0.126,0.24,0.079,0.232,0.033,0.198,0.404,0.513,0.484,-0.309,-0.369,-0.55,0.662,-0.304,-0.436,-0.198,0.083,0.481,0.242,0.515,0.28,0.399,-0.319,0.321,0.252,0.216,0.406,-0.09,0.472,-0.163,0.309,0.339
AVGO,-0.201,0.766,0.52,0.753,0.748,0.281,0.138,-0.026,-0.406,-0.496,0.802,0.759,0.462,0.761,0.302,0.584,0.316,0.598,-0.204,0.383,0.147,1.0,0.448,-0.037,0.136,0.645,0.447,0.103,0.324,0.15,-0.346,0.381,0.562,0.096,-0.388,0.202,0.014,0.66,-0.232,0.79,0.556,0.57,-0.141,0.733,0.733,0.137,0.048,0.222,0.095,0.745,0.35,0.074,0.235,0.356,0.393,0.728,0.494,0.677,-0.014,0.185,-0.501,0.588,0.201,0.595,-0.008,0.211,0.664,-0.045,0.316,-0.249,0.678,0.429,0.656,0.333,0.343,-0.273,-0.09,0.462,0.847,0.802,-0.129,0.01,-0.113,0.75,-0.028,0.121,0.675,0.509,0.537,-0.406,0.093,-0.114,-0.223,0.118,0.485,0.276,0.612,0.721,0.532,0.236,0.742,0.3,0.304,0.533,0.57,0.745,0.641,0.136,-0.304,0.685,0.275,0.658,0.596,0.776,0.746,0.508,0.543,0.281,0.557,0.433,-0.567,-0.094,0.492,0.599,0.152,0.812,0.0,0.466,0.645,0.111,0.581,0.306,0.433,0.055,0.437,-0.051,0.681,0.591,0.062,-0.366,0.436,0.566,-0.246,-0.165,-0.21,0.462,0.801,0.094,-0.314,0.535,-0.334,0.77,0.521,0.189,-0.184,-0.134,-0.146,0.454,0.507,-0.437,0.4,-0.096,0.616,0.216,0.313,0.449,0.588,0.486,0.234,0.015,0.61,0.557,0.181,0.443,0.652,0.735,0.815,-0.384,-0.354,-0.442,0.164,-0.134,-0.399,-0.305,-0.264,0.273,0.594,0.602,0.286,0.598,0.039,0.298,0.393,0.181,0.333,-0.059,0.642,-0.163,0.516,0.375
AZN,-0.22,0.79,0.481,0.745,0.608,0.344,0.226,0.161,-0.764,-0.755,0.246,0.451,0.8,0.706,0.482,0.814,0.458,0.72,-0.468,0.573,0.526,0.448,1.0,0.393,-0.266,0.542,0.446,0.184,0.052,0.093,-0.374,-0.072,0.668,-0.208,-0.721,0.295,-0.07,0.761,-0.454,0.716,0.734,0.803,-0.478,0.512,0.742,0.214,0.106,0.455,0.212,0.721,0.218,0.263,0.456,0.126,0.284,0.358,0.841,0.629,-0.29,0.717,-0.573,0.365,0.234,0.751,-0.181,0.379,0.462,-0.125,0.337,-0.564,0.471,0.335,0.767,0.582,0.284,-0.708,-0.604,0.682,0.625,0.625,-0.457,0.044,-0.125,0.62,-0.098,0.112,0.347,0.59,0.67,-0.43,-0.151,0.07,-0.164,0.323,0.629,0.677,0.598,0.371,0.123,-0.01,0.559,0.657,-0.131,0.256,0.869,0.675,0.315,0.316,-0.446,0.699,0.455,0.564,0.581,0.689,0.737,0.349,0.487,0.582,0.568,0.715,-0.739,0.113,0.654,0.307,0.479,0.662,0.001,0.736,0.172,-0.559,0.114,-0.132,0.554,0.22,0.669,0.239,0.766,0.666,-0.069,-0.724,0.523,0.872,-0.536,-0.247,-0.125,0.121,0.63,0.168,-0.584,0.639,-0.432,0.656,0.401,0.284,-0.189,-0.129,-0.599,0.532,-0.156,-0.622,0.678,-0.155,0.537,0.016,0.255,0.248,0.596,0.202,0.287,0.111,0.235,0.67,0.167,0.37,0.614,0.614,0.634,-0.392,-0.539,-0.686,0.525,-0.453,-0.485,-0.233,-0.249,0.586,0.489,0.705,0.326,0.636,-0.352,0.377,0.54,-0.004,0.657,-0.139,0.803,-0.27,0.562,0.304
BCRX,0.177,0.274,0.449,0.253,0.194,0.657,0.268,0.363,-0.209,-0.287,-0.151,-0.077,0.547,0.189,0.405,0.468,0.506,0.476,-0.021,0.102,0.564,-0.037,0.393,1.0,-0.153,0.173,0.164,0.244,0.21,0.292,0.333,-0.23,0.423,0.062,-0.237,0.405,0.134,0.343,0.095,0.313,0.519,0.434,0.027,0.0,0.281,0.469,0.284,0.396,0.356,0.257,0.158,0.343,0.355,0.184,0.389,0.023,0.455,0.263,0.124,0.424,0.023,-0.073,0.257,0.302,0.016,0.309,0.275,0.125,0.28,-0.097,0.119,0.468,0.461,0.306,0.295,-0.052,-0.148,0.59,0.038,0.003,-0.015,0.337,0.242,0.144,0.28,0.274,-0.121,0.433,0.306,0.094,0.05,0.301,0.248,0.48,0.277,0.651,0.199,-0.115,-0.314,-0.074,-0.017,0.364,-0.178,-0.023,0.458,0.204,0.18,0.442,0.176,0.276,0.289,0.115,0.3,0.185,0.208,0.172,0.206,0.431,0.367,0.391,-0.234,0.331,0.244,0.015,0.515,0.162,0.438,0.457,-0.055,-0.267,0.053,-0.174,0.279,0.295,0.399,0.241,0.195,0.422,0.325,-0.266,0.245,0.457,-0.055,0.175,0.252,0.125,0.23,-0.026,0.002,0.203,0.204,0.126,-0.087,0.108,0.247,0.155,-0.228,0.279,-0.231,-0.11,0.507,0.033,0.008,0.126,-0.051,0.301,0.328,-0.108,0.321,0.305,-0.075,0.247,0.131,-0.018,0.232,0.273,0.283,0.024,0.129,-0.089,0.336,0.063,0.005,0.181,0.431,0.453,0.183,0.259,0.28,0.365,-0.046,0.231,0.304,0.138,0.547,0.042,0.441,0.048,0.287,0.326
BGC,0.007,-0.126,0.244,-0.002,-0.103,-0.192,-0.051,-0.249,0.195,0.075,0.339,0.208,-0.327,0.025,-0.385,-0.151,-0.036,-0.115,-0.031,-0.31,-0.078,0.136,-0.266,-0.153,1.0,0.151,0.348,-0.256,-0.043,0.04,-0.089,0.459,-0.073,0.345,0.368,-0.352,0.04,-0.162,0.132,-0.033,-0.135,-0.185,0.257,0.127,-0.142,-0.085,-0.138,-0.287,-0.243,-0.039,0.059,-0.114,-0.419,0.185,-0.2,0.254,-0.33,-0.137,0.046,-0.349,0.009,-0.009,-0.063,-0.188,0.124,-0.338,0.087,0.087,-0.022,0.174,-0.136,0.2,-0.162,-0.242,-0.203,0.267,0.451,-0.278,0.033,0.022,0.106,-0.104,-0.016,-0.024,-0.156,-0.163,0.17,-0.104,-0.123,0.195,-0.019,-0.137,0.042,-0.097,-0.109,-0.163,-0.188,0.288,0.195,-0.069,0.087,-0.178,0.133,-0.048,-0.188,-0.03,0.101,-0.222,-0.074,-0.073,-0.174,-0.04,0.196,0.039,-0.109,0.154,0.175,-0.229,-0.074,-0.263,0.084,-0.208,-0.141,0.129,-0.436,0.002,-0.187,-0.244,0.277,0.488,0.497,0.193,-0.154,-0.324,-0.354,-0.281,-0.091,-0.05,0.101,0.162,-0.079,-0.164,0.248,-0.151,-0.358,-0.014,0.222,-0.484,-0.033,-0.005,-0.074,-0.061,0.022,-0.361,-0.198,-0.209,0.27,-0.342,0.205,0.069,-0.2,-0.126,-0.199,0.027,-0.266,0.419,-0.224,0.006,-0.365,-0.245,0.327,-0.125,-0.174,-0.163,0.143,0.031,0.086,0.034,0.035,0.123,-0.276,0.48,-0.03,-0.018,0.115,-0.378,-0.025,-0.085,0.015,-0.29,-0.113,-0.102,-0.108,0.433,-0.279,0.125,-0.144,0.161,-0.068,0.123
BIDU,-0.332,0.669,0.482,0.832,0.478,0.277,-0.102,-0.242,-0.486,-0.699,0.424,0.775,0.462,0.662,0.19,0.539,0.159,0.538,-0.593,0.199,0.479,0.645,0.542,0.173,0.151,1.0,0.753,-0.033,0.11,-0.047,-0.53,0.148,0.629,-0.121,-0.417,0.03,-0.358,0.532,-0.483,0.64,0.583,0.549,-0.278,0.556,0.638,0.05,-0.165,0.136,-0.156,0.75,0.092,-0.14,0.069,0.176,0.241,0.603,0.534,0.602,-0.302,0.232,-0.451,0.436,-0.02,0.67,-0.157,0.073,0.474,-0.149,0.255,-0.462,0.47,0.447,0.657,0.402,0.205,-0.538,-0.368,0.411,0.787,0.784,-0.553,-0.104,-0.203,0.593,-0.258,-0.173,0.452,0.54,0.498,-0.503,-0.112,-0.014,-0.35,0.189,0.42,0.392,0.486,0.542,0.503,-0.061,0.507,0.347,-0.175,0.207,0.663,0.677,0.56,0.19,-0.466,0.532,0.451,0.366,0.576,0.754,0.567,0.584,0.658,0.224,0.401,0.552,-0.752,-0.181,0.655,0.358,-0.013,0.751,-0.229,0.404,0.255,-0.117,0.372,-0.016,0.352,-0.074,0.296,-0.104,0.622,0.63,-0.06,-0.576,0.363,0.587,-0.554,-0.339,-0.41,0.095,0.813,-0.204,-0.562,0.339,-0.532,0.656,0.266,-0.113,-0.471,-0.416,-0.445,0.175,0.052,-0.701,0.47,-0.412,0.619,0.109,-0.121,0.37,0.409,0.189,-0.058,-0.169,0.643,0.415,-0.124,0.174,0.558,0.73,0.647,-0.507,-0.533,-0.634,0.273,-0.269,-0.575,-0.451,-0.102,0.168,0.417,0.498,0.125,0.395,-0.327,0.118,0.203,0.24,0.16,-0.338,0.572,-0.33,0.286,0.338
BILI,-0.442,0.503,0.54,0.62,0.188,0.018,-0.22,-0.36,-0.382,-0.613,0.34,0.7,0.246,0.522,-0.14,0.439,0.074,0.353,-0.576,0.128,0.362,0.447,0.446,0.164,0.348,0.753,1.0,-0.408,-0.046,-0.203,-0.594,0.301,0.535,-0.09,-0.3,-0.304,-0.431,0.279,-0.542,0.423,0.428,0.381,-0.111,0.533,0.375,-0.24,-0.306,-0.058,-0.361,0.561,0.038,-0.149,-0.193,0.172,-0.004,0.568,0.395,0.262,-0.4,0.063,-0.56,0.399,-0.171,0.489,-0.366,-0.264,0.238,-0.329,0.02,-0.46,0.117,0.337,0.483,0.323,-0.097,-0.482,-0.216,0.185,0.572,0.58,-0.512,-0.246,-0.373,0.598,-0.466,-0.348,0.497,0.419,0.339,-0.337,-0.186,-0.17,-0.445,0.104,0.197,0.241,0.228,0.418,0.355,-0.282,0.494,0.081,-0.345,0.158,0.455,0.485,0.325,-0.064,-0.581,0.32,0.265,0.376,0.513,0.584,0.469,0.597,0.603,0.003,0.124,0.388,-0.618,-0.321,0.652,0.185,-0.238,0.584,-0.447,0.266,0.122,-0.086,0.384,-0.114,0.381,-0.38,0.222,-0.298,0.557,0.369,-0.235,-0.466,0.086,0.455,-0.495,-0.594,-0.529,-0.118,0.609,-0.362,-0.626,0.423,-0.548,0.536,0.205,-0.353,-0.54,-0.55,-0.324,-0.092,0.055,-0.586,0.203,-0.613,0.46,-0.032,-0.324,0.338,0.125,0.159,-0.229,-0.26,0.489,0.246,-0.356,0.022,0.674,0.637,0.458,-0.568,-0.588,-0.524,0.081,-0.145,-0.543,-0.52,-0.006,-0.125,0.169,0.355,-0.018,0.058,-0.534,-0.009,0.099,0.109,0.006,-0.411,0.568,-0.387,0.323,0.298
BKR,0.684,0.231,-0.137,0.15,0.45,0.425,0.254,0.725,-0.086,-0.043,-0.026,-0.231,0.311,0.142,0.809,0.266,0.607,0.372,0.347,0.416,0.164,0.103,0.184,0.244,-0.256,-0.033,-0.408,1.0,0.628,0.692,0.416,-0.463,0.199,0.257,-0.063,0.871,0.558,0.412,0.492,0.152,0.092,0.346,-0.074,-0.163,0.321,0.666,0.684,0.75,0.817,0.109,0.443,0.659,0.643,0.15,0.403,-0.133,0.15,0.563,0.545,0.567,0.388,0.116,0.337,0.042,0.688,0.897,0.479,0.644,0.797,0.151,0.545,0.44,0.27,0.286,0.722,-0.019,-0.109,0.472,-0.066,-0.054,0.368,0.732,0.653,-0.082,0.733,0.738,-0.317,0.362,0.26,0.042,0.519,0.394,0.696,0.533,0.298,0.398,0.528,0.06,-0.191,0.692,-0.147,0.695,0.5,-0.041,0.238,0.06,0.35,0.772,0.507,0.363,0.551,-0.071,0.313,0.051,0.126,-0.251,0.013,0.493,0.625,0.246,-0.033,0.623,-0.073,0.263,0.739,0.015,0.782,0.433,0.332,-0.236,0.072,0.414,0.067,0.916,0.361,0.868,0.163,0.46,0.709,-0.053,0.668,0.203,0.24,0.776,0.669,0.57,0.156,0.485,0.459,-0.044,0.469,-0.007,0.062,0.734,0.678,0.738,-0.15,0.683,-0.164,0.188,0.549,0.631,0.063,0.491,0.396,0.226,0.652,0.09,0.563,0.723,0.054,0.236,0.837,0.33,-0.05,0.008,0.262,0.533,0.451,0.046,0.474,0.065,0.359,0.606,0.097,0.637,0.56,0.264,0.687,0.626,0.397,0.672,0.159,0.393,0.537,0.634,0.101,0.404,0.225,0.205
BLDP,0.643,0.299,0.048,0.22,0.398,0.497,-0.135,0.517,0.024,-0.131,0.162,0.057,0.096,0.167,0.648,0.345,0.482,0.332,0.316,0.372,0.124,0.324,0.052,0.21,-0.043,0.11,-0.046,0.628,1.0,0.62,0.312,-0.29,0.42,0.475,0.057,0.639,0.326,0.262,0.513,0.132,-0.014,0.305,0.133,0.007,0.23,0.487,0.523,0.565,0.639,0.239,0.477,0.567,0.29,0.308,0.428,0.048,0.117,0.562,0.74,0.342,0.264,0.401,-0.022,0.034,0.57,0.598,0.529,0.576,0.753,0.113,0.519,0.751,0.276,0.295,0.65,0.047,0.048,0.294,0.048,0.057,0.387,0.7,0.604,0.142,0.586,0.47,-0.049,0.558,0.03,-0.074,0.651,0.282,0.529,0.49,0.083,0.192,0.372,0.206,-0.148,0.689,0.034,0.43,0.575,0.144,0.148,0.084,0.551,0.581,0.423,0.262,0.537,-0.091,0.508,0.104,0.17,0.225,0.243,0.238,0.497,0.244,-0.115,0.458,-0.002,0.25,0.458,0.238,0.663,0.375,0.518,-0.079,0.391,0.513,-0.069,0.593,0.286,0.551,0.278,0.46,0.774,-0.037,0.565,0.104,0.445,0.484,0.507,0.646,0.313,0.288,0.431,-0.026,0.38,0.192,0.08,0.424,0.618,0.552,-0.147,0.447,0.112,0.119,0.46,0.335,0.306,0.665,0.198,0.362,0.565,0.195,0.438,0.646,0.285,0.065,0.668,0.016,0.248,0.232,0.424,0.433,0.398,0.126,0.128,0.204,0.23,0.426,0.222,0.238,0.522,0.204,0.685,0.461,0.306,0.463,-0.148,0.381,0.347,0.53,0.27,0.393,0.228,0.6
BLNK,0.504,0.236,0.127,0.171,0.494,0.382,0.264,0.507,-0.091,-0.046,0.136,-0.077,0.237,0.257,0.466,0.284,0.56,0.431,0.335,0.339,0.21,0.15,0.093,0.292,0.04,-0.047,-0.203,0.692,0.62,1.0,0.358,-0.31,0.227,0.265,0.029,0.59,0.51,0.328,0.401,0.169,0.119,0.277,0.212,0.094,0.268,0.54,0.602,0.573,0.693,0.073,0.56,0.762,0.407,0.242,0.15,-0.001,0.108,0.386,0.578,0.438,0.329,0.158,0.297,0.04,0.521,0.556,0.499,0.433,0.703,0.1,0.381,0.504,0.314,0.357,0.455,0.03,0.024,0.475,-0.05,-0.032,0.419,0.609,0.413,0.014,0.538,0.682,-0.197,0.347,0.381,0.133,0.564,0.11,0.586,0.638,0.262,0.368,0.396,0.328,-0.254,0.45,-0.039,0.618,0.566,0.013,0.139,0.147,0.249,0.551,0.355,0.381,0.507,0.004,0.383,0.132,0.176,-0.136,0.134,0.551,0.494,0.253,-0.049,0.605,-0.051,0.252,0.574,0.11,0.679,0.384,0.493,-0.14,0.403,0.491,0.169,0.585,0.429,0.524,0.225,0.371,0.673,-0.001,0.462,0.165,0.369,0.48,0.579,0.518,0.274,0.304,0.373,0.139,0.501,0.028,0.151,0.565,0.593,0.544,0.003,0.618,0.023,0.172,0.468,0.447,-0.074,0.525,0.265,0.363,0.571,0.151,0.403,0.698,0.098,0.18,0.618,0.341,0.157,0.144,0.428,0.354,0.355,-0.02,0.412,0.155,0.228,0.41,0.22,0.466,0.389,0.471,0.732,0.46,0.198,0.603,0.2,0.44,0.516,0.536,0.172,0.28,0.52,0.472
BYND,0.652,-0.337,-0.154,-0.454,-0.167,0.361,0.279,0.562,0.43,0.521,-0.263,-0.598,-0.099,-0.355,0.211,-0.252,0.204,-0.147,0.726,-0.252,-0.211,-0.346,-0.374,0.333,-0.089,-0.53,-0.594,0.416,0.312,0.358,1.0,-0.163,-0.295,0.268,0.503,0.438,0.61,-0.201,0.747,-0.318,-0.184,-0.281,0.434,-0.478,-0.284,0.402,0.427,0.227,0.552,-0.465,0.091,0.271,0.24,-0.011,0.224,-0.414,-0.292,-0.178,0.648,0.007,0.728,-0.381,0.281,-0.427,0.411,0.328,-0.023,0.46,0.136,0.545,-0.089,0.11,-0.267,-0.272,0.205,0.715,0.545,0.055,-0.509,-0.542,0.726,0.508,0.57,-0.402,0.672,0.457,-0.446,-0.182,-0.302,0.446,0.423,0.232,0.652,0.068,-0.221,0.047,-0.16,-0.502,-0.524,0.273,-0.428,-0.001,0.396,-0.264,-0.282,-0.379,-0.196,0.213,0.765,-0.24,-0.034,-0.206,-0.266,-0.409,-0.342,-0.492,-0.567,0.073,-0.002,-0.281,0.561,0.368,-0.568,-0.182,0.391,-0.497,0.692,-0.142,-0.057,0.322,-0.121,0.124,-0.301,0.49,-0.101,0.338,-0.44,-0.217,0.543,0.592,-0.04,-0.286,0.616,0.691,0.654,0.241,-0.44,0.123,0.797,-0.236,0.836,-0.491,-0.337,0.189,0.75,0.662,0.387,0.138,0.088,0.665,-0.043,0.558,-0.521,0.171,0.122,-0.05,-0.027,0.03,0.319,0.357,-0.327,-0.238,0.399,-0.178,-0.476,-0.408,-0.246,0.634,0.823,0.715,-0.17,0.479,0.676,0.609,0.482,0.13,-0.103,-0.349,0.233,0.003,0.532,0.015,-0.047,0.061,0.193,0.479,-0.332,0.504,-0.137,-0.046
