,AAL,AAPL,ABUS,ADBE,ADI,ADMA,AEP,AGNC,AKBA,ALT,AMAT,AMD,AMGN,AMZN,APA,APPS,ARCC,ARDX,ATER,ATOS,AUPH,AVGO,AZN,BCRX,BGC,BIDU,BILI,BKR,BLDP,BLNK,BYND,CAN,CELH,CG,CGC,CHRD,CLNE,CMCSA,COMM,COST,CPB,CPRT,CRON,CRWD,CSCO,CSGP,CSX,CTSH,CZR,DBX,DDOG,DKNG,DLTR,DOCU,DVAX,DXCM,EA,EBAY,ENPH,ERIC,ESPR,ETSY,EXC,EXEL,EXPE,FANG,FAST,FITB,FLEX,FOLD,FOXA,FSLR,FTNT,FUTU,GEN,GERN,GEVO,GILD,GOOG,GOOGL,GPRO,GT,HBAN,HIVE,HON,HST,HUT,IBRX,INTC,IOVA,IQ,IRWD,JBLU,JD,KDP,KHC,LBTYK,LRCX,LYFT,MAR,MARA,MAT,MCHP,MCRB,MDLZ,META,MGNI,MLCO,MNKD,MNST,MOMO,MRNA,MRVL,MSFT,MSTR,MTCH,MU,MVIS,NDAQ,NFLX,NKTR,NNDM,NTES,NTNX,NVAX,NVDA,NWL,NWSA,NXPI,OCGN,OKTA,ON,OPK,PAA,PACB,PAGP,PANW,PARA,PCAR,PDD,PENN,PEP,PLUG,PTEN,PTON,PYPL,QCOM,QUBT,QVCGA,RDFN,REAL,RIOT,ROKU,ROST,RUN,SABR,SAVA,SBUX,SFIX,SGMO,SIRI,SLM,SMCI,SNDL,SONO,STNE,STX,TCOM,TGTX,TIGR,TLRY,TMUS,TRIP,TSCO,TSLA,TTD,TXN,UAL,UNIT,VERU,VKTX,VLY,VOD,VTRS,VXRT,WBA,WBD,WDAY,WDC,WEN,WW,WYNN,XEL,XP,XRAY,XRX,Z,ZION,ZM,ZS
AAL,1.0,0.124,0.44,0.293,0.49,-0.204,0.561,0.511,0.58,0.005,0.563,0.528,0.708,0.573,-0.275,0.681,0.491,0.337,0.176,0.613,0.709,0.738,0.817,-0.074,0.56,0.75,0.621,0.587,0.481,0.263,0.648,0.725,-0.019,0.778,0.406,-0.261,0.215,0.77,0.483,0.648,-0.115,0.609,-0.115,-0.165,0.664,0.256,0.618,0.752,0.252,0.199,-0.19,0.528,0.638,0.559,-0.083,0.019,0.711,0.755,-0.359,0.441,0.572,0.23,0.548,0.713,0.733,0.595,0.443,0.769,0.758,-0.189,0.683,0.436,0.093,-0.315,0.264,0.66,0.564,0.464,0.279,0.242,0.73,0.84,0.708,0.711,-0.065,0.397,0.857,-0.207,0.823,0.27,0.468,-0.406,0.906,0.704,0.156,0.688,0.749,0.524,0.851,0.466,0.824,0.71,0.585,0.004,0.567,0.775,-0.0,0.723,-0.516,0.104,0.674,-0.054,0.17,-0.144,0.404,0.688,0.752,0.361,0.519,0.789,0.2,0.543,0.62,-0.091,0.405,0.307,0.787,0.699,0.512,0.198,0.381,0.283,0.474,0.651,0.542,0.651,-0.13,0.775,0.256,0.76,0.276,-0.258,0.591,0.539,0.279,0.768,0.512,0.499,0.539,0.652,0.186,0.838,0.558,0.736,-0.036,0.703,0.012,0.795,0.642,0.47,0.375,0.544,0.007,0.333,0.639,0.352,0.754,0.592,0.434,-0.342,0.213,0.806,0.874,0.258,-0.092,0.176,0.782,0.933,0.544,0.73,-0.01,-0.151,0.798,0.725,0.454,-0.21,0.78,-0.045,0.819,-0.128,0.762,0.78,0.632,0.351,0.633,0.796,0.741,0.675,0.461,-0.066
AAPL,0.124,1.0,0.665,0.533,0.843,-0.004,0.548,-0.297,-0.312,-0.489,0.751,0.724,0.597,0.75,0.393,0.595,0.111,-0.525,0.846,0.068,-0.19,0.244,0.167,-0.138,0.713,0.013,-0.232,0.199,0.663,0.69,0.51,0.503,0.815,0.117,0.724,0.445,0.841,0.079,0.672,0.657,0.161,0.509,0.668,0.662,0.635,0.851,0.696,0.193,0.74,0.816,0.675,0.79,0.511,0.518,0.779,0.674,0.393,0.344,0.645,0.72,-0.204,0.753,-0.088,0.007,0.338,0.337,0.811,-0.076,0.485,0.583,0.512,0.49,0.912,0.56,0.862,-0.138,0.607,0.667,0.885,0.884,0.459,0.39,-0.113,0.425,0.521,0.721,0.384,0.787,0.447,0.658,-0.497,0.121,0.317,-0.174,0.894,-0.252,-0.088,0.659,0.211,0.842,0.36,-0.087,0.768,0.818,0.232,-0.012,0.819,-0.118,-0.216,-0.007,-0.307,0.562,0.901,0.851,0.687,0.613,0.243,0.675,0.67,0.375,0.813,-0.011,-0.195,0.811,0.772,0.799,0.183,0.053,0.834,0.603,0.48,0.778,0.529,0.265,0.637,0.145,0.776,0.482,0.463,0.132,0.751,0.669,0.608,0.318,0.787,0.109,0.818,0.667,0.68,0.419,0.663,0.186,0.73,0.136,0.831,0.014,0.714,0.112,0.496,0.613,0.891,0.455,0.455,0.669,0.627,0.515,0.344,-0.37,-0.293,0.558,0.701,0.187,0.136,-0.278,0.677,0.891,0.578,0.245,0.506,0.082,-0.7,0.454,0.251,0.008,0.64,0.736,0.345,0.669,0.319,0.724,-0.007,-0.032,0.268,0.22,-0.184,0.359,0.426,-0.104,0.778,0.739
ABUS,0.44,0.665,1.0,0.463,0.691,-0.378,0.504,0.025,0.012,-0.396,0.766,0.654,0.724,0.775,-0.016,0.632,0.198,-0.209,0.722,0.404,0.154,0.469,0.506,-0.307,0.669,0.33,0.01,0.512,0.819,0.722,0.715,0.71,0.373,0.5,0.531,0.111,0.777,0.319,0.618,0.762,0.021,0.473,0.42,0.345,0.704,0.622,0.785,0.516,0.561,0.648,0.26,0.716,0.672,0.549,0.468,0.357,0.426,0.597,0.269,0.497,0.316,0.521,0.125,0.366,0.577,0.618,0.609,0.17,0.707,0.196,0.626,0.763,0.65,0.319,0.646,0.181,0.738,0.637,0.613,0.602,0.591,0.623,0.037,0.755,0.137,0.607,0.668,0.439,0.654,0.496,-0.235,-0.283,0.509,0.078,0.559,0.15,0.227,0.681,0.628,0.752,0.649,0.274,0.757,0.518,0.248,0.295,0.479,0.232,-0.464,-0.135,0.028,0.382,0.656,0.449,0.736,0.696,0.48,0.547,0.55,0.499,0.699,0.39,0.163,0.544,0.611,0.651,0.459,0.252,0.752,0.629,0.34,0.558,0.578,0.515,0.831,0.32,0.402,0.615,0.274,0.379,0.623,0.172,0.761,0.433,0.692,0.263,0.761,0.649,0.732,0.666,0.498,0.62,0.656,0.337,0.612,0.282,0.496,0.387,0.703,0.674,0.7,0.462,0.089,0.571,0.804,0.378,0.493,0.002,0.057,0.294,0.527,0.531,0.481,-0.201,0.49,0.558,0.743,0.518,0.602,0.308,-0.517,-0.053,0.44,0.319,0.708,0.371,0.657,0.285,0.578,0.293,0.338,0.33,0.439,0.19,0.039,0.567,0.656,0.097,0.709,0.357
ADBE,0.293,0.533,0.463,1.0,0.652,0.153,0.449,0.202,0.09,0.044,0.538,0.611,0.47,0.64,0.185,0.564,0.314,-0.054,0.438,0.175,0.09,0.392,0.296,-0.012,0.533,0.319,0.138,0.33,0.443,0.386,0.396,0.379,0.323,0.42,0.44,0.2,0.421,0.403,0.547,0.51,-0.09,0.614,0.27,0.247,0.609,0.661,0.565,0.434,0.406,0.601,0.258,0.521,0.373,0.56,0.422,0.364,0.498,0.455,0.136,0.479,0.175,0.388,0.307,0.345,0.43,0.337,0.624,0.276,0.445,0.316,0.516,0.364,0.508,-0.015,0.581,0.228,0.521,0.474,0.625,0.605,0.556,0.433,0.337,0.419,0.437,0.406,0.406,0.297,0.522,0.442,-0.057,-0.014,0.392,0.095,0.471,0.157,0.278,0.45,0.412,0.586,0.342,0.245,0.594,0.471,0.404,0.428,0.41,0.222,0.11,0.327,0.164,0.22,0.505,0.432,0.338,0.594,0.315,0.488,0.6,0.48,0.424,0.065,0.219,0.339,0.514,0.415,0.415,0.341,0.577,0.314,0.558,0.555,0.475,0.413,0.513,0.242,0.287,0.493,0.402,0.193,0.437,0.316,0.414,0.281,0.34,0.387,0.521,0.456,0.507,0.345,0.223,0.286,0.42,0.371,0.355,0.343,0.194,0.321,0.345,0.493,0.503,0.672,0.305,0.417,0.552,0.28,0.466,0.065,0.096,0.014,0.359,0.246,0.403,0.121,0.134,0.603,0.519,0.346,0.535,0.305,-0.183,0.445,0.311,0.278,0.512,0.279,0.452,0.369,0.389,0.214,0.355,0.199,0.423,0.273,0.237,0.464,0.362,0.312,0.539,0.358
ADI,0.49,0.843,0.691,0.652,1.0,-0.007,0.724,-0.055,0.018,-0.399,0.865,0.872,0.75,0.89,0.17,0.819,0.314,-0.26,0.725,0.33,0.169,0.53,0.536,-0.055,0.851,0.344,0.131,0.372,0.761,0.67,0.69,0.707,0.658,0.457,0.769,0.229,0.754,0.412,0.765,0.818,-0.03,0.759,0.463,0.551,0.852,0.876,0.844,0.514,0.737,0.816,0.54,0.855,0.644,0.729,0.609,0.638,0.669,0.636,0.384,0.784,0.032,0.662,0.232,0.368,0.586,0.445,0.923,0.299,0.753,0.431,0.723,0.518,0.81,0.25,0.878,0.261,0.724,0.736,0.89,0.875,0.677,0.644,0.252,0.63,0.47,0.773,0.669,0.538,0.739,0.704,-0.179,-0.037,0.616,0.159,0.791,0.123,0.287,0.802,0.566,0.896,0.662,0.262,0.91,0.691,0.437,0.352,0.671,0.192,-0.307,0.137,0.029,0.334,0.846,0.661,0.704,0.838,0.539,0.751,0.841,0.659,0.729,0.119,0.123,0.627,0.845,0.782,0.498,0.351,0.922,0.623,0.649,0.846,0.655,0.498,0.735,0.346,0.626,0.717,0.486,0.413,0.738,0.441,0.729,0.43,0.709,0.471,0.912,0.713,0.788,0.626,0.595,0.505,0.854,0.471,0.673,0.362,0.563,0.463,0.688,0.702,0.886,0.656,0.411,0.666,0.758,0.51,0.638,-0.062,-0.009,0.231,0.677,0.46,0.501,-0.016,0.496,0.841,0.843,0.569,0.665,0.348,-0.547,0.366,0.545,0.359,0.744,0.596,0.611,0.613,0.648,0.507,0.329,0.331,0.523,0.282,0.175,0.624,0.661,0.215,0.864,0.68
ADMA,-0.204,-0.004,-0.378,0.153,-0.007,1.0,0.06,0.017,0.053,0.395,-0.23,-0.017,-0.26,-0.126,0.435,0.044,0.086,0.136,-0.202,-0.418,-0.235,0.017,-0.127,0.465,-0.109,-0.107,0.062,-0.087,-0.338,-0.315,-0.314,-0.311,0.138,-0.098,0.01,0.385,-0.209,-0.078,0.032,-0.182,0.123,0.105,-0.091,0.055,-0.089,0.089,-0.15,-0.063,-0.171,0.041,0.22,-0.049,-0.095,0.133,0.134,0.309,0.047,-0.141,0.033,0.097,-0.17,-0.121,0.167,-0.098,-0.234,-0.191,0.068,0.099,-0.221,0.403,-0.073,-0.341,-0.003,-0.233,0.008,-0.138,-0.074,0.015,0.127,0.132,-0.077,-0.21,0.196,-0.448,0.446,-0.212,-0.246,0.106,-0.172,0.125,0.058,0.538,-0.176,-0.212,-0.005,-0.101,-0.087,-0.227,-0.155,-0.134,-0.319,-0.076,-0.132,0.18,0.14,0.019,0.06,-0.183,0.633,0.331,0.091,0.003,-0.009,0.221,-0.38,-0.062,-0.364,-0.143,0.132,-0.044,-0.175,-0.357,-0.047,-0.139,0.015,-0.118,-0.12,0.002,-0.06,-0.134,0.377,-0.017,0.027,-0.028,-0.316,0.026,-0.02,-0.137,0.066,-0.339,-0.164,0.254,-0.27,-0.097,-0.242,-0.002,-0.137,-0.27,-0.139,-0.383,-0.142,-0.389,-0.172,-0.043,-0.041,-0.083,-0.2,-0.12,-0.298,-0.125,-0.122,0.134,0.165,-0.128,-0.223,-0.021,-0.015,-0.117,0.079,-0.197,-0.102,-0.336,-0.139,0.442,-0.25,0.175,-0.228,-0.222,-0.101,0.051,0.179,0.515,-0.12,-0.091,-0.073,-0.006,-0.231,0.184,-0.252,0.118,-0.118,-0.304,0.022,0.081,0.066,-0.097,-0.377,0.134,-0.066,0.181
AEP,0.561,0.548,0.504,0.449,0.724,0.06,1.0,0.198,0.096,-0.086,0.598,0.669,0.684,0.716,0.205,0.666,0.523,0.034,0.418,0.26,0.196,0.671,0.65,0.011,0.715,0.451,0.251,0.5,0.492,0.263,0.537,0.558,0.458,0.588,0.57,0.216,0.378,0.511,0.617,0.786,0.148,0.778,0.179,0.237,0.816,0.689,0.832,0.679,0.426,0.53,0.163,0.69,0.788,0.598,0.241,0.402,0.656,0.613,0.079,0.779,0.154,0.435,0.549,0.38,0.635,0.563,0.767,0.504,0.747,0.236,0.763,0.379,0.528,0.055,0.683,0.26,0.501,0.663,0.643,0.627,0.676,0.576,0.452,0.515,0.489,0.552,0.645,0.166,0.683,0.444,-0.022,-0.062,0.576,0.23,0.642,0.381,0.44,0.598,0.606,0.701,0.609,0.399,0.727,0.402,0.726,0.424,0.275,0.335,-0.307,0.327,0.243,0.075,0.541,0.373,0.441,0.726,0.516,0.408,0.862,0.699,0.314,0.261,0.286,0.254,0.733,0.445,0.594,0.595,0.699,0.303,0.591,0.597,0.431,0.743,0.446,0.634,0.281,0.703,0.575,0.322,0.467,0.408,0.592,0.529,0.412,0.464,0.709,0.544,0.72,0.403,0.359,0.516,0.568,0.616,0.375,0.373,0.271,0.547,0.581,0.39,0.635,0.729,0.411,0.467,0.555,0.44,0.733,0.105,0.119,0.05,0.424,0.484,0.564,0.295,0.093,0.613,0.725,0.651,0.655,0.506,-0.249,0.364,0.666,0.477,0.497,0.236,0.645,0.262,0.647,0.331,0.397,0.382,0.824,0.404,0.35,0.65,0.509,0.466,0.625,0.384
AGNC,0.511,-0.297,0.025,0.202,-0.055,0.017,0.198,1.0,0.614,0.707,0.017,-0.03,0.329,0.086,-0.126,0.138,0.319,0.642,-0.289,0.326,0.62,0.522,0.436,0.078,-0.028,0.72,0.589,0.664,-0.047,-0.283,0.024,0.123,-0.494,0.592,-0.29,-0.204,-0.252,0.76,0.087,0.22,0.044,0.267,-0.597,-0.704,0.317,-0.1,0.232,0.531,-0.381,-0.3,-0.695,-0.086,0.309,0.149,-0.33,-0.369,0.359,0.454,-0.68,0.008,0.702,-0.16,0.768,0.644,0.395,0.546,-0.059,0.704,0.207,-0.404,0.375,0.308,-0.382,-0.615,-0.182,0.455,0.092,0.12,-0.229,-0.271,0.49,0.398,0.769,0.274,-0.049,-0.162,0.269,-0.619,0.436,-0.148,0.62,-0.201,0.379,0.514,-0.2,0.797,0.667,-0.051,0.446,-0.036,0.201,0.718,0.06,-0.354,0.634,0.73,-0.438,0.624,0.061,0.412,0.804,-0.294,-0.364,-0.514,-0.191,0.25,0.397,-0.196,0.115,0.407,-0.271,0.504,0.793,-0.502,-0.056,-0.333,0.648,0.658,-0.095,-0.377,-0.005,-0.282,0.114,0.589,0.032,0.556,-0.622,0.407,0.298,0.386,-0.323,-0.289,0.085,0.505,-0.3,0.576,-0.075,-0.021,0.134,0.081,-0.422,0.423,-0.177,0.649,-0.511,0.465,-0.531,0.59,0.063,0.05,-0.142,0.48,-0.235,-0.25,0.224,0.135,0.512,0.637,0.524,-0.59,-0.36,0.575,0.613,0.56,-0.648,-0.292,0.262,0.466,0.24,0.587,0.569,-0.054,0.36,0.607,0.02,-0.62,0.532,-0.599,0.407,-0.453,0.708,0.52,0.573,0.331,0.736,0.43,0.285,0.827,-0.103,-0.598
AKBA,0.58,-0.312,0.012,0.09,0.018,0.053,0.096,0.614,1.0,0.369,0.055,-0.025,0.271,0.093,-0.44,0.395,0.376,0.784,-0.234,0.612,0.773,0.476,0.574,0.179,0.133,0.772,0.766,0.418,0.065,-0.029,0.191,0.264,-0.459,0.573,-0.062,-0.475,-0.191,0.708,0.275,0.185,-0.183,0.331,-0.435,-0.575,0.318,-0.119,0.14,0.562,-0.075,-0.159,-0.535,-0.036,0.238,0.342,-0.441,-0.234,0.487,0.591,-0.746,0.144,0.46,-0.391,0.597,0.741,0.44,0.267,-0.071,0.754,0.253,-0.221,0.341,0.03,-0.338,-0.645,-0.108,0.665,0.307,0.178,-0.165,-0.183,0.483,0.526,0.7,0.268,-0.32,-0.141,0.33,-0.482,0.529,0.092,0.846,-0.21,0.565,0.685,-0.324,0.663,0.743,0.044,0.54,0.021,0.24,0.793,0.115,-0.162,0.447,0.821,-0.374,0.759,-0.082,0.181,0.797,-0.445,-0.308,-0.493,-0.059,0.372,0.48,0.086,0.115,0.478,-0.069,0.473,0.781,-0.444,0.049,-0.276,0.699,0.627,-0.029,-0.134,0.19,-0.212,0.424,0.461,0.057,0.432,-0.546,0.491,-0.143,0.608,-0.263,-0.539,0.196,0.278,-0.282,0.799,-0.011,-0.002,0.215,0.171,-0.179,0.36,0.044,0.62,-0.493,0.614,-0.471,0.69,0.264,0.291,-0.032,0.345,-0.297,-0.041,0.312,-0.069,0.566,0.748,0.745,-0.642,-0.217,0.562,0.707,0.494,-0.477,-0.272,0.345,0.453,0.353,0.614,0.391,-0.335,0.524,0.741,0.277,-0.619,0.555,-0.303,0.486,-0.523,0.794,0.649,0.374,-0.007,0.762,0.597,0.418,0.695,-0.054,-0.429
ALT,0.005,-0.489,-0.396,0.044,-0.399,0.395,-0.086,0.707,0.369,1.0,-0.426,-0.356,-0.19,-0.307,0.087,-0.209,0.217,0.656,-0.504,-0.11,0.184,0.12,-0.018,0.226,-0.394,0.308,0.274,0.31,-0.513,-0.55,-0.434,-0.351,-0.544,0.18,-0.571,0.02,-0.559,0.336,-0.227,-0.242,0.057,-0.044,-0.637,-0.588,-0.09,-0.262,-0.206,0.154,-0.609,-0.452,-0.588,-0.447,-0.062,-0.114,-0.374,-0.412,0.027,0.01,-0.568,-0.238,0.374,-0.381,0.565,0.265,-0.02,0.136,-0.358,0.347,-0.259,-0.233,-0.007,-0.092,-0.489,-0.607,-0.399,0.158,-0.208,-0.201,-0.421,-0.442,0.061,-0.094,0.479,-0.266,0.102,-0.435,-0.259,-0.621,-0.08,-0.268,0.518,0.09,-0.162,0.114,-0.429,0.441,0.31,-0.446,-0.024,-0.397,-0.311,0.377,-0.333,-0.383,0.392,0.332,-0.493,0.187,0.556,0.416,0.491,-0.407,-0.543,-0.449,-0.621,-0.14,-0.053,-0.381,-0.166,-0.03,-0.567,0.067,0.468,-0.588,-0.364,-0.657,0.221,0.336,-0.435,-0.608,-0.072,-0.521,-0.132,0.247,-0.369,0.232,-0.625,-0.099,0.095,-0.156,-0.536,-0.206,-0.405,0.171,-0.68,0.174,-0.477,-0.471,-0.213,-0.384,-0.516,-0.119,-0.579,0.245,-0.607,0.081,-0.676,0.146,-0.301,-0.262,-0.467,0.232,-0.205,-0.434,-0.248,-0.083,0.069,0.266,0.416,-0.56,-0.625,0.022,0.114,0.618,-0.761,-0.427,-0.244,-0.082,-0.108,0.336,0.764,0.053,-0.154,0.199,-0.273,-0.584,0.061,-0.566,-0.11,-0.494,0.255,0.061,0.257,0.157,0.479,-0.035,-0.267,0.585,-0.458,-0.547
AMAT,0.563,0.751,0.766,0.538,0.865,-0.23,0.598,0.017,0.055,-0.426,1.0,0.854,0.804,0.883,-0.012,0.796,0.245,-0.257,0.816,0.386,0.215,0.543,0.496,-0.242,0.745,0.375,0.076,0.458,0.86,0.755,0.737,0.77,0.499,0.462,0.759,0.03,0.81,0.436,0.738,0.793,-0.067,0.65,0.491,0.385,0.81,0.727,0.796,0.497,0.752,0.698,0.368,0.864,0.615,0.673,0.617,0.489,0.611,0.678,0.282,0.665,0.196,0.635,0.124,0.377,0.648,0.543,0.769,0.254,0.733,0.296,0.608,0.653,0.716,0.173,0.752,0.217,0.787,0.694,0.77,0.743,0.704,0.771,0.201,0.796,0.223,0.758,0.717,0.446,0.813,0.699,-0.216,-0.213,0.685,0.182,0.703,0.159,0.287,0.948,0.643,0.863,0.687,0.28,0.957,0.615,0.309,0.378,0.615,0.226,-0.455,-0.006,0.097,0.397,0.771,0.52,0.732,0.806,0.697,0.725,0.662,0.631,0.768,0.342,0.163,0.639,0.744,0.85,0.521,0.315,0.928,0.622,0.495,0.767,0.651,0.491,0.772,0.325,0.506,0.734,0.434,0.473,0.773,0.277,0.791,0.472,0.777,0.461,0.932,0.762,0.78,0.803,0.559,0.575,0.795,0.475,0.625,0.421,0.692,0.462,0.675,0.747,0.87,0.519,0.269,0.681,0.834,0.491,0.611,0.026,-0.008,0.17,0.638,0.568,0.523,-0.176,0.547,0.717,0.884,0.621,0.61,0.356,-0.521,0.108,0.574,0.372,0.755,0.405,0.661,0.471,0.666,0.409,0.426,0.453,0.406,0.238,0.104,0.62,0.676,0.202,0.92,0.453
AMD,0.528,0.724,0.654,0.611,0.872,-0.017,0.669,-0.03,-0.025,-0.356,0.854,1.0,0.639,0.833,0.145,0.789,0.404,-0.24,0.664,0.21,0.083,0.52,0.491,-0.176,0.738,0.223,0.072,0.336,0.722,0.579,0.639,0.631,0.581,0.48,0.74,0.186,0.691,0.345,0.7,0.773,-0.133,0.657,0.399,0.496,0.754,0.769,0.743,0.499,0.693,0.719,0.503,0.872,0.58,0.702,0.56,0.518,0.588,0.551,0.324,0.694,0.088,0.583,0.178,0.235,0.557,0.422,0.857,0.272,0.7,0.321,0.616,0.457,0.683,0.186,0.731,0.211,0.665,0.599,0.816,0.806,0.613,0.609,0.232,0.6,0.419,0.751,0.67,0.44,0.682,0.613,-0.192,-0.166,0.59,0.081,0.677,0.076,0.205,0.85,0.588,0.791,0.663,0.182,0.863,0.6,0.335,0.275,0.597,0.109,-0.379,0.015,0.069,0.388,0.828,0.591,0.617,0.74,0.556,0.645,0.807,0.584,0.567,0.055,0.017,0.536,0.72,0.825,0.389,0.304,0.883,0.588,0.577,0.835,0.535,0.441,0.665,0.371,0.516,0.613,0.429,0.309,0.725,0.309,0.713,0.351,0.657,0.398,0.905,0.75,0.696,0.694,0.533,0.481,0.794,0.37,0.581,0.273,0.618,0.384,0.649,0.567,0.752,0.601,0.375,0.647,0.656,0.571,0.558,-0.076,0.004,0.176,0.633,0.355,0.467,-0.07,0.515,0.792,0.779,0.568,0.563,0.305,-0.495,0.292,0.506,0.228,0.618,0.48,0.507,0.564,0.586,0.421,0.268,0.283,0.454,0.38,0.087,0.56,0.545,0.195,0.887,0.579
AMGN,0.708,0.597,0.724,0.47,0.75,-0.26,0.684,0.329,0.271,-0.19,0.804,0.639,1.0,0.774,-0.041,0.728,0.33,0.013,0.565,0.573,0.431,0.715,0.679,-0.061,0.726,0.634,0.308,0.649,0.688,0.529,0.711,0.725,0.315,0.635,0.567,-0.034,0.605,0.726,0.694,0.88,0.147,0.738,0.235,0.081,0.864,0.621,0.879,0.682,0.524,0.49,0.026,0.715,0.772,0.541,0.352,0.338,0.708,0.809,0.007,0.712,0.356,0.511,0.432,0.637,0.772,0.712,0.705,0.547,0.769,0.121,0.805,0.656,0.526,0.041,0.637,0.302,0.672,0.773,0.587,0.554,0.807,0.789,0.522,0.776,0.199,0.579,0.738,0.205,0.867,0.518,0.074,-0.151,0.777,0.405,0.666,0.494,0.578,0.696,0.689,0.812,0.694,0.578,0.826,0.426,0.666,0.603,0.347,0.495,-0.437,0.222,0.329,0.179,0.529,0.247,0.597,0.817,0.71,0.543,0.693,0.766,0.607,0.494,0.46,0.362,0.713,0.534,0.753,0.601,0.738,0.402,0.412,0.566,0.586,0.719,0.729,0.561,0.218,0.841,0.54,0.616,0.55,0.265,0.702,0.644,0.536,0.606,0.78,0.716,0.774,0.61,0.335,0.707,0.676,0.751,0.366,0.561,0.303,0.704,0.693,0.701,0.771,0.651,0.199,0.52,0.842,0.508,0.776,0.298,0.125,0.044,0.456,0.814,0.732,0.075,0.184,0.501,0.887,0.786,0.7,0.591,-0.278,0.138,0.698,0.628,0.648,0.164,0.845,0.148,0.799,0.272,0.632,0.554,0.659,0.392,0.377,0.781,0.716,0.499,0.704,0.193
AMZN,0.573,0.75,0.775,0.64,0.89,-0.126,0.716,0.086,0.093,-0.307,0.883,0.833,0.774,1.0,0.053,0.827,0.436,-0.175,0.752,0.377,0.249,0.556,0.584,-0.2,0.842,0.443,0.134,0.49,0.838,0.688,0.782,0.757,0.578,0.525,0.745,0.144,0.746,0.467,0.752,0.811,-0.093,0.729,0.447,0.398,0.867,0.845,0.86,0.593,0.681,0.794,0.378,0.871,0.729,0.784,0.567,0.503,0.71,0.737,0.264,0.716,0.203,0.672,0.256,0.417,0.72,0.55,0.845,0.345,0.834,0.358,0.728,0.681,0.718,0.161,0.827,0.319,0.791,0.735,0.858,0.825,0.778,0.746,0.267,0.764,0.341,0.752,0.783,0.429,0.801,0.644,-0.165,-0.214,0.686,0.173,0.682,0.217,0.391,0.812,0.715,0.887,0.739,0.335,0.909,0.589,0.415,0.456,0.57,0.299,-0.383,0.037,0.139,0.333,0.77,0.572,0.717,0.857,0.605,0.702,0.784,0.692,0.687,0.304,0.253,0.575,0.758,0.72,0.592,0.448,0.909,0.545,0.574,0.714,0.679,0.587,0.767,0.421,0.464,0.783,0.461,0.408,0.728,0.262,0.831,0.45,0.731,0.504,0.869,0.702,0.844,0.705,0.543,0.627,0.791,0.505,0.644,0.443,0.573,0.503,0.719,0.749,0.83,0.674,0.23,0.649,0.853,0.49,0.659,0.0,0.093,0.14,0.668,0.528,0.565,-0.012,0.429,0.788,0.85,0.68,0.737,0.475,-0.464,0.2,0.591,0.425,0.803,0.411,0.734,0.465,0.653,0.317,0.442,0.433,0.573,0.305,0.261,0.703,0.738,0.272,0.839,0.507
APA,-0.275,0.393,-0.016,0.185,0.17,0.435,0.205,-0.126,-0.44,0.087,-0.012,0.145,-0.041,0.053,1.0,-0.094,0.018,-0.307,0.068,-0.549,-0.508,-0.13,-0.294,-0.024,-0.077,-0.327,-0.416,0.177,-0.159,-0.122,-0.208,-0.169,0.449,-0.193,-0.02,0.894,0.176,-0.264,-0.096,0.073,0.549,-0.012,0.048,0.239,0.008,0.261,0.069,-0.218,-0.035,0.156,0.473,0.091,0.058,-0.101,0.327,0.15,-0.195,-0.298,0.42,0.116,-0.164,0.378,0.028,-0.389,-0.281,0.264,0.276,-0.147,-0.12,0.215,-0.038,0.126,0.268,0.39,0.174,-0.438,-0.087,0.014,0.302,0.31,-0.138,-0.225,-0.056,-0.255,0.793,-0.012,-0.19,0.424,-0.212,-0.046,-0.354,0.352,-0.277,-0.442,0.406,-0.223,-0.356,-0.099,-0.329,0.082,-0.242,-0.297,0.039,0.177,0.195,-0.311,0.442,-0.423,0.371,0.304,-0.309,0.361,0.279,0.572,-0.038,-0.077,-0.421,-0.142,0.186,-0.198,-0.036,-0.288,-0.367,0.148,0.047,0.165,-0.283,-0.167,0.114,-0.137,-0.026,0.178,-0.271,0.1,-0.002,0.188,0.257,-0.229,0.536,-0.407,0.061,0.737,-0.157,0.241,0.048,-0.359,0.097,-0.0,-0.077,-0.326,-0.004,-0.268,-0.015,-0.222,0.282,-0.445,0.107,-0.33,-0.236,-0.263,0.124,0.197,0.138,-0.087,-0.163,0.419,-0.135,-0.463,-0.382,0.405,-0.056,-0.179,-0.29,0.109,0.069,0.368,-0.102,-0.176,-0.099,-0.295,-0.091,0.662,-0.351,-0.343,-0.194,0.45,-0.263,0.172,-0.274,0.484,-0.335,-0.45,0.156,0.358,-0.198,-0.261,-0.267,-0.06,0.037,0.28
APPS,0.681,0.595,0.632,0.564,0.819,0.044,0.666,0.138,0.395,-0.209,0.796,0.789,0.728,0.827,-0.094,1.0,0.496,0.12,0.615,0.472,0.361,0.642,0.667,-0.038,0.792,0.58,0.343,0.449,0.699,0.614,0.725,0.746,0.352,0.651,0.717,-0.05,0.584,0.59,0.811,0.77,-0.181,0.8,0.318,0.267,0.856,0.743,0.786,0.727,0.675,0.642,0.254,0.812,0.661,0.818,0.37,0.447,0.791,0.808,0.014,0.783,0.137,0.353,0.385,0.552,0.773,0.455,0.772,0.551,0.726,0.343,0.72,0.433,0.576,-0.098,0.725,0.481,0.82,0.72,0.732,0.71,0.804,0.851,0.458,0.659,0.229,0.634,0.75,0.272,0.863,0.722,0.119,-0.164,0.796,0.381,0.514,0.288,0.505,0.752,0.758,0.793,0.684,0.519,0.858,0.6,0.49,0.595,0.434,0.427,-0.324,0.085,0.339,0.122,0.634,0.395,0.605,0.908,0.694,0.742,0.763,0.761,0.634,0.276,0.38,0.405,0.76,0.605,0.718,0.58,0.833,0.528,0.702,0.63,0.815,0.598,0.643,0.502,0.311,0.837,0.248,0.55,0.604,0.088,0.698,0.437,0.525,0.683,0.788,0.612,0.818,0.695,0.511,0.555,0.779,0.608,0.414,0.542,0.384,0.647,0.747,0.791,0.767,0.691,0.219,0.699,0.815,0.393,0.773,0.192,0.388,-0.1,0.531,0.54,0.689,0.15,0.333,0.652,0.86,0.678,0.737,0.608,-0.367,0.122,0.719,0.567,0.821,0.205,0.765,0.418,0.732,0.176,0.598,0.514,0.57,0.22,0.409,0.786,0.677,0.449,0.781,0.41
ARCC,0.491,0.111,0.198,0.314,0.314,0.086,0.523,0.319,0.376,0.217,0.245,0.404,0.33,0.436,0.018,0.496,1.0,0.441,0.078,0.32,0.292,0.426,0.507,0.091,0.406,0.422,0.364,0.337,0.17,0.11,0.36,0.27,0.192,0.57,0.228,0.009,0.035,0.452,0.324,0.433,-0.115,0.532,-0.114,-0.085,0.486,0.369,0.384,0.64,0.221,0.178,-0.125,0.361,0.449,0.414,-0.056,0.059,0.593,0.527,-0.183,0.4,0.144,0.141,0.555,0.368,0.566,0.309,0.376,0.543,0.388,0.074,0.532,0.101,0.029,-0.147,0.265,0.409,0.25,0.309,0.301,0.306,0.53,0.453,0.507,0.295,0.257,0.225,0.418,-0.141,0.435,0.165,0.328,-0.102,0.433,0.295,0.109,0.372,0.508,0.275,0.513,0.322,0.38,0.435,0.353,0.183,0.555,0.443,0.006,0.375,-0.114,0.284,0.339,-0.229,0.198,0.033,0.203,0.461,0.388,0.203,0.501,0.493,-0.012,0.162,0.385,-0.182,0.281,0.035,0.508,0.521,0.313,-0.034,0.267,0.181,0.33,0.504,0.229,0.51,-0.158,0.408,0.227,0.165,0.231,-0.025,0.26,0.347,0.047,0.467,0.318,0.244,0.42,0.239,0.094,0.335,0.23,0.48,-0.003,0.374,0.027,0.5,0.334,0.242,0.222,0.648,0.016,0.304,0.315,0.219,0.499,0.181,0.452,-0.142,0.122,0.224,0.444,0.437,-0.088,0.272,0.389,0.509,0.464,0.524,0.082,0.165,0.408,0.387,0.296,-0.141,0.446,-0.039,0.372,-0.098,0.393,0.39,0.621,0.298,0.479,0.496,0.303,0.486,0.255,0.029
ARDX,0.337,-0.525,-0.209,-0.054,-0.26,0.136,0.034,0.642,0.784,0.656,-0.257,-0.24,0.013,-0.175,-0.307,0.12,0.441,1.0,-0.46,0.405,0.576,0.336,0.349,0.218,-0.139,0.563,0.616,0.364,-0.261,-0.267,-0.0,-0.013,-0.597,0.502,-0.385,-0.366,-0.5,0.509,-0.015,-0.015,-0.131,0.139,-0.613,-0.677,0.095,-0.258,-0.064,0.522,-0.264,-0.445,-0.716,-0.285,0.075,0.031,-0.588,-0.439,0.269,0.349,-0.758,-0.066,0.366,-0.508,0.61,0.534,0.262,0.188,-0.279,0.601,0.002,-0.343,0.179,-0.104,-0.551,-0.691,-0.33,0.481,-0.005,-0.062,-0.414,-0.417,0.308,0.26,0.605,0.024,-0.21,-0.351,0.074,-0.708,0.216,-0.169,0.798,-0.15,0.229,0.468,-0.5,0.601,0.58,-0.204,0.322,-0.261,0.034,0.636,-0.15,-0.336,0.436,0.573,-0.531,0.544,0.084,0.247,0.669,-0.617,-0.542,-0.646,-0.27,0.098,0.257,-0.199,-0.055,0.288,-0.4,0.283,0.655,-0.669,-0.175,-0.57,0.489,0.539,-0.276,-0.362,-0.005,-0.424,0.146,0.391,-0.173,0.383,-0.69,0.196,-0.112,0.259,-0.468,-0.513,-0.13,0.209,-0.559,0.519,-0.285,-0.279,-0.005,-0.05,-0.341,0.192,-0.305,0.451,-0.669,0.402,-0.624,0.464,-0.011,-0.033,-0.331,0.28,-0.282,-0.186,0.025,-0.133,0.357,0.539,0.795,-0.678,-0.484,0.265,0.433,0.594,-0.581,-0.49,0.042,0.245,0.09,0.51,0.588,-0.246,0.237,0.514,-0.058,-0.718,0.331,-0.566,0.227,-0.616,0.605,0.441,0.358,0.06,0.63,0.261,0.107,0.664,-0.336,-0.583
ATER,0.176,0.846,0.722,0.438,0.725,-0.202,0.418,-0.289,-0.234,-0.504,0.816,0.664,0.565,0.752,0.068,0.615,0.078,-0.46,1.0,0.168,-0.147,0.21,0.146,-0.233,0.66,0.069,-0.227,0.158,0.796,0.837,0.587,0.598,0.614,0.156,0.774,0.171,0.869,0.104,0.706,0.53,-0.063,0.423,0.748,0.598,0.59,0.753,0.643,0.234,0.825,0.793,0.534,0.802,0.473,0.565,0.771,0.59,0.378,0.441,0.526,0.617,-0.092,0.646,-0.189,0.075,0.455,0.289,0.67,-0.171,0.501,0.539,0.431,0.553,0.84,0.406,0.798,-0.048,0.719,0.621,0.785,0.762,0.515,0.507,-0.206,0.605,0.194,0.771,0.47,0.7,0.512,0.745,-0.49,-0.033,0.377,-0.123,0.723,-0.229,-0.068,0.759,0.34,0.83,0.45,-0.051,0.793,0.782,0.045,0.032,0.705,-0.037,-0.31,-0.196,-0.246,0.527,0.801,0.697,0.731,0.631,0.404,0.78,0.536,0.371,0.861,0.184,-0.121,0.824,0.708,0.817,0.237,0.018,0.838,0.695,0.417,0.734,0.657,0.233,0.669,0.073,0.703,0.506,0.244,0.169,0.863,0.384,0.688,0.269,0.815,0.138,0.798,0.68,0.727,0.649,0.695,0.28,0.69,0.135,0.818,0.126,0.793,0.123,0.566,0.756,0.859,0.3,0.308,0.773,0.733,0.341,0.32,-0.254,-0.2,0.403,0.732,0.201,0.194,-0.363,0.7,0.782,0.595,0.267,0.54,0.18,-0.673,0.132,0.337,0.047,0.768,0.576,0.436,0.628,0.346,0.572,0.123,0.118,0.136,0.065,-0.184,0.368,0.462,-0.168,0.79,0.619
ATOS,0.613,0.068,0.404,0.175,0.33,-0.418,0.26,0.326,0.612,-0.11,0.386,0.21,0.573,0.377,-0.549,0.472,0.32,0.405,0.168,1.0,0.702,0.512,0.657,-0.014,0.459,0.639,0.561,0.405,0.396,0.433,0.608,0.58,-0.121,0.575,0.227,-0.5,0.167,0.635,0.461,0.509,-0.308,0.464,-0.02,-0.164,0.511,0.143,0.426,0.598,0.345,0.132,-0.326,0.256,0.37,0.317,-0.117,0.005,0.568,0.674,-0.326,0.333,0.343,0.061,0.343,0.687,0.676,0.341,0.202,0.508,0.563,-0.181,0.531,0.293,0.046,-0.183,0.235,0.532,0.392,0.37,0.098,0.086,0.636,0.663,0.418,0.574,-0.316,0.233,0.521,-0.196,0.643,0.288,0.482,-0.345,0.638,0.634,0.108,0.482,0.668,0.396,0.57,0.353,0.542,0.652,0.429,0.114,0.362,0.602,-0.068,0.677,-0.522,-0.019,0.443,-0.202,0.074,-0.295,0.438,0.519,0.657,0.394,0.281,0.67,0.323,0.477,0.54,-0.08,0.395,0.091,0.651,0.479,0.281,0.221,0.186,0.2,0.542,0.453,0.466,0.341,-0.076,0.632,0.025,0.771,0.208,-0.366,0.448,0.343,0.173,0.634,0.336,0.417,0.479,0.52,0.128,0.619,0.427,0.616,-0.089,0.691,-0.014,0.635,0.594,0.513,0.316,0.39,0.032,0.3,0.625,0.075,0.579,0.506,0.492,-0.195,0.175,0.63,0.668,0.009,-0.015,0.002,0.591,0.595,0.447,0.556,-0.021,-0.277,0.608,0.64,0.452,-0.176,0.662,-0.105,0.706,-0.222,0.661,0.708,0.305,0.033,0.505,0.672,0.641,0.391,0.243,-0.096
AUPH,0.709,-0.19,0.154,0.09,0.169,-0.235,0.196,0.62,0.773,0.184,0.215,0.083,0.431,0.249,-0.508,0.361,0.292,0.576,-0.147,0.702,1.0,0.569,0.707,0.099,0.36,0.791,0.795,0.493,0.267,0.012,0.367,0.502,-0.314,0.606,-0.027,-0.497,-0.081,0.726,0.253,0.36,-0.225,0.37,-0.395,-0.458,0.414,-0.059,0.284,0.564,-0.053,-0.117,-0.532,0.044,0.373,0.287,-0.373,-0.198,0.563,0.62,-0.571,0.114,0.517,-0.092,0.521,0.783,0.474,0.365,0.004,0.719,0.454,-0.342,0.477,0.243,-0.218,-0.504,-0.022,0.746,0.318,0.224,-0.1,-0.104,0.539,0.576,0.619,0.472,-0.334,0.066,0.518,-0.532,0.582,0.069,0.713,-0.361,0.635,0.793,-0.203,0.758,0.84,0.214,0.627,0.11,0.525,0.746,0.241,-0.239,0.444,0.803,-0.251,0.832,-0.366,0.121,0.7,-0.408,-0.193,-0.478,0.195,0.421,0.62,0.118,0.158,0.591,0.018,0.521,0.781,-0.343,0.128,-0.142,0.718,0.639,0.107,-0.021,0.141,-0.092,0.359,0.48,0.254,0.394,-0.384,0.587,-0.006,0.762,-0.121,-0.514,0.389,0.374,-0.061,0.828,0.137,0.114,0.308,0.339,-0.017,0.649,0.165,0.658,-0.37,0.706,-0.293,0.765,0.34,0.315,0.086,0.351,-0.181,-0.013,0.406,0.098,0.615,0.681,0.594,-0.555,-0.08,0.698,0.722,0.348,-0.276,-0.245,0.49,0.625,0.334,0.614,0.252,-0.351,0.607,0.772,0.268,-0.477,0.646,-0.357,0.627,-0.39,0.76,0.841,0.449,0.084,0.715,0.607,0.717,0.682,0.075,-0.347
AVGO,0.738,0.244,0.469,0.392,0.53,0.017,0.671,0.522,0.476,0.12,0.543,0.52,0.715,0.556,-0.13,0.642,0.426,0.336,0.21,0.512,0.569,1.0,0.775,0.176,0.592,0.707,0.552,0.636,0.437,0.176,0.514,0.548,0.041,0.705,0.366,-0.141,0.284,0.76,0.605,0.738,0.093,0.734,-0.053,-0.052,0.727,0.421,0.721,0.782,0.237,0.314,-0.17,0.502,0.732,0.584,0.061,0.259,0.743,0.79,-0.251,0.555,0.435,0.151,0.656,0.731,0.701,0.576,0.47,0.696,0.677,0.091,0.744,0.397,0.256,-0.334,0.42,0.464,0.578,0.671,0.393,0.375,0.723,0.692,0.683,0.562,0.114,0.356,0.649,-0.143,0.77,0.438,0.331,-0.019,0.692,0.498,0.324,0.667,0.726,0.523,0.762,0.534,0.606,0.692,0.601,0.224,0.708,0.758,-0.01,0.586,-0.263,0.39,0.579,-0.075,0.292,-0.013,0.288,0.703,0.657,0.284,0.612,0.776,0.256,0.46,0.63,0.004,0.521,0.261,0.762,0.677,0.529,0.333,0.522,0.388,0.51,0.747,0.427,0.617,-0.031,0.741,0.381,0.591,0.295,0.017,0.534,0.555,0.194,0.69,0.574,0.428,0.648,0.465,0.14,0.644,0.418,0.801,0.083,0.597,-0.009,0.782,0.587,0.506,0.462,0.656,0.271,0.317,0.624,0.274,0.801,0.511,0.401,-0.343,0.245,0.681,0.772,0.415,-0.125,0.265,0.742,0.7,0.625,0.722,-0.01,0.113,0.782,0.731,0.505,-0.141,0.753,0.019,0.774,0.006,0.679,0.606,0.705,0.263,0.571,0.776,0.569,0.68,0.497,0.076
AZN,0.817,0.167,0.506,0.296,0.536,-0.127,0.65,0.436,0.574,-0.018,0.496,0.491,0.679,0.584,-0.294,0.667,0.507,0.349,0.146,0.657,0.707,0.775,1.0,0.157,0.671,0.8,0.7,0.567,0.534,0.228,0.607,0.684,0.032,0.749,0.345,-0.253,0.194,0.76,0.547,0.734,-0.11,0.678,-0.145,-0.046,0.749,0.349,0.676,0.782,0.228,0.325,-0.168,0.457,0.69,0.581,-0.067,0.252,0.783,0.8,-0.23,0.551,0.432,0.111,0.644,0.815,0.729,0.51,0.438,0.752,0.777,-0.053,0.784,0.371,0.218,-0.282,0.425,0.705,0.506,0.567,0.347,0.34,0.72,0.697,0.619,0.64,0.008,0.36,0.746,-0.188,0.798,0.339,0.451,-0.209,0.718,0.707,0.236,0.721,0.829,0.48,0.84,0.492,0.759,0.758,0.576,0.114,0.625,0.775,-0.057,0.714,-0.42,0.191,0.564,-0.168,0.267,-0.048,0.416,0.718,0.707,0.35,0.611,0.784,0.249,0.513,0.704,-0.029,0.528,0.202,0.819,0.731,0.48,0.311,0.531,0.29,0.502,0.693,0.502,0.539,-0.053,0.78,0.205,0.737,0.267,-0.184,0.571,0.489,0.218,0.768,0.543,0.374,0.674,0.492,0.166,0.776,0.5,0.794,0.066,0.741,-0.028,0.888,0.654,0.49,0.413,0.592,0.12,0.291,0.609,0.153,0.771,0.571,0.464,-0.323,0.26,0.731,0.852,0.349,-0.117,0.224,0.784,0.765,0.62,0.656,-0.065,-0.096,0.789,0.837,0.538,-0.109,0.808,-0.01,0.84,-0.079,0.711,0.76,0.703,0.146,0.682,0.818,0.714,0.661,0.452,0.075
BCRX,-0.074,-0.138,-0.307,-0.012,-0.055,0.465,0.011,0.078,0.179,0.226,-0.242,-0.176,-0.061,-0.2,-0.024,-0.038,0.091,0.218,-0.233,-0.014,0.099,0.176,0.157,1.0,0.062,0.189,0.433,-0.197,-0.174,-0.24,-0.202,-0.184,-0.01,0.034,-0.003,-0.003,-0.309,0.177,0.064,-0.081,0.139,0.173,-0.135,-0.036,-0.036,-0.016,-0.069,0.085,-0.141,-0.003,-0.126,-0.121,-0.011,-0.062,-0.017,0.398,0.291,0.086,0.002,0.132,-0.177,-0.293,0.256,0.324,-0.032,-0.297,-0.058,0.149,-0.178,0.359,0.185,-0.433,-0.056,-0.279,0.049,0.112,-0.118,0.146,-0.008,0.018,0.033,-0.173,0.239,-0.222,0.02,-0.143,-0.207,-0.111,-0.038,0.235,0.24,0.743,-0.089,0.237,-0.045,0.213,0.225,-0.217,-0.02,-0.056,-0.14,0.151,-0.169,0.113,0.23,0.173,-0.284,0.068,0.396,0.356,0.079,-0.328,-0.122,-0.093,-0.226,0.02,-0.046,-0.07,0.047,0.123,-0.06,-0.08,0.281,-0.174,0.132,-0.254,0.13,0.187,-0.163,0.123,0.304,-0.118,0.13,0.011,-0.24,-0.077,-0.033,0.039,-0.092,0.005,-0.055,0.077,-0.274,-0.071,-0.256,0.202,-0.093,-0.245,0.045,-0.264,-0.172,-0.17,-0.186,0.28,-0.088,0.24,-0.262,0.281,-0.179,0.095,-0.023,0.022,0.204,-0.033,-0.092,-0.344,0.046,0.206,0.049,-0.271,0.074,-0.135,0.081,0.422,-0.309,-0.047,-0.107,-0.131,0.108,0.144,0.086,0.33,0.093,0.276,0.009,-0.14,-0.022,-0.023,0.014,0.192,0.093,0.009,0.019,-0.279,0.225,0.048,-0.198,0.218,-0.155,0.079
BGC,0.56,0.713,0.669,0.533,0.851,-0.109,0.715,-0.028,0.133,-0.394,0.745,0.738,0.726,0.842,-0.077,0.792,0.406,-0.139,0.66,0.459,0.36,0.592,0.671,0.062,1.0,0.441,0.319,0.307,0.755,0.603,0.715,0.759,0.579,0.521,0.748,0.046,0.631,0.458,0.798,0.769,-0.113,0.767,0.462,0.456,0.816,0.776,0.806,0.612,0.677,0.759,0.321,0.806,0.707,0.718,0.451,0.629,0.778,0.712,0.263,0.796,0.033,0.529,0.229,0.476,0.645,0.345,0.773,0.325,0.79,0.393,0.791,0.429,0.713,0.172,0.844,0.372,0.71,0.753,0.791,0.784,0.723,0.655,0.242,0.675,0.227,0.713,0.728,0.381,0.722,0.673,-0.081,-0.042,0.65,0.318,0.642,0.215,0.464,0.704,0.662,0.838,0.734,0.297,0.794,0.622,0.43,0.446,0.459,0.405,-0.425,0.036,0.092,0.189,0.713,0.48,0.737,0.833,0.556,0.695,0.802,0.713,0.681,0.241,0.267,0.499,0.808,0.619,0.586,0.446,0.819,0.645,0.658,0.675,0.706,0.491,0.698,0.342,0.494,0.778,0.286,0.517,0.728,0.231,0.774,0.341,0.642,0.57,0.816,0.679,0.848,0.618,0.602,0.587,0.765,0.502,0.591,0.492,0.476,0.572,0.717,0.746,0.814,0.593,0.41,0.717,0.78,0.344,0.645,0.089,0.119,0.125,0.729,0.446,0.563,0.003,0.435,0.705,0.775,0.612,0.733,0.51,-0.501,0.207,0.711,0.493,0.764,0.375,0.683,0.481,0.651,0.391,0.391,0.449,0.526,0.175,0.237,0.75,0.77,0.24,0.74,0.577
BIDU,0.75,0.013,0.33,0.319,0.344,-0.107,0.451,0.72,0.772,0.308,0.375,0.223,0.634,0.443,-0.327,0.58,0.422,0.563,0.069,0.639,0.791,0.707,0.8,0.189,0.441,1.0,0.782,0.646,0.386,0.131,0.404,0.548,-0.251,0.755,0.161,-0.357,0.054,0.921,0.475,0.528,-0.077,0.598,-0.278,-0.393,0.671,0.245,0.56,0.743,0.049,0.123,-0.457,0.255,0.578,0.515,-0.17,0.012,0.747,0.819,-0.517,0.416,0.54,-0.056,0.757,0.923,0.731,0.54,0.238,0.822,0.552,-0.091,0.692,0.378,0.018,-0.524,0.26,0.745,0.488,0.519,0.152,0.119,0.769,0.719,0.761,0.59,-0.122,0.165,0.595,-0.355,0.804,0.294,0.646,-0.177,0.709,0.82,0.05,0.84,0.893,0.294,0.751,0.377,0.534,0.912,0.449,0.022,0.701,0.938,-0.225,0.84,-0.184,0.296,0.771,-0.325,-0.015,-0.252,0.226,0.683,0.725,0.304,0.415,0.733,0.195,0.651,0.944,-0.148,0.386,-0.035,0.956,0.848,0.286,0.062,0.388,0.041,0.542,0.729,0.34,0.555,-0.303,0.788,0.166,0.75,0.065,-0.28,0.413,0.546,0.015,0.869,0.312,0.206,0.582,0.368,-0.011,0.648,0.268,0.862,-0.164,0.762,-0.268,0.922,0.486,0.533,0.307,0.59,-0.11,0.169,0.6,0.049,0.786,0.744,0.589,-0.529,0.033,0.78,0.884,0.51,-0.377,0.021,0.669,0.687,0.615,0.776,0.176,-0.17,0.715,0.922,0.527,-0.404,0.871,-0.269,0.754,-0.28,0.897,0.816,0.676,0.081,0.864,0.774,0.644,0.846,0.248,-0.235
BILI,0.621,-0.232,0.01,0.138,0.131,0.062,0.251,0.589,0.766,0.274,0.076,0.072,0.308,0.134,-0.416,0.343,0.364,0.616,-0.227,0.561,0.795,0.552,0.7,0.433,0.319,0.782,1.0,0.299,0.156,-0.077,0.194,0.352,-0.308,0.659,0.057,-0.405,-0.247,0.717,0.335,0.252,-0.138,0.394,-0.369,-0.411,0.359,-0.031,0.252,0.562,-0.072,-0.038,-0.474,0.055,0.367,0.324,-0.355,0.027,0.581,0.573,-0.537,0.214,0.367,-0.281,0.62,0.778,0.442,0.166,0.042,0.694,0.348,-0.138,0.537,-0.038,-0.224,-0.565,0.029,0.697,0.215,0.275,-0.07,-0.078,0.523,0.452,0.651,0.321,-0.257,-0.013,0.393,-0.461,0.523,0.128,0.714,-0.025,0.553,0.833,-0.214,0.737,0.74,0.089,0.584,0.083,0.396,0.701,0.146,-0.153,0.503,0.779,-0.397,0.787,-0.162,0.213,0.748,-0.436,-0.228,-0.445,0.055,0.398,0.516,0.095,0.251,0.545,-0.061,0.437,0.784,-0.406,0.188,-0.168,0.692,0.652,0.027,0.059,0.311,-0.111,0.385,0.432,0.079,0.369,-0.365,0.538,-0.068,0.712,-0.109,-0.442,0.245,0.219,-0.154,0.794,0.11,0.015,0.287,0.249,-0.059,0.458,0.132,0.66,-0.345,0.67,-0.4,0.792,0.291,0.27,0.032,0.339,-0.068,0.083,0.301,-0.129,0.591,0.783,0.553,-0.599,0.024,0.505,0.733,0.55,-0.409,-0.174,0.382,0.508,0.384,0.58,0.244,-0.194,0.628,0.771,0.24,-0.481,0.537,-0.271,0.558,-0.263,0.702,0.738,0.434,-0.057,0.743,0.609,0.476,0.679,0.03,-0.236
BKR,0.587,0.199,0.512,0.33,0.372,-0.087,0.5,0.664,0.418,0.31,0.458,0.336,0.649,0.49,0.177,0.449,0.337,0.364,0.158,0.405,0.493,0.636,0.567,-0.197,0.307,0.646,0.299,1.0,0.346,0.134,0.396,0.515,-0.094,0.651,0.007,0.107,0.268,0.663,0.334,0.622,0.153,0.461,-0.261,-0.294,0.641,0.279,0.604,0.651,0.009,0.075,-0.278,0.292,0.634,0.334,-0.011,-0.115,0.449,0.636,-0.316,0.313,0.644,0.265,0.643,0.584,0.571,0.936,0.291,0.632,0.57,-0.211,0.563,0.696,0.127,-0.25,0.231,0.315,0.467,0.422,0.199,0.162,0.631,0.631,0.605,0.557,0.284,0.18,0.535,-0.213,0.652,0.151,0.292,-0.269,0.498,0.319,0.236,0.675,0.598,0.372,0.615,0.381,0.465,0.688,0.505,0.032,0.676,0.641,0.108,0.496,-0.185,0.326,0.518,-0.055,0.111,-0.006,0.238,0.573,0.49,0.121,0.406,0.536,0.162,0.511,0.577,-0.058,0.307,0.094,0.676,0.618,0.363,-0.013,0.117,0.145,0.307,0.839,0.475,0.717,-0.207,0.592,0.527,0.422,0.061,0.058,0.419,0.834,0.088,0.498,0.369,0.293,0.485,0.333,0.011,0.642,0.213,0.668,-0.048,0.462,-0.116,0.578,0.399,0.3,0.304,0.647,-0.076,0.062,0.542,0.488,0.674,0.303,0.429,-0.251,-0.089,0.766,0.656,0.368,-0.204,0.142,0.624,0.624,0.373,0.549,0.191,0.03,0.427,0.612,0.337,-0.167,0.724,-0.3,0.616,-0.138,0.672,0.531,0.721,0.477,0.549,0.567,0.537,0.685,0.318,-0.207
BLDP,0.481,0.663,0.819,0.443,0.761,-0.338,0.492,-0.047,0.065,-0.513,0.86,0.722,0.688,0.838,-0.159,0.699,0.17,-0.261,0.796,0.396,0.267,0.437,0.534,-0.174,0.755,0.386,0.156,0.346,1.0,0.759,0.775,0.813,0.449,0.406,0.718,-0.054,0.788,0.347,0.704,0.691,-0.127,0.492,0.505,0.385,0.697,0.643,0.74,0.435,0.692,0.74,0.343,0.771,0.617,0.647,0.546,0.511,0.558,0.653,0.344,0.556,0.192,0.575,0.035,0.395,0.611,0.434,0.637,0.144,0.757,0.329,0.604,0.658,0.675,0.196,0.718,0.326,0.763,0.659,0.689,0.666,0.635,0.636,0.016,0.821,0.038,0.704,0.741,0.434,0.714,0.636,-0.22,-0.228,0.589,0.248,0.571,0.177,0.283,0.817,0.675,0.791,0.744,0.258,0.837,0.527,0.162,0.348,0.539,0.289,-0.516,-0.192,0.03,0.349,0.709,0.475,0.811,0.738,0.611,0.699,0.601,0.563,0.78,0.41,0.207,0.614,0.692,0.752,0.478,0.268,0.818,0.724,0.44,0.655,0.655,0.394,0.783,0.175,0.471,0.696,0.204,0.475,0.74,0.095,0.878,0.341,0.771,0.414,0.847,0.652,0.778,0.772,0.614,0.635,0.755,0.376,0.667,0.448,0.632,0.466,0.682,0.769,0.782,0.35,0.113,0.631,0.816,0.317,0.518,0.093,-0.007,0.146,0.747,0.506,0.51,-0.214,0.567,0.647,0.802,0.56,0.615,0.304,-0.569,-0.111,0.551,0.387,0.801,0.371,0.663,0.435,0.612,0.373,0.423,0.485,0.331,0.111,0.117,0.583,0.755,0.073,0.821,0.439
BLNK,0.263,0.69,0.722,0.386,0.67,-0.315,0.263,-0.283,-0.029,-0.55,0.755,0.579,0.529,0.688,-0.122,0.614,0.11,-0.267,0.837,0.433,0.012,0.176,0.228,-0.24,0.603,0.131,-0.077,0.134,0.759,1.0,0.711,0.656,0.475,0.27,0.689,0.007,0.771,0.114,0.642,0.481,-0.188,0.391,0.692,0.48,0.538,0.622,0.547,0.294,0.835,0.693,0.437,0.737,0.314,0.529,0.645,0.49,0.371,0.464,0.4,0.501,-0.001,0.556,-0.196,0.195,0.444,0.226,0.581,-0.119,0.52,0.354,0.419,0.535,0.666,0.415,0.675,0.113,0.685,0.513,0.654,0.624,0.535,0.583,-0.168,0.689,0.022,0.638,0.524,0.619,0.538,0.635,-0.315,-0.162,0.454,0.029,0.556,-0.183,-0.016,0.701,0.411,0.711,0.516,-0.004,0.714,0.693,-0.051,0.084,0.61,0.024,-0.409,-0.301,-0.184,0.474,0.641,0.498,0.819,0.602,0.421,0.797,0.411,0.398,0.853,0.221,-0.061,0.693,0.615,0.745,0.267,0.041,0.737,0.71,0.359,0.587,0.685,0.138,0.766,-0.002,0.59,0.51,0.135,0.322,0.743,0.143,0.632,0.163,0.781,0.195,0.698,0.621,0.635,0.749,0.62,0.374,0.722,0.12,0.679,0.273,0.69,0.159,0.568,0.744,0.746,0.266,0.203,0.76,0.774,0.21,0.245,-0.158,-0.009,0.407,0.671,0.246,0.252,-0.467,0.687,0.616,0.589,0.331,0.492,0.154,-0.638,-0.046,0.32,0.122,0.73,0.495,0.425,0.531,0.36,0.38,0.217,0.223,0.027,-0.038,-0.131,0.412,0.547,-0.182,0.667,0.483
BYND,0.648,0.51,0.715,0.396,0.69,-0.314,0.537,0.024,0.191,-0.434,0.737,0.639,0.711,0.782,-0.208,0.725,0.36,-0.0,0.587,0.608,0.367,0.514,0.607,-0.202,0.715,0.404,0.194,0.396,0.775,0.711,1.0,0.79,0.401,0.515,0.62,-0.118,0.609,0.382,0.565,0.71,-0.179,0.56,0.346,0.266,0.662,0.545,0.681,0.618,0.689,0.552,0.213,0.721,0.546,0.577,0.391,0.33,0.614,0.668,0.199,0.53,0.269,0.594,0.095,0.425,0.682,0.473,0.631,0.295,0.823,0.169,0.601,0.616,0.469,0.143,0.577,0.364,0.665,0.573,0.583,0.551,0.695,0.748,0.199,0.777,0.033,0.591,0.82,0.26,0.696,0.473,-0.005,-0.353,0.7,0.314,0.466,0.243,0.415,0.728,0.719,0.68,0.825,0.337,0.752,0.401,0.246,0.393,0.446,0.358,-0.562,-0.112,0.157,0.258,0.541,0.263,0.784,0.678,0.579,0.576,0.561,0.738,0.604,0.358,0.243,0.366,0.632,0.592,0.494,0.355,0.772,0.557,0.394,0.585,0.608,0.443,0.804,0.354,0.333,0.695,0.276,0.516,0.598,-0.017,0.765,0.376,0.666,0.422,0.717,0.662,0.653,0.776,0.452,0.757,0.731,0.442,0.46,0.54,0.502,0.459,0.643,0.671,0.65,0.425,0.119,0.549,0.804,0.35,0.533,0.114,0.242,0.104,0.591,0.547,0.564,-0.207,0.449,0.512,0.776,0.753,0.558,0.423,-0.469,-0.042,0.593,0.409,0.655,0.252,0.663,0.317,0.668,0.183,0.521,0.487,0.383,0.268,0.22,0.606,0.747,0.155,0.644,0.31
CAN,0.725,0.503,0.71,0.379,0.707,-0.311,0.558,0.123,0.264,-0.351,0.77,0.631,0.725,0.757,-0.169,0.746,0.27,-0.013,0.598,0.58,0.502,0.548,0.684,-0.184,0.759,0.548,0.352,0.515,0.813,0.656,0.79,1.0,0.273,0.62,0.596,-0.108,0.56,0.503,0.625,0.713,-0.146,0.548,0.323,0.195,0.725,0.506,0.733,0.59,0.575,0.514,0.148,0.707,0.651,0.583,0.306,0.299,0.6,0.705,0.059,0.541,0.354,0.518,0.222,0.548,0.65,0.556,0.574,0.379,0.814,0.057,0.696,0.64,0.484,0.089,0.584,0.546,0.692,0.583,0.544,0.517,0.722,0.814,0.246,0.866,0.032,0.585,0.861,0.168,0.785,0.523,0.021,-0.339,0.746,0.522,0.445,0.401,0.492,0.721,0.762,0.667,0.877,0.446,0.802,0.342,0.339,0.501,0.443,0.5,-0.592,-0.125,0.211,0.185,0.488,0.253,0.814,0.765,0.708,0.651,0.577,0.714,0.61,0.487,0.329,0.32,0.635,0.599,0.623,0.452,0.727,0.552,0.4,0.529,0.647,0.517,0.821,0.403,0.319,0.782,0.243,0.706,0.62,-0.04,0.772,0.517,0.578,0.548,0.732,0.569,0.732,0.81,0.551,0.818,0.768,0.503,0.377,0.599,0.384,0.582,0.721,0.658,0.676,0.47,0.11,0.579,0.808,0.403,0.642,0.241,0.229,0.032,0.537,0.663,0.67,-0.093,0.372,0.49,0.852,0.733,0.548,0.495,-0.328,-0.148,0.672,0.54,0.689,0.207,0.753,0.201,0.75,0.222,0.59,0.706,0.465,0.231,0.327,0.715,0.873,0.326,0.663,0.258
