,AAL,AAPL,ABUS,ADBE,ADI,ADMA,AEP,AGNC,AKBA,ALT,AMAT,AMD,AMGN,AMZN,APA,APPS,ARCC,ARDX,ATER,ATOS,AUPH,AVGO,AZN,BCRX,BGC,BIDU,BILI,BKR,BLDP,BLNK,BYND,CAN,CELH,CG,CGC,CHRD,CLNE,CMCSA,COMM,COST,CPB,CPRT,CRON,CRWD,CSCO,CSGP,CSX,CTSH,CZR,DBX,DDOG,DKNG,DLTR,DOCU,DVAX,DXCM,EA,EBAY,ENPH,ERIC,ESPR,ETSY,EXC,EXEL,EXPE,FANG,FAST,FITB,FLEX,FOLD,FOXA,FSLR,FTNT,FUTU,GEN,GERN,GEVO,GILD,GOOG,GOOGL,GPRO,GT,HBAN,HIVE,HON,HST,HUT,IBRX,INTC,IOVA,IQ,IRWD,JBLU,JD,KDP,KHC,LBTYK,LRCX,LYFT,MAR,MARA,MAT,MCHP,MCRB,MDLZ,META,MGNI,MLCO,MNKD,MNST,MOMO,MRNA,MRVL,MSFT,MSTR,MTCH,MU,MVIS,NDAQ,NFLX,NKTR,NNDM,NTES,NTNX,NVAX,NVDA,NWL,NWSA,NXPI,OCGN,OKTA,ON,OPK,PAA,PACB,PAGP,PANW,PARA,PCAR,PDD,PENN,PEP,PLUG,PTEN,PTON,PYPL,QCOM,QUBT,QVCGA,RDFN,REAL,RIOT,ROKU,ROST,RUN,SABR,SAVA,SBUX,SFIX,SGMO,SIRI,SLM,SMCI,SNDL,SONO,STNE,STX,TCOM,TGTX,TIGR,TLRY,TMUS,TRIP,TSCO,TSLA,TTD,TXN,UAL,UNIT,VERU,VKTX,VLY,VOD,VTRS,VXRT,WBA,WBD,WDAY,WDC,WEN,WW,WYNN,XEL,XP,XRAY,XRX,Z,ZION,ZM,ZS
AAL,1.0,0.614,-0.617,0.402,0.586,-0.675,0.331,0.096,0.036,-0.65,0.464,0.041,-0.322,0.443,0.612,0.636,0.69,-0.483,0.601,0.752,0.592,0.561,-0.751,0.115,0.15,0.224,0.074,0.732,0.121,0.456,0.621,0.659,0.382,0.61,-0.333,0.6,0.736,0.766,0.779,0.59,0.231,0.581,0.674,0.096,0.349,0.431,0.603,0.671,0.636,0.685,0.585,0.627,0.526,0.171,0.432,0.388,0.678,0.583,0.256,0.44,0.522,-0.219,0.553,-0.171,0.715,0.732,0.504,0.654,0.655,-0.068,0.488,0.448,0.725,0.487,0.338,0.343,0.699,-0.478,-0.14,-0.063,0.231,0.532,0.575,0.788,0.736,0.79,0.682,-0.196,-0.263,-0.291,0.302,-0.628,0.706,0.003,0.067,-0.379,0.639,0.459,0.463,0.748,0.741,0.787,0.769,-0.717,-0.53,0.661,0.566,0.139,0.202,-0.719,0.629,0.072,0.509,0.156,0.628,0.464,-0.51,0.045,-0.178,0.616,0.123,0.718,0.676,0.098,0.521,0.261,0.754,0.646,0.748,0.37,-0.158,0.684,0.75,0.824,0.488,0.798,0.184,0.521,0.731,0.074,0.549,-0.204,0.56,0.644,0.471,0.405,0.228,-0.405,0.736,0.701,0.8,0.651,0.382,0.627,0.062,0.592,-0.587,-0.087,0.593,0.69,0.835,0.194,0.646,0.566,0.581,-0.674,-0.105,0.385,0.062,0.372,0.606,0.734,0.445,-0.029,0.494,0.443,0.692,0.743,0.7,0.329,-0.58,0.235,0.297,0.158,-0.59,-0.351,0.629,0.084,-0.021,-0.523,0.644,0.21,0.209,-0.015,0.502,0.691,0.533,0.512,0.167,0.007
AAPL,0.614,1.0,-0.45,0.394,0.645,-0.459,0.266,-0.026,-0.268,-0.498,0.662,0.121,-0.214,0.659,0.396,0.558,0.672,-0.512,0.283,0.685,0.504,0.561,-0.621,0.006,0.101,0.063,-0.018,0.602,0.076,0.22,0.375,0.347,0.489,0.527,-0.59,0.336,0.723,0.665,0.631,0.836,0.084,0.637,0.459,0.074,0.329,0.625,0.69,0.518,0.547,0.654,0.503,0.479,0.527,0.165,0.345,0.369,0.539,0.463,0.249,0.201,0.163,-0.354,0.425,0.055,0.586,0.545,0.415,0.555,0.557,0.057,0.543,0.545,0.629,0.285,0.304,0.492,0.627,-0.211,0.158,0.1,0.261,0.425,0.553,0.529,0.722,0.501,0.567,0.096,-0.128,-0.481,0.183,-0.422,0.424,-0.142,0.091,-0.313,0.449,0.74,0.228,0.673,0.542,0.56,0.787,-0.512,-0.106,0.507,0.347,-0.088,0.162,-0.403,0.517,-0.003,0.351,0.447,0.502,0.355,-0.39,0.196,-0.07,0.621,0.101,0.68,0.469,0.043,0.197,0.271,0.593,0.579,0.725,0.205,-0.182,0.722,0.683,0.673,0.442,0.584,0.531,0.211,0.751,-0.053,0.225,-0.054,0.38,0.496,0.229,0.324,0.282,-0.532,0.601,0.494,0.584,0.341,0.135,0.656,0.084,0.319,-0.365,-0.147,0.463,0.61,0.787,0.044,0.558,0.182,0.49,-0.507,-0.02,0.223,-0.168,0.182,0.303,0.812,0.332,-0.107,0.516,0.296,0.68,0.434,0.547,0.136,-0.587,0.19,0.271,0.038,-0.56,-0.609,0.358,0.384,-0.119,-0.373,0.363,0.051,0.144,0.038,0.443,0.525,0.53,0.331,0.133,-0.062
ABUS,-0.617,-0.45,1.0,0.003,-0.184,0.743,0.11,0.053,0.301,0.879,-0.389,0.357,0.721,-0.27,-0.122,-0.193,-0.279,0.857,-0.006,-0.596,-0.29,-0.068,0.543,0.374,0.368,0.054,0.288,-0.398,0.199,0.108,-0.366,-0.313,-0.292,-0.275,0.472,-0.113,-0.436,-0.347,-0.418,-0.475,0.221,-0.347,-0.6,0.324,0.115,-0.57,-0.363,-0.194,-0.167,-0.321,-0.337,-0.359,-0.527,0.246,-0.13,0.074,-0.448,-0.081,0.113,-0.121,-0.001,0.548,-0.081,0.278,-0.272,-0.286,-0.43,-0.259,-0.334,0.343,-0.369,0.008,-0.32,-0.322,0.091,-0.041,-0.213,0.73,0.436,0.39,0.037,-0.249,-0.172,-0.549,-0.344,-0.234,-0.589,0.43,0.539,0.563,0.021,0.788,-0.429,0.368,0.29,0.796,-0.274,-0.408,-0.203,-0.327,-0.513,-0.471,-0.411,0.797,0.528,-0.315,-0.231,0.103,0.25,0.74,-0.316,0.297,0.002,0.15,-0.43,-0.162,0.527,0.441,0.505,-0.151,-0.011,-0.473,-0.334,0.419,-0.123,0.086,-0.394,-0.284,-0.398,0.128,0.529,-0.31,-0.546,-0.44,-0.075,-0.633,-0.184,-0.227,-0.495,0.236,-0.116,0.423,-0.274,-0.205,-0.013,-0.042,0.171,0.57,-0.25,-0.52,-0.439,-0.492,-0.075,-0.269,0.095,-0.079,0.426,0.513,-0.084,-0.264,-0.471,0.255,-0.387,-0.061,-0.109,0.617,0.413,-0.063,0.281,-0.032,-0.358,-0.532,-0.048,0.161,-0.141,-0.306,-0.19,-0.554,-0.415,0.261,0.871,0.264,-0.111,0.299,0.9,0.706,-0.043,0.004,0.415,0.749,-0.448,-0.046,0.221,0.17,-0.173,-0.152,-0.372,-0.179,0.144,0.255
ADBE,0.402,0.394,0.003,1.0,0.719,-0.194,0.602,0.34,0.496,-0.146,0.27,0.516,0.423,0.618,0.783,0.744,0.731,0.144,0.684,0.239,0.627,0.856,-0.27,0.738,0.538,0.694,0.707,0.743,0.655,0.654,0.642,0.756,0.325,0.8,-0.049,0.277,0.497,0.729,0.434,0.53,0.248,0.571,0.114,0.71,0.362,0.195,0.331,0.746,0.743,0.745,0.776,0.717,0.347,0.758,0.799,0.876,0.72,0.833,0.761,0.148,0.486,0.452,0.754,0.18,0.779,0.749,0.018,0.77,0.639,0.517,0.139,0.775,0.747,0.718,0.843,0.425,0.814,0.256,0.542,0.504,0.72,0.822,0.818,0.492,0.643,0.629,0.484,0.25,0.49,0.314,0.574,-0.096,-0.049,0.625,0.21,0.18,0.747,0.417,0.676,0.733,0.514,0.541,0.681,-0.155,-0.299,0.71,0.732,0.527,0.768,-0.184,0.799,0.514,0.829,0.648,0.613,0.837,0.09,0.415,0.601,0.657,0.04,0.498,0.7,0.627,0.657,0.721,0.748,0.811,0.744,0.515,0.549,0.833,0.286,0.638,0.708,0.483,-0.162,0.432,0.649,0.694,0.781,0.219,0.689,0.84,0.731,0.783,0.738,0.094,0.538,0.59,0.516,0.557,0.716,0.521,0.647,0.863,-0.474,0.552,0.723,0.639,0.653,0.551,0.688,0.501,0.825,-0.14,0.372,0.743,0.019,0.745,0.549,0.489,0.763,-0.11,0.479,0.664,0.755,0.158,0.485,0.581,-0.152,0.809,0.494,0.671,-0.01,-0.0,0.547,0.279,0.572,-0.072,0.49,0.565,0.61,-0.174,0.83,0.791,0.654,0.784,0.738,0.299
ADI,0.586,0.645,-0.184,0.719,1.0,-0.281,0.444,0.521,0.165,-0.248,0.614,0.337,0.157,0.687,0.675,0.711,0.678,-0.122,0.568,0.48,0.498,0.797,-0.376,0.496,0.445,0.438,0.491,0.695,0.537,0.475,0.515,0.567,0.514,0.754,-0.15,0.492,0.74,0.772,0.577,0.674,0.142,0.68,0.377,0.415,0.338,0.433,0.657,0.695,0.816,0.698,0.634,0.655,0.455,0.645,0.696,0.618,0.641,0.773,0.559,0.366,0.383,0.14,0.616,0.035,0.746,0.778,0.288,0.724,0.581,0.386,0.428,0.719,0.737,0.46,0.773,0.481,0.767,0.061,0.306,0.287,0.634,0.703,0.751,0.539,0.791,0.578,0.465,0.146,0.343,-0.051,0.6,-0.114,0.335,0.304,-0.025,-0.071,0.61,0.726,0.49,0.707,0.525,0.598,0.861,-0.301,-0.252,0.688,0.682,0.4,0.575,-0.246,0.615,0.487,0.759,0.488,0.497,0.668,0.002,0.428,0.395,0.661,0.296,0.521,0.695,0.416,0.531,0.505,0.76,0.754,0.764,0.39,0.27,0.837,0.501,0.698,0.762,0.574,0.098,0.393,0.713,0.424,0.6,0.086,0.578,0.704,0.574,0.598,0.684,-0.156,0.608,0.608,0.647,0.433,0.503,0.769,0.512,0.675,-0.307,0.436,0.67,0.667,0.745,0.6,0.567,0.448,0.729,-0.148,0.355,0.638,-0.092,0.537,0.489,0.623,0.689,0.006,0.417,0.578,0.882,0.416,0.554,0.479,-0.322,0.648,0.615,0.437,-0.213,-0.254,0.595,0.456,0.321,-0.148,0.321,0.581,0.365,0.028,0.811,0.719,0.737,0.597,0.639,0.1
ADMA,-0.675,-0.459,0.743,-0.194,-0.281,1.0,-0.307,0.135,0.025,0.88,-0.161,0.06,0.421,-0.408,-0.44,-0.518,-0.485,0.629,-0.405,-0.722,-0.623,-0.269,0.659,0.182,0.013,-0.155,0.1,-0.535,0.055,-0.311,-0.618,-0.517,-0.278,-0.441,0.258,-0.327,-0.471,-0.449,-0.523,-0.466,-0.034,-0.349,-0.677,0.127,-0.031,-0.395,-0.272,-0.499,-0.413,-0.483,-0.551,-0.515,-0.524,0.082,-0.246,-0.232,-0.546,-0.267,-0.234,-0.307,-0.334,0.302,-0.375,0.133,-0.502,-0.481,-0.171,-0.43,-0.602,0.251,-0.094,-0.316,-0.476,-0.563,-0.08,-0.217,-0.443,0.575,0.239,0.172,-0.159,-0.359,-0.376,-0.703,-0.422,-0.533,-0.724,0.318,0.488,0.44,-0.166,0.821,-0.395,0.071,-0.046,0.48,-0.519,-0.145,-0.43,-0.483,-0.717,-0.695,-0.493,0.908,0.701,-0.548,-0.442,-0.104,-0.047,0.802,-0.523,0.119,-0.249,-0.038,-0.655,-0.415,0.669,0.071,0.342,-0.454,0.001,-0.665,-0.486,0.119,-0.405,-0.257,-0.478,-0.429,-0.534,-0.294,0.299,-0.449,-0.705,-0.559,-0.308,-0.72,0.131,-0.432,-0.588,0.032,-0.344,0.277,-0.518,-0.429,-0.398,-0.337,0.048,0.481,-0.583,-0.624,-0.68,-0.7,-0.352,-0.487,-0.011,-0.319,0.587,0.23,-0.365,-0.474,-0.566,0.066,-0.627,-0.429,-0.403,0.65,0.434,-0.31,0.263,-0.255,-0.57,-0.577,-0.311,0.139,-0.505,-0.475,-0.352,-0.396,-0.54,-0.154,0.709,0.006,-0.239,-0.013,0.647,0.479,-0.299,0.259,0.229,0.665,-0.668,-0.118,-0.132,-0.038,-0.256,-0.446,-0.31,-0.439,0.004,0.264
AEP,0.331,0.266,0.11,0.602,0.444,-0.307,1.0,0.103,0.318,-0.081,-0.033,0.448,0.502,0.506,0.66,0.637,0.561,0.161,0.615,0.318,0.581,0.616,-0.376,0.401,0.496,0.605,0.48,0.546,0.428,0.697,0.584,0.587,0.06,0.555,0.105,0.3,0.286,0.483,0.386,0.336,0.463,0.4,0.18,0.378,0.25,-0.003,0.161,0.613,0.569,0.504,0.571,0.566,0.313,0.405,0.464,0.671,0.48,0.553,0.604,0.22,0.515,0.336,0.798,0.262,0.619,0.55,-0.087,0.585,0.548,0.35,-0.136,0.555,0.485,0.469,0.494,0.468,0.587,0.273,0.43,0.446,0.437,0.457,0.593,0.405,0.481,0.617,0.393,0.171,0.164,0.188,0.549,-0.165,-0.018,0.491,0.523,0.354,0.479,0.07,0.539,0.553,0.452,0.473,0.454,-0.107,-0.205,0.596,0.52,0.534,0.621,-0.147,0.575,0.282,0.625,0.474,0.51,0.601,-0.081,0.568,0.388,0.557,-0.09,0.537,0.59,0.573,0.518,0.681,0.49,0.506,0.547,0.618,0.383,0.57,0.406,0.511,0.438,0.391,-0.304,0.381,0.482,0.521,0.565,0.408,0.574,0.584,0.653,0.694,0.387,0.108,0.587,0.45,0.499,0.451,0.562,0.485,0.412,0.615,-0.366,0.489,0.565,0.604,0.484,0.344,0.591,0.447,0.646,-0.118,0.145,0.611,-0.151,0.486,0.419,0.417,0.536,0.058,0.569,0.486,0.494,0.061,0.425,0.536,0.013,0.618,0.299,0.614,0.076,0.189,0.478,-0.127,0.337,0.051,0.382,0.346,0.732,0.205,0.514,0.704,0.382,0.606,0.397,0.027
AGNC,0.096,-0.026,0.053,0.34,0.521,0.135,0.103,1.0,0.298,0.101,0.328,0.089,0.184,0.205,0.291,0.25,0.085,0.156,0.164,0.095,0.134,0.345,0.218,0.328,0.287,0.34,0.449,0.229,0.593,0.067,0.213,0.148,0.252,0.323,0.09,0.006,0.232,0.198,-0.044,0.094,-0.24,0.328,-0.012,0.299,-0.078,0.247,0.124,0.162,0.418,0.131,0.262,0.333,0.046,0.518,0.484,0.285,0.282,0.398,0.266,0.045,-0.067,0.42,0.156,-0.152,0.209,0.278,0.015,0.229,0.081,0.509,-0.009,0.193,0.23,0.197,0.568,0.032,0.17,0.195,0.186,0.216,0.57,0.474,0.291,0.026,0.236,0.026,-0.066,0.137,0.404,0.252,0.455,0.268,-0.112,0.357,-0.356,-0.062,0.107,0.399,0.375,0.126,0.0,0.088,0.255,0.043,-0.085,0.205,0.434,0.58,0.443,0.202,0.159,0.376,0.459,0.153,-0.001,0.327,0.576,0.252,0.414,0.078,0.089,0.06,0.436,0.342,0.277,0.255,0.366,0.32,0.165,0.075,0.312,0.235,-0.003,0.103,0.499,0.12,-0.282,-0.042,0.158,0.424,0.325,0.101,0.262,0.192,0.284,0.269,0.508,0.234,0.035,0.388,0.18,0.101,0.412,0.198,0.634,0.31,0.073,0.541,0.085,0.055,0.057,0.667,0.064,0.158,0.307,0.336,0.391,0.505,-0.105,0.391,0.188,-0.108,0.47,-0.113,-0.182,0.405,0.365,0.155,-0.092,0.253,0.045,0.48,0.65,0.304,0.134,0.079,0.079,0.461,0.359,0.128,-0.143,0.65,0.0,-0.058,0.514,0.202,0.51,0.284,0.556,0.187
AKBA,0.036,-0.268,0.301,0.496,0.165,0.025,0.318,0.298,1.0,0.176,-0.267,0.311,0.458,-0.001,0.436,0.269,0.251,0.516,0.579,-0.189,0.374,0.429,-0.019,0.588,0.415,0.414,0.43,0.355,0.485,0.484,0.335,0.441,-0.107,0.312,0.286,0.116,-0.017,0.261,0.004,-0.133,0.194,0.075,-0.015,0.584,0.221,-0.279,-0.161,0.363,0.365,0.287,0.356,0.359,-0.044,0.394,0.491,0.52,0.276,0.483,0.54,0.072,0.471,0.681,0.408,0.05,0.333,0.351,-0.189,0.343,0.326,0.267,-0.275,0.44,0.283,0.405,0.492,0.158,0.331,0.269,0.203,0.24,0.529,0.355,0.335,0.137,0.157,0.303,0.131,0.271,0.388,0.718,0.233,0.126,-0.209,0.53,0.25,0.38,0.393,-0.194,0.518,0.31,0.135,0.23,0.147,0.068,-0.289,0.337,0.35,0.498,0.567,0.069,0.263,0.423,0.433,0.143,0.217,0.458,0.157,0.233,0.411,0.137,-0.198,0.09,0.188,0.438,0.613,0.41,0.272,0.346,0.281,0.546,0.449,0.238,-0.147,0.166,0.427,0.201,-0.521,0.301,0.218,0.47,0.606,0.05,0.353,0.445,0.465,0.499,0.339,0.243,0.17,0.121,0.088,0.327,0.569,0.039,0.469,0.628,-0.114,0.581,0.399,0.255,0.05,0.467,0.239,0.521,0.545,0.143,0.151,0.465,0.261,0.374,0.33,-0.068,0.474,-0.014,0.2,0.266,0.267,-0.155,0.077,0.554,0.255,0.478,0.344,0.605,0.4,0.424,0.302,-0.033,0.474,0.244,0.365,0.563,0.408,0.015,0.367,0.408,0.115,0.461,0.499,0.379
ALT,-0.65,-0.498,0.879,-0.146,-0.248,0.88,-0.081,0.101,0.176,1.0,-0.299,0.185,0.632,-0.375,-0.29,-0.388,-0.406,0.809,-0.204,-0.68,-0.507,-0.174,0.647,0.243,0.156,-0.118,0.165,-0.494,0.154,-0.115,-0.529,-0.417,-0.347,-0.368,0.406,-0.204,-0.467,-0.42,-0.478,-0.493,0.051,-0.345,-0.624,0.169,0.014,-0.477,-0.316,-0.382,-0.303,-0.412,-0.5,-0.469,-0.496,0.161,-0.205,-0.087,-0.532,-0.189,-0.14,-0.21,-0.172,0.489,-0.231,0.196,-0.401,-0.394,-0.294,-0.352,-0.461,0.337,-0.215,-0.19,-0.441,-0.488,0.011,-0.079,-0.363,0.711,0.374,0.316,-0.065,-0.323,-0.306,-0.632,-0.417,-0.415,-0.663,0.435,0.471,0.509,-0.088,0.869,-0.399,0.17,0.136,0.647,-0.448,-0.316,-0.386,-0.42,-0.604,-0.622,-0.472,0.868,0.604,-0.429,-0.359,0.021,0.108,0.821,-0.443,0.202,-0.148,0.053,-0.544,-0.324,0.592,0.232,0.449,-0.347,-0.098,-0.631,-0.432,0.283,-0.265,-0.079,-0.447,-0.374,-0.491,-0.013,0.397,-0.413,-0.67,-0.521,-0.179,-0.7,-0.056,-0.311,-0.58,0.103,-0.252,0.389,-0.434,-0.354,-0.25,-0.173,0.063,0.488,-0.422,-0.603,-0.6,-0.611,-0.244,-0.389,-0.006,-0.203,0.576,0.429,-0.274,-0.354,-0.545,0.192,-0.574,-0.237,-0.266,0.714,0.455,-0.187,0.238,-0.175,-0.488,-0.557,-0.208,0.162,-0.305,-0.399,-0.285,-0.521,-0.493,0.094,0.873,0.129,-0.144,0.199,0.854,0.666,-0.144,0.089,0.314,0.791,-0.6,-0.056,0.014,0.218,-0.191,-0.322,-0.321,-0.346,0.079,0.173
AMAT,0.464,0.662,-0.389,0.27,0.614,-0.161,-0.033,0.328,-0.267,-0.299,1.0,0.186,-0.239,0.479,0.216,0.351,0.357,-0.409,0.035,0.393,0.109,0.422,-0.27,0.018,0.063,-0.049,0.054,0.332,0.196,-0.072,0.124,0.161,0.522,0.382,-0.445,0.149,0.561,0.512,0.336,0.603,-0.141,0.515,0.194,0.075,0.131,0.511,0.599,0.357,0.422,0.305,0.314,0.271,0.337,0.304,0.287,0.194,0.481,0.343,0.048,0.073,-0.113,-0.21,0.172,-0.2,0.365,0.328,0.299,0.342,0.238,0.245,0.601,0.297,0.45,0.054,0.354,0.164,0.373,-0.158,0.171,0.172,0.251,0.415,0.37,0.319,0.504,0.208,0.263,0.159,0.086,-0.34,0.152,-0.154,0.356,-0.161,-0.212,-0.275,0.252,0.892,0.033,0.36,0.235,0.304,0.606,-0.314,0.106,0.293,0.322,-0.037,0.114,-0.139,0.3,0.117,0.353,0.376,0.196,0.274,-0.058,-0.025,0.139,0.401,0.196,0.292,0.422,0.073,0.09,0.169,0.462,0.409,0.451,-0.098,-0.012,0.499,0.374,0.419,0.362,0.396,0.454,0.036,0.454,0.02,0.14,-0.021,0.208,0.261,0.057,0.089,0.498,-0.247,0.263,0.476,0.399,0.103,0.112,0.396,0.185,0.166,-0.148,-0.032,0.167,0.234,0.518,0.169,0.292,0.05,0.27,-0.222,0.231,0.123,-0.266,0.197,0.11,0.448,0.185,-0.227,0.208,0.28,0.57,0.384,0.333,0.024,-0.422,0.211,0.431,-0.075,-0.428,-0.541,0.213,0.587,0.059,-0.19,-0.005,0.114,-0.034,-0.138,0.42,0.221,0.534,0.096,0.309,0.076
AMD,0.041,0.121,0.357,0.516,0.337,0.06,0.448,0.089,0.311,0.185,0.186,1.0,0.46,0.167,0.384,0.425,0.388,0.39,0.313,0.01,0.214,0.58,0.008,0.606,0.663,0.435,0.6,0.157,0.502,0.588,0.218,0.221,-0.094,0.393,0.277,0.179,0.041,0.284,0.094,0.18,0.273,0.059,-0.27,0.724,0.502,-0.34,0.146,0.489,0.396,0.125,0.335,0.119,-0.193,0.673,0.152,0.62,0.229,0.434,0.629,0.323,0.207,0.412,0.39,-0.171,0.269,0.236,-0.24,0.439,0.391,0.547,0.07,0.544,0.27,0.241,0.525,0.18,0.427,0.49,0.604,0.627,0.493,0.319,0.54,-0.002,0.241,0.386,0.04,0.499,0.636,0.226,0.568,0.128,-0.111,0.549,0.409,0.581,0.304,0.105,0.095,0.246,0.04,0.109,0.283,0.083,0.124,0.178,0.302,0.183,0.472,0.04,0.35,0.615,0.569,0.678,0.157,0.426,0.181,0.569,0.694,0.59,-0.12,0.185,0.38,0.718,0.275,0.631,0.189,0.35,0.277,0.287,0.743,0.331,0.043,0.163,0.3,0.059,-0.134,0.371,0.133,0.578,0.36,0.228,0.436,0.289,0.536,0.311,0.72,0.499,0.26,0.164,0.207,0.071,0.421,0.171,0.44,0.393,-0.039,0.494,0.39,0.182,0.181,0.483,0.373,0.365,0.461,0.167,0.64,0.394,0.132,0.568,0.065,-0.004,0.26,-0.1,0.516,0.316,0.463,-0.155,0.26,0.566,0.23,0.71,0.398,0.509,0.295,0.249,0.44,0.218,0.736,0.485,0.066,0.102,0.492,-0.025,0.296,0.344,0.047,0.337,0.588,0.481
AMGN,-0.322,-0.214,0.721,0.423,0.157,0.421,0.502,0.184,0.458,0.632,-0.239,0.46,1.0,0.066,0.261,0.186,0.057,0.742,0.295,-0.416,0.102,0.333,0.334,0.528,0.538,0.422,0.587,0.041,0.534,0.32,0.074,0.156,-0.156,0.174,0.436,-0.102,-0.243,-0.001,-0.208,0.017,0.327,0.077,-0.364,0.507,0.146,-0.382,-0.161,0.156,0.169,0.039,0.091,0.085,-0.233,0.504,0.301,0.469,-0.02,0.324,0.409,-0.13,0.197,0.701,0.424,0.34,0.128,0.106,-0.444,0.125,-0.026,0.609,-0.347,0.354,0.021,0.162,0.431,0.226,0.14,0.883,0.698,0.649,0.383,0.165,0.216,-0.2,0.01,0.059,-0.2,0.47,0.571,0.619,0.284,0.599,-0.477,0.61,0.464,0.782,0.035,-0.194,0.187,0.048,-0.151,-0.103,-0.002,0.541,0.329,0.183,0.165,0.473,0.605,0.593,0.149,0.479,0.362,0.477,-0.005,0.236,0.439,0.518,0.694,0.138,-0.112,-0.138,0.133,0.677,0.188,0.478,0.015,0.135,0.055,0.365,0.639,0.127,-0.349,-0.089,0.251,-0.258,-0.31,-0.032,-0.093,0.581,0.27,0.676,0.192,0.179,0.305,0.431,0.426,0.497,-0.01,-0.118,-0.152,-0.041,0.322,0.044,0.434,0.342,0.186,0.751,0.232,0.081,-0.096,0.391,-0.015,0.16,0.273,0.499,0.435,0.347,-0.013,0.36,0.017,-0.214,0.264,0.025,0.134,0.144,0.157,-0.482,-0.139,0.482,0.655,0.567,0.187,0.569,0.733,0.643,0.143,-0.01,0.607,0.539,-0.083,0.307,0.608,0.113,0.236,0.206,0.046,0.271,0.479,0.282
AMZN,0.443,0.659,-0.27,0.618,0.687,-0.408,0.506,0.205,-0.001,-0.375,0.479,0.167,0.066,1.0,0.575,0.641,0.535,-0.287,0.425,0.394,0.461,0.563,-0.454,0.18,0.168,0.352,0.277,0.61,0.298,0.346,0.587,0.594,0.693,0.67,-0.361,0.176,0.625,0.583,0.38,0.669,-0.127,0.719,0.34,0.147,-0.025,0.493,0.331,0.58,0.607,0.682,0.679,0.69,0.661,0.397,0.631,0.561,0.607,0.501,0.425,-0.01,0.217,0.016,0.517,0.419,0.729,0.612,0.105,0.539,0.494,0.306,0.155,0.591,0.647,0.445,0.468,0.49,0.586,-0.09,0.409,0.408,0.457,0.674,0.574,0.616,0.521,0.393,0.618,0.136,-0.01,-0.136,0.335,-0.256,0.126,0.175,0.004,-0.209,0.558,0.606,0.489,0.568,0.639,0.55,0.617,-0.402,-0.281,0.698,0.62,0.356,0.456,-0.243,0.6,0.04,0.584,0.515,0.667,0.745,-0.218,0.128,0.174,0.506,0.158,0.432,0.6,0.26,0.361,0.592,0.59,0.551,0.619,0.398,0.022,0.73,0.437,0.618,0.565,0.543,0.049,0.132,0.626,0.334,0.437,0.221,0.508,0.615,0.381,0.623,0.456,-0.329,0.492,0.641,0.567,0.539,0.386,0.649,0.35,0.504,-0.469,0.183,0.416,0.538,0.654,0.235,0.731,0.23,0.579,-0.199,-0.038,0.518,-0.378,0.431,0.372,0.666,0.607,-0.25,0.479,0.655,0.587,0.196,0.385,0.244,-0.402,0.359,0.442,0.186,-0.26,-0.397,0.268,0.242,0.123,-0.382,0.286,0.358,0.325,0.107,0.627,0.574,0.672,0.53,0.423,-0.151
APA,0.612,0.396,-0.122,0.783,0.675,-0.44,0.66,0.291,0.436,-0.29,0.216,0.384,0.261,0.575,1.0,0.858,0.777,0.079,0.871,0.439,0.749,0.809,-0.442,0.525,0.571,0.574,0.575,0.843,0.601,0.755,0.816,0.87,0.324,0.831,0.058,0.605,0.578,0.774,0.589,0.494,0.311,0.533,0.398,0.487,0.416,0.229,0.406,0.825,0.869,0.755,0.794,0.836,0.416,0.55,0.743,0.776,0.782,0.84,0.715,0.412,0.673,0.439,0.799,0.052,0.861,0.92,0.196,0.841,0.73,0.346,0.132,0.745,0.792,0.723,0.751,0.509,0.853,0.001,0.294,0.305,0.728,0.78,0.832,0.656,0.736,0.756,0.676,0.151,0.166,0.236,0.599,-0.258,0.287,0.559,0.256,0.078,0.745,0.26,0.702,0.817,0.691,0.779,0.702,-0.376,-0.459,0.816,0.883,0.577,0.73,-0.346,0.784,0.393,0.84,0.46,0.728,0.807,-0.209,0.405,0.359,0.71,0.06,0.646,0.697,0.507,0.773,0.638,0.813,0.836,0.758,0.705,0.322,0.794,0.456,0.805,0.78,0.725,-0.238,0.576,0.736,0.583,0.885,0.114,0.782,0.896,0.836,0.781,0.58,-0.078,0.761,0.752,0.79,0.752,0.82,0.69,0.533,0.882,-0.539,0.528,0.753,0.763,0.689,0.628,0.767,0.804,0.872,-0.249,0.149,0.733,0.035,0.693,0.734,0.581,0.788,-0.025,0.486,0.696,0.763,0.276,0.624,0.674,-0.231,0.702,0.441,0.713,-0.06,-0.066,0.706,0.074,0.405,-0.104,0.62,0.55,0.558,0.132,0.782,0.895,0.653,0.892,0.611,0.18
APPS,0.636,0.558,-0.193,0.744,0.711,-0.518,0.637,0.25,0.269,-0.388,0.351,0.425,0.186,0.641,0.858,1.0,0.797,-0.024,0.788,0.557,0.824,0.813,-0.487,0.471,0.611,0.564,0.459,0.77,0.464,0.704,0.728,0.761,0.405,0.85,-0.114,0.518,0.566,0.777,0.558,0.612,0.228,0.586,0.34,0.451,0.362,0.406,0.411,0.879,0.895,0.7,0.749,0.755,0.448,0.578,0.689,0.761,0.723,0.805,0.741,0.314,0.616,0.275,0.802,-0.049,0.868,0.811,0.151,0.765,0.742,0.401,0.193,0.772,0.814,0.69,0.702,0.503,0.799,-0.041,0.347,0.381,0.643,0.781,0.797,0.687,0.717,0.747,0.64,0.19,0.145,0.004,0.554,-0.363,0.325,0.508,0.281,0.058,0.762,0.371,0.605,0.766,0.75,0.783,0.76,-0.492,-0.416,0.786,0.807,0.423,0.706,-0.444,0.784,0.323,0.846,0.511,0.787,0.781,-0.217,0.406,0.333,0.803,0.046,0.718,0.769,0.561,0.659,0.66,0.752,0.782,0.795,0.642,0.274,0.824,0.547,0.724,0.77,0.639,-0.165,0.46,0.74,0.528,0.713,0.183,0.764,0.81,0.771,0.751,0.633,-0.063,0.813,0.713,0.822,0.728,0.681,0.744,0.521,0.734,-0.573,0.451,0.688,0.698,0.729,0.548,0.767,0.692,0.848,-0.32,0.119,0.705,-0.072,0.681,0.64,0.599,0.707,-0.17,0.631,0.672,0.839,0.358,0.596,0.659,-0.303,0.667,0.527,0.552,-0.141,-0.176,0.678,0.145,0.353,-0.186,0.599,0.426,0.552,0.095,0.722,0.81,0.579,0.764,0.578,0.113
ARCC,0.69,0.672,-0.279,0.731,0.678,-0.485,0.561,0.085,0.251,-0.406,0.357,0.388,0.057,0.535,0.777,0.797,1.0,-0.163,0.689,0.616,0.734,0.851,-0.597,0.478,0.419,0.436,0.343,0.838,0.388,0.759,0.654,0.723,0.188,0.796,-0.213,0.584,0.726,0.884,0.795,0.648,0.373,0.55,0.476,0.459,0.577,0.335,0.626,0.797,0.814,0.855,0.721,0.688,0.405,0.475,0.594,0.723,0.687,0.789,0.63,0.405,0.584,0.082,0.731,-0.076,0.814,0.835,0.338,0.92,0.801,0.226,0.424,0.738,0.781,0.63,0.662,0.529,0.913,-0.08,0.24,0.195,0.551,0.646,0.897,0.678,0.818,0.796,0.656,0.125,0.118,-0.091,0.462,-0.475,0.369,0.279,0.342,-0.058,0.731,0.471,0.531,0.923,0.647,0.722,0.859,-0.448,-0.402,0.687,0.589,0.18,0.511,-0.534,0.818,0.366,0.662,0.484,0.692,0.638,-0.341,0.373,0.229,0.787,-0.086,0.804,0.656,0.367,0.604,0.531,0.839,0.877,0.893,0.533,0.205,0.893,0.628,0.873,0.638,0.708,0.119,0.586,0.794,0.332,0.732,-0.062,0.697,0.849,0.655,0.62,0.502,-0.207,0.808,0.614,0.709,0.608,0.533,0.605,0.334,0.762,-0.58,0.235,0.796,0.872,0.848,0.39,0.768,0.629,0.838,-0.498,0.162,0.56,0.122,0.532,0.644,0.766,0.627,-0.098,0.651,0.494,0.83,0.417,0.806,0.488,-0.458,0.642,0.372,0.544,-0.345,-0.294,0.706,0.142,0.212,-0.201,0.687,0.325,0.477,0.006,0.712,0.852,0.58,0.746,0.39,0.143
ARDX,-0.483,-0.512,0.857,0.144,-0.122,0.629,0.161,0.156,0.516,0.809,-0.409,0.39,0.742,-0.287,0.079,-0.024,-0.163,1.0,0.219,-0.559,-0.133,0.106,0.498,0.484,0.497,0.176,0.374,-0.224,0.34,0.269,-0.2,-0.09,-0.287,-0.072,0.485,-0.028,-0.393,-0.227,-0.388,-0.423,0.14,-0.209,-0.541,0.397,0.105,-0.493,-0.376,0.006,0.038,-0.236,-0.199,-0.166,-0.44,0.31,0.083,0.253,-0.294,0.114,0.263,-0.085,0.197,0.721,0.066,0.094,-0.086,-0.101,-0.381,-0.088,-0.177,0.458,-0.371,0.117,-0.135,-0.118,0.269,0.136,-0.076,0.67,0.432,0.406,0.23,-0.073,-0.018,-0.408,-0.249,-0.116,-0.446,0.559,0.507,0.725,0.096,0.711,-0.355,0.495,0.328,0.761,-0.133,-0.434,-0.045,-0.192,-0.335,-0.267,-0.316,0.686,0.306,-0.112,-0.017,0.259,0.488,0.626,-0.189,0.367,0.2,0.153,-0.259,0.02,0.502,0.363,0.62,-0.044,-0.149,-0.39,-0.19,0.547,0.114,0.175,-0.25,-0.098,-0.261,0.365,0.529,-0.199,-0.519,-0.335,0.132,-0.467,-0.379,-0.14,-0.356,0.37,0.113,0.364,-0.083,0.002,0.138,0.167,0.254,0.55,-0.137,-0.382,-0.284,-0.265,0.135,-0.173,0.286,0.124,0.315,0.706,-0.017,-0.141,-0.397,0.438,-0.273,0.17,0.071,0.612,0.378,0.087,0.26,0.105,-0.198,-0.503,0.091,0.067,-0.053,-0.12,-0.062,-0.516,-0.343,0.483,0.859,0.404,-0.016,0.46,0.914,0.722,0.09,0.016,0.518,0.763,-0.246,0.144,0.286,0.276,-0.02,-0.01,-0.261,0.023,0.335,0.31
ATER,0.601,0.283,-0.006,0.684,0.568,-0.405,0.615,0.164,0.579,-0.204,0.035,0.313,0.295,0.425,0.871,0.788,0.689,0.219,1.0,0.389,0.733,0.733,-0.479,0.526,0.588,0.494,0.4,0.755,0.423,0.778,0.678,0.783,0.297,0.694,0.084,0.664,0.511,0.717,0.564,0.341,0.405,0.469,0.395,0.429,0.402,0.127,0.324,0.825,0.81,0.711,0.653,0.727,0.387,0.418,0.679,0.709,0.64,0.81,0.639,0.388,0.84,0.435,0.748,0.064,0.834,0.836,0.163,0.7,0.65,0.197,0.062,0.707,0.782,0.638,0.658,0.515,0.798,-0.017,0.158,0.173,0.576,0.601,0.683,0.62,0.668,0.78,0.546,0.144,0.091,0.334,0.398,-0.216,0.378,0.47,0.329,0.175,0.729,0.088,0.693,0.775,0.66,0.79,0.598,-0.328,-0.514,0.757,0.754,0.459,0.718,-0.344,0.635,0.344,0.777,0.274,0.649,0.711,-0.235,0.371,0.253,0.648,0.094,0.581,0.548,0.444,0.82,0.509,0.699,0.708,0.679,0.831,0.22,0.695,0.445,0.709,0.747,0.613,-0.251,0.525,0.65,0.411,0.821,0.04,0.632,0.873,0.78,0.735,0.407,-0.125,0.799,0.554,0.752,0.67,0.716,0.681,0.383,0.84,-0.516,0.53,0.789,0.744,0.634,0.523,0.634,0.851,0.818,-0.327,0.008,0.592,0.159,0.491,0.713,0.508,0.757,0.074,0.541,0.528,0.709,0.281,0.553,0.797,-0.09,0.591,0.325,0.653,0.079,0.076,0.769,-0.011,0.341,-0.096,0.672,0.467,0.555,0.193,0.636,0.862,0.464,0.755,0.509,0.155
ATOS,0.752,0.685,-0.596,0.239,0.48,-0.722,0.318,0.095,-0.189,-0.68,0.393,0.01,-0.416,0.394,0.439,0.557,0.616,-0.559,0.389,1.0,0.602,0.45,-0.683,-0.052,0.081,0.122,-0.079,0.569,0.042,0.339,0.477,0.387,0.298,0.468,-0.412,0.477,0.726,0.601,0.713,0.543,0.148,0.455,0.564,-0.044,0.244,0.572,0.536,0.516,0.527,0.576,0.535,0.491,0.485,0.043,0.278,0.295,0.54,0.422,0.214,0.415,0.312,-0.335,0.333,-0.251,0.541,0.541,0.438,0.541,0.65,-0.097,0.377,0.337,0.587,0.366,0.211,0.335,0.583,-0.466,-0.188,-0.169,0.18,0.38,0.481,0.648,0.629,0.644,0.609,-0.188,-0.329,-0.469,0.26,-0.669,0.552,-0.091,-0.052,-0.446,0.434,0.433,0.414,0.606,0.633,0.627,0.646,-0.708,-0.496,0.428,0.426,0.076,0.074,-0.694,0.526,-0.053,0.339,0.074,0.532,0.3,-0.374,0.175,-0.24,0.622,0.021,0.799,0.538,-0.02,0.384,0.206,0.598,0.521,0.599,0.287,-0.243,0.56,0.909,0.659,0.438,0.647,0.179,0.35,0.681,-0.102,0.271,-0.284,0.435,0.435,0.386,0.297,0.059,-0.405,0.726,0.665,0.737,0.478,0.258,0.576,0.04,0.311,-0.478,-0.158,0.445,0.592,0.69,0.121,0.558,0.36,0.443,-0.623,-0.15,0.281,-0.059,0.218,0.472,0.661,0.334,0.017,0.478,0.361,0.544,0.634,0.568,0.209,-0.658,0.157,0.247,0.068,-0.627,-0.501,0.433,0.15,-0.229,-0.456,0.476,0.126,-0.021,0.049,0.377,0.557,0.48,0.351,0.04,-0.151
AUPH,0.592,0.504,-0.29,0.627,0.498,-0.623,0.581,0.134,0.374,-0.507,0.109,0.214,0.102,0.461,0.749,0.824,0.734,-0.133,0.733,0.602,1.0,0.669,-0.554,0.338,0.431,0.471,0.28,0.77,0.385,0.582,0.716,0.7,0.229,0.651,-0.092,0.419,0.47,0.667,0.563,0.537,0.3,0.498,0.469,0.38,0.344,0.425,0.313,0.707,0.733,0.694,0.721,0.716,0.412,0.328,0.618,0.645,0.695,0.725,0.657,0.315,0.553,0.207,0.721,-0.003,0.729,0.695,0.148,0.669,0.711,0.142,0.022,0.648,0.697,0.726,0.501,0.424,0.695,-0.124,0.124,0.146,0.57,0.618,0.673,0.647,0.667,0.727,0.63,0.008,-0.051,0.082,0.379,-0.507,0.2,0.415,0.287,-0.032,0.671,0.182,0.735,0.746,0.672,0.767,0.668,-0.536,-0.511,0.695,0.662,0.394,0.542,-0.506,0.721,0.189,0.599,0.352,0.731,0.621,-0.265,0.371,0.101,0.661,-0.096,0.796,0.647,0.344,0.681,0.546,0.682,0.698,0.778,0.594,0.136,0.698,0.57,0.671,0.651,0.674,-0.211,0.484,0.766,0.344,0.665,0.04,0.72,0.725,0.692,0.663,0.308,-0.187,0.734,0.645,0.705,0.751,0.681,0.587,0.435,0.679,-0.571,0.269,0.651,0.675,0.637,0.345,0.702,0.637,0.743,-0.498,-0.089,0.596,-0.004,0.515,0.723,0.559,0.625,-0.012,0.496,0.595,0.651,0.355,0.542,0.52,-0.383,0.445,0.384,0.489,-0.266,-0.144,0.514,-0.034,0.219,-0.331,0.728,0.409,0.466,-0.009,0.561,0.747,0.486,0.757,0.355,0.125
AVGO,0.561,0.561,-0.068,0.856,0.797,-0.269,0.616,0.345,0.429,-0.174,0.422,0.58,0.333,0.563,0.809,0.813,0.851,0.106,0.733,0.45,0.669,1.0,-0.406,0.652,0.632,0.58,0.597,0.781,0.676,0.74,0.631,0.727,0.28,0.856,-0.096,0.469,0.626,0.835,0.563,0.644,0.304,0.631,0.247,0.677,0.568,0.229,0.57,0.846,0.879,0.748,0.749,0.734,0.315,0.72,0.731,0.857,0.729,0.926,0.779,0.358,0.548,0.373,0.766,-0.081,0.833,0.814,0.225,0.878,0.742,0.532,0.355,0.839,0.815,0.624,0.858,0.549,0.898,0.205,0.468,0.432,0.738,0.76,0.905,0.526,0.804,0.715,0.53,0.382,0.412,0.192,0.608,-0.162,0.227,0.492,0.31,0.164,0.685,0.534,0.61,0.837,0.539,0.656,0.837,-0.28,-0.267,0.7,0.734,0.428,0.742,-0.268,0.746,0.535,0.865,0.635,0.603,0.749,-0.028,0.494,0.536,0.774,-0.047,0.658,0.731,0.635,0.717,0.649,0.799,0.858,0.849,0.609,0.446,0.882,0.455,0.732,0.801,0.626,0.012,0.493,0.762,0.583,0.78,0.129,0.73,0.83,0.735,0.744,0.747,0.004,0.686,0.632,0.662,0.545,0.702,0.666,0.631,0.845,-0.428,0.572,0.774,0.749,0.75,0.659,0.713,0.653,0.9,-0.218,0.406,0.696,0.084,0.687,0.571,0.585,0.73,-0.084,0.61,0.598,0.918,0.261,0.595,0.708,-0.215,0.829,0.566,0.692,-0.067,-0.1,0.716,0.389,0.507,0.069,0.503,0.542,0.527,0.015,0.82,0.854,0.655,0.753,0.739,0.374
AZN,-0.751,-0.621,0.543,-0.27,-0.376,0.659,-0.376,0.218,-0.019,0.647,-0.27,0.008,0.334,-0.454,-0.442,-0.487,-0.597,0.498,-0.479,-0.683,-0.554,-0.406,1.0,0.038,0.023,-0.143,0.156,-0.665,0.133,-0.382,-0.437,-0.483,-0.271,-0.404,0.435,-0.477,-0.628,-0.617,-0.692,-0.512,-0.279,-0.471,-0.661,0.05,-0.249,-0.366,-0.46,-0.564,-0.44,-0.616,-0.503,-0.484,-0.585,0.077,-0.234,-0.295,-0.524,-0.403,-0.228,-0.307,-0.5,0.37,-0.444,-0.043,-0.637,-0.56,-0.408,-0.553,-0.624,0.261,-0.334,-0.408,-0.591,-0.291,-0.094,-0.43,-0.593,0.513,0.222,0.192,-0.064,-0.316,-0.439,-0.728,-0.582,-0.693,-0.737,0.168,0.378,0.311,-0.065,0.716,-0.57,0.113,-0.221,0.324,-0.58,-0.327,-0.402,-0.651,-0.736,-0.657,-0.588,0.607,0.457,-0.518,-0.319,-0.013,-0.056,0.693,-0.471,0.196,-0.309,-0.036,-0.607,-0.383,0.612,0.001,0.322,-0.493,-0.053,-0.674,-0.396,0.081,-0.373,-0.23,-0.545,-0.436,-0.64,-0.384,0.307,-0.566,-0.742,-0.718,-0.294,-0.664,-0.216,-0.444,-0.671,0.104,-0.331,0.214,-0.368,-0.549,-0.331,-0.411,0.005,0.52,-0.696,-0.463,-0.64,-0.522,-0.176,-0.514,0.058,-0.416,0.652,0.263,-0.547,-0.657,-0.733,0.106,-0.652,-0.383,-0.505,0.755,0.355,-0.15,0.031,-0.092,-0.412,-0.787,-0.29,-0.108,-0.603,-0.25,-0.453,-0.562,-0.635,-0.156,0.586,-0.041,-0.025,-0.049,0.587,0.405,-0.465,0.059,0.222,0.518,-0.538,-0.002,-0.217,-0.093,-0.287,-0.581,-0.33,-0.369,0.008,0.149
BCRX,0.115,0.006,0.374,0.738,0.496,0.182,0.401,0.328,0.588,0.243,0.018,0.606,0.528,0.18,0.525,0.471,0.478,0.484,0.526,-0.052,0.338,0.652,0.038,1.0,0.592,0.559,0.728,0.38,0.607,0.631,0.28,0.451,-0.002,0.504,0.308,0.327,0.205,0.487,0.246,0.105,0.359,0.126,-0.129,0.828,0.499,-0.174,0.193,0.479,0.518,0.382,0.41,0.357,-0.061,0.782,0.534,0.637,0.342,0.646,0.693,0.323,0.444,0.564,0.491,-0.0,0.443,0.457,-0.086,0.51,0.383,0.484,0.127,0.566,0.415,0.406,0.713,0.174,0.558,0.438,0.454,0.431,0.549,0.492,0.547,0.149,0.395,0.432,0.078,0.271,0.717,0.541,0.573,0.21,-0.053,0.697,0.246,0.472,0.475,0.112,0.445,0.423,0.122,0.218,0.385,0.205,-0.064,0.344,0.442,0.343,0.644,0.025,0.444,0.743,0.652,0.459,0.226,0.516,0.347,0.472,0.691,0.455,0.077,0.197,0.377,0.661,0.566,0.456,0.403,0.511,0.406,0.355,0.777,0.462,-0.044,0.293,0.498,0.144,-0.226,0.443,0.279,0.673,0.64,0.19,0.418,0.529,0.642,0.473,0.674,0.461,0.297,0.205,0.214,0.21,0.547,0.23,0.559,0.67,-0.139,0.646,0.591,0.369,0.27,0.611,0.318,0.474,0.59,0.121,0.627,0.596,0.358,0.616,0.348,0.093,0.523,0.094,0.224,0.31,0.552,0.103,0.303,0.589,0.195,0.753,0.34,0.663,0.326,0.315,0.555,0.189,0.659,0.33,0.248,0.466,0.519,-0.225,0.551,0.531,0.283,0.501,0.654,0.481
BGC,0.15,0.101,0.368,0.538,0.445,0.013,0.496,0.287,0.415,0.156,0.063,0.663,0.538,0.168,0.571,0.611,0.419,0.497,0.588,0.081,0.431,0.632,0.023,0.592,1.0,0.498,0.619,0.302,0.586,0.638,0.33,0.368,0.045,0.547,0.319,0.375,0.103,0.366,0.094,0.193,0.381,0.202,-0.09,0.632,0.46,-0.176,0.226,0.599,0.638,0.191,0.334,0.321,-0.07,0.669,0.392,0.61,0.288,0.598,0.693,0.277,0.407,0.546,0.547,-0.107,0.459,0.46,-0.146,0.456,0.4,0.518,0.007,0.576,0.433,0.405,0.67,0.292,0.486,0.409,0.477,0.491,0.632,0.394,0.566,0.094,0.416,0.459,0.072,0.404,0.534,0.338,0.547,0.231,0.03,0.649,0.383,0.568,0.424,0.041,0.345,0.349,0.203,0.357,0.376,0.04,0.025,0.361,0.487,0.394,0.708,0.052,0.362,0.585,0.685,0.499,0.252,0.471,0.184,0.676,0.658,0.536,0.058,0.291,0.429,0.763,0.493,0.443,0.334,0.468,0.36,0.526,0.559,0.399,0.081,0.221,0.562,0.165,-0.256,0.315,0.282,0.587,0.529,0.265,0.477,0.469,0.649,0.483,0.691,0.368,0.482,0.229,0.401,0.233,0.554,0.449,0.522,0.531,0.019,0.729,0.546,0.317,0.242,0.731,0.306,0.597,0.594,0.187,0.476,0.507,0.163,0.577,0.326,0.034,0.548,-0.036,0.404,0.295,0.582,-0.104,0.189,0.779,0.282,0.737,0.479,0.621,0.389,0.297,0.583,0.194,0.662,0.425,0.25,0.4,0.567,0.13,0.407,0.539,0.157,0.494,0.598,0.417
BIDU,0.224,0.063,0.054,0.694,0.438,-0.155,0.605,0.34,0.414,-0.118,-0.049,0.435,0.422,0.352,0.574,0.564,0.436,0.176,0.494,0.122,0.471,0.58,-0.143,0.559,0.498,1.0,0.77,0.492,0.51,0.558,0.583,0.589,0.065,0.625,0.233,0.083,0.093,0.409,0.227,0.27,0.269,0.245,0.006,0.538,0.181,-0.102,0.044,0.478,0.472,0.408,0.536,0.537,0.105,0.592,0.507,0.604,0.453,0.554,0.71,0.14,0.423,0.41,0.665,0.119,0.522,0.49,-0.22,0.531,0.449,0.422,-0.13,0.582,0.407,0.688,0.604,0.238,0.51,0.25,0.414,0.411,0.548,0.652,0.596,0.279,0.312,0.473,0.344,0.109,0.45,0.275,0.708,-0.138,-0.195,0.782,0.254,0.237,0.568,0.111,0.58,0.438,0.363,0.356,0.394,-0.074,-0.224,0.489,0.546,0.634,0.585,-0.177,0.625,0.385,0.716,0.453,0.465,0.596,0.215,0.426,0.44,0.413,-0.071,0.41,0.654,0.629,0.446,0.643,0.469,0.533,0.48,0.379,0.505,0.542,0.156,0.358,0.363,0.282,-0.421,0.332,0.33,0.799,0.595,0.312,0.647,0.553,0.7,0.669,0.566,0.359,0.354,0.424,0.361,0.489,0.624,0.28,0.628,0.623,-0.36,0.485,0.529,0.4,0.369,0.436,0.512,0.393,0.619,0.01,0.308,0.715,-0.063,0.741,0.455,0.191,0.605,-0.11,0.38,0.562,0.466,0.145,0.276,0.425,-0.051,0.694,0.373,0.582,0.064,0.187,0.367,-0.025,0.552,0.008,0.367,0.509,0.601,-0.134,0.546,0.557,0.398,0.68,0.584,0.203
BILI,0.074,-0.018,0.288,0.707,0.491,0.1,0.48,0.449,0.43,0.165,0.054,0.6,0.587,0.277,0.575,0.459,0.343,0.374,0.4,-0.079,0.28,0.597,0.156,0.728,0.619,0.77,1.0,0.348,0.745,0.484,0.46,0.492,0.027,0.557,0.389,0.107,0.046,0.37,0.064,0.229,0.291,0.135,-0.181,0.729,0.334,-0.233,0.137,0.383,0.459,0.25,0.461,0.415,-0.107,0.791,0.482,0.587,0.402,0.572,0.701,0.23,0.238,0.609,0.56,0.069,0.376,0.431,-0.201,0.49,0.309,0.597,0.007,0.573,0.296,0.556,0.718,0.107,0.458,0.526,0.593,0.59,0.629,0.641,0.563,0.066,0.301,0.334,0.138,0.262,0.703,0.428,0.811,0.241,-0.246,0.868,0.199,0.439,0.407,0.118,0.428,0.297,0.106,0.159,0.351,0.151,-0.001,0.395,0.558,0.635,0.628,0.118,0.526,0.67,0.671,0.634,0.234,0.545,0.36,0.523,0.726,0.379,0.003,0.137,0.554,0.729,0.433,0.587,0.392,0.523,0.353,0.251,0.752,0.421,-0.072,0.233,0.414,0.184,-0.324,0.361,0.225,0.927,0.578,0.357,0.545,0.433,0.648,0.507,0.766,0.524,0.153,0.356,0.196,0.291,0.65,0.245,0.714,0.627,-0.08,0.676,0.46,0.219,0.204,0.69,0.347,0.389,0.542,0.299,0.687,0.736,0.1,0.842,0.32,0.023,0.542,0.004,0.167,0.495,0.485,-0.07,0.168,0.511,0.173,0.783,0.498,0.676,0.283,0.289,0.398,0.159,0.744,0.287,0.146,0.547,0.58,-0.18,0.548,0.464,0.378,0.601,0.712,0.445
BKR,0.732,0.602,-0.398,0.743,0.695,-0.535,0.546,0.229,0.355,-0.494,0.332,0.157,0.041,0.61,0.843,0.77,0.838,-0.224,0.755,0.569,0.77,0.781,-0.665,0.38,0.302,0.492,0.348,1.0,0.395,0.601,0.781,0.842,0.394,0.814,-0.247,0.504,0.705,0.871,0.714,0.689,0.248,0.681,0.567,0.372,0.358,0.422,0.55,0.794,0.782,0.872,0.838,0.872,0.559,0.366,0.748,0.697,0.829,0.809,0.566,0.309,0.592,0.113,0.786,0.066,0.873,0.906,0.359,0.852,0.756,0.202,0.271,0.725,0.86,0.73,0.651,0.507,0.872,-0.175,0.155,0.129,0.612,0.712,0.809,0.76,0.817,0.761,0.778,0.039,0.008,0.044,0.412,-0.476,0.34,0.32,0.205,-0.172,0.748,0.465,0.718,0.921,0.753,0.846,0.829,-0.511,-0.498,0.838,0.747,0.399,0.559,-0.474,0.779,0.197,0.705,0.377,0.741,0.728,-0.315,0.179,0.12,0.656,0.012,0.769,0.683,0.245,0.685,0.53,0.879,0.894,0.905,0.564,0.109,0.881,0.595,0.868,0.679,0.812,-0.021,0.569,0.89,0.387,0.782,0.023,0.736,0.907,0.692,0.712,0.426,-0.303,0.741,0.733,0.746,0.791,0.638,0.655,0.446,0.837,-0.634,0.262,0.725,0.823,0.817,0.361,0.763,0.635,0.827,-0.516,-0.027,0.629,-0.009,0.528,0.705,0.772,0.721,-0.056,0.497,0.622,0.78,0.457,0.72,0.432,-0.508,0.528,0.366,0.51,-0.365,-0.307,0.585,0.14,0.181,-0.371,0.74,0.486,0.469,-0.027,0.777,0.87,0.693,0.814,0.465,0.084
BLDP,0.121,0.076,0.199,0.655,0.537,0.055,0.428,0.593,0.485,0.154,0.196,0.502,0.534,0.298,0.601,0.464,0.388,0.34,0.423,0.042,0.385,0.676,0.133,0.607,0.586,0.51,0.745,0.395,1.0,0.425,0.419,0.504,0.047,0.572,0.296,0.125,0.221,0.37,0.082,0.276,0.066,0.324,-0.066,0.697,0.302,-0.061,0.194,0.42,0.559,0.343,0.527,0.49,-0.026,0.773,0.611,0.609,0.527,0.691,0.619,0.208,0.155,0.724,0.462,-0.045,0.431,0.48,-0.112,0.537,0.344,0.681,0.004,0.516,0.368,0.45,0.737,0.206,0.48,0.483,0.58,0.568,0.775,0.577,0.604,0.154,0.399,0.254,0.152,0.38,0.592,0.495,0.6,0.267,-0.235,0.601,0.11,0.331,0.288,0.264,0.546,0.361,0.096,0.26,0.436,0.047,-0.098,0.419,0.642,0.652,0.647,0.135,0.461,0.62,0.658,0.579,0.25,0.535,0.405,0.494,0.728,0.396,-0.108,0.24,0.548,0.689,0.561,0.541,0.509,0.557,0.419,0.325,0.675,0.467,-0.014,0.292,0.616,0.303,-0.262,0.25,0.358,0.702,0.639,0.24,0.569,0.447,0.583,0.558,0.662,0.392,0.189,0.514,0.288,0.317,0.772,0.302,0.788,0.619,-0.026,0.72,0.403,0.274,0.247,0.76,0.347,0.421,0.565,0.268,0.583,0.647,0.032,0.696,0.386,0.035,0.571,-0.092,0.139,0.575,0.504,-0.117,0.118,0.557,0.131,0.758,0.619,0.719,0.254,0.262,0.328,0.295,0.67,0.324,0.138,0.672,0.361,-0.031,0.652,0.487,0.58,0.59,0.802,0.449
BLNK,0.456,0.22,0.108,0.654,0.475,-0.311,0.697,0.067,0.484,-0.115,-0.072,0.588,0.32,0.346,0.755,0.704,0.759,0.269,0.778,0.339,0.582,0.74,-0.382,0.631,0.638,0.558,0.484,0.601,0.425,1.0,0.637,0.667,0.006,0.677,0.175,0.595,0.427,0.614,0.532,0.252,0.428,0.295,0.242,0.588,0.579,-0.115,0.272,0.765,0.71,0.611,0.606,0.581,0.164,0.515,0.48,0.75,0.431,0.681,0.752,0.481,0.709,0.35,0.669,-0.053,0.684,0.688,0.09,0.773,0.69,0.31,0.078,0.682,0.621,0.545,0.612,0.467,0.761,0.113,0.305,0.326,0.519,0.491,0.773,0.464,0.544,0.746,0.435,0.235,0.247,0.21,0.563,-0.237,0.25,0.515,0.492,0.27,0.612,0.032,0.507,0.682,0.511,0.583,0.522,-0.219,-0.401,0.566,0.559,0.308,0.627,-0.362,0.601,0.485,0.713,0.39,0.547,0.637,-0.185,0.5,0.385,0.7,-0.1,0.561,0.545,0.586,0.645,0.599,0.564,0.643,0.609,0.707,0.425,0.628,0.385,0.608,0.553,0.473,-0.207,0.609,0.483,0.515,0.74,0.059,0.667,0.736,0.767,0.628,0.496,0.139,0.704,0.415,0.596,0.535,0.578,0.474,0.397,0.749,-0.435,0.494,0.712,0.694,0.531,0.541,0.684,0.747,0.761,-0.189,0.233,0.611,0.269,0.575,0.54,0.388,0.616,-0.031,0.648,0.447,0.646,0.177,0.595,0.731,-0.037,0.734,0.299,0.649,0.093,0.142,0.726,-0.035,0.43,0.111,0.589,0.311,0.565,0.162,0.525,0.792,0.258,0.719,0.454,0.291
BYND,0.621,0.375,-0.366,0.642,0.515,-0.618,0.584,0.213,0.335,-0.529,0.124,0.218,0.074,0.587,0.816,0.728,0.654,-0.2,0.678,0.477,0.716,0.631,-0.437,0.28,0.33,0.583,0.46,0.781,0.419,0.637,1.0,0.847,0.357,0.752,-0.049,0.336,0.481,0.656,0.497,0.524,0.134,0.492,0.453,0.346,0.229,0.228,0.24,0.671,0.67,0.7,0.816,0.892,0.411,0.33,0.679,0.649,0.717,0.642,0.621,0.297,0.494,0.204,0.698,0.047,0.701,0.754,0.153,0.734,0.639,0.215,-0.006,0.62,0.692,0.792,0.499,0.347,0.685,-0.163,0.191,0.257,0.575,0.747,0.718,0.627,0.577,0.644,0.714,-0.023,-0.06,0.063,0.548,-0.492,0.192,0.421,0.177,-0.167,0.635,0.224,0.695,0.705,0.673,0.766,0.608,-0.589,-0.568,0.817,0.807,0.54,0.51,-0.454,0.737,0.218,0.661,0.389,0.732,0.742,-0.315,0.145,0.073,0.599,-0.073,0.665,0.725,0.293,0.634,0.637,0.717,0.729,0.723,0.537,0.129,0.697,0.467,0.718,0.563,0.789,-0.264,0.492,0.707,0.531,0.747,0.078,0.828,0.735,0.713,0.646,0.395,-0.139,0.593,0.8,0.713,0.873,0.737,0.528,0.502,0.759,-0.59,0.264,0.546,0.621,0.597,0.386,0.791,0.619,0.698,-0.311,-0.058,0.746,-0.1,0.662,0.716,0.517,0.635,-0.244,0.424,0.746,0.606,0.298,0.553,0.464,-0.443,0.489,0.423,0.405,-0.273,-0.202,0.431,-0.029,0.236,-0.393,0.706,0.466,0.442,-0.031,0.606,0.723,0.548,0.875,0.414,0.161
CAN,0.659,0.347,-0.313,0.756,0.567,-0.517,0.587,0.148,0.441,-0.417,0.161,0.221,0.156,0.594,0.87,0.761,0.723,-0.09,0.783,0.387,0.7,0.727,-0.483,0.451,0.368,0.589,0.492,0.842,0.504,0.667,0.847,1.0,0.305,0.852,-0.006,0.426,0.53,0.747,0.55,0.506,0.228,0.549,0.434,0.433,0.293,0.216,0.312,0.748,0.725,0.774,0.838,0.888,0.496,0.454,0.776,0.689,0.784,0.757,0.611,0.259,0.619,0.317,0.759,0.079,0.844,0.851,0.244,0.787,0.721,0.267,0.135,0.652,0.768,0.805,0.617,0.435,0.774,-0.13,0.241,0.276,0.577,0.768,0.75,0.773,0.655,0.709,0.773,0.044,0.041,0.24,0.502,-0.426,0.234,0.466,0.231,-0.041,0.711,0.246,0.738,0.798,0.761,0.782,0.685,-0.467,-0.568,0.82,0.825,0.542,0.608,-0.487,0.818,0.23,0.734,0.386,0.833,0.81,-0.329,0.152,0.219,0.579,-0.053,0.609,0.701,0.405,0.772,0.616,0.764,0.766,0.786,0.627,0.225,0.784,0.43,0.792,0.635,0.791,-0.229,0.546,0.742,0.563,0.872,0.102,0.786,0.85,0.738,0.774,0.445,-0.119,0.628,0.769,0.702,0.901,0.768,0.57,0.441,0.869,-0.612,0.35,0.669,0.728,0.692,0.416,0.797,0.705,0.781,-0.353,0.005,0.733,0.022,0.696,0.788,0.608,0.683,-0.125,0.476,0.725,0.654,0.302,0.605,0.508,-0.381,0.544,0.353,0.573,-0.223,-0.134,0.569,-0.024,0.313,-0.305,0.743,0.565,0.489,-0.002,0.765,0.821,0.648,0.854,0.541,0.171
