,AAL,AAPL,ABUS,ADBE,ADI,ADMA,AEP,AGNC,AKBA,ALT,AMAT,AMD,AMGN,AMZN,APA,APPS,ARCC,ARDX,ATER,ATOS,AUPH,AVGO,AZN,BCRX,BGC,BIDU,BILI,BKR,BLDP,BLNK,BYND,CAN,CELH,CG,CGC,CHRD,CLNE,CMCSA,COMM,COST,CPB,CPRT,CRON,CRWD,CSCO,CSGP,CSX,CTSH,CZR,DBX,DDOG,DKNG,DLTR,DOCU,DVAX,DXCM,EA,EBAY,ENPH,ERIC,ESPR,ETSY,EXC,EXEL,EXPE,FANG,FAST,FITB,FLEX,FOLD,FOXA,FSLR,FTNT,FUTU,GEN,GERN,GEVO,GILD,GOOG,GOOGL,GPRO,GT,HBAN,HIVE,HON,HST,HUT,IBRX,INTC,IOVA,IQ,IRWD,JBLU,JD,KDP,KHC,LBTYK,LRCX,LYFT,MAR,MARA,MAT,MCHP,MCRB,MDLZ,META,MGNI,MLCO,MNKD,MNST,MOMO,MRNA,MRVL,MSFT,MSTR,MTCH,MU,MVIS,NDAQ,NFLX,NKTR,NNDM,NTES,NTNX,NVAX,NVDA,NWL,NWSA,NXPI,OCGN,OKTA,ON,OPK,PAA,PACB,PAGP,PANW,PARA,PCAR,PDD,PENN,PEP,PLUG,PTEN,PTON,PYPL,QCOM,QUBT,QVCGA,RDFN,REAL,RIOT,ROKU,ROST,RUN,SABR,SAVA,SBUX,SFIX,SGMO,SIRI,SLM,SMCI,SNDL,SONO,STNE,STX,TCOM,TGTX,TIGR,TLRY,TMUS,TRIP,TSCO,TSLA,TTD,TXN,UAL,UNIT,VERU,VKTX,VLY,VOD,VTRS,VXRT,WBA,WBD,WDAY,WDC,WEN,WW,WYNN,XEL,XP,XRAY,XRX,Z,ZION,ZM,ZS
AAL,1.0,0.249,0.426,0.126,0.428,0.188,0.195,0.513,0.033,-0.01,0.262,-0.083,0.141,0.272,0.361,0.317,0.696,0.372,0.384,0.12,0.158,0.183,0.088,0.254,0.16,0.007,0.003,0.572,0.59,0.571,0.406,0.105,0.223,0.355,-0.01,0.489,0.657,0.333,0.585,0.095,0.148,0.292,0.127,0.116,0.26,0.511,0.583,0.486,0.731,0.069,0.461,0.638,0.313,0.201,0.174,0.142,0.068,0.384,0.544,0.298,0.31,0.25,0.314,0.095,0.681,0.45,0.614,0.769,0.656,0.142,0.299,0.462,0.221,0.124,0.368,0.084,0.273,0.278,-0.16,-0.151,0.484,0.757,0.708,0.272,0.712,0.61,0.216,0.401,0.183,0.166,0.413,0.011,0.888,0.359,0.2,0.337,0.343,0.225,-0.22,0.647,0.239,0.456,0.576,-0.036,0.189,0.131,0.276,0.46,0.469,0.254,0.481,0.15,0.392,0.108,0.259,-0.097,-0.014,0.349,0.387,0.152,-0.024,0.54,-0.104,0.376,0.304,0.105,0.596,0.345,0.381,0.058,0.197,0.456,0.322,0.547,0.211,0.492,0.223,0.277,0.725,0.104,0.435,0.209,0.259,0.621,0.489,0.504,0.217,0.109,0.463,0.26,0.544,0.159,0.089,0.342,0.687,0.686,0.111,0.391,0.096,0.164,0.344,0.37,-0.168,0.45,0.089,0.568,0.378,0.342,0.099,0.386,-0.003,0.198,0.667,0.246,0.271,0.16,0.406,0.855,0.632,0.161,0.236,0.427,0.512,0.493,0.153,0.273,0.337,0.281,0.51,0.35,0.069,0.491,0.149,0.413,0.45,0.647,0.204,0.595,0.444,0.275
AAPL,0.249,1.0,0.031,0.915,0.783,0.488,0.296,0.465,-0.609,-0.614,0.096,0.518,0.703,0.894,0.781,0.867,0.657,0.772,-0.298,0.697,0.334,0.527,0.713,0.368,-0.346,0.467,0.173,0.703,0.42,0.376,-0.234,-0.42,0.719,-0.126,-0.62,0.67,0.2,0.815,-0.223,0.646,0.697,0.836,-0.32,0.394,0.903,0.491,0.463,0.828,0.634,0.826,0.321,0.492,0.601,0.294,0.413,0.251,0.754,0.909,0.075,0.608,-0.452,0.392,0.356,0.753,0.134,0.737,0.494,0.375,0.732,-0.548,0.764,0.489,0.796,0.553,0.81,-0.598,-0.378,0.759,0.759,0.761,-0.228,0.522,0.404,0.672,0.405,0.561,0.21,0.76,0.755,-0.527,0.119,0.22,0.248,0.519,0.701,0.669,0.811,0.355,0.088,0.553,0.565,0.746,0.138,0.272,0.874,0.888,0.64,0.631,-0.204,0.798,0.644,0.519,0.603,0.906,0.749,0.094,0.403,0.632,0.813,0.757,-0.731,0.455,0.632,0.545,0.566,0.894,0.499,0.803,0.166,-0.38,0.015,0.012,0.67,0.677,0.784,0.566,0.852,0.732,0.237,-0.537,0.83,0.862,-0.426,0.319,0.47,0.571,0.779,0.479,-0.298,0.623,-0.121,0.694,0.306,0.638,0.298,0.441,-0.462,0.765,-0.166,-0.603,0.763,0.27,0.554,0.413,0.387,0.23,0.814,0.373,0.278,0.511,0.332,0.579,0.635,0.433,0.58,0.755,0.744,-0.149,-0.315,-0.621,0.508,-0.372,-0.13,0.22,-0.228,0.623,0.732,0.745,0.476,0.847,-0.029,0.631,0.52,0.123,0.608,0.122,0.839,-0.213,0.621,0.176
ABUS,0.426,0.031,1.0,0.077,0.202,0.166,-0.257,-0.188,0.226,0.017,0.49,0.128,-0.219,0.062,-0.083,0.041,0.164,0.283,0.281,-0.182,0.255,0.349,-0.263,0.074,0.505,0.346,0.378,0.037,0.54,0.416,0.35,0.245,0.376,0.56,0.288,-0.0,0.04,-0.053,0.607,0.247,-0.132,0.08,0.35,0.406,0.103,0.127,0.052,0.002,0.285,0.166,0.502,0.276,-0.201,0.343,-0.262,0.49,-0.243,0.207,0.467,-0.207,0.224,0.347,-0.203,-0.235,0.522,-0.106,0.647,0.275,0.342,0.159,0.075,0.478,-0.006,0.061,-0.022,0.366,0.548,-0.023,-0.241,-0.284,0.49,0.217,0.199,-0.094,0.164,0.001,0.054,0.31,-0.147,0.401,0.434,-0.129,0.28,0.226,-0.023,0.048,-0.054,0.212,-0.223,0.035,-0.11,0.073,0.317,-0.016,-0.029,-0.191,0.285,0.103,0.296,0.231,0.174,-0.142,0.407,-0.089,-0.086,0.454,-0.044,0.046,0.057,-0.086,-0.093,0.364,-0.167,0.158,-0.206,0.014,0.164,-0.051,0.502,0.45,0.718,0.343,-0.033,-0.07,-0.11,-0.159,0.173,0.132,0.751,0.071,0.034,-0.042,0.593,0.111,-0.09,0.287,0.198,-0.242,0.327,-0.069,0.32,-0.061,0.071,-0.141,0.19,-0.021,0.155,-0.157,0.444,0.273,-0.066,-0.278,-0.0,0.282,-0.35,0.44,-0.045,-0.138,-0.273,0.019,-0.001,-0.261,0.231,-0.144,0.387,0.005,0.353,0.327,0.55,0.314,-0.088,0.587,-0.169,-0.17,0.468,-0.164,0.02,0.141,0.049,0.049,-0.144,0.132,-0.306,0.469,-0.061,0.398,-0.072,0.306,0.257,0.607
ADBE,0.126,0.915,0.077,1.0,0.65,0.428,0.177,0.268,-0.555,-0.668,0.117,0.665,0.602,0.858,0.656,0.787,0.508,0.701,-0.481,0.549,0.394,0.524,0.686,0.321,-0.192,0.687,0.393,0.551,0.35,0.282,-0.375,-0.397,0.762,-0.029,-0.509,0.504,0.003,0.717,-0.301,0.639,0.631,0.768,-0.292,0.409,0.846,0.406,0.304,0.747,0.43,0.857,0.249,0.345,0.432,0.359,0.337,0.39,0.698,0.894,-0.047,0.502,-0.495,0.429,0.213,0.692,0.127,0.585,0.461,0.377,0.674,-0.569,0.702,0.523,0.728,0.464,0.764,-0.597,-0.365,0.632,0.815,0.817,-0.351,0.386,0.37,0.562,0.225,0.354,0.17,0.742,0.667,-0.526,0.019,0.186,0.118,0.441,0.623,0.616,0.736,0.389,0.23,0.414,0.473,0.7,0.02,0.161,0.829,0.817,0.726,0.539,-0.321,0.717,0.593,0.327,0.698,0.891,0.644,0.223,0.491,0.486,0.74,0.696,-0.786,0.332,0.656,0.522,0.407,0.893,0.294,0.696,0.142,-0.307,0.115,-0.028,0.486,0.514,0.59,0.426,0.84,0.73,0.188,-0.629,0.801,0.805,-0.446,0.13,0.216,0.468,0.885,0.277,-0.479,0.441,-0.308,0.628,0.241,0.425,0.036,0.205,-0.489,0.593,-0.146,-0.66,0.73,0.072,0.602,0.422,0.243,0.235,0.693,0.203,0.168,0.338,0.503,0.505,0.45,0.294,0.574,0.786,0.691,-0.269,-0.415,-0.637,0.401,-0.296,-0.278,0.067,-0.208,0.478,0.685,0.66,0.4,0.721,-0.101,0.496,0.39,0.261,0.42,0.035,0.749,-0.195,0.462,0.231
ADI,0.428,0.783,0.202,0.65,1.0,0.376,0.205,0.348,-0.394,-0.456,0.392,0.371,0.538,0.77,0.63,0.678,0.634,0.754,-0.007,0.6,0.264,0.645,0.534,0.221,-0.155,0.316,0.037,0.746,0.554,0.639,-0.005,-0.25,0.549,0.03,-0.482,0.638,0.372,0.7,0.032,0.653,0.437,0.708,-0.119,0.496,0.762,0.522,0.425,0.719,0.738,0.61,0.451,0.633,0.495,0.294,0.238,0.232,0.545,0.768,0.353,0.577,-0.259,0.456,0.294,0.479,0.405,0.629,0.667,0.367,0.77,-0.302,0.761,0.53,0.685,0.567,0.635,-0.325,-0.111,0.624,0.493,0.46,0.039,0.569,0.351,0.564,0.488,0.575,0.3,0.562,0.717,-0.267,0.444,0.05,0.411,0.629,0.496,0.484,0.655,0.647,0.037,0.578,0.52,0.71,0.559,0.184,0.613,0.673,0.558,0.532,-0.023,0.756,0.559,0.426,0.638,0.678,0.66,0.071,0.332,0.671,0.715,0.563,-0.474,0.613,0.449,0.576,0.448,0.7,0.574,0.632,0.551,-0.181,0.167,0.44,0.554,0.604,0.67,0.459,0.714,0.608,0.433,-0.323,0.685,0.6,-0.086,0.367,0.409,0.577,0.694,0.48,-0.004,0.546,0.105,0.551,0.483,0.625,0.475,0.548,-0.311,0.679,0.043,-0.327,0.61,0.347,0.412,0.469,0.421,0.271,0.791,0.491,0.196,0.6,0.171,0.376,0.795,0.447,0.529,0.599,0.878,0.13,-0.046,-0.434,0.518,-0.134,-0.024,0.178,-0.13,0.574,0.66,0.762,0.575,0.733,-0.012,0.704,0.359,0.172,0.557,0.453,0.605,-0.108,0.641,0.298
ADMA,0.188,0.488,0.166,0.428,0.376,1.0,0.289,0.333,-0.348,-0.399,-0.159,0.014,0.623,0.303,0.619,0.599,0.472,0.577,-0.18,0.228,0.471,0.107,0.504,0.735,-0.338,0.239,-0.0,0.432,0.244,0.253,0.22,-0.43,0.46,-0.204,-0.423,0.581,0.118,0.492,-0.022,0.382,0.633,0.549,-0.094,-0.105,0.517,0.576,0.322,0.548,0.399,0.435,-0.073,0.206,0.458,-0.076,0.535,-0.101,0.586,0.415,0.087,0.489,-0.024,-0.141,0.302,0.468,-0.167,0.506,0.335,0.221,0.344,-0.235,0.361,0.497,0.609,0.484,0.481,-0.167,-0.245,0.675,0.333,0.297,-0.221,0.417,0.454,0.297,0.427,0.294,-0.208,0.426,0.453,-0.303,0.018,0.564,0.193,0.39,0.413,0.634,0.36,-0.01,-0.182,-0.027,0.131,0.434,-0.132,-0.008,0.63,0.485,0.31,0.535,0.109,0.488,0.375,0.282,0.246,0.48,0.364,0.124,0.337,0.467,0.479,0.587,-0.337,0.306,0.451,-0.002,0.541,0.443,0.592,0.528,-0.031,-0.22,-0.116,-0.223,0.319,0.464,0.514,0.342,0.282,0.531,0.255,-0.361,0.369,0.576,-0.261,0.312,0.356,0.271,0.397,0.164,-0.073,0.332,0.119,0.367,0.006,0.248,0.313,0.22,-0.414,0.409,-0.219,-0.352,0.551,0.104,0.242,0.209,0.202,0.128,0.56,0.13,0.326,0.443,0.113,0.324,0.218,0.127,0.171,0.509,0.472,-0.122,-0.036,-0.311,0.335,-0.201,-0.062,0.277,-0.058,0.485,0.324,0.367,0.383,0.58,0.007,0.27,0.339,-0.093,0.546,0.121,0.585,-0.198,0.188,0.178
AEP,0.195,0.296,-0.257,0.177,0.205,0.289,1.0,0.591,-0.349,0.087,-0.238,-0.282,0.724,0.346,0.508,0.354,0.461,0.335,0.161,0.167,0.021,-0.196,0.476,0.507,-0.436,-0.334,-0.526,0.488,-0.302,0.164,0.154,-0.138,-0.216,-0.434,-0.445,0.614,0.684,0.63,-0.075,0.125,0.707,0.346,-0.301,-0.282,0.477,0.509,0.658,0.547,0.458,-0.031,-0.212,0.228,0.756,-0.218,0.632,-0.264,0.515,0.258,-0.153,0.411,-0.009,-0.421,0.944,0.47,-0.185,0.576,0.059,0.187,0.046,0.016,0.191,-0.113,0.361,-0.038,0.495,-0.069,-0.221,0.663,0.244,0.225,-0.052,0.296,0.266,0.276,0.487,0.66,-0.081,0.08,0.567,-0.155,-0.267,0.194,0.396,0.077,0.698,0.666,0.55,-0.179,-0.101,0.254,0.268,0.358,-0.032,0.097,0.505,0.472,-0.133,0.316,0.12,0.366,0.1,0.527,-0.23,0.407,0.49,-0.645,-0.083,0.448,0.532,0.293,0.111,0.143,0.052,0.259,0.737,0.146,0.563,0.513,-0.324,-0.231,-0.392,-0.342,0.531,0.644,0.393,0.499,-0.049,0.286,-0.09,-0.025,0.335,0.559,-0.479,0.62,0.637,0.29,0.041,0.253,0.085,0.434,0.254,0.245,-0.055,0.451,0.391,0.55,-0.002,0.681,-0.356,-0.062,0.513,0.731,-0.321,-0.156,0.561,0.093,0.486,0.247,0.451,0.294,-0.125,0.741,0.154,0.525,-0.349,0.069,0.09,0.133,0.045,-0.13,0.461,-0.256,0.496,0.641,-0.362,0.728,0.361,0.328,0.281,0.556,0.27,0.232,0.9,-0.026,0.676,0.083,0.267,0.091,0.298,-0.494
AGNC,0.513,0.465,-0.188,0.268,0.348,0.333,0.591,1.0,-0.457,-0.218,-0.341,-0.291,0.637,0.408,0.636,0.489,0.709,0.425,0.129,0.38,0.144,-0.146,0.497,0.523,-0.436,-0.192,-0.373,0.69,0.083,0.262,0.267,-0.358,0.103,-0.335,-0.429,0.706,0.57,0.578,0.059,0.094,0.614,0.502,-0.269,-0.217,0.429,0.522,0.591,0.654,0.683,0.167,0.089,0.397,0.644,-0.2,0.451,-0.23,0.543,0.373,0.063,0.586,0.13,-0.111,0.61,0.469,0.099,0.754,0.091,0.427,0.459,-0.188,0.305,0.063,0.47,0.268,0.509,-0.311,-0.319,0.667,0.148,0.183,0.039,0.524,0.525,0.301,0.619,0.74,-0.15,0.313,0.507,-0.126,-0.066,0.278,0.586,0.297,0.515,0.633,0.537,-0.187,-0.272,0.477,0.222,0.597,0.051,0.038,0.535,0.512,0.014,0.559,0.282,0.349,0.491,0.474,0.028,0.386,0.417,-0.459,-0.07,0.519,0.537,0.455,-0.116,0.364,0.212,0.218,0.686,0.195,0.675,0.615,-0.197,-0.436,-0.395,-0.131,0.604,0.8,0.623,0.758,0.203,0.314,0.135,-0.166,0.48,0.569,-0.339,0.668,0.705,0.3,0.087,0.496,0.104,0.469,0.337,0.258,-0.039,0.622,0.61,0.709,-0.161,0.739,-0.325,-0.155,0.532,0.64,-0.131,0.037,0.446,0.157,0.557,0.333,0.368,0.449,-0.146,0.638,0.534,0.39,0.0,0.229,0.131,0.338,0.131,-0.222,0.478,-0.24,0.526,0.683,-0.066,0.648,0.366,0.305,0.346,0.571,0.09,0.488,0.652,-0.112,0.676,0.204,0.447,0.065,0.46,-0.259
AKBA,0.033,-0.609,0.226,-0.555,-0.394,-0.348,-0.349,-0.457,1.0,0.457,0.337,-0.114,-0.588,-0.547,-0.527,-0.604,-0.427,-0.576,0.457,-0.538,-0.454,0.024,-0.611,-0.385,0.57,-0.181,0.08,-0.495,-0.009,-0.228,0.282,0.724,-0.346,0.604,0.577,-0.487,-0.029,-0.531,0.463,-0.374,-0.531,-0.535,0.379,0.071,-0.62,-0.418,-0.475,-0.551,-0.393,-0.405,-0.007,-0.298,-0.483,0.17,-0.21,0.233,-0.657,-0.499,0.229,-0.646,0.311,0.011,-0.366,-0.662,0.216,-0.525,-0.095,0.01,-0.378,0.563,-0.332,-0.112,-0.663,-0.501,-0.455,0.709,0.664,-0.642,-0.38,-0.448,0.453,-0.308,-0.062,-0.337,-0.089,-0.372,0.233,-0.481,-0.65,0.354,0.11,-0.204,-0.045,-0.491,-0.652,-0.548,-0.571,-0.057,0.259,-0.174,-0.15,-0.623,0.24,-0.103,-0.664,-0.581,-0.086,-0.541,0.256,-0.552,-0.556,-0.284,-0.141,-0.625,-0.497,0.138,-0.34,-0.578,-0.517,-0.675,0.568,-0.304,-0.515,-0.145,-0.497,-0.546,-0.364,-0.59,0.215,0.688,0.246,0.273,-0.505,-0.5,-0.648,-0.502,-0.418,-0.447,0.074,0.531,-0.442,-0.609,0.556,-0.189,-0.428,-0.166,-0.346,-0.348,0.424,-0.317,0.205,-0.441,-0.115,-0.479,-0.093,-0.152,0.485,-0.542,0.453,0.562,-0.586,-0.191,-0.339,-0.143,-0.296,0.085,-0.56,0.001,-0.311,-0.399,-0.032,-0.479,-0.253,-0.368,-0.202,-0.423,-0.342,0.388,0.527,0.679,-0.65,0.722,0.24,-0.241,0.129,-0.571,-0.416,-0.646,-0.399,-0.55,0.113,-0.405,-0.464,0.09,-0.519,0.142,-0.509,0.474,-0.443,0.045
ALT,-0.01,-0.614,0.017,-0.668,-0.456,-0.399,0.087,-0.218,0.457,1.0,0.285,-0.322,-0.513,-0.528,-0.532,-0.587,-0.296,-0.518,0.595,-0.507,-0.424,-0.264,-0.686,-0.36,0.27,-0.496,-0.323,-0.393,-0.211,-0.136,0.467,0.545,-0.522,0.075,0.589,-0.438,0.183,-0.552,0.416,-0.53,-0.515,-0.696,0.499,-0.158,-0.495,-0.311,-0.106,-0.518,-0.187,-0.749,-0.054,-0.168,-0.283,-0.1,-0.351,-0.18,-0.577,-0.61,0.116,-0.609,0.456,-0.319,0.072,-0.581,0.026,-0.481,-0.197,-0.234,-0.513,0.53,-0.54,-0.468,-0.657,-0.566,-0.563,0.711,0.594,-0.481,-0.609,-0.608,0.524,-0.201,-0.286,-0.441,-0.163,-0.055,0.001,-0.507,-0.441,0.535,-0.031,-0.381,0.067,-0.445,-0.29,-0.465,-0.405,-0.268,-0.209,-0.189,-0.299,-0.567,0.146,-0.226,-0.605,-0.599,-0.59,-0.475,0.315,-0.492,-0.517,-0.198,-0.534,-0.58,-0.465,-0.294,-0.624,-0.293,-0.543,-0.618,0.701,-0.147,-0.729,-0.158,-0.397,-0.625,-0.233,-0.551,-0.041,0.542,0.173,0.079,-0.356,-0.383,-0.509,-0.46,-0.541,-0.661,-0.061,0.752,-0.618,-0.628,0.357,0.07,0.028,-0.279,-0.647,-0.283,0.559,-0.282,0.491,-0.565,-0.198,-0.308,0.097,-0.079,0.756,-0.399,0.305,0.712,-0.58,-0.048,-0.61,-0.094,-0.251,-0.192,-0.571,-0.162,-0.284,-0.395,-0.347,-0.42,-0.29,-0.167,-0.456,-0.687,-0.491,0.276,0.55,0.735,-0.378,0.41,0.261,-0.108,0.239,-0.378,-0.542,-0.468,-0.378,-0.528,-0.007,-0.386,-0.151,-0.09,-0.361,-0.049,-0.677,0.352,-0.273,-0.172
AMAT,0.262,0.096,0.49,0.117,0.392,-0.159,-0.238,-0.341,0.337,0.285,1.0,0.536,-0.336,0.175,-0.195,-0.079,-0.003,0.067,0.386,-0.079,-0.108,0.715,-0.318,-0.379,0.541,0.32,0.316,-0.025,0.534,0.333,0.199,0.507,0.262,0.53,0.381,-0.199,0.076,-0.109,0.448,0.265,-0.362,-0.115,0.493,0.668,0.12,-0.128,-0.077,-0.051,0.168,0.055,0.507,0.234,-0.282,0.506,-0.372,0.512,-0.295,0.179,0.443,-0.36,0.013,0.473,-0.154,-0.302,0.593,-0.211,0.578,0.124,0.266,0.193,0.198,0.309,-0.135,-0.062,-0.085,0.447,0.679,-0.236,0.027,-0.017,0.518,0.114,-0.02,0.02,-0.022,-0.039,0.436,0.092,-0.07,0.208,0.536,-0.49,0.159,0.014,-0.114,-0.305,-0.0,0.649,0.177,0.235,0.142,-0.104,0.684,-0.069,-0.178,-0.085,0.326,-0.186,0.114,0.197,-0.085,-0.153,0.524,0.052,-0.036,0.335,-0.052,0.016,-0.018,-0.165,-0.036,0.272,-0.146,0.339,-0.362,0.199,-0.126,-0.16,0.806,0.655,0.732,0.644,-0.166,-0.186,-0.219,-0.331,0.296,-0.051,0.46,0.283,0.044,-0.181,0.538,-0.076,-0.188,0.223,0.323,-0.183,0.277,-0.061,0.233,-0.069,0.219,-0.117,0.105,-0.006,0.408,-0.144,0.666,0.328,-0.165,-0.244,0.131,0.49,-0.214,0.155,-0.017,0.113,-0.399,-0.104,0.185,-0.361,0.282,-0.021,0.351,0.078,0.462,0.231,0.376,0.333,-0.241,0.572,-0.12,-0.403,0.276,-0.273,0.038,0.144,0.059,-0.044,-0.189,0.116,-0.295,0.296,-0.255,0.307,-0.133,0.264,0.136,0.483
AMD,-0.083,0.518,0.128,0.665,0.371,0.014,-0.282,-0.291,-0.114,-0.322,0.536,1.0,-0.039,0.547,0.085,0.318,0.001,0.233,-0.328,0.266,0.109,0.687,0.14,-0.245,0.217,0.693,0.637,-0.001,0.398,0.114,-0.427,0.113,0.585,0.298,0.011,-0.108,-0.283,0.167,-0.194,0.42,0.012,0.244,0.151,0.642,0.379,-0.093,-0.088,0.198,-0.034,0.585,0.324,0.083,-0.136,0.615,-0.09,0.536,0.136,0.489,0.012,-0.066,-0.439,0.544,-0.211,0.182,0.209,-0.014,0.351,0.1,0.37,-0.364,0.422,0.433,0.25,0.201,0.272,-0.224,0.058,-0.02,0.615,0.621,-0.146,0.087,0.0,0.357,-0.243,-0.121,0.433,0.415,0.165,-0.356,0.161,-0.243,-0.159,0.117,0.1,-0.043,0.263,0.605,0.454,0.209,0.39,0.172,0.19,0.068,0.259,0.393,0.644,0.008,-0.458,0.319,0.169,-0.065,0.705,0.562,0.271,0.507,0.392,0.065,0.214,0.273,-0.563,0.067,0.355,0.323,-0.185,0.717,-0.22,0.164,0.404,0.186,0.443,0.248,0.013,-0.072,0.05,-0.145,0.641,0.324,0.128,-0.224,0.387,0.241,-0.069,-0.333,-0.229,0.258,0.742,-0.125,-0.362,0.136,-0.351,0.364,0.249,-0.045,-0.289,-0.198,-0.098,0.056,0.226,-0.335,0.234,-0.333,0.589,0.509,-0.139,0.174,0.23,0.09,-0.126,-0.01,0.63,-0.044,0.141,-0.017,0.535,0.587,0.522,-0.307,-0.34,-0.262,-0.078,0.039,-0.461,-0.462,-0.028,-0.128,0.309,0.282,0.168,0.175,-0.141,0.097,-0.151,0.335,-0.155,-0.064,0.314,-0.083,0.152,0.374
AMGN,0.141,0.703,-0.219,0.602,0.538,0.623,0.724,0.637,-0.588,-0.513,-0.336,-0.039,1.0,0.612,0.849,0.761,0.613,0.695,-0.263,0.489,0.328,0.036,0.843,0.737,-0.619,0.059,-0.253,0.691,-0.043,0.199,-0.085,-0.537,0.271,-0.453,-0.802,0.846,0.418,0.89,-0.319,0.454,0.929,0.795,-0.542,-0.167,0.767,0.66,0.574,0.807,0.547,0.496,-0.158,0.303,0.85,-0.131,0.761,-0.178,0.873,0.644,-0.13,0.735,-0.302,-0.14,0.719,0.791,-0.199,0.823,0.189,0.275,0.378,-0.351,0.55,0.253,0.8,0.399,0.796,-0.487,-0.554,0.927,0.599,0.562,-0.4,0.426,0.445,0.537,0.543,0.607,-0.085,0.433,0.805,-0.462,-0.169,0.448,0.263,0.393,0.759,0.884,0.733,-0.008,-0.021,0.305,0.408,0.664,-0.125,0.155,0.882,0.797,0.287,0.605,-0.071,0.623,0.427,0.584,0.149,0.729,0.73,-0.319,0.36,0.618,0.794,0.68,-0.385,0.255,0.561,0.333,0.887,0.569,0.685,0.812,-0.232,-0.548,-0.447,-0.332,0.68,0.799,0.745,0.675,0.375,0.692,-0.025,-0.501,0.652,0.89,-0.643,0.506,0.582,0.359,0.442,0.449,-0.247,0.561,-0.067,0.585,0.087,0.605,0.345,0.515,-0.527,0.826,-0.501,-0.528,0.81,0.586,0.183,-0.022,0.615,0.108,0.822,0.327,0.549,0.531,0.063,0.813,0.362,0.483,0.046,0.531,0.448,-0.121,-0.287,-0.59,0.649,-0.51,0.19,0.572,-0.409,0.889,0.657,0.583,0.466,0.839,0.167,0.453,0.846,-0.075,0.813,0.044,0.734,-0.218,0.374,-0.269
AMZN,0.272,0.894,0.062,0.858,0.77,0.303,0.346,0.408,-0.547,-0.528,0.175,0.547,0.612,1.0,0.627,0.726,0.596,0.725,-0.214,0.595,0.263,0.501,0.609,0.234,-0.217,0.409,0.142,0.661,0.332,0.463,-0.235,-0.263,0.569,-0.058,-0.506,0.571,0.297,0.776,-0.197,0.61,0.601,0.733,-0.223,0.487,0.857,0.483,0.482,0.755,0.611,0.738,0.444,0.561,0.521,0.418,0.311,0.309,0.649,0.834,0.062,0.559,-0.424,0.403,0.399,0.67,0.242,0.65,0.479,0.353,0.686,-0.48,0.704,0.416,0.695,0.449,0.731,-0.508,-0.268,0.657,0.718,0.723,-0.082,0.474,0.314,0.617,0.324,0.582,0.258,0.655,0.766,-0.393,0.161,0.022,0.32,0.498,0.67,0.602,0.777,0.463,0.14,0.575,0.577,0.746,0.236,0.265,0.746,0.852,0.559,0.532,-0.177,0.753,0.53,0.514,0.593,0.905,0.721,-0.026,0.333,0.655,0.801,0.669,-0.596,0.459,0.496,0.63,0.501,0.799,0.433,0.717,0.217,-0.256,0.124,0.099,0.636,0.628,0.661,0.515,0.769,0.66,0.223,-0.396,0.811,0.775,-0.352,0.27,0.445,0.633,0.762,0.413,-0.24,0.678,-0.075,0.632,0.44,0.593,0.272,0.457,-0.331,0.738,-0.101,-0.471,0.693,0.366,0.413,0.435,0.429,0.328,0.739,0.439,0.248,0.481,0.439,0.546,0.617,0.51,0.468,0.704,0.7,-0.065,-0.251,-0.514,0.484,-0.269,-0.114,0.143,-0.177,0.566,0.751,0.745,0.464,0.754,0.01,0.596,0.508,0.286,0.539,0.206,0.693,-0.101,0.732,0.129
APA,0.361,0.781,-0.083,0.656,0.63,0.619,0.508,0.636,-0.527,-0.532,-0.195,0.085,0.849,0.627,1.0,0.845,0.749,0.719,-0.224,0.61,0.31,0.199,0.791,0.61,-0.544,0.142,-0.127,0.82,0.274,0.292,-0.09,-0.487,0.494,-0.23,-0.721,0.91,0.438,0.874,-0.171,0.489,0.809,0.82,-0.377,-0.009,0.754,0.637,0.607,0.89,0.676,0.563,-0.011,0.464,0.855,-0.002,0.719,-0.033,0.834,0.747,0.095,0.7,-0.249,0.104,0.532,0.743,-0.02,0.937,0.4,0.457,0.607,-0.377,0.672,0.437,0.786,0.47,0.867,-0.512,-0.463,0.838,0.575,0.559,-0.306,0.637,0.598,0.629,0.68,0.652,0.053,0.622,0.728,-0.498,-0.006,0.537,0.419,0.431,0.666,0.806,0.78,0.085,-0.027,0.515,0.512,0.708,0.03,0.333,0.844,0.774,0.464,0.797,-0.062,0.622,0.615,0.556,0.319,0.684,0.716,-0.124,0.392,0.58,0.789,0.669,-0.444,0.313,0.601,0.368,0.82,0.676,0.739,0.835,-0.089,-0.511,-0.319,-0.146,0.663,0.887,0.763,0.8,0.54,0.787,0.253,-0.552,0.762,0.826,-0.539,0.632,0.589,0.48,0.527,0.549,-0.169,0.559,-0.005,0.643,0.194,0.708,0.489,0.643,-0.558,0.806,-0.401,-0.561,0.809,0.483,0.382,0.27,0.559,0.28,0.84,0.421,0.559,0.607,0.15,0.743,0.543,0.509,0.315,0.595,0.545,0.052,-0.177,-0.549,0.591,-0.411,0.214,0.601,-0.389,0.812,0.727,0.563,0.565,0.888,0.224,0.627,0.648,0.008,0.787,0.252,0.837,-0.126,0.405,-0.008
APPS,0.317,0.867,0.041,0.787,0.678,0.599,0.354,0.489,-0.604,-0.587,-0.079,0.318,0.761,0.726,0.845,1.0,0.724,0.83,-0.392,0.671,0.507,0.245,0.783,0.591,-0.425,0.28,0.086,0.712,0.386,0.394,-0.181,-0.504,0.691,-0.201,-0.708,0.721,0.251,0.794,-0.239,0.549,0.74,0.873,-0.331,0.118,0.792,0.637,0.554,0.82,0.62,0.712,0.113,0.576,0.675,0.209,0.515,0.026,0.775,0.796,0.104,0.686,-0.374,0.164,0.4,0.73,0.032,0.732,0.394,0.395,0.679,-0.553,0.635,0.56,0.827,0.611,0.787,-0.614,-0.478,0.79,0.577,0.578,-0.361,0.622,0.508,0.636,0.45,0.579,0.083,0.766,0.754,-0.461,0.054,0.373,0.348,0.617,0.671,0.767,0.687,0.256,-0.063,0.452,0.496,0.767,0.022,0.164,0.883,0.805,0.511,0.689,-0.23,0.655,0.615,0.366,0.522,0.77,0.718,0.067,0.502,0.674,0.744,0.789,-0.675,0.46,0.643,0.38,0.636,0.797,0.64,0.865,0.017,-0.528,-0.167,-0.064,0.643,0.701,0.733,0.607,0.703,0.766,0.25,-0.561,0.774,0.869,-0.478,0.37,0.552,0.48,0.685,0.332,-0.281,0.557,-0.127,0.676,0.237,0.575,0.369,0.462,-0.556,0.724,-0.39,-0.586,0.814,0.266,0.456,0.379,0.32,0.329,0.829,0.289,0.379,0.633,0.179,0.571,0.556,0.372,0.507,0.706,0.663,-0.043,-0.274,-0.651,0.615,-0.416,-0.066,0.335,-0.281,0.705,0.667,0.688,0.541,0.795,0.035,0.549,0.526,0.127,0.694,0.114,0.841,-0.179,0.484,0.139
ARCC,0.696,0.657,0.164,0.508,0.634,0.472,0.461,0.709,-0.427,-0.296,-0.003,0.001,0.613,0.596,0.749,0.724,1.0,0.718,-0.029,0.513,0.436,0.121,0.564,0.518,-0.195,0.083,-0.077,0.849,0.362,0.541,0.149,-0.3,0.458,-0.041,-0.497,0.743,0.588,0.707,0.15,0.394,0.618,0.694,-0.176,0.07,0.677,0.758,0.701,0.814,0.862,0.397,0.36,0.713,0.66,0.171,0.388,0.03,0.577,0.638,0.197,0.674,-0.078,0.086,0.553,0.54,0.329,0.794,0.548,0.608,0.748,-0.215,0.532,0.426,0.647,0.44,0.678,-0.373,-0.215,0.715,0.2,0.219,0.039,0.797,0.637,0.442,0.667,0.817,0.012,0.573,0.672,-0.129,0.13,0.33,0.771,0.604,0.663,0.729,0.668,0.165,-0.224,0.577,0.341,0.798,0.213,0.012,0.68,0.58,0.314,0.748,0.138,0.645,0.62,0.402,0.409,0.546,0.554,-0.202,0.187,0.731,0.705,0.608,-0.348,0.679,0.334,0.45,0.61,0.455,0.745,0.745,0.12,-0.361,-0.079,0.093,0.712,0.799,0.695,0.745,0.495,0.585,0.486,-0.285,0.724,0.694,-0.278,0.684,0.672,0.483,0.432,0.426,0.079,0.602,0.312,0.426,0.205,0.674,0.61,0.707,-0.238,0.726,-0.272,-0.293,0.698,0.49,0.061,0.415,0.347,0.475,0.711,0.299,0.338,0.588,-0.019,0.528,0.721,0.533,0.387,0.423,0.547,0.385,0.156,-0.348,0.615,-0.111,0.253,0.581,-0.115,0.683,0.562,0.608,0.581,0.74,0.077,0.75,0.565,0.25,0.73,0.489,0.605,0.143,0.581,0.089
ARDX,0.372,0.772,0.283,0.701,0.754,0.577,0.335,0.425,-0.576,-0.518,0.067,0.233,0.695,0.725,0.719,0.83,0.718,1.0,-0.196,0.537,0.615,0.321,0.637,0.527,-0.266,0.335,0.109,0.735,0.427,0.574,-0.013,-0.402,0.624,-0.126,-0.599,0.73,0.352,0.766,-0.057,0.596,0.651,0.808,-0.224,0.196,0.822,0.696,0.56,0.743,0.719,0.611,0.319,0.607,0.605,0.225,0.349,0.121,0.637,0.77,0.2,0.633,-0.305,0.194,0.431,0.604,0.233,0.676,0.587,0.344,0.706,-0.365,0.658,0.579,0.863,0.635,0.721,-0.419,-0.266,0.812,0.432,0.391,-0.146,0.646,0.418,0.537,0.424,0.554,0.033,0.696,0.766,-0.152,0.26,0.19,0.404,0.679,0.688,0.737,0.667,0.359,-0.154,0.403,0.379,0.793,0.183,0.109,0.792,0.655,0.441,0.694,-0.088,0.79,0.586,0.376,0.533,0.723,0.706,-0.018,0.443,0.741,0.73,0.719,-0.587,0.502,0.55,0.483,0.579,0.671,0.715,0.762,0.246,-0.33,0.102,0.126,0.657,0.689,0.714,0.534,0.616,0.771,0.442,-0.436,0.684,0.78,-0.273,0.416,0.512,0.513,0.631,0.247,-0.079,0.573,0.035,0.6,0.323,0.514,0.414,0.433,-0.461,0.699,-0.215,-0.372,0.747,0.267,0.327,0.359,0.27,0.397,0.835,0.264,0.311,0.64,0.109,0.445,0.626,0.45,0.473,0.625,0.775,-0.02,-0.094,-0.563,0.686,-0.278,-0.146,0.267,-0.036,0.71,0.634,0.778,0.578,0.803,0.005,0.6,0.478,0.29,0.637,0.332,0.659,-0.164,0.614,0.206
ATER,0.384,-0.298,0.281,-0.481,-0.007,-0.18,0.161,0.129,0.457,0.595,0.386,-0.328,-0.263,-0.214,-0.224,-0.392,-0.029,-0.196,1.0,-0.313,-0.41,0.118,-0.483,-0.232,0.266,-0.394,-0.354,-0.025,0.194,0.224,0.693,0.534,-0.368,0.236,0.461,-0.004,0.508,-0.18,0.726,-0.202,-0.268,-0.363,0.453,0.15,-0.216,-0.076,0.103,-0.181,0.274,-0.508,0.254,0.112,-0.017,-0.057,-0.138,0.118,-0.417,-0.249,0.496,-0.369,0.523,-0.007,0.178,-0.446,0.354,-0.106,0.217,0.043,-0.135,0.508,-0.143,-0.125,-0.35,-0.33,-0.234,0.725,0.717,-0.168,-0.407,-0.461,0.818,0.07,0.009,-0.15,0.309,0.178,0.167,-0.259,-0.272,0.469,0.345,-0.351,0.334,-0.291,-0.133,-0.24,-0.157,-0.047,-0.158,0.198,-0.027,-0.291,0.563,0.123,-0.413,-0.337,-0.277,-0.222,0.546,-0.104,-0.224,0.116,-0.261,-0.375,-0.16,-0.268,-0.579,-0.097,-0.153,-0.419,0.569,0.082,-0.558,0.074,-0.085,-0.415,0.168,-0.263,0.316,0.608,0.287,0.342,-0.084,0.025,-0.181,-0.141,-0.281,-0.363,0.33,0.663,-0.291,-0.366,0.579,0.36,0.219,0.24,-0.414,0.055,0.788,-0.023,0.722,-0.328,-0.003,0.029,0.534,0.345,0.65,0.006,0.548,0.738,-0.333,0.259,-0.484,0.008,0.054,0.03,-0.16,0.26,-0.141,-0.099,-0.303,-0.154,0.19,0.097,-0.202,-0.4,-0.099,0.555,0.752,0.674,-0.292,0.544,0.473,0.14,0.296,-0.102,-0.229,-0.198,-0.09,-0.112,0.094,-0.024,-0.025,-0.052,-0.05,0.372,-0.415,0.44,0.164,0.064
ATOS,0.12,0.697,-0.182,0.549,0.6,0.228,0.167,0.38,-0.538,-0.507,-0.079,0.266,0.489,0.595,0.61,0.671,0.513,0.537,-0.313,1.0,0.242,0.229,0.629,0.148,-0.404,0.109,-0.013,0.594,0.239,0.28,-0.369,-0.407,0.413,-0.27,-0.631,0.463,0.133,0.532,-0.377,0.409,0.425,0.63,-0.394,0.239,0.554,0.239,0.295,0.547,0.456,0.573,0.164,0.507,0.465,0.131,0.211,-0.069,0.576,0.562,-0.049,0.581,-0.49,0.173,0.183,0.511,0.005,0.589,0.196,0.116,0.51,-0.52,0.471,0.215,0.572,0.59,0.53,-0.661,-0.51,0.489,0.443,0.474,-0.357,0.315,0.143,0.53,0.198,0.414,0.156,0.482,0.621,-0.467,0.056,0.262,0.176,0.542,0.479,0.38,0.522,0.301,0.014,0.404,0.452,0.573,0.048,0.288,0.585,0.617,0.334,0.509,-0.329,0.516,0.447,0.436,0.344,0.589,0.595,0.022,0.346,0.509,0.536,0.599,-0.559,0.371,0.572,0.253,0.425,0.614,0.329,0.62,0.047,-0.543,-0.215,0.022,0.563,0.495,0.667,0.517,0.572,0.472,0.043,-0.476,0.588,0.59,-0.408,0.197,0.357,0.277,0.45,0.541,-0.316,0.521,-0.203,0.573,0.345,0.629,0.233,0.368,-0.496,0.582,-0.305,-0.497,0.512,0.263,0.384,0.26,0.371,0.117,0.601,0.241,0.315,0.573,0.075,0.427,0.498,0.404,0.426,0.49,0.473,-0.121,-0.398,-0.652,0.546,-0.542,-0.103,0.207,-0.293,0.505,0.456,0.601,0.355,0.561,0.057,0.582,0.374,0.018,0.48,0.041,0.663,-0.39,0.504,0.03
AUPH,0.158,0.334,0.255,0.394,0.264,0.471,0.021,0.144,-0.454,-0.424,-0.108,0.109,0.328,0.263,0.31,0.507,0.436,0.615,-0.41,0.242,1.0,-0.059,0.405,0.486,-0.129,0.377,0.294,0.351,0.206,0.297,-0.09,-0.423,0.495,-0.165,-0.472,0.279,-0.042,0.311,-0.175,0.346,0.339,0.495,-0.167,-0.085,0.403,0.57,0.278,0.353,0.273,0.344,0.147,0.319,0.184,0.06,0.015,-0.085,0.378,0.343,-0.07,0.504,-0.238,-0.087,0.092,0.418,0.127,0.217,0.304,0.148,0.392,-0.349,0.284,0.432,0.543,0.618,0.297,-0.45,-0.362,0.433,0.039,0.043,-0.36,0.461,0.238,0.151,0.015,0.151,-0.197,0.409,0.426,0.009,0.066,0.15,0.234,0.573,0.405,0.459,0.19,0.209,-0.194,0.018,-0.01,0.5,-0.151,-0.234,0.485,0.246,0.127,0.507,-0.249,0.397,0.344,-0.145,0.417,0.315,0.258,0.1,0.457,0.592,0.346,0.686,-0.538,0.46,0.484,0.056,0.17,0.35,0.362,0.501,0.116,-0.393,-0.023,0.034,0.294,0.241,0.318,0.262,0.296,0.516,0.292,-0.436,0.433,0.441,-0.267,0.057,0.148,0.081,0.386,-0.155,-0.293,0.214,-0.126,0.33,0.012,0.095,0.024,0.004,-0.458,0.207,-0.375,-0.341,0.528,-0.034,0.226,0.21,-0.146,0.298,0.415,-0.263,0.099,0.433,-0.056,0.047,0.165,0.093,0.279,0.371,0.431,-0.14,-0.204,-0.486,0.604,-0.251,-0.362,-0.005,0.017,0.39,0.161,0.461,0.301,0.335,-0.076,0.325,0.094,0.341,0.273,0.096,0.314,-0.146,0.182,0.21
AVGO,0.183,0.527,0.349,0.524,0.645,0.107,-0.196,-0.146,0.024,-0.264,0.715,0.687,0.036,0.501,0.199,0.245,0.121,0.321,0.118,0.229,-0.059,1.0,0.064,-0.231,0.245,0.57,0.402,0.231,0.61,0.305,-0.069,0.158,0.503,0.408,0.016,0.168,-0.007,0.281,0.201,0.516,0.035,0.276,0.146,0.706,0.484,0.028,0.007,0.294,0.268,0.531,0.444,0.192,0.031,0.437,-0.006,0.658,0.073,0.586,0.361,-0.026,-0.245,0.658,-0.125,0.114,0.463,0.147,0.665,0.249,0.489,-0.062,0.604,0.495,0.273,0.175,0.347,0.035,0.302,0.142,0.499,0.439,0.218,0.196,0.126,0.368,0.199,0.071,0.493,0.407,0.184,-0.195,0.457,-0.17,-0.002,0.15,0.126,-0.007,0.376,0.659,0.328,0.424,0.412,0.178,0.561,0.26,0.224,0.322,0.692,0.128,-0.034,0.498,0.261,0.222,0.647,0.426,0.333,0.436,0.234,0.112,0.354,0.149,-0.394,0.2,0.239,0.492,-0.057,0.581,0.04,0.153,0.716,0.345,0.551,0.505,0.105,0.102,0.176,-0.057,0.621,0.318,0.407,-0.127,0.385,0.203,0.222,0.01,-0.116,0.512,0.642,0.131,0.011,0.153,-0.056,0.345,0.335,0.165,0.092,0.105,0.016,0.201,0.508,-0.073,0.175,-0.115,0.506,0.444,0.055,0.154,0.362,0.345,-0.128,0.093,0.406,0.008,0.49,0.15,0.586,0.448,0.706,-0.025,0.04,-0.075,-0.082,0.225,-0.211,-0.239,0.062,0.002,0.396,0.372,0.221,0.384,-0.107,0.343,-0.111,0.217,0.002,0.317,0.289,0.026,0.336,0.462
AZN,0.088,0.713,-0.263,0.686,0.534,0.504,0.476,0.497,-0.611,-0.686,-0.318,0.14,0.843,0.609,0.791,0.783,0.564,0.637,-0.483,0.629,0.405,0.064,1.0,0.554,-0.57,0.192,-0.065,0.638,0.003,0.138,-0.337,-0.607,0.397,-0.392,-0.84,0.685,0.222,0.804,-0.477,0.503,0.816,0.824,-0.569,-0.009,0.697,0.572,0.423,0.793,0.465,0.584,-0.138,0.324,0.684,-0.036,0.599,-0.104,0.881,0.657,-0.226,0.803,-0.444,0.008,0.467,0.755,-0.185,0.731,0.161,0.275,0.448,-0.444,0.561,0.266,0.742,0.489,0.766,-0.693,-0.674,0.754,0.646,0.648,-0.58,0.358,0.394,0.489,0.369,0.42,-0.094,0.463,0.719,-0.553,-0.156,0.459,0.173,0.416,0.693,0.766,0.651,0.115,0.095,0.29,0.362,0.733,-0.117,0.154,0.828,0.78,0.365,0.541,-0.261,0.609,0.477,0.399,0.322,0.717,0.648,-0.117,0.4,0.524,0.712,0.748,-0.554,0.274,0.695,0.313,0.704,0.657,0.48,0.829,-0.167,-0.656,-0.431,-0.248,0.564,0.675,0.652,0.66,0.499,0.681,-0.046,-0.672,0.708,0.856,-0.654,0.272,0.403,0.291,0.549,0.453,-0.493,0.489,-0.266,0.549,0.198,0.543,0.144,0.361,-0.682,0.728,-0.519,-0.682,0.814,0.418,0.387,0.064,0.556,0.095,0.735,0.216,0.419,0.474,0.135,0.753,0.341,0.403,0.189,0.647,0.453,-0.186,-0.502,-0.762,0.601,-0.566,0.046,0.44,-0.519,0.768,0.608,0.619,0.438,0.745,0.097,0.46,0.654,-0.028,0.696,0.035,0.761,-0.26,0.298,-0.105
BCRX,0.254,0.368,0.074,0.321,0.221,0.735,0.507,0.523,-0.385,-0.36,-0.379,-0.245,0.737,0.234,0.61,0.591,0.518,0.527,-0.232,0.148,0.486,-0.231,0.554,1.0,-0.371,0.036,-0.111,0.452,0.047,0.202,0.218,-0.501,0.29,-0.233,-0.508,0.617,0.242,0.54,-0.034,0.232,0.71,0.569,-0.274,-0.376,0.413,0.625,0.429,0.54,0.388,0.278,-0.161,0.239,0.543,-0.141,0.576,-0.313,0.611,0.337,0.023,0.516,0.031,-0.29,0.483,0.498,-0.171,0.533,0.122,0.316,0.292,-0.204,0.173,0.372,0.574,0.313,0.464,-0.212,-0.345,0.718,0.191,0.167,-0.272,0.418,0.55,0.194,0.468,0.382,-0.358,0.399,0.477,-0.177,-0.111,0.476,0.338,0.397,0.48,0.776,0.33,-0.205,-0.31,0.005,0.021,0.441,-0.267,-0.106,0.656,0.441,0.132,0.487,0.151,0.341,0.322,0.148,0.126,0.374,0.307,-0.088,0.306,0.466,0.493,0.505,-0.238,0.245,0.369,-0.044,0.659,0.266,0.663,0.569,-0.257,-0.404,-0.331,-0.356,0.415,0.542,0.481,0.475,0.109,0.512,0.182,-0.353,0.364,0.641,-0.348,0.41,0.432,0.126,0.252,0.098,-0.078,0.255,0.135,0.249,-0.195,0.261,0.348,0.299,-0.454,0.447,-0.431,-0.321,0.601,0.296,-0.0,-0.008,0.195,0.207,0.5,0.009,0.302,0.405,-0.075,0.466,0.132,0.096,0.005,0.333,0.257,0.037,0.008,-0.313,0.464,-0.175,0.184,0.504,-0.08,0.597,0.33,0.323,0.32,0.508,-0.006,0.219,0.546,-0.024,0.628,0.04,0.542,-0.02,0.159,-0.049
BGC,0.16,-0.346,0.505,-0.192,-0.155,-0.338,-0.436,-0.436,0.57,0.27,0.541,0.217,-0.619,-0.217,-0.544,-0.425,-0.195,-0.266,0.266,-0.404,-0.129,0.245,-0.57,-0.371,1.0,0.266,0.5,-0.366,0.237,0.133,0.218,0.485,0.003,0.692,0.699,-0.518,-0.145,-0.485,0.552,-0.189,-0.543,-0.418,0.508,0.317,-0.345,-0.322,-0.385,-0.409,-0.204,-0.201,0.347,-0.055,-0.589,0.383,-0.552,0.441,-0.623,-0.231,0.331,-0.532,0.279,0.258,-0.443,-0.608,0.473,-0.491,0.2,0.093,0.03,0.293,-0.288,0.209,-0.45,-0.313,-0.442,0.539,0.706,-0.498,-0.353,-0.383,0.469,-0.177,-0.092,-0.444,-0.257,-0.336,0.033,-0.136,-0.416,0.45,0.287,-0.315,0.082,-0.045,-0.391,-0.431,-0.399,0.287,-0.021,-0.128,-0.316,-0.315,0.305,-0.233,-0.479,-0.488,0.067,-0.32,0.143,-0.184,-0.202,-0.46,0.292,-0.334,-0.49,0.348,-0.164,-0.313,-0.309,-0.47,0.175,-0.001,-0.362,0.021,-0.625,-0.266,-0.353,-0.491,0.477,0.662,0.711,0.4,-0.38,-0.486,-0.507,-0.484,-0.118,-0.318,0.373,0.358,-0.271,-0.474,0.656,-0.246,-0.511,-0.079,0.062,-0.485,0.264,-0.378,0.166,-0.458,-0.084,-0.449,-0.175,-0.345,0.438,-0.54,0.509,0.42,-0.464,-0.421,-0.234,0.156,-0.534,0.199,-0.442,-0.214,-0.591,-0.411,0.101,-0.531,-0.074,-0.39,0.247,-0.265,0.019,0.275,0.441,0.484,-0.482,0.718,-0.125,-0.308,0.511,-0.585,-0.302,-0.263,-0.235,-0.463,-0.34,-0.107,-0.523,0.386,-0.564,0.27,-0.478,0.413,-0.092,0.401
BIDU,0.007,0.467,0.346,0.687,0.316,0.239,-0.334,-0.192,-0.181,-0.496,0.32,0.693,0.059,0.409,0.142,0.28,0.083,0.335,-0.394,0.109,0.377,0.57,0.192,0.036,0.266,1.0,0.752,0.121,0.407,0.065,-0.261,-0.171,0.644,0.24,-0.009,0.035,-0.37,0.162,-0.093,0.354,0.121,0.31,-0.017,0.409,0.413,0.04,-0.167,0.239,0.023,0.631,0.259,-0.036,-0.118,0.359,-0.087,0.537,0.166,0.57,0.018,0.08,-0.224,0.504,-0.272,0.23,0.298,0.065,0.436,0.25,0.448,-0.296,0.38,0.514,0.33,0.263,0.308,-0.232,0.034,0.135,0.478,0.459,-0.238,0.094,0.171,0.136,-0.115,-0.196,0.09,0.499,0.16,-0.219,0.165,0.017,-0.141,0.271,0.14,0.13,0.289,0.401,0.283,0.097,0.053,0.283,0.012,-0.102,0.39,0.257,0.677,0.201,-0.242,0.359,0.433,-0.144,0.69,0.453,0.151,0.542,0.374,0.083,0.298,0.307,-0.656,0.139,0.453,0.267,-0.165,0.546,-0.129,0.15,0.343,0.115,0.43,0.159,-0.019,0.01,0.05,-0.065,0.543,0.404,0.283,-0.375,0.386,0.272,-0.077,-0.179,-0.317,0.14,0.695,-0.162,-0.378,-0.101,-0.349,0.225,0.037,-0.107,-0.298,-0.276,-0.292,-0.012,0.142,-0.354,0.285,-0.377,0.503,0.347,-0.3,0.111,0.215,-0.08,-0.261,-0.051,0.498,-0.052,0.169,-0.164,0.472,0.498,0.507,-0.287,-0.231,-0.312,0.055,0.091,-0.47,-0.332,0.208,-0.051,0.265,0.272,0.08,0.223,-0.326,0.159,-0.212,0.345,-0.134,-0.05,0.235,-0.082,0.066,0.416
BILI,0.003,0.173,0.378,0.393,0.037,-0.0,-0.526,-0.373,0.08,-0.323,0.316,0.637,-0.253,0.142,-0.127,0.086,-0.077,0.109,-0.354,-0.013,0.294,0.402,-0.065,-0.111,0.5,0.752,1.0,-0.185,0.431,0.025,-0.301,0.056,0.498,0.478,0.166,-0.264,-0.462,-0.134,0.016,0.166,-0.164,0.122,0.167,0.322,0.079,-0.171,-0.312,-0.028,-0.203,0.391,0.211,-0.034,-0.376,0.436,-0.261,0.476,-0.08,0.248,0.066,-0.157,-0.172,0.471,-0.476,-0.119,0.213,-0.232,0.281,0.163,0.302,-0.201,0.095,0.523,0.096,0.189,0.038,-0.099,0.14,-0.171,0.157,0.158,-0.14,-0.005,0.072,0.043,-0.308,-0.376,0.127,0.332,-0.116,-0.047,0.2,-0.109,-0.164,0.221,-0.127,-0.071,-0.021,0.363,0.194,-0.06,-0.013,0.014,-0.027,-0.184,0.048,-0.043,0.478,-0.018,-0.309,0.131,0.231,-0.388,0.625,0.174,-0.049,0.635,0.377,-0.206,0.011,0.118,-0.392,-0.041,0.348,0.059,-0.387,0.318,-0.289,-0.014,0.3,0.182,0.495,0.207,-0.138,-0.279,-0.139,-0.212,0.36,0.194,0.307,-0.189,0.135,0.005,0.13,-0.386,-0.459,0.015,0.514,-0.365,-0.247,-0.155,-0.298,0.113,-0.026,-0.355,-0.367,-0.442,-0.194,-0.285,0.138,-0.179,-0.004,-0.536,0.375,0.312,-0.456,0.269,-0.03,-0.231,-0.318,-0.061,0.386,-0.269,-0.078,-0.357,0.53,0.331,0.327,-0.181,-0.137,-0.106,-0.157,0.249,-0.476,-0.371,0.22,-0.36,0.048,0.057,-0.015,-0.129,-0.231,0.005,-0.416,0.474,-0.37,0.045,0.088,0.031,-0.046,0.449
BKR,0.572,0.703,0.037,0.551,0.746,0.432,0.488,0.69,-0.495,-0.393,-0.025,-0.001,0.691,0.661,0.82,0.712,0.849,0.735,-0.025,0.594,0.351,0.231,0.638,0.452,-0.366,0.121,-0.185,1.0,0.364,0.578,0.089,-0.411,0.372,-0.209,-0.577,0.858,0.587,0.772,0.013,0.423,0.643,0.692,-0.265,0.083,0.723,0.658,0.638,0.847,0.829,0.433,0.262,0.669,0.758,0.031,0.454,-0.003,0.597,0.691,0.244,0.726,-0.043,0.109,0.552,0.593,0.325,0.873,0.488,0.545,0.75,-0.246,0.651,0.373,0.672,0.534,0.737,-0.427,-0.297,0.779,0.35,0.358,-0.054,0.71,0.571,0.492,0.716,0.794,0.037,0.562,0.778,-0.25,0.219,0.319,0.627,0.591,0.635,0.689,0.754,0.248,-0.082,0.651,0.384,0.813,0.29,0.148,0.708,0.662,0.33,0.777,0.117,0.647,0.707,0.516,0.362,0.588,0.624,-0.28,0.201,0.74,0.76,0.62,-0.395,0.536,0.442,0.439,0.66,0.486,0.775,0.727,0.156,-0.404,-0.185,0.191,0.687,0.892,0.704,0.812,0.507,0.639,0.405,-0.311,0.746,0.692,-0.383,0.741,0.677,0.524,0.449,0.532,0.061,0.57,0.235,0.465,0.271,0.79,0.648,0.765,-0.362,0.825,-0.25,-0.289,0.71,0.582,0.184,0.32,0.428,0.33,0.798,0.474,0.343,0.703,0.027,0.589,0.764,0.633,0.253,0.441,0.577,0.288,0.05,-0.474,0.717,-0.244,0.318,0.541,-0.23,0.798,0.608,0.681,0.544,0.806,0.108,0.773,0.573,0.126,0.728,0.43,0.597,-0.006,0.634,0.008
BLDP,0.59,0.42,0.54,0.35,0.554,0.244,-0.302,0.083,-0.009,-0.211,0.534,0.398,-0.043,0.332,0.274,0.386,0.362,0.427,0.194,0.239,0.206,0.61,0.003,0.047,0.237,0.407,0.431,0.364,1.0,0.579,0.261,-0.007,0.615,0.468,0.081,0.252,0.113,0.15,0.473,0.304,-0.05,0.264,0.314,0.476,0.281,0.153,0.158,0.311,0.503,0.36,0.53,0.524,0.02,0.342,-0.087,0.366,0.034,0.472,0.765,0.095,0.117,0.625,-0.206,0.011,0.564,0.199,0.668,0.443,0.683,-0.088,0.408,0.742,0.258,0.371,0.256,0.052,0.339,0.154,0.076,0.069,0.367,0.526,0.427,0.282,0.354,0.186,0.264,0.613,0.097,-0.0,0.701,-0.101,0.374,0.429,0.001,0.059,0.201,0.49,-0.136,0.492,0.216,0.261,0.59,0.125,0.179,0.156,0.484,0.299,0.168,0.338,0.504,-0.066,0.657,0.193,0.171,0.482,0.184,0.247,0.244,0.245,-0.333,0.383,0.196,0.221,-0.035,0.41,0.367,0.215,0.648,0.189,0.516,0.589,0.072,0.211,0.227,0.123,0.529,0.302,0.774,-0.001,0.343,0.126,0.391,0.182,0.16,0.456,0.472,0.062,0.328,0.127,0.283,0.216,0.208,0.169,0.516,0.291,-0.06,0.163,0.415,0.04,0.19,-0.131,0.383,0.641,-0.175,0.42,0.328,0.308,-0.182,0.362,0.115,-0.141,0.571,-0.018,0.67,0.352,0.66,0.334,0.359,0.043,0.016,0.333,-0.036,-0.051,0.278,-0.012,0.217,0.338,0.306,0.273,-0.157,0.377,-0.255,0.243,0.097,0.462,0.321,0.178,0.435,0.689
BLNK,0.571,0.376,0.416,0.282,0.639,0.253,0.164,0.262,-0.228,-0.136,0.333,0.114,0.199,0.463,0.292,0.394,0.541,0.574,0.224,0.28,0.297,0.305,0.138,0.202,0.133,0.065,0.025,0.578,0.579,1.0,0.274,-0.079,0.32,0.174,-0.052,0.398,0.424,0.339,0.334,0.373,0.185,0.327,0.244,0.387,0.379,0.419,0.431,0.46,0.666,0.168,0.521,0.761,0.266,0.254,0.025,0.17,0.126,0.358,0.555,0.296,0.189,0.206,0.203,0.121,0.469,0.356,0.597,0.392,0.668,-0.091,0.364,0.522,0.402,0.444,0.255,-0.05,0.096,0.409,0.0,0.015,0.326,0.589,0.346,0.267,0.449,0.541,0.102,0.37,0.49,0.052,0.528,-0.092,0.633,0.612,0.268,0.326,0.336,0.544,-0.227,0.366,0.249,0.561,0.553,0.035,0.235,0.321,0.179,0.419,0.147,0.501,0.492,0.138,0.468,0.296,0.315,-0.013,0.198,0.597,0.378,0.327,-0.193,0.563,0.097,0.241,0.256,0.288,0.617,0.344,0.499,-0.031,0.358,0.485,0.348,0.402,0.439,0.311,0.398,0.36,0.664,-0.031,0.376,0.264,0.233,0.368,0.444,0.448,0.404,0.154,0.341,0.413,0.475,0.234,0.279,0.424,0.627,0.485,-0.027,0.453,0.142,0.033,0.334,0.226,0.008,0.511,0.102,0.49,0.483,0.279,0.115,0.629,0.016,0.133,0.578,0.405,0.408,0.289,0.636,0.377,0.313,-0.164,0.385,0.137,0.087,0.181,0.086,0.315,0.268,0.639,0.563,0.39,0.051,0.556,0.167,0.348,0.393,0.575,0.262,0.129,0.72,0.469
BYND,0.406,-0.234,0.35,-0.375,-0.005,0.22,0.154,0.267,0.282,0.467,0.199,-0.427,-0.085,-0.235,-0.09,-0.181,0.149,-0.013,0.693,-0.369,-0.09,-0.069,-0.337,0.218,0.218,-0.261,-0.301,0.089,0.261,0.274,1.0,0.182,-0.136,0.098,0.402,0.088,0.353,-0.177,0.688,-0.173,-0.077,-0.257,0.458,-0.109,-0.177,0.136,0.07,-0.081,0.346,-0.413,0.184,0.117,0.003,-0.166,-0.095,-0.12,-0.248,-0.249,0.567,-0.15,0.7,-0.162,0.161,-0.343,0.218,-0.012,0.142,0.092,-0.011,0.404,-0.223,0.056,-0.212,-0.172,-0.257,0.669,0.597,0.057,-0.474,-0.506,0.68,0.19,0.19,-0.333,0.333,0.19,-0.285,-0.1,-0.169,0.482,0.372,-0.103,0.409,-0.014,-0.126,-0.015,-0.236,-0.247,-0.496,-0.033,-0.338,-0.12,0.34,-0.205,-0.176,-0.25,-0.359,-0.063,0.642,-0.087,-0.061,-0.069,-0.203,-0.307,-0.311,-0.163,-0.552,0.142,-0.157,-0.196,0.421,0.19,-0.422,-0.195,-0.02,-0.411,0.392,-0.184,0.169,0.455,0.196,0.192,-0.107,0.087,-0.083,-0.069,-0.316,-0.306,0.413,0.595,-0.295,-0.208,0.486,0.389,0.323,0.058,-0.364,-0.077,0.773,-0.08,0.813,-0.458,-0.203,-0.038,0.605,0.267,0.431,-0.037,0.446,0.577,-0.229,0.116,-0.432,0.011,-0.136,0.068,-0.141,0.12,-0.233,-0.045,-0.435,-0.229,0.17,-0.117,-0.199,-0.337,-0.074,0.456,0.781,0.613,-0.189,0.473,0.369,0.128,0.467,-0.029,-0.314,-0.188,-0.138,-0.08,-0.119,-0.093,-0.025,-0.179,0.047,0.257,-0.284,0.31,0.094,0.1
