,AAL,AAPL,ABUS,ADBE,ADI,ADMA,AEP,AGNC,AKBA,ALT,AMAT,AMD,AMGN,AMZN,APA,APPS,ARCC,ARDX,ATER,ATOS,AUPH,AVGO,AZN,BCRX,BGC,BIDU,BILI,BKR,BLDP,BLNK,BYND,CAN,CELH,CG,CGC,CHRD,CLNE,CMCSA,COMM,COST,CPB,CPRT,CRON,CRWD,CSCO,CSGP,CSX,CTSH,CZR,DBX,DDOG,DKNG,DLTR,DOCU,DVAX,DXCM,EA,EBAY,ENPH,ERIC,ESPR,ETSY,EXC,EXEL,EXPE,FANG,FAST,FITB,FLEX,FOLD,FOXA,FSLR,FTNT,FUTU,GEN,GERN,GEVO,GILD,GOOG,GOOGL,GPRO,GT,HBAN,HIVE,HON,HST,HUT,IBRX,INTC,IOVA,IQ,IRWD,JBLU,JD,KDP,KHC,LBTYK,LRCX,LYFT,MAR,MARA,MAT,MCHP,MCRB,MDLZ,META,MGNI,MLCO,MNKD,MNST,MOMO,MRNA,MRVL,MSFT,MSTR,MTCH,MU,MVIS,NDAQ,NFLX,NKTR,NNDM,NTES,NTNX,NVAX,NVDA,NWL,NWSA,NXPI,OCGN,OKTA,ON,OPK,PAA,PACB,PAGP,PANW,PARA,PCAR,PDD,PENN,PEP,PLUG,PTEN,PTON,PYPL,QCOM,QUBT,QVCGA,RDFN,REAL,RIOT,ROKU,ROST,RUN,SABR,SAVA,SBUX,SFIX,SGMO,SIRI,SLM,SMCI,SNDL,SONO,STNE,STX,TCOM,TGTX,TIGR,TLRY,TMUS,TRIP,TSCO,TSLA,TTD,TXN,UAL,UNIT,VERU,VKTX,VLY,VOD,VTRS,VXRT,WBA,WBD,WDAY,WDC,WEN,WW,WYNN,XEL,XP,XRAY,XRX,Z,ZION,ZM,ZS
AAL,1.0,0.46,0.59,0.358,0.281,-0.022,-0.418,0.506,0.374,0.14,0.48,0.486,-0.458,0.607,0.356,0.318,0.544,0.395,0.534,0.686,0.668,0.271,-0.342,-0.388,0.419,0.194,-0.356,0.464,0.624,0.683,0.479,0.691,0.174,0.493,0.653,0.425,0.537,0.47,0.758,0.321,-0.486,0.385,-0.056,0.519,-0.108,0.379,-0.027,0.631,0.491,0.519,0.508,0.573,0.279,0.452,0.662,-0.435,-0.195,0.472,-0.033,-0.027,0.022,0.659,-0.387,-0.051,0.612,0.358,0.345,0.225,0.645,0.691,0.375,0.621,0.302,0.652,0.46,0.569,0.713,-0.508,0.425,0.44,0.404,0.376,0.174,0.839,-0.147,0.582,0.658,0.11,0.16,0.278,0.121,-0.328,0.67,-0.481,-0.432,-0.354,0.435,0.512,0.587,0.495,0.751,0.281,0.327,0.239,-0.384,0.388,0.201,0.072,0.109,0.109,0.515,0.188,0.589,0.549,0.719,0.408,0.316,0.303,-0.068,0.408,0.298,0.218,0.646,0.412,0.056,0.523,0.528,0.333,0.433,-0.151,0.396,0.389,0.488,0.428,0.746,0.518,0.418,0.403,0.274,0.136,0.484,-0.568,0.696,-0.293,0.494,0.388,0.445,0.344,0.317,0.465,0.56,0.766,0.55,-0.269,0.682,0.296,0.202,0.152,0.566,0.741,-0.318,-0.107,-0.148,0.663,0.469,0.411,0.419,-0.125,0.482,0.548,0.682,-0.206,0.511,0.154,0.382,0.503,0.144,0.882,0.418,0.599,0.42,0.256,0.648,-0.083,0.675,0.096,0.56,0.429,0.27,-0.053,0.063,0.63,-0.275,0.59,0.818,0.352,0.701,0.155,0.257,0.575
AAPL,0.46,1.0,0.626,0.843,0.729,0.463,-0.483,0.737,0.507,-0.335,0.771,0.8,-0.642,0.877,0.086,0.647,0.646,0.182,0.679,0.331,0.61,0.591,-0.702,-0.044,0.756,0.566,-0.481,0.527,0.745,0.787,0.766,0.757,-0.197,0.852,0.773,0.683,0.504,0.726,0.159,0.763,-0.687,0.811,0.007,0.683,0.142,0.143,-0.348,0.735,0.881,0.798,0.798,0.852,0.759,0.642,0.722,-0.325,-0.173,0.759,-0.506,-0.389,-0.394,0.739,-0.537,0.541,0.778,0.179,0.707,0.677,0.433,0.582,0.7,0.292,0.73,0.609,0.764,0.516,0.758,-0.446,0.874,0.922,0.869,0.099,0.62,0.705,-0.258,0.801,0.799,-0.334,0.041,0.687,0.436,-0.271,0.597,-0.453,-0.443,-0.609,0.616,0.74,0.757,0.71,0.52,0.672,0.797,0.518,-0.293,0.844,0.745,-0.036,0.499,0.433,0.476,-0.215,0.85,0.768,0.794,0.762,0.752,0.628,-0.559,0.732,0.568,0.717,0.606,0.726,-0.328,0.797,0.74,0.692,0.758,-0.061,0.688,0.895,-0.0,0.746,0.58,0.745,0.732,0.744,0.645,0.452,0.804,-0.569,0.514,-0.408,0.78,0.799,0.9,0.851,0.775,0.788,0.815,0.695,0.778,-0.099,0.278,0.63,-0.266,0.59,0.725,0.482,-0.428,-0.021,-0.186,0.582,0.805,0.797,0.713,0.026,0.735,0.745,0.584,-0.047,0.874,0.322,0.818,0.821,0.431,0.472,0.897,0.144,0.18,0.63,0.639,0.297,0.202,0.373,0.731,0.814,0.751,-0.38,0.437,0.675,-0.513,0.732,0.652,0.32,0.68,0.572,0.68,0.807
ABUS,0.59,0.626,1.0,0.552,0.546,0.297,-0.239,0.559,0.107,-0.189,0.548,0.599,-0.57,0.654,0.255,0.608,0.603,0.1,0.484,0.277,0.826,0.576,-0.563,-0.109,0.747,0.45,-0.209,0.556,0.757,0.571,0.568,0.531,-0.082,0.686,0.602,0.462,0.491,0.553,0.194,0.707,-0.555,0.609,-0.119,0.569,0.272,0.296,-0.314,0.742,0.611,0.625,0.598,0.614,0.496,0.55,0.589,-0.339,-0.095,0.739,-0.332,-0.28,-0.094,0.585,-0.295,0.404,0.604,0.342,0.47,0.519,0.3,0.374,0.754,0.552,0.514,0.626,0.557,0.778,0.577,-0.451,0.516,0.531,0.624,0.083,0.473,0.644,-0.032,0.744,0.505,-0.348,0.005,0.546,0.364,-0.378,0.302,-0.222,-0.325,-0.348,0.559,0.59,0.704,0.608,0.485,0.598,0.511,0.402,-0.276,0.463,0.494,0.293,0.582,0.342,0.578,-0.167,0.694,0.694,0.631,0.576,0.616,0.352,-0.348,0.564,0.456,0.57,0.565,0.606,-0.242,0.59,0.627,0.645,0.586,0.082,0.434,0.612,-0.085,0.579,0.599,0.592,0.577,0.611,0.528,0.485,0.672,-0.6,0.472,-0.157,0.56,0.574,0.627,0.455,0.603,0.554,0.601,0.614,0.652,-0.002,0.362,0.255,-0.258,0.532,0.676,0.602,-0.307,0.098,-0.19,0.403,0.571,0.633,0.557,0.128,0.724,0.672,0.555,0.189,0.638,0.376,0.62,0.653,0.328,0.565,0.577,0.131,0.191,0.426,0.639,0.231,0.441,0.521,0.813,0.526,0.638,-0.412,0.372,0.703,-0.248,0.662,0.55,0.11,0.738,0.482,0.54,0.598
ADBE,0.358,0.843,0.552,1.0,0.802,0.62,-0.391,0.83,0.476,-0.321,0.85,0.877,-0.604,0.799,-0.037,0.681,0.655,0.092,0.666,0.209,0.484,0.611,-0.653,0.028,0.771,0.735,-0.379,0.479,0.718,0.762,0.788,0.744,-0.309,0.842,0.744,0.635,0.475,0.743,0.144,0.778,-0.634,0.821,0.18,0.689,0.203,0.169,-0.227,0.721,0.807,0.791,0.812,0.87,0.751,0.673,0.671,-0.23,-0.208,0.786,-0.404,-0.368,-0.453,0.71,-0.439,0.643,0.745,0.135,0.781,0.733,0.396,0.572,0.704,0.241,0.804,0.597,0.674,0.417,0.723,-0.48,0.884,0.877,0.795,0.157,0.733,0.685,-0.251,0.724,0.807,-0.329,0.06,0.694,0.555,-0.219,0.566,-0.355,-0.396,-0.549,0.627,0.841,0.78,0.729,0.49,0.703,0.792,0.576,-0.152,0.85,0.774,0.025,0.561,0.363,0.588,-0.318,0.835,0.752,0.761,0.788,0.798,0.718,-0.512,0.712,0.641,0.747,0.536,0.762,-0.224,0.898,0.75,0.687,0.839,0.084,0.751,0.854,0.049,0.745,0.499,0.723,0.797,0.831,0.658,0.542,0.768,-0.49,0.598,-0.371,0.824,0.821,0.878,0.68,0.84,0.822,0.86,0.695,0.833,-0.159,0.277,0.58,-0.28,0.551,0.768,0.451,-0.44,-0.023,-0.143,0.617,0.813,0.787,0.761,0.041,0.774,0.809,0.643,0.107,0.886,0.456,0.792,0.846,0.576,0.375,0.885,0.087,0.061,0.635,0.485,0.468,0.143,0.438,0.66,0.881,0.808,-0.253,0.493,0.657,-0.456,0.583,0.582,0.273,0.627,0.667,0.765,0.768
ADI,0.281,0.729,0.546,0.802,1.0,0.618,-0.022,0.682,0.475,-0.095,0.811,0.833,-0.41,0.718,-0.161,0.795,0.508,0.12,0.424,0.063,0.466,0.703,-0.493,-0.037,0.721,0.803,-0.202,0.61,0.697,0.612,0.706,0.508,-0.182,0.783,0.595,0.34,0.608,0.529,0.031,0.808,-0.373,0.749,0.378,0.634,0.575,0.332,0.078,0.697,0.67,0.802,0.76,0.755,0.731,0.822,0.467,-0.017,-0.379,0.711,-0.151,0.004,-0.366,0.599,-0.153,0.545,0.496,-0.08,0.821,0.69,0.258,0.286,0.671,0.295,0.659,0.356,0.541,0.396,0.616,-0.143,0.697,0.721,0.65,0.287,0.728,0.47,0.059,0.607,0.544,-0.193,0.219,0.477,0.69,-0.119,0.376,-0.206,-0.019,-0.203,0.544,0.804,0.625,0.535,0.162,0.796,0.865,0.584,0.228,0.807,0.772,0.209,0.454,0.389,0.541,-0.445,0.76,0.715,0.568,0.474,0.615,0.814,-0.293,0.537,0.703,0.632,0.305,0.607,-0.085,0.667,0.585,0.638,0.797,0.334,0.695,0.822,-0.028,0.587,0.33,0.533,0.583,0.74,0.495,0.52,0.567,-0.22,0.546,-0.108,0.817,0.863,0.688,0.724,0.691,0.788,0.753,0.556,0.699,0.004,0.35,0.486,-0.224,0.508,0.645,0.43,-0.47,-0.107,0.18,0.466,0.735,0.622,0.645,-0.179,0.763,0.721,0.528,0.321,0.69,0.623,0.674,0.771,0.825,0.322,0.747,-0.093,0.3,0.783,0.276,0.497,0.168,0.677,0.635,0.725,0.677,-0.214,0.647,0.589,-0.045,0.373,0.391,0.18,0.548,0.642,0.819,0.596
ADMA,-0.022,0.463,0.297,0.62,0.618,1.0,0.113,0.403,0.125,-0.35,0.409,0.504,-0.451,0.385,-0.388,0.5,0.492,-0.085,0.287,-0.043,0.276,0.577,-0.487,0.404,0.484,0.636,0.022,0.337,0.399,0.318,0.439,0.344,-0.34,0.466,0.492,0.153,0.1,0.306,-0.179,0.584,-0.256,0.606,0.213,0.316,0.422,-0.145,-0.26,0.489,0.437,0.433,0.402,0.396,0.532,0.503,0.211,0.245,-0.265,0.472,-0.298,-0.114,-0.549,0.384,-0.204,0.748,0.39,-0.269,0.616,0.619,-0.057,0.177,0.557,-0.025,0.624,0.256,0.268,0.057,0.355,-0.03,0.466,0.443,0.45,-0.179,0.734,0.324,-0.038,0.411,0.382,-0.484,-0.199,0.519,0.634,0.151,-0.04,-0.006,0.095,-0.172,0.37,0.464,0.371,0.466,0.079,0.527,0.571,0.59,0.208,0.547,0.664,0.09,0.642,0.533,0.483,-0.572,0.496,0.398,0.374,0.297,0.483,0.533,-0.478,0.497,0.553,0.617,0.189,0.437,-0.317,0.492,0.368,0.551,0.555,0.332,0.619,0.542,-0.25,0.466,-0.014,0.375,0.537,0.551,0.52,0.554,0.347,-0.042,0.078,-0.034,0.518,0.554,0.467,0.439,0.577,0.455,0.506,0.342,0.405,0.202,-0.091,0.472,-0.555,0.442,0.357,0.218,-0.423,-0.118,0.19,0.062,0.391,0.493,0.474,0.003,0.553,0.55,0.305,0.368,0.414,0.645,0.473,0.526,0.398,0.021,0.538,-0.342,0.096,0.577,0.123,0.698,-0.162,0.439,0.414,0.647,0.551,-0.017,0.51,0.33,-0.16,0.231,0.134,-0.091,0.179,0.611,0.617,0.494
AEP,-0.418,-0.483,-0.239,-0.391,-0.022,0.113,1.0,-0.384,-0.285,0.265,-0.293,-0.313,0.481,-0.319,-0.313,0.043,-0.257,-0.298,-0.614,-0.467,-0.27,-0.031,0.382,0.092,-0.226,0.06,0.449,-0.022,-0.342,-0.442,-0.234,-0.506,0.274,-0.404,-0.339,-0.644,-0.065,-0.587,-0.296,-0.216,0.629,-0.243,0.39,-0.387,0.517,0.177,0.341,-0.201,-0.514,-0.216,-0.377,-0.416,-0.209,0.032,-0.582,0.489,-0.058,-0.384,0.357,0.565,0.289,-0.265,0.703,-0.175,-0.542,-0.387,-0.151,-0.186,-0.402,-0.611,-0.282,-0.067,-0.32,-0.485,-0.332,-0.271,-0.381,0.608,-0.517,-0.512,-0.351,0.109,-0.05,-0.467,0.564,-0.436,-0.54,0.101,0.093,-0.465,0.087,0.255,-0.578,0.532,0.678,0.77,-0.239,-0.313,-0.429,-0.553,-0.531,-0.076,-0.109,-0.129,0.692,-0.274,-0.098,0.257,-0.081,0.017,-0.144,-0.175,-0.434,-0.396,-0.472,-0.545,-0.41,-0.005,0.376,-0.485,-0.049,-0.195,-0.557,-0.506,0.3,-0.566,-0.414,-0.269,-0.257,0.46,-0.102,-0.351,-0.241,-0.48,-0.587,-0.543,-0.504,-0.265,-0.368,-0.067,-0.46,0.682,-0.306,0.511,-0.234,-0.152,-0.482,-0.299,-0.352,-0.268,-0.338,-0.313,-0.424,0.443,-0.192,-0.271,0.014,-0.11,-0.33,-0.156,0.239,0.078,0.46,-0.392,-0.285,-0.428,-0.455,-0.261,-0.154,-0.313,-0.243,0.534,-0.533,0.135,-0.435,-0.25,0.197,-0.311,-0.359,-0.401,0.125,0.009,-0.442,0.301,-0.093,0.328,-0.313,-0.373,-0.383,0.249,0.251,-0.402,0.777,-0.47,-0.503,-0.477,-0.317,-0.14,-0.06,-0.462
AGNC,0.506,0.737,0.559,0.83,0.682,0.403,-0.384,1.0,0.453,-0.115,0.815,0.842,-0.605,0.741,-0.046,0.578,0.624,0.128,0.731,0.315,0.516,0.543,-0.682,-0.16,0.694,0.687,-0.499,0.423,0.665,0.676,0.704,0.724,-0.332,0.738,0.727,0.584,0.561,0.735,0.315,0.693,-0.716,0.708,0.155,0.712,0.117,0.253,-0.093,0.708,0.746,0.744,0.76,0.84,0.573,0.605,0.636,-0.357,-0.3,0.711,-0.318,-0.346,-0.45,0.693,-0.536,0.424,0.65,0.114,0.691,0.697,0.462,0.625,0.641,0.28,0.701,0.591,0.673,0.453,0.656,-0.521,0.756,0.763,0.735,0.285,0.686,0.696,-0.369,0.745,0.763,-0.131,0.109,0.568,0.524,-0.285,0.592,-0.518,-0.5,-0.542,0.591,0.861,0.695,0.687,0.459,0.642,0.799,0.416,-0.201,0.739,0.683,0.089,0.468,0.205,0.601,-0.185,0.753,0.736,0.74,0.727,0.773,0.74,-0.385,0.583,0.678,0.527,0.593,0.664,-0.191,0.828,0.871,0.646,0.908,-0.047,0.684,0.757,0.211,0.714,0.586,0.853,0.65,0.883,0.544,0.426,0.696,-0.58,0.693,-0.429,0.839,0.808,0.714,0.618,0.832,0.786,0.764,0.699,0.894,-0.374,0.433,0.522,-0.15,0.376,0.844,0.545,-0.497,-0.186,-0.182,0.713,0.759,0.645,0.75,-0.06,0.702,0.7,0.65,-0.026,0.784,0.392,0.755,0.735,0.491,0.511,0.791,0.325,0.184,0.627,0.536,0.337,0.201,0.486,0.7,0.784,0.722,-0.224,0.401,0.738,-0.406,0.645,0.678,0.33,0.645,0.518,0.689,0.716
AKBA,0.374,0.507,0.107,0.476,0.475,0.125,-0.285,0.453,1.0,0.276,0.667,0.556,-0.156,0.507,-0.129,0.307,0.245,0.313,0.303,0.265,0.201,0.293,-0.219,-0.063,0.314,0.29,-0.291,0.219,0.356,0.519,0.599,0.546,-0.041,0.42,0.338,0.278,0.512,0.398,0.297,0.32,-0.274,0.387,0.321,0.556,0.058,0.198,0.306,0.3,0.375,0.576,0.487,0.558,0.375,0.528,0.407,-0.047,-0.39,0.387,0.042,-0.022,-0.204,0.501,-0.199,0.017,0.414,-0.115,0.568,0.311,0.507,0.38,0.225,0.034,0.299,0.278,0.231,0.154,0.45,-0.137,0.516,0.558,0.254,0.511,0.245,0.412,-0.114,0.292,0.505,0.298,0.498,0.146,0.245,-0.027,0.75,-0.335,-0.17,-0.275,0.209,0.505,0.391,0.18,0.287,0.454,0.572,0.233,0.003,0.724,0.361,-0.186,-0.043,-0.054,0.128,-0.042,0.489,0.467,0.476,0.231,0.266,0.646,-0.113,0.231,0.404,0.297,0.262,0.361,0.263,0.384,0.324,0.33,0.366,0.115,0.548,0.494,0.399,0.344,0.39,0.318,0.265,0.402,0.155,-0.004,0.322,-0.2,0.461,-0.307,0.523,0.551,0.385,0.61,0.238,0.591,0.584,0.481,0.513,-0.293,0.39,0.546,0.218,-0.081,0.474,0.374,-0.444,-0.369,0.22,0.633,0.607,0.24,0.276,-0.226,0.42,0.536,0.415,-0.167,0.468,0.082,0.356,0.526,0.499,0.384,0.408,0.316,0.396,0.454,0.119,0.104,0.191,0.155,0.278,0.414,0.155,0.118,0.201,0.263,-0.163,0.13,0.518,0.325,0.418,0.166,0.433,0.415
ALT,0.14,-0.335,-0.189,-0.321,-0.095,-0.35,0.265,-0.115,0.276,1.0,-0.022,-0.161,0.389,-0.121,0.002,-0.104,-0.205,0.131,-0.271,-0.021,-0.124,-0.269,0.372,-0.343,-0.341,-0.123,0.132,0.061,-0.254,-0.089,-0.022,-0.112,0.351,-0.302,-0.348,-0.394,0.316,-0.169,0.322,-0.356,0.318,-0.401,0.335,-0.108,0.134,0.486,0.681,-0.105,-0.25,-0.161,-0.118,-0.138,-0.183,-0.008,-0.176,0.084,-0.202,-0.293,0.606,0.565,0.303,-0.064,0.313,-0.506,-0.285,-0.203,-0.163,-0.353,0.148,-0.124,-0.288,0.06,-0.435,-0.274,-0.326,-0.116,-0.064,0.352,-0.234,-0.235,-0.343,0.578,-0.285,-0.089,0.302,-0.317,-0.159,0.75,0.543,-0.43,-0.099,-0.0,0.138,0.091,0.192,0.35,-0.193,-0.134,-0.242,-0.327,-0.077,-0.054,-0.113,-0.182,0.363,-0.127,-0.319,0.276,-0.51,-0.454,-0.145,0.121,-0.266,-0.07,-0.219,-0.455,-0.423,0.055,0.63,-0.371,-0.066,-0.408,-0.247,-0.244,0.539,-0.318,-0.223,-0.181,-0.2,0.162,-0.203,-0.349,0.445,-0.277,0.071,-0.306,-0.441,-0.304,-0.393,-0.446,-0.342,0.346,0.109,0.173,-0.13,-0.112,-0.399,-0.094,-0.452,-0.061,-0.153,0.015,-0.115,-0.123,0.373,-0.207,0.613,-0.428,-0.145,0.192,0.01,-0.194,0.24,0.133,-0.1,-0.44,-0.397,-0.381,-0.228,-0.14,-0.001,0.026,-0.365,-0.101,-0.367,-0.144,0.194,0.146,-0.351,0.361,0.334,-0.175,-0.278,-0.329,0.325,-0.048,-0.229,-0.388,-0.515,0.286,-0.106,-0.253,0.438,-0.337,-0.053,0.02,-0.03,-0.222,-0.102,-0.349
AMAT,0.48,0.771,0.548,0.85,0.811,0.409,-0.293,0.815,0.667,-0.022,1.0,0.918,-0.461,0.791,-0.047,0.723,0.63,0.206,0.542,0.235,0.53,0.647,-0.597,-0.099,0.748,0.705,-0.343,0.453,0.72,0.78,0.84,0.698,-0.192,0.731,0.676,0.581,0.702,0.683,0.189,0.743,-0.607,0.747,0.26,0.748,0.267,0.365,0.013,0.657,0.756,0.826,0.84,0.881,0.645,0.706,0.665,-0.266,-0.298,0.721,-0.267,-0.222,-0.324,0.742,-0.366,0.404,0.654,0.112,0.736,0.642,0.515,0.528,0.635,0.299,0.741,0.556,0.596,0.498,0.709,-0.423,0.752,0.768,0.684,0.488,0.625,0.648,-0.147,0.676,0.72,-0.064,0.397,0.508,0.484,-0.262,0.689,-0.348,-0.332,-0.466,0.511,0.908,0.672,0.569,0.465,0.781,0.857,0.517,-0.026,0.848,0.691,0.063,0.375,0.231,0.568,-0.18,0.82,0.752,0.716,0.644,0.751,0.834,-0.356,0.562,0.642,0.618,0.477,0.706,0.009,0.797,0.701,0.69,0.826,0.107,0.72,0.839,0.194,0.719,0.575,0.675,0.617,0.803,0.527,0.458,0.674,-0.42,0.734,-0.291,0.851,0.831,0.773,0.718,0.744,0.826,0.81,0.679,0.845,-0.196,0.425,0.547,-0.135,0.382,0.783,0.523,-0.47,-0.128,0.027,0.725,0.835,0.689,0.688,-0.086,0.747,0.785,0.651,0.109,0.776,0.416,0.778,0.834,0.694,0.488,0.777,0.263,0.262,0.644,0.39,0.348,0.261,0.499,0.699,0.718,0.686,-0.22,0.459,0.638,-0.22,0.506,0.642,0.394,0.668,0.516,0.747,0.707
AMD,0.486,0.8,0.599,0.877,0.833,0.504,-0.313,0.842,0.556,-0.161,0.918,1.0,-0.523,0.765,-0.027,0.759,0.619,0.156,0.572,0.23,0.548,0.668,-0.573,-0.055,0.788,0.781,-0.39,0.519,0.723,0.751,0.766,0.683,-0.272,0.812,0.736,0.617,0.678,0.705,0.24,0.778,-0.614,0.818,0.233,0.73,0.264,0.292,-0.08,0.715,0.791,0.814,0.841,0.903,0.68,0.717,0.63,-0.226,-0.278,0.75,-0.284,-0.225,-0.387,0.745,-0.404,0.498,0.632,0.063,0.763,0.698,0.424,0.555,0.688,0.281,0.806,0.576,0.61,0.484,0.759,-0.44,0.753,0.775,0.706,0.308,0.681,0.687,-0.168,0.723,0.725,-0.149,0.227,0.612,0.513,-0.229,0.577,-0.417,-0.341,-0.496,0.528,0.911,0.72,0.605,0.438,0.741,0.861,0.561,-0.062,0.836,0.723,0.057,0.526,0.293,0.592,-0.277,0.855,0.775,0.719,0.703,0.784,0.842,-0.423,0.613,0.733,0.675,0.489,0.717,-0.082,0.868,0.749,0.687,0.876,0.117,0.764,0.893,0.164,0.701,0.523,0.75,0.676,0.828,0.624,0.464,0.7,-0.518,0.678,-0.311,0.932,0.845,0.788,0.742,0.84,0.805,0.831,0.706,0.864,-0.2,0.384,0.545,-0.152,0.404,0.794,0.575,-0.521,-0.172,0.037,0.701,0.792,0.717,0.727,-0.109,0.844,0.82,0.662,0.116,0.849,0.432,0.757,0.812,0.658,0.462,0.785,0.206,0.274,0.679,0.432,0.397,0.224,0.536,0.718,0.786,0.797,-0.246,0.472,0.665,-0.335,0.552,0.654,0.303,0.672,0.607,0.717,0.73
AMGN,-0.458,-0.642,-0.57,-0.604,-0.41,-0.451,0.481,-0.605,-0.156,0.389,-0.461,-0.523,1.0,-0.565,0.159,-0.257,-0.69,-0.056,-0.684,-0.364,-0.61,-0.493,0.825,-0.074,-0.604,-0.402,0.446,-0.257,-0.672,-0.487,-0.491,-0.596,0.487,-0.681,-0.721,-0.416,-0.09,-0.604,-0.205,-0.635,0.724,-0.637,0.249,-0.633,0.105,0.239,0.444,-0.661,-0.656,-0.547,-0.601,-0.554,-0.553,-0.467,-0.523,0.357,0.453,-0.665,0.445,0.452,0.625,-0.593,0.732,-0.576,-0.694,0.021,-0.536,-0.578,-0.277,-0.562,-0.715,-0.196,-0.535,-0.638,-0.485,-0.457,-0.504,0.701,-0.642,-0.618,-0.605,0.131,-0.529,-0.652,0.622,-0.699,-0.612,0.544,0.228,-0.77,-0.46,0.264,-0.298,0.568,0.48,0.635,-0.552,-0.566,-0.722,-0.81,-0.45,-0.471,-0.449,-0.314,0.484,-0.505,-0.52,-0.11,-0.584,-0.362,-0.511,0.369,-0.623,-0.668,-0.669,-0.465,-0.577,-0.335,0.558,-0.701,-0.435,-0.539,-0.621,-0.664,0.528,-0.664,-0.639,-0.631,-0.598,0.129,-0.499,-0.604,0.102,-0.753,-0.486,-0.686,-0.733,-0.608,-0.692,-0.41,-0.527,0.691,-0.385,0.614,-0.506,-0.485,-0.611,-0.502,-0.591,-0.54,-0.562,-0.579,-0.619,0.38,-0.228,-0.509,0.326,-0.376,-0.58,-0.27,0.687,0.276,0.262,-0.255,-0.486,-0.603,-0.722,-0.089,-0.613,-0.589,-0.457,0.268,-0.587,-0.401,-0.707,-0.59,-0.094,-0.432,-0.619,-0.058,0.01,-0.496,-0.547,-0.307,-0.069,-0.176,-0.708,-0.66,-0.597,0.281,-0.239,-0.641,0.628,-0.711,-0.614,-0.218,-0.561,-0.6,-0.542,-0.758
AMZN,0.607,0.877,0.654,0.799,0.718,0.385,-0.319,0.741,0.507,-0.121,0.791,0.765,-0.565,1.0,0.115,0.694,0.652,0.145,0.632,0.418,0.693,0.52,-0.632,-0.245,0.763,0.61,-0.464,0.616,0.78,0.831,0.815,0.78,-0.002,0.794,0.807,0.539,0.57,0.6,0.367,0.701,-0.592,0.771,0.174,0.712,0.176,0.423,-0.186,0.76,0.779,0.841,0.856,0.87,0.73,0.715,0.667,-0.291,-0.244,0.778,-0.269,-0.24,-0.251,0.821,-0.353,0.306,0.762,0.177,0.696,0.589,0.52,0.567,0.653,0.505,0.626,0.601,0.777,0.531,0.743,-0.474,0.804,0.855,0.858,0.303,0.545,0.763,-0.116,0.791,0.795,-0.217,0.087,0.568,0.493,-0.304,0.663,-0.453,-0.349,-0.455,0.654,0.771,0.766,0.615,0.549,0.707,0.768,0.516,-0.198,0.838,0.724,0.133,0.367,0.375,0.518,-0.249,0.8,0.805,0.797,0.69,0.594,0.666,-0.333,0.567,0.643,0.643,0.589,0.621,-0.174,0.701,0.694,0.651,0.751,-0.026,0.746,0.795,0.195,0.684,0.675,0.634,0.661,0.751,0.514,0.392,0.783,-0.497,0.687,-0.33,0.815,0.786,0.813,0.693,0.674,0.876,0.894,0.773,0.811,-0.073,0.534,0.512,-0.076,0.606,0.788,0.63,-0.338,0.073,-0.191,0.661,0.863,0.746,0.655,-0.157,0.756,0.744,0.729,0.102,0.805,0.385,0.768,0.914,0.528,0.612,0.883,0.227,0.302,0.653,0.661,0.318,0.415,0.412,0.75,0.741,0.601,-0.251,0.58,0.729,-0.324,0.684,0.756,0.217,0.783,0.498,0.714,0.74
APA,0.356,0.086,0.255,-0.037,-0.161,-0.388,-0.313,-0.046,-0.129,0.002,-0.047,-0.027,0.159,0.115,1.0,0.137,-0.023,0.211,0.109,0.32,0.287,-0.07,0.187,-0.301,0.131,-0.149,0.078,0.28,0.075,0.288,0.008,0.121,0.423,0.066,0.005,0.497,0.244,0.105,0.232,-0.094,-0.12,-0.021,-0.109,0.006,-0.173,0.372,-0.178,0.07,0.089,0.034,0.052,0.094,-0.011,-0.127,0.327,-0.285,0.587,0.094,-0.027,-0.099,0.413,0.035,-0.045,-0.217,0.183,0.801,-0.194,-0.139,0.239,0.205,-0.029,0.449,-0.038,0.254,0.235,0.293,0.238,-0.183,0.079,0.071,0.109,0.049,-0.263,0.162,0.207,0.066,0.145,0.07,-0.008,-0.046,-0.39,-0.169,0.243,0.104,-0.277,-0.096,0.179,-0.06,0.135,0.106,0.404,-0.152,-0.203,-0.045,-0.337,-0.16,-0.302,0.02,-0.172,-0.055,0.136,0.559,0.074,0.067,0.131,0.366,0.081,-0.261,0.104,0.102,-0.278,-0.038,0.278,0.001,0.036,0.069,0.053,-0.092,-0.099,-0.265,-0.22,0.005,0.146,0.014,0.391,0.094,0.036,-0.124,-0.053,0.054,0.269,-0.299,0.106,0.093,-0.029,-0.125,0.135,-0.145,0.01,-0.108,-0.021,0.105,-0.033,0.074,0.223,-0.084,0.246,0.138,-0.022,0.254,0.392,0.424,-0.2,0.253,0.03,0.054,-0.043,0.33,-0.056,0.042,0.188,-0.151,0.225,-0.272,-0.03,-0.053,-0.26,0.323,0.046,0.407,-0.047,-0.33,0.438,-0.411,0.431,-0.103,0.092,-0.062,0.097,-0.295,-0.242,0.185,-0.171,0.248,0.211,0.189,0.271,-0.124,-0.236,-0.041
APPS,0.318,0.647,0.608,0.681,0.795,0.5,0.043,0.578,0.307,-0.104,0.723,0.759,-0.257,0.694,0.137,1.0,0.522,0.046,0.343,0.093,0.552,0.609,-0.407,-0.123,0.719,0.719,-0.126,0.599,0.591,0.671,0.753,0.482,0.015,0.662,0.567,0.433,0.701,0.458,0.006,0.706,-0.321,0.681,0.362,0.506,0.625,0.508,-0.089,0.62,0.638,0.669,0.72,0.715,0.643,0.678,0.474,-0.13,0.027,0.63,-0.209,-0.008,-0.181,0.612,-0.109,0.434,0.43,0.133,0.644,0.628,0.241,0.221,0.619,0.376,0.71,0.294,0.538,0.421,0.646,-0.178,0.547,0.573,0.663,0.259,0.663,0.468,0.274,0.586,0.495,-0.216,0.228,0.498,0.522,-0.189,0.3,-0.099,-0.028,-0.14,0.483,0.698,0.507,0.436,0.274,0.742,0.759,0.658,0.234,0.678,0.683,0.193,0.457,0.418,0.557,-0.244,0.662,0.633,0.509,0.595,0.636,0.758,-0.216,0.456,0.634,0.69,0.242,0.508,-0.035,0.626,0.57,0.637,0.726,0.275,0.59,0.725,-0.047,0.593,0.355,0.515,0.519,0.688,0.537,0.533,0.564,-0.198,0.503,0.13,0.769,0.76,0.619,0.567,0.734,0.695,0.685,0.519,0.639,0.202,0.288,0.287,-0.203,0.559,0.607,0.546,-0.225,0.106,0.145,0.456,0.682,0.638,0.577,-0.175,0.706,0.616,0.541,0.362,0.632,0.583,0.658,0.739,0.651,0.35,0.688,-0.004,0.196,0.592,0.369,0.398,0.246,0.712,0.628,0.567,0.72,-0.309,0.662,0.503,0.027,0.409,0.381,0.111,0.546,0.602,0.695,0.5
ARCC,0.544,0.646,0.603,0.655,0.508,0.492,-0.257,0.624,0.245,-0.205,0.63,0.619,-0.69,0.652,-0.023,0.522,1.0,0.162,0.564,0.309,0.664,0.546,-0.74,0.032,0.657,0.515,-0.312,0.344,0.686,0.655,0.663,0.72,-0.122,0.625,0.721,0.501,0.418,0.584,0.19,0.638,-0.65,0.597,-0.14,0.546,0.16,0.132,-0.372,0.664,0.661,0.656,0.596,0.61,0.574,0.529,0.623,-0.439,-0.18,0.652,-0.418,-0.284,-0.37,0.752,-0.517,0.507,0.737,0.171,0.565,0.627,0.428,0.627,0.667,0.386,0.618,0.691,0.511,0.634,0.657,-0.529,0.612,0.616,0.623,0.144,0.643,0.744,-0.244,0.784,0.667,-0.352,0.031,0.627,0.449,-0.283,0.407,-0.263,-0.401,-0.466,0.602,0.615,0.67,0.721,0.624,0.547,0.567,0.422,-0.312,0.549,0.573,0.095,0.584,0.354,0.596,-0.166,0.714,0.652,0.725,0.556,0.682,0.464,-0.426,0.696,0.336,0.542,0.63,0.729,-0.284,0.662,0.653,0.627,0.624,-0.043,0.478,0.611,0.023,0.619,0.455,0.636,0.661,0.621,0.629,0.446,0.595,-0.543,0.549,-0.351,0.579,0.578,0.684,0.549,0.629,0.538,0.586,0.719,0.616,-0.165,0.293,0.37,-0.213,0.418,0.687,0.542,-0.455,-0.052,-0.25,0.414,0.573,0.671,0.643,0.007,0.677,0.695,0.614,0.017,0.605,0.451,0.634,0.682,0.289,0.596,0.625,0.156,0.077,0.461,0.513,0.306,0.409,0.374,0.677,0.664,0.648,-0.277,0.214,0.598,-0.402,0.65,0.595,0.286,0.639,0.585,0.502,0.692
ARDX,0.395,0.182,0.1,0.092,0.12,-0.085,-0.298,0.128,0.313,0.131,0.206,0.156,-0.056,0.145,0.211,0.046,0.162,1.0,0.268,0.469,0.222,0.151,-0.049,-0.114,0.036,-0.114,-0.106,0.155,0.384,0.423,0.074,0.332,0.385,0.206,0.159,0.255,0.407,0.327,0.298,0.069,-0.207,0.05,0.062,0.265,-0.08,0.283,0.251,0.128,0.219,0.218,0.148,0.201,0.227,0.21,0.352,-0.219,-0.1,0.17,0.207,-0.073,0.021,0.261,-0.245,-0.09,0.3,0.22,0.213,0.115,0.57,0.349,0.085,0.356,0.05,0.363,0.304,0.304,0.387,-0.101,0.245,0.226,0.088,0.367,0.082,0.305,-0.027,0.167,0.333,0.278,0.412,0.002,-0.159,-0.072,0.475,-0.27,0.016,-0.113,0.365,0.17,0.25,0.262,0.445,0.051,0.099,0.053,-0.164,0.061,-0.138,-0.28,-0.124,0.092,0.013,0.379,0.242,0.187,0.272,0.109,0.086,0.015,0.046,0.363,-0.186,-0.014,0.363,0.314,0.197,0.17,0.293,0.073,0.065,-0.011,0.021,0.142,0.415,0.038,0.349,0.191,0.09,0.044,0.088,-0.102,0.225,-0.171,0.451,-0.096,0.082,0.116,0.169,0.25,-0.022,0.044,0.057,0.297,0.104,-0.203,0.465,0.233,0.201,-0.017,0.169,0.24,-0.098,-0.075,0.219,0.469,0.095,-0.008,0.062,-0.012,0.084,0.237,0.29,-0.216,0.229,-0.057,0.0,0.021,0.118,0.489,0.13,0.451,0.335,-0.003,0.235,-0.281,0.287,-0.122,0.13,0.148,-0.021,0.24,-0.306,0.182,-0.196,0.2,0.286,0.554,0.264,0.002,-0.119,0.12
ATER,0.534,0.679,0.484,0.666,0.424,0.287,-0.614,0.731,0.303,-0.271,0.542,0.572,-0.684,0.632,0.109,0.343,0.564,0.268,1.0,0.55,0.498,0.309,-0.678,-0.191,0.553,0.424,-0.578,0.31,0.607,0.692,0.529,0.811,-0.193,0.637,0.709,0.618,0.3,0.613,0.34,0.53,-0.728,0.595,-0.123,0.685,-0.099,0.018,-0.317,0.6,0.649,0.552,0.614,0.673,0.459,0.432,0.606,-0.503,-0.174,0.653,-0.367,-0.498,-0.43,0.64,-0.712,0.311,0.749,0.294,0.494,0.473,0.573,0.682,0.508,0.328,0.576,0.637,0.638,0.44,0.641,-0.648,0.676,0.676,0.655,0.07,0.436,0.736,-0.465,0.693,0.794,-0.251,-0.079,0.577,0.446,-0.357,0.587,-0.571,-0.551,-0.592,0.527,0.566,0.64,0.809,0.644,0.412,0.451,0.292,-0.419,0.531,0.423,-0.102,0.29,0.323,0.472,-0.038,0.673,0.616,0.82,0.718,0.578,0.39,-0.434,0.606,0.36,0.425,0.806,0.694,-0.328,0.747,0.726,0.495,0.647,-0.285,0.51,0.577,0.242,0.665,0.643,0.696,0.697,0.622,0.522,0.325,0.67,-0.64,0.538,-0.538,0.626,0.517,0.643,0.484,0.605,0.608,0.643,0.71,0.647,-0.451,0.334,0.484,-0.155,0.363,0.631,0.382,-0.452,-0.12,-0.342,0.617,0.571,0.579,0.634,0.039,0.523,0.536,0.558,-0.283,0.736,0.18,0.68,0.55,0.144,0.592,0.621,0.376,0.091,0.327,0.706,0.144,0.184,0.107,0.577,0.74,0.626,-0.177,0.174,0.624,-0.618,0.672,0.631,0.278,0.598,0.406,0.548,0.762
ATOS,0.686,0.331,0.277,0.209,0.063,-0.043,-0.467,0.315,0.265,-0.021,0.235,0.23,-0.364,0.418,0.32,0.093,0.309,0.469,0.55,1.0,0.47,0.11,-0.194,-0.319,0.186,-0.018,-0.314,0.37,0.468,0.612,0.208,0.579,0.249,0.304,0.495,0.404,0.305,0.247,0.632,0.192,-0.355,0.216,-0.095,0.379,-0.216,0.127,-0.159,0.304,0.297,0.392,0.293,0.376,0.149,0.272,0.427,-0.3,-0.126,0.32,0.12,-0.175,-0.137,0.386,-0.412,-0.122,0.54,0.285,0.221,0.123,0.446,0.678,0.21,0.441,0.218,0.523,0.388,0.26,0.45,-0.425,0.277,0.3,0.263,0.092,0.108,0.596,-0.156,0.358,0.576,0.02,-0.086,0.164,0.046,-0.125,0.498,-0.478,-0.282,-0.228,0.311,0.225,0.377,0.471,0.609,0.069,0.125,0.071,-0.361,0.201,-0.037,-0.259,-0.075,0.278,0.213,0.336,0.393,0.362,0.58,0.302,0.102,0.131,-0.091,0.28,0.084,0.034,0.633,0.324,0.047,0.337,0.379,0.146,0.244,-0.255,0.283,0.256,0.616,0.262,0.654,0.358,0.32,0.216,0.138,0.074,0.337,-0.419,0.465,-0.272,0.332,0.234,0.314,0.158,0.141,0.244,0.36,0.517,0.288,-0.237,0.586,0.268,0.084,0.125,0.365,0.431,-0.19,-0.104,-0.01,0.493,0.272,0.196,0.232,-0.062,0.208,0.371,0.502,-0.244,0.403,-0.023,0.241,0.266,-0.089,0.724,0.291,0.41,0.433,0.055,0.534,-0.115,0.369,-0.149,0.308,0.353,0.101,0.199,-0.109,0.36,-0.465,0.38,0.595,0.128,0.38,-0.025,0.069,0.375
AUPH,0.668,0.61,0.826,0.484,0.466,0.276,-0.27,0.516,0.201,-0.124,0.53,0.548,-0.61,0.693,0.287,0.552,0.664,0.222,0.498,0.47,1.0,0.651,-0.591,-0.109,0.775,0.406,-0.21,0.552,0.724,0.614,0.605,0.589,0.048,0.61,0.632,0.481,0.51,0.523,0.273,0.654,-0.598,0.678,-0.064,0.659,0.153,0.313,-0.312,0.697,0.621,0.654,0.626,0.618,0.51,0.573,0.657,-0.37,-0.131,0.737,-0.23,-0.281,-0.194,0.677,-0.434,0.32,0.689,0.318,0.451,0.467,0.383,0.518,0.707,0.656,0.501,0.712,0.559,0.716,0.583,-0.502,0.546,0.551,0.598,0.089,0.434,0.668,-0.07,0.727,0.544,-0.313,-0.032,0.566,0.357,-0.284,0.401,-0.28,-0.343,-0.401,0.65,0.578,0.705,0.619,0.552,0.571,0.45,0.498,-0.339,0.492,0.419,0.161,0.52,0.438,0.562,-0.162,0.715,0.721,0.653,0.51,0.539,0.358,-0.37,0.61,0.418,0.564,0.681,0.587,-0.309,0.536,0.591,0.643,0.561,-0.001,0.452,0.633,0.039,0.586,0.653,0.589,0.635,0.592,0.554,0.459,0.673,-0.617,0.5,-0.242,0.56,0.542,0.587,0.411,0.54,0.534,0.619,0.631,0.604,-0.029,0.506,0.288,-0.171,0.494,0.657,0.677,-0.33,0.075,-0.076,0.418,0.55,0.629,0.576,0.075,0.702,0.74,0.651,0.079,0.598,0.413,0.588,0.666,0.246,0.66,0.612,0.309,0.247,0.448,0.704,0.124,0.477,0.392,0.863,0.544,0.56,-0.344,0.25,0.734,-0.294,0.646,0.644,0.189,0.782,0.433,0.446,0.589
AVGO,0.271,0.591,0.576,0.611,0.703,0.577,-0.031,0.543,0.293,-0.269,0.647,0.668,-0.493,0.52,-0.07,0.609,0.546,0.151,0.309,0.11,0.651,1.0,-0.575,0.319,0.75,0.593,0.028,0.431,0.622,0.455,0.576,0.398,-0.203,0.632,0.539,0.365,0.483,0.511,-0.045,0.775,-0.468,0.763,0.23,0.646,0.353,0.12,-0.166,0.611,0.585,0.693,0.591,0.577,0.609,0.682,0.499,0.021,-0.284,0.694,-0.257,-0.173,-0.393,0.494,-0.23,0.598,0.46,-0.0,0.604,0.611,0.113,0.291,0.678,0.296,0.636,0.516,0.473,0.426,0.474,-0.248,0.524,0.53,0.536,0.115,0.655,0.418,-0.064,0.546,0.377,-0.351,0.071,0.516,0.505,0.114,0.215,-0.074,-0.081,-0.273,0.494,0.655,0.548,0.478,0.205,0.696,0.659,0.639,-0.007,0.618,0.587,0.056,0.668,0.502,0.539,-0.359,0.687,0.575,0.478,0.403,0.653,0.578,-0.478,0.55,0.544,0.63,0.408,0.535,-0.2,0.549,0.555,0.588,0.657,0.418,0.584,0.768,-0.179,0.542,0.266,0.54,0.57,0.671,0.547,0.641,0.552,-0.34,0.342,-0.163,0.602,0.69,0.6,0.503,0.636,0.539,0.564,0.441,0.55,0.118,0.207,0.417,-0.4,0.534,0.603,0.466,-0.414,-0.076,0.343,0.353,0.561,0.572,0.596,0.146,0.694,0.723,0.511,0.241,0.56,0.593,0.595,0.61,0.484,0.268,0.607,-0.01,0.151,0.662,0.395,0.496,0.077,0.626,0.697,0.619,0.66,-0.227,0.397,0.565,-0.117,0.392,0.361,0.176,0.515,0.519,0.595,0.582
AZN,-0.342,-0.702,-0.563,-0.653,-0.493,-0.487,0.382,-0.682,-0.219,0.372,-0.597,-0.573,0.825,-0.632,0.187,-0.407,-0.74,-0.049,-0.678,-0.194,-0.591,-0.575,1.0,-0.175,-0.684,-0.518,0.373,-0.138,-0.638,-0.531,-0.613,-0.627,0.429,-0.644,-0.717,-0.489,-0.168,-0.595,0.008,-0.646,0.772,-0.688,0.097,-0.669,-0.019,0.099,0.42,-0.631,-0.663,-0.586,-0.662,-0.634,-0.54,-0.441,-0.551,0.346,0.312,-0.687,0.634,0.523,0.585,-0.609,0.64,-0.528,-0.646,-0.053,-0.534,-0.636,-0.335,-0.486,-0.745,-0.128,-0.651,-0.594,-0.576,-0.424,-0.452,0.599,-0.628,-0.645,-0.716,0.014,-0.624,-0.604,0.493,-0.825,-0.593,0.499,0.047,-0.675,-0.573,0.167,-0.35,0.375,0.457,0.586,-0.517,-0.66,-0.612,-0.721,-0.418,-0.62,-0.597,-0.47,0.346,-0.607,-0.665,-0.124,-0.61,-0.398,-0.503,0.382,-0.617,-0.617,-0.676,-0.576,-0.68,-0.468,0.584,-0.623,-0.486,-0.593,-0.596,-0.66,0.523,-0.643,-0.664,-0.733,-0.665,0.041,-0.522,-0.67,0.171,-0.773,-0.424,-0.684,-0.689,-0.732,-0.61,-0.544,-0.616,0.573,-0.418,0.457,-0.586,-0.56,-0.654,-0.614,-0.689,-0.664,-0.602,-0.517,-0.68,0.245,-0.153,-0.528,0.504,-0.489,-0.642,-0.269,0.554,0.134,0.241,-0.354,-0.548,-0.653,-0.741,-0.151,-0.619,-0.553,-0.492,0.118,-0.61,-0.469,-0.829,-0.649,-0.207,-0.374,-0.7,-0.051,0.11,-0.602,-0.568,-0.436,-0.081,-0.297,-0.751,-0.674,-0.685,0.323,-0.37,-0.659,0.43,-0.693,-0.513,-0.263,-0.538,-0.54,-0.628,-0.797
BCRX,-0.388,-0.044,-0.109,0.028,-0.037,0.404,0.092,-0.16,-0.063,-0.343,-0.099,-0.055,-0.074,-0.245,-0.301,-0.123,0.032,-0.114,-0.191,-0.319,-0.109,0.319,-0.175,1.0,0.056,0.015,0.453,-0.402,-0.054,-0.201,-0.101,-0.151,-0.277,-0.049,-0.018,-0.039,-0.3,0.012,-0.443,0.062,0.001,0.124,0.021,-0.019,-0.035,-0.469,-0.245,-0.081,-0.102,-0.01,-0.144,-0.151,0.042,-0.067,-0.062,0.51,0.001,0.063,-0.247,-0.188,-0.251,-0.156,0.043,0.443,-0.037,-0.194,0.003,0.096,-0.303,-0.096,0.176,-0.409,0.078,0.02,-0.151,-0.18,-0.216,0.09,-0.067,-0.082,-0.1,-0.374,0.142,-0.175,-0.133,-0.03,-0.187,-0.255,-0.208,0.125,0.081,0.67,-0.319,0.38,0.054,-0.01,-0.104,-0.098,-0.046,-0.026,-0.164,0.009,-0.066,0.204,-0.015,0.013,0.08,-0.166,0.435,0.192,-0.022,-0.193,-0.049,-0.155,-0.117,-0.088,0.124,-0.067,-0.324,0.057,-0.045,0.206,-0.044,0.05,-0.136,-0.065,-0.114,0.08,-0.159,0.416,0.077,0.038,-0.428,-0.075,-0.374,-0.077,0.061,-0.022,0.107,0.234,-0.056,0.023,-0.396,-0.062,-0.158,-0.056,0.025,0.005,0.02,-0.156,-0.109,-0.22,-0.133,0.255,-0.437,0.212,-0.448,0.115,-0.12,-0.158,-0.116,-0.128,0.211,-0.198,-0.166,-0.015,-0.021,0.438,0.07,0.046,-0.035,0.024,-0.029,0.097,-0.047,-0.063,-0.161,-0.353,-0.07,-0.319,-0.298,0.075,-0.133,0.376,-0.32,0.026,-0.041,0.06,0.094,0.099,-0.051,-0.158,-0.107,-0.12,-0.233,-0.085,-0.226,0.064,0.009,0.108
BGC,0.419,0.756,0.747,0.771,0.721,0.484,-0.226,0.694,0.314,-0.341,0.748,0.788,-0.604,0.763,0.131,0.719,0.657,0.036,0.553,0.186,0.775,0.75,-0.684,0.056,1.0,0.712,-0.256,0.521,0.735,0.653,0.728,0.613,-0.209,0.782,0.714,0.655,0.493,0.584,0.014,0.776,-0.649,0.896,0.066,0.743,0.237,0.217,-0.327,0.739,0.683,0.804,0.751,0.787,0.664,0.721,0.654,-0.262,-0.124,0.855,-0.447,-0.401,-0.281,0.731,-0.408,0.568,0.689,0.237,0.679,0.687,0.374,0.464,0.767,0.473,0.716,0.684,0.625,0.645,0.591,-0.513,0.73,0.733,0.719,0.126,0.637,0.606,-0.152,0.761,0.613,-0.467,0.02,0.635,0.547,-0.236,0.44,-0.225,-0.379,-0.455,0.658,0.758,0.793,0.648,0.448,0.723,0.695,0.542,-0.249,0.731,0.685,0.171,0.668,0.432,0.621,-0.298,0.782,0.752,0.718,0.721,0.74,0.605,-0.537,0.691,0.575,0.76,0.603,0.686,-0.343,0.716,0.66,0.697,0.738,0.069,0.649,0.85,-0.139,0.708,0.498,0.687,0.744,0.8,0.625,0.571,0.781,-0.611,0.52,-0.286,0.769,0.733,0.747,0.594,0.781,0.714,0.764,0.642,0.731,-0.079,0.283,0.496,-0.311,0.536,0.704,0.495,-0.414,0.036,-0.083,0.487,0.782,0.745,0.713,0.14,0.859,0.797,0.636,0.142,0.816,0.454,0.743,0.783,0.472,0.473,0.789,0.129,0.092,0.625,0.607,0.4,0.291,0.561,0.87,0.77,0.807,-0.449,0.464,0.756,-0.328,0.655,0.594,0.178,0.795,0.605,0.647,0.715
BIDU,0.194,0.566,0.45,0.735,0.803,0.636,0.06,0.687,0.29,-0.123,0.705,0.781,-0.402,0.61,-0.149,0.719,0.515,-0.114,0.424,-0.018,0.406,0.593,-0.518,0.015,0.712,1.0,-0.155,0.481,0.463,0.513,0.611,0.459,-0.264,0.631,0.571,0.345,0.461,0.39,0.017,0.677,-0.349,0.694,0.361,0.547,0.497,0.28,-0.056,0.671,0.521,0.646,0.676,0.672,0.606,0.648,0.309,-0.06,-0.301,0.603,-0.256,-0.09,-0.403,0.533,-0.167,0.494,0.423,-0.094,0.706,0.669,0.185,0.28,0.582,0.157,0.668,0.371,0.492,0.275,0.508,-0.224,0.578,0.596,0.632,0.237,0.679,0.442,-0.001,0.534,0.489,-0.27,0.116,0.439,0.766,-0.059,0.243,-0.063,-0.077,-0.169,0.529,0.722,0.49,0.477,0.16,0.74,0.751,0.522,0.253,0.691,0.69,0.279,0.492,0.333,0.668,-0.46,0.621,0.589,0.511,0.497,0.603,0.793,-0.358,0.443,0.701,0.558,0.288,0.485,-0.173,0.614,0.516,0.592,0.775,0.238,0.656,0.689,-0.048,0.547,0.197,0.489,0.524,0.706,0.466,0.597,0.503,-0.232,0.402,-0.112,0.832,0.709,0.566,0.548,0.701,0.701,0.653,0.519,0.639,-0.057,0.165,0.418,-0.258,0.47,0.601,0.42,-0.429,-0.088,0.08,0.413,0.618,0.525,0.577,-0.038,0.72,0.652,0.486,0.363,0.632,0.548,0.62,0.658,0.635,0.27,0.637,-0.068,0.125,0.666,0.273,0.538,0.15,0.641,0.551,0.7,0.684,-0.171,0.595,0.506,-0.052,0.346,0.343,0.038,0.443,0.636,0.775,0.546
BILI,-0.356,-0.481,-0.209,-0.379,-0.202,0.022,0.449,-0.499,-0.291,0.132,-0.343,-0.39,0.446,-0.464,0.078,-0.126,-0.312,-0.106,-0.578,-0.314,-0.21,0.028,0.373,0.453,-0.256,-0.155,1.0,-0.166,-0.286,-0.348,-0.347,-0.465,0.24,-0.361,-0.428,-0.301,-0.168,-0.368,-0.338,-0.293,0.404,-0.322,0.116,-0.39,0.171,0.001,0.053,-0.334,-0.42,-0.27,-0.412,-0.459,-0.235,-0.253,-0.268,0.523,0.216,-0.28,0.195,0.263,0.347,-0.451,0.532,-0.081,-0.455,0.052,-0.351,-0.314,-0.362,-0.452,-0.219,-0.104,-0.275,-0.249,-0.325,-0.234,-0.372,0.42,-0.507,-0.528,-0.365,-0.049,-0.227,-0.44,0.428,-0.435,-0.547,0.131,0.003,-0.379,-0.145,0.465,-0.505,0.806,0.402,0.459,-0.343,-0.383,-0.409,-0.392,-0.307,-0.234,-0.322,0.034,0.323,-0.41,-0.317,0.134,-0.037,0.008,0.056,0.106,-0.383,-0.452,-0.493,-0.424,-0.248,-0.293,0.189,-0.368,-0.292,-0.211,-0.297,-0.401,0.292,-0.45,-0.423,-0.287,-0.4,0.401,-0.324,-0.372,-0.234,-0.436,-0.403,-0.46,-0.405,-0.372,-0.299,0.212,-0.362,0.438,-0.453,0.459,-0.44,-0.314,-0.37,-0.412,-0.359,-0.466,-0.468,-0.432,-0.501,0.589,-0.308,-0.211,-0.107,0.057,-0.432,-0.123,0.383,0.219,0.374,-0.346,-0.424,-0.332,-0.371,0.399,-0.304,-0.23,-0.222,0.343,-0.425,0.119,-0.409,-0.355,-0.203,-0.372,-0.431,-0.205,-0.158,-0.25,-0.325,0.014,-0.079,0.052,-0.326,-0.401,-0.286,0.205,-0.086,-0.282,0.472,-0.455,-0.514,-0.128,-0.411,-0.282,-0.267,-0.407
BKR,0.464,0.527,0.556,0.479,0.61,0.337,-0.022,0.423,0.219,0.061,0.453,0.519,-0.257,0.616,0.28,0.599,0.344,0.155,0.31,0.37,0.552,0.431,-0.138,-0.402,0.521,0.481,-0.166,1.0,0.475,0.558,0.457,0.411,0.222,0.565,0.456,0.28,0.581,0.37,0.343,0.534,-0.128,0.465,0.236,0.362,0.45,0.475,0.025,0.596,0.521,0.549,0.509,0.52,0.579,0.627,0.399,-0.146,-0.169,0.477,0.081,0.173,-0.081,0.445,-0.071,0.254,0.398,0.102,0.528,0.424,0.217,0.306,0.395,0.537,0.395,0.3,0.463,0.396,0.611,-0.034,0.498,0.515,0.491,0.276,0.451,0.475,0.289,0.39,0.493,-0.171,0.091,0.35,0.373,-0.265,0.301,-0.19,0.053,-0.029,0.536,0.455,0.502,0.431,0.299,0.527,0.533,0.396,0.144,0.451,0.411,0.249,0.237,0.416,0.44,-0.156,0.548,0.59,0.461,0.342,0.296,0.448,-0.099,0.421,0.479,0.386,0.309,0.344,-0.085,0.454,0.453,0.379,0.525,0.09,0.401,0.521,0.179,0.405,0.45,0.38,0.415,0.437,0.361,0.34,0.465,-0.13,0.422,0.122,0.575,0.611,0.474,0.402,0.422,0.502,0.575,0.538,0.439,0.162,0.417,0.162,0.085,0.464,0.463,0.554,-0.108,0.172,0.086,0.356,0.538,0.459,0.378,-0.197,0.493,0.572,0.463,0.38,0.488,0.436,0.385,0.544,0.499,0.487,0.563,0.067,0.403,0.438,0.374,0.151,0.365,0.474,0.478,0.485,0.369,-0.137,0.455,0.473,-0.029,0.325,0.411,0.034,0.468,0.494,0.429,0.318
BLDP,0.624,0.745,0.757,0.718,0.697,0.399,-0.342,0.665,0.356,-0.254,0.72,0.723,-0.672,0.78,0.075,0.591,0.686,0.384,0.607,0.468,0.724,0.622,-0.638,-0.054,0.735,0.463,-0.286,0.475,1.0,0.772,0.651,0.684,-0.06,0.798,0.786,0.549,0.531,0.637,0.261,0.75,-0.681,0.724,-0.002,0.689,0.16,0.247,-0.247,0.713,0.728,0.842,0.716,0.746,0.669,0.706,0.683,-0.26,-0.295,0.832,-0.216,-0.329,-0.261,0.749,-0.415,0.41,0.779,0.263,0.691,0.626,0.495,0.574,0.766,0.594,0.575,0.726,0.683,0.704,0.684,-0.544,0.675,0.684,0.702,0.193,0.585,0.73,-0.183,0.774,0.687,-0.251,0.057,0.566,0.403,-0.276,0.505,-0.431,-0.297,-0.436,0.621,0.736,0.818,0.735,0.551,0.593,0.655,0.414,-0.307,0.637,0.573,0.071,0.495,0.387,0.533,-0.149,0.806,0.747,0.754,0.593,0.658,0.502,-0.399,0.672,0.445,0.617,0.67,0.74,-0.141,0.691,0.743,0.633,0.696,0.071,0.631,0.755,0.089,0.624,0.642,0.687,0.625,0.704,0.563,0.438,0.738,-0.608,0.717,-0.364,0.664,0.711,0.776,0.6,0.632,0.657,0.703,0.709,0.708,-0.13,0.546,0.527,-0.218,0.519,0.719,0.538,-0.443,-0.037,-0.053,0.573,0.695,0.673,0.663,-0.003,0.765,0.729,0.719,0.036,0.754,0.404,0.684,0.767,0.453,0.652,0.738,0.184,0.3,0.572,0.617,0.306,0.41,0.417,0.793,0.688,0.625,-0.247,0.362,0.77,-0.413,0.735,0.709,0.317,0.776,0.475,0.605,0.713
BLNK,0.683,0.787,0.571,0.762,0.612,0.318,-0.442,0.676,0.519,-0.089,0.78,0.751,-0.487,0.831,0.288,0.671,0.655,0.423,0.692,0.612,0.614,0.455,-0.531,-0.201,0.653,0.513,-0.348,0.558,0.772,1.0,0.768,0.865,0.137,0.753,0.803,0.71,0.677,0.656,0.404,0.575,-0.572,0.667,0.144,0.633,0.144,0.392,-0.205,0.7,0.758,0.771,0.738,0.852,0.661,0.647,0.765,-0.402,-0.085,0.687,-0.258,-0.265,-0.182,0.789,-0.45,0.284,0.791,0.366,0.649,0.54,0.657,0.732,0.579,0.52,0.639,0.666,0.719,0.524,0.863,-0.483,0.725,0.746,0.746,0.362,0.515,0.837,-0.044,0.692,0.887,-0.109,0.243,0.52,0.361,-0.235,0.726,-0.387,-0.382,-0.397,0.601,0.693,0.725,0.71,0.781,0.572,0.646,0.488,-0.207,0.699,0.492,-0.065,0.295,0.404,0.551,0.098,0.754,0.676,0.867,0.729,0.604,0.603,-0.336,0.639,0.41,0.596,0.666,0.685,-0.016,0.782,0.709,0.567,0.677,-0.029,0.603,0.729,0.345,0.654,0.707,0.639,0.625,0.634,0.534,0.412,0.76,-0.478,0.751,-0.259,0.758,0.69,0.816,0.643,0.624,0.716,0.774,0.831,0.682,-0.126,0.508,0.504,-0.063,0.479,0.687,0.631,-0.294,0.058,-0.078,0.781,0.754,0.656,0.591,-0.016,0.66,0.705,0.774,-0.011,0.829,0.278,0.675,0.751,0.42,0.76,0.768,0.394,0.289,0.424,0.66,0.169,0.485,0.272,0.626,0.707,0.597,-0.13,0.312,0.609,-0.42,0.66,0.726,0.373,0.714,0.441,0.557,0.715
BYND,0.479,0.766,0.568,0.788,0.706,0.439,-0.234,0.704,0.599,-0.022,0.84,0.766,-0.491,0.815,0.008,0.753,0.663,0.074,0.529,0.208,0.605,0.576,-0.613,-0.101,0.728,0.611,-0.347,0.457,0.651,0.768,1.0,0.719,-0.141,0.691,0.708,0.473,0.591,0.624,0.175,0.699,-0.519,0.717,0.266,0.652,0.32,0.321,-0.119,0.689,0.728,0.754,0.753,0.806,0.675,0.713,0.683,-0.292,-0.226,0.696,-0.321,-0.194,-0.304,0.798,-0.366,0.403,0.669,0.098,0.734,0.643,0.448,0.46,0.605,0.362,0.613,0.46,0.501,0.449,0.718,-0.354,0.734,0.743,0.679,0.35,0.641,0.677,-0.042,0.645,0.7,-0.184,0.285,0.595,0.524,-0.242,0.6,-0.294,-0.294,-0.383,0.51,0.747,0.671,0.556,0.482,0.802,0.786,0.611,-0.029,0.854,0.71,0.107,0.424,0.222,0.515,-0.264,0.733,0.7,0.722,0.598,0.686,0.771,-0.343,0.563,0.637,0.752,0.439,0.605,-0.119,0.724,0.67,0.659,0.739,0.148,0.693,0.741,0.051,0.788,0.496,0.633,0.603,0.761,0.577,0.43,0.671,-0.353,0.63,-0.254,0.76,0.796,0.724,0.685,0.702,0.853,0.849,0.705,0.765,-0.094,0.348,0.462,-0.103,0.396,0.748,0.606,-0.42,-0.05,-0.054,0.59,0.823,0.691,0.645,-0.165,0.732,0.701,0.688,0.069,0.68,0.46,0.781,0.862,0.604,0.497,0.784,0.187,0.181,0.631,0.434,0.407,0.327,0.539,0.664,0.659,0.629,-0.318,0.562,0.586,-0.2,0.561,0.656,0.225,0.69,0.593,0.773,0.687
