,AAL,AAPL,ABUS,ADBE,ADI,ADMA,AEP,AGNC,AKBA,ALT,AMAT,AMD,AMGN,AMZN,APA,APPS,ARCC,ARDX,ATER,ATOS,AUPH,AVGO,AZN,BCRX,BGC,BIDU,BILI,BKR,BLDP,BLNK,BYND,CAN,CELH,CG,CGC,CHRD,CLNE,CMCSA,COMM,COST,CPB,CPRT,CRON,CRWD,CSCO,CSGP,CSX,CTSH,CZR,DBX,DDOG,DKNG,DLTR,DOCU,DVAX,DXCM,EA,EBAY,ENPH,ERIC,ESPR,ETSY,EXC,EXEL,EXPE,FANG,FAST,FITB,FLEX,FOLD,FOXA,FSLR,FTNT,FUTU,GEN,GERN,GEVO,GILD,GOOG,GOOGL,GPRO,GT,HBAN,HIVE,HON,HST,HUT,IBRX,INTC,IOVA,IQ,IRWD,JBLU,JD,KDP,KHC,LBTYK,LRCX,LYFT,MAR,MARA,MAT,MCHP,MCRB,MDLZ,META,MGNI,MLCO,MNKD,MNST,MOMO,MRNA,MRVL,MSFT,MSTR,MTCH,MU,MVIS,NDAQ,NFLX,NKTR,NNDM,NTES,NTNX,NVAX,NVDA,NWL,NWSA,NXPI,OCGN,OKTA,ON,OPK,PAA,PACB,PAGP,PANW,PARA,PCAR,PDD,PENN,PEP,PLUG,PTEN,PTON,PYPL,QCOM,QUBT,QVCGA,RDFN,REAL,RIOT,ROKU,ROST,RUN,SABR,SAVA,SBUX,SFIX,SGMO,SIRI,SLM,SMCI,SNDL,SONO,STNE,STX,TCOM,TGTX,TIGR,TLRY,TMUS,TRIP,TSCO,TSLA,TTD,TXN,UAL,UNIT,VERU,VKTX,VLY,VOD,VTRS,VXRT,WBA,WBD,WDAY,WDC,WEN,WW,WYNN,XEL,XP,XRAY,XRX,Z,ZION,ZM,ZS
AAL,1.0,0.631,0.563,0.599,0.64,0.516,0.426,0.695,0.578,0.617,0.741,0.59,0.34,0.511,-0.236,0.316,0.717,0.338,0.654,0.4,0.592,0.629,0.427,0.257,0.478,0.48,0.513,-0.085,0.622,0.411,0.521,-0.284,0.513,0.739,0.545,-0.023,0.254,0.308,-0.203,0.66,0.025,0.688,0.645,0.733,0.48,0.681,0.603,0.473,0.695,0.05,0.413,0.623,0.585,0.538,-0.291,0.224,0.577,0.333,0.118,0.72,0.728,0.284,0.449,0.406,0.623,-0.072,0.64,0.805,0.425,0.089,0.423,-0.149,-0.377,0.533,0.528,0.082,0.471,0.142,0.363,0.351,0.681,0.441,0.772,0.253,0.629,0.636,0.034,0.159,0.496,0.424,0.383,0.577,0.286,0.647,0.155,0.379,0.235,0.799,0.598,0.549,-0.005,0.162,0.502,-0.39,0.269,0.596,0.513,-0.203,-0.476,0.468,0.138,0.097,0.717,0.421,0.086,-0.371,0.637,0.468,0.603,0.192,0.5,-0.322,0.444,0.745,0.404,0.728,-0.062,0.545,0.402,0.367,0.251,-0.121,0.576,0.374,0.148,0.389,0.288,0.627,0.596,0.22,0.511,0.445,0.154,-0.135,0.348,0.63,0.531,0.351,0.669,0.69,0.598,0.229,0.626,0.639,0.588,0.032,0.1,0.468,-0.109,-0.378,0.626,0.545,0.484,0.69,0.34,0.442,0.477,-0.214,0.345,0.634,0.39,0.556,0.586,0.527,0.576,0.457,0.489,0.893,0.499,0.511,0.39,0.638,0.708,0.529,0.529,0.346,0.323,0.599,0.469,-0.507,0.058,0.422,0.316,0.642,-0.417,0.475,0.143,0.822,0.492,0.661
AAPL,0.631,1.0,0.376,0.825,0.573,0.617,0.546,0.625,0.598,0.523,0.799,0.765,0.125,0.64,-0.334,0.134,0.585,0.157,0.744,0.461,0.634,0.806,0.151,0.012,0.602,0.042,0.393,-0.141,0.353,0.408,0.478,-0.571,0.64,0.743,0.2,-0.073,0.127,0.298,-0.342,0.767,-0.054,0.764,0.706,0.884,0.447,0.583,0.454,0.466,0.658,0.119,0.736,0.841,0.676,0.575,-0.501,0.282,0.775,0.241,-0.038,0.515,0.57,0.255,0.418,0.342,0.828,-0.164,0.558,0.64,0.329,0.065,0.309,-0.361,-0.318,0.296,0.786,0.046,0.334,-0.062,0.35,0.334,0.691,0.655,0.664,0.178,0.64,0.662,0.017,0.215,0.591,0.378,0.29,0.411,-0.004,0.308,0.306,0.509,0.274,0.78,0.647,0.635,0.004,0.098,0.515,-0.443,0.492,0.714,0.611,-0.409,-0.526,0.577,-0.179,-0.002,0.687,0.604,0.265,-0.378,0.774,0.229,0.588,0.234,0.314,-0.524,0.389,0.77,0.309,0.729,-0.185,0.456,0.385,0.204,0.085,-0.266,0.503,0.473,-0.058,0.349,0.34,0.607,0.504,0.129,0.786,0.451,-0.113,-0.325,0.279,0.628,0.812,0.2,0.701,0.507,0.666,0.203,0.809,0.653,0.429,0.054,0.198,0.74,-0.347,-0.464,0.663,0.73,0.51,0.375,0.28,0.575,0.508,-0.408,0.496,0.302,-0.012,0.515,0.768,0.467,0.302,0.341,0.345,0.576,0.597,0.297,0.24,0.411,0.576,0.447,0.588,-0.122,0.181,0.8,0.542,-0.486,0.017,0.299,0.107,0.657,-0.361,0.345,-0.022,0.564,0.551,0.784
ABUS,0.563,0.376,1.0,0.388,0.299,0.57,0.363,0.454,0.513,0.664,0.406,0.392,0.098,0.398,-0.102,0.421,0.523,0.376,0.353,0.498,0.449,0.338,0.429,0.362,0.346,0.377,0.438,0.138,0.506,0.305,0.441,0.159,0.306,0.583,0.651,0.214,0.254,0.326,-0.246,0.364,0.106,0.366,0.492,0.412,0.465,0.481,0.289,0.333,0.417,0.078,0.173,0.42,0.423,0.407,0.125,0.135,0.368,0.316,0.044,0.533,0.555,0.136,0.449,0.382,0.411,0.007,0.532,0.53,0.445,0.317,0.466,0.006,-0.116,0.449,0.308,0.407,0.489,0.496,0.064,0.075,0.447,0.234,0.453,0.104,0.571,0.485,0.019,0.265,0.461,0.464,0.337,0.472,-0.013,0.557,0.189,0.282,0.241,0.471,0.43,0.306,0.035,0.122,0.26,-0.116,0.173,0.318,0.402,0.219,-0.018,0.277,0.325,0.122,0.473,0.249,0.078,-0.299,0.506,0.547,0.178,-0.091,0.396,-0.404,0.311,0.523,0.563,0.404,-0.116,0.434,0.296,0.241,0.126,-0.185,0.452,0.366,0.006,0.426,0.288,0.535,0.311,-0.159,0.329,0.323,0.281,-0.008,0.453,0.425,0.319,0.215,0.429,0.449,0.324,0.28,0.417,0.32,0.399,0.302,0.182,0.246,0.119,0.161,0.535,0.402,0.308,0.595,0.413,0.296,0.425,-0.312,0.343,0.537,0.375,0.463,0.407,0.321,0.455,0.438,0.389,0.566,0.553,0.479,0.323,0.516,0.555,0.486,0.236,0.204,0.467,0.412,0.283,-0.395,0.064,0.368,0.44,0.211,-0.315,0.337,0.065,0.573,0.405,0.332
ADBE,0.599,0.825,0.388,1.0,0.55,0.594,0.483,0.625,0.657,0.502,0.746,0.732,0.099,0.699,-0.402,0.156,0.541,0.292,0.601,0.489,0.533,0.751,0.126,0.037,0.632,-0.024,0.445,-0.024,0.376,0.387,0.358,-0.551,0.703,0.687,0.173,-0.005,0.16,0.31,-0.353,0.658,-0.042,0.728,0.678,0.764,0.359,0.57,0.445,0.413,0.607,-0.062,0.775,0.687,0.632,0.461,-0.509,0.391,0.653,0.31,-0.061,0.496,0.664,0.187,0.391,0.261,0.713,-0.073,0.493,0.636,0.275,0.13,0.336,-0.238,-0.499,0.226,0.831,0.003,0.331,0.084,0.35,0.349,0.76,0.699,0.601,0.159,0.656,0.662,0.033,0.294,0.645,0.431,0.31,0.399,-0.052,0.234,0.358,0.491,0.21,0.727,0.632,0.53,-0.029,0.104,0.401,-0.643,0.449,0.683,0.649,-0.321,-0.467,0.534,-0.223,-0.165,0.591,0.627,0.243,-0.473,0.706,0.194,0.655,0.287,0.337,-0.503,0.335,0.638,0.335,0.637,-0.126,0.404,0.362,0.109,0.03,-0.267,0.508,0.431,-0.149,0.397,0.15,0.548,0.468,0.048,0.74,0.52,-0.077,-0.31,0.23,0.56,0.743,0.184,0.66,0.368,0.743,0.185,0.674,0.68,0.349,0.098,0.2,0.637,-0.208,-0.461,0.58,0.71,0.296,0.393,0.384,0.62,0.509,-0.431,0.51,0.185,-0.031,0.515,0.826,0.423,0.256,0.384,0.381,0.529,0.591,0.317,0.184,0.373,0.556,0.541,0.61,-0.158,0.317,0.729,0.489,-0.512,-0.164,0.356,0.169,0.672,-0.474,0.374,-0.151,0.547,0.442,0.683
ADI,0.64,0.573,0.299,0.55,1.0,0.233,0.284,0.796,0.333,0.393,0.708,0.567,0.563,0.221,0.081,0.616,0.458,0.008,0.629,0.249,0.522,0.656,0.405,0.233,0.399,0.432,0.102,0.254,0.564,0.687,0.732,-0.388,0.478,0.587,0.487,0.238,0.562,0.497,0.287,0.703,-0.278,0.72,0.383,0.638,0.644,0.792,0.759,0.687,0.742,0.356,0.447,0.438,0.469,0.775,-0.203,-0.103,0.795,0.602,0.39,0.525,0.399,0.622,0.463,0.443,0.406,0.229,0.422,0.537,0.191,-0.113,0.611,0.18,-0.185,0.539,0.488,-0.194,0.226,0.061,0.714,0.703,0.623,0.517,0.651,0.091,0.593,0.604,-0.249,-0.214,0.285,0.003,-0.065,0.703,0.463,0.227,-0.123,0.255,0.621,0.72,0.735,0.697,-0.205,0.41,0.88,-0.297,-0.0,0.688,0.701,-0.27,-0.24,0.178,-0.166,0.347,0.833,0.248,-0.131,0.033,0.543,0.418,0.606,-0.161,0.658,-0.231,0.021,0.602,0.119,0.5,0.127,0.633,0.742,0.604,0.488,0.357,0.519,0.333,0.469,0.366,0.464,0.619,0.378,0.101,0.543,0.093,0.264,0.206,0.363,0.781,0.478,0.586,0.522,0.528,0.584,0.006,0.478,0.405,0.721,0.282,-0.175,0.375,-0.001,-0.131,0.71,0.388,0.706,0.578,0.569,0.337,0.197,-0.498,0.126,0.483,0.435,0.242,0.494,0.682,0.669,0.494,0.818,0.675,0.247,0.201,0.416,0.593,0.549,0.643,0.512,0.326,0.404,0.622,0.645,-0.365,0.382,0.268,0.065,0.746,0.02,0.675,0.399,0.648,0.711,0.702
ADMA,0.516,0.617,0.57,0.594,0.233,1.0,0.643,0.354,0.666,0.488,0.589,0.66,-0.213,0.661,-0.639,-0.009,0.631,0.356,0.428,0.397,0.512,0.514,-0.022,-0.108,0.654,-0.146,0.683,-0.246,0.15,0.084,0.133,-0.152,0.471,0.613,0.162,-0.271,-0.177,-0.096,-0.584,0.406,0.3,0.503,0.748,0.551,0.062,0.394,0.02,0.14,0.411,-0.324,0.504,0.719,0.522,0.247,-0.434,0.524,0.4,-0.032,-0.423,0.419,0.634,-0.127,0.291,0.234,0.704,-0.523,0.531,0.56,0.447,0.26,0.142,-0.486,-0.544,0.187,0.692,0.268,0.449,0.098,-0.158,-0.162,0.585,0.438,0.502,0.303,0.479,0.531,0.37,0.548,0.683,0.636,0.534,0.336,-0.281,0.393,0.56,0.613,-0.138,0.584,0.413,0.256,0.346,-0.317,0.074,-0.593,0.598,0.341,0.334,-0.302,-0.519,0.627,0.033,-0.4,0.511,0.671,0.616,-0.665,0.8,0.229,0.343,0.381,0.153,-0.678,0.689,0.464,0.591,0.636,-0.296,0.178,0.022,-0.219,-0.279,-0.551,0.288,0.282,-0.369,0.285,-0.096,0.503,0.517,0.191,0.636,0.696,-0.251,-0.532,0.05,0.259,0.682,-0.247,0.613,0.342,0.591,0.492,0.684,0.658,0.062,-0.178,0.518,0.655,-0.233,-0.39,0.419,0.707,0.1,0.19,-0.016,0.581,0.646,-0.14,0.652,0.243,-0.191,0.631,0.626,0.028,0.052,0.128,0.078,0.387,0.601,0.458,-0.111,0.226,0.493,0.211,0.514,-0.239,0.187,0.715,0.211,-0.487,-0.444,0.306,0.276,0.37,-0.67,0.03,-0.349,0.384,0.164,0.346
AEP,0.426,0.546,0.363,0.483,0.284,0.643,1.0,0.394,0.635,0.519,0.501,0.661,-0.195,0.633,-0.459,-0.111,0.708,0.456,0.331,0.507,0.719,0.341,-0.135,0.04,0.639,-0.184,0.709,0.011,0.272,0.035,0.123,-0.082,0.402,0.469,0.201,-0.073,-0.065,-0.112,-0.47,0.38,0.577,0.528,0.446,0.466,0.022,0.372,0.059,0.187,0.495,-0.428,0.275,0.687,0.594,0.214,-0.3,0.534,0.435,-0.133,-0.421,0.457,0.514,0.019,0.617,0.218,0.701,-0.491,0.611,0.599,0.453,0.309,0.257,-0.289,-0.617,0.042,0.482,0.311,0.654,0.218,-0.132,-0.143,0.368,0.435,0.704,0.469,0.6,0.691,0.48,0.64,0.624,0.618,0.564,0.118,-0.186,0.475,0.699,0.849,-0.076,0.461,0.342,0.244,0.408,-0.3,0.209,-0.471,0.703,0.287,0.296,-0.185,-0.528,0.723,0.16,-0.284,0.288,0.729,0.592,-0.609,0.614,0.229,0.172,0.402,0.191,-0.55,0.729,0.429,0.64,0.439,-0.116,0.208,-0.041,-0.203,-0.257,-0.492,0.463,0.485,-0.239,0.432,-0.188,0.597,0.65,0.271,0.761,0.669,-0.155,-0.585,0.38,0.405,0.764,-0.207,0.57,0.514,0.314,0.612,0.816,0.669,0.26,0.086,0.708,0.783,-0.062,-0.407,0.565,0.722,0.046,0.223,0.048,0.659,0.662,0.074,0.759,0.113,-0.152,0.754,0.411,0.005,-0.002,0.146,0.183,0.249,0.804,0.53,-0.061,0.436,0.576,0.038,0.383,-0.041,0.368,0.496,0.149,-0.211,-0.415,0.362,0.551,0.423,-0.605,0.116,-0.291,0.366,0.201,0.169
AGNC,0.695,0.625,0.454,0.625,0.796,0.354,0.394,1.0,0.512,0.522,0.752,0.629,0.421,0.508,-0.08,0.462,0.628,0.199,0.602,0.375,0.578,0.596,0.384,0.283,0.435,0.367,0.292,0.167,0.609,0.523,0.728,-0.4,0.424,0.596,0.608,0.149,0.469,0.552,-0.106,0.754,-0.109,0.674,0.478,0.651,0.595,0.892,0.769,0.584,0.785,0.158,0.421,0.508,0.644,0.634,-0.2,0.093,0.662,0.469,0.268,0.674,0.543,0.474,0.582,0.529,0.446,0.107,0.603,0.665,0.395,-0.054,0.541,-0.03,-0.275,0.52,0.492,0.033,0.339,0.16,0.709,0.711,0.562,0.435,0.756,0.101,0.786,0.698,-0.128,0.096,0.563,0.155,0.125,0.579,0.276,0.429,0.095,0.344,0.516,0.739,0.587,0.634,-0.179,0.461,0.703,-0.361,0.096,0.79,0.666,-0.252,-0.281,0.318,-0.115,0.226,0.703,0.442,-0.023,-0.233,0.571,0.399,0.538,-0.057,0.695,-0.34,0.192,0.682,0.269,0.544,-0.074,0.584,0.563,0.608,0.41,0.021,0.479,0.404,0.257,0.537,0.377,0.657,0.45,0.012,0.622,0.245,0.18,-0.041,0.476,0.782,0.561,0.507,0.544,0.562,0.535,0.093,0.562,0.479,0.777,0.257,0.055,0.41,0.034,-0.14,0.73,0.491,0.559,0.6,0.708,0.364,0.443,-0.522,0.291,0.453,0.403,0.485,0.533,0.655,0.553,0.495,0.821,0.665,0.446,0.413,0.442,0.657,0.697,0.582,0.46,0.226,0.434,0.6,0.597,-0.455,0.236,0.25,0.19,0.67,-0.179,0.831,0.257,0.741,0.694,0.604
AKBA,0.578,0.598,0.513,0.657,0.333,0.666,0.635,0.512,1.0,0.516,0.557,0.562,-0.045,0.627,-0.468,0.088,0.537,0.484,0.537,0.605,0.64,0.428,0.073,0.262,0.508,0.014,0.663,-0.203,0.297,0.079,0.177,-0.207,0.594,0.561,0.286,-0.123,0.05,0.062,-0.482,0.466,0.163,0.472,0.6,0.569,0.205,0.501,0.139,0.296,0.556,-0.227,0.557,0.734,0.629,0.283,-0.347,0.406,0.38,0.143,-0.317,0.538,0.771,0.036,0.381,0.199,0.717,-0.329,0.493,0.66,0.334,0.44,0.277,-0.302,-0.476,0.365,0.701,0.407,0.481,0.321,0.108,0.12,0.528,0.531,0.596,0.26,0.565,0.569,0.242,0.405,0.566,0.695,0.527,0.25,-0.082,0.457,0.4,0.513,0.073,0.501,0.513,0.306,0.124,-0.128,0.247,-0.451,0.459,0.418,0.44,-0.065,-0.379,0.578,0.108,-0.214,0.383,0.659,0.339,-0.551,0.581,0.325,0.366,0.275,0.401,-0.514,0.477,0.536,0.568,0.516,-0.217,0.366,0.178,-0.01,-0.152,-0.438,0.504,0.448,-0.192,0.388,-0.032,0.585,0.447,0.113,0.681,0.514,-0.03,-0.496,0.276,0.395,0.59,-0.065,0.721,0.487,0.505,0.413,0.676,0.62,0.299,-0.05,0.479,0.583,-0.092,-0.303,0.499,0.614,0.052,0.371,0.244,0.561,0.458,-0.246,0.545,0.347,-0.001,0.642,0.728,0.187,0.12,0.338,0.286,0.46,0.633,0.495,0.19,0.373,0.571,0.349,0.544,0.025,0.474,0.486,0.166,-0.449,-0.26,0.506,0.231,0.577,-0.548,0.205,-0.19,0.443,0.408,0.439
ALT,0.617,0.523,0.664,0.502,0.393,0.488,0.519,0.522,0.516,1.0,0.497,0.446,0.151,0.54,-0.264,0.28,0.595,0.325,0.375,0.541,0.585,0.454,0.38,0.235,0.393,0.325,0.502,0.122,0.59,0.297,0.426,0.083,0.422,0.559,0.569,-0.011,0.14,0.363,-0.224,0.563,0.283,0.55,0.521,0.524,0.426,0.546,0.339,0.324,0.498,-0.042,0.304,0.505,0.534,0.416,-0.153,0.16,0.428,0.226,0.077,0.631,0.603,0.201,0.594,0.56,0.518,-0.023,0.562,0.607,0.712,0.212,0.416,-0.1,-0.312,0.435,0.382,0.338,0.507,0.315,0.134,0.165,0.455,0.405,0.599,0.232,0.676,0.663,0.122,0.37,0.526,0.453,0.432,0.378,0.059,0.745,0.435,0.437,0.132,0.551,0.451,0.441,0.029,0.186,0.292,-0.33,0.245,0.51,0.448,0.029,-0.298,0.354,0.445,0.046,0.418,0.478,0.151,-0.353,0.527,0.423,0.244,-0.01,0.452,-0.514,0.366,0.577,0.486,0.509,0.031,0.372,0.312,0.312,0.144,-0.177,0.509,0.265,0.059,0.38,0.19,0.52,0.598,0.134,0.42,0.398,0.253,-0.167,0.354,0.489,0.421,0.334,0.477,0.57,0.38,0.294,0.509,0.482,0.473,0.182,0.342,0.381,-0.012,-0.179,0.559,0.648,0.342,0.477,0.279,0.32,0.614,-0.093,0.373,0.497,0.288,0.622,0.502,0.506,0.442,0.44,0.412,0.575,0.536,0.638,0.4,0.695,0.744,0.445,0.415,0.251,0.369,0.476,0.445,-0.441,-0.041,0.426,0.433,0.294,-0.335,0.351,0.089,0.674,0.419,0.401
AMAT,0.741,0.799,0.406,0.746,0.708,0.589,0.501,0.752,0.557,0.497,1.0,0.717,0.169,0.582,-0.335,0.203,0.661,0.197,0.585,0.376,0.581,0.858,0.297,0.052,0.552,0.311,0.372,-0.066,0.497,0.509,0.521,-0.5,0.479,0.787,0.371,-0.102,0.23,0.267,-0.293,0.766,0.052,0.809,0.651,0.848,0.43,0.752,0.606,0.435,0.658,0.026,0.559,0.645,0.633,0.57,-0.44,0.232,0.711,0.246,0.005,0.668,0.659,0.281,0.403,0.356,0.643,-0.173,0.658,0.709,0.422,-0.028,0.315,-0.305,-0.424,0.42,0.652,-0.032,0.389,-0.006,0.411,0.398,0.677,0.498,0.711,0.149,0.634,0.639,0.031,0.129,0.536,0.335,0.222,0.525,0.03,0.417,0.218,0.464,0.274,0.96,0.596,0.611,0.027,0.084,0.524,-0.544,0.432,0.696,0.548,-0.386,-0.592,0.531,-0.05,0.032,0.784,0.571,0.21,-0.418,0.791,0.249,0.603,0.279,0.439,-0.412,0.372,0.802,0.406,0.741,-0.207,0.536,0.409,0.266,0.13,-0.219,0.418,0.332,-0.02,0.315,0.322,0.539,0.576,0.148,0.663,0.501,-0.015,-0.203,0.261,0.632,0.734,0.255,0.598,0.467,0.669,0.195,0.664,0.679,0.559,0.015,0.225,0.568,-0.231,-0.438,0.618,0.637,0.543,0.47,0.35,0.552,0.548,-0.33,0.435,0.422,0.108,0.601,0.626,0.451,0.445,0.344,0.504,0.665,0.498,0.441,0.206,0.465,0.665,0.428,0.551,0.035,0.218,0.742,0.497,-0.558,-0.004,0.268,0.152,0.736,-0.397,0.445,0.002,0.752,0.517,0.727
AMD,0.59,0.765,0.392,0.732,0.567,0.66,0.661,0.629,0.562,0.446,0.717,1.0,0.096,0.688,-0.475,0.087,0.648,0.324,0.562,0.39,0.694,0.686,0.055,0.093,0.747,-0.054,0.492,-0.083,0.351,0.303,0.305,-0.381,0.517,0.657,0.251,-0.112,0.088,0.187,-0.356,0.605,0.145,0.756,0.603,0.695,0.315,0.581,0.391,0.455,0.783,-0.161,0.534,0.762,0.629,0.472,-0.5,0.478,0.717,0.145,-0.194,0.549,0.566,0.175,0.532,0.258,0.717,-0.345,0.617,0.629,0.317,0.172,0.362,-0.192,-0.562,0.163,0.657,0.073,0.452,0.047,0.234,0.2,0.61,0.612,0.678,0.36,0.717,0.802,0.172,0.429,0.706,0.454,0.355,0.438,0.041,0.33,0.438,0.807,0.202,0.721,0.581,0.48,0.14,-0.036,0.459,-0.552,0.558,0.609,0.531,-0.313,-0.519,0.66,-0.184,-0.207,0.627,0.655,0.387,-0.416,0.838,0.192,0.48,0.344,0.264,-0.522,0.588,0.652,0.483,0.733,-0.18,0.36,0.208,0.007,-0.068,-0.326,0.509,0.497,-0.054,0.459,0.045,0.619,0.622,0.206,0.837,0.7,-0.138,-0.431,0.269,0.581,0.856,0.102,0.653,0.545,0.588,0.373,0.806,0.688,0.339,0.073,0.324,0.804,-0.213,-0.453,0.75,0.761,0.316,0.367,0.239,0.687,0.7,-0.327,0.798,0.165,-0.117,0.591,0.597,0.277,0.215,0.337,0.366,0.489,0.652,0.346,0.173,0.345,0.552,0.317,0.568,-0.027,0.3,0.832,0.558,-0.314,-0.225,0.374,0.385,0.576,-0.513,0.378,-0.094,0.495,0.379,0.531
AMGN,0.34,0.125,0.098,0.099,0.563,-0.213,-0.195,0.421,-0.045,0.151,0.169,0.096,1.0,-0.22,0.463,0.578,0.088,-0.179,0.336,0.041,0.206,0.217,0.543,0.383,-0.067,0.604,-0.192,0.206,0.456,0.531,0.534,-0.089,0.357,0.197,0.371,0.358,0.583,0.548,0.63,0.365,-0.473,0.306,0.023,0.25,0.585,0.411,0.589,0.543,0.434,0.56,0.172,0.014,0.069,0.648,0.114,-0.393,0.489,0.602,0.692,0.286,0.084,0.604,0.291,0.268,-0.019,0.52,0.162,0.13,-0.149,-0.187,0.579,0.535,0.176,0.59,0.084,-0.251,-0.04,0.078,0.637,0.619,0.222,0.302,0.194,0.066,0.193,0.246,-0.545,-0.488,-0.165,-0.336,-0.191,0.597,0.866,0.145,-0.481,-0.128,0.568,0.238,0.478,0.429,-0.467,0.554,0.69,0.073,-0.512,0.337,0.371,0.064,0.142,-0.284,-0.145,0.609,0.392,-0.342,-0.582,0.401,-0.055,0.444,0.364,-0.489,0.518,0.106,-0.244,0.337,-0.215,0.21,0.445,0.539,0.712,0.668,0.61,0.724,0.443,0.232,0.8,0.198,0.518,0.309,0.03,0.182,0.006,-0.252,0.452,0.415,0.276,0.5,-0.112,0.758,0.136,0.465,0.123,-0.331,0.012,0.014,0.52,0.27,-0.556,-0.068,0.17,0.1,0.409,-0.085,0.58,0.498,0.437,-0.12,-0.166,-0.358,-0.355,0.489,0.576,-0.289,0.237,0.61,0.639,0.436,0.563,0.452,-0.023,0.021,0.516,0.334,0.121,0.601,0.071,0.535,0.21,0.19,0.598,-0.036,0.6,0.147,-0.086,0.251,0.334,0.564,0.767,0.397,0.556,0.391
AMZN,0.511,0.64,0.398,0.699,0.221,0.661,0.633,0.508,0.627,0.54,0.582,0.688,-0.22,1.0,-0.64,-0.166,0.637,0.426,0.328,0.392,0.475,0.527,-0.095,-0.046,0.721,-0.19,0.582,-0.139,0.222,0.015,0.145,-0.286,0.311,0.425,0.146,-0.308,-0.176,0.153,-0.645,0.467,0.292,0.578,0.538,0.52,0.065,0.476,0.182,0.107,0.534,-0.426,0.399,0.612,0.605,0.151,-0.471,0.744,0.34,-0.121,-0.26,0.522,0.621,-0.108,0.368,0.227,0.604,-0.481,0.633,0.565,0.59,0.182,0.079,-0.439,-0.609,0.037,0.504,0.243,0.406,0.04,0.115,0.094,0.423,0.352,0.592,0.208,0.711,0.627,0.306,0.759,0.922,0.501,0.531,0.104,-0.321,0.461,0.753,0.603,-0.156,0.568,0.233,0.221,0.167,-0.039,0.071,-0.594,0.566,0.623,0.371,-0.348,-0.575,0.61,0.085,-0.405,0.355,0.775,0.462,-0.697,0.692,0.011,0.285,0.451,0.13,-0.563,0.649,0.465,0.504,0.582,-0.244,0.114,-0.084,-0.107,-0.242,-0.553,0.23,0.298,-0.349,0.301,-0.181,0.401,0.514,0.105,0.672,0.632,-0.267,-0.629,0.144,0.349,0.714,-0.04,0.492,0.318,0.446,0.348,0.639,0.644,0.196,-0.115,0.614,0.648,-0.274,-0.473,0.456,0.794,-0.008,0.232,0.2,0.526,0.781,-0.117,0.697,0.041,-0.235,0.798,0.477,0.227,-0.035,0.164,0.175,0.327,0.595,0.477,0.081,0.354,0.633,0.074,0.486,-0.235,0.198,0.639,0.316,-0.408,-0.453,0.27,0.35,0.416,-0.68,0.188,-0.353,0.443,0.132,0.283
APA,-0.236,-0.334,-0.102,-0.402,0.081,-0.639,-0.459,-0.08,-0.468,-0.264,-0.335,-0.475,0.463,-0.64,1.0,0.491,-0.357,-0.24,-0.076,-0.065,-0.137,-0.375,0.304,0.392,-0.57,0.406,-0.58,0.53,0.095,0.221,0.402,0.124,-0.164,-0.25,0.153,0.744,0.527,0.363,0.633,-0.056,-0.456,-0.341,-0.52,-0.191,0.368,-0.141,0.274,0.33,-0.095,0.605,-0.372,-0.449,-0.201,0.26,0.635,-0.579,0.02,0.468,0.644,-0.292,-0.349,0.582,0.033,0.04,-0.437,0.733,-0.257,-0.203,-0.354,-0.146,0.404,0.651,0.642,0.247,-0.458,-0.144,-0.12,0.306,0.293,0.288,-0.275,-0.183,-0.176,-0.351,-0.214,-0.215,-0.621,-0.638,-0.565,-0.54,-0.486,0.065,0.481,-0.242,-0.694,-0.505,0.591,-0.292,0.047,0.128,-0.457,0.49,0.32,0.639,-0.552,-0.173,0.063,0.372,0.724,-0.456,-0.005,0.798,-0.089,-0.773,-0.726,0.676,-0.516,0.28,-0.116,-0.602,0.191,0.482,-0.683,-0.101,-0.383,-0.497,0.313,0.296,0.335,0.495,0.582,0.655,0.024,0.116,0.61,0.064,0.496,0.035,-0.544,-0.311,-0.379,-0.657,0.472,0.759,0.395,0.223,-0.411,0.457,-0.295,-0.027,-0.368,-0.471,-0.343,-0.53,0.308,0.541,-0.66,-0.438,0.411,0.622,-0.081,-0.528,0.403,0.211,0.306,-0.382,-0.619,-0.17,-0.598,0.185,0.545,-0.639,-0.353,0.244,0.344,0.143,0.257,-0.082,-0.274,-0.281,0.25,0.15,-0.219,0.226,-0.368,0.339,0.232,-0.467,0.006,0.437,0.765,-0.191,-0.078,-0.238,0.774,0.287,0.627,-0.008,0.294,-0.024
APPS,0.316,0.134,0.421,0.156,0.616,-0.009,-0.111,0.462,0.088,0.28,0.203,0.087,0.578,-0.166,0.491,1.0,0.185,-0.081,0.414,0.224,0.325,0.235,0.503,0.487,-0.112,0.532,-0.116,0.452,0.492,0.63,0.758,0.062,0.329,0.309,0.589,0.581,0.74,0.59,0.422,0.401,-0.4,0.252,0.124,0.295,0.763,0.486,0.54,0.605,0.412,0.523,0.128,0.078,0.237,0.724,0.289,-0.376,0.439,0.712,0.564,0.23,0.205,0.655,0.304,0.394,0.052,0.57,0.057,0.304,0.024,0.043,0.663,0.472,0.162,0.642,0.142,-0.005,0.158,0.381,0.553,0.571,0.31,0.271,0.301,-0.086,0.272,0.282,-0.386,-0.382,0.026,-0.13,-0.156,0.657,0.557,0.182,-0.435,-0.159,0.734,0.265,0.645,0.479,-0.289,0.575,0.662,0.107,-0.377,0.321,0.626,0.186,0.36,-0.158,0.082,0.583,0.596,-0.241,-0.365,0.339,0.138,0.62,0.252,-0.534,0.668,0.013,-0.326,0.315,0.026,0.096,0.24,0.645,0.647,0.734,0.663,0.483,0.468,0.198,0.603,0.351,0.542,0.503,-0.003,-0.164,0.114,-0.242,0.582,0.608,0.421,0.543,0.024,0.615,0.271,0.387,0.243,-0.095,0.075,-0.007,0.605,0.499,-0.468,-0.061,0.42,0.383,0.417,0.016,0.595,0.58,0.603,0.069,-0.174,-0.497,-0.269,0.528,0.717,-0.2,0.252,0.649,0.688,0.571,0.703,0.399,0.02,0.138,0.52,0.534,0.35,0.727,0.225,0.45,0.544,0.229,0.39,-0.117,0.581,0.288,0.042,0.249,0.357,0.624,0.556,0.449,0.705,0.447
ARCC,0.717,0.585,0.523,0.541,0.458,0.631,0.708,0.628,0.537,0.595,0.661,0.648,0.088,0.637,-0.357,0.185,1.0,0.392,0.484,0.432,0.696,0.541,0.241,0.14,0.672,0.214,0.599,-0.028,0.532,0.292,0.452,-0.134,0.402,0.64,0.511,-0.03,0.145,0.207,-0.354,0.638,0.321,0.658,0.622,0.657,0.382,0.605,0.376,0.297,0.617,-0.195,0.296,0.638,0.645,0.444,-0.256,0.384,0.541,0.114,-0.055,0.582,0.618,0.176,0.594,0.396,0.618,-0.259,0.644,0.747,0.494,0.141,0.354,-0.145,-0.519,0.352,0.476,0.161,0.646,0.216,0.181,0.163,0.525,0.39,0.803,0.457,0.65,0.728,0.357,0.497,0.684,0.535,0.473,0.419,-0.002,0.638,0.465,0.611,0.085,0.693,0.446,0.441,0.334,0.06,0.345,-0.452,0.442,0.533,0.429,-0.277,-0.509,0.6,0.267,-0.08,0.593,0.561,0.428,-0.572,0.672,0.39,0.367,0.264,0.402,-0.419,0.67,0.663,0.556,0.632,-0.037,0.434,0.183,0.193,0.149,-0.295,0.53,0.444,-0.091,0.545,0.119,0.66,0.719,0.226,0.66,0.603,0.016,-0.339,0.436,0.563,0.668,0.149,0.6,0.612,0.469,0.528,0.715,0.729,0.508,0.089,0.34,0.607,0.056,-0.382,0.628,0.623,0.353,0.502,0.277,0.563,0.648,-0.101,0.557,0.379,0.246,0.67,0.464,0.37,0.426,0.35,0.381,0.543,0.682,0.63,0.216,0.596,0.678,0.343,0.444,0.187,0.367,0.604,0.374,-0.445,-0.168,0.373,0.574,0.461,-0.55,0.448,-0.104,0.723,0.416,0.426
ARDX,0.338,0.157,0.376,0.292,0.008,0.356,0.456,0.199,0.484,0.325,0.197,0.324,-0.179,0.426,-0.24,-0.081,0.392,1.0,0.07,0.487,0.393,0.061,0.004,0.386,0.322,-0.103,0.477,-0.017,0.278,-0.156,-0.094,0.06,0.14,0.108,0.243,-0.017,0.041,0.004,-0.49,0.119,0.393,0.132,0.145,0.217,0.073,0.093,-0.047,0.082,0.249,-0.349,-0.046,0.29,0.484,0.039,-0.105,0.56,0.048,-0.147,-0.359,0.245,0.625,-0.056,0.347,0.017,0.278,-0.244,0.361,0.468,0.218,0.487,0.19,-0.051,-0.4,-0.01,0.108,0.334,0.521,0.501,-0.18,-0.183,0.046,0.097,0.424,0.24,0.376,0.341,0.276,0.516,0.391,0.489,0.379,-0.02,-0.216,0.29,0.41,0.475,-0.122,0.207,0.114,-0.145,0.139,-0.08,-0.095,-0.264,0.492,0.108,0.139,-0.004,-0.116,0.488,0.231,-0.292,0.001,0.363,0.228,-0.521,0.334,0.156,0.328,0.386,0.178,-0.218,0.465,0.321,0.543,0.229,-0.077,0.231,-0.266,-0.141,-0.208,-0.497,0.301,0.487,-0.33,0.488,-0.198,0.273,0.213,-0.12,0.334,0.639,0.037,-0.392,0.301,0.102,0.386,-0.075,0.257,0.218,0.015,0.352,0.416,0.428,0.084,0.086,0.452,0.357,0.18,-0.065,0.165,0.373,-0.135,0.448,0.127,0.527,0.447,-0.039,0.533,0.011,0.133,0.501,0.113,0.01,-0.026,0.253,0.017,0.202,0.462,0.508,0.096,0.332,0.392,-0.025,0.132,-0.043,0.358,0.175,-0.076,-0.013,-0.327,0.329,0.554,0.038,-0.404,0.059,-0.326,0.297,0.067,-0.033
ATER,0.654,0.744,0.353,0.601,0.629,0.428,0.331,0.602,0.537,0.375,0.585,0.562,0.336,0.328,-0.076,0.414,0.484,0.07,1.0,0.299,0.596,0.581,0.179,0.239,0.368,0.174,0.308,-0.089,0.358,0.421,0.535,-0.491,0.694,0.612,0.236,0.144,0.264,0.356,-0.111,0.66,-0.249,0.566,0.592,0.748,0.542,0.54,0.504,0.641,0.662,0.236,0.602,0.766,0.571,0.618,-0.297,0.113,0.65,0.464,0.107,0.461,0.546,0.404,0.334,0.378,0.744,0.048,0.327,0.677,0.113,0.109,0.467,-0.127,-0.209,0.527,0.668,-0.032,0.309,0.051,0.44,0.445,0.668,0.626,0.626,0.171,0.524,0.558,-0.092,-0.01,0.386,0.32,0.231,0.545,0.34,0.302,0.046,0.29,0.462,0.592,0.72,0.614,-0.084,0.204,0.622,-0.231,0.236,0.565,0.645,-0.252,-0.333,0.474,-0.163,0.158,0.707,0.342,0.096,-0.165,0.596,0.414,0.597,0.073,0.469,-0.311,0.225,0.598,0.163,0.567,-0.013,0.561,0.496,0.387,0.261,-0.04,0.554,0.515,0.22,0.453,0.338,0.741,0.413,0.165,0.596,0.19,0.005,-0.061,0.27,0.586,0.538,0.293,0.844,0.63,0.612,0.131,0.648,0.561,0.474,0.065,-0.091,0.544,-0.111,-0.355,0.638,0.539,0.472,0.446,0.382,0.473,0.21,-0.46,0.222,0.436,0.252,0.239,0.702,0.523,0.38,0.376,0.435,0.587,0.457,0.207,0.384,0.465,0.532,0.618,0.643,0.128,0.368,0.616,0.463,-0.358,0.218,0.341,0.035,0.638,-0.179,0.499,0.153,0.524,0.625,0.765
ATOS,0.4,0.461,0.498,0.489,0.249,0.397,0.507,0.375,0.605,0.541,0.376,0.39,0.041,0.392,-0.065,0.224,0.432,0.487,0.299,1.0,0.667,0.28,0.172,0.46,0.338,0.117,0.402,0.014,0.377,0.096,0.335,-0.009,0.411,0.474,0.342,0.161,0.266,0.085,-0.226,0.381,0.212,0.327,0.29,0.492,0.348,0.287,0.197,0.32,0.425,-0.145,0.356,0.487,0.609,0.418,-0.142,0.246,0.402,0.056,-0.132,0.355,0.59,0.307,0.403,0.297,0.528,-0.088,0.347,0.54,0.306,0.524,0.437,-0.047,-0.331,0.261,0.415,0.374,0.506,0.418,-0.004,-0.003,0.315,0.504,0.536,0.189,0.383,0.48,0.104,0.313,0.38,0.483,0.382,0.127,0.061,0.399,0.278,0.443,0.168,0.38,0.483,0.298,-0.006,0.021,0.241,-0.187,0.413,0.243,0.381,0.062,-0.089,0.485,0.15,0.07,0.235,0.308,0.143,-0.335,0.379,0.331,0.235,0.112,0.43,-0.336,0.274,0.483,0.578,0.316,-0.11,0.434,0.165,0.133,0.006,-0.246,0.61,0.439,-0.031,0.396,0.002,0.476,0.265,0.034,0.542,0.422,0.292,-0.25,0.534,0.402,0.537,0.129,0.411,0.481,0.232,0.286,0.593,0.422,0.384,0.24,0.326,0.491,0.073,-0.04,0.379,0.5,0.241,0.417,0.211,0.466,0.341,-0.177,0.416,0.217,0.149,0.401,0.503,0.207,0.284,0.493,0.219,0.32,0.605,0.531,0.197,0.483,0.48,0.363,0.322,0.123,0.397,0.314,0.092,-0.201,-0.067,0.534,0.333,0.369,-0.26,0.218,0.019,0.473,0.404,0.307
AUPH,0.592,0.634,0.449,0.533,0.522,0.512,0.719,0.578,0.64,0.585,0.581,0.694,0.206,0.475,-0.137,0.325,0.696,0.393,0.596,0.667,1.0,0.461,0.209,0.458,0.512,0.192,0.53,-0.009,0.477,0.22,0.465,-0.113,0.57,0.595,0.441,0.145,0.241,0.222,-0.212,0.597,0.241,0.561,0.457,0.687,0.447,0.475,0.396,0.589,0.766,-0.098,0.388,0.733,0.698,0.598,-0.229,0.305,0.685,0.207,-0.072,0.584,0.653,0.45,0.643,0.327,0.704,-0.201,0.519,0.711,0.305,0.367,0.538,-0.013,-0.454,0.424,0.509,0.282,0.655,0.35,0.185,0.175,0.481,0.649,0.766,0.425,0.602,0.822,0.187,0.346,0.498,0.556,0.465,0.382,0.228,0.557,0.323,0.712,0.381,0.593,0.674,0.507,0.15,0.043,0.527,-0.31,0.5,0.431,0.562,-0.041,-0.309,0.662,0.137,0.116,0.534,0.455,0.291,-0.296,0.633,0.48,0.393,0.192,0.447,-0.378,0.448,0.634,0.568,0.555,0.041,0.595,0.267,0.216,0.058,-0.221,0.729,0.629,0.115,0.618,0.078,0.761,0.592,0.226,0.79,0.542,0.129,-0.298,0.592,0.673,0.752,0.223,0.695,0.741,0.382,0.468,0.841,0.637,0.503,0.267,0.313,0.769,0.13,-0.314,0.687,0.686,0.397,0.492,0.267,0.611,0.508,-0.207,0.595,0.378,0.21,0.493,0.569,0.361,0.343,0.477,0.388,0.484,0.737,0.557,0.387,0.594,0.64,0.419,0.551,0.275,0.513,0.53,0.377,-0.164,-0.049,0.553,0.462,0.494,-0.354,0.438,0.064,0.586,0.58,0.473
AVGO,0.629,0.806,0.338,0.751,0.656,0.514,0.341,0.596,0.428,0.454,0.858,0.686,0.217,0.527,-0.375,0.235,0.541,0.061,0.581,0.28,0.461,1.0,0.339,0.02,0.547,0.223,0.236,-0.138,0.442,0.568,0.449,-0.492,0.515,0.712,0.273,-0.13,0.237,0.362,-0.193,0.671,-0.052,0.846,0.664,0.819,0.493,0.648,0.502,0.411,0.558,0.098,0.621,0.591,0.567,0.621,-0.556,0.177,0.725,0.286,0.036,0.616,0.557,0.216,0.272,0.257,0.592,-0.088,0.493,0.53,0.294,-0.077,0.269,-0.272,-0.426,0.278,0.659,-0.129,0.24,-0.111,0.431,0.42,0.688,0.491,0.541,0.224,0.552,0.519,0.038,0.052,0.493,0.265,0.169,0.57,0.05,0.301,0.166,0.356,0.235,0.848,0.639,0.554,0.05,0.161,0.48,-0.554,0.334,0.735,0.602,-0.406,-0.585,0.408,-0.094,0.006,0.815,0.513,0.216,-0.335,0.769,0.162,0.609,0.207,0.324,-0.408,0.283,0.769,0.296,0.839,-0.135,0.537,0.38,0.285,0.143,-0.135,0.433,0.229,-0.005,0.197,0.31,0.42,0.531,0.135,0.597,0.449,-0.01,-0.123,0.126,0.514,0.639,0.329,0.534,0.386,0.697,0.181,0.559,0.654,0.407,-0.004,0.086,0.51,-0.245,-0.464,0.576,0.616,0.519,0.42,0.316,0.54,0.505,-0.399,0.312,0.261,0.067,0.45,0.634,0.549,0.38,0.41,0.402,0.613,0.351,0.312,0.315,0.336,0.527,0.474,0.538,0.004,0.133,0.826,0.609,-0.577,-0.042,0.325,0.005,0.684,-0.29,0.333,-0.008,0.602,0.521,0.751
AZN,0.427,0.151,0.429,0.126,0.405,-0.022,-0.135,0.384,0.073,0.38,0.297,0.055,0.543,-0.095,0.304,0.503,0.241,0.004,0.179,0.172,0.209,0.339,1.0,0.463,-0.044,0.757,-0.124,0.196,0.529,0.518,0.56,0.011,0.151,0.364,0.627,0.253,0.536,0.461,0.272,0.343,-0.16,0.282,0.192,0.309,0.567,0.424,0.484,0.43,0.274,0.509,0.053,-0.033,0.264,0.53,0.121,-0.392,0.39,0.572,0.511,0.495,0.269,0.458,0.352,0.362,-0.051,0.449,0.275,0.215,0.179,-0.187,0.427,0.296,0.194,0.448,0.037,-0.045,0.133,0.363,0.415,0.428,0.293,0.103,0.229,-0.021,0.209,0.196,-0.348,-0.391,-0.061,-0.023,-0.126,0.568,0.351,0.376,-0.408,-0.149,0.486,0.364,0.338,0.395,-0.25,0.465,0.409,0.068,-0.341,0.3,0.291,0.208,0.121,-0.189,0.23,0.581,0.448,-0.219,-0.432,0.177,0.063,0.397,0.306,-0.469,0.425,-0.093,-0.188,0.541,0.112,0.349,0.167,0.612,0.456,0.589,0.568,0.321,0.364,0.103,0.407,0.189,0.538,0.223,0.091,-0.127,-0.051,-0.057,0.553,0.425,0.321,0.456,-0.065,0.569,0.101,0.278,0.25,-0.126,0.017,0.022,0.538,0.272,-0.353,-0.161,0.183,0.187,0.333,-0.068,0.643,0.584,0.404,-0.067,0.068,-0.34,-0.231,0.55,0.623,-0.029,0.185,0.536,0.638,0.493,0.47,0.634,0.049,0.35,0.53,0.41,0.248,0.594,0.087,0.542,0.258,0.131,0.434,-0.323,0.465,0.192,0.119,0.153,0.171,0.456,0.483,0.562,0.536,0.383
BCRX,0.257,0.012,0.362,0.037,0.233,-0.108,0.04,0.283,0.262,0.235,0.052,0.093,0.383,-0.046,0.392,0.487,0.14,0.386,0.239,0.46,0.458,0.02,0.463,1.0,-0.038,0.435,0.009,0.23,0.472,0.201,0.326,0.103,0.145,0.05,0.472,0.484,0.57,0.417,0.133,0.151,0.009,0.036,-0.134,0.153,0.465,0.188,0.28,0.507,0.377,0.169,-0.165,0.079,0.38,0.446,0.299,-0.016,0.226,0.33,0.214,0.36,0.418,0.479,0.432,0.145,0.036,0.31,0.159,0.292,0.001,0.418,0.544,0.463,0.016,0.385,-0.115,0.373,0.374,0.68,0.261,0.278,-0.022,0.13,0.282,0.096,0.245,0.296,-0.177,-0.091,-0.019,0.118,0.044,0.293,0.416,0.314,-0.231,0.072,0.524,0.074,0.341,0.079,-0.193,0.355,0.358,0.257,-0.111,0.148,0.326,0.405,0.327,0.075,0.266,0.468,0.168,-0.215,-0.335,0.093,0.022,0.547,0.169,-0.241,0.479,0.072,-0.162,0.335,0.349,0.127,0.166,0.644,0.224,0.425,0.265,0.14,0.517,0.522,0.343,0.55,0.194,0.386,-0.064,-0.199,0.136,0.048,0.54,0.209,0.58,0.373,0.048,0.451,0.2,0.447,-0.155,0.086,0.176,0.041,0.423,0.461,-0.1,0.037,0.446,0.283,0.354,0.072,0.27,0.631,0.452,0.272,0.053,-0.366,0.014,0.32,0.576,-0.051,0.045,0.363,0.31,0.58,0.4,0.315,0.232,0.266,0.61,0.487,0.309,0.374,0.035,0.534,0.589,-0.048,0.129,0.136,0.315,0.452,0.289,0.13,0.176,0.449,0.28,0.32,0.57,0.111
BGC,0.478,0.602,0.346,0.632,0.399,0.654,0.639,0.435,0.508,0.393,0.552,0.747,-0.067,0.721,-0.57,-0.112,0.672,0.322,0.368,0.338,0.512,0.547,-0.044,-0.038,1.0,-0.172,0.488,-0.202,0.201,0.074,0.089,-0.293,0.362,0.442,0.097,-0.226,-0.141,0.048,-0.287,0.391,0.235,0.603,0.514,0.513,0.068,0.38,0.123,0.169,0.542,-0.333,0.422,0.642,0.518,0.262,-0.494,0.625,0.544,-0.062,-0.256,0.41,0.503,-0.017,0.393,0.139,0.612,-0.467,0.485,0.465,0.302,0.189,0.17,-0.145,-0.588,0.006,0.542,0.062,0.394,0.018,0.067,0.035,0.541,0.488,0.547,0.435,0.575,0.639,0.375,0.573,0.658,0.522,0.382,0.237,-0.184,0.248,0.63,0.692,-0.124,0.558,0.328,0.222,0.305,-0.143,0.233,-0.534,0.578,0.501,0.384,-0.45,-0.582,0.61,-0.057,-0.377,0.441,0.664,0.52,-0.611,0.741,0.083,0.365,0.442,0.135,-0.437,0.642,0.413,0.438,0.632,-0.044,0.15,0.087,-0.147,-0.242,-0.262,0.323,0.444,-0.27,0.385,-0.161,0.431,0.551,0.248,0.718,0.626,-0.294,-0.563,0.143,0.372,0.707,0.018,0.535,0.364,0.5,0.46,0.683,0.676,0.12,-0.062,0.486,0.724,-0.193,-0.513,0.569,0.713,0.123,0.204,0.102,0.577,0.692,-0.186,0.734,-0.001,-0.212,0.651,0.463,0.146,0.074,0.145,0.154,0.341,0.575,0.302,0.036,0.255,0.397,0.15,0.522,-0.166,0.156,0.696,0.369,-0.39,-0.381,0.262,0.402,0.538,-0.614,0.136,-0.361,0.355,0.164,0.301
BIDU,0.48,0.042,0.377,-0.024,0.432,-0.146,-0.184,0.367,0.014,0.325,0.311,-0.054,0.604,-0.19,0.406,0.532,0.214,-0.103,0.174,0.117,0.192,0.223,0.757,0.435,-0.172,1.0,-0.07,0.209,0.585,0.503,0.601,0.108,0.072,0.4,0.666,0.267,0.47,0.39,0.413,0.365,-0.203,0.227,0.071,0.273,0.566,0.436,0.596,0.394,0.276,0.51,-0.024,-0.074,0.044,0.444,0.326,-0.471,0.3,0.473,0.623,0.452,0.167,0.49,0.24,0.322,-0.072,0.443,0.282,0.245,0.208,-0.189,0.375,0.346,0.269,0.68,-0.104,-0.057,0.145,0.214,0.411,0.405,0.133,0.041,0.249,-0.127,0.106,0.158,-0.418,-0.452,-0.178,-0.146,-0.04,0.494,0.504,0.514,-0.502,-0.23,0.48,0.398,0.264,0.451,-0.285,0.389,0.466,0.203,-0.406,0.202,0.151,0.317,0.092,-0.248,0.357,0.682,0.4,-0.358,-0.536,0.304,-0.037,0.496,0.161,-0.465,0.425,0.082,-0.191,0.462,0.036,0.203,0.137,0.506,0.59,0.605,0.602,0.481,0.34,0.029,0.565,0.102,0.612,0.206,0.138,0.031,-0.165,-0.208,0.566,0.494,0.359,0.431,-0.177,0.577,0.035,0.39,0.046,-0.206,-0.063,-0.05,0.602,0.241,-0.431,-0.271,0.15,0.185,0.274,-0.191,0.637,0.563,0.311,-0.221,-0.068,-0.102,-0.328,0.77,0.725,-0.044,0.109,0.486,0.799,0.373,0.483,0.638,0.008,0.277,0.507,0.447,0.303,0.47,-0.013,0.721,0.197,-0.022,0.363,-0.228,0.575,0.122,0.092,0.205,0.231,0.457,0.621,0.631,0.47,0.37
BILI,0.513,0.393,0.438,0.445,0.102,0.683,0.709,0.292,0.663,0.502,0.372,0.492,-0.192,0.582,-0.58,-0.116,0.599,0.477,0.308,0.402,0.53,0.236,-0.124,0.009,0.488,-0.07,1.0,-0.174,0.317,-0.107,-0.002,0.089,0.489,0.507,0.324,-0.253,-0.216,-0.195,-0.515,0.217,0.421,0.369,0.622,0.333,-0.071,0.275,-0.087,0.023,0.365,-0.438,0.335,0.682,0.397,0.009,-0.256,0.52,0.184,-0.148,-0.496,0.391,0.575,-0.191,0.284,0.053,0.68,-0.556,0.435,0.535,0.412,0.409,0.085,-0.362,-0.581,0.237,0.511,0.301,0.536,0.147,-0.225,-0.209,0.398,0.395,0.538,0.485,0.421,0.51,0.559,0.701,0.567,0.763,0.871,0.041,-0.095,0.573,0.623,0.644,-0.252,0.369,0.305,0.124,0.513,-0.355,0.04,-0.464,0.614,0.182,0.217,0.01,-0.517,0.68,0.278,-0.436,0.187,0.659,0.642,-0.618,0.497,0.307,0.146,0.415,0.116,-0.523,0.786,0.3,0.484,0.471,-0.171,0.044,-0.052,-0.277,-0.383,-0.516,0.404,0.312,-0.27,0.41,-0.257,0.488,0.697,0.454,0.569,0.604,-0.164,-0.638,0.19,0.168,0.577,-0.295,0.58,0.559,0.352,0.646,0.678,0.584,0.066,-0.078,0.548,0.623,0.047,-0.456,0.317,0.575,-0.119,0.168,-0.073,0.558,0.62,0.251,0.605,0.299,-0.084,0.712,0.503,-0.1,-0.006,0.109,0.031,0.339,0.686,0.499,-0.037,0.287,0.544,0.074,0.402,-0.078,0.256,0.374,0.076,-0.279,-0.504,0.445,0.365,0.355,-0.628,0.068,-0.288,0.267,0.095,0.118
BKR,-0.085,-0.141,0.138,-0.024,0.254,-0.246,0.011,0.167,-0.203,0.122,-0.066,-0.083,0.206,-0.139,0.53,0.452,-0.028,-0.017,-0.089,0.014,-0.009,-0.138,0.196,0.23,-0.202,0.209,-0.174,1.0,0.249,0.436,0.415,0.107,-0.001,-0.015,0.257,0.653,0.535,0.333,0.321,0.102,-0.061,0.023,-0.272,-0.129,0.257,0.15,0.263,0.184,0.093,0.284,-0.308,-0.261,0.122,0.25,0.545,-0.215,0.116,0.423,0.391,-0.094,-0.094,0.417,0.411,0.273,-0.23,0.559,0.103,0.053,0.198,-0.095,0.415,0.459,0.246,0.206,-0.214,-0.061,0.189,0.473,0.233,0.256,-0.064,-0.048,0.128,-0.331,0.201,0.138,-0.38,-0.155,-0.032,-0.337,-0.199,0.194,0.209,0.029,-0.186,-0.076,0.483,-0.055,0.126,0.082,-0.277,0.441,0.327,0.143,-0.299,0.105,0.269,0.342,0.391,-0.225,0.172,0.343,0.057,-0.299,-0.43,0.285,-0.166,0.359,-0.112,-0.501,0.307,-0.024,-0.323,0.0,-0.054,-0.318,0.168,0.27,0.328,0.338,0.431,0.366,0.062,0.189,0.445,0.262,0.331,0.269,-0.206,-0.345,-0.08,-0.303,0.448,0.531,0.382,0.346,-0.049,0.281,-0.104,0.035,-0.106,-0.234,-0.097,-0.276,0.383,0.679,-0.209,-0.157,0.388,0.42,0.208,-0.064,0.247,0.277,0.485,0.007,-0.089,-0.176,-0.174,0.18,0.378,-0.159,-0.21,0.273,0.31,0.22,0.531,0.003,0.035,0.057,0.108,0.446,0.287,0.246,-0.11,0.212,0.516,-0.142,0.154,0.235,0.411,-0.044,0.26,-0.091,0.313,0.403,0.337,0.185,0.285,-0.042
BLDP,0.622,0.353,0.506,0.376,0.564,0.15,0.272,0.609,0.297,0.59,0.497,0.351,0.456,0.222,0.095,0.492,0.532,0.278,0.358,0.377,0.477,0.442,0.529,0.472,0.201,0.585,0.317,0.249,1.0,0.563,0.59,0.073,0.356,0.517,0.787,0.316,0.655,0.598,0.128,0.531,-0.022,0.59,0.372,0.433,0.615,0.63,0.593,0.452,0.537,0.212,0.115,0.311,0.365,0.58,0.038,-0.043,0.497,0.451,0.352,0.54,0.448,0.409,0.514,0.286,0.272,0.252,0.416,0.505,0.267,0.201,0.587,0.318,-0.158,0.564,0.177,0.185,0.461,0.349,0.483,0.486,0.328,0.306,0.566,0.353,0.576,0.583,0.023,0.021,0.235,0.148,0.197,0.488,0.413,0.518,-0.026,0.21,0.452,0.567,0.574,0.409,0.063,0.441,0.558,-0.116,-0.015,0.511,0.513,0.206,-0.085,0.144,0.34,0.33,0.528,0.156,-0.112,-0.061,0.34,0.62,0.293,-0.134,0.619,-0.054,0.074,0.588,0.329,0.392,0.14,0.633,0.517,0.571,0.372,0.154,0.638,0.38,0.343,0.547,0.449,0.508,0.421,0.045,0.349,0.173,0.638,0.171,0.617,0.609,0.299,0.669,0.303,0.622,0.193,0.273,0.385,0.315,0.722,0.471,-0.09,0.188,0.347,0.052,0.61,0.293,0.499,0.791,0.537,0.396,0.287,-0.258,0.095,0.586,0.658,0.366,0.299,0.621,0.692,0.772,0.642,0.629,0.417,0.321,0.573,0.681,0.66,0.44,0.091,0.496,0.494,0.333,0.448,-0.304,0.296,0.609,0.326,0.384,0.015,0.6,0.306,0.652,0.631,0.424
BLNK,0.411,0.408,0.305,0.387,0.687,0.084,0.035,0.523,0.079,0.297,0.509,0.303,0.531,0.015,0.221,0.63,0.292,-0.156,0.421,0.096,0.22,0.568,0.518,0.201,0.074,0.503,-0.107,0.436,0.563,1.0,0.69,-0.28,0.311,0.488,0.472,0.339,0.682,0.494,0.324,0.638,-0.298,0.663,0.352,0.427,0.638,0.623,0.661,0.533,0.409,0.5,0.265,0.172,0.331,0.685,0.034,-0.305,0.607,0.594,0.537,0.333,0.196,0.53,0.375,0.496,0.182,0.449,0.344,0.325,0.193,-0.22,0.5,0.218,0.057,0.462,0.319,-0.112,0.154,0.115,0.547,0.543,0.42,0.353,0.369,-0.142,0.357,0.336,-0.44,-0.347,0.133,-0.227,-0.222,0.743,0.377,0.199,-0.306,-0.048,0.605,0.54,0.569,0.572,-0.344,0.458,0.691,-0.118,-0.274,0.468,0.491,-0.077,-0.025,-0.101,-0.046,0.464,0.69,-0.054,-0.358,0.2,0.226,0.504,0.429,-0.422,0.583,-0.214,-0.175,0.558,-0.018,0.283,0.149,0.595,0.706,0.583,0.612,0.392,0.4,0.153,0.488,0.22,0.654,0.427,0.188,-0.117,0.184,-0.088,0.476,0.402,0.287,0.561,0.204,0.554,0.283,0.3,0.408,-0.239,0.172,0.164,0.633,0.316,-0.39,0.041,0.082,0.096,0.508,0.13,0.641,0.631,0.482,0.258,0.007,-0.504,-0.17,0.494,0.519,-0.011,0.334,0.632,0.678,0.479,0.694,0.565,0.101,0.146,0.352,0.46,0.41,0.63,0.226,0.357,0.357,0.427,0.509,-0.319,0.496,0.158,-0.013,0.403,0.18,0.569,0.439,0.554,0.642,0.589
BYND,0.521,0.478,0.441,0.358,0.732,0.133,0.123,0.728,0.177,0.426,0.521,0.305,0.534,0.145,0.402,0.758,0.452,-0.094,0.535,0.335,0.465,0.449,0.56,0.326,0.089,0.601,-0.002,0.415,0.59,0.69,1.0,-0.202,0.306,0.56,0.666,0.472,0.662,0.613,0.238,0.714,-0.348,0.516,0.326,0.553,0.793,0.716,0.777,0.654,0.593,0.526,0.258,0.282,0.436,0.753,0.115,-0.277,0.672,0.674,0.618,0.418,0.266,0.698,0.452,0.57,0.26,0.424,0.393,0.485,0.309,-0.142,0.664,0.203,0.122,0.637,0.28,-0.052,0.242,0.221,0.662,0.65,0.445,0.311,0.587,-0.137,0.503,0.483,-0.416,-0.224,0.283,-0.104,-0.057,0.6,0.434,0.352,-0.258,0.011,0.726,0.581,0.619,0.741,-0.308,0.577,0.764,0.009,-0.193,0.579,0.611,-0.031,0.08,0.04,0.018,0.653,0.733,-0.034,-0.309,0.161,0.317,0.53,0.355,-0.452,0.65,-0.204,-0.121,0.607,0.098,0.296,0.054,0.647,0.689,0.763,0.714,0.345,0.463,0.272,0.528,0.375,0.667,0.627,0.177,-0.112,0.352,-0.13,0.476,0.408,0.587,0.8,0.332,0.622,0.361,0.492,0.398,-0.12,0.363,0.142,0.842,0.447,-0.358,0.171,0.127,0.194,0.581,0.196,0.825,0.629,0.613,0.114,0.067,-0.474,-0.096,0.606,0.633,0.089,0.361,0.721,0.787,0.543,0.774,0.601,0.256,0.26,0.444,0.665,0.559,0.683,0.281,0.385,0.459,0.399,0.567,-0.309,0.616,0.197,0.112,0.428,0.22,0.759,0.581,0.704,0.755,0.618
