,AAL,AAPL,ABUS,ADBE,ADI,ADMA,AEP,AGNC,AKBA,ALT,AMAT,AMD,AMGN,AMZN,APA,APPS,ARCC,ARDX,ATER,ATOS,AUPH,AVGO,AZN,BCRX,BGC,BIDU,BILI,BKR,BLDP,BLNK,BYND,CAN,CELH,CG,CGC,CHRD,CLNE,CMCSA,COMM,COST,CPB,CPRT,CRON,CRWD,CSCO,CSGP,CSX,CTSH,CZR,DBX,DDOG,DKNG,DLTR,DOCU,DVAX,DXCM,EA,EBAY,ENPH,ERIC,ESPR,ETSY,EXC,EXEL,EXPE,FANG,FAST,FITB,FLEX,FOLD,FOXA,FSLR,FTNT,FUTU,GEN,GERN,GEVO,GILD,GOOG,GOOGL,GPRO,GT,HBAN,HIVE,HON,HST,HUT,IBRX,INTC,IOVA,IQ,IRWD,JBLU,JD,KDP,KHC,LBTYK,LRCX,LYFT,MAR,MARA,MAT,MCHP,MCRB,MDLZ,META,MGNI,MLCO,MNKD,MNST,MOMO,MRNA,MRVL,MSFT,MSTR,MTCH,MU,MVIS,NDAQ,NFLX,NKTR,NNDM,NTES,NTNX,NVAX,NVDA,NWL,NWSA,NXPI,OCGN,OKTA,ON,OPK,PAA,PACB,PAGP,PANW,PARA,PCAR,PDD,PENN,PEP,PLUG,PTEN,PTON,PYPL,QCOM,QUBT,QVCGA,RDFN,REAL,RIOT,ROKU,ROST,RUN,SABR,SAVA,SBUX,SFIX,SGMO,SIRI,SLM,SMCI,SNDL,SONO,STNE,STX,TCOM,TGTX,TIGR,TLRY,TMUS,TRIP,TSCO,TSLA,TTD,TXN,UAL,UNIT,VERU,VKTX,VLY,VOD,VTRS,VXRT,WBA,WBD,WDAY,WDC,WEN,WW,WYNN,XEL,XP,XRAY,XRX,Z,ZION,ZM,ZS
AAL,1.0,0.447,0.732,0.538,0.57,-0.605,0.042,0.74,0.611,0.215,0.704,0.794,0.439,0.849,-0.134,0.59,0.619,0.565,0.655,0.796,0.759,0.645,0.764,-0.513,0.722,0.639,0.419,0.73,0.779,0.697,0.819,0.872,0.237,0.715,0.864,0.096,0.527,0.752,0.899,0.699,-0.497,0.709,-0.377,-0.297,0.509,0.593,0.731,0.893,0.648,0.582,-0.244,0.777,0.657,0.602,0.375,-0.531,0.651,0.727,-0.468,0.782,0.772,0.591,0.208,0.544,0.83,0.723,0.497,0.594,0.862,0.655,0.726,0.759,0.028,-0.288,0.71,0.671,0.821,0.157,0.654,0.655,0.693,0.821,0.561,0.943,-0.117,0.751,0.893,-0.476,0.743,0.474,0.461,-0.581,0.847,0.426,-0.308,0.505,0.756,0.741,0.833,0.806,0.923,0.651,0.691,-0.16,0.024,0.802,-0.383,0.745,-0.708,0.045,0.732,0.043,0.681,-0.063,0.835,0.751,0.693,0.559,0.77,0.807,0.478,0.492,0.741,-0.144,0.721,0.726,0.768,0.617,0.764,0.177,0.349,0.572,0.705,0.817,0.831,0.755,-0.212,0.702,0.45,0.594,0.595,-0.592,0.833,0.366,0.687,0.651,0.833,0.61,0.804,0.826,0.768,0.922,0.831,0.675,0.484,0.642,0.303,0.708,0.77,0.735,0.51,0.452,-0.313,0.75,0.636,0.53,0.799,0.474,0.597,-0.377,0.748,0.695,0.763,0.093,0.074,0.505,0.715,0.917,0.656,0.798,0.325,-0.512,0.828,0.627,0.666,-0.52,0.76,-0.148,0.72,-0.204,0.648,0.761,0.349,0.702,0.842,0.733,0.78,0.572,0.47,0.006
AAPL,0.447,1.0,0.599,0.514,0.539,-0.487,-0.253,0.491,0.273,0.029,0.616,0.645,0.286,0.58,0.399,0.38,0.177,0.142,0.568,0.404,0.437,0.316,0.171,-0.656,0.419,0.141,-0.057,0.602,0.565,0.579,0.46,0.502,0.472,0.416,0.421,0.509,0.795,0.385,0.501,0.558,-0.445,0.315,0.015,0.135,0.216,0.484,0.432,0.295,0.628,0.542,0.294,0.583,0.308,0.364,0.615,-0.458,0.093,0.365,0.037,0.152,0.476,0.765,-0.218,-0.054,0.38,0.678,0.35,0.059,0.446,0.339,0.341,0.624,0.309,0.323,0.582,0.266,0.567,-0.173,0.601,0.589,0.525,0.464,-0.014,0.476,0.047,0.573,0.466,0.203,0.363,0.186,-0.152,-0.544,0.542,-0.035,0.026,-0.031,0.186,0.582,0.378,0.547,0.457,0.266,0.528,0.05,-0.151,0.381,0.049,0.203,-0.503,-0.047,0.297,0.566,0.747,0.446,0.609,0.498,0.344,0.279,0.328,0.306,0.516,0.107,0.31,0.333,0.363,0.679,0.423,0.139,0.609,-0.012,-0.01,0.67,0.481,0.334,0.611,0.515,0.332,0.445,0.524,0.324,0.6,-0.331,0.612,0.23,0.649,0.338,0.618,0.573,0.351,0.496,0.634,0.437,0.65,0.111,0.582,0.17,0.639,0.218,0.462,0.438,0.487,0.387,-0.162,0.468,0.516,0.774,0.414,-0.0,0.284,0.242,0.465,0.407,0.439,-0.434,0.678,0.61,0.406,0.444,0.339,0.393,0.114,-0.099,0.416,-0.072,0.349,0.08,0.434,0.094,0.346,0.02,0.213,0.399,-0.05,0.662,0.438,0.37,0.619,0.028,0.419,0.152
ABUS,0.732,0.599,1.0,0.514,0.639,-0.678,0.101,0.675,0.518,0.155,0.713,0.794,0.573,0.705,-0.046,0.65,0.44,0.463,0.494,0.576,0.633,0.684,0.63,-0.57,0.702,0.486,0.33,0.679,0.727,0.662,0.763,0.655,0.213,0.797,0.559,0.156,0.729,0.636,0.636,0.834,-0.487,0.639,-0.262,-0.261,0.542,0.593,0.75,0.782,0.633,0.537,-0.195,0.759,0.622,0.527,0.432,-0.519,0.506,0.729,-0.397,0.537,0.838,0.556,0.307,0.44,0.669,0.765,0.537,0.489,0.693,0.303,0.708,0.769,0.022,-0.047,0.623,0.54,0.677,0.121,0.554,0.55,0.701,0.712,0.395,0.712,-0.019,0.66,0.625,-0.234,0.671,0.313,0.257,-0.66,0.595,0.316,-0.137,0.431,0.557,0.718,0.767,0.663,0.686,0.637,0.687,-0.022,0.011,0.624,-0.267,0.582,-0.541,-0.119,0.604,0.171,0.676,0.016,0.701,0.684,0.629,0.397,0.622,0.643,0.53,0.524,0.569,-0.019,0.668,0.641,0.628,0.493,0.695,0.281,0.09,0.591,0.53,0.648,0.749,0.662,-0.2,0.634,0.441,0.55,0.659,-0.586,0.698,0.358,0.637,0.529,0.761,0.734,0.753,0.755,0.606,0.747,0.774,0.561,0.454,0.478,0.402,0.607,0.76,0.682,0.523,0.64,-0.278,0.655,0.756,0.605,0.617,0.377,0.632,-0.106,0.584,0.657,0.703,-0.082,0.27,0.491,0.699,0.693,0.587,0.65,0.257,-0.323,0.681,0.386,0.657,-0.279,0.728,-0.288,0.709,-0.322,0.551,0.645,0.365,0.637,0.574,0.664,0.718,0.394,0.598,-0.202
ADBE,0.538,0.514,0.514,1.0,0.639,-0.235,0.043,0.684,0.39,0.31,0.567,0.734,0.258,0.661,0.034,0.489,0.447,0.331,0.502,0.48,0.463,0.523,0.456,-0.399,0.555,0.407,0.287,0.566,0.62,0.503,0.503,0.574,0.259,0.527,0.551,0.257,0.479,0.584,0.605,0.53,-0.366,0.545,-0.15,0.084,0.47,0.712,0.645,0.508,0.496,0.744,0.108,0.642,0.443,0.688,0.447,-0.226,0.435,0.547,-0.187,0.446,0.541,0.473,0.261,0.323,0.536,0.533,0.546,0.355,0.625,0.426,0.568,0.549,0.333,-0.192,0.738,0.511,0.567,0.222,0.714,0.671,0.561,0.478,0.435,0.562,0.07,0.608,0.57,-0.192,0.565,0.392,0.231,-0.415,0.517,0.2,-0.05,0.27,0.429,0.57,0.6,0.638,0.588,0.392,0.561,0.056,0.071,0.574,-0.19,0.336,-0.357,0.178,0.478,0.302,0.657,0.222,0.516,0.596,0.458,0.492,0.664,0.504,0.311,0.182,0.534,0.086,0.517,0.594,0.525,0.425,0.612,0.241,0.413,0.621,0.559,0.5,0.559,0.501,0.072,0.597,0.468,0.37,0.507,-0.365,0.629,0.26,0.524,0.474,0.605,0.475,0.611,0.598,0.482,0.559,0.59,0.418,0.455,0.453,0.251,0.463,0.55,0.451,0.362,0.52,0.009,0.52,0.474,0.418,0.506,0.285,0.418,-0.255,0.597,0.399,0.576,0.033,0.185,0.673,0.527,0.528,0.607,0.466,0.354,-0.121,0.529,0.345,0.489,-0.132,0.526,0.265,0.484,-0.088,0.43,0.455,0.226,0.494,0.564,0.588,0.554,0.372,0.497,0.177
ADI,0.57,0.539,0.639,0.639,1.0,-0.341,0.334,0.519,0.502,0.052,0.744,0.735,0.702,0.683,-0.019,0.727,0.423,0.362,0.391,0.487,0.691,0.628,0.624,-0.414,0.755,0.629,0.443,0.684,0.739,0.56,0.659,0.581,0.298,0.593,0.527,0.091,0.677,0.637,0.43,0.743,-0.213,0.636,-0.154,-0.058,0.793,0.697,0.712,0.551,0.616,0.715,0.068,0.56,0.625,0.727,0.319,-0.245,0.594,0.677,-0.232,0.551,0.631,0.546,0.436,0.572,0.471,0.669,0.771,0.593,0.684,0.181,0.694,0.638,0.263,-0.198,0.683,0.653,0.632,0.35,0.645,0.616,0.595,0.643,0.61,0.518,0.223,0.622,0.494,-0.203,0.75,0.402,0.393,-0.509,0.636,0.482,0.141,0.545,0.624,0.725,0.631,0.638,0.558,0.636,0.823,0.022,0.332,0.681,0.078,0.562,-0.468,0.149,0.571,0.084,0.619,0.176,0.551,0.655,0.632,0.653,0.714,0.663,0.475,0.451,0.525,0.115,0.656,0.593,0.635,0.475,0.764,0.411,0.232,0.739,0.406,0.534,0.571,0.487,-0.045,0.646,0.547,0.655,0.567,-0.233,0.721,0.509,0.581,0.675,0.735,0.528,0.613,0.664,0.51,0.632,0.7,0.604,0.387,0.519,0.345,0.645,0.624,0.501,0.721,0.693,-0.083,0.463,0.603,0.577,0.629,0.4,0.49,-0.258,0.524,0.763,0.68,0.154,0.269,0.587,0.855,0.604,0.487,0.398,0.122,-0.152,0.532,0.51,0.567,0.009,0.636,0.097,0.724,-0.213,0.617,0.661,0.527,0.505,0.578,0.626,0.741,0.559,0.749,-0.051
ADMA,-0.605,-0.487,-0.678,-0.235,-0.341,1.0,0.169,-0.57,-0.402,0.069,-0.574,-0.518,-0.346,-0.511,0.133,-0.367,-0.281,-0.288,-0.523,-0.595,-0.507,-0.416,-0.442,0.662,-0.516,-0.382,-0.143,-0.492,-0.532,-0.554,-0.496,-0.519,-0.031,-0.628,-0.492,-0.131,-0.554,-0.546,-0.496,-0.592,0.595,-0.433,0.204,0.298,-0.271,-0.301,-0.545,-0.534,-0.557,-0.368,0.32,-0.571,-0.406,-0.307,-0.265,0.707,-0.314,-0.507,0.4,-0.407,-0.568,-0.383,0.032,-0.264,-0.634,-0.617,-0.29,-0.318,-0.523,-0.307,-0.478,-0.58,0.148,-0.015,-0.469,-0.425,-0.46,0.158,-0.417,-0.42,-0.518,-0.57,-0.161,-0.569,0.322,-0.585,-0.536,0.306,-0.505,-0.13,-0.201,0.654,-0.551,-0.275,0.279,-0.238,-0.487,-0.557,-0.543,-0.604,-0.529,-0.493,-0.465,0.315,0.243,-0.449,0.506,-0.484,0.643,0.253,-0.439,-0.214,-0.463,0.162,-0.606,-0.556,-0.585,-0.362,-0.299,-0.498,-0.374,-0.378,-0.459,-0.135,-0.445,-0.519,-0.533,-0.439,-0.495,0.022,0.169,-0.462,-0.403,-0.567,-0.601,-0.616,0.127,-0.519,-0.221,-0.493,-0.594,0.672,-0.526,-0.136,-0.596,-0.409,-0.602,-0.605,-0.547,-0.576,-0.47,-0.574,-0.619,-0.295,-0.37,-0.34,-0.383,-0.451,-0.641,-0.486,-0.385,-0.304,0.366,-0.591,-0.603,-0.417,-0.573,-0.375,-0.37,0.032,-0.433,-0.491,-0.608,0.364,-0.193,-0.172,-0.508,-0.602,-0.522,-0.566,-0.078,0.522,-0.584,-0.214,-0.491,0.337,-0.601,0.307,-0.595,0.372,-0.332,-0.553,-0.021,-0.489,-0.525,-0.534,-0.579,-0.242,-0.263,0.217
AEP,0.042,-0.253,0.101,0.043,0.334,0.169,1.0,0.047,-0.056,0.154,0.07,0.027,0.5,0.109,-0.07,0.205,0.312,0.054,-0.339,-0.131,0.096,0.316,0.246,0.111,0.231,0.282,0.212,0.184,0.01,-0.197,0.213,-0.03,0.05,0.058,-0.097,-0.217,-0.04,0.106,-0.202,0.238,0.497,0.222,-0.18,-0.297,0.571,0.224,0.317,0.206,-0.173,-0.032,-0.255,-0.041,0.389,0.184,-0.318,0.073,0.312,0.084,-0.19,0.316,0.198,0.025,0.71,0.298,-0.012,0.134,0.395,0.433,0.172,-0.343,0.3,0.099,0.055,-0.158,-0.048,0.119,0.044,0.549,-0.121,-0.16,0.049,0.09,0.522,-0.032,0.422,0.015,-0.057,-0.361,0.238,-0.085,0.255,-0.008,-0.065,0.302,0.369,0.639,0.255,0.093,0.157,-0.028,0.013,0.191,0.259,-0.245,0.738,0.089,0.28,0.238,0.071,0.318,0.174,-0.316,-0.197,-0.165,-0.119,-0.035,0.163,0.084,0.413,0.156,-0.251,0.41,0.045,-0.342,0.02,-0.203,0.057,0.288,0.093,0.123,0.074,-0.033,-0.284,0.21,-0.181,0.001,-0.406,0.087,0.312,0.147,-0.166,0.42,0.077,0.519,-0.08,0.123,0.058,0.078,0.192,0.035,-0.153,0.133,-0.107,0.448,-0.27,0.12,-0.208,0.207,0.032,-0.145,0.296,0.368,0.151,-0.145,-0.012,0.061,0.095,0.103,0.056,-0.147,-0.085,0.319,0.007,0.552,-0.314,0.023,0.331,0.124,0.129,-0.053,0.08,0.324,0.027,0.414,-0.07,0.055,0.146,-0.302,0.175,-0.075,0.292,0.111,0.869,0.013,-0.045,0.096,0.051,0.504,0.316,-0.39
AGNC,0.74,0.491,0.675,0.684,0.519,-0.57,0.047,1.0,0.641,0.481,0.679,0.7,0.468,0.729,-0.167,0.565,0.57,0.606,0.619,0.669,0.721,0.702,0.596,-0.528,0.698,0.685,0.502,0.742,0.69,0.559,0.596,0.717,0.078,0.757,0.67,0.128,0.533,0.865,0.752,0.687,-0.514,0.642,-0.414,-0.441,0.543,0.652,0.834,0.717,0.538,0.551,-0.431,0.782,0.692,0.671,0.335,-0.584,0.579,0.728,-0.614,0.623,0.684,0.466,0.283,0.44,0.761,0.722,0.424,0.551,0.746,0.504,0.765,0.66,-0.085,-0.322,0.676,0.62,0.741,0.304,0.579,0.539,0.81,0.711,0.551,0.705,-0.213,0.759,0.686,-0.542,0.746,0.461,0.52,-0.609,0.757,0.418,-0.315,0.472,0.639,0.676,0.761,0.808,0.696,0.664,0.633,-0.155,0.096,0.753,-0.506,0.646,-0.662,-0.035,0.784,0.165,0.546,-0.184,0.65,0.812,0.739,0.508,0.704,0.664,0.358,0.436,0.798,-0.188,0.617,0.575,0.815,0.711,0.661,0.084,0.213,0.479,0.7,0.734,0.627,0.751,-0.318,0.842,0.438,0.594,0.548,-0.619,0.776,0.306,0.609,0.705,0.714,0.635,0.824,0.737,0.658,0.715,0.694,0.606,0.282,0.554,0.174,0.703,0.771,0.676,0.46,0.561,-0.284,0.763,0.716,0.558,0.799,0.559,0.589,-0.391,0.671,0.63,0.761,0.075,-0.01,0.379,0.649,0.739,0.838,0.806,0.589,-0.458,0.812,0.495,0.649,-0.596,0.783,-0.274,0.695,-0.295,0.623,0.735,0.298,0.609,0.708,0.809,0.75,0.596,0.464,-0.232
AKBA,0.611,0.273,0.518,0.39,0.502,-0.402,-0.056,0.641,1.0,0.271,0.54,0.5,0.403,0.536,-0.338,0.773,0.464,0.844,0.412,0.674,0.819,0.594,0.681,-0.289,0.69,0.752,0.725,0.553,0.607,0.585,0.572,0.565,-0.108,0.705,0.549,-0.104,0.423,0.771,0.604,0.598,-0.482,0.686,-0.454,-0.477,0.512,0.397,0.522,0.653,0.612,0.45,-0.433,0.55,0.519,0.6,0.05,-0.433,0.66,0.786,-0.744,0.588,0.478,0.129,0.297,0.651,0.616,0.464,0.27,0.656,0.551,0.367,0.66,0.342,-0.21,-0.501,0.548,0.764,0.686,0.256,0.443,0.428,0.756,0.731,0.567,0.507,-0.328,0.509,0.508,-0.545,0.733,0.565,0.695,-0.501,0.774,0.607,-0.453,0.458,0.74,0.572,0.653,0.59,0.513,0.832,0.585,0.078,0.08,0.818,-0.482,0.721,-0.54,-0.086,0.725,-0.28,0.341,-0.308,0.521,0.741,0.729,0.632,0.521,0.69,0.482,0.4,0.721,-0.293,0.748,0.3,0.805,0.673,0.536,0.228,0.292,0.383,0.677,0.529,0.554,0.576,-0.438,0.796,0.047,0.725,0.408,-0.664,0.611,0.184,0.339,0.882,0.57,0.408,0.666,0.547,0.55,0.528,0.66,0.612,0.02,0.674,-0.047,0.761,0.702,0.742,0.49,0.535,-0.313,0.666,0.736,0.288,0.739,0.655,0.814,-0.544,0.489,0.63,0.761,0.166,-0.098,0.155,0.645,0.566,0.747,0.658,0.453,-0.549,0.662,0.66,0.782,-0.653,0.746,-0.159,0.706,-0.419,0.766,0.764,0.18,0.272,0.72,0.806,0.737,0.562,0.336,-0.23
ALT,0.215,0.029,0.155,0.31,0.052,0.069,0.154,0.481,0.271,1.0,0.046,0.245,-0.031,0.201,0.124,0.26,0.401,0.496,0.041,0.064,0.159,0.309,0.093,-0.113,0.147,0.229,0.236,0.263,0.033,0.035,0.124,0.111,-0.001,0.278,0.121,0.148,0.031,0.356,0.288,0.127,-0.16,0.239,-0.389,-0.213,0.241,0.448,0.257,0.328,0.018,0.213,-0.184,0.222,0.334,0.388,0.105,-0.28,0.24,0.173,-0.371,0.283,0.211,0.045,0.322,0.047,0.265,0.216,0.12,0.251,0.166,0.283,0.328,0.141,-0.222,-0.331,0.118,0.23,0.378,0.253,0.174,0.148,0.352,0.198,0.294,0.156,0.156,0.258,0.138,-0.319,0.191,0.3,0.39,-0.15,0.117,0.064,-0.333,0.205,0.173,0.104,0.224,0.207,0.137,0.296,0.116,0.126,0.206,0.252,-0.265,0.156,0.109,-0.039,0.416,-0.073,0.1,-0.001,-0.015,0.23,0.213,0.158,0.353,0.213,-0.181,0.034,0.256,-0.385,0.003,-0.062,0.291,0.407,0.181,-0.146,0.244,0.0,0.249,0.333,0.043,0.344,-0.392,0.23,0.168,-0.005,0.056,-0.246,0.162,0.089,-0.077,0.257,0.104,0.014,0.289,0.136,0.313,0.108,0.076,0.208,-0.061,-0.001,-0.244,0.168,0.289,0.271,-0.009,0.435,-0.094,0.288,0.132,0.222,0.23,0.086,0.387,-0.325,0.119,0.037,0.186,0.401,-0.407,0.12,0.086,0.172,0.439,0.459,0.774,0.003,0.227,0.042,0.284,-0.349,0.286,-0.164,0.094,-0.256,0.145,0.166,0.226,0.203,0.3,0.215,0.125,0.407,-0.015,-0.171
AMAT,0.704,0.616,0.713,0.567,0.744,-0.574,0.07,0.679,0.54,0.046,1.0,0.858,0.589,0.786,-0.129,0.695,0.448,0.407,0.566,0.627,0.681,0.656,0.581,-0.589,0.663,0.55,0.331,0.736,0.866,0.702,0.713,0.701,0.203,0.674,0.717,0.054,0.752,0.722,0.633,0.764,-0.505,0.592,-0.169,-0.212,0.642,0.591,0.666,0.615,0.77,0.591,-0.134,0.794,0.564,0.581,0.578,-0.455,0.545,0.705,-0.329,0.504,0.71,0.606,0.134,0.427,0.678,0.755,0.538,0.477,0.692,0.369,0.581,0.718,0.171,-0.225,0.642,0.583,0.767,0.126,0.661,0.63,0.759,0.804,0.438,0.687,-0.109,0.77,0.632,-0.335,0.839,0.548,0.269,-0.661,0.727,0.373,-0.065,0.399,0.603,0.977,0.743,0.738,0.671,0.614,0.942,0.012,-0.016,0.671,-0.145,0.524,-0.653,-0.047,0.624,0.235,0.729,0.056,0.687,0.751,0.84,0.618,0.588,0.676,0.575,0.499,0.578,0.191,0.684,0.824,0.69,0.471,0.894,0.313,0.166,0.808,0.581,0.648,0.651,0.579,-0.046,0.667,0.524,0.598,0.755,-0.49,0.791,0.368,0.718,0.663,0.91,0.715,0.763,0.825,0.614,0.703,0.759,0.585,0.49,0.575,0.636,0.626,0.675,0.638,0.711,0.472,-0.244,0.676,0.711,0.627,0.692,0.393,0.487,-0.28,0.632,0.707,0.683,-0.109,0.44,0.552,0.842,0.696,0.569,0.556,0.161,-0.444,0.645,0.426,0.587,-0.302,0.696,-0.068,0.733,-0.201,0.624,0.793,0.225,0.57,0.6,0.604,0.729,0.468,0.774,-0.121
AMD,0.794,0.645,0.794,0.734,0.735,-0.518,0.027,0.7,0.5,0.245,0.858,1.0,0.443,0.842,0.061,0.69,0.511,0.454,0.602,0.583,0.634,0.674,0.615,-0.562,0.665,0.46,0.303,0.754,0.852,0.659,0.711,0.715,0.331,0.71,0.715,0.23,0.716,0.707,0.748,0.774,-0.512,0.642,-0.272,-0.043,0.573,0.752,0.717,0.732,0.712,0.73,0.059,0.831,0.613,0.687,0.618,-0.441,0.536,0.709,-0.264,0.564,0.757,0.619,0.228,0.38,0.694,0.79,0.595,0.447,0.73,0.495,0.654,0.762,0.199,-0.192,0.746,0.598,0.79,0.095,0.779,0.763,0.683,0.733,0.424,0.771,0.053,0.761,0.711,-0.282,0.737,0.508,0.237,-0.618,0.672,0.243,-0.151,0.344,0.568,0.874,0.782,0.74,0.756,0.591,0.808,0.017,-0.012,0.704,-0.212,0.479,-0.531,0.023,0.613,0.216,0.869,0.256,0.692,0.74,0.706,0.518,0.71,0.661,0.48,0.392,0.586,0.117,0.642,0.826,0.668,0.488,0.861,0.268,0.311,0.798,0.596,0.698,0.761,0.674,-0.017,0.638,0.577,0.465,0.723,-0.538,0.793,0.315,0.655,0.6,0.892,0.604,0.784,0.813,0.713,0.749,0.804,0.569,0.601,0.473,0.529,0.618,0.72,0.658,0.552,0.565,-0.199,0.68,0.601,0.667,0.66,0.279,0.539,-0.261,0.693,0.603,0.723,0.005,0.352,0.715,0.749,0.718,0.601,0.629,0.337,-0.334,0.671,0.382,0.579,-0.244,0.705,0.039,0.683,-0.199,0.539,0.68,0.3,0.673,0.699,0.62,0.714,0.446,0.674,0.091
AMGN,0.439,0.286,0.573,0.258,0.702,-0.346,0.5,0.468,0.403,-0.031,0.589,0.443,1.0,0.476,-0.203,0.549,0.296,0.308,0.219,0.437,0.629,0.642,0.635,-0.224,0.651,0.652,0.476,0.612,0.548,0.35,0.546,0.452,0.203,0.449,0.317,-0.127,0.52,0.587,0.216,0.777,0.095,0.463,-0.187,-0.401,0.811,0.423,0.684,0.449,0.374,0.314,-0.356,0.371,0.698,0.422,0.039,-0.194,0.616,0.591,-0.288,0.496,0.534,0.357,0.497,0.616,0.398,0.62,0.584,0.683,0.584,-0.041,0.689,0.516,0.102,-0.154,0.402,0.423,0.473,0.6,0.277,0.274,0.463,0.506,0.697,0.382,0.184,0.444,0.357,-0.39,0.687,0.265,0.492,-0.342,0.479,0.565,0.371,0.754,0.642,0.548,0.492,0.528,0.412,0.628,0.678,-0.145,0.612,0.538,-0.003,0.556,-0.517,0.158,0.511,-0.028,0.311,-0.199,0.381,0.458,0.614,0.437,0.533,0.594,0.357,0.641,0.483,-0.085,0.526,0.331,0.549,0.517,0.529,0.38,0.06,0.37,0.22,0.492,0.352,0.378,-0.311,0.568,0.522,0.69,0.347,-0.026,0.565,0.657,0.474,0.59,0.576,0.551,0.613,0.493,0.286,0.538,0.459,0.71,0.083,0.475,0.174,0.694,0.525,0.388,0.733,0.57,-0.011,0.296,0.496,0.445,0.547,0.456,0.3,-0.185,0.372,0.834,0.534,0.178,0.058,0.172,0.793,0.532,0.413,0.303,0.024,-0.121,0.416,0.591,0.346,-0.151,0.534,-0.332,0.691,-0.091,0.575,0.564,0.642,0.305,0.332,0.589,0.568,0.674,0.653,-0.449
AMZN,0.849,0.58,0.705,0.661,0.683,-0.511,0.109,0.729,0.536,0.201,0.786,0.842,0.476,1.0,-0.035,0.607,0.634,0.459,0.662,0.731,0.733,0.619,0.668,-0.58,0.751,0.569,0.31,0.748,0.852,0.684,0.833,0.829,0.446,0.638,0.82,0.252,0.643,0.687,0.795,0.736,-0.517,0.698,-0.31,-0.143,0.556,0.777,0.728,0.749,0.669,0.753,-0.046,0.836,0.642,0.645,0.531,-0.488,0.653,0.715,-0.297,0.6,0.706,0.746,0.149,0.382,0.813,0.767,0.605,0.543,0.881,0.642,0.679,0.843,0.107,-0.173,0.833,0.629,0.776,0.138,0.816,0.784,0.737,0.709,0.505,0.85,0.013,0.796,0.844,-0.341,0.745,0.445,0.344,-0.62,0.784,0.294,-0.178,0.435,0.714,0.817,0.85,0.818,0.875,0.583,0.761,-0.144,0.02,0.749,-0.281,0.584,-0.687,0.074,0.63,0.16,0.809,0.171,0.801,0.71,0.649,0.543,0.79,0.736,0.394,0.391,0.736,-0.016,0.623,0.746,0.71,0.562,0.852,0.122,0.326,0.676,0.68,0.754,0.754,0.692,-0.083,0.695,0.611,0.494,0.67,-0.509,0.907,0.284,0.777,0.626,0.862,0.626,0.782,0.789,0.691,0.865,0.795,0.586,0.641,0.624,0.498,0.634,0.732,0.624,0.535,0.524,-0.332,0.64,0.615,0.63,0.724,0.288,0.544,-0.277,0.797,0.668,0.687,0.062,0.26,0.705,0.736,0.874,0.703,0.704,0.299,-0.335,0.741,0.507,0.608,-0.338,0.739,-0.015,0.646,-0.171,0.538,0.736,0.358,0.777,0.804,0.697,0.8,0.466,0.555,0.036
APA,-0.134,0.399,-0.046,0.034,-0.019,0.133,-0.07,-0.167,-0.338,0.124,-0.129,0.061,-0.203,-0.035,1.0,-0.193,-0.094,-0.239,-0.021,-0.239,-0.24,-0.197,-0.319,-0.124,-0.254,-0.319,-0.406,0.212,-0.109,-0.113,-0.173,-0.08,0.451,-0.159,-0.218,0.736,0.135,-0.241,-0.117,-0.027,0.163,-0.239,0.038,0.341,-0.147,0.092,-0.104,-0.198,-0.106,0.041,0.591,-0.068,-0.009,-0.215,0.192,-0.098,-0.418,-0.312,0.455,-0.252,-0.142,0.283,-0.158,-0.471,-0.222,0.184,0.073,-0.23,-0.131,0.038,-0.122,0.06,0.156,0.544,0.001,-0.21,-0.11,-0.237,0.19,0.201,-0.191,-0.212,-0.267,-0.098,0.585,-0.078,-0.058,0.436,-0.247,-0.273,-0.436,0.133,-0.111,-0.369,0.238,-0.217,-0.322,-0.139,-0.214,-0.082,-0.086,-0.242,-0.103,-0.088,0.041,-0.197,0.345,-0.356,0.139,0.163,-0.339,0.249,0.198,0.741,-0.013,-0.128,-0.328,-0.332,-0.075,-0.257,-0.255,-0.285,-0.32,-0.004,-0.332,0.062,-0.171,-0.239,-0.044,-0.352,-0.251,0.118,-0.207,-0.043,0.056,0.111,0.332,-0.269,0.375,-0.284,0.008,0.304,-0.098,0.165,-0.047,-0.314,-0.02,-0.228,-0.337,-0.191,0.125,-0.148,-0.058,-0.368,0.234,-0.455,0.128,-0.325,-0.191,-0.354,-0.051,0.059,0.065,-0.225,-0.296,0.355,-0.159,-0.439,-0.26,0.493,-0.135,-0.148,-0.155,-0.046,0.22,0.297,-0.16,-0.11,-0.217,-0.223,-0.007,0.438,-0.227,-0.455,-0.338,0.509,-0.189,0.082,-0.275,0.264,-0.373,-0.188,-0.014,0.222,-0.014,-0.292,-0.075,-0.168,-0.186,0.186
APPS,0.59,0.38,0.65,0.489,0.727,-0.367,0.205,0.565,0.773,0.26,0.695,0.69,0.549,0.607,-0.193,1.0,0.464,0.698,0.331,0.528,0.705,0.653,0.64,-0.414,0.723,0.693,0.558,0.657,0.705,0.598,0.683,0.545,0.104,0.705,0.545,-0.145,0.636,0.692,0.477,0.724,-0.339,0.652,-0.246,-0.307,0.719,0.638,0.615,0.684,0.7,0.546,-0.204,0.606,0.596,0.705,0.242,-0.39,0.661,0.76,-0.546,0.602,0.549,0.275,0.409,0.552,0.626,0.546,0.577,0.703,0.573,0.227,0.64,0.527,-0.023,-0.479,0.583,0.745,0.71,0.329,0.533,0.502,0.755,0.805,0.611,0.495,0.047,0.555,0.479,-0.471,0.789,0.572,0.551,-0.555,0.645,0.573,-0.164,0.594,0.701,0.714,0.677,0.566,0.505,0.802,0.791,0.16,0.247,0.715,-0.164,0.646,-0.409,0.02,0.699,-0.125,0.494,-0.035,0.518,0.679,0.762,0.728,0.626,0.695,0.523,0.524,0.572,-0.088,0.695,0.415,0.749,0.653,0.686,0.385,0.263,0.593,0.509,0.541,0.512,0.602,-0.36,0.725,0.298,0.683,0.571,-0.515,0.623,0.406,0.432,0.778,0.664,0.459,0.719,0.668,0.561,0.549,0.666,0.646,0.165,0.578,0.208,0.696,0.673,0.719,0.711,0.678,-0.188,0.646,0.719,0.433,0.679,0.494,0.823,-0.493,0.506,0.628,0.707,0.182,0.147,0.444,0.791,0.58,0.631,0.543,0.371,-0.271,0.606,0.537,0.731,-0.37,0.751,-0.104,0.712,-0.404,0.798,0.72,0.406,0.362,0.63,0.697,0.686,0.642,0.651,-0.232
ARCC,0.619,0.177,0.44,0.447,0.423,-0.281,0.312,0.57,0.464,0.401,0.448,0.511,0.296,0.634,-0.094,0.464,1.0,0.516,0.348,0.503,0.504,0.458,0.427,-0.319,0.507,0.521,0.339,0.46,0.446,0.428,0.644,0.571,0.267,0.537,0.521,0.045,0.299,0.47,0.567,0.472,-0.309,0.464,-0.479,-0.329,0.467,0.503,0.494,0.639,0.395,0.43,-0.253,0.512,0.516,0.479,0.151,-0.49,0.539,0.534,-0.413,0.624,0.434,0.418,0.385,0.349,0.591,0.424,0.453,0.539,0.567,0.481,0.553,0.443,-0.17,-0.246,0.417,0.523,0.536,0.2,0.446,0.481,0.56,0.562,0.61,0.604,0.055,0.562,0.568,-0.422,0.54,0.248,0.463,-0.414,0.54,0.343,-0.307,0.438,0.549,0.471,0.594,0.525,0.604,0.5,0.497,-0.084,0.176,0.519,-0.224,0.48,-0.354,0.077,0.509,-0.161,0.395,-0.037,0.493,0.5,0.471,0.429,0.661,0.549,0.072,0.269,0.577,-0.294,0.459,0.318,0.505,0.533,0.555,-0.012,0.082,0.295,0.544,0.542,0.415,0.475,-0.35,0.461,0.298,0.315,0.323,-0.349,0.579,0.313,0.395,0.483,0.528,0.432,0.562,0.513,0.449,0.616,0.466,0.487,0.264,0.336,0.111,0.526,0.561,0.492,0.339,0.553,-0.385,0.503,0.402,0.365,0.513,0.253,0.539,-0.299,0.491,0.459,0.459,0.417,-0.088,0.466,0.475,0.628,0.559,0.511,0.369,-0.212,0.499,0.479,0.526,-0.406,0.473,-0.192,0.463,-0.236,0.425,0.485,0.49,0.424,0.563,0.472,0.504,0.515,0.258,-0.142
ARDX,0.565,0.142,0.463,0.331,0.362,-0.288,0.054,0.606,0.844,0.496,0.407,0.454,0.308,0.459,-0.239,0.698,0.516,1.0,0.399,0.617,0.641,0.603,0.603,-0.268,0.539,0.608,0.611,0.469,0.515,0.542,0.533,0.515,-0.038,0.717,0.468,-0.022,0.285,0.618,0.567,0.522,-0.41,0.635,-0.5,-0.465,0.43,0.405,0.498,0.684,0.546,0.35,-0.455,0.516,0.586,0.555,0.023,-0.456,0.551,0.745,-0.658,0.563,0.414,0.073,0.331,0.502,0.614,0.413,0.316,0.636,0.526,0.376,0.606,0.359,-0.251,-0.533,0.457,0.602,0.654,0.227,0.357,0.352,0.714,0.668,0.595,0.488,-0.185,0.417,0.516,-0.593,0.608,0.464,0.666,-0.433,0.628,0.418,-0.423,0.472,0.652,0.47,0.617,0.532,0.498,0.703,0.489,0.023,0.128,0.667,-0.543,0.593,-0.429,0.043,0.669,-0.291,0.274,-0.311,0.442,0.619,0.589,0.48,0.551,0.674,0.24,0.426,0.657,-0.441,0.587,0.22,0.671,0.678,0.523,0.117,0.342,0.296,0.652,0.6,0.49,0.606,-0.553,0.649,0.14,0.492,0.327,-0.607,0.535,0.177,0.248,0.712,0.475,0.281,0.603,0.51,0.514,0.492,0.468,0.536,0.069,0.536,-0.165,0.637,0.604,0.642,0.341,0.516,-0.201,0.673,0.645,0.231,0.644,0.508,0.805,-0.558,0.383,0.447,0.649,0.337,-0.191,0.079,0.518,0.546,0.678,0.65,0.608,-0.453,0.6,0.547,0.652,-0.689,0.641,-0.257,0.55,-0.321,0.691,0.607,0.25,0.282,0.598,0.63,0.558,0.595,0.219,-0.224
ATER,0.655,0.568,0.494,0.502,0.391,-0.523,-0.339,0.619,0.412,0.041,0.566,0.602,0.219,0.662,-0.021,0.331,0.348,0.399,1.0,0.739,0.483,0.351,0.416,-0.585,0.46,0.4,0.067,0.541,0.624,0.692,0.497,0.824,0.364,0.535,0.708,0.342,0.506,0.489,0.691,0.467,-0.639,0.491,-0.181,0.094,0.186,0.442,0.538,0.507,0.605,0.534,0.052,0.707,0.357,0.42,0.482,-0.508,0.3,0.58,-0.161,0.342,0.46,0.565,-0.254,0.14,0.669,0.585,0.298,0.225,0.747,0.668,0.379,0.637,0.187,-0.057,0.719,0.408,0.618,-0.2,0.639,0.66,0.558,0.541,0.213,0.745,-0.217,0.652,0.816,-0.14,0.506,0.387,0.291,-0.524,0.707,0.073,-0.271,0.126,0.441,0.574,0.603,0.797,0.772,0.348,0.47,-0.07,-0.271,0.462,-0.396,0.323,-0.703,0.086,0.42,0.304,0.706,0.165,0.803,0.669,0.425,0.401,0.517,0.52,0.361,0.125,0.685,0.128,0.494,0.771,0.594,0.323,0.661,0.009,0.238,0.573,0.77,0.577,0.78,0.613,0.234,0.548,0.373,0.328,0.562,-0.552,0.677,0.09,0.779,0.408,0.625,0.484,0.493,0.731,0.661,0.721,0.627,0.214,0.589,0.443,0.41,0.445,0.559,0.482,0.29,0.21,-0.258,0.684,0.507,0.486,0.613,0.192,0.387,-0.143,0.612,0.387,0.611,-0.19,0.395,0.454,0.465,0.721,0.43,0.628,0.22,-0.528,0.671,0.225,0.439,-0.328,0.483,0.13,0.501,0.009,0.345,0.501,-0.076,0.575,0.6,0.492,0.575,0.211,0.349,0.317
ATOS,0.796,0.404,0.576,0.48,0.487,-0.595,-0.131,0.669,0.674,0.064,0.627,0.583,0.437,0.731,-0.239,0.528,0.503,0.617,0.739,1.0,0.702,0.542,0.734,-0.514,0.633,0.619,0.386,0.617,0.718,0.822,0.703,0.861,0.259,0.688,0.794,0.166,0.539,0.667,0.771,0.638,-0.509,0.641,-0.269,-0.241,0.432,0.446,0.633,0.684,0.657,0.598,-0.268,0.712,0.581,0.522,0.287,-0.502,0.549,0.712,-0.39,0.573,0.553,0.452,0.032,0.504,0.829,0.612,0.466,0.619,0.821,0.679,0.632,0.638,0.057,-0.254,0.714,0.568,0.695,0.083,0.587,0.61,0.683,0.695,0.569,0.809,-0.196,0.624,0.884,-0.43,0.752,0.465,0.521,-0.465,0.836,0.376,-0.226,0.487,0.776,0.645,0.736,0.826,0.837,0.606,0.636,-0.125,-0.034,0.675,-0.53,0.597,-0.79,0.119,0.606,0.164,0.58,-0.143,0.812,0.682,0.591,0.644,0.662,0.78,0.419,0.389,0.725,-0.102,0.725,0.653,0.719,0.544,0.69,0.152,0.314,0.553,0.822,0.717,0.778,0.674,-0.128,0.667,0.376,0.648,0.549,-0.596,0.799,0.242,0.76,0.628,0.763,0.589,0.664,0.737,0.588,0.815,0.693,0.498,0.499,0.669,0.211,0.649,0.734,0.612,0.51,0.385,-0.223,0.704,0.678,0.365,0.782,0.48,0.555,-0.326,0.67,0.639,0.755,-0.003,0.14,0.325,0.666,0.877,0.641,0.65,0.233,-0.534,0.68,0.572,0.639,-0.526,0.627,-0.076,0.643,-0.076,0.539,0.664,0.111,0.523,0.738,0.732,0.684,0.489,0.342,0.0
AUPH,0.759,0.437,0.633,0.463,0.691,-0.507,0.096,0.721,0.819,0.159,0.681,0.634,0.629,0.733,-0.24,0.705,0.504,0.641,0.483,0.702,1.0,0.723,0.778,-0.354,0.907,0.809,0.726,0.733,0.76,0.556,0.708,0.717,0.11,0.725,0.666,0.01,0.562,0.814,0.675,0.737,-0.44,0.758,-0.407,-0.441,0.624,0.494,0.684,0.705,0.613,0.551,-0.386,0.638,0.687,0.664,0.174,-0.435,0.766,0.785,-0.606,0.656,0.643,0.437,0.291,0.688,0.626,0.666,0.437,0.692,0.731,0.393,0.789,0.629,-0.07,-0.39,0.67,0.798,0.752,0.307,0.58,0.574,0.754,0.741,0.642,0.671,-0.203,0.668,0.652,-0.521,0.763,0.486,0.621,-0.572,0.884,0.672,-0.286,0.566,0.849,0.683,0.757,0.696,0.699,0.775,0.687,-0.105,0.173,0.937,-0.392,0.852,-0.715,-0.019,0.769,-0.145,0.498,-0.205,0.674,0.816,0.753,0.603,0.652,0.791,0.537,0.538,0.827,-0.176,0.766,0.491,0.83,0.718,0.702,0.268,0.291,0.497,0.632,0.632,0.65,0.617,-0.354,0.857,0.316,0.815,0.543,-0.546,0.822,0.346,0.548,0.929,0.717,0.569,0.751,0.65,0.672,0.739,0.759,0.687,0.244,0.721,0.144,0.845,0.736,0.734,0.622,0.561,-0.281,0.653,0.735,0.508,0.798,0.678,0.658,-0.48,0.642,0.819,0.801,0.152,0.019,0.291,0.762,0.732,0.713,0.732,0.299,-0.456,0.814,0.725,0.669,-0.549,0.82,-0.206,0.782,-0.315,0.731,0.876,0.389,0.54,0.764,0.824,0.939,0.64,0.477,-0.237
AVGO,0.645,0.316,0.684,0.523,0.628,-0.416,0.316,0.702,0.594,0.309,0.656,0.674,0.642,0.619,-0.197,0.653,0.458,0.603,0.351,0.542,0.723,1.0,0.718,-0.23,0.749,0.613,0.586,0.685,0.658,0.405,0.627,0.545,0.046,0.698,0.517,-0.008,0.508,0.753,0.543,0.793,-0.303,0.791,-0.348,-0.308,0.631,0.561,0.796,0.719,0.493,0.518,-0.354,0.644,0.77,0.671,0.231,-0.26,0.7,0.787,-0.496,0.6,0.669,0.319,0.496,0.648,0.614,0.647,0.45,0.629,0.638,0.299,0.781,0.649,0.045,-0.415,0.613,0.609,0.644,0.485,0.532,0.502,0.648,0.644,0.652,0.539,-0.073,0.58,0.518,-0.588,0.693,0.506,0.48,-0.376,0.579,0.49,-0.112,0.589,0.742,0.68,0.755,0.609,0.583,0.731,0.674,-0.018,0.256,0.769,-0.394,0.623,-0.473,0.172,0.638,-0.098,0.497,-0.184,0.456,0.665,0.714,0.425,0.645,0.739,0.359,0.553,0.676,-0.231,0.638,0.434,0.64,0.617,0.688,0.414,0.331,0.589,0.466,0.676,0.55,0.591,-0.338,0.71,0.428,0.616,0.548,-0.435,0.639,0.399,0.392,0.67,0.705,0.515,0.814,0.61,0.486,0.646,0.591,0.765,0.264,0.585,0.092,0.761,0.707,0.594,0.542,0.593,0.042,0.569,0.644,0.393,0.68,0.583,0.577,-0.468,0.555,0.674,0.711,0.283,-0.06,0.286,0.744,0.608,0.667,0.677,0.423,-0.231,0.719,0.632,0.511,-0.453,0.791,-0.228,0.776,-0.287,0.624,0.692,0.503,0.445,0.587,0.719,0.658,0.624,0.554,-0.229
AZN,0.764,0.171,0.63,0.456,0.624,-0.442,0.246,0.596,0.681,0.093,0.581,0.615,0.635,0.668,-0.319,0.64,0.427,0.603,0.416,0.734,0.778,0.718,1.0,-0.219,0.788,0.766,0.679,0.647,0.722,0.495,0.661,0.681,0.007,0.702,0.629,-0.051,0.348,0.738,0.569,0.76,-0.29,0.761,-0.461,-0.377,0.647,0.445,0.723,0.742,0.447,0.535,-0.393,0.575,0.715,0.574,0.036,-0.229,0.777,0.771,-0.51,0.663,0.666,0.262,0.451,0.824,0.692,0.618,0.507,0.787,0.775,0.348,0.796,0.597,0.022,-0.443,0.638,0.743,0.6,0.393,0.54,0.529,0.586,0.659,0.707,0.643,-0.115,0.508,0.681,-0.66,0.77,0.392,0.639,-0.414,0.708,0.64,-0.151,0.68,0.906,0.601,0.794,0.659,0.712,0.76,0.664,-0.241,0.251,0.817,-0.427,0.779,-0.664,0.156,0.685,-0.172,0.438,-0.263,0.597,0.684,0.69,0.528,0.738,0.822,0.327,0.533,0.739,-0.309,0.749,0.447,0.736,0.677,0.615,0.297,0.48,0.46,0.5,0.734,0.664,0.606,-0.409,0.693,0.287,0.738,0.427,-0.463,0.683,0.364,0.461,0.727,0.707,0.439,0.792,0.616,0.444,0.759,0.652,0.786,0.207,0.782,-0.023,0.859,0.687,0.514,0.497,0.464,-0.161,0.53,0.593,0.253,0.766,0.694,0.566,-0.512,0.529,0.759,0.806,0.232,-0.155,0.215,0.8,0.747,0.623,0.581,0.273,-0.449,0.668,0.828,0.524,-0.514,0.722,-0.21,0.789,-0.241,0.704,0.764,0.478,0.403,0.718,0.812,0.696,0.692,0.492,-0.151
BCRX,-0.513,-0.656,-0.57,-0.399,-0.414,0.662,0.111,-0.528,-0.289,-0.113,-0.589,-0.562,-0.224,-0.58,-0.124,-0.414,-0.319,-0.268,-0.585,-0.514,-0.354,-0.23,-0.219,1.0,-0.345,-0.237,0.169,-0.576,-0.497,-0.599,-0.485,-0.551,-0.279,-0.441,-0.43,-0.267,-0.638,-0.405,-0.503,-0.498,0.524,-0.321,0.113,0.081,-0.334,-0.508,-0.485,-0.444,-0.556,-0.386,-0.028,-0.533,-0.384,-0.399,-0.343,0.808,-0.1,-0.362,0.23,-0.306,-0.463,-0.564,0.147,0.113,-0.596,-0.584,-0.447,-0.268,-0.545,-0.322,-0.269,-0.626,-0.132,-0.11,-0.472,-0.279,-0.526,0.177,-0.512,-0.499,-0.518,-0.583,-0.137,-0.56,-0.025,-0.584,-0.552,0.116,-0.455,-0.078,-0.041,0.813,-0.536,0.038,0.072,-0.12,-0.299,-0.575,-0.395,-0.6,-0.504,-0.356,-0.562,0.155,0.164,-0.335,0.136,-0.286,0.586,0.153,-0.368,-0.353,-0.607,-0.238,-0.583,-0.431,-0.43,-0.366,-0.388,-0.427,-0.309,-0.204,-0.296,-0.251,-0.279,-0.59,-0.483,-0.292,-0.592,0.247,0.116,-0.578,-0.46,-0.536,-0.532,-0.618,-0.039,-0.444,-0.434,-0.26,-0.496,0.46,-0.565,-0.211,-0.634,-0.28,-0.537,-0.573,-0.368,-0.547,-0.551,-0.511,-0.573,-0.076,-0.466,-0.136,-0.47,-0.163,-0.551,-0.391,-0.363,-0.431,0.295,-0.481,-0.496,-0.615,-0.516,0.007,-0.397,-0.067,-0.316,-0.412,-0.391,0.29,-0.423,-0.46,-0.456,-0.561,-0.414,-0.487,-0.243,0.394,-0.44,0.035,-0.467,0.132,-0.504,0.081,-0.403,0.281,-0.234,-0.415,-0.051,-0.617,-0.459,-0.392,-0.521,-0.2,-0.376,0.051
BGC,0.722,0.419,0.702,0.555,0.755,-0.516,0.231,0.698,0.69,0.147,0.663,0.665,0.651,0.751,-0.254,0.723,0.507,0.539,0.46,0.633,0.907,0.749,0.788,-0.345,1.0,0.764,0.657,0.682,0.755,0.533,0.747,0.683,0.154,0.744,0.627,0.021,0.577,0.74,0.573,0.739,-0.409,0.799,-0.322,-0.345,0.668,0.585,0.723,0.755,0.594,0.634,-0.325,0.674,0.683,0.726,0.238,-0.354,0.82,0.816,-0.5,0.663,0.714,0.475,0.339,0.693,0.62,0.657,0.572,0.682,0.766,0.338,0.803,0.737,-0.045,-0.354,0.72,0.775,0.692,0.332,0.645,0.615,0.752,0.723,0.639,0.643,-0.108,0.654,0.631,-0.488,0.745,0.406,0.595,-0.55,0.768,0.642,-0.219,0.6,0.856,0.671,0.813,0.697,0.691,0.699,0.683,-0.095,0.183,0.871,-0.318,0.829,-0.614,-0.006,0.738,-0.081,0.506,-0.153,0.669,0.746,0.687,0.579,0.701,0.812,0.472,0.547,0.803,-0.139,0.708,0.484,0.761,0.654,0.734,0.342,0.276,0.515,0.536,0.637,0.655,0.635,-0.312,0.812,0.358,0.748,0.605,-0.505,0.805,0.343,0.586,0.83,0.706,0.622,0.78,0.704,0.545,0.762,0.692,0.668,0.306,0.709,0.211,0.799,0.677,0.667,0.606,0.61,-0.254,0.618,0.758,0.451,0.733,0.63,0.676,-0.437,0.66,0.756,0.797,0.126,0.054,0.374,0.777,0.734,0.682,0.687,0.214,-0.289,0.813,0.685,0.624,-0.43,0.808,-0.151,0.77,-0.375,0.724,0.793,0.488,0.573,0.688,0.821,0.894,0.613,0.534,-0.226
BIDU,0.639,0.141,0.486,0.407,0.629,-0.382,0.282,0.685,0.752,0.229,0.55,0.46,0.652,0.569,-0.319,0.693,0.521,0.608,0.4,0.619,0.809,0.613,0.766,-0.237,0.764,1.0,0.769,0.663,0.616,0.451,0.585,0.67,-0.037,0.652,0.586,-0.202,0.327,0.797,0.481,0.642,-0.25,0.637,-0.399,-0.55,0.735,0.473,0.699,0.631,0.427,0.436,-0.493,0.49,0.628,0.566,-0.04,-0.365,0.776,0.709,-0.661,0.688,0.521,0.233,0.482,0.749,0.62,0.502,0.451,0.792,0.701,0.274,0.754,0.45,-0.152,-0.494,0.546,0.835,0.585,0.484,0.428,0.407,0.683,0.694,0.767,0.553,-0.097,0.545,0.555,-0.626,0.819,0.445,0.845,-0.455,0.763,0.875,-0.186,0.749,0.822,0.527,0.677,0.653,0.592,0.819,0.646,-0.145,0.389,0.785,-0.32,0.831,-0.607,0.055,0.764,-0.26,0.278,-0.313,0.573,0.776,0.758,0.673,0.7,0.727,0.363,0.526,0.814,-0.329,0.72,0.331,0.869,0.774,0.521,0.275,0.261,0.316,0.513,0.584,0.487,0.536,-0.475,0.791,0.228,0.85,0.374,-0.41,0.612,0.454,0.441,0.825,0.566,0.405,0.699,0.618,0.494,0.662,0.62,0.724,-0.026,0.719,-0.092,0.881,0.66,0.566,0.576,0.556,-0.279,0.596,0.605,0.277,0.769,0.807,0.617,-0.549,0.522,0.782,0.753,0.313,-0.229,0.191,0.795,0.677,0.655,0.581,0.303,-0.457,0.707,0.787,0.638,-0.545,0.709,-0.293,0.788,-0.337,0.798,0.843,0.496,0.286,0.701,0.791,0.731,0.804,0.504,-0.365
BILI,0.419,-0.057,0.33,0.287,0.443,-0.143,0.212,0.502,0.725,0.236,0.331,0.303,0.476,0.31,-0.406,0.558,0.339,0.611,0.067,0.386,0.726,0.586,0.679,0.169,0.657,0.769,1.0,0.35,0.468,0.23,0.374,0.331,-0.224,0.596,0.36,-0.265,0.121,0.681,0.356,0.425,-0.156,0.562,-0.413,-0.522,0.509,0.254,0.47,0.476,0.292,0.325,-0.525,0.317,0.513,0.499,-0.121,0.004,0.686,0.632,-0.618,0.51,0.383,-0.052,0.578,0.8,0.356,0.29,0.221,0.605,0.384,0.075,0.686,0.187,-0.24,-0.569,0.372,0.676,0.419,0.495,0.199,0.156,0.554,0.465,0.622,0.287,-0.236,0.288,0.256,-0.555,0.586,0.431,0.713,-0.176,0.512,0.819,-0.27,0.581,0.654,0.338,0.533,0.332,0.325,0.683,0.39,-0.015,0.322,0.73,-0.415,0.748,-0.313,0.04,0.706,-0.411,0.041,-0.494,0.249,0.607,0.601,0.461,0.459,0.544,0.314,0.516,0.66,-0.42,0.643,0.078,0.635,0.624,0.298,0.383,0.354,0.128,0.366,0.344,0.263,0.296,-0.554,0.63,0.002,0.752,0.259,-0.372,0.416,0.202,0.083,0.785,0.358,0.219,0.557,0.377,0.3,0.376,0.417,0.7,-0.147,0.652,-0.279,0.794,0.489,0.527,0.376,0.388,-0.103,0.467,0.511,0.006,0.512,0.857,0.537,-0.604,0.415,0.574,0.651,0.43,-0.393,-0.047,0.535,0.354,0.559,0.433,0.285,-0.313,0.553,0.774,0.504,-0.548,0.559,-0.256,0.605,-0.273,0.707,0.687,0.377,0.042,0.513,0.651,0.565,0.595,0.276,-0.336
BKR,0.73,0.602,0.679,0.566,0.684,-0.492,0.184,0.742,0.553,0.263,0.736,0.754,0.612,0.748,0.212,0.657,0.46,0.469,0.541,0.617,0.733,0.685,0.647,-0.576,0.682,0.663,0.35,1.0,0.742,0.532,0.643,0.737,0.299,0.639,0.597,0.28,0.674,0.753,0.597,0.818,-0.309,0.601,-0.344,-0.291,0.672,0.641,0.809,0.655,0.524,0.541,-0.131,0.699,0.773,0.598,0.299,-0.56,0.517,0.636,-0.413,0.571,0.669,0.591,0.25,0.407,0.645,0.838,0.554,0.639,0.755,0.402,0.725,0.737,0.153,-0.17,0.663,0.646,0.714,0.319,0.679,0.654,0.655,0.699,0.582,0.667,0.165,0.712,0.683,-0.454,0.757,0.385,0.382,-0.572,0.779,0.412,-0.025,0.571,0.678,0.721,0.708,0.761,0.703,0.694,0.775,-0.185,0.264,0.747,-0.17,0.57,-0.692,0.095,0.58,0.125,0.639,0.203,0.666,0.758,0.692,0.505,0.716,0.681,0.391,0.424,0.62,-0.084,0.615,0.62,0.767,0.667,0.726,0.116,0.151,0.652,0.512,0.736,0.697,0.754,-0.176,0.774,0.635,0.631,0.558,-0.378,0.758,0.628,0.619,0.655,0.781,0.536,0.71,0.661,0.722,0.733,0.739,0.593,0.336,0.487,0.258,0.672,0.711,0.5,0.666,0.61,-0.174,0.553,0.575,0.732,0.79,0.388,0.5,-0.26,0.573,0.781,0.731,0.087,0.145,0.541,0.794,0.754,0.624,0.628,0.405,-0.303,0.677,0.486,0.487,-0.308,0.781,-0.234,0.734,-0.202,0.582,0.749,0.447,0.668,0.723,0.726,0.797,0.657,0.596,-0.205
BLDP,0.779,0.565,0.727,0.62,0.739,-0.532,0.01,0.69,0.607,0.033,0.866,0.852,0.548,0.852,-0.109,0.705,0.446,0.515,0.624,0.718,0.76,0.658,0.722,-0.497,0.755,0.616,0.468,0.742,1.0,0.743,0.767,0.775,0.281,0.758,0.8,0.171,0.674,0.721,0.699,0.764,-0.521,0.645,-0.195,-0.213,0.564,0.65,0.743,0.692,0.741,0.698,-0.105,0.835,0.677,0.664,0.519,-0.38,0.631,0.825,-0.271,0.544,0.714,0.611,0.168,0.512,0.746,0.742,0.618,0.559,0.789,0.469,0.713,0.813,0.101,-0.247,0.786,0.686,0.733,0.136,0.753,0.697,0.763,0.765,0.504,0.756,-0.091,0.723,0.752,-0.357,0.812,0.483,0.317,-0.599,0.804,0.43,-0.093,0.44,0.708,0.852,0.853,0.785,0.787,0.637,0.841,-0.092,-0.02,0.79,-0.302,0.612,-0.737,-0.026,0.61,0.17,0.739,0.066,0.771,0.807,0.737,0.592,0.688,0.79,0.555,0.545,0.698,0.051,0.789,0.803,0.755,0.55,0.857,0.318,0.272,0.726,0.647,0.686,0.786,0.651,-0.134,0.771,0.506,0.62,0.78,-0.564,0.879,0.33,0.737,0.69,0.885,0.583,0.791,0.83,0.664,0.795,0.824,0.6,0.622,0.701,0.491,0.719,0.702,0.658,0.612,0.443,-0.251,0.699,0.745,0.551,0.731,0.487,0.541,-0.334,0.794,0.707,0.794,-0.026,0.36,0.602,0.818,0.783,0.625,0.6,0.215,-0.465,0.728,0.542,0.643,-0.369,0.76,-0.092,0.736,-0.188,0.674,0.815,0.261,0.686,0.729,0.722,0.825,0.467,0.651,-0.068
BLNK,0.697,0.579,0.662,0.503,0.56,-0.554,-0.197,0.559,0.585,0.035,0.702,0.659,0.35,0.684,-0.113,0.598,0.428,0.542,0.692,0.822,0.556,0.405,0.495,-0.599,0.533,0.451,0.23,0.532,0.743,1.0,0.748,0.774,0.398,0.685,0.773,0.155,0.719,0.532,0.707,0.545,-0.534,0.529,0.033,-0.097,0.397,0.544,0.519,0.644,0.853,0.627,-0.035,0.783,0.404,0.532,0.57,-0.472,0.39,0.671,-0.224,0.461,0.606,0.589,-0.071,0.319,0.693,0.54,0.542,0.397,0.696,0.563,0.52,0.639,0.097,-0.059,0.656,0.496,0.721,-0.076,0.591,0.588,0.754,0.731,0.367,0.777,-0.073,0.644,0.771,-0.082,0.715,0.458,0.288,-0.522,0.732,0.242,-0.129,0.336,0.51,0.711,0.672,0.756,0.746,0.456,0.691,0.156,-0.149,0.514,-0.279,0.429,-0.587,-0.025,0.513,0.361,0.639,0.069,0.837,0.642,0.546,0.709,0.566,0.668,0.627,0.435,0.524,0.186,0.705,0.755,0.618,0.389,0.726,0.284,0.174,0.642,0.778,0.522,0.789,0.555,0.052,0.593,0.46,0.514,0.707,-0.574,0.74,0.233,0.828,0.529,0.745,0.659,0.561,0.823,0.642,0.721,0.717,0.354,0.618,0.546,0.509,0.451,0.62,0.687,0.598,0.448,-0.197,0.76,0.765,0.427,0.584,0.291,0.593,-0.102,0.697,0.495,0.645,-0.204,0.419,0.535,0.609,0.758,0.544,0.553,0.08,-0.419,0.586,0.308,0.738,-0.283,0.551,0.043,0.509,-0.084,0.551,0.58,-0.009,0.509,0.593,0.564,0.646,0.289,0.461,0.026
BYND,0.819,0.46,0.763,0.503,0.659,-0.496,0.213,0.596,0.572,0.124,0.713,0.711,0.546,0.833,-0.173,0.683,0.644,0.533,0.497,0.703,0.708,0.627,0.661,-0.485,0.747,0.585,0.374,0.643,0.767,0.748,1.0,0.78,0.316,0.665,0.742,0.01,0.618,0.588,0.712,0.714,-0.423,0.635,-0.218,-0.289,0.541,0.614,0.65,0.818,0.75,0.607,-0.19,0.74,0.577,0.562,0.447,-0.457,0.674,0.741,-0.345,0.668,0.735,0.682,0.194,0.502,0.752,0.639,0.583,0.549,0.801,0.498,0.668,0.776,0.011,-0.19,0.664,0.612,0.735,0.184,0.607,0.586,0.755,0.783,0.544,0.822,-0.008,0.681,0.748,-0.308,0.714,0.404,0.38,-0.588,0.708,0.441,-0.132,0.523,0.698,0.742,0.808,0.683,0.818,0.621,0.743,-0.017,0.052,0.68,-0.186,0.641,-0.556,-0.059,0.599,0.091,0.621,-0.025,0.78,0.63,0.622,0.585,0.71,0.787,0.554,0.548,0.661,-0.024,0.76,0.616,0.603,0.558,0.798,0.326,0.221,0.569,0.636,0.631,0.733,0.585,-0.194,0.666,0.483,0.586,0.637,-0.523,0.789,0.389,0.698,0.581,0.77,0.688,0.725,0.789,0.615,0.864,0.783,0.627,0.515,0.64,0.428,0.61,0.715,0.749,0.599,0.506,-0.306,0.656,0.722,0.512,0.614,0.376,0.659,-0.266,0.747,0.701,0.656,0.022,0.225,0.581,0.727,0.823,0.585,0.653,0.137,-0.32,0.688,0.577,0.721,-0.347,0.73,-0.14,0.677,-0.246,0.685,0.674,0.396,0.67,0.688,0.63,0.755,0.461,0.526,-0.17
