,AAL,AAPL,ABUS,ADBE,ADI,ADMA,AEP,AGNC,AKBA,ALT,AMAT,AMD,AMGN,AMZN,APA,APPS,ARCC,ARDX,ATER,ATOS,AUPH,AVGO,AZN,BCRX,BGC,BIDU,BILI,BKR,BLDP,BLNK,BYND,CAN,CELH,CG,CGC,CHRD,CLNE,CMCSA,COMM,COST,CPB,CPRT,CRON,CRWD,CSCO,CSGP,CSX,CTSH,CZR,DBX,DDOG,DKNG,DLTR,DOCU,DVAX,DXCM,EA,EBAY,ENPH,ERIC,ESPR,ETSY,EXC,EXEL,EXPE,FANG,FAST,FITB,FLEX,FOLD,FOXA,FSLR,FTNT,FUTU,GEN,GERN,GEVO,GILD,GOOG,GOOGL,GPRO,GT,HBAN,HIVE,HON,HST,HUT,IBRX,INTC,IOVA,IQ,IRWD,JBLU,JD,KDP,KHC,LBTYK,LRCX,LYFT,MAR,MARA,MAT,MCHP,MCRB,MDLZ,META,MGNI,MLCO,MNKD,MNST,MOMO,MRNA,MRVL,MSFT,MSTR,MTCH,MU,MVIS,NDAQ,NFLX,NKTR,NNDM,NTES,NTNX,NVAX,NVDA,NWL,NWSA,NXPI,OCGN,OKTA,ON,OPK,PAA,PACB,PAGP,PANW,PARA,PCAR,PDD,PENN,PEP,PLUG,PTEN,PTON,PYPL,QCOM,QUBT,QVCGA,RDFN,REAL,RIOT,ROKU,ROST,RUN,SABR,SAVA,SBUX,SFIX,SGMO,SIRI,SLM,SMCI,SNDL,SONO,STNE,STX,TCOM,TGTX,TIGR,TLRY,TMUS,TRIP,TSCO,TSLA,TTD,TXN,UAL,UNIT,VERU,VKTX,VLY,VOD,VTRS,VXRT,WBA,WBD,WDAY,WDC,WEN,WW,WYNN,XEL,XP,XRAY,XRX,Z,ZION,ZM,ZS
AAL,1.0,0.68,-0.204,-0.594,-0.173,0.597,-0.44,-0.575,0.69,-0.123,0.649,0.277,-0.524,0.366,-0.636,-0.327,-0.01,-0.53,-0.383,-0.034,0.27,-0.019,0.125,0.335,-0.398,-0.237,-0.469,-0.499,-0.386,-0.142,-0.578,-0.155,0.625,-0.574,-0.408,-0.054,-0.146,0.614,-0.304,-0.059,-0.139,0.669,0.376,-0.057,-0.42,0.56,0.596,0.47,0.463,-0.09,0.503,0.649,0.497,-0.379,-0.122,-0.054,-0.323,0.69,-0.39,-0.29,0.702,-0.635,0.044,0.084,0.078,-0.571,0.628,-0.512,-0.061,0.575,-0.433,-0.459,-0.129,-0.438,-0.503,0.578,0.037,-0.525,0.38,0.407,-0.481,0.535,-0.63,-0.348,0.418,0.563,-0.255,0.69,0.02,0.674,-0.38,-0.288,0.452,-0.211,-0.496,0.608,-0.195,0.549,-0.56,0.582,-0.21,0.585,-0.344,-0.296,0.733,0.56,-0.248,-0.313,-0.149,0.573,0.297,-0.412,0.269,0.649,-0.13,-0.369,0.05,0.292,-0.164,-0.116,-0.466,0.584,-0.048,-0.096,-0.08,0.703,-0.636,-0.2,-0.095,-0.264,0.165,0.553,0.549,-0.255,0.573,-0.166,-0.105,-0.579,-0.157,-0.553,-0.47,0.665,-0.395,-0.558,-0.605,-0.474,-0.598,-0.018,0.546,0.232,0.267,-0.215,-0.335,-0.168,-0.618,-0.207,0.253,-0.174,-0.514,-0.564,-0.384,0.191,0.556,0.64,0.689,0.728,-0.378,-0.541,0.648,-0.45,0.558,-0.536,-0.567,0.111,-0.094,0.58,-0.419,0.712,0.546,0.372,0.709,-0.544,0.413,-0.039,0.658,-0.675,-0.193,-0.567,-0.143,0.511,0.524,0.086,-0.488,0.666,0.106,-0.104,0.368,-0.52,-0.333,0.137
AAPL,0.68,1.0,-0.38,-0.377,-0.273,0.503,-0.314,-0.498,0.762,-0.243,0.493,0.43,-0.401,0.321,-0.464,-0.43,0.048,-0.436,-0.304,-0.07,0.383,0.081,-0.057,0.364,-0.387,-0.365,-0.405,-0.393,-0.297,-0.264,-0.513,-0.244,0.626,-0.396,-0.198,-0.059,-0.078,0.589,-0.204,0.009,-0.033,0.639,0.401,-0.198,-0.405,0.567,0.477,0.549,0.579,0.002,0.619,0.832,0.514,-0.445,-0.049,-0.042,-0.327,0.694,-0.542,-0.259,0.5,-0.433,-0.096,-0.06,0.396,-0.414,0.521,-0.306,-0.048,0.676,-0.443,-0.597,0.001,-0.538,-0.303,0.465,-0.019,-0.598,0.359,0.361,-0.414,0.726,-0.412,-0.433,0.405,0.669,-0.184,0.831,0.0,0.633,-0.45,-0.315,0.415,-0.212,-0.544,0.695,-0.071,0.546,-0.389,0.423,-0.162,0.582,-0.284,-0.417,0.648,0.57,-0.183,-0.372,-0.07,0.809,0.302,-0.436,0.372,0.623,0.005,-0.258,0.054,0.214,-0.254,-0.143,-0.506,0.475,-0.183,-0.066,-0.093,0.688,-0.524,-0.098,-0.187,-0.359,0.041,0.42,0.731,-0.104,0.524,0.058,-0.126,-0.346,-0.013,-0.555,-0.324,0.666,-0.354,-0.606,-0.417,-0.338,-0.403,-0.118,0.698,0.404,0.152,-0.152,-0.456,-0.098,-0.395,-0.26,0.276,0.075,-0.45,-0.618,-0.446,0.316,0.576,0.648,0.702,0.737,-0.333,-0.5,0.637,-0.445,0.686,-0.466,-0.345,-0.144,-0.135,0.611,-0.46,0.547,0.651,0.352,0.569,-0.413,0.517,-0.014,0.638,-0.545,-0.061,-0.52,-0.216,0.485,0.543,0.065,-0.416,0.752,0.259,0.079,0.547,-0.319,-0.39,0.059
ABUS,-0.204,-0.38,1.0,0.438,0.659,0.01,0.407,0.552,-0.563,0.476,-0.087,0.124,0.588,-0.223,0.596,0.696,0.301,0.523,0.573,0.673,-0.391,0.5,0.306,-0.167,0.381,0.789,0.644,0.561,0.637,0.598,0.608,0.399,-0.5,0.385,0.573,0.609,0.437,-0.522,0.078,0.197,0.035,-0.38,0.146,0.729,0.491,-0.632,-0.154,-0.029,-0.092,0.63,-0.161,-0.427,-0.605,0.728,0.53,0.039,0.504,-0.575,0.738,0.309,-0.097,0.445,0.111,0.372,0.206,0.554,-0.13,0.616,0.486,-0.302,0.458,0.643,0.665,0.651,0.466,-0.394,0.484,0.41,-0.152,-0.14,0.637,-0.15,0.534,0.629,-0.104,-0.126,0.497,-0.362,0.318,-0.334,0.713,0.752,-0.358,0.559,0.605,-0.397,0.187,-0.413,0.014,-0.14,0.455,-0.322,0.561,0.55,-0.652,-0.594,0.455,0.264,0.542,-0.638,-0.045,0.597,0.271,-0.557,0.057,0.2,0.118,0.213,0.657,0.339,0.657,-0.056,0.724,0.622,0.493,-0.386,0.501,0.433,0.503,0.763,0.598,0.01,-0.242,0.285,-0.016,0.419,0.626,0.14,-0.115,0.595,0.069,-0.561,0.297,0.545,0.507,0.275,0.463,0.595,-0.064,0.369,0.312,0.463,0.685,0.053,0.181,0.123,0.251,-0.313,0.666,0.575,0.521,-0.167,-0.171,-0.203,-0.586,-0.359,0.42,0.567,-0.532,0.734,-0.045,0.479,0.425,0.305,0.479,-0.416,0.746,-0.051,0.045,-0.426,-0.282,0.367,-0.652,0.531,-0.538,0.375,0.652,0.668,0.483,-0.145,0.173,0.072,0.444,-0.161,-0.285,-0.428,0.166,0.621,0.66,0.432
ADBE,-0.594,-0.377,0.438,1.0,0.415,-0.331,0.605,0.731,-0.601,0.269,-0.445,0.102,0.781,-0.283,0.839,0.419,0.263,0.588,0.482,0.198,-0.425,0.432,-0.171,-0.506,0.657,0.358,0.489,0.664,0.431,0.274,0.665,0.312,-0.598,0.908,0.556,0.514,0.174,-0.37,0.225,0.146,0.131,-0.561,-0.227,0.248,0.479,-0.424,-0.541,-0.429,0.058,0.344,-0.439,-0.521,-0.556,0.47,0.123,0.218,0.647,-0.457,0.572,0.229,-0.504,0.88,0.201,-0.086,0.371,0.817,-0.327,0.823,0.296,-0.477,0.685,0.579,0.435,0.531,0.731,-0.586,-0.115,0.62,-0.189,-0.216,0.533,-0.239,0.897,0.415,0.06,-0.458,0.174,-0.613,0.202,-0.645,0.517,0.409,-0.258,0.261,0.595,-0.563,0.335,-0.385,0.525,-0.432,0.188,-0.399,0.54,0.293,-0.597,-0.367,0.651,0.531,0.364,-0.551,-0.249,0.408,-0.027,-0.564,0.161,0.711,0.254,-0.324,0.425,0.112,0.418,-0.511,0.302,0.402,0.132,-0.522,0.767,0.621,0.359,0.467,0.02,-0.347,-0.534,0.524,-0.4,0.379,0.275,0.825,0.274,0.678,0.729,-0.628,0.231,0.628,0.858,0.491,0.921,0.388,-0.309,-0.002,-0.158,0.349,0.553,0.335,0.816,0.379,-0.04,0.484,0.745,0.653,0.57,0.067,-0.528,-0.574,-0.62,-0.681,0.399,0.835,-0.635,0.502,-0.45,0.567,0.92,0.09,0.178,-0.291,0.607,-0.361,-0.338,-0.456,-0.597,0.716,-0.508,0.32,-0.599,0.855,0.623,0.694,0.265,-0.364,-0.123,0.348,0.764,-0.454,0.222,0.152,-0.204,0.818,0.335,0.028
ADI,-0.173,-0.273,0.659,0.415,1.0,-0.235,0.34,0.361,-0.45,0.12,0.019,0.161,0.64,-0.374,0.565,0.573,0.238,0.434,0.459,0.653,-0.301,0.477,0.224,-0.164,0.236,0.636,0.569,0.359,0.699,0.633,0.677,0.55,-0.353,0.44,0.673,0.447,0.426,-0.189,0.363,-0.001,0.091,-0.334,0.268,0.567,0.616,-0.441,-0.167,-0.013,0.14,0.657,-0.154,-0.365,-0.672,0.602,0.491,-0.181,0.599,-0.358,0.696,0.373,0.095,0.405,-0.025,0.577,0.284,0.504,-0.282,0.473,0.713,-0.083,0.527,0.555,0.624,0.657,0.377,-0.509,0.248,0.4,-0.006,0.016,0.663,0.088,0.435,0.534,0.052,-0.007,0.429,-0.321,0.534,-0.209,0.657,0.608,-0.259,0.568,0.581,-0.32,0.242,-0.35,0.192,0.012,0.483,-0.151,0.901,0.524,-0.46,-0.354,0.402,0.277,0.507,-0.443,0.039,0.565,0.484,-0.367,0.234,0.328,0.179,0.287,0.356,0.266,0.581,-0.049,0.586,0.629,0.466,-0.28,0.507,0.46,0.826,0.657,0.435,0.424,-0.22,0.227,0.038,0.188,0.55,0.218,-0.14,0.508,0.237,-0.44,0.398,0.526,0.566,0.453,0.522,0.431,-0.068,0.402,0.199,0.457,0.708,-0.005,0.234,0.34,0.268,-0.281,0.694,0.38,0.76,-0.254,-0.123,-0.039,-0.317,-0.44,0.549,0.515,-0.39,0.619,0.031,0.488,0.464,0.287,0.628,-0.305,0.839,-0.192,0.065,-0.568,-0.368,0.276,-0.46,0.554,-0.478,0.385,0.625,0.631,0.528,-0.171,-0.091,0.185,0.38,-0.219,-0.172,-0.333,0.204,0.518,0.606,0.352
ADMA,0.597,0.503,0.01,-0.331,-0.235,1.0,-0.104,-0.304,0.339,0.388,0.408,0.075,-0.383,0.442,-0.482,-0.212,-0.217,-0.049,-0.343,-0.105,0.02,0.237,0.335,0.127,-0.0,-0.304,-0.39,-0.158,-0.412,-0.242,-0.437,-0.457,0.467,-0.389,-0.457,-0.018,-0.208,0.181,-0.55,0.318,-0.472,0.629,0.094,-0.129,-0.585,0.156,0.625,0.389,0.275,0.003,0.35,0.601,0.387,-0.413,0.121,0.375,-0.124,0.228,-0.191,-0.57,0.283,-0.313,0.382,-0.044,0.235,-0.399,0.745,-0.183,-0.317,0.4,-0.466,-0.284,-0.079,-0.507,-0.301,0.659,-0.03,-0.193,0.032,0.036,-0.386,0.211,-0.366,-0.458,0.252,0.401,-0.372,0.552,-0.292,0.517,-0.319,-0.204,0.109,-0.297,-0.26,0.51,-0.365,0.47,-0.296,0.567,-0.398,0.123,-0.328,-0.065,0.391,0.13,-0.163,0.039,0.111,0.44,0.05,-0.432,-0.01,0.2,-0.43,-0.287,-0.315,-0.03,0.134,-0.352,-0.423,0.237,-0.073,-0.132,-0.15,0.469,-0.389,-0.275,-0.158,-0.311,0.173,0.152,0.399,-0.102,0.469,0.093,-0.1,-0.385,0.014,-0.395,-0.336,0.436,-0.335,-0.404,-0.452,-0.382,-0.436,-0.05,0.321,0.19,0.185,-0.424,-0.37,0.089,-0.271,-0.503,0.162,-0.11,-0.365,-0.182,-0.471,0.183,0.424,0.294,0.357,0.523,-0.552,-0.295,0.524,-0.376,0.319,-0.517,-0.371,0.381,-0.341,0.361,-0.328,0.641,0.397,0.619,0.693,-0.325,0.034,-0.161,0.574,-0.425,-0.16,-0.431,-0.402,0.607,0.578,0.23,-0.198,0.382,0.05,-0.378,0.252,-0.318,-0.344,0.012
AEP,-0.44,-0.314,0.407,0.605,0.34,-0.104,1.0,0.613,-0.527,0.3,-0.266,0.062,0.688,-0.019,0.527,0.494,0.254,0.449,0.256,0.122,-0.557,0.506,0.239,-0.452,0.449,0.278,0.27,0.625,0.327,0.219,0.424,0.022,-0.461,0.522,0.452,0.49,0.116,-0.582,-0.045,0.51,-0.16,-0.368,-0.301,0.389,0.255,-0.505,-0.191,-0.352,-0.179,0.506,-0.307,-0.214,-0.317,0.295,0.134,0.396,0.587,-0.509,0.608,0.016,-0.521,0.605,0.56,-0.126,0.267,0.63,-0.249,0.689,0.108,-0.375,0.37,0.691,0.519,0.384,0.58,-0.336,0.142,0.725,-0.209,-0.219,0.369,-0.211,0.633,0.263,-0.199,-0.314,0.036,-0.326,-0.052,-0.444,0.306,0.18,-0.351,0.033,0.699,-0.528,-0.093,-0.292,0.285,-0.359,-0.04,-0.563,0.356,0.52,-0.528,-0.578,0.318,0.378,0.271,-0.501,-0.524,0.286,-0.178,-0.668,-0.232,0.226,-0.173,-0.232,0.528,0.133,0.25,-0.476,0.022,0.22,0.211,-0.429,0.702,0.278,0.217,0.375,0.162,-0.321,-0.335,0.608,-0.42,0.53,0.378,0.476,0.32,0.384,0.315,-0.564,0.168,0.682,0.567,0.186,0.55,0.468,-0.157,0.25,0.089,0.053,0.458,0.206,0.604,-0.052,0.052,0.112,0.628,0.57,0.351,0.091,-0.54,-0.413,-0.537,-0.477,0.21,0.507,-0.528,0.407,-0.272,0.556,0.537,0.322,0.079,-0.369,0.58,-0.224,-0.205,-0.13,-0.379,0.654,-0.624,0.309,-0.617,0.603,0.495,0.48,0.065,-0.074,-0.12,0.266,0.783,-0.341,-0.077,-0.141,-0.011,0.651,0.369,0.253
AGNC,-0.575,-0.498,0.552,0.731,0.361,-0.304,0.613,1.0,-0.625,0.295,-0.311,0.028,0.724,-0.11,0.686,0.629,0.455,0.451,0.628,0.319,-0.434,0.473,-0.01,-0.366,0.542,0.513,0.563,0.678,0.502,0.377,0.626,0.271,-0.619,0.631,0.559,0.621,0.334,-0.474,0.122,0.327,0.047,-0.549,-0.179,0.415,0.502,-0.417,-0.42,-0.472,-0.087,0.367,-0.355,-0.59,-0.565,0.565,0.219,0.271,0.524,-0.449,0.64,0.248,-0.455,0.692,0.196,-0.03,0.18,0.83,-0.325,0.754,0.269,-0.527,0.598,0.723,0.462,0.567,0.599,-0.587,0.284,0.685,-0.118,-0.137,0.581,-0.328,0.789,0.556,-0.08,-0.371,0.264,-0.67,0.279,-0.599,0.552,0.435,-0.173,0.394,0.683,-0.547,0.369,-0.448,0.251,-0.452,0.273,-0.347,0.377,0.468,-0.585,-0.456,0.567,0.331,0.357,-0.707,-0.148,0.46,-0.022,-0.546,0.081,0.527,0.236,-0.158,0.494,0.243,0.53,-0.459,0.369,0.362,0.206,-0.502,0.818,0.57,0.305,0.552,0.22,-0.335,-0.513,0.653,-0.404,0.538,0.482,0.513,0.322,0.634,0.363,-0.609,0.291,0.722,0.656,0.394,0.701,0.413,-0.308,0.044,0.086,0.334,0.616,0.306,0.603,0.277,-0.015,0.271,0.721,0.603,0.491,0.112,-0.45,-0.447,-0.631,-0.615,0.433,0.711,-0.635,0.695,-0.337,0.708,0.629,0.103,0.304,-0.299,0.672,-0.453,-0.282,-0.378,-0.513,0.826,-0.468,0.325,-0.663,0.748,0.521,0.585,0.261,-0.313,-0.178,0.171,0.705,-0.432,0.031,0.067,-0.144,0.758,0.516,0.143
AKBA,0.69,0.762,-0.563,-0.601,-0.45,0.339,-0.527,-0.625,1.0,-0.408,0.443,0.216,-0.659,0.404,-0.698,-0.553,-0.178,-0.595,-0.519,-0.258,0.542,-0.239,-0.126,0.331,-0.572,-0.503,-0.548,-0.647,-0.413,-0.449,-0.669,-0.355,0.672,-0.568,-0.436,-0.39,-0.303,0.648,-0.269,-0.147,-0.055,0.598,0.23,-0.288,-0.575,0.746,0.397,0.432,0.298,-0.301,0.616,0.728,0.63,-0.61,-0.242,-0.043,-0.502,0.821,-0.64,-0.399,0.531,-0.639,-0.186,-0.106,0.057,-0.681,0.357,-0.577,-0.232,0.616,-0.603,-0.703,-0.289,-0.595,-0.516,0.506,-0.118,-0.658,0.381,0.405,-0.599,0.531,-0.647,-0.567,0.271,0.568,-0.383,0.76,-0.112,0.623,-0.635,-0.563,0.575,-0.399,-0.62,0.677,-0.144,0.519,-0.397,0.402,-0.261,0.588,-0.493,-0.436,0.789,0.684,-0.427,-0.417,-0.397,0.817,0.248,-0.539,0.104,0.844,-0.062,-0.394,-0.01,0.15,-0.545,-0.299,-0.679,0.472,-0.379,-0.4,-0.298,0.62,-0.653,-0.361,-0.423,-0.465,-0.112,0.311,0.598,-0.243,0.345,-0.267,-0.338,-0.465,-0.037,-0.625,-0.391,0.848,-0.404,-0.69,-0.657,-0.415,-0.633,-0.312,0.477,0.128,0.155,-0.293,-0.619,-0.14,-0.513,-0.258,0.069,0.058,-0.679,-0.704,-0.54,0.329,0.496,0.534,0.774,0.721,-0.546,-0.658,0.705,-0.649,0.54,-0.526,-0.613,-0.192,-0.312,0.65,-0.61,0.383,0.4,0.382,0.559,-0.514,0.751,-0.232,0.662,-0.698,-0.425,-0.609,-0.416,0.458,0.251,-0.149,-0.552,0.603,0.099,0.31,0.296,-0.611,-0.57,-0.029
ALT,-0.123,-0.243,0.476,0.269,0.12,0.388,0.3,0.295,-0.408,1.0,-0.169,-0.257,0.178,0.104,0.17,0.411,-0.061,0.489,0.194,0.063,-0.594,0.425,0.403,-0.42,0.577,0.153,0.176,0.542,-0.064,0.124,0.208,-0.19,-0.314,0.227,0.049,0.186,-0.117,-0.432,-0.43,0.353,-0.33,-0.067,0.056,0.132,-0.013,-0.407,0.016,-0.15,-0.264,0.297,-0.23,-0.079,-0.123,0.21,0.059,0.508,0.363,-0.369,0.485,-0.222,-0.251,0.29,0.407,-0.18,0.363,0.159,0.273,0.449,-0.111,-0.141,0.155,0.444,0.116,0.206,0.29,0.107,0.027,0.424,-0.393,-0.404,0.146,-0.375,0.367,0.16,0.023,-0.26,-0.058,-0.269,-0.205,-0.342,0.365,0.292,-0.456,0.091,0.35,-0.331,-0.143,-0.103,0.07,0.035,-0.002,-0.464,0.055,0.43,-0.419,-0.481,0.319,0.435,0.344,-0.485,0.028,0.034,-0.069,-0.451,-0.395,-0.004,-0.207,-0.255,0.734,-0.131,0.192,-0.299,0.342,0.109,0.036,-0.119,0.285,0.059,0.04,0.235,0.141,-0.347,-0.392,0.131,-0.294,0.273,0.113,0.146,0.183,0.305,0.055,-0.374,0.026,0.288,0.137,0.097,0.154,0.294,-0.289,-0.013,0.044,-0.058,0.313,0.261,0.279,-0.271,0.017,-0.062,0.24,0.501,0.053,0.186,-0.275,-0.323,-0.503,-0.221,-0.057,0.429,-0.408,0.125,-0.246,0.121,0.231,0.658,-0.065,-0.272,0.226,0.285,-0.07,0.018,0.216,0.255,-0.533,0.017,-0.226,0.249,0.241,0.222,-0.129,0.103,0.4,0.356,0.304,-0.203,-0.229,-0.366,-0.179,0.298,0.143,-0.038
AMAT,0.649,0.493,-0.087,-0.445,0.019,0.408,-0.266,-0.311,0.443,-0.169,1.0,0.256,-0.271,0.302,-0.421,-0.035,0.163,-0.377,-0.274,0.037,0.149,0.175,0.33,0.441,-0.362,-0.07,-0.253,-0.236,-0.145,-0.032,-0.371,-0.098,0.451,-0.512,-0.17,0.044,0.056,0.394,-0.003,0.224,-0.18,0.469,0.297,-0.034,-0.139,0.357,0.651,0.364,0.335,0.016,0.379,0.478,0.408,-0.084,0.084,-0.019,-0.198,0.455,-0.215,-0.015,0.543,-0.495,-0.022,0.171,-0.017,-0.357,0.405,-0.285,0.058,0.287,-0.397,-0.318,0.011,-0.311,-0.408,0.504,0.266,-0.309,0.452,0.471,-0.232,0.441,-0.468,-0.208,0.243,0.479,-0.116,0.468,0.113,0.436,-0.214,-0.169,0.351,-0.089,-0.278,0.465,-0.103,0.727,-0.552,0.382,-0.143,0.576,-0.152,-0.064,0.498,0.352,-0.246,-0.237,-0.078,0.38,0.239,-0.088,0.266,0.422,-0.083,-0.295,0.048,0.337,-0.05,0.178,-0.24,0.447,0.036,-0.075,-0.073,0.442,-0.45,-0.019,-0.031,-0.219,0.139,0.467,0.498,-0.059,0.512,0.09,-0.03,-0.53,-0.138,-0.459,-0.45,0.448,-0.066,-0.243,-0.446,-0.311,-0.409,-0.136,0.448,0.283,0.213,-0.177,-0.175,0.027,-0.417,-0.148,0.093,-0.206,-0.358,-0.47,-0.159,0.003,0.453,0.492,0.493,0.489,-0.161,-0.425,0.423,-0.214,0.515,-0.332,-0.543,0.135,0.081,0.416,-0.17,0.472,0.464,0.393,0.533,-0.354,0.272,-0.058,0.424,-0.383,-0.176,-0.471,-0.079,0.385,0.356,0.079,-0.32,0.504,0.112,-0.264,0.412,-0.339,-0.141,0.121
AMD,0.277,0.43,0.124,0.102,0.161,0.075,0.062,0.028,0.216,-0.257,0.256,1.0,0.166,0.025,0.152,0.184,0.358,-0.174,0.374,0.448,-0.048,0.243,-0.074,0.324,-0.203,0.188,0.073,0.09,0.361,0.295,0.111,0.078,0.37,-0.053,0.295,0.512,0.509,0.063,0.085,0.025,0.171,0.112,0.223,0.47,0.162,-0.018,0.131,0.348,0.525,0.435,0.616,0.25,-0.131,0.235,0.342,-0.073,0.146,0.146,-0.021,0.146,0.288,-0.024,-0.17,0.3,0.251,0.23,-0.093,0.179,0.536,0.286,0.034,-0.064,0.613,0.031,0.207,-0.067,0.361,-0.289,0.501,0.517,0.243,0.693,0.044,0.074,-0.047,0.507,0.211,0.439,0.255,0.438,0.053,0.055,0.068,0.248,-0.045,0.261,0.16,0.023,-0.428,0.052,0.185,0.303,0.17,-0.047,0.056,0.039,0.288,-0.233,0.399,0.235,0.073,0.221,0.454,0.094,0.256,-0.077,0.129,0.589,0.008,0.418,0.076,0.465,0.174,0.42,0.545,0.278,-0.016,0.277,0.165,0.263,0.592,0.343,0.531,0.267,0.438,0.351,0.565,-0.204,-0.124,-0.119,-0.172,0.025,-0.225,-0.091,0.125,-0.154,0.072,0.483,0.732,0.743,0.561,0.286,0.083,-0.155,-0.211,0.029,0.63,0.02,0.197,-0.214,-0.009,0.149,0.335,0.462,0.249,0.252,0.172,-0.014,0.139,0.215,0.574,0.08,0.113,-0.197,0.333,0.42,0.112,0.219,0.615,-0.089,-0.009,-0.059,-0.059,0.641,0.142,-0.044,0.414,-0.008,0.241,0.414,0.165,0.111,0.065,0.52,0.045,-0.07,0.698,0.278,0.258,0.705
AMGN,-0.524,-0.401,0.588,0.781,0.64,-0.383,0.688,0.724,-0.659,0.178,-0.271,0.166,1.0,-0.287,0.805,0.698,0.346,0.538,0.553,0.411,-0.45,0.422,0.06,-0.236,0.397,0.559,0.616,0.623,0.646,0.534,0.698,0.5,-0.65,0.665,0.772,0.685,0.424,-0.452,0.357,0.108,0.167,-0.65,-0.043,0.528,0.664,-0.548,-0.487,-0.296,-0.024,0.656,-0.312,-0.56,-0.689,0.674,0.424,0.153,0.588,-0.502,0.728,0.44,-0.391,0.721,0.176,0.249,0.225,0.84,-0.457,0.715,0.452,-0.356,0.549,0.776,0.698,0.615,0.601,-0.724,0.261,0.657,-0.154,-0.161,0.664,-0.163,0.743,0.684,-0.091,-0.273,0.462,-0.542,0.399,-0.561,0.61,0.561,-0.396,0.426,0.823,-0.5,0.256,-0.544,0.302,-0.428,0.435,-0.303,0.68,0.584,-0.616,-0.445,0.499,0.24,0.447,-0.624,-0.221,0.65,0.142,-0.627,0.277,0.534,0.173,-0.034,0.441,0.348,0.598,-0.354,0.36,0.595,0.374,-0.577,0.805,0.516,0.53,0.593,0.273,-0.095,-0.396,0.567,-0.235,0.512,0.55,0.5,0.082,0.541,0.34,-0.695,0.321,0.791,0.763,0.401,0.78,0.545,-0.111,0.254,-0.024,0.529,0.778,0.04,0.548,0.407,0.069,0.15,0.897,0.671,0.698,-0.05,-0.4,-0.397,-0.614,-0.638,0.582,0.753,-0.64,0.695,-0.175,0.776,0.712,0.094,0.464,-0.477,0.79,-0.473,-0.11,-0.59,-0.639,0.693,-0.57,0.471,-0.694,0.788,0.686,0.697,0.448,-0.44,-0.232,0.108,0.705,-0.359,0.002,-0.096,0.042,0.78,0.598,0.27
AMZN,0.366,0.321,-0.223,-0.283,-0.374,0.442,-0.019,-0.11,0.404,0.104,0.302,0.025,-0.287,1.0,-0.504,0.002,-0.175,-0.339,-0.269,-0.252,-0.06,-0.025,0.143,-0.075,-0.086,-0.506,-0.443,-0.147,-0.46,-0.32,-0.395,-0.451,0.408,-0.353,-0.379,-0.097,-0.283,0.206,-0.512,0.366,-0.328,0.455,-0.173,-0.04,-0.424,0.473,0.365,0.072,-0.136,0.015,0.375,0.352,0.347,-0.427,-0.244,0.584,-0.139,0.465,-0.196,-0.459,0.064,-0.211,0.24,-0.334,-0.082,-0.332,0.449,-0.212,-0.314,0.071,-0.401,-0.08,-0.093,-0.384,-0.211,0.441,-0.007,0.097,0.332,0.32,-0.352,0.087,-0.302,-0.278,0.146,0.149,-0.382,0.294,-0.227,0.201,-0.389,-0.515,0.113,-0.413,-0.037,0.235,-0.291,0.396,-0.29,0.173,-0.288,0.297,-0.479,0.155,0.414,0.351,0.0,-0.163,-0.138,0.236,-0.149,-0.531,-0.185,0.366,-0.338,-0.295,-0.145,-0.141,-0.073,-0.197,-0.479,-0.028,-0.262,-0.318,-0.151,0.176,-0.132,-0.342,-0.388,-0.268,-0.062,-0.142,0.111,0.193,-0.04,0.054,-0.061,-0.279,0.145,-0.399,-0.312,0.43,-0.44,-0.106,-0.491,-0.432,-0.401,0.051,0.156,0.043,0.218,-0.281,-0.222,0.15,-0.096,-0.363,0.105,0.08,-0.246,-0.144,-0.44,0.613,0.057,0.153,0.301,0.3,-0.469,-0.242,0.23,-0.369,0.209,-0.084,-0.423,0.368,-0.352,0.548,-0.251,0.271,0.044,0.549,0.318,0.004,0.251,-0.268,0.37,-0.223,-0.299,-0.402,-0.546,0.467,0.163,0.045,-0.053,0.332,0.023,0.021,-0.027,-0.304,-0.341,0.052
APA,-0.636,-0.464,0.596,0.839,0.565,-0.482,0.527,0.686,-0.698,0.17,-0.421,0.152,0.805,-0.504,1.0,0.546,0.364,0.629,0.606,0.417,-0.32,0.387,-0.11,-0.267,0.532,0.628,0.719,0.672,0.677,0.487,0.747,0.496,-0.661,0.821,0.746,0.594,0.447,-0.493,0.433,0.018,0.241,-0.701,-0.05,0.438,0.707,-0.614,-0.578,-0.233,-0.025,0.473,-0.35,-0.601,-0.695,0.667,0.38,-0.093,0.575,-0.616,0.62,0.501,-0.423,0.808,-0.021,0.181,0.229,0.876,-0.505,0.809,0.494,-0.418,0.674,0.599,0.572,0.699,0.675,-0.672,0.145,0.47,-0.219,-0.232,0.682,-0.155,0.88,0.601,-0.109,-0.292,0.465,-0.576,0.358,-0.591,0.686,0.674,-0.379,0.507,0.611,-0.568,0.356,-0.554,0.432,-0.454,0.43,-0.382,0.685,0.339,-0.728,-0.524,0.536,0.328,0.449,-0.592,-0.183,0.675,0.136,-0.661,0.289,0.54,0.254,-0.053,0.403,0.382,0.643,-0.336,0.48,0.564,0.368,-0.614,0.732,0.671,0.476,0.598,0.219,-0.205,-0.37,0.429,-0.261,0.429,0.48,0.674,0.034,0.735,0.571,-0.737,0.397,0.639,0.904,0.537,0.872,0.43,-0.172,0.147,-0.056,0.504,0.63,0.14,0.658,0.499,0.062,0.11,0.832,0.598,0.678,-0.195,-0.423,-0.448,-0.684,-0.636,0.599,0.724,-0.696,0.74,-0.286,0.649,0.84,-0.03,0.45,-0.493,0.705,-0.416,-0.169,-0.658,-0.674,0.622,-0.579,0.483,-0.697,0.77,0.717,0.79,0.513,-0.458,-0.223,0.11,0.653,-0.37,-0.015,-0.034,0.008,0.884,0.561,0.207
APPS,-0.327,-0.43,0.696,0.419,0.573,-0.212,0.494,0.629,-0.553,0.411,-0.035,0.184,0.698,0.002,0.546,1.0,0.341,0.467,0.648,0.499,-0.567,0.428,0.3,-0.159,0.267,0.603,0.624,0.652,0.568,0.587,0.638,0.275,-0.443,0.321,0.677,0.575,0.494,-0.5,0.171,0.224,0.067,-0.476,0.153,0.676,0.594,-0.5,-0.237,-0.192,-0.207,0.745,-0.097,-0.485,-0.568,0.763,0.398,0.232,0.497,-0.425,0.699,0.374,-0.172,0.399,0.155,0.252,0.103,0.615,-0.377,0.612,0.492,-0.329,0.416,0.752,0.65,0.604,0.529,-0.488,0.538,0.569,0.031,0.031,0.644,-0.169,0.53,0.673,-0.233,-0.188,0.477,-0.451,0.31,-0.428,0.676,0.522,-0.448,0.527,0.746,-0.499,0.199,-0.415,-0.089,-0.357,0.466,-0.214,0.486,0.766,-0.621,-0.493,0.519,0.104,0.553,-0.714,-0.065,0.636,0.24,-0.524,0.147,0.133,0.038,0.212,0.571,0.456,0.607,-0.146,0.514,0.497,0.513,-0.441,0.651,0.374,0.403,0.641,0.462,-0.093,-0.362,0.494,-0.279,0.515,0.658,0.117,0.015,0.484,0.008,-0.615,0.267,0.745,0.463,0.222,0.436,0.651,-0.064,0.35,0.29,0.469,0.813,0.024,0.268,0.172,0.255,-0.181,0.708,0.559,0.565,0.078,-0.354,-0.198,-0.564,-0.489,0.519,0.61,-0.669,0.708,0.009,0.713,0.362,0.344,0.52,-0.312,0.711,-0.239,-0.005,-0.419,-0.376,0.52,-0.586,0.51,-0.609,0.527,0.561,0.535,0.378,-0.149,-0.062,0.039,0.544,-0.191,-0.309,-0.291,0.092,0.646,0.681,0.465
ARCC,-0.01,0.048,0.301,0.263,0.238,-0.217,0.254,0.455,-0.178,-0.061,0.163,0.358,0.346,-0.175,0.364,0.341,1.0,-0.07,0.515,0.337,-0.125,0.373,0.102,0.16,0.037,0.445,0.272,0.342,0.393,0.382,0.306,0.215,-0.14,0.229,0.433,0.523,0.437,-0.066,0.215,0.202,0.118,-0.123,0.191,0.357,0.391,-0.114,-0.022,-0.094,0.267,0.291,-0.041,-0.122,-0.128,0.483,0.115,-0.183,0.305,-0.007,0.249,0.476,0.084,0.191,-0.078,0.043,0.159,0.447,-0.077,0.334,0.393,-0.189,0.316,0.161,0.422,0.26,0.336,-0.286,0.438,0.056,0.356,0.342,0.319,0.281,0.316,0.34,0.127,0.018,0.398,-0.08,0.227,-0.135,0.213,0.29,0.196,0.316,0.095,-0.199,0.357,-0.107,-0.198,-0.238,0.299,0.216,0.182,0.007,-0.238,-0.147,0.315,-0.142,0.209,-0.252,0.1,0.384,0.296,-0.178,0.19,0.121,0.29,0.344,0.432,0.549,0.462,0.124,0.386,0.296,0.355,-0.001,0.191,0.55,0.179,0.364,0.3,0.049,0.125,0.328,-0.008,0.518,0.405,0.13,0.148,0.136,0.08,-0.298,0.24,0.219,0.371,0.096,0.301,0.312,0.277,0.359,0.26,0.372,0.373,0.088,0.12,0.192,0.251,0.014,0.267,0.019,0.301,0.078,-0.105,0.113,-0.126,-0.015,0.411,0.142,-0.316,0.407,0.226,0.215,0.248,-0.15,0.39,0.019,0.3,0.011,0.22,-0.196,-0.111,0.234,-0.138,0.43,-0.22,0.174,0.486,0.172,0.429,-0.02,0.077,0.044,0.261,0.226,0.138,0.01,0.248,0.431,0.399,0.362
ARDX,-0.53,-0.436,0.523,0.588,0.434,-0.049,0.449,0.451,-0.595,0.489,-0.377,-0.174,0.538,-0.339,0.629,0.467,-0.07,1.0,0.35,0.234,-0.354,0.308,0.054,-0.34,0.542,0.438,0.524,0.479,0.42,0.349,0.556,0.25,-0.59,0.617,0.471,0.249,0.145,-0.431,0.228,-0.013,-0.043,-0.456,0.081,0.188,0.285,-0.56,-0.331,-0.046,-0.149,0.382,-0.393,-0.418,-0.556,0.366,0.37,0.103,0.383,-0.65,0.531,0.136,-0.318,0.626,0.241,0.168,0.307,0.533,-0.233,0.659,0.164,-0.274,0.457,0.528,0.277,0.509,0.518,-0.439,-0.004,0.507,-0.514,-0.517,0.426,-0.382,0.648,0.342,-0.067,-0.257,0.208,-0.474,0.192,-0.47,0.534,0.563,-0.509,0.307,0.534,-0.443,0.103,-0.442,0.459,-0.272,0.22,-0.467,0.509,0.479,-0.608,-0.507,0.346,0.463,0.42,-0.464,-0.048,0.488,0.029,-0.626,0.07,0.445,-0.034,-0.32,0.398,-0.056,0.453,-0.375,0.402,0.318,0.078,-0.497,0.585,0.36,0.384,0.383,0.136,-0.198,-0.389,0.256,-0.276,0.239,0.194,0.512,0.003,0.643,0.47,-0.638,0.413,0.527,0.617,0.54,0.639,0.244,-0.407,-0.054,-0.223,0.161,0.438,0.133,0.574,0.236,-0.1,-0.02,0.573,0.663,0.564,-0.18,-0.356,-0.441,-0.623,-0.554,0.241,0.634,-0.481,0.467,-0.323,0.359,0.628,0.219,0.13,-0.528,0.508,-0.333,-0.139,-0.384,-0.353,0.501,-0.577,0.228,-0.553,0.55,0.403,0.626,0.218,-0.333,0.001,0.117,0.482,-0.522,-0.093,-0.3,-0.109,0.609,0.38,-0.024
ATER,-0.383,-0.304,0.573,0.482,0.459,-0.343,0.256,0.628,-0.519,0.194,-0.274,0.374,0.553,-0.269,0.606,0.648,0.515,0.35,1.0,0.646,-0.41,0.287,-0.114,-0.103,0.23,0.638,0.611,0.481,0.664,0.662,0.723,0.426,-0.315,0.442,0.659,0.565,0.631,-0.343,0.284,-0.015,0.316,-0.421,0.142,0.599,0.569,-0.487,-0.344,-0.081,0.039,0.53,-0.043,-0.527,-0.675,0.692,0.386,-0.113,0.487,-0.398,0.48,0.42,-0.025,0.43,-0.163,0.281,0.176,0.642,-0.372,0.56,0.604,-0.207,0.591,0.518,0.603,0.622,0.632,-0.625,0.446,0.265,0.101,0.086,0.711,0.028,0.569,0.677,-0.148,-0.135,0.635,-0.36,0.412,-0.29,0.631,0.569,-0.313,0.688,0.418,-0.393,0.492,-0.522,-0.009,-0.402,0.585,-0.129,0.462,0.305,-0.6,-0.421,0.658,0.079,0.625,-0.559,0.19,0.605,0.318,-0.435,0.369,0.291,0.317,0.377,0.443,0.405,0.771,-0.052,0.594,0.546,0.613,-0.381,0.532,0.546,0.359,0.677,0.476,-0.072,-0.188,0.356,-0.152,0.426,0.67,0.208,-0.004,0.57,0.181,-0.584,0.276,0.427,0.579,0.396,0.511,0.586,0.051,0.367,0.278,0.614,0.622,0.062,0.198,0.326,0.463,-0.083,0.63,0.421,0.476,0.059,-0.189,-0.036,-0.417,-0.353,0.609,0.564,-0.581,0.727,0.059,0.538,0.509,-0.106,0.548,-0.181,0.574,-0.286,0.14,-0.519,-0.494,0.424,-0.436,0.673,-0.419,0.445,0.673,0.544,0.619,-0.105,-0.007,0.052,0.406,-0.067,-0.163,-0.099,0.142,0.671,0.706,0.476
ATOS,-0.034,-0.07,0.673,0.198,0.653,-0.105,0.122,0.319,-0.258,0.063,0.037,0.448,0.411,-0.252,0.417,0.499,0.337,0.234,0.646,1.0,-0.137,0.311,0.177,0.204,0.061,0.627,0.434,0.285,0.769,0.67,0.496,0.34,-0.216,0.144,0.579,0.53,0.558,-0.208,0.168,-0.007,0.256,-0.157,0.384,0.668,0.484,-0.432,-0.039,0.268,0.223,0.633,0.198,-0.201,-0.605,0.629,0.646,-0.152,0.339,-0.278,0.481,0.296,0.182,0.225,-0.278,0.557,0.235,0.383,-0.235,0.365,0.71,0.085,0.442,0.367,0.722,0.558,0.3,-0.347,0.548,0.061,0.048,0.069,0.638,0.319,0.253,0.425,-0.069,0.287,0.484,-0.009,0.542,0.034,0.569,0.568,-0.191,0.61,0.379,0.025,0.195,-0.349,-0.208,0.031,0.468,0.029,0.589,0.404,-0.422,-0.345,0.262,-0.026,0.552,-0.238,0.192,0.545,0.543,-0.284,0.188,0.101,0.071,0.582,0.312,0.375,0.592,0.238,0.615,0.702,0.705,-0.173,0.28,0.353,0.523,0.739,0.733,0.354,0.111,0.164,0.303,0.252,0.702,-0.132,-0.274,0.348,-0.121,-0.349,0.252,0.296,0.336,0.234,0.265,0.513,0.297,0.615,0.527,0.43,0.521,-0.184,-0.111,0.192,0.547,-0.407,0.512,0.106,0.474,-0.18,0.325,0.305,-0.189,-0.156,0.451,0.406,-0.208,0.675,0.393,0.357,0.266,0.061,0.647,-0.147,0.614,-0.009,0.41,-0.494,-0.258,0.105,-0.359,0.757,-0.339,0.121,0.566,0.429,0.47,0.045,0.059,-0.067,0.149,0.051,-0.296,-0.371,0.524,0.465,0.739,0.616
AUPH,0.27,0.383,-0.391,-0.425,-0.301,0.02,-0.557,-0.434,0.542,-0.594,0.149,-0.048,-0.45,-0.06,-0.32,-0.567,-0.125,-0.354,-0.41,-0.137,1.0,-0.383,-0.208,0.486,-0.389,-0.279,-0.276,-0.585,-0.23,-0.343,-0.477,-0.007,0.344,-0.315,-0.299,-0.403,-0.19,0.414,0.12,-0.355,0.099,0.245,0.096,-0.383,-0.273,0.38,0.117,0.257,0.193,-0.431,0.236,0.309,0.359,-0.354,-0.05,-0.342,-0.575,0.369,-0.605,-0.047,0.251,-0.376,-0.334,0.075,-0.21,-0.4,0.099,-0.503,-0.222,0.3,-0.349,-0.581,-0.329,-0.44,-0.583,0.199,-0.082,-0.561,0.07,0.08,-0.413,0.295,-0.428,-0.344,0.074,0.371,-0.123,0.366,-0.016,0.401,-0.387,-0.202,0.601,-0.186,-0.485,0.538,-0.099,0.184,-0.076,0.295,-0.129,0.371,-0.206,-0.513,0.511,0.436,-0.498,-0.439,-0.332,0.629,0.119,-0.184,0.044,0.523,0.173,-0.144,-0.013,0.038,-0.645,-0.215,-0.352,0.271,-0.296,-0.216,-0.304,0.276,-0.537,-0.22,-0.129,-0.378,-0.201,0.312,0.428,-0.39,0.428,-0.364,-0.358,-0.209,-0.227,-0.361,-0.152,0.616,-0.228,-0.576,-0.358,-0.269,-0.317,-0.54,0.205,-0.135,-0.182,-0.139,-0.523,-0.251,-0.349,0.109,-0.194,-0.032,-0.461,-0.571,-0.332,-0.253,0.48,0.35,0.506,0.436,-0.238,-0.523,0.586,-0.283,0.223,-0.412,-0.341,-0.391,-0.136,0.169,-0.468,0.033,0.12,0.122,0.213,-0.463,0.54,-0.316,0.444,-0.499,-0.413,-0.383,-0.196,-0.049,-0.099,-0.426,-0.523,0.189,0.212,0.302,0.162,-0.439,-0.293,-0.269
AVGO,-0.019,0.081,0.5,0.432,0.477,0.237,0.506,0.473,-0.239,0.425,0.175,0.243,0.422,-0.025,0.387,0.428,0.373,0.308,0.287,0.311,-0.383,1.0,0.337,-0.303,0.503,0.306,0.332,0.651,0.347,0.166,0.37,-0.029,-0.129,0.338,0.328,0.527,0.257,-0.167,-0.158,0.515,-0.208,-0.041,0.087,0.345,0.249,-0.267,0.082,-0.102,0.323,0.53,-0.092,0.104,-0.2,0.335,0.241,0.35,0.538,-0.158,0.458,-0.04,-0.06,0.324,0.344,-0.005,0.657,0.535,0.166,0.638,0.341,-0.064,0.264,0.352,0.522,0.26,0.492,-0.013,0.19,0.382,0.001,0.024,0.363,0.151,0.486,0.12,0.236,0.034,-0.028,-0.085,0.064,-0.136,0.318,0.296,-0.075,0.208,0.412,-0.137,0.107,0.08,0.013,0.139,-0.003,-0.227,0.403,0.331,-0.26,-0.346,0.405,0.456,0.44,-0.251,-0.019,0.09,0.334,-0.318,-0.141,0.247,-0.013,0.002,0.628,0.128,0.164,-0.141,0.378,0.338,0.224,0.057,0.433,0.443,0.404,0.366,0.365,0.076,-0.115,0.59,-0.006,0.686,0.485,0.214,0.376,0.368,0.169,-0.227,0.154,0.404,0.348,0.255,0.363,0.359,0.072,0.445,0.281,0.047,0.349,0.324,0.318,-0.164,0.27,0.129,0.449,0.255,0.313,0.145,-0.145,-0.143,-0.219,-0.17,0.147,0.428,-0.247,0.41,-0.003,0.323,0.382,0.456,0.204,-0.024,0.546,0.245,0.156,-0.069,0.115,0.374,-0.427,0.342,-0.244,0.396,0.501,0.34,0.066,0.221,0.368,0.564,0.46,0.059,0.127,-0.212,0.228,0.569,0.197,0.269
AZN,0.125,-0.057,0.306,-0.171,0.224,0.335,0.239,-0.01,-0.126,0.403,0.33,-0.074,0.06,0.143,-0.11,0.3,0.102,0.054,-0.114,0.177,-0.208,0.337,1.0,0.133,0.086,0.067,-0.014,0.311,0.051,0.157,-0.058,-0.273,-0.018,-0.236,-0.038,0.074,0.015,-0.331,-0.214,0.431,-0.397,0.192,0.135,0.184,-0.049,-0.305,0.446,0.09,-0.172,0.312,0.092,0.223,0.1,0.164,0.257,0.314,0.255,-0.199,0.39,-0.099,-0.042,-0.118,0.349,0.201,0.117,-0.101,0.189,0.077,-0.054,0.029,-0.189,0.219,0.212,-0.054,-0.135,0.258,0.287,0.231,-0.085,-0.06,0.09,0.001,-0.088,-0.07,-0.087,0.177,-0.053,0.065,-0.191,0.015,0.039,0.036,-0.089,-0.055,0.281,0.066,-0.372,0.058,-0.298,0.384,-0.058,-0.173,0.073,0.458,-0.155,-0.426,-0.184,0.006,0.131,-0.125,-0.16,0.069,0.097,-0.265,-0.404,-0.408,-0.493,0.131,0.431,0.123,0.049,-0.023,0.08,-0.02,0.118,0.052,-0.085,-0.1,0.085,0.158,0.341,0.046,0.087,0.047,0.131,0.204,0.125,-0.303,0.02,-0.168,-0.344,-0.048,0.069,0.172,-0.12,-0.215,-0.177,0.107,0.068,0.268,0.294,-0.133,0.172,-0.035,-0.052,-0.397,-0.0,-0.43,0.066,0.065,-0.047,-0.17,0.108,0.033,-0.087,0.05,-0.138,-0.039,-0.081,0.052,0.156,-0.024,-0.213,0.596,0.039,-0.166,0.231,0.316,0.161,0.224,0.307,-0.133,-0.303,0.021,-0.058,-0.149,-0.02,-0.134,-0.22,0.319,0.068,0.012,0.091,0.009,-0.29,-0.488,0.278,-0.021,0.161,0.199
BCRX,0.335,0.364,-0.167,-0.506,-0.164,0.127,-0.452,-0.366,0.331,-0.42,0.441,0.324,-0.236,-0.075,-0.267,-0.159,0.16,-0.34,-0.103,0.204,0.486,-0.303,0.133,1.0,-0.573,0.004,-0.123,-0.374,0.082,0.156,-0.334,0.044,0.381,-0.565,-0.062,-0.038,0.337,0.204,0.188,-0.27,0.19,0.247,0.372,-0.007,-0.027,0.118,0.28,0.473,0.285,-0.055,0.492,0.292,0.205,0.08,0.404,-0.32,-0.464,0.218,-0.361,0.325,0.381,-0.433,-0.422,0.451,-0.295,-0.319,-0.01,-0.453,0.104,0.428,-0.411,-0.44,0.061,-0.319,-0.471,0.16,0.37,-0.662,0.26,0.281,-0.131,0.512,-0.516,-0.111,-0.083,0.582,0.232,0.482,0.169,0.561,-0.217,0.015,0.262,0.085,-0.387,0.643,-0.051,0.103,-0.46,0.231,0.148,0.579,-0.126,-0.225,0.279,0.22,-0.397,-0.679,0.003,0.474,0.266,0.171,0.314,0.291,0.26,-0.293,-0.046,0.55,-0.34,0.355,-0.017,0.625,-0.001,0.157,0.161,0.347,-0.529,-0.164,-0.066,-0.144,0.282,0.433,0.681,-0.373,0.717,-0.085,0.068,-0.599,-0.446,-0.541,-0.573,0.251,-0.073,-0.438,-0.353,-0.365,-0.42,-0.212,0.597,0.302,0.154,0.093,-0.246,-0.408,-0.599,0.006,0.153,-0.341,-0.296,-0.527,-0.229,-0.309,0.728,0.576,0.415,0.449,0.017,-0.477,0.492,-0.042,0.605,-0.333,-0.464,-0.397,0.219,0.188,-0.333,0.149,0.562,0.052,0.25,-0.524,0.338,0.089,0.379,-0.489,-0.184,-0.39,0.097,0.091,-0.048,-0.493,-0.555,0.424,-0.039,-0.208,0.535,-0.347,0.056,0.233
BGC,-0.398,-0.387,0.381,0.657,0.236,-0.0,0.449,0.542,-0.572,0.577,-0.362,-0.203,0.397,-0.086,0.532,0.267,0.037,0.542,0.23,0.061,-0.389,0.503,0.086,-0.573,1.0,0.106,0.223,0.67,0.141,0.063,0.393,0.011,-0.48,0.66,0.132,0.209,-0.075,-0.301,-0.128,0.289,-0.163,-0.264,-0.238,0.014,0.146,-0.366,-0.322,-0.413,-0.001,0.134,-0.497,-0.295,-0.366,0.213,-0.031,0.405,0.503,-0.464,0.477,-0.136,-0.509,0.682,0.324,-0.227,0.329,0.562,0.004,0.69,-0.008,-0.395,0.46,0.5,0.135,0.375,0.479,-0.144,-0.26,0.583,-0.44,-0.439,0.265,-0.361,0.715,0.134,0.126,-0.416,-0.185,-0.567,-0.042,-0.502,0.299,0.198,-0.205,-0.011,0.482,-0.404,-0.003,-0.189,0.487,0.001,-0.124,-0.48,0.309,0.245,-0.403,-0.396,0.416,0.644,0.251,-0.484,-0.243,0.069,-0.046,-0.535,-0.156,0.486,-0.059,-0.515,0.536,-0.177,0.178,-0.58,0.222,0.191,-0.057,-0.293,0.607,0.39,0.311,0.307,0.021,-0.335,-0.611,0.329,-0.317,0.236,0.171,0.634,0.203,0.544,0.613,-0.499,0.085,0.5,0.496,0.325,0.599,0.217,-0.468,-0.193,-0.22,-0.073,0.262,0.348,0.666,0.146,-0.103,0.233,0.521,0.47,0.311,0.025,-0.421,-0.604,-0.545,-0.635,0.068,0.622,-0.409,0.386,-0.577,0.319,0.65,0.496,-0.102,-0.25,0.441,0.063,-0.356,-0.251,-0.184,0.601,-0.534,0.038,-0.422,0.621,0.294,0.436,-0.102,-0.204,0.05,0.413,0.494,-0.533,0.135,-0.089,-0.327,0.622,0.06,-0.151
BIDU,-0.237,-0.365,0.789,0.358,0.636,-0.304,0.278,0.513,-0.503,0.153,-0.07,0.188,0.559,-0.506,0.628,0.603,0.445,0.438,0.638,0.627,-0.279,0.306,0.067,0.004,0.106,1.0,0.791,0.386,0.719,0.689,0.628,0.602,-0.517,0.371,0.72,0.575,0.576,-0.381,0.401,-0.035,0.28,-0.5,0.356,0.668,0.661,-0.538,-0.228,0.082,-0.026,0.486,-0.137,-0.513,-0.637,0.764,0.486,-0.346,0.31,-0.5,0.568,0.585,0.059,0.337,-0.112,0.466,0.103,0.55,-0.336,0.508,0.605,-0.27,0.477,0.512,0.555,0.74,0.415,-0.58,0.51,0.205,-0.123,-0.116,0.633,-0.05,0.481,0.74,-0.124,-0.037,0.686,-0.381,0.528,-0.29,0.748,0.83,-0.292,0.763,0.409,-0.411,0.404,-0.436,-0.02,-0.316,0.657,-0.169,0.585,0.351,-0.602,-0.459,0.374,0.09,0.47,-0.587,0.183,0.722,0.379,-0.43,0.34,0.236,0.363,0.369,0.464,0.471,0.786,0.082,0.732,0.611,0.458,-0.296,0.425,0.542,0.511,0.708,0.539,0.173,-0.098,0.173,-0.019,0.313,0.579,0.114,-0.184,0.591,0.055,-0.576,0.469,0.453,0.554,0.402,0.464,0.463,-0.051,0.306,0.182,0.613,0.67,-0.112,0.081,0.364,0.174,-0.326,0.582,0.419,0.627,-0.312,-0.145,-0.072,-0.529,-0.304,0.674,0.446,-0.503,0.743,0.058,0.492,0.393,-0.093,0.68,-0.422,0.65,-0.258,0.144,-0.581,-0.392,0.327,-0.465,0.56,-0.562,0.337,0.64,0.625,0.752,-0.34,0.09,-0.029,0.349,-0.144,-0.267,-0.289,0.227,0.574,0.693,0.392
BILI,-0.469,-0.405,0.644,0.489,0.569,-0.39,0.27,0.563,-0.548,0.176,-0.253,0.073,0.616,-0.443,0.719,0.624,0.272,0.524,0.611,0.434,-0.276,0.332,-0.014,-0.123,0.223,0.791,1.0,0.532,0.667,0.562,0.739,0.553,-0.536,0.482,0.714,0.509,0.587,-0.366,0.525,-0.096,0.331,-0.535,0.268,0.499,0.725,-0.467,-0.387,-0.034,-0.072,0.433,-0.218,-0.575,-0.675,0.719,0.455,-0.245,0.372,-0.468,0.522,0.633,-0.13,0.42,-0.142,0.387,0.139,0.652,-0.407,0.559,0.571,-0.28,0.51,0.497,0.451,0.717,0.55,-0.66,0.381,0.331,-0.152,-0.159,0.724,-0.191,0.598,0.713,-0.056,-0.18,0.662,-0.504,0.523,-0.46,0.816,0.737,-0.338,0.829,0.462,-0.456,0.54,-0.478,0.209,-0.378,0.672,-0.242,0.602,0.367,-0.62,-0.419,0.504,0.182,0.517,-0.584,0.195,0.626,0.37,-0.401,0.461,0.383,0.411,0.185,0.341,0.382,0.654,-0.085,0.636,0.514,0.343,-0.413,0.538,0.573,0.446,0.62,0.279,-0.033,-0.268,0.277,-0.179,0.345,0.458,0.27,0.048,0.742,0.182,-0.537,0.502,0.55,0.599,0.562,0.53,0.37,-0.146,0.17,0.065,0.638,0.688,0.046,0.29,0.412,0.054,-0.103,0.64,0.583,0.667,-0.246,-0.262,-0.242,-0.514,-0.425,0.713,0.555,-0.63,0.777,-0.128,0.608,0.478,-0.105,0.651,-0.392,0.685,-0.423,-0.032,-0.578,-0.523,0.434,-0.36,0.456,-0.546,0.531,0.631,0.681,0.657,-0.446,-0.02,0.051,0.408,-0.238,-0.217,-0.099,0.064,0.628,0.576,0.216
BKR,-0.499,-0.393,0.561,0.664,0.359,-0.158,0.625,0.678,-0.647,0.542,-0.236,0.09,0.623,-0.147,0.672,0.652,0.342,0.479,0.481,0.285,-0.585,0.651,0.311,-0.374,0.67,0.386,0.532,1.0,0.426,0.331,0.632,0.039,-0.476,0.541,0.485,0.545,0.335,-0.589,0.084,0.384,-0.042,-0.436,-0.078,0.36,0.465,-0.575,-0.267,-0.338,-0.101,0.488,-0.293,-0.308,-0.421,0.593,0.212,0.377,0.622,-0.559,0.624,0.248,-0.475,0.567,0.237,-0.067,0.378,0.723,-0.277,0.815,0.303,-0.437,0.479,0.618,0.482,0.494,0.664,-0.263,0.24,0.616,-0.239,-0.25,0.634,-0.254,0.749,0.349,-0.136,-0.302,0.131,-0.516,0.04,-0.537,0.574,0.368,-0.386,0.341,0.635,-0.526,0.17,-0.295,0.142,-0.293,0.145,-0.484,0.386,0.507,-0.682,-0.652,0.504,0.488,0.489,-0.652,-0.202,0.38,0.129,-0.697,-0.066,0.254,-0.088,-0.117,0.747,0.32,0.441,-0.431,0.357,0.373,0.294,-0.37,0.664,0.512,0.226,0.543,0.223,-0.38,-0.431,0.561,-0.341,0.611,0.413,0.408,0.266,0.557,0.288,-0.672,0.27,0.727,0.588,0.341,0.572,0.45,-0.218,0.203,0.145,0.178,0.544,0.286,0.515,0.013,0.066,0.098,0.661,0.551,0.439,-0.004,-0.424,-0.462,-0.602,-0.569,0.365,0.684,-0.685,0.606,-0.311,0.566,0.58,0.384,0.242,-0.351,0.609,-0.018,-0.157,-0.297,-0.286,0.604,-0.681,0.367,-0.592,0.676,0.504,0.502,0.135,-0.128,0.036,0.373,0.655,-0.303,-0.143,-0.233,0.002,0.783,0.427,0.22
BLDP,-0.386,-0.297,0.637,0.431,0.699,-0.412,0.327,0.502,-0.413,-0.064,-0.145,0.361,0.646,-0.46,0.677,0.568,0.393,0.42,0.664,0.769,-0.23,0.347,0.051,0.082,0.141,0.719,0.667,0.426,1.0,0.706,0.744,0.488,-0.417,0.379,0.778,0.531,0.723,-0.316,0.438,-0.076,0.313,-0.509,0.227,0.686,0.611,-0.542,-0.384,0.045,0.108,0.62,-0.023,-0.425,-0.723,0.698,0.673,-0.222,0.448,-0.441,0.575,0.52,-0.07,0.417,-0.232,0.565,0.189,0.642,-0.582,0.523,0.716,-0.083,0.52,0.475,0.738,0.665,0.563,-0.648,0.46,0.205,-0.025,0.005,0.816,0.124,0.477,0.561,-0.163,0.058,0.593,-0.235,0.533,-0.196,0.576,0.628,-0.27,0.627,0.514,-0.222,0.443,-0.556,0.029,-0.27,0.563,-0.107,0.69,0.442,-0.596,-0.438,0.335,0.138,0.454,-0.394,0.008,0.705,0.43,-0.443,0.386,0.321,0.185,0.422,0.249,0.46,0.686,0.016,0.556,0.616,0.611,-0.395,0.559,0.508,0.518,0.731,0.602,0.154,-0.061,0.384,0.059,0.398,0.693,0.148,-0.207,0.526,0.136,-0.59,0.591,0.5,0.612,0.58,0.514,0.481,0.099,0.504,0.342,0.532,0.557,-0.042,0.157,0.336,0.312,-0.23,0.705,0.353,0.708,-0.237,-0.027,-0.072,-0.339,-0.416,0.536,0.509,-0.425,0.774,0.14,0.591,0.458,-0.167,0.616,-0.304,0.742,-0.374,0.179,-0.687,-0.554,0.381,-0.375,0.753,-0.557,0.427,0.64,0.667,0.612,-0.196,-0.178,-0.082,0.359,-0.134,-0.247,-0.238,0.351,0.644,0.675,0.576
BLNK,-0.142,-0.264,0.598,0.274,0.633,-0.242,0.219,0.377,-0.449,0.124,-0.032,0.295,0.534,-0.32,0.487,0.587,0.382,0.349,0.662,0.67,-0.343,0.166,0.157,0.156,0.063,0.689,0.562,0.331,0.706,1.0,0.65,0.636,-0.271,0.278,0.653,0.546,0.699,-0.237,0.447,-0.129,0.233,-0.326,0.381,0.665,0.56,-0.466,-0.196,0.108,0.089,0.53,0.013,-0.383,-0.654,0.65,0.547,-0.266,0.448,-0.385,0.541,0.592,0.217,0.278,-0.147,0.631,0.13,0.407,-0.326,0.359,0.681,0.013,0.482,0.545,0.601,0.602,0.415,-0.555,0.503,0.215,0.067,0.083,0.704,0.133,0.347,0.673,-0.047,0.054,0.603,-0.24,0.643,-0.099,0.616,0.627,-0.31,0.69,0.394,-0.271,0.428,-0.482,-0.084,-0.247,0.589,0.01,0.553,0.394,-0.434,-0.375,0.442,0.064,0.561,-0.453,0.202,0.689,0.437,-0.402,0.317,0.196,0.286,0.522,0.37,0.514,0.713,0.139,0.626,0.591,0.683,-0.276,0.381,0.526,0.456,0.645,0.521,0.225,-0.038,0.206,0.103,0.223,0.584,0.02,-0.273,0.398,0.03,-0.545,0.435,0.382,0.477,0.381,0.393,0.548,0.103,0.427,0.272,0.56,0.594,-0.041,0.043,0.407,0.457,-0.407,0.627,0.36,0.613,-0.198,-0.007,0.089,-0.239,-0.306,0.595,0.397,-0.412,0.601,0.176,0.444,0.321,-0.045,0.626,-0.193,0.593,-0.182,0.332,-0.577,-0.348,0.279,-0.446,0.657,-0.36,0.308,0.627,0.467,0.705,-0.105,-0.065,0.022,0.22,-0.041,-0.315,-0.405,0.288,0.448,0.701,0.521
BYND,-0.578,-0.513,0.608,0.665,0.677,-0.437,0.424,0.626,-0.669,0.208,-0.371,0.111,0.698,-0.395,0.747,0.638,0.306,0.556,0.723,0.496,-0.477,0.37,-0.058,-0.334,0.393,0.628,0.739,0.632,0.744,0.65,1.0,0.517,-0.46,0.662,0.717,0.463,0.588,-0.391,0.49,-0.018,0.259,-0.597,0.058,0.55,0.675,-0.577,-0.506,-0.253,-0.04,0.503,-0.331,-0.663,-0.788,0.662,0.387,-0.094,0.652,-0.566,0.628,0.497,-0.22,0.599,-0.029,0.328,0.206,0.699,-0.516,0.639,0.673,-0.385,0.694,0.62,0.507,0.714,0.746,-0.679,0.262,0.52,-0.055,-0.071,0.891,-0.205,0.669,0.649,-0.094,-0.335,0.514,-0.584,0.436,-0.438,0.744,0.605,-0.428,0.676,0.572,-0.581,0.57,-0.541,0.287,-0.457,0.514,-0.335,0.699,0.444,-0.725,-0.5,0.659,0.479,0.603,-0.683,-0.037,0.615,0.247,-0.614,0.356,0.497,0.229,0.147,0.456,0.34,0.742,-0.264,0.531,0.528,0.469,-0.535,0.736,0.606,0.468,0.663,0.252,-0.102,-0.447,0.394,-0.293,0.3,0.49,0.445,0.001,0.721,0.445,-0.727,0.551,0.652,0.767,0.708,0.693,0.49,-0.3,0.204,0.111,0.523,0.678,0.224,0.429,0.404,0.19,-0.055,0.772,0.65,0.783,-0.159,-0.41,-0.363,-0.487,-0.656,0.65,0.715,-0.678,0.694,-0.25,0.671,0.669,0.011,0.525,-0.307,0.744,-0.415,-0.186,-0.634,-0.646,0.561,-0.572,0.581,-0.568,0.694,0.646,0.748,0.609,-0.287,-0.182,0.251,0.591,-0.349,-0.205,-0.182,-0.074,0.703,0.611,0.32
