,AAL,AAPL,ABUS,ADBE,ADI,ADMA,AEP,AGNC,AKBA,ALT,AMAT,AMD,AMGN,AMZN,APA,APPS,ARCC,ARDX,ATER,ATOS,AUPH,AVGO,AZN,BCRX,BGC,BIDU,BILI,BKR,BLDP,BLNK,BYND,CAN,CELH,CG,CGC,CHRD,CLNE,CMCSA,COMM,COST,CPB,CPRT,CRON,CRWD,CSCO,CSGP,CSX,CTSH,CZR,DBX,DDOG,DKNG,DLTR,DOCU,DVAX,DXCM,EA,EBAY,ENPH,ERIC,ESPR,ETSY,EXC,EXEL,EXPE,FANG,FAST,FITB,FLEX,FOLD,FOXA,FSLR,FTNT,FUTU,GEN,GERN,GEVO,GILD,GOOG,GOOGL,GPRO,GT,HBAN,HIVE,HON,HST,HUT,IBRX,INTC,IOVA,IQ,IRWD,JBLU,JD,KDP,KHC,LBTYK,LRCX,LYFT,MAR,MARA,MAT,MCHP,MCRB,MDLZ,META,MGNI,MLCO,MNKD,MNST,MOMO,MRNA,MRVL,MSFT,MSTR,MTCH,MU,MVIS,NDAQ,NFLX,NKTR,NNDM,NTES,NTNX,NVAX,NVDA,NWL,NWSA,NXPI,OCGN,OKTA,ON,OPK,PAA,PACB,PAGP,PANW,PARA,PCAR,PDD,PENN,PEP,PLUG,PTEN,PTON,PYPL,QCOM,QUBT,QVCGA,RDFN,REAL,RIOT,ROKU,ROST,RUN,SABR,SAVA,SBUX,SFIX,SGMO,SIRI,SLM,SMCI,SNDL,SONO,STNE,STX,TCOM,TGTX,TIGR,TLRY,TMUS,TRIP,TSCO,TSLA,TTD,TXN,UAL,UNIT,VERU,VKTX,VLY,VOD,VTRS,VXRT,WBA,WBD,WDAY,WDC,WEN,WW,WYNN,XEL,XP,XRAY,XRX,Z,ZION,ZM,ZS
AAL,1.0,-0.402,-0.394,-0.355,-0.081,0.631,-0.038,0.927,0.719,0.486,-0.278,-0.601,-0.179,-0.425,0.837,-0.064,0.795,-0.376,0.788,0.508,-0.345,-0.279,-0.42,0.6,0.051,-0.13,-0.546,0.89,0.767,0.7,0.748,-0.321,0.112,0.823,0.819,0.786,0.705,0.31,0.862,-0.41,-0.633,0.089,0.485,-0.517,-0.363,0.776,0.782,0.845,0.932,-0.072,0.74,0.773,0.615,0.582,0.666,-0.049,-0.291,0.62,0.743,0.65,0.741,0.526,0.151,-0.599,0.872,0.886,0.49,0.919,0.878,0.634,0.665,0.178,-0.376,0.223,0.826,0.731,0.607,0.14,-0.506,-0.498,0.822,0.903,0.943,-0.438,0.849,0.897,-0.426,0.485,-0.656,0.597,0.6,0.715,0.913,0.712,-0.228,0.308,0.603,-0.481,0.037,0.86,-0.494,0.733,0.52,-0.379,-0.442,-0.567,0.665,0.722,0.887,-0.172,0.534,-0.539,0.411,-0.54,-0.227,0.216,-0.341,0.453,0.747,-0.07,0.681,0.833,-0.519,0.539,0.779,-0.535,0.769,0.607,0.323,0.466,0.083,0.018,-0.696,0.919,0.193,0.905,-0.232,0.48,0.837,0.556,0.802,-0.456,0.823,0.857,0.814,0.61,0.01,0.699,0.767,-0.423,0.786,-0.517,0.09,0.789,0.901,0.899,0.282,0.812,-0.372,0.684,0.633,0.877,-0.262,0.625,0.665,-0.087,0.522,0.323,0.756,0.804,0.418,-0.071,0.913,-0.197,-0.014,-0.261,-0.405,0.961,0.866,0.615,0.078,0.852,0.67,0.823,0.541,0.683,0.677,-0.195,0.835,0.653,0.316,0.75,-0.35,0.495,0.573,0.902,0.047,0.895,0.122,0.45
AAPL,-0.402,1.0,0.699,0.892,0.667,-0.163,0.166,-0.354,-0.571,-0.631,0.627,0.796,0.443,0.87,-0.203,0.634,-0.226,0.709,-0.531,-0.129,0.304,0.804,0.738,-0.21,0.405,0.553,0.647,-0.381,-0.087,-0.41,-0.421,0.436,0.253,-0.262,-0.51,-0.21,-0.433,0.301,-0.429,0.711,0.659,0.565,-0.514,0.643,0.825,-0.321,-0.403,-0.29,-0.339,0.68,-0.275,-0.29,-0.299,-0.037,-0.102,0.237,0.75,0.025,-0.271,-0.165,-0.613,-0.173,0.085,0.666,-0.387,-0.302,0.258,-0.325,-0.196,-0.572,-0.124,0.43,0.735,-0.067,-0.258,-0.507,-0.355,0.335,0.884,0.875,-0.451,-0.387,-0.341,0.745,-0.343,-0.401,0.621,-0.018,0.644,-0.588,-0.359,-0.31,-0.41,-0.4,0.561,0.164,-0.107,0.612,0.276,-0.224,0.761,-0.216,-0.131,0.525,0.813,0.873,-0.147,-0.357,-0.484,0.728,-0.173,0.731,0.053,0.87,0.623,0.235,0.631,-0.181,-0.068,0.409,-0.636,-0.491,0.486,-0.296,-0.339,0.861,-0.409,0.004,0.161,-0.204,0.306,0.048,0.405,-0.387,0.366,-0.428,0.669,0.16,-0.24,-0.546,-0.121,0.808,-0.495,-0.382,-0.481,0.075,0.584,-0.317,-0.561,0.664,-0.507,0.82,0.231,-0.377,-0.436,-0.441,-0.263,-0.179,0.363,-0.615,-0.275,-0.45,0.57,-0.365,-0.175,0.598,-0.049,-0.021,-0.155,-0.445,0.149,0.631,-0.363,0.293,0.409,0.667,0.816,-0.505,-0.518,-0.636,-0.07,-0.379,-0.641,-0.412,-0.427,-0.315,0.032,0.534,-0.26,-0.135,-0.117,-0.302,0.495,-0.041,0.002,-0.385,0.58,-0.377,0.22,-0.281
ABUS,-0.394,0.699,1.0,0.598,0.443,-0.108,0.425,-0.291,-0.498,-0.465,0.486,0.562,0.452,0.706,-0.327,0.502,-0.166,0.668,-0.35,-0.302,0.381,0.585,0.592,-0.054,0.396,0.282,0.498,-0.433,-0.291,-0.398,-0.239,0.54,0.005,-0.272,-0.478,-0.224,-0.239,0.202,-0.413,0.574,0.747,0.406,-0.421,0.548,0.624,-0.269,-0.351,-0.341,-0.319,0.41,-0.239,-0.245,-0.206,0.008,-0.095,0.211,0.541,-0.172,-0.314,-0.213,-0.545,-0.282,0.329,0.605,-0.399,-0.372,0.167,-0.372,-0.352,-0.426,-0.256,0.22,0.643,-0.147,-0.29,-0.27,-0.157,0.394,0.638,0.596,-0.339,-0.373,-0.366,0.676,-0.285,-0.313,0.583,-0.105,0.614,-0.292,-0.444,-0.302,-0.396,-0.389,0.541,0.262,-0.224,0.413,0.106,-0.39,0.664,-0.289,-0.141,0.505,0.67,0.714,-0.219,-0.4,-0.403,0.526,-0.238,0.813,-0.128,0.681,0.568,0.025,0.322,-0.145,-0.156,0.208,-0.549,-0.413,0.307,-0.338,-0.264,0.605,-0.354,-0.079,0.009,-0.129,0.218,0.035,0.551,-0.403,0.268,-0.472,0.422,0.015,-0.299,-0.395,-0.303,0.711,-0.425,-0.394,-0.393,-0.046,0.275,-0.385,-0.501,0.708,-0.371,0.636,0.154,-0.434,-0.355,-0.37,-0.062,-0.226,0.336,-0.471,-0.302,-0.386,0.223,-0.457,-0.225,0.603,-0.228,-0.058,-0.086,-0.412,-0.095,0.655,-0.379,0.377,0.283,0.52,0.64,-0.458,-0.403,-0.506,0.084,-0.237,-0.542,-0.436,-0.332,-0.219,-0.132,0.444,-0.351,-0.197,-0.041,-0.343,0.666,-0.046,0.045,-0.39,0.415,-0.363,0.303,-0.328
ADBE,-0.355,0.892,0.598,1.0,0.661,-0.054,0.075,-0.304,-0.47,-0.667,0.58,0.82,0.491,0.879,-0.102,0.683,-0.173,0.605,-0.477,-0.05,0.365,0.718,0.767,-0.142,0.428,0.753,0.71,-0.266,-0.086,-0.291,-0.487,0.331,0.367,-0.178,-0.436,-0.197,-0.414,0.425,-0.364,0.706,0.611,0.671,-0.41,0.611,0.867,-0.217,-0.362,-0.148,-0.298,0.746,-0.171,-0.273,-0.238,0.031,-0.015,0.346,0.827,0.173,-0.339,-0.093,-0.511,-0.038,0.001,0.72,-0.3,-0.2,0.315,-0.216,-0.075,-0.442,0.004,0.364,0.788,0.024,-0.114,-0.526,-0.388,0.369,0.913,0.922,-0.43,-0.302,-0.248,0.68,-0.302,-0.316,0.526,0.143,0.675,-0.56,-0.334,-0.191,-0.358,-0.26,0.601,0.257,0.065,0.632,0.407,-0.22,0.676,-0.044,-0.193,0.447,0.828,0.815,0.021,-0.212,-0.4,0.754,-0.027,0.587,0.18,0.878,0.657,0.323,0.699,-0.112,0.048,0.52,-0.628,-0.406,0.582,-0.223,-0.315,0.872,-0.335,0.132,0.178,-0.154,0.342,0.011,0.391,-0.29,0.425,-0.345,0.746,0.309,-0.231,-0.608,0.0,0.803,-0.454,-0.334,-0.43,0.081,0.74,-0.28,-0.505,0.549,-0.478,0.774,0.261,-0.299,-0.414,-0.384,-0.319,-0.09,0.272,-0.611,-0.125,-0.409,0.664,-0.209,-0.151,0.522,0.105,-0.082,-0.134,-0.361,0.35,0.641,-0.28,0.304,0.512,0.759,0.809,-0.466,-0.445,-0.584,0.001,-0.309,-0.665,-0.398,-0.33,-0.236,0.154,0.639,-0.206,0.034,-0.15,-0.172,0.435,0.104,-0.109,-0.329,0.621,-0.303,0.227,-0.161
ADI,-0.081,0.667,0.443,0.661,1.0,0.059,0.059,-0.028,-0.142,-0.402,0.751,0.541,0.245,0.672,0.086,0.489,0.004,0.43,-0.138,0.093,0.076,0.777,0.399,-0.098,0.508,0.516,0.366,0.018,0.197,-0.074,-0.184,0.384,0.241,0.045,-0.189,0.083,-0.103,0.443,-0.075,0.507,0.296,0.523,-0.199,0.562,0.653,0.041,-0.148,-0.01,-0.039,0.603,0.038,-0.037,-0.067,0.196,0.19,0.291,0.494,0.293,0.045,0.017,-0.315,0.152,0.083,0.391,0.047,0.032,0.469,-0.007,0.132,-0.178,0.28,0.362,0.592,0.14,0.088,-0.116,-0.004,0.228,0.713,0.673,-0.089,-0.054,-0.019,0.611,0.002,-0.038,0.58,0.128,0.423,-0.261,0.019,-0.076,-0.136,-0.06,0.307,0.046,0.194,0.747,0.515,0.112,0.617,0.044,0.414,0.448,0.461,0.578,0.2,-0.05,-0.09,0.545,-0.0,0.505,0.261,0.62,0.676,0.265,0.597,-0.003,0.264,0.271,-0.302,-0.194,0.306,-0.007,-0.08,0.657,-0.086,0.174,0.729,0.191,0.425,0.442,0.177,-0.045,0.368,-0.136,0.543,0.336,-0.025,-0.234,0.158,0.429,-0.066,-0.079,-0.225,0.347,0.657,0.041,-0.206,0.429,-0.239,0.655,0.476,-0.033,-0.118,-0.082,-0.028,0.18,0.419,-0.307,0.0,-0.038,0.55,-0.052,0.232,0.423,0.399,0.24,0.106,-0.086,0.4,0.516,0.051,0.304,0.43,0.671,0.809,-0.169,-0.141,-0.358,-0.083,-0.009,-0.306,-0.187,-0.114,-0.01,0.39,0.566,0.065,0.175,0.013,0.045,0.29,0.175,0.07,-0.016,0.529,-0.059,0.274,-0.086
ADMA,0.631,-0.163,-0.108,-0.054,0.059,1.0,-0.076,0.656,0.499,0.189,-0.16,-0.39,0.346,-0.227,0.793,0.344,0.714,-0.139,0.614,0.469,0.098,-0.13,-0.068,0.804,-0.038,0.254,-0.223,0.685,0.635,0.599,0.638,-0.285,0.448,0.634,0.51,0.651,0.505,0.45,0.679,0.018,-0.266,0.374,0.492,-0.349,-0.039,0.771,0.601,0.688,0.705,0.261,0.55,0.413,0.542,0.531,0.769,0.18,0.193,0.666,0.536,0.646,0.533,0.425,0.064,-0.218,0.603,0.701,0.505,0.675,0.629,0.61,0.711,0.26,0.076,0.573,0.777,0.59,0.377,0.51,-0.173,-0.216,0.55,0.676,0.734,-0.166,0.606,0.617,-0.278,0.628,-0.367,0.454,0.392,0.792,0.622,0.662,0.01,0.537,0.578,-0.29,0.137,0.524,-0.335,0.625,0.128,-0.278,-0.049,-0.287,0.687,0.702,0.683,0.129,0.468,-0.349,0.561,-0.221,0.036,0.503,0.048,0.577,0.754,0.42,0.454,0.607,-0.09,0.512,0.685,-0.178,0.787,0.693,0.208,0.423,0.076,-0.254,-0.548,0.672,0.542,0.566,0.002,0.669,0.663,0.282,0.647,-0.138,0.551,0.69,0.585,0.445,0.333,0.406,0.637,-0.252,0.553,-0.2,0.139,0.592,0.662,0.609,0.007,0.639,-0.334,0.517,0.671,0.602,0.081,0.551,0.578,-0.138,0.641,0.289,0.686,0.68,0.491,-0.024,0.665,-0.319,0.23,0.11,-0.039,0.529,0.66,0.499,0.142,0.606,0.329,0.67,0.513,0.709,0.584,0.148,0.675,0.775,0.108,0.553,-0.204,0.283,0.545,0.674,0.36,0.656,0.148,0.632
AEP,-0.038,0.166,0.425,0.075,0.059,-0.076,1.0,0.017,-0.211,0.331,0.405,0.168,0.169,0.285,-0.174,-0.058,-0.044,0.265,0.003,-0.43,0.068,0.272,-0.046,-0.04,0.438,-0.186,-0.094,-0.049,-0.187,-0.059,0.218,0.42,-0.423,-0.132,0.005,0.017,0.18,0.083,0.028,0.136,0.324,-0.119,-0.143,0.084,0.335,0.012,0.095,-0.165,0.025,-0.213,-0.116,0.037,0.156,-0.042,-0.05,-0.092,-0.007,-0.181,-0.037,-0.226,-0.09,-0.368,0.913,0.06,-0.084,-0.113,0.24,-0.099,-0.205,-0.133,-0.177,-0.079,0.107,-0.439,-0.108,0.295,0.31,0.296,0.14,0.113,0.059,-0.078,-0.086,0.118,0.053,0.116,0.185,-0.25,0.359,0.133,-0.172,-0.188,-0.059,-0.254,0.603,0.25,-0.059,0.078,-0.152,-0.068,0.248,-0.158,0.18,0.152,0.204,0.263,-0.261,-0.199,-0.051,0.344,-0.313,0.457,-0.37,0.291,0.153,-0.403,-0.213,0.209,-0.021,-0.139,0.087,-0.136,-0.231,-0.168,0.003,0.095,-0.061,-0.103,0.001,0.28,0.127,0.066,0.268,-0.006,-0.145,-0.143,-0.264,-0.183,-0.01,0.222,-0.178,0.288,-0.088,0.066,-0.013,0.169,-0.134,-0.26,-0.04,0.381,0.049,0.1,0.009,-0.091,-0.011,-0.06,0.476,0.084,0.237,-0.032,-0.187,0.048,-0.384,-0.25,0.032,0.381,-0.198,-0.065,0.028,-0.18,-0.215,0.416,-0.119,0.591,-0.267,-0.105,0.156,-0.083,0.008,-0.108,0.201,0.081,-0.118,-0.085,-0.101,0.096,-0.135,0.18,-0.13,-0.084,0.09,-0.136,0.846,0.081,0.138,-0.023,-0.185,-0.065,0.228,-0.407
AGNC,0.927,-0.354,-0.291,-0.304,-0.028,0.656,0.017,1.0,0.692,0.456,-0.216,-0.544,-0.153,-0.338,0.801,0.031,0.845,-0.311,0.807,0.536,-0.209,-0.231,-0.352,0.65,0.152,-0.097,-0.471,0.864,0.753,0.719,0.733,-0.274,0.165,0.857,0.823,0.731,0.697,0.308,0.832,-0.333,-0.56,0.121,0.533,-0.394,-0.348,0.778,0.734,0.839,0.888,-0.046,0.795,0.766,0.585,0.683,0.663,0.013,-0.201,0.564,0.693,0.67,0.709,0.557,0.182,-0.556,0.856,0.824,0.491,0.909,0.858,0.618,0.662,0.19,-0.281,0.345,0.788,0.721,0.587,0.204,-0.458,-0.427,0.818,0.899,0.915,-0.385,0.769,0.878,-0.378,0.482,-0.604,0.637,0.582,0.648,0.897,0.748,-0.174,0.33,0.584,-0.42,0.07,0.82,-0.436,0.733,0.48,-0.324,-0.391,-0.512,0.64,0.694,0.82,-0.116,0.522,-0.457,0.44,-0.479,-0.177,0.263,-0.294,0.528,0.753,0.043,0.645,0.8,-0.44,0.506,0.736,-0.488,0.74,0.647,0.374,0.46,0.177,0.076,-0.613,0.865,0.304,0.882,-0.19,0.512,0.799,0.54,0.778,-0.416,0.792,0.799,0.763,0.614,0.045,0.677,0.699,-0.264,0.764,-0.486,0.221,0.781,0.887,0.878,0.317,0.819,-0.314,0.642,0.649,0.879,-0.187,0.643,0.657,-0.007,0.502,0.313,0.793,0.84,0.438,0.016,0.893,-0.166,0.101,-0.131,-0.361,0.862,0.788,0.559,0.132,0.865,0.613,0.752,0.571,0.693,0.644,-0.097,0.81,0.628,0.277,0.759,-0.278,0.515,0.628,0.893,0.163,0.908,0.26,0.461
AKBA,0.719,-0.571,-0.498,-0.47,-0.142,0.499,-0.211,0.692,1.0,0.467,-0.346,-0.671,-0.266,-0.551,0.602,-0.244,0.676,-0.418,0.819,0.48,-0.345,-0.323,-0.614,0.578,-0.035,-0.161,-0.458,0.671,0.555,0.708,0.604,-0.338,0.174,0.753,0.712,0.606,0.635,0.211,0.711,-0.395,-0.6,-0.101,0.706,-0.298,-0.516,0.667,0.606,0.709,0.749,-0.161,0.709,0.653,0.522,0.568,0.611,0.082,-0.419,0.485,0.584,0.479,0.636,0.712,-0.008,-0.633,0.732,0.656,0.303,0.701,0.644,0.658,0.611,0.087,-0.415,0.297,0.727,0.67,0.58,0.028,-0.574,-0.592,0.786,0.738,0.711,-0.491,0.697,0.726,-0.425,0.351,-0.705,0.581,0.691,0.587,0.755,0.884,-0.398,0.149,0.534,-0.44,0.162,0.66,-0.603,0.542,0.393,-0.292,-0.666,-0.645,0.709,0.748,0.849,-0.275,0.347,-0.554,0.385,-0.679,-0.292,0.226,-0.402,0.337,0.607,-0.129,0.606,0.79,-0.361,0.656,0.659,-0.592,0.682,0.485,0.262,0.519,0.165,0.062,-0.571,0.667,0.162,0.619,-0.237,0.364,0.647,0.546,0.603,-0.637,0.726,0.708,0.715,0.481,-0.024,0.745,0.707,-0.477,0.792,-0.622,0.132,0.677,0.691,0.791,0.436,0.685,-0.251,0.673,0.643,0.739,-0.308,0.771,0.656,-0.267,0.453,0.46,0.644,0.705,0.373,-0.221,0.724,-0.22,0.105,-0.118,-0.503,0.729,0.791,0.632,-0.028,0.746,0.737,0.717,0.666,0.596,0.579,-0.181,0.649,0.583,0.326,0.708,-0.469,0.395,0.493,0.688,0.016,0.716,0.205,0.561
ALT,0.486,-0.631,-0.465,-0.667,-0.402,0.189,0.331,0.456,0.467,1.0,-0.14,-0.559,-0.409,-0.567,0.303,-0.493,0.362,-0.474,0.564,0.09,-0.438,-0.432,-0.751,0.184,-0.06,-0.561,-0.692,0.46,0.268,0.433,0.581,-0.109,-0.347,0.31,0.673,0.317,0.558,-0.152,0.531,-0.561,-0.613,-0.548,0.434,-0.508,-0.504,0.397,0.546,0.319,0.489,-0.619,0.333,0.416,0.414,0.2,0.179,-0.239,-0.62,0.074,0.459,0.061,0.557,0.088,0.429,-0.632,0.414,0.347,0.053,0.409,0.238,0.451,0.211,-0.33,-0.682,-0.126,0.339,0.734,0.609,-0.2,-0.659,-0.643,0.578,0.487,0.42,-0.491,0.432,0.628,-0.336,0.056,-0.493,0.574,0.312,0.283,0.5,0.329,-0.173,-0.06,0.25,-0.481,-0.25,0.452,-0.449,0.165,0.339,-0.357,-0.647,-0.614,0.111,0.357,0.494,-0.42,0.055,-0.406,-0.121,-0.588,-0.377,-0.273,-0.679,0.319,0.227,-0.446,0.774,0.483,-0.683,0.309,0.395,-0.631,0.42,0.065,0.012,0.467,-0.076,-0.034,-0.438,0.446,-0.313,0.391,-0.593,-0.126,0.372,0.749,0.182,-0.681,0.539,0.573,0.628,0.193,-0.487,0.334,0.602,-0.372,0.553,-0.586,-0.065,0.451,0.58,0.5,0.589,0.369,-0.226,0.629,0.194,0.549,-0.561,0.409,0.376,-0.342,-0.006,0.11,0.351,0.418,-0.029,-0.339,0.44,-0.013,-0.405,-0.635,-0.62,0.514,0.581,0.579,0.061,0.469,0.545,0.483,0.354,0.399,0.119,-0.342,0.362,0.178,0.167,0.296,-0.071,0.126,0.264,0.461,-0.491,0.49,-0.038,0.141
AMAT,-0.278,0.627,0.486,0.58,0.751,-0.16,0.405,-0.216,-0.346,-0.14,1.0,0.636,0.204,0.738,-0.193,0.339,-0.122,0.349,-0.224,-0.095,-0.025,0.711,0.349,-0.287,0.618,0.341,0.394,-0.221,-0.111,-0.233,-0.297,0.694,0.022,-0.124,-0.247,-0.244,-0.086,0.31,-0.202,0.519,0.343,0.271,-0.268,0.568,0.684,-0.179,-0.181,-0.225,-0.212,0.433,-0.115,-0.221,-0.18,0.051,-0.04,0.331,0.418,0.061,-0.234,-0.301,-0.475,-0.088,0.369,0.467,-0.171,-0.234,0.329,-0.189,-0.186,-0.252,0.026,0.007,0.422,-0.108,-0.126,-0.104,0.08,0.018,0.71,0.681,-0.144,-0.268,-0.215,0.672,-0.233,-0.141,0.72,-0.053,0.593,-0.299,-0.222,-0.24,-0.278,-0.316,0.437,-0.108,0.086,0.785,0.445,-0.087,0.753,-0.233,0.222,0.405,0.453,0.638,-0.033,-0.271,-0.282,0.547,-0.284,0.692,0.093,0.705,0.691,0.078,0.41,-0.026,0.054,0.123,-0.297,-0.331,0.288,-0.086,-0.276,0.658,-0.235,-0.029,0.557,0.248,0.346,0.255,0.324,-0.264,0.122,-0.351,0.449,0.078,-0.261,-0.166,-0.049,0.466,-0.227,-0.231,-0.346,0.104,0.492,-0.192,-0.318,0.63,-0.381,0.669,0.407,-0.176,-0.269,-0.247,0.191,-0.031,0.479,-0.299,-0.237,-0.18,0.327,-0.19,0.116,0.34,0.077,0.128,-0.095,-0.256,0.248,0.495,-0.17,0.527,0.291,0.476,0.728,-0.349,-0.265,-0.331,-0.105,-0.116,-0.416,-0.309,-0.291,-0.155,0.163,0.552,-0.137,-0.01,-0.145,-0.125,0.624,-0.012,-0.096,-0.197,0.347,-0.201,0.266,-0.235
AMD,-0.601,0.796,0.562,0.82,0.541,-0.39,0.168,-0.544,-0.671,-0.559,0.636,1.0,0.255,0.857,-0.462,0.431,-0.494,0.459,-0.689,-0.307,0.28,0.623,0.629,-0.527,0.346,0.475,0.597,-0.574,-0.378,-0.598,-0.678,0.481,-0.015,-0.51,-0.558,-0.537,-0.629,0.073,-0.63,0.563,0.67,0.331,-0.536,0.677,0.735,-0.579,-0.54,-0.518,-0.593,0.494,-0.458,-0.518,-0.529,-0.251,-0.396,0.139,0.624,-0.202,-0.521,-0.487,-0.657,-0.299,0.015,0.696,-0.605,-0.543,-0.064,-0.529,-0.413,-0.692,-0.335,0.033,0.633,-0.18,-0.466,-0.616,-0.452,0.052,0.878,0.913,-0.6,-0.581,-0.562,0.696,-0.622,-0.535,0.651,-0.176,0.755,-0.694,-0.588,-0.498,-0.628,-0.544,0.501,-0.101,-0.234,0.701,0.255,-0.445,0.776,-0.421,-0.213,0.579,0.707,0.842,-0.361,-0.585,-0.682,0.531,-0.283,0.659,-0.181,0.912,0.562,0.102,0.519,-0.31,-0.335,0.297,-0.674,-0.672,0.481,-0.463,-0.68,0.92,-0.652,-0.238,0.09,-0.241,0.122,0.058,0.611,-0.595,0.103,-0.615,0.532,-0.111,-0.585,-0.523,-0.379,0.714,-0.672,-0.603,-0.652,-0.166,0.479,-0.514,-0.67,0.601,-0.65,0.803,0.123,-0.534,-0.649,-0.655,-0.2,-0.421,0.459,-0.773,-0.454,-0.624,0.599,-0.479,-0.436,0.456,-0.222,-0.237,-0.447,-0.629,0.039,0.51,-0.575,0.391,0.245,0.592,0.74,-0.676,-0.687,-0.715,-0.128,-0.549,-0.753,-0.659,-0.557,-0.539,-0.219,0.414,-0.539,-0.341,-0.18,-0.541,0.528,-0.134,-0.445,-0.616,0.321,-0.572,0.058,-0.489
AMGN,-0.179,0.443,0.452,0.491,0.245,0.346,0.169,-0.153,-0.266,-0.409,0.204,0.255,1.0,0.415,0.162,0.681,0.074,0.251,-0.195,-0.1,0.41,0.216,0.621,0.423,0.176,0.61,0.475,-0.051,-0.052,-0.049,-0.069,0.248,0.318,-0.074,-0.308,-0.008,-0.068,0.599,-0.047,0.358,0.5,0.592,-0.044,0.133,0.584,0.126,0.02,0.031,-0.058,0.579,-0.055,-0.227,0.252,-0.073,0.321,0.277,0.664,0.307,-0.171,0.173,-0.201,0.033,0.135,0.537,-0.122,-0.018,0.34,-0.033,-0.029,0.006,0.135,0.076,0.594,0.262,0.12,-0.163,-0.041,0.732,0.456,0.405,-0.174,-0.088,-0.002,0.474,-0.033,-0.096,0.33,0.36,0.453,-0.099,-0.196,0.26,-0.105,-0.012,0.429,0.685,0.262,0.173,0.109,-0.188,0.38,0.142,-0.403,0.023,0.71,0.417,0.168,0.063,-0.108,0.412,0.202,0.37,0.203,0.498,0.528,0.425,0.507,0.381,0.213,0.602,-0.262,-0.175,0.53,0.107,0.1,0.446,0.082,0.365,-0.081,0.062,-0.12,-0.498,0.192,-0.041,0.572,-0.131,0.402,0.414,-0.042,-0.327,0.08,0.665,-0.261,-0.047,-0.217,-0.069,0.55,-0.355,-0.111,0.367,-0.226,0.483,0.105,-0.081,-0.152,-0.124,-0.286,0.072,-0.023,-0.186,0.25,-0.189,0.244,-0.053,-0.054,0.072,0.247,0.153,-0.085,-0.059,0.219,0.33,-0.065,0.092,0.41,0.356,0.512,-0.27,-0.024,-0.197,0.28,0.013,-0.284,-0.023,-0.0,0.28,0.112,0.571,-0.009,0.326,-0.444,-0.046,0.435,-0.185,0.188,-0.087,0.558,-0.102,0.281,0.137
AMZN,-0.425,0.87,0.706,0.879,0.672,-0.227,0.285,-0.338,-0.551,-0.567,0.738,0.857,0.415,1.0,-0.287,0.577,-0.217,0.564,-0.454,-0.179,0.232,0.73,0.681,-0.259,0.635,0.57,0.654,-0.388,-0.224,-0.36,-0.468,0.61,0.145,-0.229,-0.417,-0.348,-0.32,0.368,-0.421,0.653,0.643,0.48,-0.392,0.697,0.818,-0.306,-0.374,-0.289,-0.357,0.623,-0.174,-0.293,-0.283,0.005,-0.131,0.349,0.693,0.006,-0.379,-0.268,-0.582,-0.112,0.183,0.739,-0.376,-0.348,0.22,-0.306,-0.242,-0.46,-0.12,0.162,0.694,-0.127,-0.245,-0.436,-0.187,0.239,0.91,0.909,-0.357,-0.383,-0.351,0.783,-0.402,-0.337,0.691,0.007,0.775,-0.473,-0.401,-0.332,-0.404,-0.395,0.582,0.117,-0.024,0.723,0.372,-0.275,0.832,-0.206,-0.093,0.546,0.756,0.875,-0.12,-0.391,-0.478,0.652,-0.205,0.775,0.052,0.931,0.724,0.169,0.555,-0.061,-0.049,0.361,-0.585,-0.501,0.483,-0.255,-0.416,0.848,-0.397,-0.012,0.24,-0.005,0.313,0.07,0.526,-0.394,0.331,-0.447,0.647,0.123,-0.357,-0.434,-0.114,0.783,-0.477,-0.434,-0.495,0.056,0.62,-0.367,-0.531,0.791,-0.503,0.789,0.394,-0.357,-0.445,-0.417,-0.101,-0.146,0.465,-0.578,-0.262,-0.381,0.494,-0.32,-0.146,0.576,-0.059,0.022,-0.222,-0.431,0.262,0.655,-0.35,0.53,0.458,0.694,0.812,-0.525,-0.489,-0.584,-0.072,-0.279,-0.651,-0.463,-0.372,-0.289,0.054,0.638,-0.291,-0.101,-0.202,-0.27,0.642,-0.005,-0.151,-0.368,0.542,-0.343,0.391,-0.294
APA,0.837,-0.203,-0.327,-0.102,0.086,0.793,-0.174,0.801,0.602,0.303,-0.193,-0.462,0.162,-0.287,1.0,0.273,0.785,-0.269,0.661,0.569,-0.157,-0.151,-0.173,0.712,0.008,0.202,-0.344,0.904,0.834,0.696,0.626,-0.344,0.406,0.754,0.654,0.824,0.6,0.559,0.83,-0.232,-0.494,0.359,0.493,-0.423,-0.115,0.817,0.754,0.842,0.849,0.219,0.667,0.606,0.722,0.529,0.829,0.132,0.009,0.832,0.737,0.699,0.656,0.605,0.009,-0.372,0.801,0.909,0.62,0.865,0.883,0.635,0.816,0.268,-0.093,0.475,0.898,0.599,0.474,0.38,-0.26,-0.268,0.67,0.849,0.906,-0.27,0.787,0.795,-0.324,0.727,-0.517,0.49,0.566,0.848,0.806,0.732,-0.065,0.509,0.752,-0.341,0.157,0.826,-0.371,0.784,0.321,-0.302,-0.161,-0.421,0.765,0.817,0.782,0.002,0.681,-0.503,0.558,-0.351,-0.032,0.491,0.008,0.531,0.853,0.214,0.568,0.682,-0.227,0.608,0.787,-0.263,0.808,0.758,0.336,0.445,0.073,-0.155,-0.655,0.897,0.454,0.836,0.022,0.769,0.833,0.337,0.848,-0.261,0.67,0.858,0.679,0.603,0.314,0.607,0.721,-0.41,0.613,-0.275,0.19,0.788,0.813,0.795,0.039,0.824,-0.401,0.581,0.774,0.758,0.081,0.696,0.641,-0.13,0.722,0.41,0.698,0.792,0.583,-0.001,0.875,-0.256,0.241,-0.063,-0.17,0.75,0.803,0.51,0.182,0.742,0.533,0.805,0.524,0.798,0.788,0.059,0.822,0.849,0.122,0.722,-0.356,0.414,0.601,0.847,0.303,0.813,0.142,0.601
APPS,-0.064,0.634,0.502,0.683,0.489,0.344,-0.058,0.031,-0.244,-0.493,0.339,0.431,0.681,0.577,0.273,1.0,0.212,0.408,-0.173,0.221,0.402,0.383,0.714,0.315,0.238,0.627,0.54,-0.009,0.175,-0.049,-0.21,0.219,0.581,0.155,-0.226,0.011,-0.135,0.601,-0.034,0.493,0.399,0.829,-0.044,0.339,0.628,0.131,0.042,0.135,0.042,0.826,0.098,0.004,0.094,0.235,0.328,0.408,0.799,0.421,-0.104,0.275,-0.306,0.218,-0.083,0.547,-0.035,0.05,0.402,0.107,0.15,-0.1,0.231,0.309,0.718,0.415,0.176,-0.283,-0.169,0.576,0.561,0.557,-0.124,0.051,0.101,0.587,-0.088,-0.025,0.458,0.522,0.362,-0.152,-0.169,0.258,-0.051,0.084,0.417,0.521,0.3,0.31,0.287,-0.0,0.514,0.272,-0.28,0.276,0.729,0.5,0.283,0.071,-0.13,0.505,0.222,0.357,0.427,0.548,0.632,0.702,0.676,0.283,0.314,0.672,-0.33,-0.099,0.548,0.131,0.018,0.629,0.053,0.513,0.171,-0.057,0.193,-0.243,0.146,-0.029,0.74,-0.062,0.687,0.578,0.016,-0.414,0.278,0.662,-0.168,-0.08,-0.151,0.17,0.725,-0.136,-0.182,0.477,-0.236,0.615,0.42,0.025,-0.081,-0.064,-0.319,0.119,0.03,-0.251,0.234,-0.155,0.599,0.097,0.029,0.303,0.353,0.11,0.1,0.053,0.409,0.456,0.084,0.063,0.731,0.625,0.601,-0.182,-0.122,-0.284,0.17,0.027,-0.37,-0.037,-0.011,0.169,0.361,0.652,0.126,0.362,-0.235,0.07,0.249,0.023,0.218,0.0,0.841,0.066,0.335,0.208
ARCC,0.795,-0.226,-0.166,-0.173,0.004,0.714,-0.044,0.845,0.676,0.362,-0.122,-0.494,0.074,-0.217,0.785,0.212,1.0,-0.259,0.776,0.62,-0.129,-0.205,-0.222,0.786,0.24,0.119,-0.282,0.76,0.663,0.708,0.622,-0.13,0.423,0.896,0.713,0.637,0.68,0.514,0.753,-0.136,-0.426,0.269,0.642,-0.242,-0.185,0.789,0.778,0.87,0.87,0.189,0.863,0.708,0.608,0.81,0.757,0.334,-0.011,0.7,0.561,0.636,0.575,0.674,0.155,-0.362,0.766,0.748,0.616,0.837,0.778,0.715,0.725,0.153,-0.158,0.41,0.842,0.635,0.603,0.302,-0.342,-0.343,0.811,0.847,0.833,-0.202,0.664,0.836,-0.248,0.636,-0.495,0.669,0.474,0.773,0.899,0.794,-0.073,0.412,0.75,-0.36,0.223,0.753,-0.361,0.76,0.248,-0.259,-0.29,-0.404,0.795,0.774,0.742,0.031,0.535,-0.363,0.614,-0.388,0.038,0.489,-0.157,0.605,0.829,0.176,0.521,0.815,-0.248,0.738,0.7,-0.357,0.782,0.761,0.328,0.529,0.222,-0.14,-0.558,0.733,0.447,0.747,0.025,0.643,0.782,0.416,0.812,-0.313,0.638,0.741,0.716,0.551,0.258,0.664,0.649,-0.167,0.72,-0.377,0.373,0.769,0.798,0.823,0.308,0.795,-0.281,0.638,0.755,0.767,-0.13,0.739,0.71,-0.061,0.529,0.43,0.813,0.798,0.585,0.092,0.815,-0.065,0.363,0.052,-0.248,0.71,0.75,0.549,0.18,0.823,0.59,0.814,0.593,0.768,0.709,0.149,0.852,0.751,0.2,0.809,-0.211,0.463,0.744,0.796,0.386,0.839,0.43,0.628
ARDX,-0.376,0.709,0.668,0.605,0.43,-0.139,0.265,-0.311,-0.418,-0.474,0.349,0.459,0.251,0.564,-0.269,0.408,-0.259,1.0,-0.397,-0.146,0.467,0.727,0.472,-0.148,0.247,0.272,0.534,-0.334,-0.094,-0.28,-0.223,0.152,0.174,-0.286,-0.493,-0.053,-0.301,0.108,-0.4,0.633,0.561,0.411,-0.394,0.482,0.591,-0.189,-0.367,-0.341,-0.274,0.313,-0.26,-0.11,-0.253,0.023,-0.142,0.054,0.48,-0.185,-0.207,-0.02,-0.513,-0.297,0.239,0.425,-0.311,-0.24,0.214,-0.387,-0.25,-0.488,-0.243,0.642,0.688,-0.091,-0.302,-0.37,-0.366,0.408,0.555,0.521,-0.44,-0.353,-0.377,0.394,-0.244,-0.401,0.257,-0.215,0.482,-0.321,-0.152,-0.397,-0.425,-0.304,0.521,0.198,-0.312,0.43,0.056,-0.31,0.374,-0.185,-0.065,0.417,0.565,0.693,-0.251,-0.226,-0.379,0.623,-0.284,0.55,-0.03,0.576,0.289,-0.037,0.447,-0.166,-0.16,0.291,-0.496,-0.398,0.368,-0.328,-0.152,0.539,-0.3,-0.075,0.004,-0.29,0.497,0.212,0.357,-0.329,0.215,-0.392,0.341,0.063,-0.114,-0.436,-0.26,0.563,-0.384,-0.298,-0.261,0.089,0.238,-0.211,-0.484,0.479,-0.29,0.475,0.157,-0.378,-0.37,-0.384,-0.167,-0.185,0.22,-0.379,-0.312,-0.408,0.261,-0.333,-0.086,0.659,-0.11,-0.106,-0.004,-0.397,-0.113,0.441,-0.393,0.254,0.2,0.528,0.547,-0.428,-0.463,-0.485,0.173,-0.426,-0.515,-0.407,-0.259,-0.243,-0.066,0.445,-0.318,-0.25,0.14,-0.227,0.407,0.053,0.082,-0.324,0.33,-0.417,0.162,-0.25
ATER,0.788,-0.531,-0.35,-0.477,-0.138,0.614,0.003,0.807,0.819,0.564,-0.224,-0.689,-0.195,-0.454,0.661,-0.173,0.776,-0.397,1.0,0.57,-0.398,-0.266,-0.565,0.653,0.064,-0.215,-0.465,0.714,0.627,0.774,0.753,-0.245,0.142,0.834,0.79,0.679,0.84,0.289,0.832,-0.336,-0.596,-0.101,0.723,-0.367,-0.448,0.734,0.769,0.81,0.835,-0.181,0.802,0.692,0.643,0.673,0.691,0.116,-0.393,0.541,0.671,0.494,0.685,0.645,0.181,-0.584,0.748,0.728,0.426,0.767,0.635,0.776,0.635,0.076,-0.408,0.259,0.822,0.845,0.768,0.073,-0.537,-0.57,0.916,0.812,0.803,-0.386,0.763,0.806,-0.386,0.472,-0.644,0.683,0.665,0.657,0.826,0.758,-0.288,0.199,0.618,-0.429,0.062,0.681,-0.53,0.542,0.468,-0.275,-0.604,-0.626,0.712,0.708,0.865,-0.228,0.384,-0.429,0.461,-0.616,-0.173,0.205,-0.436,0.431,0.73,-0.167,0.714,0.808,-0.454,0.645,0.788,-0.585,0.843,0.53,0.317,0.645,0.164,0.022,-0.579,0.768,0.224,0.687,-0.216,0.408,0.724,0.614,0.635,-0.6,0.816,0.782,0.838,0.573,-0.042,0.687,0.804,-0.366,0.852,-0.599,0.178,0.72,0.876,0.899,0.469,0.779,-0.199,0.819,0.672,0.859,-0.345,0.727,0.768,-0.259,0.503,0.466,0.794,0.824,0.413,-0.151,0.789,-0.184,0.129,-0.195,-0.428,0.763,0.86,0.763,0.005,0.823,0.745,0.793,0.633,0.69,0.616,-0.09,0.749,0.646,0.266,0.736,-0.3,0.42,0.54,0.809,0.037,0.812,0.349,0.601
ATOS,0.508,-0.129,-0.302,-0.05,0.093,0.469,-0.43,0.536,0.48,0.09,-0.095,-0.307,-0.1,-0.179,0.569,0.221,0.62,-0.146,0.57,1.0,-0.196,-0.086,-0.113,0.427,0.012,0.153,-0.056,0.503,0.555,0.496,0.211,-0.239,0.491,0.677,0.44,0.349,0.374,0.317,0.441,0.06,-0.477,0.261,0.47,-0.085,-0.198,0.467,0.47,0.614,0.545,0.289,0.674,0.472,0.237,0.658,0.461,0.247,0.004,0.566,0.331,0.461,0.299,0.65,-0.29,-0.25,0.552,0.538,0.318,0.579,0.588,0.506,0.535,0.219,-0.111,0.461,0.619,0.264,0.208,-0.017,-0.174,-0.153,0.48,0.552,0.567,-0.094,0.322,0.452,-0.171,0.555,-0.477,0.316,0.398,0.502,0.552,0.58,-0.22,0.049,0.51,-0.089,0.314,0.523,-0.287,0.511,0.158,-0.17,-0.27,-0.278,0.655,0.571,0.442,-0.031,0.37,-0.4,0.735,-0.289,0.074,0.574,0.091,0.248,0.582,0.17,0.287,0.537,-0.047,0.518,0.462,-0.164,0.561,0.547,0.319,0.252,0.23,-0.061,-0.481,0.448,0.355,0.512,0.241,0.507,0.491,0.117,0.608,-0.309,0.465,0.43,0.522,0.347,0.32,0.58,0.413,-0.279,0.446,-0.226,0.267,0.564,0.528,0.58,-0.042,0.511,-0.217,0.526,0.586,0.438,0.201,0.641,0.58,-0.162,0.482,0.251,0.589,0.648,0.554,-0.092,0.589,-0.322,0.461,0.157,-0.157,0.474,0.43,0.507,0.034,0.435,0.347,0.514,0.325,0.391,0.562,0.17,0.59,0.527,0.118,0.606,-0.462,0.353,0.281,0.554,0.391,0.557,0.254,0.677
AUPH,-0.345,0.304,0.381,0.365,0.076,0.098,0.068,-0.209,-0.345,-0.438,-0.025,0.28,0.41,0.232,-0.157,0.402,-0.129,0.467,-0.398,-0.196,1.0,0.107,0.525,0.076,-0.07,0.32,0.304,-0.258,-0.265,-0.37,-0.312,-0.143,0.17,-0.275,-0.514,-0.165,-0.457,0.038,-0.412,0.338,0.551,0.49,-0.288,0.23,0.4,-0.065,-0.272,-0.189,-0.334,0.241,-0.213,-0.198,-0.23,-0.02,-0.195,-0.033,0.551,-0.15,-0.415,0.117,-0.401,-0.266,-0.004,0.442,-0.284,-0.277,-0.004,-0.318,-0.214,-0.334,-0.187,0.192,0.639,0.203,-0.239,-0.45,-0.559,0.464,0.251,0.247,-0.474,-0.168,-0.296,0.135,-0.385,-0.342,0.029,-0.092,0.426,-0.145,-0.398,-0.222,-0.306,-0.106,0.467,0.341,-0.251,0.196,-0.034,-0.352,0.094,-0.004,-0.418,0.182,0.526,0.285,-0.238,-0.163,-0.37,0.369,-0.168,0.093,-0.016,0.327,0.147,0.082,0.516,0.167,-0.124,0.628,-0.495,-0.163,0.378,-0.294,-0.284,0.363,-0.313,0.141,-0.112,-0.459,0.057,-0.051,0.435,-0.315,0.185,-0.265,0.179,0.161,-0.256,-0.507,-0.145,0.484,-0.485,-0.362,-0.351,-0.135,0.198,-0.398,-0.455,0.24,-0.341,0.316,0.031,-0.38,-0.346,-0.364,-0.338,-0.312,-0.06,-0.455,-0.029,-0.3,0.349,-0.289,-0.401,0.269,0.0,-0.475,-0.127,-0.21,-0.175,0.155,-0.331,0.087,0.073,0.416,0.363,-0.389,-0.442,-0.466,0.517,-0.351,-0.448,-0.408,-0.22,-0.075,-0.178,0.287,-0.276,-0.141,-0.081,-0.231,0.218,0.116,-0.077,-0.303,0.251,-0.286,-0.147,-0.217
AVGO,-0.279,0.804,0.585,0.718,0.777,-0.13,0.272,-0.231,-0.323,-0.432,0.711,0.623,0.216,0.73,-0.151,0.383,-0.205,0.727,-0.266,-0.086,0.107,1.0,0.406,-0.236,0.48,0.418,0.514,-0.221,0.076,-0.188,-0.216,0.363,0.153,-0.138,-0.348,0.007,-0.177,0.304,-0.219,0.61,0.475,0.389,-0.339,0.626,0.739,-0.152,-0.292,-0.208,-0.199,0.47,-0.155,-0.153,-0.146,0.077,0.077,0.239,0.479,0.072,-0.056,-0.115,-0.457,-0.066,0.259,0.429,-0.211,-0.153,0.429,-0.246,-0.129,-0.397,0.016,0.547,0.637,-0.116,-0.112,-0.205,-0.106,0.28,0.772,0.724,-0.249,-0.277,-0.246,0.571,-0.09,-0.266,0.496,-0.102,0.5,-0.434,-0.04,-0.29,-0.34,-0.278,0.463,0.04,-0.033,0.66,0.362,-0.103,0.59,-0.213,0.24,0.522,0.53,0.739,-0.027,-0.227,-0.266,0.698,-0.18,0.683,0.012,0.699,0.507,0.091,0.496,-0.215,0.047,0.185,-0.399,-0.37,0.375,-0.18,-0.15,0.701,-0.229,-0.041,0.431,0.055,0.551,0.369,0.282,-0.229,0.261,-0.351,0.488,0.153,-0.091,-0.322,-0.09,0.529,-0.228,-0.204,-0.272,0.313,0.487,-0.079,-0.352,0.501,-0.282,0.641,0.279,-0.224,-0.264,-0.257,0.008,0.021,0.521,-0.406,-0.232,-0.244,0.431,-0.225,0.126,0.553,0.115,0.171,0.052,-0.317,0.168,0.608,-0.232,0.381,0.342,0.609,0.767,-0.363,-0.322,-0.509,-0.15,-0.258,-0.417,-0.32,-0.28,-0.192,0.16,0.52,-0.186,-0.06,0.085,-0.126,0.452,0.063,0.055,-0.216,0.414,-0.296,0.249,-0.279
AZN,-0.42,0.738,0.592,0.767,0.399,-0.068,-0.046,-0.352,-0.614,-0.751,0.349,0.629,0.621,0.681,-0.173,0.714,-0.222,0.472,-0.565,-0.113,0.525,0.406,1.0,-0.082,0.134,0.601,0.699,-0.382,-0.295,-0.512,-0.531,0.25,0.278,-0.276,-0.577,-0.351,-0.522,0.284,-0.479,0.529,0.616,0.664,-0.5,0.407,0.697,-0.285,-0.407,-0.214,-0.392,0.659,-0.295,-0.378,-0.308,-0.143,-0.14,0.206,0.833,-0.008,-0.512,0.035,-0.608,-0.172,-0.164,0.741,-0.371,-0.351,0.086,-0.298,-0.239,-0.424,-0.153,0.157,0.745,0.13,-0.261,-0.641,-0.508,0.347,0.716,0.713,-0.547,-0.35,-0.303,0.637,-0.446,-0.468,0.483,0.058,0.637,-0.463,-0.509,-0.203,-0.429,-0.366,0.438,0.293,-0.101,0.46,0.204,-0.394,0.631,-0.066,-0.407,0.256,0.892,0.631,-0.177,-0.374,-0.524,0.504,-0.05,0.553,0.118,0.726,0.591,0.288,0.706,-0.073,-0.122,0.561,-0.677,-0.447,0.613,-0.338,-0.381,0.702,-0.418,0.075,-0.0,-0.384,-0.022,-0.188,0.43,-0.394,0.413,-0.373,0.677,0.214,-0.407,-0.712,-0.089,0.869,-0.579,-0.516,-0.584,-0.214,0.518,-0.486,-0.621,0.594,-0.626,0.722,0.2,-0.423,-0.465,-0.445,-0.499,-0.296,0.114,-0.601,-0.139,-0.498,0.605,-0.411,-0.375,0.278,-0.028,-0.211,-0.266,-0.332,0.102,0.426,-0.309,0.14,0.413,0.577,0.69,-0.499,-0.552,-0.598,0.087,-0.344,-0.678,-0.481,-0.416,-0.25,-0.06,0.476,-0.255,-0.089,-0.345,-0.315,0.356,-0.153,-0.184,-0.342,0.619,-0.331,0.04,-0.217
BCRX,0.6,-0.21,-0.054,-0.142,-0.098,0.804,-0.04,0.65,0.578,0.184,-0.287,-0.527,0.423,-0.259,0.712,0.315,0.786,-0.148,0.653,0.427,0.076,-0.236,-0.082,1.0,0.005,0.177,-0.135,0.62,0.54,0.664,0.654,-0.22,0.452,0.688,0.493,0.598,0.566,0.493,0.67,-0.103,-0.232,0.321,0.574,-0.328,-0.156,0.721,0.609,0.73,0.691,0.196,0.661,0.528,0.651,0.563,0.756,0.236,0.126,0.587,0.485,0.64,0.517,0.518,0.107,-0.226,0.587,0.624,0.479,0.654,0.598,0.619,0.593,0.209,-0.003,0.508,0.729,0.549,0.466,0.551,-0.301,-0.341,0.627,0.68,0.699,-0.17,0.633,0.635,-0.284,0.626,-0.345,0.521,0.464,0.751,0.705,0.75,-0.081,0.619,0.588,-0.445,0.033,0.472,-0.364,0.608,-0.028,-0.334,-0.091,-0.342,0.706,0.737,0.698,0.022,0.484,-0.298,0.486,-0.324,-0.011,0.485,-0.054,0.656,0.708,0.318,0.404,0.674,-0.023,0.578,0.754,-0.315,0.759,0.71,0.033,0.393,0.045,-0.354,-0.461,0.633,0.604,0.573,0.005,0.635,0.668,0.287,0.618,-0.123,0.542,0.655,0.596,0.345,0.214,0.428,0.592,-0.166,0.597,-0.312,0.125,0.6,0.657,0.674,0.104,0.653,-0.373,0.532,0.712,0.578,-0.162,0.613,0.511,-0.146,0.488,0.374,0.643,0.693,0.41,-0.023,0.641,-0.268,0.336,0.04,-0.191,0.52,0.708,0.47,0.268,0.679,0.453,0.687,0.657,0.752,0.529,0.175,0.655,0.714,-0.001,0.651,-0.154,0.226,0.721,0.611,0.418,0.638,0.378,0.628
BGC,0.051,0.405,0.396,0.428,0.508,-0.038,0.438,0.152,-0.035,-0.06,0.618,0.346,0.176,0.635,0.008,0.238,0.24,0.247,0.064,0.012,-0.07,0.48,0.134,0.005,1.0,0.364,0.297,0.087,0.081,0.175,-0.019,0.603,0.103,0.199,0.101,0.012,0.283,0.504,0.068,0.356,0.193,0.297,0.094,0.438,0.483,0.171,0.104,0.088,0.108,0.334,0.282,0.117,0.139,0.324,0.201,0.44,0.209,0.235,-0.074,-0.023,-0.086,0.16,0.499,0.245,0.156,0.063,0.513,0.167,0.156,0.084,0.211,0.06,0.238,-0.084,0.113,0.09,0.346,0.198,0.429,0.444,0.163,0.033,0.083,0.42,0.071,0.21,0.45,0.134,0.327,0.11,0.029,-0.012,0.114,0.001,0.456,0.199,0.301,0.47,0.458,0.178,0.465,0.182,0.23,0.188,0.226,0.458,0.214,0.016,0.02,0.457,-0.013,0.463,0.237,0.471,0.519,0.132,0.136,0.254,0.318,0.158,-0.027,-0.01,0.129,0.195,0.032,0.315,0.047,0.265,0.409,0.498,0.489,0.186,0.17,0.063,0.166,0.056,0.337,0.201,0.1,0.11,0.237,0.267,0.05,0.07,-0.013,0.308,0.458,0.064,-0.03,0.552,0.01,0.312,0.529,0.136,-0.017,0.057,0.362,0.336,0.271,-0.005,0.051,0.166,0.033,0.096,0.322,0.457,0.127,0.304,0.125,-0.013,0.462,0.538,0.115,0.639,0.347,0.404,0.375,-0.021,0.013,-0.075,0.07,0.266,-0.114,0.035,0.071,0.159,0.318,0.575,0.121,0.205,-0.019,0.252,0.522,0.308,0.269,0.117,0.309,0.137,0.601,0.003
BIDU,-0.13,0.553,0.282,0.753,0.516,0.254,-0.186,-0.097,-0.161,-0.561,0.341,0.475,0.61,0.57,0.202,0.627,0.119,0.272,-0.215,0.153,0.32,0.418,0.601,0.177,0.364,1.0,0.677,0.059,0.102,0.017,-0.316,0.159,0.557,0.051,-0.183,-0.011,-0.153,0.646,-0.077,0.468,0.288,0.705,-0.053,0.333,0.67,0.134,-0.073,0.137,-0.047,0.761,0.099,-0.232,0.098,0.159,0.313,0.519,0.712,0.493,-0.214,0.239,-0.146,0.282,-0.118,0.58,0.016,0.081,0.475,0.068,0.183,-0.006,0.376,0.204,0.631,0.406,0.21,-0.336,-0.18,0.428,0.64,0.64,-0.211,-0.022,0.018,0.51,-0.09,-0.081,0.357,0.445,0.39,-0.236,-0.066,0.198,-0.08,0.13,0.367,0.385,0.43,0.444,0.573,0.014,0.383,0.278,-0.266,0.11,0.624,0.472,0.362,0.196,-0.128,0.564,0.42,0.251,0.431,0.597,0.627,0.546,0.658,0.165,0.356,0.654,-0.314,-0.132,0.662,0.205,-0.031,0.589,0.025,0.405,0.213,0.07,0.209,-0.201,0.079,0.003,0.526,-0.014,0.649,0.597,-0.003,-0.376,0.296,0.507,-0.24,-0.042,-0.201,0.076,0.821,-0.131,-0.138,0.27,-0.256,0.563,0.314,0.016,-0.201,-0.129,-0.336,0.152,-0.031,-0.272,0.251,-0.128,0.6,0.106,0.051,0.115,0.391,0.175,0.001,-0.011,0.606,0.428,0.011,0.124,0.584,0.634,0.61,-0.255,-0.152,-0.28,0.214,-0.041,-0.359,-0.037,0.028,0.178,0.377,0.669,0.102,0.379,-0.283,0.147,0.132,0.095,0.072,-0.035,0.641,-0.037,0.23,0.202
BILI,-0.546,0.647,0.498,0.71,0.366,-0.223,-0.094,-0.471,-0.458,-0.692,0.394,0.597,0.475,0.654,-0.344,0.54,-0.282,0.534,-0.465,-0.056,0.304,0.514,0.699,-0.135,0.297,0.677,1.0,-0.498,-0.254,-0.318,-0.573,0.314,0.437,-0.282,-0.55,-0.435,-0.361,0.285,-0.445,0.56,0.504,0.49,-0.257,0.516,0.618,-0.345,-0.424,-0.293,-0.463,0.569,-0.223,-0.396,-0.22,-0.094,-0.104,0.457,0.68,-0.05,-0.575,-0.048,-0.578,-0.032,-0.132,0.703,-0.451,-0.392,0.143,-0.417,-0.333,-0.331,-0.212,0.226,0.635,0.153,-0.298,-0.643,-0.376,0.213,0.646,0.657,-0.492,-0.472,-0.454,0.645,-0.441,-0.53,0.486,0.107,0.567,-0.479,-0.201,-0.273,-0.518,-0.262,0.317,0.133,-0.058,0.504,0.283,-0.468,0.553,-0.205,-0.479,0.274,0.684,0.642,-0.066,-0.234,-0.502,0.504,0.003,0.582,0.177,0.671,0.55,0.321,0.585,-0.177,-0.152,0.471,-0.568,-0.461,0.856,-0.156,-0.296,0.643,-0.373,0.019,-0.055,-0.236,0.273,-0.093,0.414,-0.478,0.425,-0.442,0.693,0.116,-0.391,-0.552,-0.204,0.645,-0.478,-0.52,-0.448,-0.248,0.498,-0.327,-0.519,0.561,-0.533,0.628,0.192,-0.415,-0.557,-0.485,-0.33,-0.304,0.157,-0.465,-0.23,-0.581,0.463,-0.196,-0.237,0.221,-0.045,0.006,-0.3,-0.38,0.162,0.337,-0.458,0.164,0.603,0.614,0.613,-0.618,-0.543,-0.461,0.036,-0.423,-0.595,-0.447,-0.118,-0.312,-0.059,0.6,-0.354,-0.133,-0.351,-0.158,0.274,-0.233,-0.149,-0.484,0.574,-0.474,0.275,-0.032
BKR,0.89,-0.381,-0.433,-0.266,0.018,0.685,-0.049,0.864,0.671,0.46,-0.221,-0.574,-0.051,-0.388,0.904,-0.009,0.76,-0.334,0.714,0.503,-0.258,-0.221,-0.382,0.62,0.087,0.059,-0.498,1.0,0.784,0.794,0.691,-0.356,0.193,0.752,0.807,0.818,0.66,0.416,0.847,-0.338,-0.643,0.118,0.512,-0.498,-0.264,0.825,0.727,0.813,0.865,-0.038,0.712,0.69,0.678,0.549,0.734,0.013,-0.241,0.686,0.751,0.65,0.78,0.522,0.143,-0.553,0.919,0.901,0.55,0.898,0.899,0.678,0.788,0.175,-0.279,0.393,0.84,0.715,0.551,0.242,-0.4,-0.395,0.708,0.858,0.902,-0.427,0.829,0.862,-0.431,0.543,-0.561,0.616,0.636,0.728,0.842,0.731,-0.137,0.374,0.685,-0.352,0.204,0.854,-0.484,0.774,0.468,-0.43,-0.367,-0.528,0.678,0.809,0.822,-0.083,0.628,-0.576,0.448,-0.465,-0.161,0.212,-0.155,0.539,0.802,0.025,0.694,0.714,-0.395,0.566,0.775,-0.481,0.795,0.605,0.37,0.517,0.121,0.017,-0.73,0.934,0.223,0.909,-0.218,0.623,0.836,0.529,0.807,-0.438,0.761,0.898,0.74,0.597,0.123,0.659,0.774,-0.462,0.692,-0.457,0.172,0.856,0.854,0.825,0.196,0.857,-0.405,0.677,0.686,0.843,-0.13,0.657,0.676,-0.135,0.622,0.385,0.711,0.842,0.534,-0.049,0.911,-0.122,0.015,-0.226,-0.332,0.833,0.824,0.572,0.218,0.804,0.598,0.786,0.563,0.799,0.706,-0.01,0.832,0.736,0.226,0.774,-0.351,0.477,0.571,0.92,0.069,0.842,0.155,0.518
BLDP,0.767,-0.087,-0.291,-0.086,0.197,0.635,-0.187,0.753,0.555,0.268,-0.111,-0.378,-0.052,-0.224,0.834,0.175,0.663,-0.094,0.627,0.555,-0.265,0.076,-0.295,0.54,0.081,0.102,-0.254,0.784,1.0,0.723,0.614,-0.345,0.38,0.694,0.646,0.801,0.579,0.384,0.775,-0.182,-0.531,0.225,0.412,-0.336,-0.137,0.685,0.624,0.713,0.749,0.118,0.619,0.641,0.605,0.565,0.738,0.109,-0.066,0.672,0.812,0.635,0.583,0.522,0.022,-0.425,0.683,0.804,0.595,0.726,0.807,0.534,0.683,0.49,-0.125,0.4,0.757,0.563,0.443,0.26,-0.236,-0.231,0.626,0.721,0.759,-0.191,0.762,0.692,-0.282,0.629,-0.539,0.384,0.715,0.61,0.673,0.645,-0.152,0.268,0.568,-0.23,0.129,0.815,-0.314,0.582,0.464,-0.172,-0.253,-0.34,0.648,0.701,0.725,0.046,0.583,-0.399,0.485,-0.315,-0.058,0.407,0.009,0.349,0.736,0.143,0.596,0.599,-0.201,0.467,0.753,-0.228,0.708,0.593,0.414,0.371,0.322,0.132,-0.69,0.777,0.435,0.746,-0.007,0.589,0.818,0.419,0.704,-0.354,0.755,0.773,0.723,0.698,0.204,0.721,0.694,-0.328,0.576,-0.219,0.206,0.726,0.784,0.684,0.127,0.776,-0.252,0.535,0.52,0.676,0.11,0.633,0.672,0.001,0.642,0.426,0.732,0.709,0.499,-0.003,0.744,-0.243,0.239,-0.02,-0.101,0.66,0.678,0.446,0.016,0.611,0.471,0.706,0.532,0.6,0.694,0.051,0.726,0.64,0.196,0.72,-0.41,0.367,0.614,0.733,0.269,0.68,0.247,0.527
BLNK,0.7,-0.41,-0.398,-0.291,-0.074,0.599,-0.059,0.719,0.708,0.433,-0.233,-0.598,-0.049,-0.36,0.696,-0.049,0.708,-0.28,0.774,0.496,-0.37,-0.188,-0.512,0.664,0.175,0.017,-0.318,0.794,0.723,1.0,0.683,-0.32,0.357,0.757,0.78,0.683,0.764,0.364,0.813,-0.269,-0.582,-0.01,0.737,-0.38,-0.342,0.705,0.693,0.753,0.76,-0.089,0.712,0.668,0.69,0.58,0.725,0.244,-0.308,0.603,0.656,0.53,0.8,0.569,0.121,-0.566,0.742,0.766,0.488,0.764,0.755,0.75,0.648,0.211,-0.346,0.373,0.743,0.695,0.605,0.213,-0.423,-0.416,0.741,0.672,0.748,-0.434,0.772,0.752,-0.467,0.536,-0.527,0.605,0.747,0.688,0.768,0.722,-0.256,0.288,0.656,-0.34,0.143,0.635,-0.527,0.678,0.336,-0.404,-0.493,-0.477,0.728,0.792,0.796,-0.108,0.56,-0.499,0.504,-0.499,-0.208,0.284,-0.217,0.523,0.709,-0.021,0.666,0.692,-0.229,0.665,0.825,-0.501,0.855,0.538,0.229,0.577,0.303,0.016,-0.678,0.776,0.299,0.738,-0.146,0.496,0.803,0.519,0.658,-0.521,0.796,0.813,0.765,0.49,0.124,0.7,0.771,-0.391,0.757,-0.567,0.171,0.832,0.753,0.742,0.315,0.807,-0.297,0.738,0.626,0.695,-0.282,0.774,0.718,-0.216,0.573,0.475,0.675,0.766,0.565,-0.134,0.72,-0.165,0.177,-0.166,-0.37,0.67,0.784,0.645,0.091,0.724,0.666,0.79,0.744,0.708,0.585,0.118,0.765,0.666,0.18,0.821,-0.338,0.402,0.614,0.733,0.085,0.706,0.406,0.676
BYND,0.748,-0.421,-0.239,-0.487,-0.184,0.638,0.218,0.733,0.604,0.581,-0.297,-0.678,-0.069,-0.468,0.626,-0.21,0.622,-0.223,0.753,0.211,-0.312,-0.216,-0.531,0.654,-0.019,-0.316,-0.573,0.691,0.614,0.683,1.0,-0.268,0.007,0.593,0.719,0.758,0.755,0.111,0.796,-0.378,-0.442,-0.189,0.508,-0.523,-0.427,0.696,0.649,0.609,0.795,-0.311,0.523,0.587,0.653,0.39,0.617,-0.111,-0.363,0.353,0.786,0.493,0.742,0.259,0.361,-0.607,0.622,0.718,0.366,0.647,0.549,0.594,0.477,0.214,-0.379,0.107,0.621,0.875,0.702,0.271,-0.532,-0.576,0.782,0.694,0.712,-0.483,0.807,0.718,-0.499,0.259,-0.558,0.593,0.624,0.601,0.739,0.54,-0.233,0.321,0.364,-0.578,-0.263,0.585,-0.534,0.457,0.483,-0.366,-0.449,-0.489,0.436,0.61,0.808,-0.205,0.319,-0.342,0.138,-0.528,-0.374,-0.035,-0.536,0.478,0.542,-0.194,0.72,0.644,-0.54,0.411,0.811,-0.589,0.78,0.337,0.099,0.529,0.031,-0.003,-0.589,0.765,0.194,0.641,-0.452,0.248,0.784,0.669,0.46,-0.469,0.741,0.807,0.75,0.48,-0.238,0.554,0.767,-0.325,0.803,-0.6,-0.024,0.606,0.802,0.745,0.391,0.659,-0.203,0.686,0.454,0.753,-0.514,0.479,0.643,-0.104,0.315,0.396,0.675,0.59,0.139,-0.195,0.651,-0.241,-0.198,-0.354,-0.407,0.707,0.815,0.61,0.003,0.673,0.665,0.75,0.599,0.633,0.391,-0.26,0.641,0.489,0.276,0.516,-0.152,0.226,0.67,0.715,-0.116,0.654,0.14,0.364
