,AAL,AAPL,ABUS,ADBE,ADI,ADMA,AEP,AGNC,AKBA,ALT,AMAT,AMD,AMGN,AMZN,APA,APPS,ARCC,ARDX,ATER,ATOS,AUPH,AVGO,AZN,BCRX,BGC,BIDU,BILI,BKR,BLDP,BLNK,BYND,CAN,CELH,CG,CGC,CHRD,CLNE,CMCSA,COMM,COST,CPB,CPRT,CRON,CRWD,CSCO,CSGP,CSX,CTSH,CZR,DBX,DDOG,DKNG,DLTR,DOCU,DVAX,DXCM,EA,EBAY,ENPH,ERIC,ESPR,ETSY,EXC,EXEL,EXPE,FANG,FAST,FITB,FLEX,FOLD,FOXA,FSLR,FTNT,FUTU,GEN,GERN,GEVO,GILD,GOOG,GOOGL,GPRO,GT,HBAN,HIVE,HON,HST,HUT,IBRX,INTC,IOVA,IQ,IRWD,JBLU,JD,KDP,KHC,LBTYK,LRCX,LYFT,MAR,MARA,MAT,MCHP,MCRB,MDLZ,META,MGNI,MLCO,MNKD,MNST,MOMO,MRNA,MRVL,MSFT,MSTR,MTCH,MU,MVIS,NDAQ,NFLX,NKTR,NNDM,NTES,NTNX,NVAX,NVDA,NWL,NWSA,NXPI,OCGN,OKTA,ON,OPK,PAA,PACB,PAGP,PANW,PARA,PCAR,PDD,PENN,PEP,PLUG,PTEN,PTON,PYPL,QCOM,QUBT,QVCGA,RDFN,REAL,RIOT,ROKU,ROST,RUN,SABR,SAVA,SBUX,SFIX,SGMO,SIRI,SLM,SMCI,SNDL,SONO,STNE,STX,TCOM,TGTX,TIGR,TLRY,TMUS,TRIP,TSCO,TSLA,TTD,TXN,UAL,UNIT,VERU,VKTX,VLY,VOD,VTRS,VXRT,WBA,WBD,WDAY,WDC,WEN,WW,WYNN,XEL,XP,XRAY,XRX,Z,ZION,ZM,ZS
AAL,1.0,0.061,0.72,-0.428,0.176,-0.784,0.37,0.11,-0.652,0.504,-0.385,0.22,-0.527,-0.039,-0.689,0.242,-0.447,-0.579,0.613,0.619,0.464,-0.121,-0.606,-0.057,-0.592,-0.374,-0.539,-0.622,-0.172,0.6,0.364,0.119,0.394,0.206,0.14,-0.286,0.566,-0.699,0.746,-0.526,-0.046,0.612,0.47,-0.266,-0.561,0.574,0.516,-0.04,-0.447,0.513,-0.094,-0.308,-0.545,0.352,-0.044,0.648,0.46,0.482,0.612,0.419,-0.126,0.17,0.163,-0.625,0.436,-0.666,-0.113,-0.448,0.574,-0.237,0.565,-0.162,0.41,-0.725,-0.36,0.401,0.328,0.078,-0.538,-0.533,0.619,0.216,-0.629,0.661,0.574,0.271,0.638,0.628,-0.478,0.69,-0.54,-0.718,0.741,-0.56,-0.736,-0.137,-0.212,-0.557,-0.059,-0.649,0.53,0.39,0.308,-0.09,-0.67,-0.228,0.357,0.302,-0.703,-0.384,-0.276,0.636,0.174,0.444,0.39,0.448,-0.634,0.71,0.255,0.587,-0.037,0.222,-0.637,-0.447,0.365,-0.023,-0.679,0.555,-0.115,0.431,-0.435,-0.273,0.601,-0.574,0.732,-0.618,0.275,0.395,0.432,-0.646,0.602,-0.398,0.18,-0.719,0.218,0.319,-0.211,0.085,0.589,0.449,0.238,0.308,-0.485,-0.482,0.361,-0.444,0.523,-0.279,-0.543,0.61,0.11,0.578,-0.61,-0.363,0.383,-0.674,-0.405,-0.557,0.706,-0.645,-0.659,0.313,0.238,-0.373,0.709,-0.035,0.528,0.643,-0.588,0.514,0.649,-0.687,-0.163,-0.494,0.144,-0.236,-0.026,-0.477,-0.624,-0.321,-0.518,0.415,0.315,-0.611,0.268,0.129,-0.291,-0.585,0.04,-0.152
AAPL,0.061,1.0,0.301,0.231,0.518,0.023,0.443,0.491,-0.031,-0.144,0.007,-0.131,-0.13,-0.319,-0.178,0.271,0.124,-0.099,0.174,-0.099,0.516,0.486,0.213,0.26,-0.301,0.119,-0.159,0.109,-0.108,-0.25,0.197,0.38,0.079,0.571,-0.249,-0.32,0.287,-0.005,0.183,0.298,0.513,0.109,-0.251,0.441,0.031,0.147,0.502,-0.48,0.366,-0.103,0.545,0.137,0.391,0.327,0.043,0.287,0.594,0.244,0.251,-0.143,-0.282,0.744,0.557,-0.166,0.653,-0.164,0.295,0.195,0.17,0.393,0.129,0.386,0.826,-0.059,-0.066,0.5,0.286,-0.061,0.059,0.059,0.553,0.722,0.06,0.158,0.217,0.568,0.108,0.308,0.076,-0.043,-0.214,-0.011,0.241,-0.031,-0.027,0.575,0.16,-0.017,0.641,-0.159,0.175,0.127,0.758,-0.219,0.109,0.037,-0.07,0.061,0.006,0.561,-0.218,0.512,0.436,0.325,0.542,0.354,0.048,0.071,0.387,0.026,-0.457,0.464,-0.043,0.214,-0.025,0.391,-0.093,-0.157,0.448,0.47,0.066,0.158,-0.016,-0.161,0.4,-0.039,0.784,-0.136,0.312,-0.044,0.293,0.382,0.412,0.22,0.148,0.778,0.566,0.225,0.301,0.608,0.425,0.358,-0.109,0.235,0.396,-0.423,0.254,0.1,0.002,0.287,0.249,0.183,0.044,-0.004,0.468,0.053,-0.438,-0.173,0.187,-0.143,-0.123,0.357,0.674,-0.287,0.289,0.262,0.498,0.108,0.096,0.377,0.262,0.035,0.407,-0.249,0.523,0.003,-0.388,0.228,-0.284,-0.138,0.415,0.373,0.557,0.125,0.537,0.16,-0.19,0.108,0.566,0.576
ABUS,0.72,0.301,1.0,-0.283,0.248,-0.604,0.385,0.054,-0.618,0.531,-0.339,0.23,-0.388,0.116,-0.639,0.182,-0.5,-0.467,0.538,0.539,0.502,-0.039,-0.443,-0.017,-0.656,-0.302,-0.512,-0.568,-0.119,0.462,0.366,0.166,0.404,0.243,0.151,-0.134,0.589,-0.574,0.778,-0.482,0.02,0.586,0.45,-0.146,-0.501,0.483,0.569,-0.075,-0.331,0.617,0.005,-0.148,-0.404,0.233,0.001,0.573,0.517,0.356,0.565,0.399,-0.086,0.319,0.23,-0.62,0.56,-0.669,-0.031,-0.432,0.414,-0.266,0.594,-0.069,0.575,-0.641,-0.214,0.57,0.343,0.158,-0.528,-0.53,0.707,0.278,-0.664,0.632,0.544,0.439,0.567,0.635,-0.391,0.579,-0.472,-0.621,0.696,-0.492,-0.648,-0.032,-0.249,-0.527,-0.044,-0.524,0.492,0.384,0.407,-0.026,-0.57,-0.201,0.301,0.256,-0.567,-0.215,-0.225,0.697,0.197,0.391,0.376,0.465,-0.551,0.663,0.213,0.5,0.017,0.242,-0.613,-0.446,0.406,0.042,-0.641,0.539,-0.117,0.448,-0.284,-0.229,0.764,-0.566,0.748,-0.494,0.422,0.589,0.433,-0.61,0.665,-0.315,0.218,-0.589,0.308,0.448,-0.013,0.154,0.684,0.518,0.224,0.286,-0.357,-0.324,0.378,-0.42,0.608,-0.3,-0.469,0.647,0.067,0.5,-0.543,-0.299,0.342,-0.596,-0.4,-0.623,0.59,-0.556,-0.619,0.293,0.371,-0.427,0.586,0.015,0.492,0.463,-0.349,0.526,0.654,-0.71,-0.166,-0.421,0.291,-0.269,0.173,-0.393,-0.586,-0.128,-0.411,0.39,0.382,-0.633,0.359,-0.03,-0.202,-0.602,0.149,-0.088
ADBE,-0.428,0.231,-0.283,1.0,0.491,0.549,-0.16,0.126,0.465,-0.152,0.69,0.246,0.526,0.312,0.419,0.242,0.367,0.456,-0.505,-0.435,-0.066,0.547,0.714,-0.152,0.306,0.32,0.37,0.713,0.38,-0.237,0.102,0.254,-0.38,0.2,-0.15,-0.014,-0.127,0.666,-0.49,0.606,-0.18,-0.096,-0.314,0.723,0.381,-0.169,-0.024,0.005,0.481,-0.214,0.573,0.313,0.724,0.312,0.153,-0.193,-0.085,-0.216,-0.394,-0.467,0.217,0.209,-0.008,0.309,-0.04,0.547,0.11,0.543,-0.272,0.443,-0.212,0.438,-0.119,0.488,0.199,0.072,-0.102,0.126,0.648,0.643,-0.296,0.088,0.626,-0.309,-0.366,0.113,-0.338,-0.379,0.689,-0.339,0.386,0.522,-0.528,0.532,0.606,0.217,0.382,0.645,0.35,0.673,-0.204,-0.245,0.3,0.22,0.621,0.521,0.053,-0.023,0.515,0.356,0.298,-0.328,0.565,0.139,-0.013,0.064,0.623,-0.266,0.277,0.163,-0.058,-0.069,0.525,0.536,-0.236,0.595,0.567,-0.028,0.587,0.155,0.634,0.771,-0.322,0.289,-0.258,0.349,0.037,-0.266,0.187,0.543,-0.158,0.316,0.37,0.609,0.211,0.171,0.645,0.421,-0.428,-0.181,0.136,0.047,0.597,0.642,-0.049,0.124,-0.217,0.286,0.444,-0.196,0.219,-0.27,0.642,0.365,-0.03,0.619,0.296,0.524,-0.539,0.551,0.454,-0.124,0.242,0.175,-0.035,0.494,0.03,-0.308,0.394,-0.058,-0.355,0.513,-0.011,0.184,0.244,-0.047,0.128,0.791,0.441,-0.006,0.307,-0.16,-0.072,0.46,0.1,-0.166,0.43,0.525,0.518,0.464
ADI,0.176,0.518,0.248,0.491,1.0,-0.074,0.32,0.443,0.048,0.167,0.529,0.305,-0.0,0.013,-0.1,0.465,0.055,0.019,0.033,0.05,0.383,0.589,0.323,0.101,-0.281,0.369,0.112,0.131,-0.093,0.107,0.416,0.518,0.114,0.409,0.181,-0.018,0.198,0.268,0.244,0.244,0.018,0.125,0.014,0.541,-0.046,0.109,0.555,-0.322,0.216,-0.022,0.455,0.156,0.334,0.547,0.014,0.364,0.469,0.023,0.133,0.096,-0.11,0.57,0.378,-0.298,0.503,0.02,0.305,0.081,0.053,0.131,0.105,0.504,0.458,0.038,-0.028,0.388,0.209,-0.15,0.375,0.36,0.244,0.473,0.059,0.281,0.126,0.536,0.209,0.004,0.468,-0.041,0.137,-0.04,0.08,0.302,0.131,0.292,0.093,0.386,0.524,0.152,0.223,0.311,0.838,-0.146,0.108,0.461,0.271,0.377,-0.089,0.263,-0.036,0.273,0.77,0.293,0.414,0.343,0.333,0.231,0.511,0.235,-0.235,0.383,0.194,0.314,0.149,0.62,0.066,0.057,0.719,0.387,0.388,0.566,-0.123,-0.065,0.432,0.021,0.517,0.082,0.222,0.207,0.218,0.215,0.38,0.101,0.179,0.595,0.653,0.302,0.273,0.36,0.479,0.361,0.141,0.39,0.028,-0.369,0.188,0.084,0.144,0.164,0.015,0.101,0.149,0.23,0.504,0.208,-0.065,0.107,0.103,0.03,0.043,0.354,0.585,0.046,0.361,0.566,0.57,0.072,0.146,0.113,0.146,-0.021,0.203,-0.347,0.208,-0.02,-0.123,0.448,0.0,-0.317,0.241,0.508,0.315,0.037,0.539,0.267,-0.008,0.007,0.699,0.437
ADMA,-0.784,0.023,-0.604,0.549,-0.074,1.0,-0.511,-0.078,0.682,-0.251,0.487,-0.153,0.495,0.134,0.67,-0.15,0.48,0.631,-0.702,-0.526,-0.267,0.039,0.684,0.034,0.58,0.369,0.527,0.572,0.253,-0.404,-0.237,0.03,-0.511,-0.114,-0.074,0.306,-0.492,0.724,-0.701,0.428,0.052,-0.621,-0.362,0.529,0.496,-0.606,-0.38,-0.026,0.438,-0.358,0.155,0.31,0.557,-0.103,0.042,-0.611,-0.508,-0.526,-0.657,-0.461,0.231,-0.077,-0.317,0.57,-0.356,0.62,0.194,0.577,-0.581,0.242,-0.279,0.291,-0.382,0.803,0.309,-0.211,-0.461,-0.098,0.607,0.624,-0.582,-0.157,0.67,-0.605,-0.71,-0.061,-0.634,-0.655,0.63,-0.624,0.663,0.825,-0.629,0.581,0.751,0.05,0.283,0.632,0.261,0.69,-0.457,-0.481,-0.168,0.29,0.651,0.41,-0.261,-0.303,0.71,0.273,0.198,-0.667,-0.027,-0.474,-0.37,-0.398,0.671,-0.508,-0.336,-0.367,0.025,-0.25,0.592,0.428,-0.333,0.05,0.789,-0.425,0.209,-0.146,0.56,0.484,-0.515,0.609,-0.616,0.533,-0.153,-0.373,-0.337,0.704,-0.533,0.255,-0.095,0.703,-0.02,-0.242,0.322,0.022,-0.631,-0.481,-0.095,-0.254,0.658,0.555,-0.385,0.455,-0.385,0.092,0.72,-0.598,-0.056,-0.658,0.665,0.606,-0.256,0.702,0.488,0.703,-0.684,0.781,0.783,-0.433,-0.073,0.444,-0.586,0.127,-0.499,-0.499,0.614,-0.46,-0.612,0.707,0.051,0.441,0.007,0.152,0.121,0.664,0.638,0.303,0.574,-0.39,-0.453,0.569,-0.121,-0.146,0.323,0.664,0.08,0.357
AEP,0.37,0.443,0.385,-0.16,0.32,-0.511,1.0,0.389,-0.474,0.081,-0.363,-0.289,-0.23,-0.38,-0.484,0.213,-0.048,-0.631,0.634,0.262,0.39,0.392,-0.179,0.242,-0.509,-0.127,-0.359,-0.102,-0.359,0.059,0.147,0.239,0.343,0.404,-0.082,-0.407,0.37,-0.296,0.468,0.133,0.439,0.425,0.137,-0.18,0.008,0.632,0.44,-0.325,0.077,-0.048,0.116,-0.148,0.042,0.125,-0.082,0.673,0.739,0.715,0.64,0.232,-0.498,0.525,0.912,-0.462,0.515,-0.312,0.364,-0.125,0.592,0.056,0.128,0.018,0.602,-0.475,-0.205,0.037,0.427,0.153,-0.248,-0.263,0.429,0.507,-0.183,0.425,0.847,0.27,0.44,0.474,-0.252,0.182,-0.513,-0.519,0.485,-0.206,-0.283,0.636,-0.033,-0.386,0.183,-0.432,0.336,0.565,0.432,-0.647,-0.098,-0.304,-0.021,0.251,-0.477,0.32,-0.248,0.738,0.236,0.516,0.52,0.137,-0.274,0.377,0.565,-0.011,-0.34,0.715,-0.347,0.035,0.154,0.116,-0.377,-0.045,0.008,0.285,-0.375,-0.262,0.072,-0.394,0.482,-0.215,0.441,0.1,0.404,-0.409,0.401,0.496,0.221,-0.324,0.127,0.566,0.174,-0.051,0.545,0.548,0.325,0.341,-0.489,-0.024,0.337,-0.576,0.188,0.339,-0.479,0.477,0.39,0.568,-0.426,-0.386,0.161,-0.237,-0.657,-0.464,0.586,-0.54,-0.531,0.865,0.382,-0.448,0.32,-0.09,0.741,0.529,-0.272,0.393,0.561,-0.279,0.408,-0.255,0.323,0.336,-0.278,-0.282,-0.609,-0.254,-0.149,0.536,0.945,-0.15,0.432,0.263,-0.486,-0.174,0.202,-0.001
AGNC,0.11,0.491,0.054,0.126,0.443,-0.078,0.389,1.0,0.171,-0.225,-0.021,-0.005,0.048,-0.178,0.063,0.373,0.493,-0.191,0.198,-0.253,0.443,0.4,0.145,0.529,-0.16,0.242,0.114,0.087,-0.096,-0.244,0.1,0.284,0.145,0.715,-0.226,-0.157,0.05,-0.033,0.162,0.342,0.147,-0.091,-0.258,0.141,0.054,0.109,0.219,-0.293,0.518,0.009,0.493,0.355,0.282,0.306,0.374,0.251,0.549,0.31,0.245,-0.105,-0.438,0.621,0.468,-0.139,0.622,0.022,0.168,0.218,0.361,0.366,0.0,0.375,0.354,0.116,0.357,-0.0,0.302,0.005,0.227,0.235,0.193,0.733,0.239,0.057,0.183,0.465,0.013,0.162,0.189,-0.198,-0.102,-0.068,0.183,0.146,-0.026,0.402,0.19,0.088,0.507,-0.118,0.004,0.204,0.465,-0.401,0.029,0.108,-0.019,0.254,0.044,0.365,-0.067,0.275,0.481,0.32,0.441,0.105,0.122,-0.049,0.472,-0.122,-0.216,0.569,0.122,0.486,-0.2,0.407,0.07,-0.178,0.594,0.052,-0.045,0.224,-0.237,0.167,0.41,0.174,0.363,-0.241,0.063,0.142,0.215,0.357,0.229,0.199,-0.104,0.627,0.537,-0.017,0.271,0.283,0.246,0.22,-0.185,0.252,0.243,-0.175,-0.162,0.098,0.07,0.163,0.036,0.199,0.077,0.038,0.31,0.203,-0.306,0.076,0.246,-0.031,-0.034,0.412,0.634,-0.266,0.127,0.19,0.373,0.106,0.124,0.154,0.033,0.296,0.688,0.004,0.166,0.075,-0.216,0.177,-0.172,-0.238,0.368,0.478,0.382,0.2,0.5,0.633,0.012,0.209,0.325,0.402
AKBA,-0.652,-0.031,-0.618,0.465,0.048,0.682,-0.474,0.171,1.0,-0.383,0.509,-0.102,0.342,-0.034,0.624,-0.283,0.445,0.693,-0.624,-0.628,-0.246,0.099,0.525,0.092,0.482,0.325,0.543,0.468,0.147,-0.495,-0.33,-0.001,-0.524,-0.096,-0.069,0.337,-0.624,0.703,-0.548,0.367,-0.012,-0.719,-0.381,0.434,0.401,-0.63,-0.325,-0.115,0.39,-0.523,0.162,0.206,0.535,-0.247,-0.076,-0.647,-0.421,-0.549,-0.693,-0.426,0.332,0.021,-0.318,0.508,-0.2,0.702,0.145,0.424,-0.563,0.366,-0.418,0.224,-0.373,0.806,0.31,-0.248,-0.545,-0.276,0.631,0.648,-0.611,0.018,0.613,-0.654,-0.681,0.056,-0.696,-0.672,0.574,-0.663,0.543,0.705,-0.614,0.495,0.76,0.052,0.34,0.683,0.29,0.755,-0.556,-0.372,-0.08,0.289,0.572,0.394,-0.299,-0.262,0.651,0.214,0.146,-0.626,-0.069,-0.501,-0.429,-0.35,0.679,-0.635,-0.368,-0.477,-0.049,-0.291,0.543,0.372,-0.235,-0.012,0.726,-0.408,0.351,-0.288,0.423,0.491,-0.673,0.612,-0.492,0.449,-0.211,-0.379,-0.316,0.727,-0.548,0.128,-0.26,0.631,-0.171,-0.126,0.387,0.11,-0.561,-0.49,-0.171,-0.35,0.596,0.504,-0.427,0.412,-0.381,0.051,0.734,-0.614,-0.17,-0.694,0.514,0.571,-0.238,0.664,0.543,0.65,-0.612,0.75,0.779,-0.451,0.056,0.609,-0.645,0.095,-0.464,-0.518,0.587,-0.532,-0.691,0.744,0.025,0.311,-0.179,0.089,0.009,0.572,0.651,0.091,0.675,-0.3,-0.422,0.546,-0.069,0.182,0.246,0.554,-0.014,0.293
ALT,0.504,-0.144,0.531,-0.152,0.167,-0.251,0.081,-0.225,-0.383,1.0,-0.069,0.14,-0.519,0.089,-0.457,0.236,-0.499,-0.204,0.291,0.708,0.338,-0.323,-0.258,-0.202,-0.458,0.102,-0.046,-0.515,-0.061,0.726,0.433,0.366,0.32,-0.032,0.555,0.103,0.503,-0.347,0.509,-0.613,-0.164,0.214,0.745,-0.07,-0.544,0.237,0.378,-0.192,-0.499,0.308,-0.235,-0.281,-0.474,0.339,-0.334,0.309,0.086,0.046,0.304,0.418,0.161,-0.008,-0.091,-0.574,0.126,-0.464,0.068,-0.428,0.099,-0.334,0.554,0.058,0.122,-0.271,-0.445,0.401,0.135,-0.209,-0.277,-0.267,0.256,-0.085,-0.588,0.645,0.198,0.282,0.611,0.189,-0.091,0.498,0.127,-0.38,0.486,0.005,-0.406,-0.302,-0.205,-0.231,-0.046,-0.347,0.598,0.242,0.166,0.144,-0.467,0.096,0.501,0.435,-0.482,-0.576,0.097,0.227,0.043,0.056,0.208,0.197,-0.346,0.731,-0.092,0.345,0.009,0.056,-0.287,-0.408,0.611,-0.146,-0.209,0.327,-0.27,0.446,0.154,-0.032,0.465,-0.346,0.378,-0.355,0.152,0.597,0.112,-0.183,0.366,-0.432,0.17,-0.571,0.449,0.025,-0.175,0.248,0.401,0.228,0.329,0.32,0.134,-0.276,-0.086,-0.297,0.676,-0.38,-0.057,0.397,-0.163,0.317,-0.533,0.175,0.236,-0.35,-0.031,-0.168,0.39,-0.12,-0.196,0.067,0.126,0.053,0.341,0.132,0.223,0.285,-0.178,0.256,0.495,-0.501,-0.264,-0.384,0.183,-0.226,0.12,-0.252,-0.255,-0.234,-0.347,0.319,-0.028,-0.586,0.214,-0.058,-0.181,-0.543,0.054,-0.195
AMAT,-0.385,0.007,-0.339,0.69,0.529,0.487,-0.363,-0.021,0.509,-0.069,1.0,0.324,0.394,0.349,0.409,0.135,0.124,0.582,-0.579,-0.302,-0.117,0.269,0.617,-0.098,0.288,0.51,0.53,0.452,0.2,-0.156,0.136,0.184,-0.203,-0.133,0.112,0.271,-0.388,0.769,-0.409,0.37,-0.287,-0.226,-0.188,0.625,0.175,-0.487,0.028,0.083,0.164,-0.307,0.222,0.25,0.478,0.257,-0.028,-0.185,-0.236,-0.529,-0.518,-0.3,0.18,0.005,-0.229,0.246,-0.184,0.478,0.109,0.266,-0.506,0.116,-0.34,0.389,-0.264,0.571,0.167,0.076,-0.403,-0.221,0.801,0.789,-0.403,-0.156,0.429,-0.257,-0.53,0.04,-0.291,-0.585,0.795,-0.377,0.629,0.561,-0.649,0.619,0.667,-0.083,0.077,0.902,0.344,0.672,-0.202,-0.137,0.259,0.275,0.506,0.742,0.179,0.088,0.417,0.175,0.257,-0.524,0.418,-0.244,-0.184,-0.014,0.786,-0.25,0.069,0.044,0.015,-0.2,0.628,0.399,-0.049,0.469,0.604,-0.054,0.59,-0.031,0.668,0.78,-0.442,0.27,-0.241,0.249,-0.099,-0.206,-0.211,0.64,-0.402,0.108,-0.006,0.481,-0.106,-0.071,0.472,0.143,-0.455,-0.252,0.032,-0.022,0.632,0.567,-0.435,0.219,-0.24,-0.001,0.568,-0.475,-0.246,-0.561,0.657,0.54,0.147,0.527,0.585,0.584,-0.563,0.585,0.61,-0.274,0.024,0.555,-0.067,0.559,-0.207,-0.493,0.377,-0.447,-0.445,0.357,-0.151,-0.009,-0.194,-0.083,0.051,0.767,0.669,-0.047,0.364,-0.083,-0.352,0.349,0.034,-0.037,0.349,0.357,0.469,0.336
AMD,0.22,-0.131,0.23,0.246,0.305,-0.153,-0.289,-0.005,-0.102,0.14,0.324,1.0,0.072,0.546,-0.033,0.347,-0.114,0.222,-0.084,0.021,0.05,0.125,-0.033,-0.154,0.073,0.069,0.057,-0.123,0.312,0.257,0.423,0.07,0.182,0.139,0.05,-0.022,0.083,-0.074,0.083,-0.153,-0.611,0.292,0.112,0.234,-0.358,-0.012,0.065,0.338,-0.088,0.445,0.258,0.236,-0.184,0.377,0.344,0.153,0.055,-0.185,0.047,-0.054,0.219,-0.128,-0.331,-0.03,0.039,-0.101,-0.465,-0.221,-0.035,-0.092,-0.011,0.124,-0.105,-0.004,0.16,0.272,0.059,0.039,0.124,0.099,0.172,-0.113,-0.128,0.149,-0.143,0.061,0.154,0.148,0.155,0.209,0.085,-0.147,-0.054,-0.024,-0.091,-0.389,-0.186,0.185,-0.036,0.073,0.14,-0.165,0.171,0.277,-0.235,0.345,0.401,0.237,0.091,-0.274,0.221,-0.062,0.483,0.178,0.13,0.594,0.056,0.208,0.194,0.515,0.226,-0.246,0.037,0.002,0.057,0.446,-0.08,0.527,0.246,-0.02,0.214,0.396,0.265,-0.147,0.251,-0.113,-0.087,0.149,-0.006,0.038,0.072,-0.428,0.285,-0.073,0.099,0.048,0.132,0.357,0.049,0.01,-0.022,0.152,0.175,-0.091,0.083,0.077,0.015,-0.099,-0.035,0.005,-0.305,-0.004,0.162,0.039,0.247,0.003,0.292,0.034,-0.019,0.133,0.013,-0.27,0.113,-0.109,0.359,0.444,0.023,-0.278,-0.146,-0.021,-0.022,-0.24,-0.24,-0.145,-0.093,-0.499,0.17,0.178,0.203,-0.164,-0.252,0.121,-0.3,-0.336,0.039,-0.179,0.499,-0.283,0.251,-0.002
AMGN,-0.527,-0.13,-0.388,0.526,-0.0,0.495,-0.23,0.048,0.342,-0.519,0.394,0.072,1.0,0.549,0.624,-0.082,0.513,0.287,-0.522,-0.653,-0.321,0.275,0.526,0.191,0.501,0.012,0.237,0.698,0.282,-0.538,-0.363,-0.338,-0.425,0.019,-0.338,0.13,-0.482,0.65,-0.642,0.691,-0.071,-0.154,-0.591,0.214,0.635,-0.284,-0.376,0.4,0.508,0.004,0.337,0.553,0.586,-0.127,0.603,-0.301,-0.238,-0.16,-0.444,-0.365,-0.051,-0.115,-0.067,0.537,-0.309,0.644,0.019,0.59,-0.219,0.232,-0.376,0.12,-0.446,0.36,0.731,-0.44,-0.221,0.555,0.511,0.493,-0.502,-0.203,0.669,-0.601,-0.323,-0.303,-0.618,-0.367,0.516,-0.509,0.166,0.554,-0.561,0.311,0.558,0.172,0.354,0.468,-0.044,0.632,-0.591,-0.357,-0.23,0.041,0.646,0.188,-0.288,-0.323,0.623,0.455,0.124,-0.362,0.191,-0.055,-0.374,-0.384,0.601,-0.623,0.117,-0.185,0.389,-0.105,0.424,0.532,-0.576,0.337,0.44,-0.113,0.322,-0.372,0.133,0.302,-0.25,0.571,-0.498,0.596,-0.354,-0.316,-0.038,0.394,-0.405,0.433,-0.126,0.54,-0.273,-0.207,0.291,-0.246,-0.461,-0.551,-0.344,-0.364,0.183,0.659,-0.183,0.531,-0.652,0.395,0.252,-0.433,0.279,-0.447,0.746,0.013,-0.399,0.483,0.28,0.427,-0.483,0.356,0.3,-0.038,-0.225,0.066,-0.333,0.018,-0.228,-0.172,0.315,-0.264,-0.574,0.543,0.075,0.683,-0.113,0.254,0.533,0.54,0.417,0.45,0.141,-0.324,-0.146,0.567,-0.339,-0.152,0.44,0.645,0.096,0.139
AMZN,-0.039,-0.319,0.116,0.312,0.013,0.134,-0.38,-0.178,-0.034,0.089,0.349,0.546,0.549,1.0,0.301,0.183,-0.021,0.179,-0.322,-0.093,-0.13,-0.061,0.124,-0.034,0.185,0.01,0.18,0.185,0.464,0.102,0.166,-0.188,-0.004,-0.139,-0.004,0.154,-0.204,0.195,-0.173,0.047,-0.542,0.216,-0.027,0.061,-0.082,-0.103,-0.134,0.619,-0.076,0.499,0.224,0.539,-0.014,0.165,0.515,-0.091,-0.267,-0.266,-0.232,-0.12,0.109,-0.308,-0.408,0.19,-0.24,0.14,-0.37,-0.008,-0.166,-0.05,-0.068,-0.031,-0.386,0.049,0.465,0.064,-0.182,0.424,0.271,0.253,-0.079,-0.347,0.049,-0.09,-0.268,-0.205,-0.111,-0.093,0.253,-0.006,0.181,0.138,-0.278,0.116,0.079,-0.405,0.017,0.236,-0.273,0.31,-0.086,-0.19,-0.138,0.392,0.066,0.334,0.312,0.073,0.261,-0.101,0.421,-0.253,0.198,0.029,-0.251,0.12,0.223,-0.062,0.056,0.298,0.47,-0.407,0.213,0.097,-0.15,0.287,0.092,0.498,0.052,-0.21,0.199,0.274,0.377,0.197,-0.128,0.093,-0.398,0.137,-0.019,0.134,-0.123,-0.198,0.008,0.027,0.029,-0.261,0.041,0.004,-0.162,-0.255,-0.235,-0.081,0.204,0.185,-0.06,0.494,-0.142,0.023,0.074,-0.214,-0.095,-0.234,0.342,0.051,-0.112,0.099,0.447,0.21,-0.281,0.204,0.116,-0.303,-0.238,-0.019,0.092,0.246,-0.188,-0.212,-0.034,-0.162,-0.184,-0.055,-0.282,0.263,-0.154,-0.304,0.628,0.226,0.297,0.274,-0.187,-0.191,-0.363,-0.088,-0.277,-0.303,0.58,-0.004,0.082,-0.209
APA,-0.689,-0.178,-0.639,0.419,-0.1,0.67,-0.484,0.063,0.624,-0.457,0.409,-0.033,0.624,0.301,1.0,-0.063,0.449,0.575,-0.625,-0.536,-0.309,0.027,0.612,0.203,0.719,0.264,0.553,0.616,0.493,-0.449,-0.205,-0.038,-0.403,-0.086,-0.009,0.432,-0.565,0.646,-0.61,0.477,-0.057,-0.622,-0.342,0.302,0.524,-0.609,-0.499,0.262,0.479,-0.324,0.198,0.503,0.555,-0.122,0.291,-0.704,-0.37,-0.538,-0.716,-0.245,0.152,-0.089,-0.322,0.676,-0.383,0.764,0.027,0.563,-0.565,0.185,-0.491,0.046,-0.496,0.664,0.514,-0.436,-0.361,0.009,0.531,0.53,-0.569,-0.159,0.649,-0.597,-0.672,-0.204,-0.584,-0.688,0.467,-0.528,0.534,0.669,-0.644,0.522,0.607,0.038,0.251,0.534,0.105,0.669,-0.428,-0.425,-0.281,0.27,0.617,0.275,-0.092,-0.263,0.714,0.298,0.272,-0.632,0.017,-0.432,-0.363,-0.343,0.647,-0.613,-0.202,-0.463,0.09,-0.34,0.674,0.491,-0.27,0.092,0.684,-0.391,0.196,-0.403,0.429,0.253,-0.49,0.797,-0.569,0.78,-0.328,-0.354,-0.402,0.682,-0.455,0.271,-0.178,0.681,-0.092,-0.286,0.222,-0.149,-0.469,-0.419,-0.064,-0.207,0.401,0.588,-0.272,0.748,-0.584,0.298,0.583,-0.6,-0.094,-0.614,0.629,0.387,-0.332,0.724,0.47,0.701,-0.648,0.601,0.619,-0.402,-0.19,0.365,-0.65,0.071,-0.538,-0.462,0.569,-0.489,-0.771,0.596,0.111,0.56,-0.225,0.267,0.303,0.48,0.606,0.326,0.476,-0.308,-0.441,0.643,-0.195,0.038,0.567,0.628,-0.075,0.211
APPS,0.242,0.271,0.182,0.242,0.465,-0.15,0.213,0.373,-0.283,0.236,0.135,0.347,-0.082,0.183,-0.063,1.0,0.055,-0.251,0.186,0.258,0.263,0.333,0.162,0.067,-0.11,0.269,0.008,-0.002,0.315,0.309,0.663,0.613,0.39,0.491,0.053,-0.321,0.471,-0.174,0.118,0.106,-0.227,0.339,0.069,0.167,-0.317,0.231,0.179,-0.084,0.07,0.264,0.439,0.381,0.051,0.778,0.345,0.349,0.378,0.153,0.28,-0.012,-0.321,0.24,0.163,-0.332,0.337,-0.257,-0.182,0.043,0.274,0.311,0.216,0.332,0.224,-0.166,0.04,0.311,0.518,0.07,0.148,0.158,0.389,0.335,-0.076,0.532,0.111,0.132,0.577,0.303,0.118,0.313,0.002,-0.142,0.177,0.148,-0.253,-0.014,0.029,0.005,0.262,-0.306,0.615,0.155,0.405,-0.126,-0.175,0.34,0.699,0.455,-0.109,0.025,0.242,0.224,0.694,0.44,0.713,0.49,-0.038,0.396,0.563,0.365,-0.075,0.351,0.227,0.317,0.003,0.646,-0.101,0.245,0.343,0.305,0.255,0.266,0.144,-0.169,0.338,-0.023,0.277,0.061,0.185,0.135,0.325,0.108,0.731,-0.02,0.374,0.327,0.239,0.283,0.17,0.507,0.561,0.779,-0.065,0.019,0.355,-0.238,0.201,0.021,-0.15,0.273,-0.017,0.334,0.078,-0.055,0.482,0.048,-0.193,0.05,0.161,-0.136,-0.213,0.141,0.295,-0.37,0.488,0.679,0.32,0.039,-0.111,0.315,0.219,-0.106,0.253,-0.198,0.281,-0.302,-0.175,0.137,-0.171,-0.19,-0.164,0.397,0.171,-0.189,0.403,0.137,0.272,-0.092,0.568,0.215
ARCC,-0.447,0.124,-0.5,0.367,0.055,0.48,-0.048,0.493,0.445,-0.499,0.124,-0.114,0.513,-0.021,0.449,0.055,1.0,0.145,-0.242,-0.657,-0.026,0.243,0.382,0.353,0.335,0.185,0.284,0.486,0.164,-0.396,-0.254,-0.092,-0.309,0.283,-0.327,-0.107,-0.259,0.391,-0.513,0.594,0.048,-0.34,-0.514,0.201,0.502,-0.146,-0.26,-0.008,0.661,-0.148,0.421,0.419,0.471,0.078,0.424,-0.143,-0.047,0.074,-0.075,-0.419,-0.218,0.108,0.115,0.346,-0.05,0.437,-0.029,0.55,0.017,0.454,-0.169,0.421,-0.19,0.453,0.485,-0.359,0.083,0.192,0.415,0.425,-0.276,0.222,0.675,-0.478,-0.206,-0.061,-0.488,-0.208,0.489,-0.448,0.168,0.365,-0.344,0.312,0.458,0.285,0.527,0.337,0.335,0.307,-0.457,-0.264,-0.016,-0.153,0.411,0.212,-0.327,-0.242,0.504,0.343,0.014,-0.225,0.242,0.101,-0.082,-0.281,0.444,-0.464,0.159,-0.257,-0.04,0.229,0.364,0.512,-0.541,0.299,0.502,-0.313,0.419,-0.25,0.067,0.352,-0.444,0.498,-0.265,0.458,-0.098,-0.53,-0.031,0.36,-0.172,0.403,0.126,0.61,-0.129,0.037,0.331,-0.123,-0.322,-0.308,-0.041,-0.184,0.162,0.461,0.062,0.233,-0.526,0.256,0.383,-0.217,0.166,-0.159,0.452,0.192,-0.071,0.446,0.026,0.391,-0.257,0.388,0.368,0.088,0.166,-0.034,-0.285,0.043,-0.041,-0.174,0.274,-0.052,-0.391,0.753,0.456,0.483,0.039,0.284,-0.031,0.42,0.259,0.187,0.368,-0.126,-0.024,0.515,-0.078,0.302,0.214,0.614,0.221,0.304
ARDX,-0.579,-0.099,-0.467,0.456,0.019,0.631,-0.631,-0.191,0.693,-0.204,0.582,0.222,0.287,0.179,0.575,-0.251,0.145,1.0,-0.677,-0.452,-0.192,-0.1,0.466,-0.044,0.674,0.38,0.605,0.372,0.31,-0.295,-0.182,-0.031,-0.417,-0.168,0.078,0.395,-0.48,0.626,-0.495,0.164,-0.103,-0.58,-0.221,0.47,0.197,-0.721,-0.323,0.131,0.207,-0.428,0.073,0.188,0.348,-0.21,-0.094,-0.593,-0.477,-0.697,-0.667,-0.321,0.635,-0.13,-0.495,0.695,-0.356,0.607,-0.06,0.228,-0.74,0.126,-0.405,0.199,-0.384,0.753,0.156,0.002,-0.569,-0.278,0.48,0.465,-0.472,-0.263,0.417,-0.55,-0.762,-0.001,-0.617,-0.621,0.555,-0.483,0.654,0.632,-0.636,0.51,0.693,-0.097,0.116,0.657,0.141,0.732,-0.424,-0.49,-0.084,0.574,0.493,0.392,-0.111,-0.158,0.761,0.056,0.243,-0.595,-0.101,-0.609,-0.465,0.021,0.59,-0.448,-0.465,-0.27,0.052,-0.567,0.458,0.149,-0.03,-0.035,0.694,-0.178,0.185,-0.203,0.516,0.509,-0.407,0.39,-0.404,0.341,-0.257,-0.223,-0.388,0.625,-0.551,-0.097,-0.217,0.51,-0.072,-0.22,0.27,0.194,-0.456,-0.457,-0.125,-0.289,0.746,0.373,-0.399,0.494,-0.232,0.1,0.663,-0.611,-0.272,-0.716,0.468,0.548,-0.192,0.639,0.693,0.611,-0.618,0.813,0.753,-0.624,-0.022,0.58,-0.501,0.176,-0.554,-0.623,0.462,-0.532,-0.6,0.396,-0.234,0.261,-0.17,-0.015,0.126,0.455,0.723,0.097,0.462,-0.369,-0.584,0.382,-0.156,-0.22,0.379,0.323,-0.031,0.111
ATER,0.613,0.174,0.538,-0.505,0.033,-0.702,0.634,0.198,-0.624,0.291,-0.579,-0.084,-0.522,-0.322,-0.625,0.186,-0.242,-0.677,1.0,0.508,0.307,0.004,-0.603,0.134,-0.594,-0.325,-0.487,-0.493,-0.243,0.429,0.256,0.09,0.381,0.193,0.106,-0.358,0.635,-0.651,0.618,-0.397,0.197,0.446,0.471,-0.405,-0.307,0.713,0.384,-0.187,-0.28,0.286,-0.066,-0.296,-0.412,0.163,-0.103,0.548,0.565,0.771,0.809,0.387,-0.304,0.219,0.458,-0.635,0.381,-0.647,0.066,-0.475,0.77,-0.256,0.479,-0.12,0.491,-0.676,-0.262,0.226,0.573,0.043,-0.608,-0.624,0.597,0.246,-0.594,0.556,0.848,0.186,0.594,0.65,-0.509,0.607,-0.576,-0.668,0.659,-0.508,-0.616,0.081,-0.284,-0.56,0.077,-0.716,0.437,0.495,0.272,-0.371,-0.592,-0.314,0.263,0.164,-0.644,-0.225,-0.198,0.683,0.036,0.457,0.422,0.204,-0.554,0.593,0.274,0.246,-0.108,0.53,-0.646,-0.409,0.402,-0.16,-0.61,0.234,-0.233,0.256,-0.535,-0.474,0.419,-0.485,0.528,-0.392,0.344,0.353,0.317,-0.699,0.604,-0.147,0.155,-0.468,0.216,0.312,-0.278,-0.015,0.639,0.549,0.343,0.242,-0.518,-0.461,0.437,-0.519,0.477,-0.094,-0.481,0.619,0.07,0.747,-0.665,-0.354,0.28,-0.62,-0.477,-0.677,0.67,-0.697,-0.6,0.535,0.202,-0.417,0.453,-0.215,0.57,0.508,-0.519,0.503,0.769,-0.549,0.093,-0.32,0.212,0.087,-0.152,-0.531,-0.692,-0.246,-0.401,0.474,0.547,-0.536,0.206,0.226,-0.34,-0.56,-0.02,-0.148
ATOS,0.619,-0.099,0.539,-0.435,0.05,-0.526,0.262,-0.253,-0.628,0.708,-0.302,0.021,-0.653,-0.093,-0.536,0.258,-0.657,-0.452,0.508,1.0,0.168,-0.217,-0.423,-0.255,-0.478,-0.062,-0.289,-0.541,-0.196,0.695,0.499,0.274,0.496,-0.142,0.436,0.048,0.492,-0.556,0.62,-0.655,-0.027,0.366,0.642,-0.309,-0.582,0.375,0.333,-0.174,-0.557,0.318,-0.334,-0.345,-0.589,0.224,-0.383,0.349,0.208,0.188,0.397,0.595,-0.003,-0.046,0.068,-0.603,0.144,-0.619,0.092,-0.488,0.248,-0.493,0.514,-0.271,0.235,-0.553,-0.546,0.296,0.254,-0.208,-0.49,-0.475,0.391,-0.063,-0.704,0.665,0.409,0.094,0.692,0.29,-0.464,0.642,-0.145,-0.506,0.602,-0.229,-0.659,-0.29,-0.386,-0.494,-0.179,-0.582,0.635,0.488,0.084,-0.078,-0.632,-0.153,0.536,0.399,-0.742,-0.503,-0.014,0.363,-0.052,0.168,0.266,0.278,-0.575,0.81,0.05,0.367,-0.043,0.104,-0.364,-0.494,0.606,-0.259,-0.513,0.343,-0.402,0.367,-0.075,-0.37,0.505,-0.53,0.429,-0.424,0.186,0.57,0.132,-0.4,0.443,-0.394,0.088,-0.64,0.359,0.009,-0.406,0.017,0.514,0.464,0.305,0.338,-0.272,-0.488,0.075,-0.395,0.642,-0.283,-0.351,0.496,-0.139,0.521,-0.611,-0.158,0.282,-0.539,-0.254,-0.37,0.448,-0.519,-0.483,0.196,-0.026,-0.099,0.438,-0.011,0.277,0.403,-0.381,0.333,0.573,-0.694,-0.186,-0.506,0.105,-0.154,-0.048,-0.491,-0.519,-0.189,-0.469,0.32,0.147,-0.576,0.243,0.038,-0.247,-0.596,-0.073,-0.303
AUPH,0.464,0.516,0.502,-0.066,0.383,-0.267,0.39,0.443,-0.246,0.338,-0.117,0.05,-0.321,-0.13,-0.309,0.263,-0.026,-0.192,0.307,0.168,1.0,0.041,-0.119,0.351,-0.397,0.1,-0.067,-0.349,0.047,0.165,0.204,0.301,0.379,0.53,0.041,-0.188,0.35,-0.283,0.531,-0.08,0.175,0.221,0.194,0.102,-0.375,0.213,0.528,-0.241,0.09,0.194,0.251,0.098,-0.057,0.351,0.077,0.577,0.659,0.268,0.423,0.082,-0.199,0.651,0.315,-0.416,0.669,-0.354,0.134,-0.143,0.167,0.066,0.33,0.438,0.567,-0.16,-0.107,0.461,0.343,-0.079,-0.16,-0.172,0.563,0.584,-0.287,0.335,0.3,0.665,0.303,0.476,0.065,0.3,-0.139,-0.396,0.529,-0.117,-0.269,0.266,-0.031,-0.137,0.469,-0.32,0.3,0.17,0.586,-0.018,-0.22,0.041,0.233,0.354,-0.149,0.068,-0.28,0.554,0.332,0.266,0.438,0.383,-0.136,0.423,0.226,0.119,-0.293,0.413,-0.316,-0.142,0.234,0.173,-0.117,0.148,0.198,0.447,-0.103,0.086,0.279,-0.225,0.719,-0.199,0.553,0.062,0.25,-0.237,0.394,-0.039,0.245,-0.215,0.137,0.661,0.319,0.122,0.433,0.444,0.422,0.302,-0.082,0.054,0.41,-0.267,0.358,-0.167,-0.064,0.404,0.031,0.263,-0.386,0.017,0.416,-0.185,-0.303,-0.259,0.617,-0.139,-0.206,0.366,0.728,-0.276,0.355,0.219,0.454,0.228,-0.136,0.451,0.439,-0.256,0.173,-0.302,0.275,-0.092,-0.181,-0.071,-0.297,-0.227,0.093,0.498,0.331,-0.236,0.495,0.186,-0.199,-0.258,0.389,0.203
AVGO,-0.121,0.486,-0.039,0.547,0.589,0.039,0.392,0.4,0.099,-0.323,0.269,0.125,0.275,-0.061,0.027,0.333,0.243,-0.1,0.004,-0.217,0.041,1.0,0.377,0.004,-0.053,0.057,-0.06,0.485,-0.007,-0.323,0.08,0.207,-0.084,0.427,-0.393,-0.318,0.051,0.264,-0.136,0.633,0.041,0.222,-0.428,0.401,0.351,0.264,0.126,-0.181,0.428,-0.136,0.569,0.238,0.586,0.217,0.218,0.181,0.443,0.246,0.113,-0.257,-0.258,0.479,0.533,-0.037,0.347,0.199,0.301,0.329,0.217,0.394,-0.193,0.347,0.309,0.051,0.106,0.005,0.272,0.203,0.321,0.309,0.062,0.431,0.34,-0.066,0.216,0.173,-0.06,0.046,0.277,-0.157,-0.15,0.108,-0.131,0.134,0.187,0.497,0.164,0.228,0.297,0.197,-0.086,0.118,0.466,-0.365,0.369,0.12,-0.066,0.022,0.096,0.587,-0.064,0.157,0.644,0.435,0.365,0.168,0.255,-0.128,0.591,0.061,-0.225,0.44,0.243,0.559,-0.313,0.583,0.005,-0.143,0.596,0.177,0.137,0.331,-0.282,0.011,0.092,0.166,0.364,-0.319,0.373,0.178,0.035,0.559,0.383,0.3,-0.023,0.5,0.583,0.198,-0.052,0.246,0.132,0.175,-0.03,0.378,0.236,-0.313,-0.198,0.408,-0.096,0.038,0.358,0.133,0.326,-0.17,0.087,0.289,-0.287,0.049,-0.09,-0.039,-0.111,0.418,0.341,-0.271,0.2,0.317,0.499,0.031,0.034,0.108,-0.056,0.221,0.345,-0.118,0.22,0.064,-0.182,0.459,-0.125,-0.166,0.151,0.218,0.485,0.311,0.277,0.085,0.09,0.265,0.48,0.444
AZN,-0.606,0.213,-0.443,0.714,0.323,0.684,-0.179,0.145,0.525,-0.258,0.617,-0.033,0.526,0.124,0.612,0.162,0.382,0.466,-0.603,-0.423,-0.119,0.377,1.0,0.066,0.445,0.457,0.538,0.686,0.232,-0.45,0.0,0.286,-0.33,0.18,-0.044,0.221,-0.271,0.73,-0.505,0.628,0.122,-0.427,-0.42,0.527,0.472,-0.45,-0.244,-0.173,0.646,-0.401,0.343,0.376,0.736,0.186,0.123,-0.359,-0.157,-0.341,-0.512,-0.305,0.05,0.251,0.032,0.426,-0.051,0.607,0.231,0.74,-0.424,0.394,-0.361,0.445,-0.217,0.667,0.298,-0.213,-0.238,-0.018,0.647,0.657,-0.471,0.156,0.697,-0.387,-0.475,0.126,-0.404,-0.569,0.706,-0.576,0.597,0.663,-0.523,0.731,0.648,0.314,0.399,0.647,0.366,0.602,-0.228,-0.234,0.098,0.044,0.751,0.428,-0.079,-0.099,0.563,0.471,0.266,-0.4,0.38,-0.131,-0.027,-0.199,0.703,-0.421,0.087,-0.245,-0.086,0.012,0.666,0.593,-0.301,0.456,0.672,-0.424,0.421,-0.028,0.638,0.499,-0.576,0.52,-0.357,0.624,-0.023,-0.331,-0.135,0.703,-0.264,0.515,0.196,0.709,0.046,0.093,0.634,0.106,-0.45,-0.25,0.111,0.069,0.535,0.717,-0.24,0.271,-0.355,0.321,0.539,-0.31,0.162,-0.417,0.704,0.382,-0.093,0.71,0.28,0.649,-0.57,0.588,0.528,-0.115,0.156,0.312,-0.36,0.427,-0.173,-0.246,0.67,-0.233,-0.582,0.656,0.212,0.287,0.176,0.143,0.065,0.694,0.54,0.235,0.405,-0.111,-0.091,0.713,0.176,-0.064,0.342,0.737,0.354,0.433
BCRX,-0.057,0.26,-0.017,-0.152,0.101,0.034,0.242,0.529,0.092,-0.202,-0.098,-0.154,0.191,-0.034,0.203,0.067,0.353,-0.044,0.134,-0.255,0.351,0.004,0.066,1.0,0.003,0.142,0.141,0.029,-0.015,-0.326,-0.156,-0.009,0.153,0.417,-0.081,0.123,-0.129,0.081,0.043,0.256,0.365,-0.221,-0.214,-0.021,0.174,-0.143,0.004,-0.03,0.445,0.002,0.204,0.428,0.159,0.07,0.413,0.085,0.324,0.122,0.111,0.067,-0.338,0.302,0.321,0.038,0.222,0.118,0.151,0.148,0.097,0.106,-0.166,0.158,0.115,0.123,0.446,-0.186,0.124,0.016,0.153,0.128,0.038,0.321,0.121,-0.026,0.111,0.164,-0.114,0.138,0.137,-0.281,-0.037,-0.027,0.182,0.144,0.084,0.388,0.031,0.088,0.296,-0.063,-0.108,-0.031,0.123,-0.182,0.048,-0.018,-0.16,-0.013,0.179,0.254,-0.087,0.249,0.123,-0.08,0.133,-0.181,0.251,-0.182,0.13,-0.4,-0.098,0.295,0.056,0.335,-0.139,0.097,0.064,-0.342,0.186,-0.162,-0.13,-0.065,-0.132,0.299,0.15,0.349,0.116,-0.196,-0.247,0.145,-0.079,0.338,-0.088,0.187,-0.249,0.241,0.245,-0.268,0.201,0.005,0.09,0.019,-0.28,0.293,0.038,0.202,-0.214,0.152,0.114,-0.045,-0.049,-0.077,0.088,0.054,0.119,0.133,-0.129,0.037,0.283,0.008,0.078,0.298,0.243,-0.081,-0.151,-0.086,0.08,0.072,0.166,-0.045,-0.102,0.197,0.477,0.163,0.082,0.336,0.023,0.052,-0.041,0.084,0.361,0.403,0.217,0.233,0.123,0.431,-0.042,0.169,0.112,0.114
BGC,-0.592,-0.301,-0.656,0.306,-0.281,0.58,-0.509,-0.16,0.482,-0.458,0.288,0.073,0.501,0.185,0.719,-0.11,0.335,0.674,-0.594,-0.478,-0.397,-0.053,0.445,0.003,1.0,0.108,0.408,0.51,0.378,-0.383,-0.269,-0.195,-0.476,-0.139,-0.2,0.172,-0.489,0.535,-0.69,0.378,-0.09,-0.441,-0.432,0.182,0.44,-0.5,-0.558,0.355,0.331,-0.341,0.033,0.267,0.346,-0.217,0.203,-0.56,-0.497,-0.426,-0.577,-0.398,0.383,-0.34,-0.386,0.804,-0.557,0.651,-0.174,0.439,-0.489,0.233,-0.474,-0.023,-0.563,0.596,0.293,-0.384,-0.443,0.046,0.404,0.387,-0.568,-0.339,0.54,-0.607,-0.58,-0.415,-0.571,-0.544,0.34,-0.435,0.43,0.558,-0.602,0.358,0.603,0.039,0.182,0.431,-0.06,0.584,-0.41,-0.557,-0.413,0.294,0.594,0.218,-0.137,-0.345,0.74,0.165,0.219,-0.633,-0.113,-0.373,-0.391,-0.122,0.473,-0.55,-0.321,-0.304,0.129,-0.454,0.494,0.297,-0.404,0.005,0.565,-0.279,0.025,-0.466,0.196,0.169,-0.469,0.481,-0.598,0.484,-0.427,-0.457,-0.309,0.56,-0.529,0.188,-0.19,0.518,-0.166,-0.43,0.008,-0.093,-0.565,-0.512,-0.242,-0.197,0.388,0.329,-0.189,0.593,-0.596,0.416,0.359,-0.585,-0.036,-0.562,0.518,0.162,-0.429,0.566,0.491,0.531,-0.559,0.578,0.546,-0.481,-0.349,0.289,-0.548,-0.016,-0.556,-0.478,0.316,-0.425,-0.704,0.508,-0.08,0.477,-0.261,0.239,0.164,0.354,0.537,0.242,0.218,-0.497,-0.462,0.465,-0.356,-0.189,0.434,0.487,-0.207,0.065
BIDU,-0.374,0.119,-0.302,0.32,0.369,0.369,-0.127,0.242,0.325,0.102,0.51,0.069,0.012,0.01,0.264,0.269,0.185,0.38,-0.325,-0.062,0.1,0.057,0.457,0.142,0.108,1.0,0.808,0.191,0.064,-0.052,0.299,0.426,0.212,0.11,0.238,0.289,-0.226,0.369,-0.185,0.187,-0.033,-0.431,-0.065,0.302,-0.052,-0.468,-0.005,-0.193,0.223,-0.366,0.188,0.309,0.193,0.171,-0.08,-0.115,-0.11,-0.416,-0.258,-0.084,-0.012,0.085,-0.017,0.104,-0.029,0.319,0.131,0.113,-0.382,0.09,-0.252,0.456,-0.096,0.585,0.106,0.019,-0.054,-0.428,0.507,0.51,-0.217,0.039,0.293,-0.069,-0.396,0.136,-0.107,-0.422,0.549,-0.443,0.764,0.378,-0.294,0.843,0.337,-0.014,-0.041,0.511,0.335,0.226,0.041,0.024,0.183,0.058,0.206,0.457,0.187,0.509,0.308,0.079,0.444,-0.226,0.165,-0.266,0.039,-0.006,0.431,-0.04,0.029,-0.231,-0.106,0.036,0.653,0.403,0.106,0.245,0.534,-0.196,0.372,-0.02,0.58,0.502,-0.399,0.262,-0.092,0.267,0.038,-0.091,-0.49,0.648,-0.291,0.127,0.053,0.254,-0.014,0.022,0.317,0.113,-0.111,0.019,0.176,0.16,0.473,0.329,-0.371,0.146,-0.005,-0.022,0.444,-0.27,-0.438,-0.225,0.284,0.508,0.3,0.562,0.283,0.631,-0.224,0.563,0.463,-0.071,0.199,0.278,-0.125,0.434,-0.166,-0.455,0.348,-0.284,-0.214,0.325,0.283,0.034,-0.046,-0.058,-0.229,0.332,0.449,-0.209,0.464,0.224,-0.193,0.294,0.214,0.26,0.128,0.231,0.238,0.164
BILI,-0.539,-0.159,-0.512,0.37,0.112,0.527,-0.359,0.114,0.543,-0.046,0.53,0.057,0.237,0.18,0.553,0.008,0.284,0.605,-0.487,-0.289,-0.067,-0.06,0.538,0.141,0.408,0.808,1.0,0.411,0.274,-0.216,-0.001,0.1,-0.151,-0.083,0.172,0.424,-0.458,0.534,-0.362,0.252,-0.167,-0.602,-0.163,0.215,0.17,-0.572,-0.305,0.119,0.306,-0.437,0.065,0.345,0.272,-0.064,-0.032,-0.404,-0.389,-0.47,-0.443,-0.209,0.213,-0.083,-0.222,0.45,-0.284,0.605,-0.01,0.224,-0.482,0.12,-0.442,0.372,-0.43,0.803,0.252,-0.194,-0.302,-0.309,0.563,0.554,-0.501,-0.153,0.448,-0.414,-0.545,-0.029,-0.454,-0.593,0.63,-0.589,0.866,0.543,-0.529,0.872,0.53,-0.079,0.075,0.631,0.163,0.5,-0.294,-0.158,-0.087,0.272,0.435,0.426,0.041,0.262,0.572,0.057,0.537,-0.506,-0.049,-0.424,-0.339,-0.181,0.548,-0.337,-0.165,-0.329,-0.013,-0.236,0.685,0.385,-0.057,0.056,0.697,-0.239,0.245,-0.278,0.536,0.437,-0.482,0.544,-0.349,0.417,-0.335,-0.249,-0.533,0.731,-0.453,0.084,-0.202,0.426,-0.122,-0.214,0.267,0.071,-0.366,-0.322,-0.053,-0.16,0.651,0.412,-0.381,0.536,-0.26,0.143,0.555,-0.475,-0.357,-0.433,0.369,0.516,-0.088,0.688,0.577,0.73,-0.454,0.772,0.643,-0.275,-0.002,0.451,-0.394,0.232,-0.39,-0.52,0.438,-0.496,-0.489,0.523,0.147,0.253,-0.196,0.041,0.019,0.354,0.633,-0.075,0.464,-0.049,-0.373,0.484,-0.029,0.108,0.322,0.356,-0.031,-0.021
BKR,-0.622,0.109,-0.568,0.713,0.131,0.572,-0.102,0.087,0.468,-0.515,0.452,-0.123,0.698,0.185,0.616,-0.002,0.486,0.372,-0.493,-0.541,-0.349,0.485,0.686,0.029,0.51,0.191,0.411,1.0,0.312,-0.536,-0.235,-0.109,-0.521,0.036,-0.288,0.082,-0.379,0.712,-0.677,0.787,0.072,-0.253,-0.582,0.432,0.721,-0.203,-0.297,0.186,0.606,-0.379,0.394,0.329,0.76,-0.009,0.206,-0.385,-0.229,-0.101,-0.471,-0.406,0.051,0.013,0.116,0.582,-0.32,0.747,0.162,0.715,-0.213,0.428,-0.457,0.166,-0.299,0.517,0.321,-0.364,-0.161,0.245,0.581,0.577,-0.511,-0.077,0.802,-0.572,-0.301,-0.266,-0.575,-0.435,0.516,-0.549,0.294,0.643,-0.598,0.502,0.62,0.386,0.448,0.517,0.163,0.65,-0.467,-0.236,-0.077,0.017,0.809,0.212,-0.255,-0.262,0.57,0.537,0.222,-0.379,0.222,0.023,-0.264,-0.281,0.595,-0.595,0.259,-0.151,-0.024,-0.095,0.582,0.648,-0.48,0.328,0.524,-0.334,0.384,-0.191,0.369,0.35,-0.513,0.501,-0.572,0.556,-0.223,-0.458,0.052,0.549,-0.387,0.574,0.049,0.727,-0.066,-0.103,0.38,0.001,-0.532,-0.357,-0.118,-0.189,0.317,0.683,-0.075,0.384,-0.571,0.611,0.324,-0.338,0.327,-0.331,0.693,0.139,-0.342,0.63,0.216,0.503,-0.604,0.43,0.381,-0.009,-0.14,0.188,-0.262,0.1,-0.108,-0.21,0.447,-0.216,-0.571,0.704,0.201,0.447,0.151,0.322,0.162,0.627,0.368,0.216,0.335,-0.333,0.03,0.745,-0.13,-0.076,0.355,0.748,0.211,0.29
BLDP,-0.172,-0.108,-0.119,0.38,-0.093,0.253,-0.359,-0.096,0.147,-0.061,0.2,0.312,0.282,0.464,0.493,0.315,0.164,0.31,-0.243,-0.196,0.047,-0.007,0.232,-0.015,0.378,0.064,0.274,0.312,1.0,0.07,0.166,0.096,-0.113,0.024,-0.053,0.034,0.022,0.153,-0.252,0.158,-0.317,0.0,-0.018,0.226,0.034,-0.166,-0.282,0.494,0.12,0.114,0.309,0.424,0.229,0.257,0.29,-0.278,-0.159,-0.221,-0.268,-0.29,0.202,-0.083,-0.388,0.315,-0.183,0.264,-0.394,0.234,-0.243,0.257,-0.079,0.124,-0.279,0.216,0.212,0.065,0.065,0.193,0.121,0.12,-0.022,-0.125,0.232,-0.148,-0.362,-0.158,-0.121,-0.043,0.214,0.109,0.207,0.238,-0.294,0.154,0.156,-0.179,0.171,0.196,0.004,0.244,0.049,-0.298,-0.11,0.602,0.19,0.229,0.375,-0.061,0.467,-0.003,0.338,-0.235,0.201,-0.009,-0.056,0.206,0.198,-0.089,-0.012,0.18,0.074,-0.336,0.267,0.136,-0.062,0.219,0.291,0.282,0.033,-0.035,0.273,0.256,0.152,0.214,-0.127,0.204,-0.214,-0.08,0.031,0.258,-0.043,-0.113,0.321,0.322,0.31,-0.114,0.068,0.278,-0.307,-0.086,0.152,0.147,0.324,0.203,0.344,0.567,-0.087,0.109,0.16,-0.145,0.009,-0.167,0.232,0.093,-0.097,0.313,0.352,0.314,-0.336,0.341,0.178,-0.451,-0.037,-0.015,-0.04,0.289,-0.278,-0.323,0.093,0.027,-0.248,0.125,-0.269,0.271,0.053,-0.18,0.296,0.206,0.295,0.144,-0.049,-0.275,-0.329,0.135,-0.092,-0.272,0.638,0.158,0.146,0.031
BLNK,0.6,-0.25,0.462,-0.237,0.107,-0.404,0.059,-0.244,-0.495,0.726,-0.156,0.257,-0.538,0.102,-0.449,0.309,-0.396,-0.295,0.429,0.695,0.165,-0.323,-0.45,-0.326,-0.383,-0.052,-0.216,-0.536,0.07,1.0,0.59,0.251,0.393,-0.201,0.579,-0.033,0.531,-0.49,0.525,-0.677,-0.28,0.374,0.789,-0.169,-0.576,0.386,0.351,0.034,-0.667,0.416,-0.219,-0.297,-0.629,0.355,-0.282,0.335,0.014,0.135,0.389,0.489,0.13,-0.192,-0.186,-0.567,0.031,-0.567,-0.146,-0.526,0.204,-0.418,0.599,-0.096,0.082,-0.478,-0.442,0.409,0.29,-0.184,-0.371,-0.355,0.382,-0.16,-0.58,0.613,0.265,0.097,0.648,0.254,-0.231,0.636,-0.035,-0.529,0.409,-0.224,-0.506,-0.487,-0.303,-0.327,-0.189,-0.398,0.608,0.279,0.125,0.227,-0.612,0.085,0.629,0.292,-0.552,-0.637,0.09,0.235,0.047,0.164,0.178,0.32,-0.458,0.78,-0.024,0.529,0.096,-0.023,-0.316,-0.561,0.563,-0.113,-0.322,0.553,-0.309,0.263,0.015,-0.032,0.514,-0.442,0.373,-0.501,0.092,0.62,0.168,-0.351,0.374,-0.57,0.255,-0.603,0.508,-0.066,-0.369,0.212,0.357,0.261,0.305,0.311,-0.01,-0.488,0.119,-0.24,0.587,-0.374,-0.204,0.38,-0.239,0.413,-0.557,0.093,0.363,-0.408,-0.005,-0.194,0.307,-0.263,-0.24,-0.043,0.006,-0.087,0.45,0.146,0.222,0.235,-0.361,0.238,0.53,-0.63,-0.399,-0.382,0.029,-0.266,0.073,-0.337,-0.264,-0.288,-0.469,0.139,-0.096,-0.698,0.04,-0.03,-0.1,-0.611,-0.015,-0.255
