,AAL,AAPL,ABUS,ADBE,ADI,ADMA,AEP,AGNC,AKBA,ALT,AMAT,AMD,AMGN,AMZN,APA,APPS,ARCC,ARDX,ATER,ATOS,AUPH,AVGO,AZN,BCRX,BGC,BIDU,BILI,BKR,BLDP,BLNK,BYND,CAN,CELH,CG,CGC,CHRD,CLNE,CMCSA,COMM,COST,CPB,CPRT,CRON,CRWD,CSCO,CSGP,CSX,CTSH,CZR,DBX,DDOG,DKNG,DLTR,DOCU,DVAX,DXCM,EA,EBAY,ENPH,ERIC,ESPR,ETSY,EXC,EXEL,EXPE,FANG,FAST,FITB,FLEX,FOLD,FOXA,FSLR,FTNT,FUTU,GEN,GERN,GEVO,GILD,GOOG,GOOGL,GPRO,GT,HBAN,HIVE,HON,HST,HUT,IBRX,INTC,IOVA,IQ,IRWD,JBLU,JD,KDP,KHC,LBTYK,LRCX,LYFT,MAR,MARA,MAT,MCHP,MCRB,MDLZ,META,MGNI,MLCO,MNKD,MNST,MOMO,MRNA,MRVL,MSFT,MSTR,MTCH,MU,MVIS,NDAQ,NFLX,NKTR,NNDM,NTES,NTNX,NVAX,NVDA,NWL,NWSA,NXPI,OCGN,OKTA,ON,OPK,PAA,PACB,PAGP,PANW,PARA,PCAR,PDD,PENN,PEP,PLUG,PTEN,PTON,PYPL,QCOM,QUBT,QVCGA,RDFN,REAL,RIOT,ROKU,ROST,RUN,SABR,SAVA,SBUX,SFIX,SGMO,SIRI,SLM,SMCI,SNDL,SONO,STNE,STX,TCOM,TGTX,TIGR,TLRY,TMUS,TRIP,TSCO,TSLA,TTD,TXN,UAL,UNIT,VERU,VKTX,VLY,VOD,VTRS,VXRT,WBA,WBD,WDAY,WDC,WEN,WW,WYNN,XEL,XP,XRAY,XRX,Z,ZION,ZM,ZS
AAL,1.0,0.692,0.439,-0.264,0.716,0.393,0.564,0.626,0.45,0.66,0.66,0.643,0.5,0.558,0.023,0.791,0.526,0.642,0.212,-0.064,0.414,0.639,0.414,0.326,0.008,-0.204,0.138,0.207,0.331,-0.01,0.764,0.22,0.021,0.772,-0.321,0.328,0.256,0.688,0.618,0.605,0.766,-0.193,-0.371,0.762,0.626,0.596,0.657,0.613,0.526,0.505,0.501,-0.433,0.469,0.696,0.074,0.675,0.332,0.53,0.511,0.811,0.43,0.58,-0.356,0.605,0.645,0.235,0.779,0.719,0.556,0.535,0.195,0.305,0.543,-0.124,0.636,0.607,0.495,0.718,0.421,0.454,-0.154,0.633,0.763,0.207,0.598,0.641,0.096,0.313,0.373,0.514,0.698,0.692,0.885,0.061,0.483,0.629,0.257,0.564,0.73,0.677,0.34,-0.079,0.756,0.119,0.147,0.484,0.574,0.731,0.196,0.365,0.604,0.453,0.617,-0.145,0.425,0.541,0.465,0.095,0.209,0.419,-0.122,0.297,-0.441,0.708,-0.359,0.572,0.755,0.536,0.747,-0.029,0.653,0.749,0.31,-0.583,0.466,-0.352,0.609,0.273,0.777,0.422,0.312,0.093,0.46,-0.437,0.381,0.709,0.689,-0.11,0.443,0.616,0.02,0.464,-0.517,0.641,0.564,0.662,0.508,-0.246,0.404,-0.295,0.64,0.762,0.477,0.01,0.813,0.646,0.672,-0.041,0.798,-0.381,0.3,0.619,0.438,0.67,0.564,0.613,0.697,0.891,0.14,-0.477,0.821,0.752,-0.578,0.701,-0.697,0.769,0.618,0.583,0.588,0.726,0.382,0.64,0.568,0.579,0.575,0.636,0.673,0.758,0.638,0.694
AAPL,0.692,1.0,0.371,-0.098,0.664,0.383,0.78,0.501,0.25,0.264,0.556,0.517,0.451,0.548,-0.006,0.646,0.393,0.574,0.06,-0.176,0.354,0.646,0.355,0.28,-0.051,-0.296,0.285,0.143,0.348,-0.131,0.683,0.053,-0.083,0.676,-0.316,0.208,0.13,0.68,0.561,0.6,0.787,-0.059,-0.469,0.649,0.589,0.571,0.479,0.594,0.446,0.387,0.37,-0.289,0.351,0.67,0.021,0.617,0.569,0.474,0.444,0.57,0.257,0.513,-0.029,0.527,0.498,0.119,0.679,0.666,0.387,0.487,0.153,0.209,0.462,0.06,0.486,0.495,0.587,0.774,0.334,0.277,0.029,0.51,0.656,0.021,0.546,0.54,-0.102,0.347,0.276,0.452,0.461,0.663,0.668,0.098,0.365,0.617,0.052,0.492,0.546,0.637,0.138,0.01,0.732,0.06,0.223,0.435,0.504,0.546,0.34,0.262,0.626,0.293,0.444,0.064,0.23,0.378,0.305,0.147,0.107,0.391,-0.112,0.287,-0.138,0.583,-0.021,0.536,0.751,0.454,0.684,-0.223,0.45,0.711,0.278,-0.385,0.402,-0.404,0.733,0.379,0.668,0.46,0.31,0.219,0.219,-0.324,0.232,0.539,0.649,-0.319,0.448,0.515,0.204,0.241,-0.225,0.578,0.43,0.634,0.643,-0.096,0.464,-0.241,0.644,0.572,0.426,-0.179,0.702,0.366,0.615,-0.115,0.731,-0.271,0.107,0.643,0.406,0.756,0.431,0.592,0.631,0.683,0.242,-0.297,0.677,0.676,-0.525,0.575,-0.372,0.604,0.71,0.487,0.393,0.601,0.223,0.541,0.644,0.598,0.372,0.635,0.57,0.643,0.567,0.601
ABUS,0.439,0.371,1.0,-0.302,0.803,0.847,0.4,0.84,0.63,0.675,0.775,0.613,0.891,0.839,0.666,0.59,0.661,0.842,0.685,0.531,0.72,0.707,0.83,0.292,0.678,0.19,-0.191,0.701,0.442,0.628,0.056,0.765,0.496,0.775,-0.57,0.81,0.7,0.714,0.875,0.854,0.341,0.064,-0.111,0.774,0.835,0.755,0.821,0.838,0.562,0.802,0.768,-0.35,0.942,0.708,0.715,0.774,0.053,0.85,0.844,0.66,0.807,0.35,-0.46,0.83,0.848,0.677,0.775,0.821,0.787,0.883,0.31,0.709,0.885,0.016,0.804,0.701,0.571,0.576,0.768,0.728,-0.059,0.614,0.756,0.69,0.858,0.849,0.66,0.87,0.83,0.671,0.653,0.794,0.57,0.691,0.658,0.342,0.789,0.823,0.62,0.797,0.735,0.081,0.73,0.809,0.287,0.839,0.841,0.668,0.088,0.749,0.178,0.829,0.747,0.339,0.604,0.8,0.797,0.545,0.721,0.734,0.334,0.755,-0.682,0.77,-0.493,0.721,0.708,0.912,0.745,0.604,0.877,0.795,0.411,-0.052,0.828,0.26,0.372,-0.139,0.791,0.377,0.439,0.289,0.558,-0.174,0.404,0.734,0.873,0.397,0.003,0.796,-0.487,0.643,-0.495,0.76,0.804,0.781,0.116,-0.478,-0.186,0.3,0.714,0.691,0.606,0.492,0.754,0.79,0.806,0.4,0.648,-0.392,0.742,0.398,0.849,0.408,0.778,0.573,0.851,0.523,0.462,-0.558,0.453,0.787,-0.168,0.845,-0.657,0.72,0.435,0.378,0.801,0.432,0.765,0.786,0.572,0.851,0.859,0.855,0.785,0.778,0.676,0.79
ADBE,-0.264,-0.098,-0.302,1.0,-0.172,-0.399,-0.186,-0.305,-0.449,-0.407,-0.126,-0.134,-0.121,-0.154,-0.197,-0.22,-0.055,-0.246,-0.198,-0.261,-0.316,-0.113,-0.184,-0.34,0.006,-0.094,0.243,-0.244,-0.38,-0.377,-0.046,-0.376,-0.255,-0.272,0.286,-0.336,-0.357,-0.256,-0.221,-0.148,0.053,0.234,-0.102,-0.202,-0.053,-0.311,-0.281,-0.249,-0.356,-0.224,-0.349,0.362,-0.289,-0.176,-0.275,-0.277,0.227,-0.262,-0.316,-0.312,-0.237,0.128,0.561,-0.22,-0.098,-0.243,-0.086,-0.297,-0.235,-0.197,-0.248,-0.341,-0.196,-0.046,-0.381,-0.365,-0.473,-0.067,-0.048,-0.087,-0.18,-0.381,-0.294,-0.34,-0.181,-0.183,-0.416,-0.313,-0.156,-0.457,-0.233,-0.366,-0.162,-0.338,0.151,0.097,-0.237,-0.182,-0.232,-0.125,-0.401,-0.306,-0.125,-0.166,0.396,-0.093,-0.256,-0.327,-0.359,0.0,0.006,-0.241,-0.24,0.407,-0.395,-0.361,-0.27,-0.45,-0.23,-0.05,-0.146,-0.331,0.258,-0.107,0.216,-0.175,-0.316,-0.267,-0.154,-0.293,-0.245,-0.18,-0.375,-0.024,-0.3,-0.197,0.167,-0.094,-0.09,-0.122,-0.101,0.152,-0.46,-0.127,-0.506,-0.289,-0.185,-0.253,-0.119,-0.265,0.017,-0.466,0.368,0.021,-0.335,-0.175,-0.023,0.393,-0.002,-0.012,-0.129,-0.247,-0.262,-0.432,-0.208,-0.415,-0.108,0.007,-0.313,0.139,-0.459,0.267,-0.215,-0.03,-0.31,-0.232,-0.27,-0.346,-0.389,0.386,-0.243,-0.279,0.134,-0.228,0.296,-0.203,-0.26,0.325,-0.204,-0.325,-0.22,-0.176,-0.158,-0.302,-0.443,-0.22,-0.217,-0.311,-0.064,-0.162
ADI,0.716,0.664,0.803,-0.172,1.0,0.733,0.679,0.876,0.441,0.582,0.953,0.805,0.826,0.844,0.542,0.745,0.753,0.849,0.521,0.208,0.694,0.907,0.778,0.435,0.386,0.03,-0.01,0.641,0.42,0.382,0.447,0.504,0.212,0.942,-0.625,0.713,0.609,0.902,0.926,0.881,0.617,0.187,-0.416,0.903,0.931,0.88,0.78,0.935,0.726,0.809,0.793,-0.271,0.762,0.869,0.486,0.865,0.417,0.77,0.794,0.737,0.708,0.565,-0.402,0.856,0.815,0.627,0.895,0.926,0.826,0.857,0.352,0.663,0.889,0.195,0.835,0.763,0.695,0.779,0.66,0.643,-0.007,0.762,0.916,0.363,0.89,0.915,0.323,0.739,0.788,0.678,0.719,0.883,0.802,0.469,0.62,0.544,0.508,0.925,0.8,0.923,0.512,0.055,0.971,0.489,0.286,0.822,0.85,0.743,0.242,0.71,0.478,0.76,0.853,0.269,0.41,0.764,0.749,0.353,0.547,0.778,0.06,0.56,-0.547,0.83,-0.379,0.837,0.836,0.88,0.966,0.224,0.847,0.976,0.257,-0.28,0.79,-0.047,0.699,0.091,0.928,0.611,0.682,0.3,0.596,-0.18,0.406,0.823,0.956,0.165,0.242,0.869,-0.187,0.484,-0.514,0.824,0.819,0.923,0.507,-0.246,0.209,-0.033,0.914,0.813,0.708,0.199,0.888,0.737,0.935,0.358,0.781,-0.351,0.561,0.576,0.763,0.704,0.786,0.775,0.956,0.789,0.371,-0.593,0.612,0.906,-0.44,0.866,-0.719,0.878,0.692,0.584,0.821,0.653,0.693,0.906,0.669,0.852,0.775,0.919,0.874,0.906,0.722,0.925
ADMA,0.393,0.383,0.847,-0.399,0.733,1.0,0.438,0.858,0.706,0.637,0.701,0.634,0.797,0.775,0.645,0.639,0.671,0.778,0.698,0.595,0.736,0.713,0.741,0.384,0.576,0.156,-0.198,0.68,0.491,0.633,0.102,0.715,0.436,0.726,-0.588,0.744,0.75,0.692,0.84,0.789,0.218,0.012,-0.14,0.664,0.715,0.767,0.764,0.78,0.669,0.764,0.781,-0.381,0.802,0.683,0.69,0.695,0.014,0.805,0.853,0.607,0.801,0.39,-0.556,0.797,0.673,0.66,0.681,0.801,0.772,0.865,0.245,0.747,0.779,0.109,0.742,0.736,0.636,0.519,0.636,0.577,0.061,0.672,0.728,0.67,0.793,0.789,0.713,0.869,0.758,0.754,0.502,0.808,0.501,0.663,0.476,0.197,0.632,0.771,0.63,0.73,0.753,0.265,0.637,0.739,0.097,0.751,0.829,0.638,0.165,0.604,0.157,0.816,0.702,0.264,0.622,0.833,0.672,0.593,0.68,0.683,0.321,0.712,-0.616,0.643,-0.476,0.681,0.675,0.861,0.66,0.56,0.786,0.737,0.391,-0.025,0.82,0.221,0.338,-0.133,0.707,0.427,0.531,0.236,0.588,-0.129,0.545,0.729,0.786,0.397,-0.053,0.819,-0.308,0.707,-0.574,0.675,0.815,0.758,0.186,-0.523,-0.116,0.21,0.695,0.699,0.587,0.569,0.72,0.759,0.732,0.373,0.629,-0.329,0.763,0.252,0.807,0.361,0.783,0.567,0.815,0.492,0.551,-0.561,0.434,0.777,-0.168,0.744,-0.599,0.691,0.428,0.207,0.695,0.525,0.706,0.727,0.572,0.849,0.78,0.823,0.792,0.773,0.538,0.733
AEP,0.564,0.78,0.4,-0.186,0.679,0.438,1.0,0.553,0.157,0.184,0.585,0.435,0.51,0.451,0.264,0.525,0.431,0.492,0.061,-0.091,0.428,0.602,0.479,0.56,-0.003,-0.228,0.249,0.328,0.566,0.086,0.572,0.076,0.11,0.663,-0.395,0.352,0.332,0.756,0.588,0.534,0.678,0.3,-0.302,0.606,0.595,0.701,0.452,0.651,0.652,0.426,0.481,0.058,0.362,0.584,0.266,0.675,0.7,0.449,0.456,0.405,0.282,0.454,0.04,0.562,0.401,0.273,0.552,0.675,0.399,0.484,0.426,0.334,0.472,0.289,0.527,0.479,0.717,0.764,0.165,0.119,0.352,0.652,0.693,-0.046,0.566,0.58,-0.087,0.407,0.364,0.468,0.343,0.703,0.527,0.138,0.412,0.588,0.116,0.522,0.52,0.642,0.094,0.304,0.742,0.108,0.321,0.345,0.527,0.462,0.616,0.456,0.369,0.366,0.492,0.017,0.141,0.442,0.355,0.386,0.341,0.414,0.096,0.283,-0.1,0.485,0.115,0.469,0.764,0.505,0.641,-0.138,0.444,0.705,0.232,-0.122,0.48,-0.178,0.713,0.369,0.575,0.535,0.583,0.54,0.516,0.03,0.423,0.629,0.617,-0.192,0.524,0.562,0.34,0.156,-0.063,0.564,0.501,0.662,0.6,0.143,0.574,-0.11,0.67,0.461,0.434,0.032,0.621,0.383,0.644,0.006,0.665,-0.08,0.225,0.501,0.376,0.841,0.392,0.618,0.637,0.659,0.514,-0.31,0.466,0.676,-0.407,0.513,-0.245,0.534,0.811,0.462,0.431,0.721,0.248,0.602,0.825,0.564,0.425,0.596,0.553,0.695,0.466,0.584
AGNC,0.626,0.501,0.84,-0.305,0.876,0.858,0.553,1.0,0.576,0.684,0.854,0.665,0.813,0.848,0.661,0.693,0.751,0.836,0.72,0.332,0.787,0.796,0.829,0.423,0.555,0.132,-0.189,0.729,0.523,0.536,0.235,0.679,0.366,0.908,-0.629,0.803,0.719,0.825,0.923,0.838,0.359,0.08,-0.28,0.822,0.827,0.875,0.853,0.89,0.841,0.858,0.897,-0.308,0.813,0.755,0.597,0.799,0.18,0.843,0.923,0.704,0.857,0.542,-0.52,0.875,0.807,0.713,0.796,0.937,0.905,0.876,0.4,0.809,0.874,0.087,0.843,0.813,0.71,0.612,0.696,0.668,0.11,0.813,0.926,0.554,0.849,0.898,0.545,0.824,0.835,0.753,0.609,0.927,0.665,0.586,0.561,0.309,0.666,0.869,0.792,0.82,0.66,0.188,0.809,0.622,0.098,0.814,0.932,0.707,0.191,0.658,0.281,0.886,0.884,0.277,0.536,0.889,0.744,0.526,0.691,0.811,0.227,0.665,-0.624,0.766,-0.455,0.793,0.786,0.932,0.826,0.39,0.916,0.88,0.417,-0.112,0.901,0.212,0.532,-0.027,0.849,0.549,0.616,0.217,0.715,-0.119,0.648,0.89,0.88,0.328,0.11,0.935,-0.165,0.651,-0.538,0.748,0.945,0.864,0.271,-0.412,0.062,0.008,0.804,0.82,0.755,0.383,0.837,0.886,0.863,0.398,0.722,-0.385,0.701,0.344,0.848,0.502,0.885,0.746,0.917,0.735,0.492,-0.574,0.511,0.925,-0.212,0.861,-0.717,0.821,0.598,0.385,0.832,0.713,0.791,0.888,0.65,0.904,0.86,0.888,0.921,0.955,0.607,0.891
AKBA,0.45,0.25,0.63,-0.449,0.441,0.706,0.157,0.576,1.0,0.634,0.36,0.4,0.486,0.525,0.185,0.528,0.395,0.625,0.563,0.536,0.488,0.369,0.434,0.006,0.352,0.081,-0.071,0.282,0.253,0.363,0.179,0.632,0.304,0.499,-0.273,0.434,0.354,0.426,0.518,0.561,0.201,-0.483,0.094,0.478,0.411,0.426,0.671,0.463,0.296,0.475,0.464,-0.638,0.623,0.443,0.313,0.439,-0.31,0.619,0.622,0.612,0.696,0.274,-0.534,0.52,0.563,0.286,0.525,0.567,0.536,0.57,0.055,0.416,0.463,-0.189,0.559,0.621,0.355,0.323,0.503,0.495,-0.184,0.462,0.53,0.711,0.493,0.508,0.639,0.494,0.415,0.643,0.476,0.572,0.485,0.407,0.365,0.168,0.492,0.439,0.418,0.456,0.751,0.018,0.375,0.503,-0.028,0.497,0.586,0.641,-0.065,0.23,0.204,0.576,0.386,-0.122,0.71,0.552,0.479,0.359,0.33,0.33,0.252,0.564,-0.559,0.508,-0.509,0.359,0.541,0.553,0.411,0.483,0.592,0.467,0.515,-0.258,0.533,0.031,0.072,-0.032,0.536,0.084,0.164,-0.068,0.339,-0.437,0.37,0.506,0.521,0.231,-0.047,0.6,-0.274,0.762,-0.606,0.48,0.591,0.427,0.012,-0.703,-0.211,0.182,0.31,0.541,0.345,0.51,0.496,0.6,0.41,0.034,0.613,-0.315,0.67,0.22,0.587,0.233,0.562,0.345,0.553,0.381,0.227,-0.358,0.528,0.575,-0.222,0.644,-0.517,0.497,0.265,0.141,0.461,0.386,0.522,0.429,0.357,0.58,0.614,0.539,0.589,0.531,0.44,0.421
ALT,0.66,0.264,0.675,-0.407,0.582,0.637,0.184,0.684,0.634,1.0,0.588,0.633,0.654,0.631,0.31,0.616,0.606,0.68,0.507,0.494,0.518,0.533,0.52,0.226,0.411,0.117,-0.175,0.417,0.255,0.44,0.227,0.577,0.341,0.639,-0.397,0.539,0.472,0.499,0.641,0.632,0.33,-0.228,-0.12,0.627,0.599,0.494,0.701,0.547,0.461,0.56,0.592,-0.508,0.714,0.608,0.421,0.599,-0.134,0.62,0.615,0.75,0.682,0.25,-0.594,0.607,0.677,0.429,0.667,0.647,0.624,0.651,0.067,0.478,0.597,-0.205,0.577,0.61,0.35,0.45,0.641,0.674,-0.266,0.476,0.627,0.62,0.671,0.629,0.622,0.585,0.636,0.528,0.696,0.617,0.665,0.408,0.486,0.287,0.545,0.585,0.65,0.591,0.681,-0.077,0.532,0.574,0.144,0.634,0.621,0.633,-0.012,0.506,0.272,0.66,0.687,0.128,0.709,0.65,0.587,0.34,0.487,0.535,0.159,0.574,-0.679,0.626,-0.674,0.594,0.557,0.644,0.592,0.549,0.737,0.621,0.269,-0.346,0.568,0.026,0.245,-0.096,0.677,0.308,0.21,0.051,0.454,-0.382,0.394,0.642,0.675,0.328,0.019,0.634,-0.473,0.701,-0.663,0.596,0.632,0.565,0.046,-0.51,-0.169,0.108,0.49,0.688,0.462,0.418,0.7,0.809,0.598,0.233,0.596,-0.435,0.606,0.362,0.586,0.25,0.654,0.443,0.669,0.604,0.23,-0.513,0.64,0.652,-0.288,0.685,-0.788,0.712,0.271,0.339,0.653,0.434,0.562,0.609,0.394,0.641,0.674,0.635,0.62,0.662,0.638,0.641
AMAT,0.66,0.556,0.775,-0.126,0.953,0.701,0.585,0.854,0.36,0.588,1.0,0.82,0.834,0.849,0.585,0.729,0.747,0.792,0.513,0.19,0.644,0.928,0.83,0.427,0.464,0.07,-0.118,0.686,0.329,0.399,0.396,0.495,0.248,0.902,-0.683,0.705,0.647,0.865,0.92,0.833,0.533,0.296,-0.458,0.891,0.939,0.88,0.757,0.916,0.738,0.871,0.804,-0.21,0.776,0.854,0.484,0.849,0.408,0.77,0.774,0.722,0.691,0.581,-0.447,0.875,0.815,0.675,0.86,0.873,0.848,0.848,0.335,0.686,0.911,0.16,0.838,0.717,0.578,0.721,0.679,0.674,-0.063,0.739,0.847,0.352,0.899,0.89,0.345,0.734,0.817,0.615,0.706,0.825,0.758,0.444,0.647,0.507,0.554,0.956,0.851,0.906,0.501,0.064,0.926,0.479,0.259,0.878,0.832,0.702,0.154,0.769,0.423,0.735,0.895,0.357,0.383,0.795,0.773,0.327,0.606,0.833,0.008,0.505,-0.583,0.831,-0.487,0.885,0.738,0.886,0.929,0.227,0.861,0.931,0.176,-0.239,0.769,0.025,0.705,-0.006,0.903,0.699,0.713,0.308,0.57,-0.137,0.388,0.819,0.93,0.204,0.143,0.807,-0.283,0.463,-0.567,0.798,0.797,0.914,0.481,-0.201,0.157,-0.071,0.935,0.811,0.708,0.17,0.874,0.782,0.925,0.473,0.652,-0.364,0.508,0.511,0.77,0.602,0.751,0.777,0.911,0.714,0.313,-0.662,0.557,0.827,-0.385,0.839,-0.759,0.858,0.599,0.614,0.88,0.606,0.71,0.934,0.617,0.816,0.808,0.881,0.832,0.853,0.67,0.946
AMD,0.643,0.517,0.613,-0.134,0.805,0.634,0.435,0.665,0.4,0.633,0.82,1.0,0.726,0.685,0.318,0.776,0.799,0.723,0.392,0.308,0.41,0.873,0.633,0.379,0.283,-0.06,-0.055,0.429,0.204,0.335,0.435,0.398,0.131,0.733,-0.554,0.501,0.576,0.67,0.782,0.733,0.538,0.022,-0.51,0.72,0.791,0.635,0.594,0.707,0.528,0.624,0.525,-0.425,0.613,0.819,0.264,0.688,0.234,0.597,0.596,0.677,0.602,0.447,-0.478,0.729,0.701,0.463,0.806,0.697,0.725,0.765,0.057,0.482,0.712,0.025,0.601,0.586,0.407,0.66,0.619,0.629,-0.242,0.493,0.707,0.387,0.774,0.772,0.34,0.593,0.669,0.578,0.726,0.65,0.84,0.272,0.584,0.499,0.379,0.79,0.771,0.787,0.52,-0.039,0.8,0.403,0.279,0.743,0.657,0.667,0.036,0.581,0.565,0.647,0.698,0.214,0.434,0.632,0.667,0.124,0.368,0.623,-0.073,0.428,-0.548,0.721,-0.599,0.743,0.642,0.676,0.846,0.317,0.682,0.814,0.026,-0.5,0.572,-0.225,0.571,0.065,0.79,0.485,0.523,0.167,0.318,-0.307,0.204,0.665,0.803,0.137,0.083,0.711,-0.394,0.452,-0.687,0.727,0.617,0.804,0.565,-0.387,0.087,-0.061,0.818,0.797,0.505,0.196,0.769,0.57,0.823,0.31,0.61,-0.43,0.473,0.556,0.625,0.506,0.586,0.581,0.769,0.644,0.143,-0.601,0.588,0.686,-0.5,0.695,-0.756,0.917,0.459,0.567,0.727,0.398,0.607,0.738,0.51,0.676,0.617,0.773,0.745,0.678,0.67,0.784
AMGN,0.5,0.451,0.891,-0.121,0.826,0.797,0.51,0.813,0.486,0.654,0.834,0.726,1.0,0.82,0.607,0.681,0.759,0.8,0.588,0.469,0.61,0.801,0.821,0.404,0.694,0.094,-0.172,0.669,0.464,0.536,0.216,0.626,0.455,0.763,-0.534,0.732,0.692,0.762,0.915,0.852,0.46,0.209,-0.182,0.749,0.882,0.765,0.808,0.795,0.604,0.754,0.713,-0.188,0.907,0.799,0.679,0.796,0.284,0.851,0.798,0.694,0.732,0.495,-0.303,0.849,0.837,0.621,0.829,0.808,0.746,0.902,0.332,0.657,0.848,0.001,0.71,0.664,0.544,0.726,0.738,0.685,-0.07,0.66,0.75,0.604,0.937,0.897,0.558,0.824,0.859,0.624,0.599,0.806,0.648,0.557,0.783,0.449,0.71,0.835,0.705,0.888,0.649,0.108,0.782,0.757,0.483,0.84,0.823,0.626,0.076,0.858,0.281,0.807,0.744,0.419,0.606,0.787,0.743,0.446,0.756,0.762,0.308,0.647,-0.671,0.764,-0.455,0.706,0.756,0.867,0.788,0.52,0.836,0.842,0.304,-0.091,0.781,0.131,0.499,-0.091,0.861,0.44,0.527,0.503,0.548,-0.189,0.364,0.761,0.904,0.293,0.024,0.773,-0.44,0.585,-0.464,0.881,0.754,0.886,0.244,-0.351,-0.03,0.241,0.808,0.724,0.513,0.433,0.839,0.739,0.88,0.381,0.588,-0.412,0.65,0.56,0.82,0.545,0.663,0.589,0.871,0.525,0.475,-0.568,0.538,0.776,-0.228,0.856,-0.664,0.788,0.446,0.541,0.789,0.478,0.709,0.834,0.694,0.835,0.755,0.881,0.767,0.793,0.748,0.806
AMZN,0.558,0.548,0.839,-0.154,0.844,0.775,0.451,0.848,0.525,0.631,0.849,0.685,0.82,1.0,0.629,0.672,0.629,0.897,0.67,0.215,0.791,0.84,0.83,0.277,0.592,0.083,-0.323,0.761,0.235,0.428,0.211,0.661,0.229,0.851,-0.689,0.8,0.581,0.821,0.87,0.919,0.406,0.093,-0.412,0.836,0.888,0.82,0.853,0.87,0.654,0.888,0.847,-0.351,0.838,0.835,0.547,0.766,0.163,0.886,0.873,0.704,0.762,0.544,-0.514,0.835,0.834,0.754,0.848,0.876,0.837,0.873,0.276,0.764,0.885,-0.077,0.838,0.767,0.54,0.561,0.858,0.822,-0.103,0.652,0.79,0.505,0.864,0.846,0.525,0.816,0.77,0.64,0.613,0.815,0.678,0.604,0.548,0.286,0.581,0.871,0.704,0.832,0.607,0.17,0.779,0.646,0.138,0.928,0.866,0.676,0.034,0.624,0.332,0.741,0.796,0.464,0.427,0.794,0.706,0.442,0.621,0.896,0.026,0.714,-0.605,0.788,-0.55,0.87,0.699,0.899,0.82,0.296,0.882,0.847,0.306,-0.082,0.83,0.209,0.584,-0.175,0.858,0.555,0.438,0.202,0.454,-0.143,0.357,0.778,0.895,0.369,-0.029,0.783,-0.377,0.594,-0.624,0.753,0.828,0.832,0.265,-0.42,-0.041,-0.093,0.784,0.757,0.77,0.152,0.832,0.821,0.816,0.374,0.687,-0.555,0.535,0.378,0.886,0.401,0.807,0.707,0.878,0.62,0.315,-0.603,0.524,0.844,-0.196,0.84,-0.769,0.801,0.464,0.418,0.753,0.51,0.751,0.855,0.581,0.934,0.803,0.918,0.838,0.798,0.633,0.882
APA,0.023,-0.006,0.666,-0.197,0.542,0.645,0.264,0.661,0.185,0.31,0.585,0.318,0.607,0.629,1.0,0.192,0.435,0.517,0.658,0.337,0.671,0.48,0.736,0.455,0.713,0.305,-0.497,0.905,0.402,0.678,-0.302,0.58,0.445,0.503,-0.573,0.867,0.721,0.542,0.628,0.54,-0.119,0.479,-0.037,0.415,0.563,0.63,0.527,0.616,0.644,0.692,0.761,0.142,0.637,0.4,0.779,0.448,0.061,0.617,0.676,0.225,0.581,0.185,-0.331,0.575,0.446,0.899,0.376,0.559,0.627,0.631,0.545,0.803,0.679,0.236,0.567,0.496,0.521,0.172,0.546,0.503,0.329,0.553,0.485,0.358,0.566,0.609,0.527,0.755,0.715,0.4,0.217,0.562,0.168,0.674,0.285,-0.134,0.634,0.638,0.339,0.495,0.402,0.43,0.419,0.678,0.023,0.623,0.673,0.212,0.124,0.625,-0.177,0.653,0.597,0.476,0.164,0.669,0.505,0.643,0.772,0.724,0.291,0.601,-0.442,0.352,-0.229,0.551,0.37,0.739,0.444,0.413,0.599,0.5,0.222,0.481,0.75,0.653,0.181,-0.316,0.42,0.344,0.527,0.3,0.626,0.471,0.469,0.558,0.543,0.665,-0.104,0.552,-0.279,0.317,-0.242,0.389,0.651,0.572,-0.12,-0.127,-0.094,0.179,0.525,0.36,0.552,0.383,0.423,0.581,0.552,0.527,0.203,-0.172,0.529,-0.096,0.665,0.092,0.61,0.416,0.581,0.231,0.55,-0.404,-0.057,0.517,0.248,0.478,-0.371,0.414,0.199,0.043,0.52,0.28,0.633,0.621,0.347,0.646,0.604,0.596,0.513,0.542,0.263,0.55
APPS,0.791,0.646,0.59,-0.22,0.745,0.639,0.525,0.693,0.528,0.616,0.729,0.776,0.681,0.672,0.192,1.0,0.68,0.722,0.369,0.164,0.472,0.797,0.553,0.334,0.246,-0.231,-0.005,0.323,0.328,0.206,0.706,0.394,0.174,0.756,-0.414,0.42,0.555,0.717,0.762,0.755,0.636,-0.17,-0.338,0.775,0.716,0.656,0.698,0.683,0.525,0.6,0.531,-0.493,0.625,0.772,0.248,0.727,0.263,0.656,0.662,0.813,0.59,0.602,-0.422,0.754,0.701,0.36,0.826,0.762,0.666,0.747,0.123,0.452,0.683,-0.118,0.658,0.605,0.509,0.733,0.521,0.501,-0.155,0.657,0.751,0.403,0.745,0.81,0.301,0.546,0.531,0.577,0.629,0.752,0.791,0.175,0.581,0.576,0.38,0.708,0.771,0.776,0.511,0.079,0.75,0.38,0.227,0.652,0.698,0.746,0.125,0.479,0.555,0.612,0.622,0.022,0.538,0.668,0.57,0.179,0.378,0.532,-0.008,0.427,-0.559,0.75,-0.436,0.648,0.75,0.67,0.769,0.209,0.732,0.79,0.313,-0.505,0.58,-0.238,0.579,0.158,0.832,0.441,0.383,0.19,0.438,-0.461,0.371,0.726,0.769,0.006,0.177,0.717,-0.166,0.557,-0.591,0.76,0.645,0.773,0.629,-0.41,0.228,-0.148,0.783,0.813,0.505,0.195,0.876,0.652,0.738,0.057,0.705,-0.449,0.467,0.628,0.626,0.593,0.602,0.623,0.765,0.722,0.236,-0.576,0.771,0.761,-0.475,0.776,-0.719,0.803,0.556,0.545,0.647,0.615,0.534,0.681,0.616,0.695,0.641,0.759,0.792,0.754,0.659,0.778
ARCC,0.526,0.393,0.661,-0.055,0.753,0.671,0.431,0.751,0.395,0.606,0.747,0.799,0.759,0.629,0.435,0.68,1.0,0.652,0.496,0.48,0.457,0.755,0.66,0.381,0.408,0.001,-0.029,0.454,0.433,0.483,0.282,0.45,0.371,0.714,-0.308,0.507,0.663,0.626,0.768,0.694,0.403,0.061,-0.236,0.629,0.739,0.606,0.642,0.694,0.613,0.592,0.564,-0.24,0.607,0.672,0.432,0.673,0.172,0.574,0.632,0.654,0.713,0.49,-0.361,0.726,0.652,0.444,0.69,0.691,0.701,0.78,0.223,0.522,0.664,0.06,0.544,0.539,0.44,0.625,0.53,0.523,-0.05,0.574,0.725,0.474,0.763,0.792,0.421,0.605,0.747,0.556,0.604,0.723,0.679,0.279,0.68,0.437,0.515,0.742,0.704,0.738,0.575,0.039,0.712,0.546,0.376,0.671,0.69,0.555,0.105,0.698,0.435,0.779,0.686,0.239,0.571,0.737,0.637,0.248,0.558,0.632,0.235,0.487,-0.586,0.695,-0.466,0.664,0.631,0.73,0.764,0.49,0.684,0.741,0.109,-0.382,0.657,-0.062,0.48,0.115,0.758,0.389,0.597,0.328,0.514,-0.315,0.42,0.698,0.739,0.156,0.032,0.807,-0.263,0.544,-0.465,0.758,0.685,0.77,0.372,-0.324,0.03,0.179,0.737,0.832,0.476,0.43,0.718,0.587,0.82,0.378,0.498,-0.263,0.623,0.534,0.596,0.493,0.674,0.525,0.742,0.558,0.356,-0.459,0.549,0.709,-0.351,0.69,-0.669,0.793,0.459,0.576,0.73,0.47,0.653,0.729,0.592,0.671,0.616,0.7,0.764,0.742,0.665,0.745
ARDX,0.642,0.574,0.842,-0.246,0.849,0.778,0.492,0.836,0.625,0.68,0.792,0.723,0.8,0.897,0.517,0.722,0.652,1.0,0.65,0.262,0.784,0.79,0.756,0.28,0.523,0.018,-0.202,0.62,0.358,0.469,0.294,0.721,0.214,0.853,-0.565,0.753,0.556,0.799,0.858,0.945,0.49,-0.105,-0.347,0.795,0.829,0.765,0.849,0.848,0.608,0.757,0.741,-0.49,0.84,0.827,0.521,0.812,0.123,0.855,0.878,0.758,0.797,0.562,-0.495,0.82,0.866,0.62,0.861,0.899,0.847,0.867,0.238,0.7,0.823,-0.089,0.78,0.776,0.6,0.623,0.795,0.785,-0.103,0.665,0.854,0.617,0.844,0.833,0.576,0.773,0.698,0.686,0.662,0.837,0.762,0.549,0.549,0.352,0.552,0.819,0.716,0.853,0.709,0.105,0.81,0.618,0.184,0.82,0.906,0.734,0.19,0.554,0.366,0.766,0.73,0.216,0.524,0.731,0.734,0.462,0.509,0.767,0.088,0.713,-0.641,0.757,-0.47,0.774,0.791,0.831,0.851,0.356,0.838,0.866,0.385,-0.245,0.843,0.143,0.493,0.007,0.867,0.396,0.411,0.164,0.486,-0.225,0.413,0.805,0.88,0.38,0.054,0.855,-0.275,0.703,-0.606,0.779,0.848,0.822,0.325,-0.506,0.038,-0.042,0.752,0.794,0.713,0.273,0.831,0.787,0.792,0.232,0.775,-0.589,0.648,0.449,0.881,0.513,0.81,0.637,0.885,0.716,0.357,-0.574,0.62,0.906,-0.268,0.895,-0.719,0.843,0.576,0.371,0.696,0.56,0.81,0.821,0.643,0.902,0.75,0.908,0.877,0.824,0.684,0.816
ATER,0.212,0.06,0.685,-0.198,0.521,0.698,0.061,0.72,0.563,0.507,0.513,0.392,0.588,0.67,0.658,0.369,0.496,0.65,1.0,0.403,0.664,0.483,0.592,0.073,0.702,0.294,-0.498,0.66,0.263,0.657,-0.196,0.81,0.265,0.532,-0.434,0.752,0.615,0.471,0.65,0.631,-0.099,-0.14,-0.04,0.416,0.522,0.519,0.701,0.535,0.489,0.64,0.676,-0.303,0.688,0.476,0.538,0.395,-0.313,0.743,0.818,0.434,0.816,0.279,-0.527,0.582,0.603,0.7,0.529,0.614,0.737,0.707,0.243,0.756,0.612,-0.169,0.549,0.658,0.404,0.114,0.728,0.697,0.083,0.542,0.583,0.686,0.587,0.654,0.689,0.722,0.741,0.541,0.289,0.618,0.345,0.688,0.303,-0.189,0.66,0.658,0.405,0.514,0.697,0.193,0.39,0.698,-0.126,0.663,0.746,0.425,-0.139,0.354,0.025,0.804,0.543,0.321,0.441,0.642,0.57,0.451,0.562,0.629,0.302,0.681,-0.56,0.41,-0.445,0.462,0.445,0.696,0.496,0.567,0.668,0.536,0.392,0.147,0.756,0.452,0.052,-0.266,0.562,0.157,0.312,-0.08,0.49,-0.002,0.451,0.567,0.575,0.578,-0.308,0.706,-0.348,0.616,-0.527,0.486,0.766,0.563,-0.127,-0.589,-0.324,0.026,0.438,0.512,0.5,0.444,0.483,0.623,0.5,0.386,0.389,-0.42,0.715,-0.01,0.787,0.014,0.695,0.401,0.635,0.323,0.258,-0.306,0.191,0.613,0.128,0.628,-0.55,0.552,0.164,0.004,0.509,0.271,0.798,0.582,0.246,0.711,0.603,0.649,0.685,0.601,0.399,0.524
ATOS,-0.064,-0.176,0.531,-0.261,0.208,0.595,-0.091,0.332,0.536,0.494,0.19,0.308,0.469,0.215,0.337,0.164,0.48,0.262,0.403,1.0,0.209,0.121,0.325,0.091,0.459,0.379,-0.005,0.213,0.276,0.59,-0.271,0.475,0.63,0.158,-0.104,0.328,0.467,0.061,0.315,0.259,-0.134,-0.081,0.358,0.11,0.235,0.146,0.268,0.197,0.103,0.202,0.243,-0.143,0.48,0.111,0.52,0.238,-0.348,0.283,0.308,0.265,0.538,-0.181,-0.273,0.276,0.234,0.206,0.169,0.197,0.276,0.435,0.005,0.259,0.278,0.179,0.16,0.248,0.121,0.125,0.289,0.282,-0.076,0.12,0.174,0.654,0.339,0.323,0.686,0.482,0.49,0.331,0.316,0.271,0.104,0.451,0.366,0.011,0.521,0.281,0.111,0.212,0.612,-0.037,0.104,0.656,0.259,0.309,0.301,0.224,-0.059,0.45,-0.15,0.536,0.239,0.178,0.672,0.415,0.35,0.349,0.494,0.181,0.518,0.405,-0.465,0.223,-0.375,0.172,0.167,0.4,0.145,0.821,0.305,0.18,0.146,-0.015,0.325,0.183,-0.198,-0.224,0.214,-0.081,0.239,0.165,0.281,-0.196,0.205,0.221,0.278,0.369,-0.228,0.382,-0.51,0.499,-0.253,0.307,0.305,0.205,-0.302,-0.391,-0.449,0.714,0.147,0.238,0.001,0.766,0.192,0.311,0.269,0.355,0.104,0.12,0.651,0.102,0.294,-0.027,0.358,-0.008,0.295,-0.056,0.374,-0.159,0.158,0.185,0.012,0.298,-0.256,0.223,-0.092,0.046,0.318,-0.085,0.365,0.209,0.131,0.272,0.357,0.246,0.242,0.215,0.33,0.163
AUPH,0.414,0.354,0.72,-0.316,0.694,0.736,0.428,0.787,0.488,0.518,0.644,0.41,0.61,0.791,0.671,0.472,0.457,0.784,0.664,0.209,1.0,0.595,0.633,0.294,0.462,0.176,-0.313,0.727,0.371,0.514,0.067,0.661,0.257,0.733,-0.573,0.783,0.585,0.696,0.718,0.778,0.171,0.033,-0.202,0.662,0.656,0.738,0.751,0.775,0.683,0.74,0.836,-0.272,0.678,0.627,0.657,0.671,-0.008,0.737,0.842,0.503,0.719,0.396,-0.496,0.682,0.622,0.713,0.595,0.823,0.753,0.705,0.423,0.819,0.714,0.1,0.766,0.78,0.66,0.34,0.612,0.579,0.221,0.684,0.752,0.455,0.657,0.689,0.563,0.718,0.653,0.606,0.378,0.745,0.414,0.691,0.262,0.061,0.469,0.714,0.549,0.655,0.546,0.375,0.615,0.606,-0.037,0.681,0.784,0.526,0.297,0.41,0.167,0.698,0.679,0.247,0.35,0.693,0.56,0.649,0.522,0.723,0.177,0.739,-0.511,0.558,-0.292,0.711,0.639,0.771,0.654,0.302,0.741,0.699,0.419,0.096,0.816,0.362,0.357,-0.067,0.641,0.404,0.426,0.097,0.609,0.069,0.567,0.679,0.694,0.454,0.073,0.759,-0.103,0.582,-0.445,0.481,0.837,0.65,0.115,-0.327,-0.023,-0.025,0.575,0.545,0.778,0.284,0.63,0.747,0.575,0.277,0.617,-0.356,0.57,0.097,0.767,0.322,0.8,0.592,0.759,0.609,0.463,-0.412,0.351,0.8,-0.003,0.691,-0.534,0.57,0.504,0.129,0.544,0.536,0.666,0.698,0.483,0.809,0.694,0.758,0.73,0.739,0.475,0.703
AVGO,0.639,0.646,0.707,-0.113,0.907,0.713,0.602,0.796,0.369,0.533,0.928,0.873,0.801,0.84,0.48,0.797,0.755,0.79,0.483,0.121,0.595,1.0,0.753,0.4,0.365,-0.133,-0.141,0.626,0.271,0.327,0.46,0.454,0.09,0.851,-0.657,0.622,0.617,0.865,0.913,0.867,0.552,0.171,-0.588,0.851,0.909,0.837,0.736,0.883,0.701,0.808,0.711,-0.359,0.7,0.935,0.374,0.777,0.393,0.763,0.745,0.692,0.626,0.652,-0.468,0.842,0.781,0.618,0.88,0.851,0.782,0.829,0.233,0.634,0.858,0.047,0.776,0.663,0.564,0.726,0.648,0.608,-0.118,0.685,0.803,0.32,0.895,0.874,0.302,0.71,0.738,0.627,0.627,0.794,0.757,0.358,0.578,0.48,0.408,0.905,0.862,0.914,0.485,0.099,0.888,0.443,0.198,0.855,0.79,0.696,0.093,0.637,0.566,0.671,0.806,0.293,0.362,0.739,0.707,0.24,0.477,0.809,-0.09,0.503,-0.509,0.806,-0.499,0.85,0.75,0.815,0.917,0.172,0.796,0.919,0.125,-0.307,0.729,-0.089,0.706,0.079,0.886,0.676,0.64,0.264,0.431,-0.216,0.32,0.759,0.915,0.122,0.084,0.771,-0.269,0.456,-0.636,0.801,0.736,0.932,0.639,-0.311,0.178,-0.188,0.936,0.832,0.712,0.09,0.876,0.678,0.902,0.346,0.676,-0.497,0.455,0.541,0.768,0.605,0.669,0.771,0.878,0.682,0.247,-0.681,0.563,0.822,-0.45,0.784,-0.763,0.882,0.608,0.558,0.795,0.599,0.65,0.866,0.627,0.833,0.71,0.909,0.833,0.81,0.642,0.927
AZN,0.414,0.355,0.83,-0.184,0.778,0.741,0.479,0.829,0.434,0.52,0.83,0.633,0.821,0.83,0.736,0.553,0.66,0.756,0.592,0.325,0.633,0.753,1.0,0.437,0.648,0.121,-0.299,0.769,0.387,0.52,0.084,0.631,0.476,0.778,-0.725,0.785,0.681,0.743,0.833,0.76,0.295,0.332,-0.303,0.749,0.811,0.831,0.742,0.839,0.711,0.885,0.806,-0.13,0.825,0.673,0.608,0.749,0.256,0.789,0.791,0.565,0.767,0.458,-0.405,0.835,0.735,0.752,0.699,0.775,0.824,0.824,0.363,0.75,0.885,0.095,0.805,0.607,0.522,0.555,0.677,0.671,0.007,0.651,0.745,0.49,0.818,0.822,0.503,0.811,0.766,0.587,0.574,0.772,0.555,0.506,0.653,0.313,0.709,0.827,0.647,0.736,0.574,0.207,0.718,0.626,0.212,0.827,0.833,0.581,0.097,0.779,0.113,0.762,0.768,0.392,0.397,0.823,0.753,0.489,0.796,0.821,0.175,0.57,-0.599,0.711,-0.518,0.762,0.609,0.885,0.729,0.393,0.857,0.753,0.253,0.033,0.82,0.363,0.507,-0.213,0.721,0.567,0.579,0.401,0.581,0.048,0.451,0.801,0.797,0.406,-0.024,0.757,-0.347,0.502,-0.473,0.724,0.809,0.785,0.189,-0.332,0.007,0.082,0.773,0.69,0.678,0.309,0.721,0.79,0.823,0.498,0.539,-0.411,0.582,0.282,0.794,0.406,0.714,0.629,0.787,0.515,0.463,-0.586,0.332,0.74,-0.104,0.767,-0.655,0.725,0.446,0.406,0.824,0.508,0.751,0.837,0.64,0.8,0.861,0.788,0.79,0.761,0.458,0.829
BCRX,0.326,0.28,0.292,-0.34,0.435,0.384,0.56,0.423,0.006,0.226,0.427,0.379,0.404,0.277,0.455,0.334,0.381,0.28,0.073,0.091,0.294,0.4,0.437,1.0,0.099,-0.106,-0.098,0.461,0.551,0.255,0.233,0.077,0.319,0.403,-0.392,0.423,0.479,0.496,0.425,0.284,0.242,0.466,-0.104,0.33,0.345,0.52,0.296,0.425,0.594,0.391,0.462,0.225,0.301,0.346,0.488,0.441,0.429,0.272,0.32,0.194,0.207,0.25,-0.118,0.455,0.155,0.48,0.293,0.414,0.32,0.355,0.435,0.446,0.33,0.245,0.368,0.271,0.566,0.428,0.03,0.019,0.352,0.45,0.419,0.006,0.379,0.436,0.112,0.399,0.303,0.315,0.16,0.484,0.294,0.175,0.233,0.258,0.205,0.358,0.359,0.4,0.068,0.458,0.425,0.181,0.168,0.205,0.358,0.2,0.532,0.489,0.086,0.295,0.347,-0.018,0.129,0.414,0.233,0.428,0.432,0.285,0.194,0.222,-0.215,0.202,-0.002,0.338,0.419,0.379,0.384,0.064,0.308,0.414,0.083,0.141,0.365,0.136,0.329,0.112,0.28,0.364,0.489,0.518,0.664,0.398,0.452,0.5,0.367,0.224,0.301,0.356,0.112,0.139,-0.135,0.304,0.377,0.475,0.281,0.087,0.496,0.029,0.49,0.314,0.257,0.247,0.404,0.361,0.447,0.148,0.313,-0.097,0.261,0.161,0.225,0.446,0.256,0.299,0.418,0.407,0.601,-0.293,0.191,0.39,-0.157,0.267,-0.217,0.393,0.395,0.182,0.301,0.482,0.186,0.439,0.492,0.376,0.365,0.369,0.327,0.471,0.163,0.392
BGC,0.008,-0.051,0.678,0.006,0.386,0.576,-0.003,0.555,0.352,0.411,0.464,0.283,0.694,0.592,0.713,0.246,0.408,0.523,0.702,0.459,0.462,0.365,0.648,0.099,1.0,0.395,-0.475,0.666,0.317,0.563,-0.3,0.655,0.476,0.35,-0.322,0.682,0.581,0.358,0.58,0.511,-0.098,0.171,0.142,0.31,0.495,0.403,0.578,0.413,0.359,0.541,0.552,0.012,0.732,0.351,0.688,0.378,-0.108,0.711,0.674,0.343,0.625,0.23,-0.191,0.538,0.579,0.646,0.42,0.441,0.585,0.648,0.331,0.648,0.584,-0.094,0.397,0.412,0.266,0.186,0.697,0.644,0.045,0.424,0.36,0.631,0.573,0.555,0.638,0.678,0.684,0.291,0.262,0.47,0.194,0.67,0.473,-0.107,0.801,0.532,0.29,0.453,0.559,0.159,0.278,0.788,0.203,0.655,0.639,0.266,-0.193,0.603,-0.173,0.676,0.442,0.547,0.385,0.609,0.506,0.465,0.765,0.612,0.402,0.585,-0.586,0.357,-0.333,0.394,0.332,0.639,0.341,0.579,0.578,0.394,0.366,0.358,0.68,0.554,0.005,-0.371,0.471,0.1,0.246,0.234,0.377,0.124,0.326,0.478,0.505,0.599,-0.322,0.472,-0.475,0.458,-0.252,0.492,0.566,0.507,-0.283,-0.338,-0.321,0.338,0.392,0.361,0.296,0.457,0.417,0.549,0.478,0.439,0.137,-0.268,0.534,0.069,0.731,-0.023,0.493,0.237,0.504,0.074,0.38,-0.28,0.087,0.406,0.32,0.58,-0.371,0.397,-0.008,0.109,0.479,0.075,0.667,0.545,0.293,0.583,0.526,0.537,0.464,0.419,0.4,0.42
BIDU,-0.204,-0.296,0.19,-0.094,0.03,0.156,-0.228,0.132,0.081,0.117,0.07,-0.06,0.094,0.083,0.305,-0.231,0.001,0.018,0.294,0.379,0.176,-0.133,0.121,-0.106,0.395,1.0,-0.12,0.221,0.079,0.289,-0.431,0.315,0.164,-0.033,-0.113,0.267,0.247,-0.092,0.046,-0.052,-0.399,0.136,0.246,-0.119,-0.022,-0.018,0.005,-0.025,0.084,0.051,0.257,0.272,0.136,-0.176,0.359,0.053,-0.276,0.11,0.185,-0.034,0.255,-0.297,-0.156,-0.035,0.005,0.225,-0.131,-0.02,0.2,0.141,0.083,0.284,0.072,0.344,-0.006,0.137,-0.023,-0.294,0.256,0.299,0.172,0.077,-0.013,0.259,0.014,0.005,0.303,0.239,0.243,0.036,0.176,0.015,-0.138,0.634,-0.132,-0.42,0.327,0.128,-0.114,-0.102,0.238,0.065,-0.099,0.304,-0.117,0.15,0.1,0.071,-0.013,0.133,-0.398,0.277,0.181,0.406,0.016,0.218,0.268,0.16,0.336,0.179,0.224,0.104,-0.107,-0.146,-0.099,0.068,-0.141,0.175,-0.048,0.32,0.06,-0.057,-0.022,0.336,0.234,0.441,-0.298,-0.414,-0.052,0.022,0.139,-0.171,0.158,0.249,0.161,0.008,-0.003,0.357,-0.238,0.116,-0.229,0.092,-0.005,-0.128,0.184,-0.037,-0.45,0.027,-0.39,0.21,-0.026,-0.042,0.039,0.312,-0.098,0.125,0.015,0.598,-0.121,0.315,0.252,-0.38,0.168,-0.336,0.239,-0.016,0.042,-0.057,0.161,0.03,-0.22,-0.033,0.379,0.077,-0.039,-0.056,-0.206,-0.204,0.108,-0.262,0.324,0.11,-0.185,0.067,0.114,0.001,0.075,0.001,0.004,-0.036
BILI,0.138,0.285,-0.191,0.243,-0.01,-0.198,0.249,-0.189,-0.071,-0.175,-0.118,-0.055,-0.172,-0.323,-0.497,-0.005,-0.029,-0.202,-0.498,-0.005,-0.313,-0.141,-0.299,-0.098,-0.475,-0.12,1.0,-0.548,0.1,-0.389,0.403,-0.476,-0.024,-0.056,0.329,-0.47,-0.346,-0.135,-0.188,-0.195,0.441,-0.036,0.096,0.002,-0.087,-0.134,-0.268,-0.105,-0.198,-0.312,-0.344,0.077,-0.272,-0.134,-0.313,0.039,0.355,-0.322,-0.362,-0.109,-0.262,-0.007,0.455,-0.182,-0.127,-0.571,-0.042,-0.117,-0.324,-0.259,-0.185,-0.508,-0.196,0.381,-0.176,-0.21,-0.044,0.291,-0.361,-0.362,-0.048,-0.18,-0.057,-0.329,-0.169,-0.174,-0.468,-0.34,-0.285,-0.123,0.186,-0.117,0.058,-0.357,0.172,0.547,-0.284,-0.24,-0.094,-0.084,-0.318,-0.317,0.093,-0.339,0.377,-0.32,-0.256,0.004,0.241,-0.044,0.259,-0.244,-0.151,-0.206,-0.054,-0.277,-0.238,-0.21,-0.338,-0.367,0.042,-0.315,0.416,0.084,0.375,-0.184,0.067,-0.234,-0.041,-0.282,-0.207,-0.02,-0.068,-0.406,-0.339,-0.592,0.246,0.39,-0.051,0.054,0.074,0.12,-0.175,-0.386,-0.176,-0.138,-0.094,-0.586,0.496,-0.099,0.355,-0.288,0.434,0.013,-0.28,-0.15,0.233,0.379,0.305,0.231,-0.071,-0.123,-0.241,-0.091,-0.074,-0.281,-0.039,-0.208,0.153,0.519,-0.224,0.444,-0.4,0.435,-0.197,-0.007,-0.127,0.043,-0.06,0.268,0.13,-0.095,-0.379,-0.147,0.311,-0.125,0.206,0.351,-0.091,0.066,-0.415,-0.183,0.076,-0.292,-0.222,-0.212,-0.18,-0.076,0.096,-0.106
BKR,0.207,0.143,0.701,-0.244,0.641,0.68,0.328,0.729,0.282,0.417,0.686,0.429,0.669,0.761,0.905,0.323,0.454,0.62,0.66,0.213,0.727,0.626,0.769,0.461,0.666,0.221,-0.548,1.0,0.307,0.568,-0.156,0.61,0.287,0.635,-0.661,0.909,0.69,0.707,0.714,0.647,0.0,0.422,-0.205,0.57,0.686,0.757,0.673,0.707,0.735,0.804,0.869,-0.003,0.692,0.605,0.734,0.512,0.101,0.733,0.757,0.381,0.595,0.325,-0.503,0.655,0.579,0.947,0.518,0.681,0.713,0.707,0.551,0.881,0.745,0.103,0.708,0.579,0.564,0.273,0.622,0.585,0.199,0.603,0.595,0.358,0.678,0.671,0.529,0.782,0.729,0.48,0.311,0.647,0.32,0.667,0.29,-0.078,0.573,0.719,0.516,0.618,0.451,0.415,0.534,0.617,-0.049,0.717,0.72,0.396,0.095,0.61,0.032,0.641,0.681,0.446,0.182,0.719,0.594,0.56,0.713,0.804,0.125,0.625,-0.444,0.484,-0.379,0.663,0.474,0.797,0.564,0.313,0.697,0.608,0.206,0.38,0.774,0.535,0.312,-0.215,0.555,0.517,0.527,0.243,0.615,0.372,0.46,0.653,0.668,0.62,-0.102,0.601,-0.307,0.4,-0.434,0.477,0.721,0.679,0.049,-0.196,-0.03,-0.007,0.6,0.49,0.687,0.263,0.548,0.691,0.631,0.512,0.379,-0.366,0.524,-0.021,0.768,0.178,0.649,0.59,0.692,0.362,0.476,-0.576,0.096,0.618,0.089,0.58,-0.519,0.547,0.341,0.128,0.611,0.417,0.657,0.748,0.366,0.772,0.684,0.724,0.6,0.641,0.323,0.661
BLDP,0.331,0.348,0.442,-0.38,0.42,0.491,0.566,0.523,0.253,0.255,0.329,0.204,0.464,0.235,0.402,0.328,0.433,0.358,0.263,0.276,0.371,0.271,0.387,0.551,0.317,0.079,0.1,0.307,1.0,0.323,0.184,0.215,0.535,0.416,-0.013,0.355,0.532,0.409,0.485,0.297,0.269,0.113,0.275,0.27,0.273,0.458,0.461,0.408,0.546,0.251,0.412,0.068,0.41,0.25,0.569,0.509,0.243,0.425,0.468,0.308,0.321,0.277,0.08,0.416,0.288,0.26,0.305,0.485,0.33,0.424,0.556,0.41,0.324,0.232,0.338,0.359,0.74,0.52,0.144,0.098,0.605,0.644,0.518,0.27,0.398,0.448,0.195,0.429,0.336,0.378,0.237,0.616,0.307,0.368,0.368,0.284,0.548,0.323,0.292,0.394,0.227,0.424,0.401,0.436,0.244,0.184,0.47,0.233,0.512,0.422,0.044,0.502,0.306,-0.121,0.366,0.538,0.262,0.579,0.578,0.189,0.63,0.417,-0.331,0.278,0.242,0.208,0.642,0.439,0.367,0.263,0.362,0.442,0.589,0.169,0.537,0.181,0.127,0.292,0.368,0.076,0.378,0.437,0.715,0.185,0.745,0.51,0.393,0.144,0.42,0.489,0.288,0.301,0.098,0.398,0.468,0.489,0.041,-0.104,0.291,0.32,0.411,0.415,0.136,0.558,0.429,0.384,0.463,-0.012,0.362,0.084,0.456,0.242,0.314,0.485,0.405,0.22,0.496,0.452,0.805,-0.066,0.309,0.516,0.067,0.44,-0.107,0.38,0.458,0.115,0.309,0.542,0.29,0.37,0.624,0.438,0.416,0.381,0.42,0.579,0.41,0.321
BLNK,-0.01,-0.131,0.628,-0.377,0.382,0.633,0.086,0.536,0.363,0.44,0.399,0.335,0.536,0.428,0.678,0.206,0.483,0.469,0.657,0.59,0.514,0.327,0.52,0.255,0.563,0.289,-0.389,0.568,0.323,1.0,-0.326,0.772,0.411,0.343,-0.389,0.705,0.657,0.315,0.486,0.468,-0.179,0.111,0.071,0.281,0.402,0.414,0.402,0.449,0.39,0.487,0.493,-0.11,0.599,0.3,0.626,0.406,-0.202,0.488,0.564,0.29,0.621,0.011,-0.497,0.497,0.392,0.565,0.277,0.399,0.527,0.571,0.194,0.552,0.512,0.066,0.43,0.532,0.337,0.072,0.429,0.422,0.083,0.415,0.389,0.668,0.474,0.517,0.765,0.653,0.714,0.59,0.223,0.435,0.133,0.544,0.259,-0.14,0.529,0.526,0.27,0.408,0.706,0.203,0.294,0.647,0.005,0.46,0.563,0.292,0.162,0.475,-0.182,0.64,0.466,0.25,0.499,0.522,0.593,0.559,0.555,0.466,0.359,0.535,-0.42,0.283,-0.388,0.37,0.273,0.561,0.327,0.782,0.481,0.372,0.213,0.105,0.599,0.452,-0.027,-0.289,0.316,0.142,0.369,0.11,0.513,0.115,0.313,0.415,0.423,0.609,-0.273,0.547,-0.425,0.574,-0.347,0.353,0.554,0.427,-0.111,-0.369,-0.26,0.271,0.36,0.328,0.357,0.67,0.303,0.468,0.388,0.428,0.166,-0.244,0.794,-0.13,0.572,-0.019,0.497,0.263,0.455,0.135,0.346,-0.434,0.073,0.397,-0.016,0.415,-0.368,0.329,0.138,-0.07,0.46,0.162,0.646,0.449,0.228,0.484,0.513,0.465,0.441,0.418,0.284,0.367
BYND,0.764,0.683,0.056,-0.046,0.447,0.102,0.572,0.235,0.179,0.227,0.396,0.435,0.216,0.211,-0.302,0.706,0.282,0.294,-0.196,-0.271,0.067,0.46,0.084,0.233,-0.3,-0.431,0.403,-0.156,0.184,-0.326,1.0,-0.174,-0.137,0.427,-0.045,-0.086,0.009,0.448,0.313,0.324,0.785,-0.115,-0.288,0.507,0.348,0.35,0.302,0.335,0.216,0.16,0.112,-0.245,0.12,0.47,-0.203,0.441,0.538,0.19,0.144,0.518,0.043,0.55,-0.018,0.341,0.287,-0.14,0.519,0.391,0.182,0.209,-0.005,-0.07,0.222,-0.03,0.308,0.297,0.316,0.694,0.013,0.02,-0.13,0.429,0.43,-0.132,0.33,0.369,-0.267,0.001,0.026,0.21,0.381,0.387,0.613,-0.311,0.325,0.703,-0.129,0.267,0.489,0.451,-0.01,-0.102,0.544,-0.211,0.237,0.154,0.231,0.49,0.252,0.137,0.592,0.07,0.232,-0.276,0.201,0.209,0.109,-0.149,-0.067,0.103,-0.208,-0.062,-0.089,0.446,-0.026,0.296,0.534,0.168,0.476,-0.326,0.258,0.485,0.136,-0.605,0.081,-0.624,0.593,0.404,0.523,0.365,0.243,0.187,0.164,-0.447,0.135,0.363,0.386,-0.431,0.458,0.287,0.274,0.14,-0.194,0.464,0.179,0.406,0.721,0.012,0.565,-0.312,0.48,0.47,0.173,-0.179,0.552,0.221,0.382,-0.324,0.549,-0.129,-0.034,0.665,0.091,0.7,0.14,0.444,0.388,0.584,0.016,-0.264,0.693,0.418,-0.61,0.394,-0.33,0.44,0.514,0.558,0.232,0.55,-0.012,0.303,0.48,0.231,0.176,0.329,0.353,0.404,0.426,0.411
CAN,0.22,0.053,0.765,-0.376,0.504,0.715,0.076,0.679,0.632,0.577,0.495,0.398,0.626,0.661,0.58,0.394,0.45,0.721,0.81,0.475,0.661,0.454,0.631,0.077,0.655,0.315,-0.476,0.61,0.215,0.772,-0.174,1.0,0.259,0.504,-0.476,0.785,0.6,0.467,0.634,0.69,-0.068,-0.17,-0.051,0.462,0.531,0.506,0.637,0.571,0.407,0.617,0.632,-0.385,0.765,0.477,0.544,0.495,-0.297,0.713,0.783,0.519,0.814,0.222,-0.638,0.591,0.642,0.609,0.504,0.595,0.731,0.708,0.143,0.669,0.644,-0.148,0.579,0.671,0.363,0.143,0.674,0.677,-0.108,0.507,0.563,0.877,0.595,0.639,0.875,0.75,0.689,0.632,0.383,0.578,0.32,0.641,0.298,-0.133,0.601,0.628,0.445,0.537,0.916,0.096,0.405,0.699,-0.109,0.661,0.749,0.616,-0.005,0.386,-0.058,0.76,0.547,0.222,0.592,0.617,0.767,0.454,0.533,0.623,0.198,0.613,-0.552,0.45,-0.559,0.493,0.425,0.669,0.481,0.676,0.66,0.508,0.346,-0.016,0.763,0.471,0.03,-0.286,0.528,0.153,0.247,-0.063,0.46,-0.08,0.354,0.558,0.581,0.598,-0.351,0.711,-0.492,0.809,-0.565,0.465,0.749,0.545,-0.032,-0.649,-0.317,0.069,0.434,0.508,0.576,0.561,0.476,0.657,0.474,0.36,0.431,-0.541,0.85,-0.044,0.819,0.029,0.659,0.438,0.605,0.316,0.234,-0.514,0.261,0.603,-0.016,0.682,-0.549,0.493,0.24,-0.034,0.543,0.252,0.862,0.572,0.276,0.685,0.636,0.654,0.682,0.559,0.371,0.51
