,AAL,AAPL,ABUS,ADBE,ADI,ADMA,AEP,AGNC,AKBA,ALT,AMAT,AMD,AMGN,AMZN,APA,APPS,ARCC,ARDX,ATER,ATOS,AUPH,AVGO,AZN,BCRX,BGC,BIDU,BILI,BKR,BLDP,BLNK,BYND,CAN,CELH,CG,CGC,CHRD,CLNE,CMCSA,COMM,COST,CPB,CPRT,CRON,CRWD,CSCO,CSGP,CSX,CTSH,CZR,DBX,DDOG,DKNG,DLTR,DOCU,DVAX,DXCM,EA,EBAY,ENPH,ERIC,ESPR,ETSY,EXC,EXEL,EXPE,FANG,FAST,FITB,FLEX,FOLD,FOXA,FSLR,FTNT,FUTU,GEN,GERN,GEVO,GILD,GOOG,GOOGL,GPRO,GT,HBAN,HIVE,HON,HST,HUT,IBRX,INTC,IOVA,IQ,IRWD,JBLU,JD,KDP,KHC,LBTYK,LRCX,LYFT,MAR,MARA,MAT,MCHP,MCRB,MDLZ,META,MGNI,MLCO,MNKD,MNST,MOMO,MRNA,MRVL,MSFT,MSTR,MTCH,MU,MVIS,NDAQ,NFLX,NKTR,NNDM,NTES,NTNX,NVAX,NVDA,NWL,NWSA,NXPI,OCGN,OKTA,ON,OPK,PAA,PACB,PAGP,PANW,PARA,PCAR,PDD,PENN,PEP,PLUG,PTEN,PTON,PYPL,QCOM,QUBT,QVCGA,RDFN,REAL,RIOT,ROKU,ROST,RUN,SABR,SAVA,SBUX,SFIX,SGMO,SIRI,SLM,SMCI,SNDL,SONO,STNE,STX,TCOM,TGTX,TIGR,TLRY,TMUS,TRIP,TSCO,TSLA,TTD,TXN,UAL,UNIT,VERU,VKTX,VLY,VOD,VTRS,VXRT,WBA,WBD,WDAY,WDC,WEN,WW,WYNN,XEL,XP,XRAY,XRX,Z,ZION,ZM,ZS
AAL,1.0,-0.251,-0.017,-0.462,-0.235,0.221,-0.331,-0.584,0.566,0.547,-0.44,-0.549,-0.493,0.398,-0.68,-0.241,-0.023,0.104,-0.267,0.116,0.392,-0.247,-0.561,0.36,0.343,-0.549,0.236,0.383,-0.392,0.334,-0.513,0.565,-0.645,0.587,0.445,-0.328,0.169,0.435,0.411,-0.074,-0.49,-0.368,-0.268,-0.059,0.57,-0.264,-0.07,0.109,-0.433,0.233,-0.163,-0.324,-0.689,0.333,0.655,0.339,0.425,-0.625,-0.631,0.53,0.307,0.144,-0.313,0.547,0.537,-0.611,0.427,0.191,0.362,0.468,0.395,-0.449,-0.511,-0.287,0.09,0.061,0.12,0.562,0.532,0.525,0.563,0.211,0.409,0.674,-0.334,-0.004,0.755,0.671,0.104,0.67,0.196,0.081,-0.329,-0.44,-0.595,-0.491,-0.315,-0.209,0.254,0.265,0.425,0.456,-0.416,-0.298,-0.569,-0.275,0.461,-0.656,0.532,0.404,-0.045,-0.573,0.615,0.098,0.61,-0.388,-0.028,-0.619,0.779,0.549,-0.062,-0.263,-0.569,0.099,-0.578,0.426,0.676,0.5,0.065,0.212,-0.359,0.339,0.29,-0.364,0.264,-0.436,-0.148,0.406,0.183,-0.678,0.619,-0.615,-0.042,0.067,0.567,-0.045,-0.172,0.625,-0.698,-0.264,-0.018,0.641,-0.4,-0.367,-0.451,0.266,-0.287,0.572,0.589,0.651,0.258,-0.008,-0.539,0.413,0.573,0.479,-0.515,0.353,0.553,-0.533,0.208,0.747,0.587,-0.481,0.713,0.434,0.422,0.835,0.137,-0.622,0.417,0.598,-0.61,0.349,-0.247,-0.072,0.356,-0.038,0.489,0.551,-0.753,-0.578,0.487,0.067,-0.401,-0.519,-0.17,0.539,0.615,-0.432
AAPL,-0.251,1.0,0.525,0.348,0.46,-0.62,0.477,0.537,-0.504,-0.018,0.177,0.612,0.107,-0.384,0.324,0.236,0.727,-0.155,0.054,0.389,-0.251,0.435,0.605,0.121,-0.406,0.165,-0.522,-0.437,0.193,0.277,0.4,-0.505,0.404,-0.033,-0.163,0.238,-0.18,-0.417,-0.345,0.176,0.619,0.053,0.315,0.027,0.033,0.369,-0.153,0.17,0.751,-0.175,0.193,0.267,0.32,-0.178,-0.511,0.261,-0.536,0.654,0.33,0.278,0.145,-0.259,0.789,-0.473,-0.275,0.226,-0.337,0.156,-0.337,0.06,-0.444,-0.035,0.484,-0.229,-0.435,-0.389,0.444,-0.38,-0.303,-0.324,-0.308,-0.28,-0.238,0.03,0.318,0.215,-0.249,-0.364,-0.13,-0.47,-0.016,-0.038,0.637,0.08,0.542,0.68,0.567,-0.013,-0.119,0.153,0.44,-0.431,0.551,-0.02,0.627,0.502,-0.197,0.309,-0.514,-0.049,-0.361,0.196,-0.217,0.585,-0.248,0.414,0.422,0.335,-0.209,-0.225,0.165,0.7,0.201,-0.144,0.283,0.149,-0.385,-0.407,0.283,-0.052,0.102,-0.177,-0.134,0.008,-0.613,0.079,0.301,-0.537,-0.03,0.274,-0.074,0.686,0.018,0.126,-0.455,0.362,0.443,-0.163,0.285,-0.048,-0.342,-0.025,0.752,0.544,-0.024,0.576,0.586,-0.135,-0.528,-0.448,0.316,0.195,0.747,-0.199,-0.283,-0.064,0.562,-0.529,-0.27,0.057,-0.151,-0.237,-0.452,0.377,-0.412,-0.239,-0.326,-0.383,0.24,0.585,-0.102,-0.314,0.48,0.035,0.674,0.426,-0.419,0.123,0.144,-0.002,0.178,0.441,-0.532,0.514,0.285,0.562,0.059,-0.289,-0.55,0.161
ABUS,-0.017,0.525,1.0,0.02,0.104,-0.531,0.613,0.423,-0.408,0.091,-0.135,0.212,-0.017,-0.465,0.089,0.3,0.532,-0.327,-0.037,0.425,-0.281,0.052,0.526,0.104,-0.406,-0.093,-0.553,-0.519,0.251,0.34,0.28,-0.456,0.402,0.058,-0.048,-0.084,-0.011,-0.38,-0.213,-0.015,0.526,-0.119,0.315,-0.29,0.273,0.263,-0.143,0.008,0.444,-0.251,-0.203,0.076,0.353,0.113,-0.318,0.217,-0.495,0.33,0.192,0.499,0.333,-0.129,0.685,-0.318,-0.195,-0.025,-0.264,0.124,-0.422,0.198,-0.309,0.034,0.109,-0.458,-0.415,-0.375,0.508,-0.325,-0.445,-0.463,-0.329,-0.276,-0.196,-0.074,0.203,0.137,-0.237,-0.337,-0.401,-0.373,-0.213,-0.022,0.501,-0.132,0.364,0.537,0.544,-0.265,-0.209,-0.129,0.34,-0.434,0.285,0.085,0.507,0.006,-0.263,0.079,-0.394,0.137,-0.558,0.162,-0.097,0.176,-0.46,0.463,0.342,0.174,-0.122,-0.312,0.345,0.669,-0.054,-0.301,0.18,-0.009,-0.365,-0.41,0.062,-0.339,0.078,-0.292,-0.075,-0.169,-0.38,-0.084,0.092,-0.408,-0.044,-0.051,-0.121,0.456,0.123,-0.147,-0.445,0.101,0.183,-0.194,0.31,0.017,-0.325,-0.116,0.41,0.602,0.117,0.295,0.699,-0.044,-0.386,-0.384,0.351,0.083,0.509,-0.048,-0.13,-0.118,0.353,-0.583,-0.199,-0.066,-0.068,-0.14,-0.255,0.238,-0.4,-0.374,-0.448,0.002,0.226,0.413,-0.064,-0.255,0.45,0.07,0.521,0.687,-0.331,-0.055,0.078,0.094,0.009,0.297,-0.334,0.532,0.388,0.428,-0.011,-0.206,-0.482,-0.094
ADBE,-0.462,0.348,0.02,1.0,0.327,0.058,0.122,0.462,-0.455,0.015,0.602,0.435,0.68,0.051,0.507,-0.038,0.2,0.319,0.618,0.259,0.117,0.755,0.146,-0.495,0.17,0.545,-0.098,0.115,-0.188,-0.365,0.462,-0.157,0.57,-0.012,-0.686,0.616,0.319,-0.027,-0.531,0.37,0.454,0.713,-0.244,0.58,-0.017,0.502,0.632,0.572,0.388,0.338,0.427,0.66,0.172,0.273,-0.351,-0.465,-0.071,0.604,0.351,-0.336,0.019,0.223,0.216,-0.161,-0.107,0.496,0.233,0.48,0.218,-0.403,-0.002,0.102,0.679,0.378,0.232,0.214,-0.347,-0.162,-0.066,-0.067,-0.303,0.208,0.278,-0.284,0.491,0.614,-0.417,-0.449,0.407,-0.28,-0.299,0.482,0.262,0.27,0.445,0.326,0.099,0.373,0.23,0.353,0.12,-0.393,0.35,0.329,0.294,0.409,-0.064,0.638,-0.133,-0.038,-0.018,0.43,-0.036,0.041,-0.278,0.118,0.554,0.633,-0.163,-0.403,0.15,0.145,0.47,0.443,0.408,0.086,-0.393,0.01,-0.157,0.315,0.709,0.001,-0.251,0.64,0.076,0.676,0.69,0.032,0.401,0.549,-0.354,0.465,-0.28,0.449,-0.402,0.227,0.662,-0.606,0.508,0.574,0.411,-0.051,0.478,0.346,0.004,-0.145,0.356,-0.658,-0.191,-0.389,0.004,0.63,0.262,-0.618,-0.183,-0.309,0.578,-0.22,-0.119,0.526,-0.629,-0.382,-0.325,0.671,-0.244,0.072,0.001,-0.372,0.356,0.364,-0.497,0.09,0.423,0.132,0.008,0.359,0.104,0.631,0.047,-0.012,0.617,0.08,-0.368,0.317,0.058,0.388,0.526,0.022,-0.295,0.759
ADI,-0.235,0.46,0.104,0.327,1.0,-0.325,0.034,0.279,-0.354,-0.099,0.573,0.606,0.269,-0.191,0.357,0.167,0.403,0.235,-0.069,0.124,-0.032,0.433,0.447,0.135,-0.239,0.411,-0.143,-0.093,0.046,0.072,0.406,-0.236,0.295,-0.085,-0.22,0.303,-0.089,-0.128,-0.183,0.126,0.347,0.229,0.179,0.199,-0.226,0.09,0.083,0.079,0.574,-0.194,0.378,0.276,0.166,-0.291,-0.389,0.059,-0.336,0.492,0.256,-0.115,0.014,-0.34,0.364,-0.377,-0.259,0.473,-0.227,0.203,-0.041,-0.218,-0.266,0.034,0.427,0.184,-0.115,0.038,0.011,-0.231,-0.089,-0.095,-0.124,-0.003,0.011,-0.015,0.062,0.326,-0.182,-0.089,0.129,-0.228,0.16,0.057,0.204,0.39,0.224,0.344,0.168,0.554,-0.04,0.181,0.217,-0.155,0.785,-0.18,0.238,0.587,0.078,0.496,-0.306,-0.421,0.008,0.427,-0.216,0.521,-0.081,0.121,0.358,0.517,-0.169,-0.321,-0.146,0.391,0.39,0.192,0.399,0.09,-0.203,-0.197,0.753,0.207,0.25,0.424,0.044,0.174,-0.359,0.129,0.122,-0.241,-0.014,0.355,0.184,0.355,-0.374,0.358,-0.297,0.284,0.527,-0.212,0.217,-0.087,0.026,0.035,0.513,0.079,0.046,0.397,0.191,-0.164,-0.382,-0.241,-0.049,0.194,0.475,-0.161,-0.308,0.166,0.211,-0.144,-0.267,0.092,-0.191,-0.191,-0.341,0.281,-0.078,-0.022,0.299,-0.377,0.05,0.33,0.129,0.01,0.221,-0.001,0.431,-0.053,-0.224,0.012,0.175,0.043,0.191,0.562,-0.421,0.155,0.071,0.261,0.03,-0.141,-0.329,0.369
ADMA,0.221,-0.62,-0.531,0.058,-0.325,1.0,-0.493,-0.554,0.473,0.305,-0.036,-0.527,0.106,0.808,-0.336,-0.328,-0.533,0.573,0.224,-0.111,0.512,-0.102,-0.699,-0.172,0.728,-0.049,0.548,0.64,-0.317,-0.299,-0.324,0.605,-0.289,0.216,0.008,-0.013,0.425,0.587,0.24,0.069,-0.494,0.262,-0.44,0.269,0.172,-0.229,0.316,0.128,-0.647,0.38,0.127,-0.039,-0.33,0.4,0.496,-0.497,0.657,-0.417,-0.316,-0.19,-0.092,0.458,-0.727,0.661,0.399,-0.219,0.681,0.168,0.599,-0.085,0.59,0.043,-0.236,0.39,0.622,0.552,-0.564,0.535,0.503,0.511,0.367,0.403,0.502,0.088,-0.316,0.116,0.321,0.332,0.611,0.594,0.067,0.347,-0.655,-0.065,-0.611,-0.725,-0.468,0.029,0.417,0.205,-0.288,0.41,-0.4,0.043,-0.633,-0.239,0.296,-0.147,0.666,0.253,0.479,-0.147,0.585,-0.368,0.446,-0.488,-0.121,-0.311,0.386,0.263,-0.135,-0.675,-0.126,0.431,-0.347,0.109,0.416,0.662,-0.255,0.326,0.071,0.232,0.068,0.194,0.816,0.13,0.112,0.731,0.259,-0.201,0.101,-0.546,-0.014,-0.01,0.555,-0.28,-0.08,0.094,-0.297,0.224,0.478,0.267,-0.498,-0.459,-0.066,-0.419,-0.442,0.099,0.629,0.448,-0.043,-0.064,-0.692,0.066,0.432,0.227,-0.439,0.621,0.575,0.076,-0.012,0.213,0.498,-0.288,0.458,0.521,0.41,0.415,0.008,-0.607,0.002,0.504,-0.498,0.221,-0.495,-0.277,0.666,0.265,-0.031,0.302,-0.09,-0.593,0.572,-0.223,-0.439,-0.555,0.201,0.421,0.578,0.156
AEP,-0.331,0.477,0.613,0.122,0.034,-0.493,1.0,0.546,-0.378,-0.142,-0.137,0.214,0.155,-0.398,0.281,0.31,0.481,-0.374,0.21,0.345,-0.433,0.087,0.658,-0.049,-0.263,-0.143,-0.686,-0.401,0.457,0.221,0.398,-0.488,0.405,-0.11,-0.128,0.097,0.043,-0.283,-0.29,0.141,0.667,-0.022,0.395,-0.286,0.049,0.255,-0.136,0.118,0.494,-0.104,-0.201,0.098,0.605,-0.099,-0.438,0.113,-0.326,0.531,0.313,0.23,0.241,0.076,0.702,-0.321,-0.215,0.244,-0.339,0.066,-0.387,0.163,-0.169,0.189,0.252,-0.488,-0.151,-0.438,0.374,-0.348,-0.495,-0.516,-0.42,-0.151,-0.276,-0.255,0.468,0.143,-0.298,-0.507,-0.317,-0.428,-0.425,0.11,0.598,-0.219,0.546,0.7,0.614,-0.33,-0.301,-0.129,0.118,-0.414,0.348,0.278,0.712,-0.061,-0.402,0.197,-0.382,0.164,-0.453,0.149,-0.211,0.051,-0.51,0.585,0.19,0.17,-0.265,-0.396,0.426,0.498,-0.109,-0.4,0.091,-0.176,-0.541,-0.401,-0.1,-0.479,-0.018,-0.51,-0.237,0.139,-0.324,0.185,0.064,-0.323,-0.108,-0.024,-0.425,0.665,0.344,-0.083,-0.344,0.186,0.074,-0.313,0.481,0.149,-0.057,-0.206,0.42,0.78,0.38,0.152,0.679,-0.161,-0.373,-0.56,0.184,0.125,0.603,-0.004,-0.133,-0.263,0.431,-0.596,-0.273,-0.098,-0.023,-0.28,-0.158,0.458,-0.503,-0.455,-0.548,-0.315,0.271,0.535,-0.252,-0.307,0.587,-0.058,0.376,0.52,-0.31,-0.03,-0.135,-0.172,0.158,0.388,-0.181,0.34,0.519,0.541,0.05,-0.346,-0.513,-0.082
AGNC,-0.584,0.537,0.423,0.462,0.279,-0.554,0.546,1.0,-0.629,-0.27,0.26,0.592,0.412,-0.466,0.574,0.167,0.4,-0.185,0.388,0.24,-0.357,0.436,0.641,-0.323,-0.377,0.329,-0.57,-0.334,0.336,-0.104,0.54,-0.527,0.605,-0.282,-0.43,0.404,-0.065,-0.403,-0.58,0.116,0.721,0.3,0.218,0.093,-0.151,0.676,0.086,0.252,0.645,0.018,0.141,0.447,0.617,-0.081,-0.553,-0.079,-0.444,0.692,0.639,-0.205,-0.057,-0.062,0.628,-0.604,-0.456,0.52,-0.407,0.161,-0.304,-0.222,-0.337,0.25,0.549,-0.133,-0.245,-0.325,0.107,-0.485,-0.508,-0.508,-0.53,-0.135,-0.326,-0.4,0.706,0.266,-0.547,-0.621,-0.132,-0.657,-0.454,0.148,0.739,0.079,0.857,0.761,0.572,0.061,-0.213,0.019,0.1,-0.434,0.445,0.435,0.739,0.28,-0.384,0.489,-0.502,-0.211,-0.397,0.397,-0.549,0.02,-0.662,0.438,0.324,0.524,-0.418,-0.535,0.277,0.581,0.29,-0.045,0.449,-0.258,-0.631,-0.436,-0.102,-0.126,0.36,-0.248,-0.221,0.371,-0.493,0.445,0.382,-0.49,0.055,0.397,-0.536,0.766,-0.005,0.2,-0.695,0.373,0.295,-0.499,0.61,0.311,0.026,-0.366,0.585,0.74,0.277,-0.025,0.519,-0.439,-0.498,-0.609,-0.08,0.428,0.617,-0.464,-0.501,-0.496,0.832,-0.626,-0.474,0.395,-0.38,-0.472,-0.568,0.75,-0.6,-0.416,-0.406,-0.644,0.174,0.666,-0.345,-0.382,0.834,-0.137,0.418,0.466,-0.388,0.193,-0.092,-0.405,0.51,0.455,-0.532,0.238,0.396,0.826,0.273,-0.381,-0.645,0.323
AKBA,0.566,-0.504,-0.408,-0.455,-0.354,0.473,-0.378,-0.629,1.0,0.459,-0.426,-0.598,-0.305,0.617,-0.459,-0.17,-0.232,0.203,-0.209,0.048,0.48,-0.443,-0.577,0.324,0.564,-0.563,0.432,0.631,-0.281,0.085,-0.369,0.681,-0.709,0.362,0.681,-0.238,0.254,0.575,0.611,0.117,-0.606,-0.348,0.007,-0.11,0.319,-0.493,-0.031,-0.059,-0.59,0.35,-0.082,-0.296,-0.467,0.17,0.813,0.037,0.689,-0.604,-0.541,0.212,0.263,0.182,-0.534,0.605,0.55,-0.504,0.462,0.004,0.47,0.327,0.569,-0.139,-0.4,-0.056,0.273,0.333,-0.149,0.761,0.615,0.6,0.732,0.309,0.474,0.525,-0.394,-0.073,0.76,0.584,0.273,0.683,0.375,0.131,-0.5,-0.348,-0.672,-0.571,-0.424,-0.225,0.351,0.219,0.043,0.467,-0.43,-0.364,-0.596,-0.269,0.583,-0.57,0.684,0.362,0.392,-0.445,0.593,0.072,0.612,-0.332,-0.322,-0.622,0.606,0.506,-0.091,-0.428,-0.552,0.162,-0.669,0.31,0.579,0.638,0.042,0.256,-0.449,0.255,0.203,-0.108,0.506,-0.278,-0.251,0.626,0.227,-0.491,0.486,-0.688,0.216,-0.038,0.716,-0.086,-0.156,0.671,-0.544,-0.155,0.201,0.585,-0.549,-0.498,-0.199,0.015,-0.546,0.495,0.674,0.876,-0.049,-0.24,-0.589,0.687,0.589,0.519,-0.616,0.579,0.592,-0.502,0.563,0.619,0.806,-0.526,0.657,0.608,0.553,0.6,0.117,-0.579,0.273,0.508,-0.659,0.305,-0.484,-0.471,0.516,0.063,0.204,0.317,-0.675,-0.611,0.613,-0.261,-0.334,-0.61,-0.062,0.668,0.775,-0.384
ALT,0.547,-0.018,0.091,0.015,-0.099,0.305,-0.142,-0.27,0.459,1.0,-0.233,-0.198,-0.089,0.547,-0.34,-0.196,0.267,0.318,0.058,0.407,0.749,0.137,-0.359,0.155,0.532,-0.409,0.173,0.512,-0.483,0.179,-0.102,0.609,-0.382,0.631,0.143,0.022,0.539,0.421,0.217,0.311,-0.215,-0.027,-0.313,0.209,0.639,-0.042,0.231,0.457,-0.12,0.566,0.192,0.199,-0.457,0.491,0.494,-0.077,0.558,-0.214,-0.514,0.486,0.483,0.266,-0.132,0.517,0.594,-0.391,0.576,0.479,0.621,0.258,0.529,-0.324,0.021,-0.039,0.23,0.333,-0.059,0.712,0.572,0.561,0.7,0.423,0.666,0.709,-0.056,0.364,0.61,0.363,0.472,0.567,0.061,0.432,-0.065,-0.334,-0.288,-0.229,-0.235,-0.208,0.677,0.504,0.548,0.108,-0.152,-0.162,-0.367,0.015,0.617,-0.242,0.652,0.678,-0.072,-0.197,0.743,0.208,0.52,-0.235,0.311,-0.344,0.686,0.328,0.15,-0.088,-0.337,0.53,-0.465,0.48,0.376,0.667,0.085,0.501,-0.023,0.258,0.229,0.161,0.481,0.062,0.277,0.509,0.402,-0.463,0.494,-0.335,0.018,0.173,0.376,0.259,0.386,0.537,-0.341,0.248,0.321,0.758,-0.082,-0.01,-0.469,0.224,-0.022,0.179,0.558,0.499,0.307,0.197,-0.249,0.223,0.575,0.488,-0.228,0.314,0.714,-0.289,-0.069,0.474,0.547,-0.17,0.542,0.733,0.372,0.603,0.453,-0.369,0.105,0.577,-0.291,0.695,-0.189,0.122,0.59,0.372,0.51,0.569,-0.525,-0.534,0.391,0.275,-0.346,-0.154,0.394,0.622,0.499,0.031
AMAT,-0.44,0.177,-0.135,0.602,0.573,-0.036,-0.137,0.26,-0.426,-0.233,1.0,0.532,0.542,-0.075,0.514,0.022,-0.059,0.264,0.278,-0.102,-0.044,0.536,0.119,-0.393,-0.053,0.763,0.199,0.009,-0.06,-0.304,0.369,-0.172,0.463,-0.305,-0.498,0.491,-0.021,-0.164,-0.366,0.204,0.259,0.598,-0.066,0.385,-0.273,0.273,0.462,0.139,0.279,-0.055,0.463,0.399,0.172,-0.09,-0.396,-0.351,-0.195,0.441,0.487,-0.427,-0.263,-0.109,0.056,-0.209,-0.331,0.595,-0.137,0.122,0.061,-0.51,-0.212,0.246,0.522,0.649,0.094,0.286,-0.367,-0.308,-0.136,-0.128,-0.257,0.145,0.063,-0.333,0.13,0.295,-0.393,-0.286,0.336,-0.258,-0.022,0.15,0.061,0.673,0.247,0.136,-0.057,0.894,-0.043,0.06,-0.16,-0.142,0.551,0.035,0.144,0.471,-0.057,0.636,-0.253,-0.422,0.356,0.456,-0.183,0.041,-0.269,0.012,0.328,0.8,-0.328,-0.329,-0.102,0.123,0.712,0.294,0.71,0.036,-0.316,-0.141,0.157,0.311,0.69,0.25,-0.158,0.424,-0.128,0.443,0.422,-0.086,0.126,0.705,-0.156,0.323,-0.286,0.367,-0.361,0.104,0.46,-0.523,0.329,0.238,0.258,-0.274,0.303,0.024,0.193,-0.204,-0.113,-0.442,-0.328,-0.314,-0.267,0.241,0.196,-0.441,-0.319,-0.223,0.327,0.108,-0.309,0.479,-0.37,-0.385,-0.455,0.43,-0.244,-0.095,0.228,-0.393,-0.072,0.254,-0.234,-0.063,0.273,-0.201,0.039,0.01,-0.095,0.263,-0.119,-0.243,0.536,0.316,-0.4,-0.004,0.039,0.203,0.233,-0.154,-0.312,0.628
AMD,-0.549,0.612,0.212,0.435,0.606,-0.527,0.214,0.592,-0.598,-0.198,0.532,1.0,0.341,-0.471,0.526,0.246,0.484,-0.101,0.001,0.104,-0.299,0.498,0.592,-0.13,-0.455,0.514,-0.304,-0.398,0.174,0.066,0.549,-0.416,0.49,-0.344,-0.329,0.342,-0.144,-0.461,-0.377,0.104,0.559,0.236,0.259,0.174,-0.332,0.298,-0.014,0.044,0.855,-0.266,0.349,0.326,0.411,-0.303,-0.608,0.035,-0.471,0.711,0.449,-0.248,-0.129,-0.357,0.595,-0.596,-0.51,0.51,-0.434,-0.009,-0.17,-0.351,-0.51,0.237,0.485,0.164,-0.382,-0.124,0.081,-0.507,-0.3,-0.297,-0.26,-0.219,-0.325,-0.19,0.271,0.16,-0.457,-0.351,-0.031,-0.6,0.051,-0.072,0.633,0.458,0.683,0.692,0.505,0.37,-0.195,-0.044,0.138,-0.363,0.718,0.072,0.611,0.626,-0.239,0.53,-0.489,-0.369,-0.128,0.471,-0.504,0.4,-0.284,0.317,0.352,0.589,-0.416,-0.473,0.064,0.64,0.516,0.045,0.596,-0.118,-0.401,-0.479,0.338,0.133,0.298,0.007,-0.057,0.199,-0.518,0.246,0.225,-0.602,-0.063,0.589,-0.161,0.621,-0.16,0.227,-0.649,0.451,0.438,-0.31,0.415,-0.036,-0.128,-0.247,0.669,0.395,0.129,0.324,0.288,-0.375,-0.618,-0.515,-0.123,0.213,0.806,-0.331,-0.541,-0.154,0.47,-0.319,-0.476,0.36,-0.233,-0.432,-0.663,0.439,-0.412,-0.314,-0.192,-0.625,0.065,0.538,-0.107,-0.357,0.653,-0.218,0.559,0.112,-0.506,-0.037,0.02,-0.205,0.528,0.573,-0.646,0.192,0.273,0.668,0.033,-0.42,-0.539,0.435
AMGN,-0.493,0.107,-0.017,0.68,0.269,0.106,0.155,0.412,-0.305,-0.089,0.542,0.341,1.0,0.103,0.506,0.151,0.003,0.385,0.471,0.109,0.145,0.435,0.218,-0.387,0.188,0.487,-0.062,0.195,0.032,-0.424,0.558,-0.111,0.433,-0.147,-0.589,0.464,0.393,0.226,-0.262,0.144,0.48,0.654,-0.177,0.325,-0.178,0.426,0.592,0.455,0.311,0.244,0.435,0.575,0.361,0.078,-0.236,-0.614,0.052,0.495,0.464,-0.423,0.034,0.373,0.141,-0.089,-0.23,0.473,0.127,0.354,0.19,-0.445,0.06,0.357,0.513,0.398,0.503,0.369,-0.476,-0.089,-0.035,-0.033,-0.304,0.213,0.217,-0.374,0.315,0.546,-0.396,-0.338,0.395,-0.197,-0.284,0.533,0.108,0.272,0.311,0.319,0.103,0.375,0.095,0.227,-0.215,-0.095,0.381,0.372,0.318,0.36,-0.026,0.679,0.021,-0.166,0.084,0.579,-0.192,-0.163,-0.366,0.196,0.252,0.566,-0.283,-0.51,0.046,0.063,0.461,0.413,0.431,-0.224,-0.288,0.104,-0.088,0.276,0.63,0.057,-0.125,0.637,0.161,0.62,0.476,0.203,0.308,0.467,-0.294,0.358,-0.237,0.328,-0.179,0.045,0.506,-0.545,0.556,0.631,0.421,-0.217,0.313,0.271,0.299,-0.274,0.125,-0.474,-0.105,-0.331,-0.177,0.469,0.226,-0.507,-0.279,-0.332,0.453,-0.149,-0.079,0.512,-0.455,-0.404,-0.167,0.572,-0.264,0.085,0.061,-0.371,0.102,0.202,-0.238,0.087,0.43,0.151,0.039,0.209,0.279,0.316,-0.139,-0.11,0.51,0.124,-0.123,0.029,0.219,0.269,0.485,-0.003,-0.38,0.646
AMZN,0.398,-0.384,-0.465,0.051,-0.191,0.808,-0.398,-0.466,0.617,0.547,-0.075,-0.471,0.103,1.0,-0.308,-0.431,-0.221,0.702,0.22,0.178,0.691,0.059,-0.646,-0.046,0.839,-0.228,0.457,0.833,-0.421,-0.184,-0.303,0.748,-0.453,0.443,0.102,0.151,0.492,0.746,0.22,0.256,-0.483,0.226,-0.413,0.354,0.446,-0.173,0.36,0.359,-0.489,0.641,0.265,0.097,-0.382,0.435,0.609,-0.351,0.812,-0.291,-0.397,-0.022,0.06,0.521,-0.537,0.732,0.609,-0.174,0.719,0.354,0.771,0.089,0.712,-0.076,-0.062,0.251,0.657,0.493,-0.419,0.738,0.726,0.718,0.581,0.557,0.664,0.405,-0.144,0.268,0.615,0.401,0.8,0.728,0.041,0.495,-0.454,-0.219,-0.523,-0.572,-0.421,-0.012,0.621,0.494,0.026,0.412,-0.289,-0.107,-0.583,0.011,0.534,-0.198,0.81,0.414,0.428,-0.245,0.723,-0.003,0.542,-0.534,0.048,-0.357,0.623,0.443,-0.031,-0.517,-0.271,0.533,-0.456,0.379,0.473,0.828,-0.12,0.505,0.022,0.291,0.05,0.325,0.709,0.182,0.249,0.833,0.421,-0.305,0.276,-0.496,0.06,0.241,0.697,-0.041,0.12,0.345,-0.437,0.253,0.559,0.584,-0.278,-0.363,-0.236,-0.099,-0.396,0.223,0.736,0.593,0.011,0.122,-0.575,0.183,0.568,0.38,-0.36,0.582,0.709,-0.128,-0.02,0.409,0.625,-0.174,0.551,0.762,0.552,0.541,0.278,-0.608,0.026,0.635,-0.453,0.439,-0.453,-0.285,0.799,0.403,0.189,0.389,-0.377,-0.657,0.618,-0.073,-0.537,-0.457,0.372,0.639,0.636,0.103
APA,-0.68,0.324,0.089,0.507,0.357,-0.336,0.281,0.574,-0.459,-0.34,0.514,0.526,0.506,-0.308,1.0,0.341,0.244,-0.034,0.228,0.159,-0.214,0.441,0.555,-0.326,-0.249,0.515,-0.22,-0.113,0.227,-0.205,0.672,-0.49,0.527,-0.254,-0.485,0.681,0.016,-0.415,-0.183,0.277,0.557,0.413,0.17,0.282,-0.267,0.326,0.287,0.127,0.414,0.023,0.404,0.586,0.522,-0.215,-0.632,-0.067,-0.425,0.567,0.618,-0.489,-0.071,-0.2,0.368,-0.551,-0.354,0.763,-0.364,0.013,-0.229,-0.252,-0.291,0.257,0.698,0.284,-0.165,0.096,-0.061,-0.338,-0.502,-0.501,-0.407,0.005,-0.125,-0.386,0.479,0.28,-0.529,-0.574,0.074,-0.426,-0.147,0.106,0.411,0.403,0.571,0.537,0.217,0.349,-0.04,0.034,-0.092,-0.393,0.502,0.198,0.501,0.279,-0.168,0.657,-0.462,-0.215,0.043,0.603,-0.517,0.012,-0.456,0.545,0.23,0.714,-0.547,-0.353,0.189,0.37,0.595,0.094,0.567,-0.136,-0.601,-0.387,-0.031,-0.025,0.41,-0.259,-0.219,0.523,-0.318,0.601,0.386,-0.298,-0.012,0.638,-0.39,0.662,-0.053,0.333,-0.598,0.24,0.418,-0.495,0.743,0.31,0.094,-0.334,0.439,0.423,0.303,-0.14,0.309,-0.498,-0.491,-0.599,-0.343,0.323,0.492,-0.402,-0.43,-0.321,0.532,-0.299,-0.554,0.476,-0.283,-0.561,-0.382,0.625,-0.459,-0.21,-0.241,-0.634,-0.055,0.482,-0.387,-0.315,0.478,-0.176,0.255,0.075,-0.215,0.265,-0.274,-0.57,0.609,0.48,-0.513,0.104,0.569,0.511,0.285,-0.274,-0.493,0.487
APPS,-0.241,0.236,0.3,-0.038,0.167,-0.328,0.31,0.167,-0.17,-0.196,0.022,0.246,0.151,-0.431,0.341,1.0,0.175,-0.31,-0.156,-0.14,-0.285,-0.086,0.512,0.055,-0.409,0.094,-0.267,-0.419,0.535,0.233,0.634,-0.264,0.31,-0.142,-0.023,-0.171,0.008,-0.319,0.459,-0.333,0.494,-0.125,0.328,-0.27,-0.405,0.044,-0.118,-0.295,0.26,-0.385,0.179,0.01,0.289,-0.515,-0.236,0.074,-0.447,0.21,0.417,0.011,0.392,-0.341,0.301,-0.37,-0.413,-0.013,-0.361,-0.217,-0.466,0.017,-0.403,0.2,-0.054,-0.066,-0.289,0.045,0.171,-0.419,-0.27,-0.268,-0.096,-0.427,-0.321,-0.088,-0.13,0.02,-0.26,-0.115,-0.435,-0.297,0.208,0.036,0.074,0.135,0.128,0.328,0.288,-0.011,-0.479,-0.329,-0.069,0.085,0.437,0.301,0.459,0.164,-0.208,0.263,-0.231,-0.28,-0.082,0.478,-0.414,0.032,-0.204,0.867,-0.23,0.238,-0.349,-0.421,-0.154,0.307,0.202,-0.191,0.252,-0.448,-0.158,-0.298,0.239,-0.279,-0.057,-0.004,0.444,-0.175,-0.132,-0.127,-0.225,-0.315,-0.313,0.09,0.052,0.318,0.05,-0.297,-0.32,-0.221,0.09,-0.11,0.576,-0.087,-0.288,-0.279,0.206,0.162,0.509,0.145,0.213,-0.047,-0.366,-0.361,0.133,-0.186,0.35,0.11,-0.263,-0.118,0.072,-0.275,-0.308,0.032,0.236,-0.389,0.053,0.02,-0.289,-0.32,-0.299,-0.37,-0.28,0.279,0.047,-0.234,0.17,-0.132,0.427,0.112,-0.39,-0.409,-0.267,-0.048,0.234,0.447,-0.366,0.085,0.851,0.067,-0.357,-0.398,-0.381,0.076
ARCC,-0.023,0.727,0.532,0.2,0.403,-0.533,0.481,0.4,-0.232,0.267,-0.059,0.484,0.003,-0.221,0.244,0.175,1.0,-0.02,-0.079,0.546,-0.029,0.354,0.555,0.29,-0.159,-0.12,-0.517,-0.171,0.053,0.432,0.406,-0.243,0.237,0.293,-0.035,0.339,0.079,-0.262,-0.19,0.301,0.51,-0.007,0.294,0.094,0.243,0.209,-0.045,0.224,0.71,0.07,0.203,0.337,0.197,0.061,-0.284,0.345,-0.291,0.479,0.059,0.3,0.387,-0.263,0.753,-0.363,0.02,0.223,-0.08,0.364,-0.02,0.27,-0.13,-0.147,0.43,-0.366,-0.392,-0.281,0.456,-0.093,-0.117,-0.15,0.014,0.044,0.106,0.309,0.309,0.409,0.045,-0.204,-0.005,-0.179,-0.008,0.118,0.656,-0.145,0.408,0.632,0.498,-0.17,0.139,0.383,0.664,-0.386,0.507,-0.165,0.457,0.356,0.032,0.168,-0.291,0.2,-0.408,0.081,-0.043,0.605,-0.026,0.358,0.508,0.189,0.108,-0.087,0.308,0.667,-0.05,0.006,0.066,0.263,-0.259,-0.27,0.351,0.013,0.016,-0.147,-0.094,0.128,-0.379,0.087,0.269,-0.309,0.203,0.011,0.101,0.526,0.071,0.358,-0.377,0.503,0.471,0.049,0.134,-0.042,-0.091,0.353,0.607,0.549,-0.139,0.633,0.605,-0.063,-0.297,-0.243,0.239,0.363,0.675,0.038,-0.003,0.247,0.326,-0.471,-0.053,-0.117,-0.103,0.026,-0.152,0.338,-0.065,0.018,-0.151,-0.103,0.381,0.393,0.05,0.043,0.364,0.223,0.566,0.298,-0.238,0.131,0.36,0.109,-0.028,0.322,-0.346,0.561,0.195,0.495,0.143,0.084,-0.228,0.125
ARDX,0.104,-0.155,-0.327,0.319,0.235,0.573,-0.374,-0.185,0.203,0.318,0.264,-0.101,0.385,0.702,-0.034,-0.31,-0.02,1.0,0.287,0.146,0.577,0.228,-0.293,0.044,0.59,0.142,0.298,0.64,-0.284,-0.257,0.007,0.454,-0.047,0.246,-0.212,0.323,0.373,0.597,-0.019,0.193,-0.177,0.457,-0.358,0.405,0.103,0.033,0.514,0.375,-0.13,0.394,0.444,0.3,-0.168,0.264,0.26,-0.471,0.445,-0.01,-0.069,-0.238,-0.039,0.292,-0.28,0.32,0.239,0.149,0.558,0.446,0.595,-0.202,0.448,0.051,0.235,0.397,0.589,0.515,-0.498,0.38,0.505,0.501,0.275,0.485,0.588,0.159,-0.04,0.444,0.239,0.174,0.755,0.405,0.003,0.451,-0.32,0.091,-0.286,-0.309,-0.306,0.292,0.495,0.582,0.048,0.286,0.065,-0.075,-0.374,0.313,0.375,0.275,0.482,0.001,0.369,0.159,0.345,0.046,0.3,-0.434,0.146,0.081,0.36,0.102,-0.192,-0.325,0.11,0.602,0.012,0.136,0.213,0.509,0.16,0.502,0.375,0.352,0.111,0.441,0.467,0.297,0.336,0.585,0.408,0.023,0.196,-0.208,-0.179,0.445,0.356,-0.014,0.369,-0.02,-0.186,0.281,0.515,0.395,-0.047,-0.298,-0.114,-0.12,-0.208,-0.01,0.39,0.267,-0.04,0.364,-0.264,-0.125,0.187,0.357,-0.109,0.282,0.496,0.14,-0.244,0.119,0.228,0.135,0.371,0.551,0.553,0.172,0.1,-0.318,0.138,0.545,-0.216,0.304,-0.137,-0.258,0.568,0.365,0.116,0.223,-0.038,-0.212,0.309,0.008,-0.441,-0.251,0.439,0.462,0.298,0.423
ATER,-0.267,0.054,-0.037,0.618,-0.069,0.224,0.21,0.388,-0.209,0.058,0.278,0.001,0.471,0.22,0.228,-0.156,-0.079,0.287,1.0,0.24,0.153,0.417,-0.018,-0.423,0.42,0.207,-0.096,0.228,0.052,-0.407,0.246,0.014,0.286,-0.055,-0.419,0.403,0.405,0.161,-0.477,0.274,0.243,0.544,-0.208,0.362,0.082,0.542,0.538,0.582,0.058,0.451,0.232,0.438,0.208,0.259,-0.123,-0.509,0.184,0.357,0.319,-0.288,-0.014,0.369,-0.006,0.059,0.008,0.285,0.19,0.401,0.252,-0.289,0.314,0.256,0.371,0.183,0.352,0.181,-0.384,-0.011,0.003,0.007,-0.215,0.296,0.204,-0.288,0.549,0.45,-0.239,-0.302,0.387,-0.028,-0.559,0.498,0.086,-0.032,0.288,0.145,-0.013,0.127,0.182,0.323,-0.019,-0.151,0.016,0.44,0.152,0.123,-0.114,0.378,0.099,0.138,0.0,0.2,0.081,-0.29,-0.332,-0.009,0.269,0.311,-0.037,-0.286,0.353,-0.097,0.173,0.337,0.154,-0.026,-0.241,0.165,-0.385,0.19,0.591,-0.048,-0.185,0.656,0.24,0.694,0.498,0.205,0.287,0.183,-0.496,0.247,0.153,0.302,-0.168,0.015,0.37,-0.462,0.355,0.569,0.529,-0.046,0.179,0.247,0.128,-0.37,0.172,-0.45,0.257,-0.245,0.043,0.565,-0.01,-0.399,0.05,-0.262,0.509,-0.132,0.185,0.292,-0.374,-0.249,-0.03,0.595,-0.197,0.06,-0.052,-0.184,0.348,0.233,-0.403,0.108,0.3,0.109,-0.193,0.263,0.231,0.545,-0.025,-0.039,0.325,-0.162,0.029,0.228,-0.038,0.218,0.493,0.028,-0.207,0.386
ATOS,0.116,0.389,0.425,0.259,0.124,-0.111,0.345,0.24,0.048,0.407,-0.102,0.104,0.109,0.178,0.159,-0.14,0.546,0.146,0.24,1.0,0.226,0.387,0.191,0.143,0.184,-0.157,-0.285,0.182,-0.147,0.146,0.141,-0.043,0.051,0.354,-0.016,0.439,0.35,0.028,-0.262,0.524,0.199,0.091,0.183,0.238,0.6,0.139,0.164,0.503,0.281,0.346,0.092,0.434,0.109,0.416,-0.071,0.116,0.023,0.302,-0.103,0.22,0.329,0.152,0.386,-0.037,0.285,0.163,0.245,0.401,0.197,0.226,0.261,-0.077,0.46,-0.198,-0.051,-0.07,0.21,0.291,-0.015,-0.037,0.08,0.241,0.364,0.25,0.476,0.399,0.162,-0.222,0.294,0.043,-0.148,0.331,0.424,-0.152,0.269,0.343,0.271,-0.235,0.446,0.472,0.577,-0.434,0.172,-0.059,0.143,0.126,0.249,0.115,0.063,0.478,-0.164,-0.038,0.313,0.388,-0.014,0.055,0.547,0.051,0.303,0.038,0.599,0.436,-0.129,0.164,-0.146,0.488,-0.208,0.076,-0.0,0.191,0.126,-0.219,-0.178,0.364,-0.061,0.343,0.459,0.055,0.33,-0.012,-0.05,0.299,0.148,0.353,-0.137,0.431,0.454,0.059,0.065,0.239,0.176,0.451,0.375,0.452,-0.224,0.305,0.5,-0.106,0.056,-0.016,0.21,0.496,0.265,0.012,0.211,0.158,0.257,-0.22,0.216,-0.065,-0.073,0.068,0.043,0.422,0.019,0.271,-0.026,0.17,0.579,0.165,-0.163,0.171,0.149,0.454,0.152,0.31,0.191,0.55,0.313,0.132,-0.094,-0.099,-0.041,0.481,-0.044,0.349,0.409,0.343,0.025,0.136
AUPH,0.392,-0.251,-0.281,0.117,-0.032,0.512,-0.433,-0.357,0.48,0.749,-0.044,-0.299,0.145,0.691,-0.214,-0.285,-0.029,0.577,0.153,0.226,1.0,0.176,-0.455,0.055,0.679,-0.126,0.484,0.741,-0.507,-0.111,-0.116,0.648,-0.364,0.496,0.016,0.197,0.632,0.555,0.207,0.279,-0.335,0.259,-0.458,0.431,0.38,-0.041,0.431,0.495,-0.327,0.621,0.443,0.365,-0.472,0.421,0.541,-0.321,0.609,-0.269,-0.374,0.056,0.293,0.281,-0.436,0.503,0.556,-0.233,0.658,0.486,0.688,0.009,0.579,-0.199,0.111,0.356,0.495,0.654,-0.368,0.79,0.674,0.674,0.618,0.58,0.771,0.58,-0.107,0.46,0.515,0.382,0.634,0.665,0.125,0.477,-0.4,-0.088,-0.456,-0.438,-0.556,0.044,0.847,0.59,0.272,0.31,-0.176,-0.163,-0.546,0.176,0.704,0.038,0.698,0.433,0.255,0.04,0.578,0.054,0.512,-0.437,0.159,-0.223,0.548,0.314,-0.07,-0.355,-0.069,0.812,-0.349,0.345,0.434,0.757,0.101,0.683,0.133,0.396,0.243,0.377,0.615,0.239,0.248,0.713,0.437,-0.219,0.506,-0.467,-0.153,0.311,0.443,0.021,0.419,0.411,-0.292,0.435,0.506,0.645,-0.212,-0.273,-0.366,-0.015,-0.238,0.041,0.641,0.558,0.026,0.278,-0.445,0.104,0.454,0.428,-0.255,0.433,0.684,0.017,-0.141,0.348,0.519,-0.108,0.593,0.923,0.577,0.458,0.246,-0.475,0.111,0.628,-0.427,0.776,-0.341,-0.163,0.826,0.42,0.332,0.397,-0.344,-0.499,0.353,0.093,-0.482,-0.386,0.618,0.669,0.524,0.257
AVGO,-0.247,0.435,0.052,0.755,0.433,-0.102,0.087,0.436,-0.443,0.137,0.536,0.498,0.435,0.059,0.441,-0.086,0.354,0.228,0.417,0.387,0.176,1.0,0.146,-0.435,0.14,0.466,-0.086,0.135,-0.223,-0.172,0.324,-0.04,0.396,0.209,-0.6,0.715,0.303,-0.106,-0.513,0.413,0.382,0.602,-0.224,0.725,0.213,0.531,0.461,0.607,0.432,0.348,0.549,0.7,0.102,0.328,-0.319,-0.214,-0.1,0.573,0.298,-0.291,-0.04,0.111,0.278,-0.172,0.097,0.529,0.199,0.519,0.247,-0.118,0.04,-0.009,0.652,0.331,0.099,0.091,-0.082,-0.104,-0.011,-0.021,-0.079,0.288,0.258,-0.031,0.544,0.584,-0.232,-0.382,0.409,-0.159,-0.242,0.493,0.385,0.228,0.449,0.333,0.144,0.37,0.322,0.475,0.343,-0.329,0.489,0.289,0.264,0.532,0.027,0.541,-0.098,0.07,-0.063,0.266,-0.026,0.239,-0.177,0.043,0.773,0.526,0.032,-0.167,0.306,0.228,0.459,0.469,0.311,0.307,-0.345,0.028,-0.034,0.347,0.609,0.051,-0.148,0.593,-0.054,0.616,0.727,-0.018,0.394,0.446,-0.183,0.397,-0.248,0.539,-0.38,0.353,0.616,-0.333,0.253,0.405,0.385,0.103,0.59,0.387,-0.159,0.114,0.322,-0.503,-0.167,-0.337,-0.04,0.657,0.274,-0.519,-0.015,-0.256,0.57,-0.137,-0.09,0.49,-0.587,-0.24,-0.306,0.644,-0.159,0.139,0.061,-0.241,0.42,0.265,-0.463,0.136,0.355,0.198,0.071,0.329,0.081,0.616,0.157,-0.025,0.476,0.103,-0.435,0.412,-0.02,0.463,0.484,0.041,-0.184,0.713
AZN,-0.561,0.605,0.526,0.146,0.447,-0.699,0.658,0.641,-0.577,-0.359,0.119,0.592,0.218,-0.646,0.555,0.512,0.555,-0.293,-0.018,0.191,-0.455,0.146,1.0,0.094,-0.588,0.191,-0.6,-0.591,0.655,0.222,0.561,-0.684,0.604,-0.351,-0.163,0.176,-0.213,-0.535,-0.243,-0.016,0.741,-0.024,0.565,-0.242,-0.384,0.228,-0.206,-0.123,0.74,-0.386,0.051,0.194,0.742,-0.481,-0.683,0.218,-0.669,0.61,0.584,-0.018,0.068,-0.365,0.759,-0.707,-0.553,0.469,-0.618,-0.156,-0.579,-0.087,-0.465,0.348,0.426,-0.205,-0.441,-0.362,0.363,-0.558,-0.597,-0.609,-0.467,-0.377,-0.485,-0.323,0.387,0.045,-0.531,-0.519,-0.414,-0.625,-0.168,-0.149,0.604,0.212,0.652,0.822,0.637,-0.056,-0.339,-0.229,0.051,-0.402,0.639,0.189,0.79,0.304,-0.42,0.521,-0.627,-0.313,-0.307,0.549,-0.632,0.218,-0.553,0.656,0.067,0.465,-0.578,-0.545,0.152,0.667,0.284,-0.309,0.461,-0.379,-0.589,-0.667,0.346,-0.321,0.071,-0.349,-0.002,0.057,-0.561,0.119,-0.076,-0.591,-0.339,0.34,-0.248,0.755,0.124,-0.067,-0.636,0.104,0.215,-0.377,0.61,-0.013,-0.319,-0.378,0.554,0.591,0.452,0.236,0.665,-0.238,-0.683,-0.702,0.048,0.068,0.854,-0.126,-0.538,-0.171,0.465,-0.648,-0.568,0.139,-0.009,-0.559,-0.471,0.482,-0.591,-0.517,-0.52,-0.656,-0.082,0.666,-0.035,-0.539,0.641,-0.159,0.676,0.279,-0.529,-0.195,-0.235,-0.4,0.39,0.853,-0.557,0.232,0.621,0.575,0.002,-0.584,-0.716,0.088
BCRX,0.36,0.121,0.104,-0.495,0.135,-0.172,-0.049,-0.323,0.324,0.155,-0.393,-0.13,-0.387,-0.046,-0.326,0.055,0.29,0.044,-0.423,0.143,0.055,-0.435,0.094,1.0,-0.159,-0.472,-0.138,-0.12,0.028,0.339,-0.175,0.06,-0.39,0.126,0.497,-0.327,-0.275,0.144,0.365,-0.163,-0.238,-0.571,0.266,-0.374,0.002,-0.502,-0.414,-0.233,-0.02,-0.268,-0.257,-0.365,-0.217,-0.249,0.172,0.435,-0.05,-0.271,-0.385,0.426,0.196,-0.296,0.177,0.01,0.031,-0.33,-0.064,-0.102,-0.089,0.249,-0.066,-0.274,-0.254,-0.368,-0.258,-0.21,0.295,0.166,0.155,0.132,0.254,-0.203,-0.002,0.368,-0.372,-0.236,0.302,0.305,-0.192,0.12,0.385,-0.397,-0.115,-0.175,-0.27,-0.101,-0.058,-0.283,-0.027,0.135,0.255,0.055,-0.077,-0.442,-0.143,0.002,0.234,-0.292,0.026,0.02,-0.085,-0.21,0.104,0.411,0.322,-0.083,-0.265,-0.395,0.151,0.179,-0.141,0.039,-0.357,-0.26,-0.282,0.06,0.209,-0.038,0.524,-0.094,-0.485,0.098,0.271,-0.428,-0.163,-0.488,-0.448,-0.108,-0.231,-0.396,0.502,-0.211,-0.009,-0.129,0.264,0.014,-0.16,0.423,-0.361,-0.458,-0.413,0.322,-0.137,-0.227,-0.239,0.467,-0.028,0.477,0.061,0.292,0.339,-0.241,0.052,0.419,0.017,0.487,-0.419,-0.031,0.332,-0.553,0.478,0.235,0.182,-0.444,0.268,0.156,0.124,0.228,-0.155,-0.127,0.682,0.042,-0.336,0.157,0.268,-0.272,-0.115,-0.348,0.185,0.17,-0.518,0.099,0.306,-0.116,-0.125,-0.225,-0.296,0.134,0.119,-0.491
BGC,0.343,-0.406,-0.406,0.17,-0.239,0.728,-0.263,-0.377,0.564,0.532,-0.053,-0.455,0.188,0.839,-0.249,-0.409,-0.159,0.59,0.42,0.184,0.679,0.14,-0.588,-0.159,1.0,-0.196,0.439,0.859,-0.392,-0.191,-0.192,0.701,-0.334,0.465,0.052,0.236,0.669,0.702,0.128,0.412,-0.303,0.338,-0.398,0.42,0.442,0.024,0.519,0.469,-0.403,0.745,0.264,0.211,-0.316,0.532,0.542,-0.42,0.826,-0.245,-0.289,-0.072,0.165,0.543,-0.488,0.684,0.622,-0.095,0.753,0.514,0.81,0.076,0.815,0.005,0.007,0.242,0.651,0.526,-0.482,0.69,0.653,0.636,0.486,0.717,0.76,0.328,-0.01,0.478,0.523,0.33,0.714,0.73,-0.124,0.637,-0.407,-0.267,-0.465,-0.451,-0.442,0.03,0.622,0.599,0.065,0.358,-0.254,-0.068,-0.468,-0.051,0.492,-0.123,0.718,0.491,0.331,-0.218,0.659,-0.143,0.419,-0.449,0.168,-0.256,0.588,0.337,0.136,-0.546,-0.226,0.599,-0.433,0.37,0.384,0.757,-0.193,0.476,0.199,0.267,-0.068,0.478,0.755,0.325,0.328,0.852,0.554,-0.246,0.135,-0.45,0.129,0.371,0.553,-0.04,0.221,0.196,-0.335,0.352,0.729,0.589,-0.27,-0.238,-0.175,-0.203,-0.299,0.115,0.801,0.52,-0.089,0.295,-0.517,0.158,0.645,0.325,-0.186,0.519,0.68,-0.05,-0.065,0.413,0.658,-0.024,0.564,0.691,0.564,0.501,0.409,-0.452,-0.065,0.743,-0.359,0.44,-0.562,-0.179,0.797,0.508,0.227,0.391,-0.254,-0.655,0.536,0.006,-0.476,-0.41,0.433,0.68,0.601,0.185
BIDU,-0.549,0.165,-0.093,0.545,0.411,-0.049,-0.143,0.329,-0.563,-0.409,0.763,0.514,0.487,-0.228,0.515,0.094,-0.12,0.142,0.207,-0.157,-0.126,0.466,0.191,-0.472,-0.196,1.0,0.302,-0.145,0.102,-0.287,0.335,-0.302,0.598,-0.365,-0.548,0.441,-0.019,-0.327,-0.341,-0.017,0.332,0.611,-0.063,0.413,-0.427,0.323,0.312,-0.011,0.253,-0.163,0.464,0.435,0.285,-0.125,-0.436,-0.383,-0.404,0.362,0.579,-0.528,-0.392,-0.172,0.004,-0.352,-0.442,0.588,-0.169,0.019,-0.152,-0.532,-0.332,0.342,0.429,0.716,-0.011,0.304,-0.312,-0.464,-0.301,-0.281,-0.397,0.026,-0.11,-0.409,0.099,0.201,-0.512,-0.351,0.108,-0.378,0.111,0.065,0.032,0.8,0.244,0.128,0.014,0.616,-0.09,-0.038,-0.162,-0.11,0.463,0.139,0.199,0.407,-0.261,0.741,-0.353,-0.495,0.339,0.547,-0.396,-0.135,-0.292,0.055,0.23,0.696,-0.472,-0.341,-0.13,0.191,0.912,0.289,0.675,-0.168,-0.286,-0.256,0.062,0.278,0.592,0.111,-0.076,0.301,-0.186,0.344,0.318,-0.198,0.039,0.87,-0.237,0.331,-0.289,0.197,-0.499,-0.065,0.312,-0.58,0.375,0.21,0.168,-0.384,0.294,0.056,0.29,-0.278,0.008,-0.554,-0.377,-0.429,-0.29,0.21,0.197,-0.491,-0.432,-0.348,0.365,0.054,-0.432,0.782,-0.337,-0.563,-0.533,0.393,-0.376,-0.226,-0.043,-0.514,-0.194,0.286,-0.328,-0.204,0.305,-0.218,0.154,0.104,-0.179,0.135,-0.286,-0.278,0.764,0.425,-0.569,0.081,0.085,0.204,0.183,-0.295,-0.312,0.632
BILI,0.236,-0.522,-0.553,-0.098,-0.143,0.548,-0.686,-0.57,0.432,0.173,0.199,-0.304,-0.062,0.457,-0.22,-0.267,-0.517,0.298,-0.096,-0.285,0.484,-0.086,-0.6,-0.138,0.439,0.302,1.0,0.482,-0.283,-0.104,-0.323,0.505,-0.263,0.1,0.185,-0.028,0.238,0.267,0.287,0.011,-0.536,0.173,-0.239,0.279,-0.023,-0.256,0.218,-0.113,-0.566,0.191,0.239,-0.023,-0.434,0.132,0.463,-0.273,0.397,-0.535,-0.179,-0.192,-0.14,0.039,-0.752,0.438,0.26,-0.123,0.406,-0.019,0.386,-0.119,0.289,0.09,-0.167,0.741,0.266,0.61,-0.418,0.394,0.417,0.422,0.386,0.35,0.383,0.241,-0.425,-0.044,0.351,0.473,0.342,0.533,0.518,0.033,-0.64,0.456,-0.64,-0.725,-0.638,0.322,0.391,0.093,-0.137,0.459,-0.253,-0.279,-0.652,-0.003,0.391,-0.046,0.442,0.007,0.709,-0.032,0.337,-0.207,0.495,-0.534,-0.165,-0.101,0.207,0.418,-0.292,-0.476,0.288,0.474,-0.101,0.183,0.508,0.484,0.03,0.562,0.077,0.384,0.127,-0.019,0.492,-0.093,-0.045,0.531,0.19,0.2,0.36,-0.636,-0.052,0.036,0.384,-0.279,-0.028,0.234,-0.43,0.032,0.324,0.234,-0.492,-0.578,-0.075,-0.313,-0.604,0.095,0.473,0.542,-0.271,-0.192,-0.624,0.255,0.291,0.285,-0.455,0.821,0.268,0.259,0.187,0.168,0.316,-0.415,0.435,0.469,0.491,0.332,-0.202,-0.47,0.037,0.294,-0.546,0.125,-0.457,-0.39,0.435,0.112,0.013,0.126,-0.061,-0.315,0.22,-0.187,-0.488,-0.614,0.147,0.344,0.559,0.114
BKR,0.383,-0.437,-0.519,0.115,-0.093,0.64,-0.401,-0.334,0.631,0.512,0.009,-0.398,0.195,0.833,-0.113,-0.419,-0.171,0.64,0.228,0.182,0.741,0.135,-0.591,-0.12,0.859,-0.145,0.482,1.0,-0.498,-0.221,-0.156,0.706,-0.439,0.433,0.065,0.339,0.588,0.713,0.218,0.428,-0.369,0.315,-0.419,0.443,0.405,-0.05,0.513,0.488,-0.424,0.729,0.342,0.269,-0.39,0.443,0.576,-0.312,0.779,-0.274,-0.316,-0.172,0.115,0.455,-0.524,0.567,0.582,-0.04,0.681,0.489,0.798,0.022,0.734,-0.095,0.081,0.294,0.652,0.606,-0.511,0.798,0.646,0.64,0.543,0.723,0.799,0.417,0.008,0.438,0.595,0.385,0.765,0.729,0.024,0.566,-0.391,-0.171,-0.45,-0.46,-0.519,0.16,0.691,0.605,0.119,0.43,-0.217,-0.157,-0.552,-0.027,0.663,-0.096,0.726,0.378,0.403,-0.155,0.56,-0.057,0.514,-0.473,0.112,-0.229,0.622,0.385,-0.013,-0.492,-0.185,0.675,-0.401,0.375,0.421,0.792,-0.095,0.598,0.117,0.39,0.006,0.493,0.619,0.324,0.291,0.835,0.539,-0.209,0.262,-0.449,-0.063,0.518,0.575,0.107,0.254,0.308,-0.339,0.329,0.691,0.641,-0.295,-0.306,-0.244,-0.168,-0.431,0.139,0.717,0.627,-0.274,0.345,-0.56,0.144,0.501,0.367,-0.241,0.547,0.564,-0.036,-0.083,0.479,0.608,0.013,0.678,0.79,0.732,0.437,0.303,-0.535,-0.002,0.775,-0.436,0.462,-0.534,-0.358,0.813,0.51,0.288,0.257,-0.312,-0.639,0.507,-0.109,-0.475,-0.389,0.463,0.761,0.661,0.212
BLDP,-0.392,0.193,0.251,-0.188,0.046,-0.317,0.457,0.336,-0.281,-0.483,-0.06,0.174,0.032,-0.421,0.227,0.535,0.053,-0.284,0.052,-0.147,-0.507,-0.223,0.655,0.028,-0.392,0.102,-0.283,-0.498,1.0,0.245,0.288,-0.407,0.423,-0.455,0.141,-0.145,-0.197,-0.373,0.055,-0.328,0.449,-0.181,0.583,-0.378,-0.519,0.085,-0.351,-0.389,0.226,-0.429,-0.09,-0.209,0.696,-0.593,-0.335,0.147,-0.436,0.195,0.592,-0.053,-0.131,-0.248,0.292,-0.389,-0.535,0.216,-0.526,-0.431,-0.58,-0.024,-0.289,0.617,-0.054,-0.097,-0.338,-0.267,0.226,-0.517,-0.436,-0.445,-0.323,-0.427,-0.624,-0.358,0.099,-0.25,-0.339,-0.201,-0.449,-0.363,-0.062,-0.189,0.165,0.18,0.257,0.387,0.464,-0.16,-0.519,-0.459,-0.281,0.109,0.354,0.352,0.537,0.042,-0.56,0.255,-0.339,-0.363,0.033,0.38,-0.533,-0.159,-0.398,0.492,-0.361,0.148,-0.492,-0.366,0.022,0.287,0.145,-0.449,0.26,-0.567,-0.227,-0.437,0.169,-0.329,-0.115,-0.233,0.218,-0.167,-0.247,-0.086,-0.37,-0.359,-0.473,0.157,-0.257,0.415,0.486,-0.375,-0.323,-0.321,-0.231,-0.228,0.361,-0.165,-0.293,-0.46,0.127,0.253,0.736,-0.06,0.225,0.038,-0.296,-0.467,0.032,-0.27,0.392,0.174,-0.34,-0.156,0.148,-0.262,-0.373,0.08,0.401,-0.496,-0.172,0.132,-0.481,-0.57,-0.515,-0.501,-0.31,0.297,0.067,-0.523,0.335,-0.335,0.447,0.088,-0.467,-0.418,-0.447,-0.368,0.302,0.609,-0.23,-0.001,0.545,0.135,-0.229,-0.645,-0.465,-0.162
BLNK,0.334,0.277,0.34,-0.365,0.072,-0.299,0.221,-0.104,0.085,0.179,-0.304,0.066,-0.424,-0.184,-0.205,0.233,0.432,-0.257,-0.407,0.146,-0.111,-0.172,0.222,0.339,-0.191,-0.287,-0.104,-0.221,0.245,1.0,0.095,-0.061,0.062,0.182,0.532,-0.269,-0.006,-0.255,0.253,0.049,0.134,-0.44,0.476,-0.239,0.096,-0.075,-0.388,-0.227,0.204,-0.274,-0.057,-0.257,0.109,-0.207,-0.07,0.611,-0.246,-0.074,-0.065,0.462,0.335,-0.348,0.294,-0.198,0.044,-0.24,-0.127,-0.129,-0.12,0.449,-0.145,0.085,-0.145,-0.284,-0.468,-0.255,0.537,0.076,-0.113,-0.137,0.134,-0.143,-0.131,0.376,-0.261,0.002,0.242,0.399,-0.242,0.191,0.293,-0.167,0.247,-0.013,-0.105,0.121,0.267,-0.173,-0.043,-0.068,0.4,0.147,0.219,-0.313,0.094,-0.028,0.008,-0.199,-0.093,0.197,-0.078,-0.123,0.069,0.349,0.347,0.203,0.054,-0.229,0.301,0.17,0.078,0.336,-0.243,-0.214,-0.204,0.175,0.321,-0.21,0.31,-0.05,-0.4,-0.035,0.058,-0.395,-0.218,-0.398,-0.269,-0.216,-0.128,-0.228,0.358,0.107,0.42,-0.076,-0.044,0.197,0.018,0.357,-0.197,-0.342,-0.358,0.315,0.088,0.191,0.179,0.52,0.176,0.415,-0.127,0.052,0.215,-0.238,0.231,0.583,0.188,0.473,-0.218,-0.051,-0.04,-0.312,0.491,0.344,0.085,-0.263,0.321,-0.047,-0.04,0.129,-0.005,0.04,0.499,0.052,-0.064,0.052,0.436,0.042,-0.22,-0.304,0.401,0.251,-0.271,0.135,0.022,0.295,0.109,0.032,-0.203,-0.096,0.12,-0.272
