,AAL,AAPL,ABUS,ADBE,ADI,ADMA,AEP,AGNC,AKBA,ALT,AMAT,AMD,AMGN,AMZN,APA,APPS,ARCC,ARDX,ATER,ATOS,AUPH,AVGO,AZN,BCRX,BGC,BIDU,BILI,BKR,BLDP,BLNK,BYND,CAN,CELH,CG,CGC,CHRD,CLNE,CMCSA,COMM,COST,CPB,CPRT,CRON,CRWD,CSCO,CSGP,CSX,CTSH,CZR,DBX,DDOG,DKNG,DLTR,DOCU,DVAX,DXCM,EA,EBAY,ENPH,ERIC,ESPR,ETSY,EXC,EXEL,EXPE,FANG,FAST,FITB,FLEX,FOLD,FOXA,FSLR,FTNT,FUTU,GEN,GERN,GEVO,GILD,GOOG,GOOGL,GPRO,GT,HBAN,HIVE,HON,HST,HUT,IBRX,INTC,IOVA,IQ,IRWD,JBLU,JD,KDP,KHC,LBTYK,LRCX,LYFT,MAR,MARA,MAT,MCHP,MCRB,MDLZ,META,MGNI,MLCO,MNKD,MNST,MOMO,MRNA,MRVL,MSFT,MSTR,MTCH,MU,MVIS,NDAQ,NFLX,NKTR,NNDM,NTES,NTNX,NVAX,NVDA,NWL,NWSA,NXPI,OCGN,OKTA,ON,OPK,PAA,PACB,PAGP,PANW,PARA,PCAR,PDD,PENN,PEP,PLUG,PTEN,PTON,PYPL,QCOM,QUBT,QVCGA,RDFN,REAL,RIOT,ROKU,ROST,RUN,SABR,SAVA,SBUX,SFIX,SGMO,SIRI,SLM,SMCI,SNDL,SONO,STNE,STX,TCOM,TGTX,TIGR,TLRY,TMUS,TRIP,TSCO,TSLA,TTD,TXN,UAL,UNIT,VERU,VKTX,VLY,VOD,VTRS,VXRT,WBA,WBD,WDAY,WDC,WEN,WW,WYNN,XEL,XP,XRAY,XRX,Z,ZION,ZM,ZS
AAL,1.0,0.101,-0.41,0.293,0.244,0.415,0.469,0.454,-0.148,-0.223,-0.173,-0.402,0.35,-0.056,-0.391,0.428,0.458,0.257,0.173,-0.018,-0.006,-0.291,0.385,0.254,0.468,0.262,0.342,-0.112,-0.197,0.212,0.219,-0.551,-0.048,-0.334,0.08,-0.334,-0.211,0.103,0.019,0.257,0.527,-0.077,-0.026,0.031,-0.212,0.061,-0.212,-0.39,-0.48,0.111,-0.486,-0.341,-0.447,-0.097,-0.16,-0.191,-0.01,-0.305,-0.009,0.645,0.116,-0.378,0.429,-0.175,-0.42,-0.194,-0.612,0.511,0.071,-0.271,0.514,0.362,-0.563,0.353,-0.396,0.115,0.441,-0.324,0.321,0.334,-0.086,0.004,0.441,-0.211,0.302,-0.59,0.502,0.197,-0.349,0.14,0.292,-0.072,-0.054,0.384,0.533,-0.01,0.027,-0.37,-0.356,-0.48,0.55,0.485,0.222,0.148,0.446,-0.056,0.113,0.039,0.337,-0.099,0.518,0.281,-0.23,-0.156,-0.171,-0.354,-0.201,-0.014,0.115,-0.201,-0.109,-0.51,0.313,0.094,0.124,-0.068,0.264,-0.003,0.143,-0.075,0.033,0.059,0.161,0.385,-0.355,0.159,0.438,0.469,-0.469,0.419,-0.117,0.638,-0.293,-0.273,0.127,-0.109,0.047,-0.277,-0.262,0.053,0.25,0.423,0.155,-0.181,0.055,-0.072,-0.249,-0.283,-0.312,-0.409,-0.156,0.621,-0.412,0.204,0.075,0.27,0.484,0.359,0.248,0.275,-0.008,0.381,-0.385,0.444,0.003,0.089,0.339,0.775,-0.444,-0.042,0.166,0.522,0.404,0.142,-0.43,-0.091,-0.189,-0.474,-0.078,0.268,0.303,-0.328,0.698,-0.25,-0.57,-0.286,-0.369,0.394,0.089,-0.357
AAPL,0.101,1.0,0.298,0.739,0.535,0.553,0.509,0.645,0.122,0.103,0.544,0.074,0.868,0.645,-0.361,0.672,0.356,0.884,0.63,0.62,0.487,0.342,0.567,0.563,0.613,0.728,0.619,-0.169,0.541,0.805,0.728,-0.136,0.641,-0.395,0.266,-0.14,0.535,-0.338,0.319,0.834,0.145,0.64,0.462,0.816,-0.275,0.428,-0.203,0.002,-0.381,0.178,-0.344,0.598,-0.186,0.598,0.014,-0.343,0.389,-0.271,0.359,0.255,0.547,-0.469,0.295,-0.431,-0.471,0.113,-0.022,0.425,0.362,-0.366,0.48,0.783,-0.476,0.625,-0.373,0.325,0.389,-0.425,0.52,0.537,0.364,0.692,0.513,-0.449,0.397,-0.172,-0.123,0.534,-0.504,0.794,0.566,-0.142,-0.483,0.628,0.386,-0.52,0.338,0.178,0.285,-0.153,0.408,0.188,0.548,0.455,0.146,-0.213,0.564,0.736,0.619,0.633,0.5,0.749,0.542,0.213,0.107,-0.29,0.439,0.697,0.127,0.271,0.637,0.156,0.736,0.678,0.711,0.608,0.498,0.099,0.649,0.438,0.672,0.587,0.449,0.152,0.312,0.071,0.534,0.551,-0.385,0.633,-0.436,0.23,0.201,-0.317,0.724,0.348,0.806,0.328,-0.337,0.796,0.64,0.022,0.211,0.026,0.693,0.17,0.378,-0.613,0.415,0.197,0.109,0.232,-0.024,0.654,0.078,0.681,0.544,0.728,0.609,0.713,0.458,0.107,-0.399,0.349,0.481,0.664,0.54,0.01,-0.442,0.535,0.672,0.094,0.157,0.501,-0.007,-0.39,-0.351,-0.113,0.497,-0.028,0.778,0.061,0.03,0.552,-0.517,-0.444,-0.057,0.638,0.451,0.174
ABUS,-0.41,0.298,1.0,0.251,0.091,-0.184,-0.209,0.076,0.318,0.44,0.642,0.651,0.009,0.498,0.309,0.202,-0.332,0.216,0.193,0.491,0.026,0.596,-0.195,0.374,0.007,-0.087,-0.157,0.237,0.526,0.089,0.043,0.537,0.495,0.173,-0.3,0.448,0.448,-0.002,0.393,0.275,-0.564,0.43,0.02,0.407,0.397,0.115,0.517,0.453,0.381,-0.284,-0.099,0.575,0.464,0.341,-0.003,0.258,-0.054,-0.017,0.385,-0.307,0.184,0.091,-0.462,-0.06,-0.262,0.412,0.371,-0.26,0.31,0.034,-0.054,0.182,0.024,-0.178,0.186,-0.18,-0.063,0.278,-0.089,-0.088,0.058,0.484,-0.098,-0.097,0.124,0.358,-0.433,-0.176,0.229,0.319,-0.277,-0.293,0.141,-0.191,-0.313,-0.415,0.283,0.646,0.579,0.5,-0.129,-0.075,-0.064,-0.198,-0.393,0.351,0.174,0.357,-0.103,0.568,-0.156,-0.056,0.545,0.615,0.491,0.035,0.686,0.422,0.178,0.646,0.33,0.312,-0.137,0.463,0.066,0.466,-0.033,0.138,0.09,0.634,0.542,0.128,-0.15,-0.015,0.466,0.043,-0.168,-0.355,0.348,-0.182,-0.096,-0.414,0.474,0.297,0.36,-0.083,0.261,0.55,0.078,0.398,-0.103,-0.403,0.014,0.521,0.419,-0.206,0.269,-0.052,0.523,0.364,0.436,-0.378,0.507,0.062,0.073,0.218,0.101,-0.005,0.041,-0.114,-0.025,-0.519,-0.25,-0.362,0.035,0.141,-0.001,-0.573,-0.235,0.258,0.029,-0.209,-0.347,-0.143,0.552,-0.117,0.108,0.334,0.432,-0.577,0.02,0.518,-0.349,0.576,0.083,0.299,0.421,-0.025,0.027,0.298
ADBE,0.293,0.739,0.251,1.0,0.491,0.463,0.454,0.565,0.279,0.197,0.546,0.129,0.614,0.625,-0.437,0.695,0.302,0.715,0.538,0.518,0.258,0.315,0.405,0.608,0.593,0.612,0.467,-0.197,0.391,0.618,0.587,-0.163,0.461,-0.342,0.076,-0.018,0.526,-0.211,0.186,0.704,0.068,0.518,0.289,0.645,-0.177,0.32,-0.091,-0.062,-0.299,0.116,-0.445,0.34,-0.034,0.674,0.022,-0.166,0.368,-0.456,0.324,0.367,0.461,-0.547,0.144,-0.377,-0.665,0.121,-0.183,0.416,0.37,-0.25,0.514,0.702,-0.622,0.459,-0.456,0.261,0.364,-0.374,0.482,0.49,0.343,0.512,0.519,-0.463,0.349,-0.315,0.051,0.367,-0.283,0.744,0.359,-0.034,-0.329,0.561,0.347,-0.513,0.358,0.181,0.222,-0.147,0.439,0.237,0.403,0.336,0.11,-0.045,0.452,0.573,0.604,0.47,0.582,0.558,0.557,0.358,0.154,-0.261,0.474,0.613,0.233,0.369,0.536,0.069,0.574,0.66,0.508,0.604,0.363,0.159,0.525,0.396,0.682,0.443,0.363,0.196,0.079,0.028,0.528,0.407,-0.32,0.541,-0.451,0.261,0.172,-0.284,0.538,0.147,0.635,0.321,-0.142,0.619,0.489,0.031,0.201,0.052,0.606,-0.082,0.282,-0.579,0.356,0.093,0.237,0.252,0.061,0.545,0.124,0.673,0.561,0.695,0.529,0.52,0.29,-0.042,-0.422,0.245,0.3,0.543,0.506,0.126,-0.695,0.491,0.483,0.266,0.25,0.43,0.036,-0.323,-0.231,-0.169,0.457,-0.081,0.599,0.135,0.131,0.422,-0.601,-0.35,-0.168,0.592,0.307,0.119
ADI,0.244,0.535,0.091,0.491,1.0,0.624,0.656,0.686,-0.174,-0.141,0.546,0.11,0.489,0.37,-0.428,0.489,0.442,0.418,0.636,0.534,0.262,0.46,0.649,0.279,0.669,0.592,0.768,0.239,0.184,0.47,0.433,-0.15,0.447,-0.243,0.381,-0.158,0.526,-0.512,0.074,0.53,0.473,0.676,0.553,0.56,-0.333,0.86,-0.287,-0.33,-0.473,0.415,-0.166,0.159,-0.442,0.347,-0.202,-0.357,0.264,-0.037,0.381,0.338,0.459,-0.332,0.389,-0.114,-0.383,0.172,-0.148,0.556,0.413,-0.45,0.444,0.557,-0.511,0.729,-0.387,0.314,0.44,-0.478,0.638,0.631,0.203,0.337,0.659,-0.293,0.38,-0.213,0.267,0.555,-0.544,0.457,0.685,-0.062,-0.573,0.68,0.674,-0.169,-0.01,0.283,-0.05,-0.08,0.573,0.559,0.83,0.531,0.659,-0.374,0.563,0.483,0.598,0.221,0.533,0.588,0.497,0.027,-0.122,-0.455,0.31,0.503,-0.081,0.091,0.401,-0.075,0.456,0.571,0.431,0.641,0.662,-0.034,0.794,0.186,0.323,0.81,0.31,0.2,-0.007,0.222,0.664,0.351,-0.463,0.646,-0.167,0.607,-0.18,-0.394,0.44,0.476,0.535,0.269,-0.576,0.441,0.596,0.499,0.31,-0.228,0.428,0.304,0.262,-0.439,0.06,0.018,-0.093,0.573,0.028,0.577,0.111,0.7,0.805,0.482,0.409,0.581,0.401,0.365,-0.274,0.652,0.719,0.694,0.949,0.249,-0.369,0.181,0.656,0.119,0.371,0.589,-0.364,-0.411,-0.536,-0.488,0.538,0.258,0.382,-0.199,0.246,0.069,-0.528,-0.511,-0.007,0.67,0.625,0.214
ADMA,0.415,0.553,-0.184,0.463,0.624,1.0,0.836,0.72,-0.154,-0.111,0.195,-0.306,0.744,0.335,-0.637,0.617,0.666,0.601,0.595,0.316,0.454,0.014,0.631,0.344,0.662,0.614,0.695,-0.223,0.13,0.691,0.637,-0.478,0.333,-0.46,0.598,-0.432,0.187,-0.402,0.026,0.708,0.606,0.417,0.633,0.524,-0.51,0.433,-0.54,-0.446,-0.669,0.507,-0.352,0.044,-0.66,0.306,0.038,-0.641,0.392,-0.217,0.004,0.555,0.456,-0.482,0.705,-0.3,-0.373,-0.126,-0.452,0.815,0.227,-0.377,0.688,0.629,-0.596,0.735,-0.49,0.381,0.62,-0.707,0.574,0.577,0.229,0.448,0.804,-0.413,0.38,-0.431,0.398,0.578,-0.787,0.634,0.726,0.131,-0.637,0.732,0.587,-0.147,0.132,-0.228,-0.191,-0.506,0.657,0.39,0.627,0.717,0.632,-0.542,0.603,0.446,0.674,0.164,0.7,0.726,0.162,-0.243,-0.219,-0.423,0.006,0.451,-0.17,-0.094,0.406,-0.253,0.696,0.582,0.626,0.382,0.564,0.024,0.702,0.036,0.233,0.493,0.353,0.203,-0.16,0.122,0.844,0.713,-0.678,0.759,-0.351,0.619,-0.172,-0.551,0.467,0.435,0.546,-0.055,-0.53,0.604,0.768,0.437,0.173,-0.385,0.472,0.417,0.117,-0.511,-0.1,0.08,-0.302,0.589,-0.312,0.726,0.162,0.625,0.599,0.55,0.649,0.704,0.536,0.554,-0.281,0.618,0.418,0.635,0.719,0.537,-0.399,0.353,0.666,0.265,0.471,0.631,-0.595,-0.42,-0.475,-0.557,0.197,0.487,0.574,-0.331,0.383,-0.035,-0.617,-0.716,-0.305,0.785,0.562,0.041
AEP,0.469,0.509,-0.209,0.454,0.656,0.836,1.0,0.762,-0.261,-0.142,0.13,-0.286,0.641,0.387,-0.597,0.604,0.668,0.484,0.604,0.265,0.435,0.021,0.732,0.264,0.77,0.671,0.688,-0.002,0.064,0.572,0.439,-0.528,0.24,-0.411,0.68,-0.39,0.167,-0.402,0.003,0.648,0.735,0.433,0.657,0.38,-0.394,0.525,-0.48,-0.436,-0.554,0.413,-0.38,-0.109,-0.644,0.212,-0.021,-0.497,0.255,-0.149,-0.013,0.614,0.429,-0.505,0.753,-0.253,-0.429,-0.056,-0.453,0.839,0.178,-0.468,0.681,0.564,-0.652,0.697,-0.507,0.47,0.635,-0.6,0.672,0.664,0.147,0.36,0.836,-0.367,0.577,-0.452,0.422,0.611,-0.685,0.592,0.688,0.029,-0.635,0.733,0.719,-0.028,0.009,-0.264,-0.299,-0.437,0.607,0.467,0.666,0.588,0.755,-0.476,0.482,0.44,0.709,0.093,0.745,0.667,0.16,-0.178,-0.184,-0.548,-0.064,0.32,-0.097,-0.152,0.364,-0.253,0.597,0.485,0.602,0.335,0.621,-0.079,0.784,-0.087,0.206,0.608,0.312,0.268,-0.118,0.112,0.79,0.705,-0.556,0.705,-0.308,0.736,-0.32,-0.559,0.408,0.524,0.49,-0.102,-0.61,0.463,0.689,0.515,0.309,-0.306,0.321,0.385,0.147,-0.479,-0.131,-0.118,-0.171,0.646,-0.332,0.742,-0.007,0.632,0.651,0.47,0.662,0.665,0.588,0.62,-0.409,0.722,0.511,0.502,0.775,0.542,-0.449,0.326,0.72,0.391,0.471,0.66,-0.556,-0.334,-0.411,-0.563,0.213,0.464,0.497,-0.404,0.588,-0.104,-0.731,-0.653,-0.333,0.739,0.507,-0.112
AGNC,0.454,0.645,0.076,0.565,0.686,0.72,0.762,1.0,-0.072,0.044,0.387,-0.137,0.663,0.52,-0.489,0.683,0.554,0.63,0.598,0.457,0.433,0.194,0.701,0.44,0.719,0.673,0.721,0.023,0.346,0.661,0.576,-0.27,0.48,-0.42,0.421,-0.324,0.397,-0.292,0.239,0.675,0.521,0.573,0.509,0.584,-0.3,0.637,-0.294,-0.255,-0.465,0.241,-0.43,0.156,-0.426,0.389,-0.021,-0.359,0.32,-0.249,0.337,0.556,0.573,-0.546,0.501,-0.359,-0.558,0.002,-0.322,0.639,0.261,-0.287,0.593,0.679,-0.677,0.742,-0.532,0.371,0.568,-0.435,0.687,0.703,0.307,0.534,0.756,-0.412,0.612,-0.298,0.345,0.604,-0.589,0.687,0.656,-0.008,-0.423,0.721,0.662,-0.344,0.243,0.021,-0.035,-0.328,0.606,0.53,0.593,0.545,0.578,-0.202,0.596,0.5,0.643,0.285,0.665,0.678,0.344,0.124,-0.035,-0.426,0.203,0.558,0.209,0.055,0.469,-0.071,0.6,0.634,0.658,0.487,0.698,0.024,0.702,0.213,0.43,0.648,0.415,0.324,0.158,0.239,0.679,0.57,-0.585,0.727,-0.372,0.61,-0.07,-0.461,0.566,0.356,0.623,0.191,-0.543,0.622,0.648,0.443,0.387,-0.156,0.571,0.279,0.251,-0.591,0.092,0.12,0.065,0.663,-0.238,0.651,0.165,0.787,0.779,0.606,0.675,0.691,0.458,0.442,-0.41,0.661,0.56,0.651,0.731,0.314,-0.543,0.471,0.673,0.421,0.411,0.539,-0.326,-0.423,-0.463,-0.416,0.477,0.233,0.582,-0.206,0.424,0.241,-0.692,-0.464,-0.197,0.777,0.621,0.068
AKBA,-0.148,0.122,0.318,0.279,-0.174,-0.154,-0.261,-0.072,1.0,0.414,0.183,0.315,-0.038,0.241,0.152,0.027,-0.229,0.229,-0.076,0.211,-0.177,0.104,-0.359,0.272,-0.064,-0.171,-0.21,0.045,0.324,0.116,0.194,0.232,0.259,0.179,-0.294,0.318,0.193,0.252,0.175,0.078,-0.476,0.132,-0.238,0.177,0.229,-0.16,0.329,0.362,0.33,0.009,-0.022,0.248,0.506,0.39,0.455,0.277,0.424,-0.158,0.417,-0.124,0.256,-0.071,-0.315,0.031,-0.11,0.264,0.093,-0.274,0.253,0.556,-0.079,0.136,0.077,-0.211,0.172,-0.33,-0.193,0.303,-0.23,-0.234,0.238,0.151,-0.17,0.085,-0.063,0.386,-0.051,-0.293,0.34,0.224,-0.284,0.424,0.212,-0.253,-0.383,-0.235,0.502,0.257,0.417,0.354,-0.014,-0.038,-0.206,0.004,-0.462,0.345,0.043,0.05,0.042,0.227,-0.254,-0.131,0.328,0.454,0.526,0.438,0.305,0.382,0.475,0.303,0.004,0.491,-0.079,0.079,0.095,0.121,-0.299,0.729,-0.2,0.167,0.362,-0.229,0.061,0.062,0.349,0.089,-0.097,-0.148,0.256,-0.202,-0.119,-0.413,0.666,0.386,0.109,-0.154,0.052,0.249,0.562,0.23,-0.153,-0.252,0.053,0.384,0.378,-0.355,0.066,0.061,0.463,0.278,0.533,-0.26,0.176,0.032,0.438,0.096,-0.094,0.096,-0.083,-0.178,-0.135,-0.451,0.17,-0.416,-0.228,0.163,-0.242,-0.304,-0.165,0.255,-0.207,0.068,-0.12,0.139,0.422,0.139,0.505,0.464,0.092,-0.392,0.022,0.589,-0.126,0.526,0.185,0.276,0.214,-0.136,-0.152,0.35
ALT,-0.223,0.103,0.44,0.197,-0.141,-0.111,-0.142,0.044,0.414,1.0,0.254,0.245,0.035,0.406,0.075,0.14,-0.275,0.148,0.232,0.357,0.129,0.128,-0.319,0.321,-0.024,-0.027,-0.142,0.118,0.478,0.034,0.07,0.42,0.391,0.102,-0.208,0.344,0.172,0.18,0.455,0.132,-0.421,0.117,-0.049,0.225,0.28,-0.111,0.521,0.529,0.424,-0.161,-0.07,0.267,0.628,0.325,0.353,0.348,0.193,-0.203,0.345,-0.058,0.237,-0.127,-0.264,-0.114,-0.226,0.256,0.186,-0.145,0.089,0.404,-0.004,0.184,-0.016,-0.139,0.09,-0.22,-0.036,0.292,-0.149,-0.152,0.218,0.349,0.074,-0.005,0.301,0.414,0.0,-0.199,0.322,0.285,-0.311,0.132,0.145,-0.162,-0.379,-0.38,0.48,0.305,0.618,0.434,-0.038,0.104,-0.25,-0.003,-0.38,0.44,0.239,0.262,0.046,0.288,-0.15,-0.019,0.288,0.529,0.559,0.276,0.4,0.337,0.424,0.447,0.329,0.385,-0.088,0.393,0.118,0.182,-0.191,0.446,-0.056,0.348,0.466,-0.067,0.075,0.033,0.439,0.058,-0.168,-0.113,0.313,-0.071,-0.05,-0.408,0.609,0.261,0.201,-0.218,0.197,0.187,0.327,0.316,-0.101,-0.144,0.272,0.512,0.432,-0.179,0.09,-0.055,0.478,0.446,0.49,-0.194,0.111,0.037,0.346,0.121,0.138,0.173,0.187,-0.052,-0.043,-0.349,-0.014,-0.41,-0.152,0.169,-0.141,-0.359,-0.201,0.316,-0.184,0.319,-0.058,-0.099,0.363,0.017,0.328,0.497,0.295,-0.319,-0.041,0.642,-0.159,0.416,0.032,0.28,0.166,0.055,-0.062,0.326
AMAT,-0.173,0.544,0.642,0.546,0.546,0.195,0.13,0.387,0.183,0.254,1.0,0.674,0.282,0.636,-0.084,0.356,-0.101,0.434,0.39,0.727,0.215,0.82,0.121,0.473,0.306,0.268,0.215,0.113,0.479,0.315,0.31,0.43,0.542,0.007,-0.057,0.244,0.7,-0.274,0.274,0.479,-0.236,0.707,0.318,0.636,0.099,0.486,0.316,0.182,0.047,-0.06,-0.161,0.662,0.126,0.586,0.013,0.004,0.164,-0.093,0.522,-0.07,0.299,-0.203,-0.226,-0.098,-0.457,0.412,0.303,0.099,0.434,-0.15,-0.01,0.538,-0.312,0.183,-0.163,0.073,0.113,-0.049,0.27,0.291,0.327,0.472,0.324,-0.339,0.238,0.137,-0.213,0.173,-0.104,0.454,0.08,-0.2,-0.14,0.254,0.094,-0.457,0.266,0.83,0.482,0.399,0.132,0.091,0.367,0.107,-0.066,0.082,0.35,0.547,0.282,0.575,0.196,0.273,0.8,0.58,0.408,-0.147,0.882,0.606,0.158,0.673,0.616,0.276,0.207,0.66,0.258,0.859,0.317,0.008,0.49,0.632,0.555,0.528,0.176,0.038,0.466,0.096,0.199,-0.09,0.022,0.206,-0.306,-0.029,0.293,-0.05,0.429,0.199,0.587,0.584,-0.24,0.489,0.187,-0.101,0.11,0.233,0.585,-0.113,0.335,-0.318,0.495,0.329,0.345,0.0,0.547,0.342,0.069,0.617,0.436,0.261,0.284,0.202,0.241,-0.261,-0.268,0.109,0.39,0.411,0.445,-0.243,-0.43,0.33,0.379,-0.15,-0.022,0.203,0.293,-0.282,-0.235,0.015,0.681,-0.325,0.319,0.307,-0.288,0.578,-0.282,-0.066,0.211,0.418,0.313,0.333
AMD,-0.402,0.074,0.651,0.129,0.11,-0.306,-0.286,-0.137,0.315,0.245,0.674,1.0,-0.236,0.338,0.492,-0.134,-0.331,-0.035,-0.075,0.362,-0.162,0.797,-0.309,0.113,-0.121,-0.219,-0.318,0.344,0.186,-0.166,-0.207,0.557,0.189,0.604,-0.291,0.639,0.44,-0.016,0.145,0.002,-0.524,0.453,-0.066,0.266,0.446,0.123,0.52,0.431,0.543,-0.142,0.155,0.52,0.413,0.249,-0.04,0.322,-0.128,0.342,0.461,-0.319,-0.074,0.334,-0.533,0.468,0.027,0.692,0.449,-0.334,0.555,0.087,-0.415,0.094,0.177,-0.312,0.389,-0.149,-0.239,0.339,-0.113,-0.102,0.013,0.082,-0.198,0.147,-0.027,0.526,-0.241,-0.234,0.346,0.029,-0.315,-0.203,0.158,-0.292,-0.317,0.05,0.116,0.768,0.392,0.727,-0.208,-0.135,0.062,-0.337,-0.311,0.299,-0.052,0.104,-0.213,0.371,-0.281,-0.249,0.592,0.585,0.611,0.134,0.679,0.138,0.206,0.525,0.116,0.328,-0.288,0.246,-0.147,0.493,-0.097,0.084,0.015,0.325,0.244,0.073,-0.16,0.075,0.409,0.088,-0.19,-0.456,0.528,-0.308,0.161,-0.436,0.348,0.423,0.043,0.06,0.089,0.502,0.146,0.034,-0.274,-0.243,-0.012,0.556,0.146,-0.206,0.236,0.352,0.413,0.121,0.46,-0.33,0.771,-0.08,0.086,0.093,-0.041,-0.218,-0.199,-0.288,-0.069,-0.542,0.004,-0.228,0.031,-0.093,-0.058,-0.414,-0.041,-0.032,-0.024,-0.303,-0.252,-0.147,0.531,0.156,0.237,0.397,0.433,-0.366,-0.134,0.458,-0.376,0.384,0.26,0.331,0.59,-0.208,-0.065,0.363
AMGN,0.35,0.868,0.009,0.614,0.489,0.744,0.641,0.663,-0.038,0.035,0.282,-0.236,1.0,0.489,-0.568,0.664,0.462,0.907,0.604,0.437,0.476,0.031,0.57,0.523,0.631,0.697,0.661,-0.323,0.391,0.803,0.781,-0.353,0.475,-0.541,0.356,-0.382,0.232,-0.228,0.274,0.818,0.381,0.412,0.445,0.651,-0.396,0.304,-0.35,-0.166,-0.552,0.216,-0.461,0.366,-0.4,0.381,0.047,-0.424,0.369,-0.377,0.211,0.429,0.465,-0.55,0.492,-0.494,-0.488,-0.089,-0.329,0.593,0.237,-0.392,0.644,0.772,-0.592,0.688,-0.478,0.29,0.522,-0.532,0.517,0.527,0.247,0.618,0.625,-0.505,0.425,-0.397,0.088,0.569,-0.608,0.717,0.629,-0.078,-0.502,0.674,0.451,-0.429,0.298,-0.092,0.126,-0.415,0.519,0.321,0.522,0.546,0.305,-0.264,0.551,0.622,0.657,0.511,0.584,0.779,0.221,-0.011,-0.075,-0.373,0.182,0.553,0.029,0.099,0.469,-0.138,0.768,0.581,0.686,0.433,0.479,0.079,0.618,0.277,0.487,0.489,0.425,0.166,0.039,0.074,0.607,0.724,-0.535,0.723,-0.452,0.408,0.109,-0.458,0.623,0.271,0.686,0.023,-0.369,0.744,0.69,0.181,0.222,-0.106,0.612,0.161,0.113,-0.626,0.193,0.079,-0.08,0.43,-0.242,0.677,0.086,0.622,0.584,0.773,0.672,0.743,0.454,0.343,-0.431,0.431,0.362,0.608,0.564,0.279,-0.436,0.415,0.643,0.303,0.257,0.487,-0.267,-0.377,-0.39,-0.263,0.332,0.179,0.777,-0.13,0.254,0.293,-0.647,-0.542,-0.27,0.729,0.387,-0.006
AMZN,-0.056,0.645,0.498,0.625,0.37,0.335,0.387,0.52,0.241,0.406,0.636,0.338,0.489,1.0,-0.253,0.476,0.093,0.617,0.543,0.518,0.442,0.449,0.234,0.64,0.499,0.489,0.351,-0.114,0.682,0.622,0.537,0.109,0.583,-0.243,0.236,0.006,0.569,-0.142,0.441,0.622,-0.124,0.502,0.5,0.648,-0.095,0.277,0.126,0.195,0.038,-0.115,-0.312,0.601,0.081,0.551,0.147,-0.158,0.234,-0.217,0.489,-0.031,0.366,-0.36,-0.011,-0.365,-0.579,0.203,0.018,0.142,0.323,-0.076,0.259,0.611,-0.428,0.355,-0.267,0.33,0.292,-0.132,0.472,0.475,0.339,0.717,0.344,-0.546,0.421,0.031,-0.195,0.407,-0.194,0.731,0.181,-0.128,-0.196,0.359,0.032,-0.537,0.532,0.376,0.484,0.065,0.135,0.095,0.29,0.342,-0.068,0.187,0.513,0.739,0.532,0.627,0.327,0.538,0.616,0.588,0.301,-0.182,0.583,0.687,0.325,0.533,0.593,0.138,0.293,0.709,0.578,0.721,0.455,0.146,0.589,0.577,0.69,0.519,0.367,-0.175,0.379,-0.139,0.261,0.177,-0.005,0.339,-0.474,-0.077,0.467,-0.159,0.614,0.354,0.724,0.388,-0.175,0.693,0.428,-0.178,0.134,0.249,0.693,0.025,0.272,-0.454,0.457,0.365,0.444,-0.008,0.34,0.636,0.095,0.61,0.419,0.38,0.683,0.492,0.5,-0.088,-0.379,0.168,0.392,0.544,0.399,-0.253,-0.525,0.466,0.608,0.061,-0.088,0.375,0.263,-0.344,-0.114,0.11,0.702,-0.172,0.522,0.28,-0.078,0.532,-0.45,-0.105,0.013,0.41,0.263,0.171
APA,-0.391,-0.361,0.309,-0.437,-0.428,-0.637,-0.597,-0.489,0.152,0.075,-0.084,0.492,-0.568,-0.253,1.0,-0.583,-0.291,-0.442,-0.423,-0.213,-0.298,0.298,-0.437,-0.318,-0.433,-0.6,-0.574,0.484,-0.151,-0.523,-0.599,0.418,-0.168,0.786,-0.437,0.705,-0.098,0.316,0.139,-0.407,-0.481,-0.074,-0.476,-0.143,0.705,-0.263,0.453,0.628,0.717,-0.169,0.347,0.091,0.457,-0.283,-0.123,0.424,-0.375,0.659,0.143,-0.444,-0.339,0.789,-0.428,0.589,0.562,0.543,0.369,-0.567,0.255,0.267,-0.569,-0.363,0.669,-0.526,0.828,-0.348,-0.386,0.595,-0.484,-0.461,-0.422,-0.302,-0.599,0.566,-0.169,0.677,-0.171,-0.601,0.579,-0.511,-0.465,-0.232,0.456,-0.559,-0.538,0.414,0.004,0.246,0.146,0.604,-0.378,-0.251,-0.355,-0.682,-0.409,0.39,-0.369,-0.364,-0.63,-0.062,-0.67,-0.52,0.026,0.256,0.465,0.395,0.022,-0.35,0.189,0.06,-0.406,0.214,-0.511,-0.323,-0.547,-0.307,-0.443,0.093,-0.554,-0.071,-0.178,-0.495,-0.363,0.182,0.188,0.273,-0.532,-0.439,0.704,-0.515,0.72,-0.511,0.191,0.829,-0.167,-0.271,-0.37,0.098,0.394,-0.426,-0.568,-0.192,-0.158,0.596,-0.337,-0.097,0.062,0.729,0.141,-0.117,0.287,-0.436,0.313,-0.599,0.043,-0.488,-0.489,-0.499,-0.547,-0.535,-0.491,-0.494,0.233,-0.438,-0.414,-0.496,-0.549,-0.432,0.451,-0.298,-0.502,-0.248,-0.302,-0.477,0.497,0.437,0.566,0.596,-0.174,-0.263,-0.472,0.387,-0.203,0.037,0.802,0.598,0.743,-0.624,-0.297,0.169
APPS,0.428,0.672,0.202,0.695,0.489,0.617,0.604,0.683,0.027,0.14,0.356,-0.134,0.664,0.476,-0.583,1.0,0.386,0.626,0.588,0.563,0.399,0.027,0.483,0.582,0.55,0.658,0.548,-0.172,0.419,0.648,0.57,-0.269,0.504,-0.574,0.29,-0.352,0.395,-0.247,0.218,0.67,0.291,0.376,0.459,0.511,-0.396,0.35,-0.135,-0.307,-0.547,0.09,-0.521,0.155,-0.279,0.502,0.04,-0.409,0.257,-0.463,0.165,0.566,0.544,-0.62,0.348,-0.569,-0.699,-0.194,-0.228,0.594,0.088,-0.328,0.652,0.691,-0.702,0.516,-0.595,0.414,0.552,-0.556,0.434,0.43,0.396,0.58,0.656,-0.471,0.434,-0.423,0.122,0.488,-0.602,0.789,0.42,-0.084,-0.348,0.563,0.496,-0.535,0.191,-0.061,0.028,-0.341,0.495,0.343,0.328,0.483,0.33,-0.224,0.508,0.581,0.587,0.367,0.744,0.614,0.256,0.009,-0.0,-0.431,0.311,0.587,0.06,0.188,0.606,-0.044,0.662,0.663,0.64,0.444,0.462,0.02,0.598,0.362,0.629,0.481,0.347,0.288,0.182,-0.003,0.65,0.471,-0.62,0.581,-0.521,0.424,-0.011,-0.476,0.567,0.22,0.569,0.287,-0.491,0.664,0.582,0.107,0.218,-0.218,0.652,0.137,0.272,-0.737,0.178,0.159,-0.01,0.288,-0.221,0.639,0.08,0.662,0.67,0.604,0.582,0.581,0.446,0.179,-0.522,0.336,0.374,0.541,0.538,0.379,-0.65,0.61,0.499,0.195,0.306,0.424,-0.176,-0.372,-0.441,-0.443,0.282,-0.013,0.674,-0.113,0.218,0.345,-0.719,-0.481,-0.334,0.668,0.465,-0.009
ARCC,0.458,0.356,-0.332,0.302,0.442,0.666,0.668,0.554,-0.229,-0.275,-0.101,-0.331,0.462,0.093,-0.291,0.386,1.0,0.324,0.413,0.088,0.387,-0.108,0.664,0.198,0.641,0.578,0.572,-0.048,-0.067,0.538,0.381,-0.599,0.188,-0.166,0.526,-0.211,0.071,-0.234,-0.124,0.471,0.611,0.255,0.409,0.381,-0.375,0.391,-0.654,-0.362,-0.43,0.544,-0.167,-0.142,-0.614,0.038,-0.136,-0.528,0.304,0.118,-0.128,0.574,0.403,-0.146,0.789,-0.017,-0.107,0.073,-0.378,0.686,0.319,-0.399,0.62,0.42,-0.328,0.652,-0.175,0.409,0.61,-0.575,0.533,0.529,0.07,0.259,0.585,-0.042,0.399,-0.236,0.497,0.498,-0.628,0.403,0.727,0.04,-0.645,0.648,0.553,0.217,0.073,-0.438,-0.359,-0.485,0.698,0.38,0.597,0.47,0.606,-0.542,0.386,0.28,0.545,-0.052,0.549,0.604,-0.073,-0.348,-0.198,-0.31,-0.295,0.126,-0.056,-0.431,0.137,-0.213,0.568,0.295,0.499,0.041,0.5,0.074,0.435,-0.124,0.151,0.335,0.354,0.34,-0.211,0.298,0.667,0.686,-0.574,0.65,0.081,0.542,-0.417,-0.281,0.452,0.4,0.358,-0.146,-0.419,0.293,0.75,0.542,0.194,-0.281,0.044,0.551,0.138,-0.199,-0.282,-0.225,-0.242,0.65,-0.478,0.505,0.233,0.345,0.403,0.455,0.456,0.664,0.333,0.618,-0.147,0.624,0.35,0.395,0.497,0.538,-0.23,0.153,0.511,0.212,0.581,0.538,-0.692,-0.152,-0.35,-0.441,0.043,0.66,0.386,-0.285,0.543,-0.26,-0.286,-0.705,-0.033,0.548,0.411,-0.075
ARDX,0.257,0.884,0.216,0.715,0.418,0.601,0.484,0.63,0.229,0.148,0.434,-0.035,0.907,0.617,-0.442,0.626,0.324,1.0,0.534,0.547,0.396,0.165,0.429,0.678,0.607,0.591,0.537,-0.298,0.495,0.815,0.833,-0.207,0.524,-0.471,0.211,-0.241,0.287,-0.15,0.272,0.834,0.168,0.485,0.337,0.724,-0.271,0.262,-0.178,0.029,-0.379,0.077,-0.518,0.523,-0.186,0.498,0.155,-0.254,0.442,-0.427,0.406,0.296,0.531,-0.52,0.274,-0.496,-0.545,0.047,-0.293,0.403,0.338,-0.239,0.517,0.81,-0.543,0.577,-0.442,0.161,0.406,-0.346,0.453,0.469,0.305,0.657,0.481,-0.531,0.37,-0.245,-0.037,0.425,-0.437,0.77,0.471,-0.032,-0.355,0.543,0.283,-0.576,0.484,0.109,0.318,-0.246,0.443,0.252,0.432,0.437,0.093,-0.048,0.506,0.654,0.622,0.636,0.458,0.688,0.362,0.235,0.105,-0.236,0.386,0.654,0.225,0.305,0.475,-0.015,0.641,0.6,0.664,0.535,0.38,0.173,0.543,0.451,0.658,0.43,0.417,0.107,0.206,0.051,0.49,0.562,-0.39,0.591,-0.503,0.232,0.326,-0.303,0.689,0.193,0.713,0.17,-0.201,0.797,0.567,0.011,0.201,0.073,0.686,-0.014,0.151,-0.617,0.344,0.188,0.148,0.267,-0.071,0.673,0.158,0.633,0.546,0.751,0.66,0.644,0.405,0.081,-0.405,0.27,0.297,0.625,0.467,0.079,-0.51,0.512,0.591,0.25,0.078,0.454,-0.016,-0.401,-0.29,-0.088,0.438,-0.075,0.777,0.075,0.133,0.505,-0.581,-0.368,-0.158,0.632,0.306,0.096
ATER,0.173,0.63,0.193,0.538,0.636,0.595,0.604,0.598,-0.076,0.232,0.39,-0.075,0.604,0.543,-0.423,0.588,0.413,0.534,1.0,0.543,0.396,0.311,0.542,0.498,0.7,0.629,0.565,0.064,0.527,0.543,0.602,-0.174,0.603,-0.423,0.281,-0.129,0.418,-0.313,0.354,0.764,0.212,0.512,0.483,0.643,-0.297,0.461,-0.213,-0.052,-0.393,0.249,-0.366,0.265,-0.213,0.324,-0.009,-0.306,0.275,-0.227,0.229,0.251,0.547,-0.411,0.411,-0.445,-0.531,0.057,-0.208,0.549,0.264,-0.441,0.624,0.599,-0.514,0.604,-0.408,0.326,0.604,-0.377,0.603,0.603,0.123,0.615,0.661,-0.507,0.506,-0.218,-0.081,0.518,-0.471,0.626,0.455,-0.151,-0.597,0.602,0.444,-0.453,0.212,0.092,0.25,-0.202,0.466,0.326,0.514,0.473,0.284,-0.182,0.719,0.727,0.646,0.378,0.429,0.645,0.443,0.165,-0.073,-0.42,0.339,0.633,0.012,0.291,0.589,-0.06,0.436,0.73,0.454,0.584,0.647,0.07,0.612,0.443,0.496,0.654,0.201,0.055,0.168,0.134,0.578,0.399,-0.368,0.57,-0.26,0.336,0.041,-0.332,0.698,0.3,0.644,0.124,-0.439,0.703,0.646,0.112,0.255,-0.06,0.601,0.222,0.329,-0.572,0.024,0.092,-0.054,0.313,-0.051,0.567,0.066,0.665,0.62,0.565,0.564,0.635,0.322,0.275,-0.437,0.427,0.513,0.704,0.701,0.092,-0.529,0.308,0.638,0.115,0.164,0.513,-0.242,-0.544,-0.445,-0.291,0.474,0.065,0.478,0.027,0.256,0.219,-0.554,-0.518,-0.066,0.602,0.419,0.115
ATOS,-0.018,0.62,0.491,0.518,0.534,0.316,0.265,0.457,0.211,0.357,0.727,0.362,0.437,0.518,-0.213,0.563,0.088,0.547,0.543,1.0,0.325,0.485,0.263,0.529,0.465,0.442,0.393,0.14,0.427,0.436,0.483,0.132,0.602,-0.234,0.114,0.111,0.55,-0.31,0.212,0.536,-0.057,0.61,0.348,0.641,-0.154,0.478,0.207,0.098,-0.154,0.097,-0.228,0.512,0.032,0.475,0.058,-0.104,0.348,-0.181,0.49,0.163,0.521,-0.336,0.009,-0.293,-0.481,0.304,0.168,0.252,0.312,-0.191,0.245,0.632,-0.389,0.395,-0.28,0.072,0.16,-0.223,0.329,0.321,0.408,0.495,0.413,-0.293,0.338,0.15,-0.095,0.252,-0.291,0.563,0.236,-0.066,-0.327,0.338,0.245,-0.546,0.288,0.536,0.414,0.313,0.313,0.276,0.387,0.31,0.044,-0.07,0.49,0.677,0.497,0.46,0.347,0.419,0.588,0.337,0.364,-0.166,0.682,0.646,0.191,0.373,0.658,0.262,0.402,0.623,0.46,0.625,0.37,0.137,0.541,0.568,0.658,0.514,0.291,0.206,0.571,0.13,0.326,0.114,-0.206,0.34,-0.323,0.062,0.22,-0.151,0.531,0.214,0.606,0.369,-0.292,0.617,0.343,0.032,0.229,0.08,0.592,-0.014,0.326,-0.513,0.391,0.355,0.25,0.122,0.069,0.531,0.165,0.591,0.573,0.493,0.386,0.387,0.342,-0.098,-0.274,0.152,0.431,0.562,0.485,-0.019,-0.446,0.545,0.395,-0.021,0.087,0.422,0.069,-0.381,-0.282,-0.072,0.542,-0.219,0.48,0.295,-0.086,0.582,-0.394,-0.255,0.066,0.461,0.383,0.296
AUPH,-0.006,0.487,0.026,0.258,0.262,0.454,0.435,0.433,-0.177,0.129,0.215,-0.162,0.476,0.442,-0.298,0.399,0.387,0.396,0.396,0.325,1.0,0.055,0.46,0.251,0.319,0.566,0.487,-0.271,0.219,0.562,0.382,-0.131,0.264,-0.35,0.486,-0.315,0.276,-0.175,0.258,0.457,0.305,0.245,0.513,0.454,-0.364,0.257,-0.238,0.042,-0.22,0.084,-0.157,0.323,-0.331,0.254,0.28,-0.383,0.247,-0.074,0.036,0.151,0.366,-0.276,0.364,-0.348,-0.192,-0.234,0.017,0.413,-0.061,-0.08,0.214,0.452,-0.257,0.505,-0.345,0.42,0.444,-0.247,0.328,0.343,0.354,0.474,0.472,-0.392,0.461,0.012,0.013,0.432,-0.428,0.502,0.431,0.124,-0.384,0.573,0.243,-0.256,0.202,-0.05,0.06,-0.153,0.136,0.162,0.283,0.403,0.238,-0.186,0.329,0.494,0.433,0.298,0.453,0.698,0.194,-0.002,-0.093,-0.286,0.167,0.358,0.129,-0.008,0.698,0.043,0.477,0.383,0.606,0.266,0.44,-0.087,0.533,0.198,0.358,0.426,0.5,-0.155,0.181,-0.186,0.34,0.525,-0.363,0.55,-0.175,0.146,-0.051,-0.317,0.469,0.45,0.691,0.054,-0.406,0.405,0.497,0.094,0.193,-0.246,0.349,0.508,0.184,-0.481,0.155,0.352,0.069,0.155,-0.241,0.509,0.009,0.363,0.272,0.337,0.603,0.652,0.538,0.328,-0.177,0.361,0.337,0.417,0.378,0.059,-0.16,0.52,0.488,0.141,0.145,0.383,-0.119,-0.19,-0.363,-0.111,0.289,0.253,0.483,-0.138,-0.01,0.114,-0.308,-0.444,-0.153,0.498,0.416,-0.008
AVGO,-0.291,0.342,0.596,0.315,0.46,0.014,0.021,0.194,0.104,0.128,0.82,0.797,0.031,0.449,0.298,0.027,-0.108,0.165,0.311,0.485,0.055,1.0,0.129,0.171,0.209,0.07,0.043,0.374,0.26,0.059,0.034,0.46,0.355,0.329,-0.101,0.447,0.631,-0.271,0.215,0.319,-0.249,0.751,0.198,0.549,0.298,0.45,0.247,0.28,0.201,0.03,0.065,0.577,0.143,0.402,-0.13,0.115,-0.032,0.287,0.504,-0.244,0.08,0.174,-0.291,0.222,-0.107,0.62,0.367,-0.014,0.554,-0.195,-0.199,0.316,-0.027,0.071,0.155,0.027,0.002,0.135,0.259,0.292,0.021,0.218,0.155,-0.072,0.133,0.307,-0.256,0.043,0.058,0.199,0.037,-0.277,-0.148,0.133,0.066,-0.115,0.059,0.776,0.33,0.506,-0.003,-0.04,0.389,-0.105,-0.043,0.094,0.228,0.288,0.035,0.432,-0.04,0.075,0.824,0.589,0.382,-0.078,0.752,0.371,0.137,0.568,0.344,0.253,-0.021,0.469,-0.011,0.736,0.295,-0.039,0.319,0.414,0.319,0.425,-0.035,0.061,0.359,0.148,0.091,-0.203,0.277,0.066,0.076,-0.104,0.172,0.176,0.27,0.234,0.368,0.546,-0.195,0.243,0.01,-0.062,0.072,0.377,0.333,0.008,0.446,0.022,0.393,0.121,0.282,-0.065,0.686,0.095,0.015,0.439,0.242,0.032,0.018,0.048,0.068,-0.267,-0.118,0.153,0.332,0.23,0.347,-0.327,-0.159,0.051,0.308,-0.256,-0.112,0.091,0.349,-0.157,-0.095,0.146,0.634,-0.234,0.075,0.252,-0.254,0.398,0.023,0.029,0.5,0.151,0.233,0.415
AZN,0.385,0.567,-0.195,0.405,0.649,0.631,0.732,0.701,-0.359,-0.319,0.121,-0.309,0.57,0.234,-0.437,0.483,0.664,0.429,0.542,0.263,0.46,0.129,1.0,0.084,0.755,0.751,0.737,-0.009,-0.005,0.554,0.472,-0.502,0.214,-0.452,0.604,-0.379,0.302,-0.479,-0.022,0.557,0.709,0.489,0.601,0.434,-0.488,0.624,-0.654,-0.493,-0.663,0.435,-0.209,-0.006,-0.639,0.173,-0.248,-0.53,0.222,-0.041,-0.003,0.429,0.36,-0.346,0.581,-0.281,-0.243,-0.105,-0.267,0.629,0.153,-0.546,0.563,0.428,-0.5,0.777,-0.48,0.543,0.492,-0.562,0.755,0.777,0.121,0.255,0.618,-0.313,0.388,-0.405,0.214,0.695,-0.686,0.463,0.796,-0.016,-0.714,0.804,0.87,-0.072,-0.166,-0.223,-0.363,-0.486,0.496,0.322,0.732,0.573,0.699,-0.53,0.454,0.397,0.609,0.039,0.726,0.699,0.251,-0.212,-0.388,-0.507,-0.099,0.303,-0.072,-0.327,0.341,-0.235,0.605,0.335,0.568,0.261,0.771,-0.164,0.708,-0.042,0.181,0.675,0.386,0.146,-0.172,0.086,0.625,0.621,-0.628,0.749,-0.167,0.675,-0.487,-0.571,0.382,0.585,0.495,0.012,-0.654,0.395,0.704,0.491,0.27,-0.428,0.187,0.529,0.332,-0.531,-0.154,-0.101,-0.259,0.658,-0.405,0.599,-0.082,0.524,0.558,0.513,0.492,0.732,0.522,0.626,-0.251,0.862,0.661,0.533,0.739,0.404,-0.276,0.268,0.744,0.179,0.458,0.645,-0.512,-0.407,-0.597,-0.591,0.288,0.487,0.542,-0.475,0.415,-0.146,-0.558,-0.741,-0.245,0.622,0.558,-0.061
BCRX,0.254,0.563,0.374,0.608,0.279,0.344,0.264,0.44,0.272,0.321,0.473,0.113,0.523,0.64,-0.318,0.582,0.198,0.678,0.498,0.529,0.251,0.171,0.084,1.0,0.44,0.294,0.286,-0.209,0.63,0.601,0.622,0.02,0.649,-0.341,-0.026,-0.049,0.261,0.071,0.29,0.631,-0.177,0.264,0.147,0.587,-0.116,0.054,0.147,0.125,-0.099,-0.204,-0.45,0.447,0.084,0.465,0.181,-0.103,0.321,-0.478,0.37,0.086,0.548,-0.433,0.127,-0.472,-0.661,0.09,-0.074,0.186,0.247,-0.121,0.357,0.644,-0.391,0.286,-0.296,0.069,0.398,-0.125,0.2,0.209,0.307,0.69,0.316,-0.515,0.379,-0.17,-0.122,0.178,-0.204,0.665,0.083,-0.192,-0.049,0.202,-0.038,-0.636,0.612,0.218,0.532,-0.079,0.41,0.173,0.223,0.239,-0.18,0.221,0.379,0.672,0.445,0.638,0.189,0.412,0.265,0.401,0.188,-0.136,0.559,0.547,0.268,0.56,0.492,0.052,0.33,0.635,0.493,0.537,0.179,0.185,0.327,0.78,0.755,0.259,0.251,-0.033,0.308,-0.031,0.305,0.142,-0.187,0.252,-0.472,0.029,0.441,-0.114,0.705,-0.078,0.559,0.229,-0.11,0.659,0.438,-0.219,0.056,0.231,0.588,-0.237,0.07,-0.494,0.29,0.278,0.266,0.032,0.139,0.51,0.239,0.441,0.473,0.419,0.605,0.367,0.219,-0.121,-0.463,-0.058,0.097,0.477,0.31,-0.102,-0.576,0.404,0.422,0.148,-0.156,0.176,0.161,-0.284,-0.209,-0.016,0.419,-0.327,0.465,0.303,0.047,0.488,-0.452,-0.07,-0.072,0.383,0.058,-0.014
BGC,0.468,0.613,0.007,0.593,0.669,0.662,0.77,0.719,-0.064,-0.024,0.306,-0.121,0.631,0.499,-0.433,0.55,0.641,0.607,0.7,0.465,0.319,0.209,0.755,0.44,1.0,0.667,0.666,0.059,0.207,0.615,0.604,-0.387,0.406,-0.366,0.462,-0.139,0.263,-0.357,0.158,0.723,0.521,0.548,0.548,0.552,-0.284,0.573,-0.355,-0.227,-0.453,0.373,-0.451,0.09,-0.389,0.234,-0.185,-0.369,0.317,-0.158,0.19,0.488,0.466,-0.42,0.515,-0.269,-0.527,0.202,-0.411,0.615,0.423,-0.471,0.678,0.613,-0.631,0.71,-0.388,0.315,0.53,-0.481,0.672,0.678,0.077,0.455,0.681,-0.343,0.521,-0.289,0.253,0.515,-0.581,0.609,0.571,-0.077,-0.632,0.678,0.641,-0.182,0.215,-0.016,-0.039,-0.298,0.668,0.505,0.683,0.514,0.525,-0.285,0.584,0.616,0.718,0.219,0.632,0.698,0.366,0.087,0.003,-0.442,0.126,0.492,0.066,-0.002,0.311,-0.218,0.514,0.554,0.524,0.397,0.614,0.094,0.725,0.233,0.443,0.596,0.342,0.255,-0.024,0.246,0.634,0.573,-0.396,0.678,-0.227,0.586,-0.133,-0.319,0.579,0.423,0.583,0.03,-0.409,0.554,0.673,0.436,0.276,-0.072,0.365,0.224,0.151,-0.491,0.007,-0.149,0.003,0.649,-0.23,0.732,0.105,0.618,0.677,0.618,0.598,0.657,0.466,0.355,-0.417,0.618,0.558,0.613,0.759,0.341,-0.572,0.283,0.671,0.3,0.408,0.698,-0.424,-0.449,-0.32,-0.377,0.371,0.251,0.515,-0.096,0.55,0.059,-0.625,-0.581,-0.134,0.671,0.42,-0.016
BIDU,0.262,0.728,-0.087,0.612,0.592,0.614,0.671,0.673,-0.171,-0.027,0.268,-0.219,0.697,0.489,-0.6,0.658,0.578,0.591,0.629,0.442,0.566,0.07,0.751,0.294,0.667,1.0,0.806,-0.194,0.29,0.745,0.644,-0.384,0.38,-0.543,0.536,-0.41,0.439,-0.521,0.073,0.616,0.465,0.407,0.622,0.565,-0.63,0.533,-0.487,-0.327,-0.577,0.305,-0.273,0.21,-0.398,0.406,-0.073,-0.48,0.36,-0.197,0.119,0.425,0.454,-0.512,0.452,-0.429,-0.453,-0.117,-0.219,0.596,0.154,-0.438,0.556,0.623,-0.619,0.807,-0.601,0.639,0.447,-0.644,0.744,0.728,0.38,0.468,0.62,-0.468,0.372,-0.313,0.121,0.856,-0.643,0.676,0.744,0.037,-0.633,0.855,0.658,-0.324,0.141,-0.095,-0.116,-0.418,0.452,0.263,0.613,0.655,0.477,-0.49,0.529,0.654,0.734,0.164,0.753,0.84,0.341,-0.119,-0.204,-0.425,0.104,0.542,0.009,-0.118,0.568,-0.037,0.76,0.544,0.72,0.441,0.74,-0.071,0.765,0.133,0.416,0.762,0.572,0.079,0.04,-0.011,0.631,0.674,-0.641,0.805,-0.42,0.462,-0.196,-0.555,0.516,0.56,0.743,0.168,-0.48,0.516,0.756,0.29,0.317,-0.337,0.463,0.438,0.328,-0.678,0.07,0.076,-0.08,0.46,-0.287,0.684,0.026,0.639,0.586,0.71,0.624,0.897,0.575,0.426,-0.282,0.646,0.742,0.614,0.63,0.321,-0.463,0.501,0.703,0.156,0.429,0.635,-0.401,-0.443,-0.561,-0.404,0.448,0.372,0.686,-0.253,0.192,0.136,-0.652,-0.66,-0.313,0.695,0.605,0.017
BILI,0.342,0.619,-0.157,0.467,0.768,0.695,0.688,0.721,-0.21,-0.142,0.215,-0.318,0.661,0.351,-0.574,0.548,0.572,0.537,0.565,0.393,0.487,0.043,0.737,0.286,0.666,0.806,1.0,-0.052,0.198,0.734,0.612,-0.362,0.444,-0.529,0.506,-0.457,0.341,-0.496,0.12,0.518,0.592,0.404,0.562,0.561,-0.577,0.679,-0.48,-0.377,-0.644,0.41,-0.145,0.112,-0.539,0.371,-0.119,-0.511,0.397,-0.205,0.226,0.415,0.478,-0.507,0.557,-0.345,-0.369,-0.156,-0.228,0.59,0.165,-0.345,0.552,0.585,-0.523,0.946,-0.514,0.412,0.392,-0.636,0.665,0.647,0.347,0.418,0.622,-0.332,0.344,-0.317,0.314,0.708,-0.68,0.554,0.855,0.063,-0.534,0.854,0.675,-0.237,0.168,-0.089,-0.107,-0.389,0.597,0.487,0.703,0.7,0.626,-0.476,0.589,0.545,0.695,0.146,0.658,0.845,0.283,-0.177,-0.274,-0.38,0.023,0.532,-0.065,-0.162,0.413,-0.06,0.747,0.458,0.658,0.394,0.656,-0.015,0.745,0.067,0.337,0.7,0.553,0.095,-0.062,0.095,0.671,0.659,-0.662,0.856,-0.33,0.636,-0.158,-0.498,0.48,0.464,0.681,0.11,-0.488,0.47,0.728,0.507,0.284,-0.404,0.432,0.449,0.206,-0.605,0.085,0.113,-0.187,0.609,-0.314,0.64,0.104,0.634,0.715,0.678,0.561,0.87,0.482,0.516,-0.215,0.649,0.681,0.757,0.785,0.327,-0.305,0.369,0.63,0.267,0.428,0.633,-0.483,-0.396,-0.508,-0.414,0.377,0.435,0.547,-0.275,0.29,0.09,-0.579,-0.552,-0.276,0.715,0.676,0.087
BKR,-0.112,-0.169,0.237,-0.197,0.239,-0.223,-0.002,0.023,0.045,0.118,0.113,0.344,-0.323,-0.114,0.484,-0.172,-0.048,-0.298,0.064,0.14,-0.271,0.374,-0.009,-0.209,0.059,-0.194,-0.052,1.0,-0.027,-0.345,-0.379,0.315,0.16,0.487,-0.078,0.52,0.207,0.066,0.109,-0.137,-0.019,0.277,-0.047,0.026,0.481,0.39,0.312,0.24,0.351,0.164,0.316,-0.112,0.181,-0.035,-0.135,0.331,-0.083,0.489,0.388,-0.082,0.142,0.298,-0.017,0.408,0.226,0.564,0.232,-0.083,0.31,0.004,-0.108,-0.116,0.275,-0.047,0.452,-0.163,-0.046,0.334,0.012,-0.001,-0.175,-0.119,-0.011,0.49,0.162,0.425,0.205,-0.183,0.295,-0.254,-0.071,-0.12,0.032,-0.136,0.036,0.281,-0.063,0.344,0.053,0.524,0.146,0.353,0.168,-0.21,0.176,0.151,0.025,-0.125,-0.135,-0.071,-0.254,-0.275,0.234,0.249,0.417,0.169,0.107,-0.062,0.255,0.041,-0.2,0.29,-0.206,-0.054,-0.26,0.024,0.017,0.202,-0.004,-0.084,0.036,0.119,-0.219,0.431,0.254,0.559,-0.035,-0.202,0.377,-0.133,0.468,0.041,-0.023,0.452,-0.041,0.111,-0.225,0.264,-0.044,-0.184,-0.212,0.347,0.348,0.353,-0.078,-0.01,0.259,0.332,0.077,-0.141,0.306,0.128,0.106,-0.169,0.268,0.076,0.187,-0.185,-0.367,-0.232,-0.177,-0.034,0.145,0.025,0.15,-0.01,0.114,-0.136,0.203,-0.133,-0.109,0.047,0.15,0.015,0.12,0.233,0.29,0.173,0.158,-0.093,-0.31,0.31,0.254,0.036,0.278,0.248,0.528,-0.105,0.206,0.404
BLDP,-0.197,0.541,0.526,0.391,0.184,0.13,0.064,0.346,0.324,0.478,0.479,0.186,0.391,0.682,-0.151,0.419,-0.067,0.495,0.527,0.427,0.219,0.26,-0.005,0.63,0.207,0.29,0.198,-0.027,1.0,0.519,0.502,0.257,0.781,-0.249,-0.08,0.005,0.454,0.067,0.558,0.502,-0.401,0.301,0.227,0.555,-0.002,0.131,0.213,0.265,0.051,-0.202,-0.148,0.536,0.287,0.484,0.202,-0.071,0.295,-0.309,0.447,-0.163,0.484,-0.31,-0.048,-0.463,-0.482,0.069,0.147,-0.024,0.131,0.065,0.262,0.48,-0.198,0.151,-0.141,0.124,0.301,-0.009,0.169,0.181,0.335,0.761,0.154,-0.426,0.32,0.096,-0.361,0.225,-0.118,0.575,0.033,-0.182,-0.03,0.098,-0.149,-0.663,0.553,0.328,0.683,0.024,0.1,0.008,0.019,0.232,-0.344,0.273,0.536,0.689,0.349,0.617,-0.005,0.335,0.405,0.475,0.248,0.025,0.491,0.711,0.275,0.573,0.503,0.356,0.211,0.6,0.442,0.56,0.246,0.252,0.208,0.648,0.623,0.305,0.211,-0.171,0.53,0.063,0.126,-0.017,-0.061,0.129,-0.4,-0.231,0.622,-0.024,0.673,0.014,0.535,0.394,-0.029,0.711,0.369,-0.36,0.042,0.277,0.754,-0.119,0.289,-0.388,0.427,0.475,0.302,-0.177,0.272,0.315,0.164,0.455,0.268,0.321,0.42,0.296,0.178,-0.208,-0.289,-0.113,0.218,0.528,0.149,-0.415,-0.405,0.369,0.334,-0.09,-0.197,0.132,0.299,-0.304,-0.117,0.171,0.491,-0.408,0.415,0.418,-0.209,0.657,-0.198,0.029,0.102,0.267,0.089,0.208
BLNK,0.212,0.805,0.089,0.618,0.47,0.691,0.572,0.661,0.116,0.034,0.315,-0.166,0.803,0.622,-0.523,0.648,0.538,0.815,0.543,0.436,0.562,0.059,0.554,0.601,0.615,0.745,0.734,-0.345,0.519,1.0,0.821,-0.34,0.61,-0.541,0.458,-0.397,0.355,-0.31,0.201,0.76,0.255,0.404,0.571,0.723,-0.513,0.346,-0.417,-0.207,-0.486,0.201,-0.285,0.4,-0.387,0.559,0.073,-0.484,0.518,-0.345,0.226,0.299,0.581,-0.501,0.441,-0.478,-0.473,-0.098,-0.2,0.469,0.251,-0.263,0.6,0.75,-0.493,0.74,-0.466,0.373,0.427,-0.564,0.529,0.525,0.475,0.745,0.513,-0.514,0.343,-0.238,0.034,0.588,-0.623,0.836,0.678,0.041,-0.505,0.686,0.358,-0.448,0.448,-0.074,0.185,-0.42,0.476,0.208,0.516,0.663,0.203,-0.307,0.618,0.731,0.715,0.465,0.583,0.87,0.33,0.025,-0.081,-0.232,0.2,0.704,0.086,0.088,0.541,0.079,0.742,0.573,0.867,0.496,0.518,0.124,0.632,0.332,0.615,0.52,0.588,-0.049,0.133,-0.029,0.592,0.617,-0.588,0.697,-0.515,0.264,0.18,-0.406,0.726,0.385,0.829,0.21,-0.292,0.772,0.818,0.055,0.153,-0.212,0.643,0.332,0.287,-0.621,0.27,0.245,-0.027,0.306,-0.154,0.769,0.201,0.611,0.511,0.687,0.757,0.86,0.587,0.292,-0.276,0.397,0.451,0.77,0.517,0.147,-0.456,0.572,0.698,0.099,0.167,0.581,-0.248,-0.435,-0.407,-0.192,0.424,0.213,0.766,-0.047,0.091,0.36,-0.532,-0.557,-0.213,0.643,0.432,0.091
BYND,0.219,0.728,0.043,0.587,0.433,0.637,0.439,0.576,0.194,0.07,0.31,-0.207,0.781,0.537,-0.599,0.57,0.381,0.833,0.602,0.483,0.382,0.034,0.472,0.622,0.604,0.644,0.612,-0.379,0.502,0.821,1.0,-0.302,0.511,-0.624,0.32,-0.384,0.313,-0.264,0.136,0.69,0.154,0.35,0.427,0.6,-0.551,0.283,-0.374,-0.192,-0.541,0.195,-0.404,0.368,-0.25,0.456,0.167,-0.436,0.585,-0.448,0.296,0.167,0.511,-0.568,0.322,-0.554,-0.531,-0.135,-0.254,0.353,0.215,-0.206,0.535,0.653,-0.53,0.655,-0.534,0.328,0.352,-0.493,0.511,0.512,0.404,0.593,0.432,-0.62,0.218,-0.281,-0.097,0.6,-0.546,0.75,0.498,0.167,-0.441,0.549,0.325,-0.571,0.445,-0.01,0.279,-0.417,0.412,0.162,0.434,0.692,0.13,-0.228,0.586,0.671,0.679,0.453,0.451,0.709,0.299,0.031,-0.176,-0.176,0.242,0.709,0.095,0.133,0.464,-0.069,0.604,0.562,0.7,0.479,0.512,0.176,0.56,0.474,0.554,0.494,0.445,-0.117,0.124,-0.05,0.497,0.461,-0.561,0.574,-0.6,0.244,0.251,-0.465,0.611,0.315,0.673,0.141,-0.227,0.783,0.7,-0.015,0.117,-0.217,0.651,0.116,0.177,-0.663,0.127,0.294,-0.031,0.275,-0.144,0.712,0.203,0.57,0.466,0.675,0.645,0.708,0.466,0.24,-0.186,0.358,0.466,0.759,0.486,0.085,-0.473,0.474,0.628,0.073,0.07,0.631,-0.231,-0.505,-0.433,-0.237,0.415,0.075,0.735,0.014,0.056,0.377,-0.568,-0.48,-0.315,0.543,0.391,0.138
