,AAL,AAPL,ABUS,ADBE,ADI,ADMA,AEP,AGNC,AKBA,ALT,AMAT,AMD,AMGN,AMZN,APA,APPS,ARCC,ARDX,ATER,ATOS,AUPH,AVGO,AZN,BCRX,BGC,BIDU,BILI,BKR,BLDP,BLNK,BYND,CAN,CELH,CG,CGC,CHRD,CLNE,CMCSA,COMM,COST,CPB,CPRT,CRON,CRWD,CSCO,CSGP,CSX,CTSH,CZR,DBX,DDOG,DKNG,DLTR,DOCU,DVAX,DXCM,EA,EBAY,ENPH,ERIC,ESPR,ETSY,EXC,EXEL,EXPE,FANG,FAST,FITB,FLEX,FOLD,FOXA,FSLR,FTNT,FUTU,GEN,GERN,GEVO,GILD,GOOG,GOOGL,GPRO,GT,HBAN,HIVE,HON,HST,HUT,IBRX,INTC,IOVA,IQ,IRWD,JBLU,JD,KDP,KHC,LBTYK,LRCX,LYFT,MAR,MARA,MAT,MCHP,MCRB,MDLZ,META,MGNI,MLCO,MNKD,MNST,MOMO,MRNA,MRVL,MSFT,MSTR,MTCH,MU,MVIS,NDAQ,NFLX,NKTR,NNDM,NTES,NTNX,NVAX,NVDA,NWL,NWSA,NXPI,OCGN,OKTA,ON,OPK,PAA,PACB,PAGP,PANW,PARA,PCAR,PDD,PENN,PEP,PLUG,PTEN,PTON,PYPL,QCOM,QUBT,QVCGA,RDFN,REAL,RIOT,ROKU,ROST,RUN,SABR,SAVA,SBUX,SFIX,SGMO,SIRI,SLM,SMCI,SNDL,SONO,STNE,STX,TCOM,TGTX,TIGR,TLRY,TMUS,TRIP,TSCO,TSLA,TTD,TXN,UAL,UNIT,VERU,VKTX,VLY,VOD,VTRS,VXRT,WBA,WBD,WDAY,WDC,WEN,WW,WYNN,XEL,XP,XRAY,XRX,Z,ZION,ZM,ZS
AAL,1.0,0.673,-0.261,0.33,0.568,-0.059,-0.09,0.352,-0.361,-0.333,0.605,0.284,-0.362,0.442,0.174,0.381,-0.338,0.301,0.023,-0.518,0.638,0.4,-0.199,0.284,-0.328,-0.243,-0.192,0.125,0.433,0.253,0.54,0.051,-0.402,0.461,-0.007,0.017,0.167,0.438,-0.06,0.066,-0.163,0.536,-0.421,0.713,-0.166,0.575,-0.068,0.326,0.492,0.44,0.684,0.597,-0.204,0.372,-0.321,0.285,0.489,-0.02,0.213,0.124,-0.037,0.547,-0.044,0.084,0.323,-0.063,0.532,0.171,-0.057,-0.044,-0.058,0.078,0.133,0.217,0.531,0.421,0.476,-0.323,-0.037,-0.033,0.581,0.644,0.232,-0.156,0.035,-0.034,-0.127,-0.188,0.043,0.023,-0.201,-0.178,0.833,-0.004,-0.029,-0.376,-0.292,0.477,0.565,0.187,-0.127,0.577,0.689,-0.332,-0.503,0.063,0.366,-0.159,0.048,-0.323,0.321,-0.285,0.437,0.224,-0.364,-0.048,0.129,0.223,0.078,0.343,-0.406,0.194,0.116,0.586,0.353,0.474,0.442,-0.074,0.59,-0.541,0.121,0.577,0.396,-0.302,0.351,-0.263,0.616,0.416,0.368,0.123,0.399,-0.446,0.31,0.422,0.409,0.609,0.432,0.035,0.584,0.2,0.598,0.203,0.405,-0.027,0.187,0.423,0.445,0.501,0.57,-0.502,0.202,0.06,0.433,-0.333,0.667,0.269,0.473,-0.407,0.345,-0.135,-0.24,-0.474,-0.024,0.289,0.417,0.667,0.268,0.903,-0.183,0.01,0.465,0.385,-0.398,-0.272,0.107,0.26,0.456,0.493,0.285,0.749,0.273,-0.134,-0.314,0.288,0.028,0.336,0.246,0.36,0.485,0.52
AAPL,0.673,1.0,-0.381,0.653,0.656,-0.394,-0.225,0.145,-0.698,-0.511,0.669,0.073,-0.523,0.544,0.329,0.378,-0.59,-0.147,0.045,-0.638,0.566,0.356,-0.373,-0.099,-0.306,-0.444,0.158,0.198,0.542,0.179,0.677,-0.081,-0.506,0.345,0.202,0.015,0.122,0.398,-0.179,-0.057,-0.015,0.823,-0.643,0.523,-0.263,0.745,-0.204,0.306,0.431,0.327,0.622,0.825,-0.207,0.393,-0.482,-0.049,0.713,-0.024,0.163,-0.045,-0.282,0.767,0.261,0.135,0.298,-0.122,0.677,-0.052,-0.346,-0.164,-0.233,-0.057,-0.091,0.376,0.523,0.39,0.621,-0.42,-0.031,-0.044,0.762,0.77,-0.057,-0.209,0.04,-0.315,-0.211,-0.163,-0.042,-0.291,-0.198,-0.395,0.625,0.139,0.175,-0.426,-0.459,0.418,0.627,-0.016,-0.369,0.77,0.863,-0.417,-0.464,-0.064,0.295,-0.344,0.066,-0.406,0.633,-0.542,0.075,0.403,-0.493,-0.33,-0.132,0.188,0.025,0.298,-0.517,0.357,0.352,0.608,0.54,0.074,0.468,-0.233,0.745,-0.751,0.069,0.691,0.657,-0.396,0.321,-0.471,0.873,0.584,0.407,0.036,0.335,-0.278,0.195,0.637,-0.003,0.52,0.472,0.047,0.72,0.005,0.763,0.118,0.591,0.088,0.099,0.198,0.478,0.811,0.829,-0.328,0.038,-0.117,0.113,-0.589,0.682,0.16,0.549,-0.688,-0.091,0.02,-0.501,-0.485,-0.135,0.184,0.47,0.758,0.176,0.532,-0.28,0.342,0.402,0.302,-0.565,-0.536,0.426,0.123,0.551,0.762,0.22,0.764,0.354,-0.392,-0.456,0.194,-0.213,0.343,0.087,0.138,0.792,0.423
ABUS,-0.261,-0.381,1.0,-0.505,0.212,0.855,0.453,0.622,0.554,0.674,0.162,0.438,0.832,0.327,0.327,0.242,0.569,0.646,0.465,0.682,0.106,0.321,0.835,0.401,0.778,0.675,-0.248,0.594,0.15,0.282,-0.632,0.566,0.762,0.43,-0.567,0.671,0.453,0.379,0.837,0.754,0.087,-0.203,0.568,0.251,0.847,0.081,0.814,0.523,0.252,0.403,0.201,-0.4,0.899,0.304,0.844,0.614,-0.369,0.745,0.605,0.776,0.733,-0.344,-0.351,0.473,0.468,0.725,0.163,0.703,0.754,0.869,0.502,0.689,0.772,0.001,0.332,0.265,0.086,0.637,0.666,0.629,-0.264,-0.077,0.624,0.537,0.742,0.818,0.598,0.865,0.728,0.584,0.601,0.79,-0.06,0.683,0.393,0.452,0.848,0.393,-0.049,0.709,0.661,-0.247,-0.105,0.872,0.597,0.717,0.501,0.718,0.238,0.851,-0.594,0.824,0.561,0.26,0.748,0.803,0.62,0.462,0.736,0.459,0.737,0.361,-0.681,0.19,-0.452,0.47,0.341,0.866,0.019,0.727,0.684,0.189,-0.313,0.809,0.45,0.831,-0.429,-0.642,0.468,0.257,0.22,0.6,0.482,-0.141,0.219,0.225,0.459,0.509,-0.319,0.657,-0.651,0.285,-0.523,0.594,0.586,0.548,-0.587,-0.49,-0.549,0.58,0.579,0.645,0.286,0.682,0.151,0.571,0.3,0.581,0.413,-0.07,0.767,0.522,0.758,0.102,0.227,-0.163,0.676,-0.058,0.757,-0.487,0.125,0.489,0.609,0.797,-0.631,0.512,-0.111,-0.316,0.477,-0.2,0.256,0.796,0.656,0.616,0.766,0.541,0.592,0.598,-0.147,0.372
ADBE,0.33,0.653,-0.505,1.0,0.261,-0.562,-0.412,-0.183,-0.697,-0.544,0.309,-0.104,-0.507,0.24,-0.013,0.085,-0.467,-0.335,-0.009,-0.563,0.22,0.044,-0.442,-0.361,-0.235,-0.434,0.26,-0.126,0.151,-0.041,0.534,-0.257,-0.521,-0.095,0.498,-0.311,-0.146,-0.078,-0.379,-0.241,-0.023,0.646,-0.521,0.151,-0.359,0.355,-0.374,-0.076,-0.006,0.032,0.214,0.754,-0.345,0.052,-0.544,-0.291,0.554,-0.254,-0.115,-0.33,-0.294,0.687,0.545,-0.094,0.132,-0.344,0.42,-0.406,-0.489,-0.3,-0.436,-0.308,-0.294,0.174,0.059,-0.01,0.094,-0.442,-0.079,-0.075,0.475,0.443,-0.418,-0.234,-0.162,-0.42,-0.321,-0.377,-0.189,-0.549,-0.295,-0.576,0.292,-0.17,0.278,-0.297,-0.407,0.104,0.314,-0.226,-0.49,0.394,0.488,-0.387,-0.209,-0.185,-0.015,-0.568,-0.314,-0.38,0.513,-0.509,-0.276,0.48,-0.538,-0.512,-0.316,-0.213,-0.128,0.071,-0.396,0.053,0.347,0.341,0.43,-0.194,-0.063,-0.444,0.366,-0.663,-0.122,0.238,0.418,-0.579,-0.021,-0.558,0.714,0.425,0.165,-0.192,0.114,-0.225,-0.194,0.223,-0.372,0.179,0.098,-0.06,0.398,-0.246,0.59,-0.109,0.636,0.099,-0.179,-0.156,0.317,0.734,0.677,-0.246,-0.258,-0.349,-0.178,-0.555,0.347,-0.125,0.248,-0.602,-0.412,0.078,-0.589,-0.231,-0.291,-0.035,0.181,0.341,-0.2,0.117,-0.497,0.602,0.064,-0.123,-0.338,-0.588,0.488,-0.255,0.086,0.817,-0.016,0.331,0.111,-0.519,-0.449,-0.187,-0.453,-0.045,-0.18,-0.284,0.613,0.093
ADI,0.568,0.656,0.212,0.261,1.0,0.197,0.023,0.711,-0.351,0.073,0.922,0.575,-0.086,0.812,0.685,0.733,-0.104,0.313,0.497,-0.173,0.724,0.788,0.151,0.18,0.159,0.027,-0.055,0.673,0.663,0.531,0.33,0.393,-0.084,0.814,-0.287,0.513,0.613,0.78,0.496,0.538,-0.092,0.726,-0.374,0.784,0.342,0.933,0.4,0.826,0.788,0.744,0.878,0.552,0.402,0.769,0.009,0.47,0.427,0.485,0.702,0.542,0.367,0.595,-0.191,0.517,0.639,0.41,0.878,0.548,0.282,0.475,0.041,0.555,0.522,0.507,0.852,0.687,0.741,-0.088,0.369,0.386,0.659,0.854,0.541,0.21,0.642,0.342,0.264,0.429,0.579,0.21,0.274,0.1,0.677,0.586,0.389,-0.239,0.076,0.89,0.8,0.588,0.143,0.684,0.912,0.11,-0.205,0.444,0.741,0.233,0.23,0.093,0.188,0.023,0.616,0.479,-0.045,0.251,0.469,0.537,0.566,0.668,-0.069,0.579,-0.191,0.786,0.104,0.456,0.751,0.392,0.945,-0.293,0.663,0.969,0.474,0.032,0.694,0.044,0.589,0.158,0.872,0.326,0.722,0.013,0.724,0.632,0.238,0.811,0.912,0.507,0.415,0.636,0.384,0.396,0.123,0.557,0.692,0.68,0.21,0.421,0.507,-0.026,0.586,0.504,0.457,-0.064,0.882,0.698,0.878,-0.247,0.233,-0.006,0.128,-0.285,0.418,0.233,0.81,0.709,0.792,0.651,0.223,-0.105,0.583,0.793,-0.232,-0.048,-0.141,0.642,0.551,0.516,0.731,0.731,0.683,0.161,-0.085,0.672,0.412,0.816,0.667,0.694,0.684,0.851
ADMA,-0.059,-0.394,0.855,-0.562,0.197,1.0,0.458,0.678,0.646,0.691,0.162,0.581,0.746,0.299,0.289,0.308,0.614,0.8,0.401,0.699,0.181,0.393,0.746,0.606,0.626,0.583,-0.288,0.523,0.14,0.3,-0.508,0.478,0.69,0.482,-0.646,0.583,0.467,0.418,0.777,0.709,0.012,-0.258,0.49,0.343,0.77,0.086,0.757,0.51,0.334,0.46,0.245,-0.439,0.732,0.331,0.777,0.676,-0.387,0.66,0.571,0.704,0.718,-0.338,-0.482,0.476,0.355,0.682,0.13,0.726,0.728,0.826,0.437,0.674,0.74,0.02,0.333,0.325,0.084,0.586,0.545,0.496,-0.241,-0.089,0.645,0.469,0.656,0.799,0.588,0.768,0.675,0.715,0.498,0.758,0.053,0.542,0.276,0.367,0.738,0.41,0.002,0.719,0.675,-0.179,-0.117,0.762,0.437,0.678,0.497,0.687,0.199,0.722,-0.571,0.757,0.68,0.199,0.711,0.821,0.567,0.502,0.685,0.457,0.699,0.298,-0.647,0.196,-0.522,0.651,0.337,0.838,-0.007,0.631,0.618,0.181,-0.315,0.715,0.441,0.694,-0.377,-0.616,0.419,0.337,0.334,0.444,0.457,-0.174,0.376,0.283,0.425,0.416,-0.284,0.691,-0.583,0.356,-0.57,0.493,0.569,0.606,-0.46,-0.538,-0.545,0.485,0.602,0.677,0.412,0.736,0.184,0.571,0.277,0.585,0.584,-0.053,0.747,0.404,0.697,0.15,0.219,-0.099,0.664,0.104,0.724,-0.566,0.244,0.497,0.497,0.712,-0.696,0.56,-0.099,-0.331,0.436,-0.091,0.186,0.745,0.601,0.634,0.768,0.509,0.595,0.629,-0.228,0.419
AEP,-0.09,-0.225,0.453,-0.412,0.023,0.458,1.0,0.309,0.437,0.232,-0.116,0.079,0.696,-0.072,-0.12,0.035,0.521,0.286,-0.127,0.216,-0.139,0.197,0.64,0.647,0.185,0.208,-0.014,0.147,0.132,-0.257,-0.04,-0.127,0.53,0.319,-0.452,0.166,0.066,0.436,0.488,0.352,0.737,-0.118,0.29,0.16,0.584,-0.002,0.401,0.3,0.293,0.159,-0.026,-0.194,0.296,0.117,0.56,0.547,0.193,0.292,0.161,0.247,0.187,-0.272,0.143,0.067,-0.172,0.351,-0.193,0.578,0.378,0.383,0.71,0.309,0.413,0.017,0.137,0.042,0.207,0.841,0.039,-0.003,-0.089,-0.083,0.588,-0.233,0.271,0.576,-0.182,0.395,0.186,0.422,0.083,0.782,-0.056,0.062,-0.024,0.751,0.479,0.028,-0.185,0.432,-0.047,-0.203,-0.099,0.389,0.604,0.2,0.144,0.426,0.52,0.579,-0.361,0.57,0.318,-0.126,0.132,0.483,0.146,0.292,0.301,0.12,0.493,-0.085,-0.156,-0.138,0.124,0.25,0.34,0.506,-0.15,0.314,0.192,0.015,-0.504,0.618,-0.033,0.349,-0.058,-0.192,0.012,0.506,0.186,0.661,0.33,0.008,0.248,0.094,0.081,-0.201,0.132,0.319,-0.153,-0.299,-0.131,0.218,0.221,0.408,0.091,-0.108,-0.097,0.143,0.543,0.25,0.262,0.22,-0.054,0.155,0.028,0.493,0.611,0.04,0.261,0.638,0.277,0.718,-0.115,-0.118,0.345,0.111,0.716,-0.329,0.19,0.329,0.293,0.608,-0.24,0.099,0.366,-0.248,0.07,0.076,-0.297,0.681,0.868,0.301,0.47,0.152,0.269,0.494,-0.345,0.145
AGNC,0.352,0.145,0.622,-0.183,0.711,0.678,0.309,1.0,0.197,0.503,0.641,0.666,0.391,0.729,0.607,0.648,0.384,0.724,0.697,0.266,0.607,0.736,0.634,0.464,0.519,0.408,-0.369,0.773,0.534,0.544,-0.155,0.666,0.364,0.897,-0.58,0.742,0.716,0.778,0.826,0.813,-0.154,0.211,0.036,0.722,0.687,0.637,0.807,0.845,0.803,0.846,0.781,0.052,0.694,0.668,0.429,0.694,-0.023,0.771,0.904,0.847,0.77,0.196,-0.467,0.574,0.681,0.752,0.626,0.882,0.753,0.844,0.388,0.862,0.834,0.186,0.785,0.743,0.561,0.251,0.679,0.67,0.325,0.557,0.871,0.521,0.741,0.775,0.579,0.738,0.811,0.645,0.401,0.599,0.56,0.688,0.291,-0.031,0.576,0.825,0.527,0.792,0.577,0.307,0.461,0.553,0.041,0.774,0.906,0.613,0.171,0.427,-0.281,0.569,0.857,0.416,0.337,0.746,0.704,0.71,0.805,0.799,0.375,0.599,-0.554,0.611,-0.298,0.709,0.714,0.826,0.565,0.203,0.879,0.702,0.048,0.545,0.739,0.565,0.139,-0.286,0.808,0.408,0.563,0.172,0.81,0.323,0.496,0.805,0.823,0.621,0.025,0.935,-0.027,0.578,-0.298,0.602,0.914,0.868,-0.2,-0.161,0.014,0.156,0.733,0.832,0.656,0.39,0.676,0.9,0.72,0.228,0.564,-0.14,0.589,-0.019,0.795,0.159,0.761,0.409,0.925,0.536,0.592,-0.422,0.543,0.914,0.292,0.475,-0.567,0.784,0.287,0.067,0.767,0.473,0.624,0.629,0.36,0.905,0.821,0.859,0.925,0.944,0.262,0.833
AKBA,-0.361,-0.698,0.554,-0.697,-0.351,0.646,0.437,0.197,1.0,0.507,-0.388,0.117,0.708,-0.221,-0.095,-0.257,0.702,0.438,0.017,0.662,-0.259,-0.148,0.588,0.362,0.363,0.584,-0.227,0.037,-0.343,-0.137,-0.669,0.216,0.627,-0.039,-0.452,0.201,-0.052,-0.057,0.366,0.327,0.023,-0.698,0.658,-0.142,0.465,-0.49,0.434,-0.057,-0.188,0.052,-0.209,-0.685,0.355,-0.172,0.673,0.272,-0.578,0.257,0.07,0.333,0.446,-0.65,-0.35,-0.017,-0.026,0.333,-0.422,0.393,0.568,0.374,0.414,0.245,0.37,-0.272,-0.171,-0.097,-0.355,0.552,0.218,0.19,-0.622,-0.571,0.359,0.221,0.12,0.516,0.267,0.342,0.239,0.504,0.151,0.68,-0.214,0.098,-0.173,0.422,0.557,-0.142,-0.521,0.26,0.526,-0.574,-0.567,0.533,0.427,0.309,-0.003,0.45,0.002,0.517,-0.663,0.67,0.343,-0.192,0.508,0.59,0.273,0.124,0.175,0.023,0.527,-0.121,-0.46,-0.249,-0.437,0.256,-0.15,0.55,-0.482,0.699,0.107,-0.352,-0.584,0.609,-0.095,0.563,-0.704,-0.613,-0.144,0.11,-0.154,0.296,0.004,-0.549,0.408,-0.187,-0.164,0.0,-0.537,0.234,-0.651,0.009,-0.596,0.022,0.119,0.13,-0.523,-0.716,-0.764,0.347,0.164,0.261,0.136,0.576,-0.42,0.06,-0.301,0.868,0.521,-0.029,0.617,0.493,0.377,0.072,-0.257,-0.511,0.142,-0.214,0.516,-0.492,-0.179,0.017,0.496,0.742,-0.559,0.212,-0.356,-0.659,-0.03,-0.423,-0.123,0.624,0.563,0.169,0.482,-0.026,0.146,0.205,-0.663,-0.144
ALT,-0.333,-0.511,0.674,-0.544,0.073,0.691,0.232,0.503,0.507,1.0,0.034,0.596,0.624,0.204,0.22,0.221,0.718,0.513,0.453,0.659,0.015,0.349,0.638,0.378,0.589,0.499,-0.395,0.456,0.022,0.296,-0.601,0.452,0.611,0.332,-0.459,0.448,0.474,0.212,0.704,0.608,-0.187,-0.321,0.411,0.099,0.658,-0.025,0.743,0.365,0.233,0.391,0.125,-0.509,0.708,0.326,0.604,0.504,-0.54,0.571,0.488,0.613,0.663,-0.401,-0.499,0.29,0.294,0.583,0.047,0.581,0.622,0.703,0.353,0.665,0.627,-0.143,0.182,0.196,-0.038,0.417,0.59,0.587,-0.318,-0.164,0.489,0.539,0.594,0.699,0.592,0.692,0.691,0.572,0.469,0.567,-0.023,0.489,0.17,0.223,0.713,0.34,-0.002,0.56,0.598,-0.17,-0.243,0.784,0.374,0.684,0.358,0.54,-0.033,0.583,-0.39,0.632,0.496,0.159,0.618,0.71,0.532,0.474,0.62,0.391,0.565,0.39,-0.674,0.113,-0.684,0.453,0.186,0.709,-0.052,0.631,0.607,0.038,-0.399,0.651,0.252,0.618,-0.503,-0.473,0.316,0.292,0.132,0.324,0.356,-0.2,0.31,0.122,0.342,0.459,-0.467,0.549,-0.654,0.349,-0.644,0.41,0.506,0.469,-0.503,-0.651,-0.588,0.474,0.435,0.671,0.305,0.665,0.062,0.559,0.198,0.557,0.323,-0.109,0.683,0.322,0.633,-0.128,0.197,-0.262,0.544,-0.123,0.626,-0.458,0.291,0.358,0.582,0.599,-0.767,0.461,-0.265,-0.382,0.453,-0.34,0.158,0.628,0.469,0.535,0.732,0.401,0.469,0.458,-0.161,0.34
AMAT,0.605,0.669,0.162,0.309,0.922,0.162,-0.116,0.641,-0.388,0.034,1.0,0.626,-0.129,0.798,0.669,0.75,-0.167,0.318,0.443,-0.222,0.682,0.795,0.147,0.139,0.146,0.002,-0.132,0.64,0.565,0.523,0.352,0.396,-0.116,0.719,-0.275,0.479,0.586,0.685,0.427,0.478,-0.177,0.754,-0.419,0.795,0.304,0.891,0.339,0.762,0.702,0.748,0.871,0.565,0.366,0.754,-0.039,0.389,0.428,0.445,0.636,0.556,0.311,0.642,-0.229,0.557,0.692,0.371,0.903,0.421,0.274,0.423,-0.1,0.476,0.489,0.436,0.804,0.612,0.613,-0.146,0.375,0.391,0.567,0.809,0.41,0.226,0.631,0.266,0.301,0.342,0.549,0.107,0.256,0.017,0.695,0.51,0.448,-0.271,0.011,0.9,0.868,0.547,0.185,0.654,0.894,0.018,-0.277,0.468,0.71,0.218,0.149,0.085,0.174,-0.025,0.606,0.53,-0.014,0.229,0.474,0.429,0.535,0.703,-0.194,0.507,-0.208,0.812,0.032,0.481,0.619,0.313,0.923,-0.3,0.618,0.933,0.508,-0.051,0.705,0.064,0.591,0.11,0.857,0.363,0.669,-0.048,0.615,0.59,0.215,0.776,0.88,0.482,0.297,0.546,0.356,0.432,0.073,0.533,0.618,0.66,0.215,0.433,0.478,-0.123,0.56,0.47,0.397,-0.12,0.872,0.669,0.869,-0.284,0.105,-0.079,0.052,-0.335,0.379,0.104,0.733,0.727,0.698,0.604,0.075,-0.148,0.532,0.678,-0.265,-0.075,-0.137,0.616,0.426,0.574,0.773,0.702,0.699,0.144,-0.163,0.59,0.357,0.754,0.609,0.584,0.668,0.862
AMD,0.284,0.073,0.438,-0.104,0.575,0.581,0.079,0.666,0.117,0.596,0.626,1.0,0.297,0.53,0.405,0.689,0.394,0.55,0.356,0.362,0.388,0.707,0.448,0.5,0.454,0.34,-0.253,0.49,0.324,0.421,0.002,0.362,0.325,0.586,-0.476,0.374,0.646,0.487,0.662,0.589,-0.179,0.321,0.037,0.601,0.546,0.477,0.537,0.602,0.524,0.659,0.583,0.071,0.581,0.603,0.29,0.654,-0.012,0.488,0.557,0.646,0.596,0.098,-0.394,0.448,0.526,0.454,0.528,0.549,0.492,0.677,0.058,0.592,0.654,0.249,0.504,0.316,0.21,0.204,0.457,0.462,0.123,0.32,0.508,0.396,0.716,0.612,0.468,0.571,0.721,0.423,0.43,0.307,0.521,0.48,0.396,0.062,0.431,0.741,0.536,0.751,0.436,0.319,0.377,0.454,0.125,0.694,0.572,0.372,0.032,0.434,-0.158,0.343,0.729,0.492,0.351,0.608,0.585,0.503,0.713,0.599,0.267,0.406,-0.575,0.602,-0.438,0.705,0.435,0.606,0.471,0.194,0.666,0.538,0.014,0.235,0.442,0.277,0.082,-0.234,0.673,0.41,0.618,0.141,0.51,0.068,0.41,0.578,0.704,0.455,-0.052,0.622,-0.206,0.387,-0.331,0.628,0.559,0.717,-0.056,-0.08,-0.093,0.245,0.673,0.67,0.348,0.402,0.609,0.686,0.663,0.229,0.323,0.046,0.409,0.094,0.521,0.148,0.436,0.213,0.695,0.347,0.451,-0.402,0.561,0.515,0.12,0.3,-0.565,0.629,0.036,0.274,0.745,0.193,0.397,0.452,0.158,0.602,0.644,0.614,0.6,0.583,0.274,0.739
AMGN,-0.362,-0.523,0.832,-0.507,-0.086,0.746,0.696,0.391,0.708,0.624,-0.129,0.297,1.0,0.04,0.013,-0.006,0.744,0.523,0.162,0.594,-0.189,0.162,0.859,0.55,0.643,0.542,-0.263,0.319,-0.08,-0.1,-0.551,0.205,0.821,0.19,-0.521,0.38,0.184,0.23,0.709,0.577,0.398,-0.338,0.605,0.071,0.819,-0.184,0.7,0.249,0.045,0.245,-0.072,-0.479,0.693,0.115,0.859,0.566,-0.268,0.565,0.314,0.543,0.5,-0.467,-0.098,0.203,0.171,0.582,-0.127,0.593,0.644,0.691,0.649,0.485,0.654,-0.222,0.074,0.001,-0.121,0.876,0.49,0.43,-0.46,-0.339,0.509,0.216,0.53,0.797,0.25,0.669,0.527,0.506,0.308,0.881,-0.178,0.346,0.222,0.75,0.858,0.117,-0.298,0.602,0.389,-0.436,-0.336,0.816,0.808,0.567,0.219,0.555,0.155,0.884,-0.614,0.838,0.429,0.132,0.563,0.742,0.386,0.272,0.545,0.257,0.756,0.06,-0.589,-0.05,-0.334,0.363,0.125,0.767,-0.266,0.701,0.421,-0.098,-0.585,0.838,0.063,0.686,-0.464,-0.627,0.184,0.335,0.025,0.735,0.216,-0.334,0.201,-0.018,0.157,0.125,-0.33,0.399,-0.678,-0.081,-0.475,0.436,0.306,0.441,-0.452,-0.489,-0.588,0.483,0.515,0.44,0.167,0.548,-0.114,0.304,0.023,0.76,0.464,-0.101,0.57,0.807,0.589,0.299,-0.134,-0.386,0.439,-0.187,0.77,-0.477,0.032,0.224,0.662,0.872,-0.595,0.281,-0.208,-0.373,0.23,-0.348,-0.101,0.848,0.863,0.404,0.682,0.25,0.329,0.418,-0.381,0.139
AMZN,0.442,0.544,0.327,0.24,0.812,0.299,-0.072,0.729,-0.221,0.204,0.798,0.53,0.04,1.0,0.724,0.715,-0.099,0.515,0.66,-0.121,0.782,0.78,0.279,0.096,0.361,0.008,-0.349,0.797,0.421,0.53,0.08,0.586,-0.042,0.756,-0.405,0.66,0.561,0.746,0.531,0.715,-0.231,0.542,-0.356,0.764,0.457,0.83,0.579,0.776,0.692,0.863,0.849,0.323,0.534,0.803,0.073,0.428,0.178,0.689,0.806,0.632,0.477,0.589,-0.349,0.549,0.794,0.614,0.899,0.581,0.405,0.579,0.041,0.658,0.603,0.122,0.884,0.72,0.556,-0.147,0.7,0.69,0.451,0.71,0.477,0.403,0.659,0.394,0.469,0.532,0.596,0.253,0.232,0.155,0.603,0.642,0.38,-0.319,0.186,0.836,0.71,0.599,0.34,0.647,0.7,0.289,-0.189,0.688,0.822,0.291,-0.003,0.114,0.118,0.094,0.615,0.675,0.047,0.33,0.486,0.56,0.601,0.849,-0.058,0.716,-0.315,0.805,-0.195,0.581,0.619,0.496,0.787,-0.199,0.768,0.836,0.445,0.213,0.724,0.26,0.486,-0.082,0.875,0.264,0.443,0.021,0.524,0.503,0.169,0.789,0.875,0.682,0.144,0.613,0.149,0.572,-0.115,0.564,0.729,0.67,-0.01,0.173,0.304,-0.042,0.483,0.574,0.585,-0.08,0.837,0.8,0.756,-0.194,0.25,-0.354,0.158,-0.292,0.635,-0.062,0.792,0.644,0.748,0.475,0.159,-0.197,0.495,0.78,-0.002,0.074,-0.321,0.699,0.3,0.402,0.67,0.572,0.759,0.236,-0.035,0.818,0.498,0.88,0.727,0.624,0.597,0.841
APA,0.174,0.329,0.327,-0.013,0.685,0.289,-0.12,0.607,-0.095,0.22,0.669,0.405,0.013,0.724,1.0,0.592,0.004,0.321,0.59,0.063,0.601,0.549,0.201,0.001,0.341,0.041,-0.182,0.774,0.484,0.6,-0.095,0.521,0.085,0.576,-0.339,0.771,0.639,0.562,0.474,0.494,-0.238,0.359,-0.176,0.421,0.376,0.645,0.459,0.619,0.559,0.595,0.613,0.165,0.508,0.544,0.186,0.256,-0.005,0.578,0.686,0.583,0.422,0.363,-0.385,0.678,0.602,0.607,0.68,0.451,0.373,0.497,0.029,0.534,0.451,0.19,0.671,0.593,0.515,-0.099,0.492,0.511,0.398,0.562,0.415,0.421,0.613,0.333,0.492,0.489,0.595,0.187,0.355,0.166,0.301,0.576,0.468,-0.283,0.176,0.679,0.519,0.408,0.414,0.504,0.555,0.234,-0.166,0.404,0.649,0.284,0.138,0.15,-0.048,0.145,0.542,0.349,0.223,0.276,0.481,0.474,0.574,0.544,0.039,0.543,-0.334,0.572,-0.235,0.286,0.559,0.462,0.724,-0.045,0.619,0.763,0.624,0.207,0.732,0.251,0.205,-0.172,0.769,0.104,0.417,0.145,0.595,0.567,0.166,0.604,0.712,0.616,0.014,0.564,0.017,0.493,-0.16,0.51,0.686,0.471,-0.181,0.019,0.151,0.191,0.401,0.555,0.304,0.082,0.567,0.638,0.629,-0.087,0.045,-0.223,0.294,-0.285,0.468,-0.173,0.674,0.483,0.67,0.255,0.198,-0.183,0.324,0.636,-0.049,0.09,-0.314,0.833,0.198,0.174,0.605,0.448,0.851,0.161,-0.052,0.603,0.47,0.695,0.592,0.545,0.45,0.575
APPS,0.381,0.378,0.242,0.085,0.733,0.308,0.035,0.648,-0.257,0.221,0.75,0.689,-0.006,0.715,0.592,1.0,0.01,0.344,0.471,-0.023,0.511,0.809,0.257,0.257,0.284,0.012,-0.178,0.631,0.477,0.484,0.328,0.406,0.036,0.7,-0.432,0.498,0.75,0.694,0.54,0.541,-0.102,0.51,-0.308,0.629,0.401,0.75,0.43,0.697,0.759,0.67,0.656,0.29,0.443,0.714,0.052,0.448,0.236,0.555,0.686,0.565,0.428,0.477,-0.337,0.591,0.566,0.48,0.745,0.505,0.368,0.57,0.027,0.594,0.532,0.311,0.705,0.552,0.524,-0.033,0.415,0.42,0.477,0.658,0.478,0.296,0.656,0.436,0.367,0.507,0.515,0.269,0.37,0.14,0.538,0.473,0.418,-0.173,0.148,0.754,0.722,0.574,0.252,0.663,0.608,0.192,-0.154,0.512,0.704,0.375,0.199,0.168,0.05,0.101,0.519,0.439,0.099,0.382,0.47,0.463,0.606,0.652,0.0,0.487,-0.251,0.627,-0.19,0.426,0.625,0.433,0.672,-0.108,0.715,0.742,0.322,0.111,0.643,0.187,0.442,-0.054,0.755,0.404,0.596,0.081,0.611,0.448,0.18,0.739,0.763,0.506,0.131,0.606,0.14,0.428,-0.143,0.614,0.66,0.65,0.254,0.15,0.3,-0.051,0.664,0.629,0.418,0.057,0.802,0.696,0.77,-0.165,0.142,-0.076,0.174,-0.226,0.486,0.082,0.653,0.579,0.665,0.438,0.248,-0.315,0.484,0.686,-0.071,0.01,-0.282,0.639,0.375,0.369,0.701,0.531,0.603,0.228,0.023,0.643,0.479,0.765,0.721,0.619,0.449,0.798
ARCC,-0.338,-0.59,0.569,-0.467,-0.104,0.614,0.521,0.384,0.702,0.718,-0.167,0.394,0.744,-0.099,0.004,0.01,1.0,0.377,0.135,0.61,-0.236,0.111,0.713,0.514,0.454,0.543,-0.202,0.163,-0.036,-0.061,-0.468,0.12,0.739,0.172,-0.322,0.202,0.244,0.07,0.565,0.427,0.15,-0.403,0.527,-0.038,0.617,-0.26,0.585,0.163,0.084,0.183,-0.058,-0.433,0.46,0.001,0.704,0.479,-0.36,0.314,0.211,0.454,0.525,-0.448,-0.185,0.098,0.013,0.409,-0.243,0.5,0.567,0.556,0.473,0.42,0.501,-0.133,-0.083,-0.102,-0.197,0.687,0.312,0.311,-0.374,-0.33,0.495,0.191,0.37,0.7,0.214,0.492,0.486,0.452,0.292,0.729,-0.06,0.161,0.112,0.542,0.733,0.09,-0.28,0.44,0.371,-0.388,-0.358,0.665,0.6,0.43,0.131,0.406,0.073,0.687,-0.57,0.755,0.453,0.01,0.478,0.731,0.347,0.237,0.504,0.201,0.656,0.017,-0.59,-0.067,-0.395,0.327,0.006,0.671,-0.249,0.624,0.344,-0.16,-0.603,0.599,-0.008,0.535,-0.484,-0.481,0.082,0.286,0.085,0.487,0.244,-0.388,0.394,-0.009,0.049,0.092,-0.416,0.438,-0.488,-0.03,-0.433,0.352,0.298,0.332,-0.405,-0.519,-0.545,0.399,0.404,0.536,0.152,0.574,-0.185,0.27,0.02,0.82,0.403,0.092,0.575,0.633,0.418,0.19,-0.037,-0.45,0.343,-0.132,0.737,-0.383,0.134,0.188,0.596,0.707,-0.663,0.278,-0.249,-0.353,0.256,-0.307,-0.071,0.691,0.712,0.292,0.625,0.097,0.325,0.386,-0.414,0.125
ARDX,0.301,-0.147,0.646,-0.335,0.313,0.8,0.286,0.724,0.438,0.513,0.318,0.55,0.523,0.515,0.321,0.344,0.377,1.0,0.457,0.341,0.507,0.496,0.604,0.595,0.453,0.421,-0.532,0.541,0.13,0.42,-0.338,0.607,0.371,0.598,-0.594,0.571,0.414,0.531,0.633,0.752,-0.168,-0.094,0.202,0.613,0.649,0.243,0.702,0.563,0.418,0.64,0.466,-0.24,0.592,0.467,0.553,0.727,-0.253,0.621,0.628,0.667,0.654,-0.063,-0.529,0.414,0.537,0.664,0.317,0.723,0.665,0.695,0.389,0.672,0.759,-0.082,0.526,0.483,0.184,0.282,0.627,0.61,-0.083,0.123,0.636,0.465,0.538,0.694,0.572,0.584,0.611,0.627,0.295,0.571,0.325,0.469,0.12,0.057,0.533,0.555,0.206,0.723,0.648,0.026,0.092,0.583,0.146,0.724,0.647,0.544,0.088,0.425,-0.403,0.526,0.788,0.329,0.413,0.653,0.626,0.559,0.573,0.651,0.376,0.405,-0.564,0.384,-0.428,0.861,0.374,0.695,0.182,0.324,0.624,0.321,-0.17,0.554,0.523,0.609,-0.124,-0.399,0.497,0.332,0.316,0.122,0.41,0.012,0.455,0.462,0.518,0.559,-0.163,0.697,-0.342,0.525,-0.388,0.372,0.601,0.693,-0.267,-0.355,-0.282,0.134,0.523,0.599,0.717,0.439,0.379,0.654,0.319,0.367,0.673,-0.33,0.574,0.086,0.718,0.085,0.386,0.169,0.661,0.421,0.471,-0.541,0.384,0.595,0.399,0.541,-0.663,0.567,0.049,-0.163,0.442,0.127,0.335,0.616,0.377,0.721,0.684,0.572,0.635,0.63,-0.035,0.577
ATER,0.023,0.045,0.465,-0.009,0.497,0.401,-0.127,0.697,0.017,0.453,0.443,0.356,0.162,0.66,0.59,0.471,0.135,0.457,1.0,0.192,0.465,0.519,0.345,-0.053,0.512,0.28,-0.377,0.718,0.283,0.6,-0.313,0.738,0.169,0.583,-0.343,0.706,0.614,0.445,0.599,0.632,-0.444,0.058,-0.023,0.371,0.463,0.476,0.693,0.563,0.499,0.646,0.525,-0.041,0.624,0.539,0.228,0.247,-0.291,0.729,0.833,0.627,0.676,0.203,-0.478,0.494,0.69,0.691,0.608,0.547,0.563,0.656,0.138,0.744,0.576,-0.045,0.592,0.69,0.365,-0.112,0.796,0.8,0.249,0.456,0.489,0.65,0.571,0.504,0.633,0.622,0.701,0.38,0.351,0.283,0.262,0.693,0.297,-0.319,0.446,0.658,0.388,0.447,0.548,0.254,0.264,0.479,-0.091,0.647,0.752,0.424,-0.153,0.172,-0.119,0.383,0.454,0.431,0.278,0.41,0.541,0.452,0.579,0.627,0.261,0.663,-0.454,0.396,-0.406,0.303,0.417,0.561,0.427,0.171,0.786,0.498,0.159,0.434,0.656,0.479,0.027,-0.273,0.68,0.103,0.256,-0.005,0.541,0.279,0.089,0.518,0.636,0.755,-0.235,0.689,-0.118,0.601,-0.357,0.481,0.771,0.511,-0.367,-0.276,-0.065,0.117,0.351,0.629,0.4,0.257,0.486,0.716,0.507,0.042,0.139,-0.254,0.491,-0.205,0.725,-0.385,0.725,0.286,0.663,0.15,0.205,-0.155,0.216,0.656,0.358,0.233,-0.459,0.576,-0.004,-0.012,0.582,0.177,0.689,0.312,0.038,0.7,0.554,0.714,0.733,0.577,0.324,0.565
ATOS,-0.518,-0.638,0.682,-0.563,-0.173,0.699,0.216,0.266,0.662,0.659,-0.222,0.362,0.594,-0.121,0.063,-0.023,0.61,0.341,0.192,1.0,-0.215,-0.079,0.509,0.218,0.618,0.631,0.035,0.118,-0.051,0.204,-0.69,0.343,0.712,0.035,-0.305,0.28,0.259,-0.081,0.481,0.325,-0.065,-0.454,0.716,-0.19,0.481,-0.313,0.413,0.066,-0.097,-0.02,-0.176,-0.558,0.558,-0.108,0.583,0.292,-0.606,0.326,0.17,0.381,0.584,-0.634,-0.294,0.139,0.062,0.32,-0.25,0.298,0.439,0.542,0.237,0.295,0.351,0.035,-0.148,-0.087,-0.251,0.446,0.282,0.254,-0.453,-0.419,0.274,0.553,0.354,0.514,0.593,0.535,0.469,0.512,0.486,0.507,-0.301,0.336,0.217,0.361,0.609,-0.005,-0.351,0.36,0.653,-0.45,-0.45,0.685,0.517,0.371,0.103,0.457,0.052,0.631,-0.599,0.658,0.229,0.03,0.787,0.571,0.336,0.257,0.43,0.016,0.715,0.107,-0.549,-0.11,-0.542,0.177,-0.004,0.562,-0.332,0.804,0.28,-0.208,-0.38,0.497,0.041,0.533,-0.684,-0.599,0.05,-0.037,0.094,0.394,0.172,-0.51,0.145,-0.086,0.044,0.271,-0.465,0.381,-0.7,0.26,-0.524,0.337,0.212,0.142,-0.684,-0.64,-0.723,0.79,0.201,0.364,-0.101,0.844,-0.225,0.18,-0.034,0.607,0.178,0.275,0.756,0.478,0.355,-0.017,-0.054,-0.502,0.265,-0.399,0.573,-0.312,-0.01,0.052,0.463,0.558,-0.454,0.241,-0.388,-0.429,0.186,-0.49,-0.022,0.488,0.421,0.188,0.431,0.076,0.205,0.208,-0.338,-0.058
AUPH,0.638,0.566,0.106,0.22,0.724,0.181,-0.139,0.607,-0.259,0.015,0.682,0.388,-0.189,0.782,0.601,0.511,-0.236,0.507,0.465,-0.215,1.0,0.553,0.01,0.146,0.059,-0.057,-0.243,0.577,0.471,0.543,0.152,0.451,-0.217,0.698,-0.258,0.56,0.445,0.626,0.269,0.508,-0.339,0.458,-0.379,0.753,0.186,0.713,0.32,0.653,0.614,0.679,0.831,0.348,0.232,0.617,-0.027,0.38,0.191,0.382,0.625,0.385,0.308,0.491,-0.314,0.449,0.565,0.405,0.708,0.489,0.205,0.312,0.034,0.487,0.407,0.234,0.823,0.734,0.613,-0.299,0.389,0.394,0.577,0.701,0.455,0.256,0.357,0.192,0.35,0.249,0.395,0.221,0.059,-0.006,0.62,0.498,0.129,-0.481,-0.051,0.705,0.604,0.413,0.233,0.636,0.685,0.078,-0.389,0.394,0.675,0.096,0.135,-0.171,0.198,-0.059,0.592,0.419,-0.127,0.11,0.343,0.591,0.345,0.611,-0.178,0.638,-0.161,0.68,0.028,0.597,0.613,0.297,0.731,-0.352,0.509,0.756,0.547,0.032,0.638,0.064,0.48,0.143,0.649,0.089,0.426,-0.236,0.507,0.553,0.398,0.712,0.708,0.546,0.363,0.539,0.335,0.545,0.116,0.239,0.593,0.515,0.077,0.274,0.399,-0.107,0.279,0.323,0.623,-0.117,0.713,0.642,0.568,-0.356,0.375,-0.25,0.06,-0.476,0.389,0.022,0.74,0.655,0.588,0.69,0.05,-0.032,0.546,0.698,-0.142,-0.038,-0.147,0.527,0.414,0.364,0.43,0.645,0.594,0.052,-0.213,0.647,0.353,0.674,0.538,0.542,0.591,0.672
AVGO,0.4,0.356,0.321,0.044,0.788,0.393,0.197,0.736,-0.148,0.349,0.795,0.707,0.162,0.78,0.549,0.809,0.111,0.496,0.519,-0.079,0.553,1.0,0.408,0.355,0.249,0.027,-0.32,0.752,0.37,0.398,0.256,0.413,0.008,0.817,-0.583,0.555,0.624,0.847,0.686,0.726,-0.014,0.531,-0.405,0.788,0.598,0.796,0.614,0.867,0.78,0.876,0.742,0.196,0.501,0.93,0.173,0.541,0.308,0.643,0.732,0.625,0.423,0.5,-0.406,0.581,0.584,0.625,0.785,0.668,0.475,0.609,0.106,0.686,0.717,0.245,0.834,0.606,0.531,0.137,0.505,0.5,0.328,0.643,0.595,0.209,0.758,0.551,0.323,0.576,0.604,0.367,0.316,0.279,0.544,0.499,0.294,-0.083,0.224,0.862,0.786,0.75,0.242,0.496,0.628,0.255,-0.108,0.669,0.754,0.457,0.101,0.238,0.023,0.16,0.685,0.44,0.015,0.458,0.56,0.476,0.611,0.817,-0.019,0.469,-0.302,0.645,-0.264,0.608,0.597,0.548,0.698,-0.138,0.775,0.782,0.151,0.261,0.64,0.237,0.453,-0.104,0.816,0.667,0.634,0.149,0.585,0.464,0.215,0.699,0.861,0.494,0.067,0.636,0.078,0.381,-0.263,0.623,0.711,0.814,0.283,0.102,0.268,-0.143,0.791,0.697,0.633,-0.011,0.794,0.77,0.776,-0.028,0.348,-0.261,0.173,-0.12,0.605,0.16,0.638,0.604,0.789,0.49,0.304,-0.481,0.504,0.787,-0.049,0.157,-0.463,0.627,0.392,0.289,0.759,0.557,0.524,0.406,0.168,0.765,0.583,0.85,0.759,0.704,0.366,0.929
AZN,-0.199,-0.373,0.835,-0.442,0.151,0.746,0.64,0.634,0.588,0.638,0.147,0.448,0.859,0.279,0.201,0.257,0.713,0.604,0.345,0.509,0.01,0.408,1.0,0.51,0.655,0.582,-0.347,0.491,0.055,0.046,-0.471,0.412,0.74,0.456,-0.66,0.54,0.357,0.43,0.824,0.738,0.25,-0.197,0.406,0.293,0.864,0.055,0.804,0.515,0.329,0.501,0.208,-0.361,0.767,0.31,0.75,0.644,-0.193,0.68,0.549,0.753,0.694,-0.266,-0.25,0.36,0.353,0.697,0.098,0.751,0.813,0.805,0.57,0.669,0.804,-0.099,0.309,0.195,0.031,0.747,0.609,0.589,-0.299,-0.067,0.705,0.341,0.66,0.867,0.381,0.755,0.628,0.541,0.397,0.886,0.028,0.437,0.258,0.565,0.829,0.371,-0.001,0.686,0.511,-0.271,-0.123,0.761,0.595,0.737,0.509,0.725,0.21,0.83,-0.623,0.868,0.61,0.234,0.534,0.847,0.59,0.389,0.691,0.538,0.617,0.18,-0.658,0.128,-0.425,0.514,0.274,0.858,-0.017,0.62,0.664,0.141,-0.464,0.797,0.309,0.821,-0.306,-0.625,0.393,0.482,0.181,0.624,0.447,-0.142,0.309,0.273,0.376,0.297,-0.372,0.643,-0.507,0.14,-0.538,0.538,0.587,0.617,-0.39,-0.458,-0.431,0.322,0.689,0.681,0.401,0.5,0.128,0.584,0.271,0.67,0.511,-0.18,0.614,0.581,0.732,0.24,0.168,-0.165,0.607,0.001,0.758,-0.534,0.166,0.508,0.633,0.88,-0.669,0.458,-0.041,-0.279,0.505,-0.096,0.17,0.925,0.827,0.603,0.825,0.47,0.651,0.65,-0.297,0.443
BCRX,0.284,-0.099,0.401,-0.361,0.18,0.606,0.647,0.464,0.362,0.378,0.139,0.5,0.55,0.096,0.001,0.257,0.514,0.595,-0.053,0.218,0.146,0.355,0.51,1.0,0.129,0.214,-0.206,0.187,0.289,0.044,0.045,0.0,0.441,0.399,-0.43,0.16,0.293,0.415,0.481,0.374,0.356,0.02,0.228,0.44,0.483,0.123,0.381,0.365,0.362,0.334,0.208,-0.076,0.29,0.222,0.516,0.721,0.145,0.241,0.234,0.35,0.268,-0.188,-0.077,0.227,0.033,0.345,0.012,0.549,0.38,0.467,0.501,0.35,0.529,0.067,0.247,0.207,0.255,0.621,0.134,0.095,0.017,0.034,0.536,-0.034,0.334,0.604,0.027,0.397,0.352,0.481,0.134,0.608,0.282,0.135,0.029,0.486,0.444,0.284,0.07,0.555,0.125,0.03,0.066,0.412,0.366,0.355,0.271,0.298,0.345,0.463,-0.266,0.431,0.583,0.075,0.216,0.546,0.293,0.422,0.444,0.249,0.427,0.089,-0.311,0.12,-0.009,0.647,0.36,0.49,0.031,0.22,0.288,0.173,-0.359,0.435,0.123,0.252,0.015,-0.148,0.18,0.473,0.313,0.352,0.402,0.053,0.446,0.243,0.266,-0.01,0.206,0.423,-0.149,-0.001,-0.101,0.226,0.262,0.579,0.115,-0.097,-0.105,0.115,0.598,0.358,0.399,0.343,0.231,0.318,0.232,0.374,0.63,-0.013,0.284,0.37,0.292,0.557,0.033,0.024,0.449,0.422,0.626,-0.357,0.533,0.351,0.232,0.438,-0.371,0.276,0.207,-0.045,0.24,0.148,-0.136,0.533,0.568,0.403,0.53,0.26,0.331,0.526,-0.105,0.376
BGC,-0.328,-0.306,0.778,-0.235,0.159,0.626,0.185,0.519,0.363,0.589,0.146,0.454,0.643,0.361,0.341,0.284,0.454,0.453,0.512,0.618,0.059,0.249,0.655,0.129,1.0,0.582,-0.2,0.516,0.146,0.271,-0.544,0.533,0.593,0.3,-0.403,0.559,0.432,0.236,0.719,0.596,-0.04,-0.068,0.455,0.11,0.683,0.095,0.689,0.354,0.201,0.346,0.167,-0.29,0.821,0.248,0.555,0.421,-0.365,0.744,0.578,0.677,0.699,-0.176,-0.214,0.377,0.538,0.625,0.241,0.499,0.608,0.773,0.339,0.594,0.605,-0.055,0.238,0.195,-0.021,0.412,0.698,0.661,-0.169,0.008,0.441,0.636,0.668,0.663,0.63,0.724,0.684,0.414,0.572,0.546,-0.015,0.619,0.512,0.281,0.8,0.331,0.019,0.627,0.624,-0.149,-0.102,0.772,0.516,0.679,0.486,0.512,-0.027,0.709,-0.46,0.674,0.384,0.437,0.639,0.664,0.498,0.373,0.713,0.418,0.685,0.366,-0.64,0.257,-0.504,0.323,0.292,0.735,0.041,0.592,0.636,0.166,-0.148,0.634,0.368,0.66,-0.353,-0.585,0.498,0.04,0.181,0.474,0.317,-0.192,0.082,0.292,0.408,0.553,-0.324,0.538,-0.582,0.353,-0.46,0.662,0.52,0.441,-0.64,-0.393,-0.429,0.592,0.428,0.574,0.078,0.582,0.183,0.509,0.317,0.473,0.118,0.009,0.608,0.434,0.733,-0.072,0.228,-0.172,0.536,-0.217,0.557,-0.308,0.093,0.356,0.558,0.61,-0.487,0.487,-0.252,-0.113,0.479,-0.217,0.352,0.604,0.458,0.521,0.645,0.484,0.505,0.437,0.015,0.282
BIDU,-0.243,-0.444,0.675,-0.434,0.027,0.583,0.208,0.408,0.584,0.499,0.002,0.34,0.542,0.008,0.041,0.012,0.543,0.421,0.28,0.631,-0.057,0.027,0.582,0.214,0.582,1.0,0.026,0.218,0.071,0.095,-0.54,0.456,0.522,0.206,-0.301,0.336,0.269,0.037,0.543,0.39,-0.151,-0.345,0.57,0.044,0.494,-0.155,0.512,0.214,0.064,0.163,0.068,-0.338,0.553,-0.01,0.606,0.414,-0.447,0.417,0.355,0.571,0.631,-0.407,-0.326,0.222,0.302,0.372,-0.085,0.43,0.612,0.563,0.303,0.465,0.457,0.158,0.042,0.045,-0.118,0.383,0.409,0.434,-0.294,-0.204,0.442,0.516,0.375,0.526,0.458,0.508,0.455,0.469,0.609,0.539,-0.04,0.565,0.154,0.246,0.66,0.202,-0.143,0.409,0.624,-0.368,-0.225,0.578,0.374,0.455,0.252,0.614,0.11,0.556,-0.481,0.657,0.402,0.109,0.554,0.621,0.599,0.215,0.463,0.195,0.571,0.127,-0.512,0.0,-0.389,0.28,0.082,0.595,-0.123,0.616,0.4,-0.046,-0.373,0.522,0.241,0.63,-0.522,-0.438,0.174,0.162,0.158,0.23,0.313,-0.309,0.302,0.059,0.175,0.277,-0.368,0.509,-0.486,0.245,-0.423,0.276,0.4,0.306,-0.537,-0.436,-0.541,0.442,0.293,0.456,0.105,0.671,-0.093,0.332,0.128,0.671,0.331,0.257,0.714,0.326,0.514,-0.014,0.129,-0.297,0.372,-0.054,0.545,-0.284,0.005,0.227,0.535,0.625,-0.498,0.261,-0.165,-0.312,0.401,-0.283,0.17,0.587,0.378,0.292,0.551,0.19,0.421,0.363,-0.242,0.134
BILI,-0.192,0.158,-0.248,0.26,-0.055,-0.288,-0.014,-0.369,-0.227,-0.395,-0.132,-0.253,-0.263,-0.349,-0.182,-0.178,-0.202,-0.532,-0.377,0.035,-0.243,-0.32,-0.347,-0.206,-0.2,0.026,1.0,-0.346,0.175,-0.242,0.294,-0.458,-0.126,-0.271,0.422,-0.311,-0.247,-0.255,-0.337,-0.468,0.328,0.183,0.061,-0.355,-0.302,-0.048,-0.494,-0.219,-0.145,-0.489,-0.282,0.28,-0.318,-0.323,-0.195,-0.281,0.288,-0.391,-0.386,-0.398,-0.287,0.035,0.484,-0.094,-0.427,-0.44,-0.216,-0.396,-0.442,-0.341,-0.256,-0.431,-0.458,0.602,-0.327,-0.337,0.014,0.021,-0.522,-0.505,0.158,-0.044,-0.341,-0.309,-0.215,-0.407,-0.353,-0.234,-0.357,-0.287,0.168,-0.252,-0.286,-0.1,0.174,0.134,-0.308,-0.332,-0.17,-0.341,-0.393,-0.039,0.027,-0.307,0.099,-0.558,-0.377,-0.266,0.29,-0.09,0.311,-0.253,-0.46,-0.112,-0.103,-0.351,-0.425,-0.234,-0.206,-0.466,0.05,-0.287,0.557,-0.172,0.434,-0.5,-0.076,-0.331,-0.059,-0.19,-0.406,-0.109,0.178,-0.371,-0.233,-0.406,0.145,0.258,-0.243,-0.022,0.211,0.142,-0.071,-0.031,-0.339,-0.219,-0.262,-0.348,0.323,-0.235,0.237,-0.32,0.445,-0.054,-0.299,-0.42,0.142,0.455,0.294,0.288,-0.229,-0.389,-0.476,0.023,-0.2,-0.399,-0.086,-0.162,-0.323,0.705,-0.144,0.125,-0.509,0.275,-0.192,-0.004,-0.301,-0.252,-0.04,0.471,-0.131,-0.309,-0.382,-0.336,0.493,-0.385,0.15,0.269,-0.267,0.019,-0.261,-0.342,-0.137,-0.45,-0.444,-0.362,-0.387,-0.315,0.054,-0.33
BKR,0.125,0.198,0.594,-0.126,0.673,0.523,0.147,0.773,0.037,0.456,0.64,0.49,0.319,0.797,0.774,0.631,0.163,0.541,0.718,0.118,0.577,0.752,0.491,0.187,0.516,0.218,-0.346,1.0,0.395,0.485,-0.176,0.626,0.196,0.776,-0.553,0.884,0.676,0.764,0.761,0.785,-0.134,0.297,-0.106,0.593,0.691,0.677,0.801,0.815,0.682,0.783,0.675,0.009,0.701,0.776,0.454,0.428,-0.027,0.826,0.877,0.779,0.573,0.281,-0.493,0.744,0.71,0.872,0.718,0.737,0.621,0.749,0.288,0.827,0.716,0.123,0.81,0.681,0.56,0.173,0.72,0.697,0.277,0.517,0.642,0.458,0.815,0.599,0.567,0.747,0.71,0.389,0.493,0.435,0.318,0.768,0.424,-0.109,0.438,0.763,0.561,0.676,0.483,0.384,0.458,0.488,0.011,0.692,0.778,0.553,0.127,0.365,-0.095,0.363,0.63,0.396,0.297,0.534,0.6,0.561,0.709,0.76,0.221,0.665,-0.432,0.548,-0.343,0.493,0.621,0.71,0.596,0.096,0.841,0.712,0.24,0.551,0.814,0.494,0.173,-0.249,0.818,0.41,0.413,0.282,0.65,0.499,0.194,0.617,0.828,0.664,-0.051,0.722,-0.15,0.513,-0.363,0.599,0.832,0.694,-0.158,-0.102,0.018,0.144,0.607,0.723,0.552,0.174,0.607,0.791,0.681,0.082,0.297,-0.307,0.406,-0.071,0.771,-0.094,0.697,0.484,0.839,0.294,0.42,-0.4,0.361,0.808,0.217,0.338,-0.494,0.728,0.258,0.064,0.704,0.378,0.676,0.474,0.238,0.844,0.701,0.886,0.777,0.732,0.352,0.741
BLDP,0.433,0.542,0.15,0.151,0.663,0.14,0.132,0.534,-0.343,0.022,0.565,0.324,-0.08,0.421,0.484,0.477,-0.036,0.13,0.283,-0.051,0.471,0.37,0.055,0.289,0.146,0.071,0.175,0.395,1.0,0.466,0.275,0.173,0.035,0.548,0.073,0.331,0.618,0.463,0.327,0.169,0.046,0.56,-0.078,0.424,0.102,0.632,0.192,0.509,0.667,0.329,0.561,0.535,0.238,0.316,0.044,0.379,0.41,0.301,0.471,0.359,0.167,0.383,0.151,0.388,0.359,0.197,0.512,0.333,0.067,0.325,0.236,0.333,0.261,0.5,0.504,0.521,0.768,0.039,0.164,0.154,0.775,0.74,0.389,0.188,0.355,0.194,0.148,0.287,0.373,0.162,0.295,0.092,0.527,0.458,0.4,-0.115,0.177,0.501,0.492,0.297,0.038,0.573,0.638,0.136,-0.075,0.14,0.533,0.053,0.367,0.087,0.151,0.015,0.355,0.277,0.033,0.224,0.261,0.542,0.565,0.318,0.172,0.506,-0.083,0.499,0.344,0.216,0.787,0.255,0.605,-0.213,0.385,0.671,0.395,0.105,0.563,-0.004,0.435,0.313,0.514,0.046,0.533,0.082,0.722,0.611,0.267,0.625,0.589,0.286,0.619,0.478,0.409,0.307,0.399,0.367,0.456,0.509,0.054,0.398,0.472,0.179,0.415,0.367,0.118,0.13,0.648,0.443,0.723,-0.297,0.091,0.298,0.116,-0.195,0.18,0.303,0.606,0.475,0.532,0.52,0.371,0.136,0.611,0.574,-0.084,-0.09,0.109,0.4,0.492,0.434,0.495,0.602,0.416,0.023,0.036,0.444,0.268,0.491,0.42,0.581,0.653,0.485
BLNK,0.253,0.179,0.282,-0.041,0.531,0.3,-0.257,0.544,-0.137,0.296,0.523,0.421,-0.1,0.53,0.6,0.484,-0.061,0.42,0.6,0.204,0.543,0.398,0.046,0.044,0.271,0.095,-0.242,0.485,0.466,1.0,-0.158,0.713,0.056,0.476,-0.148,0.535,0.59,0.335,0.326,0.426,-0.455,0.278,-0.006,0.438,0.194,0.489,0.329,0.488,0.397,0.466,0.519,0.197,0.447,0.421,0.056,0.345,-0.089,0.404,0.564,0.448,0.46,0.164,-0.397,0.428,0.586,0.314,0.552,0.305,0.256,0.43,-0.109,0.396,0.385,0.148,0.508,0.647,0.387,-0.28,0.424,0.442,0.315,0.466,0.315,0.661,0.448,0.283,0.689,0.384,0.631,0.402,0.254,-0.032,0.369,0.459,0.323,-0.428,0.114,0.61,0.413,0.414,0.569,0.355,0.435,0.258,-0.225,0.374,0.621,0.172,0.056,0.049,-0.157,0.054,0.442,0.365,0.311,0.193,0.535,0.592,0.474,0.447,0.084,0.599,-0.29,0.507,-0.228,0.34,0.433,0.286,0.482,0.131,0.544,0.552,0.33,0.038,0.592,0.214,0.111,-0.106,0.573,-0.053,0.363,-0.154,0.559,0.312,0.19,0.534,0.624,0.734,0.006,0.534,0.008,0.713,-0.023,0.413,0.524,0.451,-0.228,-0.051,0.034,0.199,0.254,0.395,0.257,0.333,0.551,0.555,0.544,-0.208,0.056,-0.122,0.481,-0.412,0.403,-0.203,0.607,0.329,0.534,0.301,0.091,-0.192,0.462,0.511,-0.064,-0.059,-0.196,0.526,0.111,0.11,0.508,0.302,0.617,0.028,-0.202,0.487,0.276,0.56,0.465,0.446,0.48,0.5
BYND,0.54,0.677,-0.632,0.534,0.33,-0.508,-0.04,-0.155,-0.669,-0.601,0.352,0.002,-0.551,0.08,-0.095,0.328,-0.468,-0.338,-0.313,-0.69,0.152,0.256,-0.471,0.045,-0.544,-0.54,0.294,-0.176,0.275,-0.158,1.0,-0.447,-0.586,0.108,0.232,-0.381,-0.015,0.208,-0.327,-0.316,0.237,0.645,-0.657,0.28,-0.382,0.438,-0.456,0.06,0.257,0.018,0.206,0.647,-0.527,0.183,-0.55,-0.111,0.769,-0.336,-0.188,-0.39,-0.532,0.61,0.356,-0.105,-0.176,-0.337,0.285,-0.229,-0.502,-0.397,-0.255,-0.287,-0.277,0.385,0.155,0.015,0.369,-0.279,-0.428,-0.426,0.573,0.494,-0.192,-0.533,-0.215,-0.375,-0.527,-0.41,-0.375,-0.376,-0.29,-0.453,0.393,-0.293,-0.086,-0.179,-0.587,0.117,0.473,-0.133,-0.643,0.566,0.56,-0.617,-0.392,-0.349,-0.061,-0.378,0.121,-0.485,0.578,-0.611,-0.161,0.035,-0.672,-0.436,-0.344,-0.122,-0.254,-0.016,-0.529,-0.102,0.55,0.201,0.585,-0.093,0.178,-0.455,0.387,-0.774,-0.228,0.332,0.293,-0.54,-0.059,-0.645,0.789,0.619,0.024,0.213,0.286,-0.277,-0.016,0.45,-0.101,0.199,0.081,-0.311,0.622,-0.23,0.74,-0.218,0.573,-0.113,-0.204,0.015,0.863,0.762,0.803,-0.544,0.068,-0.273,0.018,-0.597,0.391,-0.162,0.231,-0.567,-0.14,0.196,-0.654,-0.316,-0.405,0.351,0.086,0.546,-0.138,0.42,-0.331,0.256,0.217,0.011,-0.582,-0.619,0.486,-0.23,0.515,0.613,-0.056,0.574,-0.1,-0.457,-0.339,-0.161,-0.409,-0.031,-0.138,-0.092,0.42,0.196
