,AAL,AAPL,ABUS,ADBE,ADI,ADMA,AEP,AGNC,AKBA,ALT,AMAT,AMD,AMGN,AMZN,APA,APPS,ARCC,ARDX,ATER,ATOS,AUPH,AVGO,AZN,BCRX,BGC,BIDU,BILI,BKR,BLDP,BLNK,BYND,CAN,CELH,CG,CGC,CHRD,CLNE,CMCSA,COMM,COST,CPB,CPRT,CRON,CRWD,CSCO,CSGP,CSX,CTSH,CZR,DBX,DDOG,DKNG,DLTR,DOCU,DVAX,DXCM,EA,EBAY,ENPH,ERIC,ESPR,ETSY,EXC,EXEL,EXPE,FANG,FAST,FITB,FLEX,FOLD,FOXA,FSLR,FTNT,FUTU,GEN,GERN,GEVO,GILD,GOOG,GOOGL,GPRO,GT,HBAN,HIVE,HON,HST,HUT,IBRX,INTC,IOVA,IQ,IRWD,JBLU,JD,KDP,KHC,LBTYK,LRCX,LYFT,MAR,MARA,MAT,MCHP,MCRB,MDLZ,META,MGNI,MLCO,MNKD,MNST,MOMO,MRNA,MRVL,MSFT,MSTR,MTCH,MU,MVIS,NDAQ,NFLX,NKTR,NNDM,NTES,NTNX,NVAX,NVDA,NWL,NWSA,NXPI,OCGN,OKTA,ON,OPK,PAA,PACB,PAGP,PANW,PARA,PCAR,PDD,PENN,PEP,PLUG,PTEN,PTON,PYPL,QCOM,QUBT,QVCGA,RDFN,REAL,RIOT,ROKU,ROST,RUN,SABR,SAVA,SBUX,SFIX,SGMO,SIRI,SLM,SMCI,SNDL,SONO,STNE,STX,TCOM,TGTX,TIGR,TLRY,TMUS,TRIP,TSCO,TSLA,TTD,TXN,UAL,UNIT,VERU,VKTX,VLY,VOD,VTRS,VXRT,WBA,WBD,WDAY,WDC,WEN,WW,WYNN,XEL,XP,XRAY,XRX,Z,ZION,ZM,ZS
AAL,1.0,-0.558,-0.346,-0.107,-0.043,0.251,0.331,0.203,-0.134,-0.162,-0.434,-0.312,0.085,-0.488,-0.124,0.078,0.333,-0.331,-0.081,-0.311,-0.193,-0.443,0.163,-0.309,0.195,-0.032,0.076,0.032,-0.259,-0.165,-0.091,-0.316,-0.234,-0.066,0.004,-0.251,-0.273,0.21,-0.014,-0.351,0.445,-0.237,-0.244,-0.305,-0.094,-0.056,-0.07,-0.199,-0.17,0.137,-0.282,-0.4,-0.257,-0.286,-0.083,-0.08,-0.069,-0.099,-0.137,0.566,0.025,-0.193,0.429,0.15,0.144,-0.296,-0.099,0.4,-0.109,0.051,0.525,-0.111,-0.206,0.081,-0.058,-0.03,0.216,-0.032,0.043,0.054,-0.028,-0.159,0.244,0.137,0.083,-0.273,0.488,-0.019,-0.103,-0.244,0.136,0.182,0.131,0.128,0.378,0.426,-0.162,-0.347,-0.425,-0.264,0.351,0.341,0.007,-0.013,0.354,-0.023,-0.059,-0.429,0.163,-0.2,0.318,-0.053,-0.318,-0.231,-0.193,0.004,-0.399,-0.241,0.031,-0.363,-0.487,-0.284,0.069,-0.323,-0.128,-0.514,-0.012,0.05,-0.209,-0.355,-0.24,-0.246,0.13,0.266,-0.254,0.134,0.142,0.374,-0.216,0.201,0.227,0.492,-0.217,-0.09,-0.272,-0.158,-0.428,-0.197,-0.027,-0.297,-0.026,0.413,0.043,-0.133,-0.194,-0.034,-0.268,0.187,-0.29,-0.28,-0.06,0.552,-0.407,-0.183,0.027,-0.023,0.151,0.042,-0.125,0.006,-0.125,0.363,-0.055,0.304,-0.235,-0.209,0.026,0.633,0.006,-0.314,-0.13,0.521,0.414,-0.017,-0.221,0.233,0.076,-0.231,-0.299,0.263,0.016,-0.163,0.637,-0.194,-0.233,-0.085,-0.143,0.169,-0.004,-0.186
AAPL,-0.558,1.0,0.145,0.124,0.353,-0.012,0.023,0.118,0.022,0.045,0.412,0.246,0.218,0.402,0.108,0.014,0.094,0.224,0.124,0.201,0.33,0.579,0.311,0.21,0.23,0.371,0.343,0.082,0.11,0.303,0.189,0.148,0.237,0.064,0.073,0.317,0.437,-0.351,0.048,0.638,-0.266,0.402,0.26,0.485,-0.045,0.337,-0.054,0.072,0.033,0.209,0.561,0.275,0.05,0.359,-0.022,-0.141,0.147,0.24,0.18,-0.357,-0.01,0.047,-0.098,-0.009,0.315,0.292,0.147,-0.074,0.246,-0.133,-0.331,0.253,0.155,0.305,0.045,0.355,-0.111,-0.061,0.273,0.285,0.123,0.115,0.002,-0.04,0.123,0.249,-0.369,0.32,-0.15,0.322,0.193,-0.077,-0.294,0.269,0.107,-0.188,0.043,0.268,0.206,0.271,-0.116,-0.14,0.334,0.259,-0.019,-0.18,0.131,0.461,0.073,0.184,0.0,0.331,0.473,0.155,0.053,0.013,0.285,0.279,0.029,0.139,0.639,0.223,0.181,0.341,0.365,0.528,0.353,-0.043,0.439,0.096,0.268,0.452,-0.048,-0.104,0.253,-0.122,0.086,-0.075,0.041,0.173,-0.057,-0.14,-0.001,-0.014,0.308,0.423,0.567,0.147,-0.181,0.333,0.3,-0.107,0.041,0.04,0.231,0.351,0.42,-0.207,0.234,0.258,0.026,-0.165,0.216,0.229,-0.079,0.109,0.01,0.205,0.085,0.332,0.054,-0.016,0.385,0.13,0.498,0.489,0.328,-0.314,0.297,0.406,0.32,-0.405,-0.094,0.264,0.121,-0.16,-0.127,0.081,0.258,-0.04,0.131,0.089,-0.363,0.177,0.081,-0.125,0.134,0.067,0.26,0.235
ABUS,-0.346,0.145,1.0,0.712,0.096,-0.369,-0.398,0.409,0.715,0.699,0.646,0.786,-0.305,0.589,0.712,0.613,-0.42,0.84,0.512,0.832,-0.001,0.549,-0.539,0.427,0.069,0.125,-0.417,0.609,0.686,0.418,0.471,0.695,0.775,0.553,-0.033,0.452,0.659,0.406,0.651,-0.123,-0.532,0.625,0.245,0.603,0.503,0.407,0.652,0.733,0.681,-0.19,-0.04,0.777,0.79,0.65,0.482,0.498,0.587,0.324,0.55,-0.17,0.761,0.039,-0.287,0.176,-0.227,0.395,0.697,-0.434,0.389,0.666,-0.188,0.184,0.831,-0.398,0.654,-0.57,0.343,0.658,-0.42,-0.41,0.697,0.699,0.183,0.409,0.325,0.674,0.072,-0.226,0.644,0.653,-0.322,-0.019,0.361,-0.453,-0.53,-0.402,0.525,0.685,0.631,0.683,0.042,0.354,-0.083,-0.249,-0.459,0.538,0.602,0.574,0.445,0.728,-0.511,-0.276,0.666,0.664,0.735,0.723,0.753,0.835,0.5,0.674,-0.05,0.727,0.295,0.715,0.295,0.47,-0.025,0.655,0.164,0.862,0.791,0.328,0.512,0.45,0.658,0.516,-0.566,-0.353,0.629,-0.394,0.24,-0.626,0.713,0.671,0.665,0.12,0.471,0.761,0.425,0.728,-0.055,-0.265,0.283,0.644,0.632,-0.195,0.37,0.129,0.667,0.607,0.668,-0.387,0.555,0.273,0.658,0.61,0.483,-0.358,0.076,-0.084,0.48,-0.601,0.35,-0.439,0.165,0.36,-0.174,-0.719,0.12,-0.297,0.218,-0.028,0.0,0.323,0.794,0.585,0.393,0.663,0.632,-0.662,0.087,0.745,-0.368,0.719,0.726,0.566,0.696,0.174,0.359,0.723
ADBE,-0.107,0.124,0.712,1.0,0.218,-0.304,-0.21,0.435,0.726,0.61,0.56,0.667,-0.214,0.519,0.593,0.671,-0.198,0.66,0.587,0.676,-0.004,0.486,-0.386,0.413,0.216,0.313,-0.21,0.557,0.601,0.417,0.472,0.584,0.678,0.533,-0.016,0.466,0.758,0.354,0.59,-0.081,-0.356,0.609,0.235,0.616,0.491,0.398,0.504,0.649,0.625,0.043,0.018,0.611,0.714,0.757,0.404,0.443,0.649,0.294,0.485,0.029,0.72,-0.093,-0.076,0.296,-0.004,0.338,0.7,-0.249,0.366,0.588,-0.009,0.269,0.778,-0.213,0.683,-0.404,0.404,0.541,-0.225,-0.212,0.688,0.614,0.309,0.463,0.308,0.542,0.21,-0.103,0.597,0.625,-0.106,0.134,0.248,-0.18,-0.366,-0.259,0.466,0.543,0.444,0.6,0.218,0.365,0.099,-0.171,-0.355,0.432,0.605,0.501,0.51,0.604,-0.248,-0.094,0.687,0.621,0.617,0.741,0.625,0.717,0.579,0.542,-0.148,0.774,0.576,0.685,0.267,0.367,0.042,0.668,0.224,0.679,0.761,0.357,0.54,0.517,0.543,0.489,-0.349,-0.219,0.534,-0.144,0.31,-0.46,0.583,0.572,0.6,0.188,0.453,0.747,0.436,0.603,0.092,-0.101,0.359,0.61,0.593,-0.093,0.53,0.113,0.678,0.4,0.676,-0.213,0.441,0.208,0.619,0.637,0.503,-0.075,0.132,0.097,0.38,-0.455,0.387,-0.289,0.173,0.423,-0.031,-0.535,0.228,-0.32,0.235,0.111,0.221,0.439,0.755,0.561,0.43,0.624,0.536,-0.479,0.232,0.698,-0.201,0.635,0.674,0.413,0.59,0.291,0.459,0.704
ADI,-0.043,0.353,0.096,0.218,1.0,0.321,0.418,0.494,-0.009,-0.035,0.428,0.262,0.337,0.124,0.071,0.212,0.283,0.089,0.534,0.281,0.141,0.48,0.368,-0.058,0.581,0.439,0.615,0.424,0.175,0.3,0.322,0.189,0.327,0.214,0.317,0.14,0.446,-0.272,0.105,0.327,0.321,0.559,0.454,0.424,0.078,0.783,-0.018,0.009,0.022,0.468,0.485,0.103,-0.121,0.295,-0.065,-0.057,0.353,0.448,0.372,0.09,0.225,0.081,0.312,0.369,0.565,0.319,0.256,0.28,0.377,0.036,0.104,0.337,0.112,0.585,0.211,0.036,0.26,0.006,0.389,0.391,0.232,0.187,0.494,0.239,0.195,0.219,0.239,0.42,-0.135,0.243,0.521,0.081,-0.35,0.474,0.36,0.165,-0.03,0.339,0.055,0.287,0.438,0.415,0.853,0.478,0.46,-0.218,0.483,0.282,0.414,0.162,0.222,0.497,0.427,0.057,-0.002,0.086,0.21,0.312,0.137,0.017,0.051,0.208,0.443,0.358,0.364,0.455,0.543,0.16,0.738,0.065,0.163,0.72,0.302,0.27,0.142,0.287,0.335,-0.044,-0.046,0.439,0.297,0.27,0.061,-0.012,0.25,0.587,0.37,0.256,-0.347,0.301,0.513,0.463,0.338,0.052,0.327,0.393,0.406,-0.021,0.194,0.128,0.109,0.385,0.138,0.404,0.247,0.451,0.562,0.178,0.064,0.49,0.187,0.234,0.575,0.43,0.69,0.674,0.845,-0.055,0.725,-0.076,0.534,-0.007,0.309,0.556,-0.016,0.147,-0.217,-0.05,0.411,0.134,0.217,0.035,0.006,0.147,0.129,-0.173,0.279,0.532,0.639,0.469
ADMA,0.251,-0.012,-0.369,-0.304,0.321,1.0,0.796,0.184,-0.515,-0.307,-0.259,-0.333,0.665,-0.269,-0.44,-0.037,0.672,-0.299,-0.065,-0.172,0.338,-0.184,0.58,-0.462,0.408,0.367,0.567,-0.2,-0.396,0.212,-0.093,-0.404,-0.255,-0.247,0.57,-0.432,-0.214,-0.389,-0.356,0.281,0.689,-0.006,0.405,-0.061,-0.497,0.174,-0.488,-0.429,-0.476,0.629,0.211,-0.306,-0.582,-0.179,-0.141,-0.635,-0.064,0.065,-0.398,0.365,-0.101,-0.163,0.644,-0.007,0.567,-0.236,-0.301,0.758,-0.073,-0.281,0.575,-0.058,-0.28,0.622,-0.314,0.378,0.188,-0.537,0.449,0.445,-0.113,-0.207,0.432,-0.08,-0.016,-0.358,0.418,0.48,-0.637,-0.002,0.659,0.396,-0.596,0.673,0.581,0.474,-0.4,-0.399,-0.527,-0.424,0.421,0.053,0.458,0.689,0.76,-0.632,-0.008,-0.25,0.211,-0.316,0.631,0.513,-0.302,-0.513,-0.336,-0.38,-0.36,-0.229,-0.473,-0.451,0.156,-0.35,0.158,-0.156,0.303,-0.067,0.4,-0.243,0.401,-0.431,-0.372,0.164,-0.007,-0.064,-0.37,-0.099,0.665,0.668,-0.531,0.65,-0.081,0.618,-0.461,-0.429,-0.244,0.377,-0.045,-0.234,-0.579,-0.124,0.606,0.553,-0.095,-0.48,-0.265,0.646,-0.187,-0.198,-0.432,-0.129,-0.384,0.578,-0.347,0.412,-0.055,-0.012,0.068,0.124,0.222,0.501,0.16,0.678,0.211,0.641,0.258,0.125,0.588,0.578,0.371,0.049,0.403,0.015,0.449,0.266,-0.554,-0.166,-0.451,-0.534,-0.215,0.658,0.03,-0.398,0.323,-0.417,-0.426,-0.636,-0.257,0.444,0.287,-0.109
AEP,0.331,0.023,-0.398,-0.21,0.418,0.796,1.0,0.326,-0.404,-0.216,-0.28,-0.287,0.725,-0.178,-0.331,0.017,0.736,-0.239,0.092,-0.174,0.31,-0.173,0.652,-0.36,0.628,0.47,0.631,0.083,-0.261,0.244,0.065,-0.352,-0.152,-0.174,0.687,-0.33,-0.128,-0.368,-0.22,0.263,0.763,0.118,0.47,-0.047,-0.347,0.327,-0.421,-0.341,-0.283,0.679,0.177,-0.371,-0.528,-0.125,-0.05,-0.415,0.054,0.213,-0.275,0.461,-0.104,-0.182,0.831,0.11,0.669,-0.101,-0.206,0.791,-0.033,-0.194,0.619,0.045,-0.216,0.679,-0.13,0.358,0.287,-0.346,0.53,0.517,-0.055,-0.053,0.552,0.071,0.262,-0.185,0.429,0.55,-0.511,0.057,0.689,0.465,-0.546,0.699,0.667,0.575,-0.269,-0.355,-0.511,-0.273,0.473,0.202,0.619,0.716,0.803,-0.536,0.124,-0.095,0.339,-0.228,0.586,0.535,-0.205,-0.372,-0.309,-0.232,-0.443,-0.201,-0.202,-0.478,-0.016,-0.21,0.313,-0.142,0.428,-0.144,0.493,-0.1,0.577,-0.455,-0.212,0.352,0.021,0.053,-0.189,0.001,0.553,0.562,-0.385,0.655,0.054,0.682,-0.34,-0.324,-0.128,0.577,0.014,-0.219,-0.469,-0.039,0.669,0.645,0.17,-0.256,-0.218,0.619,-0.01,-0.127,-0.313,-0.235,-0.192,0.674,-0.397,0.472,-0.029,0.074,0.178,0.163,0.32,0.569,0.213,0.752,0.342,0.711,0.399,0.273,0.658,0.506,0.503,0.021,0.492,0.223,0.436,0.522,-0.452,-0.103,-0.282,-0.361,-0.163,0.615,0.126,-0.252,0.569,-0.297,-0.376,-0.558,-0.18,0.512,0.345,-0.017
AGNC,0.203,0.118,0.409,0.435,0.494,0.184,0.326,1.0,0.387,0.491,0.4,0.385,0.184,0.333,0.439,0.658,0.273,0.48,0.618,0.441,0.253,0.319,0.033,0.177,0.602,0.518,0.164,0.641,0.535,0.628,0.712,0.455,0.606,0.337,0.398,0.132,0.594,0.255,0.59,0.003,0.065,0.648,0.467,0.556,0.191,0.74,0.363,0.421,0.484,0.159,0.121,0.341,0.266,0.485,0.436,0.191,0.7,0.41,0.381,0.326,0.69,-0.191,0.465,0.235,0.288,0.135,0.669,0.223,0.278,0.627,0.156,0.175,0.492,0.225,0.612,-0.269,0.644,0.472,0.032,0.051,0.707,0.691,0.707,0.489,0.63,0.533,0.488,0.249,0.208,0.687,0.211,0.413,0.099,0.15,0.046,-0.037,0.375,0.37,0.158,0.374,0.52,0.723,0.376,0.307,0.161,0.215,0.773,0.421,0.71,0.518,-0.019,0.191,0.562,0.391,0.338,0.581,0.314,0.603,0.51,0.23,-0.096,0.517,0.614,0.588,0.661,0.242,0.417,0.622,0.525,0.329,0.518,0.532,0.694,0.643,0.559,0.593,-0.204,0.046,0.248,0.171,0.416,0.0,0.421,0.365,0.572,0.449,0.471,0.578,0.083,0.674,0.451,0.343,0.449,0.43,0.607,0.192,0.388,-0.011,0.391,0.551,0.583,0.323,0.108,0.496,0.658,0.724,0.723,-0.074,0.364,0.447,0.544,0.124,0.683,0.181,0.401,0.631,0.307,-0.258,0.629,-0.289,0.542,0.388,0.471,0.662,0.342,0.671,0.13,0.384,0.499,-0.177,0.218,0.454,0.109,0.574,0.408,0.236,0.563,0.693,0.737,0.595
AKBA,-0.134,0.022,0.715,0.726,-0.009,-0.515,-0.404,0.387,1.0,0.67,0.517,0.716,-0.452,0.525,0.74,0.608,-0.378,0.665,0.535,0.602,-0.083,0.39,-0.607,0.508,0.055,-0.033,-0.515,0.567,0.66,0.263,0.328,0.611,0.631,0.616,-0.141,0.645,0.605,0.565,0.631,-0.124,-0.543,0.509,0.064,0.486,0.728,0.194,0.671,0.697,0.756,-0.191,-0.146,0.56,0.751,0.638,0.535,0.581,0.673,0.285,0.534,-0.014,0.649,0.04,-0.201,0.268,-0.269,0.445,0.692,-0.434,0.373,0.651,-0.208,0.275,0.706,-0.502,0.748,-0.557,0.318,0.692,-0.495,-0.488,0.628,0.637,0.184,0.508,0.372,0.67,0.108,-0.417,0.726,0.602,-0.495,0.003,0.441,-0.528,-0.649,-0.331,0.59,0.511,0.568,0.685,0.054,0.362,-0.214,-0.415,-0.622,0.593,0.561,0.461,0.367,0.629,-0.432,-0.306,0.625,0.686,0.838,0.877,0.634,0.671,0.675,0.589,-0.193,0.801,0.365,0.587,0.203,0.234,-0.253,0.786,-0.039,0.652,0.736,0.04,0.507,0.614,0.697,0.49,-0.477,-0.379,0.701,-0.437,0.332,-0.672,0.679,0.672,0.596,0.008,0.303,0.683,0.553,0.65,-0.211,-0.273,0.332,0.714,0.698,-0.404,0.513,0.272,0.734,0.426,0.799,-0.414,0.407,0.101,0.667,0.549,0.355,-0.218,0.032,-0.194,0.36,-0.616,0.211,-0.586,-0.14,0.176,-0.378,-0.61,-0.017,-0.216,0.003,0.173,0.069,0.305,0.784,0.684,0.692,0.759,0.446,-0.661,0.104,0.79,-0.203,0.773,0.734,0.625,0.633,0.075,0.252,0.651
ALT,-0.162,0.045,0.699,0.61,-0.035,-0.307,-0.216,0.491,0.67,1.0,0.514,0.685,-0.153,0.596,0.631,0.613,-0.259,0.696,0.488,0.61,0.112,0.382,-0.557,0.593,0.155,0.224,-0.403,0.575,0.725,0.421,0.556,0.698,0.706,0.557,0.031,0.461,0.489,0.442,0.678,-0.127,-0.521,0.555,0.212,0.608,0.435,0.28,0.72,0.769,0.785,-0.046,-0.068,0.656,0.805,0.614,0.681,0.537,0.598,0.267,0.431,0.047,0.641,-0.094,-0.094,0.202,-0.123,0.383,0.661,-0.255,0.357,0.746,-0.213,0.181,0.728,-0.361,0.659,-0.477,0.448,0.679,-0.404,-0.393,0.7,0.747,0.308,0.528,0.528,0.741,0.264,-0.18,0.63,0.721,-0.351,0.368,0.388,-0.395,-0.56,-0.323,0.625,0.575,0.599,0.71,0.227,0.46,-0.058,-0.148,-0.439,0.57,0.582,0.601,0.444,0.692,-0.494,-0.25,0.561,0.672,0.706,0.698,0.613,0.582,0.591,0.636,-0.098,0.671,0.349,0.701,0.409,0.35,-0.129,0.715,0.156,0.615,0.759,0.272,0.533,0.497,0.692,0.448,-0.539,-0.252,0.711,-0.301,0.315,-0.602,0.749,0.661,0.622,0.089,0.449,0.641,0.582,0.67,-0.0,-0.101,0.392,0.831,0.636,-0.23,0.325,0.168,0.613,0.594,0.726,-0.215,0.431,0.267,0.699,0.493,0.523,-0.175,0.297,-0.043,0.511,-0.496,0.354,-0.481,0.04,0.299,-0.253,-0.544,0.144,-0.28,0.163,0.305,0.087,0.317,0.646,0.594,0.455,0.758,0.548,-0.546,-0.026,0.81,-0.221,0.683,0.619,0.583,0.64,0.281,0.343,0.643
AMAT,-0.434,0.412,0.646,0.56,0.428,-0.259,-0.28,0.4,0.517,0.514,1.0,0.821,-0.192,0.633,0.526,0.403,-0.356,0.561,0.479,0.583,0.08,0.842,-0.362,0.556,0.147,0.121,-0.167,0.536,0.598,0.333,0.465,0.78,0.682,0.55,-0.067,0.571,0.686,0.144,0.547,0.184,-0.55,0.731,0.314,0.725,0.438,0.532,0.636,0.52,0.597,-0.01,0.277,0.728,0.495,0.707,0.419,0.372,0.504,0.379,0.558,-0.264,0.468,0.074,-0.199,0.294,-0.091,0.507,0.587,-0.303,0.475,0.524,-0.52,0.385,0.548,-0.19,0.521,-0.359,0.251,0.496,-0.184,-0.159,0.585,0.602,0.282,0.292,0.292,0.628,-0.038,-0.076,0.405,0.531,-0.18,-0.003,0.253,-0.201,-0.367,-0.361,0.468,0.904,0.683,0.792,0.133,0.273,0.263,-0.12,-0.381,0.374,0.5,0.679,0.334,0.683,-0.393,-0.106,0.762,0.676,0.585,0.56,0.864,0.648,0.432,0.75,0.121,0.622,0.329,0.694,0.258,0.794,0.136,0.427,0.407,0.644,0.622,0.506,0.352,0.33,0.65,0.452,-0.376,-0.553,0.556,-0.245,0.164,-0.461,0.56,0.483,0.567,0.272,0.625,0.615,0.2,0.689,0.027,-0.149,0.228,0.558,0.697,-0.166,0.487,0.107,0.634,0.538,0.512,-0.255,0.706,0.224,0.457,0.62,0.449,-0.195,0.102,-0.016,0.315,-0.459,0.425,-0.251,0.275,0.519,0.149,-0.564,0.246,-0.159,0.305,-0.148,-0.024,0.338,0.563,0.356,0.176,0.495,0.63,-0.503,0.15,0.637,-0.477,0.645,0.559,0.399,0.584,0.311,0.438,0.664
AMD,-0.312,0.246,0.786,0.667,0.262,-0.333,-0.287,0.385,0.716,0.685,0.821,1.0,-0.274,0.664,0.716,0.483,-0.309,0.671,0.468,0.667,-0.037,0.765,-0.503,0.532,0.136,0.077,-0.384,0.598,0.635,0.34,0.421,0.673,0.699,0.776,-0.038,0.67,0.67,0.282,0.614,0.0,-0.591,0.716,0.256,0.678,0.528,0.401,0.667,0.659,0.769,-0.013,0.167,0.767,0.639,0.659,0.45,0.46,0.558,0.49,0.586,-0.131,0.55,0.188,-0.175,0.519,-0.068,0.628,0.647,-0.355,0.67,0.61,-0.355,0.349,0.702,-0.364,0.706,-0.446,0.299,0.584,-0.311,-0.298,0.661,0.692,0.221,0.434,0.373,0.746,0.07,-0.196,0.56,0.61,-0.3,-0.047,0.303,-0.398,-0.487,-0.142,0.548,0.776,0.676,0.836,0.083,0.329,0.147,-0.245,-0.442,0.465,0.571,0.645,0.389,0.769,-0.46,-0.259,0.734,0.705,0.751,0.719,0.775,0.661,0.495,0.697,-0.093,0.669,0.279,0.706,0.27,0.652,0.024,0.628,0.27,0.648,0.725,0.361,0.407,0.46,0.682,0.466,-0.453,-0.466,0.7,-0.368,0.335,-0.597,0.71,0.652,0.625,0.239,0.506,0.628,0.428,0.737,0.003,-0.21,0.262,0.733,0.659,-0.208,0.43,0.419,0.688,0.456,0.643,-0.31,0.751,0.237,0.59,0.572,0.43,-0.327,0.049,-0.111,0.431,-0.551,0.388,-0.333,0.132,0.364,-0.048,-0.559,0.091,-0.309,0.28,-0.046,-0.015,0.358,0.662,0.54,0.439,0.678,0.615,-0.492,0.091,0.78,-0.343,0.689,0.677,0.488,0.745,0.149,0.307,0.696
AMGN,0.085,0.218,-0.305,-0.214,0.337,0.665,0.725,0.184,-0.452,-0.153,-0.192,-0.274,1.0,-0.067,-0.328,-0.027,0.652,-0.067,0.061,-0.108,0.581,-0.093,0.559,-0.179,0.379,0.542,0.609,-0.037,-0.193,0.299,0.143,-0.24,-0.086,-0.246,0.544,-0.363,-0.093,-0.282,-0.119,0.44,0.544,0.035,0.36,0.111,-0.404,0.26,-0.41,-0.165,-0.282,0.464,0.232,-0.13,-0.394,-0.139,0.153,-0.383,0.072,0.201,-0.196,0.233,-0.097,-0.094,0.659,-0.09,0.618,-0.171,-0.186,0.683,-0.099,-0.161,0.414,0.197,-0.088,0.662,-0.166,0.439,0.356,-0.278,0.414,0.403,-0.049,-0.073,0.482,-0.099,0.308,-0.06,0.21,0.638,-0.468,0.069,0.627,0.439,-0.514,0.697,0.496,0.345,-0.146,-0.269,-0.312,-0.226,0.307,0.099,0.477,0.663,0.635,-0.464,0.022,0.088,0.269,-0.134,0.417,0.636,-0.174,-0.353,-0.316,-0.355,-0.28,-0.105,-0.156,-0.345,0.322,-0.165,0.259,0.008,0.465,-0.009,0.483,-0.169,0.515,-0.284,-0.135,0.386,-0.019,-0.155,-0.149,-0.115,0.471,0.568,-0.392,0.7,0.079,0.484,-0.283,-0.278,0.037,0.556,0.259,-0.22,-0.461,-0.026,0.66,0.461,0.154,-0.241,-0.135,0.673,-0.023,-0.326,-0.227,-0.063,-0.224,0.433,-0.328,0.412,-0.092,0.019,0.124,0.209,0.381,0.673,0.11,0.666,0.245,0.598,0.416,0.274,0.562,0.33,0.492,0.154,0.42,0.086,0.288,0.408,-0.36,-0.138,-0.408,-0.269,-0.051,0.545,0.173,-0.243,0.334,-0.282,-0.243,-0.516,-0.097,0.494,0.255,-0.055
AMZN,-0.488,0.402,0.589,0.519,0.124,-0.269,-0.178,0.333,0.525,0.596,0.633,0.664,-0.067,1.0,0.492,0.313,-0.254,0.74,0.423,0.468,0.282,0.594,-0.313,0.684,0.115,0.229,-0.14,0.435,0.651,0.561,0.577,0.584,0.573,0.389,0.144,0.429,0.56,0.237,0.564,0.213,-0.511,0.535,0.401,0.664,0.339,0.304,0.457,0.596,0.668,-0.105,0.277,0.684,0.531,0.618,0.487,0.299,0.437,0.353,0.568,-0.419,0.306,0.021,-0.16,0.048,-0.084,0.414,0.443,-0.429,0.363,0.521,-0.444,0.392,0.619,-0.128,0.518,-0.104,0.233,0.501,-0.003,0.008,0.48,0.662,0.095,0.128,0.359,0.637,-0.124,0.105,0.422,0.664,-0.19,0.052,0.249,-0.206,-0.521,-0.427,0.643,0.592,0.685,0.609,-0.101,0.145,0.101,0.049,-0.431,0.509,0.541,0.76,0.386,0.66,-0.36,0.051,0.604,0.732,0.54,0.528,0.595,0.59,0.555,0.621,0.214,0.522,0.216,0.643,0.477,0.655,0.211,0.52,0.386,0.618,0.671,0.446,0.375,0.052,0.572,0.191,-0.38,-0.397,0.645,-0.229,-0.005,-0.636,0.69,0.45,0.64,0.436,0.676,0.486,0.3,0.738,0.176,-0.291,0.222,0.635,0.584,-0.007,0.457,-0.036,0.588,0.525,0.64,-0.399,0.624,0.403,0.431,0.466,0.265,-0.212,0.469,0.176,0.46,-0.386,0.407,-0.234,0.291,0.531,-0.036,-0.698,0.27,-0.008,0.462,-0.095,-0.215,0.393,0.607,0.27,0.338,0.656,0.7,-0.384,0.284,0.658,-0.402,0.544,0.481,0.448,0.506,0.105,0.326,0.558
APA,-0.124,0.108,0.712,0.593,0.071,-0.44,-0.331,0.439,0.74,0.631,0.526,0.716,-0.328,0.492,1.0,0.487,-0.184,0.697,0.469,0.58,-0.011,0.546,-0.439,0.396,0.208,0.088,-0.351,0.689,0.672,0.383,0.469,0.615,0.705,0.744,-0.071,0.616,0.544,0.486,0.786,-0.184,-0.501,0.575,0.113,0.669,0.607,0.345,0.663,0.821,0.77,-0.158,-0.049,0.681,0.657,0.535,0.444,0.524,0.534,0.59,0.589,-0.033,0.566,0.341,-0.121,0.424,-0.024,0.565,0.625,-0.371,0.634,0.696,-0.248,0.304,0.819,-0.303,0.817,-0.579,0.376,0.665,-0.418,-0.396,0.508,0.686,0.139,0.593,0.466,0.829,0.175,-0.313,0.659,0.535,-0.266,-0.083,0.482,-0.334,-0.511,-0.106,0.702,0.592,0.547,0.686,0.185,0.415,-0.026,-0.384,-0.456,0.587,0.61,0.546,0.321,0.667,-0.576,-0.239,0.632,0.675,0.735,0.754,0.563,0.637,0.663,0.543,-0.327,0.641,0.391,0.58,0.156,0.289,-0.048,0.739,0.047,0.609,0.715,0.162,0.492,0.587,0.657,0.651,-0.529,-0.27,0.7,-0.274,0.603,-0.518,0.737,0.907,0.773,0.067,0.441,0.636,0.586,0.572,-0.062,-0.101,0.285,0.777,0.618,-0.237,0.406,0.453,0.702,0.376,0.705,-0.225,0.466,0.084,0.672,0.513,0.437,-0.276,-0.004,-0.059,0.395,-0.569,0.409,-0.348,-0.023,0.31,-0.258,-0.581,0.04,-0.357,0.081,0.144,0.051,0.356,0.702,0.603,0.567,0.814,0.478,-0.523,0.083,0.783,-0.12,0.703,0.884,0.632,0.878,0.119,0.343,0.582
APPS,0.078,0.014,0.613,0.671,0.212,-0.037,0.017,0.658,0.608,0.613,0.403,0.483,-0.027,0.313,0.487,1.0,-0.067,0.544,0.637,0.64,0.156,0.205,-0.312,0.282,0.248,0.472,-0.161,0.56,0.617,0.586,0.57,0.506,0.69,0.293,0.244,0.109,0.626,0.377,0.532,-0.212,-0.163,0.572,0.4,0.488,0.239,0.457,0.547,0.495,0.441,0.028,-0.175,0.474,0.539,0.649,0.534,0.207,0.731,0.235,0.306,0.299,0.846,-0.241,0.155,0.061,-0.03,0.025,0.735,0.009,0.143,0.6,0.148,0.179,0.628,-0.145,0.568,-0.351,0.616,0.425,-0.316,-0.313,0.83,0.668,0.514,0.486,0.389,0.497,0.345,0.05,0.337,0.789,-0.023,0.286,0.23,-0.147,-0.221,-0.273,0.313,0.359,0.209,0.445,0.303,0.519,0.035,0.105,-0.128,0.261,0.647,0.458,0.615,0.568,-0.045,0.01,0.489,0.329,0.525,0.672,0.522,0.688,0.471,0.38,-0.118,0.745,0.67,0.623,0.53,0.195,0.108,0.639,0.318,0.598,0.698,0.347,0.735,0.703,0.649,0.488,-0.265,-0.075,0.281,-0.095,0.247,-0.286,0.444,0.415,0.566,0.291,0.379,0.832,0.157,0.644,0.241,-0.015,0.31,0.44,0.673,0.036,0.483,-0.117,0.548,0.572,0.603,-0.135,0.183,0.45,0.707,0.693,0.648,-0.214,0.245,0.221,0.592,-0.264,0.43,-0.2,0.221,0.4,-0.025,-0.295,0.344,-0.275,0.321,0.11,0.372,0.543,0.615,0.688,0.185,0.405,0.385,-0.49,0.394,0.578,-0.151,0.69,0.531,0.317,0.491,0.46,0.65,0.677
ARCC,0.333,0.094,-0.42,-0.198,0.283,0.672,0.736,0.273,-0.378,-0.259,-0.356,-0.309,0.652,-0.254,-0.184,-0.067,1.0,-0.251,-0.05,-0.281,0.329,-0.192,0.64,-0.451,0.554,0.464,0.564,-0.105,-0.316,0.242,-0.025,-0.472,-0.232,-0.043,0.498,-0.198,-0.112,-0.286,-0.212,0.258,0.602,-0.014,0.255,0.003,-0.362,0.233,-0.543,-0.257,-0.233,0.594,0.263,-0.329,-0.495,-0.222,-0.173,-0.457,0.043,0.295,-0.327,0.512,-0.129,0.059,0.757,0.202,0.789,-0.027,-0.181,0.728,0.111,-0.208,0.615,0.067,-0.179,0.626,-0.036,0.439,0.251,-0.427,0.472,0.466,-0.12,-0.099,0.418,0.131,0.245,-0.111,0.431,0.482,-0.523,-0.005,0.701,0.365,-0.568,0.701,0.589,0.656,-0.199,-0.468,-0.531,-0.35,0.436,0.133,0.456,0.484,0.661,-0.555,0.06,-0.186,0.277,-0.314,0.583,0.514,-0.188,-0.437,-0.286,-0.249,-0.539,-0.207,-0.215,-0.612,0.023,-0.221,0.273,-0.132,0.32,-0.265,0.425,-0.05,0.296,-0.509,-0.233,0.137,0.028,0.094,-0.272,0.057,0.491,0.685,-0.454,0.679,0.302,0.536,-0.403,-0.206,-0.018,0.389,0.01,-0.249,-0.32,-0.145,0.691,0.602,0.044,-0.283,-0.297,0.704,-0.018,0.045,-0.315,-0.223,-0.253,0.669,-0.474,0.264,-0.095,-0.033,0.018,0.325,0.186,0.598,0.06,0.686,0.325,0.661,0.237,0.152,0.457,0.514,0.309,0.07,0.286,0.157,0.544,0.358,-0.538,-0.025,-0.234,-0.282,-0.226,0.747,0.072,-0.265,0.523,-0.352,-0.168,-0.61,-0.019,0.432,0.205,-0.208
ARDX,-0.331,0.224,0.84,0.66,0.089,-0.299,-0.239,0.48,0.665,0.696,0.561,0.671,-0.067,0.74,0.697,0.544,-0.251,1.0,0.54,0.744,0.262,0.524,-0.42,0.561,0.196,0.258,-0.263,0.626,0.705,0.625,0.611,0.627,0.699,0.458,0.149,0.374,0.624,0.475,0.719,0.026,-0.423,0.573,0.354,0.681,0.455,0.427,0.572,0.827,0.734,-0.245,0.005,0.759,0.708,0.644,0.646,0.479,0.66,0.336,0.588,-0.235,0.709,-0.023,-0.078,0.054,-0.104,0.341,0.682,-0.363,0.345,0.67,-0.197,0.293,0.898,-0.24,0.701,-0.448,0.451,0.703,-0.3,-0.287,0.659,0.736,0.255,0.302,0.543,0.717,0.082,-0.124,0.635,0.726,-0.222,0.1,0.299,-0.272,-0.527,-0.415,0.664,0.604,0.699,0.661,0.034,0.4,-0.038,-0.138,-0.424,0.594,0.671,0.696,0.581,0.752,-0.489,-0.057,0.683,0.705,0.685,0.694,0.677,0.84,0.621,0.647,0.098,0.681,0.332,0.718,0.468,0.477,0.068,0.73,0.246,0.8,0.831,0.397,0.576,0.31,0.648,0.458,-0.575,-0.186,0.637,-0.244,0.267,-0.581,0.767,0.681,0.797,0.251,0.652,0.664,0.415,0.747,0.099,-0.216,0.349,0.681,0.654,-0.062,0.412,0.007,0.684,0.616,0.747,-0.352,0.484,0.415,0.622,0.629,0.503,-0.27,0.358,0.152,0.57,-0.413,0.425,-0.311,0.178,0.528,-0.114,-0.761,0.269,-0.185,0.363,0.063,-0.019,0.454,0.789,0.592,0.402,0.762,0.694,-0.548,0.163,0.741,-0.27,0.655,0.694,0.525,0.7,0.264,0.358,0.624
ATER,-0.081,0.124,0.512,0.587,0.534,-0.065,0.092,0.618,0.535,0.488,0.479,0.468,0.061,0.423,0.469,0.637,-0.05,0.54,1.0,0.628,0.239,0.382,-0.163,0.265,0.39,0.427,0.097,0.546,0.738,0.554,0.609,0.49,0.622,0.327,0.241,0.231,0.626,0.277,0.52,0.03,-0.023,0.594,0.442,0.572,0.496,0.541,0.376,0.512,0.458,0.125,0.034,0.486,0.405,0.619,0.428,0.328,0.739,0.362,0.471,0.098,0.626,-0.047,0.173,0.164,0.131,0.312,0.634,-0.009,0.239,0.511,0.049,0.405,0.522,0.096,0.563,-0.335,0.551,0.458,-0.014,0.003,0.613,0.624,0.547,0.37,0.405,0.549,0.2,0.155,0.377,0.616,0.062,0.146,0.074,0.055,-0.211,-0.267,0.418,0.436,0.372,0.475,0.263,0.404,0.33,0.169,-0.144,0.228,0.832,0.558,0.673,0.471,-0.1,0.336,0.584,0.408,0.443,0.62,0.487,0.68,0.623,0.351,-0.095,0.703,0.691,0.619,0.518,0.373,0.292,0.624,0.457,0.578,0.545,0.538,0.768,0.575,0.587,0.542,-0.06,-0.209,0.336,0.047,0.317,-0.268,0.502,0.363,0.643,0.429,0.539,0.635,0.097,0.652,0.363,0.042,0.458,0.471,0.729,0.092,0.663,-0.086,0.563,0.459,0.571,-0.047,0.224,0.446,0.581,0.727,0.585,-0.084,0.298,0.378,0.464,-0.197,0.566,-0.07,0.421,0.533,0.201,-0.428,0.482,-0.186,0.455,0.166,0.259,0.587,0.485,0.568,0.191,0.459,0.603,-0.356,0.472,0.478,-0.142,0.621,0.544,0.243,0.555,0.546,0.665,0.698
ATOS,-0.311,0.201,0.832,0.676,0.281,-0.172,-0.174,0.441,0.602,0.61,0.583,0.667,-0.108,0.468,0.58,0.64,-0.281,0.744,0.628,1.0,0.156,0.483,-0.348,0.311,0.241,0.357,-0.147,0.589,0.618,0.445,0.487,0.581,0.71,0.453,0.138,0.342,0.654,0.293,0.551,-0.03,-0.263,0.634,0.379,0.595,0.388,0.492,0.549,0.641,0.523,0.022,0.017,0.721,0.667,0.573,0.438,0.358,0.648,0.367,0.541,-0.051,0.737,-0.059,-0.106,0.169,-0.015,0.367,0.637,-0.252,0.314,0.554,-0.034,0.251,0.757,-0.121,0.543,-0.503,0.356,0.518,-0.231,-0.225,0.684,0.561,0.282,0.407,0.341,0.625,0.185,-0.054,0.486,0.609,-0.057,0.14,0.114,-0.184,-0.321,-0.348,0.386,0.614,0.528,0.648,0.203,0.389,0.112,-0.024,-0.274,0.349,0.692,0.619,0.559,0.548,-0.347,-0.022,0.599,0.505,0.689,0.589,0.69,0.784,0.45,0.477,0.055,0.709,0.454,0.679,0.398,0.432,0.165,0.575,0.315,0.775,0.674,0.462,0.542,0.459,0.67,0.515,-0.334,-0.17,0.435,-0.129,0.236,-0.461,0.562,0.526,0.66,0.245,0.512,0.685,0.224,0.673,0.122,-0.044,0.37,0.485,0.581,-0.007,0.396,-0.019,0.567,0.542,0.595,-0.222,0.352,0.421,0.637,0.634,0.585,-0.164,0.158,0.14,0.502,-0.397,0.426,-0.218,0.345,0.461,0.057,-0.553,0.351,-0.23,0.339,-0.058,0.179,0.497,0.648,0.478,0.237,0.538,0.607,-0.508,0.194,0.628,-0.278,0.635,0.624,0.349,0.596,0.322,0.507,0.677
AUPH,-0.193,0.33,-0.001,-0.004,0.141,0.338,0.31,0.253,-0.083,0.112,0.08,-0.037,0.581,0.282,-0.011,0.156,0.329,0.262,0.239,0.156,1.0,0.04,0.271,0.161,0.151,0.464,0.353,-0.062,0.124,0.565,0.341,0.015,0.11,-0.162,0.421,-0.172,0.137,-0.04,0.169,0.366,0.15,0.126,0.411,0.334,-0.175,0.153,-0.086,0.171,0.043,0.119,0.104,0.213,-0.132,0.121,0.342,-0.242,0.235,0.111,-0.023,-0.037,0.075,-0.149,0.306,-0.231,0.343,-0.209,0.059,0.254,-0.12,0.099,0.057,0.227,0.179,0.394,0.036,0.205,0.318,0.007,0.145,0.158,0.192,0.273,0.289,-0.167,0.369,0.219,-0.028,0.328,-0.184,0.37,0.286,0.408,-0.243,0.429,0.042,-0.14,0.137,-0.014,0.064,0.018,-0.007,0.083,0.171,0.433,0.097,-0.091,0.241,0.421,0.295,0.171,0.229,0.64,0.048,-0.001,-0.052,0.023,0.057,0.178,0.11,-0.045,0.463,0.066,0.294,0.161,0.649,0.125,0.352,0.082,0.433,0.053,0.174,0.304,0.239,-0.135,0.128,-0.098,0.127,0.286,-0.135,0.41,0.027,-0.05,0.025,-0.036,0.425,0.424,0.587,0.006,-0.213,0.328,0.531,0.042,0.106,-0.071,0.18,0.511,0.119,-0.432,0.074,0.344,0.082,0.021,-0.162,0.456,0.081,0.092,0.078,0.072,0.559,0.597,0.285,0.252,0.237,0.206,0.233,0.374,0.277,-0.078,0.385,0.198,0.41,0.034,0.065,0.334,-0.016,0.015,-0.24,0.076,0.142,0.187,0.287,0.064,-0.108,0.037,0.025,-0.262,0.088,0.375,0.305,0.073
AVGO,-0.443,0.579,0.549,0.486,0.48,-0.184,-0.173,0.319,0.39,0.382,0.842,0.765,-0.093,0.594,0.546,0.205,-0.192,0.524,0.382,0.483,0.04,1.0,-0.124,0.406,0.26,0.123,-0.048,0.521,0.447,0.274,0.357,0.6,0.558,0.577,-0.041,0.579,0.64,0.03,0.487,0.37,-0.464,0.771,0.275,0.755,0.38,0.502,0.395,0.465,0.473,0.091,0.496,0.642,0.359,0.619,0.268,0.306,0.382,0.491,0.553,-0.325,0.343,0.247,-0.179,0.409,0.109,0.605,0.488,-0.212,0.634,0.328,-0.462,0.375,0.516,-0.037,0.479,-0.226,0.199,0.431,0.039,0.08,0.375,0.469,0.217,0.264,0.261,0.556,-0.12,-0.009,0.324,0.439,-0.059,-0.122,0.058,-0.046,-0.19,-0.146,0.37,0.765,0.571,0.673,0.103,0.165,0.417,-0.093,-0.237,0.286,0.467,0.562,0.207,0.624,-0.375,-0.049,0.817,0.667,0.438,0.427,0.739,0.533,0.397,0.649,0.164,0.503,0.255,0.663,0.159,0.842,0.282,0.331,0.4,0.461,0.521,0.526,0.181,0.197,0.49,0.327,-0.211,-0.404,0.522,-0.113,0.275,-0.353,0.468,0.443,0.525,0.333,0.581,0.459,0.131,0.568,0.078,-0.09,0.214,0.514,0.566,-0.031,0.518,0.224,0.547,0.382,0.392,-0.153,0.731,0.164,0.324,0.539,0.352,-0.1,-0.012,0.041,0.232,-0.325,0.544,-0.026,0.328,0.547,0.274,-0.521,0.232,-0.079,0.372,-0.197,-0.089,0.31,0.497,0.217,0.159,0.451,0.618,-0.337,0.053,0.469,-0.362,0.489,0.494,0.262,0.601,0.203,0.345,0.616
AZN,0.163,0.311,-0.539,-0.386,0.368,0.58,0.652,0.033,-0.607,-0.557,-0.362,-0.503,0.559,-0.313,-0.439,-0.312,0.64,-0.42,-0.163,-0.348,0.271,-0.124,1.0,-0.531,0.495,0.395,0.732,-0.223,-0.493,0.051,-0.083,-0.545,-0.388,-0.413,0.423,-0.339,-0.19,-0.566,-0.402,0.466,0.661,-0.062,0.245,-0.145,-0.516,0.18,-0.72,-0.585,-0.597,0.494,0.366,-0.472,-0.638,-0.329,-0.475,-0.55,-0.281,0.077,-0.325,0.12,-0.387,-0.009,0.401,-0.09,0.659,-0.208,-0.418,0.52,-0.139,-0.516,0.4,-0.065,-0.422,0.762,-0.427,0.62,-0.102,-0.521,0.714,0.729,-0.382,-0.392,0.118,-0.234,-0.076,-0.411,-0.013,0.599,-0.672,-0.225,0.71,0.159,-0.698,0.781,0.871,0.41,-0.527,-0.459,-0.638,-0.509,0.133,-0.153,0.563,0.625,0.688,-0.622,-0.153,-0.206,0.014,-0.467,0.683,0.584,-0.235,-0.47,-0.615,-0.481,-0.553,-0.321,-0.322,-0.672,0.239,-0.465,0.031,-0.333,0.224,-0.15,0.59,-0.418,0.406,-0.564,-0.407,0.272,-0.261,-0.318,-0.466,-0.288,0.571,0.455,-0.615,0.689,-0.073,0.661,-0.668,-0.549,-0.289,0.432,-0.042,-0.424,-0.623,-0.238,0.558,0.461,-0.03,-0.555,-0.456,0.671,-0.015,-0.303,-0.48,-0.339,-0.448,0.572,-0.502,0.215,-0.447,-0.244,-0.128,0.328,0.093,0.54,-0.125,0.726,0.238,0.838,0.445,0.2,0.659,0.456,0.36,0.248,0.385,-0.097,0.217,0.238,-0.561,-0.439,-0.557,-0.586,-0.223,0.682,0.078,-0.556,0.344,-0.54,-0.5,-0.739,-0.382,0.176,0.106,-0.32
BCRX,-0.309,0.21,0.427,0.413,-0.058,-0.462,-0.36,0.177,0.508,0.593,0.556,0.532,-0.179,0.684,0.396,0.282,-0.451,0.561,0.265,0.311,0.161,0.406,-0.531,1.0,-0.237,-0.113,-0.271,0.348,0.564,0.253,0.395,0.596,0.539,0.279,-0.21,0.383,0.361,0.311,0.468,0.04,-0.603,0.279,-0.022,0.462,0.441,0.072,0.599,0.536,0.615,-0.351,0.102,0.488,0.555,0.576,0.646,0.423,0.335,0.039,0.586,-0.379,0.249,-0.044,-0.236,-0.085,-0.383,0.207,0.383,-0.484,0.081,0.564,-0.627,0.441,0.431,-0.362,0.365,-0.16,0.12,0.548,-0.357,-0.339,0.476,0.472,-0.019,0.017,0.364,0.514,-0.161,-0.198,0.484,0.48,-0.454,0.058,0.58,-0.434,-0.591,-0.545,0.676,0.561,0.796,0.66,-0.189,0.089,-0.181,-0.225,-0.554,0.614,0.254,0.569,0.164,0.591,-0.472,-0.188,0.431,0.619,0.429,0.533,0.598,0.415,0.534,0.696,0.215,0.459,0.116,0.487,0.262,0.472,-0.193,0.304,0.077,0.514,0.62,0.179,0.188,0.056,0.555,0.061,-0.457,-0.535,0.543,-0.404,-0.043,-0.542,0.699,0.394,0.493,-0.042,0.465,0.359,0.347,0.55,-0.182,-0.401,0.165,0.603,0.645,-0.301,0.392,-0.051,0.61,0.5,0.498,-0.522,0.524,0.024,0.313,0.253,0.23,-0.237,0.393,-0.149,0.119,-0.482,0.005,-0.497,-0.064,0.337,-0.234,-0.581,0.086,0.146,0.025,0.077,-0.406,0.025,0.614,0.238,0.33,0.568,0.412,-0.543,0.093,0.54,-0.406,0.549,0.388,0.641,0.315,-0.058,0.092,0.422
BGC,0.195,0.23,0.069,0.216,0.581,0.408,0.628,0.602,0.055,0.155,0.147,0.136,0.379,0.115,0.208,0.248,0.554,0.196,0.39,0.241,0.151,0.26,0.495,-0.237,1.0,0.6,0.473,0.5,0.119,0.409,0.389,0.074,0.229,0.252,0.531,0.162,0.271,-0.16,0.238,0.257,0.424,0.551,0.524,0.388,-0.021,0.679,-0.028,0.136,0.141,0.639,0.243,0.086,-0.01,0.18,-0.005,-0.063,0.437,0.492,0.098,0.345,0.274,-0.089,0.572,0.357,0.676,0.324,0.241,0.431,0.369,0.144,0.401,0.087,0.269,0.52,0.335,0.0,0.375,0.069,0.375,0.382,0.234,0.286,0.587,0.481,0.408,0.281,0.453,0.378,-0.117,0.33,0.518,0.357,-0.412,0.493,0.461,0.389,0.032,0.132,-0.152,0.189,0.603,0.507,0.697,0.47,0.466,-0.192,0.53,0.279,0.616,0.121,0.249,0.351,0.35,0.102,0.164,0.18,-0.029,0.277,0.169,-0.151,-0.127,0.184,0.452,0.264,0.426,0.106,0.494,0.416,0.617,-0.025,0.198,0.541,0.377,0.371,0.163,0.426,0.142,0.339,0.12,0.452,0.386,0.341,0.03,0.181,0.275,0.599,0.302,0.198,-0.093,0.285,0.56,0.622,0.318,0.206,0.08,0.426,0.216,0.076,0.119,0.037,0.273,0.624,-0.101,0.502,0.264,0.415,0.489,0.179,0.165,0.517,0.421,0.332,0.635,0.516,0.56,0.538,0.608,0.063,0.587,-0.239,0.562,0.216,0.571,0.772,-0.042,0.269,0.049,0.108,0.246,0.223,0.055,0.236,0.411,0.11,0.148,-0.212,0.316,0.599,0.556,0.296
BIDU,-0.032,0.371,0.125,0.313,0.439,0.367,0.47,0.518,-0.033,0.224,0.121,0.077,0.542,0.229,0.088,0.472,0.464,0.258,0.427,0.357,0.464,0.123,0.395,-0.113,0.6,1.0,0.526,0.272,0.268,0.701,0.652,0.093,0.295,-0.025,0.581,-0.146,0.417,-0.211,0.197,0.193,0.25,0.374,0.632,0.452,-0.324,0.535,-0.091,0.172,0.062,0.418,0.161,0.287,0.083,0.273,0.109,-0.185,0.391,0.386,0.025,0.163,0.334,-0.233,0.41,0.022,0.588,-0.036,0.287,0.302,0.109,0.096,0.317,0.078,0.347,0.58,0.205,0.225,0.415,-0.044,0.406,0.388,0.376,0.352,0.417,0.175,0.253,0.259,0.201,0.733,-0.146,0.514,0.632,0.401,-0.392,0.611,0.331,0.046,0.013,0.07,-0.173,0.039,0.352,0.27,0.52,0.635,0.313,-0.279,0.496,0.513,0.592,0.103,0.294,0.584,0.272,-0.042,0.008,0.052,0.045,0.373,0.099,-0.129,0.13,0.259,0.623,0.363,0.655,0.197,0.684,0.238,0.68,0.151,0.281,0.702,0.44,0.177,0.234,0.201,0.109,0.345,-0.126,0.545,0.114,0.1,-0.019,0.043,0.43,0.68,0.551,0.363,-0.167,0.35,0.764,0.301,0.28,0.073,0.188,0.611,0.31,-0.322,0.059,0.207,0.217,0.252,-0.08,0.615,0.283,0.395,0.434,0.153,0.393,0.823,0.477,0.314,0.641,0.456,0.723,0.554,0.462,-0.039,0.617,-0.136,0.677,-0.099,0.428,0.7,0.029,0.153,-0.314,0.102,0.347,0.192,0.358,0.184,0.003,0.162,0.127,-0.265,0.218,0.533,0.673,0.277
BILI,0.076,0.343,-0.417,-0.21,0.615,0.567,0.631,0.164,-0.515,-0.403,-0.167,-0.384,0.609,-0.14,-0.351,-0.161,0.564,-0.263,0.097,-0.147,0.353,-0.048,0.732,-0.271,0.473,0.526,1.0,-0.045,-0.266,0.266,0.101,-0.302,-0.059,-0.329,0.381,-0.283,-0.069,-0.575,-0.242,0.436,0.635,0.015,0.296,0.121,-0.38,0.4,-0.492,-0.347,-0.447,0.528,0.483,-0.279,-0.518,-0.103,-0.33,-0.439,-0.091,0.127,-0.037,0.131,-0.275,-0.145,0.459,-0.017,0.727,-0.112,-0.283,0.46,-0.056,-0.318,0.318,0.196,-0.249,0.944,-0.277,0.455,-0.063,-0.476,0.665,0.648,-0.196,-0.209,0.219,-0.077,-0.036,-0.181,0.145,0.623,-0.583,-0.087,0.822,0.205,-0.511,0.859,0.65,0.261,-0.234,-0.236,-0.321,-0.252,0.324,0.055,0.65,0.687,0.689,-0.553,0.048,0.041,0.146,-0.355,0.567,0.789,-0.107,-0.399,-0.448,-0.419,-0.371,-0.107,-0.236,-0.476,0.264,-0.261,0.307,-0.087,0.311,0.025,0.562,-0.32,0.554,-0.382,-0.231,0.448,-0.077,-0.184,-0.267,-0.126,0.617,0.391,-0.519,0.82,-0.062,0.598,-0.365,-0.391,-0.037,0.455,0.254,-0.222,-0.547,-0.118,0.593,0.553,0.102,-0.399,-0.169,0.713,0.122,-0.338,-0.217,-0.174,-0.363,0.514,-0.361,0.287,-0.183,-0.031,0.166,0.505,0.211,0.741,-0.104,0.586,0.317,0.649,0.583,0.507,0.772,0.322,0.665,0.278,0.335,-0.039,0.221,0.315,-0.478,-0.377,-0.46,-0.372,-0.037,0.597,0.17,-0.386,0.221,-0.301,-0.322,-0.486,-0.23,0.36,0.406,-0.032
BKR,0.032,0.082,0.609,0.557,0.424,-0.2,0.083,0.641,0.567,0.575,0.536,0.598,-0.037,0.435,0.689,0.56,-0.105,0.626,0.546,0.589,-0.062,0.521,-0.223,0.348,0.5,0.272,-0.045,1.0,0.596,0.361,0.567,0.668,0.733,0.57,0.17,0.431,0.577,0.37,0.704,-0.08,-0.138,0.701,0.317,0.623,0.468,0.713,0.65,0.617,0.661,0.075,0.107,0.491,0.525,0.554,0.491,0.574,0.548,0.548,0.698,0.129,0.612,0.049,0.151,0.361,0.121,0.472,0.58,-0.096,0.487,0.639,-0.026,0.294,0.698,0.006,0.673,-0.535,0.5,0.694,-0.132,-0.136,0.555,0.661,0.439,0.693,0.575,0.698,0.368,-0.028,0.557,0.523,-0.004,0.194,0.311,-0.098,-0.141,-0.053,0.539,0.676,0.42,0.711,0.499,0.717,0.338,-0.038,-0.042,0.513,0.656,0.519,0.512,0.64,-0.406,-0.144,0.609,0.664,0.59,0.622,0.525,0.612,0.68,0.512,-0.337,0.608,0.478,0.572,0.297,0.374,0.218,0.663,0.425,0.507,0.73,0.552,0.443,0.584,0.676,0.683,-0.389,-0.248,0.619,-0.055,0.507,-0.161,0.618,0.698,0.608,0.358,0.378,0.647,0.32,0.59,0.067,0.282,0.587,0.715,0.579,-0.155,0.423,0.236,0.575,0.31,0.716,0.133,0.369,0.316,0.698,0.703,0.786,-0.15,0.059,0.098,0.451,-0.219,0.597,-0.062,0.333,0.606,0.196,-0.44,0.503,-0.38,0.331,0.305,0.215,0.622,0.623,0.538,0.406,0.624,0.599,-0.456,0.066,0.715,0.174,0.672,0.609,0.514,0.689,0.425,0.578,0.744
BLDP,-0.259,0.11,0.686,0.601,0.175,-0.396,-0.261,0.535,0.66,0.725,0.598,0.635,-0.193,0.651,0.672,0.617,-0.316,0.705,0.738,0.618,0.124,0.447,-0.493,0.564,0.119,0.268,-0.266,0.596,1.0,0.566,0.732,0.759,0.754,0.431,0.007,0.299,0.602,0.495,0.735,-0.169,-0.421,0.588,0.304,0.647,0.579,0.439,0.618,0.71,0.714,-0.227,-0.113,0.698,0.694,0.684,0.639,0.506,0.612,0.32,0.585,-0.113,0.61,-0.01,-0.144,0.083,-0.21,0.324,0.654,-0.366,0.282,0.771,-0.303,0.327,0.686,-0.272,0.629,-0.47,0.546,0.695,-0.295,-0.266,0.694,0.777,0.252,0.407,0.438,0.709,0.069,-0.022,0.606,0.715,-0.27,0.033,0.444,-0.293,-0.533,-0.445,0.68,0.62,0.633,0.583,0.107,0.366,-0.022,-0.109,-0.478,0.591,0.765,0.674,0.472,0.71,-0.506,-0.03,0.578,0.667,0.6,0.714,0.604,0.705,0.713,0.67,-0.15,0.753,0.466,0.669,0.421,0.503,0.083,0.655,0.221,0.714,0.73,0.427,0.667,0.461,0.78,0.536,-0.463,-0.42,0.61,-0.283,0.232,-0.564,0.771,0.603,0.753,0.216,0.558,0.773,0.417,0.75,0.118,-0.204,0.358,0.752,0.815,-0.209,0.525,0.034,0.685,0.529,0.731,-0.31,0.547,0.259,0.624,0.663,0.527,-0.316,0.282,0.076,0.484,-0.494,0.476,-0.349,0.24,0.448,-0.163,-0.701,0.219,-0.292,0.288,0.085,0.003,0.381,0.698,0.557,0.304,0.716,0.669,-0.643,0.291,0.684,-0.347,0.815,0.717,0.589,0.67,0.312,0.464,0.695
BLNK,-0.165,0.303,0.418,0.417,0.3,0.212,0.244,0.628,0.263,0.421,0.333,0.34,0.299,0.561,0.383,0.586,0.242,0.625,0.554,0.445,0.565,0.274,0.051,0.253,0.409,0.701,0.266,0.361,0.566,1.0,0.754,0.311,0.549,0.088,0.533,-0.063,0.512,0.05,0.472,0.114,0.002,0.479,0.693,0.646,-0.021,0.519,0.18,0.44,0.376,0.067,0.097,0.537,0.207,0.555,0.377,-0.01,0.555,0.325,0.217,0.003,0.485,-0.179,0.307,-0.04,0.312,0.007,0.481,0.035,0.178,0.435,0.055,0.265,0.594,0.296,0.462,-0.041,0.47,0.204,0.073,0.069,0.636,0.699,0.401,0.165,0.409,0.503,0.154,0.388,0.091,0.788,0.335,0.244,-0.051,0.291,-0.091,-0.199,0.374,0.246,0.239,0.246,0.132,0.322,0.246,0.444,-0.004,0.061,0.689,0.671,0.663,0.484,0.067,0.506,0.433,0.236,0.269,0.394,0.278,0.639,0.295,0.234,0.14,0.452,0.55,0.533,0.795,0.376,0.441,0.487,0.58,0.415,0.576,0.563,0.651,0.23,0.457,0.267,-0.156,0.109,0.148,0.239,0.11,-0.205,0.401,0.3,0.722,0.564,0.776,0.562,0.024,0.696,0.668,-0.016,0.212,0.289,0.525,0.496,0.427,-0.281,0.44,0.479,0.425,-0.066,0.235,0.685,0.472,0.537,0.481,-0.13,0.632,0.699,0.673,0.036,0.627,0.132,0.454,0.688,0.226,-0.34,0.532,-0.135,0.651,-0.091,0.155,0.627,0.32,0.365,-0.068,0.419,0.516,-0.068,0.461,0.435,-0.234,0.467,0.382,0.057,0.479,0.484,0.62,0.473
BYND,-0.091,0.189,0.471,0.472,0.322,-0.093,0.065,0.712,0.328,0.556,0.465,0.421,0.143,0.577,0.469,0.57,-0.025,0.611,0.609,0.487,0.341,0.357,-0.083,0.395,0.389,0.652,0.101,0.567,0.732,0.754,1.0,0.578,0.618,0.171,0.351,0.017,0.578,0.176,0.658,-0.106,-0.166,0.503,0.528,0.623,0.071,0.577,0.418,0.554,0.541,-0.099,0.009,0.612,0.429,0.494,0.457,0.265,0.542,0.382,0.432,-0.113,0.531,-0.145,0.141,-0.006,0.074,0.028,0.604,-0.149,0.17,0.606,-0.178,0.16,0.588,0.137,0.543,-0.185,0.516,0.515,0.032,0.041,0.654,0.736,0.339,0.201,0.424,0.594,0.059,0.422,0.334,0.688,0.092,0.203,0.244,0.088,-0.14,-0.321,0.501,0.519,0.332,0.384,0.158,0.438,0.26,0.305,-0.158,0.339,0.706,0.767,0.622,0.564,-0.235,0.22,0.55,0.479,0.251,0.492,0.412,0.63,0.532,0.409,-0.071,0.471,0.528,0.597,0.613,0.422,0.496,0.523,0.57,0.526,0.584,0.698,0.649,0.278,0.594,0.391,-0.434,-0.193,0.371,0.027,0.174,-0.261,0.556,0.42,0.717,0.502,0.687,0.591,0.199,0.693,0.424,-0.034,0.35,0.527,0.62,0.11,0.37,-0.202,0.444,0.536,0.611,-0.065,0.368,0.492,0.509,0.592,0.587,-0.276,0.48,0.48,0.593,-0.109,0.579,0.072,0.54,0.623,0.157,-0.496,0.499,-0.33,0.638,0.057,0.063,0.593,0.481,0.454,-0.01,0.526,0.666,-0.348,0.35,0.541,-0.231,0.613,0.446,0.37,0.545,0.419,0.622,0.504
