,AAL,AAPL,ABUS,ADBE,ADI,ADMA,AEP,AGNC,AKBA,ALT,AMAT,AMD,AMGN,AMZN,APA,APPS,ARCC,ARDX,ATER,ATOS,AUPH,AVGO,AZN,BCRX,BGC,BIDU,BILI,BKR,BLDP,BLNK,BYND,CAN,CELH,CG,CGC,CHRD,CLNE,CMCSA,COMM,COST,CPB,CPRT,CRON,CRWD,CSCO,CSGP,CSX,CTSH,CZR,DBX,DDOG,DKNG,DLTR,DOCU,DVAX,DXCM,EA,EBAY,ENPH,ERIC,ESPR,ETSY,EXC,EXEL,EXPE,FANG,FAST,FITB,FLEX,FOLD,FOXA,FSLR,FTNT,FUTU,GEN,GERN,GEVO,GILD,GOOG,GOOGL,GPRO,GT,HBAN,HIVE,HON,HST,HUT,IBRX,INTC,IOVA,IQ,IRWD,JBLU,JD,KDP,KHC,LBTYK,LRCX,LYFT,MAR,MARA,MAT,MCHP,MCRB,MDLZ,META,MGNI,MLCO,MNKD,MNST,MOMO,MRNA,MRVL,MSFT,MSTR,MTCH,MU,MVIS,NDAQ,NFLX,NKTR,NNDM,NTES,NTNX,NVAX,NVDA,NWL,NWSA,NXPI,OCGN,OKTA,ON,OPK,PAA,PACB,PAGP,PANW,PARA,PCAR,PDD,PENN,PEP,PLUG,PTEN,PTON,PYPL,QCOM,QUBT,QVCGA,RDFN,REAL,RIOT,ROKU,ROST,RUN,SABR,SAVA,SBUX,SFIX,SGMO,SIRI,SLM,SMCI,SNDL,SONO,STNE,STX,TCOM,TGTX,TIGR,TLRY,TMUS,TRIP,TSCO,TSLA,TTD,TXN,UAL,UNIT,VERU,VKTX,VLY,VOD,VTRS,VXRT,WBA,WBD,WDAY,WDC,WEN,WW,WYNN,XEL,XP,XRAY,XRX,Z,ZION,ZM,ZS
AAL,1.0,0.306,0.237,-0.25,0.144,-0.077,0.086,0.239,-0.297,0.038,0.211,0.428,-0.357,0.219,0.028,-0.221,0.243,0.111,0.056,0.221,-0.127,0.437,-0.1,0.35,0.075,0.435,0.352,0.627,-0.044,0.173,0.338,0.235,0.331,0.326,-0.299,0.222,0.201,-0.259,-0.063,0.197,-0.262,0.081,0.182,0.108,0.035,0.164,0.174,0.24,0.061,-0.206,0.033,-0.082,0.182,-0.046,0.221,-0.062,0.372,0.459,0.29,0.328,0.242,-0.004,0.176,-0.183,-0.17,0.161,0.156,0.258,0.146,0.221,-0.281,0.163,0.253,0.373,0.056,0.379,0.016,-0.153,0.444,0.453,-0.194,-0.023,0.389,0.21,0.257,0.415,0.236,0.093,0.431,0.226,0.51,-0.065,0.198,0.418,-0.179,-0.23,-0.144,0.37,0.109,0.185,0.227,0.295,0.155,0.006,-0.149,0.109,0.148,0.218,0.352,0.234,0.417,0.042,0.363,0.303,0.19,-0.102,0.187,-0.09,0.165,0.325,0.147,0.116,0.369,0.063,0.361,0.181,-0.164,0.267,0.387,0.072,0.135,0.318,-0.075,0.361,-0.068,0.371,-0.158,-0.4,0.294,0.491,-0.093,-0.273,-0.453,0.048,0.27,-0.214,0.576,0.057,0.206,-0.146,0.012,0.223,-0.165,0.307,0.045,-0.164,0.116,0.348,0.137,0.045,-0.083,0.204,0.083,0.307,0.345,0.012,0.583,0.286,-0.214,0.471,0.069,0.323,0.153,0.277,0.214,0.107,0.625,0.522,0.128,-0.155,0.106,0.083,-0.065,0.156,-0.124,-0.056,-0.228,0.253,0.139,-0.177,0.136,0.249,-0.169,0.035,-0.025,0.406,-0.177,0.335,0.139,0.003
AAPL,0.306,1.0,-0.505,0.489,0.421,-0.165,-0.57,0.409,0.441,0.498,-0.509,0.174,0.316,-0.089,0.117,0.44,0.332,0.283,-0.395,-0.48,0.597,-0.123,0.167,-0.176,0.157,-0.157,-0.356,0.319,0.325,-0.467,-0.248,-0.475,-0.415,-0.305,0.436,-0.491,-0.066,0.366,0.469,-0.383,0.382,0.089,-0.409,-0.242,0.674,0.364,-0.395,-0.024,0.574,0.464,-0.074,-0.291,-0.455,0.445,0.644,0.486,-0.307,-0.184,-0.381,0.597,-0.285,-0.238,-0.333,0.196,0.39,-0.602,-0.418,0.446,-0.549,-0.357,0.217,-0.17,0.025,-0.39,0.427,0.159,0.071,0.48,0.802,0.791,0.495,0.574,0.107,-0.529,0.131,-0.157,-0.424,-0.4,-0.205,-0.478,-0.167,-0.382,-0.512,-0.085,0.327,0.375,0.53,-0.484,-0.514,0.145,-0.494,-0.462,0.714,0.293,0.38,-0.214,-0.213,-0.093,-0.3,0.199,-0.361,0.417,0.362,0.315,-0.554,0.015,0.518,0.396,0.572,-0.402,-0.373,-0.589,-0.361,-0.083,-0.251,-0.39,0.275,-0.397,-0.34,-0.572,0.064,-0.105,-0.087,-0.303,0.5,-0.375,0.165,0.356,-0.454,0.02,0.608,0.067,0.055,-0.451,0.505,0.292,-0.154,-0.125,-0.469,0.557,0.552,-0.528,0.456,-0.226,-0.11,0.583,0.463,0.013,-0.242,-0.597,0.638,-0.245,-0.467,0.053,-0.287,0.573,0.456,-0.44,0.402,-0.32,0.583,-0.207,-0.575,-0.352,-0.283,-0.489,0.127,-0.289,-0.204,-0.343,-0.595,0.451,0.167,-0.53,-0.558,0.448,0.33,-0.422,0.6,0.469,0.252,-0.354,-0.178,0.388,0.45,0.089,0.318,0.46,0.623,0.085
ABUS,0.237,-0.505,1.0,-0.618,-0.392,0.203,0.624,-0.265,-0.645,-0.344,0.776,-0.044,-0.687,0.424,-0.229,-0.59,-0.192,-0.042,0.761,0.788,-0.498,0.519,-0.33,0.654,0.197,0.319,0.612,0.065,-0.397,0.726,0.475,0.768,0.712,0.714,-0.648,0.615,0.281,-0.53,-0.565,0.586,-0.701,-0.01,0.571,0.475,-0.529,-0.336,0.381,-0.002,-0.476,-0.507,0.331,0.498,0.668,-0.618,-0.615,-0.551,0.604,0.384,0.76,-0.378,0.525,0.348,0.249,-0.462,-0.54,0.734,0.391,-0.31,0.734,0.643,-0.442,0.552,0.296,0.613,-0.247,0.347,0.095,-0.628,-0.245,-0.236,-0.583,-0.642,0.113,0.809,-0.078,0.313,0.705,0.574,0.451,0.534,0.41,0.489,0.746,0.344,-0.578,-0.631,-0.605,0.797,0.624,-0.056,0.882,0.77,-0.516,-0.241,-0.752,0.49,0.487,0.467,0.716,-0.035,0.569,-0.537,0.058,0.072,0.918,-0.306,-0.517,-0.327,-0.545,0.416,0.688,0.741,0.603,0.208,0.383,0.559,-0.493,0.807,0.729,0.54,0.263,0.56,0.183,0.543,-0.549,0.653,-0.15,-0.711,0.662,0.33,-0.5,-0.239,-0.384,0.381,-0.304,-0.427,0.63,0.168,0.482,-0.636,-0.484,0.906,-0.431,0.519,0.242,-0.542,-0.201,0.298,0.418,0.675,-0.681,0.272,0.635,0.177,0.703,-0.45,-0.086,0.567,-0.679,0.56,-0.542,0.178,0.774,0.559,0.462,0.643,0.086,0.56,0.055,-0.072,0.842,-0.44,-0.338,0.538,0.328,-0.666,-0.574,0.742,-0.648,-0.436,0.02,0.755,-0.23,-0.458,-0.498,0.07,-0.42,-0.164,-0.417,0.08
ADBE,-0.25,0.489,-0.618,1.0,0.318,0.106,-0.613,0.011,0.724,0.554,-0.497,0.043,0.539,-0.32,0.072,0.574,0.208,0.489,-0.424,-0.565,0.764,-0.269,0.009,-0.478,0.179,-0.434,-0.604,-0.223,0.417,-0.495,-0.428,-0.544,-0.633,-0.443,0.597,-0.651,-0.272,0.478,0.63,-0.525,0.475,0.157,-0.51,-0.041,0.616,0.317,-0.409,-0.239,0.695,0.954,0.091,-0.008,-0.559,0.409,0.55,0.541,-0.517,-0.512,-0.528,0.23,-0.497,-0.139,-0.514,0.275,0.421,-0.697,-0.528,0.146,-0.602,-0.454,0.326,-0.278,0.027,-0.522,0.139,-0.049,0.279,0.607,0.319,0.316,0.64,0.51,-0.286,-0.596,-0.233,-0.445,-0.376,-0.473,-0.366,-0.59,-0.583,-0.268,-0.596,-0.547,0.567,0.366,0.834,-0.557,-0.588,-0.007,-0.477,-0.669,0.349,0.475,0.354,-0.403,-0.277,0.039,-0.574,0.312,-0.631,0.356,0.291,0.14,-0.552,0.054,0.527,0.661,0.42,-0.537,-0.371,-0.611,-0.537,-0.052,-0.459,-0.37,0.364,-0.576,-0.586,-0.621,0.164,-0.348,0.048,-0.728,0.855,-0.661,0.507,0.669,-0.566,-0.319,0.785,0.24,0.443,-0.533,0.238,0.375,-0.519,-0.098,-0.647,0.714,0.573,-0.548,0.921,-0.427,0.021,0.854,0.514,-0.246,-0.167,-0.595,0.65,-0.195,-0.324,-0.205,-0.453,0.696,0.171,-0.6,0.619,-0.593,0.493,-0.39,-0.643,-0.594,-0.47,-0.535,-0.381,-0.496,-0.295,-0.292,-0.578,0.29,0.122,-0.621,-0.489,0.434,0.476,-0.421,0.635,0.814,0.4,-0.42,-0.13,0.369,0.229,-0.148,0.603,0.074,0.658,0.309
ADI,0.144,0.421,-0.392,0.318,1.0,-0.074,-0.215,0.435,0.285,0.428,-0.208,0.004,0.262,-0.216,0.389,0.402,0.217,0.19,-0.422,-0.302,0.265,-0.006,0.328,0.044,0.219,0.079,-0.298,0.076,0.21,-0.402,0.252,-0.362,-0.39,-0.137,0.421,-0.094,0.039,0.335,0.35,-0.306,0.468,0.025,-0.274,-0.245,0.428,0.607,-0.251,0.329,0.564,0.179,-0.078,-0.38,-0.341,0.342,0.607,0.428,-0.224,0.204,-0.351,0.586,-0.377,-0.313,0.2,0.382,0.329,-0.242,-0.19,0.478,-0.53,-0.174,0.224,-0.31,-0.307,-0.272,0.319,-0.042,0.133,0.406,0.38,0.386,0.462,0.703,0.199,-0.338,0.259,0.331,-0.388,-0.297,-0.202,0.028,-0.094,-0.307,-0.542,-0.181,0.383,0.511,0.361,-0.276,-0.33,0.567,-0.487,-0.203,0.711,0.381,0.468,-0.371,-0.063,-0.317,-0.187,-0.175,-0.156,0.545,0.309,0.26,-0.431,0.06,0.686,0.128,0.591,-0.265,-0.355,-0.301,-0.311,0.032,0.086,-0.188,0.404,-0.24,-0.236,-0.148,-0.023,-0.319,-0.02,-0.108,0.273,-0.113,-0.102,0.212,-0.262,-0.155,0.219,0.135,-0.145,-0.031,0.28,0.173,-0.168,-0.005,-0.012,0.387,0.293,-0.429,0.19,-0.134,-0.207,0.22,0.181,0.064,-0.428,-0.246,0.379,-0.015,-0.367,-0.053,-0.287,0.407,0.257,-0.181,0.337,-0.254,0.343,0.082,-0.371,-0.402,-0.099,-0.237,0.454,0.141,0.358,0.182,-0.315,0.406,0.272,-0.134,-0.191,0.378,0.21,-0.094,0.321,0.183,-0.017,-0.379,0.109,0.306,0.319,0.23,0.117,0.255,0.435,-0.091
ADMA,-0.077,-0.165,0.203,0.106,-0.074,1.0,0.189,0.055,0.142,0.231,0.186,0.204,-0.139,-0.035,0.03,-0.149,0.078,0.296,0.213,0.228,0.015,0.076,-0.251,0.299,0.306,0.07,0.122,-0.014,0.267,0.317,0.099,0.263,0.16,0.079,-0.088,0.11,0.252,-0.121,0.206,0.074,-0.167,0.003,0.159,0.337,0.024,-0.005,0.037,-0.083,0.144,0.123,0.289,0.308,-0.019,-0.074,-0.038,-0.261,0.203,0.074,0.24,-0.032,0.11,0.101,0.088,-0.08,-0.239,0.23,0.113,0.186,0.242,0.238,-0.027,0.395,0.263,0.16,0.036,0.377,0.498,-0.097,-0.013,-0.001,-0.055,-0.066,0.15,0.288,0.126,0.118,0.295,0.113,0.112,-0.017,0.079,0.242,0.245,0.022,-0.07,-0.233,0.087,0.192,0.22,-0.068,0.286,-0.087,-0.155,0.272,-0.182,-0.009,0.258,0.242,0.444,0.2,0.031,-0.126,0.074,0.27,0.238,0.279,-0.079,0.307,0.124,0.182,0.222,0.139,0.118,0.269,0.147,0.162,-0.161,0.056,0.127,-0.027,0.45,0.107,0.287,-0.052,0.163,-0.035,0.21,0.067,0.068,0.089,0.044,-0.204,0.192,0.263,0.077,0.033,0.197,0.237,-0.025,0.075,0.124,0.236,0.186,0.071,0.295,0.084,0.152,0.228,0.528,0.138,-0.024,0.337,0.321,0.273,0.06,-0.015,0.147,0.021,0.027,0.16,0.059,-0.012,0.212,0.11,0.351,0.147,-0.061,0.038,-0.109,-0.133,0.099,-0.036,-0.076,0.064,0.158,0.01,-0.078,0.237,-0.009,0.232,0.112,0.049,0.131,-0.028,-0.019,0.263,0.226,0.089,0.083,0.35
AEP,0.086,-0.57,0.624,-0.613,-0.215,0.189,1.0,0.032,-0.647,-0.504,0.772,-0.005,-0.501,0.187,0.132,-0.506,-0.062,-0.415,0.442,0.551,-0.591,0.254,-0.058,0.449,0.049,0.445,0.468,0.071,-0.316,0.598,0.605,0.642,0.554,0.431,-0.547,0.707,0.531,-0.406,-0.351,0.413,-0.386,-0.231,0.495,0.12,-0.403,-0.166,0.341,0.17,-0.5,-0.6,0.017,0.248,0.488,-0.391,-0.505,-0.65,0.648,0.615,0.481,-0.172,0.294,0.103,0.676,-0.142,-0.49,0.791,0.496,-0.091,0.566,0.528,-0.268,0.297,-0.12,0.633,-0.034,0.073,0.003,-0.439,-0.375,-0.356,-0.483,-0.445,0.424,0.694,0.245,0.557,0.499,0.395,0.355,0.699,0.478,0.328,0.642,0.405,-0.386,-0.388,-0.434,0.585,0.792,0.07,0.482,0.571,-0.354,-0.181,-0.425,0.298,0.541,0.131,0.654,-0.206,0.534,-0.272,-0.297,-0.185,0.588,0.02,-0.353,-0.641,-0.299,0.577,0.328,0.7,0.386,0.108,0.563,0.434,-0.296,0.478,0.459,0.773,0.13,0.101,-0.048,0.593,-0.531,0.646,-0.416,-0.556,0.656,0.257,-0.598,-0.417,-0.49,0.782,-0.258,-0.401,0.479,0.353,0.749,-0.631,-0.445,0.564,-0.561,0.393,0.006,-0.55,-0.51,0.034,0.215,0.842,-0.546,0.371,0.616,0.294,0.374,-0.664,-0.175,0.61,-0.562,0.568,-0.454,0.331,0.906,0.411,0.547,0.807,0.27,0.626,0.491,0.379,0.697,-0.224,0.135,0.909,0.389,-0.471,-0.434,0.627,-0.691,-0.509,-0.477,0.268,0.258,-0.358,-0.173,0.112,-0.406,-0.062,-0.472,-0.223
AGNC,0.239,0.409,-0.265,0.011,0.435,0.055,0.032,1.0,0.166,0.152,-0.274,0.185,0.324,-0.41,0.539,0.43,0.536,-0.013,-0.407,-0.371,0.043,-0.375,0.52,0.148,0.111,0.1,-0.245,0.33,0.53,-0.202,0.247,-0.071,-0.359,-0.364,0.399,-0.07,0.574,0.471,0.463,-0.408,0.392,-0.436,-0.234,-0.507,0.513,0.429,-0.482,0.166,0.331,-0.088,-0.364,-0.57,-0.397,0.621,0.524,0.099,0.066,0.099,-0.238,0.739,-0.436,-0.405,0.331,0.564,0.262,-0.103,-0.221,0.785,-0.291,-0.191,0.516,0.058,-0.371,-0.185,0.669,0.219,0.324,0.496,0.444,0.433,0.465,0.567,0.673,-0.127,0.701,0.238,-0.042,-0.427,0.048,-0.193,0.146,-0.537,-0.295,0.198,0.345,0.367,0.344,-0.301,-0.054,0.073,-0.288,-0.285,0.642,0.532,0.394,-0.466,0.123,-0.411,0.083,-0.348,-0.248,0.457,0.03,-0.026,-0.325,0.652,0.428,0.064,0.593,0.141,-0.537,-0.241,-0.435,-0.122,0.167,-0.536,0.432,-0.193,-0.322,-0.131,0.099,-0.419,-0.048,0.263,0.252,0.145,-0.285,0.251,-0.313,0.237,0.11,-0.263,-0.193,0.219,0.671,0.359,0.064,0.334,-0.049,0.397,0.458,-0.276,-0.095,-0.256,-0.168,0.118,0.066,-0.165,-0.167,-0.171,0.475,0.233,-0.459,0.374,-0.386,0.194,0.427,-0.322,0.44,0.049,0.439,0.164,-0.136,-0.232,0.159,-0.112,0.527,0.113,0.398,0.173,-0.332,0.723,0.678,0.009,-0.458,0.412,0.374,-0.234,0.324,0.062,-0.292,-0.474,0.546,0.442,0.706,0.58,0.197,0.719,0.461,-0.183
AKBA,-0.297,0.441,-0.645,0.724,0.285,0.142,-0.647,0.166,1.0,0.566,-0.676,-0.072,0.47,-0.386,0.123,0.584,0.085,0.449,-0.541,-0.552,0.745,-0.444,0.095,-0.416,0.042,-0.489,-0.642,-0.145,0.426,-0.545,-0.491,-0.553,-0.701,-0.569,0.593,-0.581,-0.287,0.46,0.522,-0.576,0.496,0.108,-0.483,-0.201,0.559,0.253,-0.383,-0.283,0.555,0.662,-0.036,-0.172,-0.515,0.347,0.601,0.588,-0.668,-0.514,-0.614,0.2,-0.49,-0.19,-0.504,0.291,0.447,-0.664,-0.548,0.194,-0.581,-0.431,0.313,-0.328,-0.169,-0.662,0.111,-0.126,0.133,0.453,0.261,0.262,0.588,0.582,-0.307,-0.592,-0.154,-0.445,-0.362,-0.422,-0.363,-0.623,-0.575,-0.26,-0.579,-0.546,0.594,0.463,0.654,-0.679,-0.594,-0.028,-0.492,-0.764,0.353,0.42,0.508,-0.492,-0.409,-0.158,-0.499,0.198,-0.649,0.378,0.153,0.1,-0.584,0.175,0.444,0.665,0.452,-0.508,-0.449,-0.683,-0.553,-0.083,-0.489,-0.547,0.375,-0.622,-0.707,-0.607,-0.012,-0.455,0.075,-0.634,0.619,-0.649,0.376,0.644,-0.738,-0.314,0.742,0.307,0.504,-0.412,0.255,0.436,-0.594,-0.189,-0.631,0.677,0.579,-0.552,0.654,-0.508,0.015,0.753,0.388,-0.126,-0.123,-0.679,0.645,-0.192,-0.521,-0.111,-0.544,0.608,0.047,-0.638,0.556,-0.663,0.466,-0.198,-0.665,-0.56,-0.421,-0.655,-0.276,-0.61,-0.315,-0.275,-0.704,0.224,0.164,-0.614,-0.362,0.539,0.571,-0.544,0.65,0.663,0.279,-0.501,0.022,0.414,0.257,0.07,0.507,0.04,0.446,0.147
ALT,0.038,0.498,-0.344,0.554,0.428,0.231,-0.504,0.152,0.566,1.0,-0.406,-0.08,0.369,-0.074,-0.077,0.423,0.006,0.532,-0.315,-0.324,0.589,0.019,0.082,-0.044,0.257,-0.294,-0.314,-0.102,0.308,-0.395,-0.324,-0.467,-0.364,-0.156,0.548,-0.53,-0.281,0.347,0.409,-0.236,0.478,0.361,-0.06,0.049,0.459,0.315,-0.211,-0.027,0.589,0.551,0.308,-0.056,-0.437,0.2,0.539,0.573,-0.458,-0.23,-0.286,0.31,-0.199,-0.09,-0.417,0.136,0.4,-0.575,-0.275,0.218,-0.453,-0.211,0.225,-0.137,0.18,-0.414,0.05,0.02,0.24,0.379,0.28,0.291,0.521,0.701,-0.246,-0.461,-0.158,-0.232,-0.421,-0.307,-0.403,-0.521,-0.29,-0.023,-0.339,-0.414,0.271,0.4,0.428,-0.348,-0.442,0.45,-0.332,-0.365,0.44,0.179,0.352,-0.219,-0.205,0.026,-0.174,0.398,-0.299,0.331,0.368,0.381,-0.375,-0.116,0.541,0.57,0.459,-0.503,-0.055,-0.464,-0.279,0.232,-0.301,-0.226,0.23,-0.283,-0.281,-0.652,0.133,-0.112,-0.001,-0.591,0.486,-0.565,0.341,0.412,-0.362,-0.345,0.517,0.455,0.389,-0.41,0.15,0.378,-0.371,-0.348,-0.601,0.611,0.395,-0.385,0.603,-0.262,0.002,0.516,0.52,0.173,-0.081,-0.563,0.552,-0.344,-0.358,-0.063,-0.181,0.698,0.2,-0.457,0.487,-0.413,0.622,-0.206,-0.459,-0.259,-0.324,-0.554,-0.149,-0.33,-0.344,-0.232,-0.454,0.137,0.008,-0.547,-0.322,0.546,0.19,-0.234,0.535,0.507,0.374,-0.146,-0.169,0.12,0.197,-0.027,0.414,0.008,0.425,0.31
AMAT,0.211,-0.509,0.776,-0.497,-0.208,0.186,0.772,-0.274,-0.676,-0.406,1.0,0.106,-0.7,0.46,-0.11,-0.655,-0.285,-0.1,0.697,0.703,-0.523,0.609,-0.31,0.578,0.269,0.463,0.606,0.045,-0.45,0.714,0.553,0.736,0.709,0.688,-0.705,0.701,0.308,-0.644,-0.48,0.614,-0.6,0.104,0.636,0.452,-0.523,-0.308,0.536,0.13,-0.445,-0.436,0.306,0.582,0.69,-0.673,-0.559,-0.543,0.711,0.633,0.609,-0.371,0.55,0.359,0.365,-0.438,-0.582,0.748,0.563,-0.326,0.672,0.712,-0.548,0.311,0.174,0.762,-0.334,0.17,-0.053,-0.603,-0.311,-0.291,-0.624,-0.593,0.153,0.791,-0.091,0.489,0.604,0.598,0.405,0.712,0.433,0.521,0.631,0.358,-0.581,-0.573,-0.479,0.879,0.737,0.21,0.695,0.698,-0.469,-0.266,-0.614,0.515,0.665,0.49,0.647,-0.059,0.623,-0.425,-0.033,0.125,0.778,-0.316,-0.381,-0.46,-0.513,0.538,0.604,0.867,0.601,0.308,0.524,0.705,-0.508,0.645,0.685,0.738,0.308,0.453,-0.002,0.486,-0.443,0.577,-0.203,-0.72,0.831,0.255,-0.544,-0.319,-0.469,0.595,-0.447,-0.558,0.6,0.236,0.7,-0.697,-0.555,0.755,-0.38,0.602,0.122,-0.531,-0.353,0.229,0.315,0.878,-0.638,0.291,0.838,0.317,0.6,-0.513,-0.063,0.681,-0.691,0.626,-0.532,0.208,0.8,0.543,0.524,0.886,0.214,0.655,0.223,0.119,0.881,-0.504,-0.298,0.771,0.446,-0.604,-0.594,0.832,-0.647,-0.417,-0.172,0.594,-0.191,-0.443,-0.521,-0.005,-0.433,-0.272,-0.458,0.03
AMD,0.428,0.174,-0.044,0.043,0.004,0.204,-0.005,0.185,-0.072,-0.08,0.106,1.0,-0.039,0.209,-0.151,-0.104,0.177,0.147,-0.048,-0.089,-0.084,0.364,-0.093,-0.076,0.026,0.316,0.018,0.319,0.121,0.045,0.153,0.085,0.079,-0.099,-0.201,-0.064,0.052,-0.104,0.037,0.036,-0.179,0.053,-0.089,0.137,0.072,0.091,0.159,0.218,0.009,-0.027,0.251,-0.011,-0.019,0.12,0.182,-0.187,0.401,0.12,-0.032,0.211,0.02,-0.038,0.107,0.021,-0.071,-0.037,0.351,0.223,0.117,-0.041,-0.068,-0.0,0.17,0.061,0.063,0.229,-0.032,-0.014,0.347,0.353,-0.103,-0.088,0.285,0.064,0.209,0.299,0.138,0.047,0.177,0.02,0.063,-0.111,0.047,0.174,-0.212,-0.186,0.033,0.247,0.064,-0.042,0.102,0.038,0.121,0.186,0.145,0.127,-0.003,0.035,0.012,-0.034,0.013,0.131,0.313,0.431,0.005,0.321,0.289,0.07,0.133,0.463,-0.174,-0.03,0.05,0.364,0.398,0.215,-0.085,-0.02,0.159,-0.131,0.204,0.12,-0.164,0.168,0.123,0.09,-0.055,-0.027,0.117,0.281,-0.081,-0.35,-0.139,-0.019,0.125,-0.028,0.359,0.111,0.076,0.058,-0.052,0.035,-0.068,0.199,-0.114,-0.036,-0.023,0.009,0.137,-0.075,0.098,0.15,0.145,0.277,-0.088,0.103,0.584,0.143,0.103,0.195,-0.005,0.179,0.015,0.224,0.105,0.022,0.367,0.208,0.067,0.004,-0.089,0.167,0.093,0.051,0.011,-0.058,-0.094,0.193,0.305,-0.018,-0.04,-0.068,0.113,0.343,-0.004,0.218,0.09,0.216,0.256,0.155
AMGN,-0.357,0.316,-0.687,0.539,0.262,-0.139,-0.501,0.324,0.47,0.369,-0.7,-0.039,1.0,-0.462,0.082,0.782,0.256,-0.051,-0.678,-0.681,0.391,-0.467,0.546,-0.567,-0.251,-0.315,-0.542,-0.253,0.341,-0.691,-0.431,-0.682,-0.712,-0.577,0.805,-0.665,-0.272,0.833,0.456,-0.526,0.713,-0.177,-0.488,-0.495,0.5,0.302,-0.525,0.107,0.353,0.437,-0.21,-0.496,-0.662,0.646,0.416,0.405,-0.635,-0.59,-0.555,0.29,-0.619,-0.415,-0.229,0.71,0.627,-0.678,-0.368,0.267,-0.667,-0.731,0.827,-0.427,-0.176,-0.6,0.276,-0.348,-0.01,0.826,0.104,0.075,0.743,0.607,-0.096,-0.722,0.067,-0.406,-0.607,-0.639,-0.549,-0.575,-0.426,-0.502,-0.626,-0.252,0.44,0.654,0.535,-0.726,-0.555,-0.051,-0.681,-0.519,0.467,0.37,0.596,-0.481,-0.49,-0.489,-0.69,-0.131,-0.552,0.53,0.037,-0.199,-0.698,0.346,0.568,0.249,0.4,-0.403,-0.56,-0.613,-0.662,-0.179,-0.349,-0.579,0.544,-0.581,-0.603,-0.596,-0.279,-0.568,-0.222,-0.471,0.5,-0.43,0.017,0.723,-0.608,-0.41,0.348,0.337,0.327,-0.427,0.242,0.761,-0.664,-0.17,-0.557,0.583,0.384,-0.742,0.353,-0.61,-0.356,0.453,0.212,-0.434,-0.462,-0.617,0.616,-0.35,-0.636,-0.264,-0.553,0.435,-0.045,-0.603,0.736,-0.511,0.462,-0.225,-0.638,-0.525,-0.496,-0.605,-0.246,-0.531,0.019,0.223,-0.66,0.608,0.394,-0.533,-0.442,0.472,0.496,-0.667,0.579,0.321,-0.103,-0.538,0.268,0.486,0.587,-0.088,0.402,0.143,0.425,-0.161
AMZN,0.219,-0.089,0.424,-0.32,-0.216,-0.035,0.187,-0.41,-0.386,-0.074,0.46,0.209,-0.462,1.0,-0.614,-0.629,-0.556,0.053,0.591,0.507,-0.256,0.684,-0.486,0.208,0.019,0.138,0.446,0.002,-0.481,0.26,-0.006,0.147,0.542,0.517,-0.519,0.234,-0.229,-0.633,-0.629,0.735,-0.513,0.587,0.582,0.417,-0.542,-0.354,0.699,0.122,-0.39,-0.264,0.632,0.556,0.627,-0.623,-0.421,-0.278,0.32,0.363,0.355,-0.406,0.604,0.629,-0.148,-0.628,-0.414,0.227,0.649,-0.487,0.583,0.473,-0.621,0.068,0.411,0.269,-0.484,-0.019,-0.419,-0.618,-0.116,-0.094,-0.605,-0.486,-0.205,0.237,-0.322,0.18,0.035,0.637,0.034,0.36,0.099,0.597,0.395,0.116,-0.605,-0.417,-0.56,0.485,0.233,0.315,0.362,0.66,-0.309,-0.533,-0.259,0.941,0.174,0.305,0.286,0.214,0.46,-0.44,0.072,0.473,0.386,-0.56,-0.286,-0.252,-0.494,0.115,0.511,0.392,0.532,0.5,0.213,0.673,-0.621,0.38,0.596,0.189,-0.018,0.63,-0.063,0.155,-0.504,0.091,-0.094,-0.502,0.552,-0.113,-0.349,0.119,0.02,-0.085,-0.502,-0.446,0.317,-0.395,0.285,-0.386,-0.56,0.367,-0.231,0.659,0.049,-0.402,-0.198,0.41,0.184,0.356,-0.493,-0.335,0.547,-0.04,0.474,-0.177,-0.119,0.54,-0.549,0.158,-0.262,0.133,0.301,0.754,0.154,0.333,0.013,0.194,-0.25,-0.095,0.45,-0.564,-0.601,0.236,0.519,-0.402,-0.514,0.484,-0.336,-0.349,0.035,0.54,-0.407,-0.294,-0.546,-0.352,-0.391,-0.401,-0.392,0.06
APA,0.028,0.117,-0.229,0.072,0.389,0.03,0.132,0.539,0.123,-0.077,-0.11,-0.151,0.082,-0.614,1.0,0.407,0.568,0.034,-0.271,-0.238,-0.01,-0.406,0.467,0.091,0.132,0.207,-0.209,0.203,0.439,-0.015,0.366,0.054,-0.317,-0.299,0.269,0.329,0.562,0.333,0.594,-0.5,0.25,-0.463,-0.375,-0.298,0.389,0.508,-0.45,0.006,0.324,0.018,-0.616,-0.406,-0.339,0.426,0.415,0.166,-0.01,0.204,-0.168,0.476,-0.462,-0.289,0.374,0.407,0.233,0.068,-0.42,0.617,-0.336,-0.059,0.353,0.134,-0.427,0.024,0.52,0.067,0.409,0.339,0.179,0.158,0.403,0.345,0.502,-0.008,0.552,0.273,0.095,-0.294,0.163,-0.028,0.235,-0.583,-0.299,0.12,0.592,0.185,0.415,-0.263,0.072,-0.114,-0.276,-0.345,0.326,0.488,0.105,-0.591,0.291,-0.276,0.027,-0.221,-0.205,0.511,-0.105,-0.356,-0.258,0.468,0.126,-0.015,0.38,0.043,-0.386,-0.16,-0.346,-0.299,0.16,-0.403,0.504,-0.193,-0.376,0.196,0.204,-0.478,0.113,0.19,0.252,0.214,0.031,0.15,-0.29,0.256,0.153,-0.235,-0.234,0.429,0.548,0.215,0.026,0.551,0.114,0.249,0.421,-0.209,0.018,-0.396,0.243,0.102,0.071,-0.272,-0.058,0.002,0.291,0.532,-0.279,0.298,-0.291,-0.007,0.152,-0.175,0.208,0.028,0.291,-0.067,-0.071,-0.469,0.165,0.076,0.262,0.089,0.497,0.163,-0.181,0.472,0.562,0.145,-0.391,0.364,0.494,-0.143,0.034,0.147,-0.012,-0.434,0.408,0.282,0.513,0.457,0.162,0.562,0.363,-0.044
APPS,-0.221,0.44,-0.59,0.574,0.402,-0.149,-0.506,0.43,0.584,0.423,-0.655,-0.104,0.782,-0.629,0.407,1.0,0.42,0.143,-0.67,-0.705,0.492,-0.495,0.724,-0.418,-0.097,-0.308,-0.705,-0.12,0.433,-0.612,-0.275,-0.521,-0.821,-0.626,0.83,-0.548,-0.1,0.919,0.603,-0.73,0.725,-0.271,-0.642,-0.476,0.688,0.547,-0.661,-0.029,0.548,0.491,-0.312,-0.554,-0.729,0.633,0.621,0.621,-0.602,-0.494,-0.634,0.439,-0.75,-0.496,-0.182,0.73,0.744,-0.629,-0.605,0.408,-0.787,-0.697,0.802,-0.349,-0.342,-0.609,0.424,-0.2,0.167,0.804,0.264,0.239,0.946,0.735,0.012,-0.606,0.153,-0.31,-0.427,-0.686,-0.354,-0.548,-0.429,-0.637,-0.675,-0.341,0.621,0.695,0.703,-0.717,-0.533,-0.059,-0.59,-0.548,0.569,0.523,0.527,-0.686,-0.343,-0.411,-0.618,-0.149,-0.667,0.703,0.175,-0.22,-0.631,0.367,0.577,0.375,0.491,-0.429,-0.62,-0.687,-0.743,-0.208,-0.318,-0.692,0.715,-0.537,-0.722,-0.512,-0.107,-0.668,-0.183,-0.394,0.61,-0.308,0.125,0.643,-0.703,-0.287,0.51,0.3,0.166,-0.338,0.428,0.855,-0.579,0.047,-0.508,0.706,0.563,-0.636,0.432,-0.767,-0.22,0.561,0.273,-0.449,-0.509,-0.644,0.757,-0.127,-0.727,-0.152,-0.609,0.534,0.072,-0.688,0.721,-0.581,0.508,-0.231,-0.624,-0.71,-0.527,-0.597,-0.14,-0.398,0.161,0.062,-0.631,0.57,0.519,-0.508,-0.628,0.557,0.613,-0.621,0.644,0.458,0.04,-0.556,0.233,0.524,0.644,0.131,0.498,0.285,0.611,-0.075
ARCC,0.243,0.332,-0.192,0.208,0.217,0.078,-0.062,0.536,0.085,0.006,-0.285,0.177,0.256,-0.556,0.568,0.42,1.0,0.045,-0.372,-0.251,0.203,-0.314,0.292,0.002,0.167,0.072,-0.22,0.252,0.566,-0.048,0.211,-0.002,-0.293,-0.192,0.306,-0.078,0.447,0.441,0.571,-0.471,0.194,-0.498,-0.402,-0.201,0.629,0.474,-0.559,-0.073,0.417,0.194,-0.403,-0.437,-0.494,0.627,0.446,0.025,0.09,-0.084,-0.016,0.604,-0.424,-0.411,0.272,0.394,0.185,-0.127,-0.374,0.719,-0.29,-0.265,0.465,0.234,-0.027,-0.119,0.563,0.356,0.451,0.478,0.538,0.531,0.422,0.28,0.624,-0.08,0.645,0.144,0.055,-0.431,0.107,-0.211,0.102,-0.552,-0.269,0.1,0.444,0.155,0.453,-0.311,-0.128,-0.297,-0.16,-0.322,0.342,0.525,0.13,-0.577,0.075,-0.172,-0.057,-0.089,-0.241,0.36,0.237,-0.014,-0.212,0.487,0.27,0.231,0.605,-0.049,-0.359,-0.265,-0.407,-0.38,0.064,-0.407,0.363,-0.102,-0.261,-0.137,0.28,-0.331,0.114,0.148,0.433,0.116,0.1,0.335,-0.33,0.246,0.346,-0.343,-0.12,0.027,0.794,0.326,0.217,0.518,-0.13,0.412,0.657,-0.187,0.178,-0.337,0.108,0.32,0.379,-0.111,-0.02,-0.269,0.368,0.43,-0.358,0.111,-0.146,0.185,0.502,-0.259,0.36,0.083,0.333,-0.08,-0.165,-0.393,0.002,-0.172,0.268,0.094,0.285,-0.063,-0.246,0.762,0.496,-0.086,-0.541,0.299,0.349,-0.224,0.223,0.332,0.088,-0.298,0.365,0.37,0.542,0.413,0.328,0.805,0.647,0.097
ARDX,0.111,0.283,-0.042,0.489,0.19,0.296,-0.415,-0.013,0.449,0.532,-0.1,0.147,-0.051,0.053,0.034,0.143,0.045,1.0,0.095,0.003,0.448,0.197,-0.321,0.137,0.507,-0.124,-0.124,0.031,0.421,0.017,-0.085,-0.015,-0.205,0.021,0.118,-0.119,-0.012,-0.013,0.362,-0.195,-0.122,0.431,-0.099,0.386,0.232,0.113,-0.029,-0.309,0.551,0.53,0.376,0.213,-0.173,-0.009,0.407,0.321,-0.118,-0.13,0.024,0.056,-0.087,0.351,-0.484,-0.147,-0.016,-0.26,-0.275,0.121,-0.111,0.185,-0.069,0.275,0.332,-0.183,-0.05,0.384,0.426,0.022,0.28,0.29,0.238,0.208,-0.205,-0.057,-0.248,-0.114,0.137,0.136,0.091,-0.377,-0.185,0.008,-0.126,-0.378,0.323,-0.101,0.309,-0.007,-0.232,0.017,0.129,-0.229,0.095,0.288,-0.103,-0.105,0.097,0.443,0.014,0.3,-0.221,-0.014,0.411,0.386,0.023,-0.06,0.192,0.693,0.087,-0.276,0.115,-0.237,-0.101,0.187,-0.135,0.057,-0.038,-0.0,-0.029,-0.358,0.493,0.172,0.326,-0.397,0.489,-0.367,0.606,0.221,-0.233,-0.003,0.529,0.1,0.353,-0.367,0.154,0.009,0.007,0.027,-0.435,0.477,0.358,0.063,0.59,-0.06,0.539,0.427,0.58,0.128,0.362,-0.332,0.222,0.102,-0.027,0.11,0.016,0.506,0.38,-0.202,0.248,-0.182,0.389,-0.272,-0.293,-0.133,-0.191,-0.307,-0.166,-0.184,-0.366,-0.567,-0.164,0.003,-0.133,-0.399,-0.245,0.249,0.34,0.078,0.287,0.569,0.676,0.167,-0.303,0.211,-0.163,0.09,0.301,0.083,0.456,0.61
ATER,0.056,-0.395,0.761,-0.424,-0.422,0.213,0.442,-0.407,-0.541,-0.315,0.697,-0.048,-0.678,0.591,-0.271,-0.67,-0.372,0.095,1.0,0.71,-0.37,0.441,-0.534,0.581,0.259,0.122,0.545,-0.04,-0.284,0.703,0.317,0.685,0.643,0.581,-0.572,0.503,0.206,-0.665,-0.425,0.518,-0.715,0.155,0.544,0.612,-0.532,-0.437,0.385,-0.085,-0.407,-0.284,0.461,0.691,0.61,-0.646,-0.67,-0.447,0.54,0.328,0.669,-0.468,0.568,0.649,-0.019,-0.603,-0.501,0.63,0.359,-0.394,0.741,0.648,-0.512,0.605,0.406,0.525,-0.37,0.327,0.097,-0.662,-0.272,-0.264,-0.593,-0.638,-0.034,0.728,-0.269,0.104,0.635,0.642,0.451,0.352,0.273,0.582,0.64,0.221,-0.513,-0.687,-0.519,0.729,0.588,-0.105,0.778,0.612,-0.548,-0.354,-0.736,0.658,0.566,0.503,0.65,0.084,0.406,-0.629,-0.076,0.093,0.799,-0.369,-0.663,-0.205,-0.637,0.296,0.717,0.694,0.585,0.291,0.156,0.564,-0.452,0.566,0.643,0.451,0.374,0.616,0.283,0.312,-0.385,0.323,0.13,-0.572,0.505,0.199,-0.334,-0.162,-0.088,0.267,-0.383,-0.522,0.535,0.139,0.344,-0.497,-0.437,0.814,-0.22,0.467,0.433,-0.406,-0.135,0.213,0.533,0.644,-0.611,0.141,0.691,0.208,0.599,-0.279,-0.142,0.453,-0.628,0.421,-0.393,-0.111,0.619,0.55,0.392,0.583,-0.146,0.274,-0.198,-0.214,0.659,-0.523,-0.461,0.381,0.367,-0.562,-0.406,0.674,-0.622,-0.249,0.203,0.641,-0.349,-0.397,-0.524,-0.178,-0.296,-0.239,-0.396,0.265
ATOS,0.221,-0.48,0.788,-0.565,-0.302,0.228,0.551,-0.371,-0.552,-0.324,0.703,-0.089,-0.681,0.507,-0.238,-0.705,-0.251,0.003,0.71,1.0,-0.45,0.578,-0.494,0.62,0.172,0.315,0.649,0.016,-0.361,0.744,0.329,0.701,0.745,0.827,-0.663,0.64,0.208,-0.684,-0.575,0.652,-0.698,0.195,0.605,0.554,-0.592,-0.373,0.524,0.028,-0.466,-0.439,0.386,0.565,0.702,-0.71,-0.576,-0.482,0.526,0.448,0.828,-0.522,0.579,0.474,0.159,-0.514,-0.605,0.797,0.431,-0.351,0.723,0.718,-0.553,0.523,0.422,0.587,-0.403,0.287,0.025,-0.716,-0.343,-0.326,-0.638,-0.633,0.029,0.757,-0.201,0.305,0.562,0.696,0.37,0.553,0.444,0.621,0.713,0.302,-0.51,-0.599,-0.65,0.667,0.635,0.047,0.719,0.708,-0.564,-0.395,-0.724,0.577,0.457,0.526,0.745,0.101,0.622,-0.571,0.017,0.12,0.801,-0.432,-0.53,-0.368,-0.553,0.317,0.758,0.732,0.655,0.238,0.348,0.701,-0.583,0.687,0.706,0.576,0.245,0.572,0.197,0.323,-0.573,0.382,-0.044,-0.66,0.639,0.25,-0.423,-0.188,-0.247,0.391,-0.393,-0.555,0.555,0.155,0.555,-0.598,-0.476,0.786,-0.351,0.588,0.362,-0.506,-0.085,0.328,0.547,0.689,-0.766,0.199,0.746,0.139,0.824,-0.546,-0.211,0.667,-0.759,0.561,-0.459,0.034,0.711,0.591,0.418,0.593,0.002,0.463,-0.008,-0.141,0.72,-0.503,-0.45,0.535,0.478,-0.571,-0.48,0.678,-0.713,-0.369,0.039,0.719,-0.329,-0.483,-0.586,-0.11,-0.352,-0.257,-0.561,0.112
AUPH,-0.127,0.597,-0.498,0.764,0.265,0.015,-0.591,0.043,0.745,0.589,-0.523,-0.084,0.391,-0.256,-0.01,0.492,0.203,0.448,-0.37,-0.45,1.0,-0.235,-0.032,-0.277,0.247,-0.427,-0.564,-0.066,0.344,-0.43,-0.335,-0.456,-0.584,-0.345,0.533,-0.618,-0.274,0.4,0.553,-0.556,0.41,0.143,-0.434,-0.051,0.745,0.242,-0.439,-0.265,0.606,0.754,0.092,-0.084,-0.573,0.314,0.501,0.511,-0.571,-0.515,-0.451,0.242,-0.461,-0.19,-0.538,0.194,0.357,-0.616,-0.545,0.132,-0.529,-0.452,0.252,-0.227,0.047,-0.569,0.11,0.107,0.219,0.441,0.449,0.443,0.567,0.525,-0.292,-0.494,-0.233,-0.434,-0.32,-0.453,-0.357,-0.56,-0.556,-0.074,-0.544,-0.554,0.4,0.447,0.637,-0.527,-0.579,0.023,-0.337,-0.612,0.426,0.309,0.294,-0.384,-0.39,0.03,-0.422,0.294,-0.541,0.311,0.406,0.201,-0.389,-0.062,0.456,0.597,0.52,-0.647,-0.259,-0.573,-0.46,-0.142,-0.434,-0.385,0.242,-0.465,-0.479,-0.65,0.094,-0.284,0.017,-0.637,0.665,-0.595,0.442,0.576,-0.637,-0.301,0.941,0.252,0.393,-0.564,0.258,0.287,-0.43,-0.169,-0.595,0.583,0.628,-0.398,0.766,-0.347,-0.03,0.947,0.491,-0.05,-0.185,-0.616,0.568,-0.308,-0.393,-0.194,-0.359,0.674,0.203,-0.552,0.492,-0.549,0.425,-0.363,-0.578,-0.564,-0.497,-0.609,-0.327,-0.456,-0.378,-0.428,-0.59,0.254,0.086,-0.615,-0.456,0.393,0.346,-0.393,0.547,0.859,0.402,-0.321,-0.225,0.161,0.223,-0.158,0.465,0.059,0.502,0.259
AVGO,0.437,-0.123,0.519,-0.269,-0.006,0.076,0.254,-0.375,-0.444,0.019,0.609,0.364,-0.467,0.684,-0.406,-0.495,-0.314,0.197,0.441,0.578,-0.235,1.0,-0.365,0.297,0.168,0.418,0.454,0.063,-0.448,0.373,0.262,0.291,0.553,0.651,-0.57,0.391,-0.191,-0.536,-0.445,0.635,-0.502,0.513,0.457,0.544,-0.375,-0.145,0.638,0.286,-0.23,-0.223,0.579,0.456,0.479,-0.607,-0.28,-0.227,0.402,0.399,0.468,-0.315,0.497,0.376,0.009,-0.483,-0.329,0.299,0.585,-0.292,0.426,0.464,-0.551,0.125,0.469,0.389,-0.42,0.084,-0.227,-0.539,-0.017,-0.006,-0.483,-0.379,-0.109,0.368,-0.271,0.401,0.183,0.526,0.131,0.452,0.248,0.503,0.402,0.108,-0.602,-0.396,-0.454,0.665,0.316,0.384,0.458,0.636,-0.181,-0.359,-0.357,0.621,0.157,0.428,0.329,0.238,0.537,-0.183,0.432,0.555,0.513,-0.526,0.013,-0.209,-0.327,0.242,0.565,0.436,0.532,0.554,0.495,0.805,-0.524,0.556,0.737,0.201,0.155,0.622,-0.082,0.138,-0.364,0.246,-0.045,-0.541,0.657,0.008,-0.322,0.049,-0.244,0.072,-0.462,-0.397,0.446,-0.238,0.372,-0.416,-0.542,0.454,-0.176,0.661,0.108,-0.366,-0.039,0.426,0.223,0.326,-0.461,-0.051,0.616,-0.016,0.589,-0.185,0.125,0.605,-0.476,0.321,-0.355,0.128,0.389,0.561,0.167,0.308,0.179,0.447,-0.027,-0.079,0.505,-0.452,-0.504,0.311,0.408,-0.428,-0.599,0.69,-0.249,-0.274,0.131,0.635,-0.462,-0.268,-0.577,-0.155,-0.315,-0.337,-0.272,0.184
AZN,-0.1,0.167,-0.33,0.009,0.328,-0.251,-0.058,0.52,0.095,0.082,-0.31,-0.093,0.546,-0.486,0.467,0.724,0.292,-0.321,-0.534,-0.494,-0.032,-0.365,1.0,-0.176,-0.287,0.08,-0.42,0.006,0.099,-0.392,0.058,-0.273,-0.473,-0.438,0.556,-0.175,0.052,0.713,0.232,-0.437,0.595,-0.35,-0.364,-0.582,0.36,0.498,-0.351,0.353,0.101,-0.106,-0.481,-0.597,-0.411,0.481,0.373,0.398,-0.262,-0.069,-0.471,0.4,-0.543,-0.606,0.272,0.751,0.614,-0.231,-0.222,0.351,-0.541,-0.459,0.696,-0.39,-0.512,-0.255,0.449,-0.364,-0.05,0.566,0.044,0.015,0.631,0.507,0.245,-0.318,0.389,0.103,-0.346,-0.51,-0.288,-0.109,-0.056,-0.614,-0.489,0.069,0.268,0.598,0.315,-0.425,-0.139,0.124,-0.488,-0.185,0.469,0.292,0.451,-0.485,-0.143,-0.594,-0.343,-0.419,-0.25,0.725,-0.065,-0.347,-0.428,0.373,0.369,-0.22,0.324,-0.007,-0.525,-0.295,-0.506,-0.09,0.126,-0.461,0.628,-0.318,-0.462,-0.088,-0.273,-0.612,-0.396,0.078,0.1,0.151,-0.342,0.229,-0.309,-0.16,-0.053,0.176,-0.256,0.123,0.276,0.719,-0.344,0.116,0.01,0.292,0.167,-0.45,-0.171,-0.478,-0.478,-0.001,-0.198,-0.355,-0.627,-0.197,0.413,-0.035,-0.511,-0.029,-0.449,0.127,-0.071,-0.265,0.382,-0.235,0.237,0.093,-0.251,-0.379,-0.177,-0.157,0.176,-0.039,0.514,0.515,-0.269,0.432,0.553,-0.015,-0.368,0.366,0.268,-0.351,0.311,-0.102,-0.428,-0.481,0.417,0.248,0.686,0.248,0.161,0.237,0.249,-0.363
BCRX,0.35,-0.176,0.654,-0.478,0.044,0.299,0.449,0.148,-0.416,-0.044,0.578,-0.076,-0.567,0.208,0.091,-0.418,0.002,0.137,0.581,0.62,-0.277,0.297,-0.176,1.0,0.471,0.394,0.471,0.236,-0.047,0.591,0.631,0.671,0.487,0.512,-0.347,0.534,0.474,-0.373,-0.166,0.246,-0.416,-0.058,0.445,0.254,-0.175,-0.067,0.163,0.087,-0.158,-0.412,0.142,0.217,0.367,-0.301,-0.237,-0.291,0.497,0.574,0.589,0.047,0.297,0.173,0.309,-0.187,-0.394,0.654,0.165,0.143,0.433,0.626,-0.222,0.576,0.154,0.514,0.073,0.531,0.346,-0.357,0.029,0.037,-0.327,-0.182,0.367,0.695,0.183,0.429,0.575,0.392,0.498,0.383,0.476,0.264,0.39,0.347,-0.3,-0.325,-0.339,0.627,0.492,0.165,0.574,0.465,-0.119,0.048,-0.517,0.173,0.591,0.294,0.794,-0.173,0.499,-0.278,0.106,0.111,0.65,-0.089,-0.246,-0.205,-0.101,0.32,0.489,0.567,0.371,0.067,0.425,0.323,-0.28,0.49,0.495,0.448,0.375,0.303,0.239,0.477,-0.277,0.52,-0.148,-0.516,0.346,0.337,-0.259,-0.322,-0.395,0.46,0.046,-0.301,0.558,0.413,0.437,-0.357,-0.104,0.664,-0.309,0.346,0.224,-0.341,-0.056,0.314,0.313,0.553,-0.427,0.404,0.382,0.366,0.484,-0.244,0.174,0.384,-0.452,0.579,-0.137,0.173,0.52,0.301,0.488,0.512,0.356,0.511,0.176,-0.007,0.528,-0.092,-0.105,0.443,0.1,-0.267,-0.314,0.599,-0.427,-0.216,-0.061,0.38,-0.069,-0.36,-0.096,0.354,-0.265,0.155,-0.144,0.071
BGC,0.075,0.157,0.197,0.179,0.219,0.306,0.049,0.111,0.042,0.257,0.269,0.026,-0.251,0.019,0.132,-0.097,0.167,0.507,0.259,0.172,0.247,0.168,-0.287,0.471,1.0,-0.053,0.028,0.046,0.236,0.332,0.242,0.321,0.146,0.253,0.017,0.088,0.303,-0.149,0.269,-0.044,-0.055,0.072,0.16,0.341,0.24,-0.07,-0.217,-0.239,0.355,0.208,0.264,0.255,-0.03,-0.05,0.107,-0.067,0.176,0.121,0.2,0.2,-0.018,0.159,-0.107,-0.189,-0.264,0.138,-0.176,0.25,0.073,0.283,-0.176,0.298,0.164,0.145,0.069,0.486,0.45,-0.073,0.245,0.269,0.039,0.149,0.14,0.313,-0.035,0.054,0.33,0.085,0.082,-0.073,-0.018,0.125,0.074,-0.154,0.107,0.0,0.17,0.22,0.129,0.19,0.265,-0.017,0.15,0.213,-0.243,-0.043,0.485,0.35,0.324,0.032,-0.027,-0.182,0.228,0.309,0.246,-0.096,0.06,0.317,0.165,-0.093,0.235,0.182,0.008,0.133,-0.013,0.1,-0.165,0.167,0.097,0.025,0.65,0.16,0.304,-0.078,0.283,-0.018,0.377,-0.078,0.028,0.126,0.293,-0.238,-0.06,0.048,0.156,-0.227,0.219,0.394,-0.052,0.103,0.336,0.272,0.302,0.109,0.266,0.239,0.361,0.083,0.29,0.134,0.042,0.226,0.153,0.384,0.131,0.184,0.412,-0.076,-0.009,0.163,0.251,-0.259,0.109,-0.095,0.17,0.179,0.06,0.078,-0.187,-0.321,0.159,0.086,0.015,-0.023,-0.249,-0.026,0.001,0.298,-0.095,0.408,0.308,0.174,-0.191,-0.029,-0.061,0.124,0.094,0.201,0.237,0.467
BIDU,0.435,-0.157,0.319,-0.434,0.079,0.07,0.445,0.1,-0.489,-0.294,0.463,0.316,-0.315,0.138,0.207,-0.308,0.072,-0.124,0.122,0.315,-0.427,0.418,0.08,0.394,-0.053,1.0,0.543,0.44,-0.229,0.275,0.641,0.281,0.384,0.264,-0.443,0.597,0.218,-0.255,-0.204,0.215,-0.364,-0.041,0.17,0.045,-0.253,0.226,0.369,0.436,-0.219,-0.49,-0.193,-0.111,0.318,-0.14,-0.029,-0.365,0.422,0.642,0.293,0.096,0.18,0.028,0.534,0.039,-0.301,0.44,0.348,0.121,0.241,0.376,-0.135,0.129,0.023,0.595,0.125,0.102,-0.075,-0.202,0.031,0.02,-0.351,-0.296,0.386,0.294,0.275,0.738,0.176,0.285,0.324,0.598,0.673,-0.015,0.174,0.668,-0.279,-0.264,-0.28,0.434,0.373,0.11,0.125,0.352,-0.014,0.068,-0.26,0.097,0.16,0.073,0.326,-0.188,0.645,0.135,0.035,0.009,0.231,0.065,0.033,-0.526,-0.061,0.467,0.153,0.298,0.459,0.048,0.807,0.487,-0.272,0.27,0.443,0.445,0.054,0.148,-0.081,0.53,-0.415,0.603,-0.344,-0.481,0.444,0.44,-0.434,-0.404,-0.539,0.41,-0.017,-0.179,0.483,0.203,0.631,-0.454,-0.292,0.201,-0.481,0.337,-0.026,-0.467,-0.354,0.142,0.058,0.38,-0.354,0.376,0.381,0.214,0.261,-0.462,0.208,0.728,-0.405,0.572,-0.315,0.355,0.337,0.314,0.344,0.431,0.485,0.599,0.537,0.353,0.348,-0.007,-0.002,0.547,0.228,-0.247,-0.308,0.407,-0.255,-0.392,-0.238,0.15,0.084,-0.113,-0.011,0.282,-0.376,0.128,-0.111,-0.144
BILI,0.352,-0.356,0.612,-0.604,-0.298,0.122,0.468,-0.245,-0.642,-0.314,0.606,0.018,-0.542,0.446,-0.209,-0.705,-0.22,-0.124,0.545,0.649,-0.564,0.454,-0.42,0.471,0.028,0.543,1.0,0.286,-0.29,0.542,0.308,0.465,0.805,0.658,-0.629,0.581,0.248,-0.676,-0.491,0.632,-0.644,0.11,0.694,0.297,-0.598,-0.401,0.454,0.154,-0.455,-0.512,0.092,0.382,0.63,-0.496,-0.482,-0.536,0.577,0.533,0.719,-0.301,0.778,0.425,0.244,-0.508,-0.593,0.579,0.503,-0.261,0.633,0.667,-0.51,0.409,0.383,0.828,-0.351,0.218,-0.113,-0.568,-0.154,-0.136,-0.7,-0.588,0.096,0.521,-0.06,0.347,0.36,0.63,0.37,0.476,0.777,0.476,0.611,0.706,-0.492,-0.663,-0.643,0.62,0.5,0.02,0.49,0.612,-0.456,-0.435,-0.548,0.517,0.443,0.485,0.615,0.176,0.853,-0.573,-0.176,0.117,0.54,-0.275,-0.496,-0.342,-0.404,0.346,0.684,0.663,0.837,0.024,0.291,0.573,-0.602,0.605,0.773,0.505,0.07,0.624,0.102,0.486,-0.561,0.467,-0.2,-0.589,0.715,0.475,-0.557,-0.293,-0.218,0.318,-0.283,-0.524,0.614,0.009,0.418,-0.603,-0.476,0.526,-0.448,0.518,0.279,-0.597,-0.191,0.42,0.483,0.606,-0.641,0.136,0.619,0.334,0.678,-0.523,0.037,0.7,-0.667,0.75,-0.288,0.138,0.525,0.648,0.512,0.595,0.191,0.402,-0.013,0.055,0.665,-0.353,-0.455,0.514,0.475,-0.372,-0.442,0.451,-0.602,-0.543,0.033,0.682,-0.199,-0.352,-0.416,-0.011,-0.519,-0.09,-0.449,-0.046
BKR,0.627,0.319,0.065,-0.223,0.076,-0.014,0.071,0.33,-0.145,-0.102,0.045,0.319,-0.253,0.002,0.203,-0.12,0.252,0.031,-0.04,0.016,-0.066,0.063,0.006,0.236,0.046,0.44,0.286,1.0,-0.053,0.039,0.319,0.132,0.152,0.071,-0.261,0.171,0.287,-0.177,0.016,-0.09,-0.171,-0.038,-0.066,-0.133,0.104,0.154,0.02,0.109,0.014,-0.209,-0.252,-0.23,0.118,0.074,0.278,-0.09,0.234,0.367,0.109,0.334,0.157,-0.147,0.225,0.079,-0.126,0.162,-0.052,0.245,-0.028,0.153,-0.12,0.074,0.021,0.297,0.189,0.438,0.038,-0.006,0.459,0.453,-0.103,0.016,0.314,0.061,0.4,0.337,0.145,0.006,0.282,0.118,0.475,-0.188,0.113,0.498,-0.019,-0.152,-0.088,0.123,0.02,0.005,0.013,0.051,0.121,0.067,-0.085,-0.058,0.091,0.198,0.216,0.027,0.333,0.014,0.058,0.087,0.002,0.18,0.081,-0.084,0.214,0.182,-0.039,-0.043,0.257,-0.265,0.249,0.006,-0.085,0.11,0.17,0.062,-0.008,0.082,-0.176,0.382,-0.091,0.29,-0.162,-0.267,0.092,0.632,-0.023,-0.312,-0.478,0.148,0.306,-0.116,0.401,0.179,0.128,-0.149,0.116,0.042,-0.176,0.149,-0.044,-0.048,-0.047,0.227,0.122,0.023,0.035,0.181,-0.023,0.396,0.126,-0.045,0.523,0.226,-0.215,0.321,-0.005,0.24,0.075,0.082,0.126,0.075,0.45,0.276,0.157,-0.147,-0.026,0.151,0.134,0.126,-0.152,0.059,-0.02,-0.064,0.096,-0.129,0.054,0.042,-0.037,0.114,0.099,0.361,-0.275,0.347,0.145,-0.057
BLDP,-0.044,0.325,-0.397,0.417,0.21,0.267,-0.316,0.53,0.426,0.308,-0.45,0.121,0.341,-0.481,0.439,0.433,0.566,0.421,-0.284,-0.361,0.344,-0.448,0.099,-0.047,0.236,-0.229,-0.29,-0.053,1.0,-0.126,-0.068,-0.148,-0.437,-0.407,0.489,-0.247,0.451,0.411,0.745,-0.511,0.291,-0.308,-0.307,-0.15,0.545,0.317,-0.582,-0.27,0.586,0.398,-0.18,-0.319,-0.597,0.622,0.468,0.2,-0.04,-0.273,-0.151,0.494,-0.412,-0.07,-0.034,0.247,0.206,-0.316,-0.34,0.616,-0.26,-0.266,0.44,0.352,-0.011,-0.341,0.46,0.35,0.628,0.445,0.374,0.37,0.515,0.43,0.296,-0.189,0.308,-0.167,-0.009,-0.361,0.061,-0.523,-0.106,-0.369,-0.345,-0.196,0.567,0.186,0.518,-0.42,-0.268,-0.297,-0.194,-0.556,0.369,0.515,0.3,-0.512,0.102,-0.136,-0.04,0.064,-0.493,0.242,0.104,0.067,-0.332,0.611,0.181,0.604,0.517,-0.182,-0.353,-0.349,-0.461,-0.173,-0.194,-0.533,0.363,-0.307,-0.393,-0.372,0.357,-0.318,0.329,-0.182,0.612,-0.299,0.312,0.638,-0.546,0.088,0.483,-0.148,0.483,-0.156,0.643,0.288,-0.028,0.311,-0.433,0.685,0.624,-0.265,0.398,-0.445,0.391,0.448,0.497,-0.142,0.153,-0.419,0.537,0.213,-0.421,0.25,-0.376,0.389,0.435,-0.532,0.653,-0.119,0.652,-0.282,-0.405,-0.351,-0.041,-0.367,0.013,-0.223,-0.056,-0.22,-0.445,0.587,0.367,-0.362,-0.376,0.595,0.577,-0.318,0.302,0.527,0.272,-0.362,0.445,0.407,0.495,0.279,0.528,0.595,0.626,0.269
BLNK,0.173,-0.467,0.726,-0.495,-0.402,0.317,0.598,-0.202,-0.545,-0.395,0.714,0.045,-0.691,0.26,-0.015,-0.612,-0.048,0.017,0.703,0.744,-0.43,0.373,-0.392,0.591,0.332,0.275,0.542,0.039,-0.126,1.0,0.386,0.911,0.771,0.593,-0.589,0.603,0.472,-0.592,-0.317,0.407,-0.572,-0.058,0.505,0.495,-0.348,-0.362,0.272,-0.075,-0.374,-0.363,0.287,0.521,0.484,-0.501,-0.551,-0.564,0.699,0.358,0.705,-0.328,0.432,0.38,0.207,-0.466,-0.582,0.76,0.308,-0.103,0.691,0.636,-0.448,0.611,0.265,0.658,-0.228,0.339,0.249,-0.635,-0.267,-0.251,-0.575,-0.594,0.264,0.93,-0.068,0.282,0.814,0.525,0.523,0.399,0.478,0.508,0.701,0.33,-0.369,-0.566,-0.443,0.685,0.865,-0.134,0.786,0.539,-0.455,-0.267,-0.725,0.383,0.643,0.491,0.78,0.042,0.434,-0.543,-0.121,-0.007,0.831,-0.156,-0.597,-0.275,-0.416,0.543,0.705,0.738,0.503,0.238,0.295,0.483,-0.411,0.61,0.558,0.561,0.553,0.503,0.238,0.349,-0.343,0.412,0.02,-0.56,0.584,0.371,-0.332,-0.44,-0.27,0.522,-0.209,-0.526,0.608,0.462,0.525,-0.501,-0.29,0.847,-0.293,0.416,0.455,-0.392,-0.137,0.138,0.601,0.659,-0.57,0.467,0.711,0.441,0.599,-0.473,-0.036,0.471,-0.597,0.728,-0.336,-0.02,0.748,0.444,0.522,0.624,0.033,0.44,0.007,-0.109,0.685,-0.373,-0.158,0.545,0.237,-0.527,-0.336,0.694,-0.65,-0.234,0.023,0.567,-0.108,-0.352,-0.358,0.072,-0.022,-0.022,-0.432,0.206
