,AAL,AAPL,ABUS,ADBE,ADI,ADMA,AEP,AGNC,AKBA,ALT,AMAT,AMD,AMGN,AMZN,APA,APPS,ARCC,ARDX,ATER,ATOS,AUPH,AVGO,AZN,BCRX,BGC,BIDU,BILI,BKR,BLDP,BLNK,BYND,CAN,CELH,CG,CGC,CHRD,CLNE,CMCSA,COMM,COST,CPB,CPRT,CRON,CRWD,CSCO,CSGP,CSX,CTSH,CZR,DBX,DDOG,DKNG,DLTR,DOCU,DVAX,DXCM,EA,EBAY,ENPH,ERIC,ESPR,ETSY,EXC,EXEL,EXPE,FANG,FAST,FITB,FLEX,FOLD,FOXA,FSLR,FTNT,FUTU,GEN,GERN,GEVO,GILD,GOOG,GOOGL,GPRO,GT,HBAN,HIVE,HON,HST,HUT,IBRX,INTC,IOVA,IQ,IRWD,JBLU,JD,KDP,KHC,LBTYK,LRCX,LYFT,MAR,MARA,MAT,MCHP,MCRB,MDLZ,META,MGNI,MLCO,MNKD,MNST,MOMO,MRNA,MRVL,MSFT,MSTR,MTCH,MU,MVIS,NDAQ,NFLX,NKTR,NNDM,NTES,NTNX,NVAX,NVDA,NWL,NWSA,NXPI,OCGN,OKTA,ON,OPK,PAA,PACB,PAGP,PANW,PARA,PCAR,PDD,PENN,PEP,PLUG,PTEN,PTON,PYPL,QCOM,QUBT,QVCGA,RDFN,REAL,RIOT,ROKU,ROST,RUN,SABR,SAVA,SBUX,SFIX,SGMO,SIRI,SLM,SMCI,SNDL,SONO,STNE,STX,TCOM,TGTX,TIGR,TLRY,TMUS,TRIP,TSCO,TSLA,TTD,TXN,UAL,UNIT,VERU,VKTX,VLY,VOD,VTRS,VXRT,WBA,WBD,WDAY,WDC,WEN,WW,WYNN,XEL,XP,XRAY,XRX,Z,ZION,ZM,ZS
AAL,1.0,0.534,-0.319,0.347,0.445,0.012,-0.044,0.375,-0.167,-0.327,0.459,0.365,-0.228,0.421,-0.015,0.173,-0.238,0.37,-0.065,-0.466,0.6,0.452,-0.193,0.387,-0.357,-0.251,-0.259,-0.071,0.332,0.124,0.424,-0.023,-0.238,0.414,0.073,-0.143,0.036,0.417,-0.185,0.053,-0.097,0.428,-0.295,0.645,-0.316,0.435,-0.146,0.237,0.414,0.478,0.672,0.544,-0.27,0.344,-0.406,0.362,0.457,-0.152,0.1,0.04,-0.043,0.365,0.012,-0.073,0.336,-0.193,0.377,0.163,-0.106,-0.118,0.047,0.005,0.148,0.006,0.489,0.358,0.261,-0.213,-0.002,-0.003,0.424,0.409,0.228,-0.202,-0.174,-0.062,-0.2,-0.351,0.001,0.104,-0.326,-0.12,0.612,-0.147,-0.127,-0.218,-0.136,0.44,0.455,0.254,-0.16,0.443,0.538,-0.195,-0.38,0.092,0.351,-0.337,-0.031,-0.272,0.301,-0.228,0.514,0.254,-0.442,0.093,0.077,0.217,0.022,0.315,-0.298,0.087,0.071,0.582,0.367,0.471,0.452,-0.141,0.425,-0.473,0.026,0.387,0.241,-0.192,0.136,-0.23,0.576,0.427,0.264,0.15,0.317,-0.542,0.172,0.195,0.411,0.577,0.381,-0.034,0.658,0.152,0.496,0.139,0.466,-0.149,0.061,0.481,0.405,0.409,0.426,-0.373,0.139,-0.066,0.459,-0.296,0.615,0.16,0.332,-0.286,0.313,-0.19,-0.274,-0.328,-0.116,0.354,0.243,0.491,0.243,0.882,-0.212,-0.029,0.446,0.327,-0.292,-0.214,0.174,0.196,0.308,0.535,0.177,0.7,0.116,-0.136,-0.297,0.236,0.041,0.223,0.172,0.356,0.381,0.6
AAPL,0.534,1.0,-0.404,0.674,0.798,-0.533,-0.282,0.126,-0.704,-0.561,0.835,-0.025,-0.558,0.557,0.49,0.605,-0.618,-0.323,0.148,-0.654,0.539,0.698,-0.502,-0.253,-0.287,-0.445,0.271,0.427,0.584,0.29,0.713,-0.019,-0.546,0.514,0.323,0.229,0.275,0.604,-0.204,-0.122,-0.078,0.867,-0.671,0.153,-0.356,0.87,-0.226,0.534,0.585,0.416,0.641,0.829,-0.227,0.672,-0.421,-0.197,0.728,0.094,0.295,-0.024,-0.332,0.819,0.212,0.245,0.264,-0.014,0.798,-0.102,-0.427,-0.197,-0.302,-0.005,-0.211,0.485,0.665,0.467,0.695,-0.48,-0.095,-0.102,0.787,0.82,-0.083,-0.168,0.253,-0.434,-0.138,-0.101,-0.032,-0.413,0.064,-0.47,0.649,0.307,0.322,-0.454,-0.489,0.581,0.784,-0.117,-0.404,0.796,0.915,-0.547,-0.485,-0.146,0.376,-0.264,0.157,-0.471,0.767,-0.579,-0.031,0.233,-0.375,-0.455,-0.078,0.172,0.039,0.403,-0.54,0.444,0.403,0.389,0.595,-0.193,0.355,-0.293,0.839,-0.765,0.162,0.804,0.681,-0.442,0.477,-0.52,0.741,0.69,0.592,0.022,0.539,-0.122,0.345,0.676,-0.033,0.61,0.633,0.127,0.622,0.055,0.792,0.177,0.638,0.189,0.25,0.263,0.534,0.856,0.85,-0.4,0.154,-0.056,-0.107,-0.606,0.789,0.273,0.715,-0.725,-0.278,0.119,-0.487,-0.507,-0.088,0.057,0.578,0.828,0.231,0.296,-0.3,0.543,0.032,0.442,-0.594,-0.62,0.477,0.206,0.639,0.648,0.434,0.786,0.487,-0.506,-0.501,0.273,-0.347,0.538,0.204,0.175,0.82,0.444
ABUS,-0.319,-0.404,1.0,-0.472,-0.027,0.679,0.367,0.527,0.469,0.707,-0.094,0.36,0.769,0.183,0.088,-0.086,0.553,0.402,0.375,0.688,0.001,0.004,0.752,0.296,0.766,0.669,-0.221,0.302,0.08,0.128,-0.703,0.46,0.717,0.208,-0.456,0.441,0.297,0.096,0.854,0.688,0.054,-0.358,0.672,0.108,0.87,-0.131,0.804,0.275,0.044,0.191,0.033,-0.417,0.884,0.047,0.787,0.489,-0.519,0.625,0.456,0.725,0.697,-0.433,-0.235,0.281,0.42,0.6,-0.047,0.636,0.726,0.854,0.535,0.639,0.709,-0.147,0.094,0.112,-0.044,0.56,0.649,0.617,-0.253,-0.223,0.535,0.506,0.595,0.796,0.532,0.809,0.695,0.447,0.344,0.72,-0.232,0.528,0.274,0.458,0.783,0.203,-0.247,0.658,0.583,-0.263,-0.27,0.678,0.643,0.644,0.345,0.564,0.135,0.803,-0.481,0.791,0.445,0.233,0.673,0.59,0.539,0.415,0.67,0.264,0.76,0.327,-0.663,0.088,-0.411,0.291,0.287,0.859,-0.146,0.717,0.585,-0.075,-0.322,0.772,0.164,0.79,-0.471,-0.54,0.261,0.048,-0.004,0.475,0.285,-0.205,0.152,0.043,0.26,0.421,-0.238,0.568,-0.646,0.179,-0.487,0.478,0.433,0.407,-0.721,-0.47,-0.559,0.647,0.428,0.58,0.135,0.649,-0.072,0.372,0.069,0.521,0.189,-0.022,0.662,0.546,0.674,0.064,0.073,-0.352,0.586,-0.093,0.725,-0.406,0.128,0.293,0.722,0.678,-0.607,0.392,-0.241,-0.259,0.293,-0.423,0.087,0.765,0.606,0.481,0.689,0.308,0.447,0.48,-0.114,0.161
ADBE,0.347,0.674,-0.472,1.0,0.443,-0.506,-0.383,-0.095,-0.62,-0.461,0.511,0.014,-0.449,0.403,0.135,0.341,-0.42,-0.219,0.095,-0.553,0.281,0.391,-0.415,-0.225,-0.184,-0.408,0.237,0.081,0.201,0.082,0.57,-0.143,-0.484,0.072,0.516,-0.136,-0.017,0.101,-0.369,-0.164,-0.027,0.72,-0.614,0.121,-0.374,0.531,-0.321,0.131,0.171,0.244,0.336,0.753,-0.282,0.363,-0.511,-0.186,0.631,-0.121,0.038,-0.247,-0.229,0.72,0.456,0.072,0.192,-0.242,0.592,-0.389,-0.473,-0.24,-0.448,-0.223,-0.263,0.253,0.258,0.124,0.208,-0.407,-0.014,-0.002,0.454,0.526,-0.405,-0.157,0.059,-0.423,-0.21,-0.284,-0.103,-0.447,-0.092,-0.534,0.359,-0.009,0.365,-0.286,-0.335,0.313,0.514,-0.169,-0.436,0.438,0.576,-0.44,-0.231,-0.08,0.137,-0.518,-0.231,-0.333,0.598,-0.479,-0.201,0.485,-0.461,-0.414,-0.218,-0.154,-0.031,0.258,-0.391,0.133,0.313,0.328,0.321,-0.138,-0.016,-0.43,0.502,-0.648,0.034,0.384,0.4,-0.526,0.146,-0.526,0.713,0.39,0.375,-0.034,0.286,-0.121,-0.049,0.288,-0.349,0.34,0.306,0.032,0.329,-0.168,0.567,0.013,0.596,0.296,-0.027,-0.045,0.389,0.702,0.676,-0.288,-0.207,-0.265,-0.133,-0.548,0.558,0.017,0.444,-0.561,-0.393,0.026,-0.565,-0.255,-0.206,-0.041,0.306,0.448,-0.111,0.125,-0.472,0.669,0.041,0.021,-0.39,-0.561,0.44,-0.125,0.182,0.776,0.218,0.434,0.249,-0.52,-0.428,-0.063,-0.426,0.167,-0.042,-0.221,0.61,0.284
ADI,0.445,0.798,-0.027,0.443,1.0,-0.208,-0.255,0.488,-0.566,-0.175,0.918,0.236,-0.384,0.705,0.678,0.712,-0.37,-0.165,0.484,-0.348,0.691,0.83,-0.28,-0.188,0.019,-0.114,0.169,0.648,0.748,0.533,0.419,0.29,-0.307,0.788,0.13,0.494,0.602,0.732,0.255,0.221,-0.247,0.75,-0.4,0.223,-0.024,0.932,0.166,0.819,0.773,0.593,0.796,0.692,0.187,0.788,-0.135,0.046,0.396,0.385,0.656,0.373,0.117,0.657,-0.066,0.443,0.491,0.293,0.87,0.28,-0.047,0.233,-0.11,0.441,0.141,0.555,0.813,0.669,0.795,-0.405,0.171,0.193,0.848,0.87,0.298,0.158,0.595,-0.045,0.19,0.278,0.398,-0.184,0.305,-0.234,0.682,0.628,0.432,-0.418,-0.179,0.863,0.805,0.216,-0.071,0.81,0.933,-0.185,-0.346,0.128,0.63,0.049,0.229,-0.246,0.598,-0.251,0.253,0.252,-0.072,-0.196,0.305,0.455,0.4,0.545,-0.234,0.702,0.025,0.495,0.405,-0.051,0.558,0.104,0.959,-0.501,0.561,0.947,0.64,-0.208,0.679,-0.22,0.515,0.545,0.854,-0.079,0.718,-0.045,0.704,0.71,0.129,0.759,0.892,0.473,0.523,0.499,0.589,0.381,0.407,0.404,0.647,0.501,0.207,0.624,0.655,-0.125,0.423,0.364,0.033,-0.223,0.853,0.642,0.861,-0.518,-0.138,0.197,-0.039,-0.452,0.246,-0.009,0.833,0.728,0.674,0.375,0.007,0.448,0.169,0.745,-0.303,-0.387,0.156,0.559,0.592,0.5,0.719,0.689,0.694,-0.245,-0.377,0.58,0.052,0.802,0.575,0.54,0.866,0.645
ADMA,0.012,-0.533,0.679,-0.506,-0.208,1.0,0.413,0.519,0.702,0.651,-0.295,0.604,0.737,0.132,-0.227,-0.327,0.611,0.832,0.097,0.65,0.067,-0.099,0.713,0.666,0.478,0.475,-0.45,-0.098,-0.056,-0.066,-0.645,0.197,0.757,0.093,-0.554,0.04,0.036,-0.007,0.576,0.607,0.106,-0.43,0.616,0.542,0.65,-0.314,0.584,0.018,-0.044,0.215,0.081,-0.466,0.602,-0.132,0.51,0.69,-0.49,0.273,0.168,0.507,0.617,-0.601,-0.296,0.112,0.298,0.276,-0.26,0.592,0.621,0.644,0.559,0.43,0.717,-0.385,-0.036,0.022,-0.296,0.614,0.525,0.48,-0.374,-0.437,0.488,0.278,0.138,0.723,0.303,0.422,0.485,0.719,-0.071,0.7,-0.207,0.068,-0.064,0.483,0.762,0.025,-0.397,0.697,0.566,-0.349,-0.372,0.798,0.51,0.638,0.219,0.298,-0.065,0.692,-0.531,0.691,0.654,0.294,0.403,0.852,0.333,0.367,0.494,0.175,0.648,0.021,-0.652,0.345,-0.454,0.773,0.359,0.691,-0.354,0.603,0.309,-0.256,-0.463,0.729,-0.082,0.672,-0.265,-0.582,-0.031,0.237,-0.11,0.091,0.003,-0.454,0.331,0.005,0.047,0.159,-0.095,0.421,-0.657,0.104,-0.5,0.181,0.15,0.37,-0.589,-0.615,-0.668,0.629,0.244,0.421,0.582,0.667,-0.153,0.25,-0.182,0.642,0.591,-0.182,0.621,0.505,0.416,0.255,-0.189,-0.419,0.442,0.275,0.564,-0.654,0.583,0.121,0.575,0.712,-0.575,0.284,-0.398,-0.163,-0.005,-0.244,-0.226,0.705,0.52,0.333,0.811,0.019,0.241,0.404,-0.341,0.33
AEP,-0.044,-0.282,0.367,-0.383,-0.255,0.413,1.0,0.178,0.459,0.241,-0.427,0.035,0.7,-0.235,-0.367,-0.35,0.537,0.325,-0.294,0.221,-0.187,-0.252,0.606,0.627,0.098,0.168,-0.073,-0.186,0.039,-0.45,-0.143,-0.318,0.555,0.043,-0.367,-0.134,-0.167,0.16,0.307,0.209,0.758,-0.287,0.413,0.198,0.459,-0.251,0.252,-0.064,0.055,-0.129,-0.172,-0.208,0.148,-0.264,0.438,0.551,0.113,0.021,-0.112,0.022,0.112,-0.403,0.333,-0.219,-0.233,0.118,-0.453,0.498,0.29,0.238,0.772,0.142,0.28,-0.212,-0.141,-0.126,0.01,0.828,0.029,-0.023,-0.15,-0.265,0.517,-0.331,-0.147,0.521,-0.344,0.161,0.013,0.42,-0.219,0.777,-0.265,-0.162,-0.209,0.788,0.517,-0.271,-0.444,0.34,-0.161,-0.272,-0.283,0.308,0.662,0.125,-0.076,0.188,0.392,0.552,-0.28,0.565,0.264,-0.043,-0.026,0.452,-0.098,0.256,0.14,-0.152,0.548,-0.18,-0.142,-0.145,0.208,0.283,0.336,0.407,-0.359,0.327,-0.113,-0.273,-0.552,0.633,-0.343,0.319,-0.057,-0.101,-0.333,0.465,-0.101,0.457,0.086,-0.155,0.225,-0.097,-0.23,-0.358,0.29,0.146,-0.171,-0.435,-0.012,-0.078,-0.072,0.23,-0.002,-0.144,-0.168,0.25,0.356,-0.023,0.257,0.209,-0.294,-0.176,-0.28,0.5,0.521,0.016,0.146,0.69,0.058,0.747,-0.304,-0.325,0.145,0.186,0.671,-0.321,0.291,0.078,0.404,0.565,-0.101,-0.127,0.179,-0.154,-0.291,-0.06,-0.505,0.675,0.86,0.082,0.397,-0.205,-0.02,0.357,-0.368,-0.066
AGNC,0.375,0.126,0.527,-0.095,0.488,0.519,0.178,1.0,0.197,0.533,0.373,0.632,0.324,0.665,0.283,0.25,0.352,0.506,0.605,0.25,0.588,0.595,0.478,0.398,0.45,0.365,-0.383,0.374,0.481,0.399,-0.259,0.591,0.354,0.76,-0.417,0.444,0.54,0.59,0.739,0.755,-0.235,0.044,0.162,0.538,0.531,0.422,0.74,0.641,0.639,0.763,0.726,0.067,0.607,0.486,0.24,0.599,-0.173,0.601,0.771,0.77,0.733,0.04,-0.36,0.317,0.704,0.562,0.396,0.839,0.675,0.771,0.47,0.811,0.766,-0.073,0.638,0.663,0.353,0.13,0.697,0.691,0.34,0.334,0.813,0.51,0.455,0.676,0.521,0.558,0.765,0.545,0.054,0.5,0.316,0.491,0.094,-0.031,0.568,0.725,0.344,0.761,0.503,0.304,0.28,0.396,0.066,0.725,0.855,0.337,0.019,0.306,-0.118,0.509,0.816,0.426,0.176,0.555,0.631,0.728,0.714,0.685,0.415,0.591,-0.538,0.549,-0.207,0.519,0.726,0.75,0.371,0.17,0.782,0.405,0.008,0.54,0.37,0.504,0.126,-0.083,0.609,0.152,0.327,-0.114,0.6,0.152,0.476,0.714,0.697,0.551,0.222,0.88,0.006,0.538,-0.154,0.388,0.764,0.833,-0.342,-0.149,-0.023,0.256,0.552,0.726,0.516,0.339,0.53,0.706,0.478,0.156,0.364,-0.112,0.419,-0.011,0.681,0.125,0.582,0.189,0.887,0.541,0.494,-0.302,0.499,0.799,0.438,0.346,-0.45,0.693,0.111,0.196,0.573,0.323,0.431,0.502,0.215,0.826,0.726,0.654,0.841,0.902,0.323,0.762
AKBA,-0.167,-0.704,0.469,-0.62,-0.566,0.702,0.459,0.197,1.0,0.544,-0.631,0.288,0.731,-0.235,-0.388,-0.647,0.728,0.581,-0.18,0.637,-0.252,-0.484,0.656,0.536,0.269,0.492,-0.363,-0.382,-0.453,-0.349,-0.707,0.047,0.662,-0.28,-0.517,-0.195,-0.329,-0.309,0.283,0.354,0.13,-0.731,0.664,0.223,0.456,-0.666,0.366,-0.388,-0.404,-0.046,-0.228,-0.647,0.285,-0.462,0.457,0.444,-0.551,-0.005,-0.183,0.218,0.44,-0.736,-0.219,-0.236,0.024,0.076,-0.613,0.389,0.568,0.31,0.507,0.107,0.451,-0.523,-0.361,-0.245,-0.567,0.611,0.27,0.241,-0.695,-0.721,0.329,0.105,-0.253,0.559,0.102,0.122,0.18,0.606,-0.281,0.705,-0.415,-0.241,-0.377,0.51,0.595,-0.335,-0.698,0.388,0.473,-0.614,-0.667,0.542,0.479,0.382,-0.124,0.174,-0.168,0.566,-0.722,0.649,0.474,0.041,0.243,0.661,0.145,0.091,0.092,-0.125,0.546,-0.312,-0.488,-0.02,-0.478,0.491,-0.01,0.513,-0.622,0.663,-0.088,-0.587,-0.617,0.635,-0.452,0.538,-0.491,-0.63,-0.409,0.181,-0.417,0.017,-0.283,-0.677,0.363,-0.305,-0.368,-0.159,-0.325,0.103,-0.664,-0.111,-0.569,-0.156,-0.157,0.065,-0.541,-0.723,-0.772,0.462,-0.039,0.089,0.356,0.51,-0.547,-0.198,-0.543,0.884,0.551,-0.177,0.439,0.555,0.202,0.255,-0.481,-0.656,0.04,0.067,0.441,-0.719,0.243,-0.207,0.51,0.748,-0.529,0.06,-0.521,-0.401,-0.321,-0.454,-0.356,0.685,0.543,-0.003,0.557,-0.338,-0.07,0.116,-0.675,-0.121
ALT,-0.327,-0.561,0.707,-0.461,-0.175,0.651,0.241,0.533,0.544,1.0,-0.299,0.505,0.623,0.108,-0.073,-0.121,0.726,0.402,0.364,0.713,-0.015,0.012,0.649,0.376,0.566,0.49,-0.336,0.049,-0.041,0.186,-0.658,0.431,0.628,0.094,-0.406,0.199,0.31,-0.07,0.705,0.685,-0.139,-0.506,0.542,0.138,0.686,-0.271,0.717,0.133,-0.03,0.219,0.008,-0.526,0.681,-0.022,0.534,0.458,-0.612,0.408,0.352,0.525,0.7,-0.508,-0.332,0.095,0.301,0.414,-0.204,0.586,0.658,0.763,0.431,0.568,0.691,-0.325,-0.033,0.118,-0.22,0.418,0.605,0.572,-0.308,-0.335,0.478,0.533,0.297,0.79,0.552,0.629,0.678,0.605,0.046,0.58,-0.301,0.261,-0.042,0.261,0.725,0.141,-0.319,0.619,0.599,-0.26,-0.439,0.662,0.452,0.653,0.296,0.371,-0.165,0.577,-0.527,0.681,0.461,0.234,0.452,0.613,0.456,0.481,0.573,0.244,0.693,0.287,-0.614,0.094,-0.635,0.337,0.214,0.766,-0.318,0.696,0.542,-0.253,-0.473,0.679,-0.088,0.629,-0.428,-0.583,0.075,0.044,-0.175,0.126,0.167,-0.369,0.255,-0.02,0.137,0.392,-0.362,0.535,-0.626,0.256,-0.509,0.349,0.335,0.352,-0.625,-0.685,-0.63,0.602,0.3,0.567,0.267,0.692,-0.12,0.317,-0.073,0.495,0.314,-0.048,0.603,0.408,0.588,-0.048,0.017,-0.469,0.466,-0.072,0.646,-0.521,0.231,0.215,0.722,0.596,-0.688,0.3,-0.453,-0.244,0.105,-0.462,-0.047,0.597,0.472,0.424,0.68,0.173,0.398,0.403,-0.197,0.202
AMAT,0.459,0.835,-0.094,0.511,0.918,-0.295,-0.427,0.373,-0.631,-0.299,1.0,0.212,-0.466,0.667,0.7,0.756,-0.472,-0.224,0.446,-0.412,0.644,0.798,-0.33,-0.272,0.002,-0.137,0.141,0.647,0.672,0.543,0.455,0.302,-0.363,0.669,0.212,0.496,0.589,0.598,0.137,0.111,-0.356,0.77,-0.436,0.159,-0.104,0.888,0.077,0.73,0.671,0.574,0.762,0.718,0.126,0.739,-0.175,-0.095,0.385,0.35,0.594,0.37,0.033,0.716,-0.082,0.487,0.516,0.26,0.901,0.099,-0.092,0.156,-0.276,0.335,0.056,0.537,0.751,0.602,0.712,-0.508,0.149,0.169,0.794,0.849,0.111,0.183,0.578,-0.168,0.232,0.186,0.335,-0.336,0.326,-0.354,0.728,0.589,0.511,-0.484,-0.285,0.848,0.862,0.09,-0.041,0.8,0.924,-0.252,-0.44,0.097,0.587,0.025,0.169,-0.297,0.59,-0.322,0.174,0.252,-0.019,-0.271,0.291,0.334,0.348,0.57,-0.371,0.658,0.042,0.468,0.375,-0.102,0.385,-0.008,0.942,-0.522,0.507,0.923,0.713,-0.326,0.727,-0.219,0.49,0.496,0.835,-0.116,0.644,-0.088,0.607,0.7,0.096,0.714,0.837,0.45,0.393,0.386,0.592,0.424,0.387,0.364,0.571,0.434,0.2,0.66,0.645,-0.238,0.335,0.3,-0.081,-0.286,0.838,0.614,0.854,-0.593,-0.271,0.159,-0.109,-0.533,0.203,-0.177,0.785,0.759,0.526,0.291,-0.162,0.485,0.058,0.612,-0.343,-0.452,0.196,0.511,0.491,0.526,0.756,0.653,0.734,-0.314,-0.48,0.482,-0.055,0.739,0.502,0.384,0.864,0.593
AMD,0.365,-0.025,0.36,0.014,0.236,0.604,0.035,0.632,0.288,0.505,0.212,1.0,0.336,0.431,-0.037,0.174,0.416,0.586,0.159,0.4,0.355,0.327,0.385,0.585,0.384,0.326,-0.304,-0.066,0.217,0.17,-0.148,0.209,0.452,0.287,-0.244,-0.033,0.34,0.116,0.452,0.527,-0.135,0.075,0.261,0.622,0.34,0.117,0.371,0.217,0.195,0.465,0.483,0.061,0.461,0.186,0.108,0.649,-0.131,0.161,0.287,0.484,0.583,-0.187,-0.164,0.153,0.525,0.116,0.178,0.443,0.398,0.602,0.206,0.395,0.609,-0.143,0.229,0.15,-0.097,0.213,0.484,0.467,0.053,-0.025,0.39,0.327,0.255,0.549,0.325,0.316,0.602,0.455,-0.074,0.299,0.2,0.16,0.115,0.172,0.53,0.47,0.145,0.739,0.379,0.195,0.105,0.462,0.237,0.641,0.435,-0.047,-0.144,0.416,-0.15,0.368,0.709,0.578,0.136,0.611,0.389,0.478,0.598,0.37,0.394,0.253,-0.574,0.624,-0.323,0.682,0.473,0.521,0.117,0.236,0.463,0.117,-0.114,0.309,-0.008,0.283,0.138,-0.226,0.328,0.139,0.213,-0.179,0.184,-0.252,0.395,0.423,0.437,0.28,0.185,0.487,-0.227,0.246,-0.133,0.422,0.246,0.536,-0.243,-0.147,-0.236,0.44,0.354,0.407,0.389,0.406,0.397,0.367,0.285,0.252,0.336,0.029,0.285,0.212,0.306,0.221,0.134,-0.111,0.533,0.47,0.373,-0.296,0.629,0.253,0.297,0.302,-0.361,0.415,-0.245,0.449,0.352,0.054,0.083,0.34,0.08,0.392,0.603,0.25,0.378,0.442,0.195,0.657
AMGN,-0.228,-0.558,0.769,-0.449,-0.384,0.737,0.7,0.324,0.731,0.623,-0.466,0.336,1.0,-0.066,-0.324,-0.458,0.756,0.588,-0.034,0.584,-0.215,-0.313,0.873,0.651,0.556,0.497,-0.357,-0.131,-0.193,-0.327,-0.625,0.043,0.843,-0.126,-0.479,0.002,-0.108,-0.128,0.592,0.536,0.454,-0.495,0.693,0.275,0.773,-0.45,0.601,-0.156,-0.245,0.023,-0.183,-0.478,0.597,-0.285,0.691,0.641,-0.326,0.285,0.034,0.384,0.476,-0.605,0.078,-0.075,0.162,0.314,-0.4,0.535,0.619,0.617,0.735,0.322,0.652,-0.479,-0.204,-0.17,-0.333,0.884,0.512,0.446,-0.512,-0.529,0.436,0.116,0.112,0.811,0.09,0.447,0.412,0.56,-0.14,0.891,-0.407,0.034,-0.037,0.809,0.874,-0.167,-0.578,0.622,0.324,-0.501,-0.512,0.686,0.852,0.567,0.035,0.27,-0.012,0.883,-0.584,0.835,0.453,0.27,0.329,0.733,0.207,0.233,0.418,0.02,0.793,-0.094,-0.584,0.035,-0.307,0.481,0.19,0.72,-0.492,0.694,0.183,-0.421,-0.648,0.861,-0.321,0.679,-0.35,-0.628,-0.162,0.276,-0.326,0.449,-0.09,-0.481,0.179,-0.205,-0.143,-0.045,-0.141,0.243,-0.682,-0.218,-0.392,0.206,-0.003,0.281,-0.542,-0.521,-0.635,0.59,0.261,0.213,0.284,0.509,-0.339,-0.028,-0.31,0.763,0.438,-0.184,0.436,0.859,0.404,0.418,-0.369,-0.592,0.265,0.027,0.707,-0.575,0.3,-0.054,0.744,0.837,-0.515,0.068,-0.399,-0.201,-0.141,-0.461,-0.361,0.868,0.841,0.19,0.675,-0.125,0.07,0.273,-0.418,0.008
AMZN,0.421,0.557,0.183,0.403,0.705,0.132,-0.235,0.665,-0.235,0.108,0.667,0.431,-0.066,1.0,0.501,0.488,-0.188,0.291,0.593,-0.198,0.749,0.836,0.07,0.015,0.273,-0.094,-0.293,0.538,0.38,0.43,0.056,0.518,-0.085,0.676,-0.205,0.48,0.429,0.672,0.365,0.648,-0.282,0.496,-0.334,0.539,0.276,0.723,0.473,0.687,0.59,0.854,0.825,0.375,0.421,0.807,-0.105,0.269,0.131,0.569,0.722,0.543,0.379,0.495,-0.263,0.428,0.798,0.446,0.798,0.446,0.25,0.457,0.053,0.576,0.465,-0.0,0.837,0.663,0.41,-0.267,0.66,0.654,0.49,0.556,0.323,0.361,0.513,0.185,0.404,0.362,0.503,0.1,0.038,-0.009,0.429,0.504,0.295,-0.331,0.138,0.796,0.617,0.492,0.242,0.645,0.613,0.049,-0.196,0.605,0.793,0.036,-0.109,-0.021,0.31,-0.029,0.492,0.644,-0.089,0.127,0.383,0.487,0.496,0.827,-0.105,0.68,-0.236,0.726,-0.085,0.354,0.584,0.338,0.674,-0.287,0.717,0.659,0.434,0.155,0.506,0.164,0.528,0.097,0.798,0.063,0.301,-0.151,0.355,0.379,0.079,0.744,0.832,0.62,0.26,0.511,0.218,0.528,0.036,0.481,0.629,0.565,-0.063,0.241,0.314,-0.006,0.24,0.475,0.419,-0.201,0.779,0.686,0.642,-0.294,0.041,-0.314,-0.024,-0.297,0.522,-0.122,0.661,0.53,0.683,0.418,-0.014,-0.003,0.389,0.703,0.016,-0.073,-0.152,0.622,0.197,0.521,0.577,0.519,0.638,0.015,-0.218,0.742,0.346,0.785,0.672,0.515,0.651,0.833
APA,-0.015,0.49,0.088,0.135,0.678,-0.227,-0.367,0.283,-0.388,-0.073,0.7,-0.037,-0.324,0.501,1.0,0.656,-0.284,-0.342,0.546,-0.149,0.474,0.581,-0.231,-0.425,0.188,-0.101,0.132,0.816,0.531,0.572,0.1,0.375,-0.24,0.521,0.026,0.788,0.633,0.505,0.303,0.129,-0.37,0.411,-0.244,-0.223,0.117,0.654,0.244,0.627,0.532,0.404,0.429,0.296,0.288,0.57,0.121,-0.261,-0.009,0.54,0.631,0.417,0.103,0.515,-0.263,0.62,0.335,0.57,0.677,0.147,0.045,0.251,-0.207,0.406,0.042,0.415,0.588,0.516,0.627,-0.421,0.174,0.203,0.583,0.64,0.13,0.31,0.679,-0.041,0.38,0.411,0.391,-0.318,0.475,-0.198,0.427,0.635,0.54,-0.47,-0.217,0.622,0.551,-0.031,0.152,0.617,0.6,-0.064,-0.322,0.007,0.467,0.241,0.18,-0.225,0.338,-0.169,0.081,-0.025,0.249,-0.28,0.334,0.323,0.382,0.413,-0.19,0.636,-0.053,0.159,0.08,-0.321,0.218,0.187,0.758,-0.289,0.522,0.784,0.775,-0.144,0.747,-0.091,0.056,0.181,0.762,-0.326,0.491,0.214,0.587,0.712,0.058,0.483,0.65,0.539,0.024,0.395,0.255,0.419,0.06,0.391,0.653,0.28,-0.106,0.29,0.365,-0.04,0.307,0.469,-0.236,-0.1,0.482,0.613,0.626,-0.365,-0.348,0.054,0.151,-0.447,0.342,-0.398,0.691,0.546,0.502,-0.115,0.001,0.373,-0.211,0.555,-0.175,-0.285,-0.104,0.731,0.323,0.056,0.624,0.351,0.843,-0.214,-0.295,0.5,0.04,0.696,0.501,0.335,0.602,0.231
APPS,0.173,0.605,-0.086,0.341,0.712,-0.327,-0.35,0.25,-0.647,-0.121,0.756,0.174,-0.458,0.488,0.656,1.0,-0.387,-0.403,0.462,-0.274,0.413,0.76,-0.33,-0.314,0.098,-0.179,0.185,0.656,0.584,0.499,0.507,0.244,-0.341,0.573,0.136,0.492,0.764,0.558,0.216,0.053,-0.334,0.568,-0.356,-0.136,-0.034,0.756,0.098,0.619,0.696,0.379,0.463,0.485,0.141,0.649,-0.118,-0.189,0.188,0.454,0.603,0.293,0.053,0.647,-0.135,0.452,0.322,0.363,0.744,0.082,-0.095,0.222,-0.232,0.396,-0.045,0.498,0.581,0.487,0.67,-0.504,0.094,0.107,0.786,0.763,0.078,0.217,0.6,-0.094,0.258,0.32,0.24,-0.347,0.456,-0.344,0.599,0.56,0.504,-0.463,-0.286,0.664,0.746,0.008,-0.071,0.86,0.667,-0.19,-0.366,0.031,0.484,0.182,0.219,-0.323,0.578,-0.291,-0.055,0.047,0.087,-0.303,0.217,0.318,0.354,0.451,-0.241,0.671,0.079,0.197,0.232,-0.31,0.289,0.03,0.72,-0.405,0.523,0.756,0.601,-0.282,0.657,-0.221,0.297,0.45,0.713,-0.194,0.623,0.06,0.584,0.673,0.014,0.611,0.661,0.456,0.226,0.373,0.452,0.38,0.211,0.418,0.572,0.359,0.282,0.483,0.556,-0.251,0.421,0.41,-0.234,-0.17,0.704,0.596,0.747,-0.576,-0.344,0.253,-0.05,-0.478,0.273,-0.267,0.723,0.634,0.415,0.016,-0.038,0.445,-0.137,0.553,-0.177,-0.469,0.089,0.477,0.471,0.315,0.647,0.426,0.649,-0.313,-0.353,0.477,-0.08,0.706,0.535,0.317,0.726,0.367
ARCC,-0.238,-0.618,0.553,-0.42,-0.37,0.611,0.537,0.352,0.728,0.726,-0.472,0.416,0.756,-0.188,-0.284,-0.387,1.0,0.42,-0.017,0.62,-0.269,-0.312,0.746,0.558,0.396,0.536,-0.256,-0.245,-0.144,-0.249,-0.533,0.011,0.759,-0.104,-0.292,-0.123,-0.005,-0.254,0.495,0.425,0.205,-0.562,0.611,0.131,0.605,-0.499,0.521,-0.169,-0.187,-0.005,-0.168,-0.451,0.397,-0.395,0.579,0.532,-0.42,0.085,-0.011,0.328,0.533,-0.562,-0.022,-0.143,0.013,0.189,-0.485,0.477,0.576,0.524,0.537,0.279,0.517,-0.383,-0.327,-0.232,-0.386,0.693,0.347,0.336,-0.417,-0.496,0.458,0.132,0.011,0.746,0.107,0.337,0.41,0.504,-0.117,0.757,-0.308,-0.089,-0.119,0.598,0.752,-0.142,-0.541,0.484,0.333,-0.454,-0.53,0.587,0.655,0.437,-0.014,0.165,-0.049,0.701,-0.615,0.783,0.482,0.148,0.285,0.685,0.215,0.219,0.41,-0.001,0.73,-0.11,-0.578,-0.019,-0.382,0.387,0.057,0.664,-0.461,0.645,0.15,-0.454,-0.646,0.633,-0.352,0.541,-0.391,-0.536,-0.223,0.206,-0.223,0.254,-0.009,-0.511,0.359,-0.172,-0.209,-0.049,-0.26,0.33,-0.499,-0.139,-0.362,0.174,0.044,0.202,-0.498,-0.553,-0.592,0.487,0.219,0.339,0.218,0.543,-0.38,-0.029,-0.275,0.811,0.378,0.024,0.444,0.688,0.283,0.28,-0.239,-0.647,0.205,0.031,0.716,-0.466,0.27,-0.038,0.697,0.698,-0.608,0.084,-0.426,-0.208,-0.082,-0.423,-0.282,0.712,0.714,0.116,0.608,-0.222,0.123,0.281,-0.458,-0.003
ARDX,0.37,-0.323,0.402,-0.219,-0.165,0.832,0.325,0.506,0.581,0.402,-0.224,0.586,0.588,0.291,-0.342,-0.403,0.42,1.0,0.012,0.302,0.275,-0.002,0.565,0.763,0.233,0.259,-0.598,-0.257,-0.124,-0.09,-0.437,0.183,0.528,0.104,-0.454,-0.137,-0.156,0.053,0.3,0.581,0.106,-0.268,0.332,0.797,0.412,-0.225,0.405,-0.033,-0.053,0.345,0.234,-0.246,0.358,-0.045,0.208,0.781,-0.226,0.083,0.076,0.328,0.469,-0.412,-0.191,0.023,0.397,0.105,-0.169,0.5,0.464,0.41,0.502,0.276,0.674,-0.509,0.082,0.082,-0.326,0.451,0.529,0.504,-0.33,-0.356,0.394,0.146,-0.123,0.55,0.148,0.109,0.322,0.669,-0.335,0.536,-0.123,-0.143,-0.219,0.349,0.62,0.083,-0.254,0.683,0.416,-0.252,-0.232,0.577,0.327,0.618,0.286,-0.012,-0.181,0.471,-0.408,0.458,0.734,0.454,0.013,0.755,0.252,0.313,0.301,0.27,0.406,-0.066,-0.501,0.507,-0.331,0.937,0.401,0.445,-0.264,0.305,0.185,-0.242,-0.404,0.585,-0.161,0.531,0.058,-0.396,-0.055,0.345,-0.18,-0.215,-0.158,-0.407,0.302,0.112,0.062,0.134,0.116,0.303,-0.437,0.128,-0.24,0.024,0.025,0.394,-0.324,-0.416,-0.435,0.363,0.076,0.179,0.811,0.337,0.016,0.127,-0.207,0.475,0.623,-0.439,0.301,0.33,0.279,0.34,-0.199,-0.249,0.333,0.59,0.276,-0.646,0.731,0.107,0.427,0.542,-0.409,0.167,-0.318,0.093,-0.123,-0.029,-0.229,0.531,0.334,0.272,0.654,-0.041,0.156,0.323,-0.24,0.493
ATER,-0.065,0.148,0.375,0.095,0.484,0.097,-0.294,0.605,-0.18,0.364,0.446,0.159,-0.034,0.593,0.546,0.462,-0.017,0.012,1.0,0.088,0.412,0.615,0.1,-0.238,0.458,0.208,-0.188,0.662,0.317,0.599,-0.212,0.731,-0.005,0.572,-0.183,0.689,0.617,0.417,0.586,0.535,-0.524,0.066,-0.052,0.006,0.383,0.482,0.654,0.589,0.487,0.62,0.452,0.047,0.561,0.613,0.161,-0.017,-0.322,0.743,0.85,0.615,0.556,0.278,-0.45,0.481,0.619,0.694,0.601,0.43,0.46,0.591,0.018,0.738,0.436,0.076,0.579,0.685,0.408,-0.299,0.664,0.68,0.37,0.474,0.366,0.633,0.626,0.343,0.626,0.617,0.662,0.102,0.343,0.073,0.265,0.69,0.329,-0.404,0.229,0.684,0.423,0.275,0.436,0.338,0.281,0.203,-0.164,0.469,0.739,0.393,-0.149,-0.021,0.125,0.221,0.246,0.256,0.26,0.063,0.55,0.391,0.501,0.619,0.153,0.717,-0.312,0.206,-0.278,-0.058,0.283,0.467,0.445,0.046,0.835,0.465,0.26,0.239,0.593,0.315,-0.024,-0.062,0.712,-0.149,0.263,-0.021,0.518,0.345,0.011,0.486,0.65,0.759,-0.214,0.655,0.017,0.587,-0.262,0.459,0.797,0.455,-0.349,-0.113,0.067,0.035,0.274,0.658,0.076,0.149,0.456,0.698,0.493,-0.146,-0.157,-0.103,0.365,-0.293,0.719,-0.491,0.723,0.295,0.64,-0.03,0.078,0.072,-0.036,0.652,0.309,-0.01,-0.375,0.58,0.053,-0.01,0.621,0.104,0.687,0.122,-0.123,0.691,0.33,0.75,0.778,0.506,0.441,0.439
ATOS,-0.466,-0.654,0.688,-0.553,-0.348,0.65,0.221,0.25,0.637,0.713,-0.412,0.4,0.584,-0.198,-0.149,-0.274,0.62,0.302,0.088,1.0,-0.266,-0.346,0.544,0.241,0.594,0.62,-0.019,-0.135,-0.137,0.067,-0.713,0.259,0.681,-0.133,-0.3,0.053,0.102,-0.293,0.531,0.337,-0.032,-0.54,0.751,-0.073,0.559,-0.465,0.418,-0.133,-0.257,-0.142,-0.258,-0.57,0.565,-0.342,0.514,0.298,-0.659,0.211,0.036,0.359,0.594,-0.679,-0.209,0.007,0.047,0.207,-0.407,0.297,0.465,0.569,0.282,0.244,0.4,-0.126,-0.32,-0.204,-0.36,0.449,0.29,0.264,-0.488,-0.515,0.253,0.505,0.218,0.58,0.521,0.494,0.476,0.511,0.201,0.514,-0.395,0.15,0.065,0.383,0.569,-0.145,-0.501,0.431,0.628,-0.481,-0.555,0.641,0.54,0.374,0.006,0.344,-0.037,0.64,-0.616,0.656,0.243,0.058,0.673,0.522,0.302,0.24,0.411,-0.109,0.721,0.017,-0.553,-0.077,-0.565,0.212,0.006,0.6,-0.458,0.796,0.209,-0.389,-0.421,0.495,-0.191,0.517,-0.636,-0.614,-0.115,-0.122,-0.069,0.262,0.006,-0.569,0.125,-0.199,-0.1,0.18,-0.384,0.338,-0.704,0.174,-0.536,0.287,0.076,0.087,-0.736,-0.646,-0.724,0.806,0.14,0.323,-0.031,0.82,-0.361,0.045,-0.214,0.603,0.177,0.232,0.678,0.503,0.291,0.045,-0.194,-0.618,0.22,-0.296,0.574,-0.373,0.1,-0.097,0.52,0.547,-0.479,0.159,-0.48,-0.35,0.026,-0.599,-0.18,0.539,0.43,0.093,0.459,-0.114,0.097,0.15,-0.359,-0.141
AUPH,0.6,0.539,0.001,0.281,0.691,0.067,-0.187,0.588,-0.252,-0.015,0.644,0.355,-0.215,0.749,0.474,0.413,-0.269,0.275,0.412,-0.266,1.0,0.747,-0.109,0.116,-0.008,-0.128,-0.209,0.469,0.438,0.465,0.148,0.385,-0.24,0.727,-0.164,0.482,0.374,0.672,0.206,0.474,-0.333,0.445,-0.354,0.492,0.08,0.664,0.26,0.699,0.607,0.739,0.834,0.371,0.159,0.743,-0.109,0.289,0.18,0.323,0.585,0.346,0.232,0.446,-0.307,0.393,0.528,0.362,0.635,0.447,0.116,0.242,0.042,0.481,0.354,0.175,0.835,0.699,0.512,-0.327,0.326,0.336,0.543,0.592,0.408,0.2,0.313,0.087,0.293,0.157,0.375,0.116,0.017,-0.083,0.526,0.408,0.096,-0.428,-0.074,0.757,0.594,0.404,0.165,0.598,0.63,0.023,-0.367,0.343,0.667,0.036,0.075,-0.261,0.34,-0.133,0.557,0.321,-0.175,0.018,0.33,0.569,0.288,0.649,-0.202,0.61,-0.125,0.563,0.099,0.358,0.542,0.211,0.67,-0.404,0.507,0.683,0.504,-0.006,0.504,-0.025,0.425,0.302,0.644,0.003,0.451,-0.291,0.447,0.467,0.37,0.689,0.742,0.52,0.422,0.522,0.354,0.518,0.202,0.168,0.564,0.566,0.083,0.309,0.4,-0.106,0.232,0.307,0.46,-0.158,0.688,0.634,0.515,-0.365,0.259,-0.212,0.008,-0.437,0.34,0.013,0.631,0.592,0.618,0.578,-0.038,0.076,0.365,0.702,-0.128,-0.12,-0.092,0.527,0.368,0.377,0.427,0.619,0.495,-0.041,-0.292,0.651,0.267,0.668,0.551,0.529,0.595,0.717
AVGO,0.452,0.698,0.004,0.391,0.83,-0.099,-0.252,0.595,-0.484,0.012,0.798,0.327,-0.313,0.836,0.581,0.76,-0.312,-0.002,0.615,-0.346,0.747,1.0,-0.166,-0.066,0.059,-0.179,-0.098,0.669,0.591,0.512,0.373,0.42,-0.311,0.816,-0.088,0.53,0.661,0.784,0.316,0.448,-0.348,0.574,-0.466,0.323,0.089,0.866,0.345,0.83,0.791,0.788,0.814,0.48,0.215,0.921,-0.136,0.086,0.247,0.511,0.76,0.421,0.195,0.643,-0.28,0.443,0.59,0.474,0.849,0.402,0.103,0.346,-0.058,0.592,0.285,0.288,0.889,0.762,0.698,-0.419,0.4,0.395,0.762,0.777,0.334,0.245,0.519,0.061,0.318,0.347,0.386,-0.055,0.189,-0.175,0.611,0.59,0.265,-0.489,-0.099,0.862,0.815,0.303,0.033,0.849,0.751,-0.122,-0.41,0.347,0.76,0.116,0.057,-0.286,0.571,-0.211,0.321,0.338,-0.148,-0.076,0.342,0.521,0.402,0.749,-0.228,0.794,-0.029,0.499,0.137,0.098,0.55,0.21,0.79,-0.464,0.693,0.804,0.504,-0.035,0.639,-0.067,0.531,0.397,0.795,0.077,0.49,-0.176,0.571,0.628,0.139,0.767,0.868,0.572,0.363,0.541,0.468,0.508,0.17,0.347,0.696,0.591,0.235,0.409,0.534,-0.236,0.406,0.477,0.236,-0.248,0.861,0.708,0.759,-0.516,-0.055,-0.061,-0.088,-0.496,0.435,-0.169,0.825,0.708,0.661,0.385,-0.019,0.181,0.196,0.81,-0.103,-0.332,-0.03,0.546,0.463,0.448,0.64,0.63,0.65,-0.167,-0.324,0.745,0.158,0.867,0.721,0.562,0.767,0.76
AZN,-0.193,-0.502,0.752,-0.415,-0.28,0.713,0.606,0.478,0.656,0.649,-0.33,0.385,0.873,0.07,-0.231,-0.33,0.746,0.565,0.1,0.544,-0.109,-0.166,1.0,0.553,0.573,0.542,-0.426,-0.041,-0.107,-0.254,-0.653,0.197,0.796,0.037,-0.575,0.097,0.015,-0.038,0.66,0.619,0.277,-0.443,0.599,0.327,0.769,-0.354,0.675,0.003,-0.067,0.173,-0.003,-0.441,0.641,-0.211,0.604,0.626,-0.368,0.366,0.202,0.562,0.635,-0.524,-0.042,0.003,0.277,0.395,-0.303,0.624,0.74,0.683,0.721,0.469,0.723,-0.43,-0.091,-0.081,-0.279,0.753,0.606,0.575,-0.386,-0.387,0.555,0.249,0.169,0.82,0.208,0.499,0.464,0.523,-0.067,0.885,-0.325,0.081,-0.031,0.661,0.867,-0.01,-0.423,0.604,0.461,-0.41,-0.434,0.663,0.701,0.713,0.236,0.414,0.001,0.811,-0.632,0.872,0.536,0.306,0.351,0.749,0.36,0.301,0.538,0.239,0.7,0.01,-0.67,0.099,-0.391,0.515,0.251,0.772,-0.375,0.662,0.36,-0.294,-0.579,0.853,-0.167,0.82,-0.296,-0.571,-0.058,0.273,-0.281,0.34,0.071,-0.36,0.262,-0.037,-0.03,0.086,-0.223,0.421,-0.564,-0.024,-0.449,0.231,0.21,0.373,-0.597,-0.542,-0.558,0.476,0.346,0.438,0.388,0.487,-0.237,0.203,-0.157,0.715,0.483,-0.21,0.48,0.695,0.514,0.292,-0.167,-0.493,0.355,0.089,0.683,-0.544,0.338,0.136,0.796,0.893,-0.574,0.179,-0.335,-0.172,0.068,-0.338,-0.183,0.898,0.796,0.329,0.787,0.001,0.33,0.428,-0.379,0.184
BCRX,0.387,-0.253,0.296,-0.225,-0.188,0.666,0.627,0.398,0.536,0.376,-0.272,0.585,0.651,0.015,-0.425,-0.314,0.558,0.763,-0.238,0.241,0.116,-0.066,0.553,1.0,0.07,0.167,-0.379,-0.345,0.032,-0.267,-0.153,-0.18,0.559,0.031,-0.343,-0.293,-0.095,0.036,0.254,0.338,0.427,-0.201,0.359,0.634,0.334,-0.232,0.234,-0.097,-0.01,0.139,0.105,-0.13,0.165,-0.181,0.268,0.798,0.046,-0.106,-0.103,0.133,0.262,-0.401,0.122,-0.088,0.096,0.009,-0.31,0.448,0.331,0.346,0.605,0.141,0.533,-0.394,-0.05,-0.029,-0.194,0.676,0.243,0.188,-0.207,-0.319,0.418,-0.146,-0.204,0.583,-0.159,0.063,0.217,0.594,-0.385,0.631,-0.125,-0.26,-0.231,0.607,0.598,-0.019,-0.273,0.611,0.075,-0.173,-0.222,0.447,0.484,0.388,0.087,-0.087,0.032,0.514,-0.299,0.471,0.636,0.297,-0.077,0.677,0.064,0.293,0.278,0.022,0.53,-0.179,-0.355,0.263,-0.048,0.743,0.384,0.389,-0.304,0.273,0.002,-0.256,-0.498,0.543,-0.358,0.292,0.092,-0.226,-0.189,0.454,-0.097,-0.002,-0.031,-0.329,0.335,0.034,-0.057,-0.19,0.354,0.22,-0.272,-0.171,-0.005,-0.027,-0.124,0.409,-0.041,-0.232,-0.288,0.309,0.287,0.037,0.555,0.311,-0.018,-0.091,-0.189,0.474,0.64,-0.18,0.134,0.527,0.059,0.637,-0.31,-0.291,0.243,0.575,0.48,-0.502,0.647,0.02,0.391,0.5,-0.244,0.02,-0.169,0.169,-0.207,0.007,-0.44,0.54,0.532,0.131,0.537,-0.171,0.02,0.336,-0.239,0.318
BGC,-0.357,-0.287,0.766,-0.184,0.019,0.478,0.098,0.45,0.269,0.566,0.002,0.384,0.556,0.273,0.188,0.098,0.396,0.233,0.458,0.594,-0.008,0.059,0.573,0.07,1.0,0.568,-0.156,0.327,0.112,0.18,-0.547,0.482,0.513,0.139,-0.304,0.419,0.332,0.029,0.755,0.543,-0.072,-0.148,0.496,-0.0,0.701,-0.025,0.68,0.192,0.066,0.217,0.054,-0.276,0.828,0.088,0.495,0.299,-0.453,0.7,0.5,0.673,0.674,-0.2,-0.128,0.283,0.501,0.548,0.123,0.422,0.579,0.783,0.321,0.559,0.565,-0.116,0.085,0.103,-0.067,0.324,0.661,0.629,-0.132,-0.057,0.344,0.623,0.621,0.637,0.593,0.708,0.677,0.286,0.388,0.463,-0.108,0.517,0.427,0.258,0.686,0.226,-0.093,0.595,0.578,-0.138,-0.183,0.592,0.51,0.619,0.402,0.424,-0.092,0.64,-0.337,0.619,0.281,0.362,0.587,0.463,0.47,0.338,0.693,0.318,0.658,0.355,-0.6,0.16,-0.476,0.167,0.233,0.73,-0.051,0.551,0.617,0.016,-0.131,0.561,0.192,0.6,-0.371,-0.528,0.399,-0.188,0.054,0.39,0.191,-0.181,0.032,0.185,0.295,0.503,-0.272,0.485,-0.545,0.294,-0.428,0.654,0.437,0.356,-0.719,-0.346,-0.398,0.591,0.354,0.567,-0.038,0.542,0.057,0.41,0.182,0.394,-0.03,0.051,0.543,0.416,0.707,-0.105,0.139,-0.268,0.477,-0.238,0.512,-0.207,0.068,0.223,0.599,0.488,-0.476,0.437,-0.313,-0.076,0.391,-0.351,0.249,0.551,0.394,0.445,0.565,0.357,0.443,0.342,0.055,0.131
BIDU,-0.251,-0.445,0.669,-0.408,-0.114,0.475,0.168,0.365,0.492,0.49,-0.137,0.326,0.497,-0.094,-0.101,-0.179,0.536,0.259,0.208,0.62,-0.128,-0.179,0.542,0.167,0.568,1.0,0.026,0.042,0.014,-0.015,-0.554,0.385,0.468,0.076,-0.253,0.17,0.166,-0.148,0.599,0.363,-0.156,-0.417,0.609,0.006,0.539,-0.273,0.515,0.057,-0.057,0.042,-0.025,-0.331,0.544,-0.175,0.559,0.348,-0.511,0.332,0.25,0.555,0.611,-0.428,-0.26,0.097,0.28,0.291,-0.214,0.408,0.619,0.561,0.324,0.438,0.466,0.039,-0.111,-0.06,-0.182,0.344,0.381,0.412,-0.292,-0.271,0.405,0.479,0.283,0.548,0.402,0.471,0.463,0.378,0.411,0.497,-0.135,0.421,0.069,0.261,0.585,0.106,-0.231,0.434,0.573,-0.374,-0.305,0.508,0.395,0.421,0.161,0.546,0.036,0.524,-0.455,0.628,0.37,0.081,0.478,0.479,0.607,0.184,0.427,0.092,0.562,0.083,-0.492,-0.026,-0.373,0.188,0.052,0.612,-0.205,0.59,0.348,-0.196,-0.369,0.477,0.051,0.589,-0.519,-0.328,0.05,0.089,0.059,0.141,0.183,-0.31,0.266,-0.05,0.065,0.224,-0.31,0.472,-0.465,0.164,-0.411,0.217,0.299,0.273,-0.573,-0.398,-0.51,0.454,0.25,0.43,0.045,0.64,-0.224,0.203,-0.001,0.624,0.189,0.278,0.635,0.34,0.474,-0.004,0.032,-0.385,0.33,-0.056,0.524,-0.302,0.043,0.098,0.58,0.535,-0.524,0.182,-0.211,-0.253,0.327,-0.417,0.059,0.603,0.349,0.204,0.51,0.044,0.334,0.298,-0.222,0.02
BILI,-0.259,0.271,-0.221,0.237,0.169,-0.45,-0.073,-0.383,-0.363,-0.336,0.141,-0.304,-0.357,-0.293,0.132,0.185,-0.256,-0.598,-0.188,-0.019,-0.209,-0.098,-0.426,-0.379,-0.156,0.026,1.0,0.052,0.263,-0.043,0.392,-0.361,-0.28,-0.076,0.49,-0.019,-0.004,-0.053,-0.248,-0.526,0.193,0.291,-0.084,-0.516,-0.263,0.196,-0.438,0.038,0.089,-0.448,-0.23,0.309,-0.272,-0.075,-0.1,-0.39,0.318,-0.197,-0.189,-0.331,-0.3,0.241,0.387,0.087,-0.433,-0.234,0.031,-0.395,-0.463,-0.316,-0.368,-0.31,-0.571,0.707,-0.163,-0.193,0.261,-0.114,-0.531,-0.502,0.259,0.206,-0.329,-0.224,0.117,-0.454,-0.231,-0.055,-0.287,-0.394,0.441,-0.319,-0.042,0.158,0.334,-0.035,-0.412,-0.143,0.11,-0.423,-0.416,0.117,0.192,-0.397,-0.032,-0.593,-0.3,-0.076,0.399,-0.173,0.458,-0.307,-0.538,-0.232,0.044,-0.484,-0.343,-0.186,-0.137,-0.375,-0.053,-0.073,0.58,-0.294,0.417,-0.586,-0.148,-0.321,0.183,-0.258,-0.286,0.143,0.301,-0.444,0.07,-0.465,0.057,0.374,-0.003,0.062,0.485,0.32,0.165,0.206,-0.33,-0.096,-0.072,-0.21,0.199,-0.145,0.315,-0.198,0.402,0.106,-0.081,-0.364,0.244,0.517,0.415,0.091,-0.025,-0.268,-0.58,-0.015,-0.032,-0.219,0.17,-0.265,-0.453,0.725,-0.138,-0.038,-0.414,0.097,0.077,0.207,-0.214,-0.383,-0.01,0.68,-0.329,-0.145,-0.439,-0.439,0.441,-0.252,0.339,0.137,0.012,0.063,0.001,-0.376,-0.159,-0.328,-0.528,-0.117,-0.276,-0.26,0.177,-0.349
BKR,-0.071,0.427,0.302,0.081,0.648,-0.098,-0.186,0.374,-0.382,0.049,0.647,-0.066,-0.131,0.538,0.816,0.656,-0.245,-0.257,0.662,-0.135,0.469,0.669,-0.041,-0.345,0.327,0.042,0.052,1.0,0.511,0.48,0.047,0.464,-0.192,0.651,-0.13,0.889,0.664,0.621,0.515,0.343,-0.303,0.369,-0.159,-0.147,0.356,0.669,0.508,0.761,0.595,0.502,0.454,0.202,0.425,0.707,0.344,-0.186,-0.041,0.737,0.781,0.548,0.198,0.471,-0.321,0.644,0.412,0.786,0.708,0.354,0.222,0.44,-0.008,0.636,0.214,0.397,0.67,0.594,0.714,-0.252,0.352,0.335,0.572,0.648,0.281,0.351,0.79,0.136,0.434,0.615,0.43,-0.225,0.589,-0.025,0.434,0.827,0.518,-0.355,-0.038,0.646,0.546,0.126,0.194,0.544,0.531,0.058,-0.194,0.22,0.536,0.473,0.163,-0.102,0.378,-0.023,0.067,0.018,0.314,-0.166,0.382,0.389,0.463,0.566,-0.047,0.795,-0.091,0.101,0.069,-0.247,0.256,0.364,0.634,-0.2,0.675,0.742,0.512,0.11,0.836,0.091,0.049,0.168,0.753,-0.146,0.431,0.31,0.627,0.723,0.042,0.449,0.7,0.583,0.005,0.498,0.159,0.439,-0.05,0.39,0.747,0.399,-0.118,0.235,0.29,-0.074,0.398,0.565,-0.113,-0.032,0.48,0.723,0.645,-0.31,-0.208,0.038,0.243,-0.299,0.594,-0.376,0.731,0.556,0.597,-0.112,0.159,0.26,-0.208,0.674,0.057,-0.131,-0.187,0.567,0.373,-0.025,0.638,0.286,0.685,-0.011,-0.094,0.688,0.175,0.831,0.632,0.449,0.589,0.293
BLDP,0.332,0.584,0.08,0.201,0.748,-0.056,0.039,0.481,-0.453,-0.041,0.672,0.217,-0.193,0.38,0.531,0.584,-0.144,-0.124,0.317,-0.137,0.438,0.591,-0.107,0.032,0.112,0.014,0.263,0.511,1.0,0.485,0.349,0.146,-0.104,0.65,0.208,0.416,0.669,0.579,0.361,0.054,-0.007,0.622,-0.139,0.116,0.029,0.71,0.139,0.663,0.765,0.33,0.548,0.584,0.207,0.478,0.046,0.156,0.432,0.357,0.521,0.376,0.064,0.485,0.152,0.452,0.298,0.244,0.582,0.268,-0.042,0.28,0.111,0.35,0.162,0.532,0.56,0.53,0.776,-0.07,0.06,0.058,0.8,0.763,0.35,0.161,0.523,0.09,0.139,0.311,0.376,-0.04,0.392,-0.047,0.563,0.514,0.475,-0.178,0.032,0.605,0.608,0.218,-0.043,0.607,0.69,-0.02,-0.136,0.022,0.55,0.106,0.378,-0.037,0.382,-0.101,0.231,0.107,0.074,-0.006,0.309,0.509,0.568,0.352,0.049,0.556,-0.0,0.331,0.454,-0.05,0.648,0.185,0.667,-0.31,0.437,0.739,0.444,-0.025,0.611,-0.125,0.362,0.5,0.625,-0.025,0.708,0.158,0.78,0.642,0.221,0.654,0.696,0.312,0.587,0.496,0.47,0.306,0.483,0.429,0.532,0.594,0.116,0.493,0.54,0.064,0.66,0.437,-0.074,0.061,0.687,0.519,0.804,-0.387,-0.099,0.378,0.107,-0.247,0.173,0.18,0.639,0.54,0.594,0.307,0.31,0.345,0.244,0.646,-0.148,-0.237,0.177,0.455,0.546,0.38,0.653,0.607,0.46,-0.093,-0.052,0.477,0.134,0.598,0.48,0.616,0.711,0.471
BLNK,0.124,0.29,0.128,0.082,0.533,-0.066,-0.45,0.399,-0.349,0.186,0.543,0.17,-0.327,0.43,0.572,0.499,-0.249,-0.09,0.599,0.067,0.465,0.512,-0.254,-0.267,0.18,-0.015,-0.043,0.48,0.485,1.0,-0.046,0.663,-0.157,0.475,0.155,0.518,0.592,0.314,0.25,0.232,-0.556,0.309,-0.063,-0.034,0.023,0.509,0.223,0.532,0.402,0.423,0.434,0.286,0.334,0.489,-0.031,-0.007,-0.11,0.392,0.563,0.379,0.278,0.259,-0.328,0.394,0.458,0.293,0.553,0.132,0.051,0.303,-0.241,0.347,0.162,0.244,0.492,0.629,0.44,-0.508,0.253,0.285,0.431,0.485,0.146,0.624,0.517,0.05,0.651,0.342,0.574,0.064,0.305,-0.285,0.405,0.487,0.363,-0.556,-0.14,0.646,0.464,0.198,0.404,0.446,0.451,0.039,-0.322,0.143,0.567,0.09,0.068,-0.201,0.085,-0.162,0.176,0.109,0.309,-0.181,0.51,0.53,0.387,0.407,-0.052,0.68,-0.118,0.255,-0.05,-0.114,0.243,0.114,0.507,-0.029,0.543,0.547,0.437,-0.171,0.556,-0.014,0.02,0.172,0.61,-0.374,0.415,-0.144,0.553,0.399,0.09,0.495,0.653,0.719,0.044,0.466,0.166,0.693,0.13,0.372,0.535,0.408,-0.189,0.129,0.185,0.064,0.221,0.375,-0.105,0.196,0.535,0.564,0.557,-0.412,-0.212,0.042,0.327,-0.525,0.333,-0.373,0.615,0.354,0.494,0.04,-0.05,0.181,0.047,0.496,-0.118,-0.312,-0.059,0.504,0.183,0.073,0.565,0.222,0.615,-0.231,-0.39,0.455,0.014,0.59,0.451,0.354,0.606,0.351
BYND,0.424,0.713,-0.703,0.57,0.419,-0.645,-0.143,-0.259,-0.707,-0.658,0.455,-0.148,-0.625,0.056,0.1,0.507,-0.533,-0.437,-0.212,-0.713,0.148,0.373,-0.653,-0.153,-0.547,-0.554,0.392,0.047,0.349,-0.046,1.0,-0.432,-0.623,0.19,0.464,-0.204,0.114,0.304,-0.488,-0.494,0.123,0.649,-0.653,-0.043,-0.592,0.522,-0.557,0.147,0.357,-0.017,0.188,0.669,-0.619,0.295,-0.531,-0.284,0.744,-0.3,-0.122,-0.476,-0.622,0.643,0.372,-0.073,-0.235,-0.294,0.376,-0.346,-0.659,-0.519,-0.335,-0.305,-0.51,0.466,0.223,0.085,0.476,-0.41,-0.483,-0.48,0.642,0.564,-0.282,-0.495,-0.155,-0.567,-0.487,-0.432,-0.462,-0.506,-0.04,-0.56,0.468,-0.101,0.046,-0.284,-0.616,0.152,0.571,-0.364,-0.727,0.636,0.601,-0.648,-0.447,-0.499,-0.065,-0.397,0.197,-0.601,0.794,-0.675,-0.34,-0.087,-0.57,-0.533,-0.422,-0.131,-0.313,-0.034,-0.551,0.034,0.616,0.04,0.706,-0.302,0.069,-0.59,0.469,-0.807,-0.266,0.418,0.379,-0.595,0.12,-0.714,0.649,0.773,0.106,0.133,0.383,-0.174,0.098,0.504,-0.124,0.251,0.13,-0.254,0.579,-0.261,0.785,-0.169,0.676,-0.157,-0.138,-0.048,0.873,0.803,0.822,-0.581,0.032,-0.357,-0.197,-0.605,0.455,-0.127,0.335,-0.651,-0.283,0.291,-0.646,-0.398,-0.441,0.164,0.228,0.602,-0.2,0.212,-0.375,0.546,-0.071,0.068,-0.589,-0.721,0.619,-0.233,0.583,0.5,0.033,0.573,0.049,-0.627,-0.422,-0.155,-0.582,0.066,-0.16,-0.136,0.487,0.1
