,AAL,AAPL,ABUS,ADBE,ADI,ADMA,AEP,AGNC,AKBA,ALT,AMAT,AMD,AMGN,AMZN,APA,APPS,ARCC,ARDX,ATER,ATOS,AUPH,AVGO,AZN,BCRX,BGC,BIDU,BILI,BKR,BLDP,BLNK,BYND,CAN,CELH,CG,CGC,CHRD,CLNE,CMCSA,COMM,COST,CPB,CPRT,CRON,CRWD,CSCO,CSGP,CSX,CTSH,CZR,DBX,DDOG,DKNG,DLTR,DOCU,DVAX,DXCM,EA,EBAY,ENPH,ERIC,ESPR,ETSY,EXC,EXEL,EXPE,FANG,FAST,FITB,FLEX,FOLD,FOXA,FSLR,FTNT,FUTU,GEN,GERN,GEVO,GILD,GOOG,GOOGL,GPRO,GT,HBAN,HIVE,HON,HST,HUT,IBRX,INTC,IOVA,IQ,IRWD,JBLU,JD,KDP,KHC,LBTYK,LRCX,LYFT,MAR,MARA,MAT,MCHP,MCRB,MDLZ,META,MGNI,MLCO,MNKD,MNST,MOMO,MRNA,MRVL,MSFT,MSTR,MTCH,MU,MVIS,NDAQ,NFLX,NKTR,NNDM,NTES,NTNX,NVAX,NVDA,NWL,NWSA,NXPI,OCGN,OKTA,ON,OPK,PAA,PACB,PAGP,PANW,PARA,PCAR,PDD,PENN,PEP,PLUG,PTEN,PTON,PYPL,QCOM,QUBT,QVCGA,RDFN,REAL,RIOT,ROKU,ROST,RUN,SABR,SAVA,SBUX,SFIX,SGMO,SIRI,SLM,SMCI,SNDL,SONO,STNE,STX,TCOM,TGTX,TIGR,TLRY,TMUS,TRIP,TSCO,TSLA,TTD,TXN,UAL,UNIT,VERU,VKTX,VLY,VOD,VTRS,VXRT,WBA,WBD,WDAY,WDC,WEN,WW,WYNN,XEL,XP,XRAY,XRX,Z,ZION,ZM,ZS
AAL,1.0,0.226,-0.563,0.565,-0.453,0.365,-0.3,0.582,0.332,0.465,-0.357,-0.337,-0.572,0.4,-0.466,-0.636,0.644,-0.568,-0.435,-0.324,0.547,-0.184,-0.506,-0.25,0.22,-0.645,-0.539,0.696,-0.594,-0.625,-0.641,0.606,-0.54,0.426,-0.634,0.542,-0.33,0.175,-0.64,0.493,-0.56,0.571,-0.447,0.749,0.577,0.233,0.539,0.451,-0.381,0.434,0.337,0.608,-0.234,0.652,0.343,0.583,0.619,0.264,-0.629,-0.537,0.437,0.057,0.229,0.278,0.563,0.548,0.636,0.779,0.468,-0.516,0.541,-0.539,0.565,-0.58,0.498,-0.511,-0.528,0.057,0.23,0.225,-0.346,0.451,0.706,0.455,0.608,0.198,0.761,-0.267,0.444,-0.631,-0.642,-0.164,0.403,-0.593,-0.207,-0.599,-0.587,-0.335,0.517,0.696,0.564,-0.636,-0.611,-0.394,-0.581,-0.181,0.63,-0.572,-0.19,0.172,-0.638,-0.71,0.453,0.137,0.588,-0.613,-0.192,-0.402,0.742,0.649,-0.478,-0.434,0.42,0.615,-0.533,0.449,0.171,0.505,-0.415,-0.074,0.345,-0.29,0.536,0.483,-0.522,0.493,0.572,0.013,0.581,-0.624,0.434,-0.496,-0.609,0.659,0.325,0.705,-0.356,0.608,-0.697,-0.657,0.688,0.564,0.191,0.081,-0.605,0.352,0.281,0.517,0.584,0.212,-0.245,0.681,-0.328,-0.603,0.215,-0.491,-0.234,-0.5,0.668,-0.598,-0.652,0.684,-0.579,0.277,0.686,0.242,-0.107,0.818,0.348,-0.687,-0.568,0.639,-0.602,0.578,-0.58,-0.616,0.582,0.608,-0.257,-0.527,-0.568,-0.256,0.577,-0.576,-0.594,0.02,0.585,0.761,0.455,0.66
AAPL,0.226,1.0,0.081,0.009,0.19,-0.252,0.248,0.307,-0.39,-0.026,-0.021,0.452,-0.162,-0.165,-0.017,0.041,0.548,0.056,-0.358,-0.168,-0.009,0.032,0.262,0.172,-0.395,-0.01,-0.229,-0.064,0.019,0.044,0.004,-0.119,0.115,0.043,0.087,0.064,-0.202,-0.355,-0.028,0.069,0.092,-0.038,0.086,0.115,-0.06,-0.022,-0.197,-0.052,0.4,-0.311,0.276,0.042,0.117,-0.035,-0.277,0.296,-0.13,0.562,0.029,0.207,0.051,-0.392,0.763,-0.432,-0.072,-0.003,-0.088,0.087,-0.065,-0.053,-0.228,-0.06,-0.042,-0.252,-0.202,-0.059,0.304,-0.241,-0.084,-0.102,-0.237,-0.17,-0.003,0.028,-0.132,0.056,0.058,0.312,0.023,-0.205,0.095,-0.253,0.241,0.008,0.042,0.093,-0.045,0.092,-0.066,0.102,0.087,-0.197,0.102,-0.125,0.099,0.331,0.021,0.01,-0.467,-0.216,-0.103,-0.041,-0.025,0.66,0.122,0.044,0.147,0.048,0.153,0.11,-0.246,0.335,0.261,-0.028,0.169,0.103,0.188,-0.253,0.319,-0.101,-0.152,0.093,0.068,-0.013,-0.495,0.008,-0.106,-0.493,-0.064,-0.029,0.228,0.112,-0.091,0.131,-0.192,0.091,0.107,0.173,-0.209,-0.248,-0.087,0.004,0.438,0.072,-0.034,0.779,0.222,0.233,-0.184,-0.204,0.054,0.049,0.605,0.08,-0.251,-0.11,0.043,-0.322,0.043,-0.201,-0.042,0.061,-0.21,-0.107,0.037,-0.114,-0.135,0.026,0.082,0.064,0.034,-0.078,0.011,0.079,0.18,-0.25,-0.05,-0.02,0.163,0.138,-0.102,0.339,-0.08,-0.034,0.016,0.285,0.008,-0.014,-0.274,0.106
ABUS,-0.563,0.081,1.0,-0.367,0.737,-0.524,0.277,-0.494,-0.309,-0.409,0.668,0.552,0.695,-0.293,0.603,0.748,-0.336,0.654,0.475,0.601,-0.559,0.49,0.716,0.549,-0.191,0.677,0.679,-0.652,0.745,0.838,0.783,-0.666,0.748,-0.182,0.72,-0.358,0.558,-0.077,0.713,-0.509,0.883,-0.641,0.509,-0.67,-0.385,-0.131,-0.295,-0.292,0.66,-0.408,-0.403,-0.634,0.235,-0.583,-0.189,-0.398,-0.809,-0.061,0.811,0.677,-0.418,-0.184,0.067,-0.509,-0.586,-0.529,-0.438,-0.525,-0.578,0.861,-0.487,0.625,-0.545,0.555,-0.604,0.601,0.746,0.085,-0.154,-0.163,0.515,-0.41,-0.525,-0.253,-0.715,0.225,-0.692,0.499,-0.389,0.761,0.739,0.455,-0.121,0.788,0.428,0.859,0.709,0.659,-0.456,-0.486,-0.494,0.643,0.833,0.279,0.78,0.438,-0.664,0.763,0.297,-0.073,0.717,0.886,-0.485,0.277,-0.728,0.719,0.488,0.671,-0.541,-0.674,0.663,0.674,-0.408,-0.536,0.727,-0.352,-0.004,-0.56,0.667,0.349,-0.23,0.539,-0.397,-0.544,0.54,-0.632,-0.588,0.05,-0.378,0.631,-0.22,0.852,0.606,-0.425,-0.532,-0.632,0.642,-0.58,0.768,0.644,-0.707,-0.416,0.07,-0.114,0.776,0.023,-0.332,-0.519,-0.662,-0.089,0.481,-0.608,0.395,0.723,-0.017,0.696,0.34,0.283,-0.633,0.582,0.82,-0.551,0.743,-0.077,-0.606,-0.167,0.324,-0.739,-0.358,0.745,0.749,-0.527,0.569,-0.584,0.892,0.772,-0.64,-0.568,0.394,0.657,0.556,0.425,-0.736,0.695,0.65,0.122,-0.639,-0.535,-0.458,-0.625
ADBE,0.565,0.009,-0.367,1.0,-0.369,0.571,-0.547,0.232,0.581,0.824,0.02,-0.325,-0.247,0.73,-0.411,-0.556,0.382,-0.476,-0.028,0.073,0.625,0.038,-0.518,-0.244,0.386,-0.549,-0.31,0.633,-0.676,-0.425,-0.481,0.632,-0.484,0.412,-0.548,0.504,-0.047,0.253,-0.568,0.601,-0.402,0.574,-0.055,0.675,0.782,0.262,0.657,0.649,-0.285,0.656,0.201,0.632,-0.137,0.806,0.756,0.444,0.592,0.31,-0.562,-0.643,0.424,0.361,-0.153,0.458,0.7,0.513,0.685,0.674,0.419,-0.393,0.705,-0.521,0.732,-0.339,0.649,-0.364,-0.553,0.467,0.371,0.376,-0.073,0.519,0.678,0.568,0.736,0.402,0.697,-0.454,0.552,-0.316,-0.592,0.038,0.406,-0.473,0.038,-0.419,-0.419,-0.067,0.679,0.731,0.533,-0.57,-0.484,-0.548,-0.457,0.091,0.755,-0.469,0.128,0.692,-0.472,-0.424,0.61,0.228,0.382,-0.543,0.008,-0.11,0.693,0.465,-0.152,-0.345,0.105,0.686,-0.428,0.567,0.186,0.645,-0.47,0.236,0.591,-0.337,0.514,0.426,-0.059,0.38,0.634,0.496,0.761,-0.5,0.545,-0.25,-0.436,0.605,0.367,0.651,-0.212,0.407,-0.484,-0.342,0.537,0.649,0.329,0.088,-0.54,0.193,0.057,0.38,0.503,0.38,-0.011,0.55,-0.522,-0.563,0.567,-0.227,-0.187,-0.544,0.674,-0.437,-0.529,0.834,-0.438,0.407,0.675,0.53,0.083,0.614,0.389,-0.506,-0.529,0.662,-0.556,0.59,-0.314,-0.358,0.663,0.872,-0.328,-0.418,-0.387,-0.487,0.477,-0.375,-0.598,-0.064,0.56,0.698,0.701,0.8
ADI,-0.453,0.19,0.737,-0.369,1.0,-0.412,0.223,-0.374,-0.356,-0.347,0.713,0.623,0.723,-0.278,0.423,0.612,-0.281,0.678,0.442,0.55,-0.485,0.575,0.605,0.512,-0.157,0.64,0.673,-0.535,0.554,0.721,0.665,-0.538,0.702,0.008,0.599,-0.257,0.545,0.037,0.611,-0.429,0.746,-0.552,0.358,-0.532,-0.242,0.076,-0.319,-0.178,0.709,-0.323,-0.29,-0.544,-0.071,-0.544,-0.195,-0.519,-0.676,0.023,0.647,0.632,-0.272,-0.006,-0.004,-0.399,-0.487,-0.373,-0.337,-0.483,-0.36,0.722,-0.534,0.326,-0.507,0.514,-0.466,0.672,0.634,0.166,-0.083,-0.091,0.536,-0.289,-0.518,-0.142,-0.653,0.305,-0.555,0.624,-0.262,0.743,0.661,0.387,-0.201,0.749,0.399,0.73,0.812,0.728,-0.445,-0.435,-0.339,0.543,0.844,0.447,0.606,0.549,-0.639,0.796,0.268,-0.182,0.549,0.767,-0.302,0.402,-0.626,0.555,0.628,0.756,-0.504,-0.614,0.51,0.675,-0.473,-0.44,0.771,-0.205,0.094,-0.404,0.814,0.395,-0.161,0.767,-0.515,-0.4,0.494,-0.54,-0.532,0.084,-0.327,0.491,-0.185,0.665,0.354,-0.282,-0.315,-0.585,0.606,-0.539,0.62,0.648,-0.543,-0.289,0.173,-0.11,0.57,0.109,-0.281,-0.463,-0.546,0.097,0.427,-0.53,0.418,0.566,0.019,0.737,0.534,0.408,-0.566,0.601,0.613,-0.478,0.645,-0.003,-0.506,-0.011,0.49,-0.637,-0.122,0.771,0.678,-0.399,0.594,-0.499,0.779,0.708,-0.567,-0.512,0.628,0.763,0.491,0.329,-0.751,0.636,0.483,0.191,-0.612,-0.518,-0.412,-0.506
ADMA,0.365,-0.252,-0.524,0.571,-0.412,1.0,-0.372,0.333,0.714,0.481,-0.081,-0.465,-0.234,0.736,-0.542,-0.567,0.206,-0.377,0.033,-0.022,0.659,-0.013,-0.629,-0.21,0.587,-0.499,-0.214,0.714,-0.583,-0.471,-0.517,0.559,-0.452,0.446,-0.555,0.584,0.048,0.428,-0.531,0.736,-0.541,0.569,-0.38,0.57,0.664,0.359,0.661,0.6,-0.482,0.695,0.158,0.708,-0.339,0.797,0.654,0.03,0.577,0.133,-0.532,-0.653,0.57,0.568,-0.383,0.704,0.784,0.545,0.75,0.627,0.593,-0.395,0.637,-0.424,0.698,-0.16,0.715,-0.157,-0.596,0.526,0.315,0.318,0.049,0.634,0.64,0.434,0.613,0.322,0.479,-0.433,0.737,-0.224,-0.6,0.08,0.019,-0.471,-0.187,-0.597,-0.361,-0.167,0.666,0.681,0.467,-0.461,-0.517,-0.25,-0.581,-0.083,0.56,-0.383,0.277,0.612,-0.339,-0.497,0.835,-0.166,0.379,-0.556,-0.012,-0.179,0.642,0.444,-0.108,-0.602,-0.033,0.629,-0.444,0.527,0.245,0.728,-0.537,0.169,0.524,-0.343,0.262,0.627,0.148,0.672,0.622,0.491,0.62,-0.509,0.255,-0.41,-0.327,0.552,0.654,0.533,-0.292,0.261,-0.46,-0.212,0.536,0.584,0.06,0.132,-0.5,-0.176,0.139,0.32,0.715,0.511,-0.08,0.46,-0.578,-0.562,0.424,-0.286,-0.043,-0.122,0.624,-0.232,-0.533,0.611,-0.355,0.514,0.672,0.584,0.086,0.599,0.459,-0.523,-0.439,0.643,-0.465,0.62,-0.477,-0.387,0.677,0.681,-0.245,-0.457,-0.349,-0.645,0.628,-0.464,-0.588,-0.067,0.661,0.621,0.629,0.534
AEP,-0.3,0.248,0.277,-0.547,0.223,-0.372,1.0,0.062,-0.337,-0.525,-0.094,0.149,0.102,-0.47,0.362,0.387,-0.043,0.439,-0.246,-0.287,-0.388,-0.182,0.41,-0.017,-0.409,0.166,0.048,-0.293,0.578,0.283,0.303,-0.383,0.554,-0.116,0.446,-0.148,-0.011,-0.254,0.347,-0.204,0.395,-0.37,0.08,-0.317,-0.497,-0.059,-0.398,-0.518,0.21,-0.483,0.158,-0.312,0.475,-0.41,-0.543,-0.047,-0.227,-0.002,0.502,0.306,-0.127,-0.223,0.409,-0.297,-0.331,-0.092,-0.348,-0.335,-0.221,0.281,-0.302,0.44,-0.501,-0.061,-0.328,0.256,0.43,-0.404,-0.564,-0.58,-0.28,-0.223,-0.326,-0.624,-0.424,-0.076,-0.412,0.294,-0.295,0.124,0.196,-0.197,-0.336,0.282,-0.189,0.245,0.204,0.047,-0.506,-0.323,-0.425,0.158,0.407,0.38,0.323,-0.165,-0.445,0.136,-0.157,-0.458,0.228,0.289,-0.237,-0.17,-0.216,0.425,0.105,0.13,-0.179,-0.159,-0.071,0.172,0.178,-0.514,0.351,-0.419,-0.262,-0.437,0.352,-0.45,-0.548,0.092,-0.39,0.004,-0.016,0.003,-0.566,-0.428,-0.326,0.075,-0.495,0.159,0.457,-0.271,-0.084,-0.449,0.036,-0.091,0.092,0.091,-0.102,-0.518,-0.311,0.181,0.506,-0.054,0.06,-0.011,-0.197,-0.471,-0.161,-0.275,0.421,0.537,-0.493,-0.09,0.147,0.219,-0.352,0.152,0.345,-0.403,0.326,-0.189,-0.315,-0.462,-0.329,-0.271,-0.112,0.402,0.242,-0.353,0.443,-0.291,0.178,0.104,-0.286,-0.486,0.288,0.25,0.359,0.458,-0.092,0.014,0.469,0.118,-0.257,-0.34,-0.59,-0.423
AGNC,0.582,0.307,-0.494,0.232,-0.374,0.333,0.062,1.0,0.24,0.211,-0.328,-0.051,-0.443,0.145,-0.473,-0.525,0.516,-0.484,-0.429,-0.372,0.457,-0.189,-0.333,-0.206,0.071,-0.461,-0.404,0.521,-0.374,-0.437,-0.524,0.337,-0.3,0.29,-0.334,0.43,-0.238,-0.068,-0.521,0.514,-0.458,0.41,-0.342,0.542,0.316,0.41,0.295,0.269,-0.185,0.273,0.296,0.55,-0.092,0.451,0.145,0.44,0.493,0.419,-0.464,-0.353,0.487,0.033,0.34,0.133,0.487,0.447,0.381,0.542,0.438,-0.438,0.292,-0.275,0.397,-0.396,0.29,-0.319,-0.295,0.082,0.045,0.034,-0.31,0.419,0.46,0.283,0.482,0.131,0.452,0.114,0.377,-0.515,-0.503,-0.232,0.335,-0.418,-0.001,-0.476,-0.456,-0.206,0.391,0.48,0.404,-0.524,-0.461,-0.281,-0.43,-0.081,0.422,-0.44,-0.282,0.128,-0.505,-0.581,0.407,0.076,0.427,-0.475,-0.07,-0.244,0.634,0.517,-0.358,-0.329,0.229,0.482,-0.307,0.328,0.371,0.305,-0.273,-0.113,0.147,-0.221,0.225,0.473,-0.487,0.541,0.353,-0.218,0.404,-0.491,0.293,-0.342,-0.335,0.542,0.274,0.655,-0.304,0.354,-0.618,-0.475,0.526,0.384,0.176,0.346,-0.435,0.279,0.371,0.464,0.523,0.256,-0.359,0.478,-0.035,-0.312,-0.022,-0.466,0.044,-0.185,0.4,-0.317,-0.481,0.472,-0.507,0.299,0.573,0.141,-0.164,0.53,0.432,-0.383,-0.368,0.349,-0.284,0.514,-0.464,-0.516,0.382,0.368,0.085,-0.41,-0.429,-0.23,0.493,-0.522,-0.468,0.441,0.557,0.487,0.251,0.412
AKBA,0.332,-0.39,-0.309,0.581,-0.356,0.714,-0.337,0.24,1.0,0.434,0.02,-0.345,-0.142,0.679,-0.273,-0.371,0.14,-0.412,0.191,0.144,0.612,0.184,-0.48,-0.141,0.652,-0.41,-0.083,0.715,-0.41,-0.346,-0.304,0.475,-0.32,0.534,-0.353,0.63,0.345,0.456,-0.3,0.567,-0.387,0.484,-0.236,0.499,0.63,0.379,0.834,0.62,-0.318,0.711,0.017,0.569,-0.314,0.661,0.693,0.013,0.525,0.209,-0.393,-0.61,0.5,0.578,-0.418,0.666,0.696,0.475,0.76,0.651,0.462,-0.105,0.633,-0.23,0.526,0.008,0.676,0.002,-0.417,0.62,0.42,0.412,0.158,0.738,0.687,0.5,0.577,0.509,0.423,-0.344,0.63,-0.12,-0.504,0.383,0.09,-0.37,-0.025,-0.409,-0.301,0.052,0.676,0.645,0.349,-0.309,-0.363,-0.347,-0.333,0.06,0.477,-0.279,0.425,0.718,-0.191,-0.342,0.703,-0.114,0.145,-0.294,0.114,-0.028,0.564,0.255,0.161,-0.564,-0.218,0.633,-0.399,0.425,0.274,0.581,-0.411,0.242,0.564,-0.19,0.209,0.608,0.279,0.588,0.531,0.553,0.759,-0.406,0.321,-0.261,-0.152,0.676,0.515,0.488,-0.027,0.071,-0.286,-0.061,0.53,0.588,0.151,0.127,-0.342,-0.195,-0.045,0.17,0.706,0.617,-0.014,0.458,-0.625,-0.316,0.533,-0.117,0.106,-0.101,0.478,-0.066,-0.286,0.581,-0.003,0.654,0.551,0.518,0.254,0.546,0.506,-0.402,-0.318,0.58,-0.449,0.575,-0.416,-0.207,0.568,0.608,-0.155,-0.293,-0.246,-0.668,0.479,-0.304,-0.359,-0.036,0.59,0.719,0.648,0.511
ALT,0.465,-0.026,-0.409,0.824,-0.347,0.481,-0.525,0.211,0.434,1.0,-0.022,-0.284,-0.143,0.498,-0.456,-0.491,0.378,-0.526,-0.019,-0.002,0.6,-0.045,-0.369,-0.14,0.21,-0.515,-0.285,0.521,-0.624,-0.428,-0.453,0.626,-0.362,0.367,-0.409,0.365,-0.088,0.11,-0.511,0.531,-0.386,0.548,0.168,0.631,0.643,0.33,0.491,0.539,-0.268,0.538,0.321,0.562,-0.219,0.703,0.594,0.371,0.544,0.2,-0.517,-0.532,0.454,0.27,-0.181,0.279,0.536,0.415,0.5,0.534,0.413,-0.388,0.586,-0.592,0.666,-0.369,0.534,-0.261,-0.511,0.359,0.207,0.22,-0.047,0.418,0.529,0.511,0.734,0.339,0.649,-0.38,0.358,-0.372,-0.497,-0.093,0.366,-0.396,0.062,-0.38,-0.401,-0.108,0.537,0.581,0.665,-0.467,-0.396,-0.303,-0.429,0.06,0.708,-0.389,-0.011,0.564,-0.488,-0.428,0.485,0.145,0.47,-0.487,0.006,-0.044,0.54,0.506,-0.189,-0.196,0.072,0.634,-0.33,0.542,0.211,0.556,-0.377,0.092,0.61,-0.289,0.463,0.314,-0.149,0.287,0.595,0.368,0.657,-0.514,0.589,-0.247,-0.369,0.453,0.348,0.584,-0.333,0.46,-0.467,-0.35,0.528,0.583,0.212,0.178,-0.515,0.121,0.067,0.308,0.448,0.283,-0.002,0.48,-0.367,-0.442,0.563,-0.146,-0.197,-0.375,0.716,-0.401,-0.406,0.694,-0.467,0.216,0.578,0.537,0.003,0.512,0.327,-0.368,-0.416,0.525,-0.433,0.538,-0.314,-0.299,0.576,0.807,-0.254,-0.477,-0.234,-0.391,0.432,-0.392,-0.534,-0.044,0.537,0.543,0.689,0.803
AMAT,-0.357,-0.021,0.668,0.02,0.713,-0.081,-0.094,-0.328,0.02,-0.022,1.0,0.536,0.801,0.176,0.157,0.327,-0.248,0.377,0.708,0.759,-0.187,0.819,0.239,0.45,0.245,0.468,0.748,-0.309,0.233,0.511,0.443,-0.304,0.458,0.144,0.337,-0.007,0.727,0.284,0.345,-0.162,0.681,-0.263,0.236,-0.327,0.174,0.286,0.084,0.263,0.589,-0.027,-0.305,-0.373,-0.175,-0.22,0.244,-0.551,-0.421,0.137,0.362,0.374,-0.174,0.277,-0.24,-0.025,-0.226,-0.3,-0.031,-0.24,-0.124,0.617,-0.204,0.187,-0.257,0.485,-0.198,0.614,0.278,0.565,0.242,0.247,0.741,-0.026,-0.242,0.113,-0.432,0.52,-0.406,0.38,0.056,0.681,0.47,0.595,-0.048,0.623,0.561,0.708,0.732,0.882,-0.126,-0.176,-0.13,0.465,0.658,0.264,0.504,0.668,-0.432,0.669,0.551,0.325,0.448,0.655,0.038,0.409,-0.518,0.287,0.769,0.757,-0.175,-0.413,0.712,0.491,-0.569,-0.114,0.581,0.168,0.269,-0.068,0.423,0.616,0.293,0.602,-0.373,-0.264,0.64,-0.36,-0.131,0.461,-0.02,0.376,-0.095,0.732,0.27,-0.068,-0.126,-0.282,0.564,-0.382,0.513,0.565,-0.422,-0.028,0.252,0.042,0.299,0.003,-0.335,-0.448,-0.292,0.367,0.479,-0.356,0.133,0.279,0.464,0.748,0.608,0.413,-0.269,0.498,0.443,-0.135,0.499,0.296,-0.338,0.234,0.649,-0.442,0.097,0.587,0.55,-0.236,0.394,-0.28,0.721,0.671,-0.329,-0.175,0.479,0.567,0.264,-0.086,-0.563,0.496,0.178,0.234,-0.354,-0.266,-0.026,-0.281
AMD,-0.337,0.452,0.552,-0.325,0.623,-0.465,0.149,-0.051,-0.345,-0.284,0.536,1.0,0.473,-0.328,0.227,0.424,-0.058,0.352,0.237,0.371,-0.435,0.525,0.508,0.483,-0.25,0.524,0.475,-0.502,0.381,0.563,0.466,-0.515,0.453,-0.088,0.537,-0.286,0.35,-0.146,0.44,-0.416,0.538,-0.522,0.329,-0.497,-0.286,0.03,-0.291,-0.19,0.905,-0.393,-0.336,-0.473,-0.083,-0.484,-0.232,-0.32,-0.48,0.351,0.383,0.565,-0.278,-0.154,0.335,-0.415,-0.462,-0.46,-0.387,-0.363,-0.36,0.483,-0.579,0.338,-0.475,0.401,-0.526,0.425,0.607,0.046,0.095,0.081,0.433,-0.303,-0.478,0.004,-0.493,0.144,-0.486,0.725,-0.205,0.42,0.556,0.223,0.189,0.585,0.604,0.686,0.547,0.634,-0.368,-0.398,-0.27,0.344,0.586,0.186,0.669,0.677,-0.532,0.553,0.088,-0.118,0.375,0.499,-0.289,0.557,-0.505,0.412,0.53,0.572,-0.328,-0.548,0.428,0.625,-0.401,-0.356,0.629,-0.149,0.37,-0.523,0.658,0.346,-0.187,0.617,-0.353,-0.44,0.161,-0.457,-0.433,-0.284,-0.268,0.466,0.022,0.568,0.252,-0.148,-0.459,-0.19,0.568,-0.504,0.392,0.383,-0.586,-0.193,0.379,-0.075,0.311,0.385,-0.211,-0.337,-0.489,0.148,0.427,-0.444,0.64,0.462,-0.12,0.488,0.553,0.305,-0.492,0.469,0.462,-0.299,0.363,-0.015,-0.453,-0.13,0.296,-0.517,-0.017,0.639,0.585,-0.43,0.504,-0.444,0.643,0.413,-0.626,-0.521,0.621,0.659,0.276,0.261,-0.616,0.469,0.346,0.541,-0.507,-0.441,-0.419,-0.467
AMGN,-0.572,-0.162,0.695,-0.247,0.723,-0.234,0.102,-0.443,-0.142,-0.143,0.801,0.473,1.0,-0.136,0.347,0.525,-0.416,0.53,0.663,0.749,-0.364,0.627,0.392,0.478,0.07,0.637,0.774,-0.452,0.405,0.599,0.621,-0.422,0.631,0.037,0.554,-0.17,0.691,0.164,0.541,-0.366,0.764,-0.408,0.349,-0.531,-0.141,0.196,-0.135,-0.061,0.549,-0.212,-0.277,-0.53,-0.153,-0.415,-0.019,-0.622,-0.531,-0.108,0.562,0.51,-0.267,0.192,-0.306,-0.175,-0.431,-0.463,-0.279,-0.493,-0.2,0.72,-0.426,0.327,-0.455,0.553,-0.348,0.728,0.409,0.397,0.005,0.017,0.692,-0.216,-0.447,-0.105,-0.507,0.351,-0.571,0.478,-0.195,0.761,0.622,0.534,-0.274,0.76,0.433,0.78,0.808,0.732,-0.363,-0.446,-0.256,0.667,0.797,0.538,0.577,0.497,-0.561,0.751,0.476,0.058,0.551,0.76,-0.229,0.139,-0.561,0.494,0.711,0.873,-0.471,-0.558,0.683,0.57,-0.586,-0.349,0.734,-0.082,0.127,-0.186,0.471,0.438,0.05,0.583,-0.572,-0.379,0.666,-0.468,-0.331,0.321,-0.221,0.503,-0.255,0.702,0.409,-0.31,-0.201,-0.549,0.564,-0.516,0.662,0.69,-0.567,-0.189,0.006,0.073,0.487,-0.204,-0.353,-0.513,-0.446,0.153,0.41,-0.479,0.178,0.437,0.22,0.785,0.635,0.537,-0.476,0.647,0.635,-0.387,0.627,0.089,-0.479,0.053,0.538,-0.593,-0.102,0.76,0.697,-0.359,0.727,-0.431,0.701,0.808,-0.463,-0.355,0.629,0.659,0.451,0.028,-0.639,0.637,0.411,0.16,-0.504,-0.481,-0.21,-0.447
AMZN,0.4,-0.165,-0.293,0.73,-0.278,0.736,-0.47,0.145,0.679,0.498,0.176,-0.328,-0.136,1.0,-0.473,-0.579,0.185,-0.391,0.214,0.201,0.535,0.328,-0.622,-0.211,0.661,-0.339,-0.115,0.67,-0.562,-0.444,-0.449,0.428,-0.426,0.361,-0.549,0.591,0.172,0.521,-0.521,0.509,-0.423,0.538,-0.318,0.551,0.747,0.21,0.737,0.751,-0.277,0.564,-0.04,0.459,-0.253,0.676,0.662,0.058,0.535,0.277,-0.543,-0.58,0.224,0.552,-0.342,0.696,0.634,0.455,0.793,0.672,0.45,-0.236,0.628,-0.356,0.519,-0.101,0.725,-0.198,-0.555,0.605,0.609,0.607,0.052,0.641,0.676,0.475,0.529,0.37,0.472,-0.455,0.819,-0.181,-0.449,0.376,0.201,-0.409,-0.02,-0.379,-0.293,0.132,0.692,0.651,0.329,-0.367,-0.356,-0.423,-0.423,0.178,0.429,-0.282,0.38,0.634,-0.169,-0.373,0.816,0.161,0.24,-0.547,0.16,-0.127,0.643,0.382,0.051,-0.45,-0.164,0.58,-0.469,0.664,0.214,0.606,-0.458,0.278,0.637,-0.251,0.221,0.479,0.134,0.466,0.667,0.563,0.693,-0.267,0.294,-0.191,-0.321,0.585,0.491,0.497,0.002,0.153,-0.379,-0.198,0.469,0.578,0.3,-0.011,-0.492,-0.028,-0.033,0.188,0.522,0.551,0.057,0.411,-0.627,-0.532,0.526,-0.154,0.044,-0.264,0.505,-0.223,-0.468,0.648,-0.221,0.655,0.463,0.429,0.356,0.565,0.461,-0.459,-0.404,0.497,-0.494,0.521,-0.287,-0.254,0.592,0.689,-0.234,-0.264,-0.494,-0.674,0.439,-0.275,-0.601,-0.093,0.52,0.664,0.582,0.565
APA,-0.466,-0.017,0.603,-0.411,0.423,-0.542,0.362,-0.473,-0.273,-0.456,0.157,0.227,0.347,-0.473,1.0,0.822,-0.335,0.686,0.153,0.115,-0.421,0.065,0.532,0.157,-0.317,0.513,0.349,-0.453,0.554,0.643,0.824,-0.503,0.576,-0.051,0.543,-0.238,0.308,-0.149,0.841,-0.483,0.636,-0.488,0.312,-0.527,-0.509,-0.217,-0.247,-0.467,0.312,-0.242,-0.003,-0.459,0.248,-0.565,-0.46,-0.288,-0.598,-0.199,0.721,0.494,-0.332,-0.286,0.017,-0.461,-0.5,-0.351,-0.48,-0.497,-0.397,0.62,-0.493,0.443,-0.56,0.444,-0.532,0.586,0.651,-0.196,-0.402,-0.399,0.12,-0.437,-0.42,-0.463,-0.588,0.08,-0.593,0.311,-0.437,0.588,0.598,0.112,-0.226,0.525,0.139,0.532,0.392,0.245,-0.431,-0.554,-0.513,0.465,0.541,0.312,0.549,-0.027,-0.431,0.46,0.203,-0.213,0.517,0.7,-0.49,-0.054,-0.518,0.856,0.138,0.397,-0.591,-0.516,0.282,0.445,-0.029,-0.411,0.413,-0.512,-0.257,-0.473,0.431,0.043,-0.396,0.349,-0.411,-0.291,0.393,-0.315,-0.592,-0.08,-0.415,0.44,-0.316,0.453,0.39,-0.38,-0.444,-0.593,0.483,-0.346,0.73,0.64,-0.505,-0.55,-0.214,-0.043,0.703,-0.111,-0.19,-0.435,-0.479,-0.315,0.16,-0.331,0.297,0.611,-0.247,0.385,0.16,0.261,-0.591,0.513,0.566,-0.596,0.698,-0.212,-0.534,-0.147,-0.041,-0.548,-0.421,0.466,0.389,-0.279,0.47,-0.466,0.465,0.498,-0.418,-0.508,0.283,0.506,0.585,0.404,-0.538,0.545,0.856,0.055,-0.456,-0.409,-0.489,-0.486
APPS,-0.636,0.041,0.748,-0.556,0.612,-0.567,0.387,-0.525,-0.371,-0.491,0.327,0.424,0.525,-0.579,0.822,1.0,-0.43,0.743,0.239,0.247,-0.531,0.168,0.744,0.36,-0.451,0.636,0.498,-0.667,0.718,0.833,0.929,-0.619,0.718,-0.18,0.713,-0.469,0.367,-0.232,0.967,-0.551,0.751,-0.701,0.463,-0.679,-0.628,-0.22,-0.452,-0.526,0.474,-0.393,-0.165,-0.534,0.232,-0.71,-0.42,-0.404,-0.794,-0.223,0.863,0.652,-0.311,-0.307,0.05,-0.585,-0.589,-0.572,-0.653,-0.7,-0.605,0.756,-0.656,0.503,-0.602,0.545,-0.671,0.676,0.822,-0.183,-0.386,-0.385,0.337,-0.577,-0.624,-0.401,-0.727,0.028,-0.721,0.468,-0.573,0.698,0.757,0.165,-0.305,0.7,0.219,0.668,0.553,0.387,-0.566,-0.674,-0.558,0.616,0.726,0.485,0.706,0.174,-0.554,0.619,0.184,-0.243,0.62,0.832,-0.617,0.03,-0.629,0.969,0.209,0.517,-0.713,-0.668,0.362,0.613,-0.232,-0.559,0.638,-0.561,-0.147,-0.586,0.628,0.127,-0.482,0.51,-0.422,-0.452,0.472,-0.484,-0.725,-0.144,-0.597,0.533,-0.242,0.586,0.508,-0.613,-0.525,-0.737,0.519,-0.502,0.841,0.72,-0.711,-0.586,-0.159,-0.142,0.838,-0.071,-0.328,-0.523,-0.656,-0.259,0.312,-0.645,0.413,0.744,-0.257,0.477,0.186,0.34,-0.687,0.615,0.758,-0.738,0.776,-0.347,-0.63,-0.158,0.004,-0.775,-0.539,0.639,0.613,-0.471,0.595,-0.558,0.672,0.648,-0.571,-0.655,0.337,0.601,0.698,0.509,-0.706,0.627,0.953,0.004,-0.589,-0.64,-0.621,-0.643
ARCC,0.644,0.548,-0.336,0.382,-0.281,0.206,-0.043,0.516,0.14,0.378,-0.248,-0.058,-0.416,0.185,-0.335,-0.43,1.0,-0.414,-0.4,-0.226,0.546,-0.106,-0.125,-0.083,0.121,-0.437,-0.496,0.501,-0.446,-0.422,-0.44,0.499,-0.244,0.515,-0.417,0.552,-0.19,-0.127,-0.506,0.61,-0.301,0.573,-0.216,0.638,0.379,0.213,0.379,0.29,-0.06,0.236,0.539,0.587,-0.134,0.53,0.154,0.486,0.385,0.449,-0.421,-0.237,0.57,-0.202,0.53,-0.02,0.452,0.542,0.45,0.644,0.483,-0.375,0.392,-0.411,0.487,-0.501,0.245,-0.296,-0.3,-0.008,0.139,0.12,-0.221,0.388,0.639,0.465,0.448,0.303,0.606,-0.114,0.32,-0.508,-0.406,-0.173,0.346,-0.452,-0.19,-0.283,-0.41,-0.204,0.449,0.605,0.653,-0.484,-0.288,-0.302,-0.349,0.007,0.542,-0.376,-0.361,0.103,-0.504,-0.466,0.386,0.36,0.644,-0.403,-0.035,-0.172,0.615,0.618,-0.391,-0.085,0.383,0.518,-0.257,0.514,0.26,0.293,-0.156,-0.127,0.356,-0.323,0.404,0.445,-0.506,0.401,0.498,-0.105,0.497,-0.378,0.432,-0.286,-0.4,0.59,0.13,0.492,-0.151,0.54,-0.556,-0.552,0.534,0.568,0.325,0.287,-0.463,0.529,0.505,0.499,0.356,0.003,-0.285,0.652,0.218,-0.292,0.071,-0.326,-0.152,-0.417,0.515,-0.55,-0.474,0.547,-0.501,0.249,0.613,0.251,-0.012,0.608,0.434,-0.327,-0.434,0.498,-0.393,0.591,-0.342,-0.451,0.474,0.495,-0.105,-0.425,-0.45,-0.044,0.323,-0.356,-0.433,0.172,0.587,0.642,0.392,0.597
ARDX,-0.568,0.056,0.654,-0.476,0.678,-0.377,0.439,-0.484,-0.412,-0.526,0.377,0.352,0.53,-0.391,0.686,0.743,-0.414,1.0,0.277,0.238,-0.532,0.233,0.505,0.28,-0.259,0.637,0.518,-0.564,0.607,0.788,0.782,-0.526,0.721,-0.064,0.636,-0.255,0.339,0.009,0.724,-0.426,0.684,-0.598,0.283,-0.63,-0.478,-0.161,-0.374,-0.454,0.417,-0.238,-0.125,-0.517,0.185,-0.54,-0.397,-0.53,-0.652,-0.206,0.803,0.559,-0.408,-0.132,-0.034,-0.359,-0.467,-0.343,-0.418,-0.571,-0.393,0.624,-0.529,0.468,-0.562,0.569,-0.536,0.605,0.67,-0.112,-0.331,-0.336,0.315,-0.414,-0.538,-0.486,-0.674,0.12,-0.705,0.395,-0.292,0.797,0.635,0.146,-0.377,0.689,0.118,0.566,0.603,0.409,-0.552,-0.516,-0.572,0.463,0.707,0.46,0.533,0.137,-0.613,0.64,0.32,-0.268,0.651,0.774,-0.362,0.027,-0.615,0.675,0.407,0.521,-0.577,-0.627,0.342,0.47,-0.15,-0.597,0.647,-0.443,-0.259,-0.394,0.581,0.234,-0.416,0.51,-0.577,-0.225,0.562,-0.304,-0.677,0.029,-0.461,0.52,-0.447,0.463,0.472,-0.447,-0.341,-0.712,0.489,-0.475,0.681,0.756,-0.578,-0.521,-0.226,-0.102,0.753,-0.141,-0.289,-0.502,-0.498,-0.167,0.246,-0.484,0.314,0.602,-0.272,0.443,0.322,0.409,-0.599,0.616,0.656,-0.61,0.663,-0.078,-0.516,-0.082,0.109,-0.631,-0.348,0.601,0.582,-0.263,0.658,-0.582,0.598,0.591,-0.507,-0.587,0.483,0.666,0.715,0.385,-0.564,0.611,0.644,0.068,-0.604,-0.555,-0.554,-0.644
ATER,-0.435,-0.358,0.475,-0.028,0.442,0.033,-0.246,-0.429,0.191,-0.019,0.708,0.237,0.663,0.214,0.153,0.239,-0.4,0.277,1.0,0.728,-0.117,0.708,0.091,0.351,0.335,0.573,0.606,-0.211,0.175,0.371,0.374,-0.151,0.316,0.151,0.313,0.023,0.668,0.312,0.288,-0.156,0.427,-0.076,0.223,-0.267,0.095,0.207,0.169,0.248,0.31,0.116,-0.355,-0.366,-0.302,-0.164,0.256,-0.662,-0.41,-0.025,0.276,0.163,-0.236,0.36,-0.489,0.096,-0.191,-0.225,-0.013,-0.182,-0.059,0.525,-0.171,0.195,-0.22,0.555,-0.075,0.486,0.165,0.469,0.326,0.334,0.716,0.087,-0.152,0.176,-0.261,0.395,-0.331,0.191,0.091,0.592,0.547,0.699,-0.096,0.406,0.438,0.51,0.535,0.717,-0.066,-0.183,-0.034,0.584,0.433,0.167,0.407,0.433,-0.352,0.526,0.585,0.319,0.535,0.479,0.072,0.112,-0.395,0.25,0.587,0.571,-0.331,-0.423,0.719,0.297,-0.698,-0.105,0.358,0.207,0.282,-0.023,0.185,0.528,0.472,0.433,-0.501,-0.201,0.633,-0.267,0.058,0.559,0.02,0.51,-0.164,0.522,0.305,-0.027,-0.041,-0.264,0.475,-0.438,0.516,0.608,-0.332,0.108,0.11,0.101,0.257,-0.258,-0.328,-0.499,-0.096,0.352,0.453,-0.236,-0.131,0.27,0.468,0.669,0.506,0.342,-0.218,0.479,0.476,-0.225,0.516,0.327,-0.33,0.24,0.661,-0.347,0.099,0.431,0.449,-0.136,0.282,-0.307,0.43,0.59,-0.282,-0.082,0.343,0.497,0.307,-0.303,-0.443,0.579,0.108,0.114,-0.288,-0.181,0.169,-0.212
ATOS,-0.324,-0.168,0.601,0.073,0.55,-0.022,-0.287,-0.372,0.144,-0.002,0.759,0.371,0.749,0.201,0.115,0.247,-0.226,0.238,0.728,1.0,-0.133,0.722,0.196,0.46,0.335,0.479,0.664,-0.183,0.181,0.465,0.389,-0.172,0.285,0.136,0.304,0.002,0.718,0.191,0.252,-0.16,0.493,-0.173,0.299,-0.293,0.182,0.121,0.16,0.203,0.401,-0.01,-0.478,-0.287,-0.278,-0.096,0.303,-0.427,-0.455,0.06,0.3,0.259,-0.107,0.236,-0.301,-0.059,-0.161,-0.332,0.036,-0.145,-0.153,0.595,-0.163,0.226,-0.092,0.552,-0.115,0.452,0.248,0.582,0.319,0.321,0.783,0.038,-0.102,0.354,-0.225,0.432,-0.219,0.27,0.063,0.599,0.444,0.746,0.011,0.536,0.416,0.565,0.652,0.68,0.024,-0.082,-0.025,0.469,0.516,0.109,0.403,0.543,-0.269,0.613,0.466,0.325,0.491,0.541,-0.01,0.301,-0.423,0.223,0.595,0.696,-0.239,-0.454,0.724,0.387,-0.622,-0.071,0.512,0.154,0.272,-0.024,0.268,0.628,0.298,0.372,-0.277,-0.282,0.579,-0.412,0.016,0.484,0.064,0.482,0.004,0.565,0.274,-0.014,-0.224,-0.222,0.625,-0.502,0.501,0.502,-0.444,0.245,0.336,-0.029,0.244,-0.061,-0.286,-0.357,-0.315,0.373,0.479,-0.297,-0.061,0.219,0.439,0.769,0.456,0.194,-0.264,0.453,0.45,-0.092,0.436,0.296,-0.179,0.202,0.758,-0.379,0.012,0.464,0.49,-0.144,0.303,-0.191,0.589,0.683,-0.273,-0.05,0.356,0.455,0.163,-0.179,-0.483,0.665,0.103,0.138,-0.294,-0.133,0.123,-0.17
AUPH,0.547,-0.009,-0.559,0.625,-0.485,0.659,-0.388,0.457,0.612,0.6,-0.187,-0.435,-0.364,0.535,-0.421,-0.531,0.546,-0.532,-0.117,-0.133,1.0,-0.06,-0.493,-0.243,0.418,-0.552,-0.372,0.814,-0.735,-0.601,-0.499,0.726,-0.505,0.624,-0.646,0.756,0.028,0.199,-0.526,0.85,-0.565,0.762,-0.402,0.811,0.691,0.398,0.714,0.676,-0.499,0.685,0.5,0.857,-0.294,0.77,0.559,0.344,0.573,0.231,-0.612,-0.642,0.713,0.236,-0.097,0.408,0.842,0.62,0.7,0.726,0.686,-0.501,0.652,-0.575,0.774,-0.237,0.641,-0.152,-0.613,0.499,0.247,0.256,-0.038,0.674,0.858,0.615,0.705,0.397,0.665,-0.464,0.612,-0.435,-0.574,-0.023,0.164,-0.519,-0.247,-0.582,-0.522,-0.187,0.88,0.761,0.727,-0.538,-0.566,-0.374,-0.669,-0.086,0.822,-0.418,0.041,0.523,-0.527,-0.515,0.697,0.006,0.619,-0.514,-0.052,-0.209,0.697,0.688,-0.308,-0.485,0.266,0.921,-0.516,0.641,0.282,0.759,-0.479,0.162,0.623,-0.422,0.448,0.749,-0.169,0.758,0.739,0.417,0.668,-0.523,0.535,-0.496,-0.557,0.662,0.527,0.605,-0.204,0.558,-0.529,-0.328,0.657,0.714,0.101,0.352,-0.635,0.082,0.4,0.399,0.707,0.432,-0.286,0.714,-0.395,-0.584,0.355,-0.363,-0.148,-0.308,0.715,-0.318,-0.638,0.66,-0.471,0.462,0.795,0.635,0.099,0.67,0.493,-0.589,-0.577,0.688,-0.58,0.932,-0.593,-0.477,0.888,0.824,-0.255,-0.618,-0.51,-0.486,0.58,-0.505,-0.551,-0.028,0.941,0.802,0.718,0.788
AVGO,-0.184,0.032,0.49,0.038,0.575,-0.013,-0.182,-0.189,0.184,-0.045,0.819,0.525,0.627,0.328,0.065,0.168,-0.106,0.233,0.708,0.722,-0.06,1.0,0.073,0.328,0.406,0.49,0.623,-0.051,0.052,0.33,0.329,-0.191,0.318,0.306,0.203,0.214,0.723,0.389,0.228,-0.091,0.416,-0.1,0.045,-0.153,0.241,0.231,0.322,0.378,0.535,0.06,-0.343,-0.269,-0.407,-0.119,0.225,-0.533,-0.272,0.297,0.187,0.246,-0.18,0.368,-0.194,0.109,-0.078,-0.191,0.204,0.029,0.016,0.546,-0.197,0.134,-0.208,0.535,0.006,0.522,0.235,0.577,0.544,0.537,0.728,0.176,0.007,0.331,-0.272,0.559,-0.262,0.346,0.31,0.519,0.438,0.816,0.044,0.455,0.491,0.53,0.533,0.884,0.072,-0.058,-0.05,0.41,0.555,0.106,0.425,0.735,-0.357,0.579,0.599,0.293,0.475,0.442,0.213,0.524,-0.405,0.171,0.811,0.612,-0.041,-0.313,0.647,0.286,-0.632,0.007,0.399,0.335,0.369,0.028,0.323,0.62,0.393,0.565,-0.403,-0.08,0.507,-0.18,0.061,0.407,0.157,0.435,0.044,0.529,0.124,0.182,-0.029,-0.083,0.698,-0.456,0.372,0.501,-0.283,0.201,0.436,0.022,0.133,0.129,-0.307,-0.399,-0.162,0.564,0.416,-0.165,0.023,0.181,0.396,0.608,0.693,0.357,-0.254,0.462,0.309,-0.02,0.467,0.541,-0.224,0.215,0.829,-0.227,0.299,0.416,0.381,-0.08,0.277,-0.126,0.465,0.538,-0.219,-0.09,0.536,0.592,0.046,-0.29,-0.474,0.491,0.045,0.304,-0.19,-0.013,0.099,-0.131
AZN,-0.506,0.262,0.716,-0.518,0.605,-0.629,0.41,-0.333,-0.48,-0.369,0.239,0.508,0.392,-0.622,0.532,0.744,-0.125,0.505,0.091,0.196,-0.493,0.073,1.0,0.541,-0.565,0.498,0.379,-0.633,0.772,0.709,0.665,-0.628,0.718,-0.262,0.741,-0.489,0.23,-0.352,0.684,-0.457,0.674,-0.616,0.628,-0.614,-0.643,-0.223,-0.511,-0.558,0.62,-0.525,-0.17,-0.507,0.326,-0.605,-0.429,-0.171,-0.734,-0.097,0.77,0.671,-0.253,-0.408,0.319,-0.703,-0.593,-0.406,-0.595,-0.562,-0.614,0.648,-0.541,0.564,-0.494,0.308,-0.625,0.421,0.813,-0.27,-0.411,-0.422,0.194,-0.493,-0.557,-0.34,-0.567,-0.016,-0.6,0.489,-0.607,0.415,0.622,0.055,-0.128,0.62,0.3,0.651,0.427,0.317,-0.509,-0.523,-0.401,0.494,0.691,0.266,0.701,0.271,-0.508,0.561,-0.145,-0.312,0.481,0.657,-0.622,0.211,-0.516,0.733,0.153,0.441,-0.621,-0.569,0.276,0.62,-0.189,-0.543,0.627,-0.502,-0.019,-0.735,0.805,-0.002,-0.438,0.393,-0.315,-0.538,0.169,-0.585,-0.678,-0.318,-0.477,0.44,-0.013,0.573,0.512,-0.476,-0.502,-0.626,0.379,-0.369,0.557,0.423,-0.57,-0.486,-0.019,-0.042,0.743,0.148,-0.119,-0.282,-0.643,-0.354,0.361,-0.568,0.638,0.774,-0.298,0.454,0.094,0.106,-0.555,0.396,0.717,-0.593,0.564,-0.364,-0.54,-0.26,-0.038,-0.656,-0.454,0.702,0.632,-0.59,0.492,-0.472,0.646,0.516,-0.569,-0.592,0.275,0.457,0.551,0.775,-0.619,0.479,0.695,0.074,-0.496,-0.56,-0.561,-0.545
BCRX,-0.25,0.172,0.549,-0.244,0.512,-0.21,-0.017,-0.206,-0.141,-0.14,0.45,0.483,0.478,-0.211,0.157,0.36,-0.083,0.28,0.351,0.46,-0.243,0.328,0.541,1.0,-0.163,0.315,0.397,-0.405,0.438,0.461,0.365,-0.373,0.395,0.025,0.449,-0.182,0.337,0.136,0.395,-0.288,0.447,-0.374,0.323,-0.426,-0.257,0.051,-0.146,-0.029,0.552,-0.219,-0.292,-0.348,-0.18,-0.317,0.006,-0.381,-0.525,0.019,0.345,0.457,-0.081,0.01,0.168,-0.288,-0.374,-0.296,-0.214,-0.23,-0.277,0.482,-0.313,0.185,-0.293,0.29,-0.278,0.388,0.487,0.129,0.032,0.017,0.406,-0.184,-0.338,-0.002,-0.392,0.237,-0.453,0.406,-0.212,0.372,0.414,0.202,-0.127,0.429,0.482,0.481,0.433,0.437,-0.258,-0.098,-0.101,0.421,0.441,0.18,0.487,0.549,-0.408,0.527,0.116,0.048,0.265,0.424,-0.248,0.318,-0.449,0.348,0.328,0.505,-0.35,-0.503,0.543,0.385,-0.488,-0.279,0.522,-0.176,0.275,-0.396,0.63,0.26,0.027,0.482,-0.242,-0.394,0.271,-0.396,-0.314,-0.017,-0.159,0.215,0.156,0.514,0.194,-0.049,-0.116,-0.283,0.282,-0.413,0.368,0.357,-0.485,-0.111,0.197,-0.071,0.291,0.171,-0.132,-0.218,-0.244,0.067,0.708,-0.293,0.327,0.341,-0.011,0.537,0.297,0.103,-0.173,0.343,0.561,-0.376,0.401,-0.065,-0.364,0.129,0.233,-0.422,-0.167,0.493,0.788,-0.327,0.247,-0.307,0.591,0.358,-0.441,-0.358,0.269,0.402,0.263,0.296,-0.285,0.326,0.264,0.18,-0.345,-0.312,-0.224,-0.385
BGC,0.22,-0.395,-0.191,0.386,-0.157,0.587,-0.409,0.071,0.652,0.21,0.245,-0.25,0.07,0.661,-0.317,-0.451,0.121,-0.259,0.335,0.335,0.418,0.406,-0.565,-0.163,1.0,-0.162,0.126,0.53,-0.465,-0.319,-0.271,0.291,-0.3,0.429,-0.409,0.589,0.446,0.562,-0.386,0.421,-0.245,0.466,-0.399,0.316,0.608,0.303,0.714,0.613,-0.192,0.549,-0.098,0.338,-0.484,0.491,0.498,-0.201,0.393,0.159,-0.399,-0.277,0.246,0.556,-0.484,0.639,0.522,0.333,0.687,0.502,0.549,-0.026,0.466,-0.22,0.37,0.197,0.517,0.063,-0.505,0.663,0.545,0.544,0.312,0.682,0.561,0.478,0.316,0.472,0.278,-0.265,0.66,0.088,-0.347,0.549,0.074,-0.225,-0.058,-0.153,-0.031,0.131,0.586,0.477,0.266,-0.112,-0.151,-0.255,-0.319,0.116,0.194,-0.017,0.406,0.474,-0.029,-0.207,0.63,-0.013,0.105,-0.429,0.288,0.025,0.396,0.171,0.315,-0.398,-0.266,0.51,-0.27,0.543,0.169,0.589,-0.415,0.432,0.609,-0.118,0.023,0.453,0.325,0.374,0.568,0.678,0.6,-0.086,0.031,-0.091,-0.153,0.548,0.354,0.311,0.147,-0.069,-0.098,0.028,0.368,0.54,0.194,0.101,-0.393,-0.166,-0.003,-0.021,0.471,0.609,-0.118,0.447,-0.419,-0.371,0.509,0.132,0.334,0.162,0.233,0.027,-0.29,0.505,-0.019,0.741,0.395,0.376,0.584,0.45,0.556,-0.271,-0.212,0.468,-0.245,0.393,-0.258,0.006,0.384,0.408,0.01,-0.085,-0.352,-0.732,0.194,-0.038,-0.484,-0.001,0.378,0.563,0.613,0.307
BIDU,-0.645,-0.01,0.677,-0.549,0.64,-0.499,0.166,-0.461,-0.41,-0.515,0.468,0.524,0.637,-0.339,0.513,0.636,-0.437,0.637,0.573,0.479,-0.552,0.49,0.498,0.315,-0.162,1.0,0.665,-0.598,0.562,0.697,0.702,-0.591,0.595,-0.217,0.644,-0.369,0.421,-0.152,0.644,-0.564,0.624,-0.542,0.306,-0.601,-0.521,-0.187,-0.395,-0.4,0.523,-0.429,-0.36,-0.636,-0.076,-0.635,-0.386,-0.54,-0.765,-0.187,0.65,0.606,-0.536,-0.207,-0.116,-0.468,-0.614,-0.547,-0.544,-0.611,-0.391,0.645,-0.716,0.48,-0.651,0.705,-0.627,0.549,0.609,-0.056,0.052,0.073,0.478,-0.399,-0.545,-0.182,-0.636,-0.035,-0.669,0.592,-0.353,0.7,0.921,0.46,-0.293,0.73,0.23,0.7,0.617,0.566,-0.493,-0.664,-0.465,0.731,0.688,0.352,0.608,0.327,-0.676,0.681,0.306,-0.297,0.808,0.741,-0.465,0.135,-0.51,0.601,0.463,0.55,-0.657,-0.646,0.519,0.612,-0.431,-0.541,0.642,-0.225,0.112,-0.476,0.524,0.294,-0.19,0.566,-0.632,-0.496,0.426,-0.529,-0.428,-0.077,-0.51,0.928,-0.347,0.541,0.429,-0.476,-0.535,-0.66,0.655,-0.64,0.692,0.687,-0.651,-0.324,-0.035,-0.145,0.606,-0.112,-0.274,-0.715,-0.59,-0.004,0.237,-0.55,0.313,0.627,-0.214,0.59,0.457,0.45,-0.735,0.718,0.674,-0.682,0.624,-0.101,-0.624,-0.227,0.397,-0.701,-0.328,0.705,0.611,-0.481,0.686,-0.614,0.651,0.66,-0.673,-0.581,0.599,0.717,0.461,0.233,-0.793,0.782,0.534,0.097,-0.64,-0.598,-0.466,-0.619
BILI,-0.539,-0.229,0.679,-0.31,0.673,-0.214,0.048,-0.404,-0.083,-0.285,0.748,0.475,0.774,-0.115,0.349,0.498,-0.496,0.518,0.606,0.664,-0.372,0.623,0.379,0.397,0.126,0.665,1.0,-0.392,0.465,0.639,0.603,-0.524,0.53,-0.1,0.547,-0.221,0.738,0.155,0.545,-0.407,0.673,-0.51,0.265,-0.594,-0.115,0.104,-0.085,-0.128,0.48,-0.167,-0.458,-0.506,-0.191,-0.385,-0.047,-0.624,-0.56,-0.128,0.585,0.438,-0.315,0.154,-0.383,-0.113,-0.404,-0.492,-0.229,-0.471,-0.269,0.713,-0.436,0.445,-0.444,0.731,-0.384,0.712,0.435,0.392,0.101,0.122,0.692,-0.133,-0.411,-0.093,-0.541,0.296,-0.614,0.49,-0.173,0.75,0.596,0.542,-0.289,0.872,0.378,0.642,0.733,0.662,-0.268,-0.422,-0.427,0.549,0.654,0.348,0.539,0.458,-0.599,0.784,0.514,0.105,0.675,0.741,-0.218,0.127,-0.67,0.464,0.623,0.686,-0.419,-0.643,0.71,0.396,-0.466,-0.274,0.674,-0.186,0.111,-0.25,0.479,0.516,-0.04,0.616,-0.541,-0.359,0.691,-0.421,-0.388,0.226,-0.251,0.572,-0.261,0.566,0.488,-0.287,-0.284,-0.518,0.598,-0.552,0.614,0.701,-0.498,-0.236,-0.018,-0.122,0.527,-0.202,-0.441,-0.702,-0.375,0.306,0.317,-0.545,0.103,0.489,0.241,0.772,0.588,0.608,-0.494,0.809,0.589,-0.403,0.654,0.134,-0.463,0.016,0.472,-0.603,-0.139,0.702,0.629,-0.387,0.595,-0.434,0.68,0.712,-0.503,-0.443,0.558,0.588,0.422,0.113,-0.652,0.582,0.395,0.138,-0.485,-0.441,-0.273,-0.555
BKR,0.696,-0.064,-0.652,0.633,-0.535,0.714,-0.293,0.521,0.715,0.521,-0.309,-0.502,-0.452,0.67,-0.453,-0.667,0.501,-0.564,-0.211,-0.183,0.814,-0.051,-0.633,-0.405,0.53,-0.598,-0.392,1.0,-0.691,-0.681,-0.601,0.662,-0.528,0.56,-0.666,0.815,-0.005,0.377,-0.622,0.734,-0.668,0.763,-0.479,0.804,0.71,0.386,0.821,0.648,-0.526,0.669,0.357,0.776,-0.312,0.816,0.473,0.352,0.758,0.254,-0.643,-0.763,0.554,0.4,-0.132,0.6,0.829,0.678,0.886,0.88,0.716,-0.463,0.688,-0.458,0.676,-0.321,0.801,-0.264,-0.617,0.414,0.348,0.342,-0.229,0.753,0.922,0.505,0.755,0.359,0.709,-0.444,0.731,-0.508,-0.69,0.073,0.182,-0.592,-0.299,-0.69,-0.593,-0.23,0.818,0.775,0.584,-0.594,-0.604,-0.387,-0.672,-0.144,0.702,-0.508,0.076,0.455,-0.465,-0.675,0.8,-0.056,0.568,-0.603,-0.064,-0.314,0.79,0.679,-0.333,-0.634,0.237,0.835,-0.644,0.624,0.239,0.73,-0.571,0.048,0.536,-0.405,0.315,0.784,-0.21,0.796,0.746,0.34,0.785,-0.559,0.388,-0.575,-0.489,0.805,0.611,0.654,-0.201,0.482,-0.653,-0.421,0.788,0.686,0.121,0.231,-0.606,0.015,0.296,0.428,0.788,0.47,-0.351,0.756,-0.544,-0.595,0.334,-0.444,-0.04,-0.299,0.66,-0.359,-0.687,0.746,-0.436,0.615,0.768,0.461,0.097,0.862,0.57,-0.679,-0.676,0.717,-0.614,0.828,-0.721,-0.546,0.848,0.793,-0.21,-0.552,-0.533,-0.596,0.678,-0.544,-0.621,-0.034,0.871,0.921,0.646,0.765
BLDP,-0.594,0.019,0.745,-0.676,0.554,-0.583,0.578,-0.374,-0.41,-0.624,0.233,0.381,0.405,-0.562,0.554,0.718,-0.446,0.607,0.175,0.181,-0.735,0.052,0.772,0.438,-0.465,0.562,0.465,-0.691,1.0,0.72,0.655,-0.736,0.754,-0.427,0.837,-0.528,0.241,-0.252,0.707,-0.67,0.683,-0.748,0.508,-0.745,-0.727,-0.215,-0.577,-0.644,0.474,-0.605,-0.366,-0.709,0.446,-0.724,-0.481,-0.325,-0.707,-0.23,0.839,0.637,-0.482,-0.31,0.131,-0.51,-0.741,-0.497,-0.626,-0.648,-0.685,0.716,-0.546,0.757,-0.743,0.378,-0.665,0.437,0.781,-0.322,-0.413,-0.428,0.108,-0.509,-0.692,-0.598,-0.715,-0.123,-0.742,0.527,-0.591,0.522,0.624,0.081,-0.363,0.636,0.171,0.595,0.512,0.318,-0.693,-0.62,-0.674,0.589,0.673,0.41,0.71,0.114,-0.772,0.534,0.026,-0.382,0.659,0.68,-0.607,-0.077,-0.679,0.718,0.138,0.368,-0.636,-0.67,0.407,0.492,-0.274,-0.759,0.616,-0.659,-0.141,-0.776,0.69,-0.092,-0.573,0.491,-0.464,-0.543,0.323,-0.547,-0.818,-0.338,-0.581,0.481,-0.424,0.569,0.733,-0.547,-0.49,-0.736,0.339,-0.547,0.579,0.458,-0.585,-0.674,-0.209,-0.183,0.859,-0.176,-0.308,-0.408,-0.529,-0.364,0.342,-0.69,0.409,0.833,-0.364,0.402,0.171,0.327,-0.663,0.516,0.847,-0.765,0.696,-0.34,-0.714,-0.456,-0.1,-0.691,-0.485,0.658,0.716,-0.701,0.534,-0.704,0.653,0.545,-0.741,-0.77,0.306,0.545,0.662,0.616,-0.541,0.486,0.718,-0.022,-0.688,-0.669,-0.718,-0.783
BLNK,-0.625,0.044,0.838,-0.425,0.721,-0.471,0.283,-0.437,-0.346,-0.428,0.511,0.563,0.599,-0.444,0.643,0.833,-0.422,0.788,0.371,0.465,-0.601,0.33,0.709,0.461,-0.319,0.697,0.639,-0.681,0.72,1.0,0.826,-0.608,0.74,-0.199,0.768,-0.464,0.427,-0.156,0.789,-0.476,0.781,-0.713,0.571,-0.701,-0.489,-0.155,-0.402,-0.433,0.62,-0.277,-0.362,-0.536,0.207,-0.581,-0.255,-0.451,-0.795,-0.104,0.856,0.648,-0.342,-0.171,0.028,-0.532,-0.526,-0.517,-0.527,-0.623,-0.6,0.77,-0.572,0.582,-0.488,0.642,-0.635,0.579,0.853,-0.043,-0.245,-0.251,0.503,-0.475,-0.63,-0.267,-0.656,0.139,-0.7,0.561,-0.476,0.841,0.729,0.29,-0.129,0.78,0.416,0.736,0.663,0.522,-0.545,-0.572,-0.523,0.578,0.765,0.359,0.744,0.335,-0.594,0.692,0.308,-0.074,0.704,0.837,-0.532,0.166,-0.712,0.769,0.378,0.62,-0.613,-0.76,0.552,0.648,-0.361,-0.59,0.724,-0.462,-0.001,-0.55,0.663,0.361,-0.362,0.552,-0.459,-0.492,0.593,-0.574,-0.672,-0.018,-0.442,0.613,-0.223,0.695,0.604,-0.494,-0.539,-0.606,0.553,-0.616,0.792,0.779,-0.713,-0.453,0.03,-0.134,0.847,-0.009,-0.372,-0.521,-0.658,-0.077,0.422,-0.655,0.383,0.77,-0.112,0.618,0.284,0.343,-0.661,0.647,0.799,-0.582,0.701,-0.177,-0.549,-0.023,0.163,-0.78,-0.423,0.724,0.694,-0.394,0.616,-0.646,0.807,0.746,-0.651,-0.61,0.423,0.654,0.757,0.451,-0.715,0.72,0.708,0.193,-0.667,-0.621,-0.517,-0.651
