,AAL,AAPL,ABUS,ADBE,ADI,ADMA,AEP,AGNC,AKBA,ALT,AMAT,AMD,AMGN,AMZN,APA,APPS,ARCC,ARDX,ATER,ATOS,AUPH,AVGO,AZN,BCRX,BGC,BIDU,BILI,BKR,BLDP,BLNK,BYND,CAN,CELH,CG,CGC,CHRD,CLNE,CMCSA,COMM,COST,CPB,CPRT,CRON,CRWD,CSCO,CSGP,CSX,CTSH,CZR,DBX,DDOG,DKNG,DLTR,DOCU,DVAX,DXCM,EA,EBAY,ENPH,ERIC,ESPR,ETSY,EXC,EXEL,EXPE,FANG,FAST,FITB,FLEX,FOLD,FOXA,FSLR,FTNT,FUTU,GEN,GERN,GEVO,GILD,GOOG,GOOGL,GPRO,GT,HBAN,HIVE,HON,HST,HUT,IBRX,INTC,IOVA,IQ,IRWD,JBLU,JD,KDP,KHC,LBTYK,LRCX,LYFT,MAR,MARA,MAT,MCHP,MCRB,MDLZ,META,MGNI,MLCO,MNKD,MNST,MOMO,MRNA,MRVL,MSFT,MSTR,MTCH,MU,MVIS,NDAQ,NFLX,NKTR,NNDM,NTES,NTNX,NVAX,NVDA,NWL,NWSA,NXPI,OCGN,OKTA,ON,OPK,PAA,PACB,PAGP,PANW,PARA,PCAR,PDD,PENN,PEP,PLUG,PTEN,PTON,PYPL,QCOM,QUBT,QVCGA,RDFN,REAL,RIOT,ROKU,ROST,RUN,SABR,SAVA,SBUX,SFIX,SGMO,SIRI,SLM,SMCI,SNDL,SONO,STNE,STX,TCOM,TGTX,TIGR,TLRY,TMUS,TRIP,TSCO,TSLA,TTD,TXN,UAL,UNIT,VERU,VKTX,VLY,VOD,VTRS,VXRT,WBA,WBD,WDAY,WDC,WEN,WW,WYNN,XEL,XP,XRAY,XRX,Z,ZION,ZM,ZS
AAL,1.0,0.561,0.61,0.66,0.828,-0.058,-0.444,0.306,0.638,0.668,0.743,0.627,0.58,0.782,0.758,0.028,0.693,-0.333,0.153,0.751,0.443,0.542,-0.159,-0.047,0.665,0.739,0.044,0.6,0.608,0.45,0.398,0.638,0.61,0.678,0.689,0.695,0.012,0.344,-0.216,0.044,-0.584,0.568,0.635,0.442,0.527,0.621,0.494,0.487,0.437,0.672,0.648,0.686,0.685,0.697,0.503,0.302,-0.023,-0.367,0.504,0.218,0.662,0.644,-0.488,-0.471,0.493,0.606,0.733,0.778,0.721,-0.115,-0.304,0.436,-0.336,0.619,0.781,0.192,0.269,0.291,0.682,0.68,0.567,0.669,0.813,0.688,0.57,0.721,0.712,0.57,0.706,0.106,0.314,0.391,0.41,0.432,-0.294,-0.478,0.499,0.78,0.667,0.715,0.632,0.16,0.819,0.513,-0.505,-0.217,0.616,0.523,0.673,0.24,0.057,0.724,0.7,0.743,0.77,-0.066,0.786,0.608,-0.003,0.407,0.673,0.573,0.631,0.429,0.663,0.595,0.137,0.544,0.734,0.622,0.587,0.591,0.257,0.675,0.668,0.728,0.382,0.585,0.682,-0.239,0.609,-0.219,0.694,0.826,0.669,-0.107,0.733,0.6,0.489,0.665,0.525,0.7,0.714,0.541,-0.029,0.737,-0.621,-0.097,0.667,-0.376,0.66,0.854,0.603,0.695,0.566,0.481,0.731,0.603,0.029,0.69,0.485,-0.543,0.509,0.7,0.75,0.304,0.824,0.835,-0.48,0.73,0.511,0.681,0.168,0.336,0.525,0.615,0.495,0.685,0.73,0.297,0.627,0.687,-0.318,0.17,0.654,0.818,0.345,0.754,0.767,0.639
AAPL,0.561,1.0,0.552,0.841,0.733,0.396,-0.216,0.553,0.531,0.452,0.741,0.738,0.344,0.738,0.703,0.384,0.734,0.027,0.309,0.561,0.474,0.797,0.26,0.11,0.648,0.621,-0.248,0.279,0.254,0.11,0.329,0.423,0.347,0.532,0.527,0.438,0.389,0.177,0.191,0.6,-0.175,0.6,0.591,0.482,0.498,0.204,0.268,0.501,0.517,0.465,0.655,0.581,0.418,0.801,0.495,0.245,-0.036,-0.045,0.409,0.59,0.263,0.359,-0.258,-0.036,0.693,0.704,0.365,0.49,0.565,0.289,0.098,0.672,0.182,0.754,0.515,0.196,0.578,-0.166,0.584,0.571,0.264,0.45,0.503,0.467,0.341,0.501,0.388,0.231,0.509,0.419,0.21,-0.048,-0.117,0.55,-0.073,-0.277,0.196,0.722,0.41,0.555,0.287,0.071,0.64,0.151,-0.045,0.328,0.314,0.216,0.434,-0.102,0.267,0.436,0.812,0.716,0.528,0.021,0.776,0.298,0.037,0.703,0.433,0.129,0.442,0.751,0.291,0.826,-0.212,0.692,0.596,0.384,0.835,0.52,0.569,0.555,0.249,0.53,0.763,0.338,0.467,0.282,0.57,-0.133,0.384,0.41,0.333,0.226,0.614,0.176,0.071,0.537,0.238,0.411,0.808,0.795,0.318,0.275,-0.267,0.358,0.277,-0.304,0.19,0.51,0.466,0.565,0.227,0.652,0.572,0.487,0.383,0.57,0.465,0.0,0.157,0.516,0.539,0.621,0.731,0.612,-0.116,0.425,0.121,0.522,0.519,0.082,0.424,0.214,0.201,0.718,0.591,0.358,0.407,0.504,-0.12,0.529,0.572,0.51,0.645,0.393,0.5,0.812
ABUS,0.61,0.552,1.0,0.549,0.613,0.205,-0.387,0.128,0.679,0.601,0.602,0.574,0.477,0.632,0.679,0.094,0.622,-0.148,0.164,0.743,0.318,0.532,-0.141,0.127,0.588,0.546,-0.009,0.334,0.518,0.406,0.327,0.617,0.521,0.551,0.598,0.599,0.168,0.017,-0.17,0.124,-0.506,0.356,0.648,0.493,0.359,0.39,0.11,0.28,0.184,0.613,0.607,0.598,0.518,0.638,0.527,0.312,-0.16,-0.281,0.53,0.234,0.492,0.548,-0.448,-0.362,0.5,0.552,0.484,0.601,0.602,0.015,-0.242,0.607,-0.22,0.614,0.528,-0.014,0.342,0.108,0.457,0.461,0.509,0.666,0.638,0.603,0.331,0.596,0.45,0.544,0.567,0.364,0.093,0.297,0.133,0.344,-0.352,-0.503,0.269,0.722,0.54,0.653,0.503,0.134,0.628,0.359,-0.424,-0.136,0.514,0.376,0.621,0.151,0.216,0.646,0.601,0.659,0.652,-0.202,0.696,0.566,-0.05,0.373,0.56,0.481,0.513,0.49,0.628,0.58,-0.1,0.543,0.505,0.698,0.558,0.305,0.379,0.528,0.443,0.482,0.463,0.542,0.425,-0.078,0.532,-0.283,0.567,0.551,0.561,-0.249,0.65,0.495,0.326,0.661,0.398,0.592,0.578,0.397,0.076,0.517,-0.492,0.127,0.569,-0.326,0.565,0.589,0.482,0.574,0.463,0.508,0.625,0.468,0.18,0.617,0.246,-0.428,0.394,0.408,0.506,0.376,0.615,0.683,-0.262,0.593,0.427,0.457,0.252,0.103,0.391,0.426,0.312,0.612,0.704,0.18,0.699,0.544,-0.28,0.251,0.577,0.601,0.334,0.614,0.597,0.558
ADBE,0.66,0.841,0.549,1.0,0.806,0.277,-0.368,0.559,0.573,0.49,0.767,0.728,0.338,0.758,0.709,0.353,0.719,-0.101,0.289,0.623,0.507,0.81,0.149,0.064,0.645,0.636,-0.165,0.326,0.382,0.172,0.386,0.471,0.424,0.538,0.628,0.496,0.419,0.298,0.15,0.48,-0.324,0.611,0.672,0.545,0.576,0.326,0.421,0.549,0.598,0.489,0.635,0.61,0.514,0.812,0.457,0.219,0.002,-0.068,0.463,0.528,0.332,0.414,-0.371,-0.154,0.628,0.759,0.463,0.562,0.617,0.278,0.035,0.672,0.055,0.825,0.603,0.241,0.471,-0.11,0.599,0.597,0.278,0.443,0.586,0.555,0.381,0.523,0.455,0.384,0.523,0.303,0.352,0.027,0.04,0.572,-0.147,-0.329,0.255,0.742,0.413,0.588,0.448,0.184,0.697,0.189,-0.194,0.229,0.404,0.338,0.479,-0.031,0.296,0.457,0.833,0.728,0.559,0.118,0.775,0.363,0.021,0.671,0.417,0.214,0.421,0.732,0.332,0.757,-0.096,0.656,0.738,0.393,0.742,0.622,0.549,0.654,0.396,0.616,0.692,0.422,0.589,0.168,0.601,-0.213,0.48,0.498,0.478,0.191,0.67,0.318,0.189,0.61,0.253,0.478,0.808,0.763,0.283,0.374,-0.343,0.358,0.356,-0.299,0.299,0.544,0.46,0.686,0.302,0.651,0.604,0.475,0.342,0.568,0.514,-0.103,0.177,0.599,0.644,0.555,0.818,0.628,-0.17,0.51,0.186,0.626,0.455,0.188,0.495,0.323,0.218,0.748,0.583,0.51,0.394,0.517,-0.175,0.52,0.586,0.547,0.59,0.506,0.596,0.821
ADI,0.828,0.733,0.613,0.806,1.0,0.021,-0.453,0.427,0.67,0.596,0.881,0.803,0.579,0.9,0.806,0.112,0.751,-0.19,0.192,0.787,0.434,0.727,-0.151,0.015,0.751,0.79,0.026,0.479,0.556,0.447,0.328,0.681,0.651,0.714,0.714,0.714,0.107,0.284,-0.16,0.259,-0.516,0.69,0.695,0.542,0.551,0.487,0.438,0.43,0.501,0.623,0.767,0.766,0.734,0.848,0.495,0.413,-0.175,-0.347,0.445,0.265,0.559,0.65,-0.46,-0.406,0.623,0.742,0.651,0.719,0.642,-0.019,-0.241,0.571,-0.189,0.756,0.794,0.206,0.312,-0.004,0.747,0.739,0.591,0.739,0.748,0.725,0.58,0.81,0.681,0.566,0.811,0.147,0.299,0.32,0.207,0.499,-0.37,-0.529,0.329,0.913,0.685,0.824,0.602,0.01,0.945,0.475,-0.424,-0.043,0.635,0.565,0.723,0.208,0.106,0.777,0.871,0.846,0.751,-0.082,0.922,0.617,-0.161,0.489,0.676,0.457,0.601,0.486,0.601,0.752,-0.049,0.683,0.856,0.7,0.714,0.652,0.373,0.761,0.626,0.735,0.559,0.648,0.729,-0.084,0.586,-0.287,0.744,0.695,0.681,-0.071,0.872,0.545,0.445,0.71,0.53,0.717,0.88,0.664,0.068,0.635,-0.574,0.044,0.564,-0.441,0.561,0.788,0.707,0.725,0.575,0.581,0.786,0.733,0.232,0.807,0.454,-0.383,0.488,0.67,0.759,0.419,0.877,0.865,-0.409,0.665,0.254,0.605,0.177,0.248,0.596,0.424,0.5,0.736,0.83,0.339,0.619,0.777,-0.386,0.313,0.679,0.833,0.488,0.71,0.742,0.782
ADMA,-0.058,0.396,0.205,0.277,0.021,1.0,-0.191,0.144,0.145,0.239,0.201,0.206,-0.335,0.02,-0.07,0.776,0.094,0.184,0.57,-0.059,0.04,0.418,0.619,0.42,0.294,-0.004,-0.641,-0.252,-0.306,-0.452,0.416,-0.256,-0.323,-0.297,-0.002,-0.218,0.699,-0.335,0.583,0.721,0.166,-0.092,0.14,0.37,0.018,-0.439,-0.382,0.196,-0.005,0.052,0.228,-0.151,-0.361,0.228,0.308,-0.055,-0.008,0.148,0.231,0.528,-0.33,-0.439,-0.066,0.496,0.66,0.273,-0.32,-0.198,0.13,0.722,0.437,0.443,0.607,0.22,-0.183,-0.063,0.637,-0.328,-0.204,-0.182,-0.338,-0.252,-0.239,-0.244,-0.291,-0.187,-0.27,-0.351,-0.23,0.897,-0.103,-0.484,-0.514,0.393,0.208,-0.166,-0.154,0.123,-0.229,-0.119,-0.314,0.084,-0.126,-0.513,0.248,0.528,-0.253,-0.257,-0.361,-0.506,0.564,-0.266,0.299,0.082,-0.261,-0.229,0.1,-0.337,0.33,0.546,-0.207,-0.309,-0.116,0.602,-0.017,0.411,-0.372,0.475,0.016,-0.134,0.479,0.145,0.809,-0.235,-0.479,-0.114,0.625,-0.217,-0.171,0.744,0.378,-0.268,-0.329,-0.336,-0.25,0.361,0.018,-0.382,-0.473,-0.021,-0.38,-0.347,0.149,0.305,0.482,-0.46,-0.008,0.662,-0.373,0.179,-0.295,-0.206,-0.184,-0.037,-0.271,0.533,0.01,0.045,0.528,-0.114,0.044,0.333,-0.409,0.275,-0.146,0.812,0.193,-0.108,0.349,-0.231,0.163,0.148,0.528,-0.293,0.011,-0.484,-0.439,0.192,0.057,0.201,0.138,-0.293,-0.001,0.73,-0.189,-0.187,0.685,-0.281,-0.282,0.343
AEP,-0.444,-0.216,-0.387,-0.368,-0.453,-0.191,1.0,-0.143,-0.481,-0.46,-0.536,-0.431,-0.143,-0.377,-0.252,-0.1,-0.253,0.275,-0.353,-0.55,-0.013,-0.351,0.276,-0.108,-0.587,-0.541,0.024,0.043,-0.422,-0.282,-0.298,-0.479,-0.42,-0.119,-0.597,-0.454,0.001,0.311,0.278,-0.102,0.667,-0.131,-0.444,-0.683,-0.132,-0.118,0.11,0.108,0.135,-0.322,-0.553,-0.39,-0.414,-0.357,-0.219,-0.584,0.577,0.677,-0.245,0.186,-0.443,-0.167,0.825,0.38,-0.488,-0.387,-0.058,-0.301,-0.318,-0.053,0.346,-0.234,0.184,-0.4,-0.267,0.105,-0.323,0.357,-0.481,-0.501,-0.374,-0.34,-0.457,-0.54,-0.48,-0.402,-0.623,-0.455,-0.415,-0.182,-0.169,-0.236,-0.163,-0.386,0.588,0.842,0.071,-0.523,-0.416,-0.484,-0.631,0.173,-0.407,-0.117,0.728,0.311,-0.467,-0.599,-0.365,-0.034,-0.076,-0.416,-0.432,-0.488,-0.513,0.519,-0.447,-0.388,0.387,-0.321,-0.493,-0.236,-0.481,-0.273,-0.522,-0.345,0.327,-0.362,-0.576,-0.53,-0.429,-0.299,-0.357,-0.418,-0.237,-0.566,-0.383,-0.432,-0.499,-0.051,-0.238,0.817,-0.411,-0.271,-0.483,0.454,-0.531,-0.501,-0.362,-0.256,-0.19,-0.538,-0.468,-0.306,0.032,-0.147,0.64,0.014,-0.296,0.329,-0.58,-0.511,-0.452,-0.46,-0.446,-0.457,-0.613,-0.594,-0.235,-0.446,0.018,0.615,-0.308,-0.661,-0.608,-0.464,-0.424,-0.472,0.485,-0.491,-0.122,-0.246,0.142,0.107,-0.409,0.0,-0.189,-0.395,-0.54,-0.029,-0.556,-0.359,0.774,-0.354,-0.15,-0.555,-0.333,-0.416,-0.182,-0.549
AGNC,0.306,0.553,0.128,0.559,0.427,0.144,-0.143,1.0,0.075,0.114,0.365,0.458,-0.043,0.37,0.253,0.157,0.414,0.256,0.257,0.302,0.249,0.505,0.221,0.19,0.4,0.331,-0.127,0.153,0.015,-0.124,0.226,0.278,0.059,0.122,0.378,0.12,0.171,0.247,0.119,0.458,-0.017,0.227,0.208,0.351,0.108,0.088,0.316,0.428,0.501,0.023,0.314,0.158,0.21,0.369,0.056,0.16,0.143,0.21,0.069,0.365,0.022,0.127,-0.185,0.075,0.334,0.417,0.112,0.24,0.282,0.262,0.229,0.316,0.199,0.42,0.264,0.418,0.131,-0.195,0.425,0.418,-0.098,0.07,0.267,0.276,0.309,0.278,0.296,0.008,0.162,0.033,0.374,-0.17,0.004,0.253,0.039,-0.068,0.251,0.361,0.009,0.279,0.245,0.015,0.313,-0.112,0.017,0.403,0.118,0.143,0.191,-0.198,0.281,0.143,0.408,0.425,0.335,0.208,0.313,-0.013,0.008,0.391,0.153,0.016,0.126,0.491,-0.024,0.411,-0.048,0.333,0.481,0.131,0.374,0.463,0.291,0.393,0.078,0.451,0.388,-0.001,0.346,0.151,0.276,-0.116,0.157,0.205,0.067,0.331,0.348,0.171,-0.026,0.143,-0.041,0.267,0.551,0.381,0.332,0.143,-0.023,0.122,0.065,-0.004,0.05,0.244,0.062,0.425,-0.006,0.24,0.265,0.378,0.306,0.223,0.342,0.144,-0.13,0.452,0.393,0.39,0.465,0.31,0.195,0.143,-0.095,0.413,0.295,0.013,0.114,0.128,-0.026,0.255,0.289,0.45,0.018,0.284,-0.141,0.208,0.097,0.321,0.318,0.199,0.198,0.435
AKBA,0.638,0.531,0.679,0.573,0.67,0.145,-0.481,0.075,1.0,0.598,0.702,0.563,0.538,0.678,0.608,0.176,0.532,-0.228,0.119,0.698,0.426,0.618,-0.078,0.01,0.619,0.568,-0.047,0.208,0.576,0.443,0.209,0.436,0.548,0.53,0.627,0.6,0.161,0.052,-0.118,0.165,-0.569,0.43,0.684,0.541,0.571,0.505,0.04,0.205,0.153,0.6,0.621,0.668,0.579,0.71,0.576,0.217,-0.243,-0.426,0.677,0.15,0.561,0.44,-0.417,-0.402,0.469,0.447,0.451,0.636,0.706,-0.01,-0.307,0.603,-0.175,0.59,0.537,-0.109,0.564,0.029,0.412,0.402,0.583,0.609,0.614,0.584,0.292,0.565,0.521,0.445,0.591,0.311,0.064,0.301,0.159,0.49,-0.337,-0.562,0.13,0.689,0.659,0.614,0.515,0.16,0.683,0.353,-0.497,-0.184,0.525,0.377,0.585,0.228,-0.024,0.609,0.71,0.612,0.526,-0.234,0.753,0.583,-0.093,0.485,0.569,0.325,0.467,0.455,0.66,0.617,-0.145,0.494,0.648,0.614,0.569,0.357,0.373,0.489,0.506,0.554,0.444,0.575,0.547,-0.043,0.461,-0.341,0.521,0.466,0.589,-0.233,0.68,0.427,0.296,0.65,0.452,0.568,0.659,0.556,0.112,0.487,-0.575,0.185,0.525,-0.292,0.626,0.684,0.656,0.691,0.514,0.603,0.772,0.425,0.162,0.621,0.335,-0.449,0.49,0.486,0.581,0.355,0.742,0.663,-0.466,0.633,0.351,0.515,0.16,0.084,0.599,0.35,0.41,0.728,0.678,0.047,0.596,0.534,-0.326,0.324,0.565,0.569,0.393,0.665,0.644,0.667
ALT,0.668,0.452,0.601,0.49,0.596,0.239,-0.46,0.114,0.598,1.0,0.596,0.401,0.442,0.595,0.586,0.44,0.593,-0.189,0.348,0.583,0.433,0.454,-0.121,0.346,0.562,0.656,-0.049,0.364,0.393,0.43,0.55,0.436,0.515,0.465,0.509,0.654,0.289,0.006,0.07,0.212,-0.479,0.227,0.577,0.498,0.367,0.359,0.143,0.24,0.124,0.651,0.786,0.465,0.3,0.595,0.667,0.105,-0.163,-0.371,0.595,0.26,0.457,0.367,-0.465,-0.09,0.61,0.595,0.472,0.587,0.589,0.233,-0.034,0.436,0.009,0.535,0.616,0.17,0.434,0.224,0.355,0.358,0.447,0.509,0.545,0.505,0.142,0.501,0.362,0.364,0.523,0.446,0.076,0.295,0.166,0.477,-0.306,-0.533,0.312,0.608,0.551,0.544,0.425,0.192,0.553,0.305,-0.441,-0.13,0.56,0.405,0.483,0.136,0.29,0.527,0.595,0.505,0.58,-0.373,0.623,0.571,0.088,0.422,0.497,0.39,0.548,0.502,0.684,0.51,0.005,0.653,0.499,0.534,0.596,0.388,0.555,0.428,0.522,0.426,0.494,0.424,0.382,0.072,0.682,-0.289,0.503,0.46,0.428,-0.205,0.504,0.453,0.346,0.544,0.366,0.465,0.541,0.41,0.183,0.406,-0.476,-0.006,0.497,-0.139,0.465,0.514,0.484,0.56,0.537,0.554,0.565,0.425,0.326,0.59,0.224,-0.375,0.391,0.52,0.395,0.458,0.652,0.622,-0.264,0.551,0.656,0.5,0.432,0.434,0.466,0.33,0.32,0.605,0.548,0.186,0.563,0.494,-0.33,0.327,0.466,0.48,0.638,0.502,0.517,0.572
AMAT,0.743,0.741,0.602,0.767,0.881,0.201,-0.536,0.365,0.702,0.596,1.0,0.847,0.429,0.812,0.701,0.227,0.676,-0.114,0.362,0.739,0.465,0.831,-0.057,0.088,0.773,0.826,-0.116,0.262,0.492,0.326,0.306,0.603,0.502,0.572,0.677,0.616,0.198,0.04,-0.079,0.393,-0.479,0.573,0.646,0.626,0.536,0.306,0.189,0.288,0.41,0.558,0.756,0.726,0.636,0.827,0.468,0.399,-0.255,-0.328,0.426,0.247,0.47,0.476,-0.467,-0.326,0.671,0.687,0.518,0.645,0.594,0.022,-0.199,0.671,-0.102,0.771,0.651,0.06,0.504,-0.171,0.624,0.622,0.509,0.62,0.638,0.671,0.498,0.734,0.641,0.464,0.701,0.274,0.209,0.185,0.081,0.636,-0.377,-0.514,0.136,0.926,0.59,0.784,0.512,-0.022,0.838,0.236,-0.367,0.067,0.567,0.577,0.558,0.077,0.112,0.689,0.935,0.874,0.651,-0.122,0.906,0.555,-0.186,0.624,0.58,0.3,0.513,0.55,0.593,0.843,-0.26,0.678,0.77,0.691,0.72,0.584,0.461,0.654,0.459,0.741,0.713,0.607,0.604,0.181,0.536,-0.41,0.591,0.514,0.626,-0.047,0.886,0.382,0.333,0.638,0.374,0.63,0.844,0.751,0.107,0.455,-0.552,0.156,0.399,-0.441,0.504,0.679,0.649,0.694,0.482,0.719,0.753,0.708,0.324,0.702,0.398,-0.295,0.383,0.729,0.688,0.569,0.834,0.822,-0.388,0.617,0.213,0.592,0.215,0.131,0.626,0.256,0.374,0.744,0.848,0.317,0.599,0.632,-0.373,0.481,0.562,0.697,0.561,0.604,0.582,0.867
AMD,0.627,0.738,0.574,0.728,0.803,0.206,-0.431,0.458,0.563,0.401,0.847,1.0,0.374,0.702,0.626,0.169,0.622,0.024,0.168,0.671,0.354,0.867,0.036,0.078,0.722,0.693,-0.103,0.218,0.444,0.229,0.222,0.578,0.434,0.536,0.642,0.469,0.225,0.068,-0.04,0.426,-0.424,0.596,0.581,0.611,0.338,0.146,0.118,0.332,0.528,0.408,0.673,0.619,0.544,0.762,0.305,0.527,-0.148,-0.256,0.277,0.345,0.351,0.463,-0.461,-0.299,0.626,0.624,0.441,0.5,0.477,0.08,-0.198,0.703,-0.05,0.722,0.534,0.073,0.408,-0.291,0.631,0.619,0.405,0.595,0.565,0.637,0.563,0.695,0.593,0.409,0.58,0.219,0.223,0.125,0.041,0.475,-0.364,-0.386,0.137,0.874,0.518,0.755,0.448,-0.14,0.76,0.193,-0.199,0.18,0.527,0.431,0.505,0.029,0.09,0.603,0.835,0.874,0.544,0.083,0.822,0.531,-0.183,0.557,0.557,0.262,0.474,0.497,0.503,0.88,-0.276,0.589,0.745,0.657,0.62,0.609,0.374,0.604,0.335,0.612,0.571,0.524,0.548,0.185,0.481,-0.375,0.599,0.465,0.464,0.073,0.888,0.333,0.264,0.631,0.331,0.561,0.786,0.61,0.194,0.427,-0.391,0.188,0.293,-0.472,0.362,0.588,0.575,0.578,0.374,0.518,0.657,0.769,0.319,0.704,0.42,-0.174,0.302,0.669,0.631,0.541,0.742,0.7,-0.219,0.537,0.022,0.57,0.108,0.039,0.441,0.225,0.316,0.602,0.846,0.386,0.535,0.585,-0.34,0.388,0.557,0.684,0.496,0.497,0.494,0.729
AMGN,0.58,0.344,0.477,0.338,0.579,-0.335,-0.143,-0.043,0.538,0.442,0.429,0.374,1.0,0.585,0.733,-0.247,0.501,-0.29,-0.178,0.547,0.276,0.241,-0.464,-0.254,0.251,0.507,0.443,0.472,0.63,0.723,0.217,0.595,0.767,0.815,0.454,0.746,-0.26,0.277,-0.421,-0.234,-0.519,0.652,0.508,0.099,0.428,0.608,0.403,0.25,0.201,0.61,0.484,0.661,0.632,0.456,0.377,0.313,-0.167,-0.425,0.281,-0.044,0.677,0.719,-0.258,-0.502,0.259,0.342,0.586,0.584,0.378,-0.374,-0.477,0.135,-0.451,0.309,0.606,0.136,-0.004,0.3,0.598,0.579,0.831,0.764,0.683,0.707,0.511,0.668,0.598,0.615,0.715,-0.127,0.049,0.611,0.382,0.05,-0.431,-0.294,0.228,0.537,0.894,0.633,0.527,-0.017,0.684,0.726,-0.455,-0.404,0.692,0.373,0.761,0.586,-0.314,0.669,0.389,0.527,0.661,0.001,0.636,0.791,-0.326,0.014,0.713,0.59,0.579,-0.008,0.541,0.327,0.101,0.368,0.452,0.579,0.333,0.219,-0.066,0.621,0.721,0.503,0.058,0.655,0.541,-0.484,0.351,0.035,0.708,0.702,0.589,-0.388,0.509,0.473,0.597,0.672,0.852,0.675,0.486,0.313,-0.227,0.636,-0.437,-0.356,0.766,-0.476,0.525,0.712,0.817,0.484,0.72,0.105,0.586,0.351,-0.206,0.741,0.283,-0.539,0.84,0.236,0.533,-0.032,0.436,0.621,-0.518,0.633,0.163,0.177,-0.18,0.383,0.403,0.621,0.724,0.501,0.525,-0.081,0.586,0.738,-0.25,-0.202,0.795,0.616,0.062,0.572,0.726,0.301
AMZN,0.782,0.738,0.632,0.758,0.9,0.02,-0.377,0.37,0.678,0.595,0.812,0.702,0.585,1.0,0.874,0.046,0.846,-0.174,0.159,0.766,0.538,0.636,-0.213,0.034,0.69,0.785,0.075,0.555,0.632,0.537,0.379,0.669,0.686,0.803,0.712,0.751,0.031,0.307,-0.156,0.157,-0.504,0.599,0.735,0.465,0.584,0.536,0.444,0.477,0.503,0.734,0.734,0.875,0.749,0.842,0.556,0.292,-0.121,-0.345,0.473,0.291,0.643,0.705,-0.441,-0.426,0.589,0.758,0.684,0.854,0.677,-0.111,-0.209,0.524,-0.237,0.774,0.829,0.223,0.346,0.077,0.682,0.672,0.62,0.786,0.796,0.694,0.45,0.818,0.597,0.59,0.894,0.17,0.266,0.379,0.315,0.449,-0.4,-0.454,0.382,0.865,0.685,0.814,0.611,0.114,0.93,0.523,-0.446,-0.098,0.635,0.552,0.795,0.261,0.09,0.804,0.825,0.775,0.765,-0.053,0.893,0.605,-0.113,0.406,0.716,0.546,0.604,0.52,0.556,0.688,0.009,0.674,0.758,0.679,0.735,0.596,0.292,0.793,0.667,0.703,0.539,0.637,0.642,-0.133,0.645,-0.259,0.722,0.704,0.686,-0.073,0.775,0.586,0.487,0.717,0.572,0.726,0.814,0.642,0.051,0.693,-0.492,-0.035,0.642,-0.447,0.555,0.761,0.691,0.79,0.605,0.563,0.746,0.65,0.189,0.774,0.494,-0.427,0.543,0.54,0.691,0.354,0.797,0.885,-0.426,0.721,0.269,0.611,0.225,0.314,0.592,0.545,0.552,0.796,0.768,0.26,0.652,0.817,-0.404,0.241,0.789,0.768,0.402,0.809,0.765,0.746
APA,0.758,0.703,0.679,0.709,0.806,-0.07,-0.252,0.253,0.608,0.586,0.701,0.626,0.733,0.874,1.0,-0.044,0.831,-0.29,0.086,0.752,0.497,0.53,-0.28,-0.049,0.573,0.754,0.208,0.631,0.672,0.598,0.366,0.754,0.718,0.887,0.653,0.811,-0.039,0.359,-0.232,0.038,-0.501,0.655,0.67,0.317,0.564,0.574,0.538,0.522,0.506,0.753,0.666,0.832,0.741,0.754,0.515,0.265,-0.058,-0.287,0.423,0.251,0.687,0.828,-0.398,-0.449,0.517,0.742,0.734,0.809,0.596,-0.178,-0.26,0.462,-0.328,0.703,0.782,0.273,0.283,0.198,0.704,0.694,0.687,0.843,0.819,0.723,0.471,0.787,0.561,0.66,0.835,0.12,0.304,0.438,0.372,0.315,-0.415,-0.368,0.39,0.785,0.713,0.79,0.623,0.093,0.865,0.602,-0.409,-0.156,0.681,0.515,0.832,0.34,0.08,0.802,0.675,0.747,0.81,0.024,0.847,0.695,-0.141,0.289,0.71,0.609,0.655,0.448,0.527,0.611,0.063,0.633,0.652,0.693,0.644,0.488,0.22,0.781,0.69,0.659,0.443,0.643,0.636,-0.236,0.64,-0.11,0.71,0.785,0.687,-0.147,0.701,0.558,0.523,0.755,0.652,0.748,0.738,0.582,-0.056,0.735,-0.469,-0.138,0.745,-0.488,0.511,0.73,0.697,0.656,0.635,0.429,0.66,0.503,0.055,0.777,0.463,-0.456,0.624,0.414,0.65,0.246,0.714,0.859,-0.458,0.729,0.262,0.484,0.235,0.405,0.494,0.656,0.598,0.733,0.707,0.234,0.669,0.824,-0.3,0.102,0.892,0.704,0.316,0.75,0.826,0.59
APPS,0.028,0.384,0.094,0.353,0.112,0.776,-0.1,0.157,0.176,0.44,0.227,0.169,-0.247,0.046,-0.044,1.0,0.113,0.127,0.544,-0.094,0.164,0.436,0.593,0.4,0.215,0.104,-0.605,-0.14,-0.348,-0.335,0.395,-0.298,-0.232,-0.213,-0.007,-0.112,0.881,-0.192,0.797,0.713,0.191,0.012,0.183,0.278,0.136,-0.307,-0.264,0.21,0.107,0.068,0.357,-0.146,-0.414,0.313,0.396,-0.201,0.091,0.211,0.322,0.623,-0.387,-0.395,0.024,0.604,0.579,0.265,-0.168,-0.148,0.205,0.808,0.533,0.411,0.681,0.255,-0.032,0.033,0.574,-0.192,-0.22,-0.209,-0.335,-0.254,-0.249,-0.247,-0.359,-0.184,-0.312,-0.392,-0.233,0.78,-0.147,-0.429,-0.486,0.459,0.28,-0.081,-0.001,0.102,-0.168,-0.14,-0.346,0.203,-0.082,-0.447,0.29,0.564,-0.156,-0.233,-0.368,-0.412,0.451,-0.244,0.363,0.024,-0.257,-0.145,0.107,-0.225,0.459,0.597,-0.239,-0.375,-0.073,0.583,-0.003,0.389,-0.201,0.484,0.047,-0.185,0.433,0.265,0.825,-0.216,-0.244,-0.122,0.571,-0.201,-0.196,0.696,0.411,-0.108,-0.229,-0.326,-0.247,0.443,0.001,-0.352,-0.397,0.054,-0.327,-0.363,0.192,0.375,0.56,-0.357,0.059,0.643,-0.375,0.254,-0.296,-0.206,-0.137,0.085,-0.185,0.531,0.009,-0.042,0.496,-0.035,0.175,0.405,-0.383,0.23,-0.159,0.659,0.288,-0.098,0.374,-0.207,0.255,0.236,0.663,0.068,0.106,-0.399,-0.336,0.206,0.001,0.308,-0.045,-0.256,0.155,0.719,-0.128,-0.215,0.852,-0.282,-0.159,0.358
ARCC,0.693,0.734,0.622,0.719,0.751,0.094,-0.253,0.414,0.532,0.593,0.676,0.622,0.501,0.846,0.831,0.113,1.0,-0.121,0.208,0.693,0.573,0.581,-0.118,0.204,0.665,0.712,-0.011,0.603,0.525,0.404,0.402,0.573,0.568,0.768,0.626,0.648,0.096,0.292,-0.007,0.228,-0.399,0.497,0.66,0.409,0.509,0.456,0.509,0.516,0.596,0.698,0.711,0.717,0.562,0.78,0.669,0.183,0.056,-0.158,0.442,0.449,0.523,0.638,-0.416,-0.21,0.574,0.823,0.647,0.781,0.657,0.026,0.083,0.551,-0.032,0.801,0.737,0.354,0.369,0.097,0.602,0.579,0.515,0.662,0.729,0.619,0.314,0.722,0.452,0.494,0.707,0.246,0.27,0.232,0.336,0.445,-0.313,-0.365,0.541,0.723,0.583,0.764,0.474,0.252,0.745,0.427,-0.34,-0.022,0.536,0.47,0.704,0.132,0.316,0.659,0.707,0.73,0.706,-0.041,0.773,0.528,0.106,0.428,0.627,0.509,0.592,0.62,0.47,0.645,0.064,0.724,0.571,0.566,0.742,0.56,0.321,0.739,0.602,0.646,0.573,0.479,0.481,0.021,0.717,-0.19,0.596,0.613,0.556,0.104,0.621,0.521,0.4,0.695,0.481,0.582,0.737,0.583,0.16,0.591,-0.389,0.005,0.546,-0.29,0.405,0.634,0.56,0.69,0.478,0.514,0.602,0.554,0.378,0.737,0.562,-0.313,0.452,0.472,0.567,0.37,0.726,0.759,-0.226,0.625,0.318,0.569,0.463,0.368,0.491,0.573,0.437,0.75,0.638,0.375,0.553,0.758,-0.302,0.27,0.75,0.62,0.427,0.663,0.723,0.642
ARDX,-0.333,0.027,-0.148,-0.101,-0.19,0.184,0.275,0.256,-0.228,-0.189,-0.114,0.024,-0.29,-0.174,-0.29,0.127,-0.121,1.0,-0.103,-0.238,0.031,0.125,0.409,0.451,-0.103,-0.254,-0.135,-0.299,-0.417,-0.392,-0.194,-0.271,-0.34,-0.322,-0.301,-0.392,0.201,-0.142,0.273,0.397,0.555,-0.251,-0.281,-0.046,-0.239,-0.449,-0.24,-0.13,-0.028,-0.457,-0.223,-0.238,-0.298,-0.11,-0.267,-0.12,0.115,0.443,-0.219,0.186,-0.372,-0.348,0.323,0.349,-0.116,-0.119,-0.276,-0.237,-0.182,0.147,0.363,0.066,0.33,-0.107,-0.186,0.049,-0.036,-0.211,-0.297,-0.315,-0.427,-0.314,-0.363,-0.306,-0.181,-0.258,-0.303,-0.398,-0.287,0.029,-0.145,-0.398,-0.38,0.028,0.394,0.347,-0.2,-0.112,-0.358,-0.235,-0.319,-0.064,-0.217,-0.431,0.497,0.54,-0.359,-0.312,-0.235,-0.275,0.117,-0.285,0.01,-0.153,-0.247,0.178,-0.161,-0.334,0.112,0.106,-0.334,-0.398,-0.439,0.067,-0.309,0.109,-0.076,-0.219,-0.162,-0.203,-0.151,-0.061,0.043,-0.22,-0.333,-0.307,0.036,-0.387,-0.342,0.328,-0.22,0.242,-0.291,-0.436,-0.429,0.339,-0.141,-0.283,-0.385,-0.246,-0.338,-0.28,-0.068,-0.037,0.243,-0.276,0.568,0.233,-0.399,0.326,-0.454,-0.4,-0.309,-0.134,-0.391,-0.063,-0.3,0.004,0.282,-0.279,-0.149,0.577,-0.416,-0.022,-0.336,0.017,-0.171,-0.241,0.448,-0.338,-0.127,0.042,0.173,-0.29,-0.198,-0.301,-0.337,-0.17,-0.146,0.064,-0.423,-0.237,0.244,0.082,-0.301,-0.259,-0.029,-0.289,-0.361,-0.018
ATER,0.153,0.309,0.164,0.289,0.192,0.57,-0.353,0.257,0.119,0.348,0.362,0.168,-0.178,0.159,0.086,0.544,0.208,-0.103,1.0,0.124,-0.028,0.278,0.148,0.287,0.41,0.284,-0.43,-0.114,-0.015,-0.193,0.549,0.091,-0.1,-0.123,0.22,0.082,0.357,-0.29,0.202,0.494,-0.137,0.045,0.116,0.328,0.048,-0.154,-0.057,0.101,0.055,0.21,0.39,-0.024,-0.061,0.211,0.307,0.037,-0.172,0.039,0.134,0.104,-0.029,-0.122,-0.288,0.277,0.578,0.467,-0.129,0.03,0.117,0.513,0.279,0.192,0.334,0.271,0.002,0.102,0.392,-0.33,0.13,0.143,-0.064,-0.061,-0.009,0.042,-0.08,0.074,0.049,-0.052,0.029,0.544,0.115,-0.274,-0.057,0.331,-0.164,-0.283,-0.011,0.209,-0.069,0.089,0.052,0.011,0.071,-0.257,-0.128,0.253,0.003,0.26,-0.121,-0.368,0.373,0.032,0.284,0.178,0.053,-0.271,0.154,-0.135,0.031,0.352,-0.042,-0.174,0.199,0.444,0.083,0.232,-0.412,0.588,0.198,0.101,0.415,0.128,0.593,0.044,-0.138,0.256,0.623,0.007,0.078,0.482,0.301,-0.462,-0.18,-0.085,0.057,0.114,0.178,-0.153,-0.074,-0.022,-0.227,-0.018,0.243,0.305,0.209,-0.2,-0.362,0.182,-0.175,-0.013,0.086,0.07,-0.023,0.14,0.029,0.5,0.19,0.182,0.351,0.09,0.028,0.016,-0.15,0.351,0.104,0.634,0.271,0.182,0.105,0.027,0.107,0.058,0.368,0.056,0.085,-0.305,-0.184,0.16,0.19,0.233,0.247,0.001,-0.317,0.487,-0.158,0.02,0.61,0.036,-0.069,0.318
ATOS,0.751,0.561,0.743,0.623,0.787,-0.059,-0.55,0.302,0.698,0.583,0.739,0.671,0.547,0.766,0.752,-0.094,0.693,-0.238,0.124,1.0,0.345,0.578,-0.346,0.044,0.734,0.726,0.025,0.411,0.607,0.468,0.221,0.731,0.698,0.653,0.822,0.7,-0.098,0.194,-0.375,0.084,-0.643,0.498,0.607,0.678,0.391,0.539,0.272,0.27,0.244,0.546,0.674,0.695,0.721,0.65,0.467,0.474,-0.222,-0.49,0.485,0.106,0.626,0.676,-0.641,-0.589,0.432,0.562,0.579,0.775,0.66,-0.141,-0.417,0.587,-0.374,0.686,0.693,0.076,0.316,0.012,0.711,0.703,0.59,0.727,0.878,0.858,0.554,0.72,0.714,0.581,0.737,0.064,0.313,0.347,0.255,0.324,-0.48,-0.628,0.351,0.804,0.648,0.801,0.744,0.135,0.804,0.492,-0.606,-0.28,0.657,0.543,0.763,0.218,0.067,0.755,0.661,0.786,0.857,-0.24,0.793,0.671,-0.231,0.42,0.744,0.519,0.649,0.456,0.719,0.576,-0.037,0.53,0.756,0.769,0.552,0.467,0.239,0.673,0.657,0.692,0.417,0.631,0.655,-0.233,0.478,-0.364,0.71,0.717,0.684,-0.32,0.789,0.687,0.454,0.628,0.473,0.842,0.71,0.502,-0.041,0.656,-0.58,-0.118,0.671,-0.411,0.73,0.812,0.623,0.772,0.545,0.49,0.798,0.656,0.13,0.735,0.329,-0.559,0.5,0.581,0.774,0.289,0.737,0.863,-0.565,0.823,0.316,0.478,0.06,0.111,0.487,0.576,0.429,0.648,0.79,0.151,0.646,0.681,-0.517,0.115,0.642,0.805,0.262,0.826,0.682,0.646
AUPH,0.443,0.474,0.318,0.507,0.434,0.04,-0.013,0.249,0.426,0.433,0.465,0.354,0.276,0.538,0.497,0.164,0.573,0.031,-0.028,0.345,1.0,0.501,0.032,0.149,0.313,0.479,-0.028,0.416,0.193,0.202,0.19,0.163,0.264,0.483,0.307,0.314,0.19,0.389,0.219,0.141,-0.091,0.282,0.458,0.196,0.632,0.405,0.326,0.435,0.477,0.463,0.261,0.455,0.31,0.557,0.462,-0.166,0.317,0.097,0.533,0.473,0.235,0.362,-0.081,-0.122,0.237,0.37,0.602,0.621,0.613,0.009,0.203,0.428,-0.003,0.591,0.547,0.126,0.412,0.273,0.197,0.183,0.211,0.309,0.431,0.276,-0.028,0.342,0.095,0.127,0.324,0.198,0.092,0.057,0.056,0.606,0.072,0.018,0.354,0.403,0.336,0.36,0.167,0.427,0.408,0.265,-0.055,0.09,0.222,0.118,0.379,0.1,0.27,0.33,0.541,0.375,0.343,0.186,0.484,0.286,0.289,0.408,0.206,0.316,0.252,0.505,0.23,0.464,0.242,0.342,0.355,0.193,0.451,0.436,0.216,0.313,0.428,0.34,0.376,0.281,0.281,0.12,0.488,0.143,0.312,0.42,0.352,0.248,0.288,0.27,0.041,0.508,0.272,0.258,0.394,0.581,0.195,0.437,-0.023,0.152,0.328,-0.034,0.209,0.325,0.268,0.528,0.157,0.484,0.36,0.149,0.303,0.342,0.465,-0.059,0.171,0.257,0.296,0.149,0.555,0.413,-0.137,0.304,0.343,0.613,0.444,0.298,0.521,0.483,0.213,0.577,0.288,0.218,0.191,0.378,0.155,0.241,0.505,0.232,0.208,0.395,0.553,0.495
AVGO,0.542,0.797,0.532,0.81,0.727,0.418,-0.351,0.505,0.618,0.454,0.831,0.867,0.241,0.636,0.53,0.436,0.581,0.125,0.278,0.578,0.501,1.0,0.276,0.251,0.699,0.579,-0.325,0.108,0.192,0.017,0.227,0.338,0.253,0.378,0.556,0.31,0.484,0.068,0.231,0.665,-0.214,0.502,0.548,0.645,0.427,0.101,0.051,0.396,0.511,0.295,0.631,0.491,0.348,0.788,0.43,0.267,-0.024,-0.029,0.472,0.551,0.135,0.236,-0.333,-0.045,0.661,0.597,0.332,0.447,0.591,0.323,0.065,0.809,0.221,0.751,0.445,0.105,0.544,-0.292,0.439,0.43,0.195,0.357,0.43,0.468,0.295,0.479,0.396,0.149,0.374,0.433,0.19,-0.125,-0.213,0.606,-0.087,-0.295,0.093,0.771,0.368,0.57,0.222,0.068,0.611,-0.016,-0.039,0.43,0.332,0.215,0.339,-0.148,0.28,0.385,0.874,0.756,0.392,0.091,0.769,0.331,0.051,0.79,0.347,0.041,0.292,0.742,0.406,0.929,-0.278,0.603,0.673,0.447,0.679,0.595,0.589,0.422,0.215,0.505,0.738,0.329,0.429,0.391,0.51,-0.262,0.392,0.306,0.312,0.292,0.745,0.165,-0.03,0.572,0.155,0.358,0.778,0.702,0.436,0.264,-0.229,0.436,0.154,-0.193,0.226,0.453,0.415,0.604,0.154,0.683,0.607,0.574,0.485,0.534,0.47,0.069,0.068,0.685,0.522,0.679,0.8,0.559,-0.053,0.4,0.155,0.677,0.385,-0.054,0.438,0.09,0.077,0.645,0.677,0.414,0.345,0.388,-0.175,0.574,0.433,0.455,0.652,0.369,0.409,0.819
AZN,-0.159,0.26,-0.141,0.149,-0.151,0.619,0.276,0.221,-0.078,-0.121,-0.057,0.036,-0.464,-0.213,-0.28,0.593,-0.118,0.409,0.148,-0.346,0.032,0.276,1.0,0.296,0.089,-0.297,-0.633,-0.229,-0.5,-0.709,-0.041,-0.486,-0.595,-0.425,-0.392,-0.548,0.658,-0.123,0.694,0.643,0.545,-0.126,-0.202,-0.007,-0.039,-0.467,-0.223,0.176,0.126,-0.359,-0.143,-0.374,-0.513,0.036,0.043,-0.252,0.259,0.557,0.072,0.581,-0.509,-0.569,0.368,0.631,0.123,-0.039,-0.323,-0.383,0.043,0.609,0.57,0.338,0.66,-0.001,-0.319,-0.018,0.402,-0.195,-0.369,-0.388,-0.617,-0.501,-0.474,-0.53,-0.273,-0.467,-0.402,-0.579,-0.509,0.446,-0.184,-0.684,-0.516,0.241,0.673,0.292,-0.103,-0.155,-0.488,-0.408,-0.52,0.091,-0.314,-0.587,0.634,0.746,-0.582,-0.557,-0.532,-0.615,0.291,-0.511,0.131,-0.134,-0.467,0.153,-0.136,-0.575,0.542,0.469,-0.508,-0.594,-0.38,0.405,-0.319,0.286,-0.085,0.014,-0.19,-0.449,0.143,0.116,0.409,-0.419,-0.541,-0.354,0.295,-0.532,-0.348,0.662,0.038,0.21,-0.511,-0.48,-0.558,0.648,-0.187,-0.532,-0.636,-0.249,-0.572,-0.561,-0.025,0.187,0.54,-0.453,0.333,0.71,-0.59,0.387,-0.537,-0.376,-0.421,-0.3,-0.606,0.213,-0.274,-0.171,0.365,-0.391,0.085,0.667,-0.656,0.087,-0.334,0.323,0.049,-0.366,0.537,-0.485,0.112,0.184,0.568,-0.306,-0.163,-0.444,-0.57,-0.054,-0.194,0.193,-0.426,-0.479,0.452,0.516,-0.339,-0.327,0.35,-0.507,-0.341,0.113
BCRX,-0.047,0.11,0.127,0.064,0.015,0.42,-0.108,0.19,0.01,0.346,0.088,0.078,-0.254,0.034,-0.049,0.4,0.204,0.451,0.287,0.044,0.149,0.251,0.296,1.0,0.333,-0.024,-0.328,-0.144,-0.255,-0.304,0.139,-0.125,-0.185,-0.193,-0.09,-0.155,0.34,-0.319,0.314,0.487,0.286,-0.353,-0.032,0.306,-0.174,-0.258,-0.177,-0.119,-0.089,-0.085,0.243,-0.149,-0.305,0.158,0.302,-0.132,-0.053,0.216,0.212,0.257,-0.149,-0.236,-0.138,0.455,0.256,0.286,-0.08,0.058,0.177,0.491,0.541,0.234,0.544,0.212,-0.01,0.096,0.192,-0.154,-0.176,-0.199,-0.249,-0.141,-0.096,-0.115,-0.326,-0.097,-0.194,-0.246,-0.11,0.401,-0.09,-0.413,-0.25,0.245,0.199,-0.105,0.016,0.089,-0.162,0.059,-0.15,0.078,-0.077,-0.306,0.202,0.377,-0.187,-0.059,-0.013,-0.476,0.538,-0.102,0.161,0.022,-0.007,-0.313,0.048,-0.186,0.321,0.323,-0.125,-0.249,-0.082,0.499,0.027,0.234,-0.132,0.218,-0.001,0.023,0.25,0.098,0.363,-0.124,-0.161,-0.158,0.402,-0.339,-0.198,0.477,0.19,-0.085,-0.181,-0.275,-0.276,0.181,0.002,-0.007,-0.297,0.006,-0.311,-0.117,0.113,-0.037,0.489,-0.171,0.219,0.234,-0.182,0.395,-0.139,-0.167,-0.2,0.022,-0.266,0.248,-0.02,0.189,0.641,-0.044,-0.139,0.297,-0.304,0.291,-0.214,0.338,0.166,0.006,0.263,-0.157,0.396,0.317,0.532,-0.139,-0.109,-0.234,-0.407,0.097,0.053,0.202,-0.106,-0.047,-0.086,0.345,-0.202,-0.088,0.392,-0.078,-0.121,0.231
BGC,0.665,0.648,0.588,0.645,0.751,0.294,-0.587,0.4,0.619,0.562,0.773,0.722,0.251,0.69,0.573,0.215,0.665,-0.103,0.41,0.734,0.313,0.699,0.089,0.333,1.0,0.657,-0.318,0.21,0.386,0.104,0.315,0.549,0.363,0.376,0.606,0.448,0.139,-0.085,-0.086,0.455,-0.421,0.376,0.514,0.742,0.367,0.211,0.157,0.256,0.271,0.407,0.731,0.523,0.509,0.706,0.504,0.485,-0.316,-0.33,0.468,0.217,0.46,0.348,-0.572,-0.246,0.595,0.706,0.325,0.55,0.613,0.205,-0.049,0.633,0.034,0.711,0.459,-0.019,0.477,-0.269,0.589,0.566,0.33,0.492,0.578,0.547,0.444,0.555,0.58,0.349,0.541,0.312,0.132,-0.019,0.122,0.575,-0.31,-0.618,0.169,0.76,0.422,0.677,0.518,-0.021,0.659,0.189,-0.376,0.045,0.374,0.489,0.511,-0.196,0.214,0.554,0.754,0.765,0.605,-0.329,0.74,0.392,-0.026,0.631,0.506,0.173,0.641,0.648,0.635,0.753,-0.298,0.64,0.69,0.63,0.699,0.495,0.438,0.5,0.304,0.613,0.663,0.43,0.558,0.27,0.46,-0.515,0.429,0.409,0.431,-0.027,0.763,0.44,0.2,0.394,0.122,0.543,0.742,0.584,0.235,0.361,-0.574,0.11,0.273,-0.295,0.549,0.641,0.445,0.522,0.29,0.686,0.725,0.776,0.494,0.604,0.28,-0.307,0.189,0.719,0.61,0.529,0.753,0.722,-0.303,0.546,0.345,0.536,0.316,-0.019,0.49,0.166,0.141,0.646,0.773,0.196,0.53,0.533,-0.535,0.464,0.398,0.685,0.499,0.564,0.466,0.76
BIDU,0.739,0.621,0.546,0.636,0.79,-0.004,-0.541,0.331,0.568,0.656,0.826,0.693,0.507,0.785,0.754,0.104,0.712,-0.254,0.284,0.726,0.479,0.579,-0.297,-0.024,0.657,1.0,0.033,0.441,0.559,0.476,0.388,0.77,0.597,0.636,0.743,0.711,-0.0,0.179,-0.15,0.115,-0.6,0.487,0.647,0.557,0.495,0.4,0.313,0.329,0.386,0.61,0.732,0.76,0.659,0.75,0.458,0.391,-0.221,-0.433,0.367,0.173,0.556,0.638,-0.585,-0.402,0.591,0.679,0.582,0.702,0.527,-0.106,-0.248,0.469,-0.242,0.698,0.687,0.2,0.407,-0.068,0.68,0.675,0.605,0.711,0.715,0.712,0.481,0.796,0.649,0.587,0.739,0.129,0.284,0.331,0.286,0.582,-0.534,-0.559,0.267,0.822,0.644,0.784,0.656,0.02,0.795,0.389,-0.524,-0.138,0.656,0.696,0.644,0.188,0.083,0.797,0.73,0.774,0.762,-0.197,0.79,0.655,-0.19,0.431,0.68,0.464,0.679,0.41,0.607,0.636,-0.129,0.607,0.744,0.763,0.63,0.61,0.318,0.704,0.583,0.765,0.564,0.587,0.67,-0.003,0.534,-0.436,0.654,0.594,0.68,-0.18,0.783,0.527,0.54,0.599,0.468,0.737,0.762,0.663,-0.03,0.6,-0.611,-0.105,0.495,-0.51,0.543,0.693,0.649,0.687,0.607,0.563,0.726,0.698,0.193,0.759,0.427,-0.515,0.508,0.592,0.735,0.376,0.716,0.857,-0.457,0.731,0.181,0.436,0.148,0.403,0.634,0.423,0.469,0.648,0.801,0.246,0.632,0.726,-0.424,0.296,0.653,0.71,0.443,0.661,0.572,0.71
BILI,0.044,-0.248,-0.009,-0.165,0.026,-0.641,0.024,-0.127,-0.047,-0.049,-0.116,-0.103,0.443,0.075,0.208,-0.605,-0.011,-0.135,-0.43,0.025,-0.028,-0.325,-0.633,-0.328,-0.318,0.033,1.0,0.209,0.475,0.728,-0.101,0.335,0.518,0.411,0.069,0.469,-0.577,0.164,-0.552,-0.64,-0.257,0.172,0.156,-0.381,0.097,0.352,0.35,-0.076,0.033,0.267,-0.037,0.327,0.417,-0.112,-0.272,0.06,-0.125,-0.331,-0.279,-0.444,0.523,0.48,0.04,-0.469,-0.242,-0.119,0.233,0.146,-0.207,-0.692,-0.412,-0.453,-0.575,-0.121,0.195,0.154,-0.499,0.367,0.278,0.301,0.533,0.393,0.221,0.264,0.317,0.274,0.26,0.484,0.362,-0.548,0.173,0.775,0.534,-0.315,-0.383,-0.006,0.012,-0.004,0.382,0.176,0.345,-0.217,0.196,0.499,-0.322,-0.547,0.513,0.348,0.435,0.772,-0.291,0.295,-0.176,0.01,0.312,0.22,0.069,0.485,-0.512,-0.58,0.399,0.531,0.086,-0.506,0.025,-0.237,0.275,-0.211,0.011,0.17,-0.248,-0.132,-0.493,0.41,0.392,0.195,-0.496,0.418,0.198,-0.628,-0.073,0.094,0.461,0.34,0.425,-0.469,0.026,0.36,0.549,0.205,0.644,0.324,-0.04,-0.265,-0.483,0.333,-0.003,-0.527,0.589,-0.327,0.16,0.143,0.413,0.083,0.581,-0.396,-0.03,-0.038,-0.396,0.261,-0.06,-0.438,0.634,-0.189,0.146,-0.44,-0.176,0.121,-0.256,0.26,-0.24,-0.117,-0.491,0.291,0.105,0.411,0.693,0.083,-0.013,-0.188,0.194,0.44,-0.15,-0.548,0.341,0.19,-0.465,0.224,0.347,-0.236
BKR,0.6,0.279,0.334,0.326,0.479,-0.252,0.043,0.153,0.208,0.364,0.262,0.218,0.472,0.555,0.631,-0.14,0.603,-0.299,-0.114,0.411,0.416,0.108,-0.229,-0.144,0.21,0.441,0.209,1.0,0.413,0.453,0.303,0.451,0.458,0.706,0.324,0.501,-0.139,0.697,-0.003,-0.309,-0.289,0.425,0.324,-0.097,0.417,0.596,0.646,0.619,0.595,0.56,0.256,0.485,0.441,0.358,0.399,-0.078,0.45,-0.024,0.327,0.33,0.403,0.672,-0.103,-0.33,0.145,0.345,0.788,0.625,0.502,-0.28,-0.168,0.183,-0.369,0.336,0.738,0.516,-0.048,0.563,0.332,0.33,0.401,0.52,0.571,0.333,0.2,0.54,0.238,0.377,0.499,-0.002,0.233,0.406,0.461,0.055,-0.075,-0.048,0.836,0.344,0.423,0.423,0.339,0.27,0.513,0.583,-0.224,-0.239,0.447,0.216,0.518,0.383,0.1,0.518,0.286,0.331,0.531,0.224,0.379,0.413,0.331,-0.1,0.386,0.74,0.374,0.159,0.31,0.166,0.685,0.339,0.287,0.303,0.269,0.618,-0.024,0.433,0.672,0.407,-0.021,0.374,0.296,-0.406,0.628,0.221,0.55,0.682,0.503,0.094,0.278,0.57,0.399,0.575,0.56,0.438,0.341,0.233,-0.134,0.741,-0.227,-0.262,0.576,-0.085,0.334,0.466,0.332,0.412,0.409,0.125,0.285,0.133,-0.178,0.447,0.553,-0.407,0.45,0.126,0.448,-0.099,0.412,0.48,-0.291,0.397,0.397,0.396,0.182,0.544,0.332,0.735,0.476,0.335,0.292,0.197,0.36,0.524,-0.041,-0.162,0.633,0.45,0.015,0.491,0.646,0.084
BLDP,0.608,0.254,0.518,0.382,0.556,-0.306,-0.422,0.015,0.576,0.393,0.492,0.444,0.63,0.632,0.672,-0.348,0.525,-0.417,-0.015,0.607,0.193,0.192,-0.5,-0.255,0.386,0.559,0.475,0.413,1.0,0.76,0.244,0.716,0.738,0.726,0.584,0.744,-0.301,0.124,-0.56,-0.36,-0.79,0.428,0.607,0.225,0.31,0.562,0.39,0.121,0.244,0.718,0.501,0.749,0.744,0.462,0.267,0.347,-0.293,-0.564,0.182,-0.221,0.857,0.753,-0.512,-0.643,0.242,0.46,0.575,0.649,0.317,-0.434,-0.526,0.207,-0.58,0.464,0.606,0.074,0.125,0.121,0.598,0.582,0.811,0.819,0.702,0.705,0.565,0.732,0.649,0.866,0.789,-0.189,0.285,0.676,0.759,0.048,-0.727,-0.441,0.237,0.59,0.699,0.709,0.804,-0.092,0.712,0.657,-0.676,-0.544,0.726,0.693,0.757,0.507,-0.213,0.758,0.397,0.58,0.674,-0.058,0.596,0.749,-0.438,-0.087,0.726,0.654,0.551,-0.017,0.555,0.296,0.028,0.37,0.536,0.693,0.317,0.24,-0.136,0.765,0.645,0.62,0.079,0.663,0.579,-0.42,0.359,-0.365,0.697,0.64,0.717,-0.494,0.65,0.657,0.801,0.639,0.676,0.733,0.479,0.18,-0.298,0.652,-0.637,-0.305,0.734,-0.577,0.612,0.671,0.73,0.52,0.807,0.107,0.551,0.459,-0.126,0.697,0.226,-0.736,0.793,0.293,0.586,-0.009,0.439,0.682,-0.528,0.724,0.093,0.262,-0.191,0.356,0.37,0.607,0.742,0.514,0.624,0.058,0.689,0.77,-0.499,-0.111,0.683,0.668,-0.014,0.739,0.693,0.303
BLNK,0.45,0.11,0.406,0.172,0.447,-0.452,-0.282,-0.124,0.443,0.43,0.326,0.229,0.723,0.537,0.598,-0.335,0.404,-0.392,-0.193,0.468,0.202,0.017,-0.709,-0.304,0.104,0.476,0.728,0.453,0.76,1.0,0.155,0.605,0.86,0.739,0.502,0.876,-0.394,0.172,-0.483,-0.489,-0.669,0.412,0.578,0.028,0.326,0.61,0.338,0.114,0.099,0.704,0.469,0.683,0.653,0.346,0.21,0.228,-0.255,-0.619,0.132,-0.248,0.742,0.72,-0.328,-0.625,0.156,0.254,0.533,0.561,0.216,-0.55,-0.536,-0.024,-0.607,0.276,0.584,0.113,-0.109,0.342,0.497,0.505,0.822,0.779,0.614,0.619,0.435,0.669,0.511,0.705,0.752,-0.247,0.126,0.939,0.586,-0.073,-0.659,-0.388,0.228,0.444,0.748,0.579,0.623,-0.083,0.608,0.717,-0.642,-0.641,0.871,0.537,0.735,0.866,-0.261,0.691,0.247,0.403,0.64,-0.04,0.493,0.826,-0.451,-0.257,0.718,0.742,0.496,-0.182,0.526,0.128,0.177,0.256,0.361,0.587,0.186,0.144,-0.179,0.68,0.709,0.505,-0.121,0.726,0.456,-0.581,0.3,-0.162,0.793,0.633,0.677,-0.566,0.427,0.638,0.726,0.568,0.859,0.655,0.344,0.103,-0.383,0.618,-0.42,-0.473,0.804,-0.519,0.531,0.553,0.755,0.516,0.926,-0.021,0.439,0.278,-0.236,0.691,0.182,-0.718,0.877,0.092,0.467,-0.137,0.262,0.554,-0.52,0.626,0.046,0.122,-0.303,0.428,0.404,0.613,0.915,0.45,0.431,-0.127,0.616,0.731,-0.411,-0.312,0.696,0.541,-0.062,0.615,0.659,0.16
BYND,0.398,0.329,0.327,0.386,0.328,0.416,-0.298,0.226,0.209,0.55,0.306,0.222,0.217,0.379,0.366,0.395,0.402,-0.194,0.549,0.221,0.19,0.227,-0.041,0.139,0.315,0.388,-0.101,0.303,0.244,0.155,1.0,0.266,0.229,0.253,0.357,0.343,0.265,0.04,0.112,0.193,-0.325,0.193,0.426,0.267,0.304,0.168,0.233,0.416,0.288,0.548,0.499,0.25,0.16,0.344,0.458,0.03,0.005,-0.155,0.308,0.267,0.271,0.214,-0.291,0.095,0.623,0.527,0.195,0.301,0.287,0.296,0.131,0.115,0.095,0.309,0.318,0.214,0.217,0.132,0.221,0.25,0.221,0.25,0.292,0.258,0.062,0.34,0.171,0.249,0.287,0.494,0.024,0.089,0.24,0.272,-0.283,-0.283,0.246,0.334,0.271,0.274,0.198,0.15,0.291,0.115,-0.261,0.02,0.258,0.287,0.182,-0.055,0.272,0.258,0.332,0.264,0.244,-0.126,0.325,0.215,0.071,0.21,0.311,0.369,0.332,0.37,0.267,0.222,-0.042,0.662,0.262,0.204,0.483,0.29,0.537,0.311,0.218,0.368,0.396,0.302,0.192,0.113,0.659,-0.313,0.176,0.293,0.277,0.036,0.248,0.124,0.248,0.285,0.164,0.184,0.339,0.276,0.197,0.138,-0.362,-0.045,0.277,-0.142,0.225,0.274,0.181,0.319,0.297,0.418,0.289,0.203,0.148,0.309,0.225,-0.231,0.201,0.293,0.21,0.526,0.346,0.349,0.069,0.268,0.274,0.19,0.295,0.487,0.314,0.159,0.135,0.368,0.28,0.22,0.528,0.316,-0.299,0.299,0.277,0.209,0.497,0.251,0.248,0.284
