,AAL,AAPL,ABUS,ADBE,ADI,ADMA,AEP,AGNC,AKBA,ALT,AMAT,AMD,AMGN,AMZN,APA,APPS,ARCC,ARDX,ATER,ATOS,AUPH,AVGO,AZN,BCRX,BGC,BIDU,BILI,BKR,BLDP,BLNK,BYND,CAN,CELH,CG,CGC,CHRD,CLNE,CMCSA,COMM,COST,CPB,CPRT,CRON,CRWD,CSCO,CSGP,CSX,CTSH,CZR,DBX,DDOG,DKNG,DLTR,DOCU,DVAX,DXCM,EA,EBAY,ENPH,ERIC,ESPR,ETSY,EXC,EXEL,EXPE,FANG,FAST,FITB,FLEX,FOLD,FOXA,FSLR,FTNT,FUTU,GEN,GERN,GEVO,GILD,GOOG,GOOGL,GPRO,GT,HBAN,HIVE,HON,HST,HUT,IBRX,INTC,IOVA,IQ,IRWD,JBLU,JD,KDP,KHC,LBTYK,LRCX,LYFT,MAR,MARA,MAT,MCHP,MCRB,MDLZ,META,MGNI,MLCO,MNKD,MNST,MOMO,MRNA,MRVL,MSFT,MSTR,MTCH,MU,MVIS,NDAQ,NFLX,NKTR,NNDM,NTES,NTNX,NVAX,NVDA,NWL,NWSA,NXPI,OCGN,OKTA,ON,OPK,PAA,PACB,PAGP,PANW,PARA,PCAR,PDD,PENN,PEP,PLUG,PTEN,PTON,PYPL,QCOM,QUBT,QVCGA,RDFN,REAL,RIOT,ROKU,ROST,RUN,SABR,SAVA,SBUX,SFIX,SGMO,SIRI,SLM,SMCI,SNDL,SONO,STNE,STX,TCOM,TGTX,TIGR,TLRY,TMUS,TRIP,TSCO,TSLA,TTD,TXN,UAL,UNIT,VERU,VKTX,VLY,VOD,VTRS,VXRT,WBA,WBD,WDAY,WDC,WEN,WW,WYNN,XEL,XP,XRAY,XRX,Z,ZION,ZM,ZS
AAL,1.0,0.51,-0.115,0.348,0.372,-0.137,0.148,0.413,-0.131,-0.301,0.343,-0.044,-0.258,0.374,0.246,0.33,-0.278,0.076,0.164,-0.3,0.598,0.3,0.083,0.357,-0.325,0.502,0.061,0.312,0.45,0.289,0.398,0.292,-0.349,0.472,0.056,0.205,0.21,0.518,0.085,-0.132,-0.286,0.336,-0.167,0.098,-0.313,0.373,-0.099,-0.086,0.503,0.073,0.33,0.326,-0.027,0.093,-0.38,0.385,0.424,0.387,0.307,0.272,0.073,0.498,-0.133,0.074,0.567,0.101,0.251,0.565,0.027,0.169,-0.214,0.353,0.027,0.253,0.398,0.348,0.402,-0.323,0.057,0.058,0.321,0.338,0.513,0.218,0.228,0.0,0.265,0.015,0.203,0.14,0.257,-0.15,0.578,0.295,0.099,-0.253,-0.241,0.345,0.403,0.096,0.407,0.503,0.442,-0.01,-0.359,0.055,0.559,0.09,0.091,-0.201,0.425,-0.196,0.14,-0.102,0.227,0.177,0.134,0.364,0.128,0.467,-0.149,0.32,0.043,-0.105,0.365,-0.022,0.59,0.133,0.383,-0.359,0.194,0.409,0.258,-0.339,0.366,-0.314,-0.049,0.361,0.424,0.337,0.417,-0.248,0.409,0.221,0.446,0.589,0.365,0.271,0.69,0.348,0.554,0.434,0.541,-0.129,0.274,0.633,0.108,0.452,0.405,-0.207,0.303,-0.025,0.247,-0.082,0.64,0.219,0.131,-0.239,0.491,0.282,-0.053,-0.313,0.234,-0.123,0.42,0.562,0.51,0.91,-0.255,0.229,-0.001,0.413,0.048,-0.205,-0.251,0.44,0.266,0.082,-0.029,0.627,0.365,-0.103,0.039,0.382,0.032,0.321,0.353,0.635,0.382,0.24
AAPL,0.51,1.0,-0.158,0.67,0.848,-0.57,-0.266,0.349,-0.598,-0.606,0.881,-0.077,-0.593,0.587,0.606,0.638,-0.611,-0.368,0.459,-0.504,0.624,0.725,-0.349,-0.313,-0.122,0.201,0.27,0.526,0.512,0.482,0.631,0.53,-0.565,0.779,0.427,0.532,0.521,0.737,0.11,-0.187,-0.525,0.721,-0.466,-0.167,-0.373,0.871,0.015,0.273,0.779,0.118,0.511,0.656,0.119,0.356,-0.355,-0.23,0.473,0.515,0.614,0.431,-0.136,0.743,-0.561,0.416,0.657,0.382,0.693,0.106,-0.304,0.188,-0.503,0.468,-0.265,0.526,0.648,0.56,0.572,-0.6,0.065,0.097,0.652,0.77,0.196,0.332,0.524,-0.499,0.448,0.222,0.323,-0.386,0.39,-0.606,0.648,0.497,0.466,-0.571,-0.561,0.785,0.762,-0.137,0.243,0.717,0.891,-0.294,-0.613,-0.122,0.693,0.233,0.224,-0.484,0.664,-0.533,-0.089,-0.085,0.201,-0.381,0.252,0.349,0.206,0.589,-0.513,0.496,0.302,-0.054,0.42,-0.29,0.374,-0.107,0.888,-0.65,0.566,0.802,0.734,-0.554,0.567,-0.494,-0.029,0.545,0.812,0.063,0.524,-0.001,0.438,0.568,0.214,0.759,0.775,0.531,0.34,0.428,0.716,0.447,0.52,0.226,0.596,0.481,0.156,0.828,0.804,-0.352,0.399,0.433,-0.169,-0.26,0.731,0.651,0.577,-0.64,-0.028,0.266,-0.057,-0.598,0.46,-0.381,0.614,0.759,0.652,0.297,-0.341,0.438,-0.258,0.671,-0.305,-0.656,-0.068,0.575,0.505,0.129,0.465,0.786,0.715,-0.524,-0.223,0.704,-0.412,0.719,0.687,0.539,0.646,0.234
ABUS,-0.115,-0.158,1.0,-0.37,0.084,0.092,0.376,-0.015,0.069,0.395,-0.052,-0.216,0.362,-0.319,0.225,0.279,0.263,-0.155,0.139,0.644,0.081,-0.32,0.473,0.281,0.442,0.454,0.451,0.192,0.327,0.272,0.011,0.113,0.279,0.069,0.243,0.27,0.356,0.021,0.715,-0.185,0.254,-0.139,0.677,-0.34,0.313,0.045,0.522,-0.283,0.018,-0.575,-0.477,-0.2,0.721,-0.541,0.577,0.184,-0.392,0.333,0.193,0.382,0.295,0.033,0.549,0.294,0.086,0.336,-0.277,0.316,0.562,0.76,-0.157,0.379,-0.079,0.385,-0.428,0.009,0.2,0.134,-0.156,-0.153,-0.066,-0.101,0.435,0.402,0.561,0.386,0.407,0.643,0.462,0.115,0.454,0.257,-0.016,0.406,0.52,0.469,0.171,-0.069,0.057,0.065,0.408,0.016,-0.061,0.516,0.562,-0.229,0.042,0.449,0.576,0.512,0.029,0.658,-0.251,-0.295,0.616,0.293,0.202,0.303,0.428,-0.393,0.726,0.205,-0.25,-0.402,0.352,-0.289,0.186,0.654,0.041,0.67,0.279,0.082,0.011,-0.006,0.235,0.205,-0.549,0.089,0.137,0.152,0.304,0.691,0.39,0.148,0.083,-0.074,-0.015,0.24,0.102,0.485,-0.132,0.22,0.174,0.332,0.258,0.272,-0.64,0.117,-0.177,0.597,0.552,0.297,-0.392,0.712,0.13,-0.138,-0.111,0.318,0.138,0.431,0.537,0.285,0.235,-0.165,0.181,-0.11,0.386,0.059,0.611,0.239,-0.222,0.173,0.626,0.2,-0.434,0.295,0.218,-0.278,-0.043,-0.302,0.16,0.406,0.611,-0.155,0.175,0.107,0.2,0.386,-0.036,-0.351
ADBE,0.348,0.67,-0.37,1.0,0.582,-0.166,-0.529,0.6,-0.436,-0.388,0.657,0.251,-0.393,0.799,0.132,0.316,-0.513,0.129,0.182,-0.523,0.266,0.862,-0.314,-0.181,-0.021,-0.173,-0.148,0.101,0.168,0.189,0.313,0.398,-0.368,0.504,0.206,0.057,0.23,0.506,-0.082,0.355,-0.411,0.747,-0.648,0.34,-0.151,0.602,-0.042,0.583,0.474,0.517,0.712,0.577,-0.008,0.657,-0.516,0.02,0.759,0.146,0.446,0.333,0.158,0.35,-0.323,0.231,0.68,-0.003,0.623,-0.031,-0.266,0.063,-0.067,0.22,0.186,0.079,0.751,0.381,0.121,-0.28,0.481,0.499,0.454,0.48,-0.095,0.141,0.133,-0.388,0.193,-0.151,0.137,-0.208,-0.013,-0.562,0.26,0.162,0.185,-0.47,-0.073,0.746,0.619,0.212,-0.051,0.388,0.664,-0.436,-0.459,0.33,0.601,-0.147,-0.16,-0.292,0.298,-0.564,0.245,0.337,-0.311,-0.218,0.292,0.051,0.223,0.719,-0.502,0.161,0.065,0.304,-0.032,0.197,0.279,-0.367,0.579,-0.635,0.475,0.394,0.378,-0.184,0.192,-0.187,0.48,0.242,0.51,0.013,0.089,-0.368,0.035,0.296,-0.087,0.635,0.691,0.294,0.349,0.125,0.319,0.135,0.245,0.283,0.34,0.338,0.45,0.477,0.528,-0.293,0.002,0.299,0.264,-0.414,0.589,0.522,0.6,-0.566,-0.241,-0.173,-0.432,-0.506,0.228,-0.073,0.228,0.373,0.352,0.153,-0.443,0.017,0.228,0.44,-0.415,-0.416,0.139,0.152,0.151,0.525,0.498,0.571,0.31,-0.443,-0.428,0.651,-0.065,0.497,0.482,0.208,0.615,0.654
ADI,0.372,0.848,0.084,0.582,1.0,-0.451,-0.251,0.347,-0.609,-0.401,0.895,-0.081,-0.522,0.544,0.703,0.735,-0.513,-0.377,0.572,-0.292,0.625,0.648,-0.275,-0.268,0.058,0.244,0.357,0.599,0.636,0.594,0.559,0.603,-0.465,0.764,0.557,0.566,0.668,0.7,0.353,-0.165,-0.424,0.78,-0.246,-0.192,-0.265,0.893,0.212,0.281,0.753,0.039,0.45,0.663,0.454,0.28,-0.155,-0.143,0.329,0.579,0.705,0.634,0.083,0.704,-0.411,0.536,0.724,0.418,0.646,0.166,-0.184,0.422,-0.494,0.586,-0.206,0.588,0.534,0.573,0.579,-0.558,0.076,0.134,0.749,0.776,0.253,0.489,0.679,-0.346,0.54,0.42,0.522,-0.35,0.476,-0.629,0.642,0.594,0.66,-0.457,-0.431,0.828,0.752,-0.083,0.382,0.774,0.962,-0.011,-0.399,-0.16,0.698,0.327,0.343,-0.307,0.604,-0.442,-0.118,-0.128,0.323,-0.268,0.442,0.423,0.472,0.5,-0.336,0.563,0.09,-0.069,0.496,-0.31,0.449,0.071,0.96,-0.474,0.726,0.896,0.743,-0.562,0.657,-0.475,-0.093,0.601,0.885,-0.026,0.627,0.204,0.54,0.662,0.234,0.746,0.819,0.676,0.312,0.553,0.594,0.486,0.607,0.454,0.698,0.546,-0.074,0.822,0.716,-0.111,0.552,0.721,-0.256,0.009,0.772,0.713,0.678,-0.522,0.023,0.334,0.221,-0.536,0.549,-0.38,0.681,0.663,0.814,0.237,-0.103,0.519,-0.196,0.741,-0.166,-0.583,-0.188,0.7,0.534,0.04,0.551,0.666,0.781,-0.447,-0.128,0.748,-0.255,0.807,0.764,0.617,0.709,0.227
ADMA,-0.137,-0.57,0.092,-0.166,-0.451,1.0,0.011,0.261,0.654,0.541,-0.442,0.585,0.742,0.086,-0.651,-0.685,0.585,0.87,-0.665,0.426,-0.47,-0.224,0.392,0.569,0.19,-0.359,-0.486,-0.64,-0.44,-0.56,-0.624,-0.527,0.787,-0.527,-0.466,-0.684,-0.623,-0.567,-0.276,0.569,0.509,-0.253,0.273,0.751,0.587,-0.585,-0.011,0.069,-0.581,0.368,0.093,-0.227,-0.024,-0.018,0.149,0.639,0.024,-0.636,-0.69,-0.086,0.429,-0.725,0.45,-0.366,-0.218,-0.596,-0.263,0.004,0.228,-0.128,0.682,-0.57,0.744,-0.563,-0.19,-0.585,-0.668,0.811,0.407,0.355,-0.541,-0.641,-0.28,-0.447,-0.449,0.558,-0.491,-0.446,-0.107,0.546,-0.535,0.557,-0.577,-0.616,-0.32,0.623,0.756,-0.28,-0.624,0.629,-0.25,-0.626,-0.474,0.303,0.599,0.629,-0.459,-0.548,-0.384,0.635,-0.637,0.464,0.663,0.612,-0.337,0.711,-0.142,-0.424,0.175,-0.08,0.36,-0.678,-0.531,0.573,-0.481,0.833,-0.082,0.12,-0.579,0.404,-0.495,-0.585,-0.611,0.698,-0.553,0.654,0.523,-0.679,-0.505,0.072,-0.436,-0.164,-0.562,-0.697,-0.146,-0.35,-0.246,-0.59,0.125,-0.452,-0.724,-0.525,-0.441,0.01,-0.698,-0.226,-0.09,-0.617,-0.74,0.449,-0.424,-0.314,0.644,0.095,-0.422,-0.399,-0.212,0.565,0.021,-0.454,-0.115,0.674,-0.638,0.688,-0.714,-0.654,-0.24,-0.094,0.143,-0.61,0.795,-0.662,-0.087,0.679,0.235,-0.505,-0.676,0.452,-0.146,-0.347,-0.716,0.499,-0.049,-0.38,0.766,-0.652,-0.686,-0.393,-0.485,0.459
AEP,0.148,-0.266,0.376,-0.529,-0.251,0.011,1.0,-0.22,0.352,0.044,-0.37,-0.249,0.324,-0.517,0.062,0.136,0.283,-0.087,-0.14,0.26,0.163,-0.59,0.601,0.435,-0.181,0.558,0.288,0.139,0.325,-0.099,0.043,-0.306,0.09,-0.106,-0.155,0.156,0.12,0.179,0.304,-0.38,0.496,-0.487,0.569,-0.266,0.098,-0.183,0.292,-0.433,-0.038,-0.485,-0.514,-0.409,0.178,-0.578,0.363,0.239,-0.307,0.293,-0.099,-0.145,-0.002,0.151,0.527,-0.083,-0.303,0.192,-0.513,0.626,0.467,0.243,0.053,0.307,-0.185,0.242,-0.438,-0.106,0.345,0.14,-0.419,-0.46,-0.252,-0.182,0.582,-0.097,0.084,0.391,-0.016,0.224,-0.085,0.241,0.421,0.578,0.154,0.262,-0.047,0.574,0.094,-0.477,-0.248,-0.191,0.207,0.067,-0.258,0.428,0.416,-0.312,-0.119,0.414,0.451,0.358,0.173,0.486,-0.236,-0.338,0.345,0.348,-0.291,0.235,-0.105,-0.365,0.396,0.065,-0.005,-0.443,0.374,-0.221,0.171,0.516,-0.217,0.399,-0.277,-0.026,-0.24,0.124,0.112,0.128,-0.418,0.116,-0.166,0.421,0.219,0.424,0.455,-0.008,0.223,-0.174,-0.395,-0.072,0.063,0.226,0.068,0.099,0.092,-0.338,0.008,0.033,-0.193,0.007,-0.07,0.179,0.314,-0.244,-0.004,0.372,-0.058,-0.315,-0.478,0.409,0.557,0.397,0.31,0.363,0.002,0.034,0.156,0.022,0.079,0.329,0.484,0.151,-0.247,0.031,0.672,0.302,-0.286,0.142,0.244,-0.497,-0.504,-0.134,0.055,0.587,0.805,-0.272,0.056,-0.213,-0.08,0.313,-0.248,-0.404
AGNC,0.413,0.349,-0.015,0.6,0.347,0.261,-0.22,1.0,0.077,0.184,0.352,0.496,0.105,0.668,-0.029,0.047,0.053,0.435,-0.075,0.04,0.136,0.544,0.128,0.27,0.108,-0.066,-0.225,-0.189,0.11,0.138,-0.052,0.264,0.164,0.247,0.083,-0.126,0.133,0.201,-0.015,0.524,-0.228,0.387,-0.141,0.456,0.105,0.31,0.284,0.454,0.194,0.521,0.597,0.355,0.249,0.424,-0.306,0.478,0.52,-0.065,0.108,0.462,0.637,0.023,0.097,-0.034,0.605,-0.169,0.366,0.294,0.176,0.255,0.162,0.047,0.498,-0.078,0.52,0.175,-0.04,0.058,0.611,0.606,0.073,0.117,0.141,0.174,0.054,0.294,0.231,-0.116,0.466,0.305,-0.033,-0.122,0.108,-0.034,0.09,-0.018,0.31,0.597,0.245,0.571,0.125,0.17,0.361,-0.076,-0.005,0.552,0.468,-0.347,-0.233,0.208,0.041,-0.022,0.599,0.454,-0.201,0.29,0.336,0.122,0.435,0.564,0.022,0.009,-0.364,0.352,-0.143,0.395,0.321,0.187,0.299,-0.12,0.24,0.14,0.041,0.095,-0.111,0.229,0.377,-0.12,0.322,0.07,-0.03,-0.347,0.06,-0.127,0.101,0.504,0.572,0.058,0.471,0.138,-0.008,0.036,0.193,0.315,0.078,0.403,0.029,0.139,0.1,0.182,-0.023,0.148,0.41,-0.036,0.457,0.264,0.373,-0.111,-0.103,-0.174,-0.251,-0.074,-0.109,0.2,0.041,0.034,0.429,0.291,-0.002,-0.206,0.467,0.145,-0.153,0.015,0.005,0.131,-0.206,0.577,0.305,0.289,0.09,0.009,-0.205,0.387,0.358,0.175,0.142,0.352,0.389,0.685
AKBA,-0.131,-0.598,0.069,-0.436,-0.609,0.654,0.352,0.077,1.0,0.523,-0.67,0.335,0.769,-0.195,-0.491,-0.626,0.841,0.568,-0.714,0.464,-0.514,-0.517,0.59,0.56,-0.057,-0.072,-0.248,-0.633,-0.468,-0.603,-0.598,-0.626,0.645,-0.632,-0.546,-0.537,-0.601,-0.475,-0.254,0.3,0.499,-0.616,0.441,0.407,0.416,-0.692,0.04,-0.286,-0.682,0.138,-0.184,-0.493,-0.218,-0.357,0.245,0.458,-0.133,-0.514,-0.708,-0.294,0.274,-0.537,0.545,-0.511,-0.365,-0.422,-0.547,0.223,0.468,-0.17,0.585,-0.448,0.5,-0.441,-0.381,-0.538,-0.461,0.694,0.141,0.088,-0.743,-0.754,-0.011,-0.484,-0.487,0.576,-0.525,-0.445,-0.231,0.561,-0.353,0.777,-0.429,-0.48,-0.521,0.674,0.609,-0.524,-0.724,0.344,-0.253,-0.489,-0.638,0.154,0.561,0.331,-0.523,-0.379,-0.299,0.613,-0.543,0.608,0.455,0.323,-0.349,0.619,-0.289,-0.302,-0.101,-0.282,0.412,-0.665,-0.358,0.25,-0.335,0.475,-0.154,0.305,-0.656,0.505,-0.697,-0.653,-0.674,0.673,-0.611,0.565,0.168,-0.589,-0.586,0.256,-0.481,-0.1,-0.382,-0.677,0.052,-0.412,-0.535,-0.681,-0.055,-0.412,-0.602,-0.53,-0.498,-0.261,-0.644,-0.287,-0.09,-0.638,-0.662,0.342,-0.373,-0.538,0.469,0.117,-0.468,-0.603,-0.501,0.858,0.175,-0.21,-0.175,0.718,-0.604,0.617,-0.6,-0.629,-0.37,-0.008,0.331,-0.633,0.421,-0.594,0.139,0.725,0.107,-0.374,-0.569,0.144,-0.37,-0.375,-0.539,0.631,0.22,-0.553,0.608,-0.664,-0.652,-0.242,-0.699,0.064
ALT,-0.301,-0.606,0.395,-0.388,-0.401,0.541,0.044,0.184,0.523,1.0,-0.483,0.25,0.495,-0.255,-0.346,-0.41,0.741,0.315,-0.301,0.734,-0.409,-0.388,0.375,0.375,0.3,-0.054,-0.09,-0.459,-0.259,-0.043,-0.543,-0.162,0.626,-0.437,0.016,-0.369,-0.195,-0.594,0.082,0.38,0.165,-0.328,0.495,0.159,0.369,-0.484,0.265,-0.078,-0.508,-0.07,-0.196,-0.318,0.26,-0.255,0.262,0.396,-0.275,-0.429,-0.336,0.051,0.478,-0.577,0.524,-0.229,-0.179,-0.363,-0.422,0.09,0.398,0.294,0.286,-0.224,0.377,-0.291,-0.421,-0.276,-0.406,0.428,0.144,0.142,-0.45,-0.595,0.005,0.063,-0.176,0.61,-0.01,0.017,0.371,0.495,-0.239,0.431,-0.428,-0.302,-0.158,0.404,0.513,-0.235,-0.439,0.379,0.039,-0.436,-0.488,0.38,0.541,0.296,-0.304,-0.243,-0.14,0.556,-0.537,0.572,0.248,0.113,-0.051,0.454,0.11,0.059,0.307,-0.318,0.629,-0.194,-0.428,0.086,-0.336,0.208,-0.062,0.417,-0.493,0.725,-0.092,-0.516,-0.497,0.401,-0.487,0.396,-0.038,-0.43,-0.398,-0.02,-0.348,-0.044,-0.248,-0.437,0.03,-0.338,-0.263,-0.227,-0.068,-0.087,-0.548,-0.24,-0.17,0.224,-0.302,-0.139,-0.391,-0.538,-0.647,0.693,-0.166,-0.088,0.108,0.505,-0.347,-0.307,-0.257,0.532,0.027,-0.05,0.182,0.433,-0.281,0.275,-0.376,-0.597,-0.11,-0.125,0.529,-0.351,0.373,-0.381,0.221,0.472,-0.056,-0.251,-0.429,0.133,-0.15,-0.503,-0.436,0.373,0.099,-0.322,0.589,-0.392,-0.372,-0.143,-0.256,0.017
AMAT,0.343,0.881,-0.052,0.657,0.895,-0.442,-0.37,0.352,-0.67,-0.483,1.0,0.121,-0.518,0.54,0.556,0.613,-0.592,-0.344,0.475,-0.413,0.555,0.778,-0.399,-0.377,0.1,0.094,0.171,0.554,0.526,0.473,0.463,0.545,-0.462,0.723,0.511,0.502,0.578,0.575,0.219,-0.07,-0.493,0.796,-0.341,-0.106,-0.195,0.832,0.137,0.46,0.744,0.215,0.609,0.794,0.309,0.434,-0.148,-0.203,0.355,0.488,0.615,0.578,-0.043,0.642,-0.544,0.478,0.629,0.35,0.815,-0.013,-0.335,0.271,-0.445,0.433,-0.143,0.503,0.629,0.46,0.497,-0.478,0.131,0.159,0.648,0.838,0.062,0.347,0.585,-0.331,0.451,0.244,0.46,-0.5,0.328,-0.607,0.615,0.488,0.611,-0.495,-0.387,0.893,0.735,-0.016,0.232,0.621,0.914,-0.117,-0.464,-0.044,0.624,0.181,0.186,-0.365,0.506,-0.504,-0.001,0.037,0.232,-0.378,0.463,0.235,0.446,0.553,-0.453,0.458,0.064,0.105,0.283,-0.173,0.228,-0.076,0.893,-0.572,0.634,0.814,0.692,-0.502,0.595,-0.403,0.065,0.424,0.864,-0.132,0.542,0.105,0.39,0.53,0.147,0.72,0.895,0.574,0.168,0.374,0.553,0.355,0.448,0.386,0.577,0.468,-0.032,0.76,0.692,-0.296,0.473,0.627,-0.253,-0.147,0.682,0.804,0.798,-0.669,-0.178,0.188,0.102,-0.492,0.477,-0.285,0.566,0.644,0.703,0.114,-0.292,0.448,-0.195,0.599,-0.276,-0.631,0.099,0.49,0.356,0.195,0.715,0.596,0.659,-0.487,-0.255,0.718,-0.35,0.732,0.647,0.465,0.703,0.327
AMD,-0.044,-0.077,-0.216,0.251,-0.081,0.585,-0.249,0.496,0.335,0.25,0.121,1.0,0.366,0.305,-0.541,-0.475,0.281,0.584,-0.53,0.089,-0.344,0.284,0.02,0.084,0.278,-0.46,-0.554,-0.568,-0.361,-0.448,-0.562,-0.338,0.464,-0.252,-0.249,-0.528,-0.338,-0.349,-0.39,0.675,0.124,0.098,-0.013,0.669,0.433,-0.256,-0.014,0.457,-0.175,0.638,0.627,0.415,-0.01,0.328,-0.062,0.468,0.184,-0.525,-0.487,0.033,0.36,-0.443,0.007,-0.373,-0.004,-0.606,0.389,-0.083,-0.164,-0.222,0.466,-0.522,0.603,-0.387,0.208,-0.513,-0.466,0.493,0.527,0.496,-0.427,-0.082,-0.366,-0.433,-0.375,0.486,-0.36,-0.516,0.094,0.151,-0.476,0.274,-0.244,-0.465,-0.248,0.278,0.618,0.288,-0.356,0.757,-0.413,-0.382,-0.062,0.011,0.281,0.67,-0.229,-0.711,-0.514,0.318,-0.406,0.026,0.803,0.766,-0.513,0.279,0.157,-0.481,0.289,0.167,-0.022,-0.531,-0.486,0.819,-0.698,0.778,-0.249,-0.07,-0.166,-0.025,-0.312,-0.29,-0.355,0.458,-0.495,0.457,0.682,-0.608,-0.095,-0.203,-0.325,-0.379,-0.462,-0.642,-0.159,0.095,0.324,-0.363,-0.047,-0.509,-0.487,-0.581,-0.421,0.202,-0.53,-0.212,0.011,-0.305,-0.308,0.065,-0.305,-0.085,0.484,-0.189,-0.179,0.17,0.309,0.131,-0.336,-0.504,-0.269,0.451,-0.483,0.76,-0.488,-0.4,-0.044,-0.228,-0.108,-0.568,0.629,-0.48,-0.376,0.239,0.711,-0.485,-0.677,0.67,0.45,-0.163,-0.438,0.155,-0.394,-0.065,0.393,-0.358,-0.444,-0.291,-0.133,0.668
AMGN,-0.258,-0.593,0.362,-0.393,-0.522,0.742,0.324,0.105,0.769,0.495,-0.518,0.366,1.0,-0.146,-0.501,-0.544,0.754,0.629,-0.727,0.428,-0.533,-0.412,0.641,0.589,0.198,-0.196,-0.392,-0.559,-0.45,-0.597,-0.592,-0.585,0.836,-0.61,-0.478,-0.523,-0.525,-0.464,-0.088,0.455,0.727,-0.5,0.517,0.467,0.705,-0.563,0.193,-0.133,-0.628,0.105,-0.165,-0.381,0.056,-0.332,0.446,0.558,-0.113,-0.434,-0.629,-0.14,0.283,-0.592,0.669,-0.372,-0.295,-0.345,-0.47,0.136,0.536,0.011,0.661,-0.415,0.596,-0.503,-0.404,-0.615,-0.564,0.888,0.266,0.195,-0.712,-0.701,-0.035,-0.469,-0.31,0.685,-0.489,-0.289,-0.112,0.443,-0.378,0.762,-0.576,-0.474,-0.291,0.891,0.79,-0.395,-0.633,0.505,-0.286,-0.589,-0.55,0.311,0.826,0.406,-0.539,-0.305,-0.1,0.79,-0.631,0.783,0.491,0.443,-0.218,0.671,-0.164,-0.377,0.057,-0.323,0.507,-0.689,-0.499,0.338,-0.283,0.568,-0.2,0.312,-0.569,0.635,-0.553,-0.592,-0.649,0.753,-0.548,0.77,0.217,-0.653,-0.49,0.165,-0.489,0.204,-0.392,-0.572,-0.088,-0.458,-0.415,-0.603,-0.067,-0.356,-0.702,-0.569,-0.465,-0.111,-0.568,-0.194,-0.202,-0.541,-0.7,0.338,-0.19,-0.358,0.386,0.165,-0.478,-0.576,-0.424,0.805,0.036,-0.39,-0.068,0.849,-0.523,0.638,-0.648,-0.703,-0.252,-0.156,0.407,-0.641,0.456,-0.587,0.27,0.779,0.116,-0.384,-0.541,0.256,-0.244,-0.499,-0.585,0.79,0.359,-0.498,0.631,-0.606,-0.621,-0.251,-0.671,0.141
AMZN,0.374,0.587,-0.319,0.799,0.544,0.086,-0.517,0.668,-0.195,-0.255,0.54,0.305,-0.146,1.0,0.126,0.119,-0.25,0.326,0.002,-0.392,0.191,0.758,-0.176,-0.053,0.016,-0.203,-0.238,0.019,0.042,0.048,0.142,0.29,-0.047,0.401,0.056,-0.025,-0.006,0.378,-0.174,0.476,-0.198,0.699,-0.52,0.516,0.074,0.507,-0.029,0.538,0.287,0.659,0.715,0.407,0.028,0.671,-0.47,0.218,0.725,0.014,0.221,0.44,0.298,0.211,-0.262,0.128,0.657,-0.074,0.521,-0.0,-0.142,-0.032,0.147,0.037,0.406,-0.151,0.789,0.19,-0.051,-0.043,0.651,0.671,0.4,0.226,-0.083,0.047,0.122,-0.25,0.028,-0.207,0.154,-0.056,-0.171,-0.348,0.112,-0.045,0.145,-0.286,0.064,0.624,0.414,0.32,-0.002,0.324,0.573,-0.394,-0.246,0.52,0.489,-0.345,-0.178,-0.063,0.09,-0.354,0.465,0.56,-0.279,0.007,0.179,-0.037,0.325,0.749,-0.413,-0.026,-0.109,0.444,-0.052,0.381,0.368,-0.163,0.512,-0.51,0.277,0.325,0.35,0.004,0.041,0.02,0.582,0.024,0.48,0.083,0.004,-0.29,-0.118,0.118,-0.076,0.532,0.608,0.101,0.445,0.016,0.21,0.042,0.152,0.325,0.185,0.255,0.323,0.351,0.346,-0.15,-0.108,0.285,0.402,-0.473,0.451,0.396,0.538,-0.302,-0.204,-0.278,-0.426,-0.253,-0.07,0.073,0.092,0.268,0.395,0.235,-0.332,-0.088,0.455,0.267,-0.57,-0.13,0.129,0.208,-0.041,0.674,0.417,0.593,0.247,-0.306,-0.456,0.533,0.22,0.348,0.253,0.207,0.456,0.746
APA,0.246,0.606,0.225,0.132,0.703,-0.651,0.062,-0.029,-0.491,-0.346,0.556,-0.541,-0.501,0.126,1.0,0.702,-0.348,-0.646,0.656,-0.133,0.694,0.187,-0.165,-0.194,-0.024,0.49,0.598,0.826,0.72,0.664,0.601,0.512,-0.556,0.627,0.524,0.859,0.703,0.68,0.538,-0.598,-0.396,0.405,-0.059,-0.621,-0.379,0.711,0.25,-0.093,0.6,-0.37,-0.084,0.187,0.393,-0.101,0.114,-0.404,-0.079,0.747,0.749,0.432,-0.171,0.787,-0.257,0.68,0.374,0.806,0.219,0.226,0.0,0.479,-0.689,0.702,-0.512,0.693,0.211,0.636,0.746,-0.624,-0.349,-0.288,0.697,0.595,0.429,0.556,0.749,-0.344,0.62,0.599,0.453,-0.394,0.677,-0.468,0.627,0.707,0.707,-0.432,-0.641,0.385,0.645,-0.509,0.522,0.786,0.663,0.101,-0.413,-0.612,0.547,0.58,0.509,-0.341,0.664,-0.253,-0.498,-0.58,0.581,-0.353,0.206,0.605,0.285,0.121,-0.119,0.635,0.245,-0.518,0.646,-0.691,0.445,0.315,0.8,-0.285,0.599,0.837,0.846,-0.664,0.781,-0.633,-0.564,0.609,0.76,0.022,0.685,0.511,0.707,0.822,0.323,0.449,0.366,0.671,0.159,0.64,0.612,0.627,0.599,0.253,0.812,0.435,-0.295,0.681,0.646,0.033,0.616,0.583,-0.549,0.203,0.583,0.462,0.262,-0.374,0.16,0.558,0.384,-0.527,0.634,-0.683,0.718,0.687,0.652,0.269,0.107,0.739,-0.583,0.722,0.14,-0.534,-0.479,0.918,0.635,-0.428,0.128,0.49,0.887,-0.385,0.209,0.517,-0.37,0.725,0.698,0.618,0.487,-0.339
APPS,0.33,0.638,0.279,0.316,0.735,-0.685,0.136,0.047,-0.626,-0.41,0.613,-0.475,-0.544,0.119,0.702,1.0,-0.56,-0.643,0.681,-0.163,0.634,0.317,-0.033,-0.219,0.036,0.581,0.626,0.736,0.771,0.689,0.728,0.583,-0.576,0.765,0.554,0.707,0.801,0.766,0.655,-0.462,-0.295,0.517,-0.012,-0.529,-0.365,0.804,0.285,0.022,0.757,-0.373,-0.002,0.316,0.469,-0.047,-0.045,-0.291,0.113,0.889,0.85,0.501,-0.017,0.846,-0.131,0.55,0.525,0.657,0.282,0.354,0.087,0.603,-0.618,0.882,-0.497,0.772,0.219,0.698,0.832,-0.655,-0.263,-0.246,0.716,0.707,0.541,0.626,0.788,-0.353,0.686,0.659,0.388,-0.342,0.749,-0.481,0.714,0.851,0.632,-0.344,-0.515,0.463,0.787,-0.35,0.512,0.826,0.724,0.06,-0.322,-0.459,0.734,0.688,0.63,-0.234,0.731,-0.247,-0.593,-0.511,0.578,-0.273,0.193,0.661,0.267,0.246,-0.08,0.813,0.275,-0.533,0.756,-0.662,0.466,0.217,0.741,-0.219,0.709,0.8,0.587,-0.619,0.777,-0.523,-0.468,0.764,0.735,0.208,0.7,0.39,0.813,0.775,0.231,0.632,0.445,0.789,0.262,0.758,0.707,0.688,0.635,0.25,0.852,0.563,-0.143,0.817,0.781,-0.094,0.752,0.571,-0.474,0.232,0.801,0.513,0.369,-0.45,0.2,0.684,0.337,-0.511,0.748,-0.58,0.868,0.71,0.673,0.347,0.099,0.694,-0.529,0.877,0.282,-0.572,-0.454,0.685,0.761,-0.372,0.193,0.5,0.8,-0.251,0.344,0.56,-0.438,0.847,0.852,0.735,0.628,-0.163
ARCC,-0.278,-0.611,0.263,-0.513,-0.513,0.585,0.283,0.053,0.841,0.741,-0.592,0.281,0.754,-0.25,-0.348,-0.56,1.0,0.401,-0.568,0.586,-0.471,-0.515,0.526,0.471,0.135,-0.074,-0.218,-0.547,-0.437,-0.389,-0.557,-0.447,0.716,-0.551,-0.319,-0.444,-0.456,-0.518,-0.09,0.35,0.432,-0.544,0.494,0.245,0.504,-0.619,0.2,-0.228,-0.667,0.047,-0.248,-0.447,0.015,-0.355,0.394,0.446,-0.252,-0.466,-0.576,-0.135,0.302,-0.547,0.556,-0.413,-0.359,-0.351,-0.537,0.22,0.45,0.021,0.497,-0.364,0.433,-0.414,-0.446,-0.495,-0.466,0.615,0.1,0.081,-0.632,-0.725,0.075,-0.288,-0.333,0.65,-0.345,-0.222,0.08,0.457,-0.332,0.713,-0.434,-0.434,-0.367,0.623,0.567,-0.413,-0.656,0.378,-0.109,-0.474,-0.572,0.291,0.665,0.272,-0.498,-0.331,-0.14,0.628,-0.62,0.662,0.405,0.238,-0.188,0.552,-0.094,-0.125,0.069,-0.326,0.506,-0.472,-0.443,0.161,-0.31,0.343,-0.178,0.443,-0.545,0.661,-0.475,-0.572,-0.598,0.555,-0.585,0.501,0.036,-0.529,-0.492,0.095,-0.419,0.073,-0.35,-0.54,0.143,-0.444,-0.447,-0.476,-0.155,-0.266,-0.554,-0.421,-0.356,0.011,-0.485,-0.26,-0.236,-0.563,-0.689,0.475,-0.251,-0.34,0.242,0.234,-0.516,-0.512,-0.44,0.841,0.09,-0.172,0.009,0.677,-0.433,0.484,-0.53,-0.666,-0.226,-0.118,0.572,-0.514,0.361,-0.48,0.201,0.679,0.037,-0.266,-0.463,0.079,-0.276,-0.498,-0.442,0.598,0.239,-0.491,0.627,-0.58,-0.558,-0.209,-0.549,-0.054
ARDX,0.076,-0.368,-0.155,0.129,-0.377,0.87,-0.087,0.435,0.568,0.315,-0.344,0.584,0.629,0.326,-0.646,-0.643,0.401,1.0,-0.635,0.099,-0.376,0.016,0.282,0.608,-0.03,-0.412,-0.63,-0.657,-0.425,-0.512,-0.464,-0.416,0.614,-0.371,-0.473,-0.669,-0.619,-0.368,-0.421,0.682,0.386,-0.116,0.005,0.876,0.441,-0.452,-0.101,0.139,-0.486,0.51,0.273,-0.12,-0.205,0.146,-0.068,0.682,0.349,-0.633,-0.597,-0.157,0.359,-0.608,0.317,-0.328,-0.017,-0.562,-0.154,0.018,0.142,-0.252,0.661,-0.541,0.799,-0.638,0.046,-0.446,-0.634,0.694,0.595,0.543,-0.449,-0.56,-0.288,-0.467,-0.506,0.422,-0.507,-0.567,-0.183,0.534,-0.567,0.406,-0.488,-0.611,-0.4,0.441,0.701,-0.121,-0.468,0.658,-0.333,-0.51,-0.33,0.063,0.404,0.692,-0.269,-0.656,-0.468,0.453,-0.518,0.233,0.754,0.69,-0.543,0.613,-0.113,-0.413,0.057,0.136,0.128,-0.668,-0.411,0.624,-0.451,0.904,0.01,-0.098,-0.467,0.11,-0.457,-0.543,-0.535,0.674,-0.53,0.598,0.656,-0.57,-0.442,0.139,-0.507,-0.397,-0.582,-0.598,-0.139,-0.198,-0.146,-0.535,0.305,-0.456,-0.593,-0.502,-0.316,-0.09,-0.646,-0.07,0.216,-0.478,-0.518,0.181,-0.505,-0.401,0.846,-0.152,-0.24,-0.345,-0.173,0.423,0.008,-0.612,-0.357,0.464,-0.62,0.666,-0.676,-0.501,-0.248,0.053,-0.087,-0.705,0.874,-0.562,-0.197,0.537,0.265,-0.492,-0.603,0.594,-0.135,-0.123,-0.643,0.338,-0.186,-0.219,0.687,-0.572,-0.59,-0.348,-0.348,0.642
ATER,0.164,0.459,0.139,0.182,0.572,-0.665,-0.14,-0.075,-0.714,-0.301,0.475,-0.53,-0.727,0.002,0.656,0.681,-0.568,-0.635,1.0,-0.18,0.603,0.255,-0.416,-0.325,-0.046,0.331,0.523,0.631,0.591,0.831,0.613,0.76,-0.633,0.594,0.652,0.633,0.685,0.427,0.449,-0.527,-0.509,0.347,-0.135,-0.64,-0.598,0.631,0.109,-0.095,0.554,-0.358,-0.138,0.251,0.375,0.036,-0.171,-0.452,-0.12,0.638,0.774,0.323,-0.144,0.645,-0.317,0.577,0.413,0.534,0.28,-0.016,-0.144,0.365,-0.716,0.621,-0.577,0.58,0.134,0.764,0.641,-0.827,-0.212,-0.144,0.691,0.641,0.218,0.721,0.566,-0.463,0.672,0.636,0.423,-0.344,0.531,-0.607,0.545,0.619,0.536,-0.616,-0.653,0.365,0.685,-0.5,0.549,0.593,0.514,0.029,-0.475,-0.578,0.662,0.461,0.366,-0.532,0.569,-0.444,-0.611,-0.59,0.522,-0.443,0.302,0.582,0.126,0.141,-0.103,0.813,0.311,-0.572,0.537,-0.694,0.24,-0.05,0.602,-0.274,0.71,0.633,0.63,-0.751,0.672,-0.627,-0.507,0.71,0.585,-0.106,0.644,0.172,0.588,0.702,0.098,0.374,0.347,0.833,0.056,0.67,0.645,0.732,0.619,0.272,0.734,0.395,-0.148,0.545,0.603,-0.086,0.458,0.48,-0.563,0.211,0.556,0.431,0.332,-0.623,0.016,0.522,0.405,-0.742,0.675,-0.761,0.762,0.611,0.479,0.155,-0.082,0.747,-0.534,0.725,0.129,-0.669,-0.341,0.593,0.624,-0.472,0.156,0.292,0.741,-0.574,0.016,0.384,-0.553,0.691,0.712,0.449,0.645,-0.322
ATOS,-0.3,-0.504,0.644,-0.523,-0.292,0.426,0.26,0.04,0.464,0.734,-0.413,0.089,0.428,-0.392,-0.133,-0.163,0.586,0.099,-0.18,1.0,-0.262,-0.52,0.459,0.303,0.419,0.208,0.29,-0.245,-0.03,-0.0,-0.347,-0.16,0.516,-0.247,0.005,-0.137,-0.007,-0.367,0.361,0.003,0.228,-0.354,0.677,-0.097,0.331,-0.409,0.289,-0.224,-0.361,-0.314,-0.409,-0.409,0.397,-0.452,0.396,0.211,-0.529,-0.15,-0.265,0.117,0.464,-0.398,0.541,-0.101,-0.264,-0.048,-0.459,0.181,0.434,0.451,0.083,-0.051,0.116,0.095,-0.501,-0.261,-0.125,0.301,-0.129,-0.136,-0.367,-0.452,0.138,0.198,0.06,0.516,0.182,0.27,0.307,0.415,0.1,0.445,-0.258,0.007,0.069,0.475,0.311,-0.323,-0.358,0.216,0.228,-0.263,-0.425,0.489,0.56,0.028,-0.244,0.072,0.125,0.587,-0.275,0.656,-0.022,-0.105,0.281,0.433,0.012,0.129,0.312,-0.431,0.763,-0.058,-0.368,-0.153,-0.1,-0.005,-0.025,0.631,-0.373,0.754,-0.087,-0.313,-0.326,0.234,-0.222,0.288,-0.315,-0.274,-0.268,0.037,-0.005,0.259,0.007,-0.357,-0.002,-0.273,-0.278,-0.108,-0.027,0.121,-0.44,-0.03,-0.176,0.252,-0.192,-0.094,-0.6,-0.368,-0.521,0.851,0.073,-0.01,-0.151,0.691,-0.226,-0.264,-0.25,0.522,0.072,0.32,0.39,0.48,-0.194,0.17,-0.156,-0.45,0.008,-0.111,0.612,-0.052,0.083,-0.242,0.365,0.389,-0.224,-0.063,-0.209,-0.146,-0.165,-0.501,-0.254,0.428,0.316,-0.395,0.368,-0.308,-0.221,-0.011,-0.269,-0.242
AUPH,0.598,0.624,0.081,0.266,0.625,-0.47,0.163,0.136,-0.514,-0.409,0.555,-0.344,-0.533,0.191,0.694,0.634,-0.471,-0.376,0.603,-0.262,1.0,0.28,-0.169,0.13,-0.193,0.476,0.442,0.71,0.732,0.603,0.67,0.535,-0.607,0.746,0.399,0.705,0.567,0.638,0.449,-0.467,-0.35,0.439,-0.117,-0.399,-0.499,0.669,0.021,-0.127,0.661,-0.251,0.111,0.305,0.256,-0.003,-0.097,-0.052,0.174,0.653,0.689,0.351,-0.117,0.773,-0.232,0.605,0.455,0.567,0.245,0.437,-0.088,0.368,-0.551,0.685,-0.409,0.595,0.325,0.651,0.686,-0.581,-0.273,-0.23,0.722,0.63,0.574,0.52,0.559,-0.295,0.561,0.445,0.355,-0.185,0.547,-0.387,0.708,0.602,0.497,-0.419,-0.563,0.413,0.682,-0.294,0.649,0.681,0.61,0.183,-0.436,-0.385,0.682,0.443,0.451,-0.455,0.633,-0.319,-0.284,-0.434,0.535,-0.151,0.197,0.681,0.228,0.294,-0.155,0.65,0.188,-0.481,0.616,-0.416,0.575,0.212,0.675,-0.423,0.509,0.785,0.728,-0.632,0.759,-0.64,-0.374,0.721,0.646,0.089,0.803,0.21,0.661,0.674,0.523,0.532,0.426,0.666,0.472,0.72,0.758,0.769,0.796,0.042,0.707,0.637,-0.086,0.727,0.666,-0.086,0.61,0.371,-0.228,0.149,0.641,0.446,0.288,-0.488,0.475,0.492,0.339,-0.548,0.607,-0.524,0.698,0.752,0.658,0.54,0.006,0.778,-0.321,0.751,0.157,-0.417,-0.364,0.73,0.64,-0.299,0.047,0.607,0.725,-0.309,0.228,0.601,-0.25,0.633,0.664,0.712,0.556,-0.148
AVGO,0.3,0.725,-0.32,0.862,0.648,-0.224,-0.59,0.544,-0.517,-0.388,0.778,0.284,-0.412,0.758,0.187,0.317,-0.515,0.016,0.255,-0.52,0.28,1.0,-0.525,-0.319,0.033,-0.227,-0.143,0.205,0.154,0.263,0.302,0.425,-0.316,0.552,0.327,0.11,0.236,0.409,-0.1,0.371,-0.433,0.722,-0.54,0.192,-0.089,0.664,-0.036,0.653,0.58,0.548,0.704,0.698,0.023,0.743,-0.377,-0.012,0.616,0.154,0.455,0.364,0.103,0.38,-0.496,0.249,0.614,0.062,0.777,-0.154,-0.361,0.011,-0.141,0.166,0.102,0.117,0.732,0.366,0.114,-0.287,0.435,0.46,0.486,0.564,-0.186,0.136,0.255,-0.366,0.198,-0.048,0.196,-0.363,-0.045,-0.58,0.293,0.115,0.303,-0.511,-0.157,0.826,0.626,0.2,-0.079,0.355,0.694,-0.387,-0.41,0.274,0.583,-0.225,-0.097,-0.383,0.262,-0.605,0.268,0.344,-0.176,-0.337,0.355,0.049,0.232,0.654,-0.47,0.214,0.059,0.317,-0.012,0.132,0.102,-0.336,0.632,-0.649,0.431,0.431,0.44,-0.289,0.206,-0.197,0.409,0.228,0.61,-0.163,0.2,-0.249,-0.013,0.277,-0.062,0.613,0.811,0.341,0.251,0.12,0.383,0.116,0.246,0.291,0.375,0.332,0.383,0.54,0.542,-0.361,0.037,0.368,0.07,-0.398,0.525,0.621,0.715,-0.613,-0.378,-0.167,-0.271,-0.52,0.221,-0.083,0.319,0.392,0.436,0.048,-0.396,0.096,0.148,0.414,-0.507,-0.536,0.267,0.153,0.133,0.539,0.626,0.508,0.354,-0.499,-0.491,0.673,-0.221,0.563,0.413,0.184,0.655,0.574
AZN,0.083,-0.349,0.473,-0.314,-0.275,0.392,0.601,0.128,0.59,0.375,-0.399,0.02,0.641,-0.176,-0.165,-0.033,0.526,0.282,-0.416,0.459,-0.169,-0.525,1.0,0.567,0.058,0.416,0.079,-0.207,0.051,-0.278,-0.291,-0.314,0.47,-0.291,-0.367,-0.089,-0.076,-0.056,0.28,0.038,0.515,-0.353,0.483,0.23,0.433,-0.31,0.404,-0.256,-0.31,-0.172,-0.263,-0.406,0.27,-0.509,0.307,0.478,-0.024,0.051,-0.249,0.188,0.373,-0.176,0.765,-0.196,-0.079,-0.053,-0.475,0.581,0.749,0.316,0.418,0.13,0.367,-0.031,-0.283,-0.282,0.009,0.507,0.108,0.049,-0.399,-0.42,0.478,-0.079,0.0,0.582,-0.077,0.055,0.06,0.444,0.188,0.637,-0.169,0.095,-0.134,0.717,0.539,-0.31,-0.344,0.223,0.176,-0.086,-0.298,0.318,0.578,0.215,-0.115,0.196,0.201,0.759,-0.152,0.738,0.145,0.082,0.097,0.654,-0.143,0.063,0.189,-0.123,0.482,-0.221,-0.335,-0.087,0.102,0.169,0.284,0.605,-0.312,0.59,-0.214,-0.209,-0.436,0.543,-0.141,0.547,-0.059,-0.233,-0.259,0.584,-0.173,0.265,0.222,-0.187,0.122,-0.112,-0.322,-0.269,0.103,0.088,-0.317,-0.114,-0.12,-0.105,-0.165,0.065,-0.317,-0.237,-0.342,0.409,0.215,-0.15,0.299,0.297,-0.024,-0.427,-0.417,0.651,0.393,0.147,0.013,0.625,-0.178,0.292,-0.185,-0.269,0.03,0.303,0.489,-0.227,0.165,-0.139,0.583,0.682,-0.342,-0.041,-0.135,-0.071,-0.365,-0.202,-0.19,0.775,0.641,-0.316,0.596,-0.325,-0.159,0.256,-0.381,0.024
BCRX,0.357,-0.313,0.281,-0.181,-0.268,0.569,0.435,0.27,0.56,0.375,-0.377,0.084,0.589,-0.053,-0.194,-0.219,0.471,0.608,-0.325,0.303,0.13,-0.319,0.567,1.0,-0.153,0.182,-0.122,-0.225,0.022,-0.115,-0.122,-0.217,0.392,-0.162,-0.255,-0.232,-0.26,-0.09,0.094,0.139,0.384,-0.262,0.377,0.338,0.171,-0.268,0.039,-0.369,-0.279,-0.11,-0.139,-0.289,0.029,-0.395,0.184,0.673,0.086,-0.131,-0.237,-0.053,0.284,-0.171,0.559,-0.007,0.055,-0.114,-0.492,0.51,0.503,0.253,0.283,0.003,0.372,-0.182,-0.265,-0.071,-0.153,0.43,0.071,0.023,-0.28,-0.446,0.347,-0.077,-0.118,0.492,-0.1,-0.097,0.1,0.628,-0.073,0.504,-0.126,-0.152,-0.132,0.509,0.383,-0.234,-0.24,0.357,0.213,-0.16,-0.272,0.442,0.407,0.176,-0.051,-0.08,0.048,0.446,-0.204,0.494,0.305,0.047,0.058,0.728,-0.12,0.178,0.124,-0.092,0.493,-0.217,-0.28,-0.05,0.111,0.355,0.31,0.35,-0.314,0.372,-0.249,-0.232,-0.329,0.326,-0.101,0.228,-0.029,-0.133,-0.252,0.376,-0.015,0.01,0.006,-0.206,0.291,-0.121,-0.297,-0.176,0.526,0.147,-0.227,0.035,0.179,-0.195,-0.217,0.331,-0.129,-0.196,-0.343,0.375,0.032,-0.367,0.483,0.336,0.028,-0.447,-0.415,0.527,0.593,-0.017,0.077,0.37,-0.187,0.283,-0.246,-0.214,0.092,0.46,0.307,-0.218,0.397,-0.143,0.392,0.482,-0.266,0.036,-0.14,0.029,-0.491,-0.019,-0.255,0.508,0.435,-0.168,0.565,-0.291,-0.231,0.186,-0.315,0.108
BGC,-0.325,-0.122,0.442,-0.021,0.058,0.19,-0.181,0.108,-0.057,0.3,0.1,0.278,0.198,0.016,-0.024,0.036,0.135,-0.03,-0.046,0.419,-0.193,0.033,0.058,-0.153,1.0,-0.05,0.044,-0.043,-0.035,0.008,-0.156,0.014,0.259,-0.002,0.099,-0.019,0.11,-0.193,0.39,0.195,0.119,0.19,0.291,-0.03,0.374,-0.023,0.252,0.192,0.01,-0.031,-0.003,0.106,0.494,-0.008,0.163,0.091,-0.256,0.059,0.046,0.344,0.316,-0.168,0.27,0.05,0.054,0.091,0.143,-0.124,0.132,0.37,0.055,0.01,0.131,0.064,-0.094,-0.217,-0.139,0.178,0.149,0.155,-0.044,0.03,-0.01,0.182,0.253,0.287,0.142,0.213,0.333,-0.05,0.018,0.09,-0.188,0.014,0.315,0.209,0.35,0.116,0.036,0.422,0.004,-0.154,-0.033,0.263,0.39,0.16,-0.042,-0.041,0.056,0.328,-0.201,0.291,0.071,0.171,0.123,0.114,0.245,-0.07,0.47,-0.184,0.44,-0.058,-0.355,0.15,-0.239,0.084,-0.094,0.314,0.023,0.333,0.2,-0.038,0.002,0.084,-0.106,0.232,-0.03,-0.266,0.176,-0.288,0.012,0.275,-0.092,-0.132,-0.207,0.073,0.191,0.126,-0.071,-0.0,-0.326,-0.111,-0.23,0.548,0.033,-0.047,-0.47,-0.055,-0.158,0.39,0.214,0.377,-0.271,0.313,-0.059,0.152,0.207,0.135,-0.348,0.045,0.21,0.282,0.13,0.124,-0.092,-0.265,0.157,-0.312,0.215,-0.032,0.066,-0.045,0.059,0.075,0.112,-0.008,-0.173,0.167,0.358,-0.29,-0.039,0.124,0.011,-0.088,0.198,0.072,0.04,-0.018,0.021,0.004
BIDU,0.502,0.201,0.454,-0.173,0.244,-0.359,0.558,-0.066,-0.072,-0.054,0.094,-0.46,-0.196,-0.203,0.49,0.581,-0.074,-0.412,0.331,0.208,0.476,-0.227,0.416,0.182,-0.05,1.0,0.674,0.579,0.698,0.389,0.402,0.244,-0.333,0.398,0.19,0.554,0.529,0.468,0.655,-0.547,-0.107,0.015,0.316,-0.449,-0.144,0.26,0.304,-0.301,0.371,-0.501,-0.329,-0.107,0.375,-0.371,0.168,0.091,-0.139,0.719,0.45,0.38,0.071,0.563,0.246,0.3,0.227,0.498,-0.168,0.639,0.393,0.564,-0.4,0.72,-0.296,0.683,-0.081,0.308,0.717,-0.359,-0.335,-0.331,0.244,0.202,0.719,0.469,0.584,0.086,0.479,0.567,0.284,0.045,0.742,0.078,0.551,0.779,0.379,-0.009,-0.266,-0.033,0.336,-0.313,0.616,0.576,0.218,0.258,-0.017,-0.387,0.417,0.647,0.539,0.091,0.531,0.169,-0.432,-0.536,0.65,0.099,0.093,0.547,0.251,0.021,0.269,0.526,0.126,-0.616,0.592,-0.549,0.526,0.626,0.27,0.123,0.311,0.396,0.212,-0.327,0.56,-0.262,-0.586,0.469,0.362,0.548,0.584,0.358,0.748,0.415,0.334,0.287,0.041,0.405,0.317,0.618,0.471,0.545,0.447,-0.024,0.522,0.461,-0.335,0.426,0.325,0.186,0.612,0.169,-0.274,0.424,0.493,0.099,-0.06,0.047,0.482,0.822,0.374,-0.134,0.465,-0.389,0.63,0.506,0.492,0.698,0.278,0.55,-0.466,0.515,0.601,-0.123,-0.572,0.544,0.506,-0.456,-0.166,0.191,0.544,0.115,0.554,0.092,-0.072,0.319,0.473,0.692,0.296,-0.343
BILI,0.061,0.27,0.451,-0.148,0.357,-0.486,0.288,-0.225,-0.248,-0.09,0.171,-0.554,-0.392,-0.238,0.598,0.626,-0.218,-0.63,0.523,0.29,0.442,-0.143,0.079,-0.122,0.044,0.674,1.0,0.557,0.584,0.504,0.526,0.313,-0.426,0.449,0.439,0.669,0.616,0.434,0.572,-0.66,-0.173,0.049,0.264,-0.685,-0.281,0.419,0.194,-0.27,0.412,-0.611,-0.404,-0.088,0.377,-0.331,0.162,-0.318,-0.281,0.626,0.525,0.258,-0.001,0.539,0.03,0.454,0.099,0.584,-0.106,0.315,0.155,0.509,-0.605,0.658,-0.587,0.796,-0.118,0.45,0.695,-0.507,-0.478,-0.443,0.367,0.298,0.425,0.544,0.615,-0.302,0.57,0.695,0.214,-0.109,0.745,-0.176,0.421,0.769,0.512,-0.166,-0.536,0.005,0.399,-0.476,0.502,0.581,0.252,0.138,-0.147,-0.647,0.354,0.718,0.653,-0.094,0.62,0.015,-0.672,-0.636,0.632,-0.193,-0.03,0.592,0.176,-0.111,0.265,0.584,0.479,-0.659,0.608,-0.725,0.339,0.419,0.363,0.055,0.38,0.457,0.45,-0.501,0.572,-0.448,-0.669,0.573,0.372,0.373,0.653,0.465,0.678,0.511,0.164,0.251,0.038,0.501,0.113,0.72,0.42,0.597,0.465,0.16,0.615,0.231,-0.293,0.531,0.454,0.306,0.548,0.269,-0.522,0.52,0.401,0.176,0.004,-0.128,0.229,0.838,0.467,-0.278,0.47,-0.501,0.623,0.519,0.402,0.191,0.329,0.695,-0.583,0.552,0.327,-0.346,-0.528,0.537,0.61,-0.544,-0.117,0.17,0.585,-0.136,0.389,0.164,-0.365,0.427,0.518,0.495,0.238,-0.515
BKR,0.312,0.526,0.192,0.101,0.599,-0.64,0.139,-0.189,-0.633,-0.459,0.554,-0.568,-0.559,0.019,0.826,0.736,-0.547,-0.657,0.631,-0.245,0.71,0.205,-0.207,-0.225,-0.043,0.579,0.557,1.0,0.791,0.558,0.611,0.491,-0.66,0.625,0.467,0.811,0.683,0.621,0.567,-0.635,-0.368,0.429,-0.035,-0.591,-0.313,0.658,0.191,0.036,0.656,-0.342,-0.079,0.204,0.316,0.028,0.177,-0.404,-0.102,0.818,0.747,0.456,-0.22,0.791,-0.303,0.689,0.278,0.797,0.246,0.167,-0.068,0.412,-0.606,0.729,-0.519,0.715,0.198,0.524,0.764,-0.574,-0.431,-0.395,0.741,0.644,0.381,0.502,0.758,-0.369,0.554,0.586,0.25,-0.52,0.694,-0.454,0.67,0.746,0.726,-0.437,-0.622,0.283,0.673,-0.593,0.56,0.698,0.587,0.115,-0.422,-0.531,0.507,0.655,0.502,-0.376,0.652,-0.33,-0.559,-0.529,0.701,-0.396,0.165,0.463,0.287,0.184,-0.172,0.678,0.29,-0.527,0.634,-0.65,0.331,0.241,0.667,-0.346,0.53,0.802,0.721,-0.647,0.896,-0.597,-0.469,0.646,0.703,0.07,0.763,0.487,0.712,0.812,0.251,0.376,0.347,0.641,0.125,0.601,0.67,0.673,0.586,0.057,0.788,0.438,-0.221,0.682,0.636,-0.166,0.626,0.551,-0.535,0.171,0.559,0.491,0.369,-0.477,0.206,0.604,0.444,-0.533,0.672,-0.699,0.761,0.789,0.582,0.345,-0.024,0.858,-0.625,0.67,0.192,-0.535,-0.409,0.733,0.64,-0.417,0.124,0.413,0.785,-0.371,0.246,0.495,-0.459,0.722,0.652,0.564,0.567,-0.315
BLDP,0.45,0.512,0.327,0.168,0.636,-0.44,0.325,0.11,-0.468,-0.259,0.526,-0.361,-0.45,0.042,0.72,0.771,-0.437,-0.425,0.591,-0.03,0.732,0.154,0.051,0.022,-0.035,0.698,0.584,0.791,1.0,0.654,0.576,0.491,-0.514,0.699,0.535,0.758,0.815,0.667,0.669,-0.545,-0.32,0.455,0.136,-0.428,-0.318,0.646,0.394,-0.019,0.669,-0.387,-0.052,0.214,0.561,-0.122,0.109,-0.117,-0.0,0.797,0.701,0.524,0.036,0.754,-0.065,0.623,0.432,0.647,0.205,0.434,0.09,0.638,-0.58,0.828,-0.311,0.807,0.166,0.578,0.871,-0.531,-0.259,-0.245,0.64,0.592,0.526,0.594,0.774,-0.105,0.677,0.621,0.487,-0.192,0.829,-0.307,0.77,0.834,0.715,-0.25,-0.414,0.357,0.623,-0.353,0.635,0.713,0.625,0.334,-0.267,-0.416,0.619,0.627,0.5,-0.161,0.745,-0.183,-0.45,-0.478,0.652,-0.102,0.263,0.617,0.474,0.195,0.004,0.69,0.135,-0.487,0.686,-0.508,0.559,0.395,0.644,-0.204,0.615,0.785,0.572,-0.504,0.842,-0.439,-0.45,0.628,0.689,0.225,0.768,0.396,0.848,0.683,0.31,0.488,0.418,0.666,0.329,0.686,0.577,0.66,0.66,0.175,0.719,0.58,-0.325,0.676,0.612,0.109,0.699,0.563,-0.285,0.424,0.723,0.546,0.343,-0.38,0.345,0.674,0.533,-0.433,0.603,-0.57,0.769,0.727,0.735,0.494,0.099,0.714,-0.377,0.672,0.358,-0.449,-0.433,0.719,0.6,-0.4,0.154,0.466,0.757,-0.241,0.362,0.504,-0.211,0.64,0.668,0.732,0.613,-0.122
BLNK,0.289,0.482,0.272,0.189,0.594,-0.56,-0.099,0.138,-0.603,-0.043,0.473,-0.448,-0.597,0.048,0.664,0.689,-0.389,-0.512,0.831,-0.0,0.603,0.263,-0.278,-0.115,0.008,0.389,0.504,0.558,0.654,1.0,0.599,0.754,-0.486,0.686,0.782,0.633,0.727,0.448,0.509,-0.404,-0.534,0.421,0.001,-0.568,-0.518,0.642,0.261,-0.098,0.554,-0.394,-0.092,0.269,0.427,-0.057,-0.078,-0.227,-0.032,0.583,0.758,0.387,-0.018,0.595,-0.217,0.534,0.494,0.531,0.225,0.165,-0.042,0.582,-0.723,0.658,-0.462,0.597,0.124,0.801,0.651,-0.762,-0.173,-0.125,0.653,0.547,0.361,0.786,0.658,-0.251,0.785,0.675,0.677,-0.105,0.55,-0.53,0.591,0.615,0.592,-0.54,-0.585,0.476,0.659,-0.266,0.577,0.623,0.558,0.132,-0.375,-0.482,0.676,0.428,0.423,-0.382,0.544,-0.292,-0.501,-0.588,0.553,-0.318,0.385,0.777,0.301,0.133,0.08,0.834,0.209,-0.559,0.578,-0.645,0.361,0.135,0.596,-0.118,0.773,0.623,0.583,-0.693,0.632,-0.61,-0.551,0.665,0.601,-0.047,0.616,0.164,0.612,0.663,0.245,0.467,0.404,0.831,0.298,0.74,0.585,0.722,0.743,0.36,0.716,0.588,-0.221,0.592,0.565,0.101,0.545,0.484,-0.503,0.385,0.65,0.481,0.289,-0.508,0.131,0.545,0.462,-0.649,0.649,-0.684,0.717,0.547,0.608,0.278,0.058,0.631,-0.406,0.709,0.168,-0.622,-0.434,0.643,0.611,-0.397,0.156,0.382,0.681,-0.493,0.066,0.454,-0.394,0.664,0.702,0.578,0.657,-0.243
