,AAL,AAPL,ABUS,ADBE,ADI,ADMA,AEP,AGNC,AKBA,ALT,AMAT,AMD,AMGN,AMZN,APA,APPS,ARCC,ARDX,ATER,ATOS,AUPH,AVGO,AZN,BCRX,BGC,BIDU,BILI,BKR,BLDP,BLNK,BYND,CAN,CELH,CG,CGC,CHRD,CLNE,CMCSA,COMM,COST,CPB,CPRT,CRON,CRWD,CSCO,CSGP,CSX,CTSH,CZR,DBX,DDOG,DKNG,DLTR,DOCU,DVAX,DXCM,EA,EBAY,ENPH,ERIC,ESPR,ETSY,EXC,EXEL,EXPE,FANG,FAST,FITB,FLEX,FOLD,FOXA,FSLR,FTNT,FUTU,GEN,GERN,GEVO,GILD,GOOG,GOOGL,GPRO,GT,HBAN,HIVE,HON,HST,HUT,IBRX,INTC,IOVA,IQ,IRWD,JBLU,JD,KDP,KHC,LBTYK,LRCX,LYFT,MAR,MARA,MAT,MCHP,MCRB,MDLZ,META,MGNI,MLCO,MNKD,MNST,MOMO,MRNA,MRVL,MSFT,MSTR,MTCH,MU,MVIS,NDAQ,NFLX,NKTR,NNDM,NTES,NTNX,NVAX,NVDA,NWL,NWSA,NXPI,OCGN,OKTA,ON,OPK,PAA,PACB,PAGP,PANW,PARA,PCAR,PDD,PENN,PEP,PLUG,PTEN,PTON,PYPL,QCOM,QUBT,QVCGA,RDFN,REAL,RIOT,ROKU,ROST,RUN,SABR,SAVA,SBUX,SFIX,SGMO,SIRI,SLM,SMCI,SNDL,SONO,STNE,STX,TCOM,TGTX,TIGR,TLRY,TMUS,TRIP,TSCO,TSLA,TTD,TXN,UAL,UNIT,VERU,VKTX,VLY,VOD,VTRS,VXRT,WBA,WBD,WDAY,WDC,WEN,WW,WYNN,XEL,XP,XRAY,XRX,Z,ZION,ZM,ZS
AAL,1.0,-0.154,0.654,-0.283,-0.135,0.606,0.758,0.647,-0.441,0.393,-0.196,0.038,0.39,0.717,-0.54,-0.675,-0.277,-0.17,0.575,0.352,0.535,0.153,-0.648,-0.323,0.138,0.029,0.529,-0.006,-0.433,-0.391,0.153,0.167,-0.591,0.267,-0.596,-0.457,-0.247,0.039,0.609,0.311,0.534,-0.395,0.034,0.124,0.171,0.33,0.414,-0.332,0.364,0.029,-0.293,0.529,-0.61,-0.308,0.074,-0.264,-0.468,0.711,-0.316,0.029,-0.027,-0.194,0.665,0.557,0.032,-0.384,0.504,0.296,-0.117,-0.14,-0.066,0.053,0.17,0.097,0.282,0.024,0.337,0.73,-0.221,-0.263,0.437,-0.424,0.232,-0.29,-0.256,0.288,0.072,-0.598,0.256,-0.543,-0.525,-0.346,0.791,0.254,0.777,0.241,0.707,-0.347,0.355,0.541,-0.507,-0.001,-0.364,0.603,0.781,0.439,-0.413,0.489,0.572,0.814,-0.533,-0.402,0.286,0.566,-0.095,-0.201,-0.541,0.64,0.645,0.163,-0.059,-0.282,-0.618,0.395,0.574,-0.434,0.513,-0.438,-0.381,-0.532,-0.65,-0.377,-0.16,0.077,0.579,-0.169,-0.408,-0.192,0.375,0.02,0.106,0.457,0.026,-0.377,-0.278,0.272,-0.078,0.225,-0.302,0.341,0.281,-0.369,0.359,0.01,-0.338,0.372,0.163,0.026,0.307,0.284,-0.546,0.116,-0.445,0.622,0.27,-0.578,0.427,0.353,0.457,-0.457,-0.048,-0.035,-0.104,0.227,0.637,0.293,-0.287,0.698,0.816,-0.141,0.15,0.303,0.568,-0.042,0.195,-0.374,0.082,-0.479,0.482,0.664,-0.517,0.46,0.812,-0.115,0.539,-0.237,0.396,-0.326,-0.68,-0.581
AAPL,-0.154,1.0,-0.327,0.164,0.592,0.264,-0.484,-0.029,0.431,-0.081,0.68,0.257,0.313,0.077,0.543,0.364,0.562,0.321,-0.349,-0.046,-0.014,0.422,0.32,0.651,0.32,0.295,-0.135,0.624,0.556,0.348,0.398,0.138,0.449,0.377,0.258,0.679,0.396,0.61,0.044,0.135,-0.336,0.541,0.002,0.609,0.535,-0.026,0.338,0.034,0.169,0.461,0.602,-0.21,0.461,0.551,0.465,0.466,0.322,-0.106,0.558,0.602,-0.171,0.484,-0.248,-0.045,0.65,0.695,0.135,0.469,0.831,0.21,0.584,0.23,0.361,0.522,0.403,0.574,-0.102,0.003,0.701,0.616,0.144,0.636,0.467,0.556,0.453,0.471,0.263,0.507,0.375,0.464,0.508,0.5,-0.291,0.264,-0.216,-0.196,0.043,0.72,0.342,0.318,0.383,0.506,0.659,-0.244,-0.417,0.405,0.205,-0.031,-0.122,-0.118,0.481,0.192,0.074,0.169,0.415,0.706,0.629,-0.119,0.015,0.35,0.349,0.427,0.55,-0.014,-0.358,0.412,-0.169,0.663,0.712,0.352,0.401,0.642,0.26,0.323,-0.191,0.244,0.375,0.396,0.262,0.118,0.09,-0.501,0.341,0.712,0.315,0.59,0.671,0.204,0.757,-0.174,0.191,0.612,0.018,0.16,0.4,0.278,0.114,0.201,0.236,0.204,0.496,0.514,0.256,-0.352,0.477,0.324,0.234,0.008,0.164,0.602,-0.018,0.121,0.79,-0.266,-0.037,0.284,0.781,-0.305,-0.255,-0.096,0.396,0.399,-0.39,0.451,-0.44,0.345,0.136,0.458,0.283,-0.137,0.261,-0.067,-0.288,0.023,-0.008,0.639,0.151,0.623,0.437,0.506
ABUS,0.654,-0.327,1.0,0.091,-0.493,0.148,0.734,0.165,-0.17,0.073,-0.498,-0.264,-0.098,0.372,-0.58,-0.599,-0.621,-0.253,0.623,0.325,0.174,-0.218,-0.458,-0.498,-0.247,-0.408,0.323,-0.476,-0.392,-0.483,-0.101,-0.161,-0.612,-0.294,-0.545,-0.511,-0.551,-0.178,0.264,0.25,0.438,-0.603,-0.255,-0.385,-0.329,0.527,-0.1,-0.116,-0.101,-0.322,-0.646,0.276,-0.6,-0.382,-0.263,-0.347,-0.242,0.386,-0.625,-0.361,-0.091,-0.303,0.431,0.218,-0.445,-0.501,0.147,-0.288,-0.499,0.117,-0.397,-0.301,-0.066,-0.35,-0.181,-0.312,-0.146,0.363,-0.53,-0.581,0.035,-0.663,-0.332,-0.473,-0.462,-0.263,-0.175,-0.377,-0.282,-0.664,-0.717,-0.404,0.659,-0.232,0.534,0.553,0.376,-0.553,-0.177,0.001,-0.584,-0.369,-0.51,0.43,0.787,-0.067,-0.311,0.241,0.131,0.514,-0.527,-0.175,0.05,0.16,-0.399,-0.433,-0.589,0.218,0.315,-0.286,-0.32,-0.503,-0.622,0.277,0.34,-0.48,0.506,-0.453,-0.519,-0.207,-0.551,-0.51,-0.259,-0.343,0.311,-0.55,-0.287,-0.351,-0.181,-0.344,-0.28,0.774,-0.258,-0.527,-0.414,-0.252,-0.41,-0.104,-0.549,0.011,-0.282,-0.464,0.023,0.043,-0.53,-0.09,-0.288,-0.083,-0.217,-0.057,-0.377,-0.412,-0.476,0.432,-0.295,-0.559,0.197,0.185,0.043,-0.629,-0.293,-0.151,-0.477,0.264,0.378,-0.189,-0.49,0.385,0.797,0.312,-0.22,-0.261,0.502,-0.347,0.411,-0.328,-0.312,-0.32,-0.066,0.299,-0.521,0.039,0.586,-0.223,0.058,-0.497,-0.103,-0.614,-0.614,-0.645
ADBE,-0.283,0.164,0.091,1.0,-0.252,-0.581,-0.333,-0.655,0.325,-0.511,-0.268,-0.586,-0.492,-0.564,0.222,0.196,-0.141,-0.269,0.014,-0.354,-0.532,-0.459,0.49,0.122,-0.301,-0.555,-0.298,-0.279,0.322,-0.199,-0.4,-0.514,0.122,-0.557,0.134,0.208,-0.267,-0.264,-0.573,-0.376,-0.292,-0.007,-0.196,-0.419,-0.511,0.063,-0.246,0.257,-0.684,-0.349,-0.153,-0.524,0.023,0.073,-0.418,-0.084,0.51,-0.57,-0.116,-0.332,-0.069,0.002,-0.468,-0.519,-0.391,0.265,-0.583,-0.455,-0.137,0.528,0.07,-0.485,0.179,-0.226,-0.469,-0.272,-0.624,-0.504,-0.217,-0.227,-0.589,0.087,-0.302,-0.13,0.053,-0.597,-0.566,0.356,-0.462,0.114,-0.004,0.201,-0.338,-0.512,-0.418,0.287,-0.594,0.003,-0.386,-0.609,-0.002,-0.363,0.044,-0.46,-0.332,-0.551,0.109,-0.545,-0.535,-0.548,0.026,0.59,-0.334,-0.608,-0.369,0.226,0.182,-0.585,-0.473,-0.504,-0.288,-0.284,0.017,0.135,-0.364,-0.221,-0.351,0.334,0.223,0.476,0.071,0.092,0.14,-0.454,-0.568,-0.333,0.398,-0.2,-0.643,-0.461,-0.545,0.033,-0.374,0.167,-0.338,-0.407,-0.272,-0.462,-0.086,-0.588,-0.589,0.025,-0.636,-0.472,-0.125,-0.568,-0.34,-0.322,-0.513,-0.44,0.692,-0.421,-0.178,-0.46,-0.422,0.054,-0.454,-0.228,-0.526,0.024,-0.471,-0.281,-0.123,-0.556,-0.558,-0.591,0.185,-0.512,-0.349,0.677,-0.461,-0.549,-0.457,-0.124,-0.168,-0.001,-0.505,0.567,-0.544,-0.623,-0.181,-0.689,-0.451,-0.456,-0.707,0.068,-0.602,-0.034,0.131,0.044
ADI,-0.135,0.592,-0.493,-0.252,1.0,0.329,-0.246,0.271,0.322,0.27,0.838,0.662,0.545,0.242,0.376,0.336,0.626,0.644,-0.45,0.204,0.089,0.64,0.097,0.534,0.418,0.557,-0.099,0.614,0.45,0.611,0.467,0.393,0.441,0.599,0.29,0.481,0.617,0.372,0.241,0.332,-0.388,0.526,0.259,0.644,0.633,-0.002,0.278,0.124,0.409,0.769,0.708,0.025,0.453,0.287,0.555,0.419,0.219,0.178,0.623,0.541,0.234,0.377,-0.027,0.36,0.707,0.386,0.397,0.53,0.696,-0.239,0.352,0.559,0.219,0.502,0.661,0.735,0.32,0.215,0.682,0.665,0.432,0.558,0.517,0.62,0.663,0.668,0.519,0.306,0.562,0.397,0.503,0.374,-0.146,0.382,-0.066,-0.455,0.119,0.758,0.463,0.442,0.62,0.587,0.822,-0.113,-0.367,0.517,0.293,0.092,0.196,0.034,0.433,0.021,0.432,0.475,0.611,0.402,0.544,0.092,0.096,0.76,0.539,0.601,0.473,-0.143,-0.081,0.655,-0.072,0.436,0.667,0.216,0.312,0.77,0.382,0.495,0.114,0.39,0.285,0.393,0.537,0.284,0.363,-0.486,0.611,0.507,0.344,0.552,0.859,0.49,0.69,0.253,0.472,0.682,0.362,0.228,0.636,0.552,0.291,0.507,0.519,0.331,0.117,0.593,0.353,-0.035,0.553,0.464,0.202,0.003,0.466,0.531,0.339,0.459,0.6,0.142,0.098,0.546,0.697,-0.031,-0.214,-0.434,0.606,0.585,-0.11,0.554,-0.149,0.371,0.46,0.256,0.556,0.183,0.322,0.237,-0.104,0.388,0.279,0.591,0.404,0.651,0.359,0.549
ADMA,0.606,0.264,0.148,-0.581,0.329,1.0,0.334,0.763,-0.142,0.649,0.425,0.568,0.705,0.806,-0.208,-0.227,0.183,0.345,0.209,0.498,0.573,0.627,-0.555,-0.068,0.424,0.568,0.315,0.516,-0.001,0.123,0.593,0.57,-0.125,0.748,-0.201,-0.03,0.336,0.555,0.832,0.607,0.283,0.032,0.18,0.628,0.728,0.243,0.447,-0.32,0.726,0.452,0.289,0.636,-0.081,-0.033,0.587,0.27,-0.396,0.765,0.192,0.592,-0.089,0.074,0.622,0.666,0.555,-0.001,0.824,0.673,0.464,-0.316,0.17,0.507,0.143,0.453,0.648,0.529,0.641,0.764,0.377,0.337,0.731,0.051,0.497,0.329,0.012,0.754,0.62,-0.207,0.65,-0.146,-0.027,-0.198,0.55,0.498,0.587,-0.159,0.761,0.193,0.685,0.755,0.031,0.6,0.088,0.567,0.385,0.843,-0.122,0.674,0.477,0.796,-0.055,-0.343,0.312,0.822,0.555,0.087,-0.001,0.696,0.589,0.626,0.39,0.293,-0.082,-0.074,0.473,0.161,0.358,-0.109,-0.0,-0.307,-0.134,0.027,-0.092,0.437,0.676,0.177,-0.301,0.29,0.768,0.417,0.5,-0.015,0.554,0.051,0.162,0.646,0.442,0.569,0.288,0.632,0.702,0.215,0.631,0.373,0.086,0.786,0.341,0.384,0.678,0.651,-0.447,0.547,0.104,0.535,0.612,-0.209,0.756,0.169,0.816,0.07,0.373,0.295,0.453,0.371,0.626,0.676,0.107,0.617,0.561,-0.508,0.674,0.771,0.317,0.168,0.143,0.054,0.562,-0.423,0.758,0.75,0.049,0.656,0.595,0.221,0.704,0.104,0.777,0.143,-0.225,-0.078
AEP,0.758,-0.484,0.734,-0.333,-0.246,0.334,1.0,0.492,-0.422,0.31,-0.352,0.009,0.254,0.612,-0.668,-0.735,-0.38,-0.165,0.519,0.396,0.429,0.062,-0.64,-0.419,-0.007,-0.099,0.406,-0.304,-0.619,-0.393,-0.035,-0.031,-0.644,-0.009,-0.605,-0.578,-0.38,-0.179,0.456,0.378,0.574,-0.46,-0.089,-0.06,-0.014,0.313,0.217,-0.087,0.175,-0.001,-0.509,0.407,-0.652,-0.389,-0.132,-0.341,-0.411,0.644,-0.586,-0.178,0.127,-0.236,0.689,0.519,-0.215,-0.589,0.383,0.042,-0.417,-0.112,-0.327,-0.117,0.055,-0.177,0.147,-0.194,0.176,0.637,-0.384,-0.413,0.23,-0.629,-0.006,-0.456,-0.204,0.103,-0.031,-0.617,0.049,-0.651,-0.69,-0.392,0.74,0.075,0.785,0.37,0.59,-0.52,0.008,0.352,-0.532,-0.219,-0.453,0.55,0.864,0.227,-0.353,0.419,0.543,0.707,-0.647,-0.504,0.297,0.442,-0.261,-0.503,-0.642,0.411,0.613,0.087,-0.149,-0.39,-0.638,0.401,0.592,-0.405,0.618,-0.573,-0.545,-0.505,-0.633,-0.465,-0.219,0.018,0.49,-0.267,-0.356,-0.289,0.209,-0.124,0.044,0.671,-0.144,-0.558,-0.294,0.039,-0.261,0.132,-0.519,0.274,-0.015,-0.481,0.237,0.15,-0.434,0.184,-0.083,0.016,0.031,0.158,-0.648,-0.088,-0.413,0.586,0.003,-0.544,0.262,0.369,0.26,-0.599,-0.105,0.15,-0.422,0.469,0.614,0.108,-0.537,0.579,0.791,-0.042,0.001,0.038,0.765,-0.141,0.338,-0.401,-0.066,-0.525,0.282,0.603,-0.494,0.388,0.798,-0.118,0.412,-0.407,0.154,-0.457,-0.667,-0.623
AGNC,0.647,-0.029,0.165,-0.655,0.271,0.763,0.492,1.0,-0.386,0.664,0.192,0.431,0.66,0.743,-0.352,-0.309,0.149,0.233,0.192,0.428,0.615,0.486,-0.625,-0.064,0.426,0.516,0.358,0.382,-0.191,0.021,0.388,0.643,-0.266,0.684,-0.364,-0.242,0.3,0.331,0.766,0.429,0.349,-0.097,0.246,0.463,0.581,0.151,0.476,-0.233,0.705,0.398,0.174,0.605,-0.252,-0.172,0.411,0.074,-0.394,0.791,0.152,0.37,0.147,0.054,0.622,0.771,0.401,-0.186,0.677,0.617,0.225,-0.396,0.111,0.483,0.049,0.345,0.635,0.392,0.766,0.778,0.201,0.202,0.693,-0.037,0.478,0.103,0.034,0.634,0.43,-0.427,0.615,-0.246,-0.282,-0.162,0.591,0.46,0.687,-0.093,0.78,0.006,0.625,0.705,-0.118,0.434,-0.006,0.504,0.466,0.741,-0.055,0.606,0.629,0.778,-0.285,-0.474,0.359,0.794,0.38,-0.112,-0.231,0.722,0.657,0.601,0.293,0.174,-0.292,0.024,0.537,-0.047,0.512,-0.291,-0.133,-0.455,-0.303,-0.066,0.042,0.443,0.676,0.139,-0.424,0.121,0.618,0.291,0.565,0.146,0.46,-0.148,0.067,0.541,0.357,0.517,0.098,0.719,0.698,0.008,0.651,0.28,0.147,0.766,0.499,0.298,0.741,0.377,-0.544,0.465,-0.117,0.564,0.597,-0.204,0.461,0.198,0.723,-0.137,0.322,0.33,0.248,0.426,0.617,0.661,-0.115,0.65,0.581,-0.534,0.532,0.754,0.514,0.272,0.234,-0.143,0.54,-0.482,0.656,0.82,-0.075,0.712,0.693,0.377,0.782,0.05,0.798,0.025,-0.378,-0.258
AKBA,-0.441,0.431,-0.17,0.325,0.322,-0.142,-0.422,-0.386,1.0,-0.206,0.462,0.082,-0.031,-0.267,0.52,0.572,-0.031,0.475,-0.379,0.091,-0.382,0.12,0.484,0.467,0.083,-0.086,-0.611,-0.046,0.699,0.546,0.268,0.051,0.639,-0.191,0.57,0.65,0.314,0.155,-0.318,0.143,-0.375,0.393,0.215,0.038,0.066,-0.019,-0.265,0.532,-0.297,0.299,0.272,-0.423,0.638,0.182,0.24,0.395,0.689,-0.272,0.286,0.086,0.13,0.348,-0.419,-0.061,0.083,0.515,-0.041,-0.121,0.303,0.295,0.155,-0.026,-0.043,-0.226,0.051,0.36,-0.379,-0.325,0.358,0.258,0.003,0.435,-0.13,0.519,0.401,-0.099,0.245,0.736,-0.029,0.419,0.408,0.471,-0.39,-0.404,-0.515,0.024,-0.453,0.537,-0.233,-0.305,0.556,0.295,0.623,-0.401,-0.452,-0.23,0.412,-0.43,-0.498,-0.418,0.515,0.566,0.018,-0.115,0.12,0.389,0.547,-0.448,-0.562,0.033,0.458,0.261,0.384,-0.264,-0.352,0.532,-0.22,0.647,0.592,0.829,0.507,0.647,0.484,-0.019,-0.343,-0.056,0.663,0.433,-0.182,-0.071,-0.2,-0.117,0.272,0.562,0.089,-0.205,0.429,-0.048,0.449,-0.261,-0.246,0.653,-0.235,0.147,0.352,-0.049,-0.153,0.243,-0.083,-0.075,0.503,-0.018,0.374,-0.094,-0.1,0.56,-0.056,-0.392,0.127,0.273,0.188,0.231,0.255,-0.076,-0.456,-0.203,0.569,-0.56,-0.355,0.197,0.143,-0.11,-0.467,0.275,0.093,0.708,0.019,0.626,-0.162,-0.4,0.328,-0.463,-0.529,0.178,-0.351,0.472,-0.309,0.389,0.572,0.63
ALT,0.393,-0.081,0.073,-0.511,0.27,0.649,0.31,0.664,-0.206,1.0,0.255,0.665,0.616,0.724,-0.332,-0.158,0.087,0.439,0.08,0.715,0.382,0.641,-0.563,-0.281,0.105,0.541,0.294,0.235,-0.019,0.184,0.469,0.61,-0.172,0.625,-0.262,-0.235,0.401,0.123,0.833,0.571,0.07,-0.167,0.082,0.344,0.468,0.245,0.16,-0.262,0.599,0.471,0.231,0.773,-0.164,-0.28,0.477,-0.014,-0.41,0.76,0.104,0.427,0.272,-0.073,0.687,0.734,0.241,-0.299,0.722,0.479,0.147,-0.572,-0.226,0.659,-0.035,0.177,0.55,0.387,0.727,0.722,0.175,0.246,0.73,-0.076,0.15,0.3,0.046,0.52,0.522,-0.312,0.451,-0.099,-0.237,-0.239,0.573,0.326,0.479,-0.33,0.508,0.06,0.714,0.497,0.175,0.36,0.004,0.487,0.252,0.623,0.114,0.682,0.443,0.603,-0.138,-0.418,0.496,0.793,0.546,-0.292,-0.133,0.707,0.467,0.543,0.45,0.256,-0.19,-0.157,0.599,0.194,0.404,-0.352,-0.149,-0.327,-0.232,-0.073,-0.166,0.353,0.67,0.164,-0.302,0.1,0.516,0.355,0.612,-0.037,0.561,-0.246,0.073,0.314,0.29,0.614,0.034,0.843,0.681,0.11,0.686,0.406,0.144,0.772,0.458,0.561,0.713,0.477,-0.44,0.402,0.1,0.466,0.334,-0.14,0.545,-0.001,0.638,-0.177,0.386,0.394,0.079,0.522,0.546,0.643,-0.167,0.662,0.496,-0.522,0.678,0.618,0.34,0.126,0.414,-0.058,0.623,-0.532,0.611,0.745,0.071,0.593,0.611,0.32,0.56,-0.107,0.769,-0.001,-0.299,-0.102
AMAT,-0.196,0.68,-0.498,-0.268,0.838,0.425,-0.352,0.192,0.462,0.255,1.0,0.701,0.585,0.273,0.519,0.445,0.581,0.721,-0.459,0.219,0.113,0.75,0.187,0.549,0.519,0.582,-0.212,0.695,0.601,0.74,0.64,0.465,0.562,0.594,0.444,0.686,0.765,0.582,0.256,0.373,-0.285,0.651,0.295,0.73,0.781,-0.098,0.312,0.146,0.454,0.795,0.804,0.07,0.612,0.411,0.692,0.634,0.23,0.188,0.706,0.666,0.137,0.507,0.003,0.319,0.75,0.583,0.472,0.601,0.845,-0.1,0.474,0.618,0.28,0.465,0.677,0.729,0.254,0.186,0.891,0.849,0.518,0.69,0.49,0.807,0.616,0.659,0.64,0.462,0.603,0.52,0.62,0.485,-0.214,0.282,-0.167,-0.368,0.154,0.9,0.515,0.443,0.641,0.752,0.82,-0.064,-0.363,0.578,0.332,0.167,0.032,0.017,0.603,0.138,0.346,0.483,0.625,0.584,0.738,0.064,0.052,0.686,0.684,0.727,0.633,-0.285,-0.092,0.807,-0.024,0.599,0.752,0.319,0.522,0.817,0.393,0.582,0.074,0.492,0.326,0.65,0.614,0.454,0.446,-0.462,0.675,0.709,0.524,0.57,0.893,0.544,0.789,0.224,0.476,0.78,0.362,0.381,0.673,0.578,0.284,0.528,0.498,0.363,0.182,0.713,0.563,-0.014,0.602,0.567,0.401,-0.182,0.524,0.611,0.458,0.477,0.718,0.143,0.068,0.55,0.799,-0.083,-0.234,-0.374,0.712,0.621,-0.172,0.595,-0.11,0.597,0.593,0.275,0.547,0.186,0.546,0.234,-0.16,0.451,0.262,0.647,0.366,0.736,0.55,0.678
AMD,0.038,0.257,-0.264,-0.586,0.662,0.568,0.009,0.431,0.082,0.665,0.701,1.0,0.617,0.587,-0.021,0.101,0.392,0.68,-0.205,0.61,0.154,0.784,-0.342,0.037,0.187,0.752,0.231,0.493,0.193,0.573,0.638,0.487,0.177,0.648,0.082,0.133,0.549,0.336,0.624,0.588,-0.158,0.173,0.099,0.576,0.666,0.151,0.122,-0.16,0.58,0.66,0.542,0.516,0.239,-0.006,0.603,0.304,-0.235,0.515,0.403,0.537,0.199,0.055,0.387,0.557,0.505,-0.008,0.671,0.491,0.467,-0.507,-0.055,0.818,0.008,0.368,0.627,0.538,0.529,0.477,0.503,0.512,0.635,0.242,0.238,0.656,0.329,0.698,0.754,0.002,0.515,0.084,0.223,0.006,0.176,0.487,0.167,-0.478,0.362,0.502,0.621,0.495,0.48,0.501,0.434,0.299,-0.046,0.662,0.132,0.521,0.26,0.352,0.298,-0.314,0.516,0.711,0.721,0.023,0.301,0.422,0.284,0.657,0.622,0.562,0.311,-0.298,0.208,0.69,0.154,-0.021,0.219,-0.064,0.179,0.337,-0.037,0.482,0.455,0.303,0.021,0.343,0.685,0.609,0.533,-0.291,0.689,0.138,0.399,0.48,0.618,0.718,0.415,0.587,0.614,0.476,0.651,0.539,0.465,0.722,0.293,0.724,0.556,0.545,-0.29,0.52,0.455,0.243,0.383,0.18,0.612,-0.03,0.575,0.24,0.482,0.492,0.325,0.48,0.432,0.649,0.244,0.28,0.146,-0.553,0.77,0.601,0.104,0.269,0.189,0.259,0.569,-0.192,0.633,0.468,0.355,0.445,0.296,0.417,0.43,0.147,0.631,0.303,0.173,0.302
AMGN,0.39,0.313,-0.098,-0.492,0.545,0.705,0.254,0.66,-0.031,0.616,0.585,0.617,1.0,0.73,-0.032,-0.168,0.403,0.456,-0.151,0.458,0.449,0.806,-0.349,0.252,0.473,0.552,0.193,0.477,0.101,0.233,0.491,0.486,0.02,0.745,-0.177,0.14,0.562,0.372,0.646,0.577,0.042,0.351,0.199,0.738,0.815,0.058,0.619,-0.039,0.714,0.774,0.427,0.43,0.018,0.083,0.511,0.275,-0.12,0.679,0.288,0.693,0.332,0.29,0.582,0.729,0.647,0.094,0.774,0.772,0.528,-0.362,0.283,0.535,0.426,0.446,0.869,0.573,0.595,0.755,0.509,0.472,0.7,0.211,0.578,0.352,0.45,0.779,0.453,-0.11,0.785,0.008,0.033,0.141,0.37,0.547,0.483,-0.289,0.584,0.355,0.688,0.794,0.14,0.537,0.306,0.309,0.179,0.79,0.099,0.477,0.559,0.559,-0.041,-0.396,0.583,0.826,0.497,0.139,0.101,0.494,0.63,0.712,0.608,0.378,0.023,0.117,0.479,0.257,0.358,0.029,0.198,-0.188,-0.148,0.272,0.165,0.544,0.413,0.285,0.008,0.303,0.765,0.357,0.559,-0.154,0.515,0.175,0.215,0.655,0.612,0.584,0.355,0.537,0.681,0.234,0.595,0.363,0.231,0.817,0.348,0.477,0.662,0.539,-0.285,0.731,0.063,0.296,0.7,0.107,0.491,0.242,0.693,0.088,0.248,0.557,0.434,0.434,0.508,0.69,0.28,0.447,0.31,-0.527,0.786,0.759,0.349,0.518,0.04,0.051,0.6,-0.214,0.826,0.63,0.022,0.563,0.469,0.288,0.607,0.392,0.687,0.397,-0.021,0.139
AMZN,0.717,0.077,0.372,-0.564,0.242,0.806,0.612,0.743,-0.267,0.724,0.273,0.587,0.73,1.0,-0.439,-0.505,0.043,0.303,0.22,0.68,0.465,0.693,-0.722,-0.244,0.157,0.492,0.49,0.263,-0.227,0.041,0.531,0.42,-0.358,0.584,-0.459,-0.262,0.186,0.287,0.867,0.708,0.248,-0.134,0.035,0.516,0.602,0.294,0.405,-0.293,0.652,0.487,0.098,0.752,-0.312,-0.193,0.39,0.006,-0.471,0.914,-0.056,0.43,0.089,-0.072,0.828,0.79,0.341,-0.298,0.849,0.544,0.216,-0.355,-0.103,0.54,0.203,0.313,0.642,0.349,0.57,0.919,0.185,0.157,0.694,-0.222,0.281,0.135,0.06,0.664,0.511,-0.414,0.57,-0.405,-0.298,-0.241,0.755,0.507,0.755,-0.134,0.783,0.014,0.666,0.759,-0.11,0.277,-0.053,0.655,0.572,0.79,-0.19,0.746,0.586,0.841,-0.285,-0.575,0.582,0.919,0.381,-0.191,-0.24,0.693,0.742,0.586,0.339,0.152,-0.283,0.141,0.588,0.091,0.536,-0.37,-0.204,-0.46,-0.363,-0.139,-0.181,0.381,0.709,0.042,-0.322,0.062,0.679,0.336,0.42,0.181,0.448,-0.219,0.015,0.539,0.318,0.65,0.018,0.611,0.569,-0.002,0.739,0.415,-0.031,0.756,0.275,0.51,0.548,0.547,-0.586,0.445,-0.035,0.564,0.443,-0.28,0.718,0.304,0.655,-0.218,0.217,0.412,0.13,0.528,0.834,0.668,-0.135,0.734,0.746,-0.456,0.659,0.596,0.59,0.168,0.222,-0.146,0.407,-0.537,0.774,0.781,-0.133,0.652,0.799,0.174,0.639,-0.11,0.684,-0.062,-0.428,-0.255
APA,-0.54,0.543,-0.58,0.222,0.376,-0.208,-0.668,-0.352,0.52,-0.332,0.519,-0.021,-0.032,-0.439,1.0,0.732,0.458,0.247,-0.552,-0.416,-0.158,0.089,0.806,0.634,0.418,0.002,-0.591,0.467,0.599,0.396,0.125,0.063,0.733,0.019,0.628,0.844,0.45,0.363,-0.395,-0.272,-0.262,0.766,0.191,0.22,0.245,-0.402,0.126,0.325,-0.114,0.262,0.622,-0.465,0.775,0.613,0.254,0.537,0.583,-0.492,0.616,0.324,-0.043,0.588,-0.542,-0.329,0.432,0.844,-0.204,0.254,0.598,0.297,0.624,0.042,0.181,0.141,0.104,0.236,-0.278,-0.509,0.62,0.599,-0.114,0.825,0.381,0.517,0.418,0.109,0.07,0.748,0.116,0.798,0.621,0.687,-0.635,-0.184,-0.635,-0.059,-0.389,0.701,0.013,-0.108,0.529,0.459,0.638,-0.565,-0.618,-0.085,0.387,-0.387,-0.453,-0.598,0.524,0.487,-0.259,-0.287,0.112,0.777,0.616,-0.357,-0.382,0.055,0.259,0.334,0.642,-0.283,-0.498,0.399,-0.326,0.838,0.816,0.486,0.595,0.71,0.511,0.241,-0.548,0.494,0.494,0.529,-0.028,0.007,0.056,-0.45,0.182,0.835,0.334,0.194,0.426,-0.137,0.662,-0.372,0.004,0.562,-0.262,-0.005,0.555,-0.109,0.099,-0.102,-0.037,-0.155,0.696,0.398,0.338,-0.468,0.243,0.645,-0.196,-0.386,-0.079,0.625,0.083,0.065,0.568,-0.4,-0.411,-0.025,0.734,-0.559,-0.617,-0.035,0.065,0.138,-0.52,0.463,-0.495,0.556,0.126,0.598,-0.2,-0.398,0.461,-0.264,-0.639,0.171,-0.206,0.707,-0.256,0.791,0.688,0.742
APPS,-0.675,0.364,-0.599,0.196,0.336,-0.227,-0.735,-0.309,0.572,-0.158,0.445,0.101,-0.168,-0.505,0.732,1.0,0.348,0.376,-0.567,-0.242,-0.282,0.011,0.622,0.489,0.253,0.187,-0.587,0.286,0.701,0.528,0.21,0.265,0.706,-0.033,0.623,0.695,0.497,0.267,-0.363,-0.238,-0.35,0.467,0.209,0.064,0.105,-0.272,-0.171,0.306,-0.097,0.181,0.494,-0.416,0.744,0.352,0.263,0.475,0.52,-0.474,0.588,0.184,0.058,0.446,-0.59,-0.274,0.236,0.658,-0.28,0.077,0.422,0.213,0.344,0.103,-0.142,0.077,0.014,0.237,-0.134,-0.556,0.479,0.468,-0.025,0.637,0.119,0.567,0.303,0.016,0.196,0.697,-0.015,0.736,0.603,0.49,-0.634,-0.216,-0.678,-0.119,-0.476,0.605,-0.037,-0.332,0.636,0.461,0.623,-0.565,-0.742,-0.176,0.507,-0.4,-0.527,-0.642,0.624,0.545,-0.253,-0.29,0.269,0.512,0.703,-0.396,-0.59,0.036,0.326,0.394,0.647,-0.53,-0.447,0.491,-0.331,0.654,0.671,0.585,0.655,0.624,0.413,0.203,-0.431,0.371,0.423,0.554,-0.187,0.194,0.137,-0.406,0.304,0.66,0.408,-0.011,0.373,-0.035,0.614,-0.09,-0.035,0.659,-0.153,0.121,0.595,-0.028,0.135,0.031,0.063,-0.191,0.592,0.19,0.542,-0.387,0.05,0.695,-0.208,-0.573,-0.036,0.572,0.265,0.102,0.413,-0.254,-0.555,-0.084,0.566,-0.59,-0.648,0.014,0.03,0.133,-0.617,0.316,-0.119,0.597,0.221,0.578,-0.272,-0.375,0.586,-0.213,-0.66,0.389,-0.258,0.537,-0.084,0.585,0.77,0.676
ARCC,-0.277,0.562,-0.621,-0.141,0.626,0.183,-0.38,0.149,-0.031,0.087,0.581,0.392,0.403,0.043,0.458,0.348,1.0,0.337,-0.422,-0.211,0.144,0.49,0.263,0.498,0.44,0.516,-0.047,0.775,0.31,0.228,0.219,0.238,0.409,0.552,0.232,0.452,0.475,0.5,0.068,0.045,-0.259,0.604,0.118,0.586,0.596,-0.16,0.51,0.06,0.367,0.454,0.679,-0.044,0.389,0.607,0.314,0.464,0.138,-0.067,0.534,0.673,0.124,0.515,-0.109,-0.049,0.692,0.505,0.119,0.619,0.676,-0.025,0.529,0.325,0.311,0.689,0.493,0.453,0.255,0.014,0.667,0.721,0.127,0.631,0.689,0.447,0.508,0.614,0.164,0.281,0.475,0.504,0.468,0.406,-0.302,0.468,-0.09,-0.294,0.077,0.583,0.38,0.417,0.377,0.477,0.559,-0.182,-0.394,0.523,0.355,0.169,-0.001,-0.141,0.287,-0.066,0.107,0.159,0.551,0.521,0.519,-0.009,0.278,0.512,0.288,0.5,0.483,-0.134,-0.111,0.312,-0.09,0.414,0.571,0.009,0.285,0.521,0.17,0.551,-0.056,0.568,0.195,0.355,0.431,0.269,0.508,-0.545,0.278,0.505,0.521,0.69,0.528,0.347,0.652,0.098,0.379,0.437,0.173,0.259,0.472,0.357,0.342,0.082,0.311,0.229,0.283,0.688,0.229,-0.43,0.564,0.351,0.078,-0.026,0.065,0.658,0.07,0.263,0.66,-0.084,0.136,0.524,0.528,-0.112,-0.367,-0.327,0.424,0.553,-0.185,0.502,-0.449,0.133,0.398,0.224,0.332,0.086,0.301,0.247,-0.159,0.185,0.192,0.584,0.32,0.752,0.336,0.475
ARDX,-0.17,0.321,-0.253,-0.269,0.644,0.345,-0.165,0.233,0.475,0.439,0.721,0.68,0.456,0.303,0.247,0.376,0.337,1.0,-0.359,0.451,0.031,0.674,0.025,0.259,0.265,0.456,-0.22,0.353,0.545,0.659,0.66,0.508,0.427,0.456,0.375,0.392,0.69,0.314,0.339,0.548,-0.324,0.296,0.254,0.397,0.544,0.137,-0.02,0.266,0.349,0.716,0.552,0.24,0.465,0.186,0.5,0.431,0.307,0.344,0.508,0.465,0.343,0.339,0.18,0.435,0.433,0.246,0.492,0.34,0.513,-0.133,0.041,0.645,-0.046,0.106,0.562,0.663,0.364,0.241,0.619,0.639,0.55,0.432,0.195,0.711,0.51,0.462,0.675,0.418,0.443,0.319,0.232,0.333,0.058,0.04,-0.03,-0.277,0.068,0.622,0.343,0.227,0.636,0.566,0.675,0.005,-0.214,0.435,0.548,0.203,-0.07,0.093,0.349,0.027,0.372,0.509,0.656,0.12,0.497,0.075,0.018,0.628,0.655,0.657,0.276,-0.4,0.066,0.707,0.19,0.291,0.48,0.378,0.344,0.604,0.252,0.379,0.259,0.225,0.337,0.49,0.379,0.268,0.458,-0.175,0.702,0.365,0.34,0.228,0.645,0.619,0.519,0.463,0.399,0.687,0.471,0.461,0.648,0.594,0.284,0.611,0.432,0.307,0.009,0.444,0.437,0.146,0.328,0.449,0.306,-0.36,0.513,0.331,0.455,0.634,0.376,0.495,0.086,0.537,0.399,0.081,-0.015,-0.287,0.663,0.475,-0.01,0.449,0.245,0.499,0.626,0.156,0.408,0.284,0.439,0.216,0.003,0.505,0.215,0.369,0.383,0.467,0.333,0.536
ATER,0.575,-0.349,0.623,0.014,-0.45,0.209,0.519,0.192,-0.379,0.08,-0.459,-0.205,-0.151,0.22,-0.552,-0.567,-0.422,-0.359,1.0,0.056,0.305,-0.257,-0.384,-0.586,-0.2,-0.226,0.386,-0.233,-0.457,-0.513,-0.208,-0.13,-0.522,-0.158,-0.33,-0.569,-0.522,-0.149,0.224,0.056,0.469,-0.549,-0.053,-0.334,-0.274,0.391,-0.086,-0.4,-0.081,-0.474,-0.416,0.332,-0.567,-0.192,-0.125,-0.315,-0.518,0.2,-0.565,-0.32,-0.267,-0.512,0.231,0.001,-0.398,-0.53,0.156,-0.26,-0.451,-0.063,-0.353,-0.249,-0.158,-0.17,-0.31,-0.249,-0.062,0.217,-0.483,-0.44,-0.03,-0.481,-0.128,-0.361,-0.578,-0.201,-0.11,-0.484,-0.289,-0.527,-0.46,-0.554,0.492,-0.091,0.387,0.301,0.309,-0.546,-0.083,0.094,-0.541,-0.297,-0.553,0.6,0.65,0.008,-0.517,0.377,0.177,0.471,-0.309,-0.195,-0.076,0.022,-0.273,-0.355,-0.514,0.359,0.247,-0.241,-0.368,-0.381,-0.504,0.149,0.27,-0.448,0.159,-0.506,-0.538,-0.324,-0.487,-0.5,-0.477,-0.264,0.499,-0.406,-0.464,-0.402,0.061,-0.109,-0.134,0.441,-0.324,-0.523,-0.223,-0.162,-0.472,-0.129,-0.519,0.095,-0.104,-0.45,-0.05,-0.073,-0.563,-0.159,-0.156,-0.194,-0.16,0.148,-0.465,-0.413,-0.33,0.382,-0.272,-0.657,0.24,0.151,0.061,-0.376,-0.092,-0.426,-0.38,0.092,0.337,-0.049,-0.464,0.452,0.571,0.111,-0.229,-0.19,0.257,-0.561,0.306,-0.325,-0.202,-0.38,-0.044,0.337,-0.419,0.086,0.445,-0.299,0.172,-0.569,0.014,-0.549,-0.605,-0.604
ATOS,0.352,-0.046,0.325,-0.354,0.204,0.498,0.396,0.428,0.091,0.715,0.219,0.61,0.458,0.68,-0.416,-0.242,-0.211,0.451,0.056,1.0,0.083,0.532,-0.571,-0.302,-0.145,0.331,0.179,-0.049,0.007,0.263,0.498,0.311,-0.251,0.341,-0.171,-0.2,0.187,0.009,0.708,0.683,0.038,-0.297,-0.003,0.218,0.296,0.422,-0.081,-0.06,0.314,0.418,-0.049,0.575,-0.21,-0.434,0.327,-0.009,-0.222,0.698,-0.049,0.139,0.178,-0.158,0.622,0.718,0.053,-0.333,0.617,0.18,0.03,-0.367,-0.408,0.499,-0.107,-0.1,0.425,0.223,0.387,0.642,0.042,-0.001,0.578,-0.248,-0.169,0.27,0.096,0.319,0.564,-0.18,0.207,-0.281,-0.278,-0.188,0.569,0.133,0.373,-0.144,0.366,0.059,0.406,0.27,0.254,0.187,0.023,0.395,0.282,0.38,0.051,0.432,0.286,0.553,-0.124,-0.3,0.497,0.72,0.401,-0.353,-0.152,0.451,0.265,0.354,0.465,0.104,-0.219,-0.015,0.344,0.295,0.442,-0.33,-0.189,-0.094,-0.096,-0.094,-0.093,0.129,0.519,-0.124,-0.078,0.143,0.292,0.225,0.182,0.19,0.518,-0.24,-0.061,0.12,0.277,0.595,-0.055,0.53,0.324,0.17,0.573,0.416,0.07,0.58,0.113,0.685,0.434,0.389,-0.384,0.153,0.134,0.575,0.049,-0.109,0.541,-0.007,0.556,-0.265,0.33,0.456,-0.132,0.582,0.406,0.317,-0.177,0.448,0.515,-0.269,0.581,0.312,0.308,0.079,0.522,0.113,0.33,-0.307,0.462,0.443,0.078,0.269,0.548,0.255,0.357,-0.165,0.456,-0.2,-0.214,-0.189
AUPH,0.535,-0.014,0.174,-0.532,0.089,0.573,0.429,0.615,-0.382,0.382,0.113,0.154,0.449,0.465,-0.158,-0.282,0.144,0.031,0.305,0.083,1.0,0.298,-0.341,0.051,0.554,0.214,0.19,0.313,-0.249,-0.116,0.215,0.429,-0.219,0.541,-0.326,-0.1,0.093,0.358,0.43,0.266,0.53,0.006,0.101,0.4,0.456,0.009,0.502,-0.165,0.611,0.258,0.048,0.35,-0.21,0.257,0.389,0.057,-0.293,0.553,0.03,0.325,0.04,0.27,0.435,0.394,0.398,-0.055,0.419,0.531,0.198,-0.122,0.203,0.108,0.101,0.215,0.457,0.202,0.507,0.519,0.228,0.214,0.537,-0.027,0.51,-0.063,-0.032,0.444,0.177,-0.429,0.427,-0.029,-0.208,-0.031,0.394,0.292,0.479,0.141,0.694,-0.036,0.373,0.671,-0.325,0.36,-0.079,0.468,0.483,0.556,0.008,0.604,0.576,0.532,-0.249,-0.415,0.099,0.505,0.115,-0.008,-0.198,0.508,0.642,0.364,0.095,0.044,-0.212,0.167,0.414,-0.125,0.617,-0.13,-0.067,-0.445,-0.252,-0.047,-0.041,0.52,0.501,0.312,-0.367,0.147,0.537,0.168,0.61,0.128,0.085,-0.006,0.306,0.441,0.164,0.284,0.034,0.44,0.472,-0.216,0.335,0.287,-0.053,0.499,0.41,-0.011,0.487,0.16,-0.479,0.435,-0.099,0.332,0.608,-0.232,0.339,0.24,0.457,-0.172,0.177,0.124,0.254,0.305,0.462,0.523,-0.042,0.531,0.504,-0.428,0.324,0.546,0.51,0.228,0.128,-0.101,0.482,-0.424,0.467,0.708,-0.04,0.7,0.499,0.177,0.743,0.117,0.489,0.091,-0.256,-0.181
AVGO,0.153,0.422,-0.218,-0.459,0.64,0.627,0.062,0.486,0.12,0.641,0.75,0.784,0.806,0.693,0.089,0.011,0.49,0.674,-0.257,0.532,0.298,1.0,-0.212,0.179,0.345,0.652,0.049,0.555,0.284,0.477,0.684,0.52,0.206,0.707,0.045,0.265,0.661,0.415,0.627,0.659,-0.161,0.382,0.201,0.719,0.837,0.006,0.407,-0.017,0.581,0.805,0.581,0.508,0.22,0.177,0.586,0.339,-0.067,0.626,0.42,0.731,0.222,0.306,0.502,0.631,0.6,0.186,0.761,0.687,0.635,-0.349,0.194,0.737,0.287,0.381,0.802,0.596,0.519,0.636,0.691,0.698,0.69,0.347,0.44,0.618,0.542,0.759,0.65,0.101,0.671,0.174,0.167,0.251,0.267,0.409,0.268,-0.395,0.429,0.57,0.711,0.683,0.405,0.584,0.497,0.313,0.013,0.797,0.242,0.568,0.301,0.403,0.173,-0.276,0.57,0.802,0.639,0.175,0.337,0.41,0.49,0.757,0.696,0.588,0.198,-0.148,0.233,0.582,0.302,0.142,0.347,-0.06,0.141,0.422,0.141,0.607,0.466,0.342,0.042,0.416,0.708,0.413,0.625,-0.255,0.692,0.288,0.333,0.629,0.729,0.774,0.476,0.526,0.65,0.472,0.661,0.501,0.451,0.802,0.416,0.68,0.637,0.534,-0.142,0.749,0.337,0.219,0.612,0.229,0.577,-0.015,0.612,0.244,0.403,0.667,0.468,0.432,0.502,0.793,0.355,0.379,0.192,-0.533,0.865,0.721,0.206,0.544,0.059,0.23,0.679,-0.121,0.715,0.527,0.304,0.445,0.337,0.363,0.493,0.355,0.606,0.497,0.093,0.31
AZN,-0.648,0.32,-0.458,0.49,0.097,-0.555,-0.64,-0.625,0.484,-0.563,0.187,-0.342,-0.349,-0.722,0.806,0.622,0.263,0.025,-0.384,-0.571,-0.341,-0.212,1.0,0.527,0.163,-0.287,-0.628,0.09,0.478,0.183,-0.22,-0.234,0.647,-0.319,0.66,0.674,0.161,0.011,-0.639,-0.474,-0.297,0.557,0.173,-0.151,-0.138,-0.379,-0.062,0.414,-0.488,-0.04,0.28,-0.679,0.599,0.529,-0.044,0.283,0.606,-0.735,0.343,-0.03,-0.053,0.412,-0.712,-0.551,0.031,0.657,-0.487,-0.102,0.285,0.391,0.449,-0.31,0.115,-0.108,-0.236,-0.03,-0.564,-0.726,0.336,0.349,-0.43,0.607,0.133,0.248,0.305,-0.272,-0.232,0.742,-0.248,0.728,0.466,0.661,-0.701,-0.419,-0.73,0.08,-0.657,0.411,-0.316,-0.415,0.33,0.111,0.431,-0.639,-0.587,-0.433,0.32,-0.596,-0.598,-0.745,0.439,0.614,-0.381,-0.608,-0.19,0.559,0.477,-0.562,-0.522,-0.259,0.031,0.106,0.458,-0.225,-0.57,0.146,-0.411,0.708,0.627,0.584,0.48,0.538,0.453,-0.017,-0.648,0.238,0.492,0.256,-0.364,-0.225,-0.184,-0.317,-0.149,0.621,0.163,-0.146,0.115,-0.371,0.362,-0.585,-0.403,0.339,-0.601,-0.169,0.315,-0.47,-0.105,-0.293,-0.364,-0.256,0.767,0.072,0.183,-0.545,-0.083,0.523,-0.473,-0.411,-0.382,0.505,-0.049,-0.113,0.248,-0.478,-0.632,-0.33,0.528,-0.67,-0.716,0.273,-0.301,-0.238,-0.625,0.271,-0.421,0.387,-0.145,0.725,-0.527,-0.584,0.258,-0.554,-0.767,-0.043,-0.524,0.506,-0.59,0.562,0.58,0.582
BCRX,-0.323,0.651,-0.498,0.122,0.534,-0.068,-0.419,-0.064,0.467,-0.281,0.549,0.037,0.252,-0.244,0.634,0.489,0.498,0.259,-0.586,-0.302,0.051,0.179,0.527,1.0,0.534,0.089,-0.388,0.4,0.491,0.398,0.119,0.082,0.569,0.174,0.355,0.762,0.427,0.354,-0.323,-0.151,-0.193,0.657,0.202,0.463,0.379,-0.327,0.437,0.438,0.073,0.494,0.483,-0.594,0.54,0.523,0.286,0.411,0.605,-0.277,0.587,0.381,0.224,0.724,-0.404,-0.064,0.547,0.749,-0.164,0.44,0.657,0.33,0.714,-0.002,0.365,0.261,0.391,0.451,-0.153,-0.194,0.636,0.536,0.018,0.698,0.52,0.348,0.649,0.293,-0.014,0.477,0.351,0.626,0.441,0.763,-0.539,0.062,-0.297,-0.019,-0.149,0.644,0.023,0.144,0.275,0.432,0.7,-0.588,-0.464,0.107,0.387,-0.404,-0.034,-0.37,0.376,0.259,0.023,-0.044,0.096,0.665,0.574,-0.387,-0.095,0.253,0.351,0.31,0.484,0.108,-0.282,0.297,-0.054,0.769,0.778,0.404,0.366,0.76,0.609,0.396,-0.503,0.368,0.589,0.431,0.09,-0.018,0.149,-0.384,0.136,0.769,0.273,0.364,0.597,-0.035,0.67,-0.263,-0.002,0.463,-0.242,0.042,0.514,0.128,0.139,-0.031,0.162,-0.166,0.541,0.504,0.161,-0.382,0.502,0.527,-0.198,-0.013,0.071,0.436,-0.017,0.213,0.644,-0.245,-0.363,0.063,0.765,-0.573,-0.507,0.011,0.166,0.278,-0.296,0.691,-0.423,0.365,0.118,0.588,0.121,-0.216,0.197,-0.1,-0.444,0.136,-0.048,0.845,-0.07,0.699,0.585,0.64
BGC,0.138,0.32,-0.247,-0.301,0.418,0.424,-0.007,0.426,0.083,0.105,0.519,0.187,0.473,0.157,0.418,0.253,0.44,0.265,-0.2,-0.145,0.554,0.345,0.163,0.534,1.0,0.25,-0.216,0.554,0.233,0.267,0.277,0.455,0.3,0.515,0.212,0.505,0.478,0.601,0.155,0.15,0.337,0.478,0.313,0.533,0.628,-0.213,0.598,0.268,0.493,0.473,0.451,-0.082,0.317,0.399,0.41,0.495,0.232,0.213,0.519,0.525,0.128,0.7,0.039,0.294,0.687,0.558,0.232,0.683,0.602,0.087,0.722,0.15,0.31,0.286,0.601,0.403,0.334,0.166,0.672,0.606,0.437,0.523,0.741,0.331,0.388,0.464,0.256,0.18,0.558,0.455,0.281,0.424,-0.095,0.175,0.135,0.187,0.451,0.495,0.339,0.467,0.144,0.75,0.453,-0.041,0.033,0.476,0.269,0.147,0.154,0.182,0.123,0.067,-0.059,0.326,0.242,0.575,0.325,0.17,0.306,0.481,0.321,0.353,0.281,-0.094,0.116,0.188,0.256,0.521,0.561,0.057,0.234,0.514,0.526,0.605,0.016,0.556,0.116,0.573,0.449,0.153,0.55,-0.044,0.334,0.586,0.474,0.537,0.566,0.157,0.525,0.231,0.404,0.341,0.096,0.185,0.436,0.44,0.395,-0.017,0.41,0.087,0.046,0.635,0.122,0.146,0.787,0.256,0.214,-0.029,0.449,0.3,0.287,0.355,0.628,0.036,0.083,0.411,0.537,-0.012,-0.016,-0.26,0.317,0.644,0.176,0.589,-0.148,0.329,0.557,0.183,0.383,0.404,0.265,0.416,0.069,0.36,0.47,0.629,0.351,0.597,0.341,0.309
BIDU,0.029,0.295,-0.408,-0.555,0.557,0.568,-0.099,0.516,-0.086,0.541,0.582,0.752,0.552,0.492,0.002,0.187,0.516,0.456,-0.226,0.331,0.214,0.652,-0.287,0.089,0.25,1.0,0.311,0.601,0.164,0.445,0.583,0.59,0.176,0.694,0.059,0.139,0.538,0.416,0.534,0.367,-0.172,0.177,0.229,0.656,0.715,-0.014,0.259,-0.162,0.605,0.51,0.52,0.424,0.181,0.111,0.586,0.317,-0.276,0.395,0.44,0.594,0.09,0.092,0.231,0.435,0.558,0.12,0.526,0.555,0.536,-0.342,0.161,0.677,0.065,0.666,0.556,0.491,0.587,0.366,0.502,0.524,0.54,0.271,0.404,0.587,0.265,0.731,0.704,-0.033,0.647,0.132,0.378,-0.0,0.073,0.709,0.162,-0.49,0.35,0.411,0.683,0.509,0.376,0.51,0.367,0.285,-0.182,0.72,0.122,0.522,0.259,0.276,0.369,-0.292,0.367,0.575,0.761,0.136,0.365,0.385,0.268,0.691,0.535,0.555,0.386,-0.262,0.125,0.432,0.068,-0.04,0.18,-0.104,0.159,0.248,-0.063,0.649,0.395,0.421,-0.133,0.344,0.656,0.74,0.563,-0.418,0.608,0.19,0.54,0.648,0.533,0.653,0.443,0.521,0.62,0.457,0.568,0.479,0.39,0.713,0.501,0.463,0.626,0.544,-0.209,0.544,0.508,0.137,0.498,0.166,0.529,0.02,0.465,0.421,0.525,0.353,0.531,0.248,0.427,0.635,0.21,0.242,0.032,-0.58,0.665,0.695,-0.038,0.265,-0.016,0.182,0.503,-0.185,0.586,0.417,0.338,0.541,0.146,0.357,0.411,0.185,0.687,0.337,0.199,0.215
BILI,0.529,-0.135,0.323,-0.298,-0.099,0.315,0.406,0.358,-0.611,0.294,-0.212,0.231,0.193,0.49,-0.591,-0.587,-0.047,-0.22,0.386,0.179,0.19,0.049,-0.628,-0.388,-0.216,0.311,1.0,0.006,-0.561,-0.383,0.003,0.032,-0.552,0.203,-0.606,-0.585,-0.269,-0.099,0.431,0.124,0.141,-0.427,-0.308,0.107,0.049,0.24,0.202,-0.544,0.307,-0.155,-0.221,0.467,-0.542,-0.301,-0.078,-0.34,-0.723,0.355,-0.341,0.074,-0.058,-0.461,0.424,0.188,-0.041,-0.564,0.238,0.066,-0.179,-0.358,-0.256,0.179,0.091,0.356,0.033,-0.036,0.285,0.41,-0.325,-0.295,0.175,-0.49,0.001,-0.274,-0.385,0.224,-0.005,-0.622,0.124,-0.607,-0.287,-0.521,0.481,0.639,0.546,-0.114,0.512,-0.436,0.335,0.345,-0.479,-0.313,-0.462,0.449,0.492,0.361,-0.484,0.491,0.425,0.502,-0.242,-0.594,0.264,0.296,0.059,-0.389,-0.417,0.406,0.502,0.036,-0.192,-0.121,-0.213,0.277,0.374,-0.335,0.19,-0.636,-0.535,-0.558,-0.556,-0.497,-0.587,-0.042,0.349,-0.177,-0.496,-0.453,0.302,0.279,0.09,0.078,-0.164,-0.557,-0.028,0.268,-0.228,0.2,-0.335,0.295,0.189,-0.43,0.291,0.084,-0.37,0.187,0.088,0.028,0.069,0.36,-0.58,-0.083,-0.284,0.176,0.051,-0.604,0.364,0.534,0.025,-0.225,-0.188,-0.262,-0.103,0.173,0.628,0.223,-0.406,0.473,0.532,-0.106,0.078,0.092,0.37,-0.348,0.034,-0.568,-0.131,-0.581,0.329,0.414,-0.412,0.346,0.541,-0.262,0.249,-0.482,0.374,-0.426,-0.514,-0.49
BKR,-0.006,0.624,-0.476,-0.279,0.614,0.516,-0.304,0.382,-0.046,0.235,0.695,0.493,0.477,0.263,0.467,0.286,0.775,0.353,-0.233,-0.049,0.313,0.555,0.09,0.4,0.554,0.601,0.006,1.0,0.321,0.327,0.431,0.472,0.353,0.693,0.189,0.486,0.525,0.71,0.342,0.122,-0.042,0.52,0.149,0.703,0.75,-0.102,0.545,-0.135,0.558,0.473,0.775,0.204,0.387,0.501,0.59,0.543,-0.037,0.165,0.661,0.706,-0.154,0.432,0.076,0.151,0.798,0.579,0.36,0.746,0.813,-0.094,0.625,0.53,0.316,0.755,0.545,0.535,0.38,0.198,0.761,0.777,0.348,0.681,0.737,0.568,0.352,0.749,0.406,0.198,0.593,0.415,0.484,0.3,-0.124,0.471,0.005,-0.281,0.336,0.677,0.621,0.559,0.371,0.701,0.523,0.062,-0.216,0.712,0.135,0.372,0.07,0.113,0.33,0.022,0.055,0.377,0.603,0.647,0.517,0.246,0.324,0.618,0.343,0.505,0.479,-0.222,-0.045,0.388,-0.014,0.428,0.582,-0.111,0.313,0.503,0.155,0.574,0.14,0.591,0.001,0.484,0.623,0.377,0.555,-0.491,0.486,0.595,0.497,0.811,0.625,0.447,0.711,0.214,0.6,0.526,0.36,0.243,0.535,0.52,0.429,0.169,0.525,0.309,0.172,0.755,0.282,-0.171,0.729,0.248,0.413,-0.042,0.371,0.654,0.246,0.199,0.824,-0.09,0.265,0.637,0.598,0.068,-0.135,-0.469,0.581,0.732,-0.139,0.43,-0.412,0.253,0.522,0.057,0.47,0.271,0.374,0.392,0.012,0.274,0.381,0.536,0.486,0.694,0.264,0.406
BLDP,-0.433,0.556,-0.392,0.322,0.45,-0.001,-0.619,-0.191,0.699,-0.019,0.601,0.193,0.101,-0.227,0.599,0.701,0.31,0.545,-0.457,0.007,-0.249,0.284,0.478,0.491,0.233,0.164,-0.561,0.321,1.0,0.681,0.46,0.291,0.697,0.165,0.63,0.757,0.598,0.304,-0.184,0.018,-0.4,0.526,0.392,0.192,0.286,-0.009,-0.04,0.336,-0.044,0.368,0.543,-0.291,0.629,0.267,0.402,0.616,0.66,-0.2,0.68,0.31,0.283,0.522,-0.379,-0.027,0.315,0.693,-0.004,0.167,0.573,0.307,0.433,0.241,-0.001,0.074,0.21,0.458,-0.076,-0.252,0.593,0.557,0.195,0.707,0.122,0.74,0.496,0.087,0.354,0.769,0.171,0.639,0.521,0.619,-0.454,-0.278,-0.472,-0.048,-0.339,0.753,0.127,-0.178,0.684,0.538,0.755,-0.437,-0.618,0.019,0.621,-0.245,-0.467,-0.346,0.512,0.594,-0.05,-0.016,0.435,0.604,0.756,-0.282,-0.428,0.19,0.588,0.556,0.482,-0.416,-0.298,0.569,-0.177,0.735,0.754,0.752,0.603,0.738,0.563,0.242,-0.215,0.207,0.506,0.623,0.028,0.139,0.106,-0.247,0.573,0.738,0.237,0.072,0.562,0.19,0.695,-0.029,0.124,0.804,-0.065,0.143,0.662,0.224,0.25,0.263,0.284,-0.048,0.623,0.282,0.544,-0.146,0.147,0.667,-0.0,-0.639,0.212,0.518,0.343,0.287,0.489,-0.186,-0.449,0.075,0.701,-0.415,-0.46,0.173,0.304,0.251,-0.513,0.482,0.034,0.703,0.275,0.625,0.013,-0.26,0.515,-0.208,-0.489,0.34,-0.168,0.658,-0.004,0.615,0.608,0.608
BLNK,-0.391,0.348,-0.483,-0.199,0.611,0.123,-0.393,0.021,0.546,0.184,0.74,0.573,0.233,0.041,0.396,0.528,0.228,0.659,-0.513,0.263,-0.116,0.477,0.183,0.398,0.267,0.445,-0.383,0.327,0.681,1.0,0.6,0.42,0.615,0.33,0.603,0.62,0.647,0.292,0.025,0.239,-0.275,0.421,0.44,0.364,0.451,-0.101,-0.047,0.261,0.215,0.556,0.563,-0.08,0.632,0.075,0.605,0.606,0.354,0.068,0.681,0.255,0.332,0.374,-0.147,0.24,0.405,0.441,0.211,0.247,0.529,-0.001,0.228,0.546,-0.126,0.077,0.37,0.529,0.15,-0.051,0.654,0.601,0.394,0.551,0.076,0.77,0.535,0.267,0.682,0.488,0.297,0.502,0.596,0.495,-0.374,-0.047,-0.336,-0.222,-0.089,0.748,0.25,-0.001,0.7,0.59,0.717,-0.227,-0.473,0.183,0.487,-0.004,-0.145,-0.164,0.499,0.288,0.184,0.272,0.526,0.359,0.64,-0.102,-0.3,0.462,0.703,0.73,0.565,-0.468,-0.198,0.868,-0.054,0.499,0.596,0.514,0.651,0.678,0.479,0.456,0.001,0.361,0.295,0.673,0.318,0.416,0.298,-0.241,0.737,0.593,0.379,0.143,0.684,0.466,0.644,0.191,0.293,0.765,0.255,0.396,0.743,0.392,0.358,0.587,0.439,0.066,0.192,0.372,0.795,0.135,0.25,0.671,0.239,-0.427,0.38,0.409,0.695,0.503,0.405,0.119,-0.205,0.265,0.554,-0.244,-0.355,-0.144,0.508,0.338,-0.187,0.494,0.112,0.774,0.426,0.326,0.252,-0.044,0.686,0.108,-0.316,0.596,0.061,0.487,0.152,0.483,0.6,0.614
BYND,0.153,0.398,-0.101,-0.4,0.467,0.593,-0.035,0.388,0.268,0.469,0.64,0.638,0.491,0.531,0.125,0.21,0.219,0.66,-0.208,0.498,0.215,0.684,-0.22,0.119,0.277,0.583,0.003,0.431,0.46,0.6,1.0,0.567,0.258,0.557,0.216,0.349,0.585,0.449,0.477,0.45,-0.101,0.227,0.338,0.543,0.655,0.129,0.16,-0.093,0.511,0.576,0.477,0.357,0.311,0.101,0.649,0.445,0.007,0.493,0.49,0.527,0.12,0.271,0.271,0.51,0.495,0.238,0.567,0.453,0.574,-0.065,0.168,0.601,-0.06,0.252,0.529,0.506,0.423,0.407,0.595,0.548,0.71,0.278,0.272,0.673,0.258,0.585,0.789,0.227,0.503,0.194,0.288,0.219,0.169,0.224,0.124,-0.195,0.373,0.514,0.557,0.434,0.483,0.611,0.499,0.265,-0.02,0.601,0.267,0.44,0.08,0.333,0.308,-0.063,0.317,0.63,0.675,0.243,0.373,0.358,0.198,0.555,0.67,0.638,0.204,-0.254,0.103,0.564,0.276,0.209,0.315,0.126,0.281,0.369,0.132,0.528,0.434,0.314,0.02,0.618,0.536,0.531,0.474,-0.089,0.801,0.37,0.405,0.483,0.589,0.695,0.564,0.49,0.551,0.623,0.571,0.53,0.52,0.706,0.524,0.474,0.604,0.351,-0.14,0.508,0.52,0.405,0.418,0.278,0.63,-0.316,0.597,0.29,0.579,0.433,0.459,0.298,0.361,0.628,0.324,0.254,0.217,-0.293,0.65,0.642,0.073,0.39,0.167,0.501,0.532,-0.041,0.55,0.353,0.43,0.402,0.222,0.452,0.456,0.283,0.55,0.375,0.148,0.288
