,AAL,AAPL,ABUS,ADBE,ADI,ADMA,AEP,AGNC,AKBA,ALT,AMAT,AMD,AMGN,AMZN,APA,APPS,ARCC,ARDX,ATER,ATOS,AUPH,AVGO,AZN,BCRX,BGC,BIDU,BILI,BKR,BLDP,BLNK,BYND,CAN,CELH,CG,CGC,CHRD,CLNE,CMCSA,COMM,COST,CPB,CPRT,CRON,CRWD,CSCO,CSGP,CSX,CTSH,CZR,DBX,DDOG,DKNG,DLTR,DOCU,DVAX,DXCM,EA,EBAY,ENPH,ERIC,ESPR,ETSY,EXC,EXEL,EXPE,FANG,FAST,FITB,FLEX,FOLD,FOXA,FSLR,FTNT,FUTU,GEN,GERN,GEVO,GILD,GOOG,GOOGL,GPRO,GT,HBAN,HIVE,HON,HST,HUT,IBRX,INTC,IOVA,IQ,IRWD,JBLU,JD,KDP,KHC,LBTYK,LRCX,LYFT,MAR,MARA,MAT,MCHP,MCRB,MDLZ,META,MGNI,MLCO,MNKD,MNST,MOMO,MRNA,MRVL,MSFT,MSTR,MTCH,MU,MVIS,NDAQ,NFLX,NKTR,NNDM,NTES,NTNX,NVAX,NVDA,NWL,NWSA,NXPI,OCGN,OKTA,ON,OPK,PAA,PACB,PAGP,PANW,PARA,PCAR,PDD,PENN,PEP,PLUG,PTEN,PTON,PYPL,QCOM,QUBT,QVCGA,RDFN,REAL,RIOT,ROKU,ROST,RUN,SABR,SAVA,SBUX,SFIX,SGMO,SIRI,SLM,SMCI,SNDL,SONO,STNE,STX,TCOM,TGTX,TIGR,TLRY,TMUS,TRIP,TSCO,TSLA,TTD,TXN,UAL,UNIT,VERU,VKTX,VLY,VOD,VTRS,VXRT,WBA,WBD,WDAY,WDC,WEN,WW,WYNN,XEL,XP,XRAY,XRX,Z,ZION,ZM,ZS
AAL,1.0,-0.275,-0.044,0.076,-0.484,0.566,-0.554,-0.356,0.803,0.601,0.823,0.576,-0.586,0.811,0.58,0.175,-0.184,0.378,0.406,0.426,0.344,0.841,-0.666,0.296,-0.178,0.316,-0.421,0.743,0.539,0.664,0.59,0.807,-0.351,0.549,0.627,0.273,0.775,-0.499,-0.532,0.174,-0.521,0.773,0.036,0.623,-0.296,0.29,0.627,0.271,0.64,0.765,0.733,0.054,0.415,0.707,-0.459,0.134,-0.22,0.41,0.597,-0.586,0.666,0.6,-0.646,-0.666,-0.233,0.799,-0.238,0.697,0.842,0.552,-0.612,0.874,-0.145,-0.185,0.065,0.748,0.651,-0.676,0.733,0.742,0.521,-0.232,0.804,0.812,-0.03,0.579,0.878,0.345,-0.385,0.743,0.436,0.502,0.12,-0.153,-0.528,-0.612,-0.443,0.443,0.503,0.708,0.786,-0.076,-0.48,0.583,-0.736,0.681,0.65,-0.252,0.676,-0.647,-0.019,0.335,0.863,0.824,0.815,0.712,0.13,0.383,0.37,0.513,-0.308,0.749,0.577,-0.319,0.586,0.443,0.531,0.304,-0.103,0.717,0.349,0.345,-0.501,-0.045,0.115,-0.11,0.201,-0.454,0.361,-0.053,0.417,-0.575,0.759,0.512,0.287,0.718,0.682,0.648,0.304,0.679,0.805,0.813,0.016,0.687,0.707,-0.481,-0.223,-0.576,0.396,0.724,0.364,0.114,-0.226,0.667,0.334,0.091,-0.183,0.751,0.23,0.171,0.696,-0.556,0.751,-0.325,0.833,0.684,-0.446,0.938,-0.314,0.44,0.597,0.787,-0.564,0.624,0.722,-0.388,-0.499,0.46,0.326,-0.438,0.864,-0.516,-0.648,-0.145,0.753,0.846,0.625,0.845,0.785,0.619
AAPL,-0.275,1.0,0.145,0.346,0.632,-0.373,0.666,0.854,-0.418,-0.211,-0.226,0.017,0.328,-0.415,0.283,0.044,0.334,0.002,-0.151,-0.018,-0.012,-0.111,0.497,0.386,-0.023,0.042,0.661,-0.231,0.247,-0.302,0.131,-0.234,0.546,-0.13,-0.511,0.202,-0.331,0.698,0.081,0.181,0.629,-0.013,-0.118,0.097,0.739,0.036,-0.082,0.262,0.304,-0.231,-0.488,0.526,0.179,-0.556,0.311,0.441,0.262,0.387,0.139,0.595,0.053,-0.231,0.638,0.514,0.399,-0.181,0.648,-0.008,-0.195,-0.385,0.637,-0.14,0.462,0.597,0.008,-0.288,-0.469,0.661,-0.302,-0.297,-0.444,0.662,-0.314,-0.187,-0.264,-0.054,-0.233,0.237,0.781,0.066,-0.18,-0.114,0.647,0.068,0.579,0.539,0.166,0.344,-0.409,-0.411,-0.343,0.278,0.615,0.179,0.572,-0.188,-0.156,0.577,-0.003,0.59,0.636,0.159,-0.243,-0.037,-0.222,-0.109,0.569,-0.14,-0.227,0.2,0.627,-0.371,-0.184,-0.077,-0.235,0.434,-0.466,0.091,0.667,-0.197,-0.159,0.332,0.483,0.409,0.367,0.371,0.285,0.674,0.034,0.668,0.118,0.435,-0.248,0.029,0.203,-0.152,-0.091,-0.514,0.292,0.207,-0.322,-0.105,0.535,-0.55,0.108,0.509,0.524,0.509,0.375,-0.388,-0.027,0.621,0.599,-0.283,-0.671,0.652,0.758,-0.219,-0.388,0.345,-0.444,0.65,-0.349,0.738,-0.126,-0.593,0.608,-0.219,0.557,-0.004,-0.117,-0.448,0.096,0.194,-0.166,0.513,0.541,-0.363,0.429,0.47,-0.364,0.657,0.522,0.685,0.02,-0.14,-0.507,-0.302,-0.225,-0.007
ABUS,-0.044,0.145,1.0,-0.485,0.345,0.093,0.258,0.259,-0.23,0.158,-0.151,-0.228,0.573,-0.143,-0.142,-0.42,0.049,-0.208,-0.275,-0.066,0.423,-0.163,0.339,-0.049,0.292,-0.457,0.111,-0.101,-0.219,-0.105,-0.084,-0.173,0.32,-0.155,0.034,0.003,-0.038,0.183,0.228,-0.153,0.32,-0.224,0.187,-0.306,0.102,0.466,-0.341,-0.366,-0.184,-0.249,-0.278,-0.192,0.206,-0.004,0.484,0.236,0.222,0.064,0.055,0.307,0.008,-0.19,0.195,0.257,-0.19,0.041,0.151,-0.066,-0.144,-0.257,0.277,-0.044,-0.088,-0.229,-0.074,-0.151,-0.265,0.206,-0.155,-0.132,0.121,0.147,-0.109,-0.208,0.252,-0.076,-0.129,-0.125,-0.065,0.036,-0.473,-0.157,0.025,0.114,0.372,0.318,0.565,0.071,-0.26,-0.131,-0.18,0.062,0.302,-0.258,0.203,-0.287,-0.315,-0.079,0.115,0.217,-0.072,0.168,0.032,-0.043,-0.136,-0.299,0.069,0.114,0.213,-0.228,-0.082,-0.172,-0.405,0.137,-0.04,-0.063,0.109,-0.325,0.199,-0.127,-0.182,0.105,0.227,0.359,0.085,0.342,-0.306,0.297,0.223,-0.115,-0.315,0.434,-0.019,-0.317,-0.256,-0.13,-0.166,-0.175,-0.032,-0.094,-0.203,-0.167,-0.19,0.058,-0.036,0.342,0.229,0.338,-0.165,-0.049,-0.337,0.164,0.031,-0.195,0.121,0.084,0.046,-0.112,0.131,-0.351,-0.125,0.041,-0.339,-0.073,-0.064,-0.21,0.427,-0.126,0.271,0.068,0.03,-0.075,0.191,0.063,-0.23,0.419,0.407,0.393,-0.2,0.372,-0.223,0.233,0.327,0.001,0.066,-0.053,-0.08,-0.001,-0.084,-0.399
ADBE,0.076,0.346,-0.485,1.0,-0.035,-0.116,-0.016,0.124,0.179,-0.093,0.225,0.422,-0.356,0.155,0.533,0.622,0.018,0.441,0.324,0.283,-0.219,0.431,0.01,0.496,-0.356,0.481,0.156,0.275,0.595,0.079,0.37,0.198,-0.17,0.163,-0.058,0.145,0.18,0.259,-0.338,0.622,-0.198,0.516,0.061,0.59,0.36,-0.38,0.526,0.713,0.544,0.407,0.123,0.565,-0.052,-0.092,-0.45,-0.023,0.092,0.322,0.197,-0.03,0.323,0.176,0.058,-0.179,0.465,0.012,0.162,0.282,0.343,0.154,-0.007,0.193,0.501,0.547,0.302,0.121,0.279,0.07,0.099,0.089,-0.12,0.137,0.136,0.301,-0.491,0.336,0.247,0.449,0.436,0.196,0.463,0.247,0.477,-0.298,-0.189,-0.219,-0.588,0.458,0.11,0.062,0.169,0.412,0.042,0.501,0.0,0.446,0.387,0.358,-0.028,0.016,0.388,-0.042,0.127,0.272,0.276,0.381,0.437,-0.057,-0.205,0.603,0.455,0.283,0.402,-0.215,0.102,0.523,-0.234,0.61,0.294,0.212,0.324,0.294,0.073,-0.057,0.22,-0.054,0.604,-0.084,-0.277,0.521,0.601,-0.339,0.005,0.566,0.587,0.197,0.432,0.012,0.054,0.49,0.219,0.277,0.512,-0.289,0.214,-0.253,0.109,-0.054,0.641,0.12,0.562,0.358,0.391,0.321,-0.384,0.469,0.415,0.179,-0.204,0.624,0.14,0.269,0.357,0.527,0.196,-0.079,-0.149,0.188,-0.086,-0.017,0.016,0.023,-0.296,0.166,0.362,-0.191,-0.251,-0.375,0.66,-0.33,0.048,-0.03,-0.181,0.418,0.07,0.149,-0.049,0.037,0.232,0.631
ADI,-0.484,0.632,0.345,-0.035,1.0,-0.327,0.625,0.722,-0.631,-0.118,-0.401,-0.197,0.47,-0.59,-0.01,-0.253,0.378,-0.019,-0.375,-0.116,-0.057,-0.427,0.469,0.264,0.083,-0.222,0.74,-0.433,-0.172,-0.53,0.115,-0.433,0.764,-0.23,-0.551,0.189,-0.523,0.601,0.28,-0.203,0.675,-0.305,-0.215,-0.236,0.47,0.437,-0.401,-0.065,-0.141,-0.423,-0.68,0.265,0.278,-0.577,0.594,0.379,0.237,0.12,0.009,0.572,-0.253,-0.288,0.598,0.589,0.23,-0.302,0.548,-0.278,-0.458,-0.451,0.863,-0.338,0.396,0.352,-0.242,-0.501,-0.658,0.634,-0.451,-0.448,-0.441,0.698,-0.491,-0.503,0.048,-0.026,-0.49,0.26,0.64,-0.151,-0.413,-0.325,0.49,0.233,0.687,0.632,0.568,0.31,-0.509,-0.633,-0.541,0.127,0.907,-0.182,0.598,-0.429,-0.452,0.523,-0.081,0.711,0.436,0.212,-0.399,-0.177,-0.426,-0.367,0.444,0.227,-0.182,-0.188,0.419,-0.598,-0.463,0.073,-0.352,0.124,-0.487,-0.123,0.811,-0.397,-0.332,0.301,0.519,0.466,0.293,0.515,0.05,0.799,0.012,0.487,-0.24,0.581,-0.395,-0.331,-0.103,-0.354,-0.267,-0.404,0.082,-0.09,-0.47,-0.415,0.259,-0.553,-0.128,0.711,0.703,0.524,-0.022,-0.526,-0.319,0.565,0.709,-0.496,-0.532,0.481,0.504,-0.455,-0.289,0.017,-0.493,0.551,-0.427,0.438,-0.451,-0.66,0.892,-0.426,0.532,-0.015,-0.038,-0.666,0.154,0.008,-0.422,0.662,0.706,-0.28,0.136,0.739,-0.556,0.733,0.575,0.602,-0.134,-0.365,-0.582,-0.462,-0.425,-0.287
ADMA,0.566,-0.373,0.093,-0.116,-0.327,1.0,-0.425,-0.322,0.499,0.603,0.381,0.286,-0.328,0.555,0.125,-0.105,-0.013,0.307,0.321,0.301,0.433,0.466,-0.468,0.119,0.023,-0.009,-0.433,0.579,0.282,0.519,0.236,0.552,-0.314,0.439,0.48,0.079,0.452,-0.434,-0.199,0.051,-0.357,0.332,0.267,0.347,-0.328,0.349,0.389,-0.034,0.228,0.409,0.418,-0.123,0.168,0.631,-0.07,0.064,-0.276,-0.008,0.345,-0.354,0.499,0.353,-0.474,-0.357,-0.34,0.559,-0.096,0.555,0.492,0.471,-0.391,0.438,-0.187,-0.361,0.093,0.366,0.451,-0.391,0.538,0.531,0.48,-0.242,0.587,0.51,0.261,0.389,0.54,0.277,-0.402,0.351,0.15,0.264,0.009,-0.058,-0.476,-0.389,-0.197,0.136,0.462,0.572,0.628,-0.232,-0.296,0.27,-0.557,0.405,0.208,-0.244,0.255,-0.356,-0.387,0.167,0.582,0.492,0.634,0.464,0.033,0.315,0.612,0.239,-0.296,0.531,0.225,0.073,0.6,0.067,0.454,0.149,-0.238,0.608,0.475,0.048,-0.052,0.068,-0.029,0.03,-0.05,-0.341,0.365,-0.326,0.152,-0.348,0.721,0.227,-0.074,0.414,0.344,0.481,-0.086,0.198,0.572,0.447,-0.193,0.671,0.388,-0.404,-0.03,-0.33,0.002,0.499,0.118,0.002,-0.332,0.425,0.425,-0.047,-0.215,0.415,0.532,-0.096,0.439,-0.455,0.421,-0.387,0.555,0.418,-0.303,0.567,-0.368,0.285,0.428,0.633,-0.289,0.147,0.373,-0.171,-0.244,0.363,-0.027,-0.272,0.568,-0.374,-0.315,-0.269,0.298,0.381,0.57,0.588,0.482,0.377
AEP,-0.554,0.666,0.258,-0.016,0.625,-0.425,1.0,0.75,-0.716,-0.453,-0.516,-0.522,0.643,-0.69,-0.187,-0.168,0.08,-0.369,-0.583,-0.513,-0.072,-0.522,0.775,0.04,0.127,-0.345,0.519,-0.637,-0.279,-0.702,-0.35,-0.668,0.587,-0.533,-0.733,0.019,-0.717,0.572,0.467,0.026,0.853,-0.482,-0.104,-0.318,0.6,0.035,-0.457,-0.135,-0.239,-0.643,-0.657,0.043,-0.083,-0.734,0.557,0.216,0.396,0.023,-0.306,0.831,-0.453,-0.574,0.848,0.815,0.357,-0.488,0.543,-0.388,-0.555,-0.654,0.588,-0.549,0.226,0.239,0.022,-0.714,-0.812,0.816,-0.697,-0.696,-0.68,0.381,-0.601,-0.66,-0.082,-0.412,-0.652,-0.203,0.56,-0.363,-0.462,-0.582,0.309,0.181,0.79,0.764,0.506,-0.088,-0.543,-0.552,-0.638,0.164,0.617,-0.323,0.742,-0.588,-0.426,0.186,-0.277,0.792,0.346,-0.261,-0.595,-0.464,-0.608,-0.598,0.171,-0.348,-0.326,-0.355,0.244,-0.651,-0.422,0.267,-0.521,0.009,-0.642,-0.257,0.409,-0.595,-0.23,-0.131,0.714,0.22,-0.052,0.161,-0.054,0.608,-0.146,0.203,-0.238,0.722,-0.616,-0.314,-0.184,-0.68,-0.547,-0.823,-0.04,-0.228,-0.653,-0.585,0.095,-0.623,-0.326,0.736,0.377,0.722,-0.08,-0.689,-0.485,0.233,0.374,-0.645,-0.541,0.209,0.608,-0.654,-0.276,-0.154,-0.753,0.754,-0.674,0.432,-0.578,-0.574,0.7,-0.52,0.579,-0.344,-0.47,-0.644,0.526,-0.163,-0.656,0.641,0.706,-0.365,-0.051,0.559,-0.59,0.576,0.771,0.312,-0.378,-0.599,-0.609,-0.647,-0.653,-0.379
AGNC,-0.356,0.854,0.259,0.124,0.722,-0.322,0.75,1.0,-0.463,-0.216,-0.405,-0.178,0.467,-0.516,0.101,-0.074,0.325,-0.029,-0.254,-0.235,-0.033,-0.261,0.595,0.37,0.212,-0.148,0.697,-0.376,0.092,-0.407,0.008,-0.376,0.638,-0.284,-0.598,0.392,-0.503,0.702,0.413,0.059,0.761,-0.204,-0.056,-0.005,0.666,0.101,-0.213,0.128,0.119,-0.352,-0.673,0.415,0.191,-0.66,0.506,0.413,0.326,0.249,-0.032,0.735,-0.155,-0.309,0.761,0.629,0.408,-0.207,0.699,-0.103,-0.333,-0.531,0.697,-0.211,0.454,0.537,0.03,-0.414,-0.648,0.696,-0.448,-0.448,-0.554,0.645,-0.351,-0.371,-0.182,-0.103,-0.375,0.146,0.698,-0.142,-0.307,-0.323,0.564,0.25,0.682,0.628,0.408,0.221,-0.455,-0.52,-0.439,0.307,0.7,0.015,0.672,-0.332,-0.296,0.528,-0.058,0.699,0.607,0.038,-0.37,-0.209,-0.351,-0.332,0.54,-0.123,-0.147,0.01,0.48,-0.553,-0.327,0.182,-0.291,0.383,-0.548,-0.025,0.664,-0.379,-0.239,0.192,0.607,0.461,0.275,0.44,0.151,0.736,0.038,0.582,0.039,0.588,-0.315,-0.047,0.049,-0.335,-0.214,-0.647,0.222,0.019,-0.425,-0.271,0.394,-0.502,-0.03,0.678,0.562,0.663,0.268,-0.492,-0.205,0.639,0.6,-0.409,-0.632,0.525,0.796,-0.378,-0.397,0.233,-0.568,0.738,-0.444,0.58,-0.345,-0.72,0.722,-0.364,0.653,-0.234,-0.154,-0.494,0.249,0.034,-0.32,0.62,0.71,-0.211,0.332,0.52,-0.423,0.677,0.649,0.637,-0.11,-0.269,-0.568,-0.33,-0.402,-0.19
AKBA,0.803,-0.418,-0.23,0.179,-0.631,0.499,-0.716,-0.463,1.0,0.457,0.621,0.441,-0.675,0.782,0.322,0.268,-0.256,0.568,0.548,0.368,0.191,0.709,-0.691,0.234,-0.052,0.439,-0.399,0.668,0.41,0.678,0.421,0.708,-0.502,0.471,0.6,0.134,0.749,-0.551,-0.358,0.269,-0.652,0.759,0.163,0.68,-0.397,-0.039,0.763,0.343,0.581,0.907,0.747,0.099,0.128,0.677,-0.504,-0.129,-0.341,0.163,0.276,-0.66,0.55,0.66,-0.587,-0.698,-0.25,0.656,-0.304,0.631,0.691,0.694,-0.654,0.718,-0.147,-0.098,0.185,0.752,0.727,-0.688,0.617,0.637,0.482,-0.413,0.823,0.768,-0.115,0.574,0.858,0.271,-0.439,0.444,0.615,0.487,-0.082,-0.155,-0.714,-0.752,-0.527,0.222,0.473,0.642,0.79,-0.094,-0.618,0.486,-0.741,0.712,0.555,-0.241,0.322,-0.682,-0.103,0.131,0.68,0.645,0.793,0.602,-0.011,0.262,0.325,0.508,-0.273,0.721,0.642,-0.176,0.685,0.22,0.54,0.41,-0.301,0.644,0.448,0.115,-0.523,-0.266,0.033,-0.262,0.17,-0.558,0.204,-0.089,0.489,-0.671,0.696,0.432,0.262,0.596,0.621,0.626,0.082,0.459,0.815,0.812,-0.017,0.705,0.417,-0.592,-0.366,-0.601,0.338,0.717,0.437,0.02,-0.338,0.638,0.446,-0.111,-0.326,0.778,0.308,0.297,0.644,-0.545,0.868,-0.36,0.691,0.635,-0.625,0.771,-0.386,0.185,0.474,0.739,-0.534,0.253,0.779,-0.553,-0.6,0.376,0.233,-0.593,0.681,-0.624,-0.719,-0.279,0.405,0.757,0.578,0.829,0.775,0.646
ALT,0.601,-0.211,0.158,-0.093,-0.118,0.603,-0.453,-0.216,0.457,1.0,0.5,0.331,-0.41,0.483,0.39,-0.035,0.018,0.384,0.332,0.466,0.334,0.498,-0.428,0.405,0.035,0.004,-0.263,0.532,0.286,0.561,0.537,0.562,-0.244,0.613,0.482,0.248,0.526,-0.326,-0.207,-0.019,-0.486,0.446,0.338,0.346,-0.115,0.462,0.38,0.077,0.395,0.455,0.427,0.133,0.355,0.555,-0.092,0.318,-0.285,0.105,0.433,-0.423,0.474,0.451,-0.49,-0.351,-0.299,0.669,0.017,0.628,0.544,0.565,-0.268,0.521,-0.021,-0.205,-0.061,0.488,0.393,-0.419,0.445,0.442,0.527,0.118,0.663,0.54,0.095,0.562,0.599,0.561,-0.146,0.521,0.148,0.349,0.212,-0.113,-0.316,-0.433,-0.144,0.403,0.515,0.55,0.673,-0.048,-0.145,0.298,-0.628,0.434,0.317,-0.0,0.44,-0.359,-0.241,0.343,0.684,0.637,0.583,0.483,0.307,0.573,0.652,0.309,-0.08,0.537,0.177,0.121,0.663,0.289,0.461,0.204,0.044,0.713,0.2,0.389,-0.25,0.219,0.266,0.184,0.202,-0.095,0.425,-0.114,0.285,-0.506,0.545,0.326,0.12,0.438,0.44,0.491,0.058,0.399,0.532,0.529,0.049,0.563,0.463,-0.39,0.241,-0.327,0.163,0.554,0.163,0.269,-0.003,0.415,0.232,0.22,-0.036,0.457,0.253,0.055,0.448,-0.416,0.451,-0.314,0.633,0.38,-0.162,0.64,-0.32,0.464,0.536,0.666,-0.497,0.31,0.498,-0.143,-0.039,0.418,0.24,-0.094,0.539,-0.175,-0.296,-0.019,0.509,0.505,0.517,0.668,0.531,0.416
AMAT,0.823,-0.226,-0.151,0.225,-0.401,0.381,-0.516,-0.405,0.621,0.5,1.0,0.541,-0.672,0.693,0.632,0.318,-0.305,0.318,0.362,0.451,0.203,0.798,-0.596,0.355,-0.304,0.538,-0.288,0.62,0.494,0.544,0.64,0.738,-0.348,0.503,0.511,0.166,0.734,-0.497,-0.63,0.211,-0.569,0.727,-0.057,0.569,-0.148,0.22,0.553,0.383,0.578,0.662,0.789,0.225,0.357,0.542,-0.617,0.163,-0.159,0.412,0.522,-0.613,0.575,0.541,-0.577,-0.622,-0.113,0.654,-0.283,0.56,0.734,0.451,-0.568,0.74,-0.007,0.015,0.057,0.702,0.604,-0.624,0.589,0.597,0.448,-0.081,0.581,0.686,-0.178,0.497,0.75,0.401,-0.151,0.685,0.53,0.471,0.154,-0.174,-0.528,-0.592,-0.488,0.517,0.5,0.599,0.665,-0.002,-0.46,0.522,-0.704,0.716,0.684,-0.129,0.684,-0.625,0.084,0.351,0.785,0.814,0.701,0.629,0.234,0.368,0.13,0.528,-0.171,0.735,0.65,-0.41,0.437,0.46,0.352,0.253,-0.021,0.605,0.342,0.324,-0.519,-0.15,0.2,-0.224,0.454,-0.401,0.14,0.078,0.43,-0.647,0.535,0.497,0.441,0.607,0.606,0.607,0.291,0.677,0.63,0.72,0.199,0.441,0.595,-0.489,-0.224,-0.615,0.453,0.608,0.408,0.06,-0.072,0.627,0.154,0.162,-0.171,0.678,0.133,0.323,0.625,-0.418,0.696,-0.218,0.691,0.71,-0.459,0.791,-0.295,0.476,0.474,0.558,-0.575,0.591,0.668,-0.45,-0.563,0.284,0.394,-0.388,0.697,-0.377,-0.658,0.02,0.724,0.718,0.565,0.669,0.717,0.677
AMD,0.576,0.017,-0.228,0.422,-0.197,0.286,-0.522,-0.178,0.441,0.331,0.541,1.0,-0.46,0.636,0.633,0.374,0.384,0.425,0.549,0.649,0.102,0.696,-0.503,0.356,-0.389,0.432,-0.125,0.71,0.719,0.592,0.618,0.675,-0.195,0.533,0.556,0.275,0.616,-0.055,-0.641,0.16,-0.449,0.622,0.059,0.602,-0.054,0.056,0.495,0.458,0.609,0.588,0.443,0.373,0.317,0.497,-0.538,0.085,-0.193,0.473,0.65,-0.487,0.679,0.407,-0.617,-0.686,-0.008,0.499,-0.079,0.472,0.698,0.317,-0.242,0.629,0.187,0.165,-0.041,0.595,0.554,-0.492,0.836,0.831,0.405,0.084,0.532,0.649,-0.064,0.519,0.646,0.52,-0.028,0.602,0.4,0.67,0.322,-0.271,-0.417,-0.418,-0.609,0.565,0.301,0.285,0.565,0.124,-0.13,0.724,-0.325,0.633,0.537,0.257,0.457,-0.419,0.174,0.484,0.645,0.632,0.655,0.807,0.338,0.353,0.237,0.686,0.208,0.537,0.357,-0.452,0.405,0.565,0.312,0.547,0.226,0.565,0.283,0.484,-0.368,0.189,0.31,0.197,0.375,-0.23,0.138,0.337,0.396,-0.487,0.536,0.605,0.529,0.805,0.837,0.611,0.255,0.583,0.55,0.679,0.339,0.225,0.643,-0.437,0.099,-0.403,0.51,0.569,0.665,0.292,0.075,0.734,-0.06,0.378,0.017,0.635,-0.033,0.395,0.678,-0.384,0.527,0.198,0.652,0.257,-0.269,0.571,-0.327,0.556,0.563,0.44,-0.655,0.565,0.627,-0.399,-0.451,0.045,0.466,-0.424,0.585,-0.144,-0.507,0.25,0.587,0.648,0.271,0.508,0.615,0.577
AMGN,-0.586,0.328,0.573,-0.356,0.47,-0.328,0.643,0.467,-0.675,-0.41,-0.672,-0.46,1.0,-0.594,-0.45,-0.324,0.16,-0.505,-0.521,-0.516,0.114,-0.555,0.713,-0.242,0.115,-0.571,0.247,-0.474,-0.425,-0.569,-0.536,-0.677,0.486,-0.595,-0.306,-0.184,-0.58,0.508,0.4,-0.11,0.72,-0.629,0.216,-0.565,0.203,0.078,-0.619,-0.331,-0.566,-0.685,-0.72,-0.326,-0.139,-0.444,0.613,-0.041,0.578,-0.11,-0.281,0.671,-0.416,-0.537,0.568,0.598,0.076,-0.506,0.348,-0.532,-0.54,-0.534,0.509,-0.576,-0.054,-0.16,-0.005,-0.618,-0.648,0.589,-0.493,-0.489,-0.351,0.068,-0.574,-0.651,0.182,-0.538,-0.639,-0.443,0.069,-0.402,-0.601,-0.49,-0.129,0.125,0.664,0.718,0.585,-0.314,-0.592,-0.517,-0.65,0.24,0.478,-0.522,0.807,-0.639,-0.606,-0.001,-0.298,0.595,0.032,-0.271,-0.527,-0.599,-0.635,-0.63,-0.189,-0.338,-0.113,-0.487,-0.046,-0.564,-0.623,0.228,-0.474,-0.264,-0.334,-0.387,0.184,-0.622,-0.278,-0.231,0.527,0.185,-0.197,0.188,-0.483,0.46,-0.101,-0.049,-0.519,0.767,-0.526,-0.452,-0.346,-0.546,-0.485,-0.61,-0.031,-0.461,-0.672,-0.648,-0.269,-0.439,-0.415,0.63,0.208,0.713,-0.377,-0.522,-0.406,-0.031,0.034,-0.436,-0.146,-0.079,0.227,-0.612,-0.105,-0.463,-0.457,0.411,-0.738,0.145,-0.595,-0.606,0.601,-0.668,0.499,-0.362,-0.364,-0.556,0.612,-0.248,-0.606,0.55,0.582,0.01,-0.376,0.466,-0.59,0.326,0.68,0.044,-0.407,-0.565,-0.531,-0.612,-0.595,-0.711
AMZN,0.811,-0.415,-0.143,0.155,-0.59,0.555,-0.69,-0.516,0.782,0.483,0.693,0.636,-0.594,1.0,0.462,0.311,-0.071,0.441,0.49,0.608,0.192,0.801,-0.665,0.168,-0.157,0.344,-0.498,0.822,0.492,0.796,0.449,0.764,-0.472,0.522,0.783,0.198,0.789,-0.548,-0.525,0.184,-0.68,0.679,0.144,0.591,-0.373,0.073,0.689,0.317,0.545,0.769,0.708,0.02,0.238,0.849,-0.574,-0.046,-0.307,0.201,0.503,-0.639,0.578,0.553,-0.735,-0.777,-0.151,0.733,-0.303,0.634,0.826,0.621,-0.638,0.741,-0.011,-0.16,0.074,0.675,0.757,-0.711,0.824,0.833,0.694,-0.33,0.797,0.848,0.149,0.543,0.853,0.289,-0.469,0.604,0.474,0.76,0.026,-0.219,-0.68,-0.735,-0.561,0.32,0.482,0.637,0.79,-0.115,-0.479,0.604,-0.692,0.766,0.692,-0.252,0.411,-0.706,-0.139,0.26,0.827,0.743,0.808,0.738,0.058,0.303,0.37,0.494,-0.272,0.75,0.477,-0.308,0.622,0.308,0.703,0.414,-0.256,0.702,0.362,0.255,-0.569,0.035,0.018,-0.024,0.138,-0.564,0.287,-0.111,0.39,-0.693,0.732,0.515,0.365,0.69,0.75,0.713,0.174,0.546,0.788,0.813,-0.052,0.71,0.612,-0.626,-0.299,-0.548,0.367,0.882,0.459,-0.01,-0.353,0.726,0.483,0.01,-0.293,0.751,0.222,0.219,0.786,-0.634,0.74,-0.222,0.766,0.599,-0.574,0.764,-0.447,0.399,0.568,0.77,-0.61,0.398,0.735,-0.512,-0.631,0.356,0.223,-0.548,0.769,-0.584,-0.631,-0.233,0.562,0.79,0.586,0.769,0.77,0.592
APA,0.58,0.283,-0.142,0.533,-0.01,0.125,-0.187,0.101,0.322,0.39,0.632,0.633,-0.45,0.462,1.0,0.404,0.052,0.383,0.337,0.476,0.098,0.711,-0.216,0.509,-0.361,0.346,0.04,0.541,0.717,0.314,0.754,0.533,-0.044,0.394,0.248,0.492,0.477,0.05,-0.517,0.376,-0.264,0.734,-0.096,0.561,0.184,0.205,0.531,0.504,0.717,0.476,0.299,0.457,0.541,0.25,-0.455,0.407,0.043,0.662,0.774,-0.155,0.527,0.414,-0.247,-0.387,0.212,0.544,0.139,0.52,0.716,0.261,-0.087,0.722,0.378,0.302,0.172,0.498,0.358,-0.28,0.467,0.456,0.156,0.272,0.435,0.58,-0.289,0.513,0.57,0.632,0.214,0.789,0.361,0.464,0.558,-0.191,-0.125,-0.322,-0.363,0.794,0.286,0.257,0.425,0.247,0.032,0.651,-0.347,0.536,0.626,0.232,0.662,-0.202,0.425,0.376,0.609,0.711,0.532,0.726,0.588,0.347,0.032,0.622,0.185,0.566,0.393,-0.405,0.303,0.809,0.119,0.528,0.396,0.445,0.071,0.604,-0.244,0.201,0.396,0.16,0.521,-0.004,0.183,0.47,0.549,-0.42,0.295,0.628,0.585,0.565,0.661,0.316,0.475,0.853,0.393,0.533,0.478,0.126,0.772,-0.204,0.157,-0.279,0.731,0.412,0.473,0.466,0.393,0.434,-0.211,0.744,0.317,0.457,-0.271,0.457,0.376,-0.036,0.478,0.261,0.58,0.184,-0.004,0.594,0.007,0.366,0.397,0.37,-0.536,0.734,0.518,-0.09,-0.187,0.085,0.681,-0.172,0.497,-0.066,-0.249,0.512,0.744,0.645,0.241,0.436,0.484,0.647
APPS,0.175,0.044,-0.42,0.622,-0.253,-0.105,-0.168,-0.074,0.268,-0.035,0.318,0.374,-0.324,0.311,0.404,1.0,-0.211,0.377,0.352,0.215,-0.191,0.454,-0.006,0.467,-0.318,0.493,0.053,0.316,0.509,0.169,0.33,0.3,-0.302,0.161,0.208,0.092,0.315,0.183,-0.304,0.657,-0.313,0.484,0.208,0.587,0.232,-0.411,0.421,0.812,0.463,0.372,0.229,0.454,-0.046,0.118,-0.534,-0.098,0.221,0.28,0.083,-0.189,0.3,0.263,-0.166,-0.401,0.592,0.018,0.158,0.251,0.488,0.209,-0.27,0.248,0.541,0.451,0.495,0.276,0.401,-0.27,0.108,0.092,-0.032,-0.039,0.27,0.375,-0.521,0.354,0.297,0.381,0.186,0.141,0.698,0.221,0.344,-0.327,-0.342,-0.398,-0.59,0.363,0.211,0.241,0.236,0.564,-0.118,0.469,-0.069,0.515,0.619,0.237,0.095,-0.264,0.4,-0.191,0.23,0.23,0.293,0.306,0.304,-0.059,-0.008,0.593,0.168,0.339,0.473,-0.262,0.048,0.561,-0.255,0.682,0.144,0.184,0.325,0.17,-0.094,-0.174,0.143,-0.17,0.583,-0.28,-0.38,0.361,0.596,-0.503,-0.032,0.736,0.865,0.25,0.516,0.134,0.111,0.432,0.101,0.329,0.421,-0.176,0.201,-0.329,-0.125,-0.061,0.61,0.399,0.73,0.219,0.222,0.548,-0.047,0.18,0.287,0.271,-0.176,0.605,0.241,0.116,0.399,0.379,0.193,0.057,-0.308,0.186,-0.123,0.007,0.112,0.177,-0.21,0.16,0.419,-0.405,-0.374,-0.079,0.446,-0.551,0.178,-0.211,-0.253,0.24,0.099,0.237,0.059,0.206,0.297,0.572
ARCC,-0.184,0.334,0.049,0.018,0.378,-0.013,0.08,0.325,-0.256,0.018,-0.305,0.384,0.16,-0.071,0.052,-0.211,1.0,0.04,0.031,0.309,-0.019,-0.134,0.028,0.033,0.169,-0.098,0.265,0.056,0.093,0.088,0.023,-0.07,0.303,0.188,-0.037,0.245,-0.174,0.256,0.039,-0.261,0.222,-0.163,-0.03,-0.077,0.181,0.112,-0.135,-0.1,0.068,-0.141,-0.325,0.222,0.199,-0.058,0.186,0.196,-0.32,0.019,0.199,0.167,0.033,-0.13,0.047,0.118,-0.105,0.077,0.256,0.072,-0.13,-0.137,0.481,-0.091,0.099,0.112,-0.32,-0.138,-0.194,0.256,0.241,0.235,-0.031,0.444,-0.022,-0.093,0.429,0.031,-0.099,0.188,0.301,0.026,-0.292,0.223,0.245,0.069,0.246,0.274,0.091,0.083,-0.178,-0.337,-0.072,-0.104,0.419,0.239,0.286,-0.12,-0.326,0.467,-0.109,0.287,0.1,0.343,-0.155,-0.068,-0.046,0.196,0.232,0.137,0.193,-0.003,0.473,-0.288,-0.402,-0.023,0.065,0.042,-0.01,0.122,0.337,0.036,-0.29,0.22,0.07,0.506,0.246,0.567,-0.074,0.368,0.362,0.23,-0.116,0.18,0.075,-0.068,-0.031,0.121,0.186,-0.031,0.039,-0.078,0.016,-0.006,0.196,-0.094,0.154,0.164,0.479,0.256,-0.004,-0.067,-0.028,0.296,0.188,-0.071,-0.302,0.329,0.258,-0.048,-0.207,0.006,-0.015,0.05,-0.245,0.405,0.037,-0.42,0.326,-0.157,0.116,0.18,0.146,-0.175,-0.26,0.053,-0.105,0.19,0.272,-0.226,0.094,0.271,-0.04,0.503,0.311,0.334,0.042,-0.074,-0.284,-0.105,-0.124,-0.137
ARDX,0.378,0.002,-0.208,0.441,-0.019,0.307,-0.369,-0.029,0.568,0.384,0.318,0.425,-0.505,0.441,0.383,0.377,0.04,1.0,0.474,0.479,0.043,0.451,-0.376,0.604,-0.023,0.323,0.129,0.46,0.486,0.401,0.591,0.439,-0.191,0.472,0.264,0.217,0.387,-0.033,-0.226,0.355,-0.392,0.66,0.123,0.745,0.099,-0.001,0.669,0.567,0.557,0.733,0.311,0.553,0.294,0.304,-0.279,0.232,-0.217,0.153,0.306,-0.322,0.429,0.497,-0.273,-0.395,0.133,0.368,0.134,0.597,0.461,0.47,-0.125,0.416,0.476,0.367,0.151,0.32,0.418,-0.259,0.306,0.314,0.255,0.208,0.54,0.454,-0.205,0.79,0.506,0.577,0.192,0.271,0.575,0.386,0.474,-0.217,-0.412,-0.439,-0.472,0.491,0.286,0.261,0.449,0.193,-0.003,0.469,-0.325,0.545,0.4,0.301,0.023,-0.221,0.185,0.334,0.426,0.493,0.526,0.483,0.532,0.34,0.21,0.571,0.244,0.39,0.478,-0.077,0.463,0.401,0.081,0.704,0.273,0.466,0.399,0.271,-0.064,0.103,0.471,0.151,0.569,-0.066,0.131,0.371,0.466,-0.521,0.443,0.45,0.465,0.404,0.573,0.356,-0.002,0.482,0.539,0.549,0.386,0.191,0.345,-0.324,0.167,-0.204,0.436,0.445,0.463,0.598,0.264,0.441,0.079,0.341,0.155,0.424,0.093,0.542,0.311,-0.164,0.7,0.111,0.352,0.124,-0.155,0.471,-0.15,0.202,0.341,0.322,-0.51,0.122,0.54,-0.061,-0.221,0.061,0.47,-0.252,0.254,-0.028,-0.375,0.332,0.202,0.43,0.273,0.526,0.478,0.733
ATER,0.406,-0.151,-0.275,0.324,-0.375,0.321,-0.583,-0.254,0.548,0.332,0.362,0.549,-0.521,0.49,0.337,0.352,0.031,0.474,1.0,0.455,-0.011,0.541,-0.459,0.255,-0.059,0.487,-0.167,0.593,0.535,0.532,0.317,0.569,-0.451,0.429,0.422,0.149,0.536,-0.151,-0.327,0.297,-0.521,0.528,0.213,0.549,-0.075,-0.214,0.604,0.398,0.475,0.562,0.408,0.365,0.128,0.484,-0.484,0.013,-0.184,0.059,0.31,-0.401,0.532,0.475,-0.495,-0.561,-0.088,0.365,-0.126,0.476,0.574,0.432,-0.256,0.403,0.085,0.135,0.239,0.428,0.612,-0.456,0.474,0.47,0.349,-0.09,0.529,0.532,-0.212,0.355,0.52,0.323,-0.117,0.338,0.528,0.479,0.107,-0.191,-0.575,-0.583,-0.532,0.201,0.31,0.319,0.522,0.111,-0.357,0.484,-0.482,0.569,0.397,0.154,0.142,-0.413,0.006,0.244,0.453,0.409,0.523,0.58,0.145,0.208,0.253,0.695,0.066,0.532,0.388,-0.103,0.449,0.306,0.282,0.482,-0.066,0.471,0.336,0.13,-0.313,-0.047,0.244,0.039,0.339,-0.403,0.051,0.166,0.501,-0.495,0.547,0.489,0.371,0.658,0.493,0.569,0.119,0.378,0.472,0.54,0.251,0.303,0.391,-0.506,-0.102,-0.283,0.289,0.521,0.648,0.185,-0.147,0.595,0.24,0.149,-0.02,0.471,0.06,0.424,0.447,-0.344,0.54,0.032,0.44,0.254,-0.468,0.469,-0.246,0.181,0.328,0.494,-0.288,0.131,0.531,-0.364,-0.447,0.093,0.252,-0.525,0.483,-0.264,-0.471,0.065,0.279,0.429,0.351,0.542,0.46,0.538
ATOS,0.426,-0.018,-0.066,0.283,-0.116,0.301,-0.513,-0.235,0.368,0.466,0.451,0.649,-0.516,0.608,0.476,0.215,0.309,0.479,0.455,1.0,0.068,0.491,-0.538,0.279,-0.172,0.253,-0.081,0.647,0.488,0.698,0.565,0.649,-0.173,0.689,0.499,0.225,0.581,-0.196,-0.54,-0.031,-0.562,0.518,-0.055,0.42,-0.009,0.139,0.414,0.228,0.583,0.543,0.402,0.411,0.321,0.522,-0.331,0.288,-0.431,0.196,0.547,-0.52,0.606,0.371,-0.562,-0.488,-0.078,0.531,-0.148,0.528,0.49,0.412,-0.138,0.499,0.242,0.155,-0.165,0.443,0.553,-0.4,0.562,0.573,0.598,0.27,0.461,0.659,0.212,0.529,0.559,0.526,0.057,0.506,0.233,0.778,0.29,-0.199,-0.429,-0.479,-0.517,0.453,0.351,0.325,0.487,-0.116,-0.029,0.549,-0.488,0.448,0.42,0.247,0.217,-0.463,0.051,0.618,0.585,0.599,0.593,0.616,0.378,0.443,0.261,0.453,0.347,0.366,0.131,-0.39,0.409,0.321,0.47,0.443,0.136,0.653,0.12,0.537,-0.384,0.383,0.458,0.375,0.364,-0.138,0.318,0.168,0.243,-0.571,0.549,0.432,0.467,0.651,0.652,0.584,0.131,0.484,0.585,0.628,0.35,0.327,0.594,-0.479,0.18,-0.438,0.369,0.666,0.426,0.271,0.147,0.49,0.141,0.367,-0.098,0.542,0.054,0.352,0.521,-0.43,0.446,0.257,0.687,0.236,-0.27,0.51,-0.36,0.678,0.568,0.463,-0.706,0.375,0.534,-0.312,-0.37,0.02,0.394,-0.15,0.409,0.013,-0.383,0.141,0.489,0.57,0.386,0.521,0.596,0.471
AUPH,0.344,-0.012,0.423,-0.219,-0.057,0.433,-0.072,-0.033,0.191,0.334,0.203,0.102,0.114,0.192,0.098,-0.191,-0.019,0.043,-0.011,0.068,1.0,0.186,-0.103,-0.021,-0.099,-0.079,-0.141,0.216,0.096,0.237,0.25,0.217,-0.019,0.151,0.311,-0.29,0.207,-0.157,-0.202,0.112,0.067,0.182,0.261,0.093,-0.075,0.341,0.123,-0.111,0.147,0.122,0.091,-0.131,0.145,0.326,0.052,0.112,-0.054,0.477,0.215,-0.087,0.351,0.296,-0.179,-0.095,-0.283,0.184,0.074,0.188,0.204,0.268,-0.127,0.217,-0.177,-0.309,0.056,0.28,0.076,-0.097,0.281,0.271,0.328,-0.09,0.178,0.234,0.128,0.153,0.252,0.075,-0.217,0.268,-0.0,0.146,0.001,-0.242,0.098,-0.028,0.024,0.113,0.048,0.212,0.34,-0.111,-0.04,0.111,-0.207,0.042,0.007,-0.054,0.365,-0.104,-0.219,0.183,0.36,0.182,0.309,0.119,0.092,0.013,0.267,0.084,-0.07,0.282,-0.046,-0.076,0.366,0.102,0.349,0.012,-0.037,0.35,0.317,0.182,0.14,0.125,0.089,0.058,-0.188,0.139,0.2,-0.222,0.16,-0.005,0.306,-0.009,-0.027,0.198,0.148,0.138,-0.022,0.113,0.23,0.235,-0.054,0.33,0.238,-0.049,0.04,-0.097,-0.0,0.251,0.005,0.053,-0.179,0.18,0.222,-0.029,-0.102,0.265,0.449,-0.174,0.194,-0.152,0.117,-0.224,0.373,0.086,0.028,0.283,-0.014,0.139,0.138,0.301,-0.099,0.494,0.134,-0.008,0.043,0.256,-0.155,0.011,0.133,-0.095,0.004,-0.146,0.367,0.302,0.204,0.205,0.241,0.049
AVGO,0.841,-0.111,-0.163,0.431,-0.427,0.466,-0.522,-0.261,0.709,0.498,0.798,0.696,-0.555,0.801,0.711,0.454,-0.134,0.451,0.541,0.491,0.186,1.0,-0.495,0.487,-0.276,0.446,-0.341,0.831,0.721,0.661,0.602,0.817,-0.424,0.445,0.594,0.309,0.787,-0.271,-0.561,0.466,-0.532,0.853,0.201,0.787,-0.112,0.076,0.729,0.568,0.712,0.76,0.636,0.256,0.311,0.613,-0.628,0.061,-0.0,0.438,0.612,-0.441,0.719,0.55,-0.569,-0.674,0.013,0.687,-0.092,0.675,0.921,0.516,-0.505,0.823,0.141,0.053,0.254,0.689,0.673,-0.557,0.713,0.718,0.425,-0.183,0.733,0.856,-0.218,0.584,0.88,0.478,-0.191,0.731,0.539,0.573,0.297,-0.226,-0.563,-0.642,-0.579,0.593,0.425,0.585,0.779,0.226,-0.366,0.684,-0.581,0.827,0.719,-0.063,0.573,-0.514,0.106,0.192,0.86,0.82,0.842,0.779,0.3,0.297,0.308,0.769,-0.133,0.8,0.648,-0.292,0.569,0.664,0.379,0.521,0.033,0.689,0.472,0.375,-0.377,-0.029,0.137,-0.067,0.386,-0.472,0.138,0.184,0.617,-0.62,0.67,0.717,0.496,0.705,0.801,0.554,0.334,0.747,0.67,0.826,0.178,0.465,0.709,-0.553,-0.118,-0.431,0.605,0.711,0.596,0.192,-0.086,0.791,0.14,0.276,0.052,0.725,0.171,0.401,0.689,-0.356,0.721,-0.043,0.764,0.496,-0.433,0.788,-0.281,0.331,0.511,0.671,-0.56,0.551,0.823,-0.398,-0.51,0.322,0.543,-0.559,0.791,-0.5,-0.566,0.057,0.679,0.779,0.466,0.748,0.789,0.754
AZN,-0.666,0.497,0.339,0.01,0.469,-0.468,0.775,0.595,-0.691,-0.428,-0.596,-0.503,0.713,-0.665,-0.216,-0.006,0.028,-0.376,-0.459,-0.538,-0.103,-0.495,1.0,-0.059,0.225,-0.409,0.367,-0.633,-0.262,-0.635,-0.425,-0.692,0.335,-0.644,-0.578,-0.088,-0.602,0.639,0.584,0.201,0.661,-0.487,0.171,-0.398,0.526,-0.151,-0.496,-0.069,-0.332,-0.674,-0.717,0.003,-0.279,-0.662,0.411,0.016,0.503,-0.046,-0.311,0.841,-0.458,-0.553,0.781,0.683,0.363,-0.612,0.54,-0.461,-0.487,-0.62,0.566,-0.528,0.225,0.175,0.238,-0.62,-0.688,0.712,-0.654,-0.657,-0.603,0.238,-0.56,-0.651,-0.208,-0.423,-0.631,-0.218,0.403,-0.395,-0.444,-0.565,0.19,0.007,0.711,0.62,0.531,-0.111,-0.562,-0.552,-0.599,0.357,0.51,-0.424,0.732,-0.518,-0.425,0.2,-0.343,0.77,0.165,-0.419,-0.565,-0.569,-0.61,-0.533,0.137,-0.489,-0.215,-0.284,0.212,-0.501,-0.466,0.378,-0.5,0.014,-0.57,-0.167,0.284,-0.677,-0.218,-0.178,0.665,0.081,-0.074,0.067,-0.097,0.493,-0.282,0.115,-0.154,0.639,-0.695,-0.271,-0.072,-0.664,-0.522,-0.828,-0.137,-0.277,-0.788,-0.666,0.039,-0.601,-0.394,0.524,0.32,0.752,-0.04,-0.6,-0.314,0.125,0.291,-0.55,-0.415,0.167,0.51,-0.587,-0.256,-0.159,-0.693,0.756,-0.749,0.372,-0.611,-0.683,0.571,-0.695,0.421,-0.494,-0.614,-0.608,0.594,-0.28,-0.633,0.57,0.688,-0.178,-0.168,0.374,-0.649,0.434,0.81,0.291,-0.438,-0.608,-0.641,-0.609,-0.64,-0.45
BCRX,0.296,0.386,-0.049,0.496,0.264,0.119,0.04,0.37,0.234,0.405,0.355,0.356,-0.242,0.168,0.509,0.467,0.033,0.604,0.255,0.279,-0.021,0.487,-0.059,1.0,-0.117,0.285,0.355,0.376,0.51,0.117,0.586,0.346,0.061,0.29,0.009,0.392,0.261,0.311,-0.157,0.394,-0.055,0.508,0.243,0.721,0.416,0.129,0.469,0.688,0.572,0.437,0.131,0.709,0.289,-0.032,-0.142,0.377,0.168,0.345,0.232,-0.026,0.418,0.242,0.021,-0.127,0.362,0.327,0.416,0.518,0.398,0.156,0.059,0.315,0.612,0.577,0.151,0.245,0.091,0.005,0.059,0.06,-0.051,0.472,0.348,0.341,-0.39,0.586,0.376,0.689,0.522,0.281,0.366,0.123,0.728,-0.096,-0.117,-0.177,-0.298,0.67,0.114,0.131,0.3,0.51,0.244,0.493,-0.025,0.484,0.355,0.5,0.212,0.045,0.485,0.188,0.372,0.493,0.41,0.266,0.703,0.339,0.201,0.609,0.345,0.212,0.417,-0.003,0.289,0.69,-0.258,0.558,0.591,0.354,0.324,0.38,0.198,0.243,0.45,0.245,0.689,0.203,-0.078,0.642,0.5,-0.301,0.17,0.57,0.552,0.218,0.497,0.031,0.174,0.476,0.203,0.439,0.539,-0.103,0.295,-0.058,0.436,0.09,0.581,0.223,0.409,0.737,0.533,0.385,-0.401,0.574,0.572,0.263,-0.047,0.641,0.111,0.247,0.389,0.366,0.261,-0.039,0.132,0.344,0.109,0.159,0.353,0.139,-0.366,0.237,0.518,0.007,0.052,-0.009,0.732,-0.108,0.159,0.182,-0.097,0.548,0.219,0.294,-0.014,0.369,0.364,0.613
BGC,-0.178,-0.023,0.292,-0.356,0.083,0.023,0.127,0.212,-0.052,0.035,-0.304,-0.389,0.115,-0.157,-0.361,-0.318,0.169,-0.023,-0.059,-0.172,-0.099,-0.276,0.225,-0.117,1.0,-0.265,0.023,-0.304,-0.267,-0.002,-0.325,-0.24,-0.056,-0.074,-0.283,0.168,-0.252,-0.014,0.668,-0.174,0.143,-0.298,-0.044,-0.181,0.086,-0.041,-0.214,-0.289,-0.142,-0.189,-0.252,-0.023,-0.057,-0.108,0.337,0.058,-0.292,-0.397,-0.305,0.326,-0.287,-0.173,0.251,0.278,-0.119,-0.02,0.107,0.059,-0.271,-0.163,0.22,-0.143,-0.106,-0.024,-0.065,-0.254,-0.233,0.207,-0.268,-0.256,-0.141,0.118,0.014,-0.226,0.258,-0.109,-0.19,-0.201,0.045,-0.281,-0.296,-0.151,-0.054,0.221,0.166,0.052,0.43,-0.293,-0.161,-0.109,-0.122,-0.209,0.062,-0.186,0.032,-0.201,-0.366,0.05,-0.28,0.209,-0.188,-0.043,-0.238,-0.247,-0.188,-0.245,-0.026,-0.083,0.216,-0.234,0.019,-0.357,-0.251,0.492,-0.015,-0.216,0.023,-0.198,-0.137,-0.198,-0.256,-0.203,0.082,0.148,0.058,0.199,-0.13,0.117,0.278,-0.171,-0.117,0.177,0.055,-0.319,-0.304,-0.276,-0.317,-0.276,-0.096,-0.254,-0.102,-0.191,-0.148,0.176,-0.203,0.064,0.063,0.329,-0.2,-0.145,-0.427,0.037,-0.104,-0.434,0.131,-0.177,0.15,-0.181,-0.035,-0.123,-0.392,0.115,-0.272,-0.035,-0.206,-0.238,0.099,-0.205,0.108,-0.344,-0.244,-0.077,0.204,-0.401,-0.222,0.344,0.362,0.189,-0.167,0.24,-0.136,0.237,0.32,-0.069,-0.199,-0.232,-0.158,0.106,-0.261,-0.281
BIDU,0.316,0.042,-0.457,0.481,-0.222,-0.009,-0.345,-0.148,0.439,0.004,0.538,0.432,-0.571,0.344,0.346,0.493,-0.098,0.323,0.487,0.253,-0.079,0.446,-0.409,0.285,-0.265,1.0,0.201,0.252,0.467,0.293,0.418,0.364,-0.171,0.351,0.204,0.016,0.37,-0.229,-0.442,0.273,-0.317,0.489,-0.127,0.51,0.085,-0.243,0.512,0.557,0.53,0.496,0.45,0.467,0.122,0.174,-0.427,-0.059,-0.217,0.301,0.152,-0.426,0.34,0.52,-0.206,-0.401,0.141,0.143,-0.224,0.261,0.351,0.321,-0.251,0.338,0.175,0.43,0.101,0.397,0.422,-0.307,0.284,0.287,0.143,0.013,0.225,0.368,-0.376,0.252,0.381,0.328,0.181,0.302,0.744,0.368,0.139,0.065,-0.431,-0.401,-0.474,0.266,0.204,0.236,0.304,0.081,-0.315,0.519,-0.31,0.616,0.442,0.194,0.253,-0.396,0.419,0.145,0.213,0.389,0.353,0.382,0.205,0.111,-0.176,0.542,0.216,0.366,0.616,-0.452,0.197,0.312,0.008,0.285,0.051,0.336,0.279,0.18,-0.41,-0.271,0.211,-0.247,0.445,-0.238,-0.189,0.418,0.468,-0.462,0.253,0.334,0.497,0.363,0.406,0.408,0.22,0.435,0.373,0.477,0.471,0.046,0.277,-0.239,-0.254,-0.379,0.456,0.298,0.539,0.144,0.11,0.446,-0.023,0.124,-0.015,0.476,-0.138,0.662,0.402,-0.116,0.558,0.149,0.294,0.278,-0.394,0.353,-0.03,0.168,0.27,0.081,-0.414,0.267,0.483,-0.406,-0.516,-0.098,0.359,-0.327,0.279,-0.112,-0.51,0.221,0.277,0.358,0.138,0.255,0.396,0.591
BILI,-0.421,0.661,0.111,0.156,0.74,-0.433,0.519,0.697,-0.399,-0.263,-0.288,-0.125,0.247,-0.498,0.04,0.053,0.265,0.129,-0.167,-0.081,-0.141,-0.341,0.367,0.355,0.023,0.201,1.0,-0.405,0.047,-0.385,0.106,-0.339,0.691,-0.117,-0.507,0.105,-0.426,0.542,0.192,-0.059,0.53,-0.112,-0.237,0.012,0.592,0.104,-0.224,0.193,0.102,-0.209,-0.516,0.544,0.257,-0.594,0.416,0.344,0.134,0.218,-0.079,0.426,-0.163,-0.166,0.575,0.486,0.383,-0.327,0.489,-0.167,-0.381,-0.377,0.65,-0.262,0.536,0.725,-0.122,-0.363,-0.444,0.567,-0.465,-0.457,-0.463,0.698,-0.418,-0.388,-0.213,0.025,-0.367,0.273,0.707,-0.115,0.037,-0.212,0.462,0.387,0.493,0.492,0.298,0.303,-0.412,-0.513,-0.462,0.228,0.662,-0.012,0.536,-0.264,-0.237,0.657,-0.097,0.508,0.752,0.183,-0.398,-0.108,-0.344,-0.306,0.485,0.15,-0.268,0.013,0.613,-0.506,-0.165,-0.089,-0.312,0.213,-0.537,0.068,0.715,-0.332,-0.207,0.307,0.354,0.334,0.452,0.383,0.242,0.715,-0.11,0.705,-0.058,0.358,-0.341,-0.179,0.185,-0.302,-0.16,-0.35,0.126,0.031,-0.342,-0.209,0.569,-0.588,-0.115,0.689,0.481,0.41,0.231,-0.381,-0.101,0.61,0.697,-0.343,-0.512,0.501,0.517,-0.237,-0.379,0.468,-0.421,0.569,-0.223,0.546,-0.364,-0.599,0.685,-0.349,0.602,-0.041,-0.003,-0.622,0.018,0.016,-0.21,0.406,0.483,-0.336,0.262,0.497,-0.544,0.741,0.394,0.688,-0.152,-0.244,-0.504,-0.386,-0.28,-0.044
BKR,0.743,-0.231,-0.101,0.275,-0.433,0.579,-0.637,-0.376,0.668,0.532,0.62,0.71,-0.474,0.822,0.541,0.316,0.056,0.46,0.593,0.647,0.216,0.831,-0.633,0.376,-0.304,0.252,-0.405,1.0,0.585,0.683,0.479,0.815,-0.368,0.544,0.713,0.251,0.76,-0.283,-0.63,0.264,-0.584,0.692,0.261,0.644,-0.281,0.135,0.686,0.395,0.545,0.73,0.611,0.143,0.29,0.755,-0.534,0.077,-0.1,0.227,0.565,-0.57,0.723,0.464,-0.704,-0.683,-0.147,0.753,-0.124,0.676,0.834,0.576,-0.454,0.653,0.052,-0.067,0.149,0.659,0.757,-0.576,0.767,0.764,0.59,-0.19,0.751,0.841,0.115,0.567,0.814,0.411,-0.33,0.626,0.434,0.649,0.168,-0.249,-0.648,-0.599,-0.614,0.42,0.463,0.583,0.733,0.071,-0.335,0.628,-0.565,0.682,0.566,-0.055,0.43,-0.56,-0.043,0.33,0.806,0.754,0.807,0.734,0.149,0.405,0.474,0.636,-0.135,0.724,0.465,-0.315,0.663,0.407,0.52,0.529,-0.052,0.722,0.397,0.324,-0.389,0.171,0.119,0.167,0.219,-0.462,0.289,0.071,0.424,-0.586,0.729,0.639,0.402,0.792,0.787,0.695,0.234,0.524,0.724,0.789,0.058,0.554,0.612,-0.568,-0.11,-0.403,0.378,0.814,0.587,0.132,-0.232,0.799,0.285,0.216,-0.116,0.658,0.281,0.293,0.745,-0.513,0.672,-0.056,0.754,0.497,-0.435,0.731,-0.364,0.461,0.673,0.748,-0.543,0.405,0.8,-0.46,-0.555,0.263,0.408,-0.519,0.726,-0.471,-0.562,-0.092,0.535,0.706,0.555,0.715,0.768,0.596
BLDP,0.539,0.247,-0.219,0.595,-0.172,0.282,-0.279,0.092,0.41,0.286,0.494,0.719,-0.425,0.492,0.717,0.509,0.093,0.486,0.535,0.488,0.096,0.721,-0.262,0.51,-0.267,0.467,0.047,0.585,1.0,0.517,0.612,0.595,-0.183,0.501,0.34,0.338,0.483,0.113,-0.464,0.415,-0.299,0.696,0.073,0.731,0.234,-0.049,0.556,0.596,0.755,0.53,0.269,0.522,0.364,0.279,-0.391,0.235,-0.02,0.509,0.664,-0.24,0.732,0.381,-0.289,-0.446,0.276,0.397,0.084,0.572,0.714,0.269,-0.19,0.665,0.409,0.423,0.189,0.487,0.543,-0.231,0.524,0.501,0.264,0.182,0.432,0.637,-0.347,0.493,0.549,0.579,0.173,0.647,0.542,0.537,0.535,-0.208,-0.361,-0.338,-0.583,0.627,0.336,0.412,0.445,0.325,-0.082,0.782,-0.266,0.617,0.598,0.256,0.456,-0.317,0.375,0.31,0.574,0.617,0.581,0.692,0.547,0.232,0.23,0.774,0.318,0.511,0.473,-0.38,0.231,0.753,0.104,0.586,0.293,0.545,0.41,0.562,-0.135,0.197,0.423,0.151,0.523,-0.161,0.071,0.454,0.505,-0.442,0.536,0.711,0.643,0.638,0.665,0.387,0.367,0.774,0.501,0.561,0.497,0.16,0.727,-0.325,0.074,-0.256,0.761,0.467,0.632,0.495,0.278,0.62,-0.118,0.535,0.355,0.513,-0.164,0.635,0.45,-0.099,0.486,0.312,0.622,0.072,-0.197,0.564,-0.132,0.384,0.407,0.402,-0.512,0.526,0.585,-0.155,-0.325,0.075,0.637,-0.364,0.517,-0.11,-0.368,0.44,0.58,0.583,0.3,0.474,0.523,0.702
BLNK,0.664,-0.302,-0.105,0.079,-0.53,0.519,-0.702,-0.407,0.678,0.561,0.544,0.592,-0.569,0.796,0.314,0.169,0.088,0.401,0.532,0.698,0.237,0.661,-0.635,0.117,-0.002,0.293,-0.385,0.683,0.517,1.0,0.396,0.788,-0.45,0.614,0.696,0.143,0.699,-0.491,-0.401,0.037,-0.67,0.598,0.175,0.508,-0.197,0.005,0.52,0.173,0.576,0.63,0.563,0.132,0.22,0.687,-0.415,0.02,-0.452,0.126,0.436,-0.586,0.632,0.5,-0.699,-0.622,-0.208,0.612,-0.259,0.603,0.621,0.574,-0.522,0.642,-0.009,-0.091,-0.059,0.633,0.697,-0.565,0.734,0.748,0.706,-0.146,0.647,0.808,0.122,0.493,0.759,0.303,-0.314,0.515,0.385,0.781,0.015,-0.161,-0.588,-0.633,-0.523,0.228,0.515,0.576,0.767,-0.148,-0.395,0.513,-0.657,0.569,0.531,-0.082,0.341,-0.666,-0.182,0.307,0.742,0.599,0.737,0.636,0.127,0.276,0.451,0.454,0.017,0.572,0.302,-0.178,0.571,0.275,0.699,0.321,-0.244,0.77,0.321,0.363,-0.5,0.14,0.184,0.075,0.148,-0.436,0.348,-0.13,0.353,-0.656,0.788,0.49,0.291,0.635,0.612,0.631,0.124,0.434,0.727,0.771,0.068,0.647,0.604,-0.606,-0.097,-0.52,0.321,0.783,0.38,-0.004,-0.279,0.654,0.398,0.004,-0.23,0.714,0.271,0.25,0.672,-0.606,0.559,-0.16,0.786,0.411,-0.547,0.622,-0.431,0.472,0.51,0.744,-0.631,0.338,0.659,-0.495,-0.468,0.308,0.203,-0.434,0.698,-0.368,-0.53,-0.19,0.544,0.721,0.58,0.721,0.693,0.481
BYND,0.59,0.131,-0.084,0.37,0.115,0.236,-0.35,0.008,0.421,0.537,0.64,0.618,-0.536,0.449,0.754,0.33,0.023,0.591,0.317,0.565,0.25,0.602,-0.425,0.586,-0.325,0.418,0.106,0.479,0.612,0.396,1.0,0.576,-0.011,0.545,0.31,0.31,0.552,-0.035,-0.528,0.148,-0.321,0.69,-0.118,0.579,0.073,0.339,0.5,0.481,0.681,0.582,0.366,0.493,0.532,0.308,-0.332,0.383,-0.164,0.662,0.667,-0.426,0.617,0.598,-0.364,-0.474,0.068,0.486,0.004,0.501,0.582,0.397,-0.078,0.712,0.346,0.282,-0.051,0.619,0.392,-0.389,0.476,0.461,0.334,0.333,0.433,0.588,-0.225,0.705,0.574,0.724,0.222,0.65,0.425,0.477,0.572,-0.23,-0.198,-0.365,-0.354,0.803,0.346,0.276,0.48,0.108,0.059,0.632,-0.452,0.561,0.537,0.284,0.624,-0.344,0.321,0.543,0.63,0.696,0.598,0.595,0.665,0.502,0.099,0.566,0.25,0.464,0.417,-0.427,0.34,0.676,0.18,0.465,0.452,0.594,0.217,0.675,-0.249,0.178,0.496,0.16,0.522,0.069,0.143,0.443,0.456,-0.491,0.408,0.496,0.546,0.589,0.672,0.463,0.35,0.74,0.482,0.58,0.461,0.174,0.673,-0.262,0.25,-0.456,0.618,0.458,0.459,0.553,0.495,0.461,-0.116,0.56,0.134,0.58,-0.071,0.481,0.453,-0.185,0.606,0.126,0.608,0.224,-0.035,0.604,-0.11,0.52,0.545,0.346,-0.706,0.712,0.591,-0.127,-0.211,0.125,0.625,-0.091,0.415,-0.03,-0.43,0.44,0.729,0.705,0.304,0.537,0.607,0.617
