,AAL,AAPL,ABUS,ADBE,ADI,ADMA,AEP,AGNC,AKBA,ALT,AMAT,AMD,AMGN,AMZN,APA,APPS,ARCC,ARDX,ATER,ATOS,AUPH,AVGO,AZN,BCRX,BGC,BIDU,BILI,BKR,BLDP,BLNK,BYND,CAN,CELH,CG,CGC,CHRD,CLNE,CMCSA,COMM,COST,CPB,CPRT,CRON,CRWD,CSCO,CSGP,CSX,CTSH,CZR,DBX,DDOG,DKNG,DLTR,DOCU,DVAX,DXCM,EA,EBAY,ENPH,ERIC,ESPR,ETSY,EXC,EXEL,EXPE,FANG,FAST,FITB,FLEX,FOLD,FOXA,FSLR,FTNT,FUTU,GEN,GERN,GEVO,GILD,GOOG,GOOGL,GPRO,GT,HBAN,HIVE,HON,HST,HUT,IBRX,INTC,IOVA,IQ,IRWD,JBLU,JD,KDP,KHC,LBTYK,LRCX,LYFT,MAR,MARA,MAT,MCHP,MCRB,MDLZ,META,MGNI,MLCO,MNKD,MNST,MOMO,MRNA,MRVL,MSFT,MSTR,MTCH,MU,MVIS,NDAQ,NFLX,NKTR,NNDM,NTES,NTNX,NVAX,NVDA,NWL,NWSA,NXPI,OCGN,OKTA,ON,OPK,PAA,PACB,PAGP,PANW,PARA,PCAR,PDD,PENN,PEP,PLUG,PTEN,PTON,PYPL,QCOM,QUBT,QVCGA,RDFN,REAL,RIOT,ROKU,ROST,RUN,SABR,SAVA,SBUX,SFIX,SGMO,SIRI,SLM,SMCI,SNDL,SONO,STNE,STX,TCOM,TGTX,TIGR,TLRY,TMUS,TRIP,TSCO,TSLA,TTD,TXN,UAL,UNIT,VERU,VKTX,VLY,VOD,VTRS,VXRT,WBA,WBD,WDAY,WDC,WEN,WW,WYNN,XEL,XP,XRAY,XRX,Z,ZION,ZM,ZS
AAL,1.0,-0.451,-0.022,-0.594,0.055,0.24,-0.448,-0.557,0.644,0.446,0.538,0.318,-0.482,0.333,0.061,-0.583,0.073,-0.374,-0.09,0.401,0.089,0.024,-0.616,-0.537,-0.033,-0.559,-0.589,-0.219,-0.134,0.563,-0.081,0.59,0.374,0.43,0.389,0.423,-0.111,0.163,0.245,-0.548,0.105,-0.536,-0.265,-0.597,-0.451,0.066,0.081,-0.662,-0.572,-0.432,0.348,-0.563,0.126,0.342,0.035,-0.037,0.197,-0.454,-0.131,0.315,0.547,-0.258,-0.582,-0.08,-0.427,0.524,0.205,0.332,0.181,-0.109,-0.614,0.724,-0.605,-0.635,-0.219,0.496,0.46,-0.671,0.384,0.401,0.495,-0.073,0.325,0.445,0.426,0.381,0.504,-0.384,-0.428,0.49,-0.62,0.417,0.149,-0.083,-0.276,0.102,0.525,-0.231,0.007,-0.066,0.655,-0.525,0.039,0.105,-0.586,-0.591,-0.437,-0.216,0.657,-0.118,-0.515,0.397,0.412,0.535,0.656,-0.305,0.133,0.446,-0.071,-0.396,-0.159,-0.281,-0.476,-0.332,0.493,0.012,0.442,-0.63,-0.322,0.379,-0.49,0.369,-0.569,0.288,0.145,0.241,-0.456,-0.288,0.389,-0.661,-0.527,0.313,0.618,-0.141,-0.455,0.435,-0.255,0.694,0.028,-0.466,0.501,0.422,-0.496,0.536,0.296,-0.248,0.115,-0.554,-0.37,0.014,-0.562,-0.287,-0.525,-0.274,0.459,-0.556,0.314,0.021,0.086,-0.667,0.574,-0.601,-0.297,-0.005,0.5,0.546,0.391,0.734,0.14,0.425,0.5,0.127,0.07,0.356,0.277,0.38,-0.097,0.05,-0.227,-0.229,0.53,-0.059,-0.367,-0.533,0.375,0.438,0.071,0.651,-0.16,-0.613
AAPL,-0.451,1.0,0.101,0.709,0.05,-0.143,0.6,0.709,-0.282,-0.267,-0.469,-0.242,0.377,-0.27,0.17,0.333,-0.018,0.534,0.174,-0.279,0.113,-0.073,0.43,0.427,0.017,0.533,0.48,0.113,0.279,-0.359,0.297,-0.28,-0.18,-0.297,-0.476,-0.283,0.043,-0.09,-0.207,0.505,0.25,0.592,0.137,0.648,0.372,-0.058,0.241,0.444,0.653,0.659,-0.373,0.554,0.302,-0.11,0.172,0.121,0.033,0.66,0.058,-0.146,-0.276,0.38,0.56,0.297,0.282,-0.44,0.088,0.229,-0.094,0.015,0.479,-0.442,0.439,0.55,0.244,-0.638,-0.439,0.633,-0.336,-0.313,-0.499,0.253,-0.056,-0.225,-0.477,-0.162,-0.357,0.481,0.405,-0.163,0.498,-0.372,-0.161,0.074,0.4,0.077,-0.433,0.326,-0.24,0.005,-0.308,0.342,0.058,-0.003,0.477,0.58,0.255,0.529,-0.257,0.429,0.434,-0.192,-0.381,-0.282,-0.369,0.328,0.043,-0.466,0.062,0.489,0.201,0.114,0.373,0.52,-0.231,0.071,-0.429,0.475,0.427,-0.248,0.583,-0.158,0.476,0.082,0.082,0.031,0.467,0.454,-0.124,0.661,0.456,-0.161,-0.325,-0.043,0.324,-0.328,0.331,-0.51,0.123,0.597,-0.344,-0.245,0.519,-0.282,-0.038,0.26,-0.078,0.522,0.375,-0.045,0.401,0.38,0.323,0.178,-0.477,0.593,-0.072,-0.007,0.282,0.473,-0.565,0.517,0.278,0.105,-0.353,-0.578,-0.097,-0.193,-0.025,-0.385,-0.439,0.154,-0.037,0.02,-0.198,-0.1,0.497,0.03,0.218,0.3,-0.438,0.328,0.52,0.646,-0.151,-0.394,-0.096,-0.293,0.481,0.603
ABUS,-0.022,0.101,1.0,-0.146,-0.065,0.395,0.15,0.158,-0.134,0.273,-0.275,-0.253,0.549,0.19,-0.14,0.105,-0.126,0.34,0.136,-0.222,0.549,-0.129,0.274,0.351,0.107,0.097,0.077,0.137,-0.048,-0.174,0.178,-0.277,-0.158,-0.127,0.468,-0.214,0.505,-0.058,-0.293,0.272,-0.087,0.137,0.459,0.114,0.013,0.448,-0.096,0.221,0.062,0.326,0.079,-0.039,0.556,0.265,0.396,0.234,0.024,0.269,0.533,-0.343,-0.136,0.237,0.089,-0.147,-0.022,-0.128,-0.101,0.261,0.039,0.378,0.269,-0.173,0.193,-0.055,0.206,0.15,0.118,0.04,-0.097,-0.1,0.23,-0.023,0.258,-0.25,-0.0,-0.014,-0.226,-0.015,-0.201,0.173,0.164,-0.099,-0.234,0.028,-0.132,-0.025,0.15,-0.068,0.063,0.369,-0.16,0.371,-0.043,-0.318,0.072,0.246,0.158,-0.119,-0.048,-0.237,-0.057,-0.043,-0.067,-0.151,-0.202,0.225,-0.182,0.06,0.423,0.128,-0.279,0.428,0.079,0.175,0.064,-0.209,0.011,0.267,0.171,0.023,0.282,-0.067,0.302,0.045,0.046,0.048,0.032,0.209,-0.211,0.168,0.05,0.002,-0.063,-0.128,0.076,-0.167,0.158,-0.106,0.217,0.216,-0.152,-0.222,-0.065,-0.017,0.109,0.196,-0.103,0.236,-0.18,0.388,0.2,0.246,-0.029,0.47,0.348,0.155,-0.291,0.066,0.457,0.014,0.126,0.074,0.375,-0.228,-0.209,-0.037,-0.244,0.096,-0.176,-0.212,0.102,0.534,-0.012,-0.011,0.037,0.003,0.25,0.717,-0.356,0.266,-0.071,-0.099,0.115,0.226,0.115,-0.143,0.33,0.12,0.278,0.099
ADBE,-0.594,0.709,-0.146,1.0,0.033,-0.267,0.731,0.737,-0.466,-0.577,-0.266,-0.263,0.399,-0.508,0.238,0.608,-0.235,0.426,0.144,-0.348,-0.278,0.323,0.566,0.535,-0.158,0.468,0.535,0.276,0.441,-0.483,0.135,-0.475,-0.414,-0.57,-0.601,-0.247,-0.116,-0.033,0.064,0.677,0.002,0.728,0.306,0.779,0.597,-0.343,0.236,0.609,0.578,0.425,-0.434,0.598,-0.05,-0.475,-0.169,-0.101,0.271,0.595,-0.07,0.027,-0.251,0.088,0.787,0.385,0.578,-0.561,0.065,-0.191,0.147,-0.127,0.511,-0.478,0.591,0.673,0.358,-0.696,-0.364,0.702,-0.57,-0.564,-0.697,0.047,-0.456,-0.319,-0.667,-0.216,-0.256,0.399,0.58,-0.519,0.547,-0.455,0.064,-0.103,0.226,-0.227,-0.604,0.527,-0.093,-0.114,-0.539,0.534,0.042,-0.075,0.661,0.59,0.448,0.214,-0.485,0.385,0.544,-0.538,-0.275,-0.366,-0.401,-0.047,0.262,-0.536,-0.21,0.61,0.161,0.256,0.476,0.561,-0.506,0.394,-0.664,0.635,0.475,-0.44,0.617,-0.287,0.602,-0.175,-0.095,-0.19,0.62,0.097,-0.408,0.658,0.66,-0.412,-0.473,0.382,0.524,-0.556,0.241,-0.701,0.042,0.545,-0.54,-0.208,0.524,-0.569,-0.376,0.401,-0.019,0.515,0.652,-0.244,0.546,0.387,0.59,0.273,-0.638,0.521,0.041,-0.387,-0.07,0.613,-0.684,0.659,0.194,0.148,-0.607,-0.636,-0.089,-0.453,0.128,-0.216,-0.671,-0.193,-0.128,-0.391,-0.089,-0.262,0.053,-0.154,0.559,-0.037,-0.634,0.022,0.504,0.56,-0.593,-0.418,-0.268,-0.581,0.201,0.725
ADI,0.055,0.05,-0.065,0.033,1.0,-0.073,-0.036,-0.087,0.253,0.421,0.199,0.516,-0.314,-0.259,0.529,-0.19,0.341,0.318,0.228,0.496,-0.064,0.207,-0.153,0.069,0.238,-0.301,0.13,-0.131,0.399,0.304,0.738,0.27,0.62,0.379,-0.036,0.551,-0.514,0.444,0.528,-0.239,0.324,0.068,-0.047,-0.136,0.167,-0.061,0.315,-0.139,0.029,0.001,-0.474,0.288,0.141,-0.244,0.024,0.4,-0.064,-0.206,0.203,0.484,0.435,-0.069,-0.027,0.273,-0.055,0.374,0.563,0.192,0.167,-0.02,-0.038,0.313,-0.044,0.011,-0.1,-0.064,-0.153,0.013,0.109,0.104,0.234,0.733,0.085,0.325,0.184,0.652,0.395,0.332,0.509,0.196,-0.261,0.305,0.6,-0.347,0.319,0.281,0.357,0.285,-0.21,-0.491,0.263,-0.162,0.893,0.357,0.093,-0.349,-0.298,0.376,0.196,0.635,0.01,0.34,0.366,0.358,0.437,-0.152,0.705,0.479,-0.15,-0.078,0.605,-0.359,-0.289,-0.305,0.284,0.529,0.115,0.033,0.682,0.424,-0.358,0.646,-0.029,0.429,0.631,0.528,0.174,0.398,0.249,0.114,-0.106,0.216,0.367,0.221,0.21,0.297,0.436,0.184,0.292,0.182,0.185,0.386,0.248,0.068,0.248,0.132,0.876,-0.371,0.167,-0.171,-0.238,0.451,0.438,-0.192,-0.153,0.039,0.572,-0.133,-0.441,-0.034,0.125,-0.219,-0.259,0.45,0.249,-0.246,0.759,-0.008,0.572,0.507,0.334,-0.418,-0.254,0.251,0.393,0.581,0.5,-0.303,0.397,0.106,0.077,0.599,0.225,-0.2,0.103,0.354,-0.387,0.333,-0.437,-0.141
ADMA,0.24,-0.143,0.395,-0.267,-0.073,1.0,-0.258,0.056,0.055,0.323,0.068,-0.143,0.21,0.353,-0.271,-0.233,-0.019,0.029,0.039,0.026,0.346,0.132,-0.253,-0.084,0.078,-0.213,-0.179,0.308,-0.168,0.048,0.001,0.157,-0.088,-0.028,0.388,-0.085,0.463,-0.211,0.101,0.099,-0.344,-0.058,0.081,0.054,-0.087,0.55,-0.09,-0.14,-0.214,0.171,0.157,-0.302,0.387,0.505,0.476,0.116,0.045,-0.039,0.436,-0.103,0.072,0.17,-0.112,-0.038,-0.227,0.026,-0.099,0.038,0.285,0.356,0.122,0.339,-0.056,-0.346,0.052,0.232,0.378,-0.197,0.124,0.122,0.207,-0.184,0.166,0.188,0.105,0.06,0.179,-0.036,-0.426,0.14,-0.177,-0.152,-0.064,0.126,-0.265,-0.13,0.111,0.105,0.349,0.389,0.08,-0.051,-0.202,-0.211,-0.43,0.106,-0.08,-0.319,0.043,-0.432,-0.429,-0.04,0.328,0.048,0.204,-0.013,0.023,0.266,0.49,-0.011,-0.428,0.433,-0.252,0.308,0.081,-0.051,0.05,-0.118,-0.175,0.218,0.145,-0.043,0.07,0.209,-0.105,0.12,-0.245,-0.107,0.192,-0.229,-0.176,-0.137,0.256,-0.23,-0.38,-0.059,-0.012,0.255,-0.026,-0.127,0.135,0.139,-0.3,0.217,-0.001,0.14,-0.039,0.106,-0.284,0.35,0.057,-0.005,-0.203,0.139,0.483,0.02,-0.192,-0.018,0.503,-0.272,0.123,-0.104,0.082,-0.397,0.084,0.096,0.004,0.371,-0.162,0.059,0.173,0.426,-0.214,0.016,-0.057,0.046,0.058,0.487,-0.241,0.235,-0.05,-0.209,-0.075,0.041,0.155,0.028,0.546,0.204,0.396,-0.023
AEP,-0.448,0.6,0.15,0.731,-0.036,-0.258,1.0,0.672,-0.515,-0.466,-0.358,-0.492,0.442,-0.535,0.218,0.634,-0.388,0.589,-0.01,-0.334,-0.084,0.102,0.595,0.649,-0.22,0.416,0.556,0.194,0.343,-0.564,0.197,-0.54,-0.45,-0.556,-0.513,-0.383,-0.106,0.081,-0.108,0.62,0.026,0.653,0.265,0.662,0.579,-0.186,0.261,0.593,0.575,0.446,-0.252,0.558,0.025,-0.544,-0.129,0.129,0.271,0.677,0.061,-0.105,-0.186,0.044,0.772,0.335,0.595,-0.56,0.16,0.029,-0.032,-0.062,0.468,-0.558,0.561,0.645,0.409,-0.653,-0.361,0.588,-0.726,-0.71,-0.656,0.076,-0.424,-0.49,-0.707,-0.165,-0.37,0.338,0.535,-0.431,0.578,-0.404,0.017,-0.126,0.093,-0.16,-0.512,0.367,0.047,0.074,-0.561,0.551,-0.033,-0.17,0.637,0.531,0.546,0.1,-0.439,0.243,0.599,-0.497,-0.387,-0.327,-0.459,-0.044,0.151,-0.51,-0.085,0.613,0.076,0.226,0.526,0.445,-0.407,0.218,-0.683,0.646,0.464,-0.509,0.56,-0.341,0.554,-0.299,-0.013,-0.397,0.714,0.171,-0.586,0.573,0.567,-0.394,-0.521,0.315,0.554,-0.617,0.066,-0.744,0.101,0.628,-0.646,-0.247,0.48,-0.675,-0.268,0.388,-0.084,0.467,0.514,-0.271,0.521,0.431,0.555,0.29,-0.557,0.492,0.002,-0.434,-0.028,0.566,-0.698,0.62,0.374,0.217,-0.63,-0.469,-0.13,-0.33,-0.012,-0.305,-0.655,0.032,-0.065,-0.361,-0.108,-0.233,0.12,0.056,0.388,0.005,-0.61,-0.01,0.567,0.568,-0.571,-0.448,-0.115,-0.47,0.144,0.606
AGNC,-0.557,0.709,0.158,0.737,-0.087,0.056,0.672,1.0,-0.7,-0.519,-0.37,-0.501,0.674,-0.425,-0.103,0.578,-0.277,0.558,0.143,-0.39,-0.142,0.264,0.602,0.696,0.014,0.546,0.645,0.579,0.379,-0.617,0.069,-0.483,-0.606,-0.67,-0.392,-0.538,0.273,-0.232,-0.14,0.807,-0.256,0.809,0.446,0.834,0.636,0.044,0.072,0.751,0.662,0.65,-0.377,0.618,0.144,-0.292,0.132,0.119,0.397,0.764,0.268,-0.205,-0.428,0.288,0.767,0.396,0.526,-0.709,-0.113,-0.227,0.153,0.084,0.738,-0.523,0.725,0.662,0.341,-0.66,-0.286,0.711,-0.538,-0.52,-0.653,0.039,-0.419,-0.309,-0.755,-0.421,-0.37,0.535,0.436,-0.548,0.591,-0.692,-0.165,0.063,0.126,-0.273,-0.731,0.682,0.047,0.188,-0.645,0.662,-0.194,-0.35,0.551,0.846,0.546,0.13,-0.653,0.095,0.474,-0.627,-0.233,-0.52,-0.513,0.132,0.116,-0.593,0.198,0.686,-0.031,0.48,0.546,0.819,-0.564,0.16,-0.727,0.69,0.438,-0.471,0.781,-0.478,0.776,-0.062,-0.061,-0.23,0.567,0.126,-0.441,0.723,0.658,-0.583,-0.543,0.14,0.39,-0.681,0.116,-0.752,-0.152,0.508,-0.621,-0.227,0.542,-0.62,-0.531,0.418,-0.112,0.754,0.455,0.089,0.844,0.488,0.533,0.478,-0.461,0.768,-0.32,-0.298,0.17,0.656,-0.734,0.738,0.286,-0.132,-0.623,-0.623,-0.208,-0.273,-0.106,-0.447,-0.732,0.111,-0.211,-0.479,-0.307,-0.427,0.121,0.16,0.423,0.269,-0.794,0.055,0.571,0.771,-0.462,-0.656,0.058,-0.577,0.404,0.753
AKBA,0.644,-0.282,-0.134,-0.466,0.253,0.055,-0.515,-0.7,1.0,0.573,0.421,0.56,-0.624,0.335,0.333,-0.651,0.296,-0.404,0.158,0.549,0.256,-0.041,-0.652,-0.71,-0.064,-0.472,-0.594,-0.43,-0.039,0.685,0.085,0.754,0.608,0.61,0.318,0.687,-0.28,0.39,0.334,-0.633,0.478,-0.563,-0.383,-0.641,-0.475,-0.165,0.215,-0.749,-0.519,-0.457,0.194,-0.499,0.127,0.322,-0.093,-0.068,-0.338,-0.589,-0.256,0.368,0.67,-0.142,-0.63,-0.246,-0.539,0.699,0.434,0.445,0.086,-0.082,-0.673,0.584,-0.722,-0.604,-0.129,0.569,0.242,-0.59,0.472,0.482,0.574,0.141,0.513,0.598,0.528,0.596,0.621,-0.396,-0.319,0.729,-0.586,0.659,0.357,-0.034,-0.101,0.284,0.703,-0.4,-0.202,-0.334,0.852,-0.673,0.306,0.497,-0.514,-0.678,-0.6,0.052,0.822,0.105,-0.442,0.65,0.351,0.697,0.699,-0.231,0.166,0.562,-0.197,-0.498,0.081,-0.497,-0.537,-0.64,0.67,0.149,0.62,-0.672,-0.192,0.59,-0.669,0.576,-0.609,0.308,0.194,0.389,-0.461,-0.034,0.57,-0.529,-0.588,0.572,0.7,-0.112,-0.346,0.645,0.021,0.736,0.385,-0.414,0.61,0.504,-0.392,0.704,0.623,-0.132,0.184,-0.708,-0.32,-0.014,-0.723,-0.359,-0.54,-0.378,0.361,-0.621,0.588,0.232,-0.063,-0.626,0.686,-0.686,-0.27,0.299,0.681,0.41,0.378,0.352,0.387,0.576,0.642,0.045,0.194,0.652,0.475,0.654,0.146,-0.211,-0.212,-0.299,0.654,0.118,-0.407,-0.633,0.449,0.735,-0.158,0.678,-0.322,-0.687
ALT,0.446,-0.267,0.273,-0.577,0.421,0.323,-0.466,-0.519,0.573,1.0,0.271,0.323,-0.415,0.263,0.25,-0.612,0.176,-0.132,0.038,0.407,0.482,-0.147,-0.522,-0.286,0.154,-0.328,-0.306,-0.381,-0.197,0.484,0.428,0.476,0.622,0.686,0.48,0.433,0.016,0.244,0.162,-0.589,0.282,-0.368,-0.193,-0.541,-0.363,0.373,0.062,-0.582,-0.293,-0.073,0.225,-0.302,0.435,0.36,0.379,0.343,-0.39,-0.459,0.096,0.122,0.425,0.067,-0.501,-0.163,-0.552,0.615,0.218,0.475,0.071,0.307,-0.428,0.486,-0.508,-0.517,-0.144,0.554,0.218,-0.502,0.291,0.285,0.681,0.352,0.612,0.433,0.49,0.567,0.354,-0.026,-0.198,0.751,-0.403,0.451,0.205,0.108,-0.136,0.347,0.732,-0.272,0.059,0.039,0.527,-0.446,0.376,0.138,-0.543,-0.471,-0.479,0.053,0.555,-0.035,-0.411,0.607,0.369,0.538,0.472,-0.066,0.14,0.726,0.223,-0.522,0.104,-0.206,-0.405,-0.467,0.61,0.013,0.553,-0.515,-0.001,0.678,-0.469,0.584,-0.473,0.442,0.398,0.433,-0.282,0.3,0.523,-0.382,-0.524,0.407,0.573,-0.269,-0.294,0.455,0.075,0.577,0.259,-0.064,0.569,0.258,-0.246,0.565,0.52,-0.195,0.36,-0.427,-0.301,0.158,-0.584,-0.026,-0.207,-0.213,0.505,-0.268,0.23,0.234,0.17,-0.477,0.614,-0.492,-0.109,0.064,0.614,0.4,0.294,0.456,0.227,0.399,0.68,0.196,-0.005,0.575,0.352,0.615,0.413,0.2,-0.238,0.202,0.456,0.268,-0.364,-0.43,0.593,0.556,0.216,0.719,-0.085,-0.439
AMAT,0.538,-0.469,-0.275,-0.266,0.199,0.068,-0.358,-0.37,0.421,0.271,1.0,0.358,-0.438,0.142,0.108,-0.286,-0.135,-0.443,-0.038,0.306,-0.297,0.562,-0.388,-0.273,0.085,-0.323,-0.327,0.029,0.002,0.411,-0.127,0.487,0.133,0.246,0.24,0.374,-0.171,0.023,0.634,-0.286,-0.087,-0.194,-0.038,-0.354,0.04,-0.115,0.046,-0.352,-0.433,-0.559,0.324,-0.269,-0.197,0.009,-0.251,-0.103,0.178,-0.478,-0.34,0.449,0.389,-0.37,-0.24,0.052,-0.202,0.503,0.137,-0.129,0.533,-0.263,-0.504,0.546,-0.344,-0.32,-0.184,0.475,0.374,-0.427,0.227,0.233,0.309,-0.047,0.001,0.519,0.211,0.307,0.697,-0.225,-0.045,0.114,-0.355,0.199,0.298,-0.165,-0.297,-0.089,0.281,0.145,0.034,-0.109,0.462,-0.325,0.056,0.13,-0.388,-0.375,-0.198,-0.31,0.347,-0.088,-0.29,0.188,0.72,0.409,0.541,-0.616,0.452,0.358,-0.187,-0.278,-0.082,-0.061,-0.173,-0.256,0.163,0.426,0.179,-0.502,-0.135,0.306,-0.264,0.184,-0.384,0.1,0.068,0.08,-0.111,-0.473,0.275,-0.438,-0.259,0.079,0.444,0.156,-0.128,0.204,-0.121,0.46,-0.058,-0.391,0.257,0.523,-0.254,0.331,-0.139,-0.095,0.173,-0.413,-0.031,-0.012,-0.367,-0.159,-0.2,-0.105,0.211,-0.402,0.356,-0.102,-0.278,-0.323,0.347,-0.348,-0.378,-0.077,0.297,0.493,0.388,0.329,0.46,0.676,0.191,-0.268,0.021,0.055,0.293,0.27,-0.304,-0.204,0.132,-0.314,0.272,-0.062,-0.364,-0.484,0.093,0.322,-0.048,0.395,-0.393,-0.287
AMD,0.318,-0.242,-0.253,-0.263,0.516,-0.143,-0.492,-0.501,0.56,0.323,0.358,1.0,-0.512,0.232,0.347,-0.476,0.7,-0.309,0.196,0.565,-0.12,0.136,-0.459,-0.527,0.133,-0.452,-0.424,-0.292,0.14,0.692,0.143,0.551,0.612,0.578,0.239,0.722,-0.476,0.378,0.438,-0.551,0.436,-0.452,-0.191,-0.503,-0.225,-0.3,0.101,-0.505,-0.374,-0.445,-0.114,-0.214,-0.126,0.124,-0.187,-0.048,-0.233,-0.523,-0.069,0.477,0.512,-0.299,-0.556,-0.165,-0.4,0.626,0.385,0.08,0.166,-0.226,-0.528,0.459,-0.5,-0.413,-0.234,0.282,0.021,-0.389,0.72,0.716,0.462,0.329,0.363,0.562,0.551,0.491,0.585,-0.211,0.005,0.375,-0.561,0.59,0.422,-0.19,0.108,0.344,0.46,-0.164,-0.285,-0.557,0.62,-0.433,0.567,0.482,-0.113,-0.623,-0.572,0.233,0.463,0.404,-0.331,0.528,0.453,0.533,0.591,0.062,0.386,0.423,-0.24,-0.457,0.411,-0.471,-0.547,-0.546,0.522,0.344,0.502,-0.332,0.066,0.49,-0.604,0.534,-0.468,0.444,0.299,0.604,-0.34,0.026,0.543,-0.32,-0.469,0.54,0.614,0.146,-0.149,0.715,0.385,0.535,0.222,-0.349,0.504,0.496,-0.176,0.406,0.378,-0.232,0.513,-0.561,-0.118,-0.097,-0.51,-0.152,-0.242,-0.298,0.075,-0.477,0.539,0.193,-0.384,-0.445,0.586,-0.564,-0.503,0.414,0.568,0.134,0.505,0.055,0.421,0.656,0.556,-0.368,-0.061,0.501,0.391,0.598,0.105,-0.377,0.064,-0.274,0.671,0.404,-0.188,-0.582,0.31,0.585,-0.399,0.43,-0.51,-0.531
AMGN,-0.482,0.377,0.549,0.399,-0.314,0.21,0.442,0.674,-0.624,-0.415,-0.438,-0.512,1.0,-0.151,-0.377,0.619,-0.267,0.377,0.075,-0.554,0.086,0.144,0.735,0.642,-0.066,0.337,0.413,0.614,0.163,-0.638,-0.161,-0.588,-0.622,-0.659,0.085,-0.556,0.465,-0.374,-0.291,0.822,-0.455,0.589,0.755,0.641,0.42,0.228,-0.18,0.695,0.39,0.397,-0.204,0.294,0.186,-0.082,0.192,-0.056,0.386,0.659,0.464,-0.371,-0.505,0.25,0.563,0.142,0.453,-0.676,-0.25,-0.261,0.142,0.214,0.724,-0.479,0.652,0.374,0.306,-0.375,-0.027,0.557,-0.39,-0.386,-0.376,-0.268,-0.308,-0.463,-0.525,-0.526,-0.454,0.273,0.037,-0.446,0.488,-0.65,-0.407,0.003,0.042,-0.33,-0.602,0.382,0.083,0.421,-0.674,0.818,-0.327,-0.405,0.553,0.693,0.559,-0.132,-0.609,-0.257,0.282,-0.696,-0.231,-0.667,-0.567,0.201,-0.214,-0.477,0.384,0.612,-0.332,0.664,0.397,0.688,-0.636,-0.113,-0.533,0.699,0.256,-0.46,0.682,-0.538,0.775,-0.249,-0.261,-0.279,0.273,-0.04,-0.574,0.51,0.454,-0.496,-0.593,0.162,0.345,-0.628,0.084,-0.573,-0.197,0.337,-0.648,-0.414,0.208,-0.493,-0.451,0.434,-0.289,0.7,0.203,0.3,0.785,0.323,0.328,0.749,-0.078,0.502,-0.471,-0.207,0.236,0.413,-0.41,0.579,0.294,-0.398,-0.616,-0.444,-0.399,-0.189,-0.311,-0.538,-0.488,0.28,-0.062,-0.523,-0.215,-0.543,-0.043,0.554,0.0,0.21,-0.593,-0.272,0.415,0.632,-0.473,-0.686,0.234,-0.481,0.348,0.554
AMZN,0.333,-0.27,0.19,-0.508,-0.259,0.353,-0.535,-0.425,0.335,0.263,0.142,0.232,-0.151,1.0,-0.297,-0.452,0.312,-0.453,-0.142,0.202,0.317,-0.189,-0.412,-0.527,0.1,-0.176,-0.541,-0.094,-0.558,0.419,-0.264,0.305,0.191,0.323,0.576,0.115,0.229,-0.188,-0.106,-0.304,0.009,-0.442,-0.198,-0.406,-0.518,0.35,-0.172,-0.4,-0.412,-0.1,0.524,-0.603,0.18,0.792,0.162,-0.179,-0.339,-0.379,0.015,-0.189,-0.059,0.094,-0.535,-0.474,-0.508,0.364,-0.263,0.112,-0.093,0.163,-0.348,0.203,-0.329,-0.551,-0.309,0.49,0.188,-0.438,0.688,0.685,0.583,-0.271,0.426,0.275,0.659,0.062,0.161,-0.427,-0.667,0.343,-0.393,0.405,-0.325,0.199,-0.098,0.098,0.384,-0.438,-0.015,0.094,0.406,-0.447,-0.126,0.018,-0.56,-0.192,-0.283,-0.213,0.29,-0.392,-0.618,0.304,0.245,0.303,0.232,0.286,-0.331,0.241,0.125,-0.524,-0.309,-0.026,-0.406,-0.225,0.354,-0.361,0.7,-0.42,-0.565,0.271,-0.208,0.116,-0.477,0.265,-0.25,0.295,-0.627,-0.189,0.425,-0.515,-0.514,0.37,0.36,-0.468,-0.529,0.365,0.032,0.507,0.02,-0.427,0.514,0.024,-0.557,0.687,0.242,-0.488,-0.244,-0.258,-0.617,0.452,-0.393,-0.562,-0.681,-0.21,0.633,-0.426,-0.247,0.47,0.356,-0.521,0.517,-0.482,-0.168,-0.223,0.417,0.474,-0.185,0.268,-0.226,0.126,0.461,0.341,0.003,0.355,0.022,0.073,-0.04,0.229,-0.629,0.15,0.502,-0.151,-0.329,-0.379,0.44,0.319,0.275,0.29,0.231,-0.372
APA,0.061,0.17,-0.14,0.238,0.529,-0.271,0.218,-0.103,0.333,0.25,0.108,0.347,-0.377,-0.297,1.0,-0.095,0.08,0.256,0.252,0.359,0.043,0.061,-0.169,-0.006,-0.176,-0.181,0.018,-0.215,0.327,0.171,0.493,0.174,0.367,0.254,-0.223,0.666,-0.486,0.601,0.285,-0.284,0.545,-0.052,-0.158,-0.157,0.015,-0.351,0.495,-0.18,-0.087,-0.12,-0.229,0.213,0.071,-0.302,-0.32,0.248,-0.095,-0.171,-0.138,0.483,0.575,-0.245,-0.023,0.109,0.031,0.511,0.625,0.29,0.018,-0.193,-0.225,0.062,-0.115,0.073,0.322,-0.058,-0.203,-0.067,-0.146,-0.136,0.093,0.526,0.029,0.185,0.028,0.496,0.241,-0.008,0.438,0.222,-0.103,0.403,0.475,-0.156,-0.03,0.201,0.3,0.025,-0.07,-0.475,0.277,-0.151,0.584,0.293,0.087,-0.378,-0.17,0.241,0.451,0.482,0.177,0.28,0.039,0.427,0.344,-0.256,0.448,0.27,-0.499,-0.081,0.41,-0.349,-0.12,-0.227,0.287,0.459,0.039,0.027,0.387,0.166,-0.302,0.344,-0.064,0.301,0.41,0.358,0.258,0.253,0.057,0.087,-0.025,0.172,0.164,0.466,0.257,0.222,0.303,0.053,0.431,0.184,0.128,0.225,0.224,-0.059,0.277,0.081,0.436,-0.378,0.232,-0.398,-0.244,0.28,0.266,-0.216,-0.259,-0.008,0.617,-0.24,-0.351,-0.005,0.034,-0.205,-0.06,0.662,0.173,-0.08,0.418,-0.078,0.52,0.328,0.186,-0.199,-0.027,0.351,0.389,0.671,0.279,-0.365,0.412,-0.289,0.096,0.358,0.149,-0.2,-0.023,0.331,-0.285,0.227,-0.377,-0.176
APPS,-0.583,0.333,0.105,0.608,-0.19,-0.233,0.634,0.578,-0.651,-0.612,-0.286,-0.476,0.619,-0.452,-0.095,1.0,-0.454,0.409,0.095,-0.512,-0.266,0.223,0.865,0.71,-0.12,0.438,0.638,0.321,0.348,-0.634,-0.084,-0.642,-0.59,-0.625,-0.28,-0.49,0.07,-0.142,-0.058,0.733,-0.33,0.641,0.58,0.676,0.596,-0.206,-0.021,0.856,0.535,0.258,-0.363,0.554,-0.19,-0.487,-0.166,-0.086,0.421,0.553,0.059,-0.126,-0.429,0.083,0.696,0.309,0.803,-0.66,-0.021,-0.333,0.195,0.029,0.573,-0.535,0.794,0.679,0.476,-0.609,-0.052,0.56,-0.66,-0.673,-0.601,-0.123,-0.446,-0.452,-0.602,-0.387,-0.423,0.372,0.418,-0.699,0.736,-0.502,-0.134,-0.109,0.094,-0.348,-0.644,0.439,0.102,0.248,-0.666,0.777,-0.135,-0.28,0.71,0.563,0.751,0.019,-0.641,0.021,0.767,-0.712,-0.335,-0.593,-0.531,-0.059,0.033,-0.568,0.023,0.69,-0.041,0.462,0.55,0.468,-0.673,0.193,-0.721,0.847,0.395,-0.582,0.615,-0.447,0.701,-0.408,-0.137,-0.405,0.584,-0.032,-0.712,0.595,0.712,-0.608,-0.713,0.546,0.814,-0.666,0.033,-0.725,-0.124,0.53,-0.769,-0.325,0.495,-0.694,-0.499,0.51,-0.189,0.572,0.597,0.016,0.717,0.439,0.602,0.623,-0.272,0.45,-0.163,-0.365,-0.145,0.718,-0.606,0.689,0.303,-0.021,-0.692,-0.532,-0.262,-0.41,-0.082,-0.406,-0.56,-0.152,0.001,-0.654,-0.11,-0.534,-0.143,0.111,0.322,-0.096,-0.649,-0.185,0.477,0.534,-0.661,-0.631,-0.071,-0.574,0.079,0.658
ARCC,0.073,-0.018,-0.126,-0.235,0.341,-0.019,-0.388,-0.277,0.296,0.176,-0.135,0.7,-0.267,0.312,0.08,-0.454,1.0,-0.131,0.058,0.433,0.082,-0.246,-0.347,-0.431,0.279,-0.224,-0.252,-0.19,-0.009,0.453,0.153,0.298,0.544,0.486,0.143,0.381,-0.338,0.133,0.018,-0.405,0.415,-0.44,-0.272,-0.341,-0.298,-0.038,-0.036,-0.36,-0.159,-0.075,-0.172,-0.1,0.089,0.313,0.052,0.052,-0.378,-0.215,0.216,0.084,0.198,0.007,-0.421,-0.185,-0.482,0.383,0.147,0.183,-0.265,-0.015,-0.199,0.216,-0.381,-0.337,-0.367,0.128,-0.228,-0.13,0.713,0.708,0.324,0.354,0.357,0.271,0.566,0.254,0.182,-0.049,-0.041,0.332,-0.458,0.353,0.136,-0.013,0.398,0.398,0.285,-0.254,-0.249,-0.443,0.379,-0.367,0.379,0.389,-0.092,-0.37,-0.61,0.385,0.23,0.329,-0.303,0.45,0.041,0.246,0.312,0.494,0.048,0.232,-0.024,-0.379,0.429,-0.447,-0.47,-0.344,0.396,-0.09,0.423,-0.18,-0.02,0.34,-0.418,0.342,-0.333,0.37,0.25,0.485,-0.369,0.244,0.494,-0.201,-0.469,0.456,0.396,-0.227,-0.273,0.556,0.464,0.326,0.124,-0.252,0.501,0.215,-0.092,0.326,0.422,-0.289,0.4,-0.308,-0.27,-0.024,-0.34,-0.191,-0.24,-0.37,-0.031,-0.219,0.164,0.415,-0.147,-0.352,0.395,-0.403,-0.375,0.305,0.49,-0.068,0.243,-0.057,0.063,0.194,0.435,-0.205,-0.258,0.52,0.067,0.348,0.289,-0.221,-0.147,0.12,0.523,0.508,0.089,-0.252,0.407,0.331,-0.268,0.208,-0.14,-0.366
ARDX,-0.374,0.534,0.34,0.426,0.318,0.029,0.589,0.558,-0.404,-0.132,-0.443,-0.309,0.377,-0.453,0.256,0.409,-0.131,1.0,0.123,-0.102,0.156,-0.007,0.501,0.638,0.112,0.19,0.616,0.158,0.39,-0.385,0.597,-0.406,-0.097,-0.317,-0.321,-0.301,-0.051,0.042,-0.042,0.378,-0.042,0.493,0.231,0.501,0.455,0.048,0.184,0.505,0.502,0.527,-0.55,0.601,0.245,-0.431,0.205,0.49,0.165,0.588,0.517,-0.128,-0.109,0.201,0.484,0.38,0.478,-0.385,0.216,0.223,-0.018,0.161,0.569,-0.233,0.575,0.602,0.268,-0.596,-0.253,0.497,-0.476,-0.466,-0.38,0.442,-0.263,-0.307,-0.426,0.01,-0.281,0.48,0.508,-0.23,0.392,-0.314,0.076,-0.121,0.216,-0.056,-0.28,0.432,-0.001,0.044,-0.322,0.449,0.243,0.05,0.5,0.34,0.374,0.37,-0.329,0.352,0.477,-0.192,-0.247,-0.31,-0.229,0.117,0.255,-0.148,0.075,0.634,0.233,0.134,0.292,0.411,-0.2,0.139,-0.48,0.606,0.608,-0.14,0.324,-0.041,0.545,0.103,0.324,0.051,0.56,0.578,-0.362,0.586,0.465,-0.383,-0.297,0.178,0.439,-0.442,0.327,-0.46,0.201,0.595,-0.465,-0.057,0.548,-0.478,0.045,0.529,0.249,0.371,0.381,-0.008,0.402,0.78,0.63,0.236,-0.377,0.646,0.09,-0.218,0.037,0.544,-0.539,0.459,0.49,0.115,-0.488,-0.626,0.15,-0.169,0.033,-0.261,-0.314,0.073,-0.321,-0.217,-0.007,-0.007,0.509,0.127,0.371,0.347,-0.561,0.305,0.572,0.686,-0.195,-0.35,-0.055,-0.121,0.196,0.438
ATER,-0.09,0.174,0.136,0.144,0.228,0.039,-0.01,0.143,0.158,0.038,-0.038,0.196,0.075,-0.142,0.252,0.095,0.058,0.123,1.0,0.098,0.121,0.187,0.103,0.134,0.125,0.156,0.233,0.094,0.443,0.044,0.104,0.076,0.003,-0.017,0.096,0.158,0.116,0.201,0.126,0.125,0.084,0.179,0.289,0.121,0.222,-0.237,0.263,0.107,0.186,0.073,-0.289,0.278,0.186,-0.089,-0.07,0.097,0.058,0.034,0.182,0.188,0.209,0.091,0.096,0.118,0.056,0.029,0.201,0.069,0.246,0.113,0.205,-0.061,0.086,0.186,0.224,-0.007,0.206,0.136,-0.06,-0.068,0.068,0.229,0.053,0.15,-0.121,0.037,0.127,0.078,0.209,0.051,0.138,0.039,0.183,0.013,-0.081,-0.055,0.025,0.073,-0.13,-0.173,0.053,0.163,0.198,0.093,0.115,0.002,-0.001,0.204,0.069,0.208,0.273,0.07,0.034,0.011,0.143,-0.003,0.215,0.055,-0.016,0.235,0.22,0.161,-0.016,0.042,0.071,0.282,-0.036,0.184,0.32,0.132,0.031,0.093,0.284,0.132,0.24,0.242,0.134,0.145,-0.049,0.316,0.248,0.007,0.126,0.274,0.257,0.092,0.238,-0.004,0.368,0.131,-0.078,0.21,0.27,-0.083,0.058,0.41,0.172,0.013,0.198,0.117,0.18,0.289,0.142,0.34,0.07,0.207,0.252,-0.055,-0.112,0.249,0.043,0.038,-0.046,0.219,0.022,-0.277,0.108,-0.046,0.4,0.086,0.069,-0.021,0.013,-0.008,0.245,0.118,0.063,-0.091,0.124,-0.144,-0.053,0.182,0.146,0.032,-0.053,0.041,-0.128,0.124,-0.183,0.046
ATOS,0.401,-0.279,-0.222,-0.348,0.496,0.026,-0.334,-0.39,0.549,0.407,0.306,0.565,-0.554,0.202,0.359,-0.512,0.433,-0.102,0.098,1.0,0.071,0.127,-0.534,-0.51,0.068,-0.524,-0.364,-0.132,0.148,0.575,0.21,0.642,0.526,0.493,0.237,0.533,-0.42,0.584,0.481,-0.553,0.304,-0.365,-0.257,-0.536,-0.22,-0.267,0.182,-0.536,-0.316,-0.248,-0.081,-0.242,-0.01,0.07,-0.131,0.146,-0.266,-0.567,-0.018,0.415,0.671,-0.334,-0.515,-0.071,-0.396,0.537,0.419,0.198,0.101,-0.113,-0.484,0.409,-0.472,-0.376,-0.156,0.282,0.002,-0.399,0.38,0.385,0.459,0.374,0.216,0.653,0.475,0.58,0.593,-0.167,0.025,0.457,-0.575,0.637,0.475,-0.169,-0.092,0.156,0.411,-0.032,-0.174,-0.522,0.634,-0.574,0.493,0.573,-0.375,-0.566,-0.563,0.082,0.454,0.174,-0.33,0.492,0.424,0.754,0.623,-0.245,0.421,0.478,-0.176,-0.388,0.327,-0.577,-0.584,-0.498,0.642,0.327,0.467,-0.368,0.042,0.511,-0.679,0.574,-0.491,0.63,0.354,0.54,-0.314,0.082,0.439,-0.453,-0.511,0.281,0.612,0.05,-0.194,0.468,0.239,0.488,0.287,-0.344,0.502,0.602,-0.204,0.408,0.392,-0.24,0.496,-0.601,-0.175,0.113,-0.416,-0.082,-0.203,-0.418,0.145,-0.304,0.605,0.013,-0.345,-0.424,0.449,-0.551,-0.442,0.57,0.661,0.09,0.555,0.16,0.388,0.601,0.486,-0.165,-0.294,0.449,0.429,0.571,0.166,-0.389,0.203,-0.161,0.365,0.324,-0.084,-0.478,0.358,0.615,-0.292,0.469,-0.499,-0.631
AUPH,0.089,0.113,0.549,-0.278,-0.064,0.346,-0.084,-0.142,0.256,0.482,-0.297,-0.12,0.086,0.317,0.043,-0.266,0.082,0.156,0.121,0.071,1.0,-0.443,-0.061,-0.069,0.083,0.072,-0.021,-0.267,-0.025,0.168,0.246,0.057,0.202,0.351,0.382,-0.022,0.197,0.153,-0.355,-0.183,0.228,-0.09,0.013,-0.172,-0.227,0.314,-0.034,-0.174,-0.019,0.272,0.119,-0.144,0.509,0.369,0.423,0.24,-0.407,0.002,0.273,-0.305,0.105,0.277,-0.105,-0.146,-0.228,0.171,0.068,0.526,-0.298,0.454,-0.03,-0.056,-0.119,-0.098,0.126,0.371,0.162,-0.001,0.08,0.072,0.46,0.131,0.318,-0.026,0.192,0.14,-0.181,-0.153,-0.215,0.508,0.029,0.29,-0.165,0.29,-0.146,0.351,0.38,-0.407,0.223,0.359,0.16,-0.083,0.042,-0.0,-0.165,-0.098,-0.146,0.087,0.335,-0.223,-0.17,0.284,-0.196,0.194,-0.027,0.259,-0.269,0.218,0.255,-0.113,0.013,0.123,-0.125,-0.149,0.326,-0.345,0.371,-0.137,-0.05,0.329,-0.015,0.26,-0.116,0.192,0.147,0.116,-0.136,0.352,0.153,-0.056,-0.272,0.255,0.17,-0.29,-0.139,0.136,0.072,0.175,0.317,0.263,0.318,-0.17,-0.095,0.255,0.462,-0.006,-0.119,-0.153,-0.297,0.225,-0.222,-0.016,-0.196,0.085,0.38,0.069,-0.014,0.427,0.42,-0.057,0.283,-0.267,0.265,-0.0,0.316,0.035,-0.194,0.148,-0.116,-0.168,0.292,0.485,0.026,0.355,0.148,0.252,0.374,0.489,-0.414,0.264,0.142,0.096,-0.059,0.013,0.451,0.166,0.438,0.266,0.317,-0.144
AVGO,0.024,-0.073,-0.129,0.323,0.207,0.132,0.102,0.264,-0.041,-0.147,0.562,0.136,0.144,-0.189,0.061,0.223,-0.246,-0.007,0.187,0.127,-0.443,1.0,0.072,0.133,-0.026,-0.199,0.049,0.552,0.452,0.053,-0.143,0.127,-0.325,-0.345,0.09,0.06,-0.05,-0.019,0.77,0.353,-0.327,0.382,0.452,0.251,0.534,-0.315,0.127,0.142,0.022,-0.207,-0.182,0.088,-0.257,-0.275,-0.211,-0.124,0.488,-0.016,-0.012,0.461,0.266,-0.277,0.25,0.323,0.271,-0.113,0.14,-0.428,0.849,-0.15,0.022,0.243,0.189,0.075,0.11,-0.11,0.278,0.077,-0.155,-0.141,-0.154,-0.117,-0.336,0.402,-0.305,0.103,0.624,0.081,0.203,-0.267,0.028,-0.212,0.349,-0.306,-0.317,-0.482,-0.275,0.643,-0.022,-0.131,0.051,0.235,0.047,0.025,0.101,0.164,0.198,-0.336,-0.252,-0.023,-0.004,-0.396,0.695,0.048,0.297,-0.619,0.685,0.025,-0.009,0.293,-0.097,0.276,0.002,0.291,-0.198,0.782,-0.317,0.141,0.219,0.073,0.145,-0.051,0.223,0.056,-0.036,0.036,0.137,-0.349,-0.147,0.023,0.246,-0.43,0.186,0.508,0.225,-0.303,0.126,-0.012,0.018,-0.087,-0.253,0.562,0.055,-0.165,-0.406,0.399,0.231,0.097,0.42,0.15,0.291,0.303,0.23,0.325,-0.044,-0.006,0.301,-0.512,-0.313,0.103,-0.088,0.165,-0.189,-0.042,-0.167,-0.175,0.35,-0.029,0.513,0.579,-0.256,-0.225,-0.269,-0.363,0.325,-0.008,-0.319,-0.127,0.53,-0.34,-0.302,-0.193,0.129,-0.024,-0.447,-0.004,-0.185,-0.079,-0.29,0.15
AZN,-0.616,0.43,0.274,0.566,-0.153,-0.253,0.595,0.602,-0.652,-0.522,-0.388,-0.459,0.735,-0.412,-0.169,0.865,-0.347,0.501,0.103,-0.534,-0.061,0.072,1.0,0.787,-0.01,0.51,0.68,0.275,0.318,-0.669,0.05,-0.673,-0.497,-0.523,-0.189,-0.549,0.146,-0.213,-0.237,0.745,-0.327,0.692,0.656,0.657,0.59,-0.055,-0.089,0.883,0.618,0.401,-0.352,0.619,-0.012,-0.476,-0.038,0.055,0.299,0.662,0.2,-0.309,-0.552,0.222,0.706,0.291,0.699,-0.68,-0.093,-0.175,0.039,0.101,0.664,-0.598,0.791,0.736,0.394,-0.535,-0.114,0.68,-0.572,-0.587,-0.489,-0.006,-0.388,-0.549,-0.576,-0.424,-0.564,0.389,0.432,-0.552,0.684,-0.539,-0.278,-0.04,0.22,-0.159,-0.591,0.393,0.057,0.309,-0.716,0.854,-0.122,-0.216,0.79,0.586,0.708,0.194,-0.619,0.089,0.711,-0.594,-0.414,-0.655,-0.649,0.131,-0.076,-0.579,0.089,0.719,0.064,0.466,0.626,0.446,-0.673,0.01,-0.627,0.826,0.47,-0.485,0.627,-0.379,0.739,-0.314,-0.022,-0.31,0.596,0.129,-0.664,0.704,0.687,-0.452,-0.722,0.379,0.745,-0.6,0.083,-0.722,-0.124,0.597,-0.697,-0.473,0.551,-0.655,-0.414,0.461,-0.186,0.584,0.488,0.095,0.695,0.493,0.619,0.683,-0.299,0.585,-0.209,-0.182,-0.052,0.729,-0.533,0.676,0.317,-0.147,-0.679,-0.521,-0.334,-0.332,-0.136,-0.534,-0.548,-0.072,0.035,-0.601,-0.134,-0.537,0.055,0.275,0.26,0.128,-0.598,-0.014,0.444,0.665,-0.504,-0.722,0.003,-0.473,0.155,0.674
BCRX,-0.537,0.427,0.351,0.535,0.069,-0.084,0.649,0.696,-0.71,-0.286,-0.273,-0.527,0.642,-0.527,-0.006,0.71,-0.431,0.638,0.134,-0.51,-0.069,0.133,0.787,1.0,0.023,0.532,0.81,0.289,0.287,-0.711,0.271,-0.715,-0.451,-0.494,-0.26,-0.48,0.171,-0.18,-0.213,0.674,-0.371,0.711,0.571,0.684,0.645,0.153,0.018,0.834,0.609,0.515,-0.296,0.76,0.132,-0.53,0.081,0.307,0.37,0.72,0.308,-0.252,-0.482,0.294,0.783,0.386,0.619,-0.556,-0.113,-0.117,0.071,0.197,0.739,-0.531,0.782,0.729,0.325,-0.497,-0.194,0.624,-0.688,-0.694,-0.484,0.206,-0.437,-0.569,-0.655,-0.356,-0.511,0.524,0.601,-0.553,0.601,-0.6,-0.197,-0.021,0.136,-0.238,-0.482,0.485,0.131,0.276,-0.739,0.814,-0.042,-0.375,0.635,0.63,0.659,0.154,-0.601,0.096,0.669,-0.517,-0.309,-0.586,-0.536,0.06,0.095,-0.402,0.077,0.668,0.072,0.539,0.64,0.529,-0.61,0.097,-0.703,0.736,0.598,-0.423,0.655,-0.394,0.752,-0.287,0.161,-0.352,0.754,0.239,-0.669,0.762,0.665,-0.558,-0.691,0.277,0.635,-0.683,0.098,-0.755,-0.07,0.655,-0.71,-0.399,0.648,-0.696,-0.491,0.483,0.034,0.576,0.473,-0.064,0.667,0.663,0.788,0.6,-0.367,0.737,-0.252,-0.297,-0.036,0.737,-0.618,0.694,0.386,-0.169,-0.708,-0.452,-0.217,-0.244,-0.001,-0.45,-0.567,-0.09,-0.137,-0.622,-0.155,-0.428,0.131,0.312,0.321,0.297,-0.711,0.09,0.454,0.699,-0.483,-0.7,0.067,-0.404,0.176,0.748
BGC,-0.033,0.017,0.107,-0.158,0.238,0.078,-0.22,0.014,-0.064,0.154,0.085,0.133,-0.066,0.1,-0.176,-0.12,0.279,0.112,0.125,0.068,0.083,-0.026,-0.01,0.023,1.0,0.093,0.171,0.059,0.078,0.173,0.208,0.103,0.181,0.25,0.078,-0.114,-0.062,-0.224,0.061,-0.067,0.003,0.053,-0.084,-0.109,0.081,0.144,-0.173,0.024,0.154,0.084,-0.178,0.18,0.119,0.17,0.239,0.199,-0.146,-0.085,0.26,-0.093,-0.08,0.103,-0.034,0.063,-0.12,0.1,-0.068,0.06,-0.038,0.19,0.122,0.109,0.047,0.071,-0.328,0.142,0.137,0.133,0.244,0.235,0.189,0.369,0.107,0.218,0.292,0.098,0.071,0.131,0.124,0.208,-0.002,-0.027,-0.015,-0.086,0.322,0.063,0.086,0.062,-0.144,0.088,0.072,-0.143,0.161,0.039,-0.147,-0.04,-0.159,0.292,-0.027,0.075,-0.002,0.209,0.144,-0.104,0.116,0.212,0.071,0.131,0.228,-0.085,0.329,-0.162,-0.054,-0.043,-0.006,-0.111,0.192,0.016,0.078,0.275,-0.039,0.269,-0.016,0.234,0.387,0.322,-0.003,0.237,0.117,0.064,-0.038,0.063,0.245,-0.258,-0.026,0.119,0.141,0.117,-0.015,-0.002,0.276,0.103,0.162,0.156,0.045,0.036,0.181,0.006,-0.155,0.284,-0.039,0.185,0.036,-0.141,0.148,0.112,-0.156,0.38,-0.045,0.119,0.044,-0.079,-0.145,-0.093,0.203,-0.114,0.114,0.065,0.033,0.061,0.214,-0.071,-0.224,0.157,-0.068,0.086,0.288,-0.133,-0.12,0.383,0.01,0.441,0.211,-0.001,0.294,-0.02,-0.074,0.168,0.001,-0.02
BIDU,-0.559,0.533,0.097,0.468,-0.301,-0.213,0.416,0.546,-0.472,-0.328,-0.323,-0.452,0.337,-0.176,-0.181,0.438,-0.224,0.19,0.156,-0.524,0.072,-0.199,0.51,0.532,0.093,1.0,0.649,0.002,0.002,-0.535,-0.026,-0.494,-0.364,-0.31,-0.349,-0.522,0.347,-0.303,-0.5,0.473,0.017,0.509,0.147,0.493,0.3,0.118,-0.051,0.629,0.59,0.54,-0.008,0.506,0.136,-0.132,0.098,-0.047,-0.066,0.596,-0.08,-0.473,-0.603,0.491,0.603,0.106,0.28,-0.462,-0.299,-0.055,-0.275,0.216,0.529,-0.68,0.45,0.601,0.243,-0.259,-0.26,0.541,-0.338,-0.341,-0.429,-0.033,-0.15,-0.423,-0.452,-0.5,-0.575,0.361,0.302,-0.34,0.714,-0.445,-0.442,0.491,0.171,-0.006,-0.314,0.073,0.022,0.294,-0.508,0.413,-0.322,-0.266,0.355,0.668,0.392,0.279,-0.363,0.05,0.558,-0.274,-0.581,-0.467,-0.603,0.374,-0.341,-0.516,0.03,0.378,0.026,0.356,0.684,0.32,-0.368,-0.275,-0.388,0.358,0.129,-0.369,0.622,-0.448,0.396,-0.363,-0.163,-0.415,0.419,0.16,-0.335,0.639,0.559,-0.183,-0.556,-0.198,0.29,-0.399,-0.037,-0.566,-0.044,0.48,-0.374,-0.468,0.502,-0.363,-0.287,0.187,-0.386,0.53,0.243,-0.028,0.458,0.12,0.26,0.305,-0.284,0.555,-0.439,0.319,0.257,0.637,-0.448,0.548,0.386,-0.164,-0.436,-0.242,-0.602,-0.301,-0.172,-0.599,-0.477,0.044,0.107,-0.229,-0.346,-0.427,0.13,0.13,-0.058,0.314,-0.398,0.076,0.231,0.569,-0.115,-0.55,0.073,-0.422,0.428,0.633
BILI,-0.589,0.48,0.077,0.535,0.13,-0.179,0.556,0.645,-0.594,-0.306,-0.327,-0.424,0.413,-0.541,0.018,0.638,-0.252,0.616,0.233,-0.364,-0.021,0.049,0.68,0.81,0.171,0.649,1.0,0.179,0.404,-0.532,0.264,-0.59,-0.299,-0.358,-0.357,-0.482,-0.027,-0.154,-0.162,0.53,-0.199,0.685,0.369,0.639,0.678,-0.004,0.092,0.739,0.768,0.549,-0.458,0.899,0.011,-0.551,0.055,0.372,0.22,0.64,0.236,-0.179,-0.396,0.406,0.746,0.56,0.582,-0.484,0.038,-0.038,-0.042,0.281,0.713,-0.511,0.724,0.867,0.302,-0.502,-0.169,0.722,-0.604,-0.612,-0.485,0.396,-0.443,-0.409,-0.589,-0.32,-0.451,0.622,0.698,-0.445,0.7,-0.48,-0.097,0.137,0.231,-0.125,-0.487,0.398,0.064,0.146,-0.593,0.612,0.04,-0.186,0.577,0.537,0.56,0.406,-0.55,0.224,0.81,-0.395,-0.378,-0.523,-0.423,0.09,0.158,-0.437,0.051,0.676,0.384,0.354,0.573,0.395,-0.529,0.111,-0.596,0.681,0.579,-0.288,0.547,-0.216,0.614,-0.208,0.332,-0.245,0.697,0.426,-0.483,0.773,0.716,-0.527,-0.536,0.214,0.669,-0.58,0.061,-0.655,0.028,0.708,-0.544,-0.227,0.869,-0.658,-0.305,0.522,0.115,0.508,0.551,-0.056,0.587,0.665,0.763,0.427,-0.412,0.756,-0.126,-0.03,-0.128,0.895,-0.634,0.683,0.295,0.012,-0.537,-0.579,-0.146,-0.282,0.13,-0.422,-0.521,-0.226,-0.235,-0.453,-0.067,-0.368,0.198,0.03,0.315,0.37,-0.692,0.336,0.584,0.659,-0.364,-0.569,-0.039,-0.38,0.137,0.697
BKR,-0.219,0.113,0.137,0.276,-0.131,0.308,0.194,0.579,-0.43,-0.381,0.029,-0.292,0.614,-0.094,-0.215,0.321,-0.19,0.158,0.094,-0.132,-0.267,0.552,0.275,0.289,0.059,0.002,0.179,1.0,0.235,-0.361,-0.261,-0.16,-0.547,-0.594,0.061,-0.292,0.323,-0.36,0.205,0.598,-0.484,0.447,0.499,0.391,0.422,0.088,-0.047,0.381,0.154,0.11,-0.162,0.131,-0.031,-0.032,-0.017,-0.028,0.537,0.283,0.352,-0.01,-0.142,-0.009,0.334,0.246,0.256,-0.353,-0.163,-0.513,0.41,0.021,0.492,-0.109,0.426,0.136,0.054,-0.24,0.088,0.353,-0.197,-0.178,-0.265,-0.226,-0.45,0.054,-0.368,-0.339,0.083,0.213,0.039,-0.396,0.168,-0.571,-0.061,-0.115,-0.122,-0.524,-0.571,0.643,0.107,0.12,-0.349,0.399,-0.291,-0.273,0.126,0.456,0.32,-0.375,-0.498,-0.325,0.004,-0.653,0.258,-0.406,-0.126,-0.19,0.161,-0.252,0.29,0.399,-0.286,0.392,0.164,0.662,-0.528,0.184,-0.413,0.398,0.092,-0.243,0.364,-0.448,0.576,-0.01,-0.212,-0.072,0.065,-0.317,-0.33,0.186,0.292,-0.597,-0.219,0.226,0.098,-0.511,0.02,-0.26,-0.26,-0.087,-0.373,0.109,0.076,-0.349,-0.544,0.356,-0.07,0.496,0.155,0.391,0.7,0.238,0.218,0.402,-0.037,0.352,-0.304,-0.374,-0.062,0.199,-0.333,0.362,-0.079,-0.288,-0.321,-0.274,-0.028,-0.046,-0.035,-0.103,-0.412,0.116,-0.299,-0.395,-0.131,-0.323,-0.225,0.106,0.274,0.051,-0.551,-0.217,0.391,0.31,-0.448,-0.424,0.14,-0.372,0.068,0.275
BLDP,-0.134,0.279,-0.048,0.441,0.399,-0.168,0.343,0.379,-0.039,-0.197,0.002,0.14,0.163,-0.558,0.327,0.348,-0.009,0.39,0.443,0.148,-0.025,0.452,0.318,0.287,0.078,0.002,0.404,0.235,1.0,0.056,0.247,-0.007,-0.09,-0.139,-0.165,0.108,-0.359,0.352,0.375,0.295,0.062,0.463,0.388,0.288,0.551,-0.498,0.235,0.291,0.337,0.036,-0.662,0.479,-0.018,-0.49,-0.105,0.11,0.394,0.242,0.207,0.368,0.334,-0.164,0.404,0.52,0.47,-0.188,0.456,-0.031,0.369,-0.049,0.249,-0.017,0.346,0.44,0.292,-0.297,0.084,0.428,-0.302,-0.298,-0.184,0.367,-0.321,0.166,-0.403,0.142,0.217,0.28,0.568,-0.14,0.254,-0.052,0.41,-0.265,0.04,-0.071,-0.266,0.466,-0.006,-0.183,-0.031,0.349,0.382,0.115,0.476,0.049,0.159,0.185,-0.118,0.385,0.442,-0.234,0.104,-0.033,0.134,-0.268,0.595,-0.121,-0.11,0.474,0.445,0.014,0.082,0.163,-0.165,0.61,-0.347,0.444,0.619,0.036,0.1,0.198,0.446,0.135,0.363,0.155,0.409,0.153,-0.257,0.437,0.354,-0.264,0.031,0.588,0.569,-0.168,0.247,-0.27,0.191,0.381,-0.262,0.338,0.469,-0.398,-0.092,0.569,0.377,0.043,0.575,-0.11,0.329,0.547,0.505,0.328,-0.323,0.3,0.468,-0.278,-0.435,0.467,-0.214,0.205,-0.023,0.41,-0.082,-0.617,0.381,-0.201,0.456,0.213,-0.235,-0.274,-0.186,-0.222,0.373,0.114,0.055,-0.209,0.591,-0.243,-0.357,0.251,0.451,0.145,-0.319,-0.082,-0.3,-0.176,-0.307,0.176
BLNK,0.563,-0.359,-0.174,-0.483,0.304,0.048,-0.564,-0.617,0.685,0.484,0.411,0.692,-0.638,0.419,0.171,-0.634,0.453,-0.385,0.044,0.575,0.168,0.053,-0.669,-0.711,0.173,-0.535,-0.532,-0.361,0.056,1.0,0.063,0.65,0.565,0.666,0.432,0.528,-0.378,0.241,0.399,-0.697,0.383,-0.497,-0.314,-0.6,-0.333,-0.199,0.146,-0.714,-0.392,-0.43,0.049,-0.441,-0.028,0.352,0.047,0.022,-0.218,-0.625,-0.131,0.409,0.55,-0.244,-0.622,-0.168,-0.454,0.647,0.268,0.296,0.141,-0.019,-0.737,0.615,-0.563,-0.55,-0.363,0.481,0.297,-0.506,0.654,0.652,0.696,0.203,0.433,0.668,0.655,0.507,0.637,-0.331,-0.242,0.614,-0.588,0.721,0.433,-0.143,-0.046,0.33,0.523,-0.346,-0.16,-0.296,0.78,-0.647,0.383,0.374,-0.45,-0.693,-0.581,0.002,0.528,0.097,-0.515,0.544,0.532,0.57,0.674,-0.139,0.316,0.467,-0.015,-0.618,0.308,-0.44,-0.687,-0.587,0.61,0.175,0.75,-0.579,-0.261,0.688,-0.594,0.687,-0.709,0.473,0.292,0.533,-0.505,0.01,0.671,-0.609,-0.595,0.514,0.788,-0.085,-0.328,0.651,0.125,0.646,0.207,-0.398,0.73,0.613,-0.351,0.688,0.511,-0.303,0.343,-0.61,-0.253,0.134,-0.723,-0.317,-0.488,-0.405,0.409,-0.583,0.403,0.275,-0.135,-0.515,0.695,-0.658,-0.419,0.256,0.73,0.268,0.485,0.227,0.335,0.653,0.581,-0.057,-0.074,0.58,0.495,0.559,0.033,-0.257,-0.163,-0.162,0.637,0.243,-0.236,-0.7,0.528,0.797,-0.143,0.528,-0.294,-0.602
