,000001SZ,000002SZ,000157SZ,000166SZ,000333SZ,000338SZ,000538SZ,000568SZ,000596SZ,000617SZ,000625SZ,000651SZ,000661SZ,000708SZ,000725SZ,000768SZ,000776SZ,000786SZ,000800SZ,000807SZ,000858SZ,000876SZ,000895SZ,000938SZ,000963SZ,000999SZ,001965SZ,002001SZ,002007SZ,002027SZ,002028SZ,002050SZ,002129SZ,002179SZ,002230SZ,002236SZ,002241SZ,002271SZ,002304SZ,002311SZ,002371SZ,002415SZ,002422SZ,002459SZ,002460SZ,002463SZ,002466SZ,002475SZ,002493SZ,002555SZ,002594SZ,002601SZ,002648SZ,002709SZ,002714SZ,002916SZ,002920SZ,002938SZ,003816SZ,300014SZ,300033SZ,300059SZ,300122SZ,300124SZ,300274SZ,300308SZ,300316SZ,300347SZ,300394SZ,300408SZ,300413SZ,300418SZ,300433SZ,300450SZ,300498SZ,300502SZ,300628SZ,300661SZ,300750SZ,300759SZ,300760SZ,300782SZ,600000SS,600010SS,600011SS,600015SS,600016SS,600018SS,600019SS,600023SS,600025SS,600026SS,600028SS,600029SS,600031SS,600036SS,600048SS,600050SS,600061SS,600085SS,600089SS,600104SS,600111SS,600115SS,600161SS,600183SS,600188SS,600196SS,600219SS,600233SS,600276SS,600309SS,600332SS,600346SS,600362SS,600377SS,600406SS,600415SS,600426SS,600436SS,600438SS,600489SS,600519SS,600570SS,600585SS,600588SS,600600SS,600660SS,600674SS,600741SS,600760SS,600795SS,600809SS,600875SS,600886SS,600887SS,600926SS,600989SS,601006SS,601009SS,601012SS,601021SS,601058SS,601066SS,601088SS,601100SS,601117SS,601138SS,601166SS,601169SS,601186SS,601225SS,601229SS,601238SS,601288SS,601318SS,601319SS,601328SS,601336SS,601360SS,601390SS,601398SS,601600SS,601601SS,601607SS,601618SS,601628SS,601633SS,601658SS,601668SS,601669SS,601688SS,601689SS,601698SS,601699SS,601766SS,601788SS,601799SS,601800SS,601808SS,601816SS,601818SS,601838SS,601857SS,601865SS,601872SS,601877SS,601878SS,601881SS,601888SS,601899SS,601901SS,601919SS,601939SS,601985SS,601988SS,601998SS,603019SS,603195SS,603259SS,603260SS,603288SS,603369SS,603501SS,603659SS,603799SS,603806SS,603833SS,603986SS,603993SS,688008SS,688009SS,688012SS,688036SS,688111SS,688169SS,688396SS
000001SZ,1.0,0.82,-0.277,0.772,0.353,0.551,-0.646,-0.41,-0.624,0.771,0.402,0.594,-0.368,0.502,0.677,0.682,0.79,0.624,0.655,0.813,-0.693,0.472,-0.244,0.606,-0.314,0.756,-0.497,-0.357,-0.111,-0.073,0.761,0.303,-0.445,-0.467,0.09,0.475,-0.245,-0.21,-0.683,-0.673,0.247,0.221,0.231,-0.37,-0.356,0.572,-0.409,0.024,0.335,-0.433,0.202,0.336,0.539,-0.574,0.329,-0.323,0.077,0.124,0.611,-0.206,0.69,0.404,-0.594,-0.669,-0.561,-0.71,-0.444,-0.747,0.581,-0.646,-0.072,0.456,0.046,-0.569,0.228,0.249,0.017,0.701,-0.727,-0.752,-0.573,-0.399,0.77,0.687,0.743,0.772,0.484,0.749,0.615,0.659,0.196,0.718,0.857,0.755,0.018,0.761,0.843,0.842,0.676,0.647,0.485,0.712,0.718,0.684,-0.244,0.022,0.671,-0.633,0.702,0.099,-0.424,-0.002,0.65,0.76,0.58,0.649,0.407,0.468,0.179,-0.714,0.107,0.616,-0.73,-0.77,0.713,-0.497,-0.666,0.435,0.847,0.495,-0.158,0.556,-0.709,0.759,0.813,-0.653,0.858,0.619,0.537,0.888,-0.573,0.304,0.481,0.603,0.746,-0.446,0.824,0.431,0.561,0.307,0.832,0.719,0.629,0.345,0.78,0.622,0.659,0.793,0.545,-0.21,0.752,0.742,0.773,0.35,0.569,0.83,0.661,0.502,0.84,0.891,0.81,0.767,-0.778,0.62,0.688,0.794,0.711,0.081,0.815,0.261,0.474,0.885,0.4,0.772,0.489,0.638,0.303,0.747,0.717,-0.555,0.758,0.709,0.554,0.745,0.847,0.847,0.895,0.607,-0.58,-0.56,0.418,-0.719,-0.62,-0.519,-0.409,-0.633,-0.611,0.359,0.119,0.202,-0.697,0.564,-0.614,0.566,-0.503,-0.672,-0.374
000002SZ,0.82,1.0,-0.51,0.832,0.628,0.868,-0.841,-0.309,-0.818,0.779,0.043,0.831,-0.64,0.481,0.703,0.469,0.87,0.87,0.886,0.736,-0.625,0.652,0.052,0.772,-0.033,0.934,-0.538,-0.309,-0.218,-0.165,0.821,0.637,-0.608,-0.694,0.418,0.766,-0.005,0.188,-0.89,-0.639,0.586,0.446,0.621,-0.643,-0.56,0.601,-0.732,-0.005,0.09,-0.603,0.339,0.565,0.568,-0.77,0.124,-0.42,0.418,-0.061,0.443,-0.296,0.686,0.163,-0.842,-0.748,-0.824,-0.846,-0.632,-0.94,0.865,-0.72,0.121,0.61,-0.083,-0.704,0.379,0.654,-0.026,0.723,-0.875,-0.773,-0.754,-0.611,0.597,0.832,0.928,0.734,0.273,0.866,0.843,0.859,-0.233,0.903,0.881,0.778,-0.383,0.777,0.952,0.929,0.713,0.839,0.39,0.911,0.738,0.791,-0.491,-0.105,0.554,-0.799,0.886,0.251,-0.638,0.294,0.868,0.717,0.225,0.864,0.591,0.572,0.314,-0.907,0.131,0.817,-0.887,-0.928,0.913,-0.373,-0.886,0.651,0.931,0.825,-0.487,0.625,-0.809,0.828,0.935,-0.74,0.652,0.769,0.476,0.811,-0.88,0.302,0.799,0.648,0.555,-0.763,0.874,0.725,0.134,0.107,0.911,0.782,0.494,0.461,0.63,0.346,0.539,0.758,0.483,-0.524,0.876,0.569,0.64,-0.05,0.877,0.887,0.836,0.386,0.628,0.961,0.808,0.766,-0.894,0.674,0.763,0.874,0.789,0.25,0.897,0.248,0.507,0.934,0.162,0.862,0.623,0.872,-0.076,0.826,0.724,-0.865,0.719,0.85,0.717,0.627,0.677,0.787,0.819,0.838,-0.681,-0.714,0.592,-0.928,-0.662,-0.799,-0.303,-0.83,-0.729,0.626,0.249,0.245,-0.881,0.654,-0.772,0.702,-0.723,-0.893,-0.642
000157SZ,-0.277,-0.51,1.0,-0.034,-0.495,-0.647,0.383,-0.307,0.366,0.086,0.63,-0.164,0.724,-0.41,-0.012,0.237,-0.114,-0.571,-0.678,-0.103,0.147,0.06,-0.401,-0.056,-0.168,-0.521,0.826,0.35,0.662,0.764,-0.146,-0.386,0.639,0.821,-0.431,-0.338,-0.095,-0.379,0.615,0.501,-0.452,-0.752,-0.426,0.188,0.087,0.2,0.476,0.244,0.237,0.902,-0.411,-0.326,-0.607,0.112,0.662,0.272,-0.672,0.762,0.191,-0.456,0.138,0.689,0.817,0.498,0.274,0.563,0.469,0.618,-0.447,0.839,-0.12,0.06,0.631,0.332,0.206,-0.353,0.716,-0.022,0.344,0.339,0.294,-0.084,0.273,-0.545,-0.497,0.136,0.521,-0.338,-0.685,-0.838,0.57,-0.611,-0.378,0.009,0.844,-0.028,-0.288,-0.361,0.129,-0.809,-0.317,-0.676,-0.219,0.005,0.824,0.813,0.042,0.51,-0.604,0.347,0.402,-0.542,-0.308,-0.373,0.423,-0.252,-0.786,0.139,-0.756,0.555,-0.671,-0.23,0.575,0.644,-0.504,0.322,0.509,-0.709,-0.346,-0.694,0.789,-0.008,0.195,-0.208,-0.405,0.529,-0.34,-0.31,0.319,-0.014,0.613,-0.315,-0.723,0.033,0.159,0.796,-0.259,-0.482,0.555,0.71,-0.202,-0.372,0.415,-0.708,0.15,0.506,0.361,0.065,0.427,0.659,-0.18,0.288,-0.052,0.636,-0.548,-0.393,-0.315,-0.566,-0.035,-0.424,-0.059,0.086,0.629,0.136,-0.322,-0.165,-0.048,-0.606,-0.243,-0.038,0.327,-0.445,0.669,-0.367,-0.704,-0.536,0.336,-0.083,0.171,0.572,-0.067,-0.134,-0.586,0.269,0.103,0.004,-0.119,-0.291,0.236,0.478,-0.69,0.62,0.033,0.679,0.14,0.269,0.068,-0.487,0.438,-0.363,0.562,-0.098,0.528,-0.045,0.798,0.622,0.932
000166SZ,0.772,0.832,-0.034,1.0,0.479,0.683,-0.811,-0.539,-0.786,0.953,0.409,0.894,-0.321,0.345,0.829,0.649,0.989,0.723,0.693,0.827,-0.592,0.864,-0.141,0.927,-0.049,0.772,-0.128,-0.037,0.15,0.298,0.893,0.637,-0.39,-0.29,0.304,0.748,0.064,0.111,-0.688,-0.424,0.523,0.057,0.57,-0.718,-0.53,0.801,-0.564,0.232,0.234,-0.162,0.266,0.548,0.395,-0.863,0.47,-0.378,0.19,0.403,0.527,-0.574,0.937,0.619,-0.48,-0.495,-0.806,-0.731,-0.531,-0.735,0.801,-0.344,0.183,0.845,0.307,-0.632,0.556,0.59,0.461,0.858,-0.795,-0.681,-0.728,-0.787,0.835,0.699,0.821,0.946,0.621,0.885,0.596,0.527,-0.009,0.71,0.779,0.901,0.008,0.83,0.904,0.898,0.966,0.543,0.215,0.679,0.75,0.949,-0.121,0.373,0.71,-0.623,0.734,0.589,-0.539,0.108,0.887,0.635,0.509,0.861,0.282,0.822,-0.013,-0.755,-0.237,0.892,-0.656,-0.693,0.831,-0.104,-0.742,0.411,0.868,0.622,-0.143,0.769,-0.855,0.858,0.857,-0.499,0.552,0.785,0.723,0.932,-0.703,0.164,0.575,0.806,0.74,-0.449,0.908,0.664,0.44,0.53,0.959,0.74,0.832,0.163,0.79,0.642,0.819,0.926,0.763,-0.289,0.947,0.787,0.725,0.238,0.759,0.864,0.852,0.127,0.651,0.871,0.947,0.98,-0.654,0.868,0.764,0.962,0.964,-0.073,0.947,0.254,0.817,0.823,0.57,0.815,0.309,0.764,0.034,0.969,0.952,-0.7,0.865,0.959,0.551,0.87,0.825,0.904,0.824,0.878,-0.64,-0.559,0.366,-0.744,-0.764,-0.593,-0.132,-0.814,-0.829,0.53,0.615,0.113,-0.747,0.696,-0.631,0.81,-0.387,-0.693,-0.253
000333SZ,0.353,0.628,-0.495,0.479,1.0,0.78,-0.438,0.252,-0.354,0.356,-0.283,0.577,-0.244,0.427,0.528,0.047,0.551,0.643,0.662,0.327,0.017,0.328,0.628,0.592,0.609,0.587,-0.432,0.1,0.056,-0.275,0.323,0.636,-0.23,-0.533,0.783,0.635,0.129,0.67,-0.562,-0.076,0.521,0.578,0.765,-0.401,-0.251,0.048,-0.575,0.137,-0.418,-0.406,0.438,0.392,0.554,-0.47,-0.284,0.167,0.734,-0.271,-0.102,-0.0,0.437,-0.096,-0.554,-0.196,-0.42,-0.476,-0.159,-0.506,0.671,-0.498,0.413,0.463,-0.427,-0.111,0.165,0.516,-0.19,0.314,-0.336,-0.106,-0.248,-0.302,0.029,0.582,0.504,0.249,-0.224,0.713,0.637,0.624,-0.399,0.663,0.397,0.408,-0.414,0.429,0.517,0.444,0.474,0.68,0.424,0.698,0.229,0.423,-0.456,-0.32,-0.004,-0.308,0.677,0.009,-0.137,0.813,0.725,0.444,-0.273,0.495,0.658,0.299,0.458,-0.478,0.414,0.603,-0.498,-0.578,0.746,0.159,-0.47,0.794,0.551,0.758,-0.42,0.36,-0.277,0.332,0.528,-0.197,0.2,0.558,-0.1,0.356,-0.673,0.578,0.831,0.33,-0.028,-0.498,0.393,0.694,-0.314,-0.272,0.505,0.296,0.032,0.57,0.049,-0.12,0.051,0.225,0.084,-0.695,0.566,0.041,0.115,-0.497,0.761,0.642,0.478,0.3,-0.014,0.533,0.433,0.355,-0.446,0.464,0.374,0.451,0.543,0.634,0.506,0.171,0.413,0.472,-0.297,0.499,0.542,0.697,-0.055,0.521,0.313,-0.549,0.405,0.586,0.664,0.123,0.141,0.243,0.263,0.675,-0.099,-0.12,0.417,-0.545,-0.054,-0.637,-0.002,-0.464,-0.221,0.785,0.335,0.585,-0.553,0.456,-0.557,0.425,-0.398,-0.453,-0.636
000338SZ,0.551,0.868,-0.647,0.683,0.78,1.0,-0.803,-0.019,-0.776,0.568,-0.274,0.799,-0.708,0.443,0.568,0.186,0.731,0.946,0.933,0.549,-0.304,0.607,0.351,0.753,0.267,0.847,-0.537,-0.109,-0.288,-0.259,0.693,0.813,-0.607,-0.674,0.628,0.841,0.214,0.568,-0.849,-0.467,0.804,0.532,0.832,-0.673,-0.381,0.387,-0.738,0.007,-0.069,-0.657,0.597,0.67,0.679,-0.688,-0.22,-0.359,0.733,-0.279,0.098,-0.118,0.521,-0.112,-0.841,-0.493,-0.76,-0.821,-0.626,-0.866,0.921,-0.693,0.29,0.649,-0.25,-0.583,0.327,0.809,-0.084,0.519,-0.7,-0.584,-0.7,-0.57,0.272,0.861,0.868,0.484,-0.026,0.849,0.865,0.86,-0.563,0.909,0.715,0.582,-0.631,0.568,0.739,0.797,0.584,0.878,0.275,0.88,0.622,0.651,-0.633,-0.247,0.4,-0.716,0.898,0.31,-0.636,0.592,0.895,0.624,-0.098,0.758,0.75,0.526,0.551,-0.852,0.258,0.826,-0.745,-0.855,0.927,-0.102,-0.805,0.814,0.76,0.963,-0.71,0.554,-0.666,0.701,0.807,-0.581,0.405,0.823,0.231,0.537,-0.932,0.329,0.956,0.49,0.251,-0.823,0.741,0.87,-0.253,-0.149,0.757,0.706,0.21,0.622,0.294,-0.024,0.231,0.503,0.198,-0.689,0.776,0.2,0.446,-0.454,0.956,0.826,0.789,0.322,0.261,0.806,0.622,0.573,-0.754,0.519,0.729,0.747,0.688,0.431,0.774,0.285,0.377,0.797,-0.154,0.79,0.64,0.926,-0.314,0.691,0.512,-0.886,0.596,0.758,0.813,0.311,0.335,0.506,0.512,0.874,-0.515,-0.649,0.736,-0.887,-0.471,-0.891,-0.043,-0.724,-0.609,0.856,0.304,0.378,-0.883,0.544,-0.784,0.611,-0.759,-0.858,-0.8
000538SZ,-0.646,-0.841,0.383,-0.811,-0.438,-0.803,1.0,0.437,0.955,-0.728,-0.04,-0.838,0.661,-0.183,-0.553,-0.431,-0.817,-0.847,-0.824,-0.71,0.6,-0.835,0.065,-0.828,0.102,-0.789,0.323,0.189,0.244,-0.074,-0.882,-0.747,0.737,0.477,-0.27,-0.714,-0.297,-0.277,0.822,0.625,-0.746,-0.16,-0.682,0.867,0.525,-0.738,0.602,-0.25,-0.176,0.507,-0.383,-0.707,-0.435,0.832,-0.219,0.68,-0.325,-0.101,-0.226,0.423,-0.638,-0.19,0.726,0.646,0.913,0.926,0.857,0.876,-0.92,0.548,-0.111,-0.756,-0.192,0.851,-0.497,-0.738,-0.246,-0.723,0.843,0.767,0.917,0.751,-0.599,-0.767,-0.951,-0.732,-0.395,-0.817,-0.714,-0.72,0.375,-0.782,-0.774,-0.739,0.433,-0.597,-0.832,-0.921,-0.686,-0.715,-0.134,-0.723,-0.825,-0.809,0.414,-0.115,-0.679,0.85,-0.788,-0.572,0.757,-0.192,-0.813,-0.595,-0.271,-0.839,-0.48,-0.796,-0.186,0.931,0.196,-0.893,0.732,0.811,-0.842,0.129,0.925,-0.499,-0.855,-0.787,0.552,-0.792,0.929,-0.881,-0.903,0.654,-0.472,-0.76,-0.595,-0.716,0.87,-0.133,-0.694,-0.527,-0.618,0.819,-0.904,-0.79,-0.086,-0.234,-0.835,-0.824,-0.544,-0.221,-0.562,-0.329,-0.553,-0.781,-0.53,0.506,-0.799,-0.502,-0.655,0.033,-0.865,-0.794,-0.96,-0.145,-0.53,-0.846,-0.778,-0.781,0.781,-0.593,-0.83,-0.86,-0.75,0.114,-0.847,-0.179,-0.513,-0.851,-0.261,-0.777,-0.326,-0.772,0.332,-0.809,-0.714,0.871,-0.705,-0.802,-0.656,-0.62,-0.609,-0.729,-0.654,-0.859,0.735,0.813,-0.6,0.916,0.779,0.842,0.008,0.863,0.886,-0.528,-0.361,0.003,0.944,-0.44,0.835,-0.626,0.672,0.896,0.585
000568SZ,-0.41,-0.309,-0.307,-0.539,0.252,-0.019,0.437,1.0,0.513,-0.57,-0.655,-0.413,0.153,-0.056,-0.496,-0.595,-0.491,-0.148,-0.147,-0.566,0.815,-0.501,0.687,-0.432,0.538,-0.333,-0.166,0.128,-0.108,-0.576,-0.503,-0.067,0.253,-0.04,0.185,-0.309,-0.066,0.441,0.369,0.42,-0.105,0.271,0.007,0.406,0.604,-0.697,0.321,-0.053,-0.371,-0.179,0.326,-0.213,0.205,0.588,-0.672,0.466,0.491,-0.668,-0.548,0.623,-0.57,-0.633,0.134,0.457,0.497,0.32,0.409,0.377,-0.218,-0.039,0.013,-0.399,-0.655,0.568,-0.273,-0.175,-0.531,-0.663,0.624,0.591,0.536,0.438,-0.693,-0.153,-0.387,-0.673,-0.706,-0.233,-0.116,-0.032,-0.281,-0.082,-0.368,-0.542,-0.227,-0.431,-0.5,-0.5,-0.516,-0.06,0.173,-0.137,-0.444,-0.585,-0.124,-0.508,-0.573,0.407,-0.176,-0.469,0.477,0.555,-0.256,-0.102,-0.604,-0.484,0.32,-0.493,0.553,0.353,0.501,-0.326,0.443,0.24,-0.244,0.262,0.445,0.25,-0.378,-0.016,-0.213,-0.304,0.678,-0.48,-0.369,0.49,-0.311,-0.203,-0.725,-0.634,0.173,0.356,0.096,-0.524,-0.737,0.104,-0.489,-0.093,-0.587,-0.636,-0.518,-0.456,-0.725,0.397,-0.741,-0.686,-0.702,-0.678,-0.604,-0.167,-0.462,-0.74,-0.488,-0.605,-0.144,-0.257,-0.429,0.102,-0.639,-0.423,-0.588,-0.615,0.362,-0.516,-0.376,-0.532,-0.481,0.539,-0.499,0.181,-0.478,-0.335,-0.731,-0.293,0.036,-0.163,0.077,-0.481,-0.605,0.31,-0.407,-0.419,0.188,-0.748,-0.671,-0.666,-0.521,-0.286,0.634,0.467,0.122,0.346,0.853,0.009,0.379,0.583,0.618,0.28,-0.259,0.537,0.231,-0.435,0.077,-0.55,0.113,0.334,-0.236
000596SZ,-0.624,-0.818,0.366,-0.786,-0.354,-0.776,0.955,0.513,1.0,-0.694,-0.042,-0.835,0.733,-0.2,-0.54,-0.408,-0.782,-0.849,-0.782,-0.725,0.67,-0.786,0.221,-0.781,0.224,-0.821,0.282,0.164,0.368,-0.077,-0.863,-0.682,0.785,0.475,-0.213,-0.735,-0.304,-0.204,0.827,0.689,-0.738,-0.102,-0.616,0.857,0.583,-0.731,0.66,-0.112,-0.294,0.52,-0.309,-0.781,-0.449,0.837,-0.175,0.769,-0.277,-0.104,-0.269,0.451,-0.621,-0.177,0.735,0.667,0.914,0.912,0.886,0.886,-0.857,0.539,-0.136,-0.708,-0.257,0.934,-0.37,-0.74,-0.229,-0.74,0.894,0.848,0.961,0.733,-0.603,-0.8,-0.944,-0.728,-0.417,-0.761,-0.764,-0.715,0.434,-0.752,-0.802,-0.73,0.443,-0.556,-0.812,-0.918,-0.649,-0.697,-0.002,-0.689,-0.819,-0.814,0.495,-0.095,-0.749,0.83,-0.788,-0.604,0.851,-0.09,-0.788,-0.555,-0.318,-0.872,-0.427,-0.766,-0.166,0.91,0.18,-0.832,0.754,0.791,-0.813,0.219,0.937,-0.412,-0.801,-0.745,0.59,-0.708,0.925,-0.853,-0.833,0.759,-0.485,-0.762,-0.669,-0.7,0.858,0.004,-0.661,-0.612,-0.675,0.799,-0.891,-0.711,-0.109,-0.25,-0.843,-0.911,-0.541,-0.175,-0.617,-0.33,-0.534,-0.777,-0.481,0.445,-0.799,-0.514,-0.691,0.028,-0.828,-0.771,-0.931,-0.064,-0.571,-0.848,-0.766,-0.76,0.806,-0.535,-0.896,-0.871,-0.724,0.147,-0.856,-0.22,-0.456,-0.843,-0.29,-0.814,-0.332,-0.78,0.431,-0.754,-0.693,0.898,-0.691,-0.796,-0.589,-0.617,-0.601,-0.746,-0.658,-0.795,0.845,0.896,-0.557,0.919,0.842,0.749,0.134,0.877,0.918,-0.451,-0.325,0.11,0.896,-0.5,0.711,-0.677,0.751,0.906,0.523
000617SZ,0.771,0.779,0.086,0.953,0.356,0.568,-0.728,-0.57,-0.694,1.0,0.511,0.837,-0.245,0.287,0.787,0.701,0.936,0.635,0.595,0.793,-0.623,0.809,-0.221,0.876,-0.177,0.71,-0.101,-0.173,0.227,0.334,0.898,0.475,-0.239,-0.233,0.142,0.645,-0.102,-0.078,-0.595,-0.432,0.393,-0.005,0.402,-0.587,-0.485,0.853,-0.454,0.17,0.311,-0.09,0.224,0.403,0.275,-0.784,0.587,-0.293,0.022,0.444,0.657,-0.604,0.884,0.679,-0.397,-0.47,-0.742,-0.616,-0.421,-0.665,0.712,-0.275,-0.018,0.794,0.326,-0.571,0.596,0.512,0.486,0.809,-0.762,-0.676,-0.683,-0.804,0.89,0.609,0.738,0.946,0.663,0.778,0.463,0.409,0.159,0.653,0.78,0.908,0.139,0.856,0.872,0.845,0.933,0.413,0.285,0.584,0.779,0.908,0.068,0.47,0.725,-0.593,0.606,0.537,-0.443,-0.059,0.807,0.63,0.589,0.78,0.188,0.775,-0.142,-0.687,-0.309,0.803,-0.62,-0.656,0.72,-0.228,-0.661,0.298,0.845,0.48,-0.024,0.75,-0.825,0.865,0.829,-0.482,0.519,0.721,0.759,0.933,-0.599,0.166,0.432,0.73,0.747,-0.328,0.879,0.523,0.553,0.609,0.906,0.642,0.862,0.099,0.806,0.755,0.888,0.919,0.831,-0.086,0.874,0.836,0.766,0.395,0.633,0.782,0.751,0.12,0.718,0.816,0.896,0.965,-0.602,0.889,0.666,0.901,0.877,-0.119,0.869,0.342,0.812,0.797,0.649,0.777,0.223,0.638,0.2,0.907,0.967,-0.581,0.791,0.883,0.462,0.909,0.849,0.897,0.866,0.798,-0.617,-0.508,0.306,-0.646,-0.756,-0.477,-0.215,-0.75,-0.804,0.445,0.602,0.074,-0.671,0.625,-0.604,0.743,-0.267,-0.624,-0.126
000625SZ,0.402,0.043,0.63,0.409,-0.283,-0.274,-0.04,-0.655,-0.042,0.511,1.0,0.106,0.414,0.066,0.499,0.682,0.351,-0.147,-0.132,0.486,-0.428,0.236,-0.563,0.25,-0.448,-0.03,0.287,-0.007,0.463,0.585,0.322,-0.25,0.248,0.424,-0.367,-0.067,-0.323,-0.595,0.052,-0.095,-0.255,-0.489,-0.361,0.058,-0.079,0.459,0.217,0.212,0.473,0.514,-0.194,-0.175,-0.179,-0.172,0.77,0.031,-0.612,0.712,0.548,-0.366,0.543,0.859,0.289,-0.004,-0.024,0.058,0.127,0.045,-0.071,0.238,-0.252,0.265,0.525,-0.032,0.185,-0.222,0.577,0.454,-0.145,-0.211,-0.083,-0.173,0.705,-0.07,-0.01,0.556,0.733,0.134,-0.215,-0.297,0.732,-0.11,0.203,0.426,0.759,0.401,0.251,0.228,0.491,-0.256,0.119,-0.106,0.272,0.355,0.52,0.602,0.46,-0.007,-0.075,0.212,0.109,-0.543,0.047,0.144,0.784,0.117,-0.364,0.273,-0.528,0.037,-0.417,0.128,-0.028,0.051,-0.025,-0.14,0.023,-0.325,0.203,-0.308,0.639,0.223,-0.29,0.312,0.14,-0.024,0.301,0.083,0.541,0.552,0.244,-0.037,-0.353,0.317,0.644,0.431,0.277,-0.12,0.86,0.737,0.301,0.111,0.734,-0.309,0.632,0.811,0.666,0.537,0.609,0.499,0.264,0.728,0.478,0.833,-0.216,0.165,0.102,0.093,0.573,0.204,0.456,0.533,0.03,0.456,0.107,0.32,0.362,-0.472,0.275,0.001,0.475,0.138,0.803,0.112,-0.2,-0.122,0.511,0.371,0.564,0.207,0.404,0.239,-0.23,0.673,0.659,0.539,0.448,0.039,-0.134,0.063,-0.316,0.07,-0.416,0.32,-0.209,-0.13,-0.242,-0.293,0.274,-0.187,0.08,0.279,0.1,0.296,0.358,0.135,0.547
000651SZ,0.594,0.831,-0.164,0.894,0.577,0.799,-0.838,-0.413,-0.835,0.837,0.106,1.0,-0.501,0.266,0.692,0.46,0.895,0.831,0.734,0.693,-0.507,0.87,-0.017,0.914,0.058,0.817,-0.151,-0.098,0.012,0.165,0.841,0.758,-0.459,-0.427,0.436,0.84,0.178,0.319,-0.743,-0.407,0.686,0.157,0.726,-0.805,-0.608,0.736,-0.727,0.123,0.128,-0.298,0.3,0.597,0.33,-0.92,0.281,-0.395,0.342,0.244,0.422,-0.63,0.777,0.368,-0.59,-0.506,-0.915,-0.749,-0.615,-0.779,0.862,-0.37,0.287,0.822,0.228,-0.677,0.558,0.741,0.338,0.794,-0.824,-0.639,-0.794,-0.81,0.621,0.712,0.857,0.796,0.382,0.829,0.646,0.589,-0.27,0.74,0.735,0.807,-0.241,0.689,0.851,0.846,0.854,0.622,0.043,0.693,0.711,0.899,-0.258,0.277,0.597,-0.638,0.76,0.633,-0.658,0.222,0.905,0.58,0.255,0.897,0.321,0.814,0.038,-0.818,-0.209,0.906,-0.684,-0.739,0.855,-0.041,-0.805,0.452,0.819,0.713,-0.362,0.696,-0.842,0.805,0.83,-0.543,0.373,0.816,0.607,0.765,-0.834,0.099,0.688,0.752,0.55,-0.594,0.849,0.727,0.145,0.32,0.895,0.728,0.622,0.187,0.603,0.43,0.654,0.783,0.648,-0.41,0.889,0.583,0.586,-0.014,0.861,0.779,0.852,0.003,0.47,0.807,0.813,0.841,-0.69,0.79,0.738,0.897,0.87,0.032,0.87,0.272,0.738,0.782,0.37,0.81,0.301,0.807,-0.215,0.876,0.829,-0.829,0.741,0.911,0.544,0.71,0.616,0.751,0.674,0.905,-0.685,-0.64,0.447,-0.799,-0.71,-0.688,-0.131,-0.875,-0.854,0.624,0.61,0.059,-0.782,0.694,-0.641,0.813,-0.504,-0.782,-0.367
000661SZ,-0.368,-0.64,0.724,-0.321,-0.244,-0.708,0.661,0.153,0.733,-0.245,0.414,-0.501,1.0,-0.253,-0.133,-0.034,-0.342,-0.755,-0.711,-0.314,0.444,-0.342,0.009,-0.318,0.186,-0.674,0.52,0.382,0.758,0.393,-0.518,-0.514,0.762,0.675,-0.238,-0.561,-0.169,-0.23,0.756,0.676,-0.655,-0.428,-0.461,0.482,0.343,-0.301,0.651,0.332,-0.196,0.791,-0.372,-0.598,-0.464,0.436,0.307,0.692,-0.459,0.433,-0.148,0.012,-0.098,0.414,0.856,0.624,0.625,0.713,0.769,0.806,-0.611,0.674,-0.052,-0.237,0.159,0.737,-0.112,-0.662,0.277,-0.295,0.686,0.74,0.727,0.344,-0.11,-0.692,-0.741,-0.225,0.112,-0.404,-0.731,-0.772,0.631,-0.655,-0.608,-0.26,0.771,-0.223,-0.492,-0.628,-0.136,-0.732,0.041,-0.64,-0.545,-0.349,0.746,0.374,-0.42,0.737,-0.644,-0.206,0.871,-0.147,-0.481,-0.398,0.139,-0.567,-0.538,-0.246,-0.497,0.772,-0.227,-0.455,0.677,0.722,-0.582,0.414,0.724,-0.467,-0.474,-0.698,0.815,-0.226,0.597,-0.548,-0.567,0.771,-0.35,-0.516,-0.214,-0.257,0.729,0.087,-0.653,-0.284,-0.196,0.852,-0.561,-0.531,0.318,0.27,-0.484,-0.702,0.022,-0.444,-0.201,0.187,-0.018,-0.293,0.055,0.476,-0.437,-0.027,-0.371,0.4,-0.641,-0.486,-0.574,-0.236,-0.283,-0.597,-0.291,-0.247,0.745,-0.098,-0.628,-0.489,-0.274,-0.191,-0.511,-0.178,0.11,-0.641,0.225,-0.6,-0.586,-0.639,0.548,-0.306,-0.196,0.799,-0.248,-0.381,-0.488,-0.093,-0.138,-0.313,-0.357,-0.462,0.673,0.889,-0.698,0.794,0.531,0.696,0.192,0.566,0.537,-0.441,0.144,0.063,0.706,-0.29,0.541,-0.398,0.888,0.857,0.728
000708SZ,0.502,0.481,-0.41,0.345,0.427,0.443,-0.183,-0.056,-0.2,0.287,0.066,0.266,-0.253,1.0,0.482,0.291,0.399,0.431,0.506,0.459,-0.27,0.032,0.132,0.266,0.084,0.507,-0.566,-0.163,-0.099,-0.281,0.253,0.199,-0.178,-0.475,0.418,0.418,-0.179,0.051,-0.475,-0.327,0.169,0.521,0.223,0.022,-0.176,0.005,-0.412,-0.167,-0.009,-0.379,0.143,0.153,0.55,-0.263,-0.167,0.068,0.309,-0.169,0.314,0.176,0.342,0.026,-0.48,-0.341,-0.174,-0.336,-0.077,-0.463,0.286,-0.492,0.188,0.112,-0.266,-0.101,-0.128,0.122,-0.281,0.333,-0.33,-0.3,-0.116,0.022,0.158,0.48,0.349,0.234,-0.123,0.454,0.534,0.544,0.055,0.524,0.412,0.287,-0.099,0.375,0.419,0.399,0.32,0.575,0.441,0.588,0.233,0.242,-0.371,-0.339,0.152,-0.305,0.6,-0.255,-0.157,0.339,0.387,0.525,0.105,0.326,0.46,-0.057,0.379,-0.362,0.593,0.293,-0.518,-0.525,0.51,-0.357,-0.284,0.56,0.419,0.427,-0.155,-0.011,-0.2,0.248,0.407,-0.415,0.477,0.408,-0.016,0.404,-0.339,0.305,0.482,0.397,0.206,-0.255,0.324,0.302,0.053,-0.237,0.433,0.375,0.085,0.543,0.266,0.071,0.105,0.226,-0.043,-0.286,0.414,0.236,0.285,-0.099,0.362,0.509,0.22,0.576,0.341,0.509,0.387,0.284,-0.506,0.298,0.312,0.351,0.413,0.547,0.43,0.06,0.11,0.419,-0.122,0.422,0.685,0.542,0.194,0.373,0.244,-0.322,0.426,0.361,0.388,0.189,0.351,0.34,0.425,0.349,-0.136,-0.201,0.407,-0.432,-0.175,-0.332,-0.428,-0.291,-0.086,0.418,-0.129,0.464,-0.302,0.515,-0.237,0.37,-0.379,-0.358,-0.413
000725SZ,0.677,0.703,-0.012,0.829,0.528,0.568,-0.553,-0.496,-0.54,0.787,0.499,0.692,-0.133,0.482,1.0,0.625,0.846,0.561,0.599,0.806,-0.503,0.584,-0.016,0.796,0.067,0.637,-0.181,0.073,0.271,0.276,0.653,0.437,-0.157,-0.206,0.407,0.684,-0.065,0.104,-0.636,-0.318,0.408,0.159,0.453,-0.438,-0.461,0.531,-0.508,0.101,0.088,-0.017,0.204,0.372,0.382,-0.689,0.33,-0.057,0.19,0.35,0.44,-0.357,0.879,0.569,-0.411,-0.346,-0.562,-0.485,-0.218,-0.6,0.613,-0.337,0.228,0.705,0.09,-0.352,0.358,0.457,0.327,0.753,-0.63,-0.507,-0.491,-0.498,0.634,0.603,0.6,0.754,0.44,0.787,0.564,0.425,0.131,0.6,0.597,0.75,0.084,0.805,0.766,0.718,0.853,0.502,0.335,0.627,0.519,0.766,-0.136,0.186,0.479,-0.457,0.682,0.329,-0.341,0.17,0.768,0.518,0.411,0.68,0.293,0.555,0.016,-0.539,0.0,0.706,-0.626,-0.566,0.737,-0.076,-0.548,0.446,0.673,0.536,0.016,0.518,-0.649,0.645,0.645,-0.413,0.472,0.692,0.484,0.819,-0.52,0.244,0.527,0.658,0.592,-0.24,0.68,0.581,0.397,0.39,0.82,0.543,0.66,0.287,0.655,0.535,0.617,0.718,0.548,-0.248,0.869,0.668,0.572,0.176,0.603,0.764,0.607,0.313,0.522,0.758,0.869,0.803,-0.5,0.821,0.563,0.807,0.85,0.131,0.819,0.089,0.721,0.615,0.415,0.643,0.464,0.689,0.161,0.795,0.79,-0.515,0.776,0.79,0.427,0.719,0.7,0.75,0.64,0.726,-0.367,-0.308,0.227,-0.588,-0.614,-0.385,-0.267,-0.64,-0.538,0.474,0.529,0.312,-0.52,0.808,-0.415,0.731,-0.27,-0.47,-0.182
000768SZ,0.682,0.469,0.237,0.649,0.047,0.186,-0.431,-0.595,-0.408,0.701,0.682,0.46,-0.034,0.291,0.625,1.0,0.613,0.283,0.264,0.723,-0.585,0.472,-0.378,0.53,-0.368,0.396,-0.042,-0.153,0.148,0.389,0.668,0.124,-0.083,0.009,-0.13,0.3,-0.267,-0.335,-0.341,-0.374,0.08,-0.17,0.019,-0.233,-0.286,0.674,-0.166,0.144,0.389,0.07,-0.038,0.14,0.106,-0.497,0.695,-0.185,-0.295,0.485,0.642,-0.435,0.637,0.652,-0.181,-0.377,-0.406,-0.357,-0.155,-0.377,0.354,-0.122,-0.126,0.481,0.389,-0.361,0.357,0.119,0.415,0.66,-0.491,-0.5,-0.402,-0.363,0.778,0.332,0.455,0.696,0.631,0.493,0.247,0.18,0.418,0.341,0.535,0.644,0.403,0.636,0.583,0.571,0.635,0.207,0.29,0.281,0.583,0.587,0.117,0.396,0.618,-0.44,0.336,0.275,-0.235,-0.289,0.393,0.476,0.715,0.46,-0.055,0.477,-0.273,-0.392,-0.246,0.487,-0.403,-0.4,0.362,-0.261,-0.39,0.037,0.602,0.13,0.244,0.523,-0.597,0.612,0.572,-0.339,0.437,0.392,0.634,0.73,-0.2,0.154,0.06,0.46,0.747,-0.04,0.581,0.196,0.679,0.567,0.607,0.467,0.714,-0.079,0.695,0.773,0.727,0.711,0.694,0.081,0.542,0.766,0.658,0.631,0.217,0.489,0.435,0.221,0.659,0.573,0.639,0.706,-0.376,0.606,0.435,0.595,0.582,-0.276,0.57,0.063,0.495,0.531,0.647,0.41,0.097,0.301,0.411,0.631,0.735,-0.215,0.682,0.502,0.161,0.75,0.831,0.72,0.669,0.387,-0.362,-0.283,0.075,-0.362,-0.593,-0.17,-0.272,-0.469,-0.542,0.072,0.287,-0.059,-0.363,0.371,-0.335,0.496,-0.05,-0.296,0.093
000776SZ,0.79,0.87,-0.114,0.989,0.551,0.731,-0.817,-0.491,-0.782,0.936,0.351,0.895,-0.342,0.399,0.846,0.613,1.0,0.751,0.742,0.831,-0.58,0.836,-0.063,0.928,0.014,0.81,-0.198,-0.046,0.139,0.241,0.871,0.659,-0.41,-0.357,0.378,0.786,0.077,0.164,-0.732,-0.431,0.535,0.164,0.622,-0.718,-0.557,0.759,-0.611,0.233,0.148,-0.215,0.274,0.553,0.441,-0.87,0.41,-0.342,0.249,0.346,0.501,-0.528,0.934,0.567,-0.54,-0.526,-0.814,-0.752,-0.53,-0.769,0.827,-0.405,0.22,0.832,0.229,-0.622,0.539,0.608,0.387,0.841,-0.806,-0.665,-0.711,-0.763,0.794,0.72,0.842,0.923,0.566,0.914,0.647,0.588,-0.031,0.753,0.784,0.893,-0.053,0.855,0.933,0.907,0.951,0.608,0.267,0.743,0.73,0.935,-0.178,0.289,0.653,-0.643,0.782,0.527,-0.53,0.192,0.913,0.653,0.451,0.871,0.34,0.788,0.043,-0.775,-0.155,0.9,-0.702,-0.732,0.873,-0.109,-0.766,0.486,0.891,0.676,-0.18,0.753,-0.84,0.847,0.88,-0.519,0.58,0.79,0.669,0.93,-0.739,0.214,0.637,0.797,0.7,-0.497,0.898,0.698,0.386,0.464,0.967,0.732,0.787,0.221,0.768,0.602,0.778,0.906,0.728,-0.362,0.96,0.759,0.695,0.181,0.804,0.886,0.863,0.182,0.638,0.894,0.951,0.959,-0.692,0.869,0.752,0.957,0.968,0.015,0.955,0.232,0.801,0.838,0.495,0.821,0.378,0.803,0.034,0.968,0.921,-0.731,0.864,0.962,0.598,0.84,0.805,0.892,0.827,0.901,-0.618,-0.55,0.403,-0.775,-0.733,-0.639,-0.158,-0.824,-0.8,0.569,0.583,0.181,-0.768,0.719,-0.658,0.806,-0.431,-0.716,-0.325
000786SZ,0.624,0.87,-0.571,0.723,0.643,0.946,-0.847,-0.148,-0.849,0.635,-0.147,0.831,-0.755,0.431,0.561,0.283,0.751,1.0,0.91,0.649,-0.421,0.643,0.141,0.744,0.046,0.854,-0.514,-0.226,-0.374,-0.226,0.793,0.739,-0.661,-0.607,0.451,0.798,0.138,0.416,-0.861,-0.606,0.822,0.391,0.712,-0.671,-0.373,0.49,-0.691,-0.01,0.155,-0.663,0.576,0.681,0.667,-0.708,-0.117,-0.48,0.593,-0.21,0.217,-0.191,0.556,-0.026,-0.837,-0.538,-0.793,-0.869,-0.704,-0.894,0.899,-0.701,0.168,0.664,-0.114,-0.7,0.331,0.773,-0.02,0.612,-0.765,-0.706,-0.813,-0.592,0.392,0.889,0.908,0.558,0.082,0.817,0.849,0.845,-0.495,0.891,0.809,0.637,-0.548,0.545,0.761,0.868,0.613,0.861,0.209,0.837,0.758,0.694,-0.6,-0.156,0.575,-0.771,0.903,0.382,-0.724,0.402,0.867,0.704,0.078,0.791,0.702,0.581,0.49,-0.904,0.191,0.836,-0.761,-0.885,0.895,-0.186,-0.848,0.699,0.793,0.893,-0.696,0.595,-0.759,0.807,0.836,-0.683,0.459,0.856,0.362,0.6,-0.913,0.274,0.886,0.539,0.4,-0.801,0.833,0.817,-0.114,-0.05,0.797,0.81,0.308,0.542,0.411,0.108,0.331,0.594,0.271,-0.554,0.778,0.301,0.604,-0.301,0.903,0.841,0.836,0.308,0.416,0.85,0.666,0.647,-0.814,0.5,0.811,0.804,0.696,0.284,0.811,0.359,0.379,0.862,-0.013,0.866,0.575,0.884,-0.297,0.725,0.59,-0.876,0.654,0.77,0.752,0.409,0.43,0.602,0.592,0.833,-0.633,-0.762,0.755,-0.921,-0.587,-0.841,-0.125,-0.758,-0.719,0.767,0.261,0.247,-0.909,0.544,-0.774,0.634,-0.776,-0.899,-0.73
000800SZ,0.655,0.886,-0.678,0.693,0.662,0.933,-0.824,-0.147,-0.782,0.595,-0.132,0.734,-0.711,0.506,0.599,0.264,0.742,0.91,1.0,0.643,-0.433,0.595,0.23,0.701,0.132,0.832,-0.623,-0.253,-0.312,-0.264,0.718,0.753,-0.644,-0.685,0.54,0.769,0.142,0.41,-0.887,-0.567,0.77,0.56,0.716,-0.621,-0.346,0.403,-0.671,0.041,-0.005,-0.696,0.582,0.601,0.688,-0.655,-0.139,-0.428,0.641,-0.224,0.198,-0.034,0.536,-0.057,-0.865,-0.594,-0.739,-0.876,-0.678,-0.911,0.886,-0.779,0.213,0.59,-0.207,-0.618,0.338,0.707,-0.107,0.591,-0.739,-0.664,-0.703,-0.499,0.353,0.848,0.888,0.522,0.047,0.849,0.84,0.889,-0.381,0.918,0.735,0.552,-0.567,0.561,0.786,0.849,0.576,0.913,0.344,0.945,0.672,0.62,-0.59,-0.254,0.461,-0.8,0.923,0.236,-0.653,0.473,0.829,0.691,0.038,0.742,0.759,0.482,0.533,-0.896,0.274,0.8,-0.799,-0.895,0.914,-0.217,-0.821,0.807,0.787,0.929,-0.613,0.535,-0.727,0.745,0.854,-0.639,0.565,0.791,0.249,0.612,-0.876,0.302,0.9,0.484,0.345,-0.832,0.797,0.822,-0.138,-0.126,0.777,0.733,0.262,0.657,0.393,0.058,0.278,0.573,0.206,-0.646,0.767,0.306,0.532,-0.318,0.897,0.84,0.803,0.537,0.406,0.854,0.675,0.607,-0.818,0.503,0.721,0.768,0.691,0.377,0.801,0.186,0.319,0.829,-0.085,0.777,0.676,0.901,-0.231,0.727,0.533,-0.85,0.651,0.717,0.789,0.389,0.451,0.583,0.588,0.834,-0.526,-0.703,0.796,-0.918,-0.541,-0.883,-0.097,-0.697,-0.589,0.758,0.19,0.382,-0.9,0.535,-0.805,0.572,-0.773,-0.891,-0.804
000807SZ,0.813,0.736,-0.103,0.827,0.327,0.549,-0.71,-0.566,-0.725,0.793,0.486,0.693,-0.314,0.459,0.806,0.723,0.831,0.649,0.643,1.0,-0.666,0.627,-0.295,0.746,-0.272,0.687,-0.273,-0.148,-0.042,0.209,0.806,0.398,-0.428,-0.254,0.104,0.595,0.005,-0.073,-0.653,-0.607,0.478,0.027,0.341,-0.526,-0.425,0.666,-0.406,0.2,0.367,-0.26,0.161,0.506,0.48,-0.704,0.394,-0.392,0.045,0.345,0.499,-0.376,0.796,0.528,-0.5,-0.531,-0.662,-0.708,-0.495,-0.699,0.651,-0.472,0.06,0.663,0.269,-0.636,0.321,0.405,0.277,0.86,-0.752,-0.707,-0.689,-0.5,0.76,0.722,0.749,0.791,0.563,0.783,0.638,0.546,0.108,0.672,0.764,0.764,0.052,0.698,0.809,0.854,0.773,0.588,0.282,0.61,0.782,0.758,-0.203,0.21,0.763,-0.665,0.761,0.383,-0.499,-0.031,0.7,0.722,0.694,0.719,0.327,0.657,0.05,-0.693,-0.071,0.732,-0.662,-0.68,0.734,-0.258,-0.693,0.344,0.779,0.494,-0.122,0.654,-0.784,0.794,0.756,-0.604,0.667,0.742,0.647,0.858,-0.578,0.182,0.473,0.649,0.831,-0.396,0.837,0.505,0.51,0.428,0.859,0.788,0.697,0.165,0.775,0.655,0.685,0.83,0.575,-0.185,0.816,0.747,0.841,0.337,0.603,0.808,0.753,0.323,0.76,0.85,0.9,0.848,-0.67,0.656,0.771,0.859,0.791,-0.074,0.857,0.189,0.567,0.781,0.5,0.755,0.317,0.67,0.118,0.81,0.803,-0.567,0.897,0.756,0.507,0.785,0.842,0.857,0.752,0.677,-0.551,-0.575,0.419,-0.708,-0.726,-0.463,-0.307,-0.669,-0.728,0.356,0.371,0.176,-0.682,0.619,-0.549,0.607,-0.428,-0.615,-0.252
000858SZ,-0.693,-0.625,0.147,-0.592,0.017,-0.304,0.6,0.815,0.67,-0.623,-0.428,-0.507,0.444,-0.27,-0.503,-0.585,-0.58,-0.421,-0.433,-0.666,1.0,-0.418,0.594,-0.456,0.607,-0.663,0.318,0.465,0.204,-0.112,-0.647,-0.101,0.52,0.44,0.14,-0.389,0.111,0.461,0.635,0.789,-0.17,-0.034,-0.052,0.414,0.662,-0.671,0.498,0.126,-0.368,0.315,0.191,-0.262,-0.084,0.629,-0.45,0.523,0.299,-0.282,-0.608,0.469,-0.514,-0.371,0.537,0.812,0.629,0.579,0.571,0.689,-0.406,0.43,0.149,-0.327,-0.319,0.744,-0.109,-0.237,-0.107,-0.726,0.831,0.812,0.68,0.402,-0.683,-0.434,-0.639,-0.685,-0.502,-0.402,-0.452,-0.468,-0.129,-0.433,-0.704,-0.672,0.066,-0.529,-0.711,-0.715,-0.486,-0.445,-0.156,-0.459,-0.651,-0.633,0.194,-0.127,-0.62,0.648,-0.458,-0.178,0.563,0.402,-0.394,-0.419,-0.551,-0.623,-0.062,-0.429,0.262,0.643,0.168,-0.406,0.789,0.639,-0.474,0.608,0.714,-0.033,-0.667,-0.276,0.137,-0.373,0.771,-0.652,-0.629,0.831,-0.573,-0.359,-0.65,-0.738,0.487,0.042,-0.198,-0.52,-0.769,0.451,-0.674,-0.219,-0.498,-0.337,-0.659,-0.646,-0.592,0.088,-0.764,-0.608,-0.656,-0.713,-0.512,0.01,-0.55,-0.72,-0.64,-0.474,-0.369,-0.49,-0.556,-0.19,-0.842,-0.7,-0.652,-0.629,0.758,-0.488,-0.543,-0.636,-0.493,0.249,-0.632,-0.026,-0.374,-0.662,-0.496,-0.57,-0.246,-0.388,0.037,-0.542,-0.603,0.553,-0.471,-0.518,-0.12,-0.714,-0.751,-0.755,-0.741,-0.399,0.81,0.68,-0.164,0.647,0.851,0.285,0.619,0.745,0.702,0.083,0.01,0.348,0.52,-0.476,0.375,-0.536,0.488,0.638,0.164
000876SZ,0.472,0.652,0.06,0.864,0.328,0.607,-0.835,-0.501,-0.786,0.809,0.236,0.87,-0.342,0.032,0.584,0.472,0.836,0.643,0.595,0.627,-0.418,1.0,-0.082,0.877,0.042,0.578,0.1,0.048,0.169,0.433,0.809,0.766,-0.414,-0.131,0.27,0.701,0.365,0.282,-0.543,-0.235,0.654,-0.059,0.667,-0.857,-0.506,0.815,-0.496,0.412,0.166,-0.061,0.254,0.565,0.164,-0.859,0.507,-0.51,0.202,0.488,0.333,-0.692,0.767,0.517,-0.348,-0.367,-0.856,-0.681,-0.644,-0.607,0.798,-0.113,0.269,0.865,0.498,-0.637,0.768,0.687,0.625,0.759,-0.69,-0.542,-0.744,-0.863,0.698,0.53,0.754,0.824,0.604,0.731,0.404,0.353,-0.156,0.532,0.544,0.727,-0.087,0.618,0.741,0.76,0.838,0.386,-0.097,0.507,0.658,0.863,-0.029,0.555,0.612,-0.603,0.561,0.837,-0.608,0.09,0.774,0.439,0.342,0.794,0.134,0.913,-0.107,-0.7,-0.515,0.87,-0.456,-0.506,0.696,0.174,-0.675,0.263,0.694,0.581,-0.162,0.766,-0.838,0.764,0.753,-0.312,0.306,0.668,0.69,0.716,-0.642,-0.045,0.469,0.676,0.578,-0.476,0.788,0.673,0.233,0.549,0.794,0.624,0.746,-0.043,0.619,0.491,0.72,0.835,0.742,-0.309,0.792,0.631,0.531,0.125,0.718,0.636,0.864,-0.135,0.41,0.655,0.779,0.856,-0.466,0.739,0.649,0.833,0.836,-0.272,0.786,0.105,0.749,0.64,0.555,0.617,0.044,0.625,-0.239,0.873,0.832,-0.675,0.722,0.817,0.406,0.757,0.629,0.739,0.598,0.837,-0.574,-0.572,0.323,-0.643,-0.726,-0.598,0.205,-0.75,-0.839,0.466,0.714,-0.087,-0.689,0.495,-0.58,0.693,-0.276,-0.639,-0.182
000895SZ,-0.244,0.052,-0.401,-0.141,0.628,0.351,0.065,0.687,0.221,-0.221,-0.563,-0.017,0.009,0.132,-0.016,-0.378,-0.063,0.141,0.23,-0.295,0.594,-0.082,1.0,0.039,0.868,-0.018,-0.231,0.244,0.137,-0.347,-0.228,0.386,0.132,-0.218,0.63,0.191,0.172,0.73,-0.045,0.399,0.238,0.576,0.512,0.028,0.218,-0.407,-0.122,0.11,-0.683,-0.129,0.386,-0.031,0.219,0.131,-0.505,0.456,0.697,-0.494,-0.481,0.379,-0.147,-0.452,-0.161,0.241,0.094,0.072,0.223,0.027,0.228,-0.12,0.307,0.055,-0.633,0.425,0.153,0.276,-0.294,-0.319,0.27,0.449,0.283,0.098,-0.526,0.04,-0.047,-0.358,-0.586,0.154,0.134,0.185,-0.351,0.183,-0.237,-0.221,-0.417,-0.019,-0.106,-0.169,-0.094,0.234,0.279,0.239,-0.29,-0.191,-0.233,-0.415,-0.569,0.066,0.145,-0.229,0.235,0.813,0.17,-0.026,-0.718,-0.119,0.419,-0.191,0.499,0.041,0.397,0.108,0.067,-0.032,0.18,0.429,0.102,0.54,-0.062,0.404,-0.248,-0.068,0.284,-0.203,-0.002,0.367,-0.265,0.051,-0.614,-0.308,-0.173,0.453,0.46,-0.278,-0.654,-0.172,-0.232,0.407,-0.682,-0.527,-0.154,-0.317,-0.475,0.503,-0.554,-0.588,-0.472,-0.373,-0.342,-0.52,-0.041,-0.527,-0.457,-0.71,0.282,0.029,-0.059,0.213,-0.603,-0.117,-0.217,-0.258,0.141,-0.017,-0.238,-0.179,-0.032,0.664,-0.134,-0.111,-0.09,-0.127,-0.67,-0.127,0.298,0.202,-0.056,-0.055,-0.268,-0.057,-0.126,-0.05,0.337,-0.471,-0.452,-0.389,-0.334,0.187,0.501,0.333,0.25,0.01,0.498,-0.335,0.435,0.171,0.354,0.578,0.085,0.638,-0.058,-0.061,-0.218,-0.109,0.016,0.048,-0.453
000938SZ,0.606,0.772,-0.056,0.927,0.592,0.753,-0.828,-0.432,-0.781,0.876,0.25,0.914,-0.318,0.266,0.796,0.53,0.928,0.744,0.701,0.746,-0.456,0.877,0.039,1.0,0.112,0.734,-0.099,0.059,0.208,0.329,0.844,0.719,-0.334,-0.278,0.412,0.813,0.219,0.326,-0.672,-0.33,0.637,0.09,0.715,-0.779,-0.514,0.755,-0.578,0.3,0.083,-0.154,0.352,0.608,0.377,-0.88,0.354,-0.298,0.303,0.349,0.32,-0.564,0.847,0.485,-0.472,-0.367,-0.819,-0.697,-0.501,-0.697,0.87,-0.285,0.239,0.915,0.241,-0.575,0.577,0.709,0.47,0.761,-0.726,-0.565,-0.729,-0.845,0.667,0.693,0.792,0.826,0.465,0.887,0.582,0.486,-0.172,0.719,0.679,0.849,-0.12,0.763,0.821,0.823,0.915,0.536,0.203,0.632,0.708,0.907,-0.122,0.363,0.614,-0.605,0.713,0.645,-0.5,0.27,0.924,0.569,0.337,0.823,0.34,0.867,0.008,-0.731,-0.252,0.929,-0.609,-0.666,0.857,0.053,-0.729,0.497,0.813,0.694,-0.244,0.796,-0.822,0.803,0.818,-0.418,0.351,0.824,0.63,0.806,-0.754,0.211,0.638,0.66,0.594,-0.489,0.836,0.747,0.233,0.42,0.885,0.66,0.69,0.173,0.586,0.49,0.69,0.8,0.681,-0.375,0.908,0.606,0.617,0.05,0.827,0.819,0.836,0.029,0.443,0.783,0.874,0.896,-0.569,0.869,0.725,0.891,0.905,-0.0,0.873,0.268,0.817,0.736,0.413,0.755,0.252,0.776,-0.078,0.898,0.869,-0.721,0.79,0.918,0.599,0.74,0.653,0.745,0.644,0.948,-0.544,-0.506,0.393,-0.72,-0.702,-0.649,-0.014,-0.815,-0.803,0.638,0.731,0.165,-0.767,0.625,-0.69,0.752,-0.36,-0.672,-0.314
000963SZ,-0.314,-0.033,-0.168,-0.049,0.609,0.267,0.102,0.538,0.224,-0.177,-0.448,0.058,0.186,0.084,0.067,-0.368,0.014,0.046,0.132,-0.272,0.607,0.042,0.868,0.112,1.0,-0.078,0.035,0.475,0.347,-0.06,-0.28,0.476,0.183,-0.04,0.747,0.268,0.341,0.788,0.032,0.621,0.227,0.446,0.591,-0.097,0.083,-0.358,-0.188,0.237,-0.756,0.118,0.221,0.011,0.098,-0.01,-0.359,0.451,0.641,-0.181,-0.463,0.172,0.014,-0.209,0.043,0.334,0.063,0.108,0.239,0.135,0.172,0.109,0.607,0.166,-0.36,0.453,0.215,0.246,-0.037,-0.19,0.286,0.553,0.348,0.049,-0.439,-0.079,-0.101,-0.247,-0.416,0.169,0.028,0.035,-0.286,0.027,-0.367,-0.21,-0.252,-0.011,-0.113,-0.214,0.045,0.115,0.039,0.165,-0.417,-0.1,-0.125,-0.191,-0.582,0.196,0.083,-0.022,0.246,0.792,0.201,-0.179,-0.642,-0.079,0.18,-0.073,0.308,0.135,0.237,0.136,0.171,0.133,0.165,0.653,0.157,0.43,-0.135,0.32,-0.033,-0.06,0.291,-0.287,-0.081,0.504,-0.311,-0.021,-0.51,-0.248,-0.09,0.242,0.366,-0.046,-0.585,-0.03,-0.266,0.35,-0.584,-0.332,-0.111,-0.329,-0.306,0.282,-0.435,-0.473,-0.346,-0.287,-0.226,-0.541,0.017,-0.4,-0.548,-0.627,0.265,-0.023,-0.039,0.007,-0.649,-0.175,-0.136,-0.17,0.263,0.074,-0.254,-0.131,0.11,0.52,-0.096,-0.277,0.1,-0.235,-0.458,-0.207,0.173,0.181,-0.128,0.041,-0.183,-0.025,-0.061,0.033,0.186,-0.342,-0.391,-0.32,-0.352,0.219,0.503,0.433,0.06,0.099,0.448,-0.228,0.501,0.136,0.33,0.484,0.294,0.511,0.055,0.05,-0.041,0.018,0.168,0.154,-0.245
000999SZ,0.756,0.934,-0.521,0.772,0.587,0.847,-0.789,-0.333,-0.821,0.71,-0.03,0.817,-0.674,0.507,0.637,0.396,0.81,0.854,0.832,0.687,-0.663,0.578,-0.018,0.734,-0.078,1.0,-0.536,-0.276,-0.273,-0.194,0.766,0.588,-0.64,-0.748,0.404,0.799,0.03,0.156,-0.877,-0.694,0.544,0.435,0.597,-0.646,-0.636,0.579,-0.796,-0.132,0.092,-0.615,0.251,0.584,0.535,-0.788,0.032,-0.411,0.38,-0.073,0.429,-0.323,0.635,0.117,-0.835,-0.758,-0.828,-0.819,-0.65,-0.922,0.794,-0.703,0.178,0.581,-0.076,-0.747,0.209,0.637,-0.081,0.697,-0.902,-0.777,-0.76,-0.592,0.531,0.814,0.906,0.689,0.215,0.802,0.848,0.846,-0.307,0.871,0.871,0.779,-0.434,0.702,0.886,0.885,0.658,0.826,0.29,0.852,0.699,0.786,-0.545,-0.144,0.538,-0.726,0.866,0.238,-0.669,0.257,0.846,0.656,0.199,0.852,0.531,0.547,0.253,-0.872,0.155,0.746,-0.899,-0.914,0.892,-0.416,-0.884,0.579,0.882,0.786,-0.555,0.537,-0.773,0.75,0.856,-0.805,0.596,0.768,0.484,0.749,-0.902,0.222,0.782,0.66,0.539,-0.754,0.822,0.655,0.109,0.047,0.868,0.801,0.435,0.408,0.6,0.314,0.5,0.689,0.411,-0.478,0.827,0.513,0.609,-0.076,0.867,0.837,0.774,0.271,0.609,0.915,0.753,0.697,-0.917,0.64,0.765,0.833,0.738,0.271,0.854,0.295,0.486,0.892,0.122,0.868,0.58,0.875,-0.175,0.735,0.646,-0.894,0.665,0.824,0.649,0.575,0.615,0.73,0.765,0.807,-0.764,-0.732,0.556,-0.907,-0.668,-0.727,-0.431,-0.861,-0.748,0.585,0.226,0.153,-0.832,0.677,-0.683,0.741,-0.779,-0.887,-0.601
001965SZ,-0.497,-0.538,0.826,-0.128,-0.432,-0.537,0.323,-0.166,0.282,-0.101,0.287,-0.151,0.52,-0.566,-0.181,-0.042,-0.198,-0.514,-0.623,-0.273,0.318,0.1,-0.231,-0.099,0.035,-0.536,1.0,0.556,0.458,0.747,-0.249,-0.159,0.467,0.769,-0.234,-0.222,0.243,-0.052,0.577,0.606,-0.268,-0.651,-0.187,0.013,0.061,0.098,0.334,0.27,0.118,0.823,-0.339,-0.05,-0.55,0.116,0.418,0.064,-0.409,0.627,-0.072,-0.401,0.022,0.434,0.745,0.542,0.22,0.514,0.317,0.605,-0.374,0.884,0.126,0.057,0.641,0.246,0.217,-0.14,0.687,-0.157,0.36,0.373,0.264,-0.107,0.065,-0.507,-0.453,-0.009,0.404,-0.366,-0.575,-0.77,0.169,-0.629,-0.493,-0.161,0.529,-0.152,-0.358,-0.415,-0.008,-0.766,-0.582,-0.645,-0.346,-0.061,0.585,0.675,-0.053,0.502,-0.578,0.48,0.214,-0.341,-0.291,-0.539,0.146,-0.187,-0.731,0.161,-0.583,0.547,-0.654,-0.205,0.65,0.718,-0.488,0.519,0.471,-0.637,-0.465,-0.534,0.558,-0.051,0.242,-0.297,-0.481,0.571,-0.475,-0.332,0.263,-0.217,0.529,-0.468,-0.584,0.047,-0.011,0.603,-0.341,-0.341,0.213,0.575,-0.266,-0.312,0.254,-0.678,-0.024,0.185,0.151,-0.054,0.265,0.38,-0.209,0.049,-0.243,0.294,-0.428,-0.448,-0.251,-0.741,-0.311,-0.505,-0.17,-0.046,0.673,-0.026,-0.256,-0.21,-0.104,-0.601,-0.276,-0.11,0.197,-0.525,0.458,-0.414,-0.656,-0.47,-0.04,-0.168,0.013,0.425,-0.163,-0.135,-0.519,0.055,-0.148,-0.147,-0.301,-0.279,0.217,0.383,-0.617,0.576,0.083,0.551,0.357,0.273,0.094,-0.416,0.473,-0.441,0.532,-0.163,0.551,-0.041,0.632,0.559,0.781
