,000001SZ,000002SZ,000157SZ,000166SZ,000333SZ,000338SZ,000538SZ,000568SZ,000596SZ,000617SZ,000625SZ,000651SZ,000661SZ,000708SZ,000725SZ,000768SZ,000776SZ,000786SZ,000800SZ,000807SZ,000858SZ,000876SZ,000895SZ,000938SZ,000963SZ,000999SZ,001965SZ,002001SZ,002007SZ,002027SZ,002028SZ,002050SZ,002129SZ,002179SZ,002230SZ,002236SZ,002241SZ,002271SZ,002304SZ,002311SZ,002371SZ,002415SZ,002422SZ,002459SZ,002460SZ,002463SZ,002466SZ,002475SZ,002493SZ,002555SZ,002594SZ,002601SZ,002648SZ,002709SZ,002714SZ,002916SZ,002920SZ,002938SZ,003816SZ,300014SZ,300033SZ,300059SZ,300122SZ,300124SZ,300274SZ,300308SZ,300316SZ,300347SZ,300394SZ,300408SZ,300413SZ,300418SZ,300433SZ,300450SZ,300498SZ,300502SZ,300628SZ,300661SZ,300750SZ,300759SZ,300760SZ,300782SZ,600000SS,600010SS,600011SS,600015SS,600016SS,600018SS,600019SS,600023SS,600025SS,600026SS,600028SS,600029SS,600031SS,600036SS,600048SS,600050SS,600061SS,600085SS,600089SS,600104SS,600111SS,600115SS,600161SS,600183SS,600188SS,600196SS,600219SS,600233SS,600276SS,600309SS,600332SS,600346SS,600362SS,600377SS,600406SS,600415SS,600426SS,600436SS,600438SS,600489SS,600519SS,600570SS,600585SS,600588SS,600600SS,600660SS,600674SS,600741SS,600760SS,600795SS,600809SS,600875SS,600886SS,600887SS,600926SS,600989SS,601006SS,601009SS,601012SS,601021SS,601058SS,601066SS,601088SS,601100SS,601117SS,601138SS,601166SS,601169SS,601186SS,601225SS,601229SS,601238SS,601288SS,601318SS,601319SS,601328SS,601336SS,601360SS,601390SS,601398SS,601600SS,601601SS,601607SS,601618SS,601628SS,601633SS,601658SS,601668SS,601669SS,601688SS,601689SS,601698SS,601699SS,601766SS,601788SS,601799SS,601800SS,601808SS,601816SS,601818SS,601838SS,601857SS,601865SS,601872SS,601877SS,601878SS,601881SS,601888SS,601899SS,601901SS,601919SS,601939SS,601985SS,601988SS,601998SS,603019SS,603195SS,603259SS,603260SS,603288SS,603369SS,603501SS,603659SS,603799SS,603806SS,603833SS,603986SS,603993SS,688008SS,688009SS,688012SS,688036SS,688111SS,688169SS,688396SS
000001SZ,1.0,0.122,-0.613,-0.678,0.42,-0.22,-0.78,0.523,-0.483,-0.084,0.465,0.371,-0.559,-0.404,-0.317,-0.581,-0.387,0.211,0.012,0.485,0.216,-0.686,-0.864,-0.809,0.397,0.244,0.568,-0.632,-0.735,0.461,-0.862,0.151,-0.615,0.521,0.29,0.262,0.503,-0.65,0.75,-0.359,-0.179,0.516,0.13,-0.23,0.343,-0.453,-0.04,-0.688,0.183,-0.776,0.484,-0.717,0.274,-0.097,-0.854,-0.625,-0.412,-0.669,-0.618,0.104,-0.657,-0.399,-0.069,0.362,0.325,-0.501,-0.871,0.603,0.064,0.348,-0.025,-0.53,-0.532,0.513,-0.767,-0.553,-0.334,0.072,0.245,0.141,0.171,0.152,-0.233,-0.503,-0.71,0.002,-0.274,-0.038,0.517,-0.693,-0.628,-0.487,0.453,-0.558,-0.64,0.824,-0.261,-0.412,-0.742,-0.381,-0.803,0.44,-0.475,-0.564,-0.604,-0.167,-0.651,-0.559,0.127,-0.434,-0.783,0.124,-0.214,-0.218,0.405,-0.493,0.183,-0.25,0.375,-0.728,-0.133,-0.619,-0.418,-0.749,-0.616,0.104,0.61,0.318,0.156,0.44,-0.723,-0.316,0.006,-0.815,0.015,-0.332,0.859,-0.451,-0.393,-0.196,-0.868,-0.525,0.34,-0.743,0.155,-0.111,0.145,-0.238,0.936,-0.007,-0.203,-0.063,-0.368,0.649,0.406,-0.122,-0.298,0.055,-0.19,-0.681,-0.245,0.508,-0.121,0.027,-0.64,-0.649,-0.074,0.453,0.414,0.277,-0.015,-0.54,-0.851,-0.63,-0.596,-0.494,-0.607,0.278,-0.272,-0.532,-0.78,0.391,0.51,-0.296,-0.012,-0.463,-0.463,-0.6,-0.613,-0.678,0.611,0.385,0.33,0.668,-0.074,0.091,-0.082,-0.624,0.592,0.194,0.087,-0.713,0.395,0.157,-0.583,0.323,-0.829,0.381,0.183,0.346,-0.653,-0.763,-0.63,0.321,-0.613,0.384,-0.756
000002SZ,0.122,1.0,-0.302,0.073,0.776,0.78,-0.154,0.529,0.219,-0.269,0.552,0.872,-0.383,0.511,0.776,0.228,0.442,0.115,0.698,0.777,0.74,-0.251,-0.123,-0.098,0.749,0.773,0.68,0.366,-0.508,0.378,-0.095,0.734,0.078,0.723,0.634,0.589,0.401,0.071,0.383,-0.194,0.733,0.545,0.385,-0.263,0.749,0.674,0.815,0.224,0.797,-0.343,0.679,-0.099,0.776,0.665,-0.148,0.222,0.482,-0.07,-0.41,0.777,-0.149,0.133,0.081,0.729,0.632,0.457,0.104,0.181,0.774,0.666,0.491,-0.738,-0.425,0.611,-0.084,0.286,0.618,0.732,0.71,-0.01,0.201,0.75,-0.185,-0.074,-0.063,-0.008,-0.449,0.661,0.775,0.411,-0.12,-0.468,0.801,-0.021,0.299,0.589,0.159,-0.008,-0.064,0.659,-0.185,0.782,0.397,-0.275,-0.241,0.814,-0.091,-0.453,0.889,-0.644,-0.109,0.707,-0.091,0.606,0.742,0.32,0.689,-0.182,0.657,-0.31,0.319,0.181,0.292,-0.058,0.376,0.627,0.133,0.725,0.657,0.712,-0.402,0.614,0.453,-0.31,0.747,-0.598,0.07,-0.344,0.184,-0.137,-0.024,0.128,0.759,-0.169,0.891,0.61,0.894,0.352,0.287,0.147,0.105,0.75,-0.255,0.471,0.177,0.256,-0.426,0.115,-0.788,-0.367,0.733,-0.129,0.734,-0.233,-0.14,-0.054,-0.744,0.708,0.797,0.767,-0.212,-0.526,-0.027,-0.137,-0.37,0.087,-0.166,0.719,0.21,-0.326,0.13,0.301,-0.219,0.638,0.321,-0.189,0.237,0.076,0.047,0.037,0.683,0.352,0.827,0.187,0.74,0.06,-0.107,-0.142,0.472,0.613,0.815,0.163,-0.331,0.702,0.54,0.672,-0.451,0.576,0.785,0.808,-0.015,-0.116,0.363,0.587,0.288,0.68,0.141
000157SZ,-0.613,-0.302,1.0,0.86,-0.68,0.05,0.659,-0.844,-0.067,0.625,-0.699,-0.52,0.283,0.534,-0.064,0.331,0.529,0.395,-0.56,-0.66,-0.531,0.754,0.689,0.876,-0.658,-0.402,-0.59,0.215,0.913,-0.64,0.768,-0.604,0.26,-0.78,-0.769,-0.803,-0.886,0.238,-0.887,-0.057,-0.203,-0.893,-0.703,-0.102,-0.682,0.341,-0.141,0.519,-0.381,0.937,-0.813,0.822,-0.586,-0.358,0.709,0.804,-0.036,0.554,0.929,-0.284,0.928,0.803,0.073,-0.69,-0.754,0.602,0.542,-0.817,-0.476,-0.682,-0.059,0.614,0.596,-0.847,0.827,0.647,-0.231,-0.554,-0.666,-0.538,-0.554,-0.48,0.829,0.806,0.785,0.646,0.796,0.08,-0.698,0.535,0.161,0.857,-0.745,0.863,0.579,-0.618,0.679,0.813,0.875,0.252,0.927,-0.733,0.513,0.876,0.841,-0.028,0.857,0.859,-0.337,0.856,0.598,-0.326,0.749,0.045,-0.631,0.699,-0.636,0.557,-0.703,0.869,-0.578,0.784,0.498,0.8,0.622,-0.476,-0.788,-0.768,-0.648,-0.768,0.895,0.36,-0.504,0.858,-0.177,0.545,-0.275,0.773,0.757,0.81,0.453,0.639,-0.456,0.935,-0.188,-0.26,-0.347,0.249,-0.508,0.654,0.488,0.024,0.875,-0.942,0.144,0.612,0.825,0.435,0.644,0.934,-0.102,0.142,0.067,0.456,0.933,0.845,0.662,-0.615,-0.263,-0.522,0.323,0.887,0.743,0.908,0.933,0.764,0.955,-0.624,0.447,0.947,0.513,0.255,0.251,0.237,-0.573,0.714,0.561,0.822,0.852,0.379,-0.777,-0.826,-0.649,0.008,-0.112,0.487,0.703,0.907,-0.869,-0.599,-0.417,0.64,-0.354,-0.582,-0.045,-0.733,0.608,-0.708,-0.543,-0.599,0.823,0.835,0.366,-0.76,0.248,-0.657,0.665
000166SZ,-0.678,0.073,0.86,1.0,-0.368,0.379,0.709,-0.597,0.178,0.493,-0.481,-0.209,0.249,0.76,0.383,0.576,0.796,0.287,-0.19,-0.319,-0.178,0.742,0.747,0.906,-0.397,-0.056,-0.34,0.445,0.754,-0.55,0.851,-0.251,0.462,-0.521,-0.461,-0.532,-0.7,0.393,-0.776,-0.009,0.179,-0.693,-0.434,-0.081,-0.374,0.665,0.2,0.746,-0.053,0.864,-0.552,0.848,-0.293,-0.049,0.766,0.886,0.286,0.676,0.782,-0.005,0.946,0.879,0.176,-0.362,-0.449,0.824,0.729,-0.742,-0.119,-0.353,0.185,0.4,0.516,-0.601,0.887,0.752,0.17,-0.167,-0.361,-0.472,-0.348,-0.125,0.703,0.821,0.795,0.609,0.564,0.321,-0.428,0.827,0.298,0.65,-0.41,0.879,0.708,-0.468,0.658,0.788,0.967,0.592,0.915,-0.434,0.783,0.791,0.746,0.338,0.871,0.707,0.068,0.57,0.705,-0.036,0.65,0.39,-0.273,0.872,-0.278,0.474,-0.405,0.831,-0.328,0.914,0.729,0.848,0.857,-0.151,-0.722,-0.455,-0.342,-0.464,0.804,0.689,-0.227,0.82,0.04,0.321,-0.366,0.649,0.82,0.675,0.577,0.795,-0.236,0.944,0.116,0.062,0.065,0.378,-0.505,0.669,0.519,0.381,0.759,-0.773,0.098,0.646,0.619,0.422,0.308,0.816,0.316,-0.029,0.456,0.26,0.898,0.881,0.297,-0.324,-0.013,-0.258,0.206,0.697,0.821,0.919,0.809,0.791,0.934,-0.311,0.566,0.815,0.636,0.26,0.018,0.614,-0.36,0.63,0.686,0.936,0.962,0.591,-0.521,-0.642,-0.312,-0.096,0.256,0.418,0.609,0.843,-0.686,-0.314,-0.056,0.771,-0.481,-0.229,0.298,-0.435,0.53,-0.453,-0.178,-0.228,0.921,0.872,0.678,-0.475,0.495,-0.4,0.843
000333SZ,0.42,0.776,-0.68,-0.368,1.0,0.617,-0.377,0.912,0.279,-0.589,0.859,0.939,-0.265,0.13,0.621,0.032,0.096,0.064,0.782,0.9,0.93,-0.425,-0.372,-0.517,0.903,0.824,0.828,0.184,-0.806,0.699,-0.469,0.889,0.071,0.937,0.91,0.844,0.787,0.064,0.768,0.067,0.692,0.876,0.677,-0.054,0.949,0.303,0.593,-0.055,0.865,-0.695,0.957,-0.376,0.933,0.772,-0.407,-0.307,0.461,-0.269,-0.817,0.744,-0.559,-0.223,0.234,0.935,0.888,0.048,-0.151,0.7,0.772,0.809,0.605,-0.868,-0.495,0.917,-0.474,-0.12,0.573,0.835,0.919,0.432,0.553,0.876,-0.627,-0.485,-0.479,-0.384,-0.806,0.463,0.927,-0.004,-0.138,-0.774,0.901,-0.474,0.059,0.758,-0.37,-0.437,-0.477,0.299,-0.598,0.975,0.038,-0.697,-0.694,0.667,-0.515,-0.647,0.826,-0.895,-0.332,0.806,-0.383,0.563,0.912,-0.171,0.895,-0.461,0.955,-0.547,0.554,-0.284,0.088,-0.493,-0.026,0.808,0.541,0.935,0.88,0.964,-0.701,0.223,0.746,-0.625,0.689,-0.634,0.285,-0.648,-0.28,-0.544,-0.216,-0.06,0.854,-0.564,0.759,0.744,0.794,0.157,0.477,-0.253,-0.322,0.61,-0.678,0.809,-0.102,-0.215,-0.781,-0.312,-0.862,-0.783,0.51,-0.24,0.535,-0.53,-0.481,-0.563,-0.839,0.886,0.682,0.703,-0.465,-0.835,-0.398,-0.597,-0.746,-0.37,-0.588,0.933,-0.24,-0.734,-0.273,0.051,-0.336,0.23,0.554,-0.535,-0.018,-0.318,-0.357,-0.076,0.923,0.701,0.949,0.069,0.693,-0.337,-0.536,-0.613,0.873,0.882,0.889,-0.11,0.088,0.873,0.376,0.945,-0.608,0.919,0.896,0.947,-0.349,-0.531,0.143,0.892,0.191,0.917,-0.246
000338SZ,-0.22,0.78,0.05,0.379,0.617,1.0,0.237,0.353,0.43,-0.332,0.447,0.696,0.015,0.694,0.847,0.554,0.617,0.376,0.601,0.529,0.703,0.229,0.289,0.245,0.551,0.725,0.455,0.569,-0.143,0.304,0.267,0.671,0.466,0.493,0.532,0.419,0.177,0.506,0.054,0.133,0.818,0.3,0.303,-0.019,0.603,0.775,0.671,0.514,0.79,0.057,0.47,0.363,0.691,0.81,0.291,0.401,0.751,0.236,-0.182,0.723,0.158,0.419,0.393,0.615,0.518,0.746,0.505,0.04,0.709,0.359,0.769,-0.527,-0.083,0.403,0.261,0.533,0.636,0.641,0.646,0.037,0.282,0.715,-0.111,0.179,0.166,-0.034,-0.382,0.612,0.536,0.635,0.082,-0.27,0.486,0.145,0.702,0.263,0.115,0.13,0.239,0.651,0.18,0.585,0.602,-0.129,-0.1,0.912,0.194,-0.005,0.764,-0.406,0.312,0.758,0.203,0.836,0.571,0.465,0.649,-0.202,0.571,0.128,0.348,0.417,0.563,0.163,0.633,0.696,-0.129,0.551,0.594,0.522,-0.002,0.674,0.571,0.095,0.753,-0.416,-0.068,-0.166,0.278,-0.053,0.352,0.526,0.678,0.186,0.786,0.798,0.755,0.423,-0.061,0.16,-0.032,0.873,-0.133,0.124,-0.143,0.219,-0.323,-0.07,-0.611,-0.11,0.647,-0.405,0.775,-0.315,0.256,0.1,-0.596,0.523,0.613,0.461,-0.329,-0.286,0.334,0.098,-0.07,0.192,0.134,0.674,0.086,-0.101,0.334,0.113,-0.417,0.574,0.357,-0.099,0.527,0.339,0.364,0.404,0.405,0.097,0.631,-0.098,0.88,-0.092,-0.133,0.062,0.289,0.609,0.816,0.493,-0.412,0.662,0.66,0.578,-0.087,0.528,0.712,0.67,0.365,0.166,0.661,0.495,0.636,0.59,0.447
000538SZ,-0.78,-0.154,0.659,0.709,-0.377,0.237,1.0,-0.441,0.517,0.181,-0.433,-0.376,0.606,0.415,0.251,0.549,0.469,-0.002,-0.029,-0.49,-0.108,0.779,0.867,0.739,-0.399,-0.09,-0.489,0.634,0.78,-0.469,0.765,-0.133,0.632,-0.504,-0.303,-0.295,-0.486,0.682,-0.735,0.415,0.134,-0.522,-0.066,0.225,-0.372,0.45,-0.099,0.632,-0.205,0.78,-0.453,0.749,-0.288,0.076,0.827,0.573,0.371,0.566,0.577,-0.209,0.69,0.499,0.325,-0.383,-0.328,0.488,0.777,-0.459,-0.112,-0.428,0.105,0.545,0.64,-0.507,0.846,0.535,0.198,-0.13,-0.268,-0.019,-0.038,-0.141,0.29,0.516,0.603,0.094,0.369,0.083,-0.495,0.603,0.643,0.555,-0.477,0.568,0.698,-0.708,0.208,0.429,0.794,0.405,0.756,-0.419,0.417,0.564,0.508,0.203,0.635,0.733,-0.132,0.469,0.798,-0.103,0.449,0.253,-0.379,0.434,-0.232,0.22,-0.314,0.838,0.007,0.521,0.553,0.756,0.577,-0.123,-0.461,-0.335,-0.134,-0.386,0.719,0.209,0.115,0.854,0.055,0.383,-0.608,0.476,0.43,0.256,0.849,0.714,-0.289,0.788,-0.157,0.153,-0.262,0.34,-0.712,0.133,0.233,0.07,0.396,-0.602,-0.474,0.132,0.374,-0.029,0.385,0.691,0.166,-0.431,0.132,-0.012,0.747,0.625,0.235,-0.448,-0.336,-0.423,0.028,0.656,0.804,0.635,0.627,0.467,0.651,-0.308,0.248,0.547,0.557,-0.267,-0.34,0.243,0.019,0.547,0.629,0.691,0.645,0.793,-0.606,-0.298,-0.319,-0.516,0.077,-0.092,0.142,0.615,-0.486,-0.094,-0.069,0.728,-0.138,-0.181,0.427,-0.282,0.755,-0.251,-0.205,-0.319,0.624,0.735,0.644,-0.243,0.604,-0.333,0.704
000568SZ,0.523,0.529,-0.844,-0.597,0.912,0.353,-0.441,1.0,0.273,-0.692,0.876,0.752,-0.147,-0.192,0.408,-0.062,-0.193,-0.114,0.751,0.794,0.866,-0.501,-0.475,-0.723,0.82,0.732,0.718,0.04,-0.859,0.695,-0.616,0.84,0.04,0.912,0.923,0.864,0.896,0.026,0.856,0.209,0.523,0.92,0.791,0.151,0.858,0.011,0.311,-0.269,0.689,-0.803,0.953,-0.548,0.811,0.653,-0.506,-0.604,0.37,-0.409,-0.947,0.517,-0.732,-0.48,0.303,0.895,0.91,-0.25,-0.299,0.86,0.651,0.771,0.491,-0.773,-0.497,0.944,-0.614,-0.415,0.446,0.77,0.879,0.613,0.733,0.768,-0.816,-0.671,-0.688,-0.596,-0.893,0.161,0.83,-0.251,-0.101,-0.876,0.823,-0.706,-0.162,0.701,-0.657,-0.672,-0.658,0.043,-0.768,0.911,-0.225,-0.852,-0.841,0.435,-0.728,-0.686,0.627,-0.912,-0.393,0.625,-0.532,0.351,0.847,-0.448,0.845,-0.565,0.932,-0.626,0.621,-0.565,-0.053,-0.655,-0.311,0.727,0.694,0.923,0.859,0.957,-0.804,-0.065,0.791,-0.725,0.475,-0.59,0.316,-0.767,-0.572,-0.77,-0.266,-0.221,0.701,-0.73,0.473,0.627,0.573,-0.073,0.508,-0.495,-0.538,0.358,-0.83,0.913,-0.287,-0.523,-0.889,-0.531,-0.765,-0.904,0.29,-0.305,0.268,-0.653,-0.652,-0.778,-0.782,0.811,0.481,0.523,-0.565,-0.886,-0.564,-0.786,-0.882,-0.654,-0.771,0.872,-0.478,-0.893,-0.477,-0.156,-0.382,-0.042,0.657,-0.692,-0.27,-0.525,-0.581,-0.093,0.882,0.83,0.844,-0.041,0.497,-0.547,-0.714,-0.819,0.969,0.874,0.736,-0.324,0.327,0.824,0.254,0.925,-0.613,0.935,0.798,0.851,-0.549,-0.711,-0.011,0.94,0.103,0.894,-0.454
000596SZ,-0.483,0.219,-0.067,0.178,0.279,0.43,0.517,0.273,1.0,-0.318,0.134,0.182,0.448,0.255,0.536,0.284,0.302,-0.302,0.567,0.156,0.483,0.271,0.476,0.282,0.339,0.176,0.112,0.823,0.086,0.236,0.267,0.473,0.494,0.097,0.408,0.447,0.34,0.565,-0.025,0.496,0.439,0.261,0.597,0.226,0.386,0.459,0.326,0.624,0.345,0.104,0.289,0.334,0.334,0.617,0.324,0.116,0.57,0.467,-0.11,0.371,0.034,0.045,0.141,0.215,0.25,0.227,0.538,0.263,0.475,0.25,0.234,0.042,0.46,0.173,0.194,0.363,0.75,0.435,0.369,0.574,0.313,0.395,-0.361,0.077,0.195,-0.354,-0.299,0.277,0.218,0.337,0.644,-0.032,0.177,0.049,0.423,-0.209,-0.178,-0.042,0.235,0.336,0.113,0.262,0.332,-0.026,-0.124,0.494,0.102,-0.051,0.287,-0.284,0.519,0.461,-0.184,0.519,0.299,-0.05,0.453,-0.086,0.392,0.238,0.585,0.111,0.312,0.262,0.334,0.391,0.228,0.357,0.507,0.269,0.106,0.074,0.664,0.302,0.398,0.2,-0.579,0.056,0.014,-0.324,0.595,0.346,0.292,0.147,0.184,0.586,0.223,0.487,-0.486,-0.351,-0.04,0.222,-0.326,0.068,-0.622,-0.23,-0.284,-0.31,-0.236,-0.015,0.495,-0.586,0.345,-0.366,0.128,0.083,-0.428,0.211,-0.224,0.175,-0.149,-0.086,0.39,0.003,-0.002,0.098,-0.043,0.325,0.068,-0.137,0.345,-0.511,-0.708,0.24,0.378,0.082,0.492,0.138,0.078,0.588,0.098,0.391,0.346,-0.626,0.309,-0.448,-0.46,0.011,0.155,0.491,0.456,0.571,0.081,0.334,0.667,0.415,0.377,0.369,0.296,0.285,0.229,0.272,0.508,0.381,0.582,0.175,0.338
000617SZ,-0.084,-0.269,0.625,0.493,-0.589,-0.332,0.181,-0.692,-0.318,1.0,-0.588,-0.43,-0.297,0.277,-0.331,-0.282,0.349,0.173,-0.558,-0.441,-0.573,0.16,0.087,0.479,-0.47,-0.511,-0.342,-0.133,0.534,-0.478,0.233,-0.689,-0.331,-0.654,-0.817,-0.769,-0.62,-0.463,-0.485,-0.524,-0.555,-0.703,-0.736,-0.481,-0.592,0.128,-0.087,0.163,-0.495,0.454,-0.641,0.281,-0.629,-0.662,0.08,0.541,-0.599,0.235,0.737,-0.281,0.613,0.585,-0.391,-0.714,-0.807,0.163,-0.072,-0.575,-0.608,-0.368,-0.481,0.513,0.381,-0.728,0.374,0.371,-0.389,-0.673,-0.736,-0.593,-0.804,-0.607,0.839,0.609,0.502,0.84,0.878,0.147,-0.485,0.066,-0.124,0.79,-0.491,0.756,-0.035,-0.199,0.778,0.765,0.523,0.114,0.454,-0.604,0.259,0.826,0.697,-0.264,0.47,0.354,-0.369,0.737,-0.012,-0.437,0.385,-0.301,-0.495,0.447,-0.741,0.827,-0.677,0.38,-0.786,0.481,0.181,0.564,0.242,-0.75,-0.307,-0.723,-0.743,-0.657,0.476,0.148,-0.771,0.399,-0.273,0.597,0.055,0.765,0.702,0.86,-0.149,0.164,-0.408,0.517,-0.234,-0.661,-0.301,0.226,0.005,0.741,0.794,-0.289,0.824,-0.598,0.583,0.747,0.913,0.761,0.673,0.703,-0.147,0.662,-0.052,0.752,0.482,0.688,0.716,-0.365,-0.232,-0.3,0.702,0.743,0.284,0.693,0.653,0.7,0.656,-0.735,0.704,0.799,0.094,0.572,0.675,0.208,-0.902,0.72,0.305,0.546,0.498,-0.125,-0.495,-0.606,-0.543,0.422,-0.454,0.689,0.789,0.712,-0.711,-0.752,-0.587,0.3,-0.027,-0.758,-0.452,-0.73,0.138,-0.759,-0.68,-0.518,0.417,0.534,-0.147,-0.805,-0.366,-0.746,0.132
000625SZ,0.465,0.552,-0.699,-0.481,0.859,0.447,-0.433,0.876,0.134,-0.588,1.0,0.748,-0.16,-0.095,0.436,0.059,-0.161,0.046,0.76,0.704,0.805,-0.358,-0.419,-0.611,0.797,0.76,0.645,0.009,-0.777,0.693,-0.51,0.797,0.118,0.895,0.815,0.716,0.729,0.029,0.758,0.2,0.51,0.785,0.606,0.216,0.799,0.088,0.3,-0.26,0.692,-0.689,0.879,-0.419,0.778,0.626,-0.362,-0.456,0.409,-0.349,-0.838,0.584,-0.588,-0.321,0.369,0.874,0.862,-0.098,-0.206,0.691,0.572,0.719,0.626,-0.77,-0.575,0.873,-0.49,-0.326,0.377,0.682,0.876,0.42,0.621,0.684,-0.692,-0.592,-0.602,-0.477,-0.839,0.125,0.743,-0.143,-0.219,-0.841,0.738,-0.567,-0.044,0.677,-0.533,-0.491,-0.581,0.105,-0.623,0.879,-0.113,-0.75,-0.686,0.465,-0.665,-0.544,0.585,-0.764,-0.368,0.632,-0.468,0.384,0.773,-0.228,0.747,-0.371,0.838,-0.528,0.54,-0.367,0.077,-0.539,-0.164,0.669,0.491,0.866,0.773,0.903,-0.678,0.092,0.668,-0.676,0.526,-0.643,0.395,-0.71,-0.444,-0.62,-0.237,-0.13,0.704,-0.628,0.499,0.56,0.619,-0.17,0.498,-0.347,-0.488,0.452,-0.66,0.814,-0.21,-0.368,-0.793,-0.509,-0.766,-0.787,0.265,-0.271,0.266,-0.599,-0.523,-0.68,-0.717,0.877,0.585,0.457,-0.596,-0.838,-0.445,-0.639,-0.823,-0.552,-0.62,0.838,-0.446,-0.742,-0.429,0.017,-0.305,-0.001,0.545,-0.728,-0.271,-0.413,-0.433,-0.076,0.829,0.559,0.767,-0.011,0.555,-0.486,-0.628,-0.674,0.879,0.783,0.689,-0.213,0.216,0.771,0.268,0.814,-0.6,0.841,0.767,0.828,-0.43,-0.623,0.029,0.823,0.163,0.863,-0.442
000651SZ,0.371,0.872,-0.52,-0.209,0.939,0.696,-0.376,0.752,0.182,-0.43,0.748,1.0,-0.404,0.337,0.655,0.061,0.286,0.199,0.673,0.904,0.853,-0.408,-0.338,-0.356,0.879,0.798,0.848,0.197,-0.731,0.651,-0.348,0.822,0.008,0.872,0.795,0.736,0.61,0.007,0.665,-0.144,0.717,0.759,0.493,-0.259,0.916,0.458,0.749,0.023,0.906,-0.593,0.867,-0.26,0.937,0.749,-0.379,-0.074,0.422,-0.227,-0.65,0.828,-0.409,-0.033,0.096,0.857,0.766,0.243,-0.095,0.514,0.779,0.734,0.579,-0.891,-0.517,0.801,-0.394,0.081,0.571,0.764,0.843,0.23,0.336,0.851,-0.41,-0.321,-0.314,-0.164,-0.642,0.63,0.918,0.123,-0.24,-0.643,0.887,-0.277,0.134,0.774,-0.119,-0.236,-0.342,0.431,-0.45,0.924,0.207,-0.535,-0.543,0.743,-0.337,-0.599,0.893,-0.807,-0.32,0.852,-0.245,0.639,0.875,0.035,0.831,-0.366,0.87,-0.497,0.413,-0.084,0.137,-0.368,0.138,0.767,0.374,0.842,0.786,0.867,-0.591,0.386,0.59,-0.545,0.774,-0.613,0.277,-0.478,-0.041,-0.31,-0.245,-0.009,0.9,-0.426,0.895,0.703,0.867,0.289,0.462,-0.033,-0.127,0.713,-0.493,0.667,0.096,0.065,-0.617,-0.079,-0.859,-0.639,0.578,-0.126,0.664,-0.346,-0.366,-0.372,-0.792,0.863,0.781,0.795,-0.31,-0.731,-0.271,-0.424,-0.591,-0.146,-0.416,0.867,-0.043,-0.553,-0.133,0.257,-0.213,0.396,0.385,-0.381,0.092,-0.18,-0.209,-0.126,0.882,0.537,0.942,0.205,0.731,-0.134,-0.312,-0.415,0.721,0.763,0.897,-0.025,-0.116,0.798,0.376,0.845,-0.608,0.788,0.87,0.915,-0.211,-0.393,0.194,0.745,0.165,0.835,-0.107
000661SZ,-0.559,-0.383,0.283,0.249,-0.265,0.015,0.606,-0.147,0.448,-0.297,-0.16,-0.404,1.0,-0.028,0.08,0.543,-0.03,-0.151,0.006,-0.444,-0.045,0.738,0.725,0.369,-0.282,-0.122,-0.401,0.434,0.5,-0.226,0.481,0.018,0.693,-0.308,-0.028,-0.047,-0.156,0.73,-0.391,0.865,0.101,-0.196,0.19,0.645,-0.193,0.002,-0.292,0.375,-0.118,0.509,-0.285,0.527,-0.188,0.097,0.692,0.075,0.506,0.523,0.206,-0.166,0.253,0.041,0.512,-0.143,-0.047,0.138,0.589,-0.044,-0.02,-0.303,0.199,0.415,0.47,-0.18,0.425,0.151,0.191,0.028,-0.066,0.414,0.38,-0.028,-0.167,0.18,0.269,-0.329,-0.067,-0.361,-0.409,0.273,0.467,0.121,-0.422,0.032,0.415,-0.583,-0.342,-0.019,0.36,0.002,0.402,-0.295,0.168,0.084,0.139,-0.015,0.3,0.544,-0.263,0.232,0.707,-0.075,0.149,0.155,-0.258,0.035,-0.063,-0.116,-0.138,0.596,0.329,0.142,0.238,0.274,0.241,0.138,-0.306,-0.144,0.02,-0.21,0.491,-0.07,0.283,0.499,-0.171,0.278,-0.459,0.093,-0.099,-0.215,0.7,0.468,-0.354,0.399,-0.314,0.249,-0.332,0.002,-0.62,-0.361,-0.358,-0.015,-0.035,-0.33,-0.694,-0.384,-0.074,-0.527,0.199,0.28,-0.092,-0.572,-0.107,-0.31,0.378,0.106,0.093,-0.335,-0.453,-0.474,-0.368,0.227,0.452,0.2,0.268,-0.056,0.196,-0.054,-0.308,0.141,0.35,-0.557,-0.491,-0.095,0.327,-0.039,0.12,0.16,0.199,0.624,-0.391,-0.11,-0.294,-0.662,0.005,-0.383,-0.275,0.172,-0.167,0.128,-0.072,0.344,0.057,0.013,0.336,-0.107,0.681,-0.022,-0.094,-0.229,0.365,0.372,0.469,-0.01,0.688,-0.107,0.432
000708SZ,-0.404,0.511,0.534,0.76,0.13,0.694,0.415,-0.192,0.255,0.277,-0.095,0.337,-0.028,1.0,0.642,0.418,0.894,0.421,0.128,0.169,0.271,0.443,0.456,0.677,0.142,0.31,0.199,0.571,0.314,-0.136,0.521,0.148,0.306,-0.045,-0.041,-0.105,-0.3,0.315,-0.374,-0.107,0.539,-0.223,-0.245,-0.385,0.154,0.898,0.612,0.688,0.426,0.471,-0.053,0.633,0.228,0.379,0.446,0.843,0.383,0.516,0.402,0.493,0.631,0.841,0.104,0.067,-0.083,0.896,0.554,-0.387,0.263,0.052,0.37,-0.133,0.269,-0.176,0.553,0.846,0.403,0.221,0.08,-0.316,-0.259,0.352,0.435,0.68,0.643,0.498,0.238,0.772,0.138,0.731,0.107,0.322,0.083,0.698,0.749,-0.013,0.593,0.658,0.669,0.763,0.575,0.084,0.824,0.487,0.38,0.746,0.601,0.284,0.54,0.131,0.393,0.458,0.52,0.664,0.19,0.773,0.131,0.293,0.092,0.475,-0.176,0.8,0.686,0.625,0.829,0.234,-0.482,-0.012,0.102,-0.015,0.375,0.79,0.035,0.438,0.568,0.014,-0.201,0.392,0.759,0.53,0.334,0.725,0.296,0.632,0.645,0.424,0.498,0.668,-0.21,0.619,0.499,0.683,0.426,-0.401,0.199,0.658,0.292,0.389,-0.144,0.44,0.6,-0.024,0.795,0.158,0.655,0.623,-0.097,0.136,0.363,0.206,0.069,0.276,0.616,0.634,0.458,0.741,0.623,0.135,0.532,0.498,0.524,0.371,-0.06,0.776,-0.247,0.481,0.699,0.742,0.732,0.399,0.001,-0.326,0.228,0.11,0.514,0.378,0.384,0.626,-0.274,0.102,0.437,0.716,-0.515,0.169,0.372,0.044,0.096,-0.045,0.26,0.264,0.741,0.637,0.702,-0.071,0.483,0.046,0.713
000725SZ,-0.317,0.776,-0.064,0.383,0.621,0.847,0.251,0.408,0.536,-0.331,0.436,0.655,0.08,0.642,1.0,0.608,0.605,-0.024,0.714,0.582,0.727,0.185,0.316,0.245,0.511,0.727,0.435,0.638,-0.165,0.182,0.312,0.7,0.545,0.483,0.594,0.502,0.263,0.52,0.069,0.219,0.9,0.33,0.412,0.057,0.61,0.809,0.701,0.59,0.741,0.03,0.479,0.272,0.631,0.76,0.32,0.369,0.788,0.355,-0.191,0.654,0.155,0.315,0.34,0.641,0.58,0.647,0.565,0.045,0.707,0.557,0.656,-0.44,-0.064,0.438,0.276,0.419,0.815,0.78,0.65,0.074,0.366,0.763,-0.22,0.127,0.214,-0.112,-0.452,0.597,0.495,0.718,0.322,-0.317,0.573,0.155,0.59,0.17,0.03,0.09,0.28,0.784,0.173,0.571,0.631,-0.096,-0.064,0.885,0.149,-0.129,0.838,-0.464,0.332,0.676,-0.047,0.812,0.652,0.477,0.702,-0.133,0.592,0.109,0.486,0.418,0.583,0.229,0.628,0.7,-0.105,0.601,0.65,0.559,-0.04,0.737,0.591,0.084,0.62,-0.423,-0.292,-0.181,0.226,-0.195,0.422,0.504,0.505,0.176,0.725,0.797,0.823,0.377,-0.162,0.044,0.029,0.831,-0.18,0.18,-0.197,0.105,-0.389,-0.122,-0.68,-0.115,0.843,-0.483,0.834,-0.418,0.164,0.155,-0.715,0.53,0.528,0.478,-0.351,-0.315,0.339,0.121,-0.144,0.192,0.082,0.66,0.18,-0.135,0.411,-0.039,-0.569,0.749,0.417,-0.09,0.435,0.35,0.346,0.516,0.434,0.228,0.658,-0.277,0.856,-0.162,-0.224,0.036,0.295,0.618,0.809,0.469,-0.391,0.737,0.783,0.595,-0.049,0.508,0.764,0.723,0.363,0.218,0.778,0.541,0.7,0.565,0.492
000768SZ,-0.581,0.228,0.331,0.576,0.032,0.554,0.549,-0.062,0.284,-0.282,0.059,0.061,0.543,0.418,0.608,1.0,0.404,0.072,0.258,-0.047,0.204,0.637,0.663,0.465,-0.1,0.401,-0.156,0.413,0.321,-0.265,0.74,0.311,0.85,0.023,0.161,0.038,-0.291,0.779,-0.412,0.427,0.572,-0.178,0.12,0.49,0.019,0.484,0.159,0.501,0.29,0.508,-0.091,0.6,0.157,0.38,0.749,0.411,0.793,0.415,0.188,0.12,0.46,0.343,0.586,0.225,0.241,0.676,0.815,-0.358,0.322,-0.103,0.609,0.007,0.053,0.004,0.619,0.331,0.428,0.316,0.245,-0.097,0.387,0.278,0.01,0.273,0.326,-0.086,-0.174,-0.022,-0.157,0.78,0.31,-0.08,-0.047,0.221,0.636,-0.321,-0.052,0.121,0.53,0.491,0.584,0.005,0.573,0.085,0.237,0.461,0.451,0.477,0.283,0.026,0.72,0.186,0.248,0.565,0.072,0.593,0.259,-0.207,0.061,0.527,0.331,0.52,0.585,0.364,0.655,0.432,-0.59,0.125,0.185,0.062,0.488,0.589,0.338,0.473,0.126,-0.257,-0.364,0.014,0.201,-0.078,0.695,0.613,-0.037,0.521,0.179,0.472,0.263,-0.03,-0.494,0.037,-0.206,0.588,0.133,-0.276,-0.417,0.012,-0.139,-0.264,-0.242,0.262,0.333,-0.635,0.398,-0.386,0.44,0.29,-0.273,-0.025,0.215,-0.095,-0.421,0.088,0.629,0.386,0.225,0.101,0.417,0.243,-0.056,0.177,0.564,-0.17,-0.511,0.438,0.406,-0.097,0.253,0.46,0.535,0.735,-0.156,-0.258,0.042,-0.498,0.599,-0.233,-0.031,0.257,-0.103,0.228,0.319,0.418,-0.499,0.362,0.68,0.084,0.417,0.112,0.35,0.158,0.548,0.415,0.82,0.141,0.852,0.205,0.691
000776SZ,-0.387,0.442,0.529,0.796,0.096,0.617,0.469,-0.193,0.302,0.349,-0.161,0.286,-0.03,0.894,0.605,0.404,1.0,0.346,0.08,0.183,0.246,0.404,0.468,0.666,0.066,0.244,0.148,0.52,0.342,-0.162,0.545,0.128,0.345,-0.116,-0.072,-0.132,-0.307,0.295,-0.347,-0.136,0.465,-0.252,-0.172,-0.369,0.102,0.845,0.586,0.715,0.357,0.472,-0.094,0.623,0.166,0.297,0.423,0.784,0.349,0.538,0.434,0.396,0.655,0.843,0.08,0.009,-0.124,0.824,0.561,-0.341,0.246,0.019,0.328,-0.01,0.35,-0.206,0.566,0.793,0.43,0.196,0.019,-0.23,-0.239,0.314,0.479,0.651,0.593,0.534,0.294,0.73,0.089,0.72,0.171,0.387,0.062,0.717,0.644,-0.028,0.593,0.651,0.733,0.732,0.571,0.027,0.801,0.533,0.415,0.663,0.629,0.31,0.506,0.15,0.432,0.396,0.474,0.686,0.174,0.727,0.122,0.304,0.054,0.484,-0.132,0.74,0.679,0.592,0.795,0.197,-0.374,-0.06,0.061,-0.047,0.425,0.723,0.049,0.501,0.408,0.145,-0.218,0.475,0.795,0.531,0.347,0.738,0.227,0.648,0.528,0.377,0.432,0.666,-0.215,0.623,0.529,0.64,0.454,-0.387,0.179,0.674,0.354,0.435,-0.047,0.455,0.584,-0.003,0.805,0.19,0.626,0.665,-0.043,0.086,0.262,0.175,0.2,0.35,0.608,0.635,0.491,0.729,0.636,0.061,0.6,0.509,0.488,0.362,-0.03,0.758,-0.249,0.558,0.748,0.766,0.748,0.409,-0.042,-0.257,0.182,0.058,0.495,0.361,0.432,0.595,-0.288,0.069,0.377,0.691,-0.413,0.117,0.354,0.01,0.17,-0.059,0.206,0.211,0.746,0.626,0.69,-0.106,0.418,-0.031,0.729
000786SZ,0.211,0.115,0.395,0.287,0.064,0.376,-0.002,-0.114,-0.302,0.173,0.046,0.199,-0.151,0.421,-0.024,0.072,0.346,1.0,-0.266,0.028,0.05,0.22,0.009,0.145,0.03,0.196,0.211,-0.156,0.093,0.07,0.051,-0.085,-0.051,0.025,-0.153,-0.292,-0.271,-0.037,-0.088,-0.227,0.043,-0.177,-0.366,-0.205,0.004,0.173,0.113,0.025,0.229,0.19,-0.045,0.354,0.125,0.086,0.021,0.283,0.005,-0.089,0.141,0.209,0.272,0.544,0.27,0.016,-0.115,0.461,-0.024,-0.113,-0.042,-0.254,0.437,-0.245,0.007,-0.096,0.119,0.335,-0.305,-0.167,-0.012,-0.233,-0.19,0.052,0.402,0.295,0.061,0.429,0.204,0.247,0.075,0.09,-0.506,0.162,-0.123,0.215,0.374,0.278,0.302,0.309,0.166,0.014,0.188,0.027,0.236,0.1,0.027,0.241,0.278,0.361,0.108,0.179,0.019,0.246,0.658,0.254,0.013,0.308,-0.059,0.015,0.023,0.219,-0.449,0.314,0.312,0.002,0.242,0.083,-0.245,-0.154,-0.119,-0.052,0.175,0.235,-0.087,0.077,0.317,-0.038,0.567,0.147,0.33,0.486,-0.184,0.338,0.332,0.246,0.346,0.142,0.081,0.172,0.297,0.558,0.0,0.398,0.319,-0.236,0.296,0.428,0.235,0.211,0.124,0.114,-0.225,0.281,0.218,0.209,0.409,0.062,0.28,0.076,0.4,-0.073,-0.032,0.144,0.055,0.196,0.267,0.218,0.36,0.068,-0.056,0.261,-0.152,0.544,0.413,-0.004,-0.27,0.093,0.32,0.311,0.355,-0.111,0.029,-0.366,-0.014,0.493,0.286,0.343,0.407,0.218,-0.059,0.0,0.127,0.184,-0.097,-0.044,-0.293,-0.047,-0.193,0.04,0.033,0.069,0.298,0.051,0.026,-0.118,0.023,0.102,0.102
000800SZ,0.012,0.698,-0.56,-0.19,0.782,0.601,-0.029,0.751,0.567,-0.558,0.76,0.673,0.006,0.128,0.714,0.258,0.08,-0.266,1.0,0.628,0.842,-0.188,-0.041,-0.279,0.77,0.722,0.513,0.486,-0.53,0.477,-0.166,0.879,0.347,0.747,0.803,0.775,0.673,0.286,0.475,0.307,0.668,0.69,0.75,0.201,0.767,0.432,0.501,0.156,0.656,-0.444,0.793,-0.209,0.748,0.747,-0.069,-0.162,0.623,-0.045,-0.642,0.617,-0.362,-0.226,0.286,0.778,0.794,0.092,0.172,0.486,0.706,0.748,0.521,-0.59,-0.301,0.727,-0.156,-0.05,0.715,0.809,0.846,0.437,0.559,0.719,-0.646,-0.366,-0.305,-0.507,-0.744,0.281,0.669,0.216,0.201,-0.662,0.725,-0.322,0.214,0.368,-0.382,-0.363,-0.233,0.422,-0.358,0.812,0.121,-0.501,-0.466,0.653,-0.398,-0.493,0.67,-0.739,-0.014,0.624,-0.483,0.479,0.705,-0.05,0.769,-0.272,0.762,-0.299,0.69,-0.148,0.255,-0.15,0.151,0.651,0.414,0.876,0.839,0.832,-0.476,0.267,0.784,-0.35,0.619,-0.518,-0.122,-0.548,-0.257,-0.614,0.209,0.063,0.633,-0.343,0.521,0.655,0.664,0.103,0.098,-0.383,-0.249,0.475,-0.59,0.663,-0.393,-0.31,-0.714,-0.426,-0.781,-0.532,0.608,-0.524,0.421,-0.628,-0.33,-0.347,-0.852,0.739,0.418,0.52,-0.513,-0.646,-0.068,-0.394,-0.611,-0.309,-0.437,0.777,-0.157,-0.6,-0.031,-0.226,-0.621,0.306,0.626,-0.457,0.001,-0.152,-0.215,0.285,0.644,0.611,0.781,-0.321,0.596,-0.515,-0.634,-0.433,0.675,0.801,0.761,0.14,0.069,0.785,0.701,0.799,-0.268,0.748,0.774,0.779,-0.222,-0.258,0.364,0.802,0.431,0.731,-0.066
000807SZ,0.485,0.777,-0.66,-0.319,0.9,0.529,-0.49,0.794,0.156,-0.441,0.704,0.904,-0.444,0.169,0.582,-0.047,0.183,0.028,0.628,1.0,0.793,-0.535,-0.478,-0.467,0.812,0.723,0.884,0.065,-0.817,0.641,-0.463,0.749,-0.092,0.854,0.823,0.765,0.73,-0.086,0.75,-0.145,0.654,0.806,0.545,-0.212,0.886,0.285,0.676,-0.031,0.8,-0.689,0.862,-0.408,0.829,0.659,-0.497,-0.245,0.32,-0.216,-0.705,0.708,-0.514,-0.169,0.002,0.862,0.788,0.075,-0.21,0.596,0.755,0.793,0.423,-0.811,-0.473,0.839,-0.516,-0.081,0.545,0.786,0.797,0.265,0.395,0.84,-0.472,-0.355,-0.405,-0.205,-0.669,0.531,0.931,0.011,-0.177,-0.695,0.936,-0.402,-0.106,0.795,-0.206,-0.359,-0.448,0.286,-0.574,0.887,0.089,-0.598,-0.61,0.599,-0.434,-0.717,0.86,-0.849,-0.383,0.737,-0.341,0.543,0.913,-0.131,0.859,-0.416,0.862,-0.624,0.465,-0.225,-0.015,-0.481,-0.055,0.748,0.51,0.816,0.761,0.84,-0.695,0.279,0.529,-0.613,0.558,-0.612,0.306,-0.532,-0.198,-0.405,-0.347,-0.146,0.764,-0.55,0.755,0.625,0.852,0.203,0.523,-0.105,-0.14,0.629,-0.58,0.728,0.172,-0.049,-0.64,-0.053,-0.816,-0.723,0.571,-0.036,0.624,-0.294,-0.513,-0.432,-0.769,0.804,0.703,0.773,-0.207,-0.779,-0.413,-0.512,-0.654,-0.265,-0.545,0.821,-0.037,-0.644,-0.203,0.159,-0.18,0.367,0.408,-0.435,-0.022,-0.324,-0.31,-0.204,0.911,0.636,0.906,0.229,0.642,-0.11,-0.342,-0.549,0.753,0.708,0.812,-0.228,-0.05,0.797,0.255,0.845,-0.663,0.762,0.836,0.904,-0.296,-0.481,0.09,0.761,0.018,0.786,-0.187
000858SZ,0.216,0.74,-0.531,-0.178,0.93,0.703,-0.108,0.866,0.483,-0.573,0.805,0.853,-0.045,0.271,0.727,0.204,0.246,0.05,0.842,0.793,1.0,-0.184,-0.123,-0.329,0.849,0.855,0.715,0.404,-0.616,0.592,-0.277,0.916,0.294,0.837,0.882,0.802,0.712,0.289,0.603,0.264,0.778,0.769,0.71,0.048,0.891,0.465,0.566,0.129,0.852,-0.494,0.885,-0.17,0.89,0.849,-0.172,-0.168,0.622,-0.092,-0.704,0.73,-0.367,-0.064,0.405,0.889,0.847,0.194,0.073,0.644,0.77,0.75,0.691,-0.758,-0.302,0.813,-0.246,0.025,0.671,0.87,0.902,0.518,0.632,0.915,-0.615,-0.341,-0.336,-0.406,-0.767,0.485,0.826,0.158,0.041,-0.679,0.798,-0.332,0.282,0.585,-0.389,-0.338,-0.261,0.428,-0.417,0.91,0.176,-0.571,-0.608,0.793,-0.395,-0.462,0.839,-0.801,-0.097,0.834,-0.27,0.683,0.873,-0.056,0.88,-0.405,0.933,-0.289,0.597,-0.15,0.341,-0.279,0.14,0.823,0.433,0.899,0.911,0.914,-0.549,0.303,0.854,-0.419,0.736,-0.53,0.124,-0.552,-0.19,-0.526,0.032,0.198,0.807,-0.355,0.724,0.845,0.751,0.252,0.299,-0.241,-0.316,0.663,-0.604,0.678,-0.294,-0.228,-0.733,-0.406,-0.795,-0.625,0.577,-0.406,0.619,-0.607,-0.272,-0.429,-0.813,0.823,0.579,0.553,-0.558,-0.689,-0.177,-0.434,-0.618,-0.285,-0.424,0.905,-0.238,-0.617,-0.166,-0.047,-0.48,0.311,0.583,-0.432,0.115,-0.111,-0.184,0.207,0.801,0.663,0.91,-0.102,0.737,-0.429,-0.563,-0.47,0.799,0.934,0.932,0.113,0.096,0.885,0.514,0.922,-0.438,0.895,0.893,0.925,-0.154,-0.338,0.384,0.896,0.419,0.875,-0.051
000876SZ,-0.686,-0.251,0.754,0.742,-0.425,0.229,0.779,-0.501,0.271,0.16,-0.358,-0.408,0.738,0.443,0.185,0.637,0.404,0.22,-0.188,-0.535,-0.184,1.0,0.868,0.766,-0.429,-0.12,-0.489,0.461,0.798,-0.433,0.75,-0.215,0.646,-0.528,-0.363,-0.423,-0.558,0.652,-0.729,0.528,0.087,-0.588,-0.248,0.331,-0.398,0.341,-0.166,0.626,-0.129,0.859,-0.555,0.875,-0.336,-0.007,0.915,0.581,0.422,0.717,0.625,-0.122,0.75,0.607,0.475,-0.345,-0.356,0.588,0.742,-0.495,-0.185,-0.476,0.252,0.493,0.607,-0.521,0.821,0.551,0.084,-0.188,-0.306,-0.119,-0.014,-0.171,0.374,0.627,0.648,0.223,0.349,-0.065,-0.538,0.604,0.364,0.496,-0.586,0.574,0.705,-0.617,0.214,0.499,0.77,0.279,0.81,-0.476,0.546,0.541,0.547,0.157,0.691,0.845,-0.2,0.565,0.824,-0.067,0.612,0.304,-0.38,0.553,-0.294,0.246,-0.372,0.89,-0.118,0.642,0.58,0.69,0.658,-0.07,-0.657,-0.424,-0.28,-0.458,0.8,0.358,-0.032,0.777,-0.077,0.363,-0.379,0.465,0.446,0.354,0.709,0.794,-0.361,0.824,-0.132,0.134,-0.219,0.196,-0.613,0.256,0.086,0.205,0.488,-0.721,-0.32,0.198,0.378,-0.048,0.364,0.69,0.04,-0.301,0.15,0.015,0.826,0.579,0.326,-0.396,-0.251,-0.504,-0.112,0.588,0.733,0.705,0.68,0.447,0.721,-0.26,0.109,0.632,0.543,-0.088,-0.186,0.218,-0.088,0.327,0.468,0.665,0.715,0.72,-0.597,-0.574,-0.436,-0.354,0.102,0.069,0.24,0.65,-0.542,-0.18,-0.13,0.661,-0.273,-0.212,0.262,-0.392,0.698,-0.315,-0.239,-0.329,0.791,0.756,0.62,-0.349,0.668,-0.328,0.711
000895SZ,-0.864,-0.123,0.689,0.747,-0.372,0.289,0.867,-0.475,0.476,0.087,-0.419,-0.338,0.725,0.456,0.316,0.663,0.468,0.009,-0.041,-0.478,-0.123,0.868,1.0,0.817,-0.358,-0.125,-0.481,0.668,0.781,-0.454,0.853,-0.082,0.7,-0.491,-0.27,-0.27,-0.507,0.718,-0.745,0.486,0.198,-0.503,-0.089,0.313,-0.31,0.46,0.035,0.731,-0.093,0.836,-0.479,0.837,-0.227,0.107,0.906,0.63,0.523,0.699,0.608,-0.04,0.708,0.503,0.318,-0.318,-0.295,0.577,0.86,-0.509,-0.011,-0.381,0.173,0.486,0.598,-0.479,0.815,0.593,0.285,-0.044,-0.229,-0.016,-0.031,-0.082,0.303,0.569,0.706,0.096,0.3,0.015,-0.486,0.707,0.529,0.481,-0.466,0.558,0.739,-0.7,0.224,0.458,0.82,0.417,0.816,-0.41,0.547,0.54,0.562,0.226,0.759,0.718,-0.106,0.437,0.895,-0.027,0.448,0.321,-0.348,0.541,-0.186,0.199,-0.327,0.85,0.093,0.641,0.541,0.727,0.712,-0.01,-0.597,-0.311,-0.131,-0.401,0.773,0.357,0.088,0.831,0.026,0.378,-0.655,0.471,0.462,0.254,0.894,0.714,-0.296,0.818,-0.078,0.216,-0.165,0.308,-0.789,0.107,0.149,0.195,0.404,-0.654,-0.415,0.177,0.313,-0.047,0.25,0.681,0.207,-0.46,0.198,-0.024,0.758,0.637,0.147,-0.413,-0.316,-0.335,-0.049,0.564,0.837,0.657,0.661,0.487,0.667,-0.208,0.208,0.565,0.713,-0.251,-0.387,0.326,0.039,0.4,0.546,0.655,0.669,0.772,-0.569,-0.405,-0.319,-0.554,0.156,-0.019,0.159,0.648,-0.534,-0.082,-0.036,0.758,-0.305,-0.123,0.527,-0.299,0.838,-0.289,-0.15,-0.296,0.737,0.785,0.703,-0.279,0.732,-0.32,0.802
000938SZ,-0.809,-0.098,0.876,0.906,-0.517,0.245,0.739,-0.723,0.282,0.479,-0.611,-0.356,0.369,0.677,0.245,0.465,0.666,0.145,-0.279,-0.467,-0.329,0.766,0.817,1.0,-0.454,-0.308,-0.437,0.547,0.854,-0.519,0.872,-0.359,0.415,-0.672,-0.533,-0.525,-0.699,0.43,-0.852,0.078,0.069,-0.711,-0.47,-0.093,-0.433,0.582,0.149,0.8,-0.163,0.91,-0.65,0.891,-0.385,-0.066,0.802,0.891,0.21,0.794,0.866,-0.026,0.886,0.781,-0.025,-0.523,-0.588,0.73,0.766,-0.745,-0.16,-0.455,-0.027,0.555,0.674,-0.709,0.847,0.829,0.182,-0.273,-0.46,-0.394,-0.464,-0.237,0.653,0.856,0.92,0.507,0.617,0.267,-0.514,0.714,0.407,0.761,-0.519,0.863,0.662,-0.648,0.653,0.798,0.929,0.478,0.939,-0.558,0.727,0.836,0.802,0.216,0.893,0.69,-0.109,0.649,0.749,-0.091,0.563,0.299,-0.421,0.724,-0.377,0.514,-0.507,0.829,-0.265,0.868,0.521,0.882,0.788,-0.23,-0.716,-0.555,-0.4,-0.616,0.872,0.492,-0.305,0.906,-0.01,0.517,-0.575,0.773,0.775,0.648,0.647,0.693,-0.33,0.931,-0.014,-0.017,-0.096,0.484,-0.716,0.484,0.553,0.189,0.689,-0.868,0.01,0.577,0.661,0.392,0.391,0.89,0.257,-0.084,0.317,0.378,0.869,0.91,0.353,-0.459,-0.283,-0.261,0.338,0.746,0.9,0.909,0.878,0.84,0.87,-0.439,0.582,0.856,0.785,0.063,-0.069,0.495,-0.412,0.703,0.701,0.805,0.84,0.542,-0.637,-0.662,-0.417,-0.234,0.052,0.37,0.503,0.909,-0.792,-0.412,-0.173,0.802,-0.5,-0.373,0.284,-0.514,0.705,-0.576,-0.338,-0.39,0.915,0.964,0.598,-0.584,0.467,-0.566,0.844
000963SZ,0.397,0.749,-0.658,-0.397,0.903,0.551,-0.399,0.82,0.339,-0.47,0.797,0.879,-0.282,0.142,0.511,-0.1,0.066,0.03,0.77,0.812,0.849,-0.429,-0.358,-0.454,1.0,0.685,0.82,0.292,-0.763,0.739,-0.508,0.859,-0.071,0.864,0.824,0.819,0.791,-0.047,0.737,0.012,0.536,0.867,0.64,-0.127,0.945,0.313,0.648,-0.011,0.845,-0.687,0.916,-0.346,0.896,0.726,-0.462,-0.246,0.391,-0.219,-0.751,0.849,-0.574,-0.219,0.063,0.815,0.76,0.038,-0.213,0.687,0.764,0.777,0.424,-0.817,-0.412,0.835,-0.518,0.003,0.581,0.724,0.847,0.463,0.395,0.769,-0.57,-0.388,-0.396,-0.313,-0.7,0.446,0.935,-0.077,-0.242,-0.691,0.856,-0.409,0.0,0.761,-0.268,-0.343,-0.475,0.281,-0.608,0.946,0.098,-0.617,-0.653,0.633,-0.49,-0.703,0.717,-0.847,-0.313,0.819,-0.382,0.493,0.841,-0.189,0.782,-0.318,0.874,-0.566,0.506,-0.257,0.01,-0.406,0.011,0.686,0.585,0.887,0.806,0.885,-0.674,0.159,0.648,-0.625,0.743,-0.467,0.237,-0.502,-0.187,-0.46,-0.232,-0.136,0.888,-0.557,0.745,0.618,0.736,0.301,0.448,-0.246,-0.197,0.495,-0.66,0.763,-0.057,-0.121,-0.695,-0.198,-0.815,-0.712,0.489,-0.154,0.474,-0.364,-0.492,-0.502,-0.793,0.92,0.559,0.775,-0.32,-0.799,-0.334,-0.55,-0.669,-0.27,-0.59,0.852,-0.14,-0.66,-0.211,0.098,-0.274,0.226,0.416,-0.487,-0.013,-0.369,-0.419,-0.126,0.889,0.642,0.918,0.13,0.515,-0.246,-0.505,-0.497,0.783,0.786,0.811,-0.042,0.071,0.708,0.342,0.865,-0.582,0.806,0.752,0.867,-0.335,-0.437,0.048,0.78,0.145,0.785,-0.278
000999SZ,0.244,0.773,-0.402,-0.056,0.824,0.725,-0.09,0.732,0.176,-0.511,0.76,0.798,-0.122,0.31,0.727,0.401,0.244,0.196,0.722,0.723,0.855,-0.12,-0.125,-0.308,0.685,1.0,0.633,0.22,-0.55,0.391,-0.173,0.822,0.301,0.826,0.766,0.63,0.49,0.274,0.454,0.142,0.789,0.595,0.519,0.11,0.718,0.453,0.465,0.022,0.78,-0.38,0.749,-0.138,0.782,0.715,-0.091,-0.077,0.621,-0.223,-0.608,0.585,-0.237,0.023,0.546,0.866,0.84,0.325,0.081,0.388,0.684,0.629,0.751,-0.762,-0.476,0.741,-0.105,-0.028,0.473,0.786,0.829,0.184,0.628,0.813,-0.442,-0.269,-0.308,-0.27,-0.67,0.382,0.698,0.289,-0.099,-0.691,0.743,-0.283,0.303,0.577,-0.309,-0.274,-0.189,0.513,-0.281,0.813,0.214,-0.534,-0.484,0.754,-0.288,-0.287,0.833,-0.687,-0.076,0.669,-0.06,0.608,0.791,0.169,0.771,-0.416,0.793,-0.243,0.421,-0.031,0.392,-0.237,0.206,0.76,0.167,0.803,0.769,0.837,-0.46,0.466,0.691,-0.387,0.66,-0.744,0.253,-0.58,-0.133,-0.411,0.023,0.23,0.682,-0.253,0.727,0.737,0.761,0.046,0.378,-0.052,-0.307,0.756,-0.424,0.573,-0.164,-0.131,-0.651,-0.303,-0.763,-0.527,0.52,-0.344,0.61,-0.575,-0.166,-0.348,-0.732,0.725,0.804,0.474,-0.593,-0.615,-0.15,-0.308,-0.535,-0.282,-0.268,0.832,-0.24,-0.507,-0.135,0.117,-0.333,0.392,0.58,-0.486,0.041,-0.01,-0.037,0.232,0.711,0.432,0.791,0.036,0.814,-0.289,-0.353,-0.39,0.707,0.794,0.839,0.003,-0.093,0.86,0.462,0.778,-0.498,0.788,0.886,0.875,-0.1,-0.312,0.437,0.797,0.432,0.881,0.006
001965SZ,0.568,0.68,-0.59,-0.34,0.828,0.455,-0.489,0.718,0.112,-0.342,0.645,0.848,-0.401,0.199,0.435,-0.156,0.148,0.211,0.513,0.884,0.715,-0.489,-0.481,-0.437,0.82,0.633,1.0,0.065,-0.756,0.649,-0.525,0.654,-0.198,0.785,0.716,0.685,0.701,-0.183,0.71,-0.165,0.514,0.774,0.422,-0.288,0.854,0.242,0.664,-0.042,0.78,-0.661,0.802,-0.331,0.789,0.592,-0.557,-0.214,0.202,-0.219,-0.651,0.742,-0.524,-0.116,-0.04,0.742,0.654,0.074,-0.307,0.616,0.68,0.715,0.364,-0.806,-0.377,0.756,-0.556,0.01,0.411,0.648,0.703,0.289,0.284,0.745,-0.388,-0.245,-0.341,-0.103,-0.551,0.536,0.901,-0.138,-0.311,-0.59,0.847,-0.384,-0.104,0.835,-0.157,-0.275,-0.446,0.242,-0.586,0.826,0.124,-0.554,-0.617,0.549,-0.356,-0.657,0.743,-0.768,-0.395,0.731,-0.224,0.476,0.847,-0.162,0.707,-0.354,0.808,-0.593,0.31,-0.197,-0.07,-0.484,-0.066,0.681,0.525,0.711,0.669,0.758,-0.643,0.18,0.454,-0.617,0.619,-0.471,0.425,-0.405,-0.152,-0.289,-0.416,-0.135,0.788,-0.527,0.769,0.555,0.732,0.342,0.578,-0.05,-0.097,0.56,-0.542,0.653,0.217,0.009,-0.541,0.005,-0.683,-0.668,0.422,0.077,0.563,-0.174,-0.457,-0.436,-0.615,0.782,0.647,0.732,-0.143,-0.716,-0.425,-0.476,-0.546,-0.19,-0.522,0.734,-0.05,-0.563,-0.249,0.239,-0.03,0.31,0.259,-0.384,0.045,-0.352,-0.352,-0.303,0.901,0.548,0.825,0.35,0.51,-0.0,-0.271,-0.464,0.704,0.659,0.722,-0.179,0.033,0.648,0.086,0.767,-0.678,0.708,0.706,0.832,-0.273,-0.428,0.004,0.663,-0.012,0.705,-0.242
