,000001SZ,000002SZ,000157SZ,000166SZ,000333SZ,000338SZ,000538SZ,000568SZ,000596SZ,000617SZ,000625SZ,000651SZ,000661SZ,000708SZ,000725SZ,000768SZ,000776SZ,000786SZ,000800SZ,000807SZ,000858SZ,000876SZ,000895SZ,000938SZ,000963SZ,000999SZ,001965SZ,002001SZ,002007SZ,002027SZ,002028SZ,002050SZ,002129SZ,002179SZ,002230SZ,002236SZ,002241SZ,002271SZ,002304SZ,002311SZ,002371SZ,002415SZ,002422SZ,002459SZ,002460SZ,002463SZ,002466SZ,002475SZ,002493SZ,002555SZ,002594SZ,002601SZ,002648SZ,002709SZ,002714SZ,002916SZ,002920SZ,002938SZ,003816SZ,300014SZ,300033SZ,300059SZ,300122SZ,300124SZ,300274SZ,300308SZ,300316SZ,300347SZ,300394SZ,300408SZ,300413SZ,300418SZ,300433SZ,300450SZ,300498SZ,300502SZ,300628SZ,300661SZ,300750SZ,300759SZ,300760SZ,300782SZ,600000SS,600010SS,600011SS,600015SS,600016SS,600018SS,600019SS,600023SS,600025SS,600026SS,600028SS,600029SS,600031SS,600036SS,600048SS,600050SS,600061SS,600085SS,600089SS,600104SS,600111SS,600115SS,600161SS,600183SS,600188SS,600196SS,600219SS,600233SS,600276SS,600309SS,600332SS,600346SS,600362SS,600377SS,600406SS,600415SS,600426SS,600436SS,600438SS,600489SS,600519SS,600570SS,600585SS,600588SS,600600SS,600660SS,600674SS,600741SS,600760SS,600795SS,600809SS,600875SS,600886SS,600887SS,600926SS,600989SS,601006SS,601009SS,601012SS,601021SS,601058SS,601066SS,601088SS,601100SS,601117SS,601138SS,601166SS,601169SS,601186SS,601225SS,601229SS,601238SS,601288SS,601318SS,601319SS,601328SS,601336SS,601360SS,601390SS,601398SS,601600SS,601601SS,601607SS,601618SS,601628SS,601633SS,601658SS,601668SS,601669SS,601688SS,601689SS,601698SS,601699SS,601766SS,601788SS,601799SS,601800SS,601808SS,601816SS,601818SS,601838SS,601857SS,601865SS,601872SS,601877SS,601878SS,601881SS,601888SS,601899SS,601901SS,601919SS,601939SS,601985SS,601988SS,601998SS,603019SS,603195SS,603259SS,603260SS,603288SS,603369SS,603501SS,603659SS,603799SS,603806SS,603833SS,603986SS,603993SS,688008SS,688009SS,688012SS,688036SS,688111SS,688169SS,688396SS
000001SZ,1.0,0.132,0.239,0.123,0.388,0.348,0.761,0.083,0.259,0.141,0.291,0.183,0.266,0.548,-0.102,0.274,-0.167,-0.181,0.246,0.175,0.333,-0.103,0.342,0.534,0.437,-0.365,0.581,-0.243,0.27,0.661,-0.089,0.535,0.252,0.557,-0.34,0.369,0.386,0.25,0.614,0.147,0.364,0.75,-0.736,0.421,0.327,0.561,-0.707,0.574,0.404,0.235,0.221,0.499,-0.221,0.398,-0.009,0.325,0.432,0.548,-0.336,0.607,0.292,0.42,0.298,0.486,0.573,0.67,0.479,-0.113,0.675,0.483,0.427,0.056,0.596,-0.528,-0.11,0.429,0.414,0.286,0.451,-0.272,-0.294,0.522,0.757,-0.452,-0.013,0.642,0.624,-0.396,0.04,0.466,0.138,-0.262,-0.507,0.348,0.509,0.853,0.4,-0.259,-0.039,0.435,-0.626,0.438,-0.049,0.324,-0.192,0.663,-0.51,-0.461,0.172,0.449,-0.521,0.377,-0.193,0.338,-0.305,0.761,-0.533,-0.299,0.285,0.482,0.679,-0.631,0.443,0.508,0.703,0.088,0.333,0.505,0.331,0.298,0.488,-0.19,0.264,-0.042,0.184,-0.391,0.421,-0.399,0.658,0.673,0.501,0.598,0.819,0.17,0.012,0.43,-0.105,0.566,0.775,0.744,-0.058,0.088,-0.285,0.155,0.285,0.62,0.224,-0.23,0.726,-0.484,0.02,0.324,-0.403,0.784,-0.531,-0.113,0.482,0.286,0.014,0.048,-0.423,0.171,0.742,-0.059,-0.356,-0.311,0.202,0.418,-0.127,0.081,0.573,0.712,0.63,-0.523,0.658,-0.093,0.395,-0.044,0.312,0.782,-0.59,-0.1,-0.257,0.497,-0.434,-0.492,0.593,0.337,-0.022,-0.082,-0.257,0.088,0.394,0.441,0.47,0.377,0.489,0.257,0.322,0.102,0.498,-0.232,0.13,0.633,0.483,0.414,0.328
000002SZ,0.132,1.0,-0.242,-0.16,-0.338,-0.171,0.138,-0.292,-0.366,0.446,-0.186,-0.27,-0.362,-0.018,-0.223,-0.192,0.36,0.291,0.21,0.613,-0.259,0.285,-0.439,-0.267,-0.214,0.185,0.455,0.542,0.321,-0.113,-0.297,-0.188,-0.248,-0.198,-0.051,0.0,-0.191,0.123,0.05,-0.433,-0.172,0.048,-0.198,0.158,-0.19,-0.269,-0.203,-0.104,0.239,-0.103,0.219,-0.216,-0.107,-0.122,0.323,-0.394,-0.325,-0.022,-0.039,-0.089,0.134,0.115,-0.14,-0.259,0.064,-0.207,-0.125,-0.263,-0.16,-0.226,-0.195,-0.061,-0.105,-0.152,0.293,-0.28,-0.088,-0.249,0.217,0.066,-0.307,-0.187,0.348,-0.2,-0.335,0.686,0.509,0.317,0.104,0.15,-0.359,0.231,0.212,0.697,-0.043,0.203,0.604,0.346,0.002,0.464,-0.138,-0.021,-0.209,0.614,0.217,-0.231,0.347,0.14,0.226,-0.179,-0.168,-0.135,0.119,0.241,0.296,0.248,0.204,0.041,-0.303,-0.156,-0.004,0.096,-0.291,-0.187,0.07,-0.19,-0.328,-0.152,0.203,-0.194,-0.138,0.39,-0.305,-0.315,0.422,0.007,-0.102,-0.466,0.247,0.101,-0.058,0.513,0.151,0.307,0.224,-0.227,0.534,0.414,0.455,0.201,0.269,0.673,0.68,-0.124,0.774,0.168,0.295,0.779,-0.039,0.183,0.353,0.667,0.379,0.444,0.211,-0.132,0.458,-0.251,0.478,0.664,0.036,0.389,-0.097,-0.438,0.497,0.412,0.23,-0.464,0.086,-0.264,0.348,0.323,0.055,0.166,0.101,0.08,-0.012,0.074,-0.044,-0.128,0.221,-0.012,0.274,0.494,0.219,0.381,0.738,-0.287,-0.541,-0.411,-0.209,-0.404,-0.318,-0.239,-0.212,-0.126,-0.074,-0.355,-0.202,0.035,-0.295,0.008,-0.272,-0.245,-0.073,-0.341,-0.366
000157SZ,0.239,-0.242,1.0,0.953,0.903,0.891,0.245,0.787,0.778,0.106,0.952,0.883,0.705,-0.157,0.772,0.893,0.313,-0.791,0.669,0.378,0.79,-0.913,0.112,0.809,0.91,-0.49,-0.217,-0.567,-0.326,0.763,0.657,0.837,0.87,0.787,0.236,0.638,0.91,-0.592,0.663,0.544,0.804,0.454,0.079,0.758,0.909,0.44,-0.111,0.723,-0.24,0.784,0.027,0.59,-0.267,0.701,-0.903,0.886,0.897,0.799,0.153,0.541,0.756,0.837,0.322,0.809,0.804,0.665,0.826,0.682,0.242,0.823,0.853,0.665,0.724,0.292,-0.678,0.792,0.794,0.922,0.526,-0.475,-0.283,0.826,0.36,0.262,0.889,0.167,0.413,-0.629,0.409,0.679,0.753,-0.885,-0.678,-0.085,0.79,0.526,-0.681,-0.146,0.82,0.314,-0.102,0.728,0.762,0.146,0.291,0.306,0.088,-0.689,0.564,0.557,0.2,0.936,0.443,-0.397,0.353,0.527,-0.27,0.26,0.916,0.72,0.617,-0.173,0.776,0.767,0.693,0.831,0.82,0.92,0.769,0.721,0.833,-0.684,0.77,0.84,0.476,-0.75,0.891,0.601,0.46,0.717,0.794,0.328,0.517,0.527,0.777,0.884,-0.698,-0.105,0.436,0.602,-0.412,0.054,-0.447,0.808,-0.199,0.782,0.537,-0.27,0.731,-0.689,-0.523,0.325,-0.431,-0.038,-0.568,0.763,-0.473,0.922,0.083,-0.072,0.224,0.452,0.627,0.457,-0.3,-0.263,0.697,0.841,0.198,0.862,0.523,0.579,0.79,-0.138,0.667,-0.859,0.647,0.727,0.922,0.396,-0.263,0.447,-0.721,0.567,-0.44,-0.163,-0.048,0.952,0.743,0.596,0.778,0.864,0.777,0.877,0.855,0.796,0.819,0.744,0.902,0.63,0.777,0.317,0.854,0.626,0.661,0.588,0.772
000166SZ,0.123,-0.16,0.953,1.0,0.778,0.913,0.134,0.659,0.609,0.159,0.945,0.779,0.558,-0.341,0.865,0.883,0.516,-0.676,0.771,0.507,0.643,-0.856,-0.015,0.701,0.853,-0.321,-0.183,-0.377,-0.422,0.683,0.695,0.728,0.812,0.69,0.408,0.706,0.907,-0.68,0.562,0.379,0.713,0.427,0.214,0.787,0.867,0.465,0.049,0.629,-0.161,0.801,0.197,0.425,-0.149,0.591,-0.901,0.855,0.793,0.778,0.283,0.551,0.844,0.857,0.141,0.675,0.743,0.601,0.757,0.585,0.191,0.749,0.735,0.623,0.671,0.467,-0.541,0.803,0.708,0.849,0.476,-0.518,-0.351,0.739,0.258,0.437,0.886,0.201,0.389,-0.426,0.574,0.706,0.716,-0.803,-0.524,0.004,0.779,0.41,-0.688,0.082,0.917,0.411,0.066,0.785,0.78,0.274,0.334,0.277,0.28,-0.568,0.711,0.384,0.272,0.89,0.625,-0.394,0.517,0.438,-0.053,0.454,0.866,0.577,0.539,-0.093,0.631,0.644,0.621,0.807,0.7,0.86,0.735,0.781,0.736,-0.523,0.626,0.904,0.562,-0.707,0.805,0.594,0.423,0.637,0.683,0.366,0.446,0.656,0.796,0.765,-0.539,-0.009,0.382,0.516,-0.271,0.115,-0.271,0.875,-0.102,0.717,0.676,-0.155,0.632,-0.518,-0.378,0.36,-0.226,-0.073,-0.38,0.866,-0.483,0.913,0.272,0.116,0.438,0.616,0.501,0.49,-0.089,-0.048,0.817,0.691,0.377,0.874,0.559,0.494,0.702,0.065,0.618,-0.841,0.738,0.857,0.942,0.24,-0.131,0.569,-0.572,0.553,-0.234,0.012,-0.054,0.88,0.627,0.467,0.842,0.758,0.607,0.829,0.778,0.816,0.755,0.654,0.87,0.759,0.701,0.531,0.79,0.52,0.587,0.505,0.723
000333SZ,0.388,-0.338,0.903,0.778,1.0,0.76,0.459,0.891,0.937,-0.059,0.834,0.911,0.9,0.035,0.534,0.844,-0.052,-0.847,0.452,0.185,0.93,-0.862,0.285,0.894,0.903,-0.709,-0.238,-0.797,-0.06,0.827,0.51,0.931,0.881,0.846,-0.055,0.464,0.805,-0.476,0.799,0.785,0.873,0.462,-0.174,0.666,0.878,0.378,-0.374,0.817,-0.223,0.589,-0.115,0.81,-0.41,0.835,-0.765,0.799,0.977,0.779,-0.114,0.492,0.547,0.727,0.583,0.937,0.827,0.705,0.85,0.721,0.335,0.895,0.96,0.693,0.719,-0.012,-0.78,0.658,0.854,0.916,0.595,-0.384,-0.149,0.875,0.511,-0.044,0.786,0.122,0.428,-0.839,0.137,0.577,0.807,-0.918,-0.841,-0.135,0.668,0.652,-0.576,-0.468,0.547,0.243,-0.3,0.526,0.722,0.022,0.197,0.397,-0.247,-0.83,0.294,0.816,0.08,0.891,0.147,-0.282,0.052,0.582,-0.573,0.012,0.885,0.871,0.748,-0.212,0.928,0.888,0.632,0.786,0.941,0.866,0.692,0.519,0.916,-0.867,0.913,0.652,0.295,-0.737,0.935,0.54,0.556,0.766,0.888,0.29,0.561,0.24,0.641,0.914,-0.812,-0.205,0.479,0.688,-0.62,-0.133,-0.708,0.564,-0.317,0.757,0.245,-0.411,0.815,-0.849,-0.686,0.206,-0.663,0.072,-0.798,0.512,-0.414,0.807,-0.25,-0.37,-0.13,0.134,0.783,0.371,-0.599,-0.589,0.423,0.949,-0.097,0.783,0.454,0.66,0.836,-0.39,0.706,-0.776,0.427,0.412,0.804,0.638,-0.428,0.145,-0.86,0.521,-0.719,-0.502,-0.029,0.925,0.832,0.701,0.604,0.886,0.941,0.859,0.896,0.709,0.834,0.727,0.844,0.393,0.869,-0.015,0.873,0.795,0.727,0.761,0.856
000338SZ,0.348,-0.171,0.891,0.913,0.76,1.0,0.35,0.536,0.553,0.108,0.944,0.646,0.544,-0.235,0.765,0.896,0.435,-0.625,0.841,0.537,0.641,-0.727,0.104,0.747,0.903,-0.363,0.018,-0.326,-0.329,0.805,0.515,0.752,0.782,0.825,0.349,0.809,0.939,-0.553,0.678,0.345,0.75,0.607,-0.011,0.849,0.884,0.667,-0.101,0.69,0.14,0.797,0.401,0.498,-0.144,0.559,-0.752,0.88,0.818,0.876,0.151,0.735,0.874,0.902,0.139,0.711,0.823,0.781,0.807,0.419,0.456,0.826,0.736,0.528,0.759,0.344,-0.39,0.882,0.717,0.838,0.577,-0.572,-0.373,0.799,0.39,0.385,0.783,0.333,0.488,-0.397,0.587,0.794,0.678,-0.802,-0.578,0.07,0.888,0.559,-0.54,0.101,0.796,0.575,-0.063,0.9,0.746,0.369,0.262,0.516,0.151,-0.606,0.71,0.436,0.198,0.908,0.555,-0.125,0.446,0.57,-0.165,0.456,0.875,0.622,0.7,-0.23,0.682,0.693,0.73,0.747,0.69,0.918,0.643,0.863,0.775,-0.45,0.58,0.869,0.531,-0.699,0.796,0.336,0.535,0.729,0.73,0.498,0.635,0.615,0.643,0.739,-0.441,0.235,0.493,0.651,-0.196,0.022,-0.334,0.851,-0.065,0.725,0.717,-0.292,0.743,-0.539,-0.231,0.283,-0.222,0.168,-0.44,0.772,-0.344,0.895,0.234,0.15,0.372,0.645,0.658,0.424,-0.122,-0.056,0.812,0.698,0.439,0.831,0.638,0.576,0.755,0.008,0.777,-0.77,0.846,0.776,0.895,0.468,-0.199,0.505,-0.525,0.516,-0.275,-0.176,0.048,0.876,0.512,0.269,0.653,0.663,0.595,0.887,0.849,0.941,0.802,0.585,0.91,0.848,0.801,0.524,0.753,0.681,0.702,0.634,0.809
000538SZ,0.761,0.138,0.245,0.134,0.459,0.35,1.0,0.323,0.424,0.035,0.338,0.293,0.482,0.355,-0.177,0.286,-0.279,-0.365,0.287,0.198,0.527,-0.153,0.482,0.592,0.514,-0.592,0.461,-0.345,0.487,0.718,-0.161,0.599,0.382,0.619,-0.475,0.333,0.405,0.044,0.782,0.381,0.471,0.712,-0.757,0.476,0.445,0.439,-0.762,0.728,0.454,0.236,0.214,0.7,-0.55,0.457,0.0,0.311,0.516,0.641,-0.519,0.592,0.276,0.456,0.506,0.613,0.645,0.64,0.543,0.052,0.598,0.626,0.555,0.226,0.641,-0.585,-0.218,0.323,0.563,0.387,0.648,-0.141,-0.183,0.601,0.839,-0.547,0.105,0.612,0.71,-0.525,-0.072,0.565,0.234,-0.459,-0.64,0.21,0.407,0.852,0.277,-0.462,-0.02,0.568,-0.631,0.314,0.086,0.252,0.054,0.665,-0.571,-0.654,0.106,0.644,-0.315,0.417,-0.162,0.371,-0.366,0.781,-0.648,-0.381,0.333,0.694,0.785,-0.533,0.603,0.625,0.542,0.168,0.504,0.483,0.373,0.155,0.604,-0.346,0.456,-0.05,0.248,-0.424,0.493,-0.326,0.735,0.734,0.634,0.593,0.739,0.105,0.138,0.487,-0.199,0.399,0.745,0.827,-0.402,-0.02,-0.382,0.054,0.176,0.541,0.066,-0.219,0.729,-0.644,-0.252,0.323,-0.548,0.782,-0.706,-0.152,0.283,0.245,-0.231,-0.115,-0.517,0.079,0.804,-0.299,-0.52,-0.44,0.162,0.412,-0.305,0.109,0.554,0.771,0.699,-0.574,0.76,-0.248,0.253,-0.093,0.333,0.874,-0.56,-0.287,-0.473,0.529,-0.68,-0.685,0.598,0.365,0.15,0.022,-0.238,0.217,0.525,0.52,0.579,0.486,0.488,0.098,0.416,0.108,0.63,-0.34,0.262,0.745,0.567,0.602,0.476
000568SZ,0.083,-0.292,0.787,0.659,0.891,0.536,0.323,1.0,0.954,-0.087,0.698,0.89,0.917,-0.02,0.387,0.685,-0.158,-0.897,0.254,0.076,0.934,-0.83,0.272,0.775,0.751,-0.739,-0.426,-0.807,0.04,0.645,0.465,0.801,0.837,0.662,-0.191,0.251,0.62,-0.495,0.676,0.862,0.802,0.222,-0.074,0.49,0.783,0.069,-0.302,0.725,-0.446,0.439,-0.353,0.754,-0.556,0.759,-0.701,0.618,0.852,0.599,-0.184,0.235,0.381,0.565,0.68,0.859,0.671,0.454,0.723,0.883,0.085,0.719,0.872,0.722,0.535,-0.006,-0.865,0.417,0.762,0.844,0.533,-0.108,0.022,0.737,0.399,-0.109,0.766,-0.067,0.312,-0.856,-0.051,0.445,0.714,-0.868,-0.779,-0.311,0.423,0.461,-0.627,-0.591,0.491,0.081,-0.231,0.226,0.688,-0.193,0.302,0.126,-0.217,-0.769,0.089,0.783,0.229,0.739,0.057,-0.403,0.009,0.414,-0.553,-0.098,0.733,0.851,0.576,-0.035,0.864,0.811,0.38,0.747,0.911,0.663,0.643,0.25,0.819,-0.913,0.956,0.507,0.213,-0.62,0.838,0.634,0.375,0.619,0.814,0.093,0.319,0.132,0.676,0.842,-0.875,-0.48,0.306,0.525,-0.771,-0.104,-0.662,0.352,-0.432,0.583,0.013,-0.292,0.615,-0.821,-0.828,0.188,-0.701,-0.11,-0.767,0.424,-0.562,0.619,-0.415,-0.483,-0.206,-0.039,0.592,0.198,-0.628,-0.649,0.25,0.832,-0.258,0.637,0.238,0.522,0.709,-0.41,0.498,-0.762,0.132,0.289,0.667,0.44,-0.343,0.007,-0.919,0.444,-0.764,-0.43,-0.111,0.794,0.862,0.847,0.602,0.899,0.918,0.702,0.743,0.525,0.631,0.583,0.722,0.209,0.71,-0.164,0.843,0.585,0.574,0.628,0.705
000596SZ,0.259,-0.366,0.778,0.609,0.937,0.553,0.424,0.954,1.0,-0.092,0.688,0.892,0.942,0.137,0.331,0.683,-0.274,-0.874,0.223,0.014,0.953,-0.815,0.36,0.827,0.775,-0.809,-0.361,-0.884,0.103,0.709,0.407,0.852,0.806,0.746,-0.258,0.268,0.623,-0.378,0.731,0.88,0.807,0.317,-0.204,0.478,0.77,0.146,-0.432,0.754,-0.368,0.398,-0.339,0.852,-0.565,0.773,-0.653,0.638,0.893,0.623,-0.23,0.292,0.322,0.545,0.718,0.912,0.702,0.555,0.738,0.794,0.235,0.785,0.901,0.661,0.566,-0.144,-0.841,0.44,0.786,0.831,0.539,-0.174,-0.002,0.774,0.476,-0.189,0.7,-0.031,0.34,-0.91,-0.081,0.425,0.75,-0.868,-0.845,-0.315,0.479,0.561,-0.563,-0.661,0.375,0.074,-0.343,0.269,0.628,-0.211,0.213,0.233,-0.367,-0.815,0.026,0.867,0.092,0.751,-0.059,-0.284,-0.097,0.488,-0.705,-0.186,0.774,0.891,0.649,-0.139,0.924,0.857,0.451,0.697,0.926,0.716,0.603,0.296,0.859,-0.927,0.952,0.473,0.159,-0.614,0.849,0.565,0.423,0.667,0.843,0.108,0.424,0.061,0.565,0.868,-0.881,-0.4,0.363,0.592,-0.773,-0.147,-0.759,0.339,-0.444,0.601,-0.037,-0.404,0.689,-0.888,-0.82,0.126,-0.767,-0.019,-0.853,0.327,-0.473,0.637,-0.487,-0.558,-0.316,-0.114,0.701,0.195,-0.726,-0.737,0.177,0.901,-0.316,0.626,0.231,0.572,0.741,-0.494,0.549,-0.697,0.149,0.19,0.631,0.585,-0.447,-0.08,-0.92,0.415,-0.836,-0.585,-0.082,0.807,0.875,0.779,0.507,0.891,0.973,0.723,0.79,0.533,0.67,0.65,0.715,0.164,0.77,-0.251,0.818,0.712,0.618,0.717,0.736
000617SZ,0.141,0.446,0.106,0.159,-0.059,0.108,0.035,-0.087,-0.092,1.0,0.184,0.071,-0.237,0.197,0.166,-0.027,0.405,0.088,0.262,0.421,-0.095,-0.083,-0.122,-0.024,0.014,0.128,0.341,0.237,-0.003,0.061,0.174,0.028,-0.081,0.061,0.034,0.445,0.121,-0.006,-0.009,-0.369,-0.112,0.392,0.094,0.216,0.06,-0.05,0.02,0.035,0.024,0.08,0.091,0.031,-0.21,-0.091,-0.014,0.02,-0.072,0.145,0.296,0.212,0.215,0.174,-0.164,-0.033,0.113,0.155,-0.004,-0.114,0.16,0.074,-0.048,-0.116,0.048,0.163,0.211,0.097,0.028,-0.049,0.181,-0.173,-0.414,0.002,0.289,0.081,0.004,0.465,0.433,0.189,0.491,0.321,0.116,-0.002,0.104,0.356,0.293,0.222,0.171,0.246,0.246,0.236,0.097,0.32,-0.135,0.355,0.069,-0.185,0.331,-0.047,0.361,-0.05,-0.128,0.109,0.226,0.288,0.33,0.224,0.069,0.068,0.124,-0.012,-0.029,-0.152,-0.059,0.036,0.263,-0.109,-0.097,0.171,0.35,0.309,0.009,0.267,-0.174,0.008,0.539,0.075,0.03,0.033,0.187,0.184,0.003,0.402,0.208,0.477,0.308,0.055,0.297,0.354,0.363,0.2,0.2,0.758,0.512,0.302,0.465,0.228,0.348,0.542,0.032,-0.052,0.249,0.592,0.209,0.236,-0.009,0.188,0.285,0.166,0.459,0.519,0.22,0.43,0.086,-0.373,0.38,0.46,0.328,-0.12,0.247,-0.066,0.281,0.218,0.141,0.171,0.151,-0.15,0.231,0.239,0.149,-0.1,-0.148,0.194,0.118,0.419,0.119,0.223,0.52,-0.032,-0.125,-0.277,0.049,-0.083,-0.026,0.037,0.058,0.118,-0.05,0.165,0.038,0.218,-0.035,0.204,-0.076,0.029,-0.079,-0.013,-0.17
000625SZ,0.291,-0.186,0.952,0.945,0.834,0.944,0.338,0.698,0.688,0.184,1.0,0.776,0.639,-0.203,0.75,0.888,0.36,-0.772,0.762,0.465,0.739,-0.873,0.109,0.836,0.941,-0.484,-0.064,-0.471,-0.303,0.833,0.63,0.842,0.88,0.813,0.194,0.775,0.965,-0.643,0.703,0.433,0.81,0.605,-0.015,0.846,0.946,0.568,-0.164,0.785,-0.084,0.78,0.216,0.576,-0.326,0.647,-0.858,0.905,0.88,0.901,0.073,0.701,0.85,0.909,0.23,0.806,0.852,0.755,0.877,0.581,0.398,0.855,0.816,0.64,0.809,0.317,-0.591,0.865,0.787,0.912,0.623,-0.517,-0.423,0.874,0.443,0.269,0.848,0.29,0.529,-0.56,0.499,0.825,0.711,-0.89,-0.685,-0.043,0.831,0.585,-0.619,-0.088,0.822,0.475,-0.139,0.807,0.744,0.24,0.268,0.443,0.075,-0.723,0.643,0.51,0.157,0.934,0.48,-0.28,0.356,0.599,-0.253,0.293,0.895,0.727,0.701,-0.265,0.739,0.785,0.693,0.807,0.803,0.928,0.786,0.778,0.852,-0.595,0.714,0.816,0.597,-0.78,0.877,0.479,0.558,0.782,0.807,0.464,0.597,0.629,0.771,0.843,-0.591,0.087,0.521,0.687,-0.374,0.123,-0.379,0.816,-0.11,0.779,0.6,-0.258,0.766,-0.69,-0.412,0.385,-0.4,0.108,-0.574,0.758,-0.438,0.898,0.159,0.056,0.259,0.574,0.69,0.326,-0.242,-0.176,0.766,0.755,0.304,0.824,0.61,0.631,0.825,-0.13,0.758,-0.882,0.745,0.75,0.945,0.426,-0.315,0.419,-0.694,0.613,-0.423,-0.181,0.061,0.919,0.627,0.433,0.721,0.759,0.715,0.938,0.884,0.893,0.797,0.627,0.952,0.736,0.827,0.39,0.822,0.674,0.681,0.646,0.791
000651SZ,0.183,-0.27,0.883,0.779,0.911,0.646,0.293,0.89,0.892,0.071,0.776,1.0,0.782,-0.012,0.591,0.719,0.065,-0.776,0.411,0.156,0.823,-0.866,0.26,0.751,0.768,-0.599,-0.35,-0.735,-0.112,0.647,0.612,0.796,0.753,0.667,0.042,0.393,0.726,-0.468,0.601,0.69,0.684,0.327,0.081,0.556,0.753,0.195,-0.183,0.68,-0.413,0.587,-0.265,0.684,-0.422,0.694,-0.81,0.726,0.841,0.632,0.113,0.335,0.467,0.615,0.536,0.801,0.671,0.515,0.684,0.719,0.089,0.773,0.838,0.608,0.582,0.05,-0.76,0.544,0.807,0.798,0.408,-0.321,-0.11,0.724,0.35,0.026,0.781,0.043,0.319,-0.756,0.196,0.464,0.781,-0.825,-0.688,-0.186,0.577,0.481,-0.603,-0.407,0.627,0.098,-0.152,0.473,0.605,-0.045,0.265,0.149,-0.082,-0.689,0.31,0.67,0.117,0.79,0.243,-0.421,0.114,0.413,-0.435,-0.046,0.842,0.759,0.52,-0.159,0.808,0.725,0.546,0.685,0.809,0.769,0.715,0.5,0.781,-0.76,0.817,0.628,0.327,-0.597,0.812,0.673,0.378,0.606,0.743,0.17,0.399,0.303,0.68,0.87,-0.789,-0.325,0.354,0.521,-0.611,0.011,-0.528,0.618,-0.297,0.689,0.222,-0.24,0.63,-0.762,-0.744,0.28,-0.593,-0.119,-0.663,0.531,-0.425,0.822,-0.169,-0.319,-0.03,0.149,0.577,0.342,-0.5,-0.461,0.425,0.83,-0.145,0.723,0.329,0.537,0.701,-0.284,0.517,-0.732,0.341,0.478,0.763,0.406,-0.337,0.189,-0.779,0.5,-0.598,-0.315,-0.086,0.831,0.869,0.725,0.663,0.894,0.855,0.723,0.743,0.557,0.688,0.805,0.718,0.297,0.688,-0.006,0.76,0.595,0.525,0.545,0.662
000661SZ,0.266,-0.362,0.705,0.558,0.9,0.544,0.482,0.917,0.942,-0.237,0.639,0.782,1.0,0.073,0.256,0.685,-0.335,-0.878,0.218,0.038,0.958,-0.708,0.39,0.822,0.771,-0.849,-0.353,-0.82,0.183,0.732,0.314,0.838,0.826,0.754,-0.291,0.257,0.591,-0.358,0.779,0.937,0.852,0.308,-0.297,0.48,0.773,0.191,-0.479,0.759,-0.22,0.356,-0.244,0.832,-0.548,0.773,-0.554,0.599,0.891,0.628,-0.352,0.286,0.327,0.545,0.774,0.9,0.718,0.548,0.754,0.783,0.295,0.768,0.894,0.691,0.559,-0.168,-0.801,0.415,0.794,0.832,0.599,-0.133,0.077,0.775,0.51,-0.2,0.658,-0.027,0.354,-0.889,-0.154,0.437,0.715,-0.866,-0.862,-0.303,0.429,0.566,-0.519,-0.655,0.303,0.157,-0.33,0.214,0.694,-0.186,0.239,0.309,-0.402,-0.806,-0.019,0.883,0.194,0.716,-0.116,-0.213,-0.106,0.489,-0.707,-0.117,0.711,0.894,0.721,-0.082,0.941,0.879,0.4,0.724,0.934,0.66,0.538,0.219,0.866,-0.934,0.953,0.451,0.117,-0.64,0.841,0.442,0.443,0.674,0.865,0.115,0.42,0.022,0.512,0.822,-0.86,-0.389,0.364,0.6,-0.779,-0.276,-0.806,0.23,-0.443,0.541,-0.062,-0.454,0.701,-0.847,-0.786,0.051,-0.741,0.046,-0.851,0.282,-0.502,0.538,-0.543,-0.579,-0.343,-0.142,0.705,0.186,-0.743,-0.779,0.138,0.863,-0.31,0.589,0.232,0.58,0.738,-0.519,0.579,-0.678,0.127,0.128,0.589,0.638,-0.448,-0.151,-0.927,0.37,-0.844,-0.634,-0.087,0.782,0.795,0.765,0.468,0.85,0.937,0.712,0.786,0.576,0.674,0.489,0.718,0.201,0.797,-0.245,0.835,0.713,0.647,0.761,0.803
000708SZ,0.548,-0.018,-0.157,-0.341,0.035,-0.235,0.355,-0.02,0.137,0.197,-0.203,-0.012,0.073,1.0,-0.501,-0.26,-0.518,0.039,-0.38,-0.323,0.099,0.201,0.509,0.109,-0.097,-0.183,0.346,-0.252,0.443,0.12,-0.309,0.06,-0.188,0.13,-0.53,-0.083,-0.208,0.684,0.091,0.14,-0.089,0.296,-0.497,-0.255,-0.162,-0.04,-0.461,0.076,-0.004,-0.157,-0.353,0.319,-0.208,0.011,0.349,-0.135,-0.009,-0.093,-0.252,0.031,-0.339,-0.224,0.408,0.133,-0.015,0.186,-0.083,-0.076,0.338,-0.038,-0.005,-0.31,-0.03,-0.585,0.037,-0.126,-0.022,-0.13,-0.04,0.305,0.24,-0.014,0.337,-0.495,-0.293,0.083,0.114,-0.254,-0.324,-0.107,-0.072,0.133,-0.131,-0.074,0.012,0.353,0.481,-0.408,-0.426,-0.206,-0.413,-0.139,-0.423,-0.261,-0.189,0.077,-0.514,-0.051,-0.408,0.243,-0.407,-0.13,-0.561,0.348,-0.481,0.291,-0.528,-0.578,-0.076,0.187,0.092,-0.376,0.176,0.149,0.267,-0.317,-0.004,0.025,-0.086,-0.133,0.03,-0.042,0.048,-0.422,-0.292,0.212,-0.066,-0.327,0.034,0.133,0.067,-0.026,0.34,-0.235,-0.338,0.137,-0.097,0.142,0.226,0.179,-0.079,0.105,-0.205,-0.279,-0.001,0.066,-0.36,-0.184,0.178,-0.241,-0.025,-0.026,-0.348,0.346,-0.335,-0.478,0.434,-0.149,-0.333,-0.262,-0.598,-0.354,0.272,-0.295,-0.367,-0.378,-0.388,0.188,-0.472,-0.408,-0.13,0.165,0.117,-0.485,0.028,0.33,-0.249,-0.512,-0.269,0.402,-0.453,-0.321,-0.061,0.002,-0.343,-0.44,0.292,-0.09,-0.05,0.03,-0.527,-0.029,0.223,-0.11,-0.017,-0.189,-0.12,0.177,-0.199,-0.435,0.001,-0.569,-0.205,0.154,0.014,0.043,-0.169
000725SZ,-0.102,-0.223,0.772,0.865,0.534,0.765,-0.177,0.387,0.331,0.166,0.75,0.591,0.256,-0.501,1.0,0.722,0.659,-0.363,0.692,0.441,0.312,-0.678,-0.183,0.397,0.594,-0.002,-0.259,-0.144,-0.666,0.366,0.743,0.444,0.569,0.429,0.675,0.614,0.738,-0.658,0.215,0.116,0.426,0.205,0.532,0.612,0.614,0.405,0.404,0.291,-0.159,0.708,0.269,0.122,0.188,0.363,-0.821,0.725,0.529,0.511,0.559,0.389,0.701,0.626,-0.174,0.342,0.446,0.392,0.501,0.35,0.063,0.544,0.449,0.432,0.44,0.7,-0.295,0.706,0.465,0.6,0.202,-0.585,-0.333,0.471,-0.075,0.655,0.78,0.043,0.109,-0.088,0.711,0.443,0.637,-0.546,-0.191,0.054,0.59,0.083,-0.707,0.356,0.859,0.242,0.402,0.732,0.659,0.305,0.198,0.123,0.497,-0.261,0.759,0.091,0.264,0.662,0.733,-0.371,0.624,0.105,0.267,0.616,0.705,0.201,0.219,0.077,0.306,0.306,0.424,0.644,0.402,0.64,0.514,0.774,0.417,-0.245,0.306,0.895,0.49,-0.471,0.524,0.669,0.198,0.303,0.346,0.202,0.17,0.552,0.618,0.457,-0.287,-0.007,0.096,0.187,0.021,0.036,-0.067,0.897,-0.084,0.47,0.715,-0.042,0.325,-0.164,-0.142,0.205,0.093,-0.302,-0.035,0.919,-0.43,0.824,0.452,0.246,0.705,0.606,0.192,0.622,0.174,0.255,0.764,0.442,0.578,0.822,0.422,0.167,0.362,0.377,0.344,-0.656,0.717,0.872,0.752,-0.048,0.115,0.684,-0.232,0.301,0.123,0.25,-0.235,0.666,0.479,0.279,0.847,0.538,0.295,0.598,0.531,0.62,0.561,0.593,0.655,0.739,0.467,0.723,0.591,0.291,0.367,0.318,0.557
000768SZ,0.274,-0.192,0.893,0.883,0.844,0.896,0.286,0.685,0.683,-0.027,0.888,0.719,0.685,-0.26,0.722,1.0,0.281,-0.696,0.719,0.496,0.752,-0.803,-0.047,0.771,0.882,-0.439,-0.129,-0.491,-0.256,0.752,0.504,0.796,0.856,0.811,0.273,0.576,0.851,-0.621,0.736,0.528,0.862,0.399,-0.036,0.803,0.884,0.471,-0.166,0.663,-0.019,0.671,0.236,0.55,-0.146,0.714,-0.775,0.794,0.868,0.811,0.026,0.541,0.771,0.856,0.29,0.765,0.835,0.672,0.836,0.61,0.284,0.803,0.836,0.672,0.668,0.309,-0.561,0.746,0.703,0.892,0.57,-0.491,-0.309,0.796,0.364,0.312,0.802,0.211,0.411,-0.531,0.394,0.643,0.721,-0.841,-0.619,0.024,0.726,0.518,-0.619,-0.037,0.715,0.48,-0.115,0.693,0.888,0.275,0.252,0.389,0.109,-0.657,0.563,0.587,0.218,0.922,0.442,-0.249,0.437,0.503,-0.244,0.451,0.85,0.669,0.707,0.016,0.738,0.74,0.622,0.877,0.79,0.868,0.633,0.653,0.831,-0.654,0.727,0.857,0.415,-0.772,0.878,0.468,0.545,0.699,0.794,0.398,0.548,0.403,0.711,0.751,-0.567,-0.015,0.419,0.602,-0.311,-0.081,-0.488,0.71,-0.203,0.728,0.582,-0.297,0.742,-0.589,-0.383,0.226,-0.291,0.054,-0.504,0.76,-0.434,0.821,0.083,-0.018,0.268,0.448,0.626,0.533,-0.206,-0.229,0.671,0.784,0.331,0.912,0.569,0.568,0.754,-0.006,0.722,-0.805,0.654,0.674,0.866,0.448,-0.105,0.389,-0.635,0.495,-0.387,-0.215,-0.051,0.9,0.625,0.482,0.751,0.744,0.703,0.85,0.825,0.825,0.858,0.58,0.89,0.733,0.8,0.4,0.877,0.681,0.764,0.677,0.86
000776SZ,-0.167,0.36,0.313,0.516,-0.052,0.435,-0.279,-0.158,-0.274,0.405,0.36,0.065,-0.335,-0.518,0.659,0.281,1.0,0.12,0.683,0.644,-0.203,-0.167,-0.429,-0.074,0.169,0.473,0.145,0.5,-0.497,0.004,0.353,-0.045,0.082,0.015,0.757,0.511,0.378,-0.371,-0.101,-0.473,-0.027,0.112,0.541,0.422,0.19,0.237,0.512,-0.057,0.096,0.532,0.474,-0.367,0.371,-0.052,-0.358,0.292,-0.033,0.23,0.653,0.26,0.652,0.452,-0.494,-0.164,0.144,0.054,0.078,-0.081,-0.129,0.052,-0.06,0.098,0.161,0.674,0.214,0.38,0.048,0.116,0.057,-0.354,-0.361,0.025,-0.148,0.649,0.305,0.337,0.161,0.442,0.722,0.372,0.055,-0.034,0.296,0.458,0.382,-0.079,-0.184,0.786,0.726,0.415,0.407,0.599,0.216,0.62,0.327,-0.039,0.81,0.182,0.787,-0.416,0.255,0.278,0.819,-0.173,0.764,0.025,0.69,0.679,0.221,-0.236,-0.087,0.102,-0.218,-0.135,0.243,0.214,-0.163,0.262,0.288,0.553,-0.049,0.352,-0.239,0.525,0.535,-0.13,0.072,0.147,0.057,0.062,-0.064,0.358,0.028,0.748,0.451,0.012,0.301,0.364,0.125,0.014,0.435,0.426,0.59,0.671,0.429,0.276,0.851,0.438,-0.002,0.313,0.35,0.435,0.564,-0.065,0.447,0.648,-0.017,0.401,0.833,0.728,0.799,0.878,-0.158,0.321,0.703,0.739,0.815,-0.157,0.67,0.373,0.436,0.035,0.06,0.629,0.135,-0.267,0.639,0.85,0.448,-0.339,0.389,0.785,0.295,0.311,0.586,0.67,0.124,0.19,-0.128,-0.215,0.458,-0.017,-0.278,0.17,0.088,0.354,0.183,0.13,0.235,0.657,-0.04,0.819,0.077,-0.17,0.074,-0.212,0.02
000786SZ,-0.181,0.291,-0.791,-0.676,-0.847,-0.625,-0.365,-0.897,-0.874,0.088,-0.772,-0.776,-0.878,0.039,-0.363,-0.696,0.12,1.0,-0.336,-0.119,-0.914,0.811,-0.264,-0.83,-0.844,0.797,0.369,0.747,0.034,-0.745,-0.366,-0.833,-0.899,-0.742,0.264,-0.407,-0.708,0.523,-0.718,-0.748,-0.856,-0.345,0.211,-0.541,-0.872,-0.243,0.37,-0.795,0.344,-0.483,0.239,-0.715,0.617,-0.755,0.688,-0.724,-0.862,-0.692,0.292,-0.361,-0.496,-0.664,-0.587,-0.878,-0.731,-0.545,-0.817,-0.815,-0.268,-0.748,-0.845,-0.755,-0.66,-0.026,0.858,-0.54,-0.772,-0.903,-0.668,0.193,0.11,-0.834,-0.487,0.086,-0.735,-0.028,-0.429,0.844,0.076,-0.61,-0.599,0.902,0.863,0.361,-0.506,-0.54,0.604,0.546,-0.491,-0.183,0.357,-0.331,-0.697,0.193,-0.253,-0.298,0.291,0.838,-0.107,-0.691,-0.226,-0.755,0.026,0.361,-0.014,-0.518,0.576,0.068,-0.689,-0.848,-0.655,0.144,-0.852,-0.858,-0.403,-0.794,-0.93,-0.71,-0.677,-0.315,-0.867,0.88,-0.916,-0.524,-0.3,0.735,-0.868,-0.453,-0.415,-0.732,-0.837,-0.142,-0.38,-0.255,-0.655,-0.847,0.859,0.345,-0.402,-0.633,0.767,0.074,0.635,-0.357,0.389,-0.582,-0.081,0.367,-0.67,0.846,0.759,-0.158,0.734,0.002,0.804,-0.384,0.617,-0.576,0.378,0.429,0.218,-0.086,-0.667,-0.131,0.628,0.639,-0.321,-0.805,0.2,-0.602,-0.295,-0.571,-0.775,0.484,-0.566,0.811,-0.245,-0.329,-0.699,-0.479,0.411,0.007,0.943,-0.453,0.766,0.42,0.043,-0.845,-0.721,-0.713,-0.531,-0.826,-0.876,-0.811,-0.813,-0.664,-0.638,-0.439,-0.835,-0.325,-0.748,0.111,-0.838,-0.621,-0.609,-0.66,-0.723
000800SZ,0.246,0.21,0.669,0.771,0.452,0.841,0.287,0.254,0.223,0.262,0.762,0.411,0.218,-0.38,0.692,0.719,0.683,-0.336,1.0,0.786,0.342,-0.501,-0.161,0.459,0.671,-0.102,0.194,0.032,-0.241,0.582,0.345,0.492,0.548,0.593,0.49,0.745,0.758,-0.521,0.542,0.023,0.526,0.496,0.059,0.827,0.677,0.499,0.009,0.467,0.281,0.734,0.583,0.25,-0.02,0.356,-0.564,0.619,0.522,0.747,0.269,0.601,0.855,0.835,-0.081,0.418,0.699,0.559,0.597,0.153,0.267,0.608,0.505,0.405,0.579,0.391,-0.114,0.679,0.551,0.602,0.509,-0.56,-0.492,0.565,0.33,0.427,0.574,0.559,0.552,-0.063,0.666,0.731,0.429,-0.57,-0.304,0.327,0.741,0.442,-0.3,0.382,0.78,0.753,0.045,0.85,0.58,0.615,0.43,0.346,0.421,-0.388,0.833,0.186,0.166,0.729,0.723,-0.011,0.62,0.502,0.101,0.564,0.656,0.36,0.532,-0.066,0.372,0.425,0.609,0.571,0.383,0.732,0.575,0.738,0.556,-0.115,0.261,0.734,0.671,-0.568,0.575,0.125,0.499,0.587,0.512,0.601,0.512,0.715,0.657,0.467,-0.056,0.423,0.501,0.555,0.009,0.233,0.066,0.785,0.233,0.619,0.862,0.074,0.546,-0.269,-0.009,0.453,0.114,0.249,-0.155,0.703,-0.173,0.688,0.521,0.479,0.518,0.816,0.423,0.283,0.246,0.274,0.907,0.326,0.558,0.691,0.708,0.529,0.593,0.275,0.684,-0.63,0.834,0.832,0.763,0.254,0.076,0.523,-0.223,0.581,-0.001,0.091,0.256,0.634,0.191,-0.044,0.529,0.371,0.274,0.664,0.622,0.812,0.669,0.335,0.713,0.878,0.548,0.643,0.54,0.453,0.58,0.389,0.557
000807SZ,0.175,0.613,0.378,0.507,0.185,0.537,0.198,0.076,0.014,0.421,0.465,0.156,0.038,-0.323,0.441,0.496,0.644,-0.119,0.786,1.0,0.161,-0.267,-0.396,0.189,0.38,0.012,0.276,0.296,-0.024,0.36,0.131,0.279,0.312,0.344,0.317,0.556,0.429,-0.367,0.431,-0.14,0.343,0.328,-0.012,0.664,0.417,0.159,-0.06,0.248,0.3,0.406,0.525,0.098,-0.043,0.221,-0.243,0.229,0.239,0.512,0.183,0.312,0.694,0.663,-0.086,0.179,0.554,0.294,0.377,0.089,0.149,0.331,0.292,0.33,0.292,0.331,0.051,0.331,0.306,0.335,0.515,-0.339,-0.468,0.29,0.414,0.31,0.306,0.715,0.657,0.138,0.596,0.588,0.22,-0.324,-0.089,0.558,0.495,0.384,-0.006,0.499,0.56,0.806,0.058,0.565,0.454,0.746,0.405,0.062,0.547,-0.21,0.704,0.134,0.155,0.492,0.567,0.128,0.733,0.457,0.15,0.6,0.337,0.182,0.379,0.181,0.161,0.247,0.413,0.407,0.159,0.442,0.493,0.431,0.354,0.053,0.077,0.437,0.695,-0.407,0.411,-0.039,0.482,0.477,0.354,0.649,0.403,0.624,0.632,0.211,0.22,0.429,0.563,0.472,0.156,0.499,0.378,0.49,0.516,0.486,0.775,0.477,0.36,-0.083,0.19,0.627,0.361,0.326,-0.002,0.529,0.011,0.366,0.587,0.654,0.459,0.741,0.248,-0.001,0.483,0.41,0.74,0.038,0.528,0.414,0.68,0.516,0.453,0.371,0.523,-0.468,0.577,0.624,0.527,0.051,0.191,0.376,-0.046,0.647,0.121,0.269,0.536,0.323,-0.095,-0.192,0.385,0.11,0.079,0.343,0.344,0.547,0.441,0.06,0.428,0.725,0.263,0.542,0.343,0.224,0.412,0.198,0.278
000858SZ,0.333,-0.259,0.79,0.643,0.93,0.641,0.527,0.934,0.953,-0.095,0.739,0.823,0.958,0.099,0.312,0.752,-0.203,-0.914,0.342,0.161,1.0,-0.767,0.357,0.876,0.853,-0.819,-0.248,-0.792,0.141,0.804,0.296,0.88,0.868,0.838,-0.26,0.368,0.689,-0.381,0.841,0.865,0.896,0.399,-0.306,0.581,0.849,0.247,-0.493,0.822,-0.201,0.465,-0.214,0.839,-0.577,0.805,-0.598,0.679,0.919,0.727,-0.306,0.387,0.457,0.668,0.75,0.947,0.806,0.632,0.818,0.803,0.317,0.817,0.929,0.72,0.649,-0.122,-0.805,0.507,0.813,0.896,0.679,-0.152,-0.005,0.837,0.581,-0.16,0.705,0.096,0.463,-0.88,-0.067,0.565,0.694,-0.909,-0.871,-0.231,0.563,0.659,-0.508,-0.581,0.423,0.258,-0.411,0.343,0.707,-0.099,0.292,0.344,-0.33,-0.847,0.084,0.867,0.189,0.815,-0.033,-0.199,-0.012,0.608,-0.691,-0.078,0.773,0.944,0.766,-0.135,0.968,0.925,0.523,0.771,0.952,0.776,0.623,0.325,0.919,-0.912,0.973,0.503,0.205,-0.683,0.903,0.413,0.502,0.774,0.918,0.227,0.516,0.156,0.609,0.887,-0.843,-0.279,0.471,0.704,-0.729,-0.137,-0.727,0.339,-0.376,0.667,0.085,-0.399,0.777,-0.882,-0.732,0.168,-0.726,0.133,-0.864,0.356,-0.447,0.617,-0.444,-0.458,-0.291,0.021,0.766,0.165,-0.674,-0.695,0.28,0.9,-0.234,0.63,0.342,0.665,0.831,-0.488,0.679,-0.742,0.252,0.253,0.681,0.672,-0.428,-0.029,-0.93,0.478,-0.835,-0.589,0.021,0.857,0.777,0.729,0.48,0.865,0.962,0.793,0.852,0.67,0.731,0.543,0.805,0.304,0.835,-0.168,0.868,0.751,0.74,0.756,0.811
000876SZ,-0.103,0.285,-0.913,-0.856,-0.862,-0.727,-0.153,-0.83,-0.815,-0.083,-0.873,-0.866,-0.708,0.201,-0.678,-0.803,-0.167,0.811,-0.501,-0.267,-0.767,1.0,0.014,-0.769,-0.825,0.534,0.325,0.672,0.279,-0.672,-0.684,-0.822,-0.864,-0.649,-0.068,-0.472,-0.802,0.709,-0.605,-0.563,-0.779,-0.326,-0.076,-0.653,-0.85,-0.25,0.151,-0.696,0.434,-0.579,0.107,-0.61,0.365,-0.724,0.923,-0.77,-0.851,-0.714,-0.02,-0.408,-0.614,-0.723,-0.3,-0.793,-0.724,-0.532,-0.789,-0.734,-0.147,-0.764,-0.833,-0.732,-0.639,-0.27,0.803,-0.638,-0.706,-0.874,-0.503,0.432,0.353,-0.787,-0.326,-0.116,-0.843,-0.072,-0.371,0.687,-0.293,-0.577,-0.722,0.865,0.689,0.198,-0.599,-0.434,0.736,0.317,-0.701,-0.199,0.155,-0.512,-0.73,-0.012,-0.225,-0.191,0.003,0.739,-0.42,-0.595,-0.111,-0.85,-0.335,0.504,-0.239,-0.439,0.335,-0.134,-0.82,-0.696,-0.535,0.105,-0.705,-0.74,-0.462,-0.822,-0.84,-0.785,-0.767,-0.53,-0.802,0.767,-0.795,-0.708,-0.48,0.751,-0.861,-0.715,-0.451,-0.645,-0.743,-0.232,-0.357,-0.379,-0.806,-0.804,0.72,0.268,-0.36,-0.531,0.545,-0.103,0.466,-0.653,0.268,-0.678,-0.319,0.211,-0.636,0.739,0.634,-0.315,0.506,0.148,0.607,-0.67,0.572,-0.796,0.023,0.181,-0.114,-0.266,-0.576,-0.333,0.361,0.359,-0.523,-0.78,-0.097,-0.814,-0.426,-0.522,-0.719,0.176,-0.551,0.871,-0.451,-0.582,-0.84,-0.266,0.293,-0.265,0.784,-0.549,0.521,0.164,0.087,-0.858,-0.774,-0.643,-0.779,-0.815,-0.787,-0.813,-0.779,-0.636,-0.727,-0.659,-0.822,-0.457,-0.714,-0.179,-0.849,-0.584,-0.567,-0.593,-0.693
000895SZ,0.342,-0.439,0.112,-0.015,0.285,0.104,0.482,0.272,0.36,-0.122,0.109,0.26,0.39,0.509,-0.183,-0.047,-0.429,-0.264,-0.161,-0.396,0.357,0.014,1.0,0.341,0.207,-0.393,-0.007,-0.366,0.302,0.329,-0.04,0.235,0.104,0.334,-0.31,0.178,0.155,0.396,0.199,0.431,0.083,0.403,-0.26,-0.077,0.137,0.326,-0.225,0.35,0.148,0.163,-0.192,0.448,-0.319,0.035,0.059,0.272,0.275,0.167,-0.114,0.28,-0.108,-0.031,0.538,0.338,0.114,0.379,0.113,0.112,0.426,0.28,0.191,-0.135,0.265,-0.394,-0.11,0.191,0.306,0.133,0.029,0.252,0.459,0.226,0.219,-0.221,0.116,-0.135,0.005,-0.384,-0.151,0.127,0.232,-0.178,-0.34,-0.353,0.222,0.293,0.033,-0.468,-0.098,-0.107,-0.181,0.104,-0.153,-0.364,0.037,0.368,-0.516,-0.207,-0.261,0.338,0.064,0.096,-0.258,0.211,-0.475,0.207,-0.492,-0.439,0.258,0.444,0.259,-0.501,0.473,0.333,0.258,-0.118,0.27,0.222,-0.066,0.177,0.235,-0.207,0.318,-0.063,-0.263,0.152,0.091,-0.066,-0.034,0.208,0.243,-0.094,0.307,-0.046,-0.282,0.396,-0.404,0.001,0.086,0.213,-0.361,-0.331,-0.468,-0.003,-0.333,0.053,-0.273,-0.525,0.247,-0.355,-0.311,-0.213,-0.507,0.199,-0.425,-0.221,0.064,0.173,-0.5,-0.496,-0.402,-0.248,0.357,-0.126,-0.622,-0.462,-0.18,0.366,-0.446,-0.142,-0.13,0.112,0.227,-0.53,0.154,0.089,-0.005,-0.236,0.013,0.517,-0.553,-0.232,-0.299,-0.116,-0.452,-0.616,-0.056,0.178,0.334,0.219,-0.245,0.335,0.383,0.205,0.253,0.199,0.015,0.279,0.12,-0.154,0.328,-0.362,0.036,0.344,0.126,0.304,0.223
000938SZ,0.534,-0.267,0.809,0.701,0.894,0.747,0.592,0.775,0.827,-0.024,0.836,0.751,0.822,0.109,0.397,0.771,-0.074,-0.83,0.459,0.189,0.876,-0.769,0.341,1.0,0.92,-0.709,0.026,-0.699,0.013,0.933,0.451,0.941,0.893,0.847,-0.206,0.578,0.853,-0.413,0.844,0.661,0.895,0.674,-0.398,0.723,0.883,0.587,-0.545,0.934,-0.071,0.571,0.026,0.754,-0.472,0.781,-0.667,0.829,0.937,0.88,-0.308,0.699,0.631,0.787,0.548,0.955,0.874,0.833,0.939,0.613,0.567,0.875,0.901,0.668,0.88,-0.093,-0.744,0.759,0.829,0.9,0.697,-0.337,-0.272,0.959,0.646,-0.15,0.662,0.259,0.554,-0.817,0.105,0.735,0.633,-0.879,-0.877,-0.135,0.687,0.771,-0.428,-0.469,0.484,0.381,-0.478,0.541,0.606,0.041,0.131,0.637,-0.384,-0.845,0.283,0.733,-0.062,0.844,0.05,-0.204,-0.081,0.724,-0.588,-0.091,0.782,0.909,0.871,-0.438,0.878,0.947,0.663,0.744,0.91,0.851,0.695,0.497,0.931,-0.787,0.874,0.514,0.344,-0.796,0.903,0.312,0.649,0.866,0.922,0.407,0.687,0.36,0.572,0.893,-0.743,0.052,0.615,0.808,-0.558,-0.055,-0.666,0.474,-0.219,0.798,0.251,-0.468,0.908,-0.869,-0.55,0.281,-0.73,0.318,-0.836,0.408,-0.299,0.707,-0.211,-0.255,-0.223,0.233,0.875,0.203,-0.615,-0.568,0.434,0.864,-0.067,0.626,0.515,0.76,0.902,-0.531,0.807,-0.743,0.504,0.367,0.794,0.726,-0.587,0.099,-0.855,0.578,-0.735,-0.536,0.135,0.879,0.637,0.576,0.455,0.739,0.873,0.926,0.901,0.752,0.8,0.559,0.879,0.392,0.933,-0.031,0.801,0.81,0.763,0.753,0.83
000963SZ,0.437,-0.214,0.91,0.853,0.903,0.903,0.514,0.751,0.775,0.014,0.941,0.768,0.771,-0.097,0.594,0.882,0.169,-0.844,0.671,0.38,0.853,-0.825,0.207,0.92,1.0,-0.637,-0.045,-0.587,-0.145,0.924,0.452,0.924,0.93,0.904,0.012,0.7,0.939,-0.564,0.838,0.582,0.902,0.625,-0.225,0.81,0.97,0.593,-0.357,0.888,-0.03,0.717,0.151,0.701,-0.398,0.789,-0.76,0.903,0.951,0.923,-0.128,0.694,0.784,0.9,0.412,0.913,0.908,0.811,0.943,0.603,0.496,0.919,0.899,0.72,0.865,0.126,-0.682,0.826,0.851,0.957,0.742,-0.472,-0.33,0.953,0.584,0.066,0.801,0.318,0.586,-0.693,0.29,0.819,0.688,-0.931,-0.822,-0.04,0.784,0.719,-0.541,-0.259,0.676,0.496,-0.33,0.715,0.747,0.197,0.252,0.588,-0.158,-0.839,0.481,0.653,0.096,0.931,0.286,-0.21,0.179,0.704,-0.435,0.162,0.859,0.832,0.832,-0.304,0.848,0.895,0.685,0.831,0.9,0.93,0.741,0.658,0.935,-0.725,0.817,0.717,0.475,-0.836,0.944,0.354,0.643,0.878,0.894,0.464,0.645,0.483,0.685,0.876,-0.672,0.069,0.605,0.805,-0.495,-0.024,-0.54,0.664,-0.165,0.801,0.475,-0.371,0.87,-0.784,-0.494,0.297,-0.557,0.236,-0.72,0.601,-0.404,0.816,-0.049,-0.117,0.022,0.434,0.825,0.305,-0.438,-0.401,0.648,0.84,0.119,0.798,0.622,0.728,0.906,-0.301,0.828,-0.841,0.655,0.59,0.895,0.629,-0.402,0.267,-0.787,0.603,-0.599,-0.393,0.117,0.957,0.633,0.493,0.574,0.759,0.815,0.973,0.961,0.908,0.852,0.563,0.97,0.634,0.917,0.204,0.857,0.805,0.806,0.764,0.882
000999SZ,-0.365,0.185,-0.49,-0.321,-0.709,-0.363,-0.592,-0.739,-0.809,0.128,-0.484,-0.599,-0.849,-0.183,-0.002,-0.439,0.473,0.797,-0.102,0.012,-0.819,0.534,-0.393,-0.709,-0.637,1.0,0.257,0.736,-0.314,-0.67,-0.099,-0.746,-0.663,-0.67,0.563,-0.185,-0.442,0.229,-0.736,-0.78,-0.709,-0.37,0.525,-0.412,-0.642,-0.131,0.666,-0.732,0.123,-0.178,0.236,-0.827,0.772,-0.634,0.333,-0.414,-0.728,-0.558,0.508,-0.248,-0.181,-0.431,-0.687,-0.802,-0.643,-0.47,-0.668,-0.542,-0.365,-0.677,-0.747,-0.534,-0.525,0.412,0.69,-0.268,-0.752,-0.66,-0.665,0.142,0.096,-0.708,-0.653,0.435,-0.415,-0.127,-0.496,0.847,0.269,-0.428,-0.491,0.745,0.893,0.259,-0.305,-0.628,0.251,0.744,-0.078,-0.171,0.528,-0.114,-0.428,0.185,-0.097,-0.303,0.582,0.826,0.148,-0.815,0.046,-0.521,0.355,0.053,0.307,-0.552,0.838,0.377,-0.51,-0.828,-0.707,0.235,-0.813,-0.786,-0.309,-0.495,-0.8,-0.521,-0.525,-0.073,-0.775,0.785,-0.803,-0.148,-0.202,0.583,-0.707,-0.163,-0.486,-0.672,-0.797,-0.193,-0.447,0.036,-0.374,-0.679,0.703,0.261,-0.478,-0.666,0.821,0.126,0.674,-0.037,0.255,-0.427,0.21,0.339,-0.614,0.863,0.737,-0.126,0.788,-0.229,0.896,0.005,0.357,-0.322,0.568,0.531,0.55,0.214,-0.698,0.185,0.781,0.788,-0.001,-0.638,0.459,-0.332,-0.208,-0.638,-0.683,0.671,-0.522,0.563,0.016,0.084,-0.419,-0.659,0.553,0.479,0.865,-0.394,0.893,0.671,-0.141,-0.579,-0.569,-0.476,-0.179,-0.629,-0.82,-0.595,-0.69,-0.447,-0.513,-0.263,-0.582,-0.039,-0.68,0.47,-0.615,-0.68,-0.505,-0.697,-0.601
001965SZ,0.581,0.455,-0.217,-0.183,-0.238,0.018,0.461,-0.426,-0.361,0.341,-0.064,-0.35,-0.353,0.346,-0.259,-0.129,0.145,0.369,0.194,0.276,-0.248,0.325,-0.007,0.026,-0.045,0.257,1.0,0.395,0.247,0.2,-0.257,-0.042,-0.208,0.027,-0.095,0.265,0.026,0.32,0.161,-0.438,-0.11,0.533,-0.464,0.183,-0.115,0.37,-0.346,0.115,0.564,0.003,0.474,-0.09,0.076,-0.147,0.348,-0.094,-0.153,0.21,-0.185,0.473,0.186,0.139,-0.17,-0.072,0.135,0.305,0.027,-0.467,0.446,-0.034,-0.151,-0.266,0.225,-0.263,0.389,0.133,-0.106,-0.199,0.14,-0.002,-0.34,0.027,0.391,-0.245,-0.387,0.628,0.406,0.231,0.173,0.299,-0.322,0.225,0.131,0.5,0.161,0.406,0.617,0.223,-0.129,0.46,-0.311,0.237,-0.353,0.46,-0.127,0.438,-0.083,0.074,0.231,-0.144,-0.464,-0.044,0.038,0.481,-0.103,0.438,0.055,-0.108,-0.168,-0.04,0.237,-0.449,-0.175,-0.012,0.349,-0.271,-0.245,0.046,0.004,0.091,-0.068,0.401,-0.29,-0.279,0.178,-0.017,-0.114,-0.625,0.371,0.221,-0.016,0.559,0.484,0.236,-0.152,-0.132,0.473,0.826,0.471,0.325,0.452,0.365,0.307,-0.023,0.546,0.255,0.299,0.099,0.272,0.073,0.575,0.372,0.135,0.743,0.046,-0.179,0.683,-0.096,0.374,0.547,-0.076,0.361,0.248,-0.272,0.257,0.305,0.176,-0.207,0.224,-0.279,0.396,0.326,0.157,-0.066,0.355,0.232,0.314,-0.041,-0.044,0.286,-0.177,0.084,0.292,0.298,0.128,-0.026,0.639,-0.175,-0.531,-0.49,-0.442,-0.47,-0.228,0.012,-0.042,0.077,0.025,-0.181,-0.072,0.09,0.035,0.078,-0.301,0.104,0.166,-0.076,-0.145
