,000001SZ,000002SZ,000157SZ,000166SZ,000333SZ,000338SZ,000538SZ,000568SZ,000596SZ,000617SZ,000625SZ,000651SZ,000661SZ,000708SZ,000725SZ,000768SZ,000776SZ,000786SZ,000800SZ,000807SZ,000858SZ,000876SZ,000895SZ,000938SZ,000963SZ,000999SZ,001965SZ,002001SZ,002007SZ,002027SZ,002028SZ,002050SZ,002129SZ,002179SZ,002230SZ,002236SZ,002241SZ,002271SZ,002304SZ,002311SZ,002371SZ,002415SZ,002422SZ,002459SZ,002460SZ,002463SZ,002466SZ,002475SZ,002493SZ,002555SZ,002594SZ,002601SZ,002648SZ,002709SZ,002714SZ,002916SZ,002920SZ,002938SZ,003816SZ,300014SZ,300033SZ,300059SZ,300122SZ,300124SZ,300274SZ,300308SZ,300316SZ,300347SZ,300394SZ,300408SZ,300413SZ,300418SZ,300433SZ,300450SZ,300498SZ,300502SZ,300628SZ,300661SZ,300750SZ,300759SZ,300760SZ,300782SZ,600000SS,600010SS,600011SS,600015SS,600016SS,600018SS,600019SS,600023SS,600025SS,600026SS,600028SS,600029SS,600031SS,600036SS,600048SS,600050SS,600061SS,600085SS,600089SS,600104SS,600111SS,600115SS,600161SS,600183SS,600188SS,600196SS,600219SS,600233SS,600276SS,600309SS,600332SS,600346SS,600362SS,600377SS,600406SS,600415SS,600426SS,600436SS,600438SS,600489SS,600519SS,600570SS,600585SS,600588SS,600600SS,600660SS,600674SS,600741SS,600760SS,600795SS,600809SS,600875SS,600886SS,600887SS,600926SS,600989SS,601006SS,601009SS,601012SS,601021SS,601058SS,601066SS,601088SS,601100SS,601117SS,601138SS,601166SS,601169SS,601186SS,601225SS,601229SS,601238SS,601288SS,601318SS,601319SS,601328SS,601336SS,601360SS,601390SS,601398SS,601600SS,601601SS,601607SS,601618SS,601628SS,601633SS,601658SS,601668SS,601669SS,601688SS,601689SS,601698SS,601699SS,601766SS,601788SS,601799SS,601800SS,601808SS,601816SS,601818SS,601838SS,601857SS,601865SS,601872SS,601877SS,601878SS,601881SS,601888SS,601899SS,601901SS,601919SS,601939SS,601985SS,601988SS,601998SS,603019SS,603195SS,603259SS,603260SS,603288SS,603369SS,603501SS,603659SS,603799SS,603806SS,603833SS,603986SS,603993SS,688008SS,688009SS,688012SS,688036SS,688111SS,688169SS,688396SS
000001SZ,1.0,-0.567,0.018,-0.26,0.462,-0.048,0.065,-0.141,0.339,-0.437,-0.291,-0.079,0.099,0.32,0.052,0.513,-0.199,-0.018,-0.087,0.197,0.093,0.012,-0.055,0.684,-0.256,0.38,0.52,-0.239,-0.028,0.559,0.155,0.281,0.331,0.004,-0.003,-0.082,0.065,0.264,-0.041,0.02,0.61,-0.047,-0.385,0.294,0.1,0.584,-0.192,0.006,0.291,0.38,0.233,-0.219,0.296,0.251,0.025,0.28,0.508,0.002,-0.079,0.208,-0.071,0.016,0.166,0.18,0.05,0.321,0.523,0.175,0.306,0.3,0.553,0.207,-0.041,0.255,-0.448,0.28,-0.214,-0.127,0.327,0.21,0.476,0.174,-0.279,-0.365,-0.081,-0.207,-0.391,-0.206,-0.264,0.182,-0.351,0.208,0.347,0.169,-0.041,0.687,0.552,-0.29,-0.264,0.017,0.362,-0.008,-0.333,-0.032,-0.629,0.539,-0.546,0.539,-0.319,0.061,-0.103,-0.062,-0.15,0.306,-0.306,0.192,0.309,-0.15,-0.216,0.163,0.385,0.102,0.181,0.393,0.149,0.472,-0.2,0.305,-0.589,-0.041,-0.037,-0.509,0.276,0.42,-0.495,0.018,-0.208,-0.11,-0.314,-0.134,0.425,0.192,0.203,0.374,-0.472,0.004,0.193,0.184,-0.143,-0.31,0.457,-0.567,-0.42,-0.131,0.012,0.525,0.199,-0.43,0.496,0.565,0.115,-0.105,-0.231,0.7,0.036,-0.045,0.691,0.074,-0.341,-0.225,-0.007,-0.127,0.4,0.436,-0.449,-0.155,-0.227,0.669,0.384,-0.159,-0.1,-0.014,-0.06,-0.161,0.316,0.157,0.382,-0.418,-0.065,0.359,0.052,0.365,-0.107,-0.317,0.183,0.193,-0.034,0.239,-0.339,0.26,-0.417,-0.22,0.172,0.24,0.216,-0.036,0.372,0.34,0.079,-0.399,0.19,0.149,0.353,0.247,0.622,-0.108,0.377
000002SZ,-0.567,1.0,0.194,0.442,-0.21,0.318,0.141,0.409,-0.203,0.715,0.054,0.238,0.099,0.122,0.356,-0.317,0.598,0.344,0.19,-0.095,0.172,0.209,0.221,-0.302,0.436,-0.12,-0.204,0.397,0.26,-0.565,0.01,-0.045,0.009,0.283,0.31,0.462,0.296,-0.046,0.238,0.141,-0.28,0.455,0.535,-0.105,0.178,-0.201,0.569,0.309,-0.169,-0.116,-0.242,0.325,0.063,-0.02,0.244,0.036,-0.233,0.266,0.272,0.115,0.353,0.256,-0.016,0.07,0.294,-0.044,-0.172,0.055,0.006,0.039,-0.453,0.09,0.388,0.061,0.497,0.012,0.34,0.338,-0.12,-0.035,-0.226,0.153,0.527,0.509,-0.172,0.41,0.586,0.168,0.436,-0.07,0.321,-0.034,-0.015,0.034,0.277,-0.208,-0.274,0.582,0.4,-0.087,-0.267,-0.157,0.6,0.266,0.583,-0.206,0.574,-0.323,0.694,0.124,0.338,0.492,0.194,-0.13,0.626,-0.074,-0.172,0.41,0.525,0.072,-0.092,0.061,0.033,-0.074,0.125,-0.091,0.313,-0.23,0.599,-0.011,0.137,0.559,-0.037,-0.233,0.372,0.222,0.492,0.37,0.543,0.47,-0.236,0.07,0.087,-0.275,0.422,0.159,-0.053,0.193,0.479,0.365,-0.34,0.592,0.613,0.016,0.271,-0.191,0.152,0.513,-0.161,-0.187,0.138,0.136,0.601,-0.495,0.037,0.129,-0.378,-0.251,0.547,0.393,-0.147,0.418,-0.198,-0.135,0.555,0.084,0.401,-0.442,-0.272,0.454,0.329,0.073,0.351,0.211,-0.076,0.063,-0.048,0.627,0.397,-0.053,0.193,-0.132,0.055,0.395,0.248,-0.014,0.046,0.199,0.51,0.096,0.5,0.436,0.054,-0.044,0.087,0.254,-0.163,-0.013,0.201,0.714,0.102,0.193,-0.119,-0.036,-0.216,-0.016,-0.065
000157SZ,0.018,0.194,1.0,-0.298,0.671,0.855,0.379,0.861,0.765,0.228,-0.531,0.805,0.703,0.758,-0.167,0.591,0.309,0.834,0.94,0.424,0.876,0.508,0.54,0.097,0.79,0.784,0.221,0.678,0.331,-0.256,0.574,0.717,0.337,0.04,-0.173,0.045,0.305,0.867,0.917,0.75,0.335,0.417,0.703,0.646,0.268,0.544,-0.158,0.446,0.749,0.69,0.442,0.577,0.732,0.84,0.452,0.842,0.561,0.717,-0.203,0.372,0.819,0.922,0.923,0.888,-0.036,0.741,0.191,0.9,0.811,0.396,-0.329,0.781,0.273,0.055,-0.262,0.754,0.275,0.345,0.528,0.847,0.408,0.549,-0.229,-0.406,-0.762,-0.478,0.464,-0.621,0.607,0.438,-0.458,0.817,0.518,-0.068,0.926,0.235,0.6,0.446,-0.376,0.307,0.622,-0.734,0.426,0.394,-0.112,0.696,-0.069,0.685,0.472,0.256,0.89,0.655,0.564,0.7,0.763,0.811,0.822,-0.141,0.672,0.889,0.167,0.869,0.761,0.747,0.929,0.462,0.769,-0.241,-0.538,-0.531,0.897,0.156,0.822,0.566,-0.696,0.711,-0.004,0.88,0.385,0.707,0.429,0.481,0.902,0.627,-0.394,0.907,0.624,0.388,-0.263,-0.64,0.024,-0.092,-0.102,-0.539,0.696,0.73,0.326,0.008,0.733,0.46,0.789,-0.607,0.029,0.171,0.826,-0.209,0.474,-0.693,-0.303,-0.181,-0.681,0.783,0.678,0.761,0.233,-0.694,0.451,0.512,0.002,0.287,-0.087,-0.319,-0.404,-0.567,0.644,0.56,0.718,0.021,0.338,0.792,0.923,-0.19,-0.887,-0.518,0.656,0.568,-0.586,0.306,0.211,0.791,-0.548,0.463,0.845,0.446,0.684,0.789,0.676,0.797,0.11,0.096,0.251,-0.192,0.449,-0.268,0.009,-0.717,0.019
000166SZ,-0.26,0.442,-0.298,1.0,-0.462,-0.231,-0.322,-0.184,-0.546,0.187,0.7,-0.217,-0.461,-0.17,0.741,-0.067,0.695,-0.169,-0.313,0.246,-0.398,-0.542,-0.474,-0.139,-0.192,-0.277,0.123,-0.131,-0.205,-0.13,-0.367,-0.376,0.1,0.169,0.605,0.493,-0.107,-0.514,-0.404,-0.546,-0.23,-0.058,0.168,-0.317,0.081,-0.115,0.676,-0.17,-0.535,-0.138,-0.415,-0.3,-0.418,-0.437,-0.44,-0.356,-0.346,-0.238,0.853,-0.255,-0.072,-0.126,-0.516,-0.499,0.665,-0.41,0.208,-0.279,-0.249,0.144,0.329,-0.143,0.01,0.228,0.315,-0.355,0.314,-0.227,-0.222,-0.526,-0.164,-0.185,0.814,0.794,0.536,0.891,0.284,0.744,0.038,0.246,0.683,-0.6,-0.052,0.595,-0.403,0.117,-0.39,0.357,0.96,0.218,-0.303,0.56,-0.082,0.438,0.482,-0.429,0.745,-0.461,0.44,-0.108,-0.289,-0.086,0.309,-0.471,0.133,-0.22,-0.231,0.584,-0.065,-0.321,-0.232,-0.156,-0.538,-0.297,-0.374,-0.167,-0.331,0.509,0.663,0.713,-0.373,0.517,-0.546,-0.002,0.692,-0.399,0.736,0.024,0.58,0.181,-0.49,0.034,-0.411,-0.297,0.646,-0.464,-0.055,-0.131,0.729,0.792,-0.3,0.352,0.866,0.751,-0.128,-0.36,0.456,0.32,-0.429,-0.124,-0.457,0.701,0.815,-0.129,-0.321,0.571,-0.377,0.555,0.717,0.639,0.607,-0.029,-0.464,-0.534,0.584,0.459,0.506,-0.553,0.301,0.163,0.839,0.638,0.841,0.766,-0.331,-0.57,-0.242,0.892,0.672,-0.481,-0.26,0.323,0.501,0.753,0.198,0.032,0.763,-0.098,0.253,-0.337,0.771,-0.305,-0.283,-0.332,-0.205,-0.217,-0.491,-0.469,0.25,0.503,-0.306,0.696,-0.25,0.413,0.017,0.323,0.088
000333SZ,0.462,-0.21,0.671,-0.462,1.0,0.613,0.445,0.633,0.818,-0.14,-0.586,0.747,0.622,0.534,-0.175,0.63,-0.018,0.557,0.63,0.479,0.687,0.427,0.324,0.415,0.352,0.753,0.287,0.277,0.338,0.286,0.496,0.676,0.376,-0.205,-0.247,-0.102,0.194,0.722,0.715,0.653,0.555,0.265,0.209,0.62,0.267,0.625,-0.232,0.28,0.794,0.688,0.504,0.329,0.726,0.761,0.43,0.705,0.761,0.516,-0.338,0.33,0.479,0.636,0.816,0.731,-0.071,0.714,0.397,0.714,0.765,0.475,0.141,0.664,-0.011,0.247,-0.538,0.615,0.213,0.117,0.592,0.737,0.443,0.397,-0.486,-0.587,-0.621,-0.625,-0.106,-0.649,0.177,0.377,-0.605,0.625,0.545,-0.021,0.588,0.502,0.754,-0.024,-0.535,0.187,0.622,-0.611,0.214,0.22,-0.442,0.779,-0.507,0.735,0.147,0.238,0.563,0.401,0.305,0.826,0.291,0.729,0.721,-0.402,0.445,0.712,0.35,0.666,0.718,0.678,0.649,0.497,0.478,0.069,-0.789,-0.467,0.558,-0.258,0.804,0.655,-0.836,0.507,-0.403,0.563,-0.004,0.215,0.568,0.454,0.825,0.664,-0.683,0.646,0.509,0.343,-0.454,-0.754,0.079,-0.471,-0.379,-0.518,0.397,0.85,0.315,-0.411,0.81,0.492,0.53,-0.599,-0.211,0.638,0.447,-0.405,0.789,-0.468,-0.607,-0.552,-0.579,0.393,0.769,0.753,-0.312,-0.726,0.235,0.732,-0.029,0.117,-0.286,-0.32,-0.489,-0.488,0.696,0.422,0.727,-0.331,0.051,0.821,0.689,-0.126,-0.735,-0.705,0.35,0.352,-0.559,0.171,0.118,0.746,-0.704,0.18,0.664,0.371,0.648,0.55,0.688,0.765,-0.034,-0.232,0.351,-0.249,0.558,0.025,0.355,-0.422,0.384
000338SZ,-0.048,0.318,0.855,-0.231,0.613,1.0,0.396,0.876,0.708,0.451,-0.648,0.7,0.644,0.743,0.082,0.457,0.438,0.867,0.85,0.415,0.897,0.672,0.634,0.259,0.817,0.768,0.203,0.676,0.57,-0.173,0.733,0.792,0.572,0.009,-0.03,0.361,0.598,0.817,0.862,0.785,0.477,0.705,0.619,0.667,0.537,0.607,0.125,0.683,0.737,0.749,0.34,0.67,0.772,0.87,0.638,0.863,0.682,0.88,-0.104,0.596,0.864,0.887,0.824,0.853,0.191,0.829,0.355,0.885,0.857,0.589,-0.324,0.872,0.539,0.25,-0.045,0.842,0.475,0.537,0.604,0.788,0.34,0.755,-0.264,-0.324,-0.875,-0.387,0.462,-0.666,0.639,0.417,-0.467,0.755,0.547,0.027,0.882,0.168,0.531,0.501,-0.35,0.043,0.579,-0.856,0.651,0.481,-0.004,0.735,-0.149,0.61,0.656,0.354,0.878,0.814,0.386,0.756,0.79,0.6,0.729,0.013,0.856,0.846,0.407,0.769,0.829,0.795,0.838,0.634,0.667,-0.21,-0.426,-0.621,0.827,0.227,0.79,0.583,-0.594,0.718,-0.109,0.788,0.328,0.661,0.514,0.636,0.867,0.6,-0.497,0.867,0.641,0.671,-0.337,-0.602,-0.044,-0.001,-0.076,-0.63,0.64,0.666,0.278,-0.058,0.753,0.495,0.818,-0.698,0.198,0.086,0.641,-0.348,0.455,-0.811,-0.292,-0.28,-0.814,0.867,0.727,0.774,0.139,-0.744,0.314,0.522,-0.209,0.575,-0.007,-0.519,-0.405,-0.467,0.761,0.653,0.74,0.044,0.35,0.837,0.877,-0.135,-0.812,-0.562,0.68,0.419,-0.681,0.506,0.17,0.881,-0.419,0.579,0.645,0.547,0.817,0.894,0.753,0.836,0.315,0.401,0.534,-0.123,0.619,-0.107,0.195,-0.536,0.238
000538SZ,0.065,0.141,0.379,-0.322,0.445,0.396,1.0,0.63,0.608,0.212,-0.496,0.3,0.783,0.291,-0.221,0.003,0.082,0.306,0.369,0.119,0.611,0.676,0.678,0.202,0.403,0.359,0.04,0.563,0.681,0.175,0.532,0.556,0.198,0.329,-0.213,0.117,0.411,0.534,0.524,0.635,0.311,0.47,0.109,0.543,0.423,0.125,-0.297,0.525,0.61,0.398,0.656,0.649,0.243,0.508,0.618,0.411,0.461,0.549,-0.228,0.513,0.309,0.312,0.496,0.6,-0.048,0.469,-0.11,0.33,0.227,0.31,-0.143,0.377,0.288,0.069,0.091,0.387,0.226,0.511,0.523,0.592,0.354,0.44,-0.143,-0.222,-0.5,-0.33,0.361,-0.431,0.539,0.205,-0.352,0.499,0.118,-0.303,0.51,0.187,0.447,0.035,-0.431,0.33,0.428,-0.457,0.553,0.012,-0.044,0.35,-0.106,0.501,0.17,0.638,0.563,0.543,0.218,0.508,0.318,0.162,0.314,-0.06,0.501,0.586,0.485,0.396,0.657,0.474,0.445,0.34,0.479,-0.435,-0.313,-0.464,0.489,0.198,0.648,0.218,-0.289,0.706,-0.129,0.299,0.076,0.138,0.556,0.422,0.432,0.413,-0.161,0.536,0.456,0.463,-0.198,-0.357,0.211,0.069,-0.307,-0.592,0.55,0.354,-0.161,0.209,0.447,0.14,0.568,-0.347,-0.148,0.073,0.36,-0.157,0.255,-0.481,-0.147,-0.062,-0.509,0.392,0.536,0.393,-0.066,-0.186,-0.197,0.378,-0.132,0.223,-0.318,-0.327,-0.411,-0.552,0.496,0.593,0.474,-0.25,0.028,0.447,0.486,-0.052,-0.403,-0.327,0.226,0.036,-0.539,0.396,0.116,0.362,-0.411,0.689,0.383,0.537,0.523,0.47,0.515,0.552,0.213,0.133,0.583,-0.177,0.463,-0.13,0.223,0.046,0.182
000568SZ,-0.141,0.409,0.861,-0.184,0.633,0.876,0.63,1.0,0.727,0.439,-0.53,0.759,0.782,0.632,-0.04,0.359,0.442,0.803,0.872,0.392,0.91,0.663,0.664,0.092,0.829,0.68,0.127,0.766,0.572,-0.192,0.653,0.728,0.381,0.126,-0.068,0.267,0.471,0.784,0.916,0.815,0.318,0.618,0.696,0.642,0.464,0.416,0.004,0.61,0.726,0.645,0.465,0.738,0.626,0.798,0.624,0.778,0.573,0.822,-0.133,0.509,0.812,0.852,0.837,0.855,0.111,0.733,0.121,0.802,0.704,0.484,-0.366,0.76,0.403,0.127,-0.004,0.706,0.468,0.494,0.573,0.796,0.323,0.604,-0.124,-0.246,-0.781,-0.353,0.572,-0.559,0.737,0.404,-0.367,0.73,0.441,-0.053,0.882,0.173,0.488,0.471,-0.302,0.288,0.542,-0.766,0.701,0.448,0.086,0.601,0.037,0.552,0.627,0.47,0.921,0.809,0.544,0.695,0.819,0.59,0.673,-0.017,0.86,0.874,0.312,0.787,0.818,0.702,0.817,0.452,0.793,-0.289,-0.35,-0.536,0.831,0.337,0.823,0.48,-0.501,0.809,0.008,0.821,0.465,0.666,0.46,0.603,0.848,0.543,-0.291,0.869,0.633,0.541,-0.193,-0.498,-0.079,0.097,-0.017,-0.582,0.686,0.622,0.28,0.114,0.661,0.338,0.783,-0.566,0.175,0.07,0.675,-0.232,0.355,-0.734,-0.169,-0.152,-0.732,0.833,0.66,0.651,0.263,-0.612,0.381,0.405,-0.182,0.47,-0.044,-0.387,-0.357,-0.499,0.672,0.615,0.694,0.111,0.37,0.74,0.891,-0.197,-0.768,-0.436,0.592,0.352,-0.629,0.389,0.379,0.757,-0.38,0.643,0.77,0.496,0.746,0.854,0.659,0.775,0.237,0.36,0.471,-0.145,0.516,-0.147,0.054,-0.431,0.172
000596SZ,0.339,-0.203,0.765,-0.546,0.818,0.708,0.608,0.727,1.0,0.013,-0.688,0.607,0.733,0.587,-0.287,0.566,0.052,0.534,0.745,0.526,0.838,0.619,0.572,0.456,0.529,0.831,0.217,0.576,0.551,0.314,0.79,0.914,0.53,-0.139,-0.404,0.044,0.432,0.887,0.773,0.749,0.636,0.448,0.219,0.887,0.528,0.553,-0.42,0.556,0.954,0.817,0.787,0.62,0.613,0.93,0.484,0.841,0.824,0.762,-0.38,0.571,0.607,0.72,0.893,0.901,-0.045,0.868,0.311,0.79,0.744,0.515,-0.061,0.803,0.184,0.275,-0.443,0.789,0.239,0.399,0.843,0.92,0.409,0.618,-0.531,-0.71,-0.785,-0.677,0.224,-0.827,0.465,0.54,-0.778,0.823,0.477,-0.218,0.748,0.401,0.866,-0.02,-0.668,0.356,0.845,-0.732,0.295,0.168,-0.466,0.799,-0.433,0.887,0.166,0.335,0.73,0.549,0.341,0.892,0.37,0.633,0.841,-0.359,0.519,0.893,0.509,0.782,0.901,0.838,0.746,0.679,0.536,-0.232,-0.847,-0.653,0.794,-0.056,0.936,0.697,-0.776,0.701,-0.384,0.549,-0.036,0.304,0.805,0.669,0.84,0.896,-0.579,0.837,0.777,0.565,-0.54,-0.83,0.229,-0.206,-0.497,-0.736,0.665,0.837,0.144,-0.149,0.883,0.474,0.77,-0.664,-0.298,0.457,0.632,-0.429,0.696,-0.684,-0.55,-0.443,-0.737,0.617,0.941,0.785,-0.136,-0.688,0.016,0.792,-0.034,0.143,-0.381,-0.482,-0.693,-0.776,0.847,0.635,0.858,-0.393,0.133,0.833,0.825,-0.078,-0.909,-0.719,0.42,0.503,-0.749,0.381,-0.136,0.72,-0.864,0.438,0.674,0.719,0.841,0.758,0.903,0.895,0.235,-0.094,0.546,-0.308,0.753,-0.231,0.333,-0.42,0.178
000617SZ,-0.437,0.715,0.228,0.187,-0.14,0.451,0.212,0.439,0.013,1.0,-0.288,0.108,0.191,0.314,0.285,-0.283,0.501,0.393,0.236,-0.08,0.365,0.481,0.506,0.043,0.576,0.084,-0.006,0.564,0.454,-0.398,0.364,0.226,0.275,0.274,0.268,0.65,0.643,0.146,0.32,0.293,0.085,0.763,0.439,0.18,0.405,-0.032,0.419,0.639,0.089,0.044,-0.099,0.605,0.261,0.224,0.418,0.298,0.038,0.556,0.166,0.491,0.509,0.326,0.108,0.279,0.348,0.269,-0.03,0.203,0.174,0.19,-0.561,0.261,0.675,0.199,0.492,0.34,0.263,0.662,0.106,0.166,-0.173,0.497,0.192,0.267,-0.451,0.167,0.571,-0.137,0.518,0.035,0.059,0.258,0.318,-0.096,0.408,-0.238,-0.157,0.538,0.089,-0.246,-0.014,-0.43,0.627,0.177,0.396,0.055,0.326,-0.093,0.651,0.268,0.472,0.665,0.008,0.133,0.563,-0.212,-0.041,0.413,0.675,0.218,0.281,0.084,0.328,0.212,0.223,0.257,0.303,-0.404,0.351,-0.304,0.287,0.46,0.181,-0.067,0.127,0.411,0.238,0.261,0.341,0.383,0.104,0.277,0.207,-0.037,0.163,0.33,0.176,0.559,0.126,0.085,-0.056,0.597,0.243,-0.337,0.351,-0.044,0.001,0.469,0.107,0.028,0.443,-0.131,0.441,-0.449,0.089,0.004,-0.192,-0.541,0.297,0.239,-0.424,0.579,0.096,0.126,0.432,-0.055,0.058,-0.083,-0.292,0.69,0.12,-0.36,0.028,0.048,0.232,0.42,0.119,0.343,0.287,0.178,0.258,0.03,-0.101,0.14,0.31,-0.025,-0.284,0.594,0.219,0.287,0.254,0.652,0.079,0.36,0.32,0.421,0.185,0.253,0.516,0.711,0.51,0.197,0.27,-0.039,0.048,-0.029,0.103
000625SZ,-0.291,0.054,-0.531,0.7,-0.586,-0.648,-0.496,-0.53,-0.688,-0.288,1.0,-0.325,-0.666,-0.634,0.216,-0.265,0.133,-0.575,-0.502,-0.021,-0.759,-0.809,-0.746,-0.492,-0.522,-0.562,-0.144,-0.431,-0.57,-0.045,-0.684,-0.701,-0.41,-0.098,0.193,-0.105,-0.602,-0.742,-0.645,-0.772,-0.612,-0.632,-0.134,-0.599,-0.349,-0.517,0.203,-0.648,-0.711,-0.519,-0.341,-0.596,-0.732,-0.75,-0.737,-0.737,-0.7,-0.702,0.449,-0.664,-0.478,-0.483,-0.672,-0.789,0.108,-0.767,-0.203,-0.608,-0.647,-0.41,0.309,-0.589,-0.547,-0.084,0.106,-0.757,-0.087,-0.582,-0.496,-0.697,-0.359,-0.735,0.62,0.626,0.874,0.667,-0.061,0.834,-0.291,-0.061,0.636,-0.78,-0.436,0.289,-0.683,-0.073,-0.552,-0.068,0.777,0.285,-0.522,0.852,-0.463,0.013,0.337,-0.759,0.65,-0.66,-0.112,-0.416,-0.638,-0.579,0.178,-0.727,-0.294,-0.241,-0.443,0.146,-0.56,-0.643,-0.653,-0.432,-0.833,-0.699,-0.624,-0.641,-0.443,0.49,0.599,0.857,-0.618,0.199,-0.776,-0.344,0.747,-0.672,0.501,-0.266,0.198,-0.203,-0.694,-0.403,-0.659,-0.504,0.745,-0.681,-0.372,-0.665,0.599,0.75,-0.243,0.28,0.653,0.909,-0.433,-0.546,0.22,0.224,-0.739,-0.542,-0.774,0.809,0.279,-0.126,-0.397,0.566,-0.523,0.862,0.609,0.524,0.855,-0.497,-0.707,-0.824,0.406,0.64,0.347,-0.74,0.325,-0.413,0.481,0.776,0.688,0.655,-0.691,-0.844,-0.543,0.584,0.204,-0.824,-0.579,0.12,0.642,0.733,-0.324,-0.062,0.852,-0.644,0.178,-0.722,0.635,-0.62,-0.383,-0.639,-0.653,-0.618,-0.805,-0.8,-0.248,-0.034,-0.728,0.313,-0.631,0.119,-0.376,0.404,-0.33
000651SZ,-0.079,0.238,0.805,-0.217,0.747,0.7,0.3,0.759,0.607,0.108,-0.325,1.0,0.546,0.413,-0.197,0.421,0.207,0.664,0.789,0.371,0.639,0.335,0.267,-0.066,0.56,0.563,-0.013,0.444,0.256,-0.214,0.338,0.471,0.125,-0.211,-0.265,-0.104,0.067,0.606,0.805,0.61,0.109,0.226,0.575,0.407,0.115,0.321,-0.091,0.198,0.581,0.485,0.325,0.4,0.643,0.618,0.344,0.57,0.387,0.472,-0.235,0.094,0.61,0.761,0.783,0.648,-0.132,0.492,0.108,0.683,0.649,0.242,-0.188,0.59,-0.068,0.121,-0.363,0.431,0.292,0.115,0.353,0.643,0.156,0.236,-0.179,-0.326,-0.548,-0.434,0.209,-0.465,0.353,0.336,-0.38,0.542,0.374,-0.107,0.696,0.212,0.468,0.263,-0.27,0.253,0.393,-0.58,0.384,0.303,-0.037,0.466,-0.079,0.437,0.443,0.085,0.668,0.444,0.537,0.63,0.623,0.815,0.611,-0.328,0.586,0.638,-0.046,0.683,0.561,0.455,0.667,0.183,0.68,-0.047,-0.416,-0.388,0.649,0.11,0.625,0.418,-0.552,0.476,-0.113,0.803,0.291,0.472,0.229,0.261,0.77,0.441,-0.335,0.707,0.389,0.147,-0.191,-0.529,-0.246,-0.105,0.047,-0.346,0.477,0.627,0.367,-0.08,0.518,0.156,0.456,-0.468,0.003,0.242,0.567,-0.297,0.415,-0.485,-0.264,-0.336,-0.54,0.543,0.482,0.514,0.107,-0.655,0.613,0.263,-0.168,0.165,-0.12,-0.136,-0.313,-0.357,0.432,0.265,0.528,0.084,0.238,0.601,0.735,-0.402,-0.726,-0.451,0.35,0.445,-0.441,-0.055,0.446,0.636,-0.43,0.251,0.662,0.127,0.484,0.58,0.406,0.576,-0.178,-0.007,0.069,-0.321,0.25,-0.197,-0.1,-0.52,0.011
000661SZ,0.099,0.099,0.703,-0.461,0.622,0.644,0.783,0.782,0.733,0.191,-0.666,0.546,1.0,0.571,-0.286,0.303,0.103,0.642,0.716,0.125,0.847,0.751,0.814,0.132,0.708,0.53,0.075,0.71,0.522,-0.126,0.611,0.664,0.212,0.29,-0.114,-0.01,0.353,0.807,0.808,0.866,0.336,0.44,0.459,0.591,0.273,0.418,-0.31,0.534,0.716,0.55,0.571,0.716,0.587,0.717,0.68,0.704,0.62,0.651,-0.296,0.491,0.629,0.654,0.8,0.805,-0.116,0.661,-0.031,0.663,0.554,0.355,-0.303,0.599,0.358,-0.161,0.003,0.635,0.275,0.482,0.49,0.791,0.563,0.543,-0.263,-0.382,-0.678,-0.492,0.398,-0.583,0.605,0.209,-0.361,0.779,0.275,-0.202,0.781,0.157,0.52,0.336,-0.528,0.287,0.612,-0.669,0.568,0.214,-0.027,0.644,-0.201,0.654,0.271,0.626,0.828,0.583,0.315,0.621,0.552,0.454,0.592,-0.089,0.631,0.801,0.427,0.652,0.812,0.68,0.771,0.403,0.771,-0.504,-0.485,-0.589,0.789,0.126,0.843,0.363,-0.593,0.839,-0.163,0.531,0.206,0.463,0.547,0.379,0.695,0.5,-0.408,0.798,0.519,0.449,-0.345,-0.568,0.183,-0.189,-0.395,-0.677,0.617,0.534,-0.005,0.068,0.623,0.439,0.759,-0.639,-0.12,0.074,0.701,-0.224,0.346,-0.659,-0.389,-0.218,-0.684,0.621,0.611,0.728,-0.081,-0.515,0.026,0.517,-0.133,0.275,-0.3,-0.423,-0.506,-0.67,0.572,0.746,0.562,-0.228,0.098,0.732,0.739,-0.14,-0.674,-0.566,0.454,0.125,-0.691,0.409,0.226,0.673,-0.523,0.668,0.695,0.502,0.611,0.681,0.68,0.722,0.105,0.083,0.513,-0.321,0.437,-0.181,0.05,-0.296,0.213
000708SZ,0.32,0.122,0.758,-0.17,0.534,0.743,0.291,0.632,0.587,0.314,-0.634,0.413,0.571,1.0,0.185,0.635,0.392,0.797,0.634,0.349,0.777,0.492,0.542,0.488,0.661,0.8,0.593,0.487,0.347,-0.169,0.542,0.683,0.572,0.32,0.195,0.336,0.499,0.75,0.677,0.597,0.623,0.6,0.516,0.591,0.336,0.781,0.106,0.554,0.614,0.722,0.18,0.434,0.785,0.752,0.481,0.837,0.683,0.701,0.041,0.564,0.721,0.741,0.685,0.776,0.259,0.753,0.488,0.814,0.832,0.617,-0.105,0.743,0.589,0.188,-0.099,0.833,0.272,0.456,0.475,0.669,0.626,0.776,-0.161,-0.257,-0.712,-0.252,0.357,-0.489,0.47,0.397,-0.293,0.706,0.708,0.191,0.752,0.386,0.565,0.53,-0.256,0.048,0.567,-0.638,0.329,0.433,-0.153,0.81,-0.162,0.717,0.444,0.378,0.743,0.688,0.343,0.604,0.612,0.537,0.691,0.206,0.629,0.774,0.46,0.697,0.668,0.827,0.811,0.703,0.504,-0.108,-0.458,-0.47,0.692,0.052,0.69,0.636,-0.659,0.632,0.089,0.668,0.362,0.642,0.46,0.527,0.733,0.532,-0.469,0.675,0.554,0.619,-0.18,-0.469,0.221,-0.249,-0.113,-0.479,0.571,0.654,0.286,-0.09,0.79,0.789,0.767,-0.539,0.226,0.212,0.632,-0.089,0.547,-0.609,-0.26,-0.056,-0.572,0.694,0.643,0.839,0.125,-0.56,0.191,0.665,0.121,0.542,0.106,-0.372,-0.192,-0.32,0.675,0.642,0.655,-0.005,0.365,0.817,0.735,0.197,-0.619,-0.412,0.832,0.389,-0.443,0.707,-0.002,0.822,-0.367,0.444,0.626,0.534,0.684,0.65,0.69,0.782,0.403,0.202,0.446,0.18,0.563,0.088,0.435,-0.595,0.367
000725SZ,0.052,0.356,-0.167,0.741,-0.175,0.082,-0.221,-0.04,-0.287,0.285,0.216,-0.197,-0.286,0.185,1.0,0.194,0.678,0.096,-0.199,0.364,-0.104,-0.235,-0.244,0.325,-0.052,0.025,0.335,-0.128,0.046,0.025,-0.058,-0.04,0.534,0.224,0.75,0.734,0.302,-0.246,-0.233,-0.293,0.271,0.299,0.12,-0.025,0.367,0.356,0.852,0.16,-0.245,0.19,-0.426,-0.161,-0.032,-0.101,-0.11,0.003,0.129,0.099,0.78,0.117,0.123,0.055,-0.312,-0.209,0.901,0.0,0.637,0.025,0.163,0.575,0.426,0.182,0.406,0.423,0.265,0.085,0.459,-0.006,0.044,-0.323,0.114,0.281,0.548,0.527,0.146,0.723,0.193,0.401,0.061,0.28,0.421,-0.361,0.281,0.763,-0.208,0.32,-0.126,0.41,0.683,-0.064,-0.072,0.195,0.088,0.619,0.263,0.039,0.341,-0.149,0.523,0.105,-0.114,0.174,0.141,-0.112,0.188,-0.191,-0.051,0.676,0.173,-0.087,0.255,-0.001,-0.2,0.097,-0.167,0.33,-0.313,0.57,0.384,0.406,-0.231,0.287,-0.24,0.299,0.347,-0.234,0.522,0.062,0.459,0.273,-0.107,0.36,-0.113,-0.084,0.154,-0.289,0.126,0.285,0.492,0.498,-0.176,0.058,0.594,0.427,-0.048,-0.047,0.501,0.039,-0.016,0.345,-0.157,0.365,0.846,0.091,-0.295,0.315,0.023,0.235,0.424,0.343,0.264,0.145,-0.114,-0.113,0.26,0.121,0.301,-0.122,0.211,0.496,0.829,0.28,0.659,0.649,0.097,-0.245,0.031,0.625,0.626,-0.02,-0.076,0.39,0.282,0.416,0.429,0.027,0.469,0.311,0.071,0.066,0.587,-0.166,-0.229,-0.027,0.161,0.058,-0.061,-0.086,0.545,0.63,0.14,0.774,0.174,0.67,0.482,0.215,0.542
000768SZ,0.513,-0.317,0.591,-0.067,0.63,0.457,0.003,0.359,0.566,-0.283,-0.265,0.421,0.303,0.635,0.194,1.0,0.251,0.477,0.518,0.656,0.482,-0.012,0.024,0.451,0.253,0.727,0.586,0.081,-0.002,0.181,0.307,0.514,0.489,-0.0,0.12,0.06,0.093,0.546,0.415,0.27,0.602,0.049,0.31,0.542,0.177,0.824,-0.045,0.107,0.529,0.722,0.206,0.042,0.526,0.578,0.034,0.641,0.678,0.345,0.146,0.195,0.467,0.63,0.587,0.516,0.286,0.582,0.68,0.709,0.76,0.644,0.39,0.641,0.063,0.212,-0.495,0.594,0.166,-0.108,0.495,0.473,0.602,0.399,-0.188,-0.341,-0.316,-0.194,0.015,-0.312,0.155,0.635,-0.265,0.43,0.648,0.47,0.39,0.614,0.651,0.2,-0.106,0.337,0.684,-0.268,-0.154,0.568,-0.36,0.744,-0.216,0.701,0.149,0.174,0.365,0.196,0.441,0.583,0.263,0.684,0.804,-0.036,0.214,0.605,0.28,0.653,0.411,0.697,0.564,0.576,0.248,0.399,-0.669,-0.067,0.481,-0.102,0.52,0.833,-0.654,0.23,0.03,0.506,0.261,0.432,0.407,0.508,0.589,0.645,-0.489,0.397,0.579,0.213,-0.194,-0.436,0.173,-0.551,-0.113,-0.076,0.335,0.744,0.567,-0.343,0.694,0.762,0.377,-0.285,0.118,0.68,0.47,-0.003,0.728,-0.153,-0.421,-0.195,-0.175,0.388,0.576,0.632,-0.016,-0.525,0.384,0.656,0.439,0.119,0.249,0.005,-0.077,-0.165,0.582,0.162,0.59,-0.006,0.451,0.671,0.539,0.199,-0.568,-0.398,0.572,0.496,-0.099,0.163,-0.071,0.595,-0.45,-0.182,0.555,0.284,0.513,0.457,0.568,0.574,0.19,-0.146,0.077,0.208,0.473,0.313,0.4,-0.47,0.417
000776SZ,-0.199,0.598,0.309,0.695,-0.018,0.438,0.082,0.442,0.052,0.501,0.133,0.207,0.103,0.392,0.678,0.251,1.0,0.422,0.306,0.49,0.308,0.064,0.125,0.125,0.432,0.297,0.325,0.429,0.242,-0.164,0.295,0.275,0.507,0.244,0.529,0.76,0.403,0.162,0.225,0.084,0.188,0.493,0.561,0.249,0.524,0.316,0.619,0.42,0.062,0.416,-0.034,0.285,0.137,0.243,0.107,0.343,0.195,0.448,0.653,0.326,0.566,0.511,0.114,0.185,0.717,0.281,0.393,0.364,0.333,0.552,0.036,0.508,0.466,0.379,0.331,0.33,0.519,0.275,0.301,0.148,0.126,0.41,0.549,0.505,-0.136,0.523,0.681,0.19,0.592,0.543,0.279,0.067,0.322,0.505,0.284,0.279,0.071,0.693,0.588,0.275,0.217,-0.082,0.402,0.697,0.413,0.173,0.592,0.077,0.82,0.253,0.387,0.55,0.508,0.107,0.67,0.16,0.333,0.555,0.52,0.349,0.158,0.373,0.157,0.361,0.279,0.349,0.202,0.223,0.274,0.192,0.283,0.657,0.117,0.397,0.214,0.276,0.575,0.507,0.731,0.646,0.036,0.531,0.225,0.231,0.284,0.221,0.485,0.452,0.413,0.289,-0.148,0.399,0.631,0.171,0.388,0.173,0.602,0.334,0.185,0.295,0.239,0.129,0.825,-0.036,0.21,0.295,-0.007,-0.096,0.456,0.424,-0.05,0.654,0.138,0.095,0.679,-0.052,0.559,-0.053,0.168,0.537,0.701,0.143,0.444,0.25,0.266,0.048,0.352,0.794,0.901,0.166,0.381,0.348,-0.098,0.277,0.664,0.296,0.162,0.369,0.275,0.31,0.354,0.224,0.235,0.222,0.411,0.475,0.154,0.216,0.542,0.764,0.201,0.554,0.266,0.274,0.161,-0.025,0.216
000786SZ,-0.018,0.344,0.834,-0.169,0.557,0.867,0.306,0.803,0.534,0.393,-0.575,0.664,0.642,0.797,0.096,0.477,0.422,1.0,0.818,0.263,0.836,0.575,0.587,0.127,0.814,0.674,0.255,0.592,0.367,-0.383,0.502,0.604,0.378,0.176,0.115,0.212,0.394,0.774,0.806,0.742,0.31,0.568,0.746,0.436,0.268,0.64,0.214,0.525,0.563,0.607,0.148,0.536,0.826,0.74,0.642,0.77,0.556,0.707,-0.048,0.438,0.825,0.843,0.767,0.753,0.076,0.69,0.253,0.824,0.804,0.471,-0.339,0.745,0.516,0.027,0.066,0.736,0.397,0.4,0.335,0.68,0.466,0.617,-0.15,-0.176,-0.748,-0.294,0.401,-0.487,0.595,0.211,-0.225,0.714,0.517,0.104,0.842,0.145,0.382,0.657,-0.234,-0.006,0.383,-0.758,0.615,0.483,0.101,0.708,-0.077,0.495,0.646,0.412,0.833,0.731,0.409,0.553,0.855,0.605,0.616,0.136,0.787,0.755,0.231,0.746,0.681,0.682,0.855,0.446,0.716,-0.178,-0.299,-0.514,0.76,0.149,0.687,0.445,-0.593,0.687,-0.002,0.839,0.483,0.777,0.261,0.392,0.802,0.364,-0.478,0.792,0.457,0.486,-0.232,-0.474,-0.078,-0.121,-0.003,-0.491,0.47,0.544,0.285,-0.102,0.645,0.551,0.736,-0.668,0.309,0.009,0.696,-0.223,0.364,-0.689,-0.258,-0.208,-0.696,0.768,0.536,0.784,0.131,-0.711,0.391,0.426,-0.159,0.588,0.102,-0.399,-0.246,-0.322,0.547,0.64,0.601,0.131,0.298,0.778,0.838,-0.125,-0.65,-0.504,0.738,0.233,-0.549,0.432,0.358,0.851,-0.254,0.52,0.706,0.314,0.623,0.766,0.584,0.719,0.14,0.375,0.371,-0.098,0.367,0.014,0.088,-0.549,0.274
000800SZ,-0.087,0.19,0.94,-0.313,0.63,0.85,0.369,0.872,0.745,0.236,-0.502,0.789,0.716,0.634,-0.199,0.518,0.306,0.818,1.0,0.412,0.875,0.544,0.569,-0.027,0.846,0.724,0.081,0.715,0.366,-0.235,0.619,0.705,0.305,-0.071,-0.164,0.024,0.27,0.859,0.914,0.795,0.224,0.384,0.757,0.58,0.305,0.477,-0.143,0.445,0.711,0.658,0.465,0.648,0.683,0.83,0.473,0.824,0.531,0.731,-0.242,0.345,0.838,0.917,0.921,0.846,-0.071,0.74,0.099,0.896,0.77,0.345,-0.418,0.787,0.268,-0.039,-0.166,0.739,0.35,0.317,0.499,0.836,0.361,0.505,-0.294,-0.389,-0.754,-0.49,0.477,-0.613,0.674,0.387,-0.425,0.829,0.399,-0.054,0.89,0.076,0.501,0.461,-0.389,0.307,0.595,-0.773,0.513,0.458,0.027,0.668,-0.074,0.602,0.513,0.262,0.89,0.621,0.56,0.656,0.787,0.731,0.796,-0.127,0.685,0.866,0.104,0.863,0.764,0.696,0.869,0.386,0.785,-0.269,-0.487,-0.536,0.927,0.215,0.805,0.508,-0.626,0.721,-0.099,0.83,0.363,0.75,0.381,0.482,0.87,0.597,-0.426,0.916,0.629,0.379,-0.359,-0.648,-0.106,-0.042,-0.138,-0.549,0.595,0.656,0.288,-0.04,0.645,0.413,0.753,-0.688,0.035,0.062,0.837,-0.304,0.339,-0.713,-0.34,-0.311,-0.734,0.823,0.641,0.738,0.217,-0.766,0.439,0.439,-0.16,0.282,-0.076,-0.414,-0.455,-0.589,0.589,0.587,0.66,0.032,0.29,0.744,0.92,-0.292,-0.87,-0.587,0.596,0.435,-0.649,0.216,0.293,0.784,-0.508,0.463,0.847,0.402,0.656,0.866,0.664,0.754,0.044,0.18,0.251,-0.321,0.39,-0.275,-0.12,-0.638,-0.003
000807SZ,0.197,-0.095,0.424,0.246,0.479,0.415,0.119,0.392,0.526,-0.08,-0.021,0.371,0.125,0.349,0.364,0.656,0.49,0.263,0.412,1.0,0.349,-0.071,-0.089,0.404,0.153,0.626,0.307,0.184,0.234,0.425,0.376,0.559,0.701,-0.239,0.026,0.349,0.203,0.361,0.29,0.128,0.499,0.201,0.211,0.612,0.569,0.509,0.136,0.236,0.494,0.726,0.415,0.157,0.215,0.535,-0.123,0.465,0.561,0.455,0.3,0.192,0.391,0.52,0.394,0.373,0.535,0.468,0.665,0.526,0.561,0.665,0.417,0.654,0.009,0.533,-0.423,0.444,0.504,-0.027,0.662,0.381,0.254,0.381,-0.01,-0.153,-0.242,-0.011,0.194,-0.225,0.272,0.785,-0.285,0.184,0.432,0.4,0.231,0.479,0.579,0.053,0.119,0.518,0.606,-0.187,-0.021,0.558,-0.239,0.439,0.032,0.503,0.388,0.019,0.283,0.246,0.567,0.517,0.277,0.492,0.659,0.026,0.244,0.519,0.261,0.652,0.327,0.524,0.28,0.538,0.029,0.428,-0.414,0.036,0.356,0.199,0.383,0.843,-0.245,0.098,0.068,0.488,0.266,0.308,0.366,0.713,0.448,0.721,-0.179,0.295,0.733,0.318,-0.086,-0.264,-0.123,-0.096,0.17,0.006,0.349,0.531,0.502,-0.142,0.496,0.405,0.202,-0.068,0.314,0.504,0.224,-0.057,0.453,-0.079,-0.108,-0.118,-0.125,0.407,0.572,0.288,0.196,-0.383,0.449,0.364,0.239,0.141,0.337,0.08,-0.04,-0.066,0.574,-0.061,0.615,0.235,0.604,0.397,0.508,0.127,-0.492,-0.175,0.49,0.569,-0.03,0.144,-0.109,0.351,-0.292,-0.126,0.303,0.359,0.621,0.49,0.472,0.426,0.398,0.142,0.149,0.259,0.558,0.192,0.449,-0.202,0.285
000858SZ,0.093,0.172,0.876,-0.398,0.687,0.897,0.611,0.91,0.838,0.365,-0.759,0.639,0.847,0.777,-0.104,0.482,0.308,0.836,0.875,0.349,1.0,0.797,0.796,0.307,0.838,0.788,0.257,0.772,0.598,-0.102,0.798,0.861,0.486,0.164,-0.092,0.24,0.59,0.934,0.92,0.909,0.528,0.669,0.587,0.753,0.5,0.612,-0.129,0.719,0.845,0.761,0.521,0.783,0.744,0.922,0.74,0.923,0.75,0.892,-0.23,0.679,0.824,0.853,0.909,0.96,0.056,0.895,0.218,0.887,0.813,0.556,-0.336,0.838,0.554,0.109,-0.027,0.883,0.343,0.598,0.667,0.892,0.48,0.772,-0.333,-0.423,-0.892,-0.502,0.495,-0.712,0.721,0.393,-0.498,0.899,0.542,-0.081,0.942,0.23,0.612,0.434,-0.52,0.17,0.694,-0.866,0.643,0.387,-0.099,0.816,-0.203,0.743,0.488,0.554,0.946,0.819,0.386,0.794,0.732,0.578,0.777,-0.022,0.813,0.946,0.498,0.799,0.946,0.873,0.912,0.645,0.775,-0.36,-0.561,-0.679,0.91,0.162,0.927,0.562,-0.702,0.897,-0.144,0.714,0.308,0.638,0.647,0.637,0.893,0.67,-0.523,0.94,0.707,0.682,-0.4,-0.677,0.147,-0.077,-0.3,-0.756,0.7,0.738,0.204,-0.0,0.83,0.564,0.927,-0.753,0.027,0.156,0.76,-0.31,0.51,-0.838,-0.396,-0.27,-0.847,0.857,0.802,0.862,0.074,-0.715,0.139,0.667,-0.13,0.499,-0.168,-0.587,-0.519,-0.648,0.797,0.819,0.78,-0.139,0.259,0.897,0.911,-0.073,-0.838,-0.643,0.653,0.332,-0.775,0.564,0.138,0.871,-0.573,0.696,0.773,0.672,0.833,0.898,0.858,0.903,0.315,0.266,0.621,-0.185,0.655,-0.143,0.198,-0.493,0.251
000876SZ,0.012,0.209,0.508,-0.542,0.427,0.672,0.676,0.663,0.619,0.481,-0.809,0.335,0.751,0.492,-0.235,-0.012,0.064,0.575,0.544,-0.071,0.797,1.0,0.92,0.285,0.665,0.447,0.023,0.709,0.711,-0.05,0.794,0.701,0.334,0.163,-0.201,0.251,0.707,0.727,0.679,0.866,0.414,0.755,0.241,0.572,0.515,0.299,-0.163,0.805,0.681,0.459,0.486,0.828,0.555,0.696,0.916,0.66,0.563,0.777,-0.397,0.784,0.555,0.48,0.625,0.74,-0.117,0.719,-0.044,0.522,0.466,0.295,-0.476,0.545,0.647,0.101,0.28,0.689,0.187,0.823,0.524,0.698,0.232,0.703,-0.407,-0.342,-0.813,-0.503,0.384,-0.678,0.626,0.047,-0.484,0.768,0.255,-0.397,0.756,-0.013,0.38,0.253,-0.65,-0.174,0.443,-0.797,0.78,-0.006,-0.055,0.572,-0.294,0.499,0.329,0.587,0.755,0.77,-0.056,0.614,0.495,0.175,0.394,-0.039,0.711,0.649,0.574,0.385,0.857,0.628,0.644,0.512,0.643,-0.609,-0.351,-0.778,0.667,0.112,0.742,0.168,-0.473,0.861,-0.34,0.319,-0.025,0.296,0.643,0.412,0.6,0.41,-0.445,0.766,0.441,0.741,-0.465,-0.582,0.243,0.131,-0.459,-0.877,0.547,0.439,-0.144,0.095,0.606,0.288,0.824,-0.734,-0.152,-0.092,0.495,-0.427,0.291,-0.842,-0.349,-0.298,-0.876,0.647,0.631,0.671,-0.111,-0.502,-0.298,0.517,-0.394,0.487,-0.439,-0.75,-0.603,-0.679,0.609,0.907,0.541,-0.359,-0.082,0.669,0.597,-0.082,-0.547,-0.593,0.331,0.025,-0.859,0.628,0.002,0.649,-0.473,0.894,0.419,0.686,0.643,0.681,0.707,0.705,0.291,0.321,0.794,-0.345,0.568,-0.284,0.138,-0.186,0.143
000895SZ,-0.055,0.221,0.54,-0.474,0.324,0.634,0.678,0.664,0.572,0.506,-0.746,0.267,0.814,0.542,-0.244,0.024,0.125,0.587,0.569,-0.089,0.796,0.92,1.0,0.183,0.742,0.396,0.08,0.763,0.614,-0.201,0.744,0.646,0.266,0.375,-0.101,0.24,0.641,0.722,0.697,0.831,0.353,0.686,0.367,0.544,0.413,0.276,-0.218,0.777,0.621,0.397,0.457,0.85,0.498,0.656,0.814,0.658,0.509,0.744,-0.288,0.736,0.61,0.511,0.611,0.74,-0.091,0.665,-0.127,0.515,0.409,0.29,-0.562,0.507,0.669,-0.09,0.33,0.68,0.152,0.795,0.442,0.671,0.31,0.686,-0.311,-0.256,-0.741,-0.43,0.52,-0.595,0.713,0.07,-0.327,0.784,0.243,-0.351,0.775,-0.068,0.325,0.386,-0.566,-0.052,0.488,-0.708,0.698,0.038,0.042,0.537,-0.145,0.475,0.306,0.67,0.788,0.719,0.013,0.506,0.543,0.136,0.397,0.076,0.668,0.664,0.56,0.427,0.81,0.629,0.69,0.452,0.706,-0.704,-0.301,-0.693,0.723,0.184,0.719,0.15,-0.436,0.896,-0.183,0.324,0.117,0.391,0.582,0.366,0.549,0.381,-0.331,0.763,0.467,0.67,-0.409,-0.486,0.339,0.115,-0.45,-0.811,0.584,0.351,-0.175,0.235,0.546,0.353,0.86,-0.681,-0.102,-0.186,0.578,-0.216,0.176,-0.797,-0.326,-0.103,-0.765,0.683,0.551,0.657,0.0,-0.369,-0.272,0.464,-0.244,0.477,-0.375,-0.686,-0.549,-0.669,0.547,0.914,0.461,-0.266,0.009,0.625,0.597,-0.012,-0.513,-0.495,0.401,-0.02,-0.79,0.661,0.007,0.588,-0.406,0.896,0.478,0.684,0.577,0.671,0.67,0.666,0.342,0.324,0.741,-0.265,0.502,-0.267,0.033,-0.182,0.126
000938SZ,0.684,-0.302,0.097,-0.139,0.415,0.259,0.202,0.092,0.456,0.043,-0.492,-0.066,0.132,0.488,0.325,0.451,0.125,0.127,-0.027,0.404,0.307,0.285,0.183,1.0,-0.054,0.526,0.559,0.031,0.352,0.562,0.486,0.579,0.756,0.05,0.044,0.481,0.629,0.333,0.06,0.135,0.919,0.521,-0.333,0.641,0.576,0.635,0.037,0.534,0.496,0.586,0.252,0.161,0.384,0.466,0.249,0.467,0.735,0.449,0.071,0.661,0.155,0.168,0.192,0.372,0.449,0.573,0.744,0.293,0.476,0.684,0.48,0.474,0.383,0.681,-0.26,0.551,0.103,0.375,0.653,0.304,0.329,0.631,-0.232,-0.336,-0.371,-0.13,-0.091,-0.391,0.002,0.451,-0.421,0.261,0.621,0.174,0.151,0.651,0.637,-0.149,-0.252,-0.097,0.531,-0.256,-0.044,0.105,-0.603,0.623,-0.399,0.618,0.042,0.261,0.118,0.338,-0.136,0.579,-0.094,0.052,0.384,0.065,0.196,0.349,0.794,0.175,0.447,0.629,0.21,0.841,-0.148,0.19,-0.53,-0.284,0.107,-0.226,0.395,0.611,-0.41,0.196,-0.197,0.006,-0.19,-0.097,0.715,0.589,0.32,0.577,-0.415,0.161,0.505,0.685,-0.219,-0.327,0.476,-0.247,-0.313,-0.345,0.306,0.546,0.177,-0.174,0.69,0.621,0.377,-0.183,0.026,0.617,-0.025,-0.14,0.741,-0.232,-0.294,-0.145,-0.258,0.199,0.647,0.481,-0.236,-0.205,-0.326,0.734,0.249,0.314,-0.035,-0.245,-0.184,-0.148,0.684,0.331,0.581,-0.304,0.192,0.527,0.196,0.531,-0.255,-0.287,0.328,0.26,-0.227,0.665,-0.512,0.396,-0.397,0.113,-0.001,0.665,0.614,0.253,0.631,0.537,0.647,0.044,0.66,0.33,0.801,0.31,0.894,0.013,0.587
000963SZ,-0.256,0.436,0.79,-0.192,0.352,0.817,0.403,0.829,0.529,0.576,-0.522,0.56,0.708,0.661,-0.052,0.253,0.432,0.814,0.846,0.153,0.838,0.665,0.742,-0.054,1.0,0.555,0.085,0.809,0.487,-0.459,0.623,0.595,0.279,0.198,0.123,0.281,0.455,0.713,0.83,0.783,0.17,0.598,0.81,0.448,0.324,0.358,0.063,0.597,0.534,0.49,0.26,0.749,0.602,0.687,0.614,0.766,0.41,0.764,-0.118,0.477,0.904,0.826,0.746,0.744,0.054,0.659,-0.009,0.787,0.625,0.334,-0.601,0.661,0.571,-0.109,0.212,0.711,0.352,0.56,0.337,0.717,0.343,0.626,-0.106,-0.144,-0.744,-0.274,0.654,-0.477,0.764,0.216,-0.206,0.756,0.375,-0.05,0.865,-0.067,0.233,0.724,-0.26,0.145,0.433,-0.746,0.675,0.435,0.331,0.539,0.08,0.418,0.621,0.41,0.925,0.77,0.435,0.472,0.837,0.435,0.566,0.125,0.819,0.764,0.186,0.676,0.706,0.63,0.785,0.372,0.802,-0.444,-0.179,-0.509,0.845,0.332,0.68,0.297,-0.416,0.799,0.057,0.706,0.465,0.785,0.288,0.422,0.7,0.369,-0.262,0.839,0.485,0.52,-0.189,-0.404,-0.065,0.148,-0.023,-0.55,0.584,0.427,0.17,0.174,0.503,0.379,0.777,-0.62,0.206,-0.223,0.759,-0.199,0.114,-0.77,-0.119,-0.106,-0.735,0.884,0.462,0.641,0.31,-0.592,0.287,0.303,-0.264,0.559,-0.001,-0.511,-0.304,-0.436,0.491,0.696,0.475,0.16,0.311,0.648,0.792,-0.17,-0.652,-0.376,0.607,0.195,-0.613,0.45,0.382,0.75,-0.227,0.691,0.699,0.43,0.588,0.813,0.565,0.652,0.233,0.441,0.406,-0.185,0.337,-0.171,-0.111,-0.466,0.06
000999SZ,0.38,-0.12,0.784,-0.277,0.753,0.768,0.359,0.68,0.831,0.084,-0.562,0.563,0.53,0.8,0.025,0.727,0.297,0.674,0.724,0.626,0.788,0.447,0.396,0.526,0.555,1.0,0.522,0.478,0.452,0.212,0.678,0.839,0.654,-0.079,-0.09,0.236,0.433,0.813,0.697,0.607,0.672,0.488,0.369,0.764,0.501,0.747,-0.098,0.495,0.812,0.889,0.5,0.434,0.707,0.891,0.398,0.867,0.803,0.747,-0.119,0.54,0.685,0.776,0.809,0.818,0.177,0.854,0.539,0.885,0.875,0.64,0.056,0.849,0.317,0.37,-0.362,0.837,0.3,0.321,0.722,0.81,0.543,0.685,-0.369,-0.483,-0.735,-0.436,0.229,-0.641,0.433,0.595,-0.579,0.726,0.678,0.131,0.713,0.492,0.767,0.232,-0.397,0.285,0.73,-0.674,0.245,0.423,-0.318,0.841,-0.302,0.849,0.347,0.234,0.695,0.605,0.489,0.795,0.485,0.693,0.875,-0.109,0.565,0.857,0.403,0.818,0.758,0.866,0.77,0.748,0.454,0.051,-0.719,-0.483,0.728,-0.002,0.795,0.825,-0.738,0.596,-0.162,0.691,0.184,0.493,0.592,0.701,0.852,0.805,-0.571,0.747,0.75,0.594,-0.372,-0.679,0.153,-0.247,-0.216,-0.507,0.568,0.866,0.37,-0.246,0.899,0.639,0.72,-0.578,0.005,0.464,0.648,-0.299,0.723,-0.578,-0.398,-0.315,-0.629,0.672,0.859,0.817,0.055,-0.715,0.229,0.788,0.092,0.315,-0.011,-0.397,-0.386,-0.483,0.835,0.54,0.84,-0.134,0.33,0.834,0.815,0.153,-0.808,-0.59,0.669,0.561,-0.531,0.466,-0.076,0.83,-0.641,0.297,0.698,0.603,0.808,0.73,0.809,0.855,0.316,0.038,0.417,0.002,0.707,-0.011,0.471,-0.564,0.278
001965SZ,0.52,-0.204,0.221,0.123,0.287,0.203,0.04,0.127,0.217,-0.006,-0.144,-0.013,0.075,0.593,0.335,0.586,0.325,0.255,0.081,0.307,0.257,0.023,0.08,0.559,0.085,0.522,1.0,-0.047,-0.045,0.2,0.235,0.273,0.374,0.377,0.338,0.36,0.282,0.254,0.13,0.028,0.604,0.224,0.074,0.31,0.17,0.625,0.089,0.194,0.236,0.431,-0.028,-0.043,0.321,0.272,0.124,0.388,0.434,0.221,0.313,0.411,0.252,0.255,0.175,0.261,0.357,0.401,0.537,0.352,0.408,0.533,0.37,0.31,0.316,0.288,-0.06,0.415,-0.111,0.128,0.295,0.189,0.499,0.397,-0.004,0.078,-0.116,0.079,0.059,-0.015,0.15,0.447,-0.014,0.217,0.634,0.463,0.189,0.618,0.318,0.234,0.069,0.083,0.392,-0.013,-0.111,0.355,-0.248,0.491,-0.009,0.426,0.077,0.317,0.142,0.295,0.143,0.29,0.106,0.277,0.429,0.296,0.128,0.296,0.394,0.209,0.219,0.528,0.361,0.51,0.094,0.395,-0.349,0.122,0.119,-0.083,0.234,0.54,-0.376,0.239,0.241,0.204,0.263,0.214,0.322,0.395,0.275,0.329,-0.199,0.115,0.381,0.35,0.003,-0.095,0.525,-0.265,-0.04,0.016,0.18,0.519,0.479,-0.126,0.508,0.627,0.332,-0.048,0.181,0.538,0.182,0.383,0.582,0.026,-0.12,0.208,0.038,0.229,0.352,0.403,0.132,-0.03,0.058,0.578,0.606,0.259,0.277,-0.071,0.188,0.059,0.434,0.203,0.389,0.046,0.371,0.404,0.16,0.641,-0.098,-0.106,0.491,0.202,0.068,0.452,-0.196,0.384,-0.132,-0.024,0.319,0.339,0.268,0.132,0.338,0.389,0.402,-0.013,0.225,0.615,0.429,0.382,0.534,-0.206,0.395
002001SZ,-0.239,0.397,0.678,-0.131,0.277,0.676,0.563,0.766,0.576,0.564,-0.431,0.444,0.71,0.487,-0.128,0.081,0.429,0.592,0.715,0.184,0.772,0.709,0.763,0.031,0.809,0.478,-0.047,1.0,0.578,-0.248,0.69,0.669,0.336,0.145,-0.084,0.323,0.542,0.688,0.712,0.718,0.193,0.629,0.594,0.593,0.522,0.192,-0.109,0.707,0.589,0.503,0.542,0.86,0.377,0.668,0.56,0.666,0.389,0.776,-0.093,0.571,0.744,0.678,0.641,0.704,0.079,0.619,-0.085,0.598,0.441,0.268,-0.53,0.62,0.505,0.051,0.231,0.63,0.386,0.676,0.522,0.7,0.195,0.584,-0.028,-0.14,-0.658,-0.223,0.754,-0.451,0.827,0.311,-0.263,0.698,0.272,-0.223,0.786,0.004,0.329,0.509,-0.258,0.309,0.482,-0.631,0.666,0.261,0.192,0.4,0.201,0.448,0.573,0.426,0.855,0.752,0.442,0.451,0.731,0.282,0.522,0.071,0.738,0.744,0.263,0.606,0.715,0.58,0.674,0.393,0.683,-0.555,-0.164,-0.515,0.789,0.455,0.665,0.251,-0.234,0.806,0.069,0.578,0.372,0.6,0.409,0.497,0.605,0.471,-0.043,0.804,0.612,0.59,-0.14,-0.343,0.081,0.377,-0.058,-0.568,0.722,0.386,0.126,0.401,0.475,0.191,0.76,-0.452,0.14,-0.203,0.685,-0.136,0.065,-0.688,-0.013,0.064,-0.661,0.837,0.514,0.488,0.407,-0.385,0.14,0.249,-0.174,0.406,-0.101,-0.397,-0.358,-0.535,0.493,0.662,0.564,0.141,0.364,0.488,0.736,-0.038,-0.61,-0.27,0.512,0.305,-0.59,0.48,0.187,0.54,-0.286,0.777,0.589,0.609,0.651,0.76,0.565,0.575,0.365,0.46,0.503,-0.178,0.428,-0.36,-0.098,-0.238,-0.061
