,000001SZ,000002SZ,000157SZ,000166SZ,000333SZ,000338SZ,000538SZ,000568SZ,000596SZ,000617SZ,000625SZ,000651SZ,000661SZ,000708SZ,000725SZ,000768SZ,000776SZ,000786SZ,000800SZ,000807SZ,000858SZ,000876SZ,000895SZ,000938SZ,000963SZ,000999SZ,001965SZ,002001SZ,002007SZ,002027SZ,002028SZ,002050SZ,002129SZ,002179SZ,002230SZ,002236SZ,002241SZ,002271SZ,002304SZ,002311SZ,002371SZ,002415SZ,002422SZ,002459SZ,002460SZ,002463SZ,002466SZ,002475SZ,002493SZ,002555SZ,002594SZ,002601SZ,002648SZ,002709SZ,002714SZ,002916SZ,002920SZ,002938SZ,003816SZ,300014SZ,300033SZ,300059SZ,300122SZ,300124SZ,300274SZ,300308SZ,300316SZ,300347SZ,300394SZ,300408SZ,300413SZ,300418SZ,300433SZ,300450SZ,300498SZ,300502SZ,300628SZ,300661SZ,300750SZ,300759SZ,300760SZ,300782SZ,600000SS,600010SS,600011SS,600015SS,600016SS,600018SS,600019SS,600023SS,600025SS,600026SS,600028SS,600029SS,600031SS,600036SS,600048SS,600050SS,600061SS,600085SS,600089SS,600104SS,600111SS,600115SS,600161SS,600183SS,600188SS,600196SS,600219SS,600233SS,600276SS,600309SS,600332SS,600346SS,600362SS,600377SS,600406SS,600415SS,600426SS,600436SS,600438SS,600489SS,600519SS,600570SS,600585SS,600588SS,600600SS,600660SS,600674SS,600741SS,600760SS,600795SS,600809SS,600875SS,600886SS,600887SS,600926SS,600989SS,601006SS,601009SS,601012SS,601021SS,601058SS,601066SS,601088SS,601100SS,601117SS,601138SS,601166SS,601169SS,601186SS,601225SS,601229SS,601238SS,601288SS,601318SS,601319SS,601328SS,601336SS,601360SS,601390SS,601398SS,601600SS,601601SS,601607SS,601618SS,601628SS,601633SS,601658SS,601668SS,601669SS,601688SS,601689SS,601698SS,601699SS,601766SS,601788SS,601799SS,601800SS,601808SS,601816SS,601818SS,601838SS,601857SS,601865SS,601872SS,601877SS,601878SS,601881SS,601888SS,601899SS,601901SS,601919SS,601939SS,601985SS,601988SS,601998SS,603019SS,603195SS,603259SS,603260SS,603288SS,603369SS,603501SS,603659SS,603799SS,603806SS,603833SS,603986SS,603993SS,688008SS,688009SS,688012SS,688036SS,688111SS,688169SS,688396SS
000001SZ,1.0,0.701,0.12,-0.332,0.284,0.682,-0.417,-0.581,-0.604,-0.412,0.782,0.703,-0.671,-0.2,-0.432,-0.384,0.297,0.709,-0.519,-0.015,-0.439,-0.668,-0.559,-0.474,-0.502,-0.549,-0.287,-0.449,-0.588,0.572,-0.115,0.03,0.6,-0.276,-0.392,-0.471,-0.372,-0.12,-0.573,-0.631,-0.522,-0.358,-0.494,0.666,0.619,-0.124,0.208,0.1,-0.097,-0.542,0.765,0.733,0.364,0.699,-0.712,-0.471,0.163,0.718,-0.56,-0.03,-0.21,-0.289,-0.4,-0.006,0.681,-0.549,0.729,-0.643,-0.563,-0.072,-0.513,0.069,-0.325,0.468,-0.592,-0.295,0.069,0.362,-0.118,-0.564,-0.402,-0.022,-0.525,0.195,0.085,-0.093,-0.412,-0.014,0.687,0.17,0.732,-0.229,-0.322,0.566,0.771,0.788,0.754,-0.365,0.013,-0.451,0.712,0.733,-0.431,0.655,-0.402,-0.152,0.632,-0.546,-0.394,-0.455,-0.677,0.144,-0.387,-0.077,0.082,-0.048,-0.486,0.223,-0.021,-0.163,0.345,-0.259,-0.576,-0.58,-0.088,-0.497,-0.5,0.769,0.203,0.815,-0.206,0.588,0.149,0.78,0.573,-0.495,0.358,-0.598,-0.487,0.097,0.598,0.421,0.364,0.166,0.763,0.515,-0.395,-0.448,0.396,-0.052,-0.16,0.834,-0.019,0.418,-0.007,0.854,-0.279,-0.233,0.775,-0.439,0.778,0.256,-0.167,0.648,-0.62,0.196,0.648,0.73,-0.14,0.505,-0.242,-0.12,0.067,-0.516,0.039,-0.312,-0.118,-0.4,-0.323,-0.344,-0.161,-0.364,0.781,-0.452,0.41,-0.444,-0.256,0.286,-0.202,-0.026,-0.145,-0.274,0.387,0.504,-0.399,-0.098,-0.156,-0.468,-0.379,-0.589,0.561,-0.492,-0.6,0.393,0.5,-0.322,-0.094,0.766,-0.513,-0.353,-0.011,0.741,-0.111,-0.37,0.266,0.772,0.613
000002SZ,0.701,1.0,-0.146,-0.436,-0.176,0.484,-0.666,-0.511,-0.762,-0.455,0.72,0.602,-0.7,-0.563,-0.557,-0.501,0.146,0.611,-0.491,-0.203,-0.665,-0.672,-0.7,-0.595,-0.674,-0.565,-0.365,-0.534,-0.586,0.365,-0.317,-0.321,0.406,-0.38,-0.584,-0.71,-0.554,-0.225,-0.486,-0.766,-0.561,-0.611,-0.491,0.527,0.322,-0.175,-0.197,-0.196,-0.414,-0.761,0.631,0.675,0.176,0.522,-0.731,-0.514,-0.125,0.503,-0.581,-0.242,-0.397,-0.419,-0.335,-0.293,0.512,-0.585,0.603,-0.752,-0.659,-0.069,-0.649,-0.224,-0.567,0.097,-0.721,-0.427,0.313,0.174,-0.428,-0.689,-0.614,-0.07,-0.662,0.175,-0.114,-0.426,-0.58,-0.207,0.68,0.096,0.578,-0.457,-0.536,0.559,0.703,0.48,0.898,-0.548,-0.042,-0.425,0.481,0.734,-0.637,0.499,-0.523,-0.25,0.695,-0.633,-0.535,-0.505,-0.715,-0.014,-0.566,-0.335,0.047,-0.383,-0.683,0.302,-0.242,-0.321,-0.091,-0.48,-0.757,-0.689,-0.4,-0.629,-0.738,0.667,-0.116,0.688,-0.305,0.611,-0.05,0.651,0.361,-0.596,-0.012,-0.723,-0.544,-0.093,0.366,0.543,-0.027,-0.16,0.823,0.272,-0.579,-0.662,0.357,-0.361,-0.381,0.751,0.018,0.137,-0.377,0.611,-0.343,-0.54,0.649,-0.613,0.5,-0.118,-0.382,0.567,-0.617,-0.062,0.43,0.76,-0.41,0.257,-0.401,-0.306,-0.32,-0.591,0.078,-0.575,0.224,-0.625,-0.466,-0.58,-0.331,-0.496,0.434,-0.672,0.157,-0.561,-0.575,0.381,-0.357,-0.284,-0.32,-0.329,0.666,0.265,-0.339,-0.458,-0.383,-0.635,-0.187,-0.735,0.008,-0.717,-0.753,0.513,0.34,-0.599,-0.46,0.709,-0.62,-0.575,-0.212,0.502,-0.31,-0.511,-0.167,0.75,0.528
000157SZ,0.12,-0.146,1.0,0.646,0.771,0.609,0.441,0.276,0.437,0.644,-0.235,0.133,0.352,0.541,0.484,0.66,0.536,0.336,0.117,0.699,0.594,0.423,0.538,0.577,0.625,0.599,0.101,0.565,0.509,0.577,0.844,0.728,0.381,0.727,0.733,0.49,0.453,0.795,0.255,0.489,0.719,0.672,0.493,0.074,0.675,0.814,0.886,0.41,0.888,0.584,0.165,0.134,0.768,0.346,0.366,0.716,0.785,0.082,0.355,0.804,0.737,0.749,0.381,0.89,0.067,0.624,-0.043,0.497,0.626,0.598,0.515,0.055,0.519,0.468,0.533,0.814,0.316,0.597,0.838,0.58,0.438,0.848,0.463,-0.488,-0.268,0.761,0.55,0.67,-0.029,0.087,-0.259,0.601,0.759,-0.361,0.17,0.271,-0.099,0.588,0.455,0.628,-0.014,0.022,0.667,-0.157,0.682,0.843,0.253,0.518,0.466,0.43,0.323,0.529,0.792,0.773,0.535,0.176,0.662,0.479,0.918,0.09,0.224,0.334,0.278,0.483,0.792,0.674,0.604,0.079,0.502,-0.034,0.601,-0.469,-0.297,0.229,-0.276,0.514,0.27,0.571,0.247,0.27,-0.045,-0.376,0.878,0.608,0.007,0.206,0.704,0.611,0.095,0.763,0.686,-0.147,0.045,0.629,0.703,0.138,0.556,0.742,0.211,0.64,0.473,0.521,0.495,0.407,0.457,0.405,0.193,-0.336,0.609,0.729,0.737,0.798,0.828,0.648,0.386,0.693,0.308,0.654,0.66,0.768,0.582,0.517,0.156,0.591,0.615,0.514,0.843,0.499,0.781,0.495,0.107,0.637,-0.613,0.366,0.365,0.661,0.711,0.698,0.527,0.561,0.433,0.546,0.393,-0.164,0.382,0.689,0.642,-0.029,0.684,0.646,0.791,0.053,0.897,0.051,0.687,-0.154,0.164
000166SZ,-0.332,-0.436,0.646,1.0,0.296,-0.049,0.657,0.508,0.675,0.965,-0.772,-0.249,0.837,0.49,0.778,0.949,0.59,-0.203,0.374,0.827,0.684,0.825,0.89,0.878,0.907,0.892,0.505,0.763,0.848,0.087,0.717,0.635,-0.29,0.829,0.907,0.652,0.421,0.704,0.533,0.746,0.869,0.668,0.686,-0.501,0.052,0.795,0.482,0.242,0.738,0.835,-0.493,-0.452,0.292,-0.316,0.809,0.879,0.366,-0.535,0.775,0.426,0.914,0.959,0.535,0.661,-0.555,0.881,-0.655,0.843,0.853,0.576,0.716,-0.219,0.629,-0.157,0.868,0.77,0.3,0.012,0.638,0.864,0.564,0.514,0.792,-0.205,-0.177,0.798,0.836,0.831,-0.288,0.112,-0.701,0.79,0.898,-0.678,-0.458,-0.161,-0.492,0.875,0.736,0.74,-0.543,-0.54,0.878,-0.618,0.778,0.788,0.074,0.851,0.821,0.744,0.789,0.057,0.862,0.729,0.643,0.354,0.884,0.377,0.694,0.059,-0.169,0.388,0.577,0.88,0.686,0.883,0.771,-0.577,0.232,-0.593,0.865,-0.777,-0.556,-0.376,-0.631,0.817,0.306,0.88,0.756,0.155,-0.625,-0.684,0.414,0.57,-0.229,-0.364,0.895,0.912,0.266,0.792,0.853,-0.566,0.311,0.269,0.693,-0.451,0.922,0.782,-0.153,0.914,0.014,0.388,0.779,0.139,0.845,0.59,-0.078,-0.773,0.729,0.428,0.912,0.95,0.595,0.891,0.665,0.908,0.53,0.575,0.898,0.83,0.679,0.881,-0.326,0.835,0.047,0.856,0.793,0.497,0.939,0.218,0.199,0.976,-0.442,0.395,0.645,0.67,0.903,0.905,0.74,0.879,-0.006,0.818,0.759,-0.71,-0.232,0.681,0.391,-0.554,0.846,0.829,0.446,-0.413,0.67,0.284,0.262,-0.576,-0.39
000333SZ,0.284,-0.176,0.771,0.296,1.0,0.614,0.382,0.105,0.227,0.248,0.056,0.225,0.042,0.42,0.212,0.365,0.379,0.439,-0.195,0.339,0.435,0.112,0.245,0.264,0.386,0.239,-0.274,0.338,0.263,0.653,0.621,0.739,0.601,0.529,0.444,0.377,0.45,0.701,0.0,0.278,0.375,0.641,0.194,0.471,0.77,0.538,0.795,0.674,0.758,0.38,0.453,0.172,0.81,0.621,0.067,0.404,0.891,0.484,-0.091,0.808,0.546,0.442,0.328,0.754,0.432,0.268,0.248,0.264,0.324,0.49,0.341,0.365,0.46,0.791,0.244,0.625,0.189,0.687,0.78,0.381,0.572,0.668,0.066,-0.546,-0.172,0.454,0.156,0.271,-0.135,-0.121,0.019,0.211,0.4,-0.279,0.41,0.262,-0.1,0.189,0.337,0.323,0.357,0.082,0.366,-0.071,0.555,0.598,0.199,0.337,0.068,0.208,0.086,0.493,0.544,0.598,0.212,0.097,0.374,0.204,0.788,0.254,0.66,0.182,0.189,0.197,0.557,0.407,0.389,0.363,0.465,0.157,0.237,-0.312,0.153,0.431,-0.077,0.292,0.166,0.271,-0.162,0.012,0.428,-0.284,0.767,0.509,-0.055,0.639,0.326,0.307,-0.075,0.408,0.273,0.044,-0.304,0.367,0.447,0.33,0.125,0.42,0.243,0.295,0.408,0.302,0.095,0.326,0.188,0.084,0.378,-0.089,0.257,0.573,0.302,0.507,0.79,0.294,-0.065,0.373,-0.059,0.578,0.217,0.444,0.222,0.075,0.406,0.256,0.82,0.077,0.685,0.346,0.534,0.729,0.03,0.274,-0.604,0.149,-0.01,0.445,0.314,0.39,0.227,0.318,0.542,0.391,0.14,0.06,0.65,0.456,0.757,0.252,0.439,0.342,0.822,0.341,0.755,-0.091,0.862,0.167,0.402
000338SZ,0.682,0.484,0.609,-0.049,0.614,1.0,-0.247,-0.372,-0.326,-0.07,0.544,0.428,-0.452,0.015,-0.2,-0.046,0.343,0.778,-0.365,0.162,-0.12,-0.366,-0.279,-0.139,-0.176,-0.184,-0.409,-0.105,-0.219,0.782,0.33,0.327,0.794,0.107,-0.008,-0.191,-0.056,0.313,-0.386,-0.302,-0.024,0.03,-0.144,0.686,0.904,0.376,0.648,0.239,0.326,-0.22,0.821,0.725,0.761,0.851,-0.425,0.011,0.609,0.686,-0.348,0.484,0.119,0.09,-0.088,0.493,0.683,-0.117,0.644,-0.323,-0.155,0.282,-0.185,0.045,-0.059,0.686,-0.289,0.232,0.323,0.752,0.356,-0.188,-0.166,0.599,-0.303,-0.298,-0.245,0.181,-0.186,0.19,0.419,0.028,0.408,-0.012,0.045,0.238,0.796,0.562,0.493,-0.134,0.072,-0.016,0.537,0.694,-0.106,0.419,0.024,0.351,0.57,-0.233,-0.242,-0.181,-0.507,0.405,0.072,0.226,0.2,-0.139,-0.123,0.453,0.481,-0.159,0.373,-0.158,-0.442,-0.333,0.21,-0.094,-0.192,0.773,0.351,0.656,0.034,0.224,-0.081,0.817,0.229,-0.252,0.081,-0.232,-0.458,0.053,0.514,0.172,0.695,0.253,0.507,0.582,-0.048,-0.163,0.061,0.193,0.048,0.534,-0.191,0.642,0.213,0.721,-0.088,0.109,0.681,-0.129,0.755,0.313,-0.104,0.633,-0.327,0.122,0.495,0.463,0.005,0.677,0.084,0.201,0.513,-0.13,0.062,-0.046,0.083,0.019,-0.011,0.104,0.03,-0.212,0.557,-0.166,0.78,-0.189,0.201,0.489,0.152,0.241,-0.23,0.008,-0.114,0.343,-0.181,0.123,0.074,-0.083,0.006,-0.26,0.55,-0.207,-0.409,0.403,0.71,0.01,0.266,0.626,-0.048,-0.084,0.502,0.645,0.441,-0.422,0.588,0.573,0.711
000538SZ,-0.417,-0.666,0.441,0.657,0.382,-0.247,1.0,0.67,0.701,0.652,-0.665,-0.236,0.758,0.681,0.844,0.636,0.421,-0.485,0.561,0.51,0.819,0.819,0.788,0.765,0.8,0.744,0.493,0.881,0.59,-0.179,0.633,0.587,-0.236,0.706,0.798,0.788,0.787,0.657,0.695,0.881,0.684,0.8,0.734,-0.407,-0.062,0.462,0.342,0.475,0.649,0.806,-0.472,-0.612,0.031,-0.296,0.792,0.712,0.293,-0.45,0.634,0.512,0.747,0.726,0.292,0.423,-0.444,0.73,-0.603,0.822,0.772,0.449,0.895,0.341,0.868,-0.033,0.818,0.577,0.168,-0.044,0.659,0.819,0.784,0.223,0.69,-0.27,0.317,0.564,0.724,0.439,-0.314,0.284,-0.507,0.441,0.674,-0.538,-0.447,-0.3,-0.586,0.648,0.376,0.745,-0.449,-0.659,0.791,-0.52,0.618,0.524,-0.33,0.651,0.717,0.849,0.817,0.347,0.783,0.751,0.469,0.129,0.82,0.199,0.427,0.723,0.213,0.666,0.884,0.809,0.549,0.792,0.773,-0.469,0.342,-0.561,0.447,-0.629,0.037,-0.489,-0.473,0.863,0.291,0.787,0.625,0.018,-0.272,-0.43,0.188,0.484,-0.5,-0.085,0.729,0.799,0.145,0.538,0.621,-0.58,0.204,0.081,0.434,-0.498,0.584,0.568,-0.462,0.772,-0.166,0.116,0.494,-0.245,0.798,0.36,-0.168,-0.624,0.562,0.009,0.606,0.621,0.514,0.734,0.329,0.733,0.206,0.806,0.571,0.632,0.531,0.628,-0.309,0.673,0.035,0.556,0.711,-0.047,0.656,0.555,0.582,0.603,-0.595,-0.056,0.653,0.405,0.584,0.762,0.511,0.819,0.008,0.907,0.847,-0.437,0.001,0.727,0.527,-0.421,0.769,0.784,0.346,-0.546,0.456,0.319,0.386,-0.555,-0.557
000568SZ,-0.581,-0.511,0.276,0.508,0.105,-0.372,0.67,1.0,0.78,0.561,-0.713,-0.133,0.627,0.515,0.686,0.462,0.09,-0.438,0.615,0.324,0.797,0.751,0.695,0.601,0.695,0.728,0.419,0.684,0.639,-0.216,0.569,0.225,-0.249,0.558,0.632,0.683,0.714,0.457,0.886,0.776,0.665,0.641,0.694,-0.535,-0.252,0.359,0.139,0.167,0.42,0.714,-0.55,-0.422,-0.081,-0.459,0.732,0.658,0.104,-0.562,0.616,0.441,0.533,0.557,0.452,0.249,-0.512,0.693,-0.55,0.744,0.764,0.389,0.728,0.246,0.654,-0.132,0.756,0.589,0.153,-0.104,0.393,0.667,0.565,0.299,0.672,-0.267,0.073,0.382,0.646,0.299,-0.352,0.161,-0.6,0.392,0.547,-0.374,-0.573,-0.318,-0.424,0.581,0.107,0.652,-0.538,-0.55,0.693,-0.438,0.553,0.445,-0.483,0.604,0.556,0.564,0.771,0.422,0.644,0.433,0.351,0.119,0.659,0.171,0.316,0.466,-0.077,0.649,0.807,0.721,0.539,0.663,0.742,-0.57,0.126,-0.657,0.291,-0.52,0.066,-0.546,-0.454,0.782,0.035,0.715,0.556,0.26,-0.407,-0.219,0.09,0.246,-0.519,-0.279,0.626,0.626,-0.07,0.443,0.481,-0.654,0.275,-0.116,0.227,-0.541,0.487,0.462,-0.601,0.622,-0.358,0.004,0.419,-0.356,0.705,0.118,-0.402,-0.64,0.481,-0.162,0.497,0.431,0.245,0.729,0.13,0.558,0.365,0.654,0.527,0.547,0.598,0.554,-0.447,0.617,-0.107,0.548,0.516,-0.122,0.455,0.473,0.529,0.46,-0.499,-0.26,0.585,0.314,0.444,0.675,0.516,0.711,-0.214,0.6,0.787,-0.219,-0.124,0.7,0.328,-0.571,0.676,0.68,0.318,-0.637,0.359,0.337,0.091,-0.692,-0.418
000596SZ,-0.604,-0.762,0.437,0.675,0.227,-0.326,0.701,0.78,1.0,0.718,-0.784,-0.381,0.808,0.743,0.638,0.665,0.031,-0.479,0.489,0.57,0.915,0.779,0.865,0.682,0.853,0.768,0.6,0.625,0.729,-0.147,0.609,0.446,-0.304,0.547,0.758,0.731,0.686,0.426,0.658,0.846,0.79,0.688,0.56,-0.629,-0.187,0.424,0.38,0.264,0.618,0.905,-0.648,-0.501,0.027,-0.512,0.824,0.714,0.287,-0.543,0.735,0.436,0.598,0.657,0.494,0.503,-0.545,0.744,-0.603,0.865,0.854,0.159,0.702,0.168,0.635,-0.1,0.886,0.645,-0.201,-0.03,0.587,0.762,0.596,0.299,0.884,-0.24,0.027,0.715,0.814,0.528,-0.541,-0.024,-0.704,0.741,0.775,-0.605,-0.684,-0.182,-0.604,0.819,0.222,0.594,-0.486,-0.7,0.859,-0.502,0.73,0.518,-0.46,0.788,0.712,0.525,0.845,0.208,0.764,0.583,0.228,0.406,0.842,-0.092,0.495,0.259,-0.072,0.557,0.797,0.879,0.777,0.832,0.941,-0.711,0.168,-0.655,0.542,-0.704,-0.036,-0.644,-0.455,0.743,0.144,0.874,0.739,0.444,-0.507,-0.614,0.282,0.473,-0.682,-0.345,0.84,0.819,-0.247,0.674,0.669,-0.656,0.125,0.121,0.665,-0.479,0.672,0.815,-0.421,0.804,-0.359,0.425,0.678,-0.203,0.722,0.264,-0.231,-0.871,0.737,0.098,0.705,0.58,0.503,0.827,0.177,0.8,0.065,0.726,0.748,0.796,0.621,0.776,-0.312,0.89,-0.139,0.806,0.768,-0.132,0.622,0.337,0.35,0.56,-0.72,0.015,0.456,0.748,0.685,0.837,0.378,0.879,0.016,0.764,0.888,-0.512,-0.312,0.828,0.591,-0.693,0.758,0.798,0.345,-0.532,0.538,0.695,0.211,-0.861,-0.511
000617SZ,-0.412,-0.455,0.644,0.965,0.248,-0.07,0.652,0.561,0.718,1.0,-0.806,-0.278,0.867,0.527,0.778,0.94,0.511,-0.269,0.436,0.836,0.719,0.858,0.901,0.906,0.907,0.914,0.555,0.793,0.853,0.038,0.747,0.643,-0.298,0.848,0.928,0.653,0.467,0.693,0.575,0.78,0.911,0.634,0.723,-0.56,0.02,0.82,0.479,0.229,0.741,0.841,-0.535,-0.444,0.257,-0.361,0.854,0.923,0.348,-0.583,0.799,0.434,0.885,0.942,0.525,0.671,-0.593,0.912,-0.67,0.856,0.897,0.585,0.734,-0.197,0.642,-0.19,0.899,0.796,0.302,-0.017,0.653,0.856,0.541,0.529,0.84,-0.26,-0.174,0.806,0.853,0.818,-0.328,0.111,-0.754,0.793,0.923,-0.693,-0.522,-0.212,-0.507,0.895,0.653,0.741,-0.593,-0.56,0.914,-0.635,0.793,0.818,0.036,0.844,0.857,0.765,0.802,0.088,0.86,0.757,0.662,0.355,0.905,0.393,0.69,0.046,-0.209,0.428,0.607,0.909,0.698,0.91,0.787,-0.605,0.263,-0.623,0.876,-0.804,-0.579,-0.434,-0.652,0.83,0.235,0.914,0.784,0.183,-0.663,-0.693,0.394,0.494,-0.272,-0.417,0.916,0.925,0.206,0.795,0.861,-0.62,0.295,0.308,0.691,-0.498,0.916,0.807,-0.232,0.949,-0.039,0.377,0.788,0.088,0.86,0.544,-0.174,-0.801,0.738,0.393,0.919,0.914,0.592,0.941,0.642,0.912,0.511,0.607,0.905,0.863,0.707,0.897,-0.372,0.869,0.02,0.881,0.811,0.428,0.905,0.18,0.247,0.941,-0.477,0.324,0.67,0.67,0.883,0.933,0.761,0.884,-0.031,0.819,0.79,-0.709,-0.232,0.736,0.388,-0.572,0.857,0.873,0.449,-0.49,0.682,0.359,0.254,-0.64,-0.422
000625SZ,0.782,0.72,-0.235,-0.772,0.056,0.544,-0.665,-0.713,-0.784,-0.806,1.0,0.528,-0.916,-0.403,-0.767,-0.764,-0.127,0.598,-0.623,-0.473,-0.686,-0.922,-0.893,-0.822,-0.855,-0.88,-0.529,-0.729,-0.873,0.358,-0.477,-0.29,0.62,-0.634,-0.776,-0.73,-0.452,-0.422,-0.747,-0.848,-0.8,-0.601,-0.74,0.793,0.442,-0.479,-0.086,0.011,-0.448,-0.839,0.836,0.742,0.157,0.707,-0.944,-0.781,-0.004,0.835,-0.836,-0.19,-0.659,-0.72,-0.539,-0.313,0.822,-0.864,0.882,-0.912,-0.862,-0.377,-0.752,0.14,-0.562,0.426,-0.907,-0.595,-0.095,0.357,-0.351,-0.854,-0.562,-0.235,-0.836,0.182,0.111,-0.524,-0.787,-0.483,0.587,-0.019,0.859,-0.609,-0.726,0.683,0.832,0.567,0.769,-0.764,-0.367,-0.68,0.812,0.795,-0.803,0.732,-0.652,-0.487,0.43,-0.832,-0.771,-0.732,-0.92,0.069,-0.721,-0.442,-0.362,-0.323,-0.829,-0.112,-0.348,-0.173,0.341,-0.478,-0.757,-0.895,-0.447,-0.812,-0.778,0.887,-0.015,0.91,-0.593,0.795,0.407,0.764,0.677,-0.827,-0.013,-0.894,-0.808,-0.1,0.791,0.596,0.018,-0.156,0.603,0.605,-0.776,-0.839,0.016,-0.517,-0.625,0.894,-0.317,0.16,-0.374,0.824,-0.726,-0.596,0.664,-0.822,0.476,-0.05,-0.591,0.405,-0.891,-0.245,0.551,0.925,-0.531,0.139,-0.672,-0.593,-0.226,-0.847,-0.363,-0.741,-0.371,-0.554,-0.734,-0.685,-0.573,-0.774,0.701,-0.791,0.309,-0.799,-0.582,-0.021,-0.623,-0.128,-0.32,-0.728,0.444,0.099,-0.657,-0.436,-0.633,-0.831,-0.654,-0.891,0.341,-0.787,-0.874,0.704,0.53,-0.632,-0.2,0.882,-0.79,-0.742,-0.21,0.782,-0.37,-0.403,0.052,0.862,0.659
000651SZ,0.703,0.602,0.133,-0.249,0.225,0.428,-0.236,-0.133,-0.381,-0.278,0.528,1.0,-0.526,-0.166,-0.242,-0.32,0.309,0.591,-0.322,0.032,-0.189,-0.453,-0.42,-0.36,-0.329,-0.301,-0.216,-0.224,-0.392,0.502,0.083,0.016,0.522,-0.013,-0.231,-0.248,-0.094,0.004,-0.156,-0.43,-0.335,-0.199,-0.238,0.482,0.472,-0.081,0.085,0.145,-0.016,-0.373,0.537,0.669,0.315,0.517,-0.508,-0.293,0.138,0.497,-0.424,0.117,-0.115,-0.189,-0.202,-0.031,0.495,-0.368,0.602,-0.427,-0.354,0.12,-0.291,0.243,-0.069,0.422,-0.388,-0.095,0.158,0.249,-0.07,-0.421,-0.142,0.051,-0.363,0.017,0.056,-0.092,-0.266,-0.039,0.563,0.281,0.582,-0.221,-0.226,0.495,0.576,0.641,0.669,-0.257,0.009,-0.213,0.569,0.583,-0.238,0.486,-0.23,-0.054,0.477,-0.395,-0.297,-0.332,-0.379,0.391,-0.236,-0.043,0.259,-0.047,-0.361,0.27,0.017,0.012,0.324,0.008,-0.265,-0.364,0.065,-0.326,-0.297,0.554,0.291,0.527,-0.181,0.501,0.292,0.556,0.468,-0.231,0.273,-0.422,-0.364,0.233,0.478,0.475,0.264,0.184,0.589,0.429,-0.273,-0.325,0.427,0.015,-0.1,0.602,0.058,0.126,-0.103,0.657,-0.229,-0.215,0.454,-0.3,0.549,0.121,-0.094,0.513,-0.359,0.058,0.422,0.52,0.004,0.376,-0.169,-0.073,-0.056,-0.299,-0.001,-0.235,0.105,-0.271,-0.258,-0.312,0.06,-0.248,0.617,-0.331,0.341,-0.365,-0.2,0.277,-0.121,0.154,0.101,-0.195,0.285,0.276,-0.206,-0.138,-0.102,-0.307,-0.107,-0.433,0.343,-0.42,-0.375,0.467,0.55,-0.087,-0.074,0.627,-0.343,-0.178,0.111,0.419,-0.05,-0.244,0.188,0.552,0.531
000661SZ,-0.671,-0.7,0.352,0.837,0.042,-0.452,0.758,0.627,0.808,0.867,-0.916,-0.526,1.0,0.558,0.806,0.841,0.257,-0.618,0.587,0.628,0.718,0.937,0.945,0.87,0.895,0.875,0.672,0.779,0.829,-0.33,0.502,0.439,-0.569,0.659,0.832,0.709,0.476,0.498,0.661,0.875,0.834,0.617,0.721,-0.77,-0.355,0.545,0.204,0.132,0.549,0.876,-0.791,-0.749,-0.099,-0.664,0.954,0.813,0.092,-0.786,0.843,0.209,0.722,0.781,0.482,0.406,-0.773,0.859,-0.875,0.923,0.868,0.355,0.783,-0.159,0.608,-0.433,0.935,0.581,0.058,-0.284,0.48,0.876,0.574,0.216,0.879,-0.146,0.005,0.634,0.841,0.592,-0.515,0.079,-0.844,0.687,0.8,-0.726,-0.769,-0.439,-0.723,0.824,0.492,0.691,-0.755,-0.823,0.858,-0.716,0.696,0.558,-0.313,0.861,0.871,0.788,0.917,-0.062,0.753,0.616,0.412,0.313,0.884,0.092,0.419,0.206,-0.278,0.47,0.752,0.949,0.517,0.861,0.815,-0.832,0.079,-0.79,0.717,-0.832,-0.428,-0.744,-0.685,0.854,0.199,0.923,0.882,0.089,-0.748,-0.697,0.092,0.325,-0.529,-0.579,0.841,0.893,0.084,0.601,0.737,-0.79,0.296,0.082,0.539,-0.759,0.813,0.687,-0.499,0.901,-0.348,0.199,0.687,-0.263,0.9,0.405,-0.369,-0.896,0.62,0.011,0.762,0.699,0.373,0.873,0.488,0.835,0.282,0.626,0.787,0.745,0.561,0.851,-0.587,0.843,-0.287,0.838,0.681,0.047,0.709,0.123,0.335,0.778,-0.441,0.085,0.652,0.553,0.728,0.873,0.593,0.927,-0.241,0.879,0.913,-0.791,-0.5,0.664,0.326,-0.779,0.827,0.81,0.194,-0.707,0.448,0.512,0.02,-0.825,-0.722
000708SZ,-0.2,-0.563,0.541,0.49,0.42,0.015,0.681,0.515,0.743,0.527,-0.403,-0.166,0.558,1.0,0.544,0.485,0.217,-0.295,0.437,0.602,0.796,0.549,0.637,0.572,0.605,0.523,0.598,0.582,0.343,-0.017,0.58,0.554,-0.025,0.448,0.644,0.657,0.667,0.414,0.443,0.699,0.594,0.641,0.463,-0.349,0.167,0.308,0.589,0.4,0.654,0.69,-0.278,-0.224,0.098,-0.186,0.573,0.517,0.351,-0.227,0.556,0.49,0.51,0.523,0.066,0.513,-0.246,0.52,-0.324,0.584,0.63,0.095,0.626,0.356,0.609,0.169,0.651,0.482,-0.237,0.208,0.678,0.538,0.44,0.243,0.72,-0.093,0.353,0.711,0.704,0.577,-0.137,0.245,-0.3,0.64,0.677,-0.232,-0.35,0.159,-0.301,0.684,0.114,0.455,-0.168,-0.404,0.724,-0.069,0.486,0.41,-0.297,0.445,0.664,0.456,0.548,0.47,0.652,0.708,0.333,0.342,0.686,-0.007,0.447,0.397,0.197,0.709,0.707,0.627,0.769,0.63,0.752,-0.324,0.481,-0.272,0.479,-0.365,0.12,-0.313,-0.078,0.624,0.425,0.668,0.569,0.466,-0.155,-0.329,0.484,0.63,-0.371,-0.051,0.722,0.66,-0.08,0.702,0.684,-0.284,0.207,0.472,0.714,-0.09,0.531,0.763,-0.106,0.654,0.102,0.541,0.657,-0.035,0.488,0.513,0.036,-0.481,0.711,0.254,0.644,0.514,0.634,0.632,0.252,0.74,-0.078,0.742,0.621,0.705,0.614,0.622,0.076,0.737,0.067,0.608,0.715,-0.196,0.506,0.414,0.566,0.401,-0.626,0.152,0.41,0.685,0.638,0.657,0.095,0.639,0.442,0.657,0.707,-0.287,0.014,0.803,0.634,-0.305,0.597,0.778,0.315,-0.232,0.528,0.601,0.429,-0.539,-0.35
000725SZ,-0.432,-0.557,0.484,0.778,0.212,-0.2,0.844,0.686,0.638,0.778,-0.767,-0.242,0.806,0.544,1.0,0.746,0.5,-0.436,0.761,0.545,0.706,0.914,0.847,0.898,0.824,0.894,0.54,0.918,0.704,-0.22,0.651,0.401,-0.34,0.758,0.855,0.783,0.604,0.62,0.819,0.885,0.785,0.735,0.916,-0.562,-0.119,0.591,0.32,0.124,0.564,0.799,-0.543,-0.56,-0.028,-0.423,0.866,0.815,0.118,-0.661,0.814,0.421,0.791,0.826,0.315,0.382,-0.605,0.895,-0.711,0.845,0.848,0.614,0.918,0.057,0.787,-0.224,0.867,0.639,0.365,-0.124,0.524,0.871,0.585,0.356,0.776,-0.179,0.159,0.577,0.841,0.589,-0.172,0.447,-0.595,0.528,0.77,-0.432,-0.511,-0.359,-0.56,0.752,0.381,0.862,-0.688,-0.549,0.834,-0.478,0.546,0.594,-0.318,0.666,0.841,0.893,0.816,0.34,0.816,0.637,0.625,0.181,0.853,0.449,0.432,0.48,-0.06,0.684,0.807,0.826,0.51,0.79,0.739,-0.543,0.332,-0.637,0.551,-0.589,-0.341,-0.462,-0.545,0.913,0.343,0.859,0.731,0.061,-0.522,-0.308,0.233,0.312,-0.314,-0.347,0.812,0.862,0.302,0.656,0.754,-0.7,0.507,0.159,0.377,-0.617,0.718,0.594,-0.527,0.857,-0.052,0.086,0.589,-0.311,0.885,0.496,-0.422,-0.632,0.6,-0.004,0.753,0.716,0.409,0.832,0.554,0.789,0.488,0.699,0.755,0.71,0.692,0.742,-0.527,0.721,-0.032,0.704,0.658,0.073,0.677,0.372,0.596,0.776,-0.413,0.013,0.86,0.353,0.718,0.833,0.679,0.833,-0.097,0.833,0.866,-0.493,-0.167,0.725,0.255,-0.576,0.852,0.84,0.328,-0.64,0.449,0.144,0.168,-0.618,-0.524
000768SZ,-0.384,-0.501,0.66,0.949,0.365,-0.046,0.636,0.462,0.665,0.94,-0.764,-0.32,0.841,0.485,0.746,1.0,0.493,-0.214,0.325,0.775,0.643,0.817,0.882,0.89,0.907,0.879,0.421,0.755,0.872,0.082,0.698,0.679,-0.256,0.852,0.9,0.655,0.422,0.732,0.48,0.75,0.893,0.697,0.677,-0.442,0.079,0.816,0.511,0.286,0.771,0.846,-0.466,-0.487,0.345,-0.285,0.805,0.9,0.437,-0.491,0.717,0.467,0.883,0.917,0.591,0.706,-0.501,0.882,-0.639,0.846,0.858,0.601,0.715,-0.234,0.618,-0.109,0.861,0.805,0.286,0.051,0.688,0.881,0.598,0.559,0.748,-0.264,-0.252,0.753,0.767,0.768,-0.395,-0.01,-0.72,0.76,0.887,-0.746,-0.449,-0.249,-0.585,0.825,0.721,0.725,-0.506,-0.568,0.864,-0.67,0.821,0.809,0.044,0.888,0.781,0.726,0.77,0.025,0.862,0.72,0.549,0.339,0.878,0.314,0.747,0.005,-0.104,0.345,0.548,0.861,0.649,0.887,0.765,-0.558,0.233,-0.613,0.886,-0.823,-0.579,-0.359,-0.667,0.797,0.217,0.881,0.688,0.062,-0.563,-0.744,0.433,0.475,-0.288,-0.303,0.871,0.891,0.157,0.727,0.791,-0.629,0.19,0.243,0.658,-0.494,0.83,0.762,-0.216,0.908,-0.033,0.327,0.707,0.054,0.85,0.503,-0.137,-0.791,0.649,0.402,0.866,0.908,0.62,0.893,0.567,0.887,0.418,0.615,0.846,0.837,0.595,0.807,-0.36,0.812,0.113,0.815,0.83,0.451,0.918,0.248,0.143,0.927,-0.482,0.298,0.582,0.662,0.833,0.91,0.741,0.882,0.002,0.826,0.728,-0.723,-0.202,0.671,0.453,-0.555,0.87,0.802,0.536,-0.37,0.732,0.284,0.302,-0.567,-0.352
000776SZ,0.297,0.146,0.536,0.59,0.379,0.343,0.421,0.09,0.031,0.511,-0.127,0.309,0.257,0.217,0.5,0.493,1.0,0.192,0.06,0.662,0.271,0.307,0.298,0.468,0.367,0.4,0.202,0.517,0.224,0.286,0.511,0.548,0.088,0.61,0.502,0.236,0.202,0.623,0.228,0.238,0.344,0.324,0.389,0.04,0.409,0.567,0.371,0.325,0.473,0.249,0.067,-0.009,0.366,0.195,0.224,0.429,0.303,-0.026,0.27,0.351,0.668,0.638,0.011,0.372,-0.061,0.38,-0.139,0.247,0.292,0.627,0.41,-0.066,0.489,0.094,0.294,0.39,0.522,0.198,0.468,0.378,0.314,0.343,0.221,-0.046,0.131,0.454,0.383,0.614,0.334,0.481,-0.024,0.272,0.45,-0.153,0.177,0.188,0.072,0.391,0.726,0.467,-0.049,-0.013,0.407,-0.156,0.29,0.521,0.55,0.232,0.466,0.503,0.259,0.272,0.459,0.613,0.795,0.035,0.358,0.543,0.439,0.21,0.156,0.28,0.246,0.338,0.35,0.348,0.202,0.075,0.434,-0.037,0.542,-0.185,-0.28,0.143,-0.191,0.467,0.603,0.317,0.292,-0.059,-0.068,-0.137,0.365,0.608,0.447,0.08,0.417,0.425,0.73,0.507,0.563,0.097,0.36,0.347,0.351,0.08,0.538,0.291,0.279,0.449,0.529,0.222,0.425,0.472,0.435,0.621,0.332,-0.069,0.405,0.562,0.534,0.692,0.441,0.382,0.709,0.476,0.578,0.212,0.413,0.306,0.4,0.413,0.185,0.261,0.322,0.247,0.391,0.648,0.654,0.195,0.316,0.636,-0.01,0.541,0.507,0.21,0.571,0.371,0.478,0.292,0.17,0.376,0.249,-0.23,0.273,0.276,0.12,0.157,0.412,0.471,0.309,0.02,0.391,-0.141,0.326,0.169,-0.02
000786SZ,0.709,0.611,0.336,-0.203,0.439,0.778,-0.485,-0.438,-0.479,-0.269,0.598,0.591,-0.618,-0.295,-0.436,-0.214,0.192,1.0,-0.557,-0.017,-0.335,-0.57,-0.454,-0.361,-0.323,-0.336,-0.58,-0.373,-0.236,0.843,0.128,0.114,0.749,-0.054,-0.22,-0.296,-0.311,0.094,-0.503,-0.528,-0.253,-0.143,-0.325,0.729,0.782,0.126,0.389,0.098,0.134,-0.395,0.798,0.783,0.693,0.807,-0.61,-0.225,0.454,0.729,-0.523,0.251,-0.079,-0.133,0.046,0.282,0.725,-0.321,0.747,-0.465,-0.343,0.155,-0.429,0.029,-0.278,0.669,-0.473,0.07,0.198,0.542,0.024,-0.362,-0.199,0.422,-0.502,-0.215,-0.416,-0.03,-0.406,-0.014,0.342,-0.139,0.521,-0.14,-0.179,0.336,0.787,0.564,0.588,-0.307,0.053,-0.254,0.677,0.788,-0.312,0.454,-0.067,0.106,0.592,-0.306,-0.472,-0.455,-0.565,0.2,-0.156,-0.111,0.06,0.056,-0.359,0.298,0.305,-0.333,0.377,-0.328,-0.589,-0.509,0.052,-0.302,-0.35,0.737,0.232,0.684,-0.146,0.364,0.017,0.873,0.415,-0.411,0.009,-0.441,-0.596,0.05,0.535,0.267,0.537,0.099,0.566,0.547,-0.287,-0.361,0.105,0.002,-0.176,0.617,-0.231,0.253,0.02,0.762,-0.259,-0.119,0.688,-0.345,0.646,0.206,-0.215,0.655,-0.47,-0.083,0.499,0.525,-0.138,0.593,-0.149,0.014,0.179,-0.325,-0.094,-0.249,0.054,-0.236,-0.191,-0.141,-0.05,-0.365,0.599,-0.338,0.683,-0.342,-0.068,0.522,-0.023,0.115,-0.39,-0.145,0.131,0.359,-0.413,-0.003,-0.111,-0.278,-0.086,-0.433,0.471,-0.429,-0.591,0.467,0.612,-0.177,0.09,0.623,-0.29,-0.319,0.392,0.694,0.217,-0.457,0.392,0.67,0.862
000800SZ,-0.519,-0.491,0.117,0.374,-0.195,-0.365,0.561,0.615,0.489,0.436,-0.623,-0.322,0.587,0.437,0.761,0.325,0.06,-0.557,1.0,0.181,0.483,0.725,0.586,0.644,0.47,0.631,0.561,0.672,0.391,-0.531,0.308,-0.062,-0.479,0.351,0.524,0.646,0.39,0.14,0.789,0.72,0.502,0.434,0.814,-0.692,-0.37,0.17,0.049,-0.308,0.163,0.521,-0.573,-0.47,-0.445,-0.591,0.704,0.497,-0.315,-0.767,0.754,0.084,0.325,0.405,-0.023,0.001,-0.687,0.647,-0.658,0.593,0.605,0.226,0.691,0.055,0.479,-0.388,0.624,0.264,0.116,-0.375,0.116,0.532,0.172,0.051,0.68,0.012,0.321,0.281,0.7,0.297,-0.042,0.539,-0.447,0.32,0.482,-0.038,-0.61,-0.377,-0.422,0.531,-0.179,0.596,-0.775,-0.365,0.554,-0.135,0.123,0.178,-0.625,0.293,0.677,0.659,0.585,0.318,0.471,0.247,0.396,0.082,0.586,0.309,-0.013,0.416,-0.288,0.752,0.689,0.543,0.229,0.467,0.506,-0.534,0.218,-0.534,0.19,-0.265,-0.236,-0.521,-0.27,0.639,0.153,0.612,0.636,0.203,-0.556,0.075,-0.03,-0.058,-0.355,-0.546,0.553,0.57,0.137,0.408,0.518,-0.674,0.639,0.102,0.094,-0.625,0.456,0.368,-0.683,0.555,-0.149,-0.07,0.394,-0.607,0.59,0.317,-0.72,-0.41,0.411,-0.401,0.475,0.265,0.022,0.57,0.367,0.486,0.311,0.526,0.54,0.473,0.596,0.542,-0.635,0.526,-0.355,0.551,0.26,-0.385,0.173,0.137,0.677,0.376,-0.225,-0.27,0.773,0.077,0.419,0.535,0.351,0.54,-0.177,0.525,0.721,-0.285,-0.322,0.56,-0.09,-0.622,0.52,0.618,-0.058,-0.765,0.035,0.139,-0.172,-0.688,-0.622
000807SZ,-0.015,-0.203,0.699,0.827,0.339,0.162,0.51,0.324,0.57,0.836,-0.473,0.032,0.628,0.602,0.545,0.775,0.662,-0.017,0.181,1.0,0.635,0.557,0.685,0.698,0.71,0.656,0.597,0.572,0.54,0.241,0.707,0.721,-0.083,0.704,0.776,0.466,0.337,0.596,0.326,0.52,0.684,0.449,0.443,-0.374,0.273,0.69,0.602,0.306,0.744,0.628,-0.29,-0.122,0.367,-0.14,0.554,0.691,0.405,-0.295,0.602,0.376,0.76,0.793,0.242,0.663,-0.345,0.634,-0.365,0.581,0.656,0.406,0.489,-0.125,0.5,-0.001,0.675,0.619,0.104,0.095,0.646,0.581,0.352,0.418,0.715,-0.085,-0.021,0.896,0.737,0.899,-0.034,0.213,-0.409,0.814,0.846,-0.429,-0.272,0.258,-0.153,0.827,0.669,0.504,-0.235,-0.32,0.783,-0.286,0.624,0.711,0.333,0.588,0.785,0.517,0.558,0.162,0.691,0.811,0.738,0.451,0.712,0.327,0.659,-0.01,-0.068,0.419,0.44,0.713,0.784,0.7,0.645,-0.352,0.414,-0.262,0.883,-0.521,-0.403,-0.206,-0.315,0.628,0.548,0.681,0.692,0.396,-0.442,-0.568,0.564,0.737,0.057,-0.258,0.818,0.77,0.388,0.863,0.891,-0.185,0.313,0.542,0.839,-0.07,0.852,0.81,0.174,0.804,0.322,0.672,0.876,0.45,0.602,0.723,0.206,-0.549,0.814,0.705,0.877,0.855,0.632,0.754,0.716,0.863,0.334,0.45,0.816,0.756,0.707,0.833,0.099,0.782,0.1,0.754,0.732,0.481,0.834,0.067,0.291,0.789,-0.351,0.66,0.474,0.768,0.89,0.752,0.488,0.648,0.305,0.625,0.605,-0.593,-0.076,0.678,0.41,-0.259,0.613,0.805,0.361,-0.173,0.626,0.468,0.358,-0.374,-0.263
000858SZ,-0.439,-0.665,0.594,0.684,0.435,-0.12,0.819,0.797,0.915,0.719,-0.686,-0.189,0.718,0.796,0.706,0.643,0.271,-0.335,0.483,0.635,1.0,0.765,0.815,0.709,0.84,0.776,0.524,0.749,0.657,0.003,0.759,0.606,-0.134,0.681,0.823,0.807,0.816,0.608,0.698,0.862,0.792,0.798,0.633,-0.452,0.053,0.517,0.517,0.42,0.753,0.885,-0.463,-0.389,0.183,-0.275,0.776,0.755,0.43,-0.388,0.678,0.642,0.719,0.742,0.402,0.597,-0.415,0.757,-0.485,0.841,0.853,0.337,0.78,0.344,0.787,0.123,0.859,0.734,-0.013,0.122,0.741,0.78,0.697,0.419,0.821,-0.345,0.13,0.752,0.806,0.576,-0.387,0.138,-0.553,0.675,0.795,-0.528,-0.478,-0.089,-0.486,0.796,0.274,0.693,-0.37,-0.569,0.88,-0.425,0.734,0.615,-0.325,0.713,0.7,0.636,0.802,0.434,0.852,0.749,0.428,0.322,0.863,0.11,0.588,0.469,0.115,0.682,0.859,0.849,0.838,0.859,0.926,-0.508,0.361,-0.547,0.516,-0.645,0.068,-0.477,-0.392,0.812,0.228,0.851,0.645,0.412,-0.335,-0.499,0.405,0.612,-0.559,-0.12,0.852,0.837,-0.097,0.726,0.71,-0.541,0.149,0.2,0.664,-0.327,0.664,0.801,-0.333,0.808,-0.159,0.399,0.644,-0.08,0.727,0.331,-0.108,-0.745,0.763,0.218,0.735,0.66,0.629,0.83,0.246,0.815,0.183,0.826,0.724,0.798,0.679,0.735,-0.156,0.838,0.078,0.723,0.833,-0.013,0.704,0.54,0.488,0.597,-0.788,0.034,0.546,0.695,0.713,0.844,0.463,0.857,0.15,0.815,0.863,-0.385,-0.025,0.892,0.656,-0.491,0.79,0.856,0.495,-0.46,0.626,0.538,0.448,-0.695,-0.409
000876SZ,-0.668,-0.672,0.423,0.825,0.112,-0.366,0.819,0.751,0.779,0.858,-0.922,-0.453,0.937,0.549,0.914,0.817,0.307,-0.57,0.725,0.557,0.765,1.0,0.943,0.921,0.9,0.943,0.573,0.905,0.837,-0.315,0.608,0.414,-0.501,0.76,0.881,0.804,0.594,0.603,0.808,0.949,0.884,0.737,0.883,-0.706,-0.267,0.599,0.255,0.113,0.582,0.892,-0.717,-0.713,-0.057,-0.576,0.98,0.884,0.122,-0.776,0.864,0.367,0.779,0.831,0.463,0.42,-0.758,0.944,-0.861,0.949,0.924,0.515,0.901,-0.059,0.714,-0.337,0.956,0.677,0.25,-0.211,0.53,0.924,0.616,0.347,0.862,-0.25,0.027,0.589,0.867,0.564,-0.43,0.201,-0.796,0.607,0.807,-0.649,-0.696,-0.491,-0.693,0.8,0.407,0.833,-0.8,-0.733,0.876,-0.676,0.681,0.612,-0.375,0.816,0.853,0.885,0.917,0.163,0.84,0.635,0.499,0.193,0.921,0.287,0.457,0.35,-0.244,0.61,0.823,0.927,0.531,0.891,0.829,-0.743,0.166,-0.809,0.634,-0.796,-0.403,-0.656,-0.692,0.926,0.138,0.946,0.805,0.068,-0.693,-0.531,0.134,0.289,-0.519,-0.481,0.859,0.901,0.097,0.61,0.736,-0.845,0.381,0.058,0.427,-0.774,0.782,0.654,-0.604,0.894,-0.292,0.067,0.605,-0.353,0.937,0.374,-0.476,-0.835,0.595,-0.052,0.771,0.713,0.381,0.914,0.482,0.817,0.44,0.74,0.786,0.766,0.642,0.806,-0.646,0.808,-0.173,0.8,0.696,0.048,0.715,0.31,0.448,0.797,-0.515,-0.079,0.787,0.438,0.712,0.899,0.721,0.935,-0.245,0.893,0.926,-0.644,-0.336,0.729,0.306,-0.744,0.895,0.85,0.308,-0.766,0.491,0.312,0.085,-0.802,-0.666
000895SZ,-0.559,-0.7,0.538,0.89,0.245,-0.279,0.788,0.695,0.865,0.901,-0.893,-0.42,0.945,0.637,0.847,0.882,0.298,-0.454,0.586,0.685,0.815,0.943,1.0,0.912,0.97,0.933,0.601,0.821,0.881,-0.154,0.67,0.531,-0.406,0.756,0.92,0.798,0.552,0.613,0.704,0.925,0.91,0.749,0.779,-0.677,-0.16,0.644,0.417,0.182,0.701,0.949,-0.672,-0.629,0.084,-0.521,0.943,0.889,0.26,-0.684,0.845,0.393,0.82,0.866,0.538,0.566,-0.681,0.926,-0.786,0.963,0.945,0.45,0.841,-0.077,0.671,-0.227,0.986,0.732,0.081,-0.124,0.607,0.929,0.629,0.401,0.916,-0.253,-0.058,0.759,0.907,0.664,-0.475,0.083,-0.806,0.764,0.901,-0.695,-0.678,-0.296,-0.679,0.882,0.48,0.767,-0.685,-0.718,0.936,-0.633,0.776,0.678,-0.304,0.895,0.874,0.777,0.907,0.128,0.876,0.696,0.462,0.38,0.963,0.184,0.594,0.224,-0.184,0.556,0.774,0.962,0.69,0.928,0.912,-0.738,0.193,-0.731,0.731,-0.843,-0.399,-0.593,-0.637,0.896,0.241,0.971,0.834,0.221,-0.676,-0.663,0.316,0.423,-0.509,-0.463,0.925,0.95,0.054,0.745,0.822,-0.772,0.316,0.184,0.641,-0.64,0.849,0.812,-0.447,0.945,-0.204,0.314,0.733,-0.197,0.9,0.435,-0.325,-0.895,0.714,0.149,0.844,0.801,0.516,0.941,0.466,0.917,0.304,0.751,0.87,0.873,0.703,0.883,-0.482,0.92,-0.104,0.886,0.814,0.106,0.798,0.291,0.358,0.83,-0.586,0.128,0.657,0.667,0.824,0.96,0.631,0.976,-0.065,0.911,0.937,-0.716,-0.356,0.802,0.456,-0.751,0.902,0.892,0.374,-0.64,0.599,0.45,0.187,-0.812,-0.581
000938SZ,-0.474,-0.595,0.577,0.878,0.264,-0.139,0.765,0.601,0.682,0.906,-0.822,-0.36,0.87,0.572,0.898,0.89,0.468,-0.361,0.644,0.698,0.709,0.921,0.912,1.0,0.897,0.921,0.518,0.909,0.82,-0.106,0.729,0.588,-0.324,0.856,0.948,0.789,0.507,0.681,0.689,0.872,0.882,0.709,0.89,-0.571,-0.015,0.729,0.479,0.171,0.709,0.849,-0.533,-0.535,0.123,-0.397,0.899,0.921,0.252,-0.651,0.822,0.421,0.858,0.89,0.412,0.584,-0.62,0.948,-0.73,0.879,0.916,0.638,0.872,-0.095,0.725,-0.178,0.922,0.757,0.292,-0.116,0.618,0.9,0.573,0.476,0.836,-0.274,-0.022,0.725,0.864,0.704,-0.327,0.228,-0.708,0.682,0.902,-0.574,-0.577,-0.348,-0.633,0.838,0.485,0.79,-0.678,-0.57,0.906,-0.547,0.703,0.733,-0.196,0.774,0.896,0.88,0.809,0.184,0.861,0.729,0.661,0.324,0.923,0.414,0.598,0.243,-0.097,0.625,0.73,0.876,0.584,0.873,0.778,-0.589,0.364,-0.647,0.764,-0.748,-0.514,-0.438,-0.603,0.899,0.263,0.928,0.765,0.063,-0.61,-0.538,0.352,0.344,-0.335,-0.427,0.888,0.931,0.227,0.74,0.84,-0.735,0.38,0.265,0.549,-0.608,0.81,0.739,-0.442,0.941,-0.016,0.227,0.698,-0.193,0.901,0.519,-0.392,-0.736,0.657,0.179,0.855,0.829,0.536,0.935,0.576,0.898,0.417,0.722,0.855,0.855,0.741,0.825,-0.502,0.843,0.03,0.823,0.775,0.214,0.793,0.273,0.456,0.873,-0.489,0.134,0.759,0.521,0.807,0.933,0.716,0.883,-0.001,0.881,0.863,-0.671,-0.188,0.781,0.348,-0.624,0.89,0.91,0.418,-0.602,0.601,0.254,0.257,-0.65,-0.494
000963SZ,-0.502,-0.674,0.625,0.907,0.386,-0.176,0.8,0.695,0.853,0.907,-0.855,-0.329,0.895,0.605,0.824,0.907,0.367,-0.323,0.47,0.71,0.84,0.9,0.97,0.897,1.0,0.932,0.477,0.825,0.92,0.018,0.769,0.641,-0.255,0.828,0.95,0.792,0.608,0.721,0.667,0.892,0.924,0.801,0.757,-0.536,-0.028,0.733,0.497,0.324,0.789,0.956,-0.562,-0.545,0.249,-0.379,0.894,0.922,0.425,-0.556,0.761,0.523,0.884,0.911,0.647,0.667,-0.545,0.925,-0.677,0.959,0.953,0.554,0.839,-0.001,0.739,-0.084,0.97,0.826,0.157,-0.007,0.695,0.949,0.727,0.519,0.85,-0.373,-0.151,0.779,0.852,0.661,-0.518,0.012,-0.785,0.742,0.906,-0.748,-0.567,-0.274,-0.666,0.856,0.555,0.779,-0.567,-0.674,0.95,-0.67,0.873,0.775,-0.215,0.93,0.807,0.761,0.891,0.17,0.915,0.745,0.492,0.375,0.955,0.228,0.708,0.249,-0.034,0.508,0.748,0.95,0.738,0.951,0.916,-0.639,0.236,-0.679,0.735,-0.866,-0.346,-0.488,-0.659,0.893,0.205,0.958,0.745,0.166,-0.557,-0.705,0.397,0.477,-0.496,-0.319,0.916,0.945,0.047,0.75,0.795,-0.718,0.19,0.163,0.655,-0.555,0.814,0.81,-0.383,0.946,-0.171,0.325,0.7,-0.09,0.9,0.384,-0.224,-0.877,0.703,0.256,0.836,0.851,0.619,0.943,0.411,0.914,0.323,0.76,0.85,0.88,0.692,0.834,-0.406,0.898,0.071,0.836,0.882,0.233,0.87,0.389,0.301,0.846,-0.649,0.153,0.6,0.691,0.813,0.972,0.685,0.975,-0.022,0.909,0.891,-0.656,-0.206,0.821,0.565,-0.653,0.928,0.877,0.529,-0.528,0.702,0.408,0.33,-0.713,-0.433
000999SZ,-0.549,-0.565,0.599,0.892,0.239,-0.184,0.744,0.728,0.768,0.914,-0.88,-0.301,0.875,0.523,0.894,0.879,0.4,-0.336,0.631,0.656,0.776,0.943,0.933,0.921,0.932,1.0,0.497,0.873,0.894,-0.084,0.733,0.48,-0.35,0.834,0.928,0.802,0.556,0.686,0.787,0.9,0.935,0.766,0.879,-0.615,-0.084,0.727,0.396,0.123,0.689,0.89,-0.603,-0.543,0.149,-0.433,0.919,0.929,0.263,-0.673,0.857,0.491,0.844,0.907,0.565,0.563,-0.649,0.976,-0.74,0.936,0.948,0.617,0.865,-0.082,0.707,-0.196,0.945,0.804,0.324,-0.053,0.596,0.936,0.631,0.534,0.852,-0.317,-0.143,0.686,0.878,0.681,-0.364,0.186,-0.761,0.697,0.883,-0.629,-0.567,-0.36,-0.598,0.85,0.488,0.884,-0.687,-0.584,0.914,-0.624,0.756,0.735,-0.231,0.849,0.837,0.816,0.889,0.242,0.916,0.661,0.587,0.265,0.93,0.391,0.621,0.239,-0.201,0.564,0.743,0.914,0.652,0.92,0.844,-0.651,0.255,-0.74,0.701,-0.773,-0.468,-0.494,-0.655,0.92,0.176,0.945,0.76,0.167,-0.65,-0.52,0.328,0.36,-0.404,-0.407,0.913,0.92,0.127,0.73,0.797,-0.772,0.378,0.126,0.519,-0.634,0.819,0.735,-0.478,0.929,-0.147,0.184,0.67,-0.181,0.942,0.414,-0.399,-0.826,0.677,0.154,0.859,0.814,0.471,0.949,0.536,0.867,0.541,0.722,0.866,0.835,0.733,0.836,-0.532,0.841,-0.012,0.84,0.773,0.232,0.815,0.334,0.378,0.874,-0.536,0.063,0.787,0.537,0.809,0.945,0.793,0.934,-0.138,0.849,0.875,-0.585,-0.241,0.787,0.348,-0.687,0.927,0.871,0.478,-0.643,0.629,0.266,0.184,-0.731,-0.474
001965SZ,-0.287,-0.365,0.101,0.505,-0.274,-0.409,0.493,0.419,0.6,0.555,-0.529,-0.216,0.672,0.598,0.54,0.421,0.202,-0.58,0.561,0.597,0.524,0.573,0.601,0.518,0.477,0.497,1.0,0.427,0.284,-0.433,0.219,0.149,-0.558,0.227,0.474,0.416,0.275,0.011,0.482,0.533,0.406,0.196,0.384,-0.778,-0.398,0.1,0.038,-0.105,0.204,0.516,-0.686,-0.408,-0.428,-0.689,0.62,0.35,-0.293,-0.685,0.759,-0.133,0.31,0.401,-0.091,0.054,-0.674,0.445,-0.595,0.516,0.49,-0.119,0.431,-0.053,0.346,-0.513,0.598,0.103,-0.249,-0.405,0.146,0.387,0.069,-0.232,0.787,0.366,0.465,0.56,0.737,0.604,0.053,0.457,-0.393,0.642,0.552,-0.144,-0.671,0.055,-0.213,0.729,0.167,0.324,-0.515,-0.493,0.598,-0.142,0.186,0.129,-0.219,0.348,0.799,0.461,0.598,-0.006,0.359,0.405,0.418,0.393,0.554,0.005,-0.008,0.158,-0.354,0.547,0.575,0.652,0.445,0.466,0.54,-0.672,0.191,-0.401,0.526,-0.268,-0.205,-0.665,-0.136,0.521,0.507,0.572,0.881,0.495,-0.624,-0.264,-0.004,0.384,-0.186,-0.644,0.624,0.618,0.289,0.58,0.688,-0.315,0.579,0.314,0.537,-0.364,0.697,0.572,-0.204,0.624,-0.077,0.448,0.785,-0.086,0.48,0.674,-0.166,-0.506,0.701,0.033,0.616,0.379,0.118,0.538,0.604,0.629,0.103,0.277,0.635,0.474,0.558,0.784,-0.208,0.665,-0.573,0.716,0.305,-0.215,0.314,-0.186,0.531,0.441,-0.073,0.339,0.546,0.478,0.634,0.507,0.111,0.522,0.023,0.504,0.704,-0.582,-0.56,0.512,0.032,-0.517,0.35,0.649,-0.285,-0.504,0.002,0.657,-0.197,-0.675,-0.725
002001SZ,-0.449,-0.534,0.565,0.763,0.338,-0.105,0.881,0.684,0.625,0.793,-0.729,-0.224,0.779,0.582,0.918,0.755,0.517,-0.373,0.672,0.572,0.749,0.905,0.821,0.909,0.825,0.873,0.427,1.0,0.707,-0.119,0.737,0.578,-0.239,0.868,0.896,0.807,0.689,0.763,0.764,0.896,0.834,0.793,0.925,-0.433,0.035,0.671,0.408,0.322,0.693,0.798,-0.434,-0.529,0.13,-0.268,0.856,0.873,0.299,-0.544,0.712,0.56,0.846,0.85,0.359,0.516,-0.525,0.888,-0.659,0.841,0.857,0.689,0.949,0.121,0.853,-0.08,0.856,0.724,0.428,-0.014,0.676,0.867,0.678,0.468,0.716,-0.378,0.135,0.575,0.783,0.555,-0.256,0.345,-0.589,0.469,0.77,-0.528,-0.423,-0.376,-0.549,0.695,0.43,0.863,-0.604,-0.533,0.84,-0.546,0.663,0.689,-0.218,0.687,0.783,0.945,0.787,0.406,0.856,0.763,0.664,0.069,0.866,0.476,0.549,0.519,0.029,0.693,0.804,0.817,0.534,0.844,0.726,-0.447,0.407,-0.608,0.583,-0.682,-0.293,-0.403,-0.582,0.918,0.202,0.856,0.627,-0.026,-0.418,-0.381,0.264,0.385,-0.354,-0.208,0.797,0.836,0.224,0.605,0.71,-0.666,0.332,0.174,0.386,-0.565,0.691,0.589,-0.473,0.838,-0.048,0.034,0.507,-0.219,0.876,0.402,-0.325,-0.614,0.559,0.079,0.731,0.749,0.524,0.852,0.492,0.775,0.483,0.81,0.686,0.719,0.645,0.678,-0.459,0.69,0.107,0.631,0.731,0.155,0.741,0.512,0.557,0.767,-0.53,-0.072,0.797,0.342,0.667,0.844,0.736,0.828,-0.076,0.875,0.824,-0.457,0.041,0.751,0.384,-0.45,0.877,0.85,0.466,-0.622,0.579,0.134,0.326,-0.552,-0.479
