,000001SZ,000002SZ,000157SZ,000166SZ,000333SZ,000338SZ,000538SZ,000568SZ,000596SZ,000617SZ,000625SZ,000651SZ,000661SZ,000708SZ,000725SZ,000768SZ,000776SZ,000786SZ,000800SZ,000807SZ,000858SZ,000876SZ,000895SZ,000938SZ,000963SZ,000999SZ,001965SZ,002001SZ,002007SZ,002027SZ,002028SZ,002050SZ,002129SZ,002179SZ,002230SZ,002236SZ,002241SZ,002271SZ,002304SZ,002311SZ,002371SZ,002415SZ,002422SZ,002459SZ,002460SZ,002463SZ,002466SZ,002475SZ,002493SZ,002555SZ,002594SZ,002601SZ,002648SZ,002709SZ,002714SZ,002916SZ,002920SZ,002938SZ,003816SZ,300014SZ,300033SZ,300059SZ,300122SZ,300124SZ,300274SZ,300308SZ,300316SZ,300347SZ,300394SZ,300408SZ,300413SZ,300418SZ,300433SZ,300450SZ,300498SZ,300502SZ,300628SZ,300661SZ,300750SZ,300759SZ,300760SZ,300782SZ,600000SS,600010SS,600011SS,600015SS,600016SS,600018SS,600019SS,600023SS,600025SS,600026SS,600028SS,600029SS,600031SS,600036SS,600048SS,600050SS,600061SS,600085SS,600089SS,600104SS,600111SS,600115SS,600161SS,600183SS,600188SS,600196SS,600219SS,600233SS,600276SS,600309SS,600332SS,600346SS,600362SS,600377SS,600406SS,600415SS,600426SS,600436SS,600438SS,600489SS,600519SS,600570SS,600585SS,600588SS,600600SS,600660SS,600674SS,600741SS,600760SS,600795SS,600809SS,600875SS,600886SS,600887SS,600926SS,600989SS,601006SS,601009SS,601012SS,601021SS,601058SS,601066SS,601088SS,601100SS,601117SS,601138SS,601166SS,601169SS,601186SS,601225SS,601229SS,601238SS,601288SS,601318SS,601319SS,601328SS,601336SS,601360SS,601390SS,601398SS,601600SS,601601SS,601607SS,601618SS,601628SS,601633SS,601658SS,601668SS,601669SS,601688SS,601689SS,601698SS,601699SS,601766SS,601788SS,601799SS,601800SS,601808SS,601816SS,601818SS,601838SS,601857SS,601865SS,601872SS,601877SS,601878SS,601881SS,601888SS,601899SS,601901SS,601919SS,601939SS,601985SS,601988SS,601998SS,603019SS,603195SS,603259SS,603260SS,603288SS,603369SS,603501SS,603659SS,603799SS,603806SS,603833SS,603986SS,603993SS,688008SS,688009SS,688012SS,688036SS,688111SS,688169SS,688396SS
000001SZ,1.0,0.653,0.266,0.069,-0.566,0.573,0.787,-0.489,-0.665,0.869,0.14,-0.05,-0.811,0.693,0.206,0.414,0.828,0.914,-0.057,0.283,-0.576,0.818,0.486,0.587,-0.671,0.912,0.897,0.869,-0.596,0.328,0.581,-0.117,-0.264,0.644,0.66,0.77,-0.413,0.772,-0.532,-0.827,-0.196,0.882,-0.438,0.725,-0.129,0.789,-0.157,0.608,0.757,0.716,0.711,0.371,0.814,0.003,0.49,0.587,-0.711,0.381,0.598,0.705,0.737,0.734,-0.251,-0.404,0.08,0.79,0.439,-0.699,0.794,0.656,-0.42,-0.649,0.766,-0.564,0.914,0.682,0.605,-0.437,-0.416,0.032,-0.745,0.582,0.594,0.257,-0.411,0.95,0.908,0.842,0.445,-0.326,0.416,0.842,0.849,0.877,0.76,0.888,0.785,0.849,0.445,0.811,0.669,0.639,-0.812,0.79,-0.666,0.809,-0.396,0.843,0.822,-0.488,-0.319,-0.332,0.678,0.782,0.362,0.9,0.806,-0.191,-0.453,-0.089,0.762,-0.775,-0.628,-0.308,0.87,-0.151,-0.781,0.35,0.47,0.56,0.4,0.929,-0.858,0.008,0.549,0.779,-0.698,-0.27,0.81,-0.102,-0.233,0.708,0.888,0.845,-0.625,0.292,0.907,0.927,0.907,0.884,0.887,0.646,0.708,0.569,0.711,0.81,0.829,0.678,0.8,0.598,0.901,0.451,0.692,0.922,0.894,0.505,0.931,0.445,0.834,0.922,0.72,0.858,0.56,0.105,0.62,0.887,0.707,-0.553,0.752,-0.044,0.767,-0.181,-0.3,0.68,-0.27,0.833,0.301,0.512,0.456,-0.188,0.332,0.717,0.947,0.119,0.89,0.426,0.9,-0.132,-0.798,-0.465,-0.307,-0.719,-0.634,0.442,-0.532,0.654,-0.668,-0.541,0.233,0.557,0.589,0.538,-0.746,0.71,-0.227,-0.583,-0.207
000002SZ,0.653,1.0,-0.161,-0.427,-0.571,0.052,0.711,-0.504,-0.675,0.625,-0.336,-0.22,-0.627,0.724,-0.317,0.129,0.422,0.729,-0.068,0.232,-0.523,0.675,0.157,0.089,-0.65,0.463,0.686,0.649,-0.296,0.008,0.114,-0.4,-0.524,0.405,0.155,0.212,-0.566,0.663,-0.065,-0.587,-0.281,0.412,-0.502,0.218,-0.37,0.342,-0.186,0.138,0.552,0.284,0.487,-0.024,0.357,0.252,0.662,0.014,-0.66,0.143,0.217,0.361,0.321,0.352,0.031,-0.597,0.065,0.25,-0.089,-0.452,0.463,0.223,-0.259,-0.529,0.312,-0.405,0.583,0.187,0.291,-0.621,-0.141,0.249,-0.517,0.182,0.813,0.07,-0.3,0.756,0.735,0.676,0.329,-0.446,0.113,0.717,0.446,0.709,0.298,0.593,0.884,0.428,-0.015,0.594,0.279,0.121,-0.551,0.735,-0.348,0.429,-0.269,0.506,0.322,-0.438,-0.52,-0.422,0.149,0.746,0.18,0.602,0.421,-0.013,-0.571,-0.116,0.458,-0.393,-0.614,-0.298,0.5,-0.372,-0.619,-0.083,0.43,-0.004,0.11,0.62,-0.565,-0.38,0.575,0.625,-0.484,-0.399,0.692,0.191,-0.248,0.698,0.542,0.417,-0.336,-0.052,0.711,0.611,0.77,0.705,0.497,0.48,0.826,0.067,0.818,0.477,0.455,0.713,0.378,0.437,0.571,0.677,0.601,0.702,0.649,0.067,0.612,-0.032,0.477,0.613,0.286,0.471,0.527,-0.168,0.664,0.416,0.212,-0.61,0.317,-0.354,0.659,0.323,0.051,0.225,-0.392,0.702,-0.106,0.173,0.022,0.249,0.163,0.301,0.668,0.282,0.478,0.521,0.821,-0.387,-0.63,-0.517,-0.261,-0.687,-0.596,-0.014,-0.444,0.201,-0.574,-0.27,-0.243,0.15,0.157,0.06,-0.606,0.169,-0.269,-0.542,-0.564
000157SZ,0.266,-0.161,1.0,0.883,0.452,0.835,-0.062,0.549,0.338,0.465,0.882,0.777,0.156,0.175,0.902,0.857,0.666,0.02,0.177,0.102,0.417,0.011,0.411,0.791,0.079,0.431,0.119,0.121,-0.583,0.51,0.737,0.637,0.637,0.684,0.813,0.626,0.239,0.044,-0.284,-0.022,0.567,0.449,0.528,0.675,0.736,0.471,0.435,0.617,-0.029,0.699,0.169,0.731,0.621,0.301,-0.531,0.798,0.246,0.448,0.803,0.361,0.661,0.726,0.182,0.656,0.422,0.614,0.731,0.229,0.346,0.76,0.372,0.035,0.536,0.033,0.307,0.667,0.792,0.553,-0.244,-0.064,-0.31,0.737,-0.222,0.657,0.45,0.163,0.261,0.147,0.397,-0.183,0.83,-0.078,0.44,0.181,0.72,0.243,-0.175,0.528,0.896,0.264,0.703,0.634,-0.029,0.121,-0.267,0.381,0.149,0.33,0.636,0.111,0.35,0.462,0.782,0.041,0.697,0.371,0.501,0.185,0.382,0.577,0.482,-0.297,0.294,0.496,0.601,0.642,0.211,0.857,0.521,0.747,0.863,0.28,-0.014,0.863,0.225,0.217,0.143,0.693,0.179,-0.104,0.522,-0.015,0.435,0.625,0.103,0.808,0.152,0.174,0.143,0.244,0.463,0.177,-0.185,0.828,-0.189,0.664,0.616,0.199,0.602,-0.123,0.347,-0.043,0.226,0.074,0.3,0.885,0.237,0.876,0.247,0.351,0.743,0.541,0.303,0.847,0.128,0.471,0.715,0.535,0.598,0.844,0.19,-0.389,-0.036,0.647,-0.27,-0.026,0.37,0.795,0.872,-0.38,0.449,0.776,0.235,-0.099,0.502,0.31,0.055,0.842,0.031,0.446,0.47,0.217,0.409,0.755,0.041,0.729,-0.201,-0.007,0.842,0.684,0.75,0.714,0.154,0.688,0.217,0.023,0.593
000166SZ,0.069,-0.427,0.883,1.0,0.522,0.749,-0.28,0.535,0.458,0.185,0.886,0.632,0.31,-0.169,0.891,0.684,0.45,-0.201,0.233,0.171,0.478,-0.188,0.273,0.608,0.325,0.247,-0.116,-0.034,-0.375,0.499,0.548,0.626,0.695,0.426,0.638,0.515,0.42,-0.167,-0.207,0.123,0.546,0.27,0.511,0.555,0.733,0.307,0.331,0.466,-0.098,0.477,0.058,0.633,0.428,0.033,-0.604,0.676,0.409,0.367,0.618,0.18,0.514,0.541,0.065,0.745,0.341,0.473,0.678,0.241,0.166,0.541,0.286,0.176,0.331,0.111,0.11,0.535,0.511,0.713,-0.13,-0.25,-0.073,0.544,-0.427,0.52,0.402,-0.064,0.025,-0.036,0.238,0.114,0.617,-0.283,0.243,-0.007,0.575,0.071,-0.423,0.394,0.761,0.114,0.501,0.608,0.179,-0.054,-0.155,0.182,0.261,0.141,0.493,0.235,0.517,0.536,0.656,-0.173,0.622,0.129,0.279,0.223,0.517,0.454,0.281,-0.11,0.468,0.456,0.365,0.686,0.325,0.776,0.231,0.709,0.676,0.05,0.115,0.913,-0.012,-0.045,0.284,0.6,-0.065,-0.162,0.502,-0.213,0.245,0.406,0.145,0.68,-0.074,0.006,-0.079,0.034,0.264,0.072,-0.4,0.711,-0.404,0.407,0.434,-0.096,0.384,-0.15,0.148,-0.285,0.114,-0.128,0.09,0.759,0.015,0.754,0.182,0.153,0.558,0.375,0.015,0.723,-0.042,0.323,0.62,0.624,0.455,0.86,0.02,-0.47,-0.057,0.555,0.075,-0.241,0.404,0.612,0.757,-0.446,0.36,0.586,0.015,-0.154,0.305,0.064,-0.204,0.817,0.168,0.475,0.394,0.389,0.497,0.662,0.142,0.577,0.045,0.033,0.825,0.607,0.561,0.668,0.311,0.575,0.277,0.243,0.751
000333SZ,-0.566,-0.571,0.452,0.522,1.0,0.05,-0.741,0.803,0.886,-0.363,0.418,0.697,0.834,-0.423,0.508,0.186,-0.232,-0.738,0.36,0.072,0.861,-0.846,-0.242,-0.085,0.767,-0.534,-0.747,-0.724,0.265,0.183,-0.075,0.731,0.613,-0.156,-0.003,-0.343,0.71,-0.581,0.48,0.762,0.522,-0.502,0.803,-0.154,0.63,-0.493,0.502,-0.177,-0.675,-0.239,-0.48,0.153,-0.29,0.355,-0.901,-0.087,0.92,-0.024,0.098,-0.35,-0.286,-0.15,0.358,0.795,0.454,-0.342,0.053,0.804,-0.527,-0.019,0.834,0.63,-0.376,0.712,-0.663,-0.248,-0.008,0.648,0.37,0.046,0.509,-0.142,-0.413,0.186,0.722,-0.613,-0.518,-0.674,0.068,0.228,0.246,-0.847,-0.518,-0.501,-0.217,-0.34,-0.767,-0.441,0.288,-0.503,-0.256,-0.087,0.737,-0.444,0.602,-0.581,0.725,-0.602,-0.285,0.67,0.486,0.832,-0.026,-0.602,0.245,-0.522,-0.462,0.378,0.878,0.436,-0.36,0.589,0.868,0.717,-0.327,0.478,0.869,0.382,-0.009,0.076,0.178,-0.668,0.818,0.57,-0.133,-0.49,0.889,0.692,-0.553,0.333,0.675,-0.417,-0.499,-0.33,0.827,0.249,-0.735,-0.652,-0.472,-0.438,-0.529,-0.219,-0.577,0.088,-0.518,-0.082,-0.236,-0.266,-0.198,-0.555,-0.621,-0.102,-0.308,-0.716,-0.614,0.08,-0.608,0.284,-0.374,-0.592,-0.193,-0.367,-0.152,0.508,-0.27,-0.497,-0.025,0.918,-0.317,0.661,-0.43,0.215,0.526,-0.223,0.2,-0.808,0.239,0.19,0.286,0.095,-0.032,-0.098,-0.687,0.258,-0.491,0.111,-0.629,0.711,0.862,0.669,0.751,0.883,0.934,-0.015,0.759,-0.135,0.661,0.698,0.258,-0.03,-0.124,0.014,0.82,-0.104,0.432,0.649,0.58
000338SZ,0.573,0.052,0.835,0.749,0.05,1.0,0.263,0.091,-0.125,0.651,0.844,0.391,-0.254,0.314,0.801,0.879,0.855,0.349,0.156,0.296,0.028,0.361,0.485,0.845,-0.127,0.694,0.478,0.5,-0.728,0.678,0.743,0.353,0.4,0.839,0.905,0.855,0.123,0.253,-0.415,-0.422,0.385,0.738,0.187,0.835,0.602,0.763,0.331,0.716,0.458,0.817,0.553,0.565,0.831,0.111,-0.164,0.89,-0.068,0.654,0.798,0.66,0.864,0.905,-0.136,0.31,0.389,0.824,0.775,-0.168,0.698,0.852,0.04,-0.261,0.75,-0.142,0.642,0.866,0.78,0.281,-0.321,-0.108,-0.554,0.83,0.034,0.758,0.165,0.495,0.551,0.571,0.573,-0.068,0.785,0.235,0.66,0.437,0.881,0.503,0.123,0.817,0.874,0.633,0.801,0.852,-0.243,0.44,-0.485,0.685,-0.021,0.572,0.851,-0.221,0.195,0.235,0.895,0.446,0.762,0.625,0.738,0.26,0.112,0.319,0.75,-0.537,-0.036,0.255,0.781,0.468,-0.154,0.824,0.462,0.908,0.835,0.607,-0.396,0.778,0.399,0.406,-0.168,0.313,0.458,-0.072,0.286,0.299,0.697,0.822,-0.246,0.659,0.495,0.58,0.427,0.57,0.726,0.236,0.147,0.9,0.083,0.73,0.876,0.31,0.78,0.251,0.678,0.006,0.573,0.459,0.644,0.92,0.51,0.852,0.557,0.676,0.929,0.839,0.468,0.7,0.43,0.76,0.912,0.145,0.874,0.671,0.458,-0.429,-0.147,0.816,-0.162,0.286,0.553,0.871,0.863,-0.334,0.468,0.905,0.578,-0.181,0.775,0.268,0.346,0.618,-0.352,-0.014,0.226,-0.169,-0.046,0.865,-0.153,0.929,-0.418,-0.281,0.869,0.929,0.872,0.921,-0.161,0.886,0.133,-0.093,0.498
000538SZ,0.787,0.711,-0.062,-0.28,-0.741,0.263,1.0,-0.615,-0.82,0.672,-0.094,-0.256,-0.792,0.75,-0.192,0.144,0.554,0.861,-0.08,-0.019,-0.695,0.874,0.64,0.331,-0.69,0.728,0.86,0.865,-0.456,0.186,0.335,-0.488,-0.507,0.467,0.327,0.518,-0.5,0.815,-0.393,-0.783,-0.407,0.689,-0.473,0.352,-0.371,0.704,-0.126,0.494,0.758,0.563,0.662,0.123,0.567,-0.023,0.713,0.35,-0.786,0.371,0.365,0.635,0.552,0.466,-0.049,-0.573,-0.139,0.506,0.08,-0.657,0.723,0.377,-0.543,-0.719,0.661,-0.593,0.814,0.528,0.408,-0.564,-0.42,0.192,-0.55,0.392,0.576,0.143,-0.369,0.788,0.71,0.781,0.345,-0.328,0.153,0.864,0.637,0.662,0.531,0.564,0.896,0.611,0.12,0.717,0.506,0.429,-0.817,0.672,-0.57,0.744,-0.567,0.74,0.564,-0.678,-0.411,-0.55,0.415,0.764,0.057,0.715,0.675,-0.176,-0.671,-0.02,0.569,-0.759,-0.699,-0.442,0.665,-0.396,-0.778,0.043,0.398,0.272,0.153,0.831,-0.791,-0.269,0.47,0.858,-0.805,-0.419,0.703,-0.085,-0.427,0.668,0.739,0.617,-0.738,0.139,0.842,0.812,0.709,0.704,0.674,0.32,0.712,0.313,0.662,0.481,0.574,0.451,0.458,0.551,0.743,0.388,0.49,0.804,0.841,0.234,0.742,0.158,0.604,0.74,0.48,0.669,0.541,-0.117,0.485,0.658,0.371,-0.686,0.49,-0.404,0.718,-0.067,-0.204,0.353,-0.349,0.858,0.043,0.234,0.113,0.136,0.034,0.474,0.838,-0.092,0.677,0.208,0.795,-0.356,-0.791,-0.534,-0.539,-0.772,-0.775,0.295,-0.621,0.428,-0.755,-0.461,-0.058,0.285,0.387,0.256,-0.819,0.351,-0.351,-0.64,-0.488
000568SZ,-0.489,-0.504,0.549,0.535,0.803,0.091,-0.615,1.0,0.888,-0.226,0.369,0.75,0.81,-0.306,0.486,0.323,-0.085,-0.609,0.049,-0.077,0.898,-0.595,-0.08,0.187,0.428,-0.304,-0.584,-0.575,0.09,-0.023,0.188,0.679,0.774,-0.041,0.133,-0.15,0.318,-0.43,0.213,0.715,0.628,-0.331,0.663,0.001,0.616,-0.338,0.397,0.066,-0.687,-0.014,-0.485,0.462,-0.124,0.375,-0.774,0.109,0.652,-0.198,0.11,-0.398,-0.103,0.002,0.558,0.796,0.262,-0.104,0.289,0.857,-0.458,0.12,0.713,0.627,-0.207,0.417,-0.468,-0.12,0.186,0.662,0.155,0.233,0.366,0.071,-0.49,0.126,0.593,-0.52,-0.374,-0.612,-0.175,-0.132,0.372,-0.612,-0.192,-0.428,-0.093,-0.33,-0.665,-0.262,0.408,-0.409,0.058,-0.222,0.509,-0.538,0.347,-0.368,0.41,-0.305,-0.153,0.672,0.59,0.6,0.102,-0.602,0.257,-0.305,-0.208,0.116,0.588,0.636,-0.205,0.423,0.722,0.665,-0.188,0.672,0.773,0.272,0.067,-0.051,0.406,-0.494,0.716,0.526,-0.283,-0.333,0.638,0.831,-0.424,-0.009,0.679,-0.556,-0.359,-0.12,0.637,0.424,-0.555,-0.619,-0.468,-0.455,-0.293,-0.187,-0.689,0.06,-0.599,0.048,-0.196,-0.117,-0.014,-0.503,-0.42,-0.211,-0.365,-0.58,-0.451,0.263,-0.407,0.259,-0.537,-0.433,-0.011,-0.309,-0.265,0.514,-0.42,-0.324,-0.019,0.784,-0.166,0.639,-0.449,-0.145,0.169,0.014,-0.173,-0.588,-0.118,0.181,0.333,-0.267,0.264,0.018,-0.535,0.078,-0.281,0.153,-0.486,0.668,0.644,0.931,0.65,0.753,0.907,0.085,0.427,0.017,0.348,0.299,0.365,-0.01,0.071,0.028,0.677,-0.032,0.351,0.389,0.563
000596SZ,-0.665,-0.675,0.338,0.458,0.886,-0.125,-0.82,0.888,1.0,-0.51,0.245,0.599,0.907,-0.574,0.367,0.043,-0.374,-0.786,0.169,-0.021,0.909,-0.83,-0.304,-0.117,0.662,-0.563,-0.816,-0.776,0.41,-0.122,-0.109,0.633,0.663,-0.349,-0.103,-0.387,0.487,-0.575,0.387,0.862,0.522,-0.587,0.634,-0.207,0.466,-0.605,0.227,-0.257,-0.791,-0.325,-0.655,0.254,-0.384,0.158,-0.812,-0.157,0.796,-0.335,-0.102,-0.608,-0.385,-0.294,0.454,0.77,0.241,-0.359,0.068,0.828,-0.7,-0.182,0.663,0.734,-0.506,0.536,-0.716,-0.389,-0.15,0.684,0.319,0.051,0.622,-0.248,-0.603,-0.087,0.516,-0.726,-0.622,-0.83,-0.32,0.126,0.071,-0.81,-0.469,-0.598,-0.324,-0.459,-0.845,-0.501,0.142,-0.63,-0.286,-0.307,0.696,-0.676,0.568,-0.661,0.601,-0.552,-0.4,0.813,0.628,0.685,-0.147,-0.798,0.107,-0.571,-0.542,0.091,0.773,0.436,-0.486,0.658,0.863,0.605,-0.451,0.553,0.814,0.177,-0.218,-0.158,0.101,-0.748,0.836,0.425,-0.472,-0.563,0.78,0.654,-0.693,0.019,0.62,-0.687,-0.589,-0.428,0.754,0.194,-0.797,-0.791,-0.645,-0.652,-0.558,-0.192,-0.799,-0.125,-0.696,-0.22,-0.445,-0.363,-0.291,-0.565,-0.68,-0.311,-0.48,-0.788,-0.727,-0.025,-0.625,0.07,-0.59,-0.676,-0.317,-0.556,-0.488,0.303,-0.511,-0.54,-0.221,0.841,-0.424,0.534,-0.649,-0.026,0.229,-0.205,0.181,-0.791,-0.055,-0.075,0.081,-0.184,0.096,-0.278,-0.765,0.154,-0.557,-0.052,-0.716,0.564,0.827,0.843,0.577,0.914,0.963,-0.176,0.592,-0.27,0.671,0.48,0.167,-0.221,-0.236,-0.159,0.829,-0.256,0.441,0.55,0.556
000617SZ,0.869,0.625,0.465,0.185,-0.363,0.651,0.672,-0.226,-0.51,1.0,0.29,0.242,-0.654,0.785,0.36,0.589,0.894,0.793,-0.104,0.135,-0.376,0.726,0.517,0.716,-0.631,0.853,0.832,0.747,-0.759,0.386,0.716,0.034,-0.099,0.783,0.725,0.764,-0.338,0.659,-0.541,-0.732,-0.045,0.856,-0.135,0.705,0.073,0.793,0.082,0.684,0.577,0.778,0.628,0.404,0.8,0.274,0.277,0.689,-0.572,0.427,0.718,0.708,0.78,0.814,-0.093,-0.192,0.109,0.786,0.503,-0.45,0.788,0.807,-0.188,-0.565,0.807,-0.43,0.837,0.746,0.796,-0.321,-0.439,0.162,-0.79,0.725,0.515,0.475,-0.155,0.844,0.857,0.786,0.556,-0.458,0.653,0.73,0.837,0.783,0.763,0.768,0.681,0.821,0.604,0.717,0.772,0.59,-0.716,0.699,-0.646,0.814,-0.367,0.797,0.799,-0.499,-0.299,-0.231,0.695,0.762,0.456,0.851,0.853,-0.106,-0.364,0.128,0.766,-0.754,-0.525,-0.093,0.885,0.018,-0.572,0.455,0.673,0.591,0.586,0.875,-0.696,0.179,0.651,0.77,-0.544,0.064,0.797,-0.033,-0.078,0.639,0.822,0.901,-0.468,0.444,0.821,0.817,0.811,0.81,0.868,0.57,0.64,0.651,0.623,0.893,0.841,0.736,0.838,0.389,0.863,0.5,0.605,0.805,0.844,0.643,0.853,0.602,0.663,0.872,0.813,0.86,0.657,0.346,0.576,0.83,0.709,-0.343,0.778,0.165,0.665,-0.171,-0.195,0.689,-0.552,0.744,0.248,0.683,0.62,-0.158,0.366,0.82,0.877,0.068,0.884,0.558,0.825,0.091,-0.652,-0.262,-0.019,-0.617,-0.435,0.575,-0.444,0.721,-0.747,-0.41,0.386,0.597,0.715,0.585,-0.632,0.727,-0.24,-0.535,-0.126
000625SZ,0.14,-0.336,0.882,0.886,0.418,0.844,-0.094,0.369,0.245,0.29,1.0,0.582,0.14,0.021,0.875,0.78,0.522,-0.083,0.273,0.052,0.304,-0.057,0.414,0.674,0.267,0.308,0.049,0.092,-0.549,0.639,0.612,0.526,0.548,0.612,0.675,0.581,0.447,-0.102,-0.25,-0.057,0.476,0.39,0.566,0.57,0.733,0.492,0.471,0.545,0.041,0.598,0.221,0.508,0.504,0.112,-0.528,0.749,0.358,0.644,0.71,0.44,0.615,0.628,-0.019,0.647,0.374,0.511,0.633,0.134,0.4,0.634,0.254,-0.035,0.503,0.11,0.243,0.697,0.625,0.609,-0.233,-0.264,-0.233,0.684,-0.347,0.734,0.481,0.017,0.073,0.145,0.484,0.117,0.706,-0.202,0.264,0.029,0.66,0.057,-0.28,0.458,0.762,0.225,0.584,0.75,0.101,0.101,-0.251,0.354,0.164,0.197,0.573,-0.036,0.316,0.45,0.705,0.03,0.605,0.194,0.407,0.352,0.427,0.466,0.418,-0.294,0.32,0.407,0.479,0.549,0.248,0.85,0.399,0.846,0.733,0.198,-0.001,0.914,0.197,0.097,0.18,0.579,0.085,-0.081,0.443,-0.01,0.383,0.488,0.022,0.697,0.062,0.167,-0.014,0.147,0.342,-0.045,-0.24,0.844,-0.311,0.426,0.555,-0.097,0.411,-0.15,0.271,-0.217,0.186,-0.03,0.239,0.823,0.066,0.861,0.281,0.269,0.674,0.518,0.297,0.815,0.099,0.396,0.664,0.547,0.571,0.819,0.162,-0.393,0.02,0.525,-0.025,-0.144,0.515,0.726,0.794,-0.241,0.199,0.682,0.144,-0.306,0.4,0.031,-0.145,0.813,0.073,0.251,0.392,0.224,0.314,0.825,0.098,0.673,-0.126,0.101,0.861,0.715,0.695,0.738,0.178,0.628,0.173,0.176,0.64
000651SZ,-0.05,-0.22,0.777,0.632,0.697,0.391,-0.256,0.75,0.599,0.242,0.582,1.0,0.419,0.159,0.679,0.52,0.288,-0.236,0.09,-0.099,0.575,-0.311,0.267,0.448,0.201,0.032,-0.199,-0.29,-0.303,0.271,0.506,0.64,0.486,0.326,0.425,0.174,0.338,-0.085,-0.072,0.272,0.361,0.079,0.762,0.212,0.537,0.065,0.526,0.332,-0.435,0.349,-0.239,0.51,0.184,0.436,-0.714,0.426,0.46,0.155,0.616,0.039,0.206,0.306,0.441,0.687,0.275,0.187,0.334,0.514,-0.067,0.477,0.603,0.191,0.197,0.205,-0.112,0.282,0.587,0.452,-0.191,0.133,-0.006,0.381,-0.259,0.404,0.557,-0.14,-0.065,-0.258,0.266,-0.266,0.653,-0.298,0.07,-0.104,0.29,0.009,-0.311,0.058,0.633,-0.175,0.329,0.231,0.13,-0.164,0.028,-0.008,0.223,0.001,0.212,0.278,0.225,0.489,0.378,-0.237,0.357,0.013,0.114,0.078,0.488,0.646,0.035,-0.024,0.471,0.508,0.283,0.464,0.456,0.582,0.498,0.384,0.574,-0.086,0.34,0.612,0.122,0.059,0.39,0.848,-0.083,0.054,0.493,-0.191,0.049,0.255,0.359,0.675,-0.218,-0.205,-0.08,-0.072,0.051,0.049,-0.272,0.524,-0.267,0.456,0.209,0.104,0.283,-0.491,-0.083,0.079,-0.159,-0.254,-0.102,0.496,-0.034,0.695,-0.09,-0.056,0.317,0.117,0.155,0.746,-0.169,0.023,0.314,0.7,0.119,0.672,-0.097,-0.088,0.221,0.184,-0.325,-0.229,0.141,0.543,0.63,-0.136,0.13,0.421,-0.135,0.083,0.074,0.324,-0.162,0.742,0.418,0.644,0.6,0.477,0.686,0.394,0.229,0.263,0.017,0.388,0.45,0.195,0.349,0.252,0.294,0.276,0.083,0.065,0.343
000661SZ,-0.811,-0.627,0.156,0.31,0.834,-0.254,-0.792,0.81,0.907,-0.654,0.14,0.419,1.0,-0.609,0.187,-0.039,-0.521,-0.864,0.282,-0.031,0.9,-0.866,-0.345,-0.284,0.751,-0.704,-0.885,-0.778,0.528,-0.08,-0.3,0.526,0.619,-0.431,-0.285,-0.549,0.543,-0.648,0.591,0.935,0.542,-0.734,0.602,-0.363,0.476,-0.693,0.285,-0.343,-0.751,-0.462,-0.577,0.076,-0.519,0.225,-0.72,-0.325,0.853,-0.247,-0.274,-0.618,-0.482,-0.398,0.548,0.743,0.287,-0.542,-0.082,0.909,-0.727,-0.323,0.704,0.789,-0.609,0.655,-0.806,-0.495,-0.288,0.694,0.49,0.151,0.75,-0.348,-0.566,-0.076,0.593,-0.825,-0.716,-0.838,-0.323,0.2,-0.059,-0.887,-0.64,-0.702,-0.459,-0.639,-0.834,-0.629,-0.019,-0.607,-0.415,-0.422,0.829,-0.683,0.707,-0.735,0.641,-0.672,-0.565,0.778,0.636,0.691,-0.288,-0.773,0.056,-0.706,-0.648,0.304,0.724,0.48,-0.517,0.78,0.889,0.639,-0.61,0.51,0.912,0.024,-0.308,-0.311,-0.002,-0.849,0.929,0.354,-0.454,-0.629,0.835,0.539,-0.742,0.149,0.643,-0.649,-0.702,-0.576,0.801,0.065,-0.854,-0.857,-0.745,-0.723,-0.71,-0.397,-0.795,-0.295,-0.722,-0.419,-0.554,-0.471,-0.468,-0.546,-0.78,-0.348,-0.474,-0.871,-0.753,-0.158,-0.808,-0.118,-0.69,-0.79,-0.44,-0.644,-0.436,0.224,-0.472,-0.7,-0.368,0.796,-0.53,0.431,-0.651,0.106,0.367,-0.362,0.24,-0.874,-0.105,-0.179,-0.064,0.055,-0.005,-0.413,-0.865,0.082,-0.695,-0.144,-0.795,0.493,0.874,0.786,0.558,0.918,0.91,-0.237,0.664,-0.346,0.719,0.539,0.074,-0.266,-0.331,-0.214,0.906,-0.407,0.462,0.69,0.535
000708SZ,0.693,0.724,0.175,-0.169,-0.423,0.314,0.75,-0.306,-0.574,0.785,0.021,0.159,-0.609,1.0,-0.006,0.331,0.584,0.736,-0.102,-0.068,-0.459,0.689,0.56,0.419,-0.661,0.608,0.772,0.62,-0.563,0.24,0.455,-0.202,-0.401,0.637,0.416,0.454,-0.395,0.74,-0.367,-0.636,-0.27,0.645,-0.143,0.354,-0.153,0.602,0.154,0.462,0.468,0.637,0.499,0.18,0.527,0.324,0.407,0.372,-0.552,0.405,0.545,0.617,0.483,0.509,0.1,-0.323,0.039,0.464,0.1,-0.384,0.628,0.515,-0.159,-0.643,0.612,-0.399,0.679,0.516,0.631,-0.459,-0.474,0.361,-0.612,0.478,0.542,0.359,-0.107,0.689,0.636,0.65,0.492,-0.572,0.43,0.705,0.571,0.624,0.508,0.55,0.764,0.527,0.305,0.546,0.525,0.356,-0.694,0.613,-0.46,0.635,-0.442,0.642,0.521,-0.569,-0.534,-0.341,0.398,0.733,0.164,0.696,0.625,-0.076,-0.465,0.184,0.551,-0.667,-0.557,-0.215,0.732,-0.277,-0.55,0.246,0.663,0.322,0.327,0.742,-0.577,-0.106,0.583,0.779,-0.567,-0.059,0.686,0.07,-0.133,0.672,0.686,0.632,-0.473,0.331,0.693,0.675,0.664,0.637,0.615,0.343,0.684,0.414,0.618,0.624,0.592,0.562,0.549,0.231,0.655,0.511,0.41,0.673,0.713,0.328,0.683,0.38,0.487,0.664,0.521,0.618,0.689,0.212,0.45,0.529,0.395,-0.378,0.462,-0.149,0.581,0.059,0.004,0.311,-0.6,0.758,0.057,0.456,0.321,0.217,0.07,0.558,0.722,-0.009,0.612,0.408,0.72,-0.088,-0.537,-0.329,-0.132,-0.598,-0.472,0.34,-0.428,0.429,-0.714,-0.187,0.023,0.291,0.462,0.251,-0.667,0.369,-0.362,-0.615,-0.471
000725SZ,0.206,-0.317,0.902,0.891,0.508,0.801,-0.192,0.486,0.367,0.36,0.875,0.679,0.187,-0.006,1.0,0.764,0.59,-0.06,0.273,0.208,0.413,-0.129,0.264,0.699,0.265,0.355,0.006,0.055,-0.48,0.625,0.645,0.745,0.703,0.533,0.742,0.583,0.46,-0.116,-0.233,0.007,0.565,0.389,0.557,0.649,0.781,0.403,0.451,0.56,-0.037,0.55,0.193,0.596,0.558,0.26,-0.621,0.747,0.36,0.452,0.69,0.358,0.568,0.646,0.016,0.658,0.421,0.562,0.774,0.211,0.333,0.736,0.366,0.153,0.476,0.216,0.185,0.62,0.636,0.596,-0.052,-0.132,-0.215,0.672,-0.254,0.595,0.427,0.089,0.18,0.093,0.406,0.039,0.748,-0.199,0.329,0.137,0.599,0.245,-0.326,0.458,0.843,0.228,0.565,0.629,0.091,0.098,-0.172,0.303,0.255,0.192,0.582,0.166,0.375,0.547,0.724,0.001,0.652,0.23,0.407,0.246,0.504,0.411,0.405,-0.178,0.336,0.509,0.457,0.679,0.278,0.818,0.364,0.769,0.738,0.169,0.038,0.884,0.207,0.058,0.255,0.651,0.103,-0.028,0.486,-0.026,0.296,0.517,0.156,0.622,0.048,0.162,0.096,0.216,0.365,0.16,-0.222,0.768,-0.236,0.567,0.554,0.106,0.551,-0.044,0.26,-0.125,0.226,0.004,0.193,0.795,0.144,0.828,0.277,0.265,0.65,0.48,0.267,0.795,0.12,0.413,0.71,0.54,0.561,0.889,0.132,-0.367,-0.008,0.6,-0.047,-0.161,0.569,0.745,0.846,-0.357,0.391,0.68,0.141,-0.038,0.411,0.225,-0.032,0.83,0.119,0.383,0.493,0.264,0.416,0.737,0.228,0.673,-0.005,0.047,0.878,0.679,0.684,0.757,0.257,0.738,0.307,0.274,0.755
000768SZ,0.414,0.129,0.857,0.684,0.186,0.879,0.144,0.323,0.043,0.589,0.78,0.52,-0.039,0.331,0.764,1.0,0.773,0.234,0.14,0.287,0.227,0.258,0.328,0.835,-0.129,0.567,0.353,0.374,-0.664,0.554,0.738,0.474,0.521,0.837,0.845,0.708,0.04,0.139,-0.26,-0.233,0.593,0.584,0.264,0.781,0.667,0.608,0.363,0.644,0.268,0.741,0.44,0.625,0.753,0.392,-0.243,0.775,0.028,0.583,0.724,0.508,0.786,0.881,0.122,0.427,0.51,0.706,0.77,0.102,0.568,0.825,0.276,-0.093,0.627,-0.031,0.513,0.729,0.813,0.363,-0.218,0.03,-0.498,0.817,0.038,0.779,0.292,0.395,0.498,0.418,0.514,-0.263,0.849,0.124,0.584,0.39,0.777,0.382,0.06,0.701,0.836,0.572,0.78,0.622,-0.082,0.392,-0.391,0.561,0.074,0.476,0.724,-0.033,0.239,0.306,0.808,0.359,0.837,0.541,0.653,0.349,0.133,0.507,0.745,-0.358,0.048,0.424,0.678,0.63,0.041,0.755,0.575,0.715,0.954,0.473,-0.196,0.766,0.415,0.322,0.003,0.501,0.449,-0.027,0.494,0.255,0.597,0.733,-0.022,0.661,0.409,0.399,0.349,0.469,0.628,0.207,0.061,0.769,0.019,0.71,0.771,0.384,0.717,0.111,0.572,0.05,0.536,0.319,0.539,0.908,0.392,0.779,0.354,0.565,0.866,0.692,0.494,0.796,0.433,0.613,0.762,0.241,0.789,0.747,0.374,-0.316,-0.065,0.762,-0.325,0.161,0.361,0.828,0.848,-0.305,0.552,0.813,0.438,-0.124,0.668,0.373,0.286,0.676,-0.228,0.193,0.424,-0.076,0.138,0.793,-0.091,0.844,-0.387,-0.195,0.829,0.845,0.846,0.818,0.005,0.784,0.195,-0.028,0.517
000776SZ,0.828,0.422,0.666,0.45,-0.232,0.855,0.554,-0.085,-0.374,0.894,0.522,0.288,-0.521,0.584,0.59,0.773,1.0,0.666,0.006,0.277,-0.199,0.644,0.521,0.86,-0.468,0.891,0.741,0.734,-0.783,0.513,0.786,0.208,0.199,0.869,0.903,0.893,-0.201,0.527,-0.513,-0.636,0.207,0.882,-0.059,0.871,0.351,0.845,0.182,0.794,0.598,0.871,0.667,0.562,0.93,0.256,0.132,0.852,-0.43,0.516,0.794,0.728,0.905,0.957,-0.099,-0.001,0.264,0.904,0.727,-0.351,0.813,0.915,-0.098,-0.394,0.868,-0.334,0.834,0.848,0.85,-0.062,-0.335,0.074,-0.741,0.843,0.375,0.586,-0.054,0.797,0.847,0.772,0.528,-0.34,0.748,0.589,0.869,0.729,0.881,0.763,0.483,0.913,0.806,0.798,0.865,0.717,-0.572,0.643,-0.614,0.847,-0.238,0.774,0.908,-0.356,-0.025,-0.029,0.867,0.668,0.656,0.865,0.907,0.036,-0.207,0.191,0.858,-0.691,-0.364,0.104,0.892,0.285,-0.433,0.63,0.585,0.729,0.762,0.839,-0.629,0.443,0.557,0.658,-0.436,0.163,0.727,-0.062,0.09,0.511,0.813,0.969,-0.391,0.56,0.774,0.785,0.742,0.804,0.898,0.481,0.463,0.773,0.442,0.908,0.945,0.663,0.926,0.469,0.868,0.301,0.68,0.757,0.848,0.822,0.796,0.695,0.658,0.866,0.936,0.932,0.598,0.505,0.564,0.894,0.898,-0.202,0.891,0.4,0.66,-0.33,-0.239,0.85,-0.412,0.61,0.394,0.828,0.783,-0.304,0.536,0.946,0.834,0.007,0.934,0.521,0.722,0.34,-0.605,-0.133,0.066,-0.473,-0.303,0.744,-0.343,0.914,-0.646,-0.485,0.657,0.813,0.864,0.815,-0.449,0.9,-0.001,-0.355,0.202
000786SZ,0.914,0.729,0.02,-0.201,-0.738,0.349,0.861,-0.609,-0.786,0.793,-0.083,-0.236,-0.864,0.736,-0.06,0.234,0.666,1.0,-0.168,0.109,-0.72,0.885,0.436,0.465,-0.801,0.846,0.94,0.9,-0.499,0.171,0.498,-0.315,-0.428,0.505,0.478,0.639,-0.586,0.804,-0.507,-0.842,-0.305,0.81,-0.588,0.573,-0.348,0.733,-0.271,0.524,0.752,0.587,0.714,0.211,0.688,-0.032,0.667,0.412,-0.831,0.31,0.391,0.662,0.606,0.571,-0.225,-0.556,-0.063,0.674,0.273,-0.731,0.768,0.497,-0.52,-0.677,0.683,-0.646,0.888,0.56,0.495,-0.606,-0.436,0.115,-0.743,0.47,0.607,0.09,-0.529,0.899,0.837,0.831,0.344,-0.452,0.282,0.935,0.791,0.837,0.611,0.736,0.878,0.73,0.199,0.763,0.581,0.43,-0.879,0.757,-0.658,0.789,-0.553,0.834,0.688,-0.56,-0.478,-0.508,0.499,0.802,0.137,0.831,0.741,-0.265,-0.627,-0.142,0.709,-0.794,-0.776,-0.416,0.743,-0.307,-0.863,0.092,0.429,0.333,0.243,0.917,-0.883,-0.256,0.5,0.802,-0.827,-0.368,0.811,-0.2,-0.35,0.733,0.821,0.726,-0.707,0.13,0.932,0.909,0.829,0.768,0.828,0.609,0.717,0.344,0.74,0.653,0.652,0.607,0.654,0.58,0.875,0.45,0.587,0.919,0.875,0.322,0.896,0.225,0.71,0.877,0.576,0.718,0.533,-0.095,0.572,0.79,0.459,-0.733,0.65,-0.288,0.698,-0.127,-0.389,0.523,-0.368,0.911,0.088,0.29,0.222,-0.094,0.199,0.525,0.931,0.036,0.807,0.298,0.891,-0.384,-0.865,-0.536,-0.439,-0.842,-0.778,0.287,-0.647,0.491,-0.74,-0.571,0.007,0.358,0.483,0.339,-0.826,0.519,-0.323,-0.664,-0.408
000800SZ,-0.057,-0.068,0.177,0.233,0.36,0.156,-0.08,0.049,0.169,-0.104,0.273,0.09,0.282,-0.102,0.273,0.14,0.006,-0.168,1.0,0.202,0.299,-0.314,0.083,-0.099,0.582,-0.1,-0.231,0.01,0.269,0.584,-0.205,0.329,0.239,-0.006,0.112,-0.073,0.622,-0.098,0.545,0.287,0.408,-0.173,0.273,0.097,0.396,-0.119,0.185,-0.078,-0.0,-0.083,0.298,0.107,0.051,0.223,-0.292,-0.049,0.413,0.403,0.145,0.11,0.061,0.075,0.213,0.378,0.525,-0.129,0.05,0.167,0.032,0.055,0.286,0.202,-0.108,0.598,-0.14,0.002,-0.08,0.445,0.556,0.058,0.33,-0.043,-0.093,0.204,0.521,-0.128,-0.111,-0.09,0.229,0.342,-0.035,-0.361,-0.249,-0.115,0.09,-0.051,-0.173,-0.055,0.121,0.153,-0.093,0.292,0.325,0.044,0.45,-0.193,0.58,-0.196,-0.024,0.233,0.32,0.6,0.182,-0.033,0.301,-0.206,-0.184,0.375,0.586,0.248,0.02,0.286,0.403,0.461,-0.03,0.169,0.279,0.42,-0.135,0.256,0.017,-0.176,0.217,0.385,0.126,0.012,0.333,-0.047,-0.251,0.329,0.327,0.044,-0.066,-0.091,0.333,-0.083,-0.155,0.007,-0.083,0.014,-0.166,0.032,-0.138,0.141,-0.135,-0.002,0.067,-0.206,-0.09,0.135,-0.157,-0.029,0.166,-0.214,-0.042,0.08,-0.311,0.121,0.119,-0.137,-0.0,0.061,0.279,0.136,0.315,-0.073,0.13,0.32,0.007,0.306,0.055,0.254,0.421,0.018,0.376,-0.355,0.588,0.159,0.099,0.409,0.066,0.043,-0.156,0.148,-0.119,-0.047,-0.185,0.393,0.299,0.034,0.161,0.328,0.23,0.083,0.562,0.126,0.389,0.429,0.209,0.235,0.048,0.334,0.459,0.069,0.494,0.557,0.42
000807SZ,0.283,0.232,0.102,0.171,0.072,0.296,-0.019,-0.077,-0.021,0.135,0.052,-0.099,-0.031,-0.068,0.208,0.287,0.277,0.109,0.202,1.0,0.148,0.019,-0.295,0.035,0.082,0.149,0.087,0.194,0.104,0.248,-0.083,0.121,0.138,0.166,0.285,0.158,0.092,0.106,0.265,-0.057,0.218,0.116,-0.198,0.323,0.196,-0.01,-0.03,-0.076,0.373,0.012,0.261,0.047,0.264,-0.011,0.087,0.022,0.023,0.033,0.088,0.016,0.137,0.315,-0.073,-0.065,0.51,0.194,0.239,-0.008,0.077,0.194,0.16,0.114,-0.054,0.135,0.132,0.003,-0.003,-0.024,0.286,0.093,0.006,-0.031,0.392,0.169,-0.154,0.351,0.379,0.266,0.214,0.188,0.134,0.002,0.162,0.333,0.155,0.531,0.024,0.305,0.257,0.437,-0.011,0.188,0.2,0.362,0.127,-0.008,0.469,0.124,0.214,0.279,0.272,0.331,0.235,0.316,0.63,0.242,0.029,0.407,0.178,-0.123,0.286,0.233,0.151,0.16,0.148,0.261,-0.069,0.231,-0.176,0.195,0.213,0.1,-0.062,0.256,0.127,-0.024,0.205,-0.232,0.134,0.322,0.263,0.256,0.134,0.161,0.185,-0.075,0.14,0.232,0.41,0.424,0.17,0.304,0.268,0.083,0.247,0.275,0.392,0.347,0.373,0.408,0.173,0.183,0.712,0.269,0.212,0.127,0.193,0.076,0.315,0.227,0.199,0.252,0.007,0.078,0.548,0.204,0.432,-0.042,0.279,0.258,0.2,0.177,0.18,0.351,0.41,0.015,0.4,0.285,0.215,-0.076,0.459,0.171,0.161,0.449,0.189,0.328,0.284,0.119,-0.092,-0.18,0.186,0.041,0.035,-0.033,0.195,0.267,0.206,-0.115,0.218,0.455,0.047,0.373,0.127,0.357,0.394,0.226,0.29
000858SZ,-0.576,-0.523,0.417,0.478,0.861,0.028,-0.695,0.898,0.909,-0.376,0.304,0.575,0.9,-0.459,0.413,0.227,-0.199,-0.72,0.299,0.148,1.0,-0.731,-0.231,-0.028,0.665,-0.46,-0.713,-0.612,0.333,0.03,-0.109,0.647,0.766,-0.152,0.038,-0.299,0.495,-0.469,0.512,0.83,0.676,-0.507,0.625,-0.086,0.655,-0.514,0.376,-0.167,-0.614,-0.204,-0.447,0.284,-0.237,0.315,-0.736,-0.073,0.767,-0.205,-0.024,-0.484,-0.242,-0.1,0.573,0.774,0.435,-0.27,0.167,0.905,-0.556,-0.031,0.758,0.758,-0.414,0.631,-0.594,-0.3,-0.038,0.704,0.439,0.266,0.583,-0.144,-0.442,0.118,0.622,-0.598,-0.453,-0.647,-0.194,0.097,0.202,-0.773,-0.366,-0.514,-0.214,-0.35,-0.752,-0.357,0.302,-0.393,-0.18,-0.237,0.721,-0.556,0.622,-0.547,0.703,-0.454,-0.316,0.777,0.755,0.788,-0.019,-0.594,0.357,-0.429,-0.41,0.325,0.766,0.555,-0.287,0.671,0.896,0.761,-0.349,0.673,0.837,0.284,-0.196,-0.099,0.264,-0.639,0.821,0.549,-0.343,-0.432,0.787,0.618,-0.601,0.184,0.755,-0.565,-0.504,-0.283,0.789,0.245,-0.679,-0.673,-0.526,-0.477,-0.459,-0.195,-0.686,-0.077,-0.608,-0.104,-0.259,-0.212,-0.142,-0.373,-0.554,-0.243,-0.24,-0.663,-0.537,0.096,-0.574,0.094,-0.557,-0.567,-0.155,-0.383,-0.33,0.409,-0.28,-0.446,-0.064,0.817,-0.275,0.617,-0.53,0.027,0.328,-0.068,0.107,-0.744,0.042,0.11,0.185,-0.074,0.3,-0.123,-0.648,0.166,-0.428,0.103,-0.58,0.673,0.754,0.825,0.663,0.874,0.93,-0.072,0.66,-0.048,0.596,0.401,0.322,0.017,-0.1,0.042,0.856,-0.126,0.59,0.619,0.657
000876SZ,0.818,0.675,0.011,-0.188,-0.846,0.361,0.874,-0.595,-0.83,0.726,-0.057,-0.311,-0.866,0.689,-0.129,0.258,0.644,0.885,-0.314,0.019,-0.731,1.0,0.503,0.495,-0.862,0.834,0.933,0.899,-0.592,0.056,0.464,-0.489,-0.41,0.565,0.44,0.689,-0.713,0.761,-0.643,-0.872,-0.306,0.802,-0.605,0.51,-0.347,0.794,-0.283,0.522,0.754,0.647,0.629,0.209,0.668,-0.119,0.777,0.485,-0.92,0.263,0.35,0.587,0.659,0.568,-0.201,-0.58,-0.24,0.692,0.276,-0.731,0.764,0.445,-0.668,-0.707,0.708,-0.765,0.925,0.605,0.473,-0.519,-0.533,0.046,-0.743,0.515,0.484,0.166,-0.557,0.841,0.791,0.854,0.18,-0.436,0.202,0.953,0.822,0.747,0.61,0.592,0.85,0.777,0.166,0.731,0.654,0.405,-0.865,0.65,-0.786,0.852,-0.715,0.861,0.656,-0.683,-0.394,-0.68,0.431,0.762,0.129,0.821,0.797,-0.291,-0.812,-0.139,0.679,-0.819,-0.821,-0.521,0.717,-0.243,-0.872,0.022,0.376,0.277,0.266,0.921,-0.918,-0.218,0.344,0.754,-0.9,-0.396,0.768,-0.322,-0.442,0.572,0.806,0.723,-0.842,0.168,0.937,0.84,0.703,0.693,0.841,0.363,0.659,0.326,0.588,0.509,0.63,0.507,0.575,0.597,0.887,0.218,0.507,0.89,0.88,0.357,0.863,0.158,0.557,0.865,0.605,0.718,0.404,-0.092,0.434,0.805,0.423,-0.763,0.646,-0.319,0.644,-0.343,-0.513,0.563,-0.431,0.94,-0.089,0.242,0.153,-0.209,0.272,0.541,0.925,-0.26,0.822,0.155,0.828,-0.354,-0.947,-0.51,-0.548,-0.883,-0.824,0.366,-0.809,0.528,-0.874,-0.742,0.091,0.382,0.518,0.328,-0.869,0.468,-0.374,-0.755,-0.413
000895SZ,0.486,0.157,0.411,0.273,-0.242,0.485,0.64,-0.08,-0.304,0.517,0.414,0.267,-0.345,0.56,0.264,0.328,0.521,0.436,0.083,-0.295,-0.231,0.503,1.0,0.553,-0.309,0.58,0.526,0.514,-0.529,0.412,0.543,-0.078,-0.046,0.509,0.49,0.565,-0.054,0.572,-0.435,-0.42,-0.151,0.599,0.096,0.371,0.097,0.69,0.242,0.676,0.381,0.711,0.463,0.417,0.502,-0.058,0.116,0.625,-0.314,0.499,0.608,0.626,0.596,0.485,0.163,0.023,-0.081,0.528,0.268,-0.279,0.595,0.488,-0.285,-0.502,0.709,-0.359,0.578,0.694,0.575,-0.009,-0.515,0.152,-0.325,0.557,0.013,0.391,0.132,0.35,0.334,0.422,0.344,-0.225,0.372,0.459,0.501,0.26,0.631,0.227,0.416,0.494,0.46,0.39,0.623,0.604,-0.596,0.248,-0.436,0.643,-0.406,0.591,0.557,-0.48,-0.05,-0.161,0.584,0.318,0.118,0.493,0.61,-0.145,-0.19,0.441,0.408,-0.697,-0.212,-0.078,0.645,-0.084,-0.327,0.427,0.39,0.535,0.357,0.581,-0.419,0.244,0.248,0.756,-0.531,0.106,0.322,-0.193,-0.138,0.248,0.605,0.614,-0.54,0.562,0.459,0.504,0.266,0.322,0.508,0.061,0.178,0.609,0.142,0.451,0.494,0.073,0.402,0.156,0.494,0.077,0.108,0.397,0.588,0.513,0.451,0.536,0.368,0.465,0.565,0.595,0.4,0.26,0.058,0.514,0.455,-0.088,0.421,0.032,0.433,-0.347,-0.14,0.346,-0.36,0.515,0.18,0.438,0.415,-0.021,-0.015,0.623,0.523,-0.349,0.546,0.038,0.33,0.185,-0.351,-0.018,-0.221,-0.255,-0.255,0.587,-0.393,0.543,-0.607,-0.2,0.326,0.364,0.56,0.424,-0.468,0.384,-0.223,-0.41,-0.079
000938SZ,0.587,0.089,0.791,0.608,-0.085,0.845,0.331,0.187,-0.117,0.716,0.674,0.448,-0.284,0.419,0.699,0.835,0.86,0.465,-0.099,0.035,-0.028,0.495,0.553,1.0,-0.415,0.799,0.562,0.531,-0.77,0.419,0.934,0.355,0.431,0.793,0.908,0.894,-0.166,0.315,-0.626,-0.445,0.385,0.812,0.087,0.865,0.446,0.82,0.192,0.862,0.341,0.876,0.499,0.705,0.869,0.197,-0.095,0.937,-0.275,0.479,0.733,0.627,0.874,0.888,0.0,0.264,0.194,0.913,0.866,-0.158,0.709,0.892,-0.029,-0.24,0.854,-0.331,0.7,0.871,0.88,0.193,-0.46,0.007,-0.665,0.926,-0.017,0.583,0.019,0.516,0.587,0.518,0.353,-0.4,0.798,0.421,0.821,0.489,0.853,0.465,0.204,0.814,0.815,0.589,0.928,0.621,-0.464,0.355,-0.639,0.798,-0.306,0.716,0.848,-0.201,0.119,0.016,0.856,0.369,0.566,0.697,0.856,-0.068,-0.113,0.398,0.788,-0.663,-0.227,0.204,0.781,0.493,-0.238,0.622,0.555,0.696,0.857,0.686,-0.46,0.566,0.336,0.495,-0.378,0.439,0.559,-0.336,0.22,0.231,0.713,0.896,-0.347,0.699,0.591,0.567,0.414,0.478,0.818,0.296,0.078,0.772,0.075,0.775,0.763,0.406,0.828,0.212,0.745,-0.003,0.388,0.515,0.66,0.901,0.638,0.753,0.412,0.709,0.92,0.764,0.426,0.623,0.251,0.8,0.759,-0.017,0.851,0.531,0.393,-0.587,-0.428,0.839,-0.466,0.443,0.239,0.748,0.809,-0.526,0.514,0.869,0.635,-0.25,0.838,0.276,0.429,0.469,-0.448,0.172,0.171,-0.289,-0.093,0.842,-0.373,0.874,-0.608,-0.487,0.778,0.738,0.949,0.773,-0.285,0.848,-0.008,-0.291,0.374
000963SZ,-0.671,-0.65,0.079,0.325,0.767,-0.127,-0.69,0.428,0.662,-0.631,0.267,0.201,0.751,-0.661,0.265,-0.129,-0.468,-0.801,0.582,0.082,0.665,-0.862,-0.309,-0.415,1.0,-0.68,-0.818,-0.655,0.486,0.239,-0.461,0.449,0.431,-0.402,-0.298,-0.493,0.867,-0.646,0.638,0.727,0.335,-0.659,0.613,-0.36,0.485,-0.587,0.356,-0.395,-0.514,-0.485,-0.37,-0.177,-0.496,0.062,-0.68,-0.309,0.889,0.003,-0.187,-0.367,-0.435,-0.383,0.138,0.59,0.322,-0.552,-0.165,0.589,-0.521,-0.313,0.53,0.599,-0.542,0.804,-0.743,-0.379,-0.409,0.626,0.611,-0.124,0.73,-0.383,-0.453,0.029,0.646,-0.73,-0.681,-0.641,-0.031,0.645,-0.168,-0.909,-0.737,-0.655,-0.406,-0.507,-0.773,-0.567,-0.035,-0.49,-0.526,-0.079,0.827,-0.488,0.729,-0.681,0.756,-0.757,-0.484,0.495,0.5,0.731,-0.246,-0.586,0.051,-0.728,-0.643,0.462,0.83,0.126,-0.52,0.706,0.829,0.516,-0.571,0.281,0.794,0.188,-0.39,-0.016,-0.194,-0.772,0.767,0.418,-0.258,-0.607,0.83,0.246,-0.715,0.391,0.421,-0.453,-0.645,-0.577,0.693,-0.124,-0.797,-0.63,-0.608,-0.509,-0.711,-0.366,-0.569,-0.124,-0.556,-0.457,-0.404,-0.565,-0.504,-0.324,-0.727,-0.294,-0.307,-0.783,-0.662,-0.189,-0.82,-0.045,-0.351,-0.714,-0.422,-0.452,-0.257,0.162,-0.244,-0.614,-0.189,0.739,-0.46,0.404,-0.447,0.262,0.548,-0.396,0.57,-0.894,0.364,-0.088,-0.053,0.307,-0.212,-0.337,-0.76,0.126,-0.657,-0.202,-0.762,0.474,0.822,0.36,0.422,0.815,0.68,-0.146,0.837,-0.289,0.817,0.69,0.119,-0.112,-0.367,-0.04,0.821,-0.283,0.464,0.853,0.563
000999SZ,0.912,0.463,0.431,0.247,-0.534,0.694,0.728,-0.304,-0.563,0.853,0.308,0.032,-0.704,0.608,0.355,0.567,0.891,0.846,-0.1,0.149,-0.46,0.834,0.58,0.799,-0.68,1.0,0.872,0.881,-0.702,0.361,0.761,-0.024,-0.004,0.703,0.791,0.916,-0.433,0.663,-0.665,-0.772,0.012,0.942,-0.354,0.836,0.031,0.901,-0.113,0.794,0.69,0.834,0.72,0.554,0.923,0.027,0.393,0.784,-0.693,0.419,0.629,0.704,0.872,0.836,-0.174,-0.206,0.015,0.936,0.669,-0.587,0.846,0.782,-0.419,-0.532,0.879,-0.583,0.946,0.825,0.718,-0.22,-0.47,0.045,-0.766,0.767,0.344,0.329,-0.349,0.858,0.854,0.803,0.333,-0.399,0.53,0.806,0.956,0.794,0.858,0.743,0.633,0.933,0.569,0.823,0.865,0.646,-0.795,0.647,-0.765,0.922,-0.506,0.914,0.908,-0.452,-0.131,-0.318,0.808,0.688,0.418,0.904,0.931,-0.239,-0.461,0.076,0.834,-0.831,-0.596,-0.202,0.877,0.103,-0.69,0.398,0.467,0.601,0.582,0.94,-0.837,0.175,0.424,0.745,-0.731,-0.074,0.77,-0.337,-0.167,0.535,0.887,0.933,-0.676,0.414,0.91,0.883,0.744,0.759,0.97,0.528,0.474,0.63,0.465,0.796,0.834,0.563,0.843,0.583,0.956,0.185,0.591,0.86,0.913,0.689,0.908,0.515,0.687,0.935,0.857,0.876,0.498,0.234,0.481,0.965,0.733,-0.485,0.875,0.115,0.66,-0.479,-0.515,0.836,-0.383,0.791,0.228,0.553,0.549,-0.403,0.468,0.797,0.933,-0.125,0.973,0.287,0.792,0.022,-0.816,-0.247,-0.28,-0.681,-0.55,0.634,-0.594,0.805,-0.753,-0.694,0.462,0.655,0.79,0.673,-0.668,0.811,-0.155,-0.536,0.007
001965SZ,0.897,0.686,0.119,-0.116,-0.747,0.478,0.86,-0.584,-0.816,0.832,0.049,-0.199,-0.885,0.772,0.006,0.353,0.741,0.94,-0.231,0.087,-0.713,0.933,0.526,0.562,-0.818,0.872,1.0,0.901,-0.651,0.217,0.543,-0.354,-0.38,0.669,0.556,0.719,-0.575,0.769,-0.588,-0.893,-0.277,0.868,-0.517,0.591,-0.233,0.833,-0.124,0.581,0.795,0.688,0.736,0.196,0.737,-0.039,0.652,0.529,-0.829,0.394,0.476,0.745,0.7,0.669,-0.262,-0.516,-0.066,0.738,0.319,-0.716,0.852,0.562,-0.536,-0.742,0.773,-0.65,0.941,0.671,0.583,-0.561,-0.536,0.108,-0.819,0.588,0.558,0.275,-0.471,0.893,0.846,0.917,0.42,-0.436,0.356,0.925,0.835,0.781,0.686,0.706,0.855,0.803,0.306,0.78,0.674,0.516,-0.852,0.731,-0.739,0.883,-0.595,0.869,0.738,-0.68,-0.454,-0.527,0.549,0.857,0.226,0.878,0.831,-0.187,-0.658,-0.113,0.766,-0.841,-0.796,-0.387,0.799,-0.252,-0.846,0.165,0.468,0.433,0.344,0.972,-0.894,-0.134,0.516,0.812,-0.843,-0.328,0.825,-0.188,-0.361,0.698,0.865,0.803,-0.757,0.216,0.955,0.93,0.795,0.783,0.882,0.47,0.722,0.457,0.677,0.643,0.745,0.588,0.697,0.565,0.934,0.367,0.625,0.936,0.929,0.432,0.899,0.317,0.683,0.926,0.694,0.809,0.559,0.017,0.573,0.84,0.551,-0.705,0.743,-0.214,0.703,-0.214,-0.396,0.583,-0.427,0.929,0.116,0.429,0.312,-0.128,0.238,0.64,0.966,-0.129,0.875,0.282,0.865,-0.266,-0.894,-0.56,-0.375,-0.869,-0.781,0.432,-0.686,0.614,-0.843,-0.61,0.149,0.497,0.597,0.443,-0.846,0.586,-0.323,-0.687,-0.362
002001SZ,0.869,0.649,0.121,-0.034,-0.724,0.5,0.865,-0.575,-0.776,0.747,0.092,-0.29,-0.778,0.62,0.055,0.374,0.734,0.9,0.01,0.194,-0.612,0.899,0.514,0.531,-0.655,0.881,0.901,1.0,-0.521,0.309,0.466,-0.309,-0.249,0.594,0.567,0.744,-0.485,0.741,-0.452,-0.806,-0.109,0.81,-0.541,0.655,-0.149,0.808,-0.202,0.592,0.827,0.654,0.822,0.299,0.771,-0.045,0.674,0.534,-0.778,0.453,0.439,0.687,0.752,0.691,-0.154,-0.421,0.019,0.737,0.407,-0.671,0.847,0.546,-0.553,-0.586,0.729,-0.567,0.927,0.667,0.502,-0.364,-0.307,0.081,-0.671,0.566,0.503,0.237,-0.419,0.859,0.829,0.887,0.327,-0.324,0.289,0.851,0.809,0.791,0.714,0.66,0.784,0.842,0.296,0.884,0.677,0.57,-0.757,0.748,-0.651,0.845,-0.472,0.842,0.748,-0.556,-0.225,-0.408,0.603,0.808,0.336,0.819,0.799,-0.095,-0.584,-0.056,0.787,-0.745,-0.672,-0.305,0.741,-0.104,-0.786,0.215,0.335,0.437,0.354,0.911,-0.866,-0.037,0.437,0.783,-0.781,-0.395,0.741,-0.224,-0.265,0.665,0.833,0.762,-0.725,0.174,0.94,0.918,0.748,0.772,0.857,0.477,0.618,0.421,0.577,0.59,0.742,0.486,0.634,0.722,0.912,0.23,0.688,0.876,0.947,0.464,0.812,0.249,0.684,0.897,0.684,0.818,0.517,-0.003,0.634,0.86,0.568,-0.67,0.753,-0.141,0.72,-0.275,-0.406,0.665,-0.264,0.825,0.171,0.367,0.272,-0.125,0.352,0.618,0.93,-0.153,0.86,0.212,0.811,-0.203,-0.891,-0.487,-0.471,-0.795,-0.752,0.452,-0.606,0.664,-0.735,-0.653,0.234,0.567,0.601,0.543,-0.706,0.613,-0.122,-0.498,-0.17
