,000001SZ,000002SZ,000157SZ,000166SZ,000333SZ,000338SZ,000538SZ,000568SZ,000596SZ,000617SZ,000625SZ,000651SZ,000661SZ,000708SZ,000725SZ,000768SZ,000776SZ,000786SZ,000800SZ,000807SZ,000858SZ,000876SZ,000895SZ,000938SZ,000963SZ,000999SZ,001965SZ,002001SZ,002007SZ,002027SZ,002028SZ,002050SZ,002129SZ,002179SZ,002230SZ,002236SZ,002241SZ,002271SZ,002304SZ,002311SZ,002371SZ,002415SZ,002422SZ,002459SZ,002460SZ,002463SZ,002466SZ,002475SZ,002493SZ,002555SZ,002594SZ,002601SZ,002648SZ,002709SZ,002714SZ,002916SZ,002920SZ,002938SZ,003816SZ,300014SZ,300033SZ,300059SZ,300122SZ,300124SZ,300274SZ,300308SZ,300316SZ,300347SZ,300394SZ,300408SZ,300413SZ,300418SZ,300433SZ,300450SZ,300498SZ,300502SZ,300628SZ,300661SZ,300750SZ,300759SZ,300760SZ,300782SZ,600000SS,600010SS,600011SS,600015SS,600016SS,600018SS,600019SS,600023SS,600025SS,600026SS,600028SS,600029SS,600031SS,600036SS,600048SS,600050SS,600061SS,600085SS,600089SS,600104SS,600111SS,600115SS,600161SS,600183SS,600188SS,600196SS,600219SS,600233SS,600276SS,600309SS,600332SS,600346SS,600362SS,600377SS,600406SS,600415SS,600426SS,600436SS,600438SS,600489SS,600519SS,600570SS,600585SS,600588SS,600600SS,600660SS,600674SS,600741SS,600760SS,600795SS,600809SS,600875SS,600886SS,600887SS,600926SS,600989SS,601006SS,601009SS,601012SS,601021SS,601058SS,601066SS,601088SS,601100SS,601117SS,601138SS,601166SS,601169SS,601186SS,601225SS,601229SS,601238SS,601288SS,601318SS,601319SS,601328SS,601336SS,601360SS,601390SS,601398SS,601600SS,601601SS,601607SS,601618SS,601628SS,601633SS,601658SS,601668SS,601669SS,601688SS,601689SS,601698SS,601699SS,601766SS,601788SS,601799SS,601800SS,601808SS,601816SS,601818SS,601838SS,601857SS,601865SS,601872SS,601877SS,601878SS,601881SS,601888SS,601899SS,601901SS,601919SS,601939SS,601985SS,601988SS,601998SS,603019SS,603195SS,603259SS,603260SS,603288SS,603369SS,603501SS,603659SS,603799SS,603806SS,603833SS,603986SS,603993SS,688008SS,688009SS,688012SS,688036SS,688111SS,688169SS,688396SS
000001SZ,1.0,0.913,0.468,0.45,-0.498,0.272,-0.095,0.067,-0.056,0.811,0.544,0.355,0.121,-0.656,0.736,-0.134,0.636,-0.157,0.485,-0.164,-0.24,-0.045,0.104,0.47,0.591,0.453,0.738,0.699,-0.47,-0.14,-0.28,0.361,0.515,-0.213,0.695,-0.189,-0.578,0.006,-0.138,-0.38,-0.062,-0.36,0.075,-0.101,0.798,0.631,0.709,0.032,-0.06,0.522,0.423,0.642,0.302,0.682,0.767,0.767,0.206,0.116,0.812,-0.598,0.739,0.186,-0.75,0.374,-0.442,0.735,0.224,0.405,-0.352,0.089,0.511,0.311,0.048,0.926,0.407,0.042,0.585,0.279,0.193,-0.178,0.121,0.52,0.872,0.431,0.398,0.917,0.928,0.261,0.732,0.792,0.824,0.832,0.5,0.878,0.273,0.769,0.953,0.752,0.641,0.17,-0.379,0.858,0.024,0.671,-0.504,0.675,0.662,-0.503,0.566,0.219,0.515,-0.419,-0.521,0.024,-0.152,0.804,0.741,0.582,0.033,-0.323,-0.635,-0.643,0.225,0.216,-0.271,0.263,-0.068,-0.055,0.131,0.522,-0.322,0.001,-0.582,0.128,0.672,-0.343,0.623,-0.347,0.836,0.754,-0.606,0.455,0.775,0.244,0.761,-0.197,0.803,0.751,0.948,0.868,0.687,-0.357,0.812,-0.296,0.893,0.897,0.857,0.867,0.625,0.442,0.672,0.897,0.426,0.895,-0.202,0.603,0.534,-0.593,0.9,0.816,0.78,0.804,0.448,0.046,0.738,0.85,0.6,-0.637,0.856,0.665,0.543,0.96,0.331,0.192,-0.239,0.915,-0.277,0.505,0.769,-0.551,-0.224,0.547,-0.054,0.968,0.668,0.893,0.928,0.59,0.692,-0.358,-0.194,-0.638,0.592,0.607,0.425,-0.147,-0.567,0.2,0.539,-0.089,0.741,0.778,0.424,-0.451,-0.066,0.505,-0.122
000002SZ,0.913,1.0,0.426,0.618,-0.367,0.293,0.081,0.285,0.118,0.825,0.741,0.34,0.229,-0.427,0.798,-0.03,0.771,-0.249,0.422,-0.061,0.024,0.096,0.039,0.624,0.668,0.583,0.843,0.791,-0.304,-0.031,-0.113,0.459,0.685,-0.12,0.761,0.008,-0.435,-0.031,0.136,-0.265,0.143,-0.19,0.342,-0.096,0.718,0.706,0.615,0.108,-0.028,0.487,0.577,0.429,0.269,0.604,0.776,0.777,0.199,0.24,0.893,-0.462,0.775,0.367,-0.588,0.405,-0.258,0.745,0.453,0.416,-0.246,0.241,0.464,0.399,0.132,0.851,0.558,0.196,0.613,0.344,0.315,-0.28,0.103,0.587,0.722,0.568,0.395,0.87,0.905,0.44,0.787,0.83,0.824,0.876,0.627,0.9,0.322,0.721,0.946,0.812,0.714,0.296,-0.257,0.878,0.109,0.746,-0.334,0.731,0.754,-0.38,0.414,0.202,0.51,-0.417,-0.281,0.057,-0.048,0.693,0.716,0.458,-0.005,-0.064,-0.475,-0.521,0.424,0.412,-0.149,0.446,0.053,0.018,0.336,0.541,-0.251,0.082,-0.349,0.292,0.792,-0.156,0.621,-0.195,0.857,0.752,-0.407,0.591,0.861,0.375,0.776,-0.051,0.813,0.809,0.872,0.904,0.775,-0.173,0.859,-0.122,0.785,0.843,0.855,0.799,0.698,0.619,0.714,0.804,0.532,0.921,-0.085,0.695,0.667,-0.457,0.866,0.891,0.754,0.845,0.533,0.169,0.735,0.927,0.61,-0.475,0.91,0.654,0.729,0.916,0.361,0.323,-0.133,0.905,-0.168,0.641,0.783,-0.426,-0.164,0.565,0.085,0.858,0.801,0.808,0.904,0.651,0.799,-0.205,-0.022,-0.469,0.7,0.587,0.487,-0.001,-0.396,0.242,0.63,0.036,0.776,0.797,0.601,-0.312,0.179,0.615,0.104
000157SZ,0.468,0.426,1.0,0.2,0.007,0.844,0.162,0.014,-0.213,0.275,0.407,0.76,-0.003,-0.249,0.378,-0.214,0.118,0.312,0.796,0.293,-0.169,-0.27,0.453,0.262,0.291,0.152,0.339,0.243,-0.241,0.517,-0.3,0.159,0.283,-0.009,0.158,-0.233,-0.247,0.348,0.086,-0.338,-0.207,-0.36,-0.179,0.488,0.53,0.397,0.299,0.272,-0.034,0.534,0.288,0.606,0.424,0.318,0.454,0.341,0.741,0.12,0.495,0.07,0.24,0.017,-0.213,0.353,-0.114,0.316,0.012,0.216,-0.137,0.216,0.415,0.303,0.065,0.43,0.179,0.054,0.311,0.452,0.295,0.34,0.473,0.112,0.706,0.379,0.882,0.594,0.464,0.023,0.696,0.638,0.442,0.446,0.545,0.459,0.883,0.224,0.554,0.466,0.208,-0.293,0.016,0.541,-0.083,0.214,-0.258,0.355,0.329,-0.35,0.679,0.794,0.459,0.146,-0.232,-0.115,0.03,0.548,0.754,0.586,0.181,-0.169,-0.077,-0.123,0.165,0.073,0.303,0.081,0.298,-0.043,-0.153,0.015,0.04,0.192,-0.252,0.153,0.443,-0.22,0.134,-0.38,0.435,0.303,-0.323,0.336,0.338,-0.183,0.617,0.025,0.779,0.392,0.474,0.364,0.441,0.41,0.263,-0.228,0.592,0.619,0.637,0.454,0.16,0.285,0.546,0.535,0.532,0.539,-0.337,0.732,0.313,-0.24,0.447,0.591,0.761,0.4,0.019,0.034,0.486,0.435,0.117,-0.146,0.452,0.575,0.081,0.463,-0.093,0.483,-0.159,0.591,0.001,-0.021,0.326,-0.022,-0.158,0.494,-0.105,0.497,0.404,0.549,0.453,0.097,0.019,-0.079,0.231,-0.329,0.157,0.359,-0.097,-0.175,-0.283,-0.037,0.186,0.006,0.191,0.291,-0.091,-0.29,-0.174,0.131,-0.315
000166SZ,0.45,0.618,0.2,1.0,-0.206,0.209,0.521,0.72,0.43,0.741,0.657,0.345,0.567,0.038,0.73,0.006,0.823,-0.488,0.074,0.382,0.582,0.141,-0.2,0.878,0.832,0.608,0.816,0.558,0.096,-0.024,0.132,0.818,0.813,-0.297,0.695,0.009,-0.003,-0.167,0.565,-0.097,0.294,0.051,0.449,0.151,0.636,0.858,0.504,0.632,-0.29,0.638,0.845,0.042,0.008,0.644,0.609,0.773,0.108,0.668,0.744,0.049,0.799,0.729,-0.136,0.218,-0.324,0.822,0.825,0.599,0.065,0.687,0.667,0.813,0.647,0.433,0.818,0.614,0.809,0.667,0.63,-0.119,0.506,0.839,0.341,0.561,0.287,0.648,0.661,0.597,0.691,0.716,0.621,0.529,0.626,0.526,0.223,0.222,0.49,0.753,0.805,0.003,-0.285,0.702,-0.042,0.381,-0.099,0.861,0.86,-0.142,0.138,0.345,0.495,-0.337,0.129,-0.175,0.215,0.208,0.479,0.464,-0.34,0.311,-0.226,-0.299,0.773,0.856,-0.064,0.835,0.494,-0.191,0.29,0.137,-0.364,0.093,0.226,0.419,0.683,0.185,0.09,-0.252,0.747,0.344,-0.178,0.173,0.384,0.127,0.636,0.036,0.551,0.825,0.606,0.784,0.42,0.215,0.719,0.141,0.516,0.524,0.632,0.581,0.319,0.91,0.281,0.57,0.467,0.545,-0.055,0.402,0.399,-0.42,0.693,0.452,0.503,0.821,0.109,0.212,0.754,0.477,0.743,-0.177,0.418,0.614,0.818,0.611,-0.01,0.323,-0.152,0.629,-0.013,0.857,0.839,-0.099,-0.215,0.343,-0.032,0.495,0.456,0.522,0.692,0.655,0.646,-0.055,0.082,-0.254,0.756,0.638,0.581,0.379,-0.19,-0.131,0.825,0.221,0.786,0.764,0.794,-0.023,0.476,0.563,0.524
000333SZ,-0.498,-0.367,0.007,-0.206,1.0,0.282,0.481,-0.201,0.531,-0.63,-0.274,-0.206,0.403,0.642,-0.138,0.668,-0.102,0.627,-0.129,0.479,0.335,0.585,0.538,-0.194,-0.215,0.205,-0.168,-0.199,0.802,0.405,0.772,-0.083,-0.28,0.691,-0.185,0.571,0.887,0.738,0.04,0.825,0.635,0.716,0.455,-0.071,-0.596,-0.454,-0.752,0.138,0.693,-0.409,-0.248,-0.307,0.539,-0.678,-0.179,-0.57,0.109,0.373,-0.429,0.674,-0.617,0.255,0.869,0.438,0.813,-0.456,0.069,-0.189,0.776,0.382,-0.417,0.057,0.314,-0.506,-0.452,0.364,-0.529,-0.096,0.372,-0.196,-0.169,-0.432,-0.491,0.129,-0.137,-0.435,-0.464,0.353,-0.415,-0.472,-0.568,-0.136,-0.193,-0.393,0.274,-0.007,-0.473,-0.568,-0.263,0.364,0.857,-0.527,0.544,0.011,0.902,-0.438,-0.565,0.831,0.066,-0.152,-0.69,0.876,0.832,0.592,0.558,-0.593,-0.106,-0.405,0.665,0.708,0.937,0.713,-0.103,-0.146,0.872,0.1,-0.154,0.715,0.465,-0.003,0.713,0.72,0.662,0.578,-0.058,0.762,0.142,0.718,-0.544,0.022,0.891,0.311,-0.183,0.299,-0.601,0.799,-0.202,-0.539,-0.571,-0.424,0.135,0.345,-0.188,0.811,-0.619,-0.596,-0.347,-0.739,0.143,-0.122,0.154,-0.635,0.204,-0.279,0.676,0.115,0.29,0.851,-0.593,-0.216,-0.452,-0.451,0.256,0.657,-0.59,-0.243,-0.695,0.934,-0.244,-0.497,-0.468,-0.524,0.382,0.161,0.798,-0.432,0.903,-0.404,-0.522,0.912,0.56,0.233,0.763,-0.554,0.089,-0.665,-0.533,0.003,-0.238,0.829,0.742,0.889,-0.503,-0.685,0.043,0.466,0.877,0.497,-0.575,0.525,-0.597,-0.616,-0.166,0.644,0.42,0.083,0.505
000338SZ,0.272,0.293,0.844,0.209,0.282,1.0,0.525,0.012,-0.008,0.101,0.275,0.535,0.116,-0.014,0.371,0.106,0.194,0.382,0.574,0.575,0.027,0.09,0.39,0.392,0.317,0.265,0.348,0.088,0.193,0.446,0.009,0.228,0.292,0.14,0.206,-0.113,0.109,0.518,0.115,0.004,0.139,0.018,0.061,0.363,0.349,0.291,0.016,0.336,0.225,0.368,0.347,0.261,0.57,0.125,0.405,0.233,0.594,0.323,0.311,0.327,0.122,0.238,0.089,0.466,0.023,0.224,0.249,0.191,0.229,0.44,0.272,0.336,0.321,0.16,0.126,0.382,0.204,0.479,0.475,0.196,0.418,0.16,0.475,0.47,0.699,0.422,0.335,0.315,0.518,0.464,0.19,0.375,0.544,0.323,0.885,0.225,0.342,0.309,0.198,-0.163,0.242,0.327,0.153,0.238,0.062,0.229,0.202,0.047,0.644,0.636,0.186,0.35,0.098,0.14,0.414,0.309,0.69,0.355,0.295,0.135,0.214,0.185,0.133,0.151,0.554,0.238,0.163,0.221,0.057,-0.071,0.199,0.362,0.049,0.44,0.318,0.17,0.146,-0.16,0.226,0.293,0.024,0.291,0.248,-0.182,0.404,0.384,0.683,0.251,0.305,0.256,0.512,0.487,0.22,0.061,0.358,0.387,0.504,0.188,0.246,0.399,0.56,0.319,0.672,0.429,0.031,0.665,0.414,0.067,0.275,0.436,0.523,0.295,0.004,0.325,0.298,0.285,-0.027,0.151,0.287,0.423,0.026,0.312,0.078,0.555,0.187,0.401,0.265,-0.086,0.235,0.246,0.087,0.575,0.186,0.284,0.374,0.294,0.268,0.245,-0.034,0.251,0.506,-0.014,-0.007,0.122,0.094,0.153,-0.038,0.065,0.108,0.339,0.066,0.138,0.045,0.084,0.16,0.227,-0.033
000538SZ,-0.095,0.081,0.162,0.521,0.481,0.525,1.0,0.485,0.641,0.068,0.209,0.107,0.652,0.406,0.393,0.464,0.462,-0.021,-0.111,0.773,0.738,0.539,0.108,0.647,0.555,0.564,0.436,0.084,0.768,0.16,0.52,0.621,0.443,0.147,0.345,0.202,0.644,0.402,0.49,0.474,0.654,0.529,0.579,0.152,0.136,0.339,-0.172,0.686,0.237,0.276,0.529,-0.322,0.372,0.064,0.35,0.233,0.193,0.81,0.152,0.645,0.186,0.728,0.532,0.437,0.146,0.327,0.765,0.397,0.685,0.886,0.287,0.658,0.83,-0.152,0.367,0.903,0.305,0.575,0.792,-0.042,0.476,0.466,-0.099,0.443,0.074,0.112,0.099,0.728,0.178,0.186,-0.032,0.221,0.383,0.059,0.385,0.033,-0.069,0.172,0.353,0.075,0.302,0.086,0.287,0.179,0.537,0.326,0.229,0.515,0.127,0.202,-0.052,0.347,0.657,0.244,0.673,-0.241,0.27,0.113,0.09,0.741,0.467,0.32,0.522,0.529,0.527,0.738,0.351,0.308,0.359,-0.17,0.132,0.458,0.728,0.723,0.25,0.765,-0.025,0.132,0.086,0.109,0.458,0.105,0.062,-0.013,0.039,0.675,0.274,0.237,0.031,0.21,0.329,0.448,0.277,0.585,-0.064,-0.078,0.156,-0.115,0.196,0.65,0.224,-0.033,0.484,0.088,0.432,0.254,0.363,0.252,0.079,0.034,0.038,0.256,0.052,0.622,0.167,0.01,0.096,0.512,-0.032,0.19,0.238,0.032,0.143,0.415,0.447,0.118,0.537,0.245,0.257,0.581,0.165,0.341,0.435,-0.06,0.22,-0.101,0.04,0.492,0.155,0.61,0.624,0.378,0.194,0.036,0.522,0.654,0.351,0.059,0.276,0.6,0.154,0.136,0.531,0.553,0.753,0.418,0.676
000568SZ,0.067,0.285,0.014,0.72,-0.201,0.012,0.485,1.0,0.327,0.48,0.618,0.395,0.422,0.177,0.352,-0.24,0.437,-0.644,-0.045,0.262,0.773,-0.022,-0.342,0.679,0.607,0.339,0.416,0.321,0.098,0.159,-0.071,0.624,0.716,-0.323,0.312,-0.04,0.01,-0.319,0.88,-0.198,0.12,-0.029,0.348,0.357,0.419,0.654,0.314,0.641,-0.455,0.567,0.749,-0.176,-0.315,0.488,0.288,0.549,0.189,0.47,0.515,0.281,0.6,0.54,0.043,-0.09,-0.22,0.58,0.716,0.628,0.042,0.549,0.535,0.613,0.438,0.119,0.767,0.452,0.711,0.666,0.438,0.243,0.645,0.652,0.046,0.369,0.142,0.249,0.252,0.279,0.476,0.468,0.34,0.147,0.543,0.266,0.079,-0.23,0.15,0.56,0.511,-0.196,-0.277,0.45,-0.214,0.049,-0.017,0.648,0.662,-0.184,-0.33,0.341,0.605,-0.363,0.178,-0.368,0.065,0.067,0.121,0.317,-0.578,0.374,-0.143,-0.138,0.875,0.736,-0.209,0.684,0.819,-0.403,0.013,-0.237,-0.443,-0.152,0.469,0.118,0.37,0.194,-0.336,-0.328,0.464,-0.126,-0.115,-0.064,0.139,-0.159,0.419,-0.012,0.223,0.608,0.236,0.42,-0.0,0.382,0.292,-0.001,0.2,0.221,0.244,0.348,-0.116,0.663,-0.094,0.254,0.156,0.12,-0.225,0.109,0.05,-0.347,0.362,0.135,0.285,0.498,-0.073,-0.074,0.517,0.126,0.649,-0.058,0.068,0.544,0.694,0.22,-0.34,0.375,-0.239,0.298,-0.166,0.674,0.488,-0.019,-0.339,-0.137,-0.234,0.127,0.152,0.264,0.304,0.221,0.348,0.067,0.121,-0.163,0.744,0.601,0.316,0.196,-0.166,-0.387,0.777,0.062,0.535,0.522,0.595,0.1,0.465,0.308,0.373
000596SZ,-0.056,0.118,-0.213,0.43,0.531,-0.008,0.641,0.327,1.0,0.109,0.063,-0.249,0.853,0.426,0.412,0.608,0.546,0.035,-0.38,0.409,0.725,0.7,0.221,0.386,0.431,0.719,0.426,0.325,0.723,-0.065,0.813,0.575,0.279,0.278,0.425,0.573,0.686,0.428,0.344,0.726,0.813,0.688,0.775,-0.246,-0.083,0.148,-0.239,0.411,0.422,-0.019,0.267,-0.3,0.42,-0.06,0.285,0.098,-0.158,0.815,0.09,0.331,0.098,0.682,0.503,0.518,0.406,0.25,0.62,0.299,0.626,0.687,0.07,0.548,0.666,0.018,0.151,0.633,0.112,0.244,0.626,-0.523,0.04,0.3,-0.282,0.308,-0.305,0.024,0.046,0.764,-0.063,-0.057,0.012,0.243,-0.001,0.048,0.001,0.275,-0.104,-0.062,0.356,0.542,0.442,0.014,0.439,0.378,0.674,0.237,0.082,0.632,0.001,-0.264,-0.306,0.341,0.738,0.459,0.498,-0.339,0.089,-0.007,0.312,0.842,0.502,0.186,0.459,0.415,0.437,0.69,0.046,0.499,0.669,0.261,0.164,0.668,0.711,0.763,0.4,0.792,0.302,0.533,0.081,0.288,0.596,0.337,0.138,0.5,-0.223,0.608,0.008,0.123,-0.043,0.225,0.325,0.01,0.468,0.857,-0.219,-0.24,0.048,-0.2,0.425,0.428,0.202,-0.174,0.281,0.1,0.649,0.151,0.496,0.343,0.008,0.022,-0.226,0.164,0.463,0.661,-0.029,0.145,-0.004,0.562,0.079,-0.135,0.197,-0.017,0.462,0.019,0.583,0.026,0.739,0.321,0.126,0.572,0.317,0.3,0.676,-0.062,0.34,-0.233,0.046,0.566,0.451,0.634,0.522,0.536,0.239,-0.167,0.641,0.632,0.611,0.437,0.091,0.475,0.167,0.082,0.592,0.469,0.737,0.497,0.867
000617SZ,0.811,0.825,0.275,0.741,-0.63,0.101,0.068,0.48,0.109,1.0,0.612,0.368,0.251,-0.508,0.74,-0.232,0.746,-0.511,0.217,-0.101,0.104,-0.104,-0.228,0.72,0.768,0.525,0.769,0.712,-0.398,-0.268,-0.279,0.635,0.785,-0.46,0.736,-0.258,-0.534,-0.298,0.224,-0.447,-0.043,-0.371,0.153,0.053,0.858,0.832,0.792,0.257,-0.355,0.648,0.689,0.371,-0.005,0.861,0.712,0.922,0.032,0.285,0.871,-0.459,0.947,0.393,-0.688,0.139,-0.601,0.904,0.514,0.576,-0.404,0.254,0.693,0.51,0.242,0.81,0.718,0.181,0.836,0.515,0.293,-0.138,0.352,0.802,0.677,0.412,0.295,0.83,0.854,0.325,0.767,0.835,0.877,0.658,0.543,0.799,0.102,0.453,0.801,0.866,0.778,0.02,-0.55,0.895,-0.163,0.532,-0.531,0.861,0.902,-0.532,0.257,0.258,0.697,-0.647,-0.388,-0.241,-0.155,0.654,0.608,0.645,-0.354,-0.178,-0.664,-0.69,0.519,0.585,-0.447,0.531,0.26,-0.338,0.059,0.319,-0.539,-0.151,-0.321,0.132,0.636,-0.273,0.285,-0.485,0.907,0.454,-0.616,0.202,0.626,0.11,0.802,-0.32,0.656,0.928,0.87,0.908,0.454,-0.239,0.808,-0.283,0.815,0.821,0.811,0.901,0.413,0.664,0.372,0.848,0.325,0.748,-0.293,0.397,0.362,-0.741,0.93,0.636,0.714,0.912,0.215,-0.074,0.881,0.706,0.871,-0.664,0.659,0.732,0.793,0.868,0.029,0.153,-0.408,0.839,-0.387,0.805,0.913,-0.554,-0.381,0.335,-0.263,0.852,0.482,0.845,0.913,0.609,0.754,-0.414,-0.268,-0.681,0.825,0.782,0.521,-0.068,-0.613,-0.103,0.832,-0.143,0.922,0.939,0.69,-0.439,0.14,0.477,0.059
000625SZ,0.544,0.741,0.407,0.657,-0.274,0.275,0.209,0.618,0.063,0.612,1.0,0.565,0.183,-0.124,0.594,-0.276,0.542,-0.441,0.488,0.12,0.297,-0.119,-0.099,0.625,0.585,0.345,0.647,0.59,-0.232,0.319,-0.185,0.414,0.749,-0.145,0.498,0.088,-0.312,-0.207,0.561,-0.379,0.07,-0.198,0.319,0.261,0.571,0.746,0.458,0.318,-0.302,0.588,0.624,0.194,-0.089,0.49,0.481,0.652,0.46,0.247,0.839,-0.089,0.662,0.365,-0.275,0.141,-0.116,0.618,0.513,0.421,-0.202,0.34,0.477,0.468,0.151,0.557,0.688,0.252,0.639,0.521,0.304,0.013,0.34,0.506,0.487,0.521,0.472,0.636,0.62,0.255,0.796,0.77,0.65,0.631,0.736,0.676,0.39,0.224,0.69,0.82,0.582,-0.004,-0.206,0.777,-0.1,0.417,-0.221,0.72,0.744,-0.427,0.018,0.429,0.661,-0.42,-0.097,-0.266,-0.096,0.503,0.48,0.417,-0.297,0.105,-0.304,-0.29,0.683,0.48,-0.13,0.502,0.483,-0.218,0.13,0.19,-0.282,-0.099,-0.034,0.171,0.7,-0.101,0.176,-0.292,0.714,0.353,-0.297,0.431,0.619,0.12,0.744,-0.092,0.689,0.76,0.579,0.67,0.469,0.336,0.553,-0.144,0.547,0.62,0.558,0.627,0.239,0.654,0.443,0.575,0.403,0.597,-0.299,0.645,0.387,-0.372,0.631,0.724,0.704,0.693,0.274,-0.024,0.674,0.683,0.587,-0.279,0.65,0.702,0.797,0.607,-0.049,0.512,-0.276,0.734,-0.216,0.624,0.614,-0.232,-0.275,0.192,-0.093,0.513,0.665,0.626,0.648,0.332,0.546,-0.118,0.111,-0.347,0.738,0.655,0.187,-0.049,-0.304,-0.131,0.716,-0.022,0.659,0.654,0.53,-0.193,0.245,0.417,0.135
000651SZ,0.355,0.34,0.76,0.345,-0.206,0.535,0.107,0.395,-0.249,0.368,0.565,1.0,0.092,-0.188,0.312,-0.479,0.1,-0.064,0.729,0.155,0.037,-0.467,0.109,0.328,0.359,0.06,0.243,0.261,-0.377,0.567,-0.472,0.248,0.411,-0.184,0.131,-0.308,-0.36,-0.016,0.389,-0.552,-0.389,-0.489,-0.222,0.588,0.61,0.568,0.434,0.405,-0.423,0.709,0.453,0.5,-0.009,0.505,0.304,0.475,0.739,0.077,0.571,0.108,0.406,0.084,-0.23,0.056,-0.307,0.465,0.114,0.473,-0.254,0.249,0.629,0.451,0.07,0.378,0.416,0.019,0.558,0.596,0.2,0.583,0.679,0.246,0.623,0.326,0.733,0.52,0.419,-0.182,0.713,0.653,0.474,0.281,0.585,0.43,0.632,-0.071,0.455,0.602,0.299,-0.476,-0.25,0.614,-0.313,0.046,-0.348,0.529,0.489,-0.565,0.277,0.844,0.758,-0.15,-0.275,-0.441,-0.205,0.515,0.517,0.612,-0.219,-0.179,-0.278,-0.25,0.453,0.236,-0.039,0.235,0.668,-0.413,-0.344,-0.152,-0.241,-0.134,-0.137,-0.153,0.421,-0.305,-0.181,-0.584,0.523,0.076,-0.48,0.095,0.224,-0.304,0.664,-0.205,0.611,0.531,0.442,0.389,0.151,0.431,0.177,-0.386,0.577,0.597,0.517,0.555,-0.138,0.344,0.234,0.554,0.267,0.362,-0.582,0.506,0.077,-0.465,0.464,0.466,0.736,0.478,-0.113,-0.231,0.582,0.321,0.401,-0.288,0.318,0.73,0.296,0.409,-0.408,0.508,-0.446,0.532,-0.267,0.242,0.396,-0.161,-0.409,0.119,-0.408,0.431,0.224,0.604,0.44,-0.022,0.062,-0.206,0.059,-0.471,0.424,0.636,-0.163,-0.253,-0.436,-0.343,0.48,-0.168,0.34,0.422,-0.014,-0.328,-0.119,0.07,-0.277
000661SZ,0.121,0.229,-0.003,0.567,0.403,0.116,0.652,0.422,0.853,0.251,0.183,0.092,1.0,0.271,0.491,0.449,0.595,-0.027,-0.15,0.41,0.686,0.515,0.298,0.497,0.613,0.709,0.522,0.374,0.568,0.05,0.634,0.701,0.356,0.122,0.469,0.37,0.556,0.392,0.344,0.523,0.628,0.511,0.637,-0.053,0.182,0.383,0.038,0.621,0.215,0.291,0.402,-0.056,0.417,0.156,0.457,0.311,0.06,0.84,0.275,0.311,0.276,0.699,0.374,0.527,0.173,0.47,0.639,0.481,0.537,0.8,0.386,0.777,0.783,0.181,0.331,0.673,0.349,0.414,0.687,-0.248,0.31,0.471,-0.015,0.362,-0.1,0.254,0.265,0.677,0.135,0.164,0.179,0.345,0.145,0.158,0.129,0.288,0.064,0.162,0.461,0.33,0.197,0.235,0.268,0.316,0.501,0.462,0.266,0.398,0.128,-0.006,-0.05,0.267,0.571,0.285,0.371,-0.197,0.211,0.227,0.216,0.659,0.291,-0.025,0.582,0.489,0.353,0.781,0.263,0.306,0.54,0.167,-0.009,0.542,0.58,0.616,0.54,0.655,0.257,0.252,0.309,0.355,0.337,0.258,0.188,0.384,0.004,0.481,0.203,0.308,0.188,0.415,0.355,0.029,0.559,0.707,0.058,0.009,0.244,0.051,0.383,0.532,0.224,0.109,0.276,0.232,0.416,0.212,0.46,0.084,0.228,0.118,0.017,0.364,0.387,0.582,0.221,0.215,0.184,0.366,0.181,0.132,0.285,0.189,0.32,0.106,0.368,0.238,0.576,0.422,0.335,0.436,0.068,0.354,0.488,0.153,0.356,0.036,0.244,0.595,0.449,0.461,0.398,0.291,0.41,0.13,0.626,0.577,0.423,0.308,0.277,0.382,0.334,0.28,0.579,0.305,0.61,0.508,0.76
000708SZ,-0.656,-0.427,-0.249,0.038,0.642,-0.014,0.406,0.177,0.426,-0.508,-0.124,-0.188,0.271,1.0,-0.23,0.367,-0.132,0.079,-0.355,0.403,0.597,0.366,0.096,-0.114,-0.259,-0.067,-0.149,-0.268,0.619,0.383,0.582,0.0,-0.201,0.323,-0.267,0.502,0.716,0.104,0.42,0.585,0.393,0.652,0.377,-0.086,-0.572,-0.24,-0.558,0.168,0.188,-0.364,-0.045,-0.579,-0.077,-0.55,-0.366,-0.492,-0.083,0.312,-0.397,0.559,-0.484,0.173,0.781,0.101,0.561,-0.416,0.231,-0.231,0.617,0.358,-0.34,0.136,0.224,-0.639,-0.077,0.286,-0.288,-0.139,0.135,-0.108,-0.11,-0.222,-0.68,0.041,-0.133,-0.477,-0.475,0.183,-0.307,-0.419,-0.488,-0.379,-0.141,-0.545,0.014,-0.367,-0.583,-0.409,-0.259,0.134,0.436,-0.476,0.215,-0.257,0.616,-0.273,-0.279,0.599,-0.305,-0.045,-0.433,0.463,0.723,0.16,0.38,-0.703,-0.393,-0.473,0.095,0.639,0.658,0.608,0.196,0.18,0.505,0.149,0.152,0.309,0.4,-0.173,0.299,0.375,0.768,0.244,-0.051,0.592,-0.231,0.561,-0.401,-0.184,0.702,-0.015,-0.418,0.117,-0.41,0.472,-0.414,-0.394,-0.61,-0.395,-0.183,0.526,-0.317,0.596,-0.643,-0.596,-0.4,-0.634,-0.133,0.083,-0.265,-0.608,0.046,-0.388,0.405,-0.112,0.002,0.617,-0.554,-0.361,-0.545,-0.437,-0.094,0.294,-0.449,-0.4,-0.421,0.771,-0.426,-0.441,-0.14,-0.561,0.007,0.011,0.426,-0.52,0.511,-0.16,-0.435,0.566,0.314,-0.148,0.401,-0.694,-0.112,-0.666,-0.51,-0.155,-0.225,0.484,0.435,0.743,-0.218,-0.483,-0.116,0.571,0.718,0.125,-0.267,0.469,-0.382,-0.468,-0.058,0.523,0.357,-0.005,0.557
000725SZ,0.736,0.798,0.378,0.73,-0.138,0.371,0.393,0.352,0.412,0.74,0.594,0.312,0.491,-0.23,1.0,0.224,0.89,-0.106,0.34,0.309,0.272,0.361,0.093,0.738,0.785,0.764,0.854,0.763,0.03,-0.032,0.162,0.591,0.68,0.078,0.922,0.112,-0.103,0.211,0.268,0.032,0.366,0.057,0.485,-0.167,0.686,0.703,0.406,0.349,0.141,0.536,0.696,0.404,0.43,0.619,0.746,0.744,0.287,0.598,0.773,-0.204,0.728,0.712,-0.303,0.545,-0.241,0.805,0.627,0.669,0.122,0.547,0.5,0.636,0.467,0.671,0.46,0.517,0.66,0.513,0.618,-0.338,0.253,0.639,0.601,0.761,0.284,0.801,0.788,0.617,0.708,0.721,0.723,0.829,0.679,0.81,0.359,0.691,0.708,0.687,0.898,0.356,-0.021,0.776,0.367,0.802,-0.062,0.749,0.691,-0.06,0.506,0.251,0.352,-0.127,-0.029,0.256,0.329,0.536,0.789,0.496,0.147,0.265,-0.243,-0.227,0.553,0.578,0.062,0.661,0.117,0.212,0.377,0.58,-0.084,0.282,-0.048,0.535,0.71,0.183,0.524,-0.049,0.736,0.697,-0.19,0.541,0.689,0.404,0.624,0.248,0.737,0.787,0.742,0.834,0.745,-0.073,0.835,0.133,0.637,0.64,0.759,0.625,0.669,0.758,0.714,0.672,0.727,0.779,0.172,0.69,0.753,-0.281,0.739,0.732,0.613,0.861,0.516,0.449,0.657,0.771,0.546,-0.184,0.694,0.639,0.668,0.786,0.415,0.444,0.127,0.765,0.14,0.734,0.793,-0.119,0.149,0.657,0.253,0.731,0.654,0.644,0.812,0.875,0.86,0.097,0.246,-0.22,0.606,0.482,0.741,0.33,-0.255,0.319,0.605,0.394,0.735,0.723,0.674,0.069,0.428,0.799,0.416
000768SZ,-0.134,-0.03,-0.214,0.006,0.668,0.106,0.464,-0.24,0.608,-0.232,-0.276,-0.479,0.449,0.367,0.224,1.0,0.337,0.461,-0.323,0.33,0.259,0.856,0.318,0.072,0.088,0.519,0.17,0.132,0.725,-0.14,0.824,0.09,-0.122,0.672,0.312,0.518,0.687,0.607,-0.16,0.861,0.766,0.737,0.618,-0.52,-0.342,-0.274,-0.452,-0.01,0.779,-0.43,-0.046,-0.227,0.618,-0.38,0.138,-0.251,-0.202,0.408,-0.233,0.211,-0.255,0.48,0.482,0.581,0.469,-0.137,0.276,-0.053,0.711,0.382,-0.325,0.094,0.392,-0.239,-0.283,0.499,-0.319,-0.197,0.428,-0.59,-0.387,-0.093,-0.36,0.303,-0.347,-0.187,-0.126,0.608,-0.335,-0.298,-0.261,0.224,-0.145,-0.077,0.01,0.403,-0.196,-0.35,0.108,0.691,0.63,-0.302,0.774,0.408,0.718,-0.232,-0.283,0.833,0.251,-0.443,-0.719,0.597,0.653,0.788,0.619,-0.419,0.059,-0.409,0.667,0.604,0.595,0.433,-0.107,0.063,0.656,0.269,-0.435,0.838,0.664,0.437,0.703,0.646,0.407,0.679,0.016,0.744,0.49,0.758,-0.293,0.341,0.719,0.374,0.128,0.601,-0.444,0.766,-0.107,-0.267,-0.239,-0.062,0.401,-0.143,0.165,0.763,-0.366,-0.352,-0.082,-0.465,0.549,0.087,0.339,-0.357,0.374,0.039,0.894,0.06,0.53,0.648,-0.271,-0.027,-0.387,-0.093,0.475,0.903,-0.347,0.052,-0.411,0.6,0.015,-0.448,-0.152,-0.16,0.706,0.023,0.822,-0.189,0.754,-0.021,-0.123,0.58,0.666,0.5,0.849,-0.206,0.207,-0.414,-0.201,0.5,0.246,0.635,0.477,0.688,-0.281,-0.562,0.513,0.65,0.627,0.728,-0.37,0.688,-0.231,-0.237,0.198,0.62,0.539,0.428,0.66
000776SZ,0.636,0.771,0.118,0.823,-0.102,0.194,0.462,0.437,0.546,0.746,0.542,0.1,0.595,-0.132,0.89,0.337,1.0,-0.243,0.042,0.245,0.402,0.484,-0.064,0.806,0.804,0.841,0.868,0.747,0.184,-0.193,0.323,0.693,0.741,0.019,0.917,0.177,0.019,0.1,0.276,0.155,0.536,0.209,0.66,-0.257,0.566,0.655,0.358,0.338,0.154,0.388,0.726,0.114,0.35,0.552,0.697,0.715,-0.024,0.63,0.709,-0.162,0.753,0.81,-0.22,0.51,-0.202,0.778,0.784,0.606,0.177,0.586,0.448,0.621,0.548,0.565,0.536,0.599,0.647,0.47,0.637,-0.448,0.172,0.723,0.399,0.695,0.056,0.678,0.74,0.774,0.566,0.618,0.612,0.745,0.574,0.722,0.155,0.649,0.616,0.623,0.908,0.454,-0.057,0.657,0.357,0.769,0.059,0.71,0.699,0.071,0.32,0.019,0.243,-0.203,0.142,0.282,0.351,0.335,0.605,0.308,0.058,0.366,-0.191,-0.243,0.544,0.668,0.024,0.781,0.067,0.215,0.534,0.521,-0.127,0.294,0.096,0.604,0.682,0.314,0.535,0.047,0.679,0.667,-0.048,0.487,0.674,0.485,0.49,0.274,0.577,0.735,0.665,0.83,0.717,-0.16,0.885,0.275,0.5,0.523,0.679,0.529,0.729,0.784,0.594,0.552,0.618,0.71,0.311,0.503,0.73,-0.223,0.696,0.609,0.42,0.845,0.528,0.506,0.587,0.703,0.603,-0.143,0.634,0.494,0.722,0.719,0.474,0.339,0.189,0.658,0.171,0.823,0.8,-0.079,0.103,0.596,0.33,0.626,0.645,0.506,0.749,0.898,0.886,0.143,0.21,-0.129,0.632,0.403,0.847,0.43,-0.121,0.313,0.635,0.389,0.729,0.709,0.828,0.122,0.607,0.785,0.587
000786SZ,-0.157,-0.249,0.312,-0.488,0.627,0.382,-0.021,-0.644,0.035,-0.511,-0.441,-0.064,-0.027,0.079,-0.106,0.461,-0.243,1.0,0.233,0.187,-0.329,0.284,0.645,-0.425,-0.365,0.041,-0.288,-0.117,0.268,0.27,0.342,-0.436,-0.5,0.677,-0.172,0.258,0.343,0.775,-0.408,0.452,0.167,0.27,-0.01,-0.141,-0.381,-0.556,-0.527,-0.247,0.708,-0.392,-0.419,0.252,0.689,-0.479,-0.118,-0.528,0.232,-0.069,-0.379,0.177,-0.585,-0.096,0.343,0.405,0.513,-0.466,-0.42,-0.211,0.339,-0.111,-0.435,-0.285,-0.122,-0.214,-0.725,-0.099,-0.594,-0.268,0.051,-0.118,-0.276,-0.628,-0.057,0.092,0.1,-0.222,-0.283,-0.022,-0.287,-0.329,-0.327,0.001,-0.193,-0.14,0.397,0.234,-0.198,-0.525,-0.265,0.289,0.699,-0.369,0.52,0.156,0.432,-0.537,-0.606,0.462,0.512,-0.017,-0.542,0.785,0.235,0.596,0.334,-0.111,0.184,-0.23,0.85,0.14,0.553,0.502,-0.496,-0.453,0.685,-0.344,-0.43,0.656,0.154,0.247,0.744,0.536,-0.024,0.25,-0.156,0.211,0.321,0.488,-0.455,0.145,0.432,0.365,-0.034,0.266,-0.395,0.485,-0.031,-0.527,-0.308,-0.371,0.184,0.007,-0.207,0.308,-0.268,-0.247,-0.128,-0.457,0.212,-0.417,0.328,-0.333,0.287,-0.053,0.433,0.207,0.288,0.6,-0.417,-0.004,-0.188,-0.362,0.241,0.425,-0.492,-0.052,-0.703,0.472,-0.058,-0.382,-0.635,-0.271,0.409,0.078,0.573,-0.257,0.586,-0.543,-0.456,0.492,0.601,0.387,0.502,-0.195,0.045,-0.335,-0.313,-0.068,-0.243,0.446,0.445,0.478,-0.662,-0.606,-0.106,0.076,0.418,0.563,-0.708,0.323,-0.606,-0.554,-0.52,0.295,-0.109,0.01,-0.075
000800SZ,0.485,0.422,0.796,0.074,-0.129,0.574,-0.111,-0.045,-0.38,0.217,0.488,0.729,-0.15,-0.355,0.34,-0.323,0.042,0.233,1.0,0.092,-0.334,-0.348,0.296,0.092,0.168,0.012,0.218,0.274,-0.423,0.544,-0.38,-0.092,0.223,0.134,0.143,-0.104,-0.415,0.206,0.054,-0.437,-0.298,-0.441,-0.204,0.353,0.444,0.309,0.255,0.05,-0.078,0.49,0.153,0.637,0.233,0.29,0.253,0.283,0.777,-0.125,0.484,-0.091,0.2,-0.057,-0.296,0.205,-0.098,0.25,-0.167,0.226,-0.27,-0.035,0.328,0.12,-0.182,0.467,0.04,-0.127,0.226,0.283,0.091,0.33,0.253,-0.048,0.701,0.369,0.676,0.525,0.413,-0.199,0.608,0.516,0.41,0.43,0.496,0.517,0.657,0.231,0.571,0.457,0.225,-0.177,0.011,0.525,-0.013,0.27,-0.297,0.285,0.232,-0.468,0.467,0.63,0.475,0.002,-0.369,-0.126,-0.158,0.623,0.613,0.46,0.176,-0.276,-0.207,-0.125,0.071,-0.118,0.087,-0.06,0.21,-0.073,-0.234,0.165,0.053,-0.019,-0.413,-0.071,0.33,-0.357,0.179,-0.329,0.376,0.3,-0.382,0.417,0.411,-0.043,0.551,-0.114,0.68,0.334,0.437,0.287,0.374,0.256,0.16,-0.372,0.536,0.561,0.449,0.463,0.097,0.124,0.541,0.508,0.366,0.441,-0.388,0.677,0.233,-0.23,0.377,0.638,0.733,0.355,0.147,-0.073,0.381,0.504,0.111,-0.274,0.526,0.563,0.123,0.442,-0.076,0.491,-0.232,0.542,-0.161,0.028,0.254,-0.179,-0.086,0.301,-0.157,0.483,0.384,0.573,0.42,0.027,0.09,-0.15,0.14,-0.374,0.139,0.382,-0.186,-0.347,-0.372,-0.025,0.162,-0.09,0.17,0.258,-0.189,-0.294,-0.254,0.097,-0.394
000807SZ,-0.164,-0.061,0.293,0.382,0.479,0.575,0.773,0.262,0.409,-0.101,0.12,0.155,0.41,0.403,0.309,0.33,0.245,0.187,0.092,1.0,0.511,0.381,0.129,0.453,0.389,0.296,0.276,-0.1,0.634,0.25,0.429,0.374,0.248,0.203,0.184,0.078,0.577,0.423,0.389,0.359,0.414,0.412,0.317,0.218,0.076,0.232,-0.256,0.622,0.212,0.24,0.463,-0.124,0.353,-0.002,0.146,0.087,0.333,0.671,0.038,0.633,0.006,0.575,0.554,0.229,0.134,0.166,0.488,0.295,0.639,0.697,0.149,0.545,0.703,-0.287,0.141,0.751,0.154,0.533,0.715,-0.002,0.389,0.218,-0.053,0.462,0.27,0.104,0.023,0.53,0.221,0.119,-0.109,0.108,0.401,-0.045,0.553,-0.032,-0.159,0.088,0.248,-0.108,0.416,0.024,0.306,0.056,0.435,0.191,0.12,0.465,0.292,0.387,-0.105,0.495,0.512,0.2,0.775,-0.23,0.339,0.083,0.141,0.592,0.505,0.506,0.331,0.421,0.642,0.466,0.279,0.269,0.178,-0.177,0.262,0.344,0.558,0.567,0.143,0.564,-0.127,0.092,-0.012,0.035,0.395,0.043,-0.183,-0.157,0.074,0.578,0.257,0.099,-0.023,0.093,0.268,0.643,0.093,0.461,-0.038,-0.072,0.105,-0.148,0.044,0.507,0.234,-0.012,0.628,0.027,0.303,0.333,0.275,0.29,-0.032,0.006,0.088,0.13,-0.166,0.547,0.105,-0.093,-0.077,0.51,-0.138,0.155,0.091,-0.019,0.045,0.47,0.399,0.013,0.546,0.099,0.132,0.567,0.34,0.379,0.293,-0.112,0.067,-0.093,-0.014,0.337,-0.049,0.485,0.624,0.365,-0.07,-0.007,0.282,0.629,0.263,-0.017,0.139,0.69,-0.006,-0.01,0.226,0.556,0.444,0.357,0.502
000858SZ,-0.24,0.024,-0.169,0.582,0.335,0.027,0.738,0.773,0.725,0.104,0.297,0.037,0.686,0.597,0.272,0.259,0.402,-0.329,-0.334,0.511,1.0,0.412,-0.044,0.533,0.464,0.446,0.353,0.155,0.61,0.156,0.484,0.601,0.422,0.039,0.24,0.346,0.579,0.042,0.796,0.403,0.546,0.53,0.618,0.108,0.014,0.357,-0.109,0.675,-0.008,0.235,0.531,-0.42,-0.014,0.048,0.195,0.186,0.057,0.743,0.152,0.534,0.211,0.66,0.527,0.182,0.214,0.29,0.761,0.382,0.557,0.767,0.216,0.622,0.667,-0.202,0.495,0.701,0.348,0.448,0.602,-0.081,0.398,0.457,-0.338,0.348,-0.088,-0.039,-0.023,0.561,0.112,0.076,0.011,0.051,0.273,-0.057,0.05,-0.165,-0.198,0.14,0.332,0.102,0.163,0.073,0.13,0.043,0.48,0.366,0.293,0.391,-0.286,0.076,0.056,0.144,0.652,0.045,0.445,-0.379,-0.049,-0.009,-0.188,0.79,0.37,0.245,0.78,0.659,0.259,0.735,0.567,0.088,0.387,-0.142,-0.08,0.283,0.853,0.47,0.309,0.696,-0.192,0.192,0.128,-0.05,0.428,0.024,-0.056,0.092,-0.013,0.443,-0.034,0.251,-0.101,0.167,0.039,0.415,0.212,0.547,-0.203,-0.196,-0.014,-0.128,0.017,0.589,-0.104,-0.14,0.216,-0.062,0.281,0.019,0.205,0.161,-0.006,-0.097,-0.14,0.187,0.07,0.355,0.123,-0.077,0.191,0.495,-0.14,0.111,0.421,-0.1,-0.014,0.237,0.268,-0.021,0.384,0.431,0.178,0.453,0.06,0.005,0.268,-0.217,0.135,-0.183,-0.021,0.319,0.258,0.475,0.435,0.4,0.431,0.125,0.428,0.602,0.403,-0.031,0.383,0.433,0.219,0.156,0.553,0.471,0.681,0.376,0.772
000876SZ,-0.045,0.096,-0.27,0.141,0.585,0.09,0.539,-0.022,0.7,-0.104,-0.119,-0.467,0.515,0.366,0.361,0.856,0.484,0.284,-0.348,0.381,0.412,1.0,0.219,0.238,0.218,0.61,0.287,0.212,0.762,-0.128,0.805,0.172,0.057,0.581,0.437,0.5,0.649,0.564,0.027,0.857,0.807,0.8,0.773,-0.588,-0.254,-0.143,-0.466,0.031,0.795,-0.347,0.156,-0.268,0.592,-0.308,0.227,-0.101,-0.224,0.507,-0.124,0.193,-0.107,0.622,0.447,0.565,0.432,-0.008,0.474,0.166,0.754,0.454,-0.311,0.171,0.427,-0.166,-0.172,0.592,-0.168,-0.064,0.485,-0.607,-0.304,0.066,-0.298,0.464,-0.401,-0.088,-0.005,0.728,-0.23,-0.218,-0.201,0.28,0.064,0.058,0.004,0.497,-0.132,-0.241,0.272,0.777,0.6,-0.196,0.84,0.515,0.728,-0.104,-0.158,0.838,0.146,-0.456,-0.584,0.5,0.636,0.872,0.739,-0.32,0.133,-0.418,0.584,0.722,0.516,0.472,0.061,0.216,0.533,0.408,-0.368,0.813,0.751,0.412,0.485,0.579,0.484,0.691,0.141,0.779,0.515,0.738,-0.172,0.425,0.695,0.415,0.222,0.582,-0.347,0.857,-0.048,-0.129,-0.121,0.066,0.492,-0.154,0.289,0.755,-0.306,-0.283,-0.017,-0.368,0.632,0.268,0.393,-0.267,0.477,0.118,0.917,0.148,0.646,0.605,-0.161,0.044,-0.356,0.019,0.548,0.851,-0.291,0.12,-0.262,0.574,0.075,-0.269,0.026,-0.037,0.782,0.179,0.891,-0.123,0.734,0.111,-0.037,0.496,0.689,0.474,0.859,-0.124,0.302,-0.338,-0.074,0.619,0.391,0.737,0.587,0.661,-0.131,-0.449,0.673,0.766,0.541,0.754,-0.153,0.797,-0.084,-0.133,0.345,0.766,0.675,0.656,0.751
000895SZ,0.104,0.039,0.453,-0.2,0.538,0.39,0.108,-0.342,0.221,-0.228,-0.099,0.109,0.298,0.096,0.093,0.318,-0.064,0.645,0.296,0.129,-0.044,0.219,1.0,-0.232,-0.063,0.179,0.075,0.133,0.187,0.406,0.307,-0.1,-0.301,0.429,-0.059,0.304,0.315,0.706,-0.191,0.394,0.184,0.279,0.142,-0.001,-0.106,-0.173,-0.152,0.06,0.518,-0.065,-0.3,0.416,0.664,-0.333,0.29,-0.248,0.407,0.188,-0.049,0.103,-0.334,-0.084,0.228,0.592,0.495,-0.162,-0.18,-0.154,0.347,0.194,-0.162,0.057,0.07,0.135,-0.317,0.044,-0.247,-0.131,0.153,-0.061,-0.03,-0.272,0.148,0.101,0.298,0.108,0.02,0.105,-0.031,-0.05,-0.035,0.269,-0.062,-0.014,0.445,0.362,0.068,-0.219,-0.147,0.247,0.412,-0.036,0.282,0.149,0.32,-0.14,-0.298,0.26,0.522,0.151,-0.29,0.683,0.201,0.438,0.17,-0.014,0.247,0.066,0.715,0.175,0.371,0.173,-0.068,-0.27,0.581,-0.09,-0.118,0.542,0.322,0.253,0.402,0.587,0.059,0.267,0.281,0.246,0.427,0.355,-0.048,0.366,0.257,0.44,0.183,0.299,-0.118,0.424,0.211,-0.215,-0.027,-0.064,0.296,0.035,0.103,0.355,-0.017,-0.022,0.119,-0.18,0.306,-0.131,0.366,-0.058,0.237,0.2,0.249,0.351,0.353,0.336,-0.099,0.165,0.028,-0.141,0.417,0.372,-0.158,0.132,-0.485,0.408,0.186,-0.118,-0.359,-0.016,0.396,0.032,0.411,0.113,0.539,-0.382,-0.2,0.384,0.25,0.433,0.496,0.042,0.369,-0.089,-0.024,0.062,-0.065,0.334,0.363,0.334,-0.179,-0.283,-0.016,0.151,0.411,0.554,-0.433,0.213,-0.258,-0.232,-0.296,0.073,-0.143,0.14,0.041
000938SZ,0.47,0.624,0.262,0.878,-0.194,0.392,0.647,0.679,0.386,0.72,0.625,0.328,0.497,-0.114,0.738,0.072,0.806,-0.425,0.092,0.453,0.533,0.238,-0.232,1.0,0.903,0.674,0.803,0.474,0.186,-0.119,0.096,0.798,0.869,-0.253,0.745,-0.075,-0.006,-0.05,0.505,-0.082,0.348,0.061,0.458,0.177,0.669,0.837,0.426,0.612,-0.152,0.647,0.874,-0.005,0.151,0.628,0.652,0.825,0.143,0.648,0.711,0.083,0.816,0.756,-0.152,0.249,-0.366,0.83,0.871,0.634,0.124,0.696,0.648,0.746,0.678,0.405,0.786,0.711,0.774,0.75,0.665,-0.098,0.544,0.889,0.392,0.594,0.269,0.628,0.652,0.683,0.68,0.723,0.588,0.575,0.707,0.593,0.324,0.268,0.508,0.758,0.781,0.015,-0.217,0.688,0.041,0.447,-0.074,0.814,0.817,-0.077,0.185,0.312,0.486,-0.298,0.122,-0.062,0.36,0.311,0.576,0.444,-0.282,0.321,-0.184,-0.215,0.689,0.79,-0.007,0.85,0.422,-0.109,0.244,0.062,-0.316,0.053,0.207,0.502,0.573,0.263,0.117,-0.298,0.683,0.321,-0.15,0.156,0.453,0.029,0.622,0.173,0.631,0.821,0.624,0.765,0.522,0.182,0.691,0.103,0.527,0.539,0.63,0.566,0.348,0.926,0.385,0.576,0.555,0.546,0.031,0.423,0.444,-0.354,0.689,0.479,0.549,0.819,0.103,0.297,0.743,0.494,0.685,-0.184,0.435,0.664,0.779,0.615,0.04,0.443,-0.049,0.633,0.003,0.75,0.825,-0.066,-0.145,0.404,0.019,0.521,0.442,0.542,0.652,0.731,0.598,0.056,0.204,-0.266,0.692,0.626,0.665,0.37,-0.254,-0.123,0.827,0.284,0.75,0.752,0.834,0.081,0.583,0.592,0.46
000963SZ,0.591,0.668,0.291,0.832,-0.215,0.317,0.555,0.607,0.431,0.768,0.585,0.359,0.613,-0.259,0.785,0.088,0.804,-0.365,0.168,0.389,0.464,0.218,-0.063,0.903,1.0,0.75,0.827,0.594,0.106,-0.181,0.092,0.828,0.801,-0.261,0.768,-0.105,-0.049,0.061,0.385,-0.085,0.29,-0.011,0.414,0.188,0.766,0.856,0.564,0.633,-0.142,0.726,0.815,0.231,0.25,0.694,0.792,0.866,0.224,0.671,0.756,-0.025,0.833,0.713,-0.23,0.315,-0.387,0.897,0.766,0.685,0.083,0.673,0.722,0.813,0.693,0.55,0.746,0.665,0.779,0.703,0.698,-0.103,0.547,0.875,0.485,0.559,0.287,0.714,0.727,0.639,0.679,0.734,0.678,0.683,0.589,0.616,0.31,0.398,0.571,0.776,0.793,0.051,-0.248,0.76,0.039,0.472,-0.11,0.868,0.808,-0.13,0.306,0.277,0.483,-0.261,0.061,-0.031,0.262,0.357,0.632,0.57,-0.178,0.243,-0.24,-0.383,0.696,0.723,-0.013,0.828,0.404,-0.086,0.232,0.18,-0.296,0.061,0.102,0.465,0.637,0.187,0.218,-0.317,0.756,0.394,-0.226,0.192,0.492,0.113,0.633,0.128,0.672,0.845,0.716,0.834,0.551,0.038,0.766,0.122,0.637,0.61,0.685,0.653,0.401,0.85,0.431,0.673,0.512,0.62,-0.004,0.431,0.46,-0.457,0.75,0.519,0.616,0.862,0.194,0.344,0.806,0.554,0.691,-0.255,0.515,0.649,0.743,0.695,0.102,0.304,-0.071,0.727,0.028,0.755,0.866,-0.093,-0.195,0.502,0.017,0.655,0.463,0.64,0.723,0.777,0.651,0.002,0.113,-0.337,0.744,0.694,0.705,0.337,-0.276,-0.021,0.789,0.234,0.806,0.829,0.795,-0.015,0.437,0.617,0.421
000999SZ,0.453,0.583,0.152,0.608,0.205,0.265,0.564,0.339,0.719,0.525,0.345,0.06,0.709,-0.067,0.764,0.519,0.841,0.041,0.012,0.296,0.446,0.61,0.179,0.674,0.75,1.0,0.713,0.686,0.395,-0.12,0.518,0.644,0.592,0.221,0.789,0.309,0.251,0.425,0.241,0.377,0.658,0.335,0.745,-0.171,0.395,0.445,0.132,0.336,0.378,0.275,0.547,0.094,0.596,0.336,0.659,0.515,0.041,0.682,0.527,0.038,0.514,0.794,0.022,0.617,0.073,0.603,0.693,0.564,0.349,0.629,0.339,0.593,0.579,0.444,0.337,0.595,0.413,0.429,0.709,-0.427,0.176,0.524,0.252,0.601,0.003,0.466,0.511,0.808,0.352,0.429,0.431,0.681,0.386,0.566,0.254,0.605,0.423,0.38,0.723,0.558,0.231,0.465,0.465,0.724,0.336,0.514,0.435,0.299,0.351,-0.069,0.048,0.085,0.409,0.454,0.43,0.191,0.571,0.259,0.324,0.553,0.138,-0.097,0.47,0.506,0.282,0.769,0.05,0.411,0.604,0.479,0.124,0.529,0.274,0.761,0.601,0.507,0.55,0.232,0.454,0.566,0.221,0.565,0.622,0.542,0.231,0.495,0.499,0.523,0.435,0.622,0.71,-0.129,0.766,0.501,0.287,0.306,0.523,0.279,0.712,0.623,0.624,0.309,0.568,0.549,0.488,0.492,0.761,0.021,0.463,0.521,0.298,0.632,0.621,0.682,0.386,0.604,0.324,0.116,0.554,0.285,0.449,0.468,0.531,0.287,0.408,0.493,0.457,0.574,0.559,0.239,0.224,0.64,0.52,0.453,0.599,0.282,0.499,0.83,0.747,0.428,0.429,0.108,0.455,0.182,0.831,0.459,0.149,0.479,0.371,0.42,0.479,0.493,0.709,0.255,0.667,0.703,0.624
001965SZ,0.738,0.843,0.339,0.816,-0.168,0.348,0.436,0.416,0.426,0.769,0.647,0.243,0.522,-0.149,0.854,0.17,0.868,-0.288,0.218,0.276,0.353,0.287,0.075,0.803,0.827,0.713,1.0,0.654,0.044,-0.071,0.19,0.75,0.728,-0.149,0.809,0.127,-0.075,0.066,0.267,-0.004,0.381,0.089,0.495,-0.059,0.686,0.801,0.542,0.421,0.004,0.564,0.678,0.227,0.327,0.572,0.809,0.789,0.132,0.623,0.81,-0.185,0.755,0.601,-0.291,0.486,-0.23,0.813,0.719,0.443,0.086,0.602,0.572,0.703,0.537,0.684,0.667,0.565,0.67,0.491,0.589,-0.346,0.264,0.769,0.554,0.621,0.336,0.832,0.852,0.711,0.73,0.761,0.736,0.818,0.591,0.701,0.315,0.619,0.739,0.763,0.756,0.257,-0.178,0.784,0.154,0.641,-0.122,0.826,0.783,-0.121,0.416,0.227,0.358,-0.245,0.02,0.09,0.218,0.41,0.679,0.483,-0.027,0.22,-0.245,-0.4,0.6,0.631,0.053,0.727,0.164,0.089,0.464,0.399,-0.254,0.269,0.004,0.545,0.821,0.179,0.5,-0.115,0.822,0.708,-0.185,0.452,0.642,0.32,0.672,0.138,0.753,0.808,0.789,0.902,0.75,-0.007,0.903,0.188,0.662,0.667,0.783,0.658,0.648,0.843,0.609,0.701,0.595,0.806,0.096,0.618,0.64,-0.356,0.813,0.711,0.616,0.827,0.402,0.373,0.745,0.753,0.592,-0.227,0.725,0.585,0.734,0.805,0.333,0.275,0.009,0.824,0.089,0.678,0.827,-0.173,-0.123,0.616,0.212,0.725,0.723,0.654,0.828,0.814,0.758,-0.039,0.138,-0.27,0.715,0.543,0.661,0.351,-0.171,0.193,0.671,0.264,0.805,0.79,0.779,-0.114,0.415,0.675,0.455
002001SZ,0.699,0.791,0.243,0.558,-0.199,0.088,0.084,0.321,0.325,0.712,0.59,0.261,0.374,-0.268,0.763,0.132,0.747,-0.117,0.274,-0.1,0.155,0.212,0.133,0.474,0.594,0.686,0.654,1.0,-0.173,-0.025,0.064,0.371,0.556,0.089,0.754,0.17,-0.251,0.066,0.217,-0.059,0.253,-0.043,0.502,-0.165,0.54,0.527,0.445,0.092,0.077,0.326,0.483,0.407,0.267,0.493,0.645,0.581,0.167,0.302,0.738,-0.394,0.637,0.467,-0.405,0.439,-0.067,0.624,0.423,0.507,-0.131,0.268,0.315,0.373,0.143,0.712,0.389,0.148,0.528,0.247,0.316,-0.339,0.069,0.44,0.48,0.551,0.201,0.633,0.667,0.365,0.561,0.623,0.704,0.771,0.458,0.791,0.165,0.647,0.703,0.586,0.745,0.464,-0.096,0.71,0.25,0.755,-0.109,0.596,0.582,-0.183,0.33,0.054,0.374,-0.234,-0.067,0.192,0.001,0.505,0.555,0.343,0.149,0.138,-0.315,-0.346,0.459,0.395,-0.107,0.454,0.085,0.169,0.416,0.691,-0.068,0.216,-0.165,0.315,0.678,-0.015,0.601,0.039,0.666,0.606,-0.218,0.655,0.814,0.591,0.519,0.059,0.573,0.659,0.613,0.718,0.595,-0.244,0.735,0.036,0.541,0.593,0.653,0.575,0.651,0.478,0.593,0.546,0.465,0.74,0.082,0.536,0.664,-0.287,0.626,0.718,0.5,0.744,0.675,0.261,0.543,0.796,0.498,-0.27,0.749,0.456,0.61,0.676,0.411,0.208,0.031,0.704,0.004,0.687,0.653,-0.234,0.054,0.455,0.204,0.655,0.712,0.567,0.714,0.627,0.861,-0.011,0.032,-0.224,0.645,0.405,0.541,0.093,-0.197,0.389,0.465,0.126,0.631,0.656,0.522,-0.122,0.223,0.636,0.242
