,000001SZ,000002SZ,000157SZ,000166SZ,000333SZ,000338SZ,000538SZ,000568SZ,000596SZ,000617SZ,000625SZ,000651SZ,000661SZ,000708SZ,000725SZ,000768SZ,000776SZ,000786SZ,000800SZ,000807SZ,000858SZ,000876SZ,000895SZ,000938SZ,000963SZ,000999SZ,001965SZ,002001SZ,002007SZ,002027SZ,002028SZ,002050SZ,002129SZ,002179SZ,002230SZ,002236SZ,002241SZ,002271SZ,002304SZ,002311SZ,002371SZ,002415SZ,002422SZ,002459SZ,002460SZ,002463SZ,002466SZ,002475SZ,002493SZ,002555SZ,002594SZ,002601SZ,002648SZ,002709SZ,002714SZ,002916SZ,002920SZ,002938SZ,003816SZ,300014SZ,300033SZ,300059SZ,300122SZ,300124SZ,300274SZ,300308SZ,300316SZ,300347SZ,300394SZ,300408SZ,300413SZ,300418SZ,300433SZ,300450SZ,300498SZ,300502SZ,300628SZ,300661SZ,300750SZ,300759SZ,300760SZ,300782SZ,600000SS,600010SS,600011SS,600015SS,600016SS,600018SS,600019SS,600023SS,600025SS,600026SS,600028SS,600029SS,600031SS,600036SS,600048SS,600050SS,600061SS,600085SS,600089SS,600104SS,600111SS,600115SS,600161SS,600183SS,600188SS,600196SS,600219SS,600233SS,600276SS,600309SS,600332SS,600346SS,600362SS,600377SS,600406SS,600415SS,600426SS,600436SS,600438SS,600489SS,600519SS,600570SS,600585SS,600588SS,600600SS,600660SS,600674SS,600741SS,600760SS,600795SS,600809SS,600875SS,600886SS,600887SS,600926SS,600989SS,601006SS,601009SS,601012SS,601021SS,601058SS,601066SS,601088SS,601100SS,601117SS,601138SS,601166SS,601169SS,601186SS,601225SS,601229SS,601238SS,601288SS,601318SS,601319SS,601328SS,601336SS,601360SS,601390SS,601398SS,601600SS,601601SS,601607SS,601618SS,601628SS,601633SS,601658SS,601668SS,601669SS,601688SS,601689SS,601698SS,601699SS,601766SS,601788SS,601799SS,601800SS,601808SS,601816SS,601818SS,601838SS,601857SS,601865SS,601872SS,601877SS,601878SS,601881SS,601888SS,601899SS,601901SS,601919SS,601939SS,601985SS,601988SS,601998SS,603019SS,603195SS,603259SS,603260SS,603288SS,603369SS,603501SS,603659SS,603799SS,603806SS,603833SS,603986SS,603993SS,688008SS,688009SS,688012SS,688036SS,688111SS,688169SS,688396SS
000001SZ,1.0,-0.118,-0.559,-0.683,0.614,-0.301,-0.69,0.628,-0.572,-0.042,0.663,0.706,-0.458,-0.596,-0.662,-0.139,-0.498,0.564,-0.102,0.714,0.458,-0.494,-0.883,-0.81,0.575,0.382,0.838,-0.813,-0.79,0.763,-0.847,0.046,-0.496,0.713,0.355,0.351,0.481,-0.587,0.889,-0.143,-0.146,0.62,0.251,-0.191,0.485,-0.711,-0.185,-0.787,0.313,-0.896,0.656,-0.266,0.443,0.025,-0.672,-0.654,-0.533,-0.806,-0.644,0.36,-0.717,-0.275,0.111,0.428,0.297,-0.505,-0.826,0.754,0.187,0.353,0.396,-0.75,-0.467,0.604,-0.705,-0.505,-0.394,-0.423,0.411,0.421,0.337,0.383,-0.085,-0.449,-0.814,0.138,-0.204,-0.189,0.721,-0.752,-0.812,-0.497,0.505,-0.557,-0.441,0.945,-0.276,-0.398,-0.802,-0.597,-0.796,0.617,-0.508,-0.611,-0.692,-0.394,-0.539,-0.266,0.122,-0.347,-0.737,0.57,-0.015,0.06,0.522,-0.637,0.348,-0.339,0.547,-0.724,-0.044,-0.697,-0.376,-0.784,-0.711,0.33,0.652,0.286,0.145,0.576,-0.601,-0.475,0.271,-0.662,0.142,-0.161,0.931,-0.149,-0.24,-0.056,-0.906,-0.596,0.697,-0.77,0.246,-0.035,0.061,-0.447,0.965,0.167,-0.245,0.059,-0.31,0.725,0.398,0.159,-0.243,0.147,0.002,-0.663,-0.578,0.578,-0.356,0.192,-0.53,-0.675,0.202,0.741,0.631,0.319,0.175,-0.531,-0.871,-0.687,-0.541,-0.538,-0.628,0.435,-0.285,-0.561,-0.858,0.698,0.688,-0.544,0.16,-0.455,-0.608,-0.79,-0.655,-0.703,0.812,0.421,0.449,0.743,0.053,0.025,0.163,-0.603,0.724,0.4,0.059,-0.495,0.691,0.152,-0.701,0.438,-0.726,0.62,0.23,0.468,-0.728,-0.837,-0.744,0.295,-0.67,0.517,-0.835
000002SZ,-0.118,1.0,-0.085,0.23,0.315,0.529,0.027,0.148,0.011,-0.139,0.155,0.371,-0.103,0.24,0.618,0.298,0.261,-0.202,0.537,0.304,0.255,-0.037,0.131,0.019,0.257,0.514,0.021,0.183,-0.128,-0.249,0.183,0.523,0.218,0.294,0.273,0.18,0.037,0.104,-0.111,-0.103,0.44,0.091,0.191,0.202,0.243,0.458,0.461,0.169,0.364,0.107,0.184,-0.152,0.291,0.112,0.07,0.181,0.461,0.062,-0.106,0.195,0.137,0.016,0.235,0.442,0.427,0.315,0.15,-0.226,0.416,0.346,0.122,-0.211,-0.339,0.271,0.19,-0.023,0.299,0.555,0.316,-0.269,0.209,0.29,-0.001,-0.007,0.034,0.014,-0.236,0.123,0.266,0.459,0.044,-0.301,0.497,0.037,0.069,0.095,0.12,-0.005,0.188,0.522,0.084,0.347,0.281,-0.044,0.133,0.553,0.044,-0.153,0.728,-0.334,0.184,-0.061,-0.041,0.121,0.342,0.44,0.269,-0.032,0.124,-0.024,0.12,0.204,0.3,0.099,0.38,0.201,-0.19,0.452,0.259,0.333,-0.084,0.606,0.077,-0.094,0.089,-0.541,-0.099,-0.33,0.095,-0.124,0.2,0.142,0.048,0.09,0.605,0.171,0.725,-0.105,0.018,0.104,0.024,0.458,0.028,0.153,0.086,0.043,-0.219,0.054,-0.551,-0.052,0.565,-0.151,0.521,-0.246,-0.04,0.122,-0.537,0.139,0.445,0.387,-0.271,-0.214,0.123,0.117,-0.148,-0.017,0.084,0.321,0.128,-0.072,0.213,-0.027,-0.168,0.553,0.23,-0.224,0.003,0.254,0.212,0.244,0.149,0.0,0.434,-0.005,0.483,0.117,0.01,-0.025,0.066,0.163,0.468,-0.052,-0.373,0.454,0.476,0.205,-0.194,0.073,0.515,0.444,0.101,0.092,0.374,0.283,0.31,0.315,0.237
000157SZ,-0.559,-0.085,1.0,0.885,-0.74,0.332,0.663,-0.834,0.088,0.592,-0.65,-0.572,0.221,0.854,0.216,0.267,0.834,0.221,-0.464,-0.719,-0.496,0.728,0.674,0.884,-0.721,-0.338,-0.525,0.417,0.903,-0.494,0.757,-0.545,0.276,-0.765,-0.785,-0.824,-0.889,0.281,-0.702,-0.131,-0.066,-0.917,-0.673,-0.23,-0.779,0.681,0.173,0.628,-0.313,0.757,-0.862,0.724,-0.629,-0.261,0.698,0.911,0.115,0.533,0.923,-0.155,0.905,0.882,0.017,-0.69,-0.737,0.794,0.602,-0.749,-0.423,-0.647,-0.066,0.611,0.565,-0.847,0.829,0.849,-0.075,-0.295,-0.655,-0.533,-0.571,-0.515,0.782,0.828,0.778,0.598,0.77,0.673,-0.816,0.628,0.222,0.849,-0.827,0.901,0.7,-0.547,0.755,0.857,0.848,0.516,0.91,-0.799,0.679,0.869,0.809,0.314,0.854,0.787,-0.268,0.883,0.611,-0.242,0.692,0.17,-0.653,0.755,-0.632,0.568,-0.752,0.858,-0.542,0.856,0.585,0.804,0.741,-0.431,-0.778,-0.785,-0.658,-0.782,0.89,0.546,-0.453,0.835,0.044,0.473,-0.325,0.683,0.804,0.781,0.48,0.721,-0.427,0.914,0.049,-0.155,-0.209,0.527,-0.477,0.617,0.566,0.186,0.861,-0.916,0.152,0.584,0.805,0.434,0.598,0.923,0.172,0.053,0.409,0.381,0.938,0.851,0.561,-0.554,-0.207,-0.511,0.252,0.895,0.76,0.894,0.923,0.88,0.949,-0.615,0.542,0.941,0.565,0.085,0.084,0.464,-0.555,0.769,0.742,0.742,0.872,0.401,-0.793,-0.828,-0.79,-0.041,0.019,0.508,0.594,0.924,-0.83,-0.572,-0.374,0.734,-0.423,-0.562,0.141,-0.783,0.587,-0.668,-0.53,-0.619,0.843,0.794,0.499,-0.756,0.369,-0.648,0.721
000166SZ,-0.683,0.23,0.885,1.0,-0.592,0.512,0.745,-0.702,0.297,0.475,-0.585,-0.474,0.294,0.924,0.582,0.433,0.95,-0.017,-0.136,-0.558,-0.32,0.745,0.79,0.915,-0.611,-0.136,-0.511,0.586,0.859,-0.605,0.877,-0.258,0.462,-0.666,-0.573,-0.656,-0.761,0.417,-0.756,-0.061,0.194,-0.838,-0.454,-0.004,-0.608,0.874,0.369,0.801,-0.148,0.814,-0.75,0.677,-0.507,-0.108,0.767,0.915,0.389,0.654,0.849,-0.1,0.961,0.833,0.123,-0.47,-0.498,0.879,0.746,-0.786,-0.199,-0.395,-0.024,0.614,0.533,-0.708,0.915,0.795,0.224,0.041,-0.486,-0.537,-0.383,-0.333,0.653,0.818,0.808,0.505,0.582,0.672,-0.716,0.853,0.401,0.693,-0.587,0.874,0.695,-0.588,0.677,0.793,0.962,0.75,0.938,-0.65,0.843,0.826,0.802,0.565,0.857,0.668,0.072,0.658,0.778,-0.242,0.546,0.29,-0.408,0.884,-0.406,0.532,-0.616,0.882,-0.342,0.941,0.738,0.87,0.905,-0.273,-0.774,-0.543,-0.458,-0.607,0.867,0.781,-0.312,0.84,-0.012,0.305,-0.469,0.54,0.765,0.597,0.652,0.795,-0.487,0.957,0.171,0.026,0.135,0.504,-0.569,0.538,0.551,0.35,0.773,-0.843,0.038,0.473,0.64,0.357,0.338,0.881,0.524,-0.128,0.695,0.169,0.886,0.898,0.239,-0.482,-0.163,-0.375,0.116,0.786,0.847,0.935,0.84,0.835,0.952,-0.444,0.599,0.857,0.689,-0.053,-0.141,0.751,-0.379,0.649,0.767,0.861,0.967,0.619,-0.713,-0.711,-0.564,-0.226,0.238,0.428,0.469,0.862,-0.779,-0.447,-0.117,0.758,-0.536,-0.3,0.436,-0.613,0.602,-0.594,-0.272,-0.361,0.923,0.872,0.744,-0.551,0.588,-0.539,0.858
000333SZ,0.614,0.315,-0.74,-0.592,1.0,0.209,-0.439,0.947,-0.065,-0.593,0.907,0.893,-0.001,-0.552,0.011,0.196,-0.456,0.2,0.599,0.824,0.866,-0.31,-0.509,-0.765,0.85,0.76,0.673,-0.363,-0.818,0.629,-0.588,0.741,0.115,0.933,0.869,0.77,0.754,-0.032,0.763,0.341,0.417,0.856,0.737,0.47,0.896,-0.403,-0.047,-0.483,0.727,-0.721,0.944,-0.311,0.869,0.543,-0.373,-0.722,0.199,-0.521,-0.891,0.505,-0.691,-0.466,0.507,0.913,0.866,-0.373,-0.385,0.777,0.602,0.644,0.618,-0.796,-0.521,0.938,-0.544,-0.62,0.207,0.269,0.894,0.6,0.808,0.819,-0.593,-0.664,-0.794,-0.389,-0.79,-0.464,0.866,-0.369,-0.402,-0.865,0.782,-0.724,-0.216,0.721,-0.688,-0.681,-0.666,-0.292,-0.715,0.967,-0.365,-0.835,-0.771,0.139,-0.633,-0.354,0.601,-0.782,-0.351,0.599,-0.327,0.336,0.839,-0.494,0.829,-0.57,0.926,-0.569,0.532,-0.654,-0.084,-0.722,-0.428,0.718,0.62,0.867,0.752,0.97,-0.627,-0.207,0.742,-0.64,0.311,-0.501,0.56,-0.583,-0.516,-0.611,-0.4,-0.311,0.73,-0.7,0.412,0.538,0.471,-0.545,0.62,-0.294,-0.654,0.364,-0.666,0.875,-0.209,-0.341,-0.785,-0.442,-0.596,-0.839,-0.143,-0.099,-0.041,-0.492,-0.585,-0.79,-0.504,0.828,0.582,0.37,-0.438,-0.832,-0.64,-0.753,-0.797,-0.801,-0.702,0.907,-0.586,-0.828,-0.617,0.208,-0.004,-0.349,0.666,-0.82,-0.547,-0.607,-0.57,-0.178,0.877,0.666,0.893,0.138,0.511,-0.494,-0.405,-0.811,0.922,0.845,0.721,-0.382,0.498,0.774,-0.013,0.902,-0.539,0.916,0.795,0.88,-0.603,-0.751,-0.231,0.841,-0.056,0.911,-0.577
000338SZ,-0.301,0.529,0.332,0.512,0.209,1.0,0.472,0.028,0.305,-0.246,0.174,0.261,0.416,0.534,0.651,0.704,0.533,0.242,0.389,0.068,0.377,0.587,0.485,0.358,0.075,0.525,-0.049,0.387,0.25,-0.067,0.505,0.456,0.694,0.116,0.225,0.039,-0.188,0.648,-0.227,0.337,0.686,-0.126,0.151,0.517,0.155,0.592,0.268,0.454,0.53,0.311,0.02,0.503,0.321,0.6,0.604,0.368,0.749,0.254,0.103,0.348,0.387,0.43,0.642,0.348,0.294,0.718,0.586,-0.203,0.428,-0.06,0.57,-0.072,0.109,0.083,0.528,0.395,0.396,0.327,0.362,-0.058,0.345,0.42,0.072,0.29,0.188,0.001,-0.18,0.214,-0.006,0.631,0.12,-0.069,0.002,0.195,0.684,-0.115,0.045,0.156,0.402,0.453,0.435,0.167,0.542,0.048,0.161,0.833,0.379,0.497,0.555,-0.008,0.625,0.29,0.37,0.658,0.177,0.478,0.354,-0.125,0.17,0.453,0.22,0.415,0.626,0.261,0.608,0.461,-0.402,0.225,0.256,0.168,0.417,0.593,0.371,0.404,0.391,-0.24,-0.087,-0.047,0.242,0.008,0.483,0.595,0.202,0.411,0.549,0.648,0.507,0.069,-0.206,0.154,-0.166,0.766,0.122,-0.192,-0.317,0.089,-0.114,-0.159,-0.266,0.194,0.367,-0.447,0.651,-0.299,0.461,0.217,-0.28,0.1,0.311,-0.091,-0.351,0.052,0.449,0.286,0.21,0.109,0.368,0.392,-0.044,0.139,0.321,-0.039,-0.329,0.371,0.328,-0.102,0.401,0.344,0.504,0.548,-0.093,-0.258,0.18,-0.252,0.783,-0.119,-0.01,0.184,-0.024,0.317,0.634,0.445,-0.298,0.444,0.571,0.204,0.257,0.192,0.475,0.334,0.465,0.281,0.648,0.212,0.684,0.302,0.492
000538SZ,-0.69,0.027,0.663,0.745,-0.439,0.472,1.0,-0.453,0.648,0.16,-0.452,-0.49,0.604,0.641,0.512,0.459,0.69,-0.133,0.111,-0.594,-0.073,0.76,0.84,0.754,-0.463,-0.053,-0.489,0.772,0.805,-0.433,0.764,-0.029,0.638,-0.528,-0.288,-0.28,-0.471,0.705,-0.63,0.338,0.306,-0.555,-0.05,0.241,-0.435,0.729,0.062,0.717,-0.185,0.666,-0.503,0.64,-0.325,0.233,0.811,0.655,0.483,0.532,0.595,-0.187,0.701,0.534,0.266,-0.385,-0.298,0.608,0.793,-0.469,-0.046,-0.37,0.023,0.628,0.64,-0.52,0.852,0.656,0.374,0.112,-0.257,-0.093,-0.078,-0.145,0.249,0.547,0.63,0.055,0.342,0.467,-0.633,0.677,0.596,0.565,-0.531,0.593,0.77,-0.677,0.277,0.468,0.789,0.634,0.755,-0.48,0.537,0.582,0.522,0.538,0.641,0.672,-0.033,0.46,0.819,-0.113,0.38,0.314,-0.396,0.499,-0.212,0.258,-0.349,0.842,0.035,0.595,0.612,0.761,0.669,-0.102,-0.49,-0.307,-0.069,-0.401,0.735,0.358,0.112,0.853,0.227,0.337,-0.579,0.4,0.464,0.221,0.813,0.748,-0.357,0.786,-0.084,0.297,-0.181,0.573,-0.65,0.101,0.311,0.142,0.378,-0.613,-0.468,0.098,0.36,-0.026,0.35,0.713,0.444,-0.478,0.392,-0.061,0.749,0.661,0.106,-0.466,-0.356,-0.452,-0.016,0.687,0.804,0.65,0.632,0.564,0.662,-0.31,0.339,0.56,0.6,-0.297,-0.431,0.444,0.01,0.603,0.764,0.654,0.679,0.758,-0.669,-0.288,-0.377,-0.532,0.169,-0.048,0.059,0.638,-0.506,-0.078,0.071,0.783,-0.255,-0.13,0.58,-0.282,0.774,-0.278,-0.162,-0.322,0.656,0.723,0.744,-0.21,0.686,-0.351,0.742
000568SZ,0.628,0.148,-0.834,-0.702,0.947,0.028,-0.453,1.0,0.016,-0.628,0.868,0.785,0.021,-0.665,-0.074,0.088,-0.579,0.093,0.58,0.795,0.861,-0.397,-0.558,-0.827,0.832,0.68,0.665,-0.353,-0.843,0.634,-0.669,0.703,0.044,0.905,0.897,0.829,0.857,-0.056,0.789,0.372,0.357,0.908,0.793,0.465,0.88,-0.498,-0.192,-0.54,0.611,-0.767,0.974,-0.391,0.808,0.548,-0.46,-0.828,0.118,-0.568,-0.947,0.384,-0.778,-0.582,0.456,0.864,0.851,-0.529,-0.455,0.864,0.554,0.674,0.516,-0.741,-0.455,0.936,-0.632,-0.709,0.19,0.273,0.868,0.705,0.843,0.801,-0.713,-0.721,-0.827,-0.513,-0.817,-0.541,0.853,-0.491,-0.327,-0.874,0.781,-0.816,-0.303,0.672,-0.798,-0.768,-0.739,-0.378,-0.805,0.94,-0.485,-0.885,-0.855,0.044,-0.738,-0.443,0.515,-0.824,-0.407,0.556,-0.424,0.237,0.837,-0.65,0.824,-0.603,0.957,-0.623,0.573,-0.769,-0.17,-0.758,-0.576,0.681,0.717,0.864,0.794,0.962,-0.721,-0.381,0.774,-0.671,0.244,-0.425,0.505,-0.601,-0.641,-0.721,-0.414,-0.403,0.674,-0.778,0.206,0.512,0.329,-0.536,0.592,-0.431,-0.685,0.179,-0.779,0.915,-0.303,-0.477,-0.827,-0.525,-0.541,-0.884,-0.186,-0.137,-0.172,-0.516,-0.664,-0.855,-0.498,0.78,0.429,0.315,-0.43,-0.845,-0.693,-0.838,-0.855,-0.872,-0.805,0.859,-0.641,-0.903,-0.671,0.109,-0.066,-0.446,0.689,-0.799,-0.608,-0.671,-0.688,-0.203,0.88,0.806,0.891,0.071,0.369,-0.592,-0.518,-0.88,0.961,0.861,0.663,-0.442,0.59,0.749,-0.063,0.932,-0.541,0.917,0.74,0.844,-0.687,-0.794,-0.288,0.884,-0.113,0.878,-0.655
000596SZ,-0.572,0.011,0.088,0.297,-0.065,0.305,0.648,0.016,1.0,-0.233,-0.175,-0.293,0.654,0.193,0.53,0.21,0.278,-0.467,0.5,-0.226,0.203,0.393,0.616,0.404,0.028,-0.089,-0.283,0.809,0.369,-0.186,0.433,0.362,0.549,-0.247,0.202,0.243,0.175,0.604,-0.324,0.509,0.295,-0.016,0.449,0.486,0.113,0.44,0.11,0.65,0.056,0.363,-0.034,0.269,0.011,0.47,0.435,0.153,0.56,0.52,0.113,0.035,0.233,0.005,0.132,-0.04,0.075,0.167,0.579,-0.022,0.264,0.063,-0.058,0.478,0.596,-0.089,0.347,0.294,0.718,0.43,0.101,0.345,0.216,0.116,-0.297,0.165,0.329,-0.369,-0.165,0.073,-0.166,0.379,0.673,0.151,-0.114,0.124,0.34,-0.518,-0.161,0.011,0.406,0.312,0.29,-0.077,0.31,0.16,0.111,0.449,0.195,0.074,0.046,-0.1,0.681,0.017,-0.189,0.276,0.025,0.051,0.218,0.048,0.101,0.439,0.484,0.189,0.314,0.392,0.367,0.128,0.026,0.17,0.362,-0.019,0.315,0.057,0.418,0.464,0.089,0.325,-0.62,0.081,-0.017,-0.316,0.688,0.386,-0.173,0.327,-0.252,0.46,-0.012,0.477,-0.605,-0.407,-0.017,-0.039,-0.199,-0.183,-0.703,-0.363,-0.14,-0.356,-0.04,0.211,0.508,-0.613,0.261,-0.358,0.218,0.236,-0.345,-0.186,-0.567,-0.127,-0.164,0.152,0.504,0.186,0.17,0.136,0.126,0.044,0.071,0.05,0.43,-0.582,-0.702,0.247,0.255,0.171,0.489,0.304,0.208,0.652,-0.283,0.222,0.071,-0.735,0.101,-0.404,-0.452,0.132,-0.137,0.232,0.32,0.511,-0.071,0.159,0.666,0.175,0.601,0.03,0.07,0.001,0.347,0.429,0.551,0.21,0.612,-0.118,0.432
000617SZ,-0.042,-0.139,0.592,0.475,-0.593,-0.246,0.16,-0.628,-0.233,1.0,-0.466,-0.39,-0.413,0.455,-0.219,-0.233,0.528,0.163,-0.513,-0.392,-0.503,0.12,0.055,0.442,-0.437,-0.438,-0.172,-0.028,0.457,-0.248,0.186,-0.706,-0.355,-0.567,-0.839,-0.772,-0.58,-0.46,-0.286,-0.583,-0.573,-0.668,-0.673,-0.694,-0.653,0.313,0.175,0.205,-0.495,0.272,-0.616,0.28,-0.697,-0.688,0.04,0.588,-0.538,0.157,0.686,-0.128,0.538,0.648,-0.393,-0.717,-0.813,0.27,-0.064,-0.446,-0.599,-0.267,-0.316,0.44,0.337,-0.679,0.342,0.507,-0.331,-0.57,-0.714,-0.503,-0.756,-0.679,0.828,0.607,0.437,0.839,0.88,0.748,-0.49,0.108,-0.121,0.759,-0.489,0.749,0.059,-0.075,0.836,0.787,0.445,0.261,0.395,-0.608,0.359,0.769,0.611,-0.155,0.453,0.286,-0.398,0.769,-0.032,-0.246,0.368,-0.205,-0.465,0.435,-0.737,0.804,-0.7,0.32,-0.763,0.494,0.231,0.514,0.292,-0.689,-0.257,-0.757,-0.826,-0.618,0.439,0.249,-0.666,0.36,-0.145,0.569,0.044,0.729,0.759,0.861,-0.131,0.159,-0.303,0.45,-0.093,-0.693,-0.198,0.416,0.039,0.75,0.855,-0.212,0.812,-0.515,0.623,0.777,0.913,0.796,0.719,0.657,-0.002,0.627,0.102,0.728,0.472,0.646,0.73,-0.209,-0.103,-0.193,0.681,0.725,0.256,0.625,0.617,0.765,0.606,-0.728,0.783,0.754,0.102,0.434,0.576,0.334,-0.837,0.747,0.397,0.405,0.471,-0.137,-0.406,-0.568,-0.645,0.419,-0.377,0.711,0.747,0.692,-0.609,-0.707,-0.729,0.387,-0.04,-0.81,-0.357,-0.776,0.075,-0.647,-0.733,-0.508,0.382,0.441,-0.101,-0.831,-0.301,-0.719,0.121
000625SZ,0.663,0.155,-0.65,-0.585,0.907,0.174,-0.452,0.868,-0.175,-0.466,1.0,0.87,-0.031,-0.509,-0.107,0.229,-0.46,0.337,0.509,0.757,0.827,-0.237,-0.56,-0.72,0.785,0.726,0.691,-0.439,-0.768,0.737,-0.589,0.598,0.105,0.906,0.754,0.653,0.642,-0.062,0.802,0.345,0.385,0.76,0.581,0.402,0.801,-0.401,-0.143,-0.548,0.645,-0.757,0.888,-0.188,0.792,0.544,-0.307,-0.646,0.08,-0.573,-0.81,0.545,-0.651,-0.336,0.499,0.824,0.747,-0.337,-0.383,0.773,0.473,0.603,0.694,-0.796,-0.5,0.85,-0.518,-0.542,0.111,0.08,0.862,0.566,0.71,0.769,-0.509,-0.595,-0.779,-0.308,-0.696,-0.397,0.762,-0.415,-0.492,-0.792,0.666,-0.639,-0.137,0.729,-0.621,-0.546,-0.69,-0.328,-0.671,0.901,-0.358,-0.764,-0.714,0.102,-0.625,-0.222,0.502,-0.591,-0.431,0.68,-0.288,0.386,0.757,-0.481,0.729,-0.423,0.862,-0.541,0.463,-0.602,-0.045,-0.674,-0.461,0.674,0.538,0.738,0.662,0.896,-0.562,-0.235,0.671,-0.591,0.389,-0.433,0.642,-0.448,-0.429,-0.481,-0.471,-0.306,0.755,-0.69,0.348,0.461,0.398,-0.599,0.66,-0.197,-0.585,0.367,-0.553,0.82,-0.158,-0.207,-0.661,-0.413,-0.487,-0.748,-0.25,-0.029,-0.107,-0.364,-0.496,-0.743,-0.336,0.895,0.613,0.25,-0.361,-0.751,-0.623,-0.704,-0.753,-0.726,-0.649,0.823,-0.557,-0.728,-0.672,0.349,0.096,-0.418,0.563,-0.758,-0.595,-0.652,-0.549,-0.262,0.857,0.525,0.774,0.185,0.47,-0.483,-0.335,-0.718,0.895,0.786,0.605,-0.296,0.571,0.673,-0.111,0.794,-0.528,0.863,0.711,0.823,-0.586,-0.751,-0.279,0.708,-0.124,0.854,-0.645
000651SZ,0.706,0.371,-0.572,-0.474,0.893,0.261,-0.49,0.785,-0.293,-0.39,0.87,1.0,-0.16,-0.403,-0.095,0.324,-0.29,0.43,0.388,0.844,0.769,-0.274,-0.559,-0.683,0.792,0.759,0.757,-0.503,-0.778,0.692,-0.512,0.605,0.043,0.914,0.698,0.597,0.502,-0.146,0.79,0.113,0.383,0.711,0.552,0.279,0.784,-0.344,0.143,-0.518,0.762,-0.747,0.823,-0.137,0.848,0.451,-0.355,-0.538,0.095,-0.627,-0.728,0.646,-0.588,-0.261,0.44,0.817,0.706,-0.185,-0.408,0.666,0.601,0.51,0.699,-0.866,-0.596,0.83,-0.492,-0.45,0.11,0.025,0.811,0.455,0.652,0.748,-0.29,-0.509,-0.762,-0.092,-0.571,-0.304,0.811,-0.303,-0.654,-0.759,0.714,-0.566,-0.169,0.843,-0.437,-0.492,-0.608,-0.244,-0.607,0.889,-0.214,-0.715,-0.657,0.132,-0.44,-0.204,0.619,-0.613,-0.363,0.711,-0.129,0.442,0.761,-0.346,0.741,-0.505,0.781,-0.561,0.357,-0.52,-0.048,-0.685,-0.328,0.707,0.459,0.695,0.532,0.862,-0.466,-0.075,0.598,-0.563,0.364,-0.459,0.707,-0.354,-0.241,-0.319,-0.531,-0.345,0.823,-0.616,0.603,0.415,0.523,-0.54,0.735,0.006,-0.491,0.51,-0.42,0.772,0.052,0.017,-0.576,-0.15,-0.505,-0.699,-0.212,0.096,0.037,-0.24,-0.482,-0.652,-0.328,0.886,0.783,0.46,-0.23,-0.711,-0.592,-0.626,-0.627,-0.635,-0.549,0.833,-0.41,-0.653,-0.598,0.508,0.248,-0.265,0.526,-0.717,-0.555,-0.617,-0.469,-0.302,0.859,0.443,0.792,0.365,0.576,-0.264,-0.072,-0.64,0.814,0.707,0.62,-0.328,0.438,0.63,-0.102,0.722,-0.565,0.815,0.729,0.808,-0.542,-0.723,-0.277,0.611,-0.148,0.829,-0.537
000661SZ,-0.458,-0.103,0.221,0.294,-0.001,0.416,0.604,0.021,0.654,-0.413,-0.031,-0.16,1.0,0.269,0.447,0.528,0.233,-0.11,0.279,-0.265,0.277,0.715,0.667,0.392,-0.02,0.108,-0.155,0.65,0.393,-0.067,0.449,0.334,0.746,-0.117,0.243,0.221,0.014,0.817,-0.231,0.844,0.545,-0.002,0.315,0.626,0.152,0.359,0.067,0.514,0.277,0.339,-0.065,0.512,0.152,0.574,0.681,0.202,0.696,0.47,0.106,0.214,0.221,0.139,0.47,0.092,0.158,0.348,0.659,0.028,0.33,-0.068,0.281,0.227,0.44,-0.006,0.401,0.381,0.58,0.351,0.205,0.409,0.38,0.373,-0.275,0.209,0.306,-0.369,-0.236,-0.062,-0.201,0.389,0.411,0.03,-0.221,0.063,0.627,-0.41,-0.279,0.02,0.35,0.3,0.358,-0.054,0.362,0.032,0.049,0.501,0.298,0.412,0.126,0.01,0.683,0.224,0.106,0.494,0.012,0.114,0.235,-0.16,0.155,0.543,0.484,0.238,0.35,0.282,0.384,0.413,-0.256,0.119,0.388,0.01,0.411,0.122,0.471,0.454,0.271,0.163,-0.407,0.03,-0.007,-0.262,0.639,0.571,-0.107,0.368,0.059,0.708,-0.044,0.336,-0.5,-0.348,-0.286,0.284,-0.165,-0.231,-0.695,-0.306,-0.221,-0.52,-0.085,0.198,0.263,-0.642,0.323,-0.377,0.381,0.124,-0.216,-0.134,-0.291,-0.282,-0.41,0.088,0.455,0.173,0.189,0.065,0.155,0.236,-0.211,0.062,0.402,-0.384,-0.592,0.159,0.4,-0.004,0.327,0.196,0.232,0.599,-0.193,0.047,0.018,-0.618,0.295,-0.381,-0.368,0.169,-0.037,0.411,0.439,0.508,-0.056,0.322,0.558,0.203,0.634,0.177,0.231,0.076,0.403,0.354,0.638,0.235,0.811,0.114,0.508
000708SZ,-0.596,0.24,0.854,0.924,-0.552,0.534,0.641,-0.665,0.193,0.455,-0.509,-0.403,0.269,1.0,0.529,0.388,0.883,0.079,-0.152,-0.507,-0.292,0.731,0.713,0.855,-0.497,-0.078,-0.427,0.543,0.792,-0.568,0.786,-0.216,0.397,-0.588,-0.551,-0.654,-0.723,0.374,-0.72,-0.065,0.184,-0.788,-0.508,-0.065,-0.549,0.855,0.337,0.73,-0.07,0.772,-0.702,0.65,-0.432,-0.088,0.686,0.905,0.361,0.611,0.789,-0.002,0.908,0.843,0.173,-0.409,-0.467,0.893,0.638,-0.731,-0.216,-0.387,-0.008,0.477,0.487,-0.658,0.824,0.795,0.129,0.022,-0.437,-0.543,-0.371,-0.276,0.633,0.841,0.761,0.523,0.549,0.699,-0.614,0.796,0.274,0.628,-0.565,0.826,0.672,-0.487,0.637,0.773,0.878,0.697,0.873,-0.571,0.837,0.762,0.73,0.625,0.803,0.654,0.109,0.638,0.697,-0.194,0.604,0.277,-0.375,0.871,-0.417,0.511,-0.558,0.826,-0.426,0.906,0.722,0.82,0.878,-0.224,-0.796,-0.509,-0.445,-0.559,0.79,0.78,-0.343,0.737,0.11,0.231,-0.37,0.485,0.746,0.611,0.554,0.781,-0.405,0.905,0.305,0.028,0.16,0.51,-0.47,0.57,0.498,0.41,0.743,-0.811,0.084,0.471,0.597,0.337,0.287,0.823,0.445,-0.075,0.718,0.181,0.863,0.813,0.251,-0.412,-0.079,-0.374,0.037,0.713,0.799,0.895,0.803,0.784,0.909,-0.38,0.505,0.831,0.615,-0.007,-0.075,0.71,-0.422,0.566,0.672,0.803,0.904,0.556,-0.64,-0.758,-0.505,-0.108,0.21,0.453,0.452,0.841,-0.721,-0.411,-0.056,0.68,-0.549,-0.276,0.34,-0.577,0.44,-0.565,-0.229,-0.289,0.894,0.83,0.705,-0.514,0.575,-0.456,0.799
000725SZ,-0.662,0.618,0.216,0.582,0.011,0.651,0.512,-0.074,0.53,-0.219,-0.107,-0.095,0.447,0.529,1.0,0.483,0.496,-0.465,0.573,-0.08,0.147,0.434,0.672,0.482,-0.094,0.308,-0.367,0.667,0.356,-0.527,0.651,0.485,0.688,-0.122,0.188,0.043,-0.095,0.627,-0.535,0.296,0.63,-0.213,0.152,0.565,0.046,0.741,0.359,0.686,0.262,0.574,-0.133,0.183,0.047,0.327,0.563,0.406,0.828,0.603,0.203,0.011,0.507,0.208,0.375,0.242,0.303,0.554,0.7,-0.438,0.275,0.192,0.081,0.276,0.178,-0.031,0.576,0.228,0.635,0.75,0.165,-0.249,0.227,0.226,-0.128,0.257,0.459,-0.195,-0.239,0.102,-0.193,0.82,0.61,-0.031,0.096,0.272,0.411,-0.485,0.002,0.155,0.602,0.732,0.521,-0.017,0.59,0.217,0.362,0.774,0.317,0.13,0.59,-0.116,0.682,-0.196,-0.07,0.309,0.174,0.628,0.218,0.095,0.006,0.499,0.301,0.549,0.591,0.5,0.699,0.196,-0.464,0.267,0.286,0.046,0.334,0.725,0.143,0.379,-0.036,-0.262,-0.592,-0.175,0.109,-0.224,0.744,0.596,-0.356,0.518,0.252,0.453,0.591,0.13,-0.573,-0.124,-0.012,0.469,0.064,-0.28,-0.404,-0.225,-0.164,-0.275,-0.44,0.277,0.792,-0.616,0.742,-0.484,0.327,0.398,-0.581,-0.192,-0.077,-0.066,-0.45,0.076,0.607,0.444,0.161,0.194,0.387,0.17,0.113,0.194,0.603,-0.5,-0.672,0.721,0.224,-0.031,0.395,0.619,0.565,0.755,-0.251,-0.152,0.145,-0.609,0.523,-0.144,-0.263,0.24,-0.236,0.094,0.512,0.341,-0.556,0.442,0.814,0.091,0.33,-0.113,0.41,0.27,0.587,0.548,0.863,0.219,0.824,0.064,0.669
000768SZ,-0.139,0.298,0.267,0.433,0.196,0.704,0.459,0.088,0.21,-0.233,0.229,0.324,0.528,0.388,0.483,1.0,0.461,0.271,0.274,0.139,0.456,0.627,0.376,0.286,-0.004,0.566,0.168,0.22,0.175,0.112,0.503,0.349,0.779,0.215,0.271,0.156,-0.222,0.658,0.008,0.44,0.841,-0.058,0.231,0.533,0.143,0.448,0.316,0.31,0.511,0.077,0.054,0.663,0.336,0.638,0.677,0.313,0.632,0.059,0.094,0.397,0.275,0.389,0.61,0.342,0.287,0.643,0.604,-0.073,0.526,0.025,0.715,-0.148,0.049,0.136,0.496,0.352,0.505,0.123,0.418,0.116,0.469,0.569,0.079,0.258,0.088,0.03,-0.155,0.127,-0.07,0.539,-0.03,-0.129,0.044,0.143,0.692,-0.015,-0.035,0.104,0.299,0.436,0.388,0.145,0.518,-0.008,0.067,0.649,0.4,0.556,0.599,0.024,0.575,0.511,0.303,0.815,0.241,0.344,0.458,-0.241,0.216,0.384,0.363,0.328,0.551,0.175,0.459,0.635,-0.405,0.175,0.27,0.211,0.476,0.495,0.496,0.439,0.333,-0.181,0.004,0.146,0.286,-0.001,0.345,0.446,0.185,0.326,0.474,0.676,0.424,-0.069,-0.106,0.169,-0.141,0.764,0.113,-0.106,-0.289,0.201,-0.119,-0.117,-0.196,0.194,0.308,-0.415,0.575,-0.215,0.392,0.186,-0.189,0.223,0.403,-0.029,-0.221,0.056,0.369,0.22,0.172,0.07,0.278,0.414,0.006,0.086,0.27,0.194,-0.239,0.352,0.461,-0.092,0.144,0.094,0.375,0.464,0.044,-0.14,0.166,-0.233,0.782,-0.174,0.113,0.171,0.077,0.415,0.563,0.474,-0.086,0.471,0.524,0.223,0.364,0.3,0.528,0.343,0.336,0.163,0.623,0.189,0.641,0.334,0.441
000776SZ,-0.498,0.261,0.834,0.95,-0.456,0.533,0.69,-0.579,0.278,0.528,-0.46,-0.29,0.233,0.883,0.496,0.461,1.0,0.133,-0.13,-0.411,-0.173,0.713,0.676,0.82,-0.44,-0.041,-0.316,0.502,0.746,-0.444,0.769,-0.191,0.415,-0.542,-0.51,-0.596,-0.688,0.325,-0.589,-0.113,0.173,-0.736,-0.354,-0.034,-0.481,0.832,0.43,0.738,-0.001,0.662,-0.619,0.734,-0.378,-0.062,0.666,0.848,0.344,0.527,0.764,0.066,0.884,0.873,0.182,-0.403,-0.469,0.869,0.632,-0.632,-0.092,-0.334,0.099,0.489,0.517,-0.614,0.83,0.792,0.235,-0.061,-0.402,-0.406,-0.308,-0.249,0.713,0.795,0.673,0.618,0.594,0.732,-0.555,0.766,0.228,0.651,-0.495,0.839,0.663,-0.373,0.687,0.789,0.889,0.702,0.832,-0.512,0.858,0.762,0.692,0.587,0.831,0.676,0.128,0.598,0.738,-0.043,0.595,0.42,-0.265,0.811,-0.312,0.508,-0.493,0.803,-0.351,0.858,0.762,0.773,0.867,-0.19,-0.625,-0.484,-0.434,-0.479,0.839,0.737,-0.208,0.793,0.075,0.376,-0.283,0.618,0.844,0.648,0.509,0.743,-0.277,0.878,0.298,0.062,0.182,0.532,-0.375,0.648,0.564,0.426,0.763,-0.725,0.103,0.594,0.642,0.455,0.374,0.801,0.46,-0.005,0.717,0.223,0.849,0.831,0.291,-0.28,-0.034,-0.27,0.207,0.735,0.746,0.855,0.807,0.802,0.899,-0.339,0.629,0.802,0.542,0.141,0.011,0.705,-0.363,0.616,0.753,0.757,0.895,0.542,-0.559,-0.631,-0.442,-0.069,0.309,0.461,0.564,0.804,-0.655,-0.344,-0.054,0.77,-0.386,-0.296,0.351,-0.522,0.51,-0.452,-0.231,-0.246,0.853,0.763,0.65,-0.508,0.516,-0.456,0.745
000786SZ,0.564,-0.202,0.221,-0.017,0.2,0.242,-0.133,0.093,-0.467,0.163,0.337,0.43,-0.11,0.079,-0.465,0.271,0.133,1.0,-0.398,0.212,0.242,0.21,-0.31,-0.159,0.105,0.296,0.512,-0.51,-0.127,0.527,-0.211,-0.215,-0.072,0.261,-0.085,-0.19,-0.191,-0.143,0.418,-0.045,0.009,-0.003,-0.153,-0.138,0.036,-0.206,-0.069,-0.32,0.293,-0.339,0.119,0.453,0.214,0.14,-0.007,-0.006,-0.24,-0.461,-0.045,0.389,-0.064,0.426,0.362,0.074,-0.108,0.228,-0.234,0.277,0.014,-0.242,0.641,-0.454,-0.065,0.074,-0.063,0.175,-0.427,-0.631,0.13,0.155,0.071,0.202,0.403,0.129,-0.333,0.451,0.2,0.204,0.161,-0.238,-0.733,0.023,-0.165,0.004,0.295,0.56,0.128,0.126,-0.203,-0.321,-0.083,0.142,0.007,-0.118,-0.224,-0.002,0.138,0.522,-0.003,0.259,-0.155,0.588,0.632,0.417,0.073,-0.101,0.07,-0.14,0.154,-0.011,-0.314,-0.068,0.147,-0.282,-0.126,0.263,0.026,-0.208,-0.185,0.099,0.132,-0.079,0.157,0.006,0.443,0.081,0.776,0.283,0.266,0.455,-0.479,0.043,0.625,-0.075,0.435,0.149,-0.085,-0.122,0.589,0.563,-0.114,0.437,0.246,0.05,0.311,0.522,0.198,0.252,0.354,-0.052,-0.614,0.423,-0.027,0.323,0.247,-0.185,0.568,0.406,0.585,-0.155,0.154,0.058,-0.272,-0.105,0.131,-0.027,0.081,0.192,-0.143,0.049,-0.473,0.749,0.635,-0.357,-0.044,-0.035,-0.038,-0.285,0.019,-0.326,0.256,-0.208,-0.065,0.621,0.319,0.211,0.517,0.005,0.23,0.187,0.029,0.126,0.412,-0.079,-0.515,0.022,-0.218,0.325,0.025,0.112,-0.082,-0.327,-0.298,-0.124,-0.235,0.241,-0.255
000800SZ,-0.102,0.537,-0.464,-0.136,0.599,0.389,0.111,0.58,0.5,-0.513,0.509,0.388,0.279,-0.152,0.573,0.274,-0.13,-0.398,1.0,0.352,0.649,-0.045,0.097,-0.214,0.551,0.544,0.12,0.349,-0.298,0.076,-0.02,0.818,0.463,0.488,0.679,0.643,0.548,0.343,0.15,0.475,0.568,0.484,0.68,0.583,0.599,0.219,0.125,0.094,0.404,-0.155,0.585,-0.224,0.545,0.558,0.073,-0.257,0.563,0.022,-0.489,0.248,-0.212,-0.345,0.372,0.633,0.705,-0.113,0.188,0.276,0.501,0.628,0.269,-0.245,-0.177,0.547,-0.022,-0.311,0.606,0.67,0.677,0.344,0.585,0.573,-0.614,-0.361,-0.234,-0.554,-0.672,-0.238,0.408,0.163,0.275,-0.558,0.589,-0.322,0.075,0.033,-0.505,-0.412,-0.099,0.259,-0.222,0.624,-0.038,-0.373,-0.277,0.487,-0.36,-0.323,0.603,-0.609,0.141,0.184,-0.506,0.211,0.523,-0.07,0.604,-0.198,0.578,-0.117,0.637,-0.205,0.23,-0.075,0.074,0.433,0.278,0.801,0.774,0.664,-0.305,0.136,0.622,-0.21,0.277,-0.415,-0.187,-0.51,-0.368,-0.661,0.299,0.067,0.206,-0.205,0.164,0.508,0.494,-0.205,-0.058,-0.475,-0.329,0.211,-0.5,0.482,-0.54,-0.487,-0.631,-0.533,-0.65,-0.361,0.485,-0.548,0.196,-0.647,-0.287,-0.26,-0.765,0.382,0.1,0.222,-0.53,-0.473,-0.008,-0.276,-0.513,-0.415,-0.328,0.591,-0.255,-0.482,-0.012,-0.33,-0.576,0.159,0.582,-0.468,-0.175,-0.049,-0.16,0.389,0.342,0.506,0.686,-0.462,0.401,-0.583,-0.621,-0.403,0.451,0.619,0.696,0.024,0.089,0.718,0.626,0.653,-0.053,0.481,0.679,0.629,-0.173,-0.133,0.351,0.705,0.397,0.538,-0.034
000807SZ,0.714,0.304,-0.719,-0.558,0.824,0.068,-0.594,0.795,-0.226,-0.392,0.757,0.844,-0.265,-0.507,-0.08,0.139,-0.411,0.212,0.352,1.0,0.667,-0.451,-0.651,-0.732,0.726,0.619,0.79,-0.53,-0.844,0.646,-0.612,0.508,-0.141,0.858,0.738,0.651,0.684,-0.253,0.786,0.03,0.306,0.765,0.593,0.268,0.774,-0.47,0.117,-0.465,0.603,-0.771,0.813,-0.288,0.673,0.387,-0.507,-0.657,-0.014,-0.544,-0.758,0.499,-0.674,-0.414,0.254,0.803,0.706,-0.347,-0.51,0.687,0.593,0.643,0.472,-0.736,-0.466,0.852,-0.619,-0.57,0.141,0.105,0.733,0.431,0.628,0.709,-0.368,-0.497,-0.742,-0.154,-0.59,-0.341,0.863,-0.344,-0.499,-0.762,0.819,-0.669,-0.415,0.799,-0.451,-0.574,-0.681,-0.334,-0.706,0.831,-0.288,-0.744,-0.692,-0.012,-0.503,-0.423,0.6,-0.704,-0.419,0.584,-0.255,0.29,0.844,-0.48,0.776,-0.515,0.763,-0.701,0.406,-0.583,-0.24,-0.729,-0.489,0.664,0.579,0.665,0.499,0.8,-0.605,-0.155,0.494,-0.599,0.039,-0.425,0.625,-0.416,-0.388,-0.415,-0.573,-0.53,0.633,-0.719,0.396,0.339,0.583,-0.519,0.701,-0.087,-0.419,0.389,-0.535,0.789,0.141,-0.094,-0.585,-0.088,-0.484,-0.761,-0.105,0.165,0.043,-0.173,-0.615,-0.648,-0.361,0.787,0.639,0.529,-0.082,-0.761,-0.685,-0.686,-0.653,-0.664,-0.673,0.752,-0.314,-0.728,-0.575,0.361,0.212,-0.216,0.509,-0.7,-0.556,-0.681,-0.543,-0.387,0.884,0.57,0.773,0.346,0.443,-0.196,-0.133,-0.728,0.786,0.606,0.509,-0.498,0.412,0.606,-0.171,0.727,-0.611,0.737,0.663,0.814,-0.59,-0.726,-0.376,0.626,-0.265,0.72,-0.584
000858SZ,0.458,0.255,-0.496,-0.32,0.866,0.377,-0.073,0.861,0.203,-0.503,0.827,0.769,0.277,-0.292,0.147,0.456,-0.173,0.242,0.649,0.667,1.0,0.034,-0.241,-0.507,0.748,0.806,0.62,-0.093,-0.549,0.583,-0.353,0.729,0.366,0.801,0.801,0.697,0.621,0.228,0.644,0.542,0.597,0.681,0.767,0.57,0.772,-0.122,-0.06,-0.24,0.705,-0.575,0.82,0.035,0.775,0.727,-0.057,-0.484,0.354,-0.408,-0.692,0.563,-0.444,-0.188,0.702,0.808,0.748,-0.133,-0.132,0.717,0.624,0.599,0.76,-0.626,-0.22,0.772,-0.231,-0.34,0.363,0.24,0.861,0.7,0.876,0.88,-0.485,-0.405,-0.611,-0.33,-0.657,-0.212,0.668,-0.166,-0.285,-0.678,0.597,-0.504,0.153,0.561,-0.607,-0.477,-0.406,-0.07,-0.477,0.838,-0.132,-0.634,-0.649,0.407,-0.409,-0.054,0.645,-0.587,-0.047,0.743,-0.133,0.567,0.778,-0.364,0.818,-0.458,0.869,-0.244,0.554,-0.454,0.25,-0.45,-0.21,0.769,0.464,0.756,0.752,0.878,-0.358,-0.081,0.893,-0.303,0.462,-0.284,0.443,-0.353,-0.286,-0.499,-0.168,-0.037,0.685,-0.435,0.399,0.72,0.42,-0.333,0.478,-0.188,-0.534,0.456,-0.517,0.686,-0.383,-0.23,-0.639,-0.443,-0.403,-0.567,0.003,-0.232,0.138,-0.479,-0.265,-0.561,-0.393,0.783,0.487,0.154,-0.431,-0.569,-0.382,-0.53,-0.565,-0.595,-0.473,0.855,-0.468,-0.631,-0.489,0.227,-0.103,-0.198,0.687,-0.591,-0.328,-0.433,-0.334,0.089,0.717,0.603,0.788,0.001,0.615,-0.521,-0.34,-0.572,0.806,0.916,0.793,0.0,0.548,0.749,0.154,0.843,-0.279,0.881,0.77,0.847,-0.367,-0.521,0.048,0.787,0.201,0.816,-0.358
000876SZ,-0.494,-0.037,0.728,0.745,-0.31,0.587,0.76,-0.397,0.393,0.12,-0.237,-0.274,0.715,0.731,0.434,0.627,0.713,0.21,-0.045,-0.451,0.034,1.0,0.752,0.732,-0.342,0.057,-0.274,0.573,0.722,-0.201,0.682,-0.067,0.676,-0.402,-0.246,-0.312,-0.495,0.685,-0.451,0.496,0.415,-0.508,-0.166,0.264,-0.29,0.651,0.136,0.671,0.133,0.57,-0.471,0.848,-0.189,0.303,0.909,0.667,0.527,0.558,0.57,0.175,0.685,0.723,0.447,-0.225,-0.266,0.774,0.754,-0.363,0.018,-0.346,0.321,0.378,0.581,-0.429,0.791,0.759,0.329,-0.001,-0.158,-0.065,0.005,0.051,0.344,0.656,0.582,0.23,0.287,0.47,-0.501,0.636,0.265,0.451,-0.553,0.596,0.875,-0.428,0.284,0.536,0.694,0.514,0.742,-0.388,0.699,0.499,0.457,0.605,0.689,0.819,0.068,0.52,0.786,0.185,0.598,0.601,-0.24,0.552,-0.127,0.217,-0.241,0.836,-0.038,0.663,0.673,0.636,0.723,0.118,-0.598,-0.338,-0.134,-0.348,0.783,0.51,0.11,0.752,0.286,0.302,-0.282,0.447,0.542,0.357,0.595,0.851,-0.194,0.757,0.243,0.435,0.006,0.463,-0.442,0.296,0.166,0.478,0.444,-0.632,-0.276,0.279,0.329,-0.001,0.262,0.644,0.308,-0.31,0.579,0.005,0.831,0.565,0.202,-0.22,-0.093,-0.442,-0.104,0.547,0.674,0.648,0.643,0.55,0.678,-0.099,0.21,0.586,0.507,-0.005,-0.227,0.409,-0.035,0.383,0.607,0.525,0.704,0.649,-0.484,-0.501,-0.371,-0.286,0.342,0.097,0.208,0.638,-0.424,-0.009,0.163,0.792,-0.242,-0.056,0.391,-0.271,0.66,-0.164,-0.064,-0.169,0.76,0.646,0.711,-0.251,0.717,-0.203,0.715
000895SZ,-0.883,0.131,0.674,0.79,-0.509,0.485,0.84,-0.558,0.616,0.055,-0.56,-0.559,0.667,0.713,0.672,0.376,0.676,-0.31,0.097,-0.651,-0.241,0.752,1.0,0.855,-0.479,-0.192,-0.651,0.863,0.845,-0.625,0.876,0.04,0.653,-0.622,-0.296,-0.31,-0.497,0.713,-0.801,0.315,0.295,-0.589,-0.155,0.3,-0.399,0.777,0.273,0.857,-0.114,0.856,-0.61,0.538,-0.318,0.144,0.818,0.718,0.652,0.764,0.655,-0.116,0.767,0.465,0.162,-0.354,-0.271,0.661,0.874,-0.632,-0.025,-0.344,-0.132,0.659,0.583,-0.55,0.806,0.656,0.44,0.356,-0.312,-0.233,-0.169,-0.191,0.2,0.569,0.803,-0.015,0.25,0.287,-0.664,0.808,0.672,0.512,-0.521,0.594,0.685,-0.804,0.289,0.483,0.87,0.678,0.838,-0.54,0.649,0.602,0.644,0.561,0.715,0.526,-0.014,0.386,0.893,-0.286,0.281,0.216,-0.412,0.664,-0.257,0.283,-0.443,0.86,0.071,0.746,0.557,0.786,0.822,-0.122,-0.659,-0.278,-0.087,-0.494,0.732,0.535,-0.067,0.778,0.054,0.265,-0.762,0.277,0.411,0.16,0.926,0.77,-0.532,0.85,-0.005,0.275,-0.04,0.563,-0.835,-0.016,0.231,0.19,0.371,-0.723,-0.422,0.002,0.283,-0.102,0.101,0.708,0.559,-0.551,0.519,-0.14,0.71,0.702,-0.091,-0.597,-0.466,-0.348,-0.164,0.587,0.888,0.717,0.65,0.593,0.7,-0.292,0.283,0.603,0.811,-0.494,-0.574,0.586,-0.064,0.462,0.716,0.768,0.73,0.778,-0.724,-0.427,-0.401,-0.646,0.145,0.028,-0.029,0.671,-0.644,-0.194,0.089,0.693,-0.549,-0.085,0.704,-0.363,0.814,-0.455,-0.139,-0.35,0.806,0.846,0.837,-0.256,0.816,-0.413,0.89
000938SZ,-0.81,0.019,0.884,0.915,-0.765,0.358,0.754,-0.827,0.404,0.442,-0.72,-0.683,0.392,0.855,0.482,0.286,0.82,-0.159,-0.214,-0.732,-0.507,0.732,0.855,1.0,-0.677,-0.414,-0.636,0.701,0.948,-0.627,0.9,-0.354,0.414,-0.83,-0.642,-0.639,-0.748,0.454,-0.842,0.007,0.056,-0.848,-0.504,-0.052,-0.666,0.812,0.328,0.858,-0.287,0.881,-0.856,0.656,-0.612,-0.136,0.782,0.922,0.339,0.785,0.919,-0.146,0.913,0.722,-0.093,-0.638,-0.627,0.788,0.794,-0.808,-0.247,-0.51,-0.236,0.774,0.656,-0.819,0.866,0.87,0.259,0.008,-0.601,-0.5,-0.51,-0.473,0.568,0.832,0.926,0.379,0.607,0.593,-0.81,0.768,0.523,0.788,-0.703,0.861,0.624,-0.761,0.658,0.787,0.941,0.653,0.959,-0.791,0.788,0.867,0.857,0.422,0.852,0.6,-0.196,0.713,0.802,-0.342,0.434,0.173,-0.588,0.781,-0.523,0.564,-0.723,0.873,-0.277,0.909,0.535,0.906,0.856,-0.372,-0.768,-0.634,-0.495,-0.771,0.899,0.604,-0.41,0.886,-0.077,0.457,-0.651,0.606,0.691,0.543,0.726,0.732,-0.609,0.95,-0.048,-0.068,-0.07,0.654,-0.756,0.335,0.567,0.132,0.684,-0.933,-0.054,0.368,0.656,0.298,0.381,0.93,0.487,-0.204,0.537,0.243,0.838,0.918,0.248,-0.638,-0.447,-0.36,0.197,0.813,0.925,0.93,0.884,0.877,0.892,-0.589,0.595,0.887,0.828,-0.237,-0.256,0.656,-0.443,0.713,0.799,0.809,0.862,0.598,-0.845,-0.725,-0.691,-0.369,-0.001,0.366,0.328,0.912,-0.881,-0.557,-0.263,0.753,-0.603,-0.445,0.44,-0.694,0.751,-0.723,-0.455,-0.564,0.932,0.957,0.695,-0.645,0.573,-0.707,0.886
000963SZ,0.575,0.257,-0.721,-0.611,0.85,0.075,-0.463,0.832,0.028,-0.437,0.785,0.792,-0.02,-0.497,-0.094,-0.004,-0.44,0.105,0.551,0.726,0.748,-0.342,-0.479,-0.677,1.0,0.539,0.666,-0.21,-0.755,0.61,-0.63,0.718,-0.073,0.804,0.755,0.754,0.785,-0.151,0.712,0.272,0.195,0.852,0.686,0.242,0.899,-0.357,0.068,-0.382,0.684,-0.688,0.867,-0.318,0.806,0.442,-0.479,-0.635,0.107,-0.426,-0.795,0.65,-0.691,-0.452,0.268,0.731,0.684,-0.411,-0.472,0.779,0.569,0.644,0.387,-0.694,-0.366,0.828,-0.618,-0.463,0.241,0.208,0.758,0.633,0.614,0.675,-0.531,-0.529,-0.673,-0.305,-0.649,-0.323,0.898,-0.438,-0.438,-0.733,0.746,-0.632,-0.318,0.705,-0.565,-0.563,-0.632,-0.286,-0.731,0.905,-0.284,-0.714,-0.708,0.094,-0.597,-0.468,0.43,-0.731,-0.342,0.595,-0.36,0.248,0.737,-0.513,0.669,-0.392,0.815,-0.594,0.458,-0.635,-0.189,-0.623,-0.369,0.577,0.68,0.788,0.648,0.849,-0.606,-0.274,0.608,-0.643,0.354,-0.275,0.47,-0.406,-0.381,-0.517,-0.414,-0.378,0.724,-0.68,0.402,0.363,0.377,-0.246,0.571,-0.303,-0.459,0.182,-0.663,0.809,-0.143,-0.245,-0.664,-0.29,-0.522,-0.741,-0.086,0.009,-0.068,-0.273,-0.612,-0.687,-0.452,0.825,0.386,0.529,-0.247,-0.769,-0.567,-0.689,-0.697,-0.648,-0.71,0.771,-0.432,-0.725,-0.524,0.199,0.037,-0.296,0.466,-0.704,-0.515,-0.616,-0.634,-0.226,0.825,0.629,0.856,0.194,0.238,-0.364,-0.397,-0.679,0.803,0.712,0.598,-0.324,0.448,0.549,-0.06,0.784,-0.519,0.754,0.589,0.754,-0.562,-0.616,-0.297,0.687,-0.122,0.714,-0.571
000999SZ,0.382,0.514,-0.338,-0.136,0.76,0.525,-0.053,0.68,-0.089,-0.438,0.726,0.759,0.108,-0.078,0.308,0.566,-0.041,0.296,0.544,0.619,0.806,0.057,-0.192,-0.414,0.539,1.0,0.503,-0.175,-0.464,0.339,-0.197,0.671,0.371,0.77,0.674,0.496,0.354,0.236,0.437,0.334,0.713,0.471,0.504,0.516,0.571,0.028,-0.023,-0.252,0.679,-0.391,0.653,0.003,0.682,0.581,0.017,-0.29,0.414,-0.408,-0.558,0.386,-0.253,-0.048,0.768,0.809,0.767,0.107,-0.059,0.401,0.537,0.468,0.729,-0.654,-0.423,0.679,-0.065,-0.318,0.181,0.313,0.775,0.285,0.781,0.811,-0.313,-0.302,-0.478,-0.194,-0.562,-0.165,0.551,0.055,-0.297,-0.669,0.606,-0.385,0.193,0.505,-0.459,-0.365,-0.265,0.163,-0.287,0.741,-0.015,-0.545,-0.465,0.516,-0.273,0.067,0.846,-0.497,-0.028,0.525,0.071,0.508,0.715,-0.039,0.694,-0.445,0.713,-0.179,0.348,-0.242,0.332,-0.344,-0.048,0.698,0.139,0.678,0.626,0.782,-0.295,0.208,0.659,-0.285,0.444,-0.608,0.433,-0.432,-0.2,-0.365,-0.112,0.089,0.536,-0.277,0.629,0.634,0.583,-0.459,0.459,0.003,-0.467,0.666,-0.31,0.534,-0.213,-0.136,-0.554,-0.324,-0.498,-0.451,0.089,-0.207,0.334,-0.467,-0.137,-0.415,-0.412,0.63,0.746,0.141,-0.5,-0.496,-0.279,-0.341,-0.466,-0.502,-0.263,0.772,-0.411,-0.476,-0.354,0.255,-0.044,0.031,0.629,-0.589,-0.303,-0.231,-0.121,0.151,0.607,0.329,0.709,0.104,0.748,-0.336,-0.161,-0.439,0.666,0.736,0.782,-0.118,0.24,0.787,0.173,0.684,-0.385,0.724,0.842,0.838,-0.233,-0.415,0.201,0.695,0.257,0.838,-0.188
001965SZ,0.838,0.021,-0.525,-0.511,0.673,-0.049,-0.489,0.665,-0.283,-0.172,0.691,0.757,-0.155,-0.427,-0.367,0.168,-0.316,0.512,0.12,0.79,0.62,-0.274,-0.651,-0.636,0.666,0.503,1.0,-0.546,-0.709,0.754,-0.635,0.262,-0.202,0.747,0.521,0.505,0.547,-0.322,0.832,0.077,0.173,0.665,0.427,0.088,0.647,-0.49,0.114,-0.495,0.535,-0.808,0.686,-0.029,0.572,0.322,-0.458,-0.534,-0.215,-0.62,-0.605,0.615,-0.632,-0.2,0.221,0.556,0.428,-0.281,-0.558,0.737,0.467,0.492,0.542,-0.706,-0.296,0.676,-0.561,-0.323,-0.05,-0.199,0.578,0.529,0.496,0.622,-0.143,-0.273,-0.68,0.081,-0.317,-0.132,0.755,-0.536,-0.706,-0.538,0.596,-0.543,-0.254,0.872,-0.314,-0.378,-0.638,-0.385,-0.665,0.678,-0.22,-0.605,-0.665,-0.109,-0.338,-0.19,0.369,-0.439,-0.401,0.724,-0.009,0.352,0.677,-0.531,0.564,-0.396,0.651,-0.587,0.206,-0.54,-0.223,-0.681,-0.489,0.611,0.578,0.401,0.321,0.644,-0.419,-0.287,0.471,-0.482,0.238,-0.145,0.794,-0.078,-0.185,-0.148,-0.668,-0.448,0.71,-0.636,0.43,0.266,0.294,-0.269,0.803,0.103,-0.265,0.317,-0.382,0.665,0.233,0.136,-0.337,0.08,-0.119,-0.586,-0.324,0.362,-0.033,0.099,-0.434,-0.574,0.023,0.795,0.616,0.404,0.116,-0.549,-0.668,-0.588,-0.443,-0.486,-0.576,0.593,-0.232,-0.549,-0.641,0.593,0.463,-0.288,0.337,-0.5,-0.471,-0.74,-0.534,-0.499,0.851,0.441,0.547,0.536,0.303,-0.023,0.089,-0.541,0.718,0.572,0.304,-0.285,0.613,0.352,-0.406,0.569,-0.522,0.696,0.431,0.638,-0.537,-0.667,-0.443,0.403,-0.34,0.578,-0.606
