,000001SZ,000002SZ,000157SZ,000166SZ,000333SZ,000338SZ,000538SZ,000568SZ,000596SZ,000617SZ,000625SZ,000651SZ,000661SZ,000708SZ,000725SZ,000768SZ,000776SZ,000786SZ,000800SZ,000807SZ,000858SZ,000876SZ,000895SZ,000938SZ,000963SZ,000999SZ,001965SZ,002001SZ,002007SZ,002027SZ,002028SZ,002050SZ,002129SZ,002179SZ,002230SZ,002236SZ,002241SZ,002271SZ,002304SZ,002311SZ,002371SZ,002415SZ,002422SZ,002459SZ,002460SZ,002463SZ,002466SZ,002475SZ,002493SZ,002555SZ,002594SZ,002601SZ,002648SZ,002709SZ,002714SZ,002916SZ,002920SZ,002938SZ,003816SZ,300014SZ,300033SZ,300059SZ,300122SZ,300124SZ,300274SZ,300308SZ,300316SZ,300347SZ,300394SZ,300408SZ,300413SZ,300418SZ,300433SZ,300450SZ,300498SZ,300502SZ,300628SZ,300661SZ,300750SZ,300759SZ,300760SZ,300782SZ,600000SS,600010SS,600011SS,600015SS,600016SS,600018SS,600019SS,600023SS,600025SS,600026SS,600028SS,600029SS,600031SS,600036SS,600048SS,600050SS,600061SS,600085SS,600089SS,600104SS,600111SS,600115SS,600161SS,600183SS,600188SS,600196SS,600219SS,600233SS,600276SS,600309SS,600332SS,600346SS,600362SS,600377SS,600406SS,600415SS,600426SS,600436SS,600438SS,600489SS,600519SS,600570SS,600585SS,600588SS,600600SS,600660SS,600674SS,600741SS,600760SS,600795SS,600809SS,600875SS,600886SS,600887SS,600926SS,600989SS,601006SS,601009SS,601012SS,601021SS,601058SS,601066SS,601088SS,601100SS,601117SS,601138SS,601166SS,601169SS,601186SS,601225SS,601229SS,601238SS,601288SS,601318SS,601319SS,601328SS,601336SS,601360SS,601390SS,601398SS,601600SS,601601SS,601607SS,601618SS,601628SS,601633SS,601658SS,601668SS,601669SS,601688SS,601689SS,601698SS,601699SS,601766SS,601788SS,601799SS,601800SS,601808SS,601816SS,601818SS,601838SS,601857SS,601865SS,601872SS,601877SS,601878SS,601881SS,601888SS,601899SS,601901SS,601919SS,601939SS,601985SS,601988SS,601998SS,603019SS,603195SS,603259SS,603260SS,603288SS,603369SS,603501SS,603659SS,603799SS,603806SS,603833SS,603986SS,603993SS,688008SS,688009SS,688012SS,688036SS,688111SS,688169SS,688396SS
000001SZ,1.0,-0.37,-0.437,-0.628,0.667,-0.133,-0.542,0.653,-0.531,0.048,0.748,0.824,-0.432,-0.511,-0.671,0.05,-0.395,0.651,-0.164,0.778,0.58,-0.425,-0.83,-0.772,0.734,0.468,0.883,-0.817,-0.708,0.82,-0.794,0.053,-0.242,0.782,0.389,0.387,0.514,-0.473,0.914,-0.138,-0.063,0.644,0.319,0.019,0.581,-0.689,-0.061,-0.612,0.269,-0.913,0.728,-0.042,0.491,0.215,-0.612,-0.579,-0.624,-0.828,-0.583,0.509,-0.696,-0.123,0.265,0.477,0.315,-0.447,-0.764,0.805,0.246,0.464,0.504,-0.741,-0.129,0.673,-0.663,-0.392,-0.326,-0.562,0.552,0.543,0.442,0.495,0.029,-0.251,-0.799,0.243,-0.113,-0.012,0.809,-0.678,-0.831,-0.416,0.565,-0.487,-0.214,0.977,-0.213,-0.268,-0.756,-0.554,-0.649,0.708,-0.444,-0.56,-0.647,-0.35,-0.42,0.023,0.218,-0.143,-0.632,0.681,0.121,0.205,0.61,-0.695,0.44,-0.291,0.569,-0.638,0.104,-0.663,-0.262,-0.744,-0.76,0.489,0.674,0.231,0.107,0.638,-0.473,-0.476,0.372,-0.38,0.126,0.083,0.94,-0.042,-0.009,0.048,-0.815,-0.645,0.806,-0.759,0.303,0.079,0.06,-0.329,0.973,0.272,-0.081,0.251,-0.241,0.746,0.433,0.341,-0.112,0.219,0.223,-0.589,-0.553,0.626,-0.247,0.367,-0.407,-0.582,0.41,0.839,0.682,0.357,0.368,-0.411,-0.798,-0.655,-0.397,-0.43,-0.61,0.472,-0.134,-0.493,-0.857,0.771,0.759,-0.473,0.33,-0.277,-0.381,-0.799,-0.597,-0.804,0.858,0.448,0.525,0.768,0.186,0.121,0.331,-0.525,0.756,0.49,0.052,-0.285,0.774,0.153,-0.673,0.488,-0.396,0.684,0.257,0.594,-0.694,-0.808,-0.76,0.315,-0.597,0.537,-0.821
000002SZ,-0.37,1.0,0.068,0.375,-0.08,0.167,0.108,-0.19,-0.094,-0.024,-0.288,-0.134,-0.118,0.262,0.599,0.111,0.25,-0.397,0.279,-0.067,-0.206,-0.009,0.249,0.197,-0.391,0.193,-0.363,0.166,0.098,-0.577,0.353,0.136,0.049,-0.098,-0.069,-0.158,-0.285,0.066,-0.423,-0.24,0.26,-0.28,-0.135,-0.025,-0.279,0.434,0.194,0.129,-0.038,0.382,-0.247,-0.231,-0.168,-0.271,0.179,0.287,0.349,0.202,0.147,-0.396,0.355,-0.002,-0.022,0.097,0.148,0.269,0.243,-0.547,0.035,0.013,-0.198,0.124,-0.353,-0.116,0.378,-0.079,0.058,0.531,-0.166,-0.566,-0.11,-0.123,0.077,-0.0,0.263,-0.02,-0.035,-0.002,-0.213,0.539,0.357,-0.065,0.151,0.174,-0.026,-0.282,0.249,0.056,0.357,0.543,0.233,-0.118,0.201,0.176,0.355,0.267,0.171,-0.162,0.447,-0.172,0.161,-0.46,-0.051,-0.2,-0.049,0.567,-0.106,0.047,-0.248,0.12,-0.163,0.359,0.204,0.27,0.418,-0.206,-0.459,0.144,-0.004,-0.066,0.025,0.608,-0.258,0.006,-0.276,-0.554,-0.342,-0.266,-0.012,-0.06,0.272,0.242,-0.494,0.304,0.262,-0.105,0.481,-0.187,-0.268,0.069,0.092,0.1,0.221,-0.164,0.1,-0.097,-0.041,0.073,-0.408,0.173,0.535,-0.199,0.354,-0.261,0.074,0.309,-0.43,-0.374,0.178,0.065,-0.278,0.025,0.224,0.314,0.009,0.118,0.297,-0.062,0.175,0.133,0.369,-0.264,-0.26,0.542,-0.051,-0.029,-0.012,0.464,0.374,0.363,-0.231,-0.191,0.001,-0.168,0.198,0.157,0.015,0.146,-0.273,-0.219,0.129,-0.141,-0.542,0.226,0.397,-0.171,-0.157,-0.297,0.238,-0.017,0.216,0.272,0.428,-0.005,0.225,-0.005,0.399
000157SZ,-0.437,0.068,1.0,0.882,-0.681,0.507,0.651,-0.77,0.126,0.56,-0.503,-0.396,0.239,0.888,0.296,0.329,0.878,0.259,-0.388,-0.561,-0.323,0.745,0.663,0.855,-0.738,-0.195,-0.342,0.453,0.889,-0.361,0.735,-0.452,0.323,-0.647,-0.722,-0.761,-0.827,0.305,-0.555,-0.084,0.03,-0.87,-0.584,-0.146,-0.718,0.763,0.311,0.659,-0.154,0.644,-0.764,0.712,-0.56,-0.123,0.688,0.918,0.231,0.486,0.909,0.063,0.873,0.891,0.111,-0.608,-0.678,0.866,0.597,-0.601,-0.306,-0.512,0.057,0.538,0.504,-0.748,0.806,0.891,0.036,-0.236,-0.47,-0.398,-0.441,-0.361,0.773,0.821,0.722,0.606,0.744,0.703,-0.783,0.651,0.115,0.835,-0.759,0.895,0.707,-0.408,0.744,0.854,0.83,0.564,0.904,-0.76,0.761,0.845,0.779,0.519,0.843,0.724,-0.116,0.87,0.654,-0.069,0.686,0.297,-0.528,0.731,-0.508,0.551,-0.691,0.849,-0.439,0.841,0.653,0.777,0.784,-0.247,-0.708,-0.785,-0.614,-0.715,0.884,0.63,-0.335,0.785,0.19,0.424,-0.232,0.662,0.795,0.77,0.478,0.706,-0.269,0.871,0.293,-0.048,-0.048,0.554,-0.358,0.627,0.539,0.316,0.845,-0.851,0.151,0.577,0.783,0.434,0.543,0.908,0.25,0.051,0.528,0.345,0.936,0.835,0.502,-0.352,-0.087,-0.417,0.211,0.893,0.755,0.869,0.911,0.872,0.92,-0.536,0.527,0.929,0.523,0.149,0.09,0.526,-0.423,0.749,0.731,0.682,0.864,0.326,-0.689,-0.787,-0.757,0.013,0.148,0.503,0.564,0.913,-0.743,-0.444,-0.247,0.75,-0.347,-0.489,0.218,-0.709,0.534,-0.546,-0.435,-0.451,0.838,0.759,0.522,-0.695,0.442,-0.572,0.692
000166SZ,-0.628,0.375,0.882,1.0,-0.637,0.539,0.726,-0.718,0.313,0.455,-0.573,-0.47,0.304,0.926,0.632,0.391,0.944,-0.037,-0.099,-0.517,-0.301,0.742,0.784,0.916,-0.793,-0.117,-0.454,0.613,0.878,-0.557,0.875,-0.259,0.41,-0.664,-0.591,-0.672,-0.768,0.409,-0.694,-0.051,0.212,-0.874,-0.448,-0.02,-0.674,0.921,0.39,0.778,-0.098,0.77,-0.767,0.607,-0.565,-0.104,0.763,0.917,0.462,0.638,0.874,-0.074,0.96,0.793,0.106,-0.486,-0.511,0.898,0.746,-0.725,-0.181,-0.378,-0.02,0.642,0.432,-0.719,0.915,0.795,0.258,0.093,-0.462,-0.494,-0.366,-0.318,0.627,0.773,0.796,0.468,0.583,0.633,-0.807,0.859,0.391,0.719,-0.614,0.872,0.633,-0.564,0.673,0.773,0.953,0.768,0.927,-0.731,0.863,0.835,0.803,0.669,0.847,0.564,0.107,0.646,0.779,-0.212,0.504,0.285,-0.405,0.868,-0.396,0.527,-0.638,0.876,-0.331,0.94,0.731,0.868,0.927,-0.243,-0.765,-0.595,-0.462,-0.645,0.856,0.821,-0.3,0.779,0.023,0.235,-0.446,0.518,0.676,0.573,0.647,0.788,-0.49,0.949,0.257,0.034,0.214,0.491,-0.534,0.501,0.515,0.324,0.775,-0.853,0.023,0.393,0.634,0.337,0.298,0.898,0.565,-0.15,0.718,0.114,0.879,0.9,0.185,-0.453,-0.152,-0.382,0.06,0.815,0.845,0.935,0.837,0.83,0.953,-0.465,0.568,0.868,0.676,-0.074,-0.167,0.76,-0.358,0.651,0.716,0.835,0.967,0.56,-0.715,-0.705,-0.629,-0.229,0.243,0.402,0.405,0.865,-0.778,-0.434,-0.08,0.705,-0.504,-0.289,0.474,-0.63,0.519,-0.58,-0.261,-0.345,0.92,0.866,0.757,-0.56,0.605,-0.554,0.848
000333SZ,0.667,-0.08,-0.681,-0.637,1.0,0.092,-0.371,0.948,-0.146,-0.521,0.876,0.827,-0.028,-0.62,-0.158,0.228,-0.52,0.283,0.441,0.781,0.814,-0.327,-0.566,-0.804,0.806,0.713,0.643,-0.525,-0.777,0.648,-0.616,0.625,0.168,0.92,0.842,0.732,0.735,-0.025,0.781,0.31,0.373,0.832,0.705,0.515,0.859,-0.576,-0.193,-0.512,0.561,-0.757,0.93,-0.203,0.817,0.517,-0.371,-0.762,-0.034,-0.629,-0.871,0.347,-0.72,-0.423,0.527,0.891,0.836,-0.481,-0.419,0.793,0.499,0.616,0.603,-0.742,-0.286,0.926,-0.557,-0.666,0.077,0.038,0.831,0.625,0.815,0.776,-0.525,-0.588,-0.831,-0.34,-0.713,-0.435,0.822,-0.443,-0.376,-0.804,0.718,-0.739,-0.136,0.687,-0.694,-0.649,-0.714,-0.408,-0.664,0.961,-0.503,-0.833,-0.782,-0.061,-0.597,-0.125,0.504,-0.599,-0.42,0.548,-0.23,0.283,0.796,-0.648,0.8,-0.577,0.914,-0.542,0.525,-0.71,-0.125,-0.762,-0.649,0.669,0.628,0.789,0.677,0.962,-0.578,-0.377,0.73,-0.449,0.132,-0.296,0.602,-0.514,-0.44,-0.543,-0.434,-0.429,0.667,-0.743,0.194,0.515,0.276,-0.593,0.641,-0.236,-0.575,0.308,-0.618,0.875,-0.16,-0.236,-0.685,-0.416,-0.329,-0.819,-0.315,-0.002,-0.166,-0.322,-0.523,-0.789,-0.23,0.743,0.555,0.203,-0.242,-0.735,-0.692,-0.785,-0.724,-0.789,-0.724,0.878,-0.536,-0.812,-0.714,0.279,0.141,-0.466,0.692,-0.67,-0.456,-0.669,-0.59,-0.372,0.859,0.702,0.858,0.174,0.467,-0.455,-0.244,-0.812,0.936,0.831,0.611,-0.331,0.637,0.726,-0.161,0.887,-0.317,0.916,0.742,0.817,-0.674,-0.816,-0.373,0.819,-0.149,0.896,-0.655
000338SZ,-0.133,0.167,0.507,0.539,0.092,1.0,0.595,-0.047,0.234,-0.121,0.167,0.243,0.408,0.549,0.554,0.777,0.567,0.361,0.205,0.087,0.381,0.631,0.479,0.38,-0.223,0.523,0.07,0.254,0.421,0.034,0.534,0.354,0.786,0.09,0.147,-0.041,-0.247,0.697,-0.109,0.306,0.69,-0.237,0.109,0.597,0.019,0.499,0.243,0.525,0.388,0.213,-0.04,0.641,0.194,0.618,0.646,0.407,0.599,0.135,0.256,0.294,0.409,0.547,0.705,0.275,0.209,0.698,0.586,-0.089,0.343,-0.021,0.611,0.063,0.385,0.042,0.564,0.428,0.341,0.093,0.372,0.068,0.399,0.43,0.225,0.443,0.192,0.13,-0.009,0.296,-0.202,0.613,0.064,0.116,-0.11,0.273,0.794,-0.092,0.098,0.275,0.421,0.415,0.597,0.015,0.52,0.147,0.222,0.793,0.5,0.742,0.536,0.301,0.642,0.376,0.514,0.69,0.148,0.322,0.344,-0.094,0.076,0.555,0.257,0.417,0.657,0.276,0.451,0.51,-0.387,0.001,0.107,0.066,0.565,0.525,0.386,0.647,0.25,0.031,0.024,0.096,0.399,0.146,0.503,0.475,0.159,0.408,0.501,0.664,0.412,0.106,-0.097,0.272,-0.015,0.787,0.246,-0.251,-0.229,0.255,0.089,-0.069,0.056,0.329,0.288,-0.308,0.647,-0.061,0.599,0.315,0.026,0.128,0.333,-0.218,-0.101,0.298,0.465,0.327,0.406,0.227,0.405,0.297,0.069,0.264,0.234,0.146,-0.122,0.356,0.419,0.17,0.555,0.277,0.557,0.203,-0.129,-0.251,0.021,-0.147,0.802,0.004,0.206,0.289,-0.046,0.316,0.562,0.548,-0.067,0.371,0.487,0.134,0.529,0.201,0.417,0.325,0.463,0.271,0.542,0.136,0.662,0.223,0.446
000538SZ,-0.542,0.108,0.651,0.726,-0.371,0.595,1.0,-0.378,0.68,0.129,-0.327,-0.351,0.618,0.647,0.565,0.498,0.707,-0.068,0.239,-0.447,0.067,0.763,0.815,0.714,-0.454,0.07,-0.317,0.779,0.799,-0.306,0.735,0.138,0.655,-0.424,-0.199,-0.195,-0.4,0.724,-0.482,0.38,0.385,-0.496,0.051,0.294,-0.358,0.769,0.156,0.734,-0.072,0.549,-0.409,0.627,-0.242,0.321,0.795,0.641,0.569,0.466,0.568,-0.04,0.658,0.536,0.334,-0.304,-0.22,0.639,0.777,-0.335,0.075,-0.253,0.123,0.6,0.601,-0.422,0.823,0.671,0.473,0.138,-0.109,0.004,0.032,-0.015,0.239,0.54,0.566,0.069,0.304,0.486,-0.616,0.68,0.491,0.547,-0.46,0.573,0.764,-0.553,0.251,0.456,0.757,0.655,0.747,-0.427,0.58,0.55,0.483,0.704,0.629,0.636,0.092,0.443,0.842,0.025,0.378,0.406,-0.281,0.45,-0.1,0.231,-0.271,0.828,0.119,0.564,0.653,0.723,0.667,0.034,-0.419,-0.25,0.009,-0.318,0.727,0.398,0.209,0.826,0.338,0.322,-0.467,0.384,0.471,0.201,0.806,0.702,-0.239,0.731,0.056,0.382,-0.084,0.587,-0.517,0.117,0.297,0.245,0.345,-0.544,-0.461,0.134,0.329,-0.023,0.325,0.695,0.498,-0.456,0.471,-0.053,0.74,0.641,0.064,-0.299,-0.257,-0.395,-0.011,0.692,0.785,0.612,0.62,0.546,0.619,-0.229,0.33,0.532,0.54,-0.179,-0.375,0.477,0.093,0.604,0.754,0.58,0.658,0.586,-0.577,-0.233,-0.302,-0.461,0.267,-0.049,0.062,0.617,-0.42,0.036,0.226,0.783,-0.174,-0.047,0.641,-0.192,0.744,-0.171,-0.061,-0.176,0.631,0.678,0.734,-0.131,0.734,-0.274,0.696
000568SZ,0.653,-0.19,-0.77,-0.718,0.948,-0.047,-0.378,1.0,-0.031,-0.547,0.836,0.732,0.001,-0.692,-0.206,0.127,-0.602,0.172,0.475,0.754,0.819,-0.398,-0.587,-0.837,0.872,0.637,0.634,-0.462,-0.796,0.639,-0.677,0.642,0.102,0.886,0.881,0.806,0.846,-0.042,0.783,0.337,0.32,0.894,0.774,0.497,0.878,-0.616,-0.282,-0.527,0.48,-0.777,0.965,-0.267,0.782,0.532,-0.453,-0.836,-0.075,-0.637,-0.92,0.28,-0.786,-0.516,0.468,0.843,0.824,-0.6,-0.472,0.855,0.484,0.65,0.501,-0.685,-0.221,0.922,-0.631,-0.715,0.104,0.076,0.816,0.709,0.831,0.764,-0.635,-0.619,-0.835,-0.445,-0.742,-0.477,0.843,-0.532,-0.309,-0.813,0.742,-0.805,-0.211,0.641,-0.78,-0.712,-0.758,-0.451,-0.744,0.957,-0.57,-0.865,-0.848,-0.1,-0.685,-0.224,0.444,-0.664,-0.437,0.519,-0.326,0.21,0.809,-0.755,0.799,-0.586,0.951,-0.588,0.569,-0.795,-0.186,-0.768,-0.734,0.637,0.719,0.82,0.741,0.963,-0.662,-0.51,0.76,-0.479,0.11,-0.221,0.529,-0.517,-0.522,-0.646,-0.422,-0.491,0.633,-0.796,0.02,0.493,0.168,-0.533,0.598,-0.36,-0.58,0.16,-0.732,0.908,-0.253,-0.34,-0.728,-0.475,-0.309,-0.85,-0.303,-0.048,-0.25,-0.338,-0.596,-0.828,-0.266,0.713,0.399,0.199,-0.234,-0.756,-0.709,-0.846,-0.771,-0.833,-0.809,0.84,-0.562,-0.875,-0.728,0.189,0.062,-0.516,0.694,-0.66,-0.5,-0.707,-0.688,-0.364,0.86,0.826,0.898,0.109,0.334,-0.532,-0.358,-0.857,0.958,0.841,0.585,-0.367,0.678,0.702,-0.17,0.923,-0.327,0.902,0.694,0.799,-0.724,-0.818,-0.393,0.863,-0.178,0.857,-0.7
000596SZ,-0.531,-0.094,0.126,0.313,-0.146,0.234,0.68,-0.031,1.0,-0.219,-0.236,-0.38,0.668,0.182,0.522,0.183,0.275,-0.449,0.512,-0.274,0.143,0.408,0.636,0.43,-0.085,-0.145,-0.288,0.792,0.445,-0.207,0.458,0.38,0.512,-0.317,0.171,0.215,0.144,0.61,-0.325,0.517,0.271,-0.069,0.421,0.441,0.046,0.412,0.062,0.654,-0.013,0.368,-0.099,0.252,-0.065,0.391,0.458,0.159,0.56,0.511,0.169,-0.055,0.262,0.01,0.104,-0.111,0.031,0.143,0.588,-0.043,0.208,0.026,-0.091,0.597,0.583,-0.148,0.373,0.28,0.713,0.41,0.04,0.29,0.186,0.066,-0.277,0.17,0.36,-0.354,-0.135,0.043,-0.293,0.37,0.676,0.221,-0.194,0.152,0.32,-0.557,-0.163,0.023,0.434,0.301,0.332,-0.185,0.295,0.208,0.144,0.415,0.219,0.096,-0.011,-0.055,0.685,-0.026,-0.178,0.235,-0.023,0.047,0.176,0.053,0.058,0.484,0.444,0.201,0.302,0.414,0.351,0.072,0.006,0.129,0.347,-0.092,0.354,0.038,0.377,0.484,0.021,0.351,-0.6,0.112,-0.012,-0.305,0.705,0.383,-0.265,0.353,-0.379,0.429,-0.092,0.473,-0.588,-0.398,-0.008,-0.082,-0.181,-0.237,-0.695,-0.336,-0.11,-0.351,0.021,0.26,0.497,-0.593,0.231,-0.323,0.242,0.267,-0.319,-0.237,-0.605,-0.199,-0.138,0.228,0.518,0.217,0.214,0.163,0.154,-0.021,0.072,0.089,0.431,-0.513,-0.649,0.24,0.21,0.242,0.494,0.316,0.229,0.544,-0.346,0.208,-0.01,-0.718,0.057,-0.391,-0.418,0.165,-0.182,0.186,0.309,0.492,-0.068,0.127,0.658,0.133,0.621,-0.013,0.024,-0.066,0.365,0.449,0.545,0.18,0.607,-0.186,0.442
000617SZ,0.048,-0.024,0.56,0.455,-0.521,-0.121,0.129,-0.547,-0.219,1.0,-0.318,-0.213,-0.416,0.47,-0.175,-0.15,0.557,0.21,-0.467,-0.227,-0.337,0.115,0.017,0.392,-0.349,-0.312,-0.023,-0.023,0.401,-0.126,0.141,-0.691,-0.28,-0.441,-0.79,-0.71,-0.499,-0.455,-0.16,-0.565,-0.502,-0.6,-0.582,-0.582,-0.579,0.362,0.299,0.224,-0.451,0.169,-0.503,0.29,-0.674,-0.53,0.003,0.575,-0.507,0.106,0.648,0.079,0.488,0.653,-0.277,-0.653,-0.774,0.308,-0.095,-0.307,-0.525,-0.134,-0.184,0.358,0.304,-0.572,0.298,0.528,-0.248,-0.542,-0.536,-0.363,-0.623,-0.536,0.825,0.599,0.36,0.845,0.877,0.778,-0.396,0.118,-0.209,0.743,-0.38,0.732,0.081,0.064,0.832,0.781,0.402,0.289,0.356,-0.54,0.415,0.737,0.565,-0.04,0.431,0.261,-0.267,0.758,-0.016,-0.068,0.361,-0.081,-0.334,0.399,-0.624,0.798,-0.639,0.273,-0.656,0.464,0.281,0.47,0.311,-0.473,-0.179,-0.771,-0.817,-0.535,0.412,0.306,-0.552,0.32,-0.051,0.532,0.126,0.718,0.753,0.854,-0.158,0.132,-0.144,0.388,0.095,-0.596,-0.062,0.436,0.136,0.759,0.846,-0.061,0.795,-0.422,0.635,0.758,0.915,0.805,0.71,0.622,0.06,0.632,0.199,0.697,0.446,0.622,0.712,-0.022,0.014,-0.078,0.647,0.709,0.224,0.58,0.59,0.749,0.558,-0.689,0.783,0.728,0.052,0.458,0.57,0.376,-0.678,0.74,0.384,0.334,0.444,-0.154,-0.279,-0.514,-0.588,0.466,-0.255,0.714,0.721,0.665,-0.512,-0.586,-0.708,0.395,0.011,-0.777,-0.322,-0.708,0.035,-0.527,-0.678,-0.339,0.354,0.392,-0.101,-0.786,-0.269,-0.662,0.077
000625SZ,0.748,-0.288,-0.503,-0.573,0.876,0.167,-0.327,0.836,-0.236,-0.318,1.0,0.87,-0.058,-0.492,-0.255,0.331,-0.427,0.472,0.335,0.755,0.827,-0.207,-0.578,-0.706,0.765,0.709,0.731,-0.569,-0.656,0.791,-0.577,0.491,0.233,0.902,0.704,0.604,0.612,-0.025,0.845,0.293,0.365,0.713,0.556,0.493,0.775,-0.506,-0.163,-0.466,0.469,-0.803,0.876,0.016,0.737,0.587,-0.279,-0.606,-0.157,-0.671,-0.711,0.52,-0.641,-0.194,0.568,0.784,0.682,-0.369,-0.39,0.818,0.392,0.624,0.725,-0.718,-0.138,0.839,-0.498,-0.482,0.039,-0.199,0.86,0.645,0.74,0.768,-0.346,-0.401,-0.779,-0.164,-0.539,-0.248,0.712,-0.435,-0.523,-0.653,0.612,-0.574,0.027,0.738,-0.547,-0.413,-0.687,-0.387,-0.531,0.885,-0.4,-0.691,-0.665,-0.01,-0.506,0.1,0.46,-0.292,-0.425,0.718,-0.116,0.418,0.746,-0.621,0.719,-0.372,0.816,-0.466,0.497,-0.605,-0.019,-0.663,-0.638,0.708,0.55,0.593,0.537,0.87,-0.431,-0.347,0.681,-0.291,0.252,-0.118,0.71,-0.295,-0.209,-0.326,-0.461,-0.429,0.756,-0.702,0.227,0.47,0.249,-0.537,0.716,-0.055,-0.395,0.421,-0.44,0.798,-0.057,0.021,-0.463,-0.302,-0.139,-0.65,-0.363,0.118,-0.133,-0.085,-0.364,-0.657,0.015,0.888,0.623,0.141,-0.062,-0.566,-0.612,-0.681,-0.579,-0.613,-0.629,0.768,-0.402,-0.632,-0.743,0.497,0.297,-0.449,0.635,-0.51,-0.394,-0.704,-0.517,-0.519,0.848,0.536,0.727,0.278,0.484,-0.348,-0.079,-0.633,0.889,0.786,0.488,-0.147,0.731,0.591,-0.225,0.76,-0.198,0.866,0.648,0.818,-0.603,-0.764,-0.408,0.649,-0.173,0.806,-0.693
000651SZ,0.824,-0.134,-0.396,-0.47,0.827,0.243,-0.351,0.732,-0.38,-0.213,0.87,1.0,-0.204,-0.395,-0.285,0.439,-0.266,0.596,0.129,0.847,0.769,-0.25,-0.596,-0.677,0.691,0.737,0.817,-0.676,-0.646,0.782,-0.507,0.43,0.191,0.913,0.617,0.523,0.452,-0.11,0.864,0.042,0.355,0.642,0.51,0.397,0.715,-0.481,0.107,-0.447,0.537,-0.822,0.801,0.094,0.751,0.511,-0.329,-0.496,-0.201,-0.765,-0.601,0.602,-0.586,-0.104,0.531,0.753,0.61,-0.229,-0.425,0.742,0.509,0.535,0.746,-0.775,-0.183,0.809,-0.476,-0.389,0.006,-0.318,0.813,0.568,0.692,0.746,-0.098,-0.291,-0.772,0.071,-0.365,-0.142,0.73,-0.341,-0.695,-0.58,0.64,-0.496,0.018,0.86,-0.349,-0.34,-0.614,-0.325,-0.446,0.833,-0.279,-0.629,-0.603,-0.021,-0.305,0.171,0.566,-0.252,-0.374,0.769,0.071,0.473,0.734,-0.532,0.728,-0.453,0.703,-0.478,0.397,-0.535,-0.026,-0.683,-0.558,0.752,0.479,0.478,0.356,0.805,-0.314,-0.219,0.61,-0.219,0.189,-0.098,0.801,-0.176,-0.015,-0.132,-0.535,-0.501,0.823,-0.641,0.48,0.42,0.345,-0.486,0.813,0.167,-0.277,0.561,-0.278,0.744,0.172,0.256,-0.329,-0.024,-0.081,-0.581,-0.364,0.27,-0.006,0.077,-0.327,-0.556,0.099,0.885,0.802,0.341,0.11,-0.477,-0.592,-0.606,-0.418,-0.506,-0.529,0.746,-0.237,-0.538,-0.702,0.674,0.487,-0.315,0.63,-0.402,-0.333,-0.693,-0.438,-0.615,0.846,0.458,0.703,0.473,0.591,-0.115,0.222,-0.542,0.808,0.706,0.454,-0.16,0.667,0.517,-0.248,0.664,-0.186,0.826,0.639,0.793,-0.576,-0.755,-0.444,0.528,-0.22,0.757,-0.61
000661SZ,-0.432,-0.118,0.239,0.304,-0.028,0.408,0.618,0.001,0.668,-0.416,-0.058,-0.204,1.0,0.275,0.455,0.476,0.229,-0.11,0.322,-0.278,0.246,0.718,0.672,0.41,-0.072,0.087,-0.16,0.663,0.435,-0.077,0.462,0.39,0.682,-0.145,0.24,0.215,-0.004,0.813,-0.23,0.844,0.538,-0.023,0.305,0.565,0.145,0.374,0.053,0.502,0.354,0.337,-0.097,0.477,0.158,0.516,0.695,0.214,0.733,0.458,0.131,0.2,0.235,0.134,0.416,0.076,0.153,0.351,0.671,0.001,0.349,-0.092,0.243,0.279,0.399,-0.033,0.418,0.389,0.592,0.352,0.17,0.344,0.334,0.345,-0.277,0.206,0.324,-0.365,-0.241,-0.064,-0.273,0.392,0.413,0.052,-0.275,0.073,0.593,-0.426,-0.273,0.026,0.357,0.305,0.374,-0.097,0.36,0.047,0.062,0.544,0.308,0.375,0.106,0.019,0.681,0.159,0.103,0.454,-0.017,0.119,0.216,-0.152,0.149,0.562,0.454,0.248,0.339,0.298,0.379,0.337,-0.27,0.121,0.418,-0.018,0.424,0.118,0.446,0.454,0.301,0.154,-0.395,0.037,-0.019,-0.261,0.648,0.559,-0.14,0.38,0.038,0.685,-0.077,0.332,-0.482,-0.342,-0.28,0.237,-0.161,-0.26,-0.692,-0.285,-0.226,-0.514,-0.086,0.224,0.264,-0.633,0.313,-0.361,0.401,0.137,-0.225,-0.164,-0.31,-0.325,-0.39,0.115,0.468,0.188,0.208,0.078,0.17,0.25,-0.206,0.077,0.4,-0.346,-0.563,0.151,0.34,0.009,0.322,0.201,0.243,0.507,-0.227,0.036,-0.011,-0.605,0.268,-0.381,-0.356,0.187,-0.059,0.389,0.501,0.49,-0.061,0.332,0.573,0.196,0.613,0.153,0.233,0.044,0.408,0.367,0.632,0.229,0.813,0.102,0.508
000708SZ,-0.511,0.262,0.888,0.926,-0.62,0.549,0.647,-0.692,0.182,0.47,-0.492,-0.395,0.275,1.0,0.546,0.379,0.886,0.085,-0.187,-0.459,-0.266,0.74,0.704,0.854,-0.704,-0.059,-0.347,0.526,0.844,-0.498,0.786,-0.254,0.387,-0.591,-0.588,-0.685,-0.734,0.379,-0.63,-0.062,0.2,-0.839,-0.509,-0.043,-0.64,0.863,0.351,0.73,-0.073,0.707,-0.73,0.622,-0.517,-0.07,0.689,0.909,0.379,0.572,0.846,0.015,0.909,0.835,0.185,-0.444,-0.503,0.898,0.631,-0.641,-0.241,-0.354,0.016,0.523,0.467,-0.671,0.827,0.794,0.141,0.013,-0.405,-0.464,-0.335,-0.255,0.646,0.83,0.746,0.521,0.595,0.676,-0.731,0.793,0.25,0.694,-0.614,0.842,0.646,-0.455,0.641,0.781,0.87,0.701,0.895,-0.68,0.849,0.793,0.744,0.691,0.818,0.623,0.134,0.704,0.7,-0.133,0.599,0.29,-0.37,0.818,-0.407,0.511,-0.599,0.84,-0.397,0.9,0.724,0.817,0.86,-0.167,-0.777,-0.62,-0.494,-0.618,0.812,0.8,-0.321,0.735,0.105,0.236,-0.322,0.501,0.708,0.622,0.553,0.748,-0.423,0.893,0.381,0.045,0.199,0.509,-0.412,0.563,0.497,0.401,0.773,-0.829,0.092,0.439,0.643,0.339,0.332,0.864,0.458,-0.062,0.738,0.186,0.882,0.832,0.28,-0.372,-0.059,-0.408,0.046,0.794,0.795,0.902,0.843,0.806,0.914,-0.43,0.503,0.869,0.583,0.016,-0.054,0.715,-0.365,0.628,0.661,0.762,0.912,0.443,-0.643,-0.743,-0.609,-0.087,0.222,0.461,0.444,0.867,-0.72,-0.397,-0.056,0.654,-0.463,-0.29,0.344,-0.609,0.434,-0.546,-0.236,-0.271,0.89,0.82,0.693,-0.545,0.581,-0.487,0.779
000725SZ,-0.671,0.599,0.296,0.632,-0.158,0.554,0.565,-0.206,0.522,-0.175,-0.255,-0.285,0.455,0.546,1.0,0.404,0.493,-0.474,0.546,-0.201,-0.002,0.455,0.711,0.558,-0.426,0.192,-0.433,0.672,0.482,-0.57,0.716,0.414,0.609,-0.267,0.073,-0.078,-0.207,0.626,-0.581,0.261,0.573,-0.366,0.047,0.472,-0.147,0.75,0.264,0.68,0.138,0.626,-0.294,0.171,-0.146,0.205,0.614,0.457,0.816,0.617,0.323,-0.184,0.584,0.213,0.282,0.12,0.206,0.549,0.742,-0.497,0.163,0.074,-0.019,0.449,0.196,-0.176,0.646,0.239,0.583,0.713,0.007,-0.305,0.121,0.09,-0.094,0.282,0.539,-0.195,-0.167,0.083,-0.432,0.836,0.688,0.082,-0.052,0.331,0.384,-0.604,0.046,0.196,0.657,0.733,0.601,-0.222,0.571,0.311,0.449,0.759,0.375,0.148,0.496,-0.024,0.683,-0.28,-0.057,0.203,0.036,0.624,0.097,0.138,-0.13,0.57,0.21,0.603,0.558,0.569,0.685,0.057,-0.548,0.16,0.207,-0.114,0.398,0.714,0.038,0.442,-0.164,-0.22,-0.628,-0.135,0.084,-0.19,0.779,0.602,-0.55,0.588,0.118,0.37,0.543,0.123,-0.621,-0.127,0.023,0.329,0.138,-0.409,-0.405,-0.233,-0.089,-0.266,-0.378,0.384,0.777,-0.613,0.688,-0.445,0.396,0.477,-0.533,-0.352,-0.18,-0.213,-0.407,0.2,0.656,0.52,0.247,0.258,0.465,0.033,0.138,0.287,0.631,-0.496,-0.648,0.705,0.125,0.079,0.414,0.66,0.626,0.656,-0.4,-0.214,-0.021,-0.64,0.42,-0.13,-0.237,0.317,-0.356,-0.027,0.452,0.323,-0.526,0.374,0.802,-0.036,0.367,-0.233,0.324,0.115,0.628,0.61,0.862,0.12,0.808,-0.063,0.707
000768SZ,0.05,0.111,0.329,0.391,0.228,0.777,0.498,0.127,0.183,-0.15,0.331,0.439,0.476,0.379,0.404,1.0,0.464,0.386,0.243,0.255,0.554,0.599,0.31,0.237,-0.037,0.629,0.318,0.129,0.219,0.256,0.446,0.398,0.809,0.301,0.302,0.191,-0.164,0.649,0.164,0.405,0.843,-0.028,0.288,0.598,0.196,0.391,0.376,0.349,0.548,-0.063,0.131,0.725,0.375,0.703,0.63,0.307,0.52,-0.064,0.13,0.516,0.218,0.451,0.666,0.387,0.303,0.609,0.54,0.093,0.594,0.143,0.761,-0.141,0.253,0.213,0.443,0.384,0.518,-0.041,0.527,0.262,0.541,0.646,0.165,0.354,0.025,0.129,-0.081,0.236,-0.066,0.487,-0.138,-0.064,0.086,0.155,0.74,0.105,-0.002,0.174,0.244,0.389,0.44,0.181,0.495,0.005,0.058,0.7,0.434,0.679,0.663,0.192,0.552,0.601,0.387,0.849,0.328,0.177,0.528,-0.214,0.24,0.385,0.435,0.272,0.563,0.135,0.306,0.701,-0.299,0.12,0.237,0.256,0.517,0.428,0.559,0.571,0.318,0.023,0.141,0.217,0.399,0.083,0.317,0.293,0.288,0.244,0.544,0.708,0.448,-0.01,0.054,0.257,-0.02,0.807,0.152,-0.048,-0.199,0.342,-0.014,-0.035,-0.01,0.223,0.264,-0.274,0.594,-0.019,0.44,0.209,0.001,0.356,0.467,-0.006,-0.012,0.161,0.332,0.184,0.26,0.121,0.232,0.451,0.1,0.115,0.147,0.347,-0.052,0.336,0.544,0.056,0.255,-0.011,0.349,0.124,0.123,-0.071,0.2,-0.099,0.82,-0.078,0.259,0.193,0.147,0.488,0.608,0.538,0.124,0.473,0.473,0.269,0.517,0.38,0.561,0.452,0.275,0.1,0.484,0.206,0.605,0.358,0.332
000776SZ,-0.395,0.25,0.878,0.944,-0.52,0.567,0.707,-0.602,0.275,0.557,-0.427,-0.266,0.229,0.886,0.493,0.464,1.0,0.164,-0.167,-0.348,-0.132,0.713,0.654,0.815,-0.64,-0.018,-0.221,0.479,0.803,-0.353,0.762,-0.242,0.419,-0.527,-0.545,-0.622,-0.694,0.331,-0.486,-0.119,0.19,-0.781,-0.346,0.007,-0.558,0.84,0.455,0.74,-0.018,0.579,-0.628,0.725,-0.467,-0.016,0.663,0.858,0.334,0.465,0.824,0.106,0.874,0.875,0.208,-0.438,-0.51,0.875,0.622,-0.529,-0.092,-0.288,0.132,0.543,0.529,-0.616,0.825,0.81,0.253,-0.104,-0.348,-0.314,-0.26,-0.214,0.738,0.811,0.649,0.625,0.658,0.741,-0.659,0.757,0.192,0.736,-0.534,0.853,0.658,-0.328,0.702,0.811,0.87,0.698,0.864,-0.611,0.864,0.793,0.702,0.66,0.854,0.674,0.158,0.693,0.737,0.022,0.608,0.437,-0.253,0.731,-0.29,0.516,-0.531,0.816,-0.307,0.844,0.765,0.765,0.818,-0.112,-0.596,-0.61,-0.488,-0.528,0.868,0.737,-0.176,0.823,0.073,0.406,-0.222,0.645,0.815,0.674,0.504,0.682,-0.26,0.851,0.363,0.087,0.21,0.54,-0.303,0.653,0.587,0.435,0.8,-0.731,0.121,0.577,0.711,0.468,0.466,0.848,0.463,0.023,0.738,0.256,0.881,0.856,0.36,-0.224,-0.006,-0.295,0.243,0.838,0.741,0.854,0.863,0.833,0.895,-0.389,0.645,0.843,0.492,0.171,0.053,0.704,-0.283,0.719,0.765,0.697,0.897,0.381,-0.55,-0.61,-0.533,-0.036,0.333,0.477,0.578,0.832,-0.641,-0.313,-0.068,0.764,-0.282,-0.318,0.35,-0.545,0.536,-0.418,-0.247,-0.213,0.835,0.741,0.612,-0.535,0.516,-0.491,0.707
000786SZ,0.651,-0.397,0.259,-0.037,0.283,0.361,-0.068,0.172,-0.449,0.21,0.472,0.596,-0.11,0.085,-0.474,0.386,0.164,1.0,-0.453,0.364,0.402,0.207,-0.331,-0.199,0.197,0.41,0.628,-0.55,-0.109,0.622,-0.233,-0.194,0.095,0.384,-0.012,-0.108,-0.095,-0.086,0.535,-0.036,0.087,0.069,-0.04,0.046,0.14,-0.228,0.05,-0.215,0.342,-0.447,0.239,0.54,0.297,0.3,-0.024,-0.01,-0.315,-0.53,-0.041,0.562,-0.117,0.478,0.476,0.156,-0.056,0.218,-0.246,0.419,0.093,-0.048,0.72,-0.49,0.156,0.199,-0.094,0.203,-0.351,-0.719,0.314,0.321,0.226,0.348,0.454,0.226,-0.39,0.506,0.244,0.302,0.248,-0.223,-0.774,0.057,-0.075,0.008,0.388,0.658,0.135,0.178,-0.232,-0.308,-0.027,0.238,0.028,-0.125,-0.24,0.05,0.177,0.64,0.12,0.396,-0.117,0.693,0.671,0.525,0.212,-0.221,0.201,-0.132,0.219,-0.008,-0.137,-0.108,0.201,-0.31,-0.22,0.439,0.123,-0.26,-0.197,0.19,0.174,-0.097,0.278,0.163,0.448,0.249,0.82,0.334,0.391,0.491,-0.448,-0.076,0.757,-0.148,0.555,0.252,-0.056,-0.055,0.67,0.606,0.0,0.564,0.254,0.138,0.352,0.613,0.272,0.301,0.521,-0.043,-0.58,0.481,0.057,0.447,0.278,-0.158,0.717,0.566,0.661,-0.095,0.311,0.128,-0.276,-0.141,0.197,0.011,0.023,0.26,-0.039,0.054,-0.527,0.8,0.702,-0.308,0.15,0.079,0.081,-0.366,0.001,-0.489,0.37,-0.11,0.003,0.668,0.429,0.273,0.606,0.014,0.324,0.313,0.065,0.221,0.533,-0.044,-0.502,0.11,-0.014,0.436,0.09,0.287,-0.12,-0.364,-0.353,-0.067,-0.203,0.303,-0.312
000800SZ,-0.164,0.279,-0.388,-0.099,0.441,0.205,0.239,0.475,0.512,-0.467,0.335,0.129,0.322,-0.187,0.546,0.243,-0.167,-0.453,1.0,0.177,0.483,-0.022,0.157,-0.148,0.283,0.399,-0.023,0.318,-0.145,-0.041,0.066,0.739,0.481,0.322,0.588,0.554,0.464,0.397,0.049,0.479,0.525,0.341,0.602,0.57,0.402,0.153,-0.06,0.124,0.086,-0.069,0.431,-0.195,0.342,0.437,0.159,-0.242,0.463,0.038,-0.383,-0.083,-0.136,-0.343,0.316,0.497,0.621,-0.204,0.256,0.187,0.306,0.534,0.145,-0.011,-0.013,0.401,0.074,-0.37,0.539,0.592,0.497,0.276,0.517,0.422,-0.599,-0.322,-0.153,-0.587,-0.602,-0.283,0.14,0.171,0.452,-0.439,0.434,-0.272,0.105,-0.173,-0.514,-0.386,-0.036,0.239,-0.112,0.442,-0.136,-0.274,-0.192,0.335,-0.305,-0.195,0.462,-0.461,0.142,0.03,-0.508,0.071,0.361,-0.121,0.479,-0.161,0.455,-0.016,0.587,-0.176,0.2,0.007,-0.017,0.277,0.197,0.722,0.714,0.53,-0.223,0.043,0.538,-0.041,0.047,-0.28,-0.28,-0.464,-0.37,-0.662,0.389,0.054,-0.075,-0.138,-0.179,0.437,0.29,-0.238,-0.17,-0.509,-0.267,0.048,-0.442,0.368,-0.589,-0.499,-0.546,-0.571,-0.478,-0.248,0.444,-0.574,0.075,-0.589,-0.212,-0.176,-0.643,0.148,-0.069,-0.02,-0.444,-0.314,0.045,-0.21,-0.424,-0.364,-0.269,0.43,-0.216,-0.407,0.016,-0.37,-0.567,0.117,0.524,-0.294,-0.108,0.009,-0.101,0.305,0.167,0.498,0.527,-0.562,0.276,-0.605,-0.577,-0.338,0.336,0.509,0.574,0.044,0.119,0.657,0.609,0.544,0.135,0.354,0.583,0.44,-0.155,-0.072,0.35,0.637,0.377,0.404,0.003
000807SZ,0.778,-0.067,-0.561,-0.517,0.781,0.087,-0.447,0.754,-0.274,-0.227,0.755,0.847,-0.278,-0.459,-0.201,0.255,-0.348,0.364,0.177,1.0,0.676,-0.401,-0.65,-0.698,0.707,0.616,0.814,-0.634,-0.724,0.702,-0.581,0.394,0.017,0.848,0.686,0.597,0.651,-0.201,0.819,-0.029,0.297,0.709,0.576,0.371,0.749,-0.537,0.123,-0.366,0.437,-0.801,0.792,-0.051,0.591,0.45,-0.468,-0.592,-0.241,-0.634,-0.645,0.498,-0.645,-0.247,0.352,0.757,0.634,-0.356,-0.498,0.733,0.548,0.663,0.528,-0.641,-0.094,0.832,-0.576,-0.486,0.085,-0.17,0.738,0.522,0.652,0.707,-0.19,-0.288,-0.733,-0.002,-0.414,-0.174,0.834,-0.327,-0.508,-0.606,0.783,-0.586,-0.215,0.804,-0.349,-0.421,-0.661,-0.364,-0.554,0.806,-0.305,-0.657,-0.63,-0.104,-0.354,-0.069,0.583,-0.409,-0.388,0.647,-0.073,0.342,0.835,-0.599,0.764,-0.446,0.705,-0.617,0.446,-0.563,-0.191,-0.7,-0.632,0.705,0.577,0.508,0.363,0.763,-0.461,-0.242,0.507,-0.267,-0.121,-0.106,0.687,-0.246,-0.147,-0.248,-0.542,-0.626,0.635,-0.711,0.306,0.356,0.478,-0.432,0.745,0.065,-0.203,0.465,-0.408,0.758,0.24,0.137,-0.371,0.039,-0.134,-0.642,-0.18,0.299,0.048,0.105,-0.46,-0.533,-0.014,0.783,0.652,0.455,0.209,-0.567,-0.651,-0.647,-0.453,-0.531,-0.635,0.689,-0.136,-0.616,-0.637,0.509,0.396,-0.228,0.584,-0.438,-0.34,-0.721,-0.487,-0.617,0.869,0.569,0.743,0.428,0.473,-0.053,0.119,-0.621,0.766,0.605,0.391,-0.326,0.583,0.518,-0.263,0.686,-0.271,0.731,0.598,0.82,-0.589,-0.715,-0.483,0.552,-0.3,0.658,-0.616
000858SZ,0.58,-0.206,-0.323,-0.301,0.814,0.381,0.067,0.819,0.143,-0.337,0.827,0.769,0.246,-0.266,-0.002,0.554,-0.132,0.402,0.483,0.676,1.0,0.068,-0.259,-0.486,0.691,0.792,0.685,-0.232,-0.404,0.663,-0.335,0.643,0.491,0.792,0.744,0.644,0.586,0.268,0.713,0.483,0.579,0.62,0.744,0.66,0.729,-0.223,-0.067,-0.147,0.528,-0.64,0.8,0.243,0.7,0.765,-0.026,-0.431,0.116,-0.522,-0.566,0.542,-0.429,-0.032,0.766,0.755,0.671,-0.16,-0.139,0.776,0.555,0.627,0.794,-0.516,0.151,0.755,-0.206,-0.266,0.298,-0.062,0.867,0.777,0.902,0.882,-0.301,-0.191,-0.607,-0.164,-0.474,-0.051,0.585,-0.185,-0.336,-0.504,0.529,-0.423,0.319,0.58,-0.52,-0.324,-0.398,-0.128,-0.313,0.793,-0.167,-0.541,-0.586,0.324,-0.273,0.284,0.612,-0.254,-0.036,0.786,0.054,0.601,0.765,-0.519,0.809,-0.397,0.81,-0.152,0.591,-0.453,0.28,-0.432,-0.4,0.805,0.478,0.59,0.618,0.838,-0.206,-0.193,0.899,0.018,0.321,0.056,0.537,-0.181,-0.05,-0.324,-0.153,-0.181,0.68,-0.446,0.285,0.726,0.266,-0.259,0.559,-0.029,-0.323,0.519,-0.386,0.653,-0.266,0.027,-0.413,-0.315,-0.013,-0.444,-0.108,-0.063,0.121,-0.164,-0.112,-0.456,-0.015,0.789,0.505,0.035,-0.098,-0.338,-0.364,-0.497,-0.359,-0.46,-0.445,0.791,-0.295,-0.515,-0.569,0.417,0.135,-0.222,0.757,-0.294,-0.113,-0.497,-0.291,-0.258,0.701,0.61,0.729,0.117,0.629,-0.365,-0.057,-0.467,0.793,0.914,0.697,0.155,0.727,0.661,0.042,0.803,0.074,0.882,0.704,0.844,-0.381,-0.531,-0.095,0.72,0.154,0.752,-0.412
000876SZ,-0.425,-0.009,0.745,0.742,-0.327,0.631,0.763,-0.398,0.408,0.115,-0.207,-0.25,0.718,0.74,0.455,0.599,0.713,0.207,-0.022,-0.401,0.068,1.0,0.737,0.73,-0.446,0.083,-0.21,0.581,0.756,-0.16,0.679,-0.046,0.64,-0.385,-0.244,-0.309,-0.493,0.684,-0.385,0.504,0.438,-0.525,-0.148,0.258,-0.309,0.683,0.164,0.665,0.232,0.517,-0.471,0.803,-0.196,0.311,0.908,0.674,0.572,0.521,0.595,0.234,0.677,0.711,0.437,-0.224,-0.269,0.793,0.752,-0.31,0.055,-0.314,0.327,0.399,0.535,-0.42,0.789,0.777,0.366,0.001,-0.122,-0.039,0.023,0.08,0.343,0.649,0.565,0.227,0.296,0.473,-0.567,0.634,0.238,0.483,-0.587,0.6,0.841,-0.392,0.285,0.539,0.679,0.523,0.75,-0.433,0.717,0.507,0.454,0.708,0.692,0.757,0.099,0.553,0.787,0.182,0.586,0.603,-0.225,0.518,-0.102,0.218,-0.238,0.839,-0.018,0.657,0.675,0.634,0.712,0.136,-0.582,-0.385,-0.13,-0.363,0.793,0.526,0.133,0.738,0.344,0.287,-0.243,0.449,0.507,0.358,0.593,0.813,-0.17,0.74,0.326,0.455,0.038,0.465,-0.388,0.291,0.164,0.463,0.452,-0.634,-0.273,0.261,0.34,0.0,0.278,0.666,0.323,-0.301,0.602,0.005,0.847,0.57,0.206,-0.183,-0.07,-0.466,-0.098,0.591,0.674,0.646,0.662,0.559,0.674,-0.082,0.209,0.601,0.48,0.01,-0.206,0.413,-0.017,0.411,0.597,0.49,0.704,0.525,-0.475,-0.488,-0.42,-0.264,0.358,0.094,0.198,0.65,-0.409,0.018,0.228,0.769,-0.198,-0.039,0.414,-0.265,0.631,-0.139,-0.043,-0.14,0.75,0.634,0.701,-0.251,0.73,-0.196,0.693
000895SZ,-0.83,0.249,0.663,0.784,-0.566,0.479,0.815,-0.587,0.636,0.017,-0.578,-0.596,0.672,0.704,0.711,0.31,0.654,-0.331,0.157,-0.65,-0.259,0.737,1.0,0.861,-0.634,-0.207,-0.612,0.897,0.869,-0.605,0.877,0.093,0.56,-0.647,-0.31,-0.321,-0.514,0.692,-0.764,0.33,0.29,-0.622,-0.169,0.235,-0.455,0.813,0.265,0.818,-0.081,0.831,-0.643,0.446,-0.355,0.097,0.813,0.716,0.739,0.754,0.672,-0.138,0.771,0.415,0.112,-0.379,-0.278,0.67,0.873,-0.614,-0.013,-0.359,-0.158,0.7,0.451,-0.578,0.804,0.647,0.462,0.422,-0.328,-0.251,-0.185,-0.207,0.162,0.515,0.811,-0.053,0.225,0.241,-0.767,0.798,0.663,0.52,-0.563,0.586,0.603,-0.804,0.273,0.452,0.873,0.684,0.826,-0.625,0.653,0.607,0.65,0.636,0.688,0.406,-0.02,0.341,0.882,-0.292,0.231,0.178,-0.442,0.669,-0.272,0.275,-0.471,0.86,0.042,0.746,0.536,0.791,0.846,-0.154,-0.662,-0.282,-0.061,-0.542,0.711,0.559,-0.087,0.691,0.088,0.181,-0.743,0.238,0.321,0.125,0.921,0.773,-0.569,0.851,0.015,0.254,-0.014,0.538,-0.804,-0.053,0.179,0.132,0.356,-0.748,-0.441,-0.057,0.248,-0.129,0.022,0.716,0.583,-0.572,0.513,-0.199,0.692,0.693,-0.179,-0.597,-0.479,-0.368,-0.225,0.593,0.888,0.722,0.629,0.577,0.705,-0.312,0.236,0.605,0.807,-0.479,-0.585,0.59,-0.101,0.442,0.653,0.763,0.725,0.72,-0.753,-0.436,-0.463,-0.647,0.119,-0.009,-0.087,0.667,-0.66,-0.207,0.143,0.631,-0.539,-0.072,0.742,-0.383,0.708,-0.467,-0.136,-0.375,0.807,0.846,0.851,-0.257,0.829,-0.435,0.887
000938SZ,-0.772,0.197,0.855,0.916,-0.804,0.38,0.714,-0.837,0.43,0.392,-0.706,-0.677,0.41,0.854,0.558,0.237,0.815,-0.199,-0.148,-0.698,-0.486,0.73,0.861,1.0,-0.82,-0.395,-0.588,0.748,0.95,-0.605,0.9,-0.322,0.349,-0.831,-0.643,-0.635,-0.745,0.445,-0.796,0.035,0.08,-0.865,-0.493,-0.08,-0.71,0.868,0.352,0.831,-0.204,0.853,-0.87,0.552,-0.644,-0.145,0.779,0.915,0.46,0.793,0.927,-0.111,0.914,0.664,-0.109,-0.648,-0.625,0.811,0.797,-0.766,-0.221,-0.495,-0.233,0.79,0.492,-0.823,0.864,0.855,0.313,0.115,-0.574,-0.487,-0.495,-0.454,0.515,0.753,0.921,0.325,0.573,0.526,-0.886,0.778,0.51,0.784,-0.72,0.851,0.541,-0.739,0.633,0.744,0.939,0.684,0.928,-0.867,0.82,0.864,0.853,0.526,0.82,0.45,-0.16,0.645,0.808,-0.322,0.367,0.169,-0.579,0.804,-0.509,0.546,-0.732,0.861,-0.273,0.91,0.532,0.904,0.918,-0.35,-0.761,-0.649,-0.469,-0.805,0.869,0.667,-0.397,0.767,-0.02,0.333,-0.636,0.559,0.581,0.491,0.727,0.759,-0.616,0.95,0.04,-0.056,0.017,0.633,-0.726,0.281,0.493,0.11,0.66,-0.94,-0.088,0.263,0.608,0.257,0.27,0.927,0.547,-0.251,0.568,0.138,0.804,0.903,0.122,-0.603,-0.434,-0.334,0.083,0.801,0.924,0.931,0.848,0.852,0.891,-0.599,0.534,0.881,0.834,-0.264,-0.311,0.678,-0.436,0.661,0.717,0.805,0.859,0.604,-0.847,-0.721,-0.75,-0.383,0.007,0.32,0.228,0.901,-0.879,-0.544,-0.208,0.678,-0.608,-0.418,0.499,-0.7,0.613,-0.709,-0.433,-0.547,0.941,0.958,0.741,-0.641,0.605,-0.715,0.893
000963SZ,0.734,-0.391,-0.738,-0.793,0.806,-0.223,-0.454,0.872,-0.085,-0.349,0.765,0.691,-0.072,-0.704,-0.426,-0.037,-0.64,0.197,0.283,0.707,0.691,-0.446,-0.634,-0.82,1.0,0.414,0.695,-0.466,-0.762,0.707,-0.787,0.498,-0.082,0.809,0.72,0.754,0.854,-0.215,0.832,0.237,0.048,0.891,0.679,0.288,0.854,-0.703,-0.185,-0.502,0.339,-0.835,0.886,-0.259,0.68,0.399,-0.586,-0.796,-0.295,-0.636,-0.822,0.447,-0.839,-0.496,0.269,0.644,0.603,-0.696,-0.632,0.916,0.375,0.654,0.343,-0.609,-0.093,0.839,-0.754,-0.606,0.036,-0.125,0.688,0.759,0.653,0.617,-0.515,-0.505,-0.788,-0.295,-0.549,-0.369,0.861,-0.664,-0.435,-0.653,0.664,-0.733,-0.317,0.716,-0.646,-0.595,-0.794,-0.532,-0.781,0.863,-0.56,-0.766,-0.808,-0.305,-0.642,-0.259,0.21,-0.526,-0.528,0.578,-0.308,0.124,0.672,-0.84,0.626,-0.423,0.81,-0.653,0.468,-0.824,-0.35,-0.756,-0.765,0.543,0.807,0.637,0.54,0.818,-0.629,-0.629,0.614,-0.49,0.089,0.015,0.576,-0.326,-0.376,-0.485,-0.545,-0.629,0.639,-0.841,0.017,0.297,-0.009,-0.318,0.662,-0.304,-0.393,0.033,-0.687,0.876,-0.095,-0.183,-0.553,-0.286,-0.13,-0.777,-0.377,0.167,-0.335,-0.057,-0.633,-0.769,-0.072,0.764,0.301,0.35,0.008,-0.677,-0.729,-0.826,-0.66,-0.693,-0.85,0.676,-0.42,-0.769,-0.736,0.293,0.241,-0.539,0.539,-0.507,-0.492,-0.804,-0.785,-0.534,0.857,0.769,0.771,0.259,0.085,-0.351,-0.251,-0.745,0.878,0.714,0.341,-0.333,0.724,0.417,-0.34,0.773,-0.292,0.793,0.434,0.657,-0.755,-0.776,-0.582,0.659,-0.333,0.651,-0.781
000999SZ,0.468,0.193,-0.195,-0.117,0.713,0.523,0.07,0.637,-0.145,-0.312,0.709,0.737,0.087,-0.059,0.192,0.629,-0.018,0.41,0.399,0.616,0.792,0.083,-0.207,-0.395,0.414,1.0,0.533,-0.288,-0.347,0.403,-0.177,0.589,0.46,0.756,0.621,0.433,0.304,0.271,0.485,0.288,0.702,0.397,0.468,0.577,0.495,-0.048,-0.064,-0.197,0.543,-0.438,0.622,0.167,0.605,0.6,0.051,-0.246,0.224,-0.506,-0.458,0.319,-0.234,0.069,0.802,0.776,0.715,0.087,-0.056,0.449,0.475,0.47,0.743,-0.572,-0.12,0.65,-0.031,-0.268,0.102,0.071,0.754,0.36,0.798,0.8,-0.172,-0.137,-0.474,-0.079,-0.42,-0.045,0.459,0.043,-0.306,-0.541,0.546,-0.325,0.32,0.499,-0.391,-0.251,-0.254,0.115,-0.151,0.697,-0.059,-0.474,-0.416,0.46,-0.164,0.331,0.829,-0.231,-0.025,0.548,0.219,0.515,0.693,-0.173,0.674,-0.405,0.66,-0.099,0.365,-0.239,0.353,-0.329,-0.208,0.697,0.135,0.547,0.52,0.746,-0.178,0.116,0.656,-0.017,0.333,-0.342,0.493,-0.304,-0.038,-0.23,-0.102,-0.022,0.51,-0.282,0.557,0.631,0.479,-0.42,0.506,0.121,-0.306,0.673,-0.197,0.497,-0.129,0.044,-0.378,-0.231,-0.195,-0.347,-0.007,-0.085,0.309,-0.23,-0.003,-0.33,-0.107,0.605,0.749,0.004,-0.238,-0.309,-0.266,-0.312,-0.303,-0.404,-0.232,0.72,-0.281,-0.382,-0.424,0.378,0.135,0.001,0.675,-0.355,-0.136,-0.279,-0.08,-0.128,0.579,0.33,0.66,0.178,0.75,-0.231,0.055,-0.358,0.649,0.729,0.722,0.003,0.406,0.731,0.08,0.642,-0.108,0.718,0.805,0.822,-0.248,-0.426,0.088,0.645,0.217,0.801,-0.232
001965SZ,0.883,-0.363,-0.342,-0.454,0.643,0.07,-0.317,0.634,-0.288,-0.023,0.731,0.817,-0.16,-0.347,-0.433,0.318,-0.221,0.628,-0.023,0.814,0.685,-0.21,-0.612,-0.588,0.695,0.533,1.0,-0.605,-0.559,0.809,-0.579,0.19,0.028,0.763,0.488,0.477,0.533,-0.225,0.867,0.04,0.199,0.624,0.443,0.262,0.659,-0.507,0.18,-0.327,0.397,-0.831,0.697,0.2,0.526,0.449,-0.398,-0.444,-0.389,-0.679,-0.477,0.691,-0.591,-0.02,0.369,0.533,0.377,-0.252,-0.515,0.792,0.461,0.567,0.617,-0.62,0.099,0.689,-0.508,-0.209,-0.04,-0.433,0.658,0.637,0.571,0.668,0.029,-0.047,-0.656,0.225,-0.148,0.064,0.741,-0.479,-0.724,-0.372,0.581,-0.435,-0.021,0.883,-0.218,-0.204,-0.59,-0.373,-0.469,0.672,-0.194,-0.502,-0.58,-0.113,-0.193,0.168,0.397,-0.121,-0.325,0.799,0.167,0.441,0.702,-0.63,0.595,-0.316,0.601,-0.472,0.307,-0.507,-0.122,-0.625,-0.599,0.705,0.586,0.243,0.2,0.628,-0.256,-0.329,0.52,-0.137,0.144,0.178,0.83,0.071,0.086,0.013,-0.583,-0.535,0.756,-0.619,0.413,0.326,0.219,-0.155,0.838,0.245,-0.048,0.459,-0.256,0.643,0.307,0.364,-0.122,0.184,0.223,-0.458,-0.352,0.469,0.023,0.353,-0.27,-0.444,0.346,0.847,0.643,0.37,0.382,-0.335,-0.595,-0.534,-0.235,-0.332,-0.532,0.545,-0.05,-0.425,-0.674,0.719,0.613,-0.252,0.478,-0.215,-0.207,-0.75,-0.459,-0.708,0.844,0.449,0.529,0.6,0.385,0.117,0.324,-0.42,0.709,0.607,0.22,-0.072,0.75,0.283,-0.432,0.553,-0.132,0.716,0.389,0.701,-0.51,-0.637,-0.516,0.359,-0.311,0.529,-0.614
