,000001SZ,000002SZ,000157SZ,000166SZ,000333SZ,000338SZ,000538SZ,000568SZ,000596SZ,000617SZ,000625SZ,000651SZ,000661SZ,000708SZ,000725SZ,000768SZ,000776SZ,000786SZ,000800SZ,000807SZ,000858SZ,000876SZ,000895SZ,000938SZ,000963SZ,000999SZ,001965SZ,002001SZ,002007SZ,002027SZ,002028SZ,002050SZ,002129SZ,002179SZ,002230SZ,002236SZ,002241SZ,002271SZ,002304SZ,002311SZ,002371SZ,002415SZ,002422SZ,002459SZ,002460SZ,002463SZ,002466SZ,002475SZ,002493SZ,002555SZ,002594SZ,002601SZ,002648SZ,002709SZ,002714SZ,002916SZ,002920SZ,002938SZ,003816SZ,300014SZ,300033SZ,300059SZ,300122SZ,300124SZ,300274SZ,300308SZ,300316SZ,300347SZ,300394SZ,300408SZ,300413SZ,300418SZ,300433SZ,300450SZ,300498SZ,300502SZ,300628SZ,300661SZ,300750SZ,300759SZ,300760SZ,300782SZ,600000SS,600010SS,600011SS,600015SS,600016SS,600018SS,600019SS,600023SS,600025SS,600026SS,600028SS,600029SS,600031SS,600036SS,600048SS,600050SS,600061SS,600085SS,600089SS,600104SS,600111SS,600115SS,600161SS,600183SS,600188SS,600196SS,600219SS,600233SS,600276SS,600309SS,600332SS,600346SS,600362SS,600377SS,600406SS,600415SS,600426SS,600436SS,600438SS,600489SS,600519SS,600570SS,600585SS,600588SS,600600SS,600660SS,600674SS,600741SS,600760SS,600795SS,600809SS,600875SS,600886SS,600887SS,600926SS,600989SS,601006SS,601009SS,601012SS,601021SS,601058SS,601066SS,601088SS,601100SS,601117SS,601138SS,601166SS,601169SS,601186SS,601225SS,601229SS,601238SS,601288SS,601318SS,601319SS,601328SS,601336SS,601360SS,601390SS,601398SS,601600SS,601601SS,601607SS,601618SS,601628SS,601633SS,601658SS,601668SS,601669SS,601688SS,601689SS,601698SS,601699SS,601766SS,601788SS,601799SS,601800SS,601808SS,601816SS,601818SS,601838SS,601857SS,601865SS,601872SS,601877SS,601878SS,601881SS,601888SS,601899SS,601901SS,601919SS,601939SS,601985SS,601988SS,601998SS,603019SS,603195SS,603259SS,603260SS,603288SS,603369SS,603501SS,603659SS,603799SS,603806SS,603833SS,603986SS,603993SS,688008SS,688009SS,688012SS,688036SS,688111SS,688169SS,688396SS
000001SZ,1.0,0.821,0.703,0.611,0.743,0.854,0.402,0.78,0.56,0.522,0.119,0.665,-0.187,0.037,0.504,0.621,0.694,0.83,0.534,0.61,0.506,0.335,0.097,0.222,0.147,0.367,0.905,-0.066,-0.306,0.556,0.421,0.014,0.496,0.366,0.27,0.108,0.079,0.253,0.827,-0.15,0.445,0.576,0.462,0.184,0.213,0.58,-0.49,0.037,0.906,-0.201,0.318,0.344,0.435,0.204,0.289,0.311,0.328,0.205,0.204,0.001,0.511,0.335,-0.309,0.325,0.273,0.003,0.383,-0.026,0.009,0.112,-0.454,0.37,0.14,-0.174,0.719,-0.067,0.268,0.043,-0.041,0.13,-0.278,0.192,0.856,0.49,0.906,0.808,0.941,0.819,0.506,0.788,0.466,0.624,0.787,0.76,0.716,0.991,0.802,0.931,0.603,0.506,0.885,0.881,0.8,0.773,-0.365,0.206,0.709,-0.037,0.748,-0.254,-0.229,0.737,0.615,0.844,0.777,0.591,0.033,0.004,0.688,0.171,0.326,0.537,0.499,0.047,0.773,0.186,0.228,0.846,0.289,0.815,0.785,0.747,0.266,0.59,0.708,0.338,0.776,0.803,0.557,0.894,0.277,0.586,0.906,0.556,0.899,0.121,0.818,0.545,0.955,0.868,0.922,0.736,0.609,0.895,0.952,0.956,0.759,0.88,0.882,0.388,0.937,0.814,0.899,0.934,0.462,0.859,0.884,0.879,0.806,0.836,0.711,0.615,0.301,0.259,0.582,0.891,0.522,-0.01,0.759,0.734,0.846,0.804,0.813,0.928,0.307,0.83,0.284,0.763,0.549,0.376,0.4,0.775,0.751,0.951,0.801,0.917,0.78,0.291,0.444,-0.046,0.193,0.089,0.487,0.335,0.436,0.122,0.075,0.45,0.29,0.617,0.415,0.615,0.413,0.106,0.08,0.657,0.798
000002SZ,0.821,1.0,0.947,0.867,0.896,0.93,0.693,0.935,0.88,0.779,0.309,0.284,0.277,0.398,0.655,0.878,0.897,0.924,0.422,0.836,0.858,0.742,0.578,0.635,0.599,0.746,0.891,0.385,0.129,0.822,0.806,0.414,0.789,0.725,0.668,0.572,0.53,0.634,0.929,0.303,0.729,0.903,0.707,0.588,0.579,0.809,-0.506,0.505,0.84,0.265,0.692,0.723,0.745,0.559,0.691,0.656,0.726,0.255,0.281,0.446,0.805,0.722,0.084,0.665,0.705,0.371,0.691,0.384,0.475,0.531,-0.022,0.638,0.625,-0.046,0.844,0.408,0.65,0.521,0.355,0.545,0.132,0.618,0.94,0.572,0.872,0.924,0.916,0.889,0.666,0.848,0.791,0.398,0.419,0.455,0.768,0.826,0.996,0.821,0.847,0.827,0.857,0.899,0.585,0.459,0.017,0.526,0.879,0.361,0.902,-0.292,0.196,0.96,0.825,0.914,0.914,0.364,0.416,-0.215,0.654,0.608,0.725,0.802,0.841,0.48,0.871,0.647,0.676,0.677,0.664,0.874,0.911,0.886,0.701,0.432,0.852,0.706,0.921,0.566,0.632,0.916,0.678,0.194,0.668,0.842,0.65,0.414,0.921,0.833,0.926,0.937,0.853,0.908,0.772,0.539,0.889,0.756,0.937,0.941,0.922,0.426,0.728,0.793,0.833,0.881,0.738,0.905,0.862,0.69,0.409,0.875,0.868,0.833,0.55,-0.194,0.812,0.624,0.842,0.452,0.842,0.59,0.564,0.977,0.939,0.81,0.713,0.837,0.619,0.937,0.829,0.775,0.764,0.901,0.836,0.88,0.906,0.934,0.953,0.539,0.059,0.393,0.543,0.537,0.804,0.665,0.726,0.524,0.526,0.809,0.525,0.806,0.685,0.834,0.632,0.421,0.503,0.866,0.961
000157SZ,0.703,0.947,1.0,0.864,0.845,0.917,0.714,0.927,0.886,0.789,0.401,0.176,0.339,0.504,0.661,0.821,0.882,0.912,0.464,0.859,0.863,0.759,0.621,0.679,0.668,0.796,0.835,0.478,0.226,0.759,0.84,0.438,0.765,0.761,0.712,0.655,0.592,0.73,0.906,0.435,0.703,0.921,0.791,0.585,0.668,0.789,-0.474,0.568,0.775,0.355,0.706,0.775,0.773,0.553,0.699,0.663,0.757,0.164,0.337,0.514,0.834,0.764,0.165,0.65,0.735,0.444,0.665,0.388,0.551,0.55,0.102,0.568,0.68,0.054,0.763,0.471,0.661,0.568,0.386,0.6,0.185,0.632,0.877,0.623,0.796,0.875,0.827,0.876,0.714,0.812,0.771,0.392,0.33,0.347,0.799,0.709,0.952,0.728,0.839,0.821,0.801,0.846,0.533,0.36,0.134,0.592,0.885,0.486,0.887,-0.155,0.296,0.937,0.878,0.861,0.891,0.344,0.465,-0.215,0.672,0.64,0.735,0.763,0.838,0.518,0.886,0.678,0.705,0.581,0.747,0.845,0.881,0.849,0.72,0.411,0.836,0.704,0.889,0.534,0.654,0.826,0.683,0.098,0.566,0.848,0.579,0.404,0.89,0.806,0.827,0.874,0.803,0.909,0.776,0.416,0.79,0.669,0.931,0.88,0.887,0.502,0.627,0.718,0.781,0.825,0.777,0.87,0.819,0.626,0.248,0.846,0.864,0.831,0.52,-0.278,0.824,0.524,0.841,0.535,0.843,0.568,0.463,0.937,0.888,0.724,0.729,0.83,0.588,0.933,0.814,0.823,0.78,0.88,0.837,0.786,0.888,0.866,0.907,0.6,0.021,0.426,0.573,0.555,0.793,0.647,0.723,0.602,0.572,0.855,0.456,0.863,0.597,0.757,0.552,0.447,0.503,0.846,0.926
000166SZ,0.611,0.867,0.864,1.0,0.799,0.813,0.925,0.822,0.841,0.945,0.535,-0.077,0.616,0.658,0.717,0.921,0.981,0.74,0.415,0.951,0.936,0.825,0.772,0.849,0.789,0.841,0.835,0.662,0.482,0.836,0.895,0.735,0.946,0.825,0.868,0.786,0.793,0.736,0.842,0.521,0.913,0.944,0.532,0.783,0.825,0.884,-0.332,0.785,0.72,0.583,0.915,0.919,0.82,0.833,0.873,0.79,0.825,0.328,0.349,0.722,0.971,0.943,0.485,0.808,0.847,0.654,0.911,0.666,0.745,0.804,0.313,0.736,0.815,0.206,0.808,0.714,0.865,0.76,0.668,0.816,0.515,0.81,0.889,0.577,0.773,0.921,0.8,0.847,0.734,0.821,0.882,0.313,0.199,0.177,0.593,0.6,0.865,0.705,0.983,0.917,0.684,0.867,0.43,0.17,0.347,0.782,0.928,0.552,0.929,-0.342,0.576,0.893,0.783,0.704,0.88,0.132,0.697,-0.325,0.403,0.832,0.879,0.894,0.947,0.769,0.702,0.849,0.831,0.535,0.833,0.771,0.891,0.905,0.801,0.323,0.878,0.868,0.883,0.424,0.768,0.841,0.862,-0.178,0.536,0.989,0.442,0.514,0.845,0.907,0.781,0.876,0.653,0.946,0.833,0.29,0.771,0.513,0.948,0.877,0.844,0.488,0.483,0.722,0.744,0.739,0.837,0.853,0.818,0.514,0.092,0.793,0.905,0.97,0.759,-0.449,0.936,0.383,0.979,0.731,0.811,0.45,0.328,0.92,0.915,0.679,0.843,0.727,0.828,0.939,0.988,0.908,0.937,0.947,0.854,0.769,0.888,0.826,0.933,0.673,-0.211,0.705,0.799,0.763,0.754,0.859,0.815,0.744,0.753,0.862,0.719,0.865,0.849,0.932,0.823,0.701,0.762,0.698,0.915
000333SZ,0.743,0.896,0.845,0.799,1.0,0.892,0.609,0.924,0.904,0.696,0.202,0.312,0.299,0.231,0.772,0.839,0.807,0.877,0.276,0.734,0.867,0.671,0.557,0.561,0.566,0.627,0.763,0.388,0.072,0.809,0.766,0.495,0.754,0.748,0.651,0.521,0.528,0.507,0.91,0.234,0.75,0.825,0.599,0.624,0.559,0.717,-0.634,0.502,0.829,0.276,0.639,0.626,0.737,0.609,0.65,0.573,0.675,0.387,0.127,0.451,0.736,0.682,0.129,0.734,0.672,0.284,0.693,0.443,0.425,0.563,-0.115,0.711,0.616,0.009,0.825,0.364,0.641,0.536,0.433,0.509,0.154,0.649,0.846,0.344,0.809,0.792,0.835,0.758,0.471,0.801,0.781,0.362,0.381,0.56,0.658,0.755,0.893,0.76,0.774,0.744,0.767,0.803,0.504,0.504,-0.047,0.397,0.763,0.223,0.779,-0.382,0.185,0.932,0.722,0.903,0.898,0.218,0.283,-0.353,0.491,0.646,0.741,0.804,0.822,0.468,0.799,0.604,0.676,0.683,0.621,0.874,0.783,0.764,0.748,0.218,0.849,0.755,0.789,0.479,0.528,0.796,0.672,0.171,0.587,0.793,0.609,0.477,0.809,0.8,0.827,0.842,0.745,0.801,0.608,0.533,0.802,0.681,0.844,0.824,0.813,0.387,0.631,0.709,0.709,0.813,0.594,0.756,0.778,0.65,0.365,0.716,0.732,0.747,0.704,-0.17,0.694,0.602,0.798,0.457,0.672,0.556,0.631,0.875,0.806,0.714,0.718,0.818,0.689,0.838,0.784,0.682,0.751,0.798,0.701,0.776,0.786,0.832,0.86,0.394,-0.024,0.405,0.418,0.539,0.871,0.741,0.833,0.424,0.497,0.733,0.658,0.662,0.7,0.784,0.645,0.465,0.517,0.739,0.908
000338SZ,0.854,0.93,0.917,0.813,0.892,1.0,0.618,0.947,0.829,0.727,0.312,0.406,0.145,0.305,0.722,0.772,0.853,0.963,0.497,0.79,0.789,0.611,0.459,0.513,0.486,0.628,0.885,0.304,0.003,0.697,0.745,0.308,0.692,0.651,0.6,0.451,0.422,0.578,0.959,0.206,0.645,0.823,0.692,0.489,0.537,0.734,-0.587,0.393,0.909,0.169,0.586,0.649,0.708,0.462,0.564,0.528,0.602,0.211,0.299,0.357,0.771,0.644,-0.007,0.579,0.601,0.271,0.607,0.266,0.357,0.419,-0.14,0.576,0.514,0.002,0.799,0.278,0.557,0.402,0.266,0.448,0.005,0.524,0.92,0.569,0.895,0.884,0.916,0.899,0.64,0.859,0.725,0.546,0.541,0.589,0.827,0.851,0.924,0.844,0.784,0.714,0.853,0.912,0.639,0.581,-0.086,0.432,0.864,0.297,0.871,-0.215,0.102,0.93,0.814,0.903,0.912,0.483,0.294,-0.229,0.671,0.497,0.636,0.723,0.764,0.357,0.901,0.508,0.553,0.771,0.616,0.884,0.847,0.865,0.591,0.467,0.875,0.619,0.888,0.679,0.651,0.891,0.571,0.283,0.729,0.794,0.754,0.309,0.904,0.766,0.92,0.919,0.88,0.9,0.744,0.664,0.894,0.817,0.921,0.925,0.935,0.514,0.761,0.806,0.848,0.919,0.677,0.892,0.898,0.769,0.459,0.865,0.847,0.793,0.502,-0.082,0.768,0.712,0.763,0.355,0.829,0.666,0.679,0.913,0.903,0.832,0.634,0.914,0.538,0.916,0.756,0.679,0.683,0.884,0.845,0.887,0.904,0.935,0.915,0.521,0.144,0.269,0.418,0.408,0.741,0.596,0.69,0.391,0.408,0.704,0.465,0.777,0.571,0.748,0.515,0.335,0.364,0.772,0.943
000538SZ,0.402,0.693,0.714,0.925,0.609,0.618,1.0,0.613,0.703,0.886,0.646,-0.282,0.758,0.82,0.593,0.833,0.886,0.517,0.359,0.907,0.846,0.824,0.837,0.888,0.851,0.846,0.699,0.775,0.695,0.731,0.836,0.805,0.893,0.769,0.889,0.86,0.856,0.725,0.638,0.665,0.884,0.867,0.389,0.822,0.867,0.87,-0.119,0.857,0.529,0.71,0.956,0.936,0.791,0.886,0.89,0.856,0.788,0.331,0.338,0.801,0.92,0.938,0.677,0.786,0.858,0.813,0.907,0.773,0.857,0.846,0.543,0.663,0.84,0.284,0.716,0.832,0.911,0.822,0.754,0.899,0.698,0.811,0.734,0.584,0.593,0.804,0.608,0.731,0.735,0.677,0.851,0.195,0.021,-0.058,0.4,0.393,0.696,0.495,0.92,0.906,0.485,0.725,0.207,-0.053,0.591,0.9,0.838,0.664,0.839,-0.279,0.757,0.738,0.691,0.48,0.743,0.006,0.821,-0.335,0.245,0.851,0.863,0.827,0.888,0.859,0.512,0.89,0.834,0.346,0.871,0.546,0.789,0.823,0.774,0.205,0.794,0.869,0.767,0.256,0.77,0.683,0.88,-0.406,0.33,0.921,0.242,0.473,0.698,0.877,0.591,0.71,0.456,0.848,0.763,0.063,0.577,0.282,0.811,0.719,0.683,0.437,0.275,0.59,0.597,0.541,0.869,0.718,0.671,0.322,-0.129,0.663,0.804,0.905,0.73,-0.623,0.915,0.134,0.923,0.793,0.699,0.303,0.084,0.769,0.786,0.512,0.824,0.545,0.834,0.794,0.939,0.895,0.926,0.825,0.778,0.587,0.775,0.644,0.807,0.635,-0.354,0.834,0.922,0.844,0.63,0.82,0.737,0.846,0.836,0.839,0.682,0.839,0.832,0.855,0.785,0.817,0.825,0.536,0.736
000568SZ,0.78,0.935,0.927,0.822,0.924,0.947,0.613,1.0,0.887,0.759,0.319,0.308,0.223,0.293,0.744,0.805,0.862,0.958,0.469,0.798,0.847,0.621,0.499,0.548,0.522,0.637,0.84,0.331,0.026,0.751,0.77,0.378,0.734,0.669,0.636,0.505,0.468,0.629,0.977,0.217,0.677,0.852,0.718,0.531,0.558,0.68,-0.565,0.459,0.859,0.245,0.626,0.663,0.708,0.502,0.581,0.498,0.668,0.248,0.304,0.417,0.788,0.688,0.064,0.614,0.636,0.249,0.632,0.314,0.381,0.479,-0.112,0.634,0.574,0.025,0.743,0.329,0.589,0.468,0.325,0.479,0.058,0.578,0.883,0.491,0.835,0.846,0.868,0.852,0.575,0.824,0.714,0.461,0.456,0.528,0.814,0.786,0.928,0.796,0.807,0.717,0.828,0.872,0.628,0.51,-0.082,0.419,0.84,0.326,0.843,-0.227,0.15,0.938,0.79,0.893,0.901,0.368,0.344,-0.275,0.661,0.576,0.7,0.726,0.805,0.424,0.901,0.572,0.609,0.712,0.635,0.917,0.84,0.794,0.664,0.414,0.844,0.664,0.857,0.581,0.586,0.847,0.616,0.238,0.663,0.81,0.682,0.384,0.858,0.747,0.863,0.892,0.816,0.871,0.727,0.572,0.836,0.756,0.92,0.875,0.893,0.531,0.677,0.757,0.788,0.876,0.644,0.843,0.864,0.721,0.376,0.823,0.827,0.806,0.55,-0.134,0.748,0.635,0.802,0.411,0.798,0.614,0.635,0.919,0.87,0.772,0.682,0.861,0.558,0.927,0.782,0.71,0.717,0.876,0.799,0.834,0.858,0.886,0.894,0.548,0.057,0.321,0.405,0.461,0.811,0.655,0.709,0.4,0.441,0.722,0.522,0.74,0.6,0.74,0.567,0.365,0.422,0.751,0.934
000596SZ,0.56,0.88,0.886,0.841,0.904,0.829,0.703,0.887,1.0,0.762,0.214,0.043,0.511,0.421,0.668,0.892,0.828,0.815,0.118,0.755,0.952,0.8,0.738,0.747,0.744,0.77,0.666,0.553,0.328,0.892,0.87,0.617,0.8,0.818,0.759,0.684,0.703,0.625,0.845,0.505,0.802,0.894,0.649,0.743,0.685,0.771,-0.537,0.683,0.65,0.443,0.772,0.759,0.744,0.696,0.793,0.707,0.777,0.428,0.07,0.583,0.789,0.805,0.329,0.814,0.817,0.445,0.766,0.606,0.63,0.726,0.145,0.748,0.785,-0.055,0.796,0.572,0.769,0.704,0.526,0.658,0.354,0.758,0.787,0.373,0.703,0.764,0.716,0.718,0.521,0.715,0.868,0.122,0.106,0.301,0.569,0.572,0.887,0.629,0.84,0.843,0.686,0.721,0.317,0.272,0.208,0.559,0.754,0.405,0.751,-0.426,0.388,0.939,0.751,0.824,0.833,0.027,0.464,-0.381,0.442,0.791,0.853,0.837,0.919,0.611,0.73,0.784,0.845,0.479,0.731,0.739,0.741,0.76,0.881,0.141,0.796,0.808,0.788,0.308,0.491,0.728,0.786,-0.062,0.403,0.856,0.383,0.541,0.784,0.852,0.715,0.76,0.631,0.816,0.581,0.272,0.674,0.485,0.84,0.761,0.742,0.271,0.466,0.551,0.584,0.666,0.686,0.701,0.651,0.404,0.11,0.652,0.729,0.768,0.703,-0.427,0.75,0.399,0.878,0.61,0.641,0.369,0.351,0.861,0.779,0.566,0.825,0.678,0.766,0.837,0.845,0.795,0.825,0.781,0.644,0.637,0.756,0.734,0.842,0.499,-0.15,0.597,0.575,0.731,0.923,0.802,0.868,0.618,0.663,0.845,0.658,0.696,0.761,0.802,0.689,0.608,0.682,0.815,0.896
000617SZ,0.522,0.779,0.789,0.945,0.696,0.727,0.886,0.759,0.762,1.0,0.64,-0.109,0.599,0.712,0.705,0.847,0.956,0.676,0.474,0.942,0.865,0.756,0.704,0.828,0.733,0.827,0.761,0.641,0.502,0.763,0.806,0.723,0.893,0.713,0.825,0.79,0.745,0.76,0.793,0.558,0.836,0.899,0.54,0.691,0.855,0.819,-0.107,0.759,0.604,0.592,0.87,0.914,0.762,0.803,0.799,0.72,0.758,0.3,0.469,0.683,0.952,0.926,0.539,0.706,0.769,0.677,0.84,0.585,0.717,0.759,0.382,0.635,0.759,0.335,0.735,0.712,0.819,0.721,0.634,0.762,0.53,0.731,0.826,0.623,0.723,0.886,0.734,0.833,0.781,0.8,0.762,0.356,0.23,0.119,0.557,0.515,0.778,0.668,0.961,0.842,0.654,0.827,0.442,0.138,0.365,0.798,0.92,0.601,0.892,-0.208,0.627,0.803,0.767,0.577,0.821,0.143,0.78,-0.203,0.428,0.774,0.811,0.778,0.891,0.747,0.672,0.802,0.749,0.551,0.847,0.71,0.82,0.861,0.693,0.423,0.832,0.821,0.851,0.461,0.802,0.805,0.772,-0.184,0.515,0.949,0.413,0.395,0.8,0.8,0.704,0.83,0.614,0.906,0.838,0.248,0.691,0.478,0.914,0.818,0.812,0.57,0.446,0.661,0.724,0.701,0.849,0.817,0.791,0.492,0.036,0.786,0.919,0.975,0.679,-0.405,0.912,0.336,0.915,0.678,0.838,0.506,0.286,0.853,0.875,0.665,0.746,0.65,0.751,0.905,0.938,0.843,0.887,0.924,0.835,0.71,0.862,0.751,0.852,0.804,-0.18,0.664,0.785,0.705,0.628,0.823,0.712,0.748,0.673,0.813,0.692,0.862,0.773,0.879,0.811,0.667,0.711,0.604,0.828
000625SZ,0.119,0.309,0.401,0.535,0.202,0.312,0.646,0.319,0.214,0.64,1.0,-0.261,0.416,0.752,0.436,0.299,0.558,0.281,0.728,0.669,0.378,0.416,0.46,0.474,0.475,0.536,0.415,0.533,0.471,0.13,0.453,0.423,0.509,0.288,0.571,0.639,0.443,0.743,0.372,0.454,0.347,0.515,0.417,0.358,0.642,0.405,0.34,0.507,0.235,0.615,0.548,0.691,0.566,0.468,0.389,0.383,0.474,-0.181,0.842,0.581,0.674,0.606,0.493,0.224,0.463,0.63,0.436,0.288,0.53,0.371,0.572,0.173,0.466,0.679,0.211,0.575,0.511,0.461,0.485,0.588,0.459,0.396,0.391,0.614,0.272,0.494,0.288,0.517,0.678,0.408,0.315,0.444,0.165,-0.225,0.485,0.119,0.311,0.173,0.516,0.445,0.178,0.45,0.203,-0.16,0.446,0.611,0.629,0.759,0.602,0.434,0.615,0.299,0.499,0.029,0.403,0.345,0.792,-0.032,0.322,0.394,0.438,0.262,0.42,0.588,0.393,0.475,0.323,0.269,0.664,0.326,0.492,0.483,0.26,0.42,0.494,0.495,0.466,0.283,0.686,0.372,0.443,-0.331,0.172,0.54,0.183,0.037,0.357,0.368,0.259,0.431,0.243,0.53,0.763,-0.044,0.24,0.173,0.536,0.4,0.443,0.729,0.059,0.493,0.428,0.365,0.675,0.473,0.513,0.342,-0.242,0.531,0.623,0.661,0.206,-0.338,0.615,-0.057,0.482,0.512,0.618,0.381,-0.027,0.399,0.503,0.323,0.415,0.342,0.306,0.523,0.505,0.606,0.544,0.534,0.657,0.323,0.518,0.345,0.443,0.753,-0.334,0.431,0.598,0.37,0.124,0.344,0.173,0.517,0.452,0.438,0.216,0.65,0.256,0.388,0.29,0.335,0.352,0.066,0.296
000651SZ,0.665,0.284,0.176,-0.077,0.312,0.406,-0.282,0.308,0.043,-0.109,-0.261,1.0,-0.713,-0.429,0.18,-0.005,0.041,0.414,0.273,-0.007,-0.116,-0.197,-0.498,-0.355,-0.454,-0.203,0.368,-0.579,-0.719,0.015,-0.228,-0.502,-0.187,-0.146,-0.362,-0.415,-0.479,-0.305,0.352,-0.527,-0.171,-0.002,0.17,-0.425,-0.29,0.052,-0.358,-0.546,0.532,-0.71,-0.347,-0.301,-0.094,-0.368,-0.328,-0.199,-0.327,0.083,-0.046,-0.58,-0.165,-0.335,-0.731,-0.26,-0.368,-0.426,-0.281,-0.596,-0.551,-0.495,-0.76,-0.216,-0.432,-0.238,0.301,-0.623,-0.378,-0.528,-0.554,-0.527,-0.769,-0.38,0.308,0.209,0.528,0.216,0.472,0.336,0.107,0.369,-0.15,0.589,0.848,0.894,0.365,0.682,0.268,0.564,-0.067,-0.138,0.573,0.357,0.612,0.916,-0.746,-0.332,0.148,-0.502,0.163,0.038,-0.688,0.204,0.175,0.505,0.311,0.581,-0.541,0.304,0.56,-0.444,-0.318,-0.086,-0.139,-0.583,0.414,-0.453,-0.376,0.696,-0.228,0.398,0.174,0.209,-0.3,0.428,0.219,-0.211,0.244,0.709,0.135,0.385,-0.386,0.898,0.622,-0.114,0.785,-0.317,0.366,-0.062,0.483,0.329,0.635,0.151,0.013,0.864,0.482,0.764,0.148,0.33,0.408,0.104,0.769,0.315,0.505,0.56,-0.08,0.335,0.393,0.671,0.884,0.388,0.162,-0.038,-0.15,0.637,-0.006,0.808,-0.183,-0.585,0.287,0.67,0.844,0.213,0.215,0.596,-0.33,0.508,-0.291,0.159,-0.15,-0.285,-0.223,0.157,0.247,0.467,0.298,0.419,0.16,-0.184,0.697,-0.634,-0.397,-0.511,-0.003,-0.215,-0.024,-0.362,-0.535,-0.102,-0.133,0.096,-0.193,-0.016,-0.127,-0.388,-0.519,0.246,0.224
000661SZ,-0.187,0.277,0.339,0.616,0.299,0.145,0.758,0.223,0.511,0.599,0.416,-0.713,1.0,0.726,0.379,0.595,0.496,0.075,-0.137,0.539,0.677,0.715,0.899,0.823,0.873,0.681,0.131,0.905,0.907,0.57,0.697,0.925,0.693,0.71,0.831,0.848,0.928,0.581,0.204,0.783,0.746,0.588,0.124,0.87,0.77,0.567,0.008,0.952,0.025,0.914,0.842,0.757,0.619,0.881,0.84,0.735,0.722,0.342,0.072,0.907,0.646,0.809,0.929,0.785,0.807,0.795,0.788,0.939,0.927,0.927,0.789,0.645,0.883,0.332,0.369,0.939,0.855,0.939,0.919,0.893,0.938,0.856,0.258,0.151,0.064,0.33,0.081,0.203,0.326,0.236,0.702,-0.309,-0.549,-0.48,-0.062,-0.18,0.29,-0.041,0.613,0.683,-0.038,0.182,-0.315,-0.529,0.803,0.752,0.395,0.647,0.381,-0.323,0.92,0.401,0.336,0.089,0.344,-0.481,0.77,-0.526,-0.257,0.909,0.808,0.652,0.709,0.934,0.054,0.9,0.846,-0.19,0.728,0.124,0.336,0.384,0.785,-0.315,0.408,0.788,0.308,-0.337,0.371,0.158,0.85,-0.804,-0.261,0.65,-0.35,0.648,0.22,0.657,0.052,0.222,-0.113,0.409,0.346,-0.508,0.048,-0.317,0.38,0.212,0.144,0.128,-0.307,0.099,0.009,-0.029,0.562,0.177,0.104,-0.267,-0.629,0.113,0.354,0.54,0.714,-0.838,0.55,-0.402,0.707,0.923,0.177,-0.224,-0.409,0.343,0.315,-0.075,0.782,0.062,0.827,0.358,0.685,0.732,0.785,0.364,0.261,0.027,0.276,0.124,0.394,0.393,-0.723,0.972,0.822,0.927,0.535,0.77,0.651,0.803,0.916,0.637,0.687,0.409,0.735,0.584,0.652,0.861,0.934,0.226,0.353
000708SZ,0.037,0.398,0.504,0.658,0.231,0.305,0.82,0.293,0.421,0.712,0.752,-0.429,0.726,1.0,0.379,0.521,0.627,0.23,0.329,0.74,0.567,0.719,0.734,0.815,0.768,0.811,0.38,0.787,0.851,0.426,0.61,0.682,0.628,0.572,0.731,0.876,0.777,0.706,0.326,0.803,0.593,0.694,0.381,0.604,0.848,0.698,0.25,0.781,0.163,0.731,0.773,0.839,0.628,0.709,0.724,0.771,0.59,0.1,0.443,0.722,0.717,0.774,0.744,0.494,0.687,0.915,0.63,0.595,0.849,0.674,0.803,0.282,0.737,0.463,0.457,0.832,0.739,0.725,0.647,0.781,0.708,0.621,0.436,0.687,0.303,0.549,0.281,0.524,0.784,0.457,0.578,0.115,-0.136,-0.339,0.237,0.047,0.415,0.169,0.666,0.694,0.231,0.421,-0.011,-0.283,0.762,0.911,0.66,0.803,0.627,0.104,0.858,0.43,0.612,0.143,0.48,0.004,0.862,-0.127,0.225,0.664,0.623,0.497,0.63,0.759,0.328,0.761,0.644,0.097,0.841,0.223,0.523,0.617,0.538,0.178,0.555,0.683,0.548,0.131,0.715,0.386,0.649,-0.55,0.008,0.675,0.007,0.227,0.476,0.616,0.247,0.418,0.239,0.619,0.617,-0.248,0.226,0.02,0.551,0.426,0.436,0.409,0.028,0.298,0.376,0.266,0.847,0.483,0.382,0.071,-0.406,0.49,0.645,0.692,0.431,-0.699,0.76,-0.15,0.646,0.725,0.578,0.206,-0.218,0.48,0.525,0.264,0.583,0.29,0.58,0.535,0.659,0.745,0.731,0.554,0.61,0.25,0.571,0.332,0.507,0.655,-0.402,0.731,0.894,0.695,0.301,0.562,0.458,0.898,0.723,0.717,0.412,0.752,0.526,0.557,0.522,0.691,0.661,0.328,0.398
000725SZ,0.504,0.655,0.661,0.717,0.772,0.722,0.593,0.744,0.668,0.705,0.436,0.18,0.379,0.379,1.0,0.664,0.712,0.672,0.436,0.736,0.722,0.553,0.516,0.544,0.514,0.57,0.598,0.482,0.199,0.574,0.679,0.549,0.697,0.653,0.698,0.566,0.561,0.571,0.774,0.245,0.682,0.724,0.448,0.587,0.67,0.625,-0.427,0.56,0.72,0.401,0.603,0.65,0.729,0.64,0.568,0.493,0.567,0.271,0.37,0.573,0.735,0.669,0.293,0.643,0.588,0.419,0.657,0.397,0.48,0.552,0.058,0.555,0.588,0.416,0.661,0.427,0.619,0.544,0.537,0.514,0.235,0.612,0.692,0.443,0.662,0.679,0.649,0.67,0.527,0.727,0.64,0.426,0.355,0.429,0.584,0.519,0.647,0.599,0.688,0.588,0.557,0.673,0.441,0.34,0.043,0.454,0.729,0.371,0.727,-0.124,0.346,0.736,0.617,0.62,0.823,0.179,0.39,-0.356,0.366,0.604,0.677,0.653,0.707,0.532,0.667,0.549,0.545,0.591,0.677,0.748,0.654,0.678,0.593,0.174,0.791,0.738,0.648,0.42,0.639,0.618,0.606,0.01,0.431,0.723,0.488,0.374,0.661,0.66,0.605,0.708,0.561,0.712,0.624,0.368,0.608,0.507,0.735,0.66,0.694,0.589,0.418,0.619,0.621,0.685,0.567,0.631,0.692,0.588,0.148,0.613,0.711,0.716,0.672,-0.186,0.667,0.414,0.69,0.518,0.631,0.599,0.552,0.673,0.679,0.589,0.629,0.707,0.644,0.709,0.691,0.628,0.733,0.7,0.685,0.599,0.704,0.672,0.716,0.476,-0.204,0.407,0.465,0.464,0.65,0.706,0.716,0.449,0.482,0.585,0.681,0.639,0.58,0.689,0.588,0.512,0.474,0.406,0.727
000768SZ,0.621,0.878,0.821,0.921,0.839,0.772,0.833,0.805,0.892,0.847,0.299,-0.005,0.595,0.521,0.664,1.0,0.898,0.735,0.186,0.844,0.934,0.793,0.754,0.817,0.78,0.807,0.75,0.614,0.418,0.94,0.864,0.702,0.899,0.834,0.82,0.712,0.755,0.612,0.816,0.475,0.92,0.908,0.481,0.811,0.732,0.871,-0.401,0.746,0.684,0.491,0.87,0.825,0.785,0.816,0.856,0.802,0.814,0.498,0.127,0.637,0.855,0.861,0.422,0.863,0.833,0.559,0.896,0.689,0.694,0.801,0.196,0.798,0.788,0.004,0.844,0.64,0.86,0.746,0.632,0.73,0.446,0.792,0.866,0.457,0.752,0.867,0.792,0.765,0.594,0.787,0.91,0.14,0.141,0.255,0.487,0.63,0.875,0.698,0.928,0.915,0.688,0.792,0.375,0.223,0.3,0.7,0.819,0.422,0.842,-0.51,0.475,0.907,0.729,0.776,0.862,0.024,0.568,-0.374,0.375,0.828,0.892,0.931,0.954,0.725,0.642,0.844,0.838,0.494,0.774,0.724,0.854,0.854,0.831,0.176,0.853,0.871,0.855,0.325,0.627,0.817,0.863,-0.127,0.472,0.917,0.392,0.59,0.814,0.922,0.786,0.841,0.634,0.861,0.674,0.29,0.772,0.49,0.865,0.841,0.779,0.319,0.503,0.664,0.665,0.682,0.758,0.779,0.713,0.424,0.171,0.709,0.798,0.852,0.77,-0.426,0.832,0.397,0.939,0.674,0.694,0.38,0.342,0.897,0.864,0.634,0.838,0.648,0.859,0.858,0.932,0.829,0.898,0.852,0.711,0.737,0.812,0.802,0.902,0.502,-0.178,0.686,0.749,0.781,0.839,0.856,0.85,0.713,0.735,0.859,0.767,0.763,0.912,0.955,0.844,0.743,0.788,0.756,0.914
000776SZ,0.694,0.897,0.882,0.981,0.807,0.853,0.886,0.862,0.828,0.956,0.558,0.041,0.496,0.627,0.712,0.898,1.0,0.799,0.512,0.964,0.897,0.768,0.674,0.792,0.702,0.812,0.891,0.556,0.381,0.813,0.835,0.638,0.906,0.739,0.798,0.725,0.696,0.726,0.888,0.457,0.854,0.937,0.576,0.679,0.79,0.866,-0.285,0.69,0.762,0.476,0.856,0.884,0.776,0.754,0.792,0.733,0.76,0.31,0.411,0.618,0.954,0.894,0.388,0.72,0.768,0.596,0.845,0.541,0.65,0.706,0.227,0.661,0.727,0.198,0.816,0.621,0.793,0.66,0.558,0.723,0.403,0.713,0.928,0.646,0.838,0.96,0.861,0.911,0.785,0.869,0.814,0.426,0.338,0.269,0.665,0.684,0.893,0.786,0.98,0.88,0.775,0.928,0.543,0.283,0.247,0.749,0.963,0.513,0.959,-0.275,0.493,0.898,0.813,0.732,0.903,0.244,0.668,-0.223,0.526,0.739,0.808,0.83,0.911,0.675,0.779,0.77,0.745,0.641,0.804,0.818,0.916,0.93,0.714,0.46,0.894,0.807,0.926,0.553,0.807,0.904,0.773,-0.044,0.641,0.968,0.557,0.403,0.897,0.859,0.843,0.925,0.749,0.972,0.866,0.408,0.827,0.628,0.979,0.924,0.911,0.549,0.594,0.768,0.83,0.823,0.843,0.916,0.89,0.62,0.204,0.876,0.954,0.986,0.679,-0.349,0.944,0.489,0.941,0.619,0.891,0.564,0.425,0.949,0.953,0.777,0.759,0.778,0.741,0.976,0.96,0.854,0.883,0.986,0.906,0.837,0.939,0.877,0.946,0.723,-0.077,0.595,0.74,0.668,0.704,0.801,0.755,0.689,0.641,0.839,0.663,0.896,0.79,0.911,0.797,0.619,0.66,0.716,0.924
000786SZ,0.83,0.924,0.912,0.74,0.877,0.963,0.517,0.958,0.815,0.676,0.281,0.414,0.075,0.23,0.672,0.735,0.799,1.0,0.508,0.738,0.747,0.532,0.398,0.433,0.438,0.588,0.831,0.252,-0.085,0.666,0.702,0.217,0.631,0.576,0.546,0.396,0.335,0.604,0.953,0.149,0.562,0.786,0.759,0.424,0.466,0.631,-0.555,0.329,0.86,0.124,0.501,0.582,0.671,0.369,0.472,0.432,0.588,0.128,0.329,0.295,0.71,0.578,-0.081,0.513,0.545,0.163,0.521,0.174,0.275,0.34,-0.209,0.536,0.458,-0.029,0.714,0.197,0.485,0.353,0.197,0.356,-0.09,0.459,0.881,0.529,0.836,0.836,0.886,0.852,0.574,0.823,0.643,0.535,0.539,0.581,0.87,0.835,0.919,0.808,0.719,0.646,0.842,0.858,0.667,0.569,-0.161,0.343,0.806,0.29,0.817,-0.133,0.029,0.901,0.806,0.893,0.868,0.523,0.242,-0.216,0.731,0.436,0.598,0.65,0.712,0.304,0.936,0.457,0.486,0.728,0.583,0.887,0.818,0.782,0.541,0.474,0.825,0.561,0.854,0.647,0.57,0.844,0.509,0.334,0.695,0.722,0.744,0.279,0.857,0.691,0.891,0.893,0.867,0.835,0.716,0.645,0.862,0.816,0.885,0.886,0.899,0.563,0.744,0.795,0.805,0.897,0.621,0.851,0.862,0.766,0.469,0.845,0.805,0.736,0.389,-0.03,0.681,0.699,0.703,0.3,0.805,0.639,0.673,0.894,0.863,0.798,0.592,0.875,0.45,0.888,0.683,0.625,0.617,0.833,0.784,0.861,0.846,0.905,0.872,0.521,0.176,0.182,0.324,0.339,0.731,0.53,0.611,0.316,0.342,0.673,0.398,0.719,0.499,0.68,0.444,0.238,0.293,0.764,0.903
000800SZ,0.534,0.422,0.464,0.415,0.276,0.497,0.359,0.469,0.118,0.474,0.728,0.273,-0.137,0.329,0.436,0.186,0.512,0.508,1.0,0.576,0.19,0.116,0.012,0.1,0.07,0.279,0.648,0.045,-0.124,0.012,0.24,-0.058,0.312,0.071,0.257,0.19,0.008,0.545,0.529,-0.05,0.128,0.372,0.482,-0.024,0.274,0.253,0.081,0.038,0.553,0.081,0.195,0.369,0.381,0.056,0.041,0.05,0.231,-0.352,0.83,0.155,0.496,0.281,-0.092,-0.031,0.112,0.151,0.149,-0.198,0.035,-0.065,-0.034,0.001,0.045,0.482,0.199,0.031,0.138,-0.007,0.015,0.166,-0.126,0.031,0.507,0.631,0.487,0.56,0.538,0.637,0.598,0.512,0.082,0.787,0.664,0.245,0.755,0.525,0.403,0.491,0.386,0.235,0.457,0.618,0.662,0.31,-0.109,0.249,0.614,0.395,0.621,0.488,0.043,0.321,0.506,0.268,0.468,0.748,0.332,0.19,0.627,0.006,0.121,0.123,0.2,0.128,0.622,0.062,-0.036,0.559,0.333,0.569,0.593,0.469,-0.045,0.715,0.464,0.156,0.512,0.663,0.637,0.528,0.094,0.301,0.596,0.367,0.631,-0.119,0.469,0.181,0.519,0.583,0.57,0.528,0.76,0.49,0.527,0.616,0.568,0.551,0.621,0.825,0.488,0.702,0.687,0.655,0.464,0.638,0.734,0.766,0.325,0.702,0.631,0.558,-0.046,0.231,0.473,0.43,0.292,0.073,0.727,0.666,0.472,0.476,0.573,0.622,0.117,0.582,-0.041,0.572,0.325,0.341,0.256,0.59,0.728,0.619,0.585,0.571,0.476,0.581,0.197,-0.095,0.197,-0.098,0.04,0.071,-0.011,0.093,0.018,0.24,-0.025,0.589,0.0,0.255,0.077,-0.078,-0.104,0.15,0.379
000807SZ,0.61,0.836,0.859,0.951,0.734,0.79,0.907,0.798,0.755,0.942,0.669,-0.007,0.539,0.74,0.736,0.844,0.964,0.738,0.576,1.0,0.849,0.769,0.689,0.81,0.734,0.837,0.844,0.633,0.465,0.738,0.813,0.651,0.879,0.736,0.825,0.795,0.72,0.767,0.832,0.518,0.83,0.933,0.576,0.677,0.851,0.874,-0.199,0.722,0.715,0.538,0.858,0.906,0.81,0.764,0.779,0.765,0.746,0.25,0.48,0.665,0.945,0.89,0.455,0.682,0.76,0.694,0.819,0.526,0.702,0.695,0.324,0.57,0.741,0.312,0.776,0.661,0.798,0.687,0.593,0.742,0.432,0.71,0.876,0.74,0.78,0.924,0.794,0.9,0.845,0.852,0.779,0.453,0.32,0.206,0.646,0.61,0.834,0.706,0.947,0.857,0.715,0.879,0.5,0.216,0.335,0.822,0.966,0.604,0.961,-0.128,0.573,0.847,0.836,0.656,0.895,0.255,0.715,-0.229,0.536,0.734,0.795,0.781,0.871,0.711,0.752,0.774,0.714,0.582,0.884,0.766,0.902,0.911,0.677,0.416,0.903,0.826,0.897,0.533,0.87,0.834,0.766,-0.123,0.547,0.932,0.523,0.359,0.861,0.846,0.766,0.879,0.706,0.952,0.87,0.321,0.755,0.568,0.942,0.867,0.88,0.643,0.526,0.744,0.817,0.785,0.89,0.885,0.863,0.599,0.111,0.866,0.951,0.97,0.643,-0.416,0.954,0.396,0.907,0.663,0.893,0.586,0.373,0.897,0.911,0.735,0.745,0.758,0.719,0.931,0.925,0.862,0.898,0.946,0.925,0.775,0.924,0.823,0.902,0.721,-0.153,0.608,0.796,0.659,0.638,0.765,0.718,0.761,0.671,0.848,0.631,0.945,0.739,0.858,0.747,0.657,0.644,0.62,0.853
000858SZ,0.506,0.858,0.863,0.936,0.867,0.789,0.846,0.847,0.952,0.865,0.378,-0.116,0.677,0.567,0.722,0.934,0.897,0.747,0.19,0.849,1.0,0.87,0.848,0.851,0.843,0.835,0.695,0.702,0.487,0.898,0.937,0.773,0.912,0.889,0.885,0.805,0.838,0.715,0.824,0.578,0.911,0.944,0.575,0.857,0.8,0.832,-0.458,0.83,0.649,0.624,0.905,0.879,0.831,0.845,0.904,0.787,0.869,0.416,0.181,0.752,0.905,0.93,0.506,0.894,0.904,0.599,0.896,0.745,0.769,0.857,0.309,0.829,0.893,0.107,0.797,0.734,0.883,0.837,0.706,0.816,0.536,0.885,0.808,0.416,0.683,0.812,0.706,0.73,0.587,0.742,0.929,0.14,0.037,0.163,0.532,0.509,0.864,0.595,0.922,0.914,0.618,0.745,0.279,0.125,0.344,0.694,0.822,0.521,0.818,-0.429,0.564,0.923,0.75,0.745,0.848,-0.017,0.629,-0.458,0.324,0.906,0.941,0.916,0.984,0.782,0.678,0.899,0.923,0.44,0.824,0.735,0.791,0.812,0.93,0.124,0.837,0.912,0.805,0.252,0.602,0.736,0.907,-0.232,0.375,0.947,0.319,0.627,0.775,0.919,0.694,0.783,0.56,0.862,0.689,0.177,0.666,0.403,0.876,0.777,0.739,0.354,0.375,0.591,0.588,0.636,0.762,0.722,0.678,0.375,-0.009,0.66,0.789,0.868,0.811,-0.533,0.844,0.293,0.97,0.767,0.667,0.322,0.265,0.874,0.817,0.542,0.915,0.668,0.876,0.868,0.945,0.902,0.943,0.836,0.71,0.639,0.782,0.733,0.879,0.577,-0.306,0.752,0.731,0.843,0.903,0.907,0.903,0.723,0.805,0.88,0.765,0.748,0.865,0.889,0.796,0.722,0.823,0.743,0.898
000876SZ,0.335,0.742,0.759,0.825,0.671,0.611,0.824,0.621,0.8,0.756,0.416,-0.197,0.715,0.719,0.553,0.793,0.768,0.532,0.116,0.769,0.87,1.0,0.884,0.871,0.875,0.902,0.567,0.761,0.651,0.79,0.853,0.758,0.83,0.875,0.817,0.881,0.866,0.668,0.597,0.725,0.8,0.891,0.572,0.8,0.792,0.838,-0.313,0.83,0.47,0.675,0.868,0.856,0.786,0.82,0.949,0.869,0.82,0.302,0.165,0.758,0.798,0.868,0.567,0.805,0.885,0.753,0.784,0.737,0.848,0.817,0.533,0.668,0.901,0.151,0.781,0.81,0.834,0.841,0.68,0.844,0.633,0.856,0.655,0.469,0.547,0.702,0.54,0.625,0.653,0.612,0.865,0.058,-0.084,-0.019,0.381,0.344,0.763,0.41,0.801,0.92,0.483,0.579,0.058,-0.009,0.501,0.741,0.741,0.607,0.735,-0.282,0.643,0.77,0.735,0.594,0.727,-0.049,0.682,-0.34,0.23,0.86,0.832,0.817,0.868,0.773,0.531,0.887,0.917,0.287,0.801,0.54,0.694,0.754,0.89,0.073,0.7,0.872,0.69,0.158,0.58,0.601,0.85,-0.334,0.194,0.83,0.161,0.566,0.684,0.853,0.534,0.628,0.45,0.75,0.622,-0.012,0.487,0.247,0.729,0.638,0.603,0.177,0.264,0.438,0.485,0.483,0.813,0.606,0.507,0.229,-0.138,0.567,0.696,0.752,0.71,-0.617,0.806,0.116,0.853,0.769,0.591,0.241,0.059,0.745,0.7,0.416,0.834,0.544,0.81,0.709,0.829,0.898,0.886,0.687,0.646,0.465,0.689,0.577,0.751,0.5,-0.387,0.767,0.808,0.841,0.77,0.792,0.819,0.833,0.828,0.858,0.623,0.727,0.744,0.776,0.689,0.691,0.803,0.718,0.722
000895SZ,0.097,0.578,0.621,0.772,0.557,0.459,0.837,0.499,0.738,0.704,0.46,-0.498,0.899,0.734,0.516,0.754,0.674,0.398,0.012,0.689,0.848,0.884,1.0,0.864,0.96,0.838,0.369,0.915,0.792,0.706,0.906,0.854,0.82,0.852,0.927,0.908,0.936,0.748,0.473,0.786,0.799,0.79,0.447,0.949,0.795,0.73,-0.224,0.949,0.292,0.881,0.908,0.88,0.822,0.875,0.931,0.843,0.883,0.252,0.187,0.93,0.797,0.898,0.75,0.87,0.968,0.776,0.852,0.918,0.95,0.921,0.684,0.758,0.973,0.232,0.573,0.926,0.934,0.966,0.865,0.948,0.811,0.935,0.507,0.299,0.302,0.557,0.342,0.455,0.473,0.428,0.892,-0.166,-0.361,-0.275,0.276,0.107,0.593,0.167,0.736,0.854,0.194,0.412,-0.169,-0.304,0.702,0.751,0.597,0.742,0.604,-0.288,0.798,0.673,0.569,0.381,0.577,-0.212,0.779,-0.536,0.033,0.941,0.929,0.79,0.861,0.936,0.341,0.965,0.94,0.039,0.829,0.349,0.565,0.603,0.927,-0.145,0.611,0.89,0.552,-0.149,0.456,0.406,0.956,-0.636,-0.071,0.799,-0.123,0.672,0.462,0.845,0.339,0.474,0.169,0.625,0.567,-0.284,0.302,-0.037,0.618,0.473,0.403,0.218,-0.056,0.376,0.239,0.249,0.737,0.417,0.339,-0.023,-0.426,0.362,0.553,0.685,0.705,-0.779,0.696,-0.179,0.851,0.929,0.404,-0.02,-0.207,0.593,0.574,0.155,0.94,0.319,0.878,0.588,0.806,0.913,0.894,0.56,0.486,0.284,0.508,0.406,0.657,0.509,-0.647,0.934,0.851,0.961,0.758,0.808,0.758,0.818,0.974,0.799,0.653,0.594,0.79,0.733,0.64,0.798,0.921,0.505,0.613
000938SZ,0.222,0.635,0.679,0.849,0.561,0.513,0.888,0.548,0.747,0.828,0.474,-0.355,0.823,0.815,0.544,0.817,0.792,0.433,0.1,0.81,0.851,0.871,0.864,1.0,0.865,0.857,0.518,0.799,0.784,0.779,0.81,0.865,0.819,0.804,0.855,0.91,0.937,0.67,0.548,0.785,0.875,0.864,0.374,0.804,0.913,0.846,-0.135,0.916,0.357,0.71,0.926,0.915,0.699,0.89,0.926,0.894,0.754,0.43,0.179,0.789,0.834,0.925,0.715,0.786,0.846,0.863,0.876,0.794,0.911,0.892,0.632,0.596,0.912,0.22,0.682,0.901,0.882,0.872,0.762,0.864,0.732,0.838,0.636,0.539,0.514,0.697,0.484,0.607,0.707,0.603,0.823,0.01,-0.161,-0.146,0.254,0.234,0.645,0.402,0.858,0.863,0.445,0.574,0.114,-0.136,0.644,0.908,0.747,0.63,0.723,-0.358,0.809,0.703,0.641,0.463,0.662,-0.216,0.779,-0.268,0.191,0.886,0.844,0.79,0.884,0.84,0.436,0.929,0.897,0.209,0.864,0.458,0.652,0.753,0.827,0.084,0.68,0.859,0.705,0.136,0.651,0.572,0.854,-0.459,0.178,0.872,0.084,0.486,0.669,0.822,0.459,0.59,0.375,0.768,0.59,-0.113,0.436,0.143,0.71,0.603,0.566,0.256,0.185,0.352,0.458,0.399,0.793,0.601,0.474,0.115,-0.246,0.539,0.727,0.8,0.758,-0.706,0.86,0.061,0.869,0.834,0.589,0.191,-0.036,0.699,0.66,0.375,0.794,0.438,0.834,0.702,0.872,0.856,0.904,0.709,0.617,0.413,0.679,0.513,0.702,0.598,-0.39,0.859,0.904,0.882,0.634,0.856,0.796,0.929,0.835,0.864,0.726,0.751,0.825,0.812,0.825,0.819,0.873,0.606,0.679
000963SZ,0.147,0.599,0.668,0.789,0.566,0.486,0.851,0.522,0.744,0.733,0.475,-0.454,0.873,0.768,0.514,0.78,0.702,0.438,0.07,0.734,0.843,0.875,0.96,0.865,1.0,0.902,0.409,0.927,0.786,0.746,0.885,0.827,0.838,0.877,0.912,0.919,0.921,0.744,0.507,0.801,0.802,0.814,0.503,0.915,0.827,0.755,-0.188,0.932,0.33,0.857,0.9,0.881,0.843,0.864,0.922,0.851,0.897,0.264,0.184,0.883,0.802,0.897,0.759,0.861,0.943,0.78,0.83,0.867,0.943,0.905,0.657,0.718,0.943,0.226,0.597,0.888,0.937,0.947,0.829,0.932,0.776,0.9,0.537,0.363,0.342,0.593,0.39,0.505,0.523,0.501,0.873,-0.103,-0.29,-0.213,0.302,0.161,0.62,0.226,0.772,0.896,0.265,0.442,-0.107,-0.24,0.716,0.784,0.634,0.751,0.641,-0.234,0.791,0.674,0.689,0.419,0.628,-0.165,0.763,-0.508,0.103,0.938,0.914,0.786,0.867,0.921,0.384,0.955,0.925,0.082,0.877,0.393,0.633,0.63,0.899,-0.099,0.67,0.895,0.571,-0.059,0.527,0.435,0.927,-0.591,-0.033,0.807,-0.059,0.67,0.496,0.836,0.375,0.514,0.241,0.646,0.583,-0.228,0.35,0.025,0.646,0.506,0.452,0.283,0.016,0.403,0.302,0.304,0.8,0.465,0.383,0.026,-0.378,0.421,0.592,0.709,0.678,-0.74,0.708,-0.133,0.855,0.917,0.467,0.068,-0.163,0.625,0.604,0.211,0.909,0.37,0.865,0.619,0.812,0.91,0.895,0.596,0.524,0.33,0.549,0.444,0.669,0.504,-0.556,0.894,0.871,0.924,0.76,0.783,0.756,0.862,0.948,0.831,0.625,0.671,0.766,0.732,0.635,0.841,0.897,0.52,0.631
000999SZ,0.367,0.746,0.796,0.841,0.627,0.628,0.846,0.637,0.77,0.827,0.536,-0.203,0.681,0.811,0.57,0.807,0.812,0.588,0.279,0.837,0.835,0.902,0.838,0.857,0.902,1.0,0.595,0.786,0.659,0.762,0.843,0.706,0.844,0.837,0.84,0.89,0.823,0.766,0.639,0.73,0.764,0.902,0.673,0.757,0.841,0.846,-0.124,0.813,0.468,0.677,0.851,0.895,0.836,0.786,0.884,0.846,0.843,0.197,0.324,0.736,0.842,0.879,0.585,0.767,0.866,0.757,0.762,0.657,0.839,0.78,0.542,0.578,0.849,0.255,0.737,0.775,0.856,0.814,0.651,0.821,0.602,0.773,0.689,0.58,0.547,0.757,0.582,0.704,0.734,0.675,0.815,0.121,0.005,-0.018,0.473,0.384,0.768,0.453,0.839,0.923,0.515,0.624,0.151,-0.004,0.56,0.802,0.792,0.723,0.785,-0.13,0.668,0.755,0.854,0.559,0.76,0.075,0.742,-0.263,0.383,0.821,0.824,0.765,0.859,0.79,0.606,0.87,0.842,0.311,0.878,0.548,0.763,0.773,0.799,0.202,0.75,0.849,0.732,0.239,0.677,0.633,0.809,-0.321,0.217,0.847,0.205,0.502,0.695,0.826,0.563,0.681,0.508,0.778,0.718,0.016,0.525,0.301,0.781,0.681,0.664,0.379,0.304,0.532,0.547,0.539,0.917,0.667,0.578,0.285,-0.132,0.651,0.771,0.814,0.596,-0.563,0.814,0.129,0.851,0.757,0.706,0.358,0.062,0.768,0.764,0.475,0.792,0.539,0.757,0.761,0.83,0.893,0.87,0.744,0.702,0.526,0.741,0.617,0.769,0.635,-0.291,0.722,0.848,0.783,0.711,0.734,0.734,0.872,0.795,0.899,0.562,0.83,0.696,0.779,0.649,0.717,0.755,0.686,0.734
001965SZ,0.905,0.891,0.835,0.835,0.763,0.885,0.699,0.84,0.666,0.761,0.415,0.368,0.131,0.38,0.598,0.75,0.891,0.831,0.648,0.844,0.695,0.567,0.369,0.518,0.409,0.595,1.0,0.226,0.031,0.658,0.628,0.299,0.713,0.546,0.537,0.424,0.385,0.517,0.875,0.143,0.659,0.781,0.524,0.401,0.508,0.754,-0.383,0.352,0.894,0.125,0.606,0.636,0.607,0.461,0.544,0.53,0.545,0.205,0.378,0.313,0.766,0.626,0.014,0.491,0.507,0.326,0.614,0.227,0.326,0.381,-0.109,0.485,0.422,0.032,0.775,0.276,0.515,0.327,0.232,0.449,0.044,0.442,0.933,0.655,0.918,0.937,0.946,0.923,0.726,0.863,0.63,0.627,0.625,0.503,0.746,0.888,0.876,0.899,0.822,0.713,0.878,0.97,0.751,0.532,-0.068,0.524,0.899,0.254,0.918,-0.227,0.128,0.826,0.744,0.804,0.862,0.493,0.376,-0.063,0.644,0.435,0.543,0.693,0.698,0.353,0.825,0.47,0.476,0.774,0.548,0.868,0.92,0.886,0.467,0.613,0.819,0.55,0.896,0.751,0.754,0.945,0.518,0.311,0.856,0.781,0.802,0.235,0.908,0.71,0.946,0.939,0.891,0.91,0.811,0.698,0.939,0.847,0.91,0.952,0.952,0.529,0.821,0.84,0.947,0.932,0.687,0.963,0.964,0.834,0.542,0.929,0.888,0.848,0.474,-0.029,0.829,0.731,0.752,0.299,0.895,0.691,0.671,0.92,0.927,0.915,0.521,0.871,0.474,0.915,0.782,0.647,0.652,0.938,0.918,0.957,0.928,0.945,0.897,0.527,0.227,0.259,0.494,0.352,0.564,0.548,0.57,0.414,0.354,0.66,0.441,0.823,0.585,0.761,0.601,0.334,0.343,0.707,0.877
002001SZ,-0.066,0.385,0.478,0.662,0.388,0.304,0.775,0.331,0.553,0.641,0.533,-0.579,0.905,0.787,0.482,0.614,0.556,0.252,0.045,0.633,0.702,0.761,0.915,0.799,0.927,0.786,0.226,1.0,0.853,0.549,0.779,0.833,0.715,0.763,0.873,0.888,0.896,0.708,0.328,0.792,0.712,0.674,0.371,0.864,0.806,0.617,-0.089,0.924,0.162,0.916,0.813,0.815,0.76,0.839,0.831,0.752,0.77,0.146,0.23,0.906,0.714,0.825,0.839,0.756,0.847,0.798,0.764,0.85,0.923,0.865,0.75,0.616,0.894,0.388,0.429,0.895,0.871,0.924,0.869,0.896,0.823,0.854,0.366,0.304,0.161,0.433,0.202,0.341,0.455,0.359,0.752,-0.13,-0.392,-0.357,0.162,-0.052,0.407,0.039,0.634,0.735,0.05,0.278,-0.229,-0.402,0.783,0.76,0.506,0.792,0.505,-0.122,0.871,0.492,0.547,0.191,0.473,-0.202,0.758,-0.526,-0.059,0.873,0.825,0.663,0.732,0.918,0.226,0.883,0.814,-0.068,0.849,0.218,0.459,0.489,0.785,-0.216,0.551,0.837,0.419,-0.19,0.477,0.243,0.857,-0.732,-0.202,0.687,-0.197,0.581,0.326,0.719,0.17,0.351,0.045,0.504,0.492,-0.393,0.162,-0.167,0.488,0.329,0.278,0.32,-0.185,0.274,0.143,0.123,0.718,0.294,0.231,-0.113,-0.543,0.255,0.467,0.6,0.621,-0.748,0.598,-0.301,0.726,0.927,0.321,-0.064,-0.297,0.436,0.435,0.04,0.828,0.23,0.805,0.451,0.692,0.812,0.821,0.442,0.398,0.154,0.397,0.262,0.508,0.47,-0.713,0.888,0.85,0.867,0.581,0.737,0.647,0.826,0.918,0.704,0.609,0.543,0.671,0.612,0.557,0.797,0.85,0.288,0.444
002007SZ,-0.306,0.129,0.226,0.482,0.072,0.003,0.695,0.026,0.328,0.502,0.471,-0.719,0.907,0.851,0.199,0.418,0.381,-0.085,-0.124,0.465,0.487,0.651,0.792,0.784,0.786,0.659,0.031,0.853,1.0,0.389,0.536,0.805,0.522,0.555,0.683,0.823,0.84,0.511,0.031,0.843,0.567,0.485,0.086,0.694,0.739,0.532,0.229,0.844,-0.146,0.828,0.728,0.698,0.473,0.751,0.732,0.729,0.532,0.215,0.097,0.78,0.526,0.691,0.915,0.564,0.678,0.874,0.63,0.801,0.897,0.78,0.915,0.355,0.763,0.356,0.276,0.902,0.741,0.801,0.771,0.804,0.909,0.668,0.138,0.291,-0.022,0.244,-0.043,0.158,0.431,0.14,0.554,-0.307,-0.553,-0.583,-0.16,-0.3,0.152,-0.147,0.488,0.583,-0.11,0.084,-0.402,-0.575,0.922,0.81,0.33,0.7,0.305,-0.139,0.946,0.227,0.307,-0.092,0.21,-0.436,0.776,-0.293,-0.199,0.737,0.616,0.451,0.546,0.807,-0.053,0.779,0.696,-0.26,0.692,-0.087,0.226,0.337,0.6,-0.224,0.296,0.641,0.238,-0.297,0.39,0.065,0.674,-0.829,-0.347,0.522,-0.41,0.376,0.158,0.522,-0.074,0.097,-0.155,0.329,0.28,-0.587,-0.089,-0.389,0.26,0.109,0.068,0.064,-0.345,-0.031,-0.028,-0.125,0.597,0.118,-0.002,-0.362,-0.687,0.083,0.307,0.441,0.513,-0.839,0.51,-0.477,0.539,0.801,0.171,-0.209,-0.541,0.212,0.215,-0.127,0.589,-0.059,0.653,0.238,0.536,0.624,0.641,0.256,0.224,-0.097,0.225,-0.001,0.261,0.413,-0.635,0.883,0.845,0.803,0.283,0.578,0.462,0.849,0.8,0.571,0.471,0.421,0.557,0.436,0.506,0.784,0.786,0.145,0.18
