,000001SZ,000002SZ,000157SZ,000166SZ,000333SZ,000338SZ,000538SZ,000568SZ,000596SZ,000617SZ,000625SZ,000651SZ,000661SZ,000708SZ,000725SZ,000768SZ,000776SZ,000786SZ,000800SZ,000807SZ,000858SZ,000876SZ,000895SZ,000938SZ,000963SZ,000999SZ,001965SZ,002001SZ,002007SZ,002027SZ,002028SZ,002050SZ,002129SZ,002179SZ,002230SZ,002236SZ,002241SZ,002271SZ,002304SZ,002311SZ,002371SZ,002415SZ,002422SZ,002459SZ,002460SZ,002463SZ,002466SZ,002475SZ,002493SZ,002555SZ,002594SZ,002601SZ,002648SZ,002709SZ,002714SZ,002916SZ,002920SZ,002938SZ,003816SZ,300014SZ,300033SZ,300059SZ,300122SZ,300124SZ,300274SZ,300308SZ,300316SZ,300347SZ,300394SZ,300408SZ,300413SZ,300418SZ,300433SZ,300450SZ,300498SZ,300502SZ,300628SZ,300661SZ,300750SZ,300759SZ,300760SZ,300782SZ,600000SS,600010SS,600011SS,600015SS,600016SS,600018SS,600019SS,600023SS,600025SS,600026SS,600028SS,600029SS,600031SS,600036SS,600048SS,600050SS,600061SS,600085SS,600089SS,600104SS,600111SS,600115SS,600161SS,600183SS,600188SS,600196SS,600219SS,600233SS,600276SS,600309SS,600332SS,600346SS,600362SS,600377SS,600406SS,600415SS,600426SS,600436SS,600438SS,600489SS,600519SS,600570SS,600585SS,600588SS,600600SS,600660SS,600674SS,600741SS,600760SS,600795SS,600809SS,600875SS,600886SS,600887SS,600926SS,600989SS,601006SS,601009SS,601012SS,601021SS,601058SS,601066SS,601088SS,601100SS,601117SS,601138SS,601166SS,601169SS,601186SS,601225SS,601229SS,601238SS,601288SS,601318SS,601319SS,601328SS,601336SS,601360SS,601390SS,601398SS,601600SS,601601SS,601607SS,601618SS,601628SS,601633SS,601658SS,601668SS,601669SS,601688SS,601689SS,601698SS,601699SS,601766SS,601788SS,601799SS,601800SS,601808SS,601816SS,601818SS,601838SS,601857SS,601865SS,601872SS,601877SS,601878SS,601881SS,601888SS,601899SS,601901SS,601919SS,601939SS,601985SS,601988SS,601998SS,603019SS,603195SS,603259SS,603260SS,603288SS,603369SS,603501SS,603659SS,603799SS,603806SS,603833SS,603986SS,603993SS,688008SS,688009SS,688012SS,688036SS,688111SS,688169SS,688396SS
000001SZ,1.0,0.963,0.18,0.406,0.435,-0.055,0.507,0.841,0.803,0.811,0.515,0.641,0.741,0.046,0.832,-0.255,-0.242,0.745,-0.161,0.559,0.867,0.816,0.904,0.048,0.765,0.821,0.58,0.649,0.34,0.843,0.0,0.083,-0.322,0.027,0.314,0.631,0.391,-0.184,0.814,0.738,-0.735,0.437,0.596,-0.311,-0.393,-0.465,-0.665,0.704,0.438,0.702,-0.399,0.604,0.053,-0.189,0.955,-0.328,0.161,0.312,0.406,0.483,0.754,0.409,0.64,-0.365,-0.47,-0.672,-0.669,0.328,-0.694,0.27,0.848,0.482,0.137,-0.393,0.134,-0.872,0.139,-0.617,-0.301,-0.275,0.603,0.414,0.801,-0.518,-0.037,0.849,0.779,0.839,0.733,0.064,0.083,0.734,0.82,0.68,-0.021,0.919,0.787,0.766,0.849,0.74,0.181,0.824,-0.668,0.627,0.693,-0.727,-0.174,-0.297,-0.117,0.754,0.792,0.5,0.752,-0.55,-0.253,0.478,-0.587,0.856,0.77,0.833,-0.391,0.506,0.778,0.671,0.39,-0.481,0.811,0.121,0.879,0.542,-0.265,-0.033,0.863,-0.078,0.83,0.446,0.928,0.085,0.736,0.895,0.181,0.771,0.051,0.78,0.89,-0.05,0.349,-0.0,0.932,0.833,-0.284,0.78,0.91,0.443,0.652,0.916,0.761,0.934,0.9,0.783,-0.395,0.731,0.505,0.803,0.655,-0.471,0.819,-0.67,0.246,0.787,-0.509,0.859,-0.08,0.68,0.475,0.16,0.6,0.068,-0.502,0.864,0.517,0.914,0.879,0.459,-0.238,0.855,-0.325,0.717,0.695,0.819,-0.336,0.491,0.782,0.881,0.134,0.686,0.72,-0.292,0.687,0.283,-0.103,0.749,0.803,-0.073,0.251,0.262,-0.214,0.308,-0.828,0.321,-0.506,0.69,-0.724,0.683,0.849,0.149,-0.758
000002SZ,0.963,1.0,0.338,0.468,0.555,0.113,0.375,0.732,0.69,0.758,0.604,0.586,0.621,0.175,0.754,-0.09,-0.094,0.773,0.01,0.585,0.776,0.87,0.894,0.129,0.698,0.773,0.431,0.608,0.377,0.805,0.149,0.231,-0.204,0.175,0.238,0.57,0.471,-0.047,0.715,0.678,-0.665,0.354,0.596,-0.154,-0.363,-0.366,-0.517,0.731,0.394,0.602,-0.23,0.627,0.2,-0.016,0.915,-0.409,0.119,0.215,0.485,0.509,0.755,0.468,0.617,-0.263,-0.345,-0.551,-0.525,0.331,-0.59,0.243,0.828,0.35,0.212,-0.236,0.276,-0.805,0.013,-0.471,-0.298,-0.152,0.47,0.34,0.72,-0.384,0.133,0.774,0.68,0.828,0.784,0.226,0.207,0.607,0.772,0.538,0.143,0.935,0.863,0.809,0.836,0.644,0.328,0.793,-0.529,0.484,0.6,-0.614,-0.195,-0.223,-0.006,0.719,0.722,0.454,0.679,-0.408,-0.302,0.323,-0.453,0.858,0.82,0.753,-0.239,0.407,0.665,0.585,0.536,-0.338,0.691,0.236,0.843,0.646,-0.107,0.143,0.765,0.078,0.855,0.56,0.906,0.267,0.64,0.808,0.208,0.659,0.137,0.724,0.928,0.107,0.451,0.14,0.854,0.753,-0.11,0.8,0.87,0.532,0.522,0.883,0.658,0.876,0.833,0.723,-0.223,0.63,0.534,0.816,0.647,-0.379,0.742,-0.525,0.354,0.867,-0.351,0.846,0.081,0.707,0.564,0.298,0.548,0.135,-0.345,0.79,0.374,0.852,0.795,0.352,-0.068,0.833,-0.168,0.67,0.735,0.733,-0.228,0.363,0.82,0.819,0.287,0.576,0.611,-0.348,0.58,0.198,0.005,0.757,0.687,-0.148,0.317,0.188,-0.049,0.457,-0.823,0.291,-0.531,0.589,-0.708,0.72,0.83,0.281,-0.753
000157SZ,0.18,0.338,1.0,0.46,0.892,0.924,-0.519,-0.235,-0.294,-0.096,0.668,-0.016,-0.366,0.733,-0.097,0.86,0.768,0.368,0.816,0.114,-0.15,0.597,0.327,0.667,0.01,0.164,-0.608,0.085,0.368,0.112,0.833,0.787,0.464,0.842,-0.425,-0.168,0.634,0.742,-0.203,0.15,-0.109,-0.426,0.272,0.727,-0.199,0.487,0.522,0.566,-0.182,-0.385,0.763,0.345,0.859,0.814,0.182,-0.637,-0.194,-0.324,0.471,0.059,0.199,0.436,0.167,0.51,0.405,0.454,0.449,0.169,0.278,-0.344,0.216,-0.576,0.578,0.725,0.929,0.061,-0.62,0.516,-0.311,0.627,-0.477,-0.073,-0.246,0.365,0.85,-0.187,-0.334,0.234,0.366,0.826,0.798,-0.419,-0.103,-0.517,0.952,0.379,0.602,0.424,0.089,-0.173,0.788,0.1,0.475,-0.547,-0.29,0.447,-0.383,0.289,0.356,0.11,-0.075,-0.11,-0.088,0.588,-0.483,-0.68,0.535,0.452,0.564,-0.092,0.75,-0.487,-0.275,-0.282,0.953,0.695,-0.245,0.751,0.106,0.782,0.746,0.9,-0.139,0.773,0.474,0.854,0.217,0.885,-0.39,-0.219,0.079,-0.314,0.271,-0.119,0.475,0.904,0.733,0.925,-0.139,-0.216,0.842,0.097,0.012,0.487,-0.552,0.054,-0.37,-0.06,-0.105,0.055,0.723,-0.454,0.063,0.213,0.244,0.154,-0.216,0.489,0.667,0.619,0.711,0.205,0.879,0.465,0.523,0.814,-0.163,0.43,0.685,-0.073,-0.666,-0.061,-0.205,-0.592,0.825,0.149,0.779,-0.063,0.405,-0.067,0.507,-0.612,0.491,-0.116,0.943,-0.348,-0.386,-0.255,-0.355,-0.34,0.472,0.461,-0.325,-0.527,0.482,-0.481,0.698,0.794,-0.398,-0.096,-0.265,-0.342,-0.337,0.542,0.284,0.892,-0.358
000166SZ,0.406,0.468,0.46,1.0,0.39,0.406,0.119,0.305,0.268,0.561,0.477,0.215,0.188,0.303,0.322,0.158,0.219,0.677,0.303,0.331,0.358,0.592,0.495,0.249,0.253,0.248,0.054,0.308,0.369,0.397,0.104,0.196,0.123,0.264,0.379,0.402,0.117,0.018,0.306,0.484,-0.19,0.335,0.411,0.078,0.016,-0.223,-0.032,0.444,0.55,0.178,0.13,0.434,0.311,0.18,0.442,-0.053,0.409,-0.005,0.605,0.429,0.805,0.727,0.19,0.189,-0.157,-0.24,-0.01,-0.044,-0.268,0.219,0.299,0.042,0.15,0.032,0.55,-0.297,-0.058,-0.143,-0.113,-0.089,0.034,0.131,0.412,0.091,0.429,0.436,0.355,0.603,0.514,0.214,-0.017,0.068,0.432,0.141,0.414,0.394,0.393,0.492,0.572,0.301,0.206,0.568,-0.093,0.179,0.215,-0.241,-0.513,0.085,0.296,0.456,0.446,0.361,0.236,0.208,0.163,0.011,0.009,0.427,0.485,0.183,0.178,0.382,0.263,0.339,0.572,0.189,0.327,0.121,0.291,0.508,0.46,0.357,0.314,0.146,0.31,0.39,0.463,0.414,0.289,0.309,0.191,0.196,0.184,0.579,0.486,0.381,0.536,0.486,0.33,0.392,0.348,0.387,0.443,0.485,0.177,0.383,0.251,0.408,0.399,0.448,0.306,0.189,0.547,0.744,0.366,0.372,0.407,-0.006,0.228,0.677,0.098,0.74,0.109,0.695,0.243,0.723,0.664,0.519,0.08,0.423,0.1,0.469,0.356,0.103,0.273,0.526,0.083,0.713,0.89,0.299,0.199,0.211,0.366,0.23,0.395,0.245,0.364,-0.444,0.259,-0.062,0.196,0.472,0.232,-0.309,0.134,0.129,0.177,0.377,-0.314,0.294,-0.06,0.406,-0.163,0.221,0.395,0.45,-0.357
000333SZ,0.435,0.555,0.892,0.39,1.0,0.712,-0.216,0.086,-0.002,0.129,0.649,0.326,-0.032,0.516,0.212,0.644,0.513,0.571,0.662,0.13,0.156,0.751,0.576,0.579,0.349,0.51,-0.312,0.376,0.526,0.333,0.679,0.686,0.197,0.677,-0.304,0.06,0.748,0.729,0.123,0.363,-0.426,-0.283,0.474,0.459,-0.39,0.358,0.198,0.762,-0.073,-0.085,0.504,0.435,0.711,0.615,0.444,-0.678,-0.07,-0.046,0.585,0.218,0.318,0.458,0.522,0.337,0.165,0.175,0.124,0.49,-0.0,-0.342,0.407,-0.31,0.656,0.502,0.778,-0.186,-0.424,0.256,-0.303,0.618,-0.175,0.033,0.002,0.013,0.681,0.076,-0.075,0.448,0.397,0.761,0.782,-0.067,0.102,-0.234,0.778,0.558,0.702,0.665,0.233,0.137,0.743,0.304,0.164,-0.271,0.025,0.178,-0.401,0.28,0.092,0.366,0.212,0.124,0.258,0.301,-0.691,-0.42,0.228,0.672,0.689,0.259,0.511,-0.367,0.042,-0.013,0.919,0.414,0.054,0.827,0.428,0.898,0.454,0.771,0.173,0.558,0.699,0.947,0.378,0.702,-0.124,0.05,0.191,0.017,0.309,0.047,0.677,0.779,0.628,0.765,0.146,0.061,0.629,0.228,0.291,0.503,-0.314,0.348,-0.077,0.204,0.17,0.32,0.437,-0.195,0.017,0.336,0.534,-0.179,0.058,0.168,0.57,0.728,0.445,0.377,0.771,0.609,0.539,0.628,-0.046,0.419,0.443,0.169,-0.419,0.17,0.034,-0.418,0.612,0.416,0.518,0.08,0.46,0.261,0.184,-0.421,0.757,0.126,0.802,-0.195,-0.18,-0.241,-0.042,-0.03,0.214,0.668,-0.002,-0.31,0.562,-0.368,0.451,0.685,-0.676,-0.162,-0.58,-0.1,-0.646,0.718,0.585,0.785,-0.615
000338SZ,-0.055,0.113,0.924,0.406,0.712,1.0,-0.693,-0.447,-0.504,-0.293,0.528,-0.296,-0.605,0.833,-0.353,0.921,0.884,0.161,0.773,0.018,-0.381,0.371,0.086,0.709,-0.291,-0.157,-0.735,-0.22,0.154,-0.112,0.854,0.732,0.569,0.901,-0.513,-0.382,0.505,0.659,-0.437,0.035,0.074,-0.517,-0.014,0.829,-0.069,0.479,0.679,0.356,-0.335,-0.622,0.833,0.17,0.895,0.887,-0.071,-0.621,-0.299,-0.537,0.227,-0.127,0.05,0.314,-0.134,0.538,0.491,0.579,0.595,-0.053,0.401,-0.342,-0.028,-0.766,0.443,0.747,0.899,0.208,-0.755,0.604,-0.358,0.571,-0.643,-0.064,-0.417,0.562,0.848,-0.385,-0.495,-0.001,0.254,0.792,0.716,-0.633,-0.277,-0.638,0.975,0.19,0.462,0.166,-0.049,-0.424,0.729,-0.088,0.607,-0.672,-0.532,0.594,-0.27,0.148,0.485,-0.185,-0.294,-0.364,-0.379,0.698,-0.292,-0.796,0.652,0.223,0.375,-0.354,0.839,-0.547,-0.502,-0.512,0.842,0.813,-0.425,0.6,-0.196,0.58,0.862,0.839,-0.347,0.842,0.228,0.647,0.04,0.902,-0.572,-0.418,-0.036,-0.518,0.12,-0.267,0.25,0.866,0.737,0.893,-0.346,-0.425,0.882,-0.058,-0.24,0.302,-0.661,-0.217,-0.562,-0.261,-0.326,-0.209,0.809,-0.599,0.031,0.064,-0.065,0.374,-0.417,0.637,0.697,0.462,0.812,0.021,0.85,0.291,0.436,0.828,-0.266,0.305,0.782,-0.264,-0.782,-0.245,-0.381,-0.713,0.881,-0.101,0.88,-0.193,0.288,-0.274,0.67,-0.696,0.235,-0.294,0.937,-0.371,-0.483,-0.283,-0.576,-0.573,0.63,0.215,-0.539,-0.611,0.421,-0.549,0.788,0.759,-0.18,0.001,-0.025,-0.513,-0.092,0.319,-0.005,0.861,-0.175
000538SZ,0.507,0.375,-0.519,0.119,-0.216,-0.693,1.0,0.848,0.803,0.756,-0.212,0.78,0.9,-0.726,0.787,-0.778,-0.845,0.492,-0.612,0.002,0.817,0.223,0.492,-0.359,0.751,0.654,0.897,0.62,0.342,0.571,-0.779,-0.594,-0.585,-0.683,0.78,0.81,-0.171,-0.436,0.861,0.477,-0.489,0.808,0.474,-0.791,-0.085,-0.573,-0.843,0.266,0.618,0.879,-0.827,0.048,-0.671,-0.751,0.549,0.443,0.681,0.76,0.279,0.563,0.519,0.27,0.63,-0.286,-0.66,-0.86,-0.802,0.457,-0.717,0.313,0.343,0.873,0.002,-0.793,-0.537,-0.538,0.811,-0.774,0.327,-0.393,0.897,0.308,0.807,-0.76,-0.627,0.81,0.846,0.6,0.033,-0.491,-0.531,0.863,0.648,0.87,-0.652,0.208,-0.075,0.392,0.414,0.881,-0.438,0.584,-0.805,0.903,0.904,-0.83,-0.204,-0.015,-0.614,0.682,0.799,0.766,0.837,-0.712,0.014,0.91,-0.837,0.355,0.098,0.776,-0.696,0.688,0.885,0.881,-0.339,-0.785,0.829,-0.212,0.616,-0.017,-0.64,-0.615,0.787,-0.822,0.203,-0.148,0.323,-0.672,0.875,0.729,0.424,0.883,-0.063,0.696,0.269,-0.464,-0.423,-0.514,0.725,0.827,-0.689,0.323,0.718,-0.026,0.84,0.709,0.882,0.674,0.769,0.716,-0.755,0.778,0.103,0.501,0.592,-0.463,0.838,-0.807,-0.575,0.123,-0.837,0.558,-0.682,0.337,-0.315,-0.414,0.703,0.188,-0.816,0.678,0.914,0.669,0.697,0.759,-0.666,0.597,-0.896,0.676,0.31,0.79,-0.815,0.857,0.254,0.535,-0.623,0.56,0.762,0.061,0.934,0.808,-0.724,0.395,0.874,0.66,-0.053,0.66,-0.698,-0.438,-0.293,0.053,-0.353,0.859,-0.333,0.032,0.561,-0.459,-0.309
000568SZ,0.841,0.732,-0.235,0.305,0.086,-0.447,0.848,1.0,0.952,0.89,0.146,0.799,0.953,-0.427,0.912,-0.625,-0.639,0.699,-0.486,0.288,0.982,0.547,0.774,-0.186,0.856,0.801,0.887,0.704,0.386,0.784,-0.482,-0.323,-0.591,-0.417,0.628,0.829,0.103,-0.423,0.977,0.746,-0.739,0.73,0.579,-0.688,-0.294,-0.633,-0.906,0.528,0.61,0.905,-0.734,0.364,-0.385,-0.567,0.841,0.055,0.507,0.601,0.347,0.564,0.735,0.379,0.702,-0.385,-0.73,-0.907,-0.871,0.429,-0.839,0.341,0.66,0.781,0.004,-0.73,-0.271,-0.817,0.538,-0.857,-0.022,-0.42,0.874,0.448,0.945,-0.759,-0.387,0.962,0.952,0.81,0.392,-0.311,-0.314,0.927,0.825,0.918,-0.408,0.635,0.375,0.651,0.741,0.912,-0.196,0.817,-0.886,0.913,0.914,-0.911,-0.23,-0.232,-0.421,0.799,0.93,0.687,0.892,-0.758,-0.119,0.821,-0.854,0.666,0.429,0.923,-0.656,0.709,0.975,0.873,-0.005,-0.737,0.975,-0.115,0.817,0.266,-0.543,-0.413,0.978,-0.546,0.536,0.122,0.707,-0.371,0.935,0.946,0.325,0.97,-0.045,0.862,0.635,-0.338,-0.028,-0.322,0.955,0.954,-0.584,0.602,0.92,0.207,0.886,0.902,0.958,0.932,0.955,0.854,-0.696,0.891,0.321,0.751,0.683,-0.501,0.963,-0.874,-0.187,0.504,-0.791,0.809,-0.487,0.568,0.073,-0.16,0.774,0.132,-0.774,0.873,0.839,0.924,0.911,0.696,-0.568,0.841,-0.735,0.827,0.587,0.931,-0.673,0.793,0.576,0.822,-0.319,0.756,0.89,-0.147,0.93,0.614,-0.476,0.611,0.981,0.341,0.121,0.52,-0.584,-0.148,-0.652,0.204,-0.489,0.911,-0.617,0.38,0.786,-0.219,-0.636
000596SZ,0.803,0.69,-0.294,0.268,-0.002,-0.504,0.803,0.952,1.0,0.844,0.201,0.701,0.941,-0.464,0.849,-0.67,-0.651,0.652,-0.488,0.373,0.961,0.474,0.673,-0.282,0.824,0.74,0.876,0.68,0.394,0.782,-0.485,-0.279,-0.572,-0.466,0.647,0.827,0.005,-0.502,0.938,0.663,-0.612,0.768,0.571,-0.688,-0.156,-0.633,-0.864,0.431,0.65,0.912,-0.71,0.426,-0.398,-0.572,0.8,0.124,0.508,0.635,0.282,0.555,0.71,0.38,0.639,-0.393,-0.662,-0.865,-0.816,0.356,-0.781,0.449,0.683,0.804,-0.116,-0.694,-0.338,-0.804,0.572,-0.808,0.046,-0.446,0.865,0.523,0.936,-0.662,-0.432,0.929,0.919,0.773,0.404,-0.391,-0.364,0.881,0.8,0.898,-0.453,0.617,0.346,0.59,0.752,0.877,-0.215,0.77,-0.815,0.89,0.902,-0.897,-0.169,-0.197,-0.309,0.752,0.895,0.667,0.853,-0.739,-0.056,0.815,-0.815,0.594,0.381,0.915,-0.657,0.737,0.942,0.868,-0.054,-0.719,0.945,-0.182,0.781,0.184,-0.577,-0.441,0.935,-0.523,0.429,0.063,0.706,-0.385,0.926,0.93,0.327,0.904,0.023,0.868,0.556,-0.425,-0.013,-0.374,0.919,0.914,-0.642,0.63,0.89,0.289,0.88,0.854,0.949,0.888,0.926,0.823,-0.725,0.906,0.39,0.707,0.651,-0.449,0.935,-0.823,-0.194,0.414,-0.815,0.769,-0.506,0.482,0.121,-0.21,0.75,0.095,-0.793,0.838,0.837,0.904,0.899,0.754,-0.609,0.826,-0.743,0.8,0.542,0.867,-0.644,0.806,0.531,0.819,-0.365,0.752,0.87,-0.091,0.9,0.601,-0.407,0.494,0.958,0.337,0.097,0.6,-0.575,-0.16,-0.553,0.238,-0.391,0.876,-0.514,0.409,0.722,-0.218,-0.525
000617SZ,0.811,0.758,-0.096,0.561,0.129,-0.293,0.756,0.89,0.844,1.0,0.285,0.719,0.858,-0.275,0.914,-0.495,-0.55,0.768,-0.306,0.402,0.898,0.656,0.769,-0.087,0.793,0.73,0.738,0.688,0.359,0.746,-0.411,-0.251,-0.431,-0.287,0.704,0.85,0.063,-0.378,0.91,0.692,-0.597,0.729,0.628,-0.531,-0.147,-0.597,-0.741,0.51,0.759,0.856,-0.586,0.439,-0.274,-0.444,0.845,0.111,0.55,0.508,0.514,0.71,0.872,0.556,0.632,-0.291,-0.591,-0.847,-0.72,0.317,-0.81,0.44,0.611,0.725,0.091,-0.592,-0.086,-0.776,0.465,-0.746,0.032,-0.454,0.729,0.318,0.919,-0.565,-0.203,0.958,0.92,0.864,0.53,-0.151,-0.313,0.801,0.869,0.803,-0.279,0.594,0.394,0.637,0.754,0.858,-0.1,0.887,-0.742,0.815,0.833,-0.864,-0.358,-0.141,-0.246,0.859,0.869,0.776,0.806,-0.554,0.039,0.713,-0.713,0.64,0.531,0.792,-0.503,0.775,0.867,0.891,0.133,-0.618,0.862,-0.064,0.813,0.37,-0.317,-0.221,0.865,-0.449,0.575,0.195,0.68,-0.202,0.869,0.86,0.364,0.855,0.117,0.903,0.681,-0.189,0.063,-0.144,0.891,0.967,-0.405,0.668,0.929,0.401,0.789,0.895,0.891,0.892,0.93,0.887,-0.465,0.783,0.52,0.861,0.643,-0.311,0.931,-0.707,-0.202,0.583,-0.655,0.894,-0.382,0.724,0.098,0.069,0.85,0.295,-0.673,0.903,0.773,0.894,0.859,0.687,-0.354,0.866,-0.612,0.91,0.756,0.805,-0.476,0.749,0.555,0.7,-0.169,0.659,0.842,-0.237,0.885,0.487,-0.389,0.64,0.895,0.22,0.122,0.587,-0.368,-0.027,-0.575,0.349,-0.418,0.934,-0.508,0.295,0.779,-0.111,-0.549
000625SZ,0.515,0.604,0.668,0.477,0.649,0.528,-0.212,0.146,0.201,0.285,1.0,0.066,0.045,0.518,0.228,0.445,0.355,0.564,0.599,0.585,0.229,0.696,0.436,0.314,0.268,0.37,-0.218,0.25,0.343,0.338,0.624,0.711,0.287,0.608,-0.124,0.176,0.617,0.224,0.175,0.312,-0.165,-0.033,0.347,0.376,-0.013,0.001,0.164,0.608,0.085,0.075,0.455,0.739,0.602,0.548,0.513,-0.495,0.003,-0.072,0.359,0.382,0.45,0.48,0.306,0.157,0.194,0.019,0.14,0.07,-0.092,0.255,0.52,-0.194,0.375,0.425,0.599,-0.364,-0.405,0.203,-0.236,0.17,-0.149,0.304,0.171,0.266,0.543,0.227,0.071,0.521,0.72,0.55,0.517,-0.04,0.328,-0.074,0.582,0.6,0.751,0.541,0.5,0.17,0.714,0.536,0.164,-0.126,0.065,-0.078,-0.232,0.104,0.521,0.377,0.252,0.102,0.193,0.112,-0.251,-0.295,0.196,0.5,0.698,0.286,0.388,0.087,0.073,0.126,0.756,0.2,0.122,0.477,0.45,0.747,0.384,0.637,0.211,0.6,0.57,0.668,0.592,0.712,0.053,0.226,0.218,0.035,0.445,0.252,0.686,0.436,0.757,0.586,0.256,0.197,0.356,0.588,0.366,0.86,-0.106,0.356,0.061,0.322,0.294,0.368,0.32,0.029,0.541,0.426,0.346,0.06,0.164,0.201,0.55,0.678,0.238,0.505,0.61,0.614,0.763,0.637,0.103,0.268,0.164,0.316,-0.224,0.344,0.202,-0.133,0.486,0.509,0.423,0.252,0.596,0.194,0.321,-0.217,0.685,0.277,0.714,0.031,0.027,-0.31,0.02,-0.207,0.433,0.435,0.111,-0.391,0.545,0.055,0.492,0.681,-0.474,0.284,-0.257,0.065,-0.382,0.641,0.485,0.684,-0.332
000651SZ,0.641,0.586,-0.016,0.215,0.326,-0.296,0.78,0.799,0.701,0.719,0.066,1.0,0.827,-0.493,0.845,-0.354,-0.559,0.666,-0.231,-0.034,0.813,0.574,0.756,0.007,0.925,0.886,0.639,0.812,0.661,0.733,-0.396,-0.261,-0.459,-0.358,0.548,0.811,0.164,0.047,0.847,0.535,-0.656,0.571,0.769,-0.468,-0.324,-0.189,-0.667,0.577,0.508,0.801,-0.505,0.134,-0.339,-0.431,0.721,0.13,0.58,0.686,0.618,0.613,0.58,0.487,0.888,0.013,-0.475,-0.616,-0.649,0.732,-0.564,0.031,0.562,0.714,0.376,-0.436,-0.107,-0.472,0.607,-0.56,0.215,0.011,0.771,0.163,0.697,-0.756,-0.248,0.743,0.696,0.745,0.107,-0.077,-0.098,0.75,0.562,0.621,-0.235,0.428,0.212,0.68,0.388,0.883,-0.104,0.608,-0.617,0.647,0.883,-0.596,-0.467,0.246,-0.679,0.87,0.824,0.82,0.926,-0.489,-0.44,0.638,-0.636,0.665,0.341,0.841,-0.401,0.333,0.854,0.818,0.127,-0.493,0.744,0.268,0.78,0.413,-0.402,-0.177,0.776,-0.518,0.529,0.41,0.41,-0.328,0.699,0.651,0.469,0.816,0.098,0.611,0.532,0.024,-0.199,-0.062,0.704,0.766,-0.273,0.307,0.794,0.169,0.561,0.844,0.748,0.666,0.768,0.836,-0.45,0.566,-0.05,0.581,0.875,-0.596,0.774,-0.64,-0.348,0.418,-0.507,0.622,-0.228,0.567,-0.151,-0.124,0.579,0.457,-0.476,0.643,0.613,0.649,0.621,0.471,-0.31,0.717,-0.578,0.589,0.425,0.815,-0.729,0.532,0.574,0.507,-0.195,0.299,0.535,0.122,0.85,0.815,-0.721,0.784,0.783,0.506,0.163,0.356,-0.427,-0.082,-0.571,-0.199,-0.656,0.716,-0.655,0.358,0.846,-0.078,-0.563
000661SZ,0.741,0.621,-0.366,0.188,-0.032,-0.605,0.9,0.953,0.941,0.858,0.045,0.827,1.0,-0.579,0.896,-0.724,-0.766,0.591,-0.542,0.257,0.943,0.449,0.674,-0.295,0.875,0.795,0.902,0.755,0.401,0.746,-0.608,-0.433,-0.612,-0.579,0.699,0.872,-0.044,-0.445,0.955,0.579,-0.63,0.762,0.619,-0.753,-0.216,-0.581,-0.905,0.381,0.673,0.967,-0.786,0.301,-0.555,-0.692,0.776,0.248,0.555,0.684,0.343,0.59,0.647,0.332,0.707,-0.384,-0.668,-0.872,-0.849,0.436,-0.767,0.368,0.631,0.905,-0.047,-0.729,-0.403,-0.709,0.697,-0.827,0.145,-0.444,0.912,0.33,0.904,-0.782,-0.511,0.919,0.913,0.746,0.271,-0.435,-0.426,0.935,0.751,0.893,-0.558,0.499,0.2,0.557,0.613,0.936,-0.328,0.713,-0.852,0.906,0.958,-0.898,-0.21,-0.101,-0.51,0.814,0.895,0.781,0.911,-0.757,-0.081,0.887,-0.843,0.547,0.315,0.905,-0.736,0.7,0.966,0.931,-0.156,-0.797,0.92,-0.159,0.801,0.139,-0.655,-0.487,0.903,-0.664,0.431,0.055,0.579,-0.513,0.922,0.885,0.324,0.945,0.044,0.807,0.493,-0.413,-0.232,-0.425,0.89,0.931,-0.654,0.527,0.876,0.183,0.873,0.865,0.952,0.836,0.906,0.84,-0.733,0.867,0.267,0.64,0.691,-0.527,0.927,-0.857,-0.383,0.323,-0.831,0.702,-0.566,0.45,-0.067,-0.302,0.73,0.132,-0.808,0.798,0.891,0.835,0.861,0.758,-0.65,0.783,-0.827,0.748,0.447,0.857,-0.746,0.822,0.477,0.734,-0.465,0.646,0.83,0.025,0.969,0.724,-0.616,0.55,0.968,0.455,-0.008,0.597,-0.647,-0.269,-0.509,0.143,-0.46,0.905,-0.519,0.289,0.741,-0.357,-0.487
000708SZ,0.046,0.175,0.733,0.303,0.516,0.833,-0.726,-0.427,-0.464,-0.275,0.518,-0.493,-0.579,1.0,-0.374,0.742,0.866,-0.019,0.564,0.337,-0.389,0.316,0.045,0.558,-0.431,-0.252,-0.649,-0.357,-0.226,-0.118,0.843,0.628,0.614,0.878,-0.573,-0.491,0.445,0.386,-0.475,-0.033,0.125,-0.555,-0.214,0.758,-0.07,0.25,0.567,0.19,-0.364,-0.608,0.684,0.284,0.809,0.763,-0.026,-0.665,-0.578,-0.697,-0.061,-0.269,0.008,0.063,-0.362,0.138,0.495,0.494,0.518,-0.373,0.351,-0.125,0.098,-0.73,0.139,0.625,0.777,0.064,-0.838,0.486,-0.556,0.216,-0.642,-0.079,-0.385,0.606,0.689,-0.357,-0.432,-0.105,0.494,0.631,0.607,-0.551,-0.186,-0.538,0.787,0.318,0.565,0.027,0.076,-0.496,0.606,-0.106,0.475,-0.601,-0.623,0.458,0.124,-0.214,0.652,-0.338,-0.367,-0.53,-0.503,0.547,-0.007,-0.714,0.599,0.137,0.438,-0.403,0.596,-0.395,-0.525,-0.549,0.658,0.613,-0.404,0.314,-0.191,0.357,0.724,0.66,-0.357,0.869,0.281,0.445,0.216,0.871,-0.513,-0.283,-0.308,-0.52,0.061,-0.225,0.263,0.589,0.721,0.62,-0.234,-0.39,0.678,0.16,-0.236,0.248,-0.512,-0.239,-0.525,-0.185,-0.301,-0.331,0.699,-0.441,0.318,0.024,-0.312,0.398,-0.419,0.517,0.799,0.415,0.65,0.001,0.687,0.121,0.594,0.714,-0.276,-0.112,0.652,-0.199,-0.684,-0.165,-0.212,-0.595,0.696,-0.163,0.833,-0.201,0.231,-0.333,0.772,-0.576,0.161,-0.104,0.834,-0.148,-0.357,-0.337,-0.613,-0.809,0.82,0.079,-0.508,-0.843,0.198,-0.538,0.744,0.767,-0.142,0.347,0.186,-0.509,0.028,0.301,-0.131,0.677,-0.119
000725SZ,0.832,0.754,-0.097,0.322,0.212,-0.353,0.787,0.912,0.849,0.914,0.228,0.845,0.896,-0.374,1.0,-0.477,-0.61,0.713,-0.322,0.286,0.912,0.66,0.813,-0.04,0.91,0.864,0.758,0.77,0.404,0.76,-0.377,-0.228,-0.541,-0.309,0.564,0.814,0.183,-0.256,0.955,0.705,-0.722,0.611,0.672,-0.566,-0.329,-0.433,-0.801,0.602,0.615,0.886,-0.626,0.38,-0.288,-0.489,0.882,0.038,0.459,0.645,0.53,0.629,0.712,0.418,0.781,-0.293,-0.627,-0.809,-0.794,0.516,-0.791,0.256,0.63,0.767,0.241,-0.59,-0.128,-0.773,0.513,-0.744,-0.001,-0.308,0.781,0.336,0.852,-0.743,-0.232,0.918,0.876,0.809,0.405,-0.086,-0.153,0.884,0.846,0.809,-0.324,0.593,0.409,0.676,0.653,0.896,-0.075,0.83,-0.778,0.807,0.888,-0.813,-0.335,-0.097,-0.457,0.907,0.852,0.783,0.907,-0.642,-0.198,0.721,-0.761,0.724,0.528,0.888,-0.54,0.628,0.907,0.871,0.11,-0.67,0.873,0.061,0.889,0.418,-0.458,-0.234,0.906,-0.487,0.659,0.262,0.639,-0.283,0.844,0.848,0.359,0.915,0.085,0.772,0.703,-0.203,-0.053,-0.163,0.892,0.948,-0.467,0.592,0.919,0.31,0.756,0.928,0.886,0.883,0.919,0.925,-0.57,0.76,0.273,0.715,0.742,-0.609,0.899,-0.792,-0.217,0.533,-0.674,0.78,-0.33,0.689,0.098,-0.102,0.678,0.277,-0.701,0.905,0.742,0.846,0.82,0.669,-0.412,0.854,-0.634,0.752,0.569,0.861,-0.599,0.666,0.635,0.724,-0.199,0.592,0.762,-0.086,0.906,0.629,-0.548,0.703,0.93,0.346,0.195,0.48,-0.459,-0.087,-0.673,0.152,-0.577,0.895,-0.683,0.41,0.869,-0.154,-0.613
000768SZ,-0.255,-0.09,0.86,0.158,0.644,0.921,-0.778,-0.625,-0.67,-0.495,0.445,-0.354,-0.724,0.742,-0.477,1.0,0.858,-0.049,0.836,-0.103,-0.562,0.201,-0.109,0.643,-0.371,-0.225,-0.876,-0.281,0.108,-0.289,0.876,0.743,0.661,0.885,-0.639,-0.502,0.474,0.783,-0.583,-0.213,0.217,-0.665,-0.088,0.902,-0.034,0.685,0.814,0.214,-0.503,-0.702,0.919,0.036,0.831,0.896,-0.243,-0.546,-0.391,-0.501,0.156,-0.199,-0.215,0.151,-0.16,0.615,0.664,0.76,0.744,-0.008,0.6,-0.433,-0.145,-0.811,0.518,0.884,0.814,0.435,-0.724,0.784,-0.222,0.7,-0.74,-0.192,-0.637,0.601,0.816,-0.59,-0.7,-0.203,0.051,0.827,0.776,-0.749,-0.483,-0.81,0.902,-0.024,0.287,0.001,-0.31,-0.536,0.724,-0.288,0.775,-0.84,-0.636,0.767,-0.216,0.322,0.399,-0.279,-0.483,-0.412,-0.463,0.742,-0.378,-0.89,0.791,0.044,0.214,-0.462,0.895,-0.72,-0.643,-0.623,0.719,0.841,-0.635,0.664,-0.292,0.495,0.835,0.857,-0.533,0.845,0.127,0.603,-0.178,0.837,-0.736,-0.609,-0.043,-0.669,0.164,-0.519,0.082,0.841,0.573,0.861,-0.551,-0.602,0.903,-0.226,-0.422,0.231,-0.841,-0.367,-0.727,-0.473,-0.521,-0.352,0.85,-0.777,-0.172,-0.22,-0.132,0.29,-0.617,0.783,0.575,0.236,0.906,-0.233,0.922,0.131,0.331,0.674,-0.502,0.275,0.865,-0.465,-0.896,-0.485,-0.599,-0.805,0.921,-0.301,0.944,-0.458,0.024,-0.461,0.652,-0.848,0.108,-0.485,0.882,-0.628,-0.723,-0.089,-0.698,-0.519,0.521,0.095,-0.689,-0.487,0.38,-0.593,0.837,0.665,-0.012,-0.182,-0.005,-0.685,-0.013,0.232,-0.127,0.788,0.018
000776SZ,-0.242,-0.094,0.768,0.219,0.513,0.884,-0.845,-0.639,-0.651,-0.55,0.355,-0.559,-0.766,0.866,-0.61,0.858,1.0,-0.163,0.722,0.102,-0.592,0.097,-0.166,0.491,-0.557,-0.385,-0.82,-0.387,-0.119,-0.311,0.871,0.723,0.612,0.836,-0.68,-0.651,0.375,0.585,-0.678,-0.211,0.252,-0.702,-0.29,0.796,-0.089,0.514,0.761,0.075,-0.472,-0.797,0.852,0.142,0.86,0.826,-0.286,-0.582,-0.536,-0.664,0.006,-0.447,-0.214,-0.012,-0.427,0.338,0.546,0.741,0.73,-0.319,0.618,-0.377,-0.135,-0.87,0.13,0.781,0.808,0.389,-0.808,0.692,-0.441,0.495,-0.802,-0.176,-0.627,0.647,0.791,-0.609,-0.686,-0.299,0.151,0.605,0.666,-0.743,-0.455,-0.761,0.864,0.075,0.338,-0.042,-0.133,-0.66,0.566,-0.361,0.689,-0.798,-0.754,0.733,0.048,0.031,0.618,-0.473,-0.542,-0.607,-0.614,0.749,-0.115,-0.893,0.808,-0.037,0.201,-0.573,0.742,-0.622,-0.703,-0.747,0.636,0.853,-0.615,0.376,-0.413,0.304,0.78,0.758,-0.557,0.901,0.047,0.408,-0.049,0.857,-0.702,-0.537,-0.347,-0.707,0.08,-0.477,0.024,0.678,0.653,0.716,-0.519,-0.656,0.842,-0.174,-0.484,0.119,-0.729,-0.481,-0.751,-0.438,-0.564,-0.509,0.824,-0.645,0.01,-0.206,-0.323,0.472,-0.643,0.713,0.793,0.249,0.871,-0.226,0.775,-0.055,0.463,0.689,-0.455,-0.02,0.88,-0.487,-0.883,-0.434,-0.493,-0.767,0.744,-0.346,0.932,-0.418,0.031,-0.527,0.821,-0.784,0.031,-0.323,0.817,-0.409,-0.605,-0.228,-0.792,-0.735,0.774,-0.072,-0.733,-0.753,0.148,-0.725,0.696,0.655,0.02,-0.04,0.206,-0.706,0.117,0.207,-0.317,0.695,0.014
000786SZ,0.745,0.773,0.368,0.677,0.571,0.161,0.492,0.699,0.652,0.768,0.564,0.666,0.591,-0.019,0.713,-0.049,-0.163,1.0,0.15,0.258,0.759,0.781,0.791,0.181,0.74,0.739,0.398,0.619,0.689,0.691,-0.005,0.201,-0.169,0.122,0.486,0.717,0.407,0.079,0.735,0.75,-0.569,0.549,0.715,-0.171,-0.112,-0.341,-0.395,0.808,0.538,0.569,-0.13,0.526,0.165,0.058,0.756,-0.202,0.57,0.434,0.655,0.742,0.851,0.779,0.768,0.104,-0.354,-0.573,-0.429,0.535,-0.634,0.222,0.557,0.329,0.432,-0.181,0.265,-0.663,0.154,-0.363,0.032,0.064,0.448,0.419,0.714,-0.303,0.169,0.742,0.649,0.891,0.553,0.244,0.139,0.493,0.691,0.483,0.246,0.632,0.567,0.807,0.683,0.706,0.372,0.834,-0.412,0.485,0.651,-0.562,-0.533,0.154,-0.065,0.767,0.818,0.633,0.718,-0.224,-0.322,0.305,-0.417,0.749,0.659,0.721,0.012,0.426,0.665,0.681,0.559,-0.19,0.693,0.391,0.758,0.734,0.092,0.212,0.732,-0.075,0.617,0.581,0.638,0.216,0.604,0.632,0.587,0.608,0.235,0.738,0.786,0.268,0.433,0.291,0.683,0.717,0.029,0.619,0.814,0.599,0.421,0.794,0.631,0.722,0.759,0.801,-0.131,0.471,0.406,0.831,0.788,-0.17,0.741,-0.382,0.096,0.786,-0.257,0.891,0.092,0.871,0.334,0.398,0.665,0.566,-0.273,0.741,0.365,0.74,0.596,0.304,0.09,0.857,-0.206,0.786,0.857,0.78,-0.336,0.377,0.78,0.507,0.253,0.367,0.537,-0.398,0.641,0.414,-0.123,0.709,0.653,0.127,0.517,0.382,-0.039,0.305,-0.708,0.145,-0.57,0.623,-0.621,0.56,0.842,0.434,-0.674
000800SZ,-0.161,0.01,0.816,0.303,0.662,0.773,-0.612,-0.486,-0.488,-0.306,0.599,-0.231,-0.542,0.564,-0.322,0.836,0.722,0.15,1.0,0.077,-0.414,0.274,-0.034,0.424,-0.212,-0.073,-0.762,-0.074,0.23,-0.246,0.789,0.824,0.508,0.723,-0.463,-0.336,0.509,0.717,-0.427,-0.154,0.205,-0.528,0.074,0.672,-0.039,0.585,0.706,0.306,-0.263,-0.517,0.876,0.295,0.781,0.795,-0.126,-0.421,-0.153,-0.285,0.398,0.005,-0.08,0.23,0.013,0.496,0.494,0.608,0.684,0.047,0.472,-0.284,-0.095,-0.661,0.507,0.842,0.781,0.341,-0.585,0.741,-0.108,0.651,-0.694,-0.191,-0.496,0.518,0.862,-0.428,-0.568,-0.044,0.16,0.738,0.725,-0.582,-0.273,-0.69,0.826,0.003,0.3,0.21,-0.111,-0.371,0.706,-0.067,0.683,-0.691,-0.464,0.588,-0.276,0.48,0.475,-0.064,-0.334,-0.191,-0.284,0.682,-0.334,-0.813,0.731,0.048,0.291,-0.329,0.797,-0.462,-0.521,-0.419,0.722,0.741,-0.525,0.64,-0.098,0.622,0.709,0.932,-0.423,0.756,0.19,0.604,-0.086,0.813,-0.543,-0.468,0.04,-0.527,0.44,-0.399,0.207,0.75,0.577,0.827,-0.447,-0.44,0.843,-0.062,-0.264,0.516,-0.713,-0.238,-0.577,-0.34,-0.385,-0.147,0.809,-0.602,-0.008,-0.104,0.065,0.293,-0.456,0.706,0.524,0.335,0.832,-0.078,0.883,0.272,0.46,0.66,-0.383,0.374,0.751,-0.316,-0.761,-0.359,-0.495,-0.612,0.81,-0.056,0.8,-0.297,0.152,-0.378,0.601,-0.758,0.287,-0.365,0.812,-0.618,-0.614,-0.203,-0.518,-0.346,0.451,0.099,-0.534,-0.393,0.397,-0.438,0.651,0.583,-0.067,-0.276,-0.126,-0.476,-0.09,0.277,0.004,0.734,-0.005
000807SZ,0.559,0.585,0.114,0.331,0.13,0.018,0.002,0.288,0.373,0.402,0.585,-0.034,0.257,0.337,0.286,-0.103,0.102,0.258,0.077,1.0,0.322,0.454,0.328,-0.181,0.146,0.24,0.138,0.244,-0.177,0.377,0.243,0.313,0.071,0.166,0.073,0.151,0.176,-0.3,0.228,0.151,-0.1,0.098,0.111,-0.077,-0.055,-0.341,-0.179,0.156,0.348,0.275,-0.022,0.753,0.193,-0.003,0.528,-0.195,-0.155,-0.08,0.129,0.197,0.423,0.105,-0.026,-0.479,-0.048,-0.215,-0.101,-0.347,-0.168,0.511,0.598,0.155,-0.299,-0.026,0.205,-0.449,-0.126,-0.172,-0.295,-0.423,0.058,0.211,0.337,0.071,0.172,0.375,0.301,0.343,0.772,-0.035,0.053,0.261,0.531,0.234,0.025,0.633,0.608,0.347,0.708,0.187,0.145,0.422,-0.169,0.187,0.132,-0.366,0.292,-0.373,0.557,0.257,0.236,0.121,0.14,-0.157,0.313,0.082,-0.015,0.228,0.553,0.254,-0.253,0.44,0.207,0.232,0.231,-0.205,0.252,-0.195,0.448,0.223,-0.068,0.156,0.282,0.296,0.465,0.136,0.72,0.349,0.356,0.504,-0.235,0.2,0.333,0.399,0.531,-0.166,0.433,-0.044,0.457,0.365,-0.099,0.762,0.427,0.537,0.332,0.353,0.263,0.499,0.372,0.23,-0.01,0.473,0.851,0.399,0.069,0.078,0.294,-0.153,0.454,0.467,-0.143,0.481,0.032,0.249,0.711,0.241,0.266,-0.287,-0.153,0.422,0.17,0.501,0.539,0.318,-0.123,0.445,0.019,0.348,0.429,0.125,0.276,0.182,0.452,0.628,0.207,0.431,0.359,-0.213,0.161,-0.237,0.381,0.183,0.274,-0.474,-0.064,0.141,0.031,0.351,-0.28,0.526,0.076,0.296,-0.116,0.339,0.219,0.062,-0.152
000858SZ,0.867,0.776,-0.15,0.358,0.156,-0.381,0.817,0.982,0.961,0.898,0.229,0.813,0.943,-0.389,0.912,-0.562,-0.592,0.759,-0.414,0.322,1.0,0.608,0.806,-0.152,0.889,0.828,0.843,0.74,0.478,0.854,-0.428,-0.251,-0.514,-0.365,0.654,0.869,0.107,-0.358,0.975,0.727,-0.697,0.757,0.665,-0.61,-0.228,-0.58,-0.848,0.564,0.652,0.91,-0.66,0.4,-0.328,-0.495,0.874,0.054,0.531,0.614,0.419,0.629,0.792,0.487,0.733,-0.296,-0.643,-0.862,-0.814,0.456,-0.795,0.369,0.726,0.775,0.04,-0.65,-0.207,-0.805,0.534,-0.793,0.037,-0.35,0.869,0.457,0.951,-0.691,-0.342,0.962,0.937,0.856,0.442,-0.258,-0.259,0.888,0.832,0.875,-0.332,0.679,0.421,0.691,0.758,0.918,-0.127,0.821,-0.818,0.869,0.926,-0.876,-0.277,-0.147,-0.373,0.836,0.95,0.732,0.907,-0.685,-0.157,0.782,-0.804,0.711,0.478,0.938,-0.58,0.68,0.976,0.896,0.081,-0.668,0.965,-0.04,0.85,0.323,-0.466,-0.345,0.973,-0.49,0.557,0.213,0.737,-0.299,0.924,0.941,0.394,0.934,0.018,0.899,0.67,-0.255,0.032,-0.248,0.954,0.952,-0.518,0.644,0.952,0.298,0.849,0.938,0.955,0.929,0.971,0.878,-0.638,0.869,0.364,0.798,0.75,-0.468,0.97,-0.817,-0.163,0.544,-0.745,0.853,-0.419,0.603,0.115,-0.093,0.798,0.215,-0.719,0.883,0.8,0.935,0.914,0.694,-0.495,0.875,-0.684,0.852,0.643,0.933,-0.659,0.772,0.621,0.816,-0.253,0.722,0.861,-0.123,0.926,0.627,-0.439,0.658,0.968,0.32,0.164,0.541,-0.504,-0.057,-0.653,0.193,-0.483,0.887,-0.61,0.444,0.829,-0.114,-0.633
000876SZ,0.816,0.87,0.597,0.592,0.751,0.371,0.223,0.547,0.474,0.656,0.696,0.574,0.449,0.316,0.66,0.201,0.097,0.781,0.274,0.454,0.608,1.0,0.878,0.424,0.671,0.745,0.174,0.617,0.508,0.704,0.316,0.35,-0.033,0.378,0.141,0.52,0.556,0.23,0.575,0.636,-0.606,0.201,0.658,0.074,-0.335,-0.115,-0.265,0.813,0.343,0.417,0.033,0.6,0.355,0.192,0.863,-0.444,0.178,0.16,0.633,0.528,0.724,0.617,0.637,0.051,-0.147,-0.331,-0.307,0.378,-0.419,0.09,0.716,0.192,0.451,0.035,0.573,-0.607,-0.091,-0.235,-0.277,0.06,0.272,0.244,0.525,-0.268,0.37,0.61,0.466,0.818,0.676,0.463,0.375,0.375,0.583,0.288,0.397,0.797,0.805,0.79,0.639,0.587,0.473,0.702,-0.279,0.253,0.463,-0.375,-0.457,0.012,-0.008,0.736,0.638,0.463,0.602,-0.141,-0.415,0.105,-0.196,0.868,0.833,0.626,0.054,0.183,0.498,0.493,0.75,-0.071,0.518,0.479,0.763,0.82,0.148,0.417,0.589,0.21,0.834,0.786,0.739,0.449,0.4,0.546,0.239,0.481,0.25,0.556,0.875,0.432,0.517,0.485,0.639,0.599,0.206,0.608,0.741,0.586,0.245,0.76,0.431,0.67,0.666,0.719,0.08,0.321,0.407,0.74,0.661,-0.275,0.557,-0.259,0.354,0.879,-0.049,0.788,0.333,0.827,0.5,0.558,0.435,0.379,-0.078,0.633,0.134,0.674,0.563,0.085,0.241,0.767,0.067,0.558,0.762,0.606,-0.071,0.128,0.833,0.54,0.543,0.314,0.382,-0.267,0.446,0.121,0.01,0.877,0.49,-0.213,0.443,0.078,0.193,0.596,-0.773,0.23,-0.554,0.445,-0.71,0.704,0.844,0.51,-0.707
000895SZ,0.904,0.894,0.327,0.495,0.576,0.086,0.492,0.774,0.673,0.769,0.436,0.756,0.674,0.045,0.813,-0.109,-0.166,0.791,-0.034,0.328,0.806,0.878,1.0,0.221,0.79,0.832,0.484,0.69,0.508,0.831,0.021,0.067,-0.282,0.083,0.296,0.649,0.422,0.04,0.777,0.776,-0.762,0.392,0.682,-0.217,-0.462,-0.299,-0.569,0.798,0.398,0.624,-0.312,0.432,0.092,-0.12,0.917,-0.317,0.246,0.335,0.583,0.481,0.752,0.507,0.714,-0.121,-0.441,-0.583,-0.6,0.459,-0.626,0.082,0.751,0.428,0.325,-0.316,0.297,-0.725,0.152,-0.545,-0.243,-0.109,0.537,0.327,0.716,-0.566,0.072,0.782,0.701,0.853,0.577,0.199,0.157,0.634,0.741,0.562,0.117,0.802,0.716,0.779,0.714,0.741,0.208,0.755,-0.591,0.545,0.673,-0.596,-0.425,-0.119,-0.292,0.803,0.81,0.551,0.757,-0.42,-0.393,0.399,-0.504,0.917,0.73,0.772,-0.252,0.354,0.744,0.653,0.508,-0.332,0.756,0.278,0.822,0.626,-0.131,0.078,0.793,-0.094,0.799,0.583,0.792,0.117,0.651,0.759,0.239,0.73,0.008,0.698,0.843,0.169,0.31,0.191,0.827,0.776,-0.08,0.591,0.868,0.335,0.526,0.892,0.666,0.831,0.834,0.798,-0.24,0.581,0.305,0.803,0.742,-0.441,0.766,-0.591,0.175,0.832,-0.352,0.842,0.006,0.766,0.301,0.286,0.589,0.278,-0.338,0.794,0.425,0.831,0.757,0.326,-0.094,0.808,-0.253,0.691,0.707,0.804,-0.363,0.39,0.753,0.729,0.227,0.541,0.632,-0.287,0.669,0.346,-0.234,0.901,0.719,-0.026,0.295,0.157,-0.153,0.359,-0.826,0.129,-0.574,0.652,-0.772,0.646,0.891,0.26,-0.797
000938SZ,0.048,0.129,0.667,0.249,0.579,0.709,-0.359,-0.186,-0.282,-0.087,0.314,0.007,-0.295,0.558,-0.04,0.643,0.491,0.181,0.424,-0.181,-0.152,0.424,0.221,1.0,0.017,0.026,-0.398,-0.13,0.223,0.067,0.522,0.308,0.294,0.611,-0.26,-0.072,0.376,0.48,-0.147,0.235,-0.115,-0.257,0.142,0.561,-0.121,0.436,0.337,0.424,-0.26,-0.329,0.458,-0.062,0.528,0.554,0.098,-0.427,-0.085,-0.273,0.162,0.0,0.094,0.357,0.079,0.507,0.307,0.332,0.258,0.146,0.166,-0.218,0.052,-0.393,0.498,0.415,0.643,0.043,-0.475,0.271,-0.303,0.388,-0.253,0.006,-0.174,0.206,0.519,-0.15,-0.225,0.139,0.066,0.633,0.482,-0.36,-0.17,-0.335,0.656,0.163,0.345,0.184,-0.113,-0.112,0.45,0.032,0.307,-0.366,-0.224,0.376,-0.395,0.085,0.024,0.002,-0.075,-0.167,-0.114,0.395,-0.36,-0.398,0.272,0.387,0.235,-0.085,0.584,-0.431,-0.211,-0.215,0.62,0.543,-0.151,0.539,-0.076,0.487,0.535,0.486,-0.106,0.431,0.238,0.594,0.005,0.536,-0.376,-0.264,0.085,-0.208,-0.043,-0.115,0.203,0.71,0.376,0.696,-0.133,-0.152,0.565,-0.124,-0.054,0.114,-0.401,-0.022,-0.29,-0.116,-0.107,0.104,0.466,-0.431,-0.168,0.121,0.06,0.056,-0.188,0.308,0.342,0.346,0.488,0.056,0.569,0.351,0.148,0.546,-0.127,0.434,0.447,-0.059,-0.47,-0.076,-0.224,-0.473,0.644,0.011,0.52,-0.069,0.243,-0.018,0.31,-0.421,0.228,-0.236,0.668,-0.205,-0.247,0.096,-0.257,-0.321,0.199,0.357,-0.251,-0.296,0.462,-0.354,0.552,0.508,-0.219,0.093,-0.115,-0.246,-0.235,0.285,0.215,0.623,-0.244
000963SZ,0.765,0.698,0.01,0.253,0.349,-0.291,0.751,0.856,0.824,0.793,0.268,0.925,0.875,-0.431,0.91,-0.371,-0.557,0.74,-0.212,0.146,0.889,0.671,0.79,0.017,1.0,0.934,0.676,0.852,0.669,0.804,-0.319,-0.137,-0.492,-0.296,0.529,0.848,0.226,-0.051,0.915,0.633,-0.7,0.585,0.802,-0.48,-0.294,-0.26,-0.701,0.647,0.558,0.858,-0.493,0.357,-0.26,-0.381,0.842,0.041,0.56,0.721,0.585,0.661,0.656,0.523,0.905,-0.075,-0.495,-0.67,-0.696,0.693,-0.648,0.153,0.668,0.74,0.335,-0.428,-0.093,-0.632,0.543,-0.595,0.127,-0.051,0.791,0.328,0.781,-0.718,-0.23,0.825,0.758,0.84,0.261,-0.045,-0.053,0.789,0.665,0.683,-0.217,0.561,0.362,0.741,0.525,0.926,0.003,0.724,-0.641,0.686,0.915,-0.673,-0.45,0.16,-0.525,0.922,0.875,0.815,0.97,-0.548,-0.436,0.644,-0.665,0.758,0.462,0.937,-0.4,0.425,0.89,0.862,0.202,-0.529,0.821,0.266,0.888,0.491,-0.431,-0.146,0.856,-0.447,0.606,0.437,0.551,-0.257,0.75,0.742,0.481,0.846,0.182,0.695,0.641,-0.039,-0.06,-0.038,0.796,0.84,-0.349,0.464,0.878,0.358,0.611,0.906,0.814,0.767,0.855,0.929,-0.509,0.637,0.099,0.646,0.89,-0.628,0.835,-0.667,-0.241,0.486,-0.563,0.718,-0.187,0.646,0.052,-0.08,0.594,0.42,-0.561,0.763,0.626,0.753,0.7,0.519,-0.309,0.846,-0.561,0.649,0.511,0.863,-0.669,0.546,0.701,0.609,-0.134,0.407,0.614,0.08,0.88,0.754,-0.596,0.767,0.862,0.433,0.289,0.445,-0.392,-0.032,-0.665,-0.048,-0.669,0.763,-0.725,0.517,0.927,-0.011,-0.61
000999SZ,0.821,0.773,0.164,0.248,0.51,-0.157,0.654,0.801,0.74,0.73,0.37,0.886,0.795,-0.252,0.864,-0.225,-0.385,0.739,-0.073,0.24,0.828,0.745,0.832,0.026,0.934,1.0,0.543,0.868,0.606,0.769,-0.122,0.048,-0.383,-0.11,0.36,0.717,0.403,0.104,0.839,0.592,-0.74,0.415,0.761,-0.356,-0.423,-0.195,-0.615,0.727,0.458,0.755,-0.36,0.458,-0.076,-0.251,0.861,-0.141,0.39,0.626,0.603,0.584,0.606,0.455,0.91,-0.117,-0.41,-0.58,-0.607,0.694,-0.57,0.034,0.726,0.587,0.419,-0.285,0.06,-0.631,0.394,-0.48,0.01,0.049,0.657,0.271,0.678,-0.676,-0.081,0.749,0.656,0.822,0.37,0.1,0.138,0.743,0.636,0.579,-0.075,0.664,0.508,0.807,0.547,0.867,0.158,0.71,-0.575,0.563,0.81,-0.594,-0.371,0.145,-0.441,0.892,0.8,0.75,0.931,-0.464,-0.514,0.486,-0.544,0.797,0.65,0.901,-0.321,0.321,0.803,0.747,0.333,-0.454,0.736,0.386,0.918,0.611,-0.331,0.02,0.811,-0.248,0.767,0.56,0.63,-0.086,0.667,0.717,0.391,0.78,0.224,0.598,0.76,0.071,0.081,0.055,0.768,0.762,-0.229,0.507,0.842,0.399,0.503,0.892,0.71,0.76,0.8,0.859,-0.403,0.563,0.132,0.602,0.881,-0.66,0.744,-0.598,-0.045,0.59,-0.438,0.705,-0.005,0.664,0.212,0.006,0.473,0.328,-0.434,0.722,0.483,0.708,0.673,0.383,-0.204,0.825,-0.39,0.553,0.504,0.828,-0.54,0.398,0.8,0.64,0.033,0.34,0.5,-0.02,0.767,0.657,-0.465,0.821,0.778,0.284,0.303,0.287,-0.294,0.114,-0.767,-0.054,-0.734,0.654,-0.795,0.643,0.924,0.106,-0.684
001965SZ,0.58,0.431,-0.608,0.054,-0.312,-0.735,0.897,0.887,0.876,0.738,-0.218,0.639,0.902,-0.649,0.758,-0.876,-0.82,0.398,-0.762,0.138,0.843,0.174,0.484,-0.398,0.676,0.543,1.0,0.507,0.171,0.603,-0.758,-0.616,-0.686,-0.701,0.695,0.731,-0.2,-0.634,0.857,0.556,-0.533,0.779,0.343,-0.855,-0.131,-0.692,-0.949,0.189,0.579,0.86,-0.921,0.102,-0.66,-0.781,0.576,0.315,0.495,0.627,0.087,0.409,0.508,0.132,0.471,-0.503,-0.765,-0.91,-0.904,0.287,-0.79,0.401,0.4,0.862,-0.257,-0.913,-0.61,-0.673,0.699,-0.915,0.128,-0.564,0.917,0.404,0.869,-0.755,-0.69,0.843,0.912,0.543,0.138,-0.591,-0.58,0.914,0.703,0.963,-0.716,0.344,0.037,0.336,0.534,0.791,-0.49,0.582,-0.918,0.971,0.846,-0.895,-0.013,-0.323,-0.496,0.559,0.777,0.576,0.741,-0.834,0.105,0.956,-0.933,0.369,0.091,0.765,-0.824,0.747,0.893,0.806,-0.4,-0.852,0.9,-0.402,0.584,-0.143,-0.746,-0.741,0.84,-0.793,0.197,-0.273,0.445,-0.681,0.914,0.833,0.256,0.905,-0.182,0.753,0.276,-0.642,-0.346,-0.648,0.818,0.844,-0.82,0.409,0.722,-0.081,0.952,0.686,0.929,0.758,0.802,0.651,-0.867,0.904,0.205,0.526,0.439,-0.459,0.863,-0.92,-0.428,0.129,-0.942,0.552,-0.788,0.223,-0.185,-0.477,0.703,-0.058,-0.896,0.735,0.95,0.758,0.808,0.818,-0.801,0.599,-0.928,0.697,0.292,0.782,-0.763,0.903,0.232,0.694,-0.671,0.78,0.895,-0.006,0.892,0.638,-0.569,0.282,0.914,0.509,-0.087,0.615,-0.758,-0.431,-0.345,0.212,-0.272,0.859,-0.343,0.077,0.494,-0.54,-0.382
002001SZ,0.649,0.608,0.085,0.308,0.376,-0.22,0.62,0.704,0.68,0.688,0.25,0.812,0.755,-0.357,0.77,-0.281,-0.387,0.619,-0.074,0.244,0.74,0.617,0.69,-0.13,0.852,0.868,0.507,1.0,0.564,0.68,-0.238,0.028,-0.405,-0.242,0.429,0.681,0.198,0.067,0.752,0.422,-0.611,0.408,0.716,-0.413,-0.341,-0.143,-0.538,0.525,0.661,0.719,-0.34,0.492,-0.146,-0.334,0.75,0.075,0.457,0.648,0.669,0.547,0.599,0.466,0.768,-0.087,-0.413,-0.502,-0.504,0.578,-0.452,0.048,0.64,0.647,0.243,-0.252,0.03,-0.447,0.531,-0.45,0.154,0.012,0.596,0.135,0.599,-0.637,-0.067,0.664,0.571,0.718,0.209,-0.062,0.001,0.687,0.545,0.503,-0.142,0.504,0.297,0.688,0.484,0.795,0.029,0.57,-0.498,0.525,0.773,-0.522,-0.384,0.229,-0.376,0.883,0.717,0.831,0.859,-0.318,-0.338,0.478,-0.443,0.612,0.544,0.762,-0.368,0.353,0.736,0.722,0.244,-0.407,0.642,0.271,0.814,0.478,-0.329,0.018,0.692,-0.306,0.579,0.443,0.497,-0.161,0.626,0.619,0.297,0.691,0.396,0.559,0.584,0.039,0.009,0.031,0.64,0.683,-0.206,0.364,0.744,0.384,0.465,0.758,0.643,0.639,0.68,0.772,-0.355,0.526,0.127,0.518,0.811,-0.519,0.657,-0.524,-0.148,0.43,-0.381,0.646,-0.097,0.549,0.095,0.002,0.508,0.365,-0.373,0.6,0.481,0.596,0.606,0.405,-0.269,0.772,-0.422,0.537,0.447,0.665,-0.447,0.401,0.663,0.541,-0.076,0.261,0.441,0.054,0.736,0.689,-0.497,0.709,0.697,0.275,0.128,0.309,-0.374,-0.05,-0.595,-0.128,-0.602,0.654,-0.624,0.446,0.762,-0.027,-0.515
