,000001SZ,000002SZ,000157SZ,000166SZ,000333SZ,000338SZ,000538SZ,000568SZ,000596SZ,000617SZ,000625SZ,000651SZ,000661SZ,000708SZ,000725SZ,000768SZ,000776SZ,000786SZ,000800SZ,000807SZ,000858SZ,000876SZ,000895SZ,000938SZ,000963SZ,000999SZ,001965SZ,002001SZ,002007SZ,002027SZ,002028SZ,002050SZ,002129SZ,002179SZ,002230SZ,002236SZ,002241SZ,002271SZ,002304SZ,002311SZ,002371SZ,002415SZ,002422SZ,002459SZ,002460SZ,002463SZ,002466SZ,002475SZ,002493SZ,002555SZ,002594SZ,002601SZ,002648SZ,002709SZ,002714SZ,002916SZ,002920SZ,002938SZ,003816SZ,300014SZ,300033SZ,300059SZ,300122SZ,300124SZ,300274SZ,300308SZ,300316SZ,300347SZ,300394SZ,300408SZ,300413SZ,300418SZ,300433SZ,300450SZ,300498SZ,300502SZ,300628SZ,300661SZ,300750SZ,300759SZ,300760SZ,300782SZ,600000SS,600010SS,600011SS,600015SS,600016SS,600018SS,600019SS,600023SS,600025SS,600026SS,600028SS,600029SS,600031SS,600036SS,600048SS,600050SS,600061SS,600085SS,600089SS,600104SS,600111SS,600115SS,600161SS,600183SS,600188SS,600196SS,600219SS,600233SS,600276SS,600309SS,600332SS,600346SS,600362SS,600377SS,600406SS,600415SS,600426SS,600436SS,600438SS,600489SS,600519SS,600570SS,600585SS,600588SS,600600SS,600660SS,600674SS,600741SS,600760SS,600795SS,600809SS,600875SS,600886SS,600887SS,600926SS,600989SS,601006SS,601009SS,601012SS,601021SS,601058SS,601066SS,601088SS,601100SS,601117SS,601138SS,601166SS,601169SS,601186SS,601225SS,601229SS,601238SS,601288SS,601318SS,601319SS,601328SS,601336SS,601360SS,601390SS,601398SS,601600SS,601601SS,601607SS,601618SS,601628SS,601633SS,601658SS,601668SS,601669SS,601688SS,601689SS,601698SS,601699SS,601766SS,601788SS,601799SS,601800SS,601808SS,601816SS,601818SS,601838SS,601857SS,601865SS,601872SS,601877SS,601878SS,601881SS,601888SS,601899SS,601901SS,601919SS,601939SS,601985SS,601988SS,601998SS,603019SS,603195SS,603259SS,603260SS,603288SS,603369SS,603501SS,603659SS,603799SS,603806SS,603833SS,603986SS,603993SS,688008SS,688009SS,688012SS,688036SS,688111SS,688169SS,688396SS
000001SZ,1.0,0.399,0.458,-0.037,-0.059,0.505,0.145,0.394,0.07,0.139,-0.095,0.458,0.333,0.479,-0.21,-0.562,0.555,0.308,0.383,0.23,0.435,-0.37,-0.587,-0.007,-0.375,0.307,0.246,-0.158,-0.336,-0.248,-0.001,0.139,0.269,-0.415,-0.418,-0.285,-0.545,0.595,0.281,-0.761,-0.361,0.313,-0.262,-0.281,0.403,-0.768,0.357,-0.381,0.404,-0.452,0.078,0.734,0.767,-0.054,-0.239,-0.849,-0.254,-0.65,-0.14,0.247,0.17,0.213,0.703,-0.462,0.351,-0.586,0.026,0.418,-0.385,-0.32,-0.424,-0.644,-0.792,-0.32,-0.439,0.01,-0.146,-0.617,-0.155,0.056,-0.472,-0.098,0.662,0.445,-0.124,0.737,0.383,0.552,0.259,-0.453,-0.009,0.302,0.38,-0.112,0.382,0.784,0.305,0.236,0.355,-0.302,0.165,0.392,0.481,-0.013,0.25,-0.388,0.336,0.483,0.326,0.121,0.047,0.598,0.335,0.353,0.329,0.245,0.192,-0.767,0.529,0.432,0.706,0.4,0.488,-0.318,0.225,0.016,-0.395,0.26,-0.161,0.441,-0.421,0.259,0.553,-0.386,-0.086,-0.373,0.544,0.152,0.662,0.696,-0.291,0.306,-0.079,0.148,0.386,-0.286,0.236,-0.196,0.887,0.539,0.224,0.414,0.668,0.472,0.41,0.623,0.703,-0.266,0.725,-0.657,0.209,0.611,0.314,0.632,0.284,0.495,0.807,0.302,-0.05,-0.195,-0.187,0.062,-0.081,0.056,0.204,0.023,0.704,0.111,0.149,-0.11,0.209,0.853,0.762,0.407,0.043,0.013,-0.143,0.202,-0.674,0.595,0.637,0.745,-0.228,0.691,-0.462,0.517,0.77,-0.219,0.409,0.202,0.605,-0.022,-0.306,-0.449,0.319,0.315,0.517,0.357,-0.372,0.606,-0.745,0.354,-0.345,0.106,-0.596,-0.218,0.053
000002SZ,0.399,1.0,0.902,0.383,0.282,0.854,0.866,0.23,0.7,0.851,-0.792,0.869,0.83,0.859,0.714,-0.707,0.323,0.93,0.769,0.86,0.893,-0.155,-0.761,-0.755,-0.76,0.892,0.905,-0.462,-0.309,0.269,-0.728,-0.193,-0.473,-0.964,-0.737,0.602,-0.782,0.797,0.012,-0.18,-0.857,0.939,0.545,-0.924,-0.347,-0.044,0.289,-0.779,0.89,-0.699,-0.767,0.749,0.245,-0.734,-0.571,-0.544,-0.932,-0.802,0.435,-0.596,0.689,0.584,0.399,-0.717,-0.529,0.259,-0.741,0.66,-0.498,-0.863,0.19,-0.67,-0.435,-0.951,-0.747,0.851,0.643,-0.205,-0.908,0.702,0.138,0.169,0.871,0.702,-0.327,0.746,0.837,0.786,0.849,-0.069,0.265,0.853,0.792,-0.359,0.934,-0.132,0.921,0.765,0.852,-0.314,-0.713,-0.117,-0.332,0.678,0.793,-0.728,0.775,0.618,-0.152,-0.467,0.735,0.325,0.895,0.925,0.587,0.862,-0.637,-0.475,0.776,-0.096,-0.058,0.508,0.779,-0.922,0.925,0.818,-0.807,-0.519,-0.202,-0.512,-0.943,0.607,0.832,-0.83,0.232,-0.827,0.675,0.474,0.258,-0.159,-0.921,0.463,-0.759,0.639,0.722,-0.124,-0.438,0.694,0.639,0.317,0.845,0.862,0.834,-0.137,0.824,0.39,0.887,-0.246,0.784,-0.635,0.835,0.736,0.869,0.705,0.902,0.577,0.69,-0.642,-0.783,0.538,-0.734,0.722,-0.876,0.738,0.697,0.78,0.748,-0.706,0.751,0.593,0.88,0.488,0.176,0.804,-0.839,0.671,-0.837,-0.119,-0.081,0.819,0.492,0.633,0.186,0.877,-0.555,0.729,0.807,-0.192,0.734,0.816,0.274,-0.506,-0.53,-0.92,-0.4,0.074,-0.246,0.721,-0.911,0.622,-0.693,0.928,-0.566,-0.49,-0.633,-0.874,0.625
000157SZ,0.458,0.902,1.0,0.512,0.233,0.962,0.868,0.18,0.65,0.875,-0.76,0.886,0.688,0.924,0.619,-0.6,0.599,0.897,0.842,0.915,0.8,-0.101,-0.8,-0.631,-0.88,0.929,0.887,-0.344,-0.474,0.158,-0.517,-0.203,-0.319,-0.892,-0.724,0.552,-0.662,0.844,-0.176,-0.237,-0.738,0.902,0.36,-0.87,-0.092,-0.167,0.534,-0.711,0.929,-0.814,-0.661,0.858,0.438,-0.593,-0.515,-0.615,-0.925,-0.827,0.619,-0.457,0.828,0.79,0.578,-0.607,-0.336,0.112,-0.607,0.776,-0.509,-0.825,0.259,-0.78,-0.494,-0.876,-0.707,0.729,0.636,-0.238,-0.781,0.744,-0.065,0.406,0.904,0.868,-0.161,0.774,0.838,0.911,0.93,0.013,0.48,0.943,0.926,-0.47,0.972,-0.092,0.791,0.732,0.945,-0.358,-0.545,-0.014,-0.187,0.512,0.761,-0.669,0.774,0.746,0.092,-0.292,0.642,0.566,0.885,0.963,0.66,0.872,-0.398,-0.596,0.933,0.012,0.012,0.609,0.635,-0.814,0.887,0.754,-0.849,-0.502,0.053,-0.392,-0.853,0.758,0.828,-0.705,0.421,-0.849,0.688,0.652,0.443,-0.13,-0.86,0.31,-0.702,0.813,0.805,-0.125,-0.144,0.613,0.649,0.382,0.926,0.897,0.865,-0.143,0.728,0.437,0.911,-0.304,0.839,-0.589,0.925,0.702,0.941,0.71,0.891,0.82,0.727,-0.564,-0.702,0.557,-0.511,0.828,-0.871,0.752,0.752,0.853,0.886,-0.665,0.876,0.681,0.775,0.596,0.153,0.939,-0.734,0.782,-0.689,0.134,-0.084,0.826,0.571,0.757,0.212,0.867,-0.409,0.752,0.867,-0.23,0.813,0.852,0.463,-0.517,-0.673,-0.89,-0.205,0.204,-0.069,0.762,-0.873,0.699,-0.775,0.96,-0.382,-0.443,-0.578,-0.809,0.691
000166SZ,-0.037,0.383,0.512,1.0,0.505,0.511,0.578,0.028,0.478,0.55,-0.162,0.623,0.218,0.54,0.437,0.125,0.419,0.438,0.48,0.518,0.191,0.342,-0.162,-0.122,-0.475,0.557,0.423,-0.126,0.029,0.354,-0.173,-0.172,-0.264,-0.35,-0.396,0.46,-0.007,0.479,-0.388,-0.094,-0.216,0.418,0.416,-0.28,0.028,0.234,0.382,-0.154,0.414,-0.246,-0.309,0.372,0.218,-0.489,0.016,0.079,-0.428,-0.186,0.548,-0.189,0.79,0.601,0.067,-0.21,-0.223,0.282,-0.266,0.353,-0.207,-0.206,0.4,-0.064,-0.0,-0.374,-0.033,0.347,0.535,0.063,-0.248,0.313,0.056,0.414,0.21,0.417,-0.117,0.439,0.584,0.296,0.466,0.121,0.342,0.475,0.515,-0.472,0.469,-0.3,0.372,0.367,0.644,0.162,-0.393,0.131,-0.274,0.047,0.468,0.065,0.473,0.481,0.076,0.172,0.439,0.513,0.445,0.471,0.346,0.445,-0.2,-0.016,0.426,0.13,-0.313,0.483,0.17,-0.367,0.486,0.471,-0.565,-0.332,0.165,-0.322,-0.293,0.378,0.266,-0.272,0.37,-0.411,0.609,0.442,0.344,-0.161,-0.319,-0.19,-0.109,0.669,0.555,0.454,0.157,0.42,0.217,0.415,0.525,0.502,0.455,-0.254,0.436,0.376,0.346,0.28,0.315,-0.088,0.569,0.307,0.507,0.368,0.413,0.461,0.223,-0.454,-0.116,0.636,-0.224,0.652,-0.445,0.517,0.44,0.568,0.477,-0.499,0.516,0.563,0.267,0.224,-0.364,0.459,-0.417,0.505,-0.409,0.115,0.6,0.091,0.168,0.33,0.29,0.347,-0.018,0.476,0.357,0.086,0.576,0.426,0.244,-0.06,-0.201,-0.325,-0.308,0.041,-0.192,0.512,-0.465,0.284,-0.165,0.502,0.286,-0.469,-0.031,-0.181,0.628
000333SZ,-0.059,0.282,0.233,0.505,1.0,0.17,0.408,0.002,0.401,0.401,-0.035,0.468,0.215,0.234,0.398,0.171,-0.102,0.384,0.086,0.179,0.152,0.174,0.027,-0.066,-0.078,0.288,0.276,-0.102,0.321,0.478,-0.299,-0.229,-0.386,-0.26,-0.107,0.414,0.103,0.324,0.093,0.102,-0.116,0.349,0.507,-0.187,-0.419,0.396,-0.296,-0.013,0.138,0.13,-0.318,0.103,-0.095,-0.474,-0.002,0.23,-0.19,0.103,0.175,-0.395,0.496,0.211,-0.085,-0.172,-0.428,0.361,-0.355,0.186,-0.142,-0.094,0.403,0.227,0.28,-0.279,-0.009,0.284,0.334,0.146,-0.19,0.136,0.315,0.266,0.017,-0.094,-0.306,0.376,0.511,-0.012,0.152,0.012,-0.045,0.154,0.17,-0.23,0.274,-0.145,0.335,0.235,0.313,0.172,-0.419,-0.142,-0.403,0.059,0.305,0.042,0.13,0.214,-0.359,-0.026,0.485,0.087,0.272,0.201,-0.011,0.362,-0.416,0.392,0.06,-0.112,-0.286,0.053,0.304,-0.192,0.346,0.371,-0.192,-0.371,-0.238,-0.392,-0.145,-0.004,0.063,-0.337,-0.192,0.049,0.273,0.147,-0.009,-0.217,-0.105,-0.019,-0.098,0.381,0.139,0.567,-0.275,0.445,0.126,0.427,0.258,0.204,0.275,-0.356,0.492,0.193,0.132,0.599,-0.01,-0.04,0.288,0.373,0.161,0.163,0.335,-0.083,0.0,-0.382,-0.003,0.571,-0.343,0.468,-0.232,0.308,0.157,0.338,0.163,-0.454,0.191,0.352,0.291,0.166,-0.238,0.133,-0.375,0.217,-0.438,-0.078,0.541,0.01,-0.088,0.321,0.102,0.256,-0.206,0.368,0.102,0.317,0.505,0.196,-0.302,-0.079,0.323,-0.13,-0.642,-0.323,-0.427,0.465,-0.14,-0.072,0.185,0.218,0.353,-0.276,0.2,-0.087,0.36
000338SZ,0.505,0.854,0.962,0.511,0.17,1.0,0.823,0.238,0.584,0.778,-0.64,0.867,0.676,0.917,0.522,-0.584,0.67,0.844,0.904,0.844,0.76,-0.06,-0.788,-0.532,-0.891,0.897,0.782,-0.322,-0.45,0.2,-0.43,-0.031,-0.21,-0.838,-0.696,0.469,-0.655,0.873,-0.201,-0.337,-0.686,0.819,0.33,-0.797,0.022,-0.227,0.609,-0.67,0.895,-0.792,-0.502,0.863,0.539,-0.576,-0.441,-0.625,-0.861,-0.829,0.52,-0.292,0.783,0.78,0.571,-0.589,-0.199,0.049,-0.485,0.689,-0.423,-0.746,0.193,-0.766,-0.578,-0.796,-0.661,0.664,0.576,-0.234,-0.693,0.616,-0.126,0.357,0.864,0.85,-0.268,0.783,0.784,0.854,0.852,-0.12,0.385,0.873,0.887,-0.452,0.94,-0.003,0.756,0.673,0.933,-0.272,-0.482,0.164,-0.067,0.446,0.754,-0.609,0.806,0.762,0.169,-0.247,0.555,0.626,0.848,0.929,0.703,0.761,-0.298,-0.669,0.901,0.143,0.115,0.683,0.635,-0.762,0.812,0.685,-0.851,-0.315,-0.009,-0.231,-0.814,0.662,0.835,-0.653,0.335,-0.835,0.726,0.59,0.511,0.0,-0.834,0.309,-0.559,0.743,0.826,-0.11,-0.052,0.517,0.677,0.393,0.834,0.891,0.895,0.047,0.654,0.506,0.898,-0.334,0.867,-0.562,0.839,0.665,0.896,0.731,0.815,0.808,0.766,-0.43,-0.665,0.426,-0.489,0.72,-0.774,0.734,0.718,0.777,0.908,-0.521,0.79,0.609,0.656,0.571,0.197,0.891,-0.668,0.668,-0.676,0.122,-0.14,0.785,0.664,0.74,0.127,0.827,-0.402,0.701,0.872,-0.106,0.811,0.761,0.535,-0.387,-0.675,-0.838,-0.079,0.231,0.035,0.739,-0.858,0.76,-0.81,0.931,-0.332,-0.379,-0.679,-0.724,0.732
000538SZ,0.145,0.866,0.868,0.578,0.408,0.823,1.0,0.213,0.738,0.922,-0.736,0.827,0.772,0.818,0.847,-0.47,0.28,0.896,0.791,0.873,0.792,-0.007,-0.619,-0.663,-0.711,0.904,0.867,-0.369,-0.154,0.476,-0.684,-0.122,-0.475,-0.827,-0.601,0.766,-0.542,0.712,-0.116,0.04,-0.733,0.891,0.699,-0.849,-0.367,0.222,0.314,-0.646,0.848,-0.574,-0.774,0.627,0.083,-0.758,-0.485,-0.273,-0.897,-0.631,0.581,-0.619,0.821,0.723,0.263,-0.56,-0.577,0.453,-0.725,0.616,-0.296,-0.746,0.388,-0.489,-0.171,-0.86,-0.61,0.89,0.761,0.051,-0.843,0.748,0.318,0.328,0.691,0.673,-0.361,0.634,0.833,0.672,0.864,0.024,0.328,0.851,0.784,-0.353,0.919,-0.362,0.783,0.759,0.902,-0.104,-0.765,-0.126,-0.459,0.661,0.811,-0.583,0.709,0.607,-0.156,-0.448,0.744,0.288,0.916,0.917,0.591,0.854,-0.657,-0.255,0.731,-0.114,-0.232,0.527,0.659,-0.801,0.895,0.883,-0.722,-0.608,-0.116,-0.626,-0.803,0.565,0.728,-0.718,0.287,-0.717,0.576,0.541,0.131,-0.393,-0.81,0.369,-0.733,0.784,0.69,0.116,-0.414,0.824,0.393,0.29,0.896,0.808,0.744,-0.267,0.728,0.254,0.717,-0.076,0.592,-0.396,0.897,0.608,0.869,0.521,0.924,0.572,0.451,-0.721,-0.758,0.701,-0.635,0.839,-0.871,0.851,0.702,0.892,0.652,-0.775,0.829,0.746,0.829,0.296,-0.065,0.788,-0.864,0.752,-0.818,-0.103,0.225,0.668,0.401,0.501,0.311,0.707,-0.41,0.684,0.635,-0.051,0.706,0.857,0.111,-0.562,-0.485,-0.774,-0.48,0.047,-0.304,0.705,-0.842,0.536,-0.473,0.916,-0.282,-0.541,-0.405,-0.79,0.784
000568SZ,0.394,0.23,0.18,0.028,0.002,0.238,0.213,1.0,0.347,0.058,-0.012,0.289,0.514,0.256,0.078,-0.365,0.105,0.211,0.259,0.071,0.527,-0.045,-0.152,0.086,-0.131,0.243,0.09,-0.067,0.303,0.354,-0.2,0.217,0.302,-0.21,-0.195,0.05,-0.345,0.419,0.608,-0.288,-0.289,0.2,0.186,-0.111,0.109,-0.249,0.15,-0.179,0.121,-0.097,0.042,0.278,0.101,-0.248,-0.07,-0.323,-0.113,-0.351,-0.285,0.185,0.056,0.03,0.274,-0.366,0.078,-0.071,0.039,0.095,-0.085,-0.094,-0.329,-0.225,-0.33,-0.253,-0.122,0.144,-0.131,-0.109,-0.15,0.121,0.196,-0.202,0.267,0.092,-0.328,0.269,0.086,0.111,0.072,-0.417,-0.294,0.101,-0.034,0.209,0.214,0.264,0.13,0.168,0.198,0.249,-0.072,0.384,0.089,0.212,0.358,-0.068,0.119,0.267,0.023,-0.101,0.079,0.249,0.299,0.149,0.226,0.077,-0.058,-0.324,0.143,0.483,0.381,0.347,0.618,-0.202,0.123,0.183,-0.175,0.252,-0.369,0.239,-0.303,-0.109,0.548,-0.235,-0.214,-0.165,0.203,-0.153,0.151,0.28,-0.168,0.413,-0.085,-0.007,0.028,0.11,-0.095,0.011,0.386,0.118,0.065,0.049,0.333,0.448,0.099,0.263,0.316,-0.073,0.355,-0.329,0.067,0.213,0.095,0.256,0.166,0.019,0.328,0.172,-0.122,-0.184,-0.324,-0.086,-0.001,0.126,-0.128,0.014,0.259,0.126,-0.043,-0.3,0.179,0.145,0.248,-0.02,-0.0,-0.177,-0.134,-0.169,-0.238,0.408,0.361,0.223,-0.169,0.26,-0.5,0.151,0.311,0.043,0.254,0.157,0.228,0.181,-0.022,-0.064,0.164,0.25,0.335,0.242,-0.265,0.279,-0.304,0.175,-0.287,-0.076,-0.299,-0.049,0.219
000596SZ,0.07,0.7,0.65,0.478,0.401,0.584,0.738,0.347,1.0,0.723,-0.525,0.644,0.696,0.556,0.709,-0.23,0.237,0.615,0.465,0.612,0.688,0.303,-0.302,-0.642,-0.416,0.63,0.752,0.025,-0.136,0.286,-0.526,-0.325,-0.572,-0.674,-0.423,0.63,-0.289,0.483,0.265,0.1,-0.583,0.714,0.587,-0.71,-0.49,0.274,0.024,-0.272,0.582,-0.29,-0.665,0.421,0.005,-0.526,-0.353,-0.128,-0.644,-0.373,0.531,-0.638,0.668,0.488,0.101,-0.309,-0.621,0.555,-0.767,0.434,-0.297,-0.631,0.479,-0.261,-0.015,-0.778,-0.323,0.705,0.699,-0.09,-0.728,0.57,0.28,0.333,0.521,0.466,-0.107,0.537,0.732,0.488,0.605,0.324,0.366,0.616,0.568,-0.422,0.685,-0.264,0.647,0.475,0.622,-0.223,-0.618,-0.348,-0.385,0.428,0.501,-0.313,0.381,0.451,-0.379,-0.246,0.857,0.229,0.688,0.648,0.171,0.798,-0.553,-0.051,0.501,-0.287,-0.381,0.21,0.574,-0.567,0.724,0.699,-0.476,-0.615,0.038,-0.625,-0.616,0.562,0.515,-0.512,0.297,-0.443,0.514,0.561,0.037,-0.39,-0.673,0.095,-0.586,0.636,0.364,0.188,-0.388,0.737,0.264,0.414,0.699,0.5,0.546,-0.438,0.668,0.303,0.579,0.139,0.454,-0.308,0.692,0.418,0.568,0.471,0.759,0.377,0.368,-0.719,-0.503,0.684,-0.462,0.689,-0.696,0.527,0.36,0.75,0.406,-0.753,0.651,0.61,0.779,0.286,-0.159,0.538,-0.744,0.649,-0.575,0.013,0.264,0.501,0.062,0.349,0.502,0.578,-0.204,0.662,0.501,-0.17,0.634,0.573,-0.018,-0.337,-0.125,-0.592,-0.512,-0.167,-0.496,0.442,-0.607,0.177,-0.263,0.668,-0.269,-0.302,-0.204,-0.593,0.451
000617SZ,0.139,0.851,0.875,0.55,0.401,0.778,0.922,0.058,0.723,1.0,-0.819,0.82,0.658,0.836,0.858,-0.45,0.265,0.902,0.722,0.936,0.717,-0.043,-0.639,-0.694,-0.684,0.903,0.94,-0.364,-0.243,0.341,-0.699,-0.296,-0.515,-0.816,-0.617,0.779,-0.51,0.638,-0.194,0.074,-0.786,0.933,0.626,-0.861,-0.388,0.205,0.335,-0.668,0.889,-0.602,-0.883,0.676,0.073,-0.721,-0.461,-0.288,-0.91,-0.626,0.671,-0.72,0.858,0.757,0.278,-0.548,-0.669,0.407,-0.743,0.71,-0.415,-0.775,0.431,-0.507,-0.107,-0.861,-0.601,0.86,0.802,0.025,-0.84,0.845,0.202,0.326,0.722,0.703,-0.189,0.633,0.863,0.758,0.934,0.169,0.41,0.899,0.874,-0.316,0.905,-0.392,0.741,0.841,0.893,-0.208,-0.752,-0.216,-0.549,0.683,0.781,-0.637,0.722,0.607,-0.094,-0.42,0.752,0.292,0.897,0.913,0.6,0.92,-0.67,-0.223,0.792,-0.211,-0.292,0.495,0.523,-0.806,0.944,0.893,-0.744,-0.735,0.001,-0.711,-0.786,0.68,0.664,-0.749,0.406,-0.749,0.541,0.58,0.177,-0.421,-0.792,0.311,-0.823,0.792,0.73,0.054,-0.402,0.859,0.411,0.302,0.958,0.831,0.692,-0.432,0.796,0.157,0.72,-0.058,0.56,-0.439,0.964,0.683,0.909,0.483,0.939,0.642,0.398,-0.792,-0.712,0.793,-0.61,0.927,-0.903,0.848,0.794,0.947,0.626,-0.826,0.895,0.834,0.867,0.404,-0.078,0.855,-0.858,0.85,-0.78,-0.05,0.255,0.649,0.375,0.52,0.365,0.745,-0.397,0.731,0.647,-0.148,0.678,0.877,0.082,-0.661,-0.546,-0.835,-0.556,0.14,-0.337,0.729,-0.825,0.536,-0.452,0.92,-0.294,-0.598,-0.268,-0.845,0.719
000625SZ,-0.095,-0.792,-0.76,-0.162,-0.035,-0.64,-0.736,-0.012,-0.525,-0.819,1.0,-0.598,-0.593,-0.657,-0.76,0.647,-0.135,-0.813,-0.569,-0.848,-0.729,0.238,0.658,0.808,0.682,-0.78,-0.87,0.437,0.42,-0.144,0.674,0.304,0.516,0.791,0.521,-0.679,0.638,-0.504,0.178,-0.208,0.736,-0.834,-0.425,0.877,0.403,-0.089,-0.284,0.72,-0.813,0.729,0.864,-0.525,0.05,0.547,0.573,0.4,0.875,0.678,-0.553,0.713,-0.578,-0.578,-0.289,0.505,0.609,-0.296,0.7,-0.661,0.38,0.81,-0.277,0.642,0.193,0.794,0.716,-0.8,-0.643,-0.012,0.857,-0.881,-0.191,-0.25,-0.745,-0.638,0.09,-0.381,-0.603,-0.753,-0.867,-0.164,-0.389,-0.851,-0.737,0.234,-0.786,0.407,-0.705,-0.734,-0.698,0.383,0.68,0.35,0.479,-0.755,-0.641,0.751,-0.637,-0.379,0.125,0.563,-0.534,-0.083,-0.77,-0.817,-0.535,-0.799,0.599,0.34,-0.69,0.305,0.254,-0.343,-0.469,0.77,-0.83,-0.776,0.617,0.693,-0.012,0.649,0.786,-0.617,-0.651,0.634,-0.399,0.737,-0.3,-0.466,0.015,0.465,0.826,-0.404,0.887,-0.59,-0.589,0.296,0.46,-0.713,-0.292,0.055,-0.842,-0.716,-0.499,0.375,-0.569,0.02,-0.639,0.411,-0.517,0.412,-0.825,-0.503,-0.824,-0.385,-0.805,-0.526,-0.372,0.719,0.827,-0.549,0.533,-0.728,0.885,-0.694,-0.726,-0.789,-0.497,0.693,-0.808,-0.652,-0.817,-0.238,-0.02,-0.769,0.787,-0.765,0.638,0.049,0.027,-0.728,-0.316,-0.378,-0.282,-0.617,0.362,-0.466,-0.527,0.274,-0.462,-0.85,-0.104,0.719,0.637,0.781,0.385,-0.126,0.307,-0.544,0.723,-0.439,0.51,-0.803,0.571,0.477,0.374,0.904,-0.521
000651SZ,0.458,0.869,0.886,0.623,0.468,0.867,0.827,0.289,0.644,0.82,-0.598,1.0,0.676,0.918,0.592,-0.5,0.459,0.879,0.777,0.816,0.75,-0.007,-0.648,-0.456,-0.769,0.91,0.809,-0.437,-0.191,0.377,-0.59,-0.214,-0.308,-0.853,-0.717,0.519,-0.619,0.91,-0.083,-0.354,-0.723,0.863,0.522,-0.751,-0.13,-0.116,0.446,-0.629,0.824,-0.635,-0.607,0.802,0.41,-0.769,-0.306,-0.497,-0.81,-0.747,0.438,-0.395,0.831,0.697,0.453,-0.666,-0.413,0.117,-0.513,0.678,-0.53,-0.641,0.233,-0.584,-0.448,-0.805,-0.527,0.659,0.591,-0.162,-0.68,0.599,-0.029,0.26,0.787,0.681,-0.346,0.844,0.872,0.736,0.795,-0.152,0.226,0.803,0.813,-0.364,0.88,-0.046,0.788,0.741,0.914,-0.137,-0.605,0.159,-0.274,0.456,0.836,-0.522,0.801,0.767,0.02,-0.166,0.661,0.625,0.839,0.848,0.655,0.796,-0.466,-0.46,0.808,0.183,-0.043,0.697,0.702,-0.816,0.861,0.776,-0.881,-0.382,-0.178,-0.337,-0.805,0.561,0.804,-0.772,0.234,-0.771,0.811,0.45,0.523,-0.008,-0.784,0.322,-0.538,0.685,0.799,0.115,-0.151,0.602,0.727,0.504,0.785,0.87,0.899,-0.088,0.803,0.585,0.862,-0.12,0.805,-0.605,0.806,0.775,0.837,0.771,0.805,0.639,0.709,-0.536,-0.52,0.562,-0.677,0.758,-0.74,0.749,0.701,0.734,0.827,-0.592,0.689,0.589,0.69,0.605,0.085,0.783,-0.712,0.607,-0.799,-0.088,0.06,0.684,0.594,0.728,0.117,0.863,-0.531,0.767,0.828,-0.046,0.86,0.722,0.414,-0.286,-0.491,-0.796,-0.372,0.219,-0.121,0.859,-0.851,0.681,-0.678,0.877,-0.244,-0.567,-0.479,-0.635,0.756
000661SZ,0.333,0.83,0.688,0.218,0.215,0.676,0.772,0.514,0.696,0.658,-0.593,0.676,1.0,0.67,0.655,-0.681,0.14,0.784,0.654,0.627,0.897,-0.145,-0.603,-0.648,-0.493,0.719,0.731,-0.346,-0.021,0.449,-0.677,0.042,-0.327,-0.787,-0.513,0.545,-0.697,0.671,0.336,-0.092,-0.785,0.759,0.66,-0.779,-0.387,0.036,0.123,-0.648,0.699,-0.458,-0.602,0.573,0.042,-0.665,-0.519,-0.416,-0.748,-0.678,0.156,-0.457,0.485,0.372,0.257,-0.637,-0.457,0.354,-0.66,0.453,-0.218,-0.726,0.03,-0.485,-0.33,-0.831,-0.63,0.803,0.505,-0.122,-0.821,0.57,0.364,-0.059,0.683,0.449,-0.498,0.607,0.651,0.551,0.614,-0.219,-0.019,0.647,0.506,-0.113,0.774,-0.079,0.731,0.64,0.668,-0.114,-0.674,-0.043,-0.297,0.729,0.699,-0.602,0.571,0.483,-0.321,-0.572,0.684,0.11,0.813,0.742,0.451,0.691,-0.618,-0.364,0.526,-0.036,0.042,0.428,0.838,-0.758,0.734,0.753,-0.533,-0.305,-0.417,-0.385,-0.815,0.309,0.767,-0.733,-0.04,-0.592,0.452,0.268,0.05,-0.148,-0.767,0.615,-0.651,0.411,0.464,-0.032,-0.59,0.646,0.492,0.26,0.639,0.613,0.713,0.061,0.65,0.263,0.725,-0.176,0.617,-0.509,0.618,0.585,0.635,0.533,0.794,0.315,0.538,-0.448,-0.751,0.331,-0.734,0.47,-0.663,0.632,0.419,0.614,0.541,-0.516,0.522,0.351,0.813,0.267,0.24,0.526,-0.71,0.411,-0.752,-0.235,-0.117,0.736,0.435,0.429,0.184,0.691,-0.612,0.602,0.616,-0.05,0.551,0.676,0.09,-0.381,-0.328,-0.714,-0.331,0.038,-0.167,0.545,-0.78,0.503,-0.521,0.754,-0.596,-0.294,-0.637,-0.747,0.546
000708SZ,0.479,0.859,0.924,0.54,0.234,0.917,0.818,0.256,0.556,0.836,-0.657,0.918,0.67,1.0,0.578,-0.611,0.497,0.887,0.905,0.898,0.745,-0.151,-0.786,-0.469,-0.822,0.94,0.815,-0.49,-0.251,0.301,-0.602,-0.08,-0.181,-0.827,-0.796,0.52,-0.714,0.851,-0.199,-0.361,-0.797,0.872,0.443,-0.753,-0.008,-0.187,0.616,-0.771,0.914,-0.724,-0.605,0.895,0.43,-0.739,-0.347,-0.58,-0.861,-0.849,0.433,-0.329,0.788,0.715,0.488,-0.726,-0.323,0.044,-0.438,0.699,-0.512,-0.673,0.09,-0.696,-0.53,-0.8,-0.62,0.693,0.571,-0.156,-0.694,0.671,-0.098,0.16,0.843,0.784,-0.319,0.78,0.801,0.823,0.883,-0.193,0.235,0.868,0.881,-0.25,0.918,-0.07,0.695,0.844,0.946,-0.106,-0.576,0.241,-0.278,0.569,0.887,-0.612,0.879,0.788,0.245,-0.306,0.542,0.592,0.89,0.914,0.828,0.749,-0.451,-0.612,0.896,0.243,0.073,0.797,0.637,-0.858,0.867,0.76,-0.938,-0.324,-0.147,-0.298,-0.836,0.606,0.852,-0.804,0.3,-0.903,0.741,0.409,0.528,0.031,-0.789,0.417,-0.62,0.65,0.881,-0.0,-0.124,0.579,0.733,0.376,0.833,0.912,0.896,0.016,0.745,0.414,0.882,-0.253,0.834,-0.652,0.851,0.789,0.925,0.696,0.812,0.746,0.685,-0.467,-0.616,0.454,-0.666,0.725,-0.761,0.83,0.789,0.772,0.863,-0.508,0.728,0.591,0.678,0.597,0.156,0.856,-0.658,0.61,-0.772,-0.085,-0.038,0.723,0.747,0.701,0.047,0.863,-0.587,0.735,0.86,-0.104,0.764,0.776,0.473,-0.405,-0.718,-0.864,-0.221,0.424,0.045,0.84,-0.916,0.854,-0.767,0.937,-0.377,-0.604,-0.572,-0.723,0.782
000725SZ,-0.21,0.714,0.619,0.437,0.398,0.522,0.847,0.078,0.709,0.858,-0.76,0.592,0.655,0.578,1.0,-0.356,-0.078,0.779,0.546,0.759,0.638,0.043,-0.387,-0.732,-0.446,0.74,0.797,-0.356,0.013,0.54,-0.769,-0.204,-0.619,-0.662,-0.347,0.9,-0.379,0.396,-0.095,0.41,-0.686,0.789,0.804,-0.762,-0.64,0.539,0.072,-0.543,0.688,-0.354,-0.893,0.328,-0.343,-0.731,-0.4,0.05,-0.776,-0.377,0.53,-0.808,0.662,0.525,-0.067,-0.41,-0.812,0.679,-0.777,0.416,-0.157,-0.668,0.466,-0.209,0.186,-0.756,-0.46,0.906,0.81,0.258,-0.828,0.769,0.531,0.18,0.447,0.407,-0.304,0.32,0.656,0.445,0.743,0.197,0.228,0.692,0.587,-0.173,0.719,-0.634,0.655,0.736,0.672,-0.005,-0.875,-0.372,-0.75,0.779,0.691,-0.493,0.553,0.382,-0.333,-0.617,0.73,-0.101,0.774,0.727,0.439,0.755,-0.826,0.084,0.458,-0.375,-0.493,0.289,0.46,-0.698,0.83,0.881,-0.512,-0.748,-0.127,-0.845,-0.675,0.41,0.491,-0.617,0.245,-0.564,0.277,0.371,-0.225,-0.623,-0.694,0.331,-0.784,0.589,0.475,0.168,-0.651,0.941,0.076,0.069,0.783,0.59,0.418,-0.49,0.623,-0.125,0.427,0.086,0.26,-0.212,0.788,0.456,0.699,0.232,0.804,0.29,0.077,-0.845,-0.747,0.762,-0.632,0.753,-0.808,0.774,0.624,0.844,0.271,-0.793,0.723,0.732,0.815,0.002,-0.271,0.573,-0.881,0.695,-0.758,-0.231,0.447,0.455,0.134,0.158,0.416,0.459,-0.326,0.49,0.308,0.024,0.461,0.749,-0.262,-0.626,-0.337,-0.629,-0.695,-0.053,-0.553,0.52,-0.681,0.271,-0.135,0.738,-0.313,-0.588,-0.139,-0.778,0.652
000768SZ,-0.562,-0.707,-0.6,0.125,0.171,-0.584,-0.47,-0.365,-0.23,-0.45,0.647,-0.5,-0.681,-0.611,-0.356,1.0,-0.153,-0.682,-0.618,-0.565,-0.767,0.589,0.778,0.525,0.547,-0.617,-0.549,0.619,0.27,-0.094,0.572,-0.114,0.056,0.733,0.558,-0.242,0.912,-0.579,-0.157,0.268,0.754,-0.635,-0.189,0.662,0.078,0.378,-0.332,0.842,-0.691,0.689,0.459,-0.637,-0.195,0.458,0.528,0.744,0.681,0.853,0.066,0.221,-0.214,-0.206,-0.431,0.773,0.14,0.152,0.363,-0.508,0.346,0.668,0.411,0.744,0.607,0.666,0.751,-0.558,-0.201,0.382,0.658,-0.543,-0.025,0.249,-0.782,-0.486,0.385,-0.487,-0.387,-0.648,-0.58,0.449,0.095,-0.589,-0.467,-0.016,-0.643,-0.134,-0.555,-0.642,-0.518,0.235,0.425,-0.112,0.106,-0.655,-0.605,0.771,-0.607,-0.385,-0.078,0.582,-0.225,-0.133,-0.652,-0.651,-0.593,-0.466,0.4,0.701,-0.564,-0.155,-0.37,-0.447,-0.664,0.706,-0.564,-0.479,0.561,0.1,0.404,0.082,0.839,-0.248,-0.789,0.715,0.064,0.7,-0.312,-0.04,-0.172,-0.158,0.66,-0.669,0.638,-0.167,-0.501,0.413,0.372,-0.273,-0.621,0.029,-0.493,-0.582,-0.606,-0.296,-0.456,-0.134,-0.717,0.543,-0.684,0.674,-0.461,-0.614,-0.612,-0.472,-0.562,-0.382,-0.604,0.145,0.689,0.049,0.635,-0.224,0.53,-0.444,-0.502,-0.338,-0.587,0.205,-0.378,-0.098,-0.584,-0.393,-0.557,-0.526,0.434,-0.238,0.542,0.229,0.533,-0.799,-0.638,-0.483,0.111,-0.677,0.739,-0.405,-0.647,0.193,-0.356,-0.619,-0.303,0.389,0.626,0.739,0.016,-0.324,-0.207,-0.506,0.707,-0.685,0.746,-0.647,0.809,0.305,0.746,0.726,-0.334
000776SZ,0.555,0.323,0.599,0.419,-0.102,0.67,0.28,0.105,0.237,0.265,-0.135,0.459,0.14,0.497,-0.078,-0.153,1.0,0.258,0.45,0.382,0.251,0.2,-0.417,-0.099,-0.609,0.4,0.314,0.181,-0.609,-0.283,0.283,-0.091,0.158,-0.35,-0.322,-0.104,-0.175,0.573,-0.224,-0.51,-0.127,0.258,-0.276,-0.307,0.44,-0.548,0.594,-0.11,0.419,-0.554,0.078,0.621,0.816,0.076,-0.152,-0.58,-0.34,-0.489,0.468,0.202,0.528,0.629,0.679,-0.077,0.347,-0.328,-0.043,0.46,-0.288,-0.369,0.141,-0.607,-0.597,-0.311,-0.235,0.009,0.14,-0.441,-0.135,0.145,-0.55,0.497,0.544,0.694,0.238,0.544,0.411,0.622,0.415,0.084,0.572,0.475,0.595,-0.571,0.452,0.356,0.302,0.083,0.532,-0.422,0.18,0.241,0.491,-0.234,0.164,-0.19,0.341,0.628,0.327,0.361,0.186,0.807,0.3,0.435,0.277,0.369,0.412,-0.655,0.64,0.221,0.314,0.39,0.156,-0.178,0.269,0.082,-0.458,0.017,0.458,0.253,-0.276,0.612,0.407,-0.026,0.463,-0.423,0.563,0.65,0.709,0.301,-0.373,-0.202,-0.024,0.581,0.495,-0.219,0.529,-0.06,0.538,0.499,0.427,0.469,0.559,0.159,0.206,0.647,0.6,-0.294,0.68,-0.317,0.431,0.224,0.452,0.588,0.316,0.808,0.701,0.024,-0.126,0.103,0.187,0.388,-0.3,0.133,0.288,0.336,0.729,-0.13,0.496,0.29,0.139,0.607,0.211,0.595,-0.095,0.416,-0.006,0.63,-0.308,0.471,0.399,0.655,0.116,0.47,0.139,0.445,0.653,-0.245,0.556,0.266,0.769,0.0,-0.423,-0.394,0.409,0.137,0.312,0.279,-0.364,0.439,-0.662,0.44,0.019,0.133,-0.438,-0.195,0.261
000786SZ,0.308,0.93,0.897,0.438,0.384,0.844,0.896,0.211,0.615,0.902,-0.813,0.879,0.784,0.887,0.779,-0.682,0.258,1.0,0.812,0.895,0.837,-0.221,-0.766,-0.664,-0.779,0.945,0.885,-0.547,-0.205,0.447,-0.74,-0.131,-0.4,-0.906,-0.667,0.708,-0.72,0.808,-0.116,-0.059,-0.826,0.945,0.603,-0.873,-0.312,0.047,0.374,-0.821,0.912,-0.711,-0.781,0.745,0.139,-0.802,-0.484,-0.462,-0.937,-0.78,0.431,-0.579,0.761,0.672,0.364,-0.722,-0.532,0.259,-0.655,0.697,-0.419,-0.795,0.195,-0.627,-0.332,-0.878,-0.726,0.852,0.67,-0.036,-0.842,0.792,0.218,0.188,0.809,0.651,-0.426,0.683,0.801,0.762,0.888,-0.154,0.184,0.883,0.804,-0.257,0.941,-0.25,0.815,0.872,0.898,-0.142,-0.762,-0.023,-0.461,0.743,0.875,-0.707,0.819,0.631,-0.057,-0.547,0.654,0.301,0.923,0.93,0.714,0.829,-0.659,-0.412,0.776,-0.01,-0.061,0.597,0.711,-0.882,0.929,0.875,-0.814,-0.527,-0.253,-0.516,-0.902,0.512,0.822,-0.845,0.182,-0.808,0.555,0.402,0.209,-0.234,-0.846,0.508,-0.767,0.659,0.768,-0.033,-0.448,0.751,0.569,0.227,0.872,0.87,0.79,-0.128,0.765,0.225,0.805,-0.212,0.691,-0.557,0.876,0.768,0.906,0.584,0.895,0.559,0.547,-0.627,-0.795,0.565,-0.756,0.78,-0.861,0.847,0.786,0.836,0.734,-0.666,0.771,0.639,0.826,0.411,0.119,0.813,-0.826,0.668,-0.864,-0.159,0.045,0.777,0.566,0.62,0.144,0.808,-0.624,0.667,0.725,-0.007,0.739,0.874,0.194,-0.557,-0.593,-0.872,-0.43,0.188,-0.185,0.833,-0.884,0.668,-0.618,0.934,-0.443,-0.596,-0.537,-0.87,0.778
000800SZ,0.383,0.769,0.842,0.48,0.086,0.904,0.791,0.259,0.465,0.722,-0.569,0.777,0.654,0.905,0.546,-0.618,0.45,0.812,1.0,0.805,0.698,-0.192,-0.763,-0.45,-0.788,0.877,0.669,-0.521,-0.238,0.379,-0.556,0.189,-0.111,-0.743,-0.699,0.525,-0.698,0.751,-0.252,-0.27,-0.707,0.763,0.43,-0.681,0.059,-0.098,0.667,-0.757,0.875,-0.7,-0.473,0.783,0.361,-0.686,-0.32,-0.491,-0.81,-0.789,0.34,-0.215,0.67,0.655,0.356,-0.66,-0.189,0.09,-0.362,0.552,-0.286,-0.615,0.012,-0.64,-0.498,-0.691,-0.602,0.699,0.583,-0.078,-0.632,0.595,-0.022,0.109,0.738,0.729,-0.458,0.637,0.649,0.71,0.797,-0.303,0.134,0.776,0.777,-0.208,0.875,-0.13,0.602,0.782,0.879,0.027,-0.568,0.325,-0.24,0.58,0.844,-0.551,0.857,0.681,0.313,-0.432,0.422,0.466,0.845,0.882,0.845,0.595,-0.429,-0.616,0.796,0.293,0.113,0.786,0.595,-0.77,0.757,0.704,-0.856,-0.192,-0.212,-0.218,-0.793,0.463,0.826,-0.727,0.191,-0.861,0.62,0.307,0.376,0.018,-0.727,0.436,-0.54,0.562,0.821,0.0,-0.132,0.528,0.574,0.208,0.733,0.839,0.812,0.18,0.567,0.291,0.762,-0.307,0.759,-0.509,0.749,0.668,0.855,0.591,0.723,0.661,0.591,-0.36,-0.676,0.301,-0.62,0.583,-0.685,0.837,0.739,0.709,0.789,-0.385,0.648,0.535,0.555,0.393,0.176,0.776,-0.624,0.5,-0.735,-0.147,-0.044,0.639,0.766,0.53,0.005,0.721,-0.547,0.59,0.747,0.039,0.654,0.724,0.416,-0.355,-0.756,-0.776,-0.084,0.415,0.112,0.735,-0.867,0.852,-0.714,0.89,-0.361,-0.56,-0.656,-0.684,0.817
000807SZ,0.23,0.86,0.915,0.518,0.179,0.844,0.873,0.071,0.612,0.936,-0.848,0.816,0.627,0.898,0.759,-0.565,0.382,0.895,0.805,1.0,0.732,-0.131,-0.755,-0.669,-0.814,0.935,0.915,-0.425,-0.371,0.227,-0.637,-0.253,-0.4,-0.838,-0.705,0.677,-0.629,0.697,-0.301,-0.067,-0.785,0.906,0.481,-0.858,-0.185,0.009,0.548,-0.762,0.928,-0.766,-0.811,0.756,0.21,-0.667,-0.494,-0.45,-0.945,-0.771,0.657,-0.579,0.808,0.779,0.394,-0.603,-0.521,0.225,-0.63,0.73,-0.493,-0.795,0.29,-0.682,-0.32,-0.849,-0.682,0.804,0.73,-0.05,-0.82,0.846,0.059,0.3,0.809,0.833,-0.147,0.611,0.776,0.852,0.983,0.096,0.453,0.948,0.922,-0.333,0.917,-0.352,0.743,0.844,0.915,-0.264,-0.651,-0.092,-0.416,0.66,0.812,-0.704,0.814,0.64,0.102,-0.393,0.626,0.397,0.881,0.942,0.726,0.851,-0.543,-0.45,0.888,-0.083,-0.16,0.596,0.515,-0.869,0.922,0.835,-0.848,-0.627,0.065,-0.579,-0.835,0.742,0.751,-0.712,0.509,-0.886,0.596,0.567,0.296,-0.311,-0.836,0.336,-0.81,0.749,0.84,-0.107,-0.259,0.725,0.489,0.193,0.95,0.899,0.725,-0.281,0.711,0.191,0.781,-0.281,0.675,-0.548,0.955,0.656,0.984,0.521,0.881,0.76,0.499,-0.702,-0.751,0.648,-0.573,0.853,-0.909,0.827,0.86,0.9,0.714,-0.727,0.896,0.761,0.799,0.435,-0.033,0.916,-0.783,0.831,-0.733,-0.033,0.085,0.72,0.51,0.553,0.255,0.757,-0.413,0.659,0.711,-0.234,0.648,0.899,0.319,-0.619,-0.721,-0.878,-0.348,0.307,-0.17,0.715,-0.886,0.677,-0.639,0.95,-0.406,-0.622,-0.423,-0.858,0.726
000858SZ,0.435,0.893,0.8,0.191,0.152,0.76,0.792,0.527,0.688,0.717,-0.729,0.75,0.897,0.745,0.638,-0.767,0.251,0.837,0.698,0.732,1.0,-0.248,-0.72,-0.67,-0.659,0.801,0.786,-0.394,-0.228,0.313,-0.675,-0.078,-0.311,-0.878,-0.629,0.557,-0.797,0.748,0.301,-0.161,-0.793,0.856,0.502,-0.862,-0.318,-0.094,0.222,-0.723,0.771,-0.649,-0.654,0.667,0.169,-0.62,-0.637,-0.589,-0.828,-0.796,0.287,-0.508,0.534,0.471,0.456,-0.673,-0.418,0.237,-0.665,0.571,-0.374,-0.804,0.056,-0.683,-0.444,-0.891,-0.756,0.801,0.488,-0.192,-0.863,0.667,0.232,0.114,0.846,0.629,-0.335,0.651,0.673,0.704,0.743,-0.153,0.148,0.745,0.618,-0.186,0.86,-0.039,0.8,0.655,0.737,-0.274,-0.605,-0.086,-0.218,0.695,0.751,-0.711,0.585,0.517,-0.187,-0.519,0.643,0.241,0.833,0.826,0.514,0.756,-0.562,-0.503,0.682,-0.022,0.082,0.458,0.906,-0.823,0.778,0.753,-0.636,-0.393,-0.283,-0.395,-0.891,0.493,0.896,-0.741,0.107,-0.701,0.5,0.372,0.139,-0.153,-0.834,0.622,-0.748,0.538,0.511,-0.16,-0.469,0.609,0.576,0.211,0.739,0.68,0.763,0.015,0.662,0.334,0.824,-0.31,0.732,-0.622,0.713,0.648,0.744,0.609,0.838,0.462,0.663,-0.471,-0.776,0.347,-0.675,0.56,-0.744,0.639,0.483,0.658,0.663,-0.556,0.639,0.379,0.848,0.398,0.237,0.672,-0.705,0.517,-0.707,-0.138,-0.227,0.881,0.487,0.574,0.067,0.795,-0.599,0.612,0.723,-0.2,0.61,0.754,0.247,-0.452,-0.445,-0.772,-0.253,0.103,-0.105,0.596,-0.799,0.558,-0.674,0.82,-0.645,-0.348,-0.636,-0.793,0.535
000876SZ,-0.37,-0.155,-0.101,0.342,0.174,-0.06,-0.007,-0.045,0.303,-0.043,0.238,-0.007,-0.145,-0.151,0.043,0.589,0.2,-0.221,-0.192,-0.131,-0.248,1.0,0.571,0.062,0.117,-0.127,-0.071,0.529,0.11,0.09,0.193,-0.347,-0.127,0.172,0.199,-0.056,0.476,-0.063,-0.08,0.138,0.249,-0.184,0.128,0.164,-0.132,0.218,-0.096,0.541,-0.252,0.309,0.103,-0.223,-0.029,0.049,0.508,0.419,0.187,0.378,0.281,0.026,0.157,0.147,-0.213,0.416,-0.167,0.273,-0.016,-0.173,-0.025,0.156,0.602,0.352,0.234,0.106,0.622,-0.171,0.116,0.182,0.168,-0.208,-0.014,0.329,-0.31,-0.109,0.238,-0.111,0.043,-0.22,-0.153,0.454,0.273,-0.118,-0.048,-0.364,-0.151,-0.249,-0.038,-0.287,-0.059,0.065,0.032,-0.075,-0.019,-0.369,-0.203,0.43,-0.124,0.201,-0.232,0.475,0.288,0.196,-0.169,-0.193,-0.301,0.047,0.16,0.34,-0.139,-0.129,-0.455,-0.098,-0.268,0.241,-0.029,-0.024,0.069,-0.1,0.358,-0.078,0.265,0.092,-0.271,0.352,0.329,0.218,0.127,0.242,0.112,-0.174,0.016,-0.623,0.295,0.106,-0.098,0.286,0.17,0.077,-0.265,0.271,-0.089,-0.124,-0.153,-0.309,-0.083,0.228,-0.192,0.229,-0.125,0.355,-0.061,-0.407,-0.181,0.042,-0.122,-0.024,-0.141,-0.26,0.237,0.254,0.211,0.088,0.02,-0.146,-0.181,0.06,-0.179,-0.162,-0.016,0.176,-0.128,-0.193,-0.506,-0.159,-0.077,0.101,0.126,0.167,0.391,-0.301,-0.362,-0.194,0.444,-0.277,0.53,-0.024,-0.168,0.074,0.206,-0.236,-0.027,0.41,0.285,0.226,-0.112,-0.333,-0.348,-0.105,0.135,-0.358,0.263,-0.137,0.441,0.054,0.314,0.282,0.01
000895SZ,-0.587,-0.761,-0.8,-0.162,0.027,-0.788,-0.619,-0.152,-0.302,-0.639,0.658,-0.648,-0.603,-0.786,-0.387,0.778,-0.417,-0.766,-0.763,-0.755,-0.72,0.571,1.0,0.495,0.769,-0.754,-0.673,0.457,0.507,-0.019,0.413,-0.086,0.113,0.755,0.629,-0.377,0.765,-0.687,0.132,0.362,0.677,-0.734,-0.135,0.743,-0.038,0.33,-0.511,0.845,-0.838,0.82,0.473,-0.811,-0.424,0.426,0.668,0.752,0.79,0.881,-0.311,0.288,-0.498,-0.553,-0.602,0.654,0.081,0.134,0.406,-0.631,0.351,0.713,0.141,0.836,0.586,0.691,0.905,-0.605,-0.405,0.309,0.653,-0.589,0.119,-0.101,-0.874,-0.754,0.245,-0.652,-0.576,-0.83,-0.769,0.256,-0.229,-0.779,-0.749,0.176,-0.803,-0.124,-0.643,-0.674,-0.736,0.353,0.354,-0.098,0.009,-0.564,-0.653,0.782,-0.704,-0.481,-0.24,0.464,-0.31,-0.339,-0.735,-0.827,-0.694,-0.583,0.292,0.724,-0.795,-0.076,-0.36,-0.501,-0.6,0.743,-0.666,-0.536,0.688,0.242,0.105,0.167,0.775,-0.536,-0.771,0.669,-0.166,0.778,-0.482,-0.385,-0.336,-0.06,0.672,-0.555,0.622,-0.526,-0.723,0.388,0.167,-0.361,-0.682,-0.15,-0.714,-0.795,-0.751,-0.176,-0.564,-0.23,-0.808,0.431,-0.732,0.674,-0.697,-0.736,-0.817,-0.522,-0.716,-0.677,-0.673,0.217,0.679,-0.205,0.457,-0.522,0.631,-0.612,-0.698,-0.592,-0.779,0.343,-0.651,-0.411,-0.608,-0.568,-0.414,-0.813,0.482,-0.513,0.581,-0.047,0.377,-0.81,-0.686,-0.677,0.136,-0.794,0.546,-0.548,-0.771,0.178,-0.46,-0.723,-0.428,0.583,0.678,0.832,-0.007,-0.362,-0.198,-0.555,0.741,-0.768,0.793,-0.801,0.543,0.292,0.707,0.774,-0.519
000938SZ,-0.007,-0.755,-0.631,-0.122,-0.066,-0.532,-0.663,0.086,-0.642,-0.694,0.808,-0.456,-0.648,-0.469,-0.732,0.525,-0.099,-0.664,-0.45,-0.669,-0.67,0.062,0.495,1.0,0.467,-0.604,-0.803,0.215,0.441,-0.071,0.608,0.264,0.757,0.782,0.354,-0.606,0.498,-0.333,-0.017,-0.288,0.658,-0.714,-0.473,0.88,0.604,-0.257,0.023,0.495,-0.678,0.512,0.799,-0.347,0.113,0.439,0.601,0.222,0.774,0.47,-0.527,0.783,-0.481,-0.401,-0.031,0.312,0.658,-0.519,0.907,-0.42,0.177,0.832,-0.359,0.441,0.06,0.804,0.61,-0.818,-0.738,0.113,0.9,-0.651,-0.271,-0.216,-0.619,-0.487,0.071,-0.353,-0.616,-0.579,-0.678,-0.328,-0.403,-0.67,-0.604,0.428,-0.686,0.357,-0.728,-0.539,-0.548,0.486,0.703,0.585,0.422,-0.627,-0.404,0.632,-0.445,-0.252,0.425,0.581,-0.745,0.12,-0.672,-0.71,-0.197,-0.78,0.638,0.164,-0.47,0.552,0.386,-0.055,-0.465,0.665,-0.746,-0.697,0.421,0.712,-0.043,0.723,0.74,-0.59,-0.462,0.542,-0.323,0.547,-0.305,-0.534,0.193,0.496,0.805,-0.198,0.777,-0.521,-0.394,0.27,0.579,-0.741,-0.158,-0.105,-0.729,-0.568,-0.437,0.451,-0.594,-0.046,-0.559,0.206,-0.427,0.301,-0.69,-0.395,-0.639,-0.408,-0.773,-0.362,-0.351,0.768,0.806,-0.557,0.459,-0.629,0.822,-0.502,-0.524,-0.72,-0.342,0.778,-0.718,-0.662,-0.854,-0.176,-0.012,-0.632,0.859,-0.705,0.608,0.013,-0.014,-0.587,-0.054,-0.235,-0.473,-0.55,0.161,-0.511,-0.432,0.268,-0.411,-0.66,0.083,0.608,0.368,0.741,0.468,0.263,0.583,-0.278,0.642,-0.194,0.349,-0.702,0.587,0.234,0.409,0.87,-0.339
000963SZ,-0.375,-0.76,-0.88,-0.475,-0.078,-0.891,-0.711,-0.131,-0.416,-0.684,0.682,-0.769,-0.493,-0.822,-0.446,0.547,-0.609,-0.779,-0.788,-0.814,-0.659,0.117,0.769,0.467,1.0,-0.837,-0.683,0.35,0.545,-0.114,0.346,0.134,0.18,0.771,0.672,-0.434,0.617,-0.812,0.375,0.276,0.535,-0.721,-0.183,0.717,-0.077,0.246,-0.641,0.672,-0.794,0.872,0.457,-0.745,-0.48,0.479,0.456,0.602,0.816,0.781,-0.559,0.265,-0.693,-0.747,-0.595,0.544,0.144,0.021,0.379,-0.672,0.455,0.668,-0.168,0.799,0.557,0.689,0.682,-0.562,-0.476,0.172,0.604,-0.617,0.154,-0.46,-0.794,-0.836,0.146,-0.583,-0.607,-0.814,-0.82,0.083,-0.473,-0.854,-0.811,0.488,-0.834,0.115,-0.708,-0.577,-0.835,0.315,0.377,-0.132,0.034,-0.377,-0.688,0.595,-0.76,-0.609,-0.233,0.209,-0.376,-0.585,-0.7,-0.837,-0.692,-0.64,0.192,0.669,-0.832,-0.129,-0.097,-0.614,-0.521,0.707,-0.708,-0.598,0.825,0.33,-0.11,0.21,0.734,-0.636,-0.765,0.509,-0.42,0.816,-0.604,-0.557,-0.443,0.079,0.767,-0.266,0.513,-0.717,-0.79,0.215,-0.043,-0.39,-0.556,-0.149,-0.771,-0.837,-0.731,-0.027,-0.495,-0.397,-0.778,0.46,-0.757,0.489,-0.778,-0.518,-0.87,-0.586,-0.67,-0.768,-0.663,0.404,0.649,-0.376,0.365,-0.668,0.753,-0.649,-0.722,-0.701,-0.828,0.465,-0.762,-0.528,-0.522,-0.439,-0.055,-0.845,0.577,-0.664,0.561,-0.138,0.145,-0.739,-0.575,-0.682,0.023,-0.682,0.314,-0.477,-0.727,0.112,-0.698,-0.75,-0.582,0.372,0.687,0.739,-0.015,-0.241,-0.062,-0.663,0.758,-0.67,0.794,-0.827,0.296,0.409,0.612,0.654,-0.694
000999SZ,0.307,0.892,0.929,0.557,0.288,0.897,0.904,0.243,0.63,0.903,-0.78,0.91,0.719,0.94,0.74,-0.617,0.4,0.945,0.877,0.935,0.801,-0.127,-0.754,-0.604,-0.837,1.0,0.871,-0.528,-0.254,0.405,-0.673,-0.14,-0.325,-0.882,-0.706,0.678,-0.692,0.838,-0.207,-0.143,-0.792,0.915,0.553,-0.843,-0.179,-0.024,0.541,-0.776,0.925,-0.759,-0.728,0.78,0.243,-0.772,-0.423,-0.479,-0.93,-0.809,0.529,-0.486,0.834,0.766,0.416,-0.676,-0.454,0.214,-0.574,0.737,-0.442,-0.752,0.215,-0.669,-0.386,-0.852,-0.659,0.805,0.711,-0.054,-0.792,0.792,0.093,0.269,0.821,0.759,-0.319,0.679,0.794,0.811,0.928,-0.099,0.291,0.92,0.871,-0.3,0.947,-0.258,0.767,0.855,0.954,-0.137,-0.7,0.073,-0.4,0.656,0.897,-0.672,0.854,0.704,0.07,-0.419,0.628,0.46,0.922,0.945,0.774,0.819,-0.547,-0.498,0.857,0.089,-0.076,0.704,0.657,-0.87,0.919,0.878,-0.89,-0.487,-0.118,-0.463,-0.877,0.609,0.859,-0.779,0.329,-0.876,0.659,0.458,0.339,-0.195,-0.845,0.423,-0.727,0.733,0.83,-0.018,-0.275,0.706,0.577,0.258,0.892,0.895,0.819,-0.109,0.716,0.302,0.822,-0.272,0.753,-0.568,0.905,0.72,0.952,0.62,0.876,0.685,0.592,-0.612,-0.752,0.55,-0.679,0.806,-0.865,0.866,0.809,0.855,0.782,-0.637,0.814,0.683,0.763,0.444,0.026,0.874,-0.79,0.716,-0.811,-0.107,0.06,0.753,0.618,0.614,0.141,0.8,-0.533,0.675,0.756,-0.095,0.749,0.883,0.344,-0.482,-0.688,-0.859,-0.328,0.297,-0.104,0.813,-0.914,0.73,-0.687,0.961,-0.371,-0.636,-0.504,-0.812,0.833
001965SZ,0.246,0.905,0.887,0.423,0.276,0.782,0.867,0.09,0.752,0.94,-0.87,0.809,0.731,0.815,0.797,-0.549,0.314,0.885,0.669,0.915,0.786,-0.071,-0.673,-0.803,-0.683,0.871,1.0,-0.318,-0.36,0.192,-0.673,-0.341,-0.569,-0.881,-0.616,0.688,-0.581,0.662,-0.078,0.014,-0.819,0.934,0.55,-0.93,-0.385,0.086,0.288,-0.66,0.894,-0.643,-0.878,0.694,0.142,-0.65,-0.546,-0.412,-0.918,-0.702,0.637,-0.718,0.79,0.69,0.319,-0.532,-0.663,0.357,-0.809,0.712,-0.44,-0.846,0.378,-0.6,-0.229,-0.921,-0.669,0.849,0.755,-0.104,-0.903,0.83,0.149,0.289,0.813,0.725,-0.129,0.672,0.869,0.815,0.915,0.202,0.441,0.901,0.864,-0.377,0.894,-0.27,0.805,0.782,0.851,-0.379,-0.713,-0.294,-0.441,0.671,0.704,-0.674,0.692,0.587,-0.185,-0.413,0.787,0.292,0.89,0.905,0.513,0.953,-0.634,-0.329,0.801,-0.26,-0.266,0.432,0.588,-0.847,0.947,0.848,-0.727,-0.71,0.014,-0.671,-0.839,0.742,0.686,-0.745,0.422,-0.763,0.581,0.624,0.197,-0.354,-0.869,0.317,-0.842,0.733,0.698,-0.092,-0.409,0.805,0.487,0.334,0.941,0.826,0.729,-0.414,0.819,0.252,0.805,-0.178,0.656,-0.511,0.932,0.669,0.889,0.588,0.942,0.643,0.53,-0.776,-0.733,0.719,-0.604,0.869,-0.92,0.747,0.733,0.894,0.652,-0.817,0.881,0.767,0.926,0.48,0.038,0.854,-0.861,0.837,-0.751,0.013,0.083,0.738,0.354,0.556,0.407,0.81,-0.384,0.75,0.721,-0.282,0.663,0.852,0.175,-0.659,-0.544,-0.885,-0.493,0.083,-0.374,0.656,-0.84,0.511,-0.546,0.912,-0.471,-0.464,-0.402,-0.895,0.599
