,000001SZ,000002SZ,000157SZ,000166SZ,000333SZ,000338SZ,000538SZ,000568SZ,000596SZ,000617SZ,000625SZ,000651SZ,000661SZ,000708SZ,000725SZ,000768SZ,000776SZ,000786SZ,000800SZ,000807SZ,000858SZ,000876SZ,000895SZ,000938SZ,000963SZ,000999SZ,001965SZ,002001SZ,002007SZ,002027SZ,002028SZ,002050SZ,002129SZ,002179SZ,002230SZ,002236SZ,002241SZ,002271SZ,002304SZ,002311SZ,002371SZ,002415SZ,002422SZ,002459SZ,002460SZ,002463SZ,002466SZ,002475SZ,002493SZ,002555SZ,002594SZ,002601SZ,002648SZ,002709SZ,002714SZ,002916SZ,002920SZ,002938SZ,003816SZ,300014SZ,300033SZ,300059SZ,300122SZ,300124SZ,300274SZ,300308SZ,300316SZ,300347SZ,300394SZ,300408SZ,300413SZ,300418SZ,300433SZ,300450SZ,300498SZ,300502SZ,300628SZ,300661SZ,300750SZ,300759SZ,300760SZ,300782SZ,600000SS,600010SS,600011SS,600015SS,600016SS,600018SS,600019SS,600023SS,600025SS,600026SS,600028SS,600029SS,600031SS,600036SS,600048SS,600050SS,600061SS,600085SS,600089SS,600104SS,600111SS,600115SS,600161SS,600183SS,600188SS,600196SS,600219SS,600233SS,600276SS,600309SS,600332SS,600346SS,600362SS,600377SS,600406SS,600415SS,600426SS,600436SS,600438SS,600489SS,600519SS,600570SS,600585SS,600588SS,600600SS,600660SS,600674SS,600741SS,600760SS,600795SS,600809SS,600875SS,600886SS,600887SS,600926SS,600989SS,601006SS,601009SS,601012SS,601021SS,601058SS,601066SS,601088SS,601100SS,601117SS,601138SS,601166SS,601169SS,601186SS,601225SS,601229SS,601238SS,601288SS,601318SS,601319SS,601328SS,601336SS,601360SS,601390SS,601398SS,601600SS,601601SS,601607SS,601618SS,601628SS,601633SS,601658SS,601668SS,601669SS,601688SS,601689SS,601698SS,601699SS,601766SS,601788SS,601799SS,601800SS,601808SS,601816SS,601818SS,601838SS,601857SS,601865SS,601872SS,601877SS,601878SS,601881SS,601888SS,601899SS,601901SS,601919SS,601939SS,601985SS,601988SS,601998SS,603019SS,603195SS,603259SS,603260SS,603288SS,603369SS,603501SS,603659SS,603799SS,603806SS,603833SS,603986SS,603993SS,688008SS,688009SS,688012SS,688036SS,688111SS,688169SS,688396SS
000001SZ,1.0,0.748,0.628,0.731,0.622,0.461,0.439,0.365,0.359,0.689,0.488,0.775,-0.028,0.155,0.211,-0.305,0.653,0.349,0.709,0.622,0.512,0.282,0.697,0.289,0.276,0.334,0.484,0.007,-0.178,0.106,-0.678,0.293,-0.287,-0.237,-0.027,0.251,0.154,0.471,0.471,0.553,0.026,0.504,0.234,0.273,-0.135,0.519,-0.22,0.28,0.221,0.284,0.154,0.317,0.012,-0.122,-0.101,-0.038,-0.298,0.073,0.362,-0.285,0.214,0.168,-0.357,0.091,-0.332,-0.354,0.233,0.346,0.053,0.52,-0.128,-0.347,0.015,-0.304,0.409,-0.751,0.54,-0.445,-0.522,0.055,0.12,-0.021,0.879,-0.202,0.248,0.454,0.765,0.624,0.323,0.027,0.308,0.501,0.692,0.524,0.549,0.853,0.754,0.287,0.772,0.149,-0.029,0.561,-0.082,0.673,-0.351,-0.191,-0.15,-0.31,0.585,0.59,0.036,0.386,0.31,-0.088,0.465,0.538,-0.37,0.601,0.109,0.385,0.348,0.107,0.206,0.308,0.536,0.283,0.674,0.109,0.49,0.762,0.191,0.379,0.504,0.23,0.131,0.458,0.629,-0.009,0.489,0.859,-0.004,0.197,0.426,0.512,0.467,0.438,0.307,0.146,0.521,0.771,0.512,0.407,0.424,0.614,0.704,0.532,0.67,0.565,0.639,0.604,0.466,0.829,0.623,0.69,-0.008,0.594,0.581,0.034,0.633,0.418,0.273,0.507,-0.398,-0.231,0.234,0.611,0.541,0.266,0.407,0.067,0.617,0.659,0.634,0.764,0.384,0.373,-0.29,0.006,0.663,0.452,0.381,0.644,0.426,0.87,-0.012,0.448,0.777,0.145,0.326,0.156,-0.3,0.284,-0.006,0.554,0.08,0.024,0.224,0.582,0.625,0.364,-0.462,0.657,-0.119,-0.046,-0.139,-0.045,0.007
000002SZ,0.748,1.0,0.838,0.834,0.75,0.794,0.783,0.76,0.7,0.808,0.15,0.865,0.327,-0.328,0.597,-0.628,0.788,0.807,0.588,0.852,0.802,0.039,0.847,-0.28,0.626,0.627,0.463,-0.541,-0.186,0.534,-0.343,0.292,-0.556,-0.52,-0.197,0.485,0.506,0.874,0.574,0.803,-0.409,0.792,-0.224,0.465,-0.622,0.401,-0.508,0.673,0.676,0.573,-0.37,0.565,-0.114,-0.646,-0.481,0.156,-0.064,0.279,0.64,-0.692,0.714,0.655,-0.124,0.527,-0.74,0.167,0.359,-0.067,-0.041,0.851,0.438,0.013,0.508,-0.051,0.791,-0.411,0.785,-0.714,-0.733,-0.428,0.227,-0.241,0.726,0.246,0.691,-0.021,0.44,0.847,0.725,0.538,0.748,0.468,0.861,0.335,0.859,0.866,0.768,0.614,0.901,0.463,0.199,0.791,-0.54,0.502,-0.774,-0.349,0.183,-0.746,0.805,0.775,-0.074,0.747,0.62,0.333,0.37,0.848,0.088,0.678,0.565,0.76,0.405,-0.148,0.618,0.689,0.891,0.616,0.68,-0.074,0.738,0.79,-0.19,0.788,0.551,0.512,0.587,0.772,0.362,0.425,0.852,0.553,-0.201,-0.306,0.625,0.856,0.802,0.77,0.681,0.608,0.849,0.904,0.789,0.735,0.14,0.398,0.788,0.864,0.803,0.08,0.916,0.673,0.824,0.793,0.876,0.76,0.499,0.829,0.841,-0.479,0.859,0.828,0.719,0.859,-0.851,-0.651,0.644,0.747,0.897,-0.15,0.814,0.426,0.856,0.232,0.867,0.789,0.67,-0.13,0.01,0.528,0.883,0.717,0.104,0.831,0.631,0.939,0.451,0.271,0.671,0.168,0.57,-0.351,-0.555,-0.145,0.244,0.824,-0.411,-0.473,0.412,0.81,0.747,-0.147,-0.466,0.801,-0.561,-0.383,-0.51,-0.041,-0.394
000157SZ,0.628,0.838,1.0,0.747,0.546,0.907,0.637,0.825,0.552,0.583,0.034,0.749,0.09,-0.478,0.358,-0.386,0.91,0.742,0.596,0.735,0.793,-0.228,0.799,-0.319,0.436,0.815,0.723,-0.501,-0.413,0.425,-0.192,0.429,-0.813,-0.372,-0.446,0.37,0.469,0.776,0.491,0.82,-0.465,0.683,0.052,0.261,-0.632,0.249,-0.488,0.518,0.77,0.345,-0.296,0.714,-0.131,-0.572,-0.663,-0.121,0.158,0.051,0.817,-0.623,0.727,0.588,-0.42,0.29,-0.589,0.152,0.29,-0.232,0.183,0.798,0.301,-0.214,0.348,0.015,0.859,-0.453,0.695,-0.781,-0.551,-0.532,-0.046,-0.021,0.482,0.221,0.765,-0.019,0.417,0.93,0.815,0.591,0.747,0.636,0.925,0.031,0.832,0.671,0.691,0.36,0.765,0.639,0.089,0.666,-0.515,0.272,-0.777,-0.613,0.222,-0.653,0.668,0.82,-0.478,0.631,0.592,0.193,0.017,0.839,0.092,0.609,0.515,0.814,0.231,-0.363,0.611,0.709,0.917,0.661,0.528,-0.404,0.875,0.88,0.025,0.784,0.551,0.678,0.695,0.597,0.044,0.609,0.853,0.455,-0.482,-0.357,0.512,0.756,0.871,0.585,0.823,0.41,0.827,0.738,0.92,0.814,-0.137,0.378,0.636,0.726,0.592,-0.02,0.768,0.82,0.908,0.561,0.838,0.479,0.519,0.868,0.748,-0.611,0.891,0.844,0.79,0.903,-0.778,-0.646,0.621,0.918,0.719,-0.277,0.868,0.167,0.657,0.375,0.583,0.753,0.499,-0.167,-0.039,0.531,0.712,0.453,-0.233,0.746,0.815,0.824,0.629,-0.061,0.733,-0.089,0.283,-0.177,-0.795,-0.368,-0.055,0.91,-0.333,-0.337,0.355,0.645,0.9,-0.006,-0.635,0.628,-0.688,-0.654,-0.674,-0.428,-0.486
000166SZ,0.731,0.834,0.747,1.0,0.803,0.657,0.7,0.665,0.683,0.755,0.469,0.85,0.395,-0.202,0.688,-0.468,0.704,0.697,0.629,0.704,0.77,0.073,0.826,-0.084,0.673,0.47,0.32,-0.465,-0.077,0.619,-0.354,0.487,-0.446,-0.46,-0.002,0.62,0.613,0.709,0.708,0.657,-0.241,0.815,-0.032,0.536,-0.303,0.471,-0.204,0.656,0.657,0.603,-0.09,0.722,0.239,-0.424,-0.364,0.312,-0.049,0.466,0.579,-0.577,0.614,0.65,-0.167,0.541,-0.436,0.221,0.594,0.121,0.045,0.842,0.356,0.077,0.497,0.132,0.646,-0.337,0.73,-0.652,-0.48,-0.297,0.374,-0.156,0.721,0.141,0.624,-0.056,0.558,0.724,0.531,0.417,0.705,0.651,0.791,0.327,0.736,0.878,0.599,0.59,0.904,0.255,0.152,0.875,-0.447,0.472,-0.593,-0.171,0.004,-0.54,0.718,0.813,-0.065,0.771,0.395,0.428,0.313,0.796,-0.078,0.761,0.557,0.646,0.642,-0.257,0.618,0.699,0.79,0.683,0.629,0.089,0.705,0.672,-0.018,0.708,0.634,0.311,0.504,0.778,0.405,0.465,0.705,0.591,-0.004,-0.262,0.625,0.877,0.637,0.736,0.539,0.593,0.745,0.845,0.602,0.545,0.2,0.695,0.709,0.847,0.899,0.081,0.884,0.744,0.665,0.677,0.762,0.818,0.33,0.622,0.88,-0.301,0.695,0.677,0.581,0.778,-0.67,-0.479,0.477,0.756,0.844,-0.006,0.652,0.304,0.815,0.269,0.698,0.751,0.703,-0.075,0.245,0.507,0.798,0.79,0.136,0.912,0.618,0.845,0.355,0.255,0.683,0.349,0.581,-0.166,-0.356,0.02,0.292,0.751,-0.214,-0.231,0.655,0.803,0.732,0.017,-0.443,0.615,-0.414,-0.342,-0.275,-0.03,-0.181
000333SZ,0.622,0.75,0.546,0.803,1.0,0.415,0.826,0.596,0.667,0.619,0.412,0.904,0.609,-0.199,0.78,-0.718,0.44,0.752,0.412,0.697,0.786,0.118,0.82,-0.158,0.774,0.341,0.022,-0.401,0.303,0.742,-0.225,0.197,-0.212,-0.779,0.13,0.706,0.695,0.752,0.834,0.604,-0.337,0.867,-0.279,0.602,-0.299,0.618,-0.133,0.828,0.617,0.786,-0.253,0.548,0.178,-0.556,-0.278,0.505,-0.283,0.61,0.262,-0.613,0.568,0.707,0.27,0.671,-0.536,0.283,0.62,0.252,-0.313,0.759,0.489,0.301,0.655,0.072,0.498,-0.18,0.797,-0.604,-0.647,-0.152,0.661,-0.22,0.666,0.215,0.557,-0.182,0.264,0.493,0.352,0.391,0.669,0.328,0.541,0.385,0.785,0.746,0.296,0.631,0.687,0.228,0.273,0.885,-0.393,0.399,-0.467,0.06,-0.244,-0.424,0.746,0.657,0.295,0.865,0.497,0.526,0.409,0.702,0.14,0.55,0.691,0.573,0.702,-0.151,0.706,0.708,0.685,0.68,0.766,0.191,0.45,0.531,-0.366,0.663,0.682,0.103,0.376,0.889,0.511,0.357,0.679,0.387,0.255,-0.295,0.788,0.825,0.396,0.89,0.361,0.682,0.748,0.789,0.374,0.303,0.184,0.625,0.579,0.884,0.84,-0.067,0.839,0.493,0.527,0.672,0.758,0.918,0.365,0.381,0.836,-0.316,0.463,0.578,0.446,0.627,-0.657,-0.613,0.316,0.484,0.729,0.044,0.563,0.447,0.81,-0.041,0.728,0.539,0.814,-0.216,0.192,0.373,0.706,0.9,0.31,0.65,0.429,0.765,0.159,0.286,0.475,0.467,0.815,-0.246,-0.187,0.143,0.572,0.571,-0.284,-0.473,0.642,0.939,0.431,-0.3,-0.375,0.504,-0.355,-0.201,-0.091,0.333,-0.19
000338SZ,0.461,0.794,0.907,0.657,0.415,1.0,0.629,0.803,0.552,0.585,-0.177,0.607,0.056,-0.593,0.384,-0.417,0.843,0.769,0.418,0.705,0.73,-0.302,0.681,-0.529,0.425,0.863,0.72,-0.669,-0.533,0.46,-0.073,0.25,-0.86,-0.269,-0.518,0.298,0.458,0.787,0.354,0.776,-0.578,0.654,-0.145,0.278,-0.781,0.028,-0.642,0.545,0.784,0.326,-0.49,0.685,-0.269,-0.677,-0.773,-0.133,0.292,0.07,0.902,-0.741,0.835,0.666,-0.347,0.387,-0.639,0.274,0.264,-0.486,0.112,0.786,0.464,-0.072,0.434,0.027,0.904,-0.352,0.672,-0.815,-0.549,-0.759,-0.105,-0.203,0.339,0.413,0.84,-0.197,0.257,0.907,0.93,0.734,0.778,0.591,0.902,-0.086,0.753,0.548,0.682,0.453,0.723,0.712,0.14,0.585,-0.669,0.168,-0.891,-0.69,0.431,-0.778,0.649,0.815,-0.574,0.615,0.65,0.268,-0.047,0.821,0.116,0.492,0.572,0.783,0.157,-0.434,0.604,0.749,0.917,0.681,0.309,-0.458,0.886,0.769,-0.08,0.827,0.34,0.739,0.786,0.555,-0.139,0.722,0.884,0.263,-0.603,-0.507,0.472,0.747,0.918,0.542,0.878,0.516,0.839,0.65,0.94,0.88,-0.273,0.18,0.664,0.708,0.496,-0.188,0.73,0.686,0.937,0.429,0.819,0.368,0.628,0.868,0.732,-0.725,0.882,0.912,0.904,0.908,-0.84,-0.678,0.787,0.861,0.744,-0.5,0.922,0.324,0.646,0.208,0.581,0.692,0.455,-0.346,0.064,0.664,0.722,0.41,-0.377,0.72,0.837,0.721,0.799,-0.171,0.632,-0.176,0.243,-0.401,-0.827,-0.533,-0.073,0.843,-0.46,-0.464,0.32,0.555,0.853,-0.125,-0.439,0.567,-0.821,-0.744,-0.809,-0.476,-0.676
000538SZ,0.439,0.783,0.637,0.7,0.826,0.629,1.0,0.737,0.675,0.626,0.034,0.767,0.53,-0.481,0.774,-0.785,0.505,0.869,0.25,0.722,0.836,-0.084,0.794,-0.506,0.767,0.651,0.204,-0.632,0.147,0.802,-0.063,0.093,-0.49,-0.75,-0.169,0.583,0.652,0.868,0.694,0.725,-0.599,0.895,-0.381,0.473,-0.605,0.304,-0.369,0.862,0.742,0.696,-0.563,0.621,-0.073,-0.783,-0.546,0.318,-0.09,0.549,0.496,-0.809,0.786,0.809,0.262,0.734,-0.747,0.392,0.527,-0.094,-0.36,0.837,0.605,0.258,0.709,0.005,0.698,-0.133,0.8,-0.742,-0.754,-0.448,0.569,-0.226,0.49,0.456,0.758,-0.329,0.1,0.646,0.584,0.611,0.806,0.332,0.598,0.129,0.788,0.634,0.353,0.669,0.656,0.537,0.194,0.822,-0.593,0.202,-0.682,-0.234,-0.057,-0.591,0.744,0.756,0.072,0.854,0.777,0.48,0.196,0.81,0.267,0.481,0.779,0.721,0.445,-0.34,0.802,0.819,0.812,0.793,0.603,-0.129,0.594,0.543,-0.498,0.826,0.564,0.285,0.628,0.889,0.183,0.564,0.816,0.167,-0.12,-0.551,0.735,0.862,0.589,0.852,0.6,0.778,0.857,0.703,0.594,0.45,-0.118,0.374,0.56,0.891,0.71,-0.313,0.828,0.484,0.738,0.532,0.829,0.739,0.641,0.566,0.867,-0.632,0.557,0.771,0.702,0.751,-0.819,-0.797,0.486,0.54,0.808,-0.22,0.788,0.497,0.831,-0.159,0.685,0.485,0.719,-0.446,0.169,0.556,0.734,0.79,-0.03,0.646,0.6,0.692,0.446,0.091,0.476,0.207,0.783,-0.443,-0.468,-0.176,0.423,0.654,-0.495,-0.673,0.486,0.884,0.518,-0.453,-0.363,0.552,-0.643,-0.462,-0.376,0.1,-0.462
000568SZ,0.365,0.76,0.825,0.665,0.596,0.803,0.737,1.0,0.722,0.388,-0.103,0.662,0.388,-0.657,0.535,-0.449,0.802,0.854,0.277,0.746,0.937,-0.4,0.694,-0.568,0.585,0.745,0.49,-0.709,-0.135,0.663,0.139,0.238,-0.767,-0.537,-0.447,0.555,0.656,0.865,0.67,0.915,-0.6,0.803,-0.153,0.316,-0.678,0.216,-0.348,0.694,0.873,0.47,-0.488,0.78,-0.145,-0.725,-0.74,0.097,0.229,0.249,0.738,-0.696,0.868,0.785,-0.107,0.482,-0.652,0.43,0.443,-0.289,0.025,0.867,0.538,-0.003,0.586,0.208,0.84,-0.1,0.725,-0.767,-0.576,-0.585,0.211,0.058,0.284,0.488,0.901,-0.232,0.094,0.853,0.779,0.762,0.879,0.477,0.718,-0.19,0.814,0.499,0.445,0.353,0.601,0.657,0.257,0.677,-0.585,-0.021,-0.768,-0.577,0.182,-0.603,0.677,0.784,-0.391,0.75,0.651,0.357,-0.075,0.808,0.44,0.533,0.699,0.915,0.235,-0.539,0.891,0.851,0.874,0.796,0.611,-0.475,0.843,0.681,-0.152,0.894,0.694,0.703,0.85,0.777,-0.138,0.737,0.824,0.157,-0.444,-0.649,0.655,0.848,0.865,0.699,0.825,0.537,0.861,0.6,0.768,0.754,-0.377,0.3,0.452,0.784,0.537,-0.397,0.755,0.745,0.846,0.336,0.84,0.444,0.715,0.753,0.756,-0.8,0.726,0.847,0.838,0.899,-0.832,-0.796,0.625,0.694,0.735,-0.312,0.873,0.243,0.6,0.028,0.545,0.507,0.67,-0.487,0.17,0.679,0.616,0.58,-0.369,0.646,0.804,0.654,0.7,-0.173,0.587,-0.017,0.46,-0.286,-0.748,-0.541,0.179,0.905,-0.393,-0.524,0.465,0.719,0.755,-0.328,-0.613,0.496,-0.772,-0.744,-0.67,-0.289,-0.53
000596SZ,0.359,0.7,0.552,0.683,0.667,0.552,0.675,0.722,1.0,0.57,0.215,0.688,0.637,-0.31,0.69,-0.543,0.561,0.7,0.416,0.607,0.707,0.098,0.714,-0.294,0.795,0.352,0.133,-0.523,0.067,0.61,-0.079,0.24,-0.322,-0.518,0.164,0.819,0.712,0.675,0.67,0.595,-0.267,0.767,-0.339,0.604,-0.484,0.507,-0.356,0.755,0.648,0.786,-0.337,0.555,-0.12,-0.546,-0.287,0.577,-0.015,0.531,0.416,-0.639,0.693,0.735,0.155,0.616,-0.503,0.598,0.49,-0.009,0.059,0.767,0.641,0.396,0.764,0.37,0.668,0.089,0.723,-0.45,-0.496,-0.405,0.403,-0.364,0.416,0.252,0.622,-0.393,0.141,0.568,0.488,0.585,0.691,0.393,0.573,0.295,0.679,0.613,0.364,0.634,0.664,0.184,0.342,0.742,-0.607,0.336,-0.586,-0.004,0.19,-0.576,0.522,0.649,0.031,0.736,0.356,0.539,0.321,0.655,0.258,0.628,0.597,0.702,0.588,-0.117,0.671,0.701,0.647,0.694,0.553,0.114,0.55,0.472,-0.212,0.672,0.547,0.312,0.474,0.775,0.297,0.435,0.672,0.277,0.062,-0.329,0.594,0.815,0.561,0.773,0.405,0.733,0.661,0.665,0.43,0.529,0.1,0.424,0.558,0.796,0.737,-0.198,0.802,0.482,0.55,0.493,0.634,0.653,0.453,0.458,0.739,-0.402,0.511,0.588,0.592,0.695,-0.716,-0.488,0.564,0.52,0.742,-0.168,0.606,0.541,0.687,-0.127,0.689,0.571,0.684,-0.266,0.468,0.515,0.749,0.795,0.089,0.717,0.373,0.591,0.413,0.103,0.294,0.512,0.577,-0.441,-0.283,-0.091,0.6,0.685,-0.434,-0.445,0.606,0.744,0.574,-0.342,-0.196,0.581,-0.396,-0.255,-0.306,0.2,-0.248
000617SZ,0.689,0.808,0.583,0.755,0.619,0.585,0.626,0.388,0.57,1.0,0.201,0.722,0.275,-0.037,0.544,-0.583,0.496,0.56,0.57,0.663,0.477,0.314,0.734,-0.051,0.523,0.389,0.29,-0.348,-0.218,0.352,-0.593,0.245,-0.316,-0.315,0.063,0.313,0.292,0.584,0.353,0.412,-0.164,0.601,-0.234,0.38,-0.442,0.393,-0.515,0.501,0.354,0.539,-0.217,0.332,0.003,-0.429,-0.17,0.206,-0.213,0.345,0.459,-0.565,0.472,0.427,-0.125,0.517,-0.621,0.148,0.163,0.025,0.045,0.63,0.317,0.148,0.381,-0.217,0.542,-0.363,0.603,-0.459,-0.614,-0.303,0.179,-0.434,0.767,0.034,0.384,-0.043,0.541,0.587,0.485,0.257,0.471,0.485,0.737,0.584,0.596,0.862,0.753,0.785,0.889,0.209,-0.009,0.658,-0.453,0.748,-0.602,-0.052,0.201,-0.692,0.639,0.601,0.116,0.545,0.438,0.31,0.549,0.707,-0.283,0.672,0.373,0.445,0.407,0.105,0.28,0.434,0.654,0.387,0.464,0.238,0.487,0.528,-0.2,0.506,0.288,0.128,0.277,0.58,0.53,0.219,0.642,0.591,-0.009,-0.005,0.361,0.65,0.53,0.573,0.391,0.612,0.585,0.831,0.574,0.506,0.453,0.321,0.825,0.689,0.805,0.313,0.814,0.429,0.605,0.827,0.618,0.76,0.212,0.624,0.731,-0.151,0.671,0.588,0.475,0.609,-0.625,-0.321,0.533,0.646,0.785,-0.039,0.555,0.533,0.853,0.262,0.791,0.806,0.403,0.138,0.012,0.38,0.869,0.627,0.335,0.796,0.327,0.81,0.241,0.455,0.457,0.335,0.495,-0.386,-0.264,0.167,0.318,0.497,-0.46,-0.296,0.238,0.619,0.535,0.056,-0.115,0.819,-0.294,-0.033,-0.26,0.142,-0.177
000625SZ,0.488,0.15,0.034,0.469,0.412,-0.177,0.034,-0.103,0.215,0.201,1.0,0.383,0.234,0.504,0.258,0.072,0.072,-0.078,0.614,-0.005,0.055,0.568,0.322,0.626,0.331,-0.35,-0.228,0.327,0.292,0.093,-0.444,0.527,0.396,-0.08,0.64,0.466,0.245,-0.072,0.402,-0.051,0.499,0.186,0.298,0.474,0.568,0.579,0.429,0.098,-0.048,0.339,0.619,0.177,0.504,0.391,0.467,0.481,-0.252,0.329,-0.209,0.19,-0.263,-0.031,-0.041,0.051,0.377,-0.185,0.48,0.734,0.101,0.126,-0.185,0.052,0.016,0.284,-0.089,-0.243,0.111,0.13,0.201,0.489,0.385,-0.014,0.484,-0.449,-0.204,0.236,0.543,-0.033,-0.315,-0.304,-0.046,0.178,0.11,0.597,0.076,0.49,0.026,0.085,0.337,-0.566,0.107,0.43,0.234,0.482,0.263,0.522,-0.383,0.208,0.056,0.124,0.365,0.176,-0.412,0.147,0.435,0.047,-0.343,0.434,-0.076,-0.073,0.679,0.24,-0.069,-0.031,-0.03,0.038,0.288,0.654,-0.034,0.154,0.378,-0.112,0.331,-0.262,-0.317,0.2,0.714,-0.254,-0.088,0.613,0.655,0.423,0.218,0.177,-0.19,0.249,-0.302,0.032,-0.054,0.356,-0.219,-0.195,0.576,0.828,0.197,0.194,0.526,0.474,0.214,0.261,-0.217,0.383,-0.007,0.51,-0.402,-0.135,0.19,0.542,-0.066,-0.208,-0.25,-0.064,0.139,0.281,-0.222,0.097,0.116,0.525,-0.222,-0.071,0.174,0.283,0.2,0.284,0.302,0.43,0.275,-0.221,0.154,0.423,0.622,0.38,-0.154,0.274,-0.396,0.431,0.228,0.64,0.23,0.342,0.452,0.633,0.282,0.111,0.429,0.419,0.557,0.297,0.155,0.349,-0.082,0.096,0.465,0.365,0.502,0.316,0.535
000651SZ,0.775,0.865,0.749,0.85,0.904,0.607,0.767,0.662,0.688,0.722,0.383,1.0,0.427,-0.214,0.642,-0.648,0.663,0.749,0.605,0.808,0.793,0.108,0.923,-0.101,0.7,0.493,0.299,-0.374,0.025,0.581,-0.352,0.297,-0.388,-0.664,0.017,0.635,0.627,0.776,0.735,0.696,-0.31,0.834,-0.132,0.544,-0.407,0.642,-0.311,0.739,0.635,0.714,-0.216,0.586,0.028,-0.539,-0.335,0.312,-0.276,0.411,0.445,-0.625,0.59,0.638,-0.016,0.527,-0.588,0.196,0.474,0.187,-0.066,0.801,0.4,0.106,0.55,0.025,0.637,-0.364,0.848,-0.646,-0.697,-0.22,0.388,-0.211,0.744,0.093,0.592,-0.045,0.454,0.679,0.515,0.427,0.687,0.475,0.758,0.455,0.875,0.842,0.526,0.604,0.817,0.328,0.239,0.874,-0.445,0.547,-0.6,-0.11,-0.078,-0.55,0.779,0.737,0.1,0.797,0.509,0.38,0.442,0.783,0.05,0.683,0.59,0.646,0.621,-0.082,0.62,0.686,0.773,0.647,0.778,0.083,0.626,0.758,-0.195,0.701,0.665,0.281,0.42,0.804,0.528,0.362,0.781,0.582,0.082,-0.191,0.724,0.824,0.571,0.83,0.461,0.602,0.793,0.904,0.567,0.517,0.238,0.611,0.741,0.881,0.863,0.11,0.905,0.655,0.662,0.817,0.84,0.87,0.337,0.585,0.839,-0.34,0.689,0.666,0.537,0.762,-0.738,-0.601,0.446,0.693,0.768,0.0,0.655,0.408,0.842,0.221,0.794,0.761,0.741,-0.063,0.071,0.357,0.813,0.811,0.277,0.755,0.519,0.912,0.273,0.327,0.617,0.382,0.675,-0.205,-0.381,0.093,0.404,0.728,-0.318,-0.404,0.554,0.907,0.664,-0.116,-0.489,0.685,-0.401,-0.269,-0.258,0.143,-0.239
000661SZ,-0.028,0.327,0.09,0.395,0.609,0.056,0.53,0.388,0.637,0.275,0.234,0.427,1.0,-0.088,0.802,-0.481,0.027,0.501,0.033,0.301,0.474,0.113,0.416,-0.254,0.752,-0.059,-0.447,-0.36,0.614,0.729,0.16,0.081,0.122,-0.674,0.351,0.702,0.7,0.417,0.623,0.207,-0.197,0.573,-0.439,0.512,-0.124,0.454,0.099,0.679,0.431,0.716,-0.287,0.366,0.259,-0.387,0.005,0.799,-0.187,0.757,-0.017,-0.286,0.392,0.589,0.595,0.766,-0.314,0.619,0.418,0.247,-0.162,0.44,0.635,0.604,0.699,0.402,0.174,0.473,0.346,-0.12,-0.258,-0.028,0.712,-0.202,0.185,0.376,0.331,-0.415,-0.165,0.081,0.111,0.338,0.479,-0.039,0.1,0.194,0.422,0.314,-0.117,0.493,0.285,-0.039,0.307,0.624,-0.263,0.068,-0.159,0.381,-0.081,-0.186,0.345,0.229,0.48,0.607,0.171,0.666,0.336,0.371,0.448,0.411,0.55,0.325,0.554,-0.009,0.607,0.463,0.278,0.486,0.476,0.358,0.108,-0.077,-0.461,0.398,0.431,-0.109,0.252,0.669,0.271,0.241,0.283,-0.089,0.409,-0.357,0.47,0.559,0.108,0.661,0.054,0.643,0.34,0.393,-0.042,0.049,0.122,0.333,0.123,0.572,0.555,-0.369,0.516,0.133,0.176,0.2,0.262,0.57,0.375,-0.011,0.47,-0.225,0.031,0.226,0.19,0.297,-0.395,-0.338,0.211,0.029,0.503,0.11,0.218,0.473,0.443,-0.478,0.382,0.158,0.599,-0.302,0.491,0.468,0.346,0.734,0.248,0.366,-0.027,0.198,0.107,0.249,-0.056,0.64,0.754,-0.304,0.148,0.111,0.745,0.258,-0.313,-0.4,0.55,0.616,0.022,-0.497,0.024,0.197,-0.109,0.021,0.194,0.579,0.091
000708SZ,0.155,-0.328,-0.478,-0.202,-0.199,-0.593,-0.481,-0.657,-0.31,-0.037,0.504,-0.214,-0.088,1.0,-0.34,0.335,-0.391,-0.67,0.168,-0.371,-0.545,0.674,-0.251,0.771,-0.353,-0.667,-0.351,0.826,0.243,-0.512,-0.531,0.066,0.67,0.295,0.531,-0.253,-0.441,-0.623,-0.148,-0.575,0.72,-0.497,0.367,-0.133,0.718,0.214,0.431,-0.511,-0.722,-0.235,0.671,-0.512,0.335,0.757,0.858,0.127,-0.403,-0.075,-0.577,0.699,-0.756,-0.691,-0.037,-0.321,0.494,-0.487,-0.319,0.71,0.105,-0.579,-0.591,-0.167,-0.57,-0.27,-0.659,-0.16,-0.547,0.696,0.372,0.799,0.0,0.124,0.243,-0.515,-0.787,0.562,0.375,-0.495,-0.597,-0.776,-0.677,-0.25,-0.318,0.531,-0.519,0.037,-0.059,-0.219,-0.129,-0.667,-0.302,-0.279,0.744,0.398,0.701,0.592,-0.268,0.526,-0.378,-0.462,0.538,-0.54,-0.546,-0.342,0.501,-0.482,-0.494,-0.033,-0.672,-0.663,-0.008,0.691,-0.643,-0.695,-0.599,-0.574,-0.026,0.598,-0.556,-0.352,0.283,-0.693,-0.2,-0.608,-0.755,-0.413,0.53,-0.779,-0.626,0.339,0.516,0.775,-0.351,-0.488,-0.571,-0.41,-0.696,-0.465,-0.587,-0.119,-0.509,-0.513,0.71,0.225,-0.159,-0.466,-0.039,0.696,-0.348,-0.328,-0.584,0.104,-0.555,0.01,-0.683,-0.393,-0.45,0.875,-0.424,-0.687,-0.732,-0.628,0.657,0.731,-0.485,-0.395,-0.364,0.735,-0.681,-0.247,-0.287,0.348,-0.237,0.003,-0.445,0.798,-0.285,-0.633,-0.254,-0.266,0.681,-0.219,-0.664,-0.218,-0.741,0.575,-0.134,0.287,-0.164,0.507,0.66,0.801,-0.056,-0.473,0.515,0.676,-0.277,-0.347,-0.384,0.627,0.333,-0.044,0.809,0.807,0.737,0.42,0.781
000725SZ,0.211,0.597,0.358,0.688,0.78,0.384,0.774,0.535,0.69,0.544,0.258,0.642,0.802,-0.34,1.0,-0.688,0.219,0.758,0.176,0.511,0.657,0.041,0.639,-0.399,0.896,0.247,-0.204,-0.632,0.363,0.912,0.046,0.193,-0.157,-0.72,0.185,0.747,0.79,0.68,0.671,0.419,-0.419,0.822,-0.497,0.643,-0.346,0.356,-0.143,0.872,0.658,0.82,-0.435,0.598,0.214,-0.64,-0.303,0.683,-0.115,0.836,0.298,-0.651,0.644,0.818,0.46,0.891,-0.496,0.611,0.655,0.037,-0.293,0.743,0.749,0.604,0.841,0.321,0.48,0.212,0.649,-0.506,-0.453,-0.341,0.733,-0.375,0.388,0.443,0.612,-0.525,0.006,0.348,0.366,0.559,0.734,0.239,0.407,0.226,0.62,0.549,0.11,0.738,0.571,0.165,0.342,0.846,-0.549,0.202,-0.485,0.153,-0.009,-0.477,0.609,0.572,0.266,0.852,0.396,0.778,0.288,0.681,0.276,0.505,0.761,0.521,0.709,-0.264,0.716,0.72,0.6,0.717,0.443,0.248,0.417,0.207,-0.502,0.683,0.448,0.063,0.484,0.85,0.269,0.475,0.601,0.053,0.238,-0.514,0.642,0.802,0.353,0.834,0.346,0.874,0.639,0.616,0.26,0.267,0.035,0.442,0.46,0.838,0.749,-0.369,0.757,0.34,0.464,0.381,0.572,0.761,0.531,0.247,0.771,-0.414,0.329,0.558,0.492,0.56,-0.661,-0.574,0.443,0.331,0.752,-0.131,0.527,0.586,0.75,-0.388,0.598,0.371,0.784,-0.441,0.549,0.659,0.607,0.909,0.121,0.636,0.321,0.479,0.349,0.167,0.198,0.545,0.857,-0.488,-0.074,-0.012,0.669,0.451,-0.468,-0.557,0.712,0.813,0.294,-0.506,-0.062,0.348,-0.404,-0.255,-0.074,0.368,-0.22
000768SZ,-0.305,-0.628,-0.386,-0.468,-0.718,-0.417,-0.785,-0.449,-0.543,-0.583,0.072,-0.648,-0.481,0.335,-0.688,1.0,-0.194,-0.72,-0.05,-0.634,-0.565,-0.05,-0.614,0.504,-0.635,-0.386,0.022,0.529,-0.153,-0.665,0.043,0.16,0.237,0.803,0.029,-0.443,-0.531,-0.74,-0.464,-0.427,0.621,-0.71,0.65,-0.542,0.615,-0.263,0.542,-0.817,-0.525,-0.734,0.698,-0.234,0.194,0.795,0.376,-0.359,0.394,-0.517,-0.248,0.782,-0.628,-0.686,-0.453,-0.771,0.782,-0.44,-0.321,0.117,0.502,-0.588,-0.686,-0.489,-0.713,0.164,-0.489,0.002,-0.72,0.575,0.826,0.388,-0.481,0.5,-0.447,-0.444,-0.545,0.442,0.089,-0.351,-0.481,-0.528,-0.632,-0.095,-0.411,-0.307,-0.678,-0.471,-0.212,-0.789,-0.526,-0.434,-0.303,-0.653,0.577,-0.33,0.594,0.013,-0.077,0.62,-0.711,-0.519,-0.308,-0.731,-0.69,-0.478,-0.404,-0.585,-0.263,-0.171,-0.694,-0.431,-0.418,0.031,-0.577,-0.624,-0.61,-0.597,-0.462,-0.032,-0.322,-0.366,0.821,-0.644,-0.236,-0.071,-0.409,-0.725,-0.235,-0.309,-0.686,-0.001,-0.044,0.456,-0.668,-0.674,-0.339,-0.778,-0.371,-0.814,-0.723,-0.583,-0.4,-0.296,-0.015,-0.127,-0.535,-0.765,-0.564,0.275,-0.681,-0.063,-0.567,-0.523,-0.686,-0.681,-0.564,-0.368,-0.675,0.488,-0.421,-0.632,-0.52,-0.541,0.747,0.744,-0.487,-0.322,-0.689,0.336,-0.615,-0.729,-0.797,0.354,-0.679,-0.403,-0.623,0.39,-0.103,-0.398,-0.692,-0.698,-0.175,-0.397,-0.302,-0.554,-0.29,-0.154,-0.161,-0.256,-0.773,0.625,0.242,0.047,-0.525,-0.322,0.656,0.814,-0.299,-0.762,-0.187,0.567,0.025,-0.508,0.52,0.183,0.255,-0.431,0.515
000776SZ,0.653,0.788,0.91,0.704,0.44,0.843,0.505,0.802,0.561,0.496,0.072,0.663,0.027,-0.391,0.219,-0.194,1.0,0.609,0.597,0.706,0.746,-0.258,0.656,-0.222,0.332,0.724,0.763,-0.412,-0.436,0.269,-0.173,0.377,-0.751,-0.202,-0.419,0.362,0.401,0.681,0.474,0.82,-0.284,0.593,0.17,0.187,-0.52,0.292,-0.393,0.394,0.658,0.222,-0.157,0.659,-0.201,-0.41,-0.589,-0.149,0.226,-0.029,0.787,-0.486,0.656,0.489,-0.511,0.136,-0.458,0.065,0.253,-0.185,0.282,0.719,0.178,-0.347,0.231,0.062,0.775,-0.459,0.619,-0.659,-0.458,-0.446,-0.121,0.095,0.454,0.173,0.685,0.138,0.449,0.917,0.744,0.513,0.632,0.633,0.848,-0.011,0.718,0.627,0.729,0.186,0.718,0.547,0.148,0.543,-0.421,0.233,-0.682,-0.63,0.232,-0.557,0.562,0.752,-0.51,0.511,0.467,0.076,0.043,0.7,0.111,0.638,0.358,0.764,0.167,-0.28,0.547,0.613,0.799,0.572,0.543,-0.385,0.843,0.88,0.232,0.697,0.558,0.745,0.629,0.501,0.043,0.505,0.726,0.525,-0.491,-0.274,0.443,0.697,0.868,0.464,0.728,0.252,0.716,0.671,0.82,0.803,-0.107,0.385,0.565,0.608,0.524,0.055,0.68,0.849,0.779,0.518,0.76,0.374,0.405,0.837,0.648,-0.513,0.854,0.728,0.696,0.867,-0.672,-0.503,0.551,0.818,0.656,-0.162,0.747,0.049,0.513,0.468,0.538,0.701,0.454,-0.1,-0.06,0.445,0.658,0.379,-0.223,0.72,0.771,0.777,0.576,-0.032,0.758,-0.095,0.175,-0.052,-0.762,-0.38,-0.128,0.901,-0.157,-0.218,0.313,0.538,0.903,0.104,-0.664,0.563,-0.561,-0.596,-0.634,-0.465,-0.377
000786SZ,0.349,0.807,0.742,0.697,0.752,0.769,0.869,0.854,0.7,0.56,-0.078,0.749,0.501,-0.67,0.758,-0.72,0.609,1.0,0.251,0.793,0.876,-0.243,0.768,-0.652,0.774,0.682,0.263,-0.809,-0.032,0.831,0.12,0.143,-0.614,-0.681,-0.288,0.586,0.761,0.955,0.642,0.788,-0.708,0.901,-0.482,0.523,-0.731,0.257,-0.44,0.883,0.917,0.71,-0.663,0.714,-0.087,-0.892,-0.703,0.28,0.102,0.428,0.643,-0.859,0.9,0.923,0.174,0.745,-0.781,0.522,0.545,-0.297,-0.218,0.907,0.765,0.334,0.802,0.139,0.848,-0.059,0.855,-0.824,-0.674,-0.643,0.391,-0.285,0.334,0.536,0.893,-0.465,-0.015,0.728,0.756,0.789,0.925,0.359,0.679,-0.021,0.894,0.556,0.369,0.651,0.667,0.608,0.353,0.789,-0.721,0.089,-0.829,-0.357,0.164,-0.733,0.797,0.757,-0.148,0.93,0.723,0.65,0.087,0.852,0.434,0.468,0.91,0.847,0.417,-0.439,0.862,0.909,0.917,0.808,0.53,-0.247,0.715,0.585,-0.442,0.908,0.539,0.538,0.78,0.883,0.024,0.769,0.926,0.078,-0.23,-0.679,0.76,0.894,0.742,0.875,0.792,0.809,0.918,0.687,0.702,0.653,-0.266,0.255,0.553,0.911,0.647,-0.442,0.853,0.571,0.831,0.441,0.886,0.648,0.699,0.665,0.863,-0.786,0.663,0.895,0.846,0.872,-0.935,-0.873,0.686,0.642,0.831,-0.436,0.888,0.541,0.777,-0.22,0.726,0.492,0.802,-0.603,0.294,0.748,0.715,0.768,-0.161,0.669,0.696,0.706,0.679,-0.085,0.425,0.133,0.659,-0.549,-0.589,-0.427,0.418,0.755,-0.615,-0.745,0.558,0.841,0.599,-0.528,-0.426,0.515,-0.791,-0.633,-0.607,-0.043,-0.642
000800SZ,0.709,0.588,0.596,0.629,0.412,0.418,0.25,0.277,0.416,0.57,0.614,0.605,0.033,0.168,0.176,-0.05,0.597,0.251,1.0,0.352,0.298,0.462,0.658,0.408,0.342,0.209,0.319,0.084,-0.226,0.02,-0.65,0.723,-0.158,-0.045,0.266,0.345,0.177,0.252,0.322,0.313,0.294,0.319,0.303,0.309,-0.006,0.559,-0.088,0.126,0.242,0.309,0.378,0.373,0.174,0.049,0.122,0.151,-0.023,0.017,0.26,-0.117,0.095,0.11,-0.451,-0.013,-0.103,-0.132,0.224,0.33,0.375,0.419,-0.112,-0.174,0.045,0.142,0.455,-0.512,0.355,-0.201,-0.112,0.054,-0.034,-0.106,0.601,-0.417,0.106,0.248,0.729,0.527,0.202,-0.063,0.177,0.423,0.651,0.576,0.413,0.767,0.595,0.253,0.687,-0.137,-0.056,0.502,-0.056,0.65,-0.246,0.048,-0.027,-0.305,0.225,0.415,-0.066,0.272,-0.052,0.073,0.351,0.433,-0.331,0.723,0.033,0.366,0.482,0.13,0.029,0.154,0.446,0.144,0.381,0.308,0.36,0.605,0.418,0.167,0.447,0.171,-0.018,0.276,0.607,0.068,0.362,0.824,0.148,0.374,0.183,0.382,0.361,0.328,0.205,0.141,0.264,0.676,0.409,0.386,0.526,0.603,0.547,0.39,0.667,0.584,0.52,0.614,0.31,0.695,0.333,0.515,-0.158,0.45,0.416,0.18,0.507,0.242,0.191,0.391,-0.284,0.042,0.168,0.607,0.394,0.252,0.253,-0.013,0.4,0.553,0.496,0.701,0.248,0.413,0.044,0.015,0.501,0.396,0.363,0.669,0.196,0.668,-0.01,0.364,0.458,0.391,0.066,0.111,-0.126,0.302,0.127,0.581,0.047,0.239,0.387,0.373,0.669,0.394,-0.395,0.562,0.074,0.046,-0.107,-0.118,0.176
000807SZ,0.622,0.852,0.735,0.704,0.697,0.705,0.722,0.746,0.607,0.663,-0.005,0.808,0.301,-0.371,0.511,-0.634,0.706,0.793,0.352,1.0,0.781,-0.134,0.745,-0.389,0.535,0.606,0.392,-0.56,-0.195,0.515,-0.177,0.106,-0.55,-0.538,-0.312,0.391,0.535,0.85,0.561,0.777,-0.481,0.752,-0.28,0.433,-0.605,0.385,-0.461,0.68,0.661,0.569,-0.455,0.49,-0.132,-0.666,-0.519,0.093,-0.088,0.204,0.615,-0.654,0.714,0.642,-0.08,0.535,-0.74,0.256,0.318,-0.115,-0.055,0.765,0.492,0.074,0.507,-0.145,0.689,-0.274,0.819,-0.671,-0.74,-0.412,0.177,-0.164,0.59,0.308,0.691,-0.087,0.266,0.74,0.737,0.579,0.742,0.414,0.743,0.211,0.847,0.686,0.595,0.563,0.755,0.522,0.304,0.666,-0.501,0.375,-0.752,-0.374,0.225,-0.707,0.877,0.679,-0.075,0.739,0.638,0.347,0.407,0.737,0.218,0.504,0.62,0.675,0.294,-0.146,0.644,0.671,0.801,0.584,0.708,-0.22,0.693,0.716,-0.266,0.766,0.508,0.504,0.624,0.743,0.218,0.471,0.821,0.372,-0.225,-0.398,0.712,0.78,0.76,0.713,0.647,0.586,0.835,0.766,0.701,0.703,-0.007,0.257,0.653,0.795,0.67,-0.061,0.846,0.589,0.779,0.686,0.888,0.671,0.463,0.769,0.756,-0.55,0.762,0.784,0.706,0.831,-0.821,-0.707,0.656,0.658,0.78,-0.224,0.769,0.495,0.779,0.138,0.791,0.692,0.697,-0.235,-0.035,0.454,0.778,0.633,0.09,0.659,0.603,0.831,0.505,0.205,0.556,0.117,0.545,-0.347,-0.562,-0.257,0.234,0.724,-0.49,-0.538,0.329,0.752,0.621,-0.168,-0.458,0.726,-0.582,-0.4,-0.559,0.023,-0.483
000858SZ,0.512,0.802,0.793,0.77,0.786,0.73,0.836,0.937,0.707,0.477,0.055,0.793,0.474,-0.545,0.657,-0.565,0.746,0.876,0.298,0.781,1.0,-0.307,0.791,-0.466,0.662,0.691,0.407,-0.633,0.044,0.757,0.018,0.188,-0.68,-0.679,-0.363,0.611,0.705,0.889,0.822,0.903,-0.593,0.915,-0.147,0.37,-0.579,0.349,-0.256,0.792,0.836,0.559,-0.443,0.805,-0.058,-0.713,-0.677,0.177,0.042,0.421,0.64,-0.707,0.821,0.8,0.014,0.573,-0.66,0.341,0.542,-0.086,-0.138,0.9,0.513,0.015,0.607,0.09,0.758,-0.2,0.79,-0.82,-0.672,-0.446,0.427,0.054,0.463,0.488,0.865,-0.176,0.172,0.813,0.688,0.67,0.872,0.501,0.712,-0.068,0.85,0.615,0.433,0.417,0.66,0.614,0.213,0.802,-0.514,0.073,-0.699,-0.468,-0.037,-0.518,0.771,0.838,-0.198,0.834,0.703,0.379,0.039,0.844,0.339,0.571,0.739,0.862,0.37,-0.494,0.928,0.891,0.872,0.857,0.75,-0.337,0.786,0.697,-0.233,0.901,0.779,0.543,0.759,0.885,0.036,0.662,0.83,0.239,-0.291,-0.61,0.766,0.903,0.762,0.793,0.738,0.585,0.91,0.692,0.693,0.616,-0.265,0.475,0.51,0.872,0.65,-0.322,0.821,0.733,0.806,0.449,0.901,0.631,0.657,0.671,0.852,-0.715,0.674,0.813,0.743,0.869,-0.816,-0.817,0.521,0.661,0.778,-0.166,0.834,0.258,0.716,0.047,0.591,0.553,0.748,-0.43,0.121,0.616,0.661,0.712,-0.215,0.674,0.798,0.745,0.548,-0.04,0.676,0.067,0.653,-0.201,-0.654,-0.333,0.264,0.851,-0.308,-0.54,0.534,0.866,0.705,-0.314,-0.615,0.481,-0.719,-0.662,-0.489,-0.139,-0.445
000876SZ,0.282,0.039,-0.228,0.073,0.118,-0.302,-0.084,-0.4,0.098,0.314,0.568,0.108,0.113,0.674,0.041,-0.05,-0.258,-0.243,0.462,-0.134,-0.307,1.0,0.176,0.601,0.123,-0.477,-0.362,0.464,0.219,-0.213,-0.64,0.201,0.574,0.087,0.733,0.052,-0.142,-0.256,-0.004,-0.312,0.492,-0.122,-0.027,0.319,0.352,0.408,0.116,-0.115,-0.392,0.254,0.421,-0.308,0.179,0.374,0.745,0.405,-0.336,0.127,-0.458,0.227,-0.446,-0.276,0.145,0.011,0.154,-0.228,0.034,0.56,0.038,-0.147,-0.207,0.2,-0.091,-0.073,-0.162,-0.222,-0.104,0.388,0.127,0.458,0.174,-0.367,0.399,-0.494,-0.502,0.162,0.348,-0.224,-0.414,-0.495,-0.332,-0.176,-0.072,0.763,-0.171,0.353,0.128,0.25,0.214,-0.633,-0.18,0.093,0.26,0.602,0.292,0.658,-0.225,0.103,-0.149,-0.186,0.554,-0.135,-0.321,-0.011,0.563,-0.148,-0.469,0.182,-0.297,-0.253,0.363,0.581,-0.424,-0.33,-0.234,-0.325,0.057,0.764,-0.411,-0.147,0.089,-0.387,-0.048,-0.502,-0.617,-0.031,0.787,-0.531,-0.207,0.418,0.653,0.644,-0.087,-0.131,-0.37,0.072,-0.434,0.021,-0.274,0.207,-0.268,-0.32,0.755,0.298,0.201,-0.052,0.316,0.606,0.045,-0.262,-0.322,0.369,-0.234,0.341,-0.463,-0.181,-0.065,0.667,-0.249,-0.361,-0.37,-0.355,0.221,0.46,-0.207,-0.133,-0.017,0.418,-0.333,0.138,0.119,0.098,0.25,0.187,-0.078,0.578,0.069,-0.437,0.132,0.173,0.767,0.121,-0.517,0.088,-0.568,0.542,-0.114,0.525,0.052,0.017,0.586,0.759,0.342,-0.2,0.212,0.354,0.102,0.021,-0.132,0.236,0.336,0.288,0.551,0.713,0.44,0.486,0.499
000895SZ,0.697,0.847,0.799,0.826,0.82,0.681,0.794,0.694,0.714,0.734,0.322,0.923,0.416,-0.251,0.639,-0.614,0.656,0.768,0.658,0.745,0.791,0.176,1.0,-0.132,0.714,0.578,0.347,-0.382,-0.017,0.592,-0.397,0.392,-0.488,-0.62,-0.018,0.593,0.601,0.744,0.702,0.696,-0.347,0.829,-0.102,0.493,-0.473,0.563,-0.331,0.71,0.667,0.691,-0.235,0.666,0.002,-0.545,-0.337,0.286,-0.165,0.401,0.496,-0.644,0.61,0.634,-0.047,0.53,-0.62,0.246,0.467,0.134,0.006,0.823,0.391,0.098,0.545,0.032,0.745,-0.365,0.79,-0.671,-0.637,-0.291,0.357,-0.229,0.694,0.113,0.615,-0.132,0.465,0.747,0.553,0.432,0.7,0.5,0.811,0.404,0.828,0.845,0.552,0.632,0.824,0.345,0.064,0.871,-0.455,0.506,-0.632,-0.168,-0.074,-0.567,0.704,0.785,-0.009,0.756,0.541,0.37,0.318,0.841,-0.011,0.73,0.589,0.715,0.567,-0.176,0.623,0.706,0.815,0.678,0.692,0.017,0.646,0.717,-0.171,0.703,0.679,0.271,0.432,0.798,0.443,0.449,0.81,0.536,-0.013,-0.2,0.654,0.811,0.602,0.796,0.541,0.628,0.79,0.873,0.66,0.525,0.174,0.588,0.741,0.865,0.844,0.08,0.888,0.652,0.731,0.746,0.809,0.806,0.383,0.623,0.841,-0.392,0.668,0.69,0.605,0.752,-0.757,-0.588,0.46,0.756,0.757,-0.045,0.717,0.367,0.834,0.209,0.734,0.785,0.636,-0.061,0.115,0.387,0.791,0.757,0.161,0.769,0.555,0.86,0.329,0.246,0.62,0.335,0.599,-0.225,-0.444,0.061,0.384,0.779,-0.336,-0.357,0.543,0.864,0.746,-0.108,-0.467,0.711,-0.469,-0.338,-0.342,0.016,-0.254
000938SZ,0.289,-0.28,-0.319,-0.084,-0.158,-0.529,-0.506,-0.568,-0.294,-0.051,0.626,-0.101,-0.254,0.771,-0.399,0.504,-0.222,-0.652,0.408,-0.389,-0.466,0.601,-0.132,1.0,-0.335,-0.562,-0.153,0.799,0.133,-0.606,-0.628,0.278,0.543,0.4,0.545,-0.189,-0.471,-0.633,-0.154,-0.448,0.812,-0.439,0.619,-0.208,0.74,0.366,0.482,-0.584,-0.664,-0.283,0.901,-0.353,0.317,0.811,0.785,0.007,-0.327,-0.203,-0.549,0.674,-0.775,-0.699,-0.28,-0.584,0.577,-0.577,-0.212,0.713,0.353,-0.458,-0.74,-0.335,-0.597,-0.093,-0.532,-0.315,-0.415,0.551,0.411,0.769,-0.119,0.204,0.273,-0.806,-0.751,0.617,0.557,-0.355,-0.683,-0.831,-0.69,-0.029,-0.224,0.506,-0.457,0.13,0.025,-0.336,-0.095,-0.733,-0.393,-0.253,0.652,0.416,0.64,0.494,-0.445,0.546,-0.457,-0.378,0.311,-0.52,-0.656,-0.456,0.239,-0.423,-0.645,0.144,-0.708,-0.502,0.093,0.493,-0.647,-0.639,-0.532,-0.582,0.006,0.559,-0.455,-0.15,0.589,-0.684,0.043,-0.534,-0.788,-0.431,0.574,-0.691,-0.571,0.557,0.518,0.882,-0.437,-0.469,-0.52,-0.425,-0.662,-0.573,-0.605,-0.06,-0.475,-0.467,0.686,0.321,-0.074,-0.443,-0.009,0.823,-0.308,-0.087,-0.6,0.183,-0.498,-0.023,-0.794,-0.399,-0.39,0.882,-0.339,-0.686,-0.729,-0.542,0.64,0.767,-0.624,-0.227,-0.441,0.727,-0.677,-0.475,-0.312,0.555,-0.227,0.035,-0.408,0.853,-0.236,-0.693,-0.276,-0.228,0.557,-0.139,-0.527,-0.091,-0.785,0.479,-0.017,0.275,-0.343,0.644,0.551,0.783,-0.103,-0.319,0.637,0.802,-0.142,-0.324,-0.154,0.681,0.061,-0.057,0.813,0.693,0.631,0.141,0.81
000963SZ,0.276,0.626,0.436,0.673,0.774,0.425,0.767,0.585,0.795,0.523,0.331,0.7,0.752,-0.353,0.896,-0.635,0.332,0.774,0.342,0.535,0.662,0.123,0.714,-0.335,1.0,0.269,-0.113,-0.582,0.325,0.83,0.02,0.252,-0.171,-0.672,0.273,0.846,0.818,0.682,0.673,0.48,-0.343,0.832,-0.424,0.728,-0.358,0.457,-0.186,0.865,0.7,0.898,-0.386,0.591,0.097,-0.621,-0.266,0.704,-0.127,0.717,0.32,-0.673,0.631,0.809,0.405,0.794,-0.452,0.59,0.681,0.1,-0.184,0.773,0.725,0.568,0.854,0.412,0.592,0.129,0.719,-0.488,-0.442,-0.311,0.676,-0.413,0.368,0.295,0.612,-0.497,0.03,0.409,0.378,0.563,0.733,0.275,0.448,0.283,0.683,0.573,0.119,0.702,0.603,0.134,0.4,0.847,-0.596,0.243,-0.483,0.176,-0.011,-0.458,0.558,0.595,0.234,0.859,0.367,0.739,0.313,0.672,0.306,0.552,0.767,0.606,0.744,-0.157,0.689,0.729,0.617,0.718,0.466,0.259,0.456,0.316,-0.357,0.66,0.503,0.16,0.456,0.838,0.353,0.503,0.664,0.168,0.251,-0.411,0.642,0.794,0.394,0.864,0.358,0.853,0.64,0.654,0.276,0.334,0.069,0.495,0.47,0.845,0.767,-0.315,0.78,0.428,0.451,0.446,0.595,0.763,0.437,0.301,0.777,-0.395,0.344,0.546,0.521,0.599,-0.693,-0.545,0.468,0.407,0.724,-0.154,0.537,0.584,0.714,-0.313,0.657,0.413,0.806,-0.402,0.606,0.577,0.638,0.911,0.186,0.683,0.308,0.537,0.379,0.125,0.197,0.619,0.76,-0.436,-0.128,0.0,0.699,0.538,-0.466,-0.518,0.77,0.822,0.424,-0.455,-0.16,0.414,-0.358,-0.239,-0.126,0.31,-0.223
000999SZ,0.334,0.627,0.815,0.47,0.341,0.863,0.651,0.745,0.352,0.389,-0.35,0.493,-0.059,-0.667,0.247,-0.386,0.724,0.682,0.209,0.606,0.691,-0.477,0.578,-0.562,0.269,1.0,0.726,-0.575,-0.437,0.409,0.035,0.105,-0.91,-0.341,-0.68,0.134,0.318,0.705,0.302,0.751,-0.67,0.562,-0.039,0.019,-0.751,-0.106,-0.541,0.453,0.711,0.143,-0.51,0.611,-0.314,-0.662,-0.826,-0.321,0.233,-0.027,0.807,-0.682,0.764,0.563,-0.302,0.235,-0.636,0.188,0.159,-0.518,-0.043,0.676,0.313,-0.222,0.313,-0.083,0.779,-0.332,0.578,-0.817,-0.574,-0.687,-0.088,0.01,0.207,0.417,0.783,-0.13,0.143,0.808,0.796,0.636,0.676,0.476,0.742,-0.279,0.641,0.361,0.5,0.285,0.49,0.845,-0.005,0.441,-0.56,-0.026,-0.771,-0.784,0.213,-0.618,0.541,0.729,-0.576,0.499,0.768,0.09,-0.269,0.723,0.185,0.33,0.515,0.694,-0.018,-0.542,0.602,0.676,0.804,0.642,0.292,-0.672,0.779,0.701,-0.161,0.754,0.353,0.634,0.749,0.464,-0.32,0.692,0.775,0.096,-0.706,-0.551,0.411,0.602,0.783,0.401,0.82,0.367,0.767,0.468,0.856,0.696,-0.428,0.05,0.472,0.57,0.29,-0.291,0.549,0.598,0.866,0.286,0.753,0.203,0.641,0.745,0.604,-0.797,0.754,0.82,0.799,0.798,-0.726,-0.734,0.551,0.711,0.563,-0.463,0.852,0.126,0.514,0.188,0.353,0.482,0.308,-0.408,-0.137,0.526,0.521,0.237,-0.537,0.477,0.841,0.579,0.7,-0.252,0.597,-0.391,0.207,-0.284,-0.9,-0.573,-0.19,0.74,-0.401,-0.479,0.144,0.465,0.741,-0.173,-0.552,0.432,-0.84,-0.804,-0.763,-0.565,-0.694
001965SZ,0.484,0.463,0.723,0.32,0.022,0.72,0.204,0.49,0.133,0.29,-0.228,0.299,-0.447,-0.351,-0.204,0.022,0.763,0.263,0.319,0.392,0.407,-0.362,0.347,-0.153,-0.113,0.726,1.0,-0.198,-0.674,-0.105,-0.199,0.124,-0.803,0.141,-0.647,-0.102,-0.049,0.362,0.027,0.593,-0.294,0.23,0.346,-0.201,-0.507,-0.091,-0.517,0.017,0.326,-0.221,-0.137,0.385,-0.447,-0.234,-0.603,-0.597,0.219,-0.317,0.733,-0.345,0.413,0.12,-0.666,-0.224,-0.29,-0.232,-0.106,-0.37,0.289,0.372,-0.128,-0.609,-0.146,-0.26,0.561,-0.609,0.315,-0.559,-0.36,-0.453,-0.451,0.165,0.251,0.087,0.475,0.275,0.416,0.74,0.628,0.357,0.333,0.646,0.684,-0.183,0.385,0.287,0.667,-0.049,0.398,0.616,-0.14,0.135,-0.312,0.113,-0.534,-0.815,0.267,-0.355,0.295,0.568,-0.72,0.084,0.447,-0.346,-0.237,0.483,-0.195,0.275,0.026,0.501,-0.26,-0.242,0.192,0.349,0.534,0.331,0.169,-0.604,0.704,0.734,0.31,0.459,0.188,0.669,0.474,0.074,-0.216,0.307,0.522,0.378,-0.751,-0.118,0.062,0.289,0.684,0.029,0.609,-0.081,0.471,0.338,0.763,0.646,-0.264,0.073,0.425,0.229,0.08,0.138,0.299,0.579,0.649,0.269,0.516,-0.029,0.301,0.705,0.343,-0.433,0.7,0.544,0.546,0.576,-0.39,-0.316,0.42,0.709,0.281,-0.28,0.592,-0.138,0.258,0.615,0.194,0.536,-0.025,0.068,-0.374,0.212,0.403,-0.11,-0.446,0.379,0.722,0.504,0.507,-0.24,0.696,-0.51,-0.19,0.074,-0.823,-0.4,-0.555,0.587,-0.031,-0.062,-0.136,0.152,0.723,0.28,-0.43,0.365,-0.54,-0.584,-0.632,-0.714,-0.426
002001SZ,0.007,-0.541,-0.501,-0.465,-0.401,-0.669,-0.632,-0.709,-0.523,-0.348,0.327,-0.374,-0.36,0.826,-0.632,0.529,-0.412,-0.809,0.084,-0.56,-0.633,0.464,-0.382,0.799,-0.582,-0.575,-0.198,1.0,0.204,-0.716,-0.385,-0.008,0.575,0.395,0.366,-0.414,-0.609,-0.773,-0.299,-0.6,0.709,-0.657,0.572,-0.423,0.739,0.109,0.495,-0.697,-0.802,-0.485,0.741,-0.539,0.11,0.84,0.773,-0.153,-0.278,-0.311,-0.651,0.799,-0.857,-0.839,-0.126,-0.651,0.616,-0.608,-0.44,0.613,0.128,-0.731,-0.792,-0.394,-0.737,-0.262,-0.697,-0.181,-0.643,0.7,0.478,0.808,-0.18,0.327,0.002,-0.599,-0.846,0.595,0.259,-0.551,-0.713,-0.846,-0.828,-0.297,-0.441,0.298,-0.635,-0.233,-0.221,-0.532,-0.419,-0.572,-0.409,-0.51,0.834,0.16,0.825,0.43,-0.422,0.715,-0.618,-0.569,0.326,-0.736,-0.553,-0.611,0.151,-0.622,-0.461,-0.196,-0.807,-0.669,-0.228,0.563,-0.728,-0.779,-0.725,-0.655,-0.157,0.346,-0.632,-0.317,0.417,-0.805,-0.21,-0.577,-0.838,-0.633,0.297,-0.789,-0.724,0.22,0.36,0.822,-0.521,-0.704,-0.686,-0.621,-0.745,-0.726,-0.713,-0.338,-0.566,-0.64,0.495,0.078,-0.363,-0.675,-0.344,0.647,-0.592,-0.372,-0.687,-0.091,-0.66,-0.303,-0.716,-0.532,-0.644,0.816,-0.538,-0.815,-0.831,-0.734,0.807,0.759,-0.718,-0.475,-0.662,0.67,-0.766,-0.534,-0.549,0.395,-0.525,-0.204,-0.66,0.755,-0.429,-0.823,-0.504,-0.54,0.417,-0.492,-0.63,-0.382,-0.783,0.302,-0.169,0.025,-0.411,0.679,0.534,0.697,-0.245,-0.528,0.656,0.737,-0.455,-0.522,-0.404,0.617,0.201,-0.276,0.797,0.675,0.689,0.169,0.74
