,000001SZ,000002SZ,000157SZ,000166SZ,000333SZ,000338SZ,000538SZ,000568SZ,000596SZ,000617SZ,000625SZ,000651SZ,000661SZ,000708SZ,000725SZ,000768SZ,000776SZ,000786SZ,000800SZ,000807SZ,000858SZ,000876SZ,000895SZ,000938SZ,000963SZ,000999SZ,001965SZ,002001SZ,002007SZ,002027SZ,002028SZ,002050SZ,002129SZ,002179SZ,002230SZ,002236SZ,002241SZ,002271SZ,002304SZ,002311SZ,002371SZ,002415SZ,002422SZ,002459SZ,002460SZ,002463SZ,002466SZ,002475SZ,002493SZ,002555SZ,002594SZ,002601SZ,002648SZ,002709SZ,002714SZ,002916SZ,002920SZ,002938SZ,003816SZ,300014SZ,300033SZ,300059SZ,300122SZ,300124SZ,300274SZ,300308SZ,300316SZ,300347SZ,300394SZ,300408SZ,300413SZ,300418SZ,300433SZ,300450SZ,300498SZ,300502SZ,300628SZ,300661SZ,300750SZ,300759SZ,300760SZ,300782SZ,600000SS,600010SS,600011SS,600015SS,600016SS,600018SS,600019SS,600023SS,600025SS,600026SS,600028SS,600029SS,600031SS,600036SS,600048SS,600050SS,600061SS,600085SS,600089SS,600104SS,600111SS,600115SS,600161SS,600183SS,600188SS,600196SS,600219SS,600233SS,600276SS,600309SS,600332SS,600346SS,600362SS,600377SS,600406SS,600415SS,600426SS,600436SS,600438SS,600489SS,600519SS,600570SS,600585SS,600588SS,600600SS,600660SS,600674SS,600741SS,600760SS,600795SS,600809SS,600875SS,600886SS,600887SS,600926SS,600989SS,601006SS,601009SS,601012SS,601021SS,601058SS,601066SS,601088SS,601100SS,601117SS,601138SS,601166SS,601169SS,601186SS,601225SS,601229SS,601238SS,601288SS,601318SS,601319SS,601328SS,601336SS,601360SS,601390SS,601398SS,601600SS,601601SS,601607SS,601618SS,601628SS,601633SS,601658SS,601668SS,601669SS,601688SS,601689SS,601698SS,601699SS,601766SS,601788SS,601799SS,601800SS,601808SS,601816SS,601818SS,601838SS,601857SS,601865SS,601872SS,601877SS,601878SS,601881SS,601888SS,601899SS,601901SS,601919SS,601939SS,601985SS,601988SS,601998SS,603019SS,603195SS,603259SS,603260SS,603288SS,603369SS,603501SS,603659SS,603799SS,603806SS,603833SS,603986SS,603993SS,688008SS,688009SS,688012SS,688036SS,688111SS,688169SS,688396SS
000001SZ,1.0,0.571,0.688,0.738,0.415,0.287,0.026,0.298,0.342,0.098,0.579,0.723,0.076,0.372,0.164,-0.046,0.742,0.032,0.75,0.564,0.569,0.179,0.527,0.469,0.084,-0.093,0.389,-0.101,-0.029,0.002,-0.698,0.39,-0.179,-0.187,0.244,0.382,0.187,0.232,0.548,0.419,0.281,0.438,0.368,0.212,0.193,0.159,0.147,0.034,0.184,0.129,0.336,0.3,0.086,0.129,0.034,-0.205,-0.47,-0.14,0.105,0.066,-0.113,0.057,-0.361,-0.009,0.017,-0.486,0.257,0.504,0.114,0.376,-0.301,-0.534,-0.181,-0.014,0.035,-0.806,0.457,-0.29,-0.155,0.33,-0.057,0.268,0.889,-0.328,0.065,0.561,0.705,0.539,0.12,-0.135,0.222,0.512,0.54,0.758,0.492,0.882,0.36,0.128,0.693,-0.21,0.152,0.53,0.197,0.666,-0.07,-0.139,-0.263,0.005,0.478,0.454,0.185,0.284,-0.098,-0.119,0.629,0.269,-0.41,0.418,-0.065,0.1,0.464,0.257,0.159,0.076,0.259,0.213,0.709,0.115,0.498,0.724,0.352,0.196,0.623,0.244,0.058,0.303,0.849,-0.166,0.224,0.885,0.221,0.345,0.086,0.468,0.35,0.379,0.123,-0.016,0.368,0.647,0.269,0.36,0.69,0.655,0.444,0.432,0.619,0.681,0.566,0.451,0.214,0.627,0.425,0.714,-0.262,0.517,0.445,0.217,0.548,0.189,0.071,0.366,-0.296,-0.071,0.06,0.513,0.48,0.381,0.101,-0.196,0.339,0.715,0.334,0.651,0.45,0.537,-0.251,-0.058,0.417,0.451,0.644,0.583,0.408,0.617,-0.284,0.519,0.486,0.386,0.282,0.365,-0.157,0.508,-0.04,0.476,0.286,0.252,0.378,0.437,0.587,0.486,-0.621,0.453,0.194,-0.035,0.033,0.024,0.261
000002SZ,0.571,1.0,0.783,0.736,0.767,0.813,0.713,0.777,0.659,0.708,-0.101,0.837,0.312,-0.387,0.615,-0.669,0.641,0.755,0.47,0.768,0.767,0.194,0.84,-0.361,0.689,0.569,0.49,-0.421,-0.226,0.545,-0.44,0.089,-0.662,-0.536,-0.318,0.266,0.346,0.869,0.417,0.82,-0.456,0.777,-0.371,0.458,-0.581,0.306,-0.519,0.664,0.66,0.664,-0.429,0.491,-0.179,-0.643,-0.593,0.166,0.172,0.338,0.672,-0.662,0.68,0.663,-0.028,0.596,-0.699,0.335,0.27,-0.221,-0.056,0.841,0.488,0.237,0.556,-0.231,0.723,-0.185,0.773,-0.776,-0.712,-0.458,0.331,-0.479,0.706,0.303,0.729,-0.135,0.441,0.891,0.77,0.559,0.745,0.425,0.851,0.546,0.851,0.735,0.754,0.733,0.892,0.466,0.057,0.753,-0.576,0.702,-0.761,-0.475,0.269,-0.72,0.782,0.785,-0.062,0.736,0.56,0.381,0.445,0.836,0.07,0.707,0.585,0.739,0.379,-0.164,0.624,0.718,0.881,0.617,0.675,-0.047,0.73,0.735,-0.322,0.811,0.278,0.463,0.66,0.779,0.311,0.453,0.849,0.381,-0.277,-0.359,0.558,0.82,0.844,0.755,0.745,0.675,0.873,0.928,0.823,0.729,0.227,0.111,0.835,0.86,0.843,0.029,0.912,0.567,0.849,0.865,0.868,0.736,0.532,0.857,0.848,-0.567,0.865,0.844,0.739,0.886,-0.848,-0.704,0.659,0.775,0.876,-0.264,0.809,0.537,0.857,0.101,0.886,0.778,0.466,-0.194,-0.043,0.538,0.889,0.709,0.074,0.814,0.75,0.924,0.482,0.37,0.663,0.117,0.599,-0.464,-0.666,-0.244,0.401,0.773,-0.499,-0.514,0.169,0.81,0.717,-0.252,-0.176,0.847,-0.58,-0.409,-0.552,0.076,-0.448
000157SZ,0.688,0.783,1.0,0.794,0.501,0.764,0.332,0.712,0.635,0.32,0.238,0.792,0.193,-0.181,0.418,-0.315,0.874,0.465,0.755,0.69,0.753,-0.024,0.771,-0.048,0.43,0.313,0.569,-0.453,-0.311,0.332,-0.432,0.464,-0.671,-0.344,-0.058,0.46,0.422,0.58,0.491,0.64,-0.126,0.662,-0.002,0.376,-0.265,0.143,-0.235,0.37,0.699,0.444,-0.087,0.607,-0.08,-0.338,-0.473,-0.056,-0.126,0.018,0.539,-0.362,0.373,0.514,-0.33,0.308,-0.316,0.052,0.32,0.026,0.247,0.706,0.201,-0.097,0.28,0.103,0.528,-0.445,0.712,-0.632,-0.324,-0.202,-0.067,-0.16,0.633,0.009,0.565,-0.028,0.484,0.845,0.61,0.409,0.641,0.622,0.853,0.518,0.795,0.813,0.488,0.495,0.842,0.142,0.197,0.701,-0.301,0.591,-0.54,-0.448,0.189,-0.463,0.593,0.73,-0.264,0.598,0.174,0.295,0.358,0.64,-0.072,0.567,0.372,0.532,0.493,-0.125,0.481,0.491,0.693,0.563,0.523,-0.191,0.829,0.84,0.079,0.595,0.499,0.577,0.568,0.527,0.423,0.419,0.66,0.573,-0.175,-0.109,0.254,0.741,0.749,0.62,0.621,0.442,0.701,0.791,0.696,0.765,0.268,0.394,0.631,0.721,0.736,0.208,0.812,0.599,0.665,0.637,0.678,0.659,0.192,0.798,0.707,-0.364,0.841,0.642,0.607,0.78,-0.721,-0.458,0.516,0.871,0.726,-0.151,0.572,0.167,0.578,0.363,0.551,0.793,0.51,0.052,0.083,0.43,0.681,0.593,0.136,0.797,0.742,0.727,0.252,0.145,0.454,0.321,0.309,-0.132,-0.606,-0.028,0.196,0.808,-0.237,-0.137,0.432,0.594,0.867,0.097,-0.488,0.637,-0.293,-0.576,-0.486,-0.214,-0.215
000166SZ,0.738,0.736,0.794,1.0,0.68,0.55,0.352,0.671,0.683,0.316,0.467,0.839,0.479,-0.023,0.668,-0.288,0.759,0.43,0.674,0.69,0.844,0.054,0.73,0.067,0.557,0.147,0.254,-0.437,0.026,0.546,-0.404,0.506,-0.409,-0.439,0.191,0.63,0.587,0.554,0.735,0.6,-0.03,0.788,0.063,0.543,-0.034,0.244,0.023,0.461,0.663,0.545,0.06,0.731,0.27,-0.218,-0.302,0.165,-0.193,0.301,0.413,-0.276,0.311,0.572,-0.158,0.465,-0.176,0.037,0.633,0.249,0.074,0.762,0.192,-0.03,0.328,0.208,0.356,-0.352,0.685,-0.549,-0.235,-0.026,0.278,-0.009,0.769,0.058,0.518,0.043,0.552,0.703,0.401,0.294,0.672,0.653,0.707,0.559,0.715,0.903,0.372,0.497,0.884,0.01,0.249,0.868,-0.193,0.556,-0.367,-0.118,-0.063,-0.296,0.669,0.757,0.063,0.711,0.109,0.421,0.496,0.6,-0.091,0.667,0.422,0.439,0.762,-0.173,0.634,0.525,0.593,0.663,0.69,0.169,0.757,0.674,0.098,0.599,0.644,0.319,0.524,0.682,0.574,0.36,0.513,0.625,0.151,-0.188,0.373,0.862,0.592,0.708,0.443,0.473,0.659,0.797,0.446,0.527,0.405,0.648,0.556,0.787,0.903,0.18,0.854,0.646,0.49,0.61,0.645,0.869,0.118,0.599,0.795,-0.193,0.664,0.513,0.437,0.71,-0.603,-0.392,0.351,0.701,0.817,0.105,0.423,0.126,0.627,0.321,0.522,0.703,0.697,0.053,0.284,0.465,0.644,0.807,0.335,0.899,0.683,0.708,0.111,0.359,0.512,0.566,0.584,0.007,-0.283,0.172,0.365,0.724,-0.056,-0.049,0.645,0.724,0.735,0.131,-0.51,0.519,-0.151,-0.401,-0.147,0.083,0.013
000333SZ,0.415,0.767,0.501,0.68,1.0,0.52,0.79,0.713,0.604,0.633,-0.012,0.855,0.53,-0.374,0.763,-0.735,0.34,0.788,0.269,0.684,0.803,0.278,0.835,-0.346,0.813,0.509,0.125,-0.231,0.182,0.773,-0.214,0.007,-0.381,-0.776,-0.129,0.394,0.555,0.829,0.644,0.749,-0.497,0.853,-0.379,0.615,-0.434,0.556,-0.329,0.844,0.666,0.847,-0.387,0.565,0.099,-0.636,-0.441,0.505,0.182,0.66,0.439,-0.653,0.649,0.737,0.279,0.689,-0.582,0.439,0.562,-0.091,-0.347,0.806,0.566,0.463,0.702,-0.162,0.605,0.031,0.774,-0.692,-0.669,-0.342,0.716,-0.416,0.595,0.337,0.694,-0.281,0.26,0.592,0.491,0.497,0.734,0.287,0.589,0.459,0.799,0.566,0.428,0.667,0.665,0.469,0.076,0.83,-0.507,0.501,-0.561,-0.035,-0.072,-0.515,0.776,0.733,0.23,0.867,0.605,0.527,0.403,0.76,0.216,0.605,0.747,0.676,0.588,-0.261,0.807,0.798,0.767,0.739,0.774,0.267,0.499,0.54,-0.472,0.775,0.379,0.116,0.527,0.905,0.301,0.474,0.743,0.186,0.084,-0.443,0.797,0.799,0.514,0.857,0.527,0.714,0.821,0.783,0.508,0.337,0.11,0.253,0.629,0.867,0.804,-0.187,0.815,0.523,0.646,0.729,0.836,0.818,0.52,0.456,0.841,-0.496,0.514,0.672,0.551,0.722,-0.669,-0.743,0.404,0.528,0.704,-0.088,0.674,0.557,0.831,-0.146,0.775,0.554,0.589,-0.36,0.117,0.424,0.736,0.826,0.171,0.623,0.616,0.797,0.376,0.328,0.601,0.288,0.812,-0.395,-0.382,-0.11,0.665,0.612,-0.429,-0.555,0.303,0.945,0.453,-0.407,-0.166,0.565,-0.523,-0.272,-0.203,0.4,-0.356
000338SZ,0.287,0.813,0.764,0.55,0.52,1.0,0.659,0.776,0.577,0.708,-0.332,0.61,0.077,-0.585,0.468,-0.585,0.607,0.772,0.357,0.68,0.606,0.073,0.75,-0.551,0.579,0.753,0.685,-0.417,-0.562,0.473,-0.253,0.048,-0.898,-0.291,-0.556,0.093,0.323,0.794,0.163,0.745,-0.568,0.628,-0.41,0.385,-0.733,0.259,-0.699,0.627,0.71,0.567,-0.544,0.55,-0.276,-0.713,-0.756,0.188,0.389,0.315,0.878,-0.757,0.789,0.67,-0.21,0.525,-0.676,0.507,0.138,-0.524,0.161,0.782,0.606,0.351,0.589,-0.201,0.864,-0.047,0.683,-0.766,-0.617,-0.716,0.075,-0.654,0.385,0.397,0.834,-0.395,0.292,0.887,0.929,0.734,0.743,0.489,0.913,0.24,0.728,0.486,0.743,0.721,0.771,0.65,-0.02,0.562,-0.727,0.538,-0.886,-0.708,0.587,-0.848,0.661,0.804,-0.509,0.626,0.625,0.39,0.171,0.832,0.044,0.592,0.606,0.76,0.177,-0.342,0.54,0.745,0.906,0.624,0.275,-0.257,0.817,0.68,-0.33,0.818,0.018,0.603,0.789,0.603,-0.113,0.701,0.886,0.135,-0.625,-0.455,0.495,0.7,0.924,0.566,0.877,0.694,0.83,0.735,0.923,0.855,-0.12,-0.105,0.806,0.727,0.597,-0.165,0.779,0.559,0.926,0.635,0.81,0.42,0.632,0.857,0.753,-0.727,0.877,0.899,0.897,0.908,-0.83,-0.677,0.842,0.847,0.731,-0.508,0.888,0.625,0.773,0.01,0.764,0.787,0.258,-0.361,0.062,0.646,0.847,0.467,-0.31,0.722,0.843,0.763,0.739,0.009,0.572,-0.096,0.311,-0.627,-0.874,-0.527,0.228,0.775,-0.665,-0.551,0.051,0.589,0.781,-0.267,-0.0,0.727,-0.762,-0.664,-0.767,-0.298,-0.668
000538SZ,0.026,0.713,0.332,0.352,0.79,0.659,1.0,0.642,0.467,0.847,-0.528,0.557,0.305,-0.679,0.643,-0.864,0.089,0.904,-0.042,0.499,0.533,0.278,0.73,-0.712,0.801,0.835,0.283,-0.241,-0.088,0.715,-0.142,-0.302,-0.604,-0.631,-0.557,0.0,0.264,0.864,0.215,0.698,-0.791,0.689,-0.646,0.361,-0.806,0.414,-0.71,0.862,0.558,0.768,-0.733,0.389,-0.186,-0.858,-0.652,0.449,0.539,0.682,0.647,-0.894,0.888,0.715,0.32,0.734,-0.871,0.725,0.212,-0.553,-0.328,0.735,0.751,0.689,0.805,-0.452,0.809,0.298,0.635,-0.757,-0.857,-0.731,0.662,-0.748,0.294,0.548,0.79,-0.541,0.088,0.6,0.691,0.658,0.674,0.169,0.57,0.176,0.62,0.245,0.606,0.795,0.522,0.787,-0.222,0.565,-0.801,0.415,-0.789,-0.348,0.245,-0.773,0.635,0.689,-0.064,0.706,0.884,0.454,0.096,0.841,0.205,0.541,0.777,0.798,0.157,-0.414,0.666,0.856,0.846,0.653,0.413,-0.017,0.407,0.34,-0.738,0.817,-0.073,0.089,0.609,0.804,-0.175,0.614,0.847,-0.185,-0.392,-0.614,0.756,0.626,0.597,0.655,0.697,0.816,0.804,0.633,0.716,0.368,-0.223,-0.257,0.697,0.731,0.576,-0.438,0.67,0.374,0.828,0.634,0.78,0.464,0.82,0.514,0.759,-0.768,0.496,0.814,0.747,0.719,-0.705,-0.82,0.582,0.504,0.613,-0.447,0.877,0.803,0.866,-0.385,0.812,0.456,0.192,-0.596,-0.004,0.51,0.767,0.559,-0.301,0.471,0.613,0.69,0.695,0.116,0.55,-0.152,0.643,-0.756,-0.634,-0.518,0.553,0.499,-0.761,-0.819,-0.134,0.764,0.363,-0.646,0.26,0.658,-0.844,-0.34,-0.519,0.167,-0.693
000568SZ,0.298,0.777,0.712,0.671,0.713,0.776,0.642,1.0,0.868,0.531,-0.055,0.734,0.488,-0.543,0.678,-0.536,0.645,0.8,0.413,0.757,0.868,0.155,0.813,-0.431,0.776,0.542,0.354,-0.44,-0.132,0.671,-0.044,0.207,-0.646,-0.52,-0.171,0.5,0.657,0.835,0.548,0.894,-0.455,0.812,-0.353,0.665,-0.526,0.484,-0.404,0.76,0.862,0.802,-0.393,0.734,-0.071,-0.653,-0.562,0.485,0.265,0.475,0.656,-0.658,0.715,0.817,0.006,0.58,-0.522,0.527,0.534,-0.245,0.124,0.911,0.646,0.414,0.74,0.152,0.812,0.081,0.789,-0.64,-0.496,-0.496,0.349,-0.448,0.386,0.33,0.857,-0.423,0.18,0.813,0.688,0.726,0.879,0.404,0.741,0.269,0.83,0.557,0.494,0.607,0.723,0.452,0.209,0.75,-0.629,0.385,-0.725,-0.305,0.305,-0.662,0.69,0.79,-0.222,0.821,0.496,0.557,0.246,0.774,0.362,0.673,0.716,0.853,0.491,-0.37,0.858,0.818,0.833,0.767,0.589,0.028,0.785,0.655,-0.249,0.857,0.424,0.596,0.797,0.825,0.099,0.685,0.797,0.182,-0.195,-0.504,0.661,0.86,0.823,0.811,0.761,0.721,0.81,0.718,0.661,0.717,-0.102,0.186,0.617,0.833,0.716,-0.277,0.849,0.652,0.738,0.566,0.829,0.605,0.563,0.689,0.795,-0.659,0.682,0.763,0.794,0.883,-0.812,-0.701,0.671,0.685,0.756,-0.255,0.764,0.533,0.722,-0.128,0.769,0.653,0.623,-0.418,0.395,0.624,0.771,0.751,-0.093,0.745,0.738,0.72,0.572,0.057,0.512,0.313,0.513,-0.484,-0.627,-0.371,0.596,0.894,-0.496,-0.477,0.405,0.786,0.751,-0.386,-0.258,0.634,-0.59,-0.579,-0.522,0.002,-0.434
000596SZ,0.342,0.659,0.635,0.683,0.604,0.577,0.467,0.868,1.0,0.29,0.159,0.691,0.65,-0.29,0.669,-0.411,0.653,0.569,0.407,0.637,0.848,0.051,0.676,-0.263,0.719,0.267,0.196,-0.479,0.082,0.609,-0.01,0.239,-0.442,-0.53,0.146,0.724,0.7,0.65,0.678,0.704,-0.234,0.781,-0.22,0.619,-0.296,0.331,-0.186,0.644,0.756,0.743,-0.251,0.653,-0.086,-0.444,-0.393,0.401,-0.011,0.411,0.427,-0.455,0.52,0.737,0.119,0.548,-0.322,0.383,0.549,0.013,0.081,0.785,0.514,0.283,0.633,0.329,0.537,0.062,0.71,-0.464,-0.346,-0.253,0.357,-0.265,0.404,0.285,0.68,-0.31,0.116,0.659,0.494,0.583,0.767,0.417,0.568,0.326,0.724,0.578,0.276,0.515,0.656,0.189,0.339,0.746,-0.439,0.33,-0.481,-0.097,0.148,-0.421,0.54,0.704,0.004,0.732,0.268,0.521,0.358,0.589,0.361,0.591,0.564,0.647,0.606,-0.173,0.811,0.67,0.597,0.779,0.622,0.064,0.689,0.544,-0.125,0.71,0.525,0.451,0.647,0.741,0.264,0.479,0.599,0.261,0.012,-0.423,0.492,0.846,0.639,0.764,0.496,0.626,0.682,0.624,0.424,0.573,0.052,0.365,0.474,0.771,0.703,-0.226,0.785,0.521,0.523,0.438,0.647,0.634,0.377,0.524,0.712,-0.477,0.537,0.556,0.581,0.743,-0.711,-0.542,0.512,0.537,0.743,-0.109,0.54,0.366,0.578,-0.084,0.577,0.539,0.662,-0.269,0.494,0.554,0.646,0.777,0.059,0.72,0.555,0.545,0.327,0.081,0.309,0.534,0.582,-0.27,-0.406,-0.121,0.626,0.769,-0.291,-0.321,0.537,0.724,0.657,-0.268,-0.3,0.507,-0.332,-0.454,-0.298,0.19,-0.193
000617SZ,0.098,0.708,0.32,0.316,0.633,0.708,0.847,0.531,0.29,1.0,-0.578,0.452,-0.004,-0.565,0.4,-0.705,0.153,0.796,0.048,0.499,0.339,0.406,0.643,-0.585,0.601,0.874,0.512,-0.002,-0.392,0.44,-0.31,-0.249,-0.66,-0.308,-0.714,-0.256,0.032,0.76,-0.022,0.642,-0.683,0.472,-0.473,0.255,-0.794,0.472,-0.789,0.666,0.363,0.543,-0.607,0.293,-0.181,-0.725,-0.542,0.367,0.663,0.57,0.797,-0.806,0.827,0.471,-0.043,0.508,-0.821,0.631,-0.04,-0.605,-0.089,0.634,0.575,0.495,0.581,-0.605,0.823,0.18,0.456,-0.621,-0.795,-0.734,0.437,-0.69,0.363,0.386,0.67,-0.307,0.346,0.65,0.736,0.533,0.523,0.27,0.684,0.256,0.491,0.245,0.852,0.683,0.585,0.844,-0.372,0.397,-0.739,0.605,-0.787,-0.485,0.425,-0.812,0.586,0.638,-0.233,0.488,0.868,0.225,0.164,0.814,-0.005,0.633,0.565,0.733,-0.063,-0.263,0.396,0.697,0.821,0.435,0.328,0.05,0.456,0.417,-0.569,0.713,-0.239,0.187,0.528,0.596,-0.224,0.5,0.781,-0.029,-0.603,-0.377,0.651,0.462,0.675,0.401,0.717,0.621,0.676,0.632,0.791,0.464,-0.063,-0.326,0.772,0.551,0.504,-0.155,0.576,0.457,0.822,0.732,0.73,0.323,0.714,0.631,0.638,-0.59,0.618,0.766,0.677,0.694,-0.554,-0.604,0.621,0.574,0.547,-0.357,0.835,0.75,0.822,-0.093,0.797,0.615,-0.039,-0.364,-0.208,0.424,0.794,0.306,-0.292,0.514,0.587,0.765,0.756,0.262,0.743,-0.341,0.402,-0.68,-0.699,-0.525,0.248,0.48,-0.728,-0.664,-0.368,0.581,0.439,-0.369,0.289,0.74,-0.797,-0.186,-0.504,-0.046,-0.637
000625SZ,0.579,-0.101,0.238,0.467,-0.012,-0.332,-0.528,-0.055,0.159,-0.578,1.0,0.256,0.319,0.699,0.065,0.504,0.414,-0.47,0.591,0.076,0.264,-0.044,0.003,0.783,-0.157,-0.696,-0.254,-0.001,0.431,-0.093,-0.184,0.694,0.434,0.009,0.834,0.644,0.366,-0.337,0.583,-0.136,0.729,0.083,0.675,0.211,0.827,-0.019,0.811,-0.309,0.01,-0.121,0.781,0.269,0.507,0.642,0.517,-0.1,-0.714,-0.219,-0.443,0.651,-0.628,-0.184,-0.201,-0.236,0.704,-0.655,0.463,0.906,0.21,-0.074,-0.523,-0.602,-0.413,0.618,-0.529,-0.517,-0.021,0.317,0.587,0.814,-0.116,0.765,0.399,-0.477,-0.363,0.555,0.338,-0.097,-0.473,-0.444,-0.084,0.236,-0.072,0.415,0.031,0.511,-0.417,-0.39,0.148,-0.777,0.424,0.299,0.681,0.056,0.561,0.513,-0.529,0.607,-0.03,-0.062,0.392,-0.007,-0.712,-0.053,0.406,-0.307,-0.184,0.052,-0.332,-0.386,0.604,0.305,0.001,-0.35,-0.357,-0.004,0.35,0.369,0.102,0.184,0.7,-0.29,0.723,-0.016,-0.257,-0.077,0.767,-0.373,-0.41,0.68,0.759,0.446,-0.249,0.128,-0.241,0.083,-0.44,-0.363,-0.223,0.071,-0.45,-0.124,0.577,0.919,-0.278,0.003,0.247,0.526,0.066,0.19,-0.464,-0.06,-0.207,0.392,-0.667,-0.158,-0.059,0.633,-0.104,-0.444,-0.447,-0.187,0.219,0.401,-0.412,-0.041,0.037,0.684,-0.535,-0.649,-0.285,0.525,-0.336,0.078,0.483,0.601,0.249,-0.216,-0.262,0.266,0.733,0.218,-0.148,-0.083,-0.684,0.3,-0.103,0.78,0.079,0.798,0.534,0.785,-0.048,0.111,0.75,0.707,0.736,0.028,0.15,0.625,-0.689,-0.254,0.743,0.144,0.588,0.19,0.778
000651SZ,0.723,0.837,0.792,0.839,0.855,0.61,0.557,0.734,0.691,0.452,0.256,1.0,0.442,-0.183,0.647,-0.548,0.686,0.618,0.602,0.812,0.88,0.163,0.892,-0.086,0.671,0.351,0.326,-0.323,0.04,0.576,-0.396,0.258,-0.457,-0.669,0.03,0.549,0.575,0.736,0.706,0.758,-0.253,0.85,-0.117,0.575,-0.266,0.437,-0.203,0.648,0.69,0.725,-0.167,0.621,0.025,-0.448,-0.391,0.245,-0.121,0.354,0.424,-0.471,0.454,0.634,0.002,0.503,-0.42,0.157,0.515,0.13,-0.097,0.802,0.345,0.114,0.489,0.006,0.516,-0.313,0.849,-0.667,-0.53,-0.145,0.378,-0.226,0.767,0.097,0.607,-0.04,0.466,0.736,0.506,0.408,0.713,0.48,0.748,0.677,0.893,0.813,0.437,0.581,0.824,0.251,0.224,0.88,-0.343,0.661,-0.507,-0.147,-0.066,-0.437,0.777,0.771,0.145,0.796,0.359,0.393,0.564,0.709,0.061,0.652,0.556,0.581,0.685,-0.081,0.686,0.644,0.71,0.69,0.831,0.131,0.702,0.798,-0.155,0.703,0.574,0.316,0.496,0.779,0.567,0.365,0.71,0.538,0.108,-0.21,0.595,0.838,0.609,0.83,0.491,0.565,0.804,0.894,0.539,0.535,0.345,0.476,0.686,0.872,0.878,0.12,0.903,0.626,0.614,0.808,0.828,0.893,0.275,0.619,0.825,-0.363,0.71,0.627,0.513,0.78,-0.731,-0.625,0.411,0.697,0.77,-0.001,0.576,0.338,0.75,0.207,0.715,0.746,0.68,-0.062,0.079,0.362,0.742,0.827,0.349,0.764,0.667,0.858,0.212,0.407,0.569,0.444,0.691,-0.161,-0.446,0.088,0.494,0.753,-0.258,-0.314,0.463,0.888,0.712,-0.096,-0.465,0.65,-0.321,-0.359,-0.247,0.228,-0.197
000661SZ,0.076,0.312,0.193,0.479,0.53,0.077,0.305,0.488,0.65,-0.004,0.319,0.442,1.0,-0.046,0.805,-0.313,0.175,0.358,0.112,0.307,0.634,-0.008,0.369,-0.177,0.678,-0.123,-0.478,-0.425,0.652,0.749,0.256,0.193,0.124,-0.671,0.476,0.763,0.73,0.392,0.731,0.29,-0.102,0.645,-0.254,0.577,0.044,0.17,0.214,0.546,0.579,0.658,-0.144,0.505,0.234,-0.26,-0.067,0.496,-0.21,0.539,-0.031,-0.157,0.232,0.631,0.586,0.669,-0.098,0.288,0.652,0.279,-0.315,0.485,0.45,0.4,0.547,0.453,0.106,0.272,0.393,-0.185,-0.075,0.077,0.635,-0.048,0.187,0.416,0.378,-0.314,-0.176,0.143,0.09,0.33,0.556,0.009,0.078,0.167,0.456,0.359,-0.211,0.354,0.303,-0.112,0.409,0.685,-0.113,-0.067,-0.069,0.481,-0.192,-0.034,0.333,0.315,0.522,0.647,0.032,0.67,0.347,0.296,0.549,0.298,0.518,0.271,0.69,-0.098,0.743,0.435,0.236,0.613,0.488,0.402,0.227,0.012,-0.216,0.417,0.513,0.015,0.375,0.641,0.312,0.282,0.239,-0.002,0.489,-0.47,0.362,0.639,0.134,0.699,0.094,0.539,0.375,0.356,-0.063,0.064,0.077,0.439,0.055,0.59,0.552,-0.387,0.502,0.177,0.119,0.106,0.272,0.608,0.234,0.026,0.469,-0.254,0.042,0.208,0.189,0.318,-0.413,-0.37,0.143,0.026,0.546,0.114,0.162,0.199,0.305,-0.39,0.246,0.068,0.684,-0.318,0.638,0.505,0.243,0.785,0.261,0.414,0.097,0.147,0.011,0.164,-0.067,0.733,0.764,-0.089,0.167,0.14,0.768,0.327,-0.091,-0.219,0.647,0.607,0.12,-0.353,-0.184,0.086,-0.032,-0.182,0.178,0.627,0.109
000708SZ,0.372,-0.387,-0.181,-0.023,-0.374,-0.585,-0.679,-0.543,-0.29,-0.565,0.699,-0.183,-0.046,1.0,-0.406,0.613,0.019,-0.77,0.275,-0.278,-0.279,0.186,-0.359,0.828,-0.572,-0.735,-0.265,0.414,0.333,-0.519,-0.318,0.336,0.639,0.306,0.642,0.105,-0.203,-0.67,0.157,-0.504,0.785,-0.419,0.705,-0.235,0.819,-0.205,0.722,-0.662,-0.551,-0.537,0.773,-0.278,0.351,0.844,0.813,-0.309,-0.631,-0.433,-0.612,0.835,-0.824,-0.667,-0.209,-0.493,0.693,-0.791,-0.122,0.817,0.104,-0.557,-0.786,-0.736,-0.78,0.181,-0.764,-0.521,-0.516,0.646,0.6,0.879,-0.266,0.781,0.219,-0.507,-0.772,0.794,0.296,-0.408,-0.625,-0.774,-0.582,-0.082,-0.343,0.325,-0.436,0.154,-0.36,-0.58,-0.168,-0.735,0.031,-0.211,0.899,0.008,0.783,0.499,-0.494,0.751,-0.362,-0.425,0.468,-0.527,-0.683,-0.465,0.38,-0.585,-0.394,-0.231,-0.718,-0.712,0.049,0.62,-0.512,-0.735,-0.664,-0.459,0.068,0.311,-0.339,-0.177,0.615,-0.685,0.283,-0.332,-0.668,-0.484,0.579,-0.746,-0.699,0.488,0.549,0.728,-0.496,-0.375,-0.523,-0.403,-0.684,-0.699,-0.568,-0.24,-0.555,-0.409,0.657,0.558,-0.431,-0.466,-0.149,0.689,-0.37,-0.204,-0.64,-0.209,-0.56,0.002,-0.767,-0.32,-0.477,0.885,-0.367,-0.709,-0.742,-0.599,0.611,0.723,-0.586,-0.362,-0.313,0.759,-0.739,-0.718,-0.54,0.585,-0.564,-0.131,-0.114,0.828,-0.231,-0.56,-0.489,-0.278,0.695,-0.198,-0.547,-0.357,-0.798,0.361,-0.193,0.323,-0.223,0.849,0.659,0.843,-0.417,-0.34,0.811,0.804,0.147,-0.397,-0.223,0.782,-0.315,-0.316,0.847,0.586,0.707,0.173,0.838
000725SZ,0.164,0.615,0.418,0.668,0.763,0.468,0.643,0.678,0.669,0.4,0.065,0.647,0.805,-0.406,1.0,-0.625,0.246,0.706,0.117,0.532,0.779,-0.013,0.65,-0.455,0.866,0.3,-0.142,-0.568,0.312,0.95,0.095,0.107,-0.311,-0.751,0.05,0.585,0.712,0.722,0.633,0.551,-0.468,0.871,-0.462,0.645,-0.327,0.237,-0.171,0.81,0.779,0.816,-0.433,0.691,0.152,-0.613,-0.493,0.496,0.047,0.724,0.395,-0.569,0.593,0.861,0.453,0.868,-0.44,0.501,0.695,-0.076,-0.367,0.802,0.681,0.575,0.774,0.165,0.478,0.234,0.67,-0.622,-0.42,-0.33,0.712,-0.397,0.366,0.564,0.734,-0.506,0.001,0.458,0.456,0.623,0.834,0.258,0.451,0.209,0.68,0.484,0.16,0.705,0.574,0.269,0.259,0.859,-0.501,0.198,-0.496,0.073,0.026,-0.438,0.653,0.668,0.228,0.881,0.391,0.783,0.267,0.688,0.366,0.504,0.778,0.558,0.697,-0.413,0.874,0.77,0.634,0.829,0.49,0.241,0.537,0.258,-0.45,0.78,0.357,0.143,0.691,0.864,0.167,0.577,0.622,-0.014,0.142,-0.695,0.586,0.844,0.464,0.848,0.489,0.833,0.726,0.616,0.351,0.323,-0.069,0.28,0.458,0.855,0.739,-0.455,0.764,0.375,0.534,0.382,0.64,0.738,0.541,0.332,0.799,-0.58,0.394,0.619,0.561,0.651,-0.702,-0.698,0.461,0.383,0.773,-0.183,0.569,0.505,0.708,-0.386,0.566,0.371,0.696,-0.513,0.54,0.733,0.589,0.9,0.009,0.641,0.54,0.492,0.378,0.137,0.283,0.469,0.878,-0.419,-0.223,-0.145,0.736,0.515,-0.423,-0.512,0.536,0.83,0.359,-0.491,-0.055,0.357,-0.454,-0.478,-0.157,0.406,-0.281
000768SZ,-0.046,-0.669,-0.315,-0.288,-0.735,-0.585,-0.864,-0.536,-0.411,-0.705,0.504,-0.548,-0.313,0.613,-0.625,1.0,-0.024,-0.824,0.169,-0.519,-0.508,-0.138,-0.639,0.751,-0.689,-0.669,-0.169,0.352,0.065,-0.698,0.05,0.422,0.519,0.763,0.488,-0.026,-0.258,-0.844,-0.195,-0.578,0.854,-0.673,0.772,-0.419,0.788,-0.239,0.719,-0.84,-0.542,-0.746,0.838,-0.206,0.329,0.893,0.683,-0.309,-0.279,-0.571,-0.513,0.882,-0.806,-0.72,-0.451,-0.785,0.874,-0.635,-0.155,0.51,0.594,-0.649,-0.757,-0.687,-0.772,0.472,-0.678,-0.225,-0.675,0.784,0.904,0.663,-0.572,0.802,-0.293,-0.636,-0.739,0.57,0.087,-0.481,-0.685,-0.678,-0.677,-0.061,-0.487,-0.224,-0.661,-0.215,-0.449,-0.857,-0.471,-0.724,0.043,-0.546,0.76,-0.393,0.762,0.307,-0.255,0.743,-0.697,-0.616,-0.095,-0.71,-0.818,-0.459,-0.218,-0.724,-0.288,-0.268,-0.773,-0.624,-0.182,0.267,-0.638,-0.79,-0.763,-0.645,-0.385,0.099,-0.346,-0.33,0.883,-0.791,0.119,-0.079,-0.595,-0.752,0.115,-0.502,-0.812,0.255,0.319,0.679,-0.697,-0.614,-0.497,-0.704,-0.628,-0.848,-0.835,-0.577,-0.638,-0.338,0.212,0.281,-0.652,-0.738,-0.503,0.471,-0.63,-0.1,-0.775,-0.576,-0.778,-0.493,-0.779,-0.472,-0.709,0.79,-0.486,-0.802,-0.698,-0.653,0.763,0.918,-0.593,-0.411,-0.629,0.547,-0.814,-0.829,-0.843,0.473,-0.762,-0.397,-0.286,0.608,0.059,-0.471,-0.749,-0.559,0.185,-0.343,-0.54,-0.616,-0.582,-0.071,-0.381,0.154,-0.707,0.768,0.568,0.439,-0.563,-0.33,0.774,0.892,0.117,-0.751,-0.204,0.708,-0.288,-0.601,0.8,0.326,0.489,-0.373,0.755
000776SZ,0.742,0.641,0.874,0.759,0.34,0.607,0.089,0.645,0.653,0.153,0.414,0.686,0.175,0.019,0.246,-0.024,1.0,0.243,0.823,0.673,0.681,-0.002,0.582,0.187,0.255,0.111,0.547,-0.309,-0.274,0.107,-0.38,0.526,-0.469,-0.102,0.14,0.531,0.436,0.387,0.508,0.583,0.168,0.512,0.217,0.361,-0.031,0.245,-0.033,0.184,0.537,0.286,0.173,0.557,-0.052,-0.071,-0.222,-0.015,-0.199,-0.078,0.404,-0.113,0.176,0.342,-0.471,0.073,-0.051,-0.125,0.313,0.204,0.462,0.567,0.019,-0.3,0.101,0.29,0.355,-0.501,0.578,-0.347,-0.098,0.006,-0.212,0.061,0.606,-0.152,0.378,0.196,0.513,0.75,0.415,0.241,0.47,0.608,0.714,0.505,0.638,0.795,0.424,0.211,0.761,-0.049,0.322,0.558,-0.103,0.522,-0.337,-0.32,0.148,-0.276,0.45,0.582,-0.23,0.427,-0.04,0.148,0.456,0.399,-0.057,0.564,0.136,0.389,0.481,0.084,0.369,0.291,0.467,0.407,0.542,-0.028,0.76,0.829,0.368,0.413,0.579,0.647,0.405,0.359,0.516,0.22,0.421,0.713,-0.044,0.094,0.139,0.638,0.665,0.462,0.402,0.198,0.477,0.664,0.461,0.712,0.389,0.517,0.465,0.531,0.622,0.37,0.681,0.627,0.405,0.533,0.521,0.548,-0.039,0.683,0.524,-0.109,0.73,0.393,0.4,0.664,-0.527,-0.185,0.378,0.697,0.606,0.094,0.323,-0.024,0.357,0.509,0.433,0.729,0.526,0.228,0.13,0.278,0.549,0.506,0.291,0.744,0.573,0.614,0.088,0.209,0.409,0.446,0.151,0.09,-0.44,0.095,0.088,0.785,0.031,0.096,0.495,0.432,0.844,0.29,-0.611,0.49,-0.033,-0.397,-0.301,-0.223,0.03
000786SZ,0.032,0.755,0.465,0.43,0.788,0.772,0.904,0.8,0.569,0.796,-0.47,0.618,0.358,-0.77,0.706,-0.824,0.243,1.0,0.052,0.656,0.647,0.194,0.766,-0.758,0.852,0.803,0.283,-0.362,-0.171,0.781,0.019,-0.175,-0.674,-0.616,-0.544,0.114,0.465,0.951,0.269,0.792,-0.812,0.757,-0.688,0.538,-0.81,0.48,-0.691,0.917,0.771,0.857,-0.746,0.537,-0.136,-0.923,-0.731,0.532,0.538,0.653,0.734,-0.907,0.922,0.846,0.25,0.766,-0.833,0.762,0.336,-0.572,-0.208,0.846,0.868,0.744,0.897,-0.272,0.912,0.31,0.738,-0.779,-0.77,-0.769,0.556,-0.777,0.242,0.573,0.911,-0.638,0.015,0.68,0.795,0.801,0.833,0.199,0.661,0.124,0.765,0.285,0.582,0.799,0.59,0.789,-0.017,0.626,-0.844,0.359,-0.868,-0.368,0.384,-0.846,0.737,0.725,-0.177,0.836,0.836,0.643,0.125,0.871,0.39,0.563,0.9,0.885,0.244,-0.452,0.775,0.925,0.927,0.71,0.413,-0.021,0.567,0.44,-0.67,0.907,0.006,0.359,0.774,0.849,-0.192,0.78,0.925,-0.173,-0.388,-0.703,0.81,0.72,0.734,0.757,0.845,0.878,0.87,0.664,0.752,0.556,-0.302,-0.211,0.689,0.803,0.593,-0.499,0.756,0.488,0.865,0.601,0.867,0.496,0.807,0.61,0.797,-0.855,0.597,0.891,0.85,0.839,-0.823,-0.884,0.732,0.585,0.685,-0.504,0.918,0.832,0.86,-0.418,0.872,0.522,0.381,-0.688,0.19,0.669,0.794,0.637,-0.284,0.554,0.699,0.731,0.791,0.035,0.514,-0.061,0.61,-0.791,-0.698,-0.612,0.623,0.645,-0.813,-0.826,0.032,0.794,0.473,-0.668,0.121,0.639,-0.875,-0.502,-0.614,0.102,-0.746
000800SZ,0.75,0.47,0.755,0.674,0.269,0.357,-0.042,0.413,0.407,0.048,0.591,0.602,0.112,0.275,0.117,0.169,0.823,0.052,1.0,0.457,0.499,0.241,0.533,0.484,0.133,-0.016,0.382,0.007,-0.103,-0.025,-0.573,0.776,-0.238,-0.055,0.286,0.425,0.286,0.15,0.477,0.376,0.393,0.315,0.526,0.196,0.228,0.297,0.223,-0.031,0.318,0.128,0.47,0.514,0.275,0.187,0.136,-0.02,-0.248,-0.141,0.167,0.162,-0.109,0.038,-0.561,-0.138,0.133,-0.318,0.239,0.458,0.518,0.36,-0.258,-0.488,-0.15,0.281,0.167,-0.577,0.292,-0.109,0.099,0.296,-0.183,0.358,0.622,-0.439,0.068,0.442,0.691,0.581,0.133,-0.135,0.201,0.496,0.598,0.63,0.433,0.785,0.308,-0.023,0.625,-0.206,0.092,0.487,0.225,0.55,-0.038,-0.064,-0.129,-0.023,0.243,0.388,-0.071,0.213,-0.185,-0.038,0.414,0.269,-0.237,0.595,-0.074,0.229,0.456,0.15,0.137,0.023,0.283,0.172,0.539,0.172,0.526,0.694,0.525,0.125,0.655,0.343,0.074,0.19,0.629,0.024,0.178,0.845,0.149,0.401,0.035,0.397,0.406,0.261,0.186,-0.076,0.214,0.567,0.291,0.45,0.599,0.657,0.292,0.319,0.57,0.624,0.48,0.687,0.19,0.512,0.276,0.496,-0.255,0.49,0.314,0.22,0.528,0.116,0.076,0.383,-0.237,0.065,0.052,0.567,0.37,0.42,0.078,-0.298,0.177,0.691,0.209,0.649,0.341,0.502,-0.013,0.027,0.271,0.351,0.44,0.622,0.317,0.512,-0.168,0.391,0.363,0.491,0.057,0.388,-0.184,0.368,-0.03,0.683,0.246,0.373,0.445,0.298,0.745,0.527,-0.742,0.379,0.222,-0.099,-0.007,-0.233,0.346
000807SZ,0.564,0.768,0.69,0.69,0.684,0.68,0.499,0.757,0.637,0.499,0.076,0.812,0.307,-0.278,0.532,-0.519,0.673,0.656,0.457,1.0,0.763,0.235,0.765,-0.252,0.557,0.418,0.362,-0.321,-0.199,0.477,-0.215,0.152,-0.489,-0.447,-0.156,0.363,0.559,0.77,0.482,0.814,-0.348,0.72,-0.27,0.7,-0.367,0.483,-0.328,0.633,0.685,0.685,-0.293,0.516,-0.049,-0.514,-0.403,0.322,0.029,0.29,0.552,-0.508,0.507,0.623,-0.088,0.478,-0.434,0.2,0.445,-0.056,-0.021,0.782,0.456,0.208,0.506,-0.03,0.622,-0.25,0.814,-0.556,-0.491,-0.279,0.199,-0.388,0.599,0.174,0.654,-0.139,0.31,0.725,0.629,0.53,0.753,0.369,0.722,0.523,0.841,0.675,0.507,0.556,0.777,0.383,0.291,0.691,-0.434,0.567,-0.631,-0.261,0.234,-0.591,0.863,0.69,0.011,0.75,0.443,0.411,0.623,0.629,0.184,0.519,0.58,0.588,0.457,-0.024,0.626,0.608,0.705,0.57,0.661,0.099,0.713,0.758,-0.191,0.723,0.354,0.54,0.625,0.699,0.352,0.437,0.715,0.381,-0.086,-0.306,0.653,0.758,0.732,0.744,0.631,0.58,0.766,0.745,0.58,0.668,0.156,0.25,0.641,0.754,0.69,0.023,0.824,0.554,0.634,0.72,0.861,0.715,0.305,0.732,0.715,-0.44,0.713,0.661,0.638,0.794,-0.741,-0.625,0.612,0.621,0.737,-0.13,0.625,0.498,0.724,0.086,0.798,0.729,0.676,-0.185,0.116,0.388,0.759,0.676,0.302,0.681,0.642,0.794,0.377,0.301,0.525,0.281,0.506,-0.324,-0.521,-0.142,0.375,0.732,-0.381,-0.375,0.342,0.74,0.655,-0.152,-0.358,0.684,-0.412,-0.34,-0.403,0.135,-0.359
000858SZ,0.569,0.767,0.753,0.844,0.803,0.606,0.533,0.868,0.848,0.339,0.264,0.88,0.634,-0.279,0.779,-0.508,0.681,0.647,0.499,0.763,1.0,0.073,0.838,-0.189,0.734,0.271,0.19,-0.511,0.147,0.717,-0.187,0.264,-0.469,-0.667,0.113,0.696,0.728,0.74,0.821,0.788,-0.277,0.936,-0.219,0.657,-0.26,0.365,-0.128,0.701,0.812,0.772,-0.218,0.759,0.028,-0.49,-0.445,0.333,-0.111,0.443,0.398,-0.491,0.489,0.784,0.128,0.612,-0.368,0.237,0.7,0.102,-0.105,0.882,0.453,0.221,0.6,0.202,0.539,-0.191,0.85,-0.668,-0.429,-0.193,0.441,-0.222,0.616,0.268,0.713,-0.242,0.241,0.727,0.479,0.524,0.828,0.465,0.66,0.438,0.855,0.769,0.308,0.582,0.77,0.176,0.303,0.901,-0.382,0.408,-0.514,-0.118,-0.054,-0.409,0.738,0.799,0.089,0.869,0.309,0.549,0.412,0.682,0.209,0.599,0.65,0.639,0.732,-0.273,0.881,0.736,0.698,0.82,0.765,0.124,0.726,0.674,-0.154,0.765,0.679,0.413,0.641,0.867,0.45,0.511,0.682,0.37,0.131,-0.403,0.57,0.93,0.632,0.906,0.554,0.669,0.808,0.771,0.472,0.536,0.121,0.498,0.56,0.903,0.832,-0.119,0.896,0.56,0.577,0.573,0.797,0.854,0.332,0.568,0.852,-0.471,0.595,0.627,0.592,0.776,-0.772,-0.651,0.452,0.618,0.805,-0.037,0.577,0.326,0.7,-0.007,0.653,0.626,0.802,-0.24,0.36,0.524,0.698,0.919,0.209,0.767,0.715,0.708,0.24,0.185,0.461,0.539,0.712,-0.216,-0.408,0.011,0.64,0.787,-0.237,-0.329,0.637,0.882,0.685,-0.238,-0.44,0.515,-0.355,-0.532,-0.267,0.204,-0.202
000876SZ,0.179,0.194,-0.024,0.054,0.278,0.073,0.278,0.155,0.051,0.406,-0.044,0.163,-0.008,0.186,-0.013,-0.138,-0.002,0.194,0.241,0.235,0.073,1.0,0.341,0.103,0.11,0.289,0.139,0.619,0.08,-0.001,-0.424,0.084,0.005,-0.076,-0.177,-0.244,-0.033,0.169,0.09,0.353,-0.104,0.025,0.121,0.154,-0.1,0.625,-0.119,0.157,-0.133,0.17,0.053,0.074,0.188,-0.04,0.384,0.471,0.282,0.316,0.096,-0.056,0.067,-0.152,-0.103,-0.026,-0.182,-0.009,-0.048,0.09,0.033,0.126,-0.024,-0.02,0.002,-0.362,0.287,-0.136,-0.095,0.127,-0.195,0.049,0.281,-0.017,0.338,-0.095,-0.035,0.258,0.38,0.205,0.035,-0.168,-0.008,-0.089,0.216,0.399,0.017,0.186,0.405,-0.024,0.208,0.323,-0.464,0.107,0.09,0.392,-0.021,0.093,-0.112,-0.1,0.165,0.156,0.187,-0.025,0.408,-0.255,0.323,0.223,-0.132,0.341,-0.052,0.287,-0.158,0.198,0.025,0.038,0.173,-0.033,0.387,0.431,-0.04,0.156,-0.107,0.071,0.056,-0.15,-0.168,0.186,0.133,-0.175,0.089,0.199,-0.081,0.233,0.413,0.002,0.104,0.05,0.122,-0.073,0.074,0.221,0.192,-0.06,0.271,0.092,0.186,0.015,0.151,0.301,0.09,0.324,0.149,0.385,0.197,0.147,0.136,0.196,0.045,0.162,0.022,0.004,-0.032,0.011,0.072,-0.012,-0.004,0.019,0.047,0.415,0.15,0.109,0.253,0.188,0.282,0.334,-0.159,0.244,-0.35,-0.232,0.173,-0.019,0.247,0.097,-0.036,0.322,0.023,0.475,0.472,-0.128,0.127,0.028,-0.066,0.144,-0.022,0.264,0.019,0.028,-0.282,0.208,0.144,0.096,-0.04,0.376,-0.094,0.464,0.149,0.102,0.103
000895SZ,0.527,0.84,0.771,0.73,0.835,0.75,0.73,0.813,0.676,0.643,0.003,0.892,0.369,-0.359,0.65,-0.639,0.582,0.766,0.533,0.765,0.838,0.341,1.0,-0.272,0.739,0.602,0.434,-0.234,-0.076,0.629,-0.412,0.204,-0.658,-0.639,-0.216,0.362,0.494,0.797,0.582,0.829,-0.445,0.834,-0.212,0.513,-0.488,0.503,-0.398,0.726,0.715,0.761,-0.335,0.688,-0.039,-0.6,-0.458,0.344,0.145,0.48,0.587,-0.641,0.627,0.661,-0.014,0.555,-0.6,0.364,0.424,-0.096,-0.049,0.864,0.463,0.262,0.59,-0.144,0.743,-0.181,0.79,-0.728,-0.627,-0.367,0.433,-0.383,0.66,0.202,0.723,-0.222,0.454,0.831,0.632,0.507,0.758,0.457,0.836,0.555,0.837,0.716,0.574,0.67,0.809,0.473,-0.052,0.832,-0.49,0.641,-0.654,-0.293,0.053,-0.592,0.741,0.855,-0.048,0.773,0.578,0.387,0.378,0.856,0.045,0.729,0.635,0.751,0.495,-0.258,0.714,0.752,0.844,0.734,0.71,0.054,0.723,0.738,-0.301,0.785,0.442,0.293,0.576,0.822,0.299,0.532,0.824,0.365,-0.163,-0.292,0.662,0.803,0.702,0.784,0.671,0.667,0.85,0.866,0.717,0.559,0.147,0.282,0.757,0.858,0.825,-0.006,0.88,0.643,0.778,0.791,0.868,0.762,0.478,0.691,0.846,-0.525,0.712,0.738,0.665,0.815,-0.764,-0.695,0.514,0.756,0.736,-0.103,0.753,0.463,0.836,0.096,0.758,0.797,0.48,-0.183,0.053,0.422,0.801,0.728,0.079,0.737,0.743,0.86,0.425,0.291,0.667,0.244,0.627,-0.338,-0.632,-0.104,0.496,0.813,-0.443,-0.43,0.274,0.874,0.771,-0.205,-0.304,0.739,-0.548,-0.442,-0.392,0.043,-0.361
000938SZ,0.469,-0.361,-0.048,0.067,-0.346,-0.551,-0.712,-0.431,-0.263,-0.585,0.783,-0.086,-0.177,0.828,-0.455,0.751,0.187,-0.758,0.484,-0.252,-0.189,0.103,-0.272,1.0,-0.557,-0.682,-0.095,0.423,0.271,-0.598,-0.375,0.534,0.518,0.384,0.663,0.163,-0.181,-0.677,0.163,-0.377,0.88,-0.377,0.921,-0.293,0.858,-0.056,0.774,-0.709,-0.493,-0.57,0.944,-0.126,0.378,0.884,0.775,-0.328,-0.598,-0.494,-0.594,0.843,-0.851,-0.685,-0.432,-0.716,0.765,-0.843,-0.024,0.837,0.359,-0.459,-0.894,-0.882,-0.801,0.326,-0.683,-0.61,-0.411,0.577,0.648,0.891,-0.365,0.91,0.251,-0.793,-0.746,0.849,0.442,-0.29,-0.714,-0.826,-0.587,0.089,-0.273,0.307,-0.382,0.238,-0.321,-0.707,-0.149,-0.765,-0.003,-0.194,0.865,0.032,0.768,0.406,-0.622,0.774,-0.42,-0.365,0.271,-0.512,-0.742,-0.562,0.162,-0.549,-0.475,-0.068,-0.754,-0.582,0.121,0.46,-0.496,-0.713,-0.625,-0.475,0.125,0.278,-0.231,0.017,0.829,-0.68,0.488,-0.243,-0.692,-0.496,0.619,-0.684,-0.679,0.669,0.55,0.847,-0.534,-0.361,-0.475,-0.423,-0.67,-0.795,-0.602,-0.196,-0.559,-0.363,0.638,0.635,-0.406,-0.457,-0.131,0.805,-0.341,0.038,-0.68,-0.138,-0.512,-0.025,-0.848,-0.331,-0.447,0.903,-0.293,-0.735,-0.762,-0.521,0.61,0.757,-0.711,-0.245,-0.383,0.813,-0.76,-0.88,-0.563,0.758,-0.565,-0.095,-0.063,0.876,-0.2,-0.618,-0.516,-0.252,0.602,-0.129,-0.422,-0.252,-0.826,0.314,-0.108,0.363,-0.357,0.952,0.556,0.829,-0.446,-0.174,0.881,0.899,0.24,-0.378,-0.018,0.834,-0.59,-0.332,0.88,0.484,0.659,-0.102,0.893
000963SZ,0.084,0.689,0.43,0.557,0.813,0.579,0.801,0.776,0.719,0.601,-0.157,0.671,0.678,-0.572,0.866,-0.689,0.255,0.852,0.133,0.557,0.734,0.11,0.739,-0.557,1.0,0.541,0.061,-0.417,0.182,0.881,0.059,0.007,-0.458,-0.719,-0.162,0.449,0.641,0.821,0.509,0.683,-0.586,0.841,-0.494,0.622,-0.531,0.423,-0.389,0.893,0.781,0.92,-0.538,0.646,0.009,-0.737,-0.558,0.574,0.306,0.731,0.566,-0.716,0.76,0.85,0.393,0.81,-0.6,0.691,0.534,-0.241,-0.189,0.835,0.783,0.67,0.871,0.008,0.693,0.35,0.701,-0.649,-0.586,-0.495,0.734,-0.538,0.3,0.51,0.818,-0.535,0.048,0.567,0.6,0.701,0.833,0.276,0.543,0.194,0.727,0.371,0.345,0.708,0.576,0.499,0.13,0.777,-0.675,0.285,-0.622,-0.05,0.159,-0.568,0.633,0.697,0.081,0.863,0.595,0.699,0.206,0.79,0.432,0.633,0.843,0.77,0.522,-0.36,0.858,0.871,0.763,0.815,0.532,0.156,0.562,0.338,-0.501,0.837,0.238,0.222,0.71,0.884,0.015,0.675,0.775,-0.044,-0.066,-0.658,0.712,0.784,0.589,0.805,0.609,0.846,0.771,0.674,0.504,0.426,-0.144,0.098,0.557,0.843,0.72,-0.485,0.775,0.521,0.665,0.53,0.727,0.63,0.664,0.429,0.802,-0.687,0.45,0.706,0.667,0.754,-0.74,-0.755,0.576,0.498,0.712,-0.292,0.723,0.659,0.765,-0.371,0.705,0.453,0.537,-0.571,0.432,0.673,0.674,0.804,-0.11,0.64,0.561,0.628,0.6,0.136,0.417,0.325,0.772,-0.53,-0.438,-0.341,0.745,0.626,-0.601,-0.637,0.32,0.855,0.462,-0.554,0.017,0.514,-0.617,-0.43,-0.315,0.309,-0.434
000999SZ,-0.093,0.569,0.313,0.147,0.509,0.753,0.835,0.542,0.267,0.874,-0.696,0.351,-0.123,-0.735,0.3,-0.669,0.111,0.803,-0.016,0.418,0.271,0.289,0.602,-0.682,0.541,1.0,0.572,-0.021,-0.482,0.4,-0.15,-0.284,-0.769,-0.287,-0.805,-0.299,0.054,0.714,-0.132,0.622,-0.768,0.387,-0.509,0.17,-0.872,0.44,-0.85,0.655,0.424,0.51,-0.668,0.289,-0.274,-0.776,-0.647,0.37,0.733,0.491,0.799,-0.849,0.857,0.496,-0.047,0.411,-0.799,0.716,-0.077,-0.757,-0.016,0.583,0.642,0.565,0.637,-0.5,0.884,0.274,0.452,-0.644,-0.748,-0.853,0.298,-0.785,0.123,0.395,0.712,-0.489,0.159,0.603,0.75,0.621,0.498,0.192,0.648,0.047,0.443,0.06,0.727,0.623,0.419,0.921,-0.37,0.273,-0.812,0.425,-0.822,-0.596,0.487,-0.845,0.464,0.597,-0.459,0.437,0.887,0.224,-0.102,0.761,0.071,0.495,0.583,0.749,-0.123,-0.408,0.379,0.703,0.8,0.437,0.121,-0.177,0.426,0.394,-0.601,0.687,-0.318,0.227,0.542,0.498,-0.454,0.62,0.784,-0.217,-0.715,-0.442,0.626,0.372,0.641,0.325,0.74,0.605,0.643,0.484,0.796,0.472,-0.305,-0.463,0.69,0.474,0.311,-0.329,0.467,0.422,0.824,0.563,0.68,0.115,0.777,0.544,0.54,-0.723,0.562,0.763,0.741,0.671,-0.562,-0.652,0.629,0.55,0.391,-0.524,0.854,0.744,0.721,-0.215,0.696,0.517,-0.117,-0.515,-0.156,0.398,0.686,0.188,-0.528,0.352,0.609,0.63,0.823,-0.006,0.588,-0.452,0.229,-0.771,-0.82,-0.683,0.212,0.505,-0.789,-0.712,-0.374,0.467,0.453,-0.485,0.303,0.623,-0.887,-0.364,-0.658,-0.244,-0.782
001965SZ,0.389,0.49,0.569,0.254,0.125,0.685,0.283,0.354,0.196,0.512,-0.254,0.326,-0.478,-0.265,-0.142,-0.169,0.547,0.283,0.382,0.362,0.19,0.139,0.434,-0.095,0.061,0.572,1.0,0.037,-0.724,-0.168,-0.496,0.015,-0.738,0.193,-0.54,-0.205,-0.148,0.328,-0.165,0.478,-0.199,0.167,0.064,-0.061,-0.475,0.212,-0.59,0.114,0.147,0.035,-0.16,0.188,-0.432,-0.26,-0.424,-0.145,0.284,-0.036,0.653,-0.403,0.381,0.07,-0.581,-0.107,-0.351,0.077,-0.245,-0.369,0.445,0.336,0.048,-0.175,0.042,-0.369,0.547,-0.367,0.332,-0.425,-0.409,-0.44,-0.306,-0.308,0.364,-0.087,0.366,0.08,0.525,0.677,0.564,0.294,0.213,0.59,0.709,0.283,0.323,0.309,0.739,0.254,0.493,0.449,-0.239,0.11,-0.411,0.596,-0.531,-0.764,0.434,-0.49,0.27,0.52,-0.64,0.062,0.386,-0.255,0.046,0.492,-0.42,0.41,0.017,0.449,-0.192,0.018,-0.031,0.29,0.503,0.19,0.1,-0.319,0.586,0.671,0.065,0.371,-0.107,0.485,0.295,0.089,-0.045,0.176,0.519,0.356,-0.681,0.151,0.111,0.214,0.624,0.037,0.491,0.115,0.396,0.457,0.701,0.603,0.043,-0.115,0.619,0.235,0.214,0.304,0.363,0.444,0.585,0.525,0.465,0.06,0.258,0.657,0.354,-0.259,0.683,0.483,0.491,0.522,-0.35,-0.18,0.481,0.704,0.261,-0.265,0.525,0.242,0.417,0.467,0.431,0.693,-0.18,0.161,-0.372,0.108,0.57,-0.043,-0.243,0.425,0.605,0.574,0.435,0.01,0.589,-0.339,-0.166,-0.237,-0.767,-0.27,-0.315,0.497,-0.281,-0.153,-0.284,0.168,0.664,0.17,0.026,0.558,-0.42,-0.308,-0.542,-0.569,-0.379
002001SZ,-0.101,-0.421,-0.453,-0.437,-0.231,-0.417,-0.241,-0.44,-0.479,-0.002,-0.001,-0.323,-0.425,0.414,-0.568,0.352,-0.309,-0.362,0.007,-0.321,-0.511,0.619,-0.234,0.423,-0.417,-0.021,0.037,1.0,0.061,-0.529,-0.179,-0.029,0.371,0.354,-0.024,-0.45,-0.379,-0.448,-0.283,-0.259,0.281,-0.557,0.477,-0.292,0.267,0.418,0.142,-0.351,-0.63,-0.377,0.411,-0.299,0.148,0.443,0.665,0.199,0.206,-0.009,-0.262,0.382,-0.357,-0.661,-0.256,-0.583,0.302,-0.232,-0.372,0.185,0.188,-0.499,-0.444,-0.293,-0.442,-0.25,-0.215,-0.047,-0.562,0.584,0.23,0.313,-0.06,0.309,-0.075,-0.413,-0.54,0.451,0.248,-0.371,-0.435,-0.546,-0.603,-0.25,-0.251,0.108,-0.506,-0.322,0.007,-0.566,-0.381,0.029,-0.448,-0.444,0.434,0.054,0.467,0.311,-0.238,0.363,-0.407,-0.374,0.098,-0.572,-0.016,-0.615,0.001,-0.335,-0.265,-0.053,-0.527,-0.263,-0.404,0.396,-0.527,-0.457,-0.395,-0.488,-0.081,0.397,-0.465,-0.147,0.205,-0.502,-0.211,-0.395,-0.669,-0.454,-0.065,-0.522,-0.439,0.066,0.05,0.627,-0.058,-0.599,-0.452,-0.553,-0.459,-0.604,-0.518,-0.31,-0.316,-0.489,0.24,-0.014,-0.268,-0.578,-0.404,0.425,-0.52,-0.004,-0.399,-0.049,-0.365,-0.394,-0.272,-0.388,-0.524,0.582,-0.398,-0.543,-0.558,-0.498,0.682,0.525,-0.474,-0.374,-0.594,0.539,-0.393,-0.277,-0.339,0.312,-0.326,-0.086,-0.566,0.45,-0.461,-0.667,-0.348,-0.574,0.166,-0.43,-0.487,-0.184,-0.242,0.248,0.157,-0.265,-0.377,0.379,0.269,0.298,-0.406,-0.262,0.349,0.374,-0.478,-0.359,-0.246,0.375,0.08,-0.215,0.311,0.693,0.515,-0.038,0.371
