,000001SZ,000002SZ,000157SZ,000166SZ,000333SZ,000338SZ,000538SZ,000568SZ,000596SZ,000617SZ,000625SZ,000651SZ,000661SZ,000708SZ,000725SZ,000768SZ,000776SZ,000786SZ,000800SZ,000807SZ,000858SZ,000876SZ,000895SZ,000938SZ,000963SZ,000999SZ,001965SZ,002001SZ,002007SZ,002027SZ,002028SZ,002050SZ,002129SZ,002179SZ,002230SZ,002236SZ,002241SZ,002271SZ,002304SZ,002311SZ,002371SZ,002415SZ,002422SZ,002459SZ,002460SZ,002463SZ,002466SZ,002475SZ,002493SZ,002555SZ,002594SZ,002601SZ,002648SZ,002709SZ,002714SZ,002916SZ,002920SZ,002938SZ,003816SZ,300014SZ,300033SZ,300059SZ,300122SZ,300124SZ,300274SZ,300308SZ,300316SZ,300347SZ,300394SZ,300408SZ,300413SZ,300418SZ,300433SZ,300450SZ,300498SZ,300502SZ,300628SZ,300661SZ,300750SZ,300759SZ,300760SZ,300782SZ,600000SS,600010SS,600011SS,600015SS,600016SS,600018SS,600019SS,600023SS,600025SS,600026SS,600028SS,600029SS,600031SS,600036SS,600048SS,600050SS,600061SS,600085SS,600089SS,600104SS,600111SS,600115SS,600161SS,600183SS,600188SS,600196SS,600219SS,600233SS,600276SS,600309SS,600332SS,600346SS,600362SS,600377SS,600406SS,600415SS,600426SS,600436SS,600438SS,600489SS,600519SS,600570SS,600585SS,600588SS,600600SS,600660SS,600674SS,600741SS,600760SS,600795SS,600809SS,600875SS,600886SS,600887SS,600926SS,600989SS,601006SS,601009SS,601012SS,601021SS,601058SS,601066SS,601088SS,601100SS,601117SS,601138SS,601166SS,601169SS,601186SS,601225SS,601229SS,601238SS,601288SS,601318SS,601319SS,601328SS,601336SS,601360SS,601390SS,601398SS,601600SS,601601SS,601607SS,601618SS,601628SS,601633SS,601658SS,601668SS,601669SS,601688SS,601689SS,601698SS,601699SS,601766SS,601788SS,601799SS,601800SS,601808SS,601816SS,601818SS,601838SS,601857SS,601865SS,601872SS,601877SS,601878SS,601881SS,601888SS,601899SS,601901SS,601919SS,601939SS,601985SS,601988SS,601998SS,603019SS,603195SS,603259SS,603260SS,603288SS,603369SS,603501SS,603659SS,603799SS,603806SS,603833SS,603986SS,603993SS,688008SS,688009SS,688012SS,688036SS,688111SS,688169SS,688396SS
000001SZ,1.0,-0.458,-0.507,0.274,-0.156,-0.516,-0.116,0.289,-0.535,-0.419,0.491,-0.139,0.257,0.075,-0.46,0.334,0.311,-0.193,0.376,0.542,0.576,-0.556,-0.35,-0.075,0.421,0.617,0.429,0.671,-0.57,0.345,-0.312,-0.301,-0.378,-0.04,0.404,-0.598,0.258,0.391,0.552,0.421,0.543,-0.086,0.457,-0.066,0.723,-0.49,0.56,-0.171,-0.192,0.416,-0.115,0.588,0.613,0.629,-0.401,-0.104,0.495,-0.502,0.431,0.688,-0.276,0.598,0.423,0.526,0.578,0.5,0.698,0.475,0.093,-0.372,0.6,-0.579,-0.132,-0.234,-0.55,-0.109,0.352,0.076,0.574,0.496,0.562,-0.277,-0.423,0.26,0.429,0.521,-0.477,0.519,-0.117,-0.45,-0.304,-0.236,0.469,-0.138,-0.302,0.777,-0.44,0.731,0.299,0.591,0.386,0.423,0.132,-0.105,-0.461,-0.346,-0.079,0.523,0.657,0.32,0.355,0.042,0.595,-0.202,0.163,0.219,-0.418,0.345,0.032,0.559,0.682,0.606,-0.171,0.154,0.142,-0.117,0.499,0.203,0.287,-0.532,0.486,0.573,0.603,-0.213,-0.153,-0.133,0.432,-0.41,0.444,0.238,0.674,0.02,-0.319,-0.014,0.329,-0.273,0.496,-0.596,0.26,0.491,-0.476,0.261,0.333,0.518,-0.333,-0.497,0.611,0.313,0.654,-0.634,0.167,-0.376,0.548,0.174,0.673,-0.393,0.664,-0.133,-0.527,-0.544,0.322,-0.214,-0.3,-0.468,0.514,-0.016,0.044,-0.312,0.26,0.401,-0.588,-0.28,0.634,0.578,0.394,0.508,-0.449,0.359,0.24,0.51,0.486,-0.284,0.757,-0.358,0.485,-0.074,-0.15,-0.365,0.603,0.504,0.613,0.409,-0.011,-0.319,0.407,0.716,0.463,0.269,-0.062,0.448,-0.546,-0.086,0.149,-0.395,0.678,0.44,-0.118
000002SZ,-0.458,1.0,0.886,-0.561,0.385,0.784,0.274,-0.267,0.638,0.493,-0.843,0.701,-0.52,0.652,0.731,-0.255,-0.163,0.685,-0.265,-0.671,-0.572,0.764,0.435,0.056,-0.501,-0.842,-0.64,-0.721,0.656,0.029,0.604,0.686,0.456,0.199,-0.761,0.718,-0.085,0.104,-0.58,-0.158,-0.409,0.317,-0.474,0.286,-0.522,0.662,-0.765,0.605,0.696,-0.532,0.146,-0.555,-0.473,-0.608,0.828,0.119,-0.097,0.718,-0.443,-0.712,0.475,-0.58,-0.52,-0.307,-0.539,-0.513,-0.438,-0.621,-0.082,0.851,-0.506,0.749,0.239,0.793,0.799,0.277,-0.614,0.066,-0.061,-0.816,-0.72,0.444,0.584,-0.486,-0.42,-0.676,0.738,-0.69,0.433,0.494,0.465,0.319,-0.581,0.236,0.787,-0.609,0.912,-0.746,-0.191,-0.596,-0.377,-0.467,0.195,0.27,0.687,0.887,0.158,-0.848,-0.518,-0.284,-0.347,0.476,-0.797,0.728,-0.113,-0.23,0.763,-0.485,0.387,-0.702,-0.819,-0.68,0.157,0.182,0.408,0.431,-0.721,-0.059,-0.394,0.895,-0.711,-0.864,-0.823,0.634,0.482,0.419,-0.506,0.882,-0.632,-0.481,-0.511,0.45,0.615,0.121,-0.359,0.624,-0.372,0.722,-0.234,-0.793,0.772,-0.293,-0.26,-0.724,0.264,0.799,-0.651,-0.346,-0.59,0.838,-0.081,0.346,-0.735,0.088,-0.48,0.661,-0.687,0.357,0.45,0.681,-0.294,0.351,0.81,0.639,-0.729,-0.002,0.046,0.571,-0.166,-0.71,0.843,0.162,-0.786,-0.81,-0.354,-0.736,0.769,-0.331,-0.11,-0.552,-0.199,0.571,-0.733,0.312,-0.549,0.165,0.239,0.665,-0.105,-0.645,-0.655,-0.538,0.001,0.602,-0.283,-0.536,-0.356,0.477,0.333,-0.241,0.624,-0.074,0.001,0.478,-0.492,-0.358,0.367
000157SZ,-0.507,0.886,1.0,-0.548,0.592,0.921,0.519,0.001,0.832,0.561,-0.816,0.555,-0.289,0.665,0.883,-0.06,-0.124,0.749,-0.21,-0.836,-0.399,0.911,0.642,0.066,-0.402,-0.858,-0.816,-0.619,0.879,0.107,0.772,0.821,0.499,0.401,-0.641,0.768,0.085,0.242,-0.677,-0.028,-0.208,0.539,-0.414,0.387,-0.632,0.747,-0.845,0.717,0.694,-0.435,0.376,-0.638,-0.549,-0.566,0.908,0.358,-0.028,0.881,-0.557,-0.669,0.647,-0.449,-0.465,-0.227,-0.471,-0.503,-0.404,-0.425,0.234,0.899,-0.387,0.901,0.483,0.755,0.865,0.46,-0.519,0.293,-0.089,-0.689,-0.559,0.653,0.752,-0.659,-0.621,-0.71,0.82,-0.853,0.324,0.542,0.265,0.248,-0.78,0.347,0.933,-0.672,0.938,-0.856,-0.049,-0.572,-0.434,-0.584,0.019,0.398,0.871,0.785,-0.01,-0.885,-0.678,-0.275,-0.193,0.58,-0.859,0.827,-0.286,-0.48,0.931,-0.343,0.204,-0.598,-0.861,-0.859,0.44,0.332,0.326,0.577,-0.659,0.163,-0.352,0.863,-0.631,-0.961,-0.726,0.703,0.522,0.614,-0.485,0.861,-0.817,-0.309,-0.604,0.305,0.789,0.284,-0.586,0.798,-0.547,0.878,-0.353,-0.897,0.73,-0.49,-0.141,-0.698,0.218,0.92,-0.735,-0.413,-0.643,0.821,-0.333,0.38,-0.9,0.199,-0.549,0.612,-0.652,0.518,0.585,0.639,-0.378,0.406,0.868,0.776,-0.859,0.073,0.236,0.761,-0.354,-0.708,0.913,0.34,-0.91,-0.904,-0.21,-0.904,0.912,-0.215,0.005,-0.385,-0.37,0.719,-0.831,0.433,-0.688,0.082,0.14,0.765,-0.31,-0.465,-0.701,-0.423,0.117,0.791,-0.289,-0.603,-0.291,0.297,0.48,-0.483,0.841,-0.176,0.192,0.717,-0.578,-0.28,0.587
000166SZ,0.274,-0.561,-0.548,1.0,-0.355,-0.324,0.061,0.234,-0.282,0.174,0.821,-0.575,0.512,-0.602,-0.68,0.522,0.766,-0.796,0.672,0.333,0.505,-0.358,-0.019,0.526,0.363,0.653,0.69,0.456,-0.435,-0.467,-0.706,-0.293,0.04,0.188,0.75,-0.108,-0.015,-0.243,0.314,0.25,0.274,-0.26,0.273,0.1,0.324,-0.067,0.572,-0.618,-0.834,0.678,0.06,0.025,-0.079,0.408,-0.56,0.315,-0.104,-0.381,0.754,0.68,0.059,0.629,0.304,-0.034,0.06,0.637,0.261,0.374,-0.219,-0.635,0.159,-0.406,-0.17,-0.581,-0.23,0.166,0.793,-0.107,-0.027,0.603,0.382,-0.412,-0.074,0.39,0.267,0.859,-0.181,0.696,-0.715,-0.263,-0.417,-0.009,0.512,0.215,-0.551,0.73,-0.655,0.564,0.591,0.649,-0.026,0.714,-0.416,0.139,-0.615,-0.41,-0.269,0.67,0.317,-0.198,0.535,-0.179,0.562,-0.734,-0.323,0.259,-0.586,0.701,-0.57,0.796,0.631,0.505,0.191,-0.274,0.137,-0.096,0.841,-0.125,0.578,-0.439,0.801,0.64,0.595,-0.145,-0.493,-0.217,0.04,-0.68,0.696,0.623,0.324,-0.324,-0.327,0.406,0.408,-0.341,0.352,-0.596,0.391,0.736,-0.086,0.122,0.653,0.803,0.426,-0.379,0.785,0.653,0.723,-0.581,0.531,0.231,0.475,0.394,0.273,-0.406,0.65,-0.179,-0.041,-0.022,0.74,0.401,-0.592,-0.173,0.348,0.57,0.486,-0.432,0.386,0.677,-0.496,0.435,0.532,0.725,0.438,0.631,-0.535,0.683,0.614,0.418,-0.208,-0.243,0.42,0.178,0.597,0.544,0.379,-0.148,-0.05,0.353,0.07,0.803,0.314,-0.473,0.232,0.272,0.26,-0.386,-0.616,-0.118,-0.37,0.575,0.421,-0.479,0.387,-0.045,-0.467
000333SZ,-0.156,0.385,0.592,-0.355,1.0,0.615,0.689,0.464,0.72,0.267,-0.396,0.287,-0.064,0.485,0.726,0.27,0.058,0.555,-0.017,-0.657,0.153,0.689,0.522,-0.043,-0.037,-0.432,-0.728,-0.193,0.668,0.321,0.575,0.657,0.38,0.586,-0.107,0.446,0.499,0.638,-0.248,0.309,0.191,0.823,0.235,0.506,-0.183,0.472,-0.573,0.718,0.34,-0.034,0.682,-0.559,-0.257,0.053,0.65,0.405,0.473,0.695,-0.413,-0.176,0.549,0.065,-0.206,0.234,0.01,-0.107,0.107,0.282,0.523,0.573,0.144,0.566,0.749,0.54,0.498,0.566,-0.188,0.49,0.242,-0.037,0.039,0.756,0.585,-0.653,-0.492,-0.37,0.499,-0.693,-0.018,0.244,-0.051,-0.121,-0.728,0.495,0.724,-0.378,0.543,-0.425,0.302,-0.104,-0.157,-0.453,-0.169,0.549,0.672,0.337,-0.367,-0.525,-0.378,-0.129,0.115,0.401,-0.517,0.563,-0.387,-0.659,0.749,0.058,-0.177,-0.131,-0.428,-0.638,0.589,0.645,0.031,0.679,-0.242,0.496,-0.026,0.352,-0.221,-0.573,-0.188,0.542,0.37,0.724,-0.206,0.359,-0.71,0.073,-0.311,0.075,0.637,0.466,-0.654,0.668,-0.595,0.646,-0.581,-0.657,0.221,-0.56,0.051,-0.275,-0.081,0.739,-0.452,-0.39,-0.215,0.462,-0.619,0.101,-0.663,0.457,-0.093,0.249,-0.142,0.681,0.403,0.196,-0.371,0.243,0.68,0.545,-0.597,-0.077,0.402,0.714,-0.464,-0.56,0.592,0.254,-0.595,-0.616,0.281,-0.675,0.702,0.164,0.266,0.213,-0.427,0.538,-0.446,0.279,-0.585,-0.051,-0.138,0.535,-0.111,0.178,-0.349,-0.058,0.429,0.818,0.254,-0.073,0.242,0.032,0.495,-0.518,0.646,-0.452,0.338,0.742,-0.225,0.013,0.541
000338SZ,-0.516,0.784,0.921,-0.324,0.615,1.0,0.684,0.064,0.907,0.752,-0.612,0.374,-0.264,0.547,0.779,0.108,0.032,0.513,0.003,-0.887,-0.288,0.941,0.822,0.258,-0.382,-0.801,-0.71,-0.629,0.882,-0.106,0.585,0.904,0.683,0.607,-0.473,0.866,0.148,0.254,-0.765,0.022,-0.144,0.582,-0.346,0.612,-0.599,0.904,-0.853,0.623,0.454,-0.182,0.579,-0.782,-0.722,-0.447,0.785,0.489,-0.065,0.932,-0.358,-0.519,0.853,-0.311,-0.551,-0.297,-0.541,-0.397,-0.375,-0.317,0.186,0.763,-0.375,0.942,0.624,0.655,0.938,0.655,-0.289,0.227,-0.199,-0.579,-0.521,0.605,0.869,-0.584,-0.734,-0.523,0.943,-0.781,0.046,0.621,0.066,0.305,-0.743,0.601,0.889,-0.545,0.805,-0.797,0.095,-0.384,-0.649,-0.412,-0.091,0.641,0.807,0.748,-0.107,-0.834,-0.608,-0.543,-0.077,0.696,-0.865,0.707,-0.476,-0.584,0.844,-0.106,-0.019,-0.424,-0.727,-0.824,0.655,0.221,0.4,0.724,-0.437,0.138,-0.069,0.813,-0.386,-0.875,-0.655,0.826,0.533,0.531,-0.644,0.743,-0.744,-0.104,-0.628,0.148,0.806,0.512,-0.54,0.741,-0.514,0.79,-0.419,-0.816,0.786,-0.581,-0.033,-0.48,0.436,0.941,-0.653,-0.234,-0.529,0.808,-0.292,0.598,-0.883,0.365,-0.563,0.584,-0.598,0.612,0.701,0.751,-0.217,0.668,0.827,0.906,-0.924,0.26,0.472,0.814,-0.465,-0.549,0.838,0.588,-0.924,-0.774,-0.066,-0.816,0.863,0.03,0.193,-0.281,-0.556,0.668,-0.834,0.658,-0.626,0.271,0.312,0.918,-0.423,-0.433,-0.842,-0.22,0.257,0.732,-0.176,-0.539,-0.21,0.131,0.24,-0.595,0.897,0.014,0.36,0.665,-0.593,-0.454,0.385
000538SZ,-0.116,0.274,0.519,0.061,0.689,0.684,1.0,0.666,0.787,0.53,-0.058,-0.159,0.225,0.421,0.498,0.686,0.414,0.236,0.416,-0.744,0.416,0.681,0.84,0.331,0.17,-0.23,-0.54,-0.068,0.692,0.097,0.326,0.789,0.528,0.916,0.147,0.578,0.62,0.531,-0.44,0.605,0.478,0.767,0.27,0.808,-0.193,0.689,-0.513,0.584,0.03,0.402,0.889,-0.607,-0.509,0.205,0.457,0.751,0.413,0.733,-0.078,0.126,0.803,0.351,-0.203,0.244,-0.042,0.206,0.245,0.371,0.507,0.423,0.284,0.624,0.825,0.421,0.592,0.921,0.266,0.581,0.046,0.077,0.138,0.665,0.776,-0.678,-0.642,-0.013,0.691,-0.524,-0.511,0.27,-0.428,-0.039,-0.62,0.824,0.645,-0.089,0.411,-0.286,0.598,0.266,-0.586,-0.163,-0.48,0.864,0.606,0.223,-0.583,-0.427,-0.396,-0.437,0.415,0.648,-0.374,0.428,-0.759,-0.803,0.559,0.549,-0.53,0.236,-0.259,-0.593,0.921,0.552,0.202,0.868,0.159,0.555,0.356,0.275,0.19,-0.435,0.028,0.657,0.21,0.632,-0.393,0.175,-0.56,0.442,-0.24,-0.075,0.799,0.874,-0.613,0.725,-0.442,0.491,-0.5,-0.501,0.352,-0.749,0.359,0.065,0.252,0.703,-0.228,-0.156,0.032,0.313,-0.445,0.396,-0.689,0.794,-0.065,0.115,0.032,0.804,0.489,0.313,-0.022,0.619,0.626,0.672,-0.721,0.493,0.862,0.805,-0.409,-0.199,0.393,0.661,-0.567,-0.362,0.534,-0.584,0.646,0.599,0.655,0.388,-0.641,0.585,-0.341,0.565,-0.361,0.292,0.11,0.743,-0.272,0.218,-0.537,0.319,0.646,0.68,0.249,-0.048,0.32,-0.035,0.243,-0.781,0.73,-0.181,0.783,0.636,-0.163,-0.1,0.411
000568SZ,0.289,-0.267,0.001,0.234,0.464,0.064,0.666,1.0,0.276,-0.105,0.335,-0.406,0.654,0.165,0.157,0.773,0.496,0.079,0.483,-0.247,0.86,0.136,0.328,0.161,0.691,0.387,-0.23,0.558,0.225,0.449,0.122,0.238,-0.014,0.566,0.592,-0.001,0.726,0.556,0.218,0.82,0.839,0.622,0.676,0.349,0.245,0.029,0.103,0.33,-0.187,0.542,0.63,-0.049,0.1,0.632,0.143,0.649,0.674,0.166,-0.002,0.547,0.256,0.752,0.376,0.689,0.556,0.606,0.698,0.836,0.623,0.056,0.724,0.015,0.509,0.104,-0.025,0.565,0.49,0.747,0.419,0.591,0.734,0.531,0.234,-0.537,-0.127,0.318,0.047,-0.081,-0.54,-0.333,-0.523,-0.516,-0.267,0.439,0.173,0.239,-0.052,0.23,0.733,0.563,-0.029,0.045,-0.599,0.435,0.215,-0.38,-0.714,0.163,-0.107,0.161,0.702,0.18,0.275,0.064,-0.553,-0.515,0.186,0.715,-0.614,0.632,0.174,-0.175,0.644,0.732,-0.18,0.413,0.425,0.804,0.312,-0.281,0.415,0.074,0.633,0.125,-0.248,0.61,0.154,-0.361,-0.193,0.535,0.289,-0.012,0.414,0.623,-0.464,0.422,-0.276,0.057,-0.238,-0.036,-0.276,-0.508,0.519,0.404,-0.254,0.16,0.255,-0.214,0.463,-0.324,-0.437,-0.213,-0.227,0.641,0.437,-0.455,0.592,0.551,-0.089,-0.355,0.004,0.097,0.13,0.015,-0.135,0.271,0.639,0.336,-0.1,0.049,-0.056,0.246,0.041,0.076,0.819,-0.196,0.198,0.66,0.677,0.815,-0.32,0.288,0.246,-0.033,-0.048,-0.004,-0.32,0.109,0.049,0.804,0.154,0.593,0.663,0.431,0.431,0.363,0.646,-0.102,0.418,-0.536,0.175,-0.462,0.729,0.392,0.388,0.51,0.474
000596SZ,-0.535,0.638,0.832,-0.282,0.72,0.907,0.787,0.276,1.0,0.692,-0.519,0.151,-0.135,0.448,0.772,0.224,0.05,0.475,-0.037,-0.935,-0.139,0.952,0.854,0.167,-0.272,-0.689,-0.798,-0.526,0.937,-0.056,0.572,0.882,0.648,0.723,-0.291,0.833,0.286,0.278,-0.706,0.133,-0.047,0.677,-0.141,0.646,-0.626,0.872,-0.853,0.658,0.338,-0.07,0.717,-0.789,-0.71,-0.334,0.742,0.602,0.053,0.932,-0.392,-0.447,0.82,-0.199,-0.456,-0.186,-0.461,-0.306,-0.274,-0.085,0.346,0.667,-0.218,0.909,0.728,0.562,0.858,0.74,-0.175,0.344,-0.235,-0.362,-0.372,0.717,0.914,-0.676,-0.773,-0.478,0.86,-0.834,-0.123,0.619,-0.009,0.214,-0.84,0.683,0.82,-0.59,0.733,-0.727,0.2,-0.3,-0.614,-0.545,-0.237,0.708,0.843,0.568,-0.239,-0.772,-0.713,-0.536,-0.014,0.585,-0.776,0.629,-0.581,-0.764,0.815,0.043,-0.214,-0.294,-0.721,-0.866,0.738,0.361,0.208,0.759,-0.302,0.246,-0.026,0.648,-0.285,-0.802,-0.455,0.723,0.443,0.622,-0.542,0.585,-0.814,0.145,-0.686,0.036,0.845,0.586,-0.669,0.809,-0.633,0.841,-0.538,-0.799,0.62,-0.682,0.071,-0.429,0.384,0.945,-0.669,-0.31,-0.483,0.724,-0.48,0.552,-0.906,0.45,-0.525,0.499,-0.471,0.681,0.756,0.619,-0.283,0.577,0.786,0.893,-0.895,0.281,0.55,0.871,-0.498,-0.518,0.778,0.632,-0.901,-0.768,0.073,-0.831,0.85,0.111,0.266,-0.12,-0.703,0.686,-0.808,0.674,-0.645,0.241,0.208,0.863,-0.542,-0.244,-0.794,-0.18,0.443,0.781,-0.104,-0.524,-0.145,-0.099,0.304,-0.779,0.956,-0.107,0.399,0.772,-0.621,-0.391,0.443
000617SZ,-0.419,0.493,0.561,0.174,0.267,0.752,0.53,-0.105,0.692,1.0,-0.215,0.074,-0.183,0.169,0.287,0.198,0.266,0.006,0.193,-0.571,-0.28,0.665,0.677,0.486,-0.481,-0.521,-0.258,-0.499,0.585,-0.582,0.089,0.631,0.635,0.615,-0.218,0.799,-0.167,-0.111,-0.693,-0.079,-0.268,0.201,-0.454,0.552,-0.563,0.872,-0.582,0.105,0.037,0.021,0.41,-0.67,-0.791,-0.437,0.348,0.447,-0.374,0.62,0.153,-0.314,0.786,-0.213,-0.449,-0.555,-0.755,-0.308,-0.459,-0.342,-0.125,0.288,-0.445,0.699,0.351,0.174,0.758,0.549,-0.032,-0.101,-0.486,-0.364,-0.562,0.108,0.814,-0.093,-0.528,-0.154,0.774,-0.376,-0.202,0.704,0.041,0.621,-0.318,0.6,0.484,-0.216,0.445,-0.484,0.21,-0.216,-0.614,-0.114,-0.02,0.597,0.381,0.615,0.124,-0.485,-0.329,-0.748,-0.073,0.579,-0.635,0.272,-0.391,-0.395,0.387,0.095,-0.121,-0.144,-0.43,-0.405,0.538,-0.188,0.596,0.531,-0.03,-0.193,0.236,0.563,0.002,-0.478,-0.47,0.605,0.405,0.164,-0.695,0.466,-0.294,0.229,-0.635,-0.142,0.473,0.518,-0.078,0.362,-0.117,0.503,-0.108,-0.355,0.813,-0.232,0.303,-0.16,0.803,0.671,-0.333,0.328,-0.277,0.589,0.137,0.912,-0.485,0.404,-0.581,0.665,-0.404,0.301,0.837,0.862,0.32,0.812,0.394,0.815,-0.602,0.541,0.552,0.458,-0.142,-0.046,0.494,0.792,-0.626,-0.348,-0.09,-0.372,0.428,0.191,0.281,-0.305,-0.511,0.385,-0.662,0.897,-0.211,0.605,0.722,0.786,-0.558,-0.471,-0.867,-0.017,0.207,0.236,-0.262,-0.546,-0.341,-0.209,-0.283,-0.459,0.68,0.508,0.297,0.255,-0.621,-0.698,-0.038
000625SZ,0.491,-0.843,-0.816,0.821,-0.396,-0.612,-0.058,0.335,-0.519,-0.215,1.0,-0.711,0.539,-0.598,-0.819,0.506,0.52,-0.823,0.645,0.542,0.686,-0.641,-0.239,0.315,0.53,0.876,0.761,0.668,-0.648,-0.243,-0.803,-0.476,-0.174,0.072,0.864,-0.43,0.123,-0.099,0.497,0.341,0.458,-0.258,0.508,0.012,0.589,-0.374,0.742,-0.618,-0.88,0.764,0.047,0.333,0.216,0.703,-0.789,0.126,0.117,-0.598,0.74,0.857,-0.227,0.74,0.451,0.273,0.398,0.715,0.516,0.624,-0.14,-0.835,0.484,-0.68,-0.2,-0.679,-0.574,-0.003,0.834,-0.091,0.113,0.822,0.653,-0.467,-0.377,0.473,0.422,0.917,-0.493,0.797,-0.716,-0.438,-0.484,-0.171,0.655,0.096,-0.727,0.809,-0.876,0.822,0.457,0.808,0.147,0.747,-0.294,0.026,-0.736,-0.697,-0.277,0.824,0.556,-0.013,0.559,-0.261,0.792,-0.805,-0.166,0.196,-0.776,0.724,-0.56,0.893,0.897,0.694,0.057,-0.193,-0.105,-0.165,0.904,0.043,0.694,-0.741,0.909,0.881,0.826,-0.368,-0.558,-0.383,0.273,-0.889,0.75,0.629,0.577,-0.409,-0.475,0.243,0.461,-0.543,0.485,-0.787,0.257,0.842,-0.487,0.194,0.49,0.942,0.087,-0.664,0.816,0.536,0.807,-0.781,0.32,-0.069,0.679,0.259,0.54,-0.608,0.774,-0.156,-0.347,-0.408,0.615,0.024,-0.715,-0.456,0.585,0.337,0.306,-0.515,0.298,0.804,-0.81,0.131,0.752,0.912,0.545,0.78,-0.735,0.661,0.449,0.624,-0.005,-0.511,0.726,-0.073,0.733,0.247,0.09,-0.402,0.132,0.596,0.411,0.799,0.243,-0.597,0.43,0.597,0.478,-0.365,-0.541,0.08,-0.581,0.315,0.283,-0.57,0.587,0.171,-0.502
000651SZ,-0.139,0.701,0.555,-0.575,0.287,0.374,-0.159,-0.406,0.151,0.074,-0.711,1.0,-0.553,0.506,0.48,-0.457,-0.233,0.616,-0.322,-0.209,-0.535,0.359,-0.1,-0.012,-0.418,-0.588,-0.321,-0.507,0.199,0.147,0.422,0.249,0.183,-0.21,-0.683,0.31,-0.241,0.101,-0.104,-0.336,-0.434,0.117,-0.373,-0.105,-0.121,0.183,-0.339,0.363,0.635,-0.652,-0.222,-0.228,-0.05,-0.442,0.624,-0.2,-0.037,0.292,-0.315,-0.573,0.037,-0.525,-0.328,-0.161,-0.277,-0.445,-0.286,-0.526,-0.252,0.641,-0.449,0.295,-0.101,0.622,0.395,-0.197,-0.706,-0.119,0.294,-0.647,-0.528,0.183,0.139,-0.16,0.066,-0.535,0.294,-0.336,0.687,0.139,0.613,0.178,-0.207,-0.181,0.484,-0.359,0.597,-0.45,-0.345,-0.565,0.206,-0.234,0.427,-0.148,0.303,0.722,0.329,-0.513,-0.107,0.116,-0.386,0.158,-0.494,0.476,0.277,0.206,0.526,-0.672,0.607,-0.664,-0.485,-0.293,-0.255,0.098,0.268,0.068,-0.754,-0.174,-0.446,0.686,-0.705,-0.564,-0.659,0.337,0.32,0.277,-0.146,0.658,-0.3,-0.671,-0.134,0.541,0.15,-0.259,-0.057,0.214,-0.106,0.382,-0.021,-0.464,0.469,0.111,-0.281,-0.598,-0.052,0.394,-0.352,-0.251,-0.403,0.558,0.069,-0.028,-0.295,-0.204,-0.169,0.435,-0.504,0.093,0.058,0.367,-0.27,-0.01,0.482,0.189,-0.266,-0.389,-0.348,0.143,0.017,-0.635,0.625,-0.242,-0.345,-0.537,-0.38,-0.374,0.418,-0.502,-0.334,-0.483,0.206,0.251,-0.388,-0.111,-0.316,-0.014,0.068,0.203,0.334,-0.478,-0.205,-0.505,-0.235,0.362,-0.122,-0.214,-0.239,0.611,0.302,0.238,0.134,-0.13,-0.289,0.129,-0.124,-0.093,0.267
000661SZ,0.257,-0.52,-0.289,0.512,-0.064,-0.264,0.225,0.654,-0.135,-0.183,0.539,-0.553,1.0,-0.273,-0.218,0.56,0.426,-0.274,0.424,0.205,0.703,-0.247,0.006,0.155,0.663,0.623,0.179,0.699,-0.078,0.161,-0.124,-0.197,-0.246,0.181,0.698,-0.235,0.26,0.062,0.316,0.546,0.608,0.07,0.312,-0.164,0.137,-0.255,0.441,-0.124,-0.384,0.387,0.128,0.26,0.17,0.393,-0.266,0.39,0.182,-0.237,0.134,0.573,-0.09,0.648,0.716,0.381,0.451,0.495,0.399,0.585,0.384,-0.314,0.569,-0.29,0.029,-0.386,-0.342,0.107,0.505,0.485,0.127,0.638,0.699,0.003,-0.102,-0.058,0.098,0.441,-0.326,0.267,-0.459,-0.399,-0.384,-0.374,0.136,-0.01,-0.26,0.429,-0.323,0.372,0.578,0.447,0.149,0.254,-0.469,-0.05,-0.155,-0.619,-0.428,0.55,0.079,0.334,0.757,-0.138,0.515,-0.322,-0.192,-0.063,-0.224,0.573,-0.512,0.696,0.383,0.202,0.308,0.277,-0.216,-0.046,0.575,0.482,0.248,-0.518,0.526,0.385,0.695,-0.329,-0.382,0.194,0.334,-0.582,0.255,0.462,0.322,-0.284,0.03,0.295,-0.051,-0.01,0.074,-0.223,0.246,0.376,-0.393,-0.06,0.536,0.505,-0.174,-0.239,0.499,0.136,0.531,-0.59,-0.024,-0.185,0.197,0.325,0.338,-0.495,0.672,-0.016,-0.133,-0.421,0.279,-0.066,-0.385,-0.253,0.288,0.297,0.41,-0.15,0.195,0.452,-0.371,0.152,0.378,0.388,0.481,0.167,-0.214,0.505,0.45,0.665,-0.053,-0.019,0.384,-0.104,0.264,-0.087,-0.202,-0.293,-0.107,0.709,0.322,0.672,0.207,-0.069,0.046,0.173,0.367,-0.279,0.118,-0.251,-0.177,-0.103,0.466,0.046,0.364,0.502,0.292
000708SZ,0.075,0.652,0.665,-0.602,0.485,0.547,0.421,0.165,0.448,0.169,-0.598,0.506,-0.273,1.0,0.66,0.123,-0.094,0.76,-0.052,-0.48,-0.06,0.499,0.329,-0.078,-0.132,-0.496,-0.636,-0.228,0.518,0.506,0.633,0.62,0.157,0.329,-0.51,0.331,0.309,0.51,-0.362,0.322,0.184,0.542,-0.096,0.357,-0.109,0.351,-0.542,0.721,0.747,-0.27,0.293,-0.156,0.0,-0.085,0.673,0.144,0.455,0.557,-0.402,-0.271,0.365,-0.123,-0.243,0.299,0.032,-0.225,0.162,-0.143,0.302,0.743,0.156,0.514,0.38,0.751,0.446,0.345,-0.454,0.436,0.318,-0.469,-0.195,0.5,0.389,-0.575,-0.298,-0.534,0.471,-0.594,0.375,0.201,0.152,0.045,-0.453,0.244,0.772,-0.294,0.755,-0.331,0.04,-0.179,-0.166,-0.401,0.201,0.334,0.675,0.544,-0.006,-0.654,-0.183,0.026,-0.077,0.635,-0.479,0.839,-0.055,-0.458,0.674,-0.199,0.338,-0.357,-0.482,-0.492,0.237,0.561,0.34,0.51,-0.492,0.414,-0.218,0.507,-0.417,-0.621,-0.386,0.504,0.446,0.478,-0.265,0.656,-0.631,-0.362,-0.084,0.451,0.64,0.199,-0.391,0.625,-0.208,0.539,-0.365,-0.71,0.318,-0.321,-0.134,-0.459,-0.232,0.587,-0.444,-0.46,-0.249,0.483,-0.371,-0.039,-0.582,0.293,-0.022,0.371,-0.283,0.512,0.065,0.158,-0.333,0.091,0.784,0.368,-0.534,-0.09,0.144,0.637,-0.219,-0.47,0.504,-0.089,-0.54,-0.569,0.039,-0.678,0.688,-0.084,0.054,-0.05,0.108,0.544,-0.262,0.019,-0.433,-0.171,-0.171,0.492,0.252,-0.16,-0.218,-0.34,0.023,0.626,0.007,-0.033,0.104,0.631,0.608,-0.088,0.482,-0.502,0.225,0.523,-0.132,0.092,0.56
000725SZ,-0.46,0.731,0.883,-0.68,0.726,0.779,0.498,0.157,0.772,0.287,-0.819,0.48,-0.218,0.66,1.0,-0.082,-0.273,0.842,-0.349,-0.779,-0.272,0.814,0.556,-0.195,-0.199,-0.767,-0.932,-0.489,0.871,0.381,0.89,0.702,0.315,0.3,-0.551,0.554,0.287,0.389,-0.511,0.033,-0.061,0.661,-0.207,0.265,-0.554,0.515,-0.793,0.841,0.731,-0.463,0.407,-0.516,-0.31,-0.413,0.875,0.264,0.188,0.823,-0.786,-0.619,0.503,-0.373,-0.352,-0.018,-0.182,-0.457,-0.249,-0.191,0.478,0.903,-0.172,0.809,0.599,0.749,0.657,0.398,-0.555,0.492,0.008,-0.555,-0.322,0.805,0.593,-0.778,-0.629,-0.793,0.633,-0.924,0.372,0.367,0.167,-0.033,-0.882,0.241,0.884,-0.757,0.878,-0.8,-0.059,-0.535,-0.304,-0.72,-0.08,0.31,0.934,0.533,-0.14,-0.817,-0.665,-0.052,-0.141,0.402,-0.767,0.839,-0.203,-0.561,0.934,-0.345,0.142,-0.593,-0.842,-0.893,0.414,0.522,-0.021,0.476,-0.682,0.374,-0.478,0.643,-0.675,-0.91,-0.579,0.536,0.526,0.696,-0.35,0.729,-0.919,-0.35,-0.533,0.294,0.749,0.185,-0.759,0.774,-0.74,0.884,-0.495,-0.934,0.41,-0.553,-0.3,-0.726,-0.138,0.847,-0.766,-0.659,-0.627,0.704,-0.611,0.069,-0.882,0.117,-0.417,0.426,-0.553,0.517,0.419,0.323,-0.65,0.161,0.833,0.616,-0.773,-0.183,0.118,0.787,-0.517,-0.794,0.848,0.098,-0.857,-0.933,-0.122,-0.949,0.921,-0.277,-0.063,-0.203,-0.305,0.74,-0.709,0.186,-0.856,-0.246,-0.213,0.577,-0.233,-0.22,-0.451,-0.465,0.117,0.894,-0.213,-0.477,-0.124,0.224,0.713,-0.459,0.79,-0.509,0.164,0.873,-0.49,-0.014,0.728
000768SZ,0.334,-0.255,-0.06,0.522,0.27,0.108,0.686,0.773,0.224,0.198,0.506,-0.457,0.56,0.123,-0.082,1.0,0.723,-0.167,0.759,-0.205,0.807,0.091,0.4,0.434,0.471,0.411,0.028,0.442,0.097,0.101,-0.156,0.292,0.175,0.735,0.627,0.117,0.595,0.415,0.033,0.748,0.758,0.428,0.536,0.556,0.29,0.208,0.104,0.127,-0.378,0.662,0.64,-0.156,-0.105,0.617,-0.056,0.68,0.526,0.173,0.365,0.65,0.445,0.809,0.203,0.492,0.305,0.671,0.634,0.656,0.365,-0.09,0.566,0.024,0.451,-0.002,0.057,0.686,0.628,0.525,0.274,0.501,0.535,0.245,0.33,-0.328,-0.121,0.523,0.177,0.105,-0.726,-0.165,-0.602,-0.23,-0.064,0.623,0.111,0.478,-0.13,0.361,0.84,0.741,-0.249,0.305,-0.545,0.625,0.029,-0.234,-0.611,0.187,0.018,-0.175,0.694,0.332,0.265,-0.062,-0.66,-0.441,0.02,0.842,-0.648,0.739,0.329,-0.018,0.665,0.452,0.135,0.5,0.606,0.532,0.565,-0.237,0.712,0.194,0.554,0.286,-0.208,0.363,0.009,-0.391,0.02,0.644,0.284,-0.117,0.278,0.79,-0.211,0.285,-0.031,-0.08,-0.17,0.11,-0.056,-0.424,0.649,0.601,0.101,0.124,0.417,0.147,0.62,-0.29,-0.149,0.101,-0.119,0.822,0.411,-0.307,0.607,0.498,0.024,-0.108,0.35,0.416,0.089,0.145,-0.163,0.528,0.823,0.252,-0.008,0.283,-0.185,0.461,0.105,0.269,0.743,-0.01,0.065,0.869,0.848,0.713,-0.359,0.235,0.259,0.216,0.22,0.298,0.028,0.278,0.1,0.556,-0.059,0.706,0.61,0.211,0.481,0.387,0.552,-0.12,0.028,-0.5,0.155,-0.075,0.828,0.13,0.351,0.172,0.156
000776SZ,0.311,-0.163,-0.124,0.766,0.058,0.032,0.414,0.496,0.05,0.266,0.52,-0.233,0.426,-0.094,-0.273,0.723,1.0,-0.323,0.789,-0.058,0.618,0.022,0.203,0.65,0.398,0.416,0.301,0.379,-0.117,-0.142,-0.361,0.121,0.199,0.462,0.547,0.169,0.305,0.154,0.241,0.58,0.459,0.165,0.434,0.398,0.369,0.174,0.305,-0.135,-0.478,0.635,0.356,-0.219,-0.133,0.472,-0.045,0.557,0.29,0.004,0.569,0.622,0.351,0.73,0.192,0.266,0.138,0.731,0.485,0.422,-0.038,-0.126,0.258,-0.125,0.098,-0.024,0.131,0.507,0.647,0.293,0.354,0.436,0.357,0.058,0.221,-0.117,0.156,0.682,0.162,0.374,-0.641,-0.297,-0.378,-0.129,0.165,0.459,-0.054,0.615,-0.231,0.372,0.859,0.669,-0.097,0.563,-0.51,0.414,-0.218,-0.064,-0.521,0.329,0.093,-0.162,0.586,0.108,0.348,-0.306,-0.586,-0.005,-0.104,0.741,-0.538,0.719,0.346,0.152,0.421,0.243,0.332,0.297,0.605,0.212,0.448,-0.078,0.583,0.257,0.462,0.262,-0.454,0.289,-0.078,-0.365,0.334,0.507,0.365,0.033,0.094,0.719,0.035,0.182,0.076,-0.293,0.131,0.33,0.14,-0.241,0.715,0.641,0.331,0.04,0.661,0.31,0.724,-0.313,0.342,0.157,0.046,0.763,0.404,-0.335,0.634,0.282,-0.043,0.08,0.561,0.565,-0.078,0.044,-0.039,0.604,0.726,-0.072,0.324,0.271,-0.107,0.483,0.248,0.37,0.642,0.206,-0.078,0.807,0.908,0.527,-0.325,0.169,0.275,0.149,0.364,0.614,0.261,0.173,0.175,0.368,-0.099,0.756,0.563,0.037,0.452,0.327,0.47,-0.005,-0.189,-0.357,-0.094,0.26,0.744,-0.152,0.476,0.094,-0.082
000786SZ,-0.193,0.685,0.749,-0.796,0.555,0.513,0.236,0.079,0.475,0.006,-0.823,0.616,-0.274,0.76,0.842,-0.167,-0.323,1.0,-0.396,-0.519,-0.265,0.557,0.22,-0.304,-0.213,-0.638,-0.809,-0.324,0.615,0.613,0.849,0.488,0.015,0.061,-0.644,0.288,0.201,0.438,-0.286,0.073,0.002,0.503,-0.156,0.061,-0.326,0.212,-0.595,0.781,0.885,-0.579,0.134,-0.182,0.014,-0.342,0.807,0.03,0.289,0.572,-0.733,-0.56,0.182,-0.376,-0.208,0.191,0.002,-0.392,-0.081,-0.24,0.416,0.874,-0.063,0.553,0.339,0.766,0.422,0.124,-0.668,0.477,0.212,-0.542,-0.259,0.664,0.337,-0.691,-0.334,-0.755,0.388,-0.757,0.587,0.174,0.298,-0.088,-0.686,-0.041,0.778,-0.622,0.824,-0.599,-0.16,-0.523,0.004,-0.654,0.13,0.047,0.759,0.504,-0.006,-0.708,-0.467,0.251,-0.281,0.325,-0.577,0.867,0.048,-0.346,0.808,-0.48,0.414,-0.615,-0.72,-0.658,0.075,0.595,0.031,0.279,-0.769,0.4,-0.6,0.572,-0.736,-0.76,-0.502,0.346,0.426,0.615,-0.033,0.717,-0.787,-0.475,-0.274,0.464,0.568,-0.075,-0.61,0.667,-0.514,0.739,-0.325,-0.806,0.251,-0.324,-0.316,-0.724,-0.368,0.614,-0.632,-0.677,-0.542,0.571,-0.513,-0.201,-0.671,-0.015,-0.201,0.369,-0.435,0.384,0.12,0.091,-0.644,-0.148,0.751,0.29,-0.528,-0.37,-0.134,0.565,-0.241,-0.776,0.673,-0.217,-0.599,-0.821,-0.198,-0.811,0.766,-0.401,-0.196,-0.227,0.059,0.588,-0.449,-0.125,-0.668,-0.354,-0.334,0.311,0.098,-0.196,-0.161,-0.583,-0.043,0.746,-0.16,-0.291,-0.115,0.455,0.833,-0.153,0.52,-0.656,-0.028,0.669,-0.263,0.216,0.764
000800SZ,0.376,-0.265,-0.21,0.672,-0.017,0.003,0.416,0.483,-0.037,0.193,0.645,-0.322,0.424,-0.052,-0.349,0.759,0.789,-0.396,1.0,-0.014,0.685,-0.083,0.221,0.645,0.463,0.474,0.368,0.354,-0.213,-0.129,-0.446,0.178,0.266,0.49,0.586,0.108,0.411,0.18,0.16,0.551,0.575,0.18,0.44,0.437,0.497,0.163,0.336,-0.125,-0.555,0.732,0.449,-0.112,-0.119,0.618,-0.179,0.545,0.332,-0.022,0.618,0.701,0.315,0.749,0.187,0.328,0.217,0.702,0.543,0.465,-0.053,-0.217,0.355,-0.18,0.144,-0.053,0.03,0.476,0.74,0.182,0.343,0.44,0.401,-0.003,0.128,-0.01,0.123,0.727,0.119,0.415,-0.707,-0.323,-0.447,-0.139,0.265,0.493,-0.095,0.647,-0.336,0.474,0.718,0.758,-0.165,0.748,-0.38,0.445,-0.264,-0.141,-0.495,0.333,0.236,-0.246,0.626,0.219,0.368,-0.33,-0.558,-0.097,-0.191,0.761,-0.555,0.739,0.532,0.229,0.438,0.183,0.281,0.352,0.632,0.295,0.667,-0.172,0.688,0.334,0.492,0.283,-0.342,0.111,-0.106,-0.426,0.352,0.497,0.457,-0.086,0.035,0.686,0.161,0.003,0.183,-0.381,0.013,0.358,0.057,-0.193,0.578,0.796,0.266,-0.069,0.633,0.349,0.725,-0.343,0.241,0.156,0.113,0.699,0.492,-0.338,0.577,0.396,-0.115,0.019,0.569,0.486,-0.103,0.009,-0.007,0.533,0.688,-0.038,0.15,0.386,-0.268,0.436,0.281,0.494,0.724,0.272,-0.165,0.816,0.788,0.604,-0.26,0.006,0.368,0.183,0.492,0.511,0.214,0.197,0.224,0.401,-0.011,0.77,0.522,-0.048,0.549,0.49,0.513,0.029,-0.277,-0.245,-0.146,0.233,0.722,-0.242,0.551,0.071,-0.147
000807SZ,0.542,-0.671,-0.836,0.333,-0.657,-0.887,-0.744,-0.247,-0.935,-0.571,0.542,-0.209,0.205,-0.48,-0.779,-0.205,-0.058,-0.519,-0.014,1.0,0.135,-0.936,-0.838,-0.179,0.233,0.699,0.777,0.585,-0.872,-0.015,-0.583,-0.891,-0.652,-0.652,0.339,-0.798,-0.377,-0.298,0.686,-0.135,0.016,-0.649,0.058,-0.656,0.52,-0.825,0.837,-0.707,-0.344,0.053,-0.717,0.811,0.695,0.276,-0.774,-0.593,-0.133,-0.943,0.431,0.438,-0.795,0.179,0.535,0.105,0.393,0.232,0.212,0.124,-0.316,-0.735,0.246,-0.882,-0.707,-0.674,-0.875,-0.746,0.149,-0.357,0.128,0.432,0.375,-0.784,-0.822,0.776,0.742,0.468,-0.876,0.813,0.127,-0.472,0.042,-0.055,0.857,-0.661,-0.833,0.606,-0.72,0.736,-0.165,0.239,0.651,0.467,0.303,-0.692,-0.838,-0.576,0.376,0.808,0.807,0.511,0.054,-0.524,0.74,-0.627,0.685,0.715,-0.845,-0.032,0.235,0.327,0.71,0.93,-0.687,-0.417,-0.126,-0.758,0.376,-0.251,0.081,-0.694,0.343,0.834,0.482,-0.784,-0.335,-0.632,0.513,-0.579,0.818,-0.028,0.58,-0.139,-0.803,-0.58,0.747,-0.842,0.723,-0.772,0.618,0.826,-0.595,0.807,0.074,0.406,-0.309,-0.91,0.643,0.441,0.461,-0.726,0.512,-0.427,0.965,-0.433,0.439,-0.361,0.485,-0.751,-0.587,-0.572,0.4,-0.56,-0.843,-0.829,0.959,-0.232,-0.498,-0.863,0.559,0.636,-0.792,-0.55,0.884,0.779,-0.103,0.846,-0.87,-0.094,-0.287,0.13,0.754,-0.693,0.782,-0.539,0.627,-0.214,-0.09,-0.855,0.402,0.284,0.756,0.208,-0.469,-0.822,-0.026,0.44,0.095,-0.034,-0.354,0.802,-0.889,0.163,-0.438,-0.734,0.491,0.356,-0.424
000858SZ,0.576,-0.572,-0.399,0.505,0.153,-0.288,0.416,0.86,-0.139,-0.28,0.686,-0.535,0.703,-0.06,-0.272,0.807,0.618,-0.265,0.685,0.135,1.0,-0.268,0.069,0.203,0.778,0.716,0.206,0.758,-0.221,0.35,-0.247,-0.05,-0.125,0.402,0.801,-0.305,0.675,0.483,0.45,0.807,0.883,0.333,0.788,0.239,0.602,-0.238,0.455,0.031,-0.477,0.725,0.448,0.182,0.286,0.877,-0.268,0.444,0.669,-0.179,0.334,0.868,0.043,0.952,0.487,0.752,0.706,0.823,0.859,0.888,0.419,-0.311,0.821,-0.373,0.285,-0.166,-0.352,0.379,0.717,0.541,0.511,0.786,0.879,0.165,-0.11,-0.193,0.141,0.654,-0.245,0.338,-0.659,-0.55,-0.636,-0.525,0.136,0.313,-0.181,0.638,-0.436,0.62,0.753,0.852,0.097,0.428,-0.513,0.3,-0.209,-0.598,-0.682,0.511,0.27,0.194,0.787,0.033,0.602,-0.28,-0.425,-0.225,-0.225,0.828,-0.638,0.878,0.612,0.248,0.434,0.52,-0.149,0.232,0.706,0.643,0.516,-0.58,0.721,0.481,0.853,-0.047,-0.417,0.26,0.322,-0.668,0.225,0.578,0.609,-0.127,0.038,0.54,-0.121,0.049,0.064,-0.408,-0.073,0.36,-0.494,-0.275,0.536,0.753,-0.273,-0.241,0.63,0.056,0.786,-0.634,-0.173,-0.319,0.19,0.602,0.703,-0.673,0.853,0.331,-0.379,-0.551,0.247,0.039,-0.193,-0.275,0.204,0.259,0.573,-0.008,0.063,0.365,-0.462,0.103,0.446,0.493,0.844,0.244,-0.201,0.809,0.721,0.933,-0.107,-0.023,0.62,-0.191,0.331,0.024,-0.292,-0.145,0.297,0.869,0.41,0.796,0.498,0.049,0.618,0.689,0.769,-0.072,0.102,-0.232,-0.23,-0.27,0.667,-0.009,0.683,0.54,0.122
000876SZ,-0.556,0.764,0.911,-0.358,0.689,0.941,0.681,0.136,0.952,0.665,-0.641,0.359,-0.247,0.499,0.814,0.091,0.022,0.557,-0.083,-0.936,-0.268,1.0,0.807,0.183,-0.344,-0.791,-0.779,-0.651,0.907,-0.049,0.613,0.888,0.685,0.613,-0.409,0.868,0.205,0.241,-0.711,0.009,-0.151,0.638,-0.213,0.579,-0.615,0.868,-0.875,0.675,0.43,-0.183,0.62,-0.814,-0.704,-0.431,0.832,0.544,0.011,0.941,-0.435,-0.559,0.793,-0.316,-0.553,-0.256,-0.517,-0.369,-0.347,-0.244,0.231,0.767,-0.365,0.932,0.647,0.669,0.93,0.652,-0.273,0.261,-0.164,-0.503,-0.486,0.712,0.881,-0.667,-0.734,-0.538,0.899,-0.829,0.034,0.583,0.086,0.213,-0.825,0.606,0.867,-0.624,0.793,-0.81,0.083,-0.407,-0.567,-0.509,-0.171,0.629,0.839,0.697,-0.18,-0.851,-0.721,-0.501,-0.094,0.573,-0.837,0.672,-0.513,-0.621,0.878,-0.121,-0.075,-0.437,-0.778,-0.892,0.64,0.32,0.239,0.722,-0.469,0.152,-0.135,0.79,-0.426,-0.888,-0.595,0.787,0.442,0.632,-0.526,0.692,-0.808,-0.022,-0.667,0.187,0.806,0.499,-0.635,0.804,-0.64,0.838,-0.491,-0.833,0.705,-0.643,-0.024,-0.514,0.381,0.961,-0.687,-0.346,-0.557,0.794,-0.413,0.521,-0.918,0.361,-0.569,0.519,-0.575,0.65,0.704,0.692,-0.347,0.585,0.835,0.887,-0.922,0.175,0.434,0.832,-0.493,-0.644,0.89,0.572,-0.916,-0.831,-0.034,-0.845,0.889,-0.004,0.19,-0.252,-0.642,0.706,-0.864,0.605,-0.674,0.245,0.221,0.87,-0.443,-0.377,-0.806,-0.264,0.372,0.797,-0.122,-0.555,-0.213,0.051,0.319,-0.691,0.911,-0.079,0.322,0.726,-0.598,-0.41,0.445
000895SZ,-0.35,0.435,0.642,-0.019,0.522,0.822,0.84,0.328,0.854,0.677,-0.239,-0.1,0.006,0.329,0.556,0.4,0.203,0.22,0.221,-0.838,0.069,0.807,1.0,0.233,-0.12,-0.509,-0.562,-0.408,0.778,-0.119,0.389,0.868,0.713,0.79,-0.071,0.71,0.422,0.322,-0.731,0.239,0.179,0.598,-0.029,0.758,-0.464,0.839,-0.73,0.543,0.091,0.242,0.803,-0.729,-0.728,-0.124,0.483,0.68,0.058,0.855,-0.198,-0.171,0.9,0.025,-0.497,-0.159,-0.352,-0.093,-0.143,0.01,0.379,0.468,-0.131,0.824,0.824,0.403,0.763,0.851,0.172,0.301,-0.274,-0.233,-0.215,0.597,0.831,-0.579,-0.874,-0.201,0.859,-0.631,-0.368,0.51,-0.378,0.126,-0.705,0.789,0.686,-0.296,0.494,-0.554,0.283,-0.009,-0.815,-0.243,-0.384,0.836,0.666,0.379,-0.413,-0.63,-0.564,-0.678,0.189,0.694,-0.639,0.482,-0.708,-0.705,0.605,0.284,-0.398,-0.056,-0.436,-0.719,0.879,0.235,0.217,0.793,-0.028,0.244,0.196,0.467,0.022,-0.606,-0.278,0.781,0.378,0.444,-0.506,0.38,-0.64,0.299,-0.525,-0.083,0.759,0.721,-0.6,0.692,-0.527,0.546,-0.477,-0.601,0.518,-0.76,0.107,-0.118,0.455,0.766,-0.447,-0.135,-0.287,0.507,-0.417,0.591,-0.765,0.535,-0.446,0.251,-0.305,0.655,0.638,0.539,-0.175,0.761,0.663,0.863,-0.864,0.42,0.719,0.852,-0.584,-0.29,0.531,0.753,-0.754,-0.517,0.2,-0.63,0.706,0.375,0.443,0.034,-0.717,0.604,-0.624,0.713,-0.518,0.297,0.256,0.889,-0.515,-0.179,-0.715,0.084,0.453,0.608,0.019,-0.337,-0.038,-0.125,0.076,-0.756,0.845,0.046,0.575,0.633,-0.46,-0.424,0.246
000938SZ,-0.075,0.056,0.066,0.526,-0.043,0.258,0.331,0.161,0.167,0.486,0.315,-0.012,0.155,-0.078,-0.195,0.434,0.65,-0.304,0.645,-0.179,0.203,0.183,0.233,1.0,0.072,0.118,0.303,-0.041,0.023,-0.481,-0.43,0.191,0.404,0.419,0.234,0.448,-0.066,-0.166,-0.053,0.209,0.115,0.008,0.026,0.409,0.112,0.405,0.102,-0.229,-0.378,0.352,0.276,-0.39,-0.416,0.131,0.059,0.431,-0.107,0.121,0.537,0.233,0.377,0.282,-0.07,-0.062,-0.26,0.359,0.105,0.038,-0.41,-0.012,-0.079,0.09,-0.046,0.067,0.381,0.365,0.34,-0.044,0.025,0.067,-0.035,-0.092,0.389,0.015,0.104,0.466,0.392,0.266,-0.505,-0.035,-0.089,0.216,0.209,0.49,0.014,0.322,-0.079,0.067,0.461,0.333,-0.243,0.538,-0.269,0.401,-0.134,0.219,-0.191,0.068,0.026,-0.381,0.299,0.218,0.048,-0.221,-0.474,-0.004,-0.018,0.452,-0.353,0.346,0.15,0.053,0.366,-0.077,0.393,0.326,0.275,-0.027,0.535,0.264,0.345,0.041,0.026,0.326,-0.302,0.134,-0.339,-0.117,0.268,0.314,0.155,0.072,0.119,0.574,0.151,0.037,0.168,-0.092,0.089,0.154,0.476,-0.139,0.56,0.414,0.595,0.148,0.353,0.386,0.353,0.118,0.432,0.489,-0.065,0.511,0.125,0.012,0.118,0.34,0.214,0.466,0.594,0.624,0.004,0.213,-0.187,0.582,0.543,-0.044,0.206,0.208,0.1,0.57,0.023,0.241,0.385,0.092,-0.009,0.508,0.554,0.173,-0.361,0.021,-0.031,0.404,0.336,0.771,0.56,0.335,0.015,-0.009,-0.452,0.531,0.402,-0.019,0.223,0.042,0.206,-0.03,-0.34,-0.3,0.049,0.449,0.511,-0.268,0.176,-0.25,-0.174
000963SZ,0.421,-0.501,-0.402,0.363,-0.037,-0.382,0.17,0.691,-0.272,-0.481,0.53,-0.418,0.663,-0.132,-0.199,0.471,0.398,-0.213,0.463,0.233,0.778,-0.344,-0.12,0.072,1.0,0.691,0.221,0.683,-0.265,0.435,-0.16,-0.23,-0.3,0.016,0.658,-0.389,0.553,0.25,0.581,0.634,0.698,0.198,0.631,-0.093,0.513,-0.407,0.557,-0.008,-0.379,0.507,0.148,0.303,0.414,0.7,-0.209,0.265,0.538,-0.314,0.123,0.69,-0.21,0.725,0.568,0.626,0.755,0.709,0.716,0.698,0.325,-0.205,0.691,-0.452,0.042,-0.132,-0.431,0.111,0.554,0.492,0.515,0.604,0.822,0.158,-0.31,-0.17,0.257,0.516,-0.37,0.362,-0.419,-0.729,-0.451,-0.6,0.196,0.002,-0.286,0.465,-0.404,0.516,0.522,0.624,0.235,0.396,-0.531,-0.049,-0.187,-0.648,-0.592,0.552,0.244,0.436,0.757,-0.248,0.657,-0.34,-0.197,0.031,-0.252,0.586,-0.479,0.655,0.486,0.226,0.193,0.415,-0.372,-0.081,0.505,0.593,0.211,-0.537,0.418,0.419,0.734,-0.248,-0.458,0.252,0.22,-0.62,0.276,0.25,0.63,0.052,0.002,0.271,-0.079,-0.078,-0.028,-0.42,0.057,0.36,-0.512,-0.138,0.28,0.549,-0.448,-0.333,0.598,-0.148,0.634,-0.669,-0.067,-0.516,0.224,0.286,0.671,-0.732,0.708,0.115,-0.495,-0.606,0.103,-0.168,-0.289,-0.437,0.291,0.11,0.282,-0.142,0.108,0.252,-0.349,-0.146,0.447,0.443,0.736,0.226,-0.223,0.491,0.464,0.798,0.06,0.047,0.619,-0.44,0.219,-0.134,-0.449,-0.346,0.296,0.809,0.54,0.663,0.31,0.022,0.359,0.548,0.694,0.091,0.206,-0.094,-0.364,-0.354,0.507,-0.017,0.704,0.738,0.221
000999SZ,0.617,-0.842,-0.858,0.653,-0.432,-0.801,-0.23,0.387,-0.689,-0.521,0.876,-0.588,0.623,-0.496,-0.767,0.411,0.416,-0.638,0.474,0.699,0.716,-0.791,-0.509,0.118,0.691,1.0,0.711,0.836,-0.744,0.059,-0.658,-0.663,-0.492,-0.159,0.821,-0.665,0.134,-0.064,0.743,0.396,0.514,-0.322,0.548,-0.292,0.671,-0.661,0.883,-0.553,-0.689,0.561,-0.192,0.599,0.527,0.72,-0.724,-0.019,0.255,-0.769,0.565,0.839,-0.514,0.733,0.683,0.467,0.619,0.738,0.641,0.64,-0.039,-0.762,0.63,-0.849,-0.372,-0.637,-0.782,-0.227,0.645,0.042,0.32,0.82,0.776,-0.456,-0.598,0.408,0.629,0.81,-0.739,0.816,-0.476,-0.674,-0.348,-0.373,0.695,-0.197,-0.768,0.784,-0.821,0.898,0.414,0.744,0.44,0.622,-0.224,-0.264,-0.729,-0.798,-0.235,0.919,0.59,0.384,0.562,-0.448,0.955,-0.745,0.065,0.34,-0.773,0.598,-0.375,0.835,0.86,0.76,-0.181,-0.012,-0.254,-0.383,0.776,0.164,0.447,-0.843,0.744,0.901,0.897,-0.599,-0.623,-0.274,0.479,-0.9,0.753,0.428,0.726,-0.224,-0.553,0.005,0.448,-0.557,0.486,-0.793,0.361,0.844,-0.665,0.327,0.427,0.804,-0.262,-0.773,0.87,0.365,0.848,-0.901,0.29,-0.414,0.753,0.11,0.735,-0.699,0.879,-0.305,-0.586,-0.667,0.496,-0.313,-0.763,-0.723,0.767,0.159,0.072,-0.643,0.462,0.713,-0.836,-0.216,0.886,0.893,0.525,0.763,-0.776,0.48,0.316,0.664,0.274,-0.515,0.885,-0.424,0.722,-0.002,-0.176,-0.667,0.364,0.735,0.695,0.695,0.111,-0.577,0.357,0.658,0.502,-0.191,-0.266,0.256,-0.753,0.045,0.17,-0.56,0.741,0.501,-0.283
001965SZ,0.429,-0.64,-0.816,0.69,-0.728,-0.71,-0.54,-0.23,-0.798,-0.258,0.761,-0.321,0.179,-0.636,-0.932,0.028,0.301,-0.809,0.368,0.777,0.206,-0.779,-0.562,0.303,0.221,0.711,1.0,0.421,-0.872,-0.414,-0.873,-0.714,-0.285,-0.381,0.5,-0.505,-0.358,-0.428,0.534,-0.102,0.016,-0.681,0.119,-0.304,0.557,-0.509,0.818,-0.86,-0.702,0.384,-0.468,0.457,0.288,0.347,-0.8,-0.284,-0.242,-0.807,0.758,0.555,-0.49,0.319,0.309,-0.057,0.154,0.437,0.188,0.107,-0.574,-0.806,0.069,-0.776,-0.649,-0.674,-0.589,-0.438,0.495,-0.521,0.045,0.451,0.279,-0.806,-0.588,0.783,0.658,0.777,-0.573,0.955,-0.284,-0.433,-0.12,0.047,0.92,-0.283,-0.843,0.762,-0.832,0.724,0.038,0.474,0.323,0.817,0.07,-0.36,-0.932,-0.454,0.164,0.792,0.682,0.085,0.184,-0.416,0.725,-0.832,0.236,0.699,-0.879,0.265,-0.082,0.519,0.817,0.872,-0.423,-0.575,0.039,-0.522,0.588,-0.411,0.426,-0.531,0.593,0.849,0.46,-0.49,-0.521,-0.646,0.281,-0.671,0.961,0.204,0.577,-0.192,-0.77,-0.2,0.79,-0.808,0.718,-0.887,0.584,0.922,-0.303,0.583,0.262,0.694,0.152,-0.816,0.796,0.669,0.608,-0.654,0.713,-0.063,0.871,-0.156,0.399,-0.415,0.485,-0.54,-0.439,-0.232,0.663,-0.091,-0.823,-0.602,0.741,0.158,-0.152,-0.83,0.53,0.73,-0.734,-0.116,0.839,0.912,0.095,0.936,-0.881,0.229,0.056,0.152,0.334,-0.702,0.668,-0.221,0.797,0.278,0.269,-0.567,0.314,0.178,0.419,0.504,-0.16,-0.858,0.177,0.443,0.149,-0.132,-0.707,0.512,-0.823,0.553,-0.142,-0.889,0.53,0.02,-0.702
