,000001SZ,000002SZ,000157SZ,000166SZ,000333SZ,000338SZ,000538SZ,000568SZ,000596SZ,000617SZ,000625SZ,000651SZ,000661SZ,000708SZ,000725SZ,000768SZ,000776SZ,000786SZ,000800SZ,000807SZ,000858SZ,000876SZ,000895SZ,000938SZ,000963SZ,000999SZ,001965SZ,002001SZ,002007SZ,002027SZ,002028SZ,002050SZ,002129SZ,002179SZ,002230SZ,002236SZ,002241SZ,002271SZ,002304SZ,002311SZ,002371SZ,002415SZ,002422SZ,002459SZ,002460SZ,002463SZ,002466SZ,002475SZ,002493SZ,002555SZ,002594SZ,002601SZ,002648SZ,002709SZ,002714SZ,002916SZ,002920SZ,002938SZ,003816SZ,300014SZ,300033SZ,300059SZ,300122SZ,300124SZ,300274SZ,300308SZ,300316SZ,300347SZ,300394SZ,300408SZ,300413SZ,300418SZ,300433SZ,300450SZ,300498SZ,300502SZ,300628SZ,300661SZ,300750SZ,300759SZ,300760SZ,300782SZ,600000SS,600010SS,600011SS,600015SS,600016SS,600018SS,600019SS,600023SS,600025SS,600026SS,600028SS,600029SS,600031SS,600036SS,600048SS,600050SS,600061SS,600085SS,600089SS,600104SS,600111SS,600115SS,600161SS,600183SS,600188SS,600196SS,600219SS,600233SS,600276SS,600309SS,600332SS,600346SS,600362SS,600377SS,600406SS,600415SS,600426SS,600436SS,600438SS,600489SS,600519SS,600570SS,600585SS,600588SS,600600SS,600660SS,600674SS,600741SS,600760SS,600795SS,600809SS,600875SS,600886SS,600887SS,600926SS,600989SS,601006SS,601009SS,601012SS,601021SS,601058SS,601066SS,601088SS,601100SS,601117SS,601138SS,601166SS,601169SS,601186SS,601225SS,601229SS,601238SS,601288SS,601318SS,601319SS,601328SS,601336SS,601360SS,601390SS,601398SS,601600SS,601601SS,601607SS,601618SS,601628SS,601633SS,601658SS,601668SS,601669SS,601688SS,601689SS,601698SS,601699SS,601766SS,601788SS,601799SS,601800SS,601808SS,601816SS,601818SS,601838SS,601857SS,601865SS,601872SS,601877SS,601878SS,601881SS,601888SS,601899SS,601901SS,601919SS,601939SS,601985SS,601988SS,601998SS,603019SS,603195SS,603259SS,603260SS,603288SS,603369SS,603501SS,603659SS,603799SS,603806SS,603833SS,603986SS,603993SS,688008SS,688009SS,688012SS,688036SS,688111SS,688169SS,688396SS
000001SZ,1.0,0.801,-0.612,-0.417,0.646,-0.582,0.403,-0.457,-0.568,-0.554,-0.652,0.721,-0.554,-0.725,-0.633,-0.569,-0.484,-0.005,-0.751,-0.489,-0.639,0.357,0.686,0.084,-0.591,-0.599,-0.764,-0.152,-0.615,-0.65,-0.736,-0.352,-0.376,-0.69,-0.343,-0.587,-0.687,-0.302,-0.389,0.729,-0.491,-0.525,-0.165,-0.217,-0.195,-0.747,-0.467,-0.635,-0.723,0.082,-0.513,-0.432,-0.609,-0.175,-0.257,0.368,-0.441,-0.387,0.026,-0.482,-0.417,-0.297,0.739,-0.552,-0.354,-0.462,-0.34,0.002,-0.544,-0.2,0.128,-0.144,-0.41,-0.306,0.012,-0.219,-0.597,0.453,-0.246,-0.439,0.02,-0.048,0.688,-0.563,0.046,-0.485,-0.39,-0.504,-0.413,-0.287,-0.422,-0.784,-0.664,-0.812,-0.633,-0.172,0.783,0.79,-0.245,-0.758,-0.531,-0.641,-0.366,-0.679,-0.238,0.071,-0.645,0.643,-0.445,-0.529,-0.24,-0.178,-0.403,-0.659,-0.527,-0.444,-0.356,-0.647,0.608,-0.217,-0.496,-0.39,-0.264,-0.502,0.631,-0.293,-0.701,-0.786,-0.554,-0.834,-0.526,-0.646,-0.453,-0.555,0.086,0.027,0.359,-0.613,-0.672,0.618,-0.569,-0.72,-0.691,-0.064,-0.644,-0.729,-0.342,0.251,0.151,0.107,0.752,-0.627,0.034,-0.781,0.298,-0.247,-0.035,0.174,-0.223,-0.109,0.584,0.033,-0.419,-0.319,0.659,-0.394,0.059,-0.329,0.341,0.797,-0.536,-0.359,-0.276,-0.741,-0.677,-0.614,-0.228,-0.842,0.663,-0.794,-0.486,0.476,-0.173,-0.713,0.371,-0.819,-0.366,-0.479,-0.345,-0.327,-0.37,-0.247,-0.633,0.04,-0.026,0.071,-0.323,-0.192,-0.695,0.22,-0.305,-0.298,-0.486,-0.267,0.171,-0.526,-0.177,-0.244,-0.342,-0.486,-0.262,-0.648,-0.475,-0.412,-0.239,-0.49,-0.451
000002SZ,0.801,1.0,-0.701,-0.649,0.649,-0.703,0.515,-0.695,-0.722,-0.697,-0.767,0.77,-0.787,-0.83,-0.718,-0.725,-0.729,-0.149,-0.817,-0.729,-0.824,0.217,0.821,-0.093,-0.781,-0.588,-0.783,-0.436,-0.715,-0.778,-0.854,-0.527,-0.642,-0.753,-0.647,-0.812,-0.786,-0.389,-0.583,0.749,-0.68,-0.736,-0.195,-0.454,-0.513,-0.784,-0.709,-0.771,-0.837,0.023,-0.709,-0.741,-0.718,-0.486,-0.254,0.071,-0.662,-0.559,-0.146,-0.68,-0.679,-0.588,0.61,-0.784,-0.638,-0.622,-0.646,-0.304,-0.667,-0.42,0.158,-0.398,-0.62,-0.538,-0.067,-0.407,-0.781,0.395,-0.476,-0.66,-0.26,-0.372,0.72,-0.817,-0.002,-0.688,-0.433,-0.319,-0.627,-0.325,-0.269,-0.838,-0.727,-0.792,-0.749,-0.442,0.976,0.636,-0.483,-0.818,-0.709,-0.739,-0.667,-0.521,-0.575,-0.214,-0.701,0.49,-0.719,-0.75,-0.524,-0.382,-0.5,-0.777,-0.769,-0.315,-0.284,-0.643,0.475,-0.503,-0.734,-0.667,-0.512,-0.675,0.826,-0.606,-0.791,-0.882,-0.546,-0.865,-0.657,-0.765,-0.672,-0.781,0.148,-0.066,0.317,-0.736,-0.584,0.612,-0.796,-0.653,-0.733,-0.323,-0.734,-0.798,-0.525,0.014,-0.031,0.012,0.858,-0.725,-0.093,-0.853,0.574,-0.5,-0.17,0.285,-0.445,-0.416,0.781,0.218,-0.67,-0.523,0.635,-0.599,-0.137,-0.457,0.465,0.953,-0.611,-0.575,-0.359,-0.874,-0.798,-0.685,-0.386,-0.868,0.807,-0.847,-0.413,0.392,-0.224,-0.756,0.067,-0.822,-0.521,-0.643,-0.588,-0.513,-0.629,-0.503,-0.772,0.315,0.06,0.152,-0.413,-0.455,-0.6,-0.069,-0.57,-0.543,-0.72,-0.557,-0.092,-0.745,-0.394,-0.257,-0.555,-0.694,-0.502,-0.777,-0.714,-0.638,-0.539,-0.748,-0.677
000157SZ,-0.612,-0.701,1.0,0.783,-0.268,0.578,-0.082,0.719,0.719,0.883,0.657,-0.446,0.76,0.815,0.74,0.783,0.652,0.474,0.674,0.687,0.78,-0.107,-0.72,0.507,0.651,0.558,0.825,0.5,0.393,0.815,0.768,0.618,0.55,0.828,0.746,0.786,0.761,0.473,0.647,-0.513,0.576,0.742,0.608,0.323,0.419,0.782,0.516,0.854,0.776,0.302,0.656,0.703,0.693,0.51,0.369,0.142,0.715,0.662,0.492,0.686,0.751,0.716,-0.396,0.735,0.627,0.797,0.58,0.442,0.805,0.407,-0.301,0.721,0.775,0.605,0.082,0.718,0.771,-0.359,0.612,0.673,0.415,0.517,-0.348,0.587,0.032,0.831,0.346,0.558,0.543,0.49,0.28,0.757,0.773,0.757,0.909,0.311,-0.738,-0.269,0.713,0.832,0.644,0.541,0.657,0.631,0.573,0.368,0.612,-0.328,0.702,0.683,0.699,0.368,0.716,0.759,0.735,0.301,0.413,0.829,-0.138,0.607,0.624,0.674,0.534,0.785,-0.615,0.713,0.801,0.745,0.537,0.683,0.849,0.632,0.684,0.785,-0.078,0.158,0.004,0.692,0.557,-0.313,0.73,0.683,0.772,0.583,0.609,0.877,0.706,0.353,0.067,0.378,-0.549,0.628,0.507,0.717,-0.43,0.631,0.452,-0.051,0.742,0.651,-0.524,-0.182,0.548,0.7,-0.272,0.804,0.395,0.277,-0.356,-0.676,0.541,0.737,0.46,0.848,0.708,0.919,0.412,0.673,-0.531,0.787,0.389,-0.112,0.422,0.686,0.031,0.787,0.563,0.697,0.728,0.642,0.639,0.467,0.618,-0.212,0.031,-0.02,0.662,0.601,0.746,0.265,0.378,0.536,0.758,0.53,0.271,0.744,0.211,0.494,0.325,0.652,0.609,0.816,0.71,0.653,0.602,0.701,0.707
000166SZ,-0.417,-0.649,0.783,1.0,-0.358,0.673,-0.235,0.769,0.71,0.851,0.778,-0.554,0.778,0.77,0.598,0.883,0.924,0.377,0.685,0.77,0.851,0.203,-0.705,0.408,0.841,0.547,0.827,0.675,0.545,0.807,0.645,0.803,0.796,0.849,0.814,0.808,0.689,0.542,0.763,-0.564,0.606,0.873,0.643,0.723,0.788,0.777,0.825,0.823,0.861,0.322,0.913,0.891,0.773,0.742,0.457,0.199,0.784,0.564,0.482,0.86,0.95,0.885,-0.345,0.863,0.847,0.747,0.808,0.7,0.737,0.458,-0.206,0.764,0.704,0.829,0.4,0.647,0.813,-0.477,0.663,0.829,0.506,0.592,-0.363,0.759,-0.135,0.9,0.593,0.234,0.823,0.548,0.386,0.758,0.864,0.691,0.871,0.593,-0.689,-0.131,0.89,0.817,0.898,0.555,0.917,0.387,0.709,0.413,0.799,-0.406,0.874,0.85,0.814,0.649,0.643,0.843,0.886,0.286,0.136,0.71,0.067,0.75,0.872,0.893,0.815,0.814,-0.754,0.719,0.764,0.748,0.64,0.588,0.755,0.838,0.78,0.92,0.021,0.268,-0.035,0.827,0.522,-0.075,0.876,0.53,0.66,0.786,0.752,0.818,0.876,0.416,0.36,0.472,-0.655,0.827,0.544,0.756,-0.615,0.742,0.695,0.023,0.834,0.684,-0.702,-0.211,0.672,0.808,-0.39,0.786,0.421,0.575,-0.307,-0.721,0.642,0.933,0.41,0.721,0.847,0.791,0.771,0.627,-0.726,0.825,0.336,0.093,0.594,0.796,0.301,0.654,0.45,0.897,0.924,0.76,0.829,0.827,0.492,-0.255,-0.19,0.051,0.678,0.774,0.398,0.466,0.706,0.714,0.821,0.586,0.448,0.852,0.379,0.249,0.406,0.914,0.676,0.764,0.813,0.781,0.711,0.839,0.857
000333SZ,0.646,0.649,-0.268,-0.358,1.0,-0.68,0.695,-0.143,-0.197,-0.269,-0.607,0.912,-0.284,-0.447,-0.569,-0.328,-0.597,0.369,-0.736,-0.646,-0.4,0.046,0.48,0.567,-0.636,-0.556,-0.53,0.046,-0.832,-0.29,-0.5,-0.048,-0.552,-0.484,-0.048,-0.517,-0.424,-0.417,-0.046,0.832,-0.359,-0.337,0.307,-0.521,-0.467,-0.407,-0.687,-0.258,-0.566,0.524,-0.499,-0.371,-0.545,-0.098,-0.072,0.566,-0.131,0.058,0.008,-0.261,-0.259,-0.096,0.787,-0.484,-0.337,0.003,-0.381,0.192,-0.073,-0.108,-0.374,0.05,-0.147,-0.106,-0.129,0.259,-0.315,0.551,0.091,-0.148,0.331,0.168,0.588,-0.737,-0.038,-0.283,-0.756,-0.244,-0.571,0.105,-0.617,-0.528,-0.456,-0.639,-0.453,-0.537,0.575,0.563,-0.048,-0.553,-0.517,-0.783,-0.336,-0.406,-0.31,0.248,-0.694,0.613,-0.509,-0.535,0.023,-0.325,-0.092,-0.432,-0.624,-0.519,-0.059,-0.205,0.607,0.031,-0.542,-0.485,-0.132,-0.076,0.491,0.041,-0.345,-0.603,-0.691,-0.677,-0.097,-0.654,-0.098,-0.463,-0.255,0.179,0.738,-0.503,-0.726,0.614,-0.498,-0.447,-0.273,0.123,-0.768,-0.415,-0.139,0.51,-0.109,0.23,0.625,-0.712,0.248,-0.658,0.218,-0.031,-0.061,-0.089,0.051,0.104,0.445,0.028,-0.711,-0.247,0.82,-0.431,0.471,-0.651,0.009,0.664,-0.746,-0.159,-0.199,-0.555,-0.686,-0.293,-0.209,-0.752,0.6,-0.576,-0.611,0.158,0.15,-0.608,0.261,-0.467,-0.091,-0.329,-0.221,0.067,-0.438,-0.432,-0.691,-0.204,-0.296,-0.173,0.036,0.101,-0.089,0.454,-0.653,-0.013,-0.188,-0.132,0.398,-0.306,-0.492,0.289,-0.67,-0.499,0.074,-0.346,-0.217,-0.212,-0.008,-0.329,-0.208
000338SZ,-0.582,-0.703,0.578,0.673,-0.68,1.0,-0.702,0.533,0.636,0.539,0.844,-0.825,0.647,0.802,0.855,0.72,0.793,0.071,0.923,0.859,0.724,-0.087,-0.829,-0.059,0.857,0.603,0.799,0.151,0.664,0.722,0.824,0.519,0.848,0.777,0.522,0.841,0.858,0.708,0.478,-0.799,0.823,0.669,0.061,0.768,0.707,0.703,0.811,0.705,0.76,-0.268,0.797,0.653,0.883,0.509,0.068,-0.105,0.508,0.495,0.11,0.68,0.636,0.486,-0.792,0.837,0.716,0.459,0.745,0.174,0.56,0.609,0.021,0.497,0.706,0.539,0.03,0.302,0.674,-0.206,0.437,0.478,0.165,0.366,-0.593,0.784,0.186,0.666,0.699,0.226,0.841,0.094,0.532,0.798,0.658,0.783,0.698,0.805,-0.693,-0.368,0.37,0.765,0.781,0.874,0.637,0.476,0.662,0.326,0.767,-0.576,0.823,0.723,0.354,0.376,0.302,0.724,0.847,0.688,0.517,0.489,-0.386,0.306,0.817,0.657,0.427,0.517,-0.713,0.473,0.665,0.834,0.758,0.806,0.559,0.809,0.526,0.764,0.021,-0.206,-0.66,0.763,0.589,-0.552,0.83,0.573,0.675,0.27,0.84,0.776,0.566,0.065,0.023,-0.18,-0.767,0.778,-0.064,0.85,-0.6,0.409,0.226,-0.182,0.301,0.449,-0.676,-0.452,0.847,0.422,-0.785,0.576,-0.14,0.815,-0.415,-0.813,0.812,0.503,0.603,0.826,0.825,0.614,0.352,0.842,-0.797,0.779,0.588,-0.305,-0.015,0.715,0.122,0.698,0.593,0.579,0.464,0.362,0.744,0.678,0.727,-0.181,0.037,-0.155,0.136,0.23,0.406,-0.155,0.777,0.338,0.564,0.694,0.098,0.722,0.725,0.251,0.859,0.684,0.348,0.731,0.651,0.667,0.511,0.637,0.624
000538SZ,0.403,0.515,-0.082,-0.235,0.695,-0.702,1.0,-0.104,-0.225,-0.075,-0.523,0.765,-0.243,-0.433,-0.459,-0.308,-0.468,0.342,-0.62,-0.483,-0.332,0.126,0.503,0.423,-0.556,-0.317,-0.43,0.169,-0.57,-0.315,-0.463,-0.143,-0.544,-0.416,-0.097,-0.441,-0.474,-0.364,-0.1,0.646,-0.534,-0.294,0.391,-0.588,-0.509,-0.296,-0.581,-0.265,-0.415,0.54,-0.452,-0.266,-0.525,-0.213,0.092,0.334,-0.121,-0.076,0.184,-0.309,-0.213,-0.082,0.732,-0.482,-0.361,-0.012,-0.428,0.145,-0.139,-0.391,-0.241,0.015,-0.256,-0.163,-0.029,0.124,-0.272,0.086,-0.045,-0.119,0.157,0.01,0.574,-0.551,-0.069,-0.217,-0.57,0.107,-0.553,0.204,-0.386,-0.446,-0.3,-0.436,-0.268,-0.659,0.462,0.452,0.048,-0.362,-0.448,-0.624,-0.3,-0.128,-0.277,0.012,-0.512,0.589,-0.397,-0.386,0.055,-0.173,0.131,-0.387,-0.488,-0.526,-0.272,-0.046,0.495,0.083,-0.516,-0.291,-0.095,-0.091,0.491,-0.036,-0.258,-0.494,-0.458,-0.517,-0.095,-0.5,-0.146,-0.363,0.007,0.26,0.719,-0.42,-0.417,0.433,-0.475,-0.224,-0.263,0.135,-0.565,-0.34,-0.175,0.272,-0.014,0.427,0.582,-0.508,0.378,-0.531,0.418,-0.03,0.078,0.219,0.137,-0.067,0.464,0.361,-0.553,-0.096,0.825,-0.127,0.424,-0.677,0.19,0.588,-0.578,-0.077,-0.2,-0.447,-0.517,-0.1,-0.142,-0.596,0.581,-0.447,-0.431,0.331,0.231,-0.427,-0.055,-0.344,-0.289,-0.242,-0.075,0.04,-0.395,-0.404,-0.468,0.06,-0.064,0.081,0.18,0.095,-0.04,0.391,-0.581,-0.03,-0.165,-0.387,0.159,-0.341,-0.615,0.108,-0.71,-0.383,0.027,-0.321,-0.272,-0.289,-0.174,-0.271,-0.242
000568SZ,-0.457,-0.695,0.719,0.769,-0.143,0.533,-0.104,1.0,0.94,0.811,0.623,-0.361,0.957,0.829,0.57,0.801,0.716,0.594,0.612,0.638,0.939,0.068,-0.744,0.52,0.772,0.551,0.744,0.689,0.368,0.883,0.764,0.812,0.613,0.653,0.871,0.718,0.749,0.426,0.947,-0.402,0.592,0.828,0.604,0.419,0.499,0.821,0.6,0.852,0.806,0.514,0.762,0.876,0.704,0.635,0.485,0.318,0.845,0.824,0.389,0.848,0.885,0.844,-0.192,0.774,0.723,0.87,0.649,0.777,0.819,0.381,-0.503,0.711,0.752,0.792,0.309,0.712,0.876,-0.297,0.723,0.914,0.738,0.681,-0.31,0.609,-0.097,0.859,0.209,0.292,0.613,0.656,0.126,0.772,0.777,0.67,0.736,0.474,-0.75,-0.198,0.791,0.797,0.763,0.461,0.788,0.458,0.788,0.5,0.606,-0.182,0.757,0.791,0.866,0.548,0.74,0.831,0.699,0.217,0.326,0.756,0.034,0.909,0.728,0.737,0.872,0.908,-0.698,0.871,0.884,0.729,0.428,0.617,0.829,0.681,0.947,0.813,-0.215,0.373,0.097,0.799,0.369,-0.173,0.793,0.591,0.789,0.734,0.575,0.821,0.749,0.496,0.287,0.381,-0.653,0.641,0.529,0.702,-0.635,0.861,0.534,-0.158,0.806,0.611,-0.707,-0.137,0.53,0.695,-0.23,0.633,0.633,0.238,-0.495,-0.711,0.41,0.836,0.388,0.686,0.713,0.795,0.631,0.523,-0.686,0.781,0.241,-0.14,0.565,0.714,0.151,0.685,0.534,0.802,0.791,0.905,0.657,0.554,0.46,-0.442,-0.31,-0.161,0.734,0.776,0.652,0.593,0.458,0.866,0.97,0.618,0.507,0.829,0.175,0.479,0.301,0.744,0.759,0.774,0.854,0.812,0.692,0.837,0.858
000596SZ,-0.568,-0.722,0.719,0.71,-0.197,0.636,-0.225,0.94,1.0,0.77,0.671,-0.432,0.923,0.892,0.664,0.819,0.678,0.496,0.713,0.63,0.934,0.008,-0.84,0.466,0.774,0.596,0.8,0.516,0.336,0.937,0.846,0.793,0.618,0.699,0.85,0.767,0.853,0.441,0.901,-0.481,0.698,0.829,0.538,0.446,0.473,0.873,0.586,0.898,0.806,0.384,0.762,0.791,0.806,0.6,0.406,0.27,0.81,0.862,0.221,0.85,0.83,0.746,-0.37,0.807,0.714,0.878,0.648,0.659,0.852,0.499,-0.534,0.696,0.799,0.75,0.192,0.701,0.864,-0.169,0.718,0.864,0.676,0.65,-0.411,0.574,-0.036,0.835,0.24,0.329,0.644,0.614,0.181,0.843,0.78,0.74,0.732,0.497,-0.77,-0.314,0.683,0.831,0.756,0.512,0.723,0.551,0.747,0.504,0.614,-0.272,0.749,0.75,0.771,0.444,0.699,0.874,0.686,0.384,0.496,0.8,-0.018,0.778,0.718,0.656,0.754,0.906,-0.741,0.868,0.935,0.793,0.472,0.687,0.844,0.707,0.931,0.791,-0.307,0.213,-0.053,0.83,0.383,-0.285,0.809,0.664,0.906,0.649,0.611,0.881,0.753,0.427,0.093,0.179,-0.727,0.629,0.335,0.745,-0.714,0.782,0.409,-0.317,0.699,0.615,-0.735,-0.296,0.519,0.556,-0.375,0.552,0.484,0.319,-0.619,-0.768,0.463,0.754,0.48,0.753,0.72,0.795,0.524,0.611,-0.741,0.828,0.308,-0.351,0.449,0.728,0.14,0.761,0.634,0.742,0.661,0.86,0.672,0.52,0.494,-0.471,-0.33,-0.343,0.619,0.669,0.749,0.437,0.409,0.774,0.927,0.712,0.471,0.843,0.272,0.587,0.385,0.683,0.709,0.807,0.846,0.81,0.701,0.784,0.838
000617SZ,-0.554,-0.697,0.883,0.851,-0.269,0.539,-0.075,0.811,0.77,1.0,0.648,-0.436,0.823,0.82,0.625,0.79,0.734,0.438,0.669,0.646,0.851,0.072,-0.679,0.519,0.722,0.602,0.821,0.638,0.391,0.832,0.731,0.725,0.556,0.764,0.777,0.729,0.699,0.384,0.791,-0.513,0.502,0.787,0.651,0.377,0.46,0.819,0.586,0.833,0.839,0.43,0.744,0.818,0.725,0.541,0.53,0.123,0.754,0.685,0.539,0.749,0.847,0.773,-0.307,0.741,0.62,0.824,0.571,0.615,0.771,0.265,-0.376,0.719,0.718,0.705,0.377,0.694,0.8,-0.444,0.594,0.794,0.496,0.488,-0.276,0.624,-0.163,0.852,0.345,0.447,0.606,0.646,0.353,0.727,0.846,0.77,0.841,0.381,-0.749,-0.199,0.844,0.846,0.732,0.508,0.754,0.614,0.661,0.311,0.665,-0.271,0.706,0.761,0.798,0.58,0.775,0.846,0.73,0.336,0.302,0.848,0.014,0.738,0.665,0.784,0.736,0.841,-0.653,0.72,0.832,0.736,0.571,0.65,0.848,0.708,0.78,0.796,-0.035,0.376,0.091,0.809,0.573,-0.166,0.738,0.653,0.786,0.67,0.62,0.859,0.767,0.436,0.333,0.518,-0.584,0.695,0.639,0.718,-0.444,0.802,0.655,0.009,0.871,0.652,-0.568,-0.034,0.523,0.78,-0.256,0.795,0.556,0.252,-0.311,-0.692,0.522,0.865,0.435,0.761,0.733,0.913,0.647,0.627,-0.582,0.821,0.396,0.035,0.573,0.803,-0.001,0.673,0.425,0.843,0.843,0.753,0.65,0.553,0.475,-0.178,-0.062,0.059,0.791,0.72,0.681,0.43,0.414,0.67,0.839,0.477,0.32,0.747,0.089,0.378,0.247,0.775,0.647,0.798,0.743,0.66,0.563,0.709,0.773
000625SZ,-0.652,-0.767,0.657,0.778,-0.607,0.844,-0.523,0.623,0.671,0.648,1.0,-0.805,0.725,0.813,0.667,0.866,0.839,0.263,0.858,0.774,0.789,-0.054,-0.874,0.107,0.842,0.441,0.821,0.405,0.692,0.767,0.791,0.708,0.81,0.861,0.688,0.811,0.795,0.734,0.559,-0.714,0.844,0.76,0.299,0.738,0.748,0.804,0.849,0.79,0.815,-0.002,0.891,0.771,0.795,0.694,0.268,0.059,0.754,0.537,0.076,0.835,0.766,0.695,-0.668,0.923,0.83,0.64,0.844,0.385,0.684,0.629,-0.118,0.565,0.628,0.742,0.119,0.451,0.84,-0.319,0.639,0.674,0.268,0.492,-0.667,0.865,-0.114,0.777,0.623,0.19,0.872,0.251,0.32,0.907,0.786,0.744,0.761,0.62,-0.79,-0.479,0.573,0.788,0.88,0.81,0.825,0.366,0.579,0.347,0.827,-0.696,0.85,0.81,0.493,0.349,0.342,0.781,0.877,0.387,0.294,0.555,-0.308,0.457,0.898,0.774,0.575,0.684,-0.871,0.575,0.712,0.909,0.577,0.84,0.654,0.851,0.676,0.876,-0.201,-0.146,-0.391,0.81,0.515,-0.397,0.878,0.558,0.735,0.448,0.835,0.797,0.726,0.071,0.046,0.04,-0.865,0.832,0.075,0.939,-0.709,0.436,0.305,-0.122,0.459,0.526,-0.859,-0.34,0.699,0.515,-0.71,0.559,0.122,0.796,-0.508,-0.876,0.677,0.671,0.431,0.8,0.858,0.639,0.543,0.829,-0.892,0.851,0.293,-0.253,0.325,0.754,0.124,0.843,0.546,0.705,0.644,0.569,0.787,0.691,0.652,-0.364,-0.279,-0.122,0.39,0.508,0.391,0.093,0.763,0.506,0.667,0.708,0.341,0.871,0.518,0.34,0.626,0.827,0.593,0.822,0.819,0.788,0.663,0.8,0.808
000651SZ,0.721,0.77,-0.446,-0.554,0.912,-0.825,0.765,-0.361,-0.432,-0.436,-0.805,1.0,-0.51,-0.685,-0.65,-0.595,-0.753,0.157,-0.867,-0.732,-0.619,0.086,0.726,0.36,-0.808,-0.539,-0.742,-0.119,-0.842,-0.557,-0.689,-0.354,-0.711,-0.703,-0.318,-0.676,-0.648,-0.572,-0.281,0.865,-0.613,-0.552,0.086,-0.678,-0.622,-0.623,-0.815,-0.519,-0.738,0.396,-0.712,-0.555,-0.738,-0.358,-0.157,0.402,-0.387,-0.203,-0.011,-0.55,-0.493,-0.347,0.861,-0.717,-0.57,-0.259,-0.6,-0.028,-0.35,-0.336,-0.157,-0.172,-0.378,-0.388,-0.176,-0.012,-0.575,0.482,-0.2,-0.399,0.104,-0.071,0.677,-0.834,0.071,-0.519,-0.761,-0.206,-0.767,-0.016,-0.563,-0.746,-0.645,-0.755,-0.634,-0.654,0.722,0.631,-0.264,-0.702,-0.731,-0.846,-0.563,-0.418,-0.451,0.039,-0.835,0.762,-0.678,-0.695,-0.181,-0.372,-0.187,-0.641,-0.771,-0.554,-0.213,-0.36,0.591,-0.161,-0.746,-0.628,-0.34,-0.349,0.719,-0.198,-0.54,-0.777,-0.709,-0.801,-0.341,-0.811,-0.368,-0.666,-0.035,0.168,0.69,-0.71,-0.726,0.552,-0.715,-0.52,-0.486,-0.091,-0.866,-0.639,-0.411,0.314,-0.12,0.14,0.816,-0.844,0.153,-0.841,0.473,-0.202,-0.168,0.027,-0.145,-0.14,0.674,0.19,-0.755,-0.39,0.908,-0.48,0.275,-0.768,0.23,0.833,-0.793,-0.388,-0.257,-0.704,-0.83,-0.466,-0.404,-0.846,0.802,-0.766,-0.544,0.28,-0.039,-0.744,0.141,-0.673,-0.291,-0.56,-0.421,-0.196,-0.584,-0.592,-0.703,0.017,-0.072,-0.048,-0.135,-0.141,-0.254,0.292,-0.748,-0.233,-0.42,-0.398,0.145,-0.581,-0.534,0.057,-0.718,-0.698,-0.182,-0.579,-0.497,-0.5,-0.276,-0.546,-0.49
000661SZ,-0.554,-0.787,0.76,0.778,-0.284,0.647,-0.243,0.957,0.923,0.823,0.725,-0.51,1.0,0.902,0.646,0.842,0.747,0.596,0.725,0.7,0.952,-0.036,-0.838,0.441,0.828,0.541,0.807,0.662,0.458,0.907,0.867,0.826,0.684,0.726,0.867,0.768,0.83,0.533,0.887,-0.494,0.706,0.83,0.496,0.469,0.524,0.861,0.652,0.88,0.835,0.377,0.802,0.906,0.748,0.672,0.415,0.252,0.862,0.846,0.384,0.876,0.874,0.821,-0.319,0.839,0.762,0.863,0.703,0.676,0.837,0.43,-0.474,0.711,0.797,0.804,0.251,0.697,0.937,-0.287,0.735,0.873,0.656,0.652,-0.427,0.696,-0.077,0.872,0.269,0.297,0.68,0.558,0.167,0.838,0.779,0.73,0.761,0.511,-0.834,-0.294,0.751,0.816,0.809,0.597,0.808,0.453,0.827,0.51,0.661,-0.287,0.796,0.814,0.801,0.474,0.659,0.834,0.763,0.292,0.407,0.731,-0.13,0.821,0.791,0.757,0.815,0.891,-0.766,0.841,0.872,0.823,0.48,0.737,0.863,0.721,0.916,0.853,-0.216,0.238,-0.061,0.832,0.423,-0.305,0.847,0.572,0.823,0.636,0.635,0.87,0.744,0.444,0.227,0.305,-0.725,0.695,0.446,0.807,-0.659,0.789,0.469,-0.171,0.747,0.626,-0.765,-0.214,0.609,0.652,-0.35,0.658,0.541,0.346,-0.553,-0.793,0.494,0.805,0.439,0.786,0.759,0.815,0.613,0.628,-0.746,0.822,0.27,-0.225,0.468,0.74,0.097,0.765,0.6,0.815,0.784,0.83,0.66,0.598,0.544,-0.461,-0.274,-0.161,0.665,0.714,0.67,0.449,0.553,0.794,0.948,0.687,0.452,0.872,0.242,0.507,0.435,0.781,0.766,0.863,0.897,0.866,0.695,0.865,0.887
000708SZ,-0.725,-0.83,0.815,0.77,-0.447,0.802,-0.433,0.829,0.892,0.82,0.813,-0.685,0.902,1.0,0.79,0.871,0.769,0.401,0.867,0.733,0.931,-0.139,-0.927,0.318,0.862,0.624,0.936,0.462,0.506,0.955,0.945,0.766,0.729,0.854,0.778,0.846,0.941,0.594,0.777,-0.668,0.795,0.831,0.425,0.542,0.534,0.904,0.687,0.926,0.887,0.156,0.824,0.805,0.897,0.612,0.338,0.062,0.768,0.797,0.27,0.853,0.82,0.712,-0.611,0.883,0.745,0.795,0.71,0.467,0.84,0.504,-0.411,0.659,0.843,0.734,0.169,0.624,0.907,-0.288,0.66,0.784,0.47,0.52,-0.529,0.703,-0.027,0.858,0.434,0.375,0.754,0.439,0.376,0.921,0.837,0.862,0.83,0.57,-0.861,-0.447,0.652,0.895,0.832,0.705,0.74,0.603,0.72,0.425,0.747,-0.514,0.796,0.803,0.659,0.418,0.587,0.896,0.8,0.54,0.563,0.795,-0.288,0.621,0.81,0.711,0.662,0.845,-0.811,0.735,0.899,0.894,0.638,0.832,0.851,0.819,0.831,0.858,-0.196,0.081,-0.268,0.885,0.581,-0.435,0.886,0.682,0.892,0.515,0.745,0.963,0.753,0.304,0.091,0.14,-0.809,0.763,0.28,0.893,-0.651,0.681,0.396,-0.219,0.629,0.607,-0.756,-0.315,0.65,0.588,-0.575,0.65,0.31,0.498,-0.56,-0.874,0.658,0.74,0.515,0.889,0.83,0.872,0.532,0.796,-0.802,0.918,0.456,-0.364,0.35,0.831,0.025,0.859,0.659,0.795,0.689,0.705,0.683,0.608,0.62,-0.329,-0.162,-0.197,0.552,0.559,0.746,0.188,0.568,0.629,0.847,0.701,0.296,0.87,0.367,0.509,0.552,0.77,0.645,0.917,0.855,0.827,0.639,0.787,0.837
000725SZ,-0.633,-0.718,0.74,0.598,-0.569,0.855,-0.459,0.57,0.664,0.625,0.667,-0.65,0.646,0.79,1.0,0.618,0.642,0.143,0.86,0.835,0.701,-0.164,-0.742,0.074,0.729,0.712,0.771,0.099,0.561,0.717,0.85,0.365,0.678,0.707,0.506,0.854,0.854,0.597,0.472,-0.706,0.678,0.626,0.132,0.474,0.464,0.683,0.607,0.707,0.726,-0.185,0.609,0.58,0.815,0.31,0.072,-0.119,0.442,0.539,0.279,0.531,0.556,0.417,-0.699,0.705,0.55,0.492,0.552,0.096,0.584,0.488,0.009,0.519,0.76,0.364,-0.093,0.363,0.593,-0.231,0.357,0.413,0.182,0.345,-0.476,0.656,0.388,0.64,0.56,0.524,0.613,0.166,0.508,0.735,0.605,0.829,0.757,0.607,-0.694,-0.319,0.332,0.798,0.593,0.811,0.467,0.708,0.619,0.307,0.624,-0.356,0.727,0.618,0.398,0.339,0.494,0.672,0.763,0.676,0.622,0.64,-0.372,0.33,0.621,0.553,0.32,0.515,-0.539,0.539,0.728,0.789,0.749,0.798,0.626,0.671,0.48,0.69,0.088,-0.11,-0.532,0.656,0.648,-0.673,0.719,0.736,0.707,0.238,0.738,0.79,0.441,0.109,-0.072,-0.113,-0.604,0.643,0.073,0.755,-0.403,0.463,0.176,-0.152,0.365,0.444,-0.465,-0.343,0.801,0.464,-0.583,0.711,-0.094,0.536,-0.336,-0.727,0.767,0.44,0.684,0.888,0.743,0.757,0.132,0.817,-0.588,0.738,0.697,-0.306,-0.076,0.659,0.002,0.716,0.612,0.463,0.399,0.343,0.657,0.461,0.83,-0.072,0.268,-0.136,0.213,0.172,0.637,-0.163,0.543,0.284,0.573,0.559,-0.038,0.599,0.606,0.322,0.756,0.513,0.282,0.701,0.537,0.537,0.42,0.551,0.492
000768SZ,-0.569,-0.725,0.783,0.883,-0.328,0.72,-0.308,0.801,0.819,0.79,0.866,-0.595,0.842,0.871,0.618,1.0,0.85,0.473,0.73,0.686,0.89,-0.018,-0.874,0.432,0.822,0.478,0.87,0.653,0.482,0.91,0.77,0.886,0.786,0.91,0.873,0.821,0.82,0.596,0.787,-0.549,0.784,0.897,0.628,0.677,0.739,0.889,0.781,0.922,0.848,0.307,0.916,0.864,0.798,0.827,0.378,0.276,0.889,0.713,0.21,0.957,0.929,0.885,-0.455,0.937,0.91,0.859,0.873,0.665,0.886,0.637,-0.382,0.772,0.757,0.888,0.209,0.737,0.927,-0.317,0.816,0.871,0.592,0.695,-0.539,0.713,-0.138,0.938,0.488,0.209,0.812,0.467,0.242,0.912,0.868,0.702,0.846,0.526,-0.763,-0.325,0.8,0.826,0.91,0.569,0.886,0.354,0.633,0.521,0.746,-0.522,0.849,0.834,0.768,0.466,0.603,0.876,0.831,0.292,0.31,0.752,-0.073,0.71,0.903,0.797,0.752,0.91,-0.881,0.782,0.831,0.84,0.522,0.698,0.875,0.835,0.883,0.926,-0.255,0.083,-0.077,0.843,0.4,-0.168,0.927,0.526,0.808,0.745,0.71,0.898,0.896,0.399,0.125,0.295,-0.779,0.77,0.352,0.839,-0.765,0.648,0.462,-0.197,0.732,0.705,-0.838,-0.381,0.558,0.643,-0.469,0.645,0.406,0.588,-0.57,-0.816,0.581,0.875,0.446,0.79,0.824,0.776,0.676,0.693,-0.824,0.877,0.199,-0.224,0.597,0.76,0.297,0.851,0.638,0.839,0.819,0.811,0.794,0.746,0.514,-0.467,-0.395,-0.181,0.622,0.772,0.568,0.409,0.652,0.75,0.859,0.735,0.558,0.969,0.404,0.489,0.409,0.866,0.764,0.875,0.932,0.898,0.798,0.872,0.943
000776SZ,-0.484,-0.729,0.652,0.924,-0.597,0.793,-0.468,0.716,0.678,0.734,0.839,-0.753,0.747,0.769,0.642,0.85,1.0,0.171,0.795,0.859,0.852,0.207,-0.748,0.124,0.939,0.631,0.832,0.561,0.725,0.763,0.674,0.696,0.875,0.828,0.696,0.836,0.694,0.595,0.684,-0.722,0.631,0.852,0.413,0.834,0.879,0.758,0.959,0.748,0.894,0.085,0.949,0.872,0.835,0.677,0.382,0.004,0.694,0.436,0.331,0.828,0.893,0.782,-0.538,0.893,0.855,0.595,0.839,0.585,0.604,0.446,-0.049,0.601,0.61,0.746,0.411,0.417,0.779,-0.547,0.529,0.774,0.377,0.485,-0.479,0.883,-0.112,0.846,0.755,0.183,0.914,0.399,0.489,0.795,0.863,0.745,0.844,0.762,-0.727,-0.265,0.743,0.842,0.937,0.698,0.897,0.382,0.725,0.279,0.895,-0.517,0.916,0.928,0.686,0.718,0.56,0.85,0.941,0.397,0.102,0.603,-0.116,0.663,0.933,0.917,0.779,0.697,-0.808,0.595,0.743,0.784,0.734,0.667,0.618,0.93,0.721,0.914,0.054,0.202,-0.275,0.867,0.624,-0.205,0.909,0.553,0.609,0.651,0.889,0.792,0.783,0.175,0.405,0.289,-0.767,0.933,0.325,0.82,-0.651,0.652,0.58,0.014,0.655,0.528,-0.76,-0.222,0.811,0.76,-0.612,0.746,0.188,0.728,-0.259,-0.816,0.767,0.834,0.365,0.731,0.937,0.695,0.741,0.735,-0.839,0.861,0.461,0.015,0.459,0.855,0.227,0.657,0.38,0.851,0.832,0.644,0.857,0.861,0.622,-0.181,-0.113,0.072,0.52,0.633,0.298,0.29,0.837,0.667,0.774,0.557,0.291,0.826,0.521,0.065,0.586,0.942,0.525,0.702,0.757,0.742,0.61,0.808,0.794
000786SZ,-0.005,-0.149,0.474,0.377,0.369,0.071,0.342,0.594,0.496,0.438,0.263,0.157,0.596,0.401,0.143,0.473,0.171,1.0,0.074,0.16,0.417,-0.045,-0.373,0.69,0.196,-0.095,0.265,0.571,-0.163,0.457,0.382,0.621,0.23,0.254,0.648,0.241,0.368,0.42,0.544,0.226,0.387,0.359,0.539,0.013,0.104,0.375,0.056,0.492,0.217,0.632,0.288,0.491,0.153,0.558,0.24,0.64,0.672,0.708,0.374,0.532,0.487,0.62,0.291,0.375,0.445,0.67,0.357,0.581,0.602,0.3,-0.595,0.671,0.529,0.596,0.019,0.719,0.586,0.111,0.72,0.519,0.671,0.671,0.01,0.127,-0.045,0.519,-0.286,0.098,0.196,0.336,-0.361,0.35,0.244,0.105,0.297,-0.007,-0.26,0.152,0.545,0.223,0.31,0.052,0.43,-0.009,0.458,0.665,0.056,0.097,0.328,0.268,0.566,-0.059,0.338,0.245,0.236,-0.204,0.285,0.341,0.222,0.585,0.308,0.315,0.47,0.595,-0.251,0.635,0.348,0.277,-0.138,0.196,0.647,0.089,0.575,0.403,-0.353,0.06,0.367,0.259,-0.19,0.078,0.346,0.048,0.389,0.527,-0.018,0.368,0.474,0.661,-0.004,0.411,-0.105,0.074,0.502,0.273,-0.375,0.44,0.287,-0.052,0.562,0.553,-0.319,-0.165,0.049,0.279,0.303,0.306,0.721,-0.088,-0.497,-0.136,-0.085,0.481,0.196,0.274,0.133,0.444,0.291,-0.034,-0.15,0.214,-0.341,-0.048,0.429,0.08,0.218,0.393,0.472,0.375,0.465,0.622,0.203,0.221,0.02,-0.584,-0.444,-0.206,0.517,0.584,0.406,0.582,0.102,0.489,0.547,0.467,0.676,0.52,-0.109,0.681,-0.034,0.285,0.713,0.51,0.604,0.642,0.534,0.524,0.583
000800SZ,-0.751,-0.817,0.674,0.685,-0.736,0.923,-0.62,0.612,0.713,0.669,0.858,-0.867,0.725,0.867,0.86,0.73,0.795,0.074,1.0,0.849,0.808,-0.096,-0.853,-0.063,0.883,0.717,0.88,0.204,0.724,0.773,0.891,0.523,0.758,0.796,0.541,0.837,0.848,0.649,0.529,-0.848,0.739,0.7,0.137,0.646,0.596,0.812,0.786,0.734,0.837,-0.206,0.802,0.689,0.904,0.424,0.197,-0.216,0.542,0.5,0.182,0.687,0.654,0.482,-0.828,0.821,0.647,0.535,0.654,0.194,0.591,0.461,-0.053,0.447,0.648,0.518,0.123,0.289,0.732,-0.366,0.392,0.554,0.141,0.286,-0.603,0.809,0.074,0.697,0.67,0.429,0.802,0.26,0.586,0.858,0.763,0.917,0.776,0.698,-0.799,-0.495,0.424,0.874,0.787,0.9,0.634,0.656,0.671,0.175,0.836,-0.583,0.803,0.777,0.405,0.444,0.459,0.803,0.847,0.7,0.503,0.636,-0.42,0.374,0.781,0.699,0.487,0.576,-0.735,0.484,0.787,0.901,0.809,0.905,0.611,0.856,0.579,0.786,0.037,-0.057,-0.596,0.833,0.747,-0.58,0.818,0.735,0.774,0.264,0.893,0.846,0.567,-0.034,0.084,-0.07,-0.822,0.843,0.04,0.912,-0.555,0.495,0.277,-0.131,0.383,0.405,-0.679,-0.28,0.817,0.509,-0.788,0.644,-0.081,0.714,-0.38,-0.881,0.83,0.557,0.545,0.873,0.882,0.729,0.403,0.906,-0.811,0.879,0.655,-0.32,0.093,0.836,-0.095,0.782,0.49,0.644,0.524,0.432,0.714,0.608,0.771,-0.093,0.083,-0.072,0.303,0.282,0.557,-0.139,0.67,0.395,0.649,0.593,0.005,0.713,0.542,0.236,0.754,0.724,0.357,0.753,0.649,0.632,0.449,0.645,0.634
000807SZ,-0.489,-0.729,0.687,0.77,-0.646,0.859,-0.483,0.638,0.63,0.646,0.774,-0.732,0.7,0.733,0.835,0.686,0.859,0.16,0.849,1.0,0.756,0.123,-0.738,0.025,0.867,0.66,0.758,0.29,0.718,0.671,0.754,0.465,0.825,0.743,0.587,0.874,0.734,0.691,0.526,-0.749,0.655,0.717,0.166,0.696,0.748,0.657,0.847,0.679,0.795,-0.1,0.794,0.742,0.811,0.48,0.197,-0.06,0.558,0.419,0.351,0.654,0.705,0.59,-0.618,0.818,0.728,0.488,0.73,0.326,0.504,0.469,0.114,0.576,0.661,0.533,0.135,0.315,0.664,-0.397,0.416,0.543,0.228,0.429,-0.453,0.873,0.175,0.735,0.706,0.318,0.823,0.232,0.464,0.735,0.705,0.769,0.807,0.776,-0.71,-0.215,0.51,0.813,0.756,0.821,0.725,0.521,0.78,0.28,0.793,-0.396,0.907,0.834,0.527,0.542,0.488,0.716,0.943,0.503,0.313,0.517,-0.235,0.491,0.803,0.817,0.554,0.533,-0.652,0.557,0.69,0.765,0.747,0.73,0.535,0.774,0.552,0.823,0.115,-0.016,-0.494,0.747,0.656,-0.508,0.817,0.643,0.594,0.412,0.88,0.745,0.595,0.093,0.184,0.06,-0.666,0.822,0.171,0.781,-0.538,0.536,0.381,0.024,0.48,0.452,-0.604,-0.281,0.967,0.645,-0.617,0.788,-0.002,0.685,-0.246,-0.757,0.801,0.597,0.503,0.819,0.872,0.695,0.402,0.764,-0.714,0.761,0.616,-0.046,0.088,0.73,0.102,0.645,0.437,0.616,0.607,0.447,0.837,0.685,0.827,-0.115,0.141,0.049,0.312,0.362,0.341,0.044,0.776,0.428,0.657,0.581,0.095,0.7,0.627,0.132,0.795,0.743,0.382,0.678,0.625,0.627,0.518,0.697,0.62
000858SZ,-0.639,-0.824,0.78,0.851,-0.4,0.724,-0.332,0.939,0.934,0.851,0.789,-0.619,0.952,0.931,0.701,0.89,0.852,0.417,0.808,0.756,1.0,0.025,-0.86,0.355,0.914,0.668,0.899,0.612,0.571,0.951,0.861,0.818,0.746,0.818,0.84,0.83,0.853,0.511,0.892,-0.638,0.695,0.891,0.534,0.59,0.623,0.917,0.766,0.914,0.929,0.311,0.885,0.909,0.856,0.652,0.48,0.137,0.832,0.757,0.336,0.896,0.919,0.83,-0.468,0.887,0.798,0.837,0.74,0.665,0.83,0.445,-0.388,0.667,0.768,0.803,0.317,0.634,0.924,-0.419,0.678,0.909,0.582,0.587,-0.485,0.754,-0.113,0.905,0.444,0.337,0.762,0.594,0.329,0.899,0.9,0.836,0.856,0.595,-0.858,-0.37,0.776,0.921,0.892,0.638,0.844,0.563,0.783,0.404,0.792,-0.43,0.857,0.89,0.797,0.598,0.715,0.936,0.837,0.39,0.359,0.806,-0.131,0.81,0.855,0.82,0.838,0.9,-0.834,0.804,0.947,0.874,0.624,0.772,0.835,0.859,0.92,0.91,-0.148,0.282,-0.115,0.911,0.567,-0.292,0.911,0.698,0.859,0.67,0.77,0.929,0.795,0.325,0.272,0.295,-0.811,0.818,0.415,0.858,-0.684,0.813,0.53,-0.173,0.75,0.592,-0.801,-0.195,0.661,0.721,-0.49,0.703,0.436,0.459,-0.482,-0.871,0.63,0.859,0.427,0.812,0.874,0.843,0.68,0.737,-0.835,0.929,0.408,-0.214,0.522,0.873,0.098,0.8,0.557,0.878,0.819,0.841,0.765,0.67,0.589,-0.353,-0.227,-0.126,0.683,0.716,0.661,0.403,0.606,0.808,0.958,0.653,0.38,0.891,0.315,0.395,0.452,0.863,0.702,0.851,0.88,0.834,0.684,0.876,0.891
000876SZ,0.357,0.217,-0.107,0.203,0.046,-0.087,0.126,0.068,0.008,0.072,-0.054,0.086,-0.036,-0.139,-0.164,-0.018,0.207,-0.045,-0.096,0.123,0.025,1.0,0.158,0.004,0.131,0.099,-0.055,0.083,0.023,-0.061,-0.218,0.064,0.02,-0.123,0.043,-0.014,-0.203,0.066,0.092,0.035,-0.219,0.094,0.164,0.212,0.268,-0.093,0.196,-0.12,0.056,0.26,0.15,0.098,0.073,-0.004,0.556,0.028,-0.029,-0.143,0.246,0.051,0.157,0.137,0.195,0.017,0.068,-0.028,0.015,0.35,-0.192,-0.136,0.184,0.134,-0.115,0.075,0.658,-0.073,-0.105,-0.248,-0.104,0.128,0.058,0.021,0.268,0.11,-0.248,0.117,0.226,-0.043,0.257,0.241,0.076,-0.101,0.148,-0.042,0.065,0.3,0.186,0.273,0.225,0.042,0.129,-0.104,0.21,0.004,0.218,-0.155,0.193,0.112,0.153,0.184,0.194,0.405,0.183,0.068,0.168,0.016,-0.308,-0.06,0.626,0.257,0.048,0.295,0.295,-0.004,0.077,0.056,-0.018,-0.144,0.089,-0.23,-0.149,0.102,0.041,0.036,0.157,0.24,0.099,0.146,0.075,0.38,-0.03,0.03,-0.137,0.309,0.155,-0.122,0.222,0.075,0.432,0.323,0.043,0.205,0.256,-0.102,-0.1,0.179,0.478,0.366,0.23,0.066,-0.019,0.16,0.15,0.24,0.027,0.105,0.098,0.068,0.311,0.161,0.019,0.188,-0.211,-0.262,0.134,-0.059,0.334,-0.248,-0.027,0.005,0.066,0.506,0.229,0.103,0.105,-0.245,-0.317,0.189,0.173,0.173,0.24,0.155,-0.133,0.116,-0.039,0.195,0.212,0.198,-0.354,0.307,0.059,0.152,0.084,-0.099,0.122,-0.018,-0.112,-0.254,-0.071,0.207,-0.067,-0.219,-0.066,-0.041,-0.028,0.018,0.025
000895SZ,0.686,0.821,-0.72,-0.705,0.48,-0.829,0.503,-0.744,-0.84,-0.679,-0.874,0.726,-0.838,-0.927,-0.742,-0.874,-0.748,-0.373,-0.853,-0.738,-0.86,0.158,1.0,-0.226,-0.823,-0.461,-0.848,-0.383,-0.491,-0.894,-0.922,-0.751,-0.768,-0.844,-0.784,-0.84,-0.915,-0.629,-0.659,0.676,-0.889,-0.791,-0.32,-0.619,-0.611,-0.877,-0.723,-0.885,-0.803,-0.038,-0.834,-0.769,-0.86,-0.698,-0.197,-0.161,-0.796,-0.746,-0.026,-0.863,-0.764,-0.68,0.65,-0.924,-0.809,-0.759,-0.806,-0.405,-0.811,-0.652,0.382,-0.643,-0.769,-0.753,-0.005,-0.59,-0.893,0.144,-0.727,-0.722,-0.407,-0.555,0.628,-0.744,0.059,-0.812,-0.424,-0.202,-0.81,-0.278,-0.25,-0.925,-0.742,-0.755,-0.752,-0.575,0.843,0.495,-0.555,-0.806,-0.825,-0.716,-0.755,-0.439,-0.675,-0.481,-0.707,0.584,-0.83,-0.765,-0.541,-0.29,-0.417,-0.833,-0.806,-0.449,-0.523,-0.654,0.302,-0.501,-0.844,-0.679,-0.559,-0.789,0.885,-0.72,-0.831,-0.903,-0.52,-0.829,-0.782,-0.79,-0.788,-0.843,0.371,0.17,0.381,-0.844,-0.422,0.506,-0.896,-0.562,-0.867,-0.464,-0.732,-0.894,-0.756,-0.224,0.091,0.036,0.869,-0.722,-0.071,-0.884,0.779,-0.526,-0.243,0.319,-0.486,-0.574,0.847,0.479,-0.647,-0.43,0.654,-0.528,-0.207,-0.601,0.714,0.891,-0.607,-0.653,-0.517,-0.88,-0.792,-0.721,-0.461,-0.792,0.87,-0.854,-0.304,0.481,-0.263,-0.719,-0.114,-0.873,-0.698,-0.691,-0.581,-0.64,-0.732,-0.619,-0.621,0.489,0.312,0.334,-0.399,-0.499,-0.628,-0.124,-0.63,-0.53,-0.76,-0.817,-0.393,-0.903,-0.491,-0.571,-0.616,-0.741,-0.674,-0.9,-0.875,-0.849,-0.703,-0.794,-0.846
000938SZ,0.084,-0.093,0.507,0.408,0.567,-0.059,0.423,0.52,0.466,0.519,0.107,0.36,0.441,0.318,0.074,0.432,0.124,0.69,-0.063,0.025,0.355,0.004,-0.226,1.0,0.063,-0.037,0.204,0.592,-0.353,0.458,0.204,0.575,0.103,0.28,0.683,0.275,0.295,0.017,0.584,0.276,0.266,0.436,0.759,-0.032,0.098,0.307,-0.035,0.538,0.199,0.74,0.226,0.39,0.137,0.511,0.26,0.745,0.584,0.67,0.355,0.447,0.504,0.609,0.396,0.286,0.353,0.7,0.302,0.668,0.635,0.343,-0.634,0.715,0.569,0.548,0.03,0.867,0.442,0.202,0.677,0.535,0.747,0.687,0.124,-0.059,-0.058,0.478,-0.316,0.05,0.06,0.527,-0.343,0.201,0.277,0.037,0.304,-0.125,-0.198,0.27,0.632,0.197,0.197,-0.219,0.397,0.031,0.274,0.643,-0.07,0.259,0.216,0.175,0.702,0.077,0.474,0.325,0.123,-0.236,0.175,0.487,0.482,0.61,0.172,0.231,0.442,0.656,-0.231,0.712,0.374,0.128,-0.175,-0.033,0.633,0.04,0.574,0.339,-0.354,0.311,0.655,0.185,-0.249,0.304,0.268,0.092,0.424,0.67,-0.137,0.367,0.536,0.823,0.025,0.478,0.002,-0.059,0.603,0.059,-0.311,0.565,0.358,-0.207,0.71,0.754,-0.192,-0.202,-0.128,0.351,0.439,0.27,0.802,-0.214,-0.403,-0.08,-0.186,0.56,0.254,0.228,0.021,0.47,0.283,-0.071,-0.028,0.177,-0.289,0.048,0.549,0.077,0.424,0.223,0.452,0.374,0.49,0.655,0.24,0.15,-0.121,-0.51,-0.405,-0.231,0.573,0.713,0.423,0.751,-0.114,0.542,0.524,0.431,0.708,0.449,-0.135,0.625,-0.236,0.205,0.692,0.442,0.521,0.46,0.628,0.397,0.52
000963SZ,-0.591,-0.781,0.651,0.841,-0.636,0.857,-0.556,0.772,0.774,0.722,0.842,-0.808,0.828,0.862,0.729,0.822,0.939,0.196,0.883,0.867,0.914,0.131,-0.823,0.063,1.0,0.706,0.891,0.448,0.745,0.832,0.802,0.7,0.86,0.81,0.67,0.828,0.799,0.635,0.722,-0.786,0.684,0.826,0.312,0.785,0.769,0.819,0.912,0.778,0.92,0.051,0.93,0.86,0.899,0.595,0.416,-0.077,0.675,0.535,0.313,0.828,0.845,0.715,-0.64,0.893,0.803,0.61,0.769,0.513,0.632,0.421,-0.11,0.55,0.663,0.717,0.381,0.385,0.819,-0.513,0.505,0.767,0.364,0.424,-0.498,0.86,-0.096,0.838,0.706,0.267,0.891,0.402,0.531,0.859,0.873,0.848,0.83,0.809,-0.781,-0.351,0.658,0.893,0.94,0.772,0.832,0.515,0.788,0.264,0.916,-0.571,0.909,0.922,0.632,0.667,0.551,0.881,0.926,0.528,0.297,0.639,-0.218,0.64,0.92,0.871,0.763,0.704,-0.808,0.602,0.815,0.848,0.783,0.771,0.645,0.932,0.747,0.896,0.023,0.167,-0.39,0.925,0.695,-0.33,0.916,0.649,0.707,0.53,0.915,0.851,0.732,0.136,0.365,0.199,-0.82,0.944,0.267,0.882,-0.65,0.675,0.547,-0.032,0.588,0.46,-0.772,-0.205,0.835,0.697,-0.693,0.712,0.162,0.693,-0.315,-0.863,0.811,0.765,0.399,0.773,0.956,0.731,0.694,0.785,-0.871,0.91,0.56,-0.108,0.359,0.905,0.085,0.713,0.436,0.85,0.758,0.645,0.817,0.775,0.651,-0.18,-0.076,0.019,0.503,0.538,0.422,0.189,0.806,0.643,0.814,0.589,0.21,0.82,0.484,0.147,0.649,0.915,0.505,0.756,0.768,0.763,0.562,0.805,0.794
000999SZ,-0.599,-0.588,0.558,0.547,-0.556,0.603,-0.317,0.551,0.596,0.602,0.441,-0.539,0.541,0.624,0.712,0.478,0.631,-0.095,0.717,0.66,0.668,0.099,-0.461,-0.037,0.706,1.0,0.721,0.207,0.593,0.601,0.592,0.256,0.509,0.555,0.308,0.631,0.58,0.276,0.516,-0.674,0.26,0.58,0.243,0.386,0.38,0.612,0.581,0.525,0.734,-0.01,0.547,0.516,0.72,0.057,0.327,-0.368,0.264,0.28,0.374,0.409,0.519,0.325,-0.562,0.496,0.361,0.368,0.315,0.243,0.386,0.09,0.034,0.289,0.465,0.231,0.298,0.144,0.443,-0.593,0.051,0.468,0.173,0.126,-0.317,0.517,0.2,0.56,0.619,0.643,0.468,0.467,0.69,0.586,0.697,0.831,0.687,0.526,-0.54,-0.261,0.385,0.807,0.555,0.575,0.383,0.785,0.542,-0.059,0.668,-0.227,0.571,0.657,0.46,0.645,0.74,0.693,0.612,0.658,0.304,0.688,-0.196,0.461,0.5,0.56,0.476,0.442,-0.361,0.336,0.719,0.573,0.851,0.585,0.444,0.686,0.448,0.579,0.382,0.37,-0.311,0.636,0.802,-0.331,0.574,0.777,0.561,0.288,0.717,0.687,0.367,-0.063,0.306,0.126,-0.473,0.69,0.257,0.58,-0.219,0.562,0.381,-0.021,0.434,0.206,-0.302,0.029,0.651,0.575,-0.464,0.699,-0.077,0.349,0.031,-0.593,0.738,0.491,0.366,0.613,0.737,0.694,0.328,0.66,-0.47,0.728,0.818,-0.046,0.171,0.77,-0.127,0.492,0.23,0.545,0.476,0.377,0.522,0.439,0.637,0.237,0.367,0.115,0.385,0.251,0.55,-0.014,0.381,0.453,0.594,0.16,-0.228,0.403,0.331,-0.078,0.446,0.518,0.092,0.426,0.332,0.312,0.167,0.42,0.358
001965SZ,-0.764,-0.783,0.825,0.827,-0.53,0.799,-0.43,0.744,0.8,0.821,0.821,-0.742,0.807,0.936,0.771,0.87,0.832,0.265,0.88,0.758,0.899,-0.055,-0.848,0.204,0.891,0.721,1.0,0.415,0.617,0.91,0.85,0.718,0.72,0.916,0.675,0.818,0.86,0.582,0.72,-0.738,0.672,0.824,0.485,0.598,0.592,0.908,0.751,0.872,0.93,0.123,0.862,0.766,0.904,0.534,0.423,-0.113,0.687,0.608,0.318,0.822,0.816,0.686,-0.689,0.848,0.717,0.719,0.666,0.431,0.769,0.417,-0.241,0.59,0.72,0.68,0.276,0.524,0.837,-0.49,0.543,0.75,0.343,0.389,-0.508,0.714,-0.078,0.861,0.605,0.475,0.776,0.486,0.565,0.914,0.92,0.92,0.912,0.584,-0.792,-0.446,0.675,0.948,0.866,0.704,0.732,0.672,0.643,0.242,0.871,-0.617,0.794,0.826,0.628,0.54,0.641,0.915,0.841,0.581,0.453,0.827,-0.265,0.577,0.815,0.76,0.661,0.783,-0.772,0.604,0.885,0.871,0.781,0.808,0.785,0.888,0.752,0.864,-0.016,0.148,-0.289,0.903,0.738,-0.34,0.869,0.754,0.823,0.525,0.843,0.955,0.764,0.179,0.185,0.238,-0.79,0.875,0.326,0.895,-0.567,0.642,0.501,-0.09,0.642,0.516,-0.703,-0.207,0.669,0.681,-0.636,0.713,0.203,0.563,-0.366,-0.849,0.763,0.772,0.446,0.849,0.914,0.867,0.611,0.824,-0.794,0.965,0.572,-0.232,0.426,0.915,-0.023,0.847,0.5,0.842,0.737,0.665,0.722,0.649,0.622,-0.132,-0.052,-0.01,0.596,0.545,0.685,0.127,0.593,0.596,0.802,0.544,0.186,0.82,0.34,0.328,0.489,0.834,0.515,0.83,0.759,0.741,0.548,0.742,0.782
002001SZ,-0.152,-0.436,0.5,0.675,0.046,0.151,0.169,0.689,0.516,0.638,0.405,-0.119,0.662,0.462,0.099,0.653,0.561,0.571,0.204,0.29,0.612,0.083,-0.383,0.592,0.448,0.207,0.415,1.0,0.23,0.543,0.323,0.702,0.437,0.455,0.719,0.417,0.329,0.166,0.706,-0.064,0.307,0.646,0.691,0.306,0.44,0.487,0.44,0.575,0.508,0.596,0.549,0.734,0.281,0.674,0.397,0.444,0.723,0.528,0.435,0.661,0.755,0.808,0.214,0.526,0.618,0.671,0.566,0.819,0.596,0.22,-0.485,0.599,0.446,0.729,0.4,0.65,0.69,-0.334,0.626,0.783,0.716,0.654,-0.192,0.408,-0.187,0.658,0.081,0.016,0.386,0.579,-0.115,0.44,0.539,0.259,0.486,0.118,-0.49,-0.022,0.825,0.419,0.576,0.1,0.706,-0.013,0.48,0.46,0.343,0.012,0.488,0.587,0.818,0.433,0.573,0.507,0.433,-0.241,-0.193,0.485,0.148,0.818,0.557,0.619,0.776,0.722,-0.53,0.637,0.486,0.382,0.115,0.24,0.62,0.463,0.726,0.629,-0.139,0.481,0.456,0.453,0.069,0.21,0.559,0.142,0.367,0.765,0.245,0.481,0.624,0.512,0.413,0.615,-0.343,0.396,0.628,0.393,-0.416,0.631,0.489,-0.037,0.772,0.587,-0.521,-0.017,0.19,0.6,0.147,0.507,0.714,0.107,-0.285,-0.417,0.142,0.796,0.042,0.343,0.408,0.52,0.679,0.179,-0.39,0.453,-0.188,0.114,0.749,0.413,0.315,0.394,0.295,0.693,0.834,0.741,0.371,0.561,0.129,-0.416,-0.411,0.015,0.693,0.881,0.286,0.754,0.363,0.833,0.711,0.339,0.572,0.638,-0.01,0.218,-0.037,0.621,0.745,0.526,0.694,0.649,0.614,0.686,0.716
