,000001SZ,000002SZ,000157SZ,000166SZ,000333SZ,000338SZ,000538SZ,000568SZ,000596SZ,000617SZ,000625SZ,000651SZ,000661SZ,000708SZ,000725SZ,000768SZ,000776SZ,000786SZ,000800SZ,000807SZ,000858SZ,000876SZ,000895SZ,000938SZ,000963SZ,000999SZ,001965SZ,002001SZ,002007SZ,002027SZ,002028SZ,002050SZ,002129SZ,002179SZ,002230SZ,002236SZ,002241SZ,002271SZ,002304SZ,002311SZ,002371SZ,002415SZ,002422SZ,002459SZ,002460SZ,002463SZ,002466SZ,002475SZ,002493SZ,002555SZ,002594SZ,002601SZ,002648SZ,002709SZ,002714SZ,002916SZ,002920SZ,002938SZ,003816SZ,300014SZ,300033SZ,300059SZ,300122SZ,300124SZ,300274SZ,300308SZ,300316SZ,300347SZ,300394SZ,300408SZ,300413SZ,300418SZ,300433SZ,300450SZ,300498SZ,300502SZ,300628SZ,300661SZ,300750SZ,300759SZ,300760SZ,300782SZ,600000SS,600010SS,600011SS,600015SS,600016SS,600018SS,600019SS,600023SS,600025SS,600026SS,600028SS,600029SS,600031SS,600036SS,600048SS,600050SS,600061SS,600085SS,600089SS,600104SS,600111SS,600115SS,600161SS,600183SS,600188SS,600196SS,600219SS,600233SS,600276SS,600309SS,600332SS,600346SS,600362SS,600377SS,600406SS,600415SS,600426SS,600436SS,600438SS,600489SS,600519SS,600570SS,600585SS,600588SS,600600SS,600660SS,600674SS,600741SS,600760SS,600795SS,600809SS,600875SS,600886SS,600887SS,600926SS,600989SS,601006SS,601009SS,601012SS,601021SS,601058SS,601066SS,601088SS,601100SS,601117SS,601138SS,601166SS,601169SS,601186SS,601225SS,601229SS,601238SS,601288SS,601318SS,601319SS,601328SS,601336SS,601360SS,601390SS,601398SS,601600SS,601601SS,601607SS,601618SS,601628SS,601633SS,601658SS,601668SS,601669SS,601688SS,601689SS,601698SS,601699SS,601766SS,601788SS,601799SS,601800SS,601808SS,601816SS,601818SS,601838SS,601857SS,601865SS,601872SS,601877SS,601878SS,601881SS,601888SS,601899SS,601901SS,601919SS,601939SS,601985SS,601988SS,601998SS,603019SS,603195SS,603259SS,603260SS,603288SS,603369SS,603501SS,603659SS,603799SS,603806SS,603833SS,603986SS,603993SS,688008SS,688009SS,688012SS,688036SS,688111SS,688169SS,688396SS
000001SZ,1.0,0.958,0.92,0.806,0.741,0.953,0.486,0.786,0.763,0.921,0.859,0.917,0.514,0.894,0.067,0.565,0.921,0.767,0.883,0.859,0.873,0.642,0.857,0.661,0.222,0.219,0.498,0.41,0.399,0.826,-0.057,-0.221,-0.845,-0.827,-0.361,0.029,-0.063,0.876,0.594,0.165,-0.22,0.676,-0.516,-0.28,-0.312,-0.455,-0.583,-0.509,0.894,0.204,0.435,0.869,0.816,0.514,0.532,-0.437,0.136,-0.819,0.836,-0.032,0.905,0.835,-0.831,0.139,-0.607,-0.653,-0.525,-0.547,-0.584,0.168,0.441,-0.206,0.646,-0.668,0.617,-0.755,-0.81,0.196,0.522,-0.468,0.397,0.123,0.974,0.321,0.1,0.949,0.925,0.918,0.928,0.211,0.714,-0.911,0.914,0.738,0.75,0.975,0.471,0.893,0.917,0.833,-0.516,0.941,0.225,0.722,-0.116,0.007,-0.114,0.012,0.866,0.568,-0.004,0.888,0.781,0.929,0.666,0.91,0.138,0.57,0.925,0.343,-0.627,0.474,0.886,-0.718,0.818,-0.613,0.754,0.316,0.634,0.742,-0.827,0.202,0.455,-0.79,0.744,0.797,0.853,0.446,0.863,0.947,-0.387,0.816,0.551,0.11,0.539,-0.133,0.89,0.838,0.977,0.94,0.88,-0.071,0.943,0.604,0.881,0.965,0.837,0.891,0.957,-0.119,0.869,0.778,0.857,0.925,0.561,0.837,0.984,0.709,0.862,0.907,0.713,0.867,-0.767,0.761,0.808,0.6,0.565,0.232,0.858,0.295,0.835,0.924,0.848,0.898,-0.378,-0.902,0.408,0.248,0.858,0.779,0.82,0.189,0.858,0.883,0.707,0.873,0.834,-0.416,0.776,-0.689,-0.526,0.632,0.635,-0.196,0.319,-0.194,-0.801,0.92,0.192,0.538,-0.183,0.867,-0.233,0.718,-0.574,0.565,0.415
000002SZ,0.958,1.0,0.872,0.684,0.67,0.881,0.427,0.683,0.697,0.903,0.762,0.875,0.395,0.886,-0.088,0.456,0.83,0.751,0.786,0.775,0.779,0.585,0.815,0.613,0.119,0.217,0.443,0.34,0.399,0.712,-0.006,-0.34,-0.893,-0.897,-0.489,-0.145,-0.203,0.913,0.457,0.083,-0.312,0.558,-0.584,-0.317,-0.41,-0.506,-0.644,-0.619,0.846,0.161,0.311,0.774,0.712,0.423,0.439,-0.567,0.0,-0.841,0.826,-0.101,0.812,0.717,-0.842,-0.034,-0.557,-0.742,-0.599,-0.647,-0.686,0.013,0.31,-0.323,0.506,-0.715,0.546,-0.819,-0.854,0.097,0.424,-0.553,0.422,0.06,0.945,0.269,0.202,0.923,0.893,0.886,0.895,0.304,0.747,-0.887,0.908,0.695,0.691,0.906,0.598,0.861,0.849,0.815,-0.594,0.861,0.094,0.652,-0.16,-0.054,-0.112,0.011,0.792,0.498,-0.095,0.826,0.686,0.889,0.595,0.901,0.217,0.526,0.953,0.193,-0.661,0.526,0.788,-0.816,0.746,-0.684,0.671,0.173,0.702,0.639,-0.798,0.319,0.34,-0.721,0.793,0.705,0.828,0.447,0.878,0.93,-0.504,0.774,0.424,-0.045,0.633,-0.17,0.843,0.725,0.961,0.937,0.858,-0.016,0.939,0.482,0.897,0.903,0.858,0.913,0.908,-0.253,0.86,0.791,0.792,0.894,0.496,0.817,0.96,0.608,0.854,0.917,0.732,0.754,-0.808,0.62,0.841,0.509,0.475,0.148,0.879,0.342,0.757,0.908,0.847,0.871,-0.453,-0.916,0.287,0.119,0.81,0.693,0.728,0.064,0.801,0.893,0.658,0.888,0.837,-0.574,0.719,-0.788,-0.602,0.533,0.497,-0.336,0.204,-0.274,-0.821,0.92,0.137,0.38,-0.184,0.827,-0.345,0.613,-0.661,0.43,0.256
000157SZ,0.92,0.872,1.0,0.865,0.784,0.895,0.465,0.738,0.701,0.81,0.767,0.908,0.528,0.827,0.19,0.554,0.898,0.815,0.771,0.857,0.798,0.646,0.773,0.466,0.298,0.219,0.52,0.306,0.201,0.758,-0.215,-0.109,-0.78,-0.745,-0.221,0.119,0.028,0.861,0.602,0.147,-0.04,0.605,-0.438,-0.124,-0.202,-0.491,-0.418,-0.379,0.865,0.08,0.451,0.797,0.814,0.534,0.578,-0.354,0.176,-0.695,0.781,0.067,0.807,0.841,-0.76,0.159,-0.572,-0.547,-0.301,-0.463,-0.471,0.259,0.442,-0.151,0.615,-0.489,0.645,-0.686,-0.689,0.118,0.519,-0.35,0.207,0.024,0.929,0.399,0.011,0.9,0.912,0.916,0.886,0.119,0.639,-0.829,0.837,0.688,0.873,0.923,0.471,0.751,0.922,0.796,-0.398,0.859,0.382,0.734,-0.226,-0.073,0.019,-0.173,0.875,0.541,-0.046,0.85,0.686,0.842,0.731,0.844,0.037,0.568,0.818,0.41,-0.496,0.49,0.828,-0.652,0.867,-0.496,0.718,0.382,0.523,0.708,-0.674,0.113,0.495,-0.782,0.577,0.758,0.892,0.604,0.81,0.923,-0.375,0.791,0.47,0.307,0.5,-0.078,0.863,0.755,0.919,0.863,0.834,0.095,0.903,0.579,0.796,0.911,0.807,0.815,0.916,-0.021,0.823,0.705,0.878,0.824,0.464,0.793,0.89,0.637,0.84,0.835,0.67,0.856,-0.739,0.632,0.792,0.559,0.624,0.272,0.765,0.326,0.818,0.873,0.816,0.826,-0.229,-0.78,0.42,0.396,0.869,0.749,0.821,0.338,0.805,0.825,0.702,0.816,0.784,-0.406,0.795,-0.552,-0.323,0.621,0.625,-0.076,0.39,-0.071,-0.705,0.888,0.147,0.647,-0.083,0.833,-0.056,0.689,-0.543,0.592,0.445
000166SZ,0.806,0.684,0.865,1.0,0.803,0.809,0.527,0.805,0.702,0.675,0.773,0.85,0.739,0.669,0.521,0.746,0.942,0.775,0.763,0.818,0.816,0.746,0.724,0.453,0.486,0.362,0.398,0.228,0.165,0.816,-0.333,-0.005,-0.537,-0.462,0.122,0.459,0.316,0.704,0.785,0.293,0.185,0.692,-0.193,-0.033,0.0,-0.185,-0.243,-0.064,0.805,0.203,0.571,0.807,0.818,0.566,0.691,0.013,0.373,-0.443,0.591,0.15,0.819,0.916,-0.569,0.416,-0.531,-0.19,-0.189,-0.127,-0.124,0.611,0.714,0.215,0.778,-0.283,0.684,-0.369,-0.417,0.408,0.552,-0.034,0.188,0.313,0.77,0.392,-0.226,0.723,0.737,0.748,0.729,-0.111,0.375,-0.702,0.642,0.662,0.797,0.853,0.218,0.638,0.844,0.735,-0.194,0.812,0.585,0.72,-0.055,0.065,0.008,-0.075,0.822,0.511,0.21,0.831,0.706,0.753,0.741,0.648,-0.204,0.507,0.623,0.616,-0.32,0.341,0.875,-0.297,0.911,-0.185,0.765,0.59,0.252,0.766,-0.595,-0.149,0.625,-0.785,0.359,0.793,0.749,0.513,0.565,0.795,-0.161,0.775,0.658,0.579,0.228,-0.006,0.722,0.771,0.755,0.684,0.637,-0.055,0.719,0.682,0.558,0.856,0.539,0.586,0.81,0.316,0.612,0.468,0.765,0.692,0.562,0.585,0.753,0.696,0.62,0.62,0.426,0.947,-0.59,0.694,0.689,0.457,0.821,0.32,0.532,0.131,0.797,0.677,0.636,0.656,-0.02,-0.606,0.529,0.711,0.826,0.792,0.797,0.608,0.652,0.589,0.576,0.576,0.528,-0.009,0.799,-0.277,-0.127,0.673,0.775,0.298,0.538,0.035,-0.513,0.777,0.347,0.793,-0.003,0.694,0.182,0.831,-0.195,0.825,0.695
000333SZ,0.741,0.67,0.784,0.803,1.0,0.768,0.746,0.836,0.806,0.625,0.721,0.923,0.763,0.523,0.405,0.594,0.811,0.803,0.712,0.809,0.837,0.723,0.729,0.478,0.635,0.311,0.476,0.104,0.214,0.868,-0.318,0.024,-0.606,-0.449,0.19,0.509,0.309,0.708,0.878,0.508,0.283,0.745,-0.024,-0.104,-0.031,-0.278,-0.258,0.033,0.766,0.206,0.627,0.807,0.774,0.663,0.68,-0.014,0.419,-0.47,0.45,0.271,0.721,0.889,-0.573,0.367,-0.653,-0.321,-0.047,-0.106,-0.185,0.53,0.712,0.21,0.78,-0.266,0.625,-0.417,-0.392,0.319,0.654,0.037,0.074,0.195,0.718,0.18,-0.355,0.675,0.662,0.726,0.671,-0.325,0.245,-0.709,0.551,0.61,0.71,0.818,0.145,0.612,0.764,0.706,-0.447,0.709,0.5,0.768,0.074,-0.098,-0.133,-0.078,0.651,0.706,0.199,0.912,0.785,0.683,0.6,0.638,-0.225,0.751,0.543,0.698,-0.366,0.222,0.863,-0.326,0.819,-0.16,0.788,0.541,0.083,0.726,-0.584,-0.335,0.716,-0.869,0.23,0.874,0.687,0.598,0.451,0.7,-0.24,0.761,0.557,0.541,0.015,-0.001,0.611,0.786,0.668,0.666,0.606,-0.198,0.669,0.562,0.505,0.82,0.426,0.526,0.778,0.317,0.535,0.36,0.724,0.639,0.673,0.478,0.681,0.629,0.507,0.553,0.249,0.801,-0.631,0.588,0.635,0.22,0.645,0.275,0.437,-0.082,0.746,0.677,0.566,0.461,-0.023,-0.606,0.592,0.563,0.675,0.808,0.727,0.48,0.658,0.52,0.426,0.513,0.424,-0.031,0.852,-0.225,0.027,0.816,0.841,0.294,0.629,0.108,-0.415,0.823,0.297,0.74,0.079,0.616,0.23,0.805,-0.217,0.816,0.655
000338SZ,0.953,0.881,0.895,0.809,0.768,1.0,0.575,0.767,0.809,0.884,0.837,0.898,0.549,0.858,0.179,0.53,0.911,0.775,0.882,0.857,0.869,0.616,0.859,0.696,0.264,0.216,0.591,0.45,0.428,0.839,-0.04,-0.139,-0.786,-0.754,-0.284,0.148,0.095,0.839,0.642,0.236,-0.141,0.756,-0.449,-0.338,-0.305,-0.366,-0.561,-0.371,0.847,0.257,0.44,0.857,0.826,0.513,0.532,-0.281,0.184,-0.733,0.796,-0.038,0.878,0.848,-0.801,0.21,-0.697,-0.607,-0.44,-0.487,-0.524,0.225,0.478,-0.131,0.715,-0.637,0.57,-0.663,-0.742,0.3,0.513,-0.372,0.405,0.172,0.93,0.253,0.08,0.908,0.9,0.885,0.915,0.147,0.645,-0.855,0.871,0.647,0.722,0.958,0.362,0.868,0.904,0.799,-0.513,0.91,0.243,0.69,-0.037,0.106,-0.185,-0.0,0.88,0.612,0.032,0.889,0.806,0.879,0.612,0.875,0.124,0.602,0.865,0.415,-0.629,0.364,0.864,-0.63,0.833,-0.539,0.725,0.322,0.551,0.72,-0.828,0.116,0.452,-0.783,0.669,0.815,0.807,0.485,0.789,0.901,-0.382,0.746,0.515,0.184,0.419,-0.066,0.866,0.878,0.912,0.908,0.85,-0.12,0.891,0.584,0.842,0.949,0.78,0.841,0.93,-0.05,0.834,0.753,0.865,0.912,0.601,0.793,0.936,0.682,0.817,0.857,0.638,0.881,-0.734,0.803,0.731,0.585,0.586,0.226,0.793,0.207,0.807,0.894,0.822,0.838,-0.369,-0.827,0.375,0.301,0.865,0.748,0.79,0.193,0.851,0.852,0.723,0.83,0.792,-0.326,0.759,-0.598,-0.453,0.66,0.671,-0.067,0.368,-0.178,-0.749,0.887,0.282,0.583,-0.095,0.855,-0.15,0.778,-0.477,0.595,0.541
000538SZ,0.486,0.427,0.465,0.527,0.746,0.575,1.0,0.648,0.688,0.487,0.532,0.652,0.722,0.309,0.392,0.403,0.568,0.482,0.558,0.603,0.676,0.492,0.602,0.585,0.648,0.306,0.478,0.164,0.519,0.729,-0.105,-0.008,-0.367,-0.285,0.27,0.569,0.384,0.38,0.714,0.632,0.22,0.773,0.195,-0.214,-0.108,-0.026,-0.291,0.085,0.518,0.424,0.45,0.599,0.571,0.534,0.506,0.202,0.362,-0.334,0.296,0.194,0.504,0.68,-0.386,0.344,-0.645,-0.146,-0.036,0.042,-0.059,0.377,0.708,0.39,0.75,-0.297,0.39,-0.196,-0.225,0.452,0.513,0.167,0.141,0.328,0.44,0.089,-0.328,0.453,0.391,0.452,0.47,-0.269,0.042,-0.514,0.342,0.447,0.321,0.519,-0.183,0.527,0.541,0.5,-0.504,0.499,0.313,0.599,0.481,0.054,-0.391,0.302,0.349,0.739,0.333,0.683,0.76,0.473,0.293,0.463,-0.088,0.734,0.33,0.662,-0.419,-0.005,0.638,-0.13,0.543,-0.016,0.607,0.331,-0.073,0.497,-0.582,-0.444,0.564,-0.661,0.118,0.743,0.283,0.4,0.189,0.404,-0.132,0.561,0.39,0.366,-0.247,-0.038,0.384,0.674,0.362,0.497,0.438,-0.472,0.428,0.339,0.304,0.611,0.188,0.307,0.577,0.38,0.347,0.222,0.52,0.497,0.854,0.268,0.461,0.403,0.215,0.328,0.029,0.6,-0.546,0.554,0.312,0.067,0.433,0.016,0.248,-0.365,0.533,0.474,0.273,0.193,-0.113,-0.452,0.471,0.377,0.445,0.633,0.432,0.307,0.482,0.321,0.255,0.32,0.202,0.159,0.621,-0.113,0.046,0.702,0.732,0.379,0.465,-0.041,-0.181,0.569,0.408,0.558,0.162,0.454,0.2,0.707,-0.03,0.656,0.702
000568SZ,0.786,0.683,0.738,0.805,0.836,0.767,0.648,1.0,0.743,0.731,0.931,0.869,0.861,0.585,0.266,0.706,0.855,0.565,0.898,0.917,0.961,0.861,0.774,0.475,0.73,0.111,0.356,0.088,0.179,0.951,-0.362,0.163,-0.604,-0.437,0.2,0.436,0.094,0.591,0.885,0.578,0.288,0.726,-0.071,0.115,0.171,-0.346,-0.144,-0.155,0.89,0.101,0.839,0.909,0.912,0.851,0.855,-0.171,0.626,-0.593,0.51,0.462,0.904,0.945,-0.558,0.482,-0.5,-0.318,-0.07,-0.038,-0.106,0.538,0.781,0.14,0.785,-0.248,0.851,-0.507,-0.43,0.196,0.847,-0.039,0.07,0.097,0.719,0.523,-0.42,0.701,0.677,0.762,0.683,-0.257,0.264,-0.843,0.631,0.866,0.696,0.806,-0.018,0.706,0.82,0.753,-0.356,0.859,0.635,0.917,-0.041,-0.232,0.088,-0.041,0.659,0.712,0.307,0.864,0.895,0.832,0.808,0.72,-0.189,0.737,0.544,0.794,-0.293,0.467,0.947,-0.387,0.67,-0.2,0.978,0.704,0.128,0.92,-0.711,-0.341,0.874,-0.894,0.31,0.922,0.628,0.567,0.544,0.653,0.025,0.914,0.807,0.522,0.163,-0.186,0.629,0.817,0.668,0.651,0.639,-0.126,0.648,0.807,0.488,0.829,0.43,0.513,0.812,0.363,0.567,0.322,0.772,0.65,0.654,0.522,0.721,0.886,0.461,0.531,0.313,0.803,-0.538,0.743,0.693,0.319,0.511,0.529,0.482,-0.079,0.902,0.681,0.416,0.555,0.116,-0.741,0.672,0.516,0.62,0.979,0.889,0.524,0.722,0.516,0.377,0.522,0.394,0.013,0.928,-0.25,-0.032,0.903,0.942,0.189,0.717,0.206,-0.429,0.729,0.093,0.804,-0.265,0.669,0.279,0.755,-0.224,0.836,0.601
000596SZ,0.763,0.697,0.701,0.702,0.806,0.809,0.688,0.743,1.0,0.762,0.708,0.823,0.615,0.697,0.396,0.524,0.799,0.698,0.759,0.771,0.848,0.501,0.851,0.738,0.419,0.147,0.663,0.417,0.486,0.776,0.008,-0.123,-0.645,-0.57,-0.116,0.352,0.261,0.636,0.758,0.541,0.022,0.859,-0.295,-0.448,-0.347,-0.194,-0.57,-0.055,0.695,0.417,0.389,0.758,0.726,0.552,0.441,-0.022,0.204,-0.579,0.652,-0.014,0.707,0.816,-0.752,0.182,-0.797,-0.457,-0.262,-0.326,-0.425,0.28,0.609,0.073,0.867,-0.584,0.415,-0.491,-0.627,0.476,0.501,-0.095,0.254,0.387,0.776,0.029,0.002,0.777,0.733,0.75,0.8,0.019,0.505,-0.714,0.716,0.516,0.473,0.79,0.084,0.791,0.762,0.575,-0.592,0.747,0.169,0.645,0.109,0.263,-0.406,-0.005,0.74,0.82,0.036,0.85,0.758,0.722,0.407,0.741,0.08,0.777,0.62,0.515,-0.653,0.086,0.848,-0.446,0.752,-0.415,0.7,0.21,0.371,0.583,-0.696,-0.052,0.5,-0.757,0.503,0.88,0.552,0.52,0.579,0.707,-0.432,0.655,0.405,0.2,0.137,-0.134,0.748,0.868,0.693,0.796,0.761,-0.351,0.76,0.375,0.682,0.847,0.584,0.694,0.816,0.022,0.709,0.606,0.796,0.8,0.655,0.632,0.75,0.508,0.617,0.688,0.439,0.811,-0.718,0.716,0.519,0.409,0.543,0.057,0.636,-0.179,0.693,0.808,0.615,0.606,-0.367,-0.685,0.367,0.265,0.707,0.701,0.624,0.098,0.796,0.682,0.651,0.68,0.615,-0.146,0.674,-0.475,-0.213,0.769,0.752,0.208,0.472,-0.222,-0.587,0.796,0.468,0.567,0.228,0.74,-0.075,0.786,-0.301,0.658,0.711
000617SZ,0.921,0.903,0.81,0.675,0.625,0.884,0.487,0.731,0.762,1.0,0.824,0.826,0.462,0.919,-0.004,0.463,0.844,0.632,0.884,0.855,0.86,0.558,0.894,0.775,0.189,0.039,0.593,0.485,0.513,0.753,0.075,-0.193,-0.837,-0.866,-0.429,-0.023,-0.158,0.769,0.518,0.281,-0.322,0.72,-0.591,-0.377,-0.436,-0.499,-0.689,-0.616,0.867,0.283,0.348,0.823,0.805,0.501,0.487,-0.459,0.087,-0.896,0.903,-0.091,0.836,0.768,-0.902,0.081,-0.667,-0.722,-0.562,-0.598,-0.636,0.015,0.428,-0.247,0.645,-0.789,0.591,-0.792,-0.865,0.22,0.475,-0.526,0.411,0.124,0.917,0.327,0.235,0.933,0.87,0.881,0.953,0.338,0.749,-0.918,0.953,0.708,0.561,0.859,0.293,0.973,0.915,0.74,-0.647,0.902,0.08,0.692,-0.07,0.083,-0.25,0.007,0.803,0.614,-0.092,0.791,0.795,0.934,0.561,0.954,0.3,0.595,0.858,0.311,-0.776,0.395,0.831,-0.753,0.688,-0.666,0.703,0.146,0.683,0.646,-0.915,0.249,0.369,-0.776,0.814,0.817,0.674,0.439,0.874,0.831,-0.408,0.748,0.414,-0.051,0.511,-0.274,0.909,0.812,0.88,0.933,0.93,-0.198,0.901,0.45,0.884,0.923,0.855,0.879,0.942,-0.168,0.924,0.795,0.888,0.942,0.547,0.887,0.944,0.61,0.809,0.904,0.764,0.792,-0.823,0.818,0.689,0.653,0.366,0.102,0.912,0.103,0.851,0.91,0.702,0.892,-0.49,-0.942,0.247,0.052,0.776,0.717,0.741,0.011,0.895,0.877,0.765,0.876,0.816,-0.414,0.693,-0.787,-0.59,0.664,0.601,-0.266,0.263,-0.346,-0.777,0.872,0.16,0.412,-0.167,0.915,-0.314,0.671,-0.58,0.469,0.423
000625SZ,0.859,0.762,0.767,0.773,0.721,0.837,0.532,0.931,0.708,0.824,1.0,0.827,0.738,0.726,0.134,0.623,0.865,0.507,0.963,0.903,0.946,0.803,0.812,0.523,0.526,0.066,0.359,0.252,0.217,0.901,-0.241,0.156,-0.688,-0.554,-0.023,0.234,-0.029,0.62,0.747,0.412,0.125,0.682,-0.269,0.043,0.089,-0.425,-0.244,-0.324,0.906,0.068,0.776,0.923,0.927,0.805,0.791,-0.309,0.56,-0.709,0.619,0.351,0.965,0.902,-0.66,0.381,-0.463,-0.463,-0.208,-0.23,-0.269,0.365,0.623,-0.031,0.728,-0.384,0.821,-0.614,-0.604,0.161,0.802,-0.243,0.174,0.042,0.8,0.515,-0.224,0.787,0.777,0.814,0.759,-0.06,0.444,-0.909,0.755,0.87,0.673,0.852,0.071,0.798,0.842,0.815,-0.352,0.945,0.526,0.87,-0.155,-0.182,0.082,-0.042,0.751,0.65,0.207,0.816,0.884,0.9,0.784,0.825,-0.051,0.67,0.687,0.63,-0.372,0.54,0.916,-0.538,0.653,-0.406,0.91,0.623,0.336,0.931,-0.794,-0.115,0.715,-0.838,0.488,0.867,0.652,0.528,0.684,0.72,0.003,0.887,0.808,0.342,0.339,-0.262,0.718,0.831,0.761,0.737,0.719,-0.074,0.738,0.844,0.624,0.858,0.579,0.634,0.852,0.171,0.669,0.475,0.795,0.731,0.581,0.64,0.806,0.93,0.573,0.637,0.457,0.798,-0.523,0.808,0.742,0.434,0.471,0.562,0.629,0.093,0.893,0.763,0.506,0.703,-0.01,-0.834,0.59,0.371,0.665,0.924,0.91,0.375,0.802,0.634,0.474,0.653,0.549,-0.174,0.85,-0.418,-0.232,0.813,0.833,0.027,0.643,0.146,-0.543,0.719,0.047,0.698,-0.332,0.719,0.109,0.72,-0.378,0.715,0.523
000651SZ,0.917,0.875,0.908,0.85,0.923,0.898,0.652,0.869,0.823,0.826,0.827,1.0,0.683,0.75,0.229,0.621,0.918,0.854,0.837,0.895,0.91,0.756,0.862,0.594,0.476,0.254,0.524,0.244,0.319,0.889,-0.197,-0.125,-0.769,-0.691,-0.087,0.278,0.099,0.859,0.78,0.388,0.038,0.747,-0.274,-0.197,-0.183,-0.395,-0.442,-0.271,0.892,0.222,0.561,0.884,0.837,0.629,0.659,-0.259,0.286,-0.679,0.694,0.141,0.854,0.913,-0.746,0.235,-0.67,-0.521,-0.31,-0.336,-0.402,0.37,0.624,-0.01,0.746,-0.496,0.683,-0.638,-0.629,0.245,0.626,-0.218,0.253,0.153,0.894,0.304,-0.131,0.86,0.84,0.878,0.851,-0.041,0.501,-0.859,0.786,0.74,0.799,0.937,0.349,0.798,0.899,0.809,-0.525,0.87,0.385,0.807,-0.03,-0.075,-0.109,-0.056,0.793,0.681,0.109,0.969,0.827,0.861,0.696,0.828,-0.024,0.707,0.773,0.561,-0.532,0.398,0.928,-0.567,0.858,-0.395,0.835,0.444,0.38,0.781,-0.74,-0.068,0.644,-0.884,0.522,0.894,0.829,0.588,0.709,0.873,-0.352,0.85,0.57,0.348,0.321,-0.085,0.791,0.851,0.869,0.853,0.792,-0.127,0.856,0.6,0.735,0.945,0.673,0.758,0.922,0.109,0.752,0.601,0.851,0.831,0.651,0.701,0.881,0.7,0.73,0.779,0.522,0.876,-0.774,0.697,0.776,0.429,0.625,0.27,0.689,0.107,0.86,0.848,0.742,0.721,-0.212,-0.805,0.499,0.425,0.825,0.853,0.82,0.352,0.802,0.747,0.598,0.739,0.656,-0.246,0.884,-0.491,-0.255,0.784,0.789,0.036,0.499,-0.058,-0.653,0.942,0.241,0.675,-0.066,0.801,0.009,0.78,-0.419,0.729,0.555
000661SZ,0.514,0.395,0.528,0.739,0.763,0.549,0.722,0.861,0.615,0.462,0.738,0.683,1.0,0.313,0.534,0.706,0.717,0.469,0.707,0.716,0.789,0.829,0.603,0.357,0.859,0.261,0.159,-0.103,0.114,0.832,-0.437,0.221,-0.291,-0.094,0.528,0.721,0.437,0.387,0.895,0.688,0.524,0.687,0.275,0.19,0.299,-0.017,0.043,0.172,0.683,0.183,0.785,0.756,0.791,0.751,0.842,0.236,0.696,-0.228,0.198,0.452,0.711,0.841,-0.264,0.599,-0.392,0.072,0.113,0.332,0.282,0.771,0.931,0.543,0.798,0.018,0.748,-0.104,-0.065,0.417,0.696,0.365,0.049,0.313,0.422,0.388,-0.583,0.38,0.367,0.463,0.411,-0.469,-0.073,-0.578,0.311,0.648,0.505,0.586,-0.261,0.439,0.597,0.634,-0.156,0.605,0.744,0.735,0.199,-0.11,0.041,0.046,0.498,0.571,0.564,0.716,0.769,0.584,0.651,0.408,-0.453,0.585,0.26,0.896,-0.079,0.264,0.789,-0.004,0.611,0.167,0.848,0.765,-0.197,0.785,-0.487,-0.563,0.82,-0.783,-0.005,0.8,0.369,0.498,0.17,0.386,0.168,0.734,0.8,0.714,-0.183,-0.096,0.348,0.638,0.363,0.353,0.315,-0.243,0.344,0.71,0.14,0.619,0.081,0.165,0.553,0.69,0.242,-0.013,0.534,0.366,0.686,0.192,0.43,0.734,0.114,0.203,-0.035,0.722,-0.357,0.595,0.523,0.031,0.619,0.483,0.134,-0.276,0.692,0.364,0.165,0.238,0.324,-0.44,0.596,0.726,0.443,0.842,0.707,0.684,0.415,0.164,0.163,0.166,0.052,0.307,0.815,0.087,0.235,0.809,0.916,0.564,0.754,0.279,-0.097,0.532,0.284,0.848,-0.135,0.398,0.499,0.788,0.149,0.942,0.74
000708SZ,0.894,0.886,0.827,0.669,0.523,0.858,0.309,0.585,0.697,0.919,0.726,0.75,0.313,1.0,0.021,0.354,0.814,0.654,0.79,0.749,0.736,0.432,0.837,0.669,-0.008,0.027,0.546,0.552,0.4,0.612,0.105,-0.245,-0.792,-0.854,-0.542,-0.159,-0.176,0.766,0.381,0.091,-0.365,0.572,-0.745,-0.394,-0.488,-0.463,-0.694,-0.589,0.786,0.219,0.207,0.717,0.721,0.388,0.336,-0.461,-0.052,-0.82,0.921,-0.204,0.778,0.683,-0.915,-0.072,-0.551,-0.715,-0.572,-0.684,-0.686,-0.05,0.281,-0.34,0.538,-0.783,0.455,-0.772,-0.896,0.187,0.344,-0.567,0.442,0.133,0.928,0.262,0.381,0.92,0.901,0.878,0.938,0.461,0.871,-0.828,0.96,0.585,0.595,0.829,0.449,0.897,0.849,0.685,-0.512,0.848,0.02,0.543,-0.219,0.166,-0.194,-0.107,0.9,0.497,-0.227,0.71,0.625,0.878,0.531,0.92,0.311,0.465,0.89,0.127,-0.711,0.457,0.738,-0.753,0.715,-0.722,0.561,0.055,0.815,0.546,-0.798,0.441,0.195,-0.642,0.847,0.681,0.697,0.465,0.91,0.864,-0.468,0.627,0.324,-0.099,0.652,-0.298,0.921,0.727,0.896,0.924,0.897,-0.02,0.934,0.389,0.923,0.86,0.922,0.922,0.875,-0.312,0.924,0.871,0.842,0.906,0.345,0.901,0.914,0.511,0.888,0.919,0.837,0.773,-0.757,0.693,0.701,0.696,0.43,0.074,0.939,0.315,0.718,0.904,0.781,0.941,-0.531,-0.866,0.149,0.042,0.842,0.582,0.72,-0.052,0.846,0.905,0.828,0.902,0.907,-0.549,0.588,-0.813,-0.642,0.489,0.452,-0.286,0.183,-0.338,-0.782,0.809,0.199,0.353,-0.078,0.866,-0.407,0.579,-0.62,0.359,0.343
000725SZ,0.067,-0.088,0.19,0.521,0.405,0.179,0.392,0.266,0.396,-0.004,0.134,0.229,0.534,0.021,1.0,0.527,0.374,0.354,0.161,0.206,0.256,0.263,0.194,0.174,0.46,0.323,0.201,0.03,0.056,0.319,-0.267,0.052,0.196,0.257,0.56,0.799,0.819,0.013,0.561,0.398,0.413,0.475,0.252,-0.08,0.116,0.468,0.063,0.633,0.097,0.419,0.193,0.177,0.27,0.137,0.278,0.756,0.251,0.308,-0.016,0.011,0.132,0.414,0.03,0.462,-0.312,0.526,0.214,0.425,0.451,0.723,0.668,0.757,0.631,0.166,0.12,0.442,0.263,0.72,0.077,0.628,-0.004,0.671,0.048,-0.053,-0.306,0.009,0.02,0.044,0.092,-0.306,-0.168,0.075,-0.059,0.017,0.173,0.192,-0.305,0.022,0.177,0.043,0.161,0.143,0.433,0.152,0.325,0.484,-0.17,0.053,0.305,0.293,0.298,0.286,0.166,0.047,0.175,-0.083,-0.449,0.171,-0.12,0.511,0.028,-0.28,0.344,0.472,0.533,0.427,0.245,0.347,-0.265,0.196,0.031,-0.389,0.306,-0.246,-0.219,0.354,0.044,0.18,-0.205,0.115,-0.003,0.13,0.273,0.615,-0.405,0.227,0.125,0.307,-0.006,0.003,-0.015,-0.213,0.018,0.182,-0.122,0.242,-0.174,-0.102,0.134,0.583,-0.042,-0.098,0.198,0.065,0.35,-0.071,0.011,0.107,-0.063,-0.058,-0.185,0.484,-0.074,0.315,0.028,0.051,0.665,-0.028,-0.156,-0.316,0.143,-0.001,0.029,-0.025,0.174,0.184,0.235,0.706,0.313,0.244,0.16,0.493,0.038,-0.098,0.235,-0.114,-0.123,0.552,0.222,0.348,0.346,0.296,0.465,0.861,0.363,0.001,0.083,0.16,0.668,0.595,0.473,0.075,0.342,0.57,0.444,0.631,0.755
000768SZ,0.565,0.456,0.554,0.746,0.594,0.53,0.403,0.706,0.524,0.463,0.623,0.621,0.706,0.354,0.527,1.0,0.703,0.515,0.597,0.617,0.66,0.711,0.528,0.357,0.548,0.325,0.185,0.046,0.15,0.694,-0.249,-0.039,-0.268,-0.2,0.277,0.506,0.394,0.435,0.682,0.355,0.221,0.574,0.051,0.08,0.18,0.028,-0.061,0.048,0.606,0.249,0.546,0.634,0.611,0.447,0.607,0.135,0.388,-0.212,0.352,0.222,0.624,0.697,-0.274,0.517,-0.307,0.082,-0.122,0.134,0.123,0.645,0.706,0.366,0.674,-0.085,0.594,-0.114,-0.174,0.401,0.476,0.161,0.117,0.388,0.469,0.386,-0.34,0.445,0.409,0.473,0.448,-0.139,0.138,-0.453,0.38,0.624,0.539,0.607,0.053,0.421,0.567,0.528,-0.01,0.61,0.579,0.606,0.078,0.103,0.075,0.102,0.527,0.414,0.437,0.605,0.53,0.571,0.625,0.362,-0.274,0.347,0.365,0.592,-0.103,0.214,0.726,-0.08,0.648,0.031,0.71,0.598,0.048,0.669,-0.321,-0.234,0.633,-0.568,0.229,0.626,0.501,0.166,0.284,0.517,0.015,0.663,0.715,0.502,0.071,0.111,0.422,0.582,0.493,0.398,0.379,-0.131,0.409,0.627,0.27,0.623,0.222,0.308,0.568,0.405,0.332,0.174,0.509,0.445,0.556,0.3,0.505,0.627,0.307,0.344,0.203,0.686,-0.338,0.606,0.498,0.302,0.666,0.339,0.271,-0.051,0.617,0.396,0.364,0.406,0.144,-0.369,0.548,0.614,0.481,0.709,0.569,0.569,0.42,0.298,0.337,0.299,0.226,0.278,0.614,-0.064,0.016,0.56,0.685,0.372,0.458,0.061,-0.371,0.544,0.332,0.711,-0.042,0.445,0.228,0.678,0.061,0.766,0.567
000776SZ,0.921,0.83,0.898,0.942,0.811,0.911,0.568,0.855,0.799,0.844,0.865,0.918,0.717,0.814,0.374,0.703,1.0,0.802,0.894,0.887,0.908,0.741,0.857,0.633,0.423,0.289,0.471,0.328,0.327,0.888,-0.189,-0.099,-0.677,-0.643,-0.073,0.329,0.189,0.792,0.769,0.331,0.005,0.771,-0.339,-0.188,-0.168,-0.257,-0.442,-0.263,0.892,0.289,0.542,0.885,0.874,0.58,0.656,-0.143,0.294,-0.629,0.737,0.054,0.916,0.939,-0.733,0.32,-0.613,-0.392,-0.372,-0.291,-0.31,0.458,0.69,0.087,0.795,-0.507,0.69,-0.537,-0.608,0.411,0.563,-0.186,0.347,0.319,0.879,0.37,-0.069,0.843,0.824,0.841,0.862,0.04,0.536,-0.835,0.801,0.729,0.761,0.935,0.272,0.815,0.924,0.807,-0.384,0.912,0.433,0.751,-0.015,0.101,-0.109,-0.006,0.891,0.595,0.131,0.903,0.81,0.885,0.733,0.809,-0.064,0.568,0.773,0.549,-0.508,0.397,0.943,-0.469,0.91,-0.356,0.817,0.48,0.43,0.785,-0.772,-0.01,0.577,-0.842,0.562,0.873,0.778,0.502,0.703,0.863,-0.258,0.823,0.652,0.386,0.34,-0.11,0.827,0.849,0.861,0.827,0.774,-0.143,0.837,0.663,0.716,0.953,0.681,0.735,0.914,0.17,0.755,0.61,0.853,0.842,0.626,0.72,0.886,0.734,0.721,0.766,0.56,0.971,-0.707,0.804,0.753,0.534,0.738,0.277,0.701,0.12,0.856,0.806,0.719,0.79,-0.201,-0.779,0.462,0.529,0.877,0.839,0.853,0.421,0.773,0.727,0.675,0.714,0.662,-0.163,0.828,-0.476,-0.327,0.717,0.785,0.126,0.484,-0.111,-0.64,0.883,0.347,0.719,-0.065,0.808,-0.006,0.86,-0.325,0.772,0.648
000786SZ,0.767,0.751,0.815,0.775,0.803,0.775,0.482,0.565,0.698,0.632,0.507,0.854,0.469,0.654,0.354,0.515,0.802,1.0,0.571,0.644,0.634,0.512,0.704,0.538,0.215,0.409,0.455,0.202,0.325,0.654,-0.077,-0.328,-0.596,-0.604,-0.148,0.269,0.302,0.882,0.594,0.191,-0.1,0.628,-0.289,-0.394,-0.365,-0.158,-0.514,-0.136,0.65,0.345,0.205,0.663,0.581,0.245,0.359,-0.062,-0.04,-0.432,0.595,-0.191,0.603,0.705,-0.611,0.135,-0.643,-0.361,-0.406,-0.334,-0.366,0.37,0.477,0.069,0.6,-0.477,0.364,-0.406,-0.49,0.4,0.232,-0.12,0.395,0.336,0.76,-0.002,0.073,0.689,0.685,0.664,0.727,0.04,0.458,-0.577,0.626,0.386,0.73,0.83,0.547,0.592,0.728,0.632,-0.42,0.629,0.177,0.459,0.076,0.202,-0.246,-0.026,0.738,0.418,0.017,0.839,0.538,0.642,0.449,0.597,-0.022,0.4,0.708,0.316,-0.513,0.162,0.709,-0.389,0.903,-0.291,0.519,0.191,0.374,0.472,-0.526,0.071,0.332,-0.658,0.462,0.657,0.808,0.417,0.533,0.815,-0.521,0.551,0.308,0.272,0.245,0.189,0.666,0.665,0.777,0.725,0.618,-0.137,0.736,0.302,0.652,0.801,0.594,0.664,0.735,0.045,0.623,0.587,0.668,0.726,0.49,0.569,0.741,0.366,0.692,0.708,0.451,0.803,-0.718,0.498,0.646,0.366,0.737,-0.007,0.574,0.169,0.583,0.673,0.81,0.626,-0.347,-0.557,0.238,0.45,0.813,0.536,0.556,0.276,0.549,0.653,0.618,0.611,0.611,-0.226,0.665,-0.425,-0.286,0.48,0.518,0.102,0.22,-0.26,-0.59,0.888,0.45,0.508,0.129,0.649,-0.128,0.704,-0.287,0.609,0.496
000800SZ,0.883,0.786,0.771,0.763,0.712,0.882,0.558,0.898,0.759,0.884,0.963,0.837,0.707,0.79,0.161,0.597,0.894,0.571,1.0,0.904,0.95,0.74,0.868,0.651,0.46,0.056,0.444,0.32,0.332,0.908,-0.148,0.052,-0.703,-0.615,-0.098,0.226,0.015,0.661,0.73,0.427,-0.006,0.746,-0.348,-0.124,-0.076,-0.379,-0.396,-0.377,0.899,0.215,0.662,0.911,0.924,0.706,0.708,-0.281,0.432,-0.743,0.706,0.187,0.956,0.891,-0.736,0.325,-0.561,-0.514,-0.329,-0.288,-0.328,0.328,0.638,-0.028,0.76,-0.513,0.744,-0.619,-0.652,0.274,0.696,-0.258,0.317,0.151,0.826,0.427,-0.094,0.814,0.784,0.827,0.825,0.023,0.521,-0.898,0.815,0.795,0.626,0.867,0.084,0.868,0.88,0.795,-0.445,0.942,0.399,0.798,-0.061,-0.032,-0.066,-0.012,0.801,0.648,0.156,0.832,0.905,0.921,0.722,0.853,0.002,0.631,0.726,0.574,-0.506,0.466,0.919,-0.539,0.691,-0.421,0.864,0.501,0.413,0.849,-0.866,-0.044,0.614,-0.849,0.578,0.887,0.642,0.491,0.71,0.74,-0.105,0.828,0.717,0.253,0.334,-0.276,0.782,0.853,0.78,0.79,0.769,-0.181,0.769,0.732,0.684,0.892,0.635,0.688,0.879,0.131,0.74,0.547,0.833,0.806,0.599,0.706,0.848,0.846,0.623,0.712,0.529,0.839,-0.612,0.876,0.711,0.515,0.465,0.418,0.697,0.037,0.888,0.791,0.549,0.764,-0.161,-0.848,0.465,0.312,0.722,0.874,0.885,0.288,0.821,0.681,0.591,0.682,0.608,-0.169,0.821,-0.497,-0.351,0.789,0.806,0.006,0.521,-0.019,-0.594,0.771,0.157,0.658,-0.283,0.794,-0.017,0.768,-0.363,0.69,0.548
000807SZ,0.859,0.775,0.857,0.818,0.809,0.857,0.603,0.917,0.771,0.855,0.903,0.895,0.716,0.749,0.206,0.617,0.887,0.644,0.904,1.0,0.951,0.751,0.829,0.547,0.575,-0.013,0.607,0.26,0.225,0.891,-0.276,0.147,-0.754,-0.632,-0.019,0.29,-0.001,0.688,0.776,0.49,0.127,0.754,-0.318,-0.025,-0.027,-0.529,-0.305,-0.325,0.948,0.073,0.693,0.903,0.943,0.781,0.776,-0.303,0.471,-0.742,0.734,0.33,0.875,0.935,-0.723,0.378,-0.655,-0.509,-0.149,-0.277,-0.326,0.341,0.64,-0.065,0.751,-0.426,0.813,-0.673,-0.62,0.132,0.766,-0.251,0.066,-0.011,0.844,0.559,-0.193,0.853,0.84,0.895,0.86,-0.05,0.467,-0.896,0.8,0.831,0.758,0.857,0.099,0.825,0.949,0.729,-0.5,0.896,0.509,0.905,-0.176,-0.159,0.019,-0.169,0.781,0.745,0.07,0.859,0.867,0.914,0.795,0.863,0.031,0.773,0.642,0.681,-0.498,0.476,0.913,-0.577,0.727,-0.416,0.906,0.505,0.329,0.84,-0.791,-0.162,0.744,-0.898,0.467,0.933,0.739,0.652,0.728,0.768,-0.171,0.874,0.611,0.384,0.314,-0.178,0.817,0.854,0.777,0.798,0.833,-0.058,0.789,0.668,0.675,0.907,0.66,0.691,0.928,0.159,0.783,0.547,0.945,0.804,0.56,0.745,0.822,0.775,0.672,0.722,0.56,0.822,-0.683,0.804,0.689,0.536,0.439,0.401,0.679,-0.035,0.95,0.831,0.553,0.716,-0.082,-0.821,0.545,0.369,0.726,0.91,0.893,0.357,0.873,0.718,0.618,0.719,0.604,-0.17,0.905,-0.448,-0.155,0.884,0.849,0.022,0.589,0.043,-0.597,0.821,0.038,0.741,-0.197,0.852,0.138,0.744,-0.415,0.715,0.574
000858SZ,0.873,0.779,0.798,0.816,0.837,0.869,0.676,0.961,0.848,0.86,0.946,0.91,0.789,0.736,0.256,0.66,0.908,0.634,0.95,0.951,1.0,0.779,0.887,0.648,0.592,0.084,0.521,0.284,0.335,0.95,-0.201,0.062,-0.704,-0.589,0.014,0.362,0.079,0.666,0.851,0.561,0.12,0.824,-0.249,-0.107,-0.057,-0.384,-0.366,-0.253,0.922,0.222,0.707,0.941,0.934,0.785,0.761,-0.203,0.486,-0.713,0.676,0.275,0.925,0.956,-0.727,0.38,-0.648,-0.462,-0.222,-0.218,-0.296,0.405,0.732,0.058,0.844,-0.465,0.775,-0.603,-0.608,0.283,0.761,-0.17,0.192,0.169,0.834,0.423,-0.217,0.828,0.792,0.849,0.828,-0.09,0.448,-0.9,0.778,0.821,0.662,0.876,0.039,0.854,0.898,0.765,-0.494,0.923,0.463,0.878,-0.016,-0.061,-0.098,-0.03,0.768,0.773,0.175,0.91,0.925,0.903,0.726,0.842,-0.027,0.777,0.668,0.699,-0.508,0.394,0.975,-0.503,0.733,-0.37,0.93,0.533,0.314,0.86,-0.82,-0.184,0.749,-0.913,0.486,0.968,0.663,0.569,0.674,0.751,-0.14,0.882,0.705,0.367,0.237,-0.229,0.779,0.91,0.77,0.8,0.787,-0.214,0.78,0.704,0.662,0.923,0.595,0.674,0.91,0.211,0.73,0.52,0.874,0.805,0.682,0.686,0.833,0.819,0.613,0.691,0.473,0.868,-0.673,0.842,0.691,0.466,0.512,0.384,0.656,-0.071,0.926,0.816,0.546,0.693,-0.115,-0.83,0.571,0.387,0.727,0.934,0.878,0.348,0.847,0.674,0.569,0.68,0.572,-0.093,0.886,-0.433,-0.192,0.902,0.909,0.112,0.625,0.014,-0.564,0.82,0.192,0.733,-0.158,0.801,0.096,0.805,-0.328,0.783,0.653
000876SZ,0.642,0.585,0.646,0.746,0.723,0.616,0.492,0.861,0.501,0.558,0.803,0.756,0.829,0.432,0.263,0.711,0.741,0.512,0.74,0.751,0.779,1.0,0.627,0.229,0.689,0.256,0.105,-0.15,-0.067,0.791,-0.54,0.117,-0.509,-0.296,0.304,0.388,0.14,0.581,0.765,0.406,0.391,0.477,0.045,0.276,0.321,-0.273,0.045,-0.111,0.785,-0.024,0.801,0.758,0.789,0.715,0.923,-0.126,0.62,-0.392,0.315,0.462,0.774,0.8,-0.357,0.407,-0.281,-0.164,-0.025,0.108,0.099,0.613,0.708,0.225,0.61,-0.016,0.908,-0.343,-0.223,0.161,0.706,0.09,0.064,0.079,0.558,0.554,-0.505,0.502,0.516,0.615,0.484,-0.33,0.093,-0.687,0.477,0.804,0.678,0.677,0.055,0.487,0.659,0.764,-0.192,0.711,0.736,0.807,-0.14,-0.337,0.319,-0.134,0.554,0.423,0.504,0.721,0.722,0.695,0.834,0.529,-0.418,0.495,0.45,0.716,-0.076,0.572,0.798,-0.295,0.605,-0.027,0.877,0.774,0.017,0.887,-0.516,-0.331,0.787,-0.792,0.186,0.736,0.572,0.553,0.411,0.561,0.048,0.858,0.801,0.605,0.183,-0.163,0.441,0.582,0.545,0.451,0.406,0.062,0.472,0.811,0.297,0.66,0.268,0.337,0.627,0.493,0.362,0.11,0.579,0.437,0.538,0.331,0.565,0.845,0.292,0.369,0.176,0.681,-0.422,0.533,0.764,0.101,0.564,0.618,0.302,0.064,0.802,0.461,0.312,0.433,0.3,-0.573,0.521,0.646,0.517,0.88,0.811,0.677,0.5,0.327,0.19,0.333,0.194,0.032,0.862,-0.123,0.031,0.738,0.793,0.241,0.651,0.286,-0.338,0.613,0.065,0.752,-0.334,0.491,0.362,0.661,-0.097,0.795,0.466
000895SZ,0.857,0.815,0.773,0.724,0.729,0.859,0.602,0.774,0.851,0.894,0.812,0.862,0.603,0.837,0.194,0.528,0.857,0.704,0.868,0.829,0.887,0.627,1.0,0.769,0.327,0.098,0.577,0.43,0.476,0.801,0.06,-0.153,-0.691,-0.693,-0.198,0.224,0.072,0.721,0.68,0.492,-0.102,0.811,-0.409,-0.379,-0.339,-0.323,-0.595,-0.333,0.815,0.431,0.416,0.86,0.808,0.575,0.539,-0.186,0.179,-0.711,0.748,-0.042,0.827,0.832,-0.838,0.1,-0.701,-0.555,-0.426,-0.4,-0.457,0.224,0.592,-0.025,0.802,-0.668,0.576,-0.609,-0.724,0.387,0.506,-0.254,0.41,0.296,0.855,0.192,0.077,0.843,0.804,0.821,0.873,0.136,0.597,-0.821,0.853,0.638,0.569,0.838,0.195,0.886,0.85,0.704,-0.577,0.868,0.164,0.677,0.039,0.167,-0.32,-0.039,0.805,0.713,0.077,0.865,0.818,0.867,0.515,0.86,0.151,0.671,0.759,0.465,-0.686,0.27,0.871,-0.569,0.736,-0.456,0.732,0.229,0.49,0.68,-0.823,0.053,0.466,-0.812,0.632,0.881,0.629,0.531,0.718,0.765,-0.341,0.714,0.485,0.129,0.304,-0.252,0.809,0.893,0.793,0.865,0.821,-0.314,0.84,0.462,0.771,0.907,0.707,0.77,0.88,0.027,0.801,0.685,0.838,0.869,0.64,0.745,0.851,0.598,0.695,0.774,0.554,0.847,-0.795,0.781,0.628,0.504,0.488,0.138,0.762,0.001,0.817,0.844,0.642,0.759,-0.41,-0.815,0.288,0.201,0.786,0.736,0.743,0.101,0.828,0.751,0.692,0.758,0.704,-0.236,0.729,-0.597,-0.398,0.76,0.732,0.022,0.396,-0.249,-0.636,0.837,0.356,0.537,-0.001,0.827,-0.165,0.706,-0.347,0.628,0.631
000938SZ,0.661,0.613,0.466,0.453,0.478,0.696,0.585,0.475,0.738,0.775,0.523,0.594,0.357,0.669,0.174,0.357,0.633,0.538,0.651,0.547,0.648,0.229,0.769,1.0,0.057,0.157,0.602,0.65,0.863,0.6,0.466,-0.339,-0.491,-0.611,-0.348,0.182,0.152,0.525,0.438,0.39,-0.441,0.837,-0.355,-0.727,-0.64,-0.021,-0.82,-0.317,0.524,0.663,0.034,0.633,0.496,0.182,0.127,-0.03,-0.118,-0.587,0.688,-0.392,0.571,0.552,-0.683,0.139,-0.73,-0.452,-0.645,-0.429,-0.504,0.009,0.449,0.046,0.672,-0.833,0.163,-0.395,-0.635,0.581,0.171,-0.296,0.628,0.507,0.637,-0.134,0.356,0.658,0.546,0.519,0.731,0.337,0.548,-0.579,0.669,0.313,0.173,0.636,0.093,0.829,0.632,0.44,-0.608,0.609,-0.234,0.323,0.454,0.529,-0.721,0.392,0.567,0.563,0.023,0.642,0.678,0.642,0.082,0.65,0.386,0.441,0.633,0.194,-0.822,-0.153,0.63,-0.382,0.564,-0.459,0.396,-0.143,0.508,0.313,-0.762,0.193,0.119,-0.526,0.696,0.669,0.351,0.049,0.501,0.552,-0.386,0.371,0.21,-0.204,0.09,-0.046,0.663,0.755,0.599,0.729,0.693,-0.652,0.634,0.096,0.679,0.724,0.567,0.65,0.689,-0.123,0.681,0.672,0.607,0.812,0.664,0.643,0.709,0.253,0.558,0.688,0.507,0.661,-0.688,0.77,0.262,0.54,0.338,-0.297,0.676,-0.181,0.514,0.654,0.564,0.61,-0.676,-0.643,0.108,-0.054,0.588,0.411,0.352,-0.192,0.643,0.644,0.684,0.619,0.617,-0.083,0.367,-0.596,-0.565,0.488,0.469,-0.056,0.07,-0.569,-0.558,0.7,0.505,0.2,0.122,0.686,-0.413,0.642,-0.252,0.395,0.56
000963SZ,0.222,0.119,0.298,0.486,0.635,0.264,0.648,0.73,0.419,0.189,0.526,0.476,0.859,-0.008,0.46,0.548,0.423,0.215,0.46,0.575,0.592,0.689,0.327,0.057,1.0,0.059,0.133,-0.334,-0.087,0.658,-0.575,0.405,-0.113,0.12,0.712,0.711,0.339,0.101,0.78,0.742,0.694,0.48,0.462,0.418,0.522,-0.06,0.334,0.314,0.469,0.023,0.807,0.496,0.593,0.76,0.789,0.245,0.772,-0.049,-0.042,0.707,0.432,0.643,-0.025,0.594,-0.257,0.205,0.452,0.501,0.436,0.689,0.801,0.514,0.603,0.295,0.663,0.013,0.17,0.162,0.733,0.503,-0.311,0.065,0.148,0.462,-0.77,0.151,0.137,0.28,0.151,-0.615,-0.327,-0.36,0.05,0.574,0.39,0.296,-0.451,0.171,0.376,0.355,-0.09,0.365,0.788,0.717,0.114,-0.333,0.208,-0.029,0.177,0.587,0.483,0.487,0.583,0.333,0.594,0.195,-0.467,0.616,-0.075,0.919,0.134,0.231,0.562,0.121,0.322,0.351,0.749,0.753,-0.469,0.644,-0.257,-0.767,0.878,-0.603,-0.304,0.637,0.179,0.507,-0.041,0.118,0.29,0.616,0.621,0.761,-0.314,-0.046,0.097,0.412,0.073,0.094,0.12,-0.1,0.083,0.598,-0.124,0.355,-0.165,-0.085,0.329,0.715,0.016,-0.26,0.377,0.091,0.549,-0.045,0.134,0.593,-0.128,-0.063,-0.252,0.404,-0.15,0.372,0.298,-0.153,0.317,0.499,-0.133,-0.453,0.531,0.149,-0.146,-0.064,0.527,-0.205,0.611,0.638,0.164,0.733,0.525,0.66,0.244,-0.059,-0.091,-0.045,-0.223,0.408,0.693,0.33,0.52,0.755,0.811,0.585,0.75,0.469,0.13,0.266,0.058,0.786,-0.118,0.186,0.675,0.507,0.209,0.761,0.567
000999SZ,0.219,0.217,0.219,0.362,0.311,0.216,0.306,0.111,0.147,0.039,0.066,0.254,0.261,0.027,0.323,0.325,0.289,0.409,0.056,-0.013,0.084,0.256,0.098,0.157,0.059,1.0,-0.217,-0.086,0.211,0.236,-0.127,-0.448,-0.035,-0.067,0.098,0.251,0.498,0.365,0.217,-0.209,-0.022,0.158,0.23,-0.167,-0.107,0.34,-0.154,0.141,0.045,0.343,-0.036,0.118,0.008,-0.167,0.056,0.281,-0.123,0.125,-0.075,-0.279,0.142,0.18,0.042,0.067,-0.04,0.198,-0.305,0.082,0.095,0.373,0.279,0.411,0.192,-0.031,0.01,0.216,0.073,0.501,-0.163,0.222,0.395,0.528,0.119,-0.269,-0.095,0.04,0.008,-0.013,0.031,-0.093,-0.073,-0.039,-0.03,0.032,0.171,0.288,0.294,-0.004,0.084,0.446,0.037,0.112,0.104,0.002,0.433,0.206,-0.182,0.457,0.129,-0.135,0.4,0.268,0.163,0.017,0.04,-0.043,-0.375,-0.135,0.296,0.042,-0.001,-0.096,0.209,0.119,0.466,0.211,0.075,0.167,-0.028,0.098,-0.074,-0.007,-0.0,-0.14,0.062,0.072,0.209,-0.178,-0.088,0.279,-0.205,0.22,0.216,0.238,-0.096,0.3,-0.013,0.089,0.226,0.106,-0.072,-0.21,0.11,0.162,0.042,0.214,-0.018,0.055,0.111,0.248,-0.072,0.004,-0.074,0.097,0.522,-0.115,0.211,0.1,0.037,0.088,-0.136,0.35,-0.168,0.011,0.289,-0.222,0.668,-0.127,-0.031,0.171,0.01,0.018,0.332,0.036,-0.071,-0.026,0.107,0.519,0.229,0.139,0.03,0.385,-0.13,0.014,-0.05,0.005,0.015,0.074,0.127,0.005,-0.156,-0.084,0.1,0.269,-0.059,-0.169,-0.107,0.292,0.552,0.142,0.199,-0.042,-0.056,0.438,0.176,0.33,0.253
001965SZ,0.498,0.443,0.52,0.398,0.476,0.591,0.478,0.356,0.663,0.593,0.359,0.524,0.159,0.546,0.201,0.185,0.471,0.455,0.444,0.607,0.521,0.105,0.577,0.602,0.133,-0.217,1.0,0.591,0.448,0.419,0.195,0.006,-0.535,-0.549,-0.265,0.12,0.042,0.381,0.358,0.351,-0.158,0.66,-0.423,-0.507,-0.452,-0.341,-0.531,-0.157,0.445,0.278,0.074,0.414,0.437,0.279,0.154,-0.119,-0.025,-0.519,0.701,-0.093,0.324,0.485,-0.646,0.054,-0.821,-0.52,-0.15,-0.478,-0.543,-0.137,0.203,-0.213,0.543,-0.588,0.169,-0.5,-0.574,0.186,0.275,-0.338,0.012,0.046,0.59,0.094,0.223,0.672,0.638,0.634,0.714,0.244,0.487,-0.442,0.62,0.269,0.313,0.482,0.036,0.657,0.634,0.162,-0.62,0.47,-0.064,0.446,-0.026,0.269,-0.435,-0.146,0.514,0.725,-0.3,0.507,0.474,0.485,0.171,0.632,0.446,0.677,0.378,0.249,-0.721,-0.096,0.461,-0.448,0.455,-0.475,0.324,-0.157,0.389,0.225,-0.511,0.062,0.212,-0.439,0.428,0.598,0.413,0.414,0.554,0.509,-0.488,0.312,-0.099,-0.038,0.139,-0.047,0.703,0.659,0.488,0.664,0.758,-0.231,0.602,-0.016,0.637,0.603,0.607,0.632,0.667,-0.246,0.725,0.67,0.758,0.713,0.354,0.694,0.539,0.109,0.634,0.649,0.572,0.461,-0.625,0.6,0.105,0.626,0.088,-0.209,0.611,-0.21,0.503,0.693,0.473,0.5,-0.513,-0.451,0.111,-0.1,0.534,0.341,0.313,-0.22,0.761,0.686,0.726,0.668,0.607,-0.152,0.34,-0.48,-0.189,0.535,0.395,-0.069,0.14,-0.333,-0.559,0.556,0.183,0.268,0.33,0.744,-0.153,0.408,-0.384,0.194,0.475
002001SZ,0.41,0.34,0.306,0.228,0.104,0.45,0.164,0.088,0.417,0.485,0.252,0.244,-0.103,0.552,0.03,0.046,0.328,0.202,0.32,0.26,0.284,-0.15,0.43,0.65,-0.334,-0.086,0.591,1.0,0.564,0.168,0.558,-0.096,-0.313,-0.459,-0.505,-0.123,-0.084,0.225,0.061,-0.021,-0.45,0.456,-0.472,-0.586,-0.532,-0.106,-0.595,-0.254,0.236,0.292,-0.161,0.296,0.203,0.009,-0.172,-0.097,-0.186,-0.417,0.614,-0.361,0.306,0.239,-0.513,-0.049,-0.452,-0.416,-0.414,-0.529,-0.569,-0.324,-0.032,-0.261,0.316,-0.667,-0.085,-0.339,-0.578,0.258,0.033,-0.468,0.342,0.186,0.476,-0.099,0.526,0.524,0.494,0.394,0.544,0.537,0.637,-0.311,0.524,0.053,0.068,0.352,0.14,0.58,0.385,0.141,-0.272,0.371,-0.338,0.052,0.094,0.498,-0.521,0.136,0.461,0.329,-0.242,0.251,0.318,0.355,-0.076,0.486,0.543,0.226,0.434,-0.153,-0.593,-0.164,0.271,-0.354,0.29,-0.593,0.002,-0.295,0.596,0.065,-0.392,0.441,-0.169,-0.127,0.603,0.296,0.213,-0.064,0.498,0.362,-0.246,0.017,-0.064,-0.342,0.225,-0.106,0.589,0.496,0.428,0.532,0.588,-0.315,0.505,-0.049,0.603,0.407,0.588,0.569,0.443,-0.431,0.601,0.685,0.426,0.599,0.203,0.651,0.472,0.016,0.581,0.568,0.624,0.356,-0.334,0.511,-0.037,0.712,0.101,-0.263,0.613,0.141,0.226,0.524,0.476,0.539,-0.619,-0.381,0.04,-0.281,0.422,0.042,0.156,-0.352,0.574,0.565,0.69,0.567,0.657,-0.221,-0.042,-0.495,-0.482,0.152,0.098,-0.235,-0.029,-0.368,-0.486,0.332,0.215,-0.044,0.297,0.518,-0.404,0.254,-0.375,-0.02,0.295
