,000001SZ,000002SZ,000157SZ,000166SZ,000333SZ,000338SZ,000538SZ,000568SZ,000596SZ,000617SZ,000625SZ,000651SZ,000661SZ,000708SZ,000725SZ,000768SZ,000776SZ,000786SZ,000800SZ,000807SZ,000858SZ,000876SZ,000895SZ,000938SZ,000963SZ,000999SZ,001965SZ,002001SZ,002007SZ,002027SZ,002028SZ,002050SZ,002129SZ,002179SZ,002230SZ,002236SZ,002241SZ,002271SZ,002304SZ,002311SZ,002371SZ,002415SZ,002422SZ,002459SZ,002460SZ,002463SZ,002466SZ,002475SZ,002493SZ,002555SZ,002594SZ,002601SZ,002648SZ,002709SZ,002714SZ,002916SZ,002920SZ,002938SZ,003816SZ,300014SZ,300033SZ,300059SZ,300122SZ,300124SZ,300274SZ,300308SZ,300316SZ,300347SZ,300394SZ,300408SZ,300413SZ,300418SZ,300433SZ,300450SZ,300498SZ,300502SZ,300628SZ,300661SZ,300750SZ,300759SZ,300760SZ,300782SZ,600000SS,600010SS,600011SS,600015SS,600016SS,600018SS,600019SS,600023SS,600025SS,600026SS,600028SS,600029SS,600031SS,600036SS,600048SS,600050SS,600061SS,600085SS,600089SS,600104SS,600111SS,600115SS,600161SS,600183SS,600188SS,600196SS,600219SS,600233SS,600276SS,600309SS,600332SS,600346SS,600362SS,600377SS,600406SS,600415SS,600426SS,600436SS,600438SS,600489SS,600519SS,600570SS,600585SS,600588SS,600600SS,600660SS,600674SS,600741SS,600760SS,600795SS,600809SS,600875SS,600886SS,600887SS,600926SS,600989SS,601006SS,601009SS,601012SS,601021SS,601058SS,601066SS,601088SS,601100SS,601117SS,601138SS,601166SS,601169SS,601186SS,601225SS,601229SS,601238SS,601288SS,601318SS,601319SS,601328SS,601336SS,601360SS,601390SS,601398SS,601600SS,601601SS,601607SS,601618SS,601628SS,601633SS,601658SS,601668SS,601669SS,601688SS,601689SS,601698SS,601699SS,601766SS,601788SS,601799SS,601800SS,601808SS,601816SS,601818SS,601838SS,601857SS,601865SS,601872SS,601877SS,601878SS,601881SS,601888SS,601899SS,601901SS,601919SS,601939SS,601985SS,601988SS,601998SS,603019SS,603195SS,603259SS,603260SS,603288SS,603369SS,603501SS,603659SS,603799SS,603806SS,603833SS,603986SS,603993SS,688008SS,688009SS,688012SS,688036SS,688111SS,688169SS,688396SS
000001SZ,1.0,0.824,0.462,0.769,0.98,0.946,-0.121,0.493,0.314,0.848,0.767,0.959,-0.425,0.888,0.113,0.946,0.765,0.868,0.861,0.759,0.4,0.275,0.2,0.649,0.036,-0.75,0.256,0.42,0.133,-0.087,0.305,0.879,0.392,0.569,0.886,0.943,0.947,0.963,-0.422,-0.765,0.926,-0.193,-0.527,0.233,0.731,0.787,0.769,0.947,0.923,0.925,0.641,0.787,-0.07,-0.124,0.201,0.89,0.506,0.56,0.543,-0.311,0.682,0.818,-0.048,-0.607,-0.64,0.129,0.831,0.684,0.666,-0.165,0.839,0.798,0.717,0.244,-0.07,0.636,0.703,-0.071,-0.099,0.328,-0.408,0.923,0.898,0.788,0.41,0.869,0.909,-0.388,0.49,0.365,0.74,0.137,-0.483,0.258,0.733,0.951,0.544,0.673,0.32,-0.536,0.634,0.883,0.881,0.513,0.317,0.82,0.77,0.778,0.715,0.221,-0.237,-0.307,0.285,0.978,0.729,0.8,-0.356,0.808,0.685,0.745,0.688,0.299,0.747,0.21,0.821,0.555,-0.245,0.868,0.634,0.938,0.498,-0.221,0.515,0.609,0.272,0.458,0.765,0.104,-0.125,0.766,0.408,-0.408,0.833,0.787,0.246,0.593,0.921,0.912,0.978,0.758,0.85,0.795,0.386,0.787,0.061,0.916,-0.269,0.569,0.673,0.808,0.869,0.467,0.812,0.363,0.37,0.825,-0.288,0.918,0.884,0.307,0.553,0.704,0.6,0.797,0.09,0.844,0.831,-0.205,0.931,-0.081,0.563,0.928,0.591,0.353,0.905,0.22,0.45,0.72,0.055,0.284,0.813,0.647,0.855,0.636,0.217,0.493,-0.381,0.865,0.939,-0.05,0.496,0.716,-0.518,0.891,0.512,0.897,0.596,0.952,0.974,0.927,0.927,0.172,0.947,0.633,-0.289,0.941,0.8
000002SZ,0.824,1.0,0.124,0.488,0.844,0.689,-0.275,0.526,0.556,0.593,0.407,0.786,-0.544,0.75,-0.182,0.693,0.532,0.685,0.552,0.524,0.451,0.143,0.108,0.232,-0.127,-0.752,0.041,0.374,-0.106,-0.129,0.028,0.646,0.267,0.179,0.601,0.706,0.749,0.84,-0.174,-0.646,0.797,-0.364,-0.613,0.077,0.356,0.457,0.505,0.686,0.886,0.868,0.247,0.449,0.025,-0.538,0.132,0.567,0.331,0.209,0.265,-0.553,0.481,0.626,-0.233,-0.751,-0.805,-0.226,0.564,0.494,0.294,-0.296,0.552,0.492,0.437,-0.15,-0.051,0.284,0.509,-0.286,-0.41,0.191,-0.361,0.734,0.756,0.465,0.093,0.636,0.724,-0.294,0.174,0.161,0.576,-0.098,-0.38,0.38,0.453,0.852,0.807,0.476,0.016,-0.626,0.312,0.604,0.568,0.343,0.016,0.553,0.775,0.472,0.436,0.026,-0.354,-0.246,0.042,0.792,0.463,0.541,-0.403,0.531,0.478,0.562,0.398,0.104,0.793,0.14,0.708,0.234,-0.007,0.575,0.362,0.691,0.082,-0.41,0.592,0.234,0.011,0.383,0.766,-0.098,-0.341,0.719,0.08,-0.378,0.725,0.536,0.368,0.229,0.658,0.711,0.799,0.579,0.632,0.832,0.078,0.446,0.204,0.738,-0.329,0.521,0.494,0.513,0.687,0.394,0.591,0.232,0.085,0.589,-0.112,0.661,0.736,0.361,0.339,0.468,0.265,0.475,0.362,0.588,0.522,-0.451,0.725,-0.153,0.55,0.764,0.744,0.384,0.656,-0.163,0.078,0.401,-0.137,0.335,0.587,0.346,0.601,0.547,-0.036,0.579,-0.394,0.642,0.808,-0.269,0.166,0.624,-0.344,0.619,0.248,0.698,0.305,0.823,0.795,0.814,0.738,-0.094,0.806,0.409,-0.527,0.733,0.51
000157SZ,0.462,0.124,1.0,0.86,0.416,0.657,0.368,-0.308,-0.428,0.796,0.742,0.519,0.158,0.625,0.803,0.557,0.799,0.647,0.76,0.796,-0.375,0.664,0.527,0.841,0.366,-0.029,0.765,0.308,0.598,0.173,0.598,0.367,0.313,0.864,0.592,0.479,0.547,0.393,-0.689,-0.253,0.226,-0.046,0.054,0.231,0.651,0.805,0.454,0.61,0.182,0.213,0.596,0.776,-0.579,0.609,0.572,0.7,0.178,0.858,0.865,0.385,0.747,0.681,0.323,0.221,0.265,0.661,0.613,0.295,0.786,0.536,0.671,0.807,0.838,0.798,0.444,0.827,0.638,0.557,0.537,0.391,0.07,0.402,0.625,0.833,0.878,0.742,0.674,-0.256,0.816,0.766,0.722,-0.009,-0.18,-0.438,0.835,0.223,0.085,0.829,0.843,0.157,0.842,0.708,0.681,0.143,0.649,0.754,0.164,0.714,0.896,0.471,0.23,0.207,0.715,0.517,0.849,0.74,0.437,0.756,0.515,0.537,0.791,0.682,-0.157,0.483,0.625,0.717,-0.703,0.695,0.894,0.655,0.623,0.605,-0.34,0.834,0.847,0.177,0.189,0.11,0.216,0.296,0.598,-0.351,0.475,0.808,0.246,0.873,0.671,0.631,0.546,0.746,0.763,0.205,0.857,0.782,0.136,0.666,0.411,0.469,0.77,0.771,0.711,0.422,0.781,0.772,0.746,0.795,-0.044,0.56,0.189,0.588,0.803,0.745,0.603,0.799,-0.267,0.782,0.799,0.327,0.679,0.321,0.168,0.596,0.012,0.361,0.608,0.427,0.882,0.85,0.769,-0.409,0.718,0.791,0.735,0.131,0.784,0.181,0.372,0.38,0.455,0.461,0.65,-0.019,-0.685,0.495,0.695,0.436,0.702,0.517,0.402,0.333,0.359,0.799,0.272,0.581,0.507,0.58,0.669
000166SZ,0.769,0.488,0.86,1.0,0.739,0.886,0.248,-0.003,-0.147,0.958,0.806,0.795,-0.017,0.856,0.638,0.776,0.975,0.878,0.935,0.926,-0.076,0.677,0.548,0.85,0.377,-0.299,0.681,0.563,0.564,0.208,0.666,0.601,0.501,0.807,0.807,0.735,0.798,0.695,-0.616,-0.445,0.549,-0.158,-0.161,0.328,0.732,0.941,0.601,0.847,0.56,0.562,0.693,0.926,-0.397,0.277,0.562,0.861,0.347,0.855,0.926,0.169,0.916,0.937,0.249,-0.11,-0.104,0.588,0.837,0.523,0.862,0.347,0.861,0.938,0.961,0.649,0.391,0.88,0.823,0.371,0.35,0.475,-0.033,0.669,0.91,0.916,0.85,0.943,0.911,-0.271,0.783,0.811,0.862,-0.035,-0.359,-0.118,0.941,0.572,0.372,0.949,0.796,-0.059,0.914,0.913,0.839,0.395,0.651,0.93,0.492,0.837,0.954,0.465,0.123,0.104,0.702,0.809,0.945,0.925,0.214,0.931,0.658,0.745,0.905,0.655,0.229,0.555,0.869,0.776,-0.605,0.863,0.913,0.875,0.621,0.41,-0.032,0.872,0.718,0.44,0.561,0.022,0.105,0.645,0.634,-0.416,0.752,0.979,0.414,0.855,0.881,0.9,0.821,0.911,0.965,0.582,0.813,0.895,0.131,0.905,0.263,0.584,0.935,0.898,0.918,0.478,0.941,0.783,0.736,0.976,-0.059,0.811,0.477,0.648,0.898,0.942,0.74,0.923,-0.136,0.967,0.957,0.049,0.922,0.163,0.506,0.856,0.354,0.48,0.832,0.279,0.822,0.95,0.57,-0.116,0.862,0.893,0.918,0.311,0.735,0.373,0.061,0.589,0.741,0.323,0.646,0.298,-0.733,0.725,0.685,0.666,0.827,0.806,0.715,0.673,0.648,0.721,0.592,0.75,0.115,0.849,0.852
000333SZ,0.98,0.844,0.416,0.739,1.0,0.932,-0.127,0.481,0.33,0.824,0.738,0.978,-0.424,0.892,0.084,0.929,0.753,0.884,0.845,0.755,0.41,0.317,0.255,0.592,0.057,-0.736,0.253,0.439,0.114,-0.038,0.306,0.859,0.411,0.538,0.873,0.912,0.964,0.978,-0.403,-0.727,0.926,-0.2,-0.498,0.206,0.704,0.763,0.724,0.94,0.925,0.924,0.623,0.749,-0.112,-0.174,0.268,0.866,0.482,0.551,0.517,-0.365,0.686,0.819,-0.067,-0.613,-0.652,0.098,0.836,0.67,0.641,-0.149,0.816,0.783,0.711,0.223,-0.009,0.607,0.74,-0.063,-0.118,0.345,-0.352,0.914,0.877,0.749,0.385,0.835,0.898,-0.472,0.452,0.348,0.732,0.038,-0.589,0.286,0.728,0.938,0.586,0.654,0.258,-0.51,0.618,0.869,0.848,0.532,0.293,0.83,0.755,0.773,0.699,0.246,-0.219,-0.263,0.286,0.977,0.697,0.79,-0.35,0.799,0.703,0.794,0.687,0.223,0.759,0.218,0.842,0.527,-0.237,0.875,0.588,0.936,0.442,-0.234,0.507,0.576,0.235,0.468,0.742,0.007,-0.195,0.765,0.391,-0.405,0.856,0.775,0.248,0.58,0.903,0.904,0.957,0.708,0.832,0.781,0.315,0.781,0.018,0.92,-0.281,0.526,0.646,0.792,0.859,0.418,0.8,0.349,0.355,0.802,-0.28,0.911,0.841,0.299,0.553,0.676,0.593,0.779,0.077,0.811,0.805,-0.184,0.926,-0.142,0.592,0.889,0.588,0.286,0.899,0.157,0.42,0.686,0.027,0.304,0.799,0.579,0.847,0.556,0.205,0.415,-0.449,0.835,0.971,-0.043,0.504,0.709,-0.536,0.883,0.504,0.885,0.608,0.972,0.972,0.915,0.906,0.15,0.94,0.655,-0.328,0.943,0.786
000338SZ,0.946,0.689,0.657,0.886,0.932,1.0,0.029,0.292,0.072,0.939,0.869,0.951,-0.255,0.929,0.348,0.966,0.868,0.913,0.951,0.881,0.216,0.442,0.332,0.805,0.181,-0.596,0.471,0.468,0.324,0.01,0.471,0.851,0.465,0.724,0.94,0.927,0.953,0.899,-0.575,-0.706,0.845,-0.135,-0.384,0.308,0.851,0.92,0.794,0.983,0.82,0.839,0.738,0.919,-0.192,0.094,0.345,0.955,0.481,0.735,0.719,-0.128,0.79,0.889,0.098,-0.402,-0.428,0.325,0.92,0.669,0.818,0.038,0.894,0.917,0.866,0.44,0.08,0.799,0.797,0.109,0.081,0.413,-0.301,0.86,0.917,0.922,0.611,0.92,0.948,-0.426,0.657,0.539,0.798,0.158,-0.476,0.088,0.861,0.85,0.426,0.789,0.499,-0.36,0.816,0.965,0.954,0.486,0.479,0.923,0.699,0.882,0.869,0.333,-0.082,-0.207,0.481,0.97,0.867,0.898,-0.131,0.903,0.764,0.798,0.849,0.485,0.568,0.314,0.856,0.703,-0.464,0.953,0.776,0.974,0.649,0.007,0.292,0.767,0.437,0.409,0.652,0.161,-0.031,0.712,0.573,-0.45,0.827,0.893,0.271,0.754,0.984,0.947,0.961,0.808,0.933,0.716,0.536,0.916,0.031,0.953,-0.115,0.576,0.774,0.902,0.931,0.461,0.918,0.511,0.55,0.917,-0.33,0.945,0.765,0.396,0.718,0.802,0.71,0.923,-0.044,0.941,0.949,-0.069,0.975,0.073,0.503,0.921,0.418,0.406,0.955,0.361,0.666,0.868,0.239,0.129,0.904,0.75,0.945,0.51,0.418,0.398,-0.283,0.831,0.907,0.126,0.657,0.567,-0.668,0.904,0.649,0.896,0.757,0.943,0.936,0.891,0.883,0.393,0.869,0.718,-0.134,0.95,0.875
000538SZ,-0.121,-0.275,0.368,0.248,-0.127,0.029,1.0,-0.339,-0.502,0.166,0.102,0.005,0.873,-0.045,0.74,-0.062,0.285,0.243,0.234,0.16,-0.103,0.505,0.737,0.396,0.873,0.677,0.406,0.531,0.884,0.758,0.554,-0.268,0.412,0.153,0.205,0.013,0.032,-0.157,-0.012,0.516,-0.221,0.614,0.839,0.174,0.133,0.326,-0.301,0.048,-0.334,-0.19,0.201,0.317,-0.393,0.356,0.379,0.15,-0.274,0.585,0.417,0.312,0.466,0.238,0.89,0.683,0.523,0.554,0.159,0.399,0.321,0.754,0.341,0.348,0.358,0.568,0.441,0.464,0.415,0.73,0.347,0.797,0.775,0.022,0.072,0.138,0.463,0.174,-0.004,0.127,0.593,0.518,-0.087,-0.106,-0.159,-0.037,0.395,-0.248,-0.324,0.316,0.616,0.821,0.41,0.227,0.027,0.306,0.82,0.299,-0.393,0.409,0.288,0.812,0.919,0.528,0.807,-0.099,0.196,0.324,0.547,0.277,0.197,0.367,0.345,0.269,-0.381,0.752,0.252,0.595,-0.247,0.191,0.085,0.021,0.452,0.552,-0.432,0.283,0.207,0.481,0.02,-0.206,0.473,-0.06,0.532,0.299,-0.114,0.3,0.184,0.403,0.091,0.185,-0.014,0.068,0.182,-0.274,0.411,0.211,-0.24,0.096,0.783,-0.099,0.396,0.283,0.042,-0.27,0.14,0.586,0.774,0.18,0.325,0.074,-0.329,0.343,0.42,0.389,0.238,0.271,-0.57,0.201,0.214,0.437,0.068,0.081,0.313,-0.033,-0.243,-0.059,-0.002,0.043,0.582,0.381,0.535,-0.04,0.07,0.299,0.101,-0.445,0.486,-0.192,0.405,-0.001,-0.032,0.925,0.016,-0.059,-0.035,0.086,-0.017,-0.32,0.514,-0.043,-0.118,-0.2,-0.03,0.644,-0.204,0.6,0.569,0.117,0.379
000568SZ,0.493,0.526,-0.308,-0.003,0.481,0.292,-0.339,1.0,0.844,0.047,0.272,0.377,-0.475,0.163,-0.542,0.385,-0.008,0.164,0.156,-0.055,0.917,-0.499,-0.281,0.033,-0.205,-0.615,-0.521,0.135,-0.294,-0.194,-0.164,0.617,0.313,-0.202,0.346,0.551,0.35,0.548,0.455,-0.532,0.672,-0.052,-0.449,0.371,0.185,0.083,0.429,0.358,0.638,0.665,0.25,0.118,0.602,-0.355,-0.564,0.303,0.68,-0.125,-0.291,-0.298,-0.027,0.149,-0.137,-0.685,-0.605,-0.211,0.291,0.561,0.093,-0.68,0.311,0.036,-0.044,-0.227,-0.655,0.023,0.066,-0.402,-0.233,0.03,-0.492,0.566,0.21,0.051,-0.313,0.113,0.145,0.093,-0.302,-0.337,0.054,0.291,-0.234,0.712,-0.063,0.66,0.181,-0.156,-0.295,-0.603,-0.058,0.163,0.298,0.439,-0.163,0.073,0.483,0.128,-0.137,-0.129,-0.45,-0.53,-0.371,0.404,-0.111,-0.004,-0.607,0.199,0.055,0.136,-0.003,-0.292,0.898,-0.177,0.118,-0.078,0.62,0.223,-0.187,0.349,-0.023,-0.68,0.974,-0.053,-0.45,0.407,0.395,0.164,-0.355,0.263,0.117,0.22,0.411,0.039,-0.219,-0.149,0.247,0.282,0.36,0.045,0.059,0.446,-0.288,0.156,-0.372,0.195,-0.571,-0.047,-0.019,0.021,0.08,-0.161,-0.006,-0.357,-0.274,0.023,-0.105,0.468,0.736,-0.36,-0.297,0.067,0.286,0.008,0.183,0.111,0.072,-0.115,0.206,-0.511,0.35,0.29,0.413,-0.178,0.403,-0.089,-0.177,-0.012,-0.622,0.828,-0.011,0.075,0.041,0.492,-0.485,0.233,-0.57,0.58,0.437,-0.333,-0.003,0.844,0.42,0.532,0.076,0.495,0.032,0.322,0.573,0.545,0.632,-0.509,0.659,0.056,-0.567,0.4,0.258
000596SZ,0.314,0.556,-0.428,-0.147,0.33,0.072,-0.502,0.844,1.0,-0.1,0.008,0.205,-0.598,0.097,-0.692,0.146,-0.116,0.029,-0.054,-0.132,0.736,-0.459,-0.297,-0.269,-0.333,-0.592,-0.541,0.11,-0.477,-0.209,-0.291,0.373,0.199,-0.409,0.063,0.277,0.157,0.395,0.571,-0.378,0.45,-0.299,-0.536,0.212,-0.174,-0.149,0.188,0.11,0.525,0.499,-0.097,-0.149,0.497,-0.561,-0.466,0.054,0.55,-0.35,-0.401,-0.354,-0.139,0.039,-0.393,-0.766,-0.631,-0.365,0.048,0.234,-0.136,-0.672,0.062,-0.168,-0.184,-0.411,-0.462,-0.203,-0.065,-0.46,-0.316,-0.17,-0.404,0.32,0.11,-0.164,-0.413,-0.05,0.04,0.201,-0.519,-0.346,0.097,-0.074,-0.15,0.627,-0.216,0.453,0.392,-0.222,-0.403,-0.645,-0.246,-0.088,0.05,0.175,-0.394,-0.103,0.459,-0.155,-0.271,-0.282,-0.58,-0.355,-0.524,0.23,-0.227,-0.174,-0.521,0.012,-0.149,0.001,-0.189,-0.354,0.759,-0.178,0.052,-0.324,0.675,-0.026,-0.256,0.167,-0.426,-0.618,0.87,-0.235,-0.41,0.294,0.338,-0.056,-0.602,0.21,-0.15,0.138,0.404,-0.109,-0.027,-0.379,-0.007,0.107,0.161,-0.012,-0.076,0.462,-0.422,-0.097,-0.248,0.038,-0.541,-0.082,-0.1,-0.181,-0.025,-0.176,-0.104,-0.351,-0.45,-0.104,0.131,0.201,0.517,-0.287,-0.359,-0.069,0.085,-0.229,0.429,-0.065,-0.133,-0.25,0.055,-0.555,0.303,0.144,0.572,-0.125,0.185,-0.467,-0.409,-0.228,-0.643,0.637,-0.143,-0.105,-0.1,0.328,-0.512,0.198,-0.454,0.275,0.305,-0.545,-0.235,0.635,0.42,0.219,-0.058,0.278,-0.178,0.195,0.362,0.392,0.373,-0.584,0.437,-0.135,-0.674,0.228,0.024
000617SZ,0.848,0.593,0.796,0.958,0.824,0.939,0.166,0.047,-0.1,1.0,0.791,0.878,-0.118,0.913,0.538,0.863,0.951,0.922,0.95,0.935,-0.017,0.614,0.476,0.83,0.289,-0.422,0.659,0.511,0.461,0.114,0.541,0.673,0.404,0.784,0.858,0.797,0.867,0.784,-0.663,-0.556,0.653,-0.145,-0.257,0.221,0.771,0.927,0.674,0.897,0.668,0.677,0.654,0.927,-0.376,0.167,0.518,0.902,0.298,0.812,0.867,-0.032,0.88,0.924,0.154,-0.231,-0.277,0.413,0.833,0.546,0.803,0.255,0.87,0.953,0.928,0.521,0.293,0.825,0.811,0.232,0.158,0.451,-0.133,0.735,0.932,0.945,0.769,0.961,0.958,-0.356,0.791,0.732,0.86,0.036,-0.387,-0.08,0.935,0.681,0.441,0.913,0.679,-0.184,0.863,0.941,0.892,0.397,0.577,0.935,0.585,0.865,0.946,0.409,0.05,-0.015,0.633,0.88,0.947,0.951,0.044,0.913,0.715,0.785,0.866,0.616,0.33,0.456,0.889,0.767,-0.607,0.889,0.89,0.906,0.626,0.257,0.044,0.825,0.635,0.379,0.618,0.09,0.089,0.699,0.545,-0.485,0.75,0.946,0.407,0.822,0.927,0.924,0.896,0.886,0.981,0.653,0.693,0.88,0.173,0.939,0.125,0.624,0.886,0.932,0.962,0.521,0.964,0.702,0.686,0.979,-0.201,0.831,0.575,0.582,0.859,0.878,0.66,0.93,-0.051,0.965,0.966,-0.075,0.964,0.219,0.498,0.895,0.385,0.52,0.857,0.328,0.742,0.919,0.467,-0.09,0.924,0.827,0.969,0.399,0.637,0.396,-0.054,0.665,0.816,0.248,0.608,0.357,-0.772,0.766,0.628,0.744,0.769,0.878,0.792,0.763,0.724,0.603,0.695,0.741,0.03,0.884,0.848
000625SZ,0.767,0.407,0.742,0.806,0.738,0.869,0.102,0.272,0.008,0.791,1.0,0.765,-0.146,0.74,0.422,0.851,0.727,0.725,0.877,0.77,0.178,0.339,0.282,0.861,0.199,-0.438,0.416,0.343,0.365,0.012,0.527,0.828,0.548,0.76,0.849,0.833,0.8,0.726,-0.472,-0.619,0.705,-0.059,-0.241,0.515,0.884,0.883,0.8,0.88,0.587,0.652,0.872,0.861,-0.16,0.453,0.218,0.906,0.665,0.769,0.642,0.215,0.671,0.727,0.216,-0.196,-0.096,0.553,0.884,0.62,0.901,0.071,0.836,0.826,0.807,0.684,0.008,0.855,0.689,0.29,0.43,0.379,-0.287,0.744,0.701,0.868,0.638,0.754,0.74,-0.337,0.574,0.461,0.696,0.269,-0.405,-0.001,0.761,0.657,0.117,0.65,0.557,-0.24,0.835,0.842,0.903,0.428,0.517,0.816,0.505,0.823,0.795,0.364,-0.058,-0.21,0.447,0.79,0.759,0.724,0.026,0.848,0.643,0.641,0.847,0.467,0.414,0.268,0.65,0.646,-0.412,0.901,0.734,0.892,0.704,0.115,0.234,0.823,0.479,0.353,0.36,0.281,-0.071,0.417,0.754,-0.258,0.75,0.785,0.049,0.772,0.856,0.782,0.765,0.685,0.761,0.462,0.572,0.946,-0.185,0.783,-0.075,0.382,0.663,0.769,0.732,0.261,0.767,0.441,0.525,0.762,-0.28,0.896,0.669,0.236,0.593,0.709,0.836,0.846,-0.223,0.818,0.86,0.316,0.795,0.042,0.318,0.725,0.168,0.182,0.91,0.501,0.785,0.833,0.297,0.109,0.729,0.754,0.772,0.404,0.411,0.21,-0.141,0.774,0.736,0.212,0.79,0.514,-0.493,0.874,0.793,0.821,0.778,0.737,0.799,0.702,0.778,0.415,0.718,0.627,0.082,0.822,0.824
000651SZ,0.959,0.786,0.519,0.795,0.978,0.951,0.005,0.377,0.205,0.878,0.765,1.0,-0.294,0.898,0.23,0.928,0.813,0.935,0.894,0.812,0.349,0.421,0.378,0.675,0.174,-0.624,0.392,0.483,0.246,0.075,0.363,0.814,0.431,0.6,0.907,0.901,0.973,0.954,-0.467,-0.661,0.872,-0.094,-0.37,0.193,0.744,0.824,0.695,0.952,0.861,0.878,0.65,0.812,-0.216,-0.089,0.363,0.911,0.397,0.674,0.607,-0.325,0.766,0.859,0.037,-0.489,-0.553,0.179,0.847,0.695,0.691,-0.001,0.872,0.86,0.789,0.313,0.084,0.682,0.8,0.058,-0.064,0.45,-0.245,0.904,0.895,0.805,0.489,0.881,0.916,-0.492,0.588,0.444,0.745,0.027,-0.617,0.229,0.818,0.884,0.545,0.725,0.363,-0.377,0.699,0.914,0.872,0.563,0.407,0.888,0.686,0.845,0.776,0.36,-0.088,-0.183,0.426,0.964,0.76,0.859,-0.255,0.858,0.751,0.861,0.752,0.286,0.662,0.311,0.884,0.629,-0.309,0.915,0.648,0.949,0.513,-0.117,0.393,0.638,0.319,0.489,0.719,0.001,-0.091,0.76,0.45,-0.38,0.822,0.831,0.267,0.68,0.928,0.933,0.96,0.731,0.883,0.724,0.392,0.834,0.012,0.946,-0.164,0.535,0.708,0.861,0.896,0.414,0.847,0.451,0.494,0.855,-0.283,0.913,0.766,0.383,0.645,0.731,0.609,0.835,-0.001,0.854,0.855,-0.116,0.95,-0.082,0.609,0.888,0.508,0.287,0.896,0.22,0.53,0.764,0.14,0.237,0.842,0.636,0.893,0.475,0.321,0.376,-0.363,0.82,0.961,0.101,0.531,0.64,-0.592,0.885,0.522,0.847,0.677,0.971,0.942,0.875,0.878,0.278,0.892,0.735,-0.207,0.955,0.841
000661SZ,-0.425,-0.544,0.158,-0.017,-0.424,-0.255,0.873,-0.475,-0.598,-0.118,-0.146,-0.294,1.0,-0.341,0.649,-0.345,0.012,-0.058,-0.049,-0.097,-0.189,0.376,0.619,0.166,0.8,0.866,0.316,0.384,0.791,0.78,0.387,-0.511,0.293,-0.067,-0.052,-0.286,-0.27,-0.461,0.137,0.71,-0.481,0.67,0.935,0.139,-0.063,0.066,-0.498,-0.233,-0.604,-0.459,0.024,0.069,-0.277,0.351,0.274,-0.138,-0.393,0.355,0.229,0.426,0.219,-0.032,0.858,0.841,0.681,0.509,-0.085,0.153,0.094,0.707,0.063,0.073,0.12,0.429,0.409,0.229,0.183,0.665,0.362,0.63,0.848,-0.286,-0.214,-0.118,0.295,-0.11,-0.299,0.237,0.403,0.361,-0.347,-0.047,-0.0,-0.048,0.124,-0.517,-0.508,0.062,0.455,0.926,0.19,-0.043,-0.237,0.201,0.669,0.017,-0.574,0.12,0.023,0.701,0.948,0.527,0.634,-0.393,-0.064,0.038,0.582,0.011,-0.078,0.103,0.127,0.156,-0.576,0.627,-0.052,0.39,-0.15,-0.082,-0.138,-0.277,0.317,0.57,-0.562,0.04,0.056,0.304,-0.229,-0.2,0.539,-0.259,0.376,0.478,-0.382,0.02,0.071,0.169,-0.2,-0.114,-0.317,-0.2,-0.095,-0.486,0.239,-0.033,-0.29,-0.204,0.791,-0.283,0.142,0.003,-0.237,-0.421,-0.135,0.392,0.593,-0.1,0.319,-0.203,-0.581,0.196,0.215,0.14,0.048,0.01,-0.605,-0.078,-0.045,0.459,-0.236,0.112,0.174,-0.337,-0.488,-0.176,-0.278,0.057,0.381,0.14,0.439,-0.061,-0.203,0.091,-0.17,-0.632,0.368,-0.371,0.445,-0.277,-0.354,0.861,-0.093,-0.268,0.13,-0.176,-0.156,-0.556,0.304,-0.356,-0.404,-0.467,-0.321,0.55,-0.484,0.367,0.55,-0.187,0.099
000708SZ,0.888,0.75,0.625,0.856,0.892,0.929,-0.045,0.163,0.097,0.913,0.74,0.898,-0.341,1.0,0.289,0.875,0.864,0.896,0.885,0.924,0.057,0.547,0.337,0.658,0.087,-0.619,0.509,0.476,0.228,-0.018,0.43,0.741,0.396,0.665,0.811,0.799,0.893,0.835,-0.595,-0.623,0.75,-0.274,-0.462,0.163,0.714,0.839,0.701,0.884,0.815,0.774,0.528,0.814,-0.306,-0.005,0.482,0.835,0.371,0.638,0.724,-0.202,0.772,0.876,-0.067,-0.451,-0.494,0.216,0.828,0.475,0.725,0.085,0.764,0.855,0.829,0.339,0.256,0.701,0.751,0.084,-0.009,0.296,-0.261,0.729,0.919,0.855,0.583,0.884,0.962,-0.429,0.589,0.573,0.892,-0.058,-0.433,-0.031,0.826,0.77,0.602,0.81,0.459,-0.39,0.758,0.879,0.858,0.273,0.35,0.887,0.754,0.768,0.867,0.238,-0.138,-0.042,0.439,0.932,0.895,0.882,-0.053,0.829,0.759,0.775,0.79,0.531,0.492,0.323,0.878,0.587,-0.523,0.856,0.797,0.915,0.44,0.059,0.186,0.679,0.518,0.316,0.701,0.073,-0.147,0.746,0.444,-0.637,0.865,0.865,0.492,0.671,0.904,0.893,0.906,0.829,0.923,0.787,0.504,0.805,0.192,0.924,-0.1,0.662,0.773,0.843,0.947,0.579,0.951,0.565,0.486,0.914,-0.24,0.828,0.653,0.479,0.761,0.761,0.608,0.869,0.166,0.896,0.885,-0.192,0.957,0.127,0.459,0.897,0.578,0.525,0.853,0.166,0.562,0.779,0.272,-0.063,0.94,0.649,0.951,0.446,0.456,0.436,-0.232,0.683,0.886,0.01,0.591,0.424,-0.76,0.738,0.554,0.81,0.66,0.93,0.851,0.87,0.769,0.38,0.775,0.648,-0.198,0.877,0.782
000725SZ,0.113,-0.182,0.803,0.638,0.084,0.348,0.74,-0.542,-0.692,0.538,0.422,0.23,0.649,0.289,1.0,0.206,0.632,0.472,0.534,0.538,-0.438,0.734,0.724,0.707,0.721,0.456,0.742,0.443,0.868,0.544,0.69,-0.048,0.344,0.624,0.393,0.18,0.264,0.04,-0.501,0.196,-0.104,0.295,0.531,0.189,0.39,0.636,-0.002,0.327,-0.193,-0.106,0.443,0.608,-0.601,0.582,0.63,0.429,-0.167,0.805,0.782,0.492,0.691,0.51,0.667,0.648,0.558,0.731,0.403,0.263,0.611,0.85,0.509,0.647,0.693,0.802,0.614,0.723,0.596,0.809,0.582,0.606,0.533,0.148,0.363,0.544,0.804,0.501,0.364,-0.115,0.817,0.799,0.338,-0.1,-0.169,-0.372,0.716,-0.119,-0.142,0.675,0.864,0.633,0.714,0.517,0.337,0.226,0.832,0.584,-0.214,0.586,0.676,0.688,0.688,0.491,0.901,0.17,0.605,0.579,0.65,0.535,0.348,0.448,0.637,0.58,-0.452,0.707,0.476,0.775,-0.651,0.457,0.6,0.327,0.63,0.783,-0.605,0.65,0.668,0.288,0.056,-0.12,0.483,0.112,0.595,-0.055,0.126,0.629,0.247,0.779,0.392,0.431,0.237,0.459,0.531,-0.112,0.764,0.533,0.008,0.413,0.78,0.159,0.666,0.605,0.407,0.156,0.509,0.834,0.87,0.557,0.194,0.279,-0.213,0.614,0.758,0.646,0.431,0.606,-0.522,0.544,0.575,0.395,0.391,0.293,0.237,0.275,-0.218,0.192,0.284,0.287,0.852,0.702,0.812,-0.371,0.425,0.643,0.463,-0.273,0.813,-0.073,0.494,0.101,0.143,0.794,0.374,-0.214,-0.508,0.236,0.371,-0.006,0.692,0.22,0.065,-0.024,0.066,0.935,-0.07,0.636,0.685,0.322,0.544
000768SZ,0.946,0.693,0.557,0.776,0.929,0.966,-0.062,0.385,0.146,0.863,0.851,0.928,-0.345,0.875,0.206,1.0,0.741,0.836,0.885,0.784,0.293,0.281,0.182,0.754,0.067,-0.696,0.322,0.338,0.192,-0.137,0.344,0.904,0.379,0.677,0.932,0.953,0.94,0.909,-0.54,-0.791,0.906,-0.103,-0.456,0.282,0.849,0.841,0.838,0.968,0.846,0.886,0.719,0.848,-0.11,0.06,0.193,0.933,0.517,0.634,0.577,-0.225,0.653,0.774,0.044,-0.497,-0.515,0.199,0.883,0.677,0.754,-0.123,0.841,0.839,0.75,0.358,-0.099,0.712,0.704,-0.022,-0.019,0.338,-0.431,0.886,0.835,0.876,0.479,0.84,0.885,-0.456,0.571,0.378,0.712,0.26,-0.438,0.129,0.752,0.898,0.352,0.663,0.355,-0.48,0.704,0.906,0.952,0.461,0.389,0.836,0.704,0.839,0.777,0.266,-0.173,-0.377,0.335,0.96,0.766,0.811,-0.289,0.815,0.718,0.729,0.751,0.388,0.648,0.167,0.76,0.634,-0.396,0.92,0.674,0.936,0.663,-0.171,0.402,0.675,0.297,0.336,0.597,0.262,-0.09,0.626,0.508,-0.427,0.776,0.78,0.142,0.654,0.956,0.879,0.949,0.706,0.84,0.681,0.406,0.862,0.0,0.888,-0.27,0.543,0.642,0.85,0.859,0.423,0.833,0.347,0.427,0.815,-0.436,0.92,0.853,0.223,0.563,0.671,0.648,0.861,-0.04,0.863,0.878,-0.067,0.914,0.059,0.416,0.883,0.374,0.359,0.939,0.406,0.559,0.771,0.118,0.196,0.853,0.64,0.881,0.595,0.236,0.39,-0.366,0.9,0.9,0.038,0.611,0.648,-0.58,0.916,0.612,0.926,0.659,0.913,0.957,0.902,0.923,0.215,0.924,0.635,-0.162,0.916,0.811
000776SZ,0.765,0.532,0.799,0.975,0.753,0.868,0.285,-0.008,-0.116,0.951,0.727,0.813,0.012,0.864,0.632,0.741,1.0,0.917,0.919,0.917,-0.053,0.715,0.615,0.797,0.444,-0.271,0.678,0.645,0.585,0.291,0.683,0.547,0.517,0.746,0.788,0.706,0.806,0.708,-0.573,-0.384,0.54,-0.145,-0.124,0.275,0.659,0.92,0.511,0.828,0.572,0.566,0.626,0.897,-0.426,0.168,0.61,0.832,0.267,0.838,0.912,0.095,0.952,0.973,0.25,-0.11,-0.152,0.535,0.812,0.536,0.814,0.402,0.852,0.935,0.957,0.605,0.45,0.853,0.859,0.389,0.289,0.528,0.06,0.67,0.921,0.867,0.828,0.942,0.915,-0.277,0.773,0.842,0.845,-0.155,-0.44,-0.063,0.957,0.568,0.461,0.952,0.768,-0.021,0.893,0.902,0.784,0.419,0.654,0.94,0.482,0.827,0.933,0.493,0.173,0.194,0.732,0.8,0.929,0.938,0.208,0.917,0.658,0.793,0.882,0.603,0.243,0.623,0.922,0.786,-0.568,0.839,0.866,0.858,0.557,0.418,-0.033,0.833,0.686,0.513,0.632,-0.106,0.096,0.697,0.591,-0.417,0.758,0.988,0.482,0.845,0.858,0.916,0.812,0.891,0.967,0.605,0.764,0.843,0.112,0.915,0.309,0.542,0.949,0.899,0.916,0.46,0.935,0.82,0.75,0.976,0.029,0.789,0.436,0.695,0.927,0.957,0.708,0.892,-0.108,0.949,0.938,-0.028,0.926,0.097,0.588,0.845,0.433,0.456,0.803,0.141,0.786,0.928,0.534,-0.095,0.849,0.862,0.913,0.238,0.751,0.35,0.025,0.546,0.762,0.349,0.556,0.302,-0.736,0.693,0.598,0.615,0.827,0.83,0.704,0.668,0.629,0.732,0.583,0.795,0.071,0.858,0.857
000786SZ,0.868,0.685,0.647,0.878,0.884,0.913,0.243,0.164,0.029,0.922,0.725,0.935,-0.058,0.896,0.472,0.836,0.917,1.0,0.934,0.89,0.174,0.657,0.612,0.748,0.393,-0.406,0.579,0.656,0.48,0.294,0.533,0.643,0.51,0.649,0.884,0.815,0.933,0.844,-0.51,-0.454,0.721,-0.0,-0.163,0.16,0.689,0.895,0.525,0.906,0.715,0.743,0.608,0.858,-0.425,0.009,0.575,0.893,0.253,0.8,0.767,-0.193,0.908,0.933,0.211,-0.252,-0.372,0.34,0.839,0.678,0.765,0.297,0.903,0.943,0.903,0.474,0.35,0.805,0.92,0.304,0.063,0.591,0.027,0.82,0.906,0.817,0.654,0.908,0.916,-0.442,0.735,0.666,0.78,-0.131,-0.628,0.118,0.935,0.725,0.522,0.848,0.576,-0.128,0.815,0.933,0.81,0.529,0.604,0.968,0.559,0.893,0.876,0.544,0.156,0.113,0.657,0.89,0.843,0.935,0.002,0.9,0.775,0.933,0.826,0.419,0.45,0.563,0.972,0.771,-0.462,0.904,0.71,0.914,0.549,0.146,0.162,0.713,0.473,0.567,0.722,-0.148,0.014,0.747,0.534,-0.389,0.804,0.923,0.432,0.795,0.9,0.963,0.899,0.765,0.932,0.648,0.531,0.834,0.021,0.949,0.138,0.525,0.847,0.925,0.902,0.395,0.909,0.7,0.705,0.914,-0.084,0.859,0.568,0.543,0.828,0.848,0.643,0.897,-0.097,0.895,0.902,-0.026,0.951,-0.045,0.676,0.855,0.496,0.323,0.828,0.129,0.682,0.849,0.364,0.084,0.871,0.723,0.922,0.26,0.538,0.309,-0.203,0.72,0.908,0.322,0.5,0.507,-0.681,0.809,0.471,0.681,0.798,0.926,0.833,0.762,0.783,0.526,0.748,0.871,-0.025,0.938,0.916
000800SZ,0.861,0.552,0.76,0.935,0.845,0.951,0.234,0.156,-0.054,0.95,0.877,0.894,-0.049,0.885,0.534,0.885,0.919,0.934,1.0,0.923,0.126,0.607,0.519,0.87,0.359,-0.398,0.618,0.589,0.516,0.218,0.613,0.737,0.558,0.755,0.919,0.852,0.898,0.796,-0.553,-0.517,0.718,-0.014,-0.183,0.323,0.827,0.971,0.683,0.935,0.677,0.714,0.769,0.95,-0.316,0.237,0.486,0.949,0.423,0.859,0.828,0.032,0.885,0.923,0.248,-0.196,-0.238,0.517,0.91,0.656,0.889,0.26,0.932,0.969,0.945,0.62,0.262,0.899,0.87,0.327,0.247,0.527,-0.094,0.787,0.893,0.916,0.746,0.919,0.904,-0.347,0.767,0.679,0.802,0.083,-0.499,0.064,0.937,0.702,0.343,0.852,0.679,-0.138,0.902,0.963,0.913,0.535,0.654,0.969,0.585,0.91,0.919,0.511,0.107,-0.013,0.656,0.891,0.906,0.937,0.048,0.951,0.768,0.85,0.903,0.563,0.398,0.503,0.878,0.794,-0.542,0.943,0.811,0.943,0.692,0.219,0.134,0.853,0.566,0.499,0.626,0.093,0.086,0.688,0.679,-0.355,0.803,0.941,0.355,0.836,0.931,0.939,0.89,0.814,0.946,0.627,0.649,0.939,-0.028,0.921,0.107,0.527,0.861,0.922,0.907,0.394,0.935,0.664,0.718,0.94,-0.193,0.912,0.615,0.465,0.83,0.882,0.771,0.955,-0.153,0.944,0.968,0.078,0.95,0.097,0.574,0.855,0.363,0.369,0.895,0.345,0.791,0.923,0.402,0.05,0.889,0.826,0.941,0.346,0.583,0.297,-0.139,0.749,0.845,0.306,0.665,0.488,-0.682,0.857,0.608,0.756,0.857,0.873,0.842,0.774,0.796,0.579,0.74,0.821,0.026,0.926,0.936
000807SZ,0.759,0.524,0.796,0.926,0.755,0.881,0.16,-0.055,-0.132,0.935,0.77,0.812,-0.097,0.924,0.538,0.784,0.917,0.89,0.923,1.0,-0.115,0.743,0.529,0.764,0.264,-0.356,0.751,0.544,0.448,0.184,0.576,0.612,0.457,0.748,0.775,0.693,0.807,0.681,-0.652,-0.419,0.559,-0.12,-0.215,0.183,0.74,0.903,0.618,0.823,0.61,0.583,0.581,0.87,-0.461,0.247,0.65,0.84,0.299,0.808,0.872,0.032,0.853,0.892,0.096,-0.166,-0.207,0.456,0.805,0.421,0.827,0.353,0.783,0.917,0.933,0.555,0.465,0.828,0.812,0.336,0.225,0.384,-0.056,0.591,0.873,0.894,0.785,0.881,0.908,-0.38,0.745,0.739,0.904,-0.097,-0.41,-0.183,0.914,0.564,0.45,0.887,0.681,-0.112,0.893,0.875,0.841,0.267,0.537,0.934,0.603,0.805,0.956,0.39,0.067,0.15,0.646,0.826,0.966,0.93,0.214,0.887,0.79,0.811,0.879,0.68,0.235,0.465,0.862,0.685,-0.678,0.856,0.885,0.872,0.516,0.349,-0.066,0.812,0.716,0.302,0.577,0.086,0.032,0.67,0.579,-0.569,0.798,0.915,0.544,0.793,0.854,0.86,0.806,0.827,0.938,0.636,0.664,0.867,0.151,0.874,0.138,0.653,0.848,0.865,0.93,0.526,0.985,0.719,0.685,0.943,-0.192,0.772,0.445,0.56,0.898,0.829,0.68,0.918,0.039,0.905,0.921,0.021,0.918,0.237,0.418,0.806,0.403,0.509,0.787,0.259,0.753,0.871,0.49,-0.222,0.945,0.728,0.96,0.263,0.673,0.331,-0.057,0.565,0.78,0.225,0.682,0.248,-0.822,0.673,0.585,0.673,0.774,0.826,0.713,0.718,0.633,0.618,0.589,0.72,0.017,0.814,0.826
000858SZ,0.4,0.451,-0.375,-0.076,0.41,0.216,-0.103,0.917,0.736,-0.017,0.178,0.349,-0.189,0.057,-0.438,0.293,-0.053,0.174,0.126,-0.115,1.0,-0.396,-0.063,-0.002,0.022,-0.382,-0.454,0.277,-0.104,0.106,-0.151,0.466,0.406,-0.327,0.349,0.477,0.305,0.459,0.563,-0.309,0.586,0.213,-0.164,0.341,0.144,0.057,0.252,0.294,0.521,0.602,0.23,0.098,0.551,-0.407,-0.472,0.258,0.5,-0.048,-0.303,-0.34,0.022,0.119,0.09,-0.502,-0.518,-0.166,0.248,0.644,0.045,-0.516,0.333,0.037,-0.047,-0.221,-0.547,0.018,0.143,-0.254,-0.274,0.257,-0.218,0.521,0.145,-0.047,-0.335,0.056,0.045,0.114,-0.206,-0.321,-0.115,0.265,-0.324,0.847,-0.048,0.565,0.099,-0.186,-0.276,-0.349,-0.063,0.151,0.203,0.616,-0.007,0.069,0.358,0.164,-0.192,0.107,-0.156,-0.414,-0.211,0.316,-0.193,-0.002,-0.534,0.19,0.08,0.242,-0.003,-0.356,0.826,-0.01,0.115,-0.001,0.661,0.206,-0.331,0.266,0.028,-0.643,0.891,-0.133,-0.559,0.55,0.393,0.05,-0.191,0.266,0.167,0.428,0.288,-0.006,-0.192,-0.169,0.176,0.25,0.296,-0.084,0.014,0.342,-0.351,0.119,-0.499,0.142,-0.414,-0.135,-0.034,-0.0,0.008,-0.337,-0.078,-0.307,-0.119,-0.044,-0.077,0.414,0.589,-0.331,-0.287,0.049,0.21,-0.023,0.032,0.046,0.013,-0.04,0.134,-0.538,0.495,0.171,0.301,-0.277,0.3,-0.099,-0.159,-0.026,-0.597,0.928,-0.083,0.005,-0.019,0.301,-0.488,0.111,-0.532,0.524,0.372,-0.106,-0.081,0.833,0.494,0.498,-0.077,0.332,0.092,0.25,0.489,0.439,0.564,-0.446,0.56,0.196,-0.505,0.365,0.284
000876SZ,0.275,0.143,0.664,0.677,0.317,0.442,0.505,-0.499,-0.459,0.614,0.339,0.421,0.376,0.547,0.734,0.281,0.715,0.657,0.607,0.743,-0.396,1.0,0.836,0.48,0.537,0.22,0.828,0.584,0.654,0.58,0.609,0.001,0.363,0.534,0.386,0.187,0.43,0.217,-0.505,0.221,0.029,0.11,0.297,-0.07,0.338,0.616,0.011,0.394,0.094,0.067,0.289,0.545,-0.722,0.251,0.957,0.425,-0.198,0.729,0.814,0.15,0.765,0.647,0.318,0.342,0.192,0.528,0.449,0.147,0.552,0.774,0.47,0.671,0.748,0.562,0.901,0.626,0.724,0.632,0.309,0.485,0.52,0.17,0.539,0.505,0.746,0.572,0.549,-0.314,0.711,0.792,0.584,-0.453,-0.377,-0.275,0.752,0.024,0.3,0.766,0.702,0.45,0.707,0.556,0.347,0.197,0.631,0.71,0.131,0.557,0.736,0.604,0.513,0.65,0.827,0.375,0.702,0.714,0.598,0.599,0.605,0.691,0.666,0.523,-0.258,0.683,0.682,0.588,-0.699,0.507,0.615,0.448,0.318,0.672,-0.516,0.579,0.709,0.298,0.346,-0.322,0.256,0.452,0.426,-0.334,0.416,0.69,0.638,0.666,0.447,0.536,0.376,0.531,0.656,0.23,0.606,0.528,0.154,0.552,0.6,0.427,0.7,0.618,0.602,0.331,0.692,0.824,0.782,0.665,0.143,0.343,-0.171,0.675,0.875,0.648,0.374,0.658,-0.139,0.574,0.594,0.184,0.56,0.212,0.405,0.393,0.188,0.333,0.309,0.009,0.653,0.628,0.727,-0.424,0.634,0.469,0.643,-0.249,0.797,0.037,0.211,0.087,0.394,0.528,0.42,-0.165,-0.713,0.228,0.244,0.089,0.656,0.442,0.203,0.182,0.127,0.795,0.049,0.691,0.304,0.435,0.567
000895SZ,0.2,0.108,0.527,0.548,0.255,0.332,0.737,-0.281,-0.297,0.476,0.282,0.378,0.619,0.337,0.724,0.182,0.615,0.612,0.519,0.529,-0.063,0.836,1.0,0.455,0.811,0.394,0.664,0.746,0.829,0.849,0.601,-0.063,0.554,0.305,0.41,0.198,0.38,0.208,-0.154,0.349,0.023,0.36,0.569,0.099,0.242,0.543,-0.145,0.333,0.007,0.082,0.297,0.484,-0.61,0.162,0.758,0.394,-0.159,0.75,0.658,0.149,0.775,0.599,0.632,0.413,0.263,0.571,0.406,0.419,0.488,0.773,0.558,0.607,0.669,0.584,0.739,0.612,0.76,0.718,0.321,0.785,0.737,0.243,0.43,0.348,0.652,0.466,0.367,-0.139,0.671,0.726,0.343,-0.437,-0.51,0.034,0.684,0.006,0.159,0.626,0.678,0.617,0.628,0.483,0.251,0.438,0.791,0.629,-0.061,0.58,0.571,0.856,0.737,0.645,0.875,0.254,0.472,0.597,0.534,0.59,0.431,0.72,0.595,0.291,-0.162,0.876,0.644,0.647,-0.363,0.46,0.352,0.368,0.319,0.581,-0.332,0.444,0.44,0.614,0.293,-0.463,0.264,0.332,0.511,0.09,0.323,0.609,0.444,0.589,0.344,0.508,0.289,0.357,0.521,0.085,0.484,0.464,-0.164,0.456,0.71,0.162,0.66,0.53,0.416,-0.077,0.489,0.79,0.85,0.509,0.326,0.346,-0.177,0.596,0.719,0.634,0.409,0.502,-0.378,0.462,0.475,0.364,0.426,-0.075,0.609,0.254,0.092,0.029,0.265,-0.112,0.646,0.578,0.605,-0.05,0.381,0.455,0.444,-0.404,0.67,-0.08,0.224,0.125,0.355,0.773,0.227,0.067,-0.363,0.291,0.172,-0.044,0.697,0.338,0.178,0.092,0.161,0.752,0.042,0.806,0.342,0.446,0.603
000938SZ,0.649,0.232,0.841,0.85,0.592,0.805,0.396,0.033,-0.269,0.83,0.861,0.675,0.166,0.658,0.707,0.754,0.797,0.748,0.87,0.764,-0.002,0.48,0.455,1.0,0.472,-0.183,0.578,0.45,0.635,0.189,0.62,0.606,0.477,0.801,0.842,0.757,0.709,0.573,-0.565,-0.445,0.525,0.178,0.026,0.421,0.796,0.928,0.59,0.803,0.391,0.493,0.762,0.921,-0.314,0.518,0.326,0.889,0.372,0.878,0.783,0.26,0.764,0.744,0.462,0.081,0.068,0.641,0.808,0.641,0.892,0.366,0.869,0.907,0.868,0.766,0.15,0.934,0.737,0.481,0.425,0.545,-0.035,0.669,0.678,0.902,0.785,0.779,0.718,-0.245,0.815,0.694,0.618,0.244,-0.33,-0.126,0.87,0.492,-0.022,0.753,0.769,0.047,0.866,0.848,0.84,0.42,0.757,0.839,0.273,0.866,0.856,0.549,0.255,-0.019,0.699,0.672,0.806,0.8,0.183,0.836,0.578,0.655,0.822,0.597,0.158,0.489,0.684,0.894,-0.552,0.832,0.761,0.781,0.836,0.346,-0.024,0.838,0.562,0.403,0.342,0.23,0.218,0.356,0.751,-0.213,0.545,0.827,0.089,0.888,0.817,0.793,0.695,0.689,0.785,0.3,0.715,0.876,-0.13,0.74,0.261,0.326,0.766,0.878,0.705,0.268,0.773,0.656,0.765,0.799,-0.153,0.766,0.473,0.36,0.735,0.794,0.756,0.88,-0.4,0.853,0.881,0.299,0.758,0.157,0.353,0.687,0.042,0.253,0.779,0.506,0.907,0.898,0.503,-0.029,0.727,0.849,0.78,0.234,0.606,0.146,0.061,0.691,0.61,0.495,0.602,0.355,-0.545,0.764,0.641,0.601,0.832,0.633,0.65,0.549,0.671,0.675,0.565,0.73,0.344,0.76,0.864
000963SZ,0.036,-0.127,0.366,0.377,0.057,0.181,0.873,-0.205,-0.333,0.289,0.199,0.174,0.8,0.087,0.721,0.067,0.444,0.393,0.359,0.264,0.022,0.537,0.811,0.472,1.0,0.55,0.406,0.734,0.912,0.837,0.686,-0.122,0.621,0.153,0.358,0.156,0.185,0.029,0.036,0.379,-0.059,0.492,0.737,0.385,0.162,0.459,-0.231,0.211,-0.173,-0.017,0.323,0.439,-0.33,0.22,0.392,0.292,-0.083,0.63,0.499,0.329,0.612,0.44,0.856,0.515,0.425,0.632,0.351,0.513,0.44,0.692,0.493,0.47,0.514,0.605,0.456,0.565,0.601,0.716,0.41,0.859,0.757,0.173,0.238,0.236,0.555,0.291,0.153,0.099,0.568,0.668,0.051,-0.209,-0.374,0.13,0.52,-0.095,-0.195,0.422,0.65,0.715,0.518,0.36,0.153,0.482,0.873,0.435,-0.259,0.484,0.365,0.848,0.853,0.475,0.835,0.059,0.264,0.425,0.46,0.425,0.169,0.493,0.481,0.234,-0.207,0.869,0.423,0.715,-0.209,0.328,0.147,0.184,0.457,0.552,-0.289,0.382,0.188,0.665,0.138,-0.343,0.288,0.083,0.615,0.34,0.109,0.438,0.189,0.471,0.208,0.374,0.107,0.184,0.314,-0.105,0.398,0.343,-0.401,0.248,0.742,-0.175,0.536,0.4,0.16,-0.365,0.245,0.66,0.799,0.305,0.397,0.236,-0.203,0.384,0.523,0.557,0.448,0.341,-0.63,0.344,0.347,0.374,0.212,-0.119,0.551,0.09,-0.127,-0.104,0.197,-0.081,0.632,0.496,0.423,0.133,0.119,0.43,0.222,-0.469,0.539,-0.251,0.237,0.08,0.129,0.874,0.041,0.112,-0.107,0.241,0.132,-0.17,0.69,0.126,0.065,-0.032,0.118,0.7,-0.038,0.727,0.371,0.32,0.511
000999SZ,-0.75,-0.752,-0.029,-0.299,-0.736,-0.596,0.677,-0.615,-0.592,-0.422,-0.438,-0.624,0.866,-0.619,0.456,-0.696,-0.271,-0.406,-0.398,-0.356,-0.382,0.22,0.394,-0.183,0.55,1.0,0.202,0.081,0.507,0.612,0.182,-0.782,0.025,-0.257,-0.477,-0.663,-0.618,-0.753,0.237,0.875,-0.809,0.464,0.904,-0.03,-0.389,-0.295,-0.707,-0.596,-0.859,-0.785,-0.242,-0.296,-0.216,0.32,0.201,-0.497,-0.526,0.038,-0.02,0.493,-0.106,-0.344,0.569,0.888,0.832,0.353,-0.448,-0.261,-0.222,0.649,-0.338,-0.29,-0.193,0.224,0.427,-0.118,-0.168,0.547,0.378,0.271,0.805,-0.644,-0.508,-0.42,0.093,-0.422,-0.578,0.332,0.082,0.149,-0.514,-0.191,0.206,-0.209,-0.2,-0.827,-0.533,-0.184,0.232,0.935,-0.111,-0.415,-0.573,-0.088,0.319,-0.329,-0.754,-0.27,-0.262,0.357,0.743,0.579,0.369,-0.715,-0.323,-0.296,0.64,-0.323,-0.327,-0.254,-0.185,0.001,-0.794,0.36,-0.369,-0.002,-0.035,-0.442,-0.303,-0.598,-0.062,0.606,-0.69,-0.169,0.028,-0.014,-0.5,-0.249,0.453,-0.478,0.068,0.487,-0.621,-0.29,-0.015,-0.1,-0.553,-0.474,-0.659,-0.403,-0.401,-0.689,0.072,-0.348,-0.158,-0.519,0.729,-0.411,-0.149,-0.358,-0.505,-0.46,-0.419,0.18,0.277,-0.383,0.384,-0.558,-0.861,0.121,-0.028,-0.168,-0.226,-0.342,-0.439,-0.404,-0.385,0.402,-0.552,0.133,-0.133,-0.629,-0.589,-0.259,-0.598,-0.083,0.101,-0.189,0.361,-0.241,-0.485,-0.184,-0.473,-0.745,0.261,-0.45,0.551,-0.654,-0.672,0.618,-0.25,-0.601,0.256,-0.553,-0.302,-0.8,-0.034,-0.654,-0.748,-0.769,-0.698,0.384,-0.812,-0.037,0.529,-0.557,-0.299
001965SZ,0.256,0.041,0.765,0.681,0.253,0.471,0.406,-0.521,-0.541,0.659,0.416,0.392,0.316,0.509,0.742,0.322,0.678,0.579,0.618,0.751,-0.454,0.828,0.664,0.578,0.406,0.202,1.0,0.423,0.607,0.425,0.5,0.089,0.245,0.593,0.396,0.195,0.37,0.191,-0.611,0.058,0.008,0.106,0.22,-0.052,0.45,0.628,0.204,0.379,0.066,0.052,0.309,0.603,-0.616,0.406,0.777,0.488,-0.156,0.742,0.813,0.234,0.69,0.587,0.242,0.341,0.256,0.537,0.396,0.082,0.563,0.706,0.479,0.676,0.742,0.552,0.695,0.636,0.582,0.512,0.321,0.374,0.316,0.113,0.508,0.611,0.792,0.574,0.525,-0.194,0.779,0.743,0.585,-0.126,-0.206,-0.384,0.729,0.016,0.176,0.714,0.733,0.361,0.722,0.543,0.457,0.116,0.58,0.648,0.148,0.549,0.759,0.457,0.382,0.441,0.759,0.34,0.75,0.689,0.521,0.609,0.552,0.563,0.645,0.667,-0.319,0.52,0.548,0.578,-0.737,0.486,0.724,0.435,0.386,0.69,-0.543,0.662,0.769,0.081,0.198,-0.004,0.37,0.364,0.402,-0.317,0.313,0.648,0.512,0.68,0.453,0.472,0.365,0.534,0.653,0.198,0.638,0.567,0.192,0.494,0.485,0.457,0.655,0.594,0.614,0.348,0.7,0.739,0.757,0.676,-0.101,0.322,-0.123,0.612,0.834,0.601,0.355,0.638,-0.112,0.584,0.631,0.142,0.532,0.445,0.209,0.381,-0.024,0.388,0.322,0.329,0.7,0.669,0.695,-0.497,0.648,0.562,0.658,-0.168,0.819,0.059,0.273,0.087,0.3,0.465,0.489,-0.263,-0.735,0.235,0.332,0.179,0.585,0.371,0.185,0.191,0.108,0.791,0.038,0.536,0.341,0.373,0.52
002001SZ,0.42,0.374,0.308,0.563,0.439,0.468,0.531,0.135,0.11,0.511,0.343,0.483,0.384,0.476,0.443,0.338,0.645,0.656,0.589,0.544,0.277,0.584,0.746,0.45,0.734,0.081,0.423,1.0,0.708,0.75,0.644,0.202,0.812,0.105,0.551,0.434,0.458,0.377,0.1,0.083,0.315,0.203,0.248,0.427,0.258,0.617,0.055,0.463,0.342,0.408,0.316,0.594,-0.149,-0.107,0.416,0.481,0.223,0.582,0.581,0.123,0.775,0.726,0.515,0.014,-0.075,0.518,0.576,0.597,0.557,0.428,0.663,0.607,0.673,0.4,0.448,0.638,0.75,0.471,0.183,0.728,0.474,0.403,0.599,0.376,0.527,0.525,0.465,0.172,0.479,0.696,0.409,-0.233,-0.43,0.377,0.629,0.303,0.285,0.581,0.62,0.273,0.626,0.551,0.382,0.539,0.711,0.636,0.321,0.535,0.489,0.684,0.492,0.398,0.692,0.432,0.481,0.624,0.282,0.65,0.388,0.692,0.615,0.386,0.238,0.869,0.689,0.631,-0.142,0.487,0.304,0.487,0.299,0.336,0.08,0.444,0.221,0.821,0.619,-0.294,0.044,0.538,0.612,0.074,0.573,0.632,0.561,0.396,0.434,0.656,0.437,0.457,0.578,0.475,0.377,0.469,-0.276,0.512,0.477,0.13,0.746,0.493,0.471,-0.124,0.532,0.695,0.704,0.555,0.37,0.524,0.166,0.465,0.654,0.754,0.578,0.501,-0.172,0.571,0.535,0.026,0.525,-0.176,0.82,0.436,0.433,0.2,0.448,-0.258,0.531,0.581,0.23,0.283,0.387,0.564,0.49,-0.151,0.476,0.106,-0.041,0.306,0.469,0.478,0.127,0.415,-0.222,0.457,0.136,0.16,0.741,0.461,0.431,0.434,0.442,0.554,0.32,0.792,-0.135,0.609,0.71
