,000001SZ,000002SZ,000157SZ,000166SZ,000333SZ,000338SZ,000538SZ,000568SZ,000596SZ,000617SZ,000625SZ,000651SZ,000661SZ,000708SZ,000725SZ,000768SZ,000776SZ,000786SZ,000800SZ,000807SZ,000858SZ,000876SZ,000895SZ,000938SZ,000963SZ,000999SZ,001965SZ,002001SZ,002007SZ,002027SZ,002028SZ,002050SZ,002129SZ,002179SZ,002230SZ,002236SZ,002241SZ,002271SZ,002304SZ,002311SZ,002371SZ,002415SZ,002422SZ,002459SZ,002460SZ,002463SZ,002466SZ,002475SZ,002493SZ,002555SZ,002594SZ,002601SZ,002648SZ,002709SZ,002714SZ,002916SZ,002920SZ,002938SZ,003816SZ,300014SZ,300033SZ,300059SZ,300122SZ,300124SZ,300274SZ,300308SZ,300316SZ,300347SZ,300394SZ,300408SZ,300413SZ,300418SZ,300433SZ,300450SZ,300498SZ,300502SZ,300628SZ,300661SZ,300750SZ,300759SZ,300760SZ,300782SZ,600000SS,600010SS,600011SS,600015SS,600016SS,600018SS,600019SS,600023SS,600025SS,600026SS,600028SS,600029SS,600031SS,600036SS,600048SS,600050SS,600061SS,600085SS,600089SS,600104SS,600111SS,600115SS,600161SS,600183SS,600188SS,600196SS,600219SS,600233SS,600276SS,600309SS,600332SS,600346SS,600362SS,600377SS,600406SS,600415SS,600426SS,600436SS,600438SS,600489SS,600519SS,600570SS,600585SS,600588SS,600600SS,600660SS,600674SS,600741SS,600760SS,600795SS,600809SS,600875SS,600886SS,600887SS,600926SS,600989SS,601006SS,601009SS,601012SS,601021SS,601058SS,601066SS,601088SS,601100SS,601117SS,601138SS,601166SS,601169SS,601186SS,601225SS,601229SS,601238SS,601288SS,601318SS,601319SS,601328SS,601336SS,601360SS,601390SS,601398SS,601600SS,601601SS,601607SS,601618SS,601628SS,601633SS,601658SS,601668SS,601669SS,601688SS,601689SS,601698SS,601699SS,601766SS,601788SS,601799SS,601800SS,601808SS,601816SS,601818SS,601838SS,601857SS,601865SS,601872SS,601877SS,601878SS,601881SS,601888SS,601899SS,601901SS,601919SS,601939SS,601985SS,601988SS,601998SS,603019SS,603195SS,603259SS,603260SS,603288SS,603369SS,603501SS,603659SS,603799SS,603806SS,603833SS,603986SS,603993SS,688008SS,688009SS,688012SS,688036SS,688111SS,688169SS,688396SS
000001SZ,1.0,0.45,0.505,0.246,0.737,0.11,0.38,0.265,0.564,0.11,-0.278,0.479,-0.024,0.452,-0.11,0.324,0.538,0.865,-0.133,0.183,0.099,0.04,0.13,-0.022,0.662,-0.274,0.226,-0.064,0.194,0.075,-0.158,-0.078,-0.242,0.259,0.009,0.027,-0.006,0.321,-0.156,-0.157,0.29,-0.058,-0.334,-0.107,-0.285,-0.112,-0.174,-0.055,0.387,-0.035,-0.221,0.039,-0.353,-0.374,0.437,-0.177,-0.295,-0.215,0.075,-0.269,0.581,0.269,0.072,-0.209,-0.357,-0.252,-0.071,-0.061,-0.295,-0.037,0.065,-0.088,-0.074,-0.217,-0.241,-0.249,0.025,-0.24,-0.306,-0.178,0.739,0.391,0.708,-0.083,0.226,0.575,0.392,0.365,0.534,0.035,0.1,-0.014,0.251,0.365,0.659,0.769,0.593,0.365,0.106,-0.08,-0.247,0.053,0.056,0.438,0.105,-0.113,0.193,-0.208,0.252,0.522,0.798,0.444,0.442,0.368,0.285,0.224,-0.28,0.148,0.331,0.747,-0.265,0.381,0.441,0.642,0.681,0.103,0.002,0.219,-0.145,-0.192,0.289,0.199,0.454,0.348,0.165,-0.032,0.513,-0.521,0.367,0.69,-0.179,0.385,-0.157,0.366,0.254,0.368,0.286,0.345,0.477,0.53,0.408,0.276,0.466,-0.111,0.547,0.722,0.37,0.465,0.527,0.477,0.301,0.565,0.31,0.635,0.315,0.408,0.661,-0.12,0.674,0.57,0.227,0.276,-0.081,-0.0,-0.161,0.244,-0.062,0.047,0.365,-0.25,0.825,0.549,0.485,0.234,-0.195,-0.391,-0.27,0.115,0.605,0.334,0.271,0.075,-0.018,0.487,0.027,0.459,0.289,-0.204,0.702,-0.255,-0.175,0.669,-0.18,-0.142,-0.218,-0.13,-0.166,0.761,-0.008,0.088,0.344,0.201,0.084,-0.06,0.273,0.075,0.031
000002SZ,0.45,1.0,0.34,-0.058,0.859,-0.295,-0.317,0.005,0.506,0.137,-0.86,0.973,-0.761,0.365,-0.803,0.773,0.269,0.575,-0.766,-0.079,-0.593,-0.629,-0.704,-0.711,0.217,-0.895,0.756,-0.343,-0.304,-0.747,-0.476,0.287,-0.745,0.815,-0.595,-0.612,-0.604,-0.519,-0.913,-0.892,0.799,-0.393,-0.288,0.019,-0.814,-0.59,-0.583,-0.708,0.506,-0.726,-0.874,-0.528,-0.894,-0.773,0.17,-0.822,-0.59,-0.859,-0.131,-0.771,0.113,-0.321,-0.416,-0.681,-0.697,-0.7,-0.28,-0.557,-0.738,-0.766,-0.665,-0.789,-0.632,-0.8,-0.835,-0.753,-0.344,-0.773,-0.886,-0.771,0.281,0.498,0.445,-0.547,0.444,0.697,-0.141,0.397,0.747,-0.177,0.233,0.576,0.834,0.557,0.242,0.711,0.95,0.042,-0.3,-0.723,-0.672,-0.588,-0.304,0.803,-0.495,-0.675,0.7,-0.898,-0.086,0.45,0.255,0.701,-0.09,0.192,-0.099,-0.045,-0.869,-0.318,0.501,0.367,-0.589,0.555,-0.311,0.763,-0.203,-0.522,-0.563,0.645,-0.643,-0.762,0.716,0.224,0.59,0.878,0.518,-0.865,0.738,-0.62,0.943,0.7,-0.444,0.186,-0.428,0.134,0.552,-0.002,0.499,-0.076,-0.008,0.855,0.41,0.625,0.853,-0.659,0.846,0.836,0.849,0.887,0.299,0.45,0.238,0.84,0.206,0.738,0.481,0.305,0.882,-0.847,0.882,0.912,0.058,-0.246,-0.087,0.315,-0.371,-0.006,-0.516,0.492,0.283,-0.019,0.285,0.775,0.942,0.31,-0.549,-0.503,-0.901,-0.456,0.796,-0.153,-0.08,-0.428,-0.67,0.9,-0.336,0.956,0.878,-0.792,0.433,-0.8,0.239,0.412,-0.848,-0.783,-0.787,-0.714,-0.647,0.812,-0.472,-0.34,0.643,-0.057,-0.224,-0.769,0.847,-0.669,-0.558
000157SZ,0.505,0.34,1.0,0.548,0.439,0.283,0.271,-0.263,0.09,0.484,0.082,0.312,0.06,0.407,0.141,0.595,0.773,0.582,0.202,0.674,-0.059,0.003,-0.032,0.253,0.67,-0.079,0.51,0.477,0.335,-0.066,0.436,0.624,0.214,0.403,0.307,0.211,0.228,0.067,-0.179,-0.24,0.47,-0.167,-0.187,0.53,0.069,0.317,0.211,0.05,0.836,-0.037,0.002,0.518,-0.019,0.154,0.267,0.1,0.288,0.041,0.471,0.209,0.703,0.533,0.013,0.129,0.209,0.242,0.565,-0.194,0.118,0.162,0.183,0.034,0.329,0.157,-0.08,0.149,0.256,0.011,0.001,-0.123,0.464,-0.063,0.681,0.431,0.662,0.605,0.424,0.679,0.656,0.495,0.463,0.345,0.439,0.472,0.78,0.161,0.398,0.584,0.189,0.175,0.153,0.403,0.587,0.454,0.116,0.162,0.398,-0.205,0.704,0.413,0.472,0.7,0.588,0.804,0.779,0.448,-0.019,0.403,0.391,0.421,0.318,0.679,-0.153,0.412,0.352,0.206,-0.49,0.568,0.063,0.223,0.531,0.53,-0.124,0.482,0.339,-0.102,0.202,0.031,0.247,0.553,0.407,0.192,0.453,0.593,0.532,0.409,0.786,0.584,0.461,0.601,0.522,0.55,0.495,0.221,0.169,0.398,0.369,0.44,0.565,0.503,0.449,0.16,0.77,0.493,0.364,0.732,0.349,0.034,0.374,0.52,0.632,0.538,0.563,0.098,0.029,0.558,0.172,0.305,0.511,0.091,0.482,0.411,0.302,0.623,0.269,-0.052,0.024,0.475,0.304,0.195,0.679,0.415,0.026,0.245,0.533,0.375,0.243,-0.202,0.306,-0.151,0.58,0.176,-0.368,0.115,0.198,0.28,0.265,0.383,0.315,0.668,0.45,0.467,0.409,0.16,0.024,0.161,0.415
000166SZ,0.246,-0.058,0.548,1.0,0.033,0.878,-0.086,0.01,-0.48,0.798,0.413,-0.114,0.501,0.537,0.54,-0.053,0.831,0.328,0.612,0.531,-0.197,0.604,0.471,0.612,0.563,0.424,0.337,0.788,0.886,0.459,0.654,0.177,0.567,-0.218,0.7,0.744,0.343,-0.005,0.105,0.002,-0.111,-0.575,0.177,0.723,0.182,0.773,0.047,0.631,0.428,0.512,0.159,0.683,0.395,0.291,0.13,0.48,0.575,0.41,0.91,0.507,0.815,0.905,0.665,0.235,0.297,0.658,0.592,0.573,0.619,0.33,0.637,0.539,0.708,0.342,0.522,0.608,0.825,0.572,0.39,0.55,0.445,-0.039,0.763,0.733,0.633,0.59,0.875,0.647,0.212,0.891,0.819,-0.124,0.126,-0.153,0.704,-0.248,-0.12,0.933,0.796,0.185,0.631,0.52,0.751,-0.136,0.678,0.723,0.344,0.308,0.499,-0.404,-0.009,0.331,0.901,0.787,0.686,0.932,0.395,0.862,-0.163,0.526,0.632,0.523,-0.256,0.222,0.454,0.581,-0.304,0.504,0.712,0.539,-0.18,0.819,-0.297,0.122,0.594,0.241,0.199,0.297,-0.184,0.284,0.707,-0.503,0.743,0.936,0.478,-0.054,0.636,0.902,0.086,0.404,0.816,0.591,0.36,0.593,-0.329,0.216,0.368,-0.143,0.87,0.554,0.864,-0.239,0.602,0.502,0.649,0.85,0.102,0.41,-0.139,0.236,0.888,0.944,0.698,0.527,0.225,0.864,0.818,-0.362,0.883,0.505,0.005,0.418,-0.092,0.703,0.651,-0.227,0.344,0.861,0.141,-0.235,0.51,0.86,0.565,-0.26,0.818,0.006,0.139,0.253,-0.27,0.526,0.332,-0.458,-0.172,0.397,0.464,0.254,0.683,0.116,0.808,0.641,0.456,0.894,0.267,0.313,-0.487,0.557,0.717
000333SZ,0.737,0.859,0.439,0.033,1.0,-0.129,-0.057,0.215,0.643,0.095,-0.708,0.897,-0.546,0.493,-0.631,0.642,0.383,0.833,-0.598,-0.026,-0.401,-0.389,-0.418,-0.486,0.453,-0.736,0.584,-0.344,-0.094,-0.456,-0.447,0.109,-0.649,0.648,-0.398,-0.402,-0.464,-0.188,-0.705,-0.67,0.658,-0.252,-0.304,-0.001,-0.676,-0.48,-0.51,-0.511,0.456,-0.509,-0.671,-0.368,-0.789,-0.749,0.299,-0.662,-0.557,-0.715,-0.09,-0.664,0.314,-0.132,-0.195,-0.647,-0.687,-0.619,-0.238,-0.373,-0.671,-0.552,-0.428,-0.585,-0.503,-0.669,-0.681,-0.652,-0.226,-0.641,-0.754,-0.611,0.55,0.521,0.583,-0.466,0.32,0.719,0.059,0.374,0.707,-0.153,0.182,0.292,0.636,0.49,0.492,0.857,0.895,0.164,-0.104,-0.549,-0.565,-0.44,-0.206,0.71,-0.226,-0.513,0.536,-0.665,0.018,0.525,0.546,0.601,0.15,0.271,0.01,0.034,-0.686,-0.172,0.48,0.641,-0.579,0.557,0.033,0.887,0.187,-0.308,-0.3,0.538,-0.532,-0.645,0.578,0.224,0.664,0.721,0.44,-0.591,0.736,-0.682,0.814,0.794,-0.39,0.282,-0.404,0.228,0.437,0.185,0.41,0.065,0.099,0.806,0.464,0.516,0.796,-0.489,0.804,0.904,0.727,0.773,0.437,0.485,0.295,0.805,0.231,0.794,0.513,0.35,0.908,-0.642,0.906,0.869,0.106,-0.082,-0.14,0.222,-0.386,0.12,-0.406,0.346,0.365,-0.153,0.566,0.775,0.873,0.276,-0.454,-0.609,-0.748,-0.312,0.797,0.039,-0.006,-0.338,-0.476,0.821,-0.287,0.841,0.742,-0.605,0.691,-0.66,0.001,0.625,-0.633,-0.596,-0.642,-0.575,-0.515,0.916,-0.333,-0.24,0.647,0.046,-0.154,-0.56,0.723,-0.391,-0.397
000338SZ,0.11,-0.295,0.283,0.878,-0.129,1.0,-0.141,0.281,-0.525,0.649,0.552,-0.307,0.576,0.562,0.622,-0.305,0.649,0.166,0.702,0.372,-0.152,0.771,0.641,0.705,0.464,0.583,0.133,0.703,0.9,0.669,0.571,-0.061,0.596,-0.483,0.758,0.84,0.299,0.033,0.268,0.162,-0.365,-0.449,0.369,0.674,0.341,0.811,0.099,0.782,0.107,0.676,0.306,0.667,0.51,0.31,-0.007,0.559,0.628,0.482,0.882,0.553,0.702,0.848,0.782,0.181,0.297,0.696,0.537,0.78,0.682,0.406,0.733,0.674,0.692,0.404,0.678,0.674,0.851,0.711,0.501,0.718,0.335,-0.077,0.576,0.698,0.388,0.39,0.842,0.472,-0.037,0.831,0.713,-0.415,-0.083,-0.296,0.586,-0.324,-0.345,0.854,0.948,0.277,0.775,0.445,0.727,-0.312,0.895,0.814,0.151,0.526,0.358,-0.62,-0.163,0.015,0.848,0.575,0.527,0.888,0.605,0.893,-0.287,0.497,0.616,0.402,-0.089,0.176,0.449,0.602,0.049,0.341,0.772,0.571,-0.441,0.75,-0.223,-0.099,0.475,0.448,0.159,0.363,-0.367,0.157,0.722,-0.529,0.679,0.771,0.189,-0.078,0.346,0.808,-0.187,0.165,0.708,0.311,0.164,0.731,-0.484,0.071,0.185,-0.415,0.766,0.379,0.789,-0.354,0.395,0.361,0.589,0.669,-0.04,0.556,-0.319,0.031,0.779,0.895,0.628,0.52,0.222,0.865,0.869,-0.527,0.788,0.528,-0.076,0.264,-0.233,0.521,0.762,-0.274,0.47,0.822,0.044,-0.228,0.354,0.783,0.734,-0.414,0.717,-0.221,-0.0,0.377,-0.348,0.697,0.067,-0.493,0.096,0.503,0.526,0.252,0.768,-0.026,0.862,0.515,0.329,0.915,0.121,0.375,-0.632,0.655,0.72
000538SZ,0.38,-0.317,0.271,-0.086,-0.057,-0.141,1.0,-0.173,0.339,-0.288,0.329,-0.306,0.358,-0.297,0.405,-0.026,0.061,0.211,0.339,0.323,0.792,0.113,0.359,0.357,0.27,0.243,-0.446,0.113,0.013,0.307,0.246,0.04,0.308,-0.088,0.248,0.189,0.634,0.764,0.561,0.556,-0.051,0.544,-0.31,-0.262,0.412,0.182,0.506,0.175,0.194,0.203,0.547,0.379,0.326,0.369,0.319,0.402,0.119,0.429,-0.189,0.329,0.172,0.217,-0.076,0.546,0.389,0.197,0.16,-0.083,0.139,0.628,0.313,0.273,0.302,0.45,0.2,0.207,-0.057,0.126,0.363,0.114,0.299,-0.151,-0.005,0.274,-0.169,-0.329,0.085,-0.198,-0.067,-0.081,-0.426,-0.125,-0.41,0.119,0.223,0.083,-0.139,-0.124,-0.215,0.592,0.056,0.569,0.148,-0.09,0.041,0.149,-0.447,0.3,0.396,0.556,0.732,-0.026,0.15,0.129,0.34,-0.21,0.233,-0.019,0.102,0.115,0.203,-0.305,0.623,-0.247,0.571,0.315,0.253,-0.449,0.066,0.376,0.102,-0.314,-0.192,-0.302,-0.53,0.483,-0.368,0.007,-0.359,-0.154,0.078,0.51,0.173,-0.087,-0.2,0.605,-0.08,0.117,0.785,-0.333,-0.382,-0.342,-0.439,0.154,-0.088,-0.202,-0.561,-0.071,-0.199,-0.091,-0.407,-0.208,0.143,-0.322,-0.539,-0.133,-0.22,0.422,-0.068,-0.322,-0.102,0.1,-0.041,-0.654,0.149,-0.153,-0.049,0.101,-0.333,-0.547,0.556,-0.435,-0.346,-0.231,0.097,0.344,0.426,0.21,-0.233,0.67,0.398,0.155,0.106,-0.199,0.175,-0.349,-0.621,0.294,0.478,0.095,-0.097,0.482,0.437,0.4,0.423,0.616,0.185,-0.076,0.119,0.415,-0.361,-0.235,0.521,0.599,-0.207,0.403,0.336
000568SZ,0.265,0.005,-0.263,0.01,0.215,0.281,-0.173,1.0,0.252,-0.217,-0.111,0.091,-0.099,0.367,-0.129,-0.23,0.012,0.124,-0.097,-0.18,0.03,0.195,0.292,-0.076,0.11,0.015,0.039,-0.293,0.141,0.321,-0.405,-0.415,-0.277,-0.349,-0.064,0.027,-0.423,-0.023,0.037,-0.007,-0.24,0.016,0.339,-0.098,-0.009,-0.146,-0.116,0.111,-0.339,0.095,-0.052,-0.214,-0.126,-0.354,-0.266,-0.192,-0.104,-0.206,0.055,-0.27,0.097,-0.025,0.306,-0.429,-0.42,-0.223,-0.284,0.41,-0.194,-0.172,-0.024,-0.023,-0.289,-0.235,-0.027,-0.228,-0.078,0.0,-0.176,0.156,0.018,0.056,0.158,-0.223,-0.185,0.143,0.059,0.104,-0.011,-0.11,0.04,-0.444,0.057,-0.004,0.069,0.348,0.068,0.096,0.426,-0.071,0.071,-0.376,-0.066,0.024,0.4,-0.049,0.016,0.141,-0.183,-0.267,-0.033,-0.234,0.084,-0.166,-0.158,0.083,0.055,0.137,0.092,0.383,-0.314,0.188,0.483,0.389,0.119,-0.163,0.625,0.025,0.013,-0.265,-0.298,0.131,0.686,-0.025,0.146,0.186,0.488,-0.048,0.129,0.36,-0.078,0.097,-0.284,-0.051,-0.223,-0.001,-0.353,-0.098,-0.413,0.042,0.214,-0.128,0.161,0.148,0.128,0.331,0.144,-0.004,0.207,-0.162,0.21,0.322,-0.145,0.266,0.251,0.028,0.317,0.053,0.188,0.158,-0.054,0.059,-0.119,0.082,0.055,0.155,0.004,-0.17,0.164,0.06,0.178,0.183,0.225,-0.087,0.028,-0.385,-0.152,-0.104,0.343,0.153,-0.129,-0.171,0.216,0.218,-0.249,0.127,0.174,-0.087,0.086,0.134,-0.493,0.233,0.265,-0.119,-0.176,-0.281,-0.086,0.332,0.038,-0.284,0.042,0.156,-0.542,-0.217,-0.018,0.003,-0.171
000596SZ,0.564,0.506,0.09,-0.48,0.643,-0.525,0.339,0.252,1.0,-0.502,-0.56,0.563,-0.49,0.074,-0.548,0.452,-0.062,0.45,-0.591,-0.188,0.198,-0.464,-0.295,-0.495,0.223,-0.611,0.096,-0.599,-0.464,-0.336,-0.568,0.031,-0.625,0.503,-0.505,-0.544,-0.372,0.113,-0.281,-0.228,0.447,0.387,-0.329,-0.423,-0.35,-0.655,-0.068,-0.629,0.167,-0.471,-0.329,-0.435,-0.618,-0.545,0.161,-0.532,-0.598,-0.553,-0.6,-0.604,-0.05,-0.422,-0.429,-0.402,-0.521,-0.697,-0.426,-0.494,-0.726,-0.389,-0.48,-0.554,-0.612,-0.459,-0.674,-0.69,-0.611,-0.653,-0.59,-0.635,0.198,0.336,0.105,-0.605,-0.141,0.071,-0.339,-0.091,0.333,-0.575,-0.466,0.134,0.218,0.507,0.113,0.808,0.63,-0.364,-0.486,-0.196,-0.654,-0.375,-0.388,0.594,-0.434,-0.659,-0.008,-0.464,-0.084,0.725,0.657,0.171,-0.253,-0.156,-0.196,-0.5,-0.558,-0.468,0.445,0.326,-0.638,0.046,0.502,0.445,0.113,-0.371,0.178,0.006,-0.689,-0.594,0.505,-0.358,0.639,0.291,-0.172,-0.296,0.319,-0.562,0.541,0.352,-0.543,0.677,-0.594,-0.327,-0.109,0.396,-0.14,-0.369,0.273,0.237,-0.176,-0.125,0.231,-0.496,0.699,0.479,0.132,0.563,-0.142,-0.053,-0.321,0.678,-0.096,0.241,-0.143,-0.204,0.555,-0.446,0.715,0.373,-0.418,-0.433,-0.426,-0.413,-0.374,-0.341,-0.685,0.449,-0.288,-0.598,0.666,0.185,0.564,-0.337,-0.554,-0.222,-0.526,-0.547,0.463,0.492,-0.086,-0.623,-0.446,0.695,-0.564,0.475,0.21,-0.486,0.788,-0.658,-0.285,0.877,-0.102,-0.447,-0.525,-0.297,-0.623,0.612,-0.557,-0.341,0.086,-0.463,-0.122,-0.316,0.657,-0.346,-0.487
000617SZ,0.11,0.137,0.484,0.798,0.095,0.649,-0.288,-0.217,-0.502,1.0,0.169,0.07,0.246,0.364,0.281,0.069,0.656,0.277,0.337,0.339,-0.459,0.358,0.162,0.345,0.378,0.192,0.41,0.659,0.633,0.123,0.467,0.243,0.321,-0.002,0.401,0.466,0.187,-0.214,-0.177,-0.226,0.05,-0.676,0.205,0.618,-0.071,0.548,-0.151,0.42,0.463,0.251,-0.117,0.464,0.179,0.117,0.189,0.232,0.351,0.187,0.743,0.277,0.574,0.637,0.395,0.068,0.167,0.442,0.394,0.286,0.434,0.103,0.415,0.291,0.495,0.092,0.283,0.418,0.643,0.282,0.145,0.268,0.348,0.091,0.597,0.542,0.675,0.633,0.692,0.573,0.301,0.743,0.815,0.188,0.314,-0.085,0.511,-0.225,0.025,0.743,0.592,-0.073,0.409,0.28,0.584,-0.007,0.415,0.475,0.52,0.019,0.305,-0.343,-0.158,0.36,0.685,0.63,0.461,0.793,0.119,0.659,-0.13,0.3,0.449,0.501,-0.52,0.233,0.215,0.34,-0.504,0.503,0.47,0.296,-0.04,0.723,-0.301,0.29,0.617,-0.067,0.246,0.174,0.028,0.272,0.467,-0.513,0.494,0.8,0.61,-0.131,0.691,0.731,-0.048,0.501,0.744,0.685,0.442,0.308,-0.129,0.241,0.496,-0.002,0.729,0.637,0.771,-0.122,0.477,0.497,0.655,0.746,0.125,0.115,-0.022,0.338,0.793,0.678,0.553,0.684,0.214,0.694,0.611,-0.288,0.792,0.684,-0.166,0.484,0.043,0.797,0.404,-0.161,0.1,0.636,0.17,-0.488,0.287,0.665,0.252,-0.118,0.658,0.156,0.352,-0.001,-0.225,0.251,0.427,-0.506,-0.414,0.133,0.191,0.009,0.425,0.097,0.517,0.427,0.5,0.754,0.19,0.028,-0.244,0.239,0.45
000625SZ,-0.278,-0.86,0.082,0.413,-0.708,0.552,0.329,-0.111,-0.56,0.169,1.0,-0.878,0.836,-0.111,0.926,-0.555,0.114,-0.357,0.941,0.366,0.509,0.761,0.753,0.897,0.065,0.925,-0.515,0.664,0.557,0.79,0.766,-0.001,0.93,-0.681,0.843,0.811,0.734,0.476,0.841,0.784,-0.622,0.22,0.248,0.343,0.889,0.855,0.675,0.818,-0.133,0.81,0.891,0.834,0.954,0.905,-0.022,0.934,0.82,0.938,0.451,0.949,0.281,0.621,0.528,0.776,0.844,0.921,0.606,0.579,0.914,0.829,0.835,0.886,0.868,0.923,0.901,0.927,0.596,0.892,0.961,0.805,-0.077,-0.475,-0.094,0.8,-0.111,-0.4,0.406,-0.067,-0.517,0.485,0.052,-0.454,-0.634,-0.413,0.119,-0.711,-0.823,0.329,0.498,0.794,0.845,0.809,0.641,-0.646,0.621,0.872,-0.492,0.868,0.385,-0.416,-0.142,-0.365,0.434,0.232,0.457,0.345,0.944,0.612,-0.376,-0.142,0.839,-0.224,0.19,-0.587,0.346,0.688,0.325,-0.307,0.762,0.938,-0.544,0.078,-0.691,-0.69,-0.301,0.844,-0.643,0.689,-0.883,-0.498,0.75,-0.243,0.742,0.233,-0.303,0.089,-0.083,0.411,0.132,-0.561,-0.084,-0.343,-0.61,0.866,-0.822,-0.67,-0.62,-0.771,0.047,-0.178,0.077,-0.79,0.132,-0.467,-0.228,0.088,-0.744,0.93,-0.774,-0.673,0.309,0.578,0.433,-0.142,0.358,0.35,0.733,-0.429,0.058,0.168,-0.149,-0.533,-0.835,-0.003,0.775,0.45,0.967,0.757,-0.606,0.165,0.381,0.709,0.796,-0.838,0.63,-0.802,-0.747,0.758,-0.392,0.823,0.058,-0.455,0.684,0.929,0.939,0.856,0.864,-0.655,0.732,0.664,-0.394,0.377,0.398,0.862,-0.898,0.815,0.832
000651SZ,0.479,0.973,0.312,-0.114,0.897,-0.307,-0.306,0.091,0.563,0.07,-0.878,1.0,-0.75,0.384,-0.841,0.721,0.21,0.607,-0.803,-0.147,-0.584,-0.616,-0.694,-0.708,0.213,-0.897,0.705,-0.459,-0.301,-0.713,-0.57,0.211,-0.799,0.785,-0.609,-0.627,-0.671,-0.477,-0.904,-0.86,0.741,-0.312,-0.255,-0.03,-0.822,-0.648,-0.593,-0.712,0.41,-0.712,-0.885,-0.574,-0.922,-0.817,0.129,-0.845,-0.653,-0.88,-0.192,-0.804,0.076,-0.363,-0.374,-0.737,-0.771,-0.749,-0.349,-0.546,-0.792,-0.792,-0.668,-0.787,-0.677,-0.84,-0.859,-0.793,-0.383,-0.794,-0.906,-0.783,0.283,0.505,0.415,-0.607,0.351,0.679,-0.165,0.342,0.706,-0.255,0.185,0.502,0.786,0.509,0.238,0.777,0.934,-0.003,-0.29,-0.75,-0.72,-0.655,-0.327,0.776,-0.471,-0.707,0.648,-0.872,-0.149,0.468,0.271,0.602,-0.102,0.112,-0.163,-0.087,-0.872,-0.325,0.475,0.388,-0.686,0.542,-0.229,0.812,-0.191,-0.526,-0.475,0.603,-0.676,-0.817,0.659,0.18,0.653,0.84,0.501,-0.854,0.731,-0.627,0.952,0.716,-0.507,0.217,-0.522,0.089,0.467,-0.03,0.396,-0.14,-0.062,0.831,0.39,0.561,0.847,-0.67,0.854,0.842,0.81,0.872,0.279,0.404,0.216,0.85,0.133,0.725,0.498,0.239,0.877,-0.871,0.91,0.887,-0.018,-0.296,-0.174,0.313,-0.429,-0.042,-0.545,0.465,0.249,-0.06,0.311,0.775,0.952,0.252,-0.611,-0.54,-0.928,-0.5,0.786,-0.145,-0.162,-0.501,-0.671,0.917,-0.422,0.94,0.88,-0.764,0.484,-0.814,0.137,0.483,-0.798,-0.801,-0.821,-0.739,-0.692,0.82,-0.523,-0.404,0.645,-0.078,-0.305,-0.792,0.871,-0.667,-0.605
000661SZ,-0.024,-0.761,0.06,0.501,-0.546,0.576,0.358,-0.099,-0.49,0.246,0.836,-0.75,1.0,-0.05,0.894,-0.671,0.199,-0.092,0.863,0.22,0.463,0.843,0.838,0.872,0.167,0.892,-0.565,0.556,0.714,0.868,0.63,-0.258,0.842,-0.66,0.848,0.867,0.708,0.613,0.797,0.802,-0.705,0.125,0.127,0.213,0.661,0.788,0.459,0.827,-0.199,0.9,0.695,0.74,0.837,0.727,0.118,0.907,0.573,0.907,0.41,0.842,0.387,0.709,0.721,0.709,0.597,0.836,0.421,0.69,0.833,0.75,0.913,0.937,0.873,0.771,0.884,0.887,0.709,0.852,0.878,0.839,0.197,-0.214,0.094,0.694,-0.129,-0.244,0.598,-0.125,-0.548,0.458,0.082,-0.567,-0.72,-0.582,0.216,-0.483,-0.734,0.397,0.515,0.606,0.663,0.785,0.532,-0.707,0.627,0.873,-0.494,0.87,0.233,-0.392,0.019,-0.392,0.558,0.212,0.341,0.441,0.813,0.685,-0.576,0.087,0.67,-0.3,0.272,-0.467,0.556,0.827,0.251,-0.328,0.818,0.852,-0.675,0.101,-0.642,-0.694,-0.179,0.783,-0.553,0.472,-0.834,-0.413,0.562,-0.369,0.61,0.412,-0.258,-0.094,-0.115,0.509,0.251,-0.454,0.065,-0.247,-0.49,0.694,-0.713,-0.497,-0.527,-0.733,0.224,-0.037,0.208,-0.711,0.033,-0.306,-0.06,0.1,-0.619,0.83,-0.655,-0.597,0.278,0.627,0.223,0.005,0.207,0.323,0.813,-0.647,0.185,0.071,-0.059,-0.327,-0.779,-0.015,0.572,0.247,0.843,0.78,-0.494,0.032,0.215,0.736,0.799,-0.78,0.575,-0.729,-0.66,0.859,-0.258,0.838,-0.114,-0.38,0.592,0.862,0.804,0.704,0.753,-0.489,0.705,0.509,-0.261,0.413,0.365,0.821,-0.815,0.889,0.8
000708SZ,0.452,0.365,0.407,0.537,0.493,0.562,-0.297,0.367,0.074,0.364,-0.111,0.384,-0.05,1.0,-0.045,0.322,0.682,0.491,0.017,0.226,-0.452,0.202,0.074,0.104,0.631,-0.144,0.583,0.186,0.394,0.1,0.119,0.094,-0.045,0.155,0.224,0.244,-0.234,-0.289,-0.333,-0.419,0.275,-0.435,0.11,0.526,-0.186,0.159,-0.187,0.097,0.287,0.093,-0.253,0.183,-0.254,-0.311,0.06,-0.114,0.117,-0.235,0.562,-0.096,0.648,0.412,0.266,-0.376,-0.231,0.026,0.353,0.201,-0.044,-0.193,0.093,0.033,0.061,-0.119,-0.063,-0.014,0.342,0.08,-0.199,0.04,0.444,0.264,0.722,0.092,0.43,0.712,0.465,0.662,0.496,0.45,0.575,-0.131,0.402,0.309,0.673,0.32,0.372,0.696,0.558,-0.11,0.187,-0.066,0.284,0.435,0.412,0.14,0.424,-0.141,0.283,-0.091,0.145,0.401,0.544,0.5,0.367,0.641,-0.004,0.459,0.209,0.689,0.013,0.75,-0.11,0.703,0.272,0.13,-0.111,0.665,0.05,-0.081,0.14,0.66,0.287,0.436,0.521,-0.088,0.581,-0.198,0.316,0.687,0.251,-0.069,0.184,0.532,0.32,0.079,0.417,0.497,-0.269,0.628,0.754,0.434,0.655,0.197,0.204,0.613,0.616,0.205,0.739,0.518,0.693,0.355,0.442,0.761,0.722,0.676,0.597,-0.084,0.37,0.599,0.593,0.522,0.358,0.443,-0.254,0.742,0.25,-0.065,0.705,0.214,0.39,0.687,0.515,0.454,0.254,-0.59,-0.199,0.29,0.592,-0.026,0.264,0.201,0.274,0.312,0.28,0.397,0.506,-0.226,0.091,0.003,0.069,0.066,-0.306,-0.058,-0.097,-0.267,0.194,0.518,0.335,0.154,0.651,0.691,-0.03,-0.119,0.069,0.101,0.211
000725SZ,-0.11,-0.803,0.141,0.54,-0.631,0.622,0.405,-0.129,-0.548,0.281,0.926,-0.841,0.894,-0.045,1.0,-0.537,0.296,-0.187,0.971,0.436,0.503,0.785,0.83,0.938,0.248,0.922,-0.476,0.748,0.657,0.828,0.803,-0.073,0.938,-0.676,0.888,0.899,0.824,0.565,0.84,0.76,-0.603,0.132,0.189,0.327,0.784,0.897,0.578,0.869,-0.034,0.864,0.847,0.878,0.929,0.828,0.044,0.969,0.769,0.949,0.531,0.921,0.426,0.771,0.585,0.773,0.794,0.916,0.605,0.648,0.909,0.901,0.899,0.938,0.927,0.912,0.925,0.946,0.692,0.91,0.942,0.865,0.122,-0.373,0.074,0.861,-0.007,-0.271,0.595,0.013,-0.416,0.614,0.14,-0.514,-0.638,-0.388,0.28,-0.643,-0.751,0.462,0.556,0.798,0.845,0.891,0.64,-0.619,0.688,0.919,-0.47,0.871,0.464,-0.386,-0.012,-0.274,0.569,0.346,0.541,0.484,0.909,0.666,-0.429,0.013,0.854,-0.205,0.195,-0.517,0.543,0.803,0.263,-0.283,0.833,0.969,-0.534,0.182,-0.7,-0.646,-0.236,0.871,-0.548,0.552,-0.879,-0.407,0.717,-0.267,0.779,0.376,-0.215,0.17,0.006,0.596,0.26,-0.483,0.037,-0.244,-0.549,0.815,-0.788,-0.56,-0.546,-0.751,0.185,0.004,0.184,-0.774,0.231,-0.342,-0.154,0.221,-0.634,0.925,-0.737,-0.592,0.43,0.71,0.446,-0.127,0.366,0.45,0.795,-0.515,0.185,0.11,-0.037,-0.434,-0.804,0.072,0.79,0.318,0.959,0.851,-0.55,0.171,0.457,0.824,0.836,-0.843,0.748,-0.768,-0.721,0.767,-0.326,0.869,0.014,-0.439,0.621,0.908,0.922,0.805,0.892,-0.541,0.815,0.708,-0.315,0.476,0.529,0.912,-0.913,0.894,0.909
000768SZ,0.324,0.773,0.595,-0.053,0.642,-0.305,-0.026,-0.23,0.452,0.069,-0.555,0.721,-0.671,0.322,-0.537,1.0,0.381,0.384,-0.496,0.376,-0.331,-0.668,-0.694,-0.48,0.354,-0.743,0.759,-0.048,-0.398,-0.727,-0.076,0.719,-0.425,0.823,-0.422,-0.516,-0.279,-0.446,-0.684,-0.737,0.928,-0.177,-0.3,0.229,-0.423,-0.363,-0.137,-0.611,0.752,-0.721,-0.459,-0.17,-0.626,-0.392,0.137,-0.577,-0.18,-0.628,-0.016,-0.443,0.169,-0.179,-0.652,-0.338,-0.22,-0.438,0.183,-0.723,-0.525,-0.393,-0.594,-0.682,-0.396,-0.389,-0.716,-0.537,-0.352,-0.595,-0.612,-0.742,0.157,0.092,0.338,-0.21,0.582,0.492,-0.219,0.532,0.842,0.014,0.207,0.693,0.797,0.837,0.341,0.43,0.791,0.044,-0.368,-0.249,-0.388,-0.226,-0.033,0.892,-0.458,-0.555,0.599,-0.815,0.396,0.645,0.373,0.812,-0.075,0.432,0.327,-0.076,-0.61,-0.317,0.741,0.201,-0.212,0.645,-0.317,0.53,-0.187,-0.468,-0.57,0.633,-0.58,-0.434,0.968,0.247,0.307,0.852,0.287,-0.64,0.47,-0.347,0.742,0.614,-0.098,0.464,-0.079,0.032,0.546,0.425,0.641,0.025,0.208,0.686,0.209,0.511,0.626,-0.4,0.621,0.597,0.58,0.82,0.14,0.354,0.033,0.597,0.568,0.505,0.173,0.394,0.666,-0.575,0.696,0.734,0.216,-0.125,0.262,-0.051,-0.205,0.122,-0.536,0.788,0.115,-0.107,0.412,0.438,0.754,0.372,-0.203,-0.155,-0.572,-0.269,0.536,0.217,0.397,-0.277,-0.584,0.715,-0.027,0.734,0.564,-0.771,0.372,-0.748,0.555,0.41,-0.685,-0.537,-0.411,-0.288,-0.328,0.596,-0.282,0.127,0.505,-0.051,0.152,-0.417,0.617,-0.549,-0.269
000776SZ,0.538,0.269,0.773,0.831,0.383,0.649,0.061,0.012,-0.062,0.656,0.114,0.21,0.199,0.682,0.296,0.381,1.0,0.606,0.347,0.645,-0.197,0.287,0.239,0.38,0.849,0.069,0.566,0.641,0.625,0.195,0.51,0.373,0.293,0.165,0.476,0.487,0.231,-0.012,-0.132,-0.249,0.294,-0.465,0.05,0.657,-0.004,0.506,0.012,0.298,0.711,0.222,-0.007,0.552,0.053,0.026,0.198,0.208,0.36,0.097,0.763,0.223,0.921,0.796,0.331,0.027,0.111,0.342,0.59,0.236,0.266,0.197,0.376,0.241,0.447,0.16,0.147,0.285,0.554,0.246,0.067,0.194,0.614,0.115,0.897,0.529,0.76,0.739,0.762,0.794,0.591,0.787,0.729,0.039,0.368,0.318,0.909,0.104,0.293,0.882,0.566,0.153,0.378,0.405,0.625,0.326,0.479,0.402,0.431,-0.023,0.688,0.018,0.348,0.602,0.842,0.904,0.79,0.806,0.104,0.652,0.16,0.691,0.419,0.724,-0.173,0.51,0.528,0.392,-0.357,0.661,0.357,0.289,0.26,0.799,-0.054,0.426,0.564,0.057,0.422,-0.02,0.14,0.593,0.525,-0.104,0.565,0.825,0.547,0.304,0.778,0.864,0.245,0.629,0.817,0.629,0.554,0.361,0.03,0.52,0.532,0.21,0.87,0.688,0.765,0.104,0.801,0.712,0.63,0.934,0.46,0.164,0.222,0.548,0.874,0.83,0.667,0.323,0.051,0.868,0.453,-0.01,0.827,0.238,0.419,0.559,0.279,0.696,0.49,-0.356,0.085,0.661,0.398,0.046,0.67,0.633,0.339,0.102,0.712,0.31,0.296,-0.102,0.093,0.155,0.361,-0.058,-0.338,0.155,0.226,0.111,0.462,0.464,0.606,0.63,0.616,0.79,0.411,0.194,-0.153,0.354,0.564
000786SZ,0.865,0.575,0.582,0.328,0.833,0.166,0.211,0.124,0.45,0.277,-0.357,0.607,-0.092,0.491,-0.187,0.384,0.606,1.0,-0.185,0.125,-0.198,0.003,0.01,-0.048,0.7,-0.348,0.347,-0.033,0.286,-0.051,-0.14,-0.045,-0.277,0.395,0.036,0.052,-0.067,0.226,-0.369,-0.342,0.383,-0.211,-0.303,0.081,-0.435,-0.087,-0.367,-0.124,0.484,-0.06,-0.377,0.011,-0.433,-0.463,0.416,-0.229,-0.348,-0.298,0.139,-0.298,0.623,0.287,0.147,-0.34,-0.444,-0.246,-0.04,-0.051,-0.308,-0.149,0.05,-0.127,-0.07,-0.327,-0.279,-0.244,0.148,-0.274,-0.373,-0.213,0.825,0.546,0.74,-0.107,0.321,0.707,0.48,0.364,0.55,0.132,0.246,0.003,0.319,0.268,0.753,0.707,0.655,0.447,0.145,-0.28,-0.283,-0.027,0.043,0.424,0.099,-0.084,0.303,-0.279,0.202,0.427,0.688,0.518,0.525,0.469,0.234,0.314,-0.351,0.181,0.197,0.787,-0.274,0.441,0.172,0.771,0.617,0.16,-0.229,0.407,-0.16,-0.242,0.316,0.324,0.363,0.451,0.377,-0.224,0.539,-0.6,0.443,0.684,-0.165,0.135,-0.108,0.509,0.348,0.24,0.459,0.429,0.316,0.669,0.569,0.445,0.609,-0.202,0.529,0.758,0.542,0.478,0.629,0.646,0.451,0.503,0.315,0.752,0.552,0.487,0.716,-0.274,0.648,0.679,0.318,0.285,-0.026,0.235,-0.319,0.331,-0.018,0.021,0.538,-0.182,0.672,0.697,0.567,0.33,-0.192,-0.601,-0.369,0.102,0.631,0.067,0.141,0.069,-0.107,0.479,0.039,0.551,0.455,-0.226,0.704,-0.285,-0.086,0.532,-0.417,-0.206,-0.295,-0.259,-0.161,0.79,0.025,0.044,0.577,0.312,0.131,-0.149,0.382,0.073,0.019
000800SZ,-0.133,-0.766,0.202,0.612,-0.598,0.702,0.339,-0.097,-0.591,0.337,0.941,-0.803,0.863,0.017,0.971,-0.496,0.347,-0.185,1.0,0.486,0.42,0.793,0.8,0.945,0.246,0.908,-0.363,0.797,0.716,0.808,0.838,0.007,0.95,-0.65,0.908,0.91,0.79,0.465,0.782,0.691,-0.557,0.039,0.253,0.437,0.795,0.948,0.567,0.884,0.015,0.841,0.827,0.895,0.923,0.828,0.035,0.949,0.831,0.925,0.628,0.935,0.473,0.803,0.625,0.738,0.795,0.953,0.663,0.675,0.935,0.868,0.906,0.918,0.941,0.886,0.927,0.954,0.735,0.913,0.929,0.863,0.12,-0.396,0.133,0.9,0.089,-0.204,0.624,0.092,-0.371,0.682,0.253,-0.455,-0.549,-0.386,0.315,-0.668,-0.738,0.523,0.618,0.762,0.883,0.871,0.729,-0.603,0.748,0.947,-0.362,0.839,0.506,-0.433,-0.062,-0.232,0.624,0.42,0.598,0.549,0.902,0.726,-0.395,0.047,0.889,-0.1,0.116,-0.438,0.488,0.776,0.217,-0.17,0.867,0.96,-0.505,0.3,-0.671,-0.564,-0.113,0.821,-0.471,0.612,-0.834,-0.356,0.8,-0.32,0.839,0.441,-0.139,0.127,0.093,0.643,0.211,-0.399,0.125,-0.153,-0.464,0.868,-0.79,-0.512,-0.462,-0.716,0.263,0.028,0.265,-0.764,0.303,-0.277,-0.06,0.303,-0.595,0.922,-0.728,-0.532,0.512,0.758,0.558,-0.031,0.389,0.522,0.823,-0.46,0.269,0.213,-0.089,-0.375,-0.758,0.166,0.854,0.289,0.936,0.879,-0.499,0.108,0.492,0.855,0.826,-0.819,0.789,-0.716,-0.644,0.728,-0.384,0.864,0.092,-0.492,0.547,0.893,0.933,0.8,0.929,-0.52,0.865,0.753,-0.218,0.55,0.495,0.87,-0.911,0.874,0.923
000807SZ,0.183,-0.079,0.674,0.531,-0.026,0.372,0.323,-0.18,-0.188,0.339,0.366,-0.147,0.22,0.226,0.436,0.376,0.645,0.125,0.486,1.0,0.207,0.128,0.184,0.429,0.568,0.232,0.344,0.701,0.288,0.17,0.705,0.673,0.516,0.014,0.432,0.363,0.495,0.047,0.196,0.025,0.285,-0.158,-0.004,0.589,0.384,0.533,0.38,0.35,0.623,0.113,0.439,0.629,0.349,0.453,0.012,0.351,0.691,0.316,0.603,0.478,0.516,0.592,0.048,0.421,0.561,0.488,0.796,0.025,0.434,0.51,0.258,0.237,0.507,0.511,0.253,0.389,0.353,0.373,0.337,0.192,0.221,-0.486,0.403,0.689,0.667,0.223,0.346,0.625,0.396,0.674,0.48,0.182,0.215,0.396,0.527,-0.274,-0.016,0.499,0.265,0.542,0.524,0.602,0.638,0.183,0.319,0.366,0.241,0.094,0.951,0.163,0.268,0.498,0.498,0.799,0.935,0.42,0.304,0.368,0.413,0.198,0.643,0.528,-0.086,0.001,0.29,0.215,-0.259,0.397,0.377,0.507,0.377,0.553,-0.273,0.258,0.165,0.26,0.018,0.349,-0.141,0.277,0.712,0.168,0.7,0.381,0.388,0.557,0.596,0.596,0.45,0.163,0.284,0.332,0.074,0.529,-0.261,0.079,0.043,0.1,0.337,0.198,0.256,-0.225,0.931,0.168,0.041,0.669,0.039,0.42,-0.08,0.132,0.702,0.604,0.817,-0.172,0.335,0.581,0.259,0.382,0.335,0.108,0.285,-0.056,-0.061,0.533,0.63,0.207,0.38,0.58,-0.058,0.394,0.949,0.603,0.27,-0.154,0.733,-0.042,-0.151,-0.009,-0.139,0.193,0.623,-0.075,-0.047,0.294,0.565,0.544,0.622,0.099,0.589,0.878,0.232,0.422,0.528,0.429,-0.401,0.287,0.607
000858SZ,0.099,-0.593,-0.059,-0.197,-0.401,-0.152,0.792,0.03,0.198,-0.459,0.509,-0.584,0.463,-0.452,0.503,-0.331,-0.197,-0.198,0.42,0.207,1.0,0.233,0.519,0.393,0.001,0.481,-0.66,0.067,-0.034,0.496,0.22,-0.081,0.408,-0.392,0.279,0.225,0.562,0.736,0.809,0.786,-0.366,0.689,-0.078,-0.354,0.63,0.19,0.655,0.293,-0.146,0.352,0.717,0.342,0.531,0.555,0.032,0.515,0.252,0.586,-0.256,0.432,-0.046,0.11,0.036,0.662,0.499,0.288,0.085,0.103,0.288,0.62,0.345,0.398,0.312,0.587,0.353,0.314,-0.112,0.318,0.53,0.308,-0.085,-0.371,-0.265,0.265,-0.376,-0.607,-0.082,-0.343,-0.372,-0.172,-0.562,-0.297,-0.597,-0.05,-0.105,-0.141,-0.426,-0.255,-0.174,0.726,0.201,0.537,0.103,-0.31,0.052,0.221,-0.666,0.531,0.236,0.253,0.399,-0.322,-0.046,-0.119,0.187,-0.324,0.438,-0.005,-0.012,-0.141,0.269,-0.497,0.745,-0.568,0.353,0.287,0.538,-0.631,0.204,0.469,-0.191,-0.477,-0.193,-0.6,-0.684,0.684,-0.553,0.292,-0.561,-0.398,0.143,0.443,0.14,-0.287,-0.479,0.405,-0.423,-0.102,0.603,-0.652,-0.568,-0.618,-0.692,0.333,-0.297,-0.485,-0.784,-0.309,-0.405,-0.454,-0.502,-0.331,-0.069,-0.597,-0.716,-0.336,-0.486,0.611,-0.31,-0.604,-0.29,0.017,-0.096,-0.77,0.281,-0.28,0.03,-0.005,-0.506,-0.474,0.306,-0.689,-0.571,-0.463,0.155,0.551,0.596,0.187,-0.462,0.725,0.3,0.146,0.322,-0.364,0.079,-0.562,-0.813,0.46,0.158,0.316,-0.2,0.286,0.777,0.54,0.537,0.707,0.241,-0.332,0.124,0.327,-0.662,-0.341,0.321,0.646,-0.432,0.43,0.328
000876SZ,0.04,-0.629,0.003,0.604,-0.389,0.771,0.113,0.195,-0.464,0.358,0.761,-0.616,0.843,0.202,0.785,-0.668,0.287,0.003,0.793,0.128,0.233,1.0,0.887,0.805,0.247,0.821,-0.423,0.554,0.797,0.904,0.524,-0.344,0.71,-0.677,0.807,0.885,0.506,0.433,0.646,0.643,-0.685,-0.077,0.292,0.314,0.539,0.78,0.261,0.874,-0.224,0.903,0.554,0.657,0.716,0.511,0.199,0.762,0.553,0.738,0.542,0.695,0.491,0.728,0.829,0.428,0.419,0.754,0.364,0.793,0.797,0.6,0.885,0.885,0.763,0.607,0.88,0.798,0.769,0.825,0.732,0.831,0.277,-0.091,0.229,0.613,-0.069,-0.058,0.703,-0.001,-0.482,0.521,0.256,-0.637,-0.547,-0.544,0.294,-0.377,-0.629,0.559,0.762,0.451,0.726,0.576,0.545,-0.611,0.804,0.884,-0.3,0.806,0.163,-0.551,-0.079,-0.369,0.67,0.255,0.28,0.591,0.771,0.795,-0.5,0.271,0.59,-0.092,0.264,-0.188,0.574,0.734,0.351,-0.142,0.794,0.705,-0.714,0.272,-0.384,-0.564,-0.004,0.733,-0.251,0.357,-0.695,-0.216,0.581,-0.439,0.545,0.504,-0.188,-0.124,-0.064,0.561,-0.045,-0.281,0.293,-0.135,-0.297,0.781,-0.635,-0.269,-0.277,-0.706,0.432,0.085,0.427,-0.556,0.021,-0.05,0.198,0.232,-0.402,0.786,-0.559,-0.401,0.404,0.705,0.275,0.273,0.2,0.507,0.854,-0.72,0.408,0.259,-0.049,-0.109,-0.588,0.107,0.624,-0.007,0.708,0.762,-0.253,-0.094,0.143,0.703,0.853,-0.67,0.519,-0.583,-0.425,0.695,-0.243,0.808,-0.225,-0.375,0.515,0.745,0.66,0.488,0.735,-0.297,0.735,0.396,-0.091,0.609,0.159,0.631,-0.765,0.829,0.729
000895SZ,0.13,-0.704,-0.032,0.471,-0.418,0.641,0.359,0.292,-0.295,0.162,0.753,-0.694,0.838,0.074,0.83,-0.694,0.239,0.01,0.8,0.184,0.519,0.887,1.0,0.795,0.292,0.857,-0.538,0.48,0.692,0.961,0.47,-0.406,0.684,-0.733,0.766,0.84,0.575,0.641,0.803,0.767,-0.705,0.149,0.261,0.124,0.625,0.699,0.375,0.835,-0.238,0.899,0.689,0.631,0.742,0.527,0.08,0.793,0.504,0.776,0.4,0.657,0.453,0.685,0.757,0.496,0.445,0.679,0.3,0.786,0.715,0.704,0.866,0.879,0.702,0.666,0.835,0.736,0.605,0.78,0.738,0.85,0.265,-0.149,0.173,0.586,-0.157,-0.184,0.627,-0.067,-0.478,0.41,0.057,-0.705,-0.653,-0.445,0.273,-0.318,-0.623,0.435,0.646,0.621,0.687,0.626,0.452,-0.6,0.774,0.808,-0.477,0.878,0.23,-0.416,0.091,-0.428,0.595,0.178,0.31,0.448,0.783,0.68,-0.441,0.261,0.544,-0.228,0.509,-0.278,0.661,0.715,0.552,-0.327,0.747,0.71,-0.694,0.133,-0.305,-0.662,-0.188,0.881,-0.29,0.327,-0.746,-0.237,0.503,-0.218,0.473,0.342,-0.319,0.096,-0.212,0.484,0.138,-0.432,0.117,-0.311,-0.444,0.753,-0.594,-0.322,-0.446,-0.689,0.28,-0.039,0.251,-0.526,0.017,-0.171,-0.007,0.131,-0.413,0.861,-0.551,-0.485,0.282,0.642,0.188,-0.039,0.3,0.384,0.722,-0.642,0.235,0.055,0.113,-0.28,-0.631,-0.043,0.591,0.084,0.768,0.704,-0.335,0.179,0.231,0.651,0.86,-0.654,0.481,-0.64,-0.601,0.719,-0.111,0.827,-0.341,-0.193,0.699,0.768,0.696,0.575,0.687,-0.289,0.685,0.41,-0.27,0.438,0.23,0.738,-0.781,0.852,0.71
000938SZ,-0.022,-0.711,0.253,0.612,-0.486,0.705,0.357,-0.076,-0.495,0.345,0.897,-0.708,0.872,0.104,0.938,-0.48,0.38,-0.048,0.945,0.429,0.393,0.805,0.795,1.0,0.359,0.86,-0.38,0.706,0.751,0.83,0.768,-0.051,0.887,-0.62,0.958,0.942,0.736,0.525,0.737,0.662,-0.554,0.117,0.192,0.432,0.716,0.911,0.515,0.853,0.006,0.887,0.755,0.895,0.859,0.759,0.02,0.95,0.722,0.897,0.576,0.895,0.528,0.803,0.664,0.674,0.69,0.905,0.61,0.664,0.866,0.824,0.929,0.94,0.929,0.835,0.869,0.923,0.75,0.901,0.888,0.825,0.215,-0.256,0.192,0.857,0.043,-0.137,0.677,0.082,-0.347,0.65,0.223,-0.532,-0.574,-0.421,0.44,-0.537,-0.677,0.554,0.626,0.691,0.795,0.837,0.74,-0.579,0.733,0.931,-0.404,0.834,0.465,-0.388,0.02,-0.235,0.692,0.423,0.567,0.558,0.868,0.746,-0.454,0.156,0.786,-0.08,0.182,-0.339,0.566,0.875,0.218,-0.15,0.819,0.913,-0.516,0.272,-0.643,-0.571,-0.098,0.785,-0.472,0.552,-0.787,-0.319,0.727,-0.325,0.761,0.481,-0.205,0.105,0.077,0.653,0.206,-0.338,0.185,-0.169,-0.405,0.813,-0.729,-0.442,-0.421,-0.707,0.327,0.135,0.307,-0.698,0.264,-0.184,0.035,0.313,-0.527,0.847,-0.625,-0.478,0.486,0.753,0.47,-0.001,0.213,0.541,0.834,-0.516,0.306,0.144,0.001,-0.278,-0.693,0.126,0.769,0.17,0.881,0.868,-0.439,0.113,0.426,0.821,0.845,-0.754,0.726,-0.674,-0.589,0.752,-0.269,0.822,-0.009,-0.404,0.524,0.891,0.868,0.747,0.882,-0.428,0.845,0.708,-0.122,0.582,0.497,0.856,-0.829,0.924,0.923
000963SZ,0.662,0.217,0.67,0.563,0.453,0.464,0.27,0.11,0.223,0.378,0.065,0.213,0.167,0.631,0.248,0.354,0.849,0.7,0.246,0.568,0.001,0.247,0.292,0.359,1.0,0.024,0.346,0.421,0.437,0.246,0.347,0.237,0.182,0.17,0.408,0.415,0.207,0.217,-0.029,-0.131,0.276,-0.17,-0.03,0.454,0.019,0.338,0.066,0.213,0.571,0.228,0.069,0.466,-0.025,-0.045,0.214,0.18,0.215,0.048,0.49,0.12,0.815,0.638,0.229,-0.04,0.034,0.179,0.485,0.132,0.12,0.247,0.318,0.222,0.317,0.165,0.068,0.159,0.365,0.167,0.018,0.102,0.692,0.168,0.751,0.37,0.525,0.538,0.653,0.588,0.487,0.563,0.421,-0.127,0.189,0.384,0.907,0.282,0.313,0.684,0.404,0.234,0.241,0.346,0.458,0.364,0.417,0.27,0.2,0.013,0.663,0.241,0.578,0.457,0.746,0.751,0.686,0.565,0.089,0.476,0.206,0.711,0.228,0.575,0.144,0.527,0.683,0.404,-0.09,0.448,0.168,0.194,0.274,0.55,0.077,0.309,0.264,0.174,0.357,-0.191,0.094,0.549,0.36,0.163,0.339,0.555,0.284,0.523,0.523,0.706,0.299,0.456,0.579,0.334,0.363,0.298,0.075,0.506,0.338,0.167,0.676,0.618,0.497,0.141,0.678,0.632,0.445,0.71,0.484,0.17,0.273,0.44,0.649,0.644,0.46,0.06,-0.098,0.711,0.246,0.04,0.582,-0.075,0.685,0.397,0.295,0.425,0.372,-0.365,0.079,0.484,0.35,0.307,0.609,0.423,0.341,0.129,0.493,0.204,0.126,-0.1,0.356,0.049,0.092,0.268,-0.144,0.142,0.184,0.144,0.356,0.533,0.453,0.531,0.499,0.591,0.459,0.246,-0.078,0.374,0.479
000999SZ,-0.274,-0.895,-0.079,0.424,-0.736,0.583,0.243,0.015,-0.611,0.192,0.925,-0.897,0.892,-0.144,0.922,-0.743,0.069,-0.348,0.908,0.232,0.481,0.821,0.857,0.86,0.024,1.0,-0.589,0.594,0.619,0.874,0.64,-0.224,0.871,-0.801,0.807,0.836,0.651,0.51,0.861,0.822,-0.795,0.177,0.338,0.236,0.803,0.802,0.545,0.863,-0.302,0.879,0.82,0.725,0.947,0.806,-0.098,0.916,0.713,0.925,0.429,0.87,0.237,0.627,0.67,0.678,0.71,0.866,0.448,0.729,0.893,0.784,0.858,0.928,0.823,0.838,0.938,0.904,0.623,0.896,0.927,0.902,-0.066,-0.437,-0.103,0.739,-0.189,-0.385,0.463,-0.14,-0.616,0.456,0.067,-0.594,-0.715,-0.571,0.049,-0.697,-0.869,0.326,0.568,0.716,0.818,0.715,0.54,-0.771,0.682,0.879,-0.531,0.937,0.228,-0.559,-0.227,-0.502,0.428,0.11,0.319,0.379,0.926,0.647,-0.536,-0.121,0.744,-0.316,0.231,-0.596,0.373,0.692,0.402,-0.379,0.835,0.881,-0.737,0.084,-0.623,-0.765,-0.256,0.871,-0.59,0.644,-0.91,-0.509,0.648,-0.361,0.634,0.248,-0.342,-0.044,-0.221,0.395,0.045,-0.611,-0.049,-0.357,-0.622,0.823,-0.844,-0.658,-0.616,-0.833,0.071,-0.221,0.132,-0.809,0.001,-0.463,-0.168,0.033,-0.744,0.911,-0.821,-0.712,0.251,0.572,0.304,-0.061,0.413,0.31,0.785,-0.612,0.089,0.192,-0.231,-0.505,-0.867,-0.036,0.697,0.35,0.932,0.738,-0.641,0.042,0.232,0.703,0.834,-0.877,0.574,-0.829,-0.732,0.805,-0.439,0.917,-0.106,-0.517,0.721,0.868,0.865,0.743,0.809,-0.652,0.706,0.524,-0.433,0.38,0.261,0.812,-0.939,0.822,0.762
001965SZ,0.226,0.756,0.51,0.337,0.584,0.133,-0.446,0.039,0.096,0.41,-0.515,0.705,-0.565,0.583,-0.476,0.759,0.566,0.347,-0.363,0.344,-0.66,-0.423,-0.538,-0.38,0.346,-0.589,1.0,0.117,-0.009,-0.548,-0.034,0.557,-0.355,0.589,-0.275,-0.29,-0.448,-0.705,-0.767,-0.857,0.716,-0.618,0.029,0.481,-0.491,-0.157,-0.355,-0.364,0.631,-0.533,-0.584,-0.156,-0.547,-0.459,-0.069,-0.535,-0.049,-0.604,0.399,-0.403,0.325,0.06,-0.229,-0.499,-0.331,-0.279,0.195,-0.291,-0.339,-0.508,-0.426,-0.525,-0.28,-0.479,-0.519,-0.394,-0.042,-0.398,-0.581,-0.447,0.147,0.119,0.587,-0.065,0.777,0.785,0.089,0.784,0.827,0.338,0.676,0.574,0.909,0.576,0.4,0.277,0.681,0.395,0.097,-0.433,-0.152,-0.33,0.152,0.704,-0.104,-0.318,0.855,-0.695,0.303,0.122,-0.008,0.732,0.179,0.514,0.342,0.364,-0.519,0.047,0.514,0.342,-0.119,0.855,-0.569,0.677,-0.256,-0.387,-0.601,0.859,-0.228,-0.407,0.641,0.676,0.368,0.906,0.75,-0.649,0.735,-0.164,0.75,0.732,0.083,0.01,0.055,0.368,0.725,0.05,0.711,0.252,-0.142,0.861,0.649,0.798,0.868,-0.205,0.465,0.712,0.868,0.699,0.524,0.471,0.525,0.539,0.61,0.751,0.622,0.674,0.731,-0.522,0.584,0.845,0.512,0.175,0.448,0.422,-0.055,0.442,-0.175,0.479,0.556,0.369,0.1,0.703,0.764,0.671,-0.014,-0.386,-0.586,-0.053,0.623,-0.198,0.315,-0.02,-0.351,0.628,0.168,0.793,0.814,-0.711,-0.02,-0.453,0.539,-0.01,-0.801,-0.558,-0.407,-0.472,-0.165,0.598,-0.026,0.096,0.73,0.354,-0.105,-0.55,0.438,-0.477,-0.186
002001SZ,-0.064,-0.343,0.477,0.788,-0.344,0.703,0.113,-0.293,-0.599,0.659,0.664,-0.459,0.556,0.186,0.748,-0.048,0.641,-0.033,0.797,0.701,0.067,0.554,0.48,0.706,0.421,0.594,0.117,1.0,0.646,0.441,0.901,0.394,0.814,-0.267,0.714,0.737,0.647,0.085,0.365,0.223,-0.13,-0.353,0.201,0.708,0.507,0.894,0.379,0.686,0.444,0.513,0.514,0.843,0.661,0.641,0.132,0.679,0.834,0.628,0.816,0.736,0.612,0.833,0.399,0.545,0.727,0.823,0.805,0.412,0.819,0.64,0.662,0.619,0.833,0.668,0.673,0.776,0.726,0.676,0.631,0.578,0.195,-0.356,0.395,0.914,0.584,0.172,0.671,0.481,0.059,0.892,0.611,-0.014,-0.052,-0.049,0.475,-0.608,-0.37,0.707,0.58,0.548,0.819,0.758,0.794,-0.22,0.586,0.774,0.139,0.411,0.688,-0.323,-0.066,0.238,0.692,0.732,0.788,0.721,0.597,0.7,-0.094,0.126,0.924,0.293,-0.292,-0.201,0.355,0.56,-0.233,0.255,0.734,0.786,-0.087,0.617,-0.602,-0.062,0.213,0.447,-0.15,0.482,-0.466,-0.058,0.873,-0.334,0.91,0.634,0.363,0.228,0.573,0.811,0.223,0.033,0.403,0.333,-0.068,0.731,-0.572,-0.179,-0.011,-0.337,0.491,0.343,0.486,-0.542,0.646,0.08,0.187,0.649,-0.254,0.651,-0.462,-0.106,0.816,0.834,0.82,0.186,0.46,0.717,0.727,-0.2,0.53,0.446,-0.081,-0.055,-0.404,0.581,0.854,0.199,0.651,0.861,-0.245,-0.038,0.695,0.891,0.584,-0.543,0.933,-0.318,-0.253,0.311,-0.397,0.579,0.486,-0.557,0.056,0.574,0.735,0.589,0.854,-0.24,0.823,0.851,0.109,0.679,0.543,0.58,-0.695,0.592,0.835
