,000001SZ,000002SZ,000157SZ,000166SZ,000333SZ,000338SZ,000538SZ,000568SZ,000596SZ,000617SZ,000625SZ,000651SZ,000661SZ,000708SZ,000725SZ,000768SZ,000776SZ,000786SZ,000800SZ,000807SZ,000858SZ,000876SZ,000895SZ,000938SZ,000963SZ,000999SZ,001965SZ,002001SZ,002007SZ,002027SZ,002028SZ,002050SZ,002129SZ,002179SZ,002230SZ,002236SZ,002241SZ,002271SZ,002304SZ,002311SZ,002371SZ,002415SZ,002422SZ,002459SZ,002460SZ,002463SZ,002466SZ,002475SZ,002493SZ,002555SZ,002594SZ,002601SZ,002648SZ,002709SZ,002714SZ,002916SZ,002920SZ,002938SZ,003816SZ,300014SZ,300033SZ,300059SZ,300122SZ,300124SZ,300274SZ,300308SZ,300316SZ,300347SZ,300394SZ,300408SZ,300413SZ,300418SZ,300433SZ,300450SZ,300498SZ,300502SZ,300628SZ,300661SZ,300750SZ,300759SZ,300760SZ,300782SZ,600000SS,600010SS,600011SS,600015SS,600016SS,600018SS,600019SS,600023SS,600025SS,600026SS,600028SS,600029SS,600031SS,600036SS,600048SS,600050SS,600061SS,600085SS,600089SS,600104SS,600111SS,600115SS,600161SS,600183SS,600188SS,600196SS,600219SS,600233SS,600276SS,600309SS,600332SS,600346SS,600362SS,600377SS,600406SS,600415SS,600426SS,600436SS,600438SS,600489SS,600519SS,600570SS,600585SS,600588SS,600600SS,600660SS,600674SS,600741SS,600760SS,600795SS,600809SS,600875SS,600886SS,600887SS,600926SS,600989SS,601006SS,601009SS,601012SS,601021SS,601058SS,601066SS,601088SS,601100SS,601117SS,601138SS,601166SS,601169SS,601186SS,601225SS,601229SS,601238SS,601288SS,601318SS,601319SS,601328SS,601336SS,601360SS,601390SS,601398SS,601600SS,601601SS,601607SS,601618SS,601628SS,601633SS,601658SS,601668SS,601669SS,601688SS,601689SS,601698SS,601699SS,601766SS,601788SS,601799SS,601800SS,601808SS,601816SS,601818SS,601838SS,601857SS,601865SS,601872SS,601877SS,601878SS,601881SS,601888SS,601899SS,601901SS,601919SS,601939SS,601985SS,601988SS,601998SS,603019SS,603195SS,603259SS,603260SS,603288SS,603369SS,603501SS,603659SS,603799SS,603806SS,603833SS,603986SS,603993SS,688008SS,688009SS,688012SS,688036SS,688111SS,688169SS,688396SS
000001SZ,1.0,0.943,0.716,0.067,0.867,0.52,0.817,0.642,-0.737,0.096,-0.201,0.765,-0.472,-0.104,0.311,0.164,0.458,0.874,0.429,-0.024,0.73,0.831,0.23,0.408,0.284,0.251,0.758,0.436,0.433,0.686,-0.142,0.123,0.326,-0.197,0.356,0.214,-0.192,0.669,0.346,0.492,-0.576,0.216,-0.206,-0.034,0.288,-0.629,0.177,-0.491,-0.353,0.721,0.271,0.659,0.035,0.063,0.574,-0.43,0.043,-0.66,0.726,0.023,0.326,0.455,0.656,0.074,-0.185,0.334,0.113,0.432,-0.644,-0.521,0.189,0.427,-0.18,0.55,0.462,-0.346,0.249,-0.581,0.258,0.576,0.208,-0.05,0.878,0.307,0.289,0.595,0.289,0.763,0.774,0.234,0.444,-0.056,0.369,0.875,0.828,0.884,0.845,-0.038,0.372,0.116,0.593,-0.056,-0.358,0.865,0.112,-0.356,-0.252,0.743,-0.203,0.093,-0.151,0.462,0.625,0.051,0.042,0.836,0.091,0.713,-0.101,0.637,0.523,-0.403,0.302,-0.016,0.549,-0.052,-0.659,0.805,0.221,0.626,-0.676,0.224,0.571,0.386,0.613,0.401,0.66,-0.106,-0.212,-0.352,0.387,0.805,-0.766,0.314,0.403,0.584,0.772,0.025,0.784,0.849,0.886,-0.131,0.905,-0.422,0.461,0.86,0.77,0.861,0.478,-0.142,0.905,0.706,0.578,0.878,0.739,0.854,0.872,0.398,0.84,0.929,0.628,0.145,0.525,-0.624,0.273,0.521,0.155,0.007,0.894,0.39,0.901,0.884,0.571,0.767,-0.137,0.19,0.794,0.31,0.219,0.674,0.306,0.283,0.704,0.847,0.254,0.796,0.933,-0.451,0.73,0.5,-0.42,0.487,-0.677,-0.455,0.252,0.258,-0.244,0.858,-0.538,0.439,-0.531,0.203,-0.711,0.222,-0.307,-0.06,-0.489
000002SZ,0.943,1.0,0.746,0.02,0.895,0.468,0.823,0.662,-0.743,0.071,-0.154,0.747,-0.532,-0.184,0.238,0.109,0.45,0.89,0.46,-0.051,0.732,0.889,0.192,0.305,0.275,0.23,0.747,0.454,0.359,0.614,-0.099,0.144,0.456,-0.231,0.298,0.035,-0.219,0.717,0.355,0.502,-0.641,0.061,-0.381,0.04,0.324,-0.707,0.198,-0.536,-0.433,0.695,0.392,0.672,0.089,0.126,0.584,-0.524,0.073,-0.661,0.735,0.107,0.227,0.434,0.64,0.144,-0.151,0.256,0.188,0.357,-0.657,-0.591,0.092,0.422,-0.218,0.713,0.515,-0.421,0.131,-0.665,0.377,0.591,0.174,-0.193,0.891,0.241,0.296,0.492,0.21,0.746,0.772,0.244,0.423,0.018,0.279,0.92,0.842,0.883,0.915,-0.119,0.342,0.064,0.678,-0.099,-0.437,0.91,0.082,-0.372,-0.259,0.763,-0.196,0.147,-0.218,0.478,0.664,-0.069,-0.045,0.803,0.109,0.726,-0.148,0.624,0.554,-0.471,0.326,-0.164,0.505,-0.16,-0.646,0.843,0.189,0.636,-0.742,0.245,0.534,0.406,0.579,0.329,0.649,-0.136,-0.245,-0.428,0.464,0.876,-0.809,0.261,0.419,0.517,0.82,-0.136,0.693,0.835,0.898,-0.128,0.902,-0.451,0.41,0.844,0.802,0.842,0.411,-0.255,0.922,0.683,0.523,0.868,0.71,0.845,0.834,0.445,0.849,0.971,0.678,0.077,0.584,-0.731,0.267,0.485,0.121,0.091,0.921,0.343,0.886,0.875,0.564,0.697,-0.115,0.28,0.831,0.268,0.157,0.689,0.218,0.241,0.618,0.848,0.233,0.812,0.956,-0.562,0.704,0.481,-0.43,0.501,-0.686,-0.594,0.343,0.305,-0.278,0.847,-0.634,0.423,-0.648,0.125,-0.779,0.147,-0.413,-0.126,-0.558
000157SZ,0.716,0.746,1.0,0.191,0.817,0.775,0.824,0.649,-0.659,0.139,-0.092,0.866,-0.105,0.308,0.369,0.298,0.589,0.781,0.328,0.146,0.75,0.705,0.523,0.448,0.261,0.072,0.548,0.403,0.644,0.611,0.092,0.221,0.406,0.029,0.382,0.229,-0.132,0.72,0.535,0.199,-0.409,0.319,-0.154,0.321,0.569,-0.561,0.436,-0.374,-0.077,0.754,0.134,0.826,0.333,0.601,0.261,-0.409,-0.083,-0.639,0.574,-0.009,0.52,0.569,0.729,0.073,-0.203,0.44,-0.112,0.521,-0.327,-0.515,0.499,0.503,-0.272,0.456,0.089,-0.212,0.32,-0.448,0.214,0.623,0.423,-0.165,0.912,0.571,0.124,0.655,0.242,0.803,0.778,0.204,0.331,-0.072,0.352,0.78,0.88,0.856,0.622,0.04,0.378,0.171,0.488,0.131,-0.09,0.817,0.362,-0.21,-0.17,0.779,-0.062,0.008,0.079,0.62,0.56,0.349,0.267,0.827,-0.127,0.926,0.223,0.706,0.195,-0.041,0.522,0.103,0.756,-0.041,-0.512,0.739,0.088,0.57,-0.488,0.452,0.663,0.325,0.393,0.565,0.516,0.259,-0.197,-0.182,0.706,0.66,-0.556,0.39,0.365,0.781,0.725,0.153,0.673,0.834,0.881,-0.053,0.869,-0.303,0.429,0.82,0.875,0.842,0.591,0.045,0.833,0.665,0.7,0.914,0.857,0.87,0.876,0.345,0.799,0.806,0.609,0.285,0.381,-0.418,0.24,0.625,0.228,-0.041,0.82,0.36,0.864,0.872,0.46,0.731,0.02,0.153,0.665,0.376,0.327,0.654,0.494,0.333,0.661,0.848,0.187,0.806,0.785,-0.457,0.256,0.569,-0.165,0.403,-0.456,-0.391,0.535,0.31,0.054,0.672,-0.362,0.707,-0.429,0.392,-0.592,-0.013,-0.167,0.225,-0.416
000166SZ,0.067,0.02,0.191,1.0,-0.219,0.226,-0.01,-0.367,0.221,0.829,-0.762,0.237,0.189,0.033,0.917,-0.078,0.86,-0.26,0.582,0.913,-0.264,-0.173,0.614,0.189,-0.74,0.739,0.558,0.797,0.373,0.481,0.803,-0.093,0.61,0.273,-0.554,0.384,0.857,-0.428,0.595,-0.59,0.603,0.152,0.251,-0.145,0.433,0.434,0.055,0.683,0.805,0.515,-0.42,-0.247,0.878,0.565,-0.399,0.712,-0.884,0.102,0.548,0.692,0.762,0.864,-0.275,-0.46,0.594,0.591,0.558,0.269,0.578,0.505,-0.014,0.867,0.733,-0.004,-0.296,0.856,-0.483,0.108,0.479,-0.479,0.42,0.349,0.28,0.345,0.724,0.523,0.36,0.472,-0.119,0.897,0.663,0.671,0.86,-0.11,-0.096,-0.106,0.13,0.881,0.912,0.255,0.56,0.873,0.553,0.0,0.796,0.85,0.844,-0.105,0.682,0.635,0.274,0.7,-0.471,0.609,0.78,0.149,-0.06,0.1,0.636,0.085,0.512,0.616,0.195,-0.046,0.442,0.245,0.01,-0.295,0.594,-0.431,0.517,0.794,-0.139,0.592,0.51,0.482,-0.621,0.648,0.882,0.536,0.093,-0.377,-0.175,0.918,0.73,0.1,-0.18,0.577,0.571,-0.115,0.137,0.85,-0.054,-0.628,-0.168,-0.183,0.227,-0.009,0.835,0.714,-0.117,-0.347,0.588,0.28,0.167,0.302,0.251,-0.705,-0.295,-0.052,0.634,0.984,-0.463,-0.21,0.797,0.799,0.944,-0.858,-0.085,0.719,0.096,-0.074,-0.667,0.315,0.456,0.633,0.411,0.911,0.975,-0.501,0.791,0.919,0.474,-0.17,0.906,-0.108,0.153,-0.15,0.164,-0.311,0.849,-0.639,-0.123,0.05,-0.497,-0.733,0.722,-0.279,0.227,0.301,-0.171,0.785,0.416,0.67,-0.015,0.915,0.684
000333SZ,0.867,0.895,0.817,-0.219,1.0,0.593,0.893,0.847,-0.797,-0.191,0.072,0.812,-0.378,0.109,0.009,0.294,0.243,0.975,0.201,-0.261,0.892,0.856,0.149,0.395,0.547,-0.094,0.498,0.172,0.431,0.486,-0.296,0.167,0.205,-0.116,0.561,0.094,-0.499,0.887,0.252,0.523,-0.732,0.224,-0.345,0.172,0.357,-0.841,0.371,-0.73,-0.518,0.612,0.365,0.876,-0.106,0.162,0.523,-0.719,0.268,-0.761,0.479,-0.223,0.167,0.227,0.85,0.173,-0.436,0.163,-0.196,0.416,-0.753,-0.783,0.332,0.183,-0.527,0.566,0.353,-0.62,0.451,-0.593,0.102,0.823,0.253,-0.245,0.849,0.314,-0.058,0.488,0.1,0.682,0.831,-0.086,0.16,-0.28,0.083,0.94,0.951,0.955,0.723,-0.292,0.064,0.114,0.396,-0.283,-0.435,0.917,-0.011,-0.624,-0.511,0.863,-0.404,-0.143,-0.124,0.346,0.793,-0.009,-0.128,0.811,0.022,0.847,-0.135,0.716,0.205,-0.476,0.421,0.012,0.557,-0.124,-0.591,0.902,-0.028,0.765,-0.792,0.06,0.744,0.16,0.329,0.349,0.816,-0.125,-0.512,-0.477,0.529,0.928,-0.677,0.026,0.179,0.716,0.85,-0.143,0.554,0.948,0.894,-0.369,0.951,-0.188,0.555,0.958,0.763,0.916,0.27,-0.312,0.97,0.852,0.468,0.853,0.79,0.814,0.822,0.646,0.971,0.953,0.453,-0.129,0.609,-0.498,-0.009,0.309,-0.143,0.265,0.951,0.137,0.893,0.955,0.796,0.677,-0.199,-0.018,0.629,0.017,-0.064,0.889,0.127,-0.012,0.572,0.962,-0.089,0.914,0.874,-0.438,0.455,0.725,-0.6,0.708,-0.546,-0.488,0.631,0.572,-0.33,0.915,-0.562,0.509,-0.467,0.002,-0.845,-0.15,-0.262,-0.256,-0.724
000338SZ,0.52,0.468,0.775,0.226,0.593,1.0,0.681,0.433,-0.526,-0.016,-0.097,0.792,0.131,0.548,0.422,0.672,0.448,0.603,0.333,0.191,0.615,0.394,0.635,0.661,0.327,-0.111,0.284,0.212,0.773,0.403,-0.01,0.324,0.136,0.279,0.572,0.557,-0.146,0.588,0.271,0.006,-0.16,0.665,0.301,0.423,0.595,-0.32,0.564,-0.244,0.155,0.617,-0.079,0.77,0.19,0.478,0.052,-0.2,-0.032,-0.566,0.345,-0.199,0.685,0.423,0.579,-0.039,-0.181,0.338,-0.263,0.408,-0.191,-0.359,0.747,0.357,-0.248,0.086,-0.246,-0.03,0.474,-0.139,-0.028,0.451,0.434,0.155,0.68,0.75,-0.04,0.77,0.324,0.69,0.696,0.126,0.329,-0.178,0.412,0.479,0.716,0.668,0.292,0.221,0.263,0.341,0.263,0.277,0.255,0.507,0.365,-0.114,-0.141,0.578,0.014,-0.211,0.315,0.386,0.479,0.594,0.541,0.744,0.007,0.797,0.44,0.6,-0.021,0.247,0.355,0.446,0.827,0.306,-0.253,0.497,0.052,0.527,-0.15,0.327,0.624,0.259,0.194,0.719,0.433,0.4,-0.133,0.15,0.629,0.359,-0.245,0.325,0.21,0.719,0.507,0.515,0.596,0.709,0.706,-0.035,0.699,-0.053,0.482,0.635,0.621,0.707,0.545,0.416,0.608,0.532,0.756,0.703,0.878,0.728,0.641,0.233,0.631,0.53,0.38,0.34,0.283,0.062,0.186,0.586,0.175,-0.143,0.592,0.297,0.689,0.693,0.4,0.618,0.19,-0.078,0.535,0.325,0.35,0.485,0.576,0.26,0.744,0.707,0.108,0.609,0.545,-0.009,0.055,0.441,-0.079,0.31,-0.257,-0.013,0.42,0.296,0.266,0.509,-0.024,0.79,0.03,0.555,-0.321,-0.09,0.204,0.299,-0.169
000538SZ,0.817,0.823,0.824,-0.01,0.893,0.681,1.0,0.859,-0.605,-0.108,-0.21,0.89,-0.094,0.175,0.165,0.414,0.38,0.894,0.19,-0.161,0.94,0.746,0.318,0.661,0.451,0.053,0.564,0.28,0.702,0.599,-0.125,-0.022,0.274,0.072,0.574,0.292,-0.397,0.806,0.404,0.19,-0.443,0.453,-0.129,0.103,0.541,-0.716,0.512,-0.67,-0.277,0.77,0.238,0.856,0.046,0.282,0.35,-0.475,0.065,-0.834,0.471,-0.213,0.428,0.368,0.893,-0.066,-0.489,0.387,-0.205,0.618,-0.616,-0.684,0.472,0.298,-0.494,0.419,0.103,-0.387,0.425,-0.358,-0.006,0.803,0.534,0.058,0.863,0.34,-0.055,0.613,0.344,0.769,0.669,0.049,0.279,-0.312,0.183,0.892,0.963,0.945,0.59,-0.125,0.181,0.468,0.432,-0.135,-0.102,0.869,0.286,-0.441,-0.402,0.94,-0.431,-0.171,0.215,0.463,0.789,0.195,0.099,0.767,0.055,0.868,0.012,0.919,0.153,-0.332,0.646,0.221,0.719,0.187,-0.647,0.757,0.148,0.573,-0.587,0.202,0.861,0.127,0.372,0.64,0.659,0.008,-0.326,-0.281,0.463,0.779,-0.661,0.179,0.218,0.788,0.705,0.052,0.658,0.935,0.943,-0.252,0.917,-0.246,0.645,0.937,0.688,0.956,0.464,-0.028,0.93,0.837,0.519,0.895,0.901,0.826,0.823,0.365,0.889,0.884,0.469,0.083,0.378,-0.426,0.025,0.389,-0.008,-0.013,0.944,0.177,0.923,0.89,0.688,0.628,-0.283,-0.088,0.665,0.117,0.14,0.74,0.264,0.113,0.681,0.915,0.055,0.943,0.862,-0.262,0.386,0.787,-0.379,0.674,-0.474,-0.234,0.625,0.346,-0.187,0.829,-0.263,0.653,-0.31,0.205,-0.62,-0.054,0.013,0.008,-0.459
000568SZ,0.642,0.662,0.649,-0.367,0.847,0.433,0.859,1.0,-0.48,-0.343,0.073,0.689,-0.043,0.131,-0.246,0.246,0.003,0.836,-0.165,-0.498,0.937,0.705,0.049,0.505,0.65,-0.172,0.306,-0.046,0.472,0.442,-0.387,-0.192,-0.005,-0.057,0.655,0.09,-0.63,0.813,0.282,0.31,-0.562,0.302,-0.304,0.002,0.343,-0.752,0.424,-0.82,-0.539,0.516,0.398,0.789,-0.253,0.085,0.43,-0.643,0.32,-0.706,0.181,-0.422,0.064,0.005,0.939,0.019,-0.751,0.18,-0.459,0.61,-0.753,-0.764,0.406,-0.046,-0.709,0.349,0.193,-0.638,0.537,-0.265,-0.193,0.936,0.429,-0.048,0.638,0.048,-0.343,0.282,0.183,0.478,0.501,-0.319,-0.013,-0.535,-0.2,0.823,0.861,0.844,0.401,-0.459,-0.185,0.373,0.115,-0.458,-0.289,0.757,0.045,-0.683,-0.658,0.886,-0.679,-0.353,0.16,0.189,0.84,-0.097,-0.249,0.536,-0.029,0.698,-0.301,0.83,-0.111,-0.538,0.661,0.205,0.438,0.09,-0.519,0.712,-0.009,0.541,-0.725,-0.1,0.852,-0.233,0.162,0.382,0.745,-0.245,-0.573,-0.432,0.254,0.815,-0.489,-0.181,-0.092,0.714,0.604,-0.203,0.356,0.846,0.747,-0.534,0.773,0.015,0.682,0.884,0.525,0.826,0.134,-0.321,0.825,0.913,0.159,0.666,0.674,0.552,0.636,0.531,0.842,0.772,0.157,-0.291,0.346,-0.315,-0.341,-0.008,-0.355,0.284,0.834,-0.134,0.738,0.777,0.83,0.378,-0.511,-0.313,0.311,-0.27,-0.241,0.808,-0.085,-0.246,0.344,0.823,-0.29,0.892,0.658,-0.197,0.218,0.922,-0.598,0.849,-0.223,-0.157,0.79,0.562,-0.474,0.792,-0.243,0.403,-0.215,-0.135,-0.625,-0.265,0.046,-0.286,-0.619
000596SZ,-0.737,-0.743,-0.659,0.221,-0.797,-0.526,-0.605,-0.48,1.0,0.136,-0.226,-0.587,0.57,-0.106,-0.068,-0.226,-0.197,-0.806,-0.251,0.144,-0.583,-0.76,-0.135,-0.132,-0.44,0.202,-0.328,-0.113,-0.204,-0.225,0.287,-0.508,-0.132,0.252,-0.478,-0.015,0.401,-0.766,-0.029,-0.681,0.785,-0.095,0.18,-0.347,-0.106,0.735,-0.123,0.522,0.46,-0.342,-0.226,-0.76,0.111,-0.072,-0.539,0.697,-0.341,0.581,-0.461,0.211,-0.084,-0.171,-0.557,-0.444,0.174,-0.022,0.07,-0.019,0.597,0.627,-0.274,-0.134,0.36,-0.428,-0.436,0.552,-0.401,0.752,-0.095,-0.553,0.128,0.453,-0.672,-0.505,-0.064,-0.371,0.003,-0.501,-0.889,0.073,-0.119,0.183,-0.102,-0.691,-0.71,-0.752,-0.704,0.251,-0.058,0.239,-0.335,0.199,0.469,-0.699,0.251,0.524,0.413,-0.534,0.19,0.151,0.371,-0.223,-0.594,0.002,0.103,-0.762,-0.108,-0.701,0.062,-0.337,-0.236,0.354,-0.014,0.054,-0.378,0.287,0.546,-0.85,0.192,-0.844,0.659,-0.037,-0.415,-0.341,-0.252,-0.091,-0.766,0.187,0.49,0.495,-0.602,-0.755,0.536,-0.037,-0.142,-0.468,-0.868,0.155,-0.43,-0.728,-0.688,0.312,-0.802,0.11,-0.269,-0.75,-0.663,-0.676,-0.138,0.322,-0.764,-0.579,-0.493,-0.667,-0.601,-0.707,-0.688,-0.674,-0.812,-0.75,-0.384,0.132,-0.748,0.388,-0.103,-0.343,0.087,-0.342,-0.73,-0.175,-0.712,-0.827,-0.634,-0.662,-0.006,-0.041,-0.596,-0.1,0.093,-0.766,-0.165,-0.031,-0.497,-0.781,0.085,-0.626,-0.69,0.472,-0.412,-0.353,0.565,-0.47,0.687,0.591,-0.346,-0.492,0.258,-0.753,0.693,-0.408,0.466,0.026,0.866,0.16,0.411,0.281,0.74
000617SZ,0.096,0.071,0.139,0.829,-0.191,-0.016,-0.108,-0.343,0.136,1.0,-0.626,0.098,-0.072,-0.19,0.778,-0.392,0.74,-0.245,0.48,0.813,-0.33,-0.053,0.415,-0.095,-0.787,0.761,0.612,0.83,0.09,0.454,0.744,-0.117,0.584,-0.019,-0.653,0.141,0.831,-0.431,0.698,-0.311,0.399,-0.171,0.018,-0.315,0.275,0.368,-0.17,0.646,0.584,0.422,-0.298,-0.313,0.833,0.419,-0.208,0.553,-0.782,0.226,0.633,0.748,0.422,0.75,-0.343,-0.318,0.592,0.437,0.623,0.135,0.442,0.466,-0.224,0.858,0.732,0.093,0.025,0.665,-0.569,-0.081,0.54,-0.47,0.229,0.025,0.265,0.203,0.841,0.272,0.192,0.404,-0.099,0.837,0.586,0.705,0.728,-0.039,-0.152,-0.146,0.274,0.694,0.863,-0.012,0.519,0.722,0.263,0.072,0.594,0.714,0.82,-0.152,0.68,0.731,-0.036,0.75,-0.459,0.36,0.494,0.138,-0.15,0.0,0.414,-0.062,0.622,0.404,0.107,-0.255,0.199,-0.027,-0.041,-0.186,0.584,-0.381,0.315,0.729,-0.242,0.579,0.632,0.175,-0.551,0.4,0.814,0.306,-0.032,-0.26,-0.201,0.783,0.759,0.028,-0.131,0.237,0.46,-0.19,0.092,0.834,-0.073,-0.657,-0.337,-0.178,0.295,-0.105,0.682,0.384,-0.097,-0.363,0.432,0.226,-0.022,0.246,0.272,-0.55,-0.294,0.001,0.65,0.792,-0.376,-0.386,0.798,0.687,0.854,-0.67,-0.074,0.811,0.055,-0.063,-0.601,0.322,0.333,0.73,0.334,0.798,0.806,-0.459,0.664,0.901,0.322,-0.214,0.866,-0.179,0.149,-0.432,0.306,-0.354,0.705,-0.601,-0.176,-0.222,-0.585,-0.631,0.431,-0.194,-0.037,0.148,-0.392,0.579,0.256,0.674,-0.276,0.702,0.484
000625SZ,-0.201,-0.154,-0.092,-0.762,0.072,-0.097,-0.21,0.073,-0.226,-0.626,1.0,-0.356,-0.185,0.03,-0.689,0.016,-0.663,0.088,-0.302,-0.603,-0.005,0.083,-0.416,-0.448,0.538,-0.707,-0.635,-0.668,-0.486,-0.512,-0.592,0.426,-0.524,-0.346,0.389,-0.389,-0.518,0.307,-0.519,0.574,-0.554,-0.285,-0.174,0.444,-0.443,-0.172,-0.164,-0.273,-0.597,-0.57,0.457,0.151,-0.641,-0.273,0.311,-0.599,0.812,0.253,-0.481,-0.435,-0.638,-0.666,0.016,0.691,-0.229,-0.528,-0.443,-0.42,-0.232,-0.204,0.025,-0.669,-0.42,0.082,0.269,-0.615,0.362,-0.181,-0.184,0.221,-0.58,-0.52,-0.284,-0.139,-0.532,-0.515,-0.405,-0.496,0.212,-0.719,-0.589,-0.345,-0.661,-0.072,-0.049,-0.047,-0.121,-0.722,-0.714,-0.569,-0.514,-0.499,-0.53,-0.123,-0.766,-0.553,-0.598,-0.165,-0.215,-0.427,-0.439,-0.632,0.221,-0.49,-0.581,-0.074,-0.002,-0.102,-0.397,-0.377,-0.491,-0.304,-0.43,-0.037,-0.46,-0.424,0.235,0.269,-0.629,0.474,-0.363,-0.556,-0.181,-0.331,-0.529,-0.579,0.472,-0.396,-0.757,-0.31,0.171,0.214,0.447,-0.669,-0.63,-0.186,0.153,-0.392,-0.548,-0.048,-0.254,-0.628,-0.043,0.745,-0.135,-0.002,-0.056,-0.177,-0.72,-0.598,-0.058,0.07,-0.392,-0.34,-0.252,-0.332,-0.238,0.733,0.139,-0.079,-0.525,-0.758,0.502,0.295,-0.574,-0.564,-0.658,0.9,-0.112,-0.549,-0.214,0.001,0.415,-0.263,-0.169,-0.344,-0.415,-0.611,-0.776,0.345,-0.59,-0.692,-0.53,0.026,-0.788,-0.132,-0.28,0.014,-0.322,-0.029,-0.641,0.339,0.173,-0.157,0.362,0.7,-0.486,0.08,-0.311,-0.329,0.085,-0.568,-0.338,-0.545,-0.17,-0.648,-0.607
000651SZ,0.765,0.747,0.866,0.237,0.812,0.792,0.89,0.689,-0.587,0.098,-0.356,1.0,-0.034,0.327,0.408,0.409,0.556,0.777,0.294,0.149,0.79,0.656,0.568,0.691,0.254,0.105,0.632,0.41,0.788,0.622,0.028,0.016,0.351,0.142,0.413,0.423,-0.191,0.659,0.469,0.078,-0.286,0.509,-0.063,0.096,0.669,-0.58,0.583,-0.45,-0.007,0.83,-0.017,0.814,0.275,0.431,0.23,-0.312,-0.165,-0.801,0.584,-0.086,0.607,0.533,0.778,-0.218,-0.316,0.398,-0.129,0.596,-0.447,-0.584,0.534,0.487,-0.311,0.299,0.001,-0.176,0.316,-0.308,0.072,0.611,0.601,0.092,0.883,0.571,0.111,0.782,0.314,0.869,0.672,0.25,0.446,-0.148,0.424,0.76,0.874,0.853,0.532,0.18,0.381,0.423,0.513,0.133,0.061,0.781,0.486,-0.212,-0.161,0.845,-0.188,-0.056,0.302,0.603,0.589,0.429,0.364,0.785,-0.012,0.876,0.257,0.838,0.236,-0.046,0.659,0.223,0.878,0.214,-0.556,0.61,0.264,0.466,-0.416,0.417,0.801,0.288,0.471,0.733,0.477,0.237,-0.087,-0.092,0.502,0.6,-0.671,0.363,0.394,0.818,0.655,0.268,0.736,0.871,0.908,-0.027,0.86,-0.424,0.648,0.834,0.731,0.907,0.659,0.223,0.838,0.744,0.728,0.917,0.935,0.901,0.823,0.205,0.784,0.801,0.614,0.334,0.254,-0.375,0.223,0.622,0.197,-0.238,0.837,0.347,0.867,0.848,0.484,0.709,0.043,0.046,0.703,0.335,0.376,0.592,0.527,0.321,0.835,0.858,0.27,0.87,0.825,-0.267,0.334,0.684,-0.137,0.444,-0.454,-0.218,0.464,0.22,0.102,0.683,-0.191,0.758,-0.276,0.437,-0.498,0.01,0.026,0.215,-0.273
000661SZ,-0.472,-0.532,-0.105,0.189,-0.378,0.131,-0.094,-0.043,0.57,-0.072,-0.185,-0.034,1.0,0.489,-0.0,0.24,-0.071,-0.36,-0.386,0.054,-0.04,-0.499,0.347,0.401,0.007,-0.162,-0.334,-0.199,0.45,-0.065,0.143,-0.404,-0.264,0.382,0.135,0.365,0.056,-0.22,0.104,-0.739,0.675,0.506,0.467,0.072,0.271,0.393,0.372,0.159,0.535,0.015,-0.37,-0.081,0.129,0.277,-0.479,0.43,-0.216,0.068,-0.451,-0.275,0.356,-0.06,0.055,-0.447,-0.273,0.188,-0.449,0.357,0.422,0.257,0.5,-0.122,-0.129,-0.622,-0.73,0.385,0.171,0.766,-0.493,-0.066,0.526,0.569,-0.27,0.062,-0.383,0.057,0.338,-0.166,-0.459,-0.114,-0.089,-0.287,-0.083,-0.406,-0.188,-0.235,-0.686,0.201,-0.142,0.566,-0.425,0.197,0.735,-0.393,0.455,0.282,0.046,-0.084,-0.103,-0.341,0.77,-0.054,-0.153,0.443,0.426,-0.306,-0.173,-0.048,0.305,0.179,-0.641,0.557,0.39,0.66,0.227,0.654,0.212,-0.52,-0.002,-0.447,0.534,0.122,0.172,-0.493,-0.327,0.456,-0.344,0.35,0.196,0.574,-0.116,-0.514,0.42,-0.021,-0.302,0.127,-0.519,0.479,-0.109,-0.217,-0.241,0.036,-0.331,0.244,0.177,-0.241,-0.379,-0.117,0.126,0.572,-0.363,-0.085,-0.092,-0.224,0.037,-0.309,-0.278,-0.499,-0.336,-0.447,-0.368,0.196,-0.575,0.571,-0.302,-0.157,-0.027,-0.338,-0.339,-0.246,-0.243,-0.347,-0.207,-0.41,-0.078,-0.433,-0.413,-0.121,0.151,-0.363,0.152,-0.079,-0.106,-0.243,-0.104,-0.108,-0.443,0.633,-0.683,0.155,0.406,-0.078,0.599,0.756,0.172,-0.221,0.372,-0.385,0.859,0.171,0.705,0.322,0.654,-0.181,0.803,0.455,0.544
000708SZ,-0.104,-0.184,0.308,0.033,0.109,0.548,0.175,0.131,-0.106,-0.19,0.03,0.327,0.489,1.0,0.06,0.637,0.021,0.12,-0.31,0.13,0.255,-0.209,0.326,0.47,0.324,-0.488,-0.308,-0.269,0.531,-0.053,-0.019,0.221,-0.233,0.632,0.396,0.531,-0.251,0.174,0.008,-0.295,0.198,0.682,0.47,0.381,0.438,-0.065,0.6,-0.117,0.404,0.138,-0.587,0.42,0.072,0.449,-0.394,-0.015,-0.108,-0.377,-0.267,-0.501,0.399,-0.015,0.307,-0.22,-0.221,0.003,-0.63,0.152,0.179,-0.19,0.71,-0.086,-0.396,-0.465,-0.611,0.039,0.581,0.269,-0.484,0.211,0.413,0.146,0.074,0.51,-0.425,0.492,-0.14,0.215,0.222,-0.23,-0.135,-0.382,0.136,-0.031,0.231,0.148,-0.351,0.284,-0.139,0.331,-0.36,0.065,0.403,0.002,0.22,-0.104,-0.046,0.165,-0.088,-0.439,0.393,0.07,-0.034,0.736,0.477,0.183,-0.367,0.41,0.64,0.227,-0.518,0.508,0.185,0.499,0.558,0.335,0.129,-0.061,-0.246,0.058,0.309,0.09,0.472,-0.143,-0.297,0.448,0.077,0.598,-0.103,0.337,0.297,-0.122,0.186,-0.034,-0.035,0.549,-0.033,0.49,0.063,0.253,0.123,-0.001,0.118,0.208,0.235,0.152,-0.043,0.222,0.114,0.461,0.089,0.155,0.351,0.154,0.407,0.212,0.072,0.033,0.166,-0.066,-0.158,0.134,-0.188,0.531,-0.073,0.123,-0.112,-0.217,0.041,0.008,0.131,0.161,0.166,0.274,0.288,-0.404,-0.147,-0.062,0.079,0.239,0.394,-0.084,0.333,0.238,-0.211,0.202,-0.116,0.359,-0.541,0.283,0.116,0.04,0.248,0.3,0.378,0.233,0.525,0.095,0.34,0.629,0.496,0.288,0.108,-0.5,0.449,0.226,0.037
000725SZ,0.311,0.238,0.369,0.917,0.009,0.422,0.165,-0.246,-0.068,0.778,-0.689,0.408,-0.0,0.06,1.0,0.074,0.901,-0.016,0.69,0.862,-0.087,0.035,0.642,0.296,-0.594,0.686,0.666,0.805,0.457,0.578,0.658,0.082,0.603,0.211,-0.361,0.472,0.74,-0.213,0.547,-0.343,0.396,0.248,0.262,-0.063,0.456,0.284,0.096,0.54,0.671,0.614,-0.373,-0.026,0.774,0.513,-0.231,0.56,-0.756,-0.051,0.677,0.611,0.804,0.89,-0.131,-0.346,0.549,0.618,0.539,0.272,0.399,0.369,0.096,0.899,0.656,0.093,-0.16,0.718,-0.304,-0.055,0.488,-0.342,0.348,0.307,0.476,0.508,0.726,0.673,0.387,0.626,0.169,0.866,0.697,0.588,0.919,0.083,0.108,0.116,0.321,0.823,0.93,0.192,0.633,0.838,0.462,0.197,0.718,0.692,0.711,0.059,0.638,0.578,0.187,0.728,-0.284,0.639,0.783,0.396,-0.04,0.271,0.611,0.177,0.605,0.519,0.146,0.005,0.543,0.22,-0.128,-0.042,0.519,-0.158,0.337,0.746,-0.007,0.692,0.586,0.53,-0.375,0.594,0.746,0.405,0.248,-0.181,-0.314,0.916,0.754,0.234,0.041,0.623,0.707,0.104,0.338,0.732,0.194,-0.626,-0.081,0.037,0.42,0.187,0.875,0.674,0.107,-0.164,0.743,0.475,0.367,0.509,0.444,-0.497,-0.046,0.16,0.718,0.94,-0.226,-0.257,0.829,0.911,0.902,-0.758,0.124,0.807,0.303,0.172,-0.468,0.538,0.459,0.6,0.591,0.934,0.952,-0.272,0.852,0.929,0.65,0.07,0.873,0.054,0.358,-0.219,0.351,-0.217,0.652,-0.498,-0.322,-0.074,-0.448,-0.559,0.632,-0.038,0.071,0.421,-0.23,0.827,0.189,0.664,-0.071,0.8,0.507
000768SZ,0.164,0.109,0.298,-0.078,0.294,0.672,0.414,0.246,-0.226,-0.392,0.016,0.409,0.24,0.637,0.074,1.0,-0.004,0.355,0.025,-0.1,0.454,-0.022,0.214,0.625,0.449,-0.38,-0.138,-0.25,0.564,-0.024,-0.229,0.301,-0.196,0.603,0.592,0.51,-0.401,0.402,-0.219,-0.104,0.019,0.722,0.444,0.389,0.386,-0.19,0.554,-0.344,0.122,0.202,-0.255,0.508,-0.183,0.143,-0.205,-0.103,0.143,-0.501,-0.162,-0.493,0.388,-0.051,0.377,-0.153,-0.262,0.017,-0.452,0.114,-0.14,-0.314,0.614,-0.121,-0.421,-0.184,-0.465,-0.094,0.581,0.18,-0.359,0.325,0.299,0.319,0.193,0.417,-0.41,0.541,0.046,0.276,0.392,-0.181,-0.062,-0.383,0.101,0.182,0.432,0.343,-0.121,0.129,-0.152,0.428,-0.139,-0.048,0.33,0.165,0.095,-0.253,-0.231,0.355,-0.191,-0.439,0.363,-0.074,0.312,0.511,0.362,0.37,-0.078,0.426,0.444,0.398,-0.307,0.207,0.102,0.47,0.557,0.406,0.038,0.174,-0.176,0.305,0.127,-0.088,0.542,-0.063,-0.221,0.534,0.307,0.347,-0.238,0.198,0.332,0.117,0.014,-0.103,-0.073,0.462,0.123,0.468,0.152,0.435,0.309,-0.142,0.332,0.243,0.373,0.325,0.046,0.382,0.088,0.41,0.301,0.295,0.326,0.269,0.586,0.315,0.142,0.183,0.382,0.17,-0.106,0.011,0.111,0.438,-0.088,0.107,-0.201,-0.063,0.27,-0.046,0.299,0.319,0.371,0.279,0.112,-0.418,0.14,-0.108,0.001,0.373,0.186,-0.157,0.467,0.431,-0.235,0.342,0.156,0.415,-0.158,0.317,-0.164,0.303,-0.009,0.243,0.379,0.347,0.269,0.318,0.235,0.567,0.421,0.225,-0.075,-0.368,0.433,0.022,-0.048
000776SZ,0.458,0.45,0.589,0.86,0.243,0.448,0.38,0.003,-0.197,0.74,-0.663,0.556,-0.071,0.021,0.901,-0.004,1.0,0.188,0.687,0.78,0.13,0.255,0.607,0.264,-0.487,0.705,0.773,0.881,0.486,0.681,0.695,0.073,0.794,0.164,-0.329,0.311,0.632,0.004,0.711,-0.294,0.193,0.151,0.038,0.022,0.539,0.013,0.153,0.346,0.501,0.749,-0.171,0.154,0.841,0.686,-0.151,0.334,-0.724,-0.216,0.774,0.647,0.78,0.989,0.092,-0.241,0.465,0.689,0.548,0.405,0.264,0.155,0.079,0.946,0.505,0.352,-0.077,0.546,-0.294,-0.264,0.603,-0.086,0.431,0.123,0.682,0.475,0.717,0.68,0.372,0.746,0.292,0.842,0.659,0.578,0.848,0.348,0.34,0.333,0.53,0.672,0.944,0.199,0.786,0.692,0.281,0.45,0.725,0.554,0.607,0.271,0.517,0.618,0.099,0.867,-0.109,0.527,0.648,0.499,-0.052,0.497,0.518,0.364,0.649,0.346,0.32,-0.123,0.617,0.064,-0.283,0.187,0.481,-0.037,0.113,0.806,0.142,0.713,0.626,0.553,-0.232,0.563,0.608,0.189,0.421,0.087,-0.515,0.943,0.821,0.373,0.264,0.415,0.78,0.305,0.547,0.661,0.392,-0.703,-0.021,0.259,0.616,0.381,0.917,0.462,0.333,0.007,0.768,0.679,0.481,0.666,0.646,-0.359,0.163,0.394,0.852,0.888,-0.097,-0.5,0.821,0.934,0.886,-0.662,0.366,0.791,0.512,0.377,-0.316,0.638,0.352,0.677,0.723,0.935,0.916,-0.049,0.813,0.912,0.659,0.269,0.85,0.286,0.56,-0.463,0.401,-0.026,0.556,-0.323,-0.447,-0.27,-0.195,-0.452,0.534,0.142,-0.123,0.504,-0.476,0.724,-0.045,0.604,-0.252,0.756,0.286
000786SZ,0.874,0.89,0.781,-0.26,0.975,0.603,0.894,0.836,-0.806,-0.245,0.088,0.777,-0.36,0.12,-0.016,0.355,0.188,1.0,0.157,-0.31,0.911,0.851,0.15,0.446,0.618,-0.145,0.457,0.112,0.463,0.47,-0.359,0.206,0.129,-0.118,0.649,0.146,-0.549,0.908,0.191,0.545,-0.721,0.302,-0.228,0.186,0.327,-0.819,0.365,-0.764,-0.523,0.586,0.345,0.887,-0.176,0.085,0.565,-0.706,0.325,-0.782,0.441,-0.311,0.167,0.168,0.846,0.206,-0.467,0.15,-0.234,0.403,-0.767,-0.766,0.381,0.123,-0.567,0.494,0.358,-0.634,0.515,-0.547,0.009,0.827,0.22,-0.183,0.813,0.315,-0.098,0.482,0.156,0.655,0.85,-0.129,0.17,-0.363,0.049,0.918,0.948,0.966,0.707,-0.32,0.008,0.159,0.338,-0.319,-0.403,0.881,-0.061,-0.649,-0.561,0.848,-0.454,-0.243,-0.104,0.276,0.828,0.01,-0.103,0.819,0.047,0.823,-0.146,0.715,0.163,-0.477,0.372,0.105,0.551,-0.043,-0.626,0.907,-0.053,0.789,-0.777,0.005,0.752,0.129,0.299,0.378,0.867,-0.164,-0.553,-0.444,0.496,0.922,-0.638,-0.019,0.119,0.699,0.836,-0.109,0.564,0.949,0.888,-0.417,0.952,-0.124,0.58,0.961,0.711,0.925,0.225,-0.284,0.969,0.863,0.447,0.824,0.806,0.795,0.792,0.646,0.982,0.941,0.388,-0.163,0.64,-0.439,-0.05,0.266,-0.197,0.278,0.949,0.104,0.903,0.942,0.835,0.656,-0.247,-0.098,0.628,-0.031,-0.103,0.89,0.12,-0.06,0.578,0.965,-0.134,0.908,0.851,-0.338,0.449,0.706,-0.646,0.744,-0.526,-0.415,0.609,0.572,-0.362,0.949,-0.52,0.531,-0.382,0.016,-0.822,-0.183,-0.179,-0.286,-0.718
000800SZ,0.429,0.46,0.328,0.582,0.201,0.333,0.19,-0.165,-0.251,0.48,-0.302,0.294,-0.386,-0.31,0.69,0.025,0.687,0.157,1.0,0.556,-0.051,0.251,0.304,-0.041,-0.403,0.59,0.608,0.681,0.099,0.389,0.413,0.318,0.617,-0.064,-0.305,0.065,0.538,0.008,0.265,0.052,-0.059,-0.099,-0.128,0.144,0.191,0.005,-0.117,0.323,0.171,0.418,0.165,0.008,0.461,0.282,0.019,0.157,-0.338,0.019,0.659,0.686,0.43,0.679,-0.161,0.052,0.585,0.364,0.68,0.023,0.093,0.176,-0.208,0.703,0.585,0.578,0.164,0.346,-0.398,-0.396,0.783,-0.233,-0.013,0.031,0.497,0.262,0.651,0.432,0.206,0.467,0.337,0.702,0.511,0.708,0.668,0.262,0.18,0.189,0.588,0.44,0.739,-0.138,0.765,0.582,-0.041,0.338,0.286,0.388,0.435,0.082,0.655,0.668,-0.215,0.451,-0.057,0.138,0.339,0.446,0.157,0.25,0.233,0.031,0.719,0.132,-0.127,-0.338,0.265,-0.171,-0.036,0.224,0.336,0.177,-0.04,0.469,-0.176,0.713,0.485,0.167,-0.098,0.268,0.402,0.084,0.441,0.15,-0.399,0.66,0.606,0.012,0.296,0.269,0.538,0.184,0.348,0.467,0.308,-0.48,-0.162,0.094,0.535,0.183,0.559,0.223,0.222,-0.114,0.612,0.421,0.268,0.48,0.431,-0.08,0.127,0.347,0.693,0.573,0.228,-0.446,0.683,0.728,0.68,-0.253,0.228,0.589,0.316,0.274,-0.237,0.459,0.375,0.731,0.695,0.744,0.617,-0.055,0.434,0.682,0.45,0.176,0.634,0.084,0.488,-0.442,0.568,-0.29,0.246,-0.312,-0.487,-0.412,-0.316,-0.244,0.3,0.094,-0.342,0.115,-0.525,0.439,-0.173,0.603,-0.466,0.373,0.127
000807SZ,-0.024,-0.051,0.146,0.913,-0.261,0.191,-0.161,-0.498,0.144,0.813,-0.603,0.149,0.054,0.13,0.862,-0.1,0.78,-0.31,0.556,1.0,-0.395,-0.209,0.539,0.018,-0.709,0.586,0.423,0.73,0.221,0.302,0.784,0.124,0.587,0.285,-0.605,0.358,0.828,-0.484,0.497,-0.467,0.524,0.063,0.223,-0.069,0.402,0.424,0.059,0.729,0.801,0.379,-0.498,-0.253,0.858,0.563,-0.393,0.629,-0.839,0.155,0.513,0.689,0.619,0.756,-0.405,-0.344,0.719,0.368,0.546,0.012,0.649,0.497,-0.064,0.8,0.725,-0.012,-0.225,0.79,-0.483,-0.003,0.518,-0.571,0.259,0.148,0.202,0.42,0.731,0.477,0.111,0.423,-0.048,0.834,0.58,0.734,0.862,-0.183,-0.193,-0.207,0.112,0.902,0.84,0.041,0.486,0.868,0.442,-0.062,0.657,0.814,0.884,-0.234,0.811,0.625,0.078,0.651,-0.605,0.611,0.761,0.102,-0.116,0.046,0.713,-0.14,0.513,0.701,-0.024,-0.163,0.373,0.088,0.104,-0.308,0.464,-0.373,0.544,0.752,-0.268,0.704,0.446,0.301,-0.616,0.736,0.841,0.498,0.134,-0.409,-0.111,0.827,0.754,0.025,-0.157,0.505,0.424,-0.193,0.049,0.87,-0.116,-0.581,-0.314,-0.277,0.2,-0.122,0.682,0.641,-0.175,-0.456,0.641,0.18,0.07,0.294,0.149,-0.568,-0.331,-0.119,0.628,0.904,-0.399,-0.145,0.843,0.786,0.873,-0.771,-0.167,0.76,-0.002,-0.119,-0.695,0.37,0.676,0.695,0.354,0.863,0.885,-0.47,0.804,0.866,0.42,-0.225,0.851,-0.227,0.059,-0.206,0.093,-0.456,0.822,-0.756,-0.105,-0.09,-0.535,-0.612,0.796,-0.303,0.098,0.306,-0.183,0.716,0.373,0.529,-0.146,0.8,0.595
000858SZ,0.73,0.732,0.75,-0.264,0.892,0.615,0.94,0.937,-0.583,-0.33,-0.005,0.79,-0.04,0.255,-0.087,0.454,0.13,0.911,-0.051,-0.395,1.0,0.706,0.17,0.647,0.663,-0.172,0.356,0.0,0.63,0.486,-0.348,-0.025,0.052,0.059,0.726,0.227,-0.613,0.88,0.249,0.283,-0.516,0.475,-0.131,0.146,0.424,-0.753,0.501,-0.816,-0.421,0.607,0.267,0.88,-0.19,0.154,0.382,-0.59,0.269,-0.827,0.244,-0.441,0.244,0.117,0.952,0.011,-0.662,0.253,-0.415,0.599,-0.701,-0.761,0.531,0.033,-0.69,0.324,0.1,-0.564,0.602,-0.266,-0.201,0.916,0.45,0.03,0.731,0.233,-0.303,0.481,0.249,0.6,0.651,-0.227,0.072,-0.541,-0.06,0.853,0.95,0.932,0.462,-0.325,-0.085,0.43,0.194,-0.374,-0.185,0.798,0.098,-0.637,-0.606,0.925,-0.618,-0.375,0.2,0.245,0.859,0.105,-0.06,0.68,-0.037,0.81,-0.127,0.882,-0.065,-0.408,0.604,0.303,0.608,0.164,-0.573,0.761,-0.036,0.609,-0.656,-0.021,0.914,-0.117,0.176,0.548,0.775,-0.099,-0.543,-0.36,0.408,0.806,-0.545,-0.074,-0.004,0.782,0.655,-0.026,0.487,0.928,0.846,-0.47,0.869,-0.045,0.698,0.939,0.573,0.918,0.241,-0.155,0.899,0.913,0.323,0.78,0.835,0.688,0.709,0.483,0.917,0.821,0.223,-0.163,0.415,-0.279,-0.215,0.142,-0.274,0.179,0.899,-0.033,0.85,0.852,0.827,0.509,-0.4,-0.317,0.467,-0.148,-0.111,0.836,0.08,-0.153,0.519,0.921,-0.217,0.942,0.737,-0.133,0.264,0.88,-0.558,0.818,-0.327,-0.144,0.757,0.532,-0.321,0.851,-0.223,0.581,-0.162,0.037,-0.635,-0.265,0.106,-0.199,-0.569
000876SZ,0.831,0.889,0.705,-0.173,0.856,0.394,0.746,0.705,-0.76,-0.053,0.083,0.656,-0.499,-0.209,0.035,-0.022,0.255,0.851,0.251,-0.209,0.706,1.0,0.193,0.184,0.355,0.055,0.585,0.294,0.234,0.463,-0.247,0.111,0.308,-0.418,0.367,-0.082,-0.352,0.753,0.278,0.642,-0.758,-0.055,-0.438,0.038,0.196,-0.728,0.128,-0.599,-0.578,0.544,0.507,0.71,-0.034,0.046,0.789,-0.677,0.273,-0.579,0.64,-0.04,0.035,0.237,0.659,0.278,-0.29,0.115,0.02,0.266,-0.718,-0.66,0.117,0.244,-0.364,0.665,0.684,-0.58,0.157,-0.694,0.247,0.643,0.07,-0.368,0.779,0.232,0.197,0.272,0.168,0.59,0.743,0.072,0.331,-0.11,0.062,0.86,0.784,0.838,0.803,-0.337,0.134,-0.079,0.525,-0.183,-0.538,0.833,-0.071,-0.47,-0.432,0.709,-0.323,-0.02,-0.278,0.327,0.734,-0.237,-0.216,0.723,0.19,0.658,-0.295,0.54,0.379,-0.562,0.337,-0.142,0.368,-0.259,-0.68,0.868,0.142,0.72,-0.846,0.191,0.471,0.301,0.528,0.173,0.747,-0.33,-0.42,-0.499,0.401,0.898,-0.654,0.07,0.206,0.44,0.862,-0.297,0.504,0.765,0.82,-0.316,0.848,-0.268,0.416,0.831,0.776,0.767,0.228,-0.412,0.872,0.719,0.372,0.742,0.619,0.719,0.734,0.6,0.843,0.905,0.539,-0.126,0.642,-0.662,0.061,0.318,-0.062,0.317,0.87,0.134,0.789,0.831,0.646,0.556,-0.188,0.151,0.689,0.084,-0.062,0.712,0.045,0.047,0.443,0.797,0.057,0.765,0.844,-0.57,0.542,0.504,-0.564,0.603,-0.62,-0.601,0.458,0.436,-0.465,0.795,-0.673,0.308,-0.626,-0.037,-0.831,-0.02,-0.406,-0.25,-0.709
000895SZ,0.23,0.192,0.523,0.614,0.149,0.635,0.318,0.049,-0.135,0.415,-0.416,0.568,0.347,0.326,0.642,0.214,0.607,0.15,0.304,0.539,0.17,0.193,1.0,0.48,-0.233,0.187,0.391,0.499,0.692,0.384,0.316,0.004,0.266,0.033,0.08,0.507,0.335,0.13,0.434,-0.268,0.273,0.439,0.324,0.119,0.586,0.118,0.404,0.215,0.527,0.582,-0.288,0.329,0.577,0.511,0.016,0.236,-0.389,-0.223,0.465,0.141,0.748,0.592,0.199,-0.306,0.064,0.413,0.041,0.396,0.162,0.04,0.542,0.6,0.165,-0.141,-0.201,0.391,-0.035,0.088,0.062,-0.029,0.482,0.265,0.454,0.66,0.342,0.552,0.515,0.553,0.291,0.523,0.634,0.124,0.55,0.095,0.281,0.283,0.114,0.5,0.524,0.302,0.338,0.625,0.533,0.152,0.669,0.421,0.269,0.242,0.271,0.014,0.479,0.526,0.101,0.619,0.781,0.492,0.021,0.442,0.52,0.358,0.109,0.519,0.452,0.412,0.711,0.412,-0.244,0.068,0.406,0.052,0.147,0.667,0.256,0.333,0.395,0.711,-0.069,0.397,0.35,0.507,0.298,-0.061,-0.132,0.558,0.333,0.396,0.178,0.604,0.56,0.244,0.41,0.337,0.297,-0.356,0.3,0.23,0.43,0.369,0.713,0.675,0.212,0.169,0.656,0.455,0.583,0.476,0.39,-0.287,0.155,0.203,0.481,0.66,-0.073,-0.076,0.352,0.668,0.501,-0.481,0.213,0.364,0.358,0.267,-0.125,0.282,0.339,0.16,0.443,0.561,0.648,-0.12,0.708,0.552,0.621,0.27,0.496,0.253,0.294,0.03,-0.035,0.107,0.39,-0.076,-0.102,0.101,-0.036,-0.206,0.414,0.062,0.212,0.584,0.057,0.791,0.114,0.215,0.299,0.656,0.296
000938SZ,0.408,0.305,0.448,0.189,0.395,0.661,0.661,0.505,-0.132,-0.095,-0.448,0.691,0.401,0.47,0.296,0.625,0.264,0.446,-0.041,0.018,0.647,0.184,0.48,1.0,0.312,0.021,0.306,0.098,0.898,0.497,-0.101,-0.232,-0.029,0.423,0.533,0.728,-0.221,0.369,0.22,-0.27,0.201,0.856,0.377,-0.069,0.63,-0.147,0.692,-0.349,0.234,0.64,-0.285,0.536,0.03,0.191,-0.038,0.109,-0.175,-0.645,0.136,-0.337,0.651,0.244,0.623,-0.514,-0.461,0.413,-0.354,0.639,-0.226,-0.27,0.683,0.185,-0.331,-0.21,-0.37,0.064,0.482,0.337,-0.36,0.439,0.727,0.645,0.436,0.328,-0.198,0.683,0.421,0.575,0.254,0.069,0.35,-0.429,0.272,0.36,0.575,0.545,-0.005,0.257,0.132,0.793,0.092,0.064,0.482,0.326,0.545,-0.1,-0.169,0.63,-0.348,-0.338,0.705,0.28,0.428,0.58,0.526,0.435,-0.071,0.496,0.298,0.776,-0.098,0.148,0.602,0.666,0.763,0.719,-0.284,0.173,0.282,0.083,-0.013,0.159,0.794,-0.099,0.208,0.874,0.256,0.291,-0.004,0.244,0.084,0.173,-0.246,0.183,0.096,0.677,0.11,0.57,0.515,0.589,0.565,-0.079,0.474,-0.128,0.679,0.526,0.22,0.639,0.497,0.566,0.472,0.58,0.418,0.543,0.771,0.493,0.405,-0.127,0.447,0.363,0.157,0.287,-0.114,0.091,-0.041,0.282,0.009,-0.404,0.486,0.124,0.525,0.426,0.342,0.338,-0.084,-0.368,0.334,0.079,0.292,0.292,0.405,0.096,0.68,0.539,0.101,0.605,0.418,0.402,0.086,0.633,-0.013,0.381,-0.04,0.417,0.347,0.08,0.19,0.413,0.422,0.685,0.369,0.513,0.043,-0.023,0.634,0.254,0.159
000963SZ,0.284,0.275,0.261,-0.74,0.547,0.327,0.451,0.65,-0.44,-0.787,0.538,0.254,0.007,0.324,-0.594,0.449,-0.487,0.618,-0.403,-0.709,0.663,0.355,-0.233,0.312,1.0,-0.705,-0.325,-0.604,0.206,-0.073,-0.731,0.219,-0.469,0.011,0.879,0.085,-0.872,0.704,-0.311,0.42,-0.583,0.377,0.052,0.328,-0.024,-0.599,0.316,-0.797,-0.609,-0.044,0.299,0.661,-0.698,-0.216,0.358,-0.698,0.71,-0.486,-0.327,-0.77,-0.217,-0.509,0.662,0.366,-0.672,-0.252,-0.68,0.152,-0.609,-0.625,0.471,-0.589,-0.837,0.012,0.069,-0.746,0.778,-0.114,-0.506,0.758,-0.036,-0.067,0.16,0.037,-0.717,0.044,-0.02,0.007,0.463,-0.764,-0.412,-0.755,-0.527,0.42,0.53,0.537,0.056,-0.629,-0.669,0.12,-0.381,-0.679,-0.325,0.32,-0.457,-0.834,-0.859,0.464,-0.694,-0.736,-0.005,-0.404,0.666,-0.175,-0.346,0.248,0.004,0.393,-0.339,0.35,-0.496,-0.383,0.067,0.379,0.119,0.097,-0.188,0.525,-0.52,0.608,-0.508,-0.549,0.559,-0.435,-0.384,0.074,0.828,-0.264,-0.849,-0.35,0.237,0.567,-0.067,-0.586,-0.543,0.382,0.403,-0.159,-0.067,0.566,0.319,-0.811,0.478,0.509,0.507,0.573,0.11,0.487,-0.395,-0.367,0.483,0.671,-0.071,0.192,0.386,0.174,0.182,0.683,0.648,0.374,-0.376,-0.648,0.489,0.229,-0.63,-0.397,-0.742,0.594,0.451,-0.475,0.381,0.475,0.855,0.093,-0.369,-0.649,-0.059,-0.633,-0.636,0.763,-0.324,-0.68,0.005,0.59,-0.742,0.529,0.198,0.222,-0.125,0.607,-0.786,0.763,0.044,0.086,0.724,0.763,-0.441,0.6,-0.125,0.242,0.241,-0.352,-0.496,-0.636,0.205,-0.614,-0.665
000999SZ,0.251,0.23,0.072,0.739,-0.094,-0.111,0.053,-0.172,0.202,0.761,-0.707,0.105,-0.162,-0.488,0.686,-0.38,0.705,-0.145,0.59,0.586,-0.172,0.055,0.187,0.021,-0.705,1.0,0.738,0.795,0.085,0.618,0.602,-0.333,0.647,0.005,-0.611,0.084,0.761,-0.38,0.569,-0.272,0.345,-0.176,-0.141,-0.485,0.186,0.276,-0.211,0.483,0.355,0.486,-0.02,-0.358,0.608,0.238,-0.105,0.564,-0.722,0.156,0.624,0.804,0.4,0.732,-0.21,-0.378,0.463,0.627,0.738,0.304,0.244,0.444,-0.391,0.757,0.737,0.334,0.123,0.616,-0.59,-0.044,0.625,-0.344,0.265,0.267,0.287,-0.13,0.761,0.231,0.328,0.387,-0.193,0.806,0.591,0.667,0.631,0.107,-0.049,-0.029,0.367,0.537,0.833,0.154,0.664,0.566,0.161,0.166,0.573,0.6,0.655,0.017,0.47,0.802,0.013,0.597,-0.285,0.101,0.288,0.082,0.032,-0.06,0.108,0.121,0.76,0.065,0.163,-0.316,0.101,0.024,-0.096,-0.106,0.7,-0.384,0.157,0.538,-0.178,0.499,0.672,0.187,-0.47,0.191,0.73,0.135,-0.167,-0.107,-0.35,0.778,0.679,-0.019,-0.109,0.168,0.511,-0.067,0.177,0.643,0.004,-0.648,-0.187,-0.086,0.286,0.006,0.659,0.262,0.013,-0.218,0.262,0.275,0.001,0.222,0.289,-0.533,-0.195,0.13,0.631,0.693,-0.339,-0.544,0.663,0.572,0.791,-0.61,0.067,0.627,0.141,-0.027,-0.512,0.257,0.09,0.689,0.451,0.737,0.724,-0.381,0.393,0.777,0.275,-0.147,0.837,-0.027,0.323,-0.355,0.594,-0.209,0.551,-0.448,-0.261,-0.126,-0.489,-0.646,0.226,-0.113,-0.023,-0.03,-0.456,0.428,0.219,0.882,-0.264,0.576,0.469
001965SZ,0.758,0.747,0.548,0.558,0.498,0.284,0.564,0.306,-0.328,0.612,-0.635,0.632,-0.334,-0.308,0.666,-0.138,0.773,0.457,0.608,0.423,0.356,0.585,0.391,0.306,-0.325,0.738,1.0,0.837,0.384,0.797,0.342,-0.182,0.68,-0.122,-0.205,0.188,0.357,0.193,0.641,0.08,-0.102,0.024,-0.262,-0.325,0.423,-0.223,0.089,-0.019,0.066,0.826,0.084,0.233,0.523,0.267,0.293,0.076,-0.483,-0.379,0.903,0.538,0.477,0.775,0.288,-0.289,0.173,0.544,0.523,0.453,-0.237,-0.105,-0.092,0.815,0.303,0.544,0.356,0.171,-0.275,-0.375,0.561,0.129,0.392,0.102,0.774,0.185,0.704,0.554,0.352,0.777,0.371,0.728,0.728,0.412,0.658,0.628,0.501,0.539,0.75,0.379,0.788,0.2,0.84,0.367,-0.066,0.67,0.524,0.208,0.302,0.507,0.167,0.568,-0.016,0.768,0.206,0.161,0.285,0.594,0.022,0.457,0.09,0.508,0.807,-0.133,0.41,-0.218,0.507,0.002,-0.501,0.408,0.622,0.117,-0.31,0.6,0.288,0.567,0.861,0.44,0.073,0.108,0.386,-0.086,0.171,0.43,-0.736,0.679,0.745,0.385,0.425,0.127,0.808,0.488,0.698,0.394,0.569,-0.762,0.197,0.486,0.674,0.564,0.76,0.137,0.589,0.313,0.576,0.755,0.515,0.718,0.722,-0.13,0.399,0.681,0.867,0.57,0.093,-0.768,0.625,0.734,0.611,-0.443,0.616,0.674,0.655,0.537,0.012,0.63,0.066,0.584,0.81,0.661,0.637,0.148,0.508,0.701,0.681,0.458,0.746,0.514,0.801,-0.535,0.757,0.204,0.146,0.019,-0.59,-0.409,-0.119,-0.248,0.061,0.449,-0.326,0.338,-0.62,0.459,-0.296,0.607,-0.331,0.373,0.023
002001SZ,0.436,0.454,0.403,0.797,0.172,0.212,0.28,-0.046,-0.113,0.83,-0.668,0.41,-0.199,-0.269,0.805,-0.25,0.881,0.112,0.681,0.73,0.0,0.294,0.499,0.098,-0.604,0.795,0.837,1.0,0.281,0.608,0.68,-0.1,0.796,-0.062,-0.467,0.222,0.673,-0.108,0.74,-0.201,0.161,-0.098,-0.117,-0.221,0.469,0.06,0.064,0.371,0.373,0.703,-0.023,0.002,0.807,0.473,0.035,0.318,-0.671,-0.081,0.86,0.767,0.547,0.882,-0.038,-0.26,0.49,0.515,0.68,0.268,0.17,0.183,-0.172,0.948,0.566,0.409,0.146,0.477,-0.483,-0.317,0.701,-0.187,0.362,0.04,0.588,0.283,0.868,0.454,0.339,0.683,0.163,0.896,0.739,0.688,0.79,0.325,0.2,0.216,0.573,0.581,0.91,0.135,0.811,0.667,0.158,0.401,0.659,0.56,0.623,0.186,0.513,0.698,-0.015,0.879,-0.117,0.272,0.487,0.397,0.052,0.299,0.351,0.25,0.776,0.187,0.277,-0.274,0.426,0.021,-0.328,0.155,0.635,-0.1,0.036,0.779,-0.008,0.732,0.776,0.384,-0.27,0.355,0.657,0.165,0.177,0.099,-0.487,0.835,0.828,0.179,0.22,0.195,0.684,0.147,0.462,0.695,0.273,-0.75,-0.104,0.165,0.538,0.257,0.804,0.302,0.277,-0.063,0.641,0.542,0.305,0.558,0.53,-0.335,0.05,0.378,0.908,0.779,-0.097,-0.639,0.821,0.815,0.832,-0.607,0.321,0.822,0.395,0.254,-0.349,0.495,0.282,0.797,0.694,0.844,0.821,-0.167,0.674,0.887,0.547,0.133,0.905,0.16,0.535,-0.542,0.518,-0.116,0.5,-0.317,-0.473,-0.375,-0.327,-0.476,0.322,0.133,-0.211,0.307,-0.571,0.587,-0.036,0.699,-0.338,0.64,0.276
