,000001SZ,000002SZ,000157SZ,000166SZ,000333SZ,000338SZ,000538SZ,000568SZ,000596SZ,000617SZ,000625SZ,000651SZ,000661SZ,000708SZ,000725SZ,000768SZ,000776SZ,000786SZ,000800SZ,000807SZ,000858SZ,000876SZ,000895SZ,000938SZ,000963SZ,000999SZ,001965SZ,002001SZ,002007SZ,002027SZ,002028SZ,002050SZ,002129SZ,002179SZ,002230SZ,002236SZ,002241SZ,002271SZ,002304SZ,002311SZ,002371SZ,002415SZ,002422SZ,002459SZ,002460SZ,002463SZ,002466SZ,002475SZ,002493SZ,002555SZ,002594SZ,002601SZ,002648SZ,002709SZ,002714SZ,002916SZ,002920SZ,002938SZ,003816SZ,300014SZ,300033SZ,300059SZ,300122SZ,300124SZ,300274SZ,300308SZ,300316SZ,300347SZ,300394SZ,300408SZ,300413SZ,300418SZ,300433SZ,300450SZ,300498SZ,300502SZ,300628SZ,300661SZ,300750SZ,300759SZ,300760SZ,300782SZ,600000SS,600010SS,600011SS,600015SS,600016SS,600018SS,600019SS,600023SS,600025SS,600026SS,600028SS,600029SS,600031SS,600036SS,600048SS,600050SS,600061SS,600085SS,600089SS,600104SS,600111SS,600115SS,600161SS,600183SS,600188SS,600196SS,600219SS,600233SS,600276SS,600309SS,600332SS,600346SS,600362SS,600377SS,600406SS,600415SS,600426SS,600436SS,600438SS,600489SS,600519SS,600570SS,600585SS,600588SS,600600SS,600660SS,600674SS,600741SS,600760SS,600795SS,600809SS,600875SS,600886SS,600887SS,600926SS,600989SS,601006SS,601009SS,601012SS,601021SS,601058SS,601066SS,601088SS,601100SS,601117SS,601138SS,601166SS,601169SS,601186SS,601225SS,601229SS,601238SS,601288SS,601318SS,601319SS,601328SS,601336SS,601360SS,601390SS,601398SS,601600SS,601601SS,601607SS,601618SS,601628SS,601633SS,601658SS,601668SS,601669SS,601688SS,601689SS,601698SS,601699SS,601766SS,601788SS,601799SS,601800SS,601808SS,601816SS,601818SS,601838SS,601857SS,601865SS,601872SS,601877SS,601878SS,601881SS,601888SS,601899SS,601901SS,601919SS,601939SS,601985SS,601988SS,601998SS,603019SS,603195SS,603259SS,603260SS,603288SS,603369SS,603501SS,603659SS,603799SS,603806SS,603833SS,603986SS,603993SS,688008SS,688009SS,688012SS,688036SS,688111SS,688169SS,688396SS
000001SZ,1.0,0.966,-0.372,0.647,0.906,0.791,0.827,0.621,-0.117,0.434,-0.434,0.457,0.862,-0.434,0.392,-0.309,0.853,0.949,0.845,0.059,0.729,0.899,0.962,0.455,-0.168,0.939,0.545,0.612,0.905,0.834,-0.817,-0.664,0.893,0.475,0.117,0.902,0.474,0.921,0.866,-0.334,0.76,0.827,-0.672,0.125,0.877,0.326,0.896,-0.087,0.793,0.137,0.094,0.664,0.784,0.862,0.84,0.776,-0.877,-0.746,0.797,0.097,0.871,0.827,0.869,-0.402,-0.638,-0.666,-0.39,0.819,-0.858,0.087,0.129,0.639,0.409,-0.225,0.763,-0.706,-0.65,0.626,0.278,0.911,0.783,0.931,0.885,0.832,0.941,0.363,0.83,0.857,0.947,0.885,0.883,-0.855,-0.299,0.419,0.867,0.918,0.016,0.467,0.413,0.596,0.892,0.79,0.726,0.663,0.329,0.56,-0.662,0.585,-0.066,-0.203,0.58,0.889,0.934,0.931,-0.043,0.856,0.072,0.823,-0.343,0.934,0.919,-0.575,0.815,0.349,0.851,-0.214,-0.63,0.574,0.544,0.229,0.079,0.813,0.718,-0.282,0.857,0.49,0.527,0.527,0.636,-0.472,0.457,0.259,-0.832,0.928,0.687,0.851,0.171,-0.566,0.957,0.644,0.786,0.678,0.889,0.63,-0.205,0.981,0.778,0.205,0.969,0.927,0.593,0.82,0.299,0.962,0.768,0.799,0.922,0.282,0.96,0.816,0.668,0.929,-0.847,-0.406,0.407,0.636,0.72,-0.48,0.743,0.048,0.75,0.946,0.936,-0.129,-0.852,-0.799,-0.125,0.732,0.902,-0.312,0.581,0.571,0.867,0.887,0.949,0.403,0.457,-0.527,0.858,0.873,0.779,0.743,0.156,0.838,0.831,0.35,-0.75,0.918,0.823,-0.099,-0.542,-0.713,-0.265,0.947,0.263,0.969,0.861
000002SZ,0.966,1.0,-0.332,0.702,0.938,0.759,0.828,0.676,-0.187,0.467,-0.521,0.536,0.844,-0.338,0.375,-0.347,0.868,0.99,0.821,0.051,0.807,0.892,0.934,0.497,-0.094,0.916,0.608,0.602,0.889,0.799,-0.755,-0.634,0.913,0.421,0.111,0.879,0.353,0.947,0.883,-0.371,0.698,0.867,-0.66,0.167,0.858,0.186,0.88,-0.186,0.802,0.196,0.039,0.663,0.791,0.858,0.817,0.724,-0.905,-0.825,0.828,0.11,0.864,0.813,0.899,-0.452,-0.633,-0.675,-0.366,0.835,-0.876,-0.035,0.15,0.64,0.288,-0.128,0.728,-0.732,-0.543,0.555,0.326,0.91,0.831,0.868,0.907,0.801,0.912,0.398,0.854,0.89,0.937,0.873,0.904,-0.835,-0.287,0.547,0.914,0.89,0.187,0.526,0.45,0.659,0.894,0.728,0.669,0.747,0.317,0.453,-0.722,0.615,-0.142,-0.245,0.583,0.891,0.924,0.911,-0.066,0.905,0.09,0.851,-0.392,0.94,0.906,-0.568,0.827,0.358,0.858,-0.227,-0.624,0.56,0.585,0.146,0.032,0.817,0.761,-0.242,0.849,0.549,0.517,0.484,0.712,-0.524,0.509,0.425,-0.869,0.907,0.702,0.877,0.211,-0.568,0.932,0.658,0.857,0.695,0.899,0.557,-0.237,0.979,0.741,0.198,0.959,0.92,0.65,0.769,0.309,0.967,0.766,0.858,0.921,0.188,0.925,0.858,0.74,0.936,-0.856,-0.49,0.438,0.648,0.736,-0.567,0.798,0.039,0.859,0.934,0.901,-0.143,-0.803,-0.785,-0.116,0.716,0.913,-0.226,0.553,0.607,0.846,0.866,0.949,0.403,0.485,-0.518,0.859,0.874,0.747,0.777,0.136,0.765,0.83,0.345,-0.676,0.947,0.765,-0.126,-0.587,-0.69,-0.323,0.901,0.262,0.938,0.793
000157SZ,-0.372,-0.332,1.0,0.21,-0.141,-0.135,-0.106,-0.22,-0.16,0.472,-0.056,-0.148,-0.425,0.018,0.409,0.499,-0.412,-0.351,-0.272,0.496,-0.21,-0.562,-0.425,-0.262,-0.01,-0.405,-0.426,-0.054,-0.425,-0.387,0.278,0.194,-0.403,-0.423,0.453,-0.107,-0.219,-0.477,-0.242,0.666,-0.321,-0.099,0.677,0.066,-0.504,-0.306,-0.348,-0.229,-0.605,0.429,-0.249,-0.053,-0.262,-0.561,-0.667,-0.583,0.432,0.159,-0.476,-0.496,-0.261,-0.23,-0.168,0.147,-0.181,0.642,0.444,-0.495,0.641,-0.037,0.668,0.169,-0.349,0.1,-0.512,0.532,0.575,-0.103,-0.424,-0.424,-0.479,-0.277,-0.158,-0.135,-0.508,0.478,-0.372,-0.073,-0.476,-0.54,-0.465,0.713,0.654,-0.297,-0.341,-0.083,0.191,0.246,0.382,-0.095,-0.488,-0.398,-0.266,-0.099,-0.035,-0.059,0.299,-0.13,0.335,0.703,-0.134,-0.525,-0.156,-0.443,0.545,-0.335,-0.459,-0.058,0.414,-0.389,-0.506,0.63,-0.299,0.354,-0.483,0.667,0.441,-0.178,-0.53,0.021,0.113,-0.598,-0.021,-0.038,-0.584,0.311,-0.415,-0.023,-0.282,0.428,-0.342,0.16,0.364,-0.253,-0.591,-0.398,0.526,0.844,-0.292,0.146,-0.288,-0.543,-0.013,-0.658,0.758,-0.311,0.007,0.685,-0.376,-0.21,-0.466,0.115,0.31,-0.278,-0.101,-0.262,-0.218,-0.282,-0.168,-0.514,-0.204,-0.189,0.371,0.636,-0.374,0.029,-0.318,-0.318,-0.436,0.56,-0.135,-0.239,-0.455,0.65,0.489,0.74,-0.155,-0.035,-0.173,0.699,0.208,0.184,-0.394,0.033,-0.466,0.554,0.546,0.551,-0.298,-0.436,-0.446,-0.077,0.037,-0.226,-0.423,-0.493,0.307,-0.292,-0.382,0.705,0.621,0.702,0.489,-0.391,0.395,-0.411,-0.428
000166SZ,0.647,0.702,0.21,1.0,0.711,0.705,0.716,0.582,-0.438,0.785,-0.676,0.623,0.473,-0.046,0.738,0.178,0.725,0.697,0.653,0.278,0.717,0.568,0.623,0.599,0.018,0.542,0.525,0.737,0.637,0.539,-0.357,-0.494,0.57,0.352,0.37,0.772,0.172,0.592,0.603,-0.125,0.32,0.698,-0.258,0.034,0.469,0.095,0.499,-0.416,0.51,0.639,-0.137,0.786,0.736,0.436,0.407,0.385,-0.553,-0.737,0.643,-0.149,0.801,0.722,0.722,-0.421,-0.573,-0.167,-0.17,0.523,-0.448,-0.259,0.496,0.864,0.071,-0.067,0.297,-0.284,-0.093,0.292,0.112,0.537,0.503,0.551,0.842,0.633,0.574,0.786,0.675,0.866,0.583,0.567,0.564,-0.396,0.272,0.506,0.745,0.719,0.372,0.857,0.863,0.619,0.594,0.461,0.561,0.728,0.434,0.356,-0.435,0.599,-0.025,0.046,0.609,0.603,0.761,0.679,0.362,0.7,0.081,0.837,-0.069,0.614,0.547,-0.192,0.611,0.46,0.651,0.238,-0.552,0.606,0.398,0.204,-0.109,0.474,0.741,0.064,0.523,0.788,0.322,0.478,0.647,-0.29,0.303,0.537,-0.609,0.74,0.357,0.636,0.681,0.038,0.587,0.787,0.739,0.337,0.862,0.078,0.232,0.723,0.767,0.488,0.706,0.715,0.521,0.701,0.577,0.769,0.73,0.818,0.785,0.026,0.699,0.588,0.755,0.839,-0.42,-0.088,0.375,0.819,0.754,-0.764,0.66,0.383,0.792,0.773,0.545,0.335,-0.44,-0.319,0.04,0.864,0.873,0.224,0.602,0.917,0.684,0.772,0.667,0.629,0.753,-0.273,0.723,0.589,0.408,0.701,-0.165,0.481,0.475,0.055,-0.258,0.601,0.451,0.362,-0.29,-0.08,-0.297,0.528,0.583,0.617,0.459
000333SZ,0.906,0.938,-0.141,0.711,1.0,0.651,0.742,0.591,-0.238,0.598,-0.555,0.559,0.719,-0.416,0.375,-0.35,0.742,0.918,0.698,0.146,0.729,0.764,0.843,0.358,-0.219,0.838,0.543,0.496,0.744,0.629,-0.746,-0.614,0.809,0.295,0.11,0.807,0.268,0.828,0.812,-0.175,0.62,0.814,-0.516,0.201,0.702,0.018,0.777,-0.198,0.704,0.26,-0.16,0.6,0.668,0.686,0.703,0.548,-0.82,-0.811,0.717,-0.131,0.741,0.693,0.856,-0.447,-0.674,-0.587,-0.304,0.686,-0.763,-0.054,0.27,0.581,0.185,-0.201,0.668,-0.715,-0.515,0.515,0.097,0.826,0.717,0.792,0.873,0.762,0.82,0.54,0.822,0.842,0.837,0.76,0.849,-0.683,-0.158,0.43,0.815,0.889,0.212,0.566,0.474,0.592,0.745,0.575,0.493,0.639,0.253,0.361,-0.727,0.518,-0.078,-0.146,0.459,0.747,0.874,0.794,-0.043,0.867,-0.062,0.789,-0.42,0.847,0.761,-0.448,0.716,0.368,0.749,-0.186,-0.48,0.431,0.486,0.064,0.087,0.703,0.717,-0.353,0.71,0.575,0.467,0.372,0.623,-0.357,0.336,0.365,-0.837,0.813,0.506,0.813,0.272,-0.421,0.918,0.74,0.842,0.573,0.903,0.357,-0.034,0.925,0.737,0.419,0.866,0.874,0.57,0.864,0.311,0.904,0.707,0.785,0.845,0.022,0.94,0.779,0.719,0.87,-0.816,-0.42,0.273,0.631,0.661,-0.673,0.692,0.104,0.789,0.92,0.836,-0.074,-0.757,-0.639,-0.3,0.66,0.849,-0.133,0.593,0.588,0.705,0.923,0.856,0.591,0.658,-0.406,0.732,0.757,0.573,0.695,0.185,0.674,0.7,0.162,-0.694,0.894,0.626,-0.074,-0.5,-0.58,-0.215,0.81,0.247,0.849,0.645
000338SZ,0.791,0.759,-0.135,0.705,0.651,1.0,0.808,0.602,-0.11,0.535,-0.342,0.39,0.709,-0.239,0.669,0.069,0.764,0.756,0.923,0.237,0.637,0.755,0.802,0.549,0.055,0.745,0.383,0.738,0.812,0.853,-0.55,-0.501,0.72,0.485,0.366,0.907,0.572,0.715,0.736,-0.24,0.596,0.75,-0.5,0.058,0.75,0.464,0.77,-0.056,0.556,0.26,0.247,0.755,0.784,0.726,0.63,0.65,-0.641,-0.568,0.712,0.288,0.872,0.803,0.753,-0.285,-0.548,-0.344,-0.241,0.675,-0.595,0.067,0.325,0.816,0.523,-0.084,0.551,-0.335,-0.39,0.534,0.393,0.704,0.582,0.795,0.8,0.786,0.758,0.413,0.632,0.833,0.765,0.736,0.693,-0.61,-0.004,0.386,0.787,0.778,0.002,0.594,0.597,0.55,0.787,0.892,0.873,0.706,0.418,0.682,-0.364,0.658,0.146,0.069,0.661,0.77,0.856,0.795,0.328,0.64,0.134,0.824,0.008,0.748,0.781,-0.283,0.741,0.481,0.72,0.118,-0.555,0.72,0.451,0.513,-0.006,0.622,0.694,-0.072,0.727,0.509,0.33,0.72,0.519,-0.423,0.457,0.326,-0.565,0.882,0.636,0.702,0.352,-0.207,0.705,0.566,0.601,0.526,0.799,0.578,-0.026,0.815,0.815,0.206,0.831,0.834,0.452,0.664,0.56,0.826,0.812,0.738,0.846,0.464,0.755,0.604,0.562,0.869,-0.594,-0.094,0.487,0.784,0.634,-0.364,0.624,0.32,0.682,0.777,0.685,0.214,-0.58,-0.529,0.105,0.8,0.84,-0.051,0.651,0.696,0.848,0.736,0.765,0.359,0.424,-0.378,0.813,0.74,0.746,0.709,0.05,0.774,0.708,0.4,-0.497,0.688,0.757,0.255,-0.342,-0.374,-0.23,0.772,0.476,0.778,0.796
000538SZ,0.827,0.828,-0.106,0.716,0.742,0.808,1.0,0.771,-0.07,0.442,-0.501,0.39,0.822,-0.202,0.575,0.066,0.792,0.811,0.793,0.149,0.84,0.744,0.798,0.609,0.018,0.831,0.454,0.805,0.863,0.874,-0.602,-0.676,0.82,0.509,0.35,0.888,0.233,0.787,0.875,-0.352,0.713,0.851,-0.518,-0.076,0.824,0.284,0.846,-0.432,0.51,0.387,0.373,0.662,0.847,0.791,0.57,0.636,-0.79,-0.761,0.64,0.243,0.895,0.899,0.928,-0.453,-0.747,-0.335,-0.244,0.821,-0.656,-0.05,0.278,0.805,0.114,0.146,0.44,-0.353,-0.34,0.629,0.397,0.796,0.771,0.854,0.847,0.692,0.676,0.41,0.57,0.896,0.726,0.685,0.621,-0.655,-0.131,0.533,0.805,0.887,0.047,0.548,0.63,0.829,0.836,0.703,0.818,0.838,0.572,0.531,-0.468,0.8,-0.176,0.062,0.789,0.817,0.928,0.811,0.211,0.61,0.066,0.932,0.01,0.882,0.845,-0.51,0.91,0.461,0.731,0.135,-0.609,0.75,0.382,0.339,-0.059,0.612,0.921,-0.145,0.696,0.733,0.376,0.618,0.582,-0.497,0.51,0.537,-0.668,0.89,0.681,0.749,0.399,-0.343,0.737,0.638,0.633,0.492,0.862,0.484,-0.048,0.854,0.75,0.302,0.87,0.784,0.485,0.719,0.461,0.891,0.827,0.75,0.912,0.361,0.808,0.607,0.578,0.87,-0.624,-0.242,0.438,0.631,0.653,-0.543,0.68,0.22,0.8,0.822,0.777,0.173,-0.613,-0.561,0.226,0.727,0.862,0.103,0.565,0.677,0.856,0.782,0.782,0.478,0.554,-0.418,0.917,0.856,0.784,0.883,0.045,0.803,0.847,0.366,-0.478,0.824,0.8,0.253,-0.338,-0.433,-0.156,0.837,0.574,0.83,0.802
000568SZ,0.621,0.676,-0.22,0.582,0.591,0.602,0.771,1.0,0.077,0.205,-0.658,0.667,0.706,0.101,0.268,0.104,0.805,0.685,0.539,-0.256,0.933,0.725,0.601,0.81,0.185,0.65,0.726,0.727,0.769,0.734,-0.274,-0.719,0.696,0.668,-0.023,0.595,0.041,0.672,0.738,-0.632,0.52,0.526,-0.677,-0.384,0.659,0.213,0.602,-0.525,0.5,0.535,0.231,0.671,0.851,0.67,0.549,0.596,-0.776,-0.773,0.709,0.381,0.738,0.708,0.793,-0.726,-0.504,-0.314,-0.499,0.779,-0.663,-0.403,-0.057,0.662,-0.065,0.326,0.328,-0.406,-0.318,0.348,0.472,0.653,0.798,0.546,0.769,0.305,0.535,0.325,0.496,0.785,0.526,0.673,0.508,-0.645,-0.205,0.814,0.804,0.609,0.075,0.506,0.541,0.87,0.758,0.528,0.6,0.856,0.762,0.101,-0.405,0.856,-0.519,-0.152,0.782,0.804,0.708,0.668,-0.047,0.543,0.312,0.743,-0.208,0.729,0.698,-0.667,0.87,-0.032,0.786,-0.06,-0.678,0.673,0.679,0.053,-0.466,0.666,0.899,0.166,0.73,0.597,0.412,0.445,0.559,-0.529,0.31,0.617,-0.646,0.63,0.694,0.813,0.246,-0.396,0.448,0.62,0.713,0.436,0.638,0.352,-0.135,0.686,0.554,0.032,0.718,0.533,0.743,0.468,0.182,0.749,0.708,0.795,0.745,0.175,0.558,0.729,0.734,0.652,-0.466,-0.487,0.365,0.577,0.58,-0.445,0.829,-0.113,0.714,0.68,0.644,-0.027,-0.556,-0.587,0.353,0.499,0.694,0.122,0.132,0.497,0.784,0.526,0.691,0.327,0.357,-0.632,0.815,0.814,0.562,0.757,-0.246,0.442,0.747,0.452,-0.179,0.588,0.664,0.123,-0.582,-0.356,-0.496,0.557,0.471,0.639,0.62
000596SZ,-0.117,-0.187,-0.16,-0.438,-0.238,-0.11,-0.07,0.077,1.0,-0.418,0.385,-0.397,0.234,-0.16,-0.272,0.009,-0.177,-0.178,-0.135,-0.306,-0.083,-0.102,-0.147,-0.088,0.086,0.003,-0.234,-0.161,-0.038,0.109,0.001,-0.124,-0.005,0.163,-0.062,-0.133,0.086,-0.131,0.068,-0.169,0.28,-0.199,-0.154,-0.157,0.101,0.403,0.069,0.048,-0.236,-0.234,0.357,-0.139,-0.113,0.095,-0.117,0.187,0.057,0.35,-0.255,0.316,-0.204,-0.094,-0.14,0.023,-0.022,0.063,-0.094,0.012,0.136,0.373,-0.315,-0.204,0.013,0.271,-0.079,0.132,-0.037,0.285,0.194,-0.029,-0.049,0.053,-0.24,-0.197,-0.176,-0.421,-0.352,-0.23,-0.168,-0.155,-0.227,0.023,-0.282,-0.162,-0.17,-0.146,-0.435,-0.576,-0.385,-0.051,-0.053,0.03,-0.045,-0.068,-0.031,0.126,0.266,-0.066,0.054,0.318,-0.028,-0.051,-0.15,-0.181,-0.097,-0.259,-0.231,-0.252,0.086,-0.04,-0.033,-0.125,0.071,-0.108,-0.167,0.026,0.244,-0.115,-0.14,-0.079,0.046,-0.167,-0.067,-0.184,-0.103,-0.233,-0.32,0.236,-0.197,-0.054,-0.193,-0.16,0.322,-0.166,0.09,-0.119,-0.565,-0.116,-0.139,-0.287,-0.312,0.115,-0.237,0.295,-0.121,-0.133,-0.168,-0.276,-0.117,-0.16,-0.247,-0.154,-0.323,-0.157,-0.279,-0.325,-0.206,0.31,-0.148,-0.181,-0.373,-0.262,-0.028,0.142,-0.126,-0.485,-0.478,0.422,-0.197,-0.04,-0.315,-0.265,-0.063,-0.111,-0.088,0.032,-0.007,-0.455,-0.26,-0.108,-0.289,-0.47,-0.142,-0.223,-0.178,-0.23,-0.34,0.098,-0.098,0.001,0.163,0.056,0.341,0.108,0.177,0.32,-0.138,-0.132,0.139,-0.114,0.107,-0.089,0.33,-0.002,-0.042,-0.069,0.169
000617SZ,0.434,0.467,0.472,0.785,0.598,0.535,0.442,0.205,-0.418,1.0,-0.438,0.421,0.193,-0.258,0.735,0.112,0.347,0.44,0.467,0.519,0.345,0.261,0.397,0.179,-0.176,0.301,0.191,0.442,0.306,0.222,-0.312,-0.278,0.262,0.01,0.432,0.589,0.174,0.272,0.344,0.275,0.133,0.53,0.092,0.158,0.162,-0.054,0.284,-0.212,0.21,0.505,-0.356,0.516,0.352,0.125,0.152,0.042,-0.262,-0.453,0.349,-0.426,0.47,0.41,0.481,-0.218,-0.56,0.036,-0.002,0.15,-0.125,-0.098,0.675,0.658,0.102,-0.186,0.194,-0.13,0.03,0.203,-0.204,0.277,0.149,0.373,0.598,0.546,0.361,0.807,0.459,0.626,0.358,0.295,0.393,-0.03,0.463,0.091,0.434,0.568,0.294,0.734,0.718,0.239,0.226,0.266,0.273,0.367,0.156,0.313,-0.31,0.304,0.323,0.268,0.288,0.227,0.551,0.38,0.43,0.516,-0.241,0.565,0.026,0.313,0.221,0.135,0.282,0.547,0.305,0.311,-0.15,0.259,0.088,0.156,0.063,0.202,0.416,-0.184,0.201,0.577,0.076,0.373,0.399,0.019,0.023,0.302,-0.367,0.495,-0.036,0.319,0.601,0.318,0.464,0.677,0.49,0.061,0.696,-0.169,0.503,0.498,0.689,0.71,0.422,0.56,0.173,0.699,0.585,0.505,0.532,0.492,0.522,-0.087,0.588,0.278,0.462,0.62,-0.305,0.168,0.082,0.673,0.442,-0.7,0.288,0.559,0.463,0.569,0.281,0.463,-0.222,0.028,-0.29,0.657,0.607,0.271,0.663,0.747,0.354,0.702,0.386,0.728,0.819,0.008,0.362,0.257,0.103,0.416,0.047,0.337,0.18,-0.208,-0.312,0.376,0.153,0.396,-0.031,0.127,0.023,0.318,0.408,0.378,0.188
000625SZ,-0.434,-0.521,-0.056,-0.676,-0.555,-0.342,-0.501,-0.658,0.385,-0.438,1.0,-0.841,-0.381,-0.065,-0.255,-0.139,-0.622,-0.514,-0.221,0.198,-0.709,-0.501,-0.364,-0.64,0.056,-0.408,-0.747,-0.594,-0.481,-0.305,0.09,0.647,-0.407,-0.451,0.154,-0.373,0.248,-0.428,-0.347,0.39,-0.222,-0.334,0.368,0.41,-0.21,0.147,-0.192,0.619,-0.452,-0.707,0.399,-0.565,-0.642,-0.241,-0.379,-0.266,0.566,0.824,-0.616,0.2,-0.535,-0.435,-0.643,0.754,0.422,0.146,0.438,-0.453,0.471,0.668,-0.056,-0.571,0.273,-0.015,-0.191,0.404,0.212,-0.017,0.058,-0.408,-0.576,-0.25,-0.68,-0.148,-0.392,-0.588,-0.586,-0.679,-0.309,-0.55,-0.416,0.408,-0.089,-0.701,-0.666,-0.432,-0.254,-0.686,-0.64,-0.686,-0.419,-0.163,-0.295,-0.607,-0.633,0.233,0.512,-0.672,0.592,0.256,-0.584,-0.523,-0.542,-0.499,0.119,-0.517,-0.244,-0.588,0.368,-0.456,-0.333,0.474,-0.498,0.124,-0.632,0.066,0.698,-0.331,-0.612,0.271,0.464,-0.528,-0.66,-0.12,-0.522,-0.552,-0.348,-0.099,-0.511,0.343,0.087,-0.483,0.709,-0.368,-0.212,-0.619,-0.473,0.129,-0.312,-0.707,-0.76,-0.085,-0.549,0.204,-0.102,-0.508,-0.422,-0.294,-0.473,-0.389,-0.749,-0.476,-0.174,-0.569,-0.674,-0.729,-0.563,0.443,-0.45,-0.643,-0.779,-0.517,0.304,0.424,-0.091,-0.641,-0.569,0.765,-0.739,0.123,-0.605,-0.614,-0.388,-0.013,0.459,0.375,-0.073,-0.494,-0.587,-0.126,-0.112,-0.571,-0.527,-0.513,-0.536,-0.513,-0.588,0.547,-0.533,-0.525,-0.098,-0.445,0.521,-0.101,-0.322,0.161,0.059,-0.381,-0.315,-0.161,0.536,0.076,0.548,-0.257,-0.421,-0.421,-0.248
000651SZ,0.457,0.536,-0.148,0.623,0.559,0.39,0.39,0.667,-0.397,0.421,-0.841,1.0,0.332,0.179,0.172,0.028,0.704,0.545,0.308,-0.244,0.681,0.612,0.442,0.698,-0.008,0.386,0.898,0.546,0.518,0.322,-0.042,-0.561,0.384,0.528,-0.299,0.339,-0.057,0.472,0.315,-0.468,0.112,0.246,-0.524,-0.392,0.259,-0.064,0.195,-0.409,0.59,0.584,-0.387,0.647,0.646,0.317,0.534,0.311,-0.57,-0.766,0.791,-0.021,0.541,0.416,0.559,-0.748,-0.201,-0.274,-0.591,0.461,-0.568,-0.715,-0.111,0.51,-0.06,-0.01,0.333,-0.517,-0.308,-0.114,0.104,0.402,0.564,0.19,0.708,0.144,0.52,0.539,0.672,0.66,0.412,0.679,0.539,-0.493,0.03,0.753,0.726,0.373,0.257,0.714,0.564,0.535,0.487,0.262,0.268,0.566,0.624,-0.256,-0.488,0.626,-0.501,-0.458,0.521,0.596,0.488,0.552,-0.201,0.627,0.443,0.523,-0.453,0.433,0.386,-0.497,0.477,-0.287,0.748,-0.283,-0.715,0.371,0.823,-0.214,-0.588,0.699,0.556,0.311,0.658,0.398,0.501,0.109,0.551,-0.294,0.016,0.39,-0.708,0.382,0.33,0.712,0.349,-0.238,0.304,0.699,0.848,0.2,0.525,-0.058,-0.011,0.53,0.488,0.087,0.519,0.394,0.896,0.408,0.152,0.582,0.654,0.824,0.573,-0.283,0.442,0.789,0.908,0.532,-0.295,-0.549,0.212,0.726,0.675,-0.563,0.839,-0.258,0.562,0.643,0.452,-0.123,-0.442,-0.487,0.101,0.523,0.605,-0.012,0.045,0.535,0.593,0.468,0.62,0.351,0.411,-0.696,0.527,0.537,0.084,0.351,-0.572,0.017,0.328,0.052,-0.028,0.342,0.263,-0.037,-0.749,-0.146,-0.774,0.237,0.177,0.421,0.222
000661SZ,0.862,0.844,-0.425,0.473,0.719,0.709,0.822,0.706,0.234,0.193,-0.381,0.332,1.0,-0.339,0.224,-0.222,0.787,0.851,0.727,-0.21,0.74,0.858,0.833,0.514,-0.091,0.933,0.493,0.565,0.889,0.858,-0.733,-0.773,0.917,0.551,-0.001,0.793,0.351,0.857,0.852,-0.479,0.898,0.712,-0.78,-0.023,0.891,0.466,0.885,-0.217,0.671,0.127,0.267,0.61,0.776,0.914,0.765,0.865,-0.886,-0.64,0.69,0.325,0.794,0.772,0.85,-0.49,-0.645,-0.645,-0.46,0.895,-0.818,0.11,-0.09,0.562,0.28,0.049,0.67,-0.64,-0.504,0.751,0.493,0.913,0.86,0.892,0.741,0.653,0.796,0.084,0.633,0.765,0.805,0.802,0.725,-0.854,-0.519,0.482,0.809,0.748,-0.192,0.214,0.247,0.676,0.88,0.733,0.726,0.72,0.42,0.503,-0.643,0.647,-0.24,-0.085,0.699,0.873,0.858,0.83,-0.191,0.703,0.097,0.729,-0.355,0.926,0.89,-0.677,0.894,0.239,0.769,-0.24,-0.612,0.535,0.545,0.067,-0.017,0.727,0.735,-0.262,0.818,0.368,0.271,0.519,0.595,-0.7,0.394,0.303,-0.737,0.79,0.697,0.803,-0.012,-0.655,0.78,0.419,0.659,0.622,0.716,0.717,-0.391,0.869,0.604,-0.035,0.878,0.82,0.535,0.621,0.074,0.861,0.664,0.682,0.794,0.325,0.77,0.723,0.554,0.773,-0.843,-0.39,0.285,0.402,0.486,-0.327,0.702,-0.092,0.674,0.753,0.798,-0.268,-0.824,-0.806,-0.028,0.494,0.758,-0.332,0.293,0.348,0.8,0.686,0.849,0.204,0.252,-0.562,0.831,0.921,0.844,0.769,0.132,0.833,0.939,0.509,-0.648,0.816,0.914,-0.108,-0.505,-0.746,-0.17,0.891,0.293,0.899,0.928
000708SZ,-0.434,-0.338,0.018,-0.046,-0.416,-0.239,-0.202,0.101,-0.16,-0.258,-0.065,0.179,-0.339,1.0,-0.096,0.433,-0.033,-0.297,-0.242,-0.109,0.055,-0.194,-0.351,0.38,0.261,-0.437,0.207,0.09,-0.186,-0.159,0.626,0.184,-0.265,0.048,-0.171,-0.376,-0.427,-0.254,-0.289,-0.292,-0.491,-0.341,0.003,-0.32,-0.218,-0.059,-0.37,-0.358,-0.216,0.269,0.213,-0.051,0.013,-0.198,-0.275,-0.238,0.212,0.061,-0.04,0.364,-0.101,-0.078,-0.23,-0.135,0.396,0.292,-0.072,-0.059,0.193,-0.556,-0.274,-0.05,-0.412,0.546,-0.497,0.343,0.463,-0.434,0.384,-0.353,-0.097,-0.488,-0.189,-0.48,-0.369,-0.104,-0.314,-0.145,-0.358,-0.235,-0.349,0.204,0.119,0.367,-0.129,-0.428,0.138,0.1,0.127,0.028,-0.106,-0.306,-0.172,0.102,0.25,-0.413,0.245,0.063,-0.304,-0.206,0.167,-0.117,-0.367,-0.255,0.059,-0.276,0.454,-0.111,0.226,-0.282,-0.201,-0.003,-0.085,-0.414,-0.088,0.016,-0.142,0.217,0.102,-0.054,-0.54,-0.144,-0.024,0.719,-0.144,0.047,-0.088,-0.153,0.011,-0.073,0.177,0.353,0.238,-0.302,0.039,-0.135,0.24,0.126,-0.574,-0.221,-0.134,-0.239,-0.307,-0.233,-0.083,-0.364,-0.296,-0.353,-0.271,-0.433,0.148,-0.527,0.046,-0.267,-0.21,0.007,-0.233,0.049,-0.516,-0.126,0.11,-0.272,0.524,-0.094,0.185,-0.057,0.055,0.136,0.055,-0.26,-0.017,-0.333,-0.349,0.051,0.539,0.188,0.64,-0.058,-0.206,0.345,-0.486,0.016,-0.072,-0.499,-0.26,-0.365,-0.3,-0.161,-0.087,-0.145,-0.234,-0.088,-0.58,-0.488,-0.187,0.211,0.768,-0.392,-0.307,0.049,-0.04,0.359,-0.386,-0.434,0.02,-0.389,-0.36
000725SZ,0.392,0.375,0.409,0.738,0.375,0.669,0.575,0.268,-0.272,0.735,-0.255,0.172,0.224,-0.096,1.0,0.397,0.397,0.352,0.579,0.602,0.378,0.227,0.393,0.368,0.032,0.254,0.075,0.692,0.411,0.463,-0.19,-0.224,0.255,0.17,0.748,0.664,0.275,0.266,0.381,0.109,0.141,0.572,0.089,0.047,0.316,0.261,0.354,-0.292,0.094,0.469,0.147,0.595,0.483,0.218,0.041,0.155,-0.18,-0.349,0.28,-0.094,0.601,0.634,0.427,-0.094,-0.533,0.243,0.084,0.194,-0.022,-0.01,0.659,0.814,0.14,-0.006,-0.02,0.217,0.096,0.251,0.014,0.189,0.076,0.448,0.562,0.586,0.288,0.697,0.271,0.583,0.325,0.217,0.211,-0.031,0.548,0.089,0.394,0.59,0.207,0.64,0.809,0.333,0.331,0.42,0.585,0.496,0.25,0.603,0.022,0.39,0.378,0.416,0.455,0.305,0.531,0.414,0.779,0.277,-0.164,0.654,0.486,0.325,0.321,0.147,0.392,0.679,0.301,0.638,-0.25,0.546,-0.088,0.549,0.062,0.103,0.519,0.041,0.167,0.716,0.034,0.654,0.387,-0.027,0.269,0.35,-0.135,0.608,0.198,0.236,0.623,0.392,0.356,0.557,0.245,0.142,0.66,0.049,0.503,0.445,0.669,0.572,0.452,0.495,0.034,0.562,0.8,0.491,0.506,0.421,0.577,0.348,0.488,0.119,0.275,0.626,-0.113,0.364,0.381,0.604,0.478,-0.491,0.233,0.724,0.446,0.478,0.271,0.729,-0.128,0.077,0.176,0.755,0.623,0.403,0.74,0.82,0.486,0.569,0.33,0.555,0.648,0.08,0.492,0.268,0.366,0.599,-0.011,0.474,0.268,-0.036,-0.181,0.312,0.263,0.577,0.113,0.221,0.042,0.375,0.708,0.358,0.331
000768SZ,-0.309,-0.347,0.499,0.178,-0.35,0.069,0.066,0.104,0.009,0.112,-0.139,0.028,-0.222,0.433,0.397,1.0,-0.045,-0.346,-0.111,0.095,0.027,-0.257,-0.288,0.327,0.296,-0.296,-0.052,0.364,-0.079,-0.02,0.452,-0.027,-0.293,0.3,0.29,-0.062,-0.134,-0.356,-0.193,0.075,-0.239,-0.23,0.243,-0.446,-0.25,0.259,-0.304,-0.382,-0.367,0.531,0.193,0.243,0.162,-0.288,-0.415,-0.191,0.298,0.11,-0.175,0.029,0.057,0.064,-0.097,-0.056,0.024,0.639,0.107,-0.143,0.446,-0.24,0.199,0.353,-0.214,0.315,-0.543,0.625,0.389,-0.157,-0.029,-0.338,-0.248,-0.218,-0.049,-0.286,-0.371,0.259,-0.339,0.046,-0.397,-0.277,-0.504,0.373,0.447,0.042,-0.156,-0.137,-0.105,0.267,0.483,0.186,-0.162,-0.177,0.113,0.121,0.491,-0.021,0.462,0.21,0.015,0.39,0.317,-0.187,-0.097,-0.169,0.49,-0.378,0.098,0.094,0.512,-0.268,-0.24,0.21,-0.045,-0.042,-0.133,0.632,-0.098,0.325,-0.177,0.15,-0.246,-0.296,0.143,0.504,-0.247,0.3,-0.141,0.196,-0.096,0.14,-0.185,0.105,0.336,-0.131,-0.195,-0.168,0.479,0.569,-0.446,0.112,-0.231,-0.408,-0.063,-0.315,0.463,-0.273,0.051,0.183,-0.215,-0.268,-0.086,-0.064,0.255,-0.167,0.078,-0.06,-0.062,0.076,-0.255,-0.293,-0.044,-0.122,0.534,0.56,-0.014,0.152,-0.032,-0.024,-0.092,0.286,-0.125,-0.156,-0.292,0.551,0.376,0.428,0.519,0.147,-0.049,0.532,-0.095,0.268,0.007,-0.124,-0.274,0.201,0.192,0.091,0.051,-0.134,-0.164,0.063,-0.436,-0.183,-0.18,-0.033,0.552,-0.389,-0.106,0.668,0.266,0.649,-0.02,-0.313,0.56,-0.257,-0.14
000776SZ,0.853,0.868,-0.412,0.725,0.742,0.764,0.792,0.805,-0.177,0.347,-0.622,0.704,0.787,-0.033,0.397,-0.045,1.0,0.882,0.771,-0.157,0.88,0.932,0.87,0.823,0.098,0.801,0.823,0.801,0.948,0.844,-0.487,-0.69,0.823,0.709,0.022,0.792,0.318,0.883,0.765,-0.615,0.559,0.676,-0.78,-0.157,0.818,0.395,0.724,-0.329,0.825,0.382,0.113,0.834,0.949,0.832,0.819,0.792,-0.857,-0.818,0.933,0.296,0.934,0.872,0.824,-0.589,-0.445,-0.538,-0.543,0.869,-0.843,-0.268,-0.06,0.752,0.255,0.017,0.59,-0.59,-0.499,0.367,0.455,0.791,0.829,0.725,0.916,0.607,0.863,0.39,0.802,0.889,0.843,0.911,0.758,-0.858,-0.247,0.745,0.949,0.736,0.116,0.611,0.583,0.725,0.931,0.697,0.732,0.824,0.597,0.346,-0.558,0.748,-0.314,-0.348,0.761,0.957,0.835,0.935,-0.044,0.822,0.37,0.842,-0.319,0.853,0.885,-0.671,0.848,0.097,0.973,-0.194,-0.859,0.734,0.76,0.131,-0.279,0.888,0.79,0.173,0.922,0.557,0.589,0.54,0.743,-0.589,0.482,0.436,-0.81,0.854,0.773,0.911,0.273,-0.529,0.694,0.663,0.869,0.641,0.809,0.531,-0.274,0.883,0.734,-0.026,0.926,0.786,0.838,0.608,0.293,0.924,0.788,0.95,0.917,0.254,0.763,0.91,0.855,0.886,-0.621,-0.48,0.564,0.73,0.855,-0.457,0.948,-0.079,0.812,0.883,0.83,-0.112,-0.732,-0.803,0.238,0.78,0.921,-0.188,0.326,0.682,0.953,0.71,0.944,0.252,0.344,-0.72,0.933,0.894,0.703,0.773,-0.247,0.602,0.803,0.466,-0.377,0.736,0.744,-0.05,-0.716,-0.534,-0.628,0.762,0.351,0.862,0.765
000786SZ,0.949,0.99,-0.351,0.697,0.918,0.756,0.811,0.685,-0.178,0.44,-0.514,0.545,0.851,-0.297,0.352,-0.346,0.882,1.0,0.82,-0.002,0.811,0.903,0.936,0.525,-0.049,0.913,0.63,0.588,0.896,0.801,-0.74,-0.63,0.925,0.42,0.086,0.872,0.367,0.968,0.876,-0.387,0.706,0.854,-0.69,0.179,0.866,0.207,0.875,-0.179,0.822,0.195,0.041,0.676,0.805,0.875,0.83,0.76,-0.916,-0.815,0.844,0.146,0.87,0.809,0.882,-0.448,-0.596,-0.711,-0.387,0.853,-0.893,-0.038,0.116,0.632,0.299,-0.109,0.729,-0.744,-0.512,0.556,0.386,0.916,0.846,0.854,0.888,0.796,0.919,0.354,0.856,0.876,0.943,0.879,0.899,-0.855,-0.334,0.574,0.919,0.854,0.172,0.51,0.427,0.657,0.908,0.726,0.676,0.753,0.321,0.451,-0.744,0.602,-0.167,-0.265,0.59,0.903,0.91,0.918,-0.098,0.916,0.138,0.838,-0.423,0.943,0.912,-0.58,0.835,0.332,0.868,-0.26,-0.639,0.564,0.62,0.126,0.014,0.829,0.754,-0.181,0.864,0.521,0.489,0.459,0.722,-0.584,0.54,0.433,-0.869,0.897,0.706,0.892,0.201,-0.589,0.906,0.608,0.864,0.701,0.879,0.587,-0.301,0.971,0.713,0.129,0.959,0.925,0.666,0.722,0.268,0.959,0.744,0.871,0.906,0.195,0.891,0.869,0.758,0.928,-0.86,-0.493,0.447,0.644,0.732,-0.54,0.813,0.003,0.871,0.91,0.871,-0.19,-0.793,-0.813,-0.105,0.703,0.909,-0.258,0.502,0.588,0.845,0.829,0.956,0.341,0.432,-0.532,0.854,0.886,0.763,0.773,0.111,0.754,0.835,0.378,-0.634,0.937,0.78,-0.131,-0.6,-0.703,-0.349,0.893,0.264,0.935,0.805
000800SZ,0.845,0.821,-0.272,0.653,0.698,0.923,0.793,0.539,-0.135,0.467,-0.221,0.308,0.727,-0.242,0.579,-0.111,0.771,0.82,1.0,0.279,0.619,0.791,0.884,0.475,-0.002,0.789,0.373,0.643,0.829,0.855,-0.672,-0.446,0.799,0.424,0.334,0.91,0.58,0.809,0.781,-0.252,0.611,0.819,-0.537,0.206,0.853,0.432,0.844,0.006,0.641,0.114,0.313,0.669,0.744,0.812,0.694,0.704,-0.698,-0.559,0.71,0.303,0.873,0.826,0.734,-0.206,-0.53,-0.509,-0.229,0.728,-0.686,0.17,0.278,0.709,0.532,-0.077,0.619,-0.428,-0.457,0.573,0.463,0.765,0.623,0.852,0.774,0.857,0.816,0.287,0.671,0.796,0.867,0.746,0.762,-0.687,-0.159,0.352,0.776,0.797,0.032,0.509,0.476,0.491,0.849,0.903,0.834,0.666,0.274,0.712,-0.436,0.532,0.186,-0.046,0.583,0.793,0.845,0.831,0.246,0.721,0.138,0.803,-0.049,0.811,0.87,-0.324,0.741,0.505,0.73,-0.003,-0.508,0.701,0.436,0.536,0.128,0.652,0.639,-0.095,0.745,0.468,0.378,0.68,0.597,-0.453,0.636,0.325,-0.589,0.924,0.707,0.715,0.266,-0.371,0.793,0.48,0.608,0.658,0.814,0.699,-0.199,0.848,0.79,0.108,0.881,0.876,0.423,0.628,0.522,0.845,0.705,0.727,0.843,0.56,0.792,0.626,0.552,0.886,-0.671,-0.172,0.553,0.7,0.68,-0.297,0.608,0.243,0.705,0.788,0.769,0.074,-0.59,-0.621,0.07,0.784,0.846,-0.182,0.633,0.641,0.843,0.724,0.811,0.241,0.326,-0.384,0.82,0.756,0.838,0.707,0.187,0.828,0.761,0.506,-0.567,0.782,0.767,0.089,-0.364,-0.522,-0.202,0.853,0.344,0.843,0.821
000807SZ,0.059,0.051,0.496,0.278,0.146,0.237,0.149,-0.256,-0.306,0.519,0.198,-0.244,-0.21,-0.109,0.602,0.095,-0.157,-0.002,0.279,1.0,-0.13,-0.21,0.043,-0.267,-0.208,-0.09,-0.397,0.095,-0.112,-0.003,-0.107,0.269,-0.084,-0.389,0.651,0.261,0.092,-0.097,0.071,0.499,-0.18,0.34,0.468,0.379,-0.01,-0.184,0.103,0.048,-0.273,0.002,0.093,-0.034,-0.142,-0.131,-0.28,-0.333,0.207,0.031,-0.191,-0.263,0.065,0.145,0.029,0.317,-0.258,0.323,0.44,-0.239,0.28,0.218,0.69,0.237,0.04,-0.091,-0.146,0.348,0.16,0.038,-0.202,-0.128,-0.324,0.134,0.081,0.392,-0.065,0.416,-0.062,0.108,0.027,-0.213,0.008,0.347,0.577,-0.344,-0.091,0.288,0.237,0.32,0.365,-0.161,-0.1,0.121,0.088,-0.026,-0.26,0.409,0.202,-0.116,0.674,0.438,-0.102,-0.183,0.121,-0.071,0.716,-0.042,-0.393,0.2,0.561,-0.042,-0.039,0.517,-0.088,0.672,-0.213,0.502,0.307,0.121,-0.485,0.585,0.391,-0.278,0.031,-0.226,-0.274,0.367,-0.12,0.29,-0.014,0.373,0.222,0.15,0.195,0.223,-0.087,-0.205,0.439,0.457,0.18,0.186,-0.162,-0.022,0.278,-0.136,0.527,0.06,0.306,0.614,0.027,0.154,-0.415,0.287,0.806,0.049,0.049,-0.079,0.111,0.278,0.21,-0.307,-0.161,0.197,0.083,0.401,0.176,0.197,0.085,-0.201,-0.293,0.67,0.073,0.092,0.004,0.662,0.287,0.404,-0.084,0.325,0.124,0.454,0.68,0.383,-0.031,0.266,-0.104,0.384,0.455,0.443,-0.021,-0.2,0.029,0.111,0.338,0.199,-0.121,-0.202,-0.158,0.137,-0.18,0.34,0.421,0.285,0.402,0.096,0.185,-0.018,-0.116
000858SZ,0.729,0.807,-0.21,0.717,0.729,0.637,0.84,0.933,-0.083,0.345,-0.709,0.681,0.74,0.055,0.378,0.027,0.88,0.811,0.619,-0.13,1.0,0.77,0.701,0.809,0.175,0.714,0.76,0.775,0.83,0.761,-0.368,-0.679,0.771,0.618,0.097,0.707,0.024,0.781,0.809,-0.608,0.53,0.703,-0.622,-0.203,0.722,0.142,0.673,-0.572,0.615,0.536,0.168,0.703,0.884,0.726,0.602,0.623,-0.826,-0.879,0.775,0.275,0.829,0.809,0.861,-0.662,-0.54,-0.37,-0.408,0.82,-0.718,-0.385,0.054,0.717,-0.089,0.248,0.364,-0.458,-0.291,0.354,0.43,0.72,0.827,0.628,0.87,0.456,0.636,0.457,0.647,0.877,0.657,0.721,0.619,-0.691,-0.159,0.828,0.88,0.728,0.255,0.603,0.636,0.897,0.821,0.516,0.622,0.901,0.659,0.183,-0.504,0.816,-0.469,-0.212,0.755,0.852,0.795,0.774,0.011,0.692,0.259,0.85,-0.216,0.81,0.772,-0.643,0.874,0.132,0.838,-0.044,-0.721,0.713,0.641,0.057,-0.332,0.722,0.928,0.12,0.752,0.737,0.491,0.475,0.703,-0.535,0.45,0.679,-0.736,0.75,0.725,0.847,0.324,-0.42,0.592,0.693,0.817,0.53,0.781,0.343,-0.134,0.794,0.622,0.134,0.815,0.652,0.767,0.568,0.29,0.854,0.75,0.881,0.844,0.125,0.682,0.791,0.792,0.789,-0.541,-0.504,0.504,0.632,0.738,-0.605,0.885,-0.001,0.867,0.792,0.731,0.017,-0.606,-0.623,0.299,0.64,0.825,0.125,0.288,0.651,0.829,0.655,0.792,0.391,0.473,-0.577,0.885,0.838,0.617,0.853,-0.2,0.515,0.776,0.379,-0.258,0.727,0.65,0.075,-0.591,-0.396,-0.5,0.652,0.505,0.738,0.638
000876SZ,0.899,0.892,-0.562,0.568,0.764,0.755,0.744,0.725,-0.102,0.261,-0.501,0.612,0.858,-0.194,0.227,-0.257,0.932,0.903,0.791,-0.21,0.77,1.0,0.92,0.651,-0.05,0.9,0.742,0.633,0.929,0.826,-0.646,-0.693,0.884,0.632,-0.141,0.772,0.397,0.913,0.77,-0.545,0.689,0.656,-0.867,-0.068,0.861,0.395,0.797,-0.125,0.876,0.166,0.104,0.712,0.853,0.902,0.945,0.836,-0.896,-0.755,0.926,0.333,0.867,0.783,0.827,-0.549,-0.443,-0.728,-0.586,0.9,-0.944,-0.13,-0.161,0.589,0.398,-0.069,0.805,-0.764,-0.635,0.478,0.483,0.894,0.89,0.792,0.842,0.651,0.933,0.186,0.814,0.817,0.903,0.967,0.861,-0.948,-0.441,0.636,0.919,0.717,-0.06,0.453,0.354,0.626,0.937,0.776,0.711,0.709,0.491,0.365,-0.692,0.677,-0.283,-0.406,0.685,0.958,0.846,0.939,-0.241,0.842,0.386,0.762,-0.47,0.9,0.926,-0.716,0.839,0.052,0.944,-0.402,-0.796,0.62,0.79,0.104,-0.191,0.938,0.689,-0.013,0.977,0.322,0.553,0.442,0.663,-0.664,0.468,0.282,-0.867,0.826,0.761,0.927,0.099,-0.698,0.777,0.528,0.841,0.663,0.74,0.671,-0.435,0.903,0.682,-0.125,0.929,0.831,0.794,0.595,0.151,0.907,0.764,0.872,0.869,0.275,0.782,0.917,0.776,0.848,-0.773,-0.577,0.442,0.649,0.746,-0.324,0.884,-0.219,0.733,0.867,0.865,-0.319,-0.805,-0.916,0.054,0.67,0.849,-0.409,0.298,0.49,0.916,0.697,0.968,0.146,0.221,-0.766,0.87,0.931,0.741,0.662,-0.104,0.678,0.848,0.505,-0.53,0.788,0.82,-0.209,-0.755,-0.738,-0.545,0.838,0.151,0.909,0.834
000895SZ,0.962,0.934,-0.425,0.623,0.843,0.802,0.798,0.601,-0.147,0.397,-0.364,0.442,0.833,-0.351,0.393,-0.288,0.87,0.936,0.884,0.043,0.701,0.92,1.0,0.499,-0.091,0.918,0.549,0.613,0.929,0.849,-0.8,-0.606,0.892,0.473,0.118,0.897,0.538,0.946,0.836,-0.333,0.708,0.812,-0.715,0.145,0.91,0.4,0.894,-0.039,0.824,0.079,0.155,0.692,0.807,0.9,0.87,0.812,-0.863,-0.692,0.82,0.185,0.884,0.837,0.82,-0.354,-0.567,-0.712,-0.424,0.852,-0.874,0.084,0.083,0.636,0.474,-0.185,0.778,-0.682,-0.6,0.593,0.385,0.904,0.791,0.905,0.844,0.855,0.95,0.266,0.794,0.827,0.974,0.882,0.852,-0.875,-0.364,0.423,0.848,0.84,-0.018,0.477,0.387,0.539,0.925,0.802,0.738,0.659,0.325,0.59,-0.658,0.555,-0.028,-0.242,0.597,0.899,0.901,0.95,-0.051,0.863,0.158,0.805,-0.335,0.923,0.948,-0.564,0.812,0.327,0.859,-0.242,-0.643,0.599,0.563,0.261,0.062,0.824,0.676,-0.155,0.874,0.425,0.521,0.522,0.665,-0.562,0.559,0.237,-0.791,0.921,0.716,0.846,0.192,-0.597,0.899,0.536,0.753,0.696,0.852,0.689,-0.317,0.947,0.755,0.051,0.967,0.932,0.588,0.72,0.289,0.935,0.727,0.81,0.904,0.377,0.89,0.805,0.664,0.921,-0.815,-0.379,0.467,0.638,0.743,-0.366,0.742,0.002,0.745,0.904,0.891,-0.178,-0.781,-0.828,-0.046,0.74,0.895,-0.373,0.518,0.58,0.886,0.807,0.957,0.252,0.336,-0.558,0.86,0.878,0.82,0.728,0.128,0.821,0.837,0.463,-0.662,0.879,0.827,-0.126,-0.552,-0.72,-0.33,0.941,0.227,0.965,0.868
000938SZ,0.455,0.497,-0.262,0.599,0.358,0.549,0.609,0.81,-0.088,0.179,-0.64,0.698,0.514,0.38,0.368,0.327,0.823,0.525,0.475,-0.267,0.809,0.651,0.499,1.0,0.295,0.431,0.806,0.843,0.72,0.668,-0.003,-0.601,0.497,0.784,0.017,0.474,0.027,0.544,0.472,-0.743,0.246,0.352,-0.639,-0.508,0.543,0.389,0.371,-0.591,0.5,0.594,0.212,0.757,0.867,0.553,0.468,0.564,-0.58,-0.646,0.733,0.43,0.738,0.717,0.58,-0.657,-0.252,-0.128,-0.546,0.665,-0.523,-0.547,-0.18,0.711,-0.058,0.34,0.136,-0.194,-0.185,0.084,0.503,0.421,0.623,0.356,0.699,0.2,0.473,0.342,0.451,0.688,0.436,0.622,0.362,-0.561,-0.042,0.821,0.741,0.398,0.108,0.575,0.653,0.697,0.688,0.416,0.582,0.781,0.751,0.086,-0.21,0.769,-0.462,-0.254,0.794,0.747,0.523,0.638,0.082,0.463,0.488,0.663,-0.054,0.535,0.588,-0.6,0.696,-0.125,0.785,0.019,-0.818,0.74,0.691,0.07,-0.594,0.64,0.721,0.518,0.684,0.552,0.395,0.488,0.608,-0.499,0.314,0.525,-0.491,0.545,0.656,0.685,0.317,-0.272,0.219,0.537,0.633,0.387,0.525,0.261,-0.144,0.527,0.513,-0.149,0.616,0.393,0.775,0.276,0.282,0.627,0.606,0.788,0.664,0.234,0.366,0.67,0.741,0.578,-0.183,-0.346,0.549,0.583,0.704,-0.33,0.846,-0.09,0.605,0.566,0.485,0.072,-0.393,-0.497,0.603,0.586,0.666,0.083,0.024,0.608,0.774,0.342,0.623,0.12,0.202,-0.662,0.746,0.672,0.473,0.655,-0.555,0.256,0.591,0.437,0.088,0.327,0.483,0.14,-0.6,-0.129,-0.705,0.375,0.477,0.495,0.483
000963SZ,-0.168,-0.094,-0.01,0.018,-0.219,0.055,0.018,0.185,0.086,-0.176,0.056,-0.008,-0.091,0.261,0.032,0.296,0.098,-0.049,-0.002,-0.208,0.175,-0.05,-0.091,0.295,1.0,-0.141,0.055,0.141,0.064,0.117,0.321,0.354,-0.058,0.206,0.328,-0.007,0.054,0.031,0.043,-0.223,-0.187,0.032,0.084,0.054,0.014,0.053,-0.049,-0.05,0.017,0.078,0.274,0.092,0.152,0.038,-0.076,0.043,0.123,0.101,0.035,0.398,0.035,-0.0,-0.13,0.293,0.35,0.172,0.323,0.031,0.126,-0.0,0.097,0.101,0.042,0.259,-0.189,0.309,0.294,-0.225,0.254,-0.125,-0.026,-0.188,-0.049,-0.144,-0.125,-0.039,-0.07,-0.013,-0.039,-0.102,-0.179,0.077,0.095,0.288,0.009,-0.159,0.455,0.083,0.132,0.217,0.031,-0.038,0.082,0.175,0.094,-0.01,0.361,0.061,-0.091,-0.031,-0.062,0.015,-0.108,-0.002,0.186,-0.073,0.156,0.021,0.142,-0.131,-0.008,0.126,-0.031,0.038,0.034,0.311,0.016,0.219,0.031,0.055,-0.01,-0.018,0.036,0.432,-0.034,0.121,0.29,0.132,-0.006,0.026,0.262,0.202,0.23,0.002,0.236,-0.034,0.015,0.128,-0.228,-0.067,-0.027,0.201,-0.112,0.04,-0.088,-0.144,-0.099,-0.258,-0.072,-0.151,0.099,-0.318,-0.026,-0.09,0.021,0.083,-0.005,0.061,-0.23,0.033,-0.045,-0.048,0.261,0.125,0.448,0.039,0.073,0.126,0.1,0.224,0.175,-0.137,-0.098,0.191,0.189,0.1,0.479,-0.02,-0.0,0.241,-0.071,0.118,0.018,-0.229,-0.066,-0.196,-0.201,0.202,0.099,-0.086,0.08,0.084,0.006,-0.149,-0.041,0.249,0.404,-0.086,-0.044,0.19,0.037,0.262,-0.23,-0.168,0.191,-0.121,-0.035
000999SZ,0.939,0.916,-0.405,0.542,0.838,0.745,0.831,0.65,0.003,0.301,-0.408,0.386,0.933,-0.437,0.254,-0.296,0.801,0.913,0.789,-0.09,0.714,0.9,0.918,0.431,-0.141,1.0,0.492,0.53,0.886,0.811,-0.845,-0.709,0.947,0.489,0.006,0.852,0.424,0.91,0.88,-0.334,0.88,0.784,-0.731,0.109,0.878,0.344,0.904,-0.085,0.766,0.094,0.165,0.606,0.756,0.904,0.848,0.827,-0.899,-0.699,0.737,0.203,0.821,0.761,0.89,-0.416,-0.627,-0.736,-0.397,0.892,-0.885,0.132,0.027,0.551,0.374,-0.097,0.794,-0.735,-0.608,0.732,0.39,0.977,0.881,0.929,0.788,0.755,0.88,0.163,0.75,0.804,0.894,0.853,0.831,-0.881,-0.487,0.436,0.828,0.827,-0.128,0.323,0.274,0.665,0.886,0.752,0.713,0.658,0.378,0.512,-0.736,0.61,-0.176,-0.174,0.629,0.871,0.926,0.888,-0.2,0.786,0.118,0.775,-0.437,0.963,0.917,-0.628,0.841,0.281,0.798,-0.298,-0.595,0.541,0.555,0.107,0.09,0.777,0.722,-0.321,0.85,0.38,0.427,0.439,0.581,-0.639,0.438,0.232,-0.826,0.849,0.657,0.856,0.093,-0.663,0.896,0.488,0.732,0.637,0.786,0.692,-0.371,0.927,0.673,0.067,0.919,0.897,0.561,0.715,0.125,0.907,0.736,0.729,0.85,0.256,0.868,0.768,0.605,0.842,-0.898,-0.43,0.289,0.521,0.587,-0.379,0.706,-0.078,0.722,0.855,0.872,-0.284,-0.853,-0.842,-0.139,0.592,0.818,-0.362,0.434,0.418,0.812,0.794,0.91,0.282,0.344,-0.556,0.838,0.923,0.81,0.704,0.171,0.857,0.893,0.442,-0.715,0.906,0.903,-0.113,-0.515,-0.787,-0.191,0.946,0.244,0.959,0.91
001965SZ,0.545,0.608,-0.426,0.525,0.543,0.383,0.454,0.726,-0.234,0.191,-0.747,0.898,0.493,0.207,0.075,-0.052,0.823,0.63,0.373,-0.397,0.76,0.742,0.549,0.806,0.055,0.492,1.0,0.609,0.665,0.486,-0.104,-0.626,0.519,0.698,-0.347,0.36,-0.054,0.62,0.412,-0.714,0.24,0.285,-0.726,-0.416,0.468,0.103,0.315,-0.457,0.722,0.469,-0.169,0.655,0.743,0.524,0.667,0.521,-0.676,-0.784,0.868,0.218,0.627,0.556,0.588,-0.76,-0.156,-0.401,-0.681,0.637,-0.713,-0.649,-0.342,0.471,-0.06,0.104,0.394,-0.582,-0.435,-0.03,0.319,0.498,0.703,0.301,0.722,0.168,0.618,0.335,0.7,0.647,0.531,0.776,0.584,-0.688,-0.19,0.856,0.802,0.398,0.185,0.541,0.456,0.601,0.654,0.333,0.363,0.641,0.623,-0.186,-0.491,0.65,-0.596,-0.591,0.591,0.757,0.5,0.677,-0.292,0.664,0.546,0.562,-0.457,0.56,0.562,-0.708,0.592,-0.34,0.866,-0.386,-0.839,0.488,0.882,-0.186,-0.591,0.828,0.589,0.371,0.787,0.361,0.566,0.21,0.644,-0.446,0.2,0.422,-0.739,0.473,0.564,0.804,0.167,-0.5,0.359,0.598,0.848,0.417,0.51,0.195,-0.262,0.594,0.466,-0.15,0.626,0.422,0.963,0.342,0.064,0.649,0.586,0.843,0.634,-0.077,0.462,0.877,0.889,0.564,-0.35,-0.675,0.38,0.586,0.742,-0.409,0.935,-0.385,0.601,0.665,0.595,-0.265,-0.554,-0.673,0.254,0.502,0.642,-0.165,-0.04,0.455,0.708,0.428,0.727,0.15,0.209,-0.806,0.642,0.672,0.297,0.466,-0.547,0.123,0.507,0.264,-0.075,0.416,0.384,-0.202,-0.868,-0.341,-0.839,0.361,0.128,0.537,0.376
002001SZ,0.612,0.602,-0.054,0.737,0.496,0.738,0.805,0.727,-0.161,0.442,-0.594,0.546,0.565,0.09,0.692,0.364,0.801,0.588,0.643,0.095,0.775,0.633,0.613,0.843,0.141,0.53,0.609,1.0,0.778,0.771,-0.198,-0.605,0.532,0.687,0.355,0.699,0.157,0.57,0.574,-0.499,0.354,0.564,-0.465,-0.377,0.613,0.417,0.523,-0.578,0.419,0.615,0.28,0.797,0.877,0.57,0.432,0.502,-0.553,-0.683,0.669,0.282,0.853,0.876,0.708,-0.535,-0.52,-0.001,-0.371,0.636,-0.445,-0.346,0.176,0.912,0.039,0.217,0.177,-0.089,-0.221,0.27,0.343,0.478,0.554,0.579,0.813,0.463,0.543,0.541,0.478,0.81,0.525,0.618,0.404,-0.488,0.179,0.612,0.754,0.676,0.1,0.683,0.827,0.708,0.703,0.556,0.752,0.801,0.708,0.373,-0.175,0.814,-0.171,0.022,0.829,0.734,0.708,0.714,0.397,0.464,0.232,0.846,0.203,0.616,0.652,-0.448,0.743,0.25,0.75,0.299,-0.744,0.808,0.424,0.343,-0.387,0.569,0.81,0.252,0.619,0.731,0.371,0.705,0.557,-0.355,0.357,0.53,-0.488,0.743,0.597,0.635,0.503,-0.092,0.423,0.701,0.569,0.356,0.731,0.251,0.132,0.658,0.745,0.219,0.713,0.554,0.575,0.563,0.584,0.742,0.753,0.757,0.824,0.352,0.598,0.56,0.632,0.752,-0.238,-0.134,0.538,0.695,0.722,-0.47,0.727,0.25,0.645,0.71,0.592,0.375,-0.433,-0.374,0.518,0.781,0.806,0.208,0.436,0.799,0.847,0.608,0.659,0.42,0.49,-0.489,0.832,0.68,0.563,0.778,-0.347,0.507,0.626,0.274,-0.128,0.471,0.55,0.382,-0.391,-0.081,-0.436,0.546,0.637,0.603,0.582
