,000001SZ,000002SZ,000157SZ,000166SZ,000333SZ,000338SZ,000538SZ,000568SZ,000596SZ,000617SZ,000625SZ,000651SZ,000661SZ,000708SZ,000725SZ,000768SZ,000776SZ,000786SZ,000800SZ,000807SZ,000858SZ,000876SZ,000895SZ,000938SZ,000963SZ,000999SZ,001965SZ,002001SZ,002007SZ,002027SZ,002028SZ,002050SZ,002129SZ,002179SZ,002230SZ,002236SZ,002241SZ,002271SZ,002304SZ,002311SZ,002371SZ,002415SZ,002422SZ,002459SZ,002460SZ,002463SZ,002466SZ,002475SZ,002493SZ,002555SZ,002594SZ,002601SZ,002648SZ,002709SZ,002714SZ,002916SZ,002920SZ,002938SZ,003816SZ,300014SZ,300033SZ,300059SZ,300122SZ,300124SZ,300274SZ,300308SZ,300316SZ,300347SZ,300394SZ,300408SZ,300413SZ,300418SZ,300433SZ,300450SZ,300498SZ,300502SZ,300628SZ,300661SZ,300750SZ,300759SZ,300760SZ,300782SZ,600000SS,600010SS,600011SS,600015SS,600016SS,600018SS,600019SS,600023SS,600025SS,600026SS,600028SS,600029SS,600031SS,600036SS,600048SS,600050SS,600061SS,600085SS,600089SS,600104SS,600111SS,600115SS,600161SS,600183SS,600188SS,600196SS,600219SS,600233SS,600276SS,600309SS,600332SS,600346SS,600362SS,600377SS,600406SS,600415SS,600426SS,600436SS,600438SS,600489SS,600519SS,600570SS,600585SS,600588SS,600600SS,600660SS,600674SS,600741SS,600760SS,600795SS,600809SS,600875SS,600886SS,600887SS,600926SS,600989SS,601006SS,601009SS,601012SS,601021SS,601058SS,601066SS,601088SS,601100SS,601117SS,601138SS,601166SS,601169SS,601186SS,601225SS,601229SS,601238SS,601288SS,601318SS,601319SS,601328SS,601336SS,601360SS,601390SS,601398SS,601600SS,601601SS,601607SS,601618SS,601628SS,601633SS,601658SS,601668SS,601669SS,601688SS,601689SS,601698SS,601699SS,601766SS,601788SS,601799SS,601800SS,601808SS,601816SS,601818SS,601838SS,601857SS,601865SS,601872SS,601877SS,601878SS,601881SS,601888SS,601899SS,601901SS,601919SS,601939SS,601985SS,601988SS,601998SS,603019SS,603195SS,603259SS,603260SS,603288SS,603369SS,603501SS,603659SS,603799SS,603806SS,603833SS,603986SS,603993SS,688008SS,688009SS,688012SS,688036SS,688111SS,688169SS,688396SS
000001SZ,1.0,0.816,0.312,0.617,0.971,0.901,-0.468,0.651,0.516,0.747,0.752,0.947,-0.658,0.884,-0.336,0.916,0.614,0.818,0.703,0.673,0.536,-0.045,-0.196,0.359,-0.448,-0.832,-0.172,0.295,-0.418,-0.441,-0.245,0.895,0.224,0.366,0.812,0.905,0.919,0.965,-0.06,-0.778,0.911,-0.174,-0.671,0.121,0.562,0.513,0.776,0.921,0.921,0.926,0.462,0.502,0.07,-0.261,-0.021,0.801,0.534,0.225,0.119,-0.671,0.428,0.79,-0.384,-0.713,-0.754,-0.44,0.74,0.515,0.471,-0.539,0.691,0.606,0.491,-0.118,-0.317,0.25,0.387,-0.433,-0.329,-0.045,-0.658,0.894,0.91,0.706,-0.002,0.815,0.878,-0.487,0.155,-0.14,0.705,-0.074,-0.324,0.258,0.493,0.964,0.548,0.479,-0.157,-0.726,0.439,0.811,0.832,0.275,-0.233,0.622,0.763,0.536,0.535,-0.067,-0.534,-0.222,-0.246,0.98,0.596,0.46,-0.686,0.752,0.531,0.6,0.533,0.048,0.805,-0.297,0.757,0.124,0.216,0.802,0.55,0.942,0.153,-0.655,0.687,0.092,0.122,0.361,0.645,0.256,-0.356,0.659,0.177,-0.436,0.825,0.612,0.036,0.258,0.856,0.855,0.972,0.706,0.778,0.757,0.124,0.701,0.199,0.898,-0.629,0.563,0.521,0.612,0.828,0.496,0.739,0.05,-0.107,0.735,-0.162,0.905,0.924,0.036,0.043,0.457,0.5,0.531,0.33,0.767,0.678,0.006,0.914,-0.157,0.242,0.915,0.601,0.201,0.887,-0.032,0.057,0.428,-0.253,0.43,0.726,0.481,0.744,0.728,-0.243,0.52,-0.305,0.844,0.928,-0.373,0.435,0.767,-0.109,0.824,0.452,0.906,0.087,0.94,0.964,0.925,0.889,-0.378,0.928,0.256,-0.407,0.934,0.581
000002SZ,0.816,1.0,0.014,0.246,0.861,0.563,-0.639,0.733,0.767,0.409,0.424,0.797,-0.779,0.8,-0.623,0.604,0.286,0.6,0.264,0.41,0.586,-0.124,-0.26,-0.13,-0.619,-0.863,-0.401,0.429,-0.661,-0.419,-0.536,0.67,0.231,-0.07,0.461,0.605,0.674,0.835,0.27,-0.598,0.725,-0.395,-0.787,0.078,0.118,0.039,0.541,0.609,0.906,0.854,0.024,0.025,0.185,-0.625,-0.039,0.402,0.458,-0.188,-0.232,-0.859,0.155,0.505,-0.578,-0.846,-0.879,-0.786,0.352,0.251,-0.006,-0.679,0.306,0.199,0.104,-0.502,-0.186,-0.206,0.102,-0.637,-0.549,-0.221,-0.615,0.638,0.763,0.358,-0.34,0.523,0.655,-0.325,-0.215,-0.341,0.659,-0.396,-0.164,0.378,0.122,0.852,0.841,0.259,-0.465,-0.824,0.068,0.463,0.476,0.056,-0.561,0.242,0.832,0.12,0.2,-0.259,-0.674,-0.008,-0.513,0.792,0.292,0.063,-0.669,0.432,0.265,0.372,0.182,-0.073,0.872,-0.326,0.633,-0.265,0.494,0.451,0.366,0.711,-0.308,-0.792,0.772,-0.375,-0.043,0.388,0.628,0.08,-0.614,0.599,-0.138,-0.429,0.838,0.246,0.296,-0.172,0.518,0.57,0.798,0.582,0.488,0.85,-0.143,0.308,0.354,0.697,-0.648,0.548,0.341,0.22,0.62,0.422,0.477,-0.011,-0.425,0.425,0.158,0.616,0.777,0.171,-0.245,0.084,0.215,0.092,0.624,0.431,0.254,-0.117,0.659,-0.206,0.223,0.733,0.825,0.285,0.595,-0.462,-0.356,-0.004,-0.426,0.506,0.456,0.175,0.408,0.628,-0.47,0.62,-0.211,0.552,0.837,-0.597,0.138,0.71,0.139,0.488,0.261,0.718,-0.313,0.805,0.753,0.834,0.646,-0.634,0.73,-0.048,-0.686,0.706,0.187
000157SZ,0.312,0.014,1.0,0.848,0.26,0.526,0.156,-0.183,-0.262,0.731,0.67,0.378,0.015,0.469,0.554,0.44,0.775,0.512,0.644,0.742,-0.347,0.526,0.315,0.718,0.062,-0.062,0.577,0.03,0.261,-0.066,0.293,0.262,0.015,0.801,0.452,0.336,0.411,0.259,-0.489,-0.198,0.075,0.062,-0.009,0.038,0.534,0.679,0.366,0.477,0.04,0.058,0.468,0.628,-0.556,0.599,0.458,0.592,0.038,0.74,0.774,0.163,0.666,0.584,0.132,0.189,0.231,0.351,0.449,0.115,0.724,0.286,0.523,0.714,0.801,0.651,0.308,0.668,0.418,0.333,0.449,0.163,-0.067,0.278,0.474,0.78,0.782,0.66,0.551,-0.345,0.689,0.621,0.568,-0.05,-0.033,-0.551,0.754,0.111,-0.044,0.795,0.712,0.033,0.82,0.6,0.577,-0.079,0.316,0.625,-0.015,0.572,0.862,0.307,0.05,0.178,0.433,0.361,0.812,0.54,0.279,0.68,0.386,0.362,0.749,0.585,-0.146,0.186,0.476,0.478,-0.397,0.593,0.801,0.524,0.441,0.356,-0.233,0.575,0.8,-0.008,-0.123,0.213,0.13,0.013,0.473,-0.315,0.265,0.757,-0.012,0.736,0.556,0.47,0.414,0.644,0.694,-0.078,0.81,0.716,0.223,0.543,0.223,0.396,0.761,0.663,0.61,0.416,0.713,0.689,0.51,0.745,-0.065,0.399,0.126,0.462,0.614,0.7,0.458,0.659,-0.148,0.718,0.719,0.466,0.556,0.308,-0.253,0.455,-0.075,0.195,0.467,0.326,0.752,0.757,0.652,-0.367,0.622,0.727,0.627,0.13,0.647,0.139,0.476,0.295,0.312,0.29,0.596,-0.069,-0.453,0.341,0.616,0.322,0.431,0.364,0.229,0.146,0.192,0.549,0.125,0.326,0.5,0.419,0.483
000166SZ,0.617,0.246,0.848,1.0,0.534,0.802,0.054,-0.022,-0.16,0.926,0.719,0.62,-0.125,0.646,0.431,0.719,0.947,0.752,0.861,0.846,-0.133,0.443,0.244,0.786,0.016,-0.271,0.467,0.011,0.188,-0.187,0.244,0.487,-0.032,0.858,0.712,0.643,0.709,0.554,-0.585,-0.47,0.436,0.054,-0.151,-0.05,0.665,0.844,0.506,0.756,0.338,0.378,0.583,0.804,-0.478,0.339,0.389,0.808,0.078,0.745,0.797,-0.092,0.798,0.852,0.063,-0.052,-0.076,0.21,0.711,0.358,0.787,0.133,0.741,0.887,0.907,0.492,0.117,0.716,0.616,0.187,0.169,0.214,-0.209,0.617,0.749,0.878,0.675,0.893,0.817,-0.526,0.708,0.547,0.617,0.041,-0.229,-0.339,0.874,0.442,0.099,0.886,0.566,-0.135,0.798,0.84,0.764,0.161,0.312,0.845,0.173,0.772,0.93,0.259,-0.026,-0.054,0.388,0.654,0.893,0.772,-0.012,0.802,0.557,0.57,0.792,0.416,0.105,0.125,0.711,0.584,-0.391,0.795,0.75,0.734,0.532,0.114,-0.02,0.614,0.601,0.047,0.204,0.16,0.104,0.318,0.372,-0.405,0.389,0.948,-0.042,0.791,0.827,0.788,0.681,0.751,0.916,0.185,0.693,0.831,0.262,0.795,0.013,0.502,0.821,0.877,0.817,0.537,0.87,0.56,0.486,0.942,-0.257,0.643,0.401,0.398,0.658,0.863,0.447,0.85,-0.141,0.924,0.914,0.2,0.83,0.184,0.02,0.736,0.045,0.243,0.702,0.359,0.664,0.872,0.486,-0.187,0.801,0.764,0.85,0.349,0.505,0.278,0.147,0.597,0.547,0.191,0.577,0.163,-0.553,0.617,0.552,0.551,0.507,0.636,0.563,0.431,0.523,0.421,0.49,0.5,0.341,0.688,0.703
000333SZ,0.971,0.861,0.26,0.534,1.0,0.842,-0.511,0.688,0.581,0.678,0.712,0.975,-0.691,0.895,-0.407,0.86,0.56,0.821,0.62,0.644,0.566,0.007,-0.144,0.238,-0.472,-0.845,-0.206,0.385,-0.485,-0.384,-0.285,0.863,0.271,0.286,0.758,0.833,0.911,0.976,0.033,-0.705,0.877,-0.201,-0.684,0.106,0.486,0.408,0.727,0.882,0.931,0.915,0.407,0.384,0.05,-0.329,0.061,0.734,0.523,0.174,0.04,-0.754,0.402,0.758,-0.44,-0.737,-0.78,-0.528,0.683,0.462,0.386,-0.564,0.614,0.536,0.434,-0.179,-0.221,0.145,0.372,-0.472,-0.343,-0.066,-0.625,0.853,0.874,0.637,-0.062,0.747,0.839,-0.544,0.075,-0.189,0.721,-0.231,-0.396,0.296,0.441,0.948,0.625,0.437,-0.262,-0.734,0.403,0.761,0.764,0.264,-0.317,0.576,0.771,0.47,0.479,-0.062,-0.56,-0.103,-0.291,0.969,0.53,0.372,-0.688,0.729,0.518,0.631,0.503,-0.033,0.844,-0.312,0.772,0.03,0.297,0.777,0.529,0.934,0.034,-0.69,0.71,-0.024,0.105,0.415,0.595,0.166,-0.443,0.644,0.14,-0.437,0.877,0.546,0.071,0.189,0.796,0.803,0.952,0.655,0.72,0.75,0.042,0.662,0.179,0.889,-0.648,0.539,0.474,0.539,0.799,0.445,0.694,0.045,-0.169,0.67,-0.079,0.874,0.881,0.054,-0.016,0.359,0.503,0.437,0.378,0.685,0.59,0.068,0.881,-0.22,0.248,0.855,0.653,0.133,0.85,-0.156,-0.021,0.323,-0.302,0.481,0.68,0.388,0.691,0.651,-0.269,0.467,-0.326,0.772,0.972,-0.401,0.432,0.778,-0.063,0.775,0.453,0.886,0.025,0.961,0.936,0.91,0.83,-0.44,0.889,0.226,-0.488,0.921,0.505
000338SZ,0.901,0.563,0.526,0.802,0.842,1.0,-0.211,0.345,0.145,0.909,0.819,0.874,-0.403,0.82,0.02,0.976,0.788,0.863,0.896,0.806,0.283,0.117,-0.033,0.658,-0.208,-0.602,0.156,0.085,-0.111,-0.373,0.0,0.832,0.1,0.65,0.916,0.917,0.941,0.861,-0.413,-0.768,0.842,0.0,-0.421,0.045,0.797,0.798,0.771,0.973,0.725,0.791,0.625,0.788,-0.137,0.034,0.105,0.933,0.35,0.528,0.427,-0.448,0.618,0.879,-0.136,-0.425,-0.488,-0.15,0.898,0.575,0.707,-0.24,0.818,0.838,0.748,0.166,-0.255,0.562,0.584,-0.171,-0.184,0.141,-0.51,0.87,0.861,0.879,0.291,0.888,0.913,-0.614,0.474,0.099,0.608,0.154,-0.38,0.016,0.736,0.827,0.287,0.628,0.098,-0.471,0.67,0.94,0.937,0.305,0.071,0.837,0.542,0.789,0.776,0.093,-0.276,-0.319,0.078,0.922,0.776,0.721,-0.459,0.838,0.681,0.685,0.746,0.199,0.532,-0.179,0.764,0.432,-0.15,0.931,0.609,0.916,0.475,-0.381,0.384,0.425,0.232,0.155,0.466,0.309,-0.093,0.543,0.335,-0.436,0.612,0.813,-0.098,0.576,0.979,0.917,0.908,0.659,0.902,0.529,0.28,0.874,0.124,0.916,-0.444,0.514,0.597,0.834,0.886,0.49,0.866,0.174,0.203,0.874,-0.429,0.905,0.77,0.081,0.363,0.635,0.505,0.807,0.051,0.91,0.902,0.049,0.958,0.031,0.145,0.874,0.25,0.193,0.931,0.318,0.399,0.719,0.001,0.18,0.859,0.569,0.904,0.588,0.024,0.357,-0.288,0.872,0.807,-0.081,0.586,0.538,-0.41,0.878,0.534,0.867,0.408,0.883,0.906,0.801,0.859,-0.05,0.867,0.456,-0.076,0.902,0.745
000538SZ,-0.468,-0.639,0.156,0.054,-0.511,-0.211,1.0,-0.593,-0.714,-0.064,-0.209,-0.381,0.923,-0.491,0.812,-0.275,0.102,-0.056,0.118,-0.113,-0.309,0.424,0.711,0.395,0.924,0.84,0.486,0.041,0.955,0.73,0.707,-0.515,0.139,0.144,0.004,-0.203,-0.24,-0.494,-0.271,0.58,-0.421,0.747,0.927,-0.044,0.075,0.333,-0.536,-0.221,-0.663,-0.489,0.163,0.324,-0.376,0.461,0.268,-0.035,-0.558,0.582,0.447,0.524,0.4,-0.028,0.918,0.828,0.716,0.727,0.025,0.317,0.282,0.828,0.19,0.249,0.291,0.615,0.317,0.529,0.439,0.802,0.364,0.801,0.818,-0.203,-0.35,-0.106,0.48,-0.119,-0.328,0.115,0.61,0.56,-0.564,0.265,-0.143,-0.185,0.324,-0.53,-0.666,0.121,0.655,0.903,0.289,0.012,-0.214,0.292,0.906,0.216,-0.735,0.387,0.135,0.762,0.943,0.148,0.898,-0.453,-0.038,0.358,0.649,-0.031,0.146,0.202,0.207,0.121,-0.641,0.778,-0.054,0.659,-0.48,-0.016,-0.274,-0.37,0.575,0.671,-0.636,0.43,-0.018,0.053,-0.245,-0.237,0.698,-0.335,0.467,0.45,-0.62,0.168,-0.127,0.425,-0.116,-0.054,-0.38,-0.368,-0.076,-0.693,0.255,0.003,-0.372,-0.252,0.8,-0.394,0.168,0.211,-0.286,-0.423,-0.14,0.44,0.844,-0.077,-0.084,-0.24,-0.564,0.146,0.525,0.358,-0.069,0.257,-0.74,-0.036,0.081,0.234,-0.256,0.091,0.216,-0.382,-0.66,-0.265,-0.293,0.361,0.638,0.364,0.542,-0.264,-0.147,0.039,-0.095,-0.604,0.482,-0.453,0.228,-0.146,-0.441,0.934,-0.169,-0.368,-0.175,-0.11,-0.279,-0.59,0.701,-0.394,-0.412,-0.561,-0.257,0.741,-0.418,0.631,0.742,-0.239,0.302
000568SZ,0.651,0.733,-0.183,-0.022,0.688,0.345,-0.593,1.0,0.907,0.067,0.446,0.597,-0.682,0.456,-0.74,0.429,-0.043,0.285,0.069,0.037,0.895,-0.496,-0.405,-0.151,-0.536,-0.762,-0.682,0.5,-0.629,-0.306,-0.466,0.703,0.551,-0.281,0.367,0.562,0.437,0.683,0.662,-0.494,0.66,-0.209,-0.673,0.509,0.088,-0.118,0.553,0.448,0.789,0.752,0.163,-0.081,0.584,-0.431,-0.466,0.309,0.821,-0.288,-0.536,-0.567,-0.134,0.231,-0.433,-0.776,-0.713,-0.581,0.263,0.394,0.012,-0.827,0.261,-0.048,-0.154,-0.41,-0.517,-0.237,-0.139,-0.622,-0.251,-0.226,-0.639,0.561,0.428,0.153,-0.475,0.211,0.273,0.023,-0.455,-0.566,0.407,-0.213,-0.089,0.645,-0.173,0.754,0.462,-0.15,-0.497,-0.756,-0.033,0.226,0.373,0.227,-0.536,-0.041,0.713,-0.045,-0.157,-0.257,-0.67,-0.076,-0.651,0.587,-0.061,-0.268,-0.696,0.353,0.02,0.141,0.014,-0.214,0.945,-0.397,0.245,-0.37,0.824,0.28,0.108,0.568,-0.313,-0.829,0.975,-0.425,-0.245,0.555,0.422,0.257,-0.584,0.338,0.125,-0.019,0.749,-0.036,-0.048,-0.342,0.282,0.334,0.564,0.293,0.113,0.655,-0.247,0.219,-0.093,0.364,-0.692,0.206,0.063,-0.081,0.224,0.024,0.083,-0.33,-0.534,0.064,0.249,0.6,0.794,-0.288,-0.636,-0.044,0.474,-0.181,0.506,0.165,0.013,0.135,0.337,-0.435,0.215,0.449,0.704,-0.064,0.516,-0.437,-0.38,-0.185,-0.674,0.845,0.064,0.175,0.044,0.577,-0.636,0.404,-0.3,0.523,0.661,-0.555,0.119,0.889,0.632,0.518,0.246,0.63,-0.341,0.514,0.659,0.725,0.628,-0.763,0.656,-0.185,-0.736,0.565,0.142
000596SZ,0.516,0.767,-0.262,-0.16,0.581,0.145,-0.714,0.907,1.0,-0.065,0.238,0.469,-0.764,0.424,-0.843,0.237,-0.155,0.167,-0.139,-0.024,0.755,-0.456,-0.414,-0.398,-0.638,-0.771,-0.701,0.459,-0.767,-0.327,-0.613,0.521,0.414,-0.432,0.122,0.335,0.286,0.576,0.727,-0.389,0.493,-0.407,-0.741,0.348,-0.209,-0.354,0.381,0.238,0.718,0.633,-0.147,-0.356,0.476,-0.588,-0.38,0.093,0.713,-0.484,-0.631,-0.625,-0.249,0.093,-0.613,-0.841,-0.748,-0.713,-0.001,0.115,-0.229,-0.831,0.028,-0.235,-0.303,-0.559,-0.356,-0.451,-0.269,-0.659,-0.341,-0.385,-0.583,0.374,0.337,-0.024,-0.571,0.068,0.192,0.093,-0.625,-0.556,0.477,-0.448,-0.019,0.576,-0.314,0.608,0.63,-0.195,-0.588,-0.799,-0.246,-0.011,0.165,-0.0,-0.713,-0.211,0.698,-0.29,-0.268,-0.385,-0.758,0.044,-0.779,0.453,-0.156,-0.433,-0.64,0.159,-0.164,0.02,-0.195,-0.267,0.86,-0.384,0.192,-0.562,0.858,0.058,0.067,0.426,-0.608,-0.79,0.912,-0.587,-0.197,0.455,0.375,0.091,-0.768,0.288,-0.15,-0.103,0.755,-0.19,0.144,-0.52,0.06,0.16,0.413,0.271,-0.019,0.681,-0.349,-0.015,0.032,0.234,-0.665,0.207,-0.021,-0.248,0.14,0.046,0.001,-0.312,-0.681,-0.056,0.427,0.359,0.646,-0.207,-0.694,-0.228,0.273,-0.389,0.669,-0.011,-0.189,0.031,0.205,-0.442,0.172,0.34,0.816,0.005,0.316,-0.68,-0.588,-0.396,-0.668,0.696,-0.04,0.01,-0.082,0.477,-0.641,0.404,-0.185,0.294,0.575,-0.702,-0.062,0.743,0.627,0.256,0.146,0.476,-0.569,0.41,0.494,0.611,0.427,-0.813,0.492,-0.356,-0.798,0.418,-0.077
000617SZ,0.747,0.409,0.731,0.926,0.678,0.909,-0.064,0.067,-0.065,1.0,0.726,0.754,-0.25,0.779,0.271,0.854,0.917,0.845,0.904,0.907,-0.026,0.374,0.142,0.734,-0.088,-0.419,0.421,0.052,0.051,-0.276,0.103,0.611,-0.053,0.776,0.804,0.744,0.818,0.685,-0.571,-0.605,0.594,0.034,-0.279,-0.098,0.717,0.837,0.62,0.852,0.514,0.567,0.535,0.819,-0.386,0.168,0.34,0.868,0.102,0.655,0.69,-0.312,0.744,0.884,-0.065,-0.222,-0.289,-0.007,0.767,0.389,0.722,0.005,0.761,0.911,0.875,0.304,0.02,0.632,0.617,0.008,-0.07,0.169,-0.33,0.693,0.833,0.931,0.552,0.925,0.916,-0.589,0.673,0.428,0.658,0.077,-0.269,-0.248,0.859,0.601,0.227,0.833,0.372,-0.285,0.753,0.901,0.861,0.169,0.201,0.868,0.37,0.78,0.916,0.181,-0.129,-0.163,0.284,0.788,0.916,0.816,-0.217,0.811,0.642,0.653,0.781,0.406,0.255,-0.002,0.78,0.544,-0.365,0.849,0.74,0.811,0.508,-0.075,0.094,0.535,0.484,0.037,0.344,0.258,0.035,0.457,0.303,-0.497,0.476,0.891,0.027,0.694,0.907,0.858,0.801,0.742,0.968,0.375,0.497,0.834,0.289,0.867,-0.175,0.55,0.771,0.905,0.916,0.569,0.944,0.446,0.398,0.967,-0.376,0.717,0.535,0.306,0.608,0.751,0.406,0.858,-0.012,0.947,0.938,0.061,0.925,0.237,0.058,0.815,0.137,0.333,0.783,0.348,0.538,0.814,0.306,-0.113,0.903,0.659,0.951,0.442,0.339,0.321,-0.024,0.686,0.668,0.059,0.555,0.268,-0.589,0.685,0.503,0.678,0.45,0.767,0.702,0.611,0.646,0.239,0.639,0.486,0.146,0.778,0.707
000625SZ,0.752,0.424,0.67,0.719,0.712,0.819,-0.209,0.446,0.238,0.726,1.0,0.743,-0.385,0.674,0.028,0.813,0.624,0.662,0.759,0.673,0.311,0.021,-0.059,0.654,-0.244,-0.543,0.058,0.139,-0.13,-0.323,0.032,0.826,0.338,0.615,0.779,0.789,0.764,0.731,-0.166,-0.635,0.666,-0.014,-0.391,0.372,0.773,0.677,0.804,0.846,0.565,0.624,0.745,0.652,-0.068,0.339,-0.007,0.851,0.623,0.536,0.308,-0.18,0.487,0.681,-0.089,-0.311,-0.249,0.018,0.777,0.499,0.78,-0.28,0.738,0.687,0.654,0.396,-0.264,0.569,0.389,-0.081,0.237,0.078,-0.517,0.733,0.651,0.827,0.338,0.715,0.675,-0.437,0.338,0.028,0.622,0.085,-0.252,-0.014,0.592,0.669,0.13,0.49,0.205,-0.444,0.738,0.783,0.869,0.222,0.025,0.645,0.438,0.648,0.671,0.124,-0.334,-0.164,-0.015,0.752,0.65,0.418,-0.317,0.844,0.492,0.491,0.764,0.241,0.493,-0.196,0.551,0.283,0.042,0.859,0.666,0.875,0.405,-0.302,0.421,0.405,0.373,0.253,0.158,0.415,-0.207,0.227,0.597,-0.25,0.659,0.676,-0.234,0.534,0.795,0.697,0.754,0.616,0.691,0.327,0.421,0.912,-0.03,0.753,-0.384,0.384,0.555,0.619,0.676,0.308,0.679,0.188,0.121,0.687,-0.182,0.873,0.714,0.016,0.153,0.559,0.769,0.618,0.041,0.751,0.761,0.477,0.753,-0.022,-0.055,0.688,0.215,-0.008,0.879,0.27,0.499,0.648,0.051,0.246,0.635,0.679,0.654,0.521,0.056,0.275,-0.031,0.755,0.713,-0.054,0.736,0.56,-0.112,0.823,0.744,0.808,0.351,0.703,0.755,0.645,0.721,-0.045,0.684,0.297,0.004,0.79,0.64
000651SZ,0.947,0.797,0.378,0.62,0.975,0.874,-0.381,0.597,0.469,0.754,0.743,1.0,-0.574,0.895,-0.254,0.866,0.66,0.89,0.698,0.728,0.505,0.146,0.005,0.345,-0.348,-0.741,-0.041,0.437,-0.344,-0.257,-0.187,0.82,0.301,0.364,0.808,0.826,0.924,0.948,-0.039,-0.637,0.821,-0.079,-0.566,0.092,0.544,0.51,0.696,0.901,0.863,0.864,0.458,0.486,-0.051,-0.231,0.174,0.796,0.429,0.336,0.176,-0.704,0.535,0.828,-0.332,-0.615,-0.677,-0.425,0.715,0.499,0.474,-0.423,0.693,0.648,0.566,-0.068,-0.114,0.258,0.471,-0.351,-0.27,0.056,-0.522,0.842,0.894,0.709,0.086,0.806,0.862,-0.573,0.237,-0.047,0.719,-0.223,-0.438,0.231,0.573,0.893,0.567,0.54,-0.123,-0.613,0.539,0.832,0.798,0.311,-0.188,0.669,0.696,0.573,0.587,0.072,-0.437,-0.039,-0.125,0.955,0.619,0.48,-0.581,0.819,0.594,0.723,0.617,0.046,0.756,-0.197,0.827,0.154,0.214,0.838,0.592,0.949,0.127,-0.566,0.603,0.069,0.196,0.437,0.56,0.161,-0.333,0.639,0.233,-0.406,0.834,0.635,0.077,0.312,0.835,0.848,0.956,0.671,0.797,0.669,0.134,0.74,0.155,0.923,-0.531,0.533,0.577,0.632,0.847,0.43,0.763,0.184,0.0,0.75,-0.107,0.88,0.807,0.151,0.128,0.467,0.53,0.523,0.293,0.752,0.67,0.137,0.914,-0.167,0.266,0.847,0.567,0.121,0.852,-0.082,0.128,0.441,-0.185,0.418,0.738,0.459,0.761,0.562,-0.123,0.411,-0.259,0.76,0.96,-0.256,0.466,0.711,-0.139,0.782,0.474,0.845,0.146,0.965,0.903,0.864,0.799,-0.291,0.837,0.336,-0.375,0.936,0.585
000661SZ,-0.658,-0.779,0.015,-0.125,-0.691,-0.403,0.923,-0.682,-0.764,-0.25,-0.385,-0.574,1.0,-0.676,0.78,-0.463,-0.094,-0.267,-0.075,-0.298,-0.378,0.346,0.662,0.254,0.908,0.928,0.465,-0.066,0.932,0.768,0.598,-0.669,0.052,0.015,-0.168,-0.403,-0.436,-0.672,-0.219,0.679,-0.567,0.726,0.967,-0.069,-0.045,0.159,-0.649,-0.411,-0.81,-0.646,0.031,0.163,-0.32,0.433,0.203,-0.231,-0.635,0.438,0.357,0.621,0.237,-0.236,0.902,0.897,0.786,0.749,-0.148,0.149,0.1,0.817,0.011,0.063,0.124,0.531,0.304,0.385,0.291,0.777,0.356,0.713,0.876,-0.391,-0.544,-0.282,0.383,-0.307,-0.522,0.207,0.496,0.493,-0.71,0.328,-0.053,-0.163,0.138,-0.691,-0.739,-0.056,0.576,0.952,0.105,-0.184,-0.39,0.248,0.842,0.023,-0.825,0.199,-0.045,0.688,0.969,0.121,0.805,-0.642,-0.216,0.178,0.675,-0.226,-0.069,0.016,0.032,0.05,-0.754,0.745,-0.273,0.557,-0.461,-0.217,-0.423,-0.569,0.491,0.715,-0.715,0.308,-0.116,-0.075,-0.377,-0.263,0.709,-0.429,0.326,0.557,-0.783,-0.03,-0.157,0.294,-0.317,-0.267,-0.577,-0.532,-0.269,-0.785,0.148,-0.176,-0.391,-0.456,0.834,-0.491,-0.03,0.026,-0.473,-0.5,-0.333,0.306,0.745,-0.271,-0.084,-0.431,-0.717,0.075,0.423,0.176,-0.213,0.098,-0.756,-0.239,-0.094,0.169,-0.466,0.136,0.196,-0.578,-0.767,-0.294,-0.482,0.388,0.501,0.212,0.505,-0.298,-0.331,-0.084,-0.275,-0.706,0.454,-0.552,0.235,-0.329,-0.638,0.906,-0.237,-0.503,-0.117,-0.277,-0.361,-0.728,0.567,-0.605,-0.587,-0.722,-0.437,0.731,-0.578,0.498,0.734,-0.446,0.119
000708SZ,0.884,0.8,0.469,0.646,0.895,0.82,-0.491,0.456,0.424,0.779,0.674,0.895,-0.676,1.0,-0.265,0.811,0.674,0.817,0.626,0.825,0.244,0.206,-0.125,0.281,-0.521,-0.801,0.02,0.287,-0.459,-0.462,-0.276,0.748,0.062,0.425,0.663,0.707,0.839,0.853,-0.169,-0.646,0.709,-0.264,-0.69,-0.09,0.482,0.439,0.711,0.803,0.839,0.772,0.237,0.405,-0.177,-0.199,0.251,0.682,0.336,0.219,0.25,-0.714,0.455,0.764,-0.493,-0.635,-0.703,-0.534,0.579,0.236,0.397,-0.412,0.507,0.594,0.519,-0.127,-0.011,0.181,0.313,-0.4,-0.342,-0.161,-0.594,0.678,0.894,0.745,0.1,0.797,0.913,-0.565,0.214,0.016,0.868,-0.295,-0.229,-0.046,0.533,0.812,0.655,0.604,-0.106,-0.692,0.487,0.74,0.761,-0.061,-0.332,0.605,0.745,0.445,0.662,-0.126,-0.536,0.038,-0.207,0.916,0.756,0.456,-0.489,0.699,0.563,0.579,0.546,0.259,0.642,-0.288,0.79,0.055,0.076,0.729,0.72,0.887,0.012,-0.5,0.473,0.022,0.376,0.204,0.53,0.247,-0.407,0.592,0.074,-0.696,0.829,0.622,0.303,0.273,0.786,0.746,0.907,0.77,0.813,0.727,0.22,0.637,0.412,0.882,-0.537,0.705,0.581,0.601,0.9,0.669,0.864,0.247,-0.094,0.793,-0.093,0.73,0.735,0.23,0.189,0.386,0.4,0.516,0.484,0.753,0.655,0.028,0.904,0.051,-0.005,0.867,0.64,0.375,0.75,-0.128,0.065,0.392,-0.082,0.131,0.848,0.407,0.807,0.599,-0.036,0.533,-0.108,0.64,0.897,-0.386,0.483,0.52,-0.282,0.597,0.462,0.817,-0.031,0.913,0.8,0.852,0.682,-0.271,0.738,0.159,-0.348,0.814,0.442
000725SZ,-0.336,-0.623,0.554,0.431,-0.407,0.02,0.812,-0.74,-0.843,0.271,0.028,-0.254,0.78,-0.265,1.0,-0.098,0.44,0.104,0.353,0.211,-0.596,0.586,0.655,0.647,0.76,0.708,0.736,-0.17,0.887,0.488,0.701,-0.399,-0.105,0.558,0.115,-0.119,-0.086,-0.379,-0.614,0.348,-0.379,0.542,0.748,-0.147,0.255,0.578,-0.343,-0.032,-0.622,-0.487,0.307,0.534,-0.609,0.654,0.457,0.172,-0.572,0.759,0.779,0.603,0.588,0.195,0.738,0.836,0.758,0.8,0.179,0.135,0.493,0.884,0.291,0.498,0.594,0.79,0.429,0.717,0.52,0.853,0.513,0.605,0.641,-0.12,-0.138,0.234,0.757,0.161,-0.037,-0.121,0.792,0.787,-0.262,0.271,-0.112,-0.5,0.601,-0.484,-0.573,0.454,0.85,0.782,0.52,0.223,0.008,0.161,0.855,0.438,-0.692,0.509,0.486,0.63,0.789,0.131,0.918,-0.292,0.333,0.524,0.7,0.152,0.198,0.201,0.424,0.343,-0.734,0.665,0.096,0.779,-0.719,0.165,0.119,-0.163,0.678,0.811,-0.768,0.677,0.365,-0.175,-0.318,-0.164,0.682,-0.288,0.42,0.183,-0.525,0.47,-0.151,0.747,0.104,0.112,-0.226,-0.04,0.228,-0.665,0.562,0.251,-0.122,-0.012,0.797,-0.196,0.404,0.476,0.003,-0.059,0.173,0.644,0.879,0.269,-0.167,-0.136,-0.52,0.367,0.795,0.578,-0.003,0.526,-0.715,0.256,0.384,0.235,-0.01,0.296,0.02,-0.161,-0.681,-0.091,-0.105,0.54,0.836,0.631,0.791,-0.542,0.13,0.342,0.198,-0.478,0.769,-0.374,0.369,-0.086,-0.352,0.854,0.11,-0.526,-0.515,-0.038,0.011,-0.391,0.744,-0.24,-0.325,-0.505,-0.235,0.954,-0.357,0.593,0.922,-0.125,0.393
000768SZ,0.916,0.604,0.44,0.719,0.86,0.976,-0.275,0.429,0.237,0.854,0.813,0.866,-0.463,0.811,-0.098,1.0,0.689,0.81,0.847,0.736,0.358,-0.003,-0.131,0.596,-0.266,-0.673,0.027,0.088,-0.189,-0.441,-0.069,0.879,0.13,0.569,0.913,0.942,0.927,0.878,-0.325,-0.814,0.893,-0.035,-0.484,0.11,0.776,0.731,0.812,0.967,0.771,0.849,0.602,0.731,-0.041,-0.022,-0.015,0.908,0.447,0.431,0.313,-0.488,0.515,0.814,-0.171,-0.516,-0.562,-0.219,0.892,0.588,0.665,-0.359,0.787,0.766,0.653,0.105,-0.365,0.495,0.514,-0.271,-0.24,0.094,-0.585,0.882,0.835,0.843,0.194,0.833,0.874,-0.558,0.379,-0.005,0.592,0.173,-0.331,0.098,0.633,0.869,0.281,0.539,0.007,-0.554,0.586,0.889,0.942,0.295,0.015,0.759,0.602,0.73,0.692,0.057,-0.342,-0.397,-0.033,0.931,0.697,0.645,-0.562,0.797,0.612,0.632,0.679,0.162,0.608,-0.241,0.708,0.367,-0.078,0.901,0.549,0.902,0.448,-0.492,0.475,0.35,0.134,0.172,0.476,0.373,-0.176,0.51,0.324,-0.413,0.644,0.723,-0.115,0.458,0.948,0.877,0.909,0.616,0.837,0.579,0.198,0.834,0.09,0.875,-0.528,0.505,0.532,0.768,0.843,0.44,0.807,0.067,0.104,0.797,-0.419,0.909,0.84,-0.033,0.232,0.553,0.519,0.74,0.092,0.862,0.848,0.036,0.922,0.016,0.14,0.865,0.29,0.209,0.941,0.276,0.304,0.636,-0.097,0.254,0.811,0.509,0.85,0.652,-0.114,0.376,-0.335,0.902,0.821,-0.157,0.546,0.622,-0.318,0.89,0.524,0.895,0.342,0.874,0.939,0.846,0.901,-0.178,0.91,0.398,-0.16,0.903,0.7
000776SZ,0.614,0.286,0.775,0.947,0.56,0.788,0.102,-0.043,-0.155,0.917,0.624,0.66,-0.094,0.674,0.44,0.689,1.0,0.837,0.846,0.852,-0.121,0.532,0.349,0.729,0.1,-0.243,0.473,0.124,0.211,-0.075,0.297,0.423,0.01,0.81,0.701,0.612,0.741,0.579,-0.566,-0.394,0.429,0.099,-0.105,-0.134,0.572,0.828,0.383,0.746,0.35,0.383,0.509,0.762,-0.543,0.226,0.492,0.781,-0.036,0.741,0.773,-0.182,0.871,0.924,0.065,-0.036,-0.113,0.144,0.694,0.377,0.734,0.213,0.73,0.906,0.917,0.459,0.225,0.689,0.705,0.232,0.108,0.289,-0.095,0.628,0.754,0.817,0.651,0.887,0.835,-0.585,0.709,0.604,0.591,-0.096,-0.374,-0.305,0.926,0.439,0.189,0.896,0.507,-0.089,0.787,0.842,0.691,0.19,0.322,0.889,0.15,0.781,0.917,0.316,0.037,0.062,0.447,0.654,0.88,0.808,-0.001,0.775,0.593,0.672,0.776,0.325,0.113,0.221,0.82,0.618,-0.376,0.783,0.696,0.724,0.48,0.134,-0.038,0.565,0.568,0.133,0.298,-0.01,0.095,0.383,0.326,-0.426,0.404,0.967,0.034,0.806,0.814,0.829,0.677,0.709,0.92,0.188,0.601,0.765,0.225,0.823,0.061,0.427,0.833,0.911,0.819,0.516,0.874,0.636,0.522,0.947,-0.183,0.616,0.347,0.449,0.725,0.87,0.412,0.826,-0.139,0.897,0.89,0.141,0.845,0.087,0.131,0.714,0.108,0.181,0.672,0.226,0.637,0.838,0.443,-0.179,0.802,0.685,0.865,0.232,0.531,0.21,0.085,0.556,0.586,0.233,0.467,0.163,-0.587,0.577,0.448,0.491,0.535,0.687,0.554,0.426,0.502,0.437,0.482,0.586,0.311,0.714,0.724
000786SZ,0.818,0.6,0.512,0.752,0.821,0.863,-0.056,0.285,0.167,0.845,0.662,0.89,-0.267,0.817,0.104,0.81,0.837,1.0,0.837,0.832,0.27,0.442,0.329,0.546,-0.035,-0.477,0.245,0.396,-0.007,-0.023,0.05,0.611,0.232,0.53,0.839,0.771,0.926,0.813,-0.284,-0.463,0.696,0.162,-0.268,-0.127,0.558,0.718,0.461,0.874,0.64,0.697,0.449,0.639,-0.398,-0.079,0.426,0.839,0.119,0.587,0.457,-0.566,0.799,0.928,-0.067,-0.315,-0.458,-0.185,0.755,0.56,0.621,-0.033,0.802,0.854,0.793,0.185,0.127,0.53,0.759,0.009,-0.197,0.318,-0.192,0.813,0.832,0.727,0.321,0.842,0.86,-0.662,0.529,0.273,0.627,-0.204,-0.571,0.055,0.824,0.704,0.417,0.712,0.163,-0.306,0.676,0.888,0.737,0.332,0.146,0.887,0.424,0.769,0.771,0.342,-0.096,0.08,0.241,0.843,0.727,0.718,-0.309,0.826,0.707,0.887,0.708,0.106,0.47,0.144,0.954,0.466,-0.091,0.872,0.549,0.868,0.323,-0.272,0.302,0.277,0.287,0.364,0.539,-0.043,-0.121,0.576,0.298,-0.394,0.653,0.822,0.134,0.586,0.853,0.929,0.852,0.601,0.873,0.442,0.245,0.755,0.12,0.915,-0.198,0.458,0.721,0.842,0.835,0.409,0.849,0.466,0.355,0.841,-0.13,0.792,0.575,0.268,0.481,0.659,0.445,0.736,0.039,0.812,0.792,0.169,0.919,-0.137,0.368,0.782,0.372,0.067,0.753,0.025,0.391,0.635,0.114,0.17,0.812,0.496,0.854,0.303,0.154,0.247,-0.186,0.744,0.852,0.077,0.4,0.516,-0.379,0.745,0.33,0.633,0.427,0.885,0.784,0.668,0.735,0.059,0.72,0.637,-0.024,0.899,0.783
000800SZ,0.703,0.264,0.644,0.861,0.62,0.896,0.118,0.069,-0.139,0.904,0.759,0.698,-0.075,0.626,0.353,0.847,0.846,0.837,1.0,0.815,0.091,0.339,0.248,0.822,0.094,-0.287,0.425,0.034,0.223,-0.101,0.248,0.621,0.084,0.757,0.873,0.793,0.828,0.646,-0.548,-0.529,0.645,0.258,-0.089,-0.07,0.804,0.932,0.56,0.865,0.433,0.548,0.696,0.885,-0.364,0.288,0.274,0.925,0.141,0.767,0.641,-0.182,0.772,0.861,0.135,-0.09,-0.183,0.192,0.86,0.583,0.843,0.113,0.882,0.944,0.891,0.477,-0.067,0.791,0.755,0.189,0.035,0.353,-0.204,0.757,0.697,0.834,0.521,0.832,0.777,-0.563,0.709,0.342,0.458,0.236,-0.453,-0.08,0.885,0.564,0.033,0.691,0.406,-0.132,0.773,0.909,0.848,0.405,0.403,0.938,0.246,0.9,0.85,0.37,0.039,-0.236,0.399,0.725,0.795,0.853,-0.196,0.836,0.71,0.752,0.79,0.248,0.224,0.119,0.725,0.657,-0.384,0.901,0.546,0.779,0.654,-0.061,0.1,0.651,0.342,0.119,0.358,0.204,0.166,0.423,0.46,-0.265,0.392,0.889,-0.119,0.777,0.884,0.864,0.724,0.536,0.876,0.246,0.414,0.881,-0.006,0.789,-0.125,0.361,0.666,0.911,0.775,0.369,0.835,0.361,0.517,0.866,-0.448,0.784,0.519,0.107,0.608,0.775,0.487,0.917,-0.217,0.867,0.94,0.173,0.856,0.075,0.234,0.7,-0.008,0.063,0.776,0.475,0.644,0.845,0.266,-0.015,0.813,0.619,0.886,0.333,0.285,0.134,-0.16,0.779,0.618,0.231,0.55,0.345,-0.531,0.8,0.393,0.612,0.655,0.697,0.715,0.528,0.714,0.278,0.666,0.672,0.266,0.785,0.87
000807SZ,0.673,0.41,0.742,0.846,0.644,0.806,-0.113,0.037,-0.024,0.907,0.673,0.728,-0.298,0.825,0.211,0.736,0.852,0.832,0.815,1.0,-0.099,0.55,0.212,0.581,-0.19,-0.417,0.517,0.12,-0.036,-0.214,0.036,0.543,-0.057,0.704,0.66,0.59,0.755,0.613,-0.516,-0.433,0.473,0.043,-0.295,-0.272,0.638,0.709,0.569,0.735,0.495,0.474,0.364,0.65,-0.522,0.21,0.529,0.765,0.053,0.618,0.647,-0.376,0.691,0.813,-0.194,-0.202,-0.297,-0.096,0.604,0.215,0.65,0.058,0.609,0.827,0.819,0.272,0.245,0.539,0.546,0.03,-0.068,0.064,-0.283,0.529,0.767,0.846,0.519,0.829,0.857,-0.628,0.61,0.379,0.765,-0.132,-0.288,-0.361,0.811,0.505,0.339,0.788,0.327,-0.276,0.751,0.786,0.774,-0.034,0.076,0.823,0.417,0.677,0.915,0.134,-0.167,0.087,0.241,0.736,0.938,0.742,-0.1,0.778,0.73,0.703,0.73,0.46,0.216,-0.035,0.768,0.373,-0.345,0.782,0.773,0.778,0.296,-0.042,0.038,0.425,0.63,-0.005,0.32,0.24,-0.032,0.459,0.246,-0.627,0.556,0.815,0.278,0.632,0.784,0.735,0.735,0.686,0.899,0.387,0.465,0.767,0.342,0.802,-0.184,0.667,0.693,0.793,0.896,0.637,0.975,0.482,0.345,0.908,-0.296,0.616,0.424,0.324,0.613,0.593,0.384,0.773,0.182,0.813,0.827,0.171,0.866,0.253,-0.086,0.713,0.252,0.324,0.64,0.218,0.48,0.683,0.315,-0.231,0.946,0.492,0.929,0.339,0.383,0.321,0.02,0.547,0.688,0.008,0.603,0.186,-0.597,0.537,0.431,0.6,0.318,0.741,0.596,0.569,0.516,0.196,0.512,0.413,0.11,0.687,0.624
000858SZ,0.536,0.586,-0.347,-0.133,0.566,0.283,-0.309,0.895,0.755,-0.026,0.311,0.505,-0.378,0.244,-0.596,0.358,-0.121,0.27,0.091,-0.099,1.0,-0.468,-0.171,-0.116,-0.224,-0.512,-0.611,0.516,-0.35,0.01,-0.351,0.57,0.661,-0.396,0.409,0.544,0.392,0.58,0.669,-0.336,0.636,0.097,-0.364,0.491,0.102,-0.062,0.367,0.39,0.649,0.703,0.209,-0.01,0.59,-0.458,-0.478,0.298,0.655,-0.163,-0.547,-0.498,-0.049,0.195,-0.135,-0.59,-0.596,-0.41,0.292,0.598,0.005,-0.639,0.359,-0.017,-0.142,-0.355,-0.537,-0.144,0.044,-0.418,-0.295,0.09,-0.367,0.566,0.293,0.006,-0.505,0.112,0.122,0.073,-0.34,-0.557,0.101,-0.037,-0.247,0.831,-0.137,0.661,0.276,-0.252,-0.463,-0.491,-0.068,0.211,0.279,0.519,-0.265,0.005,0.535,0.074,-0.255,0.008,-0.355,-0.171,-0.424,0.466,-0.219,-0.176,-0.628,0.322,0.068,0.274,0.002,-0.369,0.851,-0.163,0.204,-0.193,0.772,0.27,-0.173,0.434,-0.155,-0.766,0.892,-0.375,-0.487,0.627,0.456,0.134,-0.364,0.349,0.213,0.277,0.53,-0.074,-0.133,-0.311,0.223,0.329,0.446,0.037,0.032,0.512,-0.392,0.176,-0.345,0.259,-0.543,0.009,-0.021,-0.07,0.086,-0.229,-0.056,-0.367,-0.311,-0.053,0.126,0.562,0.668,-0.366,-0.578,-0.023,0.362,-0.149,0.259,0.075,-0.033,0.109,0.231,-0.522,0.496,0.287,0.487,-0.239,0.421,-0.304,-0.31,-0.15,-0.681,0.939,-0.054,0.05,-0.033,0.391,-0.678,0.214,-0.412,0.537,0.531,-0.289,-0.005,0.878,0.659,0.553,0.033,0.457,-0.119,0.394,0.6,0.598,0.624,-0.664,0.613,0.067,-0.619,0.519,0.264
000876SZ,-0.045,-0.124,0.526,0.443,0.007,0.117,0.424,-0.496,-0.456,0.374,0.021,0.146,0.346,0.206,0.586,-0.003,0.532,0.442,0.339,0.55,-0.468,1.0,0.767,0.253,0.334,0.316,0.732,0.223,0.423,0.464,0.339,-0.291,-0.1,0.425,0.089,-0.132,0.172,-0.066,-0.42,0.424,-0.262,0.347,0.36,-0.551,0.109,0.34,-0.262,0.076,-0.21,-0.246,0.046,0.238,-0.801,0.271,0.962,0.152,-0.603,0.594,0.688,-0.029,0.64,0.368,0.221,0.456,0.276,0.243,0.063,-0.092,0.271,0.65,0.158,0.472,0.574,0.398,0.884,0.36,0.532,0.495,0.157,0.335,0.502,-0.076,0.186,0.236,0.586,0.313,0.26,-0.436,0.637,0.644,0.225,-0.369,-0.276,-0.439,0.609,-0.235,0.06,0.625,0.513,0.443,0.511,0.3,0.027,-0.002,0.395,0.512,-0.227,0.38,0.574,0.509,0.45,0.6,0.659,0.048,0.502,0.515,0.525,0.294,0.498,0.54,0.426,0.288,-0.393,0.476,0.468,0.376,-0.497,0.251,0.344,0.109,0.182,0.517,-0.538,0.275,0.586,0.015,0.007,-0.332,0.34,0.158,0.117,-0.229,-0.028,0.473,0.423,0.526,0.169,0.216,0.093,0.188,0.42,-0.223,0.426,0.241,0.217,0.272,0.523,0.267,0.482,0.454,0.344,0.274,0.469,0.733,0.632,0.436,0.028,-0.041,-0.386,0.554,0.757,0.376,-0.047,0.444,-0.147,0.267,0.323,0.277,0.266,0.212,0.059,0.059,-0.087,0.087,-0.095,0.056,0.466,0.379,0.676,-0.483,0.447,0.114,0.426,-0.37,0.693,-0.12,0.288,-0.115,0.112,0.483,0.201,-0.35,-0.545,-0.093,-0.041,-0.215,0.37,0.155,-0.151,-0.201,-0.201,0.614,-0.242,0.503,0.47,0.085,0.287
000895SZ,-0.196,-0.26,0.315,0.244,-0.144,-0.033,0.711,-0.405,-0.414,0.142,-0.059,0.005,0.662,-0.125,0.655,-0.131,0.349,0.329,0.248,0.212,-0.171,0.767,1.0,0.29,0.724,0.553,0.574,0.345,0.716,0.83,0.443,-0.389,0.253,0.169,0.135,-0.113,0.077,-0.149,-0.155,0.557,-0.266,0.65,0.681,-0.247,0.026,0.324,-0.475,-0.012,-0.372,-0.264,0.102,0.228,-0.659,0.221,0.676,0.12,-0.536,0.661,0.503,0.126,0.677,0.275,0.625,0.579,0.431,0.46,0.091,0.267,0.271,0.723,0.312,0.407,0.5,0.506,0.657,0.459,0.677,0.705,0.233,0.74,0.782,-0.01,-0.043,0.011,0.503,0.108,-0.039,-0.215,0.601,0.615,-0.142,-0.24,-0.454,-0.094,0.523,-0.315,-0.204,0.388,0.546,0.674,0.405,0.183,-0.098,0.328,0.676,0.439,-0.495,0.443,0.339,0.827,0.739,0.485,0.793,-0.15,0.142,0.403,0.544,0.257,0.282,0.569,0.349,-0.013,-0.388,0.824,0.364,0.536,-0.297,0.19,-0.054,-0.035,0.271,0.509,-0.441,0.229,0.191,0.249,-0.093,-0.495,0.379,-0.063,0.319,0.282,-0.193,0.362,0.105,0.474,0.028,0.184,-0.093,-0.123,0.179,-0.456,0.242,0.173,-0.223,0.082,0.688,-0.122,0.388,0.35,0.023,-0.258,0.142,0.654,0.783,0.161,0.12,-0.04,-0.444,0.378,0.593,0.414,0.016,0.296,-0.489,0.099,0.173,0.406,0.037,-0.101,0.407,-0.171,-0.298,-0.308,-0.14,0.03,0.532,0.366,0.565,-0.156,0.081,0.086,0.13,-0.595,0.538,-0.33,0.234,-0.059,-0.024,0.781,-0.019,-0.171,-0.211,0.008,-0.155,-0.4,0.583,-0.047,-0.192,-0.346,-0.144,0.651,-0.254,0.73,0.56,0.07,0.411
000938SZ,0.359,-0.13,0.718,0.786,0.238,0.658,0.395,-0.151,-0.398,0.734,0.654,0.345,0.254,0.281,0.647,0.596,0.729,0.546,0.822,0.581,-0.116,0.253,0.29,1.0,0.384,0.046,0.478,-0.074,0.522,0.016,0.447,0.368,0.069,0.78,0.722,0.605,0.511,0.291,-0.582,-0.358,0.341,0.422,0.208,0.139,0.728,0.943,0.359,0.626,0.043,0.217,0.671,0.919,-0.349,0.589,0.119,0.796,0.057,0.839,0.72,0.227,0.695,0.628,0.459,0.26,0.218,0.526,0.743,0.56,0.891,0.346,0.802,0.873,0.855,0.716,-0.107,0.937,0.652,0.458,0.318,0.469,0.001,0.531,0.381,0.774,0.697,0.619,0.49,-0.32,0.789,0.573,0.191,0.419,-0.25,-0.269,0.828,0.229,-0.374,0.605,0.688,0.172,0.775,0.718,0.691,0.311,0.651,0.782,-0.14,0.844,0.772,0.464,0.302,-0.227,0.593,0.374,0.663,0.736,0.112,0.669,0.447,0.48,0.718,0.379,-0.105,0.3,0.447,0.854,-0.493,0.697,0.441,0.494,0.821,0.255,-0.16,0.762,0.339,0.014,0.018,0.264,0.354,-0.0,0.625,-0.053,0.049,0.783,-0.361,0.866,0.683,0.659,0.396,0.363,0.644,-0.154,0.562,0.764,-0.171,0.497,0.205,0.075,0.627,0.835,0.464,0.148,0.595,0.451,0.686,0.672,-0.365,0.543,0.25,0.072,0.639,0.811,0.483,0.844,-0.507,0.754,0.84,0.29,0.549,0.161,0.068,0.431,-0.339,-0.02,0.583,0.621,0.87,0.888,0.456,-0.153,0.555,0.712,0.644,0.114,0.464,-0.072,0.053,0.607,0.254,0.51,0.431,0.113,-0.447,0.628,0.394,0.336,0.781,0.327,0.408,0.201,0.498,0.57,0.381,0.64,0.586,0.513,0.81
000963SZ,-0.448,-0.619,0.062,0.016,-0.472,-0.208,0.924,-0.536,-0.638,-0.088,-0.244,-0.348,0.908,-0.521,0.76,-0.266,0.1,-0.035,0.094,-0.19,-0.224,0.334,0.724,0.384,1.0,0.804,0.396,0.068,0.928,0.762,0.687,-0.494,0.203,0.082,0.044,-0.171,-0.201,-0.424,-0.214,0.524,-0.357,0.729,0.918,0.033,0.002,0.318,-0.582,-0.193,-0.64,-0.435,0.166,0.296,-0.359,0.339,0.192,-0.01,-0.523,0.538,0.373,0.485,0.41,0.007,0.901,0.756,0.671,0.701,0.073,0.373,0.243,0.776,0.239,0.248,0.289,0.586,0.244,0.503,0.508,0.782,0.337,0.84,0.835,-0.123,-0.36,-0.149,0.433,-0.147,-0.325,0.082,0.533,0.578,-0.595,0.223,-0.301,-0.062,0.323,-0.491,-0.652,0.065,0.571,0.863,0.212,-0.001,-0.223,0.396,0.896,0.214,-0.769,0.383,0.073,0.773,0.927,0.082,0.849,-0.444,-0.141,0.32,0.524,-0.044,0.003,0.221,0.162,-0.084,-0.583,0.823,-0.018,0.711,-0.397,-0.011,-0.368,-0.358,0.533,0.615,-0.556,0.387,-0.147,0.112,-0.247,-0.373,0.58,-0.353,0.407,0.553,-0.593,0.146,-0.251,0.42,-0.131,-0.005,-0.392,-0.416,-0.115,-0.696,0.118,-0.014,-0.504,-0.244,0.761,-0.536,0.124,0.229,-0.334,-0.554,-0.209,0.391,0.798,-0.121,-0.039,-0.225,-0.536,0.069,0.469,0.355,-0.024,0.197,-0.817,-0.059,0.055,0.197,-0.27,-0.09,0.371,-0.403,-0.661,-0.417,-0.241,0.291,0.578,0.336,0.416,-0.147,-0.238,0.021,-0.125,-0.669,0.429,-0.57,0.117,-0.126,-0.408,0.924,-0.27,-0.287,-0.141,-0.061,-0.258,-0.575,0.732,-0.372,-0.358,-0.55,-0.209,0.706,-0.351,0.673,0.695,-0.173,0.318
000999SZ,-0.832,-0.863,-0.062,-0.271,-0.845,-0.602,0.84,-0.762,-0.771,-0.419,-0.543,-0.741,0.928,-0.801,0.708,-0.673,-0.243,-0.477,-0.287,-0.417,-0.512,0.316,0.553,0.046,0.804,1.0,0.467,-0.191,0.817,0.695,0.572,-0.809,-0.075,-0.071,-0.451,-0.638,-0.644,-0.826,-0.194,0.773,-0.769,0.528,0.944,-0.126,-0.236,-0.061,-0.743,-0.632,-0.927,-0.831,-0.099,-0.054,-0.274,0.43,0.223,-0.452,-0.668,0.26,0.253,0.72,0.029,-0.43,0.742,0.92,0.886,0.729,-0.383,-0.125,-0.089,0.827,-0.26,-0.165,-0.06,0.444,0.394,0.18,0.075,0.728,0.433,0.496,0.861,-0.623,-0.693,-0.447,0.331,-0.486,-0.658,0.293,0.311,0.421,-0.742,0.238,0.061,-0.269,-0.049,-0.862,-0.697,-0.162,0.49,0.97,-0.048,-0.411,-0.586,0.083,0.682,-0.188,-0.873,-0.047,-0.195,0.475,0.862,0.176,0.703,-0.811,-0.334,-0.0,0.767,-0.42,-0.183,-0.205,-0.139,0.023,-0.863,0.602,-0.454,0.328,-0.45,-0.436,-0.449,-0.741,0.281,0.812,-0.803,0.268,-0.051,-0.21,-0.514,-0.309,0.681,-0.501,0.147,0.535,-0.863,-0.209,-0.126,0.158,-0.526,-0.496,-0.76,-0.592,-0.438,-0.843,0.105,-0.355,-0.307,-0.624,0.831,-0.537,-0.193,-0.194,-0.595,-0.5,-0.477,0.23,0.585,-0.412,-0.034,-0.64,-0.875,0.121,0.345,-0.017,-0.339,-0.11,-0.658,-0.431,-0.298,0.109,-0.641,0.157,0.014,-0.733,-0.782,-0.286,-0.659,0.313,0.369,0.023,0.492,-0.417,-0.476,-0.224,-0.435,-0.772,0.475,-0.572,0.294,-0.582,-0.798,0.768,-0.293,-0.7,-0.114,-0.517,-0.391,-0.843,0.399,-0.748,-0.789,-0.872,-0.678,0.697,-0.778,0.24,0.684,-0.669,-0.15
001965SZ,-0.172,-0.401,0.577,0.467,-0.206,0.156,0.486,-0.682,-0.701,0.421,0.058,-0.041,0.465,0.02,0.736,0.027,0.473,0.245,0.425,0.517,-0.611,0.732,0.574,0.478,0.396,0.467,1.0,-0.143,0.574,0.331,0.397,-0.252,-0.283,0.527,0.107,-0.126,0.034,-0.215,-0.666,0.239,-0.301,0.383,0.462,-0.47,0.302,0.498,-0.118,0.026,-0.369,-0.339,0.135,0.465,-0.654,0.513,0.669,0.233,-0.576,0.667,0.783,0.289,0.535,0.261,0.314,0.578,0.482,0.497,0.098,-0.11,0.395,0.734,0.21,0.518,0.631,0.501,0.565,0.535,0.432,0.538,0.241,0.308,0.408,-0.184,0.048,0.338,0.731,0.251,0.162,-0.234,0.76,0.665,0.054,0.152,-0.116,-0.567,0.604,-0.344,-0.25,0.508,0.655,0.529,0.544,0.258,0.153,-0.015,0.543,0.481,-0.328,0.434,0.601,0.387,0.491,0.187,0.728,-0.092,0.542,0.602,0.546,0.26,0.427,0.335,0.428,0.473,-0.598,0.367,0.185,0.515,-0.732,0.207,0.343,-0.012,0.412,0.685,-0.699,0.6,0.556,-0.32,-0.207,-0.011,0.573,-0.006,0.15,-0.11,-0.292,0.447,0.165,0.617,0.169,0.124,-0.056,0.077,0.388,-0.335,0.442,0.3,0.113,0.1,0.493,0.144,0.359,0.451,0.281,0.174,0.439,0.549,0.723,0.427,-0.376,-0.099,-0.428,0.4,0.834,0.387,-0.09,0.517,-0.328,0.288,0.432,0.111,0.166,0.46,-0.136,-0.037,-0.488,0.117,-0.079,0.523,0.638,0.544,0.678,-0.645,0.412,0.231,0.444,-0.372,0.772,-0.216,0.247,-0.117,-0.157,0.53,0.257,-0.558,-0.701,-0.071,0.011,-0.193,0.505,-0.047,-0.214,-0.279,-0.226,0.754,-0.278,0.401,0.617,-0.069,0.298
002001SZ,0.295,0.429,0.03,0.011,0.385,0.085,0.041,0.5,0.459,0.052,0.139,0.437,-0.066,0.287,-0.17,0.088,0.124,0.396,0.034,0.12,0.516,0.223,0.345,-0.074,0.068,-0.191,-0.143,1.0,-0.032,0.423,-0.054,0.121,0.674,-0.294,0.252,0.192,0.235,0.305,0.582,0.19,0.146,0.316,-0.088,0.231,-0.139,-0.052,-0.023,0.175,0.326,0.323,-0.029,-0.054,0.053,-0.302,0.162,0.148,0.131,0.083,-0.119,-0.449,0.305,0.279,0.044,-0.19,-0.293,-0.288,0.037,0.343,0.02,-0.14,0.252,0.118,0.103,-0.119,0.221,-0.056,0.166,-0.114,-0.111,0.296,0.099,0.24,0.303,0.034,-0.061,0.172,0.116,0.081,0.042,0.065,0.23,-0.505,-0.181,0.402,0.127,0.296,0.308,0.125,0.017,-0.127,0.222,0.22,0.072,0.234,-0.028,0.08,0.267,0.081,0.008,0.36,0.0,0.575,0.023,0.261,0.029,-0.059,-0.154,0.322,0.118,0.406,0.16,0.028,0.45,0.334,0.417,0.009,0.541,0.168,0.115,0.295,-0.178,-0.27,0.409,-0.406,-0.001,0.774,0.331,-0.129,-0.185,0.237,0.266,0.097,0.45,0.06,0.321,-0.145,0.088,0.264,0.355,0.185,0.135,0.253,-0.008,0.072,-0.091,0.255,0.044,0.087,0.398,0.058,0.137,-0.146,0.111,0.385,0.105,0.086,0.541,0.253,0.224,0.182,-0.131,0.175,0.31,-0.128,0.221,0.114,-0.012,0.327,0.184,-0.305,0.398,0.186,0.531,-0.088,0.115,-0.547,-0.05,-0.044,-0.193,0.549,0.045,0.201,0.041,-0.034,-0.092,0.151,0.113,0.161,0.446,0.061,-0.158,0.536,0.443,0.173,-0.046,0.059,-0.057,0.321,0.219,0.298,0.214,-0.167,0.152,0.247,-0.314,0.384,0.211
