,000001SZ,000002SZ,000157SZ,000166SZ,000333SZ,000338SZ,000538SZ,000568SZ,000596SZ,000617SZ,000625SZ,000651SZ,000661SZ,000708SZ,000725SZ,000768SZ,000776SZ,000786SZ,000800SZ,000807SZ,000858SZ,000876SZ,000895SZ,000938SZ,000963SZ,000999SZ,001965SZ,002001SZ,002007SZ,002027SZ,002028SZ,002050SZ,002129SZ,002179SZ,002230SZ,002236SZ,002241SZ,002271SZ,002304SZ,002311SZ,002371SZ,002415SZ,002422SZ,002459SZ,002460SZ,002463SZ,002466SZ,002475SZ,002493SZ,002555SZ,002594SZ,002601SZ,002648SZ,002709SZ,002714SZ,002916SZ,002920SZ,002938SZ,003816SZ,300014SZ,300033SZ,300059SZ,300122SZ,300124SZ,300274SZ,300308SZ,300316SZ,300347SZ,300394SZ,300408SZ,300413SZ,300418SZ,300433SZ,300450SZ,300498SZ,300502SZ,300628SZ,300661SZ,300750SZ,300759SZ,300760SZ,300782SZ,600000SS,600010SS,600011SS,600015SS,600016SS,600018SS,600019SS,600023SS,600025SS,600026SS,600028SS,600029SS,600031SS,600036SS,600048SS,600050SS,600061SS,600085SS,600089SS,600104SS,600111SS,600115SS,600161SS,600183SS,600188SS,600196SS,600219SS,600233SS,600276SS,600309SS,600332SS,600346SS,600362SS,600377SS,600406SS,600415SS,600426SS,600436SS,600438SS,600489SS,600519SS,600570SS,600585SS,600588SS,600600SS,600660SS,600674SS,600741SS,600760SS,600795SS,600809SS,600875SS,600886SS,600887SS,600926SS,600989SS,601006SS,601009SS,601012SS,601021SS,601058SS,601066SS,601088SS,601100SS,601117SS,601138SS,601166SS,601169SS,601186SS,601225SS,601229SS,601238SS,601288SS,601318SS,601319SS,601328SS,601336SS,601360SS,601390SS,601398SS,601600SS,601601SS,601607SS,601618SS,601628SS,601633SS,601658SS,601668SS,601669SS,601688SS,601689SS,601698SS,601699SS,601766SS,601788SS,601799SS,601800SS,601808SS,601816SS,601818SS,601838SS,601857SS,601865SS,601872SS,601877SS,601878SS,601881SS,601888SS,601899SS,601901SS,601919SS,601939SS,601985SS,601988SS,601998SS,603019SS,603195SS,603259SS,603260SS,603288SS,603369SS,603501SS,603659SS,603799SS,603806SS,603833SS,603986SS,603993SS,688008SS,688009SS,688012SS,688036SS,688111SS,688169SS,688396SS
000001SZ,1.0,0.772,0.848,0.906,0.741,0.679,0.79,-0.066,0.467,-0.152,-0.077,0.81,-0.752,0.779,0.856,-0.671,0.481,0.878,0.731,-0.242,0.223,0.579,0.847,-0.202,-0.037,0.244,0.84,-0.353,0.535,0.598,-0.665,-0.656,-0.789,-0.416,-0.302,0.499,-0.236,0.84,0.336,0.44,-0.818,-0.571,0.768,-0.781,-0.675,-0.359,-0.699,-0.029,0.661,0.684,-0.566,-0.137,0.423,-0.825,0.3,-0.291,-0.616,0.073,0.801,-0.192,0.391,0.537,-0.066,-0.417,-0.771,-0.52,-0.837,-0.632,-0.117,0.245,0.547,0.649,0.101,-0.356,0.723,-0.077,-0.358,-0.652,-0.202,-0.769,-0.616,-0.362,0.947,-0.221,0.208,0.912,0.826,0.941,0.857,0.525,0.683,-0.292,0.628,0.894,0.791,0.92,-0.252,0.617,0.933,-0.147,-0.469,0.843,-0.384,0.912,0.244,0.49,-0.344,0.312,-0.048,-0.419,0.515,0.455,0.255,0.053,0.191,0.86,-0.474,0.424,-0.083,-0.607,-0.73,-0.572,0.388,0.372,0.766,0.522,-0.578,0.621,0.095,0.521,-0.661,0.441,-0.437,0.311,0.829,0.233,0.523,0.132,0.66,0.639,-0.701,0.841,-0.662,0.696,0.074,0.118,0.531,0.705,0.448,0.86,0.865,-0.185,0.957,0.445,0.814,0.806,0.6,0.751,0.715,0.546,0.888,0.891,-0.142,0.828,0.859,0.388,0.417,0.543,0.897,0.884,0.803,0.809,-0.816,-0.267,-0.418,0.907,0.871,0.219,0.655,-0.317,0.598,0.892,0.053,-0.14,-0.512,-0.263,-0.682,0.528,0.898,0.671,0.025,0.859,-0.024,0.857,0.54,0.709,0.935,-0.389,0.074,-0.808,-0.771,-0.624,0.503,-0.537,-0.748,-0.719,-0.77,0.516,-0.711,-0.155,-0.611,0.864,-0.753,-0.44,0.227,0.582,-0.392
000002SZ,0.772,1.0,0.534,0.818,0.77,0.703,0.454,-0.128,0.135,-0.42,-0.136,0.609,-0.639,0.393,0.786,-0.793,0.621,0.724,0.466,-0.479,0.286,0.388,0.697,-0.022,-0.256,0.18,0.572,-0.522,0.191,0.339,-0.423,-0.524,-0.699,-0.318,-0.531,0.578,0.087,0.797,-0.062,0.651,-0.595,-0.294,0.6,-0.517,-0.639,-0.059,-0.587,0.12,0.397,0.558,-0.624,-0.421,-0.012,-0.671,-0.065,-0.166,-0.242,0.297,0.402,0.109,0.593,0.619,-0.459,-0.602,-0.539,-0.394,-0.715,-0.373,-0.187,0.419,0.249,0.579,0.368,-0.053,0.506,-0.194,-0.154,-0.756,0.064,-0.623,-0.344,-0.254,0.705,-0.551,-0.244,0.706,0.541,0.738,0.543,0.131,0.271,-0.469,0.346,0.722,0.729,0.736,-0.018,0.215,0.735,-0.38,-0.522,0.745,-0.646,0.799,0.307,0.463,-0.551,0.392,-0.337,-0.473,0.542,0.041,0.046,-0.05,-0.224,0.612,-0.179,0.11,-0.348,-0.45,-0.661,-0.694,0.343,0.536,0.486,0.69,-0.694,0.713,-0.303,0.644,-0.828,0.098,-0.611,0.445,0.52,-0.041,0.392,-0.242,0.275,0.59,-0.589,0.738,-0.576,0.852,-0.155,0.46,0.428,0.502,0.27,0.531,0.726,-0.301,0.721,0.502,0.466,0.486,0.197,0.481,0.421,0.398,0.706,0.641,-0.491,0.52,0.756,0.035,0.045,0.637,0.743,0.846,0.719,0.802,-0.717,-0.257,-0.394,0.695,0.808,0.395,0.366,-0.581,0.325,0.615,0.064,-0.414,-0.249,-0.408,-0.392,0.69,0.728,0.348,-0.353,0.786,-0.252,0.542,0.251,0.394,0.762,-0.423,0.47,-0.532,-0.77,-0.618,0.144,-0.237,-0.53,-0.792,-0.514,0.708,-0.739,-0.509,-0.612,0.597,-0.667,-0.362,0.511,0.676,-0.586
000157SZ,0.848,0.534,1.0,0.817,0.572,0.497,0.838,0.016,0.606,-0.101,0.031,0.846,-0.605,0.89,0.863,-0.507,0.128,0.837,0.917,-0.077,0.115,0.51,0.743,-0.3,0.141,0.218,0.954,-0.158,0.709,0.697,-0.722,-0.676,-0.672,-0.497,-0.014,0.335,-0.43,0.79,0.57,0.191,-0.889,-0.718,0.773,-0.853,-0.501,-0.393,-0.575,-0.184,0.819,0.609,-0.442,0.033,0.607,-0.835,0.449,-0.463,-0.766,0.017,0.866,-0.408,0.063,0.23,0.172,-0.091,-0.84,-0.455,-0.773,-0.681,0.029,-0.001,0.609,0.47,-0.242,-0.589,0.755,0.2,-0.557,-0.434,-0.377,-0.738,-0.619,-0.487,0.936,0.062,0.177,0.932,0.893,0.796,0.832,0.619,0.689,-0.052,0.659,0.808,0.685,0.828,-0.243,0.812,0.894,-0.179,-0.304,0.756,-0.088,0.788,0.211,0.322,-0.128,0.068,0.157,-0.388,0.325,0.657,0.4,0.293,0.425,0.903,-0.699,0.666,0.146,-0.656,-0.628,-0.418,0.217,0.114,0.881,0.254,-0.365,0.381,0.365,0.336,-0.508,0.397,-0.234,0.022,0.687,0.489,0.645,0.333,0.832,0.657,-0.765,0.695,-0.637,0.588,0.276,-0.112,0.611,0.798,0.577,0.961,0.879,0.021,0.932,0.224,0.934,0.909,0.821,0.87,0.808,0.66,0.878,0.942,0.054,0.876,0.78,0.622,0.637,0.357,0.75,0.796,0.74,0.594,-0.791,-0.257,-0.316,0.943,0.81,0.031,0.854,-0.204,0.831,0.967,0.054,0.055,-0.718,-0.063,-0.826,0.189,0.79,0.781,0.249,0.787,-0.093,0.933,0.416,0.876,0.919,-0.222,-0.202,-0.797,-0.634,-0.553,0.601,-0.702,-0.786,-0.51,-0.841,0.235,-0.606,0.07,-0.472,0.953,-0.62,-0.582,0.003,0.45,-0.311
000166SZ,0.906,0.818,0.817,1.0,0.838,0.783,0.808,-0.034,0.355,-0.185,0.071,0.787,-0.77,0.656,0.915,-0.751,0.587,0.876,0.734,-0.392,0.321,0.531,0.908,-0.088,-0.006,0.306,0.801,-0.487,0.624,0.474,-0.568,-0.586,-0.808,-0.312,-0.42,0.683,-0.085,0.865,0.246,0.598,-0.764,-0.504,0.826,-0.674,-0.729,-0.181,-0.738,0.109,0.54,0.732,-0.535,-0.285,0.219,-0.809,0.141,-0.255,-0.489,0.21,0.716,-0.015,0.523,0.628,-0.224,-0.472,-0.665,-0.452,-0.817,-0.507,-0.145,0.404,0.518,0.747,0.235,-0.208,0.68,-0.077,-0.211,-0.747,-0.023,-0.694,-0.433,-0.354,0.891,-0.329,0.06,0.892,0.744,0.912,0.765,0.378,0.6,-0.434,0.467,0.886,0.856,0.824,-0.222,0.509,0.951,-0.149,-0.496,0.917,-0.524,0.906,0.459,0.609,-0.493,0.465,-0.17,-0.515,0.685,0.271,0.331,-0.068,0.037,0.797,-0.349,0.322,-0.262,-0.477,-0.739,-0.685,0.486,0.548,0.654,0.698,-0.578,0.748,-0.072,0.671,-0.728,0.382,-0.535,0.456,0.764,0.129,0.423,-0.06,0.532,0.542,-0.631,0.886,-0.624,0.866,-0.084,0.303,0.433,0.731,0.287,0.781,0.894,-0.308,0.913,0.603,0.728,0.682,0.484,0.657,0.599,0.66,0.872,0.839,-0.289,0.705,0.951,0.25,0.252,0.703,0.844,0.895,0.882,0.877,-0.797,-0.212,-0.469,0.92,0.958,0.371,0.578,-0.483,0.521,0.847,-0.04,-0.333,-0.371,-0.388,-0.586,0.643,0.932,0.549,-0.15,0.937,-0.053,0.766,0.48,0.615,0.926,-0.446,0.283,-0.68,-0.83,-0.544,0.468,-0.408,-0.642,-0.791,-0.656,0.652,-0.75,-0.313,-0.662,0.846,-0.739,-0.433,0.404,0.705,-0.462
000333SZ,0.741,0.77,0.572,0.838,1.0,0.764,0.601,0.103,0.186,-0.466,-0.055,0.703,-0.829,0.338,0.816,-0.91,0.761,0.858,0.494,-0.745,0.611,0.222,0.841,-0.248,-0.1,0.073,0.541,-0.754,0.465,0.324,-0.312,-0.642,-0.914,-0.19,-0.645,0.68,0.281,0.824,0.04,0.807,-0.56,-0.415,0.665,-0.437,-0.765,-0.045,-0.769,0.507,0.286,0.885,-0.533,-0.591,-0.043,-0.692,-0.224,-0.152,-0.125,0.524,0.371,0.369,0.799,0.754,-0.564,-0.579,-0.508,-0.572,-0.787,-0.137,-0.352,0.664,0.554,0.892,0.569,0.165,0.37,-0.334,0.075,-0.92,0.403,-0.424,-0.182,-0.278,0.647,-0.649,-0.161,0.621,0.357,0.751,0.441,0.023,0.254,-0.767,0.065,0.761,0.856,0.65,-0.414,0.14,0.751,-0.313,-0.728,0.928,-0.769,0.77,0.409,0.607,-0.815,0.574,-0.569,-0.719,0.714,-0.01,-0.014,-0.314,-0.365,0.531,-0.052,-0.049,-0.647,-0.233,-0.854,-0.877,0.742,0.809,0.345,0.847,-0.53,0.942,-0.479,0.902,-0.852,0.109,-0.533,0.635,0.554,-0.145,0.107,-0.469,0.133,0.328,-0.534,0.883,-0.364,0.734,-0.48,0.611,0.265,0.389,-0.111,0.49,0.78,-0.674,0.694,0.655,0.411,0.416,0.146,0.306,0.321,0.339,0.714,0.551,-0.664,0.487,0.827,-0.099,-0.006,0.905,0.67,0.772,0.922,0.938,-0.713,-0.378,-0.732,0.704,0.839,0.727,0.286,-0.749,0.206,0.593,-0.38,-0.665,-0.093,-0.764,-0.432,0.832,0.831,0.433,-0.523,0.869,-0.231,0.471,0.227,0.28,0.759,-0.753,0.58,-0.408,-0.938,-0.518,0.317,-0.04,-0.409,-0.895,-0.423,0.854,-0.75,-0.679,-0.686,0.54,-0.697,-0.174,0.738,0.925,-0.528
000338SZ,0.679,0.703,0.497,0.783,0.764,1.0,0.627,-0.259,-0.102,-0.154,0.403,0.403,-0.592,0.329,0.686,-0.595,0.761,0.62,0.376,-0.42,0.196,0.246,0.708,0.071,0.259,0.512,0.478,-0.591,0.463,0.193,-0.161,-0.225,-0.58,0.038,-0.643,0.791,0.339,0.594,-0.166,0.714,-0.343,-0.133,0.577,-0.273,-0.709,0.128,-0.694,0.375,0.169,0.539,-0.159,-0.25,-0.15,-0.404,-0.185,0.086,-0.064,0.408,0.42,0.37,0.693,0.799,-0.429,-0.502,-0.231,-0.228,-0.446,-0.143,-0.377,0.715,0.172,0.652,0.431,0.177,0.337,-0.255,0.042,-0.629,0.311,-0.379,-0.057,0.128,0.586,-0.354,0.081,0.61,0.424,0.742,0.526,0.192,0.462,-0.471,0.157,0.684,0.819,0.56,-0.155,0.173,0.683,0.054,-0.293,0.804,-0.618,0.643,0.549,0.785,-0.653,0.707,-0.315,-0.259,0.831,-0.183,0.332,-0.353,-0.248,0.542,0.134,0.008,-0.477,-0.161,-0.474,-0.615,0.407,0.744,0.246,0.856,-0.675,0.802,-0.282,0.753,-0.574,0.356,-0.757,0.783,0.641,-0.198,0.067,-0.292,0.165,0.151,-0.209,0.814,-0.405,0.806,-0.421,0.548,0.302,0.522,0.034,0.407,0.653,-0.453,0.6,0.852,0.384,0.274,0.065,0.279,0.135,0.36,0.615,0.515,-0.378,0.267,0.807,-0.033,-0.239,0.843,0.628,0.622,0.724,0.772,-0.386,0.141,-0.546,0.639,0.752,0.513,0.246,-0.517,0.17,0.5,-0.137,-0.543,0.105,-0.443,-0.137,0.724,0.719,0.134,-0.386,0.768,0.095,0.387,0.426,0.239,0.62,-0.439,0.513,-0.326,-0.62,-0.486,0.123,-0.042,-0.202,-0.683,-0.196,0.753,-0.423,-0.453,-0.51,0.544,-0.456,-0.087,0.587,0.587,-0.158
000538SZ,0.79,0.454,0.838,0.808,0.601,0.627,1.0,-0.001,0.527,0.005,0.219,0.715,-0.568,0.782,0.793,-0.447,0.289,0.711,0.802,-0.076,0.203,0.55,0.797,-0.129,0.286,0.506,0.839,-0.188,0.742,0.622,-0.516,-0.503,-0.607,-0.266,-0.12,0.557,-0.221,0.646,0.513,0.282,-0.727,-0.47,0.834,-0.725,-0.546,-0.206,-0.61,0.008,0.62,0.605,-0.287,0.06,0.469,-0.724,0.391,-0.236,-0.626,0.044,0.81,-0.211,0.231,0.364,0.142,-0.194,-0.665,-0.358,-0.659,-0.571,0.025,0.204,0.611,0.613,0.001,-0.416,0.694,0.151,-0.377,-0.422,-0.212,-0.622,-0.487,-0.328,0.834,-0.011,0.314,0.8,0.762,0.767,0.75,0.6,0.745,-0.147,0.498,0.798,0.731,0.65,-0.316,0.745,0.871,0.186,-0.308,0.735,-0.18,0.739,0.325,0.578,-0.237,0.294,0.126,-0.358,0.511,0.509,0.634,0.106,0.386,0.769,-0.477,0.525,0.037,-0.44,-0.575,-0.414,0.363,0.311,0.666,0.434,-0.406,0.499,0.29,0.387,-0.409,0.511,-0.293,0.26,0.796,0.392,0.349,0.194,0.689,0.379,-0.575,0.748,-0.578,0.596,0.08,-0.077,0.447,0.825,0.342,0.794,0.753,-0.132,0.846,0.447,0.771,0.723,0.641,0.662,0.634,0.673,0.734,0.809,0.048,0.707,0.814,0.423,0.413,0.486,0.662,0.628,0.699,0.62,-0.604,-0.081,-0.395,0.85,0.811,0.115,0.661,-0.249,0.617,0.819,-0.158,-0.106,-0.491,-0.151,-0.668,0.342,0.83,0.624,0.192,0.781,0.004,0.777,0.523,0.679,0.795,-0.241,-0.086,-0.708,-0.59,-0.442,0.683,-0.493,-0.657,-0.515,-0.665,0.305,-0.472,0.034,-0.377,0.857,-0.554,-0.405,0.067,0.439,-0.122
000568SZ,-0.066,-0.128,0.016,-0.034,0.103,-0.259,-0.001,1.0,0.483,-0.386,-0.046,0.251,0.052,-0.051,0.018,-0.092,-0.185,0.167,0.146,-0.164,0.76,-0.069,-0.043,0.051,-0.488,-0.588,-0.028,0.173,0.181,0.331,0.243,-0.143,-0.109,-0.443,0.413,-0.017,0.132,0.208,0.551,-0.037,0.04,0.029,-0.042,0.025,0.425,0.304,0.347,0.204,0.088,0.353,0.033,0.07,0.237,-0.033,0.076,-0.363,0.121,0.315,-0.228,-0.02,-0.054,-0.349,0.103,0.489,-0.083,0.024,-0.094,0.297,0.461,-0.222,0.599,0.276,0.195,0.017,-0.179,0.383,0.023,-0.033,0.077,0.315,0.18,-0.309,0.016,-0.069,-0.312,-0.13,-0.134,-0.135,-0.046,-0.302,-0.392,-0.107,-0.32,-0.127,0.097,0.033,-0.024,0.021,0.038,-0.246,-0.108,0.053,0.207,0.01,-0.27,-0.181,0.023,-0.044,-0.077,-0.429,-0.126,0.323,-0.068,0.31,0.064,-0.186,0.004,0.218,-0.017,0.446,-0.153,-0.072,0.558,-0.06,0.13,-0.17,0.566,0.103,-0.032,0.011,-0.125,-0.504,0.682,-0.371,-0.339,0.39,0.179,-0.265,-0.127,0.201,-0.191,-0.146,0.453,-0.059,0.107,-0.015,0.262,-0.005,-0.075,0.044,0.063,-0.005,-0.014,-0.357,-0.073,0.197,0.259,0.066,0.336,0.272,0.101,-0.088,-0.162,0.26,-0.151,0.245,0.38,-0.042,-0.27,0.096,0.05,0.046,-0.042,-0.298,0.067,0.005,0.11,0.151,0.207,-0.316,0.147,-0.01,-0.144,-0.104,-0.171,-0.206,-0.24,0.075,-0.034,0.273,0.06,0.025,-0.226,-0.012,-0.513,0.093,-0.034,-0.084,0.088,0.239,-0.115,0.346,0.504,0.283,-0.099,0.149,-0.12,-0.162,0.088,0.011,0.24,-0.064,0.265,-0.11,0.028,0.16,-0.278
000596SZ,0.467,0.135,0.606,0.355,0.186,-0.102,0.527,0.483,1.0,-0.129,-0.191,0.716,-0.287,0.697,0.446,-0.174,-0.217,0.496,0.705,0.105,0.36,0.498,0.39,-0.248,-0.208,-0.095,0.61,0.281,0.345,0.79,-0.5,-0.551,-0.317,-0.473,0.43,0.03,-0.558,0.449,0.906,-0.159,-0.59,-0.47,0.52,-0.691,0.028,-0.319,-0.105,-0.242,0.698,0.403,-0.292,0.29,0.778,-0.578,0.644,-0.353,-0.614,-0.238,0.555,-0.538,-0.236,-0.212,0.466,0.208,-0.698,-0.348,-0.502,-0.562,0.519,-0.388,0.752,0.246,-0.282,-0.574,0.559,0.456,-0.409,-0.038,-0.504,-0.447,-0.601,-0.439,0.586,0.125,0.19,0.494,0.56,0.344,0.478,0.484,0.374,0.094,0.51,0.42,0.249,0.492,-0.259,0.681,0.529,-0.062,-0.236,0.315,0.261,0.415,-0.156,-0.01,0.235,-0.315,0.266,-0.326,-0.131,0.848,0.272,0.544,0.625,0.415,-0.677,0.609,0.411,-0.341,-0.389,-0.098,0.255,-0.273,0.741,-0.222,0.151,0.042,0.502,-0.084,-0.144,0.15,0.459,-0.427,0.315,0.708,0.533,0.43,0.606,0.535,-0.658,0.226,-0.213,0.096,0.479,-0.491,0.474,0.485,0.445,0.647,0.449,0.202,0.57,-0.246,0.594,0.77,0.793,0.647,0.841,0.454,0.497,0.529,0.178,0.808,0.282,0.605,0.871,-0.079,0.343,0.439,0.294,0.248,-0.505,-0.38,-0.048,0.55,0.436,-0.185,0.65,0.028,0.64,0.585,0.086,0.349,-0.747,0.082,-0.764,-0.081,0.46,0.822,0.512,0.391,-0.177,0.616,0.134,0.636,0.512,-0.015,-0.356,-0.593,-0.286,-0.196,0.869,-0.495,-0.678,-0.103,-0.713,-0.241,-0.261,0.381,0.024,0.573,-0.299,-0.445,-0.345,0.18,-0.129
000617SZ,-0.152,-0.42,-0.101,-0.185,-0.466,-0.154,0.005,-0.386,-0.129,1.0,0.311,-0.386,0.14,0.113,-0.386,0.548,-0.197,-0.375,-0.195,0.537,-0.59,0.237,-0.139,0.259,0.431,0.309,-0.069,0.317,0.167,-0.299,-0.077,0.379,0.414,0.398,0.156,-0.141,-0.407,-0.415,0.012,-0.341,0.114,0.012,-0.178,0.17,0.055,-0.206,0.068,-0.399,-0.072,-0.469,0.357,0.387,0.023,0.292,0.355,0.191,-0.259,-0.594,0.295,-0.234,-0.375,-0.086,0.562,0.053,0.251,0.359,0.338,-0.196,0.084,-0.216,-0.359,-0.325,-0.425,-0.131,0.121,0.057,0.016,0.428,-0.247,0.035,0.001,0.163,-0.14,0.613,0.726,-0.054,0.093,0.0,0.182,0.413,0.494,0.42,0.275,-0.116,-0.437,-0.187,0.213,0.133,-0.157,0.715,0.499,-0.332,0.355,-0.188,0.259,-0.09,0.481,0.042,0.529,0.6,-0.02,0.053,0.329,-0.102,0.421,0.008,-0.054,0.091,0.357,-0.019,0.44,0.443,-0.372,-0.265,-0.054,-0.243,0.158,-0.438,0.412,-0.376,0.602,0.669,-0.066,-0.03,0.218,-0.014,-0.049,0.537,0.238,-0.268,0.436,-0.175,-0.078,-0.298,0.306,-0.369,-0.327,-0.019,0.089,-0.026,-0.251,0.334,-0.165,0.086,0.092,-0.149,0.035,-0.012,-0.171,-0.012,-0.191,-0.055,0.647,-0.205,-0.084,0.164,-0.058,-0.347,-0.006,-0.316,-0.307,-0.369,0.311,0.376,0.382,-0.119,-0.323,-0.433,-0.082,0.7,-0.031,-0.084,0.338,0.41,0.157,0.511,0.307,-0.402,-0.136,-0.231,0.451,-0.352,0.722,-0.005,0.594,-0.001,-0.196,0.43,-0.418,-0.008,0.438,0.347,-0.011,-0.297,0.189,0.389,0.181,-0.321,0.255,0.572,0.008,0.006,0.1,0.149,-0.458,-0.55,0.374
000625SZ,-0.077,-0.136,0.031,0.071,-0.055,0.403,0.219,-0.046,-0.191,0.311,1.0,-0.234,0.217,0.01,-0.018,0.282,0.06,-0.119,0.013,0.213,-0.127,0.05,-0.022,0.498,0.532,0.441,0.033,0.167,0.355,-0.063,0.357,0.462,0.29,0.293,0.064,0.405,0.261,-0.099,0.004,0.05,0.259,0.321,-0.018,0.277,0.097,0.501,0.069,0.09,-0.119,-0.166,0.667,0.393,-0.165,0.327,0.056,0.177,0.154,0.135,0.059,0.192,-0.016,0.086,0.198,0.28,0.365,0.5,0.353,0.253,0.125,0.194,-0.171,-0.019,-0.028,0.124,-0.039,0.304,0.071,0.275,0.12,0.266,0.467,0.42,-0.013,0.38,0.248,0.033,0.054,0.04,0.159,0.147,0.228,0.202,-0.129,-0.009,0.132,-0.069,0.281,0.085,0.029,0.498,0.529,0.075,0.177,-0.069,0.423,0.342,0.036,0.37,0.247,0.347,0.444,-0.186,0.63,-0.07,0.141,0.005,0.311,0.122,0.039,0.39,0.363,0.119,-0.011,0.126,-0.064,0.152,0.088,0.053,0.19,0.042,0.254,0.266,-0.159,0.241,0.058,0.078,-0.044,-0.004,-0.012,-0.256,0.396,0.051,0.152,0.229,-0.056,0.073,0.15,0.288,0.059,-0.021,0.011,0.127,-0.064,0.422,0.001,-0.1,0.006,0.011,-0.173,0.263,0.025,-0.021,0.231,-0.207,0.122,0.166,-0.265,0.169,-0.098,-0.094,-0.042,-0.076,0.416,0.568,0.098,0.063,0.076,-0.048,0.078,0.009,0.041,-0.039,0.121,-0.112,0.313,0.196,0.322,-0.015,0.007,-0.254,0.108,0.021,0.424,-0.076,0.155,0.012,-0.09,0.302,0.09,0.314,0.249,0.263,0.079,0.157,0.338,0.259,0.316,-0.039,0.411,0.211,0.23,0.103,0.413,0.102,-0.012,-0.223,0.372
000651SZ,0.81,0.609,0.846,0.787,0.703,0.403,0.715,0.251,0.716,-0.386,-0.234,1.0,-0.677,0.733,0.875,-0.696,0.264,0.89,0.863,-0.342,0.458,0.433,0.752,-0.407,-0.156,-0.03,0.797,-0.275,0.519,0.754,-0.681,-0.769,-0.801,-0.533,-0.095,0.349,-0.297,0.845,0.55,0.335,-0.828,-0.638,0.817,-0.845,-0.483,-0.406,-0.561,0.031,0.732,0.778,-0.644,-0.197,0.572,-0.899,0.286,-0.401,-0.591,0.145,0.664,-0.256,0.271,0.278,-0.051,-0.187,-0.857,-0.653,-0.877,-0.583,0.04,0.107,0.791,0.633,0.048,-0.419,0.628,0.057,-0.373,-0.592,-0.219,-0.695,-0.637,-0.508,0.86,-0.275,-0.041,0.793,0.702,0.706,0.607,0.415,0.43,-0.312,0.498,0.771,0.722,0.773,-0.451,0.612,0.854,-0.385,-0.623,0.789,-0.281,0.783,0.075,0.365,-0.322,0.033,-0.132,-0.643,0.283,0.602,0.155,0.246,0.215,0.712,-0.626,0.46,-0.058,-0.573,-0.819,-0.564,0.45,0.225,0.755,0.323,-0.352,0.535,0.097,0.439,-0.656,0.134,-0.089,0.037,0.564,0.387,0.489,0.108,0.593,0.641,-0.878,0.684,-0.484,0.561,0.082,0.002,0.543,0.627,0.338,0.812,0.8,-0.215,0.876,0.156,0.738,0.846,0.696,0.694,0.825,0.541,0.784,0.781,-0.254,0.897,0.718,0.372,0.653,0.449,0.7,0.805,0.747,0.732,-0.874,-0.452,-0.484,0.844,0.825,0.227,0.653,-0.415,0.64,0.836,-0.142,-0.09,-0.691,-0.327,-0.871,0.379,0.814,0.869,0.033,0.843,-0.34,0.776,0.222,0.688,0.864,-0.44,0.033,-0.749,-0.77,-0.573,0.641,-0.474,-0.788,-0.646,-0.846,0.354,-0.707,-0.144,-0.452,0.787,-0.704,-0.465,0.183,0.676,-0.406
000661SZ,-0.752,-0.639,-0.605,-0.77,-0.829,-0.592,-0.568,0.052,-0.287,0.14,0.217,-0.677,1.0,-0.458,-0.69,0.787,-0.661,-0.834,-0.478,0.632,-0.379,-0.372,-0.872,0.399,0.053,-0.049,-0.559,0.716,-0.516,-0.288,0.586,0.7,0.888,0.116,0.601,-0.485,0.079,-0.759,-0.141,-0.701,0.661,0.67,-0.652,0.524,0.825,0.364,0.856,-0.292,-0.371,-0.81,0.601,0.542,-0.092,0.719,0.001,0.158,0.34,-0.166,-0.571,-0.154,-0.629,-0.733,0.326,0.635,0.562,0.649,0.813,0.37,0.328,-0.51,-0.503,-0.75,-0.294,-0.075,-0.518,0.415,-0.077,0.843,-0.242,0.54,0.37,0.356,-0.654,0.451,-0.175,-0.664,-0.435,-0.807,-0.544,-0.249,-0.472,0.684,-0.3,-0.793,-0.634,-0.667,0.44,-0.204,-0.716,0.144,0.708,-0.833,0.667,-0.749,-0.445,-0.424,0.594,-0.447,0.435,0.574,-0.574,-0.134,0.108,0.342,0.165,-0.632,0.233,-0.0,0.492,0.43,0.845,0.752,-0.6,-0.629,-0.454,-0.683,0.456,-0.743,0.334,-0.771,0.664,-0.394,0.518,-0.534,-0.664,0.159,-0.183,0.16,-0.325,-0.383,0.519,-0.845,0.454,-0.504,0.278,-0.42,-0.101,-0.304,0.051,-0.579,-0.771,0.569,-0.7,-0.574,-0.558,-0.473,-0.241,-0.39,-0.358,-0.238,-0.75,-0.585,0.451,-0.539,-0.806,-0.004,-0.132,-0.733,-0.8,-0.748,-0.887,-0.85,0.777,0.462,0.647,-0.724,-0.705,-0.616,-0.329,0.394,-0.258,-0.655,0.224,0.409,0.16,0.649,0.487,-0.621,-0.834,-0.534,0.292,-0.773,-0.009,-0.58,-0.511,-0.363,-0.78,0.733,-0.339,0.574,0.889,0.488,-0.355,0.301,0.47,0.847,0.512,-0.713,0.826,0.448,0.783,-0.584,0.862,0.141,-0.519,-0.799,0.492
000708SZ,0.779,0.393,0.89,0.656,0.338,0.329,0.782,-0.051,0.697,0.113,0.01,0.733,-0.458,1.0,0.688,-0.266,-0.041,0.641,0.842,0.198,-0.044,0.627,0.616,-0.174,0.149,0.282,0.909,0.104,0.565,0.701,-0.727,-0.547,-0.461,-0.418,0.174,0.23,-0.601,0.591,0.664,-0.047,-0.816,-0.594,0.699,-0.844,-0.349,-0.454,-0.421,-0.392,0.835,0.376,-0.324,0.27,0.722,-0.718,0.654,-0.369,-0.852,-0.276,0.904,-0.571,-0.141,0.074,0.429,-0.014,-0.79,-0.32,-0.619,-0.798,0.187,-0.192,0.51,0.261,-0.384,-0.712,0.808,0.318,-0.645,-0.191,-0.576,-0.766,-0.731,-0.382,0.878,0.258,0.379,0.862,0.916,0.711,0.835,0.761,0.778,0.18,0.791,0.7,0.469,0.757,-0.155,0.9,0.784,0.009,-0.126,0.537,0.128,0.67,0.109,0.224,0.131,-0.069,0.401,-0.145,0.15,0.767,0.484,0.403,0.648,0.83,-0.763,0.714,0.404,-0.666,-0.433,-0.174,0.038,-0.121,0.89,0.042,-0.284,0.15,0.589,0.058,-0.273,0.525,-0.098,-0.136,0.696,0.625,0.655,0.582,0.898,0.609,-0.682,0.524,-0.654,0.397,0.458,-0.373,0.559,0.784,0.683,0.907,0.699,0.235,0.848,0.102,0.916,0.893,0.848,0.879,0.818,0.602,0.729,0.889,0.306,0.845,0.62,0.706,0.707,0.11,0.701,0.634,0.5,0.385,-0.648,-0.181,-0.109,0.827,0.653,-0.238,0.803,0.07,0.814,0.881,0.202,0.301,-0.768,0.206,-0.766,-0.004,0.685,0.746,0.496,0.611,0.026,0.902,0.527,0.876,0.795,0.033,-0.417,-0.842,-0.406,-0.479,0.666,-0.787,-0.778,-0.31,-0.832,0.003,-0.443,0.351,-0.335,0.911,-0.53,-0.565,-0.265,0.193,-0.137
000725SZ,0.856,0.786,0.863,0.915,0.816,0.686,0.793,0.018,0.446,-0.386,-0.018,0.875,-0.69,0.688,1.0,-0.783,0.413,0.896,0.843,-0.396,0.339,0.39,0.822,-0.263,0.014,0.229,0.85,-0.43,0.583,0.638,-0.572,-0.707,-0.806,-0.439,-0.319,0.536,-0.097,0.892,0.316,0.499,-0.82,-0.545,0.828,-0.776,-0.621,-0.214,-0.654,0.098,0.686,0.747,-0.569,-0.261,0.357,-0.861,0.121,-0.326,-0.508,0.308,0.662,-0.074,0.414,0.46,-0.206,-0.341,-0.79,-0.527,-0.842,-0.516,-0.146,0.314,0.59,0.658,0.134,-0.323,0.627,0.029,-0.393,-0.689,-0.083,-0.708,-0.489,-0.416,0.889,-0.321,-0.118,0.875,0.745,0.796,0.659,0.388,0.479,-0.354,0.439,0.841,0.856,0.8,-0.344,0.573,0.918,-0.33,-0.54,0.878,-0.425,0.849,0.281,0.521,-0.502,0.251,-0.179,-0.592,0.488,0.387,0.289,0.138,0.068,0.803,-0.475,0.415,-0.191,-0.551,-0.788,-0.671,0.383,0.433,0.696,0.573,-0.602,0.685,-0.005,0.603,-0.782,0.189,-0.441,0.287,0.636,0.278,0.453,-0.052,0.553,0.582,-0.806,0.821,-0.618,0.809,-0.073,0.217,0.569,0.751,0.358,0.797,0.886,-0.287,0.912,0.42,0.733,0.758,0.554,0.675,0.66,0.596,0.841,0.849,-0.339,0.755,0.865,0.291,0.367,0.645,0.754,0.847,0.848,0.798,-0.836,-0.297,-0.552,0.91,0.94,0.319,0.639,-0.565,0.631,0.867,-0.17,-0.3,-0.546,-0.36,-0.732,0.513,0.865,0.672,-0.123,0.935,-0.338,0.775,0.272,0.673,0.922,-0.438,0.201,-0.697,-0.821,-0.686,0.463,-0.446,-0.719,-0.741,-0.753,0.542,-0.729,-0.313,-0.569,0.852,-0.699,-0.486,0.362,0.725,-0.449
000768SZ,-0.671,-0.793,-0.507,-0.751,-0.91,-0.595,-0.447,-0.092,-0.174,0.548,0.282,-0.696,0.787,-0.266,-0.783,1.0,-0.68,-0.834,-0.457,0.807,-0.558,-0.104,-0.746,0.385,0.229,0.047,-0.482,0.771,-0.322,-0.318,0.362,0.726,0.896,0.299,0.654,-0.449,-0.243,-0.827,0.03,-0.785,0.57,0.454,-0.591,0.463,0.699,0.15,0.695,-0.483,-0.339,-0.839,0.688,0.685,0.013,0.711,0.3,0.176,0.096,-0.53,-0.282,-0.344,-0.745,-0.668,0.612,0.606,0.558,0.661,0.798,0.168,0.418,-0.59,-0.493,-0.769,-0.527,-0.161,-0.3,0.404,-0.004,0.913,-0.373,0.439,0.206,0.373,-0.585,0.706,0.309,-0.567,-0.305,-0.662,-0.33,0.019,-0.115,0.779,-0.043,-0.69,-0.757,-0.615,0.455,-0.043,-0.663,0.481,0.822,-0.819,0.769,-0.705,-0.242,-0.458,0.815,-0.411,0.655,0.789,-0.512,-0.004,0.211,0.22,0.421,-0.504,0.107,0.076,0.638,0.308,0.875,0.897,-0.608,-0.721,-0.335,-0.753,0.594,-0.854,0.547,-0.848,0.955,0.031,0.501,-0.509,-0.442,0.178,-0.108,0.474,-0.108,-0.384,0.623,-0.801,0.333,-0.661,0.471,-0.608,-0.291,-0.265,0.101,-0.439,-0.732,0.692,-0.639,-0.467,-0.345,-0.398,-0.109,-0.257,-0.326,-0.236,-0.67,-0.487,0.754,-0.482,-0.734,0.158,-0.034,-0.806,-0.613,-0.756,-0.844,-0.888,0.775,0.558,0.756,-0.628,-0.745,-0.71,-0.213,0.778,-0.198,-0.542,0.402,0.652,0.16,0.766,0.467,-0.77,-0.73,-0.453,0.579,-0.797,0.411,-0.421,-0.101,-0.241,-0.717,0.802,-0.577,0.409,0.938,0.623,-0.172,0.041,0.443,0.868,0.459,-0.811,0.799,0.723,0.668,-0.467,0.722,0.154,-0.731,-0.937,0.602
000776SZ,0.481,0.621,0.128,0.587,0.761,0.761,0.289,-0.185,-0.217,-0.197,0.06,0.264,-0.661,-0.041,0.413,-0.68,1.0,0.5,-0.012,-0.712,0.398,0.125,0.614,-0.067,0.012,0.228,0.092,-0.794,0.122,-0.076,-0.08,-0.252,-0.614,0.275,-0.883,0.667,0.474,0.443,-0.395,0.874,-0.112,-0.043,0.359,-0.04,-0.765,0.012,-0.721,0.628,-0.189,0.575,-0.334,-0.619,-0.421,-0.3,-0.438,0.324,0.227,0.383,0.134,0.641,0.95,0.962,-0.701,-0.782,-0.053,-0.427,-0.421,0.045,-0.524,0.886,0.139,0.737,0.764,0.562,0.097,-0.669,0.504,-0.765,0.616,-0.179,0.056,0.198,0.271,-0.714,0.05,0.282,0.024,0.573,0.191,-0.089,0.206,-0.821,-0.099,0.531,0.589,0.325,-0.325,-0.276,0.431,0.014,-0.602,0.679,-0.905,0.488,0.502,0.699,-0.811,0.711,-0.687,-0.37,0.798,-0.459,-0.141,-0.702,-0.601,0.199,0.373,-0.464,-0.803,0.001,-0.548,-0.75,0.617,0.912,-0.099,0.919,-0.581,0.854,-0.687,0.851,-0.577,0.249,-0.678,0.913,0.526,-0.61,-0.29,-0.54,-0.212,-0.066,-0.044,0.732,-0.126,0.571,-0.697,0.733,-0.113,0.038,-0.426,0.067,0.393,-0.773,0.333,0.837,0.025,-0.052,-0.29,-0.123,-0.11,-0.014,0.352,0.146,-0.661,0.064,0.619,-0.49,-0.423,0.868,0.511,0.467,0.624,0.824,-0.336,-0.111,-0.664,0.326,0.505,0.747,-0.209,-0.552,-0.298,0.169,-0.287,-0.709,0.404,-0.76,0.071,0.911,0.612,0.007,-0.702,0.594,0.098,0.052,0.38,-0.192,0.386,-0.715,0.767,-0.14,-0.648,-0.341,-0.047,0.277,0.037,-0.78,0.036,0.903,-0.49,-0.727,-0.564,0.144,-0.531,0.261,0.785,0.717,-0.204
000786SZ,0.878,0.724,0.837,0.876,0.858,0.62,0.711,0.167,0.496,-0.375,-0.119,0.89,-0.834,0.641,0.896,-0.834,0.5,1.0,0.754,-0.526,0.461,0.386,0.848,-0.411,-0.105,0.013,0.79,-0.532,0.59,0.61,-0.606,-0.806,-0.918,-0.455,-0.364,0.44,-0.096,0.951,0.373,0.599,-0.792,-0.698,0.721,-0.723,-0.656,-0.293,-0.722,0.211,0.625,0.881,-0.615,-0.34,0.357,-0.852,0.121,-0.377,-0.462,0.318,0.638,-0.029,0.491,0.539,-0.239,-0.346,-0.773,-0.66,-0.896,-0.44,-0.183,0.345,0.693,0.746,0.191,-0.184,0.576,-0.132,-0.244,-0.775,0.03,-0.609,-0.449,-0.452,0.861,-0.361,-0.01,0.831,0.643,0.853,0.68,0.338,0.453,-0.51,0.388,0.85,0.815,0.853,-0.394,0.455,0.88,-0.344,-0.65,0.925,-0.477,0.846,0.243,0.411,-0.526,0.281,-0.301,-0.665,0.496,0.392,0.061,0.004,0.007,0.786,-0.424,0.341,-0.308,-0.474,-0.873,-0.742,0.571,0.491,0.704,0.563,-0.451,0.736,-0.116,0.695,-0.795,0.208,-0.343,0.305,0.634,0.177,0.442,-0.105,0.499,0.611,-0.768,0.853,-0.459,0.669,-0.113,0.3,0.5,0.552,0.243,0.799,0.921,-0.403,0.882,0.393,0.722,0.762,0.559,0.645,0.667,0.477,0.905,0.78,-0.4,0.803,0.832,0.29,0.417,0.677,0.793,0.91,0.909,0.874,-0.874,-0.468,-0.622,0.888,0.879,0.47,0.618,-0.542,0.569,0.849,-0.162,-0.33,-0.467,-0.531,-0.743,0.573,0.876,0.746,-0.16,0.898,-0.202,0.762,0.29,0.632,0.913,-0.621,0.227,-0.643,-0.902,-0.608,0.51,-0.378,-0.677,-0.773,-0.731,0.588,-0.766,-0.35,-0.631,0.779,-0.73,-0.374,0.421,0.799,-0.507
000800SZ,0.731,0.466,0.917,0.734,0.494,0.376,0.802,0.146,0.705,-0.195,0.013,0.863,-0.478,0.842,0.843,-0.457,-0.012,0.754,1.0,-0.06,0.186,0.517,0.675,-0.264,0.055,0.194,0.905,-0.058,0.661,0.775,-0.651,-0.621,-0.584,-0.515,0.117,0.297,-0.433,0.742,0.664,0.127,-0.853,-0.633,0.799,-0.867,-0.344,-0.296,-0.434,-0.194,0.839,0.571,-0.431,0.092,0.661,-0.809,0.5,-0.47,-0.736,0.004,0.765,-0.452,-0.025,0.076,0.22,0.036,-0.825,-0.398,-0.715,-0.656,0.196,-0.098,0.668,0.41,-0.257,-0.633,0.743,0.363,-0.606,-0.339,-0.418,-0.701,-0.615,-0.517,0.871,0.054,0.049,0.847,0.834,0.646,0.695,0.568,0.559,-0.001,0.586,0.733,0.63,0.725,-0.244,0.825,0.835,-0.213,-0.297,0.658,0.005,0.712,0.151,0.292,-0.079,-0.053,0.174,-0.45,0.21,0.712,0.461,0.454,0.479,0.81,-0.731,0.697,0.23,-0.58,-0.591,-0.335,0.19,0.015,0.853,0.152,-0.268,0.317,0.404,0.218,-0.462,0.233,-0.081,-0.124,0.537,0.625,0.618,0.302,0.779,0.631,-0.814,0.578,-0.584,0.549,0.313,-0.213,0.618,0.81,0.568,0.887,0.784,0.066,0.862,0.086,0.858,0.89,0.829,0.833,0.823,0.681,0.781,0.866,0.026,0.847,0.682,0.606,0.69,0.273,0.626,0.694,0.635,0.501,-0.742,-0.244,-0.281,0.88,0.788,-0.035,0.832,-0.248,0.848,0.897,-0.016,0.076,-0.787,-0.026,-0.866,0.101,0.725,0.814,0.307,0.749,-0.248,0.863,0.255,0.855,0.837,-0.137,-0.222,-0.744,-0.568,-0.494,0.679,-0.656,-0.813,-0.423,-0.85,0.101,-0.535,0.137,-0.322,0.901,-0.528,-0.64,-0.068,0.422,-0.282
000807SZ,-0.242,-0.479,-0.077,-0.392,-0.745,-0.42,-0.076,-0.164,0.105,0.537,0.213,-0.342,0.632,0.198,-0.396,0.807,-0.712,-0.526,-0.06,1.0,-0.646,0.182,-0.485,0.372,0.16,0.224,-0.007,0.86,-0.143,0.012,0.011,0.469,0.685,-0.076,0.747,-0.387,-0.517,-0.513,0.277,-0.845,0.122,0.235,-0.252,0.036,0.579,-0.029,0.565,-0.782,0.106,-0.724,0.464,0.841,0.375,0.332,0.573,-0.086,-0.35,-0.623,0.138,-0.656,-0.828,-0.664,0.774,0.572,0.136,0.534,0.478,-0.267,0.463,-0.724,-0.324,-0.68,-0.693,-0.598,0.07,0.572,-0.473,0.794,-0.754,-0.027,-0.209,0.098,-0.115,0.82,0.363,-0.116,0.203,-0.293,0.115,0.378,0.223,0.927,0.406,-0.35,-0.477,-0.177,0.466,0.423,-0.255,0.407,0.782,-0.588,0.847,-0.332,-0.316,-0.365,0.891,-0.461,0.933,0.712,-0.494,0.381,0.484,0.505,0.748,-0.075,-0.285,0.489,0.89,-0.103,0.688,0.853,-0.688,-0.811,0.121,-0.718,0.296,-0.775,0.842,-0.855,0.708,0.206,0.396,-0.597,-0.099,0.52,0.276,0.737,0.338,0.007,0.232,-0.544,-0.108,-0.383,0.748,-0.791,0.085,0.187,0.568,0.019,-0.384,0.875,-0.18,-0.458,0.084,0.073,0.306,0.216,0.128,0.152,-0.296,0.0,0.948,-0.041,-0.414,0.536,0.299,-0.788,-0.261,-0.384,-0.637,-0.696,0.428,0.511,0.769,-0.226,-0.392,-0.896,0.201,0.774,0.234,-0.091,0.557,0.835,-0.276,0.935,0.095,-0.728,-0.42,-0.153,0.829,-0.503,0.333,0.044,0.095,0.22,-0.307,0.865,-0.768,-0.05,0.739,0.275,0.056,-0.378,-0.031,0.717,-0.0,-0.772,0.556,0.883,0.505,0.001,0.459,-0.24,-0.872,-0.88,0.455
000858SZ,0.223,0.286,0.115,0.321,0.611,0.196,0.203,0.76,0.36,-0.59,-0.127,0.458,-0.379,-0.044,0.339,-0.558,0.398,0.461,0.186,-0.646,1.0,-0.051,0.362,-0.086,-0.416,-0.387,0.068,-0.351,0.207,0.305,0.162,-0.38,-0.528,-0.23,-0.17,0.404,0.421,0.456,0.264,0.481,-0.084,-0.021,0.276,-0.076,-0.126,0.242,-0.162,0.616,0.014,0.723,-0.246,-0.385,-0.007,-0.293,-0.249,-0.12,0.245,0.563,-0.147,0.388,0.536,0.236,-0.381,-0.093,-0.198,-0.313,-0.405,0.284,0.082,0.341,0.698,0.72,0.659,0.32,-0.077,-0.037,0.292,-0.534,0.463,0.128,0.137,-0.203,0.181,-0.586,-0.361,0.049,-0.118,0.174,-0.014,-0.364,-0.283,-0.632,-0.387,0.211,0.48,0.18,-0.348,-0.124,0.306,-0.314,-0.57,0.465,-0.406,0.308,0.018,0.274,-0.544,0.333,-0.551,-0.696,0.317,0.039,-0.173,-0.103,-0.344,-0.061,0.172,-0.134,-0.52,0.343,-0.552,-0.58,0.882,0.51,0.051,0.407,0.108,0.635,-0.473,0.545,-0.52,-0.378,0.208,0.197,-0.01,0.004,-0.056,-0.591,-0.241,0.112,-0.304,0.315,0.266,0.296,-0.387,0.417,0.171,0.03,-0.375,0.067,0.306,-0.528,0.209,0.15,-0.062,0.142,0.019,-0.042,0.227,0.205,0.273,0.026,-0.633,0.274,0.251,-0.142,0.091,0.517,0.034,0.339,0.468,0.544,-0.302,-0.425,-0.423,0.212,0.431,0.624,0.046,-0.699,-0.043,0.099,-0.458,-0.571,0.021,-0.683,-0.252,0.608,0.354,0.299,-0.431,0.419,-0.351,0.019,-0.306,-0.043,0.233,-0.554,0.545,0.071,-0.558,0.016,0.444,0.41,-0.117,-0.405,-0.133,0.417,-0.286,-0.509,-0.12,0.04,-0.157,0.053,0.549,0.667,-0.405
000876SZ,0.579,0.388,0.51,0.531,0.222,0.246,0.55,-0.069,0.498,0.237,0.05,0.433,-0.372,0.627,0.39,-0.104,0.125,0.386,0.517,0.182,-0.051,1.0,0.578,0.151,-0.097,0.327,0.587,0.1,0.293,0.405,-0.616,-0.301,-0.28,-0.113,0.064,0.376,-0.545,0.432,0.5,0.123,-0.614,-0.367,0.486,-0.594,-0.319,-0.179,-0.338,-0.408,0.437,0.203,-0.349,0.188,0.328,-0.535,0.783,-0.126,-0.699,-0.52,0.706,-0.509,-0.001,0.203,0.355,-0.209,-0.483,-0.105,-0.471,-0.716,0.449,-0.15,0.301,0.266,-0.169,-0.457,0.864,0.22,-0.238,-0.201,-0.464,-0.637,-0.593,-0.33,0.628,0.083,0.432,0.63,0.659,0.591,0.699,0.607,0.683,0.07,0.664,0.659,0.184,0.538,0.205,0.604,0.6,0.288,-0.086,0.369,-0.032,0.66,0.401,0.139,0.22,0.056,0.364,-0.082,0.286,0.471,0.449,0.181,0.558,0.601,-0.553,0.469,0.309,-0.44,-0.292,-0.103,0.151,-0.051,0.637,0.094,-0.094,0.117,0.407,-0.02,-0.076,0.561,-0.108,-0.035,0.617,0.427,0.517,0.391,0.634,0.51,-0.404,0.448,-0.594,0.371,0.464,-0.336,0.134,0.594,0.485,0.63,0.427,0.225,0.6,0.202,0.676,0.596,0.575,0.673,0.559,0.495,0.522,0.623,0.302,0.575,0.502,0.429,0.431,0.028,0.662,0.501,0.323,0.334,-0.475,-0.12,0.118,0.598,0.514,-0.23,0.547,0.157,0.517,0.611,0.409,0.211,-0.466,0.133,-0.469,0.109,0.629,0.508,0.48,0.421,0.329,0.662,0.626,0.62,0.574,0.163,-0.222,-0.647,-0.303,-0.076,0.599,-0.623,-0.61,-0.314,-0.599,-0.004,-0.433,0.325,-0.321,0.639,-0.461,-0.49,-0.324,0.065,-0.223
000895SZ,0.847,0.697,0.743,0.908,0.841,0.708,0.797,-0.043,0.39,-0.139,-0.022,0.752,-0.872,0.616,0.822,-0.746,0.614,0.848,0.675,-0.485,0.362,0.578,1.0,-0.243,0.01,0.293,0.731,-0.583,0.631,0.436,-0.594,-0.655,-0.841,-0.168,-0.491,0.675,-0.11,0.79,0.283,0.646,-0.755,-0.582,0.823,-0.659,-0.814,-0.247,-0.839,0.206,0.472,0.789,-0.552,-0.351,0.185,-0.805,0.178,-0.136,-0.479,0.118,0.707,0.032,0.564,0.678,-0.224,-0.577,-0.652,-0.551,-0.82,-0.51,-0.166,0.458,0.58,0.797,0.273,-0.115,0.708,-0.206,-0.053,-0.771,0.075,-0.663,-0.444,-0.38,0.806,-0.383,0.174,0.818,0.619,0.885,0.684,0.373,0.621,-0.568,0.4,0.915,0.759,0.721,-0.357,0.425,0.881,-0.029,-0.601,0.893,-0.585,0.866,0.537,0.574,-0.519,0.471,-0.278,-0.598,0.667,0.253,0.235,-0.197,0.02,0.743,-0.333,0.188,-0.329,-0.447,-0.787,-0.72,0.586,0.595,0.585,0.697,-0.483,0.748,-0.138,0.7,-0.655,0.478,-0.503,0.502,0.787,0.051,0.258,-0.078,0.483,0.417,-0.569,0.912,-0.57,0.688,-0.155,0.269,0.23,0.595,0.116,0.715,0.859,-0.442,0.844,0.626,0.683,0.603,0.396,0.553,0.499,0.488,0.822,0.742,-0.329,0.649,0.925,0.147,0.218,0.725,0.841,0.803,0.91,0.869,-0.788,-0.354,-0.564,0.871,0.873,0.455,0.489,-0.419,0.422,0.786,-0.189,-0.37,-0.292,-0.514,-0.583,0.649,0.945,0.586,-0.155,0.889,0.016,0.713,0.562,0.522,0.891,-0.579,0.262,-0.691,-0.86,-0.48,0.538,-0.381,-0.606,-0.839,-0.609,0.639,-0.78,-0.325,-0.699,0.769,-0.819,-0.328,0.407,0.745,-0.413
000938SZ,-0.202,-0.022,-0.3,-0.088,-0.248,0.071,-0.129,0.051,-0.248,0.259,0.498,-0.407,0.399,-0.174,-0.263,0.385,-0.067,-0.411,-0.264,0.372,-0.086,0.151,-0.243,1.0,-0.062,0.216,-0.207,0.404,-0.078,-0.275,0.457,0.616,0.454,0.143,0.238,0.319,0.203,-0.26,-0.112,-0.134,0.339,0.632,-0.203,0.409,0.342,0.587,0.442,-0.202,-0.258,-0.412,0.433,0.361,-0.281,0.429,0.089,0.054,0.182,-0.095,-0.193,0.009,-0.104,-0.14,0.22,0.202,0.462,0.854,0.401,0.224,0.444,-0.126,-0.34,-0.154,0.1,0.033,-0.063,0.468,0.027,0.274,-0.076,0.21,0.347,0.242,-0.171,0.223,0.004,-0.182,-0.056,-0.151,0.049,-0.172,-0.06,0.324,-0.125,-0.251,-0.131,-0.161,0.671,-0.05,-0.141,0.342,0.575,-0.285,0.218,-0.094,0.185,0.032,0.27,0.336,0.386,0.429,0.174,-0.212,0.449,0.077,0.101,-0.264,0.343,0.028,0.191,0.407,0.481,0.33,-0.1,-0.08,-0.171,0.001,0.165,-0.141,0.107,-0.253,0.265,-0.013,0.031,0.004,-0.168,0.104,0.108,-0.048,-0.179,-0.073,0.418,-0.276,0.068,0.186,0.198,-0.001,0.046,0.179,0.136,-0.236,-0.27,0.4,-0.24,0.107,-0.22,-0.243,-0.174,-0.07,-0.177,0.303,-0.192,-0.157,0.273,-0.307,-0.107,0.09,-0.308,-0.187,-0.235,-0.169,-0.332,-0.264,0.432,0.509,0.614,-0.209,-0.066,-0.26,-0.08,0.112,-0.102,-0.262,0.441,0.008,0.288,0.39,0.489,-0.024,-0.208,-0.527,0.157,-0.257,0.375,-0.212,0.005,-0.125,-0.282,0.608,0.113,0.345,0.365,0.466,-0.043,0.186,0.243,0.348,0.31,-0.122,0.33,0.237,0.245,-0.125,0.443,-0.09,-0.128,-0.425,-0.008
000963SZ,-0.037,-0.256,0.141,-0.006,-0.1,0.259,0.286,-0.488,-0.208,0.431,0.532,-0.156,0.053,0.149,0.014,0.229,0.012,-0.105,0.055,0.16,-0.416,-0.097,0.01,-0.062,1.0,0.583,0.094,-0.008,0.296,-0.009,-0.005,0.172,0.158,0.516,-0.12,0.087,0.005,-0.182,-0.123,-0.048,0.091,-0.016,0.077,0.014,-0.213,-0.137,-0.241,0.101,0.026,-0.12,0.378,0.193,0.009,0.126,0.016,0.347,-0.045,-0.054,0.267,0.086,-0.045,0.151,0.201,0.03,0.123,0.103,0.178,-0.041,-0.235,0.239,-0.162,-0.092,-0.256,0.014,0.055,-0.042,-0.001,0.24,0.076,0.049,0.134,0.408,-0.039,0.34,0.463,0.05,0.081,0.051,0.055,0.391,0.424,0.204,0.065,0.066,0.004,-0.172,-0.169,0.137,0.001,0.49,0.217,0.03,0.071,-0.101,0.284,0.329,-0.027,0.104,0.157,0.388,0.21,-0.072,0.4,-0.167,0.136,0.146,0.03,0.022,0.046,-0.035,0.15,0.067,-0.275,0.075,-0.071,0.069,-0.196,-0.098,0.219,0.019,0.302,0.492,-0.331,0.258,0.257,-0.097,-0.199,0.272,0.208,-0.413,0.221,0.106,-0.067,-0.028,-0.176,-0.105,-0.048,0.161,-0.077,0.024,-0.014,-0.061,-0.029,0.333,0.128,-0.086,-0.008,-0.093,-0.244,-0.089,-0.076,0.042,0.237,-0.187,0.135,-0.011,-0.198,0.116,-0.001,-0.251,0.011,-0.108,0.218,0.376,-0.221,0.064,-0.092,-0.08,-0.016,0.208,0.034,0.048,-0.202,0.005,0.148,0.163,0.119,-0.219,0.038,-0.045,0.078,0.013,0.243,-0.006,0.373,-0.018,-0.024,0.104,-0.201,0.012,0.176,-0.023,-0.097,-0.109,0.262,0.098,0.174,-0.051,0.229,0.153,0.097,0.13,0.054,0.308,-0.084,-0.152,0.564
000999SZ,0.244,0.18,0.218,0.306,0.073,0.512,0.506,-0.588,-0.095,0.309,0.441,-0.03,-0.049,0.282,0.229,0.047,0.228,0.013,0.194,0.224,-0.387,0.327,0.293,0.216,0.583,1.0,0.292,-0.01,0.164,0.086,-0.112,0.136,0.056,0.336,-0.219,0.42,-0.032,-0.029,-0.072,0.104,-0.131,0.1,0.379,-0.196,-0.342,0.054,-0.334,-0.058,0.078,-0.097,0.137,0.234,0.001,-0.1,0.183,0.3,-0.2,-0.176,0.394,-0.005,0.113,0.338,0.079,-0.265,-0.033,0.102,0.019,-0.35,-0.062,0.271,-0.159,0.063,-0.057,-0.129,0.375,0.022,-0.117,0.055,-0.138,-0.346,-0.174,0.286,0.231,0.096,0.4,0.287,0.308,0.298,0.287,0.434,0.57,0.114,0.291,0.345,0.246,0.065,0.03,0.297,0.286,0.579,0.127,0.184,-0.098,0.214,0.344,0.53,-0.044,0.249,0.229,0.267,0.366,-0.053,0.668,-0.118,0.228,0.284,-0.015,0.115,0.12,-0.232,0.079,-0.009,-0.215,0.172,0.09,0.314,-0.502,0.116,0.229,0.068,0.073,0.547,-0.488,0.406,0.51,-0.0,-0.075,0.203,0.278,-0.16,0.062,0.348,-0.445,0.345,-0.065,-0.116,0.054,0.465,0.147,0.157,0.142,0.008,0.23,0.508,0.211,0.053,0.039,0.124,-0.043,0.236,0.118,0.258,0.229,-0.017,0.399,0.033,-0.203,0.214,0.266,0.045,0.109,0.143,0.043,0.422,-0.122,0.271,0.245,-0.121,0.1,0.085,0.101,0.196,-0.002,-0.022,0.042,0.171,0.026,0.097,0.315,-0.07,0.132,0.248,0.205,0.166,0.508,0.109,0.197,0.134,-0.072,-0.32,0.015,-0.281,0.071,-0.23,-0.098,-0.141,-0.029,0.103,0.031,0.134,0.0,0.338,-0.135,-0.057,-0.093,-0.078,0.383
001965SZ,0.84,0.572,0.954,0.801,0.541,0.478,0.839,-0.028,0.61,-0.069,0.033,0.797,-0.559,0.909,0.85,-0.482,0.092,0.79,0.905,-0.007,0.068,0.587,0.731,-0.207,0.094,0.292,1.0,-0.09,0.638,0.692,-0.699,-0.664,-0.621,-0.494,0.007,0.339,-0.441,0.768,0.578,0.158,-0.904,-0.656,0.759,-0.866,-0.464,-0.335,-0.525,-0.261,0.841,0.531,-0.442,0.091,0.595,-0.83,0.507,-0.454,-0.799,-0.033,0.856,-0.444,0.035,0.204,0.214,-0.115,-0.853,-0.381,-0.752,-0.723,0.076,-0.048,0.549,0.423,-0.237,-0.648,0.805,0.27,-0.634,-0.403,-0.435,-0.785,-0.649,-0.494,0.932,0.083,0.162,0.933,0.909,0.798,0.844,0.647,0.701,0.007,0.688,0.807,0.641,0.83,-0.146,0.846,0.881,-0.132,-0.261,0.705,-0.051,0.789,0.204,0.299,-0.088,0.043,0.232,-0.342,0.289,0.665,0.474,0.353,0.475,0.913,-0.727,0.7,0.203,-0.672,-0.587,-0.381,0.154,0.079,0.897,0.241,-0.393,0.353,0.411,0.267,-0.509,0.41,-0.249,-0.005,0.692,0.558,0.666,0.33,0.836,0.664,-0.78,0.686,-0.715,0.603,0.311,-0.163,0.608,0.833,0.642,0.945,0.85,0.079,0.925,0.219,0.922,0.902,0.804,0.892,0.789,0.68,0.847,0.954,0.094,0.849,0.771,0.635,0.597,0.313,0.748,0.779,0.682,0.545,-0.769,-0.235,-0.251,0.927,0.81,-0.055,0.851,-0.193,0.847,0.958,0.09,0.07,-0.741,0.012,-0.815,0.174,0.784,0.737,0.303,0.745,-0.108,0.934,0.422,0.887,0.904,-0.134,-0.235,-0.815,-0.599,-0.568,0.624,-0.743,-0.83,-0.484,-0.867,0.206,-0.596,0.116,-0.461,0.961,-0.606,-0.642,-0.049,0.39,-0.326
