,000001SZ,000002SZ,000157SZ,000166SZ,000333SZ,000338SZ,000538SZ,000568SZ,000596SZ,000617SZ,000625SZ,000651SZ,000661SZ,000708SZ,000725SZ,000768SZ,000776SZ,000786SZ,000800SZ,000807SZ,000858SZ,000876SZ,000895SZ,000938SZ,000963SZ,000999SZ,001965SZ,002001SZ,002007SZ,002027SZ,002028SZ,002050SZ,002129SZ,002179SZ,002230SZ,002236SZ,002241SZ,002271SZ,002304SZ,002311SZ,002371SZ,002415SZ,002422SZ,002459SZ,002460SZ,002463SZ,002466SZ,002475SZ,002493SZ,002555SZ,002594SZ,002601SZ,002648SZ,002709SZ,002714SZ,002916SZ,002920SZ,002938SZ,003816SZ,300014SZ,300033SZ,300059SZ,300122SZ,300124SZ,300274SZ,300308SZ,300316SZ,300347SZ,300394SZ,300408SZ,300413SZ,300418SZ,300433SZ,300450SZ,300498SZ,300502SZ,300628SZ,300661SZ,300750SZ,300759SZ,300760SZ,300782SZ,600000SS,600010SS,600011SS,600015SS,600016SS,600018SS,600019SS,600023SS,600025SS,600026SS,600028SS,600029SS,600031SS,600036SS,600048SS,600050SS,600061SS,600085SS,600089SS,600104SS,600111SS,600115SS,600161SS,600183SS,600188SS,600196SS,600219SS,600233SS,600276SS,600309SS,600332SS,600346SS,600362SS,600377SS,600406SS,600415SS,600426SS,600436SS,600438SS,600489SS,600519SS,600570SS,600585SS,600588SS,600600SS,600660SS,600674SS,600741SS,600760SS,600795SS,600809SS,600875SS,600886SS,600887SS,600926SS,600989SS,601006SS,601009SS,601012SS,601021SS,601058SS,601066SS,601088SS,601100SS,601117SS,601138SS,601166SS,601169SS,601186SS,601225SS,601229SS,601238SS,601288SS,601318SS,601319SS,601328SS,601336SS,601360SS,601390SS,601398SS,601600SS,601601SS,601607SS,601618SS,601628SS,601633SS,601658SS,601668SS,601669SS,601688SS,601689SS,601698SS,601699SS,601766SS,601788SS,601799SS,601800SS,601808SS,601816SS,601818SS,601838SS,601857SS,601865SS,601872SS,601877SS,601878SS,601881SS,601888SS,601899SS,601901SS,601919SS,601939SS,601985SS,601988SS,601998SS,603019SS,603195SS,603259SS,603260SS,603288SS,603369SS,603501SS,603659SS,603799SS,603806SS,603833SS,603986SS,603993SS,688008SS,688009SS,688012SS,688036SS,688111SS,688169SS,688396SS
000001SZ,1.0,0.789,0.397,0.336,0.294,0.63,0.668,-0.047,0.046,0.359,0.578,0.217,0.078,0.272,0.499,0.424,0.659,0.725,0.442,0.489,0.038,0.711,0.564,0.249,0.295,0.661,0.41,-0.171,0.118,0.046,-0.041,0.572,-0.299,-0.431,0.498,0.39,0.359,0.432,0.038,0.166,-0.352,0.101,0.763,-0.239,0.52,0.079,0.427,-0.094,0.33,0.669,0.563,0.613,0.062,0.149,0.756,0.007,0.109,0.173,-0.043,0.487,0.242,0.595,0.423,0.318,-0.463,0.056,0.321,0.738,-0.037,0.093,0.718,0.68,0.086,0.484,0.734,0.25,0.274,0.106,0.44,0.746,0.376,0.156,0.384,0.25,-0.208,0.535,0.576,0.353,0.274,0.227,-0.028,0.291,0.653,0.509,0.542,0.76,0.755,0.221,0.49,0.802,0.05,0.039,0.228,0.076,-0.009,0.319,0.715,0.516,0.378,-0.024,0.502,0.299,0.848,0.309,0.369,0.209,-0.229,0.738,0.584,0.67,-0.285,0.117,0.2,0.283,0.47,0.039,-0.05,0.211,0.047,0.359,0.447,-0.034,-0.164,0.237,0.105,0.333,0.569,0.06,0.513,0.822,-0.325,0.097,0.497,0.161,0.591,0.193,0.872,0.469,0.432,0.684,0.302,0.686,0.276,0.497,0.749,0.788,0.802,0.767,0.394,0.153,0.434,0.641,0.406,0.257,0.547,-0.017,0.436,0.25,0.39,0.535,0.008,0.524,0.108,0.332,0.544,0.389,0.221,0.045,0.285,0.171,0.199,0.471,0.671,0.301,-0.531,0.331,-0.061,0.273,0.526,-0.017,0.716,0.341,0.323,0.755,0.135,0.783,0.544,-0.26,0.086,0.614,-0.276,0.231,0.007,0.02,0.439,0.491,-0.319,0.331,-0.19,0.643,-0.218,0.175,-0.25,0.052,-0.056,0.716,0.093
000002SZ,0.789,1.0,0.459,0.529,0.46,0.697,0.778,-0.101,0.263,0.532,0.699,0.426,-0.291,0.485,0.551,0.667,0.726,0.869,0.674,0.702,0.027,0.862,0.73,0.373,0.522,0.611,0.67,-0.267,0.13,0.348,0.04,0.677,-0.129,-0.451,0.448,0.497,0.37,0.622,0.234,0.345,-0.554,0.14,0.747,-0.035,0.513,0.294,0.375,0.08,0.151,0.547,0.287,0.64,0.051,-0.267,0.886,0.204,-0.203,0.17,0.219,0.261,0.495,0.628,0.195,0.58,-0.294,0.193,0.301,0.577,0.187,0.238,0.913,0.76,0.286,0.242,0.681,0.513,0.657,-0.241,0.152,0.722,0.165,0.115,0.628,0.467,0.06,0.802,0.813,0.116,0.598,0.458,0.207,0.52,0.866,0.445,0.582,0.911,0.878,0.48,0.596,0.794,-0.286,0.201,0.283,0.045,0.101,0.477,0.651,0.255,0.62,-0.188,0.411,0.562,0.728,-0.012,0.616,0.429,-0.144,0.455,0.736,0.582,-0.454,0.4,0.421,0.533,0.805,0.25,0.063,0.36,0.267,0.558,0.069,0.276,-0.125,0.378,0.27,0.317,0.689,0.232,0.725,0.861,-0.499,0.309,0.389,0.229,0.653,0.299,0.864,0.682,0.617,0.857,0.632,0.757,0.529,0.634,0.767,0.934,0.891,0.702,0.672,0.418,0.725,0.777,0.623,0.487,0.334,0.371,0.679,0.457,0.724,0.819,0.276,0.704,-0.141,0.524,0.469,0.577,0.264,-0.309,0.67,0.507,0.382,0.717,0.765,0.654,-0.489,0.608,0.082,0.329,0.507,0.245,0.865,0.565,0.473,0.808,0.08,0.802,0.664,-0.321,0.205,0.449,-0.127,0.396,0.163,0.104,0.138,0.617,-0.474,0.382,-0.395,0.816,-0.309,0.414,0.007,0.296,-0.375,0.862,-0.215
000157SZ,0.397,0.459,1.0,0.91,0.882,0.818,0.821,0.403,0.771,0.871,0.904,0.881,0.476,0.759,0.935,0.646,0.693,0.647,0.844,0.596,0.767,0.275,0.54,0.897,0.819,-0.083,0.794,0.593,0.774,0.716,0.73,0.853,0.543,0.465,0.536,0.915,0.523,0.677,0.774,0.839,-0.097,0.833,0.621,0.675,0.814,0.67,0.772,0.642,0.696,-0.21,-0.032,0.884,0.296,-0.16,0.505,0.809,-0.258,0.644,0.68,0.002,0.783,0.469,-0.31,0.773,0.488,0.747,0.501,-0.111,0.77,0.833,0.578,0.672,0.865,0.524,-0.113,0.693,0.615,-0.456,-0.167,0.027,0.536,0.753,0.855,0.862,0.605,0.714,0.461,0.709,0.749,0.841,0.629,0.538,0.478,0.769,0.902,0.555,0.248,0.815,0.848,0.407,0.098,0.844,0.836,0.702,0.798,0.864,-0.147,-0.324,0.779,0.451,0.852,0.843,0.084,0.393,0.808,0.863,0.39,0.319,0.828,0.319,-0.113,0.537,0.548,0.836,0.682,0.836,0.763,0.842,0.768,0.817,-0.334,0.669,0.566,0.828,0.82,0.868,0.861,0.737,0.656,0.179,0.142,0.815,0.699,0.861,-0.1,0.882,0.262,0.807,0.787,0.602,0.741,-0.043,0.87,0.879,0.054,0.496,0.642,-0.043,0.84,0.72,0.699,0.271,0.798,0.862,-0.38,0.659,0.88,0.878,0.712,0.381,0.664,0.857,-0.397,0.912,0.02,0.878,0.847,0.166,0.494,0.69,0.801,0.736,0.359,0.547,0.28,0.433,0.707,0.764,0.601,0.75,0.296,0.921,0.884,0.12,0.116,0.026,-0.033,0.531,0.838,-0.279,0.575,0.902,0.751,0.611,-0.246,0.686,-0.067,0.754,0.148,0.653,0.526,0.829,0.531,0.82,0.114,0.381,-0.051
000166SZ,0.336,0.529,0.91,1.0,0.866,0.713,0.803,0.219,0.68,0.84,0.869,0.851,0.235,0.763,0.878,0.707,0.748,0.625,0.872,0.573,0.632,0.325,0.598,0.812,0.79,0.014,0.897,0.414,0.64,0.727,0.585,0.839,0.488,0.397,0.503,0.849,0.426,0.696,0.695,0.777,-0.165,0.71,0.561,0.64,0.777,0.607,0.738,0.556,0.651,-0.196,-0.137,0.796,0.074,-0.276,0.507,0.767,-0.306,0.526,0.668,-0.038,0.873,0.546,-0.27,0.787,0.435,0.653,0.354,-0.078,0.743,0.73,0.639,0.627,0.819,0.419,-0.107,0.694,0.716,-0.519,-0.196,0.111,0.382,0.593,0.891,0.844,0.573,0.774,0.524,0.639,0.757,0.814,0.586,0.701,0.604,0.724,0.852,0.601,0.242,0.825,0.881,0.43,0.023,0.763,0.741,0.6,0.683,0.813,-0.096,-0.326,0.773,0.367,0.773,0.871,0.067,0.332,0.814,0.851,0.261,0.299,0.843,0.284,-0.118,0.52,0.527,0.819,0.751,0.859,0.694,0.844,0.711,0.782,-0.403,0.671,0.436,0.714,0.751,0.813,0.846,0.677,0.726,0.18,-0.029,0.802,0.563,0.871,-0.0,0.791,0.251,0.772,0.805,0.676,0.779,0.053,0.876,0.828,0.165,0.511,0.683,0.057,0.854,0.679,0.726,0.436,0.777,0.834,-0.431,0.663,0.895,0.859,0.778,0.444,0.63,0.943,-0.391,0.865,-0.125,0.842,0.87,-0.033,0.568,0.71,0.807,0.76,0.4,0.608,0.284,0.6,0.609,0.799,0.621,0.745,0.318,0.96,0.849,0.214,0.138,0.131,0.153,0.436,0.749,-0.257,0.451,0.849,0.661,0.531,-0.225,0.717,0.007,0.581,-0.011,0.647,0.391,0.809,0.553,0.795,-0.046,0.444,-0.179
000333SZ,0.294,0.46,0.882,0.866,1.0,0.819,0.799,0.548,0.893,0.856,0.897,0.928,0.292,0.817,0.887,0.621,0.655,0.651,0.852,0.659,0.827,0.268,0.476,0.946,0.886,-0.245,0.757,0.519,0.802,0.873,0.828,0.884,0.658,0.447,0.634,0.935,0.732,0.692,0.877,0.921,-0.003,0.859,0.539,0.745,0.823,0.793,0.765,0.831,0.655,-0.231,0.036,0.84,0.403,-0.213,0.545,0.934,-0.276,0.73,0.748,0.013,0.855,0.527,-0.333,0.918,0.542,0.864,0.618,-0.234,0.839,0.911,0.622,0.614,0.936,0.552,-0.151,0.832,0.71,-0.57,-0.121,-0.04,0.41,0.798,0.854,0.932,0.764,0.707,0.457,0.613,0.842,0.885,0.733,0.466,0.448,0.847,0.883,0.649,0.204,0.863,0.791,0.291,-0.101,0.881,0.928,0.809,0.781,0.932,-0.198,-0.428,0.872,0.338,0.774,0.928,-0.017,0.301,0.854,0.851,0.412,0.169,0.821,0.323,-0.13,0.611,0.685,0.936,0.713,0.933,0.866,0.893,0.844,0.936,-0.492,0.78,0.684,0.893,0.881,0.853,0.807,0.757,0.634,0.147,0.201,0.944,0.685,0.799,-0.14,0.946,0.224,0.867,0.87,0.527,0.8,-0.061,0.884,0.929,-0.058,0.553,0.561,-0.145,0.866,0.821,0.741,0.193,0.864,0.916,-0.407,0.727,0.919,0.962,0.779,0.386,0.741,0.867,-0.376,0.925,0.036,0.898,0.758,0.142,0.554,0.802,0.888,0.732,0.501,0.586,0.339,0.374,0.828,0.775,0.532,0.896,0.352,0.896,0.933,0.044,0.08,-0.058,-0.125,0.58,0.902,-0.326,0.705,0.966,0.88,0.814,-0.309,0.744,-0.124,0.824,0.247,0.708,0.608,0.862,0.741,0.877,0.052,0.416,-0.014
000338SZ,0.63,0.697,0.818,0.713,0.819,1.0,0.907,0.353,0.729,0.821,0.928,0.789,0.184,0.72,0.851,0.691,0.662,0.75,0.828,0.822,0.564,0.596,0.613,0.827,0.823,0.087,0.721,0.306,0.719,0.659,0.661,0.913,0.332,0.073,0.619,0.881,0.689,0.572,0.689,0.791,-0.286,0.647,0.706,0.467,0.793,0.706,0.697,0.584,0.482,0.11,0.247,0.892,0.494,-0.223,0.769,0.692,-0.311,0.568,0.567,0.092,0.644,0.502,-0.157,0.815,0.188,0.71,0.598,0.144,0.62,0.759,0.824,0.786,0.727,0.475,0.281,0.794,0.633,-0.309,-0.051,0.316,0.359,0.647,0.806,0.815,0.505,0.779,0.687,0.493,0.796,0.811,0.572,0.448,0.636,0.749,0.816,0.79,0.56,0.772,0.717,0.574,-0.203,0.67,0.757,0.541,0.606,0.886,0.228,-0.137,0.875,0.069,0.734,0.804,0.36,0.174,0.858,0.768,0.261,0.325,0.898,0.457,-0.351,0.622,0.597,0.838,0.727,0.679,0.582,0.693,0.681,0.889,-0.129,0.597,0.366,0.845,0.723,0.666,0.866,0.649,0.702,0.532,-0.026,0.744,0.673,0.572,0.227,0.777,0.626,0.945,0.766,0.663,0.77,0.317,0.789,0.892,0.29,0.788,0.753,0.189,0.843,0.72,0.796,0.409,0.885,0.825,-0.043,0.62,0.845,0.838,0.808,0.634,0.557,0.79,-0.357,0.878,0.408,0.876,0.558,0.029,0.611,0.75,0.693,0.784,0.617,0.676,-0.097,0.39,0.622,0.585,0.548,0.628,0.696,0.784,0.868,0.391,-0.009,0.297,0.097,0.212,0.676,0.036,0.458,0.793,0.65,0.577,-0.156,0.735,-0.44,0.775,0.028,0.887,0.277,0.764,0.378,0.705,-0.142,0.675,-0.043
000538SZ,0.668,0.778,0.821,0.803,0.799,0.907,1.0,0.159,0.641,0.846,0.953,0.784,0.155,0.781,0.885,0.773,0.713,0.803,0.894,0.835,0.465,0.687,0.758,0.755,0.828,0.28,0.822,0.238,0.649,0.625,0.518,0.952,0.251,0.025,0.555,0.863,0.539,0.632,0.625,0.757,-0.43,0.571,0.805,0.383,0.799,0.623,0.703,0.449,0.528,0.147,0.112,0.935,0.237,-0.297,0.836,0.645,-0.394,0.475,0.549,0.062,0.646,0.523,-0.095,0.784,0.107,0.604,0.464,0.251,0.61,0.652,0.86,0.858,0.694,0.433,0.321,0.742,0.721,-0.359,-0.09,0.462,0.348,0.541,0.888,0.807,0.378,0.881,0.789,0.492,0.808,0.79,0.505,0.668,0.807,0.719,0.854,0.829,0.591,0.79,0.784,0.738,-0.184,0.632,0.674,0.459,0.586,0.846,0.332,-0.07,0.884,0.136,0.766,0.835,0.48,0.212,0.893,0.792,0.187,0.435,0.958,0.487,-0.42,0.615,0.518,0.801,0.842,0.66,0.514,0.716,0.638,0.852,-0.12,0.572,0.239,0.723,0.681,0.676,0.92,0.636,0.817,0.558,-0.23,0.681,0.617,0.612,0.353,0.724,0.673,0.905,0.823,0.82,0.803,0.432,0.835,0.885,0.443,0.83,0.842,0.345,0.886,0.667,0.824,0.634,0.894,0.817,-0.018,0.602,0.901,0.807,0.855,0.684,0.527,0.87,-0.443,0.881,0.332,0.875,0.598,-0.117,0.665,0.754,0.703,0.869,0.581,0.74,-0.142,0.602,0.478,0.606,0.525,0.587,0.711,0.839,0.835,0.552,0.009,0.436,0.324,0.088,0.627,0.066,0.299,0.777,0.564,0.434,-0.144,0.751,-0.385,0.656,-0.178,0.914,0.164,0.761,0.282,0.698,-0.205,0.781,-0.185
000568SZ,-0.047,-0.101,0.403,0.219,0.548,0.353,0.159,1.0,0.643,0.299,0.303,0.456,0.461,0.264,0.366,0.102,0.248,0.282,0.205,0.142,0.832,-0.225,-0.092,0.599,0.416,-0.586,0.04,0.631,0.5,0.541,0.687,0.264,0.741,0.488,0.545,0.452,0.667,0.453,0.643,0.508,0.643,0.749,0.105,0.566,0.294,0.498,0.252,0.76,0.368,-0.184,0.324,0.36,0.717,0.32,0.086,0.59,0.29,0.711,0.423,0.25,0.454,0.33,-0.202,0.541,0.619,0.661,0.805,-0.428,0.479,0.627,0.021,0.109,0.575,0.579,-0.295,0.427,0.223,-0.197,0.228,-0.489,0.489,0.752,0.162,0.451,0.673,0.018,-0.225,0.361,0.331,0.377,0.523,-0.305,-0.324,0.576,0.447,0.182,-0.124,0.325,0.274,-0.261,0.253,0.579,0.684,0.778,0.533,0.447,-0.545,-0.292,0.257,0.463,0.412,0.391,-0.262,0.352,0.202,0.272,0.471,-0.048,0.147,0.324,0.396,0.194,0.68,0.509,0.111,0.475,0.672,0.42,0.532,0.491,-0.442,0.428,0.9,0.611,0.549,0.592,0.163,0.332,0.021,-0.149,0.801,0.555,0.561,0.376,-0.546,0.623,-0.195,0.314,0.395,-0.127,0.233,-0.459,0.266,0.488,-0.511,0.06,-0.016,-0.457,0.247,0.543,0.172,-0.533,0.275,0.447,-0.231,0.339,0.338,0.461,0.136,-0.182,0.542,0.251,0.148,0.373,0.104,0.351,0.323,0.622,0.06,0.261,0.557,0.114,0.308,-0.023,0.545,-0.286,0.72,0.378,0.325,0.621,-0.116,0.28,0.48,-0.465,0.343,-0.477,-0.604,0.726,0.685,-0.303,0.726,0.541,0.727,0.846,-0.044,0.232,0.203,0.737,0.763,0.099,0.789,0.375,0.724,0.403,0.533,-0.216,0.496
000596SZ,0.046,0.263,0.771,0.68,0.893,0.729,0.641,0.643,1.0,0.825,0.735,0.927,0.302,0.82,0.766,0.55,0.359,0.497,0.774,0.671,0.836,0.191,0.399,0.928,0.9,-0.47,0.636,0.637,0.821,0.926,0.927,0.715,0.814,0.538,0.405,0.873,0.646,0.556,0.972,0.953,0.0,0.872,0.302,0.85,0.605,0.921,0.543,0.932,0.391,-0.452,-0.163,0.691,0.605,-0.391,0.407,0.946,-0.45,0.629,0.862,-0.257,0.723,0.227,-0.613,0.877,0.727,0.953,0.644,-0.477,0.918,0.969,0.433,0.466,0.958,0.297,-0.299,0.852,0.661,-0.614,-0.376,-0.248,0.238,0.757,0.779,0.918,0.905,0.627,0.388,0.359,0.869,0.91,0.874,0.34,0.259,0.639,0.683,0.439,0.105,0.875,0.528,0.078,-0.231,0.926,0.858,0.737,0.887,0.908,-0.378,-0.654,0.837,0.277,0.581,0.877,-0.241,0.013,0.817,0.859,0.668,-0.178,0.645,0.13,-0.145,0.767,0.739,0.9,0.636,0.886,0.922,0.804,0.938,0.882,-0.668,0.899,0.789,0.942,0.936,0.713,0.687,0.854,0.563,0.002,0.307,0.945,0.553,0.609,-0.231,0.933,0.042,0.816,0.765,0.378,0.805,-0.199,0.86,0.812,-0.254,0.401,0.298,-0.405,0.823,0.908,0.721,-0.013,0.824,0.916,-0.54,0.865,0.804,0.925,0.743,0.371,0.868,0.63,-0.552,0.877,0.107,0.874,0.54,0.056,0.602,0.87,0.867,0.7,0.342,0.638,0.406,0.283,0.94,0.523,0.27,0.952,0.27,0.751,0.867,-0.129,-0.005,-0.265,-0.313,0.565,0.916,-0.524,0.891,0.905,0.966,0.821,-0.586,0.517,-0.268,0.862,0.263,0.593,0.638,0.909,0.803,0.932,0.004,0.263,-0.129
000617SZ,0.359,0.532,0.871,0.84,0.856,0.821,0.846,0.299,0.825,1.0,0.872,0.95,0.288,0.936,0.942,0.76,0.507,0.653,0.951,0.81,0.639,0.491,0.749,0.865,0.939,-0.032,0.888,0.545,0.738,0.849,0.714,0.865,0.586,0.372,0.342,0.927,0.455,0.636,0.857,0.913,-0.334,0.749,0.499,0.652,0.686,0.859,0.613,0.669,0.469,-0.253,-0.212,0.865,0.311,-0.485,0.643,0.807,-0.53,0.407,0.868,-0.273,0.698,0.269,-0.526,0.832,0.475,0.813,0.489,-0.176,0.855,0.847,0.657,0.726,0.885,0.241,-0.066,0.862,0.741,-0.533,-0.385,0.085,0.172,0.559,0.957,0.96,0.685,0.886,0.697,0.458,0.922,0.971,0.821,0.723,0.644,0.633,0.765,0.598,0.353,0.961,0.639,0.477,-0.102,0.874,0.732,0.53,0.837,0.924,-0.022,-0.477,0.926,0.333,0.657,0.925,0.077,0.078,0.944,0.966,0.56,0.128,0.833,0.267,-0.201,0.826,0.64,0.854,0.848,0.824,0.773,0.866,0.904,0.867,-0.47,0.867,0.494,0.89,0.906,0.763,0.878,0.903,0.864,0.264,-0.034,0.841,0.512,0.618,0.178,0.835,0.357,0.881,0.889,0.75,0.935,0.171,0.952,0.891,0.192,0.612,0.592,0.007,0.945,0.88,0.901,0.455,0.906,0.936,-0.437,0.81,0.892,0.912,0.887,0.633,0.831,0.782,-0.647,0.925,0.233,0.961,0.587,-0.204,0.772,0.899,0.881,0.925,0.407,0.825,0.172,0.671,0.727,0.509,0.401,0.807,0.479,0.835,0.905,0.306,0.129,0.141,0.145,0.32,0.809,-0.347,0.604,0.831,0.798,0.56,-0.464,0.57,-0.351,0.751,-0.08,0.748,0.348,0.953,0.53,0.907,-0.232,0.505,-0.346
000625SZ,0.578,0.699,0.904,0.869,0.897,0.928,0.953,0.303,0.735,0.872,1.0,0.85,0.212,0.781,0.927,0.735,0.768,0.79,0.896,0.772,0.611,0.541,0.658,0.849,0.851,0.104,0.823,0.355,0.73,0.693,0.646,0.965,0.381,0.164,0.653,0.912,0.654,0.688,0.702,0.824,-0.264,0.686,0.756,0.523,0.869,0.675,0.783,0.595,0.615,0.057,0.137,0.948,0.329,-0.221,0.757,0.751,-0.304,0.615,0.6,0.109,0.754,0.57,-0.136,0.848,0.243,0.702,0.528,0.097,0.677,0.759,0.819,0.815,0.792,0.527,0.187,0.767,0.726,-0.412,-0.068,0.279,0.436,0.671,0.895,0.863,0.511,0.83,0.678,0.598,0.823,0.841,0.559,0.581,0.7,0.796,0.926,0.792,0.507,0.821,0.856,0.581,-0.134,0.736,0.803,0.622,0.663,0.901,0.159,-0.145,0.897,0.213,0.826,0.873,0.34,0.306,0.893,0.832,0.227,0.413,0.955,0.425,-0.302,0.582,0.548,0.871,0.806,0.774,0.629,0.782,0.705,0.908,-0.221,0.625,0.383,0.803,0.756,0.767,0.905,0.661,0.756,0.457,-0.051,0.791,0.689,0.745,0.171,0.83,0.55,0.925,0.858,0.728,0.809,0.263,0.869,0.945,0.284,0.761,0.816,0.21,0.897,0.725,0.813,0.479,0.908,0.863,-0.129,0.642,0.94,0.887,0.833,0.579,0.594,0.921,-0.386,0.941,0.237,0.908,0.73,0.024,0.614,0.76,0.779,0.83,0.564,0.674,0.003,0.502,0.611,0.747,0.613,0.684,0.597,0.911,0.899,0.378,0.029,0.282,0.163,0.297,0.743,-0.063,0.448,0.866,0.669,0.581,-0.163,0.808,-0.289,0.747,0.003,0.866,0.334,0.805,0.445,0.759,-0.109,0.661,-0.064
000651SZ,0.217,0.426,0.881,0.851,0.928,0.789,0.784,0.456,0.927,0.95,0.85,1.0,0.316,0.929,0.909,0.684,0.491,0.599,0.92,0.73,0.768,0.343,0.619,0.94,0.954,-0.23,0.835,0.617,0.788,0.921,0.828,0.826,0.733,0.51,0.41,0.942,0.538,0.65,0.937,0.963,-0.169,0.846,0.415,0.797,0.705,0.908,0.636,0.815,0.485,-0.381,-0.218,0.802,0.412,-0.446,0.527,0.914,-0.484,0.523,0.899,-0.275,0.799,0.295,-0.576,0.889,0.635,0.91,0.562,-0.322,0.931,0.937,0.571,0.607,0.964,0.294,-0.218,0.889,0.734,-0.608,-0.391,-0.068,0.234,0.665,0.928,0.978,0.816,0.807,0.554,0.466,0.921,0.975,0.869,0.604,0.484,0.675,0.775,0.536,0.221,0.964,0.647,0.305,-0.129,0.945,0.829,0.658,0.897,0.947,-0.227,-0.589,0.903,0.351,0.687,0.955,-0.099,0.082,0.908,0.963,0.63,-0.006,0.789,0.231,-0.14,0.795,0.717,0.921,0.785,0.913,0.884,0.905,0.943,0.889,-0.596,0.916,0.655,0.931,0.954,0.803,0.839,0.908,0.759,0.125,0.122,0.931,0.572,0.691,-0.037,0.922,0.187,0.879,0.869,0.618,0.914,-0.027,0.965,0.88,-0.0,0.515,0.486,-0.189,0.935,0.915,0.852,0.276,0.878,0.969,-0.544,0.859,0.904,0.968,0.858,0.525,0.881,0.783,-0.606,0.94,0.096,0.96,0.65,-0.089,0.708,0.901,0.916,0.854,0.379,0.742,0.338,0.546,0.86,0.587,0.39,0.92,0.354,0.861,0.923,0.105,0.091,-0.04,-0.045,0.482,0.902,-0.454,0.752,0.915,0.907,0.693,-0.517,0.58,-0.258,0.802,0.071,0.675,0.514,0.972,0.714,0.958,-0.1,0.406,-0.269
000661SZ,0.078,-0.291,0.476,0.235,0.292,0.184,0.155,0.461,0.302,0.288,0.212,0.316,1.0,0.25,0.436,-0.024,0.057,0.047,0.152,-0.017,0.608,-0.284,0.035,0.367,0.227,-0.241,0.076,0.779,0.455,0.166,0.431,0.19,0.411,0.626,0.135,0.371,0.102,0.203,0.379,0.356,0.321,0.59,0.142,0.342,0.314,0.239,0.346,0.289,0.548,-0.331,-0.012,0.347,0.183,0.322,-0.099,0.343,0.161,0.323,0.266,0.043,0.111,-0.032,-0.226,0.077,0.44,0.387,0.303,-0.199,0.361,0.406,-0.211,0.1,0.36,0.451,-0.392,0.076,-0.125,0.007,0.005,-0.326,0.501,0.524,0.152,0.251,0.22,-0.029,-0.259,0.593,0.04,0.236,0.261,0.026,-0.235,0.39,0.358,-0.18,-0.309,0.189,0.185,0.025,0.616,0.455,0.395,0.496,0.532,0.266,-0.393,-0.186,0.075,0.722,0.524,0.17,-0.151,0.522,0.104,0.286,0.475,0.26,0.103,0.133,0.359,0.022,0.109,0.145,-0.082,0.283,0.495,0.363,0.333,0.138,-0.077,0.185,0.52,0.353,0.4,0.593,0.212,0.385,0.029,-0.302,0.471,0.245,0.486,0.405,-0.389,0.451,-0.195,0.061,0.176,-0.019,0.031,-0.433,0.208,0.233,-0.309,-0.209,-0.068,-0.317,0.096,0.169,-0.01,-0.259,0.111,0.232,-0.299,0.029,0.145,0.262,-0.093,-0.314,0.255,0.111,-0.081,0.259,-0.048,0.224,0.381,0.498,-0.2,0.016,0.291,0.068,-0.203,-0.163,0.442,-0.069,0.392,0.274,0.158,0.268,-0.354,0.181,0.281,-0.319,0.286,-0.363,-0.354,0.563,0.472,-0.353,0.373,0.362,0.415,0.292,-0.018,0.035,0.281,0.428,0.381,-0.114,0.615,0.242,0.156,0.286,0.53,-0.286,0.218
000708SZ,0.272,0.485,0.759,0.763,0.817,0.72,0.781,0.264,0.82,0.936,0.781,0.929,0.25,1.0,0.875,0.664,0.371,0.599,0.939,0.759,0.592,0.482,0.76,0.818,0.941,-0.041,0.856,0.499,0.651,0.868,0.676,0.788,0.604,0.402,0.242,0.883,0.377,0.616,0.858,0.906,-0.374,0.703,0.404,0.629,0.628,0.886,0.548,0.666,0.377,-0.338,-0.32,0.752,0.253,-0.591,0.601,0.794,-0.582,0.293,0.896,-0.385,0.652,0.175,-0.593,0.794,0.481,0.819,0.433,-0.211,0.878,0.826,0.578,0.631,0.849,0.16,-0.135,0.862,0.709,-0.599,-0.441,0.091,0.07,0.459,0.934,0.922,0.669,0.876,0.664,0.34,0.912,0.936,0.861,0.732,0.614,0.562,0.662,0.537,0.287,0.942,0.5,0.452,-0.203,0.847,0.649,0.462,0.817,0.875,-0.063,-0.569,0.898,0.322,0.582,0.919,0.001,-0.058,0.906,0.929,0.658,-0.016,0.751,0.235,-0.253,0.856,0.643,0.796,0.84,0.796,0.775,0.867,0.905,0.791,-0.547,0.901,0.495,0.841,0.899,0.703,0.827,0.927,0.841,0.203,-0.12,0.806,0.493,0.502,0.189,0.802,0.289,0.825,0.854,0.743,0.921,0.151,0.942,0.796,0.177,0.558,0.455,-0.049,0.918,0.865,0.886,0.464,0.837,0.897,-0.499,0.799,0.85,0.877,0.871,0.651,0.841,0.698,-0.705,0.851,0.188,0.911,0.462,-0.314,0.772,0.9,0.828,0.918,0.381,0.819,0.194,0.707,0.72,0.396,0.238,0.824,0.43,0.739,0.81,0.281,0.083,0.127,0.163,0.274,0.784,-0.399,0.59,0.803,0.809,0.5,-0.542,0.479,-0.401,0.696,-0.164,0.684,0.301,0.919,0.552,0.899,-0.26,0.513,-0.471
000725SZ,0.499,0.551,0.935,0.878,0.887,0.851,0.885,0.366,0.766,0.942,0.927,0.909,0.436,0.875,1.0,0.721,0.655,0.719,0.917,0.717,0.709,0.449,0.712,0.872,0.891,0.044,0.856,0.559,0.736,0.763,0.684,0.911,0.533,0.385,0.515,0.95,0.537,0.717,0.798,0.878,-0.205,0.795,0.635,0.606,0.812,0.756,0.741,0.631,0.665,-0.127,-0.02,0.934,0.271,-0.243,0.66,0.788,-0.312,0.519,0.75,-0.042,0.735,0.445,-0.331,0.804,0.408,0.778,0.542,-0.033,0.793,0.819,0.672,0.758,0.852,0.488,-0.013,0.794,0.669,-0.438,-0.154,0.152,0.396,0.654,0.91,0.907,0.584,0.823,0.6,0.646,0.822,0.892,0.71,0.662,0.621,0.785,0.88,0.651,0.349,0.879,0.755,0.552,0.073,0.842,0.785,0.635,0.788,0.904,0.004,-0.312,0.859,0.47,0.821,0.897,0.194,0.332,0.877,0.891,0.46,0.351,0.866,0.415,-0.117,0.647,0.614,0.83,0.787,0.805,0.76,0.886,0.817,0.847,-0.324,0.736,0.516,0.859,0.857,0.874,0.884,0.809,0.804,0.292,0.037,0.802,0.706,0.724,0.121,0.861,0.412,0.851,0.874,0.737,0.834,0.149,0.896,0.918,0.211,0.625,0.675,0.092,0.888,0.786,0.817,0.439,0.848,0.884,-0.334,0.654,0.9,0.891,0.795,0.531,0.724,0.853,-0.459,0.912,0.196,0.916,0.703,0.002,0.624,0.764,0.843,0.85,0.464,0.664,0.197,0.59,0.687,0.648,0.534,0.755,0.433,0.856,0.898,0.302,0.204,0.173,0.141,0.404,0.815,-0.221,0.525,0.866,0.767,0.583,-0.235,0.654,-0.195,0.767,0.032,0.731,0.421,0.862,0.488,0.829,-0.035,0.514,-0.158
000768SZ,0.424,0.667,0.646,0.707,0.621,0.691,0.773,0.102,0.55,0.76,0.735,0.684,-0.024,0.664,0.721,1.0,0.575,0.674,0.785,0.759,0.34,0.647,0.753,0.605,0.746,0.249,0.786,0.195,0.454,0.617,0.375,0.764,0.335,0.061,0.378,0.706,0.345,0.588,0.566,0.631,-0.362,0.448,0.564,0.457,0.53,0.595,0.453,0.375,0.323,0.074,-0.06,0.736,0.13,-0.378,0.706,0.528,-0.438,0.26,0.59,-0.087,0.611,0.406,-0.231,0.671,0.232,0.505,0.402,0.139,0.586,0.53,0.769,0.713,0.603,0.157,0.229,0.738,0.742,-0.297,-0.21,0.371,0.061,0.346,0.765,0.726,0.434,0.805,0.754,0.191,0.771,0.725,0.541,0.68,0.745,0.473,0.596,0.685,0.514,0.732,0.599,0.596,-0.108,0.558,0.504,0.257,0.486,0.715,0.233,-0.168,0.751,0.106,0.465,0.758,0.326,0.063,0.785,0.715,0.229,0.252,0.766,0.36,-0.179,0.633,0.592,0.708,0.815,0.56,0.447,0.635,0.609,0.711,-0.214,0.598,0.219,0.633,0.591,0.508,0.691,0.578,0.83,0.446,-0.145,0.574,0.398,0.439,0.381,0.532,0.529,0.746,0.702,0.731,0.791,0.423,0.72,0.726,0.375,0.671,0.678,0.273,0.785,0.68,0.784,0.582,0.757,0.704,-0.14,0.647,0.73,0.677,0.817,0.695,0.598,0.73,-0.416,0.736,0.251,0.759,0.422,-0.308,0.764,0.726,0.685,0.782,0.469,0.775,0.013,0.682,0.411,0.395,0.437,0.55,0.62,0.72,0.706,0.512,0.171,0.379,0.382,-0.003,0.488,0.04,0.278,0.566,0.483,0.357,-0.164,0.577,-0.267,0.483,-0.21,0.755,0.038,0.713,0.325,0.645,-0.365,0.631,-0.309
000776SZ,0.659,0.726,0.693,0.748,0.655,0.662,0.713,0.248,0.359,0.507,0.768,0.491,0.057,0.371,0.655,0.575,1.0,0.796,0.595,0.429,0.43,0.423,0.453,0.547,0.495,0.287,0.634,0.054,0.334,0.388,0.261,0.719,0.131,-0.058,0.759,0.593,0.568,0.752,0.333,0.418,-0.006,0.45,0.764,0.223,0.696,0.221,0.614,0.28,0.595,0.402,0.433,0.726,0.088,0.175,0.632,0.411,0.165,0.595,0.203,0.547,0.747,0.895,0.288,0.641,-0.003,0.318,0.445,0.358,0.283,0.386,0.739,0.643,0.471,0.67,0.352,0.43,0.601,-0.22,0.387,0.37,0.607,0.513,0.571,0.52,0.224,0.574,0.422,0.57,0.477,0.446,0.18,0.343,0.564,0.756,0.833,0.805,0.54,0.449,0.902,0.52,0.136,0.373,0.584,0.506,0.248,0.532,0.241,0.243,0.512,0.199,0.708,0.594,0.491,0.532,0.521,0.43,-0.189,0.641,0.726,0.584,-0.07,0.137,0.459,0.622,0.61,0.487,0.314,0.513,0.306,0.623,-0.017,0.231,0.228,0.445,0.368,0.661,0.651,0.188,0.521,0.512,-0.012,0.485,0.641,0.673,0.135,0.519,0.53,0.599,0.644,0.599,0.48,0.299,0.507,0.734,0.371,0.687,0.866,0.445,0.595,0.392,0.514,0.406,0.559,0.529,0.147,0.289,0.73,0.554,0.539,0.369,0.285,0.885,0.15,0.591,0.106,0.56,0.719,0.243,0.361,0.351,0.542,0.512,0.679,0.327,-0.025,0.331,0.273,0.761,0.829,0.406,0.476,0.751,0.616,0.382,0.259,0.415,0.29,0.231,0.456,0.271,0.088,0.597,0.328,0.437,0.317,0.744,0.092,0.489,0.12,0.634,0.201,0.41,0.29,0.355,0.13,0.526,0.242
000786SZ,0.725,0.869,0.647,0.625,0.651,0.75,0.803,0.282,0.497,0.653,0.79,0.599,0.047,0.599,0.719,0.674,0.796,1.0,0.746,0.709,0.372,0.714,0.71,0.574,0.66,0.376,0.678,0.089,0.308,0.54,0.286,0.741,0.197,-0.164,0.596,0.65,0.535,0.858,0.485,0.538,-0.272,0.454,0.785,0.191,0.613,0.461,0.473,0.338,0.327,0.414,0.329,0.777,0.258,-0.106,0.875,0.42,-0.061,0.427,0.391,0.36,0.63,0.684,0.078,0.741,-0.003,0.416,0.603,0.355,0.376,0.467,0.83,0.791,0.516,0.475,0.499,0.586,0.745,-0.311,0.217,0.449,0.405,0.407,0.679,0.625,0.31,0.775,0.646,0.284,0.69,0.587,0.4,0.424,0.699,0.645,0.761,0.887,0.764,0.585,0.699,0.672,-0.061,0.448,0.532,0.359,0.35,0.609,0.372,0.143,0.672,0.131,0.574,0.678,0.602,0.203,0.664,0.544,0.079,0.493,0.739,0.634,-0.204,0.436,0.615,0.678,0.829,0.417,0.348,0.526,0.479,0.691,-0.15,0.44,0.267,0.58,0.493,0.595,0.714,0.384,0.731,0.733,-0.139,0.492,0.589,0.406,0.396,0.544,0.713,0.708,0.778,0.796,0.694,0.518,0.629,0.797,0.508,0.86,0.847,0.496,0.739,0.606,0.745,0.532,0.695,0.625,0.194,0.489,0.786,0.605,0.709,0.655,0.513,0.776,-0.11,0.659,0.486,0.689,0.417,-0.02,0.65,0.57,0.61,0.742,0.79,0.596,-0.216,0.519,0.343,0.469,0.639,0.48,0.706,0.675,0.617,0.569,0.3,0.567,0.428,0.01,0.496,0.24,0.155,0.603,0.451,0.395,0.103,0.679,-0.318,0.675,-0.081,0.763,0.047,0.556,0.264,0.451,-0.093,0.679,-0.023
000800SZ,0.442,0.674,0.844,0.872,0.852,0.828,0.894,0.205,0.774,0.951,0.896,0.92,0.152,0.939,0.917,0.785,0.595,0.746,1.0,0.815,0.552,0.592,0.801,0.838,0.937,0.108,0.94,0.367,0.632,0.827,0.61,0.883,0.483,0.252,0.387,0.909,0.437,0.706,0.789,0.863,-0.417,0.669,0.581,0.581,0.713,0.799,0.62,0.594,0.432,-0.144,-0.177,0.843,0.216,-0.521,0.713,0.759,-0.522,0.371,0.802,-0.211,0.763,0.387,-0.416,0.858,0.362,0.746,0.449,-0.021,0.807,0.783,0.752,0.751,0.833,0.251,0.045,0.863,0.789,-0.579,-0.321,0.254,0.183,0.479,0.979,0.927,0.603,0.951,0.763,0.405,0.93,0.93,0.756,0.764,0.749,0.642,0.779,0.71,0.455,0.941,0.693,0.583,-0.195,0.792,0.682,0.461,0.734,0.894,0.086,-0.395,0.929,0.242,0.661,0.944,0.183,0.037,0.946,0.929,0.452,0.166,0.877,0.345,-0.316,0.791,0.654,0.855,0.918,0.796,0.695,0.848,0.832,0.85,-0.433,0.822,0.401,0.826,0.837,0.727,0.917,0.826,0.901,0.374,-0.182,0.803,0.554,0.608,0.266,0.793,0.454,0.904,0.887,0.843,0.946,0.283,0.961,0.884,0.326,0.705,0.683,0.134,0.976,0.837,0.928,0.574,0.898,0.919,-0.354,0.791,0.934,0.894,0.935,0.733,0.775,0.853,-0.596,0.908,0.208,0.952,0.59,-0.276,0.803,0.892,0.838,0.954,0.518,0.85,0.082,0.736,0.645,0.536,0.434,0.779,0.574,0.868,0.861,0.417,0.091,0.293,0.28,0.21,0.743,-0.21,0.48,0.829,0.727,0.487,-0.386,0.642,-0.378,0.693,-0.192,0.81,0.22,0.911,0.497,0.864,-0.27,0.64,-0.396
000807SZ,0.489,0.702,0.596,0.573,0.659,0.822,0.835,0.142,0.671,0.81,0.772,0.73,-0.017,0.759,0.717,0.759,0.429,0.709,0.815,1.0,0.313,0.766,0.736,0.64,0.812,0.156,0.735,0.194,0.585,0.687,0.502,0.793,0.297,-0.077,0.295,0.731,0.457,0.481,0.656,0.73,-0.528,0.441,0.574,0.358,0.532,0.731,0.419,0.465,0.144,0.078,-0.004,0.748,0.397,-0.536,0.817,0.577,-0.604,0.263,0.627,-0.154,0.47,0.257,-0.313,0.765,0.152,0.599,0.475,0.102,0.588,0.621,0.803,0.747,0.642,0.082,0.347,0.783,0.739,-0.353,-0.306,0.366,-0.018,0.367,0.802,0.773,0.495,0.849,0.848,0.124,0.866,0.802,0.626,0.599,0.752,0.487,0.578,0.743,0.623,0.791,0.477,0.605,-0.386,0.585,0.513,0.27,0.551,0.787,0.361,-0.22,0.898,-0.087,0.421,0.752,0.372,-0.173,0.897,0.761,0.308,0.126,0.81,0.294,-0.452,0.805,0.557,0.742,0.819,0.533,0.47,0.562,0.685,0.809,-0.244,0.683,0.209,0.727,0.663,0.453,0.791,0.688,0.828,0.583,-0.235,0.64,0.344,0.293,0.484,0.601,0.643,0.854,0.75,0.735,0.857,0.523,0.767,0.759,0.373,0.803,0.651,0.244,0.844,0.742,0.864,0.548,0.918,0.774,-0.038,0.737,0.755,0.735,0.884,0.786,0.616,0.636,-0.59,0.789,0.585,0.832,0.252,-0.343,0.83,0.868,0.669,0.859,0.586,0.888,-0.21,0.582,0.489,0.268,0.27,0.582,0.825,0.644,0.765,0.546,-0.004,0.384,0.288,-0.093,0.51,-0.001,0.39,0.622,0.56,0.416,-0.387,0.572,-0.641,0.629,-0.235,0.884,0.026,0.779,0.271,0.691,-0.469,0.722,-0.328
000858SZ,0.038,0.027,0.767,0.632,0.827,0.564,0.465,0.832,0.836,0.639,0.611,0.768,0.608,0.592,0.709,0.34,0.43,0.372,0.552,0.313,1.0,-0.156,0.146,0.867,0.686,-0.544,0.427,0.779,0.775,0.744,0.875,0.584,0.824,0.713,0.543,0.776,0.653,0.563,0.852,0.796,0.401,0.958,0.277,0.796,0.599,0.679,0.584,0.869,0.668,-0.421,0.041,0.634,0.509,0.081,0.167,0.867,-0.015,0.783,0.675,0.041,0.701,0.367,-0.401,0.705,0.765,0.857,0.675,-0.466,0.794,0.871,0.185,0.308,0.863,0.62,-0.459,0.624,0.395,-0.453,-0.037,-0.41,0.549,0.891,0.547,0.751,0.782,0.327,0.008,0.644,0.57,0.69,0.692,0.118,-0.036,0.766,0.723,0.28,-0.147,0.648,0.573,-0.057,0.221,0.856,0.89,0.921,0.817,0.743,-0.58,-0.505,0.552,0.604,0.704,0.704,-0.299,0.441,0.535,0.647,0.568,0.051,0.467,0.249,0.208,0.406,0.658,0.735,0.355,0.825,0.921,0.761,0.772,0.713,-0.539,0.66,0.922,0.81,0.815,0.855,0.517,0.655,0.294,-0.211,0.609,0.828,0.696,0.737,-0.537,0.896,-0.167,0.566,0.635,0.151,0.501,-0.481,0.639,0.727,-0.431,0.155,0.191,-0.468,0.564,0.699,0.406,-0.265,0.558,0.735,-0.518,0.557,0.647,0.772,0.411,-0.032,0.703,0.574,-0.192,0.703,-0.109,0.662,0.685,0.484,0.22,0.529,0.788,0.409,0.245,0.227,0.644,0.028,0.875,0.661,0.412,0.842,-0.077,0.652,0.756,-0.373,0.211,-0.448,-0.504,0.842,0.917,-0.498,0.832,0.84,0.9,0.881,-0.252,0.438,0.182,0.814,0.584,0.312,0.874,0.686,0.788,0.748,0.444,-0.044,0.238
000876SZ,0.711,0.862,0.275,0.325,0.268,0.596,0.687,-0.225,0.191,0.491,0.541,0.343,-0.284,0.482,0.449,0.647,0.423,0.714,0.592,0.766,-0.156,1.0,0.822,0.218,0.481,0.664,0.578,-0.248,0.061,0.276,-0.036,0.547,-0.155,-0.513,0.212,0.378,0.175,0.404,0.184,0.287,-0.691,-0.001,0.577,-0.131,0.327,0.349,0.188,-0.028,-0.103,0.488,0.155,0.52,0.111,-0.424,0.898,0.067,-0.377,-0.117,0.238,0.018,0.241,0.308,0.047,0.441,-0.341,0.14,0.263,0.569,0.127,0.138,0.827,0.698,0.167,-0.035,0.747,0.48,0.588,-0.038,-0.031,0.757,-0.117,-0.095,0.545,0.384,-0.008,0.762,0.865,-0.131,0.556,0.415,0.233,0.564,0.856,0.21,0.336,0.749,0.861,0.442,0.29,0.815,-0.349,0.104,0.088,-0.198,0.083,0.396,0.747,0.22,0.574,-0.284,0.221,0.445,0.717,-0.26,0.576,0.392,0.006,0.281,0.621,0.489,-0.451,0.522,0.354,0.403,0.734,0.073,-0.042,0.225,0.245,0.431,0.106,0.281,-0.25,0.307,0.217,0.128,0.589,0.28,0.764,0.866,-0.579,0.166,0.182,-0.062,0.857,0.147,0.881,0.588,0.49,0.819,0.609,0.887,0.437,0.467,0.812,0.864,0.718,0.691,0.587,0.401,0.716,0.817,0.56,0.388,0.352,0.355,0.491,0.339,0.697,0.891,0.264,0.466,-0.305,0.416,0.682,0.509,-0.034,-0.526,0.725,0.511,0.28,0.71,0.621,0.728,-0.597,0.677,0.009,0.002,0.262,0.132,0.917,0.347,0.362,0.891,0.04,0.832,0.729,-0.551,0.062,0.43,-0.174,0.2,0.082,-0.071,0.013,0.404,-0.656,0.27,-0.557,0.762,-0.46,0.39,-0.15,0.231,-0.573,0.865,-0.394
000895SZ,0.564,0.73,0.54,0.598,0.476,0.613,0.758,-0.092,0.399,0.749,0.658,0.619,0.035,0.76,0.712,0.753,0.453,0.71,0.801,0.736,0.146,0.822,1.0,0.448,0.71,0.523,0.81,0.159,0.247,0.514,0.175,0.656,0.183,-0.071,0.165,0.612,0.102,0.616,0.46,0.546,-0.618,0.314,0.547,0.159,0.425,0.554,0.299,0.169,0.163,0.154,-0.154,0.672,0.016,-0.498,0.814,0.33,-0.449,-0.024,0.582,-0.191,0.425,0.248,-0.246,0.552,-0.002,0.403,0.286,0.292,0.474,0.393,0.723,0.742,0.456,0.038,0.359,0.63,0.69,-0.26,-0.236,0.51,-0.003,0.08,0.766,0.638,0.234,0.885,0.818,0.129,0.72,0.656,0.525,0.82,0.841,0.342,0.504,0.641,0.648,0.693,0.417,0.776,-0.093,0.451,0.263,0.028,0.443,0.586,0.419,-0.08,0.686,0.151,0.429,0.677,0.466,-0.09,0.725,0.673,0.331,0.272,0.702,0.431,-0.25,0.677,0.494,0.534,0.861,0.375,0.294,0.562,0.552,0.533,-0.196,0.565,0.027,0.515,0.535,0.468,0.726,0.603,0.918,0.591,-0.446,0.388,0.321,0.214,0.666,0.41,0.641,0.658,0.685,0.924,0.783,0.644,0.681,0.613,0.673,0.721,0.669,0.485,0.76,0.606,0.839,0.801,0.653,0.62,-0.066,0.532,0.673,0.553,0.794,0.83,0.566,0.612,-0.5,0.6,0.455,0.694,0.233,-0.511,0.791,0.657,0.554,0.882,0.461,0.813,-0.232,0.903,0.254,0.148,0.308,0.412,0.662,0.539,0.557,0.73,0.276,0.628,0.669,-0.214,0.395,0.054,0.061,0.431,0.361,0.074,-0.152,0.374,-0.461,0.426,-0.497,0.674,-0.185,0.637,0.097,0.519,-0.45,0.7,-0.527
000938SZ,0.249,0.373,0.897,0.812,0.946,0.827,0.755,0.599,0.928,0.865,0.849,0.94,0.367,0.818,0.872,0.605,0.547,0.574,0.838,0.64,0.867,0.218,0.448,1.0,0.9,-0.322,0.713,0.613,0.853,0.87,0.893,0.821,0.718,0.524,0.547,0.951,0.68,0.616,0.914,0.933,0.006,0.909,0.462,0.79,0.742,0.838,0.692,0.861,0.587,-0.326,-0.026,0.809,0.512,-0.248,0.46,0.935,-0.317,0.707,0.794,-0.105,0.804,0.402,-0.448,0.887,0.621,0.924,0.638,-0.303,0.888,0.956,0.533,0.583,0.955,0.483,-0.216,0.849,0.631,-0.545,-0.214,-0.104,0.413,0.813,0.831,0.93,0.796,0.679,0.431,0.592,0.836,0.903,0.79,0.406,0.353,0.785,0.83,0.549,0.16,0.876,0.709,0.239,-0.08,0.918,0.912,0.794,0.864,0.943,-0.287,-0.518,0.841,0.367,0.762,0.899,-0.095,0.23,0.834,0.872,0.54,0.06,0.766,0.291,-0.127,0.672,0.717,0.916,0.661,0.922,0.896,0.868,0.882,0.903,-0.492,0.811,0.736,0.941,0.918,0.832,0.809,0.811,0.606,0.096,0.282,0.937,0.695,0.76,-0.203,0.959,0.148,0.865,0.813,0.484,0.783,-0.142,0.887,0.894,-0.123,0.475,0.474,-0.244,0.852,0.857,0.719,0.103,0.833,0.927,-0.463,0.764,0.869,0.943,0.748,0.383,0.781,0.775,-0.44,0.921,0.057,0.909,0.723,0.164,0.527,0.8,0.876,0.725,0.436,0.587,0.379,0.314,0.884,0.683,0.483,0.899,0.305,0.855,0.919,-0.028,0.046,-0.139,-0.238,0.617,0.931,-0.384,0.779,0.945,0.914,0.812,-0.401,0.616,-0.163,0.85,0.293,0.659,0.638,0.895,0.743,0.905,0.111,0.343,-0.021
000963SZ,0.295,0.522,0.819,0.79,0.886,0.823,0.828,0.416,0.9,0.939,0.851,0.954,0.227,0.941,0.891,0.746,0.495,0.66,0.937,0.812,0.686,0.481,0.71,0.9,1.0,-0.108,0.843,0.513,0.742,0.91,0.768,0.853,0.662,0.378,0.412,0.937,0.542,0.667,0.908,0.946,-0.257,0.779,0.51,0.691,0.666,0.905,0.577,0.754,0.42,-0.251,-0.166,0.828,0.418,-0.486,0.646,0.863,-0.52,0.481,0.885,-0.254,0.737,0.321,-0.508,0.889,0.51,0.888,0.58,-0.193,0.897,0.887,0.66,0.688,0.911,0.278,-0.075,0.928,0.777,-0.56,-0.344,0.091,0.207,0.614,0.923,0.966,0.745,0.852,0.66,0.374,0.961,0.96,0.872,0.627,0.586,0.661,0.749,0.633,0.339,0.959,0.606,0.424,-0.201,0.884,0.762,0.582,0.845,0.943,-0.075,-0.51,0.935,0.294,0.659,0.959,0.04,0.023,0.94,0.931,0.608,0.019,0.815,0.317,-0.246,0.855,0.758,0.901,0.847,0.844,0.811,0.874,0.932,0.901,-0.53,0.9,0.58,0.921,0.935,0.746,0.848,0.893,0.817,0.237,0.017,0.878,0.602,0.576,0.116,0.878,0.318,0.91,0.869,0.685,0.929,0.134,0.936,0.884,0.102,0.624,0.525,-0.077,0.948,0.921,0.891,0.356,0.905,0.954,-0.42,0.847,0.903,0.929,0.902,0.645,0.857,0.767,-0.608,0.92,0.24,0.953,0.535,-0.162,0.769,0.924,0.884,0.896,0.47,0.82,0.229,0.595,0.787,0.489,0.345,0.881,0.495,0.807,0.902,0.227,0.094,0.075,0.062,0.34,0.85,-0.314,0.663,0.875,0.863,0.653,-0.481,0.572,-0.357,0.792,-0.005,0.767,0.393,0.943,0.638,0.924,-0.173,0.549,-0.3
000999SZ,0.661,0.611,-0.083,0.014,-0.245,0.087,0.28,-0.586,-0.47,-0.032,0.104,-0.23,-0.241,-0.041,0.044,0.249,0.287,0.376,0.108,0.156,-0.544,0.664,0.523,-0.322,-0.108,1.0,0.204,-0.511,-0.439,-0.35,-0.624,0.113,-0.653,-0.656,-0.013,-0.122,-0.294,0.168,-0.43,-0.311,-0.573,-0.425,0.483,-0.625,0.031,-0.342,-0.039,-0.644,-0.064,0.713,0.212,0.131,-0.466,-0.002,0.517,-0.479,0.073,-0.395,-0.316,0.27,-0.155,0.254,0.508,-0.178,-0.732,-0.467,-0.239,0.88,-0.399,-0.45,0.441,0.401,-0.405,-0.018,0.754,-0.129,0.072,0.271,0.292,0.842,-0.003,-0.452,0.055,-0.203,-0.632,0.298,0.453,-0.09,-0.077,-0.192,-0.358,0.392,0.619,-0.087,0.022,0.393,0.62,-0.141,0.099,0.793,0.07,-0.404,-0.405,-0.53,-0.418,-0.201,0.832,0.646,-0.039,-0.149,0.025,-0.096,0.833,0.029,-0.002,-0.149,-0.426,0.564,0.215,0.453,-0.246,-0.137,-0.166,-0.214,0.281,-0.403,-0.549,-0.16,-0.35,-0.178,0.546,-0.344,-0.659,-0.302,-0.34,-0.153,0.157,-0.262,0.336,0.685,-0.713,-0.435,0.011,-0.227,0.804,-0.369,0.73,0.006,-0.006,0.557,0.015,0.82,-0.1,-0.033,0.901,0.471,0.519,0.896,0.032,-0.257,0.153,0.771,-0.043,-0.193,0.587,-0.295,0.027,-0.243,0.117,0.478,-0.321,0.138,0.134,-0.134,0.364,-0.081,-0.165,-0.377,0.172,-0.16,-0.267,0.199,0.285,0.162,-0.671,0.498,-0.6,-0.163,0.161,-0.46,0.496,-0.057,-0.185,0.851,0.18,0.901,0.887,-0.69,-0.424,0.705,-0.768,-0.275,-0.504,-0.588,0.516,0.112,-0.203,-0.267,-0.645,0.262,-0.733,-0.233,-0.636,-0.346,-0.339,0.569,-0.244
001965SZ,0.41,0.67,0.794,0.897,0.757,0.721,0.822,0.04,0.636,0.888,0.823,0.835,0.076,0.856,0.856,0.786,0.634,0.678,0.94,0.735,0.427,0.578,0.81,0.713,0.843,0.204,1.0,0.28,0.497,0.742,0.455,0.816,0.392,0.226,0.29,0.813,0.284,0.671,0.671,0.745,-0.444,0.546,0.542,0.51,0.657,0.673,0.583,0.445,0.413,-0.13,-0.247,0.753,0.025,-0.537,0.642,0.649,-0.508,0.245,0.74,-0.22,0.76,0.415,-0.379,0.751,0.309,0.602,0.29,0.036,0.718,0.656,0.736,0.694,0.737,0.157,0.035,0.768,0.77,-0.528,-0.331,0.304,0.115,0.342,0.939,0.848,0.518,0.928,0.751,0.384,0.851,0.851,0.672,0.85,0.787,0.546,0.696,0.664,0.431,0.878,0.695,0.596,-0.127,0.708,0.561,0.331,0.622,0.783,0.128,-0.358,0.839,0.231,0.581,0.879,0.182,0.039,0.88,0.875,0.344,0.2,0.834,0.277,-0.268,0.709,0.566,0.758,0.888,0.727,0.589,0.799,0.736,0.736,-0.387,0.746,0.269,0.7,0.733,0.672,0.871,0.749,0.907,0.351,-0.283,0.71,0.442,0.596,0.328,0.66,0.435,0.807,0.81,0.856,0.901,0.328,0.895,0.785,0.395,0.649,0.69,0.207,0.918,0.728,0.881,0.653,0.808,0.835,-0.373,0.735,0.87,0.81,0.904,0.729,0.688,0.859,-0.546,0.813,0.091,0.865,0.598,-0.36,0.799,0.81,0.751,0.905,0.466,0.824,0.1,0.815,0.511,0.515,0.428,0.689,0.532,0.842,0.793,0.473,0.158,0.351,0.411,0.147,0.611,-0.151,0.341,0.726,0.591,0.353,-0.324,0.611,-0.26,0.51,-0.283,0.741,0.096,0.827,0.417,0.788,-0.329,0.615,-0.466
002001SZ,-0.171,-0.267,0.593,0.414,0.519,0.306,0.238,0.631,0.637,0.545,0.355,0.617,0.779,0.499,0.559,0.195,0.054,0.089,0.367,0.194,0.779,-0.248,0.159,0.613,0.513,-0.511,0.28,1.0,0.656,0.53,0.723,0.302,0.794,0.805,0.174,0.549,0.231,0.339,0.697,0.643,0.316,0.783,0.026,0.681,0.328,0.595,0.327,0.637,0.439,-0.567,-0.234,0.43,0.447,0.015,-0.024,0.636,-0.084,0.419,0.644,-0.231,0.329,-0.12,-0.562,0.395,0.76,0.701,0.466,-0.58,0.67,0.689,-0.114,0.138,0.679,0.28,-0.556,0.39,0.195,-0.215,-0.306,-0.585,0.34,0.639,0.386,0.561,0.65,0.175,-0.116,0.496,0.381,0.561,0.624,0.155,-0.18,0.402,0.429,-0.125,-0.274,0.511,0.241,-0.151,0.418,0.759,0.588,0.649,0.832,0.525,-0.614,-0.505,0.346,0.685,0.514,0.449,-0.402,0.315,0.368,0.584,0.722,-0.052,0.254,-0.013,0.392,0.381,0.398,0.443,0.163,0.583,0.753,0.557,0.683,0.407,-0.505,0.585,0.749,0.632,0.717,0.682,0.328,0.66,0.238,-0.352,0.608,0.572,0.397,0.515,-0.448,0.677,-0.328,0.299,0.428,0.046,0.37,-0.498,0.481,0.426,-0.444,-0.146,-0.06,-0.517,0.365,0.547,0.289,-0.297,0.368,0.54,-0.591,0.449,0.36,0.538,0.211,-0.147,0.647,0.242,-0.343,0.511,-0.031,0.487,0.462,0.333,0.133,0.373,0.62,0.312,-0.158,0.158,0.607,0.087,0.727,0.322,0.193,0.607,-0.285,0.379,0.554,-0.413,0.319,-0.512,-0.464,0.72,0.753,-0.682,0.753,0.555,0.718,0.568,-0.365,0.089,0.157,0.617,0.43,0.014,0.763,0.581,0.553,0.6,0.314,-0.293,0.075
