,000001SZ,000002SZ,000157SZ,000166SZ,000333SZ,000338SZ,000538SZ,000568SZ,000596SZ,000617SZ,000625SZ,000651SZ,000661SZ,000708SZ,000725SZ,000768SZ,000776SZ,000786SZ,000800SZ,000807SZ,000858SZ,000876SZ,000895SZ,000938SZ,000963SZ,000999SZ,001965SZ,002001SZ,002007SZ,002027SZ,002028SZ,002050SZ,002129SZ,002179SZ,002230SZ,002236SZ,002241SZ,002271SZ,002304SZ,002311SZ,002371SZ,002415SZ,002422SZ,002459SZ,002460SZ,002463SZ,002466SZ,002475SZ,002493SZ,002555SZ,002594SZ,002601SZ,002648SZ,002709SZ,002714SZ,002916SZ,002920SZ,002938SZ,003816SZ,300014SZ,300033SZ,300059SZ,300122SZ,300124SZ,300274SZ,300308SZ,300316SZ,300347SZ,300394SZ,300408SZ,300413SZ,300418SZ,300433SZ,300450SZ,300498SZ,300502SZ,300628SZ,300661SZ,300750SZ,300759SZ,300760SZ,300782SZ,600000SS,600010SS,600011SS,600015SS,600016SS,600018SS,600019SS,600023SS,600025SS,600026SS,600028SS,600029SS,600031SS,600036SS,600048SS,600050SS,600061SS,600085SS,600089SS,600104SS,600111SS,600115SS,600161SS,600183SS,600188SS,600196SS,600219SS,600233SS,600276SS,600309SS,600332SS,600346SS,600362SS,600377SS,600406SS,600415SS,600426SS,600436SS,600438SS,600489SS,600519SS,600570SS,600585SS,600588SS,600600SS,600660SS,600674SS,600741SS,600760SS,600795SS,600809SS,600875SS,600886SS,600887SS,600926SS,600989SS,601006SS,601009SS,601012SS,601021SS,601058SS,601066SS,601088SS,601100SS,601117SS,601138SS,601166SS,601169SS,601186SS,601225SS,601229SS,601238SS,601288SS,601318SS,601319SS,601328SS,601336SS,601360SS,601390SS,601398SS,601600SS,601601SS,601607SS,601618SS,601628SS,601633SS,601658SS,601668SS,601669SS,601688SS,601689SS,601698SS,601699SS,601766SS,601788SS,601799SS,601800SS,601808SS,601816SS,601818SS,601838SS,601857SS,601865SS,601872SS,601877SS,601878SS,601881SS,601888SS,601899SS,601901SS,601919SS,601939SS,601985SS,601988SS,601998SS,603019SS,603195SS,603259SS,603260SS,603288SS,603369SS,603501SS,603659SS,603799SS,603806SS,603833SS,603986SS,603993SS,688008SS,688009SS,688012SS,688036SS,688111SS,688169SS,688396SS
000001SZ,1.0,0.782,0.702,0.641,0.637,0.609,0.527,-0.16,-0.264,0.674,0.466,0.765,0.559,0.774,0.572,0.46,0.657,0.722,0.636,0.561,0.385,0.399,-0.423,0.543,0.379,0.252,0.672,0.686,0.533,0.543,0.405,0.431,0.562,0.584,0.55,-0.028,0.422,0.636,-0.105,-0.45,0.451,-0.164,0.466,0.367,0.562,0.0,0.494,0.275,0.721,0.463,0.567,0.632,0.664,0.506,0.154,-0.11,-0.117,0.294,-0.161,0.53,0.585,0.352,0.51,0.387,0.514,-0.224,0.447,0.513,0.424,0.436,-0.147,0.562,0.479,0.438,0.437,0.476,-0.086,0.349,0.49,-0.355,0.153,0.358,0.826,0.71,-0.509,0.793,0.705,0.749,0.8,0.74,0.584,-0.079,0.778,0.505,0.759,0.654,0.473,0.635,0.638,0.547,0.414,0.635,0.581,0.424,0.387,0.161,0.566,0.377,0.593,0.017,0.526,0.798,0.533,0.6,0.682,0.762,0.313,0.732,0.751,0.405,0.274,0.654,0.324,0.451,0.67,0.529,-0.212,-0.169,0.741,0.406,0.48,-0.396,-0.233,0.397,0.275,-0.098,0.2,0.748,0.119,0.006,0.429,0.256,0.472,0.469,0.494,0.604,0.694,0.69,0.905,0.858,0.594,0.51,0.797,0.386,0.429,0.64,0.688,0.729,0.68,0.56,0.228,0.32,0.636,0.699,0.33,0.715,0.691,0.467,0.805,0.442,0.564,0.635,0.202,0.629,0.385,0.672,0.63,0.305,0.092,0.682,0.695,0.74,0.112,0.725,0.571,0.381,0.414,0.637,0.684,-0.296,0.678,0.647,0.585,0.579,0.6,0.359,0.573,0.509,0.262,0.244,0.457,-0.441,-0.049,0.527,0.566,0.407,0.39,0.611,0.337,0.693,0.205,0.762,0.558,0.394,0.528,-0.54,0.331
000002SZ,0.782,1.0,0.823,0.792,0.757,0.728,0.654,-0.312,-0.513,0.814,0.526,0.87,0.558,0.902,0.691,0.556,0.806,0.867,0.747,0.675,0.237,0.5,-0.575,0.627,0.357,0.392,0.599,0.81,0.678,0.694,0.451,0.367,0.598,0.608,0.649,-0.199,0.332,0.695,-0.267,-0.591,0.443,-0.337,0.368,0.214,0.625,-0.103,0.526,0.221,0.832,0.518,0.608,0.734,0.781,0.631,0.079,-0.271,-0.19,0.081,-0.263,0.625,0.722,0.408,0.647,0.283,0.679,-0.155,0.49,0.682,0.482,0.45,-0.181,0.691,0.529,0.547,0.516,0.539,0.067,0.391,0.64,-0.507,0.247,0.352,0.778,0.805,-0.649,0.907,0.843,0.744,0.903,0.606,0.387,-0.34,0.772,0.504,0.822,0.788,0.692,0.673,0.788,0.679,0.473,0.74,0.666,0.498,0.513,-0.107,0.691,0.549,0.725,-0.057,0.625,0.874,0.609,0.713,0.778,0.84,0.302,0.788,0.82,0.449,0.285,0.785,0.046,0.545,0.623,0.643,-0.307,-0.273,0.644,0.434,0.514,-0.624,-0.4,0.441,0.306,-0.287,0.145,0.788,0.115,-0.125,0.475,0.214,0.511,0.689,0.448,0.692,0.813,0.747,0.89,0.898,0.523,0.479,0.88,0.327,0.561,0.8,0.825,0.783,0.791,0.693,0.11,0.405,0.75,0.816,0.485,0.798,0.865,0.591,0.872,0.293,0.577,0.794,0.23,0.705,0.419,0.769,0.809,0.234,0.036,0.759,0.767,0.88,-0.055,0.81,0.614,0.328,0.498,0.783,0.817,-0.4,0.766,0.824,0.696,0.765,0.672,0.47,0.714,0.637,0.036,0.402,0.554,-0.545,-0.264,0.638,0.654,0.475,0.462,0.697,0.388,0.809,0.237,0.809,0.635,0.491,0.6,-0.593,0.39
000157SZ,0.702,0.823,1.0,0.949,0.773,0.909,0.806,-0.573,-0.717,0.947,0.686,0.876,0.704,0.923,0.891,0.787,0.921,0.884,0.866,0.843,0.03,0.726,-0.708,0.801,0.378,0.566,0.685,0.962,0.858,0.814,0.603,0.393,0.836,0.714,0.855,-0.145,0.438,0.619,-0.464,-0.679,0.632,-0.415,0.509,0.343,0.751,0.003,0.65,0.38,0.966,0.582,0.483,0.923,0.94,0.822,0.358,-0.313,-0.077,0.137,-0.342,0.791,0.897,0.261,0.87,0.379,0.858,0.088,0.707,0.826,0.694,0.576,-0.223,0.851,0.744,0.785,0.72,0.78,0.331,0.681,0.809,-0.626,0.117,0.517,0.718,0.945,-0.659,0.915,0.903,0.561,0.91,0.65,0.142,-0.499,0.776,0.495,0.956,0.905,0.451,0.766,0.943,0.86,0.602,0.855,0.859,0.543,0.69,-0.052,0.856,0.671,0.907,-0.041,0.824,0.869,0.753,0.803,0.882,0.941,0.397,0.823,0.96,0.548,0.436,0.926,-0.183,0.762,0.549,0.845,-0.497,-0.28,0.559,0.507,0.719,-0.834,-0.569,0.663,0.12,-0.448,-0.25,0.878,0.271,-0.422,0.664,0.13,0.659,0.79,0.434,0.914,0.92,0.907,0.784,0.846,0.401,0.444,0.91,0.282,0.541,0.934,0.951,0.769,0.94,0.884,-0.104,0.232,0.915,0.935,0.673,0.929,0.913,0.741,0.766,0.01,0.565,0.957,0.37,0.862,0.42,0.936,0.931,0.322,-0.1,0.882,0.872,0.882,-0.423,0.876,0.768,0.122,0.703,0.943,0.946,-0.589,0.807,0.943,0.811,0.832,0.893,0.411,0.65,0.777,-0.148,0.471,0.772,-0.698,-0.476,0.791,0.86,0.641,0.662,0.602,0.577,0.91,0.489,0.929,0.813,0.699,0.728,-0.596,0.56
000166SZ,0.641,0.792,0.949,1.0,0.873,0.917,0.818,-0.524,-0.663,0.972,0.768,0.899,0.711,0.904,0.928,0.849,0.96,0.818,0.924,0.897,0.07,0.788,-0.625,0.85,0.488,0.575,0.708,0.925,0.877,0.86,0.684,0.374,0.836,0.723,0.88,0.023,0.429,0.499,-0.402,-0.637,0.693,-0.293,0.54,0.323,0.754,0.081,0.685,0.466,0.904,0.536,0.473,0.859,0.905,0.832,0.451,-0.151,0.04,0.225,-0.252,0.81,0.97,0.282,0.827,0.361,0.832,0.087,0.743,0.867,0.713,0.672,-0.229,0.872,0.818,0.805,0.719,0.806,0.401,0.655,0.82,-0.525,0.04,0.593,0.745,0.942,-0.612,0.921,0.919,0.491,0.868,0.635,0.075,-0.439,0.775,0.516,0.882,0.894,0.468,0.833,0.995,0.883,0.691,0.899,0.863,0.657,0.737,0.048,0.844,0.677,0.923,0.061,0.896,0.785,0.762,0.666,0.901,0.945,0.393,0.837,0.914,0.597,0.435,0.899,-0.185,0.776,0.423,0.896,-0.359,-0.142,0.5,0.601,0.785,-0.849,-0.467,0.718,0.16,-0.386,-0.261,0.834,0.332,-0.403,0.677,0.224,0.738,0.895,0.34,0.86,0.872,0.93,0.726,0.844,0.227,0.404,0.94,0.294,0.588,0.954,0.973,0.765,0.975,0.91,-0.265,0.273,0.956,0.962,0.715,0.859,0.948,0.812,0.727,-0.144,0.381,0.989,0.466,0.896,0.495,0.907,0.969,0.413,-0.26,0.923,0.864,0.871,-0.404,0.852,0.728,0.2,0.728,0.983,0.96,-0.518,0.782,0.979,0.867,0.87,0.881,0.435,0.747,0.889,-0.119,0.47,0.794,-0.614,-0.373,0.806,0.832,0.645,0.671,0.618,0.67,0.921,0.556,0.933,0.811,0.777,0.777,-0.546,0.617
000333SZ,0.637,0.757,0.773,0.873,1.0,0.796,0.703,-0.197,-0.312,0.854,0.799,0.895,0.637,0.86,0.81,0.779,0.882,0.673,0.914,0.845,0.333,0.721,-0.341,0.777,0.72,0.414,0.771,0.754,0.749,0.805,0.739,0.4,0.754,0.692,0.755,0.228,0.468,0.469,-0.152,-0.434,0.73,0.058,0.584,0.453,0.693,0.239,0.677,0.552,0.771,0.441,0.622,0.667,0.795,0.698,0.451,0.175,0.212,0.483,-0.083,0.738,0.904,0.437,0.563,0.366,0.642,0.039,0.699,0.797,0.603,0.798,-0.163,0.728,0.759,0.662,0.611,0.737,0.326,0.479,0.662,-0.25,0.094,0.674,0.79,0.846,-0.467,0.83,0.826,0.548,0.816,0.699,0.195,-0.179,0.785,0.6,0.778,0.732,0.624,0.819,0.883,0.762,0.767,0.903,0.748,0.811,0.633,0.343,0.728,0.533,0.796,0.233,0.828,0.653,0.65,0.488,0.88,0.86,0.439,0.832,0.798,0.639,0.418,0.805,0.083,0.665,0.335,0.812,-0.024,0.143,0.549,0.757,0.8,-0.602,-0.154,0.703,0.351,-0.094,-0.041,0.807,0.176,-0.205,0.672,0.445,0.823,0.877,0.323,0.676,0.742,0.846,0.683,0.79,0.166,0.479,0.865,0.545,0.434,0.807,0.832,0.66,0.861,0.783,-0.241,0.151,0.866,0.832,0.583,0.716,0.812,0.809,0.643,-0.036,0.304,0.862,0.488,0.85,0.668,0.748,0.838,0.608,-0.252,0.89,0.73,0.713,-0.124,0.831,0.689,0.417,0.639,0.884,0.85,-0.244,0.753,0.855,0.799,0.688,0.736,0.238,0.803,0.885,0.202,0.431,0.692,-0.318,0.0,0.715,0.68,0.547,0.614,0.775,0.734,0.891,0.545,0.87,0.719,0.745,0.84,-0.547,0.582
000338SZ,0.609,0.728,0.909,0.917,0.796,1.0,0.946,-0.588,-0.653,0.967,0.876,0.771,0.864,0.868,0.989,0.943,0.952,0.82,0.918,0.94,-0.046,0.867,-0.717,0.96,0.497,0.791,0.674,0.941,0.982,0.945,0.833,0.649,0.879,0.876,0.982,0.075,0.681,0.594,-0.378,-0.765,0.811,-0.144,0.743,0.518,0.927,0.345,0.875,0.673,0.87,0.717,0.481,0.947,0.906,0.966,0.523,-0.267,0.273,0.294,-0.36,0.954,0.916,0.303,0.894,0.598,0.946,0.372,0.912,0.936,0.9,0.698,0.022,0.96,0.888,0.947,0.763,0.929,0.326,0.838,0.944,-0.451,0.004,0.732,0.637,0.969,-0.4,0.823,0.958,0.33,0.782,0.664,-0.099,-0.629,0.811,0.268,0.852,0.94,0.467,0.887,0.922,0.982,0.828,0.932,0.982,0.514,0.911,0.066,0.878,0.869,0.995,0.244,0.952,0.791,0.926,0.6,0.858,0.912,0.648,0.706,0.904,0.757,0.712,0.815,-0.167,0.937,0.554,0.979,-0.459,0.045,0.451,0.724,0.886,-0.78,-0.478,0.874,-0.0,-0.502,-0.416,0.818,0.158,-0.621,0.853,0.047,0.845,0.731,0.258,0.937,0.854,0.968,0.623,0.765,0.212,0.278,0.857,0.222,0.501,0.962,0.925,0.597,0.892,0.992,-0.35,0.173,0.95,0.952,0.892,0.921,0.856,0.932,0.611,-0.214,0.434,0.946,0.681,0.973,0.353,0.947,0.894,0.584,-0.187,0.944,0.706,0.806,-0.516,0.887,0.893,-0.048,0.912,0.93,0.833,-0.603,0.702,0.89,0.943,0.837,0.928,0.256,0.798,0.877,-0.1,0.693,0.946,-0.621,-0.374,0.954,0.957,0.864,0.885,0.497,0.772,0.883,0.74,0.94,0.947,0.869,0.842,-0.432,0.821
000538SZ,0.527,0.654,0.806,0.818,0.703,0.946,1.0,-0.54,-0.611,0.88,0.829,0.672,0.941,0.781,0.941,0.872,0.9,0.821,0.823,0.889,-0.076,0.767,-0.75,0.953,0.481,0.859,0.581,0.849,0.96,0.963,0.845,0.763,0.865,0.866,0.938,0.028,0.768,0.666,-0.212,-0.758,0.727,-0.119,0.765,0.524,0.953,0.378,0.921,0.742,0.78,0.788,0.413,0.902,0.84,0.958,0.414,-0.364,0.299,0.213,-0.414,0.964,0.804,0.432,0.888,0.727,0.949,0.46,0.886,0.882,0.894,0.62,0.252,0.937,0.802,0.94,0.668,0.843,0.281,0.838,0.955,-0.326,0.081,0.644,0.523,0.885,-0.274,0.701,0.915,0.17,0.658,0.635,-0.2,-0.688,0.818,0.083,0.779,0.922,0.474,0.87,0.818,0.945,0.809,0.84,0.952,0.366,0.917,0.016,0.856,0.913,0.949,0.416,0.872,0.772,0.972,0.584,0.768,0.831,0.788,0.608,0.825,0.841,0.827,0.71,-0.111,0.958,0.666,0.941,-0.463,0.083,0.364,0.727,0.804,-0.653,-0.397,0.895,-0.086,-0.521,-0.453,0.743,-0.047,-0.744,0.884,-0.062,0.808,0.586,0.3,0.923,0.835,0.911,0.521,0.687,0.276,0.274,0.743,0.182,0.433,0.906,0.866,0.505,0.756,0.944,-0.292,0.158,0.873,0.869,0.909,0.902,0.791,0.915,0.492,-0.204,0.502,0.847,0.754,0.894,0.209,0.883,0.839,0.616,-0.011,0.879,0.539,0.717,-0.44,0.851,0.894,-0.141,0.907,0.818,0.683,-0.569,0.653,0.774,0.913,0.804,0.826,0.165,0.791,0.768,0.002,0.811,0.914,-0.609,-0.333,0.956,0.942,0.918,0.885,0.334,0.684,0.787,0.737,0.863,0.92,0.789,0.82,-0.323,0.817
000568SZ,-0.16,-0.312,-0.573,-0.524,-0.197,-0.588,-0.54,1.0,0.9,-0.583,-0.397,-0.289,-0.43,-0.39,-0.582,-0.578,-0.469,-0.423,-0.36,-0.389,0.762,-0.557,0.751,-0.562,0.3,-0.705,-0.042,-0.655,-0.644,-0.532,-0.31,-0.261,-0.343,-0.56,-0.659,0.022,-0.282,-0.136,0.626,0.812,-0.298,0.456,-0.321,-0.013,-0.493,-0.146,-0.417,-0.267,-0.486,-0.536,0.08,-0.697,-0.426,-0.638,-0.333,0.535,-0.106,0.098,0.136,-0.503,-0.491,0.342,-0.762,-0.234,-0.673,-0.415,-0.509,-0.519,-0.67,-0.127,-0.048,-0.665,-0.561,-0.672,-0.437,-0.549,-0.235,-0.724,-0.672,0.694,0.421,-0.329,-0.043,-0.498,0.112,-0.478,-0.55,0.064,-0.284,-0.143,0.343,0.77,-0.254,0.198,-0.381,-0.606,0.184,-0.421,-0.508,-0.627,-0.29,-0.415,-0.587,0.106,-0.647,0.445,-0.432,-0.673,-0.599,0.262,-0.531,-0.412,-0.581,-0.348,-0.226,-0.447,-0.244,-0.134,-0.47,-0.105,-0.353,-0.311,0.77,-0.628,-0.283,-0.56,0.874,0.281,-0.134,-0.122,-0.438,0.667,0.891,-0.399,0.191,0.871,0.598,-0.251,-0.379,0.545,-0.329,0.59,-0.355,-0.324,0.187,-0.61,-0.415,-0.449,-0.162,-0.368,0.025,0.321,-0.438,0.465,-0.526,-0.615,-0.568,-0.304,-0.497,-0.627,0.43,-0.355,-0.433,-0.59,-0.694,-0.495,-0.517,-0.432,-0.366,0.427,-0.102,-0.548,-0.435,-0.517,0.285,-0.679,-0.462,-0.011,0.283,-0.402,-0.396,-0.548,0.712,-0.323,-0.366,0.55,-0.624,-0.477,-0.425,0.907,-0.086,-0.532,-0.516,-0.651,-0.661,-0.39,-0.23,-0.489,0.673,-0.372,-0.633,0.802,0.888,-0.559,-0.647,-0.606,-0.537,0.068,-0.314,-0.298,-0.446,-0.45,-0.607,-0.534,-0.255,-0.045,-0.591
000596SZ,-0.264,-0.513,-0.717,-0.663,-0.312,-0.653,-0.611,0.9,1.0,-0.687,-0.354,-0.488,-0.465,-0.548,-0.642,-0.547,-0.608,-0.644,-0.451,-0.486,0.544,-0.507,0.854,-0.567,0.226,-0.66,-0.12,-0.746,-0.686,-0.599,-0.262,-0.196,-0.449,-0.501,-0.671,0.28,-0.186,-0.327,0.623,0.781,-0.241,0.679,-0.206,0.098,-0.513,0.125,-0.396,-0.131,-0.638,-0.528,-0.015,-0.754,-0.567,-0.663,-0.155,0.656,0.18,0.301,0.285,-0.527,-0.575,0.133,-0.845,-0.184,-0.749,-0.237,-0.451,-0.573,-0.589,-0.108,0.044,-0.71,-0.508,-0.663,-0.466,-0.52,-0.267,-0.633,-0.711,0.803,0.163,-0.181,-0.217,-0.602,0.415,-0.633,-0.66,-0.117,-0.49,-0.172,0.226,0.779,-0.38,0.002,-0.552,-0.734,-0.009,-0.465,-0.641,-0.655,-0.262,-0.463,-0.623,-0.019,-0.606,0.582,-0.575,-0.671,-0.67,0.294,-0.555,-0.601,-0.597,-0.578,-0.392,-0.586,-0.2,-0.336,-0.606,-0.184,-0.282,-0.509,0.668,-0.619,-0.404,-0.595,0.828,0.504,-0.193,-0.066,-0.374,0.804,0.835,-0.376,0.148,0.802,0.485,-0.38,-0.336,0.546,-0.333,0.415,-0.306,-0.472,-0.064,-0.7,-0.615,-0.539,-0.368,-0.525,-0.18,0.083,-0.578,0.368,-0.611,-0.73,-0.719,-0.51,-0.621,-0.676,0.248,-0.434,-0.559,-0.694,-0.649,-0.632,-0.695,-0.447,-0.537,0.281,-0.293,-0.677,-0.293,-0.542,0.156,-0.744,-0.65,0.097,0.135,-0.486,-0.587,-0.735,0.661,-0.479,-0.41,0.354,-0.556,-0.609,-0.587,0.816,-0.333,-0.679,-0.568,-0.789,-0.695,-0.564,-0.314,-0.489,0.652,-0.396,-0.594,0.829,0.906,-0.585,-0.675,-0.558,-0.476,-0.061,-0.235,-0.456,-0.299,-0.549,-0.591,-0.486,-0.309,0.169,-0.466
000617SZ,0.674,0.814,0.947,0.972,0.854,0.967,0.88,-0.583,-0.687,1.0,0.821,0.868,0.787,0.92,0.963,0.896,0.966,0.844,0.93,0.911,0.005,0.832,-0.699,0.912,0.464,0.69,0.693,0.965,0.94,0.914,0.747,0.522,0.841,0.826,0.941,0.04,0.554,0.56,-0.406,-0.742,0.739,-0.237,0.64,0.408,0.849,0.201,0.781,0.552,0.911,0.654,0.497,0.924,0.914,0.907,0.473,-0.229,0.136,0.25,-0.304,0.885,0.952,0.278,0.878,0.475,0.901,0.204,0.827,0.908,0.817,0.677,-0.112,0.94,0.858,0.88,0.746,0.869,0.338,0.747,0.894,-0.535,0.006,0.659,0.726,0.971,-0.528,0.919,0.967,0.477,0.855,0.668,0.033,-0.55,0.81,0.406,0.88,0.937,0.469,0.877,0.972,0.944,0.752,0.931,0.93,0.583,0.829,0.024,0.853,0.787,0.968,0.115,0.928,0.831,0.849,0.648,0.877,0.953,0.51,0.797,0.928,0.652,0.562,0.863,-0.176,0.857,0.522,0.94,-0.439,-0.083,0.524,0.653,0.834,-0.83,-0.514,0.779,0.116,-0.469,-0.291,0.836,0.267,-0.482,0.755,0.118,0.789,0.815,0.288,0.901,0.875,0.956,0.725,0.856,0.251,0.328,0.938,0.234,0.595,0.976,0.972,0.714,0.953,0.962,-0.285,0.29,0.953,0.982,0.809,0.902,0.932,0.868,0.735,-0.144,0.414,0.98,0.567,0.947,0.401,0.954,0.942,0.473,-0.225,0.939,0.823,0.886,-0.437,0.878,0.81,0.076,0.824,0.967,0.917,-0.589,0.738,0.966,0.928,0.885,0.919,0.392,0.792,0.896,-0.122,0.566,0.87,-0.652,-0.398,0.888,0.905,0.76,0.777,0.582,0.707,0.906,0.625,0.96,0.894,0.826,0.809,-0.511,0.725
000625SZ,0.466,0.526,0.686,0.768,0.799,0.876,0.829,-0.397,-0.354,0.821,1.0,0.624,0.799,0.718,0.879,0.927,0.814,0.544,0.869,0.85,-0.019,0.854,-0.459,0.932,0.674,0.706,0.664,0.744,0.867,0.851,0.908,0.707,0.793,0.885,0.889,0.417,0.771,0.367,-0.09,-0.63,0.862,0.219,0.87,0.677,0.868,0.608,0.894,0.834,0.692,0.629,0.52,0.766,0.742,0.858,0.671,0.063,0.568,0.57,-0.114,0.896,0.839,0.255,0.66,0.671,0.762,0.466,0.943,0.818,0.878,0.85,0.132,0.845,0.893,0.869,0.624,0.901,0.383,0.761,0.801,-0.224,-0.192,0.865,0.575,0.817,-0.11,0.642,0.806,0.203,0.57,0.715,-0.129,-0.419,0.742,0.216,0.649,0.734,0.397,0.88,0.793,0.874,0.904,0.897,0.879,0.573,0.866,0.371,0.741,0.748,0.862,0.386,0.911,0.55,0.837,0.308,0.745,0.748,0.711,0.576,0.726,0.738,0.737,0.625,-0.036,0.866,0.336,0.914,-0.214,0.352,0.439,0.865,0.943,-0.522,-0.273,0.904,0.122,-0.354,-0.391,0.677,0.128,-0.506,0.878,0.124,0.945,0.634,0.108,0.765,0.636,0.869,0.409,0.618,0.011,0.214,0.716,0.387,0.435,0.783,0.744,0.421,0.746,0.883,-0.457,0.087,0.822,0.796,0.826,0.729,0.646,0.941,0.418,-0.278,0.207,0.785,0.791,0.92,0.394,0.787,0.7,0.778,-0.273,0.857,0.482,0.543,-0.392,0.767,0.828,-0.018,0.903,0.79,0.667,-0.464,0.522,0.713,0.872,0.642,0.817,0.073,0.757,0.865,0.105,0.574,0.877,-0.386,-0.078,0.855,0.835,0.826,0.873,0.456,0.861,0.75,0.814,0.842,0.896,0.889,0.849,-0.297,0.867
000651SZ,0.765,0.87,0.876,0.899,0.895,0.771,0.672,-0.289,-0.488,0.868,0.624,1.0,0.583,0.903,0.771,0.648,0.87,0.813,0.843,0.757,0.317,0.599,-0.486,0.687,0.506,0.348,0.738,0.833,0.708,0.741,0.536,0.289,0.735,0.597,0.697,-0.053,0.325,0.572,-0.246,-0.485,0.538,-0.288,0.41,0.289,0.612,-0.065,0.534,0.302,0.875,0.45,0.581,0.731,0.85,0.642,0.262,-0.054,-0.142,0.211,-0.144,0.65,0.852,0.39,0.659,0.263,0.666,-0.147,0.551,0.729,0.499,0.602,-0.27,0.709,0.631,0.586,0.599,0.622,0.293,0.421,0.633,-0.465,0.222,0.444,0.84,0.85,-0.663,0.927,0.838,0.723,0.914,0.694,0.344,-0.221,0.802,0.685,0.883,0.788,0.566,0.754,0.894,0.708,0.549,0.818,0.698,0.718,0.513,0.102,0.723,0.477,0.772,0.005,0.728,0.809,0.601,0.73,0.869,0.912,0.289,0.911,0.88,0.507,0.271,0.887,0.049,0.576,0.479,0.73,-0.191,-0.217,0.653,0.533,0.62,-0.668,-0.332,0.552,0.363,-0.174,0.067,0.852,0.247,-0.15,0.541,0.375,0.619,0.838,0.487,0.726,0.856,0.826,0.856,0.892,0.419,0.551,0.928,0.461,0.509,0.833,0.898,0.837,0.895,0.738,0.006,0.29,0.84,0.857,0.478,0.795,0.906,0.662,0.821,0.152,0.495,0.879,0.262,0.766,0.552,0.799,0.895,0.335,-0.098,0.84,0.881,0.85,-0.084,0.846,0.634,0.428,0.519,0.884,0.918,-0.322,0.833,0.903,0.741,0.762,0.75,0.44,0.705,0.754,0.089,0.353,0.59,-0.515,-0.202,0.648,0.673,0.449,0.48,0.747,0.5,0.89,0.329,0.884,0.656,0.588,0.699,-0.64,0.398
000661SZ,0.559,0.558,0.704,0.711,0.637,0.864,0.941,-0.43,-0.465,0.787,0.799,0.583,1.0,0.691,0.86,0.799,0.816,0.75,0.736,0.827,-0.005,0.671,-0.704,0.912,0.509,0.821,0.594,0.765,0.877,0.904,0.827,0.833,0.858,0.867,0.871,0.09,0.856,0.623,-0.035,-0.682,0.683,-0.022,0.818,0.6,0.956,0.404,0.945,0.801,0.711,0.806,0.432,0.833,0.76,0.91,0.4,-0.32,0.329,0.282,-0.369,0.932,0.704,0.483,0.817,0.85,0.877,0.453,0.859,0.767,0.859,0.582,0.375,0.877,0.733,0.894,0.557,0.768,0.19,0.818,0.896,-0.22,0.051,0.602,0.488,0.802,-0.175,0.599,0.828,0.136,0.566,0.691,-0.172,-0.564,0.838,0.033,0.71,0.848,0.387,0.841,0.71,0.863,0.804,0.754,0.907,0.286,0.854,0.112,0.826,0.841,0.87,0.531,0.795,0.748,0.944,0.529,0.7,0.775,0.859,0.544,0.773,0.856,0.876,0.604,0.061,0.919,0.706,0.872,-0.385,0.108,0.352,0.718,0.767,-0.494,-0.258,0.872,-0.127,-0.448,-0.41,0.692,-0.139,-0.729,0.885,-0.052,0.798,0.436,0.377,0.87,0.777,0.852,0.481,0.636,0.328,0.337,0.654,0.222,0.362,0.804,0.779,0.457,0.649,0.864,-0.198,0.122,0.794,0.773,0.83,0.845,0.675,0.851,0.448,-0.132,0.511,0.736,0.772,0.823,0.168,0.811,0.739,0.666,0.079,0.806,0.429,0.602,-0.296,0.799,0.877,-0.119,0.863,0.713,0.57,-0.485,0.605,0.66,0.87,0.702,0.756,0.096,0.711,0.67,0.179,0.749,0.844,-0.557,-0.193,0.896,0.906,0.918,0.847,0.229,0.623,0.704,0.689,0.811,0.885,0.703,0.775,-0.28,0.783
000708SZ,0.774,0.902,0.923,0.904,0.86,0.868,0.781,-0.39,-0.548,0.92,0.718,0.903,0.691,1.0,0.853,0.756,0.9,0.881,0.903,0.839,0.199,0.724,-0.585,0.789,0.534,0.514,0.755,0.902,0.821,0.818,0.658,0.469,0.789,0.744,0.8,-0.038,0.477,0.7,-0.33,-0.618,0.642,-0.228,0.569,0.431,0.76,0.079,0.682,0.417,0.926,0.574,0.649,0.846,0.909,0.776,0.343,-0.166,-0.006,0.265,-0.272,0.785,0.865,0.392,0.749,0.413,0.797,0.014,0.703,0.822,0.657,0.648,-0.18,0.812,0.705,0.722,0.717,0.755,0.271,0.571,0.755,-0.489,0.208,0.57,0.825,0.94,-0.618,0.933,0.913,0.667,0.953,0.738,0.317,-0.401,0.839,0.551,0.918,0.849,0.603,0.809,0.903,0.836,0.675,0.896,0.827,0.644,0.669,0.09,0.794,0.634,0.869,0.036,0.8,0.86,0.744,0.732,0.905,0.945,0.455,0.887,0.927,0.599,0.451,0.901,-0.003,0.718,0.603,0.819,-0.327,-0.132,0.687,0.599,0.729,-0.694,-0.424,0.659,0.322,-0.316,-0.032,0.895,0.19,-0.283,0.683,0.271,0.713,0.788,0.444,0.811,0.882,0.886,0.843,0.917,0.454,0.5,0.936,0.421,0.498,0.883,0.903,0.768,0.901,0.846,-0.026,0.217,0.895,0.896,0.626,0.899,0.876,0.759,0.794,0.164,0.573,0.905,0.368,0.871,0.51,0.882,0.888,0.433,-0.039,0.904,0.819,0.875,-0.209,0.924,0.798,0.263,0.679,0.911,0.914,-0.462,0.828,0.893,0.797,0.772,0.852,0.334,0.74,0.796,0.057,0.485,0.727,-0.581,-0.267,0.779,0.8,0.612,0.662,0.744,0.6,0.924,0.461,0.941,0.786,0.684,0.781,-0.685,0.544
000725SZ,0.572,0.691,0.891,0.928,0.81,0.989,0.941,-0.582,-0.642,0.963,0.879,0.771,0.86,0.853,1.0,0.958,0.949,0.791,0.93,0.956,-0.038,0.897,-0.67,0.963,0.525,0.782,0.695,0.92,0.978,0.948,0.855,0.611,0.891,0.854,0.978,0.129,0.655,0.546,-0.393,-0.723,0.83,-0.112,0.732,0.515,0.913,0.359,0.866,0.687,0.839,0.674,0.456,0.915,0.898,0.962,0.575,-0.203,0.298,0.305,-0.339,0.954,0.931,0.293,0.884,0.575,0.934,0.369,0.916,0.946,0.896,0.714,-0.007,0.953,0.895,0.949,0.796,0.932,0.379,0.839,0.942,-0.406,0.005,0.751,0.622,0.962,-0.386,0.807,0.942,0.294,0.762,0.636,-0.129,-0.608,0.785,0.289,0.826,0.921,0.441,0.893,0.931,0.983,0.85,0.932,0.974,0.559,0.912,0.114,0.858,0.852,0.993,0.279,0.967,0.747,0.916,0.561,0.861,0.913,0.632,0.718,0.885,0.773,0.705,0.814,-0.185,0.932,0.505,0.988,-0.415,0.079,0.412,0.74,0.898,-0.786,-0.442,0.893,0.009,-0.468,-0.417,0.805,0.197,-0.62,0.852,0.089,0.851,0.761,0.233,0.913,0.832,0.965,0.593,0.744,0.14,0.268,0.852,0.221,0.476,0.955,0.921,0.585,0.9,0.991,-0.41,0.151,0.961,0.945,0.895,0.887,0.855,0.941,0.575,-0.284,0.368,0.948,0.698,0.967,0.38,0.925,0.904,0.604,-0.25,0.948,0.707,0.788,-0.513,0.86,0.876,-0.028,0.908,0.939,0.836,-0.566,0.701,0.896,0.948,0.829,0.92,0.245,0.805,0.908,-0.097,0.69,0.949,-0.596,-0.352,0.952,0.943,0.847,0.883,0.491,0.802,0.882,0.766,0.926,0.933,0.891,0.85,-0.431,0.818
000768SZ,0.46,0.556,0.787,0.849,0.779,0.943,0.872,-0.578,-0.547,0.896,0.927,0.648,0.799,0.756,0.958,1.0,0.874,0.613,0.902,0.918,-0.122,0.94,-0.555,0.951,0.547,0.777,0.641,0.843,0.945,0.893,0.905,0.609,0.825,0.865,0.963,0.304,0.698,0.38,-0.389,-0.7,0.91,0.063,0.783,0.587,0.882,0.538,0.87,0.784,0.737,0.622,0.393,0.846,0.802,0.935,0.696,-0.055,0.513,0.466,-0.247,0.93,0.91,0.16,0.79,0.554,0.865,0.48,0.961,0.926,0.925,0.787,-0.009,0.905,0.941,0.946,0.774,0.968,0.392,0.864,0.894,-0.308,-0.152,0.879,0.525,0.893,-0.224,0.702,0.861,0.174,0.637,0.595,-0.222,-0.563,0.679,0.211,0.707,0.824,0.366,0.842,0.863,0.957,0.887,0.927,0.939,0.558,0.929,0.239,0.783,0.823,0.942,0.308,0.972,0.587,0.869,0.376,0.78,0.805,0.635,0.597,0.782,0.737,0.719,0.703,-0.242,0.927,0.345,0.973,-0.377,0.263,0.348,0.808,0.971,-0.725,-0.419,0.906,0.018,-0.463,-0.499,0.723,0.21,-0.594,0.862,0.055,0.908,0.722,0.062,0.831,0.69,0.909,0.437,0.617,-0.054,0.141,0.758,0.199,0.418,0.876,0.814,0.432,0.84,0.957,-0.566,0.074,0.897,0.878,0.911,0.777,0.731,0.957,0.44,-0.412,0.194,0.88,0.774,0.964,0.391,0.859,0.79,0.706,-0.385,0.903,0.584,0.648,-0.567,0.763,0.842,-0.102,0.946,0.876,0.752,-0.572,0.554,0.81,0.905,0.728,0.884,0.119,0.767,0.934,-0.121,0.655,0.969,-0.492,-0.287,0.929,0.898,0.848,0.92,0.473,0.904,0.801,0.876,0.859,0.934,0.958,0.842,-0.32,0.896
000776SZ,0.657,0.806,0.921,0.96,0.882,0.952,0.9,-0.469,-0.608,0.966,0.814,0.87,0.816,0.9,0.949,0.874,1.0,0.853,0.924,0.934,0.107,0.764,-0.674,0.906,0.55,0.665,0.684,0.918,0.929,0.929,0.773,0.54,0.865,0.798,0.922,0.003,0.586,0.611,-0.293,-0.687,0.743,-0.211,0.624,0.407,0.855,0.192,0.801,0.597,0.893,0.642,0.478,0.889,0.899,0.893,0.378,-0.206,0.144,0.28,-0.333,0.889,0.95,0.425,0.839,0.508,0.885,0.184,0.807,0.911,0.776,0.694,-0.059,0.905,0.837,0.863,0.675,0.834,0.303,0.713,0.884,-0.428,0.089,0.637,0.711,0.954,-0.53,0.877,0.955,0.425,0.843,0.66,-0.004,-0.499,0.836,0.395,0.888,0.948,0.575,0.857,0.964,0.918,0.757,0.925,0.916,0.592,0.812,0.055,0.898,0.771,0.954,0.211,0.913,0.819,0.845,0.657,0.9,0.935,0.567,0.792,0.909,0.732,0.583,0.86,-0.098,0.858,0.543,0.933,-0.359,-0.036,0.472,0.697,0.82,-0.792,-0.39,0.786,0.085,-0.404,-0.31,0.852,0.111,-0.504,0.77,0.165,0.802,0.833,0.371,0.904,0.901,0.955,0.707,0.822,0.274,0.423,0.899,0.309,0.548,0.975,0.964,0.693,0.93,0.941,-0.254,0.243,0.96,0.968,0.787,0.904,0.931,0.881,0.677,-0.124,0.461,0.976,0.587,0.931,0.471,0.922,0.964,0.542,-0.144,0.948,0.759,0.844,-0.373,0.899,0.811,0.147,0.801,0.961,0.892,-0.511,0.785,0.935,0.905,0.876,0.856,0.33,0.819,0.878,-0.026,0.625,0.855,-0.573,-0.304,0.89,0.886,0.759,0.757,0.601,0.716,0.923,0.628,0.943,0.876,0.806,0.838,-0.476,0.712
000786SZ,0.722,0.867,0.884,0.818,0.673,0.82,0.821,-0.423,-0.644,0.844,0.544,0.813,0.75,0.881,0.791,0.613,0.853,1.0,0.736,0.762,0.141,0.545,-0.755,0.727,0.331,0.583,0.604,0.864,0.788,0.804,0.528,0.514,0.775,0.661,0.745,-0.328,0.47,0.846,-0.272,-0.639,0.455,-0.448,0.468,0.285,0.757,-0.088,0.65,0.315,0.877,0.673,0.508,0.856,0.878,0.771,0.109,-0.509,-0.208,-0.048,-0.472,0.757,0.717,0.525,0.832,0.488,0.841,0.039,0.588,0.734,0.607,0.393,0.03,0.798,0.55,0.698,0.602,0.617,0.136,0.571,0.782,-0.527,0.357,0.32,0.675,0.863,-0.619,0.828,0.872,0.533,0.865,0.618,0.178,-0.544,0.828,0.347,0.897,0.89,0.579,0.724,0.804,0.778,0.537,0.721,0.794,0.37,0.625,-0.186,0.829,0.696,0.827,0.103,0.673,0.951,0.777,0.854,0.806,0.882,0.506,0.766,0.895,0.623,0.509,0.836,0.013,0.713,0.792,0.741,-0.451,-0.324,0.513,0.439,0.531,-0.672,-0.433,0.597,0.052,-0.391,-0.104,0.817,0.0,-0.48,0.636,0.087,0.532,0.609,0.581,0.863,0.933,0.819,0.807,0.826,0.626,0.52,0.816,0.234,0.44,0.859,0.88,0.721,0.772,0.789,0.126,0.24,0.818,0.829,0.614,0.934,0.868,0.654,0.755,0.204,0.756,0.827,0.338,0.738,0.278,0.84,0.876,0.264,0.216,0.799,0.738,0.863,-0.224,0.887,0.768,0.134,0.612,0.804,0.79,-0.465,0.829,0.821,0.76,0.79,0.75,0.363,0.678,0.586,0.02,0.597,0.661,-0.659,-0.396,0.758,0.802,0.64,0.597,0.489,0.372,0.827,0.336,0.835,0.72,0.505,0.658,-0.6,0.453
000800SZ,0.636,0.747,0.866,0.924,0.914,0.918,0.823,-0.36,-0.451,0.93,0.869,0.843,0.736,0.903,0.93,0.902,0.924,0.736,1.0,0.949,0.205,0.859,-0.465,0.877,0.707,0.558,0.791,0.858,0.878,0.864,0.835,0.488,0.86,0.765,0.879,0.177,0.557,0.506,-0.318,-0.555,0.851,0.007,0.671,0.552,0.811,0.315,0.78,0.623,0.838,0.511,0.586,0.801,0.902,0.835,0.562,0.038,0.268,0.436,-0.278,0.868,0.953,0.351,0.721,0.441,0.796,0.167,0.848,0.908,0.75,0.848,-0.19,0.842,0.866,0.809,0.78,0.888,0.374,0.651,0.795,-0.304,0.091,0.767,0.774,0.95,-0.505,0.842,0.898,0.482,0.852,0.695,0.079,-0.363,0.783,0.526,0.845,0.827,0.58,0.855,0.934,0.896,0.831,0.972,0.882,0.771,0.772,0.306,0.806,0.663,0.917,0.249,0.937,0.704,0.775,0.524,0.945,0.902,0.511,0.843,0.873,0.731,0.553,0.883,-0.017,0.797,0.381,0.926,-0.17,0.143,0.509,0.781,0.894,-0.734,-0.283,0.819,0.216,-0.223,-0.203,0.872,0.207,-0.38,0.801,0.364,0.843,0.848,0.299,0.809,0.797,0.953,0.686,0.786,0.141,0.421,0.896,0.456,0.42,0.888,0.88,0.635,0.931,0.908,-0.333,0.097,0.963,0.911,0.732,0.827,0.836,0.906,0.609,-0.135,0.331,0.931,0.547,0.95,0.611,0.833,0.885,0.648,-0.297,0.967,0.759,0.753,-0.348,0.875,0.835,0.237,0.787,0.957,0.898,-0.38,0.791,0.897,0.879,0.733,0.848,0.196,0.816,0.923,0.083,0.531,0.84,-0.421,-0.133,0.855,0.816,0.675,0.771,0.72,0.824,0.947,0.682,0.935,0.841,0.863,0.904,-0.585,0.686
000807SZ,0.561,0.675,0.843,0.897,0.845,0.94,0.889,-0.389,-0.486,0.911,0.85,0.757,0.827,0.839,0.956,0.918,0.934,0.762,0.949,1.0,0.16,0.849,-0.545,0.903,0.664,0.665,0.748,0.84,0.913,0.903,0.862,0.547,0.908,0.759,0.912,0.106,0.613,0.56,-0.331,-0.566,0.853,-0.016,0.683,0.533,0.876,0.318,0.84,0.674,0.793,0.551,0.48,0.817,0.888,0.899,0.527,-0.095,0.29,0.349,-0.382,0.923,0.919,0.411,0.775,0.526,0.862,0.268,0.876,0.928,0.793,0.745,-0.08,0.863,0.844,0.874,0.768,0.892,0.304,0.73,0.869,-0.274,0.148,0.739,0.651,0.945,-0.45,0.761,0.897,0.304,0.79,0.616,-0.089,-0.466,0.781,0.371,0.816,0.871,0.575,0.838,0.904,0.926,0.876,0.925,0.925,0.643,0.837,0.225,0.878,0.751,0.95,0.376,0.944,0.696,0.843,0.521,0.929,0.887,0.604,0.747,0.858,0.839,0.668,0.841,-0.045,0.867,0.445,0.949,-0.222,0.158,0.353,0.78,0.887,-0.751,-0.241,0.87,0.019,-0.268,-0.363,0.836,0.096,-0.557,0.848,0.278,0.838,0.799,0.33,0.848,0.815,0.946,0.597,0.7,0.121,0.413,0.817,0.35,0.357,0.901,0.865,0.561,0.883,0.935,-0.376,0.028,0.979,0.893,0.806,0.851,0.806,0.928,0.514,-0.236,0.367,0.92,0.644,0.938,0.567,0.828,0.89,0.669,-0.227,0.961,0.674,0.727,-0.43,0.874,0.87,0.152,0.828,0.932,0.825,-0.385,0.795,0.857,0.898,0.75,0.838,0.15,0.815,0.891,0.04,0.671,0.893,-0.423,-0.183,0.908,0.86,0.767,0.826,0.587,0.826,0.932,0.737,0.888,0.854,0.848,0.869,-0.512,0.734
000858SZ,0.385,0.237,0.03,0.07,0.333,-0.046,-0.076,0.762,0.544,0.005,-0.019,0.317,-0.005,0.199,-0.038,-0.122,0.107,0.141,0.205,0.16,1.0,-0.124,0.388,-0.104,0.602,-0.433,0.457,-0.08,-0.148,-0.046,0.046,-0.065,0.17,-0.178,-0.164,-0.047,-0.072,0.263,0.335,0.497,0.108,0.248,-0.051,0.174,-0.052,-0.188,-0.046,-0.075,0.079,-0.249,0.424,-0.188,0.145,-0.17,-0.125,0.426,-0.206,0.209,-0.095,-0.043,0.065,0.572,-0.274,-0.054,-0.192,-0.511,-0.115,0.002,-0.307,0.226,-0.271,-0.17,-0.122,-0.244,0.033,-0.095,-0.123,-0.393,-0.209,0.415,0.593,-0.026,0.504,0.109,-0.383,0.123,0.015,0.505,0.345,0.254,0.542,0.577,0.251,0.625,0.21,-0.056,0.52,0.057,0.077,-0.12,0.089,0.118,-0.079,0.533,-0.264,0.493,0.067,-0.316,-0.053,0.297,-0.016,0.143,-0.152,0.116,0.366,0.175,-0.065,0.46,0.128,0.267,-0.138,0.285,0.806,-0.217,0.068,-0.054,0.72,0.138,0.222,0.19,-0.013,0.151,0.687,-0.01,0.275,0.763,0.582,0.322,-0.198,0.379,0.033,0.836,0.023,0.194,0.494,-0.101,0.146,0.126,0.426,0.206,0.265,0.649,0.173,0.665,-0.237,-0.048,0.023,0.224,0.111,-0.104,0.386,-0.201,0.163,-0.006,-0.339,0.051,0.074,0.006,0.153,0.476,0.207,0.044,-0.254,0.011,0.646,-0.142,0.127,0.197,0.163,0.169,0.215,0.046,0.555,0.226,0.085,0.778,-0.26,0.121,0.184,0.695,0.477,0.071,0.0,-0.148,-0.14,-0.124,0.233,0.012,0.666,-0.091,-0.195,0.465,0.722,-0.089,-0.171,-0.281,-0.183,0.522,0.041,0.302,-0.207,0.133,-0.161,-0.124,0.201,-0.489,-0.309
000876SZ,0.399,0.5,0.726,0.788,0.721,0.867,0.767,-0.557,-0.507,0.832,0.854,0.599,0.671,0.724,0.897,0.94,0.764,0.545,0.859,0.849,-0.124,1.0,-0.41,0.863,0.515,0.709,0.69,0.787,0.864,0.792,0.847,0.508,0.746,0.782,0.872,0.372,0.563,0.32,-0.504,-0.597,0.875,0.099,0.734,0.577,0.779,0.534,0.754,0.665,0.656,0.539,0.424,0.768,0.766,0.853,0.821,0.027,0.493,0.443,-0.197,0.853,0.837,0.051,0.711,0.446,0.784,0.453,0.899,0.878,0.865,0.724,-0.092,0.832,0.87,0.862,0.887,0.943,0.437,0.802,0.802,-0.297,-0.125,0.877,0.495,0.84,-0.195,0.653,0.773,0.21,0.609,0.536,-0.156,-0.54,0.578,0.256,0.628,0.699,0.301,0.787,0.798,0.904,0.863,0.866,0.856,0.597,0.858,0.278,0.652,0.748,0.868,0.238,0.918,0.495,0.786,0.314,0.73,0.769,0.519,0.593,0.721,0.644,0.639,0.676,-0.26,0.821,0.249,0.899,-0.318,0.294,0.335,0.746,0.918,-0.681,-0.416,0.853,0.074,-0.384,-0.38,0.665,0.351,-0.51,0.783,0.129,0.824,0.698,-0.023,0.714,0.59,0.825,0.412,0.561,-0.13,0.071,0.713,0.183,0.299,0.782,0.72,0.37,0.79,0.887,-0.589,-0.036,0.83,0.783,0.842,0.678,0.645,0.872,0.413,-0.427,0.103,0.804,0.67,0.893,0.393,0.772,0.714,0.64,-0.476,0.84,0.592,0.601,-0.549,0.679,0.796,-0.102,0.873,0.827,0.723,-0.492,0.498,0.767,0.848,0.614,0.864,0.082,0.711,0.905,-0.157,0.578,0.905,-0.436,-0.266,0.851,0.814,0.739,0.88,0.479,0.871,0.747,0.838,0.783,0.845,0.915,0.76,-0.394,0.806
000895SZ,-0.423,-0.575,-0.708,-0.625,-0.341,-0.717,-0.75,0.751,0.854,-0.699,-0.459,-0.486,-0.704,-0.585,-0.67,-0.555,-0.674,-0.755,-0.465,-0.545,0.388,-0.41,1.0,-0.674,0.083,-0.769,-0.164,-0.762,-0.745,-0.713,-0.371,-0.531,-0.558,-0.666,-0.733,0.308,-0.497,-0.549,0.284,0.849,-0.266,0.553,-0.428,-0.088,-0.713,0.016,-0.626,-0.335,-0.695,-0.747,-0.164,-0.836,-0.595,-0.758,-0.022,0.752,0.101,0.223,0.37,-0.66,-0.539,-0.184,-0.869,-0.533,-0.829,-0.313,-0.556,-0.566,-0.683,-0.168,-0.276,-0.788,-0.528,-0.742,-0.321,-0.528,-0.1,-0.693,-0.803,0.685,0.089,-0.182,-0.298,-0.645,0.336,-0.621,-0.74,-0.138,-0.506,-0.381,0.189,0.77,-0.606,0.119,-0.623,-0.825,-0.134,-0.589,-0.61,-0.696,-0.373,-0.495,-0.733,0.083,-0.688,0.525,-0.708,-0.778,-0.727,0.024,-0.562,-0.763,-0.753,-0.638,-0.439,-0.628,-0.516,-0.34,-0.671,-0.397,-0.533,-0.48,0.341,-0.741,-0.693,-0.647,0.779,0.44,-0.296,-0.187,-0.415,0.646,0.673,-0.488,0.221,0.793,0.478,-0.45,-0.027,0.666,-0.507,0.447,-0.43,-0.321,-0.251,-0.806,-0.716,-0.625,-0.428,-0.606,-0.435,-0.072,-0.581,0.245,-0.617,-0.76,-0.745,-0.527,-0.563,-0.723,0.048,-0.46,-0.59,-0.718,-0.701,-0.772,-0.693,-0.532,-0.559,0.076,-0.533,-0.656,-0.458,-0.605,0.199,-0.805,-0.654,-0.072,-0.172,-0.537,-0.474,-0.718,0.5,-0.624,-0.565,0.345,-0.65,-0.575,-0.512,0.783,-0.412,-0.622,-0.655,-0.801,-0.696,-0.457,-0.391,-0.421,0.354,-0.541,-0.636,0.838,0.725,-0.682,-0.787,-0.751,-0.575,-0.009,-0.227,-0.491,-0.308,-0.638,-0.703,-0.451,-0.42,0.129,-0.573
000938SZ,0.543,0.627,0.801,0.85,0.777,0.96,0.953,-0.562,-0.567,0.912,0.932,0.687,0.912,0.789,0.963,0.951,0.906,0.727,0.877,0.903,-0.104,0.863,-0.674,1.0,0.535,0.844,0.645,0.869,0.967,0.96,0.903,0.746,0.864,0.932,0.973,0.231,0.793,0.518,-0.212,-0.772,0.82,-0.005,0.849,0.597,0.953,0.497,0.941,0.81,0.785,0.764,0.456,0.9,0.827,0.969,0.592,-0.191,0.437,0.383,-0.265,0.973,0.876,0.317,0.851,0.725,0.921,0.473,0.956,0.891,0.95,0.743,0.182,0.958,0.901,0.968,0.698,0.916,0.346,0.876,0.946,-0.345,-0.103,0.78,0.565,0.896,-0.212,0.729,0.91,0.206,0.644,0.691,-0.183,-0.603,0.811,0.138,0.752,0.887,0.392,0.911,0.86,0.967,0.88,0.902,0.97,0.459,0.942,0.156,0.839,0.881,0.96,0.38,0.936,0.714,0.953,0.485,0.774,0.846,0.768,0.616,0.829,0.789,0.806,0.696,-0.129,0.967,0.545,0.977,-0.425,0.171,0.415,0.795,0.913,-0.653,-0.413,0.927,0.003,-0.523,-0.456,0.738,0.099,-0.663,0.901,-0.023,0.908,0.643,0.199,0.898,0.777,0.931,0.5,0.704,0.146,0.225,0.784,0.218,0.485,0.905,0.866,0.512,0.809,0.969,-0.407,0.176,0.889,0.893,0.923,0.855,0.785,0.954,0.52,-0.283,0.357,0.873,0.814,0.952,0.279,0.904,0.828,0.693,-0.182,0.905,0.561,0.693,-0.453,0.828,0.882,-0.109,0.958,0.854,0.725,-0.603,0.597,0.809,0.951,0.796,0.885,0.176,0.799,0.87,-0.002,0.705,0.949,-0.593,-0.284,0.955,0.952,0.923,0.92,0.386,0.796,0.794,0.809,0.895,0.967,0.887,0.856,-0.313,0.892
000963SZ,0.379,0.357,0.378,0.488,0.72,0.497,0.481,0.3,0.226,0.464,0.674,0.506,0.509,0.534,0.525,0.547,0.55,0.331,0.707,0.664,0.602,0.515,0.083,0.535,1.0,0.158,0.744,0.342,0.444,0.504,0.718,0.425,0.643,0.437,0.439,0.317,0.505,0.314,0.216,-0.001,0.684,0.442,0.579,0.654,0.511,0.384,0.578,0.615,0.432,0.197,0.563,0.298,0.558,0.423,0.45,0.448,0.391,0.615,-0.125,0.569,0.576,0.544,0.185,0.421,0.325,0.051,0.58,0.532,0.368,0.797,-0.054,0.386,0.523,0.403,0.45,0.557,0.264,0.243,0.339,0.3,0.268,0.631,0.629,0.546,-0.222,0.37,0.449,0.31,0.492,0.629,0.16,0.14,0.575,0.509,0.49,0.361,0.601,0.575,0.511,0.476,0.695,0.664,0.487,0.778,0.393,0.712,0.497,0.242,0.488,0.558,0.584,0.305,0.428,0.181,0.713,0.517,0.483,0.648,0.479,0.715,0.443,0.565,0.474,0.43,0.125,0.564,0.42,0.491,0.328,0.791,0.653,-0.17,0.344,0.645,0.277,0.311,0.056,0.628,-0.139,-0.128,0.662,0.685,0.663,0.523,0.373,0.375,0.443,0.617,0.395,0.412,0.061,0.58,0.479,0.788,-0.008,0.41,0.415,0.293,0.5,0.478,-0.129,-0.257,0.615,0.431,0.318,0.435,0.359,0.642,0.186,0.047,0.187,0.481,0.389,0.589,0.728,0.331,0.484,0.782,-0.095,0.663,0.313,0.209,0.124,0.603,0.628,0.461,0.442,0.559,0.489,0.204,0.601,0.426,0.516,0.205,0.379,-0.22,0.622,0.576,0.612,0.319,0.447,0.15,0.517,0.486,0.394,0.345,0.49,0.628,0.657,0.653,0.512,0.586,0.468,0.528,0.745,-0.512,0.37
000999SZ,0.252,0.392,0.566,0.575,0.414,0.791,0.859,-0.705,-0.66,0.69,0.706,0.348,0.821,0.514,0.782,0.777,0.665,0.583,0.558,0.665,-0.433,0.709,-0.769,0.844,0.158,1.0,0.266,0.698,0.86,0.826,0.711,0.764,0.61,0.824,0.848,0.114,0.73,0.444,-0.26,-0.811,0.582,-0.09,0.727,0.386,0.859,0.505,0.838,0.707,0.521,0.83,0.177,0.796,0.559,0.892,0.435,-0.47,0.443,0.111,-0.332,0.837,0.576,0.148,0.817,0.725,0.862,0.693,0.819,0.735,0.922,0.389,0.466,0.869,0.701,0.906,0.536,0.752,0.194,0.882,0.895,-0.343,-0.201,0.578,0.185,0.663,0.031,0.463,0.734,-0.143,0.333,0.383,-0.468,-0.841,0.56,-0.302,0.46,0.76,0.153,0.718,0.58,0.847,0.707,0.614,0.836,0.026,0.927,-0.184,0.653,0.954,0.8,0.362,0.73,0.542,0.915,0.324,0.418,0.581,0.765,0.238,0.575,0.647,0.839,0.361,-0.338,0.903,0.557,0.801,-0.621,0.13,0.13,0.543,0.686,-0.539,-0.498,0.788,-0.301,-0.718,-0.627,0.394,-0.016,-0.842,0.744,-0.423,0.691,0.312,-0.04,0.753,0.566,0.674,0.187,0.433,0.062,-0.127,0.485,-0.228,0.409,0.728,0.647,0.23,0.501,0.824,-0.448,0.201,0.619,0.674,0.943,0.677,0.549,0.768,0.289,-0.429,0.262,0.623,0.815,0.735,-0.151,0.758,0.575,0.486,-0.088,0.621,0.275,0.539,-0.598,0.578,0.721,-0.506,0.893,0.567,0.39,-0.69,0.251,0.547,0.794,0.687,0.728,0.141,0.584,0.615,-0.258,0.8,0.858,-0.61,-0.482,0.853,0.849,0.94,0.866,-0.016,0.576,0.459,0.718,0.62,0.838,0.713,0.586,-0.015,0.876
001965SZ,0.672,0.599,0.685,0.708,0.771,0.674,0.581,-0.042,-0.12,0.693,0.664,0.738,0.594,0.755,0.695,0.641,0.684,0.604,0.791,0.748,0.457,0.69,-0.164,0.645,0.744,0.266,1.0,0.655,0.578,0.612,0.672,0.392,0.801,0.569,0.596,0.197,0.46,0.485,-0.145,-0.223,0.676,0.103,0.625,0.649,0.613,0.197,0.584,0.455,0.708,0.341,0.677,0.586,0.796,0.584,0.606,0.217,0.131,0.444,-0.095,0.672,0.706,0.406,0.472,0.435,0.539,-0.01,0.638,0.611,0.506,0.662,-0.23,0.568,0.564,0.546,0.733,0.652,0.367,0.447,0.516,-0.139,0.279,0.621,0.774,0.752,-0.398,0.664,0.64,0.612,0.75,0.782,0.364,-0.029,0.761,0.642,0.75,0.553,0.492,0.721,0.708,0.638,0.715,0.753,0.656,0.76,0.458,0.53,0.646,0.355,0.672,0.293,0.669,0.611,0.552,0.526,0.847,0.82,0.415,0.841,0.78,0.631,0.425,0.789,0.334,0.526,0.376,0.671,0.063,0.125,0.592,0.676,0.696,-0.383,-0.031,0.665,0.339,0.063,0.124,0.836,0.255,-0.144,0.667,0.577,0.665,0.641,0.511,0.598,0.69,0.756,0.704,0.688,0.303,0.631,0.734,0.691,0.132,0.604,0.648,0.607,0.721,0.639,-0.022,-0.136,0.77,0.632,0.4,0.678,0.594,0.645,0.586,0.147,0.421,0.683,0.344,0.704,0.687,0.607,0.68,0.587,-0.1,0.789,0.658,0.53,0.045,0.762,0.73,0.448,0.531,0.742,0.743,-0.073,0.773,0.683,0.683,0.432,0.687,0.081,0.662,0.671,0.372,0.286,0.569,-0.288,0.146,0.591,0.617,0.432,0.571,0.66,0.61,0.82,0.488,0.772,0.617,0.562,0.69,-0.713,0.39
002001SZ,0.686,0.81,0.962,0.925,0.754,0.941,0.849,-0.655,-0.746,0.965,0.744,0.833,0.765,0.902,0.92,0.843,0.918,0.864,0.858,0.84,-0.08,0.787,-0.762,0.869,0.342,0.698,0.655,1.0,0.914,0.863,0.671,0.519,0.816,0.815,0.911,-0.073,0.557,0.588,-0.449,-0.796,0.667,-0.361,0.609,0.403,0.826,0.14,0.736,0.485,0.941,0.7,0.466,0.966,0.914,0.892,0.429,-0.342,0.052,0.18,-0.336,0.851,0.89,0.219,0.916,0.477,0.913,0.197,0.786,0.86,0.806,0.584,-0.103,0.923,0.802,0.864,0.748,0.835,0.306,0.777,0.88,-0.613,0.025,0.601,0.671,0.945,-0.529,0.896,0.929,0.504,0.845,0.664,0.043,-0.594,0.784,0.361,0.902,0.933,0.396,0.805,0.923,0.916,0.661,0.875,0.91,0.469,0.786,-0.068,0.838,0.78,0.94,0.009,0.86,0.872,0.834,0.747,0.822,0.933,0.497,0.76,0.95,0.579,0.547,0.851,-0.217,0.835,0.589,0.89,-0.575,-0.201,0.541,0.566,0.773,-0.811,-0.632,0.72,0.078,-0.565,-0.291,0.841,0.252,-0.495,0.723,-0.001,0.711,0.727,0.332,0.92,0.897,0.913,0.737,0.832,0.355,0.322,0.896,0.173,0.558,0.952,0.945,0.715,0.918,0.928,-0.182,0.266,0.895,0.948,0.775,0.924,0.904,0.79,0.769,-0.067,0.513,0.944,0.493,0.903,0.305,0.974,0.906,0.394,-0.136,0.884,0.807,0.87,-0.443,0.856,0.81,-0.016,0.806,0.923,0.895,-0.672,0.707,0.932,0.876,0.854,0.927,0.389,0.695,0.808,-0.177,0.547,0.845,-0.755,-0.503,0.86,0.92,0.749,0.763,0.532,0.618,0.86,0.577,0.936,0.894,0.758,0.728,-0.522,0.679
