,000001SZ,000002SZ,000157SZ,000166SZ,000333SZ,000338SZ,000538SZ,000568SZ,000596SZ,000617SZ,000625SZ,000651SZ,000661SZ,000708SZ,000725SZ,000768SZ,000776SZ,000786SZ,000800SZ,000807SZ,000858SZ,000876SZ,000895SZ,000938SZ,000963SZ,000999SZ,001965SZ,002001SZ,002007SZ,002027SZ,002028SZ,002050SZ,002129SZ,002179SZ,002230SZ,002236SZ,002241SZ,002271SZ,002304SZ,002311SZ,002371SZ,002415SZ,002422SZ,002459SZ,002460SZ,002463SZ,002466SZ,002475SZ,002493SZ,002555SZ,002594SZ,002601SZ,002648SZ,002709SZ,002714SZ,002916SZ,002920SZ,002938SZ,003816SZ,300014SZ,300033SZ,300059SZ,300122SZ,300124SZ,300274SZ,300308SZ,300316SZ,300347SZ,300394SZ,300408SZ,300413SZ,300418SZ,300433SZ,300450SZ,300498SZ,300502SZ,300628SZ,300661SZ,300750SZ,300759SZ,300760SZ,300782SZ,600000SS,600010SS,600011SS,600015SS,600016SS,600018SS,600019SS,600023SS,600025SS,600026SS,600028SS,600029SS,600031SS,600036SS,600048SS,600050SS,600061SS,600085SS,600089SS,600104SS,600111SS,600115SS,600161SS,600183SS,600188SS,600196SS,600219SS,600233SS,600276SS,600309SS,600332SS,600346SS,600362SS,600377SS,600406SS,600415SS,600426SS,600436SS,600438SS,600489SS,600519SS,600570SS,600585SS,600588SS,600600SS,600660SS,600674SS,600741SS,600760SS,600795SS,600809SS,600875SS,600886SS,600887SS,600926SS,600989SS,601006SS,601009SS,601012SS,601021SS,601058SS,601066SS,601088SS,601100SS,601117SS,601138SS,601166SS,601169SS,601186SS,601225SS,601229SS,601238SS,601288SS,601318SS,601319SS,601328SS,601336SS,601360SS,601390SS,601398SS,601600SS,601601SS,601607SS,601618SS,601628SS,601633SS,601658SS,601668SS,601669SS,601688SS,601689SS,601698SS,601699SS,601766SS,601788SS,601799SS,601800SS,601808SS,601816SS,601818SS,601838SS,601857SS,601865SS,601872SS,601877SS,601878SS,601881SS,601888SS,601899SS,601901SS,601919SS,601939SS,601985SS,601988SS,601998SS,603019SS,603195SS,603259SS,603260SS,603288SS,603369SS,603501SS,603659SS,603799SS,603806SS,603833SS,603986SS,603993SS,688008SS,688009SS,688012SS,688036SS,688111SS,688169SS,688396SS
000001SZ,1.0,0.861,0.773,0.232,0.7,0.236,0.835,0.774,0.825,-0.224,0.585,0.65,0.686,0.427,0.691,0.597,0.034,0.735,-0.077,-0.407,0.832,0.448,0.519,0.828,0.679,0.513,0.042,0.176,0.696,0.847,0.145,0.612,0.758,0.466,0.481,0.639,-0.436,0.747,0.766,0.121,0.475,0.647,0.069,0.33,0.671,-0.643,0.639,0.019,-0.428,-0.421,-0.489,0.176,-0.293,0.548,0.451,0.128,0.095,0.545,0.489,-0.386,0.394,0.723,0.761,-0.151,0.265,-0.34,0.522,0.699,-0.428,0.095,-0.451,0.577,0.677,0.069,0.517,-0.269,-0.1,0.611,0.417,0.622,0.556,0.733,0.688,0.31,0.424,0.748,0.48,-0.296,-0.002,0.374,0.388,-0.012,-0.188,0.555,0.772,0.869,0.788,0.511,0.016,0.205,0.575,-0.184,-0.419,0.705,0.488,0.637,0.033,0.543,0.503,-0.176,0.778,0.797,0.565,-0.381,-0.248,0.674,0.172,0.757,-0.16,0.728,0.641,-0.143,0.708,0.476,0.885,0.836,0.765,-0.485,0.379,-0.227,0.644,0.555,0.653,0.219,0.566,0.416,0.845,-0.324,0.125,-0.419,0.56,0.697,-0.311,0.513,0.226,0.766,-0.077,0.682,0.945,0.675,0.838,0.504,0.783,-0.421,0.462,0.668,0.235,0.558,0.598,0.554,0.288,0.616,-0.291,0.591,0.115,0.484,0.552,-0.308,0.889,0.824,-0.03,-0.039,0.481,0.665,-0.055,0.564,-0.162,0.311,0.796,-0.416,0.698,0.601,0.149,-0.306,-0.768,0.015,0.218,0.168,0.39,0.743,-0.331,0.126,0.415,0.791,0.661,0.676,0.249,0.752,0.757,0.651,0.199,0.806,0.477,0.595,0.483,0.649,-0.701,0.655,0.385,-0.205,-0.238,-0.43,-0.457,-0.409,-0.388,-0.486,-0.132
000002SZ,0.861,1.0,0.793,-0.054,0.808,0.081,0.904,0.899,0.93,-0.557,0.67,0.719,0.843,0.443,0.569,0.624,-0.276,0.9,-0.274,-0.692,0.918,0.575,0.523,0.831,0.861,0.684,-0.172,-0.069,0.814,0.854,0.225,0.78,0.898,0.507,0.668,0.479,-0.676,0.826,0.901,0.271,0.606,0.56,0.223,0.482,0.793,-0.808,0.75,-0.198,-0.683,-0.626,-0.45,0.176,-0.585,0.723,0.615,0.033,0.165,0.503,0.54,-0.299,0.201,0.585,0.898,-0.125,0.416,-0.634,0.733,0.858,-0.576,0.035,-0.67,0.486,0.69,0.196,0.673,-0.504,-0.335,0.655,0.601,0.788,0.679,0.88,0.454,0.473,0.677,0.557,0.526,-0.611,-0.21,0.489,0.52,-0.196,-0.479,0.635,0.862,0.767,0.94,0.135,-0.269,0.239,0.649,-0.376,-0.663,0.813,0.661,0.609,-0.223,0.75,0.3,-0.411,0.894,0.8,0.667,-0.653,-0.614,0.722,0.305,0.765,-0.489,0.815,0.796,-0.439,0.854,0.479,0.909,0.929,0.877,-0.551,0.537,-0.305,0.759,0.782,0.728,0.386,0.698,0.194,0.91,-0.627,-0.091,-0.719,0.686,0.82,-0.392,0.576,0.025,0.75,-0.235,0.607,0.819,0.663,0.658,0.419,0.549,-0.551,0.385,0.667,0.102,0.388,0.603,0.397,0.041,0.792,-0.656,0.629,0.152,0.17,0.689,-0.476,0.849,0.897,-0.343,-0.255,0.648,0.642,-0.295,0.349,-0.435,0.379,0.707,-0.692,0.816,0.479,0.092,-0.606,-0.847,-0.09,0.407,-0.033,0.144,0.854,-0.613,-0.086,0.251,0.864,0.586,0.814,0.027,0.705,0.866,0.725,0.084,0.929,0.416,0.493,0.671,0.791,-0.819,0.814,0.299,-0.32,-0.415,-0.71,-0.533,-0.645,-0.629,-0.721,-0.366
000157SZ,0.773,0.793,1.0,0.038,0.542,0.342,0.721,0.667,0.741,-0.407,0.552,0.498,0.592,0.314,0.411,0.565,-0.21,0.653,-0.08,-0.399,0.764,0.562,0.472,0.773,0.787,0.521,0.144,-0.076,0.627,0.662,0.192,0.572,0.814,0.407,0.475,0.296,-0.468,0.615,0.707,0.245,0.491,0.304,0.113,0.21,0.782,-0.675,0.811,-0.126,-0.422,-0.63,-0.42,0.288,-0.302,0.538,0.587,-0.091,0.064,0.431,0.625,-0.398,0.052,0.523,0.746,-0.282,0.211,-0.418,0.491,0.734,-0.631,-0.227,-0.558,0.244,0.486,-0.001,0.584,-0.468,-0.222,0.486,0.307,0.658,0.519,0.681,0.24,0.288,0.454,0.459,0.267,-0.433,0.142,0.545,0.637,-0.206,-0.156,0.305,0.877,0.551,0.672,0.16,-0.223,-0.007,0.768,-0.369,-0.383,0.58,0.448,0.379,0.069,0.75,0.372,-0.183,0.84,0.589,0.389,-0.409,-0.353,0.465,0.19,0.834,-0.31,0.579,0.743,-0.402,0.603,0.32,0.856,0.743,0.677,-0.473,0.614,-0.408,0.772,0.686,0.446,0.197,0.698,0.061,0.765,-0.336,0.094,-0.612,0.435,0.556,-0.506,0.372,0.284,0.735,0.151,0.344,0.708,0.426,0.634,0.667,0.562,-0.405,0.298,0.4,0.002,0.351,0.356,0.228,0.193,0.573,-0.393,0.346,-0.07,0.395,0.4,-0.378,0.764,0.803,-0.358,-0.293,0.618,0.616,0.028,0.209,-0.202,0.325,0.488,-0.4,0.524,0.312,0.301,-0.269,-0.817,-0.024,0.224,0.163,0.119,0.609,-0.323,-0.009,0.423,0.803,0.695,0.726,-0.123,0.586,0.72,0.651,0.211,0.78,0.15,0.417,0.464,0.584,-0.808,0.521,0.156,-0.389,-0.321,-0.55,-0.369,-0.487,-0.583,-0.611,-0.318
000166SZ,0.232,-0.054,0.038,1.0,-0.05,0.626,0.059,-0.117,0.047,0.741,0.06,0.125,-0.065,0.038,0.479,-0.099,0.856,-0.117,0.818,0.171,-0.123,-0.112,0.309,0.178,-0.253,-0.193,0.122,0.743,-0.041,-0.082,-0.313,-0.111,-0.247,-0.302,-0.149,0.364,0.178,-0.016,-0.111,-0.326,-0.383,0.278,-0.014,-0.218,-0.191,0.313,-0.247,0.295,0.406,0.37,0.018,-0.031,0.405,-0.032,-0.208,0.189,0.039,0.138,-0.21,0.197,0.751,0.45,-0.16,0.163,-0.228,0.223,-0.135,-0.294,0.325,0.343,0.329,0.437,0.271,0.199,-0.171,0.44,0.083,-0.353,-0.042,-0.363,-0.254,-0.151,0.501,-0.157,-0.354,0.734,0.544,0.218,0.075,-0.32,-0.316,-0.01,0.196,-0.026,0.161,0.23,-0.049,0.675,0.938,0.334,-0.068,0.674,0.333,-0.119,-0.053,0.246,0.092,-0.303,0.274,0.026,-0.193,0.211,0.056,0.427,0.421,0.22,-0.399,-0.096,0.593,0.035,-0.283,0.533,-0.112,0.132,0.137,0.046,-0.107,0.418,-0.326,0.463,-0.209,-0.329,0.01,0.181,-0.151,0.581,-0.068,0.233,0.13,0.393,-0.182,-0.089,0.362,0.392,-0.069,0.327,0.078,0.275,0.345,0.397,0.373,-0.118,0.633,0.449,0.418,0.301,0.773,0.497,0.384,0.515,0.323,0.083,0.29,0.313,0.193,0.302,0.115,0.613,0.042,-0.012,0.719,0.821,0.081,-0.056,0.031,0.723,0.821,0.218,0.143,0.234,-0.02,0.635,-0.007,0.404,-0.014,-0.231,-0.358,0.843,0.924,-0.121,0.235,0.92,0.29,0.086,-0.167,-0.12,0.721,0.114,-0.158,-0.335,0.618,-0.091,0.421,0.073,-0.119,-0.097,0.15,-0.002,0.025,0.425,-0.175,0.556,-0.097,0.203,0.219,0.271,0.383
000333SZ,0.7,0.808,0.542,-0.05,1.0,0.11,0.885,0.939,0.844,-0.585,0.877,0.907,0.957,0.571,0.726,0.709,-0.168,0.93,-0.194,-0.864,0.89,0.715,0.566,0.778,0.75,0.661,-0.524,0.031,0.945,0.816,0.353,0.944,0.768,0.669,0.901,0.703,-0.782,0.738,0.938,0.392,0.666,0.739,0.508,0.758,0.811,-0.835,0.69,-0.278,-0.847,-0.512,-0.075,0.255,-0.778,0.922,0.735,0.312,0.592,0.422,0.454,0.148,0.413,0.693,0.928,0.257,0.578,-0.735,0.916,0.845,-0.343,0.256,-0.606,0.651,0.822,0.55,0.842,-0.505,-0.316,0.679,0.903,0.817,0.815,0.883,0.525,0.738,0.848,0.507,0.616,-0.738,-0.552,0.502,0.379,-0.2,-0.72,0.843,0.743,0.76,0.889,0.041,-0.156,0.603,0.473,-0.041,-0.8,0.894,0.822,0.823,-0.536,0.628,0.158,-0.603,0.81,0.891,0.823,-0.808,-0.708,0.762,0.541,0.542,-0.613,0.965,0.746,-0.245,0.952,0.767,0.755,0.801,0.873,-0.232,0.455,0.099,0.66,0.612,0.914,0.684,0.635,0.368,0.81,-0.832,-0.489,-0.634,0.846,0.924,0.033,0.75,-0.307,0.656,-0.436,0.794,0.595,0.778,0.407,0.141,0.49,-0.168,0.296,0.892,0.313,0.248,0.813,0.383,-0.309,0.754,-0.738,0.834,0.447,-0.201,0.906,-0.165,0.612,0.646,-0.24,-0.04,0.78,0.627,-0.619,0.52,-0.442,0.522,0.476,-0.882,0.884,0.544,-0.278,-0.825,-0.737,-0.124,0.696,-0.103,0.262,0.92,-0.856,0.011,0.259,0.665,0.276,0.776,0.131,0.763,0.933,0.726,0.148,0.912,0.524,0.496,0.931,0.892,-0.565,0.932,0.249,-0.14,-0.617,-0.711,-0.502,-0.756,-0.63,-0.717,-0.405
000338SZ,0.236,0.081,0.342,0.626,0.11,1.0,0.16,0.133,0.253,0.377,0.377,0.289,0.149,0.311,0.371,0.242,0.561,0.111,0.731,-0.048,0.159,0.1,0.425,0.273,0.059,0.118,-0.067,0.519,0.159,0.048,-0.237,0.197,0.049,0.107,0.048,0.417,-0.071,0.21,0.157,-0.148,-0.152,0.297,0.05,0.085,0.171,0.1,0.088,0.32,0.158,0.055,0.218,0.097,0.176,0.243,0.08,0.23,0.354,0.192,-0.091,0.33,0.49,0.533,0.106,0.387,0.071,0.045,0.087,-0.039,0.214,0.209,0.095,0.363,0.387,0.444,0.118,0.242,0.095,-0.2,0.157,-0.12,-0.067,0.086,0.228,0.153,-0.17,0.536,0.412,-0.027,-0.125,-0.179,-0.004,0.012,0.042,0.157,0.434,0.261,0.073,0.328,0.573,0.422,0.188,0.586,0.18,0.14,0.024,0.384,0.093,-0.101,0.376,0.05,0.072,0.287,0.209,0.134,0.238,0.285,-0.06,0.162,0.278,0.23,0.016,0.441,0.136,0.227,0.264,0.203,0.182,0.45,-0.182,0.459,0.21,-0.197,0.218,0.253,-0.033,0.517,0.113,0.04,-0.17,0.142,0.161,0.168,0.273,0.4,0.019,0.629,-0.064,0.304,0.281,0.329,0.162,0.158,0.397,0.483,0.107,0.298,0.463,0.134,0.32,0.451,-0.058,0.051,0.122,0.23,0.079,0.09,0.187,0.603,0.037,0.017,0.338,0.48,0.374,0.29,0.026,0.554,0.463,0.474,0.02,0.044,0.155,0.457,-0.032,0.17,-0.248,-0.203,-0.093,0.711,0.611,0.157,0.05,0.517,0.208,0.099,-0.126,0.024,0.235,0.357,0.111,-0.16,0.624,0.152,0.36,0.255,0.172,0.229,-0.026,0.167,0.133,0.365,-0.252,0.259,-0.257,-0.055,0.025,0.07,0.186
000538SZ,0.835,0.904,0.721,0.059,0.885,0.16,1.0,0.895,0.892,-0.463,0.727,0.828,0.905,0.461,0.694,0.618,-0.163,0.881,-0.15,-0.695,0.888,0.735,0.725,0.871,0.86,0.674,-0.204,0.137,0.926,0.818,0.407,0.838,0.806,0.535,0.784,0.6,-0.672,0.759,0.888,0.258,0.555,0.643,0.442,0.482,0.801,-0.799,0.752,-0.258,-0.686,-0.479,-0.255,0.296,-0.576,0.832,0.733,0.139,0.347,0.406,0.555,-0.099,0.385,0.681,0.923,0.032,0.416,-0.62,0.823,0.842,-0.453,0.15,-0.549,0.634,0.779,0.316,0.762,-0.462,-0.434,0.601,0.72,0.797,0.815,0.858,0.503,0.53,0.737,0.599,0.59,-0.617,-0.274,0.524,0.364,-0.29,-0.587,0.645,0.847,0.751,0.876,0.209,-0.117,0.437,0.665,-0.208,-0.633,0.765,0.82,0.721,-0.407,0.757,0.234,-0.458,0.883,0.91,0.815,-0.671,-0.593,0.694,0.436,0.737,-0.413,0.905,0.803,-0.223,0.88,0.648,0.925,0.858,0.819,-0.366,0.507,-0.136,0.71,0.687,0.76,0.582,0.716,0.301,0.799,-0.648,-0.194,-0.706,0.692,0.801,-0.104,0.673,-0.165,0.717,-0.251,0.717,0.737,0.704,0.649,0.266,0.633,-0.308,0.356,0.798,0.276,0.375,0.738,0.432,0.017,0.795,-0.627,0.761,0.41,0.081,0.791,-0.306,0.7,0.812,-0.211,-0.075,0.761,0.582,-0.463,0.516,-0.312,0.412,0.558,-0.746,0.767,0.517,-0.153,-0.647,-0.762,-0.175,0.551,-0.012,0.314,0.835,-0.66,0.082,0.348,0.8,0.511,0.821,0.204,0.726,0.906,0.742,0.311,0.935,0.547,0.444,0.796,0.849,-0.641,0.845,0.169,-0.197,-0.564,-0.646,-0.534,-0.602,-0.599,-0.665,-0.438
000568SZ,0.774,0.899,0.667,-0.117,0.939,0.133,0.895,1.0,0.911,-0.621,0.842,0.849,0.933,0.593,0.615,0.734,-0.211,0.969,-0.261,-0.829,0.967,0.62,0.54,0.763,0.814,0.746,-0.451,-0.028,0.898,0.86,0.232,0.93,0.852,0.696,0.801,0.666,-0.771,0.85,0.986,0.365,0.66,0.712,0.349,0.735,0.833,-0.816,0.723,-0.162,-0.824,-0.586,-0.18,0.143,-0.721,0.863,0.668,0.246,0.468,0.481,0.426,-0.009,0.304,0.692,0.946,0.184,0.579,-0.702,0.842,0.869,-0.399,0.208,-0.637,0.598,0.763,0.456,0.788,-0.496,-0.27,0.707,0.81,0.814,0.767,0.921,0.508,0.72,0.776,0.495,0.567,-0.692,-0.491,0.447,0.476,-0.079,-0.618,0.85,0.813,0.834,0.93,0.036,-0.246,0.462,0.53,-0.155,-0.773,0.934,0.707,0.791,-0.367,0.657,0.228,-0.478,0.862,0.871,0.808,-0.778,-0.676,0.809,0.485,0.677,-0.628,0.952,0.78,-0.323,0.975,0.666,0.809,0.869,0.951,-0.371,0.433,-0.024,0.756,0.65,0.925,0.523,0.6,0.367,0.902,-0.755,-0.391,-0.665,0.879,0.955,-0.166,0.682,-0.123,0.762,-0.444,0.762,0.703,0.737,0.443,0.293,0.447,-0.329,0.267,0.796,0.17,0.266,0.714,0.417,-0.269,0.721,-0.709,0.73,0.318,-0.088,0.828,-0.27,0.716,0.726,-0.321,-0.155,0.723,0.717,-0.457,0.426,-0.528,0.527,0.59,-0.813,0.916,0.513,-0.147,-0.771,-0.798,-0.073,0.593,-0.106,0.171,0.973,-0.761,-0.124,0.152,0.707,0.379,0.772,0.018,0.829,0.933,0.734,0.09,0.963,0.527,0.571,0.858,0.909,-0.662,0.926,0.366,-0.15,-0.471,-0.722,-0.588,-0.739,-0.592,-0.691,-0.376
000596SZ,0.825,0.93,0.741,0.047,0.844,0.253,0.892,0.911,1.0,-0.47,0.75,0.782,0.875,0.482,0.615,0.666,-0.142,0.876,-0.102,-0.712,0.915,0.566,0.598,0.786,0.835,0.633,-0.249,0.107,0.838,0.854,0.214,0.829,0.857,0.55,0.679,0.598,-0.652,0.824,0.906,0.236,0.567,0.615,0.253,0.564,0.807,-0.767,0.7,-0.109,-0.638,-0.55,-0.351,0.219,-0.544,0.783,0.595,0.168,0.312,0.544,0.448,-0.143,0.288,0.675,0.889,0.032,0.498,-0.586,0.759,0.806,-0.401,0.161,-0.568,0.585,0.766,0.327,0.674,-0.387,-0.228,0.606,0.655,0.731,0.641,0.853,0.456,0.494,0.624,0.616,0.597,-0.616,-0.333,0.406,0.428,-0.176,-0.503,0.726,0.875,0.793,0.882,0.12,-0.139,0.436,0.617,-0.17,-0.572,0.863,0.697,0.694,-0.24,0.623,0.373,-0.344,0.842,0.841,0.715,-0.595,-0.521,0.761,0.297,0.725,-0.433,0.874,0.743,-0.253,0.875,0.489,0.891,0.907,0.9,-0.388,0.428,-0.13,0.72,0.652,0.812,0.507,0.618,0.386,0.863,-0.613,-0.257,-0.634,0.76,0.854,-0.182,0.625,-0.031,0.828,-0.293,0.67,0.766,0.68,0.571,0.359,0.561,-0.385,0.293,0.716,0.177,0.295,0.637,0.463,-0.102,0.712,-0.613,0.649,0.204,0.067,0.705,-0.274,0.758,0.748,-0.24,-0.159,0.685,0.708,-0.34,0.48,-0.363,0.479,0.631,-0.676,0.841,0.512,0.019,-0.591,-0.82,-0.175,0.411,0.074,0.262,0.884,-0.614,0.007,0.279,0.743,0.427,0.73,0.013,0.793,0.86,0.653,0.245,0.913,0.516,0.579,0.74,0.84,-0.733,0.847,0.391,-0.18,-0.46,-0.613,-0.547,-0.623,-0.582,-0.65,-0.265
000617SZ,-0.224,-0.557,-0.407,0.741,-0.585,0.377,-0.463,-0.621,-0.47,1.0,-0.512,-0.377,-0.579,-0.318,-0.041,-0.544,0.784,-0.631,0.685,0.678,-0.632,-0.582,-0.052,-0.347,-0.668,-0.558,0.388,0.69,-0.568,-0.483,-0.453,-0.645,-0.73,-0.601,-0.648,0.009,0.693,-0.373,-0.646,-0.562,-0.752,-0.087,-0.312,-0.608,-0.689,0.786,-0.707,0.525,0.846,0.77,0.059,-0.239,0.8,-0.585,-0.675,0.09,-0.289,-0.115,-0.544,0.088,0.372,-0.078,-0.679,0.058,-0.512,0.722,-0.67,-0.785,0.643,0.315,0.771,0.081,-0.206,-0.172,-0.705,0.776,0.292,-0.662,-0.54,-0.816,-0.641,-0.632,0.163,-0.576,-0.806,0.256,0.077,0.695,0.283,-0.639,-0.597,0.205,0.529,-0.428,-0.385,-0.208,-0.569,0.568,0.823,-0.012,-0.468,0.57,0.788,-0.613,-0.503,-0.21,0.337,-0.709,0.152,0.46,-0.696,-0.304,-0.391,0.831,0.816,-0.233,-0.623,-0.459,0.902,-0.496,-0.753,0.728,-0.636,-0.325,-0.361,-0.449,-0.592,0.438,-0.679,0.348,-0.645,-0.703,-0.471,-0.259,-0.602,0.362,-0.587,0.711,0.361,0.775,-0.617,-0.6,0.404,-0.202,0.063,-0.159,0.162,-0.137,-0.103,-0.152,0.077,-0.291,0.164,0.46,0.025,-0.252,0.4,0.185,-0.183,0.276,0.448,-0.458,0.737,-0.217,0.028,0.318,-0.448,0.581,-0.395,-0.434,0.847,0.687,-0.493,-0.422,0.331,0.346,0.821,-0.25,-0.091,0.714,-0.538,0.135,0.012,0.756,0.539,-0.156,-0.688,0.554,0.541,-0.607,0.727,0.623,-0.006,-0.454,-0.33,-0.665,0.529,-0.29,-0.685,-0.725,0.396,-0.636,0.183,-0.149,-0.624,-0.564,0.598,-0.503,-0.053,0.529,0.306,0.926,0.194,0.727,0.704,0.783,0.565
000625SZ,0.585,0.67,0.552,0.06,0.877,0.377,0.727,0.842,0.75,-0.512,1.0,0.807,0.849,0.68,0.684,0.81,-0.041,0.82,0.069,-0.824,0.831,0.674,0.492,0.707,0.608,0.642,-0.629,0.023,0.845,0.643,0.213,0.92,0.727,0.701,0.806,0.664,-0.832,0.614,0.871,0.402,0.626,0.653,0.438,0.845,0.788,-0.72,0.678,-0.232,-0.793,-0.579,0.125,0.252,-0.714,0.914,0.712,0.339,0.748,0.365,0.376,0.307,0.426,0.759,0.832,0.401,0.615,-0.722,0.866,0.755,-0.324,0.157,-0.661,0.54,0.752,0.72,0.867,-0.49,-0.151,0.578,0.866,0.705,0.648,0.759,0.453,0.814,0.722,0.506,0.582,-0.733,-0.573,0.395,0.458,-0.082,-0.599,0.813,0.726,0.689,0.76,-0.048,-0.032,0.64,0.464,0.203,-0.763,0.872,0.63,0.813,-0.391,0.504,0.27,-0.586,0.733,0.763,0.745,-0.751,-0.594,0.697,0.54,0.496,-0.611,0.88,0.699,-0.21,0.882,0.754,0.619,0.706,0.827,0.009,0.407,0.306,0.701,0.469,0.871,0.636,0.56,0.4,0.78,-0.779,-0.587,-0.48,0.865,0.902,0.077,0.818,-0.209,0.729,-0.383,0.725,0.523,0.75,0.197,0.255,0.442,0.081,0.318,0.829,0.333,0.172,0.775,0.37,-0.485,0.66,-0.649,0.73,0.298,-0.253,0.845,0.127,0.524,0.455,-0.258,0.055,0.83,0.684,-0.493,0.502,-0.305,0.73,0.285,-0.778,0.864,0.588,-0.208,-0.69,-0.783,-0.005,0.638,0.123,0.321,0.867,-0.82,0.103,0.252,0.595,0.127,0.717,0.04,0.732,0.853,0.594,0.182,0.829,0.386,0.462,0.889,0.852,-0.553,0.807,0.26,-0.022,-0.627,-0.619,-0.459,-0.819,-0.652,-0.723,-0.255
000651SZ,0.65,0.719,0.498,0.125,0.907,0.289,0.828,0.849,0.782,-0.377,0.807,1.0,0.883,0.604,0.726,0.642,-0.001,0.837,-0.031,-0.777,0.796,0.593,0.646,0.734,0.653,0.617,-0.457,0.198,0.853,0.719,0.253,0.838,0.629,0.606,0.789,0.779,-0.632,0.727,0.84,0.175,0.504,0.753,0.494,0.643,0.674,-0.626,0.542,-0.101,-0.682,-0.354,-0.029,0.183,-0.607,0.85,0.593,0.442,0.581,0.463,0.305,0.229,0.511,0.721,0.809,0.386,0.517,-0.587,0.791,0.702,-0.155,0.382,-0.425,0.735,0.839,0.577,0.692,-0.305,-0.273,0.535,0.855,0.667,0.699,0.803,0.527,0.676,0.684,0.583,0.704,-0.624,-0.549,0.338,0.217,-0.241,-0.64,0.77,0.713,0.73,0.796,0.155,0.036,0.638,0.419,0.096,-0.614,0.779,0.726,0.878,-0.51,0.494,0.191,-0.428,0.681,0.874,0.807,-0.674,-0.579,0.751,0.472,0.489,-0.399,0.912,0.617,-0.076,0.879,0.719,0.723,0.762,0.791,-0.089,0.282,0.225,0.605,0.448,0.836,0.682,0.484,0.472,0.682,-0.717,-0.468,-0.539,0.771,0.831,0.158,0.765,-0.342,0.691,-0.472,0.815,0.57,0.764,0.405,0.057,0.524,-0.031,0.238,0.869,0.425,0.233,0.812,0.53,-0.256,0.67,-0.626,0.812,0.49,-0.182,0.864,-0.023,0.493,0.567,-0.083,0.106,0.735,0.61,-0.593,0.625,-0.28,0.553,0.441,-0.765,0.807,0.588,-0.381,-0.699,-0.641,-0.255,0.563,0.036,0.411,0.827,-0.726,0.146,0.213,0.574,0.171,0.642,0.236,0.76,0.834,0.597,0.354,0.824,0.641,0.511,0.863,0.807,-0.399,0.88,0.279,-0.005,-0.578,-0.506,-0.507,-0.594,-0.448,-0.535,-0.297
000661SZ,0.686,0.843,0.592,-0.065,0.957,0.149,0.905,0.933,0.875,-0.579,0.849,0.883,1.0,0.504,0.683,0.652,-0.252,0.914,-0.159,-0.855,0.89,0.717,0.659,0.799,0.804,0.639,-0.471,0.066,0.965,0.798,0.331,0.953,0.792,0.597,0.884,0.64,-0.763,0.759,0.934,0.273,0.6,0.698,0.493,0.699,0.817,-0.825,0.701,-0.253,-0.826,-0.481,-0.137,0.221,-0.762,0.934,0.732,0.238,0.512,0.435,0.423,0.081,0.351,0.605,0.944,0.188,0.529,-0.701,0.924,0.832,-0.343,0.267,-0.586,0.654,0.865,0.513,0.816,-0.472,-0.395,0.613,0.857,0.784,0.782,0.886,0.46,0.652,0.809,0.515,0.647,-0.793,-0.568,0.451,0.39,-0.251,-0.773,0.815,0.794,0.701,0.888,0.02,-0.195,0.607,0.528,-0.112,-0.744,0.869,0.849,0.78,-0.555,0.671,0.22,-0.591,0.825,0.904,0.792,-0.798,-0.697,0.755,0.466,0.557,-0.579,0.965,0.752,-0.223,0.941,0.666,0.814,0.844,0.858,-0.303,0.449,-0.001,0.652,0.666,0.871,0.699,0.669,0.325,0.785,-0.819,-0.486,-0.69,0.813,0.906,0.039,0.719,-0.342,0.675,-0.459,0.773,0.591,0.722,0.434,0.136,0.484,-0.231,0.244,0.848,0.247,0.225,0.759,0.412,-0.269,0.795,-0.755,0.8,0.461,-0.23,0.869,-0.207,0.591,0.668,-0.264,-0.107,0.793,0.602,-0.636,0.498,-0.464,0.433,0.476,-0.874,0.85,0.472,-0.28,-0.824,-0.757,-0.234,0.633,-0.138,0.222,0.904,-0.829,-0.022,0.229,0.671,0.29,0.758,0.075,0.728,0.911,0.656,0.236,0.929,0.551,0.471,0.921,0.958,-0.594,0.935,0.212,-0.089,-0.652,-0.705,-0.546,-0.691,-0.635,-0.711,-0.436
000708SZ,0.427,0.443,0.314,0.038,0.571,0.311,0.461,0.593,0.482,-0.318,0.68,0.604,0.504,1.0,0.359,0.745,0.096,0.624,-0.037,-0.487,0.605,0.265,0.151,0.378,0.383,0.585,-0.459,0.019,0.469,0.528,0.098,0.575,0.486,0.773,0.516,0.6,-0.491,0.529,0.621,0.364,0.482,0.615,0.135,0.683,0.428,-0.344,0.372,0.061,-0.499,-0.376,0.25,0.131,-0.416,0.527,0.347,0.451,0.507,0.394,0.2,0.226,0.302,0.683,0.509,0.612,0.418,-0.341,0.525,0.496,-0.125,0.155,-0.421,0.418,0.474,0.551,0.492,-0.181,0.153,0.516,0.585,0.463,0.455,0.575,0.39,0.633,0.442,0.293,0.343,-0.249,-0.349,0.239,0.298,0.286,-0.18,0.65,0.396,0.629,0.513,-0.003,0.006,0.418,0.226,0.25,-0.525,0.68,0.297,0.688,-0.051,0.181,0.423,-0.182,0.441,0.406,0.634,-0.507,-0.28,0.627,0.558,0.393,-0.353,0.553,0.452,-0.136,0.628,0.665,0.322,0.451,0.646,0.119,0.13,0.349,0.67,0.214,0.67,0.254,0.181,0.311,0.601,-0.417,-0.296,-0.198,0.745,0.689,0.003,0.567,0.084,0.53,-0.378,0.598,0.395,0.58,0.123,0.289,0.176,0.016,0.221,0.528,0.174,0.057,0.485,0.446,-0.417,0.297,-0.277,0.412,0.177,-0.025,0.536,0.101,0.402,0.3,-0.213,0.096,0.466,0.71,-0.132,0.348,-0.268,0.569,0.348,-0.415,0.705,0.454,-0.154,-0.394,-0.428,0.351,0.507,0.163,0.225,0.687,-0.462,-0.044,-0.003,0.345,0.179,0.428,0.041,0.651,0.554,0.462,-0.07,0.507,0.277,0.543,0.568,0.519,-0.319,0.519,0.494,-0.068,-0.143,-0.327,-0.325,-0.56,-0.254,-0.343,0.016
000725SZ,0.691,0.569,0.411,0.479,0.726,0.371,0.694,0.615,0.615,-0.041,0.684,0.726,0.683,0.359,1.0,0.466,0.288,0.6,0.235,-0.536,0.588,0.485,0.544,0.801,0.357,0.294,-0.308,0.314,0.708,0.545,0.097,0.631,0.44,0.295,0.585,0.74,-0.466,0.519,0.613,0.023,0.38,0.688,0.337,0.443,0.49,-0.484,0.366,0.002,-0.469,-0.147,-0.075,0.135,-0.451,0.634,0.418,0.384,0.451,0.418,0.244,0.179,0.769,0.696,0.585,0.197,0.437,-0.416,0.609,0.442,-0.074,0.412,-0.294,0.771,0.828,0.464,0.533,-0.107,-0.195,0.392,0.663,0.388,0.389,0.613,0.738,0.421,0.447,0.8,0.692,-0.482,-0.378,0.187,0.104,-0.295,-0.516,0.597,0.589,0.695,0.665,0.55,0.369,0.617,0.263,0.298,-0.436,0.579,0.565,0.779,-0.434,0.307,0.25,-0.491,0.483,0.829,0.6,-0.445,-0.305,0.6,0.192,0.305,-0.123,0.739,0.371,0.142,0.623,0.588,0.62,0.641,0.526,0.034,0.203,0.271,0.338,0.242,0.65,0.582,0.447,0.571,0.547,-0.542,-0.329,-0.277,0.517,0.634,0.226,0.746,-0.355,0.603,-0.281,0.809,0.66,0.764,0.562,-0.048,0.772,0.142,0.447,0.869,0.646,0.469,0.866,0.602,0.046,0.583,-0.355,0.855,0.379,0.075,0.762,0.167,0.506,0.521,0.281,0.369,0.591,0.393,-0.512,0.849,0.113,0.481,0.44,-0.579,0.616,0.714,-0.273,-0.447,-0.561,-0.337,0.292,0.236,0.683,0.578,-0.519,0.467,0.513,0.549,0.117,0.5,0.532,0.603,0.623,0.335,0.362,0.626,0.612,0.421,0.589,0.585,-0.313,0.699,0.19,0.118,-0.551,-0.256,-0.31,-0.392,-0.325,-0.465,-0.08
000768SZ,0.597,0.624,0.565,-0.099,0.709,0.242,0.618,0.734,0.666,-0.544,0.81,0.642,0.652,0.745,0.466,1.0,-0.155,0.692,-0.13,-0.547,0.807,0.513,0.203,0.597,0.569,0.543,-0.354,-0.167,0.659,0.674,0.312,0.743,0.788,0.892,0.607,0.523,-0.68,0.552,0.78,0.389,0.763,0.461,0.169,0.736,0.772,-0.665,0.733,-0.2,-0.669,-0.685,0.072,0.408,-0.529,0.677,0.579,0.332,0.516,0.411,0.51,0.038,0.146,0.697,0.734,0.229,0.624,-0.51,0.685,0.78,-0.427,-0.153,-0.696,0.281,0.484,0.401,0.711,-0.436,0.188,0.764,0.637,0.748,0.557,0.705,0.341,0.63,0.596,0.319,0.213,-0.452,-0.218,0.492,0.57,0.038,-0.245,0.655,0.527,0.631,0.641,-0.043,-0.228,0.331,0.534,0.013,-0.628,0.829,0.447,0.645,-0.006,0.451,0.42,-0.201,0.739,0.557,0.55,-0.628,-0.406,0.521,0.627,0.617,-0.516,0.693,0.76,-0.315,0.783,0.587,0.541,0.657,0.795,-0.082,0.517,0.077,0.872,0.457,0.734,0.258,0.558,0.204,0.783,-0.509,-0.284,-0.439,0.81,0.795,-0.138,0.559,0.224,0.608,-0.094,0.576,0.51,0.524,0.212,0.563,0.368,-0.135,0.294,0.548,-0.032,0.093,0.469,0.288,-0.374,0.431,-0.39,0.396,-0.08,0.053,0.557,-0.119,0.618,0.433,-0.44,-0.226,0.593,0.875,-0.077,0.246,-0.39,0.684,0.326,-0.538,0.796,0.374,0.058,-0.473,-0.738,0.313,0.596,0.052,0.09,0.79,-0.578,-0.138,0.35,0.565,0.329,0.683,-0.16,0.711,0.793,0.738,-0.049,0.728,0.082,0.558,0.666,0.659,-0.648,0.555,0.469,-0.273,-0.236,-0.588,-0.214,-0.728,-0.531,-0.692,-0.046
000776SZ,0.034,-0.276,-0.21,0.856,-0.168,0.561,-0.163,-0.211,-0.142,0.784,-0.041,-0.001,-0.252,0.096,0.288,-0.155,1.0,-0.202,0.72,0.26,-0.255,-0.356,0.075,-0.082,-0.468,-0.197,-0.01,0.704,-0.235,-0.207,-0.471,-0.238,-0.459,-0.23,-0.294,0.399,0.281,-0.036,-0.231,-0.259,-0.444,0.286,-0.145,-0.153,-0.375,0.526,-0.479,0.465,0.481,0.498,0.231,-0.233,0.466,-0.199,-0.416,0.351,0.119,0.055,-0.46,0.355,0.718,0.424,-0.348,0.399,-0.17,0.351,-0.309,-0.478,0.595,0.464,0.484,0.363,0.082,0.253,-0.331,0.6,0.275,-0.39,-0.089,-0.523,-0.368,-0.261,0.458,-0.072,-0.478,0.5,0.39,0.417,-0.031,-0.505,-0.42,0.269,0.306,0.017,-0.08,0.196,-0.197,0.581,0.933,0.292,-0.37,0.813,0.39,-0.177,-0.283,0.244,0.169,-0.576,0.177,0.174,-0.418,0.025,0.021,0.515,0.527,0.179,-0.356,-0.27,0.57,-0.094,-0.493,0.631,-0.214,0.124,-0.164,-0.161,-0.173,0.568,-0.588,0.675,-0.316,-0.608,0.01,-0.006,-0.482,0.668,-0.201,0.338,0.045,0.629,-0.166,-0.149,0.413,0.259,-0.036,0.212,-0.087,0.236,0.165,0.29,0.104,-0.243,0.332,0.579,0.233,0.165,0.699,0.324,0.255,0.481,0.127,-0.224,0.442,0.175,0.182,0.204,0.002,0.742,-0.158,-0.251,0.789,0.883,-0.135,-0.068,0.111,0.622,0.744,0.233,0.054,0.354,-0.088,0.549,-0.091,0.438,0.248,-0.085,-0.366,0.756,0.809,-0.175,0.343,0.75,0.023,-0.229,-0.383,-0.374,0.643,0.13,-0.313,-0.46,0.412,-0.279,0.416,0.123,-0.217,-0.246,0.423,-0.101,0.172,0.537,0.096,0.697,-0.06,0.291,0.481,0.5,0.511
000786SZ,0.735,0.9,0.653,-0.117,0.93,0.111,0.881,0.969,0.876,-0.631,0.82,0.837,0.914,0.624,0.6,0.692,-0.202,1.0,-0.287,-0.859,0.926,0.613,0.504,0.772,0.805,0.79,-0.477,-0.056,0.884,0.828,0.2,0.905,0.816,0.659,0.829,0.627,-0.795,0.865,0.967,0.41,0.64,0.709,0.369,0.712,0.783,-0.796,0.688,-0.202,-0.832,-0.581,-0.151,0.1,-0.755,0.85,0.669,0.22,0.464,0.441,0.426,0.026,0.331,0.681,0.926,0.222,0.552,-0.742,0.85,0.847,-0.411,0.213,-0.654,0.583,0.753,0.477,0.781,-0.526,-0.348,0.665,0.827,0.8,0.781,0.934,0.497,0.742,0.814,0.463,0.598,-0.695,-0.496,0.47,0.482,-0.106,-0.644,0.821,0.813,0.796,0.957,0.018,-0.234,0.44,0.479,-0.169,-0.819,0.904,0.719,0.783,-0.426,0.67,0.175,-0.55,0.833,0.829,0.823,-0.81,-0.734,0.818,0.486,0.625,-0.662,0.915,0.755,-0.379,0.947,0.709,0.779,0.857,0.929,-0.345,0.431,-0.002,0.756,0.668,0.896,0.53,0.59,0.283,0.884,-0.795,-0.385,-0.671,0.844,0.935,-0.189,0.697,-0.185,0.743,-0.487,0.743,0.671,0.768,0.442,0.234,0.409,-0.327,0.303,0.8,0.217,0.28,0.736,0.413,-0.264,0.746,-0.757,0.761,0.366,-0.111,0.853,-0.279,0.684,0.764,-0.324,-0.114,0.736,0.661,-0.506,0.412,-0.529,0.519,0.593,-0.846,0.904,0.54,-0.18,-0.802,-0.756,-0.071,0.607,-0.098,0.17,0.95,-0.794,-0.111,0.107,0.724,0.371,0.775,0.057,0.793,0.911,0.713,0.043,0.932,0.514,0.512,0.855,0.866,-0.646,0.939,0.3,-0.193,-0.498,-0.735,-0.613,-0.767,-0.608,-0.702,-0.437
000800SZ,-0.077,-0.274,-0.08,0.818,-0.194,0.731,-0.15,-0.261,-0.102,0.685,0.069,-0.031,-0.159,-0.037,0.235,-0.13,0.72,-0.287,1.0,0.188,-0.26,-0.107,0.264,-0.048,-0.336,-0.269,-0.007,0.692,-0.142,-0.317,-0.305,-0.136,-0.341,-0.322,-0.199,0.166,0.157,-0.221,-0.235,-0.279,-0.487,0.07,0.027,-0.167,-0.212,0.402,-0.266,0.216,0.452,0.336,0.223,0.009,0.443,-0.023,-0.179,0.124,0.17,-0.052,-0.33,0.384,0.528,0.269,-0.261,0.255,-0.254,0.23,-0.161,-0.393,0.375,0.201,0.337,0.199,0.121,0.325,-0.159,0.401,0.127,-0.549,-0.095,-0.462,-0.357,-0.337,0.15,-0.13,-0.434,0.471,0.383,0.169,-0.017,-0.404,-0.291,0.031,0.173,-0.111,0.072,-0.058,-0.277,0.296,0.813,0.385,-0.071,0.751,0.416,-0.214,-0.151,0.075,0.105,-0.385,0.212,0.042,-0.305,0.013,-0.09,0.459,0.456,0.036,-0.41,-0.224,0.527,-0.09,-0.335,0.551,-0.227,0.02,-0.062,-0.166,-0.228,0.58,-0.368,0.548,-0.273,-0.431,-0.106,0.207,-0.247,0.458,-0.248,0.266,-0.056,0.458,-0.224,-0.194,0.472,0.293,-0.101,0.228,0.08,0.057,0.032,0.173,-0.002,-0.111,0.333,0.639,0.163,0.125,0.605,0.16,0.199,0.27,0.043,-0.059,0.279,0.11,0.097,0.012,-0.017,0.794,-0.244,-0.317,0.569,0.709,0.109,-0.134,0.048,0.5,0.792,0.22,-0.22,0.301,-0.168,0.402,-0.009,0.44,0.052,-0.21,-0.339,0.796,0.712,-0.243,0.23,0.796,0.168,-0.139,-0.394,-0.252,0.402,-0.055,-0.28,-0.504,0.669,-0.226,0.229,-0.066,-0.111,-0.106,0.244,-0.157,-0.094,0.523,-0.246,0.552,-0.026,0.18,0.16,0.312,0.379
000807SZ,-0.407,-0.692,-0.399,0.171,-0.864,-0.048,-0.695,-0.829,-0.712,0.678,-0.824,-0.777,-0.855,-0.487,-0.536,-0.547,0.26,-0.859,0.188,1.0,-0.742,-0.639,-0.439,-0.579,-0.643,-0.686,0.705,0.148,-0.811,-0.566,-0.201,-0.885,-0.649,-0.506,-0.834,-0.456,0.86,-0.635,-0.832,-0.446,-0.567,-0.528,-0.534,-0.788,-0.685,0.731,-0.556,0.351,0.893,0.563,-0.026,-0.064,0.856,-0.885,-0.68,-0.204,-0.634,-0.259,-0.299,-0.326,-0.298,-0.504,-0.793,-0.338,-0.622,0.883,-0.883,-0.724,0.338,-0.225,0.662,-0.468,-0.665,-0.662,-0.804,0.59,0.442,-0.496,-0.903,-0.696,-0.672,-0.777,-0.295,-0.804,-0.839,-0.298,-0.616,0.879,0.729,-0.393,-0.369,0.274,0.826,-0.774,-0.669,-0.54,-0.812,0.259,0.227,-0.561,-0.337,0.036,0.859,-0.794,-0.694,-0.68,0.671,-0.583,0.087,0.734,-0.661,-0.706,-0.749,0.858,0.872,-0.665,-0.481,-0.343,0.791,-0.836,-0.63,0.404,-0.856,-0.657,-0.552,-0.657,-0.767,0.134,-0.4,-0.189,-0.555,-0.566,-0.807,-0.701,-0.519,-0.195,-0.682,0.954,0.67,0.664,-0.786,-0.847,-0.026,-0.74,0.483,-0.555,0.576,-0.585,-0.355,-0.682,-0.084,0.043,-0.208,0.096,-0.195,-0.762,-0.282,-0.084,-0.734,-0.202,0.541,-0.733,0.931,-0.757,-0.405,0.508,-0.888,0.088,-0.401,-0.494,0.375,0.062,-0.771,-0.42,0.747,-0.31,0.51,-0.57,-0.245,0.937,-0.799,-0.453,0.347,0.905,0.648,0.232,-0.644,0.143,-0.122,-0.815,0.948,0.055,-0.016,-0.555,-0.026,-0.676,0.02,-0.557,-0.793,-0.535,-0.053,-0.795,-0.415,-0.266,-0.902,-0.799,0.478,-0.879,-0.102,0.104,0.69,0.752,0.517,0.827,0.686,0.736,0.501
000858SZ,0.832,0.918,0.764,-0.123,0.89,0.159,0.888,0.967,0.915,-0.632,0.831,0.796,0.89,0.605,0.588,0.807,-0.255,0.926,-0.26,-0.742,1.0,0.617,0.5,0.795,0.836,0.706,-0.318,-0.09,0.87,0.882,0.264,0.887,0.931,0.741,0.744,0.616,-0.733,0.832,0.975,0.333,0.72,0.638,0.27,0.683,0.885,-0.838,0.805,-0.158,-0.783,-0.665,-0.261,0.208,-0.65,0.815,0.671,0.234,0.388,0.531,0.512,-0.154,0.212,0.695,0.949,0.07,0.554,-0.636,0.8,0.915,-0.5,0.06,-0.688,0.513,0.715,0.332,0.779,-0.506,-0.157,0.778,0.707,0.851,0.735,0.918,0.467,0.637,0.722,0.492,0.455,-0.639,-0.333,0.501,0.559,-0.071,-0.488,0.78,0.822,0.82,0.9,0.062,-0.297,0.356,0.629,-0.23,-0.718,0.935,0.646,0.739,-0.206,0.688,0.367,-0.367,0.919,0.823,0.727,-0.729,-0.595,0.75,0.473,0.782,-0.594,0.903,0.843,-0.369,0.945,0.593,0.843,0.89,0.958,-0.44,0.525,-0.142,0.841,0.68,0.865,0.404,0.664,0.31,0.943,-0.664,-0.267,-0.669,0.862,0.933,-0.273,0.613,0.047,0.77,-0.285,0.702,0.747,0.662,0.494,0.463,0.494,-0.404,0.27,0.712,0.05,0.256,0.618,0.395,-0.196,0.681,-0.622,0.616,0.153,0.055,0.726,-0.337,0.8,0.744,-0.393,-0.267,0.695,0.811,-0.295,0.364,-0.512,0.508,0.602,-0.725,0.887,0.454,-0.014,-0.667,-0.867,0.019,0.548,-0.072,0.123,0.958,-0.679,-0.153,0.242,0.748,0.502,0.799,-0.079,0.829,0.95,0.802,0.066,0.97,0.401,0.634,0.794,0.876,-0.766,0.841,0.43,-0.27,-0.388,-0.736,-0.497,-0.715,-0.613,-0.732,-0.297
000876SZ,0.448,0.575,0.562,-0.112,0.715,0.1,0.735,0.62,0.566,-0.582,0.674,0.593,0.717,0.265,0.485,0.513,-0.356,0.613,-0.107,-0.639,0.617,1.0,0.64,0.652,0.762,0.537,-0.25,-0.101,0.81,0.469,0.708,0.752,0.648,0.431,0.811,0.219,-0.715,0.297,0.654,0.528,0.527,0.26,0.704,0.431,0.779,-0.81,0.828,-0.648,-0.69,-0.58,0.06,0.591,-0.604,0.826,0.98,-0.171,0.53,-0.036,0.751,0.146,0.161,0.438,0.781,-0.003,0.345,-0.726,0.829,0.775,-0.621,-0.213,-0.617,0.251,0.496,0.374,0.916,-0.75,-0.595,0.398,0.669,0.8,0.837,0.564,0.088,0.551,0.818,0.246,0.287,-0.716,-0.19,0.753,0.4,-0.472,-0.597,0.328,0.66,0.29,0.562,-0.163,-0.251,0.346,0.74,-0.192,-0.649,0.49,0.827,0.382,-0.52,0.835,-0.104,-0.615,0.791,0.646,0.598,-0.684,-0.667,0.269,0.627,0.529,-0.531,0.681,0.829,-0.326,0.658,0.639,0.665,0.482,0.513,-0.113,0.716,-0.103,0.594,0.68,0.467,0.685,0.812,-0.07,0.518,-0.668,-0.297,-0.753,0.481,0.531,-0.016,0.553,-0.262,0.39,0.026,0.335,0.288,0.433,0.27,0.237,0.42,-0.004,0.285,0.616,0.203,0.137,0.586,-0.088,-0.161,0.72,-0.669,0.584,0.374,-0.189,0.676,-0.184,0.37,0.525,-0.443,-0.144,0.87,0.271,-0.523,0.205,-0.261,0.399,-0.013,-0.718,0.47,0.249,-0.151,-0.606,-0.652,-0.06,0.724,-0.081,0.107,0.542,-0.735,0.087,0.459,0.684,0.381,0.846,0.025,0.347,0.774,0.71,0.304,0.728,0.118,-0.012,0.796,0.695,-0.516,0.564,-0.332,-0.255,-0.789,-0.728,-0.327,-0.694,-0.801,-0.748,-0.69
000895SZ,0.519,0.523,0.472,0.309,0.566,0.425,0.725,0.54,0.598,-0.052,0.492,0.646,0.659,0.151,0.544,0.203,0.075,0.504,0.264,-0.439,0.5,0.64,1.0,0.62,0.597,0.467,-0.141,0.496,0.708,0.396,0.27,0.577,0.371,0.134,0.506,0.487,-0.408,0.46,0.514,-0.041,0.009,0.468,0.496,0.158,0.462,-0.4,0.428,-0.174,-0.301,-0.058,-0.138,0.167,-0.241,0.668,0.576,0.001,0.323,0.077,0.226,0.088,0.467,0.495,0.596,0.139,0.075,-0.374,0.561,0.423,-0.121,0.282,-0.132,0.654,0.649,0.382,0.541,-0.195,-0.549,0.028,0.486,0.383,0.582,0.429,0.311,0.329,0.371,0.612,0.63,-0.464,-0.295,0.149,-0.056,-0.338,-0.514,0.358,0.697,0.437,0.487,0.25,0.218,0.588,0.521,0.063,-0.217,0.351,0.668,0.526,-0.447,0.474,0.083,-0.343,0.53,0.75,0.657,-0.319,-0.302,0.423,0.164,0.42,-0.039,0.673,0.462,0.229,0.533,0.447,0.717,0.544,0.438,-0.063,0.108,0.056,0.317,0.297,0.454,0.622,0.387,0.437,0.339,-0.372,-0.236,-0.445,0.339,0.441,0.238,0.565,-0.364,0.606,-0.256,0.512,0.47,0.459,0.45,0.004,0.558,0.066,0.124,0.655,0.453,0.199,0.625,0.443,0.073,0.575,-0.399,0.636,0.573,-0.085,0.605,0.069,0.232,0.439,0.121,0.224,0.664,0.18,-0.488,0.574,0.09,0.255,0.205,-0.447,0.374,0.428,-0.367,-0.343,-0.489,-0.469,0.259,0.179,0.488,0.458,-0.389,0.349,0.152,0.457,0.165,0.482,0.364,0.469,0.555,0.29,0.743,0.606,0.666,0.109,0.6,0.671,-0.23,0.597,-0.176,0.233,-0.682,-0.245,-0.618,-0.24,-0.323,-0.258,-0.432
000938SZ,0.828,0.831,0.773,0.178,0.778,0.273,0.871,0.763,0.786,-0.347,0.707,0.734,0.799,0.378,0.801,0.597,-0.082,0.772,-0.048,-0.579,0.795,0.652,0.62,1.0,0.71,0.523,-0.143,0.075,0.839,0.7,0.247,0.726,0.743,0.43,0.665,0.566,-0.611,0.672,0.783,0.133,0.533,0.568,0.277,0.391,0.74,-0.722,0.707,-0.193,-0.603,-0.456,-0.299,0.245,-0.54,0.719,0.636,0.129,0.284,0.414,0.515,-0.15,0.433,0.64,0.819,-0.06,0.377,-0.539,0.705,0.731,-0.432,0.1,-0.555,0.587,0.768,0.266,0.687,-0.376,-0.333,0.55,0.615,0.673,0.617,0.801,0.541,0.44,0.598,0.669,0.547,-0.6,-0.182,0.434,0.385,-0.36,-0.502,0.53,0.811,0.691,0.824,0.369,-0.019,0.38,0.601,-0.149,-0.559,0.67,0.678,0.675,-0.326,0.679,0.298,-0.461,0.806,0.846,0.631,-0.602,-0.491,0.577,0.31,0.641,-0.307,0.796,0.698,-0.179,0.753,0.547,0.865,0.85,0.699,-0.313,0.497,-0.138,0.672,0.586,0.639,0.456,0.695,0.281,0.747,-0.583,-0.167,-0.578,0.571,0.71,-0.136,0.652,-0.131,0.708,-0.147,0.69,0.762,0.665,0.691,0.301,0.719,-0.215,0.405,0.76,0.304,0.406,0.724,0.472,0.142,0.724,-0.496,0.733,0.234,0.22,0.723,-0.234,0.695,0.811,-0.085,-0.034,0.708,0.555,-0.371,0.566,-0.157,0.41,0.545,-0.655,0.677,0.531,-0.096,-0.521,-0.788,-0.227,0.392,0.068,0.371,0.706,-0.564,0.164,0.462,0.793,0.469,0.748,0.24,0.67,0.82,0.619,0.271,0.842,0.446,0.411,0.653,0.731,-0.647,0.744,0.129,-0.187,-0.54,-0.551,-0.424,-0.529,-0.551,-0.685,-0.336
000963SZ,0.679,0.861,0.787,-0.253,0.75,0.059,0.86,0.814,0.835,-0.668,0.608,0.653,0.804,0.383,0.357,0.569,-0.468,0.805,-0.336,-0.643,0.836,0.762,0.597,0.71,1.0,0.687,-0.108,-0.12,0.814,0.746,0.519,0.77,0.867,0.549,0.731,0.289,-0.642,0.672,0.829,0.449,0.57,0.37,0.411,0.414,0.858,-0.844,0.865,-0.369,-0.661,-0.654,-0.272,0.409,-0.572,0.754,0.805,-0.137,0.228,0.281,0.697,-0.22,-0.009,0.452,0.901,-0.117,0.333,-0.627,0.766,0.884,-0.64,-0.142,-0.632,0.308,0.549,0.173,0.762,-0.638,-0.472,0.554,0.56,0.854,0.836,0.778,0.137,0.445,0.75,0.281,0.313,-0.633,-0.149,0.69,0.566,-0.266,-0.5,0.466,0.83,0.524,0.757,-0.104,-0.454,0.194,0.804,-0.489,-0.605,0.683,0.759,0.424,-0.282,0.88,0.185,-0.374,0.923,0.688,0.634,-0.661,-0.637,0.521,0.48,0.77,-0.538,0.742,0.896,-0.452,0.781,0.503,0.864,0.732,0.763,-0.48,0.661,-0.394,0.788,0.831,0.595,0.458,0.765,-0.019,0.755,-0.591,-0.122,-0.829,0.625,0.681,-0.345,0.418,0.003,0.606,-0.109,0.412,0.546,0.445,0.502,0.447,0.366,-0.477,0.206,0.521,-0.052,0.165,0.441,0.105,-0.062,0.705,-0.659,0.478,0.239,0.04,0.582,-0.513,0.637,0.771,-0.532,-0.403,0.734,0.554,-0.312,0.132,-0.512,0.282,0.41,-0.669,0.633,0.21,0.053,-0.614,-0.749,-0.042,0.571,-0.16,-0.06,0.751,-0.614,-0.206,0.273,0.77,0.636,0.833,-0.179,0.598,0.851,0.779,0.169,0.879,0.246,0.319,0.738,0.792,-0.745,0.699,0.061,-0.375,-0.504,-0.778,-0.489,-0.638,-0.713,-0.702,-0.596
000999SZ,0.513,0.684,0.521,-0.193,0.661,0.118,0.674,0.746,0.633,-0.558,0.642,0.617,0.639,0.585,0.294,0.543,-0.197,0.79,-0.269,-0.686,0.706,0.537,0.467,0.523,0.687,1.0,-0.469,-0.12,0.633,0.549,0.194,0.671,0.632,0.552,0.56,0.378,-0.755,0.643,0.731,0.525,0.382,0.469,0.283,0.58,0.57,-0.573,0.592,-0.314,-0.652,-0.599,-0.016,0.064,-0.57,0.695,0.622,-0.055,0.447,0.058,0.397,0.063,0.182,0.566,0.709,0.267,0.391,-0.736,0.664,0.68,-0.469,-0.021,-0.649,0.321,0.412,0.476,0.704,-0.622,-0.396,0.382,0.648,0.665,0.732,0.614,0.272,0.777,0.647,0.27,0.388,-0.499,-0.361,0.362,0.412,0.056,-0.427,0.565,0.654,0.588,0.704,-0.102,-0.244,0.292,0.477,-0.193,-0.726,0.653,0.445,0.545,-0.256,0.6,0.03,-0.437,0.691,0.568,0.803,-0.677,-0.655,0.546,0.518,0.576,-0.593,0.658,0.691,-0.375,0.738,0.648,0.562,0.6,0.757,-0.209,0.304,0.023,0.7,0.518,0.65,0.316,0.39,0.113,0.702,-0.605,-0.246,-0.574,0.683,0.709,-0.305,0.586,-0.03,0.646,-0.438,0.447,0.489,0.558,0.214,0.327,0.168,-0.261,0.288,0.572,0.151,0.121,0.556,0.248,-0.305,0.614,-0.632,0.531,0.339,-0.091,0.672,-0.235,0.457,0.565,-0.414,-0.087,0.612,0.459,-0.3,0.157,-0.436,0.538,0.345,-0.621,0.721,0.465,-0.132,-0.587,-0.619,0.124,0.489,-0.036,0.034,0.744,-0.616,-0.196,-0.115,0.619,0.33,0.687,-0.003,0.605,0.73,0.584,0.042,0.71,0.318,0.162,0.677,0.675,-0.517,0.664,0.05,-0.071,-0.426,-0.66,-0.718,-0.716,-0.548,-0.56,-0.547
001965SZ,0.042,-0.172,0.144,0.122,-0.524,-0.067,-0.204,-0.451,-0.249,0.388,-0.629,-0.457,-0.471,-0.459,-0.308,-0.354,-0.01,-0.477,-0.007,0.705,-0.318,-0.25,-0.141,-0.143,-0.108,-0.469,1.0,0.051,-0.416,-0.12,0.078,-0.574,-0.174,-0.369,-0.508,-0.388,0.667,-0.229,-0.433,-0.343,-0.258,-0.436,-0.348,-0.787,-0.228,0.267,-0.099,0.225,0.617,0.246,-0.419,0.153,0.656,-0.587,-0.312,-0.323,-0.693,0.042,0.181,-0.65,-0.355,-0.344,-0.344,-0.683,-0.482,0.637,-0.563,-0.257,-0.091,-0.339,0.4,-0.333,-0.366,-0.849,-0.501,0.278,0.159,-0.165,-0.736,-0.26,-0.31,-0.344,-0.202,-0.801,-0.48,-0.097,-0.447,0.566,0.845,0.092,-0.015,-0.085,0.646,-0.669,-0.177,-0.291,-0.379,0.329,-0.001,-0.67,0.111,-0.387,0.656,-0.514,-0.29,-0.522,0.558,-0.027,0.196,0.641,-0.154,-0.337,-0.565,0.6,0.569,-0.424,-0.412,0.134,0.579,-0.495,-0.184,0.071,-0.516,-0.539,0.02,-0.21,-0.409,-0.296,0.1,-0.603,-0.18,-0.01,-0.617,-0.508,0.038,-0.303,-0.273,0.694,0.791,0.16,-0.634,-0.59,-0.3,-0.617,0.521,-0.261,0.7,-0.435,0.011,-0.469,0.369,0.276,0.172,-0.295,-0.038,-0.565,-0.32,0.214,-0.574,-0.167,0.767,-0.312,0.565,-0.545,-0.378,0.681,-0.673,-0.336,0.074,0.076,0.105,-0.225,-0.448,-0.197,0.62,-0.233,0.302,-0.547,0.048,0.626,-0.57,-0.387,0.478,0.659,0.226,0.053,-0.533,0.072,-0.118,-0.497,0.715,0.036,0.318,-0.03,0.469,-0.217,-0.062,-0.31,-0.362,-0.085,0.071,-0.32,-0.311,-0.079,-0.619,-0.5,0.001,-0.541,-0.101,-0.305,0.485,0.377,0.4,0.617,0.32,0.356,0.195
002001SZ,0.176,-0.069,-0.076,0.743,0.031,0.519,0.137,-0.028,0.107,0.69,0.023,0.198,0.066,0.019,0.314,-0.167,0.704,-0.056,0.692,0.148,-0.09,-0.101,0.496,0.075,-0.12,-0.12,0.051,1.0,0.08,0.028,-0.227,-0.017,-0.298,-0.221,-0.055,0.485,0.228,0.091,-0.062,-0.351,-0.509,0.431,0.073,-0.161,-0.193,0.301,-0.291,0.338,0.391,0.569,0.044,-0.086,0.402,0.048,-0.178,0.242,0.077,0.092,-0.337,0.211,0.647,0.361,-0.065,0.296,-0.303,0.319,-0.074,-0.29,0.532,0.537,0.524,0.568,0.338,0.23,-0.173,0.517,-0.004,-0.391,0.005,-0.348,-0.066,-0.13,0.434,-0.137,-0.311,0.586,0.557,0.263,-0.125,-0.393,-0.429,0.164,0.045,0.127,0.134,0.237,-0.057,0.516,0.776,0.497,-0.151,0.599,0.397,-0.068,0.113,0.288,-0.028,-0.341,0.295,0.103,-0.197,0.262,0.19,0.393,0.452,0.292,-0.359,-0.117,0.574,0.14,-0.298,0.726,-0.047,0.172,0.16,0.037,-0.04,0.308,-0.509,0.433,-0.289,-0.338,0.127,0.255,-0.269,0.663,-0.14,0.256,0.007,0.397,-0.098,-0.032,0.545,0.26,-0.183,0.291,-0.182,0.367,0.222,0.325,0.325,-0.239,0.436,0.384,0.118,0.308,0.622,0.309,0.307,0.564,0.22,0.006,0.281,0.301,0.502,0.108,0.104,0.563,-0.122,-0.09,0.749,0.716,0.024,-0.051,-0.09,0.709,0.581,-0.031,0.183,0.199,-0.011,0.469,-0.225,0.261,0.126,-0.279,-0.265,0.545,0.744,-0.027,0.223,0.672,0.063,-0.104,-0.193,-0.221,0.616,0.195,-0.13,-0.348,0.711,-0.07,0.642,0.144,0.014,0.095,0.305,0.102,0.046,0.596,-0.165,0.552,-0.276,0.314,0.328,0.465,0.263
