,000001SZ,000002SZ,000157SZ,000166SZ,000333SZ,000338SZ,000538SZ,000568SZ,000596SZ,000617SZ,000625SZ,000651SZ,000661SZ,000708SZ,000725SZ,000768SZ,000776SZ,000786SZ,000800SZ,000807SZ,000858SZ,000876SZ,000895SZ,000938SZ,000963SZ,000999SZ,001965SZ,002001SZ,002007SZ,002027SZ,002028SZ,002050SZ,002129SZ,002179SZ,002230SZ,002236SZ,002241SZ,002271SZ,002304SZ,002311SZ,002371SZ,002415SZ,002422SZ,002459SZ,002460SZ,002463SZ,002466SZ,002475SZ,002493SZ,002555SZ,002594SZ,002601SZ,002648SZ,002709SZ,002714SZ,002916SZ,002920SZ,002938SZ,003816SZ,300014SZ,300033SZ,300059SZ,300122SZ,300124SZ,300274SZ,300308SZ,300316SZ,300347SZ,300394SZ,300408SZ,300413SZ,300418SZ,300433SZ,300450SZ,300498SZ,300502SZ,300628SZ,300661SZ,300750SZ,300759SZ,300760SZ,300782SZ,600000SS,600010SS,600011SS,600015SS,600016SS,600018SS,600019SS,600023SS,600025SS,600026SS,600028SS,600029SS,600031SS,600036SS,600048SS,600050SS,600061SS,600085SS,600089SS,600104SS,600111SS,600115SS,600161SS,600183SS,600188SS,600196SS,600219SS,600233SS,600276SS,600309SS,600332SS,600346SS,600362SS,600377SS,600406SS,600415SS,600426SS,600436SS,600438SS,600489SS,600519SS,600570SS,600585SS,600588SS,600600SS,600660SS,600674SS,600741SS,600760SS,600795SS,600809SS,600875SS,600886SS,600887SS,600926SS,600989SS,601006SS,601009SS,601012SS,601021SS,601058SS,601066SS,601088SS,601100SS,601117SS,601138SS,601166SS,601169SS,601186SS,601225SS,601229SS,601238SS,601288SS,601318SS,601319SS,601328SS,601336SS,601360SS,601390SS,601398SS,601600SS,601601SS,601607SS,601618SS,601628SS,601633SS,601658SS,601668SS,601669SS,601688SS,601689SS,601698SS,601699SS,601766SS,601788SS,601799SS,601800SS,601808SS,601816SS,601818SS,601838SS,601857SS,601865SS,601872SS,601877SS,601878SS,601881SS,601888SS,601899SS,601901SS,601919SS,601939SS,601985SS,601988SS,601998SS,603019SS,603195SS,603259SS,603260SS,603288SS,603369SS,603501SS,603659SS,603799SS,603806SS,603833SS,603986SS,603993SS,688008SS,688009SS,688012SS,688036SS,688111SS,688169SS,688396SS
000001SZ,1.0,0.628,0.778,0.751,0.096,0.796,0.681,-0.188,-0.153,0.667,0.685,0.637,0.714,0.74,0.763,0.584,0.751,0.794,0.673,0.725,0.089,0.59,0.55,0.586,0.314,0.556,0.778,0.65,0.096,0.223,-0.183,0.283,0.495,0.432,0.54,0.779,0.428,0.336,-0.151,0.251,0.507,0.094,0.032,0.255,0.627,0.444,0.58,0.19,0.812,0.406,0.648,0.192,0.755,0.326,0.497,0.655,0.34,0.44,0.722,0.029,0.712,0.804,0.169,0.623,0.318,0.533,0.477,-0.346,0.414,-0.236,-0.439,0.376,0.562,0.364,-0.418,0.507,0.547,0.433,0.259,0.598,0.21,0.05,0.836,0.733,0.369,0.82,0.811,0.79,0.75,0.581,0.71,0.335,0.71,-0.121,0.477,0.132,0.473,0.614,0.77,0.683,0.573,0.809,0.683,0.034,0.133,0.244,0.56,0.107,0.773,0.394,0.508,0.676,0.56,0.744,0.845,0.446,0.543,0.275,0.078,-0.3,0.504,0.643,-0.131,0.451,0.804,0.436,0.458,0.732,0.498,0.637,0.291,0.32,-0.029,0.357,0.34,0.333,0.835,0.742,0.651,0.756,0.533,-0.34,0.345,0.805,0.519,0.278,0.764,0.425,0.884,0.801,0.794,0.61,0.823,0.638,0.733,0.828,0.745,0.848,0.85,0.65,0.791,0.754,0.782,0.869,0.685,0.797,0.504,0.641,0.591,0.796,0.67,0.772,0.34,0.719,0.637,0.713,0.619,-0.095,0.742,0.418,0.345,0.467,0.724,0.628,0.534,0.486,0.698,0.703,0.772,-0.158,0.808,0.457,0.701,0.74,0.71,0.561,0.8,0.628,0.728,0.701,0.71,0.096,-0.278,0.553,0.519,0.67,0.183,-0.233,0.145,0.745,0.649,0.245,0.216,0.545,0.457,0.673,0.384
000002SZ,0.628,1.0,0.424,0.287,0.536,0.5,0.671,0.161,0.26,0.2,0.241,0.749,0.259,0.288,0.378,0.204,0.187,0.512,0.142,0.674,0.372,0.062,0.047,0.465,0.254,0.141,0.413,0.496,0.437,0.426,-0.215,0.516,0.08,0.225,0.492,0.525,0.016,0.549,0.305,0.197,0.655,0.354,-0.193,-0.146,0.226,0.222,0.216,0.223,0.546,-0.21,0.526,0.522,0.483,0.409,-0.018,0.35,0.222,0.108,0.238,0.367,0.195,0.592,-0.168,0.133,-0.094,0.304,0.63,-0.386,0.042,-0.336,-0.349,-0.169,0.367,0.011,-0.431,0.129,0.1,0.233,0.525,0.023,-0.299,-0.032,0.525,0.381,-0.164,0.562,0.419,0.441,0.521,0.091,0.328,0.204,0.174,0.049,0.692,0.338,0.289,0.326,0.428,0.424,0.2,0.386,0.421,0.343,0.382,0.22,0.134,0.44,0.346,0.535,0.005,0.434,0.542,0.386,0.467,0.33,0.099,0.51,-0.289,0.125,0.12,0.22,0.225,-0.049,0.755,0.177,0.404,0.35,-0.028,0.17,-0.083,-0.172,0.297,-0.04,-0.254,0.49,0.47,0.573,0.117,0.27,0.248,0.115,-0.004,0.325,0.039,0.238,0.542,0.599,0.515,0.658,0.524,0.134,0.572,0.187,0.464,0.638,0.27,0.526,0.455,0.208,0.378,0.362,0.6,0.418,0.484,0.401,-0.083,0.132,0.73,0.38,0.216,0.311,-0.067,0.197,0.298,0.224,0.105,-0.22,0.31,-0.055,-0.208,0.714,0.302,0.069,0.061,0.285,0.403,0.179,0.327,0.075,0.56,-0.129,0.591,0.495,0.241,0.555,0.624,0.176,0.536,0.456,0.622,0.281,0.117,0.548,0.511,0.418,0.112,0.116,0.27,0.682,0.527,0.073,0.532,0.536,0.156,0.235,0.51
000157SZ,0.778,0.424,1.0,0.973,-0.216,0.894,0.787,-0.593,-0.5,0.859,0.718,0.401,0.833,0.95,0.976,0.933,0.909,0.649,0.738,0.621,-0.32,0.855,0.666,0.667,-0.033,0.882,0.855,0.881,0.017,-0.222,-0.067,0.185,0.848,0.754,0.439,0.874,0.693,0.028,-0.502,0.059,0.532,-0.274,0.037,0.46,0.902,0.761,0.879,0.045,0.927,0.528,0.595,-0.073,0.68,0.18,0.521,0.907,0.298,0.814,0.951,-0.229,0.827,0.652,0.415,0.815,0.648,0.863,0.568,-0.653,0.74,-0.471,-0.79,0.519,0.549,0.718,-0.705,0.864,0.884,0.57,0.036,0.777,0.438,0.325,0.782,0.914,0.669,0.851,0.963,0.974,0.676,0.838,0.952,0.696,0.913,-0.381,0.226,-0.377,0.679,0.512,0.834,0.923,0.91,0.857,0.849,-0.244,0.134,0.368,0.885,0.045,0.968,0.173,0.837,0.511,0.575,0.957,0.929,0.343,0.807,0.061,0.111,-0.649,0.845,0.896,-0.517,0.655,0.733,0.546,0.099,0.9,0.726,0.898,0.719,0.652,-0.426,0.713,0.643,0.024,0.956,0.886,0.888,0.79,0.842,-0.653,0.54,0.931,0.821,0.29,0.851,0.275,0.866,0.78,0.829,0.845,0.922,0.841,0.582,0.594,0.936,0.871,0.769,0.914,0.897,0.663,0.682,0.825,0.848,0.936,0.255,0.754,0.363,0.962,0.942,0.96,0.637,0.911,0.919,0.938,0.873,-0.286,0.944,0.771,0.461,0.24,0.916,0.882,0.839,0.821,0.929,0.933,0.97,-0.563,0.744,0.749,0.627,0.623,0.95,0.361,0.858,0.929,0.518,0.699,0.842,-0.202,-0.667,0.67,0.549,0.906,0.209,-0.646,0.222,0.821,0.834,0.036,0.105,0.45,0.644,0.743,0.366
000166SZ,0.751,0.287,0.973,1.0,-0.367,0.842,0.681,-0.662,-0.6,0.883,0.735,0.271,0.854,0.964,0.969,0.948,0.958,0.632,0.771,0.506,-0.416,0.911,0.72,0.599,-0.075,0.918,0.81,0.823,-0.103,-0.32,-0.023,0.052,0.888,0.729,0.385,0.818,0.704,-0.064,-0.605,0.045,0.394,-0.374,0.107,0.53,0.911,0.746,0.888,-0.013,0.885,0.649,0.515,-0.193,0.625,0.093,0.579,0.884,0.283,0.841,0.969,-0.345,0.867,0.585,0.488,0.851,0.719,0.838,0.423,-0.55,0.771,-0.377,-0.736,0.638,0.497,0.766,-0.652,0.898,0.924,0.535,-0.088,0.859,0.576,0.3,0.746,0.89,0.778,0.783,0.954,0.943,0.61,0.902,0.951,0.68,0.948,-0.44,0.084,-0.451,0.708,0.499,0.809,0.889,0.932,0.859,0.791,-0.368,0.039,0.336,0.918,-0.061,0.97,0.048,0.905,0.477,0.472,0.942,0.898,0.257,0.855,-0.074,0.201,-0.726,0.876,0.911,-0.601,0.742,0.622,0.558,0.045,0.912,0.819,0.935,0.774,0.755,-0.512,0.772,0.766,-0.084,0.935,0.811,0.934,0.807,0.836,-0.745,0.587,0.943,0.887,0.262,0.792,0.144,0.854,0.689,0.774,0.894,0.863,0.876,0.551,0.525,0.954,0.837,0.739,0.95,0.885,0.655,0.594,0.819,0.806,0.927,0.362,0.798,0.227,0.96,0.966,0.979,0.702,0.937,0.922,0.968,0.938,-0.224,0.957,0.836,0.549,0.092,0.929,0.945,0.88,0.789,0.901,0.982,0.987,-0.614,0.68,0.844,0.532,0.57,0.972,0.267,0.776,0.957,0.471,0.678,0.754,-0.278,-0.74,0.559,0.464,0.868,0.2,-0.698,0.117,0.715,0.755,0.037,-0.045,0.35,0.655,0.779,0.249
000333SZ,0.096,0.536,-0.216,-0.367,1.0,0.045,0.317,0.837,0.896,-0.363,-0.142,0.728,-0.157,-0.353,-0.254,-0.466,-0.454,-0.02,-0.261,0.531,0.908,-0.426,-0.16,0.343,0.663,-0.555,0.026,0.004,0.686,0.889,-0.292,0.693,-0.578,-0.227,0.514,0.158,-0.414,0.554,0.901,0.518,0.561,0.885,-0.14,-0.615,-0.404,-0.262,-0.43,0.536,-0.004,-0.55,0.341,0.78,0.177,0.475,-0.08,-0.133,0.138,-0.488,-0.344,0.774,-0.283,0.426,-0.517,-0.384,-0.708,-0.2,0.464,0.049,-0.411,0.012,0.297,-0.577,0.371,-0.548,0.243,-0.524,-0.578,0.108,0.711,-0.518,-0.798,-0.173,0.099,-0.127,-0.812,0.151,-0.218,-0.118,0.185,-0.659,-0.261,-0.383,-0.421,0.729,0.777,0.794,-0.526,0.241,0.007,-0.227,-0.493,-0.11,0.072,0.906,0.569,0.097,-0.539,0.498,-0.315,0.753,-0.588,0.246,0.441,-0.209,-0.09,0.506,-0.528,0.737,-0.595,0.806,-0.544,-0.459,0.88,-0.524,0.366,0.001,0.625,-0.336,-0.629,-0.459,-0.679,-0.824,0.888,-0.708,-0.793,0.83,-0.182,0.119,-0.478,-0.346,-0.376,0.819,-0.25,-0.21,-0.654,-0.232,0.093,0.704,-0.082,0.306,0.134,-0.54,0.055,-0.461,0.227,0.423,-0.387,0.016,0.087,-0.376,-0.109,-0.034,0.366,-0.072,0.023,-0.17,-0.338,-0.351,0.637,-0.293,-0.476,-0.282,-0.629,-0.365,-0.39,-0.426,-0.605,0.039,-0.273,-0.668,-0.274,0.766,-0.384,-0.557,-0.527,-0.314,-0.217,-0.488,-0.339,0.789,0.249,-0.738,0.382,0.203,-0.399,0.523,0.16,-0.418,0.439,0.053,0.181,0.794,0.82,0.372,0.339,-0.146,-0.069,0.619,0.402,0.297,0.023,0.123,0.824,0.305,-0.09,-0.069,0.626
000338SZ,0.796,0.5,0.894,0.842,0.045,1.0,0.863,-0.318,-0.208,0.698,0.743,0.548,0.743,0.83,0.897,0.789,0.781,0.564,0.746,0.743,-0.062,0.744,0.594,0.754,0.107,0.693,0.808,0.888,0.31,0.037,-0.147,0.467,0.652,0.687,0.52,0.881,0.625,0.158,-0.199,0.132,0.696,-0.055,-0.205,0.168,0.78,0.71,0.751,0.094,0.889,0.308,0.693,0.135,0.73,0.247,0.453,0.848,0.383,0.677,0.845,-0.044,0.762,0.715,0.239,0.715,0.384,0.848,0.72,-0.7,0.669,-0.421,-0.741,0.371,0.672,0.584,-0.598,0.716,0.703,0.683,0.231,0.558,0.207,0.401,0.836,0.842,0.441,0.873,0.863,0.918,0.72,0.603,0.843,0.647,0.78,-0.171,0.421,-0.089,0.512,0.474,0.877,0.8,0.774,0.881,0.878,0.032,0.374,0.524,0.772,0.259,0.858,0.35,0.63,0.548,0.717,0.901,0.896,0.543,0.545,0.178,-0.083,-0.386,0.689,0.748,-0.222,0.405,0.803,0.498,0.237,0.798,0.489,0.771,0.482,0.421,-0.175,0.498,0.409,0.23,0.883,0.898,0.749,0.648,0.744,-0.365,0.503,0.858,0.647,0.166,0.899,0.517,0.799,0.858,0.814,0.668,0.908,0.777,0.648,0.705,0.805,0.877,0.717,0.784,0.836,0.592,0.761,0.777,0.769,0.853,0.096,0.723,0.561,0.844,0.789,0.877,0.494,0.816,0.819,0.811,0.69,-0.19,0.847,0.576,0.449,0.463,0.766,0.742,0.653,0.787,0.812,0.779,0.877,-0.291,0.845,0.516,0.72,0.704,0.83,0.543,0.911,0.79,0.616,0.621,0.826,-0.008,-0.419,0.79,0.654,0.843,0.029,-0.487,0.414,0.875,0.765,-0.004,0.393,0.578,0.624,0.666,0.636
000538SZ,0.681,0.671,0.787,0.681,0.317,0.863,1.0,-0.134,-0.004,0.585,0.606,0.723,0.674,0.668,0.77,0.625,0.554,0.458,0.538,0.791,0.14,0.554,0.481,0.822,0.227,0.55,0.747,0.911,0.477,0.207,-0.22,0.599,0.479,0.622,0.693,0.869,0.417,0.246,0.011,0.292,0.828,0.141,-0.126,0.039,0.64,0.632,0.604,0.296,0.847,0.097,0.76,0.324,0.677,0.455,0.344,0.793,0.398,0.533,0.665,0.22,0.61,0.757,0.063,0.526,0.224,0.724,0.838,-0.687,0.49,-0.468,-0.667,0.166,0.69,0.419,-0.625,0.555,0.516,0.585,0.469,0.387,-0.028,0.247,0.771,0.728,0.158,0.839,0.762,0.841,0.661,0.388,0.74,0.496,0.598,-0.007,0.548,-0.023,0.357,0.553,0.76,0.771,0.605,0.742,0.798,0.249,0.531,0.415,0.543,0.423,0.698,0.539,0.474,0.517,0.859,0.786,0.743,0.568,0.422,0.444,-0.322,-0.167,0.522,0.566,-0.024,0.268,0.825,0.462,0.345,0.672,0.282,0.621,0.31,0.162,0.034,0.279,0.148,0.426,0.741,0.899,0.542,0.424,0.634,-0.15,0.367,0.722,0.391,0.059,0.83,0.672,0.666,0.881,0.802,0.426,0.888,0.573,0.56,0.694,0.626,0.783,0.65,0.663,0.723,0.446,0.74,0.629,0.845,0.748,-0.111,0.533,0.563,0.699,0.596,0.719,0.282,0.625,0.666,0.613,0.449,-0.268,0.717,0.344,0.238,0.658,0.576,0.494,0.49,0.643,0.777,0.571,0.703,-0.111,0.808,0.278,0.805,0.592,0.64,0.554,0.85,0.646,0.644,0.666,0.895,0.209,-0.211,0.851,0.762,0.813,0.099,-0.366,0.432,0.905,0.82,-0.052,0.554,0.555,0.531,0.591,0.706
000568SZ,-0.188,0.161,-0.593,-0.662,0.837,-0.318,-0.134,1.0,0.958,-0.631,-0.314,0.385,-0.412,-0.64,-0.591,-0.764,-0.674,-0.245,-0.394,0.183,0.932,-0.624,-0.269,0.004,0.647,-0.835,-0.323,-0.416,0.503,0.843,-0.137,0.461,-0.806,-0.511,0.281,-0.214,-0.617,0.409,0.966,0.504,0.203,0.875,-0.097,-0.661,-0.698,-0.583,-0.717,0.397,-0.387,-0.575,0.061,0.688,-0.073,0.317,-0.168,-0.493,0.104,-0.752,-0.634,0.725,-0.473,0.128,-0.587,-0.581,-0.84,-0.543,0.066,0.458,-0.596,0.33,0.681,-0.561,0.159,-0.707,0.63,-0.784,-0.842,-0.121,0.552,-0.666,-0.749,-0.271,-0.209,-0.484,-0.847,-0.24,-0.573,-0.5,-0.112,-0.851,-0.593,-0.684,-0.68,0.76,0.524,0.882,-0.755,0.037,-0.278,-0.619,-0.769,-0.356,-0.277,0.802,0.384,-0.059,-0.779,0.319,-0.626,0.522,-0.78,0.085,0.067,-0.545,-0.423,0.321,-0.749,0.498,-0.473,0.951,-0.792,-0.735,0.975,-0.632,-0.053,-0.178,0.547,-0.6,-0.738,-0.708,-0.864,-0.873,0.959,-0.882,-0.815,0.7,-0.552,-0.286,-0.717,-0.568,-0.656,0.919,-0.306,-0.51,-0.838,-0.411,-0.27,0.449,-0.397,-0.085,-0.229,-0.744,-0.362,-0.673,0.026,0.135,-0.69,-0.322,-0.212,-0.641,-0.423,-0.294,0.046,-0.331,-0.38,-0.502,-0.261,-0.523,0.355,-0.636,-0.757,-0.577,-0.725,-0.633,-0.71,-0.691,-0.803,0.323,-0.57,-0.843,-0.228,0.48,-0.68,-0.753,-0.743,-0.667,-0.595,-0.729,-0.641,0.936,-0.065,-0.843,0.02,-0.047,-0.677,0.277,-0.252,-0.694,0.228,-0.239,-0.253,0.791,0.981,-0.027,0.054,-0.527,-0.134,0.83,0.176,-0.151,-0.448,0.199,0.603,0.066,-0.284,-0.242,0.352
000596SZ,-0.153,0.26,-0.5,-0.6,0.896,-0.208,-0.004,0.958,1.0,-0.597,-0.296,0.459,-0.371,-0.589,-0.509,-0.677,-0.643,-0.246,-0.384,0.3,0.922,-0.583,-0.257,0.08,0.651,-0.781,-0.207,-0.306,0.614,0.827,-0.182,0.564,-0.758,-0.418,0.28,-0.122,-0.54,0.413,0.963,0.496,0.356,0.886,-0.167,-0.688,-0.626,-0.486,-0.635,0.445,-0.296,-0.626,0.14,0.707,-0.024,0.373,-0.181,-0.395,0.11,-0.679,-0.559,0.761,-0.464,0.191,-0.581,-0.563,-0.843,-0.43,0.235,0.27,-0.543,0.197,0.543,-0.642,0.246,-0.666,0.52,-0.73,-0.786,-0.035,0.614,-0.667,-0.837,-0.196,-0.119,-0.375,-0.869,-0.115,-0.485,-0.392,-0.038,-0.831,-0.516,-0.561,-0.632,0.776,0.573,0.841,-0.709,0.042,-0.21,-0.538,-0.699,-0.316,-0.134,0.889,0.472,-0.004,-0.708,0.379,-0.558,0.625,-0.762,0.117,0.171,-0.463,-0.33,0.397,-0.708,0.603,-0.569,0.925,-0.731,-0.669,0.951,-0.677,0.034,-0.177,0.57,-0.559,-0.756,-0.655,-0.809,-0.886,0.944,-0.835,-0.842,0.726,-0.462,-0.148,-0.676,-0.505,-0.586,0.924,-0.305,-0.449,-0.796,-0.376,-0.154,0.562,-0.337,0.049,-0.122,-0.69,-0.249,-0.625,0.109,0.204,-0.621,-0.226,-0.151,-0.604,-0.343,-0.221,0.148,-0.273,-0.287,-0.428,-0.364,-0.503,0.473,-0.555,-0.698,-0.519,-0.722,-0.586,-0.629,-0.641,-0.773,0.207,-0.508,-0.805,-0.239,0.59,-0.61,-0.735,-0.695,-0.529,-0.495,-0.688,-0.575,0.891,-0.001,-0.846,0.122,0.065,-0.612,0.398,-0.131,-0.638,0.263,-0.217,-0.111,0.807,0.942,0.131,0.158,-0.428,-0.162,0.776,0.309,-0.013,-0.298,0.174,0.724,0.147,-0.236,-0.226,0.493
000617SZ,0.667,0.2,0.859,0.883,-0.363,0.698,0.585,-0.631,-0.597,1.0,0.759,0.256,0.88,0.907,0.863,0.847,0.914,0.602,0.805,0.487,-0.355,0.787,0.677,0.579,-0.031,0.804,0.782,0.709,-0.258,-0.287,-0.065,0.084,0.781,0.623,0.396,0.767,0.693,-0.085,-0.608,0.166,0.308,-0.3,0.139,0.547,0.814,0.602,0.781,-0.037,0.826,0.596,0.511,-0.107,0.714,0.257,0.631,0.803,0.323,0.701,0.885,-0.309,0.823,0.584,0.265,0.818,0.616,0.649,0.36,-0.448,0.705,-0.287,-0.614,0.621,0.473,0.64,-0.52,0.768,0.842,0.435,-0.041,0.81,0.546,0.171,0.679,0.802,0.688,0.729,0.872,0.843,0.671,0.802,0.794,0.43,0.939,-0.446,-0.051,-0.484,0.483,0.668,0.775,0.836,0.789,0.75,0.629,-0.327,-0.149,0.202,0.761,-0.298,0.882,0.047,0.824,0.489,0.496,0.867,0.755,0.29,0.82,0.024,0.09,-0.667,0.732,0.786,-0.569,0.692,0.499,0.438,0.148,0.81,0.668,0.87,0.632,0.622,-0.49,0.599,0.683,0.043,0.797,0.761,0.872,0.67,0.76,-0.728,0.42,0.898,0.722,0.274,0.76,0.165,0.669,0.576,0.79,0.704,0.739,0.746,0.37,0.537,0.897,0.662,0.755,0.921,0.894,0.541,0.618,0.798,0.711,0.911,0.437,0.724,0.08,0.899,0.9,0.886,0.545,0.933,0.796,0.895,0.798,-0.255,0.893,0.672,0.571,0.055,0.75,0.857,0.834,0.587,0.793,0.86,0.863,-0.527,0.627,0.802,0.592,0.409,0.903,0.123,0.605,0.914,0.492,0.59,0.716,-0.138,-0.677,0.492,0.5,0.757,0.255,-0.614,-0.033,0.596,0.739,0.169,-0.114,0.406,0.536,0.736,0.132
000625SZ,0.685,0.241,0.718,0.735,-0.142,0.743,0.606,-0.314,-0.296,0.759,1.0,0.371,0.797,0.77,0.757,0.677,0.765,0.469,0.908,0.554,-0.06,0.705,0.654,0.553,0.176,0.612,0.696,0.636,-0.036,-0.016,0.051,0.367,0.629,0.632,0.484,0.73,0.583,-0.101,-0.305,0.307,0.495,-0.121,-0.039,0.402,0.788,0.505,0.741,0.125,0.749,0.373,0.79,0.125,0.759,0.475,0.571,0.67,0.648,0.557,0.704,0.051,0.834,0.63,0.083,0.719,0.445,0.547,0.512,-0.376,0.583,-0.198,-0.507,0.485,0.639,0.641,-0.395,0.6,0.639,0.431,0.317,0.651,0.326,0.175,0.694,0.639,0.494,0.698,0.765,0.76,0.593,0.575,0.67,0.308,0.761,-0.231,0.08,-0.186,0.309,0.586,0.711,0.702,0.678,0.856,0.635,-0.078,0.026,0.206,0.662,-0.148,0.758,0.287,0.657,0.673,0.582,0.778,0.704,0.473,0.609,0.192,-0.02,-0.424,0.65,0.67,-0.269,0.48,0.447,0.304,0.34,0.818,0.444,0.827,0.448,0.445,-0.19,0.43,0.483,0.237,0.671,0.76,0.694,0.541,0.722,-0.467,0.555,0.789,0.567,0.092,0.682,0.417,0.582,0.628,0.691,0.561,0.702,0.812,0.45,0.558,0.686,0.666,0.651,0.745,0.725,0.412,0.61,0.707,0.612,0.733,0.271,0.884,0.187,0.706,0.693,0.759,0.578,0.806,0.678,0.702,0.619,0.142,0.727,0.503,0.521,0.275,0.596,0.673,0.721,0.491,0.725,0.704,0.736,-0.212,0.718,0.576,0.658,0.451,0.724,0.319,0.556,0.752,0.596,0.585,0.713,0.081,-0.421,0.549,0.75,0.772,0.257,-0.459,0.056,0.579,0.597,0.102,0.119,0.501,0.481,0.663,0.307
000651SZ,0.637,0.749,0.401,0.271,0.728,0.548,0.723,0.385,0.459,0.256,0.371,1.0,0.453,0.282,0.347,0.103,0.189,0.546,0.25,0.795,0.646,0.178,0.359,0.681,0.644,0.034,0.545,0.497,0.499,0.698,-0.439,0.614,-0.056,0.13,0.784,0.69,-0.012,0.648,0.464,0.575,0.727,0.641,-0.025,-0.291,0.171,0.166,0.111,0.567,0.543,-0.045,0.641,0.618,0.611,0.541,0.371,0.407,0.225,0.008,0.252,0.466,0.293,0.835,-0.197,0.126,-0.256,0.237,0.625,-0.239,-0.018,-0.14,-0.113,-0.063,0.663,-0.122,-0.138,0.007,0.03,0.336,0.61,0.105,-0.371,-0.13,0.622,0.398,-0.324,0.651,0.431,0.48,0.619,-0.035,0.314,-0.019,0.237,0.368,0.83,0.493,-0.038,0.598,0.506,0.341,0.056,0.446,0.492,0.61,0.431,0.203,0.018,0.332,0.314,0.769,0.008,0.625,0.722,0.371,0.459,0.629,0.04,0.727,-0.421,0.302,-0.026,0.131,0.467,-0.016,0.793,0.289,0.724,0.254,-0.099,0.164,-0.197,-0.362,0.553,-0.242,-0.306,0.793,0.442,0.624,0.16,0.203,0.084,0.282,-0.021,0.418,-0.097,-0.02,0.565,0.774,0.493,0.737,0.637,-0.003,0.607,0.092,0.526,0.811,0.254,0.564,0.621,0.239,0.472,0.444,0.735,0.51,0.512,0.435,0.054,0.214,0.708,0.34,0.145,0.349,-0.242,0.24,0.174,0.202,0.004,-0.068,0.327,-0.167,0.05,0.789,0.213,0.056,0.006,0.125,0.334,0.147,0.296,0.395,0.695,-0.167,0.786,0.554,0.216,0.642,0.648,0.187,0.824,0.515,0.65,0.613,0.338,0.667,0.604,0.398,0.009,0.17,0.336,0.727,0.535,0.13,0.669,0.454,0.262,0.437,0.674
000661SZ,0.714,0.259,0.833,0.854,-0.157,0.743,0.674,-0.412,-0.371,0.88,0.797,0.453,1.0,0.884,0.826,0.757,0.854,0.598,0.813,0.597,-0.107,0.838,0.865,0.723,0.247,0.701,0.809,0.733,-0.102,-0.037,-0.164,0.166,0.696,0.612,0.593,0.865,0.543,0.038,-0.413,0.452,0.477,-0.077,0.257,0.43,0.769,0.613,0.702,0.262,0.86,0.633,0.636,0.042,0.742,0.367,0.781,0.838,0.342,0.651,0.838,-0.158,0.901,0.763,0.32,0.723,0.528,0.641,0.403,-0.332,0.656,-0.202,-0.476,0.598,0.667,0.538,-0.417,0.686,0.757,0.522,0.078,0.847,0.474,0.174,0.736,0.793,0.525,0.751,0.864,0.868,0.638,0.68,0.823,0.369,0.891,-0.201,0.133,-0.314,0.372,0.778,0.741,0.784,0.707,0.769,0.732,-0.144,0.012,0.207,0.681,-0.184,0.862,0.258,0.794,0.649,0.618,0.858,0.779,0.423,0.734,0.197,0.002,-0.498,0.669,0.758,-0.356,0.707,0.573,0.576,0.415,0.759,0.627,0.827,0.565,0.473,-0.241,0.492,0.588,0.238,0.803,0.808,0.816,0.624,0.668,-0.572,0.525,0.899,0.628,0.016,0.721,0.316,0.71,0.673,0.791,0.637,0.791,0.689,0.475,0.617,0.801,0.72,0.786,0.892,0.853,0.567,0.666,0.784,0.761,0.864,0.409,0.772,0.153,0.816,0.784,0.89,0.478,0.873,0.733,0.81,0.716,-0.087,0.845,0.598,0.586,0.179,0.721,0.772,0.778,0.531,0.782,0.815,0.825,-0.309,0.777,0.681,0.65,0.474,0.826,0.224,0.655,0.872,0.71,0.747,0.784,0.088,-0.47,0.627,0.596,0.794,0.263,-0.573,0.107,0.706,0.729,0.114,0.074,0.326,0.702,0.9,0.31
000708SZ,0.74,0.288,0.95,0.964,-0.353,0.83,0.668,-0.64,-0.589,0.907,0.77,0.282,0.884,1.0,0.953,0.923,0.948,0.637,0.815,0.534,-0.377,0.886,0.733,0.645,-0.075,0.885,0.793,0.812,-0.102,-0.288,0.025,0.087,0.886,0.771,0.386,0.82,0.715,-0.023,-0.587,0.098,0.407,-0.339,0.103,0.55,0.899,0.751,0.864,-0.019,0.9,0.614,0.551,-0.097,0.707,0.149,0.582,0.884,0.299,0.824,0.95,-0.324,0.896,0.598,0.429,0.865,0.721,0.818,0.426,-0.518,0.802,-0.357,-0.711,0.606,0.49,0.732,-0.63,0.88,0.915,0.558,-0.067,0.85,0.605,0.348,0.726,0.893,0.76,0.748,0.924,0.919,0.645,0.862,0.925,0.644,0.944,-0.434,0.095,-0.444,0.645,0.553,0.791,0.904,0.907,0.838,0.781,-0.372,0.034,0.371,0.885,-0.081,0.978,0.023,0.896,0.489,0.516,0.953,0.886,0.286,0.84,-0.07,0.202,-0.701,0.863,0.902,-0.576,0.754,0.632,0.574,0.087,0.889,0.782,0.915,0.725,0.721,-0.508,0.734,0.739,-0.036,0.916,0.81,0.905,0.765,0.854,-0.738,0.585,0.915,0.842,0.267,0.778,0.174,0.802,0.654,0.748,0.838,0.826,0.85,0.484,0.513,0.924,0.782,0.71,0.951,0.873,0.597,0.606,0.795,0.787,0.922,0.347,0.804,0.221,0.935,0.952,0.961,0.689,0.945,0.9,0.948,0.898,-0.22,0.926,0.795,0.518,0.09,0.888,0.921,0.892,0.762,0.869,0.941,0.945,-0.603,0.728,0.805,0.539,0.521,0.957,0.209,0.74,0.96,0.507,0.698,0.751,-0.241,-0.711,0.576,0.501,0.867,0.283,-0.675,0.147,0.729,0.731,0.076,-0.024,0.419,0.705,0.786,0.252
000725SZ,0.763,0.378,0.976,0.969,-0.254,0.897,0.77,-0.591,-0.509,0.863,0.757,0.347,0.826,0.953,1.0,0.936,0.915,0.621,0.769,0.597,-0.335,0.861,0.674,0.657,-0.044,0.883,0.849,0.882,0.047,-0.265,0.037,0.189,0.856,0.776,0.43,0.851,0.751,0.003,-0.507,0.063,0.515,-0.29,0.032,0.459,0.903,0.783,0.883,0.026,0.909,0.516,0.605,-0.089,0.689,0.176,0.52,0.915,0.374,0.837,0.962,-0.219,0.833,0.607,0.359,0.862,0.646,0.864,0.561,-0.63,0.777,-0.382,-0.778,0.533,0.572,0.77,-0.693,0.875,0.878,0.592,0.04,0.77,0.473,0.341,0.795,0.913,0.714,0.835,0.952,0.958,0.676,0.82,0.937,0.696,0.917,-0.381,0.184,-0.378,0.675,0.505,0.849,0.915,0.917,0.895,0.825,-0.257,0.171,0.44,0.891,0.05,0.965,0.122,0.845,0.482,0.574,0.948,0.897,0.353,0.822,0.002,0.118,-0.633,0.852,0.855,-0.514,0.656,0.693,0.559,0.089,0.901,0.732,0.912,0.71,0.682,-0.442,0.716,0.676,0.0,0.938,0.87,0.892,0.776,0.849,-0.646,0.578,0.928,0.83,0.304,0.849,0.281,0.842,0.765,0.811,0.842,0.9,0.871,0.592,0.583,0.933,0.874,0.734,0.923,0.9,0.651,0.666,0.809,0.848,0.935,0.259,0.781,0.336,0.953,0.941,0.96,0.662,0.922,0.909,0.946,0.879,-0.235,0.953,0.772,0.518,0.254,0.896,0.893,0.854,0.823,0.897,0.929,0.967,-0.554,0.717,0.751,0.616,0.644,0.962,0.369,0.83,0.934,0.498,0.68,0.804,-0.207,-0.678,0.664,0.571,0.883,0.2,-0.632,0.228,0.781,0.802,0.082,0.1,0.467,0.662,0.745,0.38
000768SZ,0.584,0.204,0.933,0.948,-0.466,0.789,0.625,-0.764,-0.677,0.847,0.677,0.103,0.757,0.923,0.936,1.0,0.91,0.476,0.732,0.406,-0.558,0.859,0.606,0.51,-0.256,0.934,0.73,0.804,-0.122,-0.485,0.105,0.041,0.94,0.808,0.229,0.716,0.772,-0.213,-0.683,-0.108,0.369,-0.517,0.003,0.567,0.935,0.783,0.934,-0.126,0.823,0.54,0.457,-0.259,0.53,0.055,0.429,0.852,0.292,0.909,0.932,-0.378,0.796,0.407,0.475,0.847,0.772,0.87,0.449,-0.648,0.835,-0.459,-0.841,0.557,0.4,0.858,-0.74,0.937,0.946,0.518,-0.132,0.791,0.585,0.428,0.633,0.846,0.819,0.7,0.891,0.893,0.516,0.892,0.912,0.779,0.899,-0.538,-0.056,-0.605,0.733,0.336,0.727,0.885,0.975,0.781,0.742,-0.451,0.024,0.36,0.958,-0.083,0.933,-0.057,0.904,0.335,0.404,0.91,0.83,0.177,0.853,-0.162,0.225,-0.791,0.936,0.91,-0.703,0.69,0.493,0.476,-0.131,0.889,0.775,0.927,0.86,0.809,-0.639,0.846,0.78,-0.222,0.87,0.771,0.902,0.735,0.905,-0.79,0.611,0.858,0.912,0.301,0.732,0.085,0.725,0.588,0.672,0.892,0.788,0.891,0.409,0.348,0.909,0.739,0.587,0.91,0.801,0.511,0.482,0.69,0.746,0.853,0.185,0.757,0.139,0.908,0.961,0.916,0.778,0.902,0.946,0.927,0.927,-0.275,0.9,0.886,0.494,0.014,0.899,0.922,0.915,0.867,0.896,0.942,0.943,-0.731,0.564,0.856,0.423,0.46,0.947,0.158,0.702,0.953,0.283,0.571,0.715,-0.404,-0.832,0.532,0.435,0.865,0.208,-0.771,0.147,0.644,0.742,-0.049,-0.081,0.344,0.616,0.653,0.19
000776SZ,0.751,0.187,0.909,0.958,-0.454,0.781,0.554,-0.674,-0.643,0.914,0.765,0.189,0.854,0.948,0.915,0.91,1.0,0.646,0.844,0.457,-0.437,0.871,0.709,0.502,-0.07,0.867,0.788,0.714,-0.249,-0.336,-0.004,-0.004,0.853,0.647,0.301,0.739,0.723,-0.121,-0.656,0.048,0.278,-0.403,0.076,0.571,0.872,0.643,0.849,-0.105,0.841,0.664,0.474,-0.207,0.669,0.107,0.595,0.798,0.312,0.774,0.947,-0.387,0.867,0.554,0.413,0.86,0.7,0.731,0.325,-0.453,0.754,-0.284,-0.663,0.701,0.454,0.738,-0.547,0.843,0.902,0.46,-0.126,0.876,0.623,0.271,0.741,0.831,0.808,0.743,0.916,0.887,0.639,0.904,0.873,0.569,0.968,-0.5,-0.037,-0.447,0.641,0.518,0.806,0.817,0.882,0.821,0.693,-0.42,-0.12,0.257,0.883,-0.222,0.944,-0.004,0.875,0.5,0.395,0.904,0.863,0.262,0.834,-0.109,0.27,-0.742,0.834,0.889,-0.628,0.724,0.526,0.457,0.066,0.884,0.793,0.918,0.736,0.758,-0.541,0.738,0.791,-0.085,0.888,0.744,0.945,0.816,0.802,-0.787,0.538,0.938,0.862,0.28,0.757,0.098,0.789,0.615,0.751,0.859,0.786,0.858,0.506,0.521,0.957,0.78,0.758,0.922,0.885,0.634,0.59,0.847,0.678,0.913,0.494,0.796,0.149,0.942,0.96,0.947,0.689,0.952,0.874,0.962,0.928,-0.176,0.929,0.815,0.606,0.013,0.881,0.948,0.877,0.689,0.837,0.961,0.954,-0.596,0.658,0.888,0.511,0.527,0.964,0.197,0.684,0.931,0.458,0.6,0.671,-0.28,-0.746,0.448,0.415,0.788,0.206,-0.653,0.006,0.602,0.681,0.13,-0.15,0.375,0.573,0.758,0.132
000786SZ,0.794,0.512,0.649,0.632,-0.02,0.564,0.458,-0.245,-0.246,0.602,0.469,0.546,0.598,0.637,0.621,0.476,0.646,1.0,0.459,0.482,-0.015,0.517,0.52,0.375,0.209,0.458,0.659,0.46,-0.065,0.074,-0.161,0.002,0.357,0.192,0.436,0.612,0.325,0.474,-0.233,0.202,0.217,0.042,0.104,0.16,0.443,0.257,0.413,0.117,0.62,0.458,0.32,0.061,0.604,0.141,0.469,0.479,0.07,0.362,0.611,-0.164,0.479,0.591,0.137,0.503,0.226,0.336,0.215,-0.19,0.208,-0.079,-0.278,0.417,0.365,0.253,-0.295,0.371,0.469,0.14,0.032,0.562,0.267,-0.189,0.698,0.548,0.38,0.66,0.709,0.626,0.722,0.558,0.524,0.221,0.643,-0.25,0.38,0.041,0.501,0.47,0.632,0.49,0.415,0.602,0.429,-0.096,-0.109,0.156,0.433,-0.108,0.628,0.209,0.452,0.54,0.287,0.568,0.607,0.302,0.526,0.16,0.142,-0.319,0.337,0.492,-0.207,0.42,0.72,0.279,0.309,0.551,0.468,0.508,0.264,0.299,-0.093,0.286,0.337,0.208,0.712,0.559,0.611,0.687,0.295,-0.388,0.025,0.669,0.451,0.386,0.594,0.207,0.735,0.62,0.668,0.505,0.655,0.431,0.563,0.702,0.688,0.723,0.754,0.537,0.705,0.733,0.63,0.801,0.502,0.684,0.588,0.426,0.421,0.707,0.597,0.625,0.146,0.56,0.466,0.63,0.545,-0.17,0.618,0.318,0.303,0.298,0.638,0.555,0.378,0.312,0.481,0.586,0.632,-0.202,0.536,0.44,0.608,0.657,0.614,0.441,0.661,0.509,0.644,0.517,0.507,0.019,-0.289,0.293,0.284,0.456,-0.015,-0.107,-0.113,0.521,0.512,0.314,-0.029,0.324,0.256,0.53,0.139
000800SZ,0.673,0.142,0.738,0.771,-0.261,0.746,0.538,-0.394,-0.384,0.805,0.908,0.25,0.813,0.815,0.769,0.732,0.844,0.459,1.0,0.523,-0.158,0.725,0.654,0.567,0.058,0.634,0.67,0.627,-0.126,-0.094,0.025,0.296,0.678,0.626,0.378,0.7,0.661,-0.133,-0.39,0.224,0.411,-0.193,-0.053,0.397,0.781,0.537,0.738,-0.034,0.761,0.442,0.663,0.055,0.754,0.341,0.552,0.699,0.558,0.607,0.774,-0.124,0.874,0.596,0.171,0.735,0.487,0.596,0.428,-0.381,0.708,-0.198,-0.532,0.532,0.565,0.632,-0.386,0.669,0.704,0.516,0.151,0.677,0.46,0.308,0.638,0.69,0.591,0.64,0.745,0.76,0.599,0.652,0.695,0.37,0.82,-0.325,0.004,-0.257,0.34,0.577,0.751,0.692,0.721,0.803,0.657,-0.205,-0.017,0.266,0.716,-0.197,0.809,0.13,0.694,0.551,0.542,0.813,0.749,0.421,0.596,0.021,0.043,-0.487,0.678,0.73,-0.351,0.53,0.426,0.38,0.252,0.806,0.53,0.82,0.482,0.53,-0.306,0.479,0.577,0.159,0.679,0.72,0.734,0.53,0.751,-0.558,0.585,0.809,0.623,0.055,0.716,0.305,0.563,0.547,0.667,0.603,0.649,0.797,0.39,0.507,0.735,0.601,0.64,0.799,0.76,0.348,0.607,0.731,0.554,0.776,0.309,0.823,0.136,0.743,0.768,0.805,0.605,0.868,0.717,0.784,0.69,0.075,0.766,0.57,0.59,0.119,0.613,0.763,0.747,0.533,0.704,0.755,0.778,-0.304,0.735,0.666,0.56,0.368,0.795,0.151,0.543,0.803,0.529,0.53,0.643,-0.015,-0.492,0.524,0.601,0.729,0.199,-0.502,0.062,0.567,0.536,0.154,0.06,0.524,0.53,0.69,0.267
000807SZ,0.725,0.674,0.621,0.506,0.531,0.743,0.791,0.183,0.3,0.487,0.554,0.795,0.597,0.534,0.597,0.406,0.457,0.482,0.523,1.0,0.469,0.344,0.454,0.78,0.551,0.235,0.76,0.631,0.45,0.491,-0.144,0.719,0.263,0.465,0.687,0.817,0.332,0.33,0.269,0.54,0.858,0.495,-0.091,0.004,0.409,0.343,0.378,0.369,0.778,-0.023,0.791,0.631,0.827,0.614,0.4,0.604,0.498,0.23,0.543,0.454,0.495,0.895,-0.163,0.418,-0.028,0.5,0.818,-0.402,0.368,-0.295,-0.35,-0.015,0.799,0.164,-0.267,0.266,0.257,0.574,0.6,0.26,-0.252,0.204,0.736,0.679,-0.026,0.817,0.6,0.688,0.777,0.165,0.538,0.152,0.458,0.231,0.672,0.328,0.016,0.689,0.738,0.542,0.351,0.61,0.751,0.496,0.467,0.358,0.292,0.268,0.567,0.716,0.211,0.688,0.771,0.639,0.726,0.741,0.274,0.61,-0.361,0.106,0.255,0.374,0.254,0.115,0.787,0.389,0.645,0.474,0.096,0.383,0.023,-0.09,0.338,-0.001,-0.054,0.714,0.602,0.822,0.358,0.407,0.435,0.072,0.311,0.62,0.144,0.053,0.799,0.796,0.582,0.85,0.818,0.273,0.743,0.332,0.693,0.841,0.478,0.687,0.741,0.464,0.706,0.498,0.934,0.681,0.622,0.67,0.024,0.345,0.799,0.566,0.423,0.567,0.029,0.514,0.428,0.462,0.246,-0.177,0.578,0.1,0.293,0.767,0.415,0.302,0.343,0.349,0.564,0.383,0.516,0.165,0.83,0.074,0.804,0.674,0.505,0.685,0.745,0.448,0.795,0.545,0.815,0.523,0.102,0.812,0.748,0.564,0.236,0.035,0.472,0.851,0.626,0.365,0.729,0.758,0.456,0.617,0.774
000858SZ,0.089,0.372,-0.32,-0.416,0.908,-0.062,0.14,0.932,0.922,-0.355,-0.06,0.646,-0.107,-0.377,-0.335,-0.558,-0.437,-0.015,-0.158,0.469,1.0,-0.42,-0.047,0.271,0.778,-0.661,-0.035,-0.171,0.52,0.933,-0.254,0.611,-0.641,-0.34,0.523,0.109,-0.474,0.51,0.918,0.682,0.441,0.955,-0.05,-0.57,-0.475,-0.412,-0.516,0.533,-0.086,-0.457,0.323,0.803,0.215,0.516,0.056,-0.225,0.224,-0.605,-0.391,0.764,-0.219,0.447,-0.563,-0.391,-0.75,-0.356,0.279,0.308,-0.448,0.219,0.524,-0.455,0.411,-0.607,0.483,-0.618,-0.65,0.04,0.674,-0.458,-0.712,-0.253,0.059,-0.221,-0.78,0.052,-0.289,-0.213,0.158,-0.689,-0.356,-0.607,-0.423,0.741,0.67,0.866,-0.679,0.324,-0.023,-0.358,-0.589,-0.114,-0.024,0.858,0.413,-0.006,-0.617,0.301,-0.363,0.707,-0.602,0.344,0.328,-0.274,-0.156,0.512,-0.548,0.689,-0.561,0.858,-0.636,-0.519,0.939,-0.475,0.211,-0.028,0.758,-0.375,-0.624,-0.484,-0.761,-0.826,0.964,-0.803,-0.741,0.881,-0.288,0.021,-0.502,-0.377,-0.465,0.809,-0.21,-0.227,-0.709,-0.367,0.005,0.655,-0.15,0.198,0.08,-0.591,-0.072,-0.497,0.212,0.418,-0.448,-0.075,0.087,-0.389,-0.131,-0.086,0.341,-0.053,-0.119,-0.213,-0.163,-0.311,0.509,-0.372,-0.535,-0.314,-0.657,-0.374,-0.503,-0.46,-0.635,0.249,-0.316,-0.736,-0.111,0.649,-0.476,-0.566,-0.543,-0.517,-0.336,-0.515,-0.398,0.896,0.232,-0.71,0.314,0.139,-0.438,0.423,0.004,-0.45,0.515,0.012,0.068,0.904,0.903,0.243,0.306,-0.269,-0.035,0.715,0.246,0.146,-0.162,0.277,0.721,0.258,-0.104,0.014,0.52
000876SZ,0.59,0.062,0.855,0.911,-0.426,0.744,0.554,-0.624,-0.583,0.787,0.705,0.178,0.838,0.886,0.861,0.859,0.871,0.517,0.725,0.344,-0.42,1.0,0.854,0.57,-0.053,0.859,0.707,0.741,-0.067,-0.358,-0.049,-0.063,0.832,0.668,0.35,0.746,0.603,-0.07,-0.598,0.092,0.282,-0.383,0.204,0.48,0.837,0.731,0.788,0.022,0.749,0.752,0.423,-0.297,0.509,-0.043,0.736,0.833,0.174,0.807,0.901,-0.43,0.854,0.485,0.581,0.815,0.712,0.798,0.253,-0.423,0.748,-0.234,-0.591,0.739,0.496,0.721,-0.446,0.85,0.884,0.57,-0.228,0.869,0.651,0.321,0.664,0.797,0.761,0.645,0.84,0.843,0.429,0.826,0.901,0.643,0.896,-0.32,-0.003,-0.485,0.624,0.44,0.679,0.767,0.848,0.806,0.755,-0.382,0.068,0.345,0.87,-0.104,0.868,-0.042,0.918,0.425,0.403,0.84,0.776,0.266,0.794,-0.18,0.244,-0.698,0.821,0.841,-0.566,0.776,0.475,0.588,0.008,0.792,0.827,0.886,0.783,0.751,-0.494,0.749,0.824,-0.152,0.825,0.677,0.907,0.72,0.725,-0.704,0.609,0.837,0.855,0.039,0.646,0.046,0.768,0.565,0.617,0.818,0.746,0.812,0.486,0.403,0.848,0.729,0.608,0.913,0.766,0.583,0.418,0.685,0.706,0.818,0.348,0.819,0.058,0.825,0.864,0.914,0.695,0.865,0.83,0.885,0.874,-0.09,0.876,0.844,0.684,-0.06,0.845,0.917,0.833,0.72,0.772,0.914,0.89,-0.57,0.6,0.833,0.4,0.489,0.884,0.176,0.665,0.912,0.414,0.623,0.598,-0.269,-0.69,0.477,0.374,0.775,0.121,-0.73,0.148,0.595,0.62,-0.105,-0.11,0.117,0.736,0.797,0.241
000895SZ,0.55,0.047,0.666,0.72,-0.16,0.594,0.481,-0.269,-0.257,0.677,0.654,0.359,0.865,0.733,0.674,0.606,0.709,0.52,0.654,0.454,-0.047,0.854,1.0,0.628,0.339,0.566,0.684,0.565,-0.018,-0.041,-0.068,0.024,0.578,0.502,0.532,0.743,0.393,0.087,-0.312,0.503,0.328,-0.001,0.372,0.356,0.607,0.488,0.537,0.309,0.663,0.706,0.481,-0.028,0.593,0.182,0.889,0.697,0.235,0.549,0.731,-0.176,0.785,0.64,0.376,0.664,0.457,0.557,0.195,-0.095,0.564,0.001,-0.226,0.647,0.661,0.469,-0.115,0.563,0.622,0.505,-0.07,0.797,0.476,0.147,0.63,0.672,0.501,0.597,0.689,0.706,0.439,0.551,0.727,0.28,0.745,-0.003,0.14,-0.219,0.272,0.638,0.586,0.557,0.558,0.7,0.657,-0.106,0.104,0.239,0.571,-0.192,0.693,0.181,0.726,0.578,0.429,0.676,0.641,0.435,0.642,0.066,0.133,-0.369,0.537,0.599,-0.236,0.699,0.436,0.609,0.37,0.577,0.638,0.681,0.518,0.45,-0.118,0.428,0.609,0.188,0.657,0.61,0.73,0.574,0.463,-0.44,0.545,0.726,0.557,-0.135,0.534,0.199,0.637,0.539,0.604,0.575,0.634,0.546,0.503,0.505,0.646,0.631,0.648,0.758,0.704,0.56,0.498,0.639,0.611,0.707,0.423,0.683,0.105,0.635,0.623,0.764,0.417,0.705,0.558,0.68,0.621,0.081,0.72,0.57,0.739,0.078,0.631,0.687,0.657,0.391,0.574,0.699,0.679,-0.21,0.616,0.607,0.45,0.481,0.687,0.237,0.539,0.736,0.641,0.639,0.544,0.124,-0.331,0.461,0.426,0.591,0.19,-0.426,0.136,0.535,0.477,0.107,0.041,0.107,0.723,0.909,0.309
000938SZ,0.586,0.465,0.667,0.599,0.343,0.754,0.822,0.004,0.08,0.579,0.553,0.681,0.723,0.645,0.657,0.51,0.502,0.375,0.567,0.78,0.271,0.57,0.628,1.0,0.339,0.422,0.641,0.797,0.468,0.31,-0.248,0.584,0.407,0.596,0.761,0.867,0.344,0.327,0.101,0.496,0.734,0.294,0.053,-0.008,0.506,0.591,0.441,0.329,0.786,0.223,0.668,0.412,0.697,0.358,0.563,0.787,0.308,0.462,0.625,0.146,0.664,0.797,0.101,0.532,0.164,0.686,0.653,-0.425,0.587,-0.265,-0.407,0.206,0.707,0.268,-0.332,0.5,0.454,0.764,0.317,0.398,0.089,0.323,0.635,0.732,0.117,0.673,0.601,0.71,0.569,0.279,0.672,0.354,0.553,0.203,0.558,0.055,0.127,0.727,0.69,0.654,0.476,0.64,0.789,0.27,0.575,0.539,0.413,0.314,0.634,0.413,0.45,0.474,0.866,0.711,0.683,0.604,0.333,0.307,-0.311,-0.047,0.396,0.466,0.12,0.387,0.732,0.695,0.438,0.501,0.3,0.491,0.188,0.08,0.117,0.144,0.171,0.517,0.625,0.76,0.458,0.269,0.517,-0.062,0.431,0.648,0.282,-0.145,0.756,0.592,0.571,0.698,0.685,0.296,0.708,0.401,0.457,0.649,0.512,0.587,0.575,0.68,0.673,0.344,0.694,0.54,0.739,0.704,-0.039,0.469,0.491,0.572,0.509,0.691,0.185,0.624,0.535,0.553,0.364,-0.181,0.656,0.265,0.41,0.473,0.441,0.475,0.434,0.487,0.572,0.496,0.591,0.011,0.829,0.224,0.64,0.444,0.576,0.38,0.708,0.631,0.718,0.64,0.737,0.344,-0.068,0.83,0.641,0.666,0.127,-0.271,0.512,0.853,0.617,0.009,0.578,0.457,0.755,0.727,0.743
000963SZ,0.314,0.254,-0.033,-0.075,0.663,0.107,0.227,0.647,0.651,-0.031,0.176,0.644,0.247,-0.075,-0.044,-0.256,-0.07,0.209,0.058,0.551,0.778,-0.053,0.339,0.339,1.0,-0.327,0.319,-0.026,0.266,0.759,-0.221,0.388,-0.312,-0.157,0.663,0.334,-0.232,0.312,0.567,0.819,0.432,0.785,0.288,-0.184,-0.188,-0.236,-0.239,0.704,0.14,-0.034,0.429,0.515,0.364,0.556,0.439,0.03,0.297,-0.319,-0.052,0.642,0.091,0.626,-0.305,-0.058,-0.406,-0.203,0.255,0.366,-0.255,0.247,0.461,-0.145,0.608,-0.321,0.377,-0.354,-0.318,0.093,0.558,0.042,-0.443,-0.345,0.308,0.046,-0.448,0.326,0.05,0.09,0.277,-0.344,-0.025,-0.501,-0.059,0.623,0.521,0.616,-0.487,0.565,0.171,-0.127,-0.313,0.123,0.164,0.676,0.213,-0.11,-0.352,0.012,-0.053,0.769,-0.215,0.592,0.327,-0.036,0.088,0.572,-0.113,0.702,-0.346,0.528,-0.32,-0.234,0.619,-0.075,0.242,0.182,0.843,-0.098,-0.236,-0.143,-0.388,-0.509,0.762,-0.455,-0.336,0.776,0.006,0.214,-0.134,0.034,-0.283,0.455,0.038,0.125,-0.372,-0.34,0.144,0.548,0.154,0.381,0.352,-0.226,0.181,-0.226,0.481,0.55,-0.101,0.237,0.442,-0.084,0.178,0.3,0.497,0.237,0.12,0.071,0.24,-0.004,0.417,-0.046,-0.228,-0.006,-0.382,-0.041,-0.263,-0.156,-0.284,0.262,0.004,-0.378,0.181,0.564,-0.104,-0.246,-0.148,-0.365,-0.029,-0.138,-0.084,0.685,0.319,-0.308,0.439,0.372,-0.125,0.51,0.161,-0.121,0.696,0.327,0.246,0.807,0.604,0.287,0.379,-0.017,0.152,0.468,0.15,0.229,0.11,0.352,0.508,0.158,0.128,0.385,0.409
000999SZ,0.556,0.141,0.882,0.918,-0.555,0.693,0.55,-0.835,-0.781,0.804,0.612,0.034,0.701,0.885,0.883,0.934,0.867,0.458,0.634,0.235,-0.661,0.859,0.566,0.422,-0.327,1.0,0.627,0.769,-0.191,-0.549,0.047,-0.139,0.941,0.755,0.174,0.625,0.705,-0.191,-0.77,-0.226,0.202,-0.627,0.133,0.626,0.916,0.8,0.902,-0.117,0.728,0.662,0.347,-0.433,0.395,-0.083,0.414,0.812,0.14,0.908,0.873,-0.495,0.774,0.302,0.607,0.816,0.869,0.821,0.277,-0.569,0.765,-0.411,-0.794,0.613,0.241,0.843,-0.756,0.953,0.966,0.445,-0.262,0.836,0.707,0.334,0.559,0.778,0.848,0.595,0.848,0.818,0.364,0.926,0.897,0.785,0.867,-0.548,-0.114,-0.665,0.808,0.28,0.603,0.889,0.951,0.738,0.639,-0.562,-0.038,0.292,0.934,-0.06,0.889,-0.197,0.937,0.248,0.34,0.826,0.754,0.016,0.872,-0.276,0.365,-0.869,0.944,0.891,-0.777,0.783,0.441,0.513,-0.226,0.858,0.863,0.91,0.879,0.867,-0.725,0.91,0.841,-0.369,0.847,0.643,0.883,0.742,0.846,-0.833,0.556,0.802,0.942,0.355,0.603,-0.089,0.741,0.477,0.557,0.896,0.719,0.88,0.345,0.241,0.88,0.69,0.508,0.883,0.706,0.54,0.309,0.602,0.751,0.784,0.283,0.782,0.008,0.874,0.927,0.869,0.822,0.855,0.92,0.895,0.941,-0.272,0.84,0.917,0.412,-0.117,0.9,0.919,0.894,0.833,0.857,0.938,0.904,-0.786,0.462,0.877,0.314,0.38,0.887,0.059,0.63,0.917,0.177,0.62,0.595,-0.542,-0.89,0.405,0.301,0.831,0.221,-0.846,0.076,0.55,0.708,-0.19,-0.259,0.163,0.598,0.596,0.041
001965SZ,0.778,0.413,0.855,0.81,0.026,0.808,0.747,-0.323,-0.207,0.782,0.696,0.545,0.809,0.793,0.849,0.73,0.788,0.659,0.67,0.76,-0.035,0.707,0.684,0.641,0.319,0.627,1.0,0.722,0.1,0.03,-0.081,0.325,0.593,0.569,0.529,0.848,0.61,0.089,-0.288,0.359,0.592,0.053,0.094,0.343,0.703,0.516,0.68,0.255,0.839,0.395,0.691,0.098,0.769,0.439,0.624,0.763,0.391,0.561,0.852,0.065,0.681,0.777,0.103,0.73,0.351,0.619,0.625,-0.52,0.512,-0.343,-0.534,0.395,0.729,0.513,-0.428,0.563,0.634,0.464,0.264,0.652,0.146,0.121,0.861,0.835,0.425,0.942,0.88,0.902,0.815,0.589,0.767,0.389,0.816,-0.108,0.305,-0.134,0.357,0.687,0.846,0.728,0.646,0.769,0.804,0.112,0.135,0.224,0.628,-0.054,0.81,0.484,0.618,0.675,0.612,0.804,0.811,0.623,0.702,0.394,-0.066,-0.377,0.58,0.661,-0.261,0.461,0.695,0.415,0.398,0.707,0.483,0.738,0.486,0.364,-0.121,0.429,0.431,0.331,0.828,0.875,0.771,0.766,0.609,-0.407,0.364,0.884,0.55,0.197,0.841,0.494,0.775,0.867,0.941,0.642,0.888,0.632,0.727,0.789,0.838,0.867,0.912,0.735,0.929,0.767,0.856,0.883,0.769,0.89,0.353,0.601,0.481,0.867,0.761,0.813,0.35,0.796,0.66,0.787,0.637,-0.236,0.853,0.517,0.548,0.47,0.74,0.669,0.677,0.576,0.793,0.744,0.805,-0.233,0.724,0.565,0.8,0.792,0.821,0.592,0.815,0.749,0.688,0.616,0.837,0.167,-0.393,0.668,0.662,0.745,0.192,-0.345,0.217,0.758,0.813,0.329,0.262,0.534,0.512,0.741,0.459
002001SZ,0.65,0.496,0.881,0.823,0.004,0.888,0.911,-0.416,-0.306,0.709,0.636,0.497,0.733,0.812,0.882,0.804,0.714,0.46,0.627,0.631,-0.171,0.741,0.565,0.797,-0.026,0.769,0.722,1.0,0.351,-0.098,-0.149,0.393,0.7,0.763,0.541,0.841,0.593,0.157,-0.271,0.087,0.656,-0.157,-0.069,0.193,0.78,0.834,0.741,0.13,0.87,0.31,0.633,0.081,0.626,0.2,0.404,0.909,0.295,0.761,0.813,-0.093,0.732,0.618,0.297,0.689,0.486,0.884,0.689,-0.726,0.733,-0.405,-0.794,0.372,0.579,0.621,-0.707,0.797,0.747,0.705,0.164,0.564,0.293,0.435,0.75,0.838,0.444,0.776,0.825,0.896,0.593,0.617,0.873,0.72,0.752,-0.183,0.35,-0.274,0.564,0.481,0.764,0.893,0.8,0.796,0.828,-0.05,0.469,0.564,0.756,0.326,0.834,0.214,0.69,0.391,0.795,0.876,0.816,0.414,0.585,0.112,-0.078,-0.42,0.729,0.731,-0.292,0.486,0.764,0.592,0.097,0.774,0.551,0.767,0.553,0.456,-0.285,0.544,0.433,0.134,0.845,0.861,0.717,0.53,0.779,-0.39,0.479,0.793,0.642,0.139,0.832,0.44,0.73,0.768,0.73,0.617,0.872,0.73,0.48,0.55,0.764,0.786,0.587,0.821,0.761,0.463,0.608,0.632,0.874,0.827,-0.017,0.668,0.393,0.806,0.775,0.849,0.515,0.768,0.846,0.785,0.675,-0.294,0.832,0.607,0.352,0.399,0.727,0.717,0.671,0.824,0.821,0.752,0.836,-0.389,0.764,0.518,0.644,0.536,0.8,0.36,0.845,0.813,0.484,0.686,0.813,-0.093,-0.486,0.795,0.624,0.871,0.089,-0.606,0.454,0.872,0.819,-0.156,0.326,0.428,0.684,0.652,0.581
