,000001SZ,000002SZ,000157SZ,000166SZ,000333SZ,000338SZ,000538SZ,000568SZ,000596SZ,000617SZ,000625SZ,000651SZ,000661SZ,000708SZ,000725SZ,000768SZ,000776SZ,000786SZ,000800SZ,000807SZ,000858SZ,000876SZ,000895SZ,000938SZ,000963SZ,000999SZ,001965SZ,002001SZ,002007SZ,002027SZ,002028SZ,002050SZ,002129SZ,002179SZ,002230SZ,002236SZ,002241SZ,002271SZ,002304SZ,002311SZ,002371SZ,002415SZ,002422SZ,002459SZ,002460SZ,002463SZ,002466SZ,002475SZ,002493SZ,002555SZ,002594SZ,002601SZ,002648SZ,002709SZ,002714SZ,002916SZ,002920SZ,002938SZ,003816SZ,300014SZ,300033SZ,300059SZ,300122SZ,300124SZ,300274SZ,300308SZ,300316SZ,300347SZ,300394SZ,300408SZ,300413SZ,300418SZ,300433SZ,300450SZ,300498SZ,300502SZ,300628SZ,300661SZ,300750SZ,300759SZ,300760SZ,300782SZ,600000SS,600010SS,600011SS,600015SS,600016SS,600018SS,600019SS,600023SS,600025SS,600026SS,600028SS,600029SS,600031SS,600036SS,600048SS,600050SS,600061SS,600085SS,600089SS,600104SS,600111SS,600115SS,600161SS,600183SS,600188SS,600196SS,600219SS,600233SS,600276SS,600309SS,600332SS,600346SS,600362SS,600377SS,600406SS,600415SS,600426SS,600436SS,600438SS,600489SS,600519SS,600570SS,600585SS,600588SS,600600SS,600660SS,600674SS,600741SS,600760SS,600795SS,600809SS,600875SS,600886SS,600887SS,600926SS,600989SS,601006SS,601009SS,601012SS,601021SS,601058SS,601066SS,601088SS,601100SS,601117SS,601138SS,601166SS,601169SS,601186SS,601225SS,601229SS,601238SS,601288SS,601318SS,601319SS,601328SS,601336SS,601360SS,601390SS,601398SS,601600SS,601601SS,601607SS,601618SS,601628SS,601633SS,601658SS,601668SS,601669SS,601688SS,601689SS,601698SS,601699SS,601766SS,601788SS,601799SS,601800SS,601808SS,601816SS,601818SS,601838SS,601857SS,601865SS,601872SS,601877SS,601878SS,601881SS,601888SS,601899SS,601901SS,601919SS,601939SS,601985SS,601988SS,601998SS,603019SS,603195SS,603259SS,603260SS,603288SS,603369SS,603501SS,603659SS,603799SS,603806SS,603833SS,603986SS,603993SS,688008SS,688009SS,688012SS,688036SS,688111SS,688169SS,688396SS
000001SZ,1.0,0.773,-0.52,-0.349,0.665,-0.469,0.267,-0.391,-0.492,-0.487,-0.484,0.702,-0.501,-0.681,-0.485,-0.57,-0.43,0.195,-0.627,-0.407,-0.647,0.341,0.552,0.279,-0.558,-0.53,-0.733,0.21,-0.588,-0.622,-0.688,-0.265,-0.298,-0.673,-0.079,-0.501,-0.612,-0.242,-0.31,0.71,-0.366,-0.292,-0.025,-0.158,-0.117,-0.697,-0.407,-0.576,-0.765,0.338,-0.401,-0.354,-0.46,0.029,0.013,0.556,-0.341,-0.268,0.046,-0.422,-0.368,-0.164,0.656,-0.485,-0.257,-0.289,-0.226,0.345,-0.422,-0.145,-0.086,0.034,-0.317,-0.209,0.234,-0.088,-0.563,0.265,-0.124,-0.396,0.39,0.019,0.355,-0.512,-0.008,-0.422,-0.335,-0.479,-0.323,-0.192,-0.429,-0.719,-0.706,-0.734,-0.566,-0.151,0.712,0.711,-0.03,-0.683,-0.5,-0.517,-0.302,-0.645,-0.188,0.203,-0.587,0.475,-0.347,-0.54,0.012,-0.185,-0.359,-0.505,-0.426,-0.481,-0.442,-0.57,0.712,-0.008,-0.456,-0.327,-0.103,-0.441,0.631,-0.145,-0.614,-0.68,-0.508,-0.71,-0.467,-0.587,-0.389,-0.521,-0.12,0.167,0.448,-0.613,-0.682,0.653,-0.538,-0.538,-0.631,0.205,-0.514,-0.677,-0.257,0.366,0.342,0.375,0.676,-0.601,0.127,-0.66,0.198,0.027,0.039,-0.004,0.015,0.056,0.539,0.099,-0.372,-0.307,0.553,-0.246,0.288,-0.278,0.324,0.778,-0.492,-0.302,-0.287,-0.681,-0.649,-0.537,-0.356,-0.761,0.566,-0.807,-0.527,0.422,0.222,-0.75,0.495,-0.697,-0.315,-0.588,-0.136,-0.186,-0.184,-0.182,-0.58,-0.155,-0.284,0.009,-0.106,0.239,-0.62,0.554,-0.265,0.002,-0.432,-0.204,0.252,-0.446,-0.198,-0.215,-0.332,-0.556,-0.133,-0.612,-0.41,-0.316,-0.086,-0.416,-0.395
000002SZ,0.773,1.0,-0.501,-0.396,0.652,-0.445,0.48,-0.49,-0.502,-0.558,-0.398,0.677,-0.68,-0.714,-0.467,-0.474,-0.461,0.119,-0.587,-0.494,-0.722,0.359,0.528,0.174,-0.599,-0.489,-0.602,-0.048,-0.615,-0.639,-0.74,-0.232,-0.348,-0.588,-0.366,-0.615,-0.606,-0.192,-0.32,0.706,-0.341,-0.494,0.208,-0.176,-0.169,-0.548,-0.449,-0.57,-0.761,0.359,-0.339,-0.432,-0.403,-0.107,0.013,0.387,-0.358,-0.384,-0.076,-0.378,-0.454,-0.256,0.498,-0.515,-0.274,-0.352,-0.3,0.188,-0.384,-0.156,-0.032,-0.051,-0.442,-0.215,0.119,-0.109,-0.641,0.2,-0.121,-0.512,0.186,-0.028,0.459,-0.649,-0.134,-0.41,-0.197,-0.274,-0.309,-0.102,-0.234,-0.594,-0.551,-0.658,-0.521,-0.235,0.949,0.621,-0.146,-0.585,-0.434,-0.518,-0.422,-0.5,-0.411,0.051,-0.471,0.297,-0.388,-0.61,-0.195,-0.191,-0.29,-0.58,-0.485,-0.333,-0.34,-0.423,0.676,-0.204,-0.498,-0.503,-0.293,-0.467,0.636,-0.331,-0.544,-0.647,-0.384,-0.671,-0.468,-0.497,-0.449,-0.551,-0.034,0.052,0.38,-0.541,-0.567,0.791,-0.594,-0.402,-0.55,0.225,-0.432,-0.599,-0.172,0.24,0.125,0.34,0.657,-0.525,0.128,-0.577,0.226,-0.212,0.058,0.186,-0.11,-0.133,0.597,0.109,-0.493,-0.274,0.527,-0.396,0.157,-0.187,0.292,0.833,-0.498,-0.319,-0.242,-0.711,-0.63,-0.478,-0.369,-0.719,0.538,-0.71,-0.455,0.421,0.29,-0.691,0.373,-0.539,-0.331,-0.581,-0.367,-0.166,-0.31,-0.228,-0.664,0.06,-0.298,0.084,-0.094,0.03,-0.506,0.393,-0.341,-0.227,-0.541,-0.284,0.262,-0.436,-0.227,-0.109,-0.413,-0.645,-0.196,-0.64,-0.481,-0.386,-0.204,-0.506,-0.424
000157SZ,-0.52,-0.501,1.0,0.821,-0.319,0.585,0.148,0.654,0.654,0.779,0.586,-0.446,0.679,0.749,0.706,0.753,0.618,0.226,0.668,0.663,0.76,-0.053,-0.644,0.186,0.635,0.487,0.819,0.032,0.363,0.745,0.739,0.576,0.486,0.776,0.513,0.736,0.726,0.531,0.56,-0.442,0.527,0.338,0.483,0.284,0.351,0.744,0.445,0.819,0.756,-0.051,0.586,0.649,0.641,0.333,-0.072,-0.065,0.636,0.542,0.433,0.642,0.784,0.671,-0.49,0.666,0.516,0.609,0.473,0.253,0.638,0.394,0.11,0.634,0.739,0.558,-0.325,0.568,0.636,0.017,0.504,0.63,-0.0,0.393,0.187,0.523,0.148,0.854,0.426,0.634,0.514,0.328,0.494,0.678,0.805,0.77,0.905,0.399,-0.476,-0.081,0.72,0.797,0.617,0.598,0.615,0.736,0.556,0.226,0.624,-0.095,0.631,0.682,0.616,0.435,0.679,0.445,0.688,0.546,0.613,0.778,-0.232,0.481,0.549,0.657,0.556,0.691,-0.483,0.611,0.732,0.697,0.609,0.683,0.747,0.596,0.606,0.759,0.241,-0.154,-0.333,0.698,0.659,-0.289,0.665,0.648,0.718,0.463,0.578,0.856,0.693,0.27,-0.11,0.129,-0.447,0.63,0.493,0.667,-0.338,0.234,0.631,0.336,0.584,0.528,-0.327,-0.302,0.571,0.665,-0.186,0.671,-0.093,0.375,-0.279,-0.57,0.503,0.831,0.599,0.808,0.67,0.906,0.865,0.657,-0.416,0.762,0.612,0.116,-0.184,0.69,-0.175,0.708,0.522,0.871,0.585,0.537,0.523,0.411,0.631,0.19,0.51,0.24,0.328,0.161,0.735,-0.122,0.372,0.017,0.704,0.485,0.163,0.667,0.307,0.525,0.475,0.749,0.476,0.776,0.635,0.543,0.484,0.628,0.67
000166SZ,-0.349,-0.396,0.821,1.0,-0.463,0.779,0.091,0.617,0.632,0.58,0.726,-0.575,0.561,0.615,0.864,0.824,0.869,0.022,0.753,0.842,0.698,0.208,-0.7,0.039,0.762,0.498,0.779,-0.157,0.499,0.633,0.711,0.544,0.799,0.726,0.384,0.891,0.786,0.668,0.589,-0.48,0.734,0.222,0.366,0.653,0.731,0.735,0.738,0.78,0.73,-0.341,0.78,0.826,0.764,0.539,-0.34,0.056,0.649,0.431,0.474,0.775,0.911,0.793,-0.565,0.803,0.785,0.331,0.75,0.332,0.649,0.661,0.417,0.708,0.791,0.676,-0.486,0.601,0.454,0.238,0.607,0.488,-0.126,0.625,0.29,0.707,0.371,0.877,0.693,0.451,0.744,0.066,0.716,0.635,0.738,0.74,0.846,0.666,-0.307,0.137,0.625,0.79,0.791,0.735,0.836,0.648,0.681,0.394,0.739,0.007,0.845,0.762,0.541,0.63,0.605,0.203,0.866,0.677,0.684,0.681,-0.22,0.391,0.757,0.785,0.548,0.5,-0.586,0.633,0.744,0.754,0.787,0.711,0.6,0.783,0.558,0.889,0.512,-0.282,-0.559,0.765,0.625,-0.23,0.814,0.725,0.631,0.579,0.71,0.799,0.797,0.317,-0.124,-0.146,-0.487,0.741,0.412,0.731,-0.506,0.059,0.655,0.418,0.396,0.59,-0.38,-0.568,0.794,0.746,-0.242,0.648,-0.354,0.657,-0.351,-0.601,0.627,0.878,0.813,0.847,0.718,0.835,0.895,0.696,-0.503,0.701,0.709,0.28,-0.51,0.587,0.187,0.657,0.703,0.865,0.407,0.506,0.661,0.747,0.694,0.163,0.593,0.226,0.013,-0.053,0.538,-0.145,0.7,-0.212,0.651,0.699,0.352,0.787,0.699,0.427,0.763,0.821,0.481,0.68,0.687,0.608,0.663,0.725,0.743
000333SZ,0.665,0.652,-0.319,-0.463,1.0,-0.7,0.397,-0.193,-0.304,-0.152,-0.658,0.933,-0.269,-0.47,-0.607,-0.482,-0.732,0.53,-0.757,-0.705,-0.477,-0.012,0.568,0.704,-0.747,-0.501,-0.612,0.446,-0.881,-0.275,-0.572,0.025,-0.612,-0.535,0.209,-0.615,-0.514,-0.503,-0.09,0.806,-0.488,-0.073,0.397,-0.601,-0.583,-0.512,-0.821,-0.317,-0.663,0.783,-0.599,-0.486,-0.6,-0.098,0.327,0.616,-0.2,0.111,0.074,-0.397,-0.348,-0.116,0.788,-0.63,-0.494,0.207,-0.52,0.396,-0.064,-0.341,-0.574,0.064,-0.209,-0.163,0.326,0.191,-0.268,0.231,-0.04,-0.025,0.63,-0.05,0.191,-0.827,-0.161,-0.4,-0.716,-0.345,-0.649,0.329,-0.596,-0.654,-0.584,-0.669,-0.526,-0.574,0.491,0.472,0.207,-0.653,-0.672,-0.766,-0.484,-0.448,-0.377,0.231,-0.776,0.401,-0.616,-0.716,0.197,-0.413,-0.162,-0.259,-0.707,-0.632,-0.36,-0.249,0.643,0.2,-0.71,-0.595,-0.038,0.059,0.642,0.027,-0.445,-0.68,-0.702,-0.717,-0.054,-0.74,-0.078,-0.621,-0.368,0.44,0.797,-0.615,-0.76,0.582,-0.639,-0.51,-0.332,0.227,-0.779,-0.504,-0.231,0.548,0.213,0.581,0.712,-0.82,0.333,-0.723,0.387,0.325,-0.034,-0.221,0.345,0.135,0.553,0.289,-0.746,-0.402,0.712,-0.313,0.744,-0.634,0.219,0.774,-0.735,-0.182,-0.4,-0.652,-0.801,-0.373,-0.208,-0.803,0.69,-0.689,-0.691,0.103,0.669,-0.669,0.225,-0.608,-0.26,-0.444,0.086,0.158,-0.479,-0.542,-0.817,-0.311,-0.535,-0.161,0.378,0.664,-0.153,0.755,-0.711,0.412,-0.195,-0.307,0.249,-0.447,-0.596,0.063,-0.697,-0.715,0.077,-0.381,-0.277,-0.237,-0.101,-0.454,-0.258
000338SZ,-0.469,-0.445,0.585,0.779,-0.7,1.0,-0.144,0.555,0.702,0.246,0.925,-0.836,0.524,0.698,0.884,0.846,0.935,-0.222,0.952,0.9,0.729,0.105,-0.893,-0.41,0.947,0.442,0.834,-0.466,0.683,0.607,0.804,0.55,0.89,0.691,0.159,0.846,0.862,0.821,0.501,-0.665,0.879,0.048,-0.008,0.865,0.844,0.798,0.926,0.711,0.738,-0.636,0.93,0.806,0.934,0.557,-0.537,-0.186,0.6,0.337,0.013,0.838,0.756,0.554,-0.867,0.944,0.872,0.129,0.876,0.1,0.434,0.801,0.51,0.458,0.678,0.68,-0.638,0.292,0.485,0.283,0.576,0.377,-0.258,0.52,0.201,0.811,0.244,0.813,0.851,0.381,0.942,-0.266,0.765,0.866,0.764,0.797,0.727,0.9,-0.304,-0.122,0.144,0.846,0.969,0.934,0.781,0.559,0.696,0.272,0.909,-0.247,0.926,0.843,0.181,0.63,0.357,0.254,0.925,0.888,0.789,0.505,-0.374,0.146,0.95,0.69,0.467,0.332,-0.795,0.465,0.725,0.885,0.867,0.86,0.393,0.924,0.53,0.878,0.344,-0.627,-0.892,0.886,0.67,-0.325,0.911,0.711,0.658,0.282,0.92,0.82,0.729,0.003,-0.346,-0.576,-0.798,0.909,-0.054,0.918,-0.745,-0.217,0.413,0.321,-0.098,0.346,-0.683,-0.684,0.886,0.635,-0.588,0.312,-0.687,0.889,-0.549,-0.806,0.724,0.611,0.833,0.832,0.866,0.676,0.635,0.862,-0.848,0.813,0.798,0.027,-0.788,0.698,0.092,0.823,0.683,0.746,-0.043,0.324,0.744,0.789,0.807,0.128,0.478,0.048,-0.397,-0.506,0.422,-0.516,0.875,-0.367,0.533,0.801,0.285,0.855,0.841,0.479,0.935,0.879,0.343,0.678,0.697,0.66,0.589,0.744,0.708
000538SZ,0.267,0.48,0.148,0.091,0.397,-0.144,1.0,0.187,0.086,-0.013,0.043,0.401,-0.095,-0.286,0.072,-0.02,-0.049,0.267,-0.133,-0.069,-0.137,0.311,0.038,0.283,-0.211,-0.218,-0.133,0.174,-0.306,-0.194,-0.192,0.123,-0.093,-0.288,-0.067,-0.165,-0.142,0.031,0.218,0.464,0.073,-0.478,0.651,-0.173,-0.03,0.069,-0.203,-0.006,-0.238,0.4,0.114,0.189,0.036,0.069,-0.123,0.377,0.241,0.029,0.182,0.094,0.104,0.299,0.274,-0.126,0.063,0.043,-0.021,0.562,0.092,0.023,0.039,0.227,-0.017,0.23,-0.319,0.353,-0.227,0.238,0.328,0.105,0.157,0.352,0.715,-0.244,-0.159,0.109,0.053,0.195,-0.041,0.314,0.189,-0.134,-0.029,-0.106,-0.014,-0.121,0.485,0.464,0.311,0.008,-0.026,-0.1,0.046,0.075,-0.0,0.144,-0.04,0.501,0.061,-0.146,0.298,0.286,0.379,-0.481,-0.057,-0.061,0.112,0.216,0.429,0.345,-0.218,-0.107,0.183,0.059,0.18,0.219,0.108,-0.079,0.009,-0.1,0.03,-0.04,0.118,-0.04,0.186,-0.008,0.152,-0.049,-0.152,0.545,-0.212,0.216,-0.038,0.56,-0.039,-0.031,0.218,0.349,-0.093,0.352,0.234,-0.103,0.565,-0.066,-0.091,-0.152,0.495,0.491,0.253,0.078,0.268,-0.108,-0.141,0.296,0.628,-0.067,0.153,0.074,-0.096,0.314,-0.389,0.298,0.222,-0.14,-0.259,0.2,0.155,-0.248,0.187,-0.203,-0.047,0.516,0.07,-0.268,0.094,0.039,0.042,0.047,-0.07,0.379,-0.154,-0.051,-0.232,0.079,0.06,0.213,0.157,0.148,0.13,0.492,-0.123,-0.147,0.084,0.048,0.462,0.059,-0.075,0.308,-0.108,-0.233,0.328,-0.129,0.001,-0.088,0.137,0.066,0.069
000568SZ,-0.391,-0.49,0.654,0.617,-0.193,0.555,0.187,1.0,0.919,0.546,0.518,-0.322,0.891,0.68,0.726,0.634,0.563,0.324,0.606,0.614,0.878,0.022,-0.689,0.204,0.653,0.439,0.627,0.048,0.24,0.759,0.792,0.672,0.534,0.398,0.555,0.666,0.779,0.438,0.905,-0.258,0.635,0.22,0.33,0.252,0.334,0.755,0.394,0.79,0.658,0.03,0.611,0.79,0.643,0.411,-0.164,0.179,0.759,0.773,0.331,0.743,0.825,0.75,-0.311,0.624,0.571,0.571,0.491,0.589,0.72,0.449,-0.011,0.567,0.776,0.684,-0.434,0.64,0.602,0.345,0.667,0.858,0.31,0.634,0.29,0.468,0.261,0.741,0.306,0.382,0.458,0.37,0.497,0.596,0.6,0.676,0.576,0.486,-0.475,0.034,0.527,0.703,0.606,0.539,0.642,0.639,0.772,0.453,0.497,0.236,0.64,0.636,0.693,0.554,0.693,0.274,0.584,0.501,0.747,0.707,-0.213,0.796,0.539,0.511,0.861,0.763,-0.527,0.847,0.853,0.693,0.514,0.668,0.703,0.563,0.921,0.683,0.197,-0.066,-0.355,0.72,0.401,-0.283,0.667,0.688,0.726,0.496,0.469,0.754,0.588,0.457,-0.104,-0.157,-0.484,0.495,0.464,0.615,-0.515,0.348,0.523,0.197,0.443,0.442,-0.437,-0.446,0.557,0.61,-0.013,0.389,0.023,0.359,-0.534,-0.594,0.28,0.753,0.685,0.703,0.509,0.779,0.723,0.514,-0.455,0.623,0.549,-0.006,-0.374,0.52,0.0,0.608,0.695,0.791,0.298,0.818,0.388,0.37,0.499,-0.146,0.315,-0.011,0.219,0.121,0.78,0.167,0.408,0.275,0.949,0.652,0.408,0.727,0.4,0.609,0.559,0.56,0.656,0.704,0.764,0.66,0.587,0.74,0.775
000596SZ,-0.492,-0.502,0.654,0.632,-0.304,0.702,0.086,0.919,1.0,0.494,0.659,-0.467,0.837,0.788,0.795,0.756,0.635,0.155,0.754,0.65,0.905,0.012,-0.832,0.056,0.752,0.459,0.754,-0.158,0.275,0.84,0.863,0.754,0.593,0.527,0.512,0.722,0.878,0.525,0.847,-0.409,0.736,0.211,0.299,0.414,0.426,0.868,0.503,0.857,0.712,-0.109,0.735,0.776,0.806,0.464,-0.243,0.07,0.761,0.758,0.116,0.828,0.82,0.667,-0.528,0.751,0.649,0.586,0.587,0.49,0.705,0.586,0.031,0.557,0.795,0.739,-0.512,0.594,0.63,0.391,0.7,0.836,0.21,0.585,0.248,0.496,0.152,0.803,0.434,0.408,0.618,0.283,0.574,0.763,0.717,0.774,0.618,0.596,-0.46,-0.092,0.406,0.802,0.74,0.643,0.653,0.684,0.746,0.404,0.627,0.068,0.709,0.67,0.56,0.581,0.637,0.391,0.658,0.69,0.85,0.758,-0.192,0.604,0.651,0.482,0.763,0.776,-0.671,0.807,0.907,0.803,0.615,0.759,0.7,0.685,0.929,0.721,0.113,-0.289,-0.522,0.842,0.469,-0.291,0.759,0.726,0.857,0.439,0.609,0.863,0.704,0.353,-0.311,-0.335,-0.659,0.616,0.265,0.733,-0.659,0.209,0.511,0.13,0.299,0.432,-0.588,-0.556,0.587,0.56,-0.227,0.273,-0.172,0.508,-0.661,-0.705,0.383,0.726,0.774,0.759,0.629,0.789,0.734,0.651,-0.646,0.76,0.645,-0.137,-0.455,0.647,-0.01,0.742,0.734,0.815,0.116,0.776,0.529,0.445,0.54,-0.128,0.249,-0.147,0.06,-0.053,0.805,-0.043,0.465,0.117,0.887,0.751,0.412,0.814,0.495,0.723,0.638,0.647,0.609,0.763,0.796,0.698,0.619,0.734,0.811
000617SZ,-0.487,-0.558,0.779,0.58,-0.152,0.246,-0.013,0.546,0.494,1.0,0.185,-0.202,0.65,0.662,0.381,0.506,0.3,0.307,0.378,0.363,0.656,-0.103,-0.294,0.419,0.368,0.556,0.585,0.25,0.133,0.697,0.608,0.419,0.177,0.595,0.625,0.547,0.517,0.164,0.46,-0.366,0.166,0.588,0.397,-0.038,-0.026,0.527,0.147,0.634,0.649,0.141,0.184,0.382,0.291,0.072,0.25,-0.046,0.385,0.591,0.508,0.326,0.58,0.421,-0.2,0.37,0.14,0.712,0.11,0.147,0.567,0.021,-0.206,0.537,0.589,0.26,0.101,0.436,0.63,-0.159,0.194,0.591,0.169,0.129,-0.117,0.321,0.185,0.587,0.027,0.538,0.147,0.575,0.164,0.39,0.594,0.573,0.646,0.068,-0.601,-0.086,0.739,0.545,0.259,0.283,0.376,0.661,0.42,0.158,0.239,-0.037,0.288,0.485,0.612,0.101,0.624,0.603,0.343,0.302,0.341,0.673,-0.17,0.509,0.232,0.55,0.486,0.717,-0.237,0.522,0.547,0.423,0.327,0.425,0.799,0.286,0.516,0.482,0.147,0.228,0.016,0.491,0.481,-0.431,0.425,0.36,0.667,0.308,0.207,0.628,0.384,0.302,0.145,0.272,-0.19,0.284,0.465,0.351,0.06,0.587,0.39,0.038,0.788,0.516,-0.109,0.069,0.302,0.382,-0.098,0.712,0.307,-0.063,-0.094,-0.396,0.365,0.645,0.317,0.635,0.403,0.726,0.704,0.429,-0.102,0.568,0.366,-0.055,0.144,0.579,-0.311,0.347,0.296,0.661,0.728,0.433,0.267,0.13,0.412,0.094,0.333,0.055,0.615,0.435,0.666,0.028,0.012,0.378,0.61,0.195,-0.073,0.332,-0.023,0.295,0.139,0.487,0.309,0.651,0.438,0.348,0.217,0.304,0.453
000625SZ,-0.484,-0.398,0.586,0.726,-0.658,0.925,0.043,0.518,0.659,0.185,1.0,-0.801,0.457,0.599,0.853,0.835,0.878,-0.176,0.912,0.825,0.637,0.092,-0.904,-0.389,0.842,0.243,0.764,-0.432,0.654,0.5,0.746,0.566,0.819,0.635,0.11,0.757,0.791,0.831,0.454,-0.561,0.92,-0.125,0.077,0.783,0.812,0.806,0.86,0.685,0.647,-0.565,0.951,0.817,0.896,0.605,-0.554,-0.117,0.711,0.292,-0.059,0.854,0.706,0.608,-0.821,0.918,0.874,0.122,0.879,0.142,0.442,0.828,0.531,0.406,0.582,0.747,-0.756,0.349,0.451,0.346,0.681,0.365,-0.338,0.577,0.271,0.801,0.052,0.769,0.837,0.361,0.918,-0.294,0.75,0.865,0.735,0.743,0.669,0.793,-0.269,-0.169,0.126,0.803,0.948,0.925,0.814,0.495,0.572,0.234,0.906,-0.229,0.891,0.767,0.116,0.624,0.309,0.092,0.891,0.789,0.77,0.493,-0.368,0.095,0.895,0.62,0.372,0.312,-0.836,0.443,0.702,0.91,0.775,0.886,0.349,0.888,0.509,0.848,0.265,-0.71,-0.858,0.832,0.602,-0.221,0.829,0.739,0.627,0.272,0.9,0.763,0.745,-0.051,-0.48,-0.549,-0.817,0.881,-0.015,0.945,-0.802,-0.383,0.378,0.42,-0.162,0.31,-0.732,-0.702,0.785,0.648,-0.483,0.178,-0.661,0.925,-0.623,-0.788,0.56,0.597,0.818,0.782,0.786,0.646,0.585,0.838,-0.856,0.761,0.685,0.08,-0.747,0.602,0.06,0.896,0.676,0.695,-0.131,0.366,0.673,0.705,0.739,0.055,0.375,0.089,-0.37,-0.478,0.413,-0.455,0.838,-0.49,0.477,0.812,0.412,0.886,0.787,0.566,0.88,0.829,0.46,0.668,0.718,0.62,0.634,0.779,0.73
000651SZ,0.702,0.677,-0.446,-0.575,0.933,-0.836,0.401,-0.322,-0.467,-0.202,-0.801,1.0,-0.407,-0.633,-0.717,-0.68,-0.816,0.417,-0.872,-0.778,-0.607,0.059,0.752,0.627,-0.849,-0.439,-0.759,0.475,-0.855,-0.47,-0.728,-0.237,-0.72,-0.689,0.034,-0.731,-0.702,-0.647,-0.216,0.809,-0.671,-0.115,0.278,-0.708,-0.674,-0.67,-0.874,-0.516,-0.743,0.796,-0.736,-0.593,-0.742,-0.302,0.409,0.518,-0.377,-0.087,0.107,-0.608,-0.498,-0.275,0.89,-0.792,-0.648,0.053,-0.675,0.298,-0.259,-0.545,-0.523,-0.091,-0.4,-0.378,0.459,0.009,-0.435,0.039,-0.263,-0.183,0.54,-0.203,0.151,-0.864,-0.15,-0.564,-0.755,-0.336,-0.779,0.368,-0.642,-0.807,-0.68,-0.759,-0.634,-0.677,0.526,0.481,0.122,-0.743,-0.809,-0.861,-0.62,-0.489,-0.458,0.069,-0.866,0.452,-0.722,-0.772,0.117,-0.444,-0.178,-0.306,-0.799,-0.736,-0.549,-0.35,0.675,0.131,-0.837,-0.614,-0.144,-0.135,0.791,-0.141,-0.565,-0.812,-0.75,-0.832,-0.212,-0.834,-0.269,-0.74,-0.288,0.552,0.871,-0.75,-0.759,0.563,-0.786,-0.588,-0.487,0.126,-0.852,-0.67,-0.428,0.402,0.336,0.639,0.838,-0.89,0.301,-0.859,0.546,0.319,-0.065,-0.219,0.297,-0.037,0.705,0.452,-0.797,-0.478,0.759,-0.267,0.738,-0.741,0.401,0.878,-0.744,-0.322,-0.542,-0.77,-0.872,-0.497,-0.371,-0.888,0.819,-0.802,-0.712,0.181,0.714,-0.717,0.155,-0.766,-0.446,-0.588,0.068,-0.014,-0.551,-0.628,-0.842,-0.185,-0.461,-0.075,0.38,0.609,-0.299,0.758,-0.778,0.396,-0.324,-0.521,0.076,-0.65,-0.692,-0.168,-0.8,-0.828,-0.086,-0.563,-0.492,-0.461,-0.306,-0.59,-0.472
000661SZ,-0.501,-0.68,0.679,0.561,-0.269,0.524,-0.095,0.891,0.837,0.65,0.457,-0.407,1.0,0.817,0.623,0.645,0.481,0.421,0.605,0.572,0.904,-0.187,-0.667,0.207,0.651,0.437,0.653,0.192,0.303,0.846,0.872,0.68,0.478,0.518,0.706,0.686,0.798,0.419,0.737,-0.367,0.54,0.461,0.144,0.191,0.215,0.704,0.358,0.796,0.695,-0.007,0.48,0.687,0.533,0.414,-0.052,0.089,0.7,0.837,0.322,0.669,0.751,0.641,-0.315,0.628,0.491,0.69,0.435,0.376,0.691,0.354,-0.159,0.548,0.797,0.603,-0.25,0.551,0.823,0.195,0.548,0.844,0.321,0.461,-0.042,0.515,0.284,0.705,0.157,0.355,0.398,0.31,0.291,0.63,0.557,0.667,0.575,0.376,-0.698,-0.17,0.514,0.638,0.549,0.532,0.589,0.564,0.766,0.443,0.425,0.066,0.553,0.635,0.627,0.313,0.534,0.458,0.543,0.42,0.648,0.611,-0.376,0.685,0.556,0.545,0.745,0.805,-0.538,0.78,0.734,0.687,0.411,0.682,0.783,0.471,0.85,0.673,0.031,-0.064,-0.318,0.661,0.394,-0.538,0.692,0.505,0.742,0.252,0.394,0.754,0.475,0.359,-0.103,-0.138,-0.505,0.454,0.29,0.612,-0.393,0.436,0.314,-0.022,0.452,0.472,-0.517,-0.317,0.53,0.416,-0.171,0.474,0.096,0.23,-0.505,-0.654,0.368,0.642,0.53,0.74,0.537,0.721,0.666,0.545,-0.455,0.653,0.434,-0.243,-0.293,0.564,-0.124,0.596,0.641,0.763,0.474,0.662,0.363,0.324,0.549,-0.251,0.22,-0.115,0.251,0.216,0.754,0.016,0.364,0.406,0.898,0.586,0.217,0.673,0.287,0.555,0.503,0.624,0.607,0.807,0.788,0.752,0.515,0.714,0.76
000708SZ,-0.681,-0.714,0.749,0.615,-0.47,0.698,-0.286,0.68,0.788,0.662,0.599,-0.633,0.817,1.0,0.642,0.799,0.588,0.148,0.775,0.623,0.902,-0.26,-0.776,-0.032,0.781,0.516,0.876,-0.076,0.418,0.918,0.925,0.681,0.527,0.778,0.578,0.753,0.874,0.553,0.549,-0.648,0.571,0.502,0.107,0.389,0.298,0.783,0.512,0.839,0.833,-0.254,0.571,0.576,0.701,0.359,-0.105,-0.208,0.56,0.697,0.103,0.675,0.7,0.458,-0.669,0.767,0.517,0.633,0.51,0.036,0.563,0.435,-0.076,0.487,0.766,0.535,-0.232,0.332,0.862,0.013,0.426,0.695,0.095,0.239,-0.145,0.561,0.161,0.788,0.35,0.5,0.587,0.144,0.37,0.854,0.775,0.787,0.739,0.494,-0.682,-0.39,0.385,0.787,0.697,0.668,0.525,0.63,0.628,0.264,0.611,-0.367,0.603,0.716,0.396,0.238,0.413,0.705,0.636,0.681,0.688,0.641,-0.429,0.365,0.693,0.555,0.568,0.743,-0.665,0.577,0.713,0.77,0.587,0.755,0.762,0.643,0.718,0.736,-0.009,-0.297,-0.507,0.797,0.61,-0.592,0.801,0.491,0.835,0.158,0.601,0.894,0.572,0.115,-0.254,-0.263,-0.697,0.65,0.026,0.753,-0.418,0.264,0.281,-0.053,0.297,0.436,-0.623,-0.298,0.588,0.393,-0.56,0.444,-0.162,0.381,-0.496,-0.778,0.614,0.597,0.539,0.835,0.75,0.758,0.68,0.759,-0.658,0.873,0.591,-0.377,-0.307,0.812,-0.273,0.762,0.563,0.801,0.355,0.421,0.527,0.423,0.681,-0.023,0.262,-0.182,0.091,-0.034,0.706,-0.383,0.417,0.189,0.696,0.553,0.025,0.69,0.344,0.579,0.546,0.78,0.391,0.886,0.732,0.717,0.426,0.619,0.696
000725SZ,-0.485,-0.467,0.706,0.864,-0.607,0.884,0.072,0.726,0.795,0.381,0.853,-0.717,0.623,0.642,1.0,0.822,0.921,-0.13,0.883,0.89,0.783,0.163,-0.847,-0.197,0.879,0.516,0.818,-0.324,0.613,0.646,0.792,0.535,0.85,0.64,0.206,0.882,0.861,0.703,0.702,-0.524,0.861,0.074,0.216,0.703,0.783,0.84,0.822,0.784,0.758,-0.454,0.918,0.898,0.908,0.517,-0.461,-0.097,0.705,0.408,0.255,0.863,0.88,0.738,-0.692,0.856,0.85,0.205,0.791,0.358,0.619,0.726,0.496,0.532,0.747,0.73,-0.655,0.537,0.413,0.327,0.666,0.561,-0.173,0.68,0.335,0.756,0.33,0.846,0.807,0.432,0.821,0.004,0.859,0.769,0.782,0.861,0.775,0.788,-0.342,0.002,0.357,0.879,0.901,0.84,0.835,0.719,0.712,0.303,0.877,0.051,0.908,0.822,0.444,0.821,0.626,0.156,0.911,0.798,0.829,0.718,-0.335,0.372,0.835,0.698,0.58,0.458,-0.727,0.622,0.874,0.881,0.863,0.851,0.495,0.896,0.655,0.892,0.462,-0.408,-0.753,0.865,0.691,-0.254,0.864,0.889,0.668,0.463,0.845,0.847,0.759,0.18,-0.264,-0.399,-0.675,0.859,0.27,0.861,-0.698,-0.072,0.601,0.425,0.148,0.379,-0.525,-0.696,0.845,0.778,-0.294,0.446,-0.549,0.804,-0.505,-0.759,0.639,0.789,0.896,0.844,0.806,0.827,0.776,0.793,-0.69,0.791,0.845,0.167,-0.709,0.672,0.16,0.801,0.756,0.858,0.113,0.577,0.663,0.728,0.751,0.148,0.589,0.189,-0.158,-0.305,0.623,-0.247,0.803,-0.281,0.728,0.768,0.375,0.873,0.809,0.46,0.89,0.826,0.464,0.661,0.709,0.621,0.643,0.786,0.753
000768SZ,-0.57,-0.474,0.753,0.824,-0.482,0.846,-0.02,0.634,0.756,0.506,0.835,-0.68,0.645,0.799,0.822,1.0,0.786,0.087,0.841,0.735,0.772,-0.036,-0.866,-0.028,0.796,0.352,0.879,-0.264,0.448,0.781,0.858,0.789,0.761,0.812,0.426,0.82,0.906,0.74,0.595,-0.541,0.85,0.207,0.339,0.665,0.645,0.879,0.695,0.875,0.734,-0.396,0.83,0.784,0.827,0.648,-0.417,0.005,0.75,0.584,0.142,0.911,0.849,0.717,-0.723,0.903,0.822,0.467,0.788,0.203,0.711,0.77,0.213,0.648,0.789,0.801,-0.591,0.567,0.677,0.331,0.721,0.56,-0.096,0.579,0.121,0.649,0.174,0.876,0.632,0.417,0.788,-0.004,0.651,0.857,0.782,0.761,0.752,0.628,-0.404,-0.15,0.422,0.811,0.878,0.768,0.8,0.589,0.603,0.436,0.761,-0.237,0.806,0.718,0.34,0.458,0.44,0.315,0.791,0.77,0.858,0.678,-0.357,0.243,0.836,0.596,0.445,0.641,-0.788,0.635,0.79,0.863,0.722,0.81,0.735,0.811,0.688,0.879,0.214,-0.504,-0.675,0.861,0.556,-0.316,0.88,0.674,0.813,0.442,0.723,0.894,0.844,0.225,-0.457,-0.4,-0.703,0.746,0.122,0.859,-0.653,-0.067,0.395,0.213,0.202,0.563,-0.637,-0.634,0.672,0.601,-0.421,0.346,-0.362,0.708,-0.674,-0.75,0.57,0.774,0.795,0.895,0.724,0.794,0.822,0.778,-0.712,0.817,0.615,-0.118,-0.52,0.634,0.077,0.852,0.78,0.849,0.178,0.531,0.578,0.686,0.627,-0.06,0.284,-0.073,-0.074,-0.145,0.641,-0.321,0.657,-0.193,0.64,0.807,0.418,0.91,0.658,0.688,0.743,0.809,0.581,0.846,0.847,0.787,0.703,0.749,0.868
000776SZ,-0.43,-0.461,0.618,0.869,-0.732,0.935,-0.049,0.563,0.635,0.3,0.878,-0.816,0.481,0.588,0.921,0.786,1.0,-0.282,0.906,0.95,0.689,0.225,-0.812,-0.371,0.914,0.497,0.786,-0.404,0.726,0.517,0.735,0.403,0.902,0.65,0.103,0.891,0.789,0.758,0.505,-0.641,0.833,0.038,0.056,0.836,0.89,0.75,0.95,0.662,0.748,-0.648,0.921,0.855,0.898,0.499,-0.539,-0.192,0.574,0.226,0.172,0.787,0.802,0.62,-0.788,0.886,0.862,0.023,0.853,0.166,0.429,0.729,0.624,0.458,0.641,0.624,-0.623,0.324,0.355,0.223,0.535,0.351,-0.336,0.564,0.28,0.865,0.318,0.792,0.895,0.393,0.908,-0.217,0.84,0.745,0.747,0.79,0.771,0.868,-0.301,-0.022,0.238,0.848,0.919,0.905,0.837,0.595,0.701,0.215,0.913,-0.1,0.939,0.871,0.269,0.752,0.472,0.142,0.958,0.825,0.717,0.54,-0.378,0.216,0.898,0.767,0.472,0.26,-0.74,0.462,0.737,0.841,0.903,0.818,0.337,0.932,0.466,0.891,0.516,-0.487,-0.846,0.846,0.726,-0.296,0.875,0.776,0.557,0.366,0.915,0.77,0.707,0.011,-0.215,-0.485,-0.711,0.919,0.104,0.863,-0.677,-0.187,0.506,0.445,-0.002,0.345,-0.559,-0.669,0.941,0.765,-0.471,0.444,-0.686,0.874,-0.43,-0.771,0.722,0.685,0.837,0.841,0.855,0.714,0.678,0.838,-0.749,0.764,0.852,0.198,-0.797,0.664,0.139,0.742,0.644,0.762,0.058,0.33,0.719,0.825,0.84,0.232,0.65,0.224,-0.326,-0.457,0.396,-0.416,0.895,-0.402,0.55,0.734,0.265,0.811,0.873,0.322,0.944,0.878,0.315,0.586,0.62,0.545,0.568,0.738,0.651
000786SZ,0.195,0.119,0.226,0.022,0.53,-0.222,0.267,0.324,0.155,0.307,-0.176,0.417,0.421,0.148,-0.13,0.087,-0.282,1.0,-0.227,-0.164,0.125,-0.131,0.036,0.653,-0.189,-0.22,-0.063,0.514,-0.432,0.235,0.123,0.473,-0.123,-0.063,0.628,-0.083,0.073,0.11,0.264,0.452,-0.035,0.199,0.324,-0.346,-0.324,0.001,-0.394,0.203,-0.125,0.602,-0.202,0.061,-0.222,0.291,0.256,0.591,0.367,0.605,0.398,0.139,0.177,0.364,0.424,-0.053,-0.015,0.599,-0.091,0.408,0.363,-0.059,-0.553,0.495,0.305,0.278,0.136,0.441,0.437,0.205,0.336,0.384,0.616,0.248,0.031,-0.225,0.095,0.17,-0.466,-0.0,-0.222,0.289,-0.351,-0.065,-0.155,-0.145,-0.029,-0.254,-0.049,0.261,0.525,-0.161,-0.153,-0.199,0.036,-0.074,0.202,0.548,-0.33,0.203,-0.106,-0.135,0.44,-0.343,0.063,-0.017,-0.166,-0.302,0.068,0.065,0.184,0.47,-0.132,0.008,0.353,0.467,0.213,0.426,-0.004,-0.089,-0.331,-0.09,0.502,-0.313,0.356,0.012,-0.268,0.183,0.41,-0.108,-0.353,0.014,-0.047,-0.174,0.133,0.269,-0.365,0.025,0.103,0.601,0.068,0.454,0.31,-0.34,0.42,-0.123,0.114,0.398,0.089,-0.061,0.517,0.393,0.104,0.094,-0.209,-0.136,0.427,0.189,0.669,-0.342,-0.136,0.263,-0.28,0.206,-0.061,-0.017,-0.276,0.153,0.223,-0.323,0.314,-0.166,-0.409,-0.059,0.383,-0.255,0.017,-0.033,0.192,0.097,0.454,0.433,-0.183,-0.155,-0.24,-0.466,-0.342,-0.15,0.497,0.649,0.262,0.522,-0.248,0.435,0.312,0.089,0.343,0.095,-0.314,0.419,-0.21,-0.109,0.493,0.282,0.342,0.449,0.22,0.165,0.325
000800SZ,-0.627,-0.587,0.668,0.753,-0.757,0.952,-0.133,0.606,0.754,0.378,0.912,-0.872,0.605,0.775,0.883,0.841,0.906,-0.227,1.0,0.888,0.812,0.038,-0.903,-0.422,0.956,0.537,0.897,-0.42,0.726,0.668,0.874,0.518,0.802,0.725,0.185,0.849,0.862,0.769,0.502,-0.735,0.816,0.106,0.015,0.746,0.725,0.873,0.88,0.732,0.815,-0.609,0.9,0.796,0.932,0.431,-0.442,-0.309,0.596,0.347,0.027,0.801,0.736,0.499,-0.896,0.917,0.779,0.222,0.779,0.042,0.445,0.686,0.451,0.395,0.636,0.611,-0.576,0.255,0.56,0.144,0.508,0.454,-0.294,0.422,0.138,0.825,0.175,0.821,0.806,0.53,0.891,-0.118,0.758,0.917,0.848,0.896,0.791,0.813,-0.443,-0.252,0.16,0.921,0.942,0.948,0.732,0.679,0.691,0.134,0.933,-0.271,0.887,0.874,0.2,0.625,0.469,0.364,0.91,0.894,0.784,0.613,-0.433,0.185,0.898,0.709,0.483,0.4,-0.806,0.456,0.798,0.933,0.883,0.93,0.457,0.931,0.561,0.877,0.335,-0.553,-0.866,0.922,0.785,-0.415,0.894,0.763,0.741,0.195,0.936,0.878,0.68,-0.101,-0.33,-0.514,-0.844,0.942,-0.02,0.951,-0.689,-0.138,0.397,0.309,-0.031,0.296,-0.685,-0.578,0.864,0.653,-0.616,0.378,-0.651,0.821,-0.526,-0.876,0.751,0.62,0.798,0.881,0.917,0.749,0.632,0.926,-0.856,0.905,0.842,-0.043,-0.709,0.817,-0.108,0.883,0.609,0.781,0.02,0.341,0.718,0.695,0.868,0.201,0.529,0.088,-0.262,-0.475,0.542,-0.561,0.781,-0.299,0.599,0.718,0.159,0.82,0.729,0.471,0.872,0.904,0.317,0.713,0.673,0.601,0.498,0.728,0.681
000807SZ,-0.407,-0.494,0.663,0.842,-0.705,0.9,-0.069,0.614,0.65,0.363,0.825,-0.778,0.572,0.623,0.89,0.735,0.95,-0.164,0.888,1.0,0.733,0.24,-0.791,-0.341,0.927,0.519,0.772,-0.37,0.718,0.538,0.762,0.392,0.862,0.653,0.196,0.881,0.772,0.772,0.497,-0.659,0.761,0.109,-0.005,0.77,0.818,0.721,0.913,0.659,0.761,-0.55,0.864,0.832,0.852,0.462,-0.42,-0.187,0.578,0.267,0.213,0.74,0.78,0.608,-0.745,0.875,0.818,0.111,0.802,0.164,0.396,0.645,0.577,0.501,0.652,0.602,-0.546,0.285,0.433,0.145,0.499,0.376,-0.275,0.505,0.247,0.884,0.315,0.811,0.812,0.414,0.875,-0.18,0.741,0.741,0.751,0.796,0.799,0.856,-0.356,0.005,0.277,0.846,0.879,0.887,0.826,0.622,0.795,0.217,0.883,-0.098,0.951,0.923,0.32,0.698,0.478,0.224,0.975,0.769,0.68,0.51,-0.332,0.29,0.886,0.862,0.544,0.291,-0.684,0.501,0.72,0.815,0.856,0.804,0.352,0.857,0.483,0.89,0.452,-0.472,-0.802,0.838,0.73,-0.395,0.869,0.734,0.566,0.336,0.898,0.769,0.678,0.019,-0.163,-0.395,-0.666,0.905,0.122,0.83,-0.626,-0.073,0.551,0.45,0.076,0.321,-0.537,-0.576,0.981,0.734,-0.458,0.549,-0.591,0.783,-0.373,-0.739,0.749,0.65,0.775,0.839,0.881,0.722,0.661,0.802,-0.715,0.758,0.837,0.205,-0.758,0.695,0.045,0.716,0.576,0.747,0.148,0.341,0.79,0.754,0.881,0.214,0.644,0.248,-0.242,-0.404,0.38,-0.392,0.867,-0.334,0.6,0.7,0.201,0.773,0.785,0.327,0.909,0.914,0.323,0.628,0.618,0.566,0.529,0.746,0.645
000858SZ,-0.647,-0.722,0.76,0.698,-0.477,0.729,-0.137,0.878,0.905,0.656,0.637,-0.607,0.904,0.902,0.783,0.772,0.689,0.125,0.812,0.733,1.0,-0.116,-0.793,-0.006,0.844,0.629,0.853,-0.09,0.498,0.911,0.944,0.65,0.619,0.691,0.546,0.822,0.909,0.532,0.754,-0.605,0.647,0.417,0.166,0.409,0.394,0.863,0.579,0.876,0.876,-0.22,0.666,0.752,0.753,0.347,-0.129,-0.115,0.663,0.713,0.232,0.746,0.827,0.614,-0.609,0.771,0.593,0.585,0.553,0.241,0.672,0.475,0.055,0.496,0.801,0.604,-0.358,0.457,0.762,0.114,0.519,0.801,0.1,0.422,0.015,0.642,0.27,0.817,0.427,0.511,0.59,0.263,0.524,0.81,0.804,0.871,0.769,0.575,-0.678,-0.246,0.437,0.864,0.741,0.716,0.639,0.762,0.758,0.297,0.67,-0.118,0.713,0.794,0.538,0.48,0.625,0.569,0.718,0.677,0.746,0.747,-0.412,0.582,0.709,0.642,0.754,0.759,-0.679,0.72,0.886,0.844,0.676,0.83,0.74,0.724,0.837,0.805,0.189,-0.174,-0.519,0.846,0.653,-0.549,0.836,0.697,0.857,0.271,0.651,0.91,0.588,0.191,-0.153,-0.27,-0.691,0.698,0.22,0.777,-0.487,0.336,0.416,0.086,0.345,0.416,-0.592,-0.387,0.691,0.566,-0.401,0.514,-0.179,0.439,-0.487,-0.812,0.594,0.718,0.678,0.872,0.767,0.826,0.738,0.786,-0.649,0.871,0.705,-0.196,-0.415,0.81,-0.179,0.751,0.659,0.868,0.359,0.622,0.57,0.462,0.728,0.008,0.411,-0.036,0.139,-0.033,0.791,-0.218,0.502,0.225,0.887,0.631,0.134,0.753,0.456,0.534,0.642,0.794,0.483,0.84,0.77,0.683,0.512,0.752,0.765
000876SZ,0.341,0.359,-0.053,0.208,-0.012,0.105,0.311,0.022,0.012,-0.103,0.092,0.059,-0.187,-0.26,0.163,-0.036,0.225,-0.131,0.038,0.24,-0.116,1.0,0.027,-0.07,0.08,0.042,-0.082,-0.306,0.003,-0.212,-0.126,-0.092,0.121,-0.213,-0.201,0.08,-0.064,0.188,0.058,0.092,0.102,-0.297,0.108,0.217,0.319,-0.023,0.192,-0.14,-0.08,0.024,0.204,0.182,0.162,-0.017,0.136,0.103,-0.044,-0.164,0.181,0.048,0.095,0.122,0.014,0.042,0.149,-0.24,0.102,0.238,-0.108,0.131,0.461,0.215,-0.018,0.031,0.039,0.038,-0.421,0.141,0.046,-0.221,-0.186,0.183,0.469,0.128,0.043,0.107,0.318,0.087,0.267,-0.032,0.278,-0.103,0.043,-0.008,0.047,0.313,0.39,0.46,-0.003,0.084,0.106,0.096,0.185,0.127,0.219,-0.03,0.161,0.31,0.235,0.096,0.048,0.347,0.216,-0.324,0.233,0.194,0.079,0.012,0.483,0.1,0.014,0.217,0.087,-0.224,0.115,0.101,0.055,-0.02,0.214,-0.044,-0.204,0.129,-0.103,0.02,0.374,-0.109,-0.17,0.128,0.062,0.268,-0.061,0.21,-0.098,0.332,0.191,-0.101,0.232,0.151,0.114,0.019,0.069,0.15,0.224,0.007,-0.168,-0.149,0.459,0.501,0.016,0.111,0.105,-0.205,0.257,0.265,0.121,0.044,-0.217,0.24,0.109,0.179,-0.009,0.078,0.214,-0.062,0.054,0.02,0.091,-0.108,0.003,-0.083,0.206,0.567,-0.282,-0.084,0.189,-0.092,-0.004,-0.007,-0.264,0.087,0.23,0.145,0.053,0.214,0.266,0.241,-0.072,-0.232,-0.199,0.096,0.152,-0.37,-0.02,0.121,0.217,0.035,0.207,-0.019,0.193,0.036,-0.082,-0.23,-0.119,-0.176,0.014,-0.005,-0.037
000895SZ,0.552,0.528,-0.644,-0.7,0.568,-0.893,0.038,-0.689,-0.832,-0.294,-0.904,0.752,-0.667,-0.776,-0.847,-0.866,-0.812,0.036,-0.903,-0.791,-0.793,0.027,1.0,0.26,-0.857,-0.292,-0.819,0.331,-0.514,-0.708,-0.87,-0.706,-0.777,-0.668,-0.35,-0.79,-0.89,-0.746,-0.613,0.554,-0.906,-0.063,-0.102,-0.671,-0.689,-0.872,-0.758,-0.815,-0.715,0.47,-0.904,-0.808,-0.906,-0.632,0.506,0.051,-0.785,-0.528,0.055,-0.914,-0.777,-0.627,0.782,-0.932,-0.841,-0.346,-0.835,-0.228,-0.565,-0.793,-0.26,-0.487,-0.712,-0.797,0.704,-0.453,-0.613,-0.401,-0.732,-0.583,0.13,-0.592,-0.192,-0.715,-0.061,-0.82,-0.677,-0.325,-0.863,0.13,-0.68,-0.904,-0.735,-0.774,-0.676,-0.739,0.431,0.246,-0.225,-0.823,-0.915,-0.845,-0.771,-0.542,-0.679,-0.338,-0.828,0.212,-0.855,-0.77,-0.274,-0.58,-0.38,-0.284,-0.836,-0.783,-0.849,-0.577,0.371,-0.238,-0.873,-0.564,-0.521,-0.541,0.877,-0.617,-0.802,-0.913,-0.713,-0.876,-0.523,-0.845,-0.723,-0.848,-0.089,0.631,0.796,-0.882,-0.533,0.338,-0.872,-0.716,-0.759,-0.308,-0.816,-0.867,-0.787,-0.1,0.523,0.549,0.853,-0.809,-0.0,-0.907,0.829,0.178,-0.364,-0.232,0.025,-0.376,0.777,0.719,-0.738,-0.567,0.489,-0.194,0.521,-0.79,0.743,0.841,-0.521,-0.654,-0.802,-0.839,-0.769,-0.714,-0.673,-0.814,0.858,-0.816,-0.668,0.142,0.681,-0.65,-0.013,-0.902,-0.74,-0.779,0.029,-0.506,-0.644,-0.655,-0.694,0.09,-0.273,0.094,0.279,0.328,-0.598,0.364,-0.726,0.279,-0.664,-0.852,-0.416,-0.928,-0.701,-0.699,-0.835,-0.816,-0.567,-0.792,-0.831,-0.755,-0.685,-0.805,-0.83
000938SZ,0.279,0.174,0.186,0.039,0.704,-0.41,0.283,0.204,0.056,0.419,-0.389,0.627,0.207,-0.032,-0.197,-0.028,-0.371,0.653,-0.422,-0.341,-0.006,-0.07,0.26,1.0,-0.403,-0.154,-0.195,0.592,-0.65,0.201,-0.111,0.337,-0.275,-0.06,0.606,-0.092,-0.05,-0.333,0.31,0.524,-0.179,0.335,0.599,-0.455,-0.377,-0.119,-0.551,0.209,-0.183,0.733,-0.321,-0.071,-0.326,0.178,0.338,0.675,0.2,0.524,0.442,-0.022,0.185,0.352,0.609,-0.246,-0.175,0.585,-0.23,0.547,0.437,-0.117,-0.59,0.475,0.303,0.183,0.215,0.61,0.149,0.272,0.243,0.396,0.668,0.242,0.075,-0.457,0.106,0.024,-0.544,-0.15,-0.437,0.587,-0.331,-0.353,-0.174,-0.243,-0.101,-0.433,-0.01,0.405,0.693,-0.261,-0.356,-0.497,-0.017,-0.048,-0.031,0.492,-0.517,0.448,-0.287,-0.306,0.626,-0.213,0.222,0.03,-0.34,-0.41,-0.047,0.213,0.381,0.48,-0.37,-0.135,0.232,0.534,0.275,0.459,0.001,-0.289,-0.409,-0.347,0.467,-0.413,0.319,-0.135,-0.194,0.511,0.666,-0.244,-0.435,0.238,-0.198,-0.152,0.101,0.454,-0.561,-0.044,0.112,0.782,0.189,0.553,0.501,-0.54,0.585,-0.393,0.24,0.601,0.183,-0.21,0.767,0.577,0.349,0.088,-0.416,-0.084,0.645,0.155,0.809,-0.489,0.0,0.36,-0.416,0.324,-0.07,-0.111,-0.477,0.133,0.338,-0.422,0.534,-0.279,-0.4,0.055,0.552,-0.301,0.269,-0.307,0.166,0.104,0.559,0.488,-0.246,-0.263,-0.484,-0.39,-0.292,-0.123,0.649,0.927,0.267,0.785,-0.47,0.554,0.283,-0.004,0.344,-0.045,-0.356,0.231,-0.397,-0.29,0.446,0.147,0.18,0.133,0.256,-0.072,0.205
000963SZ,-0.558,-0.599,0.635,0.762,-0.747,0.947,-0.211,0.653,0.752,0.368,0.842,-0.849,0.651,0.781,0.879,0.796,0.914,-0.189,0.956,0.927,0.844,0.08,-0.857,-0.403,1.0,0.598,0.871,-0.405,0.749,0.684,0.871,0.484,0.834,0.697,0.218,0.873,0.875,0.77,0.539,-0.747,0.779,0.176,-0.054,0.763,0.734,0.809,0.894,0.719,0.838,-0.588,0.859,0.801,0.901,0.403,-0.38,-0.293,0.547,0.376,0.094,0.768,0.76,0.525,-0.851,0.906,0.778,0.188,0.768,0.065,0.423,0.654,0.467,0.411,0.683,0.578,-0.51,0.225,0.557,0.099,0.462,0.463,-0.217,0.417,0.118,0.84,0.282,0.823,0.783,0.491,0.864,-0.153,0.72,0.875,0.815,0.869,0.792,0.864,-0.461,-0.192,0.163,0.905,0.927,0.927,0.731,0.661,0.767,0.187,0.901,-0.258,0.901,0.911,0.257,0.613,0.462,0.377,0.923,0.865,0.757,0.561,-0.436,0.284,0.919,0.745,0.57,0.389,-0.753,0.49,0.775,0.886,0.881,0.878,0.44,0.898,0.57,0.884,0.367,-0.486,-0.845,0.904,0.777,-0.47,0.917,0.723,0.686,0.212,0.914,0.85,0.63,-0.05,-0.214,-0.496,-0.798,0.93,-0.001,0.904,-0.64,-0.042,0.432,0.292,-0.004,0.289,-0.657,-0.54,0.926,0.658,-0.624,0.451,-0.607,0.769,-0.453,-0.848,0.792,0.6,0.763,0.87,0.932,0.727,0.623,0.893,-0.824,0.877,0.863,-0.025,-0.731,0.807,-0.062,0.806,0.611,0.782,0.084,0.337,0.745,0.716,0.895,0.19,0.569,0.086,-0.253,-0.461,0.491,-0.522,0.818,-0.195,0.642,0.699,0.116,0.79,0.746,0.399,0.89,0.92,0.282,0.704,0.664,0.623,0.488,0.754,0.667
000999SZ,-0.53,-0.489,0.487,0.498,-0.501,0.442,-0.218,0.439,0.459,0.556,0.243,-0.439,0.437,0.516,0.516,0.352,0.497,-0.22,0.537,0.519,0.629,0.042,-0.292,-0.154,0.598,1.0,0.638,-0.165,0.493,0.543,0.528,0.05,0.403,0.484,0.09,0.566,0.503,0.207,0.403,-0.584,0.175,0.416,0.051,0.256,0.211,0.509,0.444,0.43,0.707,-0.229,0.313,0.375,0.448,-0.217,0.106,-0.439,0.071,0.189,0.382,0.247,0.457,0.135,-0.46,0.353,0.189,0.169,0.149,-0.08,0.326,0.029,0.194,0.189,0.395,0.021,0.026,0.055,0.295,-0.314,-0.079,0.349,-0.124,0.033,-0.078,0.403,0.484,0.459,0.398,0.621,0.265,0.398,0.522,0.418,0.651,0.733,0.635,0.378,-0.406,-0.114,0.256,0.665,0.413,0.432,0.212,0.788,0.447,-0.119,0.485,-0.088,0.403,0.607,0.317,0.377,0.669,0.491,0.454,0.542,0.332,0.63,-0.307,0.31,0.378,0.518,0.429,0.31,-0.181,0.196,0.594,0.444,0.695,0.476,0.371,0.545,0.316,0.492,0.554,0.222,-0.293,0.554,0.741,-0.436,0.499,0.546,0.502,0.062,0.472,0.589,0.212,-0.085,0.281,-0.065,-0.272,0.535,0.229,0.406,0.016,0.403,0.353,0.143,0.299,0.089,-0.054,-0.033,0.531,0.392,-0.343,0.677,-0.258,0.184,0.131,-0.455,0.714,0.425,0.398,0.559,0.633,0.601,0.455,0.564,-0.223,0.647,0.73,0.024,-0.193,0.734,-0.219,0.314,0.232,0.563,0.384,0.218,0.368,0.324,0.587,0.5,0.671,0.237,0.223,-0.156,0.538,-0.31,0.279,0.171,0.518,0.1,-0.337,0.237,0.296,-0.099,0.372,0.496,-0.12,0.351,0.181,0.131,-0.018,0.259,0.222
001965SZ,-0.733,-0.602,0.819,0.779,-0.612,0.834,-0.133,0.627,0.754,0.585,0.764,-0.759,0.653,0.876,0.818,0.879,0.786,-0.063,0.897,0.772,0.853,-0.082,-0.819,-0.195,0.871,0.638,1.0,-0.336,0.596,0.825,0.885,0.588,0.675,0.861,0.296,0.823,0.891,0.674,0.561,-0.695,0.691,0.29,0.236,0.563,0.529,0.894,0.698,0.832,0.887,-0.416,0.762,0.686,0.841,0.328,-0.236,-0.324,0.564,0.467,0.179,0.767,0.762,0.522,-0.83,0.828,0.652,0.41,0.611,0.008,0.596,0.552,0.264,0.467,0.71,0.556,-0.432,0.362,0.651,0.022,0.466,0.549,-0.189,0.336,0.058,0.658,0.214,0.866,0.656,0.655,0.727,0.115,0.694,0.904,0.926,0.92,0.898,0.634,-0.497,-0.292,0.349,0.934,0.841,0.799,0.62,0.792,0.597,0.145,0.844,-0.351,0.751,0.801,0.322,0.486,0.571,0.514,0.8,0.837,0.781,0.768,-0.449,0.256,0.779,0.642,0.487,0.59,-0.698,0.482,0.826,0.86,0.843,0.853,0.664,0.845,0.618,0.845,0.325,-0.366,-0.67,0.895,0.817,-0.441,0.851,0.74,0.81,0.264,0.806,0.953,0.7,0.015,-0.281,-0.304,-0.725,0.851,0.133,0.87,-0.5,0.04,0.437,0.247,0.205,0.367,-0.555,-0.441,0.724,0.627,-0.564,0.497,-0.439,0.617,-0.429,-0.801,0.745,0.697,0.705,0.901,0.88,0.851,0.763,0.873,-0.702,0.955,0.81,-0.123,-0.454,0.867,-0.198,0.87,0.6,0.876,0.244,0.429,0.605,0.575,0.777,0.243,0.518,0.094,0.022,-0.256,0.724,-0.496,0.579,-0.122,0.662,0.591,0.085,0.769,0.546,0.5,0.689,0.861,0.308,0.793,0.668,0.621,0.447,0.657,0.693
002001SZ,0.21,-0.048,0.032,-0.157,0.446,-0.466,0.174,0.048,-0.158,0.25,-0.432,0.475,0.192,-0.076,-0.324,-0.264,-0.404,0.514,-0.42,-0.37,-0.09,-0.306,0.331,0.592,-0.405,-0.165,-0.336,1.0,-0.335,-0.018,-0.162,-0.017,-0.343,-0.229,0.414,-0.173,-0.218,-0.409,-0.006,0.408,-0.341,0.309,0.19,-0.544,-0.483,-0.319,-0.503,-0.044,-0.226,0.502,-0.459,-0.141,-0.444,-0.004,0.246,0.352,-0.01,0.275,0.326,-0.28,-0.058,0.085,0.638,-0.372,-0.329,0.301,-0.302,0.265,0.051,-0.363,-0.557,0.108,0.07,-0.092,0.342,0.208,0.182,-0.068,-0.067,0.237,0.525,-0.03,-0.178,-0.312,0.207,-0.203,-0.588,-0.158,-0.504,0.342,-0.496,-0.396,-0.384,-0.294,-0.233,-0.54,-0.186,0.066,0.42,-0.372,-0.448,-0.405,-0.198,-0.247,-0.06,0.229,-0.545,0.428,-0.388,-0.305,0.421,-0.304,0.016,-0.027,-0.401,-0.546,-0.353,-0.073,0.037,0.369,-0.395,-0.159,0.122,0.215,0.343,0.127,-0.239,-0.325,-0.474,-0.302,0.171,-0.447,0.046,-0.231,-0.213,0.483,0.586,-0.451,-0.379,-0.001,-0.273,-0.353,-0.22,-0.025,-0.559,-0.217,-0.309,0.336,0.287,0.495,0.42,-0.513,0.32,-0.379,0.384,0.431,-0.109,-0.307,0.448,0.248,0.272,0.293,-0.377,-0.236,0.551,0.173,0.628,-0.529,0.15,0.269,-0.366,0.059,-0.332,-0.206,-0.448,-0.052,-0.038,-0.382,0.481,-0.352,-0.46,-0.078,0.441,-0.312,0.015,-0.336,-0.074,-0.062,0.593,0.073,-0.434,-0.259,-0.308,-0.285,-0.163,-0.07,0.38,0.749,0.069,0.521,-0.404,0.617,0.075,-0.269,-0.062,-0.248,-0.432,-0.08,-0.392,-0.314,0.247,0.003,-0.015,0.011,-0.014,-0.075,-0.076
