,000001SZ,000002SZ,000157SZ,000166SZ,000333SZ,000338SZ,000538SZ,000568SZ,000596SZ,000617SZ,000625SZ,000651SZ,000661SZ,000708SZ,000725SZ,000768SZ,000776SZ,000786SZ,000800SZ,000807SZ,000858SZ,000876SZ,000895SZ,000938SZ,000963SZ,000999SZ,001965SZ,002001SZ,002007SZ,002027SZ,002028SZ,002050SZ,002129SZ,002179SZ,002230SZ,002236SZ,002241SZ,002271SZ,002304SZ,002311SZ,002371SZ,002415SZ,002422SZ,002459SZ,002460SZ,002463SZ,002466SZ,002475SZ,002493SZ,002555SZ,002594SZ,002601SZ,002648SZ,002709SZ,002714SZ,002916SZ,002920SZ,002938SZ,003816SZ,300014SZ,300033SZ,300059SZ,300122SZ,300124SZ,300274SZ,300308SZ,300316SZ,300347SZ,300394SZ,300408SZ,300413SZ,300418SZ,300433SZ,300450SZ,300498SZ,300502SZ,300628SZ,300661SZ,300750SZ,300759SZ,300760SZ,300782SZ,600000SS,600010SS,600011SS,600015SS,600016SS,600018SS,600019SS,600023SS,600025SS,600026SS,600028SS,600029SS,600031SS,600036SS,600048SS,600050SS,600061SS,600085SS,600089SS,600104SS,600111SS,600115SS,600161SS,600183SS,600188SS,600196SS,600219SS,600233SS,600276SS,600309SS,600332SS,600346SS,600362SS,600377SS,600406SS,600415SS,600426SS,600436SS,600438SS,600489SS,600519SS,600570SS,600585SS,600588SS,600600SS,600660SS,600674SS,600741SS,600760SS,600795SS,600809SS,600875SS,600886SS,600887SS,600926SS,600989SS,601006SS,601009SS,601012SS,601021SS,601058SS,601066SS,601088SS,601100SS,601117SS,601138SS,601166SS,601169SS,601186SS,601225SS,601229SS,601238SS,601288SS,601318SS,601319SS,601328SS,601336SS,601360SS,601390SS,601398SS,601600SS,601601SS,601607SS,601618SS,601628SS,601633SS,601658SS,601668SS,601669SS,601688SS,601689SS,601698SS,601699SS,601766SS,601788SS,601799SS,601800SS,601808SS,601816SS,601818SS,601838SS,601857SS,601865SS,601872SS,601877SS,601878SS,601881SS,601888SS,601899SS,601901SS,601919SS,601939SS,601985SS,601988SS,601998SS,603019SS,603195SS,603259SS,603260SS,603288SS,603369SS,603501SS,603659SS,603799SS,603806SS,603833SS,603986SS,603993SS,688008SS,688009SS,688012SS,688036SS,688111SS,688169SS,688396SS
000001SZ,1.0,0.737,0.438,0.206,0.524,0.364,0.823,0.589,0.754,0.078,0.362,-0.135,0.704,0.09,0.544,0.241,0.168,0.633,0.128,0.219,0.612,-0.152,0.593,0.313,0.32,0.585,-0.176,0.381,0.692,0.797,-0.497,0.187,0.401,0.319,0.366,0.588,0.028,0.692,0.712,-0.041,0.152,0.541,-0.109,0.089,0.598,0.041,0.44,0.112,-0.093,-0.06,0.138,-0.175,0.269,0.47,-0.136,0.232,-0.414,0.461,-0.219,-0.447,0.289,0.638,0.561,0.129,-0.449,0.314,0.12,0.359,0.088,0.311,0.073,0.504,0.337,-0.03,-0.06,0.253,0.075,0.641,-0.105,0.296,0.268,0.82,0.64,0.249,-0.049,0.69,0.131,0.354,0.43,-0.185,-0.0,0.352,0.511,0.263,0.484,0.867,0.334,0.386,0.116,0.136,0.383,-0.011,0.129,0.509,-0.036,0.606,0.743,0.029,0.676,0.522,0.426,0.766,0.615,0.235,0.347,0.481,-0.351,0.668,0.368,0.797,0.425,0.015,0.651,0.436,0.514,0.803,0.679,-0.241,-0.309,-0.013,0.558,-0.033,0.616,-0.61,-0.141,0.44,0.475,0.344,0.404,0.084,0.503,0.525,-0.137,0.378,0.653,0.615,-0.188,0.547,0.944,0.512,-0.028,0.474,0.819,-0.267,0.396,0.676,0.134,0.684,0.497,0.548,-0.354,0.595,0.302,0.526,0.024,0.305,0.379,0.05,0.885,0.014,-0.19,0.12,-0.11,0.729,0.615,0.044,-0.139,-0.066,0.305,0.241,0.442,0.622,0.568,0.271,-0.356,0.38,0.135,0.516,0.369,0.631,0.401,0.044,-0.057,0.595,0.577,0.3,0.317,0.673,0.531,0.302,0.371,0.724,0.471,0.72,0.444,0.648,-0.417,0.681,0.619,0.152,0.53,-0.051,0.02,0.275,0.197,0.227,0.412
000002SZ,0.737,1.0,0.739,-0.194,0.662,0.06,0.689,0.833,0.877,-0.385,0.416,0.22,0.835,0.214,0.356,0.437,-0.242,0.842,-0.404,-0.296,0.85,0.151,0.186,0.703,0.724,0.547,0.116,-0.086,0.734,0.668,-0.059,0.538,0.766,0.402,0.38,0.168,-0.375,0.631,0.843,0.177,0.37,0.183,-0.165,0.185,0.663,-0.401,0.617,-0.024,-0.425,-0.485,-0.264,0.076,-0.177,0.528,0.201,-0.101,-0.298,0.427,0.203,-0.591,-0.135,0.309,0.803,-0.248,-0.017,-0.206,0.425,0.702,-0.361,-0.137,-0.399,0.107,0.352,-0.231,0.259,-0.165,-0.027,0.612,0.127,0.576,0.426,0.566,0.262,0.184,0.311,0.488,0.142,-0.142,0.404,0.167,0.381,0.057,0.21,0.316,0.823,0.488,0.823,0.131,-0.349,-0.28,0.603,-0.446,-0.322,0.69,0.233,0.221,0.563,0.414,0.402,0.098,0.755,0.676,0.341,-0.251,-0.18,0.463,-0.01,0.779,-0.102,0.582,0.673,-0.477,0.776,0.15,0.79,0.796,0.82,-0.591,0.134,-0.433,0.73,0.425,0.483,-0.267,0.257,0.011,0.772,-0.139,0.406,-0.434,0.453,0.683,-0.597,0.273,0.673,0.683,0.061,0.319,0.617,0.397,0.359,0.673,0.433,-0.678,0.281,0.347,-0.281,0.357,0.241,0.189,0.042,0.532,-0.254,0.254,-0.26,0.634,0.4,-0.446,0.754,0.521,-0.44,-0.329,0.269,0.627,0.521,-0.063,-0.61,0.14,0.597,-0.261,0.654,0.316,0.569,-0.213,-0.66,0.272,0.076,0.17,-0.087,0.763,-0.109,-0.401,0.123,0.661,0.736,0.491,-0.158,0.431,0.739,0.577,-0.059,0.874,0.069,0.38,0.38,0.602,-0.746,0.657,0.385,-0.315,0.149,-0.487,-0.204,-0.221,-0.258,-0.262,-0.009
000157SZ,0.438,0.739,1.0,-0.508,0.55,0.161,0.395,0.723,0.62,-0.644,0.476,0.418,0.66,0.058,0.212,0.599,-0.567,0.586,-0.553,-0.416,0.791,0.566,-0.106,0.841,0.839,0.283,0.439,-0.452,0.644,0.376,0.343,0.667,0.869,0.505,0.317,-0.177,-0.44,0.252,0.682,0.389,0.602,-0.236,-0.02,0.112,0.701,-0.688,0.8,0.096,-0.573,-0.705,-0.436,0.398,-0.407,0.455,0.581,-0.311,0.054,0.269,0.583,-0.536,-0.51,-0.054,0.842,-0.517,0.35,-0.419,0.546,0.794,-0.657,-0.506,-0.593,-0.287,0.435,-0.488,0.603,-0.498,-0.152,0.532,0.12,0.732,0.441,0.263,-0.189,0.047,0.538,0.121,-0.186,-0.482,0.497,0.551,0.706,-0.299,0.223,0.056,0.924,0.069,0.687,-0.063,-0.664,-0.6,0.752,-0.499,-0.425,0.542,0.458,-0.121,0.444,0.735,0.16,-0.079,0.884,0.434,-0.021,-0.545,-0.395,0.059,0.368,0.759,-0.415,0.261,0.773,-0.601,0.571,-0.118,0.837,0.474,0.6,-0.612,0.536,-0.63,0.775,0.665,0.146,-0.068,0.635,-0.378,0.759,-0.362,0.117,-0.68,0.172,0.462,-0.74,-0.039,0.636,0.572,0.493,0.066,0.218,0.145,0.516,0.805,0.134,-0.565,0.2,-0.062,-0.636,0.149,-0.173,-0.223,0.357,0.331,-0.424,-0.202,-0.31,0.753,0.109,-0.623,0.523,0.713,-0.599,-0.671,0.592,0.46,0.442,0.015,-0.761,0.304,0.364,-0.452,0.377,-0.142,0.512,-0.351,-0.812,0.111,-0.017,-0.212,-0.467,0.562,-0.31,-0.68,0.51,0.628,0.746,0.635,-0.552,0.123,0.797,0.74,-0.291,0.734,-0.349,0.066,0.267,0.366,-0.816,0.282,0.066,-0.572,-0.221,-0.697,-0.085,-0.473,-0.562,-0.583,-0.311
000166SZ,0.206,-0.194,-0.508,1.0,-0.326,0.385,0.183,-0.238,0.023,0.903,-0.19,-0.409,-0.095,0.343,0.33,-0.428,0.893,-0.068,0.849,0.656,-0.252,-0.866,0.602,-0.338,-0.547,0.016,-0.402,0.838,-0.164,0.229,-0.711,-0.504,-0.595,-0.296,-0.195,0.727,0.639,0.48,-0.132,-0.749,-0.656,0.727,-0.396,-0.083,-0.304,0.865,-0.604,0.243,0.669,0.836,0.5,-0.658,0.786,-0.21,-0.879,0.699,-0.436,0.306,-0.837,0.229,0.853,0.608,-0.503,0.713,-0.659,0.821,-0.635,-0.642,0.866,0.855,0.799,0.853,-0.057,0.514,-0.844,0.898,0.489,-0.166,-0.216,-0.726,-0.396,0.306,0.731,0.001,-0.852,0.528,0.448,0.798,-0.25,-0.846,-0.8,0.661,0.302,0.312,-0.39,0.528,-0.308,0.723,0.94,0.769,-0.523,0.532,0.72,-0.103,-0.674,0.673,0.237,-0.855,0.541,0.635,-0.618,0.284,0.374,0.796,0.823,0.47,-0.669,-0.226,0.799,0.367,-0.613,0.818,-0.086,0.387,-0.375,0.23,-0.048,0.44,-0.838,0.643,-0.328,-0.825,0.359,-0.272,-0.849,0.839,-0.473,0.748,0.273,0.772,0.304,0.039,0.753,0.352,-0.072,0.143,-0.731,0.554,0.374,0.037,-0.42,-0.431,0.472,0.408,-0.311,0.479,0.695,0.03,0.497,0.846,-0.533,-0.295,0.815,0.52,0.14,-0.287,0.04,0.76,-0.083,-0.653,0.719,0.834,-0.689,0.215,0.212,0.187,0.798,-0.345,0.116,0.782,0.014,0.498,-0.41,0.707,0.632,-0.022,-0.003,0.784,0.927,-0.017,0.739,0.831,-0.667,-0.481,-0.365,-0.728,0.683,0.541,-0.473,-0.667,0.689,-0.137,0.825,0.575,-0.03,0.228,0.633,0.293,0.518,0.741,0.795,0.896,-0.079,0.789,0.912,0.854,0.693
000333SZ,0.524,0.662,0.55,-0.326,1.0,0.016,0.402,0.822,0.641,-0.522,0.713,0.539,0.763,0.315,0.413,0.704,-0.2,0.772,-0.424,-0.532,0.808,0.362,-0.11,0.507,0.566,0.444,-0.005,-0.235,0.707,0.507,0.155,0.738,0.709,0.81,0.564,0.167,-0.532,0.369,0.808,0.511,0.566,0.072,0.082,0.543,0.638,-0.556,0.59,-0.035,-0.578,-0.576,-0.212,0.335,-0.448,0.678,0.429,0.056,0.249,0.299,0.371,-0.289,-0.176,0.267,0.8,-0.082,0.236,-0.384,0.619,0.745,-0.394,-0.259,-0.498,-0.053,0.382,-0.006,0.547,-0.365,0.061,0.649,0.482,0.689,0.549,0.371,0.197,0.443,0.591,0.327,0.116,-0.268,0.103,0.395,0.532,0.027,0.186,0.503,0.614,0.362,0.664,-0.131,-0.383,-0.078,0.438,-0.189,-0.567,0.802,0.408,0.159,0.385,0.351,0.26,-0.114,0.684,0.487,0.296,-0.45,-0.326,0.445,0.332,0.572,-0.377,0.52,0.654,-0.506,0.794,0.251,0.602,0.448,0.808,-0.286,0.311,-0.16,0.718,0.451,0.605,-0.004,0.357,-0.053,0.81,-0.404,-0.058,-0.319,0.504,0.739,-0.484,0.336,0.506,0.563,0.13,0.423,0.35,0.636,0.347,0.639,0.213,-0.399,0.41,0.456,-0.196,0.273,0.28,-0.047,0.018,0.435,-0.356,0.222,-0.167,0.412,0.549,-0.329,0.628,0.451,-0.418,-0.326,0.492,0.653,0.277,0.143,-0.629,0.405,0.41,-0.496,0.694,0.36,0.52,-0.492,-0.683,0.44,0.214,0.153,-0.155,0.803,-0.444,-0.415,0.289,0.58,0.541,0.622,-0.232,0.327,0.813,0.713,-0.302,0.695,-0.161,0.286,0.633,0.453,-0.659,0.564,0.318,-0.427,-0.103,-0.561,-0.1,-0.504,-0.419,-0.403,-0.073
000338SZ,0.364,0.06,0.161,0.385,0.016,1.0,0.395,0.216,0.285,0.277,0.365,-0.161,0.251,0.227,0.6,0.227,0.363,0.184,0.55,0.272,0.175,-0.187,0.346,0.079,-0.04,0.266,-0.348,0.346,0.243,0.452,-0.336,0.12,0.001,0.201,0.149,0.559,0.208,0.378,0.292,-0.129,0.09,0.407,-0.025,0.183,0.276,0.288,0.148,0.545,-0.04,0.12,0.492,-0.191,0.34,0.28,-0.215,0.452,0.086,0.383,-0.266,0.351,0.44,0.474,0.103,0.487,-0.186,0.396,0.045,-0.054,0.328,0.4,0.278,0.472,0.509,0.29,-0.126,0.398,0.277,0.345,0.204,-0.032,-0.074,0.487,0.332,0.257,-0.263,0.198,-0.031,0.346,-0.007,-0.234,-0.134,0.248,0.326,0.214,0.137,0.452,-0.085,0.333,0.353,0.346,0.021,0.66,0.349,0.22,-0.189,0.619,0.423,-0.112,0.474,0.612,0.005,0.45,0.443,0.208,0.486,0.084,-0.083,0.213,0.394,0.477,0.03,0.42,0.296,0.409,-0.055,0.37,0.274,0.4,-0.301,0.473,0.296,-0.353,0.42,-0.325,-0.213,0.378,-0.02,0.339,-0.137,0.235,0.405,0.258,0.322,0.355,0.37,0.414,-0.203,0.623,0.339,0.014,-0.37,0.104,0.34,0.454,-0.015,0.417,0.228,0.089,0.354,0.496,-0.428,-0.113,0.493,0.286,0.211,-0.065,0.191,0.463,0.129,-0.321,0.013,0.312,-0.145,0.506,0.316,0.494,0.127,0.289,-0.16,0.31,0.181,0.236,-0.078,0.314,0.041,0.142,0.228,0.489,0.414,0.309,0.406,0.221,0.044,-0.024,-0.073,-0.163,0.103,0.539,0.162,-0.031,0.443,0.217,0.409,0.548,0.324,0.357,0.102,0.326,0.575,0.409,0.48,0.249,0.179,0.306,0.378,0.284,0.527
000538SZ,0.823,0.689,0.395,0.183,0.402,0.395,1.0,0.566,0.772,0.056,0.322,-0.289,0.738,0.246,0.482,0.192,0.167,0.654,0.122,0.235,0.567,-0.119,0.675,0.349,0.455,0.687,-0.289,0.454,0.776,0.861,-0.445,0.212,0.363,0.227,0.56,0.603,-0.002,0.706,0.716,-0.024,0.124,0.621,-0.017,0.075,0.678,0.102,0.518,-0.121,-0.148,-0.07,0.382,-0.194,0.342,0.643,-0.128,0.238,-0.438,0.459,-0.271,-0.199,0.371,0.716,0.58,0.258,-0.53,0.331,0.248,0.426,0.149,0.336,0.115,0.54,0.2,0.089,-0.089,0.345,0.134,0.642,0.096,0.369,0.497,0.859,0.472,0.316,-0.075,0.359,-0.114,0.394,0.475,-0.259,-0.13,0.35,0.319,0.2,0.447,0.751,0.308,0.226,0.127,0.197,0.48,-0.01,0.178,0.449,0.042,0.676,0.59,0.121,0.577,0.594,0.473,0.774,0.754,0.244,0.339,0.375,-0.311,0.737,0.475,0.851,0.507,0.034,0.7,0.641,0.385,0.816,0.653,-0.116,-0.375,0.033,0.589,-0.115,0.606,-0.469,-0.203,0.415,0.302,0.382,0.508,-0.061,0.612,0.489,-0.02,0.42,0.642,0.462,-0.164,0.431,0.77,0.168,-0.243,0.404,0.685,-0.159,0.099,0.612,0.163,0.381,0.541,0.562,-0.506,0.383,0.296,0.548,0.124,0.195,0.434,0.108,0.605,-0.133,-0.313,0.178,-0.069,0.697,0.569,-0.158,-0.131,-0.049,0.139,0.229,0.455,0.449,0.309,0.237,-0.165,0.449,0.47,0.49,0.377,0.619,0.375,0.135,-0.114,0.391,0.514,0.115,0.218,0.761,0.559,0.377,0.544,0.778,0.537,0.717,0.649,0.723,-0.295,0.689,0.589,0.15,0.551,-0.062,0.074,0.315,0.229,0.261,0.393
000568SZ,0.589,0.833,0.723,-0.238,0.822,0.216,0.566,1.0,0.834,-0.479,0.706,0.41,0.858,0.413,0.463,0.666,-0.15,0.885,-0.358,-0.486,0.951,0.242,0.012,0.664,0.699,0.551,-0.025,-0.169,0.751,0.638,0.071,0.804,0.788,0.676,0.457,0.245,-0.518,0.576,0.937,0.35,0.485,0.176,-0.128,0.531,0.708,-0.486,0.634,0.1,-0.584,-0.579,-0.188,0.152,-0.312,0.695,0.306,0.039,0.065,0.434,0.271,-0.309,-0.1,0.351,0.856,-0.089,0.185,-0.333,0.553,0.759,-0.353,-0.176,-0.467,0.074,0.442,-0.003,0.442,-0.244,0.151,0.653,0.466,0.637,0.501,0.457,0.245,0.446,0.394,0.384,0.099,-0.231,0.116,0.239,0.473,0.142,0.226,0.601,0.829,0.436,0.825,0.03,-0.351,-0.136,0.54,-0.199,-0.466,0.884,0.236,0.259,0.567,0.397,0.328,0.034,0.769,0.71,0.355,-0.401,-0.24,0.505,0.216,0.736,-0.266,0.644,0.68,-0.437,0.914,0.252,0.689,0.656,0.929,-0.408,0.22,-0.218,0.776,0.379,0.688,-0.087,0.278,0.047,0.836,-0.279,0.091,-0.397,0.637,0.87,-0.545,0.388,0.711,0.768,0.051,0.505,0.433,0.416,0.305,0.724,0.23,-0.47,0.162,0.419,-0.257,0.142,0.313,0.113,-0.008,0.278,-0.291,0.233,-0.245,0.568,0.544,-0.324,0.588,0.465,-0.416,-0.313,0.42,0.734,0.491,0.14,-0.678,0.432,0.551,-0.392,0.813,0.316,0.415,-0.379,-0.694,0.384,0.198,0.213,-0.103,0.929,-0.305,-0.467,0.185,0.479,0.55,0.451,-0.329,0.498,0.84,0.661,-0.164,0.882,-0.005,0.382,0.578,0.658,-0.678,0.683,0.457,-0.29,0.085,-0.524,-0.263,-0.419,-0.311,-0.343,-0.013
000596SZ,0.754,0.877,0.62,0.023,0.641,0.285,0.772,0.834,1.0,-0.192,0.493,0.104,0.871,0.331,0.578,0.465,-0.001,0.797,-0.145,-0.123,0.831,-0.009,0.299,0.609,0.635,0.524,-0.035,0.143,0.764,0.808,-0.165,0.52,0.664,0.443,0.4,0.422,-0.205,0.725,0.866,0.077,0.322,0.371,-0.271,0.318,0.712,-0.235,0.541,0.091,-0.305,-0.32,-0.034,0.01,0.024,0.593,0.022,0.158,-0.257,0.575,0.024,-0.385,0.084,0.51,0.73,-0.024,-0.089,0.029,0.382,0.593,-0.102,0.083,-0.18,0.333,0.413,-0.057,0.109,0.084,0.241,0.69,0.209,0.469,0.364,0.661,0.387,0.223,0.102,0.516,0.073,0.057,0.301,-0.019,0.195,0.226,0.318,0.488,0.702,0.614,0.679,0.25,-0.124,0.027,0.516,-0.181,-0.085,0.771,0.152,0.448,0.685,0.212,0.582,0.384,0.642,0.81,0.469,-0.051,0.107,0.501,-0.097,0.769,0.112,0.76,0.577,-0.173,0.828,0.287,0.646,0.847,0.862,-0.358,-0.054,-0.195,0.684,0.174,0.677,-0.254,0.068,0.26,0.636,0.068,0.322,-0.251,0.658,0.747,-0.312,0.345,0.755,0.733,-0.047,0.519,0.637,0.273,0.149,0.613,0.512,-0.45,0.096,0.464,-0.153,0.231,0.347,0.381,-0.178,0.29,0.026,0.332,-0.229,0.532,0.384,-0.188,0.661,0.247,-0.3,-0.156,0.114,0.792,0.629,0.07,-0.437,0.199,0.515,-0.057,0.72,0.347,0.448,-0.037,-0.488,0.313,0.189,0.355,0.136,0.834,0.074,-0.228,0.101,0.439,0.564,0.252,-0.136,0.668,0.707,0.492,0.169,0.861,0.268,0.609,0.514,0.715,-0.567,0.734,0.626,-0.093,0.388,-0.274,-0.109,-0.038,-0.043,-0.076,0.257
000617SZ,0.078,-0.385,-0.644,0.903,-0.522,0.277,0.056,-0.479,-0.192,1.0,-0.446,-0.512,-0.309,0.045,0.082,-0.669,0.833,-0.309,0.847,0.792,-0.503,-0.84,0.646,-0.534,-0.647,-0.085,-0.332,0.868,-0.327,0.049,-0.703,-0.715,-0.791,-0.534,-0.327,0.609,0.767,0.292,-0.39,-0.77,-0.791,0.631,-0.242,-0.325,-0.477,0.918,-0.714,0.19,0.839,0.947,0.472,-0.681,0.864,-0.388,-0.871,0.543,-0.471,0.087,-0.843,0.22,0.783,0.438,-0.656,0.616,-0.714,0.868,-0.797,-0.807,0.904,0.851,0.909,0.759,-0.186,0.403,-0.902,0.874,0.325,-0.396,-0.423,-0.838,-0.428,0.147,0.599,-0.139,-0.897,0.382,0.37,0.859,-0.221,-0.838,-0.869,0.59,0.218,0.063,-0.54,0.378,-0.543,0.685,0.929,0.7,-0.616,0.482,0.848,-0.399,-0.642,0.515,0.06,-0.859,0.37,0.591,-0.762,0.106,0.277,0.907,0.836,0.282,-0.735,-0.371,0.834,0.17,-0.751,0.898,-0.349,0.271,-0.485,0.025,-0.302,0.422,-0.851,0.591,-0.575,-0.829,0.116,-0.285,-0.863,0.766,-0.685,0.835,0.286,0.823,0.039,-0.266,0.81,0.104,-0.266,-0.082,-0.697,0.334,0.265,-0.086,-0.438,-0.603,0.382,0.467,-0.311,0.321,0.71,0.056,0.324,0.727,-0.456,-0.301,0.846,0.408,0.313,-0.41,-0.163,0.749,-0.226,-0.718,0.786,0.845,-0.8,-0.063,0.065,0.144,0.891,-0.547,-0.043,0.874,-0.279,0.367,-0.479,0.789,0.782,-0.16,-0.119,0.571,0.837,-0.299,0.836,0.852,-0.672,-0.546,-0.42,-0.78,0.742,0.353,-0.669,-0.797,0.733,-0.36,0.8,0.406,-0.2,0.043,0.776,0.087,0.291,0.813,0.69,0.97,-0.059,0.887,0.931,0.93,0.579
000625SZ,0.362,0.416,0.476,-0.19,0.713,0.365,0.322,0.706,0.493,-0.446,1.0,0.289,0.648,0.529,0.633,0.823,-0.055,0.629,-0.083,-0.452,0.727,0.272,-0.163,0.489,0.34,0.449,-0.317,-0.198,0.623,0.433,0.058,0.777,0.614,0.828,0.531,0.276,-0.602,0.298,0.753,0.439,0.58,0.157,-0.044,0.84,0.645,-0.381,0.573,0.035,-0.706,-0.56,0.14,0.214,-0.41,0.787,0.329,0.217,0.445,0.315,0.222,0.097,0.016,0.393,0.649,0.178,0.236,-0.297,0.648,0.617,-0.26,-0.175,-0.494,0.007,0.373,0.334,0.542,-0.222,0.347,0.694,0.676,0.562,0.36,0.378,0.211,0.659,0.39,0.159,-0.117,-0.254,-0.088,0.213,0.456,0.2,0.217,0.599,0.453,0.344,0.494,-0.196,-0.213,0.1,0.34,0.166,-0.538,0.823,0.099,0.347,0.479,0.236,0.375,-0.022,0.565,0.39,0.32,-0.477,-0.152,0.284,0.374,0.473,-0.277,0.538,0.574,-0.317,0.771,0.41,0.245,0.408,0.733,0.049,0.184,0.158,0.734,0.19,0.656,-0.068,0.227,0.038,0.669,-0.345,-0.269,-0.146,0.707,0.81,-0.256,0.568,0.581,0.543,0.063,0.504,0.246,0.363,-0.04,0.628,0.126,0.024,0.192,0.471,-0.144,0.027,0.393,0.071,-0.253,0.14,-0.154,0.214,-0.224,0.203,0.598,0.033,0.4,0.14,-0.44,-0.163,0.464,0.737,0.378,0.138,-0.517,0.658,0.13,-0.373,0.745,0.322,0.273,-0.369,-0.579,0.626,0.387,0.291,-0.045,0.791,-0.405,-0.314,0.258,0.322,0.246,0.375,-0.329,0.437,0.736,0.56,-0.202,0.616,-0.125,0.351,0.697,0.532,-0.493,0.443,0.42,-0.178,0.025,-0.45,0.026,-0.453,-0.307,-0.367,0.137
000651SZ,-0.135,0.22,0.418,-0.409,0.539,-0.161,-0.289,0.41,0.104,-0.512,0.289,1.0,0.204,0.166,-0.047,0.532,-0.404,0.236,-0.587,-0.69,0.42,0.489,-0.531,0.43,0.411,-0.081,0.514,-0.616,0.074,-0.197,0.636,0.529,0.478,0.587,-0.051,-0.367,-0.402,-0.127,0.203,0.354,0.412,-0.504,0.085,0.203,0.026,-0.632,0.193,0.227,-0.322,-0.523,-0.68,0.502,-0.585,0.064,0.555,-0.176,0.487,-0.001,0.669,-0.262,-0.55,-0.385,0.378,-0.376,0.716,-0.609,0.327,0.441,-0.565,-0.588,-0.568,-0.474,0.366,-0.296,0.569,-0.637,-0.099,0.039,0.298,0.418,0.205,-0.39,-0.298,-0.016,0.56,0.094,0.269,-0.551,-0.134,0.652,0.617,-0.411,0.07,0.208,0.456,-0.339,0.499,-0.061,-0.519,-0.404,0.215,-0.335,-0.543,0.341,0.435,-0.433,-0.059,0.402,-0.2,-0.435,0.402,-0.006,-0.303,-0.635,-0.625,0.111,0.652,0.158,-0.709,-0.217,0.293,-0.498,0.232,-0.406,0.526,-0.133,0.282,-0.353,0.684,-0.378,0.337,0.615,-0.043,0.387,0.593,-0.47,0.559,-0.631,-0.27,-0.453,-0.09,0.268,-0.554,-0.11,0.037,0.312,0.334,0.088,-0.314,0.346,0.753,0.349,-0.366,-0.415,0.177,-0.215,-0.46,-0.152,-0.301,-0.466,0.663,0.024,-0.601,-0.386,-0.203,0.537,0.055,-0.592,0.044,0.741,-0.13,-0.582,0.589,0.096,-0.095,0.418,-0.52,0.411,0.444,-0.628,0.261,-0.151,0.11,-0.578,-0.576,-0.15,-0.305,-0.269,-0.477,0.284,-0.643,-0.576,0.402,0.247,0.257,0.499,-0.482,-0.304,0.397,0.471,-0.651,0.127,-0.579,-0.345,-0.02,-0.144,-0.422,-0.034,-0.168,-0.623,-0.532,-0.472,-0.295,-0.711,-0.573,-0.62,-0.49
000661SZ,0.704,0.835,0.66,-0.095,0.763,0.251,0.738,0.858,0.871,-0.309,0.648,0.204,1.0,0.377,0.561,0.587,-0.106,0.83,-0.192,-0.233,0.873,0.146,0.198,0.652,0.67,0.527,-0.06,0.051,0.868,0.806,-0.075,0.667,0.725,0.595,0.61,0.382,-0.332,0.642,0.917,0.234,0.418,0.355,-0.099,0.406,0.768,-0.355,0.652,0.005,-0.441,-0.435,-0.027,0.108,-0.121,0.757,0.188,0.126,-0.111,0.554,0.134,-0.357,0.012,0.46,0.861,-0.028,-0.059,-0.055,0.554,0.723,-0.206,-0.027,-0.308,0.224,0.496,-0.026,0.289,-0.045,0.211,0.733,0.319,0.606,0.546,0.627,0.355,0.3,0.264,0.418,0.028,-0.036,0.27,0.12,0.351,0.223,0.27,0.52,0.717,0.529,0.695,0.14,-0.232,0.01,0.553,-0.196,-0.257,0.832,0.291,0.4,0.641,0.327,0.595,0.221,0.735,0.745,0.416,-0.175,-0.012,0.504,0.017,0.753,-0.01,0.742,0.667,-0.313,0.873,0.384,0.655,0.779,0.9,-0.399,0.057,-0.214,0.749,0.301,0.689,-0.217,0.19,0.131,0.727,-0.066,0.276,-0.276,0.644,0.791,-0.367,0.364,0.726,0.635,0.024,0.543,0.558,0.363,0.187,0.689,0.45,-0.451,0.179,0.488,-0.188,0.251,0.32,0.282,-0.154,0.369,-0.078,0.308,-0.104,0.49,0.442,-0.224,0.649,0.29,-0.416,-0.211,0.266,0.819,0.561,0.065,-0.567,0.172,0.477,-0.199,0.755,0.336,0.453,-0.187,-0.573,0.474,0.292,0.278,0.026,0.884,-0.104,-0.284,0.181,0.491,0.639,0.362,-0.211,0.606,0.798,0.612,0.053,0.876,0.132,0.558,0.675,0.776,-0.645,0.706,0.545,-0.215,0.233,-0.392,-0.076,-0.18,-0.179,-0.187,0.172
000708SZ,0.09,0.214,0.058,0.343,0.315,0.227,0.246,0.413,0.331,0.045,0.529,0.166,0.377,1.0,0.383,0.349,0.378,0.505,0.206,-0.148,0.42,-0.185,0.12,0.338,0.162,0.32,-0.31,0.214,0.341,0.335,-0.075,0.41,0.159,0.431,0.338,0.422,-0.224,0.452,0.445,-0.105,-0.083,0.445,-0.336,0.575,0.208,0.098,0.044,-0.109,-0.162,-0.002,0.276,-0.101,0.058,0.48,-0.146,0.414,0.088,0.336,-0.177,0.261,0.382,0.537,0.19,0.517,-0.075,0.039,0.219,0.2,0.179,0.165,-0.042,0.369,0.021,0.594,-0.023,0.224,0.55,0.21,0.564,0.03,0.281,0.197,0.37,0.47,-0.1,0.236,0.184,0.161,-0.219,-0.266,-0.127,0.501,0.168,0.662,0.202,0.267,0.386,0.147,0.262,0.39,0.057,0.16,-0.165,0.531,-0.249,0.446,0.291,-0.233,0.395,0.111,0.143,0.34,0.327,-0.101,0.141,0.555,0.08,0.211,0.108,0.443,0.146,0.095,0.506,0.515,0.028,0.301,0.479,0.216,-0.212,0.32,0.356,-0.219,0.559,0.217,-0.264,0.351,0.204,0.034,0.16,0.091,0.715,0.644,0.15,0.544,0.344,0.422,-0.331,0.517,0.071,0.105,-0.082,0.251,0.096,0.11,-0.358,0.459,0.22,-0.389,0.517,0.393,-0.299,-0.303,0.136,0.352,-0.253,0.165,0.469,0.285,-0.059,-0.078,0.098,0.261,0.2,0.525,0.345,0.016,0.003,0.281,0.359,-0.002,0.665,0.329,-0.302,-0.046,0.006,0.468,0.466,0.542,0.372,0.563,-0.14,0.178,-0.308,-0.236,0.033,-0.222,-0.031,0.508,0.278,0.111,0.154,0.38,0.247,0.34,0.513,0.558,0.056,0.419,0.362,0.069,0.248,0.081,-0.323,-0.089,0.148,0.098,0.178
000725SZ,0.544,0.356,0.212,0.33,0.413,0.6,0.482,0.463,0.578,0.082,0.633,-0.047,0.561,0.383,1.0,0.445,0.307,0.442,0.36,0.028,0.482,-0.24,0.158,0.219,0.029,0.231,-0.384,0.244,0.447,0.645,-0.365,0.322,0.295,0.43,0.401,0.621,0.043,0.543,0.589,-0.07,0.345,0.482,-0.137,0.538,0.513,0.113,0.241,0.366,-0.263,-0.062,0.375,-0.128,0.096,0.453,-0.242,0.658,-0.004,0.689,-0.219,0.127,0.381,0.569,0.291,0.391,-0.128,0.283,0.217,0.197,0.24,0.37,0.071,0.486,0.523,0.315,-0.079,0.353,0.538,0.708,0.354,0.139,-0.117,0.664,0.485,0.321,-0.089,0.398,0.036,0.18,-0.029,-0.197,0.039,0.273,0.275,0.528,0.204,0.615,0.234,0.236,0.233,0.364,0.084,0.425,0.096,0.624,-0.168,0.694,0.531,-0.162,0.685,0.503,0.167,0.567,0.411,0.079,0.37,0.398,-0.151,0.347,0.269,0.676,0.192,0.122,0.605,0.417,0.079,0.6,0.574,0.206,-0.24,0.357,0.448,-0.201,0.673,-0.253,-0.141,0.431,0.298,0.122,-0.103,0.165,0.705,0.625,0.162,0.502,0.469,0.455,-0.19,0.728,0.512,0.25,-0.279,0.245,0.504,0.165,0.081,0.575,0.163,0.196,0.484,0.526,-0.521,0.072,0.327,0.413,-0.132,0.02,0.397,0.337,0.468,-0.225,-0.117,0.174,-0.104,0.796,0.383,0.29,-0.072,0.334,0.079,0.113,0.567,0.409,0.216,0.094,-0.18,0.286,0.261,0.531,0.39,0.604,0.175,0.151,0.149,0.142,0.071,-0.008,0.008,0.665,0.391,0.153,0.252,0.483,0.345,0.778,0.508,0.457,-0.182,0.586,0.824,0.183,0.564,0.068,0.363,0.159,0.235,0.112,0.687
000768SZ,0.241,0.437,0.599,-0.428,0.704,0.227,0.192,0.666,0.465,-0.669,0.823,0.532,0.587,0.349,0.445,1.0,-0.403,0.465,-0.371,-0.565,0.73,0.554,-0.387,0.594,0.515,0.23,0.059,-0.497,0.551,0.286,0.413,0.841,0.79,0.911,0.371,-0.067,-0.677,0.037,0.639,0.53,0.773,-0.228,0.02,0.628,0.612,-0.667,0.69,0.045,-0.732,-0.775,-0.207,0.519,-0.564,0.627,0.601,-0.035,0.534,0.241,0.557,-0.093,-0.362,0.055,0.723,-0.171,0.542,-0.495,0.782,0.785,-0.564,-0.525,-0.723,-0.325,0.434,-0.059,0.741,-0.494,0.179,0.691,0.575,0.768,0.38,0.153,-0.113,0.339,0.585,0.053,-0.211,-0.481,0.095,0.536,0.642,-0.204,0.26,0.376,0.498,0.05,0.539,-0.274,-0.521,-0.176,0.545,-0.061,-0.612,0.745,0.428,0.0,0.42,0.513,0.177,-0.136,0.729,0.269,0.048,-0.663,-0.401,0.019,0.639,0.502,-0.511,0.279,0.724,-0.499,0.669,0.042,0.463,0.294,0.627,-0.129,0.53,-0.184,0.818,0.481,0.37,0.02,0.566,-0.308,0.758,-0.51,-0.289,-0.446,0.414,0.648,-0.457,0.299,0.587,0.462,0.44,0.274,0.049,0.26,0.261,0.74,-0.044,-0.224,0.254,0.127,-0.51,-0.047,0.022,-0.234,0.137,0.172,-0.387,-0.169,-0.354,0.43,0.341,-0.35,0.369,0.425,-0.594,-0.546,0.653,0.618,0.338,0.206,-0.684,0.734,0.15,-0.554,0.622,0.015,0.394,-0.469,-0.776,0.428,0.26,0.006,-0.362,0.665,-0.566,-0.578,0.561,0.454,0.337,0.601,-0.539,0.13,0.807,0.775,-0.444,0.53,-0.459,0.078,0.467,0.329,-0.688,0.157,0.245,-0.508,-0.227,-0.669,0.084,-0.674,-0.582,-0.66,-0.074
000776SZ,0.168,-0.242,-0.567,0.893,-0.2,0.363,0.167,-0.15,-0.001,0.833,-0.055,-0.404,-0.106,0.378,0.307,-0.403,1.0,0.043,0.825,0.521,-0.226,-0.839,0.587,-0.422,-0.579,0.165,-0.601,0.839,-0.104,0.211,-0.744,-0.402,-0.642,-0.214,-0.089,0.793,0.484,0.514,-0.062,-0.596,-0.649,0.778,-0.314,0.101,-0.276,0.865,-0.613,0.166,0.56,0.793,0.608,-0.707,0.697,-0.063,-0.835,0.747,-0.268,0.203,-0.876,0.401,0.938,0.703,-0.473,0.848,-0.638,0.717,-0.577,-0.625,0.917,0.886,0.775,0.854,-0.162,0.72,-0.754,0.86,0.478,-0.17,-0.003,-0.697,-0.286,0.326,0.75,0.292,-0.771,0.426,0.438,0.787,-0.432,-0.863,-0.806,0.748,0.171,0.447,-0.395,0.568,-0.284,0.556,0.954,0.848,-0.598,0.623,0.592,-0.029,-0.705,0.738,0.137,-0.892,0.402,0.548,-0.626,0.279,0.499,0.737,0.748,0.508,-0.624,-0.25,0.715,0.444,-0.607,0.796,0.004,0.532,-0.487,0.171,0.028,0.558,-0.879,0.811,-0.326,-0.896,0.499,-0.237,-0.924,0.909,-0.459,0.658,0.11,0.817,0.417,0.136,0.762,0.459,-0.143,0.179,-0.841,0.581,0.351,0.102,-0.548,-0.489,0.368,0.549,-0.337,0.604,0.822,-0.018,0.658,0.812,-0.662,-0.341,0.742,0.656,0.207,-0.45,0.256,0.864,-0.136,-0.722,0.712,0.917,-0.621,0.22,0.095,0.148,0.745,-0.206,0.03,0.675,0.091,0.605,-0.478,0.546,0.667,0.064,0.124,0.807,0.933,0.069,0.627,0.808,-0.756,-0.542,-0.491,-0.732,0.679,0.607,-0.409,-0.642,0.669,-0.111,0.855,0.578,0.156,0.262,0.714,0.395,0.508,0.792,0.759,0.851,-0.161,0.703,0.899,0.862,0.65
000786SZ,0.633,0.842,0.586,-0.068,0.772,0.184,0.654,0.885,0.797,-0.309,0.629,0.236,0.83,0.505,0.442,0.465,0.043,1.0,-0.245,-0.396,0.832,0.045,0.198,0.598,0.589,0.698,-0.205,0.037,0.769,0.672,-0.175,0.633,0.603,0.523,0.575,0.381,-0.46,0.748,0.915,0.239,0.279,0.387,-0.14,0.465,0.621,-0.255,0.492,-0.055,-0.477,-0.381,-0.002,-0.068,-0.193,0.71,0.113,0.133,-0.101,0.398,0.044,-0.241,0.139,0.532,0.744,0.127,-0.073,-0.206,0.452,0.609,-0.159,0.037,-0.304,0.267,0.297,0.189,0.245,-0.064,0.121,0.557,0.464,0.475,0.513,0.611,0.404,0.558,0.302,0.42,0.238,-0.051,0.091,0.031,0.276,0.292,0.097,0.588,0.751,0.567,0.815,0.071,-0.138,0.008,0.383,-0.174,-0.402,0.798,0.108,0.433,0.449,0.215,0.376,0.066,0.612,0.679,0.529,-0.26,-0.145,0.653,0.01,0.65,-0.088,0.718,0.554,-0.368,0.873,0.46,0.553,0.731,0.904,-0.296,-0.025,-0.059,0.718,0.21,0.741,-0.145,0.043,0.188,0.7,-0.176,0.213,-0.25,0.688,0.851,-0.405,0.528,0.56,0.749,-0.21,0.528,0.546,0.5,0.151,0.546,0.343,-0.388,0.164,0.597,0.016,0.219,0.544,0.315,-0.206,0.353,-0.21,0.511,-0.14,0.393,0.704,-0.151,0.587,0.329,-0.313,-0.055,0.305,0.705,0.393,-0.011,-0.521,0.286,0.538,-0.298,0.799,0.507,0.305,-0.33,-0.489,0.422,0.278,0.385,0.107,0.886,-0.199,-0.241,-0.084,0.451,0.515,0.329,-0.08,0.612,0.72,0.494,-0.0,0.854,0.21,0.47,0.66,0.676,-0.526,0.847,0.45,-0.16,0.185,-0.371,-0.328,-0.244,-0.129,-0.133,0.04
000800SZ,0.128,-0.404,-0.553,0.849,-0.424,0.55,0.122,-0.358,-0.145,0.847,-0.083,-0.587,-0.192,0.206,0.36,-0.371,0.825,-0.245,1.0,0.727,-0.365,-0.731,0.558,-0.454,-0.65,-0.036,-0.55,0.8,-0.167,0.161,-0.689,-0.475,-0.642,-0.293,-0.115,0.692,0.584,0.282,-0.209,-0.613,-0.559,0.67,-0.223,-0.007,-0.23,0.847,-0.49,0.233,0.54,0.777,0.707,-0.6,0.763,-0.112,-0.772,0.677,-0.254,0.17,-0.816,0.459,0.835,0.568,-0.534,0.746,-0.637,0.817,-0.522,-0.668,0.863,0.812,0.768,0.74,-0.066,0.568,-0.72,0.854,0.465,-0.126,-0.151,-0.69,-0.417,0.306,0.61,0.096,-0.806,0.269,0.155,0.776,-0.249,-0.797,-0.748,0.634,0.226,0.206,-0.523,0.454,-0.557,0.503,0.893,0.783,-0.508,0.755,0.726,-0.18,-0.671,0.674,0.199,-0.79,0.504,0.634,-0.647,0.148,0.34,0.762,0.883,0.217,-0.598,-0.307,0.788,0.318,-0.574,0.869,-0.167,0.442,-0.569,0.075,-0.177,0.627,-0.806,0.771,-0.356,-0.872,0.29,-0.306,-0.787,0.773,-0.59,0.755,0.07,0.811,0.282,-0.068,0.861,0.315,-0.073,-0.027,-0.633,0.478,0.292,-0.096,-0.65,-0.438,0.4,0.696,-0.26,0.441,0.664,0.019,0.448,0.737,-0.658,-0.319,0.892,0.451,0.233,-0.488,-0.013,0.917,-0.167,-0.831,0.593,0.83,-0.668,0.166,0.146,0.188,0.775,-0.271,-0.248,0.784,-0.123,0.384,-0.42,0.707,0.673,0.083,0.142,0.635,0.825,-0.131,0.735,0.806,-0.511,-0.513,-0.481,-0.716,0.597,0.478,-0.488,-0.668,0.728,-0.238,0.743,0.545,0.064,0.214,0.695,0.111,0.471,0.828,0.726,0.838,0.132,0.784,0.861,0.814,0.743
000807SZ,0.219,-0.296,-0.416,0.656,-0.532,0.272,0.235,-0.486,-0.123,0.792,-0.452,-0.69,-0.233,-0.148,0.028,-0.565,0.521,-0.396,0.727,1.0,-0.435,-0.552,0.727,-0.392,-0.432,-0.121,-0.179,0.771,-0.125,0.185,-0.564,-0.682,-0.567,-0.514,-0.15,0.479,0.753,0.125,-0.336,-0.667,-0.589,0.52,-0.14,-0.476,-0.161,0.727,-0.315,-0.021,0.72,0.754,0.49,-0.396,0.899,-0.254,-0.635,0.324,-0.574,0.039,-0.662,0.056,0.548,0.381,-0.453,0.357,-0.751,0.872,-0.611,-0.554,0.676,0.633,0.792,0.583,-0.242,0.107,-0.727,0.75,0.192,-0.167,-0.577,-0.537,-0.241,0.253,0.407,-0.262,-0.747,0.221,-0.106,0.815,0.311,-0.665,-0.753,0.415,0.399,-0.264,-0.465,0.345,-0.643,0.503,0.674,0.455,-0.185,0.323,0.875,-0.462,-0.418,0.423,0.266,-0.569,0.39,0.702,-0.48,0.156,0.202,0.866,0.865,-0.033,-0.65,-0.109,0.882,0.182,-0.401,0.79,-0.332,0.255,-0.325,0.098,-0.345,0.293,-0.708,0.328,-0.403,-0.67,-0.046,-0.332,-0.635,0.589,-0.655,0.938,0.481,0.602,-0.051,-0.401,0.695,-0.073,0.042,-0.213,-0.286,0.081,0.334,-0.294,-0.457,-0.295,0.543,0.403,-0.211,0.206,0.439,0.143,0.163,0.565,-0.421,-0.131,0.899,0.237,0.197,-0.246,-0.344,0.587,-0.062,-0.681,0.469,0.598,-0.687,-0.028,0.319,-0.11,0.768,-0.607,-0.237,0.921,-0.414,0.133,-0.184,0.927,0.619,-0.002,0.08,0.368,0.633,-0.371,0.903,0.706,-0.391,-0.326,-0.14,-0.559,0.619,0.285,-0.473,-0.501,0.807,-0.214,0.648,0.385,-0.149,0.119,0.548,-0.102,0.193,0.662,0.62,0.734,0.192,0.893,0.751,0.79,0.527
000858SZ,0.612,0.85,0.791,-0.252,0.808,0.175,0.567,0.951,0.831,-0.503,0.727,0.42,0.873,0.42,0.482,0.73,-0.226,0.832,-0.365,-0.435,1.0,0.296,0.02,0.769,0.735,0.48,0.101,-0.206,0.795,0.611,0.121,0.801,0.868,0.73,0.43,0.189,-0.518,0.541,0.928,0.288,0.517,0.118,-0.166,0.484,0.766,-0.536,0.703,0.036,-0.569,-0.614,-0.255,0.214,-0.301,0.697,0.353,0.03,0.046,0.448,0.324,-0.432,-0.179,0.331,0.893,-0.181,0.201,-0.307,0.573,0.827,-0.418,-0.269,-0.521,0.013,0.407,-0.108,0.475,-0.269,0.209,0.706,0.365,0.685,0.503,0.44,0.2,0.346,0.383,0.402,0.002,-0.261,0.247,0.273,0.508,0.097,0.331,0.535,0.837,0.392,0.808,0.069,-0.403,-0.2,0.638,-0.313,-0.449,0.884,0.243,0.217,0.651,0.428,0.421,0.056,0.844,0.682,0.27,-0.408,-0.22,0.453,0.241,0.811,-0.273,0.614,0.754,-0.455,0.893,0.18,0.757,0.67,0.915,-0.479,0.27,-0.332,0.841,0.42,0.609,-0.128,0.344,0.005,0.869,-0.249,0.181,-0.436,0.618,0.857,-0.572,0.319,0.774,0.758,0.166,0.439,0.429,0.353,0.367,0.824,0.294,-0.528,0.142,0.336,-0.396,0.114,0.204,0.08,0.052,0.277,-0.259,0.103,-0.372,0.661,0.416,-0.379,0.623,0.495,-0.464,-0.41,0.47,0.783,0.608,0.068,-0.675,0.4,0.549,-0.356,0.773,0.238,0.454,-0.307,-0.767,0.405,0.176,0.175,-0.144,0.91,-0.291,-0.49,0.244,0.513,0.648,0.489,-0.387,0.463,0.895,0.725,-0.169,0.913,-0.081,0.383,0.543,0.674,-0.746,0.582,0.434,-0.385,0.076,-0.556,-0.205,-0.417,-0.36,-0.397,-0.017
000876SZ,-0.152,0.151,0.566,-0.866,0.362,-0.187,-0.119,0.242,-0.009,-0.84,0.272,0.489,0.146,-0.185,-0.24,0.554,-0.839,0.045,-0.731,-0.552,0.296,1.0,-0.496,0.405,0.635,-0.022,0.504,-0.792,0.25,-0.184,0.821,0.562,0.621,0.476,0.26,-0.678,-0.58,-0.487,0.146,0.79,0.692,-0.72,0.459,0.077,0.385,-0.862,0.701,-0.196,-0.629,-0.814,-0.43,0.817,-0.686,0.296,0.984,-0.664,0.539,-0.332,0.918,-0.17,-0.807,-0.512,0.548,-0.623,0.663,-0.732,0.712,0.684,-0.884,-0.883,-0.762,-0.811,0.139,-0.502,0.921,-0.882,-0.464,0.211,0.237,0.784,0.526,-0.297,-0.729,-0.036,0.856,-0.483,-0.507,-0.734,0.368,0.916,0.793,-0.657,-0.065,-0.358,0.421,-0.506,0.225,-0.613,-0.873,-0.7,0.659,-0.431,-0.645,0.092,0.778,-0.622,-0.131,0.874,-0.409,-0.505,0.679,-0.182,-0.312,-0.769,-0.713,-0.496,0.841,0.307,-0.735,-0.309,0.709,-0.707,0.108,-0.281,0.459,-0.261,0.05,-0.298,0.868,-0.587,0.475,0.814,-0.355,0.33,0.889,-0.832,0.456,-0.656,-0.224,-0.776,-0.266,-0.049,-0.649,-0.281,0.194,-0.073,0.822,-0.451,-0.384,-0.034,0.467,0.542,-0.364,-0.287,0.324,-0.428,-0.698,-0.07,-0.478,-0.82,0.551,0.247,-0.672,-0.55,-0.118,0.39,-0.075,-0.697,0.075,0.645,-0.716,-0.799,0.811,-0.115,-0.1,-0.048,-0.714,0.403,-0.17,-0.688,-0.059,-0.523,0.393,-0.579,-0.646,0.141,0.103,-0.633,-0.821,0.048,-0.683,-0.733,0.779,0.501,0.466,0.773,-0.664,-0.486,0.538,0.766,-0.613,0.168,-0.83,-0.545,0.138,-0.161,-0.61,-0.368,-0.514,-0.748,-0.807,-0.851,0.116,-0.775,-0.881,-0.829,-0.689
000895SZ,0.593,0.186,-0.106,0.602,-0.11,0.346,0.675,0.012,0.299,0.646,-0.163,-0.531,0.198,0.12,0.158,-0.387,0.587,0.198,0.558,0.727,0.02,-0.496,1.0,-0.093,-0.049,0.465,-0.295,0.84,0.32,0.509,-0.688,-0.376,-0.291,-0.234,0.128,0.695,0.459,0.614,0.164,-0.483,-0.545,0.746,-0.135,-0.292,0.147,0.641,-0.058,-0.126,0.489,0.553,0.524,-0.5,0.835,0.187,-0.541,0.342,-0.609,0.127,-0.665,-0.065,0.679,0.741,-0.037,0.485,-0.847,0.721,-0.397,-0.222,0.604,0.672,0.643,0.755,-0.203,0.25,-0.575,0.698,0.125,0.036,-0.316,-0.282,0.185,0.585,0.621,0.153,-0.592,0.425,0.063,0.814,0.321,-0.674,-0.648,0.583,0.395,-0.003,-0.016,0.69,-0.203,0.555,0.624,0.448,0.05,0.155,0.65,-0.096,-0.407,0.683,0.413,-0.418,0.508,0.752,-0.126,0.563,0.636,0.745,0.735,0.328,-0.646,0.291,0.83,0.619,-0.065,0.583,0.161,0.597,0.009,0.473,0.168,0.151,-0.774,0.309,0.024,-0.589,0.347,-0.493,-0.671,0.721,-0.287,0.845,0.647,0.422,0.323,0.03,0.447,0.254,0.273,0.242,-0.505,0.32,0.668,0.008,-0.404,-0.05,0.738,0.197,-0.133,0.558,0.529,0.284,0.522,0.748,-0.564,0.103,0.729,0.58,0.246,-0.093,0.134,0.506,0.235,-0.503,0.272,0.631,-0.474,0.301,0.453,-0.192,0.501,-0.442,-0.008,0.752,-0.019,0.478,-0.096,0.718,0.384,0.196,0.226,0.596,0.729,0.114,0.811,0.592,-0.552,-0.044,0.179,-0.358,0.645,0.657,-0.05,-0.229,0.887,0.297,0.834,0.587,0.3,0.495,0.327,0.404,0.343,0.608,0.686,0.53,-0.126,0.778,0.715,0.782,0.421
000938SZ,0.313,0.703,0.841,-0.338,0.507,0.079,0.349,0.664,0.609,-0.534,0.489,0.43,0.652,0.338,0.219,0.594,-0.422,0.598,-0.454,-0.392,0.769,0.405,-0.093,1.0,0.756,0.22,0.399,-0.359,0.612,0.342,0.321,0.633,0.797,0.497,0.278,-0.132,-0.471,0.327,0.636,0.175,0.442,-0.146,-0.233,0.202,0.621,-0.576,0.651,-0.064,-0.486,-0.6,-0.393,0.342,-0.311,0.455,0.431,-0.166,0.025,0.297,0.457,-0.46,-0.39,0.039,0.734,-0.391,0.322,-0.369,0.497,0.74,-0.536,-0.447,-0.569,-0.222,0.284,-0.309,0.457,-0.361,0.051,0.466,0.204,0.6,0.401,0.199,-0.12,0.053,0.378,0.161,-0.1,-0.425,0.387,0.37,0.546,-0.19,0.201,0.201,0.804,0.013,0.746,0.001,-0.516,-0.454,0.663,-0.506,-0.415,0.575,0.299,-0.061,0.427,0.538,0.24,-0.064,0.791,0.426,-0.067,-0.501,-0.333,0.169,0.317,0.666,-0.349,0.27,0.687,-0.516,0.584,-0.066,0.756,0.509,0.601,-0.513,0.441,-0.534,0.742,0.517,0.188,0.043,0.49,-0.273,0.673,-0.313,0.233,-0.56,0.293,0.532,-0.574,0.059,0.625,0.574,0.357,0.122,0.12,0.062,0.503,0.771,0.129,-0.523,-0.031,-0.045,-0.596,-0.094,-0.103,-0.106,0.316,0.143,-0.355,-0.171,-0.498,0.764,0.113,-0.511,0.347,0.629,-0.416,-0.572,0.566,0.498,0.495,-0.055,-0.646,0.296,0.499,-0.4,0.488,-0.124,0.307,-0.317,-0.697,0.146,0.079,-0.09,-0.344,0.583,-0.355,-0.535,0.328,0.402,0.627,0.419,-0.548,0.178,0.715,0.647,-0.227,0.708,-0.284,0.069,0.281,0.458,-0.696,0.27,0.093,-0.552,-0.132,-0.568,-0.185,-0.446,-0.46,-0.52,-0.251
000963SZ,0.32,0.724,0.839,-0.547,0.566,-0.04,0.455,0.699,0.635,-0.647,0.34,0.411,0.67,0.162,0.029,0.515,-0.579,0.589,-0.65,-0.432,0.735,0.635,-0.049,0.756,1.0,0.334,0.444,-0.39,0.675,0.377,0.485,0.679,0.821,0.463,0.412,-0.236,-0.464,0.224,0.636,0.492,0.487,-0.222,0.094,0.078,0.658,-0.706,0.779,-0.148,-0.502,-0.68,-0.391,0.495,-0.371,0.531,0.645,-0.432,0.037,0.137,0.62,-0.449,-0.504,-0.055,0.843,-0.484,0.316,-0.462,0.653,0.837,-0.659,-0.539,-0.578,-0.305,0.265,-0.424,0.606,-0.513,-0.198,0.416,0.206,0.771,0.718,0.156,-0.286,0.006,0.58,-0.024,-0.229,-0.421,0.491,0.563,0.607,-0.252,0.097,0.033,0.853,-0.027,0.665,-0.164,-0.679,-0.531,0.824,-0.602,-0.442,0.479,0.606,-0.202,0.287,0.762,0.071,-0.139,0.897,0.409,0.047,-0.51,-0.439,0.059,0.433,0.724,-0.39,0.236,0.826,-0.597,0.561,-0.008,0.814,0.359,0.557,-0.579,0.525,-0.665,0.711,0.682,0.114,0.142,0.609,-0.404,0.666,-0.342,0.279,-0.756,0.189,0.399,-0.682,-0.075,0.582,0.429,0.485,-0.054,0.085,0.02,0.519,0.733,0.022,-0.616,0.089,-0.086,-0.589,-0.03,-0.166,-0.293,0.356,0.259,-0.474,-0.186,-0.197,0.721,0.117,-0.679,0.348,0.675,-0.609,-0.638,0.635,0.341,0.341,-0.101,-0.749,0.223,0.361,-0.469,0.377,-0.225,0.387,-0.396,-0.669,0.218,0.179,-0.264,-0.485,0.534,-0.39,-0.623,0.45,0.516,0.781,0.573,-0.558,0.106,0.772,0.79,-0.246,0.707,-0.335,-0.045,0.372,0.41,-0.733,0.243,-0.056,-0.593,-0.318,-0.713,-0.191,-0.505,-0.593,-0.554,-0.445
000999SZ,0.585,0.547,0.283,0.016,0.444,0.266,0.687,0.551,0.524,-0.085,0.449,-0.081,0.527,0.32,0.231,0.23,0.165,0.698,-0.036,-0.121,0.48,-0.022,0.465,0.22,0.334,1.0,-0.465,0.24,0.55,0.525,-0.364,0.268,0.272,0.322,0.384,0.43,-0.377,0.561,0.628,0.254,0.05,0.455,-0.005,0.311,0.401,0.057,0.361,-0.187,-0.298,-0.203,0.308,-0.243,0.03,0.67,0.027,0.035,-0.048,0.083,-0.165,-0.035,0.34,0.607,0.486,0.347,-0.312,-0.057,0.314,0.355,0.007,0.18,-0.124,0.337,0.053,0.363,0.143,0.053,-0.079,0.354,0.349,0.331,0.557,0.585,0.423,0.706,0.105,0.283,0.1,0.204,0.085,-0.166,-0.007,0.398,0.161,0.287,0.407,0.617,0.375,0.053,0.083,0.186,0.288,-0.003,-0.228,0.429,-0.077,0.522,0.363,0.124,0.264,0.197,0.39,0.524,0.811,-0.052,0.011,0.355,-0.073,0.544,0.151,0.651,0.439,-0.118,0.655,0.635,0.226,0.556,0.637,-0.002,-0.278,0.17,0.566,-0.057,0.579,-0.425,-0.189,0.271,0.4,0.057,0.218,-0.062,0.563,0.529,-0.182,0.631,0.428,0.543,-0.34,0.355,0.597,0.384,-0.225,0.349,0.339,-0.106,0.217,0.64,0.303,0.322,0.664,0.39,-0.432,0.44,-0.008,0.61,0.236,0.022,0.733,0.093,0.454,-0.026,-0.333,0.222,0.121,0.473,0.325,-0.156,-0.236,0.253,0.1,-0.022,0.546,0.639,0.183,-0.05,-0.233,0.522,0.33,0.457,0.25,0.615,0.066,-0.049,-0.273,0.418,0.339,0.231,0.247,0.579,0.524,0.299,0.264,0.597,0.367,0.36,0.628,0.57,-0.249,0.642,0.282,0.193,0.22,-0.193,-0.312,-0.001,0.054,0.115,0.064
001965SZ,-0.176,0.116,0.439,-0.402,-0.005,-0.348,-0.289,-0.025,-0.035,-0.332,-0.317,0.514,-0.06,-0.31,-0.384,0.059,-0.601,-0.205,-0.55,-0.179,0.101,0.504,-0.295,0.399,0.444,-0.465,1.0,-0.511,-0.075,-0.303,0.657,0.096,0.335,0.017,-0.299,-0.647,0.036,-0.297,-0.175,0.061,0.174,-0.663,0.004,-0.479,-0.019,-0.543,0.176,0.081,0.088,-0.267,-0.795,0.547,-0.237,-0.352,0.484,-0.528,0.038,-0.133,0.65,-0.594,-0.748,-0.643,0.173,-0.793,0.506,-0.301,0.03,0.252,-0.569,-0.613,-0.307,-0.562,0.104,-0.821,0.309,-0.514,-0.331,-0.197,-0.418,0.225,0.046,-0.496,-0.56,-0.702,0.303,-0.062,-0.07,-0.464,0.388,0.595,0.469,-0.619,0.101,-0.408,0.357,-0.553,0.172,0.069,-0.573,-0.712,0.368,-0.685,-0.091,-0.183,0.484,-0.712,-0.081,0.477,-0.221,-0.276,0.327,-0.152,-0.653,-0.289,-0.385,-0.255,0.36,0.151,-0.45,-0.492,0.202,-0.345,-0.267,-0.718,0.613,-0.222,-0.17,-0.583,0.651,-0.81,0.036,0.63,-0.584,0.322,0.629,-0.587,0.196,-0.256,0.155,-0.528,-0.572,-0.305,-0.482,-0.709,-0.003,-0.013,0.625,-0.439,-0.365,-0.148,0.811,0.273,-0.182,-0.558,0.007,-0.689,-0.696,-0.106,-0.789,-0.566,0.858,0.007,-0.383,-0.734,-0.327,0.647,-0.649,-0.736,-0.029,0.702,-0.084,-0.707,0.376,-0.281,0.004,0.075,-0.306,-0.152,0.294,-0.265,-0.338,-0.618,0.214,-0.147,-0.385,-0.474,-0.488,-0.612,-0.587,-0.22,-0.232,-0.487,0.488,0.21,0.439,0.356,-0.473,-0.542,0.097,0.29,-0.423,-0.035,-0.575,-0.497,-0.475,-0.291,-0.362,-0.436,-0.494,-0.637,-0.507,-0.325,-0.1,-0.335,-0.489,-0.474,-0.593
