,000001SZ,000002SZ,000157SZ,000166SZ,000333SZ,000338SZ,000538SZ,000568SZ,000596SZ,000617SZ,000625SZ,000651SZ,000661SZ,000708SZ,000725SZ,000768SZ,000776SZ,000786SZ,000800SZ,000807SZ,000858SZ,000876SZ,000895SZ,000938SZ,000963SZ,000999SZ,001965SZ,002001SZ,002007SZ,002027SZ,002028SZ,002050SZ,002129SZ,002179SZ,002230SZ,002236SZ,002241SZ,002271SZ,002304SZ,002311SZ,002371SZ,002415SZ,002422SZ,002459SZ,002460SZ,002463SZ,002466SZ,002475SZ,002493SZ,002555SZ,002594SZ,002601SZ,002648SZ,002709SZ,002714SZ,002916SZ,002920SZ,002938SZ,003816SZ,300014SZ,300033SZ,300059SZ,300122SZ,300124SZ,300274SZ,300308SZ,300316SZ,300347SZ,300394SZ,300408SZ,300413SZ,300418SZ,300433SZ,300450SZ,300498SZ,300502SZ,300628SZ,300661SZ,300750SZ,300759SZ,300760SZ,300782SZ,600000SS,600010SS,600011SS,600015SS,600016SS,600018SS,600019SS,600023SS,600025SS,600026SS,600028SS,600029SS,600031SS,600036SS,600048SS,600050SS,600061SS,600085SS,600089SS,600104SS,600111SS,600115SS,600161SS,600183SS,600188SS,600196SS,600219SS,600233SS,600276SS,600309SS,600332SS,600346SS,600362SS,600377SS,600406SS,600415SS,600426SS,600436SS,600438SS,600489SS,600519SS,600570SS,600585SS,600588SS,600600SS,600660SS,600674SS,600741SS,600760SS,600795SS,600809SS,600875SS,600886SS,600887SS,600926SS,600989SS,601006SS,601009SS,601012SS,601021SS,601058SS,601066SS,601088SS,601100SS,601117SS,601138SS,601166SS,601169SS,601186SS,601225SS,601229SS,601238SS,601288SS,601318SS,601319SS,601328SS,601336SS,601360SS,601390SS,601398SS,601600SS,601601SS,601607SS,601618SS,601628SS,601633SS,601658SS,601668SS,601669SS,601688SS,601689SS,601698SS,601699SS,601766SS,601788SS,601799SS,601800SS,601808SS,601816SS,601818SS,601838SS,601857SS,601865SS,601872SS,601877SS,601878SS,601881SS,601888SS,601899SS,601901SS,601919SS,601939SS,601985SS,601988SS,601998SS,603019SS,603195SS,603259SS,603260SS,603288SS,603369SS,603501SS,603659SS,603799SS,603806SS,603833SS,603986SS,603993SS,688008SS,688009SS,688012SS,688036SS,688111SS,688169SS,688396SS
000001SZ,1.0,0.97,0.661,0.588,0.145,-0.226,0.134,-0.319,-0.493,0.775,-0.349,0.796,-0.743,0.927,-0.265,-0.645,0.503,0.943,0.821,-0.224,-0.202,0.566,0.778,-0.588,-0.22,0.639,0.833,-0.038,-0.81,-0.236,-0.822,-0.121,-0.833,-0.564,-0.544,-0.301,-0.612,0.835,-0.302,-0.569,-0.812,-0.614,0.234,-0.823,-0.422,-0.619,-0.638,-0.785,-0.022,0.788,0.434,0.445,-0.3,-0.711,0.467,-0.737,-0.655,-0.621,0.329,-0.302,-0.083,0.596,0.184,0.086,-0.865,-0.737,-0.621,0.652,-0.734,-0.682,0.375,0.351,-0.683,-0.654,0.632,-0.599,0.208,-0.737,-0.209,0.534,0.199,-0.765,0.929,0.165,-0.762,0.963,0.782,0.804,0.949,0.738,0.842,0.731,0.873,0.503,0.693,0.793,0.864,0.53,0.411,0.56,-0.537,-0.551,-0.677,-0.592,-0.731,-0.619,0.616,0.324,-0.186,-0.621,-0.603,0.903,0.6,0.356,0.32,0.761,-0.578,0.852,0.871,-0.041,-0.776,0.619,0.79,-0.694,0.947,-0.804,-0.62,-0.678,0.567,-0.594,-0.546,0.665,-0.574,-0.702,0.418,0.278,0.941,0.24,0.89,0.983,-0.845,-0.363,-0.237,-0.495,0.819,-0.497,0.863,0.083,0.914,0.954,0.9,0.839,0.912,0.459,0.92,0.809,0.919,0.921,0.941,-0.437,0.89,0.887,-0.267,0.441,0.045,0.438,0.856,-0.66,0.969,0.949,0.716,0.606,-0.565,-0.442,0.324,0.761,0.052,-0.744,0.852,0.091,0.668,0.956,0.938,0.778,-0.843,0.829,-0.757,-0.312,0.798,-0.223,0.78,0.771,-0.253,0.873,0.536,0.936,0.823,-0.745,-0.102,0.261,-0.837,-0.502,-0.438,-0.706,0.236,-0.42,-0.79,0.538,-0.789,0.534,-0.875,0.563,-0.589,-0.774,-0.613,0.443,-0.691
000002SZ,0.97,1.0,0.611,0.615,0.115,-0.284,0.143,-0.37,-0.552,0.775,-0.362,0.78,-0.777,0.925,-0.257,-0.635,0.506,0.96,0.85,-0.239,-0.254,0.598,0.837,-0.617,-0.232,0.716,0.872,-0.083,-0.856,-0.239,-0.864,-0.159,-0.849,-0.597,-0.573,-0.332,-0.661,0.865,-0.354,-0.586,-0.838,-0.635,0.244,-0.863,-0.454,-0.653,-0.673,-0.822,-0.048,0.811,0.365,0.402,-0.377,-0.73,0.508,-0.774,-0.657,-0.677,0.317,-0.303,-0.063,0.608,0.197,0.059,-0.879,-0.775,-0.649,0.686,-0.723,-0.734,0.387,0.393,-0.711,-0.67,0.64,-0.607,0.262,-0.761,-0.209,0.568,0.197,-0.796,0.935,0.079,-0.796,0.978,0.794,0.794,0.929,0.661,0.795,0.79,0.915,0.459,0.672,0.793,0.884,0.524,0.423,0.619,-0.507,-0.596,-0.731,-0.637,-0.751,-0.672,0.633,0.339,-0.225,-0.544,-0.608,0.918,0.626,0.35,0.302,0.737,-0.595,0.855,0.865,-0.005,-0.762,0.595,0.795,-0.722,0.969,-0.821,-0.645,-0.664,0.485,-0.615,-0.574,0.65,-0.604,-0.727,0.337,0.294,0.942,0.201,0.916,0.969,-0.877,-0.421,-0.255,-0.499,0.845,-0.541,0.864,0.03,0.913,0.967,0.885,0.865,0.911,0.438,0.946,0.81,0.928,0.948,0.943,-0.454,0.876,0.925,-0.315,0.384,0.028,0.358,0.886,-0.682,0.976,0.943,0.699,0.622,-0.567,-0.495,0.301,0.671,0.063,-0.79,0.847,0.07,0.651,0.963,0.934,0.784,-0.853,0.888,-0.797,-0.327,0.783,-0.209,0.766,0.809,-0.248,0.905,0.553,0.961,0.891,-0.772,-0.133,0.261,-0.882,-0.523,-0.478,-0.74,0.251,-0.447,-0.779,0.47,-0.829,0.491,-0.892,0.468,-0.615,-0.799,-0.641,0.451,-0.728
000157SZ,0.661,0.611,1.0,0.595,0.254,-0.279,-0.2,0.042,-0.201,0.465,-0.456,0.787,-0.461,0.658,-0.333,-0.699,0.394,0.706,0.399,-0.545,0.231,-0.048,0.357,-0.467,-0.333,0.061,0.573,0.425,-0.586,-0.156,-0.559,-0.34,-0.362,-0.278,-0.499,-0.351,-0.454,0.736,0.065,-0.206,-0.488,-0.39,-0.097,-0.407,-0.512,-0.598,-0.635,-0.52,0.563,0.349,0.324,0.58,0.001,-0.488,0.001,-0.366,-0.589,-0.316,0.533,-0.293,0.011,0.512,0.112,-0.021,-0.504,-0.41,-0.581,0.077,-0.557,-0.388,-0.108,-0.144,-0.46,-0.484,0.129,-0.611,0.22,-0.61,-0.301,-0.037,0.544,-0.519,0.654,0.185,-0.411,0.617,0.231,0.792,0.741,0.717,0.837,0.463,0.408,0.694,0.942,0.395,0.436,0.277,0.486,-0.026,-0.438,-0.264,-0.466,-0.149,-0.621,-0.43,0.087,-0.138,-0.433,-0.501,-0.599,0.779,0.043,0.788,0.081,0.647,-0.467,0.664,0.729,-0.265,-0.583,0.514,0.647,-0.572,0.648,-0.482,-0.238,-0.616,0.801,-0.513,-0.698,0.73,-0.213,-0.52,0.678,0.476,0.683,0.619,0.529,0.655,-0.527,-0.041,-0.203,-0.024,0.42,0.051,0.515,-0.061,0.723,0.622,0.808,0.447,0.674,0.645,0.49,0.35,0.592,0.523,0.656,-0.488,0.784,0.445,-0.386,0.418,-0.367,0.701,0.683,-0.552,0.655,0.682,0.924,0.537,-0.515,-0.449,-0.028,0.661,0.406,-0.432,0.676,-0.268,0.716,0.609,0.656,0.323,-0.43,0.498,-0.521,0.066,0.811,0.069,0.368,0.667,-0.295,0.362,0.499,0.515,0.367,-0.379,0.271,-0.173,-0.519,-0.198,-0.132,-0.475,0.161,-0.472,-0.568,0.6,-0.504,0.169,-0.564,0.545,-0.249,-0.531,-0.332,-0.052,-0.522
000166SZ,0.588,0.615,0.595,1.0,0.457,-0.279,0.033,0.0,-0.283,0.675,-0.187,0.757,-0.288,0.636,0.111,-0.403,0.722,0.688,0.689,-0.393,0.246,0.177,0.556,-0.256,0.011,0.382,0.816,0.215,-0.581,0.229,-0.536,-0.087,-0.315,-0.116,-0.29,-0.047,-0.483,0.784,0.054,-0.219,-0.367,-0.183,0.16,-0.398,-0.223,-0.482,-0.353,-0.475,0.358,0.41,0.215,0.187,-0.383,-0.319,0.19,-0.284,-0.297,-0.322,0.639,-0.019,0.497,0.769,0.151,0.2,-0.39,-0.462,-0.413,0.303,-0.336,-0.37,0.181,0.256,-0.272,-0.298,0.176,-0.431,0.407,-0.586,0.035,0.199,0.416,-0.451,0.733,0.338,-0.348,0.65,0.32,0.682,0.607,0.568,0.665,0.583,0.521,0.597,0.573,0.481,0.437,0.585,0.805,0.3,0.068,-0.116,-0.358,-0.144,-0.412,-0.406,0.059,0.122,-0.332,0.015,-0.246,0.708,0.23,0.458,0.091,0.739,-0.378,0.754,0.538,0.122,-0.272,0.205,0.742,-0.431,0.66,-0.258,-0.028,-0.224,0.562,-0.395,-0.597,0.749,-0.056,-0.412,0.493,0.76,0.682,0.155,0.658,0.558,-0.472,0.086,-0.028,0.254,0.362,-0.222,0.386,-0.116,0.702,0.674,0.578,0.388,0.73,0.471,0.552,0.388,0.707,0.579,0.707,-0.198,0.555,0.552,-0.315,0.473,-0.288,0.277,0.769,-0.338,0.624,0.518,0.567,0.858,-0.167,-0.293,-0.182,0.454,0.713,-0.376,0.463,-0.198,0.743,0.647,0.687,0.316,-0.282,0.645,-0.455,0.335,0.781,0.352,0.247,0.836,0.06,0.47,0.76,0.568,0.58,-0.196,0.296,-0.016,-0.532,-0.097,-0.026,-0.375,0.397,-0.222,-0.254,0.326,-0.435,0.07,-0.49,0.526,-0.115,-0.383,-0.147,-0.001,-0.409
000333SZ,0.145,0.115,0.254,0.457,1.0,0.38,0.304,0.754,0.609,0.355,0.441,0.468,0.364,0.071,0.529,0.109,0.714,0.258,0.253,0.066,0.791,-0.069,-0.092,0.497,0.458,-0.131,0.069,0.444,0.183,0.804,0.248,0.471,0.28,0.314,0.448,0.561,0.395,0.383,0.778,0.221,0.349,0.569,0.486,0.238,0.427,0.212,0.296,0.346,0.426,0.223,0.676,0.281,0.285,0.46,0.162,0.475,0.357,0.505,0.34,0.668,0.736,0.663,0.291,0.779,0.237,0.321,0.343,-0.012,0.282,0.439,0.296,0.366,0.474,0.471,-0.003,0.182,0.253,-0.045,0.663,-0.183,0.49,0.352,0.125,0.717,0.396,0.043,-0.117,0.234,0.178,0.361,0.205,-0.272,-0.123,0.621,0.311,0.372,0.117,0.403,0.793,-0.029,0.462,0.568,0.455,0.611,0.256,0.336,-0.298,0.319,0.243,0.37,0.408,0.239,0.134,0.176,0.107,0.242,0.106,0.2,0.135,0.463,0.267,-0.296,0.539,0.286,0.104,0.38,0.589,0.296,0.488,0.387,-0.093,0.435,0.655,0.302,0.588,0.763,0.162,-0.181,-0.032,0.073,0.281,0.676,0.608,0.641,-0.316,0.492,-0.079,0.383,0.263,0.048,-0.016,-0.223,0.227,0.557,-0.101,0.201,0.266,-0.046,0.236,0.442,-0.043,-0.162,0.311,0.688,0.175,0.329,0.414,0.387,0.069,-0.102,0.14,0.61,0.48,0.435,0.025,0.382,0.654,0.443,-0.169,0.087,0.47,0.08,0.275,-0.194,0.211,-0.143,0.318,0.774,0.389,0.761,-0.062,0.449,0.631,-0.14,0.445,-0.068,-0.139,0.468,0.798,0.066,0.245,0.675,0.758,0.454,0.52,0.453,0.251,0.639,0.349,0.115,0.212,0.509,0.58,0.301,0.561,-0.083,0.4
000338SZ,-0.226,-0.284,-0.279,-0.279,0.38,1.0,0.72,0.474,0.665,0.028,0.858,-0.264,0.474,-0.446,0.749,0.713,0.276,-0.277,-0.075,0.796,0.193,0.276,-0.222,0.781,0.717,-0.051,-0.371,-0.092,0.658,0.619,0.659,0.799,0.425,0.197,0.796,0.799,0.787,-0.296,0.493,0.351,0.55,0.66,0.601,0.458,0.708,0.803,0.663,0.661,-0.235,0.118,0.521,0.254,0.608,0.661,0.401,0.507,0.685,0.649,-0.069,0.737,0.405,0.061,0.232,0.702,0.439,0.72,0.802,0.165,0.574,0.717,0.603,0.416,0.694,0.706,0.246,0.825,0.124,0.657,0.712,0.105,-0.14,0.695,-0.383,0.597,0.624,-0.359,0.008,-0.537,-0.289,0.06,-0.388,-0.638,-0.281,-0.077,-0.283,0.203,0.063,0.226,0.111,0.183,0.476,0.593,0.721,0.427,0.659,0.829,0.097,0.526,0.874,0.285,0.72,-0.429,0.339,-0.489,0.466,-0.26,0.49,-0.442,-0.199,0.671,0.539,-0.185,-0.047,0.782,-0.346,0.526,0.332,0.619,-0.065,0.834,0.711,-0.167,0.428,0.814,0.002,-0.028,-0.389,-0.163,-0.323,-0.291,0.596,0.381,0.687,0.212,-0.346,0.534,-0.087,0.89,-0.398,-0.408,-0.501,-0.288,-0.38,0.265,-0.307,0.205,-0.108,-0.313,-0.195,0.832,-0.507,-0.428,0.832,0.397,0.72,0.276,-0.23,0.783,-0.346,-0.395,-0.407,0.054,0.712,0.812,0.525,0.166,-0.116,0.62,-0.34,0.68,-0.302,-0.317,-0.277,-0.04,0.298,-0.537,0.693,0.275,-0.26,0.172,0.069,-0.325,0.711,-0.214,-0.065,-0.332,-0.364,0.437,0.232,0.535,0.603,0.563,0.521,0.695,0.431,0.768,0.443,0.209,0.64,0.433,0.576,0.216,0.511,0.633,0.484,0.39,0.733
000538SZ,0.134,0.143,-0.2,0.033,0.304,0.72,1.0,0.163,0.262,0.318,0.711,-0.043,0.083,-0.044,0.707,0.537,0.497,0.135,0.365,0.788,-0.09,0.7,0.313,0.448,0.739,0.462,0.07,-0.345,0.235,0.516,0.215,0.725,0.059,-0.186,0.533,0.607,0.406,0.079,0.186,0.112,0.149,0.299,0.834,-0.027,0.467,0.464,0.355,0.239,-0.382,0.503,0.509,0.269,0.253,0.32,0.794,0.103,0.413,0.27,-0.004,0.635,0.376,0.335,0.523,0.687,0.006,0.277,0.529,0.606,0.247,0.244,0.836,0.674,0.346,0.421,0.638,0.57,0.43,0.344,0.656,0.563,-0.088,0.3,0.044,0.523,0.167,0.084,0.436,-0.332,0.068,0.127,-0.168,-0.168,0.228,-0.012,-0.102,0.583,0.466,0.467,0.302,0.653,0.301,0.234,0.332,0.055,0.345,0.463,0.495,0.813,0.809,0.2,0.507,-0.087,0.79,-0.416,0.651,-0.034,0.182,-0.034,0.12,0.822,0.227,0.104,0.252,0.474,0.12,0.131,-0.053,0.403,-0.063,0.568,0.488,-0.01,0.088,0.443,-0.069,0.075,-0.028,-0.273,0.175,0.09,0.164,0.053,0.491,-0.044,0.105,0.13,0.304,0.79,-0.018,0.04,-0.181,0.174,-0.024,0.371,0.167,0.61,0.313,0.186,0.227,0.644,-0.187,0.072,0.723,0.475,0.862,0.247,0.177,0.454,0.063,-0.019,-0.217,0.356,0.469,0.533,0.659,0.281,-0.137,0.206,0.044,0.779,-0.052,0.12,0.091,0.378,-0.088,-0.043,0.25,0.063,-0.018,0.06,0.428,-0.005,0.568,0.297,0.192,0.148,0.174,0.012,0.048,0.772,0.13,0.271,0.191,0.318,0.54,0.559,0.164,0.171,0.217,0.668,0.182,0.25,0.151,0.25,0.179,0.721,0.36
000568SZ,-0.319,-0.37,0.042,0.0,0.754,0.474,0.163,1.0,0.901,-0.153,0.421,0.101,0.645,-0.403,0.434,0.261,0.283,-0.194,-0.275,0.182,0.913,-0.412,-0.503,0.641,0.495,-0.587,-0.421,0.495,0.544,0.687,0.62,0.302,0.701,0.37,0.555,0.515,0.628,-0.078,0.974,0.683,0.636,0.737,0.195,0.603,0.438,0.408,0.432,0.671,0.423,-0.19,0.513,0.064,0.675,0.687,-0.1,0.794,0.479,0.748,0.073,0.656,0.514,0.281,0.233,0.605,0.556,0.678,0.53,-0.4,0.445,0.742,-0.049,-0.048,0.647,0.655,-0.255,0.356,0.151,0.258,0.556,-0.493,0.55,0.64,-0.359,0.487,0.7,-0.444,-0.553,-0.137,-0.223,0.058,-0.144,-0.65,-0.596,0.464,0.087,-0.064,-0.288,0.008,0.439,-0.451,0.448,0.675,0.687,0.89,0.464,0.64,-0.553,0.035,0.286,0.446,0.522,-0.193,-0.231,0.144,0.036,-0.151,0.322,-0.18,-0.164,0.384,0.459,-0.369,0.164,0.514,-0.381,0.635,0.835,0.377,0.265,0.606,0.083,0.043,0.899,0.604,0.444,0.542,-0.277,-0.149,-0.473,-0.341,0.644,0.868,0.609,0.757,-0.626,0.791,-0.373,0.389,-0.191,-0.441,-0.345,-0.528,-0.26,0.406,-0.563,-0.198,-0.204,-0.486,-0.233,0.471,-0.339,-0.638,0.479,0.425,0.131,0.245,-0.041,0.574,-0.382,-0.487,-0.084,0.147,0.534,0.517,0.051,0.035,0.521,0.749,-0.462,0.046,0.18,-0.398,-0.167,-0.543,0.49,-0.584,0.609,0.795,0.024,0.808,-0.292,-0.029,0.59,-0.592,0.036,-0.517,-0.635,0.683,0.841,-0.126,0.628,0.846,0.93,0.704,0.248,0.492,0.415,0.484,0.65,-0.031,0.559,0.213,0.689,0.538,0.712,-0.352,0.616
000596SZ,-0.493,-0.552,-0.201,-0.283,0.609,0.665,0.262,0.901,1.0,-0.259,0.634,-0.163,0.79,-0.574,0.561,0.514,0.113,-0.423,-0.387,0.388,0.748,-0.341,-0.618,0.826,0.601,-0.582,-0.631,0.367,0.766,0.686,0.826,0.478,0.759,0.485,0.736,0.695,0.83,-0.337,0.898,0.673,0.772,0.863,0.27,0.741,0.631,0.688,0.647,0.864,0.181,-0.291,0.389,0.043,0.726,0.812,-0.086,0.875,0.676,0.865,-0.053,0.706,0.46,0.017,0.11,0.595,0.71,0.87,0.746,-0.391,0.671,0.908,0.017,0.037,0.82,0.801,-0.274,0.612,0.01,0.51,0.621,-0.458,0.295,0.829,-0.558,0.477,0.817,-0.621,-0.55,-0.422,-0.434,-0.092,-0.381,-0.84,-0.711,0.137,-0.179,-0.191,-0.366,-0.053,0.175,-0.407,0.525,0.797,0.851,0.875,0.714,0.816,-0.52,0.093,0.503,0.505,0.724,-0.449,-0.205,-0.178,0.055,-0.339,0.592,-0.481,-0.399,0.422,0.606,-0.441,-0.112,0.736,-0.572,0.758,0.817,0.586,0.078,0.782,0.398,-0.146,0.878,0.802,0.253,0.261,-0.504,-0.165,-0.649,-0.538,0.801,0.765,0.728,0.653,-0.747,0.851,-0.508,0.523,-0.455,-0.631,-0.59,-0.675,-0.462,0.207,-0.694,-0.263,-0.42,-0.663,-0.419,0.685,-0.582,-0.774,0.615,0.333,0.309,0.177,-0.284,0.773,-0.589,-0.658,-0.331,-0.085,0.675,0.733,0.12,-0.046,0.265,0.876,-0.646,0.221,-0.14,-0.569,-0.422,-0.57,0.591,-0.77,0.82,0.662,-0.282,0.63,-0.392,-0.299,0.629,-0.686,-0.198,-0.676,-0.749,0.779,0.717,-0.04,0.819,0.884,0.932,0.843,0.149,0.632,0.565,0.348,0.818,-0.035,0.75,0.131,0.77,0.757,0.812,-0.208,0.807
000617SZ,0.775,0.775,0.465,0.675,0.355,0.028,0.318,-0.153,-0.259,1.0,0.048,0.751,-0.405,0.767,0.192,-0.283,0.624,0.761,0.866,-0.017,-0.058,0.582,0.732,-0.209,0.138,0.629,0.767,0.122,-0.527,0.11,-0.528,0.207,-0.571,-0.262,-0.203,0.098,-0.381,0.731,-0.081,-0.407,-0.527,-0.244,0.388,-0.541,-0.092,-0.238,-0.319,-0.489,-0.08,0.699,0.341,0.424,-0.255,-0.391,0.552,-0.468,-0.289,-0.386,0.582,-0.031,0.2,0.539,0.044,0.335,-0.551,-0.431,-0.302,0.56,-0.321,-0.383,0.516,0.625,-0.304,-0.349,0.531,-0.261,0.283,-0.474,0.038,0.405,0.075,-0.459,0.835,0.484,-0.441,0.81,0.732,0.612,0.76,0.784,0.675,0.558,0.734,0.35,0.463,0.691,0.78,0.799,0.529,0.592,-0.071,-0.136,-0.368,-0.366,-0.324,-0.315,0.456,0.469,0.09,-0.181,-0.205,0.716,0.598,0.106,0.405,0.856,-0.229,0.698,0.646,0.178,-0.371,0.412,0.714,-0.375,0.79,-0.45,-0.327,-0.267,0.605,-0.272,-0.359,0.777,-0.306,-0.362,0.479,0.424,0.755,0.196,0.782,0.742,-0.557,-0.147,0.025,-0.194,0.567,-0.336,0.631,0.271,0.753,0.794,0.617,0.583,0.825,0.454,0.759,0.715,0.832,0.735,0.846,0.011,0.595,0.719,-0.024,0.635,0.135,0.449,0.786,-0.287,0.774,0.669,0.509,0.671,-0.206,-0.061,0.32,0.74,0.244,-0.494,0.593,0.294,0.644,0.848,0.722,0.697,-0.584,0.691,-0.441,-0.037,0.661,-0.001,0.536,0.771,0.191,0.733,0.625,0.74,0.726,-0.402,0.13,0.186,-0.551,-0.253,-0.146,-0.415,0.349,-0.142,-0.451,0.512,-0.512,0.412,-0.575,0.772,-0.276,-0.395,-0.372,0.396,-0.378
000625SZ,-0.349,-0.362,-0.456,-0.187,0.441,0.858,0.711,0.421,0.634,0.048,1.0,-0.342,0.619,-0.455,0.908,0.863,0.331,-0.358,-0.013,0.745,0.198,0.238,-0.236,0.874,0.759,0.025,-0.364,-0.058,0.694,0.766,0.698,0.905,0.494,0.431,0.927,0.888,0.805,-0.279,0.459,0.229,0.68,0.795,0.686,0.544,0.88,0.884,0.831,0.74,-0.226,0.02,0.314,0.169,0.341,0.784,0.351,0.58,0.879,0.7,0.004,0.854,0.577,0.046,0.151,0.769,0.597,0.729,0.907,0.123,0.777,0.731,0.568,0.513,0.839,0.834,0.075,0.893,0.112,0.694,0.847,0.037,-0.261,0.775,-0.406,0.65,0.684,-0.409,-0.052,-0.602,-0.404,-0.099,-0.504,-0.623,-0.307,-0.243,-0.431,0.122,-0.043,0.268,0.161,0.229,0.746,0.758,0.815,0.479,0.83,0.776,-0.045,0.587,0.85,0.576,0.895,-0.493,0.314,-0.624,0.311,-0.305,0.628,-0.512,-0.401,0.72,0.739,-0.456,-0.138,0.868,-0.371,0.669,0.43,0.833,-0.151,0.862,0.719,-0.157,0.519,0.804,-0.092,0.042,-0.489,-0.384,-0.363,-0.423,0.665,0.341,0.788,0.379,-0.485,0.497,-0.31,0.677,-0.437,-0.439,-0.645,-0.441,-0.39,0.116,-0.357,0.089,-0.195,-0.378,-0.268,0.968,-0.67,-0.435,0.759,0.362,0.68,0.091,-0.255,0.894,-0.449,-0.543,-0.536,0.116,0.878,0.932,0.312,0.042,-0.047,0.69,-0.502,0.59,-0.332,-0.36,-0.397,-0.145,0.476,-0.512,0.771,0.422,-0.391,0.238,-0.173,-0.325,0.772,-0.268,0.038,-0.404,-0.323,0.592,0.266,0.425,0.662,0.636,0.569,0.775,0.49,0.896,0.685,0.064,0.719,0.221,0.68,0.157,0.685,0.769,0.632,0.341,0.838
000651SZ,0.796,0.78,0.787,0.757,0.468,-0.264,-0.043,0.101,-0.163,0.751,-0.342,1.0,-0.397,0.813,-0.143,-0.675,0.556,0.853,0.689,-0.441,0.301,0.178,0.568,-0.393,-0.107,0.294,0.736,0.428,-0.664,-0.002,-0.615,-0.221,-0.48,-0.276,-0.457,-0.189,-0.517,0.854,0.137,-0.222,-0.569,-0.333,0.082,-0.525,-0.375,-0.56,-0.575,-0.561,0.317,0.534,0.412,0.378,-0.113,-0.49,0.217,-0.395,-0.545,-0.406,0.574,-0.205,0.17,0.654,0.095,0.167,-0.582,-0.489,-0.556,0.283,-0.531,-0.416,0.087,0.193,-0.456,-0.484,0.286,-0.611,0.25,-0.741,-0.176,0.128,0.552,-0.575,0.84,0.279,-0.479,0.786,0.395,0.878,0.836,0.789,0.868,0.565,0.55,0.713,0.792,0.542,0.615,0.543,0.622,0.202,-0.296,-0.236,-0.479,-0.183,-0.576,-0.474,0.149,0.09,-0.335,-0.315,-0.458,0.895,0.25,0.583,0.127,0.87,-0.389,0.845,0.764,-0.046,-0.576,0.452,0.855,-0.612,0.78,-0.516,-0.156,-0.559,0.78,-0.51,-0.728,0.863,-0.151,-0.541,0.711,0.667,0.872,0.369,0.698,0.78,-0.61,0.055,-0.075,-0.026,0.493,-0.156,0.58,0.026,0.871,0.79,0.806,0.527,0.885,0.574,0.654,0.515,0.777,0.662,0.851,-0.369,0.801,0.614,-0.312,0.6,-0.23,0.526,0.886,-0.511,0.801,0.724,0.812,0.669,-0.448,-0.378,0.078,0.727,0.533,-0.488,0.629,-0.164,0.857,0.799,0.829,0.413,-0.564,0.66,-0.555,0.126,0.869,0.252,0.436,0.882,-0.061,0.535,0.604,0.684,0.56,-0.391,0.38,-0.112,-0.602,-0.174,-0.009,-0.513,0.211,-0.42,-0.612,0.696,-0.587,0.202,-0.663,0.697,-0.27,-0.562,-0.308,0.023,-0.553
000661SZ,-0.743,-0.777,-0.461,-0.288,0.364,0.474,0.083,0.645,0.79,-0.405,0.619,-0.397,1.0,-0.687,0.584,0.662,-0.098,-0.702,-0.497,0.264,0.571,-0.46,-0.694,0.826,0.522,-0.563,-0.681,0.347,0.819,0.574,0.877,0.421,0.835,0.778,0.755,0.683,0.731,-0.551,0.674,0.556,0.878,0.889,0.066,0.905,0.738,0.775,0.813,0.887,0.061,-0.613,-0.056,-0.25,0.416,0.853,-0.345,0.87,0.802,0.775,-0.052,0.561,0.481,-0.264,-0.22,0.343,0.916,0.865,0.769,-0.504,0.851,0.892,-0.16,-0.082,0.87,0.801,-0.58,0.671,-0.196,0.643,0.499,-0.536,-0.026,0.858,-0.699,0.322,0.863,-0.777,-0.702,-0.6,-0.717,-0.366,-0.571,-0.806,-0.834,-0.238,-0.528,-0.561,-0.647,-0.174,-0.049,-0.443,0.753,0.845,0.871,0.766,0.871,0.73,-0.706,-0.082,0.323,0.712,0.848,-0.673,-0.431,-0.417,-0.243,-0.42,0.82,-0.674,-0.738,0.321,0.831,-0.699,-0.417,0.79,-0.767,0.884,0.848,0.787,-0.167,0.684,0.493,-0.298,0.826,0.798,-0.016,0.097,-0.707,-0.227,-0.78,-0.79,0.869,0.627,0.659,0.711,-0.89,0.679,-0.808,0.206,-0.69,-0.763,-0.798,-0.883,-0.604,-0.227,-0.799,-0.605,-0.68,-0.846,-0.658,0.68,-0.799,-0.826,0.392,0.065,0.076,-0.152,-0.564,0.849,-0.798,-0.85,-0.571,-0.26,0.75,0.735,-0.241,-0.346,0.227,0.868,-0.854,-0.022,-0.411,-0.728,-0.725,-0.737,0.832,-0.777,0.904,0.634,-0.56,0.5,-0.732,-0.5,0.528,-0.815,-0.257,-0.826,-0.766,0.89,0.519,-0.222,0.891,0.758,0.803,0.811,0.049,0.63,0.809,-0.077,0.843,-0.425,0.868,-0.079,0.827,0.873,0.839,-0.364,0.81
000708SZ,0.927,0.925,0.658,0.636,0.071,-0.446,-0.044,-0.403,-0.574,0.767,-0.455,0.813,-0.687,1.0,-0.334,-0.718,0.364,0.903,0.816,-0.435,-0.199,0.429,0.765,-0.649,-0.304,0.615,0.836,0.084,-0.863,-0.318,-0.868,-0.254,-0.84,-0.438,-0.645,-0.371,-0.754,0.845,-0.359,-0.621,-0.841,-0.635,0.089,-0.807,-0.493,-0.683,-0.69,-0.831,0.017,0.629,0.176,0.346,-0.46,-0.778,0.303,-0.756,-0.7,-0.698,0.446,-0.454,-0.135,0.459,0.008,-0.068,-0.825,-0.794,-0.723,0.527,-0.69,-0.744,0.159,0.282,-0.718,-0.733,0.438,-0.702,0.116,-0.819,-0.357,0.402,0.186,-0.821,0.958,0.085,-0.815,0.962,0.692,0.848,0.92,0.688,0.882,0.806,0.834,0.387,0.661,0.6,0.744,0.511,0.342,0.479,-0.509,-0.533,-0.751,-0.622,-0.721,-0.749,0.442,0.158,-0.377,-0.542,-0.634,0.913,0.445,0.373,0.134,0.826,-0.494,0.853,0.763,-0.191,-0.779,0.553,0.698,-0.788,0.947,-0.801,-0.596,-0.684,0.601,-0.739,-0.678,0.733,-0.585,-0.802,0.446,0.279,0.936,0.305,0.868,0.924,-0.894,-0.437,-0.304,-0.438,0.757,-0.544,0.72,-0.138,0.914,0.972,0.902,0.748,0.965,0.304,0.898,0.628,0.822,0.87,0.904,-0.513,0.887,0.9,-0.474,0.361,-0.169,0.353,0.84,-0.741,0.933,0.923,0.741,0.524,-0.658,-0.513,0.103,0.666,0.114,-0.805,0.788,-0.089,0.666,0.964,0.86,0.695,-0.79,0.89,-0.8,-0.3,0.745,-0.239,0.578,0.787,-0.374,0.815,0.53,0.901,0.834,-0.707,-0.061,0.018,-0.865,-0.551,-0.463,-0.794,0.088,-0.56,-0.769,0.46,-0.854,0.28,-0.894,0.544,-0.591,-0.78,-0.614,0.273,-0.776
000725SZ,-0.265,-0.257,-0.333,0.111,0.529,0.749,0.707,0.434,0.561,0.192,0.908,-0.143,0.584,-0.334,1.0,0.756,0.493,-0.21,0.142,0.636,0.286,0.275,-0.058,0.802,0.837,0.108,-0.136,-0.02,0.538,0.819,0.575,0.779,0.487,0.356,0.812,0.862,0.637,-0.101,0.488,0.328,0.583,0.734,0.642,0.457,0.762,0.744,0.707,0.626,-0.175,0.065,0.287,0.06,0.256,0.695,0.413,0.52,0.786,0.572,0.199,0.823,0.737,0.222,0.193,0.759,0.511,0.621,0.78,0.177,0.683,0.636,0.564,0.528,0.763,0.748,0.119,0.764,0.296,0.548,0.81,0.092,-0.072,0.641,-0.231,0.661,0.604,-0.276,-0.038,-0.481,-0.31,0.014,-0.366,-0.458,-0.212,-0.089,-0.325,0.171,0.029,0.433,0.366,0.273,0.783,0.7,0.695,0.464,0.725,0.695,-0.075,0.562,0.735,0.662,0.845,-0.358,0.331,-0.488,0.318,-0.097,0.551,-0.298,-0.314,0.771,0.69,-0.364,0.026,0.756,-0.246,0.629,0.478,0.786,-0.059,0.749,0.528,0.034,0.534,0.741,0.007,0.3,-0.342,-0.329,-0.193,-0.335,0.562,0.423,0.745,0.483,-0.395,0.423,-0.231,0.629,-0.302,-0.297,-0.528,-0.348,-0.234,0.201,-0.242,0.141,-0.03,-0.249,-0.097,0.897,-0.542,-0.326,0.679,0.447,0.543,0.11,-0.068,0.807,-0.333,-0.454,-0.411,0.311,0.82,0.799,0.259,0.07,0.22,0.593,-0.398,0.514,-0.134,-0.227,-0.255,-0.108,0.417,-0.344,0.652,0.529,-0.203,0.418,-0.149,-0.119,0.793,-0.177,0.2,-0.278,-0.18,0.555,0.364,0.377,0.531,0.621,0.576,0.654,0.529,0.777,0.614,0.084,0.6,0.154,0.578,0.262,0.609,0.675,0.599,0.261,0.692
000768SZ,-0.645,-0.635,-0.699,-0.403,0.109,0.713,0.537,0.261,0.514,-0.283,0.863,-0.675,0.662,-0.718,0.756,1.0,0.023,-0.666,-0.314,0.739,0.026,0.095,-0.379,0.818,0.656,-0.081,-0.559,-0.197,0.802,0.575,0.782,0.743,0.628,0.474,0.886,0.754,0.796,-0.586,0.288,0.321,0.772,0.736,0.447,0.671,0.804,0.897,0.865,0.785,-0.279,-0.225,-0.013,-0.072,0.245,0.817,0.163,0.62,0.9,0.678,-0.185,0.702,0.403,-0.241,0.069,0.454,0.73,0.763,0.911,-0.023,0.84,0.721,0.387,0.297,0.825,0.831,-0.091,0.95,0.015,0.878,0.684,-0.006,-0.434,0.829,-0.669,0.35,0.728,-0.659,-0.231,-0.85,-0.698,-0.432,-0.774,-0.661,-0.473,-0.498,-0.696,-0.183,-0.337,-0.041,-0.125,0.102,0.76,0.669,0.807,0.425,0.878,0.799,-0.119,0.382,0.738,0.641,0.883,-0.761,0.099,-0.687,0.16,-0.571,0.658,-0.734,-0.619,0.604,0.861,-0.548,-0.447,0.923,-0.63,0.756,0.414,0.9,-0.463,0.858,0.867,-0.482,0.467,0.846,-0.394,-0.209,-0.762,-0.419,-0.55,-0.693,0.78,0.241,0.614,0.333,-0.575,0.408,-0.5,0.451,-0.73,-0.682,-0.843,-0.561,-0.703,-0.214,-0.559,-0.204,-0.493,-0.577,-0.579,0.873,-0.855,-0.588,0.679,-0.001,0.552,-0.191,-0.598,0.898,-0.695,-0.743,-0.756,-0.172,0.861,0.837,0.146,-0.297,-0.202,0.715,-0.642,0.468,-0.585,-0.633,-0.685,-0.297,0.653,-0.64,0.815,0.27,-0.65,0.11,-0.363,-0.616,0.626,-0.44,-0.173,-0.607,-0.466,0.62,0.039,0.362,0.75,0.529,0.426,0.79,0.32,0.841,0.825,-0.322,0.789,0.011,0.811,-0.175,0.646,0.838,0.593,0.216,0.852
000776SZ,0.503,0.506,0.394,0.722,0.714,0.276,0.497,0.283,0.113,0.624,0.331,0.556,-0.098,0.364,0.493,0.023,1.0,0.578,0.628,0.127,0.325,0.394,0.418,0.153,0.39,0.402,0.558,0.056,-0.22,0.594,-0.183,0.43,-0.109,-0.082,0.207,0.364,0.055,0.666,0.308,-0.091,-0.049,0.167,0.619,-0.188,0.214,-0.047,0.026,-0.089,0.225,0.612,0.621,0.441,-0.082,0.093,0.509,-0.023,0.129,0.095,0.393,0.515,0.718,0.889,0.406,0.7,-0.177,-0.076,0.092,0.48,-0.046,-0.006,0.612,0.531,0.116,0.161,0.397,0.051,0.539,-0.205,0.559,0.316,0.342,-0.043,0.488,0.636,-0.019,0.45,0.356,0.355,0.463,0.501,0.368,0.18,0.405,0.597,0.459,0.747,0.548,0.613,0.885,0.447,0.279,0.161,0.062,0.111,-0.067,0.034,0.219,0.56,0.223,0.142,0.149,0.488,0.538,0.188,0.35,0.426,-0.18,0.48,0.458,0.56,0.008,0.024,0.751,0.043,0.508,-0.009,0.096,0.096,0.43,0.129,-0.168,0.544,0.173,0.009,0.385,0.695,0.442,-0.143,0.464,0.427,-0.136,0.255,0.417,0.278,0.2,0.083,0.381,0.369,0.509,0.44,0.301,0.282,0.468,0.664,0.394,0.625,0.68,0.452,0.604,0.267,0.274,0.323,0.205,0.657,0.276,0.393,0.668,0.102,0.444,0.306,0.327,0.934,0.275,0.185,0.229,0.572,0.517,-0.004,0.326,0.223,0.562,0.458,0.572,0.315,-0.151,0.317,-0.075,0.442,0.615,0.444,0.358,0.622,0.442,0.385,0.706,0.404,0.399,-0.01,0.372,0.4,-0.205,0.255,0.246,0.059,0.733,0.297,-0.003,0.499,-0.056,0.412,-0.173,0.534,0.179,-0.059,0.132,0.343,0.054
000786SZ,0.943,0.96,0.706,0.688,0.258,-0.277,0.135,-0.194,-0.423,0.761,-0.358,0.853,-0.702,0.903,-0.21,-0.666,0.578,1.0,0.82,-0.281,-0.072,0.506,0.793,-0.569,-0.178,0.591,0.843,0.04,-0.821,-0.141,-0.808,-0.182,-0.726,-0.581,-0.541,-0.311,-0.607,0.934,-0.191,-0.43,-0.764,-0.561,0.248,-0.799,-0.474,-0.658,-0.686,-0.75,0.089,0.791,0.44,0.433,-0.252,-0.659,0.502,-0.669,-0.634,-0.57,0.363,-0.212,0.025,0.693,0.303,0.138,-0.831,-0.702,-0.619,0.585,-0.715,-0.658,0.327,0.341,-0.641,-0.594,0.613,-0.63,0.364,-0.78,-0.159,0.452,0.385,-0.736,0.92,0.152,-0.708,0.937,0.675,0.813,0.938,0.717,0.825,0.717,0.832,0.608,0.786,0.791,0.85,0.524,0.551,0.503,-0.485,-0.524,-0.664,-0.471,-0.736,-0.602,0.519,0.324,-0.238,-0.499,-0.581,0.935,0.574,0.492,0.296,0.753,-0.611,0.902,0.878,0.003,-0.731,0.589,0.841,-0.69,0.954,-0.745,-0.508,-0.662,0.586,-0.563,-0.67,0.715,-0.459,-0.673,0.47,0.452,0.925,0.204,0.884,0.944,-0.802,-0.261,-0.21,-0.346,0.77,-0.383,0.834,0.038,0.943,0.929,0.892,0.809,0.91,0.569,0.869,0.779,0.939,0.906,0.947,-0.432,0.884,0.832,-0.271,0.442,0.004,0.442,0.937,-0.651,0.937,0.895,0.787,0.699,-0.54,-0.474,0.287,0.698,0.226,-0.693,0.825,0.05,0.765,0.93,0.949,0.688,-0.801,0.828,-0.745,-0.159,0.88,-0.042,0.72,0.865,-0.218,0.812,0.604,0.904,0.805,-0.679,0.062,0.181,-0.818,-0.387,-0.325,-0.664,0.272,-0.429,-0.762,0.598,-0.763,0.456,-0.83,0.531,-0.53,-0.767,-0.542,0.34,-0.68
000800SZ,0.821,0.85,0.399,0.689,0.253,-0.075,0.365,-0.275,-0.387,0.866,-0.013,0.689,-0.497,0.816,0.142,-0.314,0.628,0.82,1.0,-0.027,-0.176,0.681,0.828,-0.284,0.139,0.797,0.852,-0.121,-0.663,0.068,-0.645,0.103,-0.662,-0.386,-0.268,0.014,-0.491,0.795,-0.221,-0.491,-0.617,-0.331,0.449,-0.67,-0.132,-0.353,-0.356,-0.592,-0.191,0.735,0.303,0.299,-0.407,-0.483,0.599,-0.575,-0.316,-0.498,0.447,-0.049,0.233,0.622,0.158,0.312,-0.653,-0.544,-0.344,0.749,-0.4,-0.491,0.528,0.602,-0.41,-0.38,0.603,-0.297,0.317,-0.558,0.068,0.602,0.118,-0.57,0.862,0.322,-0.59,0.868,0.771,0.585,0.767,0.617,0.633,0.653,0.826,0.3,0.438,0.772,0.832,0.739,0.521,0.747,-0.126,-0.3,-0.473,-0.505,-0.42,-0.447,0.557,0.479,0.012,-0.181,-0.236,0.73,0.691,0.059,0.39,0.739,-0.293,0.724,0.652,0.294,-0.463,0.416,0.758,-0.441,0.854,-0.541,-0.427,-0.293,0.431,-0.387,-0.361,0.693,-0.383,-0.46,0.303,0.413,0.786,0.057,0.855,0.787,-0.669,-0.299,0.043,-0.282,0.665,-0.441,0.695,0.184,0.752,0.858,0.631,0.686,0.835,0.402,0.856,0.768,0.859,0.83,0.894,-0.094,0.62,0.816,-0.115,0.521,0.158,0.312,0.812,-0.375,0.807,0.733,0.477,0.705,-0.237,-0.18,0.313,0.648,0.162,-0.576,0.629,0.215,0.558,0.875,0.778,0.72,-0.651,0.795,-0.542,-0.142,0.641,-0.057,0.624,0.735,0.02,0.827,0.624,0.846,0.838,-0.52,0.003,0.338,-0.684,-0.3,-0.274,-0.522,0.389,-0.167,-0.491,0.401,-0.609,0.467,-0.664,0.568,-0.372,-0.501,-0.382,0.511,-0.481
000807SZ,-0.224,-0.239,-0.545,-0.393,0.066,0.796,0.788,0.182,0.388,-0.017,0.745,-0.441,0.264,-0.435,0.636,0.739,0.127,-0.281,-0.027,1.0,-0.158,0.496,-0.033,0.55,0.694,0.158,-0.299,-0.426,0.548,0.401,0.494,0.698,0.279,-0.093,0.642,0.595,0.624,-0.379,0.175,0.306,0.367,0.401,0.575,0.243,0.568,0.677,0.553,0.491,-0.535,0.201,0.346,0.025,0.387,0.484,0.567,0.298,0.55,0.415,-0.317,0.61,0.173,-0.038,0.332,0.519,0.253,0.491,0.702,0.324,0.394,0.443,0.677,0.47,0.48,0.536,0.443,0.749,0.238,0.622,0.581,0.366,-0.322,0.511,-0.341,0.346,0.391,-0.289,0.223,-0.657,-0.285,-0.141,-0.524,-0.428,-0.069,-0.264,-0.457,0.25,0.147,0.177,-0.085,0.362,0.358,0.305,0.518,0.169,0.535,0.69,0.404,0.625,0.925,0.253,0.602,-0.492,0.519,-0.637,0.632,-0.344,0.329,-0.375,-0.178,0.67,0.442,-0.047,-0.171,0.664,-0.282,0.316,0.081,0.511,-0.363,0.746,0.761,-0.376,0.168,0.65,-0.333,-0.218,-0.398,-0.36,-0.165,-0.235,0.45,0.156,0.417,-0.069,-0.095,0.176,0.053,0.741,-0.404,-0.338,-0.492,-0.05,-0.424,0.094,-0.169,0.302,-0.063,-0.139,-0.191,0.716,-0.477,-0.241,0.911,0.134,0.86,0.033,-0.287,0.625,-0.295,-0.335,-0.552,-0.063,0.565,0.661,0.697,-0.02,-0.394,0.399,-0.219,0.841,-0.358,-0.254,-0.266,0.177,0.123,-0.367,0.481,-0.021,-0.392,-0.033,0.26,-0.429,0.564,0.001,-0.153,-0.189,-0.16,0.171,-0.091,0.66,0.422,0.281,0.207,0.519,0.262,0.647,0.329,-0.078,0.464,0.556,0.436,0.019,0.199,0.451,0.217,0.546,0.569
000858SZ,-0.202,-0.254,0.231,0.246,0.791,0.193,-0.09,0.913,0.748,-0.058,0.198,0.301,0.571,-0.199,0.286,0.026,0.325,-0.072,-0.176,-0.158,1.0,-0.555,-0.455,0.478,0.324,-0.587,-0.235,0.634,0.34,0.617,0.429,0.116,0.578,0.45,0.34,0.388,0.393,0.084,0.918,0.549,0.5,0.625,0.033,0.508,0.289,0.172,0.28,0.49,0.602,-0.251,0.392,0.013,0.44,0.514,-0.298,0.699,0.304,0.592,0.268,0.459,0.553,0.367,0.078,0.456,0.469,0.481,0.285,-0.458,0.334,0.581,-0.227,-0.131,0.5,0.465,-0.419,0.108,0.07,0.015,0.397,-0.56,0.643,0.448,-0.169,0.451,0.542,-0.293,-0.571,0.126,-0.092,0.15,0.087,-0.449,-0.523,0.574,0.221,-0.117,-0.323,0.056,0.544,-0.516,0.401,0.61,0.512,0.822,0.303,0.397,-0.696,-0.175,-0.022,0.418,0.355,0.01,-0.381,0.316,-0.153,0.054,0.226,0.002,-0.104,0.199,0.321,-0.368,0.271,0.283,-0.242,0.543,0.838,0.247,0.435,0.334,-0.166,0.243,0.852,0.369,0.587,0.685,-0.085,-0.024,-0.366,-0.233,0.468,0.848,0.501,0.825,-0.587,0.67,-0.398,0.139,-0.016,-0.266,-0.166,-0.513,-0.044,0.367,-0.461,-0.274,-0.135,-0.402,-0.107,0.264,-0.168,-0.502,0.164,0.435,-0.181,0.225,0.104,0.373,-0.241,-0.347,0.084,0.25,0.374,0.323,-0.23,0.071,0.728,0.598,-0.387,-0.242,0.339,-0.255,-0.029,-0.566,0.466,-0.406,0.429,0.84,0.182,0.868,-0.388,0.181,0.442,-0.549,0.146,-0.417,-0.524,0.647,0.894,-0.329,0.456,0.747,0.87,0.516,0.181,0.273,0.333,0.484,0.482,-0.217,0.384,0.29,0.634,0.407,0.664,-0.52,0.42
000876SZ,0.566,0.598,-0.048,0.177,-0.069,0.276,0.7,-0.412,-0.341,0.582,0.238,0.178,-0.46,0.429,0.275,0.095,0.394,0.506,0.681,0.496,-0.555,1.0,0.774,-0.142,0.283,0.877,0.513,-0.499,-0.347,-0.026,-0.379,0.34,-0.55,-0.549,-0.022,0.112,-0.18,0.359,-0.391,-0.359,-0.458,-0.308,0.606,-0.586,0.03,0.005,-0.135,-0.371,-0.63,0.777,0.306,0.241,-0.163,-0.299,0.906,-0.544,-0.098,-0.38,-0.002,0.11,0.021,0.307,0.333,0.284,-0.545,-0.334,-0.018,0.903,-0.27,-0.369,0.813,0.697,-0.274,-0.179,0.908,0.079,0.335,-0.072,0.191,0.847,-0.25,-0.323,0.483,0.148,-0.443,0.575,0.826,0.036,0.425,0.287,0.143,0.392,0.737,-0.091,0.04,0.734,0.807,0.491,0.121,0.919,-0.157,-0.362,-0.297,-0.582,-0.189,-0.137,0.856,0.776,0.441,-0.22,-0.027,0.3,0.931,-0.318,0.55,0.29,-0.162,0.338,0.459,0.457,-0.274,0.437,0.378,-0.103,0.557,-0.473,-0.61,-0.105,-0.062,-0.029,0.15,0.132,-0.517,-0.144,-0.187,-0.101,0.407,-0.166,0.657,0.55,-0.443,-0.456,0.032,-0.592,0.665,-0.462,0.715,0.447,0.347,0.533,0.281,0.684,0.379,0.173,0.696,0.831,0.644,0.676,0.574,0.14,0.293,0.633,0.263,0.237,0.654,0.104,0.415,-0.116,0.537,0.492,0.05,0.367,-0.06,0.022,0.681,0.428,-0.348,-0.432,0.496,0.631,0.087,0.578,0.46,0.775,-0.63,0.513,-0.316,-0.438,0.235,-0.368,0.737,0.275,0.127,0.793,0.263,0.677,0.704,-0.569,-0.392,0.728,-0.46,-0.344,-0.404,-0.321,0.384,0.091,-0.363,0.116,-0.408,0.678,-0.408,0.248,-0.437,-0.339,-0.435,0.843,-0.247
000895SZ,0.778,0.837,0.357,0.556,-0.092,-0.222,0.313,-0.503,-0.618,0.732,-0.236,0.568,-0.694,0.765,-0.058,-0.379,0.418,0.793,0.828,-0.033,-0.455,0.774,1.0,-0.552,-0.022,0.866,0.857,-0.245,-0.772,-0.245,-0.778,-0.118,-0.717,-0.657,-0.487,-0.287,-0.649,0.705,-0.461,-0.43,-0.783,-0.613,0.28,-0.817,-0.409,-0.49,-0.584,-0.759,-0.284,0.753,0.124,0.224,-0.418,-0.665,0.695,-0.783,-0.524,-0.707,0.328,-0.275,-0.065,0.452,0.235,0.002,-0.807,-0.693,-0.506,0.768,-0.611,-0.716,0.473,0.453,-0.642,-0.575,0.743,-0.426,0.426,-0.529,-0.197,0.711,0.083,-0.726,0.821,0.006,-0.749,0.862,0.807,0.493,0.732,0.488,0.547,0.81,0.913,0.188,0.42,0.691,0.841,0.539,0.294,0.763,-0.353,-0.598,-0.688,-0.714,-0.604,-0.548,0.732,0.445,-0.076,-0.345,-0.454,0.692,0.707,0.162,0.402,0.65,-0.447,0.73,0.728,0.147,-0.579,0.643,0.617,-0.571,0.852,-0.739,-0.685,-0.479,0.241,-0.501,-0.399,0.508,-0.645,-0.572,0.09,0.2,0.745,0.153,0.928,0.798,-0.784,-0.518,-0.281,-0.534,0.878,-0.613,0.826,0.067,0.699,0.844,0.69,0.883,0.719,0.294,0.912,0.757,0.838,0.906,0.831,-0.315,0.703,0.888,-0.191,0.231,0.143,0.21,0.718,-0.552,0.832,0.791,0.506,0.537,-0.468,-0.426,0.406,0.498,-0.018,-0.769,0.783,0.219,0.474,0.854,0.723,0.836,-0.797,0.887,-0.719,-0.423,0.598,-0.261,0.735,0.633,-0.183,0.917,0.532,0.91,0.927,-0.772,-0.263,0.353,-0.822,-0.56,-0.563,-0.712,0.277,-0.381,-0.65,0.205,-0.78,0.464,-0.769,0.356,-0.657,-0.691,-0.67,0.546,-0.687
000938SZ,-0.588,-0.617,-0.467,-0.256,0.497,0.781,0.448,0.641,0.826,-0.209,0.874,-0.393,0.826,-0.649,0.802,0.818,0.153,-0.569,-0.284,0.55,0.478,-0.142,-0.552,1.0,0.715,-0.334,-0.587,0.113,0.853,0.805,0.89,0.724,0.725,0.637,0.922,0.892,0.872,-0.458,0.669,0.463,0.868,0.937,0.437,0.77,0.849,0.892,0.881,0.908,-0.032,-0.294,0.219,-0.034,0.488,0.914,0.008,0.837,0.922,0.856,-0.038,0.809,0.598,-0.068,0.05,0.651,0.812,0.897,0.917,-0.208,0.9,0.925,0.241,0.254,0.958,0.929,-0.24,0.877,-0.064,0.728,0.786,-0.26,-0.087,0.92,-0.616,0.54,0.873,-0.661,-0.42,-0.631,-0.611,-0.245,-0.573,-0.835,-0.65,-0.178,-0.496,-0.181,-0.387,0.048,0.128,-0.117,0.779,0.883,0.933,0.737,0.913,0.865,-0.423,0.248,0.662,0.69,0.936,-0.634,-0.064,-0.509,0.052,-0.429,0.706,-0.647,-0.596,0.58,0.821,-0.614,-0.253,0.913,-0.639,0.888,0.738,0.89,-0.161,0.888,0.684,-0.255,0.788,0.918,-0.017,0.1,-0.632,-0.353,-0.643,-0.664,0.858,0.594,0.808,0.63,-0.782,0.686,-0.603,0.547,-0.611,-0.672,-0.8,-0.735,-0.546,-0.005,-0.665,-0.26,-0.471,-0.681,-0.495,0.908,-0.815,-0.729,0.65,0.272,0.436,-0.025,-0.422,0.949,-0.68,-0.767,-0.619,-0.057,0.913,0.888,0.037,-0.152,0.159,0.902,-0.77,0.329,-0.382,-0.619,-0.556,-0.517,0.721,-0.762,0.921,0.598,-0.475,0.46,-0.473,-0.405,0.769,-0.611,-0.152,-0.687,-0.65,0.855,0.462,0.177,0.861,0.828,0.804,0.919,0.298,0.843,0.81,0.028,0.902,-0.062,0.862,0.032,0.855,0.921,0.858,-0.021,0.933
000963SZ,-0.22,-0.232,-0.333,0.011,0.458,0.717,0.739,0.495,0.601,0.138,0.759,-0.107,0.522,-0.304,0.837,0.656,0.39,-0.178,0.139,0.694,0.324,0.283,-0.022,0.715,1.0,0.081,-0.169,-0.113,0.512,0.722,0.537,0.666,0.455,0.164,0.677,0.799,0.556,-0.138,0.549,0.51,0.454,0.652,0.639,0.36,0.61,0.628,0.58,0.55,-0.237,0.087,0.334,-0.038,0.335,0.586,0.439,0.525,0.607,0.535,0.132,0.694,0.558,0.225,0.312,0.662,0.377,0.588,0.688,0.238,0.551,0.584,0.524,0.491,0.631,0.651,0.21,0.69,0.358,0.447,0.7,0.232,0.123,0.567,-0.195,0.59,0.463,-0.251,0.022,-0.47,-0.202,0.021,-0.292,-0.43,-0.178,-0.001,-0.299,0.192,0.056,0.432,0.313,0.261,0.599,0.555,0.606,0.434,0.628,0.705,0.007,0.494,0.74,0.571,0.763,-0.322,0.369,-0.462,0.489,-0.082,0.504,-0.211,-0.215,0.83,0.496,-0.138,0.107,0.666,-0.213,0.517,0.461,0.649,-0.014,0.705,0.512,-0.026,0.531,0.698,0.07,0.262,-0.266,-0.265,-0.165,-0.269,0.484,0.468,0.706,0.374,-0.304,0.379,-0.126,0.72,-0.288,-0.267,-0.457,-0.241,-0.225,0.228,-0.227,0.188,-0.015,-0.212,-0.033,0.789,-0.443,-0.309,0.75,0.432,0.605,0.136,-0.047,0.678,-0.274,-0.365,-0.407,0.203,0.655,0.708,0.409,0.076,0.16,0.533,-0.332,0.578,-0.098,-0.196,-0.191,-0.016,0.295,-0.326,0.536,0.383,-0.204,0.457,0.012,-0.154,0.694,-0.143,0.044,-0.239,-0.206,0.416,0.43,0.463,0.452,0.597,0.573,0.567,0.352,0.612,0.447,0.126,0.515,0.335,0.48,0.275,0.427,0.591,0.553,0.329,0.578
000999SZ,0.639,0.716,0.061,0.382,-0.131,-0.051,0.462,-0.587,-0.582,0.629,0.025,0.294,-0.563,0.615,0.108,-0.081,0.402,0.591,0.797,0.158,-0.587,0.877,0.866,-0.334,0.081,1.0,0.705,-0.432,-0.587,-0.123,-0.615,0.155,-0.698,-0.476,-0.232,-0.059,-0.451,0.529,-0.536,-0.588,-0.607,-0.429,0.482,-0.7,-0.118,-0.24,-0.289,-0.589,-0.462,0.726,0.069,0.205,-0.546,-0.477,0.719,-0.685,-0.236,-0.57,0.184,-0.103,0.043,0.356,0.177,0.123,-0.626,-0.56,-0.255,0.903,-0.335,-0.578,0.645,0.633,-0.445,-0.36,0.717,-0.125,0.269,-0.296,0.032,0.822,-0.225,-0.527,0.641,0.043,-0.627,0.72,0.821,0.254,0.522,0.263,0.296,0.657,0.846,-0.086,0.125,0.675,0.753,0.501,0.182,0.943,-0.143,-0.446,-0.506,-0.733,-0.346,-0.44,0.753,0.592,0.101,-0.192,-0.191,0.476,0.808,-0.192,0.317,0.414,-0.238,0.465,0.497,0.334,-0.37,0.358,0.463,-0.332,0.711,-0.574,-0.681,-0.193,-0.001,-0.322,-0.08,0.292,-0.618,-0.408,-0.159,-0.006,0.547,-0.102,0.762,0.623,-0.644,-0.629,-0.06,-0.564,0.726,-0.637,0.674,0.142,0.479,0.7,0.431,0.72,0.544,0.065,0.827,0.734,0.682,0.77,0.661,-0.071,0.43,0.808,-0.111,0.187,0.334,0.01,0.53,-0.328,0.662,0.619,0.183,0.452,-0.203,-0.185,0.371,0.39,-0.238,-0.628,0.577,0.309,0.165,0.704,0.543,0.779,-0.638,0.746,-0.519,-0.466,0.31,-0.382,0.609,0.418,-0.062,0.866,0.447,0.787,0.876,-0.642,-0.426,0.562,-0.668,-0.474,-0.551,-0.536,0.396,-0.107,-0.389,0.029,-0.604,0.445,-0.592,0.194,-0.495,-0.478,-0.519,0.719,-0.46
001965SZ,0.833,0.872,0.573,0.816,0.069,-0.371,0.07,-0.421,-0.631,0.767,-0.364,0.736,-0.681,0.836,-0.136,-0.559,0.558,0.843,0.852,-0.299,-0.235,0.513,0.857,-0.587,-0.169,0.705,1.0,-0.092,-0.85,-0.171,-0.84,-0.225,-0.711,-0.504,-0.573,-0.321,-0.732,0.81,-0.376,-0.491,-0.76,-0.591,0.136,-0.772,-0.457,-0.656,-0.621,-0.805,0.014,0.643,0.139,0.226,-0.522,-0.697,0.403,-0.722,-0.592,-0.707,0.474,-0.321,0.122,0.64,0.127,-0.023,-0.77,-0.759,-0.644,0.616,-0.644,-0.726,0.303,0.318,-0.654,-0.637,0.492,-0.578,0.372,-0.705,-0.227,0.548,0.217,-0.787,0.917,0.066,-0.738,0.911,0.696,0.738,0.8,0.592,0.734,0.864,0.869,0.407,0.581,0.648,0.736,0.597,0.503,0.581,-0.3,-0.528,-0.714,-0.613,-0.696,-0.661,0.523,0.201,-0.316,-0.326,-0.542,0.83,0.481,0.353,0.258,0.782,-0.545,0.851,0.75,0.022,-0.614,0.551,0.737,-0.688,0.886,-0.692,-0.524,-0.528,0.418,-0.636,-0.574,0.682,-0.542,-0.682,0.264,0.434,0.869,0.249,0.929,0.825,-0.818,-0.356,-0.289,-0.302,0.789,-0.578,0.743,-0.094,0.815,0.912,0.8,0.79,0.853,0.381,0.892,0.651,0.872,0.891,0.886,-0.437,0.794,0.889,-0.386,0.311,-0.153,0.262,0.821,-0.631,0.884,0.838,0.638,0.716,-0.484,-0.532,0.106,0.537,0.285,-0.766,0.786,-0.057,0.642,0.888,0.838,0.704,-0.687,0.917,-0.773,-0.195,0.761,-0.085,0.618,0.81,-0.199,0.846,0.645,0.894,0.901,-0.663,-0.145,0.192,-0.858,-0.517,-0.487,-0.734,0.258,-0.466,-0.615,0.221,-0.785,0.328,-0.82,0.432,-0.56,-0.708,-0.575,0.332,-0.727
