,000001SZ,000002SZ,000157SZ,000166SZ,000333SZ,000338SZ,000538SZ,000568SZ,000596SZ,000617SZ,000625SZ,000651SZ,000661SZ,000708SZ,000725SZ,000768SZ,000776SZ,000786SZ,000800SZ,000807SZ,000858SZ,000876SZ,000895SZ,000938SZ,000963SZ,000999SZ,001965SZ,002001SZ,002007SZ,002027SZ,002028SZ,002050SZ,002129SZ,002179SZ,002230SZ,002236SZ,002241SZ,002271SZ,002304SZ,002311SZ,002371SZ,002415SZ,002422SZ,002459SZ,002460SZ,002463SZ,002466SZ,002475SZ,002493SZ,002555SZ,002594SZ,002601SZ,002648SZ,002709SZ,002714SZ,002916SZ,002920SZ,002938SZ,003816SZ,300014SZ,300033SZ,300059SZ,300122SZ,300124SZ,300274SZ,300308SZ,300316SZ,300347SZ,300394SZ,300408SZ,300413SZ,300418SZ,300433SZ,300450SZ,300498SZ,300502SZ,300628SZ,300661SZ,300750SZ,300759SZ,300760SZ,300782SZ,600000SS,600010SS,600011SS,600015SS,600016SS,600018SS,600019SS,600023SS,600025SS,600026SS,600028SS,600029SS,600031SS,600036SS,600048SS,600050SS,600061SS,600085SS,600089SS,600104SS,600111SS,600115SS,600161SS,600183SS,600188SS,600196SS,600219SS,600233SS,600276SS,600309SS,600332SS,600346SS,600362SS,600377SS,600406SS,600415SS,600426SS,600436SS,600438SS,600489SS,600519SS,600570SS,600585SS,600588SS,600600SS,600660SS,600674SS,600741SS,600760SS,600795SS,600809SS,600875SS,600886SS,600887SS,600926SS,600989SS,601006SS,601009SS,601012SS,601021SS,601058SS,601066SS,601088SS,601100SS,601117SS,601138SS,601166SS,601169SS,601186SS,601225SS,601229SS,601238SS,601288SS,601318SS,601319SS,601328SS,601336SS,601360SS,601390SS,601398SS,601600SS,601601SS,601607SS,601618SS,601628SS,601633SS,601658SS,601668SS,601669SS,601688SS,601689SS,601698SS,601699SS,601766SS,601788SS,601799SS,601800SS,601808SS,601816SS,601818SS,601838SS,601857SS,601865SS,601872SS,601877SS,601878SS,601881SS,601888SS,601899SS,601901SS,601919SS,601939SS,601985SS,601988SS,601998SS,603019SS,603195SS,603259SS,603260SS,603288SS,603369SS,603501SS,603659SS,603799SS,603806SS,603833SS,603986SS,603993SS,688008SS,688009SS,688012SS,688036SS,688111SS,688169SS,688396SS
000001SZ,1.0,0.786,0.917,0.691,0.983,0.7,0.534,0.703,0.896,0.718,0.502,0.921,0.237,0.672,0.488,-0.545,0.918,0.958,0.499,0.541,0.787,0.565,0.8,0.495,0.299,0.121,0.429,0.591,0.255,0.927,0.617,0.238,0.35,-0.62,-0.306,0.499,-0.412,0.523,0.87,0.103,-0.749,0.779,0.014,-0.318,0.154,0.315,0.202,0.458,0.671,0.744,0.378,0.844,0.682,0.528,0.255,0.27,0.38,-0.028,0.226,0.315,0.423,0.878,0.491,0.247,-0.646,-0.107,-0.438,0.466,-0.539,0.613,0.714,0.501,0.178,0.007,0.234,-0.011,0.018,0.453,0.424,0.466,-0.212,0.398,0.892,0.599,0.285,0.838,0.791,0.705,0.834,0.374,0.264,0.071,0.498,0.199,0.664,0.983,0.599,0.109,0.806,-0.163,0.557,0.73,0.216,0.295,0.692,0.358,0.158,0.137,0.676,0.119,-0.117,0.858,0.637,0.786,0.548,0.325,0.195,0.696,0.923,0.738,0.239,0.382,0.705,0.136,0.804,-0.226,0.682,0.548,0.475,0.293,-0.563,-0.27,0.749,0.154,0.306,0.575,0.594,0.68,0.445,0.05,-0.386,-0.01,0.512,0.648,0.212,0.218,0.453,0.682,0.978,0.983,0.694,0.117,0.743,0.261,0.333,0.981,0.753,0.84,0.889,0.343,0.567,0.161,0.804,0.681,0.314,0.816,0.935,0.091,0.956,0.901,-0.006,0.876,0.122,-0.226,0.381,0.422,0.63,0.256,0.754,-0.263,0.351,0.953,0.493,0.353,-0.013,0.127,0.536,0.372,0.718,0.564,0.629,0.479,0.69,0.288,0.551,0.59,0.905,-0.15,0.867,0.58,0.097,0.775,0.819,0.7,0.608,0.658,-0.13,0.863,0.599,0.594,0.192,0.142,-0.325,0.604,-0.595,0.76,0.146
000002SZ,0.786,1.0,0.793,0.233,0.791,0.199,0.034,0.702,0.654,0.275,0.299,0.825,0.694,0.495,0.674,-0.34,0.675,0.697,0.495,0.04,0.673,0.735,0.728,-0.092,0.547,-0.251,0.588,0.314,0.686,0.718,0.618,-0.25,0.057,-0.136,-0.616,0.612,-0.016,-0.012,0.652,0.414,-0.561,0.732,0.385,-0.644,-0.356,-0.182,-0.237,-0.084,0.203,0.231,0.078,0.422,0.302,0.341,0.693,-0.082,0.416,-0.601,0.719,0.318,-0.138,0.694,0.174,-0.293,-0.484,-0.587,-0.64,-0.075,-0.543,0.089,0.36,-0.045,-0.381,-0.067,0.588,-0.574,-0.5,0.261,0.564,-0.097,0.092,-0.165,0.951,0.27,0.766,0.871,0.355,0.804,0.962,0.05,0.631,0.289,0.714,-0.261,0.245,0.703,0.951,-0.308,0.775,0.314,0.59,0.514,-0.13,-0.118,0.637,-0.175,0.568,-0.43,0.215,0.57,-0.585,0.896,0.119,0.634,0.057,-0.282,-0.119,0.508,0.702,0.406,0.476,-0.114,0.769,-0.461,0.96,-0.69,0.477,0.109,0.673,-0.315,-0.096,0.305,0.476,-0.069,0.711,0.828,0.905,0.394,0.727,0.455,-0.662,-0.275,0.017,0.131,0.508,-0.287,0.803,0.212,0.825,0.742,0.659,0.413,0.913,0.332,0.811,0.812,0.836,0.918,0.765,-0.157,0.823,0.707,0.51,0.154,-0.272,0.694,0.651,-0.473,0.689,0.941,0.523,0.478,-0.136,-0.689,-0.21,-0.073,0.096,0.234,0.778,-0.701,-0.21,0.8,0.874,0.765,-0.519,0.435,0.205,-0.077,0.91,0.116,0.157,-0.009,0.242,0.78,0.852,0.82,0.906,-0.67,0.538,0.021,0.461,0.651,0.606,0.346,0.314,0.237,-0.648,0.862,0.196,0.091,-0.379,-0.432,-0.74,0.081,-0.656,0.313,-0.381
000157SZ,0.917,0.793,1.0,0.636,0.933,0.676,0.445,0.732,0.858,0.668,0.624,0.955,0.383,0.71,0.695,-0.298,0.881,0.926,0.667,0.524,0.815,0.581,0.899,0.357,0.475,0.046,0.62,0.609,0.446,0.909,0.711,0.281,0.507,-0.499,-0.274,0.663,-0.251,0.455,0.813,0.204,-0.668,0.841,0.132,-0.157,0.165,0.312,0.236,0.391,0.637,0.657,0.457,0.772,0.728,0.605,0.331,0.376,0.452,-0.069,0.365,0.514,0.34,0.815,0.492,0.2,-0.444,-0.044,-0.212,0.488,-0.336,0.48,0.659,0.425,0.119,0.191,0.296,-0.053,-0.044,0.492,0.559,0.432,-0.141,0.311,0.894,0.592,0.394,0.817,0.746,0.728,0.843,0.358,0.496,0.228,0.634,0.222,0.691,0.895,0.642,0.099,0.906,0.042,0.747,0.861,0.315,0.387,0.725,0.325,0.327,0.07,0.653,0.291,-0.125,0.851,0.555,0.852,0.5,0.225,0.331,0.751,0.869,0.715,0.502,0.337,0.727,-0.03,0.857,-0.26,0.734,0.566,0.549,0.222,-0.465,-0.088,0.703,0.2,0.416,0.683,0.585,0.764,0.552,0.013,-0.213,0.164,0.438,0.589,0.357,0.138,0.657,0.619,0.886,0.889,0.76,0.296,0.787,0.484,0.382,0.93,0.737,0.808,0.862,0.268,0.688,0.241,0.805,0.569,0.24,0.832,0.878,0.055,0.886,0.835,0.215,0.799,0.293,-0.302,0.225,0.37,0.493,0.376,0.828,-0.292,0.302,0.883,0.519,0.528,0.044,0.277,0.592,0.315,0.78,0.59,0.544,0.471,0.652,0.339,0.58,0.62,0.817,-0.235,0.855,0.558,0.294,0.794,0.821,0.707,0.667,0.647,-0.114,0.833,0.604,0.557,0.107,0.013,-0.386,0.527,-0.654,0.731,0.097
000166SZ,0.691,0.233,0.636,1.0,0.676,0.916,0.652,0.404,0.806,0.884,0.601,0.545,-0.249,0.625,0.296,-0.301,0.813,0.784,0.454,0.857,0.56,0.133,0.643,0.804,-0.007,0.445,0.071,0.488,-0.253,0.736,0.291,0.678,0.571,-0.808,0.282,0.27,-0.588,0.813,0.671,-0.292,-0.407,0.525,-0.478,0.186,0.688,0.778,0.58,0.832,0.857,0.924,0.615,0.863,0.742,0.574,-0.274,0.543,0.247,0.538,-0.214,0.335,0.823,0.687,0.665,0.678,-0.516,0.451,0.054,0.773,-0.113,0.809,0.743,0.856,0.628,0.147,-0.226,0.547,0.552,0.644,0.148,0.806,-0.537,0.847,0.395,0.738,-0.265,0.406,0.867,0.242,0.38,0.741,-0.073,-0.057,0.232,0.689,0.864,0.77,-0.018,0.544,0.571,-0.488,0.39,0.663,0.588,0.686,0.385,0.8,-0.268,0.694,0.897,-0.413,0.418,0.393,0.8,0.701,0.864,0.749,0.577,0.629,0.684,0.698,-0.026,0.742,0.322,0.578,0.327,0.345,0.693,0.792,-0.022,0.771,-0.744,-0.649,0.709,0.502,-0.255,0.052,-0.015,0.765,-0.05,-0.516,0.06,0.372,0.684,0.95,-0.127,0.659,0.051,0.901,0.596,0.731,0.615,-0.16,0.235,0.274,-0.257,0.67,0.275,0.41,0.597,0.667,0.129,-0.439,0.824,0.89,0.74,0.643,0.823,0.625,0.768,0.42,-0.389,0.936,0.407,0.401,0.735,0.816,0.906,0.126,0.577,0.376,0.788,0.695,-0.15,-0.074,0.554,-0.251,0.757,0.862,0.327,0.808,0.854,0.839,0.842,-0.309,0.036,0.171,0.488,0.459,0.808,0.838,-0.186,0.648,0.708,0.838,0.683,0.851,0.456,0.376,0.877,0.874,0.726,0.662,0.327,0.899,-0.126,0.862,0.729
000333SZ,0.983,0.791,0.933,0.676,1.0,0.701,0.512,0.719,0.891,0.694,0.54,0.94,0.262,0.675,0.523,-0.485,0.907,0.962,0.548,0.535,0.789,0.579,0.818,0.463,0.329,0.125,0.465,0.619,0.288,0.93,0.641,0.263,0.369,-0.588,-0.293,0.533,-0.378,0.523,0.878,0.125,-0.739,0.813,0.031,-0.298,0.148,0.325,0.188,0.455,0.664,0.728,0.402,0.832,0.69,0.529,0.276,0.308,0.416,-0.039,0.249,0.337,0.41,0.866,0.494,0.271,-0.608,-0.109,-0.4,0.463,-0.477,0.594,0.702,0.484,0.162,0.038,0.253,-0.023,0.016,0.484,0.458,0.45,-0.194,0.39,0.885,0.583,0.315,0.828,0.787,0.689,0.839,0.36,0.295,0.099,0.515,0.184,0.679,0.975,0.612,0.14,0.825,-0.114,0.603,0.763,0.233,0.314,0.705,0.367,0.187,0.126,0.673,0.154,-0.117,0.881,0.623,0.792,0.529,0.298,0.22,0.716,0.927,0.732,0.286,0.372,0.717,0.093,0.819,-0.233,0.694,0.555,0.504,0.276,-0.53,-0.225,0.731,0.14,0.328,0.615,0.586,0.704,0.47,0.031,-0.359,0.032,0.525,0.638,0.218,0.216,0.494,0.676,0.964,0.962,0.684,0.12,0.744,0.313,0.343,0.97,0.725,0.835,0.877,0.318,0.574,0.177,0.8,0.66,0.305,0.809,0.921,0.081,0.94,0.889,0.021,0.859,0.184,-0.231,0.345,0.416,0.61,0.308,0.751,-0.26,0.337,0.941,0.506,0.37,0.002,0.157,0.564,0.368,0.723,0.575,0.605,0.486,0.666,0.296,0.56,0.578,0.889,-0.174,0.881,0.569,0.15,0.789,0.818,0.708,0.626,0.655,-0.13,0.875,0.621,0.578,0.187,0.122,-0.339,0.602,-0.618,0.766,0.15
000338SZ,0.7,0.199,0.676,0.916,0.701,1.0,0.718,0.425,0.778,0.891,0.679,0.595,-0.289,0.621,0.242,-0.259,0.767,0.815,0.516,0.905,0.577,0.131,0.64,0.81,-0.003,0.464,0.12,0.596,-0.247,0.772,0.373,0.798,0.663,-0.839,0.263,0.26,-0.583,0.882,0.668,-0.282,-0.524,0.536,-0.446,0.317,0.752,0.835,0.665,0.866,0.909,0.941,0.693,0.907,0.834,0.621,-0.299,0.584,0.318,0.597,-0.297,0.404,0.833,0.644,0.722,0.766,-0.441,0.515,0.166,0.886,-0.037,0.848,0.761,0.869,0.649,0.256,-0.235,0.614,0.603,0.609,0.191,0.878,-0.525,0.851,0.375,0.75,-0.295,0.379,0.925,0.236,0.339,0.681,-0.091,-0.004,0.224,0.741,0.942,0.789,-0.051,0.626,0.575,-0.471,0.433,0.743,0.677,0.789,0.447,0.813,-0.259,0.737,0.938,-0.394,0.51,0.388,0.881,0.702,0.882,0.824,0.674,0.691,0.72,0.756,0.04,0.795,0.318,0.586,0.288,0.389,0.735,0.878,0.045,0.829,-0.788,-0.674,0.712,0.461,-0.255,0.09,-0.066,0.848,-0.006,-0.603,0.202,0.531,0.794,0.936,-0.12,0.704,0.032,0.948,0.595,0.723,0.535,-0.153,0.213,0.324,-0.336,0.663,0.228,0.371,0.6,0.672,0.086,-0.503,0.839,0.928,0.818,0.638,0.824,0.68,0.779,0.375,-0.431,0.889,0.577,0.41,0.758,0.867,0.863,0.282,0.514,0.421,0.864,0.679,-0.191,-0.117,0.665,-0.185,0.823,0.736,0.214,0.905,0.865,0.887,0.866,-0.394,-0.057,0.093,0.445,0.454,0.878,0.923,-0.172,0.657,0.719,0.851,0.751,0.903,0.541,0.409,0.887,0.915,0.765,0.67,0.305,0.907,-0.262,0.899,0.732
000538SZ,0.534,0.034,0.445,0.652,0.512,0.718,1.0,0.04,0.439,0.655,0.149,0.454,-0.44,0.3,-0.081,-0.428,0.503,0.572,-0.021,0.707,0.205,-0.118,0.253,0.862,-0.168,0.637,0.074,0.383,-0.182,0.452,0.065,0.459,0.264,-0.558,0.284,0.073,-0.675,0.795,0.41,-0.45,-0.488,0.258,-0.195,0.228,0.435,0.518,0.328,0.557,0.634,0.751,0.164,0.696,0.568,0.124,-0.499,0.44,-0.218,0.625,-0.474,-0.122,0.814,0.371,0.304,0.637,-0.409,0.525,0.156,0.765,-0.284,0.761,0.457,0.824,0.757,-0.162,-0.442,0.638,0.496,0.245,-0.258,0.682,-0.328,0.672,0.238,0.558,-0.478,0.15,0.591,0.033,0.135,0.364,-0.409,-0.483,-0.089,0.504,0.644,0.583,-0.118,0.356,0.352,-0.485,0.003,0.384,0.217,0.425,0.174,0.722,-0.466,0.554,0.672,-0.434,0.41,0.271,0.898,0.379,0.647,0.684,0.234,0.283,0.46,0.467,-0.294,0.698,0.011,0.752,0.091,0.521,0.238,0.443,-0.179,0.714,-0.591,-0.647,0.367,0.128,-0.425,-0.167,-0.198,0.436,-0.226,-0.308,0.123,0.142,0.527,0.776,-0.407,0.674,-0.21,0.645,0.46,0.559,0.317,-0.368,-0.004,-0.194,-0.348,0.447,0.125,0.079,0.322,0.709,0.057,-0.476,0.481,0.641,0.761,0.461,0.524,0.642,0.551,0.282,-0.484,0.657,0.092,0.356,0.715,0.575,0.801,-0.118,0.186,0.361,0.576,0.42,-0.205,-0.338,0.52,-0.456,0.3,0.655,0.073,0.534,0.715,0.544,0.653,-0.365,-0.185,-0.031,0.276,0.518,0.589,0.788,-0.529,0.177,0.333,0.472,0.289,0.525,0.491,0.201,0.613,0.637,0.653,0.628,0.366,0.783,-0.094,0.649,0.588
000568SZ,0.703,0.702,0.732,0.404,0.719,0.425,0.04,1.0,0.804,0.377,0.742,0.699,0.634,0.519,0.657,-0.359,0.749,0.673,0.757,0.171,0.964,0.881,0.833,0.008,0.703,-0.458,0.447,0.777,0.32,0.825,0.916,0.182,0.44,-0.507,-0.453,0.584,0.131,0.03,0.864,0.538,-0.502,0.774,0.154,-0.237,0.081,0.134,0.225,0.319,0.496,0.479,0.628,0.526,0.556,0.717,0.677,0.292,0.829,-0.306,0.485,0.632,-0.054,0.839,0.637,-0.064,-0.186,-0.26,-0.41,0.255,-0.254,0.255,0.736,0.087,-0.18,0.419,0.726,-0.324,-0.13,0.377,0.847,0.241,0.016,0.119,0.729,0.384,0.601,0.899,0.66,0.849,0.732,0.22,0.596,0.646,0.497,0.069,0.404,0.698,0.563,0.14,0.697,0.085,0.741,0.726,0.436,0.337,0.808,0.06,0.582,0.017,0.345,0.494,-0.091,0.73,0.201,0.675,0.234,0.116,0.329,0.801,0.79,0.807,0.638,-0.001,0.974,-0.274,0.755,-0.585,0.816,0.596,0.834,0.011,-0.447,0.04,0.87,0.163,0.655,0.823,0.739,0.589,0.81,0.123,-0.257,0.268,0.459,0.31,0.649,-0.235,0.574,0.426,0.763,0.679,0.446,0.408,0.858,0.676,0.407,0.792,0.77,0.85,0.887,0.005,0.359,0.32,0.604,0.5,0.026,0.472,0.69,-0.235,0.691,0.657,0.146,0.603,0.387,-0.438,0.013,0.15,0.212,0.742,0.691,-0.477,0.242,0.757,0.521,0.487,-0.167,0.649,0.661,0.014,0.637,0.542,0.196,0.416,0.374,0.363,0.666,0.483,0.712,-0.404,0.625,0.307,0.634,0.875,0.907,0.664,0.691,0.489,-0.307,0.881,0.338,0.335,-0.132,-0.176,-0.58,0.191,-0.7,0.585,-0.124
000596SZ,0.896,0.654,0.858,0.806,0.891,0.778,0.439,0.804,1.0,0.775,0.732,0.816,0.256,0.715,0.588,-0.412,0.954,0.908,0.673,0.614,0.889,0.584,0.868,0.493,0.36,0.068,0.348,0.663,0.15,0.95,0.677,0.435,0.553,-0.741,-0.2,0.519,-0.336,0.52,0.913,0.08,-0.602,0.801,-0.141,-0.124,0.357,0.502,0.385,0.628,0.781,0.813,0.623,0.842,0.763,0.726,0.246,0.433,0.577,0.081,0.201,0.526,0.452,0.914,0.708,0.317,-0.541,0.04,-0.279,0.567,-0.326,0.626,0.84,0.554,0.233,0.233,0.263,0.086,0.177,0.625,0.538,0.594,-0.301,0.547,0.762,0.678,0.246,0.807,0.877,0.67,0.752,0.53,0.328,0.272,0.503,0.395,0.724,0.921,0.431,0.321,0.804,-0.201,0.665,0.799,0.498,0.527,0.744,0.475,0.179,0.333,0.748,0.054,0.084,0.734,0.625,0.832,0.646,0.443,0.431,0.816,0.897,0.85,0.329,0.429,0.753,0.147,0.724,-0.175,0.866,0.749,0.468,0.412,-0.677,-0.337,0.89,0.368,0.26,0.543,0.484,0.81,0.446,-0.174,-0.227,0.267,0.614,0.732,0.286,0.232,0.437,0.772,0.863,0.901,0.669,0.177,0.691,0.484,0.193,0.921,0.66,0.803,0.902,0.386,0.407,0.022,0.873,0.784,0.428,0.752,0.948,0.192,0.924,0.738,-0.095,0.921,0.367,-0.1,0.429,0.547,0.658,0.417,0.774,-0.128,0.534,0.923,0.318,0.327,0.166,0.205,0.77,0.483,0.637,0.743,0.654,0.679,0.737,0.131,0.458,0.49,0.797,-0.025,0.874,0.66,0.233,0.9,0.942,0.862,0.782,0.786,0.02,0.784,0.724,0.705,0.321,0.227,-0.196,0.675,-0.517,0.843,0.318
000617SZ,0.718,0.275,0.668,0.884,0.694,0.891,0.655,0.377,0.775,1.0,0.581,0.619,-0.276,0.711,0.25,-0.316,0.783,0.775,0.411,0.907,0.552,0.122,0.591,0.783,-0.1,0.474,0.059,0.475,-0.188,0.734,0.287,0.674,0.641,-0.84,0.143,0.163,-0.676,0.793,0.595,-0.326,-0.605,0.452,-0.463,0.237,0.679,0.751,0.654,0.801,0.898,0.897,0.577,0.902,0.881,0.679,-0.269,0.43,0.25,0.515,-0.247,0.421,0.788,0.666,0.656,0.625,-0.608,0.42,0.047,0.786,-0.214,0.835,0.751,0.84,0.594,0.177,-0.246,0.528,0.446,0.482,0.19,0.867,-0.63,0.794,0.441,0.848,-0.226,0.412,0.847,0.319,0.434,0.741,-0.054,-0.111,0.326,0.733,0.805,0.777,0.024,0.424,0.552,-0.529,0.461,0.677,0.561,0.692,0.439,0.656,-0.206,0.604,0.943,-0.414,0.317,0.402,0.839,0.755,0.924,0.744,0.535,0.674,0.669,0.719,-0.005,0.829,0.281,0.56,0.345,0.322,0.712,0.786,0.037,0.758,-0.763,-0.684,0.667,0.566,-0.21,0.077,-0.011,0.84,-0.023,-0.554,0.053,0.344,0.692,0.871,-0.047,0.583,0.108,0.849,0.608,0.742,0.603,0.011,0.244,0.217,-0.245,0.692,0.312,0.423,0.639,0.691,0.234,-0.407,0.906,0.875,0.722,0.761,0.862,0.639,0.82,0.467,-0.354,0.869,0.403,0.308,0.786,0.85,0.808,0.106,0.583,0.309,0.775,0.708,-0.157,0.018,0.552,-0.264,0.714,0.659,0.274,0.812,0.932,0.75,0.956,-0.307,0.013,0.212,0.494,0.419,0.852,0.875,-0.223,0.676,0.703,0.775,0.757,0.922,0.438,0.403,0.76,0.944,0.682,0.571,0.207,0.89,-0.218,0.819,0.613
000625SZ,0.502,0.299,0.624,0.601,0.54,0.679,0.149,0.742,0.732,0.581,1.0,0.518,0.229,0.646,0.575,0.045,0.673,0.591,0.887,0.55,0.791,0.512,0.756,0.25,0.438,-0.115,0.322,0.703,0.035,0.724,0.713,0.704,0.828,-0.645,0.028,0.478,-0.015,0.33,0.659,0.199,-0.333,0.656,-0.195,0.325,0.594,0.603,0.67,0.662,0.724,0.627,0.916,0.62,0.745,0.888,0.245,0.588,0.827,0.173,0.142,0.85,0.297,0.674,0.795,0.369,-0.037,0.252,0.152,0.602,0.252,0.443,0.773,0.399,0.184,0.734,0.324,0.176,0.309,0.582,0.744,0.587,-0.277,0.492,0.385,0.574,0.189,0.549,0.781,0.513,0.416,0.525,0.46,0.616,0.423,0.54,0.644,0.558,0.114,0.543,0.589,-0.043,0.795,0.851,0.84,0.767,0.67,0.439,0.323,0.475,0.64,0.127,0.35,0.378,0.405,0.737,0.575,0.464,0.761,0.872,0.609,0.789,0.604,0.387,0.632,0.029,0.429,-0.09,0.909,0.88,0.513,0.431,-0.56,-0.222,0.776,0.543,0.262,0.501,0.219,0.827,0.459,-0.441,0.261,0.719,0.702,0.544,0.455,0.132,0.376,0.653,0.461,0.506,0.411,0.323,0.477,0.848,-0.075,0.577,0.353,0.519,0.675,0.31,0.117,-0.156,0.745,0.665,0.434,0.452,0.649,0.286,0.599,0.278,-0.071,0.636,0.845,0.079,0.295,0.553,0.375,0.763,0.572,0.036,0.624,0.577,0.011,0.248,0.425,0.432,0.912,0.3,0.309,0.829,0.448,0.753,0.6,-0.134,0.231,0.165,0.356,0.065,0.7,0.586,0.488,0.822,0.835,0.836,0.895,0.776,0.268,0.525,0.62,0.666,0.322,0.202,-0.11,0.471,-0.447,0.72,0.356
000651SZ,0.921,0.825,0.955,0.545,0.94,0.595,0.454,0.699,0.816,0.619,0.518,1.0,0.377,0.698,0.621,-0.364,0.859,0.896,0.54,0.467,0.775,0.588,0.796,0.317,0.397,0.054,0.629,0.577,0.49,0.87,0.665,0.186,0.417,-0.44,-0.381,0.587,-0.296,0.404,0.795,0.168,-0.714,0.797,0.201,-0.23,0.053,0.229,0.151,0.318,0.599,0.6,0.33,0.754,0.678,0.534,0.35,0.261,0.412,-0.14,0.347,0.411,0.293,0.809,0.383,0.123,-0.517,-0.123,-0.317,0.407,-0.476,0.467,0.619,0.369,0.094,0.098,0.31,-0.111,-0.115,0.386,0.502,0.383,-0.144,0.254,0.919,0.547,0.406,0.822,0.683,0.735,0.873,0.248,0.438,0.154,0.662,0.148,0.595,0.883,0.704,0.009,0.891,0.031,0.678,0.791,0.189,0.289,0.718,0.223,0.376,-0.018,0.602,0.297,-0.231,0.902,0.542,0.824,0.454,0.173,0.167,0.693,0.865,0.668,0.429,0.308,0.699,-0.034,0.857,-0.323,0.654,0.466,0.562,0.167,-0.419,-0.095,0.645,0.122,0.428,0.665,0.626,0.711,0.567,0.094,-0.324,0.028,0.396,0.518,0.386,0.071,0.666,0.546,0.902,0.89,0.729,0.349,0.802,0.367,0.445,0.926,0.73,0.816,0.862,0.189,0.736,0.314,0.767,0.513,0.183,0.84,0.853,0.015,0.898,0.89,0.232,0.746,0.175,-0.379,0.231,0.298,0.461,0.328,0.781,-0.364,0.215,0.878,0.585,0.56,-0.047,0.275,0.465,0.225,0.76,0.514,0.528,0.399,0.623,0.409,0.597,0.686,0.837,-0.301,0.834,0.497,0.219,0.741,0.764,0.616,0.607,0.593,-0.179,0.861,0.516,0.503,0.05,-0.06,-0.451,0.482,-0.69,0.664,0.016
000661SZ,0.237,0.694,0.383,-0.249,0.262,-0.289,-0.44,0.634,0.256,-0.276,0.229,0.377,1.0,0.115,0.719,0.009,0.239,0.152,0.491,-0.486,0.516,0.757,0.484,-0.606,0.823,-0.69,0.599,0.23,0.805,0.293,0.636,-0.479,-0.035,0.259,-0.593,0.657,0.623,-0.586,0.33,0.727,-0.055,0.533,0.675,-0.505,-0.57,-0.52,-0.394,-0.433,-0.228,-0.249,0.034,-0.136,-0.072,0.201,0.929,-0.072,0.512,-0.819,0.888,0.368,-0.666,0.347,0.027,-0.698,0.134,-0.647,-0.421,-0.398,-0.166,-0.447,0.08,-0.542,-0.678,0.202,0.867,-0.827,-0.667,0.053,0.687,-0.486,0.518,-0.575,0.579,-0.178,0.922,0.645,-0.077,0.709,0.609,-0.305,0.838,0.643,0.526,-0.524,-0.214,0.142,0.768,-0.402,0.473,0.697,0.514,0.249,-0.106,-0.284,0.532,-0.499,0.81,-0.637,-0.319,0.907,-0.525,0.537,-0.419,0.245,-0.461,-0.628,-0.142,0.28,0.273,0.159,0.733,-0.622,0.726,-0.83,0.709,-0.879,0.243,-0.133,0.762,-0.696,0.259,0.72,0.24,-0.219,0.88,0.844,0.839,0.024,0.856,0.625,-0.42,-0.122,-0.315,-0.354,0.73,-0.759,0.799,-0.268,0.344,0.191,0.262,0.59,0.793,0.533,0.814,0.346,0.664,0.61,0.447,-0.48,0.553,0.844,0.014,-0.298,-0.618,0.146,0.11,-0.802,0.13,0.466,0.722,-0.028,-0.078,-0.831,-0.707,-0.536,-0.449,0.455,0.477,-0.833,-0.509,0.308,0.806,0.79,-0.679,0.805,0.017,-0.467,0.683,-0.19,-0.459,-0.293,-0.287,0.812,0.811,0.555,0.465,-0.82,-0.004,-0.405,0.863,0.373,0.347,0.054,0.084,-0.219,-0.773,0.579,-0.194,-0.387,-0.765,-0.775,-0.841,-0.45,-0.487,-0.079,-0.673
000708SZ,0.672,0.495,0.71,0.625,0.675,0.621,0.3,0.519,0.715,0.711,0.646,0.698,0.115,1.0,0.541,-0.086,0.747,0.662,0.552,0.645,0.649,0.376,0.642,0.374,0.14,0.227,0.432,0.413,0.178,0.684,0.454,0.465,0.732,-0.56,-0.093,0.393,-0.364,0.409,0.542,-0.026,-0.506,0.581,-0.146,0.049,0.434,0.545,0.572,0.541,0.683,0.586,0.514,0.723,0.721,0.781,0.152,0.313,0.451,0.101,0.225,0.633,0.42,0.699,0.557,0.234,-0.41,0.118,-0.097,0.44,-0.184,0.567,0.601,0.478,0.218,0.32,0.097,0.13,0.077,0.517,0.524,0.541,-0.485,0.476,0.601,0.67,0.213,0.547,0.653,0.503,0.64,0.608,0.326,0.175,0.617,0.443,0.535,0.65,0.328,0.013,0.582,-0.113,0.77,0.714,0.415,0.488,0.587,0.313,0.216,0.251,0.713,0.038,-0.055,0.494,0.48,0.817,0.679,0.336,0.424,0.766,0.611,0.56,0.396,0.524,0.454,0.111,0.581,-0.096,0.729,0.616,0.331,0.351,-0.423,-0.238,0.547,0.65,0.232,0.411,0.287,0.785,0.252,-0.28,-0.092,0.201,0.484,0.553,0.29,0.133,0.472,0.565,0.576,0.654,0.6,0.355,0.508,0.418,0.157,0.691,0.405,0.621,0.675,0.351,0.485,0.03,0.859,0.581,0.305,0.758,0.793,0.313,0.724,0.557,0.122,0.698,0.414,0.005,0.4,0.524,0.476,0.224,0.66,-0.085,0.383,0.705,0.185,0.412,0.219,0.125,0.607,0.334,0.468,0.632,0.669,0.545,0.763,0.098,0.384,0.528,0.544,0.006,0.711,0.538,0.123,0.725,0.681,0.684,0.79,0.775,0.086,0.508,0.581,0.705,0.274,0.149,-0.174,0.554,-0.342,0.63,0.278
000725SZ,0.488,0.674,0.695,0.296,0.523,0.242,-0.081,0.657,0.588,0.25,0.575,0.621,0.719,0.541,1.0,0.147,0.596,0.515,0.769,0.093,0.676,0.631,0.775,-0.141,0.671,-0.273,0.667,0.374,0.663,0.573,0.628,0.029,0.447,-0.101,-0.229,0.861,0.315,-0.049,0.535,0.508,-0.162,0.774,0.307,-0.155,-0.058,0.013,0.047,0.069,0.234,0.229,0.393,0.281,0.354,0.527,0.614,0.32,0.539,-0.348,0.695,0.612,-0.123,0.544,0.314,-0.209,-0.034,-0.199,-0.105,0.093,0.028,-0.005,0.374,0.008,-0.169,0.386,0.547,-0.358,-0.33,0.432,0.719,0.022,0.139,-0.059,0.676,0.215,0.626,0.649,0.331,0.658,0.687,0.151,0.797,0.55,0.668,-0.031,0.332,0.438,0.624,-0.076,0.765,0.506,0.786,0.665,0.323,0.17,0.59,0.019,0.571,-0.198,0.247,0.602,-0.222,0.599,0.01,0.619,0.082,-0.195,0.328,0.566,0.516,0.395,0.775,-0.097,0.697,-0.451,0.785,-0.462,0.552,0.301,0.564,-0.19,-0.07,0.35,0.456,0.139,0.583,0.746,0.597,0.499,0.64,0.19,-0.108,0.228,0.03,0.171,0.568,-0.282,0.856,0.249,0.483,0.442,0.605,0.532,0.753,0.734,0.513,0.577,0.648,0.633,0.606,-0.073,0.638,0.476,0.47,0.132,-0.151,0.49,0.476,-0.286,0.439,0.533,0.587,0.418,0.279,-0.459,-0.292,-0.018,0.025,0.431,0.746,-0.421,-0.048,0.528,0.558,0.747,-0.177,0.583,0.444,0.048,0.77,0.277,0.062,0.165,0.216,0.492,0.678,0.53,0.539,-0.424,0.392,0.095,0.701,0.626,0.595,0.51,0.485,0.279,-0.328,0.588,0.365,0.16,-0.271,-0.385,-0.518,0.101,-0.457,0.383,-0.152
000768SZ,-0.545,-0.34,-0.298,-0.301,-0.485,-0.259,-0.428,-0.359,-0.412,-0.316,0.045,-0.364,0.009,-0.086,0.147,1.0,-0.441,-0.438,0.138,-0.131,-0.357,-0.339,-0.225,-0.339,-0.014,0.034,0.134,-0.419,0.123,-0.443,-0.282,0.12,0.204,0.483,0.429,0.122,0.41,-0.19,-0.489,0.036,0.608,-0.165,0.039,0.447,0.097,0.039,0.092,-0.167,-0.312,-0.431,0.056,-0.438,-0.251,-0.057,-0.082,0.116,-0.036,0.039,0.101,0.227,-0.204,-0.524,-0.165,-0.043,0.556,0.198,0.631,-0.178,0.774,-0.397,-0.47,-0.259,-0.14,0.387,-0.151,0.035,0.058,0.146,0.029,-0.211,0.139,-0.189,-0.417,-0.318,-0.023,-0.5,-0.388,-0.392,-0.374,-0.062,0.263,0.249,0.084,0.003,-0.154,-0.547,-0.241,-0.001,-0.212,0.487,0.102,-0.099,0.145,0.052,-0.241,-0.082,0.094,-0.039,-0.209,0.095,0.109,-0.456,-0.41,-0.166,-0.204,-0.256,0.29,-0.258,-0.482,-0.477,0.309,-0.14,-0.388,-0.28,-0.3,0.176,-0.188,-0.169,-0.254,-0.158,0.586,0.377,-0.486,0.16,-0.072,-0.163,-0.364,-0.092,-0.193,-0.209,0.513,0.295,-0.311,-0.305,0.042,-0.087,0.124,-0.246,-0.62,-0.56,-0.121,0.214,-0.34,0.293,-0.1,-0.522,-0.484,-0.431,-0.505,-0.17,-0.048,-0.003,-0.259,-0.419,-0.168,-0.292,-0.439,0.045,-0.506,-0.518,0.375,-0.454,0.307,0.228,-0.342,-0.131,-0.399,-0.017,-0.191,0.256,-0.171,-0.508,-0.208,0.145,0.21,0.126,-0.049,-0.109,-0.237,-0.168,-0.302,-0.133,-0.299,-0.101,-0.209,-0.197,-0.531,0.077,-0.37,-0.276,0.248,-0.279,-0.399,-0.199,-0.114,-0.197,0.203,-0.515,-0.048,-0.199,-0.089,-0.135,0.197,-0.257,0.353,-0.306,0.045
000776SZ,0.918,0.675,0.881,0.813,0.907,0.767,0.503,0.749,0.954,0.783,0.673,0.859,0.239,0.747,0.596,-0.441,1.0,0.92,0.626,0.619,0.845,0.578,0.838,0.517,0.335,0.108,0.406,0.664,0.197,0.939,0.641,0.389,0.515,-0.715,-0.155,0.556,-0.37,0.518,0.888,0.066,-0.623,0.821,-0.082,-0.138,0.323,0.464,0.354,0.594,0.789,0.817,0.556,0.879,0.757,0.68,0.226,0.413,0.521,0.075,0.2,0.461,0.491,0.951,0.619,0.295,-0.569,0.067,-0.298,0.571,-0.377,0.658,0.851,0.584,0.289,0.197,0.248,0.1,0.142,0.564,0.494,0.585,-0.289,0.539,0.796,0.674,0.219,0.822,0.865,0.701,0.776,0.503,0.285,0.196,0.547,0.381,0.727,0.929,0.469,0.28,0.858,-0.183,0.626,0.804,0.45,0.486,0.729,0.474,0.187,0.296,0.761,0.063,0.052,0.773,0.66,0.872,0.649,0.447,0.379,0.812,0.905,0.823,0.291,0.463,0.721,0.198,0.75,-0.167,0.801,0.704,0.45,0.41,-0.651,-0.352,0.84,0.31,0.223,0.523,0.497,0.801,0.444,-0.13,-0.267,0.196,0.584,0.757,0.295,0.226,0.475,0.769,0.885,0.926,0.728,0.206,0.719,0.444,0.204,0.941,0.688,0.801,0.922,0.403,0.479,0.042,0.875,0.771,0.414,0.792,0.938,0.21,0.942,0.783,-0.045,0.941,0.292,-0.109,0.44,0.532,0.695,0.372,0.81,-0.142,0.503,0.938,0.347,0.361,0.146,0.17,0.698,0.512,0.674,0.7,0.674,0.66,0.747,0.157,0.501,0.531,0.826,-0.024,0.877,0.658,0.173,0.844,0.908,0.854,0.751,0.765,0.009,0.789,0.725,0.697,0.308,0.213,-0.215,0.681,-0.493,0.839,0.302
000786SZ,0.958,0.697,0.926,0.784,0.962,0.815,0.572,0.673,0.908,0.775,0.591,0.896,0.152,0.662,0.515,-0.438,0.92,1.0,0.585,0.66,0.766,0.48,0.845,0.559,0.288,0.197,0.386,0.606,0.18,0.942,0.594,0.398,0.439,-0.668,-0.165,0.508,-0.448,0.655,0.858,0.025,-0.715,0.774,-0.108,-0.156,0.304,0.46,0.291,0.563,0.748,0.814,0.484,0.885,0.746,0.563,0.139,0.363,0.394,0.11,0.147,0.38,0.534,0.836,0.572,0.41,-0.607,0.039,-0.26,0.591,-0.371,0.675,0.738,0.605,0.283,0.074,0.132,0.127,0.153,0.538,0.394,0.567,-0.298,0.516,0.804,0.66,0.179,0.752,0.859,0.601,0.763,0.459,0.24,0.098,0.494,0.353,0.819,0.977,0.496,0.29,0.838,-0.202,0.572,0.8,0.364,0.458,0.631,0.501,0.085,0.275,0.778,0.024,0.026,0.798,0.711,0.816,0.643,0.432,0.363,0.72,0.912,0.762,0.24,0.494,0.645,0.203,0.739,-0.082,0.744,0.653,0.391,0.426,-0.632,-0.333,0.765,0.212,0.188,0.507,0.456,0.785,0.378,-0.135,-0.236,0.181,0.581,0.748,0.15,0.386,0.432,0.794,0.914,0.948,0.73,0.056,0.651,0.342,0.197,0.94,0.635,0.762,0.845,0.389,0.512,0.022,0.851,0.751,0.435,0.828,0.937,0.217,0.948,0.812,-0.058,0.907,0.278,-0.097,0.444,0.558,0.697,0.3,0.768,-0.088,0.49,0.924,0.355,0.294,0.172,0.073,0.663,0.494,0.656,0.684,0.698,0.602,0.728,0.146,0.422,0.492,0.824,-0.041,0.934,0.677,0.078,0.793,0.83,0.779,0.665,0.74,0.029,0.79,0.727,0.684,0.341,0.249,-0.183,0.701,-0.568,0.832,0.302
000800SZ,0.499,0.495,0.667,0.454,0.548,0.516,-0.021,0.757,0.673,0.411,0.887,0.54,0.491,0.552,0.769,0.138,0.626,0.585,1.0,0.327,0.758,0.633,0.83,0.037,0.615,-0.246,0.465,0.593,0.307,0.704,0.745,0.444,0.641,-0.433,-0.053,0.727,0.193,0.158,0.629,0.398,-0.26,0.781,-0.007,0.073,0.312,0.353,0.378,0.397,0.504,0.451,0.774,0.477,0.571,0.749,0.466,0.49,0.8,-0.097,0.435,0.816,0.072,0.623,0.635,0.131,0.002,-0.0,0.031,0.379,0.26,0.237,0.616,0.205,-0.047,0.664,0.483,-0.089,0.063,0.579,0.806,0.294,-0.045,0.231,0.504,0.393,0.442,0.624,0.614,0.613,0.55,0.384,0.661,0.707,0.542,0.259,0.549,0.524,0.356,0.361,0.68,0.257,0.811,0.804,0.669,0.523,0.666,0.277,0.429,0.181,0.47,0.372,0.149,0.488,0.211,0.703,0.326,0.167,0.669,0.795,0.581,0.643,0.727,0.137,0.713,-0.259,0.601,-0.291,0.793,0.67,0.595,0.136,-0.338,0.086,0.659,0.329,0.441,0.682,0.422,0.696,0.606,-0.195,0.09,0.562,0.434,0.372,0.497,-0.041,0.594,0.529,0.483,0.473,0.491,0.356,0.621,0.908,0.19,0.583,0.507,0.6,0.666,0.122,0.296,0.123,0.627,0.445,0.161,0.451,0.572,-0.03,0.51,0.376,0.214,0.528,0.68,-0.145,-0.038,0.329,0.183,0.726,0.679,-0.179,0.352,0.574,0.262,0.46,0.16,0.556,0.78,0.163,0.523,0.59,0.233,0.507,0.383,0.138,0.458,0.265,0.457,-0.185,0.58,0.344,0.689,0.789,0.759,0.748,0.728,0.561,-0.03,0.591,0.551,0.426,0.053,-0.061,-0.317,0.287,-0.485,0.589,0.132
000807SZ,0.541,0.04,0.524,0.857,0.535,0.905,0.707,0.171,0.614,0.907,0.55,0.467,-0.486,0.645,0.093,-0.131,0.619,0.66,0.327,1.0,0.354,-0.127,0.434,0.841,-0.205,0.622,-0.006,0.353,-0.33,0.579,0.114,0.829,0.677,-0.767,0.365,0.039,-0.74,0.902,0.418,-0.506,-0.471,0.29,-0.567,0.468,0.822,0.875,0.739,0.845,0.879,0.853,0.558,0.846,0.812,0.574,-0.506,0.479,0.114,0.705,-0.408,0.379,0.909,0.468,0.635,0.802,-0.456,0.632,0.313,0.87,0.001,0.86,0.615,0.895,0.71,0.179,-0.476,0.733,0.625,0.516,0.019,0.907,-0.702,0.884,0.208,0.818,-0.438,0.155,0.784,0.037,0.205,0.762,-0.205,-0.201,0.197,0.861,0.85,0.622,-0.184,0.557,0.406,-0.564,0.345,0.613,0.594,0.797,0.24,0.794,-0.351,0.757,0.954,-0.553,0.473,0.192,0.871,0.654,0.974,0.821,0.632,0.557,0.495,0.581,-0.098,0.943,0.039,0.685,0.112,0.561,0.621,0.768,-0.176,0.884,-0.704,-0.728,0.51,0.635,-0.417,-0.131,-0.277,0.812,-0.242,-0.731,0.27,0.463,0.716,0.887,-0.215,0.775,-0.065,0.847,0.396,0.566,0.492,-0.137,-0.011,0.157,-0.441,0.485,0.008,0.191,0.406,0.734,0.087,-0.593,0.827,0.829,0.84,0.656,0.712,0.83,0.673,0.241,-0.428,0.759,0.516,0.546,0.847,0.93,0.821,0.033,0.395,0.541,0.836,0.526,-0.375,-0.167,0.774,-0.405,0.697,0.756,0.055,0.838,0.954,0.805,0.898,-0.499,-0.221,0.049,0.251,0.603,0.799,0.913,-0.363,0.494,0.527,0.711,0.672,0.907,0.662,0.165,0.797,0.956,0.845,0.728,0.455,0.917,-0.068,0.78,0.783
000858SZ,0.787,0.673,0.815,0.56,0.789,0.577,0.205,0.964,0.889,0.552,0.791,0.775,0.516,0.649,0.676,-0.357,0.845,0.766,0.758,0.354,1.0,0.797,0.874,0.197,0.619,-0.291,0.486,0.8,0.279,0.886,0.893,0.313,0.581,-0.616,-0.358,0.609,0.003,0.206,0.9,0.414,-0.544,0.811,0.085,-0.124,0.224,0.29,0.365,0.463,0.641,0.627,0.684,0.667,0.698,0.79,0.534,0.415,0.768,-0.134,0.374,0.664,0.132,0.892,0.699,0.061,-0.251,-0.093,-0.306,0.424,-0.268,0.401,0.815,0.263,0.006,0.444,0.581,-0.151,-0.009,0.454,0.799,0.423,-0.073,0.282,0.76,0.504,0.469,0.887,0.773,0.835,0.733,0.325,0.547,0.557,0.507,0.218,0.532,0.785,0.499,0.185,0.752,-0.006,0.782,0.815,0.522,0.452,0.843,0.218,0.473,0.153,0.51,0.377,0.008,0.733,0.367,0.765,0.403,0.267,0.423,0.848,0.848,0.874,0.61,0.162,0.928,-0.108,0.755,-0.437,0.869,0.703,0.742,0.181,-0.554,-0.104,0.914,0.279,0.539,0.75,0.649,0.704,0.706,0.011,-0.167,0.318,0.546,0.477,0.572,-0.099,0.546,0.557,0.808,0.769,0.531,0.396,0.829,0.66,0.308,0.862,0.765,0.831,0.927,0.179,0.387,0.197,0.729,0.627,0.188,0.58,0.801,-0.049,0.792,0.675,0.074,0.737,0.437,-0.324,0.183,0.29,0.372,0.682,0.736,-0.362,0.378,0.814,0.437,0.447,-0.011,0.551,0.734,0.168,0.637,0.66,0.368,0.548,0.553,0.26,0.599,0.481,0.725,-0.25,0.728,0.489,0.519,0.907,0.961,0.77,0.79,0.631,-0.149,0.866,0.48,0.509,0.025,-0.037,-0.462,0.371,-0.661,0.721,0.032
000876SZ,0.565,0.735,0.581,0.133,0.579,0.131,-0.118,0.881,0.584,0.122,0.512,0.588,0.757,0.376,0.631,-0.339,0.578,0.48,0.633,-0.127,0.797,1.0,0.685,-0.221,0.717,-0.587,0.487,0.651,0.476,0.642,0.831,-0.13,0.186,-0.253,-0.541,0.614,0.314,-0.248,0.702,0.695,-0.41,0.705,0.355,-0.45,-0.226,-0.17,-0.059,0.015,0.244,0.218,0.387,0.299,0.301,0.507,0.865,0.115,0.746,-0.545,0.632,0.467,-0.309,0.72,0.349,-0.342,-0.103,-0.493,-0.555,-0.022,-0.3,0.017,0.54,-0.144,-0.374,0.314,0.898,-0.555,-0.379,0.156,0.815,-0.067,0.234,-0.168,0.702,0.149,0.743,0.874,0.387,0.871,0.729,0.003,0.621,0.637,0.491,-0.233,0.115,0.521,0.671,-0.099,0.588,0.287,0.62,0.526,0.182,0.016,0.723,-0.185,0.693,-0.264,0.063,0.661,-0.275,0.71,-0.021,0.516,-0.055,-0.155,0.08,0.633,0.65,0.586,0.623,-0.261,0.928,-0.463,0.753,-0.75,0.556,0.3,0.884,-0.282,-0.215,0.255,0.654,-0.06,0.779,0.863,0.858,0.319,0.898,0.391,-0.415,0.012,0.206,0.048,0.708,-0.49,0.621,0.168,0.675,0.53,0.343,0.453,0.877,0.577,0.584,0.663,0.814,0.802,0.778,-0.17,0.398,0.541,0.372,0.228,-0.242,0.322,0.478,-0.5,0.498,0.651,0.315,0.379,0.141,-0.612,-0.252,-0.147,-0.026,0.664,0.61,-0.682,-0.069,0.622,0.677,0.58,-0.444,0.725,0.361,-0.212,0.654,0.214,-0.069,0.107,0.122,0.562,0.787,0.504,0.691,-0.596,0.369,0.009,0.701,0.697,0.7,0.44,0.453,0.196,-0.563,0.839,0.102,0.039,-0.408,-0.406,-0.761,-0.063,-0.645,0.336,-0.382
000895SZ,0.8,0.728,0.899,0.643,0.818,0.64,0.253,0.833,0.868,0.591,0.756,0.796,0.484,0.642,0.775,-0.225,0.838,0.845,0.83,0.434,0.874,0.685,1.0,0.229,0.616,-0.138,0.539,0.626,0.375,0.898,0.766,0.316,0.534,-0.519,-0.218,0.702,-0.071,0.327,0.825,0.339,-0.527,0.834,0.04,-0.148,0.221,0.309,0.266,0.389,0.59,0.624,0.619,0.656,0.651,0.683,0.451,0.384,0.611,-0.123,0.476,0.651,0.237,0.797,0.616,0.166,-0.303,-0.095,-0.199,0.425,-0.132,0.366,0.673,0.358,0.021,0.335,0.442,-0.127,-0.035,0.524,0.691,0.352,-0.133,0.267,0.781,0.571,0.472,0.81,0.726,0.731,0.794,0.449,0.616,0.449,0.595,0.251,0.669,0.801,0.561,0.206,0.849,0.099,0.806,0.865,0.46,0.449,0.695,0.3,0.386,0.128,0.577,0.341,-0.036,0.753,0.417,0.814,0.437,0.189,0.483,0.791,0.801,0.734,0.611,0.232,0.815,-0.152,0.813,-0.316,0.833,0.632,0.598,0.177,-0.482,0.003,0.801,0.284,0.478,0.731,0.59,0.734,0.626,-0.033,-0.148,0.326,0.422,0.532,0.423,0.077,0.644,0.609,0.793,0.781,0.733,0.277,0.775,0.682,0.356,0.85,0.728,0.801,0.835,0.212,0.547,0.219,0.762,0.56,0.205,0.711,0.813,-0.023,0.777,0.709,0.221,0.763,0.424,-0.277,0.103,0.36,0.394,0.507,0.867,-0.28,0.337,0.824,0.444,0.505,0.037,0.389,0.719,0.31,0.768,0.625,0.423,0.506,0.564,0.306,0.589,0.515,0.748,-0.247,0.773,0.461,0.491,0.878,0.876,0.747,0.688,0.621,-0.136,0.774,0.583,0.509,0.062,-0.004,-0.383,0.426,-0.598,0.689,0.101
000938SZ,0.495,-0.092,0.357,0.804,0.463,0.81,0.862,0.008,0.493,0.783,0.25,0.317,-0.606,0.374,-0.141,-0.339,0.517,0.559,0.037,0.841,0.197,-0.221,0.229,1.0,-0.318,0.712,-0.135,0.332,-0.469,0.426,-0.021,0.646,0.373,-0.715,0.468,-0.021,-0.714,0.901,0.393,-0.549,-0.379,0.221,-0.475,0.321,0.676,0.723,0.539,0.788,0.738,0.843,0.346,0.758,0.623,0.254,-0.632,0.53,-0.153,0.797,-0.604,-0.04,0.93,0.384,0.449,0.788,-0.45,0.652,0.209,0.804,-0.15,0.864,0.534,0.905,0.834,-0.058,-0.572,0.801,0.69,0.403,-0.244,0.817,-0.468,0.865,0.105,0.589,-0.617,0.073,0.681,-0.06,0.026,0.549,-0.494,-0.445,-0.175,0.654,0.701,0.578,-0.315,0.524,0.227,-0.642,-0.003,0.35,0.391,0.54,0.145,0.876,-0.637,0.762,0.791,-0.644,0.566,0.129,0.888,0.384,0.801,0.841,0.406,0.308,0.441,0.488,-0.384,0.801,-0.058,0.879,-0.028,0.67,0.32,0.591,-0.322,0.874,-0.669,-0.815,0.404,0.328,-0.577,-0.298,-0.338,0.504,-0.403,-0.526,0.208,0.235,0.651,0.885,-0.491,0.804,-0.352,0.778,0.386,0.535,0.276,-0.455,-0.13,-0.156,-0.537,0.409,0.015,0.031,0.284,0.874,-0.129,-0.679,0.565,0.798,0.877,0.417,0.57,0.798,0.546,0.169,-0.657,0.729,0.217,0.631,0.875,0.772,0.904,-0.143,0.156,0.573,0.763,0.411,-0.397,-0.457,0.682,-0.563,0.465,0.814,-0.053,0.621,0.825,0.683,0.74,-0.566,-0.282,-0.155,0.213,0.744,0.601,0.855,-0.562,0.234,0.366,0.595,0.418,0.67,0.653,0.097,0.736,0.795,0.845,0.859,0.572,0.914,0.123,0.753,0.798
000963SZ,0.299,0.547,0.475,-0.007,0.329,-0.003,-0.168,0.703,0.36,-0.1,0.438,0.397,0.823,0.14,0.671,-0.014,0.335,0.288,0.615,-0.205,0.619,0.717,0.616,-0.318,1.0,-0.617,0.601,0.453,0.588,0.425,0.735,-0.138,0.169,0.025,-0.295,0.691,0.505,-0.311,0.455,0.666,-0.146,0.571,0.542,-0.198,-0.225,-0.262,-0.108,-0.162,0.036,0.037,0.328,0.053,0.155,0.33,0.735,0.206,0.521,-0.488,0.699,0.48,-0.373,0.413,0.325,-0.364,0.261,-0.304,-0.147,-0.008,-0.014,-0.2,0.264,-0.26,-0.418,0.353,0.736,-0.515,-0.354,0.14,0.715,-0.211,0.432,-0.32,0.489,0.04,0.717,0.624,0.168,0.67,0.497,-0.096,0.742,0.623,0.358,-0.208,0.092,0.252,0.552,-0.104,0.496,0.524,0.568,0.45,0.171,0.067,0.509,-0.146,0.658,-0.275,-0.108,0.808,-0.166,0.476,-0.16,0.362,-0.219,-0.305,0.222,0.414,0.345,0.387,0.752,-0.355,0.752,-0.552,0.612,-0.601,0.423,0.154,0.719,-0.359,0.028,0.541,0.452,-0.091,0.719,0.787,0.668,0.203,0.8,0.401,-0.123,0.197,-0.038,-0.076,0.617,-0.465,0.628,-0.008,0.391,0.261,0.306,0.385,0.702,0.642,0.526,0.399,0.626,0.529,0.487,-0.164,0.4,0.532,0.152,-0.028,-0.284,0.18,0.198,-0.508,0.217,0.376,0.507,0.15,0.192,-0.546,-0.483,-0.269,-0.243,0.582,0.507,-0.589,-0.174,0.343,0.553,0.539,-0.329,0.687,0.288,-0.196,0.587,0.119,-0.271,-0.005,-0.104,0.526,0.673,0.344,0.388,-0.522,0.182,-0.073,0.807,0.442,0.492,0.28,0.232,-0.007,-0.476,0.552,0.012,-0.146,-0.49,-0.421,-0.625,-0.229,-0.471,0.212,-0.411
000999SZ,0.121,-0.251,0.046,0.445,0.125,0.464,0.637,-0.458,0.068,0.474,-0.115,0.054,-0.69,0.227,-0.273,0.034,0.108,0.197,-0.246,0.622,-0.291,-0.587,-0.138,0.712,-0.617,1.0,-0.223,-0.175,-0.328,0.012,-0.471,0.428,0.149,-0.263,0.534,-0.211,-0.7,0.72,-0.104,-0.772,-0.122,-0.101,-0.403,0.257,0.442,0.55,0.28,0.432,0.331,0.384,-0.078,0.389,0.253,-0.068,-0.761,0.196,-0.473,0.668,-0.555,-0.259,0.75,-0.076,0.08,0.626,-0.399,0.517,0.31,0.439,-0.011,0.579,-0.001,0.674,0.652,-0.313,-0.812,0.695,0.51,0.302,-0.563,0.479,-0.516,0.618,-0.148,0.351,-0.622,-0.35,0.204,-0.449,-0.146,0.413,-0.565,-0.679,-0.123,0.472,0.393,0.175,-0.36,0.236,-0.032,-0.391,-0.189,-0.018,0.047,0.243,-0.186,0.619,-0.734,0.506,0.527,-0.721,0.341,-0.144,0.636,0.11,0.555,0.488,0.118,-0.035,0.021,-0.057,-0.534,0.679,-0.502,0.673,-0.228,0.729,-0.068,0.164,-0.631,0.596,-0.215,-0.548,-0.174,0.297,-0.686,-0.533,-0.569,0.247,-0.674,-0.513,0.16,0.019,0.233,0.53,-0.713,0.729,-0.33,0.432,-0.023,0.155,0.166,-0.49,-0.439,-0.394,-0.445,-0.001,-0.389,-0.254,-0.164,0.618,-0.058,-0.543,0.265,0.337,0.647,0.297,0.222,0.699,0.161,-0.061,-0.405,0.309,0.009,0.625,0.608,0.567,0.597,-0.522,-0.068,0.628,0.39,0.071,-0.442,-0.402,0.564,-0.765,0.085,0.622,-0.223,0.234,0.631,0.324,0.452,-0.476,-0.463,-0.15,-0.067,0.637,0.258,0.472,-0.699,-0.147,-0.127,0.177,0.064,0.363,0.566,-0.297,0.516,0.493,0.7,0.635,0.632,0.668,0.399,0.289,0.681
001965SZ,0.429,0.588,0.62,0.071,0.465,0.12,0.074,0.447,0.348,0.059,0.322,0.629,0.599,0.432,0.667,0.134,0.406,0.386,0.465,-0.006,0.486,0.487,0.539,-0.135,0.601,-0.223,1.0,0.266,0.766,0.418,0.575,-0.105,0.329,0.143,-0.257,0.742,0.276,-0.066,0.375,0.403,-0.134,0.646,0.61,-0.123,-0.238,-0.102,-0.103,-0.142,0.115,0.07,0.133,0.203,0.211,0.226,0.502,0.273,0.263,-0.361,0.593,0.382,-0.113,0.387,-0.007,-0.28,0.124,-0.155,-0.003,0.055,-0.091,-0.115,0.131,-0.105,-0.178,0.309,0.444,-0.328,-0.301,0.237,0.504,-0.067,0.34,-0.221,0.641,0.04,0.551,0.527,0.177,0.558,0.564,-0.144,0.686,0.36,0.577,-0.216,0.166,0.339,0.64,-0.273,0.64,0.589,0.614,0.537,0.005,0.019,0.513,-0.061,0.597,-0.317,0.069,0.682,-0.315,0.594,0.019,0.481,-0.071,-0.27,0.109,0.325,0.407,0.195,0.72,-0.184,0.507,-0.398,0.664,-0.435,0.281,0.067,0.496,-0.244,0.149,0.459,0.208,-0.046,0.57,0.652,0.553,0.287,0.59,0.355,-0.104,-0.017,-0.102,0.044,0.506,-0.329,0.729,0.032,0.43,0.39,0.461,0.522,0.667,0.489,0.582,0.474,0.524,0.47,0.443,-0.095,0.681,0.557,0.263,-0.055,-0.247,0.389,0.327,-0.25,0.349,0.496,0.625,0.242,0.127,-0.487,-0.316,-0.211,-0.065,0.328,0.508,-0.506,-0.225,0.389,0.653,0.667,-0.208,0.572,0.116,-0.076,0.673,0.095,-0.053,0.077,0.102,0.596,0.619,0.575,0.433,-0.455,0.288,0.057,0.51,0.349,0.346,0.229,0.229,0.085,-0.299,0.507,0.165,-0.018,-0.346,-0.365,-0.492,-0.042,-0.466,0.216,-0.255
002001SZ,0.591,0.314,0.609,0.488,0.619,0.596,0.383,0.777,0.663,0.475,0.703,0.577,0.23,0.413,0.374,-0.419,0.664,0.606,0.593,0.353,0.8,0.651,0.626,0.332,0.453,-0.175,0.266,1.0,-0.005,0.7,0.799,0.436,0.521,-0.669,-0.137,0.43,-0.011,0.282,0.795,0.336,-0.527,0.64,0.006,0.107,0.359,0.342,0.461,0.562,0.657,0.656,0.702,0.624,0.7,0.648,0.285,0.57,0.653,0.155,-0.025,0.446,0.23,0.73,0.647,0.253,-0.077,0.166,-0.108,0.58,-0.145,0.513,0.825,0.357,0.269,0.467,0.43,0.126,0.207,0.253,0.604,0.526,-0.031,0.389,0.454,0.401,0.134,0.659,0.758,0.619,0.384,0.204,0.179,0.39,0.125,0.284,0.512,0.638,0.136,0.407,0.526,-0.191,0.527,0.721,0.621,0.511,0.695,0.376,0.212,0.351,0.475,0.178,0.325,0.522,0.478,0.545,0.379,0.495,0.452,0.766,0.728,0.89,0.39,0.244,0.737,0.181,0.427,-0.159,0.667,0.748,0.617,0.369,-0.65,-0.335,0.81,0.09,0.266,0.502,0.338,0.583,0.526,-0.123,0.102,0.453,0.72,0.509,0.336,0.047,0.187,0.565,0.639,0.576,0.208,0.115,0.547,0.515,-0.085,0.653,0.551,0.502,0.756,0.324,-0.0,-0.138,0.534,0.687,0.395,0.296,0.591,0.142,0.596,0.378,-0.27,0.633,0.505,-0.085,0.327,0.325,0.427,0.756,0.403,-0.115,0.532,0.565,0.122,0.037,0.213,0.394,0.676,0.181,0.276,0.676,0.32,0.598,0.486,-0.11,0.28,0.048,0.442,0.012,0.614,0.589,0.314,0.666,0.806,0.717,0.719,0.554,0.109,0.708,0.443,0.5,0.205,0.169,-0.248,0.411,-0.562,0.737,0.168
