,000001SZ,000002SZ,000157SZ,000166SZ,000333SZ,000338SZ,000538SZ,000568SZ,000596SZ,000617SZ,000625SZ,000651SZ,000661SZ,000708SZ,000725SZ,000768SZ,000776SZ,000786SZ,000800SZ,000807SZ,000858SZ,000876SZ,000895SZ,000938SZ,000963SZ,000999SZ,001965SZ,002001SZ,002007SZ,002027SZ,002028SZ,002050SZ,002129SZ,002179SZ,002230SZ,002236SZ,002241SZ,002271SZ,002304SZ,002311SZ,002371SZ,002415SZ,002422SZ,002459SZ,002460SZ,002463SZ,002466SZ,002475SZ,002493SZ,002555SZ,002594SZ,002601SZ,002648SZ,002709SZ,002714SZ,002916SZ,002920SZ,002938SZ,003816SZ,300014SZ,300033SZ,300059SZ,300122SZ,300124SZ,300274SZ,300308SZ,300316SZ,300347SZ,300394SZ,300408SZ,300413SZ,300418SZ,300433SZ,300450SZ,300498SZ,300502SZ,300628SZ,300661SZ,300750SZ,300759SZ,300760SZ,300782SZ,600000SS,600010SS,600011SS,600015SS,600016SS,600018SS,600019SS,600023SS,600025SS,600026SS,600028SS,600029SS,600031SS,600036SS,600048SS,600050SS,600061SS,600085SS,600089SS,600104SS,600111SS,600115SS,600161SS,600183SS,600188SS,600196SS,600219SS,600233SS,600276SS,600309SS,600332SS,600346SS,600362SS,600377SS,600406SS,600415SS,600426SS,600436SS,600438SS,600489SS,600519SS,600570SS,600585SS,600588SS,600600SS,600660SS,600674SS,600741SS,600760SS,600795SS,600809SS,600875SS,600886SS,600887SS,600926SS,600989SS,601006SS,601009SS,601012SS,601021SS,601058SS,601066SS,601088SS,601100SS,601117SS,601138SS,601166SS,601169SS,601186SS,601225SS,601229SS,601238SS,601288SS,601318SS,601319SS,601328SS,601336SS,601360SS,601390SS,601398SS,601600SS,601601SS,601607SS,601618SS,601628SS,601633SS,601658SS,601668SS,601669SS,601688SS,601689SS,601698SS,601699SS,601766SS,601788SS,601799SS,601800SS,601808SS,601816SS,601818SS,601838SS,601857SS,601865SS,601872SS,601877SS,601878SS,601881SS,601888SS,601899SS,601901SS,601919SS,601939SS,601985SS,601988SS,601998SS,603019SS,603195SS,603259SS,603260SS,603288SS,603369SS,603501SS,603659SS,603799SS,603806SS,603833SS,603986SS,603993SS,688008SS,688009SS,688012SS,688036SS,688111SS,688169SS,688396SS
000001SZ,1.0,0.962,0.923,0.83,0.779,0.943,0.579,0.666,0.798,0.883,0.607,0.917,0.238,0.868,0.19,-0.091,0.93,0.805,0.747,0.818,0.838,0.571,0.872,0.735,-0.18,0.557,0.464,0.59,0.586,0.836,0.402,-0.62,-0.774,-0.798,-0.54,0.032,-0.485,0.908,0.606,-0.14,-0.644,0.684,-0.489,-0.591,-0.576,0.034,-0.719,-0.392,0.837,0.534,-0.175,0.868,0.593,-0.255,0.045,-0.2,-0.482,-0.692,0.83,-0.591,0.908,0.842,-0.792,0.308,-0.618,-0.575,-0.815,-0.347,-0.682,0.304,0.402,0.192,0.617,-0.739,0.082,-0.518,-0.736,0.503,-0.135,-0.246,0.722,0.518,0.976,0.066,0.484,0.954,0.925,0.888,0.939,0.541,0.71,-0.813,0.878,0.21,0.802,0.963,0.815,0.856,0.936,0.59,-0.373,0.898,-0.426,0.191,0.219,0.479,-0.357,0.361,0.886,0.548,-0.229,0.881,0.751,0.92,0.581,0.843,0.074,0.526,0.962,0.047,-0.634,0.406,0.887,-0.165,0.852,-0.555,0.51,-0.096,0.744,0.644,-0.759,0.548,0.201,-0.678,0.81,0.825,0.88,0.056,0.781,0.954,-0.591,0.32,0.462,0.021,0.381,0.483,0.857,0.864,0.982,0.948,0.853,-0.378,0.948,0.117,0.895,0.971,0.831,0.901,0.981,-0.247,0.849,0.825,0.888,0.929,0.588,0.826,0.986,0.378,0.886,0.919,0.676,0.882,-0.758,0.633,0.784,0.628,0.762,-0.362,0.83,0.035,0.56,0.942,0.893,0.872,-0.633,-0.818,0.088,0.421,0.884,0.554,0.826,0.073,0.865,0.891,0.775,0.865,0.865,-0.45,0.739,-0.539,-0.783,0.483,0.51,-0.004,-0.25,-0.351,-0.809,0.912,0.553,0.406,0.236,0.876,-0.603,0.752,-0.657,0.543,0.379
000002SZ,0.962,1.0,0.88,0.721,0.709,0.878,0.516,0.567,0.733,0.896,0.527,0.875,0.136,0.874,0.048,-0.125,0.847,0.772,0.664,0.748,0.744,0.522,0.832,0.689,-0.258,0.53,0.421,0.514,0.566,0.727,0.404,-0.678,-0.845,-0.876,-0.639,-0.132,-0.508,0.923,0.47,-0.212,-0.672,0.573,-0.566,-0.585,-0.618,-0.064,-0.738,-0.504,0.805,0.476,-0.245,0.78,0.505,-0.288,-0.008,-0.339,-0.539,-0.745,0.836,-0.601,0.821,0.727,-0.82,0.15,-0.582,-0.68,-0.842,-0.465,-0.747,0.169,0.278,0.069,0.473,-0.765,0.059,-0.628,-0.798,0.407,-0.192,-0.343,0.71,0.44,0.948,0.049,0.546,0.941,0.902,0.876,0.918,0.597,0.739,-0.816,0.893,0.215,0.746,0.899,0.854,0.844,0.884,0.592,-0.479,0.829,-0.46,0.165,0.152,0.403,-0.338,0.32,0.823,0.448,-0.292,0.821,0.66,0.894,0.528,0.866,0.152,0.473,0.969,-0.101,-0.671,0.468,0.791,-0.303,0.787,-0.632,0.444,-0.195,0.793,0.547,-0.746,0.635,0.086,-0.629,0.849,0.733,0.845,0.112,0.816,0.93,-0.645,0.326,0.343,-0.121,0.476,0.424,0.83,0.753,0.96,0.946,0.861,-0.32,0.944,0.04,0.898,0.914,0.855,0.919,0.944,-0.358,0.863,0.826,0.845,0.902,0.523,0.822,0.964,0.303,0.87,0.927,0.711,0.783,-0.811,0.498,0.818,0.553,0.674,-0.379,0.864,0.077,0.516,0.938,0.867,0.855,-0.658,-0.857,-0.038,0.297,0.834,0.484,0.75,-0.041,0.819,0.899,0.729,0.886,0.86,-0.593,0.696,-0.66,-0.822,0.365,0.358,-0.144,-0.327,-0.422,-0.832,0.905,0.482,0.266,0.204,0.86,-0.659,0.656,-0.72,0.416,0.225
000157SZ,0.923,0.88,1.0,0.891,0.846,0.911,0.596,0.584,0.779,0.71,0.45,0.928,0.231,0.78,0.334,-0.136,0.911,0.865,0.57,0.761,0.715,0.562,0.828,0.618,-0.109,0.566,0.505,0.536,0.47,0.787,0.34,-0.557,-0.667,-0.7,-0.413,0.15,-0.464,0.913,0.642,-0.136,-0.533,0.642,-0.396,-0.535,-0.525,0.073,-0.631,-0.216,0.771,0.501,-0.191,0.784,0.538,-0.283,0.051,-0.07,-0.49,-0.513,0.75,-0.553,0.814,0.849,-0.704,0.357,-0.596,-0.442,-0.667,-0.231,-0.606,0.395,0.417,0.277,0.603,-0.611,0.054,-0.39,-0.587,0.5,-0.169,-0.087,0.603,0.495,0.939,0.065,0.431,0.888,0.907,0.867,0.889,0.477,0.646,-0.663,0.767,0.089,0.916,0.936,0.849,0.661,0.912,0.521,-0.222,0.785,-0.377,0.138,0.175,0.477,-0.286,0.229,0.898,0.523,-0.286,0.884,0.618,0.812,0.62,0.722,0.004,0.463,0.889,0.124,-0.512,0.392,0.833,-0.04,0.908,-0.426,0.425,-0.067,0.648,0.589,-0.563,0.465,0.246,-0.637,0.656,0.784,0.931,0.246,0.693,0.946,-0.602,0.231,0.367,0.212,0.324,0.564,0.802,0.808,0.939,0.878,0.762,-0.288,0.913,0.059,0.837,0.924,0.793,0.835,0.916,-0.161,0.774,0.779,0.881,0.844,0.505,0.758,0.898,0.264,0.883,0.858,0.607,0.888,-0.723,0.438,0.753,0.58,0.833,-0.378,0.717,0.036,0.468,0.878,0.907,0.786,-0.562,-0.643,0.119,0.566,0.911,0.478,0.834,0.196,0.773,0.84,0.79,0.803,0.83,-0.427,0.744,-0.365,-0.629,0.453,0.496,0.153,-0.197,-0.231,-0.698,0.904,0.577,0.515,0.367,0.812,-0.479,0.75,-0.638,0.582,0.439
000166SZ,0.83,0.721,0.891,1.0,0.878,0.848,0.68,0.719,0.805,0.583,0.503,0.893,0.493,0.627,0.6,0.004,0.951,0.822,0.594,0.764,0.796,0.681,0.801,0.609,0.153,0.646,0.422,0.482,0.445,0.865,0.229,-0.45,-0.447,-0.445,-0.108,0.466,-0.35,0.782,0.845,0.097,-0.358,0.749,-0.165,-0.462,-0.378,0.313,-0.511,0.053,0.741,0.565,-0.037,0.811,0.595,-0.17,0.214,0.233,-0.309,-0.28,0.577,-0.449,0.836,0.955,-0.539,0.562,-0.574,-0.12,-0.553,0.073,-0.351,0.647,0.696,0.542,0.809,-0.46,0.134,-0.085,-0.337,0.665,-0.055,0.182,0.552,0.658,0.812,0.092,0.201,0.731,0.748,0.71,0.751,0.264,0.421,-0.554,0.577,0.112,0.849,0.882,0.663,0.574,0.85,0.484,-0.056,0.763,-0.236,0.21,0.305,0.522,-0.289,0.31,0.843,0.619,-0.079,0.878,0.687,0.741,0.643,0.529,-0.203,0.616,0.733,0.415,-0.374,0.255,0.909,0.247,0.921,-0.153,0.544,0.131,0.409,0.689,-0.51,0.189,0.463,-0.686,0.464,0.874,0.823,0.176,0.461,0.845,-0.455,0.265,0.555,0.476,0.077,0.557,0.668,0.848,0.809,0.734,0.564,-0.379,0.761,0.171,0.657,0.89,0.556,0.643,0.837,0.145,0.568,0.595,0.77,0.741,0.621,0.568,0.786,0.357,0.715,0.682,0.372,0.953,-0.599,0.549,0.658,0.478,0.93,-0.327,0.506,-0.114,0.499,0.702,0.779,0.622,-0.414,-0.485,0.305,0.809,0.876,0.589,0.814,0.46,0.637,0.647,0.686,0.593,0.622,-0.074,0.776,-0.108,-0.451,0.643,0.743,0.466,0.003,-0.111,-0.53,0.82,0.675,0.679,0.418,0.676,-0.274,0.868,-0.362,0.813,0.7
000333SZ,0.779,0.709,0.846,0.878,1.0,0.854,0.815,0.603,0.862,0.492,0.279,0.949,0.403,0.5,0.542,-0.226,0.873,0.948,0.441,0.621,0.674,0.601,0.821,0.689,0.142,0.683,0.463,0.435,0.535,0.879,0.346,-0.555,-0.471,-0.43,-0.142,0.495,-0.503,0.874,0.871,0.171,-0.479,0.784,-0.062,-0.627,-0.519,0.352,-0.614,0.089,0.62,0.666,-0.218,0.786,0.411,-0.385,0.042,0.26,-0.475,-0.256,0.478,-0.593,0.749,0.881,-0.486,0.585,-0.726,-0.192,-0.628,0.143,-0.434,0.671,0.666,0.623,0.742,-0.529,-0.072,-0.024,-0.259,0.716,-0.272,0.25,0.603,0.705,0.76,-0.065,0.274,0.632,0.636,0.568,0.728,0.246,0.309,-0.46,0.46,-0.13,0.844,0.9,0.763,0.485,0.74,0.341,-0.254,0.589,-0.449,-0.035,0.463,0.595,-0.455,0.341,0.777,0.572,-0.163,0.952,0.674,0.659,0.497,0.401,-0.233,0.443,0.712,0.39,-0.475,0.155,0.836,0.379,0.941,-0.097,0.396,-0.053,0.344,0.535,-0.473,0.16,0.38,-0.667,0.412,0.877,0.866,0.11,0.313,0.799,-0.621,0.033,0.408,0.407,-0.124,0.748,0.526,0.827,0.78,0.699,0.452,-0.556,0.687,-0.085,0.652,0.857,0.47,0.599,0.754,0.14,0.484,0.576,0.651,0.719,0.661,0.503,0.738,0.148,0.694,0.672,0.249,0.902,-0.675,0.398,0.593,0.367,0.918,-0.508,0.413,-0.337,0.272,0.631,0.825,0.471,-0.526,-0.43,0.101,0.749,0.843,0.419,0.798,0.303,0.505,0.612,0.674,0.509,0.577,-0.088,0.781,-0.039,-0.489,0.6,0.666,0.482,-0.165,-0.189,-0.519,0.903,0.746,0.575,0.524,0.589,-0.357,0.885,-0.384,0.778,0.637
000338SZ,0.943,0.878,0.911,0.848,0.854,1.0,0.719,0.575,0.881,0.762,0.463,0.93,0.212,0.784,0.338,-0.234,0.922,0.883,0.646,0.707,0.76,0.515,0.906,0.807,-0.176,0.588,0.601,0.676,0.667,0.864,0.509,-0.613,-0.66,-0.695,-0.483,0.184,-0.512,0.912,0.684,-0.052,-0.66,0.787,-0.393,-0.707,-0.635,0.226,-0.759,-0.207,0.711,0.655,-0.273,0.83,0.488,-0.394,-0.058,0.015,-0.551,-0.532,0.76,-0.683,0.871,0.849,-0.726,0.427,-0.724,-0.492,-0.801,-0.216,-0.671,0.375,0.452,0.34,0.693,-0.746,-0.087,-0.325,-0.615,0.653,-0.259,-0.083,0.771,0.633,0.933,-0.049,0.525,0.874,0.868,0.784,0.912,0.539,0.636,-0.652,0.769,-0.024,0.817,0.972,0.828,0.766,0.87,0.469,-0.339,0.803,-0.528,-0.007,0.365,0.637,-0.477,0.415,0.902,0.621,-0.26,0.926,0.741,0.828,0.487,0.713,0.065,0.418,0.924,0.102,-0.643,0.267,0.854,0.053,0.908,-0.455,0.37,-0.172,0.673,0.572,-0.71,0.49,0.167,-0.593,0.733,0.845,0.897,0.03,0.639,0.927,-0.649,0.098,0.385,0.092,0.206,0.634,0.773,0.916,0.938,0.911,0.749,-0.483,0.889,-0.008,0.882,0.953,0.76,0.85,0.917,-0.193,0.765,0.828,0.826,0.92,0.636,0.755,0.93,0.247,0.878,0.88,0.561,0.917,-0.728,0.607,0.668,0.608,0.838,-0.479,0.727,-0.113,0.377,0.878,0.932,0.768,-0.695,-0.662,0.015,0.507,0.921,0.418,0.82,0.049,0.802,0.863,0.823,0.803,0.838,-0.352,0.687,-0.377,-0.755,0.473,0.523,0.18,-0.291,-0.347,-0.743,0.918,0.697,0.432,0.414,0.814,-0.591,0.831,-0.599,0.575,0.528
000538SZ,0.579,0.516,0.596,0.68,0.815,0.719,1.0,0.414,0.778,0.379,0.095,0.754,0.384,0.327,0.501,-0.392,0.699,0.793,0.304,0.378,0.506,0.428,0.739,0.759,0.173,0.654,0.481,0.463,0.729,0.786,0.459,-0.593,-0.303,-0.307,-0.097,0.526,-0.546,0.662,0.734,0.296,-0.544,0.808,0.106,-0.705,-0.587,0.523,-0.652,0.065,0.369,0.784,-0.383,0.62,0.187,-0.511,-0.101,0.39,-0.524,-0.166,0.369,-0.655,0.591,0.702,-0.332,0.56,-0.769,-0.071,-0.635,0.261,-0.37,0.576,0.674,0.766,0.719,-0.576,-0.253,0.16,-0.126,0.779,-0.437,0.305,0.617,0.775,0.543,-0.019,0.297,0.432,0.392,0.27,0.589,0.286,0.113,-0.299,0.278,-0.247,0.566,0.702,0.573,0.423,0.536,0.135,-0.376,0.394,-0.575,-0.204,0.723,0.684,-0.619,0.602,0.555,0.618,-0.078,0.796,0.693,0.476,0.236,0.224,-0.161,0.4,0.552,0.378,-0.564,-0.025,0.641,0.533,0.775,0.017,0.221,-0.23,0.228,0.319,-0.525,0.069,0.248,-0.446,0.327,0.771,0.621,-0.097,0.095,0.583,-0.609,-0.15,0.28,0.266,-0.341,0.732,0.31,0.738,0.57,0.562,0.29,-0.748,0.482,-0.281,0.528,0.696,0.28,0.432,0.572,0.195,0.326,0.488,0.433,0.615,0.818,0.342,0.571,-0.047,0.497,0.512,0.064,0.775,-0.646,0.391,0.331,0.243,0.794,-0.659,0.261,-0.6,0.034,0.448,0.65,0.234,-0.591,-0.327,-0.112,0.615,0.701,0.245,0.588,0.14,0.317,0.479,0.558,0.355,0.415,0.046,0.582,0.038,-0.495,0.479,0.558,0.534,-0.328,-0.357,-0.394,0.734,0.797,0.375,0.566,0.455,-0.384,0.806,-0.254,0.642,0.682
000568SZ,0.666,0.567,0.584,0.719,0.603,0.575,0.414,1.0,0.467,0.56,0.846,0.658,0.779,0.434,0.293,0.345,0.744,0.422,0.829,0.872,0.928,0.874,0.55,0.337,0.516,0.421,-0.104,0.071,0.167,0.819,-0.125,-0.132,-0.346,-0.243,0.153,0.374,-0.106,0.497,0.755,0.292,-0.045,0.491,0.064,-0.005,0.074,0.089,-0.128,-0.104,0.847,0.219,0.498,0.806,0.84,0.37,0.653,-0.004,0.192,-0.324,0.31,0.045,0.833,0.831,-0.293,0.539,-0.145,-0.025,-0.298,0.227,0.017,0.596,0.734,0.365,0.603,-0.135,0.617,-0.169,-0.171,0.311,0.476,0.168,0.378,0.319,0.546,0.328,-0.215,0.487,0.467,0.575,0.446,-0.071,0.178,-0.694,0.431,0.6,0.608,0.645,0.275,0.509,0.699,0.699,0.069,0.779,0.187,0.668,0.173,0.03,0.105,0.289,0.533,0.446,0.345,0.63,0.785,0.736,0.801,0.494,-0.378,0.825,0.504,0.634,-0.024,0.47,0.858,0.039,0.542,0.014,0.939,0.566,0.142,0.917,-0.528,-0.11,0.783,-0.798,0.29,0.769,0.514,0.132,0.344,0.526,0.022,0.678,0.879,0.503,0.131,0.175,0.411,0.592,0.549,0.434,0.337,-0.142,0.468,0.624,0.311,0.655,0.257,0.327,0.641,0.395,0.301,0.177,0.556,0.443,0.549,0.299,0.588,0.797,0.321,0.365,0.168,0.664,-0.269,0.625,0.705,0.206,0.569,0.175,0.293,0.057,0.79,0.424,0.369,0.482,0.028,-0.55,0.58,0.647,0.497,0.94,0.742,0.64,0.455,0.302,0.245,0.288,0.255,0.077,0.852,-0.018,-0.219,0.841,0.89,0.244,0.364,0.205,-0.273,0.532,0.246,0.722,-0.182,0.448,0.027,0.636,-0.108,0.794,0.411
000596SZ,0.798,0.733,0.779,0.805,0.862,0.881,0.778,0.467,1.0,0.628,0.244,0.866,0.229,0.657,0.555,-0.261,0.865,0.897,0.468,0.506,0.658,0.392,0.893,0.872,-0.122,0.599,0.622,0.677,0.739,0.806,0.579,-0.681,-0.482,-0.545,-0.386,0.353,-0.478,0.823,0.751,0.167,-0.654,0.866,-0.295,-0.811,-0.727,0.46,-0.816,0.008,0.532,0.808,-0.425,0.718,0.323,-0.532,-0.218,0.272,-0.632,-0.333,0.661,-0.784,0.727,0.795,-0.659,0.444,-0.796,-0.291,-0.777,-0.05,-0.593,0.445,0.573,0.543,0.8,-0.744,-0.287,-0.067,-0.472,0.838,-0.432,0.164,0.776,0.852,0.806,-0.234,0.55,0.721,0.681,0.58,0.818,0.52,0.551,-0.439,0.608,-0.237,0.663,0.882,0.741,0.672,0.719,0.258,-0.348,0.616,-0.625,-0.22,0.528,0.826,-0.657,0.469,0.831,0.728,-0.265,0.9,0.632,0.688,0.297,0.504,0.005,0.322,0.785,0.118,-0.673,0.012,0.817,0.286,0.912,-0.317,0.243,-0.306,0.582,0.386,-0.577,0.428,0.105,-0.51,0.652,0.862,0.781,-0.085,0.424,0.809,-0.71,-0.092,0.264,0.099,-0.019,0.67,0.657,0.871,0.802,0.805,0.609,-0.639,0.772,-0.227,0.778,0.876,0.608,0.732,0.784,-0.12,0.636,0.747,0.687,0.843,0.656,0.621,0.797,0.018,0.766,0.774,0.415,0.91,-0.721,0.533,0.5,0.507,0.878,-0.648,0.593,-0.354,0.157,0.738,0.863,0.606,-0.739,-0.482,-0.066,0.535,0.866,0.271,0.694,-0.008,0.644,0.727,0.829,0.649,0.724,-0.188,0.56,-0.255,-0.669,0.47,0.531,0.402,-0.326,-0.463,-0.631,0.88,0.868,0.405,0.631,0.685,-0.607,0.879,-0.447,0.627,0.665
000617SZ,0.883,0.896,0.71,0.583,0.492,0.762,0.379,0.56,0.628,1.0,0.65,0.699,0.14,0.91,-0.034,-0.017,0.762,0.55,0.798,0.745,0.788,0.429,0.772,0.712,-0.301,0.363,0.369,0.561,0.587,0.642,0.415,-0.566,-0.76,-0.855,-0.645,-0.198,-0.37,0.723,0.353,-0.122,-0.656,0.562,-0.628,-0.509,-0.568,-0.112,-0.707,-0.628,0.791,0.45,-0.158,0.737,0.585,-0.152,0.025,-0.37,-0.41,-0.839,0.87,-0.523,0.785,0.635,-0.864,0.083,-0.468,-0.678,-0.807,-0.529,-0.672,0.005,0.262,-0.017,0.466,-0.776,0.144,-0.657,-0.86,0.37,-0.081,-0.435,0.722,0.392,0.86,0.06,0.565,0.901,0.81,0.819,0.873,0.625,0.79,-0.862,0.939,0.327,0.509,0.762,0.6,0.966,0.857,0.616,-0.469,0.862,-0.382,0.231,0.17,0.375,-0.359,0.373,0.729,0.449,-0.225,0.656,0.704,0.895,0.434,0.94,0.259,0.467,0.887,-0.145,-0.689,0.386,0.747,-0.404,0.611,-0.667,0.448,-0.179,0.818,0.499,-0.859,0.652,0.003,-0.612,0.907,0.693,0.617,-0.028,0.838,0.781,-0.457,0.388,0.345,-0.275,0.502,0.183,0.857,0.701,0.84,0.887,0.898,-0.321,0.869,0.113,0.831,0.834,0.838,0.856,0.896,-0.36,0.883,0.769,0.824,0.867,0.498,0.838,0.908,0.364,0.753,0.858,0.758,0.692,-0.712,0.696,0.694,0.623,0.487,-0.292,0.912,0.12,0.63,0.881,0.684,0.9,-0.616,-0.91,-0.043,0.097,0.702,0.494,0.638,-0.141,0.861,0.82,0.693,0.848,0.806,-0.515,0.533,-0.762,-0.832,0.394,0.349,-0.259,-0.263,-0.495,-0.745,0.751,0.378,0.165,0.05,0.867,-0.675,0.57,-0.619,0.321,0.211
000625SZ,0.607,0.527,0.45,0.503,0.279,0.463,0.095,0.846,0.244,0.65,1.0,0.42,0.604,0.543,0.023,0.442,0.582,0.139,0.925,0.822,0.844,0.7,0.401,0.2,0.268,0.235,-0.215,0.094,0.04,0.577,-0.167,0.043,-0.403,-0.313,-0.025,0.043,0.042,0.328,0.422,0.032,0.013,0.278,-0.161,0.142,0.183,-0.16,-0.026,-0.309,0.802,-0.015,0.591,0.693,0.891,0.544,0.652,-0.248,0.338,-0.477,0.351,0.169,0.76,0.623,-0.355,0.269,0.062,-0.191,-0.224,-0.085,-0.016,0.279,0.409,0.002,0.407,-0.113,0.691,-0.374,-0.382,0.09,0.607,-0.146,0.313,0.065,0.492,0.321,-0.139,0.509,0.5,0.606,0.396,0.015,0.328,-0.776,0.548,0.746,0.397,0.492,0.118,0.583,0.622,0.807,0.102,0.836,0.315,0.744,-0.093,-0.129,0.235,0.169,0.47,0.256,0.336,0.374,0.676,0.719,0.7,0.652,-0.187,0.721,0.49,0.369,0.004,0.545,0.675,-0.328,0.31,-0.229,0.846,0.579,0.274,0.87,-0.572,0.079,0.516,-0.666,0.392,0.531,0.321,0.159,0.5,0.428,0.192,0.773,0.839,0.23,0.389,-0.12,0.477,0.444,0.475,0.404,0.426,0.077,0.452,0.791,0.293,0.523,0.341,0.344,0.575,0.165,0.373,0.182,0.528,0.38,0.343,0.35,0.541,0.92,0.26,0.331,0.306,0.463,-0.114,0.692,0.682,0.245,0.314,0.412,0.41,0.371,0.852,0.447,0.229,0.593,0.098,-0.645,0.53,0.323,0.338,0.868,0.593,0.449,0.543,0.297,0.165,0.36,0.289,-0.126,0.626,-0.258,-0.259,0.614,0.64,-0.057,0.429,0.214,-0.289,0.324,-0.0,0.514,-0.416,0.424,0.006,0.42,-0.172,0.519,0.197
000651SZ,0.917,0.875,0.928,0.893,0.949,0.93,0.754,0.658,0.866,0.699,0.42,1.0,0.333,0.695,0.386,-0.184,0.94,0.943,0.581,0.746,0.775,0.627,0.897,0.744,0.008,0.638,0.497,0.522,0.591,0.895,0.403,-0.634,-0.633,-0.639,-0.34,0.289,-0.54,0.948,0.783,0.056,-0.591,0.766,-0.261,-0.644,-0.581,0.218,-0.699,-0.152,0.763,0.647,-0.224,0.853,0.49,-0.356,0.04,0.04,-0.521,-0.47,0.679,-0.62,0.85,0.9,-0.652,0.464,-0.71,-0.386,-0.758,-0.071,-0.579,0.52,0.579,0.443,0.696,-0.663,-0.001,-0.271,-0.49,0.636,-0.23,0.035,0.697,0.648,0.899,0.015,0.397,0.814,0.8,0.751,0.864,0.421,0.516,-0.638,0.683,0.035,0.885,0.966,0.85,0.681,0.871,0.462,-0.337,0.753,-0.473,0.073,0.375,0.56,-0.426,0.371,0.855,0.6,-0.216,0.977,0.73,0.82,0.58,0.632,-0.073,0.51,0.866,0.24,-0.579,0.307,0.895,0.137,0.943,-0.309,0.47,-0.097,0.555,0.601,-0.62,0.358,0.326,-0.696,0.628,0.898,0.929,0.109,0.558,0.915,-0.651,0.168,0.431,0.239,0.128,0.665,0.7,0.874,0.915,0.854,0.665,-0.496,0.85,-0.019,0.805,0.951,0.669,0.78,0.898,-0.043,0.685,0.727,0.801,0.857,0.658,0.685,0.891,0.241,0.828,0.829,0.477,0.929,-0.773,0.503,0.716,0.505,0.882,-0.48,0.634,-0.186,0.423,0.806,0.9,0.681,-0.612,-0.633,0.08,0.624,0.915,0.503,0.853,0.201,0.692,0.779,0.758,0.709,0.739,-0.276,0.812,-0.279,-0.654,0.577,0.617,0.26,-0.233,-0.284,-0.682,0.966,0.685,0.515,0.422,0.762,-0.496,0.845,-0.543,0.693,0.526
000661SZ,0.238,0.136,0.231,0.493,0.403,0.212,0.384,0.779,0.229,0.14,0.604,0.333,1.0,0.033,0.48,0.462,0.445,0.156,0.541,0.529,0.64,0.734,0.233,0.091,0.808,0.429,-0.361,-0.212,-0.011,0.556,-0.338,0.105,0.069,0.223,0.584,0.656,0.213,0.141,0.673,0.521,0.344,0.366,0.507,0.207,0.318,0.309,0.173,0.277,0.501,0.114,0.594,0.517,0.686,0.504,0.723,0.38,0.453,0.143,-0.149,0.259,0.477,0.604,0.122,0.514,0.04,0.444,0.077,0.588,0.464,0.707,0.83,0.588,0.581,0.223,0.58,0.312,0.291,0.329,0.493,0.538,0.149,0.317,0.104,0.18,-0.526,0.013,0.005,0.119,0.025,-0.429,-0.256,-0.306,-0.044,0.449,0.259,0.271,-0.133,0.109,0.308,0.561,0.261,0.378,0.444,0.568,0.306,-0.056,0.132,0.27,0.218,0.302,0.657,0.34,0.575,0.325,0.526,0.041,-0.632,0.803,0.076,0.847,0.256,0.198,0.557,0.305,0.314,0.45,0.779,0.702,-0.31,0.671,-0.192,-0.496,0.744,-0.634,-0.163,0.53,0.109,0.192,-0.17,0.118,0.268,0.567,0.801,0.703,-0.264,0.011,-0.005,0.284,0.098,0.004,-0.141,-0.115,0.032,0.599,-0.152,0.294,-0.222,-0.145,0.219,0.767,-0.17,-0.263,0.141,0.017,0.538,-0.169,0.144,0.636,-0.147,-0.095,-0.3,0.421,0.01,0.398,0.406,-0.218,0.446,0.297,-0.184,-0.055,0.508,-0.038,-0.008,0.009,0.339,-0.134,0.592,0.702,0.172,0.776,0.409,0.801,-0.024,-0.182,-0.101,-0.197,-0.203,0.425,0.634,0.367,0.207,0.74,0.854,0.568,0.594,0.361,0.179,0.196,0.22,0.723,-0.155,0.004,0.399,0.54,0.349,0.827,0.539
000708SZ,0.868,0.874,0.78,0.627,0.5,0.784,0.327,0.434,0.657,0.91,0.543,0.695,0.033,1.0,0.065,-0.095,0.766,0.601,0.691,0.686,0.68,0.324,0.772,0.65,-0.419,0.315,0.458,0.643,0.501,0.559,0.427,-0.539,-0.729,-0.827,-0.684,-0.232,-0.377,0.734,0.313,-0.233,-0.622,0.497,-0.745,-0.529,-0.59,-0.093,-0.697,-0.507,0.721,0.417,-0.245,0.666,0.532,-0.193,-0.092,-0.312,-0.478,-0.744,0.908,-0.559,0.745,0.626,-0.903,0.005,-0.453,-0.672,-0.743,-0.583,-0.711,0.006,0.178,-0.065,0.447,-0.759,0.019,-0.633,-0.881,0.372,-0.15,-0.422,0.68,0.4,0.9,0.003,0.645,0.927,0.895,0.884,0.9,0.692,0.887,-0.762,0.958,0.197,0.587,0.765,0.678,0.889,0.829,0.534,-0.36,0.818,-0.394,0.106,0.035,0.443,-0.333,0.198,0.856,0.469,-0.352,0.647,0.555,0.858,0.436,0.929,0.272,0.37,0.891,-0.244,-0.649,0.427,0.697,-0.376,0.672,-0.708,0.313,-0.239,0.895,0.436,-0.723,0.759,-0.111,-0.504,0.895,0.634,0.665,0.165,0.877,0.826,-0.518,0.26,0.249,-0.232,0.575,0.197,0.914,0.688,0.859,0.907,0.914,-0.214,0.929,0.055,0.875,0.814,0.909,0.909,0.87,-0.462,0.918,0.843,0.874,0.858,0.334,0.874,0.885,0.258,0.839,0.882,0.825,0.714,-0.689,0.567,0.686,0.681,0.553,-0.312,0.932,0.205,0.494,0.927,0.749,0.931,-0.635,-0.814,-0.088,0.134,0.777,0.373,0.671,-0.165,0.887,0.867,0.783,0.894,0.893,-0.609,0.487,-0.74,-0.805,0.261,0.264,-0.188,-0.26,-0.43,-0.745,0.735,0.43,0.198,0.198,0.859,-0.673,0.539,-0.664,0.279,0.238
000725SZ,0.19,0.048,0.334,0.6,0.542,0.338,0.501,0.293,0.555,-0.034,0.023,0.386,0.48,0.065,1.0,0.16,0.473,0.463,0.102,0.176,0.313,0.302,0.366,0.338,0.359,0.433,0.333,0.247,0.257,0.437,0.087,-0.164,0.23,0.183,0.376,0.82,0.112,0.22,0.689,0.452,0.059,0.61,0.24,-0.292,-0.128,0.726,-0.171,0.675,0.099,0.539,-0.031,0.255,0.204,-0.169,0.096,0.821,-0.093,0.416,0.043,-0.253,0.235,0.534,-0.017,0.535,-0.371,0.528,-0.063,0.499,0.187,0.676,0.718,0.771,0.785,-0.029,-0.111,0.621,0.263,0.751,-0.131,0.72,0.259,0.72,0.193,-0.263,-0.051,0.082,0.105,0.068,0.185,-0.054,-0.022,0.186,-0.047,-0.249,0.337,0.342,0.12,0.032,0.228,0.013,0.245,0.182,-0.018,-0.097,0.485,0.596,-0.304,0.268,0.404,0.623,0.133,0.446,0.197,0.118,0.175,-0.145,-0.347,0.298,0.106,0.513,-0.045,-0.282,0.466,0.673,0.579,0.377,0.172,0.134,-0.089,0.237,0.052,-0.204,0.313,-0.245,-0.063,0.508,0.27,0.064,-0.222,0.276,-0.18,-0.103,0.245,0.573,-0.391,0.423,0.158,0.453,0.168,0.139,-0.041,-0.294,0.156,-0.002,0.077,0.366,-0.062,0.044,0.217,0.451,-0.02,0.097,0.229,0.211,0.425,-0.022,0.144,-0.027,0.147,0.1,-0.157,0.561,-0.139,0.308,0.081,0.114,0.679,-0.275,-0.1,-0.284,-0.015,0.073,0.294,0.056,-0.117,0.25,0.245,0.732,0.437,0.186,0.279,0.439,0.067,0.047,0.378,-0.021,0.055,0.456,0.271,0.405,0.091,0.416,0.581,0.889,0.165,-0.041,0.018,0.323,0.704,0.632,0.589,0.103,0.06,0.645,0.219,0.695,0.844
000768SZ,-0.091,-0.125,-0.136,0.004,-0.226,-0.234,-0.392,0.345,-0.261,-0.017,0.442,-0.184,0.462,-0.095,0.16,1.0,-0.043,-0.354,0.262,0.235,0.228,0.253,-0.256,-0.311,0.409,0.002,-0.415,-0.358,-0.333,-0.081,-0.427,0.35,0.269,0.252,0.448,0.176,0.714,-0.253,0.018,0.175,0.601,-0.12,0.25,0.57,0.594,0.019,0.504,0.224,0.172,-0.299,0.701,-0.004,0.398,0.644,0.554,0.102,0.632,0.206,-0.188,0.57,-0.034,0.014,0.24,0.012,0.488,0.417,0.378,0.139,0.574,0.152,0.185,-0.107,0.105,0.483,0.571,0.134,0.182,-0.145,0.667,0.18,-0.15,-0.147,-0.185,-0.014,-0.509,-0.132,-0.146,0.038,-0.275,-0.373,-0.097,0.005,-0.078,0.596,-0.15,-0.19,-0.403,-0.065,-0.022,0.419,0.472,0.152,0.774,0.645,-0.12,-0.345,0.434,-0.008,-0.137,0.005,0.623,-0.229,-0.061,0.006,0.238,-0.025,-0.15,0.4,-0.184,0.307,0.494,0.072,0.082,-0.216,-0.2,0.256,0.474,0.662,-0.256,0.305,0.238,-0.31,0.357,-0.165,-0.169,-0.094,-0.256,0.016,-0.086,-0.159,0.589,0.639,0.405,0.245,0.174,-0.427,-0.047,-0.157,-0.195,-0.231,-0.119,0.432,-0.168,0.697,-0.367,-0.116,-0.237,-0.25,-0.068,0.35,-0.193,-0.388,-0.045,-0.231,-0.006,-0.253,-0.141,0.518,-0.318,-0.275,-0.086,-0.129,0.372,0.235,0.117,-0.129,-0.12,0.631,-0.162,0.549,0.468,-0.199,-0.308,0.038,0.56,0.118,0.64,0.098,-0.256,0.484,-0.153,0.457,-0.085,-0.329,-0.296,-0.23,-0.307,0.377,0.042,0.107,0.426,0.188,0.27,0.063,0.597,0.326,0.248,-0.244,-0.238,0.385,-0.433,-0.13,0.474,-0.043,0.449,0.222,0.043
000776SZ,0.93,0.847,0.911,0.951,0.873,0.922,0.699,0.744,0.865,0.762,0.582,0.94,0.445,0.766,0.473,-0.043,1.0,0.848,0.727,0.821,0.875,0.664,0.894,0.74,0.045,0.63,0.456,0.565,0.568,0.914,0.346,-0.548,-0.578,-0.607,-0.287,0.331,-0.419,0.854,0.804,0.075,-0.511,0.799,-0.299,-0.564,-0.5,0.268,-0.648,-0.134,0.813,0.63,-0.101,0.876,0.628,-0.213,0.14,0.097,-0.396,-0.463,0.716,-0.548,0.919,0.959,-0.687,0.481,-0.631,-0.302,-0.712,-0.078,-0.491,0.536,0.657,0.458,0.796,-0.63,0.108,-0.244,-0.516,0.681,-0.099,0.042,0.696,0.685,0.899,0.072,0.353,0.838,0.817,0.787,0.866,0.41,0.558,-0.691,0.731,0.156,0.824,0.946,0.722,0.752,0.921,0.545,-0.228,0.855,-0.345,0.195,0.35,0.566,-0.383,0.392,0.904,0.671,-0.14,0.922,0.788,0.863,0.63,0.696,-0.102,0.62,0.854,0.291,-0.528,0.314,0.956,0.116,0.932,-0.302,0.566,0.024,0.57,0.69,-0.681,0.35,0.359,-0.723,0.648,0.931,0.847,0.105,0.588,0.896,-0.526,0.286,0.55,0.287,0.171,0.527,0.766,0.897,0.897,0.852,0.702,-0.452,0.86,0.138,0.776,0.966,0.679,0.767,0.931,0.01,0.705,0.705,0.851,0.862,0.677,0.694,0.9,0.376,0.79,0.803,0.502,0.973,-0.697,0.661,0.719,0.552,0.899,-0.376,0.663,-0.115,0.536,0.817,0.838,0.746,-0.542,-0.66,0.191,0.671,0.916,0.611,0.859,0.285,0.751,0.756,0.76,0.711,0.732,-0.214,0.786,-0.296,-0.634,0.635,0.713,0.312,-0.096,-0.255,-0.648,0.898,0.691,0.587,0.377,0.782,-0.442,0.888,-0.464,0.749,0.63
000786SZ,0.805,0.772,0.865,0.822,0.948,0.883,0.793,0.422,0.897,0.55,0.139,0.943,0.156,0.601,0.463,-0.354,0.848,1.0,0.348,0.533,0.567,0.418,0.866,0.774,-0.112,0.627,0.642,0.572,0.65,0.793,0.53,-0.681,-0.542,-0.579,-0.371,0.329,-0.589,0.923,0.728,0.057,-0.656,0.781,-0.26,-0.781,-0.704,0.332,-0.768,-0.015,0.545,0.735,-0.45,0.717,0.251,-0.575,-0.203,0.176,-0.686,-0.333,0.626,-0.758,0.689,0.79,-0.606,0.449,-0.816,-0.344,-0.755,-0.059,-0.633,0.494,0.496,0.499,0.67,-0.699,-0.276,-0.129,-0.422,0.719,-0.464,0.102,0.673,0.723,0.825,-0.151,0.511,0.721,0.714,0.602,0.822,0.468,0.47,-0.424,0.566,-0.258,0.832,0.907,0.887,0.556,0.739,0.227,-0.38,0.558,-0.635,-0.211,0.443,0.713,-0.582,0.357,0.812,0.612,-0.365,0.945,0.577,0.664,0.367,0.471,-0.006,0.29,0.791,0.13,-0.643,0.111,0.758,0.282,0.95,-0.282,0.199,-0.315,0.524,0.373,-0.497,0.381,0.149,-0.518,0.562,0.816,0.91,0.051,0.421,0.86,-0.773,-0.117,0.203,0.178,-0.019,0.797,0.614,0.838,0.844,0.805,0.584,-0.591,0.784,-0.283,0.79,0.875,0.62,0.739,0.79,-0.119,0.624,0.752,0.701,0.822,0.597,0.626,0.792,-0.046,0.821,0.796,0.403,0.881,-0.781,0.357,0.536,0.48,0.885,-0.668,0.556,-0.332,0.147,0.738,0.919,0.555,-0.723,-0.464,-0.086,0.583,0.898,0.233,0.733,0.052,0.582,0.757,0.8,0.657,0.726,-0.254,0.663,-0.213,-0.635,0.42,0.463,0.348,-0.386,-0.385,-0.643,0.946,0.787,0.396,0.628,0.676,-0.556,0.812,-0.532,0.604,0.56
000800SZ,0.747,0.664,0.57,0.594,0.441,0.646,0.304,0.829,0.468,0.798,0.925,0.581,0.541,0.691,0.102,0.262,0.727,0.348,1.0,0.856,0.916,0.653,0.607,0.466,0.15,0.314,0.047,0.286,0.286,0.724,0.056,-0.184,-0.515,-0.468,-0.184,0.068,-0.125,0.496,0.516,0.079,-0.245,0.483,-0.283,-0.154,-0.107,-0.046,-0.31,-0.365,0.834,0.254,0.345,0.783,0.859,0.284,0.448,-0.196,0.072,-0.586,0.544,-0.121,0.852,0.721,-0.56,0.283,-0.206,-0.344,-0.466,-0.155,-0.224,0.297,0.486,0.11,0.549,-0.38,0.477,-0.401,-0.516,0.304,0.36,-0.153,0.534,0.289,0.647,0.204,0.095,0.652,0.606,0.695,0.605,0.189,0.47,-0.815,0.697,0.562,0.465,0.65,0.278,0.767,0.757,0.748,-0.124,0.889,0.044,0.546,0.096,0.131,-0.053,0.279,0.633,0.432,0.165,0.55,0.82,0.827,0.644,0.755,-0.122,0.707,0.648,0.286,-0.273,0.473,0.784,-0.24,0.487,-0.304,0.756,0.343,0.438,0.789,-0.75,0.221,0.38,-0.731,0.567,0.701,0.453,0.078,0.581,0.575,-0.056,0.609,0.737,0.122,0.327,0.022,0.629,0.621,0.623,0.599,0.582,-0.176,0.609,0.557,0.494,0.693,0.495,0.525,0.727,0.067,0.552,0.388,0.674,0.595,0.484,0.529,0.703,0.759,0.442,0.536,0.429,0.629,-0.347,0.822,0.687,0.405,0.444,0.128,0.573,0.183,0.779,0.609,0.414,0.707,-0.185,-0.735,0.317,0.325,0.527,0.79,0.694,0.28,0.675,0.477,0.401,0.505,0.47,-0.17,0.668,-0.38,-0.491,0.64,0.659,-0.019,0.182,-0.032,-0.449,0.52,0.234,0.489,-0.214,0.615,-0.246,0.585,-0.272,0.55,0.305
000807SZ,0.818,0.748,0.761,0.764,0.621,0.707,0.378,0.872,0.506,0.745,0.822,0.746,0.529,0.686,0.176,0.235,0.821,0.533,0.856,1.0,0.901,0.751,0.636,0.424,0.223,0.406,0.161,0.283,0.229,0.781,0.007,-0.212,-0.596,-0.503,-0.148,0.133,-0.27,0.659,0.623,0.02,-0.266,0.488,-0.25,-0.15,-0.103,-0.124,-0.286,-0.319,0.942,0.217,0.305,0.846,0.849,0.217,0.486,-0.221,-0.014,-0.577,0.605,-0.116,0.866,0.838,-0.514,0.427,-0.285,-0.313,-0.453,-0.091,-0.265,0.43,0.521,0.165,0.519,-0.342,0.516,-0.424,-0.469,0.256,0.33,-0.118,0.421,0.251,0.747,0.362,0.078,0.732,0.722,0.802,0.687,0.215,0.458,-0.806,0.696,0.574,0.737,0.759,0.487,0.683,0.887,0.708,-0.087,0.879,0.039,0.604,0.021,0.109,0.04,0.199,0.722,0.438,0.073,0.675,0.786,0.885,0.853,0.736,-0.15,0.747,0.684,0.384,-0.251,0.611,0.846,-0.177,0.643,-0.295,0.795,0.34,0.432,0.844,-0.618,0.208,0.552,-0.782,0.531,0.776,0.68,0.221,0.629,0.712,-0.171,0.621,0.703,0.305,0.353,0.247,0.684,0.67,0.739,0.652,0.638,-0.119,0.694,0.487,0.557,0.781,0.567,0.591,0.827,0.098,0.612,0.454,0.832,0.644,0.466,0.616,0.762,0.685,0.584,0.625,0.517,0.719,-0.44,0.671,0.776,0.501,0.578,0.042,0.583,0.17,0.833,0.675,0.546,0.727,-0.184,-0.717,0.4,0.508,0.644,0.838,0.84,0.439,0.711,0.572,0.5,0.58,0.536,-0.202,0.839,-0.295,-0.437,0.706,0.703,0.024,0.156,0.046,-0.528,0.669,0.226,0.644,-0.116,0.697,-0.187,0.628,-0.395,0.65,0.313
000858SZ,0.838,0.744,0.715,0.796,0.674,0.76,0.506,0.928,0.658,0.788,0.844,0.775,0.64,0.68,0.313,0.228,0.875,0.567,0.916,0.901,1.0,0.783,0.751,0.593,0.24,0.484,0.147,0.358,0.405,0.877,0.13,-0.333,-0.505,-0.48,-0.122,0.289,-0.204,0.651,0.752,0.219,-0.303,0.665,-0.183,-0.28,-0.218,0.119,-0.417,-0.233,0.9,0.42,0.254,0.897,0.836,0.155,0.441,-0.02,-0.051,-0.507,0.573,-0.24,0.922,0.89,-0.565,0.469,-0.36,-0.237,-0.55,0.007,-0.249,0.484,0.695,0.348,0.719,-0.432,0.435,-0.285,-0.443,0.484,0.252,0.03,0.611,0.488,0.748,0.172,0.095,0.709,0.661,0.723,0.688,0.201,0.451,-0.791,0.674,0.469,0.64,0.797,0.43,0.765,0.846,0.722,-0.117,0.904,-0.055,0.49,0.269,0.284,-0.157,0.385,0.722,0.567,0.167,0.756,0.869,0.876,0.701,0.701,-0.191,0.77,0.718,0.43,-0.325,0.392,0.945,-0.038,0.686,-0.227,0.811,0.31,0.424,0.839,-0.716,0.17,0.543,-0.82,0.569,0.877,0.626,0.049,0.545,0.705,-0.192,0.563,0.767,0.289,0.215,0.242,0.661,0.769,0.735,0.68,0.595,-0.302,0.692,0.454,0.57,0.833,0.512,0.58,0.824,0.175,0.569,0.458,0.738,0.69,0.639,0.557,0.789,0.675,0.549,0.614,0.405,0.812,-0.482,0.786,0.741,0.429,0.671,-0.042,0.566,0.039,0.778,0.66,0.572,0.707,-0.271,-0.705,0.386,0.551,0.683,0.834,0.795,0.405,0.688,0.546,0.515,0.539,0.521,-0.081,0.804,-0.268,-0.486,0.791,0.824,0.181,0.151,-0.077,-0.488,0.702,0.431,0.622,-0.009,0.674,-0.264,0.755,-0.283,0.759,0.502
000876SZ,0.571,0.522,0.562,0.681,0.601,0.515,0.428,0.874,0.392,0.429,0.7,0.627,0.734,0.324,0.302,0.253,0.664,0.418,0.653,0.751,0.783,1.0,0.506,0.198,0.537,0.452,-0.122,-0.045,0.026,0.728,-0.258,-0.158,-0.372,-0.206,0.203,0.349,-0.111,0.499,0.714,0.229,0.041,0.353,0.091,0.033,0.095,0.027,-0.075,-0.077,0.779,0.151,0.454,0.671,0.722,0.316,0.739,0.011,0.186,-0.211,0.195,0.067,0.713,0.751,-0.222,0.45,-0.107,-0.006,-0.217,0.289,0.052,0.553,0.679,0.403,0.499,-0.036,0.676,-0.116,-0.066,0.265,0.392,0.248,0.284,0.263,0.475,0.399,-0.284,0.391,0.407,0.517,0.356,-0.13,0.074,-0.584,0.332,0.528,0.618,0.571,0.298,0.349,0.606,0.684,0.039,0.651,0.194,0.625,0.055,-0.057,0.211,0.134,0.456,0.289,0.365,0.578,0.662,0.627,0.797,0.382,-0.514,0.78,0.437,0.623,0.038,0.517,0.754,0.041,0.524,0.079,0.868,0.552,0.058,0.859,-0.422,-0.15,0.773,-0.749,0.18,0.688,0.502,0.31,0.278,0.504,-0.052,0.644,0.783,0.571,0.128,0.165,0.3,0.463,0.483,0.353,0.213,-0.042,0.389,0.555,0.249,0.568,0.194,0.254,0.547,0.446,0.2,0.092,0.469,0.338,0.492,0.2,0.491,0.717,0.26,0.298,0.077,0.588,-0.275,0.392,0.752,0.016,0.571,0.174,0.188,0.024,0.706,0.332,0.33,0.358,0.082,-0.43,0.446,0.713,0.465,0.861,0.681,0.705,0.355,0.241,0.166,0.228,0.161,0.02,0.839,0.048,-0.137,0.796,0.798,0.303,0.342,0.241,-0.245,0.5,0.229,0.65,-0.102,0.359,0.083,0.594,-0.1,0.752,0.351
000895SZ,0.872,0.832,0.828,0.801,0.821,0.906,0.739,0.55,0.893,0.772,0.401,0.897,0.233,0.772,0.366,-0.256,0.894,0.866,0.607,0.636,0.751,0.506,1.0,0.865,-0.155,0.513,0.564,0.677,0.711,0.841,0.582,-0.656,-0.55,-0.659,-0.43,0.24,-0.523,0.845,0.702,0.177,-0.679,0.821,-0.39,-0.737,-0.688,0.273,-0.805,-0.217,0.686,0.78,-0.333,0.819,0.449,-0.402,-0.083,0.1,-0.591,-0.499,0.732,-0.722,0.829,0.827,-0.763,0.366,-0.71,-0.419,-0.823,-0.13,-0.629,0.35,0.558,0.435,0.739,-0.783,-0.102,-0.244,-0.588,0.723,-0.317,0.019,0.822,0.734,0.876,-0.081,0.548,0.807,0.766,0.697,0.877,0.563,0.623,-0.592,0.742,-0.067,0.725,0.9,0.764,0.786,0.821,0.391,-0.369,0.756,-0.597,-0.082,0.446,0.695,-0.58,0.426,0.846,0.712,-0.257,0.909,0.727,0.831,0.404,0.682,0.077,0.408,0.867,0.109,-0.686,0.183,0.85,0.131,0.871,-0.374,0.334,-0.26,0.645,0.497,-0.718,0.458,0.144,-0.606,0.722,0.893,0.809,0.001,0.57,0.843,-0.628,0.029,0.344,0.044,0.118,0.558,0.722,0.907,0.863,0.875,0.706,-0.597,0.852,-0.122,0.839,0.924,0.713,0.795,0.866,-0.126,0.733,0.79,0.771,0.893,0.66,0.718,0.874,0.141,0.808,0.827,0.503,0.911,-0.776,0.595,0.588,0.556,0.803,-0.568,0.706,-0.246,0.349,0.807,0.849,0.714,-0.739,-0.632,-0.065,0.454,0.895,0.368,0.782,-0.007,0.736,0.785,0.825,0.737,0.784,-0.276,0.641,-0.369,-0.749,0.55,0.556,0.237,-0.321,-0.426,-0.646,0.893,0.753,0.383,0.484,0.779,-0.64,0.791,-0.503,0.597,0.584
000938SZ,0.735,0.689,0.618,0.609,0.689,0.807,0.759,0.337,0.872,0.712,0.2,0.744,0.091,0.65,0.338,-0.311,0.74,0.774,0.466,0.424,0.593,0.198,0.865,1.0,-0.284,0.488,0.682,0.784,0.928,0.714,0.786,-0.702,-0.452,-0.603,-0.508,0.239,-0.501,0.72,0.564,0.19,-0.79,0.903,-0.336,-0.882,-0.817,0.432,-0.898,-0.176,0.449,0.858,-0.531,0.682,0.206,-0.597,-0.363,0.184,-0.682,-0.46,0.706,-0.841,0.651,0.64,-0.67,0.382,-0.817,-0.393,-0.884,-0.182,-0.666,0.237,0.464,0.437,0.714,-0.879,-0.38,-0.132,-0.556,0.797,-0.493,-0.046,0.858,0.803,0.731,-0.268,0.681,0.693,0.597,0.465,0.809,0.632,0.554,-0.441,0.624,-0.255,0.469,0.774,0.642,0.786,0.66,0.169,-0.506,0.561,-0.735,-0.319,0.679,0.848,-0.829,0.663,0.693,0.704,-0.296,0.795,0.671,0.662,0.073,0.542,0.274,0.23,0.756,-0.027,-0.827,-0.122,0.689,0.206,0.755,-0.407,0.097,-0.492,0.623,0.22,-0.703,0.489,-0.088,-0.402,0.739,0.777,0.642,-0.342,0.415,0.695,-0.658,-0.189,0.145,-0.192,-0.066,0.611,0.63,0.862,0.729,0.801,0.659,-0.785,0.71,-0.353,0.782,0.811,0.606,0.725,0.746,-0.229,0.677,0.781,0.62,0.873,0.706,0.668,0.774,-0.096,0.717,0.772,0.465,0.786,-0.746,0.637,0.297,0.587,0.681,-0.737,0.653,-0.404,0.125,0.709,0.782,0.586,-0.849,-0.551,-0.194,0.245,0.757,0.131,0.54,-0.265,0.643,0.731,0.808,0.659,0.72,-0.155,0.385,-0.399,-0.786,0.373,0.39,0.196,-0.476,-0.647,-0.62,0.815,0.792,0.152,0.543,0.703,-0.724,0.758,-0.441,0.445,0.59
000963SZ,-0.18,-0.258,-0.109,0.153,0.142,-0.176,0.173,0.516,-0.122,-0.301,0.268,0.008,0.808,-0.419,0.359,0.409,0.045,-0.112,0.15,0.223,0.24,0.537,-0.155,-0.284,1.0,0.158,-0.5,-0.553,-0.3,0.256,-0.558,0.341,0.362,0.539,0.825,0.612,0.248,-0.19,0.433,0.549,0.55,0.02,0.742,0.466,0.585,0.229,0.508,0.412,0.138,-0.107,0.647,0.114,0.361,0.534,0.703,0.374,0.583,0.43,-0.498,0.525,0.078,0.25,0.518,0.455,0.264,0.675,0.429,0.798,0.718,0.628,0.622,0.509,0.235,0.566,0.535,0.504,0.656,0.033,0.527,0.67,-0.259,0.027,-0.305,0.316,-0.753,-0.388,-0.379,-0.239,-0.367,-0.631,-0.611,0.064,-0.44,0.385,0.062,-0.103,-0.371,-0.344,-0.076,0.194,0.398,-0.015,0.566,0.54,0.145,-0.303,0.382,0.095,-0.18,0.11,0.638,0.009,0.22,-0.069,0.438,-0.359,-0.671,0.534,-0.344,0.867,0.548,0.148,0.176,0.419,-0.024,0.731,0.599,0.73,-0.654,0.435,0.168,-0.757,0.776,-0.303,-0.542,0.181,-0.143,0.203,-0.484,-0.247,0.433,0.417,0.563,0.754,-0.388,-0.027,-0.412,-0.097,-0.284,-0.406,-0.517,0.082,-0.379,0.508,-0.512,-0.106,-0.578,-0.515,-0.184,0.846,-0.537,-0.595,-0.192,-0.381,0.268,-0.519,-0.273,0.458,-0.471,-0.46,-0.589,0.027,0.309,0.051,0.102,-0.453,0.111,0.4,-0.575,-0.155,0.256,-0.439,-0.353,-0.385,0.597,0.231,0.528,0.571,-0.171,0.564,0.139,0.789,-0.417,-0.515,-0.423,-0.545,-0.578,0.585,0.402,0.676,0.537,0.537,0.616,0.548,0.597,0.566,0.469,-0.154,-0.056,0.616,-0.266,-0.355,0.642,0.162,0.51,0.555,0.262
000999SZ,0.557,0.53,0.566,0.646,0.683,0.588,0.654,0.421,0.599,0.363,0.235,0.638,0.429,0.315,0.433,0.002,0.63,0.627,0.314,0.406,0.484,0.452,0.513,0.488,0.158,1.0,0.201,0.194,0.446,0.615,0.145,-0.543,-0.371,-0.333,-0.059,0.395,-0.229,0.631,0.587,-0.063,-0.276,0.578,0.092,-0.464,-0.371,0.372,-0.439,0.114,0.357,0.519,-0.178,0.526,0.233,-0.287,0.047,0.27,-0.327,-0.127,0.248,-0.463,0.481,0.601,-0.281,0.273,-0.537,-0.053,-0.497,0.058,-0.264,0.595,0.511,0.51,0.614,-0.374,-0.062,0.078,-0.168,0.622,-0.278,0.175,0.461,0.634,0.491,-0.144,0.106,0.424,0.389,0.321,0.475,0.079,0.086,-0.359,0.281,0.006,0.481,0.619,0.481,0.326,0.494,0.439,-0.296,0.421,-0.24,0.06,0.478,0.44,-0.431,0.458,0.477,0.319,0.1,0.639,0.545,0.372,0.243,0.25,-0.298,0.499,0.535,0.278,-0.389,0.02,0.584,0.209,0.689,0.034,0.314,-0.007,0.172,0.328,-0.397,0.058,0.181,-0.513,0.271,0.562,0.523,-0.018,0.139,0.59,-0.51,0.238,0.326,0.315,-0.163,0.505,0.298,0.55,0.543,0.497,0.279,-0.485,0.462,0.001,0.409,0.618,0.256,0.405,0.537,0.193,0.275,0.363,0.375,0.484,0.77,0.238,0.542,0.13,0.394,0.437,0.046,0.651,-0.58,0.275,0.456,0.066,0.745,-0.354,0.243,-0.205,0.189,0.435,0.565,0.25,-0.367,-0.341,0.056,0.623,0.54,0.375,0.437,0.306,0.23,0.397,0.328,0.348,0.342,-0.039,0.516,-0.115,-0.357,0.292,0.449,0.404,-0.136,-0.302,-0.427,0.634,0.656,0.343,0.436,0.357,-0.22,0.732,-0.127,0.601,0.577
001965SZ,0.464,0.421,0.505,0.422,0.463,0.601,0.481,-0.104,0.622,0.369,-0.215,0.497,-0.361,0.458,0.333,-0.415,0.456,0.642,0.047,0.161,0.147,-0.122,0.564,0.682,-0.5,0.201,1.0,0.773,0.645,0.347,0.677,-0.528,-0.324,-0.49,-0.53,0.063,-0.424,0.529,0.249,-0.074,-0.696,0.587,-0.46,-0.787,-0.744,0.274,-0.724,-0.07,0.124,0.633,-0.68,0.244,-0.145,-0.761,-0.566,0.153,-0.733,-0.241,0.664,-0.767,0.256,0.321,-0.519,0.212,-0.747,-0.361,-0.616,-0.274,-0.652,-0.025,0.07,0.195,0.375,-0.692,-0.555,-0.097,-0.425,0.544,-0.636,-0.109,0.514,0.521,0.551,-0.233,0.723,0.549,0.523,0.389,0.661,0.693,0.53,-0.036,0.472,-0.494,0.416,0.523,0.61,0.468,0.464,-0.186,-0.369,0.236,-0.691,-0.493,0.349,0.772,-0.64,0.285,0.554,0.53,-0.542,0.519,0.214,0.327,-0.043,0.334,0.41,-0.134,0.509,-0.274,-0.7,-0.222,0.319,0.186,0.587,-0.398,-0.307,-0.639,0.575,-0.117,-0.309,0.539,-0.302,0.004,0.552,0.417,0.572,-0.217,0.384,0.56,-0.677,-0.467,-0.312,-0.221,0.031,0.601,0.572,0.588,0.542,0.614,0.578,-0.469,0.552,-0.557,0.681,0.543,0.6,0.629,0.527,-0.44,0.621,0.749,0.569,0.697,0.278,0.635,0.521,-0.431,0.713,0.676,0.542,0.515,-0.56,0.331,0.012,0.682,0.455,-0.745,0.54,-0.288,-0.128,0.568,0.685,0.473,-0.791,-0.164,-0.377,0.097,0.633,-0.253,0.293,-0.392,0.575,0.684,0.818,0.608,0.667,-0.195,0.053,-0.307,-0.586,0.01,-0.011,0.089,-0.636,-0.591,-0.575,0.586,0.596,0.008,0.663,0.629,-0.644,0.43,-0.463,0.062,0.36
002001SZ,0.59,0.514,0.536,0.482,0.435,0.676,0.463,0.071,0.677,0.561,0.094,0.522,-0.212,0.643,0.247,-0.358,0.565,0.572,0.286,0.283,0.358,-0.045,0.677,0.784,-0.553,0.194,0.773,1.0,0.712,0.419,0.769,-0.455,-0.358,-0.545,-0.601,0.038,-0.437,0.525,0.31,-0.068,-0.691,0.672,-0.487,-0.746,-0.709,0.269,-0.743,-0.173,0.298,0.593,-0.54,0.465,0.078,-0.552,-0.462,0.106,-0.592,-0.391,0.736,-0.719,0.496,0.446,-0.611,0.24,-0.65,-0.411,-0.682,-0.321,-0.68,-0.031,0.138,0.157,0.491,-0.767,-0.411,-0.2,-0.584,0.572,-0.446,-0.216,0.634,0.548,0.659,-0.177,0.738,0.667,0.651,0.478,0.73,0.723,0.669,-0.295,0.608,-0.331,0.4,0.601,0.56,0.668,0.545,0.021,-0.264,0.453,-0.659,-0.413,0.356,0.767,-0.647,0.375,0.655,0.526,-0.423,0.562,0.398,0.503,-0.001,0.521,0.451,-0.038,0.626,-0.245,-0.69,-0.133,0.46,0.084,0.58,-0.567,-0.151,-0.521,0.694,0.087,-0.475,0.624,-0.256,-0.108,0.695,0.517,0.545,-0.288,0.517,0.585,-0.527,-0.347,-0.029,-0.273,0.109,0.471,0.681,0.718,0.629,0.704,0.699,-0.516,0.661,-0.345,0.753,0.622,0.686,0.704,0.615,-0.443,0.716,0.801,0.604,0.77,0.347,0.747,0.639,-0.183,0.746,0.716,0.635,0.609,-0.515,0.526,0.099,0.762,0.501,-0.591,0.678,-0.182,0.028,0.684,0.702,0.613,-0.757,-0.397,-0.162,0.064,0.653,-0.108,0.414,-0.37,0.731,0.722,0.833,0.688,0.772,-0.259,0.09,-0.389,-0.67,0.134,0.132,0.046,-0.419,-0.509,-0.586,0.59,0.575,0.018,0.569,0.679,-0.633,0.511,-0.508,0.168,0.46
