,000001SZ,000002SZ,000157SZ,000166SZ,000333SZ,000338SZ,000538SZ,000568SZ,000596SZ,000617SZ,000625SZ,000651SZ,000661SZ,000708SZ,000725SZ,000768SZ,000776SZ,000786SZ,000800SZ,000807SZ,000858SZ,000876SZ,000895SZ,000938SZ,000963SZ,000999SZ,001965SZ,002001SZ,002007SZ,002027SZ,002028SZ,002050SZ,002129SZ,002179SZ,002230SZ,002236SZ,002241SZ,002271SZ,002304SZ,002311SZ,002371SZ,002415SZ,002422SZ,002459SZ,002460SZ,002463SZ,002466SZ,002475SZ,002493SZ,002555SZ,002594SZ,002601SZ,002648SZ,002709SZ,002714SZ,002916SZ,002920SZ,002938SZ,003816SZ,300014SZ,300033SZ,300059SZ,300122SZ,300124SZ,300274SZ,300308SZ,300316SZ,300347SZ,300394SZ,300408SZ,300413SZ,300418SZ,300433SZ,300450SZ,300498SZ,300502SZ,300628SZ,300661SZ,300750SZ,300759SZ,300760SZ,300782SZ,600000SS,600010SS,600011SS,600015SS,600016SS,600018SS,600019SS,600023SS,600025SS,600026SS,600028SS,600029SS,600031SS,600036SS,600048SS,600050SS,600061SS,600085SS,600089SS,600104SS,600111SS,600115SS,600161SS,600183SS,600188SS,600196SS,600219SS,600233SS,600276SS,600309SS,600332SS,600346SS,600362SS,600377SS,600406SS,600415SS,600426SS,600436SS,600438SS,600489SS,600519SS,600570SS,600585SS,600588SS,600600SS,600660SS,600674SS,600741SS,600760SS,600795SS,600809SS,600875SS,600886SS,600887SS,600926SS,600989SS,601006SS,601009SS,601012SS,601021SS,601058SS,601066SS,601088SS,601100SS,601117SS,601138SS,601166SS,601169SS,601186SS,601225SS,601229SS,601238SS,601288SS,601318SS,601319SS,601328SS,601336SS,601360SS,601390SS,601398SS,601600SS,601601SS,601607SS,601618SS,601628SS,601633SS,601658SS,601668SS,601669SS,601688SS,601689SS,601698SS,601699SS,601766SS,601788SS,601799SS,601800SS,601808SS,601816SS,601818SS,601838SS,601857SS,601865SS,601872SS,601877SS,601878SS,601881SS,601888SS,601899SS,601901SS,601919SS,601939SS,601985SS,601988SS,601998SS,603019SS,603195SS,603259SS,603260SS,603288SS,603369SS,603501SS,603659SS,603799SS,603806SS,603833SS,603986SS,603993SS,688008SS,688009SS,688012SS,688036SS,688111SS,688169SS,688396SS
000001SZ,1.0,0.827,-0.422,0.09,-0.322,-0.385,0.637,0.765,0.746,0.767,-0.518,-0.1,0.02,-0.133,-0.358,-0.583,0.769,0.556,-0.482,0.749,0.757,0.602,0.902,0.419,-0.556,0.459,-0.087,0.309,0.243,0.322,-0.006,-0.27,-0.386,-0.511,0.356,-0.139,0.297,0.805,0.748,0.694,0.638,0.011,0.521,-0.133,0.86,0.384,0.78,-0.649,0.501,0.543,0.371,0.278,-0.268,-0.083,-0.325,0.703,-0.578,0.494,-0.524,0.146,0.315,0.709,0.249,-0.513,-0.548,-0.297,-0.427,0.883,0.016,-0.175,0.521,0.766,-0.148,-0.618,-0.696,0.135,0.851,0.066,-0.164,0.861,0.726,0.227,0.911,0.08,-0.675,0.788,0.056,0.789,0.642,-0.67,-0.077,0.007,0.079,-0.178,-0.056,0.949,0.657,0.864,0.693,0.479,0.753,-0.391,-0.28,-0.263,0.315,0.477,-0.528,-0.341,0.352,0.398,-0.351,0.61,0.751,0.232,0.273,-0.241,-0.604,0.827,-0.052,0.778,-0.336,0.267,0.272,0.051,0.812,0.303,0.574,-0.591,-0.083,-0.315,-0.675,-0.55,0.724,-0.533,-0.461,0.865,0.888,0.457,0.27,0.84,-0.177,-0.413,-0.677,0.328,-0.429,-0.519,-0.053,-0.238,0.863,0.55,0.409,-0.365,0.497,-0.43,0.782,0.837,0.806,0.637,0.232,0.743,0.293,0.801,0.083,0.622,0.53,0.231,0.926,-0.519,0.782,0.556,-0.012,0.152,-0.475,-0.711,0.203,-0.098,0.47,-0.559,-0.171,-0.2,0.518,0.723,0.783,-0.243,-0.546,0.29,-0.538,0.655,0.449,0.714,0.372,0.741,-0.419,0.717,-0.648,0.796,0.773,0.646,0.764,0.827,0.031,0.823,0.687,-0.377,-0.53,0.838,-0.662,0.81,0.295,0.395,0.29,-0.18,0.591,-0.454,0.168,-0.329,0.539
000002SZ,0.827,1.0,-0.562,-0.128,-0.318,-0.469,0.563,0.608,0.564,0.497,-0.638,-0.065,-0.22,-0.03,-0.468,-0.628,0.559,0.73,-0.579,0.662,0.616,0.39,0.864,0.219,-0.633,0.417,0.208,0.287,0.099,0.159,0.018,-0.433,-0.5,-0.601,0.213,-0.48,-0.038,0.917,0.594,0.489,0.701,-0.293,0.597,-0.073,0.68,0.115,0.624,-0.761,0.381,0.472,-0.019,0.182,-0.314,-0.304,-0.456,0.521,-0.79,0.151,-0.337,-0.107,0.114,0.406,0.013,-0.692,-0.69,-0.553,-0.426,0.79,-0.27,-0.406,0.39,0.631,-0.361,-0.675,-0.695,-0.304,0.69,-0.162,-0.376,0.79,0.644,0.24,0.838,-0.077,-0.599,0.749,0.08,0.837,0.608,-0.49,0.114,-0.237,0.064,-0.404,-0.277,0.786,0.841,0.811,0.553,0.521,0.711,-0.547,-0.383,-0.425,0.422,0.261,-0.533,-0.546,0.322,0.461,-0.544,0.549,0.819,0.139,0.128,0.045,-0.756,0.867,-0.072,0.682,-0.426,0.398,-0.013,-0.179,0.743,0.042,0.298,-0.659,0.123,-0.406,-0.733,-0.575,0.497,-0.658,-0.211,0.557,0.859,0.327,0.484,0.705,-0.223,-0.622,-0.639,0.112,-0.495,-0.722,-0.226,-0.535,0.678,0.614,0.335,-0.427,0.441,-0.552,0.777,0.664,0.751,0.69,0.098,0.634,0.313,0.802,-0.007,0.632,0.642,0.26,0.872,-0.709,0.843,0.63,-0.186,-0.15,-0.679,-0.672,0.039,-0.125,0.161,-0.65,-0.316,-0.285,0.487,0.803,0.865,-0.247,-0.576,0.058,-0.553,0.471,0.108,0.528,0.071,0.547,-0.544,0.788,-0.541,0.803,0.792,0.416,0.74,0.685,-0.163,0.649,0.554,-0.51,-0.552,0.773,-0.617,0.91,0.092,0.134,0.058,-0.205,0.421,-0.61,0.154,-0.215,0.483
000157SZ,-0.422,-0.562,1.0,0.492,0.497,0.72,-0.059,-0.105,-0.116,-0.026,0.627,0.611,0.487,0.391,0.488,0.669,-0.161,-0.311,0.617,-0.0,-0.044,-0.065,-0.42,-0.272,0.814,-0.111,0.097,0.251,0.501,0.172,0.028,0.621,0.711,0.68,-0.208,0.34,0.111,-0.524,-0.249,-0.12,-0.252,0.403,-0.204,0.316,-0.39,-0.138,-0.182,0.769,0.289,-0.2,0.295,0.4,0.772,0.656,0.651,-0.357,0.775,-0.003,0.338,0.393,0.013,0.094,0.32,0.708,0.82,0.702,0.794,-0.515,0.574,0.334,-0.178,-0.437,0.342,0.864,0.719,0.365,-0.392,0.386,0.807,-0.55,-0.232,-0.302,-0.598,0.047,0.296,-0.456,0.09,-0.47,-0.224,0.176,-0.253,0.354,0.073,0.423,0.784,-0.403,-0.536,-0.612,-0.033,-0.126,-0.433,0.679,0.364,0.444,-0.219,-0.141,0.479,0.789,0.041,-0.149,0.758,-0.197,-0.395,0.375,0.261,-0.001,0.801,-0.487,0.489,-0.255,0.633,-0.465,0.59,0.251,-0.221,-0.057,0.232,0.782,-0.114,0.486,0.753,0.376,-0.225,0.705,0.076,-0.242,-0.68,0.194,-0.407,-0.32,0.664,0.522,0.733,0.255,0.583,0.824,0.633,0.741,-0.383,-0.556,-0.096,0.438,-0.311,0.486,-0.609,-0.276,-0.394,-0.495,0.008,-0.556,-0.035,-0.71,0.234,-0.511,-0.244,0.049,-0.602,0.81,-0.822,-0.139,0.459,0.384,0.778,0.567,0.132,0.345,0.197,0.616,0.563,0.271,-0.412,-0.625,-0.693,0.246,0.814,0.104,0.823,-0.086,0.29,-0.266,0.487,-0.24,0.465,-0.698,0.463,-0.573,-0.766,-0.19,-0.496,-0.352,0.469,-0.41,-0.203,0.368,0.626,-0.512,0.813,-0.329,0.173,0.303,0.048,0.248,-0.041,0.511,-0.327,0.08,-0.07
000166SZ,0.09,-0.128,0.492,1.0,-0.282,0.636,0.627,0.077,-0.061,0.367,0.449,0.215,0.76,0.421,0.632,0.503,0.558,-0.027,0.645,0.341,0.198,0.388,0.114,-0.294,0.529,-0.259,0.166,0.517,0.497,0.459,0.618,-0.015,0.139,0.38,-0.223,0.261,0.622,-0.242,-0.148,0.033,-0.198,0.264,-0.205,-0.353,0.24,0.521,0.511,0.456,0.426,-0.093,0.526,0.514,0.451,0.528,0.266,0.258,0.508,0.553,0.309,0.494,-0.085,0.419,0.334,0.451,0.376,0.328,0.311,-0.045,0.319,0.376,-0.124,-0.049,0.62,0.381,0.523,0.491,0.165,0.313,0.596,-0.026,-0.097,0.383,0.105,0.487,0.207,0.188,0.359,0.252,0.424,-0.084,-0.198,0.706,0.496,0.69,0.531,0.043,-0.375,-0.107,0.645,-0.265,0.21,0.581,0.535,0.6,-0.407,0.462,0.582,0.466,0.567,0.361,0.61,-0.072,0.062,0.5,0.722,0.001,0.489,-0.083,0.628,0.002,0.239,0.17,0.578,-0.196,0.016,-0.12,0.312,0.54,-0.451,0.522,0.43,0.274,0.313,0.607,-0.295,0.134,-0.056,0.537,0.18,0.38,0.499,0.582,0.436,0.859,0.563,0.338,0.782,0.538,-0.095,0.271,0.635,0.609,0.444,0.522,0.036,0.342,0.316,0.157,0.57,-0.181,0.538,-0.108,0.65,0.2,0.26,0.583,-0.121,0.516,-0.204,0.381,0.689,0.866,0.244,-0.1,0.689,0.635,0.676,0.498,0.763,0.628,0.412,0.031,-0.029,0.303,0.134,0.677,0.514,0.672,0.756,0.071,0.545,0.519,0.46,-0.06,0.427,0.143,-0.181,0.084,-0.205,0.138,0.6,-0.208,-0.104,0.487,0.608,-0.082,0.274,-0.019,0.301,0.726,0.518,0.578,-0.072,-0.029,-0.499,0.148,0.514
000333SZ,-0.322,-0.318,0.497,-0.282,1.0,0.286,-0.51,-0.147,-0.056,-0.264,0.288,0.562,-0.077,0.208,-0.099,0.336,-0.582,-0.15,0.006,-0.159,-0.193,-0.453,-0.397,-0.08,0.267,0.143,0.061,-0.084,0.167,-0.417,-0.464,0.648,0.678,0.55,-0.171,-0.033,-0.324,-0.236,-0.106,-0.13,0.015,0.078,0.006,0.698,-0.524,-0.553,-0.419,0.416,-0.011,-0.097,-0.11,0.154,0.436,0.326,0.368,-0.616,0.296,-0.37,0.087,0.2,-0.035,-0.178,0.118,0.331,0.585,0.306,0.695,-0.453,0.173,-0.209,-0.176,-0.441,-0.149,0.573,0.27,-0.104,-0.469,-0.035,0.365,-0.518,-0.114,-0.723,-0.572,-0.28,0.138,-0.431,0.044,-0.568,-0.431,0.304,0.042,-0.27,-0.222,-0.172,0.322,-0.22,-0.211,-0.444,-0.46,0.255,-0.406,0.145,-0.056,-0.001,0.233,-0.567,-0.06,0.401,-0.364,-0.395,0.257,-0.208,-0.416,-0.106,-0.217,0.132,0.388,-0.43,-0.073,-0.233,0.437,-0.499,0.182,0.413,-0.142,-0.01,0.239,0.369,0.39,0.084,0.454,0.176,-0.538,0.237,0.371,-0.262,-0.513,-0.216,-0.483,-0.488,0.281,-0.006,0.403,-0.413,0.17,0.504,0.116,0.218,-0.127,-0.706,-0.484,-0.062,-0.497,0.03,-0.375,-0.416,-0.531,-0.344,-0.387,-0.422,-0.292,-0.427,-0.353,-0.602,-0.304,-0.296,-0.387,0.362,-0.55,-0.195,0.078,-0.365,0.611,0.681,-0.377,-0.039,-0.435,0.166,0.061,-0.218,-0.709,-0.457,-0.589,0.162,0.712,-0.447,0.417,-0.608,-0.29,-0.351,0.104,-0.669,0.099,-0.447,0.043,-0.498,-0.509,-0.318,-0.316,-0.468,-0.027,-0.168,-0.16,-0.279,0.152,-0.346,0.614,-0.21,-0.233,-0.242,-0.451,-0.142,-0.049,0.45,0.1,0.077,-0.515
000338SZ,-0.385,-0.469,0.72,0.636,0.286,1.0,0.143,-0.29,-0.423,-0.197,0.892,0.61,0.688,0.806,0.809,0.908,-0.016,-0.03,0.849,0.079,-0.232,-0.098,-0.367,-0.697,0.845,-0.573,0.443,0.455,0.414,-0.044,0.538,0.139,0.332,0.804,-0.656,0.11,0.439,-0.618,-0.564,-0.357,-0.431,0.044,-0.545,-0.146,-0.411,0.194,-0.008,0.876,0.347,-0.518,0.312,0.38,0.738,0.526,0.251,-0.386,0.772,0.219,0.678,0.291,-0.493,-0.099,0.022,0.786,0.806,0.238,0.76,-0.617,0.119,0.271,-0.571,-0.67,0.705,0.789,0.848,0.166,-0.445,0.124,0.617,-0.626,-0.552,0.135,-0.468,0.464,0.616,-0.28,0.558,-0.226,0.174,0.416,-0.091,0.657,0.59,0.731,0.475,-0.364,-0.711,-0.599,0.134,-0.317,-0.277,0.863,0.733,0.838,-0.53,0.03,0.814,0.649,0.447,0.233,0.828,-0.552,-0.445,0.392,0.655,0.431,0.8,-0.561,0.726,-0.478,0.252,0.102,0.428,-0.292,-0.456,-0.522,0.198,0.937,-0.265,0.821,0.886,0.579,-0.264,0.864,0.066,-0.229,-0.532,0.307,0.012,-0.142,0.478,0.764,0.896,0.54,0.927,0.546,0.861,0.461,-0.538,-0.14,0.381,0.842,0.221,0.824,-0.246,-0.005,-0.103,-0.075,0.516,-0.76,0.439,-0.525,0.535,-0.077,0.0,0.484,-0.542,0.861,-0.611,0.176,0.753,0.549,0.484,0.502,0.571,0.781,0.248,0.89,0.812,0.757,0.011,-0.354,-0.445,0.731,0.494,0.489,0.843,0.143,0.207,-0.526,0.414,-0.119,0.799,-0.348,0.757,-0.24,-0.673,-0.515,-0.713,-0.456,0.308,-0.633,-0.59,0.513,0.922,-0.583,0.771,-0.355,0.076,0.51,0.349,0.698,-0.484,0.057,-0.701,0.586,0.224
000538SZ,0.637,0.563,-0.059,0.627,-0.51,0.143,1.0,0.542,0.412,0.618,-0.117,0.146,0.377,0.268,0.104,-0.092,0.824,0.471,0.11,0.67,0.613,0.507,0.737,-0.053,-0.022,0.126,0.291,0.641,0.522,0.486,0.499,-0.293,-0.32,-0.145,0.063,-0.066,0.519,0.461,0.354,0.403,0.385,0.06,0.194,-0.37,0.653,0.511,0.801,-0.181,0.652,0.331,0.399,0.555,-0.002,0.073,-0.179,0.646,-0.125,0.588,-0.037,0.231,0.062,0.612,0.235,-0.138,-0.263,-0.14,-0.139,0.54,0.108,0.122,0.257,0.437,0.283,-0.244,-0.122,0.206,0.646,0.238,0.12,0.537,0.387,0.537,0.68,0.31,-0.316,0.692,0.275,0.774,0.716,-0.497,-0.115,0.36,0.388,0.246,0.15,0.61,0.275,0.522,0.872,0.166,0.716,0.102,0.13,0.155,-0.001,0.567,0.024,-0.04,0.618,0.654,0.062,0.413,0.667,0.497,0.63,0.039,-0.2,0.562,0.43,0.539,-0.144,0.433,0.425,-0.253,0.483,-0.014,0.473,-0.082,-0.267,0.244,-0.202,-0.241,0.603,-0.069,-0.357,0.518,0.614,0.743,0.453,0.816,0.211,0.008,-0.112,0.722,0.065,-0.291,0.366,0.06,0.38,0.663,0.672,0.155,0.629,0.014,0.551,0.74,0.761,0.567,0.523,0.374,0.546,0.49,0.43,0.633,0.607,0.548,0.544,-0.124,0.471,0.676,0.343,0.548,-0.282,-0.566,0.54,0.374,0.669,-0.064,0.352,0.266,0.664,0.558,0.635,0.005,-0.355,0.569,-0.045,0.84,0.635,0.456,0.448,0.809,-0.044,0.507,-0.087,0.682,0.411,0.418,0.446,0.591,0.356,0.338,0.35,0.092,0.056,0.531,-0.277,0.6,0.493,0.662,0.518,0.205,0.27,-0.506,-0.233,-0.113,0.76
000568SZ,0.765,0.608,-0.105,0.077,-0.147,-0.29,0.542,1.0,0.947,0.784,-0.412,0.189,0.12,-0.216,-0.313,-0.597,0.674,0.509,-0.295,0.724,0.973,0.583,0.761,0.552,-0.277,0.497,-0.241,0.375,0.371,0.661,-0.217,0.124,-0.143,-0.536,0.583,0.177,0.206,0.719,0.91,0.822,0.55,0.401,0.433,0.086,0.765,0.246,0.592,-0.494,0.638,0.517,0.56,0.458,-0.051,0.086,-0.019,0.719,-0.282,0.396,-0.638,0.136,0.586,0.783,0.426,-0.273,-0.352,0.106,-0.294,0.793,0.43,0.22,0.788,0.749,-0.097,-0.395,-0.568,0.316,0.785,0.487,0.124,0.75,0.702,0.123,0.604,-0.017,-0.809,0.393,-0.332,0.487,0.339,-0.814,-0.513,0.069,-0.203,-0.071,0.34,0.717,0.557,0.633,0.547,0.349,0.426,-0.194,-0.251,-0.26,0.254,0.477,-0.461,-0.032,0.168,0.358,-0.15,0.774,0.539,0.53,0.181,-0.466,-0.378,0.761,0.128,0.88,-0.036,-0.166,0.606,0.292,0.831,0.48,0.639,-0.448,-0.285,-0.22,-0.569,-0.625,0.803,-0.483,-0.598,0.809,0.608,0.642,-0.111,0.556,0.061,-0.24,-0.508,0.235,-0.374,-0.138,-0.042,0.076,0.64,0.143,0.156,-0.344,0.058,-0.314,0.329,0.624,0.49,0.153,0.069,0.696,-0.036,0.366,0.086,0.3,0.149,-0.016,0.698,-0.249,0.429,0.21,-0.048,0.219,-0.174,-0.493,0.093,-0.272,0.598,-0.401,-0.18,-0.294,0.197,0.257,0.481,-0.45,-0.19,0.228,-0.278,0.545,0.513,0.841,0.571,0.632,-0.342,0.244,-0.645,0.384,0.387,0.701,0.766,0.831,0.201,0.829,0.877,-0.089,-0.507,0.682,-0.437,0.759,0.586,0.453,0.332,-0.436,0.777,-0.216,0.218,-0.555,0.457
000596SZ,0.746,0.564,-0.116,-0.061,-0.056,-0.423,0.412,0.947,1.0,0.782,-0.543,0.085,-0.048,-0.377,-0.479,-0.67,0.564,0.376,-0.471,0.617,0.919,0.523,0.719,0.695,-0.377,0.681,-0.351,0.214,0.379,0.553,-0.408,0.237,-0.042,-0.538,0.682,0.192,0.084,0.741,0.958,0.823,0.647,0.427,0.565,0.235,0.716,0.142,0.489,-0.539,0.548,0.672,0.438,0.363,-0.136,0.047,0.021,0.687,-0.355,0.326,-0.766,0.16,0.705,0.786,0.448,-0.36,-0.387,0.166,-0.305,0.817,0.506,0.124,0.862,0.811,-0.253,-0.431,-0.653,0.356,0.783,0.449,0.08,0.759,0.797,-0.086,0.576,-0.168,-0.88,0.387,-0.438,0.391,0.181,-0.853,-0.423,-0.104,-0.372,-0.276,0.299,0.725,0.607,0.675,0.423,0.523,0.398,-0.336,-0.408,-0.441,0.433,0.366,-0.645,-0.059,-0.026,0.124,-0.233,0.827,0.56,0.379,0.004,-0.564,-0.438,0.747,-0.082,0.904,0.01,-0.299,0.506,0.479,0.855,0.629,0.628,-0.544,-0.118,-0.381,-0.625,-0.677,0.707,-0.575,-0.519,0.78,0.588,0.47,-0.244,0.506,-0.001,-0.408,-0.613,0.083,-0.532,-0.121,-0.18,0.11,0.728,0.015,-0.054,-0.537,-0.081,-0.487,0.269,0.51,0.39,0.078,-0.133,0.768,-0.227,0.375,-0.12,0.172,0.128,-0.203,0.704,-0.342,0.412,0.092,-0.215,0.059,-0.107,-0.469,-0.115,-0.44,0.47,-0.541,-0.33,-0.499,0.018,0.226,0.397,-0.583,-0.15,0.044,-0.393,0.386,0.448,0.838,0.465,0.517,-0.493,0.204,-0.788,0.318,0.429,0.796,0.824,0.811,0.155,0.906,0.941,-0.253,-0.642,0.726,-0.474,0.734,0.533,0.27,0.179,-0.581,0.888,-0.061,0.383,-0.682,0.299
000617SZ,0.767,0.497,-0.026,0.367,-0.264,-0.197,0.618,0.784,0.782,1.0,-0.366,-0.068,0.225,-0.2,-0.195,-0.435,0.766,0.289,-0.221,0.667,0.819,0.763,0.651,0.574,-0.23,0.554,-0.375,0.375,0.418,0.644,-0.117,0.149,-0.019,-0.361,0.53,0.38,0.425,0.596,0.753,0.767,0.493,0.541,0.51,0.011,0.829,0.452,0.712,-0.341,0.544,0.651,0.574,0.505,-0.037,0.259,0.133,0.772,-0.179,0.62,-0.592,0.444,0.656,0.935,0.597,-0.166,-0.24,0.28,-0.24,0.769,0.511,0.215,0.69,0.817,0.084,-0.303,-0.421,0.581,0.827,0.466,0.239,0.767,0.729,0.125,0.643,0.153,-0.698,0.536,-0.176,0.515,0.408,-0.82,-0.367,0.199,-0.107,0.032,0.389,0.74,0.453,0.707,0.717,0.398,0.519,-0.158,-0.138,-0.125,0.251,0.663,-0.373,0.129,0.295,0.171,-0.023,0.691,0.602,0.421,0.319,-0.575,-0.198,0.621,0.051,0.739,0.08,-0.086,0.596,0.366,0.836,0.61,0.613,-0.352,-0.316,-0.23,-0.456,-0.466,0.783,-0.204,-0.626,0.748,0.589,0.478,-0.091,0.711,0.15,-0.136,-0.477,0.44,-0.319,-0.045,0.204,0.307,0.734,0.204,0.337,-0.249,0.195,-0.259,0.335,0.611,0.538,0.203,0.096,0.7,0.145,0.399,0.171,0.283,0.23,0.227,0.614,-0.183,0.381,0.338,0.218,0.379,-0.007,-0.507,0.207,-0.073,0.648,-0.373,0.118,-0.173,0.298,0.304,0.411,-0.378,-0.159,0.342,-0.262,0.643,0.756,0.79,0.593,0.729,-0.259,0.247,-0.583,0.409,0.455,0.845,0.688,0.845,0.45,0.753,0.779,-0.068,-0.401,0.656,-0.4,0.632,0.568,0.522,0.375,-0.188,0.759,0.016,0.277,-0.529,0.502
000625SZ,-0.518,-0.638,0.627,0.449,0.288,0.892,-0.117,-0.412,-0.543,-0.366,1.0,0.469,0.668,0.681,0.816,0.887,-0.163,-0.155,0.888,-0.127,-0.394,-0.196,-0.552,-0.676,0.839,-0.737,0.258,0.244,0.168,-0.134,0.479,0.104,0.249,0.778,-0.672,0.212,0.445,-0.786,-0.66,-0.394,-0.66,0.044,-0.737,-0.209,-0.5,0.194,-0.169,0.873,0.137,-0.698,0.342,0.174,0.651,0.499,0.179,-0.506,0.815,0.177,0.652,0.18,-0.556,-0.272,-0.078,0.883,0.812,0.205,0.642,-0.707,0.009,0.347,-0.663,-0.757,0.732,0.775,0.796,0.142,-0.582,0.108,0.51,-0.703,-0.728,0.185,-0.59,0.516,0.73,-0.49,0.465,-0.413,0.048,0.542,-0.121,0.65,0.534,0.765,0.365,-0.506,-0.873,-0.704,-0.096,-0.519,-0.482,0.889,0.779,0.88,-0.692,0.0,0.848,0.609,0.308,0.16,0.834,-0.703,-0.671,0.269,0.518,0.363,0.847,-0.674,0.629,-0.623,0.158,0.077,0.292,-0.314,-0.627,-0.533,0.025,0.92,-0.333,0.807,0.886,0.677,-0.284,0.87,0.057,-0.264,-0.637,0.17,-0.078,-0.343,0.334,0.851,0.868,0.379,0.924,0.541,0.731,0.364,-0.67,-0.225,0.293,0.868,0.13,0.931,-0.347,-0.118,-0.258,-0.213,0.499,-0.822,0.326,-0.606,0.489,-0.139,-0.235,0.354,-0.643,0.896,-0.657,-0.035,0.684,0.482,0.471,0.584,0.549,0.705,0.158,0.938,0.706,0.796,-0.042,-0.471,-0.54,0.773,0.454,0.448,0.771,0.013,0.071,-0.592,0.314,-0.235,0.93,-0.435,0.77,-0.383,-0.734,-0.631,-0.839,-0.543,0.158,-0.69,-0.688,0.62,0.903,-0.721,0.726,-0.573,0.001,0.415,0.354,0.655,-0.618,0.075,-0.672,0.68,0.121
000651SZ,-0.1,-0.065,0.611,0.215,0.562,0.61,0.146,0.189,0.085,-0.068,0.469,1.0,0.346,0.614,0.275,0.427,-0.053,0.221,0.408,0.271,0.186,-0.167,-0.037,-0.392,0.538,-0.117,0.437,0.468,0.425,0.057,0.05,0.317,0.338,0.47,-0.294,-0.084,0.057,-0.104,-0.035,0.009,0.035,0.076,-0.154,0.258,-0.251,-0.216,-0.005,0.452,0.537,-0.21,0.223,0.503,0.626,0.345,0.235,-0.277,0.374,-0.076,0.334,0.138,-0.185,0.039,0.118,0.406,0.544,0.184,0.657,-0.292,0.185,0.096,-0.151,-0.368,0.209,0.558,0.382,-0.104,-0.259,0.231,0.503,-0.34,-0.115,-0.108,-0.296,0.042,0.14,-0.199,0.24,-0.125,0.108,0.134,-0.186,0.186,0.2,0.279,0.507,-0.066,-0.182,-0.341,0.092,0.019,-0.153,0.491,0.265,0.38,-0.165,-0.173,0.293,0.45,0.203,0.31,0.448,-0.056,-0.173,0.488,0.346,0.347,0.399,-0.149,0.568,-0.031,0.322,-0.118,0.541,-0.041,-0.017,-0.317,0.39,0.521,0.04,0.466,0.498,0.191,-0.119,0.343,0.174,-0.021,-0.282,0.479,-0.098,-0.092,0.508,0.29,0.571,0.148,0.483,0.414,0.47,0.234,-0.229,-0.241,0.054,0.343,-0.053,0.333,-0.171,0.051,-0.064,-0.083,0.149,-0.425,0.15,-0.345,0.196,-0.134,0.0,0.181,-0.209,0.507,-0.403,0.185,0.405,0.181,0.342,0.413,0.174,0.358,0.115,0.434,0.398,0.217,-0.178,-0.252,-0.204,0.348,0.524,0.114,0.629,0.004,0.052,-0.169,0.515,-0.144,0.313,-0.264,0.311,-0.16,-0.502,-0.304,-0.239,-0.196,0.193,-0.209,-0.094,0.142,0.431,-0.241,0.608,0.082,0.182,0.396,0.055,0.166,-0.062,-0.052,-0.342,0.221,0.111
000661SZ,0.02,-0.22,0.487,0.76,-0.077,0.688,0.377,0.12,-0.048,0.225,0.668,0.346,1.0,0.449,0.718,0.5,0.461,0.076,0.747,0.32,0.204,0.289,-0.039,-0.299,0.64,-0.483,0.014,0.454,0.329,0.434,0.532,0.031,0.165,0.403,-0.311,0.346,0.633,-0.348,-0.141,0.098,-0.423,0.296,-0.457,-0.282,0.204,0.49,0.472,0.509,0.462,-0.376,0.758,0.546,0.639,0.723,0.187,0.095,0.616,0.504,0.214,0.526,-0.181,0.331,0.354,0.703,0.556,0.285,0.366,-0.102,0.24,0.489,-0.194,-0.189,0.701,0.498,0.446,0.408,0.051,0.451,0.712,-0.101,-0.272,0.419,-0.088,0.643,0.253,-0.159,0.254,-0.009,0.342,-0.018,-0.434,0.775,0.423,0.797,0.654,-0.072,-0.549,-0.255,0.351,-0.421,-0.077,0.707,0.697,0.719,-0.63,0.429,0.649,0.579,0.494,0.422,0.741,-0.175,-0.268,0.674,0.736,-0.055,0.625,-0.152,0.75,-0.027,0.205,0.081,0.643,-0.248,-0.057,-0.213,0.354,0.629,-0.636,0.531,0.493,0.329,0.379,0.649,-0.431,0.235,-0.204,0.632,-0.052,0.109,0.469,0.749,0.496,0.724,0.669,0.484,0.799,0.425,-0.25,0.056,0.569,0.697,0.297,0.743,-0.089,0.307,0.137,-0.035,0.597,-0.33,0.436,-0.305,0.666,0.102,-0.054,0.479,-0.212,0.687,-0.342,0.166,0.744,0.822,0.292,0.099,0.722,0.582,0.673,0.649,0.666,0.703,0.227,-0.189,-0.159,0.421,0.239,0.685,0.614,0.57,0.641,0.079,0.677,0.369,0.704,-0.225,0.397,-0.063,-0.363,-0.133,-0.318,0.118,0.47,-0.205,-0.149,0.649,0.639,-0.183,0.348,-0.123,0.312,0.794,0.582,0.509,-0.176,-0.109,-0.566,0.285,0.493
000708SZ,-0.133,-0.03,0.391,0.421,0.208,0.806,0.268,-0.216,-0.377,-0.2,0.681,0.614,0.449,1.0,0.624,0.734,0.06,0.372,0.588,0.293,-0.173,-0.074,-0.097,-0.843,0.58,-0.506,0.716,0.527,0.368,-0.235,0.584,-0.19,-0.014,0.6,-0.806,-0.302,0.363,-0.261,-0.518,-0.267,-0.139,-0.334,-0.353,-0.232,-0.308,0.168,0.122,0.563,0.419,-0.403,0.076,0.301,0.559,0.256,-0.108,-0.386,0.336,0.159,0.747,0.072,-0.682,-0.179,-0.216,0.474,0.493,-0.229,0.612,-0.426,-0.253,-0.094,-0.644,-0.575,0.545,0.512,0.592,-0.207,-0.347,-0.202,0.258,-0.405,-0.428,0.277,-0.181,0.469,0.548,0.032,0.74,0.148,0.496,0.408,0.184,0.495,0.759,0.522,0.13,-0.114,-0.363,-0.298,0.288,-0.075,-0.019,0.603,0.629,0.726,-0.355,0.042,0.66,0.322,0.658,0.495,0.549,-0.532,-0.103,0.306,0.696,0.723,0.461,-0.27,0.668,-0.396,-0.1,0.455,0.206,-0.566,-0.284,-0.754,0.18,0.692,-0.069,0.697,0.632,0.453,-0.255,0.612,0.17,-0.152,-0.19,0.296,0.394,0.112,0.278,0.474,0.69,0.488,0.806,0.085,0.726,0.036,-0.369,0.176,0.552,0.749,0.491,0.625,0.128,0.222,0.222,0.302,0.603,-0.649,0.683,-0.172,0.535,0.277,0.373,0.696,-0.209,0.489,-0.218,0.544,0.672,0.316,0.093,0.278,0.605,0.847,0.1,0.654,0.684,0.707,0.278,0.054,-0.055,0.822,0.197,0.48,0.571,0.218,0.003,-0.549,0.243,-0.04,0.638,0.066,0.667,0.135,-0.329,-0.567,-0.538,-0.335,0.071,-0.526,-0.57,0.207,0.744,-0.39,0.579,-0.001,-0.072,0.452,0.312,0.726,-0.516,-0.323,-0.701,0.751,0.411
000725SZ,-0.358,-0.468,0.488,0.632,-0.099,0.809,0.104,-0.313,-0.479,-0.195,0.816,0.275,0.718,0.624,1.0,0.734,0.154,0.005,0.867,0.085,-0.248,0.12,-0.388,-0.614,0.769,-0.773,0.267,0.296,0.126,0.127,0.655,-0.164,-0.012,0.492,-0.549,0.204,0.547,-0.65,-0.586,-0.387,-0.668,-0.01,-0.703,-0.521,-0.263,0.469,-0.015,0.714,0.234,-0.649,0.377,0.102,0.563,0.335,0.036,-0.187,0.668,0.344,0.611,0.086,-0.491,-0.145,-0.144,0.699,0.565,0.119,0.358,-0.511,0.004,0.459,-0.536,-0.536,0.781,0.518,0.719,0.234,-0.356,0.073,0.391,-0.472,-0.687,0.469,-0.342,0.634,0.63,-0.309,0.485,-0.132,0.256,0.343,-0.23,0.844,0.657,0.881,0.304,-0.457,-0.709,-0.516,0.145,-0.594,-0.357,0.825,0.808,0.881,-0.781,0.292,0.916,0.438,0.563,0.338,0.718,-0.599,-0.474,0.442,0.661,0.274,0.675,-0.469,0.748,-0.501,-0.035,0.242,0.254,-0.461,-0.511,-0.531,-0.099,0.777,-0.565,0.668,0.676,0.514,-0.041,0.775,-0.184,-0.143,-0.435,0.267,0.154,-0.125,0.156,0.879,0.697,0.65,0.888,0.41,0.761,0.313,-0.581,0.05,0.522,0.912,0.357,0.907,-0.206,0.093,0.013,-0.075,0.7,-0.628,0.478,-0.474,0.753,0.132,-0.032,0.527,-0.466,0.743,-0.46,0.041,0.648,0.73,0.199,0.256,0.744,0.712,0.435,0.904,0.67,0.891,0.226,-0.288,-0.338,0.688,0.16,0.705,0.625,0.327,0.27,-0.434,0.292,0.106,0.847,-0.276,0.775,-0.164,-0.532,-0.473,-0.703,-0.319,0.167,-0.643,-0.586,0.741,0.82,-0.572,0.468,-0.401,0.062,0.549,0.591,0.78,-0.543,-0.072,-0.742,0.655,0.35
000768SZ,-0.583,-0.628,0.669,0.503,0.336,0.908,-0.092,-0.597,-0.67,-0.435,0.887,0.427,0.5,0.734,0.734,1.0,-0.273,-0.254,0.781,-0.211,-0.543,-0.31,-0.564,-0.771,0.792,-0.6,0.433,0.218,0.292,-0.322,0.493,0.135,0.38,0.909,-0.761,0.022,0.299,-0.781,-0.786,-0.546,-0.515,-0.101,-0.571,-0.098,-0.632,0.044,-0.225,0.921,0.035,-0.556,0.046,0.131,0.609,0.44,0.248,-0.616,0.747,0.043,0.786,0.225,-0.603,-0.344,-0.123,0.754,0.81,0.197,0.78,-0.801,-0.011,0.092,-0.759,-0.826,0.596,0.83,0.919,0.066,-0.652,-0.109,0.483,-0.799,-0.676,-0.013,-0.611,0.357,0.793,-0.359,0.567,-0.372,0.007,0.636,0.162,0.497,0.549,0.593,0.278,-0.53,-0.809,-0.724,-0.075,-0.332,-0.367,0.767,0.677,0.766,-0.457,-0.188,0.807,0.566,0.255,0.009,0.762,-0.751,-0.532,0.062,0.444,0.512,0.818,-0.744,0.5,-0.706,0.238,0.1,0.165,-0.287,-0.675,-0.569,-0.007,0.95,-0.065,0.763,0.965,0.716,-0.532,0.897,0.292,-0.467,-0.666,-0.016,0.018,-0.307,0.398,0.685,0.925,0.353,0.898,0.509,0.723,0.404,-0.647,-0.208,0.227,0.798,0.14,0.761,-0.329,-0.231,-0.266,-0.131,0.381,-0.881,0.356,-0.563,0.366,-0.198,-0.03,0.371,-0.688,0.801,-0.675,0.09,0.632,0.357,0.524,0.59,0.418,0.746,-0.029,0.859,0.746,0.702,-0.083,-0.38,-0.58,0.759,0.518,0.295,0.793,-0.095,0.004,-0.751,0.124,-0.352,0.772,-0.389,0.843,-0.348,-0.694,-0.653,-0.868,-0.689,0.19,-0.802,-0.797,0.39,0.95,-0.742,0.824,-0.568,-0.183,0.229,0.138,0.711,-0.652,0.176,-0.64,0.667,0.002
000776SZ,0.769,0.559,-0.161,0.558,-0.582,-0.016,0.824,0.674,0.564,0.766,-0.163,-0.053,0.461,0.06,0.154,-0.273,1.0,0.484,0.048,0.781,0.746,0.725,0.745,0.192,-0.108,0.086,-0.028,0.501,0.395,0.64,0.414,-0.318,-0.425,-0.365,0.224,0.131,0.645,0.484,0.504,0.552,0.273,0.167,0.149,-0.496,0.85,0.748,0.85,-0.305,0.654,0.329,0.631,0.381,-0.036,0.104,-0.279,0.813,-0.181,0.778,-0.318,0.224,0.204,0.75,0.249,-0.12,-0.352,-0.105,-0.357,0.723,0.191,0.273,0.415,0.632,0.335,-0.395,-0.327,0.412,0.812,0.276,0.096,0.729,0.409,0.601,0.777,0.464,-0.458,0.607,0.103,0.756,0.735,-0.678,-0.35,0.515,0.321,0.299,0.206,0.652,0.273,0.633,0.857,0.11,0.565,0.067,0.186,0.132,-0.123,0.809,-0.029,-0.095,0.622,0.593,0.073,0.428,0.576,0.575,0.63,-0.288,-0.23,0.679,0.403,0.638,-0.324,0.327,0.474,-0.173,0.588,0.148,0.472,-0.22,-0.538,0.031,-0.389,-0.388,0.865,-0.156,-0.708,0.769,0.676,0.707,0.31,0.824,-0.049,0.057,-0.351,0.768,-0.019,-0.247,0.313,0.069,0.481,0.607,0.693,0.112,0.622,0.045,0.565,0.869,0.809,0.49,0.587,0.543,0.459,0.501,0.528,0.694,0.492,0.469,0.675,-0.144,0.534,0.511,0.265,0.665,-0.345,-0.727,0.62,0.216,0.862,-0.097,0.179,0.258,0.671,0.521,0.601,-0.082,-0.499,0.715,-0.226,0.964,0.777,0.628,0.521,0.957,-0.008,0.491,-0.273,0.682,0.49,0.567,0.489,0.809,0.229,0.524,0.508,0.174,-0.117,0.611,-0.503,0.641,0.529,0.747,0.714,0.136,0.415,-0.481,-0.189,-0.156,0.814
000786SZ,0.556,0.73,-0.311,-0.027,-0.15,-0.03,0.471,0.509,0.376,0.289,-0.155,0.221,0.076,0.372,0.005,-0.254,0.484,1.0,-0.146,0.714,0.511,0.356,0.585,-0.143,-0.194,-0.006,0.368,0.462,0.222,0.123,0.235,-0.415,-0.491,-0.333,-0.119,-0.392,0.168,0.613,0.315,0.352,0.382,-0.305,0.183,-0.212,0.408,0.247,0.475,-0.352,0.551,0.097,0.13,0.251,0.005,-0.158,-0.489,0.291,-0.434,0.239,-0.015,-0.183,-0.173,0.231,-0.153,-0.253,-0.342,-0.54,-0.154,0.459,-0.292,-0.152,0.115,0.261,0.056,-0.362,-0.341,-0.297,0.398,-0.141,-0.218,0.482,0.224,0.431,0.51,0.227,-0.266,0.43,0.264,0.658,0.685,-0.274,-0.047,0.16,0.376,0.011,-0.132,0.48,0.469,0.483,0.482,0.277,0.399,-0.084,0.058,0.021,0.109,0.321,-0.08,-0.26,0.562,0.64,-0.143,0.2,0.479,0.391,0.438,0.273,-0.387,0.594,0.328,0.421,-0.477,0.483,0.141,-0.404,0.457,-0.304,0.313,-0.23,-0.141,-0.002,-0.359,-0.305,0.378,-0.288,-0.28,0.46,0.557,0.437,0.473,0.492,-0.184,-0.171,-0.225,0.289,0.002,-0.495,0.108,-0.446,0.275,0.452,0.49,0.043,0.484,-0.031,0.561,0.641,0.658,0.543,0.423,0.229,0.466,0.423,0.327,0.646,0.539,0.452,0.6,-0.295,0.53,0.561,0.114,0.063,-0.515,-0.37,0.339,0.207,0.277,-0.127,-0.044,0.139,0.461,0.527,0.61,0.183,-0.388,0.352,-0.199,0.48,0.044,0.227,0.179,0.412,-0.032,0.547,-0.153,0.591,0.395,0.048,0.358,0.462,-0.166,0.315,0.233,-0.145,-0.16,0.376,-0.27,0.737,0.124,0.346,0.336,0.125,0.136,-0.65,-0.198,0.205,0.645
000800SZ,-0.482,-0.579,0.617,0.645,0.006,0.849,0.11,-0.295,-0.471,-0.221,0.888,0.408,0.747,0.588,0.867,0.781,0.048,-0.146,1.0,-0.062,-0.227,-0.069,-0.459,-0.598,0.883,-0.733,0.246,0.362,0.202,0.2,0.62,0.051,0.145,0.596,-0.502,0.329,0.491,-0.717,-0.578,-0.326,-0.678,0.171,-0.731,-0.376,-0.325,0.332,-0.047,0.796,0.21,-0.611,0.419,0.243,0.605,0.45,0.18,-0.236,0.823,0.266,0.584,0.157,-0.41,-0.148,-0.015,0.844,0.668,0.299,0.474,-0.584,0.136,0.576,-0.488,-0.587,0.797,0.682,0.78,0.243,-0.409,0.281,0.543,-0.558,-0.665,0.388,-0.467,0.586,0.609,-0.422,0.341,-0.276,0.102,0.34,-0.3,0.745,0.507,0.844,0.463,-0.522,-0.796,-0.643,0.082,-0.643,-0.421,0.923,0.819,0.855,-0.764,0.226,0.9,0.574,0.399,0.287,0.83,-0.519,-0.546,0.456,0.579,0.221,0.821,-0.523,0.763,-0.486,0.181,0.088,0.387,-0.373,-0.537,-0.458,-0.065,0.854,-0.526,0.789,0.778,0.545,-0.069,0.84,-0.105,-0.259,-0.558,0.349,-0.002,-0.215,0.388,0.892,0.82,0.532,0.879,0.559,0.733,0.458,-0.698,-0.072,0.398,0.9,0.156,0.928,-0.384,-0.059,-0.165,-0.237,0.548,-0.675,0.347,-0.592,0.621,-0.059,-0.214,0.418,-0.605,0.851,-0.609,-0.006,0.664,0.668,0.406,0.372,0.635,0.691,0.374,0.923,0.755,0.831,0.11,-0.447,-0.438,0.592,0.354,0.562,0.765,0.227,0.277,-0.412,0.364,0.023,0.867,-0.443,0.778,-0.329,-0.688,-0.457,-0.712,-0.372,0.296,-0.676,-0.549,0.817,0.885,-0.618,0.605,-0.482,0.219,0.548,0.497,0.631,-0.517,0.027,-0.689,0.508,0.243
000807SZ,0.749,0.662,-0.0,0.341,-0.159,0.079,0.67,0.724,0.617,0.667,-0.127,0.271,0.32,0.293,0.085,-0.211,0.781,0.714,-0.062,1.0,0.763,0.614,0.712,0.067,-0.05,0.161,0.176,0.531,0.469,0.438,0.198,-0.19,-0.273,-0.266,0.096,-0.096,0.41,0.561,0.516,0.516,0.409,0.034,0.274,-0.207,0.638,0.449,0.686,-0.251,0.772,0.278,0.485,0.434,0.16,0.122,-0.225,0.517,-0.254,0.523,-0.21,0.11,0.11,0.644,0.17,-0.127,-0.206,-0.157,-0.073,0.596,0.134,0.042,0.335,0.465,0.168,-0.258,-0.289,0.167,0.624,0.119,0.117,0.578,0.423,0.331,0.616,0.331,-0.464,0.521,0.221,0.692,0.722,-0.567,-0.302,0.381,0.328,0.172,0.255,0.637,0.393,0.53,0.739,0.315,0.449,0.05,0.126,0.084,0.046,0.542,-0.076,-0.04,0.659,0.593,0.084,0.355,0.545,0.599,0.623,-0.065,-0.219,0.653,0.442,0.606,-0.277,0.242,0.533,-0.104,0.634,0.004,0.584,-0.15,-0.33,0.0,-0.303,-0.397,0.639,-0.17,-0.569,0.718,0.573,0.668,0.298,0.69,-0.011,-0.044,-0.243,0.581,0.045,-0.21,0.351,-0.045,0.494,0.396,0.57,0.068,0.497,-0.018,0.536,0.804,0.743,0.464,0.482,0.379,0.471,0.399,0.523,0.583,0.526,0.476,0.663,-0.119,0.421,0.586,0.289,0.427,-0.293,-0.488,0.492,0.245,0.658,-0.089,0.157,0.153,0.467,0.459,0.498,0.048,-0.28,0.536,-0.118,0.741,0.522,0.463,0.577,0.684,-0.02,0.425,-0.255,0.596,0.344,0.369,0.423,0.659,0.086,0.502,0.47,-0.058,-0.129,0.493,-0.277,0.778,0.372,0.675,0.525,0.12,0.42,-0.458,-0.183,-0.048,0.727
000858SZ,0.757,0.616,-0.044,0.198,-0.193,-0.232,0.613,0.973,0.919,0.819,-0.394,0.186,0.204,-0.173,-0.248,-0.543,0.746,0.511,-0.227,0.763,1.0,0.623,0.774,0.508,-0.215,0.47,-0.2,0.442,0.444,0.724,-0.114,0.113,-0.115,-0.507,0.546,0.168,0.228,0.709,0.872,0.809,0.549,0.397,0.451,0.054,0.803,0.286,0.669,-0.459,0.673,0.527,0.577,0.495,0.011,0.16,-0.005,0.749,-0.254,0.439,-0.611,0.211,0.565,0.828,0.471,-0.234,-0.329,0.138,-0.245,0.805,0.46,0.235,0.77,0.755,-0.056,-0.344,-0.512,0.339,0.819,0.509,0.211,0.769,0.708,0.162,0.621,0.034,-0.797,0.415,-0.304,0.529,0.388,-0.835,-0.521,0.133,-0.166,-0.043,0.416,0.693,0.54,0.616,0.624,0.345,0.44,-0.151,-0.188,-0.245,0.235,0.525,-0.401,-0.002,0.223,0.381,-0.074,0.771,0.571,0.588,0.256,-0.481,-0.322,0.786,0.201,0.898,-0.009,-0.152,0.658,0.235,0.846,0.443,0.64,-0.388,-0.34,-0.205,-0.534,-0.618,0.833,-0.419,-0.64,0.78,0.585,0.679,-0.084,0.594,0.128,-0.224,-0.463,0.336,-0.331,-0.096,0.034,0.131,0.61,0.187,0.221,-0.29,0.101,-0.277,0.315,0.645,0.527,0.169,0.103,0.674,0.022,0.35,0.156,0.313,0.229,0.053,0.68,-0.215,0.399,0.274,-0.006,0.298,-0.151,-0.539,0.149,-0.211,0.656,-0.361,-0.121,-0.241,0.232,0.278,0.472,-0.455,-0.174,0.275,-0.209,0.622,0.603,0.84,0.592,0.7,-0.321,0.235,-0.59,0.4,0.373,0.711,0.745,0.868,0.265,0.784,0.865,-0.046,-0.43,0.693,-0.404,0.796,0.607,0.51,0.37,-0.374,0.786,-0.225,0.135,-0.544,0.528
000876SZ,0.602,0.39,-0.065,0.388,-0.453,-0.098,0.507,0.583,0.523,0.763,-0.196,-0.167,0.289,-0.074,0.12,-0.31,0.725,0.356,-0.069,0.614,0.623,1.0,0.494,0.338,-0.145,0.221,-0.354,0.33,0.201,0.601,0.116,-0.099,-0.214,-0.394,0.321,0.301,0.5,0.421,0.49,0.614,0.221,0.341,0.29,-0.239,0.702,0.543,0.598,-0.267,0.367,0.349,0.538,0.245,-0.05,0.165,0.073,0.665,-0.138,0.614,-0.329,0.269,0.4,0.716,0.369,-0.138,-0.204,0.143,-0.287,0.603,0.295,0.237,0.444,0.645,0.235,-0.283,-0.227,0.499,0.639,0.301,0.11,0.66,0.458,0.371,0.535,0.264,-0.447,0.428,-0.047,0.489,0.489,-0.589,-0.32,0.425,0.094,0.292,0.232,0.522,0.33,0.575,0.67,0.098,0.398,-0.057,0.033,0.1,0.005,0.71,-0.083,0.104,0.49,0.259,-0.008,0.401,0.479,0.35,0.403,-0.451,-0.147,0.481,0.123,0.501,-0.108,0.109,0.439,0.073,0.59,0.348,0.354,-0.236,-0.505,-0.133,-0.37,-0.268,0.727,-0.075,-0.669,0.663,0.476,0.336,0.084,0.584,0.026,0.095,-0.376,0.539,-0.133,-0.118,0.233,0.176,0.517,0.305,0.481,-0.006,0.321,-0.013,0.32,0.616,0.581,0.184,0.34,0.507,0.28,0.284,0.463,0.408,0.211,0.343,0.5,-0.078,0.346,0.249,0.252,0.482,-0.161,-0.522,0.399,0.071,0.654,-0.151,0.135,0.086,0.45,0.295,0.384,-0.156,-0.253,0.532,-0.204,0.681,0.637,0.605,0.436,0.716,-0.051,0.228,-0.274,0.357,0.375,0.592,0.46,0.735,0.377,0.513,0.514,0.137,-0.236,0.392,-0.351,0.472,0.386,0.517,0.505,0.114,0.471,-0.078,0.034,-0.177,0.624
000895SZ,0.902,0.864,-0.42,0.114,-0.397,-0.367,0.737,0.761,0.719,0.651,-0.552,-0.037,-0.039,-0.097,-0.388,-0.564,0.745,0.585,-0.459,0.712,0.774,0.494,1.0,0.292,-0.53,0.44,0.115,0.339,0.341,0.34,0.099,-0.318,-0.428,-0.528,0.314,-0.3,0.182,0.841,0.714,0.623,0.716,-0.105,0.539,-0.135,0.795,0.291,0.749,-0.673,0.527,0.543,0.24,0.281,-0.274,-0.166,-0.342,0.696,-0.593,0.393,-0.43,0.026,0.226,0.612,0.159,-0.577,-0.623,-0.358,-0.4,0.859,-0.018,-0.215,0.516,0.713,-0.218,-0.619,-0.631,0.002,0.834,0.044,-0.196,0.82,0.699,0.264,0.903,-0.026,-0.671,0.793,0.018,0.85,0.624,-0.645,-0.019,-0.052,0.085,-0.249,-0.097,0.884,0.674,0.804,0.715,0.486,0.802,-0.405,-0.318,-0.349,0.369,0.378,-0.495,-0.422,0.306,0.486,-0.376,0.632,0.831,0.249,0.251,-0.104,-0.656,0.88,0.012,0.822,-0.341,0.283,0.242,-0.063,0.753,0.184,0.544,-0.564,-0.023,-0.216,-0.665,-0.582,0.666,-0.604,-0.372,0.745,0.869,0.525,0.36,0.816,-0.114,-0.497,-0.602,0.315,-0.421,-0.594,-0.121,-0.276,0.73,0.601,0.374,-0.361,0.473,-0.469,0.747,0.8,0.806,0.643,0.226,0.703,0.274,0.777,0.061,0.647,0.644,0.194,0.904,-0.556,0.789,0.578,-0.13,0.109,-0.54,-0.757,0.167,-0.099,0.428,-0.552,-0.221,-0.213,0.535,0.748,0.82,-0.306,-0.558,0.236,-0.481,0.649,0.377,0.668,0.255,0.726,-0.489,0.718,-0.565,0.813,0.741,0.582,0.781,0.78,0.004,0.758,0.666,-0.381,-0.461,0.841,-0.621,0.872,0.294,0.319,0.248,-0.231,0.569,-0.565,0.061,-0.352,0.562
000938SZ,0.419,0.219,-0.272,-0.294,-0.08,-0.697,-0.053,0.552,0.695,0.574,-0.676,-0.392,-0.299,-0.843,-0.614,-0.771,0.192,-0.143,-0.598,0.067,0.508,0.338,0.292,1.0,-0.557,0.695,-0.769,-0.223,-0.113,0.418,-0.655,0.35,0.121,-0.582,0.908,0.454,-0.164,0.477,0.797,0.557,0.371,0.558,0.513,0.343,0.544,-0.028,0.139,-0.552,-0.06,0.606,0.212,0.055,-0.385,-0.057,0.207,0.587,-0.308,0.095,-0.917,0.178,0.888,0.556,0.489,-0.419,-0.402,0.358,-0.498,0.632,0.501,0.171,0.855,0.776,-0.417,-0.48,-0.661,0.437,0.605,0.426,-0.045,0.603,0.683,-0.299,0.33,-0.375,-0.786,0.114,-0.692,-0.011,-0.319,-0.694,-0.398,-0.361,-0.755,-0.439,0.133,0.404,0.505,0.518,-0.04,0.298,0.151,-0.549,-0.612,-0.642,0.437,0.188,-0.758,-0.106,-0.474,-0.401,-0.442,0.748,0.242,-0.053,-0.47,-0.847,-0.435,0.428,-0.545,0.633,0.187,-0.517,0.132,0.713,0.621,0.92,0.201,-0.678,-0.052,-0.675,-0.667,-0.624,0.471,-0.584,-0.379,0.447,0.353,-0.057,-0.518,0.124,-0.148,-0.447,-0.718,-0.291,-0.787,-0.001,-0.486,0.153,0.644,-0.204,-0.421,-0.767,-0.408,-0.623,-0.014,0.021,-0.053,-0.227,-0.536,0.794,-0.589,0.241,-0.453,-0.224,-0.293,-0.554,0.4,-0.409,0.259,-0.37,-0.45,-0.182,0.025,-0.288,-0.496,-0.784,0.128,-0.674,-0.541,-0.725,-0.271,-0.017,0.143,-0.827,-0.102,-0.312,-0.528,-0.015,0.258,0.762,0.131,0.229,-0.627,-0.02,-0.861,-0.021,0.379,0.813,0.72,0.593,0.123,0.776,0.814,-0.223,-0.802,0.572,-0.562,0.28,0.343,-0.168,-0.144,-0.748,0.782,0.35,0.765,-0.847,-0.212
000963SZ,-0.556,-0.633,0.814,0.529,0.267,0.845,-0.022,-0.277,-0.377,-0.23,0.839,0.538,0.64,0.58,0.769,0.792,-0.108,-0.194,0.883,-0.05,-0.215,-0.145,-0.53,-0.557,1.0,-0.525,0.249,0.279,0.308,0.138,0.365,0.279,0.358,0.668,-0.456,0.317,0.296,-0.7,-0.518,-0.324,-0.561,0.232,-0.571,-0.106,-0.455,0.116,-0.198,0.848,0.266,-0.502,0.3,0.289,0.738,0.521,0.345,-0.386,0.831,0.087,0.564,0.186,-0.3,-0.143,0.031,0.88,0.767,0.442,0.639,-0.645,0.285,0.482,-0.427,-0.623,0.63,0.816,0.814,0.228,-0.518,0.293,0.636,-0.645,-0.592,0.113,-0.627,0.413,0.561,-0.517,0.247,-0.413,-0.065,0.335,-0.262,0.585,0.361,0.699,0.589,-0.582,-0.758,-0.713,-0.039,-0.417,-0.525,0.889,0.712,0.734,-0.578,0.048,0.814,0.705,0.293,0.154,0.853,-0.47,-0.535,0.484,0.478,0.207,0.886,-0.574,0.725,-0.474,0.334,-0.149,0.43,-0.152,-0.487,-0.374,-0.002,0.896,-0.337,0.696,0.833,0.56,-0.208,0.825,0.02,-0.333,-0.697,0.291,-0.141,-0.33,0.476,0.793,0.858,0.399,0.843,0.709,0.71,0.548,-0.684,-0.315,0.168,0.787,-0.072,0.81,-0.554,-0.22,-0.333,-0.404,0.329,-0.723,0.175,-0.736,0.519,-0.27,-0.253,0.281,-0.685,0.867,-0.771,-0.102,0.591,0.538,0.564,0.531,0.444,0.577,0.278,0.87,0.689,0.638,-0.152,-0.591,-0.623,0.515,0.579,0.359,0.828,0.039,0.207,-0.454,0.365,-0.17,0.785,-0.621,0.74,-0.503,-0.803,-0.455,-0.708,-0.452,0.306,-0.661,-0.476,0.666,0.829,-0.664,0.765,-0.466,0.172,0.423,0.315,0.5,-0.403,0.217,-0.581,0.407,0.098
000999SZ,0.459,0.417,-0.111,-0.259,0.143,-0.573,0.126,0.497,0.681,0.554,-0.737,-0.117,-0.483,-0.506,-0.773,-0.6,0.086,-0.006,-0.733,0.161,0.47,0.221,0.44,0.695,-0.525,1.0,-0.332,-0.085,0.249,0.135,-0.668,0.429,0.257,-0.349,0.658,0.054,-0.314,0.66,0.717,0.536,0.769,0.322,0.822,0.597,0.385,-0.278,0.16,-0.5,0.091,0.866,-0.13,0.209,-0.301,-0.061,0.256,0.37,-0.439,-0.062,-0.631,0.232,0.748,0.524,0.419,-0.546,-0.354,0.239,-0.159,0.565,0.433,-0.271,0.705,0.673,-0.584,-0.328,-0.521,0.199,0.502,0.176,-0.046,0.524,0.828,-0.523,0.354,-0.575,-0.714,0.383,-0.432,0.179,-0.183,-0.573,0.06,-0.589,-0.608,-0.667,0.081,0.543,0.68,0.594,0.141,0.756,0.407,-0.623,-0.739,-0.706,0.822,-0.049,-0.831,-0.068,-0.365,-0.372,-0.471,0.746,0.608,-0.154,-0.421,-0.45,-0.459,0.449,-0.554,0.616,0.265,-0.396,0.102,0.706,0.711,0.739,0.365,-0.582,0.433,-0.564,-0.54,-0.519,0.186,-0.551,0.033,0.287,0.409,-0.094,-0.279,0.299,0.081,-0.709,-0.581,-0.302,-0.747,-0.125,-0.39,0.132,0.733,-0.16,-0.416,-0.806,-0.335,-0.813,0.112,0.026,0.068,-0.003,-0.617,0.67,-0.408,0.357,-0.567,-0.179,0.122,-0.384,0.447,-0.508,0.296,0.024,-0.398,-0.393,0.084,-0.233,-0.588,-0.578,-0.098,-0.775,-0.394,-0.83,-0.273,0.192,0.207,-0.706,0.06,-0.477,-0.433,-0.108,0.159,0.559,0.027,0.091,-0.782,0.118,-0.763,0.134,0.449,0.745,0.75,0.459,0.188,0.708,0.751,-0.631,-0.719,0.595,-0.307,0.496,0.16,-0.271,-0.404,-0.656,0.783,0.329,0.724,-0.76,-0.191
001965SZ,-0.087,0.208,0.097,0.166,0.061,0.443,0.291,-0.241,-0.351,-0.375,0.258,0.437,0.014,0.716,0.267,0.433,-0.028,0.368,0.246,0.176,-0.2,-0.354,0.115,-0.769,0.249,-0.332,1.0,0.305,0.263,-0.347,0.524,-0.415,-0.243,0.299,-0.659,-0.705,-0.052,-0.025,-0.435,-0.441,0.088,-0.67,-0.137,-0.237,-0.327,-0.09,0.008,0.197,0.284,-0.277,-0.351,0.055,0.242,-0.216,-0.356,-0.352,-0.062,-0.167,0.686,-0.337,-0.724,-0.403,-0.494,-0.01,0.037,-0.521,0.334,-0.296,-0.473,-0.374,-0.541,-0.484,0.079,0.152,0.324,-0.581,-0.289,-0.44,-0.141,-0.317,-0.316,0.194,0.011,0.086,0.402,0.223,0.676,0.339,0.428,0.418,0.418,0.066,0.635,0.049,-0.23,-0.076,-0.054,-0.192,0.208,0.076,0.134,0.249,0.25,0.242,-0.069,-0.245,0.358,-0.198,0.421,0.471,0.125,-0.362,0.147,0.107,0.359,0.864,0.016,-0.014,0.454,-0.25,-0.272,0.513,-0.168,-0.638,-0.276,-0.797,-0.064,0.327,0.288,0.441,0.309,0.188,-0.358,0.144,0.393,-0.274,-0.002,0.195,0.641,0.143,0.043,-0.005,0.445,0.212,0.446,-0.29,0.275,-0.312,-0.32,0.377,0.344,0.388,0.448,0.196,0.284,0.17,0.291,0.485,0.388,-0.462,0.535,0.102,0.254,0.372,0.586,0.458,-0.017,0.051,0.069,0.571,0.153,-0.009,-0.271,0.05,0.279,0.556,-0.12,0.29,0.272,0.389,0.297,0.313,0.185,0.55,-0.095,0.142,0.269,0.099,-0.283,-0.529,-0.125,-0.074,0.184,0.334,0.513,0.345,-0.066,-0.542,-0.328,-0.367,-0.265,-0.463,-0.473,-0.108,0.485,-0.175,0.281,0.16,-0.256,0.089,0.026,0.48,-0.459,-0.501,-0.61,0.525,0.242
