,000001SZ,000002SZ,000157SZ,000166SZ,000333SZ,000338SZ,000538SZ,000568SZ,000596SZ,000617SZ,000625SZ,000651SZ,000661SZ,000708SZ,000725SZ,000768SZ,000776SZ,000786SZ,000800SZ,000807SZ,000858SZ,000876SZ,000895SZ,000938SZ,000963SZ,000999SZ,001965SZ,002001SZ,002007SZ,002027SZ,002028SZ,002050SZ,002129SZ,002179SZ,002230SZ,002236SZ,002241SZ,002271SZ,002304SZ,002311SZ,002371SZ,002415SZ,002422SZ,002459SZ,002460SZ,002463SZ,002466SZ,002475SZ,002493SZ,002555SZ,002594SZ,002601SZ,002648SZ,002709SZ,002714SZ,002916SZ,002920SZ,002938SZ,003816SZ,300014SZ,300033SZ,300059SZ,300122SZ,300124SZ,300274SZ,300308SZ,300316SZ,300347SZ,300394SZ,300408SZ,300413SZ,300418SZ,300433SZ,300450SZ,300498SZ,300502SZ,300628SZ,300661SZ,300750SZ,300759SZ,300760SZ,300782SZ,600000SS,600010SS,600011SS,600015SS,600016SS,600018SS,600019SS,600023SS,600025SS,600026SS,600028SS,600029SS,600031SS,600036SS,600048SS,600050SS,600061SS,600085SS,600089SS,600104SS,600111SS,600115SS,600161SS,600183SS,600188SS,600196SS,600219SS,600233SS,600276SS,600309SS,600332SS,600346SS,600362SS,600377SS,600406SS,600415SS,600426SS,600436SS,600438SS,600489SS,600519SS,600570SS,600585SS,600588SS,600600SS,600660SS,600674SS,600741SS,600760SS,600795SS,600809SS,600875SS,600886SS,600887SS,600926SS,600989SS,601006SS,601009SS,601012SS,601021SS,601058SS,601066SS,601088SS,601100SS,601117SS,601138SS,601166SS,601169SS,601186SS,601225SS,601229SS,601238SS,601288SS,601318SS,601319SS,601328SS,601336SS,601360SS,601390SS,601398SS,601600SS,601601SS,601607SS,601618SS,601628SS,601633SS,601658SS,601668SS,601669SS,601688SS,601689SS,601698SS,601699SS,601766SS,601788SS,601799SS,601800SS,601808SS,601816SS,601818SS,601838SS,601857SS,601865SS,601872SS,601877SS,601878SS,601881SS,601888SS,601899SS,601901SS,601919SS,601939SS,601985SS,601988SS,601998SS,603019SS,603195SS,603259SS,603260SS,603288SS,603369SS,603501SS,603659SS,603799SS,603806SS,603833SS,603986SS,603993SS,688008SS,688009SS,688012SS,688036SS,688111SS,688169SS,688396SS
000001SZ,1.0,0.242,0.658,0.481,0.875,0.346,0.674,0.869,0.662,0.189,0.344,0.852,0.781,0.439,0.574,-0.084,0.691,0.8,0.109,0.492,0.694,0.107,0.185,0.753,0.7,-0.061,0.051,0.412,0.132,0.63,0.602,0.546,0.47,-0.457,0.042,0.322,0.094,0.895,0.831,0.68,0.174,0.246,0.025,0.848,0.478,-0.122,0.492,0.029,0.061,0.367,0.184,0.122,0.343,0.538,0.205,0.251,0.35,0.42,-0.215,-0.147,0.598,0.722,0.797,0.004,0.665,-0.104,0.365,0.675,-0.172,0.598,-0.14,-0.194,0.126,0.311,0.459,0.097,0.199,0.341,0.608,0.817,0.85,0.567,0.708,0.003,-0.73,0.222,0.523,-0.237,0.624,-0.247,0.406,0.29,0.52,0.346,0.86,0.845,0.276,0.565,0.5,0.343,0.289,0.462,0.277,0.14,0.188,0.275,0.473,0.277,0.371,0.664,0.489,0.232,0.124,0.351,0.549,0.325,0.65,-0.379,0.163,0.689,0.581,0.321,0.867,0.323,0.726,-0.104,0.169,0.296,0.52,0.322,-0.023,-0.296,0.757,-0.057,-0.043,0.764,0.29,0.381,0.211,0.421,0.382,0.016,0.184,0.544,0.524,0.779,0.344,0.808,0.524,-0.302,-0.017,0.739,0.769,0.264,0.392,0.937,0.256,0.848,0.791,0.189,-0.031,0.321,0.354,0.768,0.433,0.22,0.056,0.153,0.87,0.001,-0.283,0.552,0.366,0.243,0.379,0.228,0.724,0.033,0.038,0.21,0.564,0.497,-0.358,0.459,0.518,0.224,0.762,0.598,0.636,0.589,0.559,0.447,-0.048,0.161,-0.292,0.802,0.749,0.154,0.571,0.789,0.331,0.675,0.578,0.593,0.369,0.593,0.676,0.617,0.585,0.176,0.06,-0.158,0.414,0.142,-0.001,0.372,0.398
000002SZ,0.242,1.0,-0.459,-0.53,0.246,-0.588,-0.391,0.083,0.398,-0.617,-0.603,-0.042,-0.174,-0.353,-0.544,-0.541,-0.371,-0.03,-0.637,-0.608,-0.389,-0.714,0.215,0.333,0.264,-0.04,-0.483,-0.516,0.295,0.501,-0.493,-0.593,-0.542,0.054,-0.743,-0.652,-0.656,0.101,-0.114,0.017,-0.624,-0.611,0.022,0.042,-0.593,-0.639,-0.563,-0.775,-0.474,-0.394,-0.588,-0.658,-0.585,-0.455,-0.573,-0.647,-0.479,-0.64,-0.359,-0.181,-0.504,-0.364,0.221,-0.721,-0.33,-0.667,-0.679,-0.303,-0.687,-0.48,-0.04,-0.73,-0.693,-0.694,-0.55,-0.546,-0.713,-0.534,-0.47,0.001,-0.041,-0.549,0.252,-0.637,-0.017,0.626,0.034,0.099,-0.418,0.018,0.262,-0.72,-0.55,0.793,-0.127,-0.172,0.936,-0.238,-0.592,-0.546,-0.637,-0.525,-0.635,0.602,0.549,-0.621,-0.349,0.714,-0.639,-0.3,-0.494,-0.627,-0.319,-0.575,-0.543,-0.308,-0.334,0.059,-0.639,-0.389,-0.424,-0.475,0.072,-0.635,-0.192,-0.49,0.586,-0.679,-0.579,-0.645,-0.358,0.736,0.157,0.801,0.628,-0.051,0.874,-0.654,-0.468,0.841,-0.643,0.679,-0.279,-0.503,-0.23,-0.019,-0.59,0.038,0.775,0.35,-0.194,-0.226,0.036,-0.569,0.404,0.106,0.758,-0.153,0.546,-0.666,-0.439,0.595,-0.675,-0.246,-0.516,-0.593,0.808,-0.655,0.246,0.334,0.326,-0.509,-0.507,-0.618,-0.669,-0.654,-0.315,-0.454,-0.593,0.603,0.225,0.639,0.614,-0.617,-0.299,-0.734,-0.209,-0.439,-0.457,0.632,-0.399,-0.571,-0.614,0.709,0.043,0.016,0.566,-0.655,-0.301,-0.242,-0.609,0.206,-0.305,-0.499,-0.58,-0.483,-0.098,0.027,-0.494,-0.704,0.773,-0.565,-0.561,-0.714,-0.658,-0.571,-0.494
000157SZ,0.658,-0.459,1.0,0.931,0.622,0.835,0.952,0.698,0.243,0.746,0.817,0.855,0.834,0.763,0.953,0.46,0.951,0.833,0.694,0.887,0.947,0.741,0.164,0.465,0.398,0.081,0.533,0.85,-0.114,0.259,0.933,0.951,0.819,-0.343,0.694,0.882,0.659,0.746,0.787,0.623,0.745,0.778,0.033,0.644,0.905,0.52,0.881,0.673,0.579,0.689,0.68,0.701,0.81,0.8,0.676,0.826,0.746,0.88,0.205,0.085,0.96,0.958,0.5,0.61,0.797,0.522,0.845,0.906,0.471,0.883,0.022,0.492,0.718,0.842,0.864,0.625,0.774,0.776,0.911,0.699,0.803,0.93,0.47,0.605,-0.518,-0.235,0.585,-0.151,0.924,-0.158,0.181,0.865,0.893,-0.34,0.849,0.882,-0.394,0.72,0.944,0.738,0.802,0.897,0.806,-0.349,-0.27,0.827,0.651,-0.281,0.867,0.793,0.906,0.785,0.526,0.872,0.878,0.568,0.787,-0.224,0.714,0.946,0.867,0.672,0.685,0.859,0.917,0.381,-0.215,0.824,0.869,0.813,0.369,-0.829,0.512,-0.725,-0.593,0.73,-0.457,0.895,0.659,-0.313,0.865,-0.56,0.495,0.956,0.57,0.656,0.814,0.746,-0.185,-0.436,0.315,0.75,0.748,0.766,0.121,0.712,-0.383,0.881,0.243,0.773,0.484,-0.12,0.87,0.892,0.9,0.765,-0.626,0.717,0.472,-0.116,-0.461,0.96,0.688,0.807,0.837,0.803,0.933,0.399,0.647,-0.275,0.277,-0.007,-0.795,0.917,0.657,0.803,0.793,0.951,0.969,0.008,0.78,0.918,0.575,-0.324,-0.205,0.771,0.196,0.743,0.734,0.894,0.808,0.473,0.733,0.945,0.79,0.909,0.673,0.555,0.932,0.738,-0.578,0.434,0.888,0.769,0.592,0.89,0.855
000166SZ,0.481,-0.53,0.931,1.0,0.493,0.853,0.898,0.56,0.114,0.846,0.821,0.757,0.739,0.811,0.932,0.564,0.93,0.723,0.767,0.843,0.885,0.789,0.162,0.37,0.269,0.142,0.608,0.888,-0.126,0.146,0.892,0.901,0.789,-0.234,0.788,0.935,0.702,0.602,0.65,0.505,0.854,0.838,0.084,0.495,0.89,0.682,0.852,0.745,0.701,0.708,0.734,0.791,0.874,0.728,0.665,0.918,0.771,0.9,0.323,0.197,0.951,0.919,0.361,0.652,0.684,0.637,0.833,0.901,0.58,0.85,0.183,0.622,0.759,0.874,0.853,0.73,0.811,0.826,0.856,0.594,0.683,0.901,0.364,0.71,-0.34,-0.284,0.583,-0.057,0.901,-0.067,0.199,0.916,0.864,-0.47,0.708,0.746,-0.496,0.685,0.969,0.68,0.839,0.896,0.852,-0.454,-0.344,0.894,0.603,-0.317,0.888,0.703,0.935,0.851,0.595,0.915,0.837,0.565,0.69,-0.072,0.766,0.888,0.847,0.698,0.529,0.926,0.865,0.542,-0.279,0.843,0.846,0.827,0.459,-0.827,0.353,-0.79,-0.64,0.565,-0.571,0.916,0.672,-0.431,0.871,-0.62,0.65,0.979,0.461,0.52,0.838,0.661,-0.344,-0.354,0.417,0.65,0.694,0.818,0.087,0.56,-0.475,0.774,0.077,0.852,0.595,-0.182,0.884,0.797,0.929,0.847,-0.717,0.788,0.271,-0.099,-0.382,0.977,0.64,0.883,0.85,0.852,0.921,0.437,0.772,-0.398,0.151,-0.085,-0.806,0.891,0.62,0.859,0.694,0.976,0.969,-0.11,0.736,0.959,0.706,-0.376,-0.081,0.654,0.03,0.832,0.613,0.826,0.84,0.335,0.659,0.938,0.783,0.874,0.612,0.418,0.905,0.782,-0.609,0.557,0.939,0.837,0.701,0.923,0.924
000333SZ,0.875,0.246,0.622,0.493,1.0,0.21,0.677,0.882,0.635,0.132,0.2,0.834,0.765,0.281,0.5,-0.198,0.709,0.768,-0.039,0.415,0.592,0.044,0.366,0.665,0.71,-0.15,0.061,0.315,0.421,0.587,0.577,0.497,0.338,-0.527,-0.072,0.272,-0.064,0.935,0.796,0.822,0.157,0.243,-0.153,0.729,0.354,-0.201,0.314,0.013,-0.027,0.186,0.045,0.008,0.178,0.362,0.156,0.187,0.155,0.405,-0.284,-0.389,0.542,0.677,0.789,-0.104,0.429,-0.222,0.289,0.707,-0.277,0.554,-0.178,-0.3,-0.023,0.191,0.59,-0.021,0.17,0.362,0.484,0.854,0.896,0.524,0.466,-0.147,-0.811,0.036,0.479,-0.269,0.536,-0.511,0.39,0.31,0.462,0.41,0.731,0.773,0.276,0.378,0.465,0.413,0.148,0.356,0.131,0.271,0.405,0.191,0.576,0.463,0.237,0.742,0.504,0.18,0.245,0.293,0.418,0.247,0.685,-0.435,0.238,0.706,0.447,0.181,0.849,0.25,0.647,-0.187,0.392,0.158,0.45,0.164,-0.135,-0.236,0.836,-0.066,0.116,0.759,0.308,0.286,0.323,0.464,0.253,0.106,0.063,0.533,0.608,0.773,0.177,0.673,0.581,-0.263,-0.122,0.725,0.72,0.1,0.318,0.857,0.29,0.755,0.813,0.086,-0.136,0.415,0.241,0.733,0.386,0.105,0.145,0.014,0.765,-0.165,-0.477,0.537,0.124,0.182,0.311,0.11,0.739,-0.242,-0.033,0.388,0.556,0.46,-0.402,0.403,0.251,0.155,0.704,0.6,0.629,0.674,0.413,0.388,-0.147,0.093,-0.424,0.719,0.716,0.031,0.518,0.746,0.186,0.83,0.452,0.544,0.2,0.487,0.506,0.808,0.582,0.008,0.14,-0.15,0.437,0.146,-0.085,0.347,0.402
000338SZ,0.346,-0.588,0.835,0.853,0.21,1.0,0.722,0.412,0.144,0.816,0.905,0.656,0.66,0.922,0.894,0.597,0.743,0.667,0.865,0.854,0.837,0.866,-0.074,0.386,0.212,0.036,0.454,0.846,-0.515,0.071,0.802,0.864,0.854,-0.2,0.878,0.898,0.928,0.417,0.558,0.287,0.81,0.705,0.41,0.389,0.88,0.801,0.876,0.674,0.692,0.867,0.88,0.928,0.904,0.813,0.793,0.92,0.934,0.773,0.262,0.362,0.899,0.819,0.292,0.675,0.713,0.818,0.878,0.744,0.798,0.701,0.333,0.808,0.841,0.925,0.684,0.854,0.795,0.613,0.873,0.383,0.423,0.82,0.299,0.796,-0.155,-0.323,0.345,-0.152,0.886,0.148,-0.069,0.865,0.756,-0.634,0.653,0.568,-0.523,0.661,0.861,0.518,0.87,0.84,0.917,-0.627,-0.558,0.874,0.455,-0.575,0.921,0.51,0.773,0.841,0.339,0.893,0.823,0.436,0.579,-0.074,0.73,0.704,0.813,0.74,0.421,0.881,0.776,0.5,-0.433,0.922,0.73,0.897,0.424,-0.885,0.224,-0.798,-0.804,0.485,-0.687,0.937,0.469,-0.587,0.873,-0.75,0.578,0.858,0.357,0.414,0.93,0.492,-0.53,-0.499,0.362,0.519,0.452,0.892,0.097,0.447,-0.645,0.689,-0.061,0.899,0.638,-0.418,0.922,0.693,0.917,0.84,-0.813,0.899,0.145,-0.09,-0.288,0.831,0.84,0.87,0.838,0.897,0.748,0.756,0.775,-0.551,-0.053,-0.276,-0.798,0.836,0.732,0.935,0.637,0.813,0.809,-0.301,0.774,0.879,0.761,-0.433,-0.073,0.589,-0.17,0.899,0.691,0.72,0.906,0.139,0.78,0.831,0.874,0.891,0.614,0.233,0.752,0.911,-0.74,0.46,0.792,0.781,0.749,0.937,0.769
000538SZ,0.674,-0.391,0.952,0.898,0.677,0.722,1.0,0.71,0.218,0.73,0.73,0.822,0.783,0.67,0.893,0.431,0.933,0.83,0.594,0.811,0.906,0.652,0.31,0.418,0.411,0.204,0.575,0.835,0.046,0.376,0.861,0.895,0.703,-0.297,0.61,0.826,0.525,0.758,0.765,0.639,0.669,0.8,-0.064,0.644,0.846,0.414,0.821,0.635,0.52,0.579,0.596,0.59,0.75,0.721,0.572,0.751,0.639,0.86,0.256,0.039,0.893,0.919,0.486,0.594,0.739,0.405,0.744,0.94,0.347,0.854,-0.037,0.377,0.639,0.754,0.86,0.52,0.741,0.78,0.843,0.756,0.849,0.884,0.525,0.539,-0.527,-0.167,0.667,-0.054,0.864,-0.194,0.33,0.818,0.902,-0.228,0.798,0.903,-0.371,0.737,0.911,0.772,0.745,0.844,0.729,-0.19,-0.191,0.764,0.646,-0.164,0.792,0.839,0.904,0.741,0.65,0.802,0.808,0.606,0.728,-0.153,0.708,0.946,0.811,0.626,0.669,0.792,0.892,0.396,-0.118,0.737,0.865,0.741,0.368,-0.714,0.54,-0.64,-0.517,0.7,-0.358,0.796,0.75,-0.219,0.812,-0.413,0.497,0.924,0.573,0.603,0.696,0.757,-0.087,-0.284,0.348,0.735,0.821,0.681,0.195,0.726,-0.221,0.864,0.3,0.703,0.447,0.017,0.789,0.908,0.854,0.715,-0.502,0.617,0.526,-0.056,-0.415,0.929,0.561,0.749,0.808,0.724,0.923,0.247,0.599,-0.156,0.377,0.144,-0.704,0.911,0.559,0.719,0.73,0.926,0.948,0.08,0.696,0.891,0.5,-0.217,-0.159,0.788,0.275,0.668,0.629,0.87,0.695,0.501,0.618,0.895,0.712,0.844,0.592,0.56,0.895,0.634,-0.493,0.464,0.849,0.719,0.538,0.825,0.809
000568SZ,0.869,0.083,0.698,0.56,0.882,0.412,0.71,1.0,0.79,0.186,0.363,0.897,0.912,0.456,0.63,-0.201,0.764,0.808,0.091,0.576,0.755,0.196,0.289,0.67,0.856,-0.277,-0.057,0.437,0.288,0.549,0.692,0.628,0.556,-0.678,0.068,0.369,0.14,0.926,0.953,0.821,0.301,0.277,0.09,0.825,0.497,-0.09,0.465,0.088,0.021,0.407,0.192,0.189,0.332,0.56,0.326,0.316,0.364,0.515,-0.365,-0.276,0.672,0.791,0.89,0.032,0.617,-0.094,0.466,0.766,-0.129,0.675,-0.045,-0.143,0.092,0.362,0.653,0.148,0.354,0.38,0.652,0.895,0.898,0.68,0.446,-0.046,-0.847,-0.079,0.356,-0.45,0.657,-0.398,0.279,0.384,0.498,0.301,0.842,0.762,0.126,0.414,0.555,0.393,0.289,0.419,0.283,0.138,0.338,0.25,0.625,0.328,0.378,0.738,0.567,0.265,0.136,0.384,0.582,0.15,0.812,-0.562,0.271,0.773,0.599,0.343,0.971,0.322,0.703,-0.146,0.347,0.314,0.535,0.363,-0.21,-0.388,0.915,-0.223,-0.065,0.869,0.16,0.447,0.222,0.293,0.385,0.002,0.129,0.598,0.601,0.887,0.389,0.687,0.421,-0.498,-0.187,0.824,0.656,0.247,0.219,0.897,0.127,0.793,0.794,0.203,-0.098,0.172,0.401,0.76,0.522,0.178,0.006,0.188,0.741,-0.303,-0.494,0.591,0.394,0.235,0.441,0.211,0.788,0.033,0.027,0.21,0.569,0.243,-0.555,0.487,0.504,0.301,0.884,0.653,0.69,0.668,0.608,0.474,-0.068,-0.123,-0.526,0.701,0.581,0.166,0.75,0.876,0.383,0.847,0.736,0.655,0.424,0.642,0.681,0.781,0.684,0.173,0.047,-0.205,0.503,0.22,0.033,0.453,0.459
000596SZ,0.662,0.398,0.243,0.114,0.635,0.144,0.218,0.79,1.0,-0.208,0.03,0.631,0.682,0.264,0.235,-0.55,0.339,0.546,-0.249,0.22,0.376,-0.175,0.09,0.689,0.874,-0.589,-0.552,0.029,0.169,0.502,0.309,0.217,0.315,-0.699,-0.295,-0.079,-0.061,0.671,0.726,0.581,-0.072,-0.241,0.359,0.656,0.086,-0.31,0.076,-0.379,-0.297,0.234,-0.063,-0.06,-0.027,0.306,0.093,-0.065,0.165,0.053,-0.709,-0.287,0.291,0.418,0.862,-0.413,0.324,-0.315,0.147,0.371,-0.304,0.249,0.121,-0.366,-0.304,-0.008,0.207,-0.092,-0.05,-0.131,0.322,0.595,0.506,0.264,0.212,-0.386,-0.68,0.007,-0.056,-0.624,0.329,-0.312,0.044,-0.046,-0.01,0.479,0.573,0.304,0.429,0.055,0.099,-0.136,-0.111,-0.046,-0.076,0.211,0.489,-0.183,0.345,0.477,-0.014,0.34,0.089,-0.158,-0.381,-0.023,0.223,-0.285,0.541,-0.653,-0.152,0.307,0.268,0.06,0.815,-0.098,0.319,-0.49,0.489,-0.044,0.075,0.014,-0.556,-0.062,0.811,0.146,0.169,0.635,0.417,0.069,-0.319,0.491,-0.037,0.191,-0.13,0.155,0.37,0.738,0.092,0.327,0.538,-0.556,-0.527,0.568,0.232,-0.09,0.208,0.683,0.237,0.451,0.829,-0.178,-0.441,0.123,0.02,0.35,0.156,-0.238,0.302,-0.112,0.575,-0.376,-0.333,0.117,0.229,-0.186,0.04,-0.193,0.391,0.005,-0.368,0.308,0.392,0.17,-0.291,-0.007,0.378,-0.03,0.69,0.213,0.237,0.774,0.368,0.021,-0.394,-0.043,-0.588,0.392,0.501,-0.202,0.612,0.549,0.094,0.705,0.623,0.231,0.134,0.318,0.563,0.581,0.223,-0.142,0.343,-0.654,0.035,-0.245,-0.32,0.086,0.008
000617SZ,0.189,-0.617,0.746,0.846,0.132,0.816,0.73,0.186,-0.208,1.0,0.807,0.453,0.397,0.762,0.778,0.773,0.674,0.495,0.844,0.708,0.701,0.799,0.039,0.145,-0.086,0.349,0.724,0.835,-0.345,-0.01,0.687,0.748,0.637,0.105,0.886,0.9,0.765,0.252,0.308,0.119,0.783,0.857,0.109,0.209,0.835,0.815,0.811,0.789,0.78,0.688,0.801,0.83,0.865,0.62,0.576,0.904,0.756,0.789,0.594,0.433,0.77,0.685,-0.007,0.778,0.549,0.796,0.752,0.682,0.739,0.633,0.287,0.783,0.852,0.836,0.618,0.786,0.774,0.741,0.705,0.263,0.35,0.682,0.302,0.874,0.058,-0.162,0.539,0.172,0.733,0.183,0.176,0.872,0.797,-0.651,0.428,0.524,-0.627,0.711,0.844,0.585,0.864,0.844,0.876,-0.557,-0.639,0.916,0.386,-0.552,0.876,0.454,0.782,0.848,0.61,0.849,0.718,0.644,0.357,0.207,0.747,0.652,0.705,0.657,0.155,0.917,0.681,0.742,-0.497,0.833,0.757,0.814,0.651,-0.724,-0.034,-0.77,-0.754,0.219,-0.699,0.832,0.69,-0.624,0.849,-0.677,0.759,0.835,0.254,0.157,0.785,0.466,-0.587,-0.119,0.619,0.354,0.522,0.854,0.123,0.26,-0.533,0.563,-0.249,0.92,0.765,-0.269,0.851,0.612,0.835,0.921,-0.788,0.846,0.055,0.11,-0.126,0.82,0.586,0.904,0.803,0.897,0.657,0.52,0.888,-0.538,-0.096,-0.094,-0.621,0.848,0.507,0.873,0.357,0.783,0.769,-0.443,0.575,0.888,0.84,-0.273,0.185,0.493,-0.229,0.903,0.356,0.529,0.804,-0.052,0.407,0.743,0.75,0.733,0.362,0.063,0.681,0.85,-0.711,0.753,0.792,0.828,0.825,0.86,0.802
000625SZ,0.344,-0.603,0.817,0.821,0.2,0.905,0.73,0.363,0.03,0.807,1.0,0.609,0.582,0.853,0.87,0.619,0.702,0.585,0.908,0.917,0.839,0.858,-0.071,0.228,0.194,0.13,0.501,0.866,-0.455,0.036,0.732,0.897,0.886,-0.232,0.835,0.845,0.824,0.386,0.539,0.283,0.726,0.688,0.153,0.39,0.942,0.788,0.932,0.775,0.664,0.721,0.937,0.911,0.89,0.915,0.8,0.884,0.901,0.796,0.315,0.42,0.872,0.8,0.259,0.735,0.786,0.701,0.895,0.683,0.664,0.718,0.056,0.746,0.872,0.962,0.649,0.698,0.782,0.587,0.924,0.351,0.471,0.836,0.376,0.821,-0.182,-0.323,0.369,-0.105,0.885,0.029,-0.096,0.849,0.823,-0.651,0.675,0.631,-0.492,0.705,0.878,0.658,0.922,0.889,0.958,-0.649,-0.501,0.859,0.525,-0.685,0.966,0.577,0.71,0.756,0.426,0.869,0.893,0.473,0.59,-0.023,0.698,0.719,0.851,0.884,0.407,0.87,0.764,0.442,-0.503,0.948,0.794,0.947,0.441,-0.873,0.223,-0.77,-0.742,0.556,-0.706,0.933,0.531,-0.611,0.945,-0.762,0.559,0.846,0.422,0.409,0.929,0.507,-0.543,-0.464,0.393,0.561,0.426,0.946,-0.002,0.47,-0.591,0.661,-0.114,0.828,0.572,-0.497,0.974,0.683,0.903,0.865,-0.822,0.955,0.242,-0.005,-0.249,0.832,0.905,0.802,0.836,0.926,0.696,0.743,0.768,-0.528,0.036,-0.281,-0.701,0.87,0.752,0.88,0.599,0.776,0.806,-0.311,0.844,0.877,0.8,-0.465,-0.034,0.526,-0.133,0.833,0.631,0.682,0.898,0.068,0.701,0.818,0.951,0.923,0.653,0.219,0.752,0.955,-0.777,0.46,0.758,0.721,0.649,0.87,0.708
000651SZ,0.852,-0.042,0.855,0.757,0.834,0.656,0.822,0.897,0.631,0.453,0.609,1.0,0.932,0.708,0.806,0.105,0.873,0.914,0.412,0.726,0.878,0.451,0.229,0.743,0.7,-0.134,0.179,0.659,0.017,0.502,0.812,0.783,0.696,-0.535,0.36,0.625,0.419,0.908,0.903,0.751,0.523,0.478,0.162,0.752,0.697,0.241,0.669,0.296,0.323,0.599,0.478,0.476,0.582,0.692,0.517,0.587,0.625,0.638,-0.137,-0.062,0.847,0.912,0.798,0.216,0.709,0.229,0.641,0.886,0.185,0.746,0.073,0.172,0.39,0.589,0.729,0.416,0.492,0.532,0.812,0.847,0.883,0.805,0.532,0.276,-0.678,-0.106,0.502,-0.316,0.847,-0.255,0.211,0.601,0.669,0.015,0.891,0.845,0.034,0.599,0.741,0.518,0.526,0.662,0.55,-0.134,0.054,0.548,0.626,0.07,0.619,0.754,0.742,0.528,0.293,0.659,0.714,0.285,0.792,-0.372,0.489,0.861,0.751,0.523,0.888,0.589,0.885,0.074,0.111,0.581,0.655,0.567,0.051,-0.598,0.77,-0.421,-0.318,0.868,-0.087,0.679,0.376,0.062,0.606,-0.295,0.344,0.788,0.59,0.808,0.621,0.76,0.187,-0.487,0.064,0.793,0.741,0.534,0.274,0.878,-0.107,0.9,0.605,0.483,0.19,0.06,0.628,0.868,0.746,0.469,-0.279,0.472,0.652,-0.16,-0.465,0.786,0.559,0.534,0.606,0.511,0.904,0.266,0.345,-0.008,0.361,0.195,-0.671,0.669,0.617,0.547,0.877,0.82,0.841,0.407,0.714,0.697,0.254,-0.138,-0.381,0.821,0.453,0.455,0.768,0.948,0.6,0.709,0.791,0.819,0.603,0.814,0.744,0.716,0.802,0.456,-0.229,0.038,0.694,0.453,0.292,0.715,0.668
000661SZ,0.781,-0.174,0.834,0.739,0.765,0.66,0.783,0.912,0.682,0.397,0.582,0.932,1.0,0.657,0.824,-0.001,0.868,0.843,0.35,0.759,0.858,0.416,0.097,0.687,0.756,-0.287,0.052,0.588,0.082,0.402,0.861,0.797,0.757,-0.638,0.356,0.605,0.434,0.874,0.947,0.752,0.559,0.446,0.236,0.766,0.68,0.211,0.646,0.286,0.227,0.65,0.416,0.456,0.556,0.698,0.505,0.573,0.59,0.688,-0.27,-0.172,0.85,0.91,0.844,0.189,0.708,0.229,0.684,0.856,0.2,0.802,0.126,0.171,0.335,0.592,0.765,0.43,0.531,0.521,0.802,0.849,0.857,0.844,0.341,0.196,-0.763,-0.265,0.322,-0.51,0.807,-0.321,0.181,0.608,0.631,0.001,0.877,0.76,-0.102,0.518,0.738,0.495,0.49,0.591,0.513,-0.189,0.118,0.504,0.686,0.071,0.603,0.756,0.725,0.476,0.15,0.6,0.754,0.241,0.891,-0.574,0.464,0.839,0.729,0.499,0.914,0.571,0.789,0.043,0.08,0.559,0.65,0.554,-0.071,-0.646,0.789,-0.47,-0.329,0.845,-0.136,0.683,0.272,-0.006,0.571,-0.304,0.271,0.757,0.618,0.875,0.621,0.664,0.13,-0.662,-0.087,0.854,0.614,0.472,0.118,0.827,-0.201,0.843,0.589,0.478,0.109,-0.091,0.629,0.789,0.716,0.399,-0.308,0.442,0.614,-0.392,-0.597,0.753,0.579,0.481,0.647,0.456,0.881,0.252,0.268,-0.084,0.344,0.004,-0.79,0.629,0.638,0.572,0.939,0.8,0.83,0.434,0.751,0.659,0.177,-0.332,-0.526,0.694,0.359,0.436,0.843,0.95,0.606,0.711,0.858,0.831,0.599,0.807,0.737,0.71,0.823,0.434,-0.214,-0.028,0.706,0.464,0.293,0.675,0.646
000708SZ,0.439,-0.353,0.763,0.811,0.281,0.922,0.67,0.456,0.264,0.762,0.853,0.708,0.657,1.0,0.831,0.552,0.715,0.701,0.809,0.762,0.825,0.76,-0.027,0.504,0.281,0.032,0.381,0.841,-0.513,0.196,0.73,0.77,0.804,-0.19,0.768,0.813,0.828,0.46,0.555,0.265,0.735,0.617,0.438,0.441,0.831,0.753,0.837,0.55,0.705,0.833,0.842,0.871,0.879,0.778,0.693,0.868,0.943,0.674,0.245,0.476,0.857,0.803,0.361,0.535,0.707,0.708,0.778,0.738,0.667,0.642,0.388,0.693,0.744,0.839,0.568,0.807,0.665,0.543,0.85,0.407,0.439,0.749,0.44,0.752,-0.118,-0.161,0.439,-0.084,0.891,0.227,0.031,0.74,0.677,-0.514,0.671,0.561,-0.29,0.676,0.795,0.372,0.821,0.801,0.877,-0.585,-0.488,0.808,0.396,-0.431,0.858,0.428,0.726,0.758,0.297,0.847,0.766,0.384,0.502,0.008,0.591,0.671,0.829,0.714,0.465,0.815,0.811,0.442,-0.352,0.843,0.656,0.844,0.402,-0.75,0.245,-0.651,-0.703,0.494,-0.535,0.862,0.355,-0.423,0.81,-0.678,0.682,0.817,0.272,0.423,0.885,0.575,-0.41,-0.419,0.399,0.501,0.522,0.873,0.184,0.508,-0.521,0.685,0.05,0.802,0.608,-0.334,0.843,0.667,0.886,0.813,-0.696,0.851,0.195,0.048,-0.132,0.79,0.796,0.799,0.735,0.828,0.734,0.733,0.737,-0.477,-0.024,-0.127,-0.677,0.736,0.783,0.82,0.642,0.779,0.767,-0.159,0.749,0.828,0.73,-0.291,0.01,0.61,-0.071,0.823,0.62,0.731,0.873,0.168,0.752,0.788,0.83,0.869,0.716,0.205,0.684,0.832,-0.579,0.356,0.723,0.645,0.638,0.869,0.736
000725SZ,0.574,-0.544,0.953,0.932,0.5,0.894,0.893,0.63,0.235,0.778,0.87,0.806,0.824,0.831,1.0,0.484,0.908,0.763,0.745,0.934,0.941,0.747,-0.037,0.433,0.363,0.012,0.469,0.874,-0.22,0.161,0.94,0.96,0.892,-0.349,0.773,0.912,0.751,0.654,0.752,0.486,0.817,0.787,0.174,0.607,0.942,0.613,0.921,0.698,0.603,0.795,0.744,0.782,0.889,0.836,0.67,0.891,0.824,0.917,0.177,0.154,0.983,0.954,0.494,0.632,0.828,0.623,0.91,0.889,0.58,0.912,0.136,0.587,0.754,0.899,0.826,0.72,0.824,0.772,0.939,0.667,0.719,0.96,0.376,0.658,-0.456,-0.343,0.462,-0.242,0.937,-0.096,0.172,0.898,0.897,-0.445,0.81,0.795,-0.472,0.744,0.964,0.696,0.863,0.88,0.866,-0.538,-0.373,0.864,0.667,-0.392,0.914,0.733,0.897,0.797,0.414,0.878,0.933,0.527,0.78,-0.264,0.75,0.906,0.9,0.722,0.625,0.899,0.861,0.456,-0.371,0.883,0.877,0.861,0.352,-0.877,0.431,-0.783,-0.667,0.659,-0.572,0.944,0.553,-0.425,0.903,-0.643,0.564,0.935,0.554,0.644,0.878,0.642,-0.317,-0.528,0.286,0.767,0.639,0.81,0.047,0.646,-0.514,0.847,0.154,0.837,0.502,-0.303,0.922,0.836,0.909,0.796,-0.72,0.797,0.41,-0.195,-0.45,0.947,0.766,0.826,0.918,0.841,0.898,0.499,0.685,-0.449,0.132,-0.139,-0.867,0.913,0.752,0.888,0.806,0.932,0.953,-0.055,0.832,0.936,0.62,-0.439,-0.25,0.686,0.049,0.814,0.728,0.891,0.879,0.329,0.778,0.974,0.845,0.95,0.689,0.445,0.938,0.813,-0.605,0.429,0.917,0.803,0.677,0.9,0.861
000768SZ,-0.084,-0.541,0.46,0.564,-0.198,0.597,0.431,-0.201,-0.55,0.773,0.619,0.105,-0.001,0.552,0.484,1.0,0.358,0.165,0.825,0.386,0.4,0.736,0.003,-0.103,-0.506,0.57,0.873,0.692,-0.525,-0.114,0.38,0.441,0.354,0.527,0.845,0.739,0.725,-0.138,-0.107,-0.218,0.589,0.776,-0.066,-0.048,0.61,0.756,0.65,0.775,0.871,0.427,0.661,0.65,0.73,0.358,0.416,0.707,0.604,0.518,0.856,0.678,0.451,0.327,-0.428,0.795,0.381,0.769,0.464,0.329,0.715,0.352,0.111,0.767,0.875,0.636,0.25,0.67,0.597,0.619,0.44,-0.105,0.019,0.374,0.335,0.901,0.44,-0.003,0.57,0.577,0.448,0.431,0.105,0.586,0.577,-0.745,0.127,0.313,-0.532,0.539,0.577,0.409,0.769,0.75,0.742,-0.562,-0.819,0.792,-0.059,-0.671,0.658,0.075,0.573,0.767,0.608,0.705,0.404,0.651,-0.078,0.578,0.517,0.366,0.515,0.402,-0.233,0.746,0.427,0.748,-0.681,0.717,0.51,0.68,0.943,-0.521,-0.429,-0.612,-0.701,-0.065,-0.706,0.599,0.608,-0.661,0.701,-0.666,0.692,0.548,-0.154,-0.264,0.58,0.326,-0.686,0.222,0.816,-0.079,0.356,0.774,-0.026,-0.111,-0.555,0.239,-0.59,0.774,0.868,-0.234,0.618,0.306,0.564,0.845,-0.771,0.71,-0.278,0.439,0.241,0.587,0.409,0.817,0.523,0.82,0.312,0.486,0.862,-0.55,-0.234,-0.108,-0.233,0.632,0.351,0.626,-0.025,0.494,0.454,-0.723,0.221,0.68,0.886,-0.082,0.553,0.265,-0.399,0.817,-0.04,0.171,0.62,-0.373,0.048,0.471,0.533,0.424,0.15,-0.311,0.385,0.739,-0.721,0.876,0.556,0.754,0.747,0.602,0.621
000776SZ,0.691,-0.371,0.951,0.93,0.709,0.743,0.933,0.764,0.339,0.674,0.702,0.873,0.868,0.715,0.908,0.358,1.0,0.816,0.58,0.805,0.916,0.635,0.251,0.495,0.469,0.021,0.474,0.804,0.036,0.307,0.934,0.88,0.771,-0.379,0.589,0.827,0.543,0.786,0.82,0.706,0.71,0.732,0.004,0.71,0.83,0.428,0.798,0.593,0.549,0.624,0.548,0.607,0.754,0.711,0.585,0.767,0.662,0.854,0.138,0.048,0.932,0.961,0.552,0.5,0.736,0.408,0.763,0.923,0.349,0.891,0.056,0.364,0.592,0.757,0.862,0.554,0.713,0.787,0.847,0.748,0.849,0.903,0.445,0.493,-0.58,-0.194,0.612,-0.161,0.886,-0.211,0.264,0.796,0.811,-0.217,0.848,0.856,-0.352,0.639,0.917,0.633,0.703,0.828,0.706,-0.255,-0.124,0.75,0.622,-0.084,0.773,0.787,0.918,0.728,0.51,0.823,0.819,0.517,0.805,-0.244,0.611,0.947,0.848,0.589,0.74,0.807,0.888,0.337,-0.103,0.722,0.834,0.727,0.293,-0.759,0.573,-0.668,-0.487,0.722,-0.343,0.824,0.591,-0.191,0.774,-0.457,0.517,0.945,0.511,0.699,0.735,0.767,-0.08,-0.413,0.252,0.762,0.791,0.677,0.101,0.728,-0.306,0.842,0.329,0.694,0.397,-0.013,0.778,0.838,0.847,0.684,-0.533,0.601,0.464,-0.171,-0.453,0.95,0.581,0.745,0.757,0.686,0.977,0.262,0.563,-0.217,0.386,0.062,-0.778,0.828,0.63,0.708,0.834,0.97,0.973,0.148,0.73,0.88,0.482,-0.316,-0.215,0.736,0.262,0.656,0.709,0.911,0.754,0.574,0.709,0.939,0.699,0.845,0.706,0.586,0.921,0.615,-0.448,0.367,0.873,0.704,0.505,0.825,0.871
000786SZ,0.8,-0.03,0.833,0.723,0.768,0.667,0.83,0.808,0.546,0.495,0.585,0.914,0.843,0.701,0.763,0.165,0.816,1.0,0.411,0.67,0.824,0.472,0.277,0.71,0.627,-0.048,0.24,0.642,-0.051,0.554,0.742,0.748,0.626,-0.432,0.381,0.61,0.443,0.887,0.813,0.704,0.477,0.496,0.243,0.672,0.653,0.252,0.636,0.264,0.339,0.6,0.484,0.471,0.566,0.648,0.538,0.57,0.604,0.581,-0.056,-0.039,0.794,0.847,0.705,0.249,0.631,0.279,0.598,0.873,0.247,0.649,0.118,0.226,0.409,0.552,0.697,0.431,0.479,0.492,0.761,0.747,0.81,0.73,0.566,0.311,-0.571,-0.051,0.545,-0.229,0.812,-0.163,0.207,0.602,0.661,0.006,0.833,0.796,-0.002,0.588,0.701,0.484,0.511,0.64,0.542,-0.041,-0.031,0.547,0.55,0.037,0.601,0.725,0.715,0.558,0.344,0.65,0.642,0.333,0.673,-0.269,0.521,0.785,0.688,0.474,0.792,0.581,0.893,0.104,0.126,0.563,0.602,0.547,0.09,-0.563,0.689,-0.425,-0.371,0.749,-0.094,0.627,0.471,0.052,0.586,-0.269,0.336,0.773,0.536,0.686,0.577,0.702,0.147,-0.384,0.128,0.695,0.77,0.513,0.449,0.818,-0.096,0.891,0.567,0.497,0.252,0.154,0.6,0.869,0.741,0.486,-0.26,0.452,0.596,-0.06,-0.422,0.741,0.508,0.545,0.596,0.518,0.84,0.267,0.367,0.012,0.335,0.271,-0.629,0.679,0.532,0.551,0.763,0.777,0.789,0.305,0.626,0.683,0.287,-0.049,-0.317,0.899,0.434,0.472,0.716,0.847,0.557,0.656,0.722,0.744,0.586,0.77,0.643,0.671,0.718,0.45,-0.288,0.121,0.641,0.46,0.298,0.742,0.609
000800SZ,0.109,-0.637,0.694,0.767,-0.039,0.865,0.594,0.091,-0.249,0.844,0.908,0.412,0.35,0.809,0.745,0.825,0.58,0.411,1.0,0.726,0.684,0.905,-0.031,0.086,-0.121,0.335,0.678,0.846,-0.551,-0.067,0.616,0.734,0.72,0.103,0.938,0.876,0.881,0.127,0.257,0.065,0.784,0.756,0.155,0.146,0.844,0.904,0.851,0.829,0.841,0.692,0.895,0.917,0.892,0.71,0.726,0.908,0.866,0.698,0.582,0.604,0.743,0.625,-0.055,0.822,0.624,0.854,0.768,0.541,0.817,0.573,0.189,0.895,0.959,0.906,0.508,0.815,0.752,0.635,0.75,0.12,0.247,0.689,0.318,0.957,0.144,-0.22,0.441,0.193,0.736,0.299,-0.096,0.787,0.713,-0.775,0.438,0.462,-0.573,0.637,0.786,0.557,0.909,0.876,0.942,-0.693,-0.676,0.909,0.244,-0.746,0.902,0.329,0.7,0.844,0.536,0.895,0.712,0.51,0.317,0.286,0.673,0.575,0.735,0.759,0.108,0.889,0.662,0.655,-0.601,0.926,0.685,0.893,0.668,-0.794,-0.102,-0.79,-0.818,0.29,-0.796,0.876,0.548,-0.741,0.883,-0.805,0.663,0.763,0.109,0.096,0.882,0.433,-0.705,-0.207,0.628,0.247,0.383,0.969,-0.031,0.178,-0.678,0.463,-0.396,0.9,0.793,-0.458,0.889,0.5,0.833,0.933,-0.897,0.956,-0.072,0.187,-0.031,0.767,0.766,0.894,0.723,0.958,0.555,0.775,0.913,-0.651,-0.133,-0.297,-0.551,0.787,0.619,0.841,0.345,0.693,0.681,-0.552,0.624,0.84,0.937,-0.365,0.251,0.392,-0.323,0.925,0.396,0.481,0.859,-0.143,0.494,0.714,0.835,0.743,0.464,-0.04,0.633,0.952,-0.826,0.692,0.729,0.813,0.801,0.84,0.751
000807SZ,0.492,-0.608,0.887,0.843,0.415,0.854,0.811,0.576,0.22,0.708,0.917,0.726,0.759,0.762,0.934,0.386,0.805,0.67,0.726,1.0,0.893,0.759,-0.096,0.301,0.403,-0.08,0.352,0.805,-0.247,0.053,0.846,0.969,0.929,-0.499,0.703,0.804,0.708,0.586,0.742,0.481,0.711,0.644,0.122,0.539,0.927,0.611,0.893,0.695,0.478,0.693,0.806,0.801,0.808,0.922,0.777,0.814,0.799,0.869,0.07,0.111,0.932,0.898,0.491,0.616,0.816,0.553,0.941,0.783,0.525,0.843,-0.006,0.577,0.718,0.917,0.816,0.588,0.787,0.609,0.948,0.573,0.651,0.929,0.28,0.618,-0.486,-0.466,0.269,-0.372,0.907,-0.203,-0.033,0.887,0.87,-0.494,0.786,0.724,-0.487,0.665,0.908,0.728,0.835,0.812,0.853,-0.548,-0.31,0.772,0.765,-0.507,0.92,0.771,0.746,0.684,0.331,0.808,0.961,0.405,0.821,-0.345,0.735,0.832,0.851,0.833,0.61,0.815,0.779,0.309,-0.369,0.877,0.847,0.869,0.213,-0.896,0.467,-0.763,-0.624,0.694,-0.615,0.925,0.519,-0.482,0.894,-0.657,0.406,0.869,0.677,0.655,0.876,0.5,-0.365,-0.645,0.141,0.799,0.446,0.787,-0.05,0.638,-0.52,0.77,0.125,0.732,0.361,-0.443,0.945,0.791,0.871,0.726,-0.708,0.82,0.437,-0.279,-0.515,0.856,0.851,0.707,0.905,0.808,0.804,0.567,0.603,-0.412,0.16,-0.291,-0.851,0.89,0.737,0.874,0.786,0.827,0.876,-0.081,0.917,0.857,0.588,-0.567,-0.329,0.577,0.006,0.716,0.793,0.825,0.842,0.289,0.81,0.883,0.898,0.955,0.673,0.471,0.864,0.845,-0.656,0.294,0.806,0.681,0.557,0.843,0.699
000858SZ,0.694,-0.389,0.947,0.885,0.592,0.837,0.906,0.755,0.376,0.701,0.839,0.878,0.858,0.825,0.941,0.4,0.916,0.824,0.684,0.893,1.0,0.711,0.139,0.48,0.496,0.019,0.417,0.871,-0.159,0.321,0.904,0.935,0.863,-0.412,0.655,0.833,0.661,0.735,0.843,0.589,0.717,0.707,0.132,0.713,0.921,0.494,0.907,0.629,0.552,0.73,0.701,0.712,0.834,0.864,0.67,0.807,0.818,0.854,0.124,0.193,0.956,0.965,0.57,0.585,0.878,0.472,0.854,0.894,0.419,0.888,0.064,0.457,0.695,0.847,0.788,0.61,0.771,0.724,0.953,0.725,0.797,0.938,0.537,0.586,-0.528,-0.197,0.544,-0.203,0.942,-0.1,0.161,0.796,0.851,-0.298,0.891,0.863,-0.324,0.725,0.914,0.644,0.811,0.862,0.815,-0.362,-0.255,0.773,0.637,-0.277,0.859,0.744,0.861,0.739,0.433,0.837,0.903,0.462,0.782,-0.235,0.62,0.932,0.917,0.719,0.757,0.812,0.908,0.341,-0.206,0.83,0.858,0.85,0.293,-0.799,0.562,-0.677,-0.588,0.785,-0.42,0.887,0.525,-0.285,0.872,-0.538,0.552,0.911,0.531,0.703,0.853,0.762,-0.173,-0.495,0.26,0.786,0.715,0.787,0.121,0.755,-0.364,0.872,0.287,0.724,0.421,-0.191,0.869,0.865,0.888,0.737,-0.594,0.741,0.514,-0.114,-0.375,0.92,0.783,0.74,0.82,0.771,0.902,0.486,0.599,-0.3,0.312,-0.014,-0.751,0.879,0.783,0.775,0.856,0.904,0.931,0.089,0.837,0.888,0.546,-0.344,-0.233,0.75,0.202,0.713,0.773,0.932,0.843,0.477,0.826,0.938,0.856,0.942,0.786,0.507,0.912,0.744,-0.521,0.315,0.834,0.684,0.546,0.85,0.809
000876SZ,0.107,-0.714,0.741,0.789,0.044,0.866,0.652,0.196,-0.175,0.799,0.858,0.451,0.416,0.76,0.747,0.736,0.635,0.472,0.905,0.759,0.711,1.0,0.129,0.032,-0.041,0.185,0.65,0.839,-0.462,-0.083,0.666,0.786,0.714,-0.078,0.89,0.865,0.861,0.208,0.345,0.248,0.76,0.74,0.094,0.176,0.81,0.828,0.796,0.829,0.787,0.596,0.866,0.897,0.831,0.687,0.874,0.868,0.81,0.721,0.484,0.43,0.765,0.658,-0.013,0.795,0.574,0.792,0.796,0.608,0.772,0.587,0.121,0.853,0.911,0.884,0.686,0.742,0.783,0.623,0.749,0.172,0.303,0.722,0.243,0.868,0.006,-0.367,0.394,0.102,0.764,0.124,-0.204,0.841,0.724,-0.784,0.455,0.48,-0.625,0.485,0.797,0.611,0.865,0.841,0.895,-0.551,-0.589,0.854,0.367,-0.672,0.871,0.428,0.734,0.868,0.56,0.897,0.692,0.43,0.412,0.171,0.739,0.63,0.722,0.709,0.2,0.836,0.671,0.515,-0.431,0.91,0.676,0.886,0.557,-0.859,0.063,-0.846,-0.804,0.382,-0.803,0.87,0.66,-0.745,0.858,-0.789,0.529,0.795,0.253,0.166,0.85,0.386,-0.67,-0.284,0.485,0.327,0.364,0.877,-0.065,0.222,-0.677,0.472,-0.327,0.836,0.706,-0.397,0.878,0.575,0.851,0.862,-0.858,0.877,-0.082,0.023,-0.196,0.777,0.729,0.868,0.736,0.913,0.608,0.705,0.841,-0.517,-0.037,-0.366,-0.635,0.82,0.545,0.86,0.415,0.715,0.707,-0.517,0.613,0.828,0.875,-0.451,0.116,0.417,-0.313,0.863,0.523,0.531,0.835,0.054,0.568,0.711,0.806,0.743,0.446,0.155,0.657,0.906,-0.88,0.631,0.735,0.811,0.718,0.877,0.721
000895SZ,0.185,0.215,0.164,0.162,0.366,-0.074,0.31,0.289,0.09,0.039,-0.071,0.229,0.097,-0.027,-0.037,0.003,0.251,0.277,-0.031,-0.096,0.139,0.129,1.0,0.014,0.191,0.275,0.246,0.189,0.393,0.415,0.035,0.028,-0.133,-0.038,-0.116,0.039,-0.213,0.279,0.174,0.503,-0.042,0.103,-0.351,0.157,-0.029,-0.119,-0.05,0.016,0.114,-0.279,-0.066,-0.077,-0.058,-0.078,0.154,-0.019,-0.094,-0.004,0.195,-0.04,0.031,0.12,0.041,0.062,-0.057,-0.242,-0.143,0.252,-0.261,-0.008,-0.185,-0.172,-0.041,-0.063,0.266,-0.145,0.022,0.107,0.002,0.186,0.318,0.046,0.314,-0.018,-0.119,0.24,0.488,0.384,0.106,-0.119,0.09,-0.008,0.035,0.217,0.116,0.239,0.137,-0.069,0.069,0.149,-0.044,0.122,-0.033,0.551,0.333,-0.018,-0.044,0.394,-0.051,0.195,0.228,0.123,0.602,0.157,-0.134,0.033,0.038,0.299,0.027,0.226,0.07,0.022,0.23,-0.033,0.294,-0.077,0.608,-0.063,0.031,0.0,0.064,0.094,0.344,0.036,0.09,0.286,0.237,-0.049,0.41,0.207,-0.008,0.193,-0.003,0.204,-0.059,-0.012,-0.076,0.348,0.289,0.343,0.201,-0.027,0.435,-0.002,0.174,0.201,0.371,0.064,0.227,-0.072,0.066,0.525,-0.061,0.211,0.186,0.028,0.22,-0.119,0.026,0.261,0.098,0.159,-0.174,0.069,-0.177,-0.033,0.245,-0.194,0.045,0.468,0.54,0.353,0.148,0.103,-0.165,-0.16,0.054,0.205,0.158,0.223,-0.091,0.107,0.027,0.242,0.233,0.242,0.303,-0.073,0.065,0.133,-0.068,0.514,-0.027,0.029,-0.054,-0.036,0.089,0.343,0.067,-0.148,0.012,0.117,0.047,-0.009,-0.149,0.118,0.142
000938SZ,0.753,0.333,0.465,0.37,0.665,0.386,0.418,0.67,0.689,0.145,0.228,0.743,0.687,0.504,0.433,-0.103,0.495,0.71,0.086,0.301,0.48,0.032,0.014,1.0,0.61,-0.127,-0.119,0.241,-0.063,0.599,0.444,0.341,0.32,-0.277,0.059,0.255,0.203,0.697,0.603,0.477,0.198,0.101,0.389,0.539,0.272,0.017,0.29,-0.199,0.046,0.495,0.184,0.16,0.244,0.347,0.141,0.244,0.376,0.178,-0.277,-0.132,0.472,0.548,0.712,-0.197,0.372,0.087,0.218,0.55,0.049,0.323,0.283,-0.045,0.041,0.187,0.267,0.273,0.033,0.145,0.424,0.608,0.536,0.366,0.469,-0.013,-0.436,0.179,0.306,-0.275,0.489,-0.029,0.266,0.196,0.271,0.277,0.604,0.514,0.359,0.473,0.314,0.093,0.132,0.278,0.184,0.002,0.126,0.236,0.258,0.287,0.236,0.379,0.349,0.201,-0.081,0.27,0.312,0.146,0.429,-0.313,0.158,0.419,0.354,0.171,0.661,0.244,0.572,-0.073,0.211,0.192,0.226,0.135,-0.064,-0.192,0.557,0.038,-0.064,0.531,0.279,0.279,-0.022,0.371,0.175,-0.028,0.159,0.393,0.325,0.584,0.273,0.603,0.42,-0.318,-0.027,0.453,0.523,0.196,0.466,0.688,0.145,0.678,0.668,0.215,0.044,0.217,0.212,0.572,0.361,0.138,0.063,0.121,0.577,-0.018,-0.259,0.37,0.238,0.231,0.238,0.157,0.572,0.143,0.056,0.171,0.155,0.363,-0.359,0.236,0.357,0.217,0.564,0.457,0.452,0.475,0.385,0.309,-0.051,0.238,-0.268,0.672,0.536,0.184,0.447,0.63,0.225,0.515,0.525,0.419,0.194,0.463,0.477,0.462,0.374,0.11,0.122,-0.202,0.308,0.099,0.077,0.366,0.315
000963SZ,0.7,0.264,0.398,0.269,0.71,0.212,0.411,0.856,0.874,-0.086,0.194,0.7,0.756,0.281,0.363,-0.506,0.469,0.627,-0.121,0.403,0.496,-0.041,0.191,0.61,1.0,-0.393,-0.425,0.141,0.322,0.532,0.38,0.384,0.399,-0.77,-0.194,0.046,-0.06,0.763,0.834,0.72,0.055,-0.085,0.262,0.627,0.231,-0.221,0.202,-0.209,-0.282,0.275,0.052,0.047,0.07,0.45,0.225,0.059,0.183,0.23,-0.631,-0.376,0.418,0.554,0.92,-0.219,0.408,-0.277,0.244,0.522,-0.28,0.418,-0.02,-0.288,-0.193,0.155,0.413,-0.071,0.107,-0.008,0.438,0.711,0.681,0.44,0.254,-0.274,-0.781,-0.074,0.028,-0.622,0.417,-0.391,0.117,0.123,0.208,0.457,0.67,0.452,0.308,0.222,0.275,0.164,0.024,0.091,0.057,0.24,0.566,-0.054,0.544,0.394,0.158,0.583,0.227,-0.075,-0.136,0.089,0.403,-0.168,0.692,-0.638,0.065,0.462,0.327,0.296,0.869,0.025,0.454,-0.373,0.503,0.061,0.227,0.128,-0.541,-0.168,0.897,0.012,0.106,0.757,0.32,0.202,-0.071,0.392,0.106,0.205,-0.113,0.318,0.55,0.823,0.205,0.41,0.489,-0.549,-0.419,0.693,0.35,0.026,0.215,0.782,0.267,0.558,0.846,-0.068,-0.355,0.08,0.192,0.503,0.305,-0.099,0.227,0.02,0.704,-0.361,-0.465,0.271,0.309,-0.102,0.221,-0.054,0.529,0.02,-0.226,0.272,0.543,0.182,-0.394,0.188,0.379,0.075,0.738,0.357,0.405,0.779,0.551,0.188,-0.288,-0.113,-0.627,0.472,0.567,-0.101,0.706,0.657,0.133,0.742,0.677,0.364,0.271,0.439,0.551,0.691,0.398,-0.015,0.248,-0.512,0.189,-0.114,-0.226,0.211,0.111
000999SZ,-0.061,-0.04,0.081,0.142,-0.15,0.036,0.204,-0.277,-0.589,0.349,0.13,-0.134,-0.287,0.032,0.012,0.57,0.021,-0.048,0.335,-0.08,0.019,0.185,0.275,-0.127,-0.393,1.0,0.652,0.27,-0.042,0.271,-0.096,-0.031,-0.18,0.678,0.313,0.251,0.085,-0.207,-0.288,-0.244,0.144,0.419,-0.253,-0.206,0.137,0.247,0.194,0.3,0.37,0.024,0.156,0.101,0.245,-0.052,-0.085,0.194,0.051,0.103,0.768,0.36,-0.023,-0.044,-0.449,0.468,0.054,0.238,-0.124,0.073,0.161,0.016,-0.106,0.233,0.368,0.137,-0.085,0.187,0.136,0.28,-0.039,-0.096,-0.021,-0.028,0.443,0.45,0.437,0.456,0.589,0.785,-0.02,0.48,0.394,0.081,0.288,-0.11,-0.113,0.195,-0.127,0.464,0.129,0.296,0.286,0.309,0.239,0.065,-0.337,0.33,-0.3,-0.215,0.187,-0.033,0.215,0.276,0.678,0.203,-0.008,0.57,-0.357,0.757,0.188,0.057,0.04,0.17,-0.351,0.25,0.153,0.587,-0.239,0.141,0.155,0.148,0.662,0.083,-0.418,-0.002,-0.218,-0.231,-0.086,0.068,0.473,-0.145,0.223,0.002,0.36,0.135,-0.297,-0.44,0.069,0.32,-0.148,0.666,0.815,-0.325,0.379,0.286,0.236,-0.138,0.17,0.003,-0.33,0.305,0.598,0.203,0.113,0.084,0.121,0.422,-0.139,0.178,-0.055,0.747,0.474,0.172,-0.085,0.337,0.078,0.317,0.026,0.042,0.483,-0.066,0.081,0.39,0.297,0.249,-0.092,0.041,-0.361,0.122,0.093,-0.38,-0.099,0.267,0.399,0.438,0.677,0.141,0.046,0.33,-0.413,-0.103,0.009,-0.356,-0.364,0.035,0.041,-0.051,-0.197,-0.389,0.025,0.19,-0.19,0.67,0.129,0.277,0.355,0.105,0.209
001965SZ,0.051,-0.483,0.533,0.608,0.061,0.454,0.575,-0.057,-0.552,0.724,0.501,0.179,0.052,0.381,0.469,0.873,0.474,0.24,0.678,0.352,0.417,0.65,0.246,-0.119,-0.425,0.652,1.0,0.656,-0.184,0.032,0.42,0.458,0.253,0.458,0.705,0.709,0.5,0.041,-0.012,0.019,0.525,0.819,-0.343,0.045,0.57,0.552,0.581,0.774,0.758,0.258,0.488,0.474,0.616,0.276,0.335,0.616,0.408,0.558,0.861,0.437,0.446,0.371,-0.362,0.753,0.329,0.551,0.395,0.423,0.484,0.413,-0.089,0.555,0.767,0.552,0.406,0.493,0.571,0.725,0.395,0.066,0.235,0.401,0.391,0.752,0.207,0.053,0.731,0.648,0.418,0.209,0.233,0.591,0.646,-0.527,0.179,0.483,-0.508,0.509,0.601,0.575,0.67,0.746,0.618,-0.26,-0.589,0.732,0.045,-0.437,0.574,0.288,0.641,0.743,0.817,0.664,0.365,0.762,0.024,0.546,0.538,0.492,0.47,0.324,-0.117,0.703,0.465,0.676,-0.469,0.598,0.585,0.58,0.877,-0.456,-0.262,-0.556,-0.517,0.029,-0.528,0.52,0.818,-0.458,0.646,-0.471,0.585,0.597,-0.023,-0.165,0.448,0.45,-0.443,0.343,0.792,0.018,0.544,0.639,0.07,0.021,-0.327,0.32,-0.421,0.67,0.774,0.055,0.537,0.424,0.512,0.775,-0.605,0.542,-0.113,0.431,0.127,0.645,0.232,0.77,0.488,0.723,0.419,0.201,0.772,-0.321,0.023,0.115,-0.199,0.669,0.174,0.518,0.01,0.562,0.535,-0.554,0.145,0.675,0.737,0.004,0.513,0.37,-0.136,0.685,-0.062,0.226,0.494,-0.13,-0.045,0.493,0.423,0.372,0.083,-0.09,0.467,0.573,-0.617,0.9,0.595,0.748,0.638,0.554,0.656
002001SZ,0.412,-0.516,0.85,0.888,0.315,0.846,0.835,0.437,0.029,0.835,0.866,0.659,0.588,0.841,0.874,0.692,0.804,0.642,0.846,0.805,0.871,0.839,0.189,0.241,0.141,0.27,0.656,1.0,-0.318,0.164,0.792,0.844,0.793,-0.117,0.822,0.906,0.758,0.453,0.544,0.339,0.792,0.822,0.063,0.503,0.923,0.716,0.92,0.787,0.805,0.651,0.802,0.822,0.935,0.775,0.685,0.891,0.864,0.836,0.481,0.475,0.866,0.824,0.214,0.789,0.79,0.65,0.827,0.789,0.603,0.765,0.117,0.672,0.85,0.889,0.706,0.733,0.828,0.757,0.865,0.463,0.557,0.833,0.494,0.824,-0.159,-0.178,0.635,0.117,0.893,0.148,0.147,0.836,0.845,-0.561,0.67,0.71,-0.484,0.724,0.893,0.613,0.934,0.919,0.923,-0.495,-0.517,0.883,0.468,-0.459,0.903,0.559,0.866,0.873,0.635,0.93,0.806,0.544,0.537,0.124,0.691,0.817,0.92,0.736,0.423,0.885,0.852,0.581,-0.385,0.901,0.836,0.919,0.574,-0.773,0.229,-0.748,-0.702,0.525,-0.622,0.904,0.652,-0.509,0.943,-0.68,0.715,0.895,0.319,0.367,0.889,0.647,-0.44,-0.251,0.545,0.552,0.646,0.901,0.029,0.491,-0.482,0.671,-0.059,0.829,0.671,-0.243,0.89,0.728,0.911,0.903,-0.757,0.85,0.198,0.115,-0.105,0.903,0.746,0.878,0.806,0.895,0.781,0.577,0.829,-0.448,0.162,-0.095,-0.637,0.897,0.752,0.83,0.623,0.863,0.852,-0.244,0.704,0.935,0.797,-0.321,0.112,0.607,-0.062,0.858,0.551,0.737,0.905,0.189,0.617,0.867,0.87,0.854,0.679,0.25,0.815,0.847,-0.687,0.597,0.842,0.787,0.711,0.872,0.85
