,000001SZ,000002SZ,000157SZ,000166SZ,000333SZ,000338SZ,000538SZ,000568SZ,000596SZ,000617SZ,000625SZ,000651SZ,000661SZ,000708SZ,000725SZ,000768SZ,000776SZ,000786SZ,000800SZ,000807SZ,000858SZ,000876SZ,000895SZ,000938SZ,000963SZ,000999SZ,001965SZ,002001SZ,002007SZ,002027SZ,002028SZ,002050SZ,002129SZ,002179SZ,002230SZ,002236SZ,002241SZ,002271SZ,002304SZ,002311SZ,002371SZ,002415SZ,002422SZ,002459SZ,002460SZ,002463SZ,002466SZ,002475SZ,002493SZ,002555SZ,002594SZ,002601SZ,002648SZ,002709SZ,002714SZ,002916SZ,002920SZ,002938SZ,003816SZ,300014SZ,300033SZ,300059SZ,300122SZ,300124SZ,300274SZ,300308SZ,300316SZ,300347SZ,300394SZ,300408SZ,300413SZ,300418SZ,300433SZ,300450SZ,300498SZ,300502SZ,300628SZ,300661SZ,300750SZ,300759SZ,300760SZ,300782SZ,600000SS,600010SS,600011SS,600015SS,600016SS,600018SS,600019SS,600023SS,600025SS,600026SS,600028SS,600029SS,600031SS,600036SS,600048SS,600050SS,600061SS,600085SS,600089SS,600104SS,600111SS,600115SS,600161SS,600183SS,600188SS,600196SS,600219SS,600233SS,600276SS,600309SS,600332SS,600346SS,600362SS,600377SS,600406SS,600415SS,600426SS,600436SS,600438SS,600489SS,600519SS,600570SS,600585SS,600588SS,600600SS,600660SS,600674SS,600741SS,600760SS,600795SS,600809SS,600875SS,600886SS,600887SS,600926SS,600989SS,601006SS,601009SS,601012SS,601021SS,601058SS,601066SS,601088SS,601100SS,601117SS,601138SS,601166SS,601169SS,601186SS,601225SS,601229SS,601238SS,601288SS,601318SS,601319SS,601328SS,601336SS,601360SS,601390SS,601398SS,601600SS,601601SS,601607SS,601618SS,601628SS,601633SS,601658SS,601668SS,601669SS,601688SS,601689SS,601698SS,601699SS,601766SS,601788SS,601799SS,601800SS,601808SS,601816SS,601818SS,601838SS,601857SS,601865SS,601872SS,601877SS,601878SS,601881SS,601888SS,601899SS,601901SS,601919SS,601939SS,601985SS,601988SS,601998SS,603019SS,603195SS,603259SS,603260SS,603288SS,603369SS,603501SS,603659SS,603799SS,603806SS,603833SS,603986SS,603993SS,688008SS,688009SS,688012SS,688036SS,688111SS,688169SS,688396SS
000001SZ,1.0,0.859,-0.618,0.384,-0.679,-0.528,0.663,0.203,0.2,0.678,-0.6,-0.41,0.193,-0.191,-0.392,-0.563,0.772,0.123,-0.587,0.545,0.28,0.47,0.718,0.068,-0.657,0.357,0.156,-0.133,-0.354,0.032,0.137,-0.674,-0.629,-0.627,-0.061,-0.31,0.166,0.719,0.384,0.074,0.366,0.021,0.425,-0.54,0.806,0.154,0.854,-0.722,0.499,0.123,0.025,0.116,-0.4,-0.139,-0.516,0.33,-0.713,0.187,-0.446,0.206,-0.026,0.554,0.059,-0.643,-0.666,-0.585,-0.573,0.878,-0.447,-0.314,-0.006,0.692,-0.38,-0.689,-0.707,-0.228,0.715,-0.292,-0.432,0.774,0.293,0.457,0.938,0.155,-0.243,0.858,0.421,0.882,0.788,-0.44,0.109,-0.28,0.297,-0.299,-0.384,0.919,0.607,0.843,0.825,0.477,0.465,-0.585,-0.314,-0.296,-0.173,0.372,-0.497,-0.538,0.315,0.566,-0.427,0.242,0.812,0.2,0.296,0.185,-0.692,0.797,-0.03,0.542,-0.528,0.6,-0.207,-0.293,0.804,-0.047,-0.15,-0.685,-0.197,-0.554,-0.696,-0.381,0.698,-0.53,-0.411,0.498,0.871,0.246,0.63,0.829,-0.352,-0.529,-0.779,0.41,-0.47,-0.698,0.087,-0.597,0.8,0.826,0.672,-0.307,0.752,-0.493,0.85,0.803,0.879,0.786,0.31,0.631,0.604,0.858,0.248,0.74,0.692,0.413,0.918,-0.665,0.817,0.69,0.033,0.192,-0.733,-0.787,0.376,0.186,0.345,-0.642,-0.13,0.031,0.791,0.824,0.901,-0.089,-0.74,0.076,-0.687,0.701,0.371,0.532,0.059,0.827,-0.385,0.83,-0.603,0.876,0.835,0.354,0.551,0.507,0.017,0.681,0.37,-0.495,-0.489,0.797,-0.757,0.718,-0.115,0.377,0.178,0.16,0.195,-0.636,-0.18,-0.162,0.554
000002SZ,0.859,1.0,-0.661,0.122,-0.617,-0.561,0.622,0.188,0.165,0.47,-0.685,-0.316,-0.079,-0.085,-0.491,-0.623,0.62,0.365,-0.672,0.531,0.263,0.357,0.755,-0.039,-0.698,0.352,0.375,-0.059,-0.333,-0.026,0.156,-0.705,-0.68,-0.669,-0.097,-0.573,-0.09,0.879,0.341,0.046,0.518,-0.268,0.555,-0.429,0.69,-0.011,0.728,-0.799,0.394,0.163,-0.216,0.06,-0.405,-0.338,-0.573,0.263,-0.821,-0.03,-0.274,-0.045,-0.142,0.325,-0.12,-0.755,-0.759,-0.694,-0.555,0.813,-0.547,-0.494,-0.013,0.604,-0.49,-0.73,-0.708,-0.497,0.615,-0.393,-0.537,0.756,0.333,0.462,0.878,0.007,-0.262,0.815,0.394,0.907,0.754,-0.325,0.254,-0.392,0.273,-0.476,-0.468,0.808,0.82,0.828,0.699,0.554,0.512,-0.634,-0.396,-0.432,0.04,0.221,-0.542,-0.646,0.34,0.621,-0.583,0.272,0.854,0.119,0.184,0.339,-0.797,0.857,-0.055,0.52,-0.575,0.656,-0.313,-0.481,0.768,-0.216,-0.211,-0.72,0.022,-0.554,-0.758,-0.423,0.522,-0.651,-0.199,0.323,0.873,0.196,0.736,0.748,-0.37,-0.684,-0.711,0.225,-0.531,-0.794,-0.104,-0.674,0.687,0.827,0.594,-0.393,0.675,-0.594,0.835,0.692,0.835,0.78,0.197,0.575,0.584,0.833,0.158,0.748,0.735,0.439,0.896,-0.764,0.873,0.741,-0.133,-0.087,-0.804,-0.747,0.21,0.109,0.133,-0.709,-0.267,-0.103,0.73,0.829,0.933,-0.111,-0.718,-0.053,-0.651,0.569,0.096,0.418,-0.107,0.67,-0.516,0.836,-0.52,0.866,0.783,0.216,0.592,0.475,-0.155,0.567,0.327,-0.609,-0.546,0.772,-0.704,0.854,-0.198,0.163,0.006,0.088,0.124,-0.747,-0.115,-0.078,0.534
000157SZ,-0.618,-0.661,1.0,0.276,0.751,0.818,-0.087,0.27,0.267,-0.101,0.724,0.752,0.349,0.436,0.584,0.665,-0.238,0.083,0.792,0.074,0.254,-0.004,-0.302,0.006,0.888,-0.121,-0.105,0.537,0.739,0.405,-0.015,0.835,0.835,0.757,0.146,0.46,0.183,-0.505,0.018,0.314,-0.077,0.291,-0.224,0.617,-0.414,0.06,-0.358,0.83,0.126,0.11,0.474,0.481,0.8,0.612,0.766,-0.053,0.869,0.188,0.353,0.221,0.252,0.106,0.414,0.795,0.865,0.825,0.832,-0.609,0.772,0.478,0.235,-0.447,0.552,0.876,0.805,0.57,-0.346,0.622,0.876,-0.537,0.07,-0.413,-0.724,-0.001,-0.032,-0.643,-0.293,-0.637,-0.449,0.053,-0.367,0.58,-0.125,0.602,0.871,-0.491,-0.522,-0.677,-0.321,-0.254,-0.223,0.817,0.44,0.523,0.163,-0.075,0.573,0.855,0.075,-0.267,0.764,0.098,-0.588,0.348,0.226,-0.302,0.855,-0.542,0.499,-0.116,0.762,-0.692,0.759,0.481,-0.355,0.198,0.612,0.86,-0.011,0.709,0.79,0.287,-0.262,0.705,0.092,-0.0,-0.693,0.366,-0.658,-0.412,0.785,0.703,0.856,0.181,0.661,0.892,0.45,0.844,-0.417,-0.778,-0.349,0.466,-0.589,0.604,-0.726,-0.348,-0.58,-0.691,-0.028,-0.505,-0.372,-0.815,0.17,-0.63,-0.538,-0.114,-0.692,0.884,-0.845,-0.375,0.407,0.403,0.883,0.676,-0.002,0.076,0.271,0.735,0.551,0.144,-0.653,-0.768,-0.805,0.124,0.896,0.291,0.913,-0.147,0.267,-0.149,0.603,-0.384,0.489,-0.82,0.523,-0.719,-0.844,-0.001,-0.349,-0.124,0.461,-0.343,0.012,0.581,0.655,-0.556,0.873,-0.331,0.452,0.277,0.124,-0.053,0.223,0.624,-0.018,-0.002,-0.132
000166SZ,0.384,0.122,0.276,1.0,-0.135,0.349,0.611,0.12,0.109,0.608,0.189,0.054,0.672,0.311,0.382,0.331,0.618,-0.019,0.299,0.507,0.243,0.506,0.269,-0.143,0.221,0.095,0.094,0.274,0.303,0.237,0.433,-0.001,0.103,0.23,-0.168,0.177,0.577,0.003,0.043,0.145,0.072,0.291,0.087,-0.242,0.362,0.435,0.573,0.219,0.524,0.172,0.407,0.431,0.302,0.515,0.109,0.207,0.148,0.582,0.034,0.591,0.036,0.646,0.329,0.187,0.179,0.141,0.234,0.213,0.182,0.122,-0.06,0.196,0.322,0.189,0.244,0.429,0.362,0.052,0.356,0.172,0.099,0.151,0.309,0.425,0.028,0.376,0.406,0.356,0.474,-0.288,-0.055,0.389,0.445,0.377,0.317,0.388,-0.141,0.202,0.706,0.207,0.231,0.212,0.333,0.385,-0.2,0.464,0.309,0.267,0.488,0.221,0.469,-0.013,0.293,0.36,0.672,-0.023,0.247,0.116,0.439,0.154,0.056,0.13,0.376,0.046,0.344,0.033,0.257,0.243,-0.315,0.141,0.204,0.067,0.354,0.425,-0.35,0.321,0.178,0.351,0.153,0.539,0.266,0.23,0.04,0.837,0.325,0.12,0.756,0.197,0.333,0.239,0.587,0.398,0.44,0.239,0.245,0.506,0.443,0.289,0.49,0.037,0.495,0.167,0.558,0.265,0.382,0.535,0.198,0.201,0.014,0.477,0.618,0.761,0.116,-0.246,0.628,0.583,0.602,0.185,0.651,0.488,0.34,0.231,0.096,0.224,-0.005,0.488,0.124,0.655,0.784,0.14,0.45,0.559,0.265,0.152,0.111,0.307,0.145,0.298,-0.042,0.241,0.487,0.115,0.076,0.07,0.378,0.156,0.055,0.236,0.172,0.668,0.435,0.493,0.157,0.021,-0.373,0.055,0.5
000333SZ,-0.679,-0.617,0.751,-0.135,1.0,0.68,-0.396,0.052,0.023,-0.459,0.662,0.783,0.119,0.425,0.334,0.608,-0.587,0.063,0.582,-0.193,-0.022,-0.394,-0.453,-0.109,0.691,-0.217,0.037,0.348,0.436,0.017,-0.203,0.724,0.78,0.76,-0.024,0.188,-0.151,-0.509,-0.124,0.07,-0.166,0.069,-0.318,0.723,-0.615,-0.305,-0.525,0.728,-0.07,-0.172,0.185,0.397,0.687,0.43,0.621,-0.375,0.703,-0.2,0.415,0.112,0.003,-0.259,0.237,0.66,0.812,0.57,0.819,-0.745,0.441,0.186,0.004,-0.691,0.301,0.81,0.699,0.148,-0.609,0.393,0.645,-0.722,-0.135,-0.575,-0.8,-0.175,0.15,-0.684,-0.177,-0.727,-0.553,0.397,-0.203,0.228,-0.214,0.354,0.617,-0.553,-0.484,-0.788,-0.588,-0.267,-0.323,0.613,0.278,0.376,0.185,-0.458,0.44,0.662,-0.167,-0.311,0.515,-0.07,-0.717,0.114,-0.032,-0.022,0.702,-0.665,0.274,-0.291,0.692,-0.581,0.484,0.348,-0.469,-0.009,0.451,0.747,0.244,0.584,0.765,0.374,-0.547,0.545,0.386,-0.261,-0.717,0.151,-0.585,-0.626,0.635,0.525,0.822,-0.237,0.557,0.743,0.236,0.552,-0.517,-0.763,-0.487,0.314,-0.611,0.47,-0.639,-0.545,-0.714,-0.593,-0.228,-0.658,-0.403,-0.732,-0.139,-0.711,-0.589,-0.246,-0.751,0.732,-0.788,-0.396,0.267,-0.047,0.75,0.848,-0.259,-0.013,-0.179,0.609,0.354,0.007,-0.752,-0.699,-0.737,0.222,0.849,-0.071,0.822,-0.51,-0.176,-0.342,0.362,-0.693,0.41,-0.707,0.501,-0.71,-0.773,-0.374,-0.451,-0.414,0.207,-0.48,-0.209,0.301,0.566,-0.619,0.851,-0.448,0.129,-0.044,-0.253,-0.138,-0.091,0.498,0.057,0.148,-0.467
000338SZ,-0.528,-0.561,0.818,0.349,0.68,1.0,0.024,0.127,0.045,-0.187,0.905,0.729,0.495,0.782,0.817,0.865,-0.142,0.261,0.904,0.184,0.106,-0.044,-0.266,-0.35,0.876,-0.47,0.173,0.629,0.701,0.141,0.398,0.58,0.594,0.856,-0.223,0.271,0.447,-0.554,-0.24,0.15,-0.17,0.033,-0.458,0.306,-0.448,0.289,-0.231,0.901,0.228,-0.125,0.474,0.436,0.78,0.534,0.452,-0.133,0.824,0.375,0.593,0.184,-0.15,-0.013,0.156,0.835,0.862,0.521,0.85,-0.659,0.501,0.362,-0.073,-0.621,0.768,0.828,0.85,0.43,-0.375,0.379,0.734,-0.592,-0.177,-0.121,-0.616,0.333,0.217,-0.494,0.073,-0.461,-0.148,0.226,-0.222,0.735,0.303,0.773,0.653,-0.395,-0.652,-0.62,-0.176,-0.265,-0.139,0.885,0.718,0.816,-0.055,0.044,0.827,0.752,0.375,-0.002,0.832,-0.229,-0.576,0.331,0.543,0.011,0.84,-0.583,0.666,-0.298,0.443,-0.321,0.645,0.074,-0.483,-0.171,0.607,0.949,-0.097,0.861,0.884,0.413,-0.325,0.825,0.076,0.041,-0.577,0.371,-0.413,-0.27,0.581,0.809,0.904,0.391,0.922,0.704,0.669,0.68,-0.474,-0.539,-0.009,0.792,-0.233,0.836,-0.452,-0.099,-0.352,-0.421,0.384,-0.668,-0.029,-0.665,0.393,-0.312,-0.328,0.222,-0.586,0.893,-0.686,-0.126,0.651,0.476,0.727,0.627,0.353,0.453,0.255,0.909,0.73,0.558,-0.382,-0.595,-0.658,0.549,0.701,0.538,0.871,-0.013,0.188,-0.399,0.535,-0.317,0.748,-0.58,0.722,-0.482,-0.754,-0.261,-0.535,-0.228,0.269,-0.491,-0.306,0.574,0.884,-0.585,0.839,-0.301,0.351,0.427,0.355,0.328,-0.116,0.309,-0.325,0.418,0.097
000538SZ,0.663,0.622,-0.087,0.611,-0.396,0.024,1.0,0.558,0.532,0.728,-0.226,0.081,0.307,0.217,-0.019,-0.197,0.845,0.473,-0.09,0.792,0.632,0.585,0.838,0.041,-0.139,0.346,0.232,0.454,0.373,0.382,0.436,-0.187,-0.282,-0.19,0.107,-0.097,0.502,0.631,0.494,0.447,0.601,0.045,0.378,-0.296,0.694,0.486,0.762,-0.252,0.667,0.52,0.333,0.472,-0.056,0.047,-0.201,0.604,-0.209,0.587,-0.174,0.213,0.135,0.721,0.185,-0.213,-0.303,-0.142,-0.157,0.632,0.082,0.006,0.296,0.574,0.157,-0.305,-0.246,0.196,0.749,0.083,0.031,0.647,0.509,0.491,0.645,0.279,-0.446,0.634,0.247,0.713,0.674,-0.611,-0.042,0.239,0.373,0.12,0.084,0.758,0.428,0.658,0.82,0.473,0.667,-0.029,0.05,0.048,0.167,0.577,-0.155,-0.083,0.61,0.618,-0.002,0.425,0.687,0.437,0.619,0.002,-0.273,0.649,0.353,0.642,-0.227,0.344,0.32,-0.132,0.612,0.075,0.392,-0.183,-0.184,0.067,-0.311,-0.348,0.618,-0.185,-0.388,0.645,0.674,0.647,0.368,0.833,0.066,-0.133,-0.223,0.736,-0.041,-0.275,0.327,-0.001,0.628,0.511,0.62,0.04,0.519,-0.121,0.541,0.809,0.727,0.455,0.529,0.519,0.472,0.454,0.464,0.623,0.532,0.526,0.686,-0.198,0.51,0.632,0.288,0.531,-0.225,-0.579,0.538,0.322,0.661,-0.187,0.273,0.181,0.573,0.431,0.534,-0.03,-0.306,0.5,-0.157,0.847,0.644,0.501,0.376,0.798,-0.148,0.432,-0.287,0.606,0.324,0.542,0.571,0.663,0.268,0.592,0.484,-0.115,-0.119,0.64,-0.31,0.764,0.374,0.642,0.494,0.15,0.418,-0.457,-0.141,-0.145,0.773
000568SZ,0.203,0.188,0.27,0.12,0.052,0.127,0.558,1.0,0.97,0.559,-0.022,0.463,0.217,-0.015,0.014,-0.333,0.522,0.591,0.151,0.653,0.974,0.511,0.636,0.561,0.154,0.301,-0.282,0.636,0.569,0.836,-0.032,0.397,0.137,-0.159,0.653,0.347,0.31,0.494,0.884,0.854,0.504,0.337,0.222,0.24,0.54,0.381,0.329,-0.076,0.476,0.535,0.701,0.591,0.209,0.181,0.269,0.768,0.227,0.48,-0.427,0.05,0.614,0.659,0.507,0.137,0.022,0.412,-0.021,0.402,0.609,0.496,0.832,0.508,0.289,-0.043,-0.171,0.482,0.619,0.736,0.421,0.505,0.685,0.251,0.113,0.032,-0.834,-0.063,-0.487,0.092,0.058,-0.735,-0.618,0.424,-0.236,0.338,0.575,0.355,0.314,0.258,0.22,0.021,0.368,0.289,0.015,0.028,0.331,0.488,-0.202,0.287,0.271,0.357,0.102,0.814,0.093,0.625,0.275,-0.562,0.016,0.453,0.367,0.798,0.263,-0.356,0.745,0.319,0.433,0.51,0.73,0.007,-0.309,0.296,-0.217,-0.495,0.656,-0.212,-0.493,0.781,0.246,0.821,-0.339,0.256,0.368,0.2,0.083,0.313,-0.044,0.255,0.009,0.452,0.346,-0.166,-0.002,-0.102,-0.226,0.049,-0.087,0.404,0.101,-0.265,0.164,0.506,-0.24,-0.145,0.237,0.041,-0.24,-0.049,0.29,0.214,0.044,-0.084,0.071,0.445,0.228,-0.146,0.13,-0.298,0.691,0.033,0.015,-0.192,-0.032,-0.258,0.042,-0.396,0.203,0.461,0.238,0.502,0.529,0.766,0.687,0.435,-0.108,-0.22,-0.412,-0.068,-0.262,0.665,0.666,0.784,0.348,0.704,0.845,0.36,-0.25,0.412,-0.006,0.541,0.763,0.546,0.442,-0.478,0.791,-0.052,0.235,-0.489,0.411
000596SZ,0.2,0.165,0.267,0.109,0.023,0.045,0.532,0.97,1.0,0.569,-0.112,0.406,0.151,-0.149,-0.08,-0.393,0.502,0.493,0.068,0.566,0.952,0.503,0.63,0.663,0.107,0.424,-0.35,0.554,0.553,0.843,-0.137,0.412,0.169,-0.178,0.727,0.373,0.235,0.501,0.927,0.844,0.536,0.377,0.302,0.284,0.557,0.329,0.315,-0.116,0.438,0.629,0.64,0.562,0.16,0.162,0.312,0.786,0.192,0.43,-0.503,0.075,0.701,0.682,0.546,0.075,-0.019,0.449,-0.068,0.438,0.647,0.473,0.882,0.568,0.199,-0.082,-0.209,0.514,0.632,0.754,0.406,0.53,0.753,0.159,0.127,-0.066,-0.861,-0.039,-0.548,0.068,-0.015,-0.761,-0.569,0.341,-0.338,0.235,0.571,0.361,0.342,0.289,0.184,0.086,0.38,0.224,-0.084,-0.082,0.394,0.437,-0.311,0.279,0.161,0.231,0.053,0.886,0.12,0.569,0.181,-0.619,-0.026,0.461,0.255,0.832,0.313,-0.4,0.701,0.42,0.469,0.611,0.698,-0.058,-0.211,0.211,-0.261,-0.491,0.643,-0.262,-0.442,0.757,0.255,0.778,-0.374,0.263,0.361,0.123,0.028,0.264,-0.152,0.26,-0.068,0.465,0.401,-0.183,-0.085,-0.229,-0.271,-0.058,-0.115,0.339,0.064,-0.28,0.039,0.563,-0.324,-0.127,0.128,-0.018,-0.238,-0.146,0.288,0.159,0.046,-0.137,-0.03,0.411,0.229,-0.156,0.019,-0.408,0.68,-0.058,-0.06,-0.317,-0.094,-0.247,0.036,-0.507,0.197,0.374,0.185,0.465,0.533,0.808,0.661,0.42,-0.207,-0.229,-0.492,-0.082,-0.228,0.747,0.712,0.8,0.378,0.742,0.898,0.308,-0.328,0.452,-0.052,0.509,0.754,0.464,0.348,-0.555,0.861,0.026,0.333,-0.6,0.336
000617SZ,0.678,0.47,-0.101,0.608,-0.459,-0.187,0.728,0.559,0.569,1.0,-0.343,-0.163,0.393,-0.193,-0.128,-0.406,0.815,0.133,-0.171,0.623,0.644,0.711,0.605,0.442,-0.21,0.525,-0.27,0.234,0.129,0.572,0.017,-0.078,-0.136,-0.375,0.358,0.313,0.435,0.56,0.63,0.476,0.405,0.526,0.467,-0.186,0.823,0.418,0.752,-0.329,0.548,0.502,0.463,0.484,-0.066,0.272,0.045,0.673,-0.184,0.528,-0.571,0.473,0.522,0.904,0.571,-0.176,-0.256,0.101,-0.289,0.737,0.227,0.225,0.466,0.806,0.056,-0.302,-0.386,0.405,0.811,0.331,0.141,0.749,0.579,0.332,0.588,0.228,-0.56,0.486,-0.025,0.524,0.466,-0.777,-0.318,0.138,0.007,0.096,0.209,0.692,0.402,0.663,0.743,0.361,0.42,-0.173,-0.091,-0.076,0.034,0.678,-0.318,0.047,0.34,0.317,-0.019,0.566,0.569,0.492,0.402,-0.385,-0.199,0.607,0.157,0.688,0.016,0.082,0.353,0.228,0.775,0.48,0.269,-0.324,-0.42,-0.228,-0.432,-0.403,0.816,-0.164,-0.634,0.639,0.541,0.477,0.085,0.678,0.142,-0.099,-0.416,0.568,-0.282,-0.124,0.301,0.059,0.689,0.329,0.463,-0.169,0.296,-0.218,0.328,0.608,0.536,0.241,0.193,0.682,0.274,0.356,0.35,0.336,0.266,0.336,0.572,-0.19,0.364,0.364,0.295,0.539,-0.144,-0.516,0.352,0.067,0.665,-0.337,0.192,-0.033,0.439,0.296,0.43,-0.32,-0.234,0.334,-0.242,0.736,0.789,0.762,0.477,0.801,-0.21,0.268,-0.584,0.402,0.361,0.769,0.643,0.754,0.507,0.752,0.692,0.014,-0.349,0.647,-0.389,0.605,0.421,0.608,0.407,-0.036,0.639,-0.094,0.103,-0.484,0.58
000625SZ,-0.6,-0.685,0.724,0.189,0.662,0.905,-0.226,-0.022,-0.112,-0.343,1.0,0.612,0.502,0.68,0.828,0.864,-0.267,0.131,0.929,-0.011,-0.076,-0.133,-0.452,-0.375,0.852,-0.669,0.028,0.432,0.507,0.026,0.337,0.507,0.505,0.835,-0.298,0.333,0.457,-0.732,-0.369,0.069,-0.45,0.029,-0.666,0.213,-0.528,0.275,-0.343,0.893,0.054,-0.347,0.473,0.239,0.703,0.523,0.37,-0.281,0.825,0.324,0.586,0.106,-0.254,-0.183,0.048,0.893,0.861,0.457,0.752,-0.732,0.378,0.396,-0.211,-0.719,0.768,0.811,0.802,0.382,-0.522,0.317,0.631,-0.674,-0.381,-0.066,-0.681,0.408,0.386,-0.611,0.057,-0.58,-0.212,0.38,-0.213,0.709,0.292,0.796,0.544,-0.507,-0.823,-0.705,-0.335,-0.49,-0.32,0.88,0.771,0.869,-0.281,0.007,0.885,0.705,0.255,-0.058,0.844,-0.415,-0.74,0.209,0.435,0.01,0.873,-0.69,0.565,-0.466,0.34,-0.297,0.515,0.018,-0.622,-0.224,0.446,0.926,-0.155,0.819,0.891,0.548,-0.347,0.846,0.071,-0.014,-0.654,0.228,-0.434,-0.416,0.438,0.877,0.86,0.249,0.928,0.671,0.578,0.578,-0.601,-0.566,-0.04,0.842,-0.25,0.94,-0.49,-0.187,-0.441,-0.458,0.384,-0.754,-0.065,-0.685,0.363,-0.336,-0.448,0.136,-0.663,0.898,-0.708,-0.249,0.613,0.414,0.681,0.685,0.364,0.43,0.164,0.942,0.651,0.639,-0.393,-0.617,-0.702,0.63,0.643,0.493,0.793,-0.124,0.06,-0.486,0.441,-0.414,0.9,-0.598,0.752,-0.547,-0.742,-0.41,-0.697,-0.339,0.124,-0.571,-0.442,0.652,0.881,-0.724,0.79,-0.521,0.24,0.346,0.351,0.337,-0.294,0.303,-0.335,0.544,0.009
000651SZ,-0.41,-0.316,0.752,0.054,0.783,0.729,0.081,0.463,0.406,-0.163,0.612,1.0,0.232,0.589,0.431,0.459,-0.146,0.462,0.628,0.285,0.402,-0.001,0.002,-0.084,0.69,-0.171,0.13,0.663,0.671,0.345,0.035,0.639,0.553,0.597,0.09,0.161,0.138,-0.168,0.202,0.421,0.125,0.042,-0.208,0.518,-0.288,0.024,-0.231,0.596,0.305,0.084,0.43,0.543,0.687,0.346,0.484,0.004,0.625,0.135,0.374,0.0,0.089,0.052,0.217,0.576,0.647,0.517,0.694,-0.438,0.535,0.305,0.242,-0.391,0.462,0.63,0.558,0.257,-0.254,0.506,0.645,-0.37,0.152,-0.181,-0.522,0.006,-0.134,-0.474,-0.168,-0.4,-0.201,0.05,-0.304,0.498,-0.002,0.524,0.705,-0.228,-0.226,-0.467,-0.231,-0.177,-0.019,0.718,0.376,0.485,0.184,-0.082,0.434,0.627,0.233,0.108,0.514,0.209,-0.446,0.42,0.31,-0.051,0.562,-0.295,0.556,0.052,0.514,-0.42,0.713,0.201,-0.197,-0.017,0.673,0.669,0.103,0.699,0.581,0.175,-0.166,0.414,0.159,0.178,-0.38,0.574,-0.429,-0.24,0.627,0.559,0.755,0.129,0.589,0.635,0.318,0.598,-0.272,-0.553,-0.192,0.406,-0.401,0.506,-0.433,-0.085,-0.342,-0.459,0.132,-0.399,-0.23,-0.597,0.204,-0.334,-0.405,0.008,-0.383,0.692,-0.536,-0.166,0.347,0.269,0.618,0.543,0.073,0.089,0.244,0.61,0.424,0.132,-0.457,-0.576,-0.483,0.211,0.697,0.331,0.783,-0.047,0.083,-0.064,0.634,-0.284,0.386,-0.571,0.417,-0.46,-0.715,-0.101,-0.153,0.006,0.255,-0.169,0.091,0.403,0.476,-0.35,0.709,-0.029,0.437,0.349,0.132,-0.096,0.176,0.198,-0.03,0.141,0.01
000661SZ,0.193,-0.079,0.349,0.672,0.119,0.495,0.307,0.217,0.151,0.393,0.502,0.232,1.0,0.382,0.566,0.385,0.462,0.118,0.537,0.455,0.293,0.34,0.054,-0.146,0.445,-0.288,-0.084,0.307,0.267,0.285,0.359,0.136,0.208,0.303,-0.211,0.332,0.61,-0.191,0.042,0.236,-0.244,0.358,-0.304,-0.104,0.255,0.432,0.456,0.367,0.546,-0.198,0.702,0.527,0.555,0.752,0.117,0.085,0.372,0.542,-0.046,0.606,-0.039,0.51,0.395,0.538,0.447,0.203,0.358,0.059,0.221,0.349,-0.065,-0.033,0.496,0.397,0.249,0.401,0.197,0.299,0.558,0.022,-0.116,0.227,0.002,0.595,0.043,-0.067,0.194,0.009,0.297,-0.216,-0.399,0.539,0.307,0.602,0.507,0.14,-0.418,-0.082,0.328,-0.136,-0.092,0.42,0.582,0.579,-0.458,0.424,0.503,0.45,0.391,0.297,0.664,-0.103,-0.131,0.623,0.68,-0.14,0.473,-0.029,0.669,0.117,0.117,-0.053,0.517,-0.014,0.142,-0.058,0.373,0.44,-0.565,0.267,0.358,0.113,0.399,0.517,-0.508,0.412,-0.081,0.52,-0.165,0.153,0.33,0.52,0.213,0.668,0.53,0.352,0.781,0.236,-0.004,-0.057,0.429,0.577,0.191,0.578,0.005,0.387,0.157,-0.008,0.522,-0.187,0.293,-0.146,0.583,0.076,-0.015,0.363,-0.019,0.466,-0.236,0.155,0.695,0.732,0.254,0.04,0.648,0.493,0.605,0.459,0.552,0.605,0.081,-0.085,-0.128,0.343,0.194,0.539,0.335,0.5,0.653,0.143,0.606,0.336,0.604,-0.11,0.145,-0.002,-0.122,0.024,-0.185,0.209,0.383,0.057,0.023,0.409,0.495,-0.035,0.228,0.065,0.269,0.759,0.545,0.361,0.044,-0.035,-0.456,0.191,0.458
000708SZ,-0.191,-0.085,0.436,0.311,0.425,0.782,0.217,-0.015,-0.149,-0.193,0.68,0.589,0.382,1.0,0.656,0.735,-0.003,0.469,0.613,0.362,-0.012,-0.037,-0.051,-0.714,0.58,-0.494,0.592,0.541,0.447,-0.152,0.579,0.096,0.15,0.611,-0.587,-0.206,0.366,-0.226,-0.377,-0.017,0.001,-0.317,-0.322,-0.0,-0.328,0.199,0.016,0.569,0.374,-0.233,0.161,0.335,0.582,0.278,0.017,-0.283,0.364,0.236,0.752,0.044,-0.525,-0.128,-0.152,0.484,0.516,-0.014,0.656,-0.438,0.01,-0.058,-0.385,-0.567,0.538,0.529,0.599,-0.044,-0.322,-0.05,0.321,-0.4,-0.266,0.165,-0.257,0.419,0.378,-0.096,0.46,-0.0,0.31,0.332,0.103,0.495,0.643,0.541,0.241,-0.111,-0.337,-0.306,0.128,0.011,0.019,0.569,0.636,0.735,-0.139,0.044,0.75,0.373,0.633,0.402,0.558,-0.388,-0.179,0.275,0.673,0.486,0.478,-0.286,0.673,-0.323,0.013,0.19,0.311,-0.43,-0.279,-0.607,0.357,0.677,0.007,0.637,0.636,0.391,-0.29,0.604,0.164,-0.023,-0.213,0.314,0.12,0.043,0.325,0.486,0.631,0.439,0.827,0.202,0.671,0.204,-0.329,-0.069,0.356,0.79,0.208,0.64,-0.003,0.186,0.074,0.048,0.574,-0.635,0.413,-0.253,0.527,0.138,0.137,0.586,-0.219,0.494,-0.265,0.349,0.657,0.283,0.252,0.337,0.535,0.724,0.101,0.655,0.675,0.689,0.058,-0.132,-0.187,0.772,0.311,0.484,0.545,0.14,-0.003,-0.501,0.297,-0.141,0.642,-0.102,0.716,-0.026,-0.353,-0.471,-0.481,-0.239,0.053,-0.491,-0.455,0.199,0.779,-0.392,0.587,0.041,0.058,0.429,0.311,0.587,-0.36,-0.179,-0.549,0.7,0.353
000725SZ,-0.392,-0.491,0.584,0.382,0.334,0.817,-0.019,0.014,-0.08,-0.128,0.828,0.431,0.566,0.656,1.0,0.728,0.051,0.233,0.862,0.236,0.015,0.141,-0.3,-0.338,0.75,-0.675,0.052,0.437,0.449,0.156,0.522,0.286,0.271,0.604,-0.255,0.313,0.589,-0.58,-0.325,0.033,-0.427,-0.009,-0.616,-0.093,-0.307,0.535,-0.175,0.744,0.208,-0.294,0.496,0.151,0.616,0.387,0.178,-0.039,0.669,0.523,0.489,0.072,-0.224,-0.022,-0.029,0.73,0.649,0.34,0.519,-0.515,0.329,0.451,-0.164,-0.482,0.791,0.573,0.675,0.453,-0.275,0.218,0.509,-0.436,-0.363,0.201,-0.433,0.57,0.299,-0.425,0.154,-0.32,0.017,0.148,-0.282,0.837,0.452,0.846,0.453,-0.389,-0.658,-0.465,-0.088,-0.454,-0.235,0.792,0.792,0.872,-0.408,0.303,0.899,0.541,0.499,0.102,0.754,-0.374,-0.54,0.36,0.604,-0.033,0.706,-0.476,0.676,-0.366,0.107,-0.131,0.446,-0.127,-0.463,-0.247,0.331,0.777,-0.379,0.664,0.686,0.337,-0.124,0.764,-0.173,0.126,-0.445,0.26,-0.248,-0.181,0.204,0.841,0.669,0.527,0.879,0.534,0.663,0.493,-0.441,-0.329,0.201,0.876,-0.007,0.896,-0.316,0.059,-0.167,-0.295,0.595,-0.556,0.119,-0.524,0.617,-0.067,-0.223,0.328,-0.438,0.747,-0.509,-0.125,0.604,0.641,0.468,0.382,0.591,0.495,0.388,0.885,0.617,0.758,-0.152,-0.441,-0.517,0.59,0.387,0.71,0.611,0.174,0.252,-0.383,0.413,-0.088,0.82,-0.421,0.68,-0.321,-0.557,-0.245,-0.581,-0.151,0.077,-0.481,-0.367,0.695,0.776,-0.544,0.547,-0.305,0.27,0.492,0.601,0.499,-0.22,0.149,-0.437,0.555,0.247
000768SZ,-0.563,-0.623,0.665,0.331,0.608,0.865,-0.197,-0.333,-0.393,-0.406,0.864,0.459,0.385,0.735,0.728,1.0,-0.357,-0.078,0.775,-0.135,-0.337,-0.287,-0.517,-0.602,0.756,-0.539,0.29,0.296,0.437,-0.266,0.399,0.381,0.519,0.903,-0.526,0.097,0.301,-0.757,-0.626,-0.224,-0.364,-0.096,-0.513,0.191,-0.66,0.075,-0.334,0.892,0.004,-0.333,0.133,0.156,0.626,0.467,0.322,-0.497,0.677,0.141,0.75,0.206,-0.416,-0.279,-0.051,0.727,0.806,0.319,0.836,-0.791,0.212,0.091,-0.461,-0.811,0.575,0.826,0.891,0.212,-0.62,0.018,0.516,-0.789,-0.467,-0.268,-0.618,0.279,0.586,-0.411,0.294,-0.461,-0.151,0.536,0.091,0.48,0.394,0.561,0.357,-0.5,-0.787,-0.702,-0.22,-0.217,-0.287,0.686,0.657,0.744,-0.17,-0.203,0.857,0.585,0.19,-0.173,0.764,-0.591,-0.544,-0.001,0.379,0.267,0.797,-0.744,0.442,-0.624,0.315,-0.152,0.292,-0.046,-0.644,-0.377,0.266,0.902,0.052,0.683,0.955,0.623,-0.593,0.883,0.294,-0.31,-0.654,-0.026,-0.237,-0.348,0.426,0.648,0.808,0.248,0.893,0.539,0.645,0.447,-0.593,-0.425,-0.006,0.791,-0.107,0.743,-0.381,-0.261,-0.358,-0.27,0.29,-0.86,0.089,-0.546,0.245,-0.317,-0.171,0.216,-0.669,0.743,-0.673,-0.049,0.591,0.262,0.6,0.634,0.281,0.59,-0.068,0.828,0.709,0.614,-0.323,-0.425,-0.638,0.689,0.579,0.282,0.708,-0.224,-0.021,-0.716,0.188,-0.482,0.75,-0.439,0.864,-0.416,-0.574,-0.527,-0.807,-0.581,0.138,-0.768,-0.666,0.337,0.976,-0.739,0.805,-0.526,-0.029,0.162,0.122,0.523,-0.453,0.333,-0.439,0.591,-0.086
000776SZ,0.772,0.62,-0.238,0.618,-0.587,-0.142,0.845,0.522,0.502,0.815,-0.267,-0.146,0.462,-0.003,0.051,-0.357,1.0,0.374,-0.105,0.791,0.621,0.72,0.776,0.192,-0.234,0.192,-0.004,0.276,0.137,0.473,0.427,-0.337,-0.437,-0.401,0.151,0.044,0.579,0.587,0.519,0.413,0.345,0.143,0.243,-0.518,0.866,0.641,0.848,-0.386,0.639,0.356,0.465,0.3,-0.123,0.068,-0.327,0.69,-0.288,0.681,-0.423,0.236,0.171,0.781,0.206,-0.229,-0.41,-0.196,-0.397,0.784,0.017,0.137,0.301,0.717,0.155,-0.457,-0.429,0.268,0.86,0.093,-0.04,0.79,0.413,0.663,0.752,0.453,-0.453,0.598,0.188,0.726,0.721,-0.711,-0.216,0.296,0.347,0.165,0.046,0.758,0.373,0.73,0.824,0.278,0.5,-0.093,0.1,0.043,-0.151,0.773,-0.162,-0.185,0.59,0.61,-0.014,0.382,0.604,0.502,0.612,-0.175,-0.321,0.735,0.339,0.656,-0.386,0.356,0.242,-0.187,0.682,0.13,0.23,-0.326,-0.472,-0.131,-0.476,-0.436,0.86,-0.244,-0.683,0.77,0.72,0.594,0.347,0.831,-0.156,-0.089,-0.43,0.781,-0.128,-0.313,0.295,-0.104,0.654,0.578,0.702,0.033,0.59,-0.077,0.578,0.894,0.78,0.471,0.589,0.628,0.473,0.514,0.57,0.692,0.484,0.484,0.768,-0.255,0.579,0.528,0.233,0.662,-0.364,-0.732,0.647,0.232,0.798,-0.228,0.128,0.258,0.662,0.479,0.589,-0.088,-0.488,0.581,-0.331,0.971,0.743,0.626,0.394,0.958,-0.083,0.483,-0.441,0.649,0.442,0.596,0.539,0.778,0.176,0.685,0.528,0.018,-0.239,0.701,-0.534,0.728,0.35,0.717,0.646,0.158,0.429,-0.5,-0.196,-0.156,0.809
000786SZ,0.123,0.365,0.083,-0.019,0.063,0.261,0.473,0.591,0.493,0.133,0.131,0.462,0.118,0.469,0.233,-0.078,0.374,1.0,0.19,0.646,0.577,0.36,0.526,-0.053,0.137,-0.169,0.255,0.655,0.425,0.364,0.392,0.012,-0.157,-0.025,0.066,-0.166,0.237,0.458,0.38,0.517,0.373,-0.294,0.043,-0.011,0.272,0.346,0.261,-0.031,0.399,0.175,0.305,0.384,0.227,-0.074,-0.109,0.388,0.039,0.329,0.15,-0.243,-0.056,0.186,-0.036,0.075,-0.03,-0.068,0.048,0.174,0.1,0.092,0.28,0.099,0.329,-0.08,-0.021,-0.02,0.287,0.208,0.106,0.307,0.301,0.514,0.126,0.229,-0.33,0.049,0.016,0.273,0.368,-0.237,-0.156,0.421,0.287,0.318,0.216,0.247,0.317,0.214,0.193,0.013,0.375,0.299,0.241,0.241,0.206,0.325,0.136,0.065,0.62,0.576,0.054,0.332,0.098,0.425,0.487,0.064,-0.057,0.352,0.482,0.384,-0.136,0.17,0.386,-0.364,0.215,-0.186,0.488,0.097,-0.099,0.367,-0.099,-0.196,0.281,-0.08,-0.18,0.494,0.306,0.62,0.134,0.282,0.086,0.181,0.196,0.342,0.22,-0.046,0.11,0.109,0.125,0.101,0.319,0.215,0.131,0.224,0.166,0.454,0.276,0.065,0.461,0.103,0.192,-0.009,0.433,0.355,0.073,0.395,0.281,0.101,0.207,0.259,0.201,0.235,-0.036,-0.085,0.338,0.121,0.405,0.168,0.123,0.213,0.189,-0.004,0.202,0.178,0.014,0.521,0.207,0.457,0.088,0.221,0.369,0.259,0.137,0.052,0.051,0.159,-0.171,0.086,0.298,0.476,-0.039,0.222,0.262,0.191,0.019,0.183,0.053,0.561,0.352,0.411,0.384,0.031,0.198,-0.435,-0.087,0.211,0.555
000800SZ,-0.587,-0.672,0.792,0.299,0.582,0.904,-0.09,0.151,0.068,-0.171,0.929,0.628,0.537,0.613,0.862,0.775,-0.105,0.19,1.0,0.121,0.13,0.028,-0.363,-0.226,0.916,-0.576,-0.057,0.527,0.639,0.3,0.37,0.602,0.519,0.737,-0.102,0.48,0.533,-0.653,-0.22,0.221,-0.393,0.163,-0.622,0.182,-0.401,0.436,-0.296,0.88,0.135,-0.144,0.589,0.278,0.705,0.529,0.406,-0.05,0.875,0.471,0.45,0.089,-0.047,-0.013,0.116,0.923,0.81,0.596,0.695,-0.635,0.559,0.596,0.008,-0.538,0.858,0.785,0.787,0.556,-0.345,0.451,0.714,-0.543,-0.253,0.014,-0.646,0.479,0.175,-0.625,-0.093,-0.545,-0.221,0.121,-0.384,0.831,0.222,0.852,0.686,-0.507,-0.748,-0.648,-0.243,-0.497,-0.299,0.945,0.826,0.839,-0.22,0.23,0.878,0.744,0.328,-0.028,0.895,-0.247,-0.679,0.358,0.487,-0.192,0.91,-0.568,0.662,-0.313,0.372,-0.41,0.663,0.12,-0.531,-0.065,0.497,0.908,-0.301,0.824,0.816,0.367,-0.176,0.823,-0.122,0.079,-0.622,0.359,-0.492,-0.334,0.471,0.918,0.844,0.365,0.897,0.767,0.574,0.716,-0.568,-0.595,-0.031,0.846,-0.319,0.94,-0.568,-0.129,-0.412,-0.553,0.407,-0.592,-0.13,-0.741,0.469,-0.32,-0.489,0.133,-0.617,0.918,-0.722,-0.276,0.581,0.561,0.745,0.554,0.413,0.368,0.366,0.951,0.68,0.601,-0.388,-0.682,-0.738,0.451,0.66,0.607,0.818,0.02,0.259,-0.326,0.511,-0.251,0.846,-0.68,0.683,-0.574,-0.789,-0.181,-0.559,-0.15,0.215,-0.463,-0.239,0.789,0.81,-0.637,0.753,-0.399,0.442,0.458,0.509,0.248,-0.092,0.357,-0.282,0.377,0.096
000807SZ,0.545,0.531,0.074,0.507,-0.193,0.184,0.792,0.653,0.566,0.623,-0.011,0.285,0.455,0.362,0.236,-0.135,0.791,0.646,0.121,1.0,0.717,0.595,0.7,0.015,0.077,0.052,0.211,0.541,0.353,0.497,0.426,-0.128,-0.225,-0.172,0.085,-0.047,0.454,0.524,0.495,0.448,0.394,0.032,0.201,-0.249,0.61,0.475,0.658,-0.143,0.751,0.223,0.502,0.511,0.225,0.144,-0.138,0.524,-0.086,0.53,-0.133,0.11,0.075,0.628,0.211,-0.02,-0.118,-0.063,-0.036,0.499,0.133,0.148,0.291,0.412,0.256,-0.167,-0.174,0.169,0.607,0.21,0.174,0.53,0.384,0.544,0.453,0.395,-0.437,0.358,0.189,0.558,0.645,-0.56,-0.323,0.426,0.377,0.334,0.272,0.556,0.33,0.433,0.657,0.207,0.415,0.166,0.231,0.207,-0.048,0.579,0.065,0.035,0.747,0.718,0.155,0.375,0.401,0.685,0.733,-0.051,-0.115,0.588,0.619,0.603,-0.178,0.228,0.472,-0.225,0.537,-0.048,0.448,-0.028,-0.378,0.135,-0.208,-0.359,0.651,-0.078,-0.543,0.702,0.476,0.768,0.241,0.608,0.096,0.099,-0.067,0.704,0.157,-0.1,0.427,0.04,0.425,0.341,0.589,0.21,0.405,0.115,0.383,0.77,0.603,0.281,0.597,0.329,0.431,0.227,0.729,0.518,0.349,0.545,0.552,0.009,0.311,0.49,0.382,0.612,-0.17,-0.394,0.608,0.313,0.725,0.038,0.275,0.311,0.46,0.231,0.385,0.087,-0.169,0.613,0.025,0.817,0.566,0.465,0.602,0.694,0.074,0.249,-0.169,0.421,0.11,0.348,0.399,0.643,0.163,0.481,0.449,0.123,-0.004,0.455,-0.168,0.746,0.415,0.795,0.582,0.18,0.387,-0.467,-0.26,-0.018,0.777
000858SZ,0.28,0.263,0.254,0.243,-0.022,0.106,0.632,0.974,0.952,0.644,-0.076,0.402,0.293,-0.012,0.015,-0.337,0.621,0.577,0.13,0.717,1.0,0.569,0.682,0.53,0.134,0.332,-0.241,0.628,0.567,0.859,0.035,0.342,0.116,-0.198,0.611,0.311,0.317,0.541,0.872,0.83,0.535,0.348,0.292,0.188,0.619,0.398,0.441,-0.114,0.54,0.559,0.688,0.601,0.218,0.238,0.233,0.788,0.169,0.506,-0.458,0.133,0.6,0.738,0.538,0.103,-0.018,0.38,-0.024,0.484,0.585,0.464,0.809,0.572,0.259,-0.058,-0.194,0.471,0.695,0.697,0.436,0.576,0.708,0.274,0.194,0.072,-0.839,0.017,-0.435,0.183,0.141,-0.788,-0.604,0.415,-0.199,0.295,0.58,0.402,0.351,0.311,0.335,0.096,0.387,0.241,0.028,-0.013,0.311,0.538,-0.203,0.257,0.309,0.387,0.127,0.808,0.189,0.672,0.334,-0.556,-0.001,0.537,0.407,0.846,0.234,-0.315,0.742,0.273,0.518,0.481,0.695,-0.018,-0.357,0.221,-0.251,-0.526,0.718,-0.207,-0.559,0.775,0.285,0.829,-0.279,0.336,0.375,0.139,0.026,0.407,-0.065,0.224,0.073,0.416,0.386,-0.09,0.081,-0.1,-0.153,0.016,-0.037,0.466,0.188,-0.195,0.185,0.535,-0.16,-0.086,0.296,0.094,-0.125,0.019,0.349,0.166,0.079,0.009,0.091,0.499,0.183,-0.241,0.183,-0.243,0.738,-0.007,0.033,-0.167,0.033,-0.176,0.094,-0.419,0.155,0.467,0.209,0.591,0.619,0.791,0.679,0.532,-0.136,-0.159,-0.425,0.006,-0.187,0.697,0.684,0.838,0.386,0.717,0.861,0.323,-0.236,0.478,-0.046,0.634,0.74,0.594,0.465,-0.421,0.822,-0.087,0.159,-0.5,0.495
000876SZ,0.47,0.357,-0.004,0.506,-0.394,-0.044,0.585,0.511,0.503,0.711,-0.133,-0.001,0.34,-0.037,0.141,-0.287,0.72,0.36,0.028,0.595,0.569,1.0,0.527,0.353,-0.09,0.205,-0.321,0.344,0.133,0.608,0.18,-0.063,-0.162,-0.269,0.306,0.292,0.485,0.427,0.529,0.57,0.224,0.318,0.273,-0.223,0.681,0.508,0.561,-0.21,0.344,0.383,0.49,0.317,-0.009,0.142,0.13,0.63,-0.054,0.583,-0.31,0.244,0.391,0.721,0.378,-0.093,-0.158,0.14,-0.249,0.538,0.224,0.241,0.394,0.622,0.231,-0.24,-0.131,0.435,0.624,0.291,0.117,0.63,0.483,0.474,0.438,0.277,-0.442,0.341,-0.009,0.404,0.434,-0.583,-0.244,0.394,0.108,0.348,0.248,0.537,0.354,0.546,0.579,-0.007,0.405,0.036,0.054,0.171,-0.041,0.696,-0.06,0.13,0.532,0.274,0.012,0.461,0.362,0.34,0.447,-0.349,-0.103,0.437,0.167,0.498,-0.048,0.109,0.373,0.027,0.591,0.341,0.27,-0.178,-0.421,-0.021,-0.317,-0.225,0.704,-0.025,-0.567,0.661,0.481,0.419,0.089,0.58,0.076,0.16,-0.232,0.607,-0.107,-0.06,0.255,0.143,0.587,0.268,0.511,0.022,0.277,0.028,0.265,0.582,0.471,0.147,0.366,0.493,0.275,0.211,0.54,0.352,0.116,0.399,0.446,-0.026,0.306,0.256,0.313,0.591,-0.093,-0.429,0.446,0.094,0.693,-0.115,0.236,0.144,0.402,0.196,0.335,-0.145,-0.171,0.541,-0.116,0.739,0.634,0.599,0.482,0.699,-0.009,0.152,-0.274,0.293,0.188,0.626,0.46,0.726,0.44,0.557,0.519,0.216,-0.222,0.37,-0.274,0.462,0.384,0.561,0.477,0.107,0.476,-0.092,0.07,-0.149,0.608
000895SZ,0.718,0.755,-0.302,0.269,-0.453,-0.266,0.838,0.636,0.63,0.605,-0.452,0.002,0.054,-0.051,-0.3,-0.517,0.776,0.526,-0.363,0.7,0.682,0.527,1.0,0.228,-0.411,0.392,0.168,0.304,0.202,0.373,0.277,-0.296,-0.407,-0.434,0.246,-0.282,0.214,0.831,0.682,0.504,0.712,-0.127,0.513,-0.228,0.785,0.318,0.736,-0.563,0.504,0.496,0.234,0.294,-0.217,-0.167,-0.273,0.652,-0.415,0.375,-0.347,-0.002,0.156,0.589,0.133,-0.46,-0.531,-0.27,-0.378,0.776,-0.043,-0.155,0.402,0.677,-0.129,-0.542,-0.526,-0.011,0.809,0.056,-0.149,0.79,0.648,0.458,0.739,0.031,-0.598,0.635,0.08,0.741,0.602,-0.594,0.004,0.031,0.187,-0.13,-0.055,0.832,0.651,0.742,0.674,0.442,0.751,-0.245,-0.237,-0.255,0.284,0.407,-0.47,-0.33,0.413,0.601,-0.318,0.59,0.693,0.291,0.344,-0.032,-0.547,0.826,0.112,0.792,-0.301,0.322,0.19,-0.196,0.691,0.108,0.346,-0.448,-0.041,-0.103,-0.595,-0.491,0.678,-0.536,-0.336,0.719,0.794,0.588,0.376,0.769,-0.075,-0.373,-0.406,0.444,-0.345,-0.451,-0.058,-0.166,0.734,0.556,0.464,-0.292,0.445,-0.379,0.611,0.795,0.71,0.476,0.345,0.673,0.326,0.569,0.226,0.628,0.498,0.298,0.827,-0.405,0.689,0.531,-0.067,0.265,-0.418,-0.677,0.292,-0.025,0.515,-0.446,-0.134,-0.109,0.564,0.496,0.683,-0.244,-0.444,0.315,-0.319,0.75,0.411,0.655,0.274,0.759,-0.425,0.518,-0.53,0.649,0.412,0.55,0.756,0.756,0.069,0.776,0.626,-0.287,-0.418,0.804,-0.508,0.848,0.256,0.402,0.288,-0.128,0.508,-0.585,-0.011,-0.285,0.625
000938SZ,0.068,-0.039,0.006,-0.143,-0.109,-0.35,0.041,0.561,0.663,0.442,-0.375,-0.084,-0.146,-0.714,-0.338,-0.602,0.192,-0.053,-0.226,0.015,0.53,0.353,0.228,1.0,-0.206,0.532,-0.776,0.056,0.088,0.658,-0.524,0.359,0.204,-0.343,0.907,0.566,-0.046,0.293,0.767,0.535,0.218,0.535,0.325,0.306,0.474,0.126,0.069,-0.264,-0.121,0.552,0.365,0.189,-0.182,0.029,0.378,0.673,0.067,0.163,-0.758,0.126,0.879,0.487,0.563,-0.113,-0.157,0.482,-0.355,0.387,0.533,0.436,0.83,0.632,-0.075,-0.249,-0.354,0.519,0.51,0.621,0.187,0.467,0.641,-0.108,0.06,-0.292,-0.743,-0.127,-0.703,-0.162,-0.381,-0.618,-0.49,0.003,-0.717,-0.061,0.32,0.138,0.31,0.258,-0.133,-0.101,0.18,-0.106,-0.389,-0.396,0.345,0.264,-0.576,0.128,-0.328,-0.322,-0.241,0.78,-0.027,0.104,-0.349,-0.835,-0.147,0.243,-0.346,0.582,0.372,-0.496,0.298,0.682,0.361,0.911,0.261,-0.331,-0.14,-0.197,-0.428,-0.455,0.473,-0.362,-0.343,0.413,0.135,0.182,-0.495,-0.006,0.111,-0.053,-0.225,-0.147,-0.544,0.222,-0.404,0.345,0.411,-0.25,-0.371,-0.595,-0.436,-0.325,-0.234,-0.086,-0.205,-0.366,-0.427,0.676,-0.561,-0.084,-0.288,-0.299,-0.43,-0.492,0.113,-0.049,0.026,-0.46,-0.328,0.102,0.181,-0.106,-0.393,-0.765,0.316,-0.335,-0.357,-0.636,-0.268,-0.251,-0.05,-0.795,0.094,-0.044,-0.084,0.087,0.351,0.773,0.291,0.216,-0.436,-0.257,-0.699,-0.223,-0.079,0.79,0.65,0.6,0.325,0.668,0.786,0.216,-0.63,0.386,-0.271,0.092,0.487,-0.019,-0.01,-0.708,0.747,0.373,0.734,-0.806,-0.161
000963SZ,-0.657,-0.698,0.888,0.221,0.691,0.876,-0.139,0.154,0.107,-0.21,0.852,0.69,0.445,0.58,0.75,0.756,-0.234,0.137,0.916,0.077,0.134,-0.09,-0.411,-0.206,1.0,-0.393,-0.011,0.496,0.655,0.288,0.164,0.698,0.644,0.747,-0.048,0.451,0.315,-0.625,-0.179,0.181,-0.284,0.216,-0.483,0.378,-0.495,0.215,-0.396,0.885,0.168,-0.089,0.467,0.374,0.784,0.547,0.537,-0.135,0.87,0.261,0.457,0.111,0.042,-0.038,0.189,0.914,0.848,0.671,0.776,-0.68,0.627,0.538,0.062,-0.572,0.7,0.862,0.817,0.491,-0.435,0.51,0.764,-0.611,-0.203,-0.182,-0.749,0.277,0.138,-0.681,-0.188,-0.621,-0.359,0.13,-0.375,0.673,0.065,0.725,0.746,-0.585,-0.691,-0.724,-0.33,-0.345,-0.347,0.895,0.684,0.7,-0.076,0.05,0.8,0.804,0.213,-0.09,0.854,-0.146,-0.654,0.42,0.367,-0.175,0.916,-0.596,0.654,-0.279,0.531,-0.55,0.661,0.253,-0.508,-0.017,0.501,0.92,-0.16,0.767,0.843,0.37,-0.278,0.775,0.019,-0.049,-0.721,0.358,-0.553,-0.435,0.599,0.825,0.874,0.237,0.839,0.833,0.526,0.74,-0.616,-0.7,-0.221,0.719,-0.475,0.808,-0.69,-0.302,-0.546,-0.649,0.181,-0.627,-0.266,-0.824,0.345,-0.49,-0.522,0.009,-0.713,0.901,-0.829,-0.356,0.495,0.439,0.797,0.663,0.209,0.249,0.271,0.886,0.606,0.403,-0.544,-0.754,-0.805,0.334,0.784,0.409,0.865,-0.129,0.187,-0.326,0.492,-0.385,0.726,-0.774,0.675,-0.685,-0.835,-0.194,-0.516,-0.223,0.277,-0.494,-0.179,0.703,0.772,-0.658,0.85,-0.391,0.425,0.336,0.316,0.108,-0.014,0.459,-0.202,0.238,-0.034
000999SZ,0.357,0.352,-0.121,0.095,-0.217,-0.47,0.346,0.301,0.424,0.525,-0.669,-0.171,-0.288,-0.494,-0.675,-0.539,0.192,-0.169,-0.576,0.052,0.332,0.205,0.392,0.532,-0.393,1.0,-0.189,-0.079,0.009,0.257,-0.52,0.092,0.096,-0.362,0.501,0.047,-0.301,0.582,0.566,0.243,0.635,0.366,0.764,0.314,0.431,-0.279,0.287,-0.438,0.111,0.686,-0.152,0.305,-0.271,-0.028,0.244,0.357,-0.318,-0.158,-0.493,0.288,0.626,0.481,0.455,-0.481,-0.341,0.129,-0.235,0.507,0.201,-0.142,0.486,0.63,-0.485,-0.291,-0.371,0.089,0.459,0.203,-0.038,0.482,0.65,-0.287,0.336,-0.531,-0.508,0.372,-0.265,0.261,-0.059,-0.467,0.033,-0.481,-0.487,-0.5,0.031,0.42,0.599,0.491,0.285,0.605,0.373,-0.476,-0.684,-0.616,0.57,-0.008,-0.747,-0.062,-0.269,-0.17,-0.43,0.686,0.576,0.008,-0.318,-0.265,-0.392,0.408,-0.397,0.554,0.295,-0.14,0.009,0.516,0.626,0.594,0.052,-0.475,0.271,-0.416,-0.466,-0.349,0.278,-0.448,0.05,0.084,0.347,0.045,-0.008,0.316,0.224,-0.549,-0.409,-0.119,-0.669,-0.15,-0.255,0.001,0.583,0.107,-0.18,-0.724,-0.115,-0.728,0.096,-0.003,0.123,0.083,-0.541,0.61,-0.169,0.289,-0.406,-0.093,0.17,-0.211,0.317,-0.406,0.25,0.097,-0.288,-0.167,-0.086,-0.265,-0.449,-0.42,0.028,-0.668,-0.235,-0.728,-0.002,0.208,0.296,-0.686,-0.049,-0.392,-0.279,0.073,0.276,0.588,0.024,0.258,-0.737,0.139,-0.64,0.163,0.327,0.66,0.698,0.381,0.422,0.575,0.647,-0.421,-0.6,0.546,-0.279,0.396,0.114,-0.135,-0.376,-0.464,0.61,0.199,0.531,-0.76,-0.09
001965SZ,0.156,0.375,-0.105,0.094,0.037,0.173,0.232,-0.282,-0.35,-0.27,0.028,0.13,-0.084,0.592,0.052,0.29,-0.004,0.255,-0.057,0.211,-0.241,-0.321,0.168,-0.776,-0.011,-0.189,1.0,0.027,0.011,-0.5,0.432,-0.416,-0.299,0.102,-0.666,-0.759,-0.144,0.125,-0.413,-0.447,0.209,-0.62,0.007,-0.246,-0.251,-0.197,0.076,-0.012,0.326,-0.26,-0.451,-0.06,0.079,-0.272,-0.446,-0.427,-0.293,-0.232,0.576,-0.292,-0.719,-0.339,-0.556,-0.209,-0.131,-0.563,0.202,-0.104,-0.49,-0.55,-0.544,-0.365,-0.161,-0.022,0.11,-0.613,-0.215,-0.578,-0.302,-0.206,-0.306,0.073,0.183,0.025,0.387,0.351,0.673,0.425,0.468,0.373,0.474,-0.177,0.622,-0.231,-0.347,0.121,0.111,-0.001,0.286,0.412,0.078,-0.071,0.084,0.05,-0.02,-0.289,0.2,-0.337,0.326,0.434,-0.03,-0.407,0.315,0.001,0.278,0.846,-0.179,0.124,0.321,-0.213,-0.407,0.499,-0.29,-0.634,-0.07,-0.798,-0.173,0.068,0.318,0.062,0.121,0.08,-0.332,-0.035,0.337,-0.263,0.158,0.021,0.614,0.235,-0.164,-0.277,0.067,0.139,0.257,-0.401,0.226,-0.403,-0.131,0.389,0.346,0.247,0.46,-0.036,0.408,0.247,0.383,0.509,0.324,-0.362,0.532,0.283,0.177,0.423,0.603,0.43,0.193,-0.187,0.224,0.6,0.058,-0.201,-0.352,-0.092,0.227,0.546,-0.219,0.037,0.135,0.32,0.313,0.404,0.291,0.524,-0.227,-0.048,-0.053,0.057,-0.33,-0.521,-0.256,-0.038,0.036,0.435,0.387,0.442,0.214,-0.531,-0.271,-0.369,-0.389,-0.371,-0.449,-0.445,0.337,-0.036,0.06,0.313,-0.4,-0.009,-0.07,0.475,-0.447,-0.517,-0.604,0.501,0.217
