,000001SZ,000002SZ,000157SZ,000166SZ,000333SZ,000338SZ,000538SZ,000568SZ,000596SZ,000617SZ,000625SZ,000651SZ,000661SZ,000708SZ,000725SZ,000768SZ,000776SZ,000786SZ,000800SZ,000807SZ,000858SZ,000876SZ,000895SZ,000938SZ,000963SZ,000999SZ,001965SZ,002001SZ,002007SZ,002027SZ,002028SZ,002050SZ,002129SZ,002179SZ,002230SZ,002236SZ,002241SZ,002271SZ,002304SZ,002311SZ,002371SZ,002415SZ,002422SZ,002459SZ,002460SZ,002463SZ,002466SZ,002475SZ,002493SZ,002555SZ,002594SZ,002601SZ,002648SZ,002709SZ,002714SZ,002916SZ,002920SZ,002938SZ,003816SZ,300014SZ,300033SZ,300059SZ,300122SZ,300124SZ,300274SZ,300308SZ,300316SZ,300347SZ,300394SZ,300408SZ,300413SZ,300418SZ,300433SZ,300450SZ,300498SZ,300502SZ,300628SZ,300661SZ,300750SZ,300759SZ,300760SZ,300782SZ,600000SS,600010SS,600011SS,600015SS,600016SS,600018SS,600019SS,600023SS,600025SS,600026SS,600028SS,600029SS,600031SS,600036SS,600048SS,600050SS,600061SS,600085SS,600089SS,600104SS,600111SS,600115SS,600161SS,600183SS,600188SS,600196SS,600219SS,600233SS,600276SS,600309SS,600332SS,600346SS,600362SS,600377SS,600406SS,600415SS,600426SS,600436SS,600438SS,600489SS,600519SS,600570SS,600585SS,600588SS,600600SS,600660SS,600674SS,600741SS,600760SS,600795SS,600809SS,600875SS,600886SS,600887SS,600926SS,600989SS,601006SS,601009SS,601012SS,601021SS,601058SS,601066SS,601088SS,601100SS,601117SS,601138SS,601166SS,601169SS,601186SS,601225SS,601229SS,601238SS,601288SS,601318SS,601319SS,601328SS,601336SS,601360SS,601390SS,601398SS,601600SS,601601SS,601607SS,601618SS,601628SS,601633SS,601658SS,601668SS,601669SS,601688SS,601689SS,601698SS,601699SS,601766SS,601788SS,601799SS,601800SS,601808SS,601816SS,601818SS,601838SS,601857SS,601865SS,601872SS,601877SS,601878SS,601881SS,601888SS,601899SS,601901SS,601919SS,601939SS,601985SS,601988SS,601998SS,603019SS,603195SS,603259SS,603260SS,603288SS,603369SS,603501SS,603659SS,603799SS,603806SS,603833SS,603986SS,603993SS,688008SS,688009SS,688012SS,688036SS,688111SS,688169SS,688396SS
000001SZ,1.0,0.683,0.082,0.046,0.924,-0.639,0.547,0.726,0.639,-0.235,-0.23,0.716,0.56,-0.499,-0.156,-0.344,0.513,0.233,-0.556,-0.029,0.348,-0.476,0.666,0.404,0.458,0.222,-0.251,0.129,0.775,0.81,0.119,-0.3,-0.368,-0.244,-0.618,-0.417,-0.698,0.882,0.873,0.766,-0.424,-0.205,-0.826,0.935,-0.232,-0.726,-0.001,-0.218,-0.237,-0.643,-0.39,-0.611,-0.262,0.194,-0.309,-0.549,-0.272,-0.124,-0.176,-0.01,-0.242,0.434,0.762,-0.366,0.512,-0.765,-0.328,0.255,-0.785,0.372,-0.745,-0.786,-0.456,-0.334,0.269,-0.683,-0.366,0.221,0.171,0.816,0.834,0.205,0.799,-0.466,-0.861,0.679,0.663,0.201,0.112,-0.715,0.321,-0.434,0.047,0.748,0.868,0.85,0.436,0.503,0.025,0.371,-0.288,0.007,-0.286,0.688,0.669,-0.428,0.401,0.71,-0.324,0.746,-0.024,-0.279,0.52,-0.192,0.09,0.54,0.641,0.213,-0.518,0.535,0.243,0.115,0.891,-0.242,0.461,-0.294,0.588,-0.329,-0.045,-0.387,0.129,0.491,0.761,0.616,0.406,0.782,0.765,-0.505,0.058,0.783,-0.027,0.182,-0.119,0.113,0.529,0.779,-0.417,0.515,0.836,0.252,-0.24,0.819,0.76,-0.279,-0.004,0.933,0.796,0.262,0.825,-0.645,-0.587,0.797,-0.335,0.232,-0.037,-0.29,0.603,-0.448,0.894,0.24,0.083,0.231,-0.516,-0.338,-0.266,-0.514,0.56,-0.583,-0.512,0.675,0.856,0.905,0.519,-0.049,0.156,-0.653,0.796,0.297,0.376,0.778,0.264,-0.007,-0.568,0.719,0.049,0.544,0.91,-0.619,0.295,0.655,-0.468,0.755,-0.544,0.097,-0.008,0.094,0.662,0.599,0.216,-0.545,0.393,-0.423,-0.068,-0.403,-0.444,-0.529,-0.138
000002SZ,0.683,1.0,-0.471,-0.496,0.687,-0.924,-0.093,0.461,0.864,-0.688,-0.638,0.254,0.095,-0.747,-0.728,-0.745,-0.079,-0.22,-0.83,-0.596,-0.279,-0.828,0.57,0.271,0.627,-0.135,-0.72,-0.364,0.749,0.679,-0.496,-0.778,-0.755,-0.42,-0.92,-0.841,-0.93,0.565,0.551,0.572,-0.738,-0.745,-0.599,0.685,-0.71,-0.807,-0.562,-0.71,-0.565,-0.858,-0.683,-0.818,-0.693,-0.21,-0.54,-0.804,-0.584,-0.654,-0.576,-0.063,-0.758,-0.186,0.759,-0.747,0.048,-0.876,-0.791,-0.289,-0.864,-0.216,-0.633,-0.88,-0.844,-0.758,-0.279,-0.729,-0.725,-0.363,-0.424,0.46,0.403,-0.398,0.526,-0.775,-0.704,0.711,0.194,-0.106,-0.453,-0.661,0.07,-0.858,-0.586,0.894,0.472,0.284,0.832,0.053,-0.58,-0.221,-0.734,-0.564,-0.694,0.751,0.866,-0.804,0.094,0.857,-0.772,0.291,-0.567,-0.747,0.081,-0.64,-0.476,0.017,0.258,0.104,-0.803,-0.085,-0.301,-0.093,0.687,-0.743,-0.032,-0.621,0.778,-0.773,-0.621,-0.788,-0.35,0.889,0.681,0.912,0.699,0.579,0.931,-0.79,-0.516,0.911,-0.578,0.432,-0.423,-0.463,0.264,0.651,-0.714,0.242,0.901,0.094,-0.574,0.45,0.286,-0.651,-0.117,0.669,0.896,-0.311,0.853,-0.702,-0.828,0.706,-0.787,-0.316,-0.479,-0.724,0.882,-0.733,0.706,0.117,0.245,-0.387,-0.685,-0.799,-0.776,-0.85,-0.007,-0.557,-0.815,0.713,0.761,0.752,0.827,-0.667,-0.025,-0.908,0.384,-0.286,-0.251,0.903,-0.026,-0.566,-0.805,0.701,-0.05,0.031,0.827,-0.868,0.203,0.094,-0.759,0.622,-0.616,-0.499,-0.395,-0.496,0.52,0.424,-0.359,-0.856,0.741,-0.804,-0.549,-0.855,-0.785,-0.831,-0.57
000157SZ,0.082,-0.471,1.0,0.823,0.122,0.561,0.752,0.375,-0.46,0.69,0.607,0.545,0.548,0.643,0.86,0.644,0.728,0.835,0.585,0.677,0.827,0.638,0.148,0.322,-0.008,0.463,0.8,0.729,-0.068,0.106,0.781,0.816,0.651,0.349,0.601,0.759,0.495,0.249,0.26,0.136,0.624,0.791,-0.034,0.003,0.75,0.539,0.697,0.769,0.603,0.405,0.468,0.507,0.663,0.409,0.396,0.714,0.463,0.876,0.668,0.05,0.819,0.796,-0.198,0.68,0.441,0.441,0.704,0.838,0.446,0.714,0.084,0.441,0.663,0.686,0.666,0.452,0.799,0.741,0.759,0.229,0.463,0.788,0.143,0.57,0.111,-0.191,0.547,0.472,0.788,0.191,0.435,0.714,0.781,-0.375,0.348,0.477,-0.382,0.428,0.844,0.672,0.683,0.795,0.634,-0.192,-0.355,0.795,0.229,-0.304,0.691,0.377,0.85,0.722,0.591,0.769,0.661,0.369,0.321,0.13,0.632,0.798,0.723,0.215,0.107,0.741,0.709,0.522,-0.279,0.662,0.793,0.671,0.54,-0.653,0.002,-0.623,-0.402,0.173,-0.478,0.758,0.853,-0.391,0.721,-0.166,0.437,0.839,0.111,0.076,0.647,0.608,-0.316,0.377,0.624,0.195,0.553,0.621,0.245,0.148,-0.297,0.815,-0.217,0.419,0.499,0.021,0.696,0.809,0.72,0.683,-0.518,0.563,-0.146,0.156,-0.245,0.825,0.414,0.765,0.645,0.688,0.651,0.028,0.64,-0.211,-0.083,-0.06,-0.572,0.805,0.181,0.59,0.394,0.772,0.797,-0.337,0.273,0.804,0.587,-0.095,0.193,0.708,-0.15,0.6,0.304,0.561,0.702,0.048,0.491,0.841,0.478,0.718,0.055,0.187,0.838,0.554,-0.413,0.771,0.841,0.693,0.562,0.692,0.822
000166SZ,0.046,-0.496,0.823,1.0,0.119,0.604,0.783,0.188,-0.496,0.844,0.71,0.562,0.534,0.71,0.884,0.722,0.829,0.638,0.641,0.771,0.835,0.689,0.174,0.163,-0.241,0.515,0.754,0.851,-0.071,-0.007,0.836,0.725,0.688,0.383,0.64,0.789,0.515,0.218,0.191,0.129,0.777,0.837,-0.054,0.009,0.743,0.524,0.759,0.832,0.758,0.479,0.617,0.648,0.804,0.47,0.48,0.679,0.659,0.858,0.722,0.238,0.863,0.891,-0.21,0.667,0.397,0.393,0.755,0.846,0.37,0.754,0.212,0.411,0.676,0.79,0.777,0.313,0.721,0.845,0.797,0.241,0.39,0.861,0.145,0.689,0.143,-0.194,0.605,0.516,0.896,0.137,0.329,0.768,0.798,-0.455,0.301,0.454,-0.569,0.511,0.955,0.657,0.757,0.856,0.774,-0.347,-0.372,0.771,0.331,-0.289,0.79,0.396,0.893,0.819,0.695,0.873,0.757,0.507,0.368,0.347,0.591,0.775,0.808,0.452,0.02,0.876,0.773,0.696,-0.289,0.746,0.738,0.7,0.697,-0.669,-0.113,-0.647,-0.54,0.083,-0.487,0.666,0.82,-0.433,0.813,-0.436,0.692,0.967,0.117,-0.018,0.723,0.371,-0.383,0.309,0.687,0.241,0.561,0.744,0.163,0.087,-0.359,0.651,-0.289,0.264,0.545,-0.053,0.789,0.658,0.887,0.813,-0.621,0.686,-0.145,0.206,-0.15,0.953,0.363,0.85,0.729,0.682,0.797,0.197,0.721,-0.324,-0.102,-0.051,-0.606,0.826,0.305,0.562,0.385,0.943,0.926,-0.344,0.473,0.937,0.655,-0.205,0.313,0.547,-0.179,0.591,0.132,0.651,0.696,0.007,0.328,0.912,0.634,0.83,0.167,0.101,0.853,0.627,-0.533,0.744,0.896,0.766,0.695,0.673,0.874
000333SZ,0.924,0.687,0.122,0.119,1.0,-0.653,0.555,0.784,0.707,-0.237,-0.266,0.795,0.68,-0.491,-0.142,-0.423,0.576,0.29,-0.597,-0.021,0.305,-0.481,0.732,0.492,0.562,0.071,-0.318,0.103,0.873,0.771,0.16,-0.299,-0.385,-0.375,-0.647,-0.421,-0.72,0.957,0.919,0.883,-0.364,-0.242,-0.828,0.876,-0.297,-0.681,-0.116,-0.244,-0.267,-0.684,-0.399,-0.582,-0.326,0.104,-0.246,-0.517,-0.306,-0.111,-0.286,-0.147,-0.221,0.479,0.841,-0.454,0.326,-0.777,-0.301,0.338,-0.778,0.356,-0.689,-0.79,-0.527,-0.352,0.413,-0.686,-0.35,0.216,0.129,0.852,0.859,0.247,0.644,-0.525,-0.915,0.528,0.584,0.047,0.133,-0.82,0.25,-0.388,-0.015,0.744,0.821,0.78,0.451,0.42,0.039,0.4,-0.365,-0.059,-0.329,0.674,0.77,-0.424,0.516,0.784,-0.368,0.805,0.008,-0.282,0.551,-0.162,0.018,0.447,0.784,0.129,-0.456,0.567,0.168,0.091,0.933,-0.246,0.466,-0.349,0.71,-0.367,-0.117,-0.475,0.022,0.463,0.858,0.585,0.457,0.838,0.744,-0.484,0.065,0.775,-0.095,0.159,-0.201,0.163,0.62,0.864,-0.436,0.486,0.84,0.084,-0.352,0.856,0.714,-0.337,-0.061,0.915,0.762,0.225,0.856,-0.668,-0.657,0.781,-0.359,0.228,0.026,-0.344,0.601,-0.46,0.831,0.035,-0.122,0.257,-0.628,-0.33,-0.293,-0.552,0.642,-0.651,-0.533,0.719,0.805,0.836,0.378,-0.097,-0.032,-0.639,0.859,0.359,0.425,0.818,0.242,-0.006,-0.592,0.578,-0.095,0.517,0.88,-0.645,0.437,0.691,-0.485,0.856,-0.486,0.113,-0.087,0.091,0.614,0.775,0.258,-0.596,0.413,-0.455,0.009,-0.404,-0.448,-0.489,-0.096
000338SZ,-0.639,-0.924,0.561,0.604,-0.653,1.0,0.191,-0.401,-0.886,0.78,0.708,-0.134,-0.081,0.853,0.78,0.828,0.171,0.345,0.924,0.615,0.389,0.902,-0.431,-0.2,-0.593,0.277,0.848,0.505,-0.737,-0.593,0.529,0.842,0.79,0.467,0.97,0.923,0.95,-0.525,-0.526,-0.536,0.788,0.82,0.608,-0.664,0.808,0.869,0.645,0.777,0.695,0.877,0.743,0.895,0.785,0.279,0.581,0.875,0.659,0.707,0.717,0.154,0.84,0.297,-0.771,0.851,0.027,0.91,0.804,0.394,0.89,0.248,0.648,0.923,0.911,0.835,0.32,0.784,0.795,0.41,0.505,-0.447,-0.334,0.426,-0.425,0.875,0.779,-0.618,-0.03,0.299,0.569,0.739,0.04,0.915,0.659,-0.901,-0.396,-0.218,-0.752,0.002,0.659,0.231,0.833,0.684,0.783,-0.695,-0.89,0.883,-0.106,-0.823,0.858,-0.275,0.66,0.83,0.063,0.755,0.521,0.004,-0.255,0.029,0.857,0.166,0.436,0.187,-0.657,0.811,0.221,0.696,-0.734,0.829,0.687,0.886,0.44,-0.88,-0.664,-0.939,-0.707,-0.536,-0.933,0.868,0.651,-0.902,0.653,-0.384,0.543,0.587,-0.303,-0.667,0.813,-0.147,-0.898,0.136,0.749,-0.455,-0.153,0.761,0.241,-0.597,-0.844,0.403,-0.829,0.769,0.939,-0.589,0.855,0.413,0.616,0.834,-0.889,0.806,-0.724,0.085,-0.114,0.487,0.751,0.872,0.793,0.94,0.091,0.581,0.928,-0.688,-0.687,-0.697,-0.78,0.753,0.119,0.949,-0.346,0.397,0.34,-0.886,0.103,0.671,0.91,-0.574,0.214,0.097,-0.794,0.935,-0.165,-0.033,0.843,-0.579,0.657,0.568,0.479,0.554,-0.426,-0.409,0.427,0.914,-0.739,0.896,0.619,0.895,0.819,0.931,0.676
000538SZ,0.547,-0.093,0.752,0.783,0.555,0.191,1.0,0.542,-0.097,0.577,0.49,0.821,0.726,0.298,0.661,0.406,0.911,0.743,0.242,0.662,0.885,0.335,0.521,0.281,0.083,0.615,0.496,0.777,0.326,0.472,0.723,0.493,0.351,0.164,0.214,0.432,0.075,0.651,0.64,0.512,0.373,0.602,-0.445,0.479,0.524,0.041,0.652,0.562,0.438,0.06,0.327,0.214,0.51,0.551,0.281,0.263,0.403,0.642,0.5,0.13,0.573,0.938,0.225,0.412,0.624,-0.067,0.471,0.866,-0.085,0.792,-0.256,-0.056,0.339,0.482,0.801,-0.092,0.444,0.764,0.773,0.644,0.77,0.829,0.547,0.325,-0.335,0.163,0.817,0.498,0.793,-0.252,0.429,0.425,0.733,0.015,0.704,0.841,-0.275,0.717,0.783,0.824,0.486,0.692,0.491,0.126,0.023,0.413,0.494,0.079,0.492,0.755,0.727,0.529,0.88,0.608,0.676,0.68,0.629,0.347,0.283,0.924,0.758,0.448,0.479,0.57,0.884,0.395,0.083,0.466,0.605,0.389,0.593,-0.312,0.342,-0.227,-0.288,0.52,-0.026,0.295,0.787,0.015,0.674,-0.226,0.417,0.83,0.418,0.349,0.357,0.544,0.108,0.373,0.421,0.613,0.853,0.451,0.202,0.568,0.13,0.718,0.193,-0.087,0.141,0.359,0.496,0.729,0.737,0.498,-0.19,0.326,0.369,0.283,-0.134,0.869,0.074,0.512,0.506,0.304,0.901,-0.136,0.314,0.125,0.363,0.43,-0.244,0.723,0.276,0.151,0.683,0.882,0.926,0.09,0.52,0.765,0.229,0.225,0.221,0.806,0.314,0.166,0.331,0.865,0.3,0.391,0.022,0.77,0.541,0.758,0.398,0.431,0.8,0.25,-0.296,0.406,0.668,0.423,0.346,0.317,0.582
000568SZ,0.726,0.461,0.375,0.188,0.784,-0.401,0.542,1.0,0.597,-0.178,-0.275,0.743,0.773,-0.259,0.068,-0.336,0.549,0.584,-0.415,-0.042,0.411,-0.308,0.623,0.695,0.75,0.086,-0.081,0.092,0.776,0.732,0.272,-0.009,-0.234,-0.313,-0.396,-0.153,-0.483,0.834,0.869,0.717,-0.161,-0.012,-0.484,0.624,-0.122,-0.393,-0.113,-0.156,-0.261,-0.397,-0.416,-0.481,-0.249,-0.079,-0.255,-0.168,-0.411,0.144,-0.183,-0.379,0.023,0.493,0.695,-0.225,0.237,-0.405,-0.203,0.514,-0.399,0.41,-0.42,-0.448,-0.341,-0.273,0.442,-0.218,-0.028,0.272,0.119,0.785,0.863,0.332,0.432,-0.428,-0.69,0.326,0.487,0.037,0.128,-0.465,0.511,-0.179,0.102,0.629,0.636,0.63,0.419,0.243,0.122,0.389,-0.249,0.001,-0.303,0.691,0.587,-0.174,0.368,0.657,-0.263,0.634,0.231,-0.132,0.446,-0.084,-0.007,0.215,0.667,-0.118,-0.121,0.62,0.145,-0.127,0.877,-0.171,0.429,-0.218,0.626,-0.301,0.117,-0.288,-0.118,0.312,0.835,0.317,0.455,0.694,0.512,-0.15,0.216,0.583,-0.103,0.485,-0.207,0.214,0.423,0.775,-0.317,0.636,0.666,0.274,-0.182,0.655,0.688,-0.302,0.198,0.765,0.625,0.474,0.743,-0.226,-0.371,0.708,-0.262,0.498,0.028,-0.26,0.531,-0.403,0.536,-0.045,-0.229,0.259,-0.475,-0.168,-0.164,-0.302,0.575,-0.677,-0.318,0.634,0.606,0.604,0.133,0.044,-0.199,-0.325,0.815,0.345,0.413,0.655,0.014,0.052,-0.406,0.512,-0.197,0.614,0.653,-0.297,0.434,0.654,-0.247,0.784,0.021,0.239,-0.219,0.046,0.307,0.726,0.413,-0.475,0.496,-0.172,0.203,-0.177,-0.282,-0.184,0.139
000596SZ,0.639,0.864,-0.46,-0.496,0.707,-0.886,-0.097,0.597,1.0,-0.732,-0.773,0.279,0.29,-0.832,-0.698,-0.881,-0.046,-0.152,-0.924,-0.611,-0.331,-0.833,0.543,0.386,0.7,-0.369,-0.788,-0.527,0.824,0.607,-0.387,-0.736,-0.791,-0.597,-0.927,-0.828,-0.907,0.621,0.641,0.651,-0.719,-0.733,-0.513,0.634,-0.801,-0.859,-0.716,-0.81,-0.742,-0.79,-0.787,-0.881,-0.831,-0.402,-0.527,-0.815,-0.76,-0.647,-0.756,-0.383,-0.709,-0.187,0.841,-0.843,-0.18,-0.828,-0.783,-0.227,-0.816,-0.242,-0.511,-0.861,-0.92,-0.846,-0.104,-0.685,-0.74,-0.382,-0.532,0.539,0.424,-0.373,0.298,-0.909,-0.803,0.51,0.022,-0.365,-0.525,-0.699,0.02,-0.795,-0.618,0.926,0.355,0.211,0.689,-0.118,-0.6,-0.198,-0.858,-0.678,-0.832,0.832,0.914,-0.86,0.17,0.916,-0.859,0.332,-0.533,-0.747,-0.035,-0.714,-0.591,-0.071,0.413,-0.189,-0.714,-0.082,-0.48,-0.283,0.763,-0.785,-0.161,-0.702,0.889,-0.857,-0.612,-0.884,-0.54,0.847,0.817,0.852,0.741,0.553,0.927,-0.824,-0.519,0.906,-0.717,0.504,-0.608,-0.477,0.345,0.704,-0.848,0.116,0.928,-0.121,-0.747,0.467,0.198,-0.818,-0.069,0.625,0.856,-0.284,0.91,-0.663,-0.847,0.702,-0.854,-0.265,-0.539,-0.844,0.939,-0.865,0.663,-0.207,-0.041,-0.43,-0.846,-0.813,-0.752,-0.917,0.048,-0.668,-0.885,0.807,0.694,0.661,0.623,-0.67,-0.364,-0.859,0.47,-0.288,-0.252,0.924,-0.2,-0.629,-0.918,0.568,-0.329,0.008,0.79,-0.863,0.303,0.139,-0.853,0.763,-0.473,-0.512,-0.597,-0.56,0.291,0.59,-0.346,-0.946,0.769,-0.846,-0.547,-0.789,-0.776,-0.791,-0.588
000617SZ,-0.235,-0.688,0.69,0.844,-0.237,0.78,0.577,-0.178,-0.732,1.0,0.83,0.21,0.147,0.824,0.851,0.847,0.534,0.455,0.799,0.795,0.698,0.797,-0.1,-0.147,-0.498,0.508,0.791,0.793,-0.414,-0.264,0.695,0.754,0.756,0.545,0.805,0.842,0.715,-0.145,-0.152,-0.241,0.77,0.852,0.186,-0.254,0.826,0.685,0.829,0.864,0.798,0.683,0.794,0.828,0.887,0.531,0.531,0.756,0.791,0.808,0.826,0.388,0.831,0.657,-0.512,0.808,0.345,0.586,0.85,0.626,0.562,0.548,0.406,0.61,0.822,0.888,0.539,0.444,0.76,0.683,0.751,-0.092,0.027,0.666,0.003,0.87,0.456,-0.243,0.395,0.495,0.803,0.377,0.217,0.846,0.799,-0.677,0.028,0.2,-0.745,0.482,0.878,0.497,0.872,0.838,0.893,-0.562,-0.658,0.844,0.17,-0.586,0.918,0.125,0.759,0.844,0.483,0.851,0.801,0.429,0.014,0.355,0.661,0.506,0.713,0.496,-0.34,0.917,0.574,0.809,-0.549,0.848,0.747,0.838,0.701,-0.747,-0.449,-0.765,-0.728,-0.237,-0.683,0.737,0.767,-0.667,0.856,-0.523,0.786,0.842,-0.038,-0.35,0.842,0.138,-0.647,0.303,0.782,-0.041,0.288,0.855,0.242,-0.191,-0.552,0.529,-0.561,0.403,0.713,-0.305,0.91,0.529,0.842,0.916,-0.781,0.848,-0.309,0.268,-0.008,0.784,0.601,0.892,0.822,0.817,0.484,0.467,0.849,-0.56,-0.346,-0.232,-0.616,0.859,0.378,0.73,-0.023,0.722,0.703,-0.617,0.474,0.894,0.802,-0.298,0.389,0.371,-0.443,0.734,-0.02,0.326,0.809,-0.352,0.349,0.76,0.74,0.809,-0.066,-0.229,0.64,0.837,-0.696,0.836,0.754,0.807,0.817,0.757,0.762
000625SZ,-0.23,-0.638,0.607,0.71,-0.266,0.708,0.49,-0.275,-0.773,0.83,1.0,0.167,0.028,0.766,0.753,0.848,0.392,0.321,0.849,0.886,0.668,0.82,-0.099,-0.34,-0.49,0.555,0.715,0.79,-0.471,-0.232,0.507,0.722,0.844,0.483,0.745,0.726,0.689,-0.191,-0.171,-0.213,0.638,0.716,0.038,-0.241,0.825,0.652,0.88,0.905,0.746,0.535,0.927,0.836,0.836,0.799,0.686,0.664,0.871,0.693,0.787,0.52,0.728,0.566,-0.488,0.807,0.494,0.492,0.842,0.452,0.473,0.454,0.134,0.555,0.853,0.935,0.416,0.337,0.679,0.528,0.877,-0.17,0.011,0.667,0.105,0.875,0.423,-0.272,0.338,0.514,0.81,0.279,-0.035,0.727,0.757,-0.703,0.109,0.244,-0.621,0.508,0.796,0.622,0.895,0.861,0.944,-0.623,-0.587,0.763,0.149,-0.729,0.926,0.156,0.588,0.733,0.497,0.815,0.826,0.413,0.003,0.461,0.572,0.44,0.749,0.724,-0.329,0.83,0.552,0.633,-0.576,0.914,0.675,0.881,0.723,-0.748,-0.414,-0.668,-0.701,-0.04,-0.669,0.686,0.692,-0.681,0.922,-0.629,0.609,0.736,-0.002,-0.369,0.86,0.12,-0.642,0.163,0.737,-0.056,0.17,0.944,0.042,-0.162,-0.531,0.403,-0.609,0.307,0.618,-0.479,0.942,0.45,0.824,0.879,-0.794,0.937,-0.244,0.398,0.066,0.706,0.81,0.789,0.729,0.805,0.361,0.647,0.782,-0.508,-0.282,-0.292,-0.447,0.817,0.492,0.623,-0.083,0.59,0.606,-0.626,0.645,0.814,0.809,-0.35,0.436,0.276,-0.402,0.641,-0.004,0.265,0.759,-0.398,0.326,0.665,0.898,0.882,0.106,-0.241,0.543,0.885,-0.796,0.718,0.63,0.7,0.682,0.652,0.597
000651SZ,0.716,0.254,0.545,0.562,0.795,-0.134,0.821,0.743,0.279,0.21,0.167,1.0,0.83,-0.015,0.361,0.034,0.838,0.6,-0.073,0.395,0.699,0.037,0.66,0.508,0.333,0.323,0.191,0.511,0.606,0.572,0.565,0.231,0.075,-0.182,-0.132,0.14,-0.258,0.834,0.812,0.749,0.133,0.28,-0.629,0.619,0.219,-0.239,0.31,0.243,0.171,-0.258,0.009,-0.106,0.133,0.309,0.091,-0.015,0.091,0.348,0.146,-0.066,0.323,0.816,0.547,0.042,0.463,-0.325,0.163,0.713,-0.345,0.63,-0.416,-0.332,-0.01,0.131,0.731,-0.28,0.119,0.578,0.526,0.804,0.901,0.651,0.526,-0.043,-0.6,0.235,0.734,0.291,0.562,-0.474,0.332,0.128,0.43,0.312,0.745,0.843,0.119,0.51,0.492,0.699,0.122,0.411,0.133,0.347,0.373,0.095,0.565,0.427,0.132,0.779,0.507,0.232,0.772,0.35,0.368,0.476,0.815,0.201,0.039,0.857,0.534,0.276,0.753,0.238,0.783,0.053,0.421,0.133,0.333,0.034,0.305,-0.016,0.648,0.071,0.091,0.758,0.28,0.026,0.525,0.326,0.331,-0.053,0.142,0.594,0.531,0.62,0.042,0.534,0.438,0.232,0.124,0.733,0.799,0.129,0.034,0.731,0.374,0.549,0.496,-0.273,-0.145,0.559,0.143,0.572,0.482,0.149,0.14,-0.002,0.526,0.146,-0.213,0.665,-0.24,0.193,0.145,-0.022,0.863,-0.402,0.011,0.427,0.516,0.548,-0.037,0.396,0.074,-0.154,0.871,0.715,0.758,0.436,0.37,0.452,-0.098,0.34,0.02,0.684,0.546,-0.138,0.461,0.909,-0.016,0.711,-0.101,0.572,0.228,0.486,0.496,0.714,0.674,-0.111,0.029,0.06,0.466,0.124,0.02,0.057,0.396
000661SZ,0.56,0.095,0.548,0.534,0.68,-0.081,0.726,0.773,0.29,0.147,0.028,0.83,1.0,-0.045,0.415,-0.043,0.799,0.627,-0.12,0.311,0.571,0.017,0.474,0.507,0.378,0.114,0.148,0.314,0.645,0.472,0.665,0.254,0.088,-0.199,-0.064,0.179,-0.175,0.77,0.774,0.678,0.237,0.333,-0.418,0.474,0.143,-0.209,0.164,0.182,0.055,-0.064,-0.155,-0.171,0.067,0.065,-0.005,0.04,-0.1,0.418,0.015,-0.319,0.364,0.745,0.558,-0.026,0.251,-0.204,0.164,0.717,-0.218,0.671,-0.202,-0.236,-0.043,0.046,0.769,-0.152,0.173,0.589,0.368,0.777,0.846,0.66,0.252,-0.136,-0.583,0.037,0.535,0.038,0.396,-0.414,0.425,0.169,0.37,0.306,0.575,0.656,-0.018,0.312,0.469,0.632,0.038,0.297,0.011,0.32,0.378,0.111,0.538,0.424,0.056,0.697,0.557,0.213,0.564,0.254,0.292,0.409,0.843,-0.113,0.113,0.781,0.359,-0.001,0.689,0.238,0.594,0.07,0.366,0.049,0.31,-0.043,0.148,-0.068,0.594,-0.047,0.08,0.584,0.2,0.052,0.437,0.242,0.183,0.044,0.067,0.527,0.439,0.627,-0.04,0.432,0.353,0.052,0.023,0.662,0.673,-0.011,0.048,0.537,0.235,0.531,0.441,-0.156,-0.09,0.431,0.083,0.511,0.37,0.066,0.121,-0.101,0.376,-0.181,-0.449,0.597,-0.358,0.19,0.201,-0.039,0.792,-0.511,-0.012,0.326,0.362,0.376,-0.271,0.321,-0.151,-0.066,0.845,0.664,0.708,0.405,0.142,0.375,-0.142,0.151,-0.239,0.577,0.402,-0.066,0.429,0.839,-0.032,0.678,0.052,0.589,0.009,0.354,0.239,0.683,0.69,-0.173,0.1,0.105,0.534,0.245,0.088,0.086,0.425
000708SZ,-0.499,-0.747,0.643,0.71,-0.491,0.853,0.298,-0.259,-0.832,0.824,0.766,-0.015,-0.045,1.0,0.791,0.865,0.299,0.42,0.91,0.607,0.538,0.858,-0.234,-0.097,-0.426,0.431,0.831,0.697,-0.597,-0.381,0.529,0.767,0.789,0.59,0.889,0.883,0.835,-0.397,-0.392,-0.446,0.804,0.8,0.447,-0.515,0.821,0.911,0.702,0.837,0.803,0.728,0.786,0.902,0.86,0.363,0.553,0.922,0.749,0.771,0.828,0.377,0.814,0.432,-0.694,0.84,0.193,0.791,0.782,0.495,0.787,0.366,0.514,0.823,0.884,0.872,0.337,0.725,0.831,0.515,0.612,-0.348,-0.17,0.524,-0.183,0.912,0.708,-0.405,0.205,0.511,0.688,0.611,0.174,0.823,0.65,-0.81,-0.212,-0.083,-0.592,0.19,0.729,0.289,0.868,0.754,0.86,-0.64,-0.756,0.911,-0.091,-0.698,0.876,-0.176,0.711,0.817,0.289,0.832,0.587,0.106,-0.241,0.29,0.777,0.315,0.611,0.341,-0.52,0.825,0.389,0.762,-0.641,0.834,0.688,0.895,0.559,-0.787,-0.578,-0.835,-0.64,-0.386,-0.83,0.904,0.645,-0.787,0.736,-0.35,0.666,0.688,-0.301,-0.53,0.884,0.145,-0.792,0.36,0.811,-0.337,0.077,0.854,0.235,-0.408,-0.675,0.426,-0.721,0.666,0.826,-0.458,0.859,0.505,0.725,0.879,-0.821,0.879,-0.642,0.254,0.07,0.601,0.75,0.892,0.716,0.92,0.23,0.58,0.926,-0.645,-0.525,-0.504,-0.627,0.726,0.341,0.848,-0.21,0.51,0.472,-0.766,0.254,0.761,0.938,-0.408,0.44,0.199,-0.656,0.898,-0.135,0.081,0.946,-0.512,0.632,0.654,0.591,0.633,-0.175,-0.387,0.532,0.882,-0.614,0.885,0.73,0.804,0.812,0.857,0.784
000725SZ,-0.156,-0.728,0.86,0.884,-0.142,0.78,0.661,0.068,-0.698,0.851,0.753,0.361,0.415,0.791,1.0,0.819,0.638,0.637,0.778,0.822,0.782,0.775,-0.154,0.114,-0.331,0.469,0.874,0.758,-0.301,-0.182,0.839,0.899,0.806,0.47,0.827,0.93,0.728,-0.012,-0.009,-0.152,0.834,0.964,0.18,-0.225,0.885,0.681,0.821,0.905,0.723,0.702,0.647,0.711,0.855,0.439,0.437,0.836,0.636,0.969,0.76,0.119,0.956,0.759,-0.386,0.818,0.394,0.647,0.862,0.786,0.625,0.748,0.329,0.642,0.837,0.85,0.646,0.571,0.873,0.804,0.793,0.094,0.24,0.832,-0.057,0.774,0.339,-0.416,0.4,0.412,0.81,0.37,0.397,0.896,0.903,-0.627,0.101,0.309,-0.65,0.43,0.946,0.658,0.869,0.866,0.812,-0.525,-0.618,0.91,0.243,-0.548,0.878,0.221,0.921,0.858,0.464,0.854,0.808,0.383,0.204,0.105,0.794,0.687,0.74,0.295,-0.191,0.915,0.59,0.759,-0.566,0.841,0.87,0.828,0.634,-0.816,-0.301,-0.823,-0.613,-0.106,-0.716,0.839,0.843,-0.647,0.836,-0.359,0.643,0.861,0.031,-0.183,0.768,0.262,-0.589,0.272,0.75,0.079,0.356,0.769,0.182,-0.132,-0.571,0.73,-0.492,0.537,0.732,-0.297,0.88,0.723,0.779,0.86,-0.758,0.748,-0.32,0.121,-0.246,0.855,0.542,0.916,0.891,0.854,0.569,0.235,0.836,-0.5,-0.364,-0.293,-0.764,0.922,0.251,0.787,0.184,0.781,0.785,-0.56,0.334,0.911,0.766,-0.351,0.169,0.472,-0.425,0.8,-0.005,0.496,0.809,-0.244,0.495,0.927,0.573,0.817,-0.127,-0.075,0.854,0.775,-0.589,0.896,0.922,0.915,0.813,0.82,0.889
000768SZ,-0.344,-0.745,0.644,0.722,-0.423,0.828,0.406,-0.336,-0.881,0.847,0.848,0.034,-0.043,0.865,0.819,1.0,0.381,0.328,0.908,0.71,0.622,0.874,-0.236,-0.223,-0.647,0.547,0.872,0.781,-0.641,-0.347,0.611,0.745,0.809,0.742,0.887,0.871,0.851,-0.36,-0.344,-0.415,0.752,0.847,0.237,-0.325,0.848,0.766,0.879,0.929,0.895,0.685,0.812,0.848,0.932,0.529,0.574,0.794,0.852,0.763,0.917,0.533,0.791,0.492,-0.72,0.9,0.448,0.682,0.814,0.44,0.662,0.48,0.335,0.71,0.948,0.917,0.318,0.54,0.79,0.624,0.741,-0.296,-0.129,0.586,0.019,0.953,0.619,-0.273,0.348,0.643,0.74,0.528,0.114,0.779,0.742,-0.815,-0.033,0.123,-0.698,0.385,0.794,0.397,0.945,0.888,0.933,-0.698,-0.807,0.883,-0.12,-0.752,0.919,-0.101,0.711,0.865,0.366,0.87,0.724,0.363,-0.223,0.421,0.638,0.392,0.759,0.409,-0.495,0.893,0.474,0.784,-0.747,0.932,0.699,0.937,0.83,-0.824,-0.625,-0.805,-0.784,-0.303,-0.79,0.798,0.678,-0.764,0.881,-0.577,0.725,0.722,-0.277,-0.523,0.896,0.156,-0.76,0.351,0.863,-0.272,0.176,0.928,0.066,-0.356,-0.685,0.435,-0.742,0.492,0.799,-0.427,0.905,0.443,0.739,0.934,-0.891,0.885,-0.477,0.403,0.153,0.703,0.772,0.921,0.758,0.906,0.3,0.614,0.889,-0.676,-0.428,-0.385,-0.524,0.813,0.553,0.751,-0.167,0.587,0.553,-0.783,0.349,0.841,0.903,-0.341,0.534,0.267,-0.56,0.819,-0.16,0.164,0.899,-0.524,0.4,0.714,0.734,0.725,-0.04,-0.435,0.559,0.918,-0.771,0.89,0.702,0.84,0.817,0.752,0.749
000776SZ,0.513,-0.079,0.728,0.829,0.576,0.171,0.911,0.549,-0.046,0.534,0.392,0.838,0.799,0.299,0.638,0.381,1.0,0.666,0.223,0.548,0.831,0.312,0.513,0.344,0.046,0.47,0.481,0.721,0.361,0.397,0.808,0.426,0.36,0.175,0.203,0.443,0.072,0.639,0.623,0.559,0.423,0.578,-0.451,0.492,0.462,0.052,0.569,0.543,0.505,0.066,0.218,0.194,0.49,0.39,0.243,0.274,0.355,0.624,0.46,0.137,0.582,0.946,0.205,0.331,0.514,-0.06,0.427,0.825,-0.084,0.814,-0.178,-0.065,0.299,0.441,0.802,-0.081,0.406,0.822,0.678,0.598,0.75,0.805,0.451,0.289,-0.339,0.153,0.814,0.484,0.755,-0.255,0.399,0.396,0.614,0.024,0.683,0.771,-0.278,0.579,0.777,0.675,0.414,0.676,0.433,0.092,0.068,0.406,0.394,0.172,0.428,0.68,0.767,0.536,0.822,0.633,0.595,0.643,0.672,0.333,0.206,0.913,0.754,0.318,0.488,0.597,0.839,0.383,0.096,0.412,0.558,0.334,0.584,-0.329,0.305,-0.256,-0.234,0.467,-0.016,0.291,0.679,0.036,0.593,-0.257,0.46,0.853,0.277,0.389,0.348,0.54,0.105,0.312,0.393,0.555,0.842,0.424,0.088,0.49,0.062,0.624,0.168,-0.091,0.14,0.385,0.435,0.602,0.693,0.48,-0.218,0.268,0.267,0.192,-0.147,0.902,-0.026,0.534,0.406,0.266,0.96,-0.203,0.31,0.074,0.362,0.385,-0.29,0.61,0.257,0.122,0.772,0.941,0.947,0.114,0.42,0.748,0.227,0.116,0.228,0.704,0.292,0.162,0.316,0.858,0.33,0.451,0.024,0.808,0.431,0.655,0.466,0.428,0.815,0.194,-0.247,0.398,0.705,0.442,0.331,0.304,0.676
000786SZ,0.233,-0.22,0.835,0.638,0.29,0.345,0.743,0.584,-0.152,0.455,0.321,0.6,0.627,0.42,0.637,0.328,0.666,1.0,0.302,0.459,0.691,0.409,0.351,0.486,0.282,0.341,0.582,0.528,0.176,0.323,0.621,0.653,0.372,0.056,0.325,0.525,0.235,0.468,0.418,0.355,0.384,0.578,-0.04,0.106,0.513,0.312,0.408,0.457,0.323,0.187,0.22,0.242,0.357,0.235,0.305,0.494,0.168,0.657,0.409,-0.185,0.631,0.702,0.069,0.433,0.267,0.272,0.449,0.829,0.277,0.524,0.021,0.261,0.377,0.378,0.694,0.344,0.571,0.534,0.55,0.353,0.587,0.615,0.161,0.277,-0.073,-0.139,0.507,0.301,0.618,0.06,0.451,0.542,0.611,-0.106,0.378,0.468,-0.146,0.261,0.616,0.575,0.39,0.534,0.337,0.196,-0.101,0.528,0.331,0.001,0.421,0.479,0.704,0.515,0.57,0.545,0.385,0.215,0.427,-0.019,0.536,0.714,0.497,0.082,0.34,0.449,0.696,0.272,0.068,0.376,0.593,0.398,0.238,-0.395,0.311,-0.393,-0.141,0.282,-0.219,0.523,0.814,-0.127,0.439,0.121,0.183,0.699,0.265,0.203,0.33,0.536,-0.044,0.379,0.392,0.32,0.585,0.31,0.442,0.324,-0.031,0.781,0.096,0.333,0.304,0.312,0.417,0.83,0.575,0.394,-0.174,0.254,-0.017,0.063,-0.341,0.629,0.136,0.503,0.442,0.43,0.613,-0.21,0.395,0.108,0.089,0.088,-0.443,0.638,-0.102,0.405,0.457,0.639,0.664,-0.073,0.118,0.579,0.325,0.09,0.023,0.787,0.049,0.394,0.398,0.544,0.415,0.339,0.453,0.626,0.243,0.516,0.009,0.453,0.69,0.256,-0.178,0.525,0.652,0.456,0.305,0.559,0.605
000800SZ,-0.556,-0.83,0.585,0.641,-0.597,0.924,0.242,-0.415,-0.924,0.799,0.849,-0.073,-0.12,0.91,0.778,0.908,0.223,0.302,1.0,0.674,0.503,0.907,-0.337,-0.294,-0.583,0.452,0.861,0.656,-0.713,-0.488,0.503,0.811,0.861,0.567,0.942,0.897,0.904,-0.499,-0.477,-0.494,0.781,0.807,0.453,-0.563,0.881,0.885,0.778,0.885,0.81,0.776,0.832,0.931,0.868,0.476,0.613,0.875,0.805,0.72,0.822,0.404,0.815,0.362,-0.765,0.898,0.247,0.82,0.829,0.378,0.804,0.323,0.483,0.861,0.964,0.92,0.252,0.7,0.801,0.473,0.655,-0.431,-0.25,0.51,-0.224,0.954,0.754,-0.473,0.127,0.477,0.655,0.666,0.017,0.839,0.673,-0.887,-0.241,-0.096,-0.666,0.153,0.71,0.315,0.911,0.794,0.891,-0.739,-0.834,0.903,-0.154,-0.846,0.914,-0.231,0.665,0.825,0.217,0.836,0.627,0.09,-0.272,0.253,0.764,0.251,0.611,0.384,-0.607,0.862,0.337,0.73,-0.756,0.915,0.712,0.949,0.585,-0.867,-0.673,-0.887,-0.733,-0.388,-0.902,0.888,0.633,-0.886,0.782,-0.467,0.631,0.633,-0.359,-0.645,0.906,-0.01,-0.877,0.224,0.819,-0.43,-0.045,0.913,0.134,-0.514,-0.791,0.379,-0.841,0.684,0.876,-0.599,0.915,0.399,0.698,0.903,-0.922,0.927,-0.655,0.274,0.054,0.571,0.869,0.887,0.738,0.96,0.128,0.685,0.941,-0.718,-0.582,-0.612,-0.626,0.757,0.366,0.866,-0.302,0.446,0.406,-0.853,0.275,0.739,0.969,-0.523,0.394,0.111,-0.729,0.895,-0.176,0.017,0.915,-0.6,0.594,0.628,0.666,0.651,-0.183,-0.465,0.481,0.966,-0.763,0.889,0.651,0.852,0.813,0.874,0.717
000807SZ,-0.029,-0.596,0.677,0.771,-0.021,0.615,0.662,-0.042,-0.611,0.795,0.886,0.395,0.311,0.607,0.822,0.71,0.548,0.459,0.674,1.0,0.735,0.719,-0.068,-0.135,-0.367,0.458,0.655,0.741,-0.257,-0.133,0.651,0.761,0.779,0.256,0.636,0.691,0.563,0.072,0.071,-0.012,0.615,0.738,-0.087,-0.116,0.779,0.482,0.828,0.832,0.596,0.478,0.796,0.676,0.728,0.74,0.623,0.563,0.708,0.75,0.634,0.221,0.781,0.725,-0.23,0.68,0.472,0.384,0.853,0.628,0.356,0.606,0.064,0.421,0.723,0.834,0.665,0.23,0.621,0.614,0.89,0.12,0.245,0.784,0.093,0.704,0.164,-0.357,0.355,0.312,0.835,0.104,0.085,0.773,0.874,-0.552,0.225,0.422,-0.601,0.577,0.853,0.813,0.803,0.813,0.823,-0.497,-0.453,0.69,0.486,-0.564,0.86,0.437,0.656,0.696,0.533,0.759,0.887,0.503,0.318,0.238,0.61,0.619,0.707,0.64,-0.114,0.807,0.623,0.562,-0.45,0.828,0.722,0.741,0.634,-0.71,-0.18,-0.616,-0.601,0.099,-0.565,0.597,0.794,-0.548,0.877,-0.569,0.502,0.792,0.333,-0.117,0.702,0.102,-0.471,0.033,0.59,0.26,0.266,0.764,0.052,0.031,-0.426,0.569,-0.387,0.217,0.508,-0.348,0.884,0.614,0.797,0.782,-0.666,0.767,-0.035,0.196,-0.234,0.785,0.566,0.738,0.83,0.696,0.548,0.372,0.673,-0.331,-0.205,-0.183,-0.572,0.89,0.281,0.578,0.162,0.696,0.738,-0.449,0.674,0.828,0.633,-0.326,0.149,0.424,-0.253,0.535,0.131,0.513,0.587,-0.177,0.265,0.746,0.767,0.937,0.03,0.048,0.684,0.749,-0.704,0.638,0.7,0.702,0.632,0.607,0.582
000858SZ,0.348,-0.279,0.827,0.835,0.305,0.389,0.885,0.411,-0.331,0.698,0.668,0.699,0.571,0.538,0.782,0.622,0.831,0.691,0.503,0.735,1.0,0.545,0.355,0.179,-0.068,0.672,0.671,0.874,0.078,0.3,0.77,0.64,0.564,0.376,0.445,0.627,0.32,0.407,0.442,0.272,0.566,0.741,-0.29,0.288,0.713,0.293,0.803,0.768,0.62,0.279,0.498,0.43,0.697,0.604,0.376,0.503,0.593,0.774,0.68,0.299,0.717,0.903,-0.042,0.641,0.712,0.175,0.647,0.811,0.153,0.813,-0.103,0.193,0.594,0.68,0.689,0.149,0.637,0.849,0.87,0.441,0.617,0.883,0.475,0.557,-0.076,0.078,0.775,0.625,0.846,-0.011,0.391,0.55,0.799,-0.213,0.575,0.73,-0.362,0.688,0.857,0.785,0.689,0.838,0.68,-0.104,-0.219,0.624,0.323,-0.181,0.675,0.522,0.813,0.689,0.813,0.758,0.769,0.597,0.408,0.423,0.414,0.896,0.866,0.491,0.294,0.721,0.852,0.571,-0.15,0.668,0.737,0.629,0.706,-0.485,0.106,-0.422,-0.429,0.387,-0.26,0.529,0.791,-0.229,0.823,-0.301,0.577,0.858,0.192,0.16,0.616,0.585,-0.138,0.433,0.629,0.395,0.748,0.674,0.182,0.356,-0.092,0.719,-0.082,0.121,0.361,0.124,0.677,0.741,0.781,0.689,-0.415,0.562,0.139,0.387,-0.02,0.904,0.364,0.691,0.593,0.541,0.781,0.103,0.54,-0.109,0.162,0.212,-0.306,0.816,0.429,0.349,0.533,0.855,0.89,-0.151,0.519,0.852,0.477,0.089,0.334,0.723,0.095,0.416,0.223,0.768,0.577,0.177,0.254,0.863,0.677,0.82,0.357,0.202,0.871,0.486,-0.417,0.605,0.78,0.596,0.543,0.486,0.756
000876SZ,-0.476,-0.828,0.638,0.689,-0.481,0.902,0.335,-0.308,-0.833,0.797,0.82,0.037,0.017,0.858,0.775,0.874,0.312,0.409,0.907,0.719,0.545,1.0,-0.172,-0.269,-0.578,0.349,0.815,0.683,-0.652,-0.418,0.579,0.799,0.817,0.474,0.905,0.868,0.894,-0.368,-0.356,-0.321,0.772,0.778,0.337,-0.493,0.769,0.802,0.719,0.848,0.801,0.713,0.845,0.903,0.815,0.428,0.809,0.808,0.784,0.69,0.789,0.321,0.814,0.428,-0.697,0.841,0.193,0.753,0.833,0.443,0.739,0.308,0.461,0.794,0.925,0.884,0.477,0.6,0.755,0.48,0.655,-0.356,-0.198,0.56,-0.185,0.903,0.631,-0.488,0.161,0.459,0.728,0.557,-0.087,0.853,0.677,-0.866,-0.182,-0.018,-0.725,0.145,0.717,0.407,0.858,0.793,0.875,-0.627,-0.766,0.857,-0.029,-0.764,0.89,-0.104,0.683,0.886,0.308,0.871,0.581,0.173,-0.163,0.288,0.74,0.307,0.59,0.394,-0.493,0.819,0.445,0.642,-0.603,0.906,0.63,0.904,0.601,-0.882,-0.526,-0.865,-0.77,-0.289,-0.839,0.808,0.714,-0.84,0.772,-0.575,0.537,0.698,-0.197,-0.568,0.892,0.028,-0.802,0.155,0.774,-0.327,0.01,0.85,0.125,-0.433,-0.746,0.373,-0.758,0.543,0.834,-0.497,0.896,0.445,0.763,0.874,-0.87,0.857,-0.581,0.229,-0.039,0.613,0.758,0.903,0.73,0.902,0.253,0.678,0.899,-0.594,-0.506,-0.558,-0.654,0.79,0.244,0.817,-0.2,0.514,0.467,-0.814,0.284,0.751,0.898,-0.482,0.359,0.218,-0.638,0.828,0.046,0.128,0.845,-0.404,0.615,0.62,0.636,0.676,-0.189,-0.265,0.484,0.915,-0.844,0.853,0.657,0.848,0.771,0.842,0.681
000895SZ,0.666,0.57,0.148,0.174,0.732,-0.431,0.521,0.623,0.543,-0.1,-0.099,0.66,0.474,-0.234,-0.154,-0.236,0.513,0.351,-0.337,-0.068,0.355,-0.172,1.0,0.233,0.472,0.275,-0.196,0.305,0.636,0.755,0.068,-0.256,-0.283,-0.206,-0.452,-0.292,-0.508,0.726,0.738,0.806,-0.238,-0.198,-0.65,0.691,-0.231,-0.433,-0.048,-0.144,-0.023,-0.584,-0.155,-0.288,-0.158,0.15,0.114,-0.344,-0.05,-0.147,-0.036,0.131,-0.186,0.4,0.528,-0.213,0.275,-0.602,-0.265,0.31,-0.589,0.157,-0.514,-0.562,-0.322,-0.172,0.394,-0.53,-0.206,0.136,0.152,0.557,0.635,0.218,0.669,-0.252,-0.596,0.571,0.628,0.355,0.25,-0.559,0.035,-0.327,-0.081,0.521,0.685,0.598,0.317,0.314,0.046,0.285,-0.218,0.049,-0.113,0.657,0.621,-0.289,0.177,0.615,-0.213,0.556,0.075,-0.085,0.709,0.066,-0.081,0.307,0.472,0.474,-0.371,0.444,0.248,0.298,0.745,-0.174,0.583,-0.234,0.749,-0.194,-0.165,-0.241,0.11,0.341,0.714,0.419,0.186,0.751,0.578,-0.335,0.148,0.538,0.005,0.04,-0.101,0.246,0.256,0.483,-0.171,0.514,0.614,0.291,-0.106,0.45,0.687,-0.095,0.02,0.71,0.643,0.058,0.609,-0.545,-0.439,0.712,-0.214,0.166,0.268,-0.165,0.442,-0.241,0.53,0.301,0.171,0.249,-0.359,-0.157,-0.364,-0.371,0.563,-0.248,-0.313,0.613,0.777,0.685,0.423,-0.042,0.084,-0.52,0.629,0.36,0.358,0.578,0.255,0.087,-0.321,0.542,0.268,0.468,0.679,-0.458,0.534,0.526,-0.268,0.765,-0.232,0.05,0.094,0.077,0.65,0.599,0.142,-0.387,0.161,-0.283,-0.017,-0.327,-0.328,-0.296,-0.022
000938SZ,0.404,0.271,0.322,0.163,0.492,-0.2,0.281,0.695,0.386,-0.147,-0.34,0.508,0.507,-0.097,0.114,-0.223,0.344,0.486,-0.294,-0.135,0.179,-0.269,0.233,1.0,0.566,-0.113,0.045,-0.06,0.486,0.34,0.209,0.101,-0.179,-0.181,-0.214,0.02,-0.267,0.519,0.472,0.385,-0.036,0.069,-0.143,0.3,-0.049,-0.127,-0.182,-0.139,-0.202,-0.194,-0.389,-0.335,-0.218,-0.269,-0.357,0.056,-0.405,0.206,-0.16,-0.482,0.119,0.311,0.419,-0.154,-0.036,-0.075,-0.139,0.404,-0.073,0.246,-0.119,-0.146,-0.25,-0.245,0.268,0.12,0.069,0.197,-0.039,0.478,0.544,0.124,0.067,-0.33,-0.373,0.073,0.227,-0.066,0.036,-0.183,0.488,0.005,0.056,0.364,0.269,0.284,0.346,0.01,0.078,0.119,-0.206,-0.055,-0.303,0.411,0.289,-0.011,0.264,0.488,-0.208,0.315,0.203,-0.069,0.115,-0.085,-0.126,-0.045,0.463,-0.331,0.104,0.375,0.004,-0.371,0.524,-0.122,0.177,-0.119,0.36,-0.27,0.153,-0.202,-0.168,0.165,0.541,0.127,0.445,0.285,0.264,0.043,0.176,0.398,-0.187,0.519,-0.154,0.133,0.309,0.557,-0.282,0.444,0.42,0.248,-0.132,0.411,0.4,-0.303,0.223,0.453,0.351,0.45,0.512,0.098,-0.163,0.552,-0.24,0.479,-0.079,-0.211,0.36,-0.342,0.181,-0.182,-0.33,0.137,-0.412,-0.059,-0.06,-0.127,0.382,-0.663,-0.165,0.41,0.228,0.307,-0.084,0.02,-0.308,-0.06,0.54,0.229,0.256,0.387,-0.249,0.006,-0.248,0.318,-0.246,0.413,0.347,-0.033,0.219,0.377,-0.093,0.486,0.098,0.191,-0.352,-0.049,-0.021,0.509,0.343,-0.351,0.498,-0.02,0.228,-0.052,-0.136,0.018,0.239
000963SZ,0.458,0.627,-0.008,-0.241,0.562,-0.593,0.083,0.75,0.7,-0.498,-0.49,0.333,0.378,-0.426,-0.331,-0.647,0.046,0.282,-0.583,-0.367,-0.068,-0.578,0.472,0.566,1.0,-0.083,-0.428,-0.296,0.738,0.657,-0.275,-0.296,-0.46,-0.482,-0.606,-0.467,-0.65,0.567,0.628,0.544,-0.439,-0.412,-0.256,0.366,-0.404,-0.401,-0.484,-0.502,-0.597,-0.546,-0.563,-0.587,-0.562,-0.238,-0.394,-0.322,-0.645,-0.202,-0.503,-0.472,-0.352,0.021,0.704,-0.453,-0.079,-0.459,-0.51,0.142,-0.422,-0.023,-0.397,-0.475,-0.608,-0.524,0.01,-0.214,-0.238,-0.239,-0.265,0.495,0.546,-0.102,0.207,-0.645,-0.563,0.291,0.065,-0.27,-0.296,-0.425,0.33,-0.455,-0.3,0.716,0.342,0.195,0.68,-0.035,-0.305,0.034,-0.545,-0.438,-0.576,0.726,0.73,-0.428,0.197,0.653,-0.538,0.379,-0.208,-0.53,0.094,-0.453,-0.337,-0.193,0.385,-0.268,-0.249,0.125,-0.29,-0.186,0.684,-0.522,0.007,-0.466,0.697,-0.603,-0.245,-0.541,-0.544,0.561,0.775,0.525,0.651,0.537,0.587,-0.305,-0.166,0.623,-0.475,0.74,-0.515,-0.221,0.31,0.656,-0.532,0.412,0.668,0.09,-0.466,0.403,0.278,-0.559,0.17,0.596,0.708,0.103,0.754,-0.204,-0.578,0.528,-0.532,0.168,-0.292,-0.576,0.723,-0.559,0.424,-0.171,-0.178,-0.238,-0.489,-0.539,-0.451,-0.513,0.113,-0.637,-0.547,0.635,0.529,0.464,0.319,-0.368,-0.356,-0.46,0.45,-0.136,-0.067,0.702,-0.08,-0.348,-0.561,0.447,-0.336,0.252,0.565,-0.457,0.409,0.191,-0.468,0.583,0.026,-0.229,-0.437,-0.328,0.142,0.555,-0.032,-0.643,0.725,-0.447,-0.181,-0.534,-0.542,-0.37,-0.252
000999SZ,0.222,-0.135,0.463,0.515,0.071,0.277,0.615,0.086,-0.369,0.508,0.555,0.323,0.114,0.431,0.469,0.547,0.47,0.341,0.452,0.458,0.672,0.349,0.275,-0.113,-0.083,1.0,0.494,0.763,-0.074,0.324,0.323,0.331,0.37,0.471,0.333,0.402,0.201,0.112,0.192,0.025,0.328,0.506,-0.111,0.223,0.609,0.228,0.731,0.55,0.532,0.174,0.44,0.378,0.651,0.616,0.198,0.32,0.572,0.472,0.67,0.522,0.383,0.541,-0.171,0.614,0.736,0.075,0.343,0.504,0.057,0.537,-0.182,0.121,0.468,0.559,0.229,0.045,0.467,0.505,0.631,0.226,0.337,0.513,0.579,0.537,0.103,0.313,0.671,0.729,0.579,0.134,0.358,0.279,0.591,-0.152,0.452,0.521,-0.223,0.679,0.565,0.456,0.627,0.629,0.606,-0.063,-0.24,0.425,-0.014,-0.226,0.538,0.26,0.526,0.448,0.674,0.527,0.61,0.51,0.007,0.603,0.233,0.534,0.734,0.563,0.04,0.523,0.607,0.555,-0.231,0.503,0.502,0.541,0.636,-0.251,-0.115,-0.21,-0.397,0.188,-0.175,0.369,0.521,-0.171,0.696,-0.146,0.537,0.552,-0.086,-0.106,0.505,0.441,-0.156,0.583,0.621,0.126,0.591,0.611,0.188,0.255,0.027,0.421,-0.128,0.084,0.298,0.061,0.514,0.447,0.593,0.583,-0.32,0.497,0.115,0.646,0.407,0.587,0.441,0.464,0.412,0.423,0.443,0.258,0.426,-0.163,0.235,0.257,0.024,0.579,0.688,0.204,0.201,0.539,0.55,-0.167,0.54,0.661,0.44,0.235,0.565,0.473,0.065,0.29,-0.003,0.44,0.429,-0.127,0.062,0.521,0.668,0.564,0.436,-0.194,0.48,0.426,-0.321,0.45,0.418,0.332,0.401,0.298,0.439
001965SZ,-0.251,-0.72,0.8,0.754,-0.318,0.848,0.496,-0.081,-0.788,0.791,0.715,0.191,0.148,0.831,0.874,0.872,0.481,0.582,0.861,0.655,0.671,0.815,-0.196,0.045,-0.428,0.494,1.0,0.707,-0.52,-0.271,0.685,0.902,0.773,0.526,0.861,0.923,0.776,-0.202,-0.217,-0.289,0.712,0.892,0.289,-0.303,0.9,0.754,0.804,0.865,0.774,0.671,0.651,0.748,0.844,0.413,0.468,0.844,0.645,0.837,0.845,0.234,0.906,0.57,-0.612,0.864,0.357,0.736,0.775,0.613,0.713,0.525,0.347,0.747,0.898,0.841,0.415,0.687,0.829,0.635,0.708,-0.17,0.043,0.604,-0.042,0.833,0.543,-0.333,0.374,0.582,0.755,0.594,0.304,0.854,0.812,-0.712,0.013,0.187,-0.564,0.247,0.816,0.416,0.875,0.867,0.798,-0.499,-0.753,0.92,-0.045,-0.635,0.858,-0.014,0.815,0.851,0.344,0.834,0.661,0.246,-0.068,0.174,0.755,0.505,0.718,0.215,-0.338,0.866,0.515,0.67,-0.655,0.837,0.86,0.905,0.629,-0.823,-0.448,-0.825,-0.588,-0.237,-0.752,0.879,0.813,-0.667,0.787,-0.305,0.635,0.765,-0.206,-0.391,0.799,0.264,-0.657,0.43,0.836,-0.176,0.265,0.799,0.299,-0.233,-0.614,0.691,-0.604,0.694,0.837,-0.255,0.844,0.651,0.675,0.872,-0.783,0.741,-0.471,0.314,-0.021,0.723,0.696,0.895,0.758,0.918,0.37,0.35,0.879,-0.521,-0.391,-0.364,-0.622,0.854,0.32,0.822,-0.007,0.625,0.604,-0.703,0.196,0.818,0.857,-0.292,0.384,0.448,-0.488,0.847,-0.126,0.249,0.875,-0.366,0.532,0.764,0.548,0.679,-0.102,-0.236,0.654,0.83,-0.64,0.919,0.748,0.845,0.715,0.875,0.815
002001SZ,0.129,-0.364,0.729,0.851,0.103,0.505,0.777,0.092,-0.527,0.793,0.79,0.511,0.314,0.697,0.758,0.781,0.721,0.528,0.656,0.741,0.874,0.683,0.305,-0.06,-0.296,0.763,0.707,1.0,-0.149,0.152,0.671,0.586,0.626,0.54,0.569,0.673,0.463,0.162,0.177,0.085,0.644,0.743,-0.174,0.128,0.737,0.452,0.869,0.833,0.819,0.335,0.693,0.635,0.851,0.662,0.528,0.561,0.819,0.717,0.848,0.559,0.685,0.798,-0.265,0.736,0.658,0.257,0.684,0.709,0.245,0.68,0.014,0.308,0.703,0.81,0.609,0.166,0.665,0.768,0.864,0.209,0.35,0.802,0.432,0.755,0.17,0.052,0.74,0.777,0.901,0.135,0.257,0.593,0.769,-0.416,0.417,0.555,-0.476,0.698,0.852,0.666,0.814,0.885,0.849,-0.294,-0.374,0.695,0.188,-0.331,0.784,0.363,0.781,0.792,0.837,0.877,0.762,0.585,0.18,0.673,0.44,0.742,0.914,0.632,0.005,0.793,0.84,0.698,-0.294,0.79,0.668,0.736,0.839,-0.55,-0.153,-0.496,-0.579,0.196,-0.402,0.579,0.767,-0.387,0.912,-0.498,0.711,0.866,0.033,-0.118,0.782,0.457,-0.335,0.489,0.765,0.179,0.627,0.839,0.099,0.167,-0.236,0.527,-0.297,0.118,0.478,-0.024,0.774,0.592,0.889,0.832,-0.584,0.739,-0.037,0.537,0.195,0.888,0.5,0.794,0.623,0.64,0.691,0.378,0.685,-0.293,0.051,0.099,-0.294,0.81,0.612,0.42,0.306,0.828,0.821,-0.34,0.584,0.912,0.651,-0.015,0.588,0.562,-0.089,0.495,0.137,0.606,0.683,-0.049,0.207,0.808,0.814,0.84,0.372,-0.023,0.742,0.645,-0.589,0.678,0.755,0.632,0.648,0.534,0.74
