,000001SZ,000002SZ,000157SZ,000166SZ,000333SZ,000338SZ,000538SZ,000568SZ,000596SZ,000617SZ,000625SZ,000651SZ,000661SZ,000708SZ,000725SZ,000768SZ,000776SZ,000786SZ,000800SZ,000807SZ,000858SZ,000876SZ,000895SZ,000938SZ,000963SZ,000999SZ,001965SZ,002001SZ,002007SZ,002027SZ,002028SZ,002050SZ,002129SZ,002179SZ,002230SZ,002236SZ,002241SZ,002271SZ,002304SZ,002311SZ,002371SZ,002415SZ,002422SZ,002459SZ,002460SZ,002463SZ,002466SZ,002475SZ,002493SZ,002555SZ,002594SZ,002601SZ,002648SZ,002709SZ,002714SZ,002916SZ,002920SZ,002938SZ,003816SZ,300014SZ,300033SZ,300059SZ,300122SZ,300124SZ,300274SZ,300308SZ,300316SZ,300347SZ,300394SZ,300408SZ,300413SZ,300418SZ,300433SZ,300450SZ,300498SZ,300502SZ,300628SZ,300661SZ,300750SZ,300759SZ,300760SZ,300782SZ,600000SS,600010SS,600011SS,600015SS,600016SS,600018SS,600019SS,600023SS,600025SS,600026SS,600028SS,600029SS,600031SS,600036SS,600048SS,600050SS,600061SS,600085SS,600089SS,600104SS,600111SS,600115SS,600161SS,600183SS,600188SS,600196SS,600219SS,600233SS,600276SS,600309SS,600332SS,600346SS,600362SS,600377SS,600406SS,600415SS,600426SS,600436SS,600438SS,600489SS,600519SS,600570SS,600585SS,600588SS,600600SS,600660SS,600674SS,600741SS,600760SS,600795SS,600809SS,600875SS,600886SS,600887SS,600926SS,600989SS,601006SS,601009SS,601012SS,601021SS,601058SS,601066SS,601088SS,601100SS,601117SS,601138SS,601166SS,601169SS,601186SS,601225SS,601229SS,601238SS,601288SS,601318SS,601319SS,601328SS,601336SS,601360SS,601390SS,601398SS,601600SS,601601SS,601607SS,601618SS,601628SS,601633SS,601658SS,601668SS,601669SS,601688SS,601689SS,601698SS,601699SS,601766SS,601788SS,601799SS,601800SS,601808SS,601816SS,601818SS,601838SS,601857SS,601865SS,601872SS,601877SS,601878SS,601881SS,601888SS,601899SS,601901SS,601919SS,601939SS,601985SS,601988SS,601998SS,603019SS,603195SS,603259SS,603260SS,603288SS,603369SS,603501SS,603659SS,603799SS,603806SS,603833SS,603986SS,603993SS,688008SS,688009SS,688012SS,688036SS,688111SS,688169SS,688396SS
000001SZ,1.0,0.562,0.811,0.488,-0.318,0.634,0.428,0.139,0.57,0.753,0.802,-0.346,0.454,0.685,0.249,0.561,0.614,0.202,0.77,0.313,0.299,0.089,0.7,-0.036,0.217,0.212,0.171,0.185,0.166,0.643,0.104,0.396,0.169,0.66,0.221,0.238,0.182,0.23,0.056,0.215,-0.224,0.195,0.162,0.088,0.396,-0.296,0.491,0.173,0.293,0.068,0.059,0.247,0.503,0.554,0.056,-0.13,0.273,-0.09,0.28,0.344,0.134,0.36,-0.276,0.055,-0.138,-0.277,0.422,0.28,-0.195,0.308,0.048,-0.077,0.244,0.536,-0.086,-0.049,-0.26,0.319,0.297,0.445,0.608,0.228,0.265,0.513,0.121,0.147,0.4,0.505,0.434,0.106,0.681,0.208,0.032,0.099,0.37,0.834,0.314,0.607,0.819,0.181,0.232,0.588,0.221,0.274,0.404,0.064,0.42,0.398,0.413,0.177,0.054,0.224,0.583,0.268,0.402,0.383,0.611,0.118,0.309,0.459,0.108,0.339,0.223,0.289,0.364,0.187,-0.215,0.257,0.32,0.733,-0.137,0.117,0.052,0.663,0.274,0.565,0.398,0.315,0.226,0.252,0.117,0.293,0.418,0.713,0.44,0.131,0.523,-0.169,0.455,0.149,0.135,0.716,0.252,0.474,0.261,0.411,0.111,0.294,0.262,-0.225,0.172,0.402,0.376,0.236,0.131,0.356,0.151,0.347,0.1,0.548,0.491,0.804,0.25,0.18,0.338,0.195,0.851,0.268,0.527,0.04,0.583,0.354,0.666,0.125,0.3,0.108,0.68,0.85,0.698,0.143,0.401,0.791,0.232,0.378,0.458,0.344,0.155,-0.263,0.301,0.228,0.306,0.234,0.383,0.377,0.431,0.616,0.12,0.127,0.164,0.142,0.01,-0.329,0.09,0.287,-0.034,0.257,0.356
000002SZ,0.562,1.0,0.375,-0.231,-0.477,0.355,-0.031,0.403,0.252,0.4,0.609,0.019,0.663,0.672,0.746,0.699,0.892,0.714,0.291,0.255,0.486,0.497,0.236,0.265,0.711,-0.383,-0.545,0.69,0.756,0.357,-0.372,0.569,0.672,0.531,0.134,0.566,0.742,0.699,0.281,0.481,-0.52,0.762,-0.15,0.254,0.48,0.048,0.742,0.737,0.786,-0.434,-0.399,0.759,0.845,0.419,0.418,0.307,0.667,0.427,-0.33,0.626,0.399,0.784,0.325,0.671,-0.549,-0.74,0.793,0.798,0.03,0.797,0.473,-0.631,0.711,0.643,0.397,0.187,0.092,0.788,-0.177,0.804,0.521,0.727,-0.412,0.839,-0.403,-0.532,-0.286,-0.182,0.506,-0.488,-0.005,0.308,-0.461,0.632,0.74,0.477,0.882,0.767,0.341,-0.462,-0.367,0.69,0.754,0.624,0.499,0.639,-0.092,0.834,0.726,0.729,-0.132,0.343,0.329,0.833,0.447,-0.284,0.832,-0.44,0.594,0.427,0.552,0.255,-0.113,0.539,0.876,0.666,0.236,0.236,-0.209,0.377,-0.577,-0.259,0.126,0.832,-0.321,0.06,-0.271,0.681,-0.441,-0.49,0.675,0.649,0.67,0.832,-0.269,0.471,-0.032,0.293,0.214,-0.481,-0.54,0.232,-0.434,0.799,-0.405,-0.295,-0.556,-0.397,-0.408,-0.083,-0.445,-0.259,0.081,-0.437,-0.529,-0.309,-0.53,0.246,-0.553,-0.03,0.014,0.22,0.74,0.458,-0.08,-0.11,0.744,0.65,-0.0,-0.246,-0.148,-0.344,0.202,-0.423,0.688,0.465,0.539,0.815,0.138,0.69,0.673,0.807,0.033,-0.281,-0.185,-0.309,-0.5,-0.666,0.476,0.809,0.733,0.598,0.147,0.853,0.542,0.846,0.554,0.701,0.657,0.287,0.55,-0.741,-0.004,0.319,-0.131,0.666,0.73
000157SZ,0.811,0.375,1.0,0.504,-0.276,0.823,0.68,0.216,0.79,0.69,0.791,-0.61,0.441,0.575,0.18,0.608,0.505,0.275,0.633,-0.059,0.344,0.107,0.619,-0.1,0.228,0.415,0.288,0.091,-0.075,0.8,0.015,0.42,0.186,0.654,0.37,0.221,0.154,0.229,0.111,0.213,-0.299,0.095,0.108,0.159,0.116,-0.333,0.232,0.112,0.2,0.411,0.19,0.018,0.35,0.462,0.109,-0.208,0.132,-0.136,0.352,0.284,0.08,0.272,-0.391,0.026,-0.051,-0.118,0.323,0.003,-0.234,0.224,0.252,0.171,0.189,0.516,-0.142,-0.308,-0.035,0.177,0.315,0.163,0.51,0.124,0.204,0.362,0.169,0.138,0.47,0.411,0.088,0.057,0.584,-0.166,0.032,0.003,0.367,0.515,0.15,0.327,0.907,0.417,0.225,0.418,0.063,0.188,0.219,-0.048,0.361,0.308,0.088,0.049,-0.141,-0.025,0.321,0.037,0.113,0.397,0.519,0.198,0.265,0.525,-0.048,0.409,0.382,0.303,0.245,0.133,-0.192,0.28,0.317,0.636,-0.172,-0.016,0.199,0.593,0.373,0.85,0.434,0.21,0.204,0.222,-0.011,0.258,0.349,0.649,0.309,-0.051,0.438,-0.359,0.012,0.09,0.192,0.548,0.195,0.347,0.275,0.544,0.214,0.292,0.429,-0.147,0.167,0.33,0.144,0.27,0.228,0.379,0.228,0.026,0.072,0.576,0.302,0.722,0.1,0.064,0.528,0.211,0.714,-0.03,0.499,-0.237,0.738,0.34,0.344,0.1,0.243,-0.238,0.809,0.737,0.78,-0.026,0.162,0.728,-0.115,0.305,0.466,0.356,0.177,-0.298,0.381,0.028,0.17,0.248,0.53,0.242,0.254,0.493,0.193,0.046,-0.014,-0.181,-0.131,-0.296,-0.225,0.521,0.038,0.296,0.342
000166SZ,0.488,-0.231,0.504,1.0,0.334,0.27,0.641,-0.603,0.216,0.458,0.227,-0.303,-0.172,-0.131,-0.642,-0.249,-0.258,-0.587,0.541,0.23,-0.493,-0.727,0.375,-0.565,-0.634,0.675,0.865,-0.689,-0.554,0.549,0.518,-0.348,-0.686,0.154,-0.15,-0.489,-0.683,-0.644,-0.614,-0.559,0.346,-0.694,0.673,-0.286,-0.005,-0.597,-0.24,-0.711,-0.615,0.566,0.435,-0.601,-0.425,0.381,-0.701,-0.674,-0.532,-0.744,0.892,-0.345,-0.551,-0.562,-0.776,-0.775,0.531,0.535,-0.387,-0.569,-0.477,-0.585,-0.533,0.694,-0.603,-0.186,-0.781,-0.253,-0.662,-0.605,0.73,-0.361,0.226,-0.692,0.89,-0.379,0.798,0.882,0.904,0.882,0.149,0.837,0.86,0.005,0.803,-0.745,-0.517,0.387,-0.574,-0.079,0.621,0.783,0.821,-0.262,-0.655,-0.581,0.244,-0.751,0.354,-0.501,-0.253,-0.703,0.494,-0.291,0.363,-0.428,0.184,0.916,-0.272,0.844,-0.52,-0.083,-0.349,0.438,-0.013,-0.506,-0.557,-0.692,-0.804,-0.171,0.885,0.311,0.617,0.694,-0.454,-0.085,0.879,0.513,0.922,-0.552,0.904,0.878,-0.753,-0.532,-0.242,-0.083,0.901,-0.492,0.75,-0.663,0.312,0.87,0.884,0.36,0.913,-0.441,0.924,0.933,0.883,0.941,0.886,-0.544,0.838,0.937,0.619,0.923,0.861,0.923,0.882,0.065,0.86,0.878,0.668,0.844,-0.636,-0.533,0.159,0.6,0.208,-0.543,0.831,0.522,0.877,0.949,0.516,0.855,-0.55,-0.338,0.166,0.152,0.761,-0.717,-0.165,0.025,0.284,0.925,0.902,0.911,0.885,0.511,-0.416,-0.652,-0.576,-0.623,-0.098,-0.492,0.072,-0.192,-0.674,-0.746,-0.668,-0.147,-0.723,0.518,0.034,-0.268,-0.21,-0.575,-0.524
000333SZ,-0.318,-0.477,-0.276,0.334,1.0,-0.584,-0.119,-0.581,-0.587,-0.557,-0.452,0.558,-0.545,-0.493,-0.586,-0.603,-0.706,-0.603,0.07,0.361,-0.683,-0.594,0.082,-0.124,-0.722,-0.086,0.354,-0.522,-0.244,-0.214,0.721,-0.663,-0.665,-0.506,-0.314,-0.334,-0.724,-0.656,-0.524,-0.45,0.717,-0.559,0.368,-0.022,0.117,0.1,-0.189,-0.624,-0.637,-0.026,0.243,-0.394,-0.596,0.08,-0.524,-0.093,-0.358,-0.237,0.292,-0.521,-0.357,-0.573,-0.217,-0.655,0.656,0.761,-0.557,-0.47,0.229,-0.526,-0.73,0.337,-0.491,-0.497,-0.279,0.431,-0.476,-0.605,0.433,-0.387,-0.18,-0.61,0.53,-0.527,0.323,0.546,0.141,0.396,0.118,0.516,0.179,0.287,0.606,-0.465,-0.57,-0.078,-0.656,-0.329,-0.34,0.174,0.584,-0.441,-0.487,-0.455,-0.1,-0.426,0.219,-0.58,-0.127,-0.449,0.592,0.08,-0.004,-0.268,0.146,0.212,-0.53,0.402,-0.517,-0.725,-0.074,-0.003,-0.235,-0.532,-0.598,-0.604,-0.4,-0.048,0.379,-0.261,0.723,0.357,-0.431,-0.594,0.246,-0.265,0.232,-0.579,0.488,0.467,-0.486,-0.44,-0.144,-0.665,0.391,-0.063,0.319,0.004,0.155,0.559,0.548,-0.101,0.543,-0.592,0.397,0.31,0.487,0.387,0.253,-0.293,0.607,0.316,0.454,0.519,0.524,0.406,0.604,0.277,0.599,0.108,0.202,0.093,-0.608,-0.287,-0.162,0.498,-0.51,-0.321,0.311,0.555,0.018,0.333,0.231,0.554,-0.512,0.139,-0.604,-0.54,-0.23,-0.421,-0.051,-0.569,0.515,0.291,0.207,0.217,0.429,0.83,-0.612,-0.538,-0.462,-0.568,-0.526,-0.479,-0.001,-0.396,-0.665,-0.449,-0.409,0.314,-0.325,0.779,0.326,-0.588,0.101,-0.699,-0.698
000338SZ,0.634,0.355,0.823,0.27,-0.584,1.0,0.6,0.389,0.939,0.74,0.672,-0.831,0.509,0.492,0.291,0.598,0.601,0.432,0.344,-0.432,0.529,0.29,0.378,-0.04,0.431,0.539,0.177,0.165,-0.128,0.722,-0.4,0.515,0.374,0.647,0.484,0.268,0.341,0.4,0.294,0.213,-0.611,0.197,-0.126,-0.028,-0.183,-0.288,0.055,0.256,0.339,0.539,0.1,0.019,0.386,0.145,0.244,-0.186,0.116,-0.064,0.191,0.294,0.173,0.331,-0.315,0.225,-0.329,-0.32,0.29,-0.001,-0.321,0.254,0.552,0.1,0.249,0.453,-0.06,-0.516,0.302,0.23,-0.012,0.046,0.304,0.239,-0.027,0.318,0.055,-0.047,0.431,0.082,-0.16,-0.166,0.285,-0.505,-0.211,0.049,0.406,0.307,0.323,0.2,0.842,0.406,-0.049,0.308,0.087,0.211,0.126,0.05,0.107,0.369,-0.112,0.131,-0.465,-0.229,0.187,-0.068,-0.205,0.288,0.492,-0.001,0.303,0.759,-0.175,0.269,0.402,0.309,0.343,0.269,0.004,0.102,0.104,0.526,-0.404,-0.099,0.253,0.638,0.284,0.806,0.248,0.294,-0.044,0.012,0.087,0.24,0.204,0.718,0.064,-0.168,0.049,-0.376,-0.185,-0.128,-0.016,0.382,-0.041,0.361,0.13,0.326,0.042,0.141,0.32,0.086,-0.158,0.178,-0.265,0.048,-0.027,0.11,-0.04,-0.287,-0.161,0.4,-0.038,0.479,0.206,0.089,0.493,-0.135,0.679,-0.074,0.199,-0.531,0.607,0.188,0.011,-0.137,0.301,-0.491,0.895,0.66,0.761,0.008,-0.102,0.692,-0.486,0.178,0.288,0.288,0.025,-0.518,0.506,0.107,0.157,0.375,0.657,0.267,-0.014,0.33,0.407,0.124,0.028,-0.479,-0.055,-0.511,-0.493,0.706,0.021,0.494,0.506
000538SZ,0.428,-0.031,0.68,0.641,-0.119,0.6,1.0,-0.192,0.605,0.587,0.498,-0.729,0.273,0.03,-0.353,0.186,0.049,-0.054,0.269,-0.288,-0.112,-0.361,0.114,-0.663,-0.1,0.772,0.604,-0.369,-0.461,0.678,-0.042,0.039,-0.255,0.439,-0.055,-0.336,-0.242,-0.197,-0.322,-0.239,-0.145,-0.378,0.522,-0.009,-0.212,-0.73,-0.324,-0.372,-0.283,0.656,0.56,-0.527,-0.196,0.402,-0.301,-0.706,-0.353,-0.641,0.7,0.068,-0.511,-0.304,-0.53,-0.314,0.302,0.181,-0.02,-0.4,-0.685,-0.319,0.116,0.57,-0.372,0.219,-0.656,-0.709,-0.155,-0.336,0.599,-0.277,0.373,-0.381,0.383,-0.188,0.637,0.416,0.708,0.433,-0.279,0.428,0.543,-0.419,0.429,-0.447,-0.177,-0.034,-0.249,-0.155,0.773,0.783,0.375,-0.124,-0.422,-0.382,0.277,-0.571,-0.003,-0.183,-0.407,-0.447,0.082,-0.502,0.211,-0.318,-0.134,0.647,-0.024,0.622,-0.193,0.345,-0.199,0.577,0.228,-0.235,-0.267,-0.387,-0.44,-0.016,0.645,0.444,0.212,0.339,0.01,0.247,0.758,0.841,0.744,-0.28,0.499,0.536,-0.493,-0.227,-0.048,0.196,0.399,-0.586,0.46,-0.812,-0.194,0.385,0.486,0.058,0.423,-0.165,0.58,0.811,0.613,0.573,0.796,-0.481,0.409,0.55,0.141,0.575,0.624,0.611,0.554,-0.335,0.377,0.747,0.351,0.523,-0.331,-0.539,0.323,0.399,0.299,-0.561,0.493,-0.017,0.851,0.593,0.018,0.448,-0.296,-0.616,0.574,0.298,0.799,-0.517,-0.259,0.239,-0.348,0.543,0.656,0.643,0.558,-0.116,0.13,-0.414,-0.393,-0.252,0.217,-0.269,0.167,-0.013,-0.184,-0.434,-0.569,-0.605,-0.677,0.036,-0.42,0.16,-0.422,-0.081,-0.157
000568SZ,0.139,0.403,0.216,-0.603,-0.581,0.389,-0.192,1.0,0.504,0.076,0.357,-0.185,0.417,0.671,0.803,0.74,0.645,0.784,0.018,-0.356,0.965,0.923,0.187,0.588,0.815,-0.315,-0.644,0.802,0.364,-0.099,-0.416,0.774,0.881,0.359,0.532,0.66,0.772,0.876,0.952,0.859,-0.548,0.759,-0.785,0.478,0.028,0.431,0.373,0.791,0.785,-0.25,-0.176,0.594,0.717,-0.128,0.949,0.577,0.705,0.69,-0.725,0.586,0.763,0.803,0.443,0.796,-0.591,-0.679,0.569,0.512,0.383,0.724,0.645,-0.635,0.732,0.616,0.783,-0.037,0.751,0.744,-0.506,0.376,0.039,0.829,-0.74,0.63,-0.748,-0.779,-0.563,-0.608,-0.215,-0.853,-0.4,-0.217,-0.883,0.818,0.842,0.037,0.652,0.258,0.025,-0.478,-0.672,0.668,0.695,0.844,-0.327,0.731,0.149,0.686,0.259,0.761,-0.761,0.454,-0.172,0.329,-0.291,-0.638,0.628,-0.796,0.864,0.584,0.212,-0.39,0.61,0.815,0.704,0.86,0.838,0.558,-0.756,0.283,-0.793,-0.792,0.823,0.494,-0.671,0.136,-0.651,0.812,-0.771,-0.682,0.797,0.835,0.488,0.592,-0.643,0.511,-0.51,0.422,-0.2,-0.836,-0.781,0.248,-0.788,0.729,-0.746,-0.552,-0.767,-0.736,-0.611,0.68,-0.78,-0.711,-0.665,-0.774,-0.733,-0.725,-0.74,0.048,-0.833,-0.572,-0.539,-0.287,0.759,0.657,0.473,-0.661,0.365,0.547,-0.577,-0.795,-0.318,-0.703,-0.195,-0.876,0.82,0.102,0.446,0.346,-0.183,0.747,0.139,0.52,-0.395,-0.705,-0.657,-0.66,-0.783,-0.754,0.805,0.616,0.747,0.918,0.782,0.605,0.064,0.494,0.926,0.801,0.708,-0.039,0.651,-0.751,-0.133,0.762,0.439,0.839,0.815
000596SZ,0.57,0.252,0.79,0.216,-0.587,0.939,0.605,0.504,1.0,0.668,0.665,-0.845,0.508,0.511,0.257,0.614,0.539,0.43,0.32,-0.49,0.613,0.347,0.365,-0.05,0.436,0.528,0.134,0.183,-0.175,0.6,-0.347,0.562,0.383,0.642,0.442,0.219,0.319,0.426,0.405,0.336,-0.559,0.175,-0.179,0.083,-0.193,-0.291,0.022,0.234,0.322,0.512,0.206,-0.018,0.373,0.135,0.343,-0.184,0.134,-0.065,0.123,0.338,0.186,0.31,-0.236,0.231,-0.282,-0.313,0.309,-0.038,-0.302,0.221,0.524,0.083,0.218,0.507,-0.013,-0.566,0.366,0.218,0.023,0.004,0.295,0.244,-0.094,0.271,0.025,-0.1,0.348,0.015,-0.304,-0.19,0.249,-0.539,-0.274,0.099,0.413,0.223,0.258,0.103,0.759,0.392,-0.106,0.334,0.075,0.261,-0.016,0.022,0.136,0.333,-0.182,0.134,-0.505,-0.154,0.053,-0.132,-0.319,0.213,0.449,-0.029,0.374,0.751,-0.206,0.177,0.587,0.348,0.285,0.275,0.13,0.215,0.038,0.528,-0.419,-0.188,0.431,0.565,0.229,0.827,0.212,0.311,-0.078,0.005,0.105,0.299,0.211,0.642,0.007,-0.166,0.032,-0.372,-0.266,-0.191,-0.05,0.357,-0.104,0.352,0.058,0.304,0.012,0.077,0.291,0.144,-0.169,0.085,-0.353,-0.004,-0.02,0.071,-0.05,-0.259,-0.196,0.31,-0.083,0.38,0.218,0.088,0.583,-0.206,0.58,-0.082,0.116,-0.614,0.586,0.118,-0.024,-0.203,0.313,-0.512,0.864,0.553,0.68,0.029,-0.156,0.616,-0.544,0.088,0.201,0.204,-0.019,-0.547,0.577,0.07,0.163,0.417,0.777,0.198,-0.004,0.299,0.454,0.146,0.024,-0.518,-0.082,-0.494,-0.462,0.702,0.053,0.517,0.475
000617SZ,0.753,0.4,0.69,0.458,-0.557,0.74,0.587,0.076,0.668,1.0,0.63,-0.635,0.345,0.443,0.127,0.415,0.535,0.12,0.43,-0.015,0.256,-0.014,0.327,-0.255,0.19,0.502,0.308,-0.012,-0.097,0.691,-0.24,0.341,0.116,0.588,0.218,-0.015,0.204,0.144,-0.001,-0.018,-0.417,0.034,0.166,-0.22,0.067,-0.49,0.152,0.095,0.137,0.326,0.042,0.019,0.286,0.316,-0.048,-0.334,-0.056,-0.261,0.415,0.224,-0.041,0.169,-0.406,0.047,-0.212,-0.364,0.31,0.091,-0.538,0.119,0.233,0.125,0.099,0.337,-0.279,-0.488,-0.173,0.17,0.172,0.185,0.299,0.097,0.221,0.324,0.258,0.173,0.549,0.372,0.181,0.164,0.535,-0.155,0.075,-0.104,0.222,0.481,0.262,0.368,0.801,0.398,0.151,0.28,0.029,0.007,0.296,-0.097,0.113,0.233,0.071,-0.071,-0.152,-0.26,0.508,0.053,0.185,0.535,0.363,0.237,0.074,0.675,-0.139,0.369,0.081,0.13,0.239,0.081,-0.313,-0.116,0.318,0.567,-0.2,0.234,-0.002,0.583,0.42,0.572,0.457,0.147,0.253,0.212,-0.077,0.021,0.058,0.616,0.391,-0.222,0.347,-0.415,0.215,0.164,0.162,0.448,0.214,0.292,0.344,0.394,0.183,0.365,0.384,-0.235,0.087,0.452,0.159,0.208,0.142,0.356,0.077,-0.123,0.091,0.611,0.41,0.602,0.134,-0.05,0.223,0.145,0.725,-0.024,0.427,-0.029,0.625,0.433,0.278,0.159,0.125,-0.28,0.693,0.702,0.823,-0.111,0.076,0.604,-0.13,0.465,0.513,0.504,0.265,-0.357,0.248,0.087,0.08,0.078,0.317,0.151,0.125,0.366,0.101,-0.096,-0.041,-0.236,-0.147,-0.329,-0.203,0.33,-0.219,0.214,0.29
000625SZ,0.802,0.609,0.791,0.227,-0.452,0.672,0.498,0.357,0.665,0.63,1.0,-0.449,0.672,0.754,0.402,0.764,0.73,0.518,0.651,0.121,0.467,0.29,0.439,-0.042,0.483,0.151,-0.048,0.44,0.309,0.537,-0.058,0.697,0.422,0.786,0.17,0.29,0.416,0.46,0.22,0.459,-0.36,0.396,0.099,0.35,0.421,-0.336,0.526,0.366,0.487,0.05,0.2,0.325,0.643,0.593,0.307,-0.121,0.474,-0.011,0.101,0.662,0.154,0.498,-0.012,0.346,-0.191,-0.414,0.675,0.399,-0.237,0.467,0.358,-0.173,0.386,0.834,0.022,-0.169,0.07,0.47,0.257,0.527,0.695,0.414,-0.121,0.627,0.011,-0.192,0.136,0.184,0.183,-0.122,0.415,0.103,-0.185,0.346,0.556,0.51,0.413,0.559,0.753,0.073,-0.067,0.714,0.421,0.457,0.444,0.181,0.202,0.597,0.407,0.35,-0.035,0.233,0.299,0.384,0.257,0.095,0.756,-0.016,0.551,0.512,0.345,0.374,0.364,0.438,0.494,0.347,0.068,0.487,0.164,0.726,-0.32,-0.151,0.343,0.834,0.116,0.634,0.24,0.543,-0.023,-0.038,0.313,0.523,0.6,0.799,0.071,0.134,0.395,-0.188,0.054,-0.175,-0.127,0.435,-0.086,0.682,-0.036,0.27,-0.1,-0.007,0.129,-0.162,-0.027,0.073,0.155,-0.023,-0.036,0.162,-0.053,0.314,-0.203,0.359,0.283,0.545,0.494,0.156,0.361,0.023,0.793,0.32,0.299,-0.264,0.458,0.045,0.362,-0.124,0.505,0.101,0.829,0.848,0.553,0.322,0.41,0.854,-0.057,0.044,0.24,0.06,-0.082,-0.57,0.536,0.375,0.448,0.447,0.481,0.51,0.589,0.732,0.393,0.323,0.255,-0.064,0.048,-0.577,-0.041,0.461,-0.158,0.489,0.538
000651SZ,-0.346,0.019,-0.61,-0.303,0.558,-0.831,-0.729,-0.185,-0.845,-0.635,-0.449,1.0,-0.359,-0.148,0.074,-0.321,-0.25,-0.191,-0.047,0.622,-0.287,-0.044,-0.055,0.372,-0.217,-0.762,-0.396,0.133,0.435,-0.613,0.41,-0.291,-0.097,-0.531,-0.278,0.093,-0.082,-0.11,-0.098,0.006,0.516,0.113,-0.095,0.152,0.482,0.522,0.351,0.056,-0.028,-0.754,-0.286,0.343,-0.026,-0.013,-0.027,0.512,0.222,0.401,-0.376,-0.138,0.161,0.046,0.413,-0.011,0.122,0.103,-0.045,0.287,0.564,0.112,-0.475,-0.423,0.141,-0.252,0.365,0.785,-0.29,0.093,-0.092,0.265,-0.184,0.081,-0.044,0.065,-0.334,-0.105,-0.54,-0.066,0.463,-0.049,-0.209,0.693,0.008,0.223,-0.049,0.051,-0.01,0.154,-0.709,-0.635,0.024,0.048,0.237,0.135,-0.065,0.296,0.108,-0.014,0.505,0.203,0.373,0.514,0.025,0.383,0.426,-0.42,-0.123,-0.265,-0.027,-0.668,0.342,-0.336,-0.4,-0.035,0.032,0.049,0.057,0.098,-0.241,-0.322,0.159,-0.057,-0.208,-0.341,-0.476,-0.813,-0.408,0.019,-0.114,-0.18,0.223,0.066,0.145,-0.374,-0.087,0.537,-0.031,0.657,0.391,-0.026,-0.139,-0.077,-0.069,-0.018,-0.286,-0.44,-0.263,-0.283,-0.522,-0.001,0.039,-0.26,0.321,-0.196,-0.214,-0.221,-0.14,0.539,-0.03,-0.431,0.037,-0.266,0.083,0.276,-0.41,0.099,-0.354,0.387,-0.11,0.44,-0.662,-0.302,0.249,-0.042,0.058,0.746,-0.735,-0.321,-0.725,0.311,0.405,-0.334,0.666,-0.28,-0.371,-0.426,-0.255,0.388,-0.33,0.208,0.215,-0.085,-0.542,0.1,0.161,0.054,-0.179,0.198,0.336,0.762,0.404,0.301,0.624,-0.501,0.199,-0.229,-0.175
000661SZ,0.454,0.663,0.441,-0.172,-0.545,0.509,0.273,0.417,0.508,0.345,0.672,-0.359,1.0,0.536,0.489,0.715,0.696,0.724,0.211,-0.134,0.48,0.451,0.146,0.045,0.656,0.01,-0.348,0.523,0.472,0.269,-0.433,0.58,0.577,0.695,0.092,0.385,0.577,0.647,0.288,0.456,-0.494,0.557,-0.039,0.239,0.179,-0.156,0.386,0.513,0.64,-0.08,-0.033,0.416,0.661,0.335,0.385,0.025,0.528,0.173,-0.206,0.606,0.202,0.539,0.387,0.549,-0.418,-0.521,0.615,0.509,-0.168,0.543,0.531,-0.362,0.456,0.668,0.165,-0.12,0.297,0.555,-0.067,0.532,0.526,0.53,-0.414,0.518,-0.198,-0.468,-0.129,-0.243,-0.008,-0.395,-0.003,-0.009,-0.438,0.472,0.54,0.222,0.62,0.421,0.428,-0.142,-0.381,0.51,0.501,0.495,0.503,0.334,-0.223,0.676,0.294,0.535,-0.156,0.156,0.052,0.413,0.021,-0.212,0.691,-0.276,0.569,0.465,0.353,0.23,0.204,0.392,0.59,0.465,0.285,0.368,-0.108,0.382,-0.446,-0.256,0.247,0.703,-0.115,0.389,-0.087,0.507,-0.366,-0.298,0.476,0.526,0.465,0.659,-0.332,0.116,-0.017,0.027,-0.195,-0.469,-0.398,0.037,-0.41,0.621,-0.322,-0.083,-0.356,-0.297,-0.127,-0.025,-0.346,-0.237,-0.194,-0.305,-0.316,-0.224,-0.346,0.053,-0.47,0.053,-0.063,0.143,0.567,0.224,0.077,-0.215,0.502,0.375,-0.052,-0.49,0.104,-0.276,0.0,-0.387,0.498,0.1,0.682,0.593,0.237,0.455,0.3,0.627,-0.303,-0.261,-0.104,-0.208,-0.366,-0.716,0.624,0.552,0.483,0.521,0.385,0.574,0.485,0.546,0.537,0.527,0.355,-0.224,0.206,-0.666,-0.213,0.396,-0.256,0.665,0.6
000708SZ,0.685,0.672,0.575,-0.131,-0.493,0.492,0.03,0.671,0.511,0.443,0.754,-0.148,0.536,1.0,0.738,0.859,0.804,0.622,0.623,0.207,0.756,0.623,0.555,0.433,0.651,-0.248,-0.378,0.743,0.484,0.249,-0.047,0.821,0.689,0.653,0.374,0.586,0.647,0.709,0.606,0.778,-0.375,0.703,-0.383,0.494,0.5,0.124,0.737,0.68,0.721,-0.309,-0.138,0.692,0.858,0.399,0.636,0.373,0.753,0.45,-0.331,0.678,0.602,0.805,0.24,0.58,-0.39,-0.647,0.73,0.649,0.213,0.744,0.36,-0.568,0.715,0.793,0.522,0.098,0.198,0.789,-0.116,0.665,0.466,0.744,-0.363,0.876,-0.478,-0.448,-0.243,-0.042,0.338,-0.487,0.214,0.24,-0.544,0.671,0.845,0.588,0.63,0.715,0.421,-0.359,-0.28,0.927,0.731,0.788,0.135,0.587,0.434,0.787,0.647,0.676,-0.322,0.594,0.371,0.562,0.307,-0.256,0.855,-0.47,0.82,0.525,0.363,-0.0,0.423,0.773,0.74,0.72,0.37,0.62,-0.328,0.682,-0.565,-0.453,0.524,0.799,-0.372,0.268,-0.249,0.807,-0.334,-0.365,0.68,0.754,0.696,0.816,-0.133,0.562,0.092,0.296,0.198,-0.449,-0.476,0.647,-0.363,0.878,-0.382,-0.179,-0.494,-0.359,-0.352,0.24,-0.379,-0.253,-0.031,-0.4,-0.411,-0.265,-0.416,0.468,-0.483,-0.073,0.064,0.29,0.751,0.621,0.461,-0.254,0.771,0.695,-0.044,-0.362,0.044,-0.299,0.404,-0.494,0.82,0.379,0.648,0.79,0.167,0.684,0.562,0.834,0.092,-0.278,-0.169,-0.312,-0.454,-0.617,0.695,0.64,0.809,0.739,0.628,0.717,0.433,0.837,0.657,0.662,0.673,0.285,0.525,-0.7,0.143,0.591,0.245,0.683,0.765
000725SZ,0.249,0.746,0.18,-0.642,-0.586,0.291,-0.353,0.803,0.257,0.127,0.402,0.074,0.489,0.738,1.0,0.758,0.829,0.839,0.099,0.001,0.823,0.886,0.191,0.691,0.884,-0.571,-0.8,0.935,0.73,0.007,-0.461,0.763,0.942,0.364,0.458,0.809,0.945,0.921,0.753,0.792,-0.547,0.963,-0.692,0.389,0.336,0.495,0.698,0.979,0.937,-0.509,-0.513,0.897,0.901,0.014,0.839,0.727,0.849,0.832,-0.745,0.632,0.81,0.979,0.539,0.912,-0.731,-0.828,0.764,0.837,0.441,0.967,0.67,-0.816,0.954,0.627,0.844,0.249,0.519,0.961,-0.605,0.733,0.202,0.98,-0.755,0.896,-0.834,-0.845,-0.651,-0.537,0.254,-0.869,-0.359,0.152,-0.865,0.91,0.947,0.244,0.885,0.634,0.023,-0.704,-0.684,0.786,0.933,0.905,0.025,0.95,0.018,0.918,0.657,0.925,-0.561,0.506,0.065,0.725,0.16,-0.686,0.824,-0.851,0.853,0.465,0.443,-0.2,0.174,0.859,0.957,0.976,0.658,0.415,-0.727,0.216,-0.874,-0.717,0.53,0.663,-0.755,-0.104,-0.715,0.908,-0.796,-0.818,0.935,0.856,0.637,0.739,-0.633,0.712,-0.418,0.631,-0.023,-0.839,-0.855,0.23,-0.795,0.902,-0.799,-0.675,-0.884,-0.791,-0.766,0.484,-0.782,-0.697,-0.372,-0.826,-0.866,-0.719,-0.855,0.199,-0.882,-0.493,-0.344,-0.183,0.92,0.785,0.142,-0.496,0.526,0.802,-0.422,-0.583,-0.466,-0.742,-0.021,-0.854,0.927,0.457,0.395,0.587,-0.236,0.916,0.538,0.688,-0.121,-0.705,-0.605,-0.716,-0.866,-0.763,0.678,0.905,0.937,0.911,0.455,0.901,0.228,0.755,0.877,0.936,0.93,0.297,0.883,-0.842,0.03,0.644,0.315,0.881,0.943
000768SZ,0.561,0.699,0.608,-0.249,-0.603,0.598,0.186,0.74,0.614,0.415,0.764,-0.321,0.715,0.859,0.758,1.0,0.847,0.817,0.366,-0.107,0.795,0.715,0.395,0.359,0.788,-0.166,-0.43,0.75,0.465,0.272,-0.347,0.829,0.815,0.762,0.41,0.631,0.75,0.833,0.631,0.746,-0.533,0.745,-0.395,0.492,0.277,0.128,0.559,0.741,0.798,-0.187,-0.045,0.582,0.833,0.315,0.713,0.334,0.743,0.469,-0.388,0.729,0.541,0.808,0.31,0.704,-0.493,-0.661,0.778,0.602,0.146,0.765,0.605,-0.524,0.728,0.829,0.491,-0.063,0.437,0.774,-0.141,0.6,0.407,0.776,-0.515,0.8,-0.482,-0.594,-0.277,-0.262,0.072,-0.626,0.005,-0.015,-0.623,0.71,0.861,0.317,0.712,0.544,0.484,-0.295,-0.41,0.804,0.715,0.77,0.16,0.594,0.191,0.814,0.469,0.704,-0.489,0.388,0.152,0.503,0.057,-0.321,0.837,-0.515,0.85,0.658,0.378,0.034,0.436,0.746,0.769,0.746,0.476,0.627,-0.353,0.606,-0.625,-0.553,0.567,0.822,-0.357,0.428,-0.284,0.777,-0.494,-0.452,0.693,0.804,0.649,0.835,-0.352,0.429,-0.057,0.199,-0.077,-0.614,-0.562,0.404,-0.535,0.857,-0.468,-0.189,-0.541,-0.457,-0.312,0.255,-0.501,-0.384,-0.261,-0.484,-0.473,-0.371,-0.493,0.178,-0.638,-0.118,-0.173,0.17,0.741,0.533,0.449,-0.275,0.704,0.558,-0.16,-0.591,0.039,-0.405,0.107,-0.589,0.812,0.182,0.748,0.741,0.208,0.666,0.406,0.825,-0.239,-0.405,-0.255,-0.37,-0.551,-0.801,0.816,0.651,0.752,0.804,0.655,0.747,0.449,0.771,0.793,0.716,0.618,-0.008,0.479,-0.798,-0.09,0.731,0.152,0.824,0.85
000776SZ,0.614,0.892,0.505,-0.258,-0.706,0.601,0.049,0.645,0.539,0.535,0.73,-0.25,0.696,0.804,0.829,0.847,1.0,0.807,0.311,0.018,0.742,0.674,0.283,0.332,0.843,-0.214,-0.52,0.771,0.622,0.37,-0.477,0.787,0.814,0.656,0.349,0.614,0.848,0.828,0.534,0.631,-0.67,0.806,-0.352,0.258,0.324,0.047,0.657,0.814,0.866,-0.26,-0.31,0.725,0.915,0.28,0.623,0.311,0.705,0.455,-0.381,0.702,0.534,0.866,0.272,0.775,-0.675,-0.834,0.822,0.732,0.001,0.837,0.649,-0.606,0.768,0.754,0.476,-0.027,0.336,0.844,-0.289,0.71,0.459,0.821,-0.519,0.873,-0.465,-0.615,-0.258,-0.276,0.284,-0.605,-0.025,0.07,-0.616,0.698,0.862,0.446,0.883,0.706,0.467,-0.374,-0.489,0.791,0.778,0.742,0.317,0.673,0.003,0.876,0.594,0.752,-0.401,0.336,0.255,0.678,0.22,-0.307,0.884,-0.525,0.745,0.658,0.421,0.133,0.182,0.679,0.908,0.778,0.389,0.341,-0.322,0.492,-0.736,-0.407,0.383,0.895,-0.35,0.248,-0.298,0.821,-0.523,-0.537,0.727,0.743,0.643,0.958,-0.341,0.409,-0.117,0.23,0.096,-0.6,-0.61,0.347,-0.538,0.889,-0.467,-0.301,-0.613,-0.451,-0.392,0.157,-0.557,-0.331,-0.166,-0.531,-0.604,-0.379,-0.611,0.154,-0.662,-0.077,-0.109,0.214,0.824,0.515,0.167,-0.315,0.837,0.618,-0.096,-0.485,-0.048,-0.392,0.125,-0.568,0.793,0.259,0.718,0.874,0.244,0.709,0.505,0.914,-0.179,-0.341,-0.222,-0.33,-0.554,-0.824,0.678,0.787,0.773,0.759,0.469,0.843,0.402,0.816,0.742,0.732,0.684,0.073,0.558,-0.882,-0.123,0.608,-0.001,0.824,0.882
000786SZ,0.202,0.714,0.275,-0.587,-0.603,0.432,-0.054,0.784,0.43,0.12,0.518,-0.191,0.724,0.622,0.839,0.817,0.807,1.0,-0.006,-0.288,0.783,0.835,0.043,0.4,0.926,-0.334,-0.709,0.855,0.607,0.088,-0.59,0.775,0.925,0.528,0.336,0.679,0.868,0.939,0.679,0.752,-0.641,0.861,-0.495,0.485,0.128,0.25,0.474,0.856,0.902,-0.278,-0.201,0.671,0.816,0.12,0.794,0.429,0.773,0.605,-0.641,0.762,0.567,0.844,0.541,0.878,-0.588,-0.742,0.751,0.681,0.188,0.817,0.777,-0.655,0.767,0.746,0.632,-0.016,0.67,0.803,-0.383,0.573,0.315,0.847,-0.796,0.716,-0.62,-0.842,-0.539,-0.642,-0.086,-0.826,-0.424,-0.123,-0.804,0.818,0.841,0.01,0.835,0.396,0.17,-0.489,-0.675,0.647,0.78,0.793,0.133,0.741,-0.166,0.854,0.39,0.848,-0.531,0.329,-0.097,0.574,-0.125,-0.628,0.775,-0.709,0.83,0.549,0.52,-0.061,0.338,0.675,0.843,0.831,0.716,0.503,-0.568,0.294,-0.765,-0.636,0.557,0.727,-0.558,0.174,-0.567,0.809,-0.794,-0.728,0.831,0.829,0.63,0.743,-0.717,0.429,-0.451,0.318,-0.262,-0.86,-0.809,-0.004,-0.812,0.816,-0.729,-0.497,-0.765,-0.732,-0.56,0.354,-0.769,-0.671,-0.509,-0.737,-0.728,-0.681,-0.745,0.013,-0.871,-0.429,-0.481,-0.2,0.824,0.521,0.21,-0.505,0.484,0.563,-0.473,-0.754,-0.305,-0.702,-0.259,-0.804,0.831,0.192,0.593,0.529,-0.091,0.784,0.307,0.666,-0.442,-0.684,-0.566,-0.63,-0.782,-0.883,0.782,0.771,0.763,0.85,0.516,0.801,0.362,0.647,0.912,0.862,0.688,-0.088,0.602,-0.884,-0.24,0.648,0.067,0.899,0.877
000800SZ,0.77,0.291,0.633,0.541,0.07,0.344,0.269,0.018,0.32,0.43,0.651,-0.047,0.211,0.623,0.099,0.366,0.311,-0.006,1.0,0.536,0.124,-0.053,0.686,0.027,-0.046,0.085,0.228,0.131,0.121,0.379,0.549,0.337,-0.014,0.494,0.025,0.105,-0.063,0.021,-0.027,0.22,0.172,0.051,0.195,0.306,0.63,-0.205,0.547,-0.009,0.062,-0.047,0.176,0.207,0.337,0.641,-0.047,-0.058,0.275,-0.084,0.294,0.264,0.076,0.192,-0.2,-0.151,0.22,-0.025,0.265,0.166,0.018,0.154,-0.268,-0.05,0.157,0.452,-0.062,0.168,-0.418,0.177,0.452,0.345,0.5,0.073,0.351,0.404,0.111,0.277,0.305,0.611,0.507,0.256,0.76,0.434,0.159,0.048,0.222,0.771,-0.006,0.534,0.555,0.112,0.444,0.554,0.154,0.263,0.312,-0.038,0.677,0.275,0.477,0.062,0.295,0.415,0.572,0.192,0.5,0.32,0.45,0.202,0.262,0.039,0.189,0.207,0.237,0.199,0.131,0.033,-0.266,0.465,0.336,0.67,0.075,0.148,0.011,0.462,0.225,0.336,0.349,0.227,0.394,0.307,0.049,0.236,0.469,0.409,0.536,0.277,0.672,-0.062,0.397,0.282,0.274,0.749,0.381,0.359,0.282,0.435,0.204,0.323,0.237,-0.218,0.388,0.403,0.541,0.338,0.278,0.431,0.318,0.657,0.268,0.465,0.584,0.761,0.138,0.187,0.41,0.236,0.563,0.275,0.559,0.206,0.509,0.361,0.795,0.228,0.271,0.294,0.452,0.593,0.434,0.09,0.445,0.526,0.513,0.359,0.431,0.276,0.22,0.028,0.138,0.074,0.278,0.101,0.26,0.199,0.471,0.529,-0.044,0.015,0.113,0.337,-0.031,-0.06,0.354,0.085,0.09,0.017,0.136
000807SZ,0.313,0.255,-0.059,0.23,0.361,-0.432,-0.288,-0.356,-0.49,-0.015,0.121,0.622,-0.134,0.207,0.001,-0.107,0.018,-0.288,0.536,1.0,-0.333,-0.277,0.29,0.085,-0.264,-0.442,0.002,0.048,0.449,-0.059,0.62,-0.104,-0.226,-0.02,-0.326,-0.033,-0.128,-0.235,-0.358,-0.062,0.469,0.027,0.342,0.056,0.776,-0.007,0.609,-0.047,-0.061,-0.54,-0.24,0.356,0.151,0.444,-0.288,0.121,0.159,0.011,0.147,0.006,-0.027,0.054,0.057,-0.157,0.199,0.027,0.175,0.368,0.147,0.122,-0.552,-0.189,0.075,0.036,-0.013,0.619,-0.732,0.147,0.246,0.505,0.3,0.003,0.296,0.307,0.036,0.208,-0.072,0.51,0.87,0.335,0.467,0.94,0.312,0.051,-0.013,0.596,-0.019,0.595,-0.098,-0.3,0.317,0.299,0.222,0.072,0.428,0.061,0.291,0.105,0.704,0.041,0.692,0.466,0.476,0.489,0.902,0.094,0.162,0.163,-0.05,-0.48,0.363,0.223,-0.419,-0.009,0.077,-0.087,-0.347,0.054,0.243,0.078,0.259,0.272,-0.352,0.075,-0.03,-0.417,0.122,0.036,0.346,0.16,0.048,-0.005,0.265,-0.026,0.432,0.369,0.617,0.33,0.569,0.331,0.184,0.323,0.335,0.162,0.129,0.022,0.049,0.158,-0.117,-0.393,0.42,0.249,0.849,0.193,0.134,0.325,0.173,0.747,0.299,0.216,0.682,0.363,0.093,0.132,-0.35,0.458,0.14,0.428,0.484,0.709,-0.07,0.17,0.733,0.333,0.033,0.788,-0.254,0.238,-0.141,0.152,0.738,0.092,0.919,0.215,0.254,0.037,0.142,0.348,-0.353,0.195,0.217,-0.174,-0.472,0.164,0.446,0.373,-0.366,-0.011,0.209,0.793,0.152,0.217,0.665,-0.494,-0.063,-0.284,-0.153
000858SZ,0.299,0.486,0.344,-0.493,-0.683,0.529,-0.112,0.965,0.613,0.256,0.467,-0.287,0.48,0.756,0.823,0.795,0.742,0.783,0.124,-0.333,1.0,0.904,0.286,0.569,0.828,-0.208,-0.584,0.791,0.345,0.039,-0.442,0.81,0.879,0.458,0.577,0.658,0.793,0.885,0.931,0.84,-0.617,0.759,-0.764,0.39,0.054,0.352,0.412,0.803,0.81,-0.175,-0.192,0.605,0.777,-0.096,0.917,0.519,0.693,0.639,-0.638,0.586,0.763,0.83,0.365,0.776,-0.648,-0.728,0.589,0.527,0.302,0.739,0.669,-0.601,0.758,0.643,0.729,-0.095,0.695,0.772,-0.502,0.422,0.112,0.838,-0.672,0.693,-0.706,-0.721,-0.44,-0.505,-0.144,-0.812,-0.278,-0.213,-0.863,0.772,0.872,0.175,0.699,0.361,0.186,-0.405,-0.633,0.726,0.698,0.844,-0.259,0.711,0.181,0.733,0.293,0.747,-0.773,0.416,-0.066,0.339,-0.224,-0.523,0.704,-0.742,0.863,0.681,0.14,-0.321,0.599,0.835,0.747,0.867,0.735,0.514,-0.69,0.375,-0.831,-0.746,0.784,0.593,-0.593,0.23,-0.55,0.836,-0.703,-0.629,0.771,0.818,0.492,0.711,-0.538,0.478,-0.431,0.369,-0.132,-0.777,-0.727,0.363,-0.717,0.776,-0.661,-0.473,-0.718,-0.644,-0.531,0.648,-0.745,-0.6,-0.619,-0.714,-0.702,-0.642,-0.711,0.052,-0.789,-0.445,-0.441,-0.139,0.771,0.661,0.502,-0.65,0.511,0.552,-0.47,-0.786,-0.195,-0.596,-0.093,-0.834,0.833,0.064,0.561,0.492,-0.019,0.723,0.164,0.636,-0.381,-0.592,-0.533,-0.545,-0.72,-0.789,0.822,0.63,0.754,0.916,0.829,0.636,0.049,0.552,0.915,0.772,0.704,-0.054,0.63,-0.802,-0.158,0.809,0.404,0.872,0.867
000876SZ,0.089,0.497,0.107,-0.727,-0.594,0.29,-0.361,0.923,0.347,-0.014,0.29,-0.044,0.451,0.623,0.886,0.715,0.674,0.835,-0.053,-0.277,0.904,1.0,0.145,0.69,0.85,-0.487,-0.785,0.872,0.537,-0.156,-0.499,0.721,0.932,0.303,0.511,0.786,0.853,0.927,0.897,0.823,-0.528,0.863,-0.814,0.412,0.101,0.562,0.476,0.887,0.874,-0.376,-0.343,0.724,0.768,-0.18,0.936,0.712,0.783,0.822,-0.839,0.581,0.828,0.88,0.574,0.867,-0.69,-0.707,0.606,0.657,0.487,0.827,0.668,-0.754,0.841,0.575,0.878,0.15,0.737,0.834,-0.638,0.522,0.048,0.911,-0.809,0.689,-0.851,-0.87,-0.681,-0.693,-0.092,-0.921,-0.512,-0.09,-0.958,0.881,0.857,0.075,0.751,0.328,-0.07,-0.641,-0.727,0.663,0.794,0.893,-0.224,0.866,0.048,0.785,0.383,0.872,-0.713,0.466,-0.192,0.449,-0.198,-0.751,0.678,-0.904,0.86,0.492,0.312,-0.423,0.445,0.816,0.802,0.93,0.841,0.513,-0.832,0.178,-0.848,-0.812,0.679,0.483,-0.792,-0.013,-0.775,0.835,-0.883,-0.794,0.896,0.839,0.499,0.585,-0.733,0.618,-0.579,0.568,-0.191,-0.913,-0.861,0.152,-0.869,0.773,-0.856,-0.697,-0.88,-0.843,-0.749,0.675,-0.837,-0.806,-0.643,-0.868,-0.855,-0.819,-0.854,0.08,-0.915,-0.655,-0.562,-0.343,0.817,0.776,0.314,-0.663,0.322,0.662,-0.615,-0.775,-0.475,-0.812,-0.193,-0.944,0.864,0.251,0.365,0.345,-0.306,0.844,0.247,0.518,-0.32,-0.804,-0.732,-0.772,-0.901,-0.749,0.734,0.766,0.826,0.931,0.633,0.729,0.085,0.544,0.94,0.897,0.829,0.098,0.798,-0.777,-0.032,0.703,0.438,0.878,0.875
000895SZ,0.7,0.236,0.619,0.375,0.082,0.378,0.114,0.187,0.365,0.327,0.439,-0.055,0.146,0.555,0.191,0.395,0.283,0.043,0.686,0.29,0.286,0.145,1.0,0.368,-0.0,0.017,0.163,0.104,0.03,0.352,0.384,0.161,0.089,0.38,0.483,0.394,-0.013,0.122,0.202,0.235,0.035,0.111,-0.141,0.106,0.356,0.211,0.418,0.084,0.154,0.035,0.049,0.178,0.309,0.286,0.123,0.214,0.26,0.168,0.077,0.003,0.38,0.281,-0.224,-0.108,-0.039,0.051,0.1,0.085,0.331,0.217,-0.187,-0.052,0.263,0.241,0.161,0.313,-0.18,0.183,0.152,0.238,0.245,0.157,0.334,0.34,-0.133,0.207,0.243,0.481,0.348,0.011,0.51,0.233,-0.034,0.065,0.303,0.76,0.079,0.405,0.489,0.105,0.336,0.477,0.115,0.312,-0.051,0.124,0.688,0.222,0.33,0.172,-0.061,0.407,0.352,0.055,0.266,0.252,0.431,-0.051,0.282,0.246,-0.097,-0.063,0.319,0.335,0.195,0.184,-0.12,0.368,0.087,0.489,0.003,-0.133,0.088,0.282,0.038,0.393,0.171,0.194,0.174,0.258,0.105,0.251,0.35,0.376,0.418,0.362,0.403,0.17,0.386,0.158,0.193,0.809,0.28,0.279,0.194,0.285,0.092,0.226,0.127,0.117,0.207,0.266,0.227,0.215,0.11,0.247,0.202,0.439,0.152,0.271,0.279,0.647,0.064,0.427,0.501,0.184,0.507,0.276,0.406,-0.008,0.38,0.268,0.735,0.049,0.265,0.162,0.328,0.47,0.394,0.118,0.272,0.477,0.403,0.244,0.247,0.193,0.064,0.093,0.153,0.08,0.267,0.275,0.431,0.236,0.16,0.388,0.065,0.15,0.221,0.36,0.169,-0.019,0.281,0.324,0.497,0.117,0.225
000938SZ,-0.036,0.265,-0.1,-0.565,-0.124,-0.04,-0.663,0.588,-0.05,-0.255,-0.042,0.372,0.045,0.433,0.691,0.359,0.332,0.4,0.027,0.085,0.569,0.69,0.368,1.0,0.394,-0.629,-0.608,0.597,0.441,-0.333,-0.094,0.322,0.59,-0.037,0.629,0.804,0.532,0.561,0.665,0.544,-0.101,0.652,-0.791,0.121,0.257,0.868,0.492,0.664,0.585,-0.41,-0.513,0.647,0.5,-0.367,0.633,0.904,0.644,0.878,-0.738,0.06,0.913,0.676,0.47,0.511,-0.576,-0.307,0.256,0.486,0.828,0.652,0.228,-0.602,0.752,0.102,0.842,0.6,0.419,0.607,-0.686,0.422,-0.228,0.678,-0.45,0.526,-0.868,-0.545,-0.614,-0.37,0.232,-0.692,-0.39,0.228,-0.696,0.646,0.611,0.247,0.472,0.393,-0.296,-0.655,-0.428,0.493,0.605,0.71,-0.37,0.781,0.295,0.528,0.5,0.663,-0.479,0.548,-0.152,0.338,0.096,-0.606,0.452,-0.792,0.568,0.108,0.052,-0.541,0.109,0.725,0.57,0.741,0.509,0.308,-0.761,-0.094,-0.533,-0.729,0.342,0.113,-0.797,-0.306,-0.724,0.549,-0.602,-0.592,0.663,0.567,0.294,0.247,-0.413,0.766,-0.368,0.858,0.013,-0.57,-0.547,0.335,-0.531,0.506,-0.647,-0.666,-0.686,-0.627,-0.717,0.74,-0.5,-0.605,-0.35,-0.634,-0.7,-0.598,-0.616,0.297,-0.579,-0.588,-0.375,-0.229,0.53,0.872,0.119,-0.366,0.104,0.662,-0.358,-0.378,-0.551,-0.6,0.149,-0.674,0.623,0.454,-0.093,0.126,-0.448,0.66,0.313,0.23,0.195,-0.603,-0.586,-0.65,-0.712,-0.179,0.276,0.581,0.661,0.687,0.324,0.547,-0.182,0.343,0.536,0.689,0.799,0.498,0.867,-0.305,0.343,0.506,0.796,0.487,0.586
000963SZ,0.217,0.711,0.228,-0.634,-0.722,0.431,-0.1,0.815,0.436,0.19,0.483,-0.217,0.656,0.651,0.884,0.788,0.843,0.926,-0.046,-0.264,0.828,0.85,-0.0,0.394,1.0,-0.341,-0.734,0.886,0.632,0.117,-0.64,0.8,0.94,0.468,0.309,0.634,0.939,0.931,0.708,0.769,-0.769,0.894,-0.556,0.419,0.123,0.206,0.493,0.904,0.916,-0.333,-0.314,0.732,0.856,0.064,0.826,0.432,0.737,0.593,-0.646,0.741,0.57,0.866,0.508,0.942,-0.697,-0.855,0.771,0.725,0.133,0.855,0.853,-0.694,0.792,0.718,0.663,-0.075,0.654,0.865,-0.503,0.59,0.314,0.895,-0.839,0.767,-0.655,-0.873,-0.553,-0.64,-0.02,-0.861,-0.416,-0.112,-0.831,0.834,0.88,0.034,0.875,0.46,0.144,-0.515,-0.778,0.675,0.827,0.787,0.11,0.779,-0.212,0.861,0.412,0.858,-0.593,0.31,-0.011,0.639,-0.063,-0.632,0.775,-0.733,0.827,0.606,0.452,-0.027,0.271,0.726,0.892,0.868,0.71,0.368,-0.612,0.244,-0.859,-0.648,0.601,0.723,-0.584,0.099,-0.607,0.863,-0.812,-0.791,0.857,0.806,0.619,0.763,-0.723,0.43,-0.474,0.329,-0.229,-0.876,-0.865,0.032,-0.841,0.835,-0.751,-0.559,-0.809,-0.754,-0.604,0.361,-0.835,-0.68,-0.513,-0.785,-0.785,-0.708,-0.811,-0.034,-0.901,-0.435,-0.456,-0.255,0.871,0.527,0.169,-0.566,0.51,0.6,-0.495,-0.729,-0.341,-0.723,-0.263,-0.832,0.821,0.191,0.573,0.566,-0.105,0.807,0.36,0.681,-0.449,-0.684,-0.559,-0.635,-0.798,-0.929,0.789,0.811,0.783,0.879,0.519,0.815,0.267,0.653,0.91,0.865,0.718,-0.058,0.637,-0.956,-0.3,0.649,0.019,0.939,0.904
000999SZ,0.212,-0.383,0.415,0.675,-0.086,0.539,0.772,-0.315,0.528,0.502,0.151,-0.762,0.01,-0.248,-0.571,-0.166,-0.214,-0.334,0.085,-0.442,-0.208,-0.487,0.017,-0.629,-0.341,1.0,0.775,-0.621,-0.756,0.473,-0.027,-0.174,-0.453,0.204,0.014,-0.545,-0.465,-0.426,-0.318,-0.472,-0.09,-0.628,0.407,-0.378,-0.525,-0.673,-0.638,-0.584,-0.502,0.872,0.533,-0.745,-0.442,-0.025,-0.441,-0.786,-0.625,-0.76,0.747,-0.283,-0.532,-0.556,-0.656,-0.521,0.285,0.333,-0.439,-0.702,-0.69,-0.621,-0.027,0.775,-0.614,-0.183,-0.74,-0.761,-0.097,-0.6,0.397,-0.627,-0.013,-0.598,0.517,-0.512,0.714,0.606,0.848,0.439,-0.446,0.539,0.477,-0.603,0.508,-0.692,-0.453,-0.095,-0.469,-0.386,0.601,0.916,0.39,-0.425,-0.682,-0.576,0.038,-0.743,-0.019,-0.487,-0.702,-0.685,0.007,-0.627,0.09,-0.68,-0.369,0.749,-0.35,0.684,-0.435,0.264,-0.577,0.339,0.207,-0.46,-0.53,-0.568,-0.478,-0.292,0.614,0.209,0.343,0.477,-0.139,-0.077,0.815,0.674,0.763,-0.474,0.597,0.645,-0.701,-0.521,-0.451,-0.049,0.502,-0.81,0.291,-0.82,-0.146,0.543,0.623,0.05,0.558,-0.463,0.723,0.752,0.726,0.722,0.857,-0.22,0.431,0.675,-0.02,0.645,0.636,0.609,0.606,-0.448,0.549,0.673,0.212,0.425,-0.547,-0.657,0.255,0.172,0.078,-0.742,0.4,0.026,0.824,0.722,-0.074,0.538,-0.538,-0.835,0.339,-0.009,0.763,-0.743,-0.611,-0.067,-0.393,0.694,0.686,0.799,0.721,0.138,-0.083,-0.684,-0.667,-0.449,0.199,-0.584,-0.294,-0.461,-0.362,-0.691,-0.75,-0.751,-0.783,0.235,-0.494,0.067,-0.311,-0.288,-0.358
001965SZ,0.171,-0.545,0.288,0.865,0.354,0.177,0.604,-0.644,0.134,0.308,-0.048,-0.396,-0.348,-0.378,-0.8,-0.43,-0.52,-0.709,0.228,0.002,-0.584,-0.785,0.163,-0.608,-0.734,0.775,1.0,-0.849,-0.766,0.399,0.418,-0.507,-0.782,-0.001,-0.108,-0.62,-0.785,-0.783,-0.627,-0.701,0.335,-0.849,0.625,-0.424,-0.311,-0.561,-0.559,-0.838,-0.788,0.72,0.452,-0.811,-0.68,0.079,-0.752,-0.731,-0.774,-0.813,0.916,-0.544,-0.638,-0.765,-0.793,-0.84,0.58,0.665,-0.613,-0.779,-0.505,-0.791,-0.499,0.872,-0.771,-0.421,-0.846,-0.39,-0.539,-0.788,0.592,-0.629,-0.08,-0.84,0.859,-0.614,0.828,0.92,0.903,0.772,-0.1,0.839,0.679,-0.222,0.838,-0.887,-0.695,0.068,-0.748,-0.36,0.431,0.886,0.762,-0.541,-0.832,-0.773,0.066,-0.878,0.212,-0.715,-0.558,-0.881,0.377,-0.522,0.21,-0.689,-0.029,0.92,-0.533,0.871,-0.702,-0.103,-0.542,0.366,-0.042,-0.619,-0.752,-0.81,-0.764,-0.353,0.792,0.089,0.722,0.672,-0.444,-0.325,0.882,0.452,0.876,-0.742,0.896,0.886,-0.895,-0.756,-0.536,-0.351,0.825,-0.687,0.59,-0.71,0.085,0.893,0.903,0.158,0.893,-0.67,0.945,0.857,0.938,0.94,0.913,-0.419,0.783,0.891,0.422,0.904,0.889,0.862,0.881,-0.213,0.892,0.778,0.505,0.549,-0.811,-0.651,0.116,0.576,-0.097,-0.729,0.645,0.502,0.801,0.928,0.216,0.868,-0.743,-0.552,0.009,-0.162,0.63,-0.899,-0.424,-0.282,0.118,0.896,0.85,0.92,0.946,0.608,-0.484,-0.838,-0.791,-0.727,-0.153,-0.728,-0.228,-0.51,-0.739,-0.896,-0.842,-0.337,-0.828,0.646,-0.126,-0.268,-0.177,-0.694,-0.682
