,000001SZ,000002SZ,000157SZ,000166SZ,000333SZ,000338SZ,000538SZ,000568SZ,000596SZ,000617SZ,000625SZ,000651SZ,000661SZ,000708SZ,000725SZ,000768SZ,000776SZ,000786SZ,000800SZ,000807SZ,000858SZ,000876SZ,000895SZ,000938SZ,000963SZ,000999SZ,001965SZ,002001SZ,002007SZ,002027SZ,002028SZ,002050SZ,002129SZ,002179SZ,002230SZ,002236SZ,002241SZ,002271SZ,002304SZ,002311SZ,002371SZ,002415SZ,002422SZ,002459SZ,002460SZ,002463SZ,002466SZ,002475SZ,002493SZ,002555SZ,002594SZ,002601SZ,002648SZ,002709SZ,002714SZ,002916SZ,002920SZ,002938SZ,003816SZ,300014SZ,300033SZ,300059SZ,300122SZ,300124SZ,300274SZ,300308SZ,300316SZ,300347SZ,300394SZ,300408SZ,300413SZ,300418SZ,300433SZ,300450SZ,300498SZ,300502SZ,300628SZ,300661SZ,300750SZ,300759SZ,300760SZ,300782SZ,600000SS,600010SS,600011SS,600015SS,600016SS,600018SS,600019SS,600023SS,600025SS,600026SS,600028SS,600029SS,600031SS,600036SS,600048SS,600050SS,600061SS,600085SS,600089SS,600104SS,600111SS,600115SS,600161SS,600183SS,600188SS,600196SS,600219SS,600233SS,600276SS,600309SS,600332SS,600346SS,600362SS,600377SS,600406SS,600415SS,600426SS,600436SS,600438SS,600489SS,600519SS,600570SS,600585SS,600588SS,600600SS,600660SS,600674SS,600741SS,600760SS,600795SS,600809SS,600875SS,600886SS,600887SS,600926SS,600989SS,601006SS,601009SS,601012SS,601021SS,601058SS,601066SS,601088SS,601100SS,601117SS,601138SS,601166SS,601169SS,601186SS,601225SS,601229SS,601238SS,601288SS,601318SS,601319SS,601328SS,601336SS,601360SS,601390SS,601398SS,601600SS,601601SS,601607SS,601618SS,601628SS,601633SS,601658SS,601668SS,601669SS,601688SS,601689SS,601698SS,601699SS,601766SS,601788SS,601799SS,601800SS,601808SS,601816SS,601818SS,601838SS,601857SS,601865SS,601872SS,601877SS,601878SS,601881SS,601888SS,601899SS,601901SS,601919SS,601939SS,601985SS,601988SS,601998SS,603019SS,603195SS,603259SS,603260SS,603288SS,603369SS,603501SS,603659SS,603799SS,603806SS,603833SS,603986SS,603993SS,688008SS,688009SS,688012SS,688036SS,688111SS,688169SS,688396SS
000001SZ,1.0,0.336,0.371,0.743,0.676,0.489,0.666,0.51,0.13,0.034,0.511,0.264,0.195,0.455,0.426,-0.044,0.76,0.759,0.269,0.573,0.306,0.605,0.505,0.086,0.147,-0.31,0.144,0.316,0.435,0.345,0.219,0.049,-0.223,-0.064,0.564,0.141,0.24,0.733,0.15,0.146,-0.284,0.384,0.22,-0.339,0.038,0.318,0.008,0.085,0.487,0.365,0.159,0.789,0.445,0.182,0.708,0.234,0.209,0.068,-0.021,-0.087,0.633,0.502,0.203,0.665,0.007,0.223,-0.355,0.262,0.325,0.217,-0.036,0.109,0.111,0.084,0.517,0.345,-0.098,-0.009,-0.034,0.07,0.206,0.025,0.33,0.699,-0.137,0.037,0.221,0.162,0.256,-0.025,0.113,0.075,-0.164,0.042,0.463,0.887,0.398,0.135,0.603,-0.034,0.393,0.577,0.415,0.1,0.329,0.199,0.427,0.544,0.723,0.169,0.305,0.488,-0.002,0.516,0.42,0.041,0.095,0.581,0.261,0.53,0.549,-0.078,0.4,0.157,0.549,0.109,-0.015,0.427,0.328,0.564,0.214,0.159,0.147,-0.243,0.111,0.615,0.663,0.31,-0.136,0.512,0.152,-0.003,0.253,0.849,0.162,0.523,0.035,-0.022,0.837,0.116,0.121,0.311,0.042,0.5,-0.252,0.784,0.327,-0.153,0.752,0.208,0.05,-0.16,0.375,0.638,0.012,0.036,0.655,0.314,-0.039,0.208,0.159,0.704,0.089,-0.17,0.323,0.004,0.806,0.413,0.059,-0.125,0.246,0.006,0.596,-0.079,0.173,0.134,0.187,0.785,0.345,0.315,0.552,0.657,0.165,-0.099,0.025,-0.153,-0.019,0.066,0.249,0.208,0.424,0.642,0.342,0.137,0.269,0.074,0.167,0.502,0.101,0.433,-0.121,0.098,-0.255,-0.035,-0.046,0.623,-0.273
000002SZ,0.336,1.0,-0.229,-0.18,-0.327,0.427,0.557,0.422,0.628,-0.547,0.815,-0.7,0.876,-0.264,-0.136,-0.689,0.594,-0.005,-0.394,0.115,0.725,0.582,0.057,-0.498,0.928,-0.777,-0.823,0.893,-0.071,0.565,-0.071,0.901,-0.883,-0.377,-0.111,-0.792,0.702,0.362,0.638,-0.552,-0.246,-0.564,0.858,-0.124,0.734,-0.022,0.701,0.777,0.279,-0.232,0.785,0.578,0.896,0.806,0.334,0.726,0.839,0.408,-0.882,0.657,0.484,0.879,0.89,0.012,0.368,-0.108,0.299,0.707,-0.077,0.863,-0.555,-0.307,0.762,0.812,0.845,0.148,-0.39,0.754,0.647,0.745,0.865,0.612,-0.503,0.492,-0.815,-0.854,0.03,-0.73,-0.573,-0.742,-0.8,0.317,-0.912,-0.725,-0.025,0.699,0.878,-0.824,-0.292,-0.753,-0.326,-0.408,0.836,-0.533,0.164,-0.443,-0.13,0.757,0.289,0.614,0.82,-0.237,-0.884,0.446,-0.149,-0.857,-0.629,-0.111,0.687,0.58,-0.002,-0.772,0.709,0.269,0.009,-0.48,-0.823,0.864,-0.689,0.075,-0.269,-0.518,0.887,-0.605,-0.748,0.812,0.594,-0.557,-0.904,0.808,0.57,0.497,-0.312,0.428,-0.683,0.158,-0.851,-0.763,0.135,-0.824,-0.825,-0.431,-0.787,-0.063,-0.823,0.537,-0.709,-0.881,-0.198,-0.376,-0.842,-0.807,-0.474,0.012,-0.78,-0.835,-0.24,-0.388,-0.74,-0.756,-0.812,-0.227,0.915,-0.925,-0.369,-0.875,0.121,-0.004,-0.846,-0.754,-0.776,-0.734,-0.203,-0.88,0.837,-0.614,0.821,0.635,-0.594,0.94,-0.286,-0.189,-0.76,-0.856,-0.881,-0.879,-0.839,-0.71,-0.349,0.763,0.684,0.147,0.601,0.765,0.715,0.758,0.657,0.069,0.758,-0.141,0.665,-0.856,-0.782,0.317,-0.379,-0.174,-0.364
000157SZ,0.371,-0.229,1.0,0.679,0.724,0.72,0.402,0.34,-0.221,0.039,-0.216,0.683,-0.347,0.913,0.513,0.053,-0.008,0.828,0.685,0.809,-0.102,0.231,0.859,0.263,-0.335,0.393,0.54,-0.122,0.251,-0.362,0.705,-0.486,0.256,-0.234,0.651,0.389,-0.461,0.266,-0.166,0.416,-0.456,0.648,-0.491,-0.298,-0.738,0.348,-0.748,-0.51,0.665,0.604,-0.593,0.443,0.064,-0.502,0.404,-0.505,-0.492,-0.592,0.35,-0.753,-0.161,-0.225,-0.494,0.272,-0.228,-0.16,-0.416,-0.492,0.388,-0.292,-0.122,-0.001,-0.572,-0.551,0.011,-0.287,0.297,-0.698,-0.712,-0.732,-0.436,-0.749,0.296,0.327,0.043,0.439,-0.152,0.299,0.815,0.318,0.631,-0.384,0.365,0.699,0.953,0.196,-0.453,0.495,0.769,0.658,0.53,0.722,0.1,0.294,0.158,0.334,0.57,0.047,0.597,-0.629,-0.13,0.848,0.53,0.594,0.774,0.347,0.288,0.867,-0.052,0.371,0.478,0.516,0.03,-0.547,0.926,-0.219,0.478,-0.431,0.461,0.687,-0.077,0.057,-0.265,-0.078,0.182,-0.206,-0.248,0.82,0.363,-0.381,-0.4,-0.527,0.715,0.393,0.422,0.841,0.386,0.253,0.192,0.53,0.434,0.685,0.383,0.07,0.233,0.081,0.598,0.26,0.707,0.794,0.445,0.209,0.833,0.812,0.647,0.425,0.848,0.789,0.273,0.597,0.353,0.477,-0.509,0.291,0.79,0.42,0.527,0.554,0.379,0.059,0.513,0.143,0.75,0.387,-0.565,0.137,-0.493,0.072,0.387,-0.329,0.781,0.603,0.26,0.29,0.314,0.293,0.286,0.613,0.811,-0.641,-0.144,0.669,-0.086,-0.621,-0.63,-0.674,-0.282,0.86,-0.661,0.751,-0.583,0.367,0.042,-0.62,-0.349,0.457,-0.449
000166SZ,0.743,-0.18,0.679,1.0,0.878,0.405,0.419,0.297,-0.248,0.432,0.104,0.743,-0.228,0.771,0.54,0.398,0.48,0.811,0.673,0.604,-0.115,0.432,0.639,0.402,-0.306,0.152,0.642,-0.112,0.595,-0.07,0.457,-0.467,0.343,0.188,0.699,0.543,-0.162,0.519,-0.237,0.502,-0.114,0.721,-0.282,-0.154,-0.429,0.375,-0.434,-0.366,0.394,0.502,-0.338,0.479,0.014,-0.232,0.608,-0.198,-0.252,-0.193,0.499,-0.538,0.282,0.039,-0.3,0.629,-0.081,0.216,-0.392,-0.16,0.389,-0.268,0.193,0.218,-0.35,-0.411,0.078,0.157,0.113,-0.473,-0.445,-0.436,-0.319,-0.373,0.652,0.529,0.274,0.571,0.209,0.612,0.692,0.492,0.62,-0.141,0.393,0.55,0.636,0.461,-0.138,0.608,0.935,0.483,0.734,0.908,0.071,0.438,0.437,0.492,0.551,0.122,0.721,-0.206,-0.099,0.65,0.528,0.427,0.6,0.544,0.51,0.806,-0.182,0.269,0.681,0.475,0.017,-0.048,0.68,0.235,0.444,-0.14,0.691,0.689,0.4,0.476,-0.346,0.129,0.49,0.11,0.299,0.672,0.42,0.023,-0.074,-0.353,0.597,0.732,0.589,0.605,0.544,0.432,0.717,0.636,0.607,0.631,0.563,0.597,0.269,0.364,0.763,0.365,0.886,0.591,0.564,0.341,0.752,0.703,0.558,0.553,0.838,0.648,0.401,0.693,0.58,0.896,-0.462,0.378,0.633,0.542,0.871,0.48,0.556,0.297,0.669,0.433,0.825,0.46,-0.303,0.429,-0.243,0.516,0.759,-0.242,0.773,0.866,0.579,0.429,0.501,0.371,0.462,0.547,0.533,-0.315,0.091,0.598,-0.078,-0.318,-0.194,-0.383,-0.164,0.582,-0.366,0.637,-0.51,0.566,0.234,-0.306,0.037,0.731,-0.051
000333SZ,0.676,-0.327,0.724,0.878,1.0,0.375,0.369,0.335,-0.313,0.303,-0.119,0.816,-0.397,0.784,0.536,0.345,0.294,0.844,0.627,0.613,-0.175,0.226,0.633,0.507,-0.49,0.272,0.748,-0.273,0.505,-0.11,0.407,-0.605,0.363,0.142,0.678,0.699,-0.316,0.496,-0.245,0.592,-0.235,0.803,-0.447,-0.35,-0.588,0.41,-0.596,-0.495,0.397,0.584,-0.491,0.429,-0.124,-0.45,0.501,-0.359,-0.477,-0.316,0.573,-0.665,0.175,-0.157,-0.448,0.649,-0.316,0.236,-0.557,-0.323,0.502,-0.413,0.281,0.275,-0.502,-0.571,-0.055,0.18,0.215,-0.625,-0.594,-0.578,-0.456,-0.532,0.586,0.38,0.337,0.622,0.078,0.621,0.742,0.483,0.702,-0.152,0.469,0.663,0.68,0.362,-0.292,0.715,0.862,0.562,0.608,0.845,-0.086,0.476,0.29,0.55,0.589,0.033,0.573,-0.357,-0.227,0.742,0.634,0.317,0.628,0.609,0.475,0.769,-0.142,0.2,0.553,0.466,-0.06,-0.151,0.701,0.297,0.577,-0.262,0.795,0.589,0.227,0.41,-0.443,0.051,0.575,-0.007,0.118,0.803,0.497,-0.162,-0.382,-0.402,0.595,0.562,0.597,0.579,0.594,0.493,0.601,0.711,0.662,0.694,0.559,0.426,0.304,0.344,0.815,0.427,0.929,0.582,0.612,0.352,0.767,0.727,0.65,0.599,0.92,0.693,0.431,0.733,0.698,0.82,-0.584,0.454,0.686,0.61,0.753,0.521,0.614,0.317,0.798,0.426,0.806,0.515,-0.49,0.588,-0.459,0.294,0.677,-0.362,0.795,0.82,0.601,0.45,0.592,0.44,0.509,0.659,0.617,-0.433,-0.129,0.634,-0.079,-0.502,-0.357,-0.532,-0.323,0.642,-0.535,0.615,-0.635,0.67,0.22,-0.454,0.112,0.776,-0.168
000338SZ,0.489,0.427,0.72,0.405,0.375,1.0,0.707,0.613,0.331,-0.381,0.313,0.063,0.283,0.556,0.395,-0.489,0.325,0.696,0.301,0.849,0.467,0.469,0.765,-0.152,0.31,-0.077,-0.12,0.533,0.053,0.123,0.491,0.172,-0.413,-0.594,0.519,-0.218,0.07,0.509,0.385,-0.131,-0.531,0.129,0.109,-0.493,-0.201,0.257,-0.222,0.114,0.837,0.424,0.039,0.733,0.646,0.015,0.446,0.064,0.119,-0.209,-0.292,-0.198,0.182,0.389,0.155,0.235,-0.119,-0.309,-0.307,0.015,0.271,0.377,-0.428,-0.1,0.048,0.114,0.486,-0.21,0.109,-0.095,-0.182,-0.144,0.222,-0.241,-0.099,0.495,-0.5,-0.23,-0.055,-0.272,0.268,-0.231,-0.042,-0.023,-0.291,0.143,0.843,0.595,0.132,-0.12,0.38,0.091,0.095,0.312,0.577,-0.028,0.118,0.007,0.275,0.615,0.652,-0.244,0.475,0.597,-0.113,0.882,0.65,-0.317,-0.232,0.583,0.532,0.765,0.247,-0.105,0.566,-0.329,0.83,-0.495,-0.102,0.191,-0.105,0.529,-0.367,-0.332,0.412,-0.457,-0.38,0.353,0.067,0.334,-0.307,0.122,-0.07,-0.034,0.301,0.562,-0.171,0.891,-0.243,-0.266,0.206,-0.125,-0.182,0.201,-0.234,-0.005,-0.343,0.477,0.013,-0.362,0.473,0.446,-0.194,-0.357,0.442,0.768,0.001,-0.192,0.552,0.378,-0.222,-0.011,-0.234,0.242,0.161,-0.374,0.364,-0.237,0.445,0.377,-0.236,-0.425,-0.081,-0.383,0.411,-0.257,0.003,-0.317,0.118,0.443,-0.14,0.35,0.535,0.289,-0.309,-0.336,-0.32,-0.32,-0.304,0.021,0.567,-0.032,0.19,0.613,0.384,-0.019,-0.108,-0.092,0.039,0.762,-0.055,0.573,-0.002,-0.273,-0.475,-0.251,-0.616,0.134,-0.641
000538SZ,0.666,0.557,0.402,0.419,0.369,0.707,1.0,0.61,0.401,-0.425,0.488,-0.028,0.344,0.405,0.52,-0.357,0.572,0.607,-0.009,0.553,0.523,0.619,0.699,-0.111,0.369,-0.276,-0.19,0.567,0.206,0.305,0.379,0.287,-0.533,-0.416,0.433,-0.175,0.294,0.519,0.37,-0.015,-0.484,0.142,0.31,-0.475,0.051,0.443,0.025,0.291,0.753,0.365,0.212,0.754,0.706,0.252,0.632,0.284,0.276,-0.033,-0.409,0.011,0.416,0.566,0.321,0.382,-0.077,0.01,-0.231,0.185,0.258,0.519,-0.399,-0.116,0.212,0.258,0.719,0.141,0.028,0.13,-0.003,0.071,0.379,-0.006,-0.158,0.666,-0.459,-0.348,-0.09,-0.262,0.096,-0.331,-0.134,0.046,-0.484,-0.042,0.554,0.778,0.367,-0.189,0.355,-0.055,0.137,0.273,0.651,-0.165,0.246,-0.027,0.306,0.8,0.588,0.002,0.54,0.504,-0.228,0.703,0.475,-0.329,-0.227,0.478,0.48,0.771,0.417,-0.353,0.593,-0.024,0.642,-0.301,-0.194,0.499,-0.066,0.502,-0.118,-0.254,0.493,-0.604,-0.347,0.592,0.335,0.125,-0.483,0.393,0.081,0.064,0.212,0.683,-0.287,0.545,-0.367,-0.274,0.406,-0.225,-0.286,0.128,-0.372,0.077,-0.582,0.681,-0.035,-0.541,0.52,0.222,-0.341,-0.545,0.162,0.65,-0.102,-0.363,0.485,0.304,-0.424,-0.14,-0.25,0.266,0.347,-0.496,0.223,-0.317,0.585,0.556,-0.342,-0.586,-0.08,-0.492,0.311,-0.418,0.246,-0.286,0.283,0.636,-0.159,0.514,0.362,0.418,-0.31,-0.458,-0.389,-0.481,-0.439,-0.065,0.326,0.192,0.395,0.735,0.578,0.178,0.175,0.097,0.276,0.593,0.171,0.331,0.119,-0.281,-0.582,-0.113,-0.373,0.275,-0.598
000568SZ,0.51,0.422,0.34,0.297,0.335,0.613,0.61,1.0,0.521,-0.168,0.432,-0.119,0.429,0.18,0.262,-0.285,0.589,0.477,0.019,0.425,0.73,0.417,0.412,0.105,0.419,-0.247,-0.135,0.511,0.063,0.585,0.078,0.272,-0.453,-0.203,0.362,-0.078,0.456,0.734,0.712,-0.124,-0.223,-0.016,0.379,-0.373,0.133,0.331,0.148,0.338,0.511,0.202,0.31,0.496,0.488,0.136,0.324,0.395,0.278,0.187,-0.268,0.182,0.493,0.521,0.337,0.48,-0.15,0.202,-0.374,0.443,0.387,0.401,-0.008,0.278,0.354,0.31,0.375,0.365,0.068,0.205,0.241,0.2,0.387,0.163,-0.019,0.403,-0.248,-0.297,0.137,-0.071,-0.119,-0.048,-0.187,0.152,-0.386,0.086,0.471,0.581,0.392,-0.106,0.196,-0.145,-0.057,0.155,0.355,0.283,0.074,0.249,-0.033,0.647,0.338,0.173,0.677,0.283,-0.179,0.589,0.353,-0.261,-0.13,0.232,0.634,0.758,0.038,-0.362,0.751,0.208,0.436,-0.022,-0.038,0.456,0.079,0.149,-0.118,0.052,0.507,-0.311,-0.115,0.629,0.344,0.049,-0.373,0.401,0.029,0.415,-0.047,0.507,-0.344,0.544,-0.222,-0.159,0.309,-0.214,-0.153,-0.154,-0.242,0.119,-0.469,0.684,0.026,-0.368,0.441,-0.072,-0.238,-0.407,0.112,0.512,-0.207,-0.247,0.358,-0.012,-0.234,-0.126,-0.066,0.306,0.292,-0.382,-0.078,-0.233,0.31,0.186,-0.175,-0.212,-0.007,-0.326,0.15,-0.323,0.229,-0.159,0.341,0.529,-0.11,0.53,0.256,0.168,-0.207,-0.343,-0.223,-0.354,-0.283,-0.088,0.307,0.343,0.208,0.492,0.692,0.293,0.188,0.222,0.013,0.424,0.261,0.098,0.253,-0.141,-0.385,0.073,-0.221,0.09,-0.254
000596SZ,0.13,0.628,-0.221,-0.248,-0.313,0.331,0.401,0.521,1.0,-0.386,0.568,-0.661,0.693,-0.366,0.103,-0.51,0.384,-0.133,-0.423,0.101,0.864,0.185,-0.008,-0.213,0.668,-0.298,-0.647,0.743,-0.305,0.744,-0.17,0.638,-0.663,-0.445,0.01,-0.509,0.678,0.441,0.852,-0.774,0.162,-0.483,0.618,-0.284,0.525,0.071,0.547,0.794,0.332,-0.004,0.738,0.18,0.587,0.438,-0.025,0.733,0.635,0.588,-0.605,0.67,0.586,0.697,0.661,0.121,-0.122,-0.073,-0.055,0.523,-0.107,0.799,-0.029,0.28,0.792,0.78,0.355,0.167,0.12,0.666,0.663,0.604,0.776,0.572,-0.273,0.057,-0.406,-0.673,0.317,-0.499,-0.632,-0.42,-0.701,0.495,-0.639,-0.39,-0.006,0.4,0.521,-0.5,-0.408,-0.499,-0.543,-0.319,0.339,-0.021,-0.224,-0.059,-0.566,0.74,0.016,0.304,0.779,-0.234,-0.571,0.414,0.078,-0.653,-0.443,-0.32,0.691,0.668,-0.393,-0.676,0.848,0.341,-0.024,-0.019,-0.377,0.658,-0.481,-0.302,-0.364,-0.259,0.855,-0.26,-0.55,0.654,0.211,-0.458,-0.677,0.444,0.248,0.784,-0.487,0.097,-0.747,0.144,-0.591,-0.366,0.089,-0.66,-0.54,-0.665,-0.593,0.036,-0.612,0.616,-0.503,-0.604,-0.091,-0.287,-0.615,-0.575,-0.336,0.173,-0.673,-0.583,-0.242,-0.411,-0.392,-0.573,-0.463,-0.136,0.655,-0.623,-0.588,-0.605,-0.153,-0.201,-0.537,-0.346,-0.489,-0.489,-0.497,-0.609,0.495,-0.455,0.676,0.405,-0.549,0.748,-0.112,-0.395,-0.527,-0.602,-0.569,-0.588,-0.516,-0.501,-0.067,0.679,0.185,-0.034,0.749,0.699,0.503,0.607,0.07,-0.096,0.699,-0.137,0.769,-0.568,-0.406,0.576,-0.143,-0.514,-0.065
000617SZ,0.034,-0.547,0.039,0.432,0.303,-0.381,-0.425,-0.168,-0.386,1.0,-0.137,0.503,-0.322,0.112,-0.044,0.803,0.103,0.009,0.517,-0.157,-0.431,0.019,-0.166,0.313,-0.409,0.267,0.592,-0.425,0.461,-0.207,-0.137,-0.502,0.718,0.681,0.117,0.47,-0.188,0.148,-0.379,0.323,0.601,0.322,-0.287,0.433,-0.176,-0.209,-0.145,-0.335,-0.442,-0.025,-0.209,-0.362,-0.531,-0.247,0.002,-0.176,-0.207,0.117,0.747,-0.189,-0.06,-0.268,-0.338,0.202,0.142,0.196,-0.046,-0.043,-0.023,-0.533,0.565,0.323,-0.265,-0.38,-0.5,0.097,-0.061,-0.246,-0.101,-0.201,-0.426,-0.044,0.775,-0.097,0.675,0.7,0.493,0.803,0.296,0.816,0.508,0.016,0.674,0.383,-0.151,-0.268,-0.283,0.569,0.403,0.377,0.529,0.47,-0.496,0.566,0.257,0.335,0.002,-0.457,0.046,0.048,-0.346,-0.084,0.558,-0.216,-0.013,0.739,0.624,0.101,-0.537,-0.367,0.193,0.64,-0.425,0.27,-0.136,0.536,0.418,-0.378,0.565,0.038,0.637,0.844,-0.604,0.837,0.678,-0.235,0.124,0.191,0.688,-0.168,0.164,-0.157,0.152,0.058,0.637,-0.104,0.78,0.662,0.307,0.615,0.728,0.162,0.801,0.626,0.682,-0.213,0.62,0.729,0.228,0.1,0.727,0.763,0.338,-0.115,0.401,0.74,0.093,0.084,0.725,0.638,0.65,0.562,-0.555,0.726,0.092,0.725,0.207,-0.279,0.759,0.815,0.558,0.807,0.264,0.724,-0.268,0.512,-0.192,0.041,0.828,-0.499,0.244,0.249,0.811,0.775,0.729,0.704,0.767,0.329,0.091,-0.204,-0.204,-0.27,-0.518,-0.183,-0.141,-0.191,-0.321,-0.29,-0.202,0.115,-0.334,0.695,0.798,0.177,0.301,0.26,0.763
000625SZ,0.511,0.815,-0.216,0.104,-0.119,0.313,0.488,0.432,0.568,-0.137,1.0,-0.461,0.83,-0.176,-0.033,-0.38,0.804,0.06,-0.132,0.111,0.641,0.741,0.074,-0.268,0.8,-0.716,-0.571,0.857,0.21,0.599,-0.067,0.722,-0.609,-0.076,-0.002,-0.547,0.784,0.54,0.533,-0.451,0.02,-0.414,0.832,0.063,0.748,0.042,0.733,0.752,0.165,-0.299,0.809,0.536,0.783,0.861,0.522,0.76,0.889,0.549,-0.611,0.648,0.693,0.893,0.831,0.282,0.422,0.104,0.187,0.762,0.04,0.748,-0.31,-0.054,0.749,0.754,0.763,0.363,-0.391,0.682,0.689,0.713,0.757,0.671,-0.159,0.59,-0.515,-0.601,0.281,-0.398,-0.46,-0.418,-0.623,0.331,-0.704,-0.572,-0.051,0.734,0.848,-0.574,-0.054,-0.629,-0.0,-0.079,0.759,-0.263,0.367,-0.214,-0.094,0.703,0.456,0.724,0.747,-0.239,-0.664,0.411,-0.056,-0.593,-0.274,-0.048,0.579,0.588,0.256,-0.545,0.629,0.496,-0.02,-0.121,-0.636,0.833,-0.407,0.196,0.024,-0.078,0.712,-0.243,-0.455,0.863,0.746,-0.483,-0.674,0.841,0.774,0.497,-0.202,0.586,-0.429,0.167,-0.575,-0.557,0.393,-0.588,-0.553,-0.36,-0.502,0.423,-0.666,0.624,-0.439,-0.659,0.045,-0.303,-0.597,-0.575,-0.319,0.077,-0.631,-0.573,-0.116,-0.239,-0.541,-0.53,-0.499,0.123,0.759,-0.678,-0.334,-0.631,0.349,-0.007,-0.56,-0.408,-0.489,-0.428,-0.087,-0.657,0.839,-0.352,0.875,0.822,-0.212,0.794,-0.03,0.028,-0.4,-0.618,-0.591,-0.683,-0.559,-0.533,-0.362,0.773,0.784,0.151,0.51,0.796,0.833,0.785,0.596,-0.015,0.765,0.055,0.558,-0.558,-0.516,0.414,-0.167,0.067,-0.043
000651SZ,0.264,-0.7,0.683,0.743,0.816,0.063,-0.028,-0.119,-0.661,0.503,-0.461,1.0,-0.717,0.799,0.397,0.604,-0.126,0.593,0.755,0.369,-0.613,-0.009,0.497,0.562,-0.793,0.532,0.941,-0.644,0.473,-0.556,0.489,-0.876,0.762,0.318,0.489,0.826,-0.657,0.015,-0.653,0.762,-0.095,0.85,-0.771,-0.007,-0.799,0.289,-0.798,-0.804,0.117,0.448,-0.817,0.053,-0.479,-0.622,0.311,-0.706,-0.735,-0.536,0.828,-0.878,-0.232,-0.584,-0.78,0.362,-0.217,0.148,-0.37,-0.646,0.355,-0.763,0.293,0.133,-0.826,-0.874,-0.368,-0.073,0.247,-0.875,-0.818,-0.846,-0.825,-0.753,0.626,0.131,0.563,0.89,-0.08,0.772,0.926,0.683,0.953,-0.413,0.803,0.825,0.523,-0.123,-0.665,0.871,0.845,0.808,0.765,0.841,-0.343,0.465,0.261,0.51,0.636,-0.461,0.371,-0.553,-0.655,0.644,0.875,0.012,0.501,0.856,0.68,0.713,-0.574,-0.205,0.584,0.825,-0.516,-0.338,0.527,0.285,0.755,-0.688,0.84,0.573,0.338,0.498,-0.809,0.341,0.709,-0.506,-0.225,0.846,0.832,-0.529,-0.428,-0.704,0.764,0.219,0.855,0.355,0.832,0.659,0.291,0.933,0.851,0.849,0.81,0.339,0.657,-0.194,0.902,0.729,0.695,0.706,0.86,0.667,0.792,0.464,0.924,0.84,0.763,0.807,0.624,0.908,0.809,0.639,-0.875,0.794,0.818,0.863,0.545,0.467,0.821,0.527,0.887,0.648,0.761,0.809,-0.729,0.658,-0.755,-0.12,0.813,-0.782,0.705,0.748,0.782,0.752,0.815,0.738,0.748,0.845,0.558,-0.792,-0.288,0.419,-0.496,-0.796,-0.636,-0.792,-0.39,0.48,-0.819,0.612,-0.868,0.847,0.539,-0.608,0.199,0.702,0.024
000661SZ,0.195,0.876,-0.347,-0.228,-0.397,0.283,0.344,0.429,0.693,-0.322,0.83,-0.717,1.0,-0.396,-0.252,-0.527,0.619,-0.162,-0.321,-0.026,0.739,0.528,-0.149,-0.37,0.921,-0.742,-0.778,0.883,-0.033,0.674,-0.249,0.878,-0.758,-0.202,-0.176,-0.727,0.802,0.429,0.706,-0.661,0.048,-0.638,0.91,0.015,0.813,-0.092,0.798,0.807,0.037,-0.401,0.863,0.386,0.784,0.823,0.204,0.812,0.905,0.648,-0.741,0.773,0.506,0.882,0.947,0.032,0.327,-0.076,0.272,0.848,-0.165,0.827,-0.294,-0.112,0.872,0.853,0.639,0.243,-0.391,0.822,0.789,0.82,0.871,0.758,-0.34,0.393,-0.642,-0.771,0.267,-0.555,-0.694,-0.525,-0.835,0.53,-0.781,-0.689,-0.163,0.539,0.87,-0.743,-0.351,-0.764,-0.355,-0.429,0.693,-0.313,0.199,-0.285,-0.38,0.669,0.215,0.726,0.867,-0.413,-0.812,0.315,-0.245,-0.767,-0.528,-0.261,0.68,0.533,-0.145,-0.7,0.705,0.455,-0.189,-0.274,-0.746,0.842,-0.597,-0.072,-0.204,-0.243,0.835,-0.342,-0.58,0.808,0.572,-0.635,-0.768,0.773,0.618,0.69,-0.433,0.377,-0.643,0.092,-0.727,-0.625,0.127,-0.763,-0.715,-0.593,-0.644,0.124,-0.66,0.471,-0.679,-0.709,-0.264,-0.497,-0.738,-0.611,-0.492,-0.129,-0.806,-0.703,-0.385,-0.563,-0.576,-0.716,-0.685,-0.153,0.861,-0.782,-0.539,-0.773,0.01,-0.257,-0.699,-0.47,-0.727,-0.529,-0.337,-0.769,0.848,-0.456,0.901,0.614,-0.488,0.884,-0.313,-0.304,-0.609,-0.71,-0.738,-0.732,-0.67,-0.737,-0.433,0.851,0.634,-0.076,0.541,0.862,0.799,0.885,0.481,-0.152,0.841,-0.183,0.716,-0.753,-0.551,0.47,-0.222,-0.301,-0.04
000708SZ,0.455,-0.264,0.913,0.771,0.784,0.556,0.405,0.18,-0.366,0.112,-0.176,0.799,-0.396,1.0,0.507,0.19,0.043,0.833,0.734,0.697,-0.269,0.327,0.849,0.358,-0.419,0.307,0.627,-0.212,0.446,-0.449,0.726,-0.545,0.35,-0.066,0.617,0.487,-0.492,0.188,-0.371,0.565,-0.438,0.737,-0.507,-0.147,-0.708,0.395,-0.731,-0.601,0.548,0.505,-0.645,0.48,0.045,-0.402,0.576,-0.557,-0.486,-0.61,0.428,-0.81,-0.133,-0.263,-0.518,0.337,-0.13,-0.043,-0.354,-0.512,0.369,-0.378,-0.137,-0.078,-0.642,-0.634,0.088,-0.208,0.177,-0.739,-0.76,-0.76,-0.523,-0.754,0.364,0.482,0.106,0.536,-0.194,0.402,0.904,0.348,0.732,-0.439,0.42,0.688,0.851,0.234,-0.428,0.56,0.882,0.665,0.734,0.812,0.133,0.231,0.291,0.329,0.748,-0.034,0.676,-0.532,-0.283,0.857,0.577,0.464,0.711,0.455,0.411,0.931,-0.224,0.246,0.702,0.594,-0.128,-0.476,0.849,-0.142,0.49,-0.432,0.564,0.825,0.094,0.172,-0.4,-0.05,0.296,-0.231,-0.126,0.829,0.441,-0.311,-0.33,-0.656,0.836,0.469,0.593,0.711,0.449,0.292,0.304,0.627,0.501,0.851,0.46,0.206,0.277,0.04,0.674,0.305,0.754,0.811,0.514,0.266,0.816,0.745,0.744,0.492,0.874,0.869,0.274,0.666,0.424,0.539,-0.549,0.375,0.915,0.493,0.638,0.664,0.439,0.087,0.587,0.231,0.858,0.442,-0.519,0.255,-0.534,0.108,0.525,-0.417,0.793,0.763,0.396,0.361,0.393,0.335,0.348,0.673,0.677,-0.671,0.018,0.732,-0.191,-0.656,-0.551,-0.68,-0.166,0.831,-0.692,0.772,-0.704,0.453,0.086,-0.683,-0.198,0.644,-0.408
000725SZ,0.426,-0.136,0.513,0.54,0.536,0.395,0.52,0.262,0.103,-0.044,-0.033,0.397,-0.252,0.507,1.0,0.144,0.189,0.547,0.281,0.57,0.14,0.075,0.601,0.434,-0.249,0.409,0.367,-0.026,0.073,0.077,0.394,-0.314,0.142,-0.205,0.797,0.423,-0.047,0.315,-0.009,0.15,-0.076,0.572,-0.286,-0.405,-0.407,0.668,-0.39,-0.127,0.618,0.684,-0.221,0.251,0.042,-0.316,0.196,-0.016,-0.271,-0.054,0.238,-0.359,0.256,0.02,-0.306,0.396,-0.468,0.197,-0.523,-0.338,0.351,0.102,0.18,0.382,-0.167,-0.121,0.025,0.12,0.691,-0.308,-0.338,-0.396,-0.096,-0.294,0.329,0.217,0.233,0.289,0.131,0.26,0.424,0.219,0.361,-0.089,0.198,0.454,0.532,0.291,-0.262,0.457,0.498,0.495,0.294,0.644,-0.031,0.301,-0.099,0.532,0.189,0.302,0.393,-0.436,0.019,0.632,0.389,0.42,0.779,0.25,0.321,0.449,0.022,0.438,0.314,0.162,0.241,-0.052,0.611,0.265,0.448,-0.053,0.414,0.289,0.061,0.112,-0.049,-0.136,0.187,0.064,-0.068,0.561,0.179,-0.166,-0.283,-0.123,0.24,0.312,0.158,0.463,0.239,0.374,0.465,0.356,0.324,0.309,0.214,0.27,0.04,0.41,0.471,0.137,0.682,0.629,0.253,0.094,0.573,0.735,0.369,0.265,0.643,0.532,0.185,0.392,0.37,0.488,-0.286,0.164,0.343,0.281,0.418,0.43,0.278,0.07,0.459,0.143,0.368,0.238,-0.351,0.181,-0.206,0.222,0.244,-0.14,0.659,0.44,0.25,0.176,0.258,0.174,0.242,0.519,0.616,-0.263,-0.142,0.501,0.229,-0.224,-0.274,-0.349,-0.333,0.447,-0.236,0.485,-0.146,0.325,0.089,-0.092,0.074,0.26,-0.215
000768SZ,-0.044,-0.689,0.053,0.398,0.345,-0.489,-0.357,-0.285,-0.51,0.803,-0.38,0.604,-0.527,0.19,0.144,1.0,-0.048,-0.008,0.422,-0.238,-0.534,-0.152,-0.118,0.511,-0.628,0.39,0.698,-0.624,0.347,-0.274,-0.088,-0.657,0.781,0.768,0.2,0.664,-0.29,-0.031,-0.5,0.541,0.539,0.479,-0.47,0.318,-0.317,0.034,-0.289,-0.48,-0.407,0.106,-0.409,-0.451,-0.673,-0.382,-0.086,-0.298,-0.429,0.01,0.825,-0.33,-0.144,-0.453,-0.53,0.212,-0.141,0.343,-0.198,-0.269,0.07,-0.603,0.603,0.364,-0.409,-0.526,-0.548,0.176,0.149,-0.358,-0.281,-0.382,-0.55,-0.171,0.733,-0.105,0.787,0.788,0.324,0.891,0.415,0.829,0.655,-0.033,0.757,0.503,-0.152,-0.383,-0.445,0.727,0.444,0.503,0.558,0.494,-0.595,0.523,0.107,0.469,0.048,-0.531,-0.04,-0.121,-0.508,0.057,0.684,-0.349,0.033,0.873,0.75,0.122,-0.652,-0.47,0.214,0.608,-0.541,0.27,-0.119,0.635,0.57,-0.464,0.683,0.001,0.801,0.817,-0.72,0.673,0.772,-0.386,-0.044,0.313,0.768,-0.319,-0.109,-0.259,0.197,-0.054,0.625,-0.193,0.828,0.84,0.261,0.718,0.813,0.27,0.826,0.505,0.7,-0.279,0.689,0.78,0.281,0.249,0.802,0.776,0.352,-0.087,0.564,0.785,0.16,0.195,0.734,0.725,0.758,0.491,-0.673,0.822,0.197,0.839,0.159,-0.14,0.838,0.785,0.684,0.785,0.25,0.784,-0.418,0.648,-0.401,-0.153,0.77,-0.644,0.222,0.335,0.85,0.841,0.833,0.764,0.794,0.54,0.206,-0.377,-0.333,-0.165,-0.498,-0.341,-0.271,-0.36,-0.424,-0.25,-0.352,0.058,-0.418,0.809,0.848,0.035,0.512,0.275,0.683
000776SZ,0.76,0.594,-0.008,0.48,0.294,0.325,0.572,0.589,0.384,0.103,0.804,-0.126,0.619,0.043,0.189,-0.048,1.0,0.349,0.046,0.235,0.558,0.718,0.191,0.023,0.533,-0.606,-0.189,0.603,0.374,0.635,-0.055,0.412,-0.421,0.132,0.299,-0.159,0.673,0.734,0.441,-0.121,0.032,-0.059,0.623,-0.114,0.511,0.235,0.504,0.493,0.201,-0.005,0.572,0.593,0.575,0.578,0.584,0.656,0.617,0.527,-0.265,0.395,0.759,0.797,0.613,0.58,0.185,0.343,-0.122,0.678,0.23,0.509,0.01,0.139,0.56,0.492,0.61,0.578,-0.244,0.475,0.47,0.512,0.55,0.538,0.183,0.676,-0.248,-0.26,0.392,0.027,-0.216,-0.093,-0.298,0.377,-0.428,-0.258,0.112,0.808,0.725,-0.189,0.302,-0.412,0.186,0.237,0.544,0.054,0.425,0.124,0.033,0.647,0.575,0.621,0.657,0.013,-0.349,0.431,0.101,-0.206,-0.006,0.2,0.419,0.531,0.334,-0.374,0.572,0.58,0.15,0.154,-0.329,0.728,0.038,0.277,0.272,0.217,0.444,-0.189,-0.052,0.864,0.858,-0.177,-0.381,0.797,0.49,0.423,-0.082,0.827,-0.152,0.293,-0.218,-0.161,0.705,-0.226,-0.161,-0.14,-0.166,0.603,-0.444,0.752,-0.027,-0.362,0.416,-0.186,-0.245,-0.31,-0.027,0.277,-0.375,-0.233,0.213,-0.115,-0.225,-0.155,-0.103,0.544,0.45,-0.394,-0.145,-0.255,0.636,0.085,-0.176,-0.157,-0.095,-0.137,0.217,-0.349,0.6,0.01,0.642,0.929,0.146,0.613,0.165,0.379,-0.036,-0.304,-0.215,-0.381,-0.236,-0.247,-0.095,0.626,0.59,0.331,0.501,0.608,0.657,0.562,0.344,0.132,0.569,0.101,0.329,-0.165,-0.282,0.315,0.038,0.332,0.047
000786SZ,0.759,-0.005,0.828,0.811,0.844,0.696,0.607,0.477,-0.133,0.009,0.06,0.593,-0.162,0.833,0.547,-0.008,0.349,1.0,0.58,0.819,0.036,0.432,0.791,0.205,-0.181,0.104,0.451,0.035,0.432,-0.076,0.488,-0.307,0.051,-0.221,0.738,0.364,-0.234,0.539,-0.081,0.397,-0.524,0.669,-0.237,-0.413,-0.497,0.371,-0.529,-0.364,0.661,0.606,-0.351,0.745,0.262,-0.296,0.614,-0.252,-0.266,-0.393,0.237,-0.588,0.179,0.071,-0.249,0.485,-0.178,0.006,-0.492,-0.206,0.408,-0.122,-0.094,0.011,-0.363,-0.354,0.257,-0.015,0.106,-0.505,-0.54,-0.474,-0.217,-0.518,0.357,0.582,-0.04,0.324,-0.025,0.284,0.684,0.192,0.495,-0.211,0.173,0.453,0.835,0.588,-0.099,0.415,0.793,0.427,0.539,0.753,0.252,0.205,0.242,0.312,0.63,0.305,0.741,-0.346,0.036,0.857,0.37,0.595,0.7,0.259,0.196,0.882,0.108,0.484,0.584,0.301,0.202,-0.312,0.88,-0.098,0.311,-0.072,0.513,0.734,0.028,0.112,-0.155,-0.216,0.218,0.166,0.178,0.745,0.187,-0.002,-0.255,-0.398,0.575,0.683,0.396,0.787,0.283,0.147,0.57,0.431,0.36,0.647,0.274,0.243,0.04,0.442,0.571,0.11,0.84,0.605,0.33,0.062,0.75,0.839,0.454,0.311,0.908,0.64,0.153,0.512,0.329,0.669,-0.319,0.115,0.725,0.285,0.726,0.576,0.288,-0.041,0.474,0.112,0.849,0.228,-0.323,0.189,-0.287,0.412,0.427,-0.085,0.791,0.739,0.278,0.147,0.235,0.143,0.195,0.422,0.635,-0.334,0.122,0.78,0.092,-0.385,-0.303,-0.439,-0.127,0.83,-0.427,0.699,-0.519,0.311,-0.131,-0.468,-0.264,0.661,-0.482
000800SZ,0.269,-0.394,0.685,0.673,0.627,0.301,-0.009,0.019,-0.423,0.517,-0.132,0.755,-0.321,0.734,0.281,0.422,0.046,0.58,1.0,0.525,-0.37,0.26,0.459,0.33,-0.426,0.358,0.655,-0.25,0.504,-0.439,0.306,-0.545,0.581,0.162,0.511,0.466,-0.471,0.224,-0.418,0.378,-0.006,0.664,-0.476,0.088,-0.558,0.03,-0.584,-0.577,0.103,0.373,-0.494,0.211,-0.128,-0.357,0.348,-0.454,-0.37,-0.33,0.634,-0.652,-0.178,-0.25,-0.47,0.162,-0.038,-0.17,-0.235,-0.374,0.15,-0.454,0.146,0.067,-0.541,-0.575,-0.193,-0.264,0.066,-0.623,-0.576,-0.597,-0.548,-0.541,0.668,0.32,0.296,0.683,0.187,0.587,0.764,0.575,0.668,-0.225,0.644,0.567,0.55,0.034,-0.401,0.636,0.725,0.631,0.742,0.782,-0.079,0.379,0.245,0.365,0.458,-0.264,0.565,-0.367,-0.344,0.532,0.625,0.214,0.502,0.586,0.425,0.696,-0.312,0.049,0.539,0.757,-0.232,-0.247,0.552,0.069,0.451,-0.447,0.564,0.608,0.238,0.46,-0.536,0.37,0.434,-0.276,-0.06,0.681,0.66,-0.346,-0.098,-0.527,0.623,0.351,0.737,0.548,0.657,0.45,0.343,0.682,0.664,0.638,0.704,0.51,0.595,-0.124,0.669,0.593,0.54,0.681,0.702,0.61,0.785,0.447,0.645,0.714,0.581,0.592,0.559,0.753,0.527,0.643,-0.633,0.59,0.703,0.625,0.472,0.182,0.635,0.472,0.575,0.597,0.712,0.657,-0.5,0.403,-0.444,0.098,0.723,-0.509,0.748,0.514,0.635,0.612,0.579,0.602,0.625,0.511,0.455,-0.544,-0.043,0.253,-0.485,-0.52,-0.432,-0.505,-0.331,0.391,-0.563,0.771,-0.67,0.555,0.449,-0.369,-0.104,0.507,0.073
000807SZ,0.573,0.115,0.809,0.604,0.613,0.849,0.553,0.425,0.101,-0.157,0.111,0.369,-0.026,0.697,0.57,-0.238,0.235,0.819,0.525,1.0,0.232,0.293,0.78,0.057,-0.044,0.219,0.227,0.241,0.134,-0.027,0.493,-0.129,-0.07,-0.512,0.706,0.136,-0.193,0.508,0.122,0.018,-0.431,0.491,-0.178,-0.483,-0.452,0.256,-0.476,-0.185,0.798,0.66,-0.195,0.654,0.372,-0.257,0.386,-0.142,-0.151,-0.295,0.072,-0.461,0.138,0.178,-0.144,0.233,-0.256,-0.299,-0.42,-0.236,0.198,0.115,-0.177,0.072,-0.186,-0.153,0.212,-0.261,0.246,-0.375,-0.43,-0.385,-0.032,-0.449,0.255,0.436,-0.188,0.146,0.111,0.036,0.514,0.027,0.26,-0.036,0.08,0.34,0.885,0.524,-0.103,0.26,0.561,0.381,0.305,0.602,0.287,0.15,0.067,0.202,0.362,0.414,0.737,-0.45,0.179,0.766,0.225,0.76,0.836,0.034,0.026,0.713,0.269,0.611,0.325,0.216,0.367,-0.395,0.882,-0.227,0.209,-0.027,0.216,0.578,-0.268,-0.126,0.081,-0.233,-0.057,0.17,-0.008,0.649,0.058,-0.101,-0.222,-0.237,0.369,0.55,0.173,0.879,0.104,0.053,0.405,0.235,0.175,0.415,0.138,0.167,0.011,0.452,0.344,0.011,0.685,0.666,0.171,0.002,0.764,0.877,0.27,0.181,0.751,0.558,0.141,0.35,0.136,0.512,-0.189,-0.029,0.55,0.102,0.519,0.382,0.118,-0.096,0.272,0.01,0.616,0.116,-0.299,0.006,-0.151,0.362,0.187,0.031,0.815,0.423,0.049,0.022,0.05,0.049,0.079,0.287,0.688,-0.256,0.006,0.574,0.134,-0.27,-0.296,-0.336,-0.229,0.756,-0.316,0.795,-0.293,0.094,-0.174,-0.29,-0.443,0.323,-0.51
000858SZ,0.306,0.725,-0.102,-0.115,-0.175,0.467,0.523,0.73,0.864,-0.431,0.641,-0.613,0.739,-0.269,0.14,-0.534,0.558,0.036,-0.37,0.232,1.0,0.269,0.096,-0.148,0.742,-0.388,-0.622,0.786,-0.307,0.809,-0.128,0.67,-0.743,-0.399,0.106,-0.478,0.744,0.582,0.952,-0.619,-0.013,-0.393,0.696,-0.284,0.537,0.17,0.549,0.767,0.418,0.036,0.728,0.361,0.648,0.479,0.045,0.741,0.647,0.519,-0.643,0.633,0.626,0.789,0.677,0.215,-0.076,0.052,-0.115,0.624,0.06,0.818,-0.108,0.264,0.783,0.771,0.484,0.282,0.046,0.65,0.644,0.606,0.828,0.557,-0.261,0.256,-0.483,-0.688,0.267,-0.465,-0.581,-0.416,-0.678,0.411,-0.708,-0.351,0.126,0.57,0.632,-0.5,-0.265,-0.507,-0.432,-0.24,0.463,0.011,-0.141,0.001,-0.435,0.806,0.13,0.374,0.886,-0.082,-0.58,0.52,0.128,-0.657,-0.388,-0.191,0.813,0.774,-0.271,-0.715,0.954,0.381,0.104,-0.089,-0.373,0.763,-0.403,-0.194,-0.285,-0.252,0.891,-0.392,-0.488,0.789,0.364,-0.387,-0.727,0.567,0.28,0.749,-0.467,0.302,-0.742,0.286,-0.616,-0.426,0.185,-0.653,-0.552,-0.587,-0.603,0.007,-0.694,0.722,-0.443,-0.661,0.03,-0.301,-0.63,-0.64,-0.26,0.265,-0.667,-0.616,-0.091,-0.367,-0.46,-0.551,-0.462,-0.032,0.698,-0.713,-0.516,-0.637,-0.009,-0.077,-0.561,-0.409,-0.467,-0.555,-0.308,-0.664,0.562,-0.472,0.699,0.544,-0.514,0.847,-0.069,-0.264,-0.554,-0.649,-0.594,-0.663,-0.576,-0.477,-0.007,0.706,0.307,0.179,0.845,0.702,0.521,0.624,0.162,0.076,0.686,-0.136,0.732,-0.569,-0.532,0.486,-0.176,-0.366,-0.181
000876SZ,0.605,0.582,0.231,0.432,0.226,0.469,0.619,0.417,0.185,0.019,0.741,-0.009,0.528,0.327,0.075,-0.152,0.718,0.432,0.26,0.293,0.269,1.0,0.441,-0.192,0.505,-0.603,-0.19,0.613,0.599,0.142,0.252,0.394,-0.345,0.019,0.216,-0.313,0.386,0.47,0.151,0.005,-0.241,-0.045,0.505,0.058,0.333,0.136,0.294,0.283,0.272,-0.131,0.349,0.684,0.729,0.576,0.864,0.347,0.544,0.122,-0.325,0.146,0.355,0.605,0.499,0.28,0.465,0.035,0.112,0.457,0.174,0.399,-0.454,-0.317,0.268,0.281,0.782,0.206,-0.434,0.248,0.197,0.254,0.342,0.217,-0.006,0.805,-0.432,-0.261,0.039,-0.129,0.064,-0.165,-0.148,0.043,-0.41,-0.224,0.284,0.69,0.557,-0.294,0.39,-0.252,0.434,0.272,0.771,-0.246,0.622,-0.185,0.372,0.515,0.738,0.449,0.479,0.139,-0.335,0.499,0.134,-0.267,-0.093,0.463,0.271,0.504,0.64,-0.127,0.324,0.19,0.33,-0.307,-0.441,0.484,-0.112,0.652,0.218,0.054,0.336,-0.235,-0.273,0.596,0.649,-0.082,-0.36,0.602,0.58,-0.009,0.322,0.776,-0.029,0.393,-0.264,-0.363,0.405,-0.215,-0.251,0.141,-0.195,0.438,-0.431,0.401,-0.09,-0.422,0.306,0.039,-0.26,-0.36,0.041,0.265,-0.165,-0.269,0.229,0.157,-0.385,-0.145,-0.3,0.307,0.393,-0.384,0.21,-0.28,0.632,0.269,-0.277,-0.37,-0.198,-0.29,0.379,-0.35,0.519,-0.206,0.496,0.752,0.129,0.458,0.227,0.456,-0.15,-0.343,-0.339,-0.416,-0.348,-0.199,-0.084,0.308,0.769,0.454,0.238,0.342,0.435,0.331,0.555,0.337,0.305,0.355,0.072,-0.278,-0.405,-0.046,-0.353,0.439,-0.206
000895SZ,0.505,0.057,0.859,0.639,0.633,0.765,0.699,0.412,-0.008,-0.166,0.074,0.497,-0.149,0.849,0.601,-0.118,0.191,0.791,0.459,0.78,0.096,0.441,1.0,0.164,-0.118,0.175,0.306,0.157,0.251,-0.218,0.808,-0.251,-0.011,-0.323,0.575,0.206,-0.217,0.297,-0.026,0.321,-0.538,0.49,-0.253,-0.35,-0.509,0.5,-0.521,-0.229,0.836,0.512,-0.362,0.585,0.34,-0.202,0.618,-0.278,-0.24,-0.493,0.053,-0.543,0.064,0.02,-0.255,0.347,-0.164,-0.072,-0.359,-0.353,0.413,0.004,-0.338,-0.086,-0.341,-0.304,0.349,-0.154,0.23,-0.471,-0.522,-0.536,-0.184,-0.564,0.075,0.527,-0.162,0.16,-0.245,0.068,0.651,0.059,0.421,-0.355,0.041,0.506,0.897,0.419,-0.215,0.252,0.703,0.462,0.499,0.633,0.383,0.107,0.264,0.184,0.6,0.347,0.692,-0.444,0.067,0.814,0.279,0.744,0.808,0.101,0.206,0.801,0.119,0.561,0.595,0.248,0.203,-0.439,0.905,-0.295,0.266,-0.144,0.259,0.752,-0.103,-0.099,0.019,-0.29,-0.065,0.049,-0.092,0.61,0.051,-0.14,-0.211,-0.418,0.67,0.517,0.189,0.78,0.093,0.029,0.222,0.276,0.151,0.589,0.09,0.081,-0.116,0.296,0.397,-0.084,0.726,0.708,0.139,-0.121,0.639,0.858,0.456,0.117,0.812,0.805,-0.038,0.334,0.124,0.377,-0.209,-0.003,0.688,0.151,0.639,0.717,0.086,-0.233,0.336,-0.165,0.633,0.079,-0.268,-0.048,-0.228,0.269,0.192,-0.066,0.724,0.626,0.028,-0.011,0.04,-0.034,-0.016,0.482,0.698,-0.428,0.113,0.835,0.169,-0.39,-0.383,-0.464,-0.007,0.895,-0.419,0.717,-0.368,0.137,-0.236,-0.54,-0.381,0.476,-0.597
000938SZ,0.086,-0.498,0.263,0.402,0.507,-0.152,-0.111,0.105,-0.213,0.313,-0.268,0.562,-0.37,0.358,0.434,0.511,0.023,0.205,0.33,0.057,-0.148,-0.192,0.164,1.0,-0.485,0.391,0.667,-0.461,0.201,0.028,0.196,-0.553,0.558,0.472,0.389,0.812,-0.078,0.106,-0.167,0.462,0.198,0.564,-0.427,0.068,-0.36,0.601,-0.312,-0.37,-0.056,0.184,-0.42,-0.197,-0.469,-0.354,-0.009,-0.238,-0.473,0.016,0.59,-0.381,0.138,-0.372,-0.468,0.494,-0.388,0.654,-0.331,-0.299,0.514,-0.41,0.595,0.597,-0.307,-0.424,-0.393,0.468,0.46,-0.443,-0.27,-0.457,-0.424,-0.262,0.424,-0.029,0.635,0.577,0.036,0.635,0.378,0.591,0.531,-0.102,0.504,0.682,0.19,-0.194,-0.394,0.692,0.437,0.477,0.369,0.502,-0.396,0.644,0.097,0.841,0.153,-0.281,0.029,-0.167,-0.309,0.255,0.612,-0.189,0.324,0.58,0.658,0.217,-0.273,-0.074,0.218,0.375,-0.115,0.22,0.113,0.657,0.716,-0.364,0.732,0.057,0.299,0.51,-0.422,0.253,0.684,-0.246,-0.134,0.505,0.551,-0.273,-0.381,-0.092,0.274,0.026,0.429,0.054,0.52,0.572,0.229,0.608,0.578,0.378,0.504,0.344,0.351,-0.021,0.618,0.491,0.493,0.308,0.513,0.384,0.408,0.258,0.569,0.529,0.449,0.359,0.359,0.508,0.708,0.428,-0.528,0.548,0.254,0.568,0.195,0.283,0.578,0.55,0.695,0.465,0.303,0.488,-0.409,0.66,-0.39,-0.121,0.467,-0.471,0.36,0.416,0.548,0.467,0.623,0.441,0.519,0.769,0.266,-0.359,-0.223,0.238,-0.04,-0.337,-0.253,-0.321,-0.413,0.195,-0.37,0.165,-0.308,0.669,0.421,-0.276,0.667,0.359,0.24
000963SZ,0.147,0.928,-0.335,-0.306,-0.49,0.31,0.369,0.419,0.668,-0.409,0.8,-0.793,0.921,-0.419,-0.249,-0.628,0.533,-0.181,-0.426,-0.044,0.742,0.505,-0.118,-0.485,1.0,-0.743,-0.865,0.884,-0.112,0.587,-0.179,0.936,-0.808,-0.286,-0.199,-0.837,0.773,0.321,0.695,-0.651,-0.057,-0.693,0.918,0.066,0.814,-0.115,0.799,0.84,0.109,-0.37,0.855,0.377,0.8,0.816,0.168,0.786,0.897,0.523,-0.858,0.781,0.445,0.849,0.912,-0.068,0.469,-0.083,0.38,0.805,-0.129,0.856,-0.463,-0.237,0.836,0.884,0.71,0.161,-0.39,0.835,0.787,0.818,0.896,0.714,-0.488,0.322,-0.723,-0.861,0.117,-0.708,-0.698,-0.632,-0.867,0.323,-0.882,-0.743,-0.168,0.523,0.846,-0.853,-0.414,-0.783,-0.394,-0.511,0.718,-0.461,0.108,-0.418,-0.333,0.66,0.123,0.683,0.857,-0.41,-0.892,0.337,-0.273,-0.86,-0.598,-0.268,0.671,0.529,-0.132,-0.752,0.712,0.368,-0.161,-0.416,-0.822,0.815,-0.728,-0.087,-0.238,-0.41,0.89,-0.419,-0.721,0.765,0.546,-0.682,-0.879,0.782,0.673,0.609,-0.425,0.281,-0.737,0.062,-0.825,-0.745,0.02,-0.866,-0.826,-0.608,-0.759,-0.065,-0.771,0.405,-0.766,-0.826,-0.365,-0.498,-0.839,-0.746,-0.569,-0.141,-0.846,-0.826,-0.421,-0.548,-0.704,-0.801,-0.823,-0.302,0.927,-0.879,-0.547,-0.869,-0.053,-0.191,-0.822,-0.636,-0.838,-0.675,-0.342,-0.855,0.864,-0.667,0.895,0.553,-0.606,0.922,-0.412,-0.357,-0.753,-0.813,-0.863,-0.84,-0.796,-0.762,-0.435,0.817,0.639,-0.046,0.569,0.846,0.731,0.836,0.623,-0.112,0.832,-0.271,0.763,-0.859,-0.667,0.451,-0.356,-0.331,-0.157
000999SZ,-0.31,-0.777,0.393,0.152,0.272,-0.077,-0.276,-0.247,-0.298,0.267,-0.716,0.532,-0.742,0.307,0.409,0.39,-0.606,0.104,0.358,0.219,-0.388,-0.603,0.175,0.391,-0.743,1.0,0.622,-0.635,-0.151,-0.431,0.191,-0.741,0.693,-0.042,0.282,0.622,-0.643,-0.21,-0.346,0.257,0.158,0.599,-0.776,-0.067,-0.768,0.089,-0.74,-0.593,0.113,0.531,-0.653,-0.454,-0.666,-0.836,-0.439,-0.619,-0.772,-0.418,0.673,-0.6,-0.418,-0.692,-0.817,-0.132,-0.491,-0.148,-0.293,-0.753,-0.021,-0.555,0.438,0.404,-0.616,-0.623,-0.755,-0.397,0.6,-0.689,-0.616,-0.738,-0.626,-0.656,0.416,-0.486,0.629,0.661,0.06,0.471,0.515,0.577,0.633,-0.263,0.751,0.704,0.271,-0.549,-0.855,0.721,0.22,0.86,0.172,0.409,-0.696,0.534,-0.316,0.448,-0.022,-0.425,-0.222,-0.816,-0.57,0.401,0.804,-0.106,0.457,0.607,0.434,0.148,-0.408,-0.175,-0.121,0.641,-0.334,-0.423,0.266,0.28,0.811,-0.739,0.492,-0.105,-0.051,0.244,-0.566,0.445,0.469,-0.695,-0.749,0.628,0.693,-0.866,-0.579,-0.376,0.189,-0.416,0.408,0.099,0.646,0.64,-0.129,0.652,0.647,0.295,0.606,-0.088,0.67,-0.325,0.603,0.696,0.249,0.556,0.663,0.625,0.596,0.286,0.682,0.669,0.319,0.432,0.654,0.654,0.632,0.169,-0.775,0.7,0.303,0.674,-0.188,0.081,0.645,0.558,0.638,0.532,0.14,0.735,-0.858,0.318,-0.719,-0.558,0.348,-0.718,0.443,0.019,0.503,0.675,0.646,0.721,0.675,0.64,0.584,-0.714,-0.738,-0.055,-0.379,-0.704,-0.775,-0.732,-0.757,0.098,-0.7,0.31,-0.478,0.642,0.598,-0.22,0.096,-0.071,0.138
001965SZ,0.144,-0.823,0.54,0.642,0.748,-0.12,-0.19,-0.135,-0.647,0.592,-0.571,0.941,-0.778,0.627,0.367,0.698,-0.189,0.451,0.655,0.227,-0.622,-0.19,0.306,0.667,-0.865,0.622,1.0,-0.76,0.415,-0.471,0.312,-0.912,0.847,0.417,0.437,0.935,-0.621,-0.007,-0.617,0.745,0.04,0.836,-0.791,0.016,-0.78,0.283,-0.759,-0.82,-0.035,0.409,-0.81,-0.157,-0.667,-0.725,0.106,-0.681,-0.802,-0.435,0.918,-0.812,-0.247,-0.669,-0.829,0.323,-0.314,0.269,-0.384,-0.615,0.338,-0.823,0.514,0.311,-0.79,-0.87,-0.57,0.049,0.323,-0.854,-0.746,-0.807,-0.847,-0.682,0.675,-0.059,0.749,0.939,-0.004,0.864,0.803,0.795,0.937,-0.334,0.881,0.852,0.362,-0.282,-0.706,0.937,0.709,0.816,0.644,0.763,-0.567,0.606,0.183,0.63,0.467,-0.541,0.163,-0.532,-0.684,0.52,0.942,-0.165,0.405,0.929,0.725,0.532,-0.617,-0.317,0.395,0.821,-0.546,-0.21,0.343,0.481,0.857,-0.727,0.916,0.33,0.371,0.61,-0.865,0.461,0.853,-0.56,-0.279,0.809,0.906,-0.591,-0.506,-0.592,0.584,0.075,0.846,0.171,0.905,0.769,0.249,0.968,0.92,0.722,0.869,0.324,0.74,-0.236,0.929,0.845,0.63,0.555,0.911,0.755,0.739,0.337,0.908,0.898,0.653,0.645,0.71,0.914,0.924,0.625,-0.929,0.883,0.651,0.931,0.38,0.318,0.909,0.692,0.955,0.752,0.633,0.882,-0.781,0.752,-0.774,-0.236,0.832,-0.845,0.598,0.63,0.857,0.84,0.924,0.835,0.847,0.869,0.494,-0.756,-0.433,0.256,-0.485,-0.778,-0.646,-0.77,-0.531,0.307,-0.797,0.436,-0.811,0.952,0.654,-0.504,0.364,0.605,0.195
