,000001SZ,000002SZ,000157SZ,000166SZ,000333SZ,000338SZ,000538SZ,000568SZ,000596SZ,000617SZ,000625SZ,000651SZ,000661SZ,000708SZ,000725SZ,000768SZ,000776SZ,000786SZ,000800SZ,000807SZ,000858SZ,000876SZ,000895SZ,000938SZ,000963SZ,000999SZ,001965SZ,002001SZ,002007SZ,002027SZ,002028SZ,002050SZ,002129SZ,002179SZ,002230SZ,002236SZ,002241SZ,002271SZ,002304SZ,002311SZ,002371SZ,002415SZ,002422SZ,002459SZ,002460SZ,002463SZ,002466SZ,002475SZ,002493SZ,002555SZ,002594SZ,002601SZ,002648SZ,002709SZ,002714SZ,002916SZ,002920SZ,002938SZ,003816SZ,300014SZ,300033SZ,300059SZ,300122SZ,300124SZ,300274SZ,300308SZ,300316SZ,300347SZ,300394SZ,300408SZ,300413SZ,300418SZ,300433SZ,300450SZ,300498SZ,300502SZ,300628SZ,300661SZ,300750SZ,300759SZ,300760SZ,300782SZ,600000SS,600010SS,600011SS,600015SS,600016SS,600018SS,600019SS,600023SS,600025SS,600026SS,600028SS,600029SS,600031SS,600036SS,600048SS,600050SS,600061SS,600085SS,600089SS,600104SS,600111SS,600115SS,600161SS,600183SS,600188SS,600196SS,600219SS,600233SS,600276SS,600309SS,600332SS,600346SS,600362SS,600377SS,600406SS,600415SS,600426SS,600436SS,600438SS,600489SS,600519SS,600570SS,600585SS,600588SS,600600SS,600660SS,600674SS,600741SS,600760SS,600795SS,600809SS,600875SS,600886SS,600887SS,600926SS,600989SS,601006SS,601009SS,601012SS,601021SS,601058SS,601066SS,601088SS,601100SS,601117SS,601138SS,601166SS,601169SS,601186SS,601225SS,601229SS,601238SS,601288SS,601318SS,601319SS,601328SS,601336SS,601360SS,601390SS,601398SS,601600SS,601601SS,601607SS,601618SS,601628SS,601633SS,601658SS,601668SS,601669SS,601688SS,601689SS,601698SS,601699SS,601766SS,601788SS,601799SS,601800SS,601808SS,601816SS,601818SS,601838SS,601857SS,601865SS,601872SS,601877SS,601878SS,601881SS,601888SS,601899SS,601901SS,601919SS,601939SS,601985SS,601988SS,601998SS,603019SS,603195SS,603259SS,603260SS,603288SS,603369SS,603501SS,603659SS,603799SS,603806SS,603833SS,603986SS,603993SS,688008SS,688009SS,688012SS,688036SS,688111SS,688169SS,688396SS
000001SZ,1.0,0.931,0.917,0.599,0.751,0.55,0.889,0.462,0.092,-0.548,0.891,-0.111,0.771,0.893,-0.336,0.754,0.912,0.951,0.823,0.37,0.882,0.49,0.864,-0.732,0.555,-0.4,-0.266,0.917,0.468,-0.285,0.207,-0.196,0.131,0.83,-0.483,-0.772,-0.105,0.887,0.675,0.771,-0.607,-0.511,0.453,0.595,0.838,-0.521,0.864,0.176,0.168,-0.495,0.782,0.907,0.925,0.798,0.47,-0.541,0.512,-0.313,-0.566,0.7,-0.567,0.639,0.129,0.859,0.768,-0.5,0.511,0.697,-0.51,0.535,-0.57,-0.601,-0.23,0.913,-0.227,-0.464,-0.601,0.608,0.491,0.47,0.42,-0.423,0.691,0.94,-0.279,-0.242,0.3,-0.581,0.783,0.521,0.571,0.55,-0.844,0.696,0.948,0.984,0.846,0.599,0.531,-0.373,-0.127,0.877,0.903,0.815,-0.798,-0.291,0.44,0.916,0.935,-0.439,0.399,0.961,0.499,0.809,0.628,0.168,-0.52,-0.322,0.849,0.856,0.909,-0.89,0.598,-0.477,0.929,0.098,0.35,0.95,-0.125,0.935,0.892,0.727,0.052,0.675,0.016,0.958,0.879,0.862,-0.658,0.932,0.856,0.675,0.424,0.56,0.158,0.892,0.108,-0.726,0.827,-0.121,-0.568,0.589,0.478,0.738,-0.823,0.921,0.432,-0.73,0.934,-0.683,-0.669,-0.758,0.691,0.81,-0.621,-0.568,0.916,0.892,0.16,0.181,0.446,0.774,0.179,-0.811,0.773,0.505,0.851,0.929,-0.505,0.592,0.55,-0.236,0.974,-0.574,0.548,0.487,0.929,0.691,-0.295,0.819,-0.015,0.038,0.067,-0.636,-0.249,-0.625,-0.667,-0.537,0.73,0.492,0.903,0.934,0.322,-0.325,0.691,0.788,0.874,0.891,-0.455,0.484,-0.561,-0.153,-0.737,-0.587,-0.676,0.182,-0.77
000002SZ,0.931,1.0,0.936,0.545,0.685,0.403,0.829,0.286,-0.114,-0.435,0.787,0.13,0.677,0.882,-0.313,0.727,0.903,0.945,0.796,0.287,0.746,0.445,0.728,-0.702,0.347,-0.355,-0.047,0.811,0.408,-0.232,0.113,-0.379,-0.096,0.716,-0.533,-0.733,-0.16,0.864,0.461,0.748,-0.427,-0.469,0.388,0.386,0.78,-0.571,0.806,0.024,-0.07,-0.481,0.661,0.876,0.841,0.661,0.402,-0.512,0.312,-0.339,-0.33,0.517,-0.615,0.596,0.325,0.72,0.594,-0.588,0.41,0.552,-0.478,0.689,-0.556,-0.641,-0.311,0.789,-0.296,-0.567,-0.425,0.707,0.318,0.316,0.28,-0.291,0.641,0.939,-0.115,-0.214,0.214,-0.445,0.827,0.677,0.644,0.556,-0.706,0.732,0.934,0.924,0.926,0.659,0.493,-0.476,-0.134,0.809,0.879,0.849,-0.641,-0.284,0.204,0.802,0.929,-0.302,0.24,0.928,0.515,0.652,0.457,0.419,-0.508,-0.412,0.764,0.772,0.787,-0.804,0.46,-0.585,0.975,0.163,0.124,0.869,0.051,0.888,0.833,0.78,-0.025,0.532,0.198,0.872,0.837,0.862,-0.452,0.874,0.705,0.557,0.488,0.512,0.35,0.787,0.32,-0.673,0.818,0.017,-0.354,0.441,0.584,0.593,-0.725,0.899,0.542,-0.587,0.949,-0.698,-0.485,-0.63,0.708,0.894,-0.45,-0.333,0.896,0.781,0.363,0.396,0.601,0.706,0.021,-0.678,0.602,0.635,0.783,0.872,-0.314,0.661,0.626,0.008,0.912,-0.463,0.343,0.512,0.837,0.647,-0.287,0.807,-0.109,0.021,0.042,-0.492,0.019,-0.417,-0.596,-0.561,0.739,0.321,0.769,0.857,0.105,-0.323,0.574,0.744,0.746,0.902,-0.455,0.28,-0.56,-0.014,-0.696,-0.594,-0.727,0.059,-0.669
000157SZ,0.917,0.936,1.0,0.361,0.566,0.332,0.764,0.16,-0.173,-0.378,0.776,0.067,0.77,0.949,-0.549,0.742,0.815,0.956,0.875,0.13,0.724,0.497,0.686,-0.859,0.446,-0.222,-0.055,0.864,0.331,-0.415,0.035,-0.4,0.026,0.782,-0.711,-0.876,-0.384,0.799,0.431,0.866,-0.379,-0.657,0.443,0.524,0.756,-0.746,0.789,-0.154,-0.088,-0.665,0.588,0.925,0.821,0.663,0.422,-0.708,0.219,-0.553,-0.42,0.472,-0.771,0.533,0.377,0.746,0.691,-0.747,0.588,0.58,-0.667,0.743,-0.659,-0.802,-0.522,0.826,-0.435,-0.713,-0.584,0.564,0.253,0.181,0.214,-0.347,0.542,0.968,-0.13,-0.382,0.04,-0.563,0.917,0.749,0.785,0.668,-0.688,0.841,0.959,0.881,0.821,0.754,0.33,-0.496,-0.042,0.773,0.836,0.919,-0.724,-0.504,0.187,0.748,0.913,-0.26,0.087,0.944,0.655,0.715,0.409,0.411,-0.6,-0.545,0.783,0.859,0.791,-0.81,0.321,-0.642,0.963,0.243,0.124,0.869,0.061,0.911,0.88,0.876,-0.153,0.695,0.297,0.833,0.744,0.942,-0.413,0.929,0.791,0.656,0.467,0.339,0.357,0.809,0.322,-0.834,0.684,-0.159,-0.429,0.418,0.486,0.541,-0.767,0.808,0.388,-0.624,0.894,-0.841,-0.529,-0.695,0.74,0.881,-0.429,-0.357,0.903,0.797,0.4,0.423,0.669,0.585,-0.073,-0.652,0.636,0.736,0.695,0.886,-0.317,0.808,0.573,-0.095,0.914,-0.48,0.289,0.645,0.866,0.485,-0.455,0.718,-0.187,-0.202,-0.112,-0.59,0.024,-0.47,-0.725,-0.732,0.805,0.193,0.839,0.829,0.014,-0.549,0.499,0.727,0.828,0.846,-0.653,0.251,-0.742,-0.106,-0.755,-0.765,-0.824,-0.145,-0.788
000166SZ,0.599,0.545,0.361,1.0,0.807,0.697,0.655,0.69,0.233,-0.532,0.682,-0.136,0.074,0.256,0.49,0.437,0.791,0.508,0.289,0.881,0.583,0.086,0.661,-0.015,0.106,-0.697,-0.246,0.383,0.252,0.388,0.43,0.248,0.051,0.367,0.342,-0.028,0.623,0.7,0.553,-0.002,-0.722,0.31,0.12,0.168,0.621,0.304,0.57,0.707,0.45,0.357,0.796,0.373,0.591,0.58,0.136,0.294,0.722,0.402,-0.224,0.725,0.262,0.597,-0.375,0.42,0.365,0.302,-0.196,0.39,0.3,0.057,0.167,0.215,0.557,0.454,0.337,0.303,0.074,0.456,0.541,0.773,0.229,-0.267,0.844,0.415,-0.286,0.493,0.828,-0.012,0.147,-0.049,-0.143,-0.05,-0.53,0.032,0.434,0.673,0.647,-0.082,0.955,-0.045,-0.253,0.744,0.655,0.177,-0.318,0.501,0.58,0.736,0.553,-0.575,0.737,0.507,-0.245,0.504,0.734,-0.122,0.231,0.402,0.467,0.188,0.638,-0.505,0.778,0.055,0.48,-0.387,0.296,0.623,-0.428,0.526,0.462,0.029,0.332,0.001,-0.414,0.636,0.787,0.23,-0.554,0.33,0.359,0.132,0.158,0.952,-0.137,0.465,-0.16,0.069,0.86,0.406,-0.221,0.475,0.546,0.762,-0.296,0.787,0.675,-0.253,0.695,0.125,-0.34,-0.279,0.373,0.48,-0.59,-0.367,0.554,0.595,-0.152,-0.081,-0.131,0.928,0.621,-0.699,0.443,-0.019,0.829,0.485,-0.346,-0.158,0.444,-0.069,0.56,-0.12,0.627,-0.238,0.503,0.924,0.542,0.677,0.325,0.733,0.658,-0.097,-0.38,-0.307,0.087,0.271,0.102,0.699,0.456,0.61,0.544,0.459,0.702,0.366,0.396,0.491,0.28,0.515,0.264,0.19,-0.154,0.17,0.022,0.799,-0.202
000333SZ,0.751,0.685,0.566,0.807,1.0,0.694,0.749,0.762,0.373,-0.655,0.811,-0.125,0.405,0.503,0.154,0.608,0.825,0.715,0.526,0.717,0.837,0.204,0.799,-0.309,0.462,-0.662,-0.45,0.655,0.241,0.104,0.491,0.19,0.235,0.635,-0.003,-0.362,0.326,0.866,0.733,0.314,-0.654,-0.068,0.29,0.435,0.772,0.005,0.786,0.569,0.454,0.013,0.889,0.683,0.731,0.766,0.236,-0.055,0.75,0.131,-0.474,0.822,-0.061,0.602,-0.226,0.721,0.622,0.012,0.179,0.519,0.019,0.243,-0.17,-0.103,0.259,0.709,0.077,0.061,-0.26,0.569,0.659,0.71,0.405,-0.412,0.739,0.605,-0.515,0.123,0.652,-0.391,0.318,0.056,0.094,0.319,-0.703,0.376,0.674,0.786,0.684,0.117,0.794,-0.195,-0.246,0.792,0.819,0.437,-0.553,0.171,0.659,0.82,0.697,-0.56,0.674,0.704,-0.041,0.615,0.818,-0.126,-0.099,0.149,0.73,0.506,0.798,-0.72,0.833,-0.149,0.613,-0.302,0.487,0.803,-0.375,0.696,0.682,0.232,0.295,0.276,-0.348,0.809,0.845,0.509,-0.731,0.578,0.591,0.567,0.234,0.791,-0.046,0.735,-0.283,-0.264,0.808,0.058,-0.559,0.705,0.345,0.812,-0.584,0.824,0.471,-0.536,0.747,-0.176,-0.667,-0.579,0.404,0.565,-0.733,-0.595,0.659,0.766,-0.108,-0.171,-0.061,0.852,0.585,-0.856,0.729,0.114,0.885,0.681,-0.652,0.101,0.416,-0.315,0.727,-0.252,0.761,0.124,0.717,0.786,0.137,0.817,0.326,0.475,0.296,-0.471,-0.491,-0.582,-0.226,-0.003,0.43,0.764,0.679,0.793,0.635,0.161,0.835,0.59,0.654,0.669,0.043,0.658,-0.035,-0.171,-0.292,-0.203,-0.213,0.608,-0.494
000338SZ,0.55,0.403,0.332,0.697,0.694,1.0,0.701,0.829,0.483,-0.343,0.618,-0.215,0.202,0.265,0.2,0.199,0.6,0.427,0.283,0.583,0.657,0.221,0.763,-0.221,0.562,-0.321,-0.345,0.486,0.069,0.283,0.268,0.585,0.241,0.36,0.188,-0.2,0.311,0.603,0.803,0.131,-0.596,-0.023,0.505,0.301,0.462,0.133,0.457,0.551,0.808,0.108,0.772,0.449,0.551,0.548,0.402,0.011,0.683,0.055,-0.538,0.642,0.105,0.513,-0.518,0.596,0.44,0.215,0.008,0.329,0.046,0.043,-0.048,0.074,0.294,0.489,0.445,0.318,-0.254,0.263,0.525,0.603,0.426,-0.202,0.623,0.319,-0.389,0.215,0.612,-0.145,0.148,-0.191,-0.019,-0.047,-0.532,0.226,0.472,0.62,0.511,-0.004,0.684,0.309,-0.03,0.65,0.483,0.097,-0.386,0.097,0.8,0.722,0.363,-0.418,0.807,0.501,-0.042,0.658,0.777,-0.465,0.092,0.464,0.562,0.303,0.581,-0.591,0.817,0.164,0.375,-0.296,0.607,0.603,-0.304,0.495,0.319,0.083,0.441,0.158,-0.369,0.607,0.536,0.218,-0.725,0.363,0.443,0.454,0.265,0.648,-0.436,0.569,-0.55,-0.133,0.673,0.12,-0.462,0.601,0.148,0.765,-0.258,0.626,0.243,-0.348,0.498,0.021,-0.521,-0.272,0.125,0.326,-0.462,-0.5,0.443,0.601,-0.156,-0.302,-0.267,0.688,0.813,-0.683,0.596,-0.129,0.714,0.422,-0.561,-0.128,0.458,-0.522,0.541,-0.184,0.739,-0.114,0.443,0.696,0.161,0.572,0.32,0.429,0.379,-0.257,-0.609,-0.421,-0.133,0.102,0.225,0.63,0.524,0.656,0.694,0.191,0.692,0.244,0.446,0.335,0.134,0.528,0.044,-0.129,-0.115,-0.092,0.108,0.606,-0.388
000538SZ,0.889,0.829,0.764,0.655,0.749,0.701,1.0,0.612,0.284,-0.409,0.794,-0.057,0.638,0.744,-0.166,0.599,0.887,0.814,0.648,0.384,0.854,0.534,0.931,-0.568,0.615,-0.313,-0.19,0.843,0.446,-0.06,0.218,0.041,0.098,0.696,-0.262,-0.596,0.03,0.818,0.747,0.637,-0.605,-0.379,0.584,0.457,0.683,-0.342,0.719,0.306,0.363,-0.327,0.758,0.769,0.879,0.689,0.561,-0.396,0.566,-0.215,-0.583,0.641,-0.378,0.721,-0.01,0.828,0.629,-0.301,0.365,0.603,-0.384,0.449,-0.416,-0.407,-0.076,0.792,0.039,-0.236,-0.531,0.55,0.45,0.463,0.512,-0.286,0.645,0.785,-0.232,-0.173,0.354,-0.39,0.622,0.357,0.433,0.39,-0.791,0.604,0.837,0.911,0.778,0.51,0.569,-0.089,-0.007,0.795,0.786,0.61,-0.65,-0.195,0.551,0.925,0.778,-0.338,0.587,0.853,0.43,0.802,0.683,0.009,-0.354,-0.07,0.752,0.735,0.836,-0.812,0.703,-0.181,0.804,0.118,0.436,0.861,-0.089,0.801,0.705,0.595,0.29,0.528,-0.028,0.928,0.76,0.651,-0.711,0.79,0.734,0.631,0.379,0.639,-0.086,0.806,-0.062,-0.562,0.799,-0.064,-0.509,0.573,0.339,0.725,-0.702,0.868,0.348,-0.688,0.841,-0.486,-0.605,-0.62,0.524,0.689,-0.489,-0.542,0.817,0.793,0.051,0.085,0.29,0.781,0.331,-0.718,0.716,0.399,0.883,0.789,-0.471,0.38,0.646,-0.364,0.854,-0.521,0.613,0.345,0.796,0.773,-0.204,0.802,0.101,0.161,0.186,-0.536,-0.333,-0.575,-0.56,-0.368,0.666,0.52,0.786,0.92,0.494,-0.178,0.678,0.631,0.737,0.754,-0.271,0.463,-0.412,-0.046,-0.624,-0.433,-0.437,0.333,-0.668
000568SZ,0.462,0.286,0.16,0.69,0.762,0.829,0.612,1.0,0.741,-0.467,0.545,-0.262,0.191,0.125,0.344,0.259,0.492,0.313,0.188,0.635,0.734,0.147,0.745,-0.002,0.57,-0.39,-0.538,0.434,0.198,0.259,0.583,0.565,0.328,0.372,0.33,-0.056,0.504,0.587,0.884,0.033,-0.578,0.127,0.414,0.338,0.43,0.31,0.446,0.727,0.787,0.221,0.756,0.333,0.469,0.546,0.261,0.166,0.797,0.305,-0.514,0.725,0.239,0.389,-0.639,0.553,0.431,0.382,0.006,0.344,0.223,-0.137,-0.048,0.228,0.5,0.457,0.425,0.457,-0.207,0.309,0.693,0.688,0.608,-0.308,0.539,0.199,-0.494,0.233,0.67,-0.177,-0.064,-0.346,-0.232,-0.056,-0.504,0.081,0.349,0.519,0.333,-0.124,0.651,0.345,-0.052,0.525,0.433,0.03,-0.342,0.297,0.764,0.665,0.283,-0.418,0.871,0.376,-0.167,0.463,0.788,-0.511,0.095,0.519,0.509,0.283,0.567,-0.484,0.922,0.224,0.217,-0.339,0.754,0.506,-0.388,0.355,0.31,-0.095,0.584,0.1,-0.569,0.576,0.543,0.127,-0.781,0.273,0.398,0.433,0.137,0.631,-0.395,0.545,-0.584,-0.001,0.563,0.078,-0.533,0.606,0.052,0.709,-0.296,0.545,0.237,-0.395,0.382,0.153,-0.573,-0.315,0.052,0.171,-0.519,-0.62,0.301,0.517,-0.343,-0.48,-0.428,0.639,0.833,-0.632,0.603,-0.284,0.659,0.361,-0.67,-0.266,0.3,-0.478,0.437,-0.179,0.813,-0.206,0.404,0.646,0.219,0.571,0.532,0.554,0.351,-0.293,-0.7,-0.51,-0.039,0.308,0.186,0.791,0.452,0.6,0.92,0.377,0.728,0.282,0.382,0.32,0.316,0.691,0.219,-0.274,-0.01,0.111,0.207,0.751,-0.22
000596SZ,0.092,-0.114,-0.173,0.233,0.373,0.483,0.284,0.741,1.0,-0.239,0.137,-0.289,0.141,-0.114,0.222,-0.017,0.061,-0.04,-0.074,0.323,0.445,0.172,0.448,0.191,0.576,-0.064,-0.506,0.214,0.17,0.148,0.506,0.557,0.358,0.165,0.363,0.112,0.402,0.147,0.707,-0.042,-0.312,0.092,0.331,0.281,0.045,0.337,0.09,0.605,0.674,0.169,0.312,0.05,0.21,0.24,0.245,0.139,0.581,0.273,-0.491,0.399,0.306,0.234,-0.514,0.385,0.225,0.417,0.059,0.209,0.157,-0.32,0.056,0.303,0.417,0.208,0.416,0.478,-0.283,-0.01,0.426,0.385,0.604,-0.139,0.045,-0.12,-0.44,-0.016,0.308,-0.148,-0.282,-0.546,-0.337,-0.056,-0.258,-0.122,0.001,0.124,-0.18,-0.203,0.151,0.467,0.155,0.046,0.056,-0.19,-0.165,0.19,0.609,0.316,-0.068,-0.093,0.596,-0.003,-0.152,0.223,0.549,-0.644,0.101,0.453,0.188,0.151,0.246,-0.124,0.59,0.472,-0.167,-0.045,0.724,0.126,-0.258,-0.037,0.001,-0.284,0.631,0.082,-0.477,0.253,0.077,-0.093,-0.562,0.033,0.189,0.332,-0.074,0.241,-0.461,0.267,-0.628,0.074,0.06,-0.166,-0.466,0.441,-0.397,0.306,-0.173,0.088,-0.243,-0.349,-0.071,0.249,-0.419,-0.205,-0.127,-0.208,-0.264,-0.558,-0.018,0.148,-0.565,-0.615,-0.499,0.193,0.564,-0.218,0.409,-0.446,0.262,0.043,-0.531,-0.372,-0.001,-0.564,0.048,-0.18,0.627,-0.14,0.114,0.237,0.032,0.206,0.629,0.256,0.113,-0.3,-0.676,-0.476,-0.007,0.314,0.089,0.55,0.188,0.274,0.884,0.313,0.379,0.066,0.124,-0.012,0.34,0.559,0.232,-0.368,0.054,0.238,0.366,0.535,-0.081
000617SZ,-0.548,-0.435,-0.378,-0.532,-0.655,-0.343,-0.409,-0.467,-0.239,1.0,-0.724,0.585,-0.45,-0.4,-0.061,-0.613,-0.546,-0.452,-0.463,-0.585,-0.621,0.083,-0.497,0.153,-0.281,0.789,0.738,-0.53,-0.403,0.23,-0.515,-0.065,-0.452,-0.675,0.059,0.328,-0.284,-0.526,-0.503,-0.233,0.637,0.071,0.097,-0.6,-0.788,-0.055,-0.749,-0.561,-0.272,0.021,-0.687,-0.463,-0.586,-0.839,0.113,0.045,-0.735,-0.311,0.496,-0.839,0.051,-0.284,0.213,-0.587,-0.702,-0.049,-0.326,-0.555,-0.036,0.059,0.145,0.1,-0.285,-0.672,0.229,-0.046,0.275,-0.347,-0.773,-0.704,-0.195,0.62,-0.599,-0.499,0.693,-0.006,-0.492,0.634,-0.125,0.068,0.156,-0.474,0.722,-0.082,-0.469,-0.546,-0.362,0.026,-0.525,0.38,0.596,-0.619,-0.724,-0.328,0.665,-0.262,-0.469,-0.589,-0.628,0.765,-0.469,-0.442,0.152,-0.425,-0.587,0.186,0.251,0.05,-0.516,-0.429,-0.675,0.63,-0.476,0.221,-0.352,0.444,-0.307,-0.652,0.716,-0.582,-0.665,-0.051,0.136,-0.367,0.628,-0.533,-0.736,-0.421,0.629,-0.485,-0.557,-0.422,-0.04,-0.494,0.095,-0.6,0.283,0.265,-0.457,0.151,0.71,-0.519,-0.247,-0.721,0.62,-0.538,-0.234,0.592,-0.531,0.185,0.769,0.72,-0.253,-0.26,0.883,0.785,-0.486,-0.7,0.372,0.444,0.183,-0.641,-0.388,0.763,-0.644,0.047,-0.604,-0.599,0.747,-0.063,0.175,0.276,-0.552,0.512,-0.634,-0.244,-0.688,-0.402,-0.081,-0.357,-0.063,-0.324,-0.086,0.613,0.588,0.688,0.253,-0.057,-0.078,-0.722,-0.629,-0.454,-0.424,-0.097,-0.774,-0.708,-0.646,-0.483,0.075,-0.746,0.026,0.408,0.234,0.166,0.25,-0.449,0.411
000625SZ,0.891,0.787,0.776,0.682,0.811,0.618,0.794,0.545,0.137,-0.724,1.0,-0.354,0.661,0.778,-0.202,0.764,0.859,0.827,0.813,0.535,0.853,0.253,0.827,-0.614,0.545,-0.575,-0.446,0.843,0.389,-0.292,0.262,0.02,0.405,0.865,-0.321,-0.689,-0.008,0.827,0.693,0.583,-0.75,-0.392,0.334,0.68,0.934,-0.327,0.934,0.342,0.36,-0.315,0.93,0.795,0.856,0.933,0.256,-0.4,0.708,-0.132,-0.643,0.866,-0.386,0.554,-0.134,0.809,0.873,-0.289,0.493,0.627,-0.341,0.347,-0.394,-0.427,-0.037,0.905,-0.222,-0.25,-0.534,0.48,0.648,0.608,0.272,-0.605,0.853,0.829,-0.423,-0.017,0.529,-0.644,0.588,0.329,0.337,0.503,-0.839,0.543,0.816,0.885,0.738,0.374,0.678,-0.28,-0.35,0.969,0.891,0.655,-0.835,-0.105,0.601,0.896,0.887,-0.732,0.499,0.838,0.284,0.818,0.743,-0.038,-0.375,-0.16,0.807,0.718,0.923,-0.915,0.629,-0.383,0.756,-0.208,0.42,0.955,-0.474,0.946,0.879,0.524,-0.088,0.632,-0.273,0.862,0.917,0.74,-0.675,0.816,0.854,0.662,0.26,0.618,-0.015,0.851,-0.125,-0.604,0.815,-0.047,-0.707,0.666,0.523,0.93,-0.738,0.838,0.385,-0.653,0.861,-0.511,-0.8,-0.76,0.548,0.651,-0.799,-0.689,0.799,0.988,0.019,-0.097,0.134,0.864,0.393,-0.926,0.831,0.361,0.852,0.86,-0.694,0.417,0.327,-0.323,0.919,-0.476,0.692,0.359,0.931,0.651,-0.103,0.689,-0.03,0.153,0.173,-0.624,-0.486,-0.669,-0.506,-0.329,0.478,0.615,0.929,0.814,0.398,-0.205,0.844,0.767,0.893,0.718,-0.352,0.642,-0.389,-0.249,-0.541,-0.504,-0.511,0.339,-0.708
000651SZ,-0.111,0.13,0.067,-0.136,-0.125,-0.215,-0.057,-0.262,-0.289,0.585,-0.354,1.0,-0.191,-0.041,0.024,-0.138,-0.022,0.05,-0.048,-0.305,-0.237,0.267,-0.189,-0.04,-0.317,0.451,0.722,-0.183,-0.185,0.279,-0.192,-0.289,-0.731,-0.377,-0.146,0.097,-0.116,0.035,-0.331,0.008,0.512,0.067,0.26,-0.57,-0.307,-0.175,-0.258,-0.442,-0.506,-0.046,-0.342,0.004,-0.149,-0.52,0.263,0.041,-0.585,-0.256,0.614,-0.533,-0.147,-0.029,0.488,-0.316,-0.542,-0.262,-0.361,-0.221,-0.02,0.424,-0.077,-0.107,-0.267,-0.34,0.128,-0.278,0.308,0.257,-0.496,-0.368,-0.017,0.628,-0.238,-0.031,0.584,-0.005,-0.287,0.548,0.179,0.376,0.353,-0.163,0.412,0.2,-0.02,-0.087,0.184,0.224,-0.115,-0.034,0.496,-0.235,-0.151,0.094,0.551,-0.166,-0.549,-0.191,-0.117,0.663,-0.301,-0.008,0.215,-0.319,-0.397,0.586,0.072,-0.096,-0.127,-0.134,-0.287,0.274,-0.136,-0.186,0.177,0.406,-0.369,-0.212,0.777,-0.173,-0.227,0.235,0.295,-0.331,0.667,-0.086,-0.189,0.027,0.453,-0.139,-0.348,-0.292,0.452,-0.134,0.457,-0.247,0.48,0.111,-0.004,0.344,0.667,-0.396,0.151,-0.458,0.279,-0.025,0.304,0.402,-0.007,-0.044,0.626,0.446,0.104,0.239,0.641,0.679,-0.062,-0.376,0.551,0.658,0.452,-0.261,-0.297,0.407,-0.475,0.277,-0.182,-0.132,0.6,0.15,0.533,0.522,-0.148,0.32,-0.499,-0.024,-0.304,0.005,-0.061,0.195,-0.047,-0.015,0.01,0.441,0.746,0.565,0.153,-0.164,0.292,-0.371,-0.378,-0.034,-0.356,0.018,-0.45,-0.222,-0.367,0.11,0.047,-0.549,-0.056,0.452,0.032,-0.002,-0.126,-0.244,0.273
000661SZ,0.771,0.677,0.77,0.074,0.405,0.202,0.638,0.191,0.141,-0.45,0.661,-0.191,1.0,0.88,-0.713,0.687,0.529,0.718,0.829,-0.105,0.74,0.559,0.657,-0.787,0.704,-0.074,-0.332,0.902,0.599,-0.688,0.08,-0.303,0.328,0.878,-0.742,-0.888,-0.457,0.559,0.547,0.919,-0.35,-0.803,0.439,0.748,0.638,-0.737,0.72,-0.095,-0.006,-0.821,0.457,0.766,0.745,0.679,0.495,-0.818,0.305,-0.493,-0.635,0.482,-0.794,0.332,0.277,0.834,0.785,-0.692,0.845,0.697,-0.796,0.398,-0.783,-0.797,-0.516,0.871,-0.486,-0.662,-0.88,0.419,0.364,0.195,0.509,-0.441,0.276,0.823,-0.256,-0.626,-0.114,-0.802,0.757,0.511,0.651,0.758,-0.724,0.755,0.782,0.704,0.46,0.76,-0.014,-0.361,-0.075,0.554,0.654,0.835,-0.819,-0.611,0.265,0.662,0.761,-0.274,0.106,0.731,0.735,0.643,0.343,0.117,-0.847,-0.643,0.705,0.954,0.71,-0.761,0.238,-0.493,0.687,0.374,0.396,0.749,-0.025,0.765,0.787,0.782,-0.149,0.908,0.11,0.749,0.547,0.85,-0.481,0.915,0.872,0.798,0.39,0.048,0.191,0.818,0.084,-0.912,0.355,-0.505,-0.701,0.54,0.14,0.466,-0.867,0.515,-0.057,-0.807,0.59,-0.858,-0.71,-0.828,0.541,0.476,-0.482,-0.623,0.67,0.726,0.104,0.064,0.475,0.33,-0.159,-0.522,0.756,0.543,0.481,0.787,-0.526,0.747,0.2,-0.347,0.784,-0.717,0.391,0.787,0.83,0.191,-0.72,0.465,-0.19,-0.414,-0.339,-0.806,-0.221,-0.716,-0.904,-0.739,0.778,0.296,0.827,0.666,0.167,-0.653,0.444,0.826,0.847,0.712,-0.695,0.448,-0.815,-0.426,-0.774,-0.753,-0.775,-0.195,-0.762
000708SZ,0.893,0.882,0.949,0.256,0.503,0.265,0.744,0.125,-0.114,-0.4,0.778,-0.041,0.88,1.0,-0.657,0.731,0.742,0.909,0.903,0.016,0.715,0.512,0.68,-0.894,0.539,-0.171,-0.134,0.898,0.425,-0.562,-0.046,-0.402,0.123,0.836,-0.759,-0.937,-0.471,0.699,0.437,0.93,-0.405,-0.777,0.417,0.598,0.741,-0.805,0.789,-0.164,-0.078,-0.766,0.561,0.899,0.822,0.687,0.449,-0.806,0.252,-0.59,-0.539,0.46,-0.822,0.525,0.396,0.793,0.742,-0.787,0.713,0.599,-0.785,0.672,-0.718,-0.843,-0.569,0.867,-0.505,-0.756,-0.734,0.516,0.258,0.148,0.255,-0.373,0.489,0.958,-0.11,-0.487,-0.016,-0.681,0.913,0.732,0.79,0.71,-0.753,0.836,0.914,0.838,0.734,0.787,0.213,-0.475,-0.103,0.746,0.782,0.918,-0.806,-0.59,0.212,0.732,0.9,-0.304,0.044,0.895,0.735,0.733,0.358,0.325,-0.727,-0.642,0.737,0.908,0.774,-0.848,0.254,-0.608,0.904,0.321,0.188,0.855,0.007,0.919,0.867,0.898,-0.218,0.813,0.261,0.827,0.689,0.93,-0.426,0.961,0.85,0.716,0.408,0.232,0.263,0.808,0.268,-0.917,0.598,-0.287,-0.535,0.449,0.411,0.549,-0.835,0.711,0.204,-0.715,0.811,-0.897,-0.609,-0.77,0.685,0.763,-0.465,-0.449,0.845,0.818,0.327,0.303,0.637,0.521,-0.154,-0.633,0.692,0.709,0.621,0.875,-0.4,0.821,0.43,-0.187,0.899,-0.611,0.319,0.726,0.891,0.38,-0.588,0.64,-0.302,-0.343,-0.194,-0.689,-0.071,-0.555,-0.827,-0.806,0.809,0.185,0.865,0.783,0.021,-0.638,0.486,0.769,0.858,0.803,-0.715,0.264,-0.821,-0.196,-0.838,-0.809,-0.848,-0.191,-0.837
000725SZ,-0.336,-0.313,-0.549,0.49,0.154,0.2,-0.166,0.344,0.222,-0.061,-0.202,0.024,-0.713,-0.657,1.0,-0.302,-0.047,-0.404,-0.572,0.596,-0.224,-0.364,-0.137,0.791,-0.466,-0.373,-0.005,-0.524,-0.141,0.746,0.327,0.417,-0.174,-0.491,0.888,0.803,0.897,-0.075,-0.05,-0.798,-0.101,0.931,-0.326,-0.455,-0.18,0.914,-0.258,0.653,0.274,0.922,0.074,-0.514,-0.276,-0.197,-0.288,0.947,0.27,0.845,0.411,0.09,0.883,-0.017,-0.517,-0.432,-0.436,0.871,-0.79,-0.252,0.91,-0.489,0.709,0.874,0.898,-0.437,0.667,0.834,0.744,0.023,0.154,0.404,-0.068,0.236,0.189,-0.502,-0.034,0.784,0.623,0.625,-0.667,-0.593,-0.778,-0.647,0.271,-0.707,-0.478,-0.24,-0.108,-0.745,0.5,0.334,-0.109,-0.117,-0.189,-0.641,0.503,0.915,0.132,-0.119,-0.35,-0.107,0.468,-0.415,-0.807,-0.362,0.16,-0.248,0.758,0.776,-0.354,-0.659,-0.221,0.4,0.315,0.496,-0.39,-0.552,-0.014,-0.299,-0.242,-0.413,-0.416,-0.727,0.435,-0.743,-0.491,-0.257,-0.002,-0.619,0.026,-0.602,-0.508,-0.579,-0.151,0.481,-0.23,-0.398,-0.25,0.862,0.124,0.621,0.369,-0.104,0.119,0.043,0.519,-0.044,0.373,0.472,-0.181,0.852,0.328,0.499,-0.299,-0.272,0.004,0.176,-0.342,-0.309,-0.352,-0.269,-0.574,0.208,0.516,0.071,-0.335,-0.615,0.041,-0.402,0.129,-0.82,-0.025,0.242,-0.368,0.428,0.132,-0.78,-0.409,0.344,0.894,-0.053,0.468,0.842,0.683,0.581,-0.117,0.334,0.804,0.897,-0.626,0.323,-0.466,-0.241,0.309,0.941,0.042,-0.358,-0.494,-0.311,0.872,0.104,0.931,0.365,0.607,0.853,0.705,0.738,0.638
000768SZ,0.754,0.727,0.742,0.437,0.608,0.199,0.599,0.259,-0.017,-0.613,0.764,-0.138,0.687,0.731,-0.302,1.0,0.726,0.738,0.797,0.321,0.695,0.352,0.63,-0.556,0.344,-0.483,-0.269,0.777,0.49,-0.413,0.344,-0.26,0.302,0.856,-0.501,-0.654,-0.097,0.756,0.444,0.649,-0.44,-0.379,0.26,0.661,0.852,-0.418,0.859,0.102,-0.051,-0.405,0.609,0.699,0.74,0.773,0.225,-0.429,0.408,-0.161,-0.358,0.694,-0.518,0.38,0.193,0.633,0.741,-0.45,0.528,0.734,-0.385,0.378,-0.465,-0.531,-0.188,0.789,-0.367,-0.46,-0.481,0.519,0.506,0.5,0.234,-0.543,0.578,0.825,-0.301,-0.179,0.232,-0.586,0.595,0.478,0.423,0.695,-0.636,0.541,0.702,0.712,0.566,0.511,0.428,-0.504,-0.159,0.695,0.83,0.749,-0.652,-0.175,0.214,0.71,0.847,-0.456,0.265,0.741,0.351,0.574,0.517,0.363,-0.443,-0.357,0.691,0.715,0.81,-0.687,0.387,-0.523,0.701,-0.029,0.175,0.802,-0.236,0.777,0.929,0.586,-0.15,0.628,-0.067,0.724,0.78,0.795,-0.425,0.756,0.749,0.523,0.268,0.404,0.311,0.698,0.21,-0.582,0.558,-0.134,-0.53,0.407,0.515,0.599,-0.734,0.683,0.451,-0.585,0.757,-0.594,-0.591,-0.742,0.646,0.591,-0.64,-0.516,0.702,0.75,0.103,0.176,0.352,0.605,0.061,-0.671,0.604,0.606,0.663,0.826,-0.418,0.576,0.333,-0.075,0.776,-0.436,0.413,0.516,0.849,0.455,-0.197,0.602,-0.03,0.076,-0.059,-0.557,-0.125,-0.586,-0.488,-0.391,0.565,0.496,0.768,0.644,0.146,-0.289,0.565,0.812,0.804,0.725,-0.475,0.561,-0.468,-0.124,-0.485,-0.505,-0.689,0.084,-0.518
000776SZ,0.912,0.903,0.815,0.791,0.825,0.6,0.887,0.492,0.061,-0.546,0.859,-0.022,0.529,0.742,-0.047,0.726,1.0,0.885,0.692,0.58,0.779,0.388,0.82,-0.522,0.339,-0.563,-0.174,0.774,0.383,-0.015,0.256,-0.091,0.011,0.687,-0.237,-0.544,0.136,0.891,0.581,0.546,-0.636,-0.228,0.34,0.4,0.834,-0.277,0.822,0.328,0.195,-0.197,0.795,0.798,0.889,0.741,0.385,-0.267,0.549,-0.1,-0.418,0.698,-0.318,0.759,0.098,0.732,0.615,-0.291,0.237,0.616,-0.243,0.514,-0.277,-0.364,0.002,0.779,-0.043,-0.266,-0.328,0.608,0.461,0.571,0.279,-0.33,0.788,0.849,-0.264,0.002,0.463,-0.368,0.627,0.418,0.384,0.418,-0.767,0.521,0.84,0.94,0.874,0.417,0.745,-0.364,-0.165,0.883,0.92,0.657,-0.615,-0.019,0.446,0.901,0.891,-0.458,0.506,0.89,0.252,0.757,0.682,0.189,-0.228,-0.096,0.751,0.64,0.863,-0.794,0.661,-0.318,0.87,-0.036,0.203,0.903,-0.194,0.855,0.805,0.549,0.155,0.422,-0.053,0.907,0.898,0.705,-0.604,0.762,0.681,0.477,0.351,0.787,0.105,0.756,0.083,-0.47,0.908,0.092,-0.403,0.505,0.559,0.754,-0.68,0.967,0.6,-0.578,0.961,-0.444,-0.533,-0.62,0.656,0.82,-0.614,-0.455,0.899,0.818,0.102,0.192,0.337,0.903,0.297,-0.809,0.634,0.436,0.941,0.845,-0.396,0.384,0.619,-0.14,0.874,-0.427,0.543,0.296,0.832,0.869,0.016,0.864,0.068,0.316,0.264,-0.454,-0.219,-0.494,-0.408,-0.301,0.563,0.545,0.769,0.885,0.333,-0.073,0.713,0.681,0.734,0.824,-0.241,0.446,-0.312,0.081,-0.584,-0.378,-0.496,0.383,-0.612
000786SZ,0.951,0.945,0.956,0.508,0.715,0.427,0.814,0.313,-0.04,-0.452,0.827,0.05,0.718,0.909,-0.404,0.738,0.885,1.0,0.825,0.285,0.796,0.442,0.752,-0.786,0.463,-0.339,-0.14,0.865,0.33,-0.3,0.11,-0.311,0.018,0.773,-0.583,-0.805,-0.23,0.872,0.526,0.786,-0.478,-0.561,0.436,0.501,0.798,-0.619,0.826,0.004,0.019,-0.548,0.689,0.948,0.878,0.708,0.406,-0.587,0.345,-0.439,-0.46,0.57,-0.644,0.631,0.294,0.783,0.696,-0.622,0.497,0.595,-0.55,0.702,-0.586,-0.685,-0.368,0.844,-0.334,-0.588,-0.545,0.616,0.361,0.317,0.279,-0.341,0.62,0.943,-0.185,-0.292,0.189,-0.539,0.836,0.642,0.673,0.613,-0.754,0.762,0.952,0.932,0.853,0.624,0.475,-0.463,-0.085,0.819,0.883,0.855,-0.717,-0.373,0.297,0.817,0.922,-0.335,0.221,0.961,0.535,0.741,0.53,0.319,-0.514,-0.422,0.833,0.817,0.838,-0.838,0.482,-0.577,0.959,0.135,0.195,0.898,-0.022,0.909,0.876,0.783,-0.021,0.629,0.174,0.89,0.827,0.897,-0.533,0.9,0.778,0.647,0.422,0.482,0.284,0.828,0.223,-0.749,0.777,-0.12,-0.455,0.489,0.481,0.619,-0.787,0.882,0.454,-0.661,0.927,-0.741,-0.571,-0.718,0.729,0.888,-0.531,-0.421,0.922,0.826,0.3,0.324,0.565,0.69,0.061,-0.74,0.682,0.621,0.787,0.902,-0.389,0.674,0.588,-0.134,0.93,-0.47,0.406,0.553,0.878,0.615,-0.336,0.813,-0.075,-0.043,0.008,-0.594,-0.089,-0.514,-0.643,-0.627,0.77,0.347,0.841,0.889,0.176,-0.402,0.591,0.723,0.82,0.893,-0.51,0.329,-0.614,-0.117,-0.728,-0.664,-0.74,0.048,-0.776
000800SZ,0.823,0.796,0.875,0.289,0.526,0.283,0.648,0.188,-0.074,-0.463,0.813,-0.048,0.829,0.903,-0.572,0.797,0.692,0.825,1.0,0.114,0.72,0.519,0.668,-0.815,0.499,-0.202,-0.171,0.877,0.445,-0.559,0.1,-0.293,0.266,0.86,-0.702,-0.872,-0.39,0.733,0.469,0.826,-0.401,-0.654,0.436,0.679,0.803,-0.693,0.849,-0.103,-0.035,-0.671,0.627,0.828,0.768,0.739,0.44,-0.706,0.312,-0.47,-0.467,0.558,-0.747,0.379,0.253,0.722,0.788,-0.678,0.688,0.647,-0.668,0.541,-0.659,-0.757,-0.459,0.866,-0.434,-0.655,-0.676,0.448,0.352,0.279,0.216,-0.471,0.55,0.901,-0.181,-0.327,0.092,-0.683,0.822,0.619,0.682,0.676,-0.647,0.787,0.827,0.774,0.64,0.732,0.264,-0.423,-0.109,0.771,0.777,0.89,-0.743,-0.485,0.249,0.734,0.875,-0.373,0.107,0.827,0.638,0.694,0.448,0.278,-0.642,-0.539,0.749,0.866,0.798,-0.796,0.304,-0.602,0.807,0.21,0.257,0.857,-0.064,0.908,0.876,0.816,-0.227,0.788,0.161,0.774,0.714,0.919,-0.36,0.901,0.861,0.676,0.444,0.223,0.34,0.803,0.183,-0.834,0.566,-0.186,-0.572,0.482,0.474,0.625,-0.757,0.661,0.289,-0.591,0.763,-0.808,-0.622,-0.727,0.684,0.676,-0.502,-0.468,0.749,0.836,0.283,0.212,0.481,0.525,-0.023,-0.646,0.683,0.635,0.591,0.858,-0.473,0.781,0.398,-0.134,0.872,-0.499,0.368,0.64,0.879,0.354,-0.468,0.591,-0.191,-0.232,-0.146,-0.63,-0.105,-0.559,-0.71,-0.666,0.722,0.295,0.867,0.706,0.05,-0.548,0.522,0.808,0.867,0.732,-0.657,0.424,-0.727,-0.226,-0.678,-0.725,-0.788,-0.108,-0.709
000807SZ,0.37,0.287,0.13,0.881,0.717,0.583,0.384,0.635,0.323,-0.585,0.535,-0.305,-0.105,0.016,0.596,0.321,0.58,0.285,0.114,1.0,0.432,-0.054,0.469,0.202,-0.018,-0.811,-0.378,0.202,0.131,0.448,0.541,0.354,0.193,0.251,0.504,0.181,0.733,0.544,0.46,-0.215,-0.672,0.487,-0.103,0.196,0.531,0.511,0.461,0.805,0.491,0.553,0.681,0.204,0.414,0.527,-0.036,0.453,0.748,0.58,-0.193,0.709,0.474,0.461,-0.468,0.292,0.312,0.502,-0.261,0.332,0.508,-0.172,0.396,0.418,0.703,0.326,0.394,0.495,0.202,0.201,0.517,0.801,0.047,-0.363,0.68,0.196,-0.497,0.513,0.784,-0.047,-0.102,-0.33,-0.397,-0.095,-0.391,-0.195,0.199,0.446,0.362,-0.311,0.85,-0.083,-0.313,0.555,0.53,-0.006,-0.225,0.665,0.619,0.544,0.377,-0.596,0.685,0.285,-0.535,0.366,0.768,-0.284,0.432,0.53,0.319,0.011,0.514,-0.29,0.683,0.206,0.203,-0.509,0.282,0.456,-0.573,0.317,0.334,-0.261,0.295,-0.126,-0.576,0.423,0.62,0.054,-0.491,0.126,0.219,0.049,-0.075,0.878,-0.169,0.325,-0.322,0.26,0.632,0.307,-0.257,0.466,0.329,0.661,-0.2,0.592,0.538,-0.176,0.473,0.343,-0.336,-0.246,0.281,0.257,-0.655,-0.395,0.36,0.443,-0.4,-0.293,-0.371,0.797,0.666,-0.636,0.366,-0.254,0.673,0.311,-0.395,-0.327,0.171,-0.135,0.335,0.003,0.639,-0.354,0.362,0.762,0.677,0.493,0.53,0.774,0.558,-0.095,-0.496,-0.35,0.262,0.49,-0.144,0.721,0.328,0.4,0.567,0.581,0.655,0.264,0.293,0.276,0.397,0.608,0.461,0.1,0.048,0.349,0.223,0.828,-0.073
000858SZ,0.882,0.746,0.724,0.583,0.837,0.657,0.854,0.734,0.445,-0.621,0.853,-0.237,0.74,0.715,-0.224,0.695,0.779,0.796,0.72,0.432,1.0,0.438,0.926,-0.561,0.733,-0.397,-0.506,0.894,0.465,-0.24,0.432,0.058,0.355,0.84,-0.306,-0.65,0.029,0.858,0.889,0.644,-0.603,-0.418,0.509,0.679,0.785,-0.321,0.839,0.371,0.423,-0.378,0.844,0.803,0.834,0.835,0.435,-0.422,0.688,-0.147,-0.685,0.812,-0.399,0.543,-0.157,0.902,0.806,-0.266,0.538,0.667,-0.352,0.325,-0.541,-0.427,-0.04,0.9,-0.104,-0.2,-0.625,0.551,0.677,0.567,0.615,-0.512,0.609,0.757,-0.484,-0.223,0.385,-0.624,0.543,0.22,0.344,0.506,-0.811,0.613,0.836,0.88,0.647,0.46,0.511,-0.134,-0.119,0.786,0.814,0.657,-0.767,-0.175,0.627,0.897,0.783,-0.472,0.595,0.826,0.36,0.743,0.773,-0.116,-0.46,-0.122,0.862,0.824,0.894,-0.843,0.776,-0.275,0.709,-0.016,0.646,0.887,-0.251,0.807,0.81,0.51,0.231,0.628,-0.234,0.918,0.811,0.718,-0.805,0.822,0.836,0.798,0.351,0.54,-0.005,0.932,-0.208,-0.612,0.699,-0.223,-0.745,0.728,0.24,0.787,-0.793,0.808,0.271,-0.767,0.765,-0.507,-0.811,-0.77,0.512,0.592,-0.685,-0.744,0.746,0.862,-0.049,-0.121,0.14,0.725,0.415,-0.807,0.883,0.288,0.835,0.824,-0.715,0.401,0.424,-0.441,0.868,-0.511,0.747,0.389,0.864,0.636,-0.266,0.775,0.239,0.138,0.045,-0.703,-0.5,-0.763,-0.604,-0.309,0.671,0.678,0.875,0.896,0.635,-0.182,0.805,0.75,0.841,0.769,-0.265,0.706,-0.394,-0.374,-0.524,-0.454,-0.439,0.347,-0.674
000876SZ,0.49,0.445,0.497,0.086,0.204,0.221,0.534,0.147,0.172,0.083,0.253,0.267,0.559,0.512,-0.364,0.352,0.388,0.442,0.519,-0.054,0.438,1.0,0.572,-0.475,0.399,0.197,0.163,0.592,0.449,-0.162,0.091,-0.081,-0.002,0.405,-0.355,-0.404,-0.141,0.444,0.378,0.626,-0.08,-0.356,0.498,0.411,0.214,-0.436,0.302,-0.013,-0.014,-0.456,0.175,0.453,0.492,0.2,0.918,-0.466,0.119,-0.363,-0.237,0.133,-0.43,0.436,0.27,0.477,0.297,-0.413,0.396,0.618,-0.534,0.289,-0.414,-0.416,-0.298,0.491,0.209,-0.387,-0.558,0.242,-0.086,0.102,0.396,0.082,0.016,0.511,0.087,-0.48,-0.213,-0.222,0.604,0.316,0.551,0.25,-0.342,0.58,0.436,0.47,0.311,0.677,-0.079,-0.069,0.499,0.236,0.314,0.576,-0.286,-0.444,0.211,0.506,0.421,0.258,0.147,0.484,0.567,0.44,0.316,0.126,-0.339,-0.274,0.338,0.647,0.482,-0.285,0.211,-0.026,0.483,0.68,0.352,0.443,0.448,0.382,0.371,0.609,0.338,0.545,0.449,0.591,0.178,0.501,-0.246,0.555,0.554,0.412,0.497,0.123,0.174,0.468,0.119,-0.489,0.212,-0.301,-0.203,0.325,0.005,0.154,-0.507,0.358,0.029,-0.429,0.346,-0.451,-0.163,-0.362,0.612,0.341,-0.047,-0.198,0.4,0.27,0.021,0.289,0.435,0.162,-0.129,-0.15,0.353,0.375,0.324,0.436,-0.061,0.479,0.566,-0.238,0.456,-0.389,0.267,0.38,0.444,0.344,-0.43,0.482,0.207,-0.219,-0.075,-0.362,0.066,-0.396,-0.585,-0.447,0.698,0.136,0.419,0.533,0.124,-0.302,0.05,0.422,0.458,0.441,-0.316,0.235,-0.489,0.188,-0.539,-0.277,-0.406,-0.05,-0.345
000895SZ,0.864,0.728,0.686,0.661,0.799,0.763,0.931,0.745,0.448,-0.497,0.827,-0.189,0.657,0.68,-0.137,0.63,0.82,0.752,0.668,0.469,0.926,0.572,1.0,-0.535,0.711,-0.352,-0.358,0.864,0.439,-0.115,0.369,0.193,0.29,0.751,-0.189,-0.564,0.109,0.827,0.884,0.602,-0.627,-0.342,0.582,0.619,0.716,-0.252,0.756,0.445,0.519,-0.29,0.842,0.748,0.84,0.758,0.61,-0.36,0.719,-0.148,-0.677,0.768,-0.301,0.68,-0.192,0.857,0.725,-0.19,0.419,0.671,-0.343,0.3,-0.42,-0.327,0.025,0.842,0.128,-0.119,-0.614,0.505,0.56,0.581,0.577,-0.356,0.658,0.728,-0.343,-0.146,0.43,-0.47,0.54,0.187,0.334,0.342,-0.811,0.567,0.771,0.874,0.671,0.433,0.571,0.002,0.003,0.802,0.754,0.576,-0.696,-0.158,0.695,0.944,0.737,-0.418,0.672,0.798,0.35,0.797,0.813,-0.166,-0.325,0.01,0.747,0.754,0.892,-0.807,0.795,-0.111,0.702,0.048,0.659,0.877,-0.196,0.788,0.724,0.508,0.35,0.58,-0.178,0.93,0.752,0.624,-0.79,0.767,0.815,0.703,0.383,0.628,-0.154,0.84,-0.247,-0.537,0.744,-0.138,-0.657,0.684,0.277,0.817,-0.712,0.809,0.281,-0.702,0.753,-0.412,-0.713,-0.664,0.533,0.564,-0.623,-0.676,0.721,0.826,-0.092,-0.108,0.107,0.77,0.483,-0.785,0.813,0.268,0.862,0.771,-0.638,0.301,0.555,-0.487,0.842,-0.512,0.785,0.274,0.82,0.744,-0.18,0.79,0.242,0.188,0.187,-0.591,-0.506,-0.702,-0.542,-0.26,0.629,0.653,0.829,0.915,0.637,-0.096,0.74,0.643,0.785,0.684,-0.184,0.657,-0.334,-0.157,-0.518,-0.36,-0.343,0.443,-0.624
000938SZ,-0.732,-0.702,-0.859,-0.015,-0.309,-0.221,-0.568,-0.002,0.191,0.153,-0.614,-0.04,-0.787,-0.894,0.791,-0.556,-0.522,-0.786,-0.815,0.202,-0.561,-0.475,-0.535,1.0,-0.583,-0.103,0.017,-0.784,-0.159,0.608,0.218,0.306,-0.13,-0.686,0.838,0.945,0.68,-0.535,-0.342,-0.894,0.23,0.875,-0.545,-0.538,-0.542,0.888,-0.598,0.395,0.078,0.838,-0.408,-0.835,-0.617,-0.485,-0.45,0.89,-0.058,0.811,0.506,-0.274,0.872,-0.363,-0.373,-0.659,-0.653,0.855,-0.697,-0.447,0.865,-0.695,0.762,0.88,0.752,-0.715,0.512,0.799,0.751,-0.321,-0.093,0.055,-0.197,0.266,-0.318,-0.807,-0.005,0.533,0.188,0.605,-0.881,-0.745,-0.873,-0.588,0.571,-0.875,-0.803,-0.663,-0.592,-0.74,-0.03,0.322,-0.069,-0.598,-0.565,-0.828,0.68,0.796,-0.139,-0.549,-0.685,0.171,0.106,-0.788,-0.805,-0.648,-0.198,-0.296,0.685,0.638,-0.663,-0.812,-0.606,0.727,-0.107,0.63,-0.778,-0.339,-0.171,-0.695,-0.125,-0.793,-0.712,-0.892,0.255,-0.789,-0.398,-0.645,-0.46,-0.851,0.296,-0.834,-0.762,-0.691,-0.426,0.015,-0.224,-0.671,-0.221,0.926,-0.416,0.342,0.45,-0.314,-0.289,-0.382,0.656,-0.508,-0.044,0.556,-0.611,0.893,0.495,0.603,-0.54,-0.652,0.265,0.294,-0.666,-0.675,-0.465,-0.333,-0.604,-0.279,0.174,0.505,-0.56,-0.692,-0.397,-0.708,0.322,-0.833,-0.395,0.247,-0.769,0.452,-0.184,-0.66,-0.726,-0.148,0.692,-0.504,0.388,0.527,0.331,0.576,-0.006,0.41,0.796,0.893,-0.781,0.018,-0.752,-0.661,0.102,0.767,-0.287,-0.538,-0.753,-0.632,0.773,-0.085,0.885,0.222,0.719,0.906,0.8,0.374,0.801
000963SZ,0.555,0.347,0.446,0.106,0.462,0.562,0.615,0.57,0.576,-0.281,0.545,-0.317,0.704,0.539,-0.466,0.344,0.339,0.463,0.499,-0.018,0.733,0.399,0.711,-0.583,1.0,0.061,-0.464,0.723,0.245,-0.393,0.165,0.296,0.526,0.644,-0.367,-0.633,-0.291,0.429,0.788,0.612,-0.376,-0.635,0.667,0.66,0.402,-0.402,0.487,0.127,0.555,-0.531,0.533,0.588,0.553,0.564,0.467,-0.594,0.475,-0.411,-0.816,0.509,-0.429,0.326,-0.195,0.787,0.693,-0.289,0.652,0.463,-0.54,0.174,-0.554,-0.429,-0.272,0.673,-0.101,-0.179,-0.813,0.167,0.472,0.222,0.648,-0.37,0.237,0.447,-0.366,-0.426,0.086,-0.607,0.364,0.085,0.354,0.42,-0.613,0.564,0.559,0.52,0.234,0.36,0.073,0.197,0.09,0.443,0.388,0.394,-0.655,-0.508,0.621,0.596,0.384,-0.252,0.414,0.528,0.488,0.658,0.536,-0.368,-0.49,-0.116,0.614,0.701,0.585,-0.651,0.497,-0.066,0.362,0.114,0.725,0.575,-0.158,0.528,0.478,0.411,0.198,0.684,-0.127,0.603,0.333,0.486,-0.69,0.609,0.706,0.836,0.197,0.081,-0.315,0.677,-0.433,-0.644,0.281,-0.456,-0.775,0.613,-0.177,0.53,-0.584,0.352,-0.277,-0.694,0.316,-0.47,-0.76,-0.593,0.135,0.191,-0.4,-0.691,0.403,0.614,-0.112,-0.326,-0.022,0.283,0.336,-0.53,0.761,0.157,0.447,0.505,-0.708,0.303,0.188,-0.723,0.574,-0.466,0.62,0.423,0.587,0.18,-0.549,0.403,0.09,-0.254,-0.213,-0.683,-0.593,-0.681,-0.629,-0.417,0.577,0.403,0.688,0.623,0.582,-0.416,0.515,0.43,0.654,0.364,-0.36,0.504,-0.505,-0.539,-0.418,-0.557,-0.278,0.065,-0.659
000999SZ,-0.4,-0.355,-0.222,-0.697,-0.662,-0.321,-0.313,-0.39,-0.064,0.789,-0.575,0.451,-0.074,-0.171,-0.373,-0.483,-0.563,-0.339,-0.202,-0.811,-0.397,0.197,-0.352,-0.103,0.061,1.0,0.474,-0.273,-0.212,-0.182,-0.46,-0.097,-0.238,-0.398,-0.235,-0.003,-0.508,-0.487,-0.287,0.063,0.62,-0.277,0.331,-0.297,-0.648,-0.321,-0.572,-0.636,-0.251,-0.357,-0.6,-0.279,-0.448,-0.644,0.202,-0.269,-0.651,-0.508,0.247,-0.706,-0.251,-0.354,0.199,-0.352,-0.416,-0.281,0.056,-0.408,-0.361,0.126,-0.266,-0.197,-0.505,-0.42,-0.04,-0.257,-0.113,-0.251,-0.558,-0.741,0.062,0.502,-0.611,-0.337,0.612,-0.283,-0.594,0.324,0.03,0.188,0.325,-0.222,0.519,0.145,-0.276,-0.436,-0.361,0.216,-0.702,0.484,0.602,-0.537,-0.636,-0.116,0.39,-0.551,-0.447,-0.465,-0.501,0.709,-0.493,-0.327,0.503,-0.336,-0.604,0.119,-0.144,-0.22,-0.335,-0.104,-0.511,0.396,-0.489,0.037,-0.254,0.553,-0.059,-0.508,0.655,-0.399,-0.482,0.165,0.037,-0.007,0.591,-0.405,-0.656,-0.174,0.479,-0.237,-0.264,-0.132,0.185,-0.721,0.094,-0.351,0.201,-0.086,-0.522,-0.074,0.388,-0.426,-0.303,-0.61,0.386,-0.548,-0.439,0.336,-0.504,-0.127,0.474,0.466,-0.233,-0.262,0.818,0.492,-0.418,-0.503,0.406,0.307,0.242,-0.714,-0.417,0.689,-0.401,0.115,-0.624,-0.434,0.456,0.149,0.086,0.121,-0.368,0.212,-0.513,0.052,-0.471,-0.57,-0.465,-0.369,-0.215,-0.599,-0.273,0.313,0.451,0.453,-0.085,-0.305,0.154,-0.679,-0.388,-0.341,-0.329,-0.353,-0.652,-0.464,-0.409,-0.38,-0.144,-0.585,-0.263,0.068,0.079,-0.111,0.031,-0.589,0.215
001965SZ,-0.266,-0.047,-0.055,-0.246,-0.45,-0.345,-0.19,-0.538,-0.506,0.738,-0.446,0.722,-0.332,-0.134,-0.005,-0.269,-0.174,-0.14,-0.171,-0.378,-0.506,0.163,-0.358,0.017,-0.464,0.474,1.0,-0.338,-0.255,0.223,-0.468,-0.313,-0.633,-0.482,-0.093,0.168,-0.209,-0.235,-0.559,-0.08,0.49,0.087,0.112,-0.601,-0.449,-0.161,-0.441,-0.538,-0.533,0.009,-0.489,-0.23,-0.3,-0.62,0.144,0.033,-0.686,-0.281,0.649,-0.679,-0.096,-0.109,0.459,-0.507,-0.589,-0.225,-0.376,-0.354,-0.054,0.294,0.13,-0.064,-0.306,-0.487,0.127,-0.257,0.365,-0.028,-0.71,-0.524,-0.335,0.589,-0.259,-0.142,0.737,0.077,-0.363,0.599,0.149,0.379,0.315,-0.285,0.555,0.041,-0.21,-0.265,0.007,0.189,-0.233,0.012,0.426,-0.304,-0.358,-0.039,0.557,-0.142,-0.601,-0.347,-0.238,0.605,-0.434,-0.171,0.194,-0.298,-0.481,0.565,0.189,-0.093,-0.352,-0.299,-0.426,0.426,-0.422,-0.073,0.029,0.407,-0.547,-0.355,0.705,-0.271,-0.352,0.182,0.011,-0.315,0.715,-0.299,-0.363,-0.119,0.664,-0.261,-0.428,-0.466,0.165,-0.223,0.373,-0.453,0.611,0.168,-0.136,0.359,0.774,-0.531,0.19,-0.536,0.431,-0.203,0.187,0.539,-0.12,0.013,0.761,0.57,0.063,0.12,0.71,0.812,-0.17,-0.455,0.503,0.702,0.458,-0.32,-0.435,0.543,-0.617,0.314,-0.332,-0.292,0.794,0.133,0.377,0.558,-0.281,0.398,-0.665,-0.116,-0.411,-0.128,0.02,-0.131,-0.2,-0.165,0.059,0.583,0.795,0.683,0.233,-0.164,0.012,-0.611,-0.439,-0.243,-0.598,-0.065,-0.638,-0.402,-0.448,-0.147,-0.03,-0.711,-0.052,0.591,0.048,0.057,-0.056,-0.398,0.319
