,000001SZ,000002SZ,000157SZ,000166SZ,000333SZ,000338SZ,000538SZ,000568SZ,000596SZ,000617SZ,000625SZ,000651SZ,000661SZ,000708SZ,000725SZ,000768SZ,000776SZ,000786SZ,000800SZ,000807SZ,000858SZ,000876SZ,000895SZ,000938SZ,000963SZ,000999SZ,001965SZ,002001SZ,002007SZ,002027SZ,002028SZ,002050SZ,002129SZ,002179SZ,002230SZ,002236SZ,002241SZ,002271SZ,002304SZ,002311SZ,002371SZ,002415SZ,002422SZ,002459SZ,002460SZ,002463SZ,002466SZ,002475SZ,002493SZ,002555SZ,002594SZ,002601SZ,002648SZ,002709SZ,002714SZ,002916SZ,002920SZ,002938SZ,003816SZ,300014SZ,300033SZ,300059SZ,300122SZ,300124SZ,300274SZ,300308SZ,300316SZ,300347SZ,300394SZ,300408SZ,300413SZ,300418SZ,300433SZ,300450SZ,300498SZ,300502SZ,300628SZ,300661SZ,300750SZ,300759SZ,300760SZ,300782SZ,600000SS,600010SS,600011SS,600015SS,600016SS,600018SS,600019SS,600023SS,600025SS,600026SS,600028SS,600029SS,600031SS,600036SS,600048SS,600050SS,600061SS,600085SS,600089SS,600104SS,600111SS,600115SS,600161SS,600183SS,600188SS,600196SS,600219SS,600233SS,600276SS,600309SS,600332SS,600346SS,600362SS,600377SS,600406SS,600415SS,600426SS,600436SS,600438SS,600489SS,600519SS,600570SS,600585SS,600588SS,600600SS,600660SS,600674SS,600741SS,600760SS,600795SS,600809SS,600875SS,600886SS,600887SS,600926SS,600989SS,601006SS,601009SS,601012SS,601021SS,601058SS,601066SS,601088SS,601100SS,601117SS,601138SS,601166SS,601169SS,601186SS,601225SS,601229SS,601238SS,601288SS,601318SS,601319SS,601328SS,601336SS,601360SS,601390SS,601398SS,601600SS,601601SS,601607SS,601618SS,601628SS,601633SS,601658SS,601668SS,601669SS,601688SS,601689SS,601698SS,601699SS,601766SS,601788SS,601799SS,601800SS,601808SS,601816SS,601818SS,601838SS,601857SS,601865SS,601872SS,601877SS,601878SS,601881SS,601888SS,601899SS,601901SS,601919SS,601939SS,601985SS,601988SS,601998SS,603019SS,603195SS,603259SS,603260SS,603288SS,603369SS,603501SS,603659SS,603799SS,603806SS,603833SS,603986SS,603993SS,688008SS,688009SS,688012SS,688036SS,688111SS,688169SS,688396SS
000001SZ,1.0,0.651,0.511,0.739,0.319,0.235,0.384,0.841,0.82,0.252,0.522,0.76,0.554,0.605,0.09,-0.123,0.798,0.549,0.21,0.837,0.879,0.38,0.52,-0.394,0.267,-0.406,0.069,0.593,0.401,0.403,0.226,-0.228,-0.33,0.461,-0.405,0.07,-0.143,0.635,0.907,0.442,-0.26,0.404,0.086,-0.332,-0.237,0.343,-0.335,-0.085,0.581,-0.441,0.156,0.791,0.534,-0.362,0.413,0.334,-0.232,0.312,-0.317,-0.147,0.184,0.921,0.627,0.287,-0.292,-0.274,-0.381,0.658,-0.195,0.375,0.367,-0.217,0.218,-0.279,-0.118,-0.285,0.446,0.24,0.148,0.214,0.548,0.185,0.776,0.108,-0.697,0.705,0.544,0.645,0.876,-0.541,-0.397,0.424,0.078,0.577,0.543,0.936,0.476,0.405,0.747,-0.223,0.314,0.588,-0.151,-0.158,-0.074,0.442,-0.06,0.461,0.694,0.337,0.059,0.656,0.152,0.489,0.721,-0.404,0.102,-0.313,0.518,-0.223,0.286,0.389,0.863,-0.251,0.754,-0.352,0.066,0.727,0.237,0.591,-0.154,-0.401,0.663,0.209,-0.175,-0.088,0.834,0.582,0.234,0.828,0.247,0.082,-0.345,0.798,0.116,0.373,0.535,0.032,0.818,0.374,0.337,0.026,0.628,0.108,0.765,0.851,0.826,0.75,0.614,-0.28,0.525,0.796,0.56,0.623,-0.071,0.508,-0.048,0.576,0.844,0.368,0.671,0.76,-0.33,-0.375,0.201,-0.057,0.788,0.41,0.474,0.389,0.34,0.712,0.722,0.502,-0.376,0.486,0.438,0.801,0.816,0.616,0.698,0.679,0.159,0.784,0.034,0.801,0.737,-0.281,0.448,0.58,0.262,-0.103,0.764,-0.106,0.257,0.598,-0.285,0.447,0.307,0.655,-0.045,0.495,-0.367,-0.498,-0.466,0.448,0.618
000002SZ,0.651,1.0,0.314,0.451,0.566,0.044,-0.198,0.457,0.725,0.31,0.15,0.679,0.14,0.312,-0.458,-0.179,0.519,0.813,-0.245,0.689,0.517,0.233,0.533,-0.128,0.031,-0.048,-0.172,0.243,0.715,-0.031,-0.299,0.082,-0.161,0.27,-0.615,-0.484,-0.382,0.872,0.648,-0.109,-0.092,-0.097,0.405,0.064,-0.462,-0.156,-0.454,-0.584,0.143,-0.108,-0.24,0.566,-0.033,-0.176,0.183,-0.162,-0.382,0.013,-0.343,-0.051,0.433,0.656,0.232,-0.076,-0.268,-0.55,-0.276,0.547,-0.268,-0.016,0.248,0.054,-0.334,-0.283,-0.373,-0.429,0.282,-0.261,-0.027,-0.131,0.25,-0.248,0.416,0.046,-0.704,0.36,0.214,0.479,0.718,-0.313,-0.101,-0.086,-0.514,0.321,0.28,0.619,0.929,0.154,0.437,0.145,-0.249,0.33,-0.225,0.07,0.302,0.055,-0.476,0.491,0.319,-0.108,0.057,0.328,0.481,-0.092,0.159,-0.293,-0.343,-0.147,0.003,-0.358,0.091,-0.034,0.604,0.166,0.916,-0.07,-0.052,0.361,0.133,0.239,-0.276,-0.315,0.25,-0.425,-0.086,-0.021,0.439,0.123,-0.007,0.569,-0.216,-0.179,-0.481,0.483,0.024,0.047,0.168,-0.401,0.676,-0.132,0.0,-0.107,0.264,-0.083,0.356,0.325,0.442,0.301,0.17,0.002,0.388,0.37,0.273,0.114,0.301,0.101,0.121,0.464,0.346,0.493,0.223,0.481,-0.124,-0.341,-0.112,-0.281,0.575,0.151,0.14,-0.11,-0.11,0.447,0.368,-0.181,0.008,-0.11,0.123,0.552,0.514,0.181,0.197,0.344,-0.004,0.192,-0.305,0.288,0.332,-0.188,0.404,0.147,-0.198,0.171,0.464,-0.342,-0.097,0.466,0.06,0.856,-0.303,0.177,-0.309,0.349,-0.092,-0.149,-0.204,-0.09,0.19
000157SZ,0.511,0.314,1.0,0.672,-0.167,-0.041,0.475,0.763,0.5,-0.265,0.167,0.598,0.273,0.071,0.302,-0.426,0.481,0.498,0.491,0.744,0.719,0.628,-0.159,-0.699,-0.055,-0.595,0.357,0.84,-0.008,0.675,0.602,-0.489,-0.709,-0.026,-0.255,0.143,-0.576,0.497,0.459,0.593,-0.573,0.144,-0.345,-0.717,-0.516,0.554,-0.718,-0.133,0.834,-0.716,-0.215,0.794,0.74,-0.906,0.837,0.689,-0.588,-0.009,-0.346,-0.746,0.004,0.593,0.752,0.101,-0.831,-0.218,-0.835,0.047,0.145,0.783,0.114,-0.353,0.295,-0.8,0.468,-0.457,0.887,0.28,-0.499,-0.431,0.522,0.652,0.86,-0.351,-0.74,0.867,0.925,0.739,0.662,-0.847,-0.375,0.604,-0.127,0.61,0.94,0.662,0.267,0.927,0.882,-0.505,0.399,0.625,-0.619,-0.596,-0.431,0.742,-0.032,-0.338,0.63,0.646,-0.498,0.779,-0.089,0.59,0.652,0.062,0.578,0.079,0.652,-0.39,0.15,0.75,0.688,-0.551,0.451,-0.775,-0.601,0.555,0.543,0.677,-0.515,-0.841,0.761,0.128,0.094,-0.845,0.15,0.776,0.836,0.824,0.182,-0.094,-0.106,0.625,-0.587,0.757,0.068,0.184,0.625,0.728,0.15,-0.39,0.856,-0.095,0.854,0.456,0.601,0.829,0.405,-0.502,0.193,0.761,0.453,0.334,-0.467,0.192,-0.693,0.048,0.737,-0.265,0.335,0.78,-0.511,-0.69,-0.054,-0.17,0.662,0.39,-0.0,0.436,0.524,0.883,0.774,0.631,-0.734,0.666,0.163,0.6,0.713,0.23,0.798,0.776,0.109,0.425,0.338,0.672,0.667,-0.278,0.337,0.83,0.19,-0.619,0.8,-0.25,-0.094,0.797,-0.71,0.316,0.473,0.807,-0.336,0.756,-0.786,-0.616,-0.416,0.604,0.579
000166SZ,0.739,0.451,0.672,1.0,-0.232,0.305,0.631,0.794,0.498,-0.077,0.541,0.658,0.706,0.347,0.423,-0.146,0.89,0.446,0.594,0.759,0.847,0.48,0.216,-0.632,0.429,-0.699,0.3,0.767,0.168,0.733,0.574,-0.638,-0.571,0.185,-0.303,0.25,-0.292,0.415,0.649,0.374,-0.568,0.379,-0.181,-0.671,-0.264,0.538,-0.437,-0.034,0.685,-0.738,0.075,0.868,0.678,-0.593,0.636,0.671,-0.176,0.232,-0.054,-0.361,-0.025,0.813,0.769,0.315,-0.543,-0.198,-0.648,0.404,-0.132,0.665,0.176,-0.555,0.412,-0.513,0.282,-0.357,0.626,0.49,0.034,-0.02,0.385,0.58,0.863,0.048,-0.566,0.769,0.696,0.84,0.843,-0.62,-0.618,0.653,0.121,0.81,0.728,0.775,0.285,0.526,0.894,-0.602,0.485,0.767,-0.207,-0.282,-0.44,0.689,0.271,0.167,0.808,0.637,-0.063,0.781,-0.026,0.69,0.796,-0.295,0.367,-0.386,0.731,-0.331,0.382,0.639,0.836,-0.627,0.532,-0.623,-0.277,0.853,0.173,0.766,-0.195,-0.543,0.844,0.428,-0.129,-0.433,0.598,0.788,0.584,0.844,0.363,0.292,-0.057,0.94,-0.036,0.52,0.514,0.107,0.542,0.676,0.532,0.113,0.801,0.27,0.796,0.728,0.818,0.805,0.729,-0.574,0.582,0.741,0.712,0.643,-0.251,0.638,-0.435,0.527,0.826,0.127,0.617,0.931,-0.61,-0.557,0.265,-0.053,0.903,0.626,0.494,0.659,0.7,0.801,0.863,0.566,-0.669,0.69,0.634,0.935,0.946,0.674,0.787,0.917,0.225,0.658,0.527,0.821,0.725,-0.415,0.291,0.715,0.469,-0.554,0.723,0.182,0.499,0.67,-0.555,0.264,0.477,0.8,-0.056,0.701,-0.672,-0.7,-0.669,0.565,0.778
000333SZ,0.319,0.566,-0.167,-0.232,1.0,-0.005,-0.508,-0.041,0.461,0.6,-0.117,0.267,-0.32,0.281,-0.681,0.168,0.002,0.336,-0.687,0.163,-0.006,-0.168,0.472,0.447,-0.288,0.576,-0.231,-0.306,0.535,-0.587,-0.654,0.741,0.454,0.457,-0.239,-0.506,0.033,0.537,0.319,-0.165,0.508,-0.126,0.618,0.621,-0.065,-0.42,0.063,-0.219,-0.28,0.558,-0.118,-0.065,-0.375,0.333,-0.333,-0.539,-0.172,0.094,-0.34,0.386,0.6,0.28,-0.264,-0.204,0.304,-0.165,0.374,0.393,0.054,-0.545,0.361,0.561,-0.471,0.284,-0.669,0.089,-0.216,-0.533,0.196,0.101,0.177,-0.711,-0.154,0.045,-0.284,-0.109,-0.267,-0.101,0.111,0.095,0.461,-0.503,-0.311,-0.326,-0.259,0.213,0.604,-0.193,-0.142,0.731,-0.358,-0.239,-0.024,0.214,0.719,-0.429,-0.685,0.435,-0.223,-0.574,0.232,-0.201,0.53,-0.494,-0.265,-0.128,-0.477,0.121,-0.501,0.162,-0.06,-0.482,0.011,0.705,0.523,0.517,0.386,-0.17,0.119,-0.271,0.094,0.185,-0.347,-0.528,0.005,0.418,0.236,-0.426,-0.521,-0.002,-0.303,-0.477,-0.345,-0.125,0.192,-0.239,0.056,-0.18,0.436,-0.596,-0.309,-0.211,-0.311,-0.288,-0.112,0.067,0.051,-0.166,-0.244,0.559,0.017,-0.015,-0.29,-0.151,0.556,-0.25,0.619,0.152,-0.097,0.59,-0.037,-0.199,0.554,0.241,-0.267,-0.049,-0.066,-0.378,-0.038,-0.58,-0.643,-0.082,-0.236,-0.368,0.563,-0.507,-0.209,-0.095,-0.093,-0.203,-0.272,-0.325,-0.214,-0.013,-0.791,-0.131,0.027,0.316,0.332,-0.319,-0.421,0.697,0.018,-0.536,-0.383,-0.063,0.553,0.641,-0.502,-0.341,-0.191,-0.214,0.513,0.488,0.431,-0.377,-0.368
000338SZ,0.235,0.044,-0.041,0.305,-0.005,1.0,0.095,-0.022,0.003,0.475,0.613,0.106,0.564,0.286,0.341,0.628,0.463,0.008,0.253,0.049,0.032,0.155,0.22,0.154,0.251,-0.142,-0.153,-0.023,0.002,-0.008,0.034,-0.077,0.075,0.413,-0.141,0.303,0.529,-0.171,0.031,-0.08,-0.054,0.277,-0.161,-0.056,0.336,0.288,0.295,0.373,0.104,-0.096,0.686,0.065,-0.0,0.184,-0.157,0.191,0.52,0.665,0.106,0.404,-0.051,0.332,0.019,0.373,0.336,0.068,0.08,0.237,0.144,-0.027,-0.213,0.05,0.441,0.137,-0.113,0.439,-0.023,0.215,0.442,0.246,-0.28,0.101,0.043,0.396,0.173,-0.022,-0.016,0.227,0.182,0.034,-0.245,0.304,0.398,0.39,0.063,0.111,-0.137,-0.05,0.147,-0.061,0.117,0.33,0.342,0.526,-0.265,0.18,0.232,0.363,0.255,0.126,0.428,-0.083,-0.222,0.1,0.178,-0.149,0.064,-0.249,0.041,0.192,0.008,0.014,0.068,-0.005,0.051,0.148,0.272,0.298,-0.436,0.295,0.602,0.189,0.11,0.353,-0.351,0.261,0.267,0.084,-0.139,0.072,-0.02,0.529,0.323,0.37,0.456,0.019,0.751,0.094,0.055,-0.005,0.692,0.482,0.087,0.601,0.122,0.335,0.305,0.101,0.491,0.064,0.648,0.082,0.195,0.24,0.205,0.522,0.232,0.649,0.069,0.287,0.505,0.18,0.147,0.185,0.558,0.507,0.292,0.438,0.567,0.377,0.316,0.006,0.03,0.104,-0.035,0.204,0.231,0.332,0.265,0.269,0.043,0.22,0.432,0.263,0.003,0.227,0.061,0.172,-0.162,-0.002,0.178,0.153,-0.181,0.358,0.494,-0.026,0.032,-0.008,0.044,0.083,0.448,0.274,0.057,-0.05,-0.149,0.073,0.24
000538SZ,0.384,-0.198,0.475,0.631,-0.508,0.095,1.0,0.566,0.106,-0.346,0.401,0.344,0.513,0.215,0.59,-0.156,0.433,-0.15,0.731,0.278,0.577,0.179,-0.007,-0.588,0.357,-0.568,0.572,0.68,-0.308,0.779,0.842,-0.597,-0.363,0.141,0.203,0.577,-0.127,-0.075,0.371,0.664,-0.388,0.585,-0.35,-0.656,0.101,0.516,-0.074,0.355,0.696,-0.608,0.141,0.542,0.814,-0.484,0.599,0.802,-0.015,0.117,0.148,-0.276,-0.27,0.377,0.723,0.29,-0.337,0.263,-0.371,0.119,0.027,0.672,0.176,-0.62,0.564,-0.197,0.475,-0.193,0.406,0.8,0.127,0.162,0.472,0.725,0.63,-0.147,-0.202,0.601,0.571,0.477,0.337,-0.46,-0.465,0.603,0.41,0.453,0.546,0.509,-0.319,0.42,0.601,-0.649,0.871,0.481,-0.186,-0.538,-0.558,0.572,0.458,-0.172,0.514,0.725,-0.208,0.706,-0.197,0.813,0.732,-0.111,0.612,-0.298,0.775,0.065,0.576,0.735,0.459,-0.756,-0.071,-0.564,-0.138,0.592,0.27,0.653,-0.049,-0.321,0.675,0.744,0.124,-0.414,0.425,0.775,0.559,0.504,0.787,0.161,0.308,0.529,-0.17,0.451,0.302,0.399,0.166,0.824,0.326,-0.039,0.615,0.127,0.595,0.565,0.532,0.651,0.516,-0.592,0.105,0.616,0.376,0.597,-0.497,0.448,-0.511,0.144,0.706,-0.156,0.446,0.547,-0.477,-0.248,0.129,0.013,0.424,0.352,0.378,0.632,0.702,0.539,0.716,0.729,-0.593,0.738,0.67,0.484,0.565,0.691,0.764,0.637,0.02,0.672,0.658,0.705,0.566,-0.294,0.296,0.639,0.811,-0.662,0.544,0.318,0.559,0.398,-0.524,-0.362,0.832,0.72,-0.039,0.306,-0.593,-0.627,-0.492,0.622,0.64
000568SZ,0.841,0.457,0.763,0.794,-0.041,-0.022,0.566,1.0,0.772,-0.143,0.397,0.69,0.545,0.329,0.262,-0.472,0.717,0.521,0.457,0.859,0.98,0.526,0.209,-0.703,0.228,-0.662,0.201,0.841,0.218,0.715,0.532,-0.529,-0.659,0.145,-0.352,0.229,-0.385,0.572,0.839,0.65,-0.555,0.381,-0.191,-0.664,-0.463,0.545,-0.617,-0.122,0.788,-0.718,-0.014,0.901,0.76,-0.725,0.726,0.597,-0.434,0.101,-0.355,-0.581,0.002,0.82,0.83,0.29,-0.663,-0.286,-0.712,0.48,-0.188,0.747,0.314,-0.423,0.351,-0.61,0.253,-0.495,0.732,0.375,-0.196,0.031,0.607,0.541,0.94,-0.084,-0.76,0.875,0.816,0.713,0.847,-0.733,-0.542,0.618,0.031,0.702,0.799,0.884,0.315,0.692,0.899,-0.535,0.438,0.693,-0.365,-0.453,-0.343,0.706,0.059,0.117,0.759,0.641,-0.232,0.844,-0.026,0.685,0.841,-0.238,0.416,-0.184,0.741,-0.409,0.242,0.686,0.943,-0.565,0.632,-0.71,-0.299,0.751,0.416,0.703,-0.478,-0.692,0.891,0.273,-0.073,-0.487,0.606,0.829,0.633,0.926,0.323,0.095,-0.338,0.799,-0.246,0.594,0.275,0.098,0.733,0.687,0.277,-0.133,0.859,0.05,0.901,0.753,0.784,0.88,0.593,-0.549,0.351,0.863,0.629,0.594,-0.469,0.448,-0.484,0.29,0.939,-0.041,0.596,0.892,-0.62,-0.633,0.112,-0.176,0.828,0.462,0.283,0.547,0.552,0.875,0.892,0.732,-0.695,0.715,0.408,0.807,0.853,0.595,0.897,0.847,0.206,0.7,0.317,0.821,0.797,-0.459,0.413,0.862,0.314,-0.461,0.95,-0.089,0.117,0.77,-0.623,0.303,0.543,0.883,-0.142,0.645,-0.721,-0.739,-0.593,0.692,0.784
000596SZ,0.82,0.725,0.5,0.498,0.461,0.003,0.106,0.772,1.0,0.202,0.21,0.624,0.246,0.273,-0.244,-0.264,0.538,0.63,-0.101,0.756,0.761,0.371,0.519,-0.291,0.017,-0.176,-0.08,0.479,0.649,0.152,-0.01,-0.041,-0.313,0.382,-0.535,-0.209,-0.33,0.78,0.885,0.33,-0.192,0.066,0.243,-0.168,-0.551,0.154,-0.567,-0.318,0.451,-0.276,-0.123,0.692,0.298,-0.419,0.451,0.103,-0.474,0.084,-0.521,-0.25,0.304,0.785,0.514,0.093,-0.384,-0.427,-0.407,0.686,-0.169,0.269,0.285,0.048,-0.066,-0.419,-0.127,-0.378,0.501,-0.053,-0.09,0.016,0.516,-0.013,0.641,-0.071,-0.778,0.622,0.499,0.509,0.751,-0.474,-0.172,0.173,-0.293,0.422,0.501,0.799,0.621,0.472,0.622,0.031,0.063,0.406,-0.364,-0.155,0.158,0.298,-0.426,0.399,0.432,0.113,-0.04,0.501,0.349,0.155,0.436,-0.226,-0.037,-0.165,0.235,-0.322,0.067,0.224,0.807,-0.014,0.883,-0.286,-0.012,0.449,0.413,0.37,-0.314,-0.491,0.489,-0.185,-0.026,-0.167,0.552,0.398,0.219,0.752,-0.041,-0.139,-0.569,0.544,-0.186,0.228,0.211,-0.129,0.805,0.158,0.04,-0.27,0.519,-0.141,0.663,0.542,0.594,0.574,0.297,-0.131,0.317,0.657,0.32,0.26,-0.004,0.186,-0.063,0.295,0.611,0.215,0.411,0.599,-0.224,-0.394,-0.109,-0.205,0.631,0.169,0.162,0.069,0.041,0.65,0.554,0.284,-0.227,0.215,0.132,0.584,0.604,0.31,0.502,0.495,0.072,0.456,-0.226,0.541,0.59,-0.184,0.502,0.463,-0.063,0.081,0.731,-0.453,-0.188,0.604,-0.204,0.638,0.032,0.461,-0.242,0.416,-0.307,-0.335,-0.29,0.265,0.46
000617SZ,0.252,0.31,-0.265,-0.077,0.6,0.475,-0.346,-0.143,0.202,1.0,0.211,0.021,0.029,0.448,-0.227,0.618,0.203,-0.014,-0.459,-0.027,-0.109,-0.209,0.536,0.687,-0.027,0.411,-0.127,-0.496,0.3,-0.536,-0.615,0.566,0.548,0.532,0.008,-0.127,0.57,0.084,0.186,-0.288,0.564,0.153,0.426,0.58,0.367,-0.039,0.427,0.281,-0.349,0.518,0.337,-0.219,-0.391,0.563,-0.497,-0.257,0.336,0.613,0.029,0.634,0.61,0.304,-0.372,0.126,0.599,0.274,0.527,0.473,0.407,-0.529,0.343,0.65,-0.012,0.435,-0.653,0.629,-0.42,-0.194,0.548,0.479,-0.154,-0.514,-0.238,0.333,0.077,-0.271,-0.411,-0.09,0.092,0.332,0.299,-0.234,0.232,-0.143,-0.347,0.046,0.254,-0.215,-0.176,0.576,-0.212,-0.208,0.312,0.606,0.446,-0.263,-0.176,0.513,-0.093,-0.431,0.562,-0.427,0.303,-0.355,-0.143,-0.096,-0.441,0.011,-0.472,0.415,-0.079,-0.577,-0.11,0.668,0.255,0.676,0.662,-0.194,-0.257,-0.252,0.513,0.515,-0.329,-0.202,-0.268,0.613,0.259,-0.407,-0.546,-0.139,-0.257,0.022,-0.03,0.003,0.574,-0.418,0.602,0.254,0.094,-0.573,0.337,0.265,-0.392,0.097,-0.184,0.247,0.211,-0.206,0.112,0.725,0.562,-0.136,-0.115,0.151,0.625,0.319,0.784,0.418,-0.129,0.747,0.392,-0.178,0.598,0.561,0.204,0.645,0.006,-0.122,0.478,-0.244,-0.294,-0.273,-0.367,-0.234,0.54,-0.334,-0.003,0.03,-0.039,-0.006,-0.343,-0.271,0.039,0.073,-0.534,-0.057,0.114,0.619,0.059,-0.364,-0.302,0.767,-0.19,-0.12,0.049,-0.406,0.596,0.23,-0.339,-0.341,0.388,-0.236,0.621,0.523,0.429,-0.407,-0.235
000625SZ,0.522,0.15,0.167,0.541,-0.117,0.613,0.401,0.397,0.21,0.211,1.0,0.464,0.769,0.509,0.503,0.179,0.722,0.146,0.612,0.328,0.454,0.264,0.104,-0.2,0.684,-0.544,-0.142,0.316,-0.05,0.429,0.355,-0.354,-0.297,0.242,-0.086,0.651,0.424,-0.08,0.361,0.35,-0.356,0.673,-0.308,-0.418,0.253,0.497,0.094,0.28,0.392,-0.459,0.722,0.395,0.367,-0.055,0.003,0.432,0.438,0.701,0.063,0.069,-0.1,0.522,0.271,0.747,0.047,0.015,-0.211,0.374,-0.13,0.347,-0.057,-0.252,0.701,0.0,-0.182,0.127,0.101,0.588,0.302,0.439,-0.126,0.444,0.37,0.558,-0.077,0.174,0.206,0.316,0.543,-0.271,-0.703,0.59,0.497,0.681,0.244,0.455,-0.099,0.07,0.403,-0.453,0.359,0.73,0.411,0.282,-0.509,0.545,0.468,0.383,0.609,0.481,0.496,0.29,-0.308,0.538,0.539,-0.531,0.321,-0.437,0.504,-0.077,0.051,0.305,0.441,-0.378,0.144,-0.175,0.113,0.64,-0.465,0.66,0.2,0.011,0.557,0.662,-0.505,0.129,0.615,0.468,0.055,0.351,0.22,0.668,0.244,0.632,0.474,0.137,0.744,0.026,0.113,0.306,0.76,0.631,0.354,0.823,0.343,0.724,0.621,0.31,0.858,-0.256,0.645,0.291,0.565,0.732,-0.253,0.737,0.053,0.857,0.505,0.297,0.684,0.533,-0.193,-0.019,0.656,0.348,0.637,0.741,0.695,0.723,0.593,0.215,0.465,0.419,-0.366,0.533,0.541,0.669,0.598,0.631,0.421,0.572,0.612,0.457,0.327,0.485,0.329,-0.225,-0.089,0.343,0.343,-0.169,0.211,0.634,0.682,0.151,-0.261,-0.088,0.455,0.459,0.543,0.362,-0.276,-0.437,-0.442,0.449,0.673
000651SZ,0.76,0.679,0.598,0.658,0.267,0.106,0.344,0.69,0.624,0.021,0.464,1.0,0.373,0.511,-0.042,-0.309,0.66,0.643,0.305,0.764,0.74,0.42,0.29,-0.499,0.174,-0.385,0.095,0.632,0.245,0.452,0.285,-0.236,-0.404,0.241,-0.376,-0.006,-0.36,0.677,0.685,0.474,-0.338,0.37,0.005,-0.36,-0.246,0.112,-0.395,-0.326,0.573,-0.489,0.017,0.783,0.472,-0.46,0.461,0.315,-0.33,0.085,-0.236,-0.273,0.186,0.729,0.57,0.141,-0.399,-0.359,-0.486,0.337,-0.208,0.387,0.259,-0.326,0.087,-0.341,-0.113,-0.494,0.482,0.262,-0.048,-0.114,0.465,0.279,0.696,-0.013,-0.702,0.625,0.537,0.639,0.796,-0.632,-0.341,0.293,-0.209,0.563,0.571,0.845,0.582,0.383,0.715,-0.309,0.303,0.636,-0.258,-0.238,-0.188,0.411,-0.157,0.191,0.621,0.43,-0.139,0.72,0.197,0.443,0.534,-0.278,0.216,-0.141,0.487,-0.19,0.383,0.477,0.711,-0.322,0.667,-0.401,-0.207,0.644,0.234,0.693,-0.255,-0.461,0.638,0.103,-0.006,-0.291,0.608,0.595,0.324,0.75,0.293,-0.037,-0.064,0.653,-0.086,0.396,0.264,-0.227,0.695,0.377,0.165,-0.092,0.578,0.104,0.658,0.653,0.722,0.614,0.494,-0.371,0.312,0.654,0.463,0.48,-0.164,0.253,-0.188,0.554,0.717,0.314,0.421,0.704,-0.345,-0.44,0.062,-0.253,0.72,0.4,0.28,0.296,0.359,0.69,0.748,0.296,-0.342,0.367,0.42,0.72,0.734,0.564,0.645,0.647,0.097,0.523,0.095,0.623,0.498,-0.398,0.561,0.526,0.313,-0.258,0.686,-0.045,0.196,0.644,-0.263,0.533,0.273,0.605,-0.302,0.549,-0.442,-0.508,-0.394,0.364,0.509
000661SZ,0.554,0.14,0.273,0.706,-0.32,0.564,0.513,0.545,0.246,0.029,0.769,0.373,1.0,0.44,0.601,0.057,0.788,0.285,0.674,0.492,0.575,0.426,0.141,-0.478,0.586,-0.766,-0.096,0.51,-0.008,0.591,0.47,-0.685,-0.514,0.167,-0.331,0.548,0.253,-0.007,0.377,0.302,-0.601,0.531,-0.458,-0.615,0.088,0.616,-0.084,0.21,0.523,-0.666,0.593,0.559,0.488,-0.269,0.246,0.502,0.268,0.482,-0.012,-0.108,-0.371,0.545,0.536,0.671,-0.172,-0.201,-0.434,0.395,-0.291,0.54,-0.116,-0.538,0.671,-0.292,0.151,-0.067,0.355,0.544,0.18,0.34,0.003,0.584,0.561,0.518,-0.141,0.406,0.428,0.537,0.623,-0.383,-0.771,0.742,0.409,0.795,0.439,0.485,-0.134,0.213,0.569,-0.64,0.304,0.756,0.298,0.16,-0.635,0.638,0.546,0.378,0.765,0.659,0.27,0.424,-0.441,0.661,0.75,-0.346,0.428,-0.416,0.634,-0.23,0.083,0.537,0.583,-0.588,0.193,-0.464,-0.091,0.752,-0.314,0.651,0.093,-0.221,0.727,0.605,-0.524,-0.069,0.521,0.654,0.316,0.545,0.234,0.735,0.033,0.782,0.373,0.396,0.682,0.01,0.253,0.523,0.79,0.588,0.596,0.695,0.53,0.672,0.615,0.535,0.835,-0.536,0.653,0.451,0.734,0.648,-0.367,0.787,-0.239,0.633,0.589,0.045,0.804,0.706,-0.522,-0.337,0.727,0.219,0.744,0.812,0.666,0.869,0.766,0.437,0.579,0.564,-0.622,0.719,0.477,0.77,0.717,0.69,0.608,0.72,0.679,0.555,0.455,0.609,0.379,-0.474,-0.149,0.588,0.452,-0.356,0.357,0.541,0.671,0.379,-0.509,-0.051,0.464,0.66,0.448,0.578,-0.515,-0.671,-0.649,0.6,0.787
000708SZ,0.605,0.312,0.071,0.347,0.281,0.286,0.215,0.329,0.273,0.448,0.509,0.511,0.44,1.0,0.137,0.208,0.521,0.199,0.123,0.401,0.377,0.13,0.404,-0.021,0.221,-0.211,-0.001,0.133,0.084,0.13,0.016,-0.011,0.077,0.431,-0.075,0.192,0.324,0.197,0.436,0.305,0.1,0.547,0.022,-0.013,0.426,0.194,0.277,0.218,0.215,-0.099,0.413,0.296,0.283,0.151,-0.088,0.133,0.165,0.512,-0.071,0.286,0.159,0.489,0.222,0.332,0.219,0.054,0.109,0.417,-0.002,0.018,0.346,-0.084,0.279,0.194,-0.37,0.166,-0.095,0.308,0.475,0.526,0.268,0.041,0.299,0.416,-0.253,0.165,0.047,0.19,0.465,-0.246,-0.219,0.212,0.307,0.198,0.068,0.507,0.179,-0.05,0.23,-0.084,0.203,0.245,0.272,0.111,-0.066,0.157,0.192,0.398,0.449,0.142,0.321,0.194,-0.004,0.36,0.465,-0.407,0.004,-0.174,0.273,0.235,0.237,0.066,0.3,-0.034,0.254,0.058,0.383,0.374,-0.165,0.269,0.171,0.116,0.273,0.288,-0.37,0.265,0.614,0.228,-0.197,0.296,0.237,0.124,0.086,0.418,0.497,0.08,0.572,0.149,0.362,0.065,0.352,0.341,0.131,0.243,0.286,0.676,0.565,0.319,0.495,0.002,0.4,0.34,0.36,0.636,0.139,0.445,0.311,0.563,0.459,0.539,0.571,0.304,-0.004,0.098,0.443,0.244,0.364,0.331,0.489,0.286,0.165,0.184,0.262,0.229,-0.019,0.246,0.327,0.421,0.451,0.46,0.303,0.227,0.153,0.553,-0.054,0.491,0.326,-0.056,0.163,0.2,0.252,0.148,0.269,0.16,0.479,0.044,0.088,0.083,0.249,0.279,0.285,0.065,0.085,-0.163,-0.13,0.16,0.253
000725SZ,0.09,-0.458,0.302,0.423,-0.681,0.341,0.59,0.262,-0.244,-0.227,0.503,-0.042,0.601,0.137,1.0,0.046,0.385,-0.242,0.786,0.103,0.25,0.391,-0.399,-0.377,0.438,-0.717,0.222,0.367,-0.599,0.658,0.703,-0.68,-0.42,-0.234,0.285,0.749,0.267,-0.488,-0.074,0.395,-0.496,0.429,-0.68,-0.691,0.278,0.772,0.064,0.551,0.458,-0.614,0.497,0.168,0.614,-0.303,0.239,0.735,0.273,0.41,0.273,-0.276,-0.43,0.117,0.31,0.493,-0.173,0.31,-0.335,-0.194,0.114,0.604,-0.164,-0.449,0.807,-0.222,0.473,0.209,0.233,0.596,0.023,0.153,-0.103,0.771,0.343,0.207,0.175,0.239,0.389,0.246,0.162,-0.257,-0.618,0.833,0.725,0.54,0.365,0.075,-0.573,0.309,0.358,-0.724,0.504,0.451,0.199,-0.102,-0.792,0.677,0.843,-0.314,0.552,0.682,-0.011,0.245,-0.67,0.725,0.583,-0.143,0.631,-0.247,0.652,-0.125,-0.023,0.532,0.165,-0.658,-0.391,-0.47,-0.191,0.411,-0.251,0.406,0.015,-0.125,0.542,0.793,-0.346,-0.264,0.113,0.524,0.484,0.185,0.314,0.639,0.337,0.445,0.138,0.47,0.429,0.434,-0.147,0.654,0.662,0.459,0.445,0.543,0.341,0.464,0.392,0.384,0.695,-0.453,0.322,0.22,0.551,0.616,-0.536,0.608,-0.392,0.212,0.391,-0.327,0.447,0.415,-0.453,-0.193,0.632,0.362,0.354,0.643,0.331,0.834,0.778,0.2,0.355,0.692,-0.655,0.795,0.38,0.367,0.374,0.375,0.472,0.524,0.41,0.345,0.768,0.45,0.3,-0.217,-0.397,0.469,0.43,-0.582,0.137,0.581,0.531,0.079,-0.565,-0.559,0.645,0.54,0.532,0.388,-0.488,-0.463,-0.44,0.675,0.534
000768SZ,-0.123,-0.179,-0.426,-0.146,0.168,0.628,-0.156,-0.472,-0.264,0.618,0.179,-0.309,0.057,0.208,0.046,1.0,0.02,-0.355,-0.222,-0.369,-0.419,-0.23,0.257,0.636,-0.018,0.395,-0.051,-0.494,0.058,-0.514,-0.326,0.393,0.588,0.542,0.142,0.035,0.682,-0.382,-0.248,-0.37,0.473,0.02,0.186,0.437,0.544,-0.027,0.603,0.576,-0.344,0.459,0.455,-0.412,-0.375,0.588,-0.469,-0.138,0.608,0.579,0.196,0.745,0.166,-0.041,-0.379,0.076,0.683,0.391,0.586,0.136,0.473,-0.503,-0.129,0.407,0.127,0.503,-0.262,0.8,-0.442,-0.033,0.596,0.335,-0.325,-0.346,-0.414,0.286,0.435,-0.408,-0.446,-0.178,-0.256,0.414,0.249,-0.14,0.361,-0.186,-0.43,-0.264,-0.243,-0.34,-0.331,0.438,-0.029,-0.24,0.388,0.567,0.221,-0.297,0.054,0.297,-0.251,-0.39,0.577,-0.532,0.052,-0.337,-0.249,0.015,-0.251,-0.19,-0.432,0.53,-0.061,-0.445,-0.397,0.453,-0.206,0.622,0.602,-0.168,-0.381,-0.208,0.88,0.556,-0.442,0.115,-0.207,0.533,0.008,-0.438,-0.507,-0.373,-0.167,0.165,0.383,-0.1,0.521,-0.406,0.569,0.307,-0.241,-0.425,0.339,0.307,-0.412,0.234,-0.304,-0.012,-0.039,-0.323,0.05,0.495,0.334,-0.285,-0.249,-0.037,0.604,0.182,0.588,0.293,-0.364,0.422,0.168,-0.339,0.604,0.597,0.245,0.593,-0.224,-0.071,0.365,-0.129,-0.191,-0.401,-0.477,-0.259,0.446,-0.25,-0.006,-0.163,-0.181,-0.129,-0.427,-0.334,0.069,-0.015,-0.31,-0.142,-0.192,0.629,-0.216,-0.439,-0.061,0.51,-0.541,0.107,0.327,-0.495,0.448,-0.114,-0.263,-0.42,0.431,-0.264,0.555,0.518,0.334,-0.371,-0.252
000776SZ,0.798,0.519,0.481,0.89,0.002,0.463,0.433,0.717,0.538,0.203,0.722,0.66,0.788,0.521,0.385,0.02,1.0,0.488,0.496,0.743,0.784,0.45,0.287,-0.418,0.53,-0.63,0.054,0.573,0.227,0.55,0.358,-0.478,-0.45,0.257,-0.345,0.304,0.008,0.376,0.647,0.298,-0.476,0.467,-0.147,-0.512,-0.115,0.531,-0.278,0.064,0.528,-0.592,0.336,0.743,0.505,-0.355,0.337,0.516,0.025,0.477,-0.087,-0.158,0.084,0.876,0.556,0.502,-0.296,-0.192,-0.479,0.532,-0.131,0.488,0.194,-0.375,0.481,-0.346,-0.025,-0.146,0.438,0.39,0.189,0.207,0.189,0.428,0.719,0.353,-0.464,0.569,0.507,0.729,0.853,-0.5,-0.643,0.629,0.232,0.821,0.533,0.731,0.318,0.343,0.774,-0.466,0.314,0.789,0.079,0.042,-0.373,0.636,0.28,0.386,0.826,0.522,0.239,0.569,-0.069,0.578,0.746,-0.439,0.289,-0.379,0.583,-0.281,0.17,0.457,0.773,-0.429,0.57,-0.398,-0.086,0.821,-0.103,0.693,-0.053,-0.332,0.762,0.419,-0.389,-0.135,0.687,0.63,0.349,0.734,0.183,0.449,-0.065,0.939,0.287,0.389,0.708,0.051,0.516,0.443,0.691,0.372,0.642,0.506,0.661,0.821,0.852,0.641,0.834,-0.38,0.752,0.597,0.749,0.722,-0.138,0.765,-0.137,0.743,0.736,0.338,0.751,0.864,-0.428,-0.406,0.475,0.144,0.931,0.695,0.637,0.663,0.622,0.627,0.709,0.493,-0.519,0.606,0.583,0.958,0.913,0.65,0.653,0.826,0.437,0.609,0.351,0.708,0.643,-0.332,0.146,0.586,0.295,-0.286,0.592,0.29,0.528,0.507,-0.386,0.347,0.357,0.684,0.222,0.635,-0.472,-0.556,-0.557,0.524,0.756
000786SZ,0.549,0.813,0.498,0.446,0.336,0.008,-0.15,0.521,0.63,-0.014,0.146,0.643,0.285,0.199,-0.242,-0.355,0.488,1.0,0.024,0.791,0.528,0.572,0.196,-0.464,-0.042,-0.347,-0.338,0.477,0.488,0.194,-0.042,-0.227,-0.545,0.016,-0.78,-0.321,-0.448,0.809,0.441,0.067,-0.483,-0.129,-0.039,-0.281,-0.565,0.029,-0.639,-0.624,0.388,-0.415,-0.134,0.647,0.142,-0.47,0.372,-0.053,-0.45,-0.075,-0.511,-0.384,0.008,0.537,0.378,0.037,-0.542,-0.793,-0.603,0.268,-0.411,0.289,-0.071,-0.218,-0.162,-0.61,-0.011,-0.575,0.583,-0.255,-0.399,-0.358,0.196,0.074,0.53,0.078,-0.73,0.486,0.494,0.565,0.71,-0.591,-0.317,0.198,-0.535,0.489,0.52,0.573,0.72,0.342,0.555,-0.162,-0.319,0.538,-0.254,-0.03,-0.058,0.294,-0.354,0.265,0.488,0.179,-0.157,0.416,0.095,0.087,0.304,-0.188,0.035,0.027,0.217,-0.57,-0.142,0.312,0.618,-0.133,0.76,-0.416,-0.444,0.469,0.098,0.401,-0.458,-0.61,0.464,-0.363,-0.257,-0.317,0.215,0.338,0.271,0.65,-0.303,-0.017,-0.448,0.543,-0.136,0.408,0.008,-0.538,0.728,0.132,0.024,-0.076,0.516,0.063,0.496,0.257,0.353,0.433,0.24,-0.341,0.246,0.425,0.439,0.039,-0.075,0.022,-0.26,0.331,0.39,0.034,0.222,0.605,-0.383,-0.67,0.084,-0.426,0.645,0.401,-0.062,0.154,0.11,0.593,0.468,0.04,-0.352,0.179,-0.119,0.562,0.559,0.084,0.382,0.495,0.327,0.142,-0.162,0.301,0.206,-0.499,0.157,0.429,-0.182,-0.116,0.504,-0.261,-0.179,0.689,-0.334,0.798,-0.184,0.407,-0.283,0.65,-0.427,-0.417,-0.373,0.225,0.36
000800SZ,0.21,-0.245,0.491,0.594,-0.687,0.253,0.731,0.457,-0.101,-0.459,0.612,0.305,0.674,0.123,0.786,-0.222,0.496,0.024,1.0,0.296,0.462,0.384,-0.4,-0.686,0.515,-0.848,0.239,0.679,-0.491,0.871,0.875,-0.797,-0.682,-0.192,0.063,0.764,-0.015,-0.221,0.069,0.562,-0.719,0.561,-0.722,-0.87,0.056,0.662,-0.172,0.258,0.67,-0.808,0.386,0.499,0.723,-0.552,0.448,0.791,0.142,0.227,0.103,-0.473,-0.507,0.247,0.572,0.558,-0.457,0.022,-0.614,-0.154,-0.125,0.803,-0.189,-0.721,0.771,-0.396,0.51,-0.21,0.484,0.743,-0.151,-0.013,0.053,0.924,0.564,0.157,-0.087,0.461,0.596,0.449,0.357,-0.543,-0.769,0.802,0.417,0.689,0.598,0.309,-0.4,0.411,0.574,-0.894,0.566,0.751,0.068,-0.284,-0.878,0.783,0.666,-0.253,0.653,0.88,-0.112,0.595,-0.592,0.847,0.691,-0.169,0.775,-0.143,0.841,-0.224,0.169,0.799,0.399,-0.898,-0.189,-0.706,-0.459,0.646,-0.108,0.767,-0.144,-0.403,0.767,0.778,-0.191,-0.495,0.231,0.797,0.629,0.434,0.464,0.543,0.375,0.573,-0.054,0.6,0.283,0.159,0.008,0.841,0.552,0.315,0.667,0.57,0.505,0.471,0.436,0.547,0.672,-0.719,0.233,0.423,0.59,0.567,-0.734,0.533,-0.64,0.3,0.582,-0.336,0.436,0.619,-0.598,-0.431,0.484,0.073,0.534,0.72,0.346,0.893,0.885,0.458,0.663,0.701,-0.812,0.841,0.455,0.555,0.562,0.532,0.699,0.74,0.481,0.423,0.778,0.539,0.334,-0.489,-0.115,0.68,0.579,-0.81,0.36,0.641,0.577,0.423,-0.748,-0.35,0.8,0.75,0.226,0.554,-0.752,-0.756,-0.611,0.733,0.727
000807SZ,0.837,0.689,0.744,0.759,0.163,0.049,0.278,0.859,0.756,-0.027,0.328,0.764,0.492,0.401,0.103,-0.369,0.743,0.791,0.296,1.0,0.872,0.623,0.205,-0.646,0.144,-0.593,0.012,0.747,0.338,0.526,0.307,-0.436,-0.644,0.142,-0.598,-0.031,-0.434,0.721,0.722,0.396,-0.569,0.162,-0.128,-0.551,-0.516,0.403,-0.665,-0.317,0.671,-0.648,-0.07,0.886,0.566,-0.665,0.603,0.372,-0.497,0.097,-0.469,-0.514,0.029,0.823,0.68,0.196,-0.65,-0.524,-0.718,0.406,-0.255,0.58,0.18,-0.369,0.164,-0.675,0.128,-0.518,0.727,0.071,-0.266,-0.166,0.459,0.359,0.867,0.02,-0.836,0.807,0.76,0.776,0.913,-0.767,-0.471,0.533,-0.176,0.691,0.754,0.855,0.558,0.601,0.86,-0.395,0.129,0.695,-0.309,-0.295,-0.246,0.608,-0.086,0.178,0.805,0.478,-0.187,0.718,0.005,0.488,0.728,-0.266,0.284,-0.113,0.578,-0.534,0.076,0.574,0.879,-0.398,0.763,-0.635,-0.365,0.732,0.294,0.634,-0.466,-0.714,0.776,0.024,-0.232,-0.45,0.506,0.666,0.543,0.919,0.039,0.057,-0.413,0.82,-0.148,0.616,0.263,-0.141,0.852,0.496,0.247,-0.085,0.801,0.07,0.843,0.653,0.739,0.798,0.545,-0.491,0.412,0.768,0.705,0.451,-0.253,0.355,-0.391,0.383,0.798,0.054,0.525,0.88,-0.556,-0.728,0.177,-0.254,0.863,0.519,0.18,0.442,0.42,0.862,0.775,0.502,-0.617,0.567,0.188,0.819,0.851,0.38,0.764,0.784,0.284,0.562,0.135,0.71,0.637,-0.503,0.287,0.749,0.09,-0.349,0.837,-0.193,0.032,0.816,-0.553,0.592,0.227,0.766,-0.186,0.768,-0.638,-0.637,-0.55,0.559,0.66
000858SZ,0.879,0.517,0.719,0.847,-0.006,0.032,0.577,0.98,0.761,-0.109,0.454,0.74,0.575,0.377,0.25,-0.419,0.784,0.528,0.462,0.872,1.0,0.476,0.259,-0.683,0.31,-0.651,0.214,0.822,0.27,0.707,0.516,-0.514,-0.612,0.197,-0.363,0.214,-0.373,0.584,0.865,0.591,-0.536,0.404,-0.132,-0.636,-0.428,0.504,-0.571,-0.128,0.744,-0.699,-0.006,0.92,0.736,-0.669,0.676,0.576,-0.385,0.136,-0.319,-0.502,0.028,0.865,0.811,0.302,-0.618,-0.293,-0.672,0.524,-0.236,0.705,0.326,-0.446,0.34,-0.55,0.187,-0.495,0.682,0.39,-0.1,0.06,0.579,0.501,0.935,-0.039,-0.759,0.857,0.769,0.734,0.884,-0.718,-0.563,0.592,0.031,0.712,0.758,0.916,0.365,0.61,0.899,-0.517,0.441,0.718,-0.31,-0.421,-0.313,0.681,0.065,0.187,0.777,0.606,-0.16,0.854,0.024,0.674,0.843,-0.34,0.37,-0.248,0.734,-0.399,0.295,0.652,0.961,-0.559,0.66,-0.665,-0.248,0.806,0.358,0.723,-0.435,-0.645,0.885,0.307,-0.097,-0.42,0.686,0.809,0.573,0.928,0.349,0.104,-0.312,0.849,-0.163,0.548,0.332,0.058,0.728,0.659,0.305,-0.074,0.836,0.097,0.879,0.792,0.822,0.865,0.627,-0.549,0.396,0.854,0.654,0.636,-0.394,0.49,-0.43,0.389,0.947,0.065,0.597,0.909,-0.606,-0.612,0.127,-0.176,0.864,0.488,0.347,0.551,0.546,0.865,0.908,0.677,-0.66,0.683,0.493,0.861,0.892,0.646,0.881,0.865,0.188,0.737,0.324,0.84,0.8,-0.476,0.431,0.812,0.349,-0.451,0.933,-0.029,0.215,0.763,-0.574,0.336,0.527,0.862,-0.137,0.635,-0.689,-0.728,-0.628,0.658,0.792
000876SZ,0.38,0.233,0.628,0.48,-0.168,0.155,0.179,0.526,0.371,-0.209,0.264,0.42,0.426,0.13,0.391,-0.23,0.45,0.572,0.384,0.623,0.476,1.0,-0.096,-0.569,0.018,-0.605,-0.159,0.573,-0.013,0.459,0.367,-0.536,-0.669,-0.172,-0.395,0.1,-0.228,0.31,0.236,0.365,-0.66,-0.002,-0.433,-0.608,-0.328,0.437,-0.522,-0.161,0.566,-0.683,0.17,0.519,0.443,-0.607,0.575,0.383,-0.279,0.084,-0.184,-0.544,-0.301,0.386,0.468,0.129,-0.532,-0.403,-0.668,-0.013,-0.122,0.573,-0.26,-0.314,0.279,-0.679,0.438,-0.268,0.645,0.085,-0.456,-0.323,0.151,0.51,0.571,-0.024,-0.444,0.527,0.668,0.574,0.535,-0.586,-0.418,0.629,-0.017,0.658,0.627,0.421,0.179,0.55,0.628,-0.513,0.069,0.59,-0.247,-0.123,-0.504,0.575,0.128,-0.099,0.667,0.506,-0.276,0.398,-0.25,0.387,0.486,-0.041,0.428,-0.09,0.471,-0.428,-0.195,0.576,0.498,-0.411,0.312,-0.609,-0.504,0.46,0.073,0.498,-0.318,-0.586,0.62,0.068,-0.297,-0.482,0.033,0.525,0.591,0.56,-0.122,0.298,-0.107,0.56,-0.199,0.57,0.121,-0.162,0.502,0.471,0.291,0.021,0.652,0.248,0.616,0.382,0.47,0.541,0.514,-0.483,0.254,0.431,0.632,0.271,-0.364,0.19,-0.469,0.24,0.444,-0.357,0.317,0.636,-0.546,-0.634,0.319,-0.144,0.605,0.589,-0.071,0.505,0.522,0.597,0.494,0.456,-0.627,0.592,-0.035,0.511,0.554,0.182,0.542,0.605,0.454,0.209,0.321,0.425,0.225,-0.447,-0.098,0.623,0.068,-0.371,0.44,-0.028,-0.019,0.549,-0.594,0.266,0.155,0.59,0.022,0.794,-0.617,-0.508,-0.479,0.58,0.553
000895SZ,0.52,0.533,-0.159,0.216,0.472,0.22,-0.007,0.209,0.519,0.536,0.104,0.29,0.141,0.404,-0.399,0.257,0.287,0.196,-0.4,0.205,0.259,-0.096,1.0,0.203,0.045,0.289,0.012,-0.079,0.636,-0.262,-0.353,0.278,0.361,0.654,-0.243,-0.369,0.085,0.465,0.606,-0.11,0.392,0.071,0.595,0.399,0.067,-0.311,0.154,-0.12,-0.081,0.237,0.042,0.207,-0.137,0.293,-0.007,-0.251,0.082,0.118,0.014,0.477,0.322,0.437,0.122,-0.121,0.313,-0.073,0.297,0.68,-0.127,-0.334,0.304,0.16,-0.294,0.301,-0.352,0.019,-0.173,-0.011,0.521,0.366,0.318,-0.439,0.106,0.025,-0.235,0.124,-0.146,0.214,0.307,0.143,0.195,-0.291,-0.117,-0.044,-0.114,0.431,0.443,-0.201,0.087,0.375,0.048,-0.087,-0.045,0.206,0.493,-0.347,-0.337,0.718,0.032,-0.306,0.236,0.07,0.636,-0.169,0.049,-0.162,-0.513,-0.283,-0.178,0.303,0.403,-0.276,0.293,0.336,0.547,0.326,0.564,0.143,0.084,0.025,0.283,0.2,-0.063,-0.166,0.076,0.449,0.567,-0.063,-0.374,0.219,0.133,-0.161,-0.222,0.202,0.293,-0.345,0.375,-0.084,0.414,-0.255,0.042,-0.042,-0.074,-0.199,0.127,0.308,0.276,0.131,0.031,0.224,0.343,0.273,-0.027,0.093,0.553,0.169,0.447,0.35,0.171,0.601,0.311,0.08,0.169,0.216,-0.095,0.029,0.168,-0.159,0.381,-0.237,-0.188,0.109,0.078,-0.198,0.365,-0.245,0.275,0.225,0.203,0.38,-0.013,-0.016,-0.216,0.406,-0.358,0.253,0.218,0.15,0.478,-0.142,0.163,0.501,0.165,-0.223,0.2,0.011,0.415,0.36,-0.214,-0.092,-0.135,-0.133,0.331,0.102,-0.042,-0.312,-0.004
000938SZ,-0.394,-0.128,-0.699,-0.632,0.447,0.154,-0.588,-0.703,-0.291,0.687,-0.2,-0.499,-0.478,-0.021,-0.377,0.636,-0.418,-0.464,-0.686,-0.646,-0.683,-0.569,0.203,1.0,-0.201,0.781,-0.168,-0.903,0.104,-0.847,-0.777,0.804,0.85,0.244,0.378,-0.236,0.58,-0.313,-0.338,-0.581,0.83,-0.175,0.516,0.869,0.446,-0.383,0.628,0.275,-0.783,0.891,0.121,-0.772,-0.757,0.845,-0.788,-0.543,0.427,0.28,0.23,0.758,0.546,-0.352,-0.806,-0.182,0.815,0.467,0.862,0.06,0.455,-0.844,0.155,0.826,-0.276,0.715,-0.637,0.746,-0.79,-0.374,0.491,0.345,-0.407,-0.747,-0.786,0.161,0.526,-0.771,-0.843,-0.641,-0.537,0.771,0.585,-0.618,0.123,-0.626,-0.802,-0.553,-0.032,-0.565,-0.747,0.794,-0.384,-0.682,0.353,0.613,0.636,-0.659,-0.219,0.214,-0.673,-0.787,0.523,-0.833,0.305,-0.735,-0.698,0.068,-0.644,0.06,-0.834,0.515,-0.218,-0.905,-0.66,0.867,-0.221,0.945,0.687,-0.701,-0.327,-0.721,0.572,0.803,-0.838,-0.328,-0.013,0.735,-0.19,-0.866,-0.793,-0.727,-0.363,-0.136,0.086,-0.608,0.441,-0.761,0.117,0.208,-0.464,-0.863,-0.084,0.142,-0.87,-0.095,-0.739,-0.342,-0.386,-0.748,-0.388,0.94,0.041,-0.659,-0.598,-0.282,0.688,-0.161,0.872,-0.03,-0.688,0.515,-0.23,-0.751,0.838,0.844,-0.118,0.492,-0.606,-0.527,0.058,-0.626,-0.664,-0.785,-0.838,-0.626,0.867,-0.742,-0.218,-0.576,-0.645,-0.416,-0.838,-0.783,-0.26,-0.439,-0.571,-0.602,-0.358,0.818,-0.152,-0.836,-0.467,0.839,-0.694,-0.113,-0.159,-0.829,0.846,-0.083,-0.546,-0.847,0.329,-0.72,0.921,0.902,0.743,-0.732,-0.703
000963SZ,0.267,0.031,-0.055,0.429,-0.288,0.251,0.357,0.228,0.017,-0.027,0.684,0.174,0.586,0.221,0.438,-0.018,0.53,-0.042,0.515,0.144,0.31,0.018,0.045,-0.201,1.0,-0.477,-0.02,0.179,-0.032,0.403,0.321,-0.41,-0.256,0.024,0.063,0.52,0.218,-0.193,0.233,0.079,-0.324,0.438,-0.075,-0.352,0.158,0.314,0.074,0.127,0.149,-0.356,0.368,0.246,0.242,0.036,-0.068,0.281,0.403,0.325,0.266,0.029,-0.153,0.259,0.149,0.684,-0.011,0.041,-0.147,0.318,-0.351,0.256,-0.04,-0.384,0.459,0.081,-0.105,-0.05,-0.076,0.471,0.251,0.419,-0.253,0.342,0.21,0.519,0.083,0.048,0.024,0.222,0.347,-0.032,-0.631,0.376,0.385,0.495,0.034,0.201,-0.129,-0.179,0.211,-0.412,0.246,0.523,0.495,0.161,-0.34,0.371,0.559,0.353,0.496,0.363,0.483,0.211,-0.124,0.468,0.408,-0.569,0.171,-0.494,0.445,-0.188,0.051,0.173,0.32,-0.416,0.011,-0.158,0.067,0.497,-0.426,0.398,0.017,0.118,0.39,0.59,-0.344,0.167,0.477,0.324,0.055,0.172,0.199,0.589,0.115,0.479,0.465,0.0,0.456,-0.063,-0.163,0.263,0.546,0.61,0.197,0.643,0.096,0.442,0.368,0.114,0.605,-0.292,0.43,0.082,0.57,0.564,-0.169,0.664,-0.01,0.57,0.313,0.209,0.375,0.389,-0.301,-0.06,0.436,0.143,0.465,0.555,0.544,0.581,0.507,0.06,0.353,0.213,-0.314,0.34,0.542,0.519,0.413,0.525,0.25,0.442,0.38,0.274,0.507,0.268,0.231,-0.352,-0.171,0.161,0.311,-0.29,0.101,0.703,0.687,0.025,-0.219,-0.229,0.375,0.283,0.438,0.134,-0.214,-0.369,-0.456,0.27,0.519
000999SZ,-0.406,-0.048,-0.595,-0.699,0.576,-0.142,-0.568,-0.662,-0.176,0.411,-0.544,-0.385,-0.766,-0.211,-0.717,0.395,-0.63,-0.347,-0.848,-0.593,-0.651,-0.605,0.289,0.781,-0.477,1.0,-0.053,-0.75,0.228,-0.871,-0.727,0.909,0.852,0.275,0.242,-0.565,0.142,-0.037,-0.271,-0.484,0.869,-0.389,0.686,0.919,0.2,-0.73,0.434,-0.027,-0.706,0.926,-0.271,-0.657,-0.714,0.666,-0.53,-0.696,0.104,-0.184,0.1,0.631,0.473,-0.397,-0.646,-0.537,0.619,0.259,0.782,-0.037,0.3,-0.864,0.161,0.704,-0.669,0.652,-0.459,0.367,-0.624,-0.537,0.294,0.032,-0.094,-0.865,-0.724,-0.251,0.337,-0.583,-0.708,-0.561,-0.62,0.652,0.869,-0.881,-0.26,-0.831,-0.697,-0.453,0.125,-0.513,-0.698,0.914,-0.332,-0.807,-0.032,0.238,0.84,-0.873,-0.596,0.124,-0.834,-0.866,0.143,-0.622,0.583,-0.821,-0.806,0.274,-0.656,0.209,-0.857,0.536,0.02,-0.788,-0.635,0.859,-0.103,0.835,0.535,-0.706,0.095,-0.689,0.399,0.573,-0.89,-0.559,0.395,0.526,-0.273,-0.829,-0.704,-0.639,-0.232,-0.583,0.025,-0.731,0.058,-0.679,-0.268,-0.011,-0.241,-0.803,-0.571,-0.339,-0.801,-0.513,-0.655,-0.552,-0.556,-0.665,-0.746,0.77,-0.374,-0.52,-0.817,-0.608,0.72,-0.597,0.668,-0.307,-0.682,0.346,-0.543,-0.809,0.819,0.678,-0.55,0.025,-0.734,-0.837,-0.306,-0.918,-0.861,-0.609,-0.74,-0.711,0.92,-0.883,-0.34,-0.717,-0.716,-0.505,-0.774,-0.851,-0.579,-0.436,-0.709,-0.63,-0.424,0.658,0.191,-0.801,-0.363,0.756,-0.547,-0.456,-0.406,-0.577,0.839,0.109,-0.639,-0.848,-0.253,-0.725,0.851,0.869,0.751,-0.808,-0.833
001965SZ,0.069,-0.172,0.357,0.3,-0.231,-0.153,0.572,0.201,-0.08,-0.127,-0.142,0.095,-0.096,-0.001,0.222,-0.051,0.054,-0.338,0.239,0.012,0.214,-0.159,0.012,-0.168,-0.02,-0.053,1.0,0.276,-0.227,0.371,0.436,-0.086,0.081,0.123,0.499,0.148,-0.255,-0.001,0.158,0.323,0.131,0.238,0.108,-0.172,0.097,0.164,0.03,0.343,0.262,-0.081,-0.317,0.204,0.46,-0.268,0.419,0.549,-0.184,-0.098,0.276,-0.146,0.169,0.145,0.359,-0.194,-0.216,0.566,-0.049,-0.066,0.435,0.281,0.451,-0.236,0.156,-0.003,0.335,-0.025,0.159,0.492,0.125,-0.06,0.506,0.306,0.307,-0.499,-0.117,0.403,0.287,0.298,0.021,-0.173,0.149,0.075,0.214,-0.065,0.265,0.171,-0.097,0.318,0.299,-0.129,0.665,-0.047,-0.407,-0.611,-0.003,0.136,0.122,-0.38,0.06,0.265,-0.306,0.421,0.254,0.367,0.249,0.187,0.249,0.076,0.277,0.328,0.642,0.27,0.076,-0.279,-0.103,-0.168,-0.034,0.094,0.526,0.198,-0.018,-0.113,0.166,0.321,0.521,-0.369,0.121,0.312,0.388,0.211,0.614,-0.375,0.293,0.091,-0.344,0.178,0.037,0.609,0.037,0.456,-0.028,-0.391,0.201,-0.397,0.274,0.189,0.277,0.352,-0.011,-0.09,-0.046,0.381,-0.056,0.241,-0.056,0.132,-0.279,-0.239,0.333,0.063,0.091,0.138,-0.034,0.009,-0.362,0.123,0.009,-0.219,0.159,0.026,0.255,0.311,0.3,0.319,-0.138,0.213,0.456,0.077,0.175,0.242,0.317,0.198,-0.526,0.401,0.379,0.4,0.495,0.214,0.462,0.234,0.479,-0.38,0.346,-0.072,0.194,0.111,-0.096,-0.241,0.495,0.26,-0.304,-0.018,-0.153,-0.039,-0.003,0.074,0.034
002001SZ,0.593,0.243,0.84,0.767,-0.306,-0.023,0.68,0.841,0.479,-0.496,0.316,0.632,0.51,0.133,0.367,-0.494,0.573,0.477,0.679,0.747,0.822,0.573,-0.079,-0.903,0.179,-0.75,0.276,1.0,0.017,0.84,0.792,-0.706,-0.802,0.024,-0.353,0.281,-0.557,0.431,0.536,0.676,-0.741,0.257,-0.402,-0.858,-0.492,0.518,-0.679,-0.167,0.909,-0.87,-0.09,0.901,0.84,-0.899,0.859,0.694,-0.459,-0.082,-0.334,-0.71,-0.313,0.591,0.927,0.226,-0.811,-0.358,-0.863,0.148,-0.222,0.88,0.004,-0.683,0.361,-0.73,0.546,-0.633,0.884,0.45,-0.391,-0.279,0.576,0.74,0.934,-0.21,-0.68,0.91,0.942,0.768,0.691,-0.86,-0.592,0.682,-0.081,0.706,0.911,0.747,0.123,0.744,0.904,-0.707,0.524,0.774,-0.467,-0.626,-0.562,0.754,0.098,-0.141,0.718,0.771,-0.434,0.93,-0.199,0.756,0.798,-0.097,0.638,-0.141,0.852,-0.44,0.29,0.919,0.809,-0.812,0.404,-0.91,-0.595,0.793,0.457,0.822,-0.475,-0.865,0.901,0.382,0.078,-0.757,0.352,0.932,0.796,0.88,0.396,0.073,-0.113,0.744,-0.46,0.785,0.094,0.007,0.624,0.885,0.17,-0.248,0.964,0.058,0.901,0.53,0.591,0.901,0.489,-0.801,0.124,0.851,0.549,0.405,-0.599,0.262,-0.791,0.141,0.846,-0.337,0.385,0.864,-0.715,-0.797,0.045,-0.381,0.725,0.523,0.088,0.622,0.655,0.926,0.939,0.718,-0.862,0.8,0.345,0.706,0.807,0.465,0.944,0.892,0.203,0.605,0.491,0.777,0.61,-0.583,0.305,0.919,0.456,-0.779,0.825,0.002,0.175,0.895,-0.836,0.204,0.638,0.93,-0.314,0.753,-0.912,-0.871,-0.704,0.769,0.775
002007SZ,0.401,0.715,-0.008,0.168,0.535,0.002,-0.308,0.218,0.649,0.3,-0.05,0.245,-0.008,0.084,-0.599,0.058,0.227,0.488,-0.491,0.338,0.27,-0.013,0.636,0.104,-0.032,0.228,-0.227,0.017,1.0,-0.333,-0.427,0.261,0.086,0.448,-0.602,-0.545,-0.228,0.616,0.537,-0.282,0.117,-0.344,0.589,0.269,-0.484,-0.291,-0.353,-0.422,-0.092,0.162,-0.304,0.296,-0.266,0.027,0.07,-0.394,-0.257,-0.041,-0.414,0.145,0.309,0.387,0.099,-0.113,-0.055,-0.47,-0.016,0.674,-0.246,-0.219,0.058,0.222,-0.428,-0.103,-0.332,-0.238,0.112,-0.362,0.064,0.004,0.155,-0.479,0.154,0.044,-0.472,0.15,-0.005,0.187,0.41,-0.054,0.082,-0.303,-0.539,0.034,0.003,0.361,0.652,-0.029,0.126,0.429,-0.32,0.046,-0.147,0.138,0.561,-0.192,-0.621,0.622,-0.03,-0.425,0.227,0.048,0.601,-0.368,-0.073,-0.261,-0.472,-0.295,-0.253,-0.203,-0.043,-0.256,0.423,0.343,0.746,0.15,0.172,0.149,0.149,-0.042,-0.048,-0.169,-0.039,-0.443,0.009,0.19,0.294,-0.132,-0.259,0.318,-0.349,-0.261,-0.561,0.201,-0.012,-0.246,0.072,-0.371,0.437,-0.335,-0.175,-0.208,0.044,-0.227,0.144,0.056,0.149,0.067,-0.101,0.13,0.196,0.197,-0.048,-0.153,0.489,-0.081,0.243,0.217,0.053,0.386,0.024,0.169,0.116,-0.131,-0.307,-0.26,0.249,-0.078,0.056,-0.326,-0.403,0.219,0.087,-0.351,0.209,-0.334,-0.026,0.241,0.239,-0.048,-0.07,0.057,-0.107,0.074,-0.494,0.105,0.13,0.018,0.246,-0.081,-0.321,0.365,0.211,-0.457,-0.162,0.246,0.189,0.668,-0.435,-0.1,-0.264,0.055,0.128,0.075,-0.133,-0.28,0.068
002027SZ,0.403,-0.031,0.675,0.733,-0.587,-0.008,0.779,0.715,0.152,-0.536,0.429,0.452,0.591,0.13,0.658,-0.514,0.55,0.194,0.871,0.526,0.707,0.459,-0.262,-0.847,0.403,-0.871,0.371,0.84,-0.333,1.0,0.89,-0.832,-0.754,-0.244,-0.006,0.571,-0.328,0.085,0.342,0.655,-0.739,0.497,-0.585,-0.903,-0.179,0.63,-0.401,0.046,0.776,-0.87,0.079,0.704,0.866,-0.733,0.681,0.812,-0.185,0.002,0.033,-0.663,-0.372,0.418,0.761,0.359,-0.687,-0.067,-0.744,-0.031,-0.197,0.904,0.084,-0.775,0.586,-0.546,0.572,-0.464,0.642,0.666,-0.255,-0.077,0.348,0.897,0.778,-0.061,-0.363,0.7,0.756,0.601,0.528,-0.667,-0.71,0.768,0.256,0.687,0.752,0.522,-0.145,0.557,0.755,-0.9,0.609,0.721,-0.2,-0.557,-0.749,0.796,0.529,-0.265,0.732,0.905,-0.347,0.815,-0.388,0.909,0.809,-0.161,0.719,-0.117,0.927,-0.35,0.317,0.87,0.624,-0.926,0.055,-0.851,-0.54,0.711,0.187,0.746,-0.459,-0.597,0.892,0.624,-0.063,-0.644,0.337,0.905,0.78,0.654,0.555,0.31,0.108,0.677,-0.251,0.702,0.14,0.16,0.257,0.93,0.363,0.081,0.809,0.275,0.683,0.549,0.55,0.741,0.611,-0.793,0.169,0.627,0.655,0.605,-0.755,0.459,-0.761,0.167,0.786,-0.339,0.414,0.776,-0.774,-0.63,0.266,-0.16,0.652,0.593,0.238,0.798,0.839,0.682,0.848,0.78,-0.871,0.87,0.515,0.663,0.7,0.615,0.859,0.841,0.272,0.547,0.794,0.683,0.569,-0.611,0.121,0.828,0.599,-0.875,0.681,0.389,0.404,0.615,-0.792,-0.177,0.799,0.885,-0.036,0.606,-0.862,-0.846,-0.663,0.804,0.755
002028SZ,0.226,-0.299,0.602,0.574,-0.654,0.034,0.842,0.532,-0.01,-0.615,0.355,0.285,0.47,0.016,0.703,-0.326,0.358,-0.042,0.875,0.307,0.516,0.367,-0.353,-0.777,0.321,-0.727,0.436,0.792,-0.427,0.89,1.0,-0.749,-0.622,-0.123,0.109,0.633,-0.262,-0.123,0.161,0.689,-0.634,0.431,-0.609,-0.871,-0.08,0.596,-0.282,0.245,0.788,-0.784,0.106,0.551,0.868,-0.693,0.686,0.823,-0.112,-0.005,0.017,-0.572,-0.497,0.239,0.72,0.332,-0.564,0.076,-0.623,-0.167,-0.06,0.845,-0.087,-0.737,0.613,-0.433,0.696,-0.327,0.602,0.698,-0.221,-0.132,0.348,0.895,0.655,-0.164,-0.193,0.634,0.726,0.478,0.294,-0.603,-0.582,0.728,0.314,0.534,0.679,0.389,-0.402,0.542,0.63,-0.809,0.74,0.593,-0.223,-0.625,-0.748,0.722,0.501,-0.397,0.556,0.827,-0.367,0.729,-0.424,0.864,0.705,-0.041,0.822,-0.146,0.873,-0.164,0.328,0.886,0.432,-0.914,-0.165,-0.783,-0.458,0.621,0.254,0.703,-0.254,-0.548,0.75,0.748,0.093,-0.65,0.2,0.841,0.732,0.506,0.604,0.231,0.304,0.511,-0.348,0.685,0.1,0.256,0.136,0.947,0.263,-0.046,0.743,0.205,0.626,0.422,0.409,0.677,0.495,-0.781,-0.027,0.583,0.44,0.47,-0.711,0.304,-0.77,0.031,0.651,-0.468,0.276,0.59,-0.614,-0.503,0.178,-0.136,0.431,0.487,0.128,0.732,0.764,0.595,0.742,0.781,-0.812,0.844,0.447,0.449,0.538,0.465,0.792,0.712,0.177,0.516,0.757,0.632,0.436,-0.458,0.082,0.742,0.662,-0.88,0.509,0.349,0.415,0.527,-0.779,-0.353,0.847,0.798,-0.071,0.493,-0.799,-0.75,-0.591,0.782,0.665
002050SZ,-0.228,0.082,-0.489,-0.638,0.741,-0.077,-0.597,-0.529,-0.041,0.566,-0.354,-0.236,-0.685,-0.011,-0.68,0.393,-0.478,-0.227,-0.797,-0.436,-0.514,-0.536,0.278,0.804,-0.41,0.909,-0.086,-0.706,0.261,-0.832,-0.749,1.0,0.807,0.356,0.231,-0.449,0.231,0.063,-0.142,-0.368,0.864,-0.231,0.671,0.888,0.195,-0.583,0.399,0.041,-0.636,0.913,-0.163,-0.566,-0.648,0.643,-0.581,-0.621,0.124,0.046,-0.016,0.596,0.622,-0.211,-0.628,-0.368,0.598,0.268,0.742,0.075,0.36,-0.808,0.298,0.794,-0.519,0.629,-0.622,0.421,-0.587,-0.502,0.296,0.132,-0.082,-0.838,-0.623,-0.119,0.183,-0.529,-0.646,-0.529,-0.452,0.512,0.769,-0.782,-0.165,-0.737,-0.629,-0.312,0.229,-0.426,-0.597,0.912,-0.352,-0.659,0.034,0.273,0.843,-0.73,-0.61,0.192,-0.704,-0.827,0.266,-0.576,0.547,-0.757,-0.68,0.127,-0.6,0.237,-0.806,0.493,-0.064,-0.781,-0.516,0.893,0.016,0.834,0.551,-0.611,0.038,-0.577,0.351,0.537,-0.792,-0.527,0.229,0.547,-0.121,-0.783,-0.723,-0.537,-0.291,-0.564,-0.014,-0.62,0.144,-0.605,-0.13,0.066,-0.118,-0.81,-0.463,-0.273,-0.741,-0.391,-0.569,-0.35,-0.367,-0.596,-0.585,0.851,-0.231,-0.441,-0.72,-0.421,0.673,-0.465,0.754,-0.135,-0.533,0.49,-0.394,-0.699,0.91,0.67,-0.465,0.149,-0.592,-0.727,-0.196,-0.845,-0.847,-0.545,-0.67,-0.609,0.875,-0.804,-0.322,-0.591,-0.588,-0.477,-0.685,-0.761,-0.469,-0.341,-0.788,-0.536,-0.268,0.702,0.206,-0.707,-0.451,0.804,-0.427,-0.437,-0.402,-0.529,0.823,0.205,-0.56,-0.752,-0.121,-0.644,0.849,0.869,0.779,-0.72,-0.745
002129SZ,-0.33,-0.161,-0.709,-0.571,0.454,0.075,-0.363,-0.659,-0.313,0.548,-0.297,-0.404,-0.514,0.077,-0.42,0.588,-0.45,-0.545,-0.682,-0.644,-0.612,-0.669,0.361,0.85,-0.256,0.852,0.081,-0.802,0.086,-0.754,-0.622,0.807,1.0,0.364,0.43,-0.303,0.432,-0.252,-0.245,-0.445,0.929,-0.094,0.614,0.898,0.555,-0.551,0.741,0.288,-0.706,0.897,-0.008,-0.692,-0.583,0.845,-0.649,-0.516,0.369,0.094,0.311,0.842,0.46,-0.328,-0.635,-0.357,0.846,0.529,0.953,0.057,0.364,-0.855,0.277,0.606,-0.392,0.863,-0.538,0.607,-0.809,-0.254,0.66,0.364,-0.13,-0.754,-0.719,-0.036,0.491,-0.655,-0.812,-0.582,-0.591,0.731,0.708,-0.723,0.118,-0.763,-0.791,-0.433,-0.052,-0.651,-0.717,0.786,-0.107,-0.778,0.223,0.327,0.7,-0.789,-0.234,0.205,-0.705,-0.759,0.357,-0.637,0.454,-0.612,-0.626,0.081,-0.611,0.021,-0.728,0.707,0.191,-0.801,-0.655,0.774,-0.257,0.908,0.773,-0.594,-0.146,-0.656,0.587,0.804,-0.823,-0.217,0.202,0.719,-0.063,-0.775,-0.791,-0.685,0.015,-0.375,0.216,-0.608,0.368,-0.727,0.049,0.21,-0.37,-0.736,-0.27,-0.027,-0.841,-0.299,-0.67,-0.305,-0.371,-0.64,-0.487,0.778,-0.162,-0.52,-0.672,-0.27,0.742,-0.276,0.802,-0.104,-0.581,0.533,-0.303,-0.769,0.806,0.844,-0.272,0.301,-0.676,-0.682,0.011,-0.694,-0.68,-0.701,-0.706,-0.587,0.916,-0.734,-0.018,-0.607,-0.615,-0.24,-0.723,-0.794,-0.535,-0.236,-0.516,-0.472,-0.322,0.707,0.105,-0.814,-0.112,0.748,-0.591,-0.162,-0.022,-0.749,0.919,-0.143,-0.434,-0.792,0.058,-0.803,0.926,0.846,0.672,-0.719,-0.735
002179SZ,0.461,0.27,-0.026,0.185,0.457,0.413,0.141,0.145,0.382,0.532,0.242,0.241,0.167,0.431,-0.234,0.542,0.257,0.016,-0.192,0.142,0.197,-0.172,0.654,0.244,0.024,0.275,0.123,0.024,0.448,-0.244,-0.123,0.356,0.364,1.0,-0.167,-0.032,0.231,0.25,0.456,0.04,0.397,0.23,0.429,0.268,0.141,-0.002,0.203,0.265,0.128,0.246,0.193,0.209,0.018,0.19,0.003,0.017,0.2,0.432,-0.269,0.494,0.276,0.459,0.201,0.118,0.312,0.093,0.284,0.635,0.195,-0.196,0.226,0.237,0.038,0.281,-0.275,0.266,-0.025,0.124,0.548,0.372,0.349,-0.277,0.157,0.027,-0.189,0.189,-0.011,0.179,0.227,-0.036,0.163,-0.127,0.05,-0.027,-0.007,0.419,0.134,0.006,0.129,0.408,0.245,0.027,-0.039,0.099,0.365,-0.124,-0.344,0.55,-0.011,-0.224,0.396,0.103,0.392,-0.078,0.15,-0.116,-0.187,-0.247,-0.12,0.424,0.327,-0.135,0.22,0.254,0.369,0.288,0.578,0.253,0.175,0.186,0.528,0.108,-0.053,0.099,0.087,0.294,0.492,0.004,-0.334,0.227,0.149,-0.181,0.014,0.212,0.194,-0.156,0.544,0.232,0.378,-0.122,0.096,-0.134,0.033,-0.085,0.24,0.353,0.317,0.222,0.087,0.273,0.281,0.372,-0.179,0.12,0.458,0.156,0.372,0.34,0.232,0.541,0.367,0.064,0.404,0.302,-0.084,0.208,0.108,-0.106,0.413,-0.126,-0.18,0.174,0.077,0.011,0.235,-0.078,0.233,0.167,0.224,0.198,0.098,0.016,-0.113,0.503,-0.448,0.347,0.291,0.394,0.438,-0.001,0.168,0.392,0.132,-0.223,0.242,0.063,0.249,0.221,0.03,0.008,-0.018,-0.107,0.263,0.128,0.043,-0.166,0.051
002230SZ,-0.405,-0.615,-0.255,-0.303,-0.239,-0.141,0.203,-0.352,-0.535,0.008,-0.086,-0.376,-0.331,-0.075,0.285,0.142,-0.345,-0.78,0.063,-0.598,-0.363,-0.395,-0.243,0.378,0.063,0.242,0.499,-0.353,-0.602,-0.006,0.109,0.231,0.43,-0.167,1.0,0.355,0.296,-0.559,-0.325,0.099,0.451,0.275,0.042,0.193,0.545,0.026,0.538,0.524,-0.26,0.338,0.055,-0.504,0.022,0.325,-0.251,0.213,0.334,0.077,0.617,0.204,0.228,-0.38,-0.313,-0.095,0.353,0.872,0.463,-0.339,0.512,-0.154,0.35,0.191,0.188,0.519,0.006,0.474,-0.489,0.334,0.265,0.272,-0.06,0.043,-0.37,-0.194,0.505,-0.344,-0.354,-0.384,-0.533,0.403,0.242,-0.121,0.537,-0.412,-0.36,-0.412,-0.472,-0.213,-0.356,0.053,0.362,-0.393,0.09,-0.132,0.037,-0.178,0.353,-0.404,-0.316,-0.067,0.017,-0.245,0.017,0.05,-0.2,0.107,0.027,0.074,-0.088,0.515,0.208,-0.214,-0.507,0.071,-0.638,0.333,0.275,-0.41,-0.032,-0.267,0.177,0.506,-0.313,0.333,0.258,0.162,-0.115,-0.232,-0.133,-0.515,0.351,-0.105,0.467,-0.415,0.074,-0.27,-0.047,0.618,-0.572,-0.022,-0.047,0.021,-0.422,-0.098,-0.407,-0.077,-0.159,-0.315,-0.12,0.365,-0.219,-0.311,-0.312,0.157,-0.02,0.005,0.203,-0.244,-0.192,0.052,-0.184,-0.438,0.321,0.567,-0.136,0.366,-0.469,-0.35,0.012,-0.122,-0.013,-0.447,-0.3,0.041,0.272,-0.091,0.238,-0.412,-0.405,0.002,-0.244,-0.34,-0.404,-0.079,0.29,-0.195,0.031,0.472,-0.01,-0.313,0.195,0.006,-0.287,0.266,0.165,-0.606,0.296,-0.665,0.308,-0.268,0.202,-0.555,0.344,0.407,0.47,-0.145,-0.348
002236SZ,0.07,-0.484,0.143,0.25,-0.506,0.303,0.577,0.229,-0.209,-0.127,0.651,-0.006,0.548,0.192,0.749,0.035,0.304,-0.321,0.764,-0.031,0.214,0.1,-0.369,-0.236,0.52,-0.565,0.148,0.281,-0.545,0.571,0.633,-0.449,-0.303,-0.032,0.355,1.0,0.453,-0.512,-0.028,0.5,-0.355,0.739,-0.604,-0.548,0.361,0.717,0.197,0.619,0.413,-0.412,0.61,0.115,0.497,-0.154,0.083,0.673,0.435,0.536,0.14,-0.148,-0.337,0.109,0.241,0.73,-0.032,0.391,-0.181,-0.014,0.136,0.549,-0.006,-0.311,0.924,-0.013,0.222,0.272,0.115,0.713,0.107,0.419,-0.101,0.709,0.233,0.338,0.223,0.103,0.227,0.056,0.073,-0.206,-0.581,0.656,0.715,0.393,0.22,0.071,-0.655,0.177,0.22,-0.573,0.515,0.466,0.347,-0.056,-0.693,0.629,0.696,-0.126,0.388,0.624,0.264,0.193,-0.609,0.655,0.524,-0.206,0.682,-0.13,0.548,0.082,-0.012,0.443,0.117,-0.557,-0.415,-0.284,-0.041,0.349,-0.272,0.448,0.081,0.017,0.467,0.837,-0.304,-0.109,0.2,0.469,0.258,0.087,0.372,0.554,0.384,0.294,0.197,0.29,0.426,0.42,-0.248,0.519,0.593,0.466,0.296,0.627,0.2,0.447,0.303,0.235,0.601,-0.274,0.236,0.155,0.348,0.599,-0.601,0.574,-0.24,0.247,0.379,-0.163,0.494,0.268,-0.207,0.058,0.537,0.441,0.254,0.512,0.456,0.742,0.623,0.058,0.292,0.661,-0.484,0.659,0.388,0.275,0.265,0.401,0.403,0.388,0.511,0.334,0.538,0.324,0.253,-0.099,-0.244,0.41,0.389,-0.402,0.127,0.68,0.509,-0.02,-0.43,-0.588,0.785,0.465,0.596,0.131,-0.36,-0.404,-0.247,0.595,0.518
002241SZ,-0.143,-0.382,-0.576,-0.292,0.033,0.529,-0.127,-0.385,-0.33,0.57,0.424,-0.36,0.253,0.324,0.267,0.682,0.008,-0.448,-0.015,-0.434,-0.373,-0.228,0.085,0.58,0.218,0.142,-0.255,-0.557,-0.228,-0.328,-0.262,0.231,0.432,0.231,0.296,0.453,1.0,-0.617,-0.264,-0.142,0.325,0.401,-0.116,0.311,0.732,0.155,0.742,0.683,-0.359,0.351,0.789,-0.524,-0.308,0.669,-0.651,-0.109,0.796,0.705,0.269,0.621,-0.016,-0.161,-0.492,0.433,0.764,0.458,0.588,0.099,0.251,-0.36,-0.073,0.33,0.457,0.579,-0.36,0.827,-0.602,0.159,0.561,0.675,-0.492,-0.144,-0.476,0.591,0.625,-0.565,-0.54,-0.429,-0.284,0.486,-0.021,0.044,0.668,-0.116,-0.537,-0.34,-0.498,-0.464,-0.45,0.171,-0.07,-0.16,0.723,0.701,-0.051,-0.142,0.4,0.308,-0.123,-0.17,0.701,-0.604,-0.292,-0.122,-0.124,-0.138,-0.081,-0.095,-0.279,0.466,-0.261,-0.403,-0.415,0.303,-0.439,0.57,0.617,-0.219,-0.674,-0.223,0.696,0.718,-0.292,0.333,-0.498,0.699,0.091,-0.356,-0.542,-0.485,-0.095,0.514,0.334,-0.177,0.738,-0.413,0.554,0.272,-0.44,-0.366,0.531,0.685,-0.469,0.551,-0.411,0.146,-0.029,-0.421,0.263,0.435,0.361,-0.414,-0.048,0.242,0.17,0.398,0.614,0.346,-0.288,0.321,0.357,-0.362,0.436,0.669,0.596,0.77,-0.211,0.129,0.499,0.152,0.0,-0.589,-0.487,-0.026,0.332,-0.069,0.012,-0.169,-0.272,0.065,-0.373,-0.339,0.4,-0.015,-0.143,-0.199,-0.251,0.399,-0.432,-0.365,-0.049,0.5,-0.53,0.483,0.369,-0.672,0.369,-0.451,-0.018,-0.328,0.838,-0.351,0.506,0.359,0.275,-0.131,-0.092
002271SZ,0.635,0.872,0.497,0.415,0.537,-0.171,-0.075,0.572,0.78,0.084,-0.08,0.677,-0.007,0.197,-0.488,-0.382,0.376,0.809,-0.221,0.721,0.584,0.31,0.465,-0.313,-0.193,-0.037,-0.001,0.431,0.616,0.085,-0.123,0.063,-0.252,0.25,-0.559,-0.512,-0.617,1.0,0.673,0.129,-0.107,-0.128,0.359,-0.033,-0.578,-0.163,-0.583,-0.617,0.324,-0.171,-0.414,0.66,0.153,-0.408,0.44,-0.064,-0.598,-0.233,-0.432,-0.27,0.346,0.62,0.427,-0.235,-0.474,-0.558,-0.398,0.421,-0.231,0.126,0.314,-0.049,-0.401,-0.405,-0.122,-0.596,0.482,-0.233,-0.211,-0.309,0.556,-0.143,0.543,-0.26,-0.844,0.571,0.426,0.54,0.644,-0.496,0.018,-0.09,-0.61,0.215,0.456,0.683,0.87,0.373,0.538,0.103,-0.112,0.275,-0.527,-0.281,0.309,0.063,-0.607,0.28,0.272,-0.021,-0.271,0.52,0.509,-0.0,0.213,-0.113,-0.179,0.072,0.107,-0.313,0.214,0.159,0.638,0.044,0.895,-0.253,-0.217,0.345,0.467,0.296,-0.448,-0.537,0.315,-0.46,0.154,-0.28,0.355,0.264,0.171,0.656,-0.061,-0.435,-0.512,0.409,-0.304,0.256,-0.07,-0.319,0.819,0.066,-0.251,-0.446,0.404,-0.369,0.499,0.259,0.367,0.476,-0.011,-0.109,0.116,0.559,0.147,-0.003,0.125,-0.11,-0.122,0.15,0.447,0.254,0.109,0.483,-0.191,-0.469,-0.338,-0.477,0.485,-0.022,-0.077,-0.18,-0.126,0.625,0.469,-0.025,-0.1,-0.025,0.036,0.442,0.489,0.127,0.355,0.356,-0.172,0.267,-0.294,0.363,0.411,-0.215,0.6,0.315,-0.085,0.021,0.631,-0.556,-0.282,0.649,-0.084,0.844,-0.162,0.298,-0.595,0.369,-0.229,-0.233,-0.197,0.013,0.156
002304SZ,0.907,0.648,0.459,0.649,0.319,0.031,0.371,0.839,0.885,0.186,0.361,0.685,0.377,0.436,-0.074,-0.248,0.647,0.441,0.069,0.722,0.865,0.236,0.606,-0.338,0.233,-0.271,0.158,0.536,0.537,0.342,0.161,-0.142,-0.245,0.456,-0.325,-0.028,-0.264,0.673,1.0,0.433,-0.144,0.322,0.264,-0.227,-0.356,0.226,-0.397,-0.162,0.491,-0.338,-0.054,0.748,0.47,-0.353,0.467,0.283,-0.317,0.158,-0.291,-0.167,0.294,0.844,0.621,0.169,-0.312,-0.207,-0.323,0.762,-0.183,0.329,0.462,-0.117,0.073,-0.243,-0.128,-0.352,0.394,0.238,0.14,0.246,0.621,0.096,0.72,-0.059,-0.707,0.666,0.47,0.553,0.783,-0.436,-0.274,0.242,-0.057,0.447,0.47,0.889,0.517,0.39,0.667,-0.117,0.347,0.439,-0.288,-0.257,0.088,0.332,-0.196,0.453,0.515,0.244,0.008,0.647,0.358,0.378,0.596,-0.334,-0.014,-0.337,0.414,-0.186,0.36,0.28,0.859,-0.175,0.789,-0.294,0.119,0.595,0.384,0.479,-0.253,-0.376,0.578,0.102,0.027,-0.086,0.777,0.514,0.211,0.774,0.289,-0.087,-0.436,0.654,-0.048,0.194,0.365,0.043,0.737,0.306,0.141,-0.158,0.538,-0.093,0.691,0.729,0.729,0.663,0.429,-0.201,0.38,0.75,0.388,0.514,-0.043,0.375,-0.049,0.406,0.78,0.356,0.531,0.662,-0.299,-0.294,-0.061,-0.145,0.673,0.194,0.376,0.205,0.202,0.66,0.684,0.399,-0.263,0.333,0.47,0.69,0.704,0.601,0.619,0.578,-0.036,0.691,-0.002,0.716,0.743,-0.204,0.595,0.501,0.229,-0.043,0.801,-0.232,0.125,0.542,-0.184,0.424,0.282,0.55,-0.181,0.311,-0.308,-0.425,-0.41,0.323,0.54
002311SZ,0.442,-0.109,0.593,0.374,-0.165,-0.08,0.664,0.65,0.33,-0.288,0.35,0.474,0.302,0.305,0.395,-0.37,0.298,0.067,0.562,0.396,0.591,0.365,-0.11,-0.581,0.079,-0.484,0.323,0.676,-0.282,0.655,0.689,-0.368,-0.445,0.04,0.099,0.5,-0.142,0.129,0.433,1.0,-0.365,0.573,-0.407,-0.585,-0.037,0.462,-0.229,0.239,0.749,-0.549,0.144,0.508,0.805,-0.57,0.566,0.62,-0.241,0.095,-0.13,-0.478,-0.189,0.377,0.65,0.28,-0.413,0.102,-0.445,0.061,0.067,0.648,0.203,-0.414,0.489,-0.286,0.342,-0.248,0.481,0.561,-0.19,0.074,0.581,0.638,0.621,-0.193,-0.385,0.607,0.644,0.362,0.348,-0.612,-0.325,0.533,0.265,0.352,0.592,0.564,-0.183,0.565,0.574,-0.524,0.664,0.463,-0.301,-0.568,-0.461,0.552,0.198,-0.233,0.477,0.657,-0.309,0.66,-0.214,0.725,0.639,-0.012,0.666,0.052,0.709,0.023,0.295,0.697,0.456,-0.565,0.053,-0.561,-0.253,0.447,0.392,0.606,-0.274,-0.442,0.662,0.505,0.066,-0.463,0.321,0.723,0.527,0.52,0.571,-0.019,0.141,0.375,-0.313,0.539,0.104,0.277,0.392,0.702,0.114,-0.2,0.597,0.036,0.629,0.563,0.502,0.635,0.418,-0.474,-0.047,0.623,0.29,0.521,-0.626,0.2,-0.463,0.047,0.71,-0.235,0.373,0.475,-0.37,-0.313,0.075,-0.055,0.376,0.261,0.107,0.475,0.495,0.566,0.656,0.766,-0.542,0.689,0.288,0.358,0.472,0.466,0.752,0.526,0.123,0.568,0.368,0.603,0.508,-0.28,0.35,0.706,0.488,-0.479,0.642,0.049,0.132,0.451,-0.513,-0.159,0.74,0.701,-0.091,0.339,-0.558,-0.556,-0.329,0.705,0.561
002371SZ,-0.26,-0.092,-0.573,-0.568,0.508,-0.054,-0.388,-0.555,-0.192,0.564,-0.356,-0.338,-0.601,0.1,-0.496,0.473,-0.476,-0.483,-0.719,-0.569,-0.536,-0.66,0.392,0.83,-0.324,0.869,0.131,-0.741,0.117,-0.739,-0.634,0.864,0.929,0.397,0.451,-0.355,0.325,-0.107,-0.144,-0.365,1.0,-0.093,0.661,0.89,0.457,-0.541,0.629,0.218,-0.637,0.898,-0.106,-0.608,-0.534,0.75,-0.564,-0.492,0.258,0.051,0.211,0.729,0.582,-0.275,-0.575,-0.386,0.726,0.517,0.876,0.08,0.428,-0.814,0.382,0.685,-0.436,0.788,-0.554,0.533,-0.731,-0.243,0.562,0.33,0.009,-0.75,-0.628,-0.132,0.344,-0.545,-0.724,-0.546,-0.521,0.634,0.748,-0.753,0.024,-0.789,-0.691,-0.348,0.044,-0.492,-0.647,0.823,-0.127,-0.782,0.075,0.224,0.779,-0.772,-0.35,0.182,-0.702,-0.765,0.267,-0.553,0.55,-0.598,-0.604,0.138,-0.636,0.14,-0.709,0.696,0.188,-0.795,-0.573,0.787,-0.151,0.862,0.751,-0.621,0.017,-0.622,0.458,0.698,-0.796,-0.316,0.298,0.619,-0.032,-0.725,-0.74,-0.599,-0.023,-0.495,0.117,-0.621,0.236,-0.676,-0.021,0.291,-0.269,-0.705,-0.363,-0.18,-0.789,-0.437,-0.591,-0.283,-0.349,-0.541,-0.544,0.831,-0.191,-0.4,-0.718,-0.275,0.709,-0.323,0.771,-0.181,-0.496,0.54,-0.305,-0.732,0.824,0.816,-0.386,0.271,-0.661,-0.752,-0.035,-0.76,-0.717,-0.607,-0.66,-0.557,0.885,-0.742,-0.105,-0.607,-0.593,-0.284,-0.666,-0.773,-0.605,-0.198,-0.588,-0.418,-0.196,0.77,0.236,-0.74,-0.18,0.745,-0.468,-0.3,-0.139,-0.676,0.874,-0.068,-0.396,-0.746,-0.041,-0.816,0.913,0.834,0.729,-0.759,-0.765
002415SZ,0.404,-0.097,0.144,0.379,-0.126,0.277,0.585,0.381,0.066,0.153,0.673,0.37,0.531,0.547,0.429,0.02,0.467,-0.129,0.561,0.162,0.404,-0.002,0.071,-0.175,0.438,-0.389,0.238,0.257,-0.344,0.497,0.431,-0.231,-0.094,0.23,0.275,0.739,0.401,-0.128,0.322,0.573,-0.093,1.0,-0.303,-0.289,0.482,0.446,0.335,0.472,0.383,-0.26,0.546,0.287,0.5,-0.009,0.062,0.529,0.365,0.514,0.173,0.071,-0.011,0.386,0.313,0.568,0.084,0.361,-0.017,0.236,0.083,0.335,0.351,-0.272,0.692,0.189,-0.08,0.167,-0.007,0.729,0.379,0.566,0.216,0.477,0.318,0.303,0.006,0.203,0.143,0.169,0.281,-0.209,-0.398,0.405,0.59,0.297,0.192,0.392,-0.266,0.084,0.301,-0.401,0.569,0.404,0.282,-0.079,-0.401,0.408,0.5,0.175,0.424,0.51,0.299,0.353,-0.221,0.636,0.566,-0.251,0.433,-0.083,0.498,0.315,0.394,0.325,0.262,-0.376,-0.094,-0.11,0.2,0.409,-0.143,0.498,0.127,0.135,0.466,0.663,-0.229,0.07,0.563,0.476,0.08,0.236,0.624,0.31,0.346,0.377,0.335,0.165,0.511,0.366,0.036,0.392,0.504,0.394,0.216,0.449,0.256,0.659,0.506,0.328,0.586,-0.141,0.317,0.312,0.346,0.731,-0.377,0.58,0.023,0.438,0.556,0.295,0.606,0.318,-0.118,0.188,0.435,0.398,0.356,0.347,0.645,0.548,0.508,0.153,0.404,0.546,-0.244,0.49,0.572,0.41,0.388,0.704,0.452,0.355,0.317,0.545,0.327,0.455,0.409,-0.082,0.228,0.355,0.568,-0.173,0.305,0.537,0.58,0.016,-0.133,-0.322,0.688,0.448,0.372,0.033,-0.172,-0.338,-0.144,0.402,0.441
002422SZ,0.086,0.405,-0.345,-0.181,0.618,-0.161,-0.35,-0.191,0.243,0.426,-0.308,0.005,-0.458,0.022,-0.68,0.186,-0.147,-0.039,-0.722,-0.128,-0.132,-0.433,0.595,0.516,-0.075,0.686,0.108,-0.402,0.589,-0.585,-0.609,0.671,0.614,0.429,0.042,-0.604,-0.116,0.359,0.264,-0.407,0.661,-0.303,1.0,0.692,-0.092,-0.583,0.108,-0.226,-0.492,0.623,-0.413,-0.174,-0.465,0.435,-0.252,-0.496,-0.065,-0.148,0.088,0.454,0.611,0.071,-0.273,-0.412,0.35,0.084,0.508,0.434,0.051,-0.63,0.402,0.457,-0.637,0.44,-0.513,0.036,-0.405,-0.381,0.35,0.131,0.156,-0.765,-0.259,-0.195,-0.081,-0.184,-0.436,-0.119,-0.077,0.424,0.582,-0.681,-0.307,-0.446,-0.446,0.01,0.539,-0.368,-0.261,0.712,-0.165,-0.444,-0.11,0.09,0.865,-0.628,-0.576,0.447,-0.411,-0.709,0.255,-0.214,0.833,-0.564,-0.429,-0.08,-0.741,-0.187,-0.545,0.244,0.233,-0.617,-0.083,0.632,0.376,0.577,0.469,-0.251,0.225,-0.381,0.17,0.328,-0.506,-0.457,0.402,0.448,0.192,-0.517,-0.521,-0.164,-0.128,-0.525,-0.282,-0.232,0.105,-0.553,-0.032,-0.061,0.11,-0.581,-0.401,-0.32,-0.443,-0.473,-0.27,-0.151,-0.076,-0.283,-0.424,0.56,-0.023,-0.12,-0.414,-0.25,0.76,-0.229,0.576,0.005,-0.239,0.605,-0.276,-0.311,0.498,0.385,-0.58,-0.143,-0.233,-0.578,-0.052,-0.716,-0.642,-0.185,-0.282,-0.561,0.665,-0.676,0.085,-0.191,-0.199,-0.155,-0.418,-0.4,-0.634,-0.089,-0.483,-0.19,0.036,0.4,0.404,-0.51,-0.242,0.556,-0.103,-0.415,-0.184,-0.243,0.667,0.364,-0.504,-0.514,-0.328,-0.457,0.611,0.561,0.348,-0.646,-0.449
002459SZ,-0.332,0.064,-0.717,-0.671,0.621,-0.056,-0.656,-0.664,-0.168,0.58,-0.418,-0.36,-0.615,-0.013,-0.691,0.437,-0.512,-0.281,-0.87,-0.551,-0.636,-0.608,0.399,0.869,-0.352,0.919,-0.172,-0.858,0.269,-0.903,-0.871,0.888,0.898,0.268,0.193,-0.548,0.311,-0.033,-0.227,-0.585,0.89,-0.289,0.692,1.0,0.328,-0.722,0.554,-0.04,-0.81,0.946,-0.116,-0.676,-0.793,0.83,-0.7,-0.772,0.233,-0.051,0.158,0.754,0.52,-0.35,-0.727,-0.435,0.752,0.235,0.869,0.078,0.202,-0.948,0.21,0.717,-0.625,0.735,-0.656,0.438,-0.771,-0.515,0.447,0.223,-0.2,-0.918,-0.767,-0.013,0.369,-0.696,-0.845,-0.596,-0.526,0.728,0.766,-0.871,-0.18,-0.776,-0.811,-0.448,0.202,-0.66,-0.757,0.893,-0.45,-0.788,0.177,0.458,0.832,-0.889,-0.469,0.307,-0.748,-0.882,0.317,-0.708,0.54,-0.82,-0.771,0.125,-0.788,0.161,-0.882,0.519,-0.007,-0.916,-0.617,0.921,-0.053,0.924,0.651,-0.698,-0.144,-0.741,0.431,0.723,-0.888,-0.565,0.171,0.723,-0.156,-0.88,-0.84,-0.668,-0.262,-0.416,-0.044,-0.673,0.319,-0.784,-0.127,-0.063,-0.274,-0.913,-0.401,-0.076,-0.886,-0.36,-0.73,-0.452,-0.49,-0.729,-0.625,0.845,-0.178,-0.593,-0.681,-0.473,0.773,-0.416,0.835,-0.141,-0.683,0.519,-0.392,-0.787,0.789,0.737,-0.34,0.156,-0.661,-0.724,-0.124,-0.847,-0.827,-0.709,-0.782,-0.778,0.978,-0.91,-0.281,-0.631,-0.679,-0.386,-0.831,-0.861,-0.458,-0.42,-0.722,-0.637,-0.446,0.627,0.106,-0.868,-0.385,0.882,-0.597,-0.315,-0.275,-0.679,0.949,0.118,-0.69,-0.888,-0.038,-0.758,0.952,0.872,0.718,-0.857,-0.817
002460SZ,-0.237,-0.462,-0.516,-0.264,-0.065,0.336,0.101,-0.463,-0.551,0.367,0.253,-0.246,0.088,0.426,0.278,0.544,-0.115,-0.565,0.056,-0.516,-0.428,-0.328,0.067,0.446,0.158,0.2,0.097,-0.492,-0.484,-0.179,-0.08,0.195,0.555,0.141,0.545,0.361,0.732,-0.578,-0.356,-0.037,0.457,0.482,-0.092,0.328,1.0,-0.059,0.942,0.601,-0.294,0.348,0.58,-0.501,-0.118,0.664,-0.553,-0.042,0.668,0.396,0.537,0.675,-0.029,-0.29,-0.391,0.182,0.732,0.609,0.661,-0.156,0.262,-0.386,0.066,0.081,0.274,0.737,-0.266,0.659,-0.677,0.345,0.666,0.549,-0.227,-0.066,-0.471,0.35,0.63,-0.516,-0.546,-0.395,-0.404,0.433,0.135,-0.098,0.615,-0.321,-0.504,-0.331,-0.501,-0.518,-0.471,0.109,0.199,-0.313,0.564,0.336,-0.061,-0.282,0.498,0.067,-0.173,-0.084,0.39,-0.413,-0.153,0.056,-0.127,-0.087,-0.038,0.028,-0.14,0.71,0.211,-0.302,-0.551,0.175,-0.598,0.524,0.58,-0.25,-0.5,-0.195,0.601,0.767,-0.33,0.401,-0.218,0.553,0.08,-0.266,-0.484,-0.534,0.325,0.215,0.621,-0.265,0.614,-0.342,0.361,0.311,-0.486,-0.206,0.298,0.518,-0.515,0.293,-0.458,0.086,-0.113,-0.359,0.104,0.316,0.073,-0.365,-0.131,0.257,0.194,0.223,0.5,0.188,-0.254,0.348,0.157,-0.438,0.365,0.703,0.438,0.568,-0.364,-0.048,0.389,0.065,0.024,-0.571,-0.397,-0.088,0.391,-0.107,0.203,-0.286,-0.31,0.206,-0.324,-0.39,0.03,0.042,0.045,-0.136,-0.26,0.324,-0.178,-0.408,0.35,0.298,-0.514,0.471,0.535,-0.658,0.452,-0.565,0.126,-0.326,0.484,-0.486,0.512,0.339,0.31,-0.224,-0.275
002463SZ,0.343,-0.156,0.554,0.538,-0.42,0.288,0.516,0.545,0.154,-0.039,0.497,0.112,0.616,0.194,0.772,-0.027,0.531,0.029,0.662,0.403,0.504,0.437,-0.311,-0.383,0.314,-0.73,0.164,0.518,-0.291,0.63,0.596,-0.583,-0.551,-0.002,0.026,0.717,0.155,-0.163,0.226,0.462,-0.541,0.446,-0.583,-0.722,-0.059,1.0,-0.253,0.479,0.628,-0.615,0.353,0.411,0.648,-0.511,0.386,0.814,0.021,0.564,-0.172,-0.434,-0.174,0.435,0.482,0.618,-0.39,0.161,-0.518,0.156,0.261,0.744,0.056,-0.223,0.847,-0.497,0.369,0.161,0.515,0.467,-0.133,0.178,0.085,0.735,0.589,0.212,-0.183,0.471,0.596,0.388,0.427,-0.484,-0.626,0.868,0.536,0.644,0.594,0.333,-0.324,0.637,0.585,-0.582,0.409,0.592,0.037,-0.161,-0.667,0.883,0.541,-0.186,0.634,0.675,0.075,0.357,-0.591,0.681,0.745,-0.11,0.664,-0.169,0.625,-0.276,-0.178,0.574,0.462,-0.549,-0.011,-0.549,-0.243,0.503,0.008,0.481,-0.144,-0.384,0.677,0.587,-0.388,-0.419,0.171,0.615,0.579,0.485,0.102,0.487,0.017,0.597,-0.022,0.593,0.504,0.538,0.157,0.628,0.655,0.26,0.637,0.434,0.589,0.582,0.569,0.581,0.704,-0.323,0.46,0.448,0.562,0.629,-0.547,0.653,-0.417,0.203,0.592,-0.22,0.648,0.612,-0.399,-0.316,0.496,0.391,0.559,0.625,0.378,0.783,0.659,0.454,0.472,0.813,-0.735,0.832,0.275,0.529,0.567,0.273,0.623,0.648,0.513,0.416,0.494,0.572,0.588,-0.094,-0.24,0.705,0.139,-0.467,0.459,0.263,0.238,0.31,-0.672,-0.223,0.645,0.701,0.489,0.512,-0.596,-0.517,-0.376,0.752,0.657
002466SZ,-0.335,-0.454,-0.718,-0.437,0.063,0.295,-0.074,-0.617,-0.567,0.427,0.094,-0.395,-0.084,0.277,0.064,0.603,-0.278,-0.639,-0.172,-0.665,-0.571,-0.522,0.154,0.628,0.074,0.434,0.03,-0.679,-0.353,-0.401,-0.282,0.399,0.741,0.203,0.538,0.197,0.742,-0.583,-0.397,-0.229,0.629,0.335,0.108,0.554,0.942,-0.253,1.0,0.536,-0.507,0.578,0.483,-0.656,-0.341,0.83,-0.692,-0.259,0.692,0.306,0.52,0.814,0.044,-0.391,-0.545,0.049,0.87,0.6,0.841,-0.118,0.227,-0.597,0.077,0.244,0.077,0.88,-0.359,0.693,-0.819,0.162,0.725,0.558,-0.279,-0.321,-0.653,0.302,0.726,-0.66,-0.735,-0.551,-0.56,0.642,0.323,-0.334,0.519,-0.515,-0.698,-0.457,-0.463,-0.683,-0.659,0.331,0.056,-0.511,0.583,0.416,0.174,-0.511,0.321,0.165,-0.4,-0.329,0.441,-0.567,-0.016,-0.191,-0.332,-0.032,-0.254,0.037,-0.37,0.759,0.19,-0.515,-0.664,0.374,-0.594,0.712,0.7,-0.405,-0.477,-0.395,0.681,0.889,-0.554,0.24,-0.108,0.718,0.041,-0.489,-0.67,-0.685,0.237,0.106,0.522,-0.441,0.629,-0.536,0.261,0.251,-0.552,-0.416,0.141,0.442,-0.703,0.17,-0.63,-0.09,-0.289,-0.534,-0.112,0.482,-0.022,-0.499,-0.329,0.05,0.356,0.078,0.648,0.099,-0.433,0.406,-0.004,-0.635,0.526,0.823,0.273,0.522,-0.543,-0.265,0.313,-0.169,-0.208,-0.724,-0.578,-0.281,0.604,-0.345,0.11,-0.455,-0.506,0.08,-0.524,-0.596,-0.103,-0.059,-0.141,-0.312,-0.375,0.439,-0.141,-0.617,0.225,0.484,-0.65,0.37,0.41,-0.777,0.64,-0.528,-0.06,-0.543,0.422,-0.664,0.702,0.524,0.444,-0.425,-0.462
002475SZ,-0.085,-0.584,-0.133,-0.034,-0.219,0.373,0.355,-0.122,-0.318,0.281,0.28,-0.326,0.21,0.218,0.551,0.576,0.064,-0.624,0.258,-0.317,-0.128,-0.161,-0.12,0.275,0.127,-0.027,0.343,-0.167,-0.422,0.046,0.245,0.041,0.288,0.265,0.524,0.619,0.683,-0.617,-0.162,0.239,0.218,0.472,-0.226,-0.04,0.601,0.479,0.536,1.0,0.034,0.115,0.492,-0.283,0.195,0.234,-0.176,0.422,0.516,0.618,0.259,0.286,-0.028,-0.015,-0.094,0.354,0.401,0.745,0.34,-0.012,0.585,0.039,0.139,0.111,0.656,0.339,0.083,0.731,-0.246,0.429,0.438,0.496,-0.085,0.227,-0.113,0.181,0.433,-0.123,-0.097,-0.18,-0.243,0.166,0.004,0.298,0.793,-0.056,-0.154,-0.164,-0.655,0.006,-0.092,-0.04,0.45,-0.087,0.323,0.086,-0.191,0.168,0.495,-0.135,-0.007,0.129,0.353,-0.213,-0.301,0.24,0.193,0.049,0.333,-0.076,0.063,0.511,0.018,0.008,-0.258,-0.03,-0.512,0.22,0.416,-0.036,-0.167,-0.003,0.563,0.38,-0.029,0.61,-0.174,0.205,0.063,-0.0,-0.053,-0.219,0.253,0.244,0.493,-0.02,0.304,-0.029,0.504,0.743,-0.322,0.123,0.454,0.284,-0.114,0.268,-0.043,0.284,0.197,-0.018,0.299,0.189,0.194,-0.048,-0.043,0.402,-0.047,0.409,0.199,0.069,0.037,0.101,0.358,-0.141,0.297,0.458,0.334,0.73,-0.134,0.055,0.418,0.277,0.211,-0.199,-0.164,0.397,0.01,0.282,0.224,-0.079,-0.052,0.093,0.02,-0.072,0.113,0.251,0.184,0.148,0.152,0.462,-0.202,0.019,0.225,0.052,-0.16,0.315,0.382,-0.41,0.049,-0.59,0.405,0.035,0.58,-0.199,0.169,0.186,0.16,0.188,0.078
002493SZ,0.581,0.143,0.834,0.685,-0.28,0.104,0.696,0.788,0.451,-0.349,0.392,0.573,0.523,0.215,0.458,-0.344,0.528,0.388,0.67,0.671,0.744,0.566,-0.081,-0.783,0.149,-0.706,0.262,0.909,-0.092,0.776,0.788,-0.636,-0.706,0.128,-0.26,0.413,-0.359,0.324,0.491,0.749,-0.637,0.383,-0.492,-0.81,-0.294,0.628,-0.507,0.034,1.0,-0.801,0.074,0.807,0.882,-0.817,0.805,0.746,-0.374,0.1,-0.352,-0.595,-0.288,0.567,0.865,0.346,-0.674,-0.211,-0.758,0.153,-0.047,0.843,-0.006,-0.557,0.501,-0.631,0.513,-0.417,0.822,0.498,-0.308,-0.168,0.555,0.764,0.871,-0.143,-0.589,0.845,0.896,0.677,0.628,-0.826,-0.566,0.724,0.069,0.66,0.901,0.721,-0.028,0.779,0.835,-0.627,0.584,0.702,-0.384,-0.558,-0.605,0.784,0.172,-0.17,0.695,0.779,-0.346,0.825,-0.277,0.8,0.812,-0.067,0.702,-0.105,0.836,-0.279,0.237,0.878,0.71,-0.733,0.302,-0.81,-0.45,0.717,0.408,0.781,-0.337,-0.735,0.846,0.469,-0.017,-0.695,0.344,0.907,0.731,0.818,0.408,0.115,0.004,0.684,-0.413,0.777,0.229,0.155,0.574,0.856,0.274,-0.189,0.902,0.098,0.881,0.583,0.593,0.877,0.547,-0.677,0.172,0.83,0.503,0.463,-0.593,0.319,-0.693,0.154,0.829,-0.301,0.491,0.78,-0.594,-0.628,0.164,-0.173,0.656,0.527,0.177,0.654,0.643,0.84,0.858,0.781,-0.81,0.83,0.311,0.625,0.74,0.451,0.911,0.817,0.268,0.633,0.412,0.796,0.615,-0.419,0.262,0.89,0.473,-0.664,0.752,-0.017,0.188,0.783,-0.784,0.078,0.692,0.904,-0.172,0.676,-0.828,-0.802,-0.587,0.774,0.73
002555SZ,-0.441,-0.108,-0.716,-0.738,0.558,-0.096,-0.608,-0.718,-0.276,0.518,-0.459,-0.489,-0.666,-0.099,-0.614,0.459,-0.592,-0.415,-0.808,-0.648,-0.699,-0.683,0.237,0.891,-0.356,0.926,-0.081,-0.87,0.162,-0.87,-0.784,0.913,0.897,0.246,0.338,-0.412,0.351,-0.171,-0.338,-0.549,0.898,-0.26,0.623,0.946,0.348,-0.615,0.578,0.115,-0.801,1.0,-0.144,-0.755,-0.756,0.802,-0.713,-0.682,0.256,-0.018,0.141,0.71,0.497,-0.431,-0.75,-0.378,0.725,0.359,0.875,-0.006,0.32,-0.887,0.235,0.742,-0.514,0.739,-0.559,0.52,-0.76,-0.488,0.398,0.225,-0.227,-0.856,-0.803,-0.025,0.444,-0.71,-0.831,-0.667,-0.643,0.724,0.775,-0.835,-0.092,-0.846,-0.804,-0.548,0.034,-0.621,-0.793,0.9,-0.406,-0.817,0.203,0.365,0.813,-0.832,-0.422,0.177,-0.803,-0.863,0.325,-0.747,0.464,-0.796,-0.759,0.168,-0.654,0.228,-0.873,0.563,-0.084,-0.874,-0.696,0.881,-0.211,0.917,0.618,-0.744,-0.1,-0.778,0.438,0.721,-0.916,-0.479,0.185,0.659,-0.236,-0.889,-0.8,-0.731,-0.277,-0.449,0.034,-0.743,0.265,-0.72,-0.165,0.093,-0.379,-0.859,-0.425,-0.116,-0.895,-0.37,-0.77,-0.504,-0.547,-0.752,-0.663,0.868,-0.272,-0.631,-0.746,-0.483,0.696,-0.434,0.778,-0.257,-0.713,0.432,-0.439,-0.849,0.874,0.766,-0.38,0.211,-0.745,-0.768,-0.158,-0.832,-0.835,-0.747,-0.834,-0.698,0.932,-0.868,-0.323,-0.718,-0.748,-0.488,-0.837,-0.894,-0.459,-0.442,-0.689,-0.672,-0.413,0.699,0.031,-0.844,-0.417,0.812,-0.625,-0.292,-0.304,-0.726,0.881,-0.004,-0.588,-0.884,0.002,-0.805,0.933,0.925,0.815,-0.808,-0.844
002594SZ,0.156,-0.24,-0.215,0.075,-0.118,0.686,0.141,-0.014,-0.123,0.337,0.722,0.017,0.593,0.413,0.497,0.455,0.336,-0.134,0.386,-0.07,-0.006,0.17,0.042,0.121,0.368,-0.271,-0.317,-0.09,-0.304,0.079,0.106,-0.163,-0.008,0.193,0.055,0.61,0.789,-0.414,-0.054,0.144,-0.106,0.546,-0.413,-0.116,0.58,0.353,0.483,0.492,0.074,-0.144,1.0,-0.093,0.055,0.285,-0.305,0.161,0.686,0.69,0.137,0.345,-0.257,0.126,-0.096,0.602,0.439,0.159,0.16,0.088,0.004,0.038,-0.245,-0.018,0.639,0.259,-0.137,0.514,-0.19,0.384,0.41,0.51,-0.323,0.237,-0.069,0.595,0.373,-0.203,-0.114,-0.073,0.055,0.092,-0.394,0.409,0.636,0.331,-0.098,0.008,-0.432,-0.178,-0.035,-0.239,0.105,0.308,0.599,0.57,-0.455,0.226,0.495,0.292,0.281,0.263,0.493,-0.17,-0.498,0.254,0.227,-0.238,0.208,-0.149,0.15,0.221,-0.154,0.045,-0.041,-0.107,-0.235,0.13,0.323,0.206,-0.638,0.267,0.493,0.334,0.161,0.53,-0.525,0.409,0.294,0.1,-0.204,-0.1,0.068,0.72,0.348,0.221,0.62,-0.025,0.64,0.091,-0.127,0.041,0.692,0.72,-0.009,0.772,-0.007,0.417,0.216,-0.016,0.574,0.008,0.471,-0.035,0.286,0.41,-0.146,0.541,0.259,0.573,0.084,0.14,0.563,0.067,0.047,0.285,0.796,0.57,0.181,0.521,0.559,0.536,0.398,-0.197,-0.035,0.28,-0.094,0.329,0.154,0.206,0.107,0.366,0.063,0.121,0.653,0.254,0.084,0.153,-0.101,0.015,-0.332,0.035,0.222,0.158,-0.232,0.605,0.522,-0.213,-0.033,-0.325,0.258,0.113,0.747,0.094,0.059,-0.126,-0.126,0.238,0.286
002601SZ,0.791,0.566,0.794,0.868,-0.065,0.065,0.542,0.901,0.692,-0.219,0.395,0.783,0.559,0.296,0.168,-0.412,0.743,0.647,0.499,0.886,0.92,0.519,0.207,-0.772,0.246,-0.657,0.204,0.901,0.296,0.704,0.551,-0.566,-0.692,0.209,-0.504,0.115,-0.524,0.66,0.748,0.508,-0.608,0.287,-0.174,-0.676,-0.501,0.411,-0.656,-0.283,0.807,-0.755,-0.093,1.0,0.702,-0.762,0.761,0.552,-0.437,0.012,-0.371,-0.533,-0.068,0.799,0.88,0.251,-0.723,-0.447,-0.782,0.417,-0.271,0.715,0.146,-0.549,0.243,-0.657,0.269,-0.623,0.8,0.374,-0.207,-0.17,0.571,0.537,0.947,-0.093,-0.808,0.892,0.833,0.831,0.883,-0.817,-0.553,0.546,-0.187,0.731,0.847,0.891,0.412,0.657,0.927,-0.529,0.396,0.778,-0.409,-0.46,-0.353,0.663,-0.035,0.148,0.756,0.628,-0.249,0.91,0.033,0.64,0.778,-0.237,0.402,-0.187,0.729,-0.427,0.345,0.725,0.932,-0.62,0.691,-0.746,-0.405,0.837,0.389,0.81,-0.422,-0.772,0.869,0.223,-0.016,-0.578,0.553,0.854,0.626,0.962,0.321,0.05,-0.244,0.845,-0.294,0.62,0.249,-0.086,0.746,0.691,0.234,-0.169,0.892,0.066,0.893,0.637,0.714,0.885,0.532,-0.642,0.34,0.871,0.603,0.461,-0.37,0.371,-0.561,0.352,0.878,-0.008,0.509,0.927,-0.627,-0.715,0.061,-0.321,0.858,0.51,0.274,0.526,0.551,0.933,0.936,0.555,-0.703,0.638,0.414,0.851,0.908,0.563,0.875,0.889,0.199,0.645,0.306,0.802,0.686,-0.527,0.452,0.82,0.387,-0.553,0.873,-0.069,0.221,0.897,-0.643,0.445,0.464,0.859,-0.313,0.725,-0.766,-0.789,-0.672,0.581,0.756
002648SZ,0.534,-0.033,0.74,0.678,-0.375,-0.0,0.814,0.76,0.298,-0.391,0.367,0.472,0.488,0.283,0.614,-0.375,0.505,0.142,0.723,0.566,0.736,0.443,-0.137,-0.757,0.242,-0.714,0.46,0.84,-0.266,0.866,0.868,-0.648,-0.583,0.018,0.022,0.497,-0.308,0.153,0.47,0.805,-0.534,0.5,-0.465,-0.793,-0.118,0.648,-0.341,0.195,0.882,-0.756,0.055,0.702,1.0,-0.716,0.73,0.811,-0.291,0.09,-0.145,-0.555,-0.257,0.505,0.824,0.313,-0.596,0.028,-0.619,0.082,-0.025,0.829,0.155,-0.613,0.551,-0.46,0.532,-0.346,0.642,0.624,-0.145,-0.006,0.59,0.787,0.822,-0.177,-0.464,0.786,0.804,0.568,0.518,-0.728,-0.551,0.726,0.294,0.546,0.789,0.653,-0.146,0.667,0.76,-0.696,0.747,0.59,-0.316,-0.67,-0.593,0.741,0.394,-0.266,0.684,0.793,-0.361,0.827,-0.292,0.91,0.856,-0.131,0.704,-0.149,0.92,-0.181,0.378,0.842,0.628,-0.787,0.121,-0.774,-0.341,0.7,0.381,0.698,-0.367,-0.599,0.829,0.63,0.006,-0.613,0.402,0.887,0.712,0.7,0.613,0.089,0.104,0.636,-0.31,0.731,0.202,0.343,0.436,0.911,0.25,-0.119,0.808,0.07,0.798,0.642,0.614,0.853,0.557,-0.672,0.087,0.771,0.528,0.625,-0.61,0.373,-0.656,0.099,0.855,-0.284,0.439,0.715,-0.597,-0.526,0.162,-0.118,0.57,0.454,0.187,0.677,0.685,0.74,0.843,0.855,-0.783,0.866,0.472,0.57,0.694,0.55,0.907,0.764,0.111,0.696,0.595,0.811,0.685,-0.417,0.237,0.845,0.604,-0.732,0.745,0.121,0.326,0.622,-0.71,-0.159,0.821,0.881,-0.098,0.52,-0.752,-0.741,-0.563,0.795,0.685
002709SZ,-0.362,-0.176,-0.906,-0.593,0.333,0.184,-0.484,-0.725,-0.419,0.563,-0.055,-0.46,-0.269,0.151,-0.303,0.588,-0.355,-0.47,-0.552,-0.665,-0.669,-0.607,0.293,0.845,0.036,0.666,-0.268,-0.899,0.027,-0.733,-0.693,0.643,0.845,0.19,0.325,-0.154,0.669,-0.408,-0.353,-0.57,0.75,-0.009,0.435,0.83,0.664,-0.511,0.83,0.234,-0.817,0.802,0.285,-0.762,-0.716,1.0,-0.882,-0.636,0.626,0.214,0.395,0.886,0.259,-0.414,-0.784,-0.082,0.93,0.368,0.933,0.052,0.083,-0.868,0.07,0.519,-0.26,0.902,-0.652,0.625,-0.943,-0.241,0.661,0.528,-0.465,-0.707,-0.826,0.362,0.662,-0.847,-0.949,-0.668,-0.55,0.834,0.446,-0.612,0.227,-0.608,-0.92,-0.548,-0.136,-0.867,-0.822,0.621,-0.342,-0.627,0.606,0.654,0.523,-0.743,0.022,0.41,-0.576,-0.691,0.592,-0.784,0.219,-0.582,-0.607,-0.103,-0.637,-0.058,-0.69,0.548,-0.061,-0.846,-0.67,0.705,-0.339,0.919,0.762,-0.546,-0.55,-0.641,0.61,0.94,-0.781,-0.148,-0.14,0.922,-0.024,-0.802,-0.898,-0.782,-0.16,0.033,0.182,-0.547,0.705,-0.805,0.141,-0.015,-0.535,-0.806,-0.033,0.414,-0.901,0.094,-0.816,-0.289,-0.426,-0.775,-0.301,0.7,-0.004,-0.707,-0.434,-0.183,0.637,-0.082,0.886,0.122,-0.657,0.528,-0.198,-0.745,0.673,0.834,0.096,0.373,-0.589,-0.404,0.156,-0.47,-0.536,-0.865,-0.778,-0.638,0.844,-0.691,-0.081,-0.52,-0.622,-0.162,-0.803,-0.768,-0.155,-0.327,-0.429,-0.585,-0.512,0.487,-0.207,-0.858,-0.186,0.765,-0.755,0.194,0.158,-0.854,0.86,-0.23,-0.482,-0.815,0.386,-0.764,0.92,0.738,0.541,-0.693,-0.621
002714SZ,0.413,0.183,0.837,0.636,-0.333,-0.157,0.599,0.726,0.451,-0.497,0.003,0.461,0.246,-0.088,0.239,-0.469,0.337,0.372,0.448,0.603,0.676,0.575,-0.007,-0.788,-0.068,-0.53,0.419,0.859,0.07,0.681,0.686,-0.581,-0.649,0.003,-0.251,0.083,-0.651,0.44,0.467,0.566,-0.564,0.062,-0.252,-0.7,-0.553,0.386,-0.692,-0.176,0.805,-0.713,-0.305,0.761,0.73,-0.882,1.0,0.63,-0.556,-0.257,-0.261,-0.71,-0.227,0.443,0.841,-0.052,-0.796,-0.237,-0.768,0.073,-0.042,0.778,0.023,-0.514,0.177,-0.727,0.695,-0.574,0.869,0.334,-0.444,-0.411,0.628,0.63,0.817,-0.505,-0.63,0.869,0.882,0.711,0.506,-0.714,-0.312,0.495,-0.19,0.511,0.85,0.606,0.139,0.782,0.8,-0.532,0.505,0.491,-0.697,-0.702,-0.389,0.581,-0.049,-0.271,0.499,0.609,-0.587,0.817,0.014,0.566,0.594,0.158,0.53,-0.078,0.65,-0.31,0.333,0.79,0.661,-0.648,0.364,-0.799,-0.555,0.55,0.643,0.623,-0.466,-0.827,0.716,0.173,0.307,-0.805,0.133,0.778,0.822,0.767,0.358,-0.134,-0.113,0.537,-0.682,0.64,-0.085,0.084,0.561,0.786,-0.017,-0.503,0.837,-0.242,0.823,0.311,0.445,0.804,0.241,-0.655,-0.016,0.772,0.347,0.178,-0.452,0.05,-0.795,-0.121,0.677,-0.424,0.2,0.692,-0.622,-0.683,-0.21,-0.38,0.527,0.247,-0.102,0.369,0.512,0.861,0.782,0.589,-0.706,0.618,0.242,0.494,0.612,0.309,0.789,0.709,-0.031,0.451,0.415,0.654,0.535,-0.393,0.404,0.791,0.385,-0.667,0.759,-0.241,-0.043,0.792,-0.697,0.178,0.481,0.764,-0.482,0.637,-0.793,-0.681,-0.528,0.565,0.568
002916SZ,0.334,-0.162,0.689,0.671,-0.539,0.191,0.802,0.597,0.103,-0.257,0.432,0.315,0.502,0.133,0.735,-0.138,0.516,-0.053,0.791,0.372,0.576,0.383,-0.251,-0.543,0.281,-0.696,0.549,0.694,-0.394,0.812,0.823,-0.621,-0.516,0.017,0.213,0.673,-0.109,-0.064,0.283,0.62,-0.492,0.529,-0.496,-0.772,-0.042,0.814,-0.259,0.422,0.746,-0.682,0.161,0.552,0.811,-0.636,0.63,1.0,-0.06,0.326,0.044,-0.479,-0.132,0.454,0.674,0.37,-0.49,0.3,-0.557,0.042,0.304,0.82,0.178,-0.431,0.745,-0.446,0.51,-0.05,0.575,0.712,-0.081,0.02,0.332,0.851,0.694,-0.132,-0.265,0.633,0.696,0.553,0.405,-0.564,-0.539,0.777,0.444,0.617,0.702,0.436,-0.263,0.683,0.712,-0.686,0.753,0.602,-0.245,-0.466,-0.675,0.822,0.489,-0.344,0.598,0.795,-0.188,0.639,-0.353,0.797,0.741,-0.015,0.725,-0.159,0.746,-0.083,0.288,0.734,0.482,-0.727,-0.023,-0.638,-0.312,0.575,0.239,0.673,-0.163,-0.451,0.738,0.68,-0.004,-0.603,0.239,0.779,0.732,0.555,0.497,0.256,0.288,0.601,-0.254,0.6,0.382,0.57,0.172,0.828,0.495,-0.009,0.709,0.245,0.67,0.569,0.613,0.691,0.613,-0.467,0.299,0.594,0.452,0.617,-0.56,0.542,-0.585,0.153,0.702,-0.216,0.52,0.656,-0.455,-0.337,0.211,0.208,0.539,0.472,0.334,0.709,0.769,0.595,0.677,0.807,-0.73,0.832,0.545,0.555,0.628,0.471,0.755,0.734,0.185,0.53,0.678,0.679,0.667,-0.123,0.134,0.747,0.508,-0.69,0.578,0.28,0.367,0.432,-0.654,-0.251,0.822,0.779,0.124,0.497,-0.683,-0.592,-0.418,0.706,0.647
002920SZ,-0.232,-0.382,-0.588,-0.176,-0.172,0.52,-0.015,-0.434,-0.474,0.336,0.438,-0.33,0.268,0.165,0.273,0.608,0.025,-0.45,0.142,-0.497,-0.385,-0.279,0.082,0.427,0.403,0.104,-0.184,-0.459,-0.257,-0.185,-0.112,0.124,0.369,0.2,0.334,0.435,0.796,-0.598,-0.317,-0.241,0.258,0.365,-0.065,0.233,0.668,0.021,0.692,0.516,-0.374,0.256,0.686,-0.437,-0.291,0.626,-0.556,-0.06,1.0,0.532,0.467,0.594,-0.121,-0.207,-0.403,0.376,0.654,0.395,0.505,0.017,0.076,-0.313,-0.15,0.101,0.356,0.602,-0.212,0.624,-0.572,0.267,0.559,0.554,-0.551,-0.072,-0.468,0.46,0.665,-0.554,-0.536,-0.323,-0.33,0.505,-0.081,-0.007,0.55,-0.071,-0.52,-0.374,-0.463,-0.567,-0.406,0.026,0.019,-0.041,0.633,0.598,-0.086,-0.196,0.429,0.33,-0.148,-0.114,0.611,-0.453,-0.197,-0.081,-0.164,-0.107,-0.087,-0.199,-0.195,0.417,-0.047,-0.32,-0.401,0.117,-0.464,0.473,0.477,-0.062,-0.696,-0.037,0.661,0.644,-0.261,0.386,-0.309,0.611,0.093,-0.291,-0.496,-0.503,0.051,0.512,0.461,-0.111,0.684,-0.441,0.466,0.132,-0.529,-0.267,0.442,0.651,-0.425,0.607,-0.461,0.036,-0.133,-0.428,0.204,0.257,0.273,-0.427,-0.08,0.15,0.151,0.326,0.459,0.41,-0.296,0.266,0.181,-0.31,0.357,0.585,0.472,0.517,-0.184,0.142,0.428,0.175,0.092,-0.562,-0.375,-0.145,0.268,-0.093,0.187,-0.113,-0.232,0.164,-0.349,-0.253,0.302,-0.043,0.058,-0.248,-0.308,0.256,-0.347,-0.382,0.161,0.281,-0.56,0.686,0.572,-0.584,0.328,-0.46,0.013,-0.32,0.651,-0.352,0.43,0.253,0.141,-0.187,-0.081
002938SZ,0.312,0.013,-0.009,0.232,0.094,0.665,0.117,0.101,0.084,0.613,0.701,0.085,0.482,0.512,0.41,0.579,0.477,-0.075,0.227,0.097,0.136,0.084,0.118,0.28,0.325,-0.184,-0.098,-0.082,-0.041,0.002,-0.005,0.046,0.094,0.432,0.077,0.536,0.705,-0.233,0.158,0.095,0.051,0.514,-0.148,-0.051,0.396,0.564,0.306,0.618,0.1,-0.018,0.69,0.012,0.09,0.214,-0.257,0.326,0.532,1.0,-0.051,0.329,0.17,0.396,-0.045,0.593,0.337,0.329,0.154,0.386,0.364,0.059,0.081,0.276,0.674,0.163,-0.29,0.657,-0.123,0.306,0.44,0.554,-0.217,0.131,0.079,0.535,0.09,-0.076,-0.044,0.044,0.254,-0.03,-0.311,0.393,0.604,0.325,-0.003,0.176,-0.176,0.033,0.123,-0.016,0.17,0.318,0.441,0.464,-0.207,0.354,0.318,0.3,0.3,0.098,0.657,-0.158,-0.261,0.169,0.302,-0.303,0.129,-0.282,0.064,0.177,-0.192,-0.076,0.114,0.073,0.005,0.213,0.405,0.252,-0.448,0.219,0.435,0.25,0.159,0.432,-0.558,0.31,0.337,0.051,-0.187,0.067,-0.084,0.474,0.221,0.352,0.546,-0.049,0.822,0.424,0.0,-0.051,0.715,0.54,0.032,0.618,0.13,0.564,0.478,0.074,0.632,0.252,0.643,0.052,0.245,0.566,0.093,0.641,0.367,0.638,0.212,0.405,0.631,0.19,0.256,0.323,0.587,0.717,0.316,0.457,0.602,0.407,0.224,-0.06,-0.001,0.277,-0.052,0.281,0.258,0.331,0.295,0.203,0.079,0.189,0.474,0.287,-0.03,0.27,0.265,0.335,-0.243,0.084,-0.035,0.242,-0.021,0.349,0.406,-0.197,0.032,-0.12,0.216,0.124,0.753,0.095,0.123,0.047,-0.016,0.192,0.296
003816SZ,-0.317,-0.343,-0.346,-0.054,-0.34,0.106,0.148,-0.355,-0.521,0.029,0.063,-0.236,-0.012,-0.071,0.273,0.196,-0.087,-0.511,0.103,-0.469,-0.319,-0.184,0.014,0.23,0.266,0.1,0.276,-0.334,-0.414,0.033,0.017,-0.016,0.311,-0.269,0.617,0.14,0.269,-0.432,-0.291,-0.13,0.211,0.173,0.088,0.158,0.537,-0.172,0.52,0.259,-0.352,0.141,0.137,-0.371,-0.145,0.395,-0.261,0.044,0.467,-0.051,1.0,0.3,0.016,-0.304,-0.295,-0.118,0.375,0.543,0.361,-0.253,0.142,-0.261,0.105,-0.123,0.026,0.474,-0.008,0.265,-0.507,0.29,0.322,0.178,-0.268,0.015,-0.35,-0.012,0.552,-0.351,-0.402,-0.108,-0.332,0.512,0.144,-0.081,0.43,-0.148,-0.397,-0.372,-0.243,-0.411,-0.258,-0.126,0.226,-0.221,0.237,0.13,-0.056,-0.273,0.472,-0.054,-0.121,-0.007,0.091,-0.223,0.082,0.029,-0.215,0.062,-0.137,-0.144,-0.081,0.356,0.317,-0.205,-0.396,0.005,-0.462,0.287,0.159,-0.232,-0.29,-0.134,0.317,0.559,-0.221,0.256,0.12,0.276,-0.041,-0.186,-0.136,-0.426,0.329,0.2,0.421,-0.168,0.325,-0.336,0.11,0.169,-0.52,-0.067,0.198,0.322,-0.372,0.149,-0.428,-0.085,-0.098,-0.335,0.046,0.136,0.108,-0.384,-0.013,0.139,0.103,0.198,0.218,0.08,-0.252,0.187,-0.083,-0.257,0.042,0.423,0.102,0.249,-0.214,-0.117,0.232,0.017,0.181,-0.395,-0.224,-0.16,0.255,-0.117,0.386,-0.131,-0.218,0.272,-0.282,-0.193,-0.213,-0.138,0.466,-0.202,-0.149,0.13,-0.057,-0.367,0.357,-0.025,-0.379,0.488,0.436,-0.517,0.329,-0.462,0.019,-0.278,0.155,-0.307,0.274,0.236,0.131,-0.22,-0.184
300014SZ,-0.147,-0.051,-0.746,-0.361,0.386,0.404,-0.276,-0.581,-0.25,0.634,0.069,-0.273,-0.108,0.286,-0.276,0.745,-0.158,-0.384,-0.473,-0.514,-0.502,-0.544,0.477,0.758,0.029,0.631,-0.146,-0.71,0.145,-0.663,-0.572,0.596,0.842,0.494,0.204,-0.148,0.621,-0.27,-0.167,-0.478,0.729,0.071,0.454,0.754,0.675,-0.434,0.814,0.286,-0.595,0.71,0.345,-0.533,-0.555,0.886,-0.71,-0.479,0.594,0.329,0.3,1.0,0.271,-0.167,-0.524,-0.042,0.9,0.338,0.868,0.232,0.156,-0.784,0.063,0.459,-0.206,0.849,-0.594,0.622,-0.772,-0.091,0.824,0.527,-0.259,-0.642,-0.623,0.308,0.516,-0.635,-0.779,-0.441,-0.382,0.662,0.407,-0.528,0.197,-0.481,-0.717,-0.308,-0.084,-0.72,-0.614,0.628,-0.135,-0.486,0.48,0.582,0.476,-0.645,-0.076,0.506,-0.456,-0.595,0.586,-0.593,0.277,-0.473,-0.447,-0.101,-0.568,-0.17,-0.59,0.648,0.159,-0.707,-0.494,0.623,-0.169,0.842,0.827,-0.339,-0.428,-0.43,0.75,0.82,-0.649,-0.046,-0.073,0.834,0.136,-0.622,-0.842,-0.557,-0.009,-0.016,0.263,-0.336,0.649,-0.691,0.352,0.05,-0.314,-0.671,0.045,0.319,-0.712,0.083,-0.58,-0.124,-0.254,-0.543,-0.196,0.619,0.102,-0.446,-0.423,-0.126,0.729,0.002,0.824,0.259,-0.48,0.618,-0.016,-0.576,0.672,0.799,0.094,0.366,-0.427,-0.325,0.307,-0.392,-0.459,-0.65,-0.589,-0.543,0.774,-0.579,0.078,-0.342,-0.402,0.005,-0.621,-0.59,-0.174,-0.087,-0.473,-0.324,-0.35,0.519,-0.009,-0.723,0.027,0.732,-0.615,0.107,0.306,-0.645,0.795,-0.108,-0.373,-0.662,0.276,-0.633,0.821,0.621,0.439,-0.641,-0.495
300033SZ,0.184,0.433,0.004,-0.025,0.6,-0.051,-0.27,0.002,0.304,0.61,-0.1,0.186,-0.371,0.159,-0.43,0.166,0.084,0.008,-0.507,0.029,0.028,-0.301,0.322,0.546,-0.153,0.473,0.169,-0.313,0.309,-0.372,-0.497,0.622,0.46,0.276,0.228,-0.337,-0.016,0.346,0.294,-0.189,0.582,-0.011,0.611,0.52,-0.029,-0.174,0.044,-0.028,-0.288,0.497,-0.257,-0.068,-0.257,0.259,-0.227,-0.132,-0.121,0.17,0.016,0.271,1.0,0.309,-0.243,-0.221,0.211,0.304,0.323,0.344,0.496,-0.399,0.655,0.645,-0.286,0.242,-0.604,0.246,-0.245,-0.221,0.272,0.162,0.096,-0.477,-0.105,-0.122,-0.212,-0.106,-0.263,-0.05,0.105,0.193,0.387,-0.404,-0.112,-0.205,-0.186,0.112,0.547,0.002,-0.034,0.55,-0.088,-0.247,-0.149,0.131,0.598,-0.234,-0.407,0.145,-0.219,-0.412,0.208,-0.14,0.591,-0.358,-0.226,-0.028,-0.444,0.068,-0.411,0.235,0.116,-0.49,-0.002,0.602,0.415,0.493,0.388,-0.25,0.172,-0.244,0.052,0.246,-0.276,-0.387,0.16,0.226,0.178,-0.339,-0.269,-0.036,-0.133,-0.4,-0.107,-0.08,0.076,-0.357,0.147,0.306,0.113,-0.467,-0.102,-0.218,-0.315,-0.293,-0.133,0.099,0.208,-0.161,-0.128,0.689,0.223,-0.076,-0.269,0.06,0.514,-0.008,0.548,0.112,-0.035,0.666,-0.005,-0.105,0.519,0.376,-0.376,0.253,-0.006,-0.41,0.117,-0.5,-0.407,-0.096,-0.158,-0.289,0.509,-0.435,0.121,0.006,-0.018,-0.072,-0.245,-0.2,-0.419,-0.097,-0.412,-0.116,0.324,0.601,0.404,-0.293,-0.324,0.49,0.08,-0.368,-0.244,-0.226,0.557,0.397,-0.277,-0.28,-0.099,-0.288,0.464,0.541,0.577,-0.426,-0.332
300059SZ,0.921,0.656,0.593,0.813,0.28,0.332,0.377,0.82,0.785,0.304,0.522,0.729,0.545,0.489,0.117,-0.041,0.876,0.537,0.247,0.823,0.865,0.386,0.437,-0.352,0.259,-0.397,0.145,0.591,0.387,0.418,0.239,-0.211,-0.328,0.459,-0.38,0.109,-0.161,0.62,0.844,0.377,-0.275,0.386,0.071,-0.35,-0.29,0.435,-0.391,-0.015,0.567,-0.431,0.126,0.799,0.505,-0.414,0.443,0.454,-0.207,0.396,-0.304,-0.167,0.309,1.0,0.618,0.299,-0.345,-0.192,-0.433,0.658,0.0,0.423,0.41,-0.144,0.283,-0.353,-0.081,-0.195,0.523,0.24,0.146,0.154,0.464,0.242,0.782,0.071,-0.68,0.702,0.572,0.727,0.863,-0.553,-0.38,0.446,0.068,0.648,0.597,0.875,0.497,0.494,0.813,-0.21,0.327,0.641,-0.211,-0.13,-0.101,0.529,-0.076,0.387,0.683,0.368,0.094,0.64,0.166,0.443,0.694,-0.31,0.177,-0.243,0.459,-0.214,0.263,0.385,0.842,-0.23,0.773,-0.339,-0.004,0.734,0.24,0.631,-0.13,-0.434,0.676,0.19,-0.16,-0.188,0.719,0.573,0.327,0.825,0.188,0.087,-0.241,0.851,0.061,0.381,0.593,0.139,0.761,0.366,0.421,0.005,0.644,0.163,0.761,0.806,0.852,0.725,0.621,-0.213,0.615,0.747,0.533,0.585,-0.03,0.547,-0.091,0.586,0.805,0.384,0.678,0.805,-0.258,-0.374,0.162,0.051,0.851,0.405,0.487,0.386,0.375,0.73,0.707,0.493,-0.384,0.481,0.469,0.857,0.863,0.549,0.672,0.731,0.19,0.684,0.058,0.739,0.786,-0.154,0.452,0.6,0.202,-0.121,0.769,-0.101,0.231,0.608,-0.284,0.526,0.296,0.655,-0.031,0.561,-0.39,-0.439,-0.391,0.433,0.621
300122SZ,0.627,0.232,0.752,0.769,-0.264,0.019,0.723,0.83,0.514,-0.372,0.271,0.57,0.536,0.222,0.31,-0.379,0.556,0.378,0.572,0.68,0.811,0.468,0.122,-0.806,0.149,-0.646,0.359,0.927,0.099,0.761,0.72,-0.628,-0.635,0.201,-0.313,0.241,-0.492,0.427,0.621,0.65,-0.575,0.313,-0.273,-0.727,-0.391,0.482,-0.545,-0.094,0.865,-0.75,-0.096,0.88,0.824,-0.784,0.841,0.674,-0.403,-0.045,-0.295,-0.524,-0.243,0.618,1.0,0.192,-0.679,-0.257,-0.713,0.334,-0.158,0.786,0.117,-0.607,0.317,-0.601,0.51,-0.537,0.795,0.525,-0.199,-0.095,0.685,0.648,0.904,-0.227,-0.632,0.891,0.855,0.749,0.645,-0.76,-0.472,0.577,-0.044,0.604,0.844,0.757,0.099,0.687,0.849,-0.59,0.601,0.65,-0.481,-0.617,-0.448,0.645,0.059,0.002,0.647,0.708,-0.377,0.899,-0.097,0.724,0.799,-0.022,0.533,-0.2,0.788,-0.231,0.461,0.82,0.792,-0.729,0.423,-0.802,-0.399,0.752,0.528,0.743,-0.349,-0.752,0.829,0.372,0.145,-0.65,0.413,0.902,0.696,0.857,0.506,0.007,-0.101,0.712,-0.412,0.658,0.175,0.128,0.628,0.828,0.153,-0.286,0.891,-0.043,0.879,0.537,0.578,0.901,0.425,-0.701,0.138,0.873,0.454,0.394,-0.46,0.285,-0.689,0.107,0.837,-0.235,0.461,0.796,-0.627,-0.641,-0.005,-0.316,0.659,0.392,0.172,0.545,0.593,0.885,0.896,0.689,-0.742,0.73,0.414,0.663,0.78,0.569,0.906,0.809,0.096,0.679,0.408,0.804,0.658,-0.47,0.421,0.873,0.563,-0.643,0.819,-0.058,0.24,0.822,-0.703,0.154,0.644,0.868,-0.324,0.614,-0.788,-0.801,-0.626,0.654,0.709
300124SZ,0.287,-0.076,0.101,0.315,-0.204,0.373,0.29,0.29,0.093,0.126,0.747,0.141,0.671,0.332,0.493,0.076,0.502,0.037,0.558,0.196,0.302,0.129,-0.121,-0.182,0.684,-0.537,-0.194,0.226,-0.113,0.359,0.332,-0.368,-0.357,0.118,-0.095,0.73,0.433,-0.235,0.169,0.28,-0.386,0.568,-0.412,-0.435,0.182,0.618,0.049,0.354,0.346,-0.378,0.602,0.251,0.313,-0.082,-0.052,0.37,0.376,0.593,-0.118,-0.042,-0.221,0.299,0.192,1.0,-0.023,-0.031,-0.235,0.291,-0.112,0.388,-0.137,-0.207,0.736,-0.097,-0.091,0.154,0.125,0.459,0.136,0.425,-0.212,0.466,0.258,0.663,0.03,0.084,0.179,0.1,0.344,-0.251,-0.645,0.544,0.425,0.506,0.203,0.23,-0.321,0.121,0.241,-0.367,0.167,0.571,0.524,0.216,-0.507,0.599,0.491,0.242,0.493,0.477,0.523,0.138,-0.478,0.516,0.508,-0.397,0.478,-0.21,0.446,-0.141,-0.238,0.291,0.301,-0.364,-0.024,-0.21,0.024,0.451,-0.392,0.44,0.095,-0.018,0.463,0.58,-0.528,0.038,0.321,0.413,0.083,0.235,0.041,0.631,0.097,0.43,0.393,0.24,0.548,0.082,-0.047,0.28,0.649,0.607,0.297,0.72,0.232,0.489,0.363,0.221,0.65,-0.227,0.466,0.156,0.479,0.559,-0.374,0.68,-0.058,0.475,0.349,0.082,0.596,0.384,-0.162,-0.04,0.629,0.388,0.455,0.659,0.606,0.692,0.466,0.108,0.291,0.429,-0.419,0.487,0.26,0.454,0.4,0.354,0.33,0.429,0.704,0.259,0.255,0.31,0.213,-0.204,-0.269,0.349,0.129,-0.178,0.13,0.556,0.466,0.101,-0.363,-0.192,0.48,0.408,0.623,0.229,-0.294,-0.419,-0.335,0.459,0.568
300274SZ,-0.292,-0.268,-0.831,-0.543,0.304,0.336,-0.337,-0.663,-0.384,0.599,0.047,-0.399,-0.172,0.219,-0.173,0.683,-0.296,-0.542,-0.457,-0.65,-0.618,-0.532,0.313,0.815,-0.011,0.619,-0.216,-0.811,-0.055,-0.687,-0.564,0.598,0.846,0.312,0.353,-0.032,0.764,-0.474,-0.312,-0.413,0.726,0.084,0.35,0.752,0.732,-0.39,0.87,0.401,-0.674,0.725,0.439,-0.723,-0.596,0.93,-0.796,-0.49,0.654,0.337,0.375,0.9,0.211,-0.345,-0.679,-0.023,1.0,0.457,0.924,0.067,0.197,-0.795,0.032,0.515,-0.112,0.883,-0.58,0.724,-0.873,-0.118,0.724,0.56,-0.382,-0.604,-0.748,0.335,0.688,-0.759,-0.847,-0.612,-0.533,0.778,0.43,-0.476,0.356,-0.523,-0.838,-0.464,-0.26,-0.755,-0.737,0.566,-0.159,-0.577,0.57,0.644,0.388,-0.645,0.042,0.356,-0.506,-0.583,0.571,-0.731,0.126,-0.485,-0.51,-0.035,-0.496,-0.112,-0.622,0.663,-0.003,-0.728,-0.645,0.639,-0.381,0.874,0.818,-0.486,-0.5,-0.534,0.748,0.917,-0.699,0.014,-0.103,0.892,0.022,-0.693,-0.835,-0.718,-0.047,0.094,0.298,-0.496,0.668,-0.715,0.282,0.1,-0.467,-0.694,0.078,0.381,-0.8,0.137,-0.677,-0.159,-0.307,-0.667,-0.185,0.662,0.059,-0.585,-0.435,-0.104,0.579,-0.001,0.854,0.164,-0.57,0.496,-0.05,-0.699,0.675,0.865,0.171,0.487,-0.555,-0.336,0.235,-0.37,-0.432,-0.788,-0.705,-0.468,0.784,-0.545,-0.009,-0.481,-0.566,-0.08,-0.68,-0.697,-0.123,-0.194,-0.4,-0.442,-0.456,0.544,-0.168,-0.765,-0.066,0.75,-0.721,0.193,0.204,-0.819,0.805,-0.3,-0.348,-0.709,0.436,-0.692,0.86,0.675,0.511,-0.553,-0.52
300308SZ,-0.274,-0.55,-0.218,-0.198,-0.165,0.068,0.263,-0.286,-0.427,0.274,0.015,-0.359,-0.201,0.054,0.31,0.391,-0.192,-0.793,0.022,-0.524,-0.293,-0.403,-0.073,0.467,0.041,0.259,0.566,-0.358,-0.47,-0.067,0.076,0.268,0.529,0.093,0.872,0.391,0.458,-0.558,-0.207,0.102,0.517,0.361,0.084,0.235,0.609,0.161,0.6,0.745,-0.211,0.359,0.159,-0.447,0.028,0.368,-0.237,0.3,0.395,0.329,0.543,0.338,0.304,-0.192,-0.257,-0.031,0.457,1.0,0.529,-0.121,0.714,-0.174,0.419,0.283,0.306,0.536,-0.057,0.678,-0.463,0.376,0.441,0.415,-0.033,0.024,-0.298,-0.121,0.485,-0.282,-0.325,-0.278,-0.431,0.405,0.279,-0.048,0.66,-0.338,-0.34,-0.312,-0.476,-0.133,-0.269,0.137,0.469,-0.367,0.121,-0.036,0.068,-0.116,0.343,-0.264,-0.262,-0.074,0.175,-0.268,0.057,0.053,-0.099,0.149,0.046,0.012,-0.139,0.643,0.263,-0.243,-0.439,0.154,-0.544,0.417,0.458,-0.339,-0.033,-0.225,0.385,0.548,-0.283,0.385,0.181,0.238,-0.029,-0.212,-0.143,-0.421,0.372,-0.073,0.503,-0.283,0.165,-0.307,0.243,0.794,-0.493,-0.051,0.16,0.049,-0.382,-0.057,-0.295,0.079,0.02,-0.235,0.007,0.448,0.01,-0.214,-0.285,0.259,0.114,0.184,0.315,-0.114,-0.125,0.219,0.068,-0.368,0.413,0.647,-0.051,0.614,-0.371,-0.322,0.232,-0.08,0.018,-0.385,-0.291,0.126,0.304,-0.032,0.303,-0.295,-0.281,0.054,-0.2,-0.298,-0.336,0.058,0.196,-0.073,0.151,0.643,0.029,-0.263,0.211,0.132,-0.23,0.2,0.23,-0.615,0.345,-0.616,0.294,-0.221,0.32,-0.506,0.393,0.447,0.451,-0.131,-0.253
300316SZ,-0.381,-0.276,-0.835,-0.648,0.374,0.08,-0.371,-0.712,-0.407,0.527,-0.211,-0.486,-0.434,0.109,-0.335,0.586,-0.479,-0.603,-0.614,-0.718,-0.672,-0.668,0.297,0.862,-0.147,0.782,-0.049,-0.863,-0.016,-0.744,-0.623,0.742,0.953,0.284,0.463,-0.181,0.588,-0.398,-0.323,-0.445,0.876,-0.017,0.508,0.869,0.661,-0.518,0.841,0.34,-0.758,0.875,0.16,-0.782,-0.619,0.933,-0.768,-0.557,0.505,0.154,0.361,0.868,0.323,-0.433,-0.713,-0.235,0.924,0.529,1.0,0.013,0.256,-0.86,0.183,0.58,-0.296,0.929,-0.553,0.655,-0.911,-0.206,0.668,0.486,-0.244,-0.721,-0.799,0.126,0.628,-0.76,-0.888,-0.698,-0.646,0.805,0.621,-0.668,0.235,-0.756,-0.885,-0.519,-0.189,-0.758,-0.812,0.703,-0.165,-0.763,0.415,0.44,0.605,-0.784,-0.09,0.25,-0.679,-0.724,0.44,-0.728,0.307,-0.581,-0.614,0.025,-0.596,-0.008,-0.704,0.694,0.078,-0.811,-0.711,0.728,-0.389,0.923,0.805,-0.624,-0.306,-0.686,0.617,0.9,-0.829,-0.138,0.08,0.831,-0.059,-0.796,-0.851,-0.778,-0.016,-0.204,0.221,-0.646,0.509,-0.764,0.058,0.171,-0.485,-0.743,-0.197,0.153,-0.896,-0.151,-0.757,-0.299,-0.428,-0.713,-0.425,0.752,-0.169,-0.611,-0.605,-0.221,0.646,-0.209,0.843,-0.066,-0.622,0.482,-0.271,-0.821,0.757,0.89,-0.112,0.354,-0.715,-0.593,0.061,-0.595,-0.622,-0.812,-0.769,-0.559,0.888,-0.694,-0.067,-0.643,-0.685,-0.211,-0.754,-0.833,-0.389,-0.25,-0.469,-0.518,-0.433,0.63,-0.049,-0.837,-0.118,0.757,-0.686,0.007,0.049,-0.846,0.887,-0.291,-0.395,-0.811,0.235,-0.851,0.939,0.807,0.635,-0.684,-0.704
300347SZ,0.658,0.547,0.047,0.404,0.393,0.237,0.119,0.48,0.686,0.473,0.374,0.337,0.395,0.417,-0.194,0.136,0.532,0.268,-0.154,0.406,0.524,-0.013,0.68,0.06,0.318,-0.037,-0.066,0.148,0.674,-0.031,-0.167,0.075,0.057,0.635,-0.339,-0.014,0.099,0.421,0.762,0.061,0.08,0.236,0.434,0.078,-0.156,0.156,-0.118,-0.012,0.153,-0.006,0.088,0.417,0.082,0.052,0.073,0.042,0.017,0.386,-0.253,0.232,0.344,0.658,0.334,0.291,0.067,-0.121,0.013,1.0,-0.096,0.017,0.359,0.146,0.075,0.029,-0.373,0.006,0.081,0.11,0.381,0.558,0.274,-0.169,0.356,0.235,-0.386,0.264,0.078,0.335,0.542,-0.082,-0.165,0.043,0.004,0.281,0.099,0.552,0.38,0.053,0.314,0.178,0.121,0.257,0.039,0.154,0.263,0.106,-0.208,0.766,0.259,-0.051,0.485,0.21,0.357,0.046,0.345,-0.359,-0.229,-0.422,0.056,-0.007,0.154,-0.081,0.576,0.123,0.647,0.082,0.396,0.399,0.084,0.191,0.082,-0.017,0.248,0.033,-0.169,0.271,0.611,0.162,-0.159,0.444,0.023,0.055,-0.377,0.465,0.271,-0.173,0.541,0.052,0.436,-0.078,0.258,0.075,0.198,0.086,0.334,0.495,0.485,0.288,0.307,0.116,0.506,0.376,0.194,0.338,0.281,0.412,0.279,0.457,0.405,0.531,0.534,0.371,0.025,0.052,0.032,0.108,0.464,0.107,0.471,0.078,-0.019,0.287,0.29,0.107,0.028,0.05,0.371,0.488,0.473,0.417,0.232,0.276,0.104,0.431,-0.242,0.387,0.496,0.054,0.296,0.197,0.023,0.306,0.412,-0.104,0.19,0.191,0.095,0.354,0.032,0.192,0.124,0.047,0.041,-0.116,-0.187,0.02,0.366
300394SZ,-0.195,-0.268,0.145,-0.132,0.054,0.144,0.027,-0.188,-0.169,0.407,-0.13,-0.208,-0.291,-0.002,0.114,0.473,-0.131,-0.411,-0.125,-0.255,-0.236,-0.122,-0.127,0.455,-0.351,0.3,0.435,-0.222,-0.246,-0.197,-0.06,0.36,0.364,0.195,0.512,0.136,0.251,-0.231,-0.183,0.067,0.428,0.083,0.051,0.202,0.262,0.261,0.227,0.585,-0.047,0.32,0.004,-0.271,-0.025,0.083,-0.042,0.304,0.076,0.364,0.142,0.156,0.496,0.0,-0.158,-0.112,0.197,0.714,0.256,-0.096,1.0,-0.106,0.321,0.503,0.201,0.121,-0.012,0.658,-0.077,0.077,0.13,0.048,0.042,-0.006,-0.135,-0.238,0.15,-0.085,-0.058,-0.062,-0.245,0.118,0.391,-0.02,0.296,-0.22,-0.029,-0.192,-0.186,0.284,-0.048,0.297,0.23,-0.265,-0.185,-0.025,0.124,0.026,-0.038,-0.359,-0.228,-0.114,0.061,-0.243,0.091,-0.123,-0.129,0.391,0.105,0.241,-0.264,0.49,0.012,-0.177,-0.314,0.319,-0.209,0.316,0.212,-0.353,0.205,-0.165,0.326,0.189,-0.241,0.007,0.178,-0.087,-0.258,-0.19,0.04,-0.18,-0.019,-0.241,0.352,-0.188,-0.122,-0.072,0.234,0.772,-0.164,-0.113,0.114,-0.234,-0.188,-0.197,-0.068,-0.006,0.079,-0.079,-0.068,0.541,0.117,-0.076,-0.346,0.036,0.219,0.026,0.197,-0.182,-0.127,0.173,0.084,-0.219,0.507,0.423,-0.158,0.594,-0.218,-0.306,0.07,-0.201,-0.11,-0.117,-0.276,0.081,0.227,-0.058,-0.04,-0.218,-0.144,-0.262,-0.159,-0.204,-0.226,-0.083,-0.111,-0.058,0.217,0.808,0.084,-0.095,-0.14,0.206,-0.103,-0.233,-0.153,-0.326,0.215,-0.13,0.071,-0.15,0.139,-0.191,0.268,0.479,0.58,-0.14,-0.275
300408SZ,0.375,-0.016,0.783,0.665,-0.545,-0.027,0.672,0.747,0.269,-0.529,0.347,0.387,0.54,0.018,0.604,-0.503,0.488,0.289,0.803,0.58,0.705,0.573,-0.334,-0.844,0.256,-0.864,0.281,0.88,-0.219,0.904,0.845,-0.808,-0.855,-0.196,-0.154,0.549,-0.36,0.126,0.329,0.648,-0.814,0.335,-0.63,-0.948,-0.386,0.744,-0.597,0.039,0.843,-0.887,0.038,0.715,0.829,-0.868,0.778,0.82,-0.313,0.059,-0.261,-0.784,-0.399,0.423,0.786,0.388,-0.795,-0.174,-0.86,0.017,-0.106,1.0,-0.044,-0.624,0.618,-0.751,0.649,-0.433,0.822,0.53,-0.444,-0.177,0.338,0.905,0.82,-0.111,-0.461,0.755,0.88,0.605,0.54,-0.768,-0.693,0.811,0.137,0.718,0.858,0.508,-0.141,0.74,0.791,-0.818,0.49,0.744,-0.316,-0.536,-0.748,0.897,0.357,-0.32,0.699,0.868,-0.358,0.759,-0.441,0.801,0.788,-0.068,0.786,-0.07,0.852,-0.453,0.072,0.898,0.663,-0.868,0.13,-0.909,-0.622,0.67,0.287,0.722,-0.513,-0.763,0.896,0.499,-0.08,-0.766,0.165,0.894,0.862,0.716,0.307,0.274,-0.013,0.648,-0.42,0.756,0.093,0.165,0.339,0.908,0.328,-0.058,0.894,0.229,0.78,0.472,0.516,0.774,0.553,-0.759,0.146,0.66,0.6,0.463,-0.765,0.371,-0.845,0.062,0.752,-0.498,0.419,0.788,-0.736,-0.712,0.209,-0.134,0.65,0.607,0.099,0.764,0.77,0.752,0.805,0.813,-0.94,0.883,0.297,0.612,0.68,0.391,0.863,0.848,0.375,0.472,0.636,0.659,0.548,-0.533,0.042,0.919,0.361,-0.82,0.722,0.201,0.164,0.709,-0.909,-0.076,0.747,0.909,-0.014,0.713,-0.936,-0.843,-0.641,0.836,0.786
300413SZ,0.367,0.248,0.114,0.176,0.361,-0.213,0.176,0.314,0.285,0.343,-0.057,0.259,-0.116,0.346,-0.164,-0.129,0.194,-0.071,-0.189,0.18,0.326,-0.26,0.304,0.155,-0.04,0.161,0.451,0.004,0.058,0.084,-0.087,0.298,0.277,0.226,0.35,-0.006,-0.073,0.314,0.462,0.203,0.382,0.351,0.402,0.21,0.066,0.056,0.077,0.139,-0.006,0.235,-0.245,0.146,0.155,0.07,0.023,0.178,-0.15,0.081,0.105,0.063,0.655,0.41,0.117,-0.137,0.032,0.419,0.183,0.359,0.321,-0.044,1.0,0.186,-0.048,0.21,-0.308,0.06,-0.099,0.094,0.277,0.346,0.442,-0.147,0.193,-0.171,-0.262,0.198,-0.022,0.13,0.188,0.009,0.237,-0.141,0.181,-0.146,-0.02,0.314,0.309,0.069,0.181,0.183,0.266,-0.135,-0.181,-0.273,0.355,-0.039,-0.101,0.097,0.041,-0.046,-0.001,0.211,0.405,0.105,0.209,-0.059,-0.126,0.093,0.006,0.262,0.404,-0.113,0.194,0.177,0.269,0.176,0.268,0.014,0.356,-0.056,-0.13,0.121,0.052,-0.029,0.202,0.092,0.415,0.019,-0.041,0.172,0.322,-0.382,-0.142,0.117,0.064,-0.065,0.159,0.477,0.227,-0.026,-0.063,-0.193,-0.04,-0.336,0.106,0.368,0.367,0.163,0.022,0.329,0.109,0.237,-0.043,0.374,0.117,0.169,0.258,0.006,0.36,0.509,0.222,0.099,0.16,0.178,-0.274,0.147,0.11,-0.355,0.216,-0.197,-0.11,0.138,0.138,0.174,0.198,-0.035,0.371,0.158,0.176,0.266,0.157,0.018,-0.429,0.321,-0.055,0.201,0.589,0.277,0.527,0.076,0.076,0.158,0.436,-0.209,-0.028,-0.067,0.282,0.128,0.18,0.099,-0.122,-0.234,0.192,0.184,0.304,-0.014,-0.08
300418SZ,-0.217,0.054,-0.353,-0.555,0.561,0.05,-0.62,-0.423,0.048,0.65,-0.252,-0.326,-0.538,-0.084,-0.449,0.407,-0.375,-0.218,-0.721,-0.369,-0.446,-0.314,0.16,0.826,-0.384,0.704,-0.236,-0.683,0.222,-0.775,-0.737,0.794,0.606,0.237,0.191,-0.311,0.33,-0.049,-0.117,-0.414,0.685,-0.272,0.457,0.717,0.081,-0.223,0.244,0.111,-0.557,0.742,-0.018,-0.549,-0.613,0.519,-0.514,-0.431,0.101,0.276,-0.123,0.459,0.645,-0.144,-0.607,-0.207,0.515,0.283,0.58,0.146,0.503,-0.624,0.186,1.0,-0.295,0.373,-0.546,0.575,-0.453,-0.478,0.195,0.185,-0.232,-0.673,-0.537,-0.015,0.198,-0.507,-0.533,-0.512,-0.347,0.5,0.575,-0.519,-0.058,-0.485,-0.489,-0.332,0.157,-0.183,-0.501,0.789,-0.413,-0.544,0.056,0.45,0.605,-0.438,-0.463,0.115,-0.561,-0.685,0.297,-0.663,0.3,-0.71,-0.569,0.184,-0.534,0.142,-0.765,0.303,-0.363,-0.748,-0.405,0.852,0.048,0.722,0.525,-0.632,-0.047,-0.606,0.275,0.458,-0.662,-0.516,0.041,0.457,-0.232,-0.703,-0.542,-0.462,-0.522,-0.272,-0.121,-0.505,0.12,-0.549,0.005,0.216,-0.164,-0.759,-0.204,-0.14,-0.616,-0.224,-0.452,-0.274,-0.267,-0.523,-0.382,0.891,-0.011,-0.439,-0.555,-0.327,0.557,-0.261,0.685,-0.098,-0.499,0.331,-0.202,-0.56,0.756,0.615,-0.256,0.372,-0.447,-0.512,-0.144,-0.64,-0.674,-0.518,-0.665,-0.449,0.688,-0.625,-0.395,-0.484,-0.516,-0.51,-0.632,-0.624,-0.217,-0.412,-0.702,-0.481,-0.177,0.77,-0.021,-0.572,-0.649,0.809,-0.388,-0.427,-0.507,-0.528,0.642,0.143,-0.516,-0.639,0.177,-0.493,0.701,0.763,0.728,-0.574,-0.594
300433SZ,0.218,-0.334,0.295,0.412,-0.471,0.441,0.564,0.351,-0.066,-0.012,0.701,0.087,0.671,0.279,0.807,0.127,0.481,-0.162,0.771,0.164,0.34,0.279,-0.294,-0.276,0.459,-0.669,0.156,0.361,-0.428,0.586,0.613,-0.519,-0.392,0.038,0.188,0.924,0.457,-0.401,0.073,0.489,-0.436,0.692,-0.637,-0.625,0.274,0.847,0.077,0.656,0.501,-0.514,0.639,0.243,0.551,-0.26,0.177,0.745,0.356,0.674,0.026,-0.206,-0.286,0.283,0.317,0.736,-0.112,0.306,-0.296,0.075,0.201,0.618,-0.048,-0.295,1.0,-0.186,0.247,0.302,0.249,0.683,0.086,0.369,-0.08,0.748,0.377,0.38,0.076,0.24,0.37,0.215,0.265,-0.338,-0.645,0.785,0.699,0.561,0.365,0.199,-0.53,0.335,0.387,-0.602,0.487,0.571,0.309,0.014,-0.725,0.752,0.683,-0.093,0.546,0.662,0.288,0.238,-0.619,0.676,0.636,-0.221,0.689,-0.171,0.585,-0.01,-0.08,0.498,0.257,-0.556,-0.253,-0.356,-0.058,0.452,-0.264,0.523,0.109,-0.1,0.581,0.8,-0.44,-0.179,0.24,0.543,0.365,0.258,0.262,0.625,0.328,0.463,0.201,0.39,0.575,0.46,-0.083,0.556,0.755,0.488,0.432,0.667,0.377,0.574,0.498,0.376,0.745,-0.305,0.451,0.276,0.5,0.682,-0.543,0.707,-0.259,0.352,0.472,-0.112,0.652,0.437,-0.258,-0.054,0.633,0.549,0.431,0.659,0.548,0.826,0.709,0.219,0.37,0.727,-0.587,0.755,0.372,0.438,0.433,0.401,0.495,0.526,0.61,0.417,0.519,0.469,0.358,-0.085,-0.282,0.526,0.321,-0.399,0.225,0.603,0.505,0.091,-0.515,-0.443,0.729,0.573,0.653,0.346,-0.438,-0.451,-0.34,0.658,0.638
300450SZ,-0.279,-0.283,-0.8,-0.513,0.284,0.137,-0.197,-0.61,-0.419,0.435,0.0,-0.341,-0.292,0.194,-0.222,0.503,-0.346,-0.61,-0.396,-0.675,-0.55,-0.679,0.301,0.715,0.081,0.652,-0.003,-0.73,-0.103,-0.546,-0.433,0.629,0.863,0.281,0.519,-0.013,0.579,-0.405,-0.243,-0.286,0.788,0.189,0.44,0.735,0.737,-0.497,0.88,0.339,-0.631,0.739,0.259,-0.657,-0.46,0.902,-0.727,-0.446,0.602,0.163,0.474,0.849,0.242,-0.353,-0.601,-0.097,0.883,0.536,0.929,0.029,0.121,-0.751,0.21,0.373,-0.186,1.0,-0.545,0.544,-0.896,-0.009,0.726,0.555,-0.216,-0.576,-0.698,0.179,0.619,-0.689,-0.832,-0.607,-0.561,0.73,0.452,-0.573,0.335,-0.64,-0.814,-0.406,-0.234,-0.793,-0.715,0.529,0.005,-0.59,0.477,0.369,0.482,-0.701,0.051,0.313,-0.55,-0.56,0.456,-0.546,0.283,-0.37,-0.482,-0.114,-0.487,-0.073,-0.491,0.703,0.235,-0.673,-0.611,0.531,-0.404,0.83,0.772,-0.429,-0.364,-0.472,0.595,0.891,-0.678,0.081,0.076,0.825,0.131,-0.626,-0.815,-0.705,0.188,-0.108,0.343,-0.515,0.582,-0.709,0.135,0.127,-0.487,-0.586,-0.114,0.256,-0.802,-0.002,-0.698,-0.163,-0.339,-0.619,-0.282,0.59,-0.135,-0.52,-0.495,-0.063,0.526,-0.092,0.781,0.098,-0.466,0.521,-0.207,-0.704,0.661,0.854,-0.036,0.297,-0.599,-0.476,0.183,-0.429,-0.45,-0.748,-0.589,-0.459,0.783,-0.566,0.135,-0.501,-0.556,0.012,-0.614,-0.684,-0.344,-0.101,-0.301,-0.404,-0.355,0.475,0.026,-0.75,0.108,0.595,-0.61,0.226,0.278,-0.772,0.807,-0.369,-0.205,-0.677,0.226,-0.808,0.839,0.643,0.487,-0.577,-0.56
300498SZ,-0.118,-0.373,0.468,0.282,-0.669,-0.113,0.475,0.253,-0.127,-0.653,-0.182,-0.113,0.151,-0.37,0.473,-0.262,-0.025,-0.011,0.51,0.128,0.187,0.438,-0.352,-0.637,-0.105,-0.459,0.335,0.546,-0.332,0.572,0.696,-0.622,-0.538,-0.275,0.006,0.222,-0.36,-0.122,-0.128,0.342,-0.554,-0.08,-0.513,-0.656,-0.266,0.369,-0.359,0.083,0.513,-0.559,-0.137,0.269,0.532,-0.652,0.695,0.51,-0.212,-0.29,-0.008,-0.594,-0.604,-0.081,0.51,-0.091,-0.58,-0.057,-0.553,-0.373,-0.012,0.649,-0.308,-0.546,0.247,-0.545,1.0,-0.279,0.599,0.25,-0.477,-0.434,0.232,0.63,0.39,-0.437,-0.059,0.492,0.618,0.357,-0.02,-0.367,-0.214,0.471,0.048,0.254,0.558,0.032,-0.38,0.492,0.394,-0.576,0.345,0.223,-0.418,-0.546,-0.518,0.402,0.254,-0.518,0.242,0.524,-0.591,0.407,-0.333,0.432,0.342,0.386,0.574,0.087,0.493,-0.197,0.082,0.676,0.161,-0.657,-0.249,-0.679,-0.582,0.243,0.377,0.311,-0.241,-0.567,0.419,0.274,0.229,-0.686,-0.269,0.506,0.713,0.289,0.242,0.063,0.144,0.201,-0.56,0.565,-0.242,0.157,0.086,0.722,-0.014,-0.28,0.558,-0.119,0.421,-0.053,0.012,0.455,0.062,-0.639,-0.24,0.341,0.209,-0.066,-0.521,-0.073,-0.823,-0.365,0.25,-0.758,-0.047,0.303,-0.536,-0.535,-0.019,-0.248,0.125,0.195,-0.273,0.388,0.488,0.45,0.37,0.511,-0.652,0.558,-0.035,0.094,0.173,0.036,0.471,0.389,0.06,0.181,0.543,0.3,0.124,-0.343,-0.074,0.546,0.341,-0.689,0.276,0.02,0.008,0.419,-0.693,-0.283,0.411,0.489,-0.234,0.447,-0.66,-0.487,-0.381,0.494,0.316
300502SZ,-0.285,-0.429,-0.457,-0.357,0.089,0.439,-0.193,-0.495,-0.378,0.629,0.127,-0.494,-0.067,0.166,0.209,0.8,-0.146,-0.575,-0.21,-0.518,-0.495,-0.268,0.019,0.746,-0.05,0.367,-0.025,-0.633,-0.238,-0.464,-0.327,0.421,0.607,0.266,0.474,0.272,0.827,-0.596,-0.352,-0.248,0.533,0.167,0.036,0.438,0.659,0.161,0.693,0.731,-0.417,0.52,0.514,-0.623,-0.346,0.625,-0.574,-0.05,0.624,0.657,0.265,0.622,0.246,-0.195,-0.537,0.154,0.724,0.678,0.655,0.006,0.658,-0.433,0.06,0.575,0.302,0.544,-0.279,1.0,-0.557,0.009,0.515,0.487,-0.396,-0.247,-0.525,0.298,0.591,-0.562,-0.53,-0.422,-0.425,0.516,0.265,-0.072,0.594,-0.294,-0.512,-0.441,-0.444,-0.309,-0.468,0.391,-0.026,-0.38,0.451,0.538,0.131,-0.204,0.232,0.048,-0.302,-0.336,0.554,-0.678,-0.115,-0.288,-0.266,0.067,-0.142,-0.001,-0.455,0.558,-0.234,-0.516,-0.544,0.488,-0.449,0.668,0.612,-0.406,-0.423,-0.396,0.677,0.68,-0.469,0.164,-0.273,0.541,-0.128,-0.505,-0.475,-0.551,-0.167,0.207,0.364,-0.291,0.512,-0.425,0.476,0.552,-0.449,-0.441,0.361,0.376,-0.537,0.241,-0.432,0.001,-0.097,-0.448,0.058,0.66,0.259,-0.447,-0.264,0.084,0.377,0.21,0.612,0.106,-0.399,0.315,0.164,-0.473,0.624,0.741,0.319,0.804,-0.362,-0.131,0.292,-0.098,-0.187,-0.589,-0.616,-0.106,0.448,-0.195,-0.062,-0.332,-0.367,-0.199,-0.486,-0.457,0.096,-0.143,-0.214,-0.268,-0.158,0.74,-0.347,-0.452,-0.187,0.549,-0.549,0.171,0.144,-0.732,0.466,-0.383,-0.121,-0.448,0.672,-0.427,0.607,0.618,0.533,-0.265,-0.329
300628SZ,0.446,0.282,0.887,0.626,-0.216,-0.023,0.406,0.732,0.501,-0.42,0.101,0.482,0.355,-0.095,0.233,-0.442,0.438,0.583,0.484,0.727,0.682,0.645,-0.173,-0.79,-0.076,-0.624,0.159,0.884,0.112,0.642,0.602,-0.587,-0.809,-0.025,-0.489,0.115,-0.602,0.482,0.394,0.481,-0.731,-0.007,-0.405,-0.771,-0.677,0.515,-0.819,-0.246,0.822,-0.76,-0.19,0.8,0.642,-0.943,0.869,0.575,-0.572,-0.123,-0.507,-0.772,-0.245,0.523,0.795,0.125,-0.873,-0.463,-0.911,0.081,-0.077,0.822,-0.099,-0.453,0.249,-0.896,0.599,-0.557,1.0,0.158,-0.589,-0.487,0.449,0.631,0.838,-0.285,-0.689,0.854,0.947,0.737,0.604,-0.831,-0.442,0.604,-0.259,0.649,0.93,0.592,0.192,0.857,0.844,-0.526,0.248,0.667,-0.577,-0.527,-0.469,0.723,-0.112,-0.226,0.578,0.637,-0.484,0.754,-0.208,0.508,0.619,0.113,0.603,0.047,0.615,-0.531,0.028,0.812,0.713,-0.617,0.46,-0.854,-0.704,0.609,0.512,0.663,-0.499,-0.945,0.765,0.087,0.075,-0.843,0.07,0.767,0.826,0.827,0.065,0.002,-0.233,0.625,-0.61,0.792,-0.016,-0.026,0.643,0.725,0.099,-0.373,0.916,-0.041,0.846,0.303,0.433,0.802,0.311,-0.647,0.114,0.741,0.425,0.124,-0.516,0.097,-0.807,-0.026,0.651,-0.447,0.287,0.772,-0.597,-0.826,-0.036,-0.336,0.647,0.424,-0.087,0.462,0.499,0.89,0.748,0.599,-0.807,0.664,0.04,0.575,0.669,0.153,0.785,0.778,0.264,0.365,0.271,0.591,0.502,-0.434,0.211,0.862,0.136,-0.639,0.738,-0.238,-0.154,0.902,-0.823,0.375,0.39,0.81,-0.351,0.82,-0.872,-0.716,-0.522,0.649,0.62
300661SZ,0.24,-0.261,0.28,0.49,-0.533,0.215,0.8,0.375,-0.053,-0.194,0.588,0.262,0.544,0.308,0.596,-0.033,0.39,-0.255,0.743,0.071,0.39,0.085,-0.011,-0.374,0.471,-0.537,0.492,0.45,-0.362,0.666,0.698,-0.502,-0.254,0.124,0.334,0.713,0.159,-0.233,0.238,0.561,-0.243,0.729,-0.381,-0.515,0.345,0.467,0.162,0.429,0.498,-0.488,0.384,0.374,0.624,-0.241,0.334,0.712,0.267,0.306,0.29,-0.091,-0.221,0.24,0.525,0.459,-0.118,0.376,-0.206,0.11,0.077,0.53,0.094,-0.478,0.683,-0.009,0.25,0.009,0.158,1.0,0.267,0.346,0.269,0.706,0.418,0.067,0.019,0.325,0.323,0.278,0.25,-0.291,-0.485,0.499,0.493,0.402,0.33,0.321,-0.398,0.24,0.383,-0.599,0.761,0.457,0.035,-0.264,-0.577,0.494,0.558,-0.056,0.418,0.663,0.049,0.497,-0.244,0.727,0.554,-0.148,0.502,-0.229,0.635,0.233,0.52,0.504,0.287,-0.641,-0.188,-0.359,0.022,0.44,-0.013,0.607,0.091,-0.063,0.547,0.784,0.028,-0.22,0.401,0.651,0.335,0.289,0.72,0.336,0.449,0.38,0.021,0.199,0.38,0.39,-0.082,0.646,0.463,0.227,0.382,0.353,0.364,0.522,0.441,0.427,0.54,-0.398,0.227,0.412,0.313,0.629,-0.456,0.536,-0.31,0.273,0.534,0.006,0.498,0.392,-0.323,0.022,0.285,0.258,0.329,0.397,0.545,0.64,0.691,0.278,0.535,0.559,-0.437,0.589,0.655,0.401,0.43,0.712,0.539,0.5,0.165,0.526,0.615,0.56,0.391,-0.149,0.205,0.444,0.761,-0.487,0.309,0.556,0.693,0.147,-0.355,-0.481,0.834,0.53,0.219,0.135,-0.392,-0.506,-0.388,0.421,0.539
300750SZ,0.148,-0.027,-0.499,0.034,0.196,0.442,0.127,-0.196,-0.09,0.548,0.302,-0.048,0.18,0.475,0.023,0.596,0.189,-0.399,-0.151,-0.266,-0.1,-0.456,0.521,0.491,0.251,0.294,0.125,-0.391,0.064,-0.255,-0.221,0.296,0.66,0.548,0.265,0.107,0.561,-0.211,0.14,-0.19,0.562,0.379,0.35,0.447,0.666,-0.133,0.725,0.438,-0.308,0.398,0.41,-0.207,-0.145,0.661,-0.444,-0.081,0.559,0.44,0.322,0.824,0.272,0.146,-0.199,0.136,0.724,0.441,0.668,0.381,0.13,-0.444,0.277,0.195,0.086,0.726,-0.477,0.515,-0.589,0.267,1.0,0.677,-0.013,-0.321,-0.25,0.308,0.349,-0.321,-0.512,-0.202,-0.097,0.438,0.124,-0.216,0.422,-0.187,-0.459,0.012,-0.112,-0.505,-0.277,0.301,0.238,-0.241,0.426,0.364,0.251,-0.317,0.185,0.469,-0.133,-0.255,0.553,-0.216,0.216,-0.06,-0.039,-0.251,-0.337,-0.307,-0.2,0.597,0.416,-0.422,-0.16,0.285,-0.07,0.573,0.834,0.014,-0.337,-0.128,0.629,0.663,-0.256,0.306,-0.074,0.688,0.464,-0.24,-0.582,-0.254,0.34,0.112,0.3,0.003,0.651,-0.49,0.569,0.27,-0.186,-0.307,0.274,0.382,-0.401,0.169,-0.242,0.263,0.13,-0.175,0.132,0.371,0.29,-0.112,-0.146,0.283,0.506,0.34,0.635,0.4,-0.054,0.657,0.269,-0.214,0.384,0.642,0.207,0.429,-0.112,-0.109,0.552,-0.064,-0.11,-0.356,-0.201,-0.174,0.478,-0.219,0.485,0.012,-0.038,0.385,-0.229,-0.218,-0.167,0.286,-0.141,0.075,0.033,0.366,0.173,-0.396,0.34,0.45,-0.261,0.267,0.559,-0.439,0.584,-0.202,0.016,-0.281,0.331,-0.469,0.553,0.305,0.14,-0.33,-0.143
300759SZ,0.214,-0.131,-0.431,-0.02,0.101,0.246,0.162,0.031,0.016,0.479,0.439,-0.114,0.34,0.526,0.153,0.335,0.207,-0.358,-0.013,-0.166,0.06,-0.323,0.366,0.345,0.419,0.032,-0.06,-0.279,0.004,-0.077,-0.132,0.132,0.364,0.372,0.272,0.419,0.675,-0.309,0.246,0.074,0.33,0.566,0.131,0.223,0.549,0.178,0.558,0.496,-0.168,0.225,0.51,-0.17,-0.006,0.528,-0.411,0.02,0.554,0.554,0.178,0.527,0.162,0.154,-0.095,0.425,0.56,0.415,0.486,0.558,0.048,-0.177,0.346,0.185,0.369,0.555,-0.434,0.487,-0.487,0.346,0.677,1.0,-0.068,-0.109,-0.137,0.489,0.295,-0.26,-0.376,-0.218,-0.011,0.33,-0.117,0.022,0.59,-0.045,-0.374,0.029,-0.266,-0.384,-0.202,0.086,0.195,-0.062,0.547,0.352,0.072,-0.067,0.342,0.554,0.047,-0.035,0.642,-0.211,-0.028,0.11,0.204,-0.306,-0.135,-0.301,-0.018,0.417,0.1,-0.268,-0.016,0.139,-0.117,0.387,0.713,0.058,-0.351,-0.086,0.355,0.561,-0.041,0.392,-0.341,0.64,0.454,-0.09,-0.42,-0.176,0.216,0.299,0.103,0.062,0.672,-0.401,0.54,0.347,-0.191,-0.178,0.371,0.504,-0.258,0.344,-0.162,0.379,0.185,-0.121,0.282,0.279,0.308,-0.093,0.079,0.455,0.154,0.474,0.518,0.344,0.111,0.454,0.456,-0.101,0.211,0.534,0.36,0.497,0.003,0.032,0.533,0.17,0.043,-0.31,-0.122,0.143,0.227,0.037,0.348,0.071,0.013,0.42,-0.056,-0.12,0.176,0.312,-0.064,0.081,0.156,0.196,-0.071,-0.099,0.179,0.379,-0.061,0.406,0.452,-0.433,0.316,-0.366,0.24,-0.066,0.614,-0.417,0.367,0.116,0.105,-0.035,0.121
300760SZ,0.548,0.25,0.522,0.385,0.177,-0.28,0.472,0.607,0.516,-0.154,-0.126,0.465,0.003,0.268,-0.103,-0.325,0.189,0.196,0.053,0.459,0.579,0.151,0.318,-0.407,-0.253,-0.094,0.506,0.576,0.155,0.348,0.348,-0.082,-0.13,0.349,-0.06,-0.101,-0.492,0.556,0.621,0.581,0.009,0.216,0.156,-0.2,-0.227,0.085,-0.279,-0.085,0.555,-0.227,-0.323,0.571,0.59,-0.465,0.628,0.332,-0.551,-0.217,-0.268,-0.259,0.096,0.464,0.685,-0.212,-0.382,-0.033,-0.244,0.274,0.042,0.338,0.442,-0.232,-0.08,-0.216,0.232,-0.396,0.449,0.269,-0.013,-0.068,1.0,0.166,0.622,-0.493,-0.587,0.706,0.534,0.427,0.372,-0.487,0.083,0.084,-0.136,0.028,0.501,0.668,0.251,0.501,0.514,-0.079,0.512,0.095,-0.613,-0.716,0.094,0.154,-0.266,-0.033,0.224,0.222,-0.435,0.684,0.298,0.385,0.451,0.083,0.15,0.04,0.401,0.101,0.585,0.418,0.509,-0.246,0.408,-0.373,-0.075,0.332,0.778,0.319,-0.292,-0.462,0.383,0.067,0.465,-0.397,0.409,0.494,0.325,0.594,0.536,-0.513,-0.226,0.29,-0.435,0.39,-0.053,0.254,0.663,0.468,-0.289,-0.591,0.475,-0.559,0.624,0.389,0.377,0.684,-0.004,-0.236,-0.167,0.761,0.013,0.213,-0.132,-0.085,-0.303,-0.18,0.637,0.032,0.163,0.366,-0.234,-0.28,-0.37,-0.347,0.232,-0.171,-0.028,-0.019,0.067,0.646,0.558,0.424,-0.235,0.289,0.275,0.246,0.406,0.336,0.595,0.334,-0.409,0.612,0.021,0.638,0.587,-0.087,0.708,0.5,0.403,-0.229,0.69,-0.474,-0.074,0.537,-0.219,0.223,0.41,0.471,-0.553,0.148,-0.304,-0.334,-0.208,0.276,0.204
300782SZ,0.185,-0.248,0.652,0.58,-0.711,0.101,0.725,0.541,-0.013,-0.514,0.444,0.279,0.584,0.041,0.771,-0.346,0.428,0.074,0.924,0.359,0.501,0.51,-0.439,-0.747,0.342,-0.865,0.306,0.74,-0.479,0.897,0.895,-0.838,-0.754,-0.277,0.043,0.709,-0.144,-0.143,0.096,0.638,-0.75,0.477,-0.765,-0.918,-0.066,0.735,-0.321,0.227,0.764,-0.856,0.237,0.537,0.787,-0.707,0.63,0.851,-0.072,0.131,0.015,-0.642,-0.477,0.242,0.648,0.466,-0.604,0.024,-0.721,-0.169,-0.006,0.905,-0.147,-0.673,0.748,-0.576,0.63,-0.247,0.631,0.706,-0.321,-0.109,0.166,1.0,0.64,0.002,-0.182,0.559,0.724,0.495,0.37,-0.622,-0.692,0.831,0.323,0.68,0.716,0.319,-0.372,0.61,0.644,-0.888,0.569,0.69,-0.134,-0.418,-0.892,0.854,0.599,-0.399,0.658,0.924,-0.272,0.625,-0.573,0.85,0.71,-0.018,0.854,-0.048,0.837,-0.264,0.123,0.858,0.428,-0.887,-0.145,-0.802,-0.556,0.56,0.078,0.708,-0.31,-0.534,0.813,0.663,-0.132,-0.68,0.082,0.848,0.8,0.505,0.421,0.436,0.272,0.542,-0.28,0.679,0.167,0.226,0.077,0.895,0.477,0.139,0.743,0.395,0.601,0.425,0.437,0.62,0.606,-0.72,0.174,0.485,0.582,0.514,-0.794,0.448,-0.769,0.09,0.608,-0.473,0.424,0.651,-0.673,-0.51,0.383,0.054,0.534,0.646,0.214,0.847,0.876,0.553,0.684,0.773,-0.873,0.88,0.353,0.515,0.564,0.449,0.749,0.754,0.445,0.37,0.775,0.559,0.39,-0.457,-0.074,0.786,0.511,-0.83,0.482,0.438,0.366,0.493,-0.824,-0.308,0.801,0.811,0.143,0.608,-0.838,-0.778,-0.572,0.788,0.722
600000SS,0.776,0.416,0.86,0.863,-0.154,0.043,0.63,0.94,0.641,-0.238,0.37,0.696,0.561,0.299,0.343,-0.414,0.719,0.53,0.564,0.867,0.935,0.571,0.106,-0.786,0.21,-0.724,0.307,0.934,0.154,0.778,0.655,-0.623,-0.719,0.157,-0.37,0.233,-0.476,0.543,0.72,0.621,-0.628,0.318,-0.259,-0.767,-0.471,0.589,-0.653,-0.113,0.871,-0.803,-0.069,0.947,0.822,-0.826,0.817,0.694,-0.468,0.079,-0.35,-0.623,-0.105,0.782,0.904,0.258,-0.748,-0.298,-0.799,0.356,-0.135,0.82,0.193,-0.537,0.377,-0.698,0.39,-0.525,0.838,0.418,-0.25,-0.137,0.622,0.64,1.0,-0.137,-0.766,0.95,0.912,0.823,0.841,-0.835,-0.569,0.683,-0.01,0.734,0.899,0.869,0.278,0.77,0.96,-0.6,0.49,0.752,-0.434,-0.542,-0.44,0.768,0.079,0.006,0.798,0.696,-0.302,0.909,-0.086,0.74,0.864,-0.185,0.506,-0.19,0.803,-0.423,0.29,0.794,0.916,-0.679,0.573,-0.809,-0.427,0.81,0.455,0.779,-0.448,-0.795,0.911,0.33,-0.013,-0.641,0.514,0.894,0.727,0.966,0.338,0.073,-0.238,0.846,-0.333,0.73,0.277,0.121,0.735,0.797,0.284,-0.185,0.947,0.039,0.959,0.697,0.766,0.957,0.586,-0.642,0.336,0.92,0.628,0.549,-0.453,0.423,-0.623,0.264,0.934,-0.108,0.555,0.933,-0.661,-0.719,0.098,-0.219,0.833,0.527,0.249,0.601,0.622,0.958,0.935,0.73,-0.793,0.776,0.413,0.82,0.903,0.525,0.941,0.915,0.182,0.71,0.403,0.879,0.785,-0.466,0.371,0.907,0.37,-0.619,0.917,-0.077,0.183,0.856,-0.732,0.302,0.585,0.93,-0.217,0.744,-0.811,-0.799,-0.666,0.711,0.782
600010SS,0.108,0.046,-0.351,0.048,0.045,0.396,-0.147,-0.084,-0.071,0.333,0.558,-0.013,0.518,0.416,0.207,0.286,0.353,0.078,0.157,0.02,-0.039,-0.024,0.025,0.161,0.519,-0.251,-0.499,-0.21,0.044,-0.061,-0.164,-0.119,-0.036,0.027,-0.194,0.338,0.591,-0.26,-0.059,-0.193,-0.132,0.303,-0.195,-0.013,0.35,0.212,0.302,0.181,-0.143,-0.025,0.595,-0.093,-0.177,0.362,-0.505,-0.132,0.46,0.535,-0.012,0.308,-0.122,0.071,-0.227,0.663,0.335,-0.121,0.126,0.235,-0.238,-0.111,-0.171,-0.015,0.38,0.179,-0.437,0.298,-0.285,0.067,0.308,0.489,-0.493,0.002,-0.137,1.0,0.248,-0.336,-0.284,-0.149,0.17,0.106,-0.413,0.202,0.324,0.259,-0.241,-0.045,-0.148,-0.36,-0.149,-0.074,-0.272,0.251,0.878,0.606,-0.216,0.177,0.416,0.449,0.296,0.07,0.693,-0.288,-0.355,0.099,0.169,-0.44,0.017,-0.247,0.033,-0.089,-0.383,-0.141,0.015,0.019,-0.054,0.183,0.227,0.144,-0.717,0.013,0.268,0.342,0.065,0.268,-0.72,0.459,0.258,-0.052,-0.333,-0.093,-0.258,0.633,0.019,0.199,0.756,-0.081,0.502,-0.173,-0.211,-0.206,0.571,0.827,-0.128,0.709,-0.181,0.249,0.12,-0.195,0.458,0.033,0.461,-0.238,0.39,0.363,0.011,0.556,0.359,0.518,-0.056,0.327,0.4,0.073,0.022,0.131,0.711,0.386,0.223,0.527,0.535,0.389,0.148,-0.272,-0.117,-0.038,-0.025,0.074,0.06,0.24,0.132,0.159,-0.116,0.06,0.649,-0.03,-0.008,-0.032,-0.141,-0.154,-0.504,-0.091,-0.137,0.193,-0.261,0.518,0.414,-0.232,0.043,-0.057,-0.023,-0.017,0.704,0.004,0.126,-0.063,-0.126,0.079,0.225
600011SS,-0.697,-0.704,-0.74,-0.566,-0.284,0.173,-0.202,-0.76,-0.778,0.077,-0.077,-0.702,-0.141,-0.253,0.175,0.435,-0.464,-0.73,-0.087,-0.836,-0.759,-0.444,-0.235,0.526,0.083,0.337,-0.117,-0.68,-0.472,-0.363,-0.193,0.183,0.491,-0.189,0.505,0.223,0.625,-0.844,-0.707,-0.385,0.344,0.006,-0.081,0.369,0.63,-0.183,0.726,0.433,-0.589,0.444,0.373,-0.808,-0.464,0.662,-0.63,-0.265,0.665,0.09,0.552,0.516,-0.212,-0.68,-0.632,0.03,0.688,0.485,0.628,-0.386,0.15,-0.461,-0.262,0.198,0.076,0.619,-0.059,0.591,-0.689,0.019,0.349,0.295,-0.587,-0.182,-0.766,0.248,1.0,-0.761,-0.69,-0.632,-0.763,0.798,0.272,-0.248,0.429,-0.414,-0.703,-0.797,-0.662,-0.625,-0.732,0.17,-0.121,-0.486,0.55,0.457,-0.022,-0.414,0.387,-0.071,-0.473,-0.251,0.322,-0.69,-0.26,-0.29,-0.492,0.275,-0.13,-0.0,-0.421,0.447,-0.153,-0.443,-0.787,0.245,-0.786,0.524,0.354,-0.524,-0.485,-0.491,0.557,0.75,-0.575,0.197,-0.001,0.524,-0.371,-0.531,-0.431,-0.819,-0.033,0.329,0.432,-0.565,0.412,-0.485,0.004,0.125,-0.819,-0.369,0.102,0.434,-0.666,0.251,-0.734,-0.428,-0.542,-0.693,-0.213,0.33,-0.144,-0.722,-0.328,-0.227,0.133,-0.047,0.373,-0.145,-0.674,-0.042,-0.233,-0.684,0.363,0.628,0.225,0.388,-0.621,-0.208,0.035,-0.114,-0.123,-0.801,-0.683,-0.294,0.423,-0.313,-0.094,-0.572,-0.679,-0.174,-0.621,-0.591,0.036,-0.414,0.067,-0.576,-0.595,0.302,-0.462,-0.597,0.007,0.278,-0.804,0.445,0.187,-0.784,0.413,-0.648,-0.146,-0.585,0.46,-0.557,0.514,0.462,0.36,-0.327,-0.434
600015SS,0.705,0.36,0.867,0.769,-0.109,-0.022,0.601,0.875,0.622,-0.271,0.174,0.625,0.406,0.165,0.239,-0.408,0.569,0.486,0.461,0.807,0.857,0.527,0.124,-0.771,0.048,-0.583,0.403,0.91,0.15,0.7,0.634,-0.529,-0.655,0.189,-0.344,0.103,-0.565,0.571,0.666,0.607,-0.545,0.203,-0.184,-0.696,-0.516,0.471,-0.66,-0.123,0.845,-0.71,-0.203,0.892,0.786,-0.847,0.869,0.633,-0.554,-0.076,-0.351,-0.635,-0.106,0.702,0.891,0.084,-0.759,-0.282,-0.76,0.264,-0.085,0.755,0.198,-0.507,0.24,-0.689,0.492,-0.562,0.854,0.325,-0.321,-0.26,0.706,0.559,0.95,-0.336,-0.761,1.0,0.929,0.824,0.726,-0.801,-0.377,0.566,-0.085,0.59,0.894,0.813,0.268,0.796,0.926,-0.493,0.486,0.615,-0.573,-0.646,-0.322,0.634,-0.056,-0.067,0.675,0.614,-0.448,0.892,0.017,0.645,0.774,-0.027,0.482,-0.073,0.714,-0.331,0.34,0.788,0.83,-0.619,0.539,-0.783,-0.436,0.707,0.631,0.705,-0.418,-0.815,0.804,0.223,0.166,-0.688,0.425,0.836,0.748,0.93,0.344,-0.101,-0.236,0.727,-0.474,0.741,0.141,0.143,0.775,0.792,0.122,-0.384,0.917,-0.161,0.946,0.569,0.665,0.953,0.406,-0.614,0.193,0.936,0.495,0.375,-0.398,0.261,-0.656,0.089,0.864,-0.183,0.433,0.827,-0.591,-0.712,-0.072,-0.283,0.699,0.345,0.124,0.447,0.529,0.976,0.871,0.697,-0.728,0.696,0.294,0.683,0.786,0.418,0.901,0.814,0.037,0.699,0.324,0.836,0.753,-0.401,0.459,0.868,0.364,-0.601,0.895,-0.233,0.057,0.867,-0.704,0.313,0.52,0.866,-0.399,0.709,-0.774,-0.711,-0.564,0.631,0.66
600016SS,0.544,0.214,0.925,0.696,-0.267,-0.016,0.571,0.816,0.499,-0.411,0.206,0.537,0.428,0.047,0.389,-0.446,0.507,0.494,0.596,0.76,0.769,0.668,-0.146,-0.843,0.024,-0.708,0.287,0.942,-0.005,0.756,0.726,-0.646,-0.812,-0.011,-0.354,0.227,-0.54,0.426,0.47,0.644,-0.724,0.143,-0.436,-0.845,-0.546,0.596,-0.735,-0.097,0.896,-0.831,-0.114,0.833,0.804,-0.949,0.882,0.696,-0.536,-0.044,-0.402,-0.779,-0.263,0.572,0.855,0.179,-0.847,-0.325,-0.888,0.078,-0.058,0.88,-0.022,-0.533,0.37,-0.832,0.618,-0.53,0.947,0.323,-0.512,-0.376,0.534,0.724,0.912,-0.284,-0.69,0.929,1.0,0.762,0.653,-0.869,-0.49,0.711,-0.07,0.678,0.956,0.679,0.121,0.876,0.909,-0.628,0.432,0.703,-0.542,-0.608,-0.534,0.781,0.043,-0.259,0.693,0.73,-0.495,0.831,-0.229,0.675,0.755,0.032,0.668,-0.012,0.76,-0.458,0.126,0.888,0.751,-0.709,0.395,-0.895,-0.624,0.677,0.52,0.739,-0.484,-0.905,0.852,0.263,0.054,-0.824,0.204,0.869,0.87,0.869,0.224,0.032,-0.15,0.689,-0.545,0.842,0.071,0.103,0.665,0.85,0.177,-0.322,0.964,-0.012,0.923,0.481,0.582,0.9,0.451,-0.708,0.144,0.83,0.531,0.33,-0.575,0.224,-0.799,0.041,0.784,-0.417,0.386,0.826,-0.644,-0.8,0.043,-0.263,0.687,0.486,0.006,0.573,0.618,0.936,0.839,0.753,-0.867,0.797,0.163,0.631,0.74,0.291,0.899,0.844,0.227,0.534,0.409,0.74,0.618,-0.462,0.235,0.931,0.287,-0.711,0.815,-0.148,-0.007,0.878,-0.86,0.234,0.552,0.907,-0.287,0.822,-0.9,-0.768,-0.593,0.756,0.712
600018SS,0.645,0.479,0.739,0.84,-0.101,0.227,0.477,0.713,0.509,-0.09,0.316,0.639,0.537,0.19,0.246,-0.178,0.729,0.565,0.449,0.776,0.734,0.574,0.214,-0.641,0.222,-0.561,0.298,0.768,0.187,0.601,0.478,-0.529,-0.582,0.179,-0.384,0.056,-0.429,0.54,0.553,0.362,-0.546,0.169,-0.119,-0.596,-0.395,0.388,-0.551,-0.18,0.677,-0.667,-0.073,0.831,0.568,-0.668,0.711,0.553,-0.323,0.044,-0.108,-0.441,-0.05,0.727,0.749,0.1,-0.612,-0.278,-0.698,0.335,-0.062,0.605,0.13,-0.512,0.215,-0.607,0.357,-0.422,0.737,0.278,-0.202,-0.218,0.427,0.495,0.823,-0.149,-0.632,0.824,0.762,1.0,0.754,-0.661,-0.418,0.544,-0.064,0.718,0.762,0.703,0.368,0.587,0.893,-0.467,0.364,0.7,-0.414,-0.324,-0.334,0.551,0.02,0.137,0.737,0.566,-0.215,0.741,0.084,0.518,0.665,-0.072,0.369,-0.144,0.573,-0.305,0.313,0.651,0.74,-0.525,0.567,-0.617,-0.426,0.735,0.329,0.722,-0.245,-0.637,0.737,0.183,-0.013,-0.535,0.391,0.713,0.653,0.838,0.22,0.105,-0.103,0.832,-0.196,0.572,0.367,0.015,0.672,0.624,0.364,-0.128,0.806,0.091,0.793,0.53,0.67,0.776,0.511,-0.523,0.475,0.744,0.6,0.361,-0.175,0.411,-0.504,0.347,0.705,0.014,0.519,0.844,-0.538,-0.637,0.104,-0.163,0.809,0.453,0.257,0.483,0.618,0.855,0.763,0.482,-0.625,0.594,0.375,0.803,0.838,0.468,0.736,0.822,0.202,0.55,0.371,0.685,0.644,-0.373,0.321,0.715,0.339,-0.498,0.698,-0.026,0.248,0.748,-0.56,0.439,0.307,0.73,-0.259,0.774,-0.652,-0.598,-0.527,0.48,0.647
600019SS,0.876,0.718,0.662,0.843,0.111,0.182,0.337,0.847,0.751,0.092,0.543,0.796,0.623,0.465,0.162,-0.256,0.853,0.71,0.357,0.913,0.884,0.535,0.307,-0.537,0.347,-0.62,0.021,0.691,0.41,0.528,0.294,-0.452,-0.591,0.227,-0.533,0.073,-0.284,0.644,0.783,0.348,-0.521,0.281,-0.077,-0.526,-0.404,0.427,-0.56,-0.243,0.628,-0.643,0.055,0.883,0.518,-0.55,0.506,0.405,-0.33,0.254,-0.332,-0.382,0.105,0.863,0.645,0.344,-0.533,-0.431,-0.646,0.542,-0.245,0.54,0.188,-0.347,0.265,-0.561,-0.02,-0.425,0.604,0.25,-0.097,-0.011,0.372,0.37,0.841,0.17,-0.763,0.726,0.653,0.754,1.0,-0.674,-0.586,0.544,-0.078,0.775,0.671,0.878,0.539,0.519,0.839,-0.41,0.194,0.759,-0.169,-0.135,-0.257,0.627,0.02,0.318,0.81,0.466,0.016,0.689,0.065,0.516,0.721,-0.426,0.198,-0.306,0.584,-0.483,0.132,0.491,0.916,-0.399,0.769,-0.535,-0.235,0.768,0.138,0.67,-0.322,-0.567,0.786,0.157,-0.289,-0.32,0.653,0.671,0.431,0.899,0.085,0.223,-0.353,0.877,0.002,0.457,0.456,-0.112,0.717,0.452,0.434,0.099,0.742,0.229,0.789,0.761,0.838,0.739,0.697,-0.426,0.605,0.729,0.722,0.611,-0.201,0.551,-0.26,0.589,0.811,0.244,0.635,0.909,-0.524,-0.591,0.263,-0.095,0.932,0.625,0.439,0.521,0.486,0.788,0.793,0.445,-0.565,0.544,0.397,0.916,0.917,0.539,0.716,0.831,0.318,0.588,0.208,0.758,0.681,-0.428,0.284,0.667,0.163,-0.313,0.772,-0.021,0.254,0.697,-0.476,0.512,0.273,0.725,-0.03,0.706,-0.575,-0.626,-0.607,0.492,0.741
600023SS,-0.541,-0.313,-0.847,-0.62,0.095,0.034,-0.46,-0.733,-0.474,0.332,-0.271,-0.632,-0.383,-0.246,-0.257,0.414,-0.5,-0.591,-0.543,-0.767,-0.718,-0.586,0.143,0.771,-0.032,0.652,-0.173,-0.86,-0.054,-0.667,-0.603,0.512,0.731,-0.036,0.403,-0.206,0.486,-0.496,-0.436,-0.612,0.634,-0.209,0.424,0.728,0.433,-0.484,0.642,0.166,-0.826,0.724,0.092,-0.817,-0.728,0.834,-0.714,-0.564,0.505,-0.03,0.512,0.662,0.193,-0.553,-0.76,-0.251,0.778,0.405,0.805,-0.082,0.118,-0.768,0.009,0.5,-0.338,0.73,-0.367,0.516,-0.831,-0.291,0.438,0.33,-0.487,-0.622,-0.835,0.106,0.798,-0.801,-0.869,-0.661,-0.674,1.0,0.528,-0.6,0.177,-0.58,-0.869,-0.705,-0.215,-0.739,-0.802,0.527,-0.322,-0.701,0.412,0.537,0.462,-0.719,0.028,0.201,-0.665,-0.634,0.378,-0.774,0.199,-0.624,-0.693,0.214,-0.617,-0.078,-0.713,0.412,-0.101,-0.781,-0.7,0.627,-0.414,0.777,0.566,-0.667,-0.343,-0.726,0.504,0.84,-0.785,-0.202,0.145,0.736,-0.241,-0.791,-0.657,-0.806,-0.186,0.055,0.102,-0.633,0.425,-0.787,-0.061,0.026,-0.646,-0.707,-0.116,0.238,-0.844,-0.046,-0.816,-0.474,-0.532,-0.796,-0.419,0.63,-0.099,-0.749,-0.478,-0.358,0.497,-0.179,0.672,-0.128,-0.739,0.262,-0.351,-0.765,0.523,0.728,-0.08,0.275,-0.654,-0.507,-0.027,-0.509,-0.479,-0.837,-0.785,-0.588,0.751,-0.672,-0.114,-0.603,-0.736,-0.235,-0.806,-0.756,-0.266,-0.476,-0.243,-0.668,-0.516,0.468,-0.216,-0.821,-0.223,0.619,-0.746,0.118,-0.039,-0.841,0.745,-0.329,-0.493,-0.813,0.265,-0.73,0.785,0.709,0.52,-0.654,-0.627
600025SS,-0.397,-0.101,-0.375,-0.618,0.461,-0.245,-0.465,-0.542,-0.172,0.299,-0.703,-0.341,-0.771,-0.219,-0.618,0.249,-0.643,-0.317,-0.769,-0.471,-0.563,-0.418,0.195,0.585,-0.631,0.869,0.149,-0.592,0.082,-0.71,-0.582,0.769,0.708,0.163,0.242,-0.581,-0.021,0.018,-0.274,-0.325,0.748,-0.398,0.582,0.766,0.135,-0.626,0.323,0.004,-0.566,0.775,-0.394,-0.553,-0.551,0.446,-0.312,-0.539,-0.081,-0.311,0.144,0.407,0.387,-0.38,-0.472,-0.645,0.43,0.279,0.621,-0.165,0.391,-0.693,0.237,0.575,-0.645,0.452,-0.214,0.265,-0.442,-0.485,0.124,-0.117,0.083,-0.692,-0.569,-0.413,0.272,-0.377,-0.49,-0.418,-0.586,0.528,1.0,-0.775,-0.252,-0.802,-0.518,-0.415,0.12,-0.292,-0.537,0.773,-0.242,-0.815,-0.203,0.003,0.72,-0.76,-0.555,-0.086,-0.703,-0.676,-0.122,-0.485,0.529,-0.694,-0.667,0.539,-0.477,0.372,-0.748,0.547,0.104,-0.595,-0.596,0.733,-0.122,0.63,0.349,-0.721,0.354,-0.641,0.295,0.41,-0.765,-0.586,0.54,0.273,-0.382,-0.668,-0.421,-0.507,-0.141,-0.669,0.009,-0.692,-0.142,-0.458,-0.361,0.094,-0.127,-0.6,-0.594,-0.495,-0.637,-0.67,-0.485,-0.532,-0.472,-0.482,-0.756,0.638,-0.421,-0.385,-0.707,-0.592,0.572,-0.596,0.448,-0.493,-0.568,0.199,-0.505,-0.712,0.649,0.507,-0.581,0.014,-0.698,-0.857,-0.376,-0.869,-0.73,-0.414,-0.639,-0.527,0.758,-0.731,-0.401,-0.698,-0.66,-0.489,-0.604,-0.762,-0.64,-0.362,-0.566,-0.509,-0.343,0.581,0.298,-0.592,-0.279,0.596,-0.372,-0.569,-0.503,-0.435,0.687,0.099,-0.53,-0.672,-0.38,-0.565,0.674,0.757,0.702,-0.669,-0.788
600026SS,0.424,-0.086,0.604,0.653,-0.503,0.304,0.603,0.618,0.173,-0.234,0.59,0.293,0.742,0.212,0.833,-0.14,0.629,0.198,0.802,0.533,0.592,0.629,-0.291,-0.618,0.376,-0.881,0.075,0.682,-0.303,0.768,0.728,-0.782,-0.723,-0.127,-0.121,0.656,0.044,-0.09,0.242,0.533,-0.753,0.405,-0.681,-0.871,-0.098,0.868,-0.334,0.298,0.724,-0.835,0.409,0.546,0.726,-0.612,0.495,0.777,-0.007,0.393,-0.081,-0.528,-0.404,0.446,0.577,0.544,-0.476,-0.048,-0.668,0.043,-0.02,0.811,-0.141,-0.519,0.785,-0.573,0.471,-0.072,0.604,0.499,-0.216,0.022,0.084,0.831,0.683,0.202,-0.248,0.566,0.711,0.544,0.544,-0.6,-0.775,1.0,0.473,0.805,0.674,0.437,-0.259,0.595,0.695,-0.803,0.434,0.749,0.012,-0.183,-0.82,0.891,0.597,-0.176,0.803,0.797,-0.083,0.507,-0.627,0.781,0.803,-0.214,0.715,-0.256,0.788,-0.408,-0.1,0.754,0.555,-0.742,0.022,-0.715,-0.406,0.668,-0.081,0.661,-0.194,-0.503,0.829,0.649,-0.416,-0.463,0.266,0.754,0.673,0.587,0.192,0.6,0.043,0.724,-0.009,0.688,0.454,0.248,0.263,0.768,0.675,0.317,0.776,0.529,0.682,0.634,0.615,0.673,0.82,-0.614,0.456,0.535,0.738,0.652,-0.65,0.637,-0.547,0.33,0.664,-0.321,0.634,0.749,-0.635,-0.521,0.602,0.173,0.69,0.798,0.342,0.919,0.836,0.573,0.641,0.834,-0.868,0.951,0.316,0.666,0.687,0.417,0.752,0.799,0.582,0.493,0.653,0.663,0.494,-0.406,-0.255,0.78,0.31,-0.64,0.489,0.383,0.373,0.465,-0.8,-0.169,0.628,0.821,0.38,0.713,-0.759,-0.718,-0.614,0.87,0.806
600028SS,0.078,-0.514,-0.127,0.121,-0.311,0.398,0.41,0.031,-0.293,0.232,0.497,-0.209,0.409,0.307,0.725,0.361,0.232,-0.535,0.417,-0.176,0.031,-0.017,-0.117,0.123,0.385,-0.26,0.214,-0.081,-0.539,0.256,0.314,-0.165,0.118,0.05,0.537,0.715,0.668,-0.61,-0.057,0.265,0.024,0.59,-0.307,-0.18,0.615,0.536,0.519,0.793,0.069,-0.092,0.636,-0.187,0.294,0.227,-0.19,0.444,0.55,0.604,0.43,0.197,-0.112,0.068,-0.044,0.425,0.356,0.66,0.235,0.004,0.296,0.137,0.181,-0.058,0.699,0.335,0.048,0.594,-0.259,0.493,0.422,0.59,-0.136,0.323,-0.01,0.324,0.429,-0.085,-0.07,-0.064,-0.078,0.177,-0.252,0.473,1.0,0.159,-0.117,-0.061,-0.612,-0.082,0.001,-0.293,0.458,0.085,0.462,0.141,-0.376,0.269,0.734,-0.023,0.25,0.302,0.328,-0.098,-0.425,0.426,0.357,-0.161,0.299,-0.227,0.269,0.303,0.048,0.088,-0.103,-0.193,-0.476,0.088,0.334,0.127,-0.348,0.106,0.376,0.394,0.152,0.719,-0.321,0.28,0.28,0.122,-0.003,-0.141,0.336,0.505,0.387,0.166,0.507,0.016,0.58,0.615,-0.278,0.231,0.618,0.54,-0.013,0.475,0.01,0.466,0.312,0.056,0.541,0.043,0.347,-0.01,0.276,0.61,-0.202,0.611,0.178,0.28,0.2,0.091,0.471,0.03,0.023,0.343,0.569,0.661,0.053,0.277,0.495,0.502,0.446,-0.172,-0.011,0.525,-0.139,0.449,0.388,0.113,0.08,0.364,0.146,0.103,0.238,0.358,0.42,0.244,0.241,0.165,-0.292,0.095,0.33,-0.065,-0.086,0.553,0.526,-0.37,-0.037,-0.658,0.485,0.173,0.695,-0.064,0.056,0.0,-0.022,0.341,0.248
600029SS,0.577,0.321,0.61,0.81,-0.326,0.39,0.453,0.702,0.422,-0.143,0.681,0.563,0.795,0.198,0.54,-0.186,0.821,0.489,0.689,0.691,0.712,0.658,-0.044,-0.626,0.495,-0.831,-0.065,0.706,0.034,0.687,0.534,-0.737,-0.763,-0.027,-0.412,0.393,-0.116,0.215,0.447,0.352,-0.789,0.297,-0.446,-0.776,-0.321,0.644,-0.515,-0.056,0.66,-0.846,0.331,0.731,0.546,-0.608,0.511,0.617,-0.071,0.325,-0.148,-0.481,-0.205,0.648,0.604,0.506,-0.523,-0.338,-0.756,0.281,-0.22,0.718,-0.146,-0.485,0.561,-0.64,0.254,-0.294,0.649,0.402,-0.187,-0.045,0.028,0.68,0.734,0.259,-0.414,0.59,0.678,0.718,0.775,-0.58,-0.802,0.805,0.159,1.0,0.684,0.587,0.128,0.517,0.796,-0.714,0.28,0.9,-0.023,0.017,-0.679,0.815,0.361,0.112,0.838,0.739,0.03,0.593,-0.35,0.627,0.712,-0.277,0.48,-0.361,0.68,-0.535,-0.032,0.661,0.743,-0.642,0.411,-0.672,-0.41,0.789,-0.106,0.774,-0.2,-0.54,0.859,0.427,-0.376,-0.41,0.396,0.749,0.631,0.725,0.082,0.637,-0.037,0.864,0.019,0.522,0.498,-0.08,0.392,0.612,0.689,0.32,0.793,0.597,0.713,0.633,0.712,0.632,0.827,-0.608,0.638,0.543,0.797,0.564,-0.455,0.656,-0.464,0.582,0.667,-0.098,0.638,0.896,-0.656,-0.611,0.506,0.033,0.901,0.835,0.415,0.812,0.808,0.664,0.744,0.581,-0.772,0.756,0.416,0.881,0.832,0.538,0.715,0.903,0.615,0.412,0.527,0.616,0.478,-0.514,-0.053,0.726,0.256,-0.535,0.548,0.347,0.369,0.616,-0.679,0.198,0.402,0.779,0.222,0.838,-0.747,-0.746,-0.694,0.685,0.867
600031SS,0.543,0.28,0.94,0.728,-0.259,0.063,0.546,0.799,0.501,-0.347,0.244,0.571,0.439,0.068,0.365,-0.43,0.533,0.52,0.598,0.754,0.758,0.627,-0.114,-0.802,0.034,-0.697,0.265,0.911,0.003,0.752,0.679,-0.629,-0.791,-0.007,-0.36,0.22,-0.537,0.456,0.47,0.592,-0.691,0.192,-0.446,-0.811,-0.504,0.594,-0.698,-0.154,0.901,-0.804,-0.098,0.847,0.789,-0.92,0.85,0.702,-0.52,-0.003,-0.397,-0.717,-0.186,0.597,0.844,0.203,-0.838,-0.34,-0.885,0.099,-0.029,0.858,-0.02,-0.489,0.365,-0.814,0.558,-0.512,0.93,0.33,-0.459,-0.374,0.501,0.716,0.899,-0.241,-0.703,0.894,0.956,0.762,0.671,-0.869,-0.518,0.674,-0.117,0.684,1.0,0.682,0.168,0.881,0.898,-0.601,0.407,0.712,-0.521,-0.557,-0.539,0.786,0.045,-0.232,0.687,0.729,-0.461,0.824,-0.206,0.67,0.735,0.013,0.622,0.014,0.751,-0.429,0.16,0.843,0.754,-0.681,0.431,-0.863,-0.611,0.67,0.47,0.747,-0.491,-0.875,0.838,0.228,0.023,-0.825,0.214,0.866,0.836,0.868,0.223,0.038,-0.107,0.696,-0.529,0.823,0.109,0.098,0.635,0.811,0.218,-0.289,0.935,0.018,0.892,0.46,0.559,0.888,0.447,-0.649,0.207,0.805,0.516,0.32,-0.529,0.255,-0.775,0.091,0.769,-0.346,0.399,0.829,-0.612,-0.752,0.062,-0.223,0.706,0.502,0.064,0.565,0.609,0.903,0.835,0.682,-0.835,0.75,0.187,0.651,0.752,0.325,0.859,0.845,0.243,0.502,0.372,0.727,0.63,-0.423,0.263,0.892,0.295,-0.68,0.789,-0.132,0.016,0.875,-0.819,0.269,0.535,0.876,-0.293,0.807,-0.876,-0.766,-0.548,0.675,0.669
600036SS,0.936,0.619,0.662,0.775,0.213,0.111,0.509,0.884,0.799,0.046,0.455,0.845,0.485,0.507,0.075,-0.264,0.731,0.573,0.309,0.855,0.916,0.421,0.431,-0.553,0.201,-0.453,0.171,0.747,0.361,0.522,0.389,-0.312,-0.433,0.419,-0.412,0.071,-0.34,0.683,0.889,0.564,-0.348,0.392,0.01,-0.448,-0.331,0.333,-0.457,-0.164,0.721,-0.548,0.008,0.891,0.653,-0.548,0.606,0.436,-0.374,0.176,-0.372,-0.308,0.112,0.875,0.757,0.23,-0.464,-0.312,-0.519,0.552,-0.192,0.508,0.314,-0.332,0.199,-0.406,0.032,-0.441,0.592,0.321,0.012,0.029,0.668,0.319,0.869,-0.045,-0.797,0.813,0.679,0.703,0.878,-0.705,-0.415,0.437,-0.061,0.587,0.682,1.0,0.458,0.538,0.828,-0.311,0.434,0.634,-0.325,-0.366,-0.155,0.516,-0.112,0.277,0.693,0.441,-0.12,0.812,0.168,0.566,0.744,-0.331,0.243,-0.262,0.62,-0.247,0.388,0.548,0.897,-0.387,0.728,-0.501,-0.104,0.762,0.377,0.701,-0.267,-0.562,0.745,0.221,-0.049,-0.314,0.752,0.713,0.379,0.903,0.366,-0.036,-0.266,0.781,-0.116,0.48,0.384,-0.004,0.829,0.517,0.214,-0.149,0.732,0.002,0.848,0.797,0.808,0.826,0.56,-0.418,0.368,0.872,0.511,0.584,-0.203,0.382,-0.253,0.466,0.898,0.235,0.567,0.808,-0.416,-0.484,0.068,-0.205,0.784,0.4,0.359,0.394,0.381,0.829,0.845,0.53,-0.474,0.535,0.466,0.787,0.848,0.61,0.802,0.743,0.088,0.757,0.118,0.836,0.739,-0.352,0.549,0.679,0.362,-0.278,0.846,-0.165,0.217,0.731,-0.398,0.447,0.403,0.742,-0.235,0.552,-0.52,-0.607,-0.532,0.517,0.657
600048SS,0.476,0.929,0.267,0.285,0.604,-0.137,-0.319,0.315,0.621,0.254,-0.099,0.582,-0.134,0.179,-0.573,-0.243,0.318,0.72,-0.4,0.558,0.365,0.179,0.443,-0.032,-0.129,0.125,-0.097,0.123,0.652,-0.145,-0.402,0.229,-0.052,0.134,-0.472,-0.655,-0.498,0.87,0.517,-0.183,0.044,-0.266,0.539,0.202,-0.501,-0.324,-0.463,-0.655,-0.028,0.034,-0.432,0.412,-0.146,-0.136,0.139,-0.263,-0.463,-0.176,-0.243,-0.084,0.547,0.497,0.099,-0.321,-0.26,-0.476,-0.189,0.38,-0.186,-0.141,0.309,0.157,-0.53,-0.234,-0.38,-0.444,0.192,-0.398,-0.112,-0.266,0.251,-0.372,0.278,-0.148,-0.662,0.268,0.121,0.368,0.539,-0.215,0.12,-0.259,-0.612,0.128,0.168,0.458,1.0,0.111,0.314,0.252,-0.317,0.135,-0.346,-0.001,0.448,-0.112,-0.589,0.331,0.144,-0.255,-0.079,0.237,0.6,-0.25,-0.043,-0.179,-0.45,-0.028,-0.145,-0.314,0.094,-0.151,0.437,0.285,0.846,0.013,-0.097,0.156,0.239,0.07,-0.343,-0.279,0.075,-0.6,0.094,-0.048,0.265,-0.04,-0.029,0.414,-0.264,-0.371,-0.485,0.28,-0.097,-0.023,-0.057,-0.387,0.597,-0.241,-0.22,-0.279,0.117,-0.275,0.218,0.13,0.294,0.166,-0.054,0.126,0.21,0.239,0.111,-0.051,0.382,-0.111,0.15,0.266,0.188,0.448,-0.025,0.313,-0.027,-0.286,-0.333,-0.366,0.384,-0.066,-0.081,-0.337,-0.262,0.349,0.228,-0.318,0.147,-0.28,0.021,0.356,0.334,0.007,0.049,0.17,-0.232,0.02,-0.341,0.115,0.243,-0.092,0.446,0.009,-0.298,0.204,0.38,-0.455,-0.279,0.368,0.182,0.855,-0.431,0.015,-0.453,0.234,0.026,0.029,-0.034,-0.234,-0.028
600050SS,0.405,0.154,0.927,0.526,-0.193,-0.05,0.42,0.692,0.472,-0.215,0.07,0.383,0.213,-0.05,0.309,-0.34,0.343,0.342,0.411,0.601,0.61,0.55,-0.201,-0.565,-0.179,-0.513,0.318,0.744,-0.029,0.557,0.542,-0.426,-0.651,0.006,-0.213,0.177,-0.464,0.373,0.39,0.565,-0.492,0.084,-0.368,-0.66,-0.518,0.637,-0.683,0.006,0.779,-0.621,-0.178,0.657,0.667,-0.867,0.782,0.683,-0.567,0.033,-0.411,-0.72,0.002,0.494,0.687,0.121,-0.755,-0.133,-0.758,0.053,0.284,0.74,0.069,-0.183,0.335,-0.793,0.492,-0.309,0.857,0.24,-0.505,-0.384,0.501,0.61,0.77,-0.36,-0.625,0.796,0.876,0.587,0.519,-0.739,-0.292,0.595,-0.082,0.517,0.881,0.538,0.111,1.0,0.774,-0.408,0.358,0.495,-0.616,-0.541,-0.398,0.723,-0.059,-0.381,0.483,0.577,-0.472,0.642,-0.183,0.505,0.576,0.206,0.569,0.127,0.546,-0.338,0.024,0.674,0.6,-0.461,0.361,-0.715,-0.528,0.401,0.588,0.539,-0.422,-0.797,0.66,0.1,0.123,-0.815,0.03,0.694,0.8,0.73,0.095,-0.076,-0.167,0.483,-0.641,0.723,0.054,0.329,0.539,0.668,0.141,-0.439,0.788,-0.155,0.798,0.358,0.484,0.773,0.306,-0.37,0.16,0.714,0.297,0.24,-0.493,0.162,-0.654,-0.118,0.629,-0.347,0.343,0.649,-0.41,-0.578,-0.081,-0.045,0.517,0.282,-0.013,0.38,0.437,0.787,0.627,0.659,-0.689,0.637,0.027,0.445,0.567,0.095,0.712,0.651,0.122,0.347,0.242,0.599,0.634,-0.091,0.255,0.791,0.072,-0.514,0.711,-0.348,-0.231,0.695,-0.703,0.225,0.455,0.723,-0.242,0.645,-0.721,-0.532,-0.312,0.578,0.498
600061SS,0.747,0.437,0.882,0.894,-0.142,0.147,0.601,0.899,0.622,-0.176,0.403,0.715,0.569,0.23,0.358,-0.331,0.774,0.555,0.574,0.86,0.899,0.628,0.087,-0.747,0.211,-0.698,0.299,0.904,0.126,0.755,0.63,-0.597,-0.717,0.129,-0.356,0.22,-0.45,0.538,0.667,0.574,-0.647,0.301,-0.261,-0.757,-0.471,0.585,-0.659,-0.092,0.835,-0.793,-0.035,0.927,0.76,-0.822,0.8,0.712,-0.406,0.123,-0.258,-0.614,-0.034,0.813,0.849,0.241,-0.737,-0.269,-0.812,0.314,-0.048,0.791,0.181,-0.501,0.387,-0.715,0.394,-0.468,0.844,0.383,-0.277,-0.202,0.514,0.644,0.96,-0.149,-0.732,0.926,0.909,0.893,0.839,-0.802,-0.537,0.695,0.001,0.796,0.898,0.828,0.314,0.774,1.0,-0.596,0.473,0.799,-0.434,-0.458,-0.451,0.77,0.077,-0.008,0.808,0.699,-0.284,0.864,-0.058,0.685,0.82,-0.128,0.528,-0.167,0.746,-0.409,0.261,0.79,0.877,-0.636,0.581,-0.766,-0.465,0.802,0.409,0.813,-0.378,-0.772,0.901,0.297,-0.03,-0.652,0.461,0.863,0.765,0.944,0.283,0.12,-0.153,0.881,-0.309,0.717,0.333,0.118,0.717,0.762,0.364,-0.158,0.933,0.115,0.932,0.687,0.802,0.907,0.631,-0.605,0.422,0.856,0.651,0.53,-0.415,0.455,-0.595,0.335,0.883,-0.077,0.564,0.95,-0.607,-0.707,0.119,-0.154,0.883,0.549,0.27,0.6,0.666,0.95,0.91,0.7,-0.773,0.761,0.414,0.861,0.916,0.514,0.905,0.934,0.233,0.636,0.428,0.817,0.769,-0.418,0.355,0.879,0.348,-0.604,0.872,-0.042,0.189,0.835,-0.707,0.365,0.51,0.907,-0.207,0.819,-0.804,-0.731,-0.6,0.698,0.782
600085SS,-0.223,0.145,-0.505,-0.602,0.731,-0.061,-0.649,-0.535,0.031,0.576,-0.453,-0.309,-0.64,-0.084,-0.724,0.438,-0.466,-0.162,-0.894,-0.395,-0.517,-0.513,0.375,0.794,-0.412,0.914,-0.129,-0.707,0.429,-0.9,-0.809,0.912,0.786,0.408,0.053,-0.573,0.171,0.103,-0.117,-0.524,0.823,-0.401,0.712,0.893,0.109,-0.582,0.331,-0.04,-0.627,0.9,-0.239,-0.529,-0.696,0.621,-0.532,-0.686,0.026,-0.016,-0.126,0.628,0.55,-0.21,-0.59,-0.367,0.566,0.137,0.703,0.178,0.297,-0.818,0.183,0.789,-0.602,0.529,-0.576,0.391,-0.526,-0.599,0.301,0.086,-0.079,-0.888,-0.6,-0.074,0.17,-0.493,-0.628,-0.467,-0.41,0.527,0.773,-0.803,-0.293,-0.714,-0.601,-0.311,0.252,-0.408,-0.596,1.0,-0.443,-0.695,0.028,0.313,0.874,-0.737,-0.654,0.271,-0.687,-0.865,0.292,-0.612,0.582,-0.807,-0.678,0.14,-0.657,0.171,-0.85,0.419,-0.129,-0.808,-0.467,0.916,0.106,0.811,0.567,-0.608,0.073,-0.667,0.358,0.501,-0.808,-0.607,0.208,0.537,-0.168,-0.787,-0.712,-0.473,-0.404,-0.542,-0.162,-0.58,0.125,-0.6,-0.111,-0.013,-0.079,-0.834,-0.452,-0.276,-0.701,-0.459,-0.526,-0.414,-0.415,-0.56,-0.626,0.817,-0.189,-0.407,-0.687,-0.516,0.779,-0.449,0.716,-0.205,-0.584,0.453,-0.36,-0.67,0.827,0.592,-0.453,0.107,-0.567,-0.707,-0.182,-0.856,-0.88,-0.505,-0.691,-0.677,0.852,-0.838,-0.38,-0.573,-0.565,-0.527,-0.716,-0.746,-0.435,-0.359,-0.833,-0.507,-0.286,0.669,0.143,-0.713,-0.512,0.84,-0.44,-0.558,-0.441,-0.466,0.784,0.292,-0.667,-0.77,-0.142,-0.611,0.82,0.836,0.695,-0.76,-0.737
600089SS,0.314,-0.249,0.399,0.485,-0.358,0.117,0.871,0.438,0.063,-0.212,0.359,0.303,0.304,0.203,0.504,-0.029,0.314,-0.319,0.566,0.129,0.441,0.069,0.048,-0.384,0.246,-0.332,0.665,0.524,-0.32,0.609,0.74,-0.352,-0.107,0.245,0.362,0.515,-0.07,-0.112,0.347,0.664,-0.127,0.569,-0.165,-0.45,0.199,0.409,0.056,0.45,0.584,-0.406,0.105,0.396,0.747,-0.342,0.505,0.753,0.019,0.17,0.226,-0.135,-0.088,0.327,0.601,0.167,-0.159,0.469,-0.165,0.121,0.23,0.49,0.266,-0.413,0.487,0.005,0.345,-0.026,0.248,0.761,0.238,0.195,0.512,0.569,0.49,-0.272,-0.121,0.486,0.432,0.364,0.194,-0.322,-0.242,0.434,0.458,0.28,0.407,0.434,-0.317,0.358,0.473,-0.443,1.0,0.307,-0.237,-0.541,-0.382,0.412,0.369,-0.196,0.331,0.558,-0.162,0.598,-0.05,0.692,0.56,-0.033,0.505,-0.291,0.627,0.277,0.673,0.549,0.309,-0.554,-0.11,-0.359,0.044,0.471,0.322,0.547,0.072,-0.163,0.491,0.73,0.261,-0.313,0.392,0.626,0.419,0.361,0.834,-0.001,0.431,0.367,-0.178,0.304,0.325,0.519,0.112,0.672,0.238,-0.145,0.439,0.023,0.5,0.525,0.499,0.541,0.403,-0.37,0.061,0.531,0.172,0.553,-0.322,0.346,-0.329,0.122,0.598,-0.026,0.349,0.372,-0.235,-0.022,-0.014,0.087,0.257,0.144,0.334,0.428,0.537,0.413,0.587,0.634,-0.371,0.582,0.711,0.325,0.434,0.606,0.611,0.457,-0.177,0.61,0.545,0.618,0.546,-0.037,0.387,0.475,0.773,-0.493,0.443,0.222,0.484,0.231,-0.296,-0.386,0.758,0.543,-0.084,0.135,-0.38,-0.399,-0.314,0.48,0.451
600104SS,0.588,0.33,0.625,0.767,-0.239,0.33,0.481,0.693,0.406,-0.208,0.73,0.636,0.756,0.245,0.451,-0.24,0.789,0.538,0.751,0.695,0.718,0.59,-0.087,-0.682,0.523,-0.807,-0.047,0.774,0.046,0.721,0.593,-0.659,-0.778,0.027,-0.393,0.466,-0.16,0.275,0.439,0.463,-0.782,0.404,-0.444,-0.788,-0.313,0.592,-0.511,-0.087,0.702,-0.817,0.308,0.778,0.59,-0.627,0.491,0.602,-0.041,0.318,-0.221,-0.486,-0.247,0.641,0.65,0.571,-0.577,-0.367,-0.763,0.257,-0.265,0.744,-0.135,-0.544,0.571,-0.59,0.223,-0.38,0.667,0.457,-0.241,-0.062,0.095,0.69,0.752,0.251,-0.486,0.615,0.703,0.7,0.759,-0.701,-0.815,0.749,0.085,0.9,0.712,0.634,0.135,0.495,0.799,-0.695,0.307,1.0,-0.037,-0.112,-0.635,0.804,0.265,0.149,0.812,0.724,0.047,0.673,-0.325,0.666,0.726,-0.347,0.563,-0.279,0.734,-0.5,0.019,0.721,0.748,-0.688,0.398,-0.692,-0.474,0.847,-0.079,0.88,-0.264,-0.603,0.863,0.455,-0.344,-0.444,0.429,0.783,0.565,0.735,0.136,0.485,-0.006,0.842,-0.016,0.586,0.415,-0.13,0.431,0.642,0.55,0.252,0.801,0.598,0.693,0.626,0.66,0.649,0.769,-0.64,0.486,0.585,0.716,0.554,-0.508,0.553,-0.494,0.599,0.706,-0.09,0.575,0.869,-0.563,-0.625,0.408,-0.09,0.874,0.819,0.374,0.79,0.736,0.687,0.794,0.569,-0.777,0.743,0.394,0.85,0.837,0.509,0.751,0.895,0.613,0.452,0.463,0.608,0.478,-0.552,0.006,0.749,0.292,-0.587,0.58,0.382,0.401,0.685,-0.716,0.231,0.495,0.798,0.131,0.785,-0.76,-0.766,-0.673,0.7,0.852
600111SS,-0.151,-0.225,-0.619,-0.207,-0.024,0.342,-0.186,-0.365,-0.364,0.312,0.411,-0.258,0.298,0.272,0.199,0.388,0.079,-0.254,0.068,-0.309,-0.31,-0.247,-0.045,0.353,0.495,-0.032,-0.407,-0.467,-0.147,-0.2,-0.223,0.034,0.223,-0.039,0.09,0.347,0.723,-0.527,-0.288,-0.301,0.075,0.282,-0.11,0.177,0.564,0.037,0.583,0.323,-0.384,0.203,0.599,-0.409,-0.316,0.606,-0.697,-0.245,0.633,0.441,0.237,0.48,-0.149,-0.211,-0.481,0.524,0.57,0.121,0.415,0.039,-0.185,-0.316,-0.181,0.056,0.309,0.477,-0.418,0.451,-0.577,0.035,0.426,0.547,-0.613,-0.134,-0.434,0.878,0.55,-0.573,-0.542,-0.414,-0.169,0.412,-0.203,0.012,0.462,-0.023,-0.521,-0.325,-0.346,-0.616,-0.434,0.028,-0.237,-0.037,1.0,0.628,-0.106,-0.071,0.498,0.354,0.035,-0.091,0.694,-0.498,-0.317,-0.036,-0.048,-0.366,-0.093,-0.187,-0.123,0.127,-0.32,-0.307,-0.297,0.129,-0.365,0.399,0.395,-0.086,-0.772,-0.201,0.424,0.62,-0.208,0.305,-0.585,0.641,0.142,-0.288,-0.493,-0.421,-0.166,0.562,0.205,-0.08,0.818,-0.291,0.379,-0.1,-0.482,-0.328,0.449,0.833,-0.406,0.637,-0.461,0.063,-0.093,-0.446,0.262,0.169,0.273,-0.485,0.207,0.234,0.093,0.427,0.485,0.383,-0.285,0.308,0.181,-0.243,0.184,0.379,0.622,0.446,-0.096,0.298,0.454,0.227,0.025,-0.553,-0.358,-0.153,0.194,-0.098,0.041,-0.055,-0.188,0.085,-0.341,-0.224,0.46,-0.122,0.001,-0.243,-0.338,-0.022,-0.547,-0.352,-0.077,0.272,-0.51,0.617,0.434,-0.52,0.244,-0.338,-0.064,-0.258,0.721,-0.267,0.343,0.167,0.055,-0.097,-0.006
600115SS,-0.158,0.07,-0.596,-0.282,0.214,0.526,-0.538,-0.453,-0.155,0.606,0.282,-0.238,0.16,0.111,-0.102,0.567,0.042,-0.03,-0.284,-0.295,-0.421,-0.123,0.206,0.613,0.161,0.238,-0.611,-0.626,0.138,-0.557,-0.625,0.273,0.327,0.099,-0.132,-0.056,0.701,-0.281,-0.257,-0.568,0.224,-0.079,0.09,0.458,0.336,-0.161,0.416,0.086,-0.558,0.365,0.57,-0.46,-0.67,0.654,-0.702,-0.466,0.598,0.464,0.13,0.582,0.131,-0.13,-0.617,0.216,0.644,-0.036,0.44,0.154,-0.025,-0.536,-0.273,0.45,0.014,0.369,-0.546,0.538,-0.527,-0.264,0.364,0.352,-0.716,-0.418,-0.542,0.606,0.457,-0.646,-0.608,-0.324,-0.135,0.537,0.003,-0.183,0.141,0.017,-0.557,-0.366,-0.001,-0.541,-0.458,0.313,-0.541,-0.112,0.628,1.0,0.12,-0.296,0.061,0.478,-0.172,-0.372,0.645,-0.682,-0.097,-0.483,-0.395,-0.133,-0.45,-0.121,-0.525,0.105,-0.448,-0.588,-0.332,0.503,-0.047,0.595,0.433,-0.262,-0.757,-0.312,0.547,0.592,-0.394,-0.167,-0.506,0.697,-0.046,-0.526,-0.585,-0.442,-0.513,0.539,0.056,-0.151,0.694,-0.551,0.394,-0.234,-0.328,-0.654,0.426,0.65,-0.509,0.534,-0.491,-0.108,-0.158,-0.573,0.107,0.475,0.468,-0.557,-0.031,-0.1,0.416,0.233,0.656,0.445,-0.499,0.367,0.168,-0.305,0.367,0.449,0.477,0.494,-0.098,0.145,0.313,-0.066,-0.156,-0.581,-0.546,-0.458,0.443,-0.376,-0.183,-0.091,-0.269,-0.108,-0.572,-0.34,0.433,-0.343,-0.347,-0.442,-0.459,0.263,-0.455,-0.527,-0.384,0.637,-0.612,0.312,0.128,-0.526,0.465,0.041,-0.519,-0.505,0.633,-0.17,0.528,0.392,0.234,-0.398,-0.196
600161SS,-0.074,0.302,-0.431,-0.44,0.719,-0.265,-0.558,-0.343,0.158,0.446,-0.509,-0.188,-0.635,-0.066,-0.792,0.221,-0.373,-0.058,-0.878,-0.246,-0.313,-0.504,0.493,0.636,-0.34,0.84,-0.003,-0.562,0.561,-0.749,-0.748,0.843,0.7,0.365,0.037,-0.693,-0.051,0.309,0.088,-0.461,0.779,-0.401,0.865,0.832,-0.061,-0.667,0.174,-0.191,-0.605,0.813,-0.455,-0.353,-0.593,0.523,-0.389,-0.675,-0.086,-0.207,-0.056,0.476,0.598,-0.101,-0.448,-0.507,0.388,0.068,0.605,0.263,0.124,-0.748,0.355,0.605,-0.725,0.482,-0.518,0.131,-0.469,-0.577,0.251,0.072,0.094,-0.892,-0.44,-0.216,-0.022,-0.322,-0.534,-0.334,-0.257,0.462,0.72,-0.82,-0.376,-0.679,-0.539,-0.155,0.448,-0.398,-0.451,0.874,-0.382,-0.635,-0.106,0.12,1.0,-0.768,-0.67,0.346,-0.618,-0.863,0.178,-0.394,0.78,-0.728,-0.579,0.041,-0.753,0.094,-0.713,0.294,0.055,-0.732,-0.267,0.803,0.262,0.689,0.485,-0.463,0.208,-0.587,0.166,0.37,-0.686,-0.634,0.303,0.481,0.006,-0.692,-0.624,-0.326,-0.27,-0.651,-0.305,-0.458,0.072,-0.587,-0.214,-0.048,0.041,-0.729,-0.566,-0.377,-0.6,-0.594,-0.435,-0.332,-0.297,-0.429,-0.627,0.68,-0.218,-0.275,-0.589,-0.428,0.745,-0.457,0.636,-0.195,-0.411,0.497,-0.42,-0.522,0.667,0.427,-0.614,-0.11,-0.446,-0.748,-0.213,-0.87,-0.843,-0.336,-0.501,-0.651,0.78,-0.809,-0.23,-0.43,-0.424,-0.391,-0.58,-0.629,-0.607,-0.23,-0.703,-0.401,-0.12,0.509,0.307,-0.615,-0.41,0.693,-0.229,-0.563,-0.385,-0.348,0.734,0.358,-0.64,-0.666,-0.328,-0.575,0.734,0.74,0.551,-0.736,-0.649
600183SS,0.442,0.055,0.742,0.689,-0.429,0.18,0.572,0.706,0.298,-0.263,0.545,0.411,0.638,0.157,0.677,-0.297,0.636,0.294,0.783,0.608,0.681,0.575,-0.347,-0.659,0.371,-0.873,0.136,0.754,-0.192,0.796,0.722,-0.73,-0.789,-0.124,-0.178,0.629,-0.142,0.063,0.332,0.552,-0.772,0.408,-0.628,-0.889,-0.282,0.883,-0.511,0.168,0.784,-0.832,0.226,0.663,0.741,-0.743,0.581,0.822,-0.196,0.354,-0.273,-0.645,-0.234,0.529,0.645,0.599,-0.645,-0.116,-0.784,0.106,0.026,0.897,-0.039,-0.438,0.752,-0.701,0.402,-0.204,0.723,0.494,-0.317,-0.067,0.154,0.854,0.768,0.177,-0.414,0.634,0.781,0.551,0.627,-0.719,-0.76,0.891,0.269,0.815,0.786,0.516,-0.112,0.723,0.77,-0.737,0.412,0.804,-0.071,-0.296,-0.768,1.0,0.436,-0.235,0.785,0.826,-0.098,0.611,-0.523,0.776,0.805,-0.196,0.758,-0.162,0.785,-0.473,-0.099,0.773,0.657,-0.729,0.177,-0.768,-0.49,0.662,0.074,0.699,-0.37,-0.629,0.87,0.537,-0.312,-0.625,0.234,0.814,0.748,0.689,0.149,0.441,-0.006,0.725,-0.193,0.726,0.352,0.227,0.299,0.763,0.564,0.17,0.826,0.44,0.739,0.603,0.644,0.699,0.744,-0.582,0.396,0.577,0.692,0.616,-0.673,0.586,-0.625,0.274,0.719,-0.284,0.573,0.811,-0.603,-0.588,0.419,0.113,0.744,0.755,0.302,0.835,0.757,0.659,0.727,0.79,-0.883,0.875,0.319,0.703,0.738,0.369,0.786,0.856,0.535,0.417,0.568,0.656,0.579,-0.391,-0.092,0.837,0.214,-0.672,0.628,0.256,0.223,0.597,-0.824,-0.022,0.68,0.866,0.245,0.725,-0.833,-0.746,-0.572,0.836,0.812
600188SS,-0.06,-0.476,-0.032,0.271,-0.685,0.232,0.458,0.059,-0.426,-0.176,0.468,-0.157,0.546,0.192,0.843,0.054,0.28,-0.354,0.666,-0.086,0.065,0.128,-0.337,-0.219,0.559,-0.596,0.122,0.098,-0.621,0.529,0.501,-0.61,-0.234,-0.344,0.353,0.696,0.4,-0.607,-0.196,0.198,-0.35,0.5,-0.576,-0.469,0.498,0.541,0.321,0.495,0.172,-0.422,0.495,-0.035,0.394,0.022,-0.049,0.489,0.429,0.318,0.472,-0.076,-0.407,-0.076,0.059,0.491,0.042,0.343,-0.09,-0.208,-0.038,0.357,-0.101,-0.463,0.683,0.051,0.254,0.232,-0.112,0.558,0.185,0.342,-0.266,0.599,0.079,0.416,0.387,-0.056,0.043,0.02,0.02,0.028,-0.555,0.597,0.734,0.361,0.045,-0.112,-0.589,-0.059,0.077,-0.654,0.369,0.265,0.498,0.061,-0.67,0.436,1.0,-0.17,0.411,0.542,0.173,0.05,-0.601,0.623,0.428,-0.228,0.42,-0.229,0.527,-0.036,0.015,0.306,-0.024,-0.524,-0.518,-0.244,-0.036,0.256,-0.47,0.203,0.085,0.196,0.35,0.737,-0.432,0.005,0.124,0.328,0.245,-0.059,0.347,0.691,0.381,0.272,0.406,0.19,0.363,0.297,-0.414,0.432,0.644,0.693,0.143,0.593,0.019,0.327,0.22,0.103,0.586,-0.348,0.29,-0.067,0.538,0.602,-0.437,0.617,-0.171,0.224,0.197,-0.146,0.348,0.213,-0.41,-0.0,0.695,0.388,0.197,0.531,0.418,0.729,0.673,-0.091,0.165,0.45,-0.421,0.559,0.406,0.243,0.194,0.42,0.231,0.296,0.402,0.178,0.76,0.216,0.091,-0.258,-0.463,0.22,0.428,-0.438,-0.071,0.76,0.65,-0.197,-0.312,-0.665,0.506,0.309,0.616,0.113,-0.259,-0.342,-0.333,0.447,0.382
600196SS,0.461,0.491,-0.338,0.167,0.435,0.363,-0.172,0.117,0.399,0.513,0.383,0.191,0.378,0.398,-0.314,0.297,0.386,0.265,-0.253,0.178,0.187,-0.099,0.718,0.214,0.353,0.124,-0.38,-0.141,0.622,-0.265,-0.397,0.192,0.205,0.55,-0.404,-0.126,0.308,0.28,0.453,-0.233,0.182,0.175,0.447,0.307,0.067,-0.186,0.165,-0.135,-0.17,0.177,0.292,0.148,-0.266,0.41,-0.271,-0.344,0.33,0.3,-0.054,0.506,0.145,0.387,0.002,0.242,0.356,-0.264,0.25,0.766,-0.359,-0.32,0.097,0.115,-0.093,0.313,-0.518,0.048,-0.226,-0.056,0.469,0.554,-0.033,-0.399,0.006,0.449,-0.071,-0.067,-0.259,0.137,0.318,0.201,-0.086,-0.176,-0.023,0.112,-0.232,0.277,0.331,-0.381,-0.008,0.271,-0.196,0.149,0.354,0.478,0.346,-0.235,-0.17,1.0,0.102,-0.275,0.633,-0.071,0.323,-0.173,0.067,-0.376,-0.446,-0.389,-0.158,0.077,0.075,-0.302,0.283,0.266,0.472,0.321,0.482,0.272,-0.273,0.065,0.3,0.265,-0.032,-0.063,-0.272,0.603,0.551,-0.121,-0.496,0.12,-0.112,0.198,-0.298,0.282,0.586,-0.364,0.476,-0.275,0.249,-0.347,0.226,0.347,-0.103,0.272,-0.027,0.262,0.178,-0.025,0.175,0.175,0.449,0.067,0.134,0.122,0.443,0.297,0.51,0.566,0.08,0.589,0.355,0.102,0.151,0.197,0.181,0.051,0.266,0.094,0.46,-0.023,-0.137,-0.037,0.004,-0.221,0.255,-0.196,0.193,0.305,0.215,0.334,-0.087,0.019,0.228,0.247,-0.358,0.081,0.064,-0.037,0.098,-0.139,-0.008,0.473,-0.005,0.123,0.314,-0.03,0.304,0.333,-0.253,-0.11,0.199,-0.091,0.302,0.032,-0.122,-0.233,0.142
600219SS,0.694,0.319,0.63,0.808,-0.223,0.255,0.514,0.759,0.432,-0.093,0.609,0.621,0.765,0.449,0.552,-0.251,0.826,0.488,0.653,0.805,0.777,0.667,0.032,-0.673,0.496,-0.834,0.06,0.718,-0.03,0.732,0.556,-0.704,-0.705,-0.011,-0.316,0.388,-0.123,0.272,0.515,0.477,-0.702,0.424,-0.411,-0.748,-0.173,0.634,-0.4,-0.007,0.695,-0.803,0.281,0.756,0.684,-0.576,0.499,0.598,-0.148,0.3,-0.121,-0.456,-0.219,0.683,0.647,0.493,-0.506,-0.262,-0.679,0.259,-0.228,0.699,0.041,-0.561,0.546,-0.55,0.242,-0.302,0.578,0.418,-0.133,0.047,0.224,0.658,0.798,0.296,-0.473,0.675,0.693,0.737,0.81,-0.665,-0.703,0.803,0.25,0.838,0.687,0.693,0.144,0.483,0.808,-0.687,0.331,0.812,0.035,-0.172,-0.618,0.785,0.411,0.102,1.0,0.738,-0.035,0.645,-0.283,0.75,0.867,-0.337,0.522,-0.266,0.774,-0.413,0.059,0.693,0.748,-0.651,0.377,-0.672,-0.34,0.78,-0.017,0.731,-0.29,-0.502,0.873,0.456,-0.41,-0.372,0.522,0.782,0.6,0.774,0.198,0.468,-0.095,0.873,0.1,0.637,0.481,0.002,0.514,0.671,0.608,0.306,0.789,0.446,0.76,0.763,0.783,0.741,0.834,-0.608,0.553,0.649,0.918,0.71,-0.439,0.689,-0.426,0.515,0.79,-0.02,0.689,0.887,-0.668,-0.617,0.532,0.017,0.881,0.794,0.43,0.8,0.776,0.714,0.773,0.677,-0.769,0.805,0.384,0.866,0.86,0.588,0.799,0.87,0.509,0.611,0.532,0.75,0.584,-0.573,0.009,0.769,0.332,-0.53,0.662,0.286,0.418,0.612,-0.665,0.159,0.504,0.84,0.191,0.769,-0.701,-0.743,-0.662,0.735,0.828
600233SS,0.337,-0.108,0.646,0.637,-0.574,0.126,0.725,0.641,0.113,-0.431,0.481,0.43,0.659,0.142,0.682,-0.39,0.522,0.179,0.88,0.478,0.606,0.506,-0.306,-0.787,0.363,-0.866,0.265,0.771,-0.425,0.905,0.827,-0.827,-0.759,-0.224,-0.067,0.624,-0.17,-0.021,0.244,0.657,-0.765,0.51,-0.709,-0.882,-0.084,0.675,-0.329,0.129,0.779,-0.863,0.263,0.628,0.793,-0.691,0.609,0.795,-0.114,0.098,-0.007,-0.595,-0.412,0.368,0.708,0.477,-0.583,-0.074,-0.724,-0.051,-0.114,0.868,-0.046,-0.685,0.662,-0.56,0.524,-0.336,0.637,0.663,-0.255,-0.035,0.222,0.924,0.696,0.07,-0.251,0.614,0.73,0.566,0.466,-0.634,-0.676,0.797,0.302,0.739,0.729,0.441,-0.255,0.577,0.699,-0.865,0.558,0.724,-0.091,-0.372,-0.863,0.826,0.542,-0.275,0.738,1.0,-0.296,0.695,-0.545,0.873,0.783,0.004,0.809,-0.034,0.847,-0.261,0.205,0.868,0.519,-0.86,0.002,-0.8,-0.51,0.627,0.099,0.752,-0.291,-0.523,0.86,0.605,-0.147,-0.607,0.216,0.895,0.79,0.597,0.474,0.439,0.222,0.614,-0.188,0.693,0.223,0.138,0.217,0.873,0.488,0.164,0.774,0.393,0.658,0.509,0.508,0.672,0.631,-0.742,0.236,0.551,0.648,0.539,-0.781,0.508,-0.714,0.176,0.688,-0.374,0.546,0.715,-0.711,-0.555,0.419,0.008,0.615,0.636,0.303,0.841,0.899,0.61,0.748,0.79,-0.846,0.876,0.387,0.606,0.625,0.598,0.817,0.785,0.463,0.462,0.694,0.601,0.435,-0.557,0.045,0.832,0.556,-0.762,0.573,0.4,0.359,0.576,-0.773,-0.189,0.772,0.865,0.088,0.647,-0.84,-0.824,-0.576,0.792,0.748
600276SS,0.059,0.057,-0.498,-0.063,0.232,0.428,-0.208,-0.232,-0.04,0.562,0.496,-0.139,0.27,0.321,-0.011,0.577,0.239,-0.157,-0.112,-0.187,-0.16,-0.276,0.236,0.523,0.483,0.143,-0.306,-0.434,0.227,-0.347,-0.367,0.266,0.357,0.396,0.017,0.264,0.701,-0.271,0.008,-0.309,0.267,0.299,0.255,0.317,0.39,0.075,0.441,0.353,-0.346,0.325,0.493,-0.249,-0.361,0.592,-0.587,-0.188,0.611,0.657,0.091,0.586,0.208,0.094,-0.377,0.523,0.571,0.175,0.44,0.485,0.061,-0.358,-0.001,0.297,0.288,0.456,-0.591,0.554,-0.484,0.049,0.553,0.642,-0.435,-0.272,-0.302,0.693,0.322,-0.448,-0.495,-0.215,0.016,0.378,-0.122,-0.083,0.328,0.03,-0.461,-0.12,-0.079,-0.472,-0.284,0.292,-0.162,0.047,0.694,0.645,0.178,-0.098,0.173,0.633,-0.035,-0.296,1.0,-0.432,0.038,-0.198,-0.091,-0.426,-0.252,-0.357,-0.273,0.181,-0.241,-0.46,-0.113,0.34,-0.009,0.526,0.555,0.031,-0.573,-0.102,0.515,0.566,-0.21,0.2,-0.472,0.652,0.268,-0.328,-0.568,-0.25,-0.239,0.403,0.069,0.051,0.738,-0.465,0.588,0.05,-0.275,-0.458,0.453,0.622,-0.365,0.56,-0.316,0.172,0.104,-0.359,0.277,0.409,0.487,-0.329,0.069,0.251,0.389,0.429,0.63,0.527,-0.185,0.595,0.287,-0.135,0.408,0.519,0.371,0.514,0.053,0.19,0.536,0.069,-0.133,-0.399,-0.3,-0.227,0.316,-0.209,0.196,0.094,-0.007,0.068,-0.343,-0.16,0.374,-0.064,-0.207,-0.152,-0.077,0.282,-0.291,-0.334,-0.188,0.469,-0.356,0.412,0.38,-0.455,0.369,-0.047,-0.16,-0.3,0.665,-0.279,0.448,0.305,0.128,-0.228,0.046
600309SS,0.656,0.328,0.779,0.781,-0.201,-0.083,0.706,0.844,0.501,-0.427,0.29,0.72,0.424,0.194,0.245,-0.532,0.569,0.416,0.595,0.718,0.854,0.398,0.07,-0.833,0.211,-0.622,0.421,0.93,0.048,0.815,0.729,-0.576,-0.637,0.103,-0.245,0.193,-0.604,0.52,0.647,0.66,-0.553,0.353,-0.214,-0.708,-0.413,0.357,-0.567,-0.213,0.825,-0.747,-0.17,0.91,0.827,-0.784,0.817,0.639,-0.453,-0.158,-0.223,-0.593,-0.14,0.64,0.899,0.138,-0.731,-0.268,-0.728,0.21,-0.243,0.759,0.211,-0.663,0.238,-0.546,0.407,-0.678,0.754,0.497,-0.216,-0.211,0.684,0.625,0.909,-0.288,-0.69,0.892,0.831,0.741,0.689,-0.774,-0.485,0.507,-0.098,0.593,0.824,0.812,0.237,0.642,0.864,-0.612,0.598,0.673,-0.498,-0.682,-0.394,0.611,0.05,-0.071,0.645,0.695,-0.432,1.0,0.005,0.748,0.749,-0.14,0.499,-0.121,0.819,-0.313,0.535,0.808,0.808,-0.737,0.464,-0.791,-0.456,0.776,0.514,0.801,-0.46,-0.743,0.836,0.357,0.21,-0.651,0.51,0.889,0.69,0.858,0.578,-0.062,-0.087,0.702,-0.418,0.659,0.083,0.023,0.626,0.823,0.082,-0.293,0.855,-0.061,0.84,0.566,0.615,0.877,0.416,-0.706,0.104,0.867,0.47,0.448,-0.498,0.246,-0.667,0.174,0.88,-0.128,0.347,0.812,-0.634,-0.669,-0.083,-0.4,0.682,0.363,0.163,0.494,0.585,0.889,0.954,0.626,-0.705,0.666,0.505,0.697,0.781,0.599,0.907,0.826,-0.006,0.671,0.454,0.784,0.678,-0.531,0.54,0.811,0.574,-0.709,0.856,-0.016,0.235,0.841,-0.649,0.216,0.632,0.856,-0.436,0.603,-0.778,-0.79,-0.639,0.62,0.668
600332SS,0.152,0.481,-0.089,-0.026,0.53,-0.222,-0.197,-0.026,0.349,0.303,-0.308,0.197,-0.441,-0.004,-0.67,0.052,-0.069,0.095,-0.592,0.005,0.024,-0.25,0.636,0.305,-0.124,0.583,0.254,-0.199,0.601,-0.388,-0.424,0.547,0.454,0.392,0.017,-0.609,-0.292,0.509,0.358,-0.214,0.55,-0.221,0.833,0.54,-0.153,-0.591,-0.016,-0.301,-0.277,0.464,-0.498,0.033,-0.292,0.219,0.014,-0.353,-0.197,-0.261,0.082,0.277,0.591,0.166,-0.097,-0.478,0.126,0.057,0.307,0.357,0.091,-0.441,0.405,0.3,-0.619,0.283,-0.333,-0.115,-0.208,-0.244,0.216,-0.028,0.298,-0.573,-0.086,-0.355,-0.26,0.017,-0.229,0.084,0.065,0.199,0.529,-0.627,-0.425,-0.35,-0.206,0.168,0.6,-0.183,-0.058,0.582,-0.05,-0.325,-0.317,-0.097,0.78,-0.523,-0.601,0.323,-0.283,-0.545,0.038,0.005,1.0,-0.432,-0.318,-0.045,-0.556,-0.049,-0.401,0.293,0.366,-0.412,0.05,0.482,0.452,0.42,0.329,-0.164,0.357,-0.184,0.022,0.154,-0.325,-0.456,0.452,0.218,0.211,-0.306,-0.295,0.016,0.01,-0.625,-0.161,-0.123,-0.096,-0.454,-0.101,-0.082,0.198,-0.387,-0.419,-0.461,-0.274,-0.553,-0.112,-0.083,0.033,-0.122,-0.365,0.393,-0.055,0.036,-0.319,-0.203,0.642,-0.264,0.369,-0.001,-0.08,0.53,-0.258,-0.147,0.364,0.213,-0.653,-0.189,-0.096,-0.535,-0.057,-0.653,-0.481,0.02,-0.074,-0.482,0.53,-0.57,0.114,-0.061,-0.047,-0.021,-0.246,-0.23,-0.627,0.017,-0.378,-0.064,0.131,0.303,0.608,-0.346,-0.067,0.391,0.091,-0.458,-0.154,-0.066,0.527,0.429,-0.381,-0.34,-0.52,-0.296,0.416,0.428,0.267,-0.569,-0.308
600346SS,0.489,-0.092,0.59,0.69,-0.494,0.1,0.813,0.685,0.155,-0.355,0.538,0.443,0.661,0.36,0.725,-0.337,0.578,0.087,0.847,0.488,0.674,0.387,-0.169,-0.735,0.468,-0.821,0.367,0.756,-0.368,0.909,0.864,-0.757,-0.612,-0.078,0.05,0.655,-0.122,-0.0,0.378,0.725,-0.598,0.636,-0.564,-0.82,0.056,0.681,-0.191,0.24,0.8,-0.796,0.254,0.64,0.91,-0.582,0.566,0.797,-0.081,0.169,0.029,-0.473,-0.358,0.443,0.724,0.516,-0.485,0.053,-0.581,0.046,-0.123,0.801,0.105,-0.71,0.676,-0.37,0.432,-0.288,0.508,0.727,-0.06,0.11,0.385,0.85,0.74,0.099,-0.29,0.645,0.675,0.518,0.516,-0.624,-0.694,0.781,0.426,0.627,0.67,0.566,-0.25,0.505,0.685,-0.807,0.692,0.666,-0.036,-0.483,-0.728,0.776,0.623,-0.173,0.75,0.873,-0.198,0.748,-0.432,1.0,0.866,-0.232,0.72,-0.179,0.951,-0.187,0.343,0.811,0.576,-0.851,0.004,-0.73,-0.315,0.708,0.122,0.718,-0.277,-0.437,0.842,0.754,-0.15,-0.481,0.456,0.888,0.633,0.617,0.621,0.347,0.172,0.666,-0.075,0.691,0.327,0.269,0.259,0.887,0.458,0.193,0.736,0.316,0.676,0.68,0.608,0.749,0.692,-0.701,0.231,0.657,0.644,0.742,-0.673,0.575,-0.577,0.246,0.805,-0.199,0.558,0.71,-0.657,-0.459,0.404,0.005,0.606,0.612,0.397,0.834,0.814,0.606,0.8,0.825,-0.79,0.888,0.554,0.633,0.69,0.662,0.846,0.775,0.289,0.656,0.719,0.762,0.59,-0.501,0.102,0.777,0.656,-0.746,0.612,0.395,0.527,0.504,-0.698,-0.275,0.847,0.859,0.107,0.49,-0.726,-0.798,-0.617,0.801,0.723
600362SS,0.721,0.159,0.652,0.796,-0.265,0.178,0.732,0.841,0.436,-0.143,0.539,0.534,0.75,0.465,0.583,-0.249,0.746,0.304,0.691,0.728,0.843,0.486,0.049,-0.698,0.408,-0.806,0.249,0.798,-0.073,0.809,0.705,-0.68,-0.626,0.15,-0.2,0.524,-0.124,0.213,0.596,0.639,-0.604,0.566,-0.429,-0.771,-0.127,0.745,-0.332,0.193,0.812,-0.759,0.227,0.778,0.856,-0.607,0.594,0.741,-0.164,0.302,-0.215,-0.447,-0.226,0.694,0.799,0.508,-0.51,-0.099,-0.614,0.345,-0.129,0.788,0.209,-0.569,0.636,-0.482,0.342,-0.266,0.619,0.554,-0.039,0.204,0.451,0.71,0.864,0.169,-0.492,0.774,0.755,0.665,0.721,-0.693,-0.667,0.803,0.357,0.712,0.735,0.744,-0.043,0.576,0.82,-0.678,0.56,0.726,-0.048,-0.395,-0.579,0.805,0.428,0.067,0.867,0.783,-0.091,0.749,-0.318,0.866,1.0,-0.268,0.623,-0.248,0.861,-0.263,0.231,0.784,0.774,-0.714,0.292,-0.705,-0.233,0.809,0.191,0.718,-0.269,-0.529,0.892,0.594,-0.269,-0.414,0.58,0.869,0.622,0.795,0.429,0.311,-0.07,0.832,0.001,0.687,0.467,0.274,0.517,0.8,0.51,0.148,0.833,0.283,0.824,0.799,0.766,0.86,0.745,-0.621,0.398,0.775,0.755,0.742,-0.529,0.648,-0.487,0.341,0.91,-0.077,0.714,0.844,-0.62,-0.55,0.406,0.033,0.773,0.634,0.452,0.796,0.74,0.756,0.83,0.855,-0.793,0.89,0.477,0.78,0.835,0.649,0.918,0.845,0.377,0.781,0.509,0.849,0.736,-0.471,0.137,0.876,0.484,-0.578,0.77,0.217,0.428,0.626,-0.696,-0.008,0.733,0.931,0.134,0.618,-0.721,-0.774,-0.619,0.807,0.826
600377SS,-0.404,-0.293,0.062,-0.295,-0.128,-0.149,-0.111,-0.238,-0.226,-0.096,-0.531,-0.278,-0.346,-0.407,-0.143,0.015,-0.439,-0.188,-0.169,-0.266,-0.34,-0.041,-0.162,0.068,-0.569,0.274,0.187,-0.097,-0.261,-0.161,-0.041,0.127,0.081,-0.116,0.107,-0.206,-0.138,-0.113,-0.334,-0.012,0.138,-0.251,-0.08,0.125,-0.087,-0.11,-0.032,0.049,-0.067,0.168,-0.238,-0.237,-0.131,-0.103,0.158,-0.015,-0.107,-0.303,0.062,-0.101,-0.028,-0.31,-0.022,-0.397,-0.035,0.149,0.025,-0.359,0.391,-0.068,-0.059,0.184,-0.221,-0.114,0.386,0.067,0.113,-0.148,-0.251,-0.306,0.083,-0.018,-0.185,-0.44,0.275,-0.027,0.032,-0.072,-0.426,0.214,0.539,-0.214,-0.161,-0.277,0.013,-0.331,-0.179,0.206,-0.128,0.14,-0.033,-0.347,-0.366,-0.133,0.041,-0.196,-0.228,-0.376,-0.337,0.004,-0.426,-0.14,-0.045,-0.232,-0.268,1.0,0.093,0.414,-0.29,0.261,0.052,0.007,-0.361,0.144,-0.211,0.009,-0.174,-0.42,0.429,-0.206,0.136,-0.055,-0.252,-0.304,0.507,-0.273,-0.562,-0.115,0.222,-0.186,-0.021,-0.256,0.148,-0.385,-0.417,0.037,-0.33,0.203,-0.083,-0.026,-0.278,-0.438,-0.104,-0.406,-0.101,-0.451,-0.346,-0.103,-0.46,0.125,-0.312,-0.133,-0.393,-0.506,-0.041,-0.404,-0.178,-0.541,-0.295,-0.34,-0.222,-0.303,0.16,0.055,-0.302,-0.012,-0.368,-0.435,-0.356,-0.308,-0.102,-0.063,-0.265,-0.04,0.116,-0.146,-0.365,-0.411,-0.386,-0.284,-0.139,-0.288,-0.198,-0.286,-0.118,-0.3,-0.202,0.272,0.145,-0.008,-0.062,0.059,-0.135,-0.336,-0.438,-0.055,0.064,-0.051,-0.122,-0.147,-0.294,-0.08,0.052,0.197,0.359,-0.168,-0.355
600406SS,0.102,-0.343,0.578,0.367,-0.477,0.064,0.612,0.416,-0.037,-0.441,0.321,0.216,0.428,0.004,0.631,-0.251,0.289,0.035,0.775,0.284,0.37,0.428,-0.513,-0.644,0.171,-0.656,0.249,0.638,-0.472,0.719,0.822,-0.6,-0.611,-0.187,0.027,0.682,-0.081,-0.179,-0.014,0.666,-0.636,0.433,-0.741,-0.788,-0.038,0.664,-0.254,0.333,0.702,-0.654,0.208,0.402,0.704,-0.637,0.53,0.725,-0.087,0.129,-0.137,-0.568,-0.444,0.177,0.533,0.478,-0.496,0.046,-0.596,-0.229,0.105,0.786,-0.126,-0.534,0.689,-0.487,0.574,-0.142,0.603,0.502,-0.337,-0.135,0.15,0.854,0.506,0.017,-0.13,0.482,0.668,0.369,0.198,-0.617,-0.477,0.715,0.299,0.48,0.622,0.243,-0.45,0.569,0.528,-0.657,0.505,0.563,-0.093,-0.45,-0.753,0.758,0.42,-0.446,0.522,0.809,-0.252,0.499,-0.556,0.72,0.623,0.093,1.0,0.12,0.678,-0.107,0.014,0.818,0.268,-0.717,-0.222,-0.659,-0.499,0.453,0.148,0.608,-0.212,-0.488,0.668,0.586,-0.123,-0.618,-0.035,0.714,0.696,0.399,0.338,0.247,0.328,0.382,-0.28,0.712,0.101,0.228,0.101,0.763,0.322,0.022,0.636,0.309,0.519,0.33,0.323,0.519,0.458,-0.614,-0.01,0.393,0.404,0.378,-0.739,0.267,-0.67,-0.031,0.489,-0.48,0.34,0.477,-0.418,-0.438,0.295,0.066,0.373,0.482,0.098,0.686,0.67,0.475,0.53,0.75,-0.742,0.78,0.163,0.334,0.412,0.251,0.66,0.573,0.44,0.297,0.533,0.412,0.28,-0.355,-0.077,0.722,0.387,-0.684,0.405,0.283,0.176,0.449,-0.726,-0.234,0.71,0.717,0.088,0.526,-0.722,-0.59,-0.343,0.785,0.588
600415SS,-0.313,-0.147,0.079,-0.386,0.121,-0.249,-0.298,-0.184,-0.165,0.011,-0.437,-0.141,-0.416,-0.174,-0.247,-0.19,-0.379,0.027,-0.143,-0.113,-0.248,-0.09,-0.283,0.06,-0.494,0.209,0.076,-0.141,-0.295,-0.117,-0.146,0.237,0.021,-0.247,0.074,-0.13,-0.095,0.072,-0.337,0.052,0.14,-0.083,-0.187,0.161,0.028,-0.169,0.037,-0.076,-0.105,0.228,-0.149,-0.187,-0.149,-0.058,-0.078,-0.159,-0.199,-0.282,-0.144,-0.17,0.068,-0.243,-0.2,-0.21,-0.112,0.012,-0.008,-0.422,0.241,-0.07,0.093,0.142,-0.171,-0.073,0.087,-0.001,0.047,-0.229,-0.307,-0.301,0.04,-0.048,-0.19,-0.247,-0.0,-0.073,-0.012,-0.144,-0.306,-0.078,0.372,-0.256,-0.227,-0.361,0.014,-0.262,-0.028,0.127,-0.167,0.171,-0.291,-0.279,-0.187,-0.121,0.094,-0.162,-0.229,-0.389,-0.266,-0.034,-0.357,-0.121,-0.049,-0.179,-0.248,0.414,0.12,1.0,-0.228,0.181,-0.127,-0.047,-0.327,0.178,-0.172,0.062,-0.219,-0.428,0.197,-0.204,-0.182,-0.059,-0.207,-0.398,0.131,-0.219,-0.412,-0.134,0.06,-0.182,-0.105,-0.35,0.086,-0.394,-0.277,0.124,-0.412,0.037,-0.019,-0.088,-0.292,-0.268,-0.162,-0.311,-0.182,-0.351,-0.359,-0.127,-0.447,0.189,-0.295,-0.133,-0.292,-0.38,-0.14,-0.365,-0.115,-0.468,-0.223,-0.182,-0.205,-0.291,0.195,-0.013,-0.138,0.055,-0.32,-0.354,-0.31,-0.279,-0.193,-0.096,-0.269,-0.074,0.128,-0.202,-0.553,-0.368,-0.361,-0.37,-0.159,-0.303,-0.038,-0.251,-0.284,-0.33,-0.181,0.158,0.107,-0.051,-0.222,0.098,-0.069,-0.26,-0.48,-0.004,0.044,0.08,-0.088,-0.137,-0.232,-0.077,0.082,0.202,0.441,-0.166,-0.396
600426SS,0.518,0.003,0.652,0.731,-0.501,0.041,0.775,0.741,0.235,-0.472,0.504,0.487,0.634,0.273,0.652,-0.432,0.583,0.217,0.841,0.578,0.734,0.471,-0.178,-0.834,0.445,-0.857,0.277,0.852,-0.253,0.927,0.873,-0.806,-0.728,-0.12,-0.088,0.548,-0.279,0.107,0.414,0.709,-0.709,0.498,-0.545,-0.882,-0.14,0.625,-0.37,0.063,0.836,-0.873,0.15,0.729,0.92,-0.69,0.65,0.746,-0.195,0.064,-0.081,-0.59,-0.411,0.459,0.788,0.446,-0.622,-0.139,-0.704,0.056,-0.264,0.852,0.006,-0.765,0.585,-0.491,0.493,-0.455,0.615,0.635,-0.2,-0.018,0.401,0.837,0.803,0.033,-0.421,0.714,0.76,0.573,0.584,-0.713,-0.748,0.788,0.269,0.68,0.751,0.62,-0.145,0.546,0.746,-0.85,0.627,0.734,-0.123,-0.525,-0.713,0.785,0.527,-0.158,0.774,0.847,-0.273,0.819,-0.401,0.951,0.861,-0.29,0.678,-0.228,1.0,-0.349,0.29,0.867,0.673,-0.899,0.109,-0.834,-0.442,0.779,0.164,0.764,-0.389,-0.593,0.891,0.674,-0.138,-0.564,0.44,0.92,0.687,0.692,0.545,0.319,0.073,0.708,-0.17,0.716,0.219,0.12,0.343,0.914,0.37,0.107,0.823,0.286,0.735,0.626,0.585,0.797,0.657,-0.801,0.185,0.695,0.678,0.66,-0.69,0.486,-0.677,0.24,0.826,-0.294,0.457,0.781,-0.745,-0.614,0.322,-0.171,0.661,0.644,0.272,0.818,0.794,0.698,0.876,0.791,-0.863,0.888,0.488,0.671,0.741,0.61,0.888,0.839,0.29,0.634,0.713,0.762,0.568,-0.615,0.083,0.827,0.597,-0.817,0.666,0.345,0.465,0.63,-0.793,-0.169,0.79,0.895,-0.001,0.593,-0.826,-0.876,-0.723,0.823,0.787
600436SS,-0.223,-0.358,-0.39,-0.331,0.162,0.192,0.065,-0.409,-0.322,0.415,-0.077,-0.19,-0.23,0.235,-0.125,0.53,-0.281,-0.57,-0.224,-0.534,-0.399,-0.428,0.303,0.515,-0.188,0.536,0.328,-0.44,-0.203,-0.35,-0.164,0.493,0.707,0.424,0.515,0.082,0.466,-0.313,-0.186,0.023,0.696,0.315,0.244,0.519,0.71,-0.276,0.759,0.511,-0.279,0.563,0.221,-0.427,-0.181,0.548,-0.31,-0.083,0.417,0.177,0.356,0.648,0.235,-0.214,-0.231,-0.141,0.663,0.643,0.694,-0.007,0.49,-0.453,0.262,0.303,-0.01,0.703,-0.197,0.558,-0.531,0.233,0.597,0.417,0.101,-0.264,-0.423,-0.089,0.447,-0.331,-0.458,-0.305,-0.483,0.412,0.547,-0.408,0.303,-0.535,-0.429,-0.247,-0.314,-0.338,-0.409,0.419,0.277,-0.5,0.127,0.105,0.294,-0.473,-0.036,0.077,-0.413,-0.261,0.181,-0.313,0.293,-0.187,-0.263,0.261,-0.107,0.181,-0.349,1.0,0.429,-0.343,-0.513,0.359,-0.379,0.608,0.637,-0.376,0.018,-0.235,0.622,0.621,-0.457,0.119,0.281,0.431,0.015,-0.302,-0.438,-0.449,0.362,-0.262,0.579,-0.414,0.229,-0.439,0.175,0.415,-0.291,-0.271,-0.062,-0.062,-0.511,-0.179,-0.357,-0.08,-0.17,-0.283,-0.258,0.483,-0.127,-0.201,-0.497,-0.062,0.394,-0.086,0.474,-0.08,-0.262,0.369,0.01,-0.531,0.598,0.738,-0.119,0.436,-0.503,-0.487,0.197,-0.337,-0.224,-0.408,-0.386,-0.174,0.575,-0.323,0.096,-0.417,-0.388,0.092,-0.328,-0.499,-0.337,0.086,-0.255,-0.156,-0.159,0.586,0.283,-0.398,0.301,0.44,-0.358,0.037,0.206,-0.527,0.577,-0.335,0.066,-0.39,0.038,-0.567,0.583,0.499,0.537,-0.423,-0.428
600438SS,0.286,0.091,0.15,0.382,-0.06,0.008,0.576,0.242,0.067,-0.079,0.051,0.383,0.083,0.237,-0.023,-0.061,0.17,-0.142,0.169,0.076,0.295,-0.195,0.403,-0.218,0.051,0.02,0.642,0.29,-0.043,0.317,0.328,-0.064,0.191,0.327,0.208,-0.012,-0.261,0.214,0.36,0.295,0.188,0.394,0.233,-0.007,0.211,-0.178,0.19,0.018,0.237,-0.084,-0.154,0.345,0.378,-0.061,0.333,0.288,-0.047,-0.192,0.317,0.159,0.116,0.263,0.461,-0.238,-0.003,0.263,0.078,0.154,0.012,0.072,0.404,-0.363,-0.08,0.235,0.082,-0.234,0.028,0.52,0.416,0.1,0.585,0.123,0.29,-0.383,-0.153,0.34,0.126,0.313,0.132,-0.101,0.104,-0.1,0.048,-0.032,0.16,0.388,0.094,0.024,0.261,-0.129,0.673,0.019,-0.32,-0.448,0.055,-0.099,0.015,0.075,0.059,0.205,-0.241,0.535,0.366,0.343,0.231,0.052,0.014,-0.127,0.29,0.429,1.0,0.214,0.195,-0.25,0.106,-0.085,0.171,0.282,0.369,0.332,0.106,0.0,0.181,0.274,0.488,-0.09,0.433,0.343,0.098,0.242,0.859,-0.308,0.298,0.181,-0.111,0.007,0.101,0.198,0.187,0.326,-0.086,-0.265,0.142,-0.285,0.238,0.263,0.265,0.348,0.009,-0.187,-0.044,0.411,-0.067,0.226,0.063,0.063,-0.089,0.076,0.385,0.285,0.123,0.16,-0.1,0.084,-0.279,-0.154,0.085,-0.203,0.266,-0.01,0.203,0.279,0.419,0.126,0.044,0.09,0.644,0.19,0.255,0.617,0.325,0.179,-0.502,0.501,0.229,0.399,0.332,-0.031,0.714,0.128,0.793,-0.218,0.312,0.037,0.429,0.181,0.123,-0.073,0.364,0.216,-0.457,-0.084,-0.054,-0.181,-0.134,-0.035,0.06
600489SS,0.389,-0.034,0.75,0.639,-0.482,0.014,0.735,0.686,0.224,-0.577,0.305,0.477,0.537,0.066,0.532,-0.445,0.457,0.312,0.799,0.574,0.652,0.576,-0.276,-0.905,0.173,-0.788,0.27,0.919,-0.256,0.87,0.886,-0.781,-0.801,-0.135,-0.214,0.443,-0.403,0.159,0.28,0.697,-0.795,0.325,-0.617,-0.916,-0.302,0.574,-0.515,0.008,0.878,-0.874,0.045,0.725,0.842,-0.846,0.79,0.734,-0.32,-0.076,-0.205,-0.707,-0.49,0.385,0.82,0.291,-0.728,-0.243,-0.811,-0.081,-0.177,0.898,-0.113,-0.748,0.498,-0.673,0.676,-0.516,0.812,0.504,-0.422,-0.268,0.418,0.858,0.794,-0.141,-0.443,0.788,0.888,0.651,0.491,-0.781,-0.595,0.754,0.088,0.661,0.843,0.548,-0.151,0.674,0.79,-0.808,0.549,0.721,-0.307,-0.588,-0.732,0.773,0.306,-0.302,0.693,0.868,-0.46,0.808,-0.412,0.811,0.784,0.007,0.818,-0.047,0.867,-0.343,0.214,1.0,0.601,-0.882,0.098,-0.902,-0.633,0.699,0.334,0.78,-0.378,-0.756,0.859,0.502,0.006,-0.752,0.196,0.914,0.837,0.711,0.429,0.196,0.105,0.627,-0.407,0.829,0.06,0.053,0.42,0.933,0.244,-0.127,0.895,0.172,0.782,0.442,0.478,0.792,0.496,-0.851,0.042,0.696,0.557,0.39,-0.73,0.271,-0.835,0.06,0.728,-0.486,0.362,0.742,-0.706,-0.733,0.19,-0.265,0.597,0.559,0.074,0.722,0.762,0.789,0.828,0.784,-0.895,0.866,0.283,0.57,0.66,0.436,0.902,0.809,0.318,0.517,0.604,0.666,0.448,-0.612,0.117,0.897,0.527,-0.844,0.661,0.171,0.228,0.764,-0.876,-0.035,0.704,0.913,-0.189,0.734,-0.919,-0.85,-0.625,0.831,0.745
600519SS,0.863,0.604,0.688,0.836,0.011,0.068,0.459,0.943,0.807,-0.11,0.441,0.711,0.583,0.3,0.165,-0.397,0.773,0.618,0.399,0.879,0.961,0.498,0.293,-0.66,0.32,-0.635,0.076,0.809,0.423,0.624,0.432,-0.516,-0.655,0.22,-0.507,0.117,-0.415,0.638,0.859,0.456,-0.573,0.262,-0.083,-0.617,-0.551,0.462,-0.664,-0.258,0.71,-0.696,-0.041,0.932,0.628,-0.67,0.661,0.482,-0.401,0.114,-0.396,-0.494,-0.002,0.842,0.792,0.301,-0.645,-0.439,-0.711,0.576,-0.314,0.663,0.194,-0.405,0.257,-0.611,0.161,-0.544,0.713,0.287,-0.16,-0.016,0.509,0.428,0.916,0.015,-0.787,0.83,0.751,0.74,0.916,-0.7,-0.596,0.555,-0.103,0.743,0.754,0.897,0.437,0.6,0.877,-0.467,0.309,0.748,-0.297,-0.332,-0.267,0.657,-0.024,0.283,0.748,0.519,-0.113,0.808,0.05,0.576,0.774,-0.361,0.268,-0.327,0.673,-0.513,0.195,0.601,1.0,-0.52,0.747,-0.665,-0.285,0.804,0.32,0.696,-0.435,-0.694,0.843,0.207,-0.118,-0.413,0.647,0.761,0.523,0.942,0.192,0.139,-0.427,0.854,-0.175,0.519,0.317,-0.066,0.737,0.585,0.285,-0.073,0.837,0.111,0.86,0.707,0.756,0.832,0.59,-0.539,0.425,0.832,0.634,0.53,-0.329,0.454,-0.421,0.415,0.873,0.053,0.551,0.913,-0.608,-0.66,0.103,-0.253,0.878,0.525,0.318,0.516,0.482,0.859,0.876,0.561,-0.657,0.611,0.416,0.867,0.889,0.559,0.815,0.861,0.234,0.653,0.254,0.795,0.739,-0.485,0.364,0.765,0.235,-0.417,0.873,-0.077,0.173,0.799,-0.594,0.432,0.401,0.804,-0.155,0.665,-0.688,-0.733,-0.679,0.589,0.783
600570SS,-0.251,0.166,-0.551,-0.627,0.705,-0.005,-0.756,-0.565,-0.014,0.668,-0.378,-0.322,-0.588,-0.034,-0.658,0.453,-0.429,-0.133,-0.898,-0.398,-0.559,-0.411,0.336,0.867,-0.416,0.859,-0.279,-0.812,0.343,-0.926,-0.914,0.893,0.774,0.254,0.071,-0.557,0.303,0.044,-0.175,-0.565,0.787,-0.376,0.632,0.921,0.175,-0.549,0.374,-0.03,-0.733,0.881,-0.107,-0.62,-0.787,0.705,-0.648,-0.727,0.117,0.073,0.005,0.623,0.602,-0.23,-0.729,-0.364,0.639,0.154,0.728,0.123,0.319,-0.868,0.177,0.852,-0.556,0.531,-0.657,0.488,-0.617,-0.641,0.285,0.139,-0.246,-0.887,-0.679,0.019,0.245,-0.619,-0.709,-0.525,-0.399,0.627,0.733,-0.742,-0.193,-0.642,-0.681,-0.387,0.285,-0.461,-0.636,0.916,-0.554,-0.688,0.129,0.503,0.803,-0.729,-0.524,0.266,-0.651,-0.86,0.34,-0.737,0.482,-0.851,-0.714,0.144,-0.717,0.178,-0.899,0.359,-0.25,-0.882,-0.52,1.0,0.079,0.864,0.565,-0.683,-0.112,-0.712,0.363,0.595,-0.812,-0.657,0.046,0.623,-0.221,-0.863,-0.725,-0.553,-0.498,-0.376,-0.162,-0.581,0.266,-0.674,-0.064,-0.034,-0.146,-0.928,-0.314,-0.093,-0.778,-0.315,-0.611,-0.383,-0.37,-0.661,-0.517,0.887,-0.052,-0.555,-0.58,-0.443,0.746,-0.378,0.818,-0.102,-0.64,0.485,-0.31,-0.675,0.795,0.635,-0.279,0.237,-0.528,-0.62,-0.161,-0.803,-0.822,-0.605,-0.77,-0.695,0.887,-0.835,-0.411,-0.548,-0.589,-0.504,-0.787,-0.772,-0.311,-0.469,-0.785,-0.607,-0.361,0.673,0.018,-0.759,-0.601,0.923,-0.509,-0.454,-0.445,-0.596,0.849,0.273,-0.757,-0.813,0.034,-0.574,0.867,0.882,0.735,-0.755,-0.734
600585SS,0.754,0.916,0.451,0.532,0.523,0.051,-0.071,0.632,0.883,0.255,0.144,0.667,0.193,0.254,-0.391,-0.206,0.57,0.76,-0.189,0.763,0.66,0.312,0.547,-0.221,0.011,-0.103,-0.103,0.404,0.746,0.055,-0.165,0.016,-0.257,0.369,-0.638,-0.415,-0.439,0.895,0.789,0.053,-0.151,-0.094,0.376,-0.053,-0.598,-0.011,-0.594,-0.512,0.302,-0.211,-0.235,0.691,0.121,-0.339,0.364,-0.023,-0.464,0.005,-0.462,-0.169,0.415,0.773,0.423,-0.024,-0.381,-0.544,-0.389,0.647,-0.209,0.13,0.269,0.048,-0.253,-0.404,-0.249,-0.449,0.46,-0.188,-0.07,-0.117,0.408,-0.145,0.573,-0.054,-0.786,0.539,0.395,0.567,0.769,-0.414,-0.122,0.022,-0.476,0.411,0.431,0.728,0.846,0.361,0.581,0.106,-0.11,0.398,-0.365,-0.047,0.262,0.177,-0.518,0.472,0.377,0.002,-0.009,0.464,0.452,0.004,0.292,-0.211,-0.222,-0.172,0.109,-0.379,0.106,0.098,0.747,0.079,1.0,-0.205,-0.074,0.448,0.328,0.337,-0.291,-0.472,0.375,-0.35,0.016,-0.142,0.477,0.273,0.14,0.707,-0.156,-0.182,-0.566,0.56,-0.118,0.157,0.195,-0.273,0.791,0.013,0.004,-0.245,0.434,-0.147,0.549,0.397,0.518,0.48,0.195,-0.061,0.389,0.556,0.281,0.126,0.203,0.131,0.0,0.364,0.484,0.364,0.305,0.587,-0.177,-0.417,-0.177,-0.287,0.639,0.139,0.146,-0.049,-0.036,0.612,0.488,0.019,-0.122,0.033,0.137,0.609,0.609,0.225,0.361,0.459,0.004,0.316,-0.283,0.42,0.487,-0.161,0.492,0.327,-0.151,0.105,0.619,-0.446,-0.16,0.608,-0.082,0.843,-0.165,0.329,-0.344,0.425,-0.218,-0.253,-0.277,0.052,0.319
600588SS,-0.352,-0.07,-0.775,-0.623,0.517,0.148,-0.564,-0.71,-0.286,0.676,-0.175,-0.401,-0.464,0.058,-0.47,0.622,-0.398,-0.416,-0.706,-0.635,-0.665,-0.609,0.326,0.945,-0.158,0.835,-0.168,-0.91,0.15,-0.851,-0.783,0.834,0.908,0.288,0.333,-0.284,0.57,-0.253,-0.294,-0.561,0.862,-0.11,0.577,0.924,0.524,-0.549,0.712,0.22,-0.81,0.917,0.13,-0.746,-0.774,0.919,-0.799,-0.638,0.473,0.213,0.287,0.842,0.493,-0.339,-0.802,-0.21,0.874,0.417,0.923,0.082,0.316,-0.909,0.176,0.722,-0.356,0.83,-0.679,0.668,-0.854,-0.359,0.573,0.387,-0.373,-0.802,-0.809,0.183,0.524,-0.783,-0.895,-0.617,-0.535,0.777,0.63,-0.715,0.088,-0.672,-0.863,-0.501,0.013,-0.715,-0.766,0.811,-0.359,-0.692,0.399,0.595,0.689,-0.768,-0.244,0.321,-0.672,-0.8,0.526,-0.791,0.42,-0.73,-0.705,0.009,-0.659,0.062,-0.834,0.608,-0.085,-0.902,-0.665,0.864,-0.205,1.0,0.744,-0.646,-0.357,-0.673,0.599,0.864,-0.845,-0.32,0.005,0.825,-0.096,-0.866,-0.869,-0.735,-0.256,-0.193,0.156,-0.599,0.518,-0.82,0.106,0.065,-0.429,-0.885,-0.139,0.165,-0.909,-0.094,-0.77,-0.323,-0.394,-0.773,-0.409,0.866,-0.016,-0.663,-0.59,-0.285,0.744,-0.196,0.914,0.044,-0.676,0.595,-0.252,-0.767,0.836,0.863,-0.119,0.404,-0.606,-0.559,0.077,-0.66,-0.679,-0.793,-0.809,-0.688,0.936,-0.8,-0.16,-0.558,-0.637,-0.31,-0.838,-0.806,-0.286,-0.384,-0.597,-0.602,-0.429,0.698,-0.049,-0.879,-0.34,0.864,-0.69,-0.065,-0.069,-0.813,0.927,-0.049,-0.57,-0.863,0.233,-0.752,0.965,0.889,0.712,-0.779,-0.706
600600SS,0.066,-0.052,-0.601,-0.277,0.386,0.272,-0.138,-0.299,-0.012,0.662,0.113,-0.207,-0.091,0.383,-0.191,0.602,-0.086,-0.444,-0.459,-0.365,-0.248,-0.504,0.564,0.687,0.067,0.535,-0.034,-0.595,0.172,-0.54,-0.458,0.551,0.773,0.578,0.275,-0.041,0.617,-0.217,0.119,-0.253,0.751,0.2,0.469,0.651,0.58,-0.243,0.7,0.416,-0.45,0.618,0.323,-0.405,-0.341,0.762,-0.555,-0.312,0.477,0.405,0.159,0.827,0.388,-0.004,-0.399,0.024,0.818,0.458,0.805,0.396,0.212,-0.622,0.268,0.525,-0.058,0.772,-0.582,0.612,-0.704,0.022,0.834,0.713,-0.075,-0.556,-0.427,0.227,0.354,-0.436,-0.624,-0.426,-0.235,0.566,0.349,-0.406,0.334,-0.41,-0.611,-0.104,-0.097,-0.528,-0.465,0.567,0.044,-0.474,0.395,0.433,0.485,-0.49,-0.036,0.482,-0.34,-0.51,0.555,-0.456,0.329,-0.315,-0.233,-0.174,-0.499,-0.219,-0.442,0.637,0.171,-0.633,-0.285,0.565,-0.074,0.744,1.0,-0.263,-0.25,-0.378,0.602,0.738,-0.485,0.061,-0.065,0.802,0.326,-0.471,-0.714,-0.393,0.082,-0.044,0.141,-0.254,0.562,-0.648,0.405,0.273,-0.191,-0.534,0.067,0.223,-0.573,-0.014,-0.357,0.123,-0.013,-0.34,-0.069,0.6,0.143,-0.23,-0.311,0.102,0.605,0.129,0.796,0.226,-0.22,0.603,0.144,-0.442,0.574,0.774,0.056,0.47,-0.332,-0.331,0.354,-0.322,-0.384,-0.496,-0.428,-0.269,0.661,-0.41,0.147,-0.247,-0.292,0.112,-0.417,-0.481,-0.222,0.15,-0.433,-0.107,-0.075,0.54,0.117,-0.538,0.037,0.711,-0.337,0.021,0.24,-0.598,0.697,-0.203,-0.175,-0.471,0.34,-0.638,0.732,0.527,0.383,-0.47,-0.32
600660SS,0.727,0.361,0.555,0.853,-0.17,0.298,0.592,0.751,0.449,-0.194,0.64,0.644,0.752,0.374,0.411,-0.168,0.821,0.469,0.646,0.732,0.806,0.46,0.143,-0.701,0.497,-0.706,0.094,0.793,0.149,0.711,0.621,-0.611,-0.594,0.253,-0.41,0.349,-0.219,0.345,0.595,0.447,-0.621,0.409,-0.251,-0.698,-0.25,0.503,-0.405,-0.036,0.717,-0.744,0.206,0.837,0.7,-0.546,0.55,0.575,-0.062,0.252,-0.232,-0.339,-0.25,0.734,0.752,0.451,-0.486,-0.339,-0.624,0.399,-0.353,0.67,0.014,-0.632,0.452,-0.429,0.243,-0.406,0.609,0.44,0.014,0.058,0.332,0.56,0.81,0.144,-0.524,0.707,0.677,0.735,0.768,-0.667,-0.721,0.668,0.127,0.789,0.67,0.762,0.156,0.401,0.802,-0.608,0.471,0.847,-0.086,-0.262,-0.463,0.662,0.256,0.272,0.78,0.627,0.031,0.776,-0.164,0.708,0.809,-0.42,0.453,-0.428,0.779,-0.376,0.282,0.699,0.804,-0.683,0.448,-0.646,-0.263,1.0,0.053,0.847,-0.189,-0.556,0.836,0.535,-0.246,-0.332,0.638,0.783,0.474,0.781,0.352,0.334,-0.025,0.901,0.041,0.553,0.48,-0.057,0.547,0.668,0.446,0.163,0.806,0.414,0.768,0.703,0.705,0.764,0.706,-0.684,0.428,0.716,0.679,0.592,-0.339,0.533,-0.441,0.577,0.815,0.023,0.567,0.874,-0.56,-0.589,0.315,-0.201,0.841,0.674,0.396,0.711,0.649,0.748,0.854,0.59,-0.706,0.729,0.57,0.864,0.893,0.619,0.81,0.867,0.375,0.687,0.432,0.761,0.583,-0.568,0.163,0.741,0.485,-0.566,0.662,0.284,0.523,0.708,-0.612,0.216,0.5,0.803,-0.007,0.679,-0.676,-0.761,-0.745,0.663,0.818
600674SS,0.237,0.133,0.543,0.173,0.119,-0.436,0.27,0.416,0.413,-0.257,-0.465,0.234,-0.314,-0.165,-0.251,-0.381,-0.103,0.098,-0.108,0.294,0.358,0.073,0.084,-0.327,-0.426,0.095,0.526,0.457,0.149,0.187,0.254,0.038,-0.146,0.175,-0.032,-0.272,-0.674,0.467,0.384,0.392,0.017,-0.143,0.225,-0.144,-0.5,0.008,-0.477,-0.167,0.408,-0.1,-0.638,0.389,0.381,-0.55,0.643,0.239,-0.696,-0.448,-0.29,-0.428,0.172,0.24,0.528,-0.392,-0.5,-0.033,-0.306,0.084,0.205,0.287,0.356,-0.047,-0.264,-0.364,0.377,-0.423,0.512,-0.013,-0.337,-0.351,0.778,0.078,0.455,-0.717,-0.485,0.631,0.52,0.329,0.138,-0.343,0.354,-0.081,-0.348,-0.106,0.47,0.377,0.239,0.588,0.409,0.073,0.322,-0.079,-0.772,-0.757,0.208,0.074,-0.47,-0.273,-0.017,0.099,-0.573,0.514,0.357,0.122,0.191,0.429,0.148,0.197,0.164,0.018,0.369,0.334,0.32,-0.112,0.328,-0.357,-0.25,0.053,1.0,0.117,-0.333,-0.53,0.179,-0.2,0.708,-0.572,0.002,0.314,0.459,0.452,0.255,-0.659,-0.261,0.042,-0.738,0.358,-0.343,0.253,0.505,0.357,-0.494,-0.854,0.388,-0.749,0.487,0.012,0.143,0.5,-0.305,-0.14,-0.338,0.554,-0.176,-0.156,-0.093,-0.338,-0.412,-0.494,0.366,-0.187,-0.131,0.188,-0.117,-0.312,-0.668,-0.387,0.03,-0.403,-0.319,-0.261,-0.099,0.572,0.36,0.285,-0.17,0.103,-0.022,0.007,0.152,-0.034,0.4,0.167,-0.526,0.277,-0.053,0.334,0.457,0.043,0.655,0.406,0.107,-0.235,0.582,-0.665,-0.438,0.485,-0.228,0.245,0.206,0.315,-0.72,0.13,-0.299,-0.149,0.016,0.134,0.01
600741SS,0.591,0.239,0.677,0.766,-0.271,0.295,0.653,0.703,0.37,-0.252,0.66,0.693,0.651,0.269,0.406,-0.208,0.693,0.401,0.767,0.634,0.723,0.498,0.025,-0.721,0.398,-0.689,0.198,0.822,-0.042,0.746,0.703,-0.577,-0.656,0.186,-0.267,0.448,-0.223,0.296,0.479,0.606,-0.622,0.498,-0.381,-0.741,-0.195,0.481,-0.395,-0.003,0.781,-0.778,0.267,0.81,0.698,-0.641,0.623,0.673,-0.037,0.219,-0.134,-0.43,-0.244,0.631,0.743,0.44,-0.534,-0.225,-0.686,0.191,-0.165,0.722,-0.056,-0.606,0.523,-0.472,0.311,-0.396,0.663,0.607,-0.128,-0.086,0.319,0.708,0.779,0.013,-0.491,0.705,0.739,0.722,0.67,-0.726,-0.641,0.661,0.106,0.774,0.747,0.701,0.07,0.539,0.813,-0.667,0.547,0.88,-0.201,-0.312,-0.587,0.699,0.203,0.065,0.731,0.752,-0.102,0.801,-0.184,0.718,0.718,-0.206,0.608,-0.204,0.764,-0.235,0.332,0.78,0.696,-0.712,0.337,-0.673,-0.378,0.847,0.117,1.0,-0.154,-0.587,0.835,0.52,-0.082,-0.494,0.484,0.845,0.586,0.737,0.418,0.283,0.194,0.761,-0.15,0.567,0.378,-0.022,0.475,0.735,0.432,0.042,0.8,0.414,0.751,0.627,0.653,0.732,0.656,-0.659,0.365,0.708,0.569,0.515,-0.492,0.455,-0.533,0.51,0.769,-0.059,0.543,0.805,-0.49,-0.511,0.252,-0.102,0.759,0.641,0.369,0.695,0.734,0.744,0.844,0.613,-0.707,0.728,0.484,0.762,0.796,0.607,0.814,0.845,0.392,0.6,0.453,0.697,0.501,-0.464,0.29,0.759,0.55,-0.614,0.629,0.303,0.457,0.708,-0.645,0.151,0.611,0.815,-0.085,0.703,-0.725,-0.755,-0.63,0.626,0.793
600760SS,-0.154,-0.276,-0.515,-0.195,0.094,0.602,-0.049,-0.478,-0.314,0.513,0.2,-0.255,0.093,0.171,0.015,0.88,-0.053,-0.458,-0.144,-0.466,-0.435,-0.318,0.283,0.572,0.017,0.399,-0.018,-0.475,-0.048,-0.459,-0.254,0.351,0.587,0.528,0.177,0.081,0.696,-0.448,-0.253,-0.274,0.458,0.127,0.17,0.431,0.601,-0.144,0.681,0.563,-0.337,0.438,0.493,-0.422,-0.367,0.61,-0.466,-0.163,0.661,0.435,0.317,0.75,0.052,-0.13,-0.349,0.095,0.748,0.385,0.617,0.082,0.326,-0.513,-0.13,0.275,0.109,0.595,-0.241,0.677,-0.499,0.091,0.629,0.355,-0.292,-0.31,-0.448,0.268,0.557,-0.418,-0.484,-0.245,-0.322,0.504,0.295,-0.194,0.376,-0.2,-0.491,-0.267,-0.343,-0.422,-0.378,0.358,0.072,-0.264,0.424,0.547,0.166,-0.37,0.085,0.3,-0.29,-0.291,0.515,-0.46,0.022,-0.277,-0.269,0.136,-0.212,-0.182,-0.389,0.622,0.106,-0.378,-0.435,0.363,-0.291,0.599,0.602,-0.189,-0.333,-0.154,1.0,0.628,-0.427,0.199,-0.052,0.57,0.065,-0.365,-0.512,-0.404,0.045,0.232,0.465,-0.201,0.51,-0.441,0.497,0.205,-0.309,-0.366,0.316,0.31,-0.439,0.24,-0.334,-0.027,-0.071,-0.351,0.017,0.404,0.258,-0.291,-0.292,-0.042,0.461,0.174,0.571,0.28,-0.358,0.409,0.167,-0.395,0.554,0.64,0.231,0.548,-0.297,-0.122,0.45,-0.114,-0.113,-0.426,-0.437,-0.234,0.475,-0.257,0.084,-0.211,-0.264,0.035,-0.386,-0.369,0.031,0.009,-0.237,-0.166,-0.284,0.519,-0.08,-0.441,0.131,0.47,-0.562,0.214,0.392,-0.518,0.482,-0.24,-0.187,-0.405,0.364,-0.317,0.538,0.438,0.287,-0.358,-0.23
600795SS,-0.401,-0.315,-0.841,-0.543,0.185,0.189,-0.321,-0.692,-0.491,0.515,0.011,-0.461,-0.221,0.116,-0.125,0.556,-0.332,-0.61,-0.403,-0.714,-0.645,-0.586,0.2,0.803,0.118,0.573,-0.113,-0.865,-0.169,-0.597,-0.548,0.537,0.804,0.108,0.506,0.017,0.718,-0.537,-0.376,-0.442,0.698,0.135,0.328,0.723,0.767,-0.384,0.889,0.38,-0.735,0.721,0.334,-0.772,-0.599,0.94,-0.827,-0.451,0.644,0.25,0.559,0.82,0.246,-0.434,-0.752,-0.018,0.917,0.548,0.9,-0.017,0.189,-0.763,0.121,0.458,-0.1,0.891,-0.567,0.68,-0.945,-0.063,0.663,0.561,-0.462,-0.534,-0.795,0.342,0.75,-0.815,-0.905,-0.637,-0.567,0.84,0.41,-0.503,0.394,-0.54,-0.875,-0.562,-0.279,-0.797,-0.772,0.501,-0.163,-0.603,0.62,0.592,0.37,-0.629,0.196,0.265,-0.502,-0.523,0.566,-0.743,0.154,-0.437,-0.529,-0.055,-0.488,-0.059,-0.593,0.621,0.0,-0.756,-0.694,0.595,-0.472,0.864,0.738,-0.556,-0.53,-0.587,0.628,1.0,-0.698,0.018,-0.117,0.848,-0.029,-0.696,-0.765,-0.781,-0.014,0.116,0.329,-0.536,0.669,-0.763,0.195,0.124,-0.642,-0.671,0.091,0.456,-0.864,0.148,-0.785,-0.213,-0.342,-0.752,-0.194,0.664,0.038,-0.702,-0.358,-0.05,0.496,0.05,0.813,0.1,-0.597,0.496,-0.116,-0.712,0.595,0.878,0.153,0.511,-0.568,-0.367,0.255,-0.353,-0.37,-0.856,-0.723,-0.497,0.769,-0.57,0.051,-0.495,-0.607,-0.043,-0.73,-0.706,-0.141,-0.298,-0.233,-0.525,-0.435,0.494,-0.191,-0.792,-0.058,0.658,-0.725,0.299,0.227,-0.901,0.805,-0.4,-0.317,-0.736,0.451,-0.75,0.838,0.693,0.537,-0.59,-0.542
600809SS,0.663,0.25,0.761,0.844,-0.347,0.11,0.675,0.891,0.489,-0.329,0.557,0.638,0.727,0.273,0.542,-0.442,0.762,0.464,0.767,0.776,0.885,0.62,-0.063,-0.838,0.39,-0.89,0.166,0.901,-0.039,0.892,0.75,-0.792,-0.823,-0.053,-0.313,0.467,-0.292,0.315,0.578,0.662,-0.796,0.466,-0.506,-0.888,-0.33,0.677,-0.554,-0.029,0.846,-0.916,0.161,0.869,0.829,-0.781,0.716,0.738,-0.261,0.159,-0.221,-0.649,-0.276,0.676,0.829,0.463,-0.699,-0.283,-0.829,0.248,-0.241,0.896,0.052,-0.662,0.581,-0.678,0.419,-0.469,0.765,0.547,-0.256,-0.041,0.383,0.813,0.911,0.065,-0.575,0.804,0.852,0.737,0.786,-0.785,-0.765,0.829,0.152,0.859,0.838,0.745,0.075,0.66,0.901,-0.808,0.491,0.863,-0.208,-0.394,-0.686,0.87,0.35,-0.032,0.873,0.86,-0.21,0.836,-0.325,0.842,0.892,-0.252,0.668,-0.207,0.891,-0.457,0.181,0.859,0.843,-0.812,0.375,-0.845,-0.485,0.836,0.179,0.835,-0.427,-0.698,1.0,0.505,-0.224,-0.587,0.471,0.943,0.753,0.857,0.367,0.372,-0.085,0.851,-0.182,0.707,0.312,0.037,0.522,0.845,0.478,0.103,0.921,0.347,0.859,0.717,0.742,0.845,0.751,-0.76,0.381,0.758,0.769,0.657,-0.663,0.552,-0.656,0.36,0.887,-0.207,0.617,0.94,-0.766,-0.703,0.357,-0.118,0.871,0.721,0.33,0.82,0.812,0.83,0.925,0.795,-0.885,0.889,0.458,0.852,0.881,0.635,0.932,0.953,0.446,0.615,0.593,0.789,0.644,-0.617,0.156,0.919,0.441,-0.7,0.807,0.241,0.331,0.755,-0.803,0.118,0.668,0.961,0.018,0.779,-0.884,-0.887,-0.73,0.844,0.907
600875SS,0.209,-0.425,0.128,0.428,-0.528,0.353,0.744,0.273,-0.185,-0.202,0.662,0.103,0.605,0.288,0.793,0.115,0.419,-0.363,0.778,0.024,0.307,0.068,-0.166,-0.328,0.59,-0.559,0.321,0.382,-0.443,0.624,0.748,-0.527,-0.217,0.099,0.333,0.837,0.333,-0.46,0.102,0.505,-0.316,0.663,-0.457,-0.565,0.401,0.587,0.24,0.61,0.469,-0.479,0.53,0.223,0.63,-0.148,0.173,0.68,0.386,0.432,0.256,-0.046,-0.387,0.19,0.372,0.58,0.014,0.385,-0.138,0.033,0.007,0.499,-0.029,-0.516,0.8,0.081,0.274,0.164,0.087,0.784,0.306,0.392,0.067,0.663,0.33,0.268,0.197,0.223,0.263,0.183,0.157,-0.202,-0.586,0.649,0.719,0.427,0.228,0.221,-0.6,0.1,0.297,-0.607,0.73,0.455,0.305,-0.167,-0.634,0.537,0.737,-0.063,0.456,0.605,0.2,0.357,-0.456,0.754,0.594,-0.304,0.586,-0.398,0.674,0.119,0.274,0.502,0.207,-0.657,-0.35,-0.32,0.061,0.535,-0.2,0.52,0.199,0.018,0.505,1.0,-0.18,-0.063,0.415,0.546,0.251,0.183,0.598,0.51,0.456,0.422,0.234,0.292,0.514,0.389,-0.153,0.622,0.575,0.425,0.365,0.532,0.311,0.56,0.424,0.364,0.655,-0.444,0.251,0.305,0.403,0.685,-0.447,0.61,-0.239,0.343,0.476,-0.057,0.469,0.352,-0.304,-0.008,0.482,0.292,0.303,0.523,0.522,0.753,0.672,0.176,0.443,0.644,-0.486,0.693,0.644,0.379,0.397,0.568,0.496,0.48,0.28,0.547,0.669,0.529,0.328,-0.19,-0.132,0.394,0.65,-0.509,0.164,0.67,0.744,0.047,-0.403,-0.59,0.791,0.51,0.431,0.152,-0.367,-0.47,-0.461,0.601,0.575
600886SS,-0.175,-0.086,0.094,-0.129,0.005,-0.351,0.124,-0.073,-0.026,-0.268,-0.505,-0.006,-0.524,-0.37,-0.346,-0.207,-0.389,-0.257,-0.191,-0.232,-0.097,-0.297,0.076,-0.013,-0.344,0.395,0.521,0.078,0.009,-0.063,0.093,0.229,0.202,0.087,0.258,-0.304,-0.498,0.154,0.027,0.066,0.298,-0.229,0.402,0.171,-0.218,-0.388,-0.108,-0.174,-0.017,0.185,-0.525,-0.016,0.006,-0.14,0.307,-0.004,-0.309,-0.558,0.12,-0.073,0.16,-0.16,0.145,-0.528,-0.103,0.181,0.08,-0.169,0.178,-0.08,0.202,0.041,-0.44,0.076,0.229,-0.273,0.075,0.028,-0.074,-0.341,0.465,-0.132,-0.013,-0.72,-0.001,0.166,0.054,-0.013,-0.289,0.145,0.54,-0.416,-0.321,-0.376,0.023,-0.049,0.094,0.123,-0.03,0.208,0.261,-0.344,-0.585,-0.506,0.303,-0.312,-0.432,-0.272,-0.41,-0.147,-0.472,0.21,0.452,-0.15,-0.269,0.507,-0.123,0.131,-0.138,0.281,0.488,0.006,-0.118,0.046,0.016,0.005,-0.065,-0.246,0.708,-0.082,-0.052,-0.117,-0.224,-0.18,1.0,-0.251,-0.145,-0.036,0.112,-0.036,0.308,-0.614,0.027,-0.315,-0.582,-0.064,-0.444,0.122,0.042,0.079,-0.587,-0.727,-0.054,-0.677,0.0,-0.323,-0.231,0.046,-0.547,0.061,-0.47,0.151,-0.526,-0.41,0.118,-0.485,-0.17,-0.484,-0.071,-0.093,-0.447,-0.227,0.127,0.072,-0.756,-0.355,-0.347,-0.596,-0.34,-0.485,-0.248,0.103,0.027,-0.132,0.202,-0.27,0.053,-0.309,-0.244,-0.095,-0.024,-0.166,-0.733,-0.008,-0.04,-0.023,0.029,0.218,0.601,-0.101,0.17,-0.089,0.076,-0.394,-0.285,0.091,0.145,0.012,0.062,-0.121,-0.7,-0.253,0.057,0.125,0.179,-0.271,-0.338
600887SS,-0.088,-0.021,-0.845,-0.433,0.418,0.261,-0.414,-0.487,-0.167,0.613,0.129,-0.291,-0.069,0.265,-0.264,0.533,-0.135,-0.317,-0.495,-0.45,-0.42,-0.482,0.449,0.735,0.167,0.526,-0.369,-0.757,0.19,-0.644,-0.65,0.547,0.719,0.294,0.162,-0.109,0.699,-0.28,-0.086,-0.463,0.619,0.07,0.448,0.723,0.553,-0.419,0.718,0.205,-0.695,0.659,0.409,-0.578,-0.613,0.922,-0.805,-0.603,0.611,0.31,0.276,0.834,0.226,-0.188,-0.65,0.038,0.892,0.238,0.831,0.271,-0.087,-0.766,0.092,0.457,-0.179,0.825,-0.686,0.541,-0.843,-0.22,0.688,0.64,-0.397,-0.68,-0.641,0.459,0.524,-0.688,-0.824,-0.535,-0.32,0.736,0.273,-0.463,0.28,-0.41,-0.825,-0.314,-0.048,-0.815,-0.652,0.537,-0.313,-0.444,0.641,0.697,0.481,-0.625,0.005,0.603,-0.372,-0.607,0.652,-0.651,0.218,-0.481,-0.414,-0.273,-0.618,-0.219,-0.564,0.431,-0.09,-0.752,-0.413,0.623,-0.142,0.825,0.802,-0.332,-0.572,-0.494,0.57,0.848,-0.587,-0.063,-0.251,1.0,0.232,-0.668,-0.87,-0.579,-0.156,0.156,0.021,-0.331,0.785,-0.745,0.288,-0.094,-0.331,-0.724,0.085,0.485,-0.731,0.2,-0.622,-0.044,-0.214,-0.608,-0.099,0.591,0.146,-0.512,-0.25,-0.022,0.57,0.079,0.89,0.312,-0.447,0.575,0.01,-0.544,0.539,0.709,0.204,0.35,-0.368,-0.238,0.283,-0.327,-0.434,-0.702,-0.599,-0.484,0.724,-0.538,0.01,-0.296,-0.427,0.013,-0.622,-0.583,-0.028,-0.104,-0.429,-0.385,-0.365,0.343,-0.177,-0.711,-0.169,0.768,-0.572,0.211,0.213,-0.713,0.76,-0.134,-0.416,-0.646,0.457,-0.624,0.81,0.578,0.345,-0.523,-0.387
600926SS,0.834,0.439,0.15,0.598,0.236,0.267,0.425,0.606,0.552,0.259,0.615,0.608,0.521,0.614,0.113,0.008,0.687,0.215,0.231,0.506,0.686,0.033,0.567,-0.19,0.477,-0.273,0.121,0.352,0.294,0.337,0.2,-0.121,-0.063,0.492,-0.115,0.2,0.091,0.355,0.777,0.321,-0.032,0.563,0.192,-0.156,0.08,0.171,0.041,0.063,0.344,-0.236,0.294,0.553,0.402,-0.024,0.133,0.239,0.093,0.337,-0.041,0.136,0.178,0.719,0.413,0.321,0.022,-0.029,-0.059,0.611,-0.258,0.165,0.415,-0.232,0.24,0.131,-0.269,-0.128,0.07,0.401,0.464,0.454,0.409,0.082,0.514,0.258,-0.371,0.425,0.204,0.391,0.653,-0.241,-0.382,0.266,0.28,0.396,0.214,0.752,0.265,0.03,0.461,-0.168,0.392,0.429,0.142,-0.046,0.006,0.234,0.124,0.551,0.522,0.216,0.268,0.51,0.211,0.456,0.58,-0.562,-0.035,-0.412,0.44,0.015,0.433,0.196,0.647,-0.221,0.477,-0.096,0.326,0.638,0.002,0.484,0.065,-0.029,0.471,0.415,-0.145,0.232,1.0,0.417,-0.052,0.539,0.433,0.173,-0.135,0.624,0.365,0.093,0.58,0.064,0.471,0.257,0.358,0.241,0.342,0.218,0.467,0.802,0.689,0.497,0.577,-0.173,0.468,0.59,0.434,0.682,-0.002,0.563,0.172,0.65,0.698,0.549,0.571,0.524,-0.176,-0.07,0.238,0.037,0.576,0.317,0.634,0.347,0.292,0.404,0.568,0.353,-0.166,0.331,0.635,0.658,0.62,0.734,0.501,0.487,0.052,0.775,0.107,0.684,0.616,-0.206,0.415,0.301,0.43,-0.037,0.502,0.19,0.535,0.285,-0.056,0.151,0.356,0.44,0.09,0.166,-0.121,-0.348,-0.373,0.279,0.486
600989SS,0.582,0.123,0.776,0.788,-0.426,0.084,0.775,0.829,0.398,-0.407,0.468,0.595,0.654,0.228,0.524,-0.438,0.63,0.338,0.797,0.666,0.809,0.525,-0.063,-0.866,0.324,-0.829,0.312,0.932,-0.132,0.905,0.841,-0.783,-0.775,0.004,-0.232,0.469,-0.356,0.264,0.514,0.723,-0.725,0.476,-0.517,-0.88,-0.266,0.615,-0.489,-0.0,0.907,-0.889,0.1,0.854,0.887,-0.802,0.778,0.779,-0.291,0.051,-0.186,-0.622,-0.339,0.573,0.902,0.413,-0.693,-0.212,-0.796,0.162,-0.19,0.894,0.019,-0.703,0.543,-0.626,0.506,-0.505,0.767,0.651,-0.24,-0.09,0.494,0.848,0.894,-0.052,-0.531,0.836,0.869,0.713,0.671,-0.791,-0.668,0.754,0.122,0.749,0.866,0.713,-0.04,0.694,0.863,-0.787,0.626,0.783,-0.288,-0.526,-0.692,0.814,0.328,-0.121,0.782,0.895,-0.328,0.889,-0.306,0.888,0.869,-0.115,0.714,-0.134,0.92,-0.302,0.343,0.914,0.761,-0.863,0.273,-0.866,-0.471,0.783,0.314,0.845,-0.365,-0.696,0.943,0.546,-0.036,-0.668,0.417,1.0,0.777,0.823,0.522,0.255,0.047,0.745,-0.306,0.735,0.238,0.103,0.478,0.921,0.374,-0.039,0.913,0.214,0.857,0.622,0.637,0.877,0.62,-0.786,0.247,0.801,0.633,0.564,-0.671,0.47,-0.732,0.221,0.864,-0.277,0.552,0.853,-0.727,-0.653,0.241,-0.156,0.733,0.604,0.308,0.768,0.808,0.83,0.929,0.793,-0.865,0.868,0.458,0.732,0.801,0.639,0.946,0.896,0.318,0.644,0.6,0.801,0.619,-0.57,0.268,0.913,0.591,-0.761,0.769,0.201,0.351,0.771,-0.806,0.007,0.764,0.951,-0.122,0.698,-0.886,-0.906,-0.698,0.787,0.83
601006SS,0.234,-0.007,0.836,0.584,-0.521,-0.139,0.559,0.633,0.219,-0.546,0.055,0.324,0.316,-0.197,0.484,-0.507,0.349,0.271,0.629,0.543,0.573,0.591,-0.374,-0.793,0.055,-0.704,0.388,0.796,-0.259,0.78,0.732,-0.723,-0.791,-0.334,-0.133,0.258,-0.542,0.171,0.211,0.527,-0.74,0.08,-0.521,-0.84,-0.484,0.579,-0.67,-0.053,0.731,-0.8,-0.204,0.626,0.712,-0.898,0.822,0.732,-0.496,-0.187,-0.136,-0.842,-0.269,0.327,0.696,0.083,-0.835,-0.143,-0.851,-0.159,0.04,0.862,-0.041,-0.542,0.365,-0.815,0.713,-0.475,0.826,0.335,-0.582,-0.42,0.325,0.8,0.727,-0.333,-0.431,0.748,0.87,0.653,0.431,-0.657,-0.421,0.673,-0.003,0.631,0.836,0.379,-0.029,0.8,0.765,-0.712,0.419,0.565,-0.493,-0.585,-0.624,0.748,0.245,-0.496,0.6,0.79,-0.568,0.69,-0.295,0.633,0.622,0.222,0.696,0.06,0.687,-0.438,0.098,0.837,0.523,-0.725,0.14,-0.869,-0.714,0.474,0.459,0.586,-0.512,-0.765,0.753,0.251,0.112,-0.87,-0.052,0.777,1.0,0.652,0.238,0.117,0.007,0.52,-0.581,0.733,-0.075,0.171,0.329,0.83,0.199,-0.269,0.819,-0.001,0.715,0.264,0.425,0.692,0.358,-0.681,0.079,0.566,0.529,0.246,-0.646,0.212,-0.86,-0.142,0.587,-0.545,0.243,0.693,-0.696,-0.74,0.018,-0.179,0.544,0.389,-0.076,0.551,0.707,0.75,0.696,0.687,-0.836,0.74,0.148,0.491,0.555,0.24,0.756,0.733,0.19,0.285,0.619,0.509,0.481,-0.446,0.114,0.831,0.285,-0.798,0.661,-0.014,-0.045,0.686,-0.819,0.027,0.524,0.793,-0.235,0.741,-0.882,-0.68,-0.471,0.685,0.604
601009SS,0.828,0.569,0.824,0.844,-0.002,0.072,0.504,0.926,0.752,-0.139,0.351,0.75,0.545,0.296,0.185,-0.373,0.734,0.65,0.434,0.919,0.928,0.56,0.219,-0.727,0.172,-0.639,0.211,0.88,0.318,0.654,0.506,-0.537,-0.685,0.227,-0.515,0.087,-0.485,0.656,0.774,0.52,-0.599,0.236,-0.164,-0.668,-0.534,0.485,-0.685,-0.219,0.818,-0.731,-0.1,0.962,0.7,-0.782,0.767,0.555,-0.503,0.067,-0.426,-0.557,-0.036,0.825,0.857,0.235,-0.718,-0.421,-0.778,0.444,-0.18,0.716,0.172,-0.462,0.258,-0.705,0.289,-0.551,0.827,0.289,-0.254,-0.176,0.594,0.505,0.966,-0.093,-0.819,0.93,0.869,0.838,0.899,-0.806,-0.507,0.587,-0.141,0.725,0.868,0.903,0.414,0.73,0.944,-0.473,0.361,0.735,-0.421,-0.442,-0.326,0.689,-0.059,0.12,0.774,0.597,-0.25,0.858,0.016,0.617,0.795,-0.186,0.399,-0.182,0.692,-0.449,0.242,0.711,0.942,-0.553,0.707,-0.735,-0.393,0.781,0.452,0.737,-0.404,-0.781,0.857,0.183,-0.036,-0.579,0.539,0.823,0.652,1.0,0.225,0.046,-0.333,0.842,-0.305,0.67,0.288,-0.009,0.811,0.675,0.264,-0.192,0.909,0.014,0.943,0.671,0.763,0.913,0.552,-0.584,0.386,0.902,0.615,0.474,-0.347,0.392,-0.534,0.316,0.883,-0.012,0.562,0.923,-0.601,-0.721,0.079,-0.241,0.859,0.502,0.271,0.509,0.525,0.957,0.895,0.613,-0.71,0.662,0.338,0.836,0.896,0.494,0.876,0.877,0.206,0.666,0.255,0.841,0.745,-0.457,0.406,0.845,0.274,-0.491,0.899,-0.175,0.117,0.879,-0.66,0.463,0.422,0.863,-0.265,0.762,-0.754,-0.741,-0.625,0.619,0.743
601012SS,0.247,-0.216,0.182,0.363,-0.303,-0.02,0.787,0.323,-0.041,-0.257,0.22,0.293,0.234,0.237,0.314,-0.167,0.183,-0.303,0.464,0.039,0.349,-0.122,0.133,-0.363,0.199,-0.232,0.614,0.396,-0.349,0.555,0.604,-0.291,0.015,0.149,0.351,0.372,-0.095,-0.061,0.289,0.571,-0.023,0.624,-0.128,-0.262,0.325,0.102,0.237,0.253,0.408,-0.277,0.068,0.321,0.613,-0.16,0.358,0.497,0.051,-0.084,0.329,-0.009,-0.133,0.188,0.506,0.041,-0.047,0.372,-0.016,0.023,-0.019,0.307,0.322,-0.522,0.262,0.188,0.242,-0.167,0.065,0.72,0.34,0.216,0.536,0.421,0.338,-0.258,-0.033,0.344,0.224,0.22,0.085,-0.186,-0.141,0.192,0.336,0.082,0.223,0.366,-0.264,0.095,0.283,-0.404,0.834,0.136,-0.166,-0.513,-0.27,0.149,0.347,-0.112,0.198,0.474,-0.239,0.578,0.01,0.621,0.429,-0.021,0.338,-0.105,0.545,0.362,0.859,0.429,0.192,-0.498,-0.156,-0.256,0.082,0.352,0.255,0.418,0.045,-0.014,0.367,0.598,0.308,-0.156,0.433,0.522,0.238,0.225,1.0,-0.072,0.392,0.21,-0.079,0.166,0.129,0.309,0.051,0.558,0.072,-0.087,0.251,-0.076,0.29,0.395,0.298,0.4,0.212,-0.365,-0.086,0.415,0.089,0.443,-0.322,0.21,-0.247,0.036,0.502,0.05,0.226,0.214,-0.265,0.034,-0.033,-0.046,0.111,-0.015,0.321,0.298,0.43,0.262,0.504,0.441,-0.195,0.389,0.683,0.208,0.27,0.709,0.494,0.281,-0.269,0.566,0.48,0.466,0.353,-0.169,0.508,0.301,0.901,-0.414,0.341,0.273,0.517,0.157,-0.108,-0.391,0.665,0.402,-0.201,-0.052,-0.243,-0.37,-0.255,0.31,0.267
601021SS,0.082,-0.179,-0.094,0.292,-0.477,0.529,0.161,0.095,-0.139,0.022,0.668,-0.037,0.735,0.124,0.639,0.165,0.449,-0.017,0.543,0.057,0.104,0.298,-0.161,-0.136,0.589,-0.583,-0.375,0.073,-0.261,0.31,0.231,-0.564,-0.375,-0.181,-0.105,0.554,0.514,-0.435,-0.087,-0.019,-0.495,0.31,-0.525,-0.416,0.215,0.487,0.106,0.244,0.115,-0.449,0.72,0.05,0.089,0.033,-0.134,0.256,0.512,0.474,0.2,-0.016,-0.4,0.087,0.007,0.631,0.094,-0.073,-0.204,0.055,-0.241,0.274,-0.382,-0.272,0.625,-0.108,0.063,0.207,0.002,0.336,0.112,0.299,-0.513,0.436,0.073,0.633,0.329,-0.101,0.032,0.105,0.223,0.055,-0.669,0.6,0.505,0.637,0.038,-0.036,-0.371,-0.076,0.12,-0.542,-0.001,0.485,0.562,0.539,-0.651,0.441,0.691,0.198,0.468,0.439,0.403,-0.062,-0.625,0.347,0.311,-0.256,0.247,-0.35,0.319,-0.262,-0.308,0.196,0.139,-0.376,-0.182,-0.193,-0.044,0.334,-0.659,0.283,0.232,0.116,0.372,0.51,-0.614,0.156,0.173,0.255,0.117,0.046,-0.072,1.0,0.136,0.388,0.507,0.073,0.521,-0.078,-0.245,0.204,0.812,0.823,0.195,0.865,0.073,0.321,0.248,0.031,0.689,-0.287,0.584,-0.081,0.585,0.427,-0.34,0.671,-0.044,0.524,0.109,-0.086,0.506,0.319,-0.374,-0.076,0.833,0.389,0.399,0.733,0.503,0.738,0.634,-0.058,0.126,0.294,-0.399,0.463,0.217,0.413,0.263,0.368,0.154,0.368,0.763,0.07,0.466,0.128,-0.055,-0.31,-0.553,0.189,0.133,-0.186,-0.143,0.733,0.521,-0.072,-0.321,-0.308,0.197,0.255,0.747,0.346,-0.258,-0.379,-0.419,0.393,0.511
601058SS,-0.345,-0.481,-0.106,-0.057,-0.345,0.323,0.308,-0.338,-0.569,-0.03,0.244,-0.064,0.033,0.086,0.337,0.383,-0.065,-0.448,0.375,-0.413,-0.312,-0.107,-0.222,0.086,0.115,0.025,0.293,-0.113,-0.561,0.108,0.304,-0.014,0.216,0.014,0.467,0.384,0.334,-0.512,-0.436,0.141,0.117,0.346,-0.282,-0.044,0.621,0.017,0.522,0.493,0.004,0.034,0.348,-0.244,0.104,0.182,-0.113,0.288,0.461,0.221,0.421,0.263,-0.107,-0.241,-0.101,0.097,0.298,0.503,0.221,-0.377,0.352,-0.013,-0.142,-0.121,0.328,0.343,0.144,0.364,-0.233,0.449,0.3,0.103,-0.226,0.272,-0.238,0.019,0.432,-0.236,-0.15,-0.103,-0.353,0.102,0.009,0.043,0.387,-0.037,-0.107,-0.266,-0.485,-0.167,-0.153,-0.162,0.431,-0.006,0.205,0.056,-0.305,-0.006,0.381,-0.298,-0.095,0.222,0.069,-0.087,-0.161,0.172,-0.07,0.148,0.328,0.086,0.073,0.579,0.298,0.105,-0.427,-0.162,-0.566,0.156,0.141,-0.025,-0.261,0.194,0.465,0.329,-0.085,0.456,0.027,0.021,-0.135,0.047,0.007,-0.333,0.392,0.136,1.0,-0.139,0.132,-0.102,0.179,0.262,-0.454,0.125,0.229,0.17,-0.174,0.308,-0.206,-0.04,-0.05,-0.182,0.092,-0.028,-0.051,-0.23,-0.126,0.098,-0.012,0.079,0.005,0.15,-0.152,0.01,-0.014,-0.198,0.226,0.344,0.165,0.357,-0.209,0.035,0.149,0.159,0.281,-0.245,-0.087,0.03,0.083,0.074,0.246,-0.149,-0.134,0.148,-0.074,-0.096,0.026,-0.036,0.264,-0.104,-0.216,0.183,-0.047,-0.109,0.468,-0.149,-0.338,0.478,0.455,-0.292,0.109,-0.475,0.284,-0.065,0.144,-0.1,0.089,0.112,0.174,-0.054,-0.051
601066SS,0.798,0.483,0.625,0.94,-0.125,0.37,0.529,0.799,0.544,0.003,0.632,0.653,0.782,0.418,0.445,-0.1,0.939,0.543,0.573,0.82,0.849,0.56,0.202,-0.608,0.479,-0.731,0.091,0.744,0.201,0.677,0.511,-0.62,-0.608,0.212,-0.415,0.294,-0.177,0.409,0.654,0.375,-0.621,0.377,-0.232,-0.673,-0.265,0.597,-0.441,-0.02,0.684,-0.743,0.221,0.845,0.636,-0.547,0.537,0.601,-0.111,0.352,-0.168,-0.336,-0.08,0.851,0.712,0.43,-0.496,-0.283,-0.646,0.465,-0.188,0.648,0.117,-0.505,0.463,-0.515,0.201,-0.291,0.625,0.38,0.003,0.062,0.29,0.542,0.846,0.199,-0.565,0.727,0.689,0.832,0.877,-0.633,-0.692,0.724,0.166,0.864,0.696,0.781,0.28,0.483,0.881,-0.58,0.367,0.842,-0.08,-0.151,-0.458,0.725,0.272,0.282,0.873,0.614,0.051,0.702,-0.123,0.666,0.832,-0.385,0.382,-0.394,0.708,-0.414,0.181,0.627,0.854,-0.581,0.56,-0.599,-0.254,0.901,0.042,0.761,-0.201,-0.536,0.851,0.422,-0.315,-0.331,0.624,0.745,0.52,0.842,0.21,0.388,-0.139,1.0,0.099,0.551,0.601,0.041,0.606,0.613,0.592,0.23,0.812,0.407,0.794,0.785,0.826,0.782,0.806,-0.558,0.635,0.719,0.783,0.664,-0.252,0.67,-0.365,0.622,0.822,0.124,0.685,0.946,-0.588,-0.591,0.408,-0.034,0.956,0.721,0.485,0.719,0.678,0.774,0.818,0.594,-0.696,0.731,0.529,0.966,0.963,0.616,0.784,0.92,0.412,0.665,0.435,0.796,0.688,-0.455,0.141,0.732,0.348,-0.473,0.698,0.21,0.469,0.672,-0.587,0.322,0.423,0.809,0.092,0.747,-0.655,-0.698,-0.682,0.646,0.822
601088SS,0.116,0.024,-0.587,-0.036,0.192,0.456,-0.17,-0.246,-0.186,0.574,0.474,-0.086,0.373,0.497,0.138,0.521,0.287,-0.136,-0.054,-0.148,-0.163,-0.199,0.293,0.441,0.465,0.058,-0.344,-0.46,-0.012,-0.251,-0.348,0.144,0.368,0.194,0.074,0.197,0.738,-0.304,-0.048,-0.313,0.236,0.335,0.105,0.319,0.614,-0.022,0.629,0.304,-0.413,0.265,0.62,-0.294,-0.31,0.705,-0.682,-0.254,0.684,0.546,0.325,0.649,0.076,0.061,-0.412,0.393,0.668,0.165,0.509,0.271,-0.122,-0.42,0.064,0.12,0.201,0.582,-0.56,0.512,-0.61,0.021,0.651,0.672,-0.435,-0.28,-0.333,0.756,0.412,-0.474,-0.545,-0.196,0.002,0.425,-0.142,-0.009,0.507,0.019,-0.529,-0.116,-0.097,-0.641,-0.309,0.125,-0.178,-0.016,0.818,0.694,0.072,-0.193,0.406,0.586,0.1,-0.188,0.738,-0.418,-0.096,-0.075,0.001,-0.417,-0.28,-0.277,-0.17,0.229,-0.111,-0.407,-0.175,0.266,-0.118,0.518,0.562,0.041,-0.738,-0.15,0.51,0.669,-0.182,0.234,-0.582,0.785,0.365,-0.306,-0.581,-0.305,-0.079,0.507,0.132,0.099,1.0,-0.388,0.596,-0.017,-0.232,-0.4,0.512,0.825,-0.396,0.577,-0.364,0.271,0.109,-0.323,0.354,0.289,0.478,-0.349,0.226,0.359,0.339,0.491,0.681,0.588,-0.149,0.574,0.342,-0.136,0.24,0.444,0.629,0.466,0.048,0.239,0.554,0.171,0.025,-0.456,-0.303,-0.176,0.313,-0.119,0.221,0.116,-0.022,0.259,-0.299,-0.169,0.345,0.069,-0.066,-0.123,-0.151,0.085,-0.345,-0.357,-0.001,0.438,-0.395,0.548,0.537,-0.504,0.42,-0.127,-0.159,-0.26,0.686,-0.239,0.477,0.247,0.067,-0.161,-0.018
601100SS,0.373,0.047,0.757,0.52,-0.239,0.019,0.451,0.594,0.228,-0.418,0.137,0.396,0.396,0.08,0.47,-0.406,0.389,0.408,0.6,0.616,0.548,0.57,-0.345,-0.761,0.0,-0.679,0.178,0.785,-0.246,0.702,0.685,-0.605,-0.727,-0.156,-0.27,0.29,-0.413,0.256,0.194,0.539,-0.676,0.165,-0.553,-0.784,-0.342,0.593,-0.536,-0.029,0.777,-0.72,-0.025,0.62,0.731,-0.805,0.64,0.6,-0.441,-0.049,-0.336,-0.691,-0.357,0.381,0.658,0.24,-0.715,-0.307,-0.764,-0.173,-0.072,0.756,-0.065,-0.549,0.39,-0.709,0.565,-0.425,0.792,0.199,-0.49,-0.401,0.39,0.679,0.73,-0.081,-0.485,0.741,0.842,0.572,0.457,-0.787,-0.458,0.688,0.016,0.522,0.823,0.48,-0.023,0.723,0.717,-0.6,0.304,0.586,-0.291,-0.551,-0.587,0.726,0.19,-0.364,0.637,0.693,-0.465,0.659,-0.454,0.691,0.687,0.037,0.712,0.124,0.716,-0.439,0.007,0.829,0.519,-0.674,0.157,-0.82,-0.648,0.553,0.358,0.567,-0.441,-0.763,0.707,0.292,-0.064,-0.745,0.093,0.735,0.733,0.67,0.166,0.073,-0.102,0.551,-0.388,1.0,0.028,0.094,0.527,0.773,0.161,-0.152,0.811,0.052,0.726,0.371,0.405,0.762,0.383,-0.648,0.047,0.654,0.484,0.297,-0.602,0.195,-0.728,-0.051,0.621,-0.434,0.295,0.652,-0.56,-0.736,0.196,-0.24,0.524,0.494,-0.018,0.573,0.536,0.734,0.653,0.699,-0.816,0.757,0.043,0.464,0.572,0.146,0.758,0.681,0.273,0.405,0.391,0.596,0.461,-0.473,0.019,0.795,0.227,-0.701,0.591,-0.055,-0.01,0.732,-0.808,0.144,0.504,0.789,-0.183,0.71,-0.789,-0.684,-0.458,0.764,0.498
601117SS,0.535,0.168,0.068,0.514,0.056,0.751,0.302,0.275,0.211,0.602,0.744,0.264,0.682,0.572,0.429,0.569,0.708,0.008,0.283,0.263,0.332,0.121,0.375,0.117,0.456,-0.268,0.037,0.094,0.072,0.14,0.1,-0.13,0.049,0.544,-0.047,0.426,0.554,-0.07,0.365,0.104,-0.021,0.511,-0.032,-0.127,0.361,0.504,0.261,0.504,0.229,-0.165,0.64,0.249,0.202,0.141,-0.085,0.382,0.466,0.822,0.11,0.352,0.147,0.593,0.175,0.548,0.282,0.243,0.058,0.541,0.234,0.093,0.159,0.005,0.575,0.135,-0.242,0.476,-0.016,0.38,0.569,0.54,-0.053,0.167,0.277,0.502,0.004,0.141,0.071,0.367,0.456,-0.061,-0.361,0.454,0.58,0.498,0.109,0.384,-0.057,0.054,0.333,-0.111,0.325,0.415,0.379,0.394,-0.214,0.352,0.363,0.476,0.481,0.223,0.588,0.083,-0.101,0.327,0.467,-0.33,0.101,-0.412,0.219,0.175,0.101,0.06,0.317,-0.064,0.195,0.106,0.405,0.48,-0.343,0.378,0.497,0.195,0.312,0.514,-0.444,0.288,0.58,0.238,-0.075,0.288,0.129,0.521,0.179,0.601,0.596,0.028,1.0,0.356,0.171,0.098,0.829,0.541,0.208,0.564,0.306,0.697,0.639,0.284,0.73,0.078,0.842,0.278,0.405,0.645,0.166,0.82,0.3,0.742,0.385,0.536,0.797,0.402,0.055,0.183,0.6,0.616,0.519,0.494,0.809,0.502,0.407,0.158,0.221,0.326,-0.129,0.374,0.518,0.579,0.53,0.497,0.254,0.391,0.391,0.519,0.119,0.487,0.439,0.183,-0.037,0.189,0.241,0.125,0.12,0.359,0.615,-0.019,-0.007,-0.007,0.236,0.279,0.573,0.228,0.015,-0.12,-0.207,0.227,0.44
601138SS,0.032,-0.401,0.184,0.107,-0.18,0.094,0.399,0.098,-0.129,0.254,0.026,-0.227,0.01,0.149,0.434,0.307,0.051,-0.538,0.159,-0.141,0.058,-0.162,-0.084,0.208,-0.063,-0.011,0.609,0.007,-0.371,0.16,0.256,0.066,0.21,0.232,0.618,0.42,0.272,-0.319,0.043,0.277,0.291,0.366,-0.061,-0.063,0.311,0.538,0.251,0.743,0.155,0.093,0.091,-0.086,0.343,-0.015,0.084,0.57,0.132,0.424,0.169,0.05,0.306,0.139,0.128,0.082,0.1,0.794,0.171,0.052,0.772,0.165,0.477,0.216,0.46,0.127,0.157,0.552,-0.026,0.39,0.27,0.347,0.254,0.226,0.121,-0.173,0.125,0.143,0.103,0.015,-0.112,0.026,0.094,0.248,0.615,-0.08,0.098,-0.004,-0.387,0.329,0.118,-0.013,0.519,-0.13,-0.1,-0.234,-0.048,0.227,0.297,-0.275,0.002,0.138,0.05,0.023,-0.082,0.269,0.274,0.203,0.228,0.037,0.12,0.415,0.198,0.053,-0.066,-0.034,-0.273,0.065,0.273,-0.057,0.253,-0.022,0.205,0.124,0.037,0.389,0.122,-0.094,0.064,0.103,0.171,-0.009,0.309,-0.078,0.262,0.041,-0.017,0.094,0.356,1.0,-0.117,0.235,0.247,-0.102,0.04,-0.131,0.139,0.283,0.264,0.213,0.154,0.277,0.156,0.18,-0.1,0.364,-0.034,0.313,0.04,-0.159,0.223,0.09,0.298,-0.006,0.22,0.312,-0.014,0.576,-0.071,-0.152,0.259,0.123,0.165,0.036,-0.004,0.462,-0.064,0.289,0.254,-0.028,0.053,0.074,0.165,0.03,-0.214,0.315,0.193,0.266,0.522,0.576,0.085,0.171,0.171,-0.055,0.139,-0.009,0.129,-0.229,-0.02,-0.427,0.468,0.153,0.27,-0.176,0.071,0.173,0.28,0.149,-0.007
601166SS,0.818,0.676,0.625,0.542,0.436,0.055,0.166,0.733,0.805,0.094,0.113,0.695,0.253,0.362,-0.147,-0.241,0.516,0.728,0.008,0.852,0.728,0.502,0.414,-0.464,-0.163,-0.241,0.037,0.624,0.437,0.257,0.136,-0.118,-0.37,0.378,-0.572,-0.248,-0.44,0.819,0.737,0.392,-0.269,0.036,0.11,-0.274,-0.486,0.157,-0.552,-0.322,0.574,-0.379,-0.127,0.746,0.436,-0.535,0.561,0.172,-0.529,0.0,-0.52,-0.314,0.113,0.761,0.628,-0.047,-0.467,-0.493,-0.485,0.436,-0.164,0.339,0.227,-0.164,-0.083,-0.487,0.086,-0.449,0.643,-0.082,-0.186,-0.191,0.663,0.077,0.735,-0.211,-0.819,0.775,0.665,0.672,0.717,-0.646,-0.127,0.263,-0.278,0.392,0.635,0.829,0.597,0.539,0.717,-0.079,0.112,0.431,-0.482,-0.328,0.041,0.299,-0.414,0.249,0.514,0.217,-0.275,0.626,0.198,0.259,0.517,-0.083,0.101,-0.019,0.343,-0.291,0.187,0.42,0.737,-0.146,0.791,-0.429,-0.191,0.547,0.505,0.475,-0.309,-0.642,0.522,-0.153,0.042,-0.331,0.471,0.478,0.329,0.811,0.051,-0.245,-0.454,0.606,-0.232,0.527,0.171,-0.117,1.0,0.328,-0.031,-0.359,0.651,-0.22,0.776,0.526,0.572,0.742,0.255,-0.291,0.22,0.792,0.339,0.198,-0.028,0.069,-0.235,0.228,0.669,0.1,0.379,0.632,-0.285,-0.545,-0.065,-0.338,0.608,0.199,0.029,0.12,0.121,0.794,0.606,0.376,-0.351,0.347,0.056,0.561,0.64,0.251,0.623,0.539,0.028,0.58,-0.181,0.643,0.558,-0.275,0.48,0.581,0.066,-0.095,0.742,-0.478,-0.156,0.755,-0.33,0.678,0.086,0.566,-0.396,0.58,-0.402,-0.412,-0.342,0.366,0.392
601169SS,0.374,-0.132,0.728,0.676,-0.596,-0.005,0.824,0.687,0.158,-0.573,0.306,0.377,0.523,0.065,0.654,-0.425,0.443,0.132,0.841,0.496,0.659,0.471,-0.255,-0.863,0.263,-0.803,0.456,0.885,-0.335,0.93,0.947,-0.81,-0.736,-0.122,-0.022,0.519,-0.366,0.066,0.306,0.702,-0.705,0.392,-0.581,-0.913,-0.206,0.628,-0.416,0.123,0.856,-0.859,0.041,0.691,0.911,-0.806,0.786,0.828,-0.267,-0.051,-0.067,-0.671,-0.467,0.366,0.828,0.28,-0.694,-0.051,-0.743,-0.078,-0.113,0.908,-0.026,-0.759,0.556,-0.586,0.722,-0.441,0.725,0.646,-0.307,-0.178,0.468,0.895,0.797,-0.206,-0.369,0.792,0.85,0.624,0.452,-0.707,-0.6,0.768,0.231,0.612,0.811,0.517,-0.241,0.668,0.762,-0.834,0.672,0.642,-0.328,-0.654,-0.729,0.763,0.432,-0.347,0.671,0.873,-0.458,0.823,-0.387,0.887,0.8,-0.026,0.763,-0.088,0.914,-0.271,0.326,0.933,0.585,-0.928,0.013,-0.885,-0.534,0.668,0.357,0.735,-0.366,-0.671,0.845,0.622,0.079,-0.724,0.257,0.921,0.83,0.675,0.558,0.204,0.125,0.613,-0.4,0.773,0.098,0.235,0.328,1.0,0.279,-0.104,0.862,0.121,0.765,0.487,0.495,0.818,0.509,-0.812,0.064,0.728,0.548,0.479,-0.725,0.358,-0.831,0.017,0.762,-0.461,0.382,0.717,-0.733,-0.636,0.18,-0.17,0.55,0.51,0.152,0.744,0.804,0.749,0.827,0.832,-0.892,0.892,0.395,0.555,0.64,0.502,0.892,0.803,0.191,0.604,0.723,0.744,0.554,-0.523,0.151,0.86,0.613,-0.881,0.664,0.224,0.334,0.668,-0.856,-0.21,0.817,0.894,-0.136,0.619,-0.882,-0.835,-0.651,0.8,0.716
601186SS,0.337,0.0,0.15,0.532,-0.309,0.692,0.326,0.277,0.04,0.337,0.76,0.165,0.79,0.352,0.662,0.339,0.691,0.024,0.552,0.247,0.305,0.291,0.042,-0.084,0.546,-0.571,-0.028,0.17,-0.175,0.363,0.263,-0.463,-0.27,0.096,-0.047,0.593,0.531,-0.251,0.141,0.114,-0.363,0.504,-0.401,-0.401,0.298,0.655,0.141,0.454,0.274,-0.425,0.692,0.234,0.25,-0.033,-0.017,0.495,0.442,0.715,0.198,0.045,-0.102,0.421,0.153,0.649,0.078,0.16,-0.197,0.258,0.114,0.328,-0.063,-0.204,0.755,-0.114,-0.014,0.361,0.099,0.463,0.274,0.371,-0.289,0.477,0.284,0.571,0.102,0.122,0.177,0.364,0.434,-0.116,-0.594,0.675,0.618,0.689,0.218,0.214,-0.22,0.141,0.364,-0.452,0.238,0.55,0.449,0.426,-0.566,0.564,0.644,0.226,0.608,0.488,0.453,0.082,-0.419,0.458,0.51,-0.278,0.322,-0.292,0.37,-0.062,-0.086,0.244,0.285,-0.314,0.004,-0.139,0.067,0.446,-0.494,0.432,0.316,0.091,0.478,0.575,-0.587,0.085,0.358,0.374,0.199,0.264,0.072,0.812,0.229,0.592,0.512,0.161,0.829,0.247,-0.031,0.279,1.0,0.717,0.309,0.77,0.285,0.597,0.573,0.255,0.829,-0.152,0.859,0.162,0.63,0.651,-0.187,0.904,0.028,0.649,0.341,0.226,0.786,0.485,-0.244,-0.018,0.799,0.66,0.579,0.716,0.776,0.751,0.694,0.149,0.264,0.437,-0.385,0.553,0.423,0.605,0.508,0.488,0.306,0.512,0.654,0.338,0.425,0.396,0.304,-0.052,-0.302,0.312,0.22,-0.139,0.086,0.6,0.603,0.007,-0.267,-0.161,0.325,0.401,0.71,0.432,-0.243,-0.323,-0.347,0.401,0.587
601225SS,0.026,-0.107,-0.39,0.113,-0.211,0.482,-0.039,-0.133,-0.27,0.265,0.631,-0.092,0.588,0.341,0.459,0.307,0.372,-0.076,0.315,-0.085,-0.074,0.021,-0.042,0.142,0.61,-0.339,-0.391,-0.248,-0.208,0.081,-0.046,-0.273,-0.027,-0.134,0.021,0.466,0.685,-0.446,-0.158,-0.2,-0.18,0.394,-0.32,-0.076,0.518,0.26,0.442,0.284,-0.189,-0.116,0.72,-0.169,-0.119,0.414,-0.503,-0.009,0.651,0.54,0.322,0.319,-0.218,0.005,-0.286,0.607,0.381,0.049,0.153,0.075,-0.234,-0.058,-0.193,-0.14,0.488,0.256,-0.28,0.376,-0.373,0.227,0.382,0.504,-0.591,0.139,-0.185,0.827,0.434,-0.384,-0.322,-0.128,0.099,0.238,-0.495,0.317,0.54,0.32,-0.289,-0.149,-0.279,-0.439,-0.158,-0.276,-0.145,0.252,0.833,0.65,-0.377,0.17,0.693,0.347,0.306,0.164,0.622,-0.293,-0.461,0.193,0.148,-0.438,0.022,-0.268,0.107,-0.062,-0.265,-0.127,-0.073,-0.093,-0.245,0.165,0.223,0.163,-0.854,0.042,0.31,0.456,0.103,0.425,-0.727,0.485,0.241,-0.039,-0.269,-0.192,-0.087,0.823,0.17,0.23,0.825,-0.152,0.541,-0.102,-0.359,-0.104,0.717,1.0,-0.154,0.833,-0.237,0.288,0.144,-0.221,0.57,-0.03,0.531,-0.316,0.475,0.46,-0.066,0.629,0.312,0.588,-0.057,0.253,0.415,0.076,-0.114,0.194,0.857,0.468,0.227,0.582,0.571,0.53,0.352,-0.346,-0.117,0.027,-0.058,0.174,0.236,0.263,0.103,0.32,-0.127,0.094,0.639,-0.0,0.274,-0.038,-0.169,-0.183,-0.564,-0.127,0.057,0.086,-0.325,0.771,0.605,-0.351,0.044,-0.29,0.048,-0.019,0.815,0.024,0.1,-0.088,-0.198,0.125,0.24
601229SS,0.628,0.264,0.856,0.801,-0.311,0.087,0.615,0.859,0.519,-0.392,0.354,0.578,0.596,0.131,0.445,-0.412,0.642,0.516,0.667,0.801,0.836,0.652,-0.074,-0.87,0.197,-0.801,0.201,0.964,0.044,0.809,0.743,-0.741,-0.841,0.033,-0.422,0.296,-0.469,0.404,0.538,0.597,-0.789,0.216,-0.443,-0.886,-0.515,0.637,-0.703,-0.114,0.902,-0.895,-0.009,0.892,0.808,-0.901,0.837,0.709,-0.425,0.032,-0.372,-0.712,-0.315,0.644,0.891,0.297,-0.8,-0.382,-0.896,0.198,-0.188,0.894,-0.04,-0.616,0.432,-0.802,0.558,-0.537,0.916,0.382,-0.401,-0.258,0.475,0.743,0.947,-0.128,-0.666,0.917,0.964,0.806,0.742,-0.844,-0.637,0.776,-0.013,0.793,0.935,0.732,0.117,0.788,0.933,-0.701,0.439,0.801,-0.406,-0.509,-0.6,0.826,0.143,-0.103,0.789,0.774,-0.365,0.855,-0.274,0.736,0.833,-0.104,0.636,-0.162,0.823,-0.511,0.142,0.895,0.837,-0.778,0.434,-0.909,-0.573,0.806,0.388,0.8,-0.439,-0.864,0.921,0.365,-0.054,-0.731,0.342,0.913,0.819,0.909,0.251,0.195,-0.174,0.812,-0.396,0.811,0.208,0.04,0.651,0.862,0.309,-0.154,1.0,0.143,0.94,0.57,0.643,0.916,0.576,-0.77,0.273,0.846,0.645,0.425,-0.574,0.373,-0.769,0.194,0.838,-0.342,0.493,0.911,-0.727,-0.812,0.176,-0.256,0.794,0.614,0.144,0.691,0.697,0.933,0.898,0.761,-0.909,0.848,0.286,0.76,0.837,0.427,0.934,0.927,0.327,0.603,0.471,0.799,0.64,-0.558,0.187,0.942,0.351,-0.727,0.814,-0.003,0.153,0.887,-0.877,0.225,0.578,0.948,-0.181,0.844,-0.923,-0.862,-0.712,0.798,0.821
601238SS,0.108,-0.083,-0.095,0.27,-0.288,0.601,0.127,0.05,-0.141,0.097,0.823,0.104,0.695,0.243,0.543,0.234,0.506,0.063,0.57,0.07,0.097,0.248,-0.199,-0.095,0.643,-0.513,-0.397,0.058,-0.227,0.275,0.205,-0.391,-0.299,-0.085,-0.098,0.627,0.551,-0.369,-0.093,0.036,-0.437,0.449,-0.473,-0.36,0.293,0.434,0.17,0.268,0.098,-0.37,0.772,0.066,0.07,0.094,-0.242,0.245,0.607,0.618,0.149,0.083,-0.293,0.163,-0.043,0.72,0.137,-0.057,-0.151,0.086,-0.197,0.229,-0.336,-0.224,0.667,-0.002,-0.119,0.241,-0.041,0.353,0.169,0.344,-0.559,0.395,0.039,0.709,0.251,-0.161,-0.012,0.091,0.229,-0.046,-0.67,0.529,0.475,0.597,0.018,0.002,-0.275,-0.155,0.115,-0.459,0.023,0.598,0.637,0.534,-0.594,0.44,0.593,0.272,0.446,0.393,0.56,-0.061,-0.553,0.316,0.283,-0.406,0.309,-0.311,0.286,-0.179,-0.285,0.172,0.111,-0.315,-0.147,-0.094,-0.014,0.414,-0.749,0.414,0.24,0.148,0.347,0.532,-0.677,0.2,0.218,0.214,-0.001,0.014,-0.076,0.865,0.308,0.407,0.577,0.052,0.564,-0.131,-0.22,0.121,0.77,0.833,0.143,1.0,0.017,0.358,0.274,-0.035,0.7,-0.229,0.546,-0.128,0.528,0.458,-0.263,0.624,0.048,0.7,0.112,0.074,0.468,0.301,-0.176,-0.001,0.791,0.386,0.427,0.752,0.505,0.694,0.541,-0.092,0.133,0.222,-0.316,0.398,0.264,0.433,0.304,0.339,0.122,0.355,0.81,0.051,0.343,0.079,-0.074,-0.277,-0.5,0.149,0.12,-0.141,-0.15,0.806,0.575,-0.06,-0.235,-0.189,0.212,0.226,0.728,0.319,-0.193,-0.3,-0.329,0.351,0.506
601288SS,0.765,0.356,0.854,0.796,-0.112,0.122,0.595,0.901,0.663,-0.184,0.343,0.658,0.53,0.286,0.341,-0.304,0.661,0.496,0.505,0.843,0.879,0.616,0.127,-0.739,0.096,-0.655,0.274,0.901,0.144,0.683,0.626,-0.569,-0.67,0.24,-0.407,0.2,-0.411,0.499,0.691,0.629,-0.591,0.256,-0.27,-0.73,-0.458,0.589,-0.63,-0.043,0.881,-0.77,-0.007,0.893,0.798,-0.816,0.823,0.67,-0.461,0.13,-0.428,-0.58,-0.133,0.761,0.879,0.232,-0.677,-0.295,-0.757,0.334,-0.068,0.78,0.106,-0.452,0.377,-0.698,0.421,-0.432,0.846,0.364,-0.242,-0.162,0.624,0.601,0.959,-0.181,-0.734,0.946,0.923,0.793,0.789,-0.816,-0.485,0.682,0.01,0.713,0.892,0.848,0.218,0.798,0.932,-0.526,0.5,0.693,-0.461,-0.491,-0.435,0.739,0.019,-0.027,0.76,0.658,-0.316,0.84,-0.112,0.676,0.824,-0.101,0.519,-0.182,0.735,-0.357,0.238,0.782,0.86,-0.611,0.549,-0.77,-0.357,0.768,0.487,0.751,-0.334,-0.785,0.859,0.311,0.0,-0.622,0.467,0.857,0.715,0.943,0.29,0.073,-0.206,0.794,-0.364,0.726,0.306,0.139,0.776,0.765,0.285,-0.237,0.94,0.017,1.0,0.683,0.757,0.955,0.568,-0.61,0.324,0.927,0.578,0.479,-0.406,0.379,-0.595,0.236,0.888,-0.161,0.567,0.877,-0.589,-0.676,0.114,-0.165,0.773,0.507,0.207,0.563,0.588,0.95,0.873,0.75,-0.761,0.771,0.318,0.75,0.844,0.457,0.919,0.86,0.197,0.716,0.311,0.884,0.732,-0.394,0.358,0.892,0.339,-0.538,0.869,-0.164,0.111,0.843,-0.718,0.289,0.532,0.901,-0.202,0.77,-0.778,-0.748,-0.621,0.713,0.757
601318SS,0.851,0.325,0.456,0.728,0.067,0.335,0.565,0.753,0.542,0.247,0.724,0.653,0.672,0.676,0.464,-0.012,0.821,0.257,0.471,0.653,0.792,0.382,0.308,-0.342,0.442,-0.552,0.189,0.53,0.056,0.549,0.422,-0.35,-0.305,0.353,-0.077,0.447,0.146,0.259,0.729,0.563,-0.283,0.659,-0.151,-0.452,0.086,0.582,-0.09,0.284,0.583,-0.504,0.417,0.637,0.642,-0.289,0.311,0.569,0.036,0.564,-0.085,-0.124,0.099,0.806,0.537,0.489,-0.159,0.079,-0.299,0.495,-0.006,0.472,0.368,-0.274,0.574,-0.163,-0.053,0.001,0.303,0.522,0.263,0.379,0.389,0.425,0.697,0.249,-0.428,0.569,0.481,0.53,0.761,-0.474,-0.532,0.634,0.466,0.633,0.46,0.797,0.13,0.358,0.687,-0.414,0.525,0.626,0.063,-0.108,-0.332,0.603,0.327,0.262,0.763,0.509,0.172,0.566,-0.083,0.68,0.799,-0.451,0.33,-0.351,0.626,-0.08,0.263,0.442,0.707,-0.383,0.397,-0.323,0.123,0.703,0.012,0.627,-0.027,-0.213,0.717,0.56,-0.323,-0.044,0.802,0.622,0.264,0.671,0.395,0.321,-0.04,0.785,0.271,0.371,0.697,0.283,0.526,0.487,0.597,0.288,0.57,0.358,0.683,1.0,0.921,0.672,0.852,-0.284,0.591,0.675,0.647,0.903,-0.252,0.719,-0.029,0.655,0.843,0.347,0.788,0.724,-0.33,-0.22,0.463,0.244,0.758,0.58,0.632,0.629,0.559,0.564,0.679,0.673,-0.451,0.67,0.61,0.787,0.786,0.713,0.708,0.697,0.276,0.794,0.323,0.816,0.731,-0.203,0.248,0.58,0.403,-0.209,0.649,0.213,0.496,0.359,-0.32,0.082,0.55,0.692,0.29,0.44,-0.37,-0.476,-0.464,0.617,0.699
601319SS,0.826,0.442,0.601,0.818,0.051,0.305,0.532,0.784,0.594,0.211,0.621,0.722,0.615,0.565,0.392,-0.039,0.852,0.353,0.436,0.739,0.822,0.47,0.276,-0.386,0.368,-0.556,0.277,0.591,0.149,0.55,0.409,-0.367,-0.371,0.317,-0.159,0.303,-0.029,0.367,0.729,0.502,-0.349,0.506,-0.076,-0.49,-0.113,0.569,-0.289,0.197,0.593,-0.547,0.216,0.714,0.614,-0.426,0.445,0.613,-0.133,0.478,-0.098,-0.254,0.208,0.852,0.578,0.363,-0.307,0.02,-0.428,0.485,0.079,0.516,0.367,-0.267,0.498,-0.339,0.012,-0.097,0.433,0.441,0.13,0.185,0.377,0.437,0.766,0.12,-0.542,0.665,0.582,0.67,0.838,-0.532,-0.472,0.615,0.312,0.712,0.559,0.808,0.294,0.484,0.802,-0.415,0.499,0.66,-0.093,-0.158,-0.297,0.644,0.22,0.178,0.783,0.508,0.104,0.615,0.033,0.608,0.766,-0.346,0.323,-0.359,0.585,-0.17,0.265,0.478,0.756,-0.37,0.518,-0.394,-0.013,0.705,0.143,0.653,-0.071,-0.342,0.742,0.424,-0.231,-0.214,0.689,0.637,0.425,0.763,0.298,0.248,-0.05,0.826,0.109,0.405,0.639,0.264,0.572,0.495,0.573,0.144,0.643,0.274,0.757,0.921,1.0,0.703,0.82,-0.302,0.64,0.684,0.675,0.823,-0.183,0.68,-0.122,0.622,0.829,0.334,0.73,0.81,-0.356,-0.334,0.314,0.207,0.834,0.564,0.561,0.562,0.576,0.689,0.728,0.618,-0.48,0.635,0.597,0.851,0.857,0.635,0.722,0.765,0.208,0.702,0.346,0.803,0.772,-0.191,0.314,0.63,0.322,-0.279,0.718,0.102,0.396,0.455,-0.352,0.226,0.45,0.716,0.149,0.588,-0.451,-0.457,-0.457,0.568,0.718
601328SS,0.75,0.301,0.829,0.805,-0.166,0.101,0.651,0.88,0.574,-0.206,0.31,0.614,0.535,0.319,0.384,-0.323,0.641,0.433,0.547,0.798,0.865,0.541,0.131,-0.748,0.114,-0.665,0.352,0.901,0.067,0.741,0.677,-0.596,-0.64,0.222,-0.315,0.235,-0.421,0.476,0.663,0.635,-0.541,0.328,-0.283,-0.729,-0.359,0.581,-0.534,-0.018,0.877,-0.752,-0.016,0.885,0.853,-0.775,0.804,0.691,-0.428,0.074,-0.335,-0.543,-0.161,0.725,0.901,0.221,-0.667,-0.235,-0.713,0.288,-0.079,0.774,0.163,-0.523,0.376,-0.619,0.455,-0.448,0.802,0.427,-0.175,-0.121,0.684,0.62,0.957,-0.195,-0.693,0.953,0.9,0.776,0.739,-0.796,-0.482,0.673,0.056,0.632,0.888,0.826,0.166,0.773,0.907,-0.56,0.541,0.649,-0.446,-0.573,-0.429,0.699,0.103,-0.025,0.741,0.672,-0.359,0.877,-0.122,0.749,0.86,-0.103,0.519,-0.127,0.797,-0.283,0.348,0.792,0.832,-0.661,0.48,-0.773,-0.34,0.764,0.5,0.732,-0.351,-0.752,0.845,0.364,0.046,-0.608,0.497,0.877,0.692,0.913,0.4,0.031,-0.182,0.782,-0.323,0.762,0.284,0.213,0.742,0.818,0.255,-0.221,0.916,-0.035,0.955,0.672,0.703,1.0,0.525,-0.618,0.28,0.95,0.551,0.505,-0.419,0.383,-0.604,0.184,0.908,-0.147,0.55,0.847,-0.607,-0.65,0.114,-0.183,0.723,0.461,0.24,0.578,0.602,0.929,0.876,0.761,-0.762,0.785,0.358,0.721,0.826,0.507,0.925,0.842,0.128,0.782,0.368,0.907,0.763,-0.388,0.38,0.882,0.438,-0.588,0.855,-0.111,0.199,0.817,-0.713,0.214,0.615,0.903,-0.232,0.685,-0.757,-0.766,-0.618,0.687,0.697
601336SS,0.614,0.17,0.405,0.729,-0.244,0.491,0.516,0.593,0.297,0.112,0.858,0.494,0.835,0.495,0.695,0.05,0.834,0.24,0.672,0.545,0.627,0.514,0.031,-0.388,0.605,-0.746,-0.011,0.489,-0.101,0.611,0.495,-0.585,-0.487,0.087,-0.12,0.601,0.263,-0.011,0.429,0.418,-0.544,0.586,-0.424,-0.625,0.104,0.704,-0.112,0.299,0.547,-0.663,0.574,0.532,0.557,-0.301,0.241,0.613,0.204,0.632,0.046,-0.196,-0.128,0.621,0.425,0.65,-0.185,0.007,-0.425,0.307,-0.068,0.553,0.022,-0.382,0.745,-0.282,0.062,0.058,0.311,0.54,0.132,0.282,-0.004,0.606,0.586,0.458,-0.213,0.406,0.451,0.511,0.697,-0.419,-0.756,0.82,0.541,0.827,0.447,0.56,-0.054,0.306,0.631,-0.626,0.403,0.769,0.262,0.107,-0.627,0.744,0.586,0.175,0.834,0.631,0.277,0.416,-0.365,0.692,0.745,-0.46,0.458,-0.447,0.657,-0.258,0.009,0.496,0.59,-0.517,0.195,-0.409,-0.069,0.706,-0.305,0.656,0.017,-0.194,0.751,0.655,-0.547,-0.099,0.577,0.62,0.358,0.552,0.212,0.689,0.092,0.806,0.354,0.383,0.73,0.154,0.255,0.509,0.829,0.57,0.576,0.7,0.568,0.852,0.82,0.525,1.0,-0.416,0.704,0.441,0.804,0.867,-0.374,0.825,-0.142,0.738,0.669,0.149,0.768,0.746,-0.456,-0.284,0.714,0.328,0.803,0.855,0.635,0.854,0.758,0.443,0.609,0.634,-0.602,0.758,0.548,0.815,0.764,0.643,0.62,0.759,0.585,0.544,0.541,0.662,0.517,-0.335,-0.134,0.561,0.343,-0.36,0.422,0.506,0.606,0.289,-0.472,-0.058,0.495,0.675,0.52,0.591,-0.492,-0.553,-0.563,0.685,0.805
601360SS,-0.28,0.002,-0.502,-0.574,0.559,0.064,-0.592,-0.549,-0.131,0.725,-0.256,-0.371,-0.536,0.002,-0.453,0.495,-0.38,-0.341,-0.719,-0.491,-0.549,-0.483,0.224,0.94,-0.292,0.77,-0.09,-0.801,0.13,-0.793,-0.781,0.851,0.778,0.273,0.365,-0.274,0.435,-0.109,-0.201,-0.474,0.831,-0.141,0.56,0.845,0.316,-0.323,0.482,0.189,-0.677,0.868,0.008,-0.642,-0.672,0.7,-0.655,-0.467,0.257,0.252,0.136,0.619,0.689,-0.213,-0.701,-0.227,0.662,0.448,0.752,0.116,0.541,-0.759,0.329,0.891,-0.305,0.59,-0.639,0.66,-0.647,-0.398,0.371,0.279,-0.236,-0.72,-0.642,0.033,0.33,-0.614,-0.708,-0.523,-0.426,0.63,0.638,-0.614,0.043,-0.608,-0.649,-0.418,0.126,-0.37,-0.605,0.817,-0.37,-0.64,0.169,0.475,0.68,-0.582,-0.348,0.175,-0.608,-0.742,0.409,-0.706,0.393,-0.701,-0.621,0.125,-0.614,0.189,-0.801,0.483,-0.187,-0.851,-0.539,0.887,-0.061,0.866,0.6,-0.684,-0.14,-0.659,0.404,0.664,-0.76,-0.444,0.061,0.591,-0.173,-0.786,-0.681,-0.584,-0.365,-0.287,-0.028,-0.558,0.289,-0.648,0.078,0.277,-0.291,-0.812,-0.152,-0.03,-0.77,-0.229,-0.61,-0.284,-0.302,-0.618,-0.416,1.0,0.05,-0.516,-0.587,-0.268,0.641,-0.182,0.807,-0.089,-0.556,0.534,-0.182,-0.657,0.829,0.771,-0.237,0.465,-0.527,-0.593,0.016,-0.676,-0.676,-0.636,-0.745,-0.546,0.822,-0.712,-0.253,-0.52,-0.562,-0.424,-0.73,-0.717,-0.314,-0.388,-0.631,-0.527,-0.19,0.853,0.017,-0.713,-0.523,0.836,-0.5,-0.285,-0.317,-0.699,0.803,0.061,-0.501,-0.753,0.206,-0.654,0.858,0.873,0.802,-0.702,-0.703
601390SS,0.525,0.388,0.193,0.582,0.017,0.648,0.105,0.351,0.317,0.562,0.645,0.312,0.653,0.4,0.322,0.334,0.752,0.246,0.233,0.412,0.396,0.254,0.343,0.041,0.43,-0.374,-0.046,0.124,0.196,0.169,-0.027,-0.231,-0.162,0.281,-0.219,0.236,0.361,0.116,0.38,-0.047,-0.191,0.317,-0.023,-0.178,0.073,0.46,-0.022,0.194,0.172,-0.272,0.471,0.34,0.087,-0.004,-0.016,0.299,0.273,0.643,0.108,0.102,0.223,0.615,0.138,0.466,0.059,0.01,-0.169,0.506,0.117,0.146,0.109,-0.011,0.451,-0.135,-0.24,0.259,0.114,0.227,0.29,0.308,-0.167,0.174,0.336,0.461,-0.144,0.193,0.144,0.475,0.605,-0.099,-0.421,0.456,0.347,0.638,0.207,0.368,0.21,0.16,0.422,-0.189,0.061,0.486,0.273,0.468,-0.218,0.396,0.29,0.449,0.553,0.236,0.487,0.104,-0.055,0.231,0.398,-0.312,-0.01,-0.295,0.185,-0.127,-0.044,0.042,0.425,-0.052,0.389,-0.016,0.143,0.428,-0.338,0.365,0.258,0.038,0.381,0.251,-0.47,0.146,0.468,0.247,0.079,0.386,-0.086,0.584,-0.051,0.635,0.478,0.047,0.842,0.156,0.22,0.064,0.859,0.531,0.273,0.546,0.324,0.591,0.64,0.28,0.704,0.05,1.0,0.247,0.548,0.544,0.109,0.833,0.192,0.703,0.353,0.492,0.762,0.525,-0.127,-0.026,0.561,0.56,0.653,0.56,0.763,0.481,0.454,0.245,0.258,0.226,-0.203,0.319,0.393,0.679,0.576,0.424,0.227,0.478,0.461,0.348,0.164,0.405,0.424,0.067,-0.075,0.218,0.024,0.077,0.189,0.311,0.427,0.085,-0.085,0.205,0.061,0.294,0.502,0.419,-0.101,-0.19,-0.268,0.174,0.474
601398SS,0.796,0.37,0.761,0.741,-0.015,0.082,0.616,0.863,0.657,-0.136,0.291,0.654,0.451,0.34,0.22,-0.285,0.597,0.425,0.423,0.768,0.854,0.431,0.273,-0.659,0.082,-0.52,0.381,0.851,0.197,0.627,0.583,-0.441,-0.52,0.372,-0.311,0.155,-0.414,0.559,0.75,0.623,-0.4,0.312,-0.12,-0.593,-0.365,0.448,-0.499,-0.048,0.83,-0.631,-0.035,0.871,0.771,-0.707,0.772,0.594,-0.427,0.052,-0.384,-0.446,-0.076,0.747,0.873,0.156,-0.585,-0.214,-0.611,0.376,-0.076,0.66,0.237,-0.439,0.276,-0.52,0.341,-0.447,0.741,0.412,-0.112,-0.093,0.761,0.485,0.92,-0.238,-0.722,0.936,0.83,0.744,0.729,-0.749,-0.385,0.535,-0.01,0.543,0.805,0.872,0.239,0.714,0.856,-0.407,0.531,0.585,-0.485,-0.557,-0.275,0.577,-0.067,0.067,0.649,0.551,-0.329,0.867,0.036,0.657,0.775,-0.133,0.393,-0.133,0.695,-0.201,0.411,0.696,0.832,-0.555,0.556,-0.663,-0.23,0.716,0.554,0.708,-0.291,-0.702,0.758,0.305,0.151,-0.512,0.59,0.801,0.566,0.902,0.415,-0.081,-0.23,0.719,-0.349,0.654,0.278,0.18,0.792,0.728,0.162,-0.316,0.846,-0.128,0.927,0.675,0.684,0.95,0.441,-0.516,0.247,1.0,0.422,0.452,-0.325,0.321,-0.498,0.191,0.888,-0.032,0.54,0.775,-0.488,-0.564,-0.013,-0.208,0.664,0.341,0.256,0.439,0.476,0.905,0.845,0.682,-0.631,0.666,0.354,0.674,0.778,0.495,0.876,0.765,0.022,0.825,0.222,0.91,0.766,-0.3,0.509,0.79,0.42,-0.465,0.852,-0.216,0.165,0.793,-0.6,0.279,0.566,0.819,-0.306,0.58,-0.642,-0.681,-0.555,0.586,0.627
601600SS,0.56,0.273,0.453,0.712,-0.29,0.195,0.376,0.629,0.32,-0.115,0.565,0.463,0.734,0.36,0.551,-0.249,0.749,0.439,0.59,0.705,0.654,0.632,-0.027,-0.598,0.57,-0.817,-0.056,0.549,-0.048,0.655,0.44,-0.72,-0.672,-0.179,-0.312,0.348,-0.048,0.147,0.388,0.29,-0.718,0.346,-0.414,-0.681,-0.131,0.562,-0.329,-0.043,0.503,-0.746,0.286,0.603,0.528,-0.434,0.347,0.452,-0.08,0.245,-0.013,-0.423,-0.269,0.533,0.454,0.479,-0.435,-0.285,-0.605,0.194,-0.346,0.6,-0.043,-0.555,0.5,-0.495,0.209,-0.264,0.425,0.313,-0.146,0.079,0.013,0.582,0.628,0.39,-0.328,0.495,0.531,0.6,0.722,-0.478,-0.707,0.738,0.276,0.797,0.516,0.511,0.111,0.297,0.651,-0.687,0.172,0.716,0.207,-0.031,-0.589,0.692,0.538,0.134,0.918,0.648,0.069,0.47,-0.319,0.644,0.755,-0.393,0.404,-0.292,0.678,-0.497,-0.067,0.557,0.634,-0.58,0.281,-0.59,-0.311,0.679,-0.176,0.569,-0.292,-0.358,0.769,0.403,-0.526,-0.25,0.434,0.633,0.529,0.615,0.089,0.585,-0.126,0.783,0.226,0.484,0.405,-0.1,0.339,0.548,0.63,0.475,0.645,0.528,0.578,0.647,0.675,0.551,0.804,-0.587,0.548,0.422,1.0,0.658,-0.412,0.681,-0.353,0.502,0.63,-0.04,0.59,0.788,-0.703,-0.572,0.612,0.046,0.807,0.796,0.403,0.782,0.74,0.539,0.629,0.561,-0.702,0.707,0.327,0.791,0.731,0.534,0.633,0.759,0.582,0.438,0.575,0.573,0.427,-0.639,-0.17,0.631,0.238,-0.48,0.512,0.398,0.42,0.45,-0.597,0.075,0.357,0.709,0.305,0.706,-0.629,-0.662,-0.645,0.648,0.779
601601SS,0.623,0.114,0.334,0.643,-0.151,0.24,0.597,0.594,0.26,0.151,0.732,0.48,0.648,0.636,0.616,-0.037,0.722,0.039,0.567,0.451,0.636,0.271,0.093,-0.282,0.564,-0.608,0.241,0.405,-0.153,0.605,0.47,-0.421,-0.27,0.12,0.157,0.599,0.242,-0.003,0.514,0.521,-0.275,0.731,-0.25,-0.473,0.257,0.629,0.05,0.402,0.463,-0.483,0.41,0.461,0.625,-0.183,0.178,0.617,0.15,0.566,0.139,-0.126,0.06,0.585,0.394,0.559,-0.104,0.259,-0.221,0.338,0.036,0.463,0.374,-0.327,0.682,-0.063,-0.066,0.084,0.124,0.629,0.283,0.455,0.213,0.514,0.549,0.363,-0.227,0.375,0.33,0.361,0.611,-0.358,-0.592,0.652,0.61,0.564,0.32,0.584,-0.051,0.24,0.53,-0.516,0.553,0.554,0.234,-0.1,-0.428,0.616,0.602,0.122,0.71,0.539,0.251,0.448,-0.203,0.742,0.742,-0.506,0.378,-0.38,0.66,-0.062,0.226,0.39,0.53,-0.443,0.126,-0.285,0.102,0.592,-0.156,0.515,-0.042,-0.05,0.657,0.685,-0.41,-0.022,0.682,0.564,0.246,0.474,0.443,0.427,0.098,0.664,0.359,0.297,0.645,0.364,0.198,0.479,0.651,0.46,0.425,0.458,0.479,0.903,0.823,0.505,0.867,-0.268,0.544,0.452,0.658,1.0,-0.337,0.777,-0.018,0.591,0.726,0.319,0.698,0.615,-0.346,-0.108,0.528,0.345,0.643,0.596,0.654,0.695,0.613,0.366,0.578,0.632,-0.442,0.661,0.682,0.686,0.68,0.693,0.594,0.612,0.279,0.625,0.532,0.68,0.643,-0.197,0.051,0.486,0.423,-0.309,0.493,0.437,0.615,0.14,-0.292,-0.177,0.61,0.604,0.448,0.292,-0.326,-0.427,-0.419,0.602,0.649
601607SS,-0.071,0.301,-0.467,-0.251,0.556,0.205,-0.497,-0.469,-0.004,0.625,-0.253,-0.164,-0.367,0.139,-0.536,0.604,-0.138,-0.075,-0.734,-0.253,-0.394,-0.364,0.553,0.688,-0.169,0.72,-0.056,-0.599,0.489,-0.755,-0.711,0.673,0.742,0.458,-0.02,-0.601,0.17,0.125,-0.043,-0.626,0.709,-0.377,0.76,0.773,0.194,-0.547,0.356,-0.047,-0.593,0.696,-0.146,-0.37,-0.61,0.637,-0.452,-0.56,0.151,0.093,0.103,0.729,0.514,-0.03,-0.46,-0.374,0.579,0.114,0.646,0.281,0.219,-0.765,0.117,0.557,-0.543,0.526,-0.521,0.377,-0.516,-0.456,0.506,0.154,-0.132,-0.794,-0.453,0.011,0.133,-0.398,-0.575,-0.175,-0.201,0.497,0.572,-0.65,-0.202,-0.455,-0.529,-0.203,0.382,-0.493,-0.415,0.779,-0.322,-0.508,0.093,0.416,0.745,-0.673,-0.437,0.443,-0.439,-0.781,0.389,-0.498,0.642,-0.673,-0.529,-0.041,-0.739,-0.14,-0.69,0.394,0.063,-0.73,-0.329,0.746,0.203,0.744,0.605,-0.339,-0.093,-0.492,0.461,0.496,-0.663,-0.447,0.118,0.57,-0.002,-0.671,-0.646,-0.347,-0.322,-0.34,-0.012,-0.252,0.339,-0.602,0.166,-0.034,-0.028,-0.725,-0.187,-0.066,-0.574,-0.263,-0.406,-0.252,-0.183,-0.419,-0.374,0.641,0.109,-0.325,-0.412,-0.337,1.0,-0.194,0.699,0.124,-0.471,0.599,-0.235,-0.431,0.634,0.506,-0.272,0.126,-0.312,-0.445,-0.002,-0.654,-0.621,-0.379,-0.52,-0.696,0.75,-0.715,-0.087,-0.265,-0.276,-0.297,-0.619,-0.505,-0.418,-0.192,-0.583,-0.304,-0.21,0.541,0.104,-0.665,-0.3,0.695,-0.42,-0.304,-0.042,-0.407,0.748,0.315,-0.657,-0.659,-0.081,-0.414,0.75,0.688,0.434,-0.764,-0.556
601618SS,0.508,0.101,0.192,0.638,-0.25,0.522,0.448,0.448,0.186,0.319,0.737,0.253,0.787,0.445,0.608,0.182,0.765,0.022,0.533,0.355,0.49,0.19,0.169,-0.161,0.664,-0.597,0.132,0.262,-0.081,0.459,0.304,-0.465,-0.276,0.156,0.005,0.574,0.398,-0.11,0.375,0.2,-0.323,0.58,-0.229,-0.416,0.223,0.653,0.078,0.409,0.319,-0.434,0.541,0.371,0.373,-0.082,0.05,0.542,0.326,0.641,0.198,0.002,-0.008,0.547,0.285,0.68,-0.001,0.184,-0.209,0.412,0.026,0.371,0.169,-0.261,0.707,-0.092,-0.073,0.21,0.097,0.536,0.34,0.474,-0.085,0.448,0.423,0.556,-0.047,0.261,0.224,0.411,0.551,-0.179,-0.596,0.637,0.611,0.656,0.255,0.382,-0.111,0.162,0.455,-0.449,0.346,0.553,0.427,0.233,-0.457,0.586,0.617,0.297,0.689,0.508,0.429,0.246,-0.264,0.575,0.648,-0.404,0.267,-0.365,0.486,-0.086,0.063,0.271,0.454,-0.378,0.131,-0.196,0.129,0.533,-0.338,0.455,0.174,0.05,0.552,0.61,-0.485,0.079,0.563,0.47,0.212,0.392,0.21,0.671,0.079,0.67,0.491,0.195,0.82,0.313,0.069,0.358,0.904,0.629,0.373,0.624,0.379,0.719,0.68,0.383,0.825,-0.182,0.833,0.321,0.681,0.777,-0.194,1.0,0.013,0.616,0.518,0.324,0.827,0.574,-0.312,-0.061,0.658,0.564,0.644,0.652,0.852,0.727,0.669,0.258,0.408,0.506,-0.413,0.571,0.566,0.697,0.613,0.611,0.43,0.584,0.482,0.514,0.467,0.555,0.516,-0.122,-0.117,0.377,0.295,-0.196,0.285,0.541,0.638,0.09,-0.279,-0.151,0.454,0.492,0.606,0.351,-0.274,-0.398,-0.415,0.426,0.639
601628SS,-0.048,0.121,-0.693,-0.435,0.619,0.232,-0.511,-0.484,-0.063,0.784,0.053,-0.188,-0.239,0.311,-0.392,0.588,-0.137,-0.26,-0.64,-0.391,-0.43,-0.469,0.447,0.872,-0.01,0.668,-0.279,-0.791,0.243,-0.761,-0.77,0.754,0.802,0.372,0.203,-0.24,0.614,-0.122,-0.049,-0.463,0.771,0.023,0.576,0.835,0.5,-0.417,0.648,0.199,-0.693,0.778,0.259,-0.561,-0.656,0.886,-0.795,-0.585,0.459,0.367,0.218,0.824,0.548,-0.091,-0.689,-0.058,0.854,0.315,0.843,0.279,0.197,-0.845,0.258,0.685,-0.259,0.781,-0.823,0.612,-0.807,-0.31,0.635,0.518,-0.303,-0.769,-0.623,0.359,0.373,-0.656,-0.799,-0.504,-0.26,0.672,0.448,-0.547,0.178,-0.464,-0.775,-0.253,0.15,-0.654,-0.595,0.716,-0.329,-0.494,0.485,0.656,0.636,-0.625,-0.171,0.51,-0.426,-0.714,0.63,-0.667,0.369,-0.577,-0.487,-0.178,-0.67,-0.115,-0.677,0.474,-0.089,-0.835,-0.421,0.818,0.0,0.914,0.796,-0.441,-0.412,-0.533,0.571,0.813,-0.656,-0.239,-0.17,0.89,0.172,-0.732,-0.86,-0.534,-0.247,-0.044,0.005,-0.365,0.681,-0.728,0.3,0.04,-0.235,-0.831,0.028,0.312,-0.769,0.048,-0.595,-0.029,-0.122,-0.604,-0.142,0.807,0.192,-0.498,-0.353,-0.018,0.699,0.013,1.0,0.293,-0.452,0.74,-0.022,-0.55,0.729,0.774,0.057,0.422,-0.36,-0.351,0.253,-0.494,-0.567,-0.654,-0.634,-0.55,0.833,-0.645,-0.034,-0.313,-0.406,-0.122,-0.665,-0.623,-0.165,-0.197,-0.566,-0.403,-0.256,0.586,-0.037,-0.74,-0.319,0.872,-0.525,-0.024,0.045,-0.713,0.866,0.058,-0.52,-0.693,0.352,-0.618,0.896,0.749,0.553,-0.619,-0.511
601633SS,0.576,0.464,0.048,0.527,0.152,0.649,0.144,0.29,0.295,0.418,0.857,0.554,0.633,0.563,0.212,0.293,0.743,0.331,0.3,0.383,0.389,0.24,0.35,-0.03,0.57,-0.307,-0.239,0.141,0.217,0.167,0.031,-0.135,-0.104,0.34,-0.244,0.247,0.346,0.15,0.406,0.047,-0.181,0.438,0.005,-0.141,0.188,0.203,0.099,0.069,0.154,-0.257,0.573,0.352,0.099,0.122,-0.121,0.153,0.41,0.638,0.08,0.259,0.112,0.586,0.107,0.475,0.164,-0.114,-0.066,0.457,-0.182,0.062,0.006,-0.098,0.352,0.098,-0.365,0.106,-0.026,0.273,0.4,0.344,-0.18,0.09,0.264,0.518,-0.145,0.089,0.041,0.347,0.589,-0.128,-0.493,0.33,0.28,0.582,0.091,0.466,0.266,-0.118,0.335,-0.205,0.122,0.599,0.383,0.445,-0.195,0.274,0.224,0.566,0.515,0.176,0.527,0.174,-0.001,0.246,0.341,-0.541,-0.031,-0.468,0.24,-0.08,0.076,0.06,0.415,-0.102,0.364,0.044,0.226,0.577,-0.494,0.51,0.28,0.1,0.36,0.343,-0.484,0.312,0.65,0.221,-0.142,0.316,0.036,0.524,0.15,0.622,0.588,-0.051,0.742,-0.159,0.228,0.017,0.649,0.588,0.194,0.7,0.236,0.655,0.622,0.184,0.738,-0.089,0.703,0.191,0.502,0.591,0.124,0.616,0.293,1.0,0.367,0.547,0.564,0.469,-0.055,0.002,0.546,0.249,0.627,0.619,0.627,0.451,0.365,0.166,0.335,0.098,-0.107,0.242,0.495,0.671,0.561,0.537,0.227,0.442,0.436,0.375,0.104,0.369,0.243,-0.164,0.007,0.119,0.19,0.069,0.134,0.465,0.615,0.105,0.01,0.207,0.068,0.247,0.398,0.34,-0.05,-0.216,-0.35,0.165,0.484
601658SS,0.844,0.346,0.737,0.826,-0.097,0.069,0.706,0.939,0.611,-0.129,0.505,0.717,0.589,0.459,0.391,-0.364,0.736,0.39,0.582,0.798,0.947,0.444,0.171,-0.688,0.313,-0.682,0.333,0.846,0.053,0.786,0.651,-0.533,-0.581,0.232,-0.192,0.379,-0.288,0.447,0.78,0.71,-0.496,0.556,-0.239,-0.683,-0.254,0.592,-0.433,0.037,0.829,-0.713,0.084,0.878,0.855,-0.657,0.677,0.702,-0.296,0.212,-0.252,-0.48,-0.035,0.805,0.837,0.349,-0.57,-0.125,-0.622,0.405,-0.127,0.752,0.36,-0.499,0.472,-0.466,0.25,-0.399,0.651,0.534,-0.054,0.111,0.637,0.608,0.934,-0.056,-0.674,0.864,0.784,0.705,0.811,-0.739,-0.568,0.664,0.2,0.667,0.769,0.898,0.188,0.629,0.883,-0.584,0.598,0.706,-0.285,-0.499,-0.411,0.719,0.197,0.08,0.79,0.688,-0.185,0.88,-0.08,0.805,0.91,-0.295,0.489,-0.223,0.826,-0.262,0.385,0.728,0.873,-0.64,0.484,-0.676,-0.22,0.815,0.366,0.769,-0.358,-0.597,0.887,0.476,-0.071,-0.447,0.698,0.864,0.587,0.883,0.502,0.109,-0.152,0.822,-0.149,0.621,0.385,0.223,0.669,0.762,0.341,-0.057,0.838,0.112,0.888,0.843,0.829,0.908,0.669,-0.556,0.353,0.888,0.63,0.726,-0.471,0.518,-0.452,0.367,1.0,0.041,0.633,0.869,-0.575,-0.538,0.179,-0.098,0.795,0.497,0.388,0.626,0.623,0.846,0.916,0.789,-0.697,0.784,0.546,0.805,0.869,0.681,0.936,0.852,0.165,0.833,0.41,0.902,0.829,-0.415,0.423,0.848,0.486,-0.532,0.905,0.057,0.32,0.706,-0.606,0.15,0.692,0.907,-0.083,0.587,-0.688,-0.743,-0.593,0.724,0.774
601668SS,0.368,0.493,-0.265,0.127,0.59,0.287,-0.156,-0.041,0.215,0.747,0.297,0.314,0.045,0.539,-0.327,0.422,0.338,0.034,-0.336,0.054,0.065,-0.357,0.601,0.515,0.209,0.346,0.063,-0.337,0.386,-0.339,-0.468,0.49,0.533,0.541,0.052,-0.163,0.321,0.254,0.356,-0.235,0.54,0.295,0.605,0.519,0.348,-0.22,0.406,0.101,-0.301,0.432,0.14,-0.008,-0.284,0.528,-0.424,-0.216,0.266,0.405,0.187,0.618,0.666,0.384,-0.235,0.082,0.496,0.219,0.482,0.531,0.173,-0.498,0.509,0.331,-0.112,0.521,-0.758,0.315,-0.447,0.006,0.657,0.454,0.032,-0.473,-0.108,0.327,-0.042,-0.183,-0.417,0.014,0.244,0.262,0.199,-0.321,0.091,-0.098,-0.346,0.235,0.448,-0.347,-0.077,0.453,-0.026,-0.09,0.308,0.367,0.497,-0.284,-0.146,0.589,-0.02,-0.374,0.595,-0.128,0.53,-0.199,-0.077,-0.34,-0.48,-0.182,-0.294,0.369,0.285,-0.486,0.053,0.485,0.364,0.595,0.603,0.023,-0.187,-0.059,0.409,0.496,-0.207,-0.057,-0.093,0.575,0.549,-0.277,-0.545,-0.012,0.05,-0.086,0.01,0.124,0.574,-0.434,0.536,0.09,0.1,-0.461,0.226,0.253,-0.342,0.074,-0.161,0.347,0.334,-0.147,0.149,0.534,0.492,-0.032,-0.04,0.319,0.599,0.324,0.74,0.547,0.041,1.0,0.281,-0.039,0.451,0.484,0.038,0.356,0.128,-0.115,0.578,-0.236,-0.253,-0.153,-0.109,-0.324,0.521,-0.366,0.39,0.208,0.135,0.263,-0.222,-0.129,-0.171,0.183,-0.33,0.073,0.206,0.399,0.333,-0.355,-0.023,0.539,-0.051,0.026,0.303,-0.289,0.614,0.314,-0.225,-0.259,0.141,-0.287,0.541,0.384,0.248,-0.411,-0.149
601669SS,0.671,0.223,0.335,0.617,-0.037,0.505,0.446,0.596,0.411,0.392,0.684,0.421,0.804,0.571,0.447,0.168,0.751,0.222,0.436,0.525,0.597,0.317,0.311,-0.23,0.375,-0.543,0.091,0.385,0.024,0.414,0.276,-0.394,-0.303,0.367,-0.184,0.494,0.357,0.109,0.531,0.373,-0.305,0.606,-0.276,-0.392,0.157,0.648,-0.004,0.358,0.491,-0.439,0.563,0.509,0.439,-0.198,0.2,0.52,0.181,0.631,-0.083,-0.016,-0.005,0.678,0.461,0.596,-0.05,0.068,-0.271,0.534,0.084,0.419,0.222,-0.202,0.652,-0.207,-0.047,0.164,0.287,0.498,0.269,0.456,0.163,0.424,0.555,0.4,-0.233,0.433,0.386,0.519,0.635,-0.351,-0.505,0.634,0.471,0.638,0.399,0.567,-0.025,0.343,0.564,-0.36,0.349,0.575,0.181,0.168,-0.42,0.573,0.348,0.355,0.689,0.546,0.287,0.347,-0.258,0.558,0.714,-0.222,0.34,-0.205,0.457,0.01,0.123,0.362,0.551,-0.31,0.305,-0.252,0.144,0.567,-0.131,0.543,0.167,-0.116,0.617,0.469,-0.447,0.01,0.571,0.552,0.243,0.562,0.226,0.506,-0.014,0.685,0.342,0.295,0.797,0.298,0.379,0.382,0.786,0.415,0.493,0.468,0.567,0.788,0.73,0.55,0.768,-0.182,0.762,0.54,0.59,0.698,-0.235,0.827,-0.022,0.564,0.633,0.281,1.0,0.617,-0.278,-0.121,0.605,0.495,0.674,0.577,0.77,0.665,0.614,0.428,0.473,0.613,-0.413,0.624,0.41,0.697,0.66,0.63,0.562,0.585,0.528,0.656,0.203,0.647,0.568,-0.098,0.07,0.543,0.302,-0.07,0.466,0.265,0.463,0.26,-0.313,0.037,0.451,0.595,0.463,0.429,-0.318,-0.441,-0.342,0.483,0.643
601688SS,0.76,0.481,0.78,0.931,-0.199,0.18,0.547,0.892,0.599,-0.178,0.533,0.704,0.706,0.304,0.415,-0.339,0.864,0.605,0.619,0.88,0.909,0.636,0.08,-0.751,0.389,-0.809,0.138,0.864,0.169,0.776,0.59,-0.699,-0.769,0.064,-0.438,0.268,-0.362,0.483,0.662,0.475,-0.732,0.318,-0.311,-0.787,-0.438,0.612,-0.635,-0.141,0.78,-0.849,0.067,0.927,0.715,-0.745,0.692,0.656,-0.31,0.19,-0.257,-0.576,-0.105,0.805,0.796,0.384,-0.699,-0.368,-0.821,0.371,-0.219,0.788,0.099,-0.56,0.437,-0.704,0.303,-0.473,0.772,0.392,-0.214,-0.101,0.366,0.651,0.933,0.073,-0.684,0.827,0.826,0.844,0.909,-0.765,-0.712,0.749,0.03,0.896,0.829,0.808,0.313,0.649,0.95,-0.67,0.372,0.869,-0.243,-0.305,-0.522,0.811,0.213,0.102,0.887,0.715,-0.135,0.812,-0.147,0.71,0.844,-0.303,0.477,-0.291,0.781,-0.531,0.16,0.742,0.913,-0.675,0.587,-0.767,-0.442,0.874,0.188,0.805,-0.395,-0.712,0.94,0.352,-0.227,-0.544,0.524,0.853,0.693,0.923,0.214,0.319,-0.198,0.946,-0.136,0.652,0.402,-0.006,0.632,0.717,0.485,0.076,0.911,0.301,0.877,0.724,0.81,0.847,0.746,-0.657,0.525,0.775,0.788,0.615,-0.431,0.574,-0.55,0.469,0.869,-0.039,0.617,1.0,-0.703,-0.733,0.294,-0.143,0.962,0.71,0.357,0.715,0.714,0.879,0.908,0.651,-0.806,0.775,0.461,0.947,0.964,0.572,0.87,0.973,0.382,0.601,0.486,0.798,0.704,-0.546,0.199,0.85,0.317,-0.604,0.816,0.12,0.309,0.792,-0.715,0.341,0.479,0.898,-0.04,0.828,-0.807,-0.8,-0.718,0.711,0.861
601689SS,-0.33,-0.124,-0.511,-0.61,0.554,0.147,-0.477,-0.62,-0.224,0.598,-0.193,-0.345,-0.522,-0.004,-0.453,0.604,-0.428,-0.383,-0.598,-0.556,-0.606,-0.546,0.169,0.838,-0.301,0.819,-0.034,-0.715,0.116,-0.774,-0.614,0.91,0.806,0.404,0.321,-0.207,0.436,-0.191,-0.299,-0.37,0.824,-0.118,0.498,0.789,0.365,-0.399,0.526,0.297,-0.594,0.874,0.047,-0.627,-0.597,0.673,-0.622,-0.455,0.357,0.256,0.042,0.672,0.519,-0.258,-0.627,-0.162,0.675,0.413,0.757,0.025,0.507,-0.736,0.16,0.756,-0.258,0.661,-0.536,0.624,-0.597,-0.323,0.384,0.211,-0.234,-0.673,-0.661,0.022,0.363,-0.591,-0.644,-0.538,-0.524,0.523,0.649,-0.635,0.023,-0.656,-0.612,-0.416,-0.027,-0.41,-0.607,0.827,-0.235,-0.563,0.184,0.367,0.667,-0.603,-0.41,0.151,-0.668,-0.711,0.408,-0.634,0.364,-0.657,-0.62,0.16,-0.418,0.195,-0.745,0.598,-0.1,-0.706,-0.608,0.795,-0.177,0.836,0.574,-0.56,-0.117,-0.49,0.554,0.595,-0.766,-0.304,0.127,0.539,-0.176,-0.727,-0.696,-0.601,-0.265,-0.374,0.226,-0.588,0.24,-0.56,0.055,0.22,-0.285,-0.733,-0.244,-0.114,-0.727,-0.176,-0.589,-0.33,-0.356,-0.607,-0.456,0.829,-0.127,-0.488,-0.703,-0.346,0.634,-0.312,0.729,-0.055,-0.575,0.451,-0.278,-0.703,1.0,0.751,-0.292,0.355,-0.591,-0.576,-0.04,-0.661,-0.687,-0.607,-0.699,-0.528,0.79,-0.686,-0.257,-0.578,-0.573,-0.457,-0.681,-0.717,-0.303,-0.34,-0.68,-0.522,-0.282,0.789,0.026,-0.676,-0.358,0.728,-0.556,-0.226,-0.201,-0.603,0.747,0.021,-0.426,-0.719,0.087,-0.612,0.827,0.86,0.771,-0.659,-0.674
601698SS,-0.375,-0.341,-0.69,-0.557,0.241,0.185,-0.248,-0.633,-0.394,0.561,-0.019,-0.44,-0.337,0.098,-0.193,0.597,-0.406,-0.67,-0.431,-0.728,-0.612,-0.634,0.216,0.844,-0.06,0.678,0.009,-0.797,-0.131,-0.63,-0.503,0.67,0.844,0.302,0.567,0.058,0.669,-0.469,-0.294,-0.313,0.816,0.188,0.385,0.737,0.703,-0.316,0.823,0.458,-0.628,0.766,0.285,-0.715,-0.526,0.834,-0.683,-0.337,0.585,0.323,0.423,0.799,0.376,-0.374,-0.641,-0.04,0.865,0.647,0.89,0.052,0.423,-0.712,0.178,0.615,-0.054,0.854,-0.535,0.741,-0.826,0.022,0.642,0.534,-0.28,-0.51,-0.719,0.131,0.628,-0.712,-0.8,-0.637,-0.591,0.728,0.507,-0.521,0.343,-0.611,-0.752,-0.484,-0.286,-0.578,-0.707,0.592,-0.022,-0.625,0.379,0.449,0.427,-0.588,-0.0,0.197,-0.617,-0.555,0.519,-0.669,0.213,-0.459,-0.55,0.055,-0.438,-0.013,-0.614,0.738,0.084,-0.733,-0.66,0.635,-0.417,0.863,0.774,-0.589,-0.312,-0.511,0.64,0.878,-0.703,-0.008,0.072,0.709,-0.07,-0.653,-0.74,-0.721,0.034,-0.076,0.344,-0.591,0.444,-0.736,0.183,0.312,-0.545,-0.636,-0.018,0.194,-0.812,-0.001,-0.676,-0.22,-0.334,-0.65,-0.284,0.771,-0.026,-0.564,-0.572,-0.108,0.506,-0.061,0.774,0.002,-0.538,0.484,-0.121,-0.733,0.751,1.0,-0.037,0.549,-0.622,-0.486,0.204,-0.444,-0.457,-0.771,-0.692,-0.428,0.783,-0.573,0.03,-0.559,-0.607,-0.115,-0.679,-0.717,-0.25,-0.261,-0.37,-0.448,-0.329,0.721,-0.015,-0.732,-0.069,0.689,-0.64,0.121,0.105,-0.839,0.788,-0.383,-0.222,-0.71,0.336,-0.794,0.836,0.724,0.65,-0.624,-0.576
601699SS,0.201,-0.112,-0.054,0.265,-0.267,0.558,0.129,0.112,-0.109,0.204,0.656,0.062,0.727,0.443,0.632,0.245,0.475,0.084,0.484,0.177,0.127,0.319,-0.095,-0.118,0.436,-0.55,-0.362,0.045,-0.307,0.266,0.178,-0.465,-0.272,-0.084,-0.136,0.537,0.596,-0.338,-0.061,0.075,-0.386,0.435,-0.58,-0.34,0.438,0.496,0.273,0.334,0.164,-0.38,0.796,0.061,0.162,0.096,-0.21,0.211,0.472,0.587,0.102,0.094,-0.376,0.162,-0.005,0.629,0.171,-0.051,-0.112,0.032,-0.158,0.209,-0.274,-0.256,0.633,-0.036,-0.019,0.319,-0.036,0.285,0.207,0.36,-0.37,0.383,0.098,0.711,0.225,-0.072,0.043,0.104,0.263,-0.08,-0.581,0.602,0.569,0.506,0.062,0.068,-0.333,-0.081,0.119,-0.453,-0.014,0.408,0.622,0.477,-0.614,0.419,0.695,0.181,0.532,0.419,0.371,-0.083,-0.653,0.404,0.406,-0.302,0.295,-0.138,0.322,-0.119,-0.279,0.19,0.103,-0.279,-0.177,-0.119,0.056,0.315,-0.668,0.252,0.231,0.153,0.357,0.482,-0.756,0.204,0.238,0.241,0.018,0.079,-0.033,0.833,0.165,0.408,0.629,0.196,0.6,-0.014,-0.065,0.18,0.799,0.857,0.176,0.791,0.114,0.463,0.314,0.114,0.714,-0.237,0.561,-0.013,0.612,0.528,-0.272,0.658,0.057,0.546,0.179,0.038,0.605,0.294,-0.292,-0.037,1.0,0.46,0.388,0.742,0.518,0.727,0.548,-0.041,0.088,0.345,-0.343,0.485,0.132,0.39,0.288,0.356,0.185,0.311,0.765,0.202,0.31,0.233,-0.022,-0.276,-0.522,0.205,0.149,-0.069,-0.096,0.615,0.527,-0.062,-0.248,-0.236,0.213,0.286,0.751,0.329,-0.175,-0.325,-0.33,0.409,0.43
601766SS,-0.057,-0.281,-0.17,-0.053,-0.049,0.507,0.013,-0.176,-0.205,0.645,0.348,-0.253,0.219,0.244,0.362,0.593,0.144,-0.426,0.073,-0.254,-0.176,-0.144,0.029,0.492,0.143,0.025,0.123,-0.381,-0.26,-0.16,-0.136,0.149,0.301,0.208,0.366,0.441,0.77,-0.477,-0.145,-0.055,0.271,0.398,-0.143,0.156,0.568,0.391,0.522,0.73,-0.173,0.211,0.57,-0.321,-0.118,0.373,-0.38,0.208,0.517,0.717,0.249,0.366,0.253,0.051,-0.316,0.388,0.487,0.614,0.354,0.108,0.594,-0.134,0.147,0.372,0.549,0.297,-0.248,0.804,-0.336,0.258,0.429,0.497,-0.347,0.054,-0.219,0.386,0.388,-0.283,-0.263,-0.163,-0.095,0.275,0.014,0.173,0.661,0.033,-0.223,-0.205,-0.366,-0.045,-0.154,0.107,0.087,-0.09,0.446,0.494,-0.11,0.113,0.388,0.051,0.017,0.008,0.514,-0.4,-0.189,0.005,0.033,-0.012,0.066,0.055,-0.171,0.436,-0.154,-0.265,-0.253,0.237,-0.287,0.404,0.47,-0.201,-0.387,-0.102,0.548,0.511,-0.118,0.292,-0.355,0.35,0.037,-0.156,-0.179,-0.241,-0.046,0.389,0.357,-0.034,0.466,-0.24,0.616,0.576,-0.338,-0.17,0.66,0.468,-0.256,0.386,-0.165,0.244,0.207,-0.183,0.328,0.465,0.56,-0.208,0.046,0.345,0.126,0.564,0.422,0.249,-0.098,0.356,0.495,-0.143,0.355,0.549,0.46,1.0,-0.041,0.116,0.597,0.193,0.174,-0.318,-0.306,0.147,0.173,0.061,0.09,-0.011,-0.078,0.07,-0.19,-0.124,0.286,0.058,-0.015,-0.012,0.08,0.57,-0.237,-0.156,-0.067,0.342,-0.262,0.306,0.262,-0.516,0.23,-0.353,0.119,-0.122,0.721,-0.143,0.316,0.311,0.31,-0.079,0.001
601788SS,0.788,0.575,0.662,0.903,-0.066,0.292,0.424,0.828,0.631,0.006,0.637,0.72,0.744,0.364,0.354,-0.224,0.931,0.645,0.534,0.863,0.864,0.605,0.168,-0.606,0.465,-0.734,0.009,0.725,0.249,0.652,0.431,-0.592,-0.676,0.108,-0.469,0.254,-0.211,0.485,0.673,0.376,-0.661,0.356,-0.233,-0.661,-0.364,0.559,-0.543,-0.134,0.656,-0.745,0.181,0.858,0.57,-0.589,0.527,0.539,-0.184,0.316,-0.214,-0.427,-0.006,0.851,0.659,0.455,-0.555,-0.371,-0.715,0.464,-0.218,0.65,0.11,-0.447,0.431,-0.599,0.125,-0.362,0.647,0.329,-0.112,0.003,0.232,0.534,0.833,0.223,-0.621,0.699,0.687,0.809,0.932,-0.654,-0.698,0.69,0.053,0.901,0.706,0.784,0.384,0.517,0.883,-0.567,0.257,0.874,-0.096,-0.098,-0.446,0.744,0.197,0.266,0.881,0.615,0.053,0.682,-0.096,0.606,0.773,-0.368,0.373,-0.32,0.661,-0.503,0.085,0.597,0.878,-0.528,0.639,-0.606,-0.332,0.841,0.03,0.759,-0.297,-0.568,0.871,0.303,-0.347,-0.368,0.576,0.733,0.544,0.859,0.111,0.399,-0.209,0.956,0.048,0.524,0.519,-0.071,0.608,0.55,0.579,0.227,0.794,0.427,0.773,0.758,0.834,0.723,0.803,-0.527,0.653,0.664,0.807,0.643,-0.312,0.644,-0.36,0.627,0.795,0.128,0.674,0.962,-0.591,-0.622,0.388,-0.041,1.0,0.738,0.457,0.684,0.657,0.769,0.815,0.544,-0.681,0.675,0.459,0.979,0.95,0.588,0.754,0.919,0.477,0.542,0.391,0.715,0.654,-0.491,0.154,0.731,0.23,-0.432,0.727,0.179,0.346,0.686,-0.576,0.418,0.353,0.793,0.083,0.787,-0.673,-0.689,-0.641,0.623,0.832
601799SS,0.41,0.151,0.39,0.626,-0.378,0.438,0.352,0.462,0.169,-0.122,0.741,0.4,0.812,0.331,0.643,-0.071,0.695,0.401,0.72,0.519,0.488,0.589,-0.159,-0.527,0.555,-0.837,-0.219,0.523,-0.078,0.593,0.487,-0.727,-0.682,-0.106,-0.35,0.512,0.129,-0.022,0.194,0.261,-0.752,0.347,-0.578,-0.724,-0.048,0.625,-0.265,0.055,0.527,-0.768,0.521,0.51,0.454,-0.404,0.247,0.472,0.142,0.457,-0.117,-0.325,-0.41,0.405,0.392,0.659,-0.336,-0.322,-0.593,0.107,-0.306,0.607,-0.355,-0.512,0.659,-0.476,0.195,-0.131,0.424,0.397,-0.109,0.032,-0.171,0.646,0.527,0.527,-0.208,0.345,0.486,0.453,0.625,-0.507,-0.857,0.798,0.277,0.835,0.502,0.4,-0.066,0.282,0.549,-0.707,0.144,0.819,0.298,0.145,-0.748,0.755,0.531,0.094,0.794,0.636,0.19,0.363,-0.535,0.612,0.634,-0.435,0.482,-0.354,0.644,-0.487,-0.203,0.559,0.525,-0.62,0.139,-0.559,-0.331,0.674,-0.403,0.641,-0.122,-0.367,0.721,0.523,-0.596,-0.238,0.317,0.604,0.389,0.502,-0.015,0.733,0.035,0.721,0.239,0.494,0.494,-0.152,0.199,0.51,0.716,0.582,0.614,0.752,0.507,0.58,0.564,0.461,0.855,-0.593,0.56,0.341,0.796,0.596,-0.445,0.652,-0.351,0.619,0.497,-0.115,0.577,0.71,-0.576,-0.486,0.742,0.116,0.738,1.0,0.42,0.876,0.724,0.42,0.551,0.486,-0.717,0.71,0.3,0.717,0.672,0.419,0.542,0.747,0.731,0.335,0.512,0.525,0.239,-0.545,-0.359,0.549,0.206,-0.485,0.284,0.533,0.506,0.404,-0.637,-0.006,0.392,0.638,0.453,0.699,-0.617,-0.675,-0.692,0.644,0.777
601800SS,0.474,0.14,-0.0,0.494,-0.038,0.567,0.378,0.283,0.162,0.478,0.695,0.28,0.666,0.489,0.331,0.365,0.637,-0.062,0.346,0.18,0.347,-0.071,0.381,0.058,0.544,-0.306,0.159,0.088,0.056,0.238,0.128,-0.196,0.011,0.413,0.012,0.456,0.499,-0.077,0.376,0.107,-0.035,0.645,-0.052,-0.124,0.389,0.378,0.313,0.418,0.177,-0.158,0.559,0.274,0.187,0.156,-0.102,0.334,0.428,0.602,0.232,0.307,0.117,0.487,0.172,0.606,0.235,0.232,0.061,0.471,0.07,0.099,0.216,-0.144,0.548,0.183,-0.273,0.292,-0.087,0.545,0.552,0.533,-0.028,0.214,0.249,0.535,0.035,0.124,0.006,0.257,0.439,-0.027,-0.376,0.342,0.495,0.415,0.064,0.359,-0.081,-0.013,0.27,-0.182,0.334,0.374,0.454,0.313,-0.213,0.302,0.418,0.46,0.43,0.303,0.536,0.163,-0.057,0.397,0.452,-0.356,0.098,-0.31,0.272,0.197,0.266,0.074,0.318,-0.161,0.146,0.077,0.354,0.396,-0.319,0.369,0.45,0.255,0.33,0.522,-0.34,0.283,0.634,0.308,-0.076,0.271,0.321,0.503,0.149,0.485,0.554,-0.018,0.809,0.259,0.029,0.152,0.776,0.571,0.144,0.505,0.207,0.632,0.561,0.24,0.635,0.016,0.763,0.256,0.403,0.654,-0.002,0.852,0.253,0.627,0.388,0.578,0.77,0.357,-0.04,0.204,0.518,0.597,0.457,0.42,1.0,0.49,0.447,0.114,0.271,0.278,-0.106,0.305,0.582,0.544,0.457,0.647,0.251,0.359,0.346,0.506,0.199,0.457,0.386,0.076,0.103,0.149,0.369,0.043,0.137,0.469,0.681,-0.045,0.005,-0.097,0.341,0.28,0.49,0.104,-0.023,-0.206,-0.231,0.151,0.429
601808SS,0.389,-0.11,0.436,0.659,-0.58,0.377,0.632,0.547,0.069,-0.244,0.723,0.296,0.869,0.286,0.834,-0.129,0.663,0.154,0.893,0.442,0.551,0.505,-0.237,-0.626,0.581,-0.918,0.026,0.622,-0.326,0.798,0.732,-0.845,-0.694,-0.126,-0.122,0.742,0.152,-0.18,0.205,0.475,-0.76,0.548,-0.716,-0.847,0.065,0.783,-0.169,0.277,0.654,-0.832,0.536,0.526,0.677,-0.47,0.369,0.709,0.175,0.407,0.017,-0.392,-0.5,0.386,0.545,0.692,-0.37,-0.08,-0.595,0.078,-0.201,0.764,-0.197,-0.64,0.826,-0.429,0.388,-0.098,0.462,0.64,-0.064,0.17,-0.019,0.847,0.601,0.389,-0.114,0.447,0.573,0.483,0.521,-0.509,-0.869,0.919,0.502,0.812,0.565,0.394,-0.337,0.38,0.6,-0.856,0.428,0.79,0.227,-0.066,-0.87,0.835,0.729,-0.023,0.8,0.841,0.069,0.494,-0.653,0.834,0.796,-0.308,0.686,-0.279,0.818,-0.337,-0.01,0.722,0.516,-0.803,-0.049,-0.66,-0.322,0.711,-0.261,0.695,-0.114,-0.353,0.82,0.753,-0.485,-0.327,0.347,0.768,0.551,0.509,0.298,0.738,0.159,0.719,0.171,0.573,0.502,0.123,0.12,0.744,0.751,0.53,0.691,0.694,0.563,0.629,0.562,0.578,0.854,-0.676,0.481,0.439,0.782,0.695,-0.654,0.727,-0.494,0.451,0.626,-0.236,0.665,0.715,-0.661,-0.444,0.727,0.193,0.684,0.876,0.49,1.0,0.898,0.461,0.637,0.745,-0.828,0.899,0.43,0.69,0.666,0.582,0.701,0.783,0.68,0.488,0.705,0.611,0.385,-0.527,-0.276,0.702,0.459,-0.641,0.385,0.623,0.595,0.398,-0.74,-0.272,0.678,0.779,0.459,0.626,-0.715,-0.773,-0.683,0.799,0.833
601816SS,0.34,-0.11,0.524,0.7,-0.643,0.316,0.702,0.552,0.041,-0.294,0.593,0.359,0.766,0.165,0.778,-0.191,0.622,0.11,0.885,0.42,0.546,0.522,-0.188,-0.664,0.507,-0.861,0.255,0.655,-0.403,0.839,0.764,-0.847,-0.68,-0.18,-0.013,0.623,0.0,-0.126,0.202,0.495,-0.717,0.508,-0.642,-0.827,0.024,0.659,-0.208,0.211,0.643,-0.835,0.398,0.551,0.685,-0.536,0.512,0.769,0.092,0.224,0.181,-0.459,-0.407,0.375,0.593,0.466,-0.432,0.018,-0.622,-0.019,-0.11,0.77,-0.11,-0.674,0.709,-0.45,0.488,-0.187,0.499,0.691,-0.11,0.043,0.067,0.876,0.622,0.148,-0.123,0.529,0.618,0.618,0.486,-0.479,-0.73,0.836,0.446,0.808,0.609,0.381,-0.262,0.437,0.666,-0.88,0.537,0.736,0.025,-0.156,-0.843,0.757,0.673,-0.137,0.776,0.899,-0.133,0.585,-0.481,0.814,0.74,-0.102,0.67,-0.193,0.794,-0.224,0.203,0.762,0.482,-0.822,-0.036,-0.679,-0.384,0.649,-0.099,0.734,-0.113,-0.37,0.812,0.672,-0.248,-0.434,0.292,0.808,0.707,0.525,0.43,0.634,0.281,0.678,0.025,0.536,0.407,0.165,0.121,0.804,0.694,0.352,0.697,0.541,0.588,0.559,0.576,0.602,0.758,-0.676,0.454,0.476,0.74,0.613,-0.621,0.669,-0.567,0.365,0.623,-0.253,0.614,0.714,-0.687,-0.457,0.548,0.174,0.657,0.724,0.447,0.898,1.0,0.525,0.679,0.719,-0.791,0.856,0.48,0.675,0.645,0.653,0.724,0.789,0.505,0.487,0.786,0.593,0.415,-0.488,-0.067,0.71,0.574,-0.7,0.433,0.574,0.56,0.422,-0.694,-0.257,0.673,0.779,0.26,0.666,-0.729,-0.742,-0.614,0.7,0.773
601818SS,0.712,0.447,0.883,0.801,-0.082,0.006,0.539,0.875,0.65,-0.273,0.215,0.69,0.437,0.184,0.2,-0.401,0.627,0.593,0.458,0.862,0.865,0.597,0.109,-0.785,0.06,-0.609,0.311,0.926,0.219,0.682,0.595,-0.545,-0.701,0.174,-0.447,0.058,-0.589,0.625,0.66,0.566,-0.607,0.153,-0.185,-0.709,-0.571,0.454,-0.724,-0.199,0.84,-0.747,-0.197,0.933,0.74,-0.865,0.861,0.595,-0.562,-0.06,-0.395,-0.65,-0.096,0.73,0.885,0.108,-0.788,-0.385,-0.812,0.287,-0.117,0.752,0.138,-0.518,0.219,-0.748,0.45,-0.589,0.89,0.278,-0.356,-0.31,0.646,0.553,0.958,-0.272,-0.801,0.976,0.936,0.855,0.788,-0.837,-0.414,0.573,-0.172,0.664,0.903,0.829,0.349,0.787,0.95,-0.505,0.413,0.687,-0.553,-0.581,-0.336,0.659,-0.091,-0.037,0.714,0.61,-0.399,0.889,0.02,0.606,0.756,-0.063,0.475,-0.096,0.698,-0.408,0.279,0.789,0.859,-0.605,0.612,-0.793,-0.496,0.748,0.572,0.744,-0.426,-0.856,0.83,0.176,0.103,-0.702,0.404,0.83,0.75,0.957,0.262,-0.058,-0.245,0.774,-0.456,0.734,0.158,0.036,0.794,0.749,0.149,-0.346,0.933,-0.092,0.95,0.564,0.689,0.929,0.443,-0.636,0.245,0.905,0.539,0.366,-0.379,0.258,-0.654,0.166,0.846,-0.153,0.428,0.879,-0.607,-0.771,-0.041,-0.318,0.769,0.42,0.114,0.461,0.525,1.0,0.886,0.635,-0.74,0.676,0.282,0.743,0.839,0.396,0.891,0.85,0.107,0.632,0.31,0.806,0.704,-0.446,0.426,0.873,0.312,-0.597,0.886,-0.224,0.055,0.906,-0.712,0.418,0.447,0.868,-0.393,0.781,-0.798,-0.724,-0.597,0.632,0.696
601838SS,0.722,0.368,0.774,0.863,-0.236,0.03,0.716,0.892,0.554,-0.367,0.465,0.748,0.579,0.262,0.355,-0.477,0.709,0.468,0.663,0.775,0.908,0.494,0.078,-0.838,0.353,-0.74,0.3,0.939,0.087,0.848,0.742,-0.67,-0.706,0.077,-0.3,0.292,-0.487,0.469,0.684,0.656,-0.66,0.404,-0.282,-0.782,-0.397,0.472,-0.578,-0.164,0.858,-0.834,-0.035,0.936,0.843,-0.778,0.782,0.677,-0.375,-0.001,-0.224,-0.589,-0.158,0.707,0.896,0.291,-0.705,-0.291,-0.769,0.29,-0.276,0.805,0.138,-0.665,0.37,-0.589,0.37,-0.616,0.748,0.535,-0.201,-0.122,0.558,0.684,0.935,-0.117,-0.683,0.871,0.839,0.763,0.793,-0.785,-0.639,0.641,-0.011,0.744,0.835,0.845,0.228,0.627,0.91,-0.691,0.587,0.794,-0.358,-0.546,-0.501,0.727,0.165,0.004,0.773,0.748,-0.3,0.954,-0.074,0.8,0.83,-0.265,0.53,-0.269,0.876,-0.386,0.419,0.828,0.876,-0.77,0.488,-0.809,-0.428,0.854,0.36,0.844,-0.437,-0.723,0.925,0.443,0.027,-0.599,0.568,0.929,0.696,0.895,0.504,0.126,-0.087,0.818,-0.303,0.653,0.221,-0.004,0.606,0.827,0.264,-0.117,0.898,0.133,0.873,0.679,0.728,0.876,0.609,-0.745,0.258,0.845,0.629,0.578,-0.52,0.408,-0.634,0.335,0.916,-0.109,0.473,0.908,-0.699,-0.692,0.088,-0.306,0.815,0.551,0.271,0.637,0.679,0.886,1.0,0.679,-0.772,0.758,0.549,0.822,0.881,0.662,0.938,0.92,0.164,0.681,0.52,0.829,0.692,-0.589,0.4,0.845,0.544,-0.705,0.855,0.105,0.331,0.821,-0.699,0.202,0.644,0.915,-0.254,0.685,-0.827,-0.85,-0.71,0.716,0.81
601857SS,0.502,-0.181,0.631,0.566,-0.368,0.104,0.729,0.732,0.284,-0.234,0.419,0.296,0.564,0.229,0.692,-0.259,0.493,0.04,0.701,0.502,0.677,0.456,-0.198,-0.626,0.213,-0.711,0.319,0.718,-0.351,0.78,0.781,-0.609,-0.587,0.011,0.041,0.661,-0.026,-0.025,0.399,0.766,-0.557,0.546,-0.561,-0.778,-0.088,0.813,-0.281,0.397,0.781,-0.698,0.28,0.555,0.855,-0.638,0.589,0.807,-0.145,0.277,-0.16,-0.543,-0.289,0.493,0.689,0.429,-0.468,0.126,-0.559,0.107,0.081,0.813,0.174,-0.449,0.727,-0.459,0.511,-0.106,0.599,0.559,-0.174,0.143,0.424,0.773,0.73,-0.038,-0.294,0.697,0.753,0.482,0.445,-0.588,-0.527,0.834,0.525,0.581,0.682,0.53,-0.318,0.659,0.7,-0.677,0.634,0.569,-0.153,-0.458,-0.651,0.79,0.45,-0.221,0.677,0.79,-0.227,0.626,-0.482,0.825,0.855,-0.04,0.75,-0.074,0.791,-0.174,0.126,0.784,0.561,-0.695,0.019,-0.688,-0.269,0.59,0.285,0.613,-0.234,-0.497,0.795,0.644,-0.132,-0.484,0.353,0.793,0.687,0.613,0.441,0.294,0.03,0.594,-0.176,0.699,0.326,0.462,0.376,0.832,0.437,0.027,0.761,0.222,0.75,0.673,0.618,0.761,0.634,-0.546,0.226,0.682,0.561,0.632,-0.696,0.506,-0.55,0.098,0.789,-0.324,0.613,0.651,-0.528,-0.428,0.345,0.147,0.544,0.486,0.278,0.745,0.719,0.635,0.679,1.0,-0.778,0.927,0.325,0.528,0.595,0.479,0.848,0.696,0.332,0.67,0.53,0.725,0.654,-0.312,0.064,0.849,0.43,-0.582,0.675,0.177,0.222,0.481,-0.726,-0.248,0.798,0.863,0.183,0.536,-0.703,-0.66,-0.448,0.877,0.723
601865SS,-0.376,0.008,-0.734,-0.669,0.563,-0.035,-0.593,-0.695,-0.227,0.54,-0.366,-0.342,-0.622,-0.019,-0.655,0.446,-0.519,-0.352,-0.812,-0.617,-0.66,-0.627,0.365,0.867,-0.314,0.92,-0.138,-0.862,0.209,-0.871,-0.812,0.875,0.916,0.235,0.272,-0.484,0.332,-0.1,-0.263,-0.542,0.885,-0.244,0.665,0.978,0.391,-0.735,0.604,0.01,-0.81,0.932,-0.094,-0.703,-0.783,0.844,-0.706,-0.73,0.268,-0.052,0.255,0.774,0.509,-0.384,-0.742,-0.419,0.784,0.304,0.888,0.028,0.227,-0.94,0.198,0.688,-0.587,0.783,-0.652,0.448,-0.807,-0.437,0.478,0.227,-0.235,-0.873,-0.793,-0.025,0.423,-0.728,-0.867,-0.625,-0.565,0.751,0.758,-0.868,-0.139,-0.772,-0.835,-0.474,0.147,-0.689,-0.773,0.852,-0.371,-0.777,0.194,0.443,0.78,-0.883,-0.421,0.255,-0.769,-0.846,0.316,-0.705,0.53,-0.79,-0.793,0.116,-0.742,0.128,-0.863,0.575,0.044,-0.895,-0.657,0.887,-0.122,0.936,0.661,-0.706,-0.17,-0.707,0.475,0.769,-0.885,-0.486,0.202,0.724,-0.166,-0.865,-0.836,-0.71,-0.195,-0.399,0.083,-0.696,0.313,-0.816,-0.129,-0.064,-0.351,-0.892,-0.385,-0.058,-0.909,-0.316,-0.761,-0.451,-0.48,-0.762,-0.602,0.822,-0.203,-0.631,-0.702,-0.442,0.75,-0.413,0.833,-0.107,-0.697,0.521,-0.413,-0.806,0.79,0.783,-0.343,0.173,-0.681,-0.717,-0.106,-0.828,-0.791,-0.74,-0.772,-0.778,1.0,-0.904,-0.205,-0.64,-0.689,-0.344,-0.839,-0.859,-0.479,-0.437,-0.653,-0.65,-0.479,0.629,0.126,-0.892,-0.315,0.845,-0.625,-0.241,-0.212,-0.72,0.97,0.051,-0.636,-0.893,-0.041,-0.782,0.944,0.867,0.717,-0.851,-0.801
601872SS,0.486,-0.11,0.666,0.69,-0.507,0.204,0.738,0.715,0.215,-0.334,0.533,0.367,0.719,0.246,0.795,-0.25,0.606,0.179,0.841,0.567,0.683,0.592,-0.245,-0.742,0.34,-0.883,0.213,0.8,-0.334,0.87,0.844,-0.804,-0.734,-0.078,-0.091,0.659,-0.069,-0.025,0.333,0.689,-0.742,0.49,-0.676,-0.91,-0.107,0.832,-0.345,0.282,0.83,-0.868,0.329,0.638,0.866,-0.691,0.618,0.832,-0.093,0.281,-0.117,-0.579,-0.435,0.481,0.73,0.487,-0.545,-0.032,-0.694,0.05,-0.058,0.883,-0.035,-0.625,0.755,-0.566,0.558,-0.195,0.664,0.589,-0.219,0.037,0.289,0.88,0.776,0.074,-0.313,0.696,0.797,0.594,0.544,-0.672,-0.731,0.951,0.449,0.756,0.75,0.535,-0.28,0.637,0.761,-0.838,0.582,0.743,-0.098,-0.376,-0.809,0.875,0.559,-0.196,0.805,0.876,-0.209,0.666,-0.57,0.888,0.89,-0.146,0.78,-0.202,0.888,-0.323,0.09,0.866,0.611,-0.835,0.033,-0.8,-0.41,0.729,0.103,0.728,-0.257,-0.57,0.889,0.693,-0.27,-0.538,0.331,0.868,0.74,0.662,0.389,0.463,0.074,0.731,-0.119,0.757,0.374,0.289,0.347,0.892,0.553,0.174,0.848,0.398,0.771,0.67,0.635,0.785,0.758,-0.712,0.319,0.666,0.707,0.661,-0.715,0.571,-0.645,0.242,0.784,-0.366,0.624,0.775,-0.686,-0.573,0.485,0.061,0.675,0.71,0.305,0.899,0.856,0.676,0.758,0.927,-0.904,1.0,0.375,0.662,0.716,0.52,0.877,0.83,0.472,0.627,0.671,0.749,0.575,-0.476,-0.078,0.879,0.474,-0.724,0.622,0.331,0.381,0.562,-0.838,-0.199,0.764,0.914,0.22,0.687,-0.821,-0.799,-0.639,0.923,0.826
601877SS,0.438,0.123,0.163,0.634,-0.209,0.231,0.67,0.408,0.132,-0.003,0.541,0.42,0.477,0.327,0.38,-0.006,0.583,-0.119,0.455,0.188,0.493,-0.035,0.275,-0.218,0.542,-0.34,0.456,0.345,-0.026,0.515,0.447,-0.322,-0.018,0.233,0.238,0.388,0.012,0.036,0.47,0.288,-0.105,0.572,0.085,-0.281,0.203,0.275,0.11,0.224,0.311,-0.323,0.154,0.414,0.472,-0.081,0.242,0.545,0.187,0.258,0.386,0.078,0.121,0.469,0.414,0.26,-0.009,0.303,-0.067,0.371,-0.04,0.297,0.371,-0.395,0.372,0.135,-0.035,-0.062,0.04,0.655,0.485,0.348,0.275,0.353,0.413,0.06,-0.094,0.294,0.163,0.375,0.397,-0.114,-0.401,0.316,0.388,0.416,0.187,0.466,0.021,0.027,0.414,-0.38,0.711,0.394,0.041,-0.183,-0.23,0.319,0.406,0.193,0.384,0.387,0.196,0.505,0.114,0.554,0.477,-0.365,0.163,-0.553,0.488,0.096,0.644,0.283,0.416,-0.411,0.137,-0.16,0.147,0.57,-0.022,0.484,0.084,0.051,0.458,0.644,0.053,0.01,0.635,0.458,0.148,0.338,0.683,0.217,0.246,0.529,0.221,0.043,0.518,0.254,0.056,0.395,0.423,0.236,0.286,0.264,0.318,0.61,0.597,0.358,0.548,-0.253,0.393,0.354,0.327,0.682,-0.087,0.566,-0.034,0.495,0.546,0.39,0.41,0.461,-0.257,0.03,0.132,0.09,0.459,0.3,0.582,0.43,0.48,0.282,0.549,0.325,-0.205,0.375,1.0,0.56,0.548,0.774,0.431,0.5,-0.106,0.517,0.549,0.536,0.527,-0.129,0.337,0.254,0.669,-0.324,0.351,0.439,0.685,0.125,-0.046,-0.157,0.515,0.397,0.075,0.1,-0.211,-0.331,-0.406,0.29,0.466
601878SS,0.801,0.552,0.6,0.935,-0.095,0.332,0.484,0.807,0.584,0.03,0.669,0.72,0.77,0.421,0.367,-0.163,0.958,0.562,0.555,0.819,0.861,0.511,0.225,-0.576,0.519,-0.717,0.077,0.706,0.241,0.663,0.449,-0.591,-0.607,0.167,-0.412,0.275,-0.169,0.442,0.69,0.358,-0.607,0.41,-0.191,-0.631,-0.286,0.529,-0.455,-0.079,0.625,-0.718,0.206,0.851,0.57,-0.52,0.494,0.555,-0.113,0.331,-0.131,-0.342,0.006,0.857,0.663,0.454,-0.481,-0.295,-0.643,0.488,-0.218,0.612,0.158,-0.484,0.438,-0.501,0.094,-0.332,0.575,0.401,0.012,0.071,0.246,0.515,0.82,0.24,-0.572,0.683,0.631,0.803,0.916,-0.603,-0.698,0.666,0.113,0.881,0.651,0.787,0.356,0.445,0.861,-0.573,0.325,0.85,-0.055,-0.091,-0.43,0.703,0.243,0.305,0.866,0.606,0.094,0.697,-0.061,0.633,0.78,-0.411,0.334,-0.368,0.671,-0.417,0.19,0.57,0.867,-0.548,0.609,-0.558,-0.247,0.864,0.007,0.762,-0.211,-0.495,0.852,0.379,-0.309,-0.296,0.658,0.732,0.491,0.836,0.208,0.413,-0.149,0.966,0.116,0.464,0.579,-0.028,0.561,0.555,0.605,0.263,0.76,0.433,0.75,0.787,0.851,0.721,0.815,-0.52,0.679,0.674,0.791,0.686,-0.265,0.697,-0.313,0.671,0.805,0.208,0.697,0.947,-0.578,-0.559,0.39,-0.011,0.979,0.717,0.544,0.69,0.675,0.743,0.822,0.528,-0.64,0.662,0.56,1.0,0.958,0.662,0.748,0.911,0.416,0.609,0.428,0.75,0.673,-0.466,0.201,0.687,0.316,-0.436,0.701,0.246,0.461,0.64,-0.525,0.356,0.394,0.775,0.091,0.722,-0.627,-0.684,-0.659,0.588,0.827
601881SS,0.816,0.514,0.713,0.946,-0.093,0.265,0.565,0.853,0.604,-0.039,0.598,0.734,0.717,0.451,0.374,-0.181,0.913,0.559,0.562,0.851,0.892,0.554,0.203,-0.645,0.413,-0.716,0.175,0.807,0.239,0.7,0.538,-0.588,-0.615,0.224,-0.405,0.265,-0.272,0.489,0.704,0.472,-0.593,0.388,-0.199,-0.679,-0.31,0.567,-0.506,-0.052,0.74,-0.748,0.107,0.908,0.694,-0.622,0.612,0.628,-0.232,0.295,-0.218,-0.402,-0.018,0.863,0.78,0.4,-0.566,-0.281,-0.685,0.473,-0.144,0.68,0.176,-0.516,0.433,-0.556,0.173,-0.367,0.669,0.43,-0.038,0.013,0.406,0.564,0.903,0.132,-0.679,0.786,0.74,0.838,0.917,-0.736,-0.66,0.687,0.08,0.832,0.752,0.848,0.334,0.567,0.916,-0.565,0.434,0.837,-0.188,-0.269,-0.424,0.738,0.194,0.215,0.86,0.625,-0.007,0.781,-0.047,0.69,0.835,-0.386,0.412,-0.361,0.741,-0.388,0.255,0.66,0.889,-0.589,0.609,-0.637,-0.292,0.893,0.152,0.796,-0.264,-0.607,0.881,0.397,-0.244,-0.427,0.62,0.801,0.555,0.896,0.27,0.263,-0.134,0.963,-0.022,0.572,0.53,0.053,0.64,0.64,0.508,0.103,0.837,0.304,0.844,0.786,0.857,0.826,0.764,-0.562,0.576,0.778,0.731,0.68,-0.276,0.613,-0.406,0.561,0.869,0.135,0.66,0.964,-0.573,-0.607,0.288,-0.078,0.95,0.672,0.457,0.666,0.645,0.839,0.881,0.595,-0.689,0.716,0.548,0.958,1.0,0.61,0.826,0.93,0.324,0.663,0.418,0.83,0.735,-0.44,0.25,0.775,0.365,-0.508,0.781,0.122,0.422,0.721,-0.586,0.36,0.467,0.836,-0.017,0.737,-0.68,-0.712,-0.669,0.636,0.828
601888SS,0.616,0.181,0.23,0.674,-0.203,0.269,0.691,0.595,0.31,-0.006,0.631,0.564,0.69,0.46,0.375,-0.129,0.65,0.084,0.532,0.38,0.646,0.182,0.38,-0.416,0.525,-0.505,0.242,0.465,-0.048,0.615,0.465,-0.477,-0.24,0.198,0.002,0.401,0.065,0.127,0.601,0.466,-0.284,0.704,-0.155,-0.386,0.206,0.273,0.08,0.093,0.451,-0.488,0.366,0.563,0.55,-0.162,0.309,0.471,0.164,0.203,0.272,0.005,-0.072,0.549,0.569,0.354,-0.08,0.054,-0.211,0.417,-0.262,0.391,0.266,-0.51,0.401,0.012,0.036,-0.199,0.153,0.712,0.385,0.42,0.336,0.449,0.525,0.159,-0.174,0.418,0.291,0.468,0.539,-0.235,-0.489,0.417,0.364,0.538,0.325,0.61,0.007,0.095,0.514,-0.527,0.606,0.509,0.085,-0.108,-0.391,0.369,0.42,0.334,0.588,0.598,0.068,0.599,-0.021,0.662,0.649,-0.284,0.251,-0.37,0.61,0.092,0.617,0.436,0.559,-0.504,0.225,-0.31,0.112,0.619,-0.034,0.607,0.035,-0.043,0.635,0.568,-0.095,0.013,0.734,0.639,0.24,0.494,0.709,0.368,0.148,0.616,0.259,0.146,0.497,0.074,0.251,0.502,0.488,0.32,0.427,0.339,0.457,0.713,0.635,0.507,0.643,-0.424,0.424,0.495,0.534,0.693,-0.297,0.611,-0.122,0.537,0.681,0.263,0.63,0.572,-0.457,-0.115,0.356,0.07,0.588,0.419,0.647,0.582,0.653,0.396,0.662,0.479,-0.344,0.52,0.774,0.662,0.61,1.0,0.603,0.587,0.179,0.675,0.473,0.625,0.489,-0.394,0.393,0.443,0.772,-0.294,0.482,0.451,0.674,0.291,-0.201,-0.12,0.568,0.57,0.098,0.266,-0.357,-0.554,-0.486,0.407,0.614
601899SS,0.698,0.197,0.798,0.787,-0.272,0.043,0.764,0.897,0.502,-0.343,0.421,0.645,0.608,0.303,0.472,-0.427,0.653,0.382,0.699,0.764,0.881,0.542,-0.013,-0.838,0.25,-0.774,0.317,0.944,-0.07,0.859,0.792,-0.685,-0.723,0.098,-0.244,0.403,-0.373,0.355,0.619,0.752,-0.666,0.452,-0.418,-0.831,-0.324,0.623,-0.524,0.02,0.911,-0.837,0.063,0.875,0.907,-0.803,0.789,0.755,-0.349,0.079,-0.282,-0.621,-0.245,0.672,0.906,0.33,-0.68,-0.2,-0.754,0.232,-0.159,0.863,0.157,-0.632,0.495,-0.614,0.471,-0.486,0.785,0.539,-0.229,-0.056,0.595,0.749,0.941,-0.116,-0.621,0.901,0.899,0.736,0.716,-0.806,-0.604,0.752,0.146,0.715,0.859,0.802,0.049,0.712,0.905,-0.716,0.611,0.751,-0.341,-0.572,-0.58,0.786,0.231,-0.087,0.799,0.817,-0.343,0.907,-0.246,0.846,0.918,-0.139,0.66,-0.159,0.888,-0.328,0.325,0.902,0.815,-0.787,0.361,-0.838,-0.417,0.81,0.4,0.814,-0.386,-0.73,0.932,0.496,-0.024,-0.622,0.501,0.946,0.756,0.876,0.494,0.154,-0.074,0.784,-0.299,0.758,0.254,0.165,0.623,0.892,0.306,-0.127,0.934,0.122,0.919,0.708,0.722,0.925,0.62,-0.73,0.227,0.876,0.633,0.594,-0.619,0.43,-0.665,0.227,0.936,-0.222,0.562,0.87,-0.681,-0.679,0.185,-0.19,0.754,0.542,0.251,0.701,0.724,0.891,0.938,0.848,-0.839,0.877,0.431,0.748,0.826,0.603,1.0,0.885,0.242,0.744,0.505,0.856,0.71,-0.533,0.315,0.939,0.527,-0.697,0.862,0.071,0.269,0.798,-0.775,0.087,0.728,0.976,-0.146,0.699,-0.843,-0.844,-0.648,0.826,0.814
601901SS,0.679,0.344,0.776,0.917,-0.325,0.22,0.637,0.847,0.495,-0.271,0.572,0.647,0.72,0.227,0.524,-0.334,0.826,0.495,0.74,0.784,0.865,0.605,-0.016,-0.783,0.442,-0.851,0.198,0.892,0.057,0.841,0.712,-0.761,-0.794,0.016,-0.34,0.388,-0.339,0.356,0.578,0.526,-0.773,0.355,-0.4,-0.861,-0.39,0.648,-0.596,-0.072,0.817,-0.894,0.121,0.889,0.764,-0.768,0.709,0.734,-0.253,0.189,-0.193,-0.59,-0.2,0.731,0.809,0.429,-0.697,-0.298,-0.833,0.276,-0.204,0.848,0.018,-0.624,0.526,-0.684,0.389,-0.457,0.778,0.5,-0.218,-0.12,0.334,0.754,0.915,0.06,-0.591,0.814,0.844,0.822,0.831,-0.756,-0.762,0.799,0.103,0.903,0.845,0.743,0.17,0.651,0.934,-0.746,0.457,0.895,-0.224,-0.34,-0.629,0.856,0.296,0.019,0.87,0.785,-0.16,0.826,-0.23,0.775,0.845,-0.288,0.573,-0.303,0.839,-0.499,0.179,0.809,0.861,-0.772,0.459,-0.806,-0.481,0.867,0.167,0.845,-0.369,-0.706,0.953,0.48,-0.166,-0.583,0.487,0.896,0.733,0.877,0.281,0.368,-0.096,0.92,-0.169,0.681,0.391,0.03,0.539,0.803,0.512,0.094,0.927,0.355,0.86,0.697,0.765,0.842,0.759,-0.717,0.478,0.765,0.759,0.612,-0.505,0.584,-0.623,0.442,0.852,-0.129,0.585,0.973,-0.717,-0.717,0.311,-0.124,0.919,0.747,0.359,0.783,0.789,0.85,0.92,0.696,-0.859,0.83,0.5,0.911,0.93,0.587,0.885,1.0,0.392,0.606,0.587,0.806,0.674,-0.548,0.157,0.851,0.395,-0.701,0.762,0.222,0.375,0.777,-0.776,0.214,0.594,0.917,-0.015,0.819,-0.855,-0.84,-0.751,0.757,0.886
601919SS,0.159,-0.004,0.109,0.225,-0.214,0.432,0.02,0.206,0.072,0.039,0.612,0.097,0.679,0.153,0.41,0.069,0.437,0.327,0.481,0.284,0.188,0.454,-0.216,-0.26,0.38,-0.579,-0.526,0.203,-0.107,0.272,0.177,-0.469,-0.535,-0.113,-0.404,0.511,0.4,-0.172,-0.036,0.123,-0.605,0.317,-0.634,-0.458,0.03,0.513,-0.103,0.113,0.268,-0.459,0.653,0.199,0.111,-0.155,-0.031,0.185,0.302,0.474,-0.213,-0.174,-0.419,0.19,0.096,0.704,-0.123,-0.336,-0.389,0.104,-0.226,0.375,-0.429,-0.217,0.61,-0.344,0.06,0.096,0.264,0.165,-0.167,0.176,-0.409,0.445,0.182,0.649,0.036,0.037,0.227,0.202,0.318,-0.266,-0.64,0.582,0.238,0.615,0.243,0.088,-0.232,0.122,0.233,-0.435,-0.177,0.613,0.46,0.433,-0.607,0.535,0.402,0.228,0.509,0.463,0.374,-0.006,-0.627,0.289,0.377,-0.198,0.44,-0.038,0.29,-0.337,-0.502,0.318,0.234,-0.311,0.004,-0.286,-0.222,0.375,-0.526,0.392,0.031,-0.141,0.446,0.28,-0.733,-0.028,0.052,0.318,0.19,0.206,-0.269,0.763,0.026,0.412,0.345,0.273,0.391,-0.214,0.028,0.191,0.654,0.639,0.327,0.81,0.197,0.276,0.208,0.128,0.585,-0.314,0.461,0.022,0.582,0.279,-0.418,0.482,-0.165,0.436,0.165,-0.171,0.528,0.382,-0.303,-0.25,0.765,0.286,0.477,0.731,0.346,0.68,0.505,0.107,0.164,0.332,-0.479,0.472,-0.106,0.416,0.324,0.179,0.242,0.392,1.0,0.03,0.162,0.101,-0.064,-0.374,-0.511,0.375,-0.077,-0.13,0.022,0.493,0.233,0.176,-0.458,0.009,0.153,0.361,0.61,0.495,-0.38,-0.423,-0.33,0.46,0.556
601939SS,0.784,0.192,0.425,0.658,-0.013,0.263,0.672,0.7,0.456,0.073,0.457,0.523,0.555,0.553,0.345,-0.015,0.609,0.142,0.423,0.562,0.737,0.209,0.406,-0.439,0.274,-0.436,0.401,0.605,0.074,0.547,0.516,-0.341,-0.236,0.503,-0.079,0.334,-0.015,0.267,0.691,0.568,-0.198,0.545,-0.089,-0.42,0.042,0.416,-0.059,0.251,0.633,-0.442,0.254,0.645,0.696,-0.327,0.451,0.53,-0.043,0.287,-0.138,-0.087,-0.097,0.684,0.679,0.259,-0.194,0.058,-0.25,0.431,-0.083,0.472,0.321,-0.412,0.417,-0.101,0.181,-0.143,0.365,0.526,0.286,0.312,0.612,0.37,0.71,-0.03,-0.414,0.699,0.534,0.55,0.588,-0.476,-0.362,0.493,0.358,0.412,0.502,0.757,0.02,0.347,0.636,-0.359,0.61,0.452,-0.122,-0.343,-0.23,0.417,0.178,0.247,0.611,0.462,-0.064,0.671,0.017,0.656,0.781,-0.286,0.297,-0.251,0.634,0.086,0.501,0.517,0.653,-0.469,0.316,-0.384,0.15,0.687,0.277,0.6,0.009,-0.298,0.615,0.547,-0.008,-0.104,0.775,0.644,0.285,0.666,0.566,0.07,-0.036,0.665,0.069,0.405,0.519,0.315,0.58,0.604,0.338,-0.0,0.603,0.051,0.716,0.794,0.702,0.782,0.544,-0.388,0.348,0.825,0.438,0.625,-0.192,0.514,-0.197,0.375,0.833,0.183,0.656,0.601,-0.34,-0.261,0.202,0.058,0.542,0.335,0.506,0.488,0.487,0.632,0.681,0.67,-0.437,0.627,0.517,0.609,0.663,0.675,0.744,0.606,0.03,1.0,0.24,0.876,0.689,-0.21,0.424,0.592,0.585,-0.292,0.661,0.084,0.48,0.469,-0.364,-0.018,0.629,0.681,-0.004,0.343,-0.381,-0.529,-0.487,0.503,0.576
601985SS,0.034,-0.305,0.338,0.527,-0.791,0.003,0.658,0.317,-0.226,-0.534,0.327,0.095,0.455,-0.054,0.768,-0.31,0.351,-0.162,0.778,0.135,0.324,0.321,-0.358,-0.571,0.507,-0.709,0.379,0.491,-0.494,0.794,0.757,-0.788,-0.516,-0.448,0.29,0.538,-0.143,-0.294,-0.002,0.368,-0.588,0.327,-0.483,-0.722,0.045,0.494,-0.141,0.184,0.412,-0.689,0.084,0.306,0.595,-0.429,0.415,0.678,0.058,-0.03,0.466,-0.473,-0.412,0.058,0.408,0.255,-0.4,0.196,-0.469,-0.242,-0.111,0.636,-0.055,-0.702,0.519,-0.301,0.543,-0.214,0.271,0.615,-0.141,-0.064,0.021,0.775,0.403,-0.008,0.067,0.324,0.409,0.371,0.208,-0.243,-0.566,0.653,0.42,0.527,0.372,0.118,-0.341,0.242,0.428,-0.833,0.545,0.463,0.001,-0.347,-0.703,0.568,0.76,-0.358,0.532,0.694,-0.207,0.454,-0.378,0.719,0.509,-0.118,0.533,-0.284,0.713,-0.255,0.229,0.604,0.254,-0.785,-0.283,-0.597,-0.433,0.432,-0.053,0.453,-0.237,-0.233,0.593,0.669,-0.04,-0.429,0.107,0.6,0.619,0.255,0.48,0.466,0.264,0.435,-0.066,0.391,0.119,0.193,-0.181,0.723,0.425,0.274,0.471,0.343,0.311,0.323,0.346,0.368,0.541,-0.631,0.164,0.222,0.575,0.532,-0.583,0.467,-0.566,0.104,0.41,-0.33,0.203,0.486,-0.68,-0.37,0.31,-0.015,0.391,0.512,0.199,0.705,0.786,0.31,0.52,0.53,-0.653,0.671,0.549,0.428,0.418,0.473,0.505,0.587,0.162,0.24,1.0,0.389,0.294,-0.455,-0.159,0.461,0.542,-0.798,0.261,0.582,0.519,0.185,-0.563,-0.452,0.605,0.547,0.152,0.373,-0.608,-0.57,-0.556,0.6,0.554
601988SS,0.801,0.288,0.672,0.821,-0.131,0.227,0.705,0.821,0.541,-0.057,0.485,0.623,0.609,0.491,0.45,-0.142,0.708,0.301,0.539,0.71,0.84,0.425,0.253,-0.602,0.268,-0.63,0.4,0.777,0.105,0.683,0.632,-0.536,-0.472,0.347,-0.195,0.324,-0.199,0.363,0.716,0.603,-0.418,0.455,-0.19,-0.637,-0.136,0.572,-0.312,0.148,0.796,-0.672,0.153,0.802,0.811,-0.585,0.654,0.679,-0.248,0.27,-0.202,-0.324,-0.116,0.739,0.804,0.31,-0.442,-0.073,-0.518,0.387,-0.058,0.659,0.201,-0.481,0.469,-0.404,0.3,-0.268,0.591,0.56,0.075,0.081,0.638,0.559,0.879,-0.032,-0.576,0.836,0.74,0.685,0.758,-0.668,-0.509,0.663,0.244,0.616,0.727,0.836,0.115,0.599,0.817,-0.507,0.618,0.608,-0.243,-0.442,-0.401,0.656,0.216,0.081,0.75,0.601,-0.152,0.784,-0.064,0.762,0.849,-0.3,0.412,-0.33,0.762,-0.156,0.399,0.666,0.795,-0.607,0.42,-0.602,-0.107,0.761,0.334,0.697,-0.166,-0.525,0.789,0.529,-0.023,-0.385,0.684,0.801,0.509,0.841,0.466,0.128,-0.104,0.796,-0.123,0.596,0.487,0.266,0.643,0.744,0.396,-0.038,0.799,0.079,0.884,0.816,0.803,0.907,0.662,-0.527,0.405,0.91,0.573,0.68,-0.304,0.555,-0.403,0.369,0.902,0.073,0.647,0.798,-0.522,-0.448,0.233,-0.012,0.715,0.525,0.457,0.611,0.593,0.806,0.829,0.725,-0.65,0.749,0.536,0.75,0.83,0.625,0.856,0.806,0.101,0.876,0.389,1.0,0.766,-0.307,0.355,0.742,0.512,-0.484,0.763,0.014,0.414,0.644,-0.572,0.085,0.646,0.821,-0.055,0.563,-0.611,-0.685,-0.635,0.63,0.715
601998SS,0.737,0.332,0.667,0.725,0.027,0.061,0.566,0.797,0.59,0.114,0.329,0.498,0.379,0.326,0.3,-0.192,0.643,0.206,0.334,0.637,0.8,0.225,0.218,-0.358,0.231,-0.424,0.495,0.61,0.13,0.569,0.436,-0.268,-0.322,0.291,0.031,0.253,-0.251,0.411,0.743,0.508,-0.196,0.409,0.036,-0.446,-0.26,0.588,-0.375,0.152,0.615,-0.413,-0.101,0.686,0.685,-0.512,0.535,0.667,-0.308,0.265,-0.149,-0.35,0.324,0.786,0.658,0.213,-0.456,0.151,-0.433,0.496,0.217,0.548,0.589,-0.177,0.358,-0.355,0.124,-0.158,0.502,0.391,0.033,0.156,0.587,0.39,0.785,-0.141,-0.595,0.753,0.618,0.644,0.681,-0.516,-0.343,0.494,0.241,0.478,0.63,0.739,0.243,0.634,0.769,-0.286,0.546,0.478,-0.338,-0.459,-0.12,0.579,0.091,0.064,0.584,0.435,-0.077,0.678,0.131,0.59,0.736,-0.202,0.28,-0.181,0.568,-0.159,0.332,0.448,0.739,-0.361,0.487,-0.429,-0.075,0.583,0.457,0.501,-0.284,-0.435,0.644,0.328,0.029,-0.365,0.616,0.619,0.481,0.745,0.353,-0.055,-0.216,0.688,-0.151,0.461,0.439,0.522,0.558,0.554,0.304,-0.169,0.64,-0.074,0.732,0.731,0.772,0.763,0.517,-0.19,0.424,0.766,0.427,0.643,-0.21,0.516,-0.256,0.243,0.829,0.206,0.568,0.704,-0.282,-0.329,-0.022,0.08,0.654,0.239,0.386,0.385,0.415,0.704,0.692,0.654,-0.479,0.575,0.527,0.673,0.735,0.489,0.71,0.674,-0.064,0.689,0.294,0.766,1.0,-0.029,0.426,0.65,0.266,-0.341,0.806,-0.126,0.18,0.488,-0.393,0.168,0.538,0.681,-0.069,0.383,-0.437,-0.391,-0.281,0.494,0.54
603019SS,-0.281,-0.188,-0.278,-0.415,0.316,0.172,-0.294,-0.459,-0.184,0.619,-0.225,-0.398,-0.474,-0.056,-0.217,0.629,-0.332,-0.499,-0.489,-0.503,-0.476,-0.447,0.15,0.818,-0.352,0.658,0.214,-0.583,0.018,-0.611,-0.458,0.702,0.707,0.394,0.472,-0.099,0.399,-0.215,-0.204,-0.28,0.77,-0.082,0.4,0.627,0.324,-0.094,0.439,0.462,-0.419,0.699,0.015,-0.527,-0.417,0.487,-0.393,-0.123,0.256,0.335,0.13,0.519,0.601,-0.154,-0.47,-0.204,0.544,0.643,0.63,0.054,0.808,-0.533,0.277,0.77,-0.085,0.475,-0.343,0.74,-0.434,-0.149,0.366,0.196,-0.087,-0.457,-0.466,-0.154,0.302,-0.401,-0.462,-0.373,-0.428,0.468,0.581,-0.406,0.165,-0.514,-0.423,-0.352,-0.092,-0.091,-0.418,0.669,-0.037,-0.552,-0.022,0.263,0.509,-0.391,-0.258,-0.037,-0.573,-0.557,0.282,-0.531,0.303,-0.501,-0.471,0.272,-0.355,0.158,-0.615,0.586,-0.031,-0.612,-0.485,0.673,-0.161,0.698,0.54,-0.568,0.043,-0.464,0.519,0.494,-0.617,-0.19,0.218,0.343,-0.206,-0.57,-0.446,-0.457,-0.169,-0.31,0.183,-0.455,0.085,-0.473,0.183,0.576,-0.275,-0.523,-0.052,-0.183,-0.558,-0.277,-0.394,-0.203,-0.191,-0.388,-0.335,0.853,0.067,-0.3,-0.639,-0.197,0.541,-0.122,0.586,-0.164,-0.415,0.399,-0.098,-0.546,0.789,0.721,-0.276,0.57,-0.491,-0.545,0.076,-0.527,-0.488,-0.446,-0.589,-0.312,0.629,-0.476,-0.129,-0.466,-0.44,-0.394,-0.533,-0.548,-0.374,-0.21,-0.455,-0.307,-0.029,1.0,0.077,-0.516,-0.322,0.606,-0.401,-0.291,-0.197,-0.587,0.594,-0.082,-0.238,-0.557,0.163,-0.549,0.674,0.752,0.697,-0.536,-0.57
603195SS,0.448,0.404,0.337,0.291,0.332,-0.162,0.296,0.413,0.502,0.059,-0.089,0.561,-0.149,0.163,-0.397,-0.216,0.146,0.157,-0.115,0.287,0.431,-0.098,0.478,-0.152,-0.171,0.191,0.462,0.305,0.246,0.121,0.082,0.206,0.105,0.438,-0.01,-0.244,-0.432,0.6,0.595,0.35,0.236,0.228,0.404,0.106,-0.178,-0.24,-0.141,-0.202,0.262,0.031,-0.332,0.452,0.237,-0.207,0.404,0.134,-0.347,-0.243,-0.057,-0.009,0.404,0.452,0.421,-0.269,-0.168,0.029,-0.049,0.296,0.084,0.042,0.527,-0.021,-0.282,0.026,-0.074,-0.347,0.211,0.205,0.173,-0.071,0.708,-0.074,0.371,-0.504,-0.462,0.459,0.235,0.321,0.284,-0.216,0.298,-0.255,-0.292,-0.053,0.263,0.549,0.446,0.255,0.355,0.143,0.387,0.006,-0.547,-0.455,0.307,-0.092,-0.463,0.098,0.009,0.045,-0.291,0.54,0.608,0.102,0.137,0.145,-0.077,0.107,0.083,0.283,0.714,0.117,0.364,0.018,0.492,-0.049,0.117,0.163,0.655,0.29,-0.08,-0.191,0.156,-0.132,0.601,-0.177,0.415,0.268,0.114,0.406,0.508,-0.553,-0.047,0.141,-0.345,0.019,-0.037,0.085,0.48,0.151,-0.302,-0.564,0.187,-0.5,0.358,0.248,0.314,0.38,-0.134,0.017,-0.075,0.509,-0.17,0.051,0.104,-0.117,-0.037,0.007,0.423,0.333,0.07,0.199,0.026,-0.015,-0.522,-0.237,0.154,-0.359,0.103,-0.276,-0.067,0.426,0.4,0.064,0.126,-0.078,0.337,0.201,0.25,0.393,0.315,0.157,-0.511,0.424,-0.159,0.355,0.426,0.077,1.0,0.171,0.38,0.025,0.522,-0.395,-0.06,0.357,0.15,0.339,0.176,0.203,-0.636,-0.02,-0.047,-0.091,0.032,-0.105,0.013
603259SS,0.58,0.147,0.83,0.715,-0.319,-0.002,0.639,0.862,0.463,-0.364,0.343,0.526,0.588,0.2,0.469,-0.439,0.586,0.429,0.68,0.749,0.812,0.623,-0.142,-0.836,0.161,-0.801,0.234,0.919,-0.081,0.828,0.742,-0.707,-0.814,-0.001,-0.313,0.41,-0.365,0.315,0.501,0.706,-0.74,0.355,-0.51,-0.868,-0.408,0.705,-0.617,0.019,0.89,-0.844,0.035,0.82,0.845,-0.858,0.791,0.747,-0.382,0.084,-0.367,-0.723,-0.293,0.6,0.873,0.349,-0.765,-0.263,-0.837,0.197,-0.095,0.919,0.076,-0.572,0.526,-0.75,0.546,-0.452,0.862,0.444,-0.396,-0.099,0.5,0.786,0.907,-0.091,-0.597,0.868,0.931,0.715,0.667,-0.821,-0.592,0.78,0.095,0.726,0.892,0.679,0.009,0.791,0.879,-0.713,0.475,0.749,-0.352,-0.527,-0.615,0.837,0.22,-0.139,0.769,0.832,-0.334,0.811,-0.346,0.777,0.876,-0.008,0.722,-0.051,0.827,-0.398,0.128,0.897,0.765,-0.759,0.327,-0.879,-0.538,0.741,0.406,0.759,-0.441,-0.792,0.919,0.394,-0.101,-0.711,0.301,0.913,0.831,0.845,0.301,0.189,-0.109,0.732,-0.357,0.795,0.189,0.171,0.581,0.86,0.312,-0.127,0.942,0.149,0.892,0.58,0.63,0.882,0.561,-0.713,0.218,0.79,0.631,0.486,-0.665,0.377,-0.74,0.119,0.848,-0.355,0.543,0.85,-0.676,-0.732,0.205,-0.156,0.731,0.549,0.149,0.702,0.71,0.873,0.845,0.849,-0.892,0.879,0.254,0.687,0.775,0.443,0.939,0.851,0.375,0.592,0.461,0.742,0.65,-0.516,0.171,1.0,0.354,-0.688,0.835,0.035,0.123,0.796,-0.851,0.114,0.663,0.958,-0.089,0.76,-0.884,-0.824,-0.595,0.829,0.8
603260SS,0.262,-0.198,0.19,0.469,-0.421,0.178,0.811,0.314,-0.063,-0.302,0.343,0.313,0.452,0.252,0.43,-0.061,0.295,-0.182,0.579,0.09,0.349,0.068,0.163,-0.467,0.311,-0.363,0.479,0.456,-0.321,0.599,0.662,-0.451,-0.112,0.168,0.195,0.389,-0.049,-0.085,0.229,0.488,-0.18,0.568,-0.242,-0.385,0.35,0.139,0.225,0.225,0.473,-0.417,0.222,0.387,0.604,-0.186,0.385,0.508,0.161,-0.035,0.357,0.027,-0.324,0.202,0.563,0.129,-0.066,0.211,-0.118,0.023,-0.14,0.361,0.076,-0.649,0.321,0.108,0.341,-0.187,0.136,0.761,0.34,0.179,0.403,0.511,0.37,-0.137,0.007,0.364,0.287,0.339,0.163,-0.223,-0.279,0.31,0.33,0.256,0.295,0.362,-0.298,0.072,0.348,-0.512,0.773,0.292,-0.077,-0.384,-0.41,0.214,0.428,-0.008,0.332,0.556,-0.188,0.574,-0.067,0.656,0.484,-0.062,0.387,-0.222,0.597,0.301,0.793,0.527,0.235,-0.601,-0.151,-0.34,0.037,0.485,0.107,0.55,0.131,-0.058,0.441,0.65,0.17,-0.169,0.43,0.591,0.285,0.274,0.901,0.133,0.468,0.348,-0.001,0.227,0.241,0.171,0.066,0.613,0.22,0.057,0.351,0.12,0.339,0.403,0.322,0.438,0.343,-0.523,0.024,0.42,0.238,0.423,-0.3,0.295,-0.319,0.19,0.486,-0.023,0.302,0.317,-0.358,-0.069,0.149,-0.067,0.23,0.206,0.369,0.459,0.574,0.312,0.544,0.43,-0.315,0.474,0.669,0.316,0.365,0.772,0.527,0.395,-0.077,0.585,0.542,0.512,0.266,-0.322,0.38,0.354,1.0,-0.483,0.28,0.398,0.682,0.249,-0.228,-0.371,0.628,0.462,-0.138,0.137,-0.338,-0.476,-0.408,0.339,0.39
603288SS,-0.103,0.171,-0.619,-0.554,0.697,0.153,-0.662,-0.461,0.081,0.767,-0.169,-0.258,-0.356,0.148,-0.582,0.51,-0.286,-0.116,-0.81,-0.349,-0.451,-0.371,0.501,0.839,-0.29,0.756,-0.38,-0.779,0.365,-0.875,-0.88,0.804,0.748,0.392,0.006,-0.402,0.5,0.021,-0.043,-0.479,0.745,-0.173,0.556,0.882,0.298,-0.467,0.484,0.052,-0.664,0.812,0.158,-0.553,-0.732,0.765,-0.667,-0.69,0.281,0.242,-0.025,0.732,0.49,-0.121,-0.643,-0.178,0.75,0.132,0.757,0.306,0.206,-0.82,0.158,0.809,-0.399,0.595,-0.689,0.549,-0.639,-0.487,0.45,0.379,-0.229,-0.83,-0.619,0.193,0.278,-0.601,-0.711,-0.498,-0.313,0.619,0.596,-0.64,-0.065,-0.535,-0.68,-0.278,0.204,-0.514,-0.604,0.84,-0.493,-0.587,0.272,0.637,0.693,-0.672,-0.438,0.473,-0.53,-0.762,0.469,-0.709,0.391,-0.746,-0.578,0.059,-0.684,0.098,-0.817,0.44,-0.218,-0.844,-0.417,0.923,0.105,0.864,0.711,-0.566,-0.235,-0.614,0.47,0.658,-0.7,-0.509,-0.089,0.768,-0.037,-0.761,-0.798,-0.491,-0.414,-0.186,-0.149,-0.473,0.438,-0.701,0.125,-0.055,-0.095,-0.881,-0.139,0.086,-0.727,-0.141,-0.538,-0.209,-0.279,-0.588,-0.36,0.836,0.077,-0.465,-0.48,-0.309,0.695,-0.196,0.872,0.069,-0.532,0.539,-0.07,-0.604,0.728,0.689,-0.069,0.342,-0.432,-0.485,0.043,-0.641,-0.7,-0.597,-0.705,-0.582,0.845,-0.724,-0.324,-0.436,-0.508,-0.294,-0.697,-0.701,-0.13,-0.292,-0.798,-0.484,-0.341,0.606,0.025,-0.688,-0.483,1.0,-0.471,-0.307,-0.28,-0.591,0.824,0.208,-0.642,-0.722,0.209,-0.566,0.852,0.747,0.622,-0.671,-0.587
603369SS,0.764,0.464,0.8,0.723,0.018,-0.181,0.544,0.95,0.731,-0.19,0.211,0.686,0.357,0.269,0.137,-0.541,0.592,0.504,0.36,0.837,0.933,0.44,0.165,-0.694,0.101,-0.547,0.346,0.825,0.211,0.681,0.509,-0.427,-0.591,0.132,-0.287,0.127,-0.53,0.631,0.801,0.642,-0.468,0.305,-0.103,-0.597,-0.514,0.459,-0.65,-0.16,0.752,-0.625,-0.232,0.873,0.745,-0.755,0.759,0.578,-0.56,-0.021,-0.379,-0.615,0.08,0.769,0.819,0.13,-0.721,-0.23,-0.686,0.412,-0.103,0.722,0.436,-0.388,0.225,-0.61,0.276,-0.549,0.738,0.309,-0.261,-0.061,0.69,0.482,0.917,-0.261,-0.804,0.895,0.815,0.698,0.772,-0.746,-0.372,0.489,-0.086,0.548,0.789,0.846,0.38,0.711,0.872,-0.44,0.443,0.58,-0.51,-0.612,-0.229,0.628,-0.071,-0.005,0.662,0.573,-0.356,0.856,0.091,0.612,0.77,-0.135,0.405,-0.069,0.666,-0.358,0.312,0.661,0.873,-0.509,0.619,-0.69,-0.337,0.662,0.582,0.629,-0.562,-0.725,0.807,0.164,0.076,-0.572,0.502,0.769,0.661,0.899,0.341,-0.143,-0.338,0.698,-0.395,0.591,0.12,0.139,0.742,0.664,0.086,-0.325,0.814,-0.15,0.869,0.649,0.718,0.855,0.422,-0.5,0.189,0.852,0.512,0.493,-0.42,0.285,-0.525,0.134,0.905,-0.051,0.466,0.816,-0.556,-0.64,-0.096,-0.262,0.727,0.284,0.137,0.385,0.433,0.886,0.855,0.675,-0.625,0.622,0.351,0.701,0.781,0.482,0.862,0.762,0.022,0.661,0.261,0.763,0.806,-0.401,0.522,0.835,0.28,-0.471,1.0,-0.232,-0.007,0.776,-0.574,0.343,0.519,0.832,-0.314,0.575,-0.688,-0.652,-0.483,0.617,0.656
603501SS,-0.106,-0.342,-0.25,0.182,-0.536,0.358,0.318,-0.089,-0.453,-0.12,0.634,-0.045,0.541,0.16,0.581,0.107,0.29,-0.261,0.641,-0.193,-0.029,-0.028,-0.223,-0.113,0.703,-0.456,-0.072,0.002,-0.457,0.389,0.349,-0.437,-0.162,-0.223,0.266,0.68,0.483,-0.556,-0.232,0.049,-0.3,0.537,-0.415,-0.315,0.471,0.263,0.37,0.315,-0.017,-0.292,0.605,-0.069,0.121,0.194,-0.241,0.28,0.686,0.349,0.488,0.107,-0.368,-0.101,-0.058,0.556,0.193,0.2,0.007,-0.104,-0.233,0.201,-0.209,-0.427,0.603,0.226,0.02,0.171,-0.238,0.556,0.267,0.406,-0.474,0.438,-0.077,0.518,0.445,-0.233,-0.148,-0.026,-0.021,0.118,-0.569,0.383,0.553,0.347,-0.132,-0.165,-0.455,-0.348,-0.042,-0.558,0.222,0.382,0.617,0.312,-0.563,0.256,0.76,0.123,0.286,0.4,0.412,-0.016,-0.458,0.395,0.217,-0.336,0.283,-0.26,0.345,0.037,0.037,0.171,-0.077,-0.454,-0.446,-0.065,0.021,0.284,-0.665,0.303,0.214,0.299,0.241,0.67,-0.394,0.211,0.19,0.201,-0.014,-0.175,0.273,0.733,0.478,0.21,0.548,-0.055,0.359,-0.009,-0.478,0.224,0.6,0.771,-0.003,0.806,-0.164,0.213,0.102,-0.111,0.506,-0.285,0.311,-0.216,0.398,0.437,-0.304,0.541,-0.024,0.465,0.057,0.026,0.265,0.12,-0.226,0.121,0.615,0.306,0.179,0.533,0.469,0.623,0.574,-0.224,0.105,0.177,-0.241,0.331,0.439,0.246,0.122,0.451,0.071,0.222,0.493,0.084,0.582,0.014,-0.126,-0.291,-0.395,0.035,0.398,-0.307,-0.232,1.0,0.735,-0.231,-0.152,-0.525,0.395,0.147,0.599,0.042,-0.127,-0.279,-0.287,0.243,0.353
603659SS,0.257,-0.097,-0.094,0.499,-0.383,0.494,0.559,0.117,-0.188,0.049,0.682,0.196,0.671,0.479,0.531,0.327,0.528,-0.179,0.577,0.032,0.215,-0.019,0.2,-0.159,0.687,-0.406,0.194,0.175,-0.162,0.404,0.415,-0.402,-0.022,0.242,0.165,0.509,0.369,-0.282,0.125,0.132,-0.139,0.58,-0.184,-0.275,0.535,0.238,0.41,0.382,0.188,-0.304,0.522,0.221,0.326,0.158,-0.043,0.367,0.572,0.406,0.436,0.306,-0.244,0.231,0.24,0.466,0.204,0.23,0.049,0.19,-0.153,0.164,-0.028,-0.507,0.505,0.278,0.008,0.144,-0.154,0.693,0.559,0.452,-0.074,0.366,0.183,0.414,0.187,0.057,-0.007,0.248,0.254,-0.039,-0.503,0.373,0.526,0.369,0.016,0.217,-0.279,-0.231,0.189,-0.441,0.484,0.401,0.434,0.128,-0.385,0.223,0.65,0.314,0.418,0.359,0.38,0.235,-0.154,0.527,0.428,-0.438,0.176,-0.48,0.465,0.206,0.429,0.228,0.173,-0.445,-0.16,-0.069,0.24,0.523,-0.438,0.457,0.392,0.227,0.331,0.744,-0.285,0.213,0.535,0.351,-0.045,0.117,0.517,0.521,0.455,0.469,0.537,-0.01,0.615,0.129,-0.156,0.334,0.603,0.605,0.153,0.575,0.111,0.496,0.396,0.199,0.606,-0.317,0.427,0.165,0.42,0.615,-0.042,0.638,0.045,0.615,0.32,0.303,0.463,0.309,-0.201,0.105,0.527,0.262,0.346,0.506,0.681,0.595,0.56,0.055,0.331,0.222,-0.212,0.381,0.685,0.461,0.422,0.674,0.269,0.375,0.233,0.48,0.519,0.414,0.18,-0.197,-0.06,0.123,0.682,-0.28,-0.007,0.735,1.0,-0.055,-0.095,-0.362,0.452,0.274,0.382,0.077,-0.106,-0.32,-0.424,0.201,0.433
603799SS,0.598,0.466,0.797,0.67,-0.063,-0.026,0.398,0.77,0.604,-0.406,0.151,0.644,0.379,0.044,0.079,-0.495,0.507,0.689,0.423,0.816,0.763,0.549,0.011,-0.829,0.025,-0.577,0.111,0.895,0.246,0.615,0.527,-0.529,-0.749,0.063,-0.606,-0.02,-0.672,0.649,0.542,0.451,-0.676,0.016,-0.243,-0.679,-0.658,0.31,-0.777,-0.41,0.783,-0.726,-0.213,0.897,0.622,-0.854,0.792,0.432,-0.584,-0.197,-0.517,-0.645,-0.226,0.608,0.822,0.101,-0.819,-0.615,-0.846,0.191,-0.326,0.709,-0.067,-0.528,0.091,-0.772,0.419,-0.732,0.902,0.147,-0.439,-0.433,0.537,0.493,0.856,-0.232,-0.784,0.867,0.878,0.748,0.697,-0.841,-0.435,0.465,-0.37,0.616,0.875,0.731,0.368,0.695,0.835,-0.466,0.231,0.685,-0.52,-0.526,-0.348,0.597,-0.197,-0.03,0.612,0.576,-0.455,0.841,-0.066,0.504,0.626,-0.055,0.449,-0.004,0.63,-0.527,0.181,0.764,0.799,-0.596,0.608,-0.813,-0.598,0.708,0.485,0.708,-0.518,-0.901,0.755,0.047,0.091,-0.713,0.285,0.771,0.686,0.879,0.157,-0.072,-0.292,0.672,-0.504,0.732,-0.019,-0.229,0.755,0.668,0.007,-0.351,0.887,-0.06,0.843,0.359,0.455,0.817,0.289,-0.699,0.085,0.793,0.45,0.14,-0.407,0.09,-0.713,0.105,0.706,-0.289,0.26,0.792,-0.603,-0.839,-0.062,-0.516,0.686,0.404,-0.045,0.398,0.422,0.906,0.821,0.481,-0.72,0.562,0.125,0.64,0.721,0.291,0.798,0.777,0.176,0.469,0.185,0.644,0.488,-0.587,0.357,0.796,0.249,-0.591,0.776,-0.231,-0.055,1.0,-0.72,0.496,0.341,0.782,-0.479,0.777,-0.811,-0.763,-0.622,0.562,0.61
603806SS,-0.285,0.06,-0.71,-0.555,0.553,0.032,-0.524,-0.623,-0.204,0.596,-0.261,-0.263,-0.509,0.088,-0.565,0.448,-0.386,-0.334,-0.748,-0.553,-0.574,-0.594,0.415,0.846,-0.219,0.839,-0.096,-0.836,0.189,-0.792,-0.779,0.823,0.919,0.249,0.296,-0.43,0.369,-0.084,-0.184,-0.513,0.874,-0.133,0.667,0.949,0.452,-0.672,0.64,0.049,-0.784,0.881,-0.033,-0.643,-0.71,0.86,-0.697,-0.654,0.328,0.032,0.329,0.795,0.557,-0.284,-0.703,-0.363,0.805,0.345,0.887,0.095,0.215,-0.909,0.282,0.642,-0.515,0.807,-0.693,0.466,-0.823,-0.355,0.584,0.316,-0.219,-0.824,-0.732,0.043,0.413,-0.704,-0.86,-0.56,-0.476,0.745,0.687,-0.8,-0.037,-0.679,-0.819,-0.398,0.182,-0.703,-0.707,0.784,-0.296,-0.716,0.244,0.465,0.734,-0.824,-0.312,0.304,-0.665,-0.773,0.369,-0.649,0.527,-0.698,-0.696,0.064,-0.726,0.044,-0.793,0.577,0.123,-0.876,-0.594,0.849,-0.082,0.927,0.697,-0.612,-0.228,-0.645,0.482,0.805,-0.803,-0.403,0.145,0.76,-0.056,-0.806,-0.819,-0.66,-0.108,-0.321,0.109,-0.587,0.42,-0.808,-0.007,-0.02,-0.33,-0.856,-0.267,0.044,-0.877,-0.235,-0.718,-0.32,-0.352,-0.713,-0.472,0.803,-0.085,-0.6,-0.597,-0.292,0.748,-0.279,0.866,0.01,-0.606,0.614,-0.313,-0.715,0.747,0.788,-0.248,0.23,-0.576,-0.637,0.005,-0.74,-0.694,-0.712,-0.699,-0.726,0.97,-0.838,-0.046,-0.525,-0.586,-0.201,-0.775,-0.776,-0.458,-0.364,-0.563,-0.572,-0.393,0.594,0.15,-0.851,-0.228,0.824,-0.574,-0.152,-0.095,-0.72,1.0,0.048,-0.582,-0.83,0.029,-0.745,0.938,0.831,0.658,-0.804,-0.728
603833SS,0.447,0.856,0.316,0.264,0.641,-0.008,-0.362,0.303,0.638,0.23,-0.088,0.533,-0.051,0.083,-0.559,-0.114,0.347,0.798,-0.35,0.592,0.336,0.266,0.36,-0.083,-0.229,0.109,-0.241,0.204,0.668,-0.177,-0.353,0.205,-0.143,0.221,-0.665,-0.588,-0.451,0.844,0.424,-0.159,-0.068,-0.322,0.364,0.118,-0.565,-0.223,-0.528,-0.59,0.078,-0.004,-0.325,0.445,-0.159,-0.23,0.178,-0.251,-0.46,-0.12,-0.462,-0.108,0.397,0.526,0.154,-0.192,-0.3,-0.616,-0.291,0.354,-0.13,-0.076,0.128,0.143,-0.443,-0.369,-0.283,-0.383,0.375,-0.481,-0.202,-0.366,0.223,-0.308,0.302,-0.057,-0.648,0.313,0.234,0.439,0.512,-0.329,0.099,-0.169,-0.658,0.198,0.269,0.447,0.855,0.225,0.365,0.292,-0.386,0.231,-0.338,0.041,0.358,-0.022,-0.665,0.333,0.159,-0.189,-0.047,0.216,0.429,-0.275,-0.008,-0.051,-0.234,0.08,-0.169,-0.335,-0.073,-0.035,0.432,0.273,0.843,-0.049,-0.203,0.216,0.245,0.151,-0.24,-0.4,0.118,-0.59,0.012,-0.134,0.151,0.007,0.027,0.463,-0.391,-0.308,-0.475,0.322,-0.127,0.144,-0.007,-0.427,0.678,-0.21,-0.161,-0.29,0.225,-0.189,0.289,0.082,0.226,0.214,-0.058,0.061,0.205,0.279,0.075,-0.177,0.315,-0.151,0.058,0.207,0.15,0.314,0.037,0.341,0.021,-0.383,-0.236,-0.353,0.418,-0.006,-0.097,-0.272,-0.257,0.418,0.202,-0.248,0.051,-0.199,-0.157,0.356,0.36,-0.12,0.087,0.214,0.009,-0.018,-0.452,0.085,0.168,-0.082,0.339,0.114,-0.371,0.208,0.343,-0.525,-0.362,0.496,0.048,1.0,-0.446,0.075,-0.428,0.371,-0.066,-0.013,-0.03,-0.108,0.028
603986SS,0.307,-0.303,0.473,0.477,-0.502,0.044,0.832,0.543,0.032,-0.339,0.455,0.273,0.464,0.249,0.645,-0.263,0.357,-0.184,0.8,0.227,0.527,0.155,-0.214,-0.546,0.375,-0.639,0.495,0.638,-0.435,0.799,0.847,-0.56,-0.434,0.03,0.308,0.785,-0.018,-0.162,0.282,0.74,-0.396,0.688,-0.504,-0.69,0.126,0.645,-0.06,0.405,0.692,-0.588,0.258,0.464,0.821,-0.482,0.481,0.822,0.013,0.216,0.019,-0.373,-0.277,0.296,0.644,0.48,-0.348,0.294,-0.395,0.032,0.071,0.747,0.18,-0.516,0.729,-0.205,0.411,-0.121,0.39,0.834,0.016,0.24,0.41,0.801,0.585,-0.023,-0.146,0.52,0.552,0.307,0.273,-0.493,-0.53,0.628,0.485,0.402,0.535,0.403,-0.431,0.455,0.51,-0.667,0.758,0.495,-0.064,-0.519,-0.64,0.68,0.506,-0.253,0.504,0.772,-0.16,0.632,-0.381,0.847,0.733,-0.122,0.71,-0.088,0.79,0.066,0.364,0.704,0.401,-0.757,-0.165,-0.57,-0.175,0.5,0.206,0.611,-0.187,-0.317,0.668,0.791,0.062,-0.416,0.356,0.764,0.524,0.422,0.665,0.197,0.284,0.423,-0.159,0.504,0.236,0.468,0.086,0.817,0.325,0.048,0.578,0.212,0.532,0.55,0.45,0.615,0.495,-0.501,0.061,0.566,0.357,0.61,-0.657,0.454,-0.52,0.068,0.692,-0.225,0.451,0.479,-0.426,-0.222,0.213,0.119,0.353,0.392,0.341,0.678,0.673,0.447,0.644,0.798,-0.636,0.764,0.515,0.394,0.467,0.568,0.728,0.594,0.153,0.629,0.605,0.646,0.538,-0.238,0.176,0.663,0.628,-0.642,0.519,0.395,0.452,0.341,-0.582,-0.446,1.0,0.726,0.132,0.239,-0.589,-0.631,-0.416,0.669,0.596
603993SS,0.655,0.177,0.807,0.8,-0.341,0.083,0.72,0.883,0.461,-0.341,0.459,0.605,0.66,0.279,0.54,-0.42,0.684,0.407,0.75,0.766,0.862,0.59,-0.092,-0.847,0.283,-0.848,0.26,0.93,-0.1,0.885,0.798,-0.752,-0.792,0.008,-0.268,0.465,-0.328,0.298,0.55,0.701,-0.746,0.448,-0.514,-0.888,-0.326,0.701,-0.543,0.035,0.904,-0.884,0.113,0.859,0.881,-0.815,0.764,0.779,-0.32,0.124,-0.278,-0.662,-0.28,0.655,0.868,0.408,-0.709,-0.221,-0.811,0.192,-0.15,0.909,0.099,-0.639,0.573,-0.677,0.489,-0.448,0.81,0.53,-0.281,-0.066,0.471,0.811,0.93,-0.017,-0.585,0.866,0.907,0.73,0.725,-0.813,-0.672,0.821,0.173,0.779,0.876,0.742,0.015,0.723,0.907,-0.77,0.543,0.798,-0.258,-0.505,-0.666,0.866,0.309,-0.11,0.84,0.865,-0.3,0.856,-0.34,0.859,0.931,-0.147,0.717,-0.137,0.895,-0.39,0.216,0.913,0.804,-0.813,0.329,-0.863,-0.471,0.803,0.315,0.815,-0.405,-0.736,0.961,0.51,-0.121,-0.646,0.44,0.951,0.793,0.863,0.402,0.255,-0.065,0.809,-0.26,0.789,0.279,0.153,0.566,0.894,0.401,-0.019,0.948,0.226,0.901,0.692,0.716,0.903,0.675,-0.753,0.294,0.819,0.709,0.604,-0.659,0.492,-0.693,0.247,0.907,-0.259,0.595,0.898,-0.719,-0.71,0.286,-0.122,0.793,0.638,0.28,0.779,0.779,0.868,0.915,0.863,-0.893,0.914,0.397,0.775,0.836,0.57,0.976,0.917,0.361,0.681,0.547,0.821,0.681,-0.557,0.203,0.958,0.462,-0.722,0.832,0.147,0.274,0.782,-0.83,0.075,0.726,1.0,-0.05,0.757,-0.887,-0.867,-0.659,0.857,0.85
688008SS,-0.045,-0.309,-0.336,-0.056,-0.191,0.448,-0.039,-0.142,-0.242,0.388,0.543,-0.302,0.448,0.285,0.532,0.431,0.222,-0.283,0.226,-0.186,-0.137,0.022,-0.135,0.329,0.438,-0.253,-0.304,-0.314,-0.264,-0.036,-0.071,-0.121,0.058,-0.018,0.202,0.596,0.838,-0.595,-0.181,-0.091,-0.041,0.372,-0.328,-0.038,0.484,0.489,0.422,0.58,-0.172,0.002,0.747,-0.313,-0.098,0.386,-0.482,0.124,0.651,0.753,0.155,0.276,-0.099,-0.031,-0.324,0.623,0.436,0.32,0.235,0.124,0.139,-0.014,-0.122,0.177,0.653,0.226,-0.234,0.672,-0.351,0.219,0.331,0.614,-0.553,0.143,-0.217,0.704,0.46,-0.399,-0.287,-0.259,-0.03,0.265,-0.38,0.38,0.695,0.222,-0.293,-0.235,-0.453,-0.242,-0.207,-0.142,-0.084,0.131,0.721,0.633,-0.328,0.245,0.616,0.199,0.191,0.088,0.665,-0.436,-0.52,0.107,0.134,-0.294,0.088,-0.232,-0.001,0.038,-0.457,-0.189,-0.155,0.034,-0.344,0.233,0.34,-0.007,-0.72,-0.085,0.364,0.451,0.018,0.431,-0.7,0.457,0.09,-0.122,-0.235,-0.265,-0.201,0.747,0.144,0.092,0.686,-0.183,0.573,0.27,-0.396,-0.136,0.71,0.815,-0.181,0.728,-0.202,0.29,0.149,-0.232,0.52,0.206,0.502,-0.306,0.305,0.448,-0.081,0.606,0.352,0.398,-0.083,0.141,0.463,-0.04,0.087,0.336,0.751,0.721,0.083,0.453,0.49,0.459,0.26,-0.393,-0.254,0.183,-0.041,0.22,0.075,0.091,-0.017,0.098,-0.146,-0.015,0.61,-0.004,0.152,-0.055,-0.069,0.163,-0.636,-0.089,-0.138,0.209,-0.314,0.599,0.382,-0.479,0.029,-0.428,0.132,-0.05,1.0,-0.075,0.175,0.077,-0.0,0.175,0.201
688009SS,0.495,0.349,0.756,0.701,-0.214,0.274,0.306,0.645,0.416,-0.236,0.362,0.549,0.578,0.065,0.388,-0.264,0.635,0.65,0.554,0.768,0.635,0.794,-0.133,-0.72,0.134,-0.725,-0.018,0.753,0.055,0.606,0.493,-0.644,-0.803,-0.107,-0.555,0.131,-0.351,0.369,0.311,0.339,-0.816,0.033,-0.457,-0.758,-0.486,0.512,-0.664,-0.199,0.676,-0.805,0.094,0.725,0.52,-0.764,0.637,0.497,-0.352,0.095,-0.307,-0.633,-0.288,0.561,0.614,0.229,-0.692,-0.506,-0.851,0.047,-0.191,0.713,-0.234,-0.493,0.346,-0.808,0.447,-0.427,0.82,0.135,-0.469,-0.417,0.148,0.608,0.744,0.004,-0.557,0.709,0.822,0.774,0.706,-0.73,-0.565,0.713,-0.064,0.838,0.807,0.552,0.234,0.645,0.819,-0.611,0.135,0.785,-0.267,-0.17,-0.575,0.725,0.113,-0.091,0.769,0.647,-0.279,0.603,-0.296,0.49,0.618,-0.08,0.526,-0.077,0.593,-0.567,-0.084,0.734,0.665,-0.574,0.425,-0.752,-0.638,0.679,0.13,0.703,-0.317,-0.75,0.779,0.152,-0.253,-0.624,0.166,0.698,0.741,0.762,-0.052,0.346,-0.1,0.747,-0.239,0.71,0.228,-0.176,0.58,0.619,0.432,0.024,0.844,0.319,0.77,0.44,0.588,0.685,0.591,-0.654,0.419,0.58,0.706,0.292,-0.414,0.351,-0.618,0.34,0.587,-0.287,0.429,0.828,-0.612,-0.794,0.329,-0.143,0.787,0.699,0.104,0.626,0.666,0.781,0.685,0.536,-0.782,0.687,0.1,0.722,0.737,0.266,0.699,0.819,0.495,0.343,0.373,0.563,0.383,-0.549,-0.02,0.76,0.137,-0.566,0.575,0.042,0.077,0.777,-0.745,0.371,0.239,0.757,-0.075,1.0,-0.797,-0.674,-0.615,0.647,0.711
688012SS,-0.367,-0.092,-0.786,-0.672,0.513,0.057,-0.593,-0.721,-0.307,0.621,-0.276,-0.442,-0.515,0.085,-0.488,0.555,-0.472,-0.427,-0.752,-0.638,-0.689,-0.617,0.331,0.921,-0.214,0.851,-0.153,-0.912,0.128,-0.862,-0.799,0.849,0.926,0.263,0.344,-0.36,0.506,-0.229,-0.308,-0.558,0.913,-0.172,0.611,0.952,0.512,-0.596,0.702,0.169,-0.828,0.933,0.059,-0.766,-0.752,0.92,-0.793,-0.683,0.43,0.123,0.274,0.821,0.464,-0.39,-0.788,-0.294,0.86,0.393,0.939,0.041,0.268,-0.936,0.192,0.701,-0.438,0.839,-0.66,0.607,-0.872,-0.392,0.553,0.367,-0.304,-0.838,-0.811,0.126,0.514,-0.774,-0.9,-0.652,-0.575,0.785,0.674,-0.759,0.056,-0.747,-0.876,-0.52,0.026,-0.721,-0.804,0.82,-0.38,-0.76,0.343,0.528,0.734,-0.833,-0.259,0.302,-0.701,-0.84,0.448,-0.778,0.416,-0.726,-0.721,0.052,-0.722,0.082,-0.826,0.583,-0.054,-0.919,-0.688,0.867,-0.218,0.965,0.732,-0.676,-0.299,-0.725,0.538,0.838,-0.884,-0.367,0.057,0.81,-0.121,-0.886,-0.882,-0.754,-0.243,-0.258,0.089,-0.655,0.477,-0.789,0.015,0.071,-0.402,-0.882,-0.243,0.1,-0.923,-0.193,-0.778,-0.37,-0.451,-0.757,-0.492,0.858,-0.101,-0.642,-0.629,-0.326,0.75,-0.274,0.896,-0.05,-0.688,0.541,-0.318,-0.807,0.827,0.836,-0.175,0.316,-0.673,-0.617,-0.023,-0.715,-0.729,-0.798,-0.827,-0.703,0.944,-0.821,-0.211,-0.627,-0.68,-0.357,-0.843,-0.855,-0.38,-0.381,-0.608,-0.611,-0.437,0.674,-0.047,-0.884,-0.338,0.852,-0.688,-0.127,-0.106,-0.811,0.938,-0.066,-0.589,-0.887,0.175,-0.797,1.0,0.891,0.706,-0.805,-0.781
688036SS,-0.498,-0.149,-0.616,-0.7,0.488,-0.05,-0.627,-0.739,-0.335,0.523,-0.437,-0.508,-0.671,-0.163,-0.463,0.518,-0.556,-0.417,-0.756,-0.637,-0.728,-0.508,0.102,0.902,-0.369,0.869,-0.039,-0.871,0.075,-0.846,-0.75,0.869,0.846,0.128,0.407,-0.404,0.359,-0.233,-0.425,-0.556,0.834,-0.338,0.561,0.872,0.339,-0.517,0.524,0.186,-0.802,0.925,-0.126,-0.789,-0.741,0.738,-0.681,-0.592,0.253,0.047,0.236,0.621,0.541,-0.439,-0.801,-0.419,0.675,0.447,0.807,-0.116,0.479,-0.843,0.184,0.763,-0.451,0.643,-0.487,0.618,-0.716,-0.506,0.305,0.116,-0.334,-0.778,-0.799,-0.063,0.462,-0.711,-0.768,-0.598,-0.626,0.709,0.757,-0.718,0.0,-0.746,-0.766,-0.607,0.029,-0.532,-0.731,0.836,-0.399,-0.766,0.167,0.392,0.74,-0.746,-0.342,0.032,-0.743,-0.824,0.305,-0.79,0.428,-0.798,-0.774,0.197,-0.59,0.202,-0.876,0.499,-0.181,-0.85,-0.733,0.882,-0.253,0.889,0.527,-0.761,-0.149,-0.755,0.438,0.693,-0.887,-0.47,0.125,0.578,-0.348,-0.906,-0.68,-0.741,-0.37,-0.379,0.112,-0.698,0.247,-0.684,-0.12,0.173,-0.412,-0.835,-0.323,-0.088,-0.862,-0.3,-0.748,-0.476,-0.457,-0.766,-0.553,0.873,-0.19,-0.681,-0.662,-0.427,0.688,-0.398,0.749,-0.216,-0.743,0.384,-0.441,-0.8,0.86,0.724,-0.325,0.311,-0.689,-0.675,-0.206,-0.773,-0.742,-0.724,-0.85,-0.66,0.867,-0.799,-0.331,-0.684,-0.712,-0.554,-0.844,-0.84,-0.423,-0.529,-0.57,-0.685,-0.391,0.752,-0.091,-0.824,-0.476,0.747,-0.652,-0.279,-0.32,-0.763,0.831,-0.013,-0.631,-0.867,0.077,-0.674,0.891,1.0,0.827,-0.753,-0.806
688111SS,-0.466,-0.204,-0.416,-0.669,0.431,-0.149,-0.492,-0.593,-0.29,0.429,-0.442,-0.394,-0.649,-0.13,-0.44,0.334,-0.557,-0.373,-0.611,-0.55,-0.628,-0.479,-0.042,0.743,-0.456,0.751,-0.003,-0.704,-0.133,-0.663,-0.591,0.779,0.672,0.043,0.47,-0.247,0.275,-0.197,-0.41,-0.329,0.729,-0.144,0.348,0.718,0.31,-0.376,0.444,0.16,-0.587,0.815,-0.126,-0.672,-0.563,0.541,-0.528,-0.418,0.141,-0.016,0.131,0.439,0.577,-0.391,-0.626,-0.335,0.511,0.451,0.635,-0.187,0.58,-0.641,0.304,0.728,-0.34,0.487,-0.381,0.533,-0.522,-0.388,0.14,0.105,-0.208,-0.572,-0.666,-0.126,0.36,-0.564,-0.593,-0.527,-0.607,0.52,0.702,-0.614,-0.022,-0.694,-0.548,-0.532,-0.034,-0.312,-0.6,0.695,-0.314,-0.673,0.055,0.234,0.551,-0.572,-0.333,-0.122,-0.662,-0.576,0.128,-0.639,0.267,-0.617,-0.619,0.359,-0.343,0.441,-0.723,0.537,-0.134,-0.625,-0.679,0.735,-0.277,0.712,0.383,-0.745,0.016,-0.63,0.287,0.537,-0.73,-0.461,0.179,0.345,-0.373,-0.698,-0.471,-0.625,-0.255,-0.419,0.174,-0.682,0.067,-0.458,-0.207,0.28,-0.342,-0.651,-0.347,-0.198,-0.712,-0.329,-0.621,-0.464,-0.457,-0.618,-0.563,0.802,-0.268,-0.555,-0.645,-0.419,0.434,-0.415,0.553,-0.35,-0.593,0.248,-0.342,-0.718,0.771,0.65,-0.33,0.31,-0.641,-0.692,-0.231,-0.683,-0.614,-0.597,-0.71,-0.448,0.717,-0.639,-0.406,-0.659,-0.669,-0.486,-0.648,-0.751,-0.33,-0.487,-0.556,-0.635,-0.281,0.697,0.032,-0.595,-0.408,0.622,-0.483,-0.287,-0.424,-0.622,0.658,-0.03,-0.416,-0.659,-0.0,-0.615,0.706,0.827,1.0,-0.601,-0.771
688169SS,0.448,-0.09,0.604,0.565,-0.377,0.073,0.622,0.692,0.265,-0.407,0.449,0.364,0.6,0.16,0.675,-0.371,0.524,0.225,0.733,0.559,0.658,0.58,-0.312,-0.732,0.27,-0.808,0.074,0.769,-0.28,0.804,0.782,-0.72,-0.719,-0.166,-0.145,0.595,-0.131,0.013,0.323,0.705,-0.759,0.402,-0.646,-0.857,-0.224,0.752,-0.425,0.188,0.774,-0.808,0.238,0.581,0.795,-0.693,0.565,0.706,-0.187,0.192,-0.22,-0.641,-0.426,0.433,0.654,0.459,-0.553,-0.131,-0.684,0.02,-0.14,0.836,-0.014,-0.574,0.658,-0.577,0.494,-0.265,0.649,0.421,-0.33,-0.035,0.276,0.788,0.711,0.079,-0.327,0.631,0.756,0.48,0.492,-0.654,-0.669,0.87,0.341,0.685,0.675,0.517,-0.234,0.578,0.698,-0.76,0.48,0.7,-0.097,-0.398,-0.736,0.836,0.447,-0.233,0.735,0.792,-0.228,0.62,-0.569,0.801,0.807,-0.168,0.785,-0.166,0.823,-0.423,-0.035,0.831,0.589,-0.755,0.052,-0.779,-0.47,0.663,0.134,0.626,-0.358,-0.59,0.844,0.601,-0.271,-0.523,0.279,0.787,0.685,0.619,0.31,0.393,-0.054,0.646,-0.161,0.764,0.227,0.149,0.366,0.8,0.401,0.125,0.798,0.351,0.713,0.617,0.568,0.687,0.685,-0.702,0.174,0.586,0.648,0.602,-0.764,0.426,-0.619,0.165,0.724,-0.411,0.483,0.711,-0.659,-0.624,0.409,-0.079,0.623,0.644,0.151,0.799,0.7,0.632,0.716,0.877,-0.851,0.923,0.29,0.588,0.636,0.407,0.826,0.757,0.46,0.503,0.6,0.63,0.494,-0.536,-0.105,0.829,0.339,-0.671,0.617,0.243,0.201,0.562,-0.804,-0.108,0.669,0.857,0.175,0.647,-0.805,-0.753,-0.601,1.0,0.78
688396SS,0.618,0.19,0.579,0.778,-0.368,0.24,0.64,0.784,0.46,-0.235,0.673,0.509,0.787,0.253,0.534,-0.252,0.756,0.36,0.727,0.66,0.792,0.553,-0.004,-0.703,0.519,-0.833,0.034,0.775,0.068,0.755,0.665,-0.745,-0.735,0.051,-0.348,0.518,-0.092,0.156,0.54,0.561,-0.765,0.441,-0.449,-0.817,-0.275,0.657,-0.462,0.078,0.73,-0.844,0.286,0.756,0.685,-0.621,0.568,0.647,-0.081,0.296,-0.184,-0.495,-0.332,0.621,0.709,0.568,-0.52,-0.253,-0.704,0.366,-0.275,0.786,-0.08,-0.594,0.638,-0.56,0.316,-0.329,0.62,0.539,-0.143,0.121,0.204,0.722,0.782,0.225,-0.434,0.66,0.712,0.647,0.741,-0.627,-0.788,0.806,0.248,0.867,0.669,0.657,-0.028,0.498,0.782,-0.737,0.451,0.852,-0.006,-0.196,-0.649,0.812,0.382,0.142,0.828,0.748,0.046,0.668,-0.308,0.723,0.826,-0.355,0.588,-0.396,0.787,-0.428,0.06,0.745,0.783,-0.734,0.319,-0.706,-0.32,0.818,0.01,0.793,-0.23,-0.542,0.907,0.575,-0.338,-0.387,0.486,0.83,0.604,0.743,0.267,0.511,-0.051,0.822,-0.018,0.498,0.44,-0.007,0.392,0.716,0.587,0.24,0.821,0.506,0.757,0.699,0.718,0.697,0.805,-0.703,0.474,0.627,0.779,0.649,-0.556,0.639,-0.511,0.484,0.774,-0.149,0.643,0.861,-0.674,-0.576,0.43,0.001,0.832,0.777,0.429,0.833,0.773,0.696,0.81,0.723,-0.801,0.826,0.466,0.827,0.828,0.614,0.814,0.886,0.556,0.576,0.554,0.715,0.54,-0.57,0.013,0.8,0.39,-0.587,0.656,0.353,0.433,0.61,-0.728,0.028,0.596,0.85,0.201,0.711,-0.781,-0.806,-0.771,0.78,1.0
