,000001SZ,000002SZ,000157SZ,000166SZ,000333SZ,000338SZ,000538SZ,000568SZ,000596SZ,000617SZ,000625SZ,000651SZ,000661SZ,000708SZ,000725SZ,000768SZ,000776SZ,000786SZ,000800SZ,000807SZ,000858SZ,000876SZ,000895SZ,000938SZ,000963SZ,000999SZ,001965SZ,002001SZ,002007SZ,002027SZ,002028SZ,002050SZ,002129SZ,002179SZ,002230SZ,002236SZ,002241SZ,002271SZ,002304SZ,002311SZ,002371SZ,002415SZ,002422SZ,002459SZ,002460SZ,002463SZ,002466SZ,002475SZ,002493SZ,002555SZ,002594SZ,002601SZ,002648SZ,002709SZ,002714SZ,002916SZ,002920SZ,002938SZ,003816SZ,300014SZ,300033SZ,300059SZ,300122SZ,300124SZ,300274SZ,300308SZ,300316SZ,300347SZ,300394SZ,300408SZ,300413SZ,300418SZ,300433SZ,300450SZ,300498SZ,300502SZ,300628SZ,300661SZ,300750SZ,300759SZ,300760SZ,300782SZ,600000SS,600010SS,600011SS,600015SS,600016SS,600018SS,600019SS,600023SS,600025SS,600026SS,600028SS,600029SS,600031SS,600036SS,600048SS,600050SS,600061SS,600085SS,600089SS,600104SS,600111SS,600115SS,600161SS,600183SS,600188SS,600196SS,600219SS,600233SS,600276SS,600309SS,600332SS,600346SS,600362SS,600377SS,600406SS,600415SS,600426SS,600436SS,600438SS,600489SS,600519SS,600570SS,600585SS,600588SS,600600SS,600660SS,600674SS,600741SS,600760SS,600795SS,600809SS,600875SS,600886SS,600887SS,600926SS,600989SS,601006SS,601009SS,601012SS,601021SS,601058SS,601066SS,601088SS,601100SS,601117SS,601138SS,601166SS,601169SS,601186SS,601225SS,601229SS,601238SS,601288SS,601318SS,601319SS,601328SS,601336SS,601360SS,601390SS,601398SS,601600SS,601601SS,601607SS,601618SS,601628SS,601633SS,601658SS,601668SS,601669SS,601688SS,601689SS,601698SS,601699SS,601766SS,601788SS,601799SS,601800SS,601808SS,601816SS,601818SS,601838SS,601857SS,601865SS,601872SS,601877SS,601878SS,601881SS,601888SS,601899SS,601901SS,601919SS,601939SS,601985SS,601988SS,601998SS,603019SS,603195SS,603259SS,603260SS,603288SS,603369SS,603501SS,603659SS,603799SS,603806SS,603833SS,603986SS,603993SS,688008SS,688009SS,688012SS,688036SS,688111SS,688169SS,688396SS
000001SZ,1.0,0.859,0.778,0.171,0.713,-0.641,-0.141,0.903,0.887,0.662,-0.641,0.673,-0.591,-0.224,-0.169,0.744,0.884,0.755,-0.263,0.748,0.869,0.82,-0.039,0.791,-0.667,-0.191,0.793,-0.066,-0.779,0.638,0.725,0.046,0.791,0.757,-0.417,-0.442,-0.631,0.853,0.876,0.716,0.402,-0.169,-0.618,0.326,0.265,-0.455,0.16,-0.653,0.806,0.067,0.625,-0.637,-0.195,0.65,0.769,-0.076,0.708,-0.094,0.812,0.661,0.185,0.737,-0.764,0.828,0.446,0.119,0.836,-0.674,-0.237,-0.339,0.273,-0.225,-0.588,0.712,-0.693,-0.051,-0.227,-0.548,0.868,-0.69,-0.243,-0.013,0.024,0.742,0.827,-0.536,0.492,0.371,0.532,0.563,-0.588,-0.218,0.699,0.815,0.903,0.748,0.808,0.689,0.913,0.835,-0.382,-0.566,0.643,0.473,-0.712,-0.576,-0.129,-0.563,0.723,0.534,-0.632,0.849,-0.291,0.826,0.761,-0.608,0.776,0.655,0.736,0.083,0.018,0.499,0.744,0.718,0.402,0.199,0.891,-0.144,0.315,0.416,0.654,0.254,0.865,0.754,0.588,-0.519,0.863,0.504,0.302,-0.266,-0.145,0.639,0.465,0.831,-0.355,0.709,0.261,0.361,-0.071,-0.274,0.881,-0.277,-0.491,0.176,-0.794,0.883,0.618,-0.772,0.784,0.744,0.854,-0.721,0.802,0.217,-0.157,0.792,-0.281,-0.013,-0.488,0.858,-0.415,0.787,0.614,0.403,-0.088,0.918,0.871,-0.225,0.877,0.555,0.546,-0.307,0.185,0.639,0.758,-0.485,0.702,0.906,0.745,0.759,0.644,0.186,0.547,-0.786,-0.08,-0.714,-0.453,0.467,0.62,-0.736,0.82,0.133,0.884,-0.724,0.863,0.833,0.558,0.68,-0.754,0.736,-0.37,0.797,-0.455,-0.597,-0.245,0.271,0.578
000002SZ,0.859,1.0,0.769,-0.087,0.797,-0.87,-0.141,0.959,0.932,0.521,-0.75,0.638,-0.802,-0.24,-0.28,0.851,0.931,0.885,-0.291,0.763,0.946,0.93,0.097,0.921,-0.863,-0.359,0.843,-0.276,-0.915,0.59,0.695,-0.173,0.791,0.874,-0.612,-0.67,-0.728,0.966,0.969,0.814,0.401,-0.384,-0.745,0.127,0.332,-0.671,0.185,-0.784,0.894,-0.19,0.702,-0.607,-0.157,0.77,0.866,-0.137,0.632,-0.145,0.878,0.691,0.067,0.689,-0.863,0.829,0.444,-0.114,0.935,-0.806,-0.506,-0.309,0.13,-0.495,-0.704,0.671,-0.752,-0.267,-0.18,-0.633,0.967,-0.873,-0.251,0.024,-0.12,0.869,0.922,-0.706,0.505,0.392,0.697,0.733,-0.702,-0.355,0.711,0.923,0.936,0.518,0.975,0.788,0.965,0.761,-0.627,-0.603,0.643,0.577,-0.879,-0.612,-0.051,-0.804,0.826,0.495,-0.766,0.939,-0.475,0.942,0.865,-0.709,0.742,0.715,0.859,-0.144,-0.239,0.578,0.745,0.732,0.497,0.217,0.898,-0.088,0.301,0.282,0.755,0.302,0.915,0.829,0.623,-0.755,0.972,0.508,0.246,-0.422,-0.385,0.784,0.469,0.748,-0.443,0.766,0.102,0.19,-0.347,-0.44,0.859,-0.277,-0.61,0.136,-0.908,0.887,0.573,-0.907,0.814,0.779,0.764,-0.824,0.921,0.191,-0.463,0.784,-0.396,0.006,-0.498,0.895,-0.634,0.866,0.535,0.432,-0.109,0.882,0.924,-0.263,0.875,0.601,0.523,-0.42,0.234,0.649,0.848,-0.571,0.722,0.912,0.72,0.833,0.799,-0.064,0.563,-0.894,-0.105,-0.819,-0.577,0.339,0.59,-0.913,0.881,0.145,0.926,-0.796,0.971,0.91,0.509,0.883,-0.735,0.829,-0.355,0.905,-0.582,-0.785,-0.512,0.202,0.775
000157SZ,0.778,0.769,1.0,-0.062,0.757,-0.632,-0.332,0.83,0.736,0.747,-0.81,0.929,-0.716,0.065,-0.487,0.529,0.655,0.846,-0.536,0.739,0.699,0.752,0.208,0.657,-0.526,0.087,0.622,-0.116,-0.638,0.438,0.754,0.141,0.562,0.689,-0.56,-0.373,-0.764,0.834,0.803,0.584,0.035,-0.349,-0.446,0.326,-0.137,-0.26,-0.289,-0.697,0.633,0.046,0.326,-0.722,-0.43,0.381,0.705,-0.481,0.861,-0.471,0.746,0.311,-0.021,0.397,-0.719,0.774,0.19,0.194,0.652,-0.701,-0.096,-0.632,0.042,-0.089,-0.761,0.413,-0.415,0.005,-0.338,-0.734,0.78,-0.707,-0.089,-0.435,0.145,0.515,0.682,-0.343,0.503,0.561,0.62,0.414,-0.578,0.126,0.827,0.681,0.854,0.48,0.699,0.385,0.823,0.867,-0.368,-0.549,0.214,0.483,-0.801,-0.816,0.13,-0.684,0.535,0.786,-0.407,0.706,-0.114,0.675,0.715,-0.284,0.506,0.51,0.622,0.328,-0.091,0.401,0.781,0.58,0.614,-0.144,0.845,-0.322,0.06,0.241,0.647,0.392,0.728,0.463,0.268,-0.54,0.784,0.21,0.255,0.05,-0.252,0.746,0.481,0.503,-0.144,0.862,0.285,0.515,-0.006,-0.165,0.881,0.009,-0.322,-0.243,-0.672,0.676,0.743,-0.655,0.58,0.514,0.883,-0.779,0.672,-0.044,-0.165,0.864,-0.272,-0.393,-0.339,0.832,-0.5,0.761,0.748,0.082,0.163,0.871,0.812,-0.245,0.826,0.502,0.78,-0.28,0.498,0.693,0.496,-0.14,0.342,0.767,0.42,0.801,0.587,0.262,0.694,-0.801,-0.318,-0.739,-0.288,0.366,0.701,-0.702,0.653,-0.093,0.813,-0.85,0.783,0.598,0.338,0.563,-0.677,0.664,-0.622,0.829,-0.685,-0.528,-0.19,-0.019,0.73
000166SZ,0.171,-0.087,-0.062,1.0,-0.037,0.294,0.31,-0.036,0.004,-0.022,0.25,-0.083,0.305,0.028,0.378,-0.103,0.166,-0.142,0.438,-0.167,0.029,-0.067,-0.188,0.018,0.112,-0.101,-0.069,0.54,0.073,0.215,-0.232,-0.053,-0.069,-0.231,0.281,0.106,0.277,-0.074,-0.091,-0.036,0.111,0.311,0.053,-0.072,0.308,0.148,0.327,0.346,-0.145,0.199,0.228,0.257,0.347,0.175,-0.069,0.427,-0.012,0.386,-0.061,0.18,0.391,0.409,0.155,-0.016,-0.08,0.068,-0.055,0.303,0.125,0.243,0.159,0.134,0.299,0.126,-0.013,0.114,0.075,0.346,-0.036,0.171,0.053,0.279,0.303,0.008,-0.103,0.177,0.062,-0.086,-0.128,-0.076,-0.004,0.058,-0.121,-0.064,-0.012,0.445,-0.06,0.147,0.008,-0.101,0.182,0.44,0.286,-0.245,0.212,0.353,-0.139,0.429,0.017,-0.189,0.075,0.015,0.086,-0.056,-0.063,-0.06,0.201,-0.103,-0.125,0.118,0.052,0.017,0.059,0.16,-0.079,0.336,-0.05,0.44,0.071,0.318,-0.075,-0.088,-0.066,-0.0,0.047,0.296,-0.1,-0.089,-0.058,0.081,0.064,-0.185,-0.116,0.323,-0.043,-0.121,0.153,0.064,0.346,0.242,0.018,-0.063,0.206,0.427,0.193,0.275,0.142,0.211,0.16,0.084,0.062,0.343,-0.056,0.548,0.366,-0.034,0.456,0.372,0.211,0.001,0.153,0.072,-0.126,0.142,-0.137,0.055,0.072,-0.113,-0.038,-0.14,-0.103,0.326,0.001,-0.104,-0.034,0.043,0.212,0.137,0.454,-0.059,-0.007,0.215,-0.013,0.281,0.083,0.337,0.254,0.243,-0.132,0.133,0.072,0.222,-0.029,0.325,-0.085,0.077,-0.049,-0.118,0.097,-0.036,0.266,-0.137,0.266,-0.005,0.263,0.082,-0.031
000333SZ,0.713,0.797,0.757,-0.037,1.0,-0.659,-0.226,0.861,0.717,0.442,-0.779,0.779,-0.776,-0.059,-0.447,0.493,0.724,0.843,-0.271,0.456,0.803,0.858,0.306,0.712,-0.715,-0.147,0.761,-0.001,-0.825,0.401,0.567,-0.248,0.481,0.557,-0.635,-0.621,-0.771,0.872,0.812,0.801,0.08,-0.452,-0.625,0.037,0.192,-0.441,0.027,-0.699,0.682,-0.207,0.62,-0.535,-0.156,0.637,0.851,-0.342,0.679,-0.33,0.79,0.411,-0.08,0.39,-0.809,0.727,0.097,-0.029,0.688,-0.655,-0.303,-0.417,-0.173,-0.366,-0.728,0.44,-0.442,-0.198,-0.26,-0.739,0.83,-0.839,-0.197,-0.223,0.205,0.624,0.763,-0.392,0.689,0.562,0.714,0.66,-0.606,0.021,0.821,0.792,0.832,0.377,0.816,0.617,0.831,0.63,-0.654,-0.322,0.333,0.537,-0.758,-0.582,0.03,-0.692,0.676,0.489,-0.585,0.827,-0.373,0.783,0.776,-0.463,0.53,0.5,0.805,0.052,-0.379,0.502,0.803,0.529,0.628,-0.101,0.774,0.052,0.305,0.304,0.571,0.317,0.679,0.572,0.45,-0.643,0.826,0.317,0.498,-0.083,-0.472,0.778,0.535,0.486,-0.25,0.824,-0.001,0.275,-0.042,-0.039,0.837,-0.03,-0.227,-0.041,-0.664,0.772,0.728,-0.643,0.579,0.49,0.801,-0.58,0.704,0.206,-0.319,0.807,-0.114,-0.019,-0.17,0.883,-0.653,0.865,0.436,0.132,0.063,0.83,0.815,-0.465,0.78,0.565,0.691,-0.074,0.527,0.723,0.584,-0.218,0.495,0.784,0.614,0.787,0.716,-0.032,0.743,-0.675,-0.073,-0.558,-0.243,0.237,0.372,-0.821,0.646,-0.041,0.796,-0.74,0.842,0.7,0.174,0.747,-0.708,0.686,-0.578,0.81,-0.676,-0.735,-0.41,-0.028,0.734
000338SZ,-0.641,-0.87,-0.632,0.294,-0.659,1.0,0.027,-0.825,-0.843,-0.372,0.758,-0.555,0.87,0.124,0.468,-0.833,-0.727,-0.818,0.395,-0.698,-0.82,-0.85,-0.367,-0.765,0.772,0.263,-0.689,0.442,0.779,-0.36,-0.565,0.342,-0.622,-0.865,0.775,0.799,0.738,-0.809,-0.884,-0.798,-0.187,0.647,0.559,0.094,-0.216,0.77,-0.076,0.836,-0.862,0.469,-0.571,0.583,0.177,-0.64,-0.785,0.29,-0.427,0.28,-0.793,-0.494,0.286,-0.433,0.802,-0.71,-0.278,0.381,-0.812,0.756,0.664,0.416,0.122,0.638,0.772,-0.407,0.671,0.504,-0.125,0.661,-0.823,0.833,-0.041,0.035,0.113,-0.844,-0.858,0.673,-0.438,-0.511,-0.778,-0.678,0.522,0.426,-0.634,-0.903,-0.786,-0.361,-0.847,-0.715,-0.801,-0.571,0.676,0.636,-0.509,-0.779,0.869,0.641,-0.265,0.75,-0.835,-0.449,0.604,-0.818,0.421,-0.821,-0.859,0.494,-0.541,-0.71,-0.782,0.283,0.429,-0.66,-0.641,-0.44,-0.595,-0.057,-0.721,0.156,-0.337,0.077,-0.676,-0.486,-0.834,-0.754,-0.512,0.772,-0.867,-0.399,-0.253,0.445,0.519,-0.852,-0.348,-0.515,0.153,-0.663,0.037,0.03,0.518,0.44,-0.719,0.035,0.542,0.016,0.818,-0.672,-0.455,0.796,-0.584,-0.511,-0.595,0.758,-0.899,0.004,0.592,-0.725,0.578,0.047,0.326,-0.8,0.647,-0.734,-0.435,-0.188,-0.154,-0.728,-0.696,0.27,-0.719,-0.675,-0.495,0.38,-0.277,-0.674,-0.699,0.518,-0.49,-0.691,-0.433,-0.772,-0.828,0.281,-0.572,0.83,-0.038,0.784,0.45,0.004,-0.366,0.847,-0.808,-0.148,-0.82,0.72,-0.822,-0.715,-0.36,-0.824,0.54,-0.862,0.32,-0.885,0.687,0.825,0.711,0.102,-0.756
000538SZ,-0.141,-0.141,-0.332,0.31,-0.226,0.027,1.0,-0.164,0.003,-0.201,0.284,-0.354,0.227,0.118,0.073,0.006,-0.041,-0.188,0.38,-0.056,-0.018,-0.061,0.208,-0.154,0.196,-0.032,-0.166,0.174,0.174,-0.04,-0.243,-0.258,-0.006,-0.166,0.023,-0.131,0.237,-0.221,-0.115,0.009,0.045,-0.087,0.306,-0.185,0.4,-0.231,0.412,0.169,-0.013,-0.305,0.136,0.404,0.494,0.191,-0.073,0.256,-0.382,0.273,-0.095,0.13,-0.106,0.096,0.128,-0.219,0.091,-0.447,0.001,0.446,-0.337,0.253,-0.015,-0.304,0.144,-0.008,-0.04,-0.359,0.206,0.342,-0.126,0.283,0.281,0.418,0.075,0.194,-0.062,0.073,0.032,-0.067,0.082,-0.005,0.295,-0.46,-0.323,0.0,-0.212,-0.004,-0.121,0.077,-0.188,-0.208,0.159,0.275,0.301,0.109,0.228,0.31,0.18,0.452,0.153,-0.329,0.206,-0.142,0.347,-0.016,-0.015,-0.037,-0.14,0.209,0.007,-0.238,0.002,0.108,-0.172,-0.21,-0.027,0.264,-0.257,0.248,0.367,-0.104,-0.416,-0.061,-0.105,0.126,0.126,0.085,-0.105,-0.003,0.004,-0.223,0.125,-0.116,-0.127,-0.012,0.084,-0.26,0.011,-0.444,-0.183,0.061,-0.157,0.046,0.101,0.475,0.131,-0.106,-0.21,0.152,-0.097,-0.16,-0.215,0.27,0.028,0.255,0.285,-0.099,0.055,0.481,0.269,-0.14,0.263,-0.172,-0.342,-0.071,-0.005,-0.198,-0.236,0.095,-0.125,0.016,-0.262,0.297,-0.12,-0.087,0.119,-0.301,0.111,-0.144,0.034,-0.095,0.059,-0.28,-0.189,0.234,0.421,0.251,0.197,-0.348,-0.328,0.26,0.086,0.362,-0.118,0.358,-0.165,-0.035,0.116,-0.043,0.225,0.065,0.355,-0.159,0.209,0.022,-0.259,0.019,-0.177
000568SZ,0.903,0.959,0.83,-0.036,0.861,-0.825,-0.164,1.0,0.949,0.551,-0.813,0.732,-0.82,-0.215,-0.372,0.79,0.914,0.896,-0.331,0.752,0.955,0.963,0.182,0.88,-0.805,-0.258,0.866,-0.179,-0.895,0.598,0.7,-0.159,0.742,0.83,-0.647,-0.657,-0.798,0.961,0.983,0.868,0.301,-0.439,-0.693,0.125,0.251,-0.628,0.1,-0.815,0.895,-0.175,0.702,-0.677,-0.18,0.721,0.918,-0.25,0.687,-0.25,0.917,0.623,0.01,0.646,-0.904,0.901,0.349,-0.088,0.911,-0.801,-0.448,-0.418,0.065,-0.448,-0.77,0.628,-0.699,-0.265,-0.183,-0.706,0.971,-0.888,-0.174,-0.067,0.003,0.839,0.919,-0.626,0.58,0.502,0.74,0.69,-0.658,-0.239,0.799,0.936,0.962,0.564,0.935,0.754,0.982,0.792,-0.647,-0.601,0.589,0.634,-0.877,-0.689,0.018,-0.777,0.831,0.546,-0.696,0.961,-0.424,0.939,0.904,-0.626,0.722,0.725,0.877,-0.036,-0.259,0.628,0.828,0.689,0.555,0.103,0.949,-0.077,0.366,0.288,0.701,0.388,0.93,0.791,0.622,-0.72,0.967,0.5,0.354,-0.328,-0.402,0.832,0.472,0.745,-0.34,0.832,0.064,0.25,-0.249,-0.336,0.903,-0.184,-0.517,0.075,-0.887,0.896,0.668,-0.866,0.78,0.717,0.827,-0.812,0.915,0.19,-0.422,0.845,-0.354,-0.025,-0.428,0.936,-0.648,0.929,0.601,0.331,-0.006,0.917,0.932,-0.307,0.889,0.685,0.614,-0.338,0.345,0.753,0.809,-0.486,0.674,0.929,0.702,0.886,0.832,-0.012,0.652,-0.892,-0.047,-0.808,-0.49,0.324,0.564,-0.914,0.852,0.091,0.973,-0.827,0.97,0.866,0.435,0.848,-0.771,0.868,-0.454,0.925,-0.671,-0.779,-0.48,0.123,0.754
000596SZ,0.887,0.932,0.736,0.004,0.717,-0.843,0.003,0.949,1.0,0.537,-0.71,0.612,-0.746,-0.284,-0.287,0.871,0.916,0.815,-0.274,0.804,0.953,0.921,0.144,0.867,-0.761,-0.282,0.811,-0.257,-0.825,0.654,0.695,-0.136,0.815,0.875,-0.597,-0.65,-0.707,0.885,0.963,0.836,0.39,-0.414,-0.621,0.15,0.351,-0.71,0.218,-0.76,0.926,-0.184,0.714,-0.618,-0.137,0.755,0.857,-0.14,0.6,-0.132,0.871,0.717,0.023,0.712,-0.845,0.876,0.471,-0.172,0.943,-0.735,-0.527,-0.36,0.16,-0.503,-0.703,0.684,-0.767,-0.323,-0.081,-0.598,0.939,-0.803,-0.117,0.072,-0.112,0.899,0.909,-0.708,0.463,0.406,0.676,0.646,-0.594,-0.415,0.673,0.933,0.919,0.591,0.891,0.77,0.94,0.761,-0.559,-0.639,0.728,0.651,-0.822,-0.634,0.043,-0.669,0.854,0.495,-0.666,0.925,-0.366,0.928,0.877,-0.666,0.723,0.827,0.839,-0.097,-0.178,0.628,0.759,0.675,0.454,0.248,0.907,-0.07,0.4,0.243,0.662,0.354,0.957,0.853,0.651,-0.691,0.925,0.549,0.241,-0.479,-0.303,0.771,0.414,0.79,-0.339,0.727,0.115,0.154,-0.38,-0.462,0.851,-0.229,-0.631,0.201,-0.913,0.867,0.529,-0.887,0.776,0.737,0.756,-0.82,0.923,0.183,-0.394,0.788,-0.453,0.073,-0.493,0.872,-0.532,0.85,0.586,0.393,-0.033,0.858,0.866,-0.203,0.864,0.697,0.481,-0.42,0.183,0.687,0.864,-0.625,0.733,0.895,0.682,0.855,0.81,-0.076,0.526,-0.889,0.025,-0.829,-0.552,0.268,0.543,-0.839,0.904,0.194,0.956,-0.735,0.926,0.88,0.559,0.828,-0.698,0.872,-0.317,0.895,-0.59,-0.753,-0.515,0.179,0.675
000617SZ,0.662,0.521,0.747,-0.022,0.442,-0.372,-0.201,0.551,0.537,1.0,-0.493,0.723,-0.359,0.067,-0.285,0.375,0.442,0.575,-0.536,0.711,0.435,0.447,0.037,0.469,-0.272,0.262,0.31,-0.193,-0.364,0.349,0.834,0.452,0.583,0.508,-0.208,-0.004,-0.48,0.55,0.531,0.205,0.066,-0.046,-0.199,0.674,-0.206,0.002,-0.26,-0.414,0.43,0.362,0.04,-0.567,-0.35,0.11,0.389,-0.365,0.77,-0.32,0.403,0.271,0.157,0.37,-0.429,0.479,0.36,0.501,0.431,-0.416,0.225,-0.483,0.385,0.228,-0.518,0.436,-0.275,0.352,-0.375,-0.507,0.51,-0.307,-0.22,-0.44,0.057,0.254,0.407,-0.229,0.313,0.271,0.231,0.1,-0.417,0.11,0.572,0.417,0.585,0.498,0.405,0.084,0.557,0.804,0.072,-0.523,0.151,0.26,-0.523,-0.646,-0.033,-0.378,0.236,0.82,-0.167,0.378,0.225,0.382,0.389,-0.193,0.329,0.435,0.35,0.477,0.354,0.006,0.591,0.493,0.339,-0.014,0.593,-0.61,-0.11,0.146,0.456,0.088,0.492,0.314,0.056,-0.235,0.51,0.218,-0.005,0.077,0.245,0.438,0.581,0.458,-0.149,0.591,0.543,0.667,0.11,-0.204,0.73,-0.124,-0.348,-0.238,-0.476,0.451,0.464,-0.504,0.373,0.447,0.769,-0.652,0.371,-0.261,0.138,0.69,-0.268,-0.453,-0.445,0.585,0.003,0.446,0.74,0.055,0.024,0.696,0.586,-0.073,0.704,0.313,0.611,-0.355,0.197,0.44,0.369,-0.106,0.223,0.6,0.265,0.561,0.18,0.555,0.372,-0.618,-0.454,-0.62,-0.281,0.439,0.705,-0.305,0.51,0.042,0.537,-0.665,0.502,0.399,0.536,0.269,-0.547,0.323,-0.478,0.567,-0.408,-0.17,0.126,0.171,0.324
000625SZ,-0.641,-0.75,-0.81,0.25,-0.779,0.758,0.284,-0.813,-0.71,-0.493,1.0,-0.818,0.904,-0.037,0.764,-0.509,-0.565,-0.892,0.701,-0.573,-0.684,-0.836,-0.472,-0.565,0.538,-0.109,-0.608,0.118,0.706,-0.202,-0.579,0.251,-0.362,-0.648,0.831,0.65,0.953,-0.815,-0.799,-0.736,0.23,0.72,0.413,0.024,0.202,0.45,0.382,0.895,-0.659,0.346,-0.338,0.76,0.395,-0.396,-0.848,0.686,-0.588,0.69,-0.751,-0.132,0.39,-0.197,0.88,-0.753,0.096,0.13,-0.585,0.693,0.317,0.763,0.304,0.326,0.939,-0.145,0.449,0.334,0.058,0.879,-0.768,0.809,-0.107,0.443,-0.263,-0.548,-0.706,0.267,-0.718,-0.807,-0.786,-0.51,0.535,-0.159,-0.895,-0.759,-0.804,-0.355,-0.722,-0.431,-0.783,-0.677,0.66,0.589,-0.141,-0.718,0.828,0.858,-0.423,0.728,-0.63,-0.613,0.374,-0.744,0.231,-0.68,-0.863,0.167,-0.336,-0.472,-0.679,-0.125,0.459,-0.609,-0.796,-0.351,-0.816,0.376,-0.751,0.334,-0.179,0.095,-0.579,-0.677,-0.667,-0.426,-0.273,0.677,-0.766,-0.192,-0.405,-0.063,0.552,-0.923,-0.436,-0.369,-0.097,-0.914,0.2,-0.273,0.166,0.067,-0.767,-0.242,0.171,0.419,0.648,-0.633,-0.789,0.579,-0.467,-0.278,-0.726,0.68,-0.732,0.018,0.406,-0.834,0.298,0.353,0.071,-0.861,0.758,-0.816,-0.552,0.159,-0.453,-0.797,-0.726,0.486,-0.673,-0.736,-0.839,0.118,-0.677,-0.875,-0.417,0.043,-0.189,-0.704,-0.288,-0.859,-0.776,-0.061,-0.851,0.743,0.117,0.669,0.122,0.006,-0.373,0.78,-0.653,0.156,-0.804,0.865,-0.725,-0.485,-0.033,-0.707,0.677,-0.783,0.742,-0.857,0.918,0.684,0.516,0.343,-0.781
000651SZ,0.673,0.638,0.929,-0.083,0.779,-0.555,-0.354,0.732,0.612,0.723,-0.818,1.0,-0.69,0.178,-0.595,0.35,0.492,0.809,-0.616,0.577,0.581,0.676,0.402,0.496,-0.398,0.301,0.5,-0.067,-0.527,0.264,0.696,0.141,0.369,0.55,-0.593,-0.341,-0.784,0.729,0.691,0.546,-0.202,-0.427,-0.296,0.305,-0.281,-0.117,-0.42,-0.655,0.518,0.033,0.234,-0.726,-0.5,0.253,0.65,-0.629,0.851,-0.613,0.626,0.107,-0.177,0.199,-0.656,0.676,-0.016,0.245,0.472,-0.615,0.041,-0.752,-0.139,0.011,-0.792,0.233,-0.206,0.048,-0.276,-0.816,0.666,-0.648,0.017,-0.627,0.325,0.363,0.554,-0.175,0.553,0.671,0.611,0.299,-0.495,0.322,0.869,0.594,0.754,0.451,0.567,0.235,0.7,0.78,-0.317,-0.448,0.025,0.53,-0.75,-0.853,0.25,-0.596,0.424,0.827,-0.235,0.596,0.008,0.528,0.643,-0.076,0.349,0.396,0.533,0.459,-0.138,0.327,0.811,0.407,0.699,-0.333,0.736,-0.36,-0.016,0.134,0.581,0.436,0.593,0.292,0.083,-0.425,0.664,0.088,0.313,0.238,-0.265,0.756,0.549,0.334,0.064,0.859,0.21,0.577,0.146,0.021,0.832,0.202,-0.142,-0.406,-0.517,0.569,0.774,-0.489,0.355,0.29,0.863,-0.662,0.529,-0.16,-0.073,0.858,-0.22,-0.479,-0.159,0.792,-0.46,0.686,0.734,-0.15,0.324,0.821,0.701,-0.339,0.729,0.509,0.854,-0.143,0.622,0.737,0.293,0.081,0.139,0.651,0.262,0.776,0.503,0.299,0.775,-0.688,-0.319,-0.63,-0.088,0.245,0.549,-0.607,0.535,-0.157,0.721,-0.798,0.656,0.423,0.152,0.456,-0.591,0.561,-0.721,0.778,-0.757,-0.491,-0.137,-0.224,0.701
000661SZ,-0.591,-0.802,-0.716,0.305,-0.776,0.87,0.227,-0.82,-0.746,-0.359,0.904,-0.69,1.0,0.019,0.685,-0.635,-0.631,-0.872,0.5,-0.574,-0.751,-0.867,-0.468,-0.649,0.676,0.1,-0.687,0.261,0.783,-0.2,-0.536,0.399,-0.418,-0.719,0.899,0.793,0.916,-0.829,-0.836,-0.813,0.078,0.766,0.529,0.161,-0.03,0.639,0.152,0.912,-0.747,0.511,-0.46,0.671,0.36,-0.545,-0.855,0.537,-0.498,0.564,-0.817,-0.27,0.431,-0.217,0.887,-0.727,0.007,0.327,-0.674,0.803,0.542,0.626,0.355,0.548,0.907,-0.211,0.55,0.494,-0.058,0.862,-0.798,0.916,-0.093,0.308,-0.136,-0.678,-0.8,0.425,-0.627,-0.73,-0.847,-0.658,0.512,0.064,-0.82,-0.846,-0.806,-0.269,-0.808,-0.597,-0.792,-0.566,0.775,0.511,-0.277,-0.784,0.858,0.745,-0.398,0.814,-0.773,-0.48,0.521,-0.799,0.393,-0.76,-0.9,0.298,-0.388,-0.563,-0.767,0.14,0.574,-0.71,-0.726,-0.312,-0.768,0.271,-0.716,0.166,-0.304,0.074,-0.623,-0.627,-0.712,-0.583,-0.409,0.785,-0.826,-0.278,-0.455,0.162,0.672,-0.938,-0.395,-0.366,-0.011,-0.826,0.196,-0.063,0.341,0.173,-0.738,-0.188,0.274,0.217,0.724,-0.629,-0.682,0.654,-0.501,-0.335,-0.657,0.682,-0.818,-0.014,0.584,-0.783,0.412,0.136,0.112,-0.853,0.791,-0.828,-0.446,0.046,-0.367,-0.753,-0.702,0.463,-0.681,-0.732,-0.71,0.16,-0.567,-0.82,-0.513,0.211,-0.313,-0.693,-0.358,-0.817,-0.851,0.171,-0.791,0.763,-0.043,0.688,0.221,0.082,-0.279,0.882,-0.706,0.131,-0.786,0.825,-0.782,-0.596,-0.077,-0.796,0.643,-0.846,0.612,-0.9,0.854,0.803,0.679,0.302,-0.812
000708SZ,-0.224,-0.24,0.065,0.028,-0.059,0.124,0.118,-0.215,-0.284,0.067,-0.037,0.178,0.019,1.0,-0.295,-0.366,-0.387,0.008,-0.187,-0.101,-0.307,-0.203,0.471,-0.373,0.237,0.307,-0.27,0.222,0.291,-0.383,-0.196,-0.015,-0.457,-0.278,-0.136,0.055,0.003,-0.193,-0.231,-0.252,-0.528,-0.172,0.283,-0.156,-0.435,0.33,-0.473,0.108,-0.322,-0.137,-0.398,0.154,0.083,-0.349,-0.206,-0.393,-0.118,-0.38,-0.105,-0.534,-0.297,-0.381,0.227,-0.275,-0.433,0.024,-0.391,0.173,0.209,-0.223,-0.397,0.194,-0.062,-0.497,0.438,0.004,0.143,-0.037,-0.237,0.142,0.292,-0.446,0.47,-0.346,-0.256,0.52,0.196,0.285,0.193,-0.2,0.359,0.379,0.084,-0.201,-0.266,-0.039,-0.259,-0.284,-0.267,-0.132,0.185,0.296,-0.564,0.001,0.002,-0.088,0.457,0.089,-0.212,0.204,0.368,-0.323,0.251,-0.308,-0.119,0.585,-0.343,-0.377,-0.214,0.224,-0.169,-0.029,0.016,-0.386,0.381,-0.504,-0.285,-0.13,-0.078,-0.322,-0.169,0.281,-0.303,-0.427,-0.284,0.169,-0.172,-0.507,0.186,0.576,-0.13,0.022,0.025,-0.366,0.516,0.008,0.079,0.087,0.379,0.543,-0.112,0.61,0.559,-0.439,0.454,-0.282,0.189,0.444,-0.341,-0.505,-0.053,0.29,-0.166,-0.098,0.136,0.012,0.282,-0.386,0.536,-0.104,0.036,-0.167,-0.037,-0.518,0.455,-0.116,-0.212,-0.127,-0.211,-0.176,0.289,0.458,0.462,0.096,-0.456,0.486,-0.518,-0.253,-0.342,-0.107,-0.067,0.116,0.214,0.263,-0.026,0.303,0.594,-0.269,-0.037,0.201,-0.291,-0.166,-0.191,0.067,-0.287,-0.419,-0.402,-0.305,0.309,-0.109,-0.09,-0.097,-0.13,0.123,0.084,-0.512,0.066
000725SZ,-0.169,-0.28,-0.487,0.378,-0.447,0.468,0.073,-0.372,-0.287,-0.285,0.764,-0.595,0.685,-0.295,1.0,-0.092,-0.043,-0.578,0.692,-0.253,-0.257,-0.477,-0.681,-0.058,0.064,-0.457,-0.183,0.006,0.273,0.243,-0.288,0.314,0.075,-0.233,0.777,0.498,0.807,-0.388,-0.382,-0.418,0.65,0.846,-0.104,0.158,0.408,0.246,0.556,0.704,-0.261,0.496,0.043,0.559,0.381,-0.047,-0.547,0.915,-0.283,0.895,-0.384,0.298,0.744,0.33,0.594,-0.339,0.453,0.274,-0.125,0.289,0.223,0.84,0.581,0.227,0.853,0.313,0.082,0.438,-0.096,0.755,-0.321,0.432,-0.461,0.602,-0.465,-0.162,-0.311,-0.15,-0.662,-0.875,-0.628,-0.184,0.192,-0.356,-0.633,-0.41,-0.371,0.025,-0.261,-0.003,-0.323,-0.354,0.453,0.304,0.236,-0.692,0.486,0.714,-0.728,0.388,-0.339,-0.447,-0.133,-0.28,-0.151,-0.242,-0.595,-0.311,0.221,-0.253,-0.376,-0.187,0.496,-0.444,-0.501,0.155,-0.824,0.7,-0.301,0.432,-0.133,0.394,-0.113,-0.699,-0.21,-0.031,0.11,0.44,-0.338,0.123,-0.463,-0.343,0.484,-0.75,-0.237,0.159,-0.496,-0.689,0.356,-0.091,0.115,-0.213,-0.424,-0.56,-0.218,0.58,0.239,-0.117,-0.629,0.122,0.015,0.283,-0.417,0.328,-0.351,0.204,0.22,-0.607,0.171,0.347,-0.342,-0.519,0.544,-0.442,-0.302,0.659,-0.753,-0.406,-0.241,0.462,-0.296,-0.607,-0.783,-0.216,-0.771,-0.714,0.02,-0.291,0.281,-0.245,0.192,-0.594,-0.503,-0.021,-0.773,0.363,-0.034,0.313,-0.312,0.425,0.018,0.362,-0.285,0.292,-0.377,0.598,-0.266,0.008,0.276,-0.364,0.38,-0.51,0.773,-0.525,0.864,0.376,0.505,0.663,-0.48
000768SZ,0.744,0.851,0.529,-0.103,0.493,-0.833,0.006,0.79,0.871,0.375,-0.509,0.35,-0.635,-0.366,-0.092,1.0,0.836,0.624,-0.112,0.75,0.828,0.764,-0.013,0.847,-0.755,-0.464,0.766,-0.462,-0.763,0.539,0.587,-0.159,0.834,0.93,-0.499,-0.628,-0.502,0.737,0.851,0.723,0.587,-0.327,-0.658,0.083,0.421,-0.812,0.338,-0.679,0.916,-0.262,0.653,-0.468,-0.119,0.693,0.662,0.077,0.4,0.067,0.789,0.76,0.023,0.671,-0.686,0.736,0.61,-0.297,0.918,-0.757,-0.663,-0.151,0.224,-0.613,-0.51,0.68,-0.838,-0.384,0.022,-0.409,0.781,-0.713,-0.157,0.289,-0.387,0.91,0.882,-0.846,0.174,0.198,0.532,0.666,-0.455,-0.652,0.444,0.841,0.782,0.435,0.827,0.811,0.805,0.555,-0.539,-0.651,0.759,0.575,-0.693,-0.448,-0.039,-0.654,0.833,0.277,-0.748,0.812,-0.494,0.847,0.746,-0.727,0.723,0.818,0.741,-0.416,-0.139,0.617,0.432,0.565,0.239,0.416,0.74,-0.047,0.393,0.153,0.665,0.261,0.895,0.923,0.705,-0.705,0.831,0.638,0.117,-0.732,-0.257,0.606,0.216,0.696,-0.385,0.456,0.167,-0.097,-0.616,-0.681,0.671,-0.354,-0.784,0.309,-0.915,0.708,0.221,-0.897,0.732,0.762,0.542,-0.783,0.893,0.076,-0.518,0.598,-0.661,0.19,-0.605,0.691,-0.399,0.639,0.439,0.56,-0.171,0.679,0.677,-0.015,0.75,0.628,0.204,-0.564,-0.126,0.499,0.876,-0.779,0.749,0.696,0.575,0.605,0.708,-0.238,0.291,-0.835,0.14,-0.813,-0.703,0.215,0.498,-0.778,0.824,0.2,0.776,-0.624,0.825,0.831,0.65,0.779,-0.563,0.807,-0.097,0.773,-0.369,-0.697,-0.564,0.292,0.517
000776SZ,0.884,0.931,0.655,0.166,0.724,-0.727,-0.041,0.914,0.916,0.442,-0.565,0.492,-0.631,-0.387,-0.043,0.836,1.0,0.729,-0.041,0.687,0.946,0.868,-0.059,0.939,-0.815,-0.448,0.831,-0.15,-0.859,0.712,0.606,-0.148,0.827,0.792,-0.422,-0.574,-0.551,0.88,0.907,0.79,0.563,-0.197,-0.732,0.14,0.519,-0.644,0.409,-0.614,0.87,-0.076,0.815,-0.49,-0.011,0.824,0.802,0.119,0.573,0.107,0.823,0.828,0.261,0.837,-0.77,0.812,0.517,-0.085,0.941,-0.694,-0.476,-0.117,0.28,-0.463,-0.514,0.793,-0.765,-0.198,-0.142,-0.438,0.917,-0.769,-0.278,0.225,-0.146,0.882,0.879,-0.732,0.404,0.237,0.563,0.693,-0.648,-0.438,0.583,0.88,0.888,0.609,0.92,0.845,0.931,0.673,-0.527,-0.473,0.804,0.471,-0.737,-0.421,-0.211,-0.638,0.823,0.34,-0.765,0.926,-0.47,0.928,0.785,-0.805,0.85,0.715,0.812,-0.169,-0.132,0.559,0.681,0.789,0.304,0.434,0.866,0.112,0.376,0.441,0.688,0.18,0.898,0.877,0.704,-0.623,0.909,0.588,0.203,-0.523,-0.27,0.637,0.377,0.872,-0.543,0.615,0.135,0.16,-0.285,-0.462,0.791,-0.413,-0.63,0.377,-0.874,0.929,0.479,-0.874,0.84,0.869,0.695,-0.718,0.872,0.333,-0.35,0.669,-0.321,0.209,-0.543,0.81,-0.511,0.845,0.455,0.581,-0.272,0.821,0.9,-0.193,0.821,0.542,0.343,-0.393,0.08,0.533,0.888,-0.655,0.863,0.914,0.868,0.738,0.743,-0.036,0.421,-0.802,-0.001,-0.726,-0.599,0.463,0.517,-0.833,0.872,0.275,0.878,-0.63,0.931,0.959,0.571,0.803,-0.673,0.777,-0.169,0.8,-0.395,-0.736,-0.394,0.355,0.653
000786SZ,0.755,0.885,0.846,-0.142,0.843,-0.818,-0.188,0.896,0.815,0.575,-0.892,0.809,-0.872,0.008,-0.578,0.624,0.729,1.0,-0.536,0.698,0.807,0.898,0.335,0.712,-0.724,-0.102,0.705,-0.157,-0.823,0.371,0.681,-0.221,0.542,0.742,-0.765,-0.679,-0.874,0.929,0.879,0.754,0.024,-0.574,-0.588,0.046,0.029,-0.524,-0.156,-0.849,0.729,-0.274,0.466,-0.636,-0.272,0.579,0.867,-0.473,0.671,-0.495,0.824,0.359,-0.175,0.42,-0.876,0.769,0.139,-0.101,0.735,-0.737,-0.378,-0.57,-0.15,-0.401,-0.857,0.356,-0.554,-0.289,-0.168,-0.815,0.889,-0.861,-0.101,-0.3,0.145,0.682,0.785,-0.424,0.685,0.638,0.787,0.599,-0.642,-0.014,0.868,0.828,0.876,0.433,0.873,0.58,0.886,0.761,-0.642,-0.548,0.333,0.617,-0.882,-0.751,0.223,-0.788,0.711,0.623,-0.557,0.824,-0.318,0.805,0.869,-0.407,0.46,0.55,0.77,0.053,-0.378,0.575,0.817,0.533,0.752,-0.16,0.805,-0.249,0.218,0.113,0.69,0.455,0.761,0.576,0.408,-0.739,0.89,0.323,0.353,-0.077,-0.497,0.878,0.568,0.534,-0.147,0.908,0.03,0.266,-0.197,-0.162,0.867,0.059,-0.323,-0.17,-0.74,0.764,0.744,-0.709,0.662,0.481,0.811,-0.735,0.82,0.103,-0.408,0.877,-0.265,-0.214,-0.212,0.925,-0.701,0.861,0.55,0.073,0.22,0.88,0.862,-0.445,0.82,0.649,0.761,-0.207,0.567,0.805,0.601,-0.242,0.409,0.841,0.506,0.881,0.797,0.018,0.768,-0.8,-0.179,-0.707,-0.28,0.128,0.511,-0.849,0.766,-0.086,0.877,-0.863,0.855,0.676,0.221,0.807,-0.74,0.782,-0.605,0.909,-0.779,-0.764,-0.516,-0.117,0.834
000800SZ,-0.263,-0.291,-0.536,0.438,-0.271,0.395,0.38,-0.331,-0.274,-0.536,0.701,-0.616,0.5,-0.187,0.692,-0.112,-0.041,-0.536,1.0,-0.406,-0.15,-0.317,-0.366,-0.083,0.083,-0.463,-0.067,0.173,0.191,0.041,-0.458,-0.106,-0.08,-0.341,0.463,0.134,0.638,-0.349,-0.328,-0.163,0.489,0.456,-0.021,-0.224,0.637,-0.032,0.713,0.568,-0.205,0.02,0.265,0.656,0.483,0.194,-0.348,0.791,-0.36,0.773,-0.199,0.284,0.386,0.141,0.425,-0.341,0.209,-0.208,-0.083,0.328,-0.153,0.762,0.16,-0.176,0.673,0.177,0.044,-0.043,-0.002,0.631,-0.288,0.287,-0.165,0.667,-0.251,0.001,-0.187,-0.044,-0.386,-0.564,-0.304,0.047,0.275,-0.415,-0.584,-0.236,-0.339,-0.223,-0.206,0.161,-0.3,-0.507,0.154,0.607,0.289,-0.408,0.497,0.776,-0.426,0.388,-0.039,-0.667,-0.098,-0.196,-0.141,-0.135,-0.364,-0.263,0.093,-0.074,-0.147,-0.429,0.084,-0.118,-0.486,-0.073,-0.563,0.554,-0.347,0.787,0.227,0.443,-0.319,-0.513,-0.242,0.087,0.214,0.223,-0.277,0.064,-0.036,-0.378,0.126,-0.529,-0.312,-0.046,-0.324,-0.589,0.118,-0.466,-0.042,0.008,-0.375,-0.32,0.012,0.795,0.228,-0.147,-0.478,0.199,-0.034,0.079,-0.401,0.466,-0.224,0.401,0.124,-0.475,0.235,0.779,0.043,-0.412,0.339,-0.308,-0.492,0.43,-0.532,-0.422,-0.295,0.311,-0.277,-0.39,-0.694,0.176,-0.501,-0.541,0.058,-0.313,0.323,-0.271,0.229,-0.495,-0.234,-0.375,-0.514,0.438,0.42,0.461,-0.06,0.07,-0.348,0.237,-0.236,0.161,-0.372,0.601,-0.214,0.031,0.057,-0.215,0.34,-0.281,0.623,-0.433,0.691,0.152,0.106,0.425,-0.388
000807SZ,0.748,0.763,0.739,-0.167,0.456,-0.698,-0.056,0.752,0.804,0.711,-0.573,0.577,-0.574,-0.101,-0.253,0.75,0.687,0.698,-0.406,1.0,0.692,0.681,0.057,0.703,-0.549,-0.114,0.558,-0.398,-0.564,0.544,0.768,0.205,0.774,0.824,-0.417,-0.325,-0.56,0.707,0.783,0.477,0.343,-0.233,-0.419,0.368,0.084,-0.455,-0.01,-0.616,0.738,0.066,0.347,-0.599,-0.24,0.418,0.585,-0.222,0.596,-0.198,0.692,0.549,0.121,0.583,-0.622,0.689,0.552,0.07,0.769,-0.656,-0.283,-0.368,0.365,-0.222,-0.597,0.577,-0.573,-0.058,-0.212,-0.49,0.746,-0.559,-0.141,-0.105,-0.236,0.655,0.684,-0.587,0.226,0.237,0.482,0.377,-0.457,-0.344,0.536,0.691,0.721,0.487,0.674,0.454,0.749,0.801,-0.235,-0.683,0.487,0.46,-0.725,-0.673,0.03,-0.625,0.586,0.65,-0.459,0.638,-0.121,0.698,0.646,-0.478,0.543,0.691,0.608,0.069,0.108,0.364,0.588,0.607,0.329,0.192,0.77,-0.389,0.132,0.142,0.585,0.24,0.8,0.651,0.424,-0.535,0.766,0.444,-0.019,-0.331,-0.023,0.591,0.401,0.659,-0.306,0.59,0.337,0.317,-0.314,-0.517,0.704,-0.249,-0.629,0.024,-0.771,0.602,0.369,-0.782,0.659,0.671,0.633,-0.854,0.755,-0.101,-0.261,0.645,-0.498,-0.221,-0.59,0.647,-0.286,0.614,0.704,0.321,-0.058,0.693,0.728,0.066,0.744,0.496,0.428,-0.56,0.098,0.518,0.697,-0.526,0.515,0.724,0.403,0.693,0.552,0.175,0.308,-0.848,-0.175,-0.841,-0.559,0.332,0.752,-0.599,0.724,0.14,0.782,-0.708,0.739,0.672,0.64,0.559,-0.565,0.668,-0.266,0.731,-0.464,-0.426,-0.261,0.26,0.524
000858SZ,0.869,0.946,0.699,0.029,0.803,-0.82,-0.018,0.955,0.953,0.435,-0.684,0.581,-0.751,-0.307,-0.257,0.828,0.946,0.807,-0.15,0.692,1.0,0.938,0.115,0.894,-0.809,-0.347,0.875,-0.181,-0.883,0.643,0.626,-0.221,0.778,0.8,-0.589,-0.698,-0.689,0.914,0.966,0.887,0.421,-0.394,-0.675,0.084,0.461,-0.716,0.327,-0.731,0.916,-0.217,0.827,-0.574,-0.066,0.833,0.891,-0.07,0.592,-0.059,0.885,0.752,0.04,0.71,-0.857,0.832,0.43,-0.193,0.943,-0.72,-0.553,-0.269,0.11,-0.545,-0.668,0.715,-0.753,-0.341,-0.112,-0.585,0.955,-0.843,-0.151,0.12,-0.072,0.906,0.923,-0.701,0.526,0.398,0.696,0.732,-0.643,-0.411,0.656,0.951,0.914,0.537,0.929,0.831,0.944,0.709,-0.636,-0.523,0.748,0.635,-0.811,-0.545,-0.041,-0.675,0.886,0.41,-0.718,0.957,-0.441,0.954,0.878,-0.717,0.764,0.797,0.89,-0.151,-0.253,0.633,0.769,0.703,0.444,0.268,0.9,0.077,0.442,0.341,0.645,0.299,0.926,0.869,0.678,-0.695,0.94,0.549,0.343,-0.477,-0.38,0.769,0.418,0.761,-0.416,0.72,0.037,0.124,-0.323,-0.392,0.838,-0.272,-0.572,0.276,-0.894,0.898,0.551,-0.875,0.786,0.748,0.74,-0.745,0.914,0.271,-0.401,0.763,-0.36,0.176,-0.447,0.878,-0.605,0.877,0.49,0.415,-0.104,0.852,0.887,-0.258,0.846,0.642,0.466,-0.329,0.205,0.651,0.873,-0.618,0.792,0.901,0.771,0.844,0.823,-0.136,0.556,-0.836,0.049,-0.755,-0.534,0.311,0.454,-0.886,0.882,0.215,0.93,-0.694,0.957,0.928,0.503,0.879,-0.705,0.855,-0.307,0.87,-0.556,-0.795,-0.534,0.208,0.707
000876SZ,0.82,0.93,0.752,-0.067,0.858,-0.85,-0.061,0.963,0.921,0.447,-0.836,0.676,-0.867,-0.203,-0.477,0.764,0.868,0.898,-0.317,0.681,0.938,1.0,0.294,0.82,-0.777,-0.228,0.84,-0.143,-0.897,0.486,0.639,-0.324,0.661,0.781,-0.751,-0.763,-0.854,0.941,0.956,0.914,0.21,-0.585,-0.639,-0.008,0.291,-0.712,0.121,-0.865,0.88,-0.355,0.715,-0.64,-0.156,0.758,0.977,-0.307,0.583,-0.318,0.906,0.573,-0.131,0.552,-0.955,0.861,0.252,-0.244,0.882,-0.753,-0.56,-0.438,-0.076,-0.571,-0.824,0.524,-0.684,-0.421,-0.111,-0.736,0.948,-0.898,-0.09,-0.039,0.061,0.858,0.913,-0.559,0.681,0.596,0.8,0.723,-0.621,-0.258,0.798,0.956,0.929,0.459,0.926,0.757,0.948,0.71,-0.731,-0.54,0.586,0.72,-0.848,-0.661,0.139,-0.749,0.879,0.441,-0.659,0.941,-0.395,0.934,0.958,-0.587,0.604,0.736,0.903,-0.127,-0.386,0.709,0.792,0.58,0.637,0.032,0.883,-0.047,0.426,0.204,0.61,0.455,0.867,0.787,0.608,-0.779,0.946,0.505,0.422,-0.326,-0.5,0.896,0.47,0.654,-0.268,0.848,-0.091,0.106,-0.335,-0.276,0.863,-0.103,-0.435,0.084,-0.864,0.848,0.679,-0.814,0.725,0.606,0.77,-0.752,0.925,0.224,-0.452,0.842,-0.351,0.073,-0.29,0.937,-0.705,0.93,0.485,0.228,0.089,0.87,0.884,-0.379,0.84,0.763,0.628,-0.226,0.414,0.808,0.783,-0.474,0.629,0.899,0.657,0.901,0.897,-0.107,0.703,-0.842,0.078,-0.743,-0.395,0.141,0.407,-0.914,0.86,0.04,0.935,-0.807,0.938,0.826,0.336,0.896,-0.768,0.908,-0.493,0.917,-0.729,-0.815,-0.628,0.019,0.752
000895SZ,-0.039,0.097,0.208,-0.188,0.306,-0.367,0.208,0.182,0.144,0.037,-0.472,0.402,-0.468,0.471,-0.681,-0.013,-0.059,0.335,-0.366,0.057,0.115,0.294,1.0,-0.047,0.007,0.39,0.013,-0.031,-0.029,-0.28,-0.037,-0.344,-0.283,0.068,-0.619,-0.421,-0.462,0.105,0.195,0.373,-0.62,-0.747,0.211,-0.354,-0.31,-0.141,-0.37,-0.358,0.169,-0.521,0.042,-0.249,-0.058,-0.029,0.306,-0.652,0.025,-0.622,0.211,-0.359,-0.69,-0.298,-0.263,0.155,-0.51,-0.336,-0.032,-0.135,-0.206,-0.565,-0.646,-0.242,-0.561,-0.396,0.239,-0.401,0.333,-0.485,0.122,-0.287,0.584,-0.47,0.505,0.119,0.136,0.186,0.407,0.681,0.639,0.075,0.15,0.178,0.421,0.286,0.098,0.026,0.083,-0.005,0.076,-0.004,-0.294,-0.012,-0.267,0.663,-0.369,-0.473,0.731,-0.166,0.271,0.264,0.236,0.124,0.149,0.084,0.371,0.417,-0.207,0.13,0.216,0.089,-0.515,0.392,0.394,-0.345,0.659,-0.497,0.074,-0.107,0.194,-0.52,0.007,0.623,0.098,-0.042,-0.127,-0.138,0.172,-0.266,0.358,0.26,-0.462,0.565,0.103,-0.216,0.606,0.33,-0.344,-0.018,0.044,0.285,0.165,0.681,0.32,-0.447,0.027,0.001,0.364,0.071,-0.287,-0.401,0.134,-0.053,0.234,-0.205,-0.168,0.336,-0.117,-0.251,0.489,0.268,-0.3,0.277,0.15,-0.633,0.653,0.14,0.04,-0.337,0.03,0.426,0.471,0.323,0.645,0.554,-0.151,0.268,-0.356,0.028,-0.226,0.358,0.425,-0.143,0.506,-0.128,0.217,-0.099,0.409,-0.471,-0.226,-0.207,0.088,-0.009,0.219,-0.206,0.077,-0.138,-0.409,0.11,0.095,0.376,-0.338,0.334,-0.634,-0.353,-0.382,-0.734,0.378
000938SZ,0.791,0.921,0.657,0.018,0.712,-0.765,-0.154,0.88,0.867,0.469,-0.565,0.496,-0.649,-0.373,-0.058,0.847,0.939,0.712,-0.083,0.703,0.894,0.82,-0.047,1.0,-0.849,-0.476,0.791,-0.344,-0.843,0.638,0.632,-0.101,0.81,0.838,-0.415,-0.554,-0.527,0.861,0.891,0.72,0.559,-0.215,-0.745,0.144,0.419,-0.636,0.326,-0.609,0.858,-0.042,0.732,-0.472,-0.045,0.724,0.728,0.069,0.593,0.096,0.793,0.777,0.26,0.783,-0.718,0.748,0.542,-0.06,0.921,-0.765,-0.476,-0.092,0.299,-0.471,-0.512,0.762,-0.74,-0.15,-0.168,-0.461,0.88,-0.787,-0.321,0.159,-0.29,0.848,0.849,-0.818,0.302,0.158,0.532,0.667,-0.662,-0.457,0.54,0.844,0.844,0.46,0.909,0.792,0.89,0.634,-0.556,-0.536,0.704,0.436,-0.776,-0.441,-0.22,-0.73,0.773,0.401,-0.774,0.892,-0.513,0.893,0.729,-0.801,0.817,0.725,0.781,-0.21,-0.149,0.479,0.63,0.792,0.259,0.449,0.833,0.054,0.283,0.353,0.731,0.133,0.892,0.855,0.647,-0.668,0.895,0.564,0.101,-0.569,-0.284,0.632,0.395,0.785,-0.563,0.572,0.188,0.178,-0.377,-0.588,0.76,-0.439,-0.724,0.281,-0.882,0.849,0.37,-0.923,0.788,0.893,0.647,-0.782,0.84,0.162,-0.47,0.638,-0.425,0.116,-0.628,0.763,-0.49,0.813,0.506,0.602,-0.321,0.767,0.866,-0.104,0.804,0.504,0.302,-0.533,0.023,0.464,0.873,-0.655,0.805,0.845,0.764,0.687,0.691,-0.074,0.353,-0.842,-0.102,-0.793,-0.706,0.494,0.562,-0.849,0.8,0.246,0.832,-0.66,0.92,0.914,0.581,0.797,-0.628,0.723,-0.155,0.801,-0.419,-0.723,-0.382,0.359,0.64
000963SZ,-0.667,-0.863,-0.526,0.112,-0.715,0.772,0.196,-0.805,-0.761,-0.272,0.538,-0.398,0.676,0.237,0.064,-0.755,-0.815,-0.724,0.083,-0.549,-0.809,-0.777,0.007,-0.849,1.0,0.644,-0.78,0.356,0.879,-0.516,-0.492,0.312,-0.643,-0.738,0.492,0.671,0.511,-0.83,-0.801,-0.702,-0.494,0.286,0.893,0.097,-0.423,0.671,-0.293,0.616,-0.751,0.257,-0.677,0.327,-0.054,-0.743,-0.699,-0.054,-0.416,-0.045,-0.769,-0.649,-0.161,-0.643,0.681,-0.636,-0.435,0.2,-0.829,0.763,0.557,0.027,-0.057,0.581,0.464,-0.587,0.704,0.299,0.105,0.465,-0.843,0.849,0.426,-0.185,0.258,-0.789,-0.808,0.743,-0.358,-0.168,-0.599,-0.748,0.618,0.425,-0.527,-0.786,-0.752,-0.357,-0.9,-0.821,-0.814,-0.478,0.69,0.43,-0.595,-0.365,0.756,0.32,0.17,0.8,-0.714,-0.28,0.894,-0.85,0.752,-0.845,-0.679,0.769,-0.694,-0.545,-0.751,0.349,0.363,-0.485,-0.558,-0.661,-0.339,-0.282,-0.703,-0.141,-0.326,-0.279,-0.712,-0.119,-0.771,-0.744,-0.677,0.746,-0.844,-0.512,-0.207,0.518,0.488,-0.583,-0.417,-0.663,0.535,-0.549,-0.098,-0.003,0.374,0.421,-0.658,0.313,0.593,-0.244,0.774,-0.792,-0.36,0.811,-0.783,-0.739,-0.547,0.624,-0.796,-0.287,0.66,-0.555,0.275,-0.146,0.446,-0.726,0.597,-0.724,-0.303,-0.557,0.251,-0.678,-0.786,0.186,-0.708,-0.409,-0.284,0.427,-0.098,-0.441,-0.788,0.583,-0.715,-0.768,-0.705,-0.605,-0.699,0.302,-0.366,0.711,0.043,0.629,0.61,-0.276,-0.422,0.883,-0.678,-0.09,-0.764,0.579,-0.857,-0.83,-0.375,-0.825,0.578,-0.648,0.128,-0.737,0.38,0.784,0.507,-0.256,-0.643
000999SZ,-0.191,-0.359,0.087,-0.101,-0.147,0.263,-0.032,-0.258,-0.282,0.262,-0.109,0.301,0.1,0.307,-0.457,-0.464,-0.448,-0.102,-0.463,-0.114,-0.347,-0.228,0.39,-0.476,0.644,1.0,-0.436,0.209,0.481,-0.348,0.075,0.402,-0.354,-0.311,-0.022,0.353,-0.133,-0.277,-0.261,-0.263,-0.688,-0.134,0.727,0.335,-0.61,0.558,-0.572,0.074,-0.324,0.221,-0.45,-0.326,-0.433,-0.521,-0.157,-0.582,0.191,-0.547,-0.347,-0.553,-0.37,-0.515,0.136,-0.173,-0.455,0.371,-0.47,0.297,0.572,-0.598,-0.177,0.577,-0.198,-0.401,0.544,0.307,-0.02,-0.213,-0.304,0.351,0.486,-0.709,0.49,-0.494,-0.386,0.568,0.117,0.38,-0.11,-0.519,0.189,0.611,0.103,-0.282,-0.203,-0.028,-0.475,-0.666,-0.297,0.126,0.458,0.049,-0.524,0.168,0.128,-0.364,0.407,0.345,-0.377,0.389,0.759,-0.397,0.805,-0.459,-0.165,0.723,-0.441,-0.187,-0.337,0.732,0.253,-0.28,0.115,-0.363,0.224,-0.543,-0.148,-0.496,-0.382,-0.245,-0.261,0.211,-0.323,-0.512,-0.698,0.418,-0.351,-0.431,0.018,0.662,0.291,0.063,0.104,-0.42,0.587,0.107,-0.065,0.456,0.452,0.393,-0.067,0.451,0.439,-0.571,0.356,-0.381,0.202,0.409,-0.598,-0.553,0.046,0.083,-0.387,-0.514,0.586,0.066,0.029,-0.52,0.3,-0.13,0.223,-0.225,0.276,-0.755,0.538,-0.066,-0.261,-0.039,-0.2,0.002,0.368,0.262,0.343,0.118,-0.564,0.626,-0.628,-0.261,-0.551,0.057,-0.326,0.508,0.22,0.15,-0.219,0.09,0.522,-0.15,-0.095,0.414,-0.225,-0.115,-0.205,-0.018,-0.363,-0.493,-0.245,-0.438,0.148,-0.221,-0.445,-0.14,-0.242,0.385,0.357,-0.48,-0.102
001965SZ,0.793,0.843,0.622,-0.069,0.761,-0.689,-0.166,0.866,0.811,0.31,-0.608,0.5,-0.687,-0.27,-0.183,0.766,0.831,0.705,-0.067,0.558,0.875,0.84,0.013,0.791,-0.78,-0.436,1.0,-0.116,-0.877,0.493,0.524,-0.23,0.701,0.732,-0.538,-0.641,-0.619,0.824,0.853,0.855,0.483,-0.31,-0.792,0.032,0.408,-0.696,0.283,-0.713,0.864,-0.25,0.711,-0.488,-0.138,0.734,0.797,-0.023,0.517,-0.053,0.904,0.645,-0.008,0.541,-0.782,0.807,0.418,-0.2,0.86,-0.778,-0.542,-0.161,0.027,-0.552,-0.562,0.642,-0.722,-0.339,-0.171,-0.558,0.821,-0.834,-0.321,0.146,-0.122,0.812,0.912,-0.631,0.468,0.345,0.633,0.786,-0.441,-0.371,0.632,0.849,0.845,0.392,0.863,0.831,0.85,0.618,-0.679,-0.503,0.603,0.533,-0.69,-0.441,-0.123,-0.702,0.823,0.235,-0.826,0.886,-0.57,0.899,0.785,-0.678,0.696,0.652,0.885,-0.298,-0.249,0.654,0.557,0.531,0.326,0.158,0.812,0.098,0.554,0.351,0.549,0.284,0.84,0.839,0.811,-0.696,0.877,0.6,0.526,-0.473,-0.404,0.644,0.314,0.59,-0.378,0.616,0.042,-0.027,-0.313,-0.302,0.763,-0.257,-0.495,0.24,-0.819,0.758,0.469,-0.797,0.722,0.678,0.686,-0.645,0.839,0.237,-0.424,0.686,-0.363,0.201,-0.439,0.796,-0.539,0.775,0.358,0.467,-0.112,0.763,0.746,-0.272,0.802,0.621,0.409,-0.248,0.103,0.617,0.81,-0.596,0.727,0.751,0.682,0.621,0.737,-0.247,0.523,-0.731,0.206,-0.645,-0.533,0.247,0.441,-0.862,0.685,0.014,0.793,-0.709,0.883,0.835,0.43,0.812,-0.747,0.781,-0.346,0.768,-0.415,-0.676,-0.527,0.264,0.54
