,000001SZ,000002SZ,000157SZ,000166SZ,000333SZ,000338SZ,000538SZ,000568SZ,000596SZ,000617SZ,000625SZ,000651SZ,000661SZ,000708SZ,000725SZ,000768SZ,000776SZ,000786SZ,000800SZ,000807SZ,000858SZ,000876SZ,000895SZ,000938SZ,000963SZ,000999SZ,001965SZ,002001SZ,002007SZ,002027SZ,002028SZ,002050SZ,002129SZ,002179SZ,002230SZ,002236SZ,002241SZ,002271SZ,002304SZ,002311SZ,002371SZ,002415SZ,002422SZ,002459SZ,002460SZ,002463SZ,002466SZ,002475SZ,002493SZ,002555SZ,002594SZ,002601SZ,002648SZ,002709SZ,002714SZ,002916SZ,002920SZ,002938SZ,003816SZ,300014SZ,300033SZ,300059SZ,300122SZ,300124SZ,300274SZ,300308SZ,300316SZ,300347SZ,300394SZ,300408SZ,300413SZ,300418SZ,300433SZ,300450SZ,300498SZ,300502SZ,300628SZ,300661SZ,300750SZ,300759SZ,300760SZ,300782SZ,600000SS,600010SS,600011SS,600015SS,600016SS,600018SS,600019SS,600023SS,600025SS,600026SS,600028SS,600029SS,600031SS,600036SS,600048SS,600050SS,600061SS,600085SS,600089SS,600104SS,600111SS,600115SS,600161SS,600183SS,600188SS,600196SS,600219SS,600233SS,600276SS,600309SS,600332SS,600346SS,600362SS,600377SS,600406SS,600415SS,600426SS,600436SS,600438SS,600489SS,600519SS,600570SS,600585SS,600588SS,600600SS,600660SS,600674SS,600741SS,600760SS,600795SS,600809SS,600875SS,600886SS,600887SS,600926SS,600989SS,601006SS,601009SS,601012SS,601021SS,601058SS,601066SS,601088SS,601100SS,601117SS,601138SS,601166SS,601169SS,601186SS,601225SS,601229SS,601238SS,601288SS,601318SS,601319SS,601328SS,601336SS,601360SS,601390SS,601398SS,601600SS,601601SS,601607SS,601618SS,601628SS,601633SS,601658SS,601668SS,601669SS,601688SS,601689SS,601698SS,601699SS,601766SS,601788SS,601799SS,601800SS,601808SS,601816SS,601818SS,601838SS,601857SS,601865SS,601872SS,601877SS,601878SS,601881SS,601888SS,601899SS,601901SS,601919SS,601939SS,601985SS,601988SS,601998SS,603019SS,603195SS,603259SS,603260SS,603288SS,603369SS,603501SS,603659SS,603799SS,603806SS,603833SS,603986SS,603993SS,688008SS,688009SS,688012SS,688036SS,688111SS,688169SS,688396SS
000001SZ,1.0,0.226,-0.041,0.005,-0.32,0.128,0.22,0.035,-0.109,0.251,-0.0,-0.177,-0.014,0.082,0.52,0.146,0.125,0.044,0.099,0.108,0.194,0.077,0.107,0.028,-0.03,0.151,0.413,0.297,-0.097,0.46,-0.38,-0.049,0.078,0.345,0.35,0.058,0.153,0.213,0.069,-0.083,-0.186,-0.034,-0.268,-0.056,0.143,-0.142,0.103,0.01,0.315,0.195,-0.346,0.074,0.436,-0.027,0.241,-0.277,-0.125,-0.061,0.207,-0.159,-0.173,-0.256,0.068,-0.023,-0.188,-0.027,-0.273,-0.154,-0.077,-0.21,0.119,0.232,0.058,-0.085,0.221,-0.089,-0.457,-0.403,-0.235,-0.157,-0.158,-0.194,0.4,0.573,0.468,0.612,0.508,0.362,0.29,0.189,0.12,0.174,0.332,0.577,0.007,0.447,0.113,0.317,0.066,0.085,0.096,0.032,0.376,0.617,0.107,-0.04,0.321,-0.014,0.087,0.03,-0.28,-0.101,0.193,0.231,-0.122,0.21,-0.18,0.087,0.117,-0.014,-0.13,-0.325,0.304,0.019,-0.041,0.155,0.028,0.26,0.323,0.001,0.092,0.317,-0.013,-0.077,0.377,0.205,0.777,0.307,0.511,0.306,-0.082,0.191,-0.141,-0.13,0.317,0.002,0.127,-0.079,0.819,0.599,0.701,0.373,0.596,0.066,0.36,0.669,0.745,0.242,0.483,0.156,0.637,0.343,0.328,0.252,0.07,0.675,0.182,-0.111,0.448,0.722,0.296,-0.071,-0.143,0.019,-0.053,0.303,-0.152,-0.115,0.736,0.413,0.375,0.476,0.724,0.339,-0.094,0.24,0.007,-0.218,0.005,0.011,0.043,-0.099,0.43,0.328,0.136,0.407,0.588,0.127,-0.178,-0.004,-0.096,-0.042,0.162,-0.671,0.003,0.092,-0.137,0.019,-0.194,-0.013,-0.301,0.272,-0.26,-0.102,-0.258,-0.318,-0.411
000002SZ,0.226,1.0,0.796,0.707,0.47,0.467,0.898,0.903,0.776,0.746,-0.145,0.775,0.93,0.876,0.094,0.842,0.745,0.738,0.868,0.711,0.913,0.786,0.928,0.655,0.933,0.914,-0.12,-0.625,0.904,-0.001,0.715,0.882,0.947,0.749,0.437,0.861,-0.786,0.961,0.913,0.815,0.591,0.918,0.82,0.911,0.929,-0.611,0.932,-0.874,0.469,0.943,0.043,0.758,-0.033,0.766,0.799,-0.478,0.874,-0.827,-0.672,0.529,0.761,0.753,0.95,0.857,0.761,-0.643,0.737,0.845,0.155,0.746,0.935,0.812,-0.888,0.862,0.827,-0.613,0.435,0.048,0.602,0.806,0.776,0.801,-0.569,0.597,-0.418,-0.448,-0.161,-0.515,-0.38,-0.638,-0.715,0.868,-0.526,-0.032,-0.299,-0.647,0.971,-0.701,0.879,0.932,0.855,0.73,0.794,0.318,0.915,0.232,0.664,0.93,-0.625,0.615,0.816,0.846,0.928,0.463,0.52,-0.851,-0.775,0.937,0.783,0.935,0.77,-0.688,0.841,0.914,-0.792,0.877,0.905,-0.07,-0.44,0.145,0.783,-0.381,0.89,0.647,-0.401,0.949,-0.08,-0.766,0.113,-0.797,0.89,0.787,0.755,0.744,-0.437,0.862,0.394,-0.506,-0.155,-0.479,0.144,-0.208,-0.393,0.905,-0.691,0.296,-0.107,-0.747,0.726,0.805,0.317,-0.74,0.059,-0.037,-0.659,0.345,0.291,0.093,-0.55,-0.287,-0.718,0.757,0.623,0.868,0.865,-0.719,0.707,0.73,0.296,0.489,-0.685,-0.424,-0.132,-0.648,0.875,0.305,0.871,0.538,0.663,0.854,-0.714,0.745,0.037,-0.73,-0.715,-0.69,-0.378,0.302,0.864,0.878,0.781,0.539,0.87,0.227,0.923,0.965,0.896,0.946,-0.609,-0.685,-0.939,-0.291,0.352,0.906,0.757,0.646,0.283
000157SZ,-0.041,0.796,1.0,0.746,0.567,0.698,0.72,0.88,0.881,0.63,-0.146,0.911,0.84,0.896,-0.23,0.664,0.791,0.91,0.874,0.456,0.699,0.603,0.81,0.72,0.87,0.721,-0.359,-0.453,0.907,-0.465,0.812,0.801,0.813,0.708,0.559,0.841,-0.811,0.772,0.85,0.578,0.615,0.905,0.739,0.878,0.7,-0.525,0.818,-0.729,0.567,0.732,0.303,0.594,0.048,0.769,0.534,-0.248,0.805,-0.625,-0.837,0.731,0.878,0.864,0.845,0.708,0.883,-0.542,0.689,0.732,0.308,0.729,0.782,0.671,-0.792,0.836,0.562,-0.502,0.557,0.515,0.687,0.731,0.844,0.837,-0.804,0.221,-0.65,-0.654,-0.583,-0.729,-0.705,-0.816,-0.867,0.763,-0.733,-0.27,0.08,-0.62,0.867,-0.831,0.783,0.738,0.803,0.797,0.561,0.333,0.823,0.185,0.309,0.748,-0.8,0.833,0.713,0.873,0.703,0.419,0.371,-0.845,-0.562,0.752,0.927,0.857,0.921,-0.725,0.619,0.842,-0.834,0.844,0.886,-0.271,-0.739,0.487,0.538,-0.591,0.893,0.888,-0.667,0.781,-0.423,-0.796,-0.313,-0.683,0.85,0.864,0.836,0.828,-0.588,0.938,0.661,-0.313,-0.287,-0.67,0.141,-0.328,-0.61,0.873,-0.851,0.157,-0.435,-0.793,0.483,0.771,0.381,-0.864,-0.176,-0.159,-0.451,-0.033,0.469,0.532,-0.719,-0.549,-0.596,0.853,0.593,0.814,0.9,-0.817,0.839,0.595,0.3,0.687,-0.85,-0.765,-0.449,-0.781,0.906,0.234,0.9,0.734,0.79,0.56,-0.793,0.812,0.25,-0.859,-0.798,-0.833,-0.517,0.356,0.88,0.8,0.895,0.704,0.689,0.349,0.788,0.774,0.897,0.876,-0.372,-0.819,-0.769,-0.451,0.562,0.836,0.872,0.87,0.572
000166SZ,0.005,0.707,0.746,1.0,0.275,0.501,0.62,0.849,0.847,0.814,0.335,0.754,0.838,0.82,-0.003,0.524,0.943,0.794,0.833,0.167,0.689,0.506,0.799,0.818,0.789,0.725,-0.599,-0.358,0.802,-0.292,0.758,0.829,0.833,0.676,0.595,0.914,-0.62,0.645,0.782,0.506,0.768,0.827,0.682,0.874,0.789,-0.181,0.843,-0.489,0.494,0.74,0.468,0.327,-0.16,0.95,0.381,0.035,0.757,-0.383,-0.893,0.914,0.903,0.896,0.767,0.821,0.898,-0.179,0.796,0.582,0.582,0.664,0.714,0.694,-0.626,0.908,0.362,-0.126,0.702,0.559,0.848,0.685,0.736,0.894,-0.691,0.152,-0.786,-0.703,-0.57,-0.723,-0.69,-0.838,-0.857,0.547,-0.837,-0.091,-0.198,-0.415,0.755,-0.683,0.909,0.738,0.87,0.903,0.484,0.362,0.673,0.456,0.272,0.637,-0.722,0.826,0.756,0.749,0.547,0.038,0.225,-0.804,-0.298,0.576,0.698,0.767,0.886,-0.662,0.62,0.868,-0.849,0.876,0.84,-0.526,-0.808,0.471,0.506,-0.776,0.868,0.765,-0.783,0.691,-0.396,-0.782,-0.404,-0.621,0.891,0.74,0.672,0.962,-0.707,0.815,0.471,0.046,-0.181,-0.722,0.263,-0.375,-0.701,0.885,-0.824,0.384,-0.262,-0.844,0.676,0.879,0.411,-0.824,-0.368,0.138,-0.289,0.006,0.722,0.618,-0.809,-0.512,-0.423,0.957,0.747,0.846,0.837,-0.814,0.942,0.661,0.265,0.505,-0.812,-0.733,-0.47,-0.829,0.884,-0.071,0.847,0.89,0.953,0.655,-0.785,0.93,0.241,-0.843,-0.888,-0.798,-0.542,0.615,0.737,0.721,0.782,0.766,0.634,0.507,0.85,0.758,0.787,0.829,-0.07,-0.747,-0.637,-0.696,0.603,0.803,0.812,0.827,0.661
000333SZ,-0.32,0.47,0.567,0.275,1.0,0.39,0.42,0.535,0.559,0.223,-0.386,0.703,0.458,0.431,-0.396,0.341,0.308,0.529,0.415,0.339,0.476,0.354,0.427,0.159,0.539,0.425,-0.303,-0.526,0.556,-0.399,0.668,0.468,0.42,0.282,0.036,0.405,-0.658,0.462,0.551,0.44,0.244,0.567,0.498,0.52,0.361,-0.381,0.427,-0.575,0.116,0.369,0.215,0.42,-0.056,0.397,0.396,-0.209,0.53,-0.494,-0.518,0.353,0.497,0.548,0.468,0.479,0.493,-0.464,0.437,0.525,-0.012,0.537,0.439,0.218,-0.595,0.463,0.403,-0.395,0.372,0.289,0.491,0.387,0.623,0.479,-0.568,-0.017,-0.445,-0.498,-0.451,-0.524,-0.425,-0.503,-0.526,0.439,-0.453,-0.429,0.056,-0.492,0.539,-0.627,0.381,0.403,0.414,0.47,0.207,-0.158,0.388,0.193,0.04,0.505,-0.463,0.421,0.571,0.654,0.424,0.331,0.278,-0.595,-0.377,0.487,0.534,0.557,0.515,-0.351,0.388,0.457,-0.398,0.345,0.535,-0.072,-0.435,0.231,0.316,-0.391,0.568,0.482,-0.413,0.491,-0.482,-0.551,-0.274,-0.6,0.499,0.433,0.59,0.42,-0.436,0.575,0.223,-0.404,-0.45,-0.568,-0.296,-0.447,-0.528,0.446,-0.583,-0.114,-0.426,-0.521,0.097,0.262,-0.075,-0.587,-0.163,-0.161,-0.508,-0.189,0.122,0.117,-0.488,-0.532,-0.607,0.442,0.327,0.38,0.479,-0.611,0.454,0.423,-0.118,0.15,-0.605,-0.48,-0.455,-0.539,0.531,0.089,0.508,0.375,0.342,0.389,-0.405,0.422,-0.148,-0.598,-0.497,-0.599,-0.48,-0.09,0.663,0.469,0.527,0.526,0.455,0.311,0.461,0.461,0.603,0.519,-0.377,-0.413,-0.481,-0.356,0.223,0.559,0.597,0.54,0.247
000338SZ,0.128,0.467,0.698,0.501,0.39,1.0,0.414,0.589,0.646,0.462,-0.313,0.689,0.444,0.536,-0.189,0.263,0.606,0.812,0.622,0.043,0.346,0.106,0.507,0.452,0.563,0.378,-0.383,-0.155,0.596,-0.58,0.473,0.362,0.451,0.575,0.769,0.576,-0.492,0.343,0.664,0.199,0.212,0.579,0.341,0.538,0.426,-0.375,0.573,-0.345,0.754,0.473,0.339,0.298,-0.037,0.543,0.167,-0.115,0.389,-0.174,-0.642,0.613,0.651,0.56,0.561,0.436,0.538,-0.373,0.311,0.325,0.003,0.503,0.569,0.602,-0.367,0.454,0.266,-0.395,0.275,0.581,0.461,0.291,0.682,0.494,-0.672,0.07,-0.477,-0.373,-0.526,-0.687,-0.77,-0.777,-0.765,0.353,-0.623,-0.108,0.537,-0.255,0.479,-0.562,0.447,0.327,0.496,0.597,0.355,0.594,0.467,0.244,-0.119,0.404,-0.779,0.819,0.301,0.607,0.344,0.515,-0.187,-0.554,-0.295,0.427,0.731,0.542,0.663,-0.781,0.389,0.584,-0.591,0.638,0.644,0.101,-0.685,0.838,0.051,-0.566,0.633,0.747,-0.64,0.54,-0.364,-0.44,-0.396,-0.185,0.479,0.85,0.555,0.536,-0.649,0.692,0.708,-0.191,-0.005,-0.338,0.268,-0.508,-0.406,0.529,-0.577,0.086,-0.419,-0.505,0.093,0.647,0.487,-0.562,-0.402,-0.427,-0.124,-0.186,0.485,0.591,-0.388,-0.365,-0.292,0.536,0.089,0.505,0.445,-0.593,0.592,0.07,0.395,0.789,-0.575,-0.593,-0.36,-0.63,0.568,-0.128,0.674,0.421,0.575,0.143,-0.733,0.523,0.263,-0.59,-0.652,-0.492,-0.29,0.493,0.58,0.528,0.68,0.652,0.338,-0.015,0.486,0.458,0.583,0.493,-0.035,-0.765,-0.534,-0.407,0.197,0.454,0.674,0.578,0.178
000538SZ,0.22,0.898,0.72,0.62,0.42,0.414,1.0,0.796,0.643,0.632,-0.071,0.654,0.833,0.775,0.251,0.88,0.599,0.7,0.849,0.638,0.83,0.824,0.784,0.622,0.837,0.943,-0.037,-0.482,0.799,-0.033,0.652,0.738,0.842,0.697,0.341,0.768,-0.616,0.89,0.792,0.756,0.582,0.828,0.768,0.796,0.825,-0.518,0.842,-0.733,0.432,0.829,-0.051,0.765,0.061,0.677,0.859,-0.47,0.763,-0.708,-0.572,0.456,0.647,0.626,0.839,0.757,0.675,-0.534,0.629,0.745,0.181,0.648,0.833,0.691,-0.749,0.765,0.843,-0.528,0.341,0.029,0.497,0.662,0.674,0.676,-0.49,0.683,-0.351,-0.377,-0.073,-0.391,-0.331,-0.54,-0.604,0.773,-0.423,0.173,-0.209,-0.526,0.873,-0.541,0.784,0.891,0.789,0.659,0.84,0.382,0.849,0.174,0.572,0.867,-0.472,0.568,0.724,0.741,0.936,0.477,0.547,-0.745,-0.661,0.809,0.773,0.842,0.653,-0.543,0.683,0.819,-0.644,0.78,0.793,0.062,-0.382,0.213,0.746,-0.333,0.767,0.625,-0.358,0.811,-0.017,-0.623,0.077,-0.66,0.781,0.722,0.745,0.619,-0.42,0.72,0.381,-0.44,-0.029,-0.415,0.191,-0.197,-0.294,0.767,-0.605,0.241,-0.031,-0.617,0.625,0.742,0.306,-0.629,0.169,-0.055,-0.371,0.449,0.245,0.125,-0.437,-0.205,-0.546,0.652,0.489,0.812,0.737,-0.598,0.568,0.724,0.286,0.532,-0.552,-0.332,-0.059,-0.541,0.76,0.328,0.801,0.436,0.534,0.739,-0.577,0.599,0.049,-0.619,-0.589,-0.58,-0.216,0.287,0.717,0.708,0.771,0.423,0.722,0.202,0.842,0.859,0.782,0.813,-0.508,-0.554,-0.808,-0.24,0.289,0.798,0.613,0.509,0.172
000568SZ,0.035,0.903,0.88,0.849,0.535,0.589,0.796,1.0,0.953,0.697,-0.112,0.916,0.939,0.929,-0.133,0.71,0.849,0.856,0.902,0.485,0.908,0.669,0.887,0.684,0.958,0.837,-0.366,-0.566,0.957,-0.279,0.859,0.909,0.913,0.678,0.511,0.892,-0.885,0.87,0.951,0.703,0.624,0.949,0.794,0.951,0.878,-0.601,0.948,-0.822,0.561,0.857,0.241,0.683,-0.116,0.881,0.642,-0.372,0.881,-0.723,-0.874,0.787,0.904,0.914,0.93,0.858,0.906,-0.62,0.765,0.821,0.206,0.746,0.866,0.755,-0.891,0.916,0.66,-0.57,0.545,0.402,0.846,0.787,0.909,0.892,-0.727,0.278,-0.689,-0.638,-0.474,-0.726,-0.653,-0.847,-0.887,0.809,-0.757,-0.153,-0.132,-0.631,0.945,-0.851,0.915,0.856,0.853,0.833,0.59,0.298,0.852,0.229,0.396,0.879,-0.808,0.81,0.864,0.947,0.789,0.39,0.363,-0.908,-0.686,0.866,0.856,0.964,0.921,-0.782,0.853,0.933,-0.864,0.921,0.981,-0.271,-0.711,0.387,0.616,-0.636,0.982,0.79,-0.645,0.885,-0.389,-0.872,-0.238,-0.808,0.936,0.869,0.774,0.884,-0.686,0.948,0.501,-0.425,-0.3,-0.677,0.143,-0.454,-0.627,0.941,-0.87,0.294,-0.327,-0.829,0.621,0.839,0.347,-0.887,-0.249,-0.104,-0.571,0.077,0.442,0.387,-0.717,-0.544,-0.686,0.882,0.692,0.867,0.906,-0.876,0.879,0.682,0.264,0.547,-0.862,-0.666,-0.442,-0.842,0.947,0.16,0.902,0.709,0.82,0.777,-0.859,0.855,0.152,-0.888,-0.861,-0.848,-0.503,0.312,0.901,0.877,0.903,0.752,0.875,0.332,0.925,0.913,0.952,0.952,-0.489,-0.844,-0.894,-0.52,0.537,0.9,0.903,0.835,0.482
000596SZ,-0.109,0.776,0.881,0.847,0.559,0.646,0.643,0.953,1.0,0.644,-0.119,0.946,0.86,0.877,-0.336,0.531,0.852,0.886,0.847,0.306,0.793,0.507,0.809,0.634,0.904,0.694,-0.54,-0.488,0.919,-0.455,0.865,0.847,0.812,0.604,0.573,0.845,-0.883,0.744,0.906,0.562,0.578,0.892,0.726,0.9,0.77,-0.518,0.874,-0.719,0.587,0.741,0.385,0.541,-0.134,0.875,0.443,-0.225,0.813,-0.577,-0.928,0.864,0.937,0.949,0.849,0.787,0.908,-0.542,0.736,0.727,0.227,0.725,0.769,0.694,-0.817,0.869,0.477,-0.48,0.582,0.587,0.888,0.729,0.918,0.882,-0.809,0.041,-0.81,-0.732,-0.666,-0.852,-0.786,-0.922,-0.94,0.673,-0.866,-0.301,-0.002,-0.596,0.851,-0.91,0.833,0.719,0.775,0.837,0.409,0.252,0.745,0.241,0.183,0.763,-0.867,0.85,0.815,0.95,0.626,0.362,0.22,-0.884,-0.573,0.756,0.831,0.9,0.944,-0.794,0.749,0.87,-0.846,0.874,0.939,-0.366,-0.83,0.506,0.444,-0.765,0.959,0.791,-0.768,0.791,-0.584,-0.873,-0.453,-0.771,0.886,0.858,0.728,0.894,-0.779,0.941,0.497,-0.335,-0.397,-0.765,0.068,-0.548,-0.751,0.891,-0.914,0.23,-0.482,-0.846,0.48,0.801,0.293,-0.912,-0.438,-0.171,-0.504,-0.164,0.497,0.525,-0.788,-0.68,-0.659,0.889,0.663,0.79,0.859,-0.932,0.924,0.573,0.183,0.533,-0.927,-0.794,-0.621,-0.918,0.92,0.007,0.868,0.769,0.856,0.648,-0.893,0.873,0.161,-0.925,-0.893,-0.888,-0.605,0.332,0.882,0.829,0.896,0.843,0.802,0.386,0.843,0.806,0.916,0.883,-0.364,-0.89,-0.783,-0.644,0.574,0.834,0.942,0.893,0.595
000617SZ,0.251,0.746,0.63,0.814,0.223,0.462,0.632,0.697,0.644,1.0,0.307,0.604,0.753,0.676,0.161,0.542,0.893,0.704,0.76,0.301,0.62,0.452,0.86,0.751,0.723,0.732,-0.417,-0.314,0.671,-0.018,0.548,0.76,0.824,0.862,0.664,0.883,-0.457,0.654,0.765,0.576,0.63,0.743,0.652,0.79,0.797,-0.071,0.771,-0.44,0.417,0.82,0.42,0.233,-0.058,0.839,0.391,0.11,0.694,-0.367,-0.66,0.637,0.736,0.69,0.752,0.844,0.687,-0.095,0.761,0.508,0.532,0.674,0.778,0.775,-0.555,0.807,0.385,-0.064,0.566,0.192,0.539,0.664,0.553,0.757,-0.568,0.405,-0.456,-0.481,-0.315,-0.543,-0.458,-0.644,-0.713,0.492,-0.658,0.031,-0.276,-0.334,0.697,-0.508,0.81,0.702,0.868,0.856,0.685,0.438,0.68,0.623,0.458,0.59,-0.594,0.662,0.632,0.6,0.565,0.112,0.247,-0.699,-0.267,0.564,0.588,0.67,0.706,-0.626,0.558,0.82,-0.801,0.825,0.737,-0.303,-0.548,0.315,0.585,-0.547,0.762,0.622,-0.564,0.782,-0.095,-0.604,-0.084,-0.528,0.796,0.669,0.609,0.785,-0.451,0.723,0.32,0.075,0.032,-0.49,0.306,-0.116,-0.49,0.844,-0.596,0.41,-0.045,-0.798,0.743,0.836,0.438,-0.634,-0.146,0.2,-0.384,0.197,0.58,0.355,-0.65,-0.194,-0.418,0.813,0.673,0.805,0.732,-0.649,0.762,0.633,0.369,0.468,-0.598,-0.502,-0.167,-0.628,0.767,-0.069,0.816,0.716,0.82,0.678,-0.668,0.841,0.088,-0.67,-0.78,-0.608,-0.484,0.71,0.686,0.744,0.572,0.65,0.588,0.381,0.785,0.763,0.672,0.777,-0.093,-0.618,-0.642,-0.552,0.232,0.761,0.65,0.623,0.429
000625SZ,-0.0,-0.145,-0.146,0.335,-0.386,-0.313,-0.071,-0.112,-0.119,0.307,1.0,-0.207,0.031,-0.061,0.384,-0.061,0.219,-0.1,0.063,-0.283,-0.121,-0.012,0.008,0.382,-0.148,0.067,-0.318,0.325,-0.163,0.162,-0.037,0.075,0.06,0.099,0.039,0.181,0.396,-0.152,-0.175,-0.12,0.432,-0.077,-0.026,0.014,0.042,0.695,-0.039,0.435,-0.188,-0.026,0.394,-0.423,0.076,0.267,-0.193,0.632,0.007,0.393,-0.037,0.224,0.039,0.044,-0.137,0.137,0.092,0.725,0.242,-0.232,0.763,-0.047,-0.119,-0.041,0.284,0.179,-0.346,0.741,0.327,0.086,0.106,0.036,-0.299,0.136,0.104,0.025,-0.149,-0.155,-0.042,0.126,0.047,0.061,0.058,-0.272,-0.132,0.308,-0.356,0.263,-0.139,0.25,0.162,0.054,0.234,0.239,0.066,0.046,-0.162,0.43,0.077,-0.207,0.266,0.059,0.032,-0.252,-0.189,-0.589,0.132,0.092,0.566,-0.324,-0.186,-0.196,-0.025,0.271,-0.217,0.017,-0.048,-0.005,-0.116,-0.525,-0.107,-0.022,0.108,-0.188,-0.089,0.027,-0.183,-0.179,0.096,0.047,-0.138,0.109,0.096,-0.233,-0.006,0.222,0.001,-0.153,-0.114,0.787,0.164,-0.173,0.258,0.258,-0.164,0.063,0.008,0.271,0.281,-0.138,0.365,0.151,0.128,0.015,0.057,0.626,0.364,0.166,0.407,0.329,-0.266,0.095,0.378,0.24,0.374,0.157,0.052,0.086,0.144,0.288,0.03,-0.076,0.052,-0.062,-0.001,0.026,0.004,-0.258,0.006,0.359,0.274,0.091,0.167,0.22,0.093,-0.01,-0.083,-0.026,-0.1,0.486,-0.188,-0.116,-0.12,0.048,-0.228,0.431,0.054,-0.063,-0.172,-0.035,0.594,0.233,0.304,-0.282,0.162,0.01,-0.148,0.047,0.351
000651SZ,-0.177,0.775,0.911,0.754,0.703,0.689,0.654,0.916,0.946,0.604,-0.207,1.0,0.841,0.834,-0.388,0.55,0.787,0.89,0.825,0.396,0.73,0.485,0.814,0.603,0.898,0.7,-0.512,-0.535,0.914,-0.534,0.906,0.827,0.797,0.607,0.497,0.825,-0.884,0.722,0.905,0.595,0.567,0.899,0.763,0.895,0.725,-0.502,0.831,-0.746,0.495,0.725,0.433,0.556,-0.139,0.821,0.439,-0.205,0.84,-0.606,-0.889,0.786,0.926,0.931,0.836,0.791,0.882,-0.559,0.757,0.752,0.21,0.787,0.784,0.662,-0.825,0.853,0.485,-0.499,0.623,0.558,0.821,0.731,0.906,0.872,-0.844,0.06,-0.768,-0.757,-0.675,-0.843,-0.774,-0.896,-0.922,0.67,-0.845,-0.376,0.014,-0.662,0.847,-0.915,0.782,0.699,0.772,0.817,0.431,0.185,0.756,0.287,0.176,0.768,-0.852,0.833,0.818,0.946,0.639,0.388,0.279,-0.902,-0.56,0.761,0.846,0.89,0.922,-0.746,0.665,0.858,-0.823,0.819,0.916,-0.28,-0.802,0.501,0.454,-0.702,0.938,0.83,-0.754,0.799,-0.599,-0.881,-0.432,-0.775,0.875,0.844,0.829,0.85,-0.743,0.951,0.501,-0.347,-0.442,-0.787,-0.052,-0.535,-0.766,0.866,-0.917,0.098,-0.544,-0.863,0.403,0.738,0.211,-0.924,-0.358,-0.178,-0.566,-0.205,0.429,0.488,-0.802,-0.711,-0.727,0.855,0.637,0.785,0.853,-0.933,0.881,0.601,0.109,0.529,-0.937,-0.807,-0.607,-0.903,0.915,0.015,0.882,0.733,0.788,0.625,-0.871,0.847,0.065,-0.936,-0.868,-0.901,-0.657,0.298,0.94,0.837,0.886,0.821,0.727,0.429,0.821,0.797,0.931,0.882,-0.368,-0.859,-0.78,-0.586,0.498,0.863,0.951,0.9,0.565
000661SZ,-0.014,0.93,0.84,0.838,0.458,0.444,0.833,0.939,0.86,0.753,0.031,0.841,1.0,0.919,0.008,0.819,0.827,0.766,0.907,0.633,0.875,0.753,0.945,0.789,0.968,0.91,-0.294,-0.649,0.956,-0.162,0.854,0.968,0.982,0.714,0.434,0.939,-0.795,0.903,0.916,0.8,0.779,0.959,0.893,0.981,0.937,-0.503,0.958,-0.81,0.414,0.928,0.259,0.705,-0.122,0.884,0.683,-0.312,0.959,-0.746,-0.804,0.705,0.885,0.894,0.965,0.909,0.909,-0.55,0.882,0.891,0.325,0.815,0.923,0.807,-0.876,0.972,0.691,-0.503,0.632,0.26,0.766,0.911,0.827,0.947,-0.713,0.414,-0.635,-0.687,-0.373,-0.656,-0.548,-0.756,-0.807,0.811,-0.707,-0.122,-0.342,-0.746,0.946,-0.812,0.958,0.953,0.918,0.807,0.719,0.228,0.915,0.301,0.592,0.923,-0.691,0.709,0.922,0.869,0.832,0.286,0.547,-0.933,-0.654,0.894,0.788,0.959,0.878,-0.628,0.777,0.968,-0.879,0.912,0.948,-0.27,-0.619,0.208,0.784,-0.546,0.934,0.757,-0.586,0.893,-0.302,-0.887,-0.1,-0.861,0.98,0.773,0.836,0.891,-0.578,0.904,0.394,-0.343,-0.335,-0.707,0.051,-0.273,-0.621,0.959,-0.859,0.197,-0.312,-0.866,0.669,0.867,0.216,-0.897,-0.067,-0.025,-0.612,0.16,0.366,0.277,-0.759,-0.522,-0.731,0.88,0.786,0.955,0.949,-0.842,0.847,0.796,0.15,0.436,-0.836,-0.643,-0.383,-0.797,0.959,0.192,0.913,0.709,0.786,0.868,-0.776,0.868,-0.011,-0.879,-0.816,-0.866,-0.587,0.402,0.909,0.923,0.867,0.638,0.83,0.482,0.972,0.966,0.955,0.982,-0.436,-0.729,-0.843,-0.431,0.553,0.966,0.865,0.821,0.53
000708SZ,0.082,0.876,0.896,0.82,0.431,0.536,0.775,0.929,0.877,0.676,-0.061,0.834,0.919,1.0,-0.052,0.725,0.821,0.827,0.9,0.53,0.841,0.683,0.849,0.775,0.906,0.805,-0.278,-0.522,0.917,-0.298,0.767,0.88,0.9,0.652,0.512,0.873,-0.839,0.877,0.869,0.662,0.639,0.924,0.746,0.919,0.836,-0.598,0.914,-0.803,0.582,0.818,0.161,0.692,0.057,0.805,0.636,-0.401,0.83,-0.742,-0.821,0.735,0.852,0.862,0.898,0.755,0.905,-0.589,0.723,0.793,0.301,0.644,0.821,0.724,-0.868,0.889,0.646,-0.541,0.513,0.368,0.758,0.767,0.837,0.861,-0.687,0.34,-0.631,-0.568,-0.408,-0.656,-0.573,-0.772,-0.813,0.858,-0.666,-0.147,-0.125,-0.624,0.928,-0.802,0.899,0.874,0.824,0.763,0.627,0.305,0.847,0.074,0.493,0.83,-0.73,0.763,0.783,0.873,0.79,0.379,0.492,-0.842,-0.681,0.828,0.88,0.903,0.894,-0.697,0.782,0.888,-0.872,0.885,0.92,-0.316,-0.669,0.313,0.624,-0.544,0.909,0.772,-0.596,0.809,-0.27,-0.802,-0.152,-0.737,0.901,0.807,0.734,0.868,-0.558,0.918,0.593,-0.364,-0.233,-0.608,0.255,-0.287,-0.533,0.919,-0.812,0.277,-0.272,-0.75,0.639,0.828,0.417,-0.838,-0.099,-0.087,-0.48,0.172,0.442,0.399,-0.665,-0.439,-0.578,0.858,0.676,0.858,0.937,-0.781,0.837,0.634,0.342,0.618,-0.81,-0.648,-0.36,-0.747,0.931,0.311,0.86,0.703,0.799,0.715,-0.751,0.805,0.262,-0.815,-0.779,-0.798,-0.444,0.327,0.843,0.819,0.882,0.635,0.785,0.305,0.859,0.865,0.9,0.924,-0.489,-0.757,-0.846,-0.425,0.612,0.859,0.832,0.807,0.491
000725SZ,0.52,0.094,-0.23,-0.003,-0.396,-0.189,0.251,-0.133,-0.336,0.161,0.384,-0.388,0.008,-0.052,1.0,0.33,-0.057,-0.222,0.062,0.138,0.07,0.258,-0.002,0.239,-0.11,0.238,0.358,0.033,-0.149,0.568,-0.296,-0.072,0.1,0.159,-0.031,0.059,0.416,0.081,-0.121,0.119,0.147,-0.04,-0.073,-0.067,0.171,0.14,0.062,0.153,-0.014,0.17,-0.394,0.071,0.141,-0.032,0.338,-0.121,-0.082,0.032,0.256,-0.215,-0.252,-0.294,0.011,0.034,-0.163,0.196,-0.086,-0.102,0.125,-0.115,0.084,0.118,0.225,-0.027,0.244,0.121,-0.23,-0.474,-0.259,-0.099,-0.272,-0.128,0.399,0.696,0.416,0.425,0.643,0.498,0.402,0.306,0.275,0.045,0.4,0.753,-0.245,0.239,-0.034,0.51,0.109,0.217,0.154,-0.044,0.477,0.363,-0.002,0.102,0.434,0.039,0.393,-0.16,-0.112,-0.311,0.205,-0.127,0.205,0.157,0.088,-0.043,-0.124,-0.091,-0.245,0.173,0.038,0.019,0.097,-0.0,-0.114,0.262,0.352,-0.191,0.318,0.313,-0.174,-0.109,0.316,0.006,0.711,0.282,0.573,0.269,-0.05,-0.085,-0.057,-0.121,0.275,-0.234,0.066,0.168,0.616,0.419,0.5,0.309,0.491,-0.05,0.318,0.315,0.641,0.229,0.332,0.147,0.323,0.286,0.503,0.268,0.266,0.8,0.023,-0.246,0.36,0.613,0.364,-0.108,-0.081,0.131,-0.109,0.395,-0.239,0.104,0.356,0.055,0.423,0.486,0.62,0.371,-0.128,0.191,-0.038,-0.197,-0.127,0.152,0.303,-0.185,0.118,0.3,0.18,0.342,0.479,0.27,-0.273,-0.135,-0.114,-0.332,-0.085,-0.192,0.068,0.077,-0.187,-0.068,0.12,0.33,0.001,0.333,-0.118,-0.056,-0.342,-0.389,-0.369
000768SZ,0.146,0.842,0.664,0.524,0.341,0.263,0.88,0.71,0.531,0.542,-0.061,0.55,0.819,0.725,0.33,1.0,0.506,0.517,0.765,0.781,0.759,0.853,0.743,0.638,0.777,0.876,0.136,-0.601,0.76,0.117,0.623,0.744,0.826,0.653,0.183,0.714,-0.545,0.846,0.696,0.8,0.65,0.791,0.772,0.759,0.775,-0.552,0.765,-0.756,0.241,0.814,-0.112,0.801,0.025,0.575,0.86,-0.499,0.769,-0.781,-0.452,0.332,0.556,0.553,0.816,0.702,0.648,-0.587,0.624,0.815,0.156,0.659,0.803,0.636,-0.727,0.732,0.833,-0.59,0.339,-0.084,0.397,0.724,0.603,0.664,-0.422,0.701,-0.204,-0.342,0.028,-0.259,-0.219,-0.39,-0.466,0.831,-0.285,0.116,-0.335,-0.644,0.814,-0.47,0.751,0.883,0.771,0.532,0.839,0.249,0.862,0.137,0.72,0.853,-0.39,0.424,0.707,0.615,0.892,0.336,0.639,-0.718,-0.629,0.809,0.668,0.794,0.594,-0.397,0.624,0.76,-0.61,0.697,0.72,0.063,-0.23,-0.024,0.899,-0.128,0.667,0.607,-0.183,0.765,0.063,-0.6,0.256,-0.664,0.746,0.592,0.733,0.559,-0.24,0.645,0.368,-0.461,-0.085,-0.364,0.121,-0.039,-0.203,0.732,-0.552,0.144,-0.048,-0.545,0.579,0.655,0.216,-0.602,0.302,-0.05,-0.498,0.491,0.102,0.001,-0.377,-0.187,-0.572,0.575,0.524,0.801,0.735,-0.485,0.49,0.731,0.232,0.395,-0.47,-0.282,-0.007,-0.409,0.715,0.495,0.729,0.378,0.443,0.747,-0.464,0.533,-0.004,-0.564,-0.463,-0.555,-0.224,0.207,0.67,0.69,0.683,0.265,0.677,0.254,0.794,0.825,0.75,0.78,-0.52,-0.438,-0.733,-0.01,0.373,0.775,0.545,0.49,0.218
000776SZ,0.125,0.745,0.791,0.943,0.308,0.606,0.599,0.849,0.852,0.893,0.219,0.787,0.827,0.821,-0.057,0.506,1.0,0.848,0.832,0.203,0.677,0.458,0.86,0.785,0.805,0.7,-0.548,-0.326,0.8,-0.263,0.709,0.829,0.845,0.799,0.732,0.931,-0.648,0.677,0.835,0.497,0.682,0.841,0.647,0.875,0.79,-0.246,0.845,-0.52,0.556,0.79,0.487,0.301,-0.081,0.934,0.352,0.019,0.75,-0.41,-0.878,0.875,0.897,0.868,0.808,0.823,0.871,-0.243,0.762,0.564,0.506,0.681,0.762,0.76,-0.652,0.886,0.352,-0.197,0.616,0.512,0.776,0.698,0.734,0.872,-0.725,0.179,-0.698,-0.634,-0.586,-0.743,-0.712,-0.847,-0.894,0.568,-0.836,-0.107,-0.114,-0.41,0.776,-0.705,0.882,0.7,0.88,0.932,0.536,0.461,0.712,0.488,0.29,0.616,-0.806,0.852,0.696,0.757,0.533,0.132,0.157,-0.792,-0.347,0.619,0.742,0.776,0.904,-0.786,0.648,0.876,-0.903,0.913,0.862,-0.477,-0.782,0.499,0.488,-0.728,0.888,0.784,-0.739,0.779,-0.339,-0.759,-0.34,-0.589,0.878,0.817,0.668,0.931,-0.648,0.872,0.488,-0.01,-0.107,-0.645,0.327,-0.314,-0.653,0.922,-0.797,0.426,-0.248,-0.861,0.688,0.893,0.505,-0.806,-0.375,0.104,-0.386,-0.005,0.705,0.599,-0.775,-0.431,-0.442,0.944,0.727,0.831,0.844,-0.815,0.938,0.579,0.4,0.579,-0.796,-0.728,-0.419,-0.809,0.886,-0.063,0.873,0.86,0.974,0.64,-0.842,0.946,0.257,-0.832,-0.911,-0.778,-0.553,0.634,0.767,0.793,0.761,0.823,0.67,0.4,0.827,0.772,0.793,0.852,-0.128,-0.829,-0.705,-0.682,0.522,0.796,0.825,0.827,0.632
000786SZ,0.044,0.738,0.91,0.794,0.529,0.812,0.7,0.856,0.886,0.704,-0.1,0.89,0.766,0.827,-0.222,0.517,0.848,1.0,0.869,0.226,0.647,0.465,0.774,0.663,0.833,0.696,-0.487,-0.299,0.838,-0.523,0.754,0.716,0.757,0.74,0.728,0.838,-0.732,0.69,0.864,0.491,0.54,0.849,0.644,0.833,0.695,-0.417,0.821,-0.586,0.702,0.699,0.395,0.463,0.04,0.828,0.436,-0.145,0.697,-0.442,-0.871,0.827,0.889,0.849,0.798,0.722,0.846,-0.42,0.64,0.587,0.297,0.671,0.754,0.703,-0.688,0.794,0.469,-0.389,0.5,0.597,0.72,0.606,0.834,0.788,-0.838,0.17,-0.699,-0.63,-0.645,-0.821,-0.814,-0.899,-0.932,0.596,-0.824,-0.173,0.222,-0.461,0.799,-0.788,0.754,0.65,0.78,0.863,0.532,0.498,0.726,0.298,0.129,0.654,-0.862,0.918,0.651,0.871,0.607,0.456,0.143,-0.801,-0.443,0.65,0.928,0.805,0.906,-0.831,0.579,0.832,-0.834,0.864,0.871,-0.239,-0.827,0.682,0.376,-0.733,0.89,0.87,-0.772,0.759,-0.457,-0.725,-0.439,-0.564,0.805,0.918,0.759,0.823,-0.729,0.919,0.643,-0.218,-0.173,-0.643,0.243,-0.443,-0.643,0.833,-0.829,0.219,-0.396,-0.796,0.443,0.824,0.471,-0.818,-0.369,-0.18,-0.294,-0.094,0.6,0.64,-0.701,-0.499,-0.485,0.845,0.496,0.756,0.789,-0.838,0.86,0.481,0.365,0.759,-0.822,-0.771,-0.493,-0.833,0.864,-0.008,0.903,0.733,0.845,0.495,-0.866,0.823,0.256,-0.84,-0.863,-0.785,-0.49,0.481,0.812,0.748,0.873,0.819,0.625,0.272,0.77,0.728,0.833,0.805,-0.227,-0.881,-0.735,-0.649,0.437,0.758,0.861,0.826,0.479
000800SZ,0.099,0.868,0.874,0.833,0.415,0.622,0.849,0.902,0.847,0.76,0.063,0.825,0.907,0.9,0.062,0.765,0.832,0.869,1.0,0.471,0.801,0.662,0.856,0.824,0.912,0.862,-0.331,-0.42,0.896,-0.282,0.783,0.85,0.901,0.748,0.619,0.918,-0.705,0.83,0.888,0.646,0.684,0.912,0.784,0.91,0.871,-0.446,0.932,-0.685,0.637,0.858,0.273,0.654,0.056,0.865,0.609,-0.261,0.833,-0.587,-0.796,0.744,0.865,0.842,0.903,0.846,0.867,-0.458,0.755,0.73,0.328,0.72,0.876,0.804,-0.752,0.898,0.611,-0.44,0.524,0.366,0.721,0.74,0.796,0.85,-0.703,0.444,-0.616,-0.592,-0.401,-0.646,-0.636,-0.791,-0.833,0.738,-0.713,0.016,-0.059,-0.58,0.886,-0.731,0.893,0.861,0.898,0.834,0.74,0.422,0.825,0.291,0.41,0.835,-0.687,0.83,0.779,0.851,0.8,0.454,0.428,-0.841,-0.546,0.781,0.873,0.889,0.862,-0.71,0.697,0.922,-0.831,0.891,0.912,-0.176,-0.693,0.458,0.629,-0.602,0.894,0.825,-0.655,0.827,-0.285,-0.769,-0.205,-0.682,0.897,0.856,0.827,0.846,-0.646,0.889,0.578,-0.254,-0.174,-0.621,0.274,-0.343,-0.56,0.909,-0.811,0.263,-0.239,-0.793,0.621,0.91,0.44,-0.825,-0.117,-0.102,-0.38,0.219,0.462,0.466,-0.678,-0.421,-0.527,0.864,0.655,0.917,0.857,-0.769,0.824,0.708,0.349,0.676,-0.772,-0.636,-0.36,-0.769,0.903,0.163,0.931,0.695,0.802,0.722,-0.78,0.825,0.187,-0.825,-0.803,-0.78,-0.442,0.515,0.822,0.811,0.911,0.681,0.729,0.349,0.903,0.89,0.875,0.894,-0.317,-0.757,-0.803,-0.467,0.485,0.855,0.818,0.766,0.44
000807SZ,0.108,0.711,0.456,0.167,0.339,0.043,0.638,0.485,0.306,0.301,-0.283,0.396,0.633,0.53,0.138,0.781,0.203,0.226,0.471,1.0,0.625,0.649,0.611,0.355,0.611,0.64,0.368,-0.632,0.568,0.201,0.413,0.599,0.634,0.386,-0.065,0.439,-0.482,0.727,0.531,0.703,0.379,0.55,0.644,0.546,0.601,-0.56,0.543,-0.747,0.008,0.652,-0.185,0.786,0.04,0.268,0.718,-0.55,0.672,-0.809,-0.13,-0.046,0.316,0.327,0.644,0.488,0.368,-0.645,0.489,0.78,-0.084,0.522,0.667,0.503,-0.673,0.497,0.739,-0.635,0.207,-0.396,0.149,0.686,0.394,0.451,-0.21,0.65,0.057,-0.181,0.242,-0.061,0.114,-0.108,-0.185,0.737,-0.019,-0.006,-0.474,-0.69,0.649,-0.42,0.499,0.713,0.49,0.188,0.679,-0.057,0.736,-0.041,0.816,0.754,-0.148,0.102,0.564,0.449,0.772,0.384,0.777,-0.517,-0.698,0.782,0.409,0.615,0.304,-0.144,0.557,0.528,-0.416,0.424,0.51,0.223,0.105,-0.365,0.772,0.207,0.449,0.285,0.118,0.636,0.179,-0.425,0.506,-0.635,0.523,0.314,0.573,0.283,0.078,0.457,0.059,-0.57,-0.231,-0.189,-0.206,0.203,-0.037,0.507,-0.311,-0.078,-0.029,-0.357,0.399,0.337,-0.126,-0.4,0.572,-0.08,-0.691,0.405,-0.269,-0.386,-0.207,-0.105,-0.676,0.272,0.408,0.566,0.569,-0.292,0.204,0.569,-0.037,0.108,-0.294,-0.059,0.152,-0.177,0.488,0.529,0.462,0.074,0.104,0.654,-0.208,0.292,-0.295,-0.344,-0.173,-0.376,-0.25,-0.061,0.591,0.631,0.413,0.016,0.585,0.144,0.565,0.684,0.58,0.617,-0.667,-0.167,-0.623,0.301,0.125,0.63,0.36,0.287,0.025
000858SZ,0.194,0.913,0.699,0.689,0.476,0.346,0.83,0.908,0.793,0.62,-0.121,0.73,0.875,0.841,0.07,0.759,0.677,0.647,0.801,0.625,1.0,0.732,0.815,0.554,0.873,0.857,-0.122,-0.575,0.835,0.017,0.699,0.851,0.868,0.586,0.317,0.769,-0.792,0.914,0.865,0.745,0.508,0.845,0.723,0.841,0.879,-0.645,0.886,-0.839,0.432,0.845,-0.008,0.768,-0.027,0.742,0.778,-0.54,0.82,-0.808,-0.655,0.551,0.687,0.72,0.867,0.803,0.733,-0.659,0.66,0.806,0.061,0.622,0.818,0.686,-0.871,0.807,0.758,-0.61,0.338,0.054,0.707,0.726,0.763,0.739,-0.46,0.47,-0.445,-0.398,-0.137,-0.457,-0.333,-0.608,-0.664,0.827,-0.495,0.049,-0.305,-0.548,0.909,-0.679,0.85,0.882,0.768,0.671,0.66,0.211,0.795,0.12,0.579,0.893,-0.563,0.58,0.817,0.833,0.861,0.417,0.501,-0.777,-0.764,0.877,0.713,0.899,0.706,-0.63,0.943,0.83,-0.714,0.804,0.88,-0.132,-0.419,0.114,0.708,-0.411,0.859,0.557,-0.368,0.862,-0.121,-0.719,0.062,-0.792,0.832,0.697,0.641,0.701,-0.478,0.79,0.311,-0.544,-0.172,-0.467,0.163,-0.311,-0.384,0.835,-0.659,0.392,-0.055,-0.655,0.697,0.717,0.292,-0.693,-0.001,-0.033,-0.602,0.351,0.236,0.076,-0.498,-0.304,-0.642,0.706,0.641,0.78,0.793,-0.678,0.661,0.699,0.261,0.381,-0.641,-0.351,-0.192,-0.618,0.807,0.279,0.755,0.482,0.612,0.85,-0.642,0.669,0.064,-0.687,-0.666,-0.656,-0.304,0.139,0.77,0.797,0.757,0.558,0.933,0.185,0.865,0.899,0.83,0.873,-0.651,-0.621,-0.9,-0.32,0.383,0.817,0.695,0.594,0.239
000876SZ,0.077,0.786,0.603,0.506,0.354,0.106,0.824,0.669,0.507,0.452,-0.012,0.485,0.753,0.683,0.258,0.853,0.458,0.465,0.662,0.649,0.732,1.0,0.637,0.515,0.696,0.774,0.107,-0.525,0.709,0.179,0.564,0.677,0.74,0.507,0.092,0.612,-0.573,0.851,0.577,0.739,0.591,0.734,0.692,0.687,0.682,-0.544,0.681,-0.727,0.255,0.694,-0.233,0.73,0.044,0.524,0.902,-0.523,0.686,-0.755,-0.478,0.328,0.494,0.524,0.724,0.592,0.608,-0.535,0.522,0.722,0.194,0.49,0.656,0.472,-0.709,0.667,0.866,-0.517,0.289,-0.039,0.397,0.654,0.554,0.588,-0.374,0.587,-0.274,-0.333,-0.025,-0.239,-0.179,-0.348,-0.432,0.79,-0.259,0.055,-0.311,-0.571,0.796,-0.455,0.702,0.833,0.654,0.519,0.678,0.189,0.746,0.01,0.665,0.782,-0.313,0.348,0.658,0.611,0.839,0.298,0.637,-0.645,-0.652,0.75,0.602,0.727,0.577,-0.35,0.597,0.658,-0.491,0.603,0.636,-0.131,-0.241,-0.074,0.805,-0.175,0.614,0.478,-0.178,0.649,0.02,-0.593,0.172,-0.682,0.686,0.501,0.584,0.536,-0.226,0.572,0.278,-0.465,-0.165,-0.378,0.125,-0.046,-0.228,0.661,-0.538,0.205,0.005,-0.5,0.621,0.549,0.195,-0.559,0.229,0.074,-0.453,0.46,0.161,-0.002,-0.377,-0.174,-0.51,0.563,0.497,0.664,0.707,-0.468,0.471,0.685,0.217,0.272,-0.461,-0.261,-0.045,-0.39,0.651,0.504,0.619,0.404,0.448,0.698,-0.389,0.501,0.062,-0.524,-0.457,-0.54,-0.162,0.049,0.58,0.573,0.61,0.223,0.675,0.24,0.715,0.726,0.681,0.728,-0.564,-0.383,-0.672,-0.104,0.482,0.7,0.481,0.451,0.293
000895SZ,0.107,0.928,0.81,0.799,0.427,0.507,0.784,0.887,0.809,0.86,0.008,0.814,0.945,0.849,-0.002,0.743,0.86,0.774,0.856,0.611,0.815,0.637,1.0,0.741,0.935,0.878,-0.316,-0.613,0.903,-0.113,0.764,0.927,0.967,0.829,0.542,0.943,-0.732,0.857,0.937,0.777,0.695,0.917,0.857,0.951,0.925,-0.423,0.922,-0.757,0.404,0.95,0.323,0.571,-0.138,0.871,0.603,-0.203,0.923,-0.685,-0.752,0.639,0.86,0.837,0.95,0.92,0.823,-0.481,0.873,0.814,0.325,0.853,0.95,0.867,-0.828,0.931,0.637,-0.443,0.621,0.184,0.653,0.89,0.76,0.905,-0.702,0.449,-0.538,-0.624,-0.343,-0.651,-0.511,-0.733,-0.803,0.737,-0.695,-0.115,-0.342,-0.675,0.904,-0.764,0.903,0.886,0.918,0.822,0.756,0.319,0.91,0.432,0.607,0.855,-0.719,0.695,0.845,0.811,0.784,0.272,0.443,-0.9,-0.605,0.86,0.744,0.906,0.835,-0.682,0.741,0.958,-0.9,0.925,0.922,-0.216,-0.562,0.218,0.741,-0.513,0.92,0.721,-0.555,0.95,-0.218,-0.822,-0.028,-0.788,0.943,0.788,0.804,0.85,-0.504,0.898,0.352,-0.287,-0.228,-0.62,0.063,-0.181,-0.572,0.951,-0.774,0.218,-0.271,-0.891,0.686,0.865,0.253,-0.828,-0.068,0.006,-0.658,0.137,0.382,0.235,-0.732,-0.419,-0.732,0.844,0.729,0.927,0.91,-0.816,0.82,0.737,0.2,0.454,-0.78,-0.597,-0.277,-0.755,0.921,0.101,0.919,0.672,0.781,0.834,-0.794,0.872,-0.055,-0.829,-0.827,-0.795,-0.606,0.499,0.911,0.957,0.764,0.661,0.791,0.418,0.938,0.951,0.911,0.963,-0.397,-0.744,-0.849,-0.448,0.354,0.952,0.837,0.773,0.461
000938SZ,0.028,0.655,0.72,0.818,0.159,0.452,0.622,0.684,0.634,0.751,0.382,0.603,0.789,0.775,0.239,0.638,0.785,0.663,0.824,0.355,0.554,0.515,0.741,1.0,0.704,0.708,-0.37,-0.37,0.716,-0.241,0.633,0.755,0.809,0.665,0.532,0.867,-0.449,0.595,0.671,0.525,0.793,0.762,0.67,0.798,0.733,-0.108,0.766,-0.434,0.425,0.729,0.381,0.394,-0.02,0.778,0.393,0.029,0.723,-0.376,-0.691,0.687,0.767,0.736,0.722,0.723,0.81,-0.123,0.757,0.566,0.622,0.638,0.717,0.701,-0.512,0.831,0.368,-0.101,0.638,0.356,0.607,0.668,0.581,0.813,-0.602,0.376,-0.565,-0.593,-0.36,-0.512,-0.529,-0.653,-0.683,0.562,-0.638,0.065,-0.196,-0.464,0.664,-0.538,0.831,0.758,0.84,0.735,0.659,0.371,0.67,0.393,0.437,0.615,-0.526,0.698,0.649,0.562,0.563,0.063,0.445,-0.696,-0.247,0.537,0.668,0.67,0.741,-0.449,0.465,0.805,-0.782,0.761,0.716,-0.329,-0.634,0.342,0.586,-0.541,0.707,0.749,-0.634,0.607,-0.195,-0.63,-0.18,-0.501,0.804,0.635,0.732,0.836,-0.513,0.706,0.555,0.149,-0.092,-0.597,0.294,-0.157,-0.531,0.794,-0.693,0.24,-0.196,-0.718,0.607,0.848,0.378,-0.725,-0.024,0.118,-0.196,0.192,0.55,0.508,-0.68,-0.356,-0.303,0.827,0.706,0.884,0.789,-0.603,0.763,0.66,0.264,0.534,-0.662,-0.62,-0.301,-0.641,0.796,0.072,0.791,0.748,0.774,0.599,-0.584,0.783,0.188,-0.716,-0.7,-0.687,-0.469,0.72,0.654,0.658,0.744,0.538,0.45,0.513,0.758,0.714,0.697,0.751,0.002,-0.551,-0.537,-0.379,0.557,0.751,0.669,0.697,0.539
000963SZ,-0.03,0.933,0.87,0.789,0.539,0.563,0.837,0.958,0.904,0.723,-0.148,0.898,0.968,0.906,-0.11,0.777,0.805,0.833,0.912,0.611,0.873,0.696,0.935,0.704,1.0,0.874,-0.306,-0.654,0.979,-0.25,0.862,0.927,0.948,0.708,0.498,0.907,-0.857,0.896,0.964,0.782,0.661,0.96,0.898,0.967,0.919,-0.586,0.964,-0.845,0.515,0.921,0.249,0.739,-0.145,0.853,0.66,-0.366,0.935,-0.748,-0.817,0.694,0.903,0.899,0.979,0.895,0.881,-0.642,0.833,0.893,0.176,0.827,0.944,0.834,-0.899,0.927,0.706,-0.601,0.576,0.295,0.758,0.878,0.895,0.911,-0.768,0.365,-0.645,-0.681,-0.414,-0.731,-0.611,-0.812,-0.855,0.793,-0.737,-0.175,-0.195,-0.761,0.947,-0.871,0.913,0.901,0.861,0.788,0.681,0.253,0.916,0.271,0.487,0.941,-0.77,0.736,0.902,0.933,0.84,0.446,0.459,-0.947,-0.719,0.922,0.829,0.988,0.889,-0.71,0.789,0.967,-0.861,0.924,0.968,-0.147,-0.649,0.306,0.694,-0.58,0.959,0.758,-0.617,0.921,-0.383,-0.884,-0.157,-0.858,0.948,0.844,0.836,0.853,-0.649,0.935,0.416,-0.457,-0.375,-0.696,0.002,-0.386,-0.634,0.934,-0.87,0.139,-0.398,-0.863,0.56,0.862,0.199,-0.901,-0.152,-0.187,-0.624,0.069,0.317,0.272,-0.732,-0.565,-0.789,0.841,0.688,0.914,0.906,-0.882,0.839,0.716,0.137,0.48,-0.86,-0.662,-0.431,-0.841,0.95,0.144,0.926,0.656,0.753,0.818,-0.844,0.845,-0.047,-0.893,-0.832,-0.867,-0.591,0.367,0.944,0.938,0.901,0.68,0.858,0.405,0.952,0.962,0.978,0.967,-0.489,-0.805,-0.876,-0.45,0.468,0.947,0.913,0.817,0.456
000999SZ,0.151,0.914,0.721,0.725,0.425,0.378,0.943,0.837,0.694,0.732,0.067,0.7,0.91,0.805,0.238,0.876,0.7,0.696,0.862,0.64,0.857,0.774,0.878,0.708,0.874,1.0,-0.171,-0.557,0.837,-0.035,0.738,0.851,0.921,0.749,0.333,0.865,-0.625,0.881,0.847,0.807,0.724,0.875,0.83,0.882,0.897,-0.423,0.887,-0.723,0.326,0.888,0.123,0.687,-0.018,0.797,0.796,-0.332,0.86,-0.702,-0.646,0.55,0.727,0.723,0.88,0.876,0.761,-0.462,0.793,0.787,0.311,0.763,0.88,0.74,-0.779,0.878,0.762,-0.439,0.508,0.067,0.595,0.767,0.69,0.807,-0.563,0.621,-0.444,-0.51,-0.152,-0.47,-0.38,-0.602,-0.664,0.755,-0.536,0.113,-0.372,-0.588,0.891,-0.607,0.86,0.946,0.894,0.741,0.839,0.3,0.871,0.322,0.634,0.875,-0.522,0.609,0.834,0.752,0.887,0.303,0.567,-0.83,-0.583,0.812,0.746,0.87,0.71,-0.527,0.701,0.892,-0.764,0.833,0.85,-0.091,-0.447,0.161,0.826,-0.423,0.83,0.674,-0.445,0.86,-0.077,-0.712,0.053,-0.742,0.883,0.694,0.803,0.74,-0.463,0.776,0.317,-0.325,-0.106,-0.543,0.122,-0.179,-0.435,0.853,-0.685,0.234,-0.09,-0.751,0.688,0.793,0.242,-0.725,0.117,0.058,-0.471,0.377,0.314,0.154,-0.589,-0.304,-0.614,0.75,0.652,0.901,0.822,-0.69,0.674,0.817,0.194,0.455,-0.639,-0.426,-0.151,-0.622,0.836,0.227,0.855,0.552,0.637,0.834,-0.627,0.717,-0.032,-0.716,-0.689,-0.685,-0.389,0.374,0.789,0.801,0.763,0.511,0.735,0.376,0.923,0.919,0.838,0.885,-0.424,-0.572,-0.808,-0.358,0.327,0.89,0.684,0.619,0.295
001965SZ,0.413,-0.12,-0.359,-0.599,-0.303,-0.383,-0.037,-0.366,-0.54,-0.417,-0.318,-0.512,-0.294,-0.278,0.358,0.136,-0.548,-0.487,-0.331,0.368,-0.122,0.107,-0.316,-0.37,-0.306,-0.171,1.0,0.105,-0.349,0.598,-0.5,-0.322,-0.271,-0.246,-0.363,-0.456,0.304,-0.013,-0.358,-0.059,-0.372,-0.365,-0.289,-0.408,-0.228,-0.27,-0.3,0.008,-0.186,-0.18,-0.696,0.293,0.28,-0.6,0.231,-0.503,-0.302,-0.145,0.671,-0.701,-0.601,-0.607,-0.215,-0.425,-0.492,-0.234,-0.506,-0.046,-0.524,-0.459,-0.198,-0.214,0.168,-0.462,0.239,-0.292,-0.648,-0.722,-0.585,-0.208,-0.407,-0.528,0.577,0.414,0.785,0.686,0.759,0.706,0.662,0.666,0.622,0.084,0.77,0.365,-0.038,0.125,-0.202,0.455,-0.336,-0.134,-0.384,-0.598,0.105,-0.03,-0.073,-0.491,0.363,-0.095,0.472,-0.562,-0.409,-0.409,0.043,0.181,0.128,0.459,-0.213,-0.009,-0.271,-0.27,-0.523,0.305,-0.062,-0.385,0.457,-0.364,-0.37,0.54,0.772,-0.526,0.073,0.842,-0.458,-0.423,0.846,-0.183,0.68,0.455,0.771,0.303,-0.439,-0.339,-0.35,-0.615,0.686,-0.41,-0.212,-0.377,0.331,0.704,0.091,0.536,0.785,-0.381,0.57,-0.055,0.455,0.634,-0.112,-0.404,-0.04,0.545,0.612,-0.103,0.01,0.529,-0.615,-0.634,0.73,0.625,0.206,-0.599,-0.387,-0.353,-0.355,0.631,-0.652,-0.258,0.151,-0.185,0.635,0.704,0.676,0.682,-0.46,0.537,-0.43,-0.703,-0.63,-0.156,0.48,-0.602,-0.043,0.607,0.676,0.56,0.632,-0.486,-0.42,-0.276,-0.369,-0.657,-0.099,-0.572,-0.348,-0.208,-0.371,-0.33,-0.36,0.436,0.077,0.839,-0.306,-0.377,-0.556,-0.568,-0.618
