,000001SZ,000002SZ,000157SZ,000166SZ,000333SZ,000338SZ,000538SZ,000568SZ,000596SZ,000617SZ,000625SZ,000651SZ,000661SZ,000708SZ,000725SZ,000768SZ,000776SZ,000786SZ,000800SZ,000807SZ,000858SZ,000876SZ,000895SZ,000938SZ,000963SZ,000999SZ,001965SZ,002001SZ,002007SZ,002027SZ,002028SZ,002050SZ,002129SZ,002179SZ,002230SZ,002236SZ,002241SZ,002271SZ,002304SZ,002311SZ,002371SZ,002415SZ,002422SZ,002459SZ,002460SZ,002463SZ,002466SZ,002475SZ,002493SZ,002555SZ,002594SZ,002601SZ,002648SZ,002709SZ,002714SZ,002916SZ,002920SZ,002938SZ,003816SZ,300014SZ,300033SZ,300059SZ,300122SZ,300124SZ,300274SZ,300308SZ,300316SZ,300347SZ,300394SZ,300408SZ,300413SZ,300418SZ,300433SZ,300450SZ,300498SZ,300502SZ,300628SZ,300661SZ,300750SZ,300759SZ,300760SZ,300782SZ,600000SS,600010SS,600011SS,600015SS,600016SS,600018SS,600019SS,600023SS,600025SS,600026SS,600028SS,600029SS,600031SS,600036SS,600048SS,600050SS,600061SS,600085SS,600089SS,600104SS,600111SS,600115SS,600161SS,600183SS,600188SS,600196SS,600219SS,600233SS,600276SS,600309SS,600332SS,600346SS,600362SS,600377SS,600406SS,600415SS,600426SS,600436SS,600438SS,600489SS,600519SS,600570SS,600585SS,600588SS,600600SS,600660SS,600674SS,600741SS,600760SS,600795SS,600809SS,600875SS,600886SS,600887SS,600926SS,600989SS,601006SS,601009SS,601012SS,601021SS,601058SS,601066SS,601088SS,601100SS,601117SS,601138SS,601166SS,601169SS,601186SS,601225SS,601229SS,601238SS,601288SS,601318SS,601319SS,601328SS,601336SS,601360SS,601390SS,601398SS,601600SS,601601SS,601607SS,601618SS,601628SS,601633SS,601658SS,601668SS,601669SS,601688SS,601689SS,601698SS,601699SS,601766SS,601788SS,601799SS,601800SS,601808SS,601816SS,601818SS,601838SS,601857SS,601865SS,601872SS,601877SS,601878SS,601881SS,601888SS,601899SS,601901SS,601919SS,601939SS,601985SS,601988SS,601998SS,603019SS,603195SS,603259SS,603260SS,603288SS,603369SS,603501SS,603659SS,603799SS,603806SS,603833SS,603986SS,603993SS,688008SS,688009SS,688012SS,688036SS,688111SS,688169SS,688396SS
000001SZ,1.0,0.65,0.71,0.93,0.749,0.864,0.441,-0.157,0.091,0.836,-0.307,0.634,-0.309,0.706,0.546,0.464,0.359,0.744,0.268,0.157,0.634,-0.23,0.765,-0.203,-0.502,0.805,0.69,0.096,-0.251,0.033,0.061,-0.639,-0.505,0.185,0.518,-0.093,-0.508,-0.13,-0.174,-0.408,0.065,0.759,-0.324,-0.367,-0.473,-0.014,-0.461,-0.475,0.598,-0.133,-0.436,0.69,0.323,-0.551,-0.245,-0.45,-0.539,-0.384,0.728,-0.479,-0.296,0.327,-0.179,0.484,-0.451,0.287,-0.523,-0.5,0.235,-0.342,0.257,-0.03,-0.261,-0.488,-0.189,-0.089,0.147,-0.578,-0.251,-0.552,0.296,-0.547,0.832,0.78,0.705,0.876,0.856,0.838,0.794,0.691,0.73,0.182,0.792,0.211,0.737,0.789,0.87,0.88,0.709,-0.221,0.423,0.889,0.057,0.467,0.046,-0.445,0.797,-0.024,0.417,-0.196,-0.206,0.69,0.553,0.112,0.65,0.7,0.567,0.766,0.029,-0.062,-0.317,0.638,0.38,-0.347,0.768,-0.481,0.66,0.164,0.718,0.151,-0.132,0.683,0.309,0.649,0.666,0.758,0.821,-0.215,0.728,0.693,-0.4,0.46,0.137,0.798,0.681,-0.527,0.833,0.36,0.747,0.713,0.873,0.73,0.874,0.294,0.735,0.814,0.922,0.734,0.886,-0.234,0.896,0.723,0.801,0.907,0.837,0.921,0.87,-0.464,0.807,0.897,0.863,0.717,-0.635,0.181,0.727,0.86,0.868,-0.051,0.827,0.525,0.873,0.834,0.841,0.835,-0.585,0.601,-0.382,0.172,0.65,0.421,0.57,-0.152,0.917,0.761,0.808,0.756,0.783,0.087,0.647,-0.536,-0.465,0.502,0.429,-0.235,-0.521,-0.441,-0.557,0.027,-0.545,0.817,-0.575,0.832,-0.578,0.757,-0.265,0.489,-0.006
000002SZ,0.65,1.0,0.038,0.615,0.097,0.406,0.547,0.329,0.12,0.674,0.264,0.121,0.238,0.52,0.58,0.816,0.75,0.472,0.773,0.715,0.585,0.363,0.16,0.364,0.023,0.277,0.321,0.592,0.332,0.432,-0.069,-0.133,-0.022,0.551,0.5,0.327,0.069,0.527,0.25,-0.127,-0.195,0.312,0.153,0.035,0.157,-0.281,0.132,0.002,0.716,0.281,0.096,0.611,0.558,0.045,0.009,0.196,0.095,0.129,0.268,0.103,0.352,0.557,0.063,0.171,-0.167,-0.184,0.031,0.071,-0.344,0.169,0.613,0.436,0.296,0.135,0.04,-0.261,0.51,-0.114,-0.341,0.052,0.082,0.021,0.301,0.74,0.735,0.548,0.418,0.491,0.528,0.292,0.298,0.451,0.379,0.61,0.757,0.212,0.802,0.527,0.893,0.292,0.513,0.426,0.499,0.771,0.429,0.09,0.4,0.472,0.85,0.023,0.09,0.72,0.708,0.625,0.855,0.194,0.317,0.535,0.516,0.323,-0.069,0.638,0.277,0.251,0.38,0.21,0.404,-0.196,0.363,0.485,0.444,0.404,0.127,0.886,0.272,0.212,0.317,0.266,0.424,0.09,0.145,0.354,-0.171,0.491,0.127,-0.14,0.907,-0.169,0.137,0.13,0.599,0.181,0.333,0.678,0.173,0.281,0.522,0.217,0.793,0.393,0.608,0.128,0.8,0.515,0.514,0.742,0.372,0.033,0.257,0.608,0.788,0.692,-0.051,0.751,0.514,0.379,0.511,-0.217,0.576,0.775,0.37,0.318,0.31,0.515,-0.004,0.633,0.213,0.64,0.898,0.594,0.657,0.474,0.603,0.27,0.467,0.24,0.278,0.587,0.066,-0.056,0.019,0.135,0.101,0.388,0.039,0.219,-0.174,0.606,0.039,0.58,-0.042,0.767,-0.11,0.252,0.34,-0.067,0.378
000157SZ,0.71,0.038,1.0,0.714,0.898,0.777,0.067,-0.572,-0.025,0.552,-0.694,0.723,-0.641,0.457,0.18,-0.078,-0.236,0.571,-0.375,-0.508,0.293,-0.698,0.87,-0.599,-0.766,0.881,0.605,-0.437,-0.69,-0.359,-0.006,-0.824,-0.652,-0.275,0.32,-0.412,-0.799,-0.669,-0.5,-0.535,0.278,0.77,-0.66,-0.495,-0.799,0.312,-0.759,-0.704,0.164,-0.36,-0.729,0.367,-0.129,-0.82,-0.462,-0.836,-0.867,-0.713,0.742,-0.783,-0.763,-0.065,-0.354,0.518,-0.474,0.637,-0.758,-0.769,0.692,-0.658,-0.19,-0.369,-0.65,-0.817,-0.357,0.174,-0.265,-0.734,-0.172,-0.84,0.285,-0.808,0.881,0.387,0.305,0.687,0.815,0.707,0.619,0.668,0.706,-0.223,0.764,-0.274,0.293,0.9,0.525,0.764,0.169,-0.577,0.055,0.82,-0.424,-0.069,-0.411,-0.734,0.728,-0.518,-0.231,-0.348,-0.423,0.282,0.073,-0.401,0.062,0.734,0.411,0.512,-0.483,-0.391,-0.384,0.266,0.176,-0.707,0.67,-0.849,0.518,0.353,0.645,-0.282,-0.611,0.575,0.326,0.083,0.665,0.798,0.794,-0.604,0.598,0.898,-0.664,0.219,0.22,0.658,0.813,-0.667,0.346,0.718,0.92,0.873,0.686,0.851,0.891,-0.28,0.831,0.887,0.794,0.778,0.529,-0.655,0.713,0.864,0.36,0.798,0.648,0.618,0.863,-0.722,0.87,0.702,0.487,0.329,-0.884,-0.416,0.533,0.844,0.743,0.035,0.653,-0.052,0.85,0.854,0.851,0.704,-0.828,0.151,-0.75,-0.335,0.08,0.083,0.167,-0.643,0.689,0.782,0.7,0.797,0.804,-0.381,0.827,-0.696,-0.667,0.575,0.504,-0.7,-0.796,-0.814,-0.654,-0.524,-0.808,0.577,-0.783,0.454,-0.718,0.851,-0.692,0.697,-0.411
000166SZ,0.93,0.615,0.714,1.0,0.759,0.832,0.306,-0.239,0.051,0.875,-0.416,0.711,-0.34,0.769,0.583,0.439,0.298,0.59,0.215,0.111,0.615,-0.278,0.795,-0.3,-0.562,0.816,0.715,0.036,-0.268,0.133,0.054,-0.654,-0.61,0.158,0.58,-0.178,-0.593,-0.212,-0.192,-0.491,-0.074,0.765,-0.334,-0.48,-0.56,-0.007,-0.573,-0.497,0.644,-0.213,-0.51,0.77,0.328,-0.65,-0.307,-0.51,-0.564,-0.449,0.802,-0.571,-0.279,0.375,-0.16,0.646,-0.524,0.356,-0.618,-0.56,0.335,-0.404,0.264,-0.11,-0.359,-0.569,-0.166,-0.148,0.085,-0.582,-0.277,-0.612,0.34,-0.634,0.876,0.788,0.639,0.867,0.86,0.842,0.885,0.725,0.757,-0.027,0.856,0.034,0.756,0.755,0.882,0.903,0.664,-0.375,0.268,0.926,0.049,0.315,-0.018,-0.565,0.831,-0.021,0.397,-0.231,-0.277,0.713,0.56,0.056,0.65,0.731,0.589,0.842,0.079,-0.19,-0.414,0.735,0.432,-0.445,0.8,-0.522,0.683,0.197,0.79,-0.037,-0.114,0.77,0.436,0.605,0.769,0.801,0.736,-0.288,0.759,0.701,-0.489,0.22,0.237,0.862,0.75,-0.575,0.827,0.415,0.77,0.724,0.906,0.739,0.84,0.254,0.791,0.84,0.95,0.778,0.857,-0.312,0.914,0.768,0.817,0.946,0.905,0.922,0.914,-0.539,0.836,0.925,0.884,0.666,-0.672,0.119,0.803,0.888,0.906,-0.22,0.867,0.422,0.855,0.837,0.793,0.861,-0.684,0.417,-0.481,0.111,0.588,0.314,0.628,-0.251,0.867,0.806,0.844,0.801,0.804,0.109,0.735,-0.631,-0.535,0.57,0.574,-0.301,-0.626,-0.518,-0.647,-0.104,-0.625,0.855,-0.63,0.83,-0.68,0.811,-0.29,0.456,-0.153
000333SZ,0.749,0.097,0.898,0.759,1.0,0.846,-0.055,-0.62,-0.088,0.595,-0.76,0.91,-0.716,0.674,0.258,-0.149,-0.254,0.543,-0.318,-0.354,0.239,-0.618,0.957,-0.736,-0.802,0.916,0.796,-0.392,-0.649,-0.294,0.091,-0.795,-0.845,-0.301,0.217,-0.558,-0.871,-0.676,-0.536,-0.556,-0.022,0.669,-0.614,-0.735,-0.883,0.001,-0.874,-0.757,0.2,-0.591,-0.817,0.498,-0.133,-0.897,-0.425,-0.832,-0.86,-0.752,0.884,-0.881,-0.712,-0.143,-0.428,0.663,-0.688,0.429,-0.877,-0.858,0.553,-0.736,-0.288,-0.56,-0.739,-0.881,-0.15,-0.148,-0.386,-0.734,-0.264,-0.894,0.231,-0.832,0.913,0.382,0.451,0.823,0.886,0.804,0.782,0.857,0.859,-0.245,0.871,-0.376,0.347,0.805,0.575,0.817,0.167,-0.721,-0.075,0.87,-0.428,-0.163,-0.414,-0.819,0.881,-0.481,-0.113,-0.442,-0.557,0.301,0.188,-0.431,0.248,0.867,0.464,0.571,-0.413,-0.569,-0.594,0.502,0.208,-0.822,0.825,-0.878,0.576,0.481,0.84,-0.301,-0.604,0.782,0.418,0.114,0.863,0.869,0.809,-0.618,0.77,0.917,-0.826,0.167,0.411,0.605,0.936,-0.702,0.386,0.51,0.911,0.926,0.754,0.906,0.905,-0.227,0.937,0.82,0.843,0.908,0.519,-0.761,0.749,0.94,0.538,0.846,0.799,0.656,0.911,-0.797,0.939,0.79,0.595,0.23,-0.872,-0.465,0.736,0.908,0.718,-0.158,0.746,0.114,0.909,0.928,0.897,0.818,-0.911,0.161,-0.815,-0.423,0.079,-0.1,0.398,-0.713,0.737,0.91,0.82,0.924,0.917,-0.475,0.887,-0.861,-0.794,0.428,0.654,-0.759,-0.873,-0.874,-0.784,-0.555,-0.896,0.736,-0.873,0.563,-0.858,0.808,-0.72,0.68,-0.502
000338SZ,0.864,0.406,0.777,0.832,0.846,1.0,0.24,-0.388,0.093,0.691,-0.451,0.771,-0.529,0.769,0.506,0.121,0.096,0.791,0.055,0.006,0.392,-0.302,0.869,-0.439,-0.563,0.832,0.771,-0.011,-0.368,-0.067,0.244,-0.632,-0.674,0.033,0.388,-0.236,-0.642,-0.354,-0.343,-0.393,0.037,0.665,-0.376,-0.553,-0.638,-0.005,-0.627,-0.561,0.367,-0.361,-0.551,0.634,0.147,-0.672,-0.23,-0.57,-0.649,-0.497,0.83,-0.649,-0.447,0.142,-0.284,0.589,-0.528,0.334,-0.663,-0.64,0.399,-0.502,-0.008,-0.296,-0.438,-0.623,-0.009,-0.111,-0.081,-0.58,-0.223,-0.677,0.295,-0.602,0.815,0.646,0.665,0.885,0.869,0.881,0.807,0.827,0.889,0.087,0.83,-0.024,0.569,0.708,0.689,0.828,0.461,-0.469,0.233,0.877,-0.155,0.216,-0.094,-0.555,0.869,-0.189,0.26,-0.196,-0.361,0.405,0.448,-0.168,0.547,0.839,0.513,0.706,-0.172,-0.364,-0.391,0.628,0.24,-0.546,0.87,-0.66,0.677,0.383,0.83,0.044,-0.358,0.783,0.364,0.437,0.776,0.79,0.775,-0.283,0.852,0.756,-0.59,0.371,0.367,0.632,0.842,-0.518,0.61,0.382,0.764,0.791,0.792,0.845,0.903,0.123,0.835,0.758,0.877,0.822,0.687,-0.482,0.816,0.791,0.737,0.857,0.846,0.784,0.88,-0.568,0.845,0.844,0.735,0.449,-0.688,-0.1,0.795,0.904,0.786,-0.129,0.752,0.363,0.898,0.864,0.871,0.808,-0.705,0.497,-0.531,-0.09,0.367,0.136,0.569,-0.395,0.882,0.834,0.855,0.834,0.823,-0.237,0.748,-0.667,-0.568,0.405,0.559,-0.481,-0.628,-0.616,-0.617,-0.189,-0.676,0.884,-0.723,0.766,-0.68,0.818,-0.447,0.682,-0.173
000538SZ,0.441,0.547,0.067,0.306,-0.055,0.24,1.0,0.706,0.694,0.149,0.594,-0.168,0.555,0.174,0.681,0.691,0.774,0.586,0.695,0.544,0.793,0.437,-0.029,0.616,0.464,0.09,-0.033,0.725,0.568,0.566,0.413,0.255,0.341,0.826,0.455,0.699,0.445,0.615,0.677,0.495,0.497,0.358,0.529,0.431,0.45,0.334,0.445,0.483,0.688,0.561,0.524,0.415,0.764,0.376,0.536,0.433,0.364,0.552,-0.17,0.443,0.434,0.717,0.628,0.005,0.465,0.118,0.429,0.45,-0.067,0.603,0.711,0.627,0.644,0.442,0.101,0.382,0.865,0.329,0.344,0.363,0.491,0.391,0.011,0.72,0.259,0.113,0.011,0.032,0.05,-0.154,0.068,0.525,-0.085,0.684,0.66,0.088,0.268,0.053,0.587,0.62,0.903,0.263,0.731,0.822,0.788,0.497,-0.029,0.674,0.598,0.652,0.737,0.598,0.686,0.719,0.474,0.098,0.553,0.344,0.584,0.725,0.515,0.168,0.548,0.522,0.142,0.377,0.456,0.042,-0.099,0.665,0.542,-0.131,0.189,0.684,-0.199,0.167,0.028,0.659,0.084,-0.204,0.508,0.679,-0.013,0.294,-0.158,0.437,0.468,0.061,-0.106,-0.211,0.074,-0.136,0.102,0.78,-0.089,0.148,0.137,-0.072,0.425,0.547,0.144,-0.159,0.276,0.144,0.154,0.268,0.088,0.512,-0.076,0.111,0.201,0.612,0.261,0.601,-0.065,0.048,0.263,0.331,-0.023,0.229,0.118,-0.039,0.005,-0.021,0.343,0.754,0.532,0.665,0.573,0.773,0.202,0.556,0.27,-0.097,-0.008,-0.111,-0.14,0.608,-0.028,0.374,0.519,0.482,-0.003,0.562,0.42,0.444,0.342,0.716,0.387,0.231,0.388,0.23,0.385,0.234,0.549,0.248,0.828
000568SZ,-0.157,0.329,-0.572,-0.239,-0.62,-0.388,0.706,1.0,0.637,-0.316,0.901,-0.573,0.899,-0.183,0.453,0.571,0.706,0.024,0.735,0.701,0.509,0.808,-0.587,0.856,0.879,-0.489,-0.441,0.818,0.914,0.7,0.357,0.77,0.683,0.826,0.094,0.819,0.865,0.899,0.941,0.8,0.234,-0.156,0.882,0.644,0.86,0.133,0.812,0.857,0.483,0.676,0.881,0.125,0.681,0.817,0.781,0.878,0.859,0.91,-0.635,0.857,0.825,0.59,0.799,-0.276,0.694,-0.242,0.837,0.858,-0.422,0.92,0.703,0.678,0.92,0.871,0.318,0.213,0.831,0.799,0.479,0.825,0.236,0.828,-0.563,0.314,-0.147,-0.422,-0.576,-0.527,-0.384,-0.583,-0.436,0.423,-0.587,0.614,0.345,-0.518,-0.178,-0.483,0.246,0.819,0.645,-0.311,0.887,0.584,0.9,0.854,-0.545,0.903,0.558,0.78,0.898,0.329,0.502,0.858,0.268,-0.394,0.271,-0.022,0.812,0.802,0.673,-0.039,0.427,0.829,-0.319,0.845,0.094,-0.091,-0.522,0.641,0.873,-0.515,0.074,0.439,-0.598,-0.339,-0.557,0.906,-0.404,-0.758,0.823,0.344,-0.063,-0.225,-0.669,0.803,0.067,-0.347,-0.673,-0.755,-0.441,-0.732,-0.545,0.799,-0.611,-0.444,-0.447,-0.578,-0.063,0.823,-0.412,-0.691,-0.071,-0.415,-0.304,-0.258,-0.499,0.897,-0.628,-0.426,-0.224,0.214,0.787,0.68,-0.475,-0.535,-0.36,0.257,-0.484,0.114,-0.479,-0.611,-0.592,-0.513,0.779,0.392,0.888,0.678,0.306,0.589,0.038,0.792,-0.337,-0.616,-0.519,-0.634,-0.655,0.742,-0.53,0.726,0.872,0.074,-0.211,0.887,0.83,0.865,0.707,0.856,0.821,-0.231,0.857,-0.186,0.784,-0.344,0.887,-0.204,0.868
000596SZ,0.091,0.12,-0.025,0.051,-0.088,0.093,0.694,0.637,1.0,-0.312,0.422,-0.06,0.448,0.192,0.698,0.225,0.338,0.359,0.334,0.321,0.672,0.416,-0.011,0.359,0.537,0.056,-0.03,0.59,0.604,0.629,0.733,0.427,0.183,0.743,0.178,0.58,0.38,0.375,0.751,0.678,0.462,0.136,0.627,0.211,0.329,0.466,0.271,0.632,0.553,0.325,0.512,0.487,0.65,0.295,0.735,0.386,0.394,0.553,-0.189,0.345,0.398,0.55,0.807,0.32,0.498,0.315,0.355,0.369,0.264,0.567,0.446,0.238,0.476,0.388,0.496,0.411,0.65,0.578,0.664,0.292,0.769,0.386,-0.1,0.457,-0.094,-0.133,-0.204,-0.197,-0.001,-0.179,0.1,0.041,-0.18,0.14,0.529,-0.154,-0.078,-0.205,0.029,0.317,0.519,0.17,0.593,0.293,0.705,0.407,-0.12,0.625,0.283,0.762,0.731,0.391,0.605,0.477,0.212,0.234,0.602,0.245,0.595,0.418,0.52,0.158,0.73,0.298,0.162,0.265,0.589,0.477,-0.102,0.268,0.485,-0.137,0.626,0.237,-0.151,0.247,-0.332,0.654,0.052,-0.296,0.329,0.361,0.339,-0.024,-0.085,0.645,-0.026,0.196,-0.211,-0.329,-0.258,-0.25,-0.121,0.601,-0.037,0.007,-0.125,-0.033,-0.051,0.258,-0.193,-0.165,0.037,-0.078,0.099,-0.133,-0.03,0.507,-0.174,-0.15,-0.165,0.092,0.329,0.172,-0.166,-0.088,-0.034,0.223,-0.329,-0.245,-0.046,-0.182,-0.218,-0.227,0.254,0.322,0.404,0.188,-0.037,0.426,0.207,0.177,-0.037,-0.113,-0.142,-0.122,-0.246,0.352,0.097,0.267,0.573,0.535,0.367,0.323,0.349,0.307,0.345,0.38,0.298,0.169,0.423,-0.114,0.377,0.262,0.452,0.406,0.644
000617SZ,0.836,0.674,0.552,0.875,0.595,0.691,0.149,-0.316,-0.312,1.0,-0.351,0.539,-0.344,0.597,0.292,0.488,0.35,0.457,0.274,0.156,0.358,-0.254,0.615,-0.215,-0.595,0.609,0.599,-0.019,-0.342,-0.048,-0.271,-0.669,-0.474,0.002,0.5,-0.236,-0.533,-0.137,-0.366,-0.643,-0.231,0.654,-0.437,-0.37,-0.468,-0.207,-0.448,-0.605,0.432,-0.156,-0.514,0.495,0.151,-0.542,-0.495,-0.447,-0.533,-0.476,0.727,-0.48,-0.271,0.239,-0.42,0.326,-0.582,0.108,-0.549,-0.499,0.037,-0.444,0.222,-0.014,-0.336,-0.501,-0.381,-0.289,-0.02,-0.681,-0.51,-0.515,-0.027,-0.578,0.74,0.627,0.686,0.823,0.806,0.836,0.75,0.652,0.572,0.186,0.787,0.21,0.531,0.693,0.883,0.886,0.76,-0.278,0.208,0.714,-0.028,0.391,-0.14,-0.5,0.735,-0.124,0.43,-0.416,-0.419,0.547,0.347,0.028,0.631,0.467,0.292,0.699,-0.041,-0.173,-0.483,0.623,0.09,-0.33,0.609,-0.417,0.352,-0.155,0.69,0.064,-0.147,0.688,0.03,0.645,0.657,0.53,0.793,-0.366,0.63,0.64,-0.403,0.174,-0.016,0.801,0.589,-0.694,0.897,0.188,0.681,0.69,0.943,0.689,0.758,0.163,0.605,0.697,0.895,0.601,0.9,-0.192,0.927,0.637,0.799,0.866,0.745,0.948,0.78,-0.549,0.732,0.897,0.933,0.697,-0.617,0.275,0.763,0.79,0.843,-0.217,0.918,0.651,0.757,0.757,0.764,0.838,-0.567,0.416,-0.407,0.242,0.741,0.289,0.518,-0.078,0.84,0.666,0.794,0.666,0.744,0.115,0.489,-0.526,-0.584,0.256,0.235,-0.19,-0.543,-0.409,-0.607,-0.015,-0.524,0.691,-0.62,0.883,-0.633,0.549,-0.293,0.166,-0.215
000625SZ,-0.307,0.264,-0.694,-0.416,-0.76,-0.451,0.594,0.901,0.422,-0.351,1.0,-0.747,0.871,-0.366,0.228,0.502,0.695,-0.018,0.742,0.689,0.225,0.836,-0.749,0.929,0.92,-0.683,-0.6,0.771,0.866,0.545,0.233,0.832,0.833,0.704,0.043,0.842,0.953,0.932,0.789,0.778,0.225,-0.305,0.857,0.781,0.954,0.088,0.944,0.828,0.221,0.749,0.943,-0.15,0.553,0.942,0.701,0.946,0.905,0.94,-0.758,0.949,0.821,0.486,0.643,-0.54,0.76,-0.379,0.937,0.941,-0.569,0.918,0.629,0.759,0.974,0.956,0.231,0.235,0.767,0.793,0.386,0.927,0.007,0.931,-0.738,0.164,-0.151,-0.523,-0.671,-0.578,-0.573,-0.687,-0.573,0.618,-0.728,0.742,0.106,-0.635,-0.317,-0.601,0.249,0.899,0.622,-0.517,0.809,0.616,0.827,0.96,-0.679,0.808,0.53,0.756,0.831,0.057,0.285,0.762,0.177,-0.605,-0.02,-0.187,0.653,0.799,0.742,-0.227,0.099,0.945,-0.501,0.917,-0.201,-0.321,-0.658,0.751,0.783,-0.638,-0.268,0.386,-0.75,-0.604,-0.582,0.91,-0.502,-0.845,0.924,0.35,-0.201,-0.348,-0.802,0.805,-0.007,-0.493,-0.797,-0.832,-0.531,-0.785,-0.629,0.702,-0.793,-0.607,-0.569,-0.764,-0.147,0.909,-0.503,-0.847,-0.188,-0.572,-0.51,-0.347,-0.673,0.951,-0.775,-0.545,-0.316,0.177,0.882,0.726,-0.568,-0.673,-0.465,0.327,-0.571,0.175,-0.617,-0.738,-0.65,-0.637,0.919,0.417,0.98,0.752,0.319,0.499,-0.14,0.911,-0.402,-0.776,-0.633,-0.791,-0.785,0.663,-0.747,0.872,0.893,-0.169,-0.504,0.929,0.948,0.959,0.839,0.909,0.941,-0.387,0.895,-0.238,0.893,-0.531,0.885,-0.302,0.872
000651SZ,0.634,0.121,0.723,0.711,0.91,0.771,-0.168,-0.573,-0.06,0.539,-0.747,1.0,-0.689,0.815,0.326,-0.223,-0.296,0.415,-0.272,-0.204,0.187,-0.444,0.915,-0.801,-0.726,0.822,0.888,-0.275,-0.512,-0.15,0.194,-0.658,-0.947,-0.248,0.055,-0.633,-0.841,-0.623,-0.456,-0.49,-0.31,0.527,-0.488,-0.899,-0.86,-0.22,-0.896,-0.683,0.244,-0.752,-0.801,0.604,-0.156,-0.866,-0.297,-0.733,-0.738,-0.708,0.927,-0.864,-0.577,-0.198,-0.403,0.772,-0.807,0.252,-0.892,-0.839,0.435,-0.72,-0.353,-0.708,-0.75,-0.837,0.127,-0.417,-0.473,-0.597,-0.291,-0.84,0.191,-0.754,0.822,0.338,0.454,0.823,0.815,0.775,0.859,0.922,0.903,-0.335,0.877,-0.513,0.364,0.602,0.561,0.761,0.077,-0.821,-0.241,0.818,-0.387,-0.29,-0.363,-0.815,0.906,-0.373,-0.027,-0.464,-0.594,0.286,0.297,-0.408,0.366,0.919,0.514,0.564,-0.268,-0.714,-0.734,0.701,0.262,-0.866,0.897,-0.809,0.657,0.631,0.932,-0.344,-0.485,0.886,0.566,0.107,0.951,0.875,0.661,-0.551,0.808,0.818,-0.885,-0.014,0.582,0.443,0.937,-0.615,0.351,0.309,0.788,0.851,0.716,0.82,0.776,-0.147,0.938,0.657,0.762,0.928,0.413,-0.805,0.677,0.894,0.642,0.783,0.861,0.587,0.857,-0.764,0.884,0.766,0.606,0.023,-0.761,-0.486,0.817,0.868,0.585,-0.374,0.729,0.165,0.851,0.87,0.791,0.815,-0.902,0.055,-0.803,-0.509,-0.003,-0.247,0.61,-0.744,0.642,0.916,0.854,0.926,0.89,-0.503,0.843,-0.941,-0.795,0.285,0.812,-0.726,-0.849,-0.836,-0.844,-0.543,-0.884,0.805,-0.838,0.582,-0.895,0.699,-0.672,0.598,-0.577
000661SZ,-0.309,0.238,-0.641,-0.34,-0.716,-0.529,0.555,0.899,0.448,-0.344,0.871,-0.689,1.0,-0.299,0.3,0.544,0.649,-0.199,0.663,0.613,0.328,0.747,-0.693,0.862,0.868,-0.625,-0.562,0.741,0.878,0.69,0.199,0.783,0.753,0.729,0.106,0.743,0.886,0.86,0.887,0.717,0.19,-0.228,0.835,0.714,0.895,0.15,0.849,0.845,0.384,0.699,0.876,-0.042,0.591,0.844,0.667,0.894,0.889,0.897,-0.728,0.867,0.836,0.582,0.784,-0.343,0.717,-0.264,0.872,0.917,-0.432,0.914,0.697,0.715,0.896,0.885,0.183,0.237,0.786,0.81,0.424,0.885,0.147,0.836,-0.644,0.161,-0.222,-0.532,-0.656,-0.625,-0.473,-0.686,-0.58,0.285,-0.669,0.549,0.197,-0.611,-0.288,-0.581,0.203,0.822,0.512,-0.459,0.819,0.475,0.774,0.833,-0.645,0.84,0.487,0.732,0.842,0.233,0.352,0.864,0.154,-0.551,0.122,-0.147,0.734,0.783,0.649,-0.196,0.22,0.872,-0.488,0.916,-0.144,-0.255,-0.627,0.526,0.848,-0.587,-0.07,0.313,-0.675,-0.504,-0.658,0.84,-0.496,-0.834,0.865,0.136,-0.197,-0.227,-0.742,0.781,-0.022,-0.357,-0.75,-0.817,-0.518,-0.789,-0.648,0.652,-0.716,-0.53,-0.526,-0.691,-0.119,0.871,-0.501,-0.775,-0.206,-0.5,-0.431,-0.354,-0.601,0.885,-0.722,-0.526,-0.328,0.181,0.819,0.648,-0.533,-0.653,-0.386,0.138,-0.556,0.039,-0.62,-0.724,-0.704,-0.609,0.832,0.184,0.88,0.714,0.273,0.465,-0.102,0.833,-0.495,-0.713,-0.605,-0.726,-0.751,0.781,-0.596,0.796,0.866,0.007,-0.36,0.885,0.843,0.893,0.739,0.775,0.868,-0.374,0.877,-0.304,0.811,-0.46,0.916,-0.377,0.796
000708SZ,0.706,0.52,0.457,0.769,0.674,0.769,0.174,-0.183,0.192,0.597,-0.366,0.815,-0.299,1.0,0.675,0.151,0.148,0.507,0.215,0.316,0.43,0.004,0.746,-0.422,-0.367,0.661,0.895,0.249,-0.041,0.3,0.389,-0.37,-0.751,0.219,0.235,-0.287,-0.513,-0.157,-0.067,-0.241,-0.391,0.448,-0.094,-0.721,-0.504,-0.336,-0.575,-0.351,0.592,-0.482,-0.448,0.826,0.265,-0.554,0.011,-0.322,-0.363,-0.327,0.81,-0.547,-0.111,0.188,-0.084,0.785,-0.636,0.041,-0.597,-0.505,0.16,-0.357,0.053,-0.374,-0.361,-0.471,0.36,-0.5,-0.052,-0.292,-0.231,-0.507,0.3,-0.416,0.661,0.607,0.698,0.847,0.71,0.769,0.916,0.849,0.89,-0.103,0.778,-0.172,0.692,0.353,0.682,0.693,0.414,-0.494,0.052,0.771,0.04,0.089,0.078,-0.494,0.854,0.1,0.471,-0.161,-0.298,0.529,0.702,0.055,0.761,0.87,0.653,0.668,0.18,-0.429,-0.566,0.911,0.391,-0.502,0.912,-0.422,0.78,0.557,0.905,-0.018,-0.057,0.907,0.63,0.482,0.862,0.761,0.476,-0.103,0.89,0.519,-0.585,0.117,0.573,0.45,0.774,-0.323,0.602,0.049,0.506,0.593,0.697,0.625,0.648,0.326,0.775,0.479,0.731,0.799,0.569,-0.409,0.663,0.663,0.877,0.749,0.929,0.671,0.759,-0.44,0.701,0.77,0.738,0.22,-0.449,-0.044,0.88,0.768,0.598,-0.52,0.691,0.458,0.734,0.716,0.617,0.761,-0.609,0.332,-0.42,-0.109,0.331,-0.019,0.864,-0.325,0.679,0.794,0.849,0.784,0.721,-0.097,0.681,-0.71,-0.469,0.256,0.772,-0.317,-0.525,-0.46,-0.649,-0.087,-0.572,0.944,-0.569,0.754,-0.673,0.614,-0.22,0.433,-0.182
000725SZ,0.546,0.58,0.18,0.583,0.258,0.506,0.681,0.453,0.698,0.292,0.228,0.326,0.3,0.675,1.0,0.513,0.567,0.542,0.603,0.58,0.806,0.416,0.325,0.19,0.223,0.368,0.395,0.673,0.497,0.72,0.631,0.125,-0.195,0.753,0.449,0.393,0.071,0.357,0.551,0.313,0.065,0.436,0.47,-0.144,0.066,0.104,-0.017,0.26,0.872,0.1,0.182,0.859,0.746,-0.022,0.478,0.199,0.16,0.286,0.27,0.032,0.361,0.673,0.547,0.574,0.015,0.177,0.006,0.088,0.154,0.274,0.572,0.151,0.281,0.102,0.436,-0.003,0.573,0.251,0.226,0.029,0.619,0.099,0.289,0.842,0.396,0.419,0.275,0.31,0.534,0.312,0.492,0.095,0.299,0.204,0.887,0.093,0.441,0.304,0.505,0.085,0.533,0.568,0.632,0.441,0.657,0.1,0.361,0.66,0.694,0.498,0.4,0.695,0.936,0.565,0.757,0.531,0.803,0.704,0.633,0.187,0.087,0.683,0.719,0.075,0.59,0.094,0.792,0.454,0.403,0.316,0.469,0.388,0.671,0.662,0.328,0.504,0.043,0.479,0.491,0.013,0.033,0.336,0.467,0.369,0.28,0.248,0.524,0.108,0.098,0.048,0.302,0.114,0.274,0.78,0.319,0.282,0.393,0.335,0.455,0.153,0.323,0.176,0.621,0.426,0.605,0.409,0.398,0.19,0.242,0.389,0.437,0.441,0.038,0.347,0.395,0.359,0.383,-0.175,0.247,0.273,0.362,0.243,0.183,0.297,-0.086,0.527,0.169,0.35,0.443,0.451,0.666,0.161,0.393,0.303,0.355,0.283,0.184,0.427,0.339,-0.119,0.175,0.513,0.596,0.227,0.023,0.092,-0.075,0.396,-0.006,0.673,0.046,0.473,-0.054,0.511,0.352,0.425,0.44
000768SZ,0.464,0.816,-0.078,0.439,-0.149,0.121,0.691,0.571,0.225,0.488,0.502,-0.223,0.544,0.151,0.513,1.0,0.891,0.261,0.816,0.642,0.672,0.424,-0.124,0.657,0.276,0.025,-0.084,0.597,0.473,0.519,-0.093,0.084,0.341,0.698,0.635,0.608,0.347,0.676,0.495,0.108,0.109,0.356,0.339,0.426,0.434,0.053,0.426,0.26,0.709,0.594,0.385,0.405,0.697,0.313,0.161,0.398,0.321,0.406,-0.09,0.399,0.506,0.742,0.371,-0.068,0.241,-0.045,0.348,0.395,-0.297,0.481,0.854,0.741,0.574,0.391,-0.15,0.095,0.759,0.098,-0.058,0.34,0.175,0.239,0.07,0.72,0.352,0.178,0.095,0.126,0.169,-0.129,-0.085,0.452,0.043,0.737,0.673,0.126,0.543,0.247,0.837,0.571,0.72,0.222,0.733,0.835,0.613,0.339,0.011,0.64,0.77,0.308,0.441,0.721,0.597,0.785,0.623,-0.129,0.281,0.444,0.622,0.668,0.311,0.297,0.336,0.547,0.027,0.446,0.225,-0.374,-0.045,0.566,0.681,-0.019,-0.007,0.854,-0.112,0.002,0.108,0.438,0.035,-0.184,0.497,0.368,-0.275,0.478,-0.208,0.097,0.75,-0.052,-0.056,-0.167,0.327,-0.13,0.071,0.735,-0.146,0.185,0.274,-0.128,0.645,0.668,0.355,-0.161,0.452,0.272,0.206,0.506,0.114,0.339,-0.032,0.293,0.49,0.815,0.184,0.878,0.098,0.085,0.365,0.122,0.267,0.525,0.085,-0.005,0.025,0.165,0.279,0.579,0.469,0.852,0.869,0.787,0.289,0.691,0.319,-0.089,0.094,-0.108,-0.057,0.871,-0.138,0.31,0.335,0.313,-0.15,0.655,0.319,0.47,0.184,0.717,0.347,0.221,0.3,0.457,0.23,0.124,0.609,-0.148,0.589
000776SZ,0.359,0.75,-0.236,0.298,-0.254,0.096,0.774,0.706,0.338,0.35,0.695,-0.296,0.649,0.148,0.567,0.891,1.0,0.309,0.928,0.789,0.623,0.616,-0.223,0.755,0.499,-0.155,-0.119,0.775,0.654,0.655,0.138,0.341,0.439,0.803,0.494,0.702,0.535,0.808,0.622,0.344,0.122,0.23,0.568,0.479,0.58,0.019,0.57,0.444,0.655,0.627,0.581,0.328,0.791,0.496,0.402,0.595,0.512,0.616,-0.189,0.558,0.663,0.806,0.483,-0.137,0.375,-0.175,0.508,0.562,-0.414,0.638,0.878,0.744,0.716,0.567,0.005,0.091,0.843,0.326,0.12,0.522,0.191,0.471,-0.126,0.686,0.316,0.085,-0.068,0.039,0.046,-0.205,-0.102,0.627,-0.124,0.822,0.633,-0.098,0.341,0.055,0.807,0.668,0.814,0.103,0.843,0.878,0.78,0.549,-0.101,0.78,0.854,0.542,0.598,0.581,0.622,0.811,0.65,-0.161,0.301,0.379,0.71,0.704,0.432,0.269,0.336,0.682,0.005,0.58,0.171,-0.326,-0.114,0.714,0.732,-0.1,-0.063,0.849,-0.213,-0.099,-0.028,0.671,0.028,-0.365,0.609,0.46,-0.128,0.337,-0.299,0.343,0.643,-0.239,-0.259,-0.323,0.148,-0.244,-0.047,0.861,-0.272,-0.016,0.127,-0.246,0.511,0.746,0.184,-0.32,0.406,0.105,0.106,0.349,-0.038,0.549,-0.2,0.135,0.352,0.744,0.413,0.885,0.009,-0.056,0.229,0.143,0.078,0.547,-0.037,-0.158,-0.093,-0.015,0.46,0.71,0.656,0.932,0.833,0.729,0.269,0.809,0.23,-0.22,-0.025,-0.236,-0.217,0.818,-0.256,0.457,0.497,0.201,-0.209,0.777,0.514,0.62,0.39,0.846,0.522,0.183,0.452,0.362,0.404,-0.018,0.719,-0.106,0.748
000786SZ,0.744,0.472,0.571,0.59,0.543,0.791,0.586,0.024,0.359,0.457,-0.018,0.415,-0.199,0.507,0.542,0.261,0.309,1.0,0.28,0.179,0.522,-0.046,0.561,-0.032,-0.193,0.62,0.469,0.275,-0.073,0.023,0.334,-0.34,-0.269,0.277,0.3,0.138,-0.229,0.016,-0.026,-0.036,0.337,0.548,-0.073,-0.156,-0.245,0.15,-0.216,-0.215,0.407,0.022,-0.159,0.504,0.317,-0.272,0.05,-0.217,-0.332,-0.128,0.445,-0.247,-0.222,0.244,-0.044,0.266,-0.149,0.255,-0.241,-0.259,0.212,-0.117,0.17,0.035,-0.01,-0.232,0.005,0.149,0.246,-0.272,-0.052,-0.322,0.297,-0.212,0.512,0.676,0.587,0.629,0.586,0.595,0.478,0.497,0.636,0.459,0.495,0.347,0.547,0.542,0.54,0.573,0.497,-0.007,0.549,0.654,0.116,0.532,0.226,-0.089,0.546,0.057,0.347,0.12,0.05,0.386,0.506,0.114,0.482,0.58,0.53,0.537,0.002,0.059,-0.009,0.405,0.294,-0.148,0.644,-0.314,0.6,0.259,0.482,0.393,-0.139,0.413,0.221,0.535,0.375,0.55,0.575,0.079,0.576,0.462,-0.179,0.701,0.153,0.423,0.475,-0.175,0.551,0.255,0.473,0.467,0.533,0.525,0.675,0.35,0.494,0.551,0.607,0.49,0.61,-0.118,0.598,0.45,0.558,0.601,0.549,0.613,0.593,-0.171,0.526,0.588,0.542,0.475,-0.381,0.149,0.451,0.626,0.55,0.148,0.475,0.361,0.676,0.573,0.633,0.523,-0.309,0.758,-0.103,0.156,0.439,0.471,0.398,-0.047,0.758,0.487,0.535,0.481,0.491,-0.051,0.421,-0.264,-0.169,0.359,0.306,-0.124,-0.221,-0.233,-0.24,0.216,-0.284,0.645,-0.336,0.607,-0.237,0.625,-0.171,0.614,0.271
000800SZ,0.268,0.773,-0.375,0.215,-0.318,0.055,0.695,0.735,0.334,0.274,0.742,-0.272,0.663,0.215,0.603,0.816,0.928,0.28,1.0,0.926,0.526,0.767,-0.291,0.728,0.562,-0.217,-0.084,0.869,0.757,0.683,0.203,0.445,0.381,0.798,0.367,0.67,0.58,0.874,0.639,0.415,-0.088,0.066,0.669,0.375,0.619,-0.177,0.583,0.488,0.647,0.525,0.593,0.366,0.734,0.542,0.487,0.686,0.604,0.651,-0.21,0.581,0.732,0.674,0.455,-0.132,0.273,-0.375,0.515,0.58,-0.556,0.632,0.785,0.648,0.743,0.613,0.212,-0.116,0.767,0.42,0.026,0.567,0.081,0.555,-0.216,0.639,0.378,0.096,-0.105,0.015,0.067,-0.151,-0.067,0.629,-0.149,0.786,0.588,-0.264,0.309,-0.006,0.73,0.646,0.688,0.026,0.862,0.821,0.815,0.591,-0.101,0.844,0.937,0.508,0.545,0.51,0.708,0.847,0.741,-0.154,0.278,0.334,0.773,0.615,0.319,0.38,0.297,0.665,0.023,0.655,0.188,-0.248,-0.074,0.76,0.763,-0.046,-0.031,0.844,-0.185,-0.161,-0.13,0.733,0.043,-0.438,0.565,0.421,-0.049,0.135,-0.334,0.402,0.602,-0.44,-0.375,-0.38,0.1,-0.333,-0.138,0.927,-0.305,-0.185,0.035,-0.26,0.412,0.738,0.109,-0.384,0.458,0.027,0.11,0.282,-0.121,0.581,-0.258,0.093,0.349,0.559,0.501,0.887,0.055,-0.114,0.072,0.018,0.058,0.624,-0.094,-0.205,-0.165,-0.032,0.493,0.675,0.685,0.848,0.773,0.595,0.405,0.808,0.159,-0.242,-0.035,-0.267,-0.251,0.752,-0.336,0.42,0.494,0.008,-0.148,0.78,0.552,0.672,0.347,0.898,0.549,0.214,0.471,0.382,0.402,-0.126,0.743,-0.153,0.728
000807SZ,0.157,0.715,-0.508,0.111,-0.354,0.006,0.544,0.701,0.321,0.156,0.689,-0.204,0.613,0.316,0.58,0.642,0.789,0.179,0.926,1.0,0.391,0.854,-0.299,0.612,0.596,-0.278,0.028,0.885,0.807,0.7,0.316,0.526,0.271,0.751,0.175,0.542,0.563,0.849,0.627,0.46,-0.317,-0.136,0.711,0.212,0.596,-0.405,0.531,0.504,0.576,0.334,0.561,0.381,0.657,0.541,0.572,0.723,0.657,0.636,-0.169,0.546,0.786,0.518,0.419,-0.066,0.167,-0.557,0.475,0.546,-0.654,0.584,0.619,0.477,0.669,0.61,0.458,-0.352,0.617,0.492,-0.0,0.568,0.007,0.596,-0.298,0.494,0.415,0.1,-0.154,-0.006,0.1,-0.07,-0.006,0.539,-0.157,0.631,0.522,-0.436,0.24,-0.081,0.584,0.533,0.505,-0.065,0.779,0.657,0.785,0.556,-0.066,0.839,0.92,0.435,0.451,0.4,0.719,0.778,0.769,-0.092,0.256,0.22,0.79,0.442,0.189,0.472,0.244,0.584,0.071,0.662,0.206,-0.098,0.005,0.693,0.759,0.049,0.051,0.736,-0.109,-0.177,-0.229,0.751,0.101,-0.491,0.468,0.304,0.076,-0.061,-0.303,0.459,0.487,-0.625,-0.477,-0.412,0.026,-0.368,-0.227,0.883,-0.284,-0.356,-0.058,-0.222,0.257,0.644,0.008,-0.401,0.491,-0.062,0.133,0.173,-0.186,0.562,-0.295,0.041,0.301,0.311,0.564,0.779,0.121,-0.157,-0.077,-0.161,0.01,0.644,-0.154,-0.236,-0.23,-0.045,0.487,0.572,0.654,0.679,0.616,0.366,0.523,0.722,0.078,-0.215,-0.012,-0.243,-0.249,0.62,-0.358,0.33,0.464,-0.182,-0.056,0.723,0.552,0.652,0.298,0.841,0.522,0.249,0.454,0.354,0.344,-0.243,0.732,-0.224,0.623
000858SZ,0.634,0.585,0.293,0.615,0.239,0.392,0.793,0.509,0.672,0.358,0.225,0.187,0.328,0.43,0.806,0.672,0.623,0.522,0.526,0.391,1.0,0.204,0.309,0.305,0.136,0.412,0.231,0.508,0.369,0.587,0.361,-0.03,-0.013,0.727,0.556,0.449,0.084,0.341,0.557,0.191,0.338,0.587,0.314,0.092,0.087,0.354,0.047,0.251,0.889,0.333,0.206,0.749,0.765,-0.019,0.315,0.109,0.076,0.26,0.177,0.102,0.268,0.75,0.556,0.436,0.168,0.391,0.066,0.109,0.234,0.346,0.697,0.35,0.312,0.099,0.042,0.26,0.688,0.105,0.304,0.017,0.692,-0.001,0.379,0.838,0.247,0.319,0.265,0.244,0.408,0.115,0.298,0.125,0.268,0.327,0.88,0.353,0.524,0.358,0.558,0.236,0.682,0.589,0.627,0.574,0.598,0.113,0.257,0.567,0.533,0.438,0.511,0.878,0.763,0.581,0.553,0.384,0.77,0.685,0.613,0.446,0.243,0.475,0.849,0.159,0.418,0.07,0.709,0.205,0.216,0.267,0.472,0.181,0.574,0.659,0.167,0.533,0.174,0.362,0.284,0.088,0.167,0.432,0.159,0.59,0.178,0.134,0.585,0.363,0.237,0.065,0.342,0.114,0.315,0.68,0.273,0.497,0.434,0.272,0.569,0.239,0.394,0.209,0.475,0.47,0.496,0.483,0.429,0.18,0.265,0.397,0.423,0.659,-0.057,0.423,0.221,0.347,0.504,0.136,0.265,0.183,0.374,0.26,0.22,0.288,-0.063,0.525,0.175,0.438,0.524,0.74,0.454,0.211,0.443,0.242,0.262,0.232,0.191,0.576,0.344,0.004,0.216,0.759,0.415,0.304,0.021,0.103,-0.006,0.392,0.015,0.486,0.101,0.381,0.018,0.536,0.324,0.361,0.503
000876SZ,-0.23,0.363,-0.698,-0.278,-0.618,-0.302,0.437,0.808,0.416,-0.254,0.836,-0.444,0.747,0.004,0.416,0.424,0.616,-0.046,0.767,0.854,0.204,1.0,-0.571,0.703,0.841,-0.578,-0.269,0.849,0.9,0.65,0.382,0.815,0.517,0.699,-0.045,0.678,0.782,0.873,0.747,0.738,-0.149,-0.293,0.864,0.415,0.794,-0.225,0.731,0.707,0.331,0.441,0.764,0.102,0.504,0.787,0.786,0.894,0.856,0.831,-0.485,0.767,0.838,0.393,0.561,-0.271,0.441,-0.524,0.721,0.758,-0.607,0.737,0.531,0.482,0.803,0.819,0.567,-0.166,0.571,0.791,0.262,0.785,-0.03,0.85,-0.632,0.22,0.012,-0.283,-0.524,-0.37,-0.278,-0.365,-0.287,0.468,-0.525,0.538,0.254,-0.708,-0.185,-0.47,0.238,0.615,0.428,-0.367,0.764,0.458,0.81,0.773,-0.432,0.855,0.695,0.636,0.616,0.095,0.499,0.726,0.455,-0.325,0.113,-0.034,0.713,0.463,0.446,0.152,0.133,0.715,-0.195,0.815,0.037,-0.015,-0.319,0.692,0.81,-0.285,-0.018,0.455,-0.422,-0.408,-0.544,0.876,-0.235,-0.754,0.661,0.242,0.12,-0.416,-0.585,0.738,0.072,-0.637,-0.741,-0.688,-0.39,-0.674,-0.541,0.788,-0.575,-0.643,-0.448,-0.531,-0.134,0.719,-0.411,-0.694,0.103,-0.448,-0.225,-0.258,-0.531,0.806,-0.621,-0.381,-0.133,0.038,0.823,0.643,-0.279,-0.5,-0.455,0.019,-0.395,0.359,-0.46,-0.575,-0.535,-0.442,0.722,0.358,0.822,0.586,0.285,0.275,0.237,0.744,-0.329,-0.547,-0.372,-0.569,-0.594,0.547,-0.601,0.575,0.721,-0.291,-0.184,0.798,0.792,0.824,0.604,0.823,0.757,-0.09,0.728,-0.032,0.637,-0.479,0.832,-0.244,0.652
000895SZ,0.765,0.16,0.87,0.795,0.957,0.869,-0.029,-0.587,-0.011,0.615,-0.749,0.915,-0.693,0.746,0.325,-0.124,-0.223,0.561,-0.291,-0.299,0.309,-0.571,1.0,-0.718,-0.774,0.907,0.844,-0.311,-0.588,-0.213,0.138,-0.78,-0.846,-0.208,0.225,-0.532,-0.856,-0.649,-0.483,-0.569,-0.03,0.688,-0.579,-0.744,-0.87,0.027,-0.871,-0.703,0.279,-0.576,-0.781,0.595,-0.062,-0.89,-0.394,-0.804,-0.834,-0.719,0.929,-0.86,-0.651,-0.062,-0.367,0.739,-0.672,0.484,-0.866,-0.846,0.593,-0.694,-0.235,-0.557,-0.73,-0.853,-0.094,-0.15,-0.348,-0.689,-0.194,-0.877,0.326,-0.823,0.921,0.42,0.472,0.836,0.881,0.838,0.84,0.875,0.886,-0.275,0.909,-0.399,0.435,0.794,0.625,0.843,0.199,-0.741,-0.062,0.9,-0.401,-0.14,-0.364,-0.803,0.911,-0.424,-0.067,-0.41,-0.52,0.379,0.259,-0.392,0.318,0.905,0.539,0.64,-0.319,-0.58,-0.576,0.587,0.282,-0.814,0.887,-0.863,0.653,0.507,0.883,-0.339,-0.531,0.832,0.499,0.152,0.889,0.915,0.771,-0.561,0.819,0.895,-0.812,0.104,0.434,0.634,0.965,-0.671,0.421,0.546,0.905,0.907,0.768,0.923,0.906,-0.175,0.966,0.841,0.872,0.938,0.552,-0.754,0.768,0.954,0.608,0.877,0.871,0.686,0.943,-0.782,0.949,0.821,0.63,0.231,-0.861,-0.425,0.796,0.936,0.762,-0.223,0.756,0.15,0.92,0.933,0.883,0.849,-0.914,0.151,-0.795,-0.417,0.097,-0.057,0.499,-0.706,0.778,0.938,0.873,0.953,0.926,-0.421,0.905,-0.863,-0.751,0.468,0.709,-0.721,-0.862,-0.856,-0.786,-0.534,-0.89,0.811,-0.866,0.61,-0.861,0.83,-0.684,0.658,-0.475
000938SZ,-0.203,0.364,-0.599,-0.3,-0.736,-0.439,0.616,0.856,0.359,-0.215,0.929,-0.801,0.862,-0.422,0.19,0.657,0.755,-0.032,0.728,0.612,0.305,0.703,-0.718,1.0,0.817,-0.586,-0.647,0.687,0.779,0.522,0.025,0.668,0.882,0.683,0.265,0.889,0.896,0.91,0.737,0.604,0.329,-0.199,0.711,0.876,0.93,0.209,0.94,0.767,0.268,0.899,0.902,-0.137,0.594,0.882,0.518,0.86,0.811,0.874,-0.739,0.92,0.784,0.606,0.609,-0.545,0.786,-0.233,0.912,0.901,-0.483,0.891,0.759,0.911,0.954,0.911,0.012,0.363,0.842,0.644,0.307,0.869,0.054,0.804,-0.617,0.213,-0.121,-0.497,-0.588,-0.51,-0.533,-0.722,-0.619,0.578,-0.66,0.806,0.174,-0.464,-0.173,-0.484,0.381,0.95,0.658,-0.446,0.782,0.706,0.753,0.892,-0.652,0.746,0.526,0.677,0.793,0.191,0.242,0.791,0.148,-0.649,-0.095,-0.126,0.637,0.906,0.779,-0.275,0.1,0.976,-0.554,0.889,-0.233,-0.508,-0.681,0.687,0.78,-0.643,-0.313,0.431,-0.754,-0.588,-0.481,0.809,-0.497,-0.761,0.954,0.341,-0.414,-0.137,-0.794,0.659,0.118,-0.308,-0.677,-0.768,-0.417,-0.707,-0.544,0.652,-0.77,-0.438,-0.449,-0.747,-0.0,0.98,-0.366,-0.783,-0.182,-0.468,-0.488,-0.203,-0.588,0.864,-0.707,-0.442,-0.214,0.383,0.763,0.827,-0.542,-0.608,-0.283,0.363,-0.467,0.173,-0.571,-0.671,-0.581,-0.558,0.871,0.396,0.937,0.854,0.441,0.633,-0.202,0.953,-0.301,-0.734,-0.581,-0.756,-0.725,0.823,-0.673,0.886,0.861,-0.029,-0.585,0.932,0.879,0.933,0.794,0.883,0.903,-0.395,0.857,-0.185,0.857,-0.432,0.889,-0.372,0.868
000963SZ,-0.502,0.023,-0.766,-0.562,-0.802,-0.563,0.464,0.879,0.537,-0.595,0.92,-0.726,0.868,-0.367,0.223,0.276,0.499,-0.193,0.562,0.596,0.136,0.841,-0.774,0.817,1.0,-0.753,-0.603,0.729,0.91,0.62,0.403,0.953,0.771,0.671,-0.093,0.774,0.953,0.829,0.852,0.9,0.194,-0.445,0.923,0.684,0.931,0.115,0.892,0.935,0.139,0.619,0.96,-0.168,0.499,0.937,0.835,0.959,0.964,0.973,-0.799,0.924,0.845,0.417,0.769,-0.424,0.795,-0.35,0.929,0.946,-0.454,0.925,0.504,0.591,0.906,0.957,0.427,0.223,0.673,0.942,0.543,0.943,0.11,0.97,-0.831,-0.009,-0.331,-0.662,-0.815,-0.715,-0.629,-0.728,-0.581,0.368,-0.82,0.481,0.018,-0.798,-0.534,-0.783,-0.03,0.783,0.438,-0.607,0.736,0.355,0.797,0.934,-0.752,0.799,0.378,0.827,0.852,-0.071,0.242,0.657,0.033,-0.555,-0.011,-0.304,0.658,0.677,0.734,-0.276,0.141,0.865,-0.527,0.904,-0.177,-0.116,-0.691,0.57,0.778,-0.664,-0.101,0.145,-0.753,-0.598,-0.782,0.936,-0.53,-0.936,0.858,0.179,-0.031,-0.518,-0.8,0.952,-0.273,-0.477,-0.9,-0.919,-0.733,-0.868,-0.77,0.606,-0.799,-0.737,-0.731,-0.768,-0.416,0.798,-0.712,-0.885,-0.344,-0.726,-0.566,-0.585,-0.769,0.977,-0.863,-0.716,-0.534,-0.08,0.958,0.514,-0.648,-0.779,-0.616,0.234,-0.767,-0.068,-0.741,-0.847,-0.807,-0.787,0.92,0.194,0.939,0.543,0.016,0.271,-0.181,0.759,-0.605,-0.808,-0.719,-0.823,-0.872,0.563,-0.696,0.849,0.943,-0.168,-0.38,0.842,0.953,0.92,0.868,0.744,0.937,-0.454,0.946,-0.451,0.907,-0.574,0.891,-0.3,0.792
000999SZ,0.805,0.277,0.881,0.816,0.916,0.832,0.09,-0.489,0.056,0.609,-0.683,0.822,-0.625,0.661,0.368,0.025,-0.155,0.62,-0.217,-0.278,0.412,-0.578,0.907,-0.586,-0.753,1.0,0.737,-0.289,-0.553,-0.193,0.035,-0.818,-0.757,-0.158,0.365,-0.386,-0.805,-0.552,-0.415,-0.556,0.067,0.665,-0.584,-0.625,-0.788,0.082,-0.785,-0.654,0.35,-0.417,-0.724,0.632,-0.017,-0.844,-0.432,-0.776,-0.807,-0.69,0.822,-0.8,-0.619,0.002,-0.334,0.688,-0.613,0.507,-0.8,-0.799,0.575,-0.632,-0.138,-0.385,-0.613,-0.793,-0.12,-0.05,-0.207,-0.719,-0.304,-0.854,0.342,-0.814,0.937,0.494,0.514,0.814,0.899,0.801,0.819,0.792,0.822,-0.221,0.881,-0.268,0.495,0.851,0.718,0.867,0.271,-0.575,-0.006,0.905,-0.325,-0.008,-0.318,-0.747,0.873,-0.382,-0.02,-0.405,-0.464,0.479,0.304,-0.276,0.304,0.841,0.475,0.608,-0.267,-0.398,-0.498,0.543,0.347,-0.712,0.793,-0.792,0.682,0.422,0.802,-0.276,-0.476,0.748,0.514,0.212,0.815,0.875,0.768,-0.547,0.76,0.891,-0.719,0.217,0.228,0.663,0.874,-0.676,0.5,0.599,0.907,0.867,0.793,0.866,0.892,-0.12,0.913,0.889,0.866,0.893,0.616,-0.62,0.817,0.912,0.588,0.881,0.808,0.746,0.927,-0.75,0.918,0.846,0.674,0.336,-0.871,-0.293,0.74,0.912,0.783,-0.143,0.781,0.113,0.904,0.92,0.862,0.856,-0.862,0.211,-0.733,-0.32,0.18,0.111,0.477,-0.61,0.806,0.901,0.825,0.899,0.889,-0.278,0.872,-0.792,-0.688,0.544,0.67,-0.656,-0.824,-0.782,-0.787,-0.429,-0.841,0.765,-0.792,0.612,-0.791,0.884,-0.61,0.633,-0.365
001965SZ,0.69,0.321,0.605,0.715,0.796,0.771,-0.033,-0.441,-0.03,0.599,-0.6,0.888,-0.562,0.895,0.395,-0.084,-0.119,0.469,-0.084,0.028,0.231,-0.269,0.844,-0.647,-0.603,0.737,1.0,-0.055,-0.357,-0.041,0.208,-0.587,-0.849,-0.098,0.068,-0.529,-0.716,-0.431,-0.355,-0.444,-0.363,0.455,-0.399,-0.818,-0.711,-0.35,-0.749,-0.6,0.326,-0.637,-0.679,0.635,-0.051,-0.722,-0.234,-0.571,-0.607,-0.588,0.913,-0.727,-0.417,-0.106,-0.352,0.694,-0.778,0.095,-0.773,-0.726,0.241,-0.612,-0.234,-0.556,-0.616,-0.684,0.187,-0.504,-0.334,-0.519,-0.31,-0.716,0.144,-0.617,0.758,0.382,0.652,0.888,0.807,0.847,0.887,0.936,0.92,-0.187,0.859,-0.321,0.454,0.513,0.642,0.758,0.254,-0.662,-0.127,0.753,-0.288,-0.086,-0.232,-0.685,0.919,-0.243,0.178,-0.41,-0.529,0.348,0.426,-0.227,0.536,0.887,0.509,0.518,-0.154,-0.61,-0.718,0.761,0.198,-0.711,0.908,-0.652,0.67,0.554,0.94,-0.184,-0.362,0.927,0.489,0.272,0.923,0.788,0.653,-0.379,0.903,0.729,-0.768,0.075,0.488,0.416,0.868,-0.532,0.488,0.137,0.675,0.791,0.74,0.781,0.772,0.012,0.877,0.555,0.774,0.9,0.525,-0.636,0.695,0.82,0.769,0.781,0.889,0.657,0.819,-0.664,0.837,0.792,0.699,0.093,-0.659,-0.278,0.872,0.846,0.598,-0.474,0.75,0.4,0.825,0.853,0.762,0.831,-0.768,0.198,-0.652,-0.346,0.179,-0.163,0.711,-0.544,0.694,0.899,0.91,0.896,0.861,-0.372,0.756,-0.856,-0.673,0.157,0.715,-0.563,-0.708,-0.677,-0.782,-0.332,-0.762,0.86,-0.765,0.708,-0.819,0.603,-0.508,0.438,-0.424
002001SZ,0.096,0.592,-0.437,0.036,-0.392,-0.011,0.725,0.818,0.59,-0.019,0.771,-0.275,0.741,0.249,0.673,0.597,0.775,0.275,0.869,0.885,0.508,0.849,-0.311,0.687,0.729,-0.289,-0.055,1.0,0.89,0.798,0.457,0.62,0.38,0.882,0.158,0.684,0.669,0.846,0.808,0.636,-0.004,-0.058,0.812,0.344,0.673,-0.101,0.607,0.682,0.612,0.453,0.694,0.385,0.697,0.616,0.723,0.781,0.721,0.766,-0.282,0.634,0.785,0.631,0.651,-0.037,0.376,-0.342,0.594,0.658,-0.453,0.734,0.668,0.525,0.776,0.699,0.47,-0.062,0.762,0.656,0.256,0.646,0.242,0.695,-0.343,0.508,0.259,-0.026,-0.258,-0.126,0.002,-0.188,-0.041,0.487,-0.247,0.607,0.548,-0.444,0.099,-0.192,0.462,0.621,0.621,-0.061,0.825,0.67,0.879,0.685,-0.163,0.898,0.821,0.671,0.686,0.413,0.763,0.846,0.643,-0.068,0.399,0.201,0.813,0.564,0.378,0.334,0.368,0.654,0.049,0.698,0.31,0.04,-0.118,0.706,0.794,-0.093,0.164,0.65,-0.231,-0.13,-0.355,0.88,0.04,-0.562,0.579,0.36,0.084,-0.098,-0.349,0.656,0.346,-0.435,-0.515,-0.499,-0.126,-0.423,-0.266,0.91,-0.321,-0.327,-0.137,-0.265,0.195,0.68,-0.11,-0.449,0.338,-0.124,0.062,0.048,-0.211,0.693,-0.361,-0.083,0.123,0.282,0.62,0.717,-0.036,-0.21,-0.089,-0.061,-0.179,0.422,-0.179,-0.321,-0.331,-0.185,0.565,0.553,0.735,0.677,0.493,0.501,0.421,0.718,-0.017,-0.288,-0.105,-0.315,-0.364,0.648,-0.306,0.453,0.653,0.01,-0.015,0.761,0.64,0.704,0.421,0.859,0.614,0.19,0.576,0.204,0.502,-0.156,0.793,-0.118,0.803
