,000001SZ,000002SZ,000157SZ,000166SZ,000333SZ,000338SZ,000538SZ,000568SZ,000596SZ,000617SZ,000625SZ,000651SZ,000661SZ,000708SZ,000725SZ,000768SZ,000776SZ,000786SZ,000800SZ,000807SZ,000858SZ,000876SZ,000895SZ,000938SZ,000963SZ,000999SZ,001965SZ,002001SZ,002007SZ,002027SZ,002028SZ,002050SZ,002129SZ,002179SZ,002230SZ,002236SZ,002241SZ,002271SZ,002304SZ,002311SZ,002371SZ,002415SZ,002422SZ,002459SZ,002460SZ,002463SZ,002466SZ,002475SZ,002493SZ,002555SZ,002594SZ,002601SZ,002648SZ,002709SZ,002714SZ,002916SZ,002920SZ,002938SZ,003816SZ,300014SZ,300033SZ,300059SZ,300122SZ,300124SZ,300274SZ,300308SZ,300316SZ,300347SZ,300394SZ,300408SZ,300413SZ,300418SZ,300433SZ,300450SZ,300498SZ,300502SZ,300628SZ,300661SZ,300750SZ,300759SZ,300760SZ,300782SZ,600000SS,600010SS,600011SS,600015SS,600016SS,600018SS,600019SS,600023SS,600025SS,600026SS,600028SS,600029SS,600031SS,600036SS,600048SS,600050SS,600061SS,600085SS,600089SS,600104SS,600111SS,600115SS,600161SS,600183SS,600188SS,600196SS,600219SS,600233SS,600276SS,600309SS,600332SS,600346SS,600362SS,600377SS,600406SS,600415SS,600426SS,600436SS,600438SS,600489SS,600519SS,600570SS,600585SS,600588SS,600600SS,600660SS,600674SS,600741SS,600760SS,600795SS,600809SS,600875SS,600886SS,600887SS,600926SS,600989SS,601006SS,601009SS,601012SS,601021SS,601058SS,601066SS,601088SS,601100SS,601117SS,601138SS,601166SS,601169SS,601186SS,601225SS,601229SS,601238SS,601288SS,601318SS,601319SS,601328SS,601336SS,601360SS,601390SS,601398SS,601600SS,601601SS,601607SS,601618SS,601628SS,601633SS,601658SS,601668SS,601669SS,601688SS,601689SS,601698SS,601699SS,601766SS,601788SS,601799SS,601800SS,601808SS,601816SS,601818SS,601838SS,601857SS,601865SS,601872SS,601877SS,601878SS,601881SS,601888SS,601899SS,601901SS,601919SS,601939SS,601985SS,601988SS,601998SS,603019SS,603195SS,603259SS,603260SS,603288SS,603369SS,603501SS,603659SS,603799SS,603806SS,603833SS,603986SS,603993SS,688008SS,688009SS,688012SS,688036SS,688111SS,688169SS,688396SS
000001SZ,1.0,0.645,0.736,-0.464,0.734,0.619,0.338,0.736,0.751,-0.197,0.76,-0.429,0.318,0.738,0.765,-0.443,-0.223,0.671,0.35,0.701,0.545,0.087,0.626,0.787,-0.278,0.369,-0.553,-0.115,0.661,0.659,-0.551,0.83,0.443,-0.454,0.673,0.856,0.847,0.834,0.486,0.815,0.786,0.808,0.516,-0.501,0.459,0.724,0.474,0.845,0.697,-0.454,0.799,0.756,0.859,0.786,0.575,0.875,0.841,0.747,0.036,0.463,-0.212,-0.048,0.473,0.749,-0.113,0.804,0.7,-0.605,0.512,0.069,0.13,0.845,0.813,0.481,0.472,0.824,0.831,0.686,0.343,-0.59,0.622,0.816,0.846,-0.337,0.709,0.909,0.864,-0.268,0.773,0.718,0.233,-0.519,-0.382,-0.061,0.829,0.91,0.647,0.642,-0.239,0.544,-0.183,0.518,-0.093,-0.24,0.424,0.773,0.843,-0.476,0.762,0.218,-0.099,0.708,0.388,0.852,0.772,-0.62,0.582,0.253,0.861,0.575,-0.373,0.891,0.702,-0.307,0.776,-0.084,0.637,0.613,0.393,0.815,-0.396,0.557,0.573,0.65,0.637,0.805,-0.199,0.753,-0.219,0.672,-0.028,-0.213,0.704,-0.216,0.693,-0.097,0.645,0.788,0.892,0.82,-0.432,0.806,0.778,0.408,0.472,-0.048,-0.501,0.323,0.504,0.041,-0.198,-0.071,0.726,0.61,-0.037,-0.58,0.743,0.831,0.642,-0.254,-0.369,-0.294,0.848,-0.5,0.781,0.076,-0.436,0.672,-0.35,0.745,-0.415,0.545,0.755,0.795,0.019,0.15,-0.127,-0.366,-0.383,0.632,0.844,0.478,0.731,0.235,0.103,-0.091,0.901,0.287,0.817,-0.553,0.427,0.222,0.693,0.865,0.716,0.558,-0.554,0.408,0.876,0.803,0.892,0.65,-0.06,0.601,0.048,0.761,0.086
000002SZ,0.645,1.0,0.504,-0.034,0.551,0.311,0.449,0.618,0.699,0.212,0.387,0.046,0.806,0.605,0.613,-0.158,0.087,0.418,0.22,0.475,0.712,0.521,0.642,0.55,0.129,0.334,-0.329,0.261,0.721,0.74,-0.202,0.657,0.776,-0.155,0.307,0.648,0.461,0.747,0.742,0.611,0.575,0.439,0.526,0.118,0.707,0.359,0.659,0.507,0.743,0.192,0.395,0.537,0.619,0.72,0.681,0.504,0.552,0.44,-0.287,0.455,0.242,0.423,0.792,0.665,0.101,0.406,0.735,-0.114,0.198,0.173,0.649,0.746,0.499,0.814,0.599,0.493,0.514,0.303,0.081,-0.229,0.522,0.671,0.468,0.111,0.307,0.506,0.509,-0.548,0.261,0.37,-0.208,-0.314,-0.411,0.401,0.508,0.522,0.879,0.006,0.02,0.661,0.28,0.369,0.255,0.164,0.473,0.396,0.566,0.095,0.539,0.581,0.386,0.404,0.489,0.751,0.487,-0.427,0.404,0.67,0.641,0.581,0.234,0.676,0.625,0.018,0.586,0.065,0.854,0.315,-0.091,0.567,-0.167,0.104,0.684,0.499,0.201,0.607,-0.389,0.518,-0.241,0.232,0.477,0.362,0.646,0.231,0.265,0.062,0.412,0.374,0.454,0.483,-0.278,0.48,0.24,0.315,-0.115,0.012,-0.271,-0.294,0.366,0.346,-0.272,-0.481,0.405,0.409,0.081,-0.279,0.51,0.54,0.056,-0.45,-0.114,0.028,0.637,-0.142,0.552,-0.069,-0.008,0.702,-0.054,0.425,-0.359,0.253,0.142,0.436,0.452,-0.021,0.354,0.112,0.053,0.886,0.566,0.716,0.356,-0.199,-0.286,-0.41,0.427,0.081,0.648,-0.052,0.634,0.7,0.609,0.457,0.648,0.605,-0.016,0.631,0.529,0.537,0.483,0.303,0.338,0.589,0.412,0.53,0.367
000157SZ,0.736,0.504,1.0,-0.607,0.793,0.841,0.421,0.693,0.783,-0.303,0.717,-0.411,0.225,0.908,0.923,-0.571,-0.526,0.696,0.247,0.954,0.462,-0.022,0.71,0.473,-0.522,0.152,-0.771,-0.157,0.459,0.683,-0.363,0.886,0.376,-0.593,0.473,0.82,0.671,0.782,0.243,0.744,0.361,0.805,0.621,-0.376,0.628,0.918,0.636,0.862,0.799,-0.346,0.776,0.957,0.903,0.909,0.364,0.899,0.908,0.897,0.058,0.376,-0.293,-0.21,0.314,0.798,-0.421,0.917,0.592,-0.724,0.458,-0.235,0.119,0.693,0.903,0.394,0.126,0.906,0.855,0.575,0.138,-0.769,0.678,0.62,0.473,-0.428,0.812,0.814,0.781,-0.518,0.643,0.906,0.114,-0.67,-0.663,-0.211,0.859,0.792,0.515,0.384,-0.549,0.426,-0.285,-0.001,-0.169,-0.525,0.065,0.827,0.718,-0.626,0.938,0.288,-0.303,0.8,0.225,0.864,0.946,-0.706,0.671,0.166,0.887,0.313,-0.456,0.8,0.712,-0.543,0.804,-0.1,0.505,0.707,0.356,0.516,-0.525,0.771,0.658,0.706,0.713,0.737,-0.39,0.884,-0.633,0.334,-0.136,-0.256,0.902,-0.457,0.709,-0.15,0.434,0.902,0.634,0.784,-0.724,0.863,0.423,0.135,0.103,-0.29,-0.771,0.156,0.267,-0.077,-0.515,-0.406,0.955,0.058,-0.373,-0.654,0.36,0.868,0.456,-0.492,-0.497,-0.564,0.863,-0.616,0.912,-0.169,-0.604,0.645,-0.497,0.919,-0.791,-0.011,0.605,0.892,0.285,0.211,-0.037,-0.528,-0.518,0.445,0.917,0.418,0.851,-0.176,-0.008,-0.542,0.77,-0.004,0.882,-0.654,0.132,0.154,0.703,0.803,0.925,0.795,-0.291,0.635,0.909,0.932,0.863,0.745,-0.431,0.458,-0.276,0.94,0.024
000166SZ,-0.464,-0.034,-0.607,1.0,-0.245,-0.566,-0.423,-0.677,-0.603,0.906,-0.816,0.855,0.277,-0.531,-0.534,0.646,0.81,-0.848,0.171,-0.617,-0.358,0.529,-0.612,-0.496,0.563,-0.228,0.897,0.648,-0.334,-0.401,0.728,-0.613,0.106,0.499,-0.295,-0.363,-0.698,-0.523,-0.083,-0.729,-0.209,-0.8,-0.428,0.607,-0.155,-0.757,-0.07,-0.702,-0.403,0.746,-0.788,-0.635,-0.591,-0.495,-0.114,-0.694,-0.624,-0.593,-0.681,-0.475,0.874,0.832,0.283,-0.601,0.053,-0.737,-0.273,0.757,-0.17,0.193,0.534,-0.359,-0.655,0.278,0.056,-0.692,-0.782,-0.591,-0.464,0.867,-0.684,-0.376,-0.505,0.894,-0.89,-0.682,-0.751,0.168,-0.75,-0.714,-0.629,0.554,0.245,0.559,-0.692,-0.747,-0.307,-0.453,0.737,-0.335,0.569,-0.051,0.593,0.69,-0.199,-0.866,-0.604,0.853,-0.594,0.026,0.566,-0.868,-0.293,-0.458,-0.632,0.838,-0.599,0.454,-0.706,-0.301,0.575,-0.516,-0.657,0.773,-0.723,0.263,-0.042,-0.886,-0.744,-0.536,0.543,-0.852,-0.443,-0.316,-0.879,-0.711,0.46,-0.763,0.417,-0.045,0.647,0.47,-0.309,0.795,-0.887,0.184,-0.213,-0.76,-0.684,-0.721,0.758,-0.757,-0.605,0.175,-0.57,0.591,0.878,-0.67,0.247,0.543,0.505,-0.251,-0.699,0.008,0.217,0.917,-0.015,-0.783,-0.831,0.35,0.881,0.819,-0.606,0.944,-0.672,0.309,0.954,-0.402,0.906,-0.771,0.491,-0.062,-0.796,-0.805,-0.049,-0.388,0.485,0.944,0.977,-0.133,-0.636,0.328,-0.483,-0.253,-0.605,0.096,-0.613,-0.071,-0.636,0.953,0.099,0.228,-0.689,-0.762,-0.497,-0.218,0.623,-0.292,-0.721,-0.65,-0.712,-0.558,0.814,-0.327,0.498,-0.684,0.613
000333SZ,0.734,0.551,0.793,-0.245,1.0,0.77,0.225,0.442,0.555,0.077,0.561,-0.013,0.28,0.721,0.772,-0.291,-0.115,0.434,0.617,0.742,0.31,0.161,0.465,0.448,-0.344,0.09,-0.397,0.087,0.387,0.557,-0.098,0.754,0.405,-0.423,0.607,0.833,0.548,0.643,0.244,0.553,0.493,0.633,0.486,-0.27,0.601,0.685,0.678,0.705,0.641,-0.216,0.63,0.769,0.762,0.771,0.342,0.754,0.766,0.769,-0.211,0.307,0.047,0.143,0.436,0.566,-0.425,0.717,0.57,-0.52,0.536,-0.09,0.258,0.707,0.757,0.531,0.215,0.699,0.633,0.536,0.111,-0.456,0.429,0.593,0.428,-0.118,0.535,0.623,0.568,-0.372,0.524,0.67,-0.111,-0.461,-0.518,0.017,0.692,0.595,0.398,0.396,-0.149,0.299,-0.048,0.226,0.093,-0.249,0.052,0.571,0.604,-0.37,0.77,0.178,-0.134,0.531,0.103,0.792,0.774,-0.408,0.543,0.375,0.678,0.21,-0.365,0.679,0.451,-0.195,0.557,0.035,0.487,0.387,0.099,0.528,-0.276,0.47,0.423,0.722,0.376,0.556,-0.051,0.593,-0.37,0.492,0.139,-0.214,0.833,-0.147,0.441,-0.1,0.46,0.712,0.497,0.548,-0.393,0.622,0.32,0.448,-0.009,0.071,-0.38,-0.054,0.567,0.168,-0.227,-0.438,0.756,0.29,-0.208,-0.337,0.616,0.671,0.243,-0.277,-0.139,-0.184,0.699,-0.285,0.706,0.036,-0.245,0.509,-0.173,0.673,-0.512,0.06,0.461,0.625,0.194,-0.041,0.139,-0.162,-0.17,0.44,0.735,0.659,0.761,-0.196,-0.161,-0.404,0.62,0.117,0.655,-0.35,0.311,0.176,0.447,0.66,0.744,0.753,-0.176,0.421,0.725,0.74,0.727,0.638,-0.069,0.447,-0.029,0.729,0.312
000338SZ,0.619,0.311,0.841,-0.566,0.77,1.0,0.183,0.465,0.572,-0.264,0.714,-0.278,-0.02,0.775,0.722,-0.356,-0.411,0.62,0.522,0.79,0.236,-0.196,0.485,0.397,-0.664,-0.14,-0.635,-0.305,0.238,0.487,-0.177,0.728,0.176,-0.532,0.453,0.684,0.609,0.65,0.098,0.592,0.337,0.73,0.367,-0.432,0.507,0.777,0.61,0.796,0.551,-0.418,0.748,0.814,0.766,0.7,0.121,0.787,0.805,0.828,0.128,0.317,-0.297,-0.248,0.07,0.498,-0.472,0.825,0.417,-0.807,0.515,-0.224,-0.061,0.567,0.809,0.247,-0.057,0.771,0.705,0.534,0.189,-0.752,0.431,0.43,0.337,-0.484,0.75,0.67,0.602,-0.353,0.63,0.813,0.032,-0.601,-0.449,-0.416,0.732,0.637,0.335,0.347,-0.345,0.125,-0.336,-0.002,-0.28,-0.643,-0.056,0.7,0.606,-0.705,0.821,0.142,-0.521,0.695,-0.01,0.729,0.831,-0.627,0.636,0.152,0.72,0.032,-0.587,0.61,0.462,-0.523,0.707,-0.209,0.229,0.557,0.219,0.487,-0.367,0.684,0.415,0.767,0.527,0.572,-0.064,0.677,-0.512,0.257,-0.248,-0.404,0.734,-0.512,0.642,-0.301,0.442,0.808,0.558,0.621,-0.569,0.708,0.353,0.329,0.155,-0.232,-0.644,0.149,0.255,-0.242,-0.422,-0.23,0.831,0.014,-0.318,-0.575,0.346,0.728,0.475,-0.261,-0.385,-0.479,0.649,-0.553,0.741,-0.267,-0.574,0.506,-0.485,0.806,-0.596,-0.068,0.615,0.735,0.225,-0.061,-0.055,-0.465,-0.532,0.249,0.755,0.318,0.699,-0.047,0.119,-0.392,0.615,-0.038,0.667,-0.654,0.137,-0.107,0.5,0.73,0.718,0.737,-0.171,0.359,0.748,0.784,0.777,0.589,-0.491,0.395,-0.422,0.724,-0.132
000538SZ,0.338,0.449,0.421,-0.423,0.225,0.183,1.0,0.799,0.735,-0.439,0.473,-0.327,0.379,0.415,0.346,-0.391,-0.366,0.691,-0.381,0.386,0.842,0.12,0.826,0.407,0.244,0.689,-0.596,0.195,0.752,0.73,-0.392,0.502,0.28,-0.051,0.036,0.295,0.471,0.502,0.632,0.638,0.324,0.512,0.788,0.065,0.443,0.378,0.183,0.361,0.621,-0.089,0.491,0.448,0.462,0.551,0.501,0.385,0.379,0.213,0.332,0.731,-0.285,-0.171,0.373,0.733,0.39,0.307,0.563,-0.13,-0.213,0.239,0.062,0.353,0.321,0.263,0.438,0.392,0.573,0.406,0.304,-0.464,0.835,0.573,0.496,-0.28,0.468,0.419,0.555,-0.302,0.318,0.387,0.387,-0.387,-0.192,0.115,0.499,0.516,0.548,0.052,-0.433,0.84,0.184,0.194,-0.064,0.002,0.66,0.554,0.5,-0.02,0.371,0.454,0.297,0.641,0.828,0.55,0.29,-0.569,0.571,0.045,0.607,0.697,0.205,0.38,0.818,-0.286,0.478,0.082,0.573,0.671,0.448,0.465,-0.267,0.341,0.753,0.177,0.602,0.71,-0.794,0.664,-0.292,-0.164,0.037,0.266,0.332,-0.05,0.516,0.459,-0.023,0.322,0.404,0.53,-0.533,0.529,0.331,-0.307,0.106,-0.346,-0.587,0.15,-0.178,0.058,-0.466,-0.123,0.373,0.093,0.171,-0.544,-0.03,0.594,0.256,-0.606,-0.658,-0.282,0.529,-0.588,0.532,0.015,-0.366,0.637,-0.481,0.457,-0.295,0.054,0.297,0.489,0.488,0.412,0.104,-0.412,-0.364,0.471,0.391,0.147,0.118,-0.109,0.206,-0.312,0.29,0.105,0.577,-0.429,0.233,0.618,0.826,0.471,0.473,0.196,-0.288,0.669,0.5,0.423,0.414,0.429,-0.095,0.291,0.178,0.507,0.031
000568SZ,0.736,0.618,0.693,-0.677,0.442,0.465,0.799,1.0,0.945,-0.534,0.787,-0.58,0.412,0.713,0.668,-0.559,-0.492,0.886,-0.175,0.671,0.896,0.062,0.923,0.715,-0.066,0.635,-0.814,-0.159,0.841,0.854,-0.681,0.822,0.417,-0.333,0.348,0.63,0.8,0.804,0.692,0.929,0.586,0.819,0.772,-0.309,0.548,0.682,0.376,0.732,0.802,-0.335,0.799,0.741,0.799,0.796,0.661,0.755,0.735,0.569,0.343,0.742,-0.436,-0.268,0.415,0.934,0.23,0.687,0.719,-0.468,0.099,0.136,0.047,0.698,0.678,0.37,0.533,0.739,0.878,0.636,0.441,-0.722,0.928,0.795,0.742,-0.492,0.787,0.803,0.883,-0.416,0.672,0.687,0.432,-0.59,-0.388,-0.03,0.815,0.876,0.77,0.364,-0.52,0.867,-0.087,0.353,-0.177,-0.207,0.659,0.847,0.821,-0.387,0.68,0.462,0.048,0.863,0.756,0.814,0.65,-0.845,0.712,0.102,0.913,0.778,-0.08,0.755,0.985,-0.463,0.828,-0.065,0.688,0.868,0.541,0.758,-0.447,0.609,0.864,0.449,0.805,0.957,-0.714,0.906,-0.382,0.163,-0.079,0.059,0.582,-0.269,0.79,0.146,0.356,0.676,0.785,0.838,-0.698,0.848,0.649,-0.054,0.391,-0.39,-0.773,0.335,0.021,-0.059,-0.512,-0.077,0.675,0.33,0.031,-0.799,0.315,0.892,0.609,-0.603,-0.745,-0.485,0.84,-0.761,0.803,-0.098,-0.615,0.812,-0.638,0.745,-0.489,0.299,0.632,0.809,0.338,0.354,-0.096,-0.594,-0.601,0.675,0.756,0.238,0.463,0.115,0.266,-0.273,0.689,0.175,0.868,-0.676,0.364,0.489,0.974,0.817,0.728,0.441,-0.526,0.666,0.833,0.756,0.782,0.6,-0.244,0.55,0.071,0.775,-0.096
000596SZ,0.751,0.699,0.783,-0.603,0.555,0.572,0.735,0.945,1.0,-0.408,0.738,-0.453,0.509,0.862,0.772,-0.605,-0.522,0.819,-0.082,0.789,0.867,0.176,0.942,0.607,-0.209,0.427,-0.805,-0.059,0.773,0.928,-0.573,0.844,0.514,-0.477,0.271,0.67,0.734,0.839,0.648,0.876,0.514,0.767,0.789,-0.243,0.613,0.725,0.509,0.781,0.92,-0.219,0.741,0.852,0.88,0.881,0.661,0.796,0.827,0.662,0.176,0.608,-0.338,-0.193,0.491,0.926,0.029,0.733,0.701,-0.531,0.103,-0.029,0.241,0.7,0.766,0.471,0.49,0.785,0.901,0.497,0.221,-0.765,0.887,0.71,0.669,-0.425,0.768,0.832,0.845,-0.573,0.584,0.788,0.207,-0.725,-0.523,-0.038,0.778,0.85,0.796,0.25,-0.549,0.771,-0.119,0.193,-0.224,-0.268,0.499,0.816,0.772,-0.386,0.818,0.605,0.02,0.836,0.62,0.902,0.76,-0.793,0.681,0.281,0.943,0.633,-0.083,0.814,0.961,-0.544,0.889,-0.205,0.758,0.814,0.363,0.661,-0.55,0.607,0.947,0.526,0.728,0.894,-0.689,0.924,-0.553,0.159,-0.051,0.128,0.746,-0.315,0.731,-0.01,0.346,0.7,0.742,0.87,-0.764,0.871,0.537,-0.037,0.222,-0.438,-0.795,0.13,0.03,-0.083,-0.648,-0.292,0.752,0.196,-0.135,-0.754,0.316,0.891,0.486,-0.679,-0.63,-0.535,0.879,-0.687,0.831,-0.257,-0.606,0.871,-0.521,0.799,-0.661,0.232,0.537,0.843,0.419,0.169,-0.052,-0.531,-0.523,0.703,0.838,0.331,0.538,-0.006,0.055,-0.473,0.727,-0.046,0.942,-0.611,0.333,0.508,0.959,0.77,0.816,0.609,-0.338,0.807,0.851,0.85,0.791,0.578,-0.236,0.52,-0.051,0.832,-0.069
000617SZ,-0.197,0.212,-0.303,0.906,0.077,-0.264,-0.439,-0.534,-0.408,1.0,-0.606,0.848,0.415,-0.245,-0.207,0.604,0.799,-0.699,0.435,-0.343,-0.272,0.571,-0.468,-0.315,0.389,-0.278,0.748,0.573,-0.218,-0.215,0.708,-0.313,0.309,0.366,-0.047,-0.027,-0.516,-0.237,0.024,-0.518,-0.034,-0.564,-0.328,0.5,0.108,-0.507,0.266,-0.431,-0.177,0.716,-0.549,-0.346,-0.306,-0.198,-0.022,-0.417,-0.345,-0.29,-0.786,-0.4,0.919,0.918,0.458,-0.41,-0.129,-0.451,-0.031,0.56,0.113,0.145,0.665,-0.042,-0.37,0.522,0.074,-0.423,-0.568,-0.412,-0.396,0.716,-0.577,-0.163,-0.396,0.871,-0.681,-0.463,-0.553,0.007,-0.537,-0.474,-0.733,0.414,0.009,0.561,-0.434,-0.537,-0.123,-0.324,0.734,-0.264,0.575,0.015,0.673,0.561,-0.22,-0.672,-0.409,0.693,-0.304,0.073,0.48,-0.692,-0.319,-0.157,-0.328,0.655,-0.386,0.636,-0.454,-0.264,0.416,-0.252,-0.522,0.735,-0.474,0.301,0.133,-0.775,-0.763,-0.353,0.489,-0.687,-0.305,0.001,-0.785,-0.512,0.488,-0.555,0.282,0.113,0.739,0.386,0.014,0.754,-0.75,0.088,0.053,-0.486,-0.514,-0.553,0.646,-0.549,-0.536,0.415,-0.618,0.639,0.745,-0.729,0.486,0.622,0.454,-0.452,-0.421,0.117,0.14,0.818,0.238,-0.552,-0.752,0.308,0.874,0.766,-0.35,0.865,-0.427,0.261,0.877,-0.249,0.846,-0.52,0.29,-0.053,-0.646,-0.589,0.047,-0.448,0.6,0.926,0.912,0.075,-0.357,0.605,-0.195,-0.367,-0.678,-0.081,-0.401,-0.029,-0.397,0.845,0.265,0.28,-0.558,-0.52,-0.189,0.113,0.602,-0.155,-0.457,-0.381,-0.443,-0.342,0.766,-0.089,0.481,-0.412,0.717
000625SZ,0.76,0.387,0.717,-0.816,0.561,0.714,0.473,0.787,0.738,-0.606,1.0,-0.694,-0.009,0.672,0.694,-0.446,-0.454,0.918,0.236,0.662,0.527,-0.351,0.709,0.83,-0.453,0.294,-0.818,-0.413,0.598,0.559,-0.614,0.83,0.212,-0.364,0.62,0.704,0.931,0.784,0.389,0.906,0.65,0.964,0.471,-0.535,0.405,0.797,0.371,0.884,0.557,-0.668,0.962,0.724,0.807,0.695,0.283,0.847,0.771,0.745,0.538,0.713,-0.586,-0.449,0.081,0.724,0.076,0.84,0.653,-0.783,0.444,0.147,-0.297,0.724,0.805,0.133,0.17,0.827,0.876,0.842,0.603,-0.816,0.695,0.735,0.718,-0.709,0.935,0.811,0.871,-0.2,0.919,0.757,0.496,-0.493,-0.205,-0.39,0.865,0.87,0.558,0.577,-0.384,0.497,-0.263,0.423,-0.284,-0.545,0.457,0.929,0.843,-0.722,0.71,0.045,-0.433,0.919,0.38,0.751,0.738,-0.889,0.793,-0.074,0.863,0.497,-0.488,0.746,0.737,-0.504,0.853,-0.045,0.334,0.864,0.629,0.841,-0.343,0.781,0.534,0.697,0.814,0.885,-0.329,0.827,-0.215,0.255,-0.326,-0.447,0.515,-0.484,0.927,-0.044,0.561,0.859,0.86,0.795,-0.586,0.829,0.712,0.304,0.542,-0.375,-0.763,0.526,0.092,-0.213,-0.342,0.133,0.767,0.34,0.037,-0.83,0.354,0.911,0.824,-0.278,-0.736,-0.51,0.783,-0.828,0.801,-0.138,-0.729,0.66,-0.801,0.863,-0.382,0.305,0.851,0.849,0.185,0.301,-0.171,-0.673,-0.785,0.417,0.775,0.134,0.587,0.243,0.554,-0.067,0.703,0.338,0.744,-0.876,0.36,-0.017,0.777,0.951,0.634,0.435,-0.582,0.328,0.873,0.762,0.913,0.631,-0.487,0.667,-0.143,0.771,-0.269
000651SZ,-0.429,0.046,-0.411,0.855,-0.013,-0.278,-0.327,-0.58,-0.453,0.848,-0.694,1.0,0.341,-0.328,-0.366,0.604,0.646,-0.727,0.272,-0.428,-0.247,0.585,-0.48,-0.522,0.421,-0.274,0.749,0.518,-0.297,-0.192,0.744,-0.461,0.129,0.371,-0.328,-0.279,-0.677,-0.444,-0.032,-0.642,-0.243,-0.689,-0.215,0.535,0.06,-0.639,0.199,-0.589,-0.217,0.783,-0.657,-0.417,-0.464,-0.294,-0.044,-0.558,-0.46,-0.469,-0.69,-0.392,0.788,0.762,0.275,-0.498,-0.096,-0.623,-0.247,0.649,-0.214,0.036,0.556,-0.27,-0.514,0.36,0.046,-0.607,-0.644,-0.589,-0.48,0.669,-0.521,-0.401,-0.518,0.831,-0.744,-0.616,-0.663,-0.011,-0.704,-0.526,-0.722,0.294,0.078,0.578,-0.586,-0.672,-0.261,-0.539,0.58,-0.287,0.547,-0.127,0.534,0.611,-0.257,-0.75,-0.556,0.739,-0.386,0.139,0.507,-0.741,-0.28,-0.279,-0.465,0.692,-0.368,0.59,-0.565,-0.353,0.506,-0.437,-0.535,0.588,-0.585,0.095,-0.015,-0.809,-0.776,-0.47,0.488,-0.726,-0.291,-0.189,-0.81,-0.589,0.374,-0.606,0.156,-0.15,0.649,0.561,-0.109,0.632,-0.818,0.026,-0.249,-0.659,-0.685,-0.632,0.535,-0.603,-0.659,0.152,-0.682,0.486,0.675,-0.789,0.224,0.417,0.294,-0.449,-0.535,-0.096,0.069,0.76,0.05,-0.618,-0.849,0.134,0.802,0.627,-0.514,0.796,-0.55,0.164,0.78,-0.333,0.827,-0.642,0.316,-0.287,-0.745,-0.683,0.071,-0.571,0.533,0.827,0.851,-0.026,-0.504,0.37,-0.393,-0.402,-0.656,-0.182,-0.573,-0.274,-0.485,0.836,0.124,0.295,-0.559,-0.664,-0.298,0.035,0.703,-0.164,-0.614,-0.481,-0.624,-0.37,0.663,-0.255,0.313,-0.532,0.517
000661SZ,0.318,0.806,0.225,0.277,0.28,-0.02,0.379,0.412,0.509,0.415,-0.009,0.341,1.0,0.399,0.343,-0.034,0.193,0.06,-0.031,0.249,0.664,0.81,0.463,0.206,0.425,0.345,-0.047,0.429,0.63,0.65,-0.014,0.342,0.804,-0.018,-0.024,0.388,0.082,0.434,0.729,0.281,0.306,0.048,0.527,0.38,0.657,0.028,0.591,0.132,0.637,0.599,0.008,0.297,0.334,0.519,0.74,0.176,0.263,0.115,-0.503,0.209,0.492,0.613,0.897,0.477,0.171,0.046,0.541,0.291,-0.137,0.104,0.858,0.488,0.165,0.862,0.691,0.142,0.218,-0.101,-0.199,0.066,0.375,0.412,0.159,0.445,-0.056,0.194,0.185,-0.56,-0.146,0.105,-0.401,-0.226,-0.385,0.658,0.172,0.172,0.672,-0.285,0.076,0.615,0.445,0.183,0.428,0.504,0.416,0.048,0.245,0.482,0.28,0.716,0.722,0.031,0.509,0.499,0.192,-0.109,0.128,0.795,0.332,0.458,0.584,0.394,0.454,0.205,0.245,0.049,0.79,0.015,-0.343,0.241,-0.076,-0.213,0.616,0.179,-0.086,0.317,-0.437,0.271,-0.251,0.062,0.71,0.739,0.506,0.445,-0.115,0.117,0.14,-0.009,0.06,0.202,-0.137,0.207,-0.069,0.059,-0.377,0.057,-0.047,-0.553,0.225,0.478,-0.241,-0.63,0.107,0.23,0.036,0.024,0.342,0.21,-0.325,-0.523,0.116,0.177,0.383,0.163,0.255,-0.031,0.257,0.52,0.297,0.073,-0.251,0.092,-0.261,0.117,0.465,-0.148,0.47,0.33,0.381,0.795,0.286,0.661,0.106,-0.329,-0.567,-0.501,0.145,-0.105,0.436,0.321,0.514,0.877,0.393,0.073,0.472,0.489,0.246,0.595,0.203,0.276,0.116,0.074,0.551,0.315,0.519,0.239,0.502
000708SZ,0.738,0.605,0.908,-0.531,0.721,0.775,0.415,0.713,0.862,-0.245,0.672,-0.328,0.399,1.0,0.876,-0.604,-0.539,0.647,0.19,0.933,0.555,0.185,0.775,0.443,-0.528,0.082,-0.726,-0.067,0.498,0.79,-0.38,0.842,0.482,-0.666,0.286,0.751,0.643,0.784,0.342,0.707,0.385,0.708,0.649,-0.294,0.633,0.829,0.651,0.849,0.901,-0.2,0.674,0.953,0.934,0.9,0.526,0.872,0.927,0.841,0.003,0.338,-0.246,-0.16,0.402,0.79,-0.354,0.847,0.572,-0.696,0.282,-0.284,0.304,0.678,0.895,0.474,0.305,0.867,0.862,0.389,-0.03,-0.789,0.672,0.546,0.494,-0.379,0.759,0.839,0.755,-0.624,0.531,0.916,0.001,-0.803,-0.627,-0.188,0.743,0.758,0.639,0.234,-0.541,0.448,-0.287,-0.035,-0.255,-0.445,0.105,0.766,0.729,-0.52,0.964,0.539,-0.217,0.728,0.259,0.902,0.924,-0.659,0.58,0.37,0.89,0.3,-0.279,0.84,0.746,-0.619,0.863,-0.342,0.61,0.683,0.206,0.491,-0.613,0.689,0.795,0.671,0.626,0.702,-0.444,0.873,-0.693,0.292,-0.104,-0.049,0.916,-0.455,0.667,-0.301,0.418,0.797,0.646,0.848,-0.757,0.87,0.417,0.084,0.096,-0.444,-0.761,0.004,0.123,-0.138,-0.664,-0.452,0.89,0.012,-0.412,-0.643,0.329,0.838,0.405,-0.609,-0.415,-0.591,0.871,-0.554,0.87,-0.344,-0.598,0.797,-0.366,0.873,-0.819,0.095,0.498,0.873,0.338,0.009,-0.075,-0.474,-0.45,0.556,0.927,0.402,0.744,-0.056,-0.133,-0.587,0.784,-0.213,0.932,-0.566,0.197,0.261,0.751,0.722,0.877,0.819,-0.145,0.736,0.858,0.949,0.814,0.604,-0.329,0.426,-0.306,0.865,-0.05
000725SZ,0.765,0.613,0.923,-0.534,0.772,0.722,0.346,0.668,0.772,-0.207,0.694,-0.366,0.343,0.876,1.0,-0.534,-0.429,0.636,0.27,0.89,0.464,0.067,0.694,0.556,-0.479,0.149,-0.706,-0.148,0.509,0.682,-0.402,0.887,0.501,-0.57,0.55,0.864,0.674,0.804,0.31,0.754,0.425,0.78,0.591,-0.358,0.623,0.848,0.676,0.848,0.812,-0.284,0.73,0.913,0.878,0.929,0.426,0.872,0.871,0.867,-0.031,0.337,-0.228,-0.115,0.417,0.8,-0.37,0.868,0.648,-0.644,0.46,-0.184,0.217,0.783,0.891,0.476,0.195,0.857,0.836,0.555,0.13,-0.666,0.644,0.652,0.496,-0.322,0.753,0.793,0.768,-0.517,0.636,0.835,0.031,-0.615,-0.666,-0.052,0.809,0.778,0.569,0.388,-0.465,0.434,-0.21,0.109,-0.059,-0.395,0.092,0.784,0.675,-0.542,0.905,0.26,-0.222,0.735,0.219,0.866,0.907,-0.663,0.627,0.274,0.864,0.351,-0.401,0.845,0.686,-0.436,0.807,-0.035,0.577,0.633,0.297,0.545,-0.49,0.682,0.644,0.677,0.626,0.737,-0.366,0.827,-0.542,0.372,-0.014,-0.188,0.89,-0.368,0.631,-0.189,0.51,0.857,0.623,0.743,-0.64,0.813,0.395,0.228,0.058,-0.232,-0.688,0.078,0.322,0.04,-0.428,-0.469,0.879,0.166,-0.322,-0.588,0.465,0.845,0.397,-0.455,-0.401,-0.496,0.873,-0.536,0.84,-0.16,-0.533,0.6,-0.406,0.851,-0.757,0.062,0.546,0.839,0.259,0.134,0.016,-0.434,-0.437,0.548,0.892,0.462,0.827,-0.215,-0.066,-0.529,0.763,0.051,0.867,-0.55,0.27,0.213,0.678,0.782,0.926,0.772,-0.303,0.633,0.889,0.883,0.834,0.711,-0.319,0.593,-0.148,0.939,0.089
000768SZ,-0.443,-0.158,-0.571,0.646,-0.291,-0.356,-0.391,-0.559,-0.605,0.604,-0.446,0.604,-0.034,-0.604,-0.534,1.0,0.802,-0.54,0.319,-0.721,-0.329,0.004,-0.596,-0.158,0.455,-0.182,0.713,0.208,-0.31,-0.509,0.676,-0.475,-0.16,0.851,-0.015,-0.333,-0.428,-0.43,-0.008,-0.489,0.046,-0.491,-0.592,0.301,-0.256,-0.692,-0.098,-0.559,-0.604,0.442,-0.425,-0.692,-0.568,-0.552,-0.37,-0.636,-0.666,-0.566,-0.185,-0.103,0.471,0.54,-0.023,-0.602,0.333,-0.606,-0.144,0.569,0.143,0.564,0.01,-0.195,-0.629,0.09,-0.178,-0.604,-0.713,-0.182,0.127,0.704,-0.652,-0.219,-0.371,0.624,-0.572,-0.66,-0.591,0.372,-0.324,-0.681,-0.301,0.723,0.51,0.3,-0.487,-0.633,-0.325,-0.175,0.848,-0.291,0.669,0.255,0.612,0.439,0.048,-0.665,-0.471,0.556,-0.655,-0.354,0.215,-0.633,-0.288,-0.444,-0.658,0.485,-0.119,0.223,-0.624,-0.164,0.303,-0.507,-0.631,0.748,-0.538,0.444,-0.224,-0.678,-0.445,-0.276,0.954,-0.606,-0.556,-0.009,-0.676,-0.48,0.596,-0.67,0.709,-0.111,0.416,0.13,-0.494,0.668,-0.61,0.319,0.086,-0.617,-0.501,-0.723,0.833,-0.703,-0.454,0.471,-0.311,0.562,0.747,-0.34,0.194,0.43,0.711,0.066,-0.687,0.187,0.632,0.727,-0.028,-0.639,-0.488,0.628,0.641,0.774,-0.625,0.675,-0.653,0.377,0.73,-0.422,0.467,-0.651,0.732,0.015,-0.471,-0.749,-0.149,-0.191,0.536,0.749,0.558,-0.204,-0.665,0.142,-0.558,-0.125,-0.01,0.361,-0.69,0.264,-0.705,0.612,0.31,0.003,-0.623,-0.49,-0.548,-0.346,0.371,-0.586,-0.641,-0.691,-0.538,-0.417,0.566,0.016,0.494,-0.659,0.354
000776SZ,-0.223,0.087,-0.526,0.81,-0.115,-0.411,-0.366,-0.492,-0.522,0.799,-0.454,0.646,0.193,-0.539,-0.429,0.802,1.0,-0.553,0.444,-0.644,-0.242,0.255,-0.522,-0.04,0.57,-0.067,0.773,0.428,-0.114,-0.403,0.605,-0.407,0.098,0.7,0.167,-0.113,-0.359,-0.257,0.157,-0.414,0.179,-0.457,-0.49,0.391,-0.089,-0.659,0.02,-0.503,-0.469,0.441,-0.421,-0.61,-0.471,-0.413,-0.144,-0.54,-0.558,-0.477,-0.409,-0.107,0.774,0.819,0.299,-0.487,0.274,-0.576,0.034,0.6,0.168,0.562,0.283,-0.034,-0.545,0.314,0.057,-0.554,-0.64,-0.132,0.071,0.792,-0.592,-0.03,-0.256,0.731,-0.638,-0.563,-0.552,0.36,-0.332,-0.681,-0.377,0.712,0.43,0.536,-0.398,-0.521,-0.166,-0.136,0.96,-0.199,0.7,0.395,0.737,0.605,0.114,-0.651,-0.341,0.684,-0.583,-0.239,0.443,-0.628,-0.161,-0.317,-0.565,0.551,-0.259,0.374,-0.535,-0.079,0.355,-0.37,-0.546,0.924,-0.541,0.553,-0.041,-0.707,-0.493,-0.118,0.778,-0.72,-0.498,-0.02,-0.717,-0.411,0.579,-0.666,0.721,0.071,0.63,0.213,-0.336,0.88,-0.618,0.377,0.18,-0.561,-0.401,-0.666,0.875,-0.627,-0.354,0.57,-0.326,0.757,0.836,-0.417,0.489,0.62,0.758,-0.008,-0.627,0.415,0.601,0.761,0.252,-0.588,-0.52,0.581,0.71,0.97,-0.502,0.759,-0.537,0.495,0.906,-0.315,0.613,-0.622,0.709,0.14,-0.469,-0.695,-0.059,-0.254,0.611,0.901,0.775,0.03,-0.557,0.459,-0.413,-0.136,-0.184,0.329,-0.538,0.412,-0.601,0.719,0.479,0.183,-0.553,-0.431,-0.429,-0.233,0.324,-0.47,-0.535,-0.609,-0.454,-0.385,0.788,0.119,0.704,-0.578,0.605
000786SZ,0.671,0.418,0.696,-0.848,0.434,0.62,0.691,0.886,0.819,-0.699,0.918,-0.727,0.06,0.647,0.636,-0.54,-0.553,1.0,-0.015,0.647,0.676,-0.324,0.838,0.724,-0.311,0.435,-0.881,-0.353,0.682,0.65,-0.639,0.78,0.193,-0.327,0.439,0.585,0.843,0.803,0.49,0.917,0.517,0.917,0.594,-0.41,0.436,0.75,0.314,0.778,0.607,-0.612,0.911,0.71,0.75,0.701,0.327,0.763,0.706,0.625,0.583,0.787,-0.612,-0.504,0.132,0.805,0.137,0.756,0.661,-0.691,0.249,0.108,-0.274,0.614,0.704,0.113,0.199,0.761,0.869,0.753,0.609,-0.824,0.842,0.699,0.688,-0.729,0.902,0.761,0.841,-0.213,0.814,0.719,0.567,-0.509,-0.244,-0.324,0.861,0.862,0.627,0.451,-0.518,0.631,-0.2,0.298,-0.349,-0.515,0.526,0.912,0.79,-0.631,0.654,0.18,-0.282,0.963,0.581,0.716,0.663,-0.909,0.773,-0.159,0.876,0.564,-0.388,0.65,0.849,-0.553,0.832,-0.043,0.391,0.939,0.687,0.78,-0.42,0.742,0.659,0.531,0.864,0.92,-0.551,0.858,-0.326,0.102,-0.336,-0.287,0.474,-0.462,0.916,0.123,0.391,0.778,0.801,0.783,-0.676,0.822,0.65,0.043,0.478,-0.424,-0.833,0.51,-0.028,-0.259,-0.459,0.12,0.719,0.242,0.06,-0.882,0.209,0.893,0.762,-0.401,-0.856,-0.547,0.747,-0.894,0.81,-0.153,-0.753,0.692,-0.843,0.83,-0.425,0.204,0.789,0.837,0.332,0.391,-0.121,-0.728,-0.804,0.473,0.707,0.071,0.485,0.156,0.544,-0.169,0.643,0.251,0.767,-0.872,0.276,0.162,0.899,0.884,0.661,0.373,-0.57,0.502,0.832,0.711,0.827,0.62,-0.506,0.576,-0.141,0.773,-0.313
000800SZ,0.35,0.22,0.247,0.171,0.617,0.522,-0.381,-0.175,-0.082,0.435,0.236,0.272,-0.031,0.19,0.27,0.319,0.444,-0.015,1.0,0.148,-0.249,-0.056,-0.156,0.286,-0.301,-0.362,0.157,0.053,-0.054,-0.084,0.326,0.229,0.171,-0.0,0.581,0.502,0.22,0.272,-0.012,0.066,0.394,0.233,-0.23,-0.111,0.257,0.163,0.504,0.312,-0.018,-0.121,0.256,0.167,0.244,0.183,-0.159,0.264,0.242,0.394,-0.24,0.028,0.337,0.368,0.17,-0.111,-0.337,0.275,0.294,-0.312,0.666,0.148,0.106,0.416,0.309,0.347,-0.138,0.221,0.053,0.327,0.132,0.014,-0.271,0.229,0.063,0.12,0.106,0.116,0.018,0.079,0.295,0.154,-0.284,0.094,0.036,-0.066,0.239,0.076,0.023,0.271,0.497,-0.289,0.119,0.295,0.276,-0.168,-0.157,0.053,0.208,-0.16,0.238,-0.259,-0.262,0.017,-0.359,0.277,0.289,0.019,0.202,0.365,0.1,-0.229,-0.372,0.226,-0.223,0.257,0.114,0.178,-0.012,-0.171,-0.204,0.279,0.263,0.047,-0.241,0.651,-0.176,0.026,0.617,-0.055,0.186,0.423,0.204,-0.383,0.325,0.143,0.038,-0.151,0.558,0.284,0.149,-0.03,0.282,0.055,0.048,0.86,-0.07,0.379,0.191,-0.16,0.611,0.227,0.321,-0.134,0.219,0.315,0.11,0.168,0.516,0.097,0.042,0.374,0.343,0.328,0.104,0.197,0.161,0.169,0.208,0.053,0.137,0.187,0.082,0.092,0.196,0.065,0.02,-0.304,0.345,0.314,0.163,0.111,0.198,0.55,0.345,-0.054,-0.036,0.034,0.136,0.294,0.013,0.014,0.431,-0.203,-0.173,0.259,0.191,0.429,0.124,-0.226,0.187,0.169,0.303,0.175,0.157,0.4,0.065,0.119,0.304
000807SZ,0.701,0.475,0.954,-0.617,0.742,0.79,0.386,0.671,0.789,-0.343,0.662,-0.428,0.249,0.933,0.89,-0.721,-0.644,0.647,0.148,1.0,0.439,0.062,0.712,0.379,-0.576,0.092,-0.788,-0.156,0.428,0.705,-0.436,0.835,0.416,-0.759,0.336,0.754,0.625,0.734,0.177,0.689,0.259,0.736,0.656,-0.33,0.616,0.934,0.591,0.86,0.837,-0.312,0.692,0.98,0.901,0.888,0.421,0.909,0.943,0.913,0.016,0.266,-0.315,-0.276,0.281,0.773,-0.47,0.91,0.494,-0.733,0.318,-0.41,0.19,0.612,0.925,0.345,0.176,0.904,0.873,0.433,-0.027,-0.806,0.676,0.519,0.426,-0.477,0.773,0.827,0.754,-0.601,0.54,0.932,0.071,-0.776,-0.708,-0.261,0.781,0.768,0.523,0.286,-0.664,0.385,-0.435,-0.117,-0.308,-0.531,-0.015,0.817,0.697,-0.631,0.97,0.399,-0.291,0.768,0.211,0.824,0.972,-0.664,0.517,0.166,0.869,0.233,-0.393,0.795,0.715,-0.657,0.791,-0.279,0.483,0.709,0.305,0.45,-0.712,0.76,0.692,0.594,0.693,0.674,-0.452,0.878,-0.764,0.299,-0.178,-0.197,0.904,-0.565,0.69,-0.308,0.299,0.887,0.605,0.826,-0.818,0.874,0.417,-0.009,0.108,-0.422,-0.807,0.121,0.145,-0.182,-0.654,-0.42,0.972,-0.058,-0.551,-0.685,0.294,0.85,0.444,-0.604,-0.508,-0.678,0.869,-0.624,0.909,-0.308,-0.667,0.657,-0.455,0.91,-0.882,-0.035,0.551,0.912,0.295,0.136,-0.178,-0.594,-0.52,0.424,0.945,0.319,0.845,-0.122,-0.104,-0.593,0.799,-0.159,0.913,-0.638,0.013,0.126,0.701,0.744,0.901,0.805,-0.232,0.689,0.891,0.967,0.828,0.655,-0.472,0.322,-0.377,0.915,-0.057
000858SZ,0.545,0.712,0.462,-0.358,0.31,0.236,0.842,0.896,0.867,-0.272,0.527,-0.247,0.664,0.555,0.464,-0.329,-0.242,0.676,-0.249,0.439,1.0,0.334,0.853,0.562,0.259,0.658,-0.575,0.085,0.872,0.878,-0.455,0.633,0.526,-0.102,0.133,0.453,0.55,0.667,0.872,0.751,0.527,0.545,0.762,-0.014,0.572,0.365,0.386,0.454,0.758,0.036,0.538,0.53,0.598,0.67,0.738,0.476,0.505,0.282,0.14,0.711,-0.152,0.033,0.601,0.809,0.4,0.37,0.684,-0.116,-0.123,0.258,0.304,0.589,0.4,0.531,0.67,0.455,0.64,0.39,0.313,-0.453,0.835,0.696,0.582,-0.174,0.481,0.548,0.643,-0.469,0.367,0.418,0.191,-0.452,-0.317,0.276,0.57,0.63,0.796,0.069,-0.303,0.924,0.22,0.367,0.034,0.124,0.768,0.557,0.618,0.009,0.465,0.649,0.391,0.615,0.829,0.707,0.385,-0.651,0.594,0.342,0.72,0.796,0.285,0.569,0.9,-0.215,0.633,-0.001,0.793,0.622,0.249,0.624,-0.249,0.258,0.887,0.302,0.507,0.806,-0.736,0.699,-0.298,-0.014,0.208,0.438,0.465,0.055,0.487,0.289,0.208,0.342,0.544,0.607,-0.518,0.605,0.402,-0.088,0.137,-0.245,-0.54,0.013,-0.001,0.119,-0.463,-0.216,0.388,0.324,0.184,-0.556,0.263,0.66,0.275,-0.637,-0.537,-0.221,0.649,-0.487,0.568,-0.079,-0.304,0.784,-0.379,0.457,-0.326,0.242,0.294,0.52,0.459,0.181,0.139,-0.277,-0.289,0.771,0.517,0.345,0.178,-0.036,0.052,-0.345,0.412,0.08,0.703,-0.339,0.478,0.771,0.874,0.545,0.58,0.361,-0.266,0.698,0.569,0.526,0.508,0.371,0.078,0.478,0.317,0.54,0.089
000876SZ,0.087,0.521,-0.022,0.529,0.161,-0.196,0.12,0.062,0.176,0.571,-0.351,0.585,0.81,0.185,0.067,0.004,0.255,-0.324,-0.056,0.062,0.334,1.0,0.147,-0.122,0.444,0.226,0.266,0.543,0.299,0.404,0.109,0.035,0.607,-0.084,-0.25,0.151,-0.197,0.027,0.404,-0.109,0.1,-0.285,0.377,0.41,0.425,-0.204,0.383,-0.122,0.428,0.702,-0.329,0.075,0.063,0.234,0.707,-0.033,0.077,-0.087,-0.724,-0.148,0.603,0.67,0.697,0.159,0.029,-0.207,0.142,0.452,-0.351,-0.066,0.865,0.189,-0.034,0.695,0.72,-0.117,-0.048,-0.369,-0.537,0.284,0.082,0.103,-0.041,0.629,-0.378,-0.013,-0.071,-0.461,-0.449,-0.101,-0.559,-0.209,-0.324,0.677,-0.168,-0.108,0.307,-0.385,0.129,0.31,0.309,0.023,0.422,0.693,0.122,-0.247,0.009,0.622,0.096,0.656,0.729,-0.324,0.29,0.222,-0.007,0.274,-0.253,0.766,0.011,0.212,0.655,0.169,0.133,0.262,-0.095,-0.113,0.566,-0.31,-0.557,-0.092,-0.073,-0.436,0.347,-0.104,-0.344,-0.057,-0.239,-0.021,-0.207,0.099,0.712,0.768,0.32,0.465,-0.412,-0.085,-0.062,-0.266,-0.191,0.006,0.015,-0.039,-0.194,-0.066,-0.406,0.114,0.217,-0.644,0.171,0.49,-0.154,-0.591,-0.098,0.075,-0.127,0.275,0.257,-0.075,-0.532,-0.46,0.407,0.245,0.135,0.44,-0.029,0.059,0.43,0.232,0.614,-0.224,-0.128,-0.006,-0.476,-0.137,0.189,-0.346,0.258,0.458,0.619,0.511,0.073,0.519,-0.036,-0.242,-0.792,-0.389,0.008,-0.259,0.162,0.564,0.286,0.698,0.065,-0.224,0.178,0.345,0.379,0.352,-0.058,0.083,-0.155,-0.095,0.668,-0.112,0.389,-0.065,0.576
000895SZ,0.626,0.642,0.71,-0.612,0.465,0.485,0.826,0.923,0.942,-0.468,0.709,-0.48,0.463,0.775,0.694,-0.596,-0.522,0.838,-0.156,0.712,0.853,0.147,1.0,0.577,-0.136,0.5,-0.815,-0.023,0.784,0.871,-0.566,0.787,0.462,-0.38,0.228,0.601,0.693,0.781,0.645,0.845,0.448,0.747,0.814,-0.13,0.628,0.671,0.467,0.705,0.862,-0.212,0.704,0.77,0.783,0.818,0.636,0.716,0.733,0.58,0.252,0.689,-0.362,-0.238,0.445,0.918,0.138,0.647,0.707,-0.468,-0.004,0.029,0.174,0.64,0.694,0.408,0.483,0.706,0.851,0.51,0.255,-0.719,0.911,0.688,0.596,-0.43,0.73,0.727,0.779,-0.518,0.54,0.7,0.272,-0.638,-0.462,-0.018,0.734,0.764,0.759,0.182,-0.555,0.789,-0.054,0.163,-0.167,-0.224,0.522,0.791,0.736,-0.317,0.726,0.563,0.051,0.821,0.718,0.815,0.673,-0.781,0.649,0.192,0.877,0.638,-0.03,0.716,0.94,-0.508,0.812,-0.113,0.688,0.837,0.405,0.616,-0.516,0.584,0.905,0.452,0.718,0.871,-0.771,0.883,-0.506,0.048,-0.044,0.125,0.654,-0.288,0.715,0.102,0.287,0.639,0.647,0.792,-0.748,0.801,0.457,-0.113,0.181,-0.497,-0.793,0.145,-0.093,-0.037,-0.657,-0.255,0.697,0.11,-0.043,-0.75,0.157,0.847,0.44,-0.708,-0.688,-0.505,0.824,-0.698,0.801,-0.226,-0.59,0.836,-0.566,0.752,-0.591,0.118,0.478,0.784,0.507,0.281,0.005,-0.549,-0.536,0.677,0.745,0.27,0.451,-0.063,0.123,-0.454,0.61,0.019,0.864,-0.6,0.339,0.522,0.964,0.725,0.765,0.538,-0.305,0.784,0.795,0.766,0.721,0.543,-0.252,0.472,-0.024,0.775,-0.052
000938SZ,0.787,0.55,0.473,-0.496,0.448,0.397,0.407,0.715,0.607,-0.315,0.83,-0.522,0.206,0.443,0.556,-0.158,-0.04,0.724,0.286,0.379,0.562,-0.122,0.577,1.0,-0.083,0.505,-0.519,-0.216,0.742,0.46,-0.572,0.714,0.374,-0.059,0.746,0.724,0.899,0.736,0.603,0.84,0.889,0.826,0.356,-0.424,0.363,0.523,0.326,0.725,0.434,-0.501,0.802,0.455,0.645,0.572,0.453,0.676,0.56,0.531,0.365,0.722,-0.313,-0.093,0.324,0.649,0.371,0.607,0.767,-0.468,0.475,0.486,-0.121,0.844,0.606,0.352,0.432,0.636,0.688,0.844,0.67,-0.466,0.556,0.876,0.794,-0.374,0.677,0.682,0.766,-0.063,0.833,0.455,0.449,-0.208,-0.001,-0.041,0.749,0.764,0.622,0.606,-0.014,0.598,0.036,0.782,0.078,-0.134,0.701,0.727,0.805,-0.376,0.466,-0.017,-0.099,0.673,0.514,0.654,0.496,-0.696,0.675,0.12,0.708,0.717,-0.234,0.74,0.633,-0.094,0.68,0.182,0.46,0.608,0.532,0.906,-0.044,0.463,0.4,0.636,0.602,0.824,-0.209,0.61,0.164,0.415,0.001,-0.263,0.354,-0.068,0.708,0.134,0.712,0.636,0.812,0.618,-0.211,0.636,0.736,0.516,0.543,-0.079,-0.42,0.442,0.321,0.135,0.035,0.176,0.475,0.699,0.372,-0.561,0.565,0.73,0.683,-0.093,-0.477,-0.108,0.664,-0.536,0.605,0.193,-0.358,0.591,-0.531,0.591,-0.053,0.557,0.713,0.612,0.038,0.314,0.01,-0.316,-0.455,0.585,0.604,0.319,0.414,0.295,0.489,0.161,0.594,0.642,0.573,-0.573,0.683,0.185,0.651,0.836,0.474,0.292,-0.62,0.145,0.721,0.537,0.768,0.515,-0.015,0.802,0.3,0.545,0.02
000963SZ,-0.278,0.129,-0.522,0.563,-0.344,-0.664,0.244,-0.066,-0.209,0.389,-0.453,0.421,0.425,-0.528,-0.479,0.455,0.57,-0.311,-0.301,-0.576,0.259,0.444,-0.136,-0.083,1.0,0.55,0.475,0.45,0.278,-0.033,0.223,-0.343,0.176,0.679,-0.193,-0.266,-0.332,-0.256,0.435,-0.22,0.073,-0.413,0.059,0.503,0.013,-0.615,-0.165,-0.587,-0.19,0.543,-0.396,-0.537,-0.459,-0.28,0.244,-0.535,-0.546,-0.642,-0.252,0.152,0.496,0.567,0.423,-0.122,0.619,-0.634,0.088,0.851,-0.354,0.528,0.283,-0.121,-0.627,0.291,0.432,-0.553,-0.459,-0.176,0.096,0.673,-0.054,0.087,-0.098,0.613,-0.582,-0.469,-0.334,0.161,-0.427,-0.669,-0.063,0.522,0.249,0.692,-0.328,-0.358,0.037,-0.264,0.458,0.373,0.71,0.329,0.609,0.83,0.497,-0.482,-0.265,0.84,-0.607,0.091,0.861,-0.434,0.456,-0.273,-0.646,0.341,-0.226,0.188,-0.372,0.381,0.72,-0.387,-0.08,0.718,-0.502,0.508,0.218,-0.386,-0.217,-0.072,0.513,-0.68,-0.076,-0.423,-0.404,-0.144,-0.124,-0.377,0.446,-0.144,0.65,0.595,-0.387,0.811,-0.511,0.671,-0.238,-0.624,-0.364,-0.455,0.479,-0.48,-0.242,-0.095,-0.239,0.47,0.531,-0.256,0.107,0.588,0.395,-0.006,-0.622,0.306,0.555,0.456,0.008,-0.411,-0.471,0.055,0.238,0.655,-0.33,0.451,-0.425,0.491,0.669,-0.148,0.389,-0.615,0.555,0.064,-0.47,-0.569,0.108,0.121,0.445,0.551,0.58,0.199,-0.537,0.204,-0.545,-0.158,-0.177,0.175,-0.492,0.307,-0.368,0.608,0.257,0.619,-0.141,-0.4,-0.318,-0.388,0.113,-0.095,-0.451,-0.551,-0.489,-0.283,0.729,-0.105,0.817,-0.459,0.53
000999SZ,0.369,0.334,0.152,-0.228,0.09,-0.14,0.689,0.635,0.427,-0.278,0.294,-0.274,0.345,0.082,0.149,-0.182,-0.067,0.435,-0.362,0.092,0.658,0.226,0.5,0.505,0.55,1.0,-0.267,0.061,0.738,0.434,-0.487,0.347,0.199,0.173,0.241,0.298,0.416,0.311,0.607,0.509,0.482,0.381,0.592,-0.128,0.266,0.146,0.009,0.155,0.334,-0.124,0.354,0.147,0.228,0.329,0.63,0.243,0.152,-0.001,0.183,0.604,-0.158,0.003,0.405,0.586,0.544,0.12,0.481,0.163,-0.103,0.396,-0.02,0.402,0.097,0.273,0.666,0.19,0.351,0.453,0.46,-0.081,0.644,0.632,0.553,-0.046,0.225,0.306,0.487,-0.007,0.319,0.06,0.502,-0.051,-0.047,0.37,0.431,0.436,0.394,0.313,-0.164,0.835,0.267,0.53,0.255,0.388,0.758,0.365,0.474,0.145,0.058,0.145,0.509,0.341,0.87,0.298,0.049,-0.344,0.35,-0.061,0.381,0.843,0.218,0.307,0.602,0.096,0.177,0.294,0.464,0.399,0.488,0.519,-0.009,0.105,0.392,-0.034,0.455,0.589,-0.559,0.404,0.106,0.196,0.208,0.22,0.087,0.202,0.313,0.529,0.105,0.15,0.358,0.329,-0.17,0.333,0.468,-0.149,0.328,0.028,-0.217,0.342,0.127,0.298,0.044,0.106,0.11,0.52,0.368,-0.32,0.277,0.396,0.268,-0.325,-0.439,0.01,0.373,-0.326,0.322,0.482,-0.098,0.323,-0.251,0.141,0.087,0.283,0.308,0.259,0.02,0.541,0.031,-0.219,-0.144,0.482,0.201,0.16,0.091,0.116,0.211,0.096,0.271,0.485,0.339,-0.202,0.315,0.567,0.549,0.388,0.267,-0.049,-0.577,0.224,0.347,0.178,0.278,0.424,0.226,0.254,0.505,0.267,0.222
001965SZ,-0.553,-0.329,-0.771,0.897,-0.397,-0.635,-0.596,-0.814,-0.805,0.748,-0.818,0.749,-0.047,-0.726,-0.706,0.713,0.773,-0.881,0.157,-0.788,-0.575,0.266,-0.815,-0.519,0.475,-0.267,1.0,0.424,-0.521,-0.649,0.681,-0.765,-0.224,0.569,-0.255,-0.524,-0.724,-0.686,-0.27,-0.82,-0.252,-0.832,-0.634,0.377,-0.44,-0.848,-0.305,-0.797,-0.677,0.507,-0.794,-0.799,-0.756,-0.72,-0.312,-0.784,-0.775,-0.719,-0.466,-0.542,0.669,0.603,-0.009,-0.782,0.058,-0.809,-0.47,0.71,-0.124,0.191,0.182,-0.509,-0.778,-0.038,-0.108,-0.809,-0.886,-0.568,-0.301,0.889,-0.813,-0.522,-0.49,0.768,-0.886,-0.762,-0.816,0.484,-0.659,-0.803,-0.409,0.656,0.466,0.403,-0.767,-0.802,-0.542,-0.272,0.745,-0.52,0.458,-0.003,0.471,0.592,-0.257,-0.915,-0.695,0.711,-0.764,-0.285,0.367,-0.927,-0.413,-0.668,-0.77,0.92,-0.625,0.164,-0.849,-0.422,0.354,-0.664,-0.829,0.743,-0.838,0.217,-0.342,-0.92,-0.57,-0.553,0.638,-0.816,-0.698,-0.432,-0.857,-0.804,0.65,-0.9,0.602,0.003,0.401,0.25,-0.55,0.668,-0.863,0.15,-0.206,-0.816,-0.69,-0.821,0.869,-0.841,-0.519,0.164,-0.35,0.63,0.956,-0.415,0.216,0.354,0.689,0.054,-0.822,0.073,0.296,0.917,-0.022,-0.886,-0.675,0.598,0.875,0.789,-0.783,0.904,-0.822,0.411,0.869,-0.644,0.846,-0.873,0.696,0.001,-0.668,-0.887,-0.324,-0.385,0.308,0.834,0.851,-0.366,-0.787,0.053,-0.559,-0.028,-0.348,0.37,-0.652,0.007,-0.819,0.862,-0.016,-0.054,-0.842,-0.795,-0.712,-0.463,0.428,-0.59,-0.83,-0.807,-0.781,-0.544,0.677,-0.383,0.351,-0.828,0.397
