,000001SZ,000002SZ,000157SZ,000166SZ,000333SZ,000338SZ,000538SZ,000568SZ,000596SZ,000617SZ,000625SZ,000651SZ,000661SZ,000708SZ,000725SZ,000768SZ,000776SZ,000786SZ,000800SZ,000807SZ,000858SZ,000876SZ,000895SZ,000938SZ,000963SZ,000999SZ,001965SZ,002001SZ,002007SZ,002027SZ,002028SZ,002050SZ,002129SZ,002179SZ,002230SZ,002236SZ,002241SZ,002271SZ,002304SZ,002311SZ,002371SZ,002415SZ,002422SZ,002459SZ,002460SZ,002463SZ,002466SZ,002475SZ,002493SZ,002555SZ,002594SZ,002601SZ,002648SZ,002709SZ,002714SZ,002916SZ,002920SZ,002938SZ,003816SZ,300014SZ,300033SZ,300059SZ,300122SZ,300124SZ,300274SZ,300308SZ,300316SZ,300347SZ,300394SZ,300408SZ,300413SZ,300418SZ,300433SZ,300450SZ,300498SZ,300502SZ,300628SZ,300661SZ,300750SZ,300759SZ,300760SZ,300782SZ,600000SS,600010SS,600011SS,600015SS,600016SS,600018SS,600019SS,600023SS,600025SS,600026SS,600028SS,600029SS,600031SS,600036SS,600048SS,600050SS,600061SS,600085SS,600089SS,600104SS,600111SS,600115SS,600161SS,600183SS,600188SS,600196SS,600219SS,600233SS,600276SS,600309SS,600332SS,600346SS,600362SS,600377SS,600406SS,600415SS,600426SS,600436SS,600438SS,600489SS,600519SS,600570SS,600585SS,600588SS,600600SS,600660SS,600674SS,600741SS,600760SS,600795SS,600809SS,600875SS,600886SS,600887SS,600926SS,600989SS,601006SS,601009SS,601012SS,601021SS,601058SS,601066SS,601088SS,601100SS,601117SS,601138SS,601166SS,601169SS,601186SS,601225SS,601229SS,601238SS,601288SS,601318SS,601319SS,601328SS,601336SS,601360SS,601390SS,601398SS,601600SS,601601SS,601607SS,601618SS,601628SS,601633SS,601658SS,601668SS,601669SS,601688SS,601689SS,601698SS,601699SS,601766SS,601788SS,601799SS,601800SS,601808SS,601816SS,601818SS,601838SS,601857SS,601865SS,601872SS,601877SS,601878SS,601881SS,601888SS,601899SS,601901SS,601919SS,601939SS,601985SS,601988SS,601998SS,603019SS,603195SS,603259SS,603260SS,603288SS,603369SS,603501SS,603659SS,603799SS,603806SS,603833SS,603986SS,603993SS,688008SS,688009SS,688012SS,688036SS,688111SS,688169SS,688396SS
000001SZ,1.0,0.651,0.598,0.75,0.408,0.812,0.77,0.782,0.736,0.643,0.618,0.721,0.694,0.745,0.656,0.536,0.746,0.533,0.719,0.575,0.781,0.722,0.712,0.568,0.302,0.684,-0.215,0.586,0.672,0.703,0.401,0.578,0.412,0.51,0.225,0.657,0.129,0.637,0.703,0.516,0.43,0.69,0.206,0.269,-0.096,0.574,0.136,0.317,0.776,0.34,0.509,0.667,0.436,-0.189,0.59,0.592,0.55,0.296,0.774,0.514,0.278,0.614,0.495,0.522,0.449,0.512,0.458,0.44,0.595,0.718,0.036,0.052,0.578,0.037,0.671,0.569,0.587,0.597,0.384,0.575,0.612,0.613,0.718,0.394,0.755,0.253,0.191,0.857,0.821,0.74,0.656,0.597,0.103,-0.382,0.559,0.764,0.528,0.495,0.752,0.763,0.642,-0.322,0.487,-0.068,0.709,0.521,0.837,0.724,0.726,0.771,0.14,0.739,0.692,0.707,0.633,-0.436,0.756,0.022,0.697,0.849,0.346,0.16,0.812,0.549,0.706,0.123,0.583,0.719,0.505,0.141,0.521,0.7,0.775,0.731,0.389,0.674,0.701,0.15,0.313,-0.185,0.426,0.249,0.405,0.719,0.279,0.481,0.765,0.58,0.879,0.602,0.894,0.18,-0.165,0.373,-0.054,0.766,0.862,0.012,0.768,-0.475,0.946,0.086,0.706,0.663,-0.335,0.932,0.837,0.63,0.255,0.866,0.892,0.754,0.236,0.26,0.85,0.699,-0.041,0.374,0.846,0.772,0.582,0.041,0.397,0.52,0.156,0.719,0.584,0.637,0.711,0.714,0.353,0.73,0.501,0.221,0.666,-0.11,0.302,0.143,0.771,0.658,0.542,0.753,0.703,0.688,-0.076,0.61,0.378,0.271,0.609,0.526,0.57,0.752,0.319,0.732,-0.028,0.526,0.625
000002SZ,0.651,1.0,0.914,0.861,0.518,0.661,0.56,0.659,0.808,0.973,0.27,0.868,0.324,0.795,0.936,0.902,0.83,0.952,0.541,0.944,0.84,0.937,0.89,0.69,-0.132,0.449,0.147,0.95,0.633,0.925,0.784,0.464,0.829,0.926,-0.026,0.551,-0.279,0.956,0.476,0.546,0.225,0.675,0.722,0.743,-0.543,0.826,-0.189,0.77,0.43,0.304,0.862,0.91,0.801,-0.514,0.974,0.685,0.384,0.762,0.562,0.521,0.036,0.493,0.426,0.589,0.853,0.773,0.427,0.737,0.941,0.829,-0.233,-0.057,0.774,-0.48,0.978,0.767,0.712,0.808,0.045,0.886,0.699,0.787,0.85,0.573,0.878,-0.422,-0.541,0.809,0.669,0.87,0.805,0.844,-0.311,-0.663,0.885,0.901,0.975,-0.132,0.931,0.642,0.842,-0.836,0.821,-0.434,0.769,0.809,0.814,0.716,0.939,0.852,0.101,0.832,0.586,0.39,0.925,-0.739,0.835,-0.287,0.918,0.653,0.833,0.569,0.877,0.425,0.961,-0.092,0.254,0.755,0.738,-0.39,0.713,0.832,0.82,0.678,0.042,0.587,0.342,0.07,-0.359,-0.57,0.738,-0.218,0.327,0.603,-0.018,0.47,0.212,0.766,0.805,0.375,0.441,0.484,-0.25,-0.147,-0.196,0.954,0.794,-0.224,0.826,-0.758,0.657,-0.276,0.897,0.964,-0.775,0.733,0.77,0.358,-0.114,0.861,0.536,0.863,-0.108,-0.062,0.642,0.945,-0.221,-0.049,0.832,0.865,0.147,-0.54,0.172,0.73,-0.158,0.789,0.925,0.91,0.571,0.835,0.745,0.885,0.761,0.293,0.648,-0.573,-0.067,-0.082,0.797,0.814,0.463,0.719,0.63,0.842,-0.243,0.669,0.759,0.678,0.856,0.878,0.62,0.517,0.157,0.92,-0.33,0.752,0.478
000157SZ,0.598,0.914,1.0,0.922,0.54,0.697,0.654,0.716,0.866,0.934,0.344,0.795,0.414,0.793,0.857,0.927,0.896,0.846,0.587,0.95,0.853,0.939,0.85,0.777,0.056,0.514,0.107,0.898,0.765,0.89,0.862,0.582,0.764,0.909,0.074,0.621,-0.183,0.935,0.586,0.739,0.392,0.748,0.784,0.698,-0.353,0.798,-0.004,0.682,0.48,0.463,0.835,0.892,0.689,-0.274,0.911,0.724,0.57,0.671,0.475,0.665,0.269,0.677,0.57,0.797,0.814,0.737,0.512,0.865,0.897,0.839,0.028,0.111,0.769,-0.326,0.921,0.719,0.766,0.887,0.183,0.915,0.792,0.881,0.729,0.744,0.802,-0.408,-0.479,0.697,0.666,0.778,0.712,0.689,-0.277,-0.525,0.813,0.826,0.887,-0.18,0.927,0.695,0.842,-0.745,0.921,-0.223,0.834,0.934,0.767,0.782,0.945,0.737,0.341,0.864,0.709,0.472,0.913,-0.617,0.788,-0.044,0.878,0.686,0.806,0.442,0.88,0.591,0.849,0.102,0.388,0.738,0.72,-0.241,0.859,0.743,0.843,0.725,-0.061,0.713,0.387,0.11,-0.254,-0.374,0.743,-0.105,0.345,0.711,-0.131,0.636,0.138,0.788,0.7,0.269,0.419,0.319,-0.069,-0.029,-0.215,0.903,0.822,-0.189,0.865,-0.611,0.594,-0.284,0.927,0.875,-0.616,0.665,0.804,0.412,-0.153,0.768,0.509,0.925,0.07,0.098,0.679,0.843,-0.063,0.037,0.815,0.821,0.212,-0.46,0.216,0.615,-0.295,0.724,0.912,0.914,0.681,0.91,0.662,0.921,0.629,0.208,0.501,-0.54,0.003,0.186,0.819,0.857,0.587,0.775,0.705,0.834,0.028,0.797,0.796,0.698,0.911,0.85,0.715,0.612,0.324,0.881,-0.113,0.665,0.556
000166SZ,0.75,0.861,0.922,1.0,0.546,0.816,0.832,0.884,0.952,0.904,0.501,0.808,0.635,0.839,0.807,0.843,0.987,0.743,0.743,0.908,0.947,0.945,0.879,0.837,0.254,0.705,-0.079,0.815,0.875,0.88,0.768,0.713,0.671,0.803,0.283,0.76,-0.016,0.917,0.799,0.834,0.565,0.845,0.599,0.57,-0.179,0.772,0.144,0.521,0.686,0.57,0.76,0.846,0.557,-0.136,0.84,0.791,0.697,0.5,0.561,0.747,0.464,0.834,0.699,0.853,0.718,0.733,0.643,0.824,0.85,0.811,0.199,0.259,0.761,-0.109,0.884,0.74,0.813,0.914,0.392,0.879,0.872,0.925,0.671,0.745,0.826,-0.28,-0.271,0.741,0.685,0.795,0.683,0.63,-0.181,-0.495,0.731,0.821,0.773,0.072,0.938,0.825,0.864,-0.572,0.859,-0.119,0.909,0.868,0.825,0.858,0.938,0.775,0.36,0.903,0.841,0.697,0.83,-0.586,0.799,0.095,0.833,0.852,0.673,0.239,0.957,0.743,0.786,0.277,0.629,0.74,0.642,-0.012,0.858,0.715,0.939,0.816,0.006,0.861,0.555,0.048,-0.014,-0.236,0.698,0.009,0.35,0.888,-0.157,0.709,0.372,0.811,0.753,0.245,0.604,0.137,-0.141,0.214,-0.276,0.924,0.916,-0.212,0.967,-0.501,0.722,-0.287,0.931,0.817,-0.465,0.755,0.938,0.583,-0.103,0.804,0.704,0.987,0.266,0.303,0.823,0.783,0.111,0.188,0.858,0.812,0.336,-0.34,0.302,0.479,-0.219,0.757,0.842,0.935,0.871,0.973,0.477,0.979,0.5,0.086,0.521,-0.497,0.042,0.329,0.894,0.908,0.698,0.912,0.864,0.868,0.138,0.859,0.696,0.639,0.918,0.72,0.794,0.786,0.484,0.894,0.065,0.598,0.719
000333SZ,0.408,0.518,0.54,0.546,1.0,0.399,0.449,0.495,0.589,0.575,0.423,0.782,0.378,0.675,0.577,0.513,0.564,0.503,0.492,0.576,0.612,0.586,0.685,0.608,-0.027,0.586,-0.092,0.626,0.516,0.602,0.624,0.367,0.666,0.577,0.363,0.619,0.369,0.581,0.35,0.366,0.378,0.676,0.366,0.535,-0.075,0.789,0.111,0.677,0.539,0.452,0.72,0.596,0.591,-0.316,0.612,0.729,0.328,0.59,0.302,0.549,0.102,0.331,0.595,0.374,0.673,0.835,0.67,0.558,0.632,0.462,-0.083,0.298,0.784,-0.087,0.594,0.833,0.714,0.597,0.407,0.684,0.65,0.494,0.361,0.181,0.658,-0.443,-0.468,0.546,0.138,0.646,0.689,0.662,-0.428,-0.673,0.74,0.577,0.503,0.117,0.585,0.622,0.736,-0.394,0.433,-0.507,0.633,0.538,0.562,0.641,0.521,0.628,0.022,0.683,0.55,0.33,0.607,-0.503,0.54,-0.307,0.555,0.518,0.622,0.249,0.568,0.39,0.509,0.232,0.313,0.676,0.443,0.013,0.37,0.622,0.654,0.547,0.224,0.589,0.397,-0.475,-0.058,-0.244,0.739,-0.479,0.783,0.357,-0.241,0.47,0.281,0.722,0.333,-0.022,0.238,0.242,-0.486,0.188,-0.493,0.628,0.455,-0.363,0.561,-0.495,0.372,-0.407,0.499,0.517,-0.343,0.408,0.509,0.576,-0.377,0.408,0.439,0.578,0.042,0.275,0.439,0.471,-0.122,0.332,0.443,0.419,-0.053,-0.58,0.133,0.231,0.021,0.668,0.611,0.682,0.483,0.599,0.303,0.568,0.561,-0.013,0.422,-0.628,-0.315,0.009,0.638,0.641,0.485,0.54,0.566,0.702,-0.067,0.486,0.614,0.425,0.605,0.423,0.626,0.34,0.438,0.599,-0.035,0.746,0.532
000338SZ,0.812,0.661,0.697,0.816,0.399,1.0,0.869,0.847,0.786,0.702,0.726,0.681,0.8,0.839,0.683,0.63,0.826,0.539,0.867,0.702,0.822,0.811,0.806,0.751,0.36,0.759,-0.287,0.625,0.863,0.743,0.504,0.807,0.509,0.598,0.371,0.813,0.166,0.693,0.762,0.626,0.65,0.812,0.349,0.312,0.035,0.577,0.384,0.306,0.768,0.495,0.56,0.738,0.373,0.006,0.655,0.713,0.804,0.207,0.792,0.736,0.366,0.742,0.638,0.773,0.456,0.575,0.6,0.66,0.665,0.742,0.187,0.287,0.613,0.166,0.734,0.609,0.732,0.773,0.505,0.706,0.765,0.79,0.599,0.604,0.806,-0.024,0.01,0.782,0.73,0.779,0.608,0.498,-0.13,-0.437,0.558,0.684,0.52,0.332,0.752,0.834,0.751,-0.312,0.654,-0.02,0.854,0.677,0.889,0.863,0.772,0.731,0.323,0.833,0.761,0.787,0.691,-0.585,0.825,0.194,0.754,0.911,0.398,0.149,0.822,0.736,0.613,0.327,0.677,0.645,0.591,0.155,0.683,0.741,0.812,0.901,0.227,0.774,0.477,0.079,0.13,-0.284,0.533,0.24,0.324,0.812,-0.008,0.768,0.596,0.733,0.683,0.247,0.763,0.038,-0.302,0.462,-0.379,0.756,0.753,-0.368,0.868,-0.323,0.819,-0.314,0.808,0.64,-0.282,0.786,0.876,0.717,-0.098,0.737,0.812,0.811,0.479,0.403,0.942,0.629,-0.025,0.447,0.787,0.754,0.358,-0.183,0.089,0.391,0.053,0.805,0.623,0.716,0.766,0.81,0.323,0.825,0.456,-0.14,0.685,-0.403,-0.01,0.363,0.897,0.805,0.761,0.807,0.804,0.801,0.196,0.814,0.44,0.312,0.75,0.568,0.723,0.865,0.512,0.825,0.187,0.451,0.773
000538SZ,0.77,0.56,0.654,0.832,0.449,0.869,1.0,0.953,0.884,0.603,0.691,0.62,0.913,0.782,0.519,0.497,0.869,0.375,0.872,0.642,0.87,0.752,0.752,0.774,0.623,0.912,-0.418,0.493,0.905,0.614,0.433,0.845,0.389,0.456,0.552,0.818,0.304,0.668,0.924,0.798,0.804,0.818,0.309,0.212,0.255,0.505,0.518,0.133,0.859,0.656,0.441,0.594,0.157,0.248,0.535,0.736,0.828,0.053,0.542,0.814,0.673,0.873,0.831,0.807,0.335,0.532,0.709,0.639,0.557,0.615,0.469,0.514,0.571,0.365,0.621,0.558,0.73,0.788,0.681,0.646,0.846,0.807,0.387,0.711,0.671,-0.014,0.098,0.598,0.593,0.608,0.445,0.337,-0.001,-0.297,0.411,0.535,0.405,0.351,0.66,0.886,0.712,-0.13,0.642,0.156,0.854,0.626,0.739,0.855,0.7,0.635,0.48,0.794,0.924,0.919,0.532,-0.442,0.625,0.398,0.572,0.944,0.276,-0.167,0.836,0.88,0.478,0.593,0.892,0.525,0.429,0.446,0.68,0.519,0.86,0.806,0.037,0.93,0.595,-0.035,0.349,0.07,0.496,0.236,0.326,0.935,-0.239,0.839,0.577,0.698,0.593,0.072,0.767,-0.246,-0.22,0.624,-0.406,0.667,0.743,-0.248,0.881,-0.122,0.738,-0.288,0.74,0.476,-0.032,0.704,0.897,0.727,-0.136,0.649,0.827,0.806,0.646,0.648,0.929,0.461,0.274,0.484,0.714,0.599,0.393,-0.103,0.219,0.157,-0.17,0.668,0.543,0.703,0.881,0.868,0.053,0.822,0.185,-0.234,0.413,-0.355,0.069,0.601,0.861,0.819,0.816,0.917,0.938,0.721,0.41,0.858,0.408,0.468,0.71,0.349,0.786,0.911,0.708,0.696,0.398,0.288,0.853
000568SZ,0.782,0.659,0.716,0.884,0.495,0.847,0.953,1.0,0.949,0.694,0.617,0.719,0.825,0.802,0.623,0.562,0.912,0.486,0.819,0.73,0.937,0.8,0.808,0.789,0.496,0.892,-0.319,0.586,0.857,0.684,0.472,0.775,0.469,0.544,0.495,0.805,0.205,0.748,0.925,0.803,0.729,0.828,0.385,0.325,0.067,0.574,0.339,0.234,0.811,0.643,0.514,0.638,0.266,0.11,0.63,0.762,0.729,0.193,0.513,0.772,0.605,0.84,0.782,0.789,0.422,0.583,0.705,0.641,0.633,0.636,0.371,0.457,0.624,0.188,0.701,0.614,0.762,0.812,0.562,0.705,0.848,0.815,0.464,0.705,0.719,-0.128,-0.034,0.649,0.598,0.678,0.508,0.454,-0.017,-0.373,0.512,0.636,0.52,0.319,0.736,0.895,0.756,-0.266,0.671,0.046,0.857,0.663,0.746,0.82,0.762,0.726,0.383,0.837,0.907,0.868,0.602,-0.486,0.645,0.272,0.633,0.934,0.38,-0.1,0.911,0.829,0.588,0.515,0.867,0.58,0.455,0.319,0.703,0.558,0.931,0.757,-0.024,0.944,0.642,-0.063,0.283,-0.003,0.547,0.1,0.308,0.94,-0.244,0.765,0.538,0.731,0.684,0.116,0.741,-0.145,-0.243,0.474,-0.358,0.766,0.816,-0.206,0.932,-0.234,0.745,-0.269,0.799,0.585,-0.195,0.73,0.955,0.729,-0.09,0.727,0.821,0.853,0.52,0.556,0.888,0.559,0.288,0.361,0.77,0.644,0.413,-0.21,0.306,0.238,-0.197,0.714,0.618,0.804,0.879,0.911,0.147,0.885,0.275,-0.102,0.413,-0.41,0.053,0.492,0.898,0.848,0.761,0.975,0.96,0.765,0.273,0.825,0.474,0.558,0.754,0.431,0.798,0.875,0.64,0.754,0.262,0.361,0.834
000596SZ,0.736,0.808,0.866,0.952,0.589,0.786,0.884,0.949,1.0,0.834,0.528,0.816,0.699,0.853,0.756,0.73,0.964,0.659,0.766,0.868,0.974,0.904,0.887,0.845,0.354,0.812,-0.161,0.756,0.865,0.795,0.658,0.726,0.642,0.73,0.376,0.781,0.09,0.883,0.843,0.84,0.64,0.858,0.599,0.515,-0.107,0.731,0.196,0.461,0.724,0.646,0.689,0.76,0.458,-0.054,0.792,0.82,0.664,0.433,0.46,0.776,0.52,0.813,0.781,0.823,0.619,0.714,0.701,0.775,0.782,0.744,0.264,0.38,0.753,-0.016,0.837,0.724,0.827,0.906,0.453,0.847,0.9,0.886,0.567,0.746,0.789,-0.3,-0.263,0.688,0.602,0.753,0.615,0.596,-0.152,-0.48,0.675,0.743,0.716,0.121,0.85,0.875,0.854,-0.48,0.807,-0.094,0.9,0.813,0.765,0.851,0.869,0.782,0.382,0.901,0.908,0.75,0.748,-0.57,0.705,0.131,0.746,0.875,0.593,0.076,0.96,0.786,0.729,0.413,0.738,0.69,0.551,0.134,0.793,0.64,0.971,0.763,-0.091,0.933,0.588,-0.068,0.09,-0.117,0.698,-0.054,0.379,0.897,-0.283,0.748,0.386,0.815,0.717,0.147,0.631,0.017,-0.209,0.298,-0.339,0.872,0.857,-0.192,0.958,-0.412,0.703,-0.309,0.875,0.728,-0.368,0.728,0.94,0.653,-0.152,0.776,0.737,0.932,0.349,0.432,0.83,0.696,0.196,0.248,0.82,0.718,0.332,-0.363,0.301,0.36,-0.292,0.751,0.79,0.919,0.847,0.977,0.33,0.953,0.415,0.023,0.425,-0.518,0.011,0.395,0.91,0.92,0.734,0.97,0.934,0.846,0.178,0.85,0.665,0.709,0.866,0.593,0.835,0.8,0.58,0.842,0.115,0.527,0.781
000617SZ,0.643,0.973,0.934,0.904,0.575,0.702,0.603,0.694,0.834,1.0,0.361,0.881,0.389,0.836,0.949,0.943,0.88,0.912,0.613,0.957,0.856,0.956,0.902,0.785,-0.09,0.512,0.045,0.946,0.716,0.943,0.823,0.554,0.855,0.949,0.081,0.662,-0.176,0.968,0.538,0.609,0.335,0.763,0.689,0.753,-0.452,0.873,-0.09,0.759,0.494,0.401,0.882,0.922,0.784,-0.442,0.966,0.772,0.492,0.744,0.552,0.619,0.118,0.572,0.52,0.667,0.886,0.824,0.549,0.804,0.957,0.854,-0.141,0.066,0.836,-0.392,0.974,0.813,0.796,0.873,0.154,0.932,0.776,0.86,0.789,0.613,0.895,-0.476,-0.537,0.797,0.617,0.885,0.801,0.817,-0.394,-0.699,0.889,0.89,0.934,-0.099,0.95,0.711,0.892,-0.806,0.85,-0.432,0.842,0.862,0.829,0.773,0.95,0.856,0.129,0.882,0.645,0.457,0.928,-0.768,0.847,-0.231,0.915,0.699,0.851,0.51,0.887,0.525,0.912,0.021,0.326,0.785,0.709,-0.32,0.79,0.836,0.856,0.743,0.014,0.651,0.364,-0.014,-0.336,-0.542,0.795,-0.248,0.373,0.657,-0.122,0.551,0.223,0.832,0.747,0.274,0.441,0.391,-0.298,-0.053,-0.303,0.962,0.812,-0.312,0.878,-0.722,0.651,-0.38,0.912,0.944,-0.736,0.712,0.806,0.448,-0.211,0.807,0.565,0.911,-0.01,0.046,0.677,0.909,-0.183,0.022,0.836,0.851,0.113,-0.574,0.14,0.642,-0.15,0.814,0.942,0.95,0.654,0.879,0.691,0.922,0.721,0.181,0.63,-0.648,-0.152,0.023,0.833,0.874,0.568,0.754,0.666,0.904,-0.129,0.748,0.798,0.657,0.921,0.859,0.716,0.595,0.276,0.944,-0.228,0.772,0.573
000625SZ,0.618,0.27,0.344,0.501,0.423,0.726,0.691,0.617,0.528,0.361,1.0,0.466,0.824,0.708,0.396,0.32,0.557,0.111,0.881,0.342,0.522,0.512,0.532,0.71,0.421,0.763,-0.613,0.32,0.736,0.396,0.233,0.828,0.363,0.325,0.543,0.834,0.568,0.377,0.612,0.456,0.766,0.804,-0.006,0.096,0.392,0.465,0.627,0.131,0.793,0.549,0.382,0.426,0.136,0.198,0.32,0.712,0.754,0.003,0.502,0.756,0.376,0.566,0.722,0.573,0.264,0.467,0.733,0.456,0.337,0.518,0.298,0.516,0.586,0.538,0.382,0.509,0.675,0.566,0.767,0.512,0.623,0.552,0.196,0.338,0.58,0.046,0.207,0.54,0.335,0.559,0.376,0.291,-0.282,-0.43,0.326,0.366,0.133,0.513,0.395,0.786,0.596,0.023,0.34,-0.081,0.712,0.441,0.618,0.729,0.408,0.538,0.162,0.654,0.661,0.739,0.37,-0.467,0.509,0.164,0.414,0.751,0.175,-0.202,0.51,0.748,0.218,0.567,0.677,0.488,0.181,0.481,0.462,0.5,0.606,0.73,0.225,0.67,0.414,-0.314,0.342,-0.038,0.503,0.078,0.546,0.57,-0.192,0.728,0.612,0.639,0.314,-0.029,0.706,-0.278,-0.435,0.773,-0.545,0.416,0.418,-0.406,0.577,-0.119,0.654,-0.381,0.421,0.225,0.038,0.574,0.567,0.9,-0.286,0.353,0.769,0.535,0.677,0.647,0.75,0.256,-0.048,0.743,0.516,0.432,0.172,-0.104,-0.066,-0.061,0.136,0.634,0.394,0.443,0.599,0.547,-0.094,0.495,0.193,-0.389,0.383,-0.357,-0.234,0.499,0.65,0.661,0.785,0.564,0.592,0.67,0.379,0.69,0.325,0.051,0.556,0.16,0.731,0.803,0.748,0.511,0.302,0.392,0.825
000651SZ,0.721,0.868,0.795,0.808,0.782,0.681,0.62,0.719,0.816,0.881,0.466,1.0,0.455,0.895,0.904,0.779,0.799,0.809,0.644,0.853,0.846,0.881,0.921,0.76,-0.043,0.649,-0.063,0.881,0.666,0.854,0.684,0.526,0.856,0.852,0.167,0.697,0.057,0.859,0.508,0.47,0.395,0.8,0.573,0.723,-0.368,0.916,-0.045,0.786,0.623,0.399,0.844,0.833,0.772,-0.488,0.897,0.833,0.427,0.748,0.565,0.617,0.06,0.468,0.58,0.542,0.799,0.883,0.644,0.687,0.89,0.788,-0.213,0.101,0.904,-0.295,0.908,0.905,0.849,0.803,0.234,0.889,0.769,0.72,0.738,0.391,0.919,-0.377,-0.455,0.844,0.517,0.928,0.871,0.884,-0.399,-0.777,0.909,0.873,0.828,0.089,0.877,0.798,0.913,-0.716,0.64,-0.533,0.819,0.736,0.842,0.788,0.831,0.933,0.031,0.912,0.672,0.489,0.856,-0.744,0.817,-0.319,0.853,0.748,0.8,0.42,0.856,0.49,0.872,0.074,0.386,0.871,0.627,-0.186,0.606,0.872,0.869,0.73,0.152,0.685,0.506,-0.223,-0.168,-0.485,0.832,-0.351,0.635,0.579,-0.072,0.529,0.369,0.868,0.757,0.302,0.494,0.403,-0.461,0.056,-0.365,0.93,0.765,-0.281,0.828,-0.765,0.68,-0.33,0.818,0.858,-0.661,0.732,0.798,0.592,-0.204,0.78,0.649,0.814,0.021,0.17,0.683,0.822,-0.228,0.248,0.755,0.738,0.138,-0.575,0.183,0.558,0.055,0.881,0.87,0.9,0.61,0.813,0.58,0.859,0.747,0.18,0.671,-0.633,-0.162,-0.027,0.866,0.847,0.581,0.77,0.699,0.913,-0.245,0.647,0.77,0.593,0.825,0.725,0.752,0.562,0.365,0.9,-0.247,0.852,0.659
000661SZ,0.694,0.324,0.414,0.635,0.378,0.8,0.913,0.825,0.699,0.389,0.824,0.455,1.0,0.692,0.339,0.295,0.698,0.132,0.897,0.396,0.69,0.564,0.591,0.687,0.679,0.903,-0.63,0.279,0.833,0.411,0.227,0.852,0.256,0.252,0.618,0.803,0.493,0.448,0.84,0.641,0.852,0.752,0.062,0.029,0.495,0.365,0.715,-0.032,0.86,0.604,0.283,0.432,-0.031,0.384,0.317,0.68,0.845,-0.149,0.49,0.791,0.664,0.792,0.824,0.673,0.152,0.419,0.711,0.493,0.352,0.47,0.506,0.588,0.47,0.615,0.41,0.452,0.63,0.629,0.823,0.481,0.757,0.668,0.18,0.545,0.545,0.108,0.292,0.477,0.429,0.481,0.293,0.186,-0.042,-0.251,0.214,0.328,0.15,0.487,0.438,0.824,0.576,0.118,0.433,0.175,0.757,0.443,0.64,0.784,0.478,0.506,0.404,0.656,0.826,0.912,0.332,-0.409,0.487,0.435,0.385,0.881,0.081,-0.33,0.638,0.864,0.248,0.675,0.889,0.382,0.232,0.628,0.512,0.398,0.699,0.749,0.102,0.821,0.488,-0.153,0.439,0.144,0.401,0.268,0.368,0.812,-0.258,0.821,0.643,0.597,0.392,-0.045,0.774,-0.404,-0.328,0.834,-0.497,0.457,0.546,-0.329,0.719,0.04,0.676,-0.328,0.522,0.239,0.192,0.601,0.729,0.781,-0.194,0.449,0.805,0.627,0.774,0.753,0.872,0.238,0.199,0.65,0.555,0.428,0.274,0.015,0.049,-0.06,-0.022,0.587,0.352,0.492,0.774,0.691,-0.17,0.618,0.036,-0.426,0.332,-0.286,-0.033,0.652,0.734,0.704,0.831,0.752,0.805,0.611,0.507,0.778,0.243,0.246,0.558,0.12,0.716,0.888,0.777,0.524,0.493,0.182,0.856
000708SZ,0.745,0.795,0.793,0.839,0.675,0.839,0.782,0.802,0.853,0.836,0.708,0.895,0.692,1.0,0.849,0.758,0.854,0.675,0.872,0.83,0.855,0.909,0.94,0.892,0.182,0.794,-0.268,0.813,0.857,0.804,0.622,0.769,0.819,0.814,0.326,0.851,0.173,0.829,0.632,0.583,0.661,0.922,0.529,0.614,-0.094,0.851,0.281,0.622,0.765,0.528,0.778,0.825,0.59,-0.228,0.839,0.92,0.684,0.528,0.628,0.806,0.224,0.619,0.762,0.72,0.692,0.84,0.782,0.775,0.841,0.813,0.013,0.313,0.879,0.007,0.877,0.868,0.929,0.895,0.464,0.904,0.886,0.831,0.619,0.565,0.937,-0.314,-0.294,0.816,0.556,0.921,0.786,0.748,-0.453,-0.74,0.788,0.763,0.707,0.161,0.828,0.918,0.955,-0.544,0.712,-0.376,0.943,0.794,0.896,0.929,0.819,0.889,0.204,0.961,0.805,0.678,0.825,-0.798,0.845,-0.093,0.829,0.877,0.697,0.237,0.851,0.703,0.745,0.318,0.567,0.779,0.624,0.061,0.712,0.847,0.894,0.886,0.13,0.806,0.444,-0.226,-0.071,-0.396,0.846,-0.191,0.607,0.701,-0.21,0.779,0.443,0.94,0.67,0.146,0.636,0.159,-0.494,0.347,-0.53,0.864,0.727,-0.438,0.885,-0.581,0.751,-0.464,0.838,0.744,-0.455,0.769,0.839,0.741,-0.336,0.726,0.76,0.844,0.326,0.417,0.859,0.726,-0.195,0.473,0.78,0.735,0.102,-0.498,0.016,0.392,0.033,0.935,0.835,0.871,0.701,0.873,0.413,0.887,0.612,-0.097,0.661,-0.673,-0.25,0.26,0.928,0.94,0.809,0.821,0.786,0.964,0.026,0.831,0.73,0.52,0.88,0.651,0.88,0.772,0.597,0.907,-0.011,0.731,0.841
000725SZ,0.656,0.936,0.857,0.807,0.577,0.683,0.519,0.623,0.756,0.949,0.396,0.904,0.339,0.849,1.0,0.895,0.779,0.891,0.595,0.891,0.778,0.9,0.894,0.755,-0.151,0.472,0.06,0.926,0.636,0.883,0.723,0.489,0.894,0.943,0.032,0.636,-0.136,0.892,0.419,0.456,0.287,0.741,0.681,0.791,-0.503,0.88,-0.141,0.815,0.461,0.353,0.862,0.866,0.809,-0.524,0.942,0.76,0.419,0.804,0.582,0.565,-0.043,0.433,0.452,0.579,0.842,0.806,0.522,0.731,0.917,0.865,-0.248,0.017,0.855,-0.422,0.948,0.808,0.795,0.811,0.075,0.902,0.707,0.762,0.808,0.463,0.912,-0.409,-0.521,0.837,0.606,0.925,0.834,0.867,-0.431,-0.723,0.898,0.881,0.908,-0.051,0.904,0.685,0.871,-0.82,0.713,-0.495,0.783,0.807,0.825,0.736,0.871,0.878,0.039,0.87,0.571,0.374,0.909,-0.772,0.837,-0.322,0.896,0.649,0.856,0.554,0.817,0.435,0.917,-0.038,0.248,0.83,0.674,-0.351,0.702,0.875,0.794,0.719,0.076,0.57,0.361,-0.044,-0.324,-0.601,0.819,-0.286,0.443,0.531,-0.035,0.472,0.243,0.832,0.762,0.354,0.452,0.487,-0.342,-0.084,-0.272,0.928,0.751,-0.278,0.804,-0.775,0.664,-0.329,0.845,0.923,-0.774,0.73,0.745,0.479,-0.163,0.799,0.566,0.817,-0.074,0.004,0.637,0.897,-0.3,0.094,0.793,0.802,0.117,-0.565,0.111,0.647,0.016,0.833,0.933,0.887,0.53,0.789,0.713,0.857,0.785,0.251,0.679,-0.619,-0.164,-0.062,0.808,0.82,0.546,0.685,0.584,0.895,-0.253,0.642,0.803,0.567,0.867,0.844,0.699,0.54,0.231,0.924,-0.321,0.822,0.558
000768SZ,0.536,0.902,0.927,0.843,0.513,0.63,0.497,0.562,0.73,0.943,0.32,0.779,0.295,0.758,0.895,1.0,0.816,0.862,0.537,0.91,0.735,0.892,0.802,0.757,-0.117,0.386,0.113,0.903,0.686,0.887,0.859,0.506,0.818,0.958,-0.003,0.599,-0.201,0.897,0.443,0.596,0.284,0.706,0.719,0.75,-0.448,0.833,-0.105,0.764,0.384,0.374,0.869,0.892,0.774,-0.418,0.905,0.705,0.493,0.766,0.505,0.578,0.092,0.544,0.451,0.683,0.892,0.764,0.473,0.829,0.916,0.854,-0.115,0.022,0.795,-0.418,0.908,0.737,0.754,0.827,0.087,0.901,0.721,0.83,0.743,0.63,0.815,-0.466,-0.54,0.726,0.597,0.805,0.745,0.748,-0.404,-0.618,0.842,0.83,0.89,-0.194,0.903,0.608,0.836,-0.812,0.849,-0.372,0.793,0.906,0.764,0.727,0.907,0.732,0.183,0.832,0.572,0.354,0.922,-0.683,0.8,-0.182,0.885,0.583,0.874,0.569,0.784,0.483,0.846,-0.02,0.211,0.753,0.692,-0.371,0.861,0.791,0.748,0.705,0.009,0.56,0.283,0.057,-0.366,-0.539,0.775,-0.211,0.369,0.574,-0.084,0.5,0.097,0.788,0.643,0.279,0.341,0.42,-0.151,-0.109,-0.219,0.886,0.754,-0.269,0.79,-0.704,0.553,-0.336,0.865,0.895,-0.718,0.629,0.706,0.369,-0.196,0.7,0.449,0.873,-0.048,-0.013,0.594,0.856,-0.212,-0.024,0.77,0.815,0.104,-0.525,0.108,0.63,-0.166,0.716,0.92,0.879,0.58,0.81,0.738,0.856,0.697,0.222,0.572,-0.588,-0.138,0.053,0.733,0.806,0.544,0.636,0.536,0.842,-0.087,0.719,0.799,0.562,0.912,0.884,0.659,0.521,0.227,0.881,-0.228,0.758,0.481
000776SZ,0.746,0.83,0.896,0.987,0.564,0.826,0.869,0.912,0.964,0.88,0.557,0.799,0.698,0.854,0.779,0.816,1.0,0.686,0.788,0.883,0.957,0.931,0.879,0.87,0.319,0.769,-0.181,0.774,0.905,0.855,0.729,0.758,0.655,0.77,0.376,0.816,0.079,0.91,0.846,0.849,0.627,0.875,0.561,0.527,-0.098,0.755,0.216,0.478,0.735,0.642,0.726,0.816,0.503,-0.064,0.807,0.833,0.721,0.448,0.534,0.795,0.527,0.858,0.761,0.85,0.695,0.736,0.708,0.825,0.816,0.802,0.264,0.36,0.771,-0.019,0.855,0.737,0.835,0.926,0.477,0.872,0.9,0.943,0.601,0.775,0.816,-0.294,-0.25,0.723,0.637,0.773,0.65,0.601,-0.176,-0.502,0.699,0.776,0.73,0.134,0.897,0.862,0.869,-0.502,0.855,-0.106,0.937,0.858,0.81,0.876,0.915,0.775,0.376,0.91,0.886,0.76,0.791,-0.6,0.765,0.143,0.791,0.88,0.629,0.147,0.958,0.806,0.738,0.378,0.698,0.716,0.585,0.089,0.861,0.685,0.959,0.824,-0.025,0.899,0.579,-0.027,0.047,-0.178,0.707,-0.027,0.365,0.917,-0.23,0.746,0.406,0.824,0.708,0.167,0.635,0.038,-0.206,0.304,-0.342,0.897,0.895,-0.245,0.977,-0.436,0.724,-0.338,0.907,0.766,-0.401,0.747,0.944,0.651,-0.162,0.775,0.744,0.984,0.347,0.399,0.851,0.737,0.159,0.237,0.858,0.789,0.33,-0.351,0.289,0.401,-0.255,0.761,0.819,0.934,0.9,0.982,0.385,0.971,0.444,0.004,0.487,-0.524,-0.011,0.393,0.904,0.933,0.761,0.931,0.895,0.878,0.213,0.9,0.683,0.647,0.924,0.652,0.839,0.834,0.56,0.875,0.136,0.574,0.776
000786SZ,0.533,0.952,0.846,0.743,0.503,0.539,0.375,0.486,0.659,0.912,0.111,0.809,0.132,0.675,0.891,0.862,0.686,1.0,0.362,0.886,0.716,0.844,0.803,0.532,-0.326,0.255,0.319,0.943,0.459,0.892,0.796,0.283,0.799,0.897,-0.176,0.383,-0.397,0.866,0.278,0.391,0.017,0.528,0.711,0.751,-0.68,0.79,-0.348,0.833,0.251,0.122,0.869,0.885,0.876,-0.663,0.947,0.54,0.226,0.83,0.561,0.339,-0.169,0.317,0.224,0.454,0.858,0.738,0.261,0.648,0.919,0.728,-0.418,-0.241,0.684,-0.644,0.928,0.731,0.583,0.672,-0.133,0.805,0.555,0.636,0.889,0.412,0.817,-0.452,-0.63,0.773,0.618,0.829,0.821,0.856,-0.328,-0.66,0.9,0.888,0.964,-0.23,0.878,0.469,0.747,-0.888,0.732,-0.522,0.619,0.718,0.761,0.583,0.867,0.775,-0.002,0.713,0.391,0.179,0.911,-0.687,0.821,-0.44,0.912,0.489,0.848,0.746,0.761,0.203,0.946,-0.31,0.034,0.72,0.79,-0.581,0.588,0.832,0.683,0.573,0.137,0.41,0.208,0.137,-0.498,-0.692,0.661,-0.247,0.306,0.424,0.104,0.32,0.123,0.665,0.752,0.419,0.286,0.673,-0.22,-0.338,-0.113,0.897,0.69,-0.223,0.682,-0.817,0.549,-0.225,0.817,0.97,-0.856,0.639,0.629,0.191,-0.072,0.807,0.373,0.748,-0.312,-0.28,0.489,0.947,-0.35,-0.157,0.725,0.818,0.056,-0.58,0.123,0.821,-0.082,0.725,0.859,0.819,0.407,0.692,0.862,0.767,0.852,0.384,0.695,-0.543,-0.08,-0.294,0.683,0.666,0.271,0.56,0.468,0.735,-0.411,0.492,0.691,0.581,0.745,0.921,0.441,0.315,-0.053,0.853,-0.463,0.774,0.274
000800SZ,0.719,0.541,0.587,0.743,0.492,0.867,0.872,0.819,0.766,0.613,0.881,0.644,0.897,0.872,0.595,0.537,0.788,0.362,1.0,0.607,0.755,0.756,0.766,0.846,0.463,0.883,-0.544,0.537,0.907,0.599,0.413,0.902,0.549,0.538,0.519,0.898,0.375,0.642,0.765,0.635,0.828,0.89,0.245,0.287,0.275,0.61,0.598,0.26,0.865,0.603,0.537,0.634,0.236,0.136,0.566,0.836,0.844,0.134,0.582,0.866,0.472,0.734,0.846,0.739,0.431,0.629,0.807,0.652,0.591,0.662,0.309,0.509,0.701,0.395,0.64,0.665,0.813,0.791,0.735,0.709,0.846,0.784,0.365,0.576,0.762,-0.105,0.045,0.655,0.479,0.715,0.524,0.441,-0.312,-0.528,0.476,0.523,0.394,0.359,0.616,0.899,0.786,-0.174,0.587,-0.108,0.899,0.626,0.786,0.907,0.649,0.701,0.292,0.826,0.844,0.853,0.567,-0.653,0.676,0.194,0.606,0.914,0.373,-0.094,0.733,0.847,0.452,0.555,0.758,0.559,0.403,0.404,0.644,0.631,0.799,0.886,0.13,0.831,0.436,-0.244,0.19,-0.143,0.648,0.055,0.482,0.772,-0.279,0.855,0.564,0.797,0.488,-0.011,0.74,-0.204,-0.463,0.693,-0.601,0.641,0.606,-0.479,0.808,-0.245,0.734,-0.485,0.668,0.458,-0.106,0.687,0.774,0.842,-0.346,0.545,0.821,0.746,0.643,0.659,0.914,0.461,-0.017,0.636,0.672,0.601,0.149,-0.248,-0.045,0.103,0.017,0.784,0.607,0.682,0.76,0.794,0.067,0.752,0.285,-0.376,0.498,-0.521,-0.235,0.525,0.842,0.861,0.899,0.782,0.801,0.827,0.347,0.866,0.494,0.337,0.756,0.359,0.846,0.898,0.764,0.727,0.286,0.456,0.916
000807SZ,0.575,0.944,0.95,0.908,0.576,0.702,0.642,0.73,0.868,0.957,0.342,0.853,0.396,0.83,0.891,0.91,0.883,0.886,0.607,1.0,0.874,0.956,0.912,0.793,-0.029,0.546,0.092,0.942,0.739,0.918,0.823,0.584,0.825,0.928,0.112,0.645,-0.183,0.959,0.563,0.664,0.383,0.768,0.756,0.728,-0.417,0.843,-0.049,0.724,0.494,0.44,0.86,0.906,0.745,-0.377,0.958,0.758,0.511,0.699,0.51,0.644,0.169,0.594,0.555,0.733,0.84,0.811,0.552,0.83,0.946,0.804,-0.072,0.115,0.803,-0.368,0.962,0.805,0.805,0.894,0.155,0.936,0.799,0.857,0.741,0.668,0.861,-0.518,-0.564,0.74,0.591,0.849,0.765,0.764,-0.377,-0.657,0.872,0.855,0.913,-0.16,0.924,0.722,0.896,-0.794,0.877,-0.37,0.842,0.877,0.802,0.786,0.954,0.817,0.231,0.887,0.685,0.476,0.922,-0.722,0.826,-0.161,0.908,0.704,0.829,0.47,0.891,0.552,0.866,0.077,0.37,0.741,0.732,-0.3,0.807,0.798,0.87,0.727,-0.038,0.711,0.343,0.001,-0.326,-0.494,0.777,-0.218,0.357,0.686,-0.175,0.62,0.159,0.841,0.708,0.196,0.393,0.347,-0.252,-0.065,-0.323,0.936,0.774,-0.322,0.877,-0.673,0.589,-0.395,0.948,0.902,-0.683,0.654,0.811,0.433,-0.25,0.772,0.527,0.902,0.046,0.095,0.673,0.868,-0.11,0.028,0.79,0.814,0.1,-0.6,0.129,0.603,-0.219,0.797,0.916,0.953,0.658,0.899,0.662,0.935,0.678,0.142,0.578,-0.665,-0.155,0.09,0.844,0.881,0.58,0.795,0.723,0.882,-0.088,0.771,0.788,0.693,0.915,0.851,0.723,0.592,0.316,0.924,-0.177,0.707,0.588
000858SZ,0.781,0.84,0.853,0.947,0.612,0.822,0.87,0.937,0.974,0.856,0.522,0.846,0.69,0.855,0.778,0.735,0.957,0.716,0.755,0.874,1.0,0.912,0.914,0.799,0.267,0.784,-0.135,0.787,0.835,0.851,0.685,0.693,0.642,0.729,0.359,0.774,0.073,0.891,0.817,0.782,0.563,0.839,0.545,0.501,-0.161,0.742,0.149,0.498,0.721,0.579,0.724,0.813,0.537,-0.145,0.823,0.794,0.63,0.456,0.569,0.723,0.432,0.772,0.71,0.759,0.653,0.746,0.656,0.749,0.809,0.747,0.153,0.3,0.747,-0.064,0.865,0.757,0.792,0.872,0.43,0.838,0.864,0.86,0.648,0.675,0.838,-0.288,-0.28,0.765,0.649,0.803,0.678,0.653,-0.137,-0.535,0.727,0.808,0.743,0.17,0.881,0.854,0.853,-0.502,0.791,-0.167,0.888,0.781,0.826,0.85,0.894,0.817,0.317,0.893,0.851,0.723,0.786,-0.608,0.774,0.046,0.798,0.88,0.586,0.183,0.979,0.727,0.778,0.315,0.688,0.721,0.609,0.053,0.737,0.716,0.977,0.785,0.043,0.889,0.576,-0.045,0.042,-0.213,0.673,-0.042,0.38,0.875,-0.178,0.711,0.468,0.799,0.764,0.209,0.655,0.113,-0.281,0.263,-0.331,0.91,0.872,-0.238,0.957,-0.462,0.753,-0.3,0.888,0.784,-0.428,0.774,0.946,0.64,-0.117,0.838,0.763,0.937,0.281,0.34,0.843,0.753,0.128,0.218,0.853,0.776,0.325,-0.381,0.303,0.45,-0.221,0.799,0.784,0.921,0.843,0.956,0.397,0.942,0.513,0.057,0.545,-0.515,0.007,0.274,0.927,0.898,0.68,0.945,0.925,0.856,0.091,0.82,0.623,0.652,0.851,0.641,0.781,0.774,0.492,0.87,0.062,0.576,0.739
000876SZ,0.722,0.937,0.939,0.945,0.586,0.811,0.752,0.8,0.904,0.956,0.512,0.881,0.564,0.909,0.9,0.892,0.931,0.844,0.756,0.956,0.912,1.0,0.944,0.843,0.091,0.662,-0.058,0.922,0.836,0.918,0.786,0.701,0.815,0.903,0.164,0.739,-0.08,0.958,0.655,0.699,0.495,0.845,0.671,0.67,-0.287,0.852,0.092,0.671,0.644,0.467,0.857,0.925,0.69,-0.304,0.94,0.821,0.63,0.624,0.595,0.732,0.246,0.676,0.661,0.772,0.805,0.81,0.62,0.831,0.933,0.865,-0.019,0.153,0.846,-0.217,0.969,0.818,0.845,0.92,0.305,0.946,0.858,0.902,0.751,0.68,0.911,-0.374,-0.401,0.814,0.665,0.892,0.778,0.769,-0.361,-0.667,0.841,0.866,0.873,-0.023,0.938,0.822,0.927,-0.707,0.868,-0.333,0.921,0.874,0.888,0.884,0.959,0.874,0.238,0.941,0.776,0.608,0.912,-0.755,0.87,-0.108,0.92,0.824,0.779,0.382,0.929,0.653,0.869,0.152,0.481,0.788,0.705,-0.144,0.815,0.835,0.911,0.835,0.029,0.772,0.422,-0.014,-0.208,-0.448,0.797,-0.128,0.431,0.757,-0.15,0.701,0.308,0.873,0.763,0.256,0.56,0.264,-0.291,0.134,-0.368,0.951,0.827,-0.332,0.924,-0.655,0.721,-0.393,0.942,0.884,-0.61,0.764,0.866,0.566,-0.225,0.815,0.669,0.944,0.172,0.211,0.805,0.864,-0.136,0.204,0.859,0.865,0.167,-0.498,0.128,0.568,-0.162,0.863,0.927,0.946,0.728,0.942,0.589,0.959,0.651,0.074,0.623,-0.624,-0.117,0.181,0.906,0.938,0.682,0.845,0.779,0.935,-0.016,0.847,0.775,0.655,0.937,0.807,0.789,0.721,0.42,0.957,-0.125,0.722,0.699
000895SZ,0.712,0.89,0.85,0.879,0.685,0.806,0.752,0.808,0.887,0.902,0.532,0.921,0.591,0.94,0.894,0.802,0.879,0.803,0.766,0.912,0.914,0.944,1.0,0.825,0.111,0.725,-0.068,0.89,0.807,0.872,0.706,0.65,0.843,0.851,0.257,0.761,0.052,0.906,0.613,0.603,0.497,0.844,0.654,0.689,-0.245,0.862,0.122,0.703,0.664,0.507,0.822,0.876,0.68,-0.321,0.92,0.852,0.564,0.626,0.606,0.713,0.189,0.6,0.683,0.687,0.756,0.853,0.674,0.802,0.891,0.811,-0.049,0.233,0.864,-0.165,0.944,0.868,0.859,0.893,0.332,0.926,0.859,0.832,0.696,0.55,0.937,-0.388,-0.432,0.819,0.589,0.912,0.797,0.818,-0.379,-0.711,0.847,0.822,0.827,0.044,0.887,0.836,0.941,-0.644,0.75,-0.39,0.908,0.804,0.88,0.897,0.876,0.881,0.238,0.932,0.775,0.591,0.872,-0.769,0.844,-0.142,0.877,0.817,0.754,0.364,0.897,0.627,0.835,0.2,0.501,0.791,0.685,-0.101,0.686,0.845,0.908,0.837,0.098,0.779,0.424,-0.119,-0.173,-0.436,0.837,-0.211,0.509,0.7,-0.163,0.699,0.353,0.883,0.725,0.206,0.549,0.286,-0.435,0.165,-0.429,0.924,0.757,-0.373,0.896,-0.628,0.696,-0.42,0.883,0.838,-0.546,0.735,0.843,0.616,-0.258,0.789,0.679,0.876,0.152,0.257,0.805,0.802,-0.13,0.299,0.792,0.775,0.111,-0.545,0.125,0.512,-0.025,0.908,0.878,0.929,0.693,0.899,0.528,0.918,0.676,0.047,0.669,-0.668,-0.187,0.134,0.918,0.923,0.704,0.834,0.815,0.933,-0.069,0.78,0.757,0.644,0.884,0.733,0.801,0.671,0.445,0.927,-0.094,0.737,0.728
000938SZ,0.568,0.69,0.777,0.837,0.608,0.751,0.774,0.789,0.845,0.785,0.71,0.76,0.687,0.892,0.755,0.757,0.87,0.532,0.846,0.793,0.799,0.843,0.825,1.0,0.308,0.783,-0.385,0.691,0.901,0.707,0.635,0.857,0.749,0.762,0.485,0.905,0.278,0.8,0.711,0.721,0.794,0.952,0.509,0.578,0.062,0.793,0.401,0.494,0.714,0.73,0.684,0.693,0.42,0.029,0.727,0.953,0.785,0.431,0.401,0.925,0.454,0.741,0.847,0.837,0.644,0.773,0.881,0.828,0.75,0.771,0.294,0.563,0.853,0.144,0.761,0.778,0.964,0.946,0.578,0.878,0.911,0.909,0.398,0.694,0.792,-0.426,-0.307,0.61,0.38,0.77,0.6,0.529,-0.476,-0.611,0.65,0.607,0.596,0.081,0.737,0.891,0.901,-0.445,0.738,-0.217,0.932,0.835,0.728,0.877,0.756,0.729,0.316,0.92,0.846,0.722,0.695,-0.701,0.67,0.133,0.672,0.812,0.645,0.034,0.787,0.851,0.569,0.558,0.664,0.67,0.443,0.177,0.834,0.664,0.86,0.827,-0.132,0.856,0.436,-0.31,-0.006,-0.196,0.837,-0.227,0.503,0.764,-0.467,0.83,0.282,0.939,0.472,-0.104,0.507,-0.092,-0.397,0.411,-0.606,0.754,0.658,-0.449,0.879,-0.369,0.578,-0.583,0.776,0.597,-0.315,0.585,0.801,0.762,-0.465,0.535,0.669,0.835,0.503,0.573,0.776,0.562,0.025,0.443,0.673,0.593,0.072,-0.49,0.007,0.147,-0.154,0.761,0.79,0.856,0.768,0.879,0.233,0.875,0.357,-0.248,0.409,-0.707,-0.315,0.519,0.861,0.945,0.896,0.82,0.797,0.922,0.333,0.901,0.759,0.57,0.92,0.505,0.971,0.819,0.776,0.806,0.22,0.602,0.902
000963SZ,0.302,-0.132,0.056,0.254,-0.027,0.36,0.623,0.496,0.354,-0.09,0.421,-0.043,0.679,0.182,-0.151,-0.117,0.319,-0.326,0.463,-0.029,0.267,0.091,0.111,0.308,1.0,0.584,-0.515,-0.231,0.521,-0.09,-0.12,0.525,-0.197,-0.199,0.555,0.389,0.54,0.039,0.632,0.503,0.65,0.301,0.005,-0.252,0.712,-0.103,0.68,-0.424,0.519,0.632,-0.284,-0.131,-0.508,0.775,-0.176,0.248,0.555,-0.47,0.027,0.472,0.847,0.622,0.593,0.468,-0.322,-0.101,0.408,0.245,-0.164,0.141,0.853,0.642,0.029,0.764,-0.083,-0.088,0.216,0.288,0.627,0.031,0.393,0.323,-0.276,0.386,-0.008,0.384,0.522,-0.063,0.141,-0.105,-0.2,-0.329,0.342,0.378,-0.316,-0.196,-0.255,0.337,-0.007,0.395,0.083,0.469,0.091,0.689,0.323,0.132,0.07,0.384,0.023,-0.072,0.736,0.18,0.638,0.681,-0.192,0.189,-0.074,0.875,-0.148,0.455,-0.307,-0.677,0.205,0.687,-0.204,0.757,0.77,0.027,-0.189,0.763,0.239,-0.18,0.251,0.346,-0.174,0.55,0.466,0.089,0.66,0.677,0.004,0.483,-0.028,0.574,-0.233,0.514,0.298,0.099,0.025,-0.138,0.425,-0.657,0.177,0.695,-0.098,-0.042,0.227,0.156,0.307,0.479,0.2,0.033,0.088,-0.25,0.65,0.143,0.348,0.379,0.024,0.008,0.39,0.209,0.737,0.776,0.488,-0.241,0.581,0.563,0.094,-0.068,0.395,0.428,0.232,-0.4,-0.125,-0.032,-0.065,0.049,0.538,0.306,-0.538,0.22,-0.519,-0.35,-0.189,0.19,0.31,0.819,0.271,0.266,0.563,0.408,0.535,0.08,0.719,0.41,0.01,0.218,0.129,-0.339,0.404,0.567,0.648,-0.027,0.755,-0.301,0.522
000999SZ,0.684,0.449,0.514,0.705,0.586,0.759,0.912,0.892,0.812,0.512,0.763,0.649,0.903,0.794,0.472,0.386,0.769,0.255,0.883,0.546,0.784,0.662,0.725,0.783,0.584,1.0,-0.561,0.431,0.839,0.513,0.322,0.82,0.425,0.394,0.665,0.865,0.52,0.587,0.855,0.659,0.84,0.844,0.198,0.198,0.338,0.543,0.559,0.16,0.903,0.691,0.404,0.494,0.134,0.212,0.461,0.813,0.731,0.061,0.429,0.813,0.608,0.73,0.884,0.66,0.315,0.596,0.833,0.548,0.49,0.516,0.418,0.635,0.644,0.444,0.534,0.625,0.78,0.729,0.748,0.616,0.83,0.703,0.226,0.555,0.646,-0.116,0.048,0.552,0.356,0.593,0.441,0.377,-0.148,-0.43,0.413,0.443,0.301,0.451,0.532,0.918,0.724,-0.05,0.496,-0.024,0.834,0.52,0.669,0.83,0.564,0.665,0.327,0.774,0.906,0.902,0.434,-0.49,0.526,0.272,0.469,0.905,0.26,-0.286,0.734,0.847,0.37,0.677,0.884,0.511,0.292,0.547,0.555,0.486,0.821,0.741,0.035,0.909,0.605,-0.334,0.384,0.082,0.56,-0.016,0.493,0.812,-0.385,0.801,0.587,0.727,0.449,-0.095,0.71,-0.327,-0.449,0.711,-0.582,0.581,0.594,-0.361,0.797,-0.123,0.662,-0.417,0.606,0.352,0.023,0.612,0.802,0.844,-0.313,0.503,0.824,0.693,0.665,0.769,0.851,0.34,0.217,0.595,0.607,0.465,0.247,-0.242,0.149,-0.019,-0.1,0.69,0.479,0.665,0.806,0.783,-0.099,0.723,0.152,-0.359,0.348,-0.483,-0.154,0.561,0.816,0.804,0.847,0.854,0.883,0.731,0.368,0.794,0.409,0.442,0.655,0.194,0.826,0.852,0.811,0.62,0.384,0.352,0.912
001965SZ,-0.215,0.147,0.107,-0.079,-0.092,-0.287,-0.418,-0.319,-0.161,0.045,-0.613,-0.063,-0.63,-0.268,0.06,0.113,-0.181,0.319,-0.544,0.092,-0.135,-0.058,-0.068,-0.385,-0.515,-0.561,1.0,0.2,-0.375,0.077,0.188,-0.597,0.02,0.137,-0.601,-0.528,-0.633,-0.003,-0.437,-0.124,-0.675,-0.393,0.38,0.257,-0.635,-0.026,-0.681,0.318,-0.536,-0.404,0.156,0.098,0.345,-0.486,0.151,-0.412,-0.518,0.392,-0.067,-0.518,-0.467,-0.329,-0.507,-0.175,0.159,-0.109,-0.579,-0.042,0.08,-0.07,-0.411,-0.605,-0.189,-0.732,0.087,-0.119,-0.331,-0.215,-0.691,-0.041,-0.319,-0.252,0.27,-0.163,-0.115,-0.065,-0.37,-0.034,0.167,-0.072,0.067,0.216,0.175,0.155,0.166,0.161,0.294,-0.464,0.115,-0.451,-0.157,-0.383,0.013,-0.086,-0.313,0.024,-0.16,-0.297,0.031,-0.174,-0.047,-0.21,-0.395,-0.622,0.189,0.283,-0.006,-0.368,0.138,-0.454,0.241,0.599,-0.098,-0.564,0.223,-0.652,-0.57,-0.007,0.309,-0.668,-0.127,-0.027,-0.208,-0.315,0.099,-0.35,-0.246,0.515,-0.377,-0.219,-0.103,0.003,-0.219,-0.339,0.435,-0.44,-0.404,-0.267,0.114,0.419,-0.375,0.679,0.479,-0.764,0.62,0.058,0.001,0.401,-0.23,-0.275,-0.23,0.443,0.005,0.244,-0.378,-0.125,-0.217,-0.547,0.477,0.103,-0.447,-0.084,-0.766,-0.767,-0.381,0.219,-0.053,-0.545,-0.052,0.081,0.058,-0.001,0.284,0.488,-0.035,-0.15,0.064,-0.036,-0.35,-0.162,0.563,-0.097,0.34,0.73,0.02,0.224,0.321,-0.555,-0.267,-0.294,-0.556,-0.251,-0.285,-0.247,-0.533,-0.399,0.026,0.018,-0.152,0.385,-0.446,-0.539,-0.691,-0.063,-0.532,0.053,-0.615
002001SZ,0.586,0.95,0.898,0.815,0.626,0.625,0.493,0.586,0.756,0.946,0.32,0.881,0.279,0.813,0.926,0.903,0.774,0.943,0.537,0.942,0.787,0.922,0.89,0.691,-0.231,0.431,0.2,1.0,0.615,0.921,0.834,0.453,0.869,0.948,-0.039,0.56,-0.228,0.918,0.383,0.498,0.209,0.703,0.715,0.76,-0.542,0.891,-0.183,0.852,0.421,0.263,0.931,0.939,0.881,-0.595,0.981,0.7,0.367,0.82,0.564,0.506,-0.07,0.409,0.428,0.571,0.902,0.842,0.449,0.749,0.963,0.793,-0.318,-0.077,0.827,-0.498,0.968,0.842,0.742,0.788,0.044,0.915,0.694,0.734,0.83,0.483,0.887,-0.491,-0.609,0.812,0.601,0.894,0.856,0.893,-0.447,-0.76,0.951,0.912,0.948,-0.154,0.914,0.647,0.872,-0.862,0.798,-0.557,0.767,0.82,0.825,0.735,0.91,0.849,0.048,0.843,0.548,0.315,0.963,-0.75,0.865,-0.407,0.954,0.61,0.882,0.636,0.817,0.367,0.923,-0.133,0.17,0.797,0.781,-0.432,0.686,0.877,0.79,0.684,0.134,0.565,0.275,-0.013,-0.419,-0.645,0.788,-0.295,0.466,0.5,-0.024,0.489,0.179,0.8,0.728,0.331,0.378,0.547,-0.301,-0.155,-0.263,0.935,0.72,-0.312,0.765,-0.823,0.614,-0.332,0.866,0.945,-0.798,0.689,0.699,0.387,-0.198,0.79,0.494,0.832,-0.152,-0.08,0.596,0.927,-0.329,0.014,0.793,0.844,0.043,-0.634,0.107,0.714,-0.099,0.836,0.925,0.897,0.508,0.795,0.781,0.838,0.846,0.275,0.677,-0.648,-0.178,-0.141,0.771,0.802,0.45,0.658,0.573,0.865,-0.302,0.64,0.777,0.601,0.851,0.91,0.612,0.451,0.16,0.913,-0.389,0.838,0.463
