,000001SZ,000002SZ,000157SZ,000166SZ,000333SZ,000338SZ,000538SZ,000568SZ,000596SZ,000617SZ,000625SZ,000651SZ,000661SZ,000708SZ,000725SZ,000768SZ,000776SZ,000786SZ,000800SZ,000807SZ,000858SZ,000876SZ,000895SZ,000938SZ,000963SZ,000999SZ,001965SZ,002001SZ,002007SZ,002027SZ,002028SZ,002050SZ,002129SZ,002179SZ,002230SZ,002236SZ,002241SZ,002271SZ,002304SZ,002311SZ,002371SZ,002415SZ,002422SZ,002459SZ,002460SZ,002463SZ,002466SZ,002475SZ,002493SZ,002555SZ,002594SZ,002601SZ,002648SZ,002709SZ,002714SZ,002916SZ,002920SZ,002938SZ,003816SZ,300014SZ,300033SZ,300059SZ,300122SZ,300124SZ,300274SZ,300308SZ,300316SZ,300347SZ,300394SZ,300408SZ,300413SZ,300418SZ,300433SZ,300450SZ,300498SZ,300502SZ,300628SZ,300661SZ,300750SZ,300759SZ,300760SZ,300782SZ,600000SS,600010SS,600011SS,600015SS,600016SS,600018SS,600019SS,600023SS,600025SS,600026SS,600028SS,600029SS,600031SS,600036SS,600048SS,600050SS,600061SS,600085SS,600089SS,600104SS,600111SS,600115SS,600161SS,600183SS,600188SS,600196SS,600219SS,600233SS,600276SS,600309SS,600332SS,600346SS,600362SS,600377SS,600406SS,600415SS,600426SS,600436SS,600438SS,600489SS,600519SS,600570SS,600585SS,600588SS,600600SS,600660SS,600674SS,600741SS,600760SS,600795SS,600809SS,600875SS,600886SS,600887SS,600926SS,600989SS,601006SS,601009SS,601012SS,601021SS,601058SS,601066SS,601088SS,601100SS,601117SS,601138SS,601166SS,601169SS,601186SS,601225SS,601229SS,601238SS,601288SS,601318SS,601319SS,601328SS,601336SS,601360SS,601390SS,601398SS,601600SS,601601SS,601607SS,601618SS,601628SS,601633SS,601658SS,601668SS,601669SS,601688SS,601689SS,601698SS,601699SS,601766SS,601788SS,601799SS,601800SS,601808SS,601816SS,601818SS,601838SS,601857SS,601865SS,601872SS,601877SS,601878SS,601881SS,601888SS,601899SS,601901SS,601919SS,601939SS,601985SS,601988SS,601998SS,603019SS,603195SS,603259SS,603260SS,603288SS,603369SS,603501SS,603659SS,603799SS,603806SS,603833SS,603986SS,603993SS,688008SS,688009SS,688012SS,688036SS,688111SS,688169SS,688396SS
000001SZ,1.0,0.681,0.076,0.576,-0.083,0.478,0.563,0.849,0.754,0.655,0.423,0.379,0.811,0.407,0.664,0.428,0.834,0.008,0.479,0.534,0.893,0.732,0.363,0.422,0.21,-0.003,-0.292,-0.175,0.529,0.415,-0.134,-0.026,0.929,0.363,0.251,0.55,-0.063,0.162,0.821,0.439,-0.003,0.645,-0.334,0.568,0.815,0.072,0.606,-0.205,0.65,0.152,0.89,0.625,0.43,0.688,0.486,0.631,0.313,0.36,-0.464,0.888,0.396,0.595,0.509,0.341,0.23,0.095,0.396,0.842,-0.005,0.368,0.228,0.264,0.384,0.858,0.541,0.239,0.657,0.074,0.848,0.239,0.118,-0.169,0.584,0.73,-0.046,-0.054,0.153,-0.519,0.1,0.193,-0.513,-0.215,0.137,0.658,0.388,0.758,0.215,0.26,0.566,0.06,0.507,0.702,0.8,0.665,0.407,-0.382,-0.388,0.654,0.303,0.794,0.513,0.297,0.492,0.702,0.289,-0.371,0.156,0.424,0.66,0.804,0.466,0.629,0.6,0.63,0.488,0.346,0.597,-0.061,-0.118,0.534,0.315,-0.513,0.656,0.435,-0.324,0.794,0.779,0.03,0.199,0.208,0.381,0.578,-0.01,0.544,-0.18,0.557,0.787,0.332,0.115,0.428,0.744,-0.218,-0.131,0.682,-0.473,0.781,0.77,-0.433,0.572,0.47,0.525,-0.453,0.205,0.394,0.52,0.771,0.823,0.525,0.639,0.797,0.635,0.589,-0.085,0.541,-0.574,0.46,0.63,0.197,0.756,0.355,0.684,0.34,0.47,-0.024,0.455,-0.282,0.761,0.227,0.376,0.897,-0.128,0.282,-0.69,-0.277,-0.375,-0.309,0.215,0.445,0.135,0.494,0.507,0.623,0.819,-0.047,0.884,0.793,0.389,0.927,0.186,0.308,0.013,0.538,0.429,-0.112,0.191,0.142,0.466
000002SZ,0.681,1.0,-0.606,0.879,-0.724,0.346,0.459,0.783,0.837,0.697,0.899,0.728,0.605,-0.223,0.144,-0.086,0.696,-0.553,0.894,-0.141,0.604,0.74,-0.293,0.859,-0.056,-0.427,-0.44,-0.082,0.844,0.315,-0.611,0.413,0.569,-0.158,0.787,0.896,-0.545,0.646,0.889,-0.118,-0.589,0.43,-0.152,-0.151,0.307,0.032,0.037,-0.618,0.345,0.733,0.524,0.23,0.51,0.021,-0.075,0.691,0.618,-0.112,-0.777,0.445,0.645,0.912,0.776,-0.129,-0.494,0.434,-0.228,0.843,0.442,0.129,0.801,0.773,0.094,0.291,0.076,0.757,0.915,0.022,0.588,0.635,0.39,0.276,0.487,0.758,-0.429,0.305,0.624,-0.101,0.118,0.121,-0.781,-0.478,-0.489,0.877,-0.37,0.237,0.699,0.347,0.9,-0.519,-0.152,0.817,0.509,0.913,0.579,-0.373,-0.668,0.829,-0.326,0.476,0.782,-0.113,0.589,0.655,-0.404,-0.357,-0.552,0.807,0.724,0.597,-0.28,0.538,-0.068,0.886,-0.215,0.579,-0.012,-0.281,-0.647,0.829,0.003,-0.712,0.28,-0.233,-0.815,0.247,0.333,-0.52,0.181,-0.439,-0.348,0.578,-0.492,0.913,-0.716,0.05,0.388,0.705,-0.407,0.202,0.325,-0.806,-0.693,0.88,-0.806,0.203,0.835,-0.445,0.147,0.74,-0.095,-0.733,-0.519,-0.016,0.703,0.453,0.759,0.942,0.477,0.47,0.538,0.879,0.368,0.827,-0.473,-0.079,0.877,0.769,0.555,-0.218,0.843,-0.101,-0.149,-0.636,-0.276,-0.686,0.422,0.688,0.797,0.427,-0.768,0.79,-0.651,-0.715,-0.794,-0.704,-0.021,0.723,-0.137,0.881,-0.198,-0.049,0.74,0.298,0.69,0.231,-0.335,0.772,0.612,-0.423,0.464,0.308,0.669,-0.691,0.707,-0.365,0.853
000157SZ,0.076,-0.606,1.0,-0.59,0.881,0.148,-0.02,-0.124,-0.308,-0.238,-0.752,-0.659,0.07,0.75,0.501,0.548,-0.133,0.733,-0.662,0.724,0.125,-0.206,0.792,-0.722,0.206,0.653,0.434,0.065,-0.54,-0.069,0.617,-0.658,0.166,0.491,-0.798,-0.597,0.597,-0.793,-0.303,0.548,0.737,-0.03,-0.162,0.734,0.391,0.068,0.536,0.55,0.206,-0.807,0.199,0.279,-0.053,0.65,0.642,-0.294,-0.608,0.475,0.602,0.307,-0.529,-0.639,-0.518,0.41,0.844,-0.473,0.568,-0.284,-0.628,0.121,-0.804,-0.741,0.226,0.44,0.457,-0.763,-0.539,-0.073,0.138,-0.688,-0.396,-0.61,-0.023,-0.228,0.683,-0.303,-0.523,-0.293,0.071,0.085,0.584,0.496,0.83,-0.454,0.882,0.501,-0.772,-0.241,-0.639,0.774,0.742,-0.307,0.163,-0.503,-0.317,-0.012,0.555,-0.415,0.744,0.119,-0.563,0.423,-0.266,-0.147,0.848,0.198,0.906,-0.681,-0.302,0.039,0.82,0.025,0.729,-0.584,0.76,-0.47,0.634,0.342,0.73,-0.588,0.278,0.471,0.373,0.761,0.794,0.506,0.317,0.765,0.112,0.784,0.791,-0.117,0.581,-0.655,0.824,0.528,0.313,-0.651,0.582,0.178,0.343,0.873,0.801,-0.447,0.631,0.493,-0.324,0.219,0.356,-0.506,0.661,0.586,0.898,0.378,-0.334,0.219,-0.183,-0.719,0.04,0.203,-0.053,-0.576,-0.689,-0.533,0.083,0.62,-0.542,-0.873,0.048,0.705,-0.374,0.538,0.657,0.866,0.769,0.666,0.217,-0.706,-0.74,0.337,0.885,-0.82,0.175,0.677,0.692,0.707,0.325,-0.48,0.228,-0.67,0.776,0.711,-0.092,-0.5,0.006,0.502,0.802,-0.102,-0.72,0.896,-0.692,0.124,-0.471,0.799,-0.793,0.663,-0.646
000166SZ,0.576,0.879,-0.59,1.0,-0.63,0.48,0.598,0.671,0.821,0.79,0.873,0.87,0.625,-0.113,0.228,0.051,0.763,-0.479,0.899,-0.131,0.498,0.828,-0.145,0.908,0.013,-0.294,-0.292,-0.017,0.841,0.465,-0.373,0.441,0.506,-0.063,0.799,0.924,-0.412,0.48,0.77,0.035,-0.512,0.521,-0.075,-0.153,0.314,0.232,0.017,-0.554,0.486,0.693,0.512,0.408,0.552,0.062,0.046,0.77,0.719,-0.011,-0.606,0.438,0.757,0.872,0.879,0.009,-0.547,0.494,-0.204,0.717,0.579,0.208,0.81,0.742,0.246,0.278,0.21,0.794,0.882,-0.066,0.564,0.54,0.541,0.235,0.689,0.794,-0.235,0.416,0.623,-0.042,0.14,0.314,-0.649,-0.564,-0.317,0.92,-0.375,0.154,0.6,0.569,0.958,-0.341,-0.043,0.832,0.585,0.913,0.758,-0.286,-0.568,0.837,-0.186,0.583,0.868,-0.319,0.693,0.774,-0.305,-0.158,-0.492,0.907,0.83,0.652,-0.261,0.566,-0.141,0.899,-0.162,0.74,-0.033,-0.158,-0.437,0.919,0.169,-0.516,0.25,-0.112,-0.672,0.279,0.406,-0.411,0.388,-0.273,-0.364,0.761,-0.299,0.888,-0.578,0.041,0.43,0.739,-0.354,0.425,0.421,-0.718,-0.522,0.854,-0.646,0.23,0.892,-0.282,0.295,0.877,0.035,-0.581,-0.438,0.185,0.76,0.525,0.793,0.916,0.618,0.538,0.666,0.904,0.412,0.845,-0.381,0.099,0.939,0.79,0.61,-0.03,0.896,0.117,-0.065,-0.464,-0.229,-0.613,0.537,0.807,0.835,0.353,-0.756,0.838,-0.693,-0.501,-0.639,-0.613,0.182,0.773,0.082,0.816,-0.128,-0.012,0.761,0.2,0.674,0.265,-0.261,0.662,0.582,-0.376,0.493,0.536,0.626,-0.614,0.747,-0.419,0.829
000333SZ,-0.083,-0.724,0.881,-0.63,1.0,-0.038,-0.001,-0.392,-0.456,-0.361,-0.857,-0.59,-0.166,0.65,0.356,0.554,-0.162,0.776,-0.808,0.628,-0.125,-0.338,0.748,-0.737,0.379,0.643,0.349,0.155,-0.738,0.086,0.836,-0.482,-0.012,0.524,-0.764,-0.719,0.792,-0.719,-0.51,0.587,0.87,0.072,0.081,0.721,0.253,0.222,0.414,0.786,0.122,-0.881,0.041,0.316,-0.282,0.579,0.561,-0.317,-0.419,0.547,0.734,0.138,-0.476,-0.738,-0.55,0.628,0.856,-0.349,0.717,-0.465,-0.447,0.258,-0.887,-0.783,0.33,0.316,0.355,-0.758,-0.711,0.11,-0.044,-0.622,-0.264,-0.394,-0.011,-0.43,0.593,-0.436,-0.661,-0.244,-0.188,0.01,0.695,0.323,0.82,-0.621,0.842,0.375,-0.628,-0.046,-0.683,0.861,0.664,-0.519,0.027,-0.664,-0.32,0.3,0.586,-0.594,0.745,0.11,-0.538,0.34,-0.328,-0.285,0.809,0.212,0.902,-0.698,-0.398,-0.029,0.794,-0.27,0.607,-0.604,0.743,-0.352,0.606,0.476,0.887,-0.574,0.327,0.667,0.265,0.733,0.887,0.394,0.316,0.85,-0.019,0.873,0.826,-0.224,0.824,-0.804,0.826,0.349,0.117,-0.59,0.777,0.158,0.265,0.946,0.922,-0.646,0.785,0.463,-0.45,0.38,0.36,-0.525,0.655,0.713,0.899,0.469,-0.475,0.093,-0.294,-0.773,0.004,0.187,-0.111,-0.666,-0.463,-0.601,0.209,0.631,-0.627,-0.82,-0.006,0.631,-0.538,0.534,0.709,0.881,0.778,0.681,0.142,-0.611,-0.754,0.171,0.914,-0.837,0.307,0.846,0.849,0.725,0.348,-0.492,0.467,-0.781,0.697,0.632,-0.301,-0.37,-0.201,0.361,0.825,-0.261,-0.575,0.827,-0.5,0.15,-0.526,0.935,-0.69,0.612,-0.717
000338SZ,0.478,0.346,0.148,0.48,-0.038,1.0,0.748,0.518,0.466,0.731,0.328,0.35,0.764,0.543,0.624,0.448,0.56,0.226,0.518,0.344,0.505,0.778,0.431,0.34,0.02,0.439,0.373,0.114,0.528,0.382,0.142,-0.336,0.47,0.318,0.036,0.478,-0.024,-0.277,0.405,0.323,-0.171,0.27,-0.223,0.256,0.581,0.057,0.288,-0.368,0.656,0.21,0.631,0.691,0.777,0.498,0.525,0.35,0.041,0.393,0.058,0.635,0.36,0.345,0.558,0.141,-0.114,-0.064,-0.054,0.342,0.0,0.0,0.311,0.151,0.3,0.546,0.596,0.187,0.488,-0.436,0.597,-0.181,0.18,-0.525,0.625,0.746,0.563,0.436,0.301,-0.073,0.495,0.721,-0.126,-0.015,0.421,0.636,0.244,0.403,-0.198,0.175,0.461,0.339,0.6,0.716,0.769,0.591,0.641,-0.572,0.136,0.684,0.485,0.596,0.394,-0.341,0.751,0.808,0.399,0.362,0.191,0.487,0.756,0.56,0.257,0.77,0.205,0.347,0.347,0.333,0.215,0.342,0.074,0.514,0.394,-0.066,0.243,0.557,-0.032,0.479,0.434,0.2,0.823,0.302,0.112,0.843,0.007,0.403,0.261,0.653,0.792,0.025,-0.136,0.724,0.72,0.012,0.073,0.645,-0.09,0.382,0.697,0.053,0.653,0.461,0.564,-0.057,0.183,0.553,0.743,0.795,0.574,0.297,0.708,0.586,0.747,0.469,-0.345,0.491,-0.099,0.559,0.535,0.074,0.699,0.64,0.669,0.662,0.343,0.294,0.317,0.1,0.782,0.274,0.273,0.511,-0.154,0.25,-0.546,0.059,0.004,0.038,0.585,0.405,0.1,0.216,0.479,0.4,0.755,-0.59,0.662,0.622,0.252,0.502,-0.282,0.31,-0.146,0.69,0.022,-0.151,-0.045,-0.144,0.248
000538SZ,0.563,0.459,-0.02,0.598,-0.001,0.748,1.0,0.444,0.525,0.715,0.36,0.525,0.683,0.468,0.564,0.509,0.715,0.119,0.47,0.337,0.442,0.781,0.364,0.47,0.225,0.345,0.148,0.233,0.455,0.492,0.225,-0.106,0.527,0.351,0.233,0.502,0.044,-0.095,0.416,0.417,-0.064,0.448,-0.09,0.344,0.592,0.317,0.327,-0.196,0.628,0.167,0.667,0.75,0.597,0.52,0.451,0.486,0.358,0.441,-0.041,0.634,0.497,0.408,0.639,0.377,-0.068,0.224,0.196,0.403,0.301,0.277,0.297,0.224,0.391,0.56,0.527,0.333,0.469,-0.234,0.638,0.049,0.448,-0.25,0.754,0.715,0.326,0.18,0.199,-0.135,0.203,0.541,-0.199,-0.333,0.327,0.637,0.211,0.428,0.069,0.461,0.597,0.334,0.561,0.642,0.826,0.626,0.683,-0.319,-0.059,0.66,0.448,0.758,0.564,-0.288,0.756,0.76,0.313,0.148,0.099,0.542,0.786,0.728,0.3,0.57,0.182,0.513,0.391,0.556,0.357,0.312,0.132,0.639,0.497,-0.044,0.361,0.531,-0.09,0.559,0.578,0.183,0.623,0.368,0.194,0.8,0.215,0.406,0.072,0.451,0.695,0.259,0.031,0.662,0.777,-0.06,0.051,0.601,-0.175,0.508,0.731,-0.017,0.665,0.575,0.606,-0.192,0.179,0.601,0.686,0.825,0.639,0.41,0.784,0.776,0.819,0.501,-0.068,0.586,-0.176,0.665,0.591,0.203,0.795,0.525,0.648,0.623,0.409,0.182,0.371,-0.049,0.825,0.468,0.322,0.536,-0.231,0.3,-0.607,0.02,-0.045,-0.18,0.557,0.524,0.319,0.3,0.445,0.466,0.695,-0.297,0.66,0.618,0.317,0.556,0.035,0.242,0.084,0.82,0.123,-0.044,0.194,-0.031,0.309
000568SZ,0.849,0.783,-0.124,0.671,-0.392,0.518,0.444,1.0,0.873,0.657,0.65,0.437,0.87,0.228,0.569,0.214,0.675,-0.268,0.679,0.316,0.945,0.748,0.187,0.539,-0.035,-0.185,-0.285,-0.314,0.776,0.18,-0.462,0.029,0.846,0.094,0.388,0.727,-0.386,0.204,0.927,0.255,-0.35,0.448,-0.468,0.251,0.671,0.014,0.473,-0.509,0.533,0.366,0.794,0.374,0.568,0.439,0.341,0.637,0.273,0.093,-0.679,0.78,0.398,0.71,0.571,-0.049,-0.083,0.148,-0.027,0.883,0.01,0.23,0.467,0.443,0.13,0.64,0.454,0.398,0.843,-0.133,0.796,0.21,0.065,-0.184,0.464,0.832,-0.152,0.113,0.391,-0.466,0.255,0.181,-0.651,-0.124,-0.049,0.818,0.091,0.485,0.221,0.12,0.631,-0.252,0.255,0.85,0.734,0.809,0.442,-0.584,-0.568,0.787,0.021,0.597,0.567,0.172,0.452,0.733,0.035,-0.409,-0.131,0.529,0.698,0.71,0.153,0.786,0.415,0.686,0.194,0.307,0.354,-0.354,-0.393,0.555,0.139,-0.731,0.596,0.177,-0.499,0.62,0.528,-0.295,0.27,-0.129,0.009,0.606,-0.37,0.753,-0.391,0.425,0.678,0.428,-0.221,0.334,0.539,-0.486,-0.41,0.834,-0.671,0.515,0.8,-0.582,0.328,0.585,0.219,-0.62,-0.066,0.091,0.568,0.606,0.827,0.66,0.489,0.552,0.544,0.646,-0.103,0.588,-0.707,0.206,0.68,0.324,0.56,0.196,0.788,0.122,0.156,-0.229,0.134,-0.435,0.604,0.247,0.475,0.752,-0.359,0.47,-0.75,-0.528,-0.639,-0.433,0.035,0.481,-0.173,0.661,0.281,0.405,0.899,-0.042,0.897,0.641,0.065,0.825,0.206,0.064,-0.055,0.4,0.51,-0.394,0.309,0.071,0.555
000596SZ,0.754,0.837,-0.308,0.821,-0.456,0.466,0.525,0.873,1.0,0.643,0.792,0.561,0.783,0.041,0.394,0.238,0.718,-0.441,0.762,0.112,0.77,0.773,0.069,0.715,-0.002,-0.282,-0.276,-0.177,0.819,0.303,-0.439,0.306,0.752,0.043,0.649,0.832,-0.386,0.259,0.927,0.228,-0.345,0.593,-0.323,0.133,0.483,0.312,0.207,-0.444,0.532,0.46,0.721,0.394,0.633,0.302,0.221,0.82,0.61,0.068,-0.726,0.667,0.541,0.762,0.733,0.086,-0.23,0.45,-0.048,0.878,0.386,0.273,0.587,0.633,0.197,0.495,0.313,0.594,0.852,-0.047,0.823,0.33,0.365,0.107,0.643,0.811,-0.196,0.185,0.508,-0.321,0.041,0.08,-0.599,-0.42,-0.196,0.872,-0.079,0.362,0.38,0.4,0.746,-0.29,0.123,0.84,0.718,0.867,0.621,-0.401,-0.633,0.766,-0.138,0.665,0.755,0.084,0.466,0.702,-0.16,-0.437,-0.314,0.65,0.747,0.849,0.017,0.656,0.251,0.836,0.049,0.498,0.324,-0.273,-0.376,0.702,0.217,-0.648,0.62,0.055,-0.515,0.566,0.503,-0.303,0.307,-0.165,-0.143,0.696,-0.251,0.776,-0.521,0.164,0.503,0.651,-0.204,0.271,0.449,-0.57,-0.427,0.806,-0.703,0.48,0.819,-0.526,0.248,0.776,0.135,-0.633,-0.203,0.029,0.609,0.521,0.839,0.825,0.496,0.616,0.586,0.725,0.227,0.689,-0.619,0.237,0.749,0.534,0.536,0.099,0.867,0.098,0.101,-0.348,0.0,-0.624,0.591,0.561,0.517,0.666,-0.531,0.544,-0.825,-0.531,-0.674,-0.579,-0.008,0.663,-0.015,0.806,0.115,0.319,0.877,0.22,0.872,0.504,-0.034,0.733,0.482,-0.126,0.222,0.475,0.717,-0.447,0.627,-0.049,0.679
000617SZ,0.655,0.697,-0.238,0.79,-0.361,0.731,0.715,0.657,0.643,1.0,0.573,0.65,0.758,0.344,0.535,0.078,0.823,-0.007,0.782,0.255,0.588,0.938,0.107,0.742,0.158,0.185,0.062,0.079,0.729,0.542,-0.097,0.023,0.551,0.016,0.436,0.8,-0.132,0.23,0.668,0.078,-0.26,0.484,-0.002,0.104,0.569,0.025,0.175,-0.459,0.706,0.589,0.615,0.662,0.643,0.349,0.399,0.636,0.353,0.332,-0.281,0.594,0.776,0.74,0.787,0.113,-0.318,0.268,-0.007,0.605,0.309,0.197,0.65,0.54,0.451,0.507,0.556,0.561,0.778,-0.169,0.571,0.324,0.495,-0.212,0.713,0.873,0.149,0.377,0.386,-0.142,0.341,0.735,-0.585,-0.169,0.077,0.84,-0.024,0.409,0.266,0.515,0.832,0.006,0.337,0.86,0.675,0.83,0.715,-0.453,-0.319,0.889,0.262,0.652,0.751,-0.425,0.923,0.947,0.136,0.143,-0.123,0.827,0.902,0.639,0.047,0.697,0.075,0.748,0.13,0.723,0.02,0.123,-0.202,0.818,0.042,-0.322,0.151,0.263,-0.47,0.396,0.573,-0.106,0.637,0.068,-0.034,0.794,-0.252,0.763,-0.192,0.527,0.78,0.5,-0.26,0.757,0.688,-0.417,-0.292,0.843,-0.463,0.352,0.925,-0.17,0.672,0.64,0.375,-0.434,-0.154,0.487,0.9,0.82,0.799,0.665,0.848,0.642,0.893,0.866,-0.063,0.84,-0.298,0.298,0.902,0.485,0.764,0.371,0.837,0.469,0.208,-0.092,0.068,-0.16,0.775,0.622,0.709,0.498,-0.497,0.668,-0.596,-0.239,-0.312,-0.421,0.462,0.753,0.19,0.512,0.226,0.2,0.836,-0.305,0.683,0.485,0.029,0.725,0.168,0.008,0.318,0.737,0.328,-0.391,0.328,-0.321,0.695
000625SZ,0.423,0.899,-0.752,0.873,-0.857,0.328,0.36,0.65,0.792,0.573,1.0,0.747,0.488,-0.426,-0.052,-0.156,0.494,-0.727,0.932,-0.4,0.414,0.646,-0.426,0.852,-0.227,-0.54,-0.369,-0.137,0.884,0.167,-0.693,0.5,0.359,-0.201,0.843,0.882,-0.684,0.581,0.759,-0.21,-0.751,0.302,-0.181,-0.418,0.05,0.05,-0.191,-0.725,0.196,0.796,0.34,0.058,0.51,-0.231,-0.245,0.633,0.666,-0.292,-0.797,0.236,0.573,0.85,0.795,-0.297,-0.712,0.444,-0.497,0.713,0.526,-0.046,0.877,0.828,-0.082,0.036,-0.062,0.808,0.88,-0.102,0.444,0.573,0.371,0.348,0.395,0.679,-0.453,0.447,0.703,0.055,0.133,0.049,-0.706,-0.525,-0.62,0.865,-0.591,-0.071,0.637,0.276,0.864,-0.634,-0.355,0.751,0.389,0.877,0.602,-0.352,-0.633,0.777,-0.533,0.307,0.767,-0.24,0.494,0.564,-0.601,-0.315,-0.731,0.821,0.665,0.461,-0.531,0.503,-0.329,0.818,-0.438,0.502,-0.221,-0.34,-0.723,0.79,0.033,-0.703,0.122,-0.424,-0.809,0.035,0.057,-0.662,0.206,-0.615,-0.63,0.574,-0.569,0.895,-0.769,-0.167,0.18,0.677,-0.57,0.06,0.105,-0.879,-0.766,0.836,-0.816,-0.053,0.731,-0.424,-0.083,0.782,-0.308,-0.727,-0.675,-0.225,0.648,0.235,0.614,0.934,0.283,0.234,0.375,0.814,0.498,0.746,-0.363,-0.227,0.822,0.864,0.346,-0.336,0.822,-0.261,-0.38,-0.728,-0.5,-0.762,0.233,0.733,0.788,0.199,-0.869,0.834,-0.639,-0.763,-0.854,-0.708,-0.175,0.646,-0.267,0.913,-0.408,-0.255,0.639,0.356,0.57,0.015,-0.564,0.544,0.642,-0.606,0.491,0.199,0.704,-0.842,0.798,-0.494,0.796
000651SZ,0.379,0.728,-0.659,0.87,-0.59,0.35,0.525,0.437,0.561,0.65,0.747,1.0,0.408,-0.204,0.091,0.024,0.605,-0.425,0.761,-0.228,0.267,0.663,-0.225,0.803,-0.015,-0.283,-0.336,0.003,0.664,0.387,-0.243,0.427,0.287,-0.034,0.7,0.76,-0.376,0.493,0.499,-0.004,-0.54,0.369,0.018,-0.259,0.153,0.135,-0.043,-0.499,0.339,0.612,0.323,0.319,0.343,-0.073,-0.045,0.538,0.635,-0.105,-0.474,0.228,0.683,0.726,0.722,-0.038,-0.592,0.41,-0.239,0.473,0.556,0.237,0.704,0.617,0.143,0.106,0.112,0.706,0.699,-0.085,0.285,0.505,0.424,0.252,0.504,0.605,-0.327,0.346,0.456,0.047,0.083,0.294,-0.529,-0.548,-0.328,0.745,-0.454,-0.013,0.619,0.503,0.848,-0.307,-0.136,0.619,0.405,0.741,0.644,-0.162,-0.436,0.677,-0.201,0.396,0.72,-0.407,0.6,0.639,-0.331,-0.08,-0.511,0.826,0.692,0.414,-0.355,0.363,-0.319,0.749,-0.213,0.678,-0.17,-0.124,-0.387,0.835,0.193,-0.393,0.049,-0.171,-0.605,0.078,0.23,-0.391,0.252,-0.287,-0.412,0.614,-0.232,0.743,-0.521,-0.084,0.273,0.619,-0.341,0.349,0.306,-0.649,-0.484,0.698,-0.497,0.051,0.709,-0.128,0.226,0.742,-0.039,-0.464,-0.444,0.2,0.595,0.366,0.587,0.761,0.504,0.356,0.503,0.793,0.452,0.7,-0.248,-0.007,0.816,0.777,0.512,-0.113,0.674,0.036,-0.156,-0.44,-0.276,-0.5,0.382,0.732,0.825,0.121,-0.706,0.849,-0.488,-0.39,-0.521,-0.522,0.163,0.656,0.071,0.625,-0.21,-0.158,0.52,0.167,0.441,0.1,-0.318,0.49,0.557,-0.42,0.487,0.441,0.419,-0.578,0.66,-0.486,0.63
000661SZ,0.811,0.605,0.07,0.625,-0.166,0.764,0.683,0.87,0.783,0.758,0.488,0.408,1.0,0.527,0.735,0.409,0.731,-0.03,0.603,0.487,0.889,0.839,0.421,0.482,0.027,0.162,0.026,-0.2,0.736,0.271,-0.171,-0.201,0.853,0.235,0.22,0.671,-0.206,-0.109,0.76,0.407,-0.201,0.434,-0.477,0.42,0.813,0.117,0.551,-0.446,0.706,0.234,0.893,0.607,0.67,0.634,0.54,0.6,0.176,0.314,-0.407,0.886,0.46,0.58,0.593,0.112,0.021,0.137,0.092,0.765,0.015,0.237,0.365,0.308,0.256,0.765,0.647,0.341,0.744,-0.334,0.86,0.034,0.144,-0.456,0.631,0.915,0.201,0.137,0.276,-0.458,0.358,0.445,-0.474,-0.074,0.253,0.786,0.269,0.552,-0.049,0.186,0.584,0.068,0.555,0.874,0.901,0.774,0.565,-0.663,-0.321,0.825,0.32,0.755,0.563,0.043,0.63,0.856,0.292,-0.151,0.072,0.518,0.818,0.801,0.359,0.874,0.449,0.598,0.376,0.365,0.435,-0.119,-0.133,0.541,0.308,-0.499,0.573,0.48,-0.271,0.728,0.609,-0.08,0.538,0.156,0.186,0.772,-0.162,0.64,-0.09,0.619,0.851,0.322,-0.148,0.57,0.724,-0.236,-0.169,0.807,-0.469,0.6,0.834,-0.437,0.575,0.607,0.492,-0.455,0.152,0.359,0.68,0.805,0.814,0.503,0.664,0.675,0.759,0.598,-0.299,0.59,-0.572,0.495,0.648,0.133,0.677,0.514,0.792,0.456,0.309,0.081,0.385,-0.208,0.828,0.256,0.337,0.825,-0.232,0.356,-0.785,-0.28,-0.379,-0.282,0.291,0.516,-0.001,0.517,0.54,0.58,0.938,-0.332,0.939,0.804,0.317,0.748,-0.04,0.293,-0.174,0.662,0.32,-0.21,0.129,0.15,0.421
000708SZ,0.407,-0.223,0.75,-0.113,0.65,0.543,0.468,0.228,0.041,0.344,-0.426,-0.204,0.527,1.0,0.843,0.575,0.345,0.738,-0.222,0.895,0.46,0.342,0.857,-0.245,0.35,0.751,0.436,-0.018,-0.086,0.28,0.612,-0.641,0.486,0.486,-0.538,-0.111,0.546,-0.642,0.026,0.65,0.542,0.268,-0.152,0.803,0.781,0.125,0.693,0.287,0.619,-0.457,0.567,0.696,0.214,0.874,0.848,0.085,-0.364,0.721,0.413,0.665,0.028,-0.191,-0.042,0.486,0.632,-0.246,0.579,0.045,-0.397,0.333,-0.407,-0.429,0.468,0.741,0.813,-0.377,-0.055,-0.193,0.43,-0.508,-0.077,-0.762,0.364,0.317,0.688,-0.239,-0.404,-0.509,0.223,0.572,0.184,0.366,0.903,0.039,0.825,0.6,-0.612,0.103,-0.134,0.748,0.933,0.197,0.578,-0.007,0.105,-0.284,0.263,0.154,0.917,0.523,-0.06,0.089,0.287,0.447,0.926,0.233,0.766,-0.134,0.295,0.406,0.842,0.422,0.707,-0.107,0.835,0.051,0.604,0.312,0.63,-0.081,0.29,0.253,0.394,0.933,0.513,0.682,0.644,0.607,0.439,0.823,0.775,0.323,0.446,-0.172,0.658,0.829,0.752,-0.267,0.419,0.682,0.731,0.585,0.603,0.059,0.324,0.668,0.229,0.024,0.785,-0.064,0.864,0.251,0.796,0.689,0.165,0.675,0.307,-0.336,0.535,0.526,0.512,-0.102,-0.74,-0.034,-0.202,0.782,-0.019,-0.596,0.446,0.924,0.082,0.813,0.756,0.815,0.851,0.534,0.705,-0.32,-0.301,0.605,0.559,-0.353,-0.226,0.527,0.492,0.358,0.563,-0.031,0.38,-0.376,0.939,0.814,0.385,-0.729,0.392,0.802,0.847,0.277,-0.614,0.887,-0.538,0.641,-0.359,0.598,-0.579,0.537,-0.274
000725SZ,0.664,0.144,0.501,0.228,0.356,0.624,0.564,0.569,0.394,0.535,-0.052,0.091,0.735,0.843,1.0,0.639,0.601,0.439,0.108,0.865,0.726,0.572,0.777,0.038,0.364,0.48,0.132,-0.148,0.235,0.292,0.348,-0.379,0.73,0.502,-0.231,0.205,0.356,-0.403,0.37,0.711,0.319,0.46,-0.252,0.738,0.894,0.099,0.76,0.09,0.716,-0.242,0.768,0.715,0.367,0.873,0.831,0.378,-0.095,0.653,0.03,0.846,0.166,0.13,0.256,0.426,0.448,-0.138,0.452,0.401,-0.305,0.465,-0.145,-0.168,0.549,0.851,0.837,-0.143,0.301,-0.07,0.664,-0.291,-0.01,-0.582,0.499,0.584,0.396,-0.24,-0.178,-0.642,0.199,0.502,-0.115,0.106,0.713,0.365,0.687,0.606,-0.36,0.205,0.183,0.525,0.834,0.494,0.784,0.33,0.306,-0.353,-0.075,0.426,0.76,0.665,0.198,0.103,0.395,0.655,0.755,-0.05,0.558,0.114,0.515,0.606,0.709,0.654,0.692,0.229,0.748,0.208,0.627,0.154,0.354,0.214,0.396,-0.102,0.553,0.819,0.196,0.824,0.769,0.387,0.421,0.613,0.606,0.488,0.286,0.178,0.325,0.792,0.866,-0.016,0.328,0.681,0.827,0.251,0.312,0.396,-0.009,0.76,0.502,-0.209,0.75,0.195,0.789,-0.066,0.639,0.612,0.36,0.783,0.593,0.03,0.632,0.672,0.608,0.181,-0.545,0.235,-0.447,0.72,0.284,-0.272,0.623,0.795,0.394,0.701,0.661,0.525,0.718,0.167,0.818,-0.135,-0.015,0.757,0.302,-0.063,-0.524,0.225,0.11,0.084,0.451,0.171,0.23,-0.04,0.839,0.807,0.667,-0.519,0.666,0.906,0.688,0.592,-0.298,0.742,-0.362,0.7,-0.044,0.322,-0.282,0.407,-0.012
000768SZ,0.428,-0.086,0.548,0.051,0.554,0.448,0.509,0.214,0.238,0.078,-0.156,0.024,0.409,0.575,0.639,1.0,0.367,0.376,-0.167,0.597,0.352,0.267,0.75,-0.218,0.277,0.367,0.083,0.024,-0.089,0.211,0.52,-0.251,0.518,0.805,-0.272,-0.119,0.389,-0.53,0.084,0.864,0.376,0.403,-0.278,0.708,0.581,0.338,0.628,0.298,0.464,-0.564,0.592,0.597,0.263,0.738,0.609,0.188,0.056,0.491,0.218,0.632,-0.189,-0.176,0.043,0.596,0.546,-0.186,0.515,0.149,-0.201,0.378,-0.428,-0.389,0.344,0.656,0.505,-0.338,-0.066,-0.032,0.565,-0.414,-0.12,-0.332,0.408,0.214,0.411,-0.196,-0.209,-0.337,-0.002,0.056,0.343,-0.162,0.642,0.093,0.679,0.484,-0.347,0.079,-0.062,0.652,0.753,0.126,0.681,0.048,0.203,-0.057,0.276,0.011,0.629,0.583,-0.046,0.314,0.049,0.259,0.629,-0.079,0.599,-0.177,0.221,0.535,0.697,0.284,0.583,-0.02,0.745,-0.055,0.777,0.327,0.518,0.013,0.897,0.157,0.624,0.771,0.474,0.74,0.538,0.611,0.224,0.672,0.585,0.406,0.708,-0.223,0.482,0.426,0.498,-0.269,0.507,0.299,0.625,0.507,0.548,0.04,0.272,0.723,0.16,0.056,0.476,0.126,0.727,0.228,0.743,0.533,0.015,0.504,0.304,-0.144,0.32,0.605,0.278,-0.162,-0.212,-0.088,-0.092,0.838,-0.057,-0.356,0.477,0.645,0.168,0.576,0.652,0.561,0.745,0.13,0.583,-0.174,-0.316,0.572,0.446,-0.371,-0.367,0.391,0.298,0.322,0.343,-0.099,0.312,-0.167,0.742,0.803,0.328,-0.226,0.483,0.745,0.708,0.302,-0.232,0.685,-0.409,0.486,-0.118,0.454,-0.234,0.437,-0.309
000776SZ,0.834,0.696,-0.133,0.763,-0.162,0.56,0.715,0.675,0.718,0.823,0.494,0.605,0.731,0.345,0.601,0.367,1.0,0.024,0.617,0.401,0.665,0.844,0.23,0.659,0.394,0.118,-0.172,0.092,0.583,0.617,0.004,0.201,0.746,0.247,0.475,0.7,0.065,0.253,0.734,0.331,-0.032,0.733,-0.024,0.4,0.704,0.2,0.388,-0.172,0.753,0.359,0.753,0.726,0.525,0.545,0.429,0.76,0.528,0.489,-0.335,0.75,0.694,0.725,0.704,0.443,-0.011,0.352,0.354,0.74,0.322,0.458,0.444,0.441,0.612,0.715,0.497,0.486,0.7,0.145,0.745,0.414,0.478,-0.023,0.777,0.782,-0.017,0.102,0.301,-0.347,0.099,0.424,-0.531,-0.407,0.097,0.721,0.199,0.608,0.35,0.546,0.777,0.099,0.434,0.76,0.768,0.748,0.624,-0.19,-0.369,0.734,0.312,0.807,0.738,-0.079,0.736,0.812,0.198,-0.168,0.032,0.668,0.781,0.814,0.293,0.557,0.319,0.807,0.303,0.699,0.361,0.145,-0.114,0.784,0.312,-0.356,0.425,0.39,-0.396,0.639,0.767,0.061,0.389,0.2,0.24,0.692,0.071,0.64,-0.204,0.501,0.746,0.534,0.074,0.6,0.734,-0.293,-0.179,0.731,-0.434,0.669,0.855,-0.242,0.693,0.638,0.487,-0.42,0.043,0.565,0.725,0.826,0.865,0.653,0.796,0.818,0.84,0.749,0.131,0.781,-0.348,0.488,0.794,0.392,0.81,0.322,0.788,0.457,0.398,-0.095,0.302,-0.315,0.824,0.555,0.568,0.692,-0.326,0.493,-0.637,-0.204,-0.298,-0.409,0.383,0.69,0.359,0.527,0.366,0.441,0.787,-0.031,0.764,0.645,0.268,0.828,0.35,0.138,0.324,0.714,0.38,-0.174,0.408,-0.106,0.635
000786SZ,0.008,-0.553,0.733,-0.479,0.776,0.226,0.119,-0.268,-0.441,-0.007,-0.727,-0.425,-0.03,0.738,0.439,0.376,0.024,1.0,-0.528,0.661,-0.048,-0.055,0.619,-0.494,0.481,0.789,0.426,0.225,-0.544,0.322,0.816,-0.521,-0.014,0.421,-0.674,-0.483,0.823,-0.501,-0.383,0.424,0.686,0.139,0.293,0.607,0.367,0.026,0.348,0.616,0.329,-0.52,0.042,0.514,-0.089,0.565,0.575,-0.205,-0.421,0.725,0.772,0.191,-0.138,-0.451,-0.356,0.556,0.646,-0.364,0.618,-0.402,-0.42,0.27,-0.586,-0.579,0.487,0.384,0.49,-0.597,-0.471,0.103,-0.09,-0.476,-0.109,-0.525,0.024,-0.184,0.62,-0.249,-0.498,-0.26,-0.005,0.457,0.464,0.457,0.795,-0.394,0.755,0.401,-0.523,-0.038,-0.441,0.819,0.679,-0.272,0.072,-0.433,-0.163,0.125,0.556,-0.299,0.84,0.165,-0.356,-0.029,0.061,0.033,0.833,0.388,0.802,-0.357,-0.11,-0.051,0.683,-0.112,0.458,-0.402,0.665,-0.091,0.331,0.557,0.707,-0.289,0.168,0.581,-0.021,0.754,0.663,0.254,0.368,0.801,0.176,0.792,0.755,-0.056,0.595,-0.559,0.827,0.658,0.359,-0.5,0.545,0.473,0.372,0.79,0.743,-0.371,0.645,0.38,-0.217,0.409,0.623,-0.385,0.645,0.574,0.718,0.662,-0.127,0.303,-0.118,-0.6,0.244,0.182,0.175,-0.39,-0.583,-0.298,0.276,0.54,-0.345,-0.675,0.145,0.673,-0.319,0.661,0.697,0.792,0.686,0.732,0.315,-0.423,-0.432,0.157,0.703,-0.534,0.308,0.76,0.829,0.568,0.512,-0.257,0.537,-0.723,0.676,0.479,-0.137,-0.63,-0.156,0.365,0.692,-0.053,-0.614,0.742,-0.378,0.327,-0.678,0.704,-0.673,0.299,-0.443
000800SZ,0.479,0.894,-0.662,0.899,-0.808,0.518,0.47,0.679,0.762,0.782,0.932,0.761,0.603,-0.222,0.108,-0.167,0.617,-0.528,1.0,-0.256,0.463,0.799,-0.355,0.904,-0.147,-0.299,-0.191,-0.021,0.931,0.271,-0.585,0.366,0.383,-0.237,0.774,0.947,-0.573,0.522,0.772,-0.242,-0.708,0.305,-0.101,-0.353,0.188,-0.024,-0.155,-0.747,0.366,0.864,0.399,0.225,0.654,-0.119,-0.085,0.634,0.547,-0.126,-0.657,0.323,0.719,0.908,0.853,-0.269,-0.706,0.425,-0.454,0.701,0.492,-0.024,0.931,0.827,0.077,0.139,0.098,0.819,0.921,-0.174,0.465,0.554,0.458,0.15,0.499,0.812,-0.268,0.54,0.726,0.055,0.278,0.347,-0.746,-0.374,-0.463,0.917,-0.507,0.048,0.547,0.325,0.922,-0.506,-0.192,0.875,0.459,0.938,0.695,-0.456,-0.538,0.896,-0.331,0.371,0.816,-0.406,0.725,0.743,-0.436,-0.112,-0.616,0.917,0.795,0.491,-0.443,0.614,-0.287,0.85,-0.375,0.615,-0.27,-0.196,-0.669,0.869,-0.039,-0.635,0.039,-0.267,-0.803,0.079,0.163,-0.544,0.431,-0.495,-0.538,0.677,-0.589,0.947,-0.617,0.079,0.391,0.664,-0.579,0.316,0.252,-0.809,-0.719,0.925,-0.766,-0.01,0.843,-0.333,0.147,0.769,-0.169,-0.683,-0.622,-0.012,0.841,0.437,0.686,0.92,0.49,0.327,0.597,0.919,0.311,0.879,-0.304,-0.133,0.92,0.806,0.478,-0.156,0.903,-0.04,-0.286,-0.605,-0.419,-0.58,0.401,0.772,0.843,0.249,-0.864,0.881,-0.607,-0.673,-0.734,-0.664,0.05,0.773,-0.169,0.842,-0.281,-0.21,0.738,0.104,0.611,0.113,-0.476,0.614,0.484,-0.502,0.484,0.348,0.571,-0.818,0.682,-0.555,0.862
000807SZ,0.534,-0.141,0.724,-0.131,0.628,0.344,0.337,0.316,0.112,0.255,-0.4,-0.228,0.487,0.895,0.865,0.597,0.401,0.661,-0.256,1.0,0.563,0.276,0.822,-0.27,0.422,0.597,0.192,-0.1,-0.118,0.217,0.514,-0.484,0.611,0.537,-0.475,-0.135,0.57,-0.488,0.13,0.726,0.6,0.375,-0.154,0.882,0.82,0.07,0.789,0.393,0.592,-0.497,0.602,0.596,0.087,0.897,0.842,0.176,-0.28,0.714,0.237,0.711,-0.049,-0.158,-0.062,0.556,0.749,-0.237,0.687,0.192,-0.46,0.469,-0.464,-0.403,0.519,0.815,0.778,-0.41,-0.032,0.091,0.482,-0.376,-0.131,-0.588,0.283,0.252,0.43,-0.456,-0.458,-0.683,0.034,0.357,0.09,0.282,0.786,-0.003,0.88,0.671,-0.495,0.067,-0.149,0.666,0.864,0.146,0.56,-0.025,0.006,-0.159,0.073,0.094,0.844,0.509,-0.074,0.294,0.142,0.355,0.887,-0.072,0.751,-0.214,0.192,0.426,0.877,0.382,0.803,-0.033,0.854,0.007,0.705,0.231,0.549,-0.108,0.295,0.097,0.501,0.874,0.434,0.764,0.715,0.558,0.193,0.762,0.837,0.161,0.459,-0.165,0.497,0.768,0.705,-0.221,0.502,0.516,0.692,0.509,0.521,0.048,0.198,0.773,0.184,-0.123,0.699,-0.129,0.808,0.117,0.828,0.588,0.063,0.617,0.339,-0.28,0.42,0.528,0.387,-0.117,-0.638,-0.053,-0.328,0.705,-0.042,-0.544,0.413,0.779,0.053,0.654,0.772,0.669,0.853,0.361,0.652,-0.395,-0.308,0.688,0.616,-0.378,-0.248,0.41,0.355,0.254,0.359,-0.064,0.307,-0.314,0.915,0.86,0.367,-0.501,0.425,0.827,0.842,0.407,-0.41,0.904,-0.453,0.51,-0.232,0.597,-0.494,0.59,-0.257
000858SZ,0.893,0.604,0.125,0.498,-0.125,0.505,0.442,0.945,0.77,0.588,0.414,0.267,0.889,0.46,0.726,0.352,0.665,-0.048,0.463,0.563,1.0,0.678,0.42,0.345,0.076,-0.008,-0.216,-0.374,0.614,0.204,-0.259,-0.143,0.93,0.244,0.161,0.554,-0.178,0.009,0.826,0.441,-0.103,0.486,-0.503,0.513,0.829,0.033,0.665,-0.318,0.6,0.127,0.882,0.473,0.45,0.664,0.527,0.573,0.127,0.269,-0.532,0.895,0.295,0.537,0.43,0.119,0.201,0.043,0.203,0.822,-0.163,0.311,0.222,0.231,0.218,0.809,0.599,0.202,0.694,-0.098,0.834,0.048,-0.046,-0.343,0.443,0.764,-0.02,-0.087,0.148,-0.64,0.196,0.208,-0.532,-0.013,0.188,0.662,0.36,0.616,0.022,0.096,0.451,-0.034,0.476,0.749,0.78,0.653,0.34,-0.553,-0.475,0.676,0.252,0.656,0.439,0.302,0.377,0.692,0.291,-0.406,0.128,0.347,0.622,0.723,0.425,0.769,0.629,0.55,0.431,0.225,0.548,-0.277,-0.17,0.394,0.19,-0.618,0.678,0.409,-0.286,0.772,0.651,-0.113,0.233,0.11,0.29,0.53,-0.181,0.573,-0.196,0.579,0.767,0.29,-0.02,0.395,0.641,-0.254,-0.187,0.701,-0.513,0.688,0.716,-0.573,0.464,0.444,0.427,-0.493,0.204,0.227,0.455,0.664,0.793,0.451,0.498,0.615,0.543,0.487,-0.283,0.435,-0.748,0.371,0.53,0.079,0.562,0.389,0.656,0.269,0.352,0.013,0.405,-0.266,0.69,0.042,0.275,0.884,-0.094,0.258,-0.721,-0.336,-0.449,-0.281,0.09,0.35,-0.074,0.477,0.531,0.624,0.862,-0.18,0.901,0.806,0.34,0.81,0.037,0.336,-0.221,0.456,0.38,-0.132,0.093,0.287,0.361
000876SZ,0.732,0.74,-0.206,0.828,-0.338,0.778,0.781,0.748,0.773,0.938,0.646,0.663,0.839,0.342,0.572,0.267,0.844,-0.055,0.799,0.276,0.678,1.0,0.179,0.719,0.144,0.141,0.001,0.012,0.766,0.514,-0.106,0.049,0.668,0.172,0.462,0.813,-0.158,0.157,0.747,0.238,-0.296,0.576,-0.12,0.18,0.632,0.128,0.268,-0.457,0.749,0.514,0.722,0.694,0.712,0.428,0.452,0.7,0.437,0.35,-0.364,0.702,0.7,0.749,0.802,0.166,-0.261,0.277,0.005,0.688,0.294,0.25,0.61,0.53,0.402,0.595,0.592,0.538,0.809,-0.196,0.714,0.252,0.44,-0.22,0.732,0.911,0.119,0.364,0.41,-0.231,0.285,0.612,-0.556,-0.237,0.082,0.897,0.036,0.435,0.249,0.445,0.83,0.015,0.384,0.893,0.804,0.88,0.747,-0.506,-0.349,0.896,0.241,0.738,0.759,-0.31,0.847,0.965,0.136,-0.014,-0.114,0.804,0.932,0.765,0.105,0.754,0.149,0.781,0.195,0.661,0.167,0.06,-0.2,0.814,0.236,-0.403,0.308,0.32,-0.433,0.51,0.595,-0.085,0.605,0.079,-0.015,0.856,-0.155,0.755,-0.206,0.523,0.798,0.474,-0.204,0.695,0.719,-0.404,-0.273,0.882,-0.519,0.451,0.941,-0.267,0.64,0.718,0.402,-0.479,-0.087,0.443,0.858,0.831,0.864,0.702,0.791,0.702,0.865,0.821,-0.034,0.808,-0.38,0.399,0.884,0.474,0.781,0.393,0.913,0.435,0.258,-0.101,0.137,-0.255,0.829,0.601,0.645,0.605,-0.478,0.624,-0.712,-0.286,-0.375,-0.431,0.373,0.713,0.166,0.566,0.288,0.32,0.911,-0.256,0.814,0.595,0.078,0.774,0.19,0.051,0.221,0.744,0.365,-0.384,0.378,-0.249,0.663
000895SZ,0.363,-0.293,0.792,-0.145,0.748,0.431,0.364,0.187,0.069,0.107,-0.426,-0.225,0.421,0.857,0.777,0.75,0.23,0.619,-0.355,0.822,0.42,0.179,1.0,-0.392,0.269,0.547,0.252,-0.1,-0.213,0.275,0.644,-0.548,0.485,0.673,-0.56,-0.255,0.538,-0.714,-0.028,0.863,0.627,0.314,-0.262,0.835,0.677,0.293,0.72,0.41,0.498,-0.67,0.532,0.623,0.084,0.864,0.814,0.095,-0.253,0.589,0.384,0.629,-0.218,-0.362,-0.089,0.607,0.727,-0.35,0.593,-0.01,-0.458,0.321,-0.578,-0.552,0.404,0.699,0.733,-0.517,-0.168,-0.072,0.444,-0.637,-0.225,-0.569,0.365,0.138,0.647,-0.29,-0.431,-0.515,0.03,0.281,0.387,0.16,0.903,-0.049,0.87,0.539,-0.587,0.104,-0.258,0.8,0.892,0.039,0.562,-0.141,0.093,-0.098,0.263,-0.04,0.846,0.527,-0.18,0.251,0.022,0.264,0.898,0.117,0.807,-0.301,0.137,0.391,0.867,0.353,0.757,-0.213,0.912,-0.111,0.783,0.315,0.766,-0.178,0.515,0.316,0.591,0.904,0.671,0.765,0.654,0.643,0.298,0.863,0.77,0.293,0.637,-0.329,0.635,0.59,0.58,-0.371,0.558,0.525,0.696,0.647,0.765,-0.09,0.469,0.734,0.107,0.121,0.631,-0.062,0.876,0.425,0.896,0.618,-0.059,0.512,0.236,-0.388,0.375,0.527,0.268,-0.258,-0.576,-0.268,-0.244,0.826,-0.156,-0.587,0.408,0.876,-0.013,0.748,0.829,0.855,0.874,0.411,0.598,-0.436,-0.414,0.597,0.692,-0.504,-0.278,0.635,0.5,0.544,0.494,-0.234,0.344,-0.402,0.914,0.871,0.31,-0.501,0.369,0.789,0.871,0.212,-0.506,0.908,-0.589,0.543,-0.216,0.675,-0.52,0.577,-0.429
000938SZ,0.422,0.859,-0.722,0.908,-0.737,0.34,0.47,0.539,0.715,0.742,0.852,0.803,0.482,-0.245,0.038,-0.218,0.659,-0.494,0.904,-0.27,0.345,0.719,-0.392,1.0,0.062,-0.297,-0.245,0.09,0.819,0.44,-0.458,0.545,0.323,-0.341,0.901,0.952,-0.399,0.634,0.709,-0.238,-0.554,0.427,0.148,-0.304,0.148,0.234,-0.223,-0.525,0.382,0.855,0.317,0.276,0.509,-0.127,-0.165,0.755,0.719,-0.015,-0.601,0.249,0.882,0.908,0.831,-0.078,-0.665,0.691,-0.273,0.658,0.743,0.199,0.922,0.896,0.245,0.097,0.0,0.936,0.859,0.023,0.399,0.709,0.708,0.357,0.567,0.733,-0.347,0.373,0.674,0.024,0.047,0.312,-0.713,-0.524,-0.486,0.839,-0.531,0.031,0.687,0.574,0.932,-0.48,-0.235,0.777,0.369,0.879,0.698,-0.201,-0.622,0.802,-0.335,0.424,0.893,-0.429,0.699,0.665,-0.476,-0.143,-0.649,0.937,0.762,0.531,-0.417,0.398,-0.303,0.926,-0.385,0.829,-0.243,-0.167,-0.567,0.92,-0.095,-0.517,0.056,-0.288,-0.772,0.044,0.245,-0.497,0.321,-0.432,-0.461,0.605,-0.45,0.904,-0.668,-0.033,0.265,0.88,-0.423,0.323,0.197,-0.796,-0.675,0.803,-0.705,0.036,0.786,-0.297,0.196,0.859,-0.177,-0.648,-0.645,0.065,0.766,0.379,0.673,0.937,0.541,0.368,0.653,0.904,0.48,0.928,-0.277,-0.098,0.889,0.831,0.434,-0.224,0.814,0.004,-0.241,-0.615,-0.4,-0.64,0.397,0.892,0.841,0.196,-0.878,0.889,-0.536,-0.584,-0.651,-0.761,0.098,0.904,0.101,0.835,-0.31,-0.224,0.621,0.281,0.497,0.041,-0.41,0.545,0.667,-0.561,0.657,0.442,0.564,-0.668,0.82,-0.491,0.918
000963SZ,0.21,-0.056,0.206,0.013,0.379,0.02,0.225,-0.035,-0.002,0.158,-0.227,-0.015,0.027,0.35,0.364,0.277,0.394,0.481,-0.147,0.422,0.076,0.144,0.269,0.062,1.0,0.424,-0.026,0.317,-0.184,0.512,0.528,0.169,0.166,0.233,0.016,-0.017,0.744,0.046,0.058,0.352,0.534,0.648,0.609,0.453,0.315,0.294,0.155,0.611,0.441,-0.141,0.092,0.508,-0.077,0.406,0.344,0.376,0.288,0.782,0.276,0.23,0.294,0.051,0.1,0.669,0.349,0.267,0.647,0.08,0.15,0.648,-0.16,-0.031,0.807,0.338,0.294,-0.031,-0.064,0.594,0.094,0.17,0.402,0.1,0.315,0.007,0.05,-0.366,-0.17,-0.377,-0.399,0.214,0.01,-0.106,0.331,-0.046,0.42,0.315,0.138,0.436,0.062,0.462,0.318,-0.023,0.143,-0.037,0.189,0.432,-0.038,-0.066,0.456,0.359,0.269,-0.036,0.193,0.139,0.367,-0.1,0.389,0.044,0.07,0.293,0.399,-0.194,0.333,0.227,0.362,0.433,0.3,0.367,0.359,0.199,0.194,0.239,0.124,0.405,0.185,0.289,0.548,0.521,-0.082,0.456,0.508,0.015,0.513,-0.107,0.205,0.391,0.242,0.227,0.624,0.322,0.286,0.271,0.312,-0.083,0.182,0.485,0.057,0.114,0.545,0.073,0.398,0.112,0.321,0.513,0.067,0.307,0.306,-0.017,0.307,0.376,0.343,0.025,0.073,0.176,0.072,0.407,0.046,-0.116,0.246,0.263,0.066,0.39,0.535,0.212,0.36,0.099,0.345,0.098,0.013,0.205,0.232,-0.081,0.037,0.359,0.371,0.005,0.283,0.197,0.719,-0.16,0.334,0.352,0.045,-0.012,-0.008,0.264,0.4,0.237,0.166,0.301,0.229,0.435,-0.147,0.431,-0.003,0.207,0.082
000999SZ,-0.003,-0.427,0.653,-0.294,0.643,0.439,0.345,-0.185,-0.282,0.185,-0.54,-0.283,0.162,0.751,0.48,0.367,0.118,0.789,-0.299,0.597,-0.008,0.141,0.547,-0.297,0.424,1.0,0.722,0.45,-0.272,0.187,0.708,-0.527,-0.0,0.274,-0.517,-0.254,0.639,-0.622,-0.285,0.302,0.506,0.059,0.241,0.489,0.362,0.074,0.256,0.373,0.397,-0.342,0.133,0.481,0.195,0.495,0.634,-0.128,-0.382,0.689,0.717,0.225,0.006,-0.322,-0.14,0.41,0.42,-0.124,0.428,-0.297,-0.223,0.185,-0.366,-0.367,0.465,0.323,0.527,-0.356,-0.316,-0.164,0.049,-0.413,0.078,-0.617,0.21,0.042,0.736,-0.007,-0.267,-0.106,0.177,0.605,0.385,0.456,0.756,-0.204,0.616,0.377,-0.57,0.044,-0.251,0.787,0.677,-0.034,0.214,-0.214,0.109,-0.037,0.567,-0.078,0.774,0.19,-0.132,-0.196,0.295,0.191,0.733,0.496,0.675,-0.201,0.044,0.101,0.567,0.103,0.354,-0.245,0.49,0.034,0.253,0.624,0.601,-0.132,0.161,0.554,-0.003,0.728,0.587,0.298,0.28,0.72,0.513,0.709,0.57,0.135,0.47,-0.362,0.784,0.668,0.434,-0.352,0.367,0.504,0.402,0.682,0.589,-0.164,0.506,0.31,-0.054,0.378,0.614,-0.239,0.62,0.449,0.601,0.604,0.145,0.448,-0.026,-0.459,0.325,0.255,0.367,-0.19,-0.563,-0.072,0.335,0.618,-0.186,-0.56,0.204,0.728,-0.09,0.691,0.543,0.722,0.549,0.715,0.413,-0.219,-0.371,0.178,0.5,-0.379,0.22,0.639,0.72,0.459,0.534,-0.01,0.431,-0.526,0.631,0.472,0.037,-0.715,-0.025,0.376,0.568,-0.083,-0.598,0.656,-0.29,0.439,-0.584,0.566,-0.567,0.288,-0.338
001965SZ,-0.292,-0.44,0.434,-0.292,0.349,0.373,0.148,-0.285,-0.276,0.062,-0.369,-0.336,0.026,0.436,0.132,0.083,-0.172,0.426,-0.191,0.192,-0.216,0.001,0.252,-0.245,-0.026,0.722,1.0,0.377,-0.138,-0.114,0.388,-0.495,-0.239,-0.034,-0.398,-0.199,0.227,-0.599,-0.358,-0.054,0.193,-0.275,0.093,0.06,-0.011,0.057,-0.092,0.059,0.146,-0.15,-0.079,0.141,0.277,0.08,0.267,-0.262,-0.42,0.266,0.624,-0.07,-0.077,-0.339,-0.135,0.024,0.082,-0.095,-0.019,-0.404,-0.059,-0.247,-0.186,-0.244,0.044,-0.056,0.201,-0.217,-0.276,-0.439,-0.08,-0.46,0.096,-0.508,0.104,-0.004,0.755,0.312,-0.044,0.308,0.452,0.474,0.486,0.464,0.489,-0.167,0.235,0.053,-0.628,-0.06,-0.263,0.443,0.358,-0.052,0.013,-0.182,0.066,-0.213,0.619,-0.072,0.388,-0.051,-0.19,-0.262,0.175,0.047,0.374,0.682,0.346,-0.162,0.001,-0.065,0.194,0.135,0.011,-0.322,0.121,-0.102,-0.063,0.487,0.396,-0.199,-0.04,0.553,-0.163,0.356,0.523,-0.017,-0.126,0.41,0.63,0.379,0.115,0.128,0.146,-0.285,0.639,0.317,0.145,-0.329,-0.02,0.261,0.102,0.487,0.389,-0.169,0.424,-0.076,-0.129,0.389,0.214,-0.22,0.268,0.416,0.284,0.191,0.132,0.177,-0.206,-0.406,0.095,-0.008,0.188,-0.211,-0.452,-0.125,0.456,0.349,-0.228,-0.396,-0.044,0.506,-0.109,0.435,0.162,0.537,0.161,0.576,0.136,-0.117,-0.382,-0.088,0.273,-0.326,0.23,0.456,0.526,0.394,0.345,-0.052,0.149,-0.363,0.275,0.137,-0.067,-0.565,-0.132,0.051,0.194,-0.361,-0.561,0.33,-0.256,0.222,-0.432,0.267,-0.429,0.124,-0.301
002001SZ,-0.175,-0.082,0.065,-0.017,0.155,0.114,0.233,-0.314,-0.177,0.079,-0.137,0.003,-0.2,-0.018,-0.148,0.024,0.092,0.225,-0.021,-0.1,-0.374,0.012,-0.1,0.09,0.317,0.45,0.377,1.0,-0.198,0.22,0.309,0.088,-0.325,-0.125,0.085,-0.052,0.287,0.03,-0.154,-0.186,0.187,0.001,0.558,-0.063,-0.213,0.27,-0.344,0.264,0.08,0.07,-0.257,0.155,0.279,-0.12,-0.028,0.019,0.107,0.203,0.467,-0.228,0.184,-0.046,0.055,0.289,-0.099,0.268,0.147,-0.242,0.396,0.073,0.051,0.065,0.352,-0.203,-0.18,0.068,-0.219,0.161,-0.151,0.169,0.536,0.192,0.33,-0.104,0.302,0.319,0.344,0.493,-0.039,0.215,0.274,-0.1,0.07,-0.09,0.001,0.143,0.132,0.278,0.046,0.327,0.044,-0.068,-0.107,-0.078,0.231,0.376,0.394,-0.131,0.147,0.043,0.076,-0.314,0.295,-0.063,0.029,0.454,0.079,0.041,-0.06,0.035,-0.018,-0.259,-0.119,0.007,-0.089,0.245,-0.073,0.598,0.189,0.176,0.057,0.514,-0.091,0.072,0.151,-0.103,0.033,0.439,0.333,0.219,0.042,0.127,0.254,-0.176,0.289,-0.02,-0.065,0.042,0.166,0.148,0.036,0.234,0.214,-0.152,0.336,-0.035,-0.084,0.605,0.179,-0.01,0.103,0.372,-0.039,0.334,0.208,0.149,-0.108,-0.021,0.252,0.183,0.229,0.04,0.174,0.188,0.578,0.218,-0.027,0.003,0.183,0.025,-0.02,0.318,0.166,0.081,-0.098,0.228,0.031,0.29,-0.023,-0.226,-0.032,-0.08,0.356,0.326,0.41,0.189,0.481,0.274,0.427,-0.144,-0.09,-0.1,-0.16,0.054,-0.257,-0.19,-0.02,-0.154,0.049,-0.075,0.335,0.148,-0.158,0.123,0.065,-0.206,0.094
