,000001SZ,000002SZ,000157SZ,000166SZ,000333SZ,000338SZ,000538SZ,000568SZ,000596SZ,000617SZ,000625SZ,000651SZ,000661SZ,000708SZ,000725SZ,000768SZ,000776SZ,000786SZ,000800SZ,000807SZ,000858SZ,000876SZ,000895SZ,000938SZ,000963SZ,000999SZ,001965SZ,002001SZ,002007SZ,002027SZ,002028SZ,002050SZ,002129SZ,002179SZ,002230SZ,002236SZ,002241SZ,002271SZ,002304SZ,002311SZ,002371SZ,002415SZ,002422SZ,002459SZ,002460SZ,002463SZ,002466SZ,002475SZ,002493SZ,002555SZ,002594SZ,002601SZ,002648SZ,002709SZ,002714SZ,002916SZ,002920SZ,002938SZ,003816SZ,300014SZ,300033SZ,300059SZ,300122SZ,300124SZ,300274SZ,300308SZ,300316SZ,300347SZ,300394SZ,300408SZ,300413SZ,300418SZ,300433SZ,300450SZ,300498SZ,300502SZ,300628SZ,300661SZ,300750SZ,300759SZ,300760SZ,300782SZ,600000SS,600010SS,600011SS,600015SS,600016SS,600018SS,600019SS,600023SS,600025SS,600026SS,600028SS,600029SS,600031SS,600036SS,600048SS,600050SS,600061SS,600085SS,600089SS,600104SS,600111SS,600115SS,600161SS,600183SS,600188SS,600196SS,600219SS,600233SS,600276SS,600309SS,600332SS,600346SS,600362SS,600377SS,600406SS,600415SS,600426SS,600436SS,600438SS,600489SS,600519SS,600570SS,600585SS,600588SS,600600SS,600660SS,600674SS,600741SS,600760SS,600795SS,600809SS,600875SS,600886SS,600887SS,600926SS,600989SS,601006SS,601009SS,601012SS,601021SS,601058SS,601066SS,601088SS,601100SS,601117SS,601138SS,601166SS,601169SS,601186SS,601225SS,601229SS,601238SS,601288SS,601318SS,601319SS,601328SS,601336SS,601360SS,601390SS,601398SS,601600SS,601601SS,601607SS,601618SS,601628SS,601633SS,601658SS,601668SS,601669SS,601688SS,601689SS,601698SS,601699SS,601766SS,601788SS,601799SS,601800SS,601808SS,601816SS,601818SS,601838SS,601857SS,601865SS,601872SS,601877SS,601878SS,601881SS,601888SS,601899SS,601901SS,601919SS,601939SS,601985SS,601988SS,601998SS,603019SS,603195SS,603259SS,603260SS,603288SS,603369SS,603501SS,603659SS,603799SS,603806SS,603833SS,603986SS,603993SS,688008SS,688009SS,688012SS,688036SS,688111SS,688169SS,688396SS
000001SZ,1.0,0.774,0.323,0.041,0.394,0.268,0.497,0.633,0.668,0.278,0.653,-0.019,0.738,0.397,0.37,0.015,0.2,0.385,0.314,0.3,0.75,0.641,0.64,0.678,0.296,0.361,-0.287,0.462,0.704,0.471,-0.516,0.505,0.736,-0.17,0.211,0.711,0.785,0.779,0.661,0.405,0.692,0.596,0.628,0.242,0.575,0.224,0.518,0.535,0.746,0.278,0.619,0.41,0.557,0.579,0.757,0.758,0.764,0.172,-0.177,0.493,0.128,0.354,0.701,0.45,0.317,0.281,0.659,-0.043,0.112,0.299,0.624,0.567,0.503,0.749,0.663,0.336,0.614,0.425,0.125,-0.073,0.416,0.776,0.803,0.102,0.066,0.762,0.718,-0.429,0.342,0.147,-0.052,-0.541,-0.163,0.114,0.716,0.866,0.802,0.327,0.127,0.589,0.06,0.479,0.012,0.255,0.518,0.557,0.266,0.223,0.373,0.629,0.49,0.521,0.506,0.817,0.288,-0.445,0.002,0.654,0.707,0.672,0.469,0.765,0.694,0.005,0.566,-0.037,0.873,0.35,-0.064,0.73,-0.103,0.007,0.704,0.16,0.139,0.677,-0.173,0.465,-0.115,0.412,0.46,0.467,0.27,0.214,0.169,0.087,0.268,0.188,0.852,0.733,-0.085,0.269,0.657,0.401,0.384,0.096,-0.077,0.1,0.391,0.199,-0.173,0.079,0.304,0.498,0.088,-0.171,0.708,0.691,0.44,-0.108,-0.142,0.1,0.622,-0.075,0.102,-0.095,0.044,0.861,0.146,0.272,-0.093,0.585,0.502,0.343,0.369,-0.212,0.242,-0.009,0.036,0.757,0.48,0.364,-0.114,0.342,-0.209,0.044,0.686,0.123,0.582,0.022,0.515,0.669,0.655,0.741,0.366,0.606,0.149,0.501,0.54,0.418,0.743,0.181,0.349,0.376,0.257,0.192,0.293
000002SZ,0.774,1.0,0.101,0.286,0.276,0.068,0.421,0.459,0.465,0.513,0.562,0.272,0.816,0.161,0.19,0.322,0.472,0.24,0.487,0.03,0.775,0.734,0.498,0.669,0.514,0.356,-0.061,0.554,0.795,0.273,-0.334,0.295,0.852,0.137,0.32,0.6,0.599,0.859,0.809,0.31,0.699,0.424,0.493,0.537,0.718,-0.103,0.691,0.23,0.562,0.535,0.423,0.15,0.28,0.443,0.691,0.453,0.448,-0.132,-0.224,0.668,0.381,0.615,0.792,0.241,0.508,-0.061,0.75,0.287,0.029,0.489,0.66,0.499,0.186,0.849,0.658,0.001,0.316,0.414,0.327,0.234,0.222,0.746,0.617,0.376,-0.195,0.363,0.418,-0.36,0.13,-0.169,-0.171,-0.225,0.013,0.385,0.715,0.605,0.915,0.087,0.408,0.572,0.425,0.642,0.282,0.528,0.589,0.262,0.098,0.511,0.106,0.456,0.684,0.363,0.507,0.675,0.037,-0.353,-0.099,0.808,0.495,0.666,0.718,0.547,0.512,0.365,0.362,0.281,0.868,0.065,-0.24,0.768,0.24,-0.18,0.507,0.186,-0.166,0.587,-0.055,0.183,0.139,0.186,0.697,0.648,0.025,0.477,-0.081,0.309,0.283,-0.127,0.623,0.358,0.189,-0.01,0.398,0.591,0.254,0.338,0.165,-0.07,0.495,0.437,0.088,0.106,0.05,0.59,0.372,0.076,0.764,0.464,0.196,0.123,0.066,0.385,0.317,0.161,-0.12,-0.014,0.324,0.685,0.265,-0.007,0.148,0.499,0.098,0.026,0.523,-0.324,0.585,0.299,0.258,0.919,0.196,0.406,-0.368,0.277,-0.144,0.105,0.241,0.319,0.309,0.315,0.754,0.778,0.486,0.525,0.212,0.547,0.425,0.321,0.22,0.125,0.466,-0.077,0.524,0.437,0.537,-0.03,0.407
000157SZ,0.323,0.101,1.0,-0.567,0.72,0.796,0.374,0.586,0.749,-0.348,0.292,-0.321,0.273,0.918,0.92,-0.659,-0.606,0.566,-0.262,0.954,0.152,0.044,0.653,0.035,-0.573,-0.033,-0.769,-0.203,-0.088,0.687,-0.038,0.865,0.125,-0.651,0.258,0.688,0.244,0.208,-0.151,0.642,-0.237,0.675,0.509,-0.313,0.388,0.906,0.376,0.836,0.775,0.006,0.549,0.953,0.865,0.884,0.258,0.72,0.717,0.865,-0.187,-0.182,-0.195,-0.258,0.195,0.822,-0.597,0.908,0.343,-0.72,0.321,-0.528,0.371,0.649,0.88,0.157,-0.048,0.891,0.773,0.176,-0.436,-0.749,0.676,0.239,-0.102,-0.377,0.77,0.677,0.61,-0.709,0.483,0.856,-0.181,-0.627,-0.825,0.009,0.328,0.448,0.064,-0.212,-0.681,0.329,-0.299,-0.524,-0.092,-0.55,-0.261,0.716,0.585,-0.594,0.93,0.647,-0.389,0.612,0.064,0.673,0.939,-0.554,0.642,0.02,0.778,-0.019,-0.426,0.673,0.584,-0.636,0.739,-0.275,0.211,0.673,0.151,-0.106,-0.677,0.708,0.713,0.536,0.667,0.531,-0.636,0.872,-0.846,0.018,-0.273,-0.054,0.909,-0.498,0.623,-0.331,0.308,0.899,0.098,0.645,-0.802,0.818,-0.127,-0.372,-0.495,-0.531,-0.792,-0.39,-0.093,-0.1,-0.78,-0.745,0.92,-0.483,-0.679,-0.633,-0.136,0.724,-0.054,-0.761,-0.462,-0.643,0.829,-0.583,0.824,-0.372,-0.599,0.421,-0.467,0.909,-0.894,-0.472,0.267,0.867,0.339,0.324,-0.181,-0.483,-0.428,0.004,0.897,0.462,0.742,-0.59,-0.438,-0.83,0.664,-0.515,0.869,-0.599,-0.295,0.165,0.589,0.583,0.94,0.535,-0.206,0.868,0.894,0.918,0.715,0.75,-0.497,0.316,-0.405,0.905,0.012
000166SZ,0.041,0.286,-0.567,1.0,-0.11,-0.46,-0.389,-0.581,-0.572,0.916,-0.349,0.821,0.277,-0.583,-0.474,0.752,0.863,-0.779,0.693,-0.642,-0.068,0.506,-0.507,-0.024,0.618,-0.067,0.876,0.739,0.221,-0.528,0.378,-0.518,0.318,0.585,0.264,-0.015,-0.216,0.065,0.3,-0.649,0.341,-0.616,-0.329,0.606,0.095,-0.727,0.214,-0.609,-0.377,0.69,-0.545,-0.627,-0.552,-0.416,0.007,-0.398,-0.362,-0.572,-0.509,0.103,0.849,0.874,0.408,-0.604,0.345,-0.696,0.04,0.745,0.152,0.53,0.385,-0.202,-0.56,0.477,0.189,-0.673,-0.692,-0.179,0.102,0.88,-0.699,0.073,0.059,0.889,-0.87,-0.53,-0.579,0.387,-0.698,-0.73,-0.424,0.502,0.437,0.437,-0.071,-0.376,0.081,0.126,0.845,-0.273,0.562,0.54,0.626,0.695,0.124,-0.707,-0.568,0.838,-0.607,-0.356,0.607,-0.712,-0.153,-0.224,-0.624,0.691,-0.601,0.542,-0.571,0.054,0.543,-0.328,-0.538,0.874,-0.659,0.516,0.205,-0.855,-0.644,0.123,0.72,-0.815,-0.509,-0.217,-0.878,-0.469,0.744,-0.751,0.672,0.339,0.665,0.311,-0.413,0.834,-0.884,0.386,0.078,-0.719,-0.158,-0.594,0.852,-0.76,-0.124,0.692,0.082,0.856,0.911,-0.18,0.78,0.611,0.809,0.275,-0.677,0.577,0.519,0.917,0.637,-0.581,-0.423,0.678,0.848,0.888,-0.519,0.952,-0.683,0.543,0.961,-0.16,0.906,-0.763,0.647,0.404,-0.547,-0.798,-0.067,-0.514,0.609,0.936,0.958,0.271,-0.611,0.309,-0.513,0.267,-0.25,0.492,-0.475,0.506,-0.627,0.961,0.519,0.239,-0.579,-0.496,-0.485,0.065,0.599,-0.537,-0.647,-0.649,-0.49,-0.432,0.841,-0.031,0.599,-0.689,0.664
000333SZ,0.394,0.276,0.72,-0.11,1.0,0.699,0.201,0.328,0.525,0.046,0.122,0.226,0.381,0.723,0.688,-0.349,-0.271,0.235,0.136,0.716,0.131,0.348,0.393,0.023,-0.316,-0.05,-0.335,0.144,-0.035,0.638,0.224,0.662,0.245,-0.442,0.348,0.688,0.123,0.177,-0.043,0.384,0.046,0.394,0.467,-0.071,0.417,0.601,0.447,0.601,0.676,0.356,0.346,0.735,0.717,0.724,0.303,0.544,0.597,0.655,-0.504,-0.116,0.205,0.149,0.394,0.532,-0.455,0.617,0.36,-0.386,0.309,-0.341,0.593,0.64,0.672,0.384,0.146,0.619,0.509,0.119,-0.432,-0.41,0.41,0.264,-0.054,0.032,0.42,0.468,0.371,-0.619,0.192,0.602,-0.457,-0.434,-0.632,0.166,0.198,0.255,0.134,-0.23,-0.305,0.264,0.002,-0.294,0.128,-0.218,-0.188,0.365,0.484,-0.227,0.74,0.601,-0.125,0.29,0.011,0.671,0.708,-0.226,0.453,0.333,0.554,-0.045,-0.195,0.552,0.35,-0.277,0.463,-0.176,0.326,0.257,-0.226,-0.017,-0.385,0.33,0.517,0.601,0.26,0.316,-0.301,0.553,-0.597,0.261,-0.028,0.113,0.785,-0.156,0.269,-0.258,0.232,0.593,0.021,0.415,-0.478,0.541,-0.176,-0.093,-0.501,-0.195,-0.4,-0.609,0.245,0.181,-0.503,-0.684,0.702,-0.191,-0.443,-0.26,0.201,0.488,-0.313,-0.557,-0.04,-0.285,0.626,-0.165,0.605,-0.155,-0.193,0.372,-0.051,0.599,-0.591,-0.325,0.0,0.545,0.307,0.032,0.017,-0.038,0.026,0.12,0.683,0.684,0.544,-0.493,-0.651,-0.656,0.466,-0.381,0.635,-0.175,-0.097,0.276,0.337,0.398,0.707,0.527,0.092,0.656,0.631,0.702,0.547,0.487,-0.038,0.178,-0.08,0.643,0.341
000338SZ,0.268,0.068,0.796,-0.46,0.699,1.0,0.195,0.364,0.561,-0.231,0.375,-0.102,0.106,0.774,0.665,-0.408,-0.443,0.486,0.078,0.768,0.077,-0.051,0.471,-0.029,-0.579,-0.326,-0.616,-0.221,-0.114,0.518,0.128,0.664,0.076,-0.562,0.063,0.516,0.249,0.203,-0.141,0.422,-0.154,0.571,0.333,-0.239,0.355,0.712,0.41,0.738,0.582,-0.021,0.559,0.791,0.715,0.655,0.067,0.632,0.683,0.722,-0.093,-0.095,-0.176,-0.225,0.027,0.488,-0.496,0.747,0.193,-0.752,0.32,-0.419,0.228,0.438,0.763,0.138,-0.159,0.703,0.619,0.132,-0.342,-0.687,0.413,0.094,-0.116,-0.392,0.625,0.538,0.417,-0.584,0.391,0.717,-0.286,-0.629,-0.577,-0.287,0.285,0.343,0.074,-0.284,-0.443,0.056,-0.317,-0.412,-0.261,-0.583,-0.291,0.575,0.423,-0.57,0.792,0.562,-0.437,0.536,-0.115,0.603,0.77,-0.492,0.534,0.134,0.617,-0.202,-0.398,0.473,0.38,-0.586,0.646,-0.381,0.09,0.503,-0.076,-0.028,-0.484,0.558,0.528,0.581,0.413,0.357,-0.296,0.645,-0.722,-0.111,-0.241,-0.158,0.715,-0.48,0.5,-0.421,0.203,0.713,0.132,0.521,-0.627,0.614,-0.123,-0.14,-0.34,-0.431,-0.628,-0.347,-0.088,-0.274,-0.696,-0.517,0.773,-0.505,-0.557,-0.508,-0.109,0.596,0.03,-0.533,-0.329,-0.503,0.597,-0.474,0.607,-0.536,-0.507,0.426,-0.387,0.753,-0.677,-0.405,0.301,0.662,0.379,-0.032,-0.114,-0.384,-0.414,-0.033,0.7,0.346,0.506,-0.377,-0.291,-0.639,0.472,-0.543,0.645,-0.536,-0.191,-0.007,0.421,0.522,0.694,0.563,0.11,0.612,0.674,0.744,0.636,0.488,-0.486,0.205,-0.514,0.638,-0.113
000538SZ,0.497,0.421,0.374,-0.389,0.201,0.195,1.0,0.857,0.723,-0.243,0.661,-0.297,0.464,0.311,0.319,-0.152,-0.113,0.766,-0.204,0.294,0.81,0.243,0.815,0.607,0.321,0.771,-0.573,0.135,0.639,0.557,-0.514,0.519,0.362,0.021,0.156,0.458,0.638,0.536,0.587,0.651,0.392,0.781,0.839,0.09,0.502,0.293,0.299,0.392,0.627,-0.016,0.767,0.396,0.428,0.574,0.608,0.525,0.449,0.111,0.321,0.643,-0.247,-0.056,0.432,0.659,0.346,0.253,0.648,-0.01,-0.225,0.256,0.103,0.474,0.32,0.373,0.501,0.301,0.642,0.678,0.433,-0.28,0.812,0.728,0.55,-0.203,0.34,0.499,0.706,-0.298,0.564,0.212,0.429,-0.4,-0.143,0.205,0.649,0.697,0.518,0.169,-0.204,0.868,0.201,0.278,0.067,0.15,0.667,0.683,0.377,0.08,0.286,0.448,0.367,0.752,0.87,0.615,0.22,-0.677,0.446,0.156,0.69,0.726,0.314,0.462,0.867,-0.121,0.477,0.158,0.561,0.666,0.506,0.604,-0.101,0.249,0.726,0.085,0.526,0.89,-0.648,0.642,-0.193,-0.166,0.198,0.415,0.2,0.046,0.462,0.442,0.017,0.253,0.512,0.571,-0.327,0.415,0.447,-0.057,0.194,-0.163,-0.414,0.241,-0.065,0.136,-0.295,-0.007,0.322,0.235,0.168,-0.478,0.175,0.735,0.388,-0.358,-0.656,-0.126,0.535,-0.538,0.283,0.095,-0.253,0.617,-0.393,0.364,-0.127,0.106,0.52,0.422,0.48,0.278,0.185,-0.393,-0.359,0.511,0.365,0.133,-0.024,0.012,0.247,-0.154,0.353,0.247,0.549,-0.371,0.297,0.69,0.862,0.751,0.439,0.29,-0.274,0.549,0.558,0.363,0.588,0.45,-0.022,0.375,0.244,0.35,0.101
000568SZ,0.633,0.459,0.586,-0.581,0.328,0.364,0.857,1.0,0.941,-0.391,0.69,-0.496,0.507,0.625,0.557,-0.416,-0.35,0.886,-0.335,0.564,0.776,0.226,0.905,0.635,0.016,0.605,-0.766,-0.088,0.485,0.78,-0.582,0.744,0.36,-0.286,0.159,0.566,0.694,0.56,0.469,0.864,0.354,0.885,0.779,-0.136,0.461,0.541,0.289,0.679,0.815,-0.097,0.842,0.657,0.739,0.749,0.68,0.689,0.648,0.391,0.244,0.453,-0.353,-0.187,0.415,0.847,0.131,0.551,0.65,-0.323,-0.126,0.019,0.234,0.67,0.595,0.327,0.519,0.601,0.867,0.592,0.228,-0.56,0.899,0.691,0.519,-0.388,0.615,0.782,0.891,-0.528,0.76,0.507,0.319,-0.582,-0.38,0.088,0.613,0.832,0.581,0.128,-0.412,0.878,-0.022,0.065,-0.133,-0.086,0.528,0.827,0.648,-0.213,0.579,0.742,0.118,0.864,0.741,0.771,0.528,-0.829,0.555,0.149,0.912,0.642,0.128,0.724,0.98,-0.392,0.806,-0.126,0.594,0.839,0.452,0.525,-0.401,0.477,0.931,0.298,0.699,0.962,-0.775,0.855,-0.42,-0.042,-0.009,0.364,0.446,-0.187,0.705,0.105,0.224,0.522,0.631,0.815,-0.579,0.702,0.487,-0.196,0.129,-0.417,-0.639,0.118,-0.187,-0.026,-0.572,-0.187,0.582,0.128,-0.075,-0.706,0.126,0.88,0.47,-0.57,-0.703,-0.388,0.774,-0.683,0.548,-0.209,-0.494,0.749,-0.528,0.634,-0.411,0.098,0.591,0.71,0.439,0.301,-0.055,-0.527,-0.527,0.471,0.679,0.208,0.221,-0.042,0.082,-0.332,0.645,-0.045,0.821,-0.564,0.16,0.597,0.975,0.873,0.632,0.334,-0.381,0.768,0.797,0.663,0.8,0.466,-0.174,0.425,0.079,0.599,-0.066
000596SZ,0.668,0.465,0.749,-0.572,0.525,0.561,0.723,0.941,1.0,-0.341,0.636,-0.404,0.56,0.813,0.744,-0.512,-0.424,0.829,-0.266,0.739,0.674,0.283,0.91,0.517,-0.187,0.372,-0.798,-0.106,0.375,0.857,-0.468,0.84,0.391,-0.475,0.178,0.688,0.62,0.554,0.366,0.861,0.253,0.874,0.77,-0.194,0.503,0.67,0.41,0.807,0.927,-0.002,0.807,0.83,0.873,0.883,0.663,0.787,0.777,0.573,0.045,0.273,-0.281,-0.168,0.457,0.889,-0.095,0.699,0.626,-0.484,-0.007,-0.17,0.406,0.76,0.762,0.376,0.437,0.729,0.934,0.419,-0.018,-0.661,0.881,0.596,0.407,-0.371,0.687,0.858,0.88,-0.683,0.711,0.669,0.071,-0.721,-0.559,0.075,0.57,0.808,0.525,0.001,-0.493,0.748,-0.118,-0.081,-0.16,-0.218,0.326,0.842,0.658,-0.32,0.776,0.842,0.001,0.834,0.561,0.869,0.718,-0.796,0.6,0.238,0.972,0.464,-0.007,0.829,0.939,-0.505,0.9,-0.263,0.585,0.809,0.276,0.407,-0.531,0.54,0.985,0.418,0.68,0.906,-0.749,0.917,-0.607,0.019,-0.054,0.339,0.656,-0.286,0.693,-0.108,0.312,0.657,0.563,0.859,-0.684,0.793,0.345,-0.207,-0.053,-0.474,-0.714,-0.113,-0.126,-0.066,-0.707,-0.396,0.727,-0.013,-0.278,-0.721,0.168,0.914,0.331,-0.669,-0.612,-0.487,0.868,-0.655,0.65,-0.355,-0.546,0.75,-0.469,0.759,-0.601,-0.017,0.507,0.813,0.456,0.18,-0.084,-0.506,-0.488,0.44,0.831,0.338,0.381,-0.19,-0.16,-0.53,0.755,-0.271,0.935,-0.567,0.086,0.547,0.941,0.857,0.79,0.487,-0.278,0.888,0.894,0.82,0.867,0.545,-0.231,0.46,-0.085,0.732,-0.053
000617SZ,0.278,0.513,-0.348,0.916,0.046,-0.231,-0.243,-0.391,-0.341,1.0,-0.058,0.801,0.485,-0.392,-0.257,0.759,0.885,-0.603,0.841,-0.462,0.143,0.611,-0.255,0.12,0.606,-0.096,0.671,0.8,0.417,-0.415,0.258,-0.286,0.555,0.492,0.337,0.245,0.013,0.361,0.473,-0.514,0.422,-0.349,-0.143,0.714,0.366,-0.571,0.499,-0.377,-0.115,0.793,-0.276,-0.408,-0.345,-0.163,0.132,-0.095,-0.066,-0.449,-0.514,0.266,0.84,0.928,0.559,-0.447,0.376,-0.529,0.249,0.631,0.264,0.569,0.557,-0.032,-0.325,0.698,0.222,-0.52,-0.466,-0.045,0.151,0.795,-0.569,0.26,0.192,0.85,-0.782,-0.325,-0.372,0.185,-0.562,-0.637,-0.494,0.279,0.295,0.429,0.227,-0.119,0.319,0.138,0.844,-0.157,0.551,0.621,0.624,0.669,0.166,-0.462,-0.553,0.811,-0.418,-0.183,0.67,-0.458,-0.09,0.066,-0.444,0.456,-0.544,0.74,-0.307,0.167,0.627,-0.101,-0.32,0.809,-0.406,0.531,0.431,-0.674,-0.685,0.307,0.669,-0.71,-0.271,-0.116,-0.827,-0.237,0.683,-0.554,0.537,0.282,0.814,0.391,-0.276,0.81,-0.803,0.372,0.176,-0.579,0.047,-0.381,0.76,-0.666,-0.058,0.84,0.11,0.838,0.805,-0.192,0.848,0.615,0.676,0.235,-0.486,0.557,0.465,0.824,0.765,-0.305,-0.302,0.639,0.749,0.856,-0.298,0.856,-0.632,0.346,0.896,0.101,0.862,-0.587,0.519,0.445,-0.406,-0.648,0.182,-0.611,0.762,0.861,0.853,0.495,-0.421,0.411,-0.527,0.281,-0.285,0.4,-0.318,0.47,-0.419,0.898,0.672,0.389,-0.361,-0.232,-0.279,0.377,0.76,-0.318,-0.437,-0.468,-0.215,-0.302,0.772,0.154,0.544,-0.564,0.695
000625SZ,0.653,0.562,0.292,-0.349,0.122,0.375,0.661,0.69,0.636,-0.058,1.0,-0.31,0.423,0.295,0.279,0.046,0.071,0.693,0.227,0.233,0.761,0.183,0.741,0.726,0.186,0.286,-0.579,0.12,0.711,0.315,-0.63,0.48,0.583,-0.071,0.085,0.493,0.901,0.757,0.619,0.503,0.513,0.843,0.581,0.251,0.601,0.264,0.5,0.562,0.584,-0.077,0.865,0.357,0.445,0.484,0.465,0.727,0.664,0.126,0.416,0.736,-0.282,-0.021,0.294,0.406,0.477,0.279,0.603,-0.211,-0.005,0.383,0.11,0.367,0.461,0.453,0.355,0.293,0.647,0.682,0.463,-0.251,0.481,0.674,0.642,-0.304,0.259,0.592,0.706,-0.38,0.608,0.132,0.27,-0.525,-0.002,-0.178,0.812,0.808,0.736,0.202,0.038,0.544,-0.019,0.459,-0.168,0.048,0.557,0.757,0.214,-0.007,0.289,0.395,0.261,0.814,0.508,0.683,0.23,-0.788,0.168,0.386,0.695,0.611,0.423,0.551,0.732,-0.145,0.639,0.045,0.593,0.621,0.227,0.78,-0.033,0.258,0.644,0.157,0.3,0.8,-0.297,0.522,-0.092,-0.258,0.344,0.2,0.065,-0.028,0.416,0.156,0.15,0.227,0.792,0.668,-0.196,0.251,0.557,0.361,0.458,-0.172,-0.302,0.348,-0.118,-0.06,-0.297,0.248,0.317,0.17,0.145,-0.423,0.242,0.797,0.702,-0.086,-0.559,-0.059,0.519,-0.453,0.063,-0.36,-0.24,0.808,-0.343,0.357,-0.055,0.337,0.625,0.365,0.598,-0.119,0.249,-0.359,-0.452,0.623,0.37,-0.037,-0.252,0.346,0.371,0.064,0.375,0.198,0.473,-0.337,0.517,0.436,0.751,0.866,0.284,0.536,0.162,0.381,0.5,0.341,0.756,0.158,-0.107,0.476,0.062,0.16,-0.095
000651SZ,-0.019,0.272,-0.321,0.821,0.226,-0.102,-0.297,-0.496,-0.404,0.801,-0.31,1.0,0.282,-0.32,-0.271,0.636,0.648,-0.632,0.691,-0.405,-0.053,0.5,-0.389,-0.152,0.4,-0.166,0.719,0.591,0.114,-0.282,0.529,-0.342,0.228,0.424,0.148,0.042,-0.305,0.026,0.226,-0.541,0.218,-0.508,-0.151,0.462,0.195,-0.566,0.376,-0.465,-0.185,0.761,-0.426,-0.363,-0.368,-0.191,0.0,-0.312,-0.242,-0.407,-0.546,0.063,0.766,0.761,0.362,-0.473,0.134,-0.537,0.031,0.557,0.08,0.321,0.419,-0.086,-0.392,0.462,0.105,-0.538,-0.539,-0.248,-0.031,0.628,-0.516,-0.041,-0.068,0.807,-0.653,-0.485,-0.521,0.202,-0.633,-0.481,-0.563,0.267,0.244,0.478,-0.094,-0.387,0.019,-0.133,0.645,-0.241,0.568,0.341,0.561,0.555,-0.013,-0.615,-0.439,0.659,-0.342,-0.171,0.451,-0.583,-0.191,-0.043,-0.395,0.576,-0.281,0.607,-0.42,-0.095,0.365,-0.254,-0.447,0.644,-0.484,0.299,0.162,-0.763,-0.684,0.044,0.6,-0.624,-0.347,0.018,-0.758,-0.38,0.604,-0.561,0.382,0.201,0.536,0.409,-0.175,0.621,-0.748,0.193,0.034,-0.56,-0.283,-0.522,0.605,-0.542,-0.299,0.547,-0.162,0.666,0.67,-0.441,0.665,0.47,0.544,0.006,-0.45,0.347,0.345,0.739,0.568,-0.436,-0.581,0.426,0.786,0.662,-0.424,0.773,-0.482,0.381,0.745,-0.142,0.791,-0.564,0.434,0.114,-0.56,-0.621,0.044,-0.589,0.595,0.815,0.816,0.237,-0.434,0.4,-0.347,0.032,-0.373,0.174,-0.448,0.175,-0.444,0.787,0.423,0.258,-0.457,-0.432,-0.262,0.2,0.659,-0.334,-0.51,-0.43,-0.413,-0.214,0.658,0.003,0.386,-0.472,0.556
000661SZ,0.738,0.816,0.273,0.277,0.381,0.106,0.464,0.507,0.56,0.485,0.423,0.282,1.0,0.302,0.414,0.142,0.386,0.191,0.338,0.191,0.709,0.803,0.611,0.59,0.423,0.372,-0.116,0.57,0.701,0.381,-0.244,0.475,0.82,0.052,0.492,0.774,0.509,0.712,0.745,0.346,0.516,0.409,0.577,0.462,0.754,0.056,0.734,0.302,0.658,0.692,0.363,0.302,0.382,0.6,0.773,0.521,0.525,0.085,-0.391,0.425,0.475,0.631,0.917,0.45,0.257,0.097,0.754,0.224,0.124,0.319,0.845,0.672,0.314,0.896,0.647,0.14,0.381,0.263,0.111,0.143,0.346,0.734,0.471,0.419,-0.095,0.387,0.403,-0.401,0.052,-0.013,-0.307,-0.305,-0.215,0.6,0.599,0.531,0.697,0.018,0.25,0.585,0.381,0.458,0.491,0.438,0.502,0.321,0.103,0.482,0.241,0.551,0.634,0.26,0.534,0.692,0.178,-0.274,0.06,0.757,0.519,0.605,0.571,0.6,0.558,0.291,0.353,0.276,0.827,0.142,-0.283,0.628,0.086,-0.212,0.607,0.131,-0.104,0.596,-0.187,0.291,-0.043,0.233,0.659,0.716,0.319,0.493,-0.109,0.268,0.373,0.043,0.439,0.353,0.036,0.116,0.204,0.444,-0.006,0.283,0.068,-0.27,0.576,0.491,-0.023,-0.169,0.118,0.517,0.168,0.043,0.784,0.488,-0.036,-0.132,0.045,0.312,0.494,0.162,0.036,0.051,0.306,0.697,0.305,0.094,-0.065,0.322,0.014,0.12,0.534,-0.263,0.549,0.298,0.332,0.811,0.308,0.634,-0.076,0.018,-0.371,-0.135,0.326,0.223,0.434,0.312,0.643,0.878,0.52,0.46,0.454,0.671,0.271,0.49,0.36,0.251,0.45,0.238,0.51,0.623,0.483,0.147,0.542
000708SZ,0.397,0.161,0.918,-0.583,0.723,0.774,0.311,0.625,0.813,-0.392,0.295,-0.32,0.302,1.0,0.886,-0.712,-0.654,0.592,-0.289,0.946,0.179,0.136,0.655,0.104,-0.634,-0.053,-0.73,-0.265,-0.101,0.794,-0.092,0.836,0.123,-0.737,0.164,0.647,0.267,0.22,-0.121,0.71,-0.119,0.651,0.5,-0.411,0.326,0.861,0.333,0.868,0.823,-0.027,0.532,0.965,0.938,0.869,0.383,0.704,0.726,0.846,-0.186,-0.205,-0.229,-0.29,0.218,0.812,-0.574,0.895,0.338,-0.769,0.198,-0.572,0.414,0.716,0.892,0.144,0.115,0.894,0.829,0.082,-0.483,-0.819,0.687,0.207,-0.025,-0.407,0.818,0.767,0.652,-0.734,0.562,0.912,-0.193,-0.706,-0.762,-0.046,0.237,0.475,0.14,-0.22,-0.686,0.355,-0.332,-0.517,-0.211,-0.538,-0.207,0.685,0.725,-0.619,0.977,0.783,-0.414,0.59,0.093,0.72,0.957,-0.548,0.644,0.094,0.822,-0.036,-0.421,0.755,0.608,-0.704,0.838,-0.482,0.235,0.663,0.109,-0.062,-0.742,0.717,0.773,0.614,0.672,0.545,-0.645,0.879,-0.838,0.116,-0.348,0.02,0.905,-0.552,0.698,-0.491,0.391,0.868,0.184,0.73,-0.826,0.897,-0.015,-0.405,-0.419,-0.638,-0.812,-0.431,-0.18,-0.181,-0.84,-0.727,0.913,-0.413,-0.658,-0.686,-0.081,0.722,0.012,-0.796,-0.406,-0.696,0.836,-0.595,0.859,-0.46,-0.66,0.47,-0.434,0.912,-0.872,-0.37,0.273,0.911,0.271,0.215,-0.3,-0.49,-0.44,0.046,0.952,0.431,0.734,-0.482,-0.463,-0.805,0.763,-0.625,0.926,-0.62,-0.276,0.16,0.63,0.596,0.894,0.462,-0.235,0.872,0.898,0.966,0.751,0.631,-0.447,0.288,-0.42,0.896,-0.106
000725SZ,0.37,0.19,0.92,-0.474,0.688,0.665,0.319,0.557,0.744,-0.257,0.279,-0.271,0.414,0.886,1.0,-0.628,-0.518,0.49,-0.232,0.892,0.161,0.15,0.669,0.129,-0.527,-0.054,-0.711,-0.152,-0.042,0.67,-0.076,0.878,0.253,-0.614,0.39,0.748,0.264,0.227,-0.091,0.63,-0.187,0.636,0.494,-0.245,0.41,0.848,0.423,0.812,0.797,0.139,0.484,0.905,0.834,0.898,0.33,0.711,0.71,0.84,-0.281,-0.204,-0.124,-0.166,0.305,0.833,-0.556,0.859,0.4,-0.632,0.34,-0.48,0.498,0.741,0.871,0.252,0.014,0.845,0.753,0.133,-0.457,-0.657,0.642,0.279,-0.065,-0.266,0.698,0.664,0.595,-0.73,0.423,0.789,-0.283,-0.588,-0.825,0.125,0.282,0.44,0.115,-0.231,-0.615,0.321,-0.25,-0.447,0.019,-0.479,-0.231,0.688,0.504,-0.492,0.892,0.618,-0.319,0.526,0.059,0.674,0.885,-0.51,0.587,0.112,0.75,0.029,-0.345,0.721,0.566,-0.551,0.732,-0.2,0.286,0.612,0.058,-0.067,-0.638,0.585,0.72,0.457,0.568,0.527,-0.614,0.813,-0.781,0.045,-0.174,0.011,0.908,-0.394,0.511,-0.345,0.372,0.847,0.107,0.615,-0.741,0.751,-0.166,-0.292,-0.524,-0.474,-0.716,-0.467,-0.027,-0.003,-0.724,-0.773,0.824,-0.388,-0.65,-0.563,-0.02,0.712,-0.123,-0.751,-0.382,-0.578,0.859,-0.485,0.752,-0.383,-0.515,0.428,-0.367,0.838,-0.874,-0.397,0.17,0.805,0.348,0.242,-0.135,-0.38,-0.329,0.086,0.863,0.511,0.721,-0.6,-0.512,-0.814,0.658,-0.468,0.848,-0.471,-0.201,0.242,0.569,0.55,0.945,0.56,-0.179,0.879,0.868,0.864,0.675,0.709,-0.388,0.48,-0.304,0.895,0.085
000768SZ,0.015,0.322,-0.659,0.752,-0.349,-0.408,-0.152,-0.416,-0.512,0.759,0.046,0.636,0.142,-0.712,-0.628,1.0,0.894,-0.48,0.73,-0.799,0.174,0.218,-0.384,0.225,0.726,0.019,0.7,0.585,0.414,-0.59,0.204,-0.536,0.275,0.839,0.145,-0.179,0.055,0.234,0.498,-0.542,0.512,-0.365,-0.318,0.613,0.1,-0.81,0.203,-0.584,-0.452,0.476,-0.21,-0.736,-0.619,-0.515,-0.11,-0.37,-0.382,-0.746,0.006,0.493,0.481,0.673,0.198,-0.667,0.695,-0.767,0.093,0.738,0.107,0.828,0.008,-0.307,-0.639,0.394,0.097,-0.754,-0.635,0.157,0.582,0.832,-0.643,0.173,0.255,0.681,-0.791,-0.543,-0.441,0.46,-0.373,-0.837,-0.102,0.49,0.693,0.209,0.154,-0.216,0.257,0.276,0.939,-0.143,0.639,0.759,0.471,0.681,0.401,-0.536,-0.631,0.785,-0.743,-0.474,0.608,-0.401,-0.013,-0.194,-0.776,0.354,-0.452,0.502,-0.492,0.259,0.658,-0.383,-0.392,0.829,-0.498,0.573,0.234,-0.644,-0.414,0.372,0.961,-0.703,-0.455,-0.182,-0.785,-0.248,0.745,-0.703,0.845,-0.023,0.685,0.27,-0.689,0.769,-0.716,0.559,0.039,-0.807,0.078,-0.533,0.91,-0.83,0.065,0.826,0.384,0.781,0.853,0.173,0.512,0.433,0.849,0.598,-0.755,0.614,0.821,0.794,0.479,-0.444,-0.038,0.864,0.592,0.886,-0.605,0.716,-0.84,0.399,0.817,-0.03,0.615,-0.776,0.842,0.538,-0.255,-0.836,0.043,-0.511,0.714,0.733,0.582,0.364,-0.734,-0.028,-0.819,0.502,0.298,0.716,-0.636,0.673,-0.7,0.753,0.715,0.217,-0.407,-0.269,-0.645,0.017,0.628,-0.646,-0.696,-0.769,-0.386,-0.507,0.678,0.091,0.583,-0.82,0.387
000776SZ,0.2,0.472,-0.606,0.863,-0.271,-0.443,-0.113,-0.35,-0.424,0.885,0.071,0.648,0.386,-0.654,-0.518,0.894,1.0,-0.504,0.788,-0.725,0.253,0.457,-0.255,0.283,0.805,0.074,0.678,0.744,0.547,-0.552,0.087,-0.446,0.511,0.73,0.261,0.038,0.134,0.359,0.609,-0.515,0.529,-0.321,-0.185,0.782,0.304,-0.756,0.355,-0.531,-0.307,0.595,-0.218,-0.658,-0.549,-0.382,0.094,-0.225,-0.234,-0.678,-0.176,0.493,0.682,0.845,0.441,-0.552,0.674,-0.728,0.236,0.772,0.121,0.808,0.275,-0.19,-0.544,0.599,0.256,-0.708,-0.555,0.133,0.487,0.884,-0.576,0.311,0.313,0.742,-0.853,-0.44,-0.388,0.369,-0.484,-0.839,-0.192,0.427,0.59,0.335,0.255,-0.102,0.376,0.219,0.962,-0.086,0.594,0.821,0.565,0.751,0.423,-0.458,-0.619,0.903,-0.684,-0.354,0.761,-0.403,0.084,-0.097,-0.712,0.358,-0.591,0.609,-0.408,0.337,0.777,-0.264,-0.293,0.909,-0.501,0.655,0.374,-0.626,-0.49,0.478,0.849,-0.803,-0.354,-0.286,-0.82,-0.175,0.682,-0.664,0.778,0.082,0.854,0.368,-0.576,0.904,-0.772,0.582,0.066,-0.764,0.158,-0.45,0.885,-0.801,0.101,0.893,0.363,0.864,0.875,0.107,0.697,0.55,0.807,0.547,-0.716,0.692,0.727,0.791,0.679,-0.35,-0.065,0.777,0.579,0.965,-0.456,0.787,-0.803,0.418,0.926,0.109,0.724,-0.753,0.779,0.582,-0.291,-0.792,0.188,-0.554,0.772,0.802,0.734,0.527,-0.646,0.161,-0.767,0.493,0.113,0.661,-0.501,0.719,-0.599,0.858,0.792,0.389,-0.326,-0.214,-0.515,0.199,0.674,-0.526,-0.596,-0.698,-0.308,-0.473,0.788,0.191,0.669,-0.773,0.551
000786SZ,0.385,0.24,0.566,-0.779,0.235,0.486,0.766,0.886,0.829,-0.603,0.693,-0.632,0.191,0.592,0.49,-0.48,-0.504,1.0,-0.392,0.561,0.578,-0.132,0.813,0.489,-0.19,0.401,-0.856,-0.354,0.294,0.697,-0.485,0.66,0.149,-0.315,0.008,0.36,0.588,0.435,0.262,0.846,0.153,0.886,0.622,-0.208,0.335,0.601,0.168,0.668,0.64,-0.367,0.864,0.63,0.664,0.634,0.364,0.59,0.542,0.441,0.466,0.403,-0.549,-0.451,0.113,0.75,0.037,0.597,0.508,-0.512,-0.114,-0.106,-0.062,0.499,0.567,0.057,0.216,0.619,0.818,0.562,0.272,-0.701,0.864,0.464,0.328,-0.646,0.738,0.665,0.776,-0.44,0.823,0.568,0.413,-0.518,-0.325,-0.188,0.503,0.699,0.433,-0.03,-0.517,0.678,-0.135,-0.113,-0.358,-0.357,0.371,0.831,0.637,-0.443,0.562,0.591,-0.144,0.916,0.59,0.6,0.532,-0.888,0.623,-0.104,0.825,0.394,-0.103,0.527,0.85,-0.542,0.784,-0.212,0.288,0.902,0.568,0.394,-0.455,0.597,0.783,0.334,0.771,0.854,-0.766,0.823,-0.487,-0.302,-0.23,0.071,0.389,-0.404,0.829,0.023,0.123,0.595,0.498,0.719,-0.66,0.706,0.354,-0.311,0.07,-0.565,-0.767,0.168,-0.426,-0.263,-0.657,-0.16,0.611,-0.123,-0.145,-0.833,-0.185,0.813,0.518,-0.566,-0.852,-0.528,0.651,-0.855,0.602,-0.362,-0.668,0.588,-0.765,0.709,-0.432,-0.11,0.641,0.739,0.476,0.366,-0.15,-0.689,-0.747,0.257,0.616,0.013,0.266,-0.121,0.287,-0.381,0.507,-0.141,0.734,-0.773,-0.018,0.318,0.896,0.82,0.577,0.208,-0.383,0.688,0.743,0.626,0.729,0.417,-0.448,0.341,-0.145,0.615,-0.329
000800SZ,0.314,0.487,-0.262,0.693,0.136,0.078,-0.204,-0.335,-0.266,0.841,0.227,0.691,0.338,-0.289,-0.232,0.73,0.788,-0.392,1.0,-0.357,0.162,0.426,-0.153,0.193,0.431,-0.27,0.464,0.682,0.434,-0.387,0.193,-0.218,0.55,0.365,0.204,0.263,0.217,0.439,0.444,-0.452,0.444,-0.125,-0.108,0.701,0.438,-0.429,0.574,-0.156,-0.068,0.563,-0.034,-0.296,-0.229,-0.124,0.022,0.094,0.114,-0.315,-0.278,0.385,0.623,0.732,0.379,-0.466,0.393,-0.382,0.241,0.353,0.287,0.558,0.397,-0.061,-0.142,0.634,0.098,-0.393,-0.303,0.098,0.201,0.581,-0.526,0.237,0.229,0.562,-0.614,-0.204,-0.267,0.088,-0.373,-0.499,-0.409,0.103,0.367,0.094,0.349,-0.001,0.391,0.068,0.791,-0.239,0.362,0.605,0.351,0.457,0.135,-0.25,-0.461,0.595,-0.284,-0.145,0.497,-0.214,-0.148,0.162,-0.319,0.231,-0.468,0.736,-0.184,0.079,0.544,-0.04,-0.251,0.601,-0.225,0.353,0.357,-0.499,-0.616,0.414,0.594,-0.52,-0.221,0.039,-0.717,-0.153,0.698,-0.441,0.428,0.106,0.724,0.198,-0.26,0.588,-0.583,0.208,0.14,-0.439,0.199,-0.221,0.636,-0.561,0.037,0.898,0.22,0.627,0.632,-0.093,0.621,0.368,0.49,0.326,-0.323,0.368,0.401,0.622,0.611,-0.13,-0.053,0.605,0.549,0.71,-0.24,0.637,-0.561,0.095,0.683,0.253,0.639,-0.41,0.469,0.403,-0.171,-0.5,0.335,-0.677,0.711,0.651,0.574,0.482,-0.314,0.264,-0.553,0.377,-0.079,0.39,-0.269,0.384,-0.342,0.646,0.688,0.229,-0.249,-0.016,-0.256,0.501,0.891,-0.314,-0.327,-0.346,-0.013,-0.316,0.545,0.187,0.319,-0.524,0.458
000807SZ,0.3,0.03,0.954,-0.642,0.716,0.768,0.294,0.564,0.739,-0.462,0.233,-0.405,0.191,0.946,0.892,-0.799,-0.725,0.561,-0.357,1.0,0.072,0.018,0.606,-0.026,-0.671,-0.076,-0.784,-0.307,-0.175,0.727,-0.094,0.824,0.062,-0.803,0.143,0.611,0.202,0.127,-0.253,0.641,-0.282,0.628,0.498,-0.402,0.293,0.949,0.259,0.857,0.761,-0.117,0.496,0.977,0.893,0.839,0.259,0.711,0.726,0.907,-0.179,-0.286,-0.279,-0.384,0.107,0.798,-0.657,0.942,0.236,-0.795,0.214,-0.666,0.335,0.607,0.911,0.038,-0.031,0.924,0.813,0.067,-0.543,-0.832,0.682,0.138,-0.128,-0.486,0.816,0.721,0.61,-0.712,0.473,0.926,-0.154,-0.679,-0.831,-0.106,0.211,0.431,0.024,-0.245,-0.78,0.277,-0.452,-0.608,-0.255,-0.619,-0.327,0.716,0.664,-0.693,0.974,0.687,-0.472,0.595,0.035,0.615,0.985,-0.518,0.592,-0.072,0.766,-0.115,-0.501,0.676,0.566,-0.75,0.744,-0.446,0.122,0.694,0.184,-0.16,-0.831,0.751,0.694,0.518,0.717,0.468,-0.67,0.876,-0.92,0.074,-0.4,-0.115,0.914,-0.629,0.694,-0.494,0.201,0.936,0.093,0.691,-0.881,0.885,-0.077,-0.499,-0.464,-0.655,-0.848,-0.365,-0.212,-0.23,-0.866,-0.739,0.972,-0.548,-0.779,-0.706,-0.203,0.701,-0.009,-0.832,-0.486,-0.76,0.831,-0.638,0.884,-0.454,-0.703,0.375,-0.497,0.941,-0.937,-0.483,0.294,0.929,0.256,0.33,-0.367,-0.583,-0.487,-0.076,0.948,0.367,0.796,-0.556,-0.468,-0.838,0.739,-0.626,0.899,-0.668,-0.418,0.048,0.57,0.555,0.907,0.451,-0.281,0.864,0.907,0.969,0.711,0.676,-0.559,0.179,-0.493,0.928,-0.106
000858SZ,0.75,0.775,0.152,-0.068,0.131,0.077,0.81,0.776,0.674,0.143,0.761,-0.053,0.709,0.179,0.161,0.174,0.253,0.578,0.162,0.072,1.0,0.528,0.728,0.772,0.554,0.661,-0.333,0.359,0.881,0.443,-0.585,0.38,0.658,0.141,0.143,0.496,0.757,0.827,0.896,0.51,0.701,0.662,0.723,0.326,0.623,-0.011,0.5,0.285,0.626,0.235,0.706,0.223,0.342,0.477,0.751,0.521,0.493,-0.144,0.169,0.815,0.006,0.296,0.655,0.43,0.612,0.01,0.729,0.208,-0.217,0.523,0.35,0.448,0.193,0.661,0.708,0.063,0.523,0.617,0.555,0.01,0.552,0.834,0.759,0.07,0.028,0.49,0.644,-0.295,0.43,-0.063,0.211,-0.384,0.03,0.293,0.802,0.793,0.853,0.264,0.186,0.825,0.334,0.624,0.118,0.459,0.822,0.512,0.204,0.371,0.121,0.526,0.654,0.651,0.817,0.709,0.035,-0.615,0.137,0.554,0.653,0.852,0.648,0.528,0.814,0.148,0.483,0.199,0.846,0.421,0.147,0.86,0.136,-0.032,0.717,0.066,0.159,0.855,-0.34,0.413,0.06,-0.022,0.524,0.685,-0.006,0.322,0.199,0.45,0.143,-0.047,0.756,0.538,-0.017,0.165,0.597,0.352,0.437,0.124,-0.079,0.235,0.19,0.233,-0.078,0.231,0.109,0.559,0.417,-0.221,0.564,0.658,0.477,-0.039,-0.348,0.189,0.416,-0.205,-0.035,-0.002,0.047,0.788,-0.06,0.104,0.122,0.482,0.433,0.179,0.525,-0.146,0.421,-0.077,-0.111,0.851,0.232,0.172,-0.368,0.343,0.185,0.122,0.319,0.35,0.43,-0.025,0.665,0.838,0.789,0.733,0.24,0.428,0.074,0.423,0.367,0.192,0.589,0.11,0.306,0.432,0.451,0.058,0.194
000876SZ,0.641,0.734,0.044,0.506,0.348,-0.051,0.243,0.226,0.283,0.611,0.183,0.5,0.803,0.136,0.15,0.218,0.457,-0.132,0.426,0.018,0.528,1.0,0.329,0.369,0.473,0.343,0.191,0.7,0.601,0.203,-0.206,0.179,0.715,0.01,0.257,0.575,0.335,0.539,0.615,0.062,0.539,0.103,0.484,0.439,0.587,-0.176,0.599,0.072,0.503,0.676,0.062,0.11,0.176,0.36,0.808,0.347,0.372,-0.14,-0.561,0.326,0.57,0.701,0.808,0.167,0.282,-0.151,0.494,0.369,-0.115,0.307,0.792,0.413,0.125,0.801,0.793,-0.098,0.175,0.091,-0.074,0.325,0.095,0.554,0.453,0.595,-0.357,0.258,0.227,-0.289,-0.211,-0.178,-0.373,-0.276,-0.084,0.556,0.424,0.35,0.56,0.108,0.349,0.383,0.321,0.506,0.445,0.644,0.369,0.039,0.013,0.612,0.091,0.426,0.686,-0.023,0.404,0.519,0.009,0.05,-0.256,0.795,0.275,0.492,0.644,0.459,0.301,0.387,0.069,0.175,0.736,-0.175,-0.433,0.482,0.151,-0.347,0.363,0.004,-0.303,0.299,0.013,0.043,0.091,0.46,0.676,0.699,0.119,0.517,-0.325,0.162,0.244,-0.209,0.345,0.231,0.207,-0.061,0.26,0.46,0.122,0.373,0.296,-0.246,0.589,0.553,0.121,-0.042,-0.033,0.519,0.196,0.258,0.824,0.258,-0.118,0.016,0.336,0.396,0.266,0.415,-0.16,0.212,0.446,0.482,0.588,-0.158,0.107,0.395,-0.153,-0.081,0.247,-0.423,0.43,0.414,0.552,0.714,0.149,0.499,-0.225,0.198,-0.507,0.049,0.27,0.192,0.211,0.519,0.589,0.716,0.259,0.232,0.172,0.525,0.367,0.221,0.131,0.102,0.258,0.0,0.658,0.186,0.449,-0.097,0.614
000895SZ,0.64,0.498,0.653,-0.507,0.393,0.471,0.815,0.905,0.91,-0.255,0.741,-0.389,0.611,0.655,0.669,-0.384,-0.255,0.813,-0.153,0.606,0.728,0.329,1.0,0.579,-0.023,0.454,-0.778,0.017,0.535,0.673,-0.557,0.794,0.491,-0.325,0.228,0.718,0.708,0.619,0.487,0.766,0.259,0.911,0.818,0.01,0.649,0.574,0.519,0.715,0.859,0.022,0.827,0.704,0.715,0.821,0.696,0.81,0.762,0.454,0.127,0.437,-0.252,-0.107,0.484,0.847,0.064,0.572,0.683,-0.355,-0.032,-0.005,0.356,0.696,0.687,0.458,0.456,0.595,0.868,0.531,0.128,-0.508,0.854,0.675,0.447,-0.319,0.54,0.746,0.823,-0.606,0.618,0.485,0.145,-0.661,-0.461,0.139,0.693,0.8,0.567,0.015,-0.37,0.734,-0.061,0.082,-0.017,-0.101,0.408,0.872,0.484,-0.163,0.622,0.694,0.142,0.825,0.672,0.8,0.572,-0.799,0.466,0.251,0.896,0.56,0.15,0.739,0.924,-0.367,0.769,-0.056,0.601,0.813,0.293,0.523,-0.393,0.425,0.914,0.227,0.575,0.93,-0.708,0.825,-0.486,-0.103,0.14,0.332,0.528,-0.155,0.571,0.07,0.278,0.545,0.571,0.778,-0.572,0.623,0.329,-0.055,0.036,-0.365,-0.607,0.013,-0.093,0.021,-0.606,-0.252,0.598,0.018,-0.161,-0.647,0.188,0.923,0.374,-0.572,-0.66,-0.339,0.823,-0.594,0.489,-0.284,-0.43,0.787,-0.435,0.635,-0.473,0.009,0.503,0.677,0.582,0.15,0.08,-0.479,-0.457,0.549,0.685,0.283,0.232,-0.109,-0.03,-0.406,0.623,-0.059,0.807,-0.471,0.247,0.622,0.943,0.869,0.731,0.588,-0.172,0.78,0.815,0.674,0.816,0.548,-0.192,0.544,-0.028,0.591,0.029
000938SZ,0.678,0.669,0.035,-0.024,0.023,-0.029,0.607,0.635,0.517,0.12,0.726,-0.152,0.59,0.104,0.129,0.225,0.283,0.489,0.193,-0.026,0.772,0.369,0.579,1.0,0.443,0.542,-0.25,0.324,0.731,0.306,-0.517,0.37,0.63,0.254,0.409,0.481,0.839,0.646,0.741,0.481,0.808,0.618,0.434,0.309,0.434,0.016,0.319,0.384,0.443,0.17,0.622,0.076,0.313,0.326,0.61,0.454,0.382,-0.032,0.254,0.713,-0.005,0.283,0.521,0.364,0.653,0.062,0.745,0.121,0.019,0.613,0.295,0.572,0.239,0.58,0.627,0.149,0.435,0.718,0.522,0.012,0.369,0.849,0.739,0.045,0.071,0.45,0.589,-0.19,0.51,-0.073,0.254,-0.166,0.209,0.159,0.579,0.65,0.769,0.261,0.277,0.692,0.335,0.621,0.184,0.34,0.821,0.479,0.289,0.311,0.064,0.372,0.458,0.486,0.67,0.566,-0.001,-0.539,0.157,0.507,0.511,0.815,0.588,0.57,0.629,0.188,0.461,0.206,0.679,0.357,0.165,0.814,0.205,-0.065,0.514,0.198,0.139,0.71,-0.227,0.317,0.253,0.028,0.415,0.422,-0.038,0.335,0.241,0.329,0.363,0.027,0.731,0.48,0.093,0.132,0.618,0.421,0.432,0.023,-0.03,0.238,0.104,0.301,0.047,0.247,0.019,0.614,0.466,-0.172,0.424,0.544,0.488,-0.001,-0.272,0.236,0.401,-0.155,-0.003,0.044,0.094,0.757,-0.093,0.117,0.206,0.567,0.428,0.154,0.376,-0.002,0.337,0.043,-0.071,0.685,0.212,0.199,-0.287,0.355,0.307,0.235,0.258,0.527,0.315,-0.037,0.688,0.619,0.622,0.682,0.104,0.284,0.015,0.215,0.34,0.136,0.54,0.017,0.383,0.589,0.542,-0.002,0.203
000963SZ,0.296,0.514,-0.573,0.618,-0.316,-0.579,0.321,0.016,-0.187,0.606,0.186,0.4,0.423,-0.634,-0.527,0.726,0.805,-0.19,0.431,-0.671,0.554,0.473,-0.023,0.443,1.0,0.586,0.479,0.694,0.733,-0.293,-0.196,-0.355,0.473,0.734,0.166,0.005,0.273,0.43,0.76,-0.243,0.64,-0.116,0.166,0.673,0.281,-0.697,0.192,-0.517,-0.144,0.422,-0.003,-0.585,-0.469,-0.27,0.331,-0.182,-0.214,-0.746,0.017,0.698,0.445,0.666,0.511,-0.3,0.832,-0.71,0.361,0.878,-0.201,0.848,0.142,-0.127,-0.563,0.535,0.516,-0.657,-0.337,0.371,0.686,0.779,-0.18,0.531,0.55,0.61,-0.722,-0.282,-0.105,0.361,-0.263,-0.792,0.171,0.355,0.552,0.434,0.384,0.146,0.498,0.392,0.755,0.351,0.652,0.869,0.488,0.867,0.735,-0.268,-0.416,0.912,-0.673,-0.219,0.917,-0.131,0.528,0.0,-0.718,0.15,-0.445,0.451,-0.203,0.665,0.852,-0.193,0.06,0.823,-0.413,0.665,0.518,-0.343,-0.101,0.646,0.735,-0.691,-0.114,-0.399,-0.513,0.14,0.31,-0.432,0.724,0.106,0.779,0.546,-0.612,0.846,-0.544,0.814,-0.13,-0.728,0.316,-0.251,0.717,-0.622,0.363,0.631,0.513,0.764,0.7,0.353,0.54,0.555,0.703,0.612,-0.644,0.826,0.821,0.546,0.634,-0.149,0.126,0.601,0.244,0.821,-0.322,0.505,-0.679,0.56,0.742,0.195,0.497,-0.682,0.771,0.633,-0.042,-0.638,0.192,-0.262,0.664,0.532,0.523,0.617,-0.576,0.039,-0.776,0.53,0.266,0.67,-0.356,0.821,-0.416,0.663,0.731,0.616,0.005,0.0,-0.454,0.016,0.298,-0.337,-0.437,-0.62,-0.191,-0.342,0.765,0.096,0.81,-0.643,0.511
000999SZ,0.361,0.356,-0.033,-0.067,-0.05,-0.326,0.771,0.605,0.372,-0.096,0.286,-0.166,0.372,-0.053,-0.054,0.019,0.074,0.401,-0.27,-0.076,0.661,0.343,0.454,0.542,0.586,1.0,-0.139,0.278,0.567,0.316,-0.457,0.168,0.224,0.285,0.125,0.178,0.415,0.306,0.537,0.39,0.489,0.355,0.588,0.109,0.216,-0.07,-0.016,-0.007,0.299,0.032,0.345,-0.014,0.101,0.199,0.61,0.131,0.051,-0.224,0.202,0.565,-0.073,0.112,0.424,0.398,0.512,-0.111,0.476,0.384,-0.347,0.396,0.047,0.268,-0.08,0.276,0.673,-0.021,0.268,0.552,0.476,0.089,0.536,0.64,0.564,0.088,0.002,0.227,0.461,0.008,0.3,-0.127,0.519,-0.003,0.104,0.381,0.393,0.44,0.424,0.357,0.015,0.84,0.383,0.394,0.225,0.476,0.744,0.267,0.294,0.361,-0.104,0.242,0.549,0.336,0.882,0.269,-0.143,-0.284,0.146,0.071,0.325,0.796,0.454,0.236,0.584,0.191,0.082,0.282,0.489,0.314,0.474,0.503,0.112,-0.045,0.392,-0.131,0.299,0.585,-0.469,0.275,0.183,0.14,0.239,0.474,-0.113,0.29,0.19,0.594,-0.073,-0.1,0.375,0.288,0.003,0.135,0.512,-0.054,0.325,0.075,-0.04,0.352,0.05,0.331,0.092,0.184,-0.047,0.534,0.416,-0.158,0.234,0.334,0.264,-0.126,-0.345,0.135,0.22,-0.189,0.055,0.468,0.053,0.348,-0.097,-0.036,0.204,0.32,0.293,0.087,0.108,0.386,0.149,-0.105,-0.028,0.435,0.04,0.066,-0.182,0.195,0.224,0.177,0.165,0.472,0.215,-0.032,0.292,0.645,0.541,0.393,0.06,-0.092,-0.408,0.213,0.198,0.012,0.22,0.172,0.338,0.098,0.554,0.039,0.245
001965SZ,-0.287,-0.061,-0.769,0.876,-0.335,-0.616,-0.573,-0.766,-0.798,0.671,-0.579,0.719,-0.116,-0.73,-0.711,0.7,0.678,-0.856,0.464,-0.784,-0.333,0.191,-0.778,-0.25,0.479,-0.139,1.0,0.476,-0.072,-0.648,0.469,-0.767,-0.085,0.618,-0.018,-0.426,-0.468,-0.265,0.029,-0.785,0.172,-0.85,-0.576,0.352,-0.295,-0.831,-0.162,-0.806,-0.674,0.398,-0.748,-0.805,-0.74,-0.711,-0.269,-0.7,-0.671,-0.689,-0.295,-0.073,0.609,0.579,0.045,-0.794,0.28,-0.808,-0.288,0.71,0.011,0.402,0.005,-0.482,-0.776,0.067,-0.009,-0.793,-0.882,-0.36,0.104,0.829,-0.818,-0.268,-0.093,0.741,-0.83,-0.719,-0.763,0.645,-0.696,-0.744,-0.213,0.653,0.596,0.253,-0.397,-0.624,-0.197,0.155,0.734,-0.452,0.478,0.36,0.41,0.567,-0.007,-0.908,-0.575,0.674,-0.759,-0.568,0.375,-0.87,-0.297,-0.544,-0.761,0.864,-0.585,0.216,-0.813,-0.175,0.306,-0.6,-0.765,0.754,-0.809,0.331,-0.142,-0.929,-0.467,-0.126,0.703,-0.752,-0.753,-0.283,-0.822,-0.712,0.793,-0.897,0.744,0.292,0.351,0.111,-0.591,0.636,-0.828,0.285,-0.064,-0.811,-0.354,-0.763,0.856,-0.798,-0.17,0.442,0.113,0.715,0.905,-0.056,0.494,0.372,0.853,0.369,-0.802,0.45,0.529,0.899,0.331,-0.843,-0.412,0.734,0.863,0.754,-0.776,0.89,-0.709,0.583,0.82,-0.483,0.812,-0.862,0.738,0.323,-0.566,-0.874,-0.362,-0.404,0.358,0.817,0.825,-0.054,-0.786,-0.003,-0.504,0.306,-0.057,0.582,-0.622,0.385,-0.818,0.848,0.264,-0.081,-0.782,-0.746,-0.729,-0.323,0.395,-0.757,-0.854,-0.801,-0.746,-0.535,0.685,-0.294,0.436,-0.786,0.38
002001SZ,0.462,0.554,-0.203,0.739,0.144,-0.221,0.135,-0.088,-0.106,0.8,0.12,0.591,0.57,-0.265,-0.152,0.585,0.744,-0.354,0.682,-0.307,0.359,0.7,0.017,0.324,0.694,0.278,0.476,1.0,0.622,-0.203,0.001,-0.13,0.631,0.42,0.363,0.431,0.283,0.468,0.57,-0.286,0.572,-0.06,0.224,0.692,0.454,-0.392,0.476,-0.192,0.117,0.628,-0.05,-0.248,-0.154,0.044,0.378,0.138,0.099,-0.346,-0.363,0.424,0.695,0.811,0.708,-0.174,0.459,-0.386,0.461,0.581,0.136,0.609,0.529,0.116,-0.164,0.754,0.454,-0.349,-0.188,0.221,0.194,0.644,-0.234,0.53,0.424,0.726,-0.612,-0.075,-0.078,0.119,-0.324,-0.479,-0.167,0.132,0.295,0.453,0.415,0.136,0.421,0.329,0.661,0.164,0.52,0.665,0.59,0.702,0.38,-0.174,-0.296,0.795,-0.277,-0.068,0.769,-0.197,0.247,0.25,-0.321,0.298,-0.436,0.71,-0.07,0.413,0.682,0.1,-0.017,0.7,-0.296,0.519,0.572,-0.406,-0.32,0.475,0.523,-0.507,-0.054,-0.105,-0.502,0.057,0.384,-0.277,0.447,0.429,0.805,0.431,-0.176,0.734,-0.552,0.512,0.196,-0.421,0.226,-0.105,0.593,-0.43,0.206,0.701,0.221,0.681,0.607,-0.03,0.739,0.687,0.551,0.234,-0.309,0.597,0.466,0.61,0.754,-0.04,-0.119,0.449,0.466,0.727,-0.068,0.626,-0.439,0.559,0.741,0.296,0.722,-0.405,0.446,0.487,-0.145,-0.403,0.237,-0.333,0.698,0.63,0.724,0.576,-0.236,0.393,-0.436,0.313,-0.189,0.349,-0.077,0.583,-0.182,0.71,0.669,0.573,-0.058,0.063,-0.123,0.397,0.52,-0.132,-0.173,-0.281,0.04,-0.055,0.771,0.16,0.605,-0.397,0.738
