,000001SZ,000002SZ,000157SZ,000166SZ,000333SZ,000338SZ,000538SZ,000568SZ,000596SZ,000617SZ,000625SZ,000651SZ,000661SZ,000708SZ,000725SZ,000768SZ,000776SZ,000786SZ,000800SZ,000807SZ,000858SZ,000876SZ,000895SZ,000938SZ,000963SZ,000999SZ,001965SZ,002001SZ,002007SZ,002027SZ,002028SZ,002050SZ,002129SZ,002179SZ,002230SZ,002236SZ,002241SZ,002271SZ,002304SZ,002311SZ,002371SZ,002415SZ,002422SZ,002459SZ,002460SZ,002463SZ,002466SZ,002475SZ,002493SZ,002555SZ,002594SZ,002601SZ,002648SZ,002709SZ,002714SZ,002916SZ,002920SZ,002938SZ,003816SZ,300014SZ,300033SZ,300059SZ,300122SZ,300124SZ,300274SZ,300308SZ,300316SZ,300347SZ,300394SZ,300408SZ,300413SZ,300418SZ,300433SZ,300450SZ,300498SZ,300502SZ,300628SZ,300661SZ,300750SZ,300759SZ,300760SZ,300782SZ,600000SS,600010SS,600011SS,600015SS,600016SS,600018SS,600019SS,600023SS,600025SS,600026SS,600028SS,600029SS,600031SS,600036SS,600048SS,600050SS,600061SS,600085SS,600089SS,600104SS,600111SS,600115SS,600161SS,600183SS,600188SS,600196SS,600219SS,600233SS,600276SS,600309SS,600332SS,600346SS,600362SS,600377SS,600406SS,600415SS,600426SS,600436SS,600438SS,600489SS,600519SS,600570SS,600585SS,600588SS,600600SS,600660SS,600674SS,600741SS,600760SS,600795SS,600809SS,600875SS,600886SS,600887SS,600926SS,600989SS,601006SS,601009SS,601012SS,601021SS,601058SS,601066SS,601088SS,601100SS,601117SS,601138SS,601166SS,601169SS,601186SS,601225SS,601229SS,601238SS,601288SS,601318SS,601319SS,601328SS,601336SS,601360SS,601390SS,601398SS,601600SS,601601SS,601607SS,601618SS,601628SS,601633SS,601658SS,601668SS,601669SS,601688SS,601689SS,601698SS,601699SS,601766SS,601788SS,601799SS,601800SS,601808SS,601816SS,601818SS,601838SS,601857SS,601865SS,601872SS,601877SS,601878SS,601881SS,601888SS,601899SS,601901SS,601919SS,601939SS,601985SS,601988SS,601998SS,603019SS,603195SS,603259SS,603260SS,603288SS,603369SS,603501SS,603659SS,603799SS,603806SS,603833SS,603986SS,603993SS,688008SS,688009SS,688012SS,688036SS,688111SS,688169SS,688396SS
000001SZ,1.0,0.502,0.605,0.711,0.72,0.746,0.604,-0.114,0.096,0.854,-0.128,0.483,-0.279,0.179,0.154,0.185,0.407,0.628,0.273,0.058,0.298,-0.136,0.822,0.102,-0.347,0.819,0.504,0.067,-0.23,-0.157,-0.153,-0.517,-0.241,-0.047,0.326,0.169,-0.402,0.023,-0.189,-0.351,0.337,0.234,-0.334,0.078,-0.476,0.094,-0.248,-0.374,0.105,0.154,-0.365,0.335,0.076,-0.512,-0.246,-0.331,-0.443,-0.265,0.703,-0.421,-0.258,0.189,-0.252,-0.012,-0.065,0.299,-0.436,-0.488,0.176,-0.24,0.049,0.473,-0.101,-0.404,-0.192,0.194,0.275,-0.355,-0.175,-0.559,0.115,-0.443,0.84,0.746,0.574,0.734,0.914,0.643,0.42,0.611,0.353,0.489,0.674,0.655,0.484,0.632,0.778,0.787,0.778,0.057,0.579,0.894,-0.001,0.825,-0.098,-0.315,0.629,-0.136,0.256,-0.165,-0.228,0.163,0.167,-0.025,0.411,0.469,-0.068,0.697,-0.137,0.178,0.126,0.087,0.055,-0.107,0.73,-0.309,0.582,-0.157,0.451,0.488,-0.151,0.432,-0.068,0.553,0.501,0.706,0.642,-0.206,0.622,0.664,-0.34,0.44,-0.323,0.446,0.69,-0.616,0.717,0.329,0.757,0.663,0.917,0.554,0.709,0.256,0.809,0.772,0.921,0.685,0.535,-0.027,0.912,0.795,0.564,0.613,0.436,0.911,0.754,-0.412,0.878,0.928,0.735,0.83,-0.514,0.207,0.5,0.919,0.767,0.234,0.865,0.587,0.803,0.844,0.64,0.832,-0.684,0.508,-0.287,0.248,0.61,0.586,0.136,0.083,0.639,0.782,0.677,0.779,0.77,-0.025,0.319,-0.452,-0.487,0.206,0.021,-0.127,-0.481,-0.324,-0.306,0.3,-0.366,0.699,-0.636,0.808,-0.544,0.845,-0.135,0.424,0.151
000002SZ,0.502,1.0,-0.261,0.871,-0.137,0.0,0.835,0.683,0.647,0.693,0.615,-0.218,0.614,0.881,0.864,0.823,0.924,-0.192,0.903,0.828,0.806,0.616,0.042,0.698,0.469,0.481,0.696,0.751,0.681,0.698,0.106,0.347,-0.525,0.755,0.643,0.585,0.463,0.81,0.675,0.34,-0.346,0.643,0.563,-0.41,0.109,-0.237,-0.367,0.52,0.868,0.571,0.273,0.948,0.805,0.084,0.564,0.574,0.451,0.566,0.068,0.198,0.645,0.811,0.621,0.795,-0.607,-0.111,0.318,0.26,-0.29,0.624,0.777,0.48,0.682,0.419,0.544,-0.449,0.865,0.511,-0.136,0.256,0.724,0.368,0.493,0.843,0.176,0.284,0.412,-0.132,0.875,0.244,0.76,-0.06,0.844,-0.044,0.939,-0.274,0.872,0.786,0.83,0.754,-0.178,0.532,0.808,0.576,0.745,0.375,0.342,0.744,0.86,0.261,0.523,0.858,0.873,0.796,0.812,-0.112,0.726,0.471,0.746,0.714,-0.58,0.867,0.723,0.647,0.67,0.607,0.575,-0.271,0.915,-0.172,0.703,0.861,0.767,0.89,0.893,-0.024,-0.308,0.628,0.466,-0.248,0.078,-0.399,-0.19,0.726,0.058,-0.112,0.915,0.017,-0.039,-0.236,0.608,-0.281,-0.162,0.826,0.443,0.358,0.592,0.611,0.886,0.74,0.474,0.205,0.943,0.844,0.951,0.653,0.773,0.366,0.246,0.616,0.896,0.528,0.349,0.866,0.789,0.358,0.61,-0.504,0.749,0.75,0.493,0.102,-0.278,0.594,-0.339,-0.106,0.437,0.844,0.934,0.033,0.873,0.832,0.721,0.655,0.324,0.596,0.023,0.756,0.708,-0.664,0.255,0.549,0.812,0.711,0.069,0.557,-0.763,0.841,0.435,0.709,0.178,0.729,0.104,0.291,0.674,-0.348,0.774
000157SZ,0.605,-0.261,1.0,0.11,0.881,0.748,0.055,-0.652,-0.447,0.414,-0.631,0.51,-0.716,-0.52,-0.555,-0.352,-0.304,0.749,-0.478,-0.685,-0.25,-0.656,0.852,-0.367,-0.737,0.619,-0.037,-0.588,-0.803,-0.756,-0.47,-0.886,0.301,-0.584,-0.065,-0.205,-0.829,-0.663,-0.702,-0.664,0.806,-0.092,-0.835,0.591,-0.771,0.538,-0.099,-0.838,-0.537,-0.09,-0.768,-0.41,-0.546,-0.675,-0.678,-0.845,-0.909,-0.722,0.647,-0.7,-0.837,-0.371,-0.697,-0.604,0.449,0.607,-0.662,-0.748,0.63,-0.7,-0.46,0.223,-0.643,-0.841,-0.747,0.74,-0.328,-0.772,-0.072,-0.858,-0.355,-0.81,0.576,0.137,0.39,0.467,0.652,0.744,-0.261,0.408,-0.19,0.522,0.121,0.713,-0.219,0.927,0.159,0.309,0.209,-0.456,0.752,0.581,-0.665,0.435,-0.709,-0.669,0.375,-0.781,-0.466,-0.366,-0.581,-0.437,-0.54,-0.611,-0.315,0.477,-0.591,0.352,-0.755,-0.257,0.608,-0.607,-0.517,-0.583,0.147,-0.778,0.105,-0.082,-0.245,0.521,-0.672,-0.235,-0.656,-0.088,-0.18,0.67,0.873,-0.762,0.24,0.946,-0.356,0.735,-0.397,0.036,0.682,-0.692,0.065,0.556,0.909,0.918,0.519,0.813,0.885,-0.444,0.521,0.673,0.57,0.21,-0.013,-0.548,0.616,0.738,-0.198,0.083,-0.267,0.486,0.292,-0.779,0.754,0.487,0.074,0.555,-0.88,-0.41,-0.139,0.724,0.444,0.678,0.363,-0.038,0.548,0.807,0.844,0.423,-0.581,0.554,-0.736,-0.32,-0.03,0.65,-0.595,-0.553,0.167,0.301,0.462,0.353,0.743,-0.538,-0.085,0.079,-0.684,-0.059,-0.634,-0.686,-0.659,-0.817,0.249,-0.398,-0.712,0.074,-0.867,0.255,-0.621,0.749,-0.661,0.72,-0.419
000166SZ,0.711,0.871,0.11,1.0,0.171,0.23,0.838,0.458,0.456,0.877,0.371,-0.145,0.388,0.677,0.647,0.77,0.847,-0.012,0.713,0.538,0.777,0.379,0.309,0.623,0.238,0.709,0.586,0.469,0.403,0.435,-0.121,0.036,-0.389,0.596,0.728,0.559,0.183,0.525,0.442,0.108,0.013,0.69,0.267,-0.16,-0.276,0.06,-0.503,0.27,0.697,0.628,-0.012,0.8,0.663,-0.197,0.368,0.264,0.118,0.351,0.231,-0.067,0.357,0.768,0.424,0.62,-0.428,0.189,0.102,-0.001,0.049,0.429,0.694,0.574,0.481,0.097,0.24,-0.107,0.791,0.254,-0.087,-0.036,0.688,0.041,0.77,0.901,0.214,0.373,0.629,0.081,0.774,0.294,0.719,0.063,0.912,0.142,0.878,0.074,0.913,0.927,0.904,0.632,0.005,0.764,0.58,0.707,0.482,0.108,0.408,0.462,0.644,0.175,0.37,0.756,0.655,0.558,0.588,-0.027,0.524,0.601,0.506,0.733,-0.379,0.659,0.605,0.485,0.602,0.364,0.571,-0.467,0.806,-0.099,0.509,0.751,0.548,0.831,0.822,0.169,-0.021,0.324,0.48,0.085,-0.097,-0.222,-0.442,0.875,0.245,-0.43,0.943,0.337,0.323,0.066,0.8,-0.032,0.12,0.655,0.645,0.691,0.832,0.696,0.923,0.593,0.703,0.5,0.798,0.904,0.857,0.836,0.929,0.094,0.517,0.774,0.928,0.842,0.056,0.775,0.699,0.594,0.874,-0.225,0.878,0.613,0.696,0.358,-0.032,0.685,-0.58,0.035,0.114,0.796,0.944,0.196,0.627,0.652,0.829,0.767,0.426,0.729,0.259,0.649,0.816,-0.57,-0.015,0.657,0.576,0.49,-0.198,0.257,-0.7,0.635,0.216,0.635,-0.116,0.775,-0.052,0.615,0.475,-0.132,0.676
000333SZ,0.72,-0.137,0.881,0.171,1.0,0.856,0.128,-0.655,-0.468,0.48,-0.628,0.724,-0.705,-0.351,-0.436,-0.396,-0.208,0.843,-0.325,-0.508,-0.291,-0.593,0.906,-0.454,-0.754,0.625,0.213,-0.404,-0.723,-0.644,-0.23,-0.829,-0.011,-0.582,-0.165,-0.327,-0.808,-0.556,-0.709,-0.652,0.554,-0.232,-0.763,0.288,-0.66,0.192,-0.125,-0.814,-0.457,-0.252,-0.699,-0.3,-0.446,-0.698,-0.664,-0.782,-0.839,-0.729,0.785,-0.744,-0.737,-0.398,-0.72,-0.56,0.247,0.298,-0.766,-0.785,0.311,-0.71,-0.493,0.099,-0.635,-0.803,-0.618,0.459,-0.324,-0.785,-0.289,-0.84,-0.425,-0.76,0.612,0.204,0.643,0.719,0.779,0.846,-0.067,0.646,-0.034,0.605,0.197,0.734,-0.148,0.857,0.218,0.316,0.292,-0.412,0.792,0.604,-0.59,0.465,-0.632,-0.668,0.606,-0.664,-0.262,-0.4,-0.673,-0.405,-0.371,-0.532,-0.054,0.714,-0.532,0.39,-0.671,-0.345,0.453,-0.487,-0.509,-0.634,0.362,-0.757,0.135,0.081,-0.077,0.628,-0.686,-0.018,-0.631,0.014,0.028,0.728,0.895,-0.667,0.502,0.925,-0.533,0.804,-0.245,-0.02,0.827,-0.626,0.178,0.248,0.828,0.947,0.601,0.877,0.94,-0.34,0.679,0.547,0.624,0.441,0.001,-0.581,0.684,0.8,-0.008,0.133,-0.146,0.561,0.266,-0.779,0.838,0.604,0.209,0.535,-0.831,-0.41,0.101,0.76,0.423,0.504,0.459,0.201,0.526,0.911,0.892,0.571,-0.543,0.723,-0.66,-0.317,0.048,0.552,-0.433,-0.499,0.243,0.5,0.626,0.544,0.879,-0.565,-0.107,-0.152,-0.798,-0.232,-0.557,-0.687,-0.666,-0.788,0.159,-0.261,-0.776,0.321,-0.893,0.38,-0.746,0.663,-0.658,0.659,-0.39
000338SZ,0.746,0.0,0.748,0.23,0.856,1.0,0.277,-0.583,-0.353,0.564,-0.469,0.712,-0.682,-0.199,-0.284,-0.337,-0.018,0.912,-0.103,-0.309,-0.259,-0.409,0.902,-0.331,-0.621,0.55,0.352,-0.139,-0.597,-0.52,0.034,-0.732,-0.075,-0.489,-0.146,-0.185,-0.704,-0.368,-0.647,-0.579,0.435,-0.26,-0.614,0.176,-0.442,0.047,0.089,-0.724,-0.394,-0.255,-0.43,-0.144,-0.31,-0.512,-0.589,-0.632,-0.708,-0.603,0.899,-0.552,-0.584,-0.295,-0.681,-0.531,0.235,0.171,-0.675,-0.644,0.145,-0.643,-0.421,0.141,-0.488,-0.584,-0.412,0.316,-0.213,-0.724,-0.26,-0.668,-0.362,-0.621,0.509,0.395,0.779,0.807,0.76,0.929,0.059,0.787,0.087,0.775,0.277,0.832,-0.007,0.747,0.288,0.359,0.43,-0.377,0.902,0.635,-0.422,0.621,-0.46,-0.505,0.707,-0.477,-0.023,-0.171,-0.601,-0.389,-0.18,-0.464,0.2,0.803,-0.481,0.53,-0.549,-0.376,0.469,-0.338,-0.47,-0.536,0.563,-0.689,0.31,0.165,0.087,0.759,-0.585,0.155,-0.585,0.229,0.138,0.711,0.839,-0.439,0.66,0.8,-0.409,0.795,-0.042,-0.064,0.878,-0.436,0.314,0.076,0.686,0.86,0.669,0.866,0.916,-0.108,0.702,0.452,0.663,0.476,0.059,-0.501,0.746,0.707,0.2,0.173,0.013,0.649,0.29,-0.647,0.792,0.688,0.343,0.56,-0.716,-0.27,0.284,0.834,0.442,0.424,0.516,0.43,0.543,0.886,0.86,0.639,-0.386,0.864,-0.384,-0.213,0.175,0.559,-0.264,-0.336,0.351,0.531,0.773,0.568,0.865,-0.52,-0.167,-0.1,-0.593,-0.294,-0.486,-0.575,-0.45,-0.613,0.188,-0.051,-0.693,0.554,-0.843,0.59,-0.699,0.689,-0.583,0.677,-0.261
000538SZ,0.604,0.835,0.055,0.838,0.128,0.277,1.0,0.538,0.546,0.729,0.567,-0.158,0.425,0.752,0.683,0.727,0.848,0.067,0.799,0.633,0.73,0.567,0.267,0.66,0.398,0.636,0.73,0.645,0.482,0.413,0.176,0.183,-0.34,0.64,0.609,0.636,0.307,0.637,0.494,0.33,0.033,0.689,0.414,-0.199,-0.114,-0.012,-0.291,0.313,0.665,0.591,0.121,0.767,0.629,0.072,0.488,0.395,0.215,0.467,0.197,0.096,0.37,0.692,0.439,0.575,-0.409,0.036,0.268,0.137,-0.119,0.48,0.666,0.458,0.602,0.258,0.44,-0.176,0.765,0.363,-0.023,0.109,0.604,0.276,0.549,0.884,0.261,0.378,0.539,0.07,0.708,0.421,0.849,0.326,0.818,0.239,0.831,-0.074,0.768,0.812,0.856,0.706,0.115,0.705,0.62,0.762,0.605,0.374,0.403,0.529,0.729,0.412,0.484,0.67,0.735,0.585,0.677,0.023,0.603,0.525,0.495,0.625,-0.337,0.7,0.554,0.54,0.746,0.422,0.622,-0.181,0.876,0.087,0.533,0.786,0.524,0.902,0.805,0.086,-0.081,0.521,0.521,0.0,0.016,-0.11,-0.151,0.685,0.209,-0.158,0.865,0.124,0.159,0.011,0.663,-0.076,0.087,0.763,0.563,0.478,0.688,0.62,0.872,0.609,0.555,0.343,0.839,0.796,0.856,0.718,0.832,0.273,0.375,0.644,0.85,0.66,0.195,0.76,0.672,0.538,0.69,-0.197,0.747,0.78,0.745,0.283,-0.064,0.592,-0.352,0.155,0.36,0.8,0.917,0.168,0.692,0.717,0.81,0.667,0.423,0.634,0.141,0.573,0.704,-0.497,0.178,0.538,0.602,0.522,0.067,0.391,-0.552,0.805,0.336,0.67,-0.033,0.787,0.116,0.455,0.479,-0.003,0.778
000568SZ,-0.114,0.683,-0.652,0.458,-0.655,-0.583,0.538,1.0,0.873,0.056,0.938,-0.677,0.866,0.753,0.789,0.866,0.723,-0.661,0.791,0.836,0.853,0.9,-0.542,0.874,0.917,-0.047,0.273,0.686,0.907,0.751,0.24,0.824,-0.181,0.919,0.641,0.75,0.886,0.903,0.975,0.853,-0.365,0.745,0.904,-0.349,0.384,-0.15,-0.13,0.892,0.823,0.621,0.599,0.766,0.729,0.641,0.891,0.908,0.858,0.935,-0.596,0.697,0.816,0.802,0.896,0.872,-0.425,-0.185,0.862,0.764,-0.323,0.93,0.855,0.256,0.956,0.821,0.823,-0.476,0.804,0.946,0.359,0.744,0.741,0.825,-0.097,0.439,-0.478,-0.414,-0.271,-0.714,0.444,-0.332,0.574,-0.335,0.348,-0.413,0.72,-0.725,0.391,0.305,0.311,0.801,-0.651,0.04,0.921,0.161,0.901,0.822,-0.356,0.871,0.618,0.589,0.926,0.819,0.751,0.822,0.413,-0.676,0.828,0.045,0.87,0.766,-0.597,0.853,0.869,0.934,0.169,0.917,0.427,-0.182,0.613,-0.414,0.946,0.469,0.941,0.563,0.494,-0.435,-0.74,0.838,-0.184,-0.713,0.397,-0.717,0.108,0.524,-0.643,0.383,0.406,-0.049,-0.5,-0.759,-0.06,-0.844,-0.733,0.827,-0.233,-0.06,-0.045,-0.008,0.574,0.936,-0.221,-0.436,0.54,0.392,0.65,0.006,0.389,0.87,-0.425,-0.075,0.378,0.014,0.831,0.861,0.254,-0.267,0.103,-0.441,0.123,0.297,0.162,-0.561,-0.758,-0.124,0.201,-0.609,0.741,0.804,0.552,-0.272,0.786,0.883,0.285,-0.013,-0.375,-0.08,-0.637,0.869,0.634,-0.242,0.716,0.663,0.942,0.954,0.602,0.909,-0.499,0.794,0.918,0.103,0.744,0.194,0.726,-0.214,0.932,-0.466,0.87
000596SZ,0.096,0.647,-0.447,0.456,-0.468,-0.353,0.546,0.873,1.0,0.141,0.869,-0.46,0.605,0.584,0.684,0.746,0.692,-0.387,0.723,0.73,0.808,0.771,-0.287,0.839,0.759,0.02,0.224,0.569,0.698,0.559,0.216,0.649,-0.013,0.752,0.689,0.799,0.722,0.794,0.803,0.755,-0.157,0.709,0.709,-0.131,0.334,-0.01,0.054,0.714,0.636,0.578,0.557,0.658,0.54,0.58,0.684,0.731,0.699,0.783,-0.407,0.673,0.619,0.723,0.677,0.687,-0.181,0.026,0.732,0.667,-0.168,0.736,0.685,0.449,0.828,0.703,0.71,-0.276,0.757,0.788,0.498,0.581,0.664,0.694,-0.031,0.516,-0.433,-0.318,-0.131,-0.485,0.301,-0.279,0.454,-0.129,0.304,-0.112,0.705,-0.492,0.462,0.347,0.39,0.586,-0.394,0.204,0.791,0.394,0.73,0.762,-0.36,0.68,0.509,0.599,0.797,0.649,0.576,0.605,0.39,-0.58,0.584,0.218,0.665,0.665,-0.311,0.681,0.746,0.864,0.293,0.683,0.589,-0.15,0.528,-0.105,0.762,0.337,0.769,0.566,0.409,-0.103,-0.443,0.691,-0.124,-0.486,0.428,-0.459,0.179,0.469,-0.522,0.32,0.413,0.093,-0.258,-0.54,0.066,-0.645,-0.503,0.813,-0.202,0.082,0.072,-0.061,0.488,0.812,-0.067,-0.337,0.54,0.316,0.542,0.125,0.443,0.768,-0.287,0.063,0.383,0.129,0.645,0.767,0.169,-0.047,0.183,-0.144,0.18,0.32,0.333,-0.367,-0.474,-0.064,0.15,-0.486,0.683,0.71,0.506,-0.013,0.64,0.764,0.285,-0.021,-0.303,-0.089,-0.462,0.68,0.528,-0.094,0.632,0.637,0.776,0.834,0.576,0.751,-0.329,0.788,0.806,0.208,0.577,0.311,0.587,-0.02,0.834,-0.161,0.766
000617SZ,0.854,0.693,0.414,0.877,0.48,0.564,0.729,0.056,0.141,1.0,0.005,0.21,0.029,0.44,0.39,0.438,0.633,0.343,0.475,0.254,0.458,0.019,0.625,0.287,-0.16,0.82,0.606,0.296,0.038,0.166,-0.211,-0.346,-0.371,0.222,0.483,0.263,-0.213,0.208,0.05,-0.281,0.145,0.388,-0.102,-0.041,-0.419,0.099,-0.433,-0.125,0.395,0.38,-0.266,0.565,0.387,-0.497,-0.028,-0.107,-0.247,-0.047,0.607,-0.384,0.03,0.485,0.038,0.277,-0.287,0.268,-0.289,-0.33,0.156,0.025,0.352,0.529,0.098,-0.245,-0.103,0.06,0.52,-0.158,-0.302,-0.374,0.408,-0.315,0.871,0.839,0.534,0.658,0.837,0.478,0.69,0.55,0.539,0.285,0.895,0.415,0.659,0.405,0.867,0.9,0.894,0.322,0.377,0.845,0.25,0.765,0.145,-0.217,0.675,0.14,0.506,-0.055,-0.019,0.442,0.426,0.264,0.565,0.339,0.208,0.733,0.17,0.412,-0.136,0.356,0.262,0.104,0.677,-0.029,0.489,-0.391,0.659,0.15,0.121,0.665,0.172,0.717,0.73,0.431,0.32,0.019,0.697,0.414,-0.248,0.129,-0.494,0.686,0.623,-0.594,0.908,0.346,0.566,0.437,0.968,0.388,0.493,0.384,0.836,0.767,0.968,0.788,0.772,0.222,0.931,0.756,0.713,0.84,0.685,0.972,0.871,-0.3,0.773,0.946,0.9,0.907,-0.336,0.469,0.726,0.844,0.931,-0.082,0.953,0.643,0.732,0.677,0.335,0.871,-0.721,0.347,-0.154,0.515,0.819,0.421,0.376,0.332,0.781,0.875,0.727,0.855,0.603,0.291,0.573,-0.542,-0.316,0.389,0.224,0.11,-0.477,-0.113,-0.552,0.385,-0.186,0.742,-0.481,0.854,-0.436,0.79,0.085,0.07,0.344
000625SZ,-0.128,0.615,-0.631,0.371,-0.628,-0.469,0.567,0.938,0.869,0.005,1.0,-0.647,0.794,0.721,0.752,0.787,0.709,-0.552,0.799,0.828,0.756,0.918,-0.516,0.868,0.94,-0.12,0.264,0.715,0.873,0.699,0.4,0.852,-0.126,0.878,0.61,0.78,0.898,0.892,0.911,0.896,-0.309,0.694,0.911,-0.31,0.443,-0.133,0.025,0.863,0.714,0.575,0.696,0.677,0.674,0.741,0.876,0.91,0.852,0.947,-0.569,0.748,0.779,0.751,0.837,0.783,-0.329,-0.212,0.884,0.809,-0.345,0.887,0.788,0.264,0.965,0.861,0.853,-0.424,0.77,0.929,0.421,0.787,0.676,0.891,-0.21,0.426,-0.439,-0.401,-0.297,-0.654,0.355,-0.293,0.576,-0.159,0.265,-0.306,0.654,-0.745,0.286,0.229,0.297,0.755,-0.539,0.011,0.874,0.214,0.893,0.914,-0.367,0.835,0.62,0.726,0.919,0.686,0.709,0.733,0.425,-0.627,0.758,0.026,0.787,0.661,-0.496,0.795,0.743,0.934,0.211,0.868,0.42,-0.114,0.585,-0.255,0.883,0.425,0.822,0.563,0.423,-0.446,-0.697,0.879,-0.14,-0.715,0.447,-0.62,0.286,0.426,-0.61,0.494,0.342,-0.125,-0.542,-0.743,-0.117,-0.795,-0.691,0.839,-0.282,-0.141,-0.09,-0.085,0.498,0.897,-0.265,-0.507,0.517,0.301,0.595,-0.043,0.325,0.92,-0.473,-0.122,0.309,-0.029,0.857,0.809,0.22,-0.258,0.056,-0.367,0.036,0.334,0.168,-0.57,-0.708,-0.192,0.329,-0.502,0.837,0.78,0.513,-0.276,0.732,0.885,0.272,-0.079,-0.37,-0.143,-0.66,0.777,0.535,-0.108,0.763,0.565,0.834,0.913,0.728,0.91,-0.354,0.819,0.935,0.133,0.724,0.204,0.76,-0.229,0.897,-0.339,0.881
000651SZ,0.483,-0.218,0.51,-0.145,0.724,0.712,-0.158,-0.677,-0.46,0.21,-0.647,1.0,-0.738,-0.376,-0.415,-0.658,-0.323,0.808,-0.318,-0.386,-0.546,-0.565,0.691,-0.667,-0.745,0.211,0.212,-0.215,-0.659,-0.495,0.021,-0.668,-0.098,-0.733,-0.527,-0.584,-0.723,-0.467,-0.716,-0.631,0.116,-0.637,-0.662,0.051,-0.105,-0.223,0.243,-0.741,-0.527,-0.646,-0.381,-0.337,-0.543,-0.481,-0.763,-0.653,-0.601,-0.758,0.802,-0.493,-0.601,-0.593,-0.802,-0.657,0.212,-0.063,-0.766,-0.609,-0.072,-0.785,-0.72,-0.156,-0.696,-0.566,-0.458,0.076,-0.514,-0.765,-0.384,-0.617,-0.64,-0.611,0.236,-0.018,0.716,0.728,0.515,0.826,-0.098,0.634,-0.292,0.458,-0.069,0.632,-0.294,0.636,0.04,-0.051,0.053,-0.627,0.753,0.275,-0.543,0.219,-0.614,-0.595,0.594,-0.541,-0.164,-0.423,-0.796,-0.565,-0.339,-0.522,0.134,0.851,-0.621,0.3,-0.609,-0.688,0.432,-0.502,-0.58,-0.744,0.413,-0.767,0.105,0.465,-0.195,0.731,-0.741,-0.074,-0.635,-0.119,-0.064,0.762,0.796,-0.546,0.507,0.679,-0.365,0.805,0.148,-0.455,0.729,-0.234,-0.008,-0.196,0.495,0.761,0.368,0.798,0.783,-0.336,0.418,0.079,0.289,0.286,-0.327,-0.733,0.458,0.484,0.007,-0.171,-0.285,0.31,-0.124,-0.674,0.578,0.432,0.036,0.108,-0.692,-0.598,0.106,0.516,0.003,0.273,0.221,0.242,0.148,0.72,0.847,0.443,-0.199,0.667,-0.44,-0.554,-0.212,0.496,-0.352,-0.578,-0.138,0.288,0.605,0.314,0.804,-0.736,-0.513,-0.141,-0.648,-0.618,-0.528,-0.689,-0.448,-0.647,0.28,-0.272,-0.785,0.413,-0.655,0.259,-0.795,0.276,-0.706,0.506,-0.624
000661SZ,-0.279,0.614,-0.716,0.388,-0.705,-0.682,0.425,0.866,0.605,0.029,0.794,-0.738,1.0,0.806,0.802,0.799,0.646,-0.811,0.703,0.797,0.666,0.763,-0.669,0.705,0.832,-0.122,0.265,0.686,0.946,0.873,0.189,0.836,-0.34,0.912,0.493,0.499,0.885,0.802,0.934,0.729,-0.539,0.644,0.894,-0.441,0.398,-0.191,-0.335,0.91,0.879,0.581,0.515,0.698,0.817,0.485,0.903,0.903,0.838,0.878,-0.64,0.517,0.874,0.763,0.967,0.929,-0.638,-0.297,0.759,0.691,-0.343,0.944,0.87,0.106,0.857,0.74,0.698,-0.538,0.725,0.907,0.063,0.734,0.728,0.779,-0.089,0.248,-0.401,-0.366,-0.289,-0.793,0.57,-0.345,0.58,-0.545,0.373,-0.683,0.571,-0.81,0.244,0.22,0.209,0.884,-0.765,-0.176,0.849,-0.122,0.893,0.676,-0.232,0.882,0.641,0.439,0.828,0.851,0.773,0.929,0.405,-0.631,0.93,-0.153,0.914,0.731,-0.796,0.853,0.752,0.841,0.03,0.972,0.033,-0.273,0.598,-0.675,0.911,0.531,0.9,0.446,0.519,-0.694,-0.885,0.839,-0.095,-0.808,0.329,-0.865,-0.055,0.524,-0.574,0.312,0.354,-0.13,-0.615,-0.8,-0.135,-0.822,-0.789,0.62,-0.19,-0.175,-0.114,0.106,0.585,0.872,-0.279,-0.401,0.461,0.462,0.654,-0.089,0.268,0.768,-0.44,-0.166,0.313,-0.07,0.823,0.783,0.374,-0.411,0.074,-0.707,0.068,0.21,-0.094,-0.615,-0.875,-0.119,0.131,-0.639,0.621,0.777,0.513,-0.534,0.802,0.856,0.269,0.057,-0.313,0.005,-0.657,0.904,0.645,-0.343,0.651,0.536,0.856,0.891,0.44,0.857,-0.625,0.603,0.834,0.061,0.735,0.03,0.669,-0.38,0.878,-0.761,0.78
000708SZ,0.179,0.881,-0.52,0.677,-0.351,-0.199,0.752,0.753,0.584,0.44,0.721,-0.376,0.806,1.0,0.926,0.796,0.876,-0.41,0.928,0.936,0.688,0.762,-0.261,0.663,0.669,0.223,0.721,0.879,0.867,0.851,0.37,0.61,-0.655,0.857,0.497,0.502,0.67,0.877,0.784,0.557,-0.577,0.574,0.788,-0.642,0.303,-0.431,-0.353,0.701,0.911,0.504,0.43,0.889,0.904,0.292,0.774,0.786,0.659,0.739,-0.142,0.313,0.82,0.77,0.781,0.864,-0.769,-0.425,0.471,0.442,-0.536,0.772,0.829,0.209,0.788,0.603,0.724,-0.677,0.797,0.685,-0.212,0.513,0.67,0.62,0.204,0.623,0.113,0.164,0.147,-0.347,0.872,0.196,0.864,-0.126,0.693,-0.31,0.793,-0.593,0.583,0.535,0.608,0.885,-0.38,0.21,0.875,0.286,0.902,0.541,0.261,0.894,0.934,0.397,0.62,0.852,0.966,0.902,0.801,-0.164,0.882,0.175,0.869,0.65,-0.78,0.959,0.701,0.709,0.526,0.801,0.333,-0.142,0.931,-0.314,0.798,0.903,0.815,0.8,0.883,-0.375,-0.581,0.848,0.432,-0.535,0.064,-0.554,0.007,0.575,-0.11,0.157,0.739,-0.282,-0.397,-0.474,0.313,-0.478,-0.411,0.814,0.267,-0.002,0.296,0.529,0.782,0.784,0.169,-0.053,0.851,0.713,0.926,0.362,0.53,0.558,-0.042,0.311,0.723,0.242,0.612,0.856,0.782,0.04,0.35,-0.707,0.486,0.701,0.217,-0.169,-0.542,0.349,-0.082,-0.164,0.616,0.835,0.812,-0.336,0.95,0.9,0.622,0.507,0.207,0.446,-0.222,0.809,0.673,-0.639,0.415,0.413,0.851,0.787,0.281,0.726,-0.742,0.826,0.593,0.576,0.398,0.515,0.311,-0.064,0.752,-0.562,0.815
000725SZ,0.154,0.864,-0.555,0.647,-0.436,-0.284,0.683,0.789,0.684,0.39,0.752,-0.415,0.802,0.926,1.0,0.8,0.858,-0.466,0.889,0.916,0.708,0.728,-0.313,0.683,0.675,0.143,0.568,0.817,0.871,0.876,0.301,0.638,-0.558,0.868,0.529,0.563,0.732,0.87,0.812,0.566,-0.55,0.633,0.786,-0.548,0.357,-0.368,-0.318,0.743,0.896,0.532,0.463,0.86,0.866,0.315,0.782,0.802,0.688,0.763,-0.236,0.403,0.851,0.784,0.811,0.874,-0.728,-0.343,0.51,0.477,-0.455,0.783,0.829,0.283,0.802,0.636,0.719,-0.625,0.79,0.731,-0.083,0.537,0.7,0.641,0.176,0.58,-0.035,0.062,0.091,-0.437,0.804,0.022,0.759,-0.204,0.634,-0.372,0.79,-0.587,0.569,0.528,0.559,0.857,-0.449,0.16,0.869,0.254,0.878,0.576,0.113,0.88,0.849,0.361,0.639,0.856,0.906,0.881,0.73,-0.305,0.867,0.134,0.854,0.713,-0.762,0.93,0.721,0.756,0.485,0.815,0.325,-0.169,0.847,-0.342,0.808,0.778,0.836,0.726,0.787,-0.357,-0.593,0.828,0.298,-0.572,0.153,-0.632,-0.016,0.581,-0.228,0.136,0.682,-0.188,-0.376,-0.526,0.265,-0.553,-0.467,0.795,0.143,0.025,0.246,0.42,0.759,0.805,0.121,-0.118,0.796,0.684,0.864,0.304,0.52,0.597,-0.079,0.262,0.672,0.205,0.629,0.862,0.677,-0.006,0.327,-0.676,0.431,0.6,0.172,-0.227,-0.567,0.278,-0.092,-0.265,0.608,0.821,0.767,-0.329,0.91,0.891,0.57,0.417,0.073,0.348,-0.293,0.822,0.643,-0.57,0.47,0.447,0.854,0.827,0.291,0.75,-0.759,0.8,0.648,0.517,0.464,0.453,0.374,-0.056,0.806,-0.586,0.812
000768SZ,0.185,0.823,-0.352,0.77,-0.396,-0.337,0.727,0.866,0.746,0.438,0.787,-0.658,0.799,0.796,0.8,1.0,0.856,-0.537,0.814,0.755,0.944,0.758,-0.269,0.913,0.742,0.322,0.381,0.607,0.79,0.695,0.008,0.554,-0.241,0.931,0.834,0.801,0.67,0.807,0.866,0.609,-0.174,0.883,0.718,-0.223,0.041,0.053,-0.394,0.728,0.879,0.789,0.339,0.859,0.822,0.306,0.799,0.717,0.6,0.811,-0.36,0.388,0.715,0.936,0.85,0.899,-0.461,0.063,0.649,0.5,-0.071,0.856,0.954,0.484,0.868,0.56,0.616,-0.27,0.927,0.762,0.21,0.465,0.879,0.546,0.302,0.677,-0.295,-0.195,0.077,-0.502,0.632,-0.17,0.712,-0.257,0.657,-0.274,0.877,-0.454,0.654,0.642,0.606,0.867,-0.484,0.358,0.871,0.382,0.822,0.561,-0.105,0.776,0.666,0.465,0.834,0.921,0.77,0.812,0.456,-0.561,0.812,0.253,0.815,0.924,-0.57,0.861,0.854,0.882,0.262,0.809,0.452,-0.469,0.749,-0.443,0.914,0.633,0.887,0.736,0.677,-0.331,-0.563,0.686,0.032,-0.452,0.251,-0.659,-0.24,0.829,-0.349,0.0,0.682,0.228,-0.178,-0.504,0.301,-0.605,-0.473,0.8,0.125,0.328,0.341,0.277,0.839,0.943,0.149,-0.062,0.656,0.701,0.825,0.364,0.707,0.609,-0.076,0.257,0.645,0.425,0.577,0.965,0.452,0.062,0.519,-0.386,0.46,0.385,0.409,-0.259,-0.587,0.187,-0.178,-0.452,0.506,0.942,0.802,-0.14,0.771,0.895,0.597,0.321,-0.098,0.264,-0.371,0.95,0.85,-0.388,0.501,0.837,0.861,0.875,0.28,0.715,-0.668,0.742,0.74,0.258,0.443,0.421,0.485,0.168,0.87,-0.422,0.904
000776SZ,0.407,0.924,-0.304,0.847,-0.208,-0.018,0.848,0.723,0.692,0.633,0.709,-0.323,0.646,0.876,0.858,0.856,1.0,-0.252,0.935,0.833,0.818,0.704,-0.042,0.799,0.6,0.353,0.61,0.771,0.73,0.74,0.208,0.46,-0.413,0.813,0.726,0.701,0.561,0.833,0.725,0.468,-0.278,0.701,0.649,-0.357,0.176,-0.174,-0.245,0.607,0.834,0.64,0.431,0.892,0.835,0.245,0.652,0.652,0.536,0.689,-0.027,0.322,0.698,0.903,0.677,0.797,-0.503,-0.092,0.447,0.409,-0.247,0.703,0.837,0.507,0.774,0.536,0.619,-0.394,0.92,0.596,0.02,0.405,0.775,0.485,0.371,0.83,0.064,0.168,0.277,-0.185,0.79,0.156,0.788,-0.005,0.742,-0.056,0.931,-0.366,0.748,0.697,0.794,0.773,-0.199,0.492,0.855,0.56,0.789,0.492,0.221,0.788,0.859,0.504,0.638,0.833,0.854,0.761,0.739,-0.19,0.719,0.416,0.763,0.743,-0.522,0.868,0.734,0.759,0.592,0.667,0.563,-0.286,0.887,-0.147,0.761,0.814,0.762,0.886,0.843,-0.105,-0.369,0.704,0.417,-0.345,0.182,-0.443,-0.067,0.755,-0.042,0.017,0.848,0.023,-0.127,-0.326,0.501,-0.346,-0.242,0.878,0.326,0.3,0.514,0.487,0.845,0.814,0.371,0.072,0.868,0.754,0.902,0.558,0.724,0.502,0.108,0.496,0.812,0.544,0.48,0.901,0.704,0.271,0.621,-0.463,0.615,0.661,0.461,-0.024,-0.361,0.416,-0.164,-0.122,0.562,0.933,0.916,-0.04,0.841,0.909,0.696,0.53,0.235,0.475,-0.108,0.799,0.752,-0.468,0.385,0.611,0.786,0.773,0.239,0.647,-0.634,0.848,0.562,0.625,0.284,0.652,0.265,0.253,0.747,-0.31,0.85
000786SZ,0.628,-0.192,0.749,-0.012,0.843,0.912,0.067,-0.661,-0.387,0.343,-0.552,0.808,-0.811,-0.41,-0.466,-0.537,-0.252,1.0,-0.3,-0.464,-0.401,-0.526,0.881,-0.481,-0.708,0.415,0.18,-0.286,-0.73,-0.679,-0.007,-0.767,0.068,-0.659,-0.329,-0.315,-0.759,-0.496,-0.753,-0.614,0.489,-0.399,-0.714,0.252,-0.404,0.065,0.198,-0.809,-0.568,-0.405,-0.475,-0.337,-0.535,-0.484,-0.722,-0.724,-0.756,-0.721,0.828,-0.534,-0.727,-0.517,-0.818,-0.702,0.368,0.197,-0.698,-0.66,0.165,-0.766,-0.634,0.008,-0.613,-0.634,-0.51,0.382,-0.422,-0.783,-0.197,-0.702,-0.55,-0.645,0.352,0.178,0.675,0.697,0.624,0.904,-0.174,0.693,-0.138,0.778,0.055,0.833,-0.212,0.792,0.128,0.172,0.201,-0.566,0.894,0.491,-0.585,0.495,-0.614,-0.496,0.562,-0.634,-0.242,-0.272,-0.677,-0.566,-0.377,-0.62,0.027,0.781,-0.621,0.426,-0.701,-0.549,0.588,-0.517,-0.579,-0.662,0.475,-0.808,0.25,0.296,-0.134,0.82,-0.731,-0.09,-0.705,0.015,-0.096,0.784,0.902,-0.572,0.478,0.838,-0.383,0.89,0.026,-0.291,0.784,-0.379,0.084,0.057,0.684,0.877,0.502,0.87,0.904,-0.27,0.525,0.341,0.478,0.279,-0.173,-0.659,0.602,0.611,0.007,-0.05,-0.226,0.465,0.098,-0.677,0.706,0.533,0.12,0.339,-0.772,-0.479,0.056,0.734,0.209,0.534,0.338,0.289,0.447,0.832,0.921,0.502,-0.295,0.818,-0.424,-0.446,-0.069,0.639,-0.429,-0.53,0.137,0.325,0.622,0.371,0.84,-0.708,-0.383,0.023,-0.633,-0.433,-0.594,-0.689,-0.425,-0.703,0.346,-0.17,-0.749,0.395,-0.82,0.416,-0.675,0.555,-0.711,0.757,-0.432
000800SZ,0.273,0.903,-0.478,0.713,-0.325,-0.103,0.799,0.791,0.723,0.475,0.799,-0.318,0.703,0.928,0.889,0.814,0.935,-0.3,1.0,0.941,0.772,0.833,-0.173,0.781,0.705,0.221,0.675,0.905,0.826,0.784,0.381,0.596,-0.494,0.83,0.602,0.66,0.666,0.931,0.779,0.588,-0.461,0.592,0.782,-0.523,0.345,-0.348,-0.142,0.695,0.854,0.516,0.558,0.923,0.824,0.407,0.712,0.778,0.681,0.766,-0.092,0.459,0.775,0.82,0.707,0.805,-0.565,-0.308,0.536,0.522,-0.476,0.741,0.803,0.342,0.845,0.681,0.766,-0.587,0.873,0.684,0.013,0.543,0.704,0.628,0.186,0.759,0.068,0.127,0.158,-0.257,0.777,0.176,0.793,-0.033,0.654,-0.104,0.889,-0.532,0.649,0.553,0.687,0.783,-0.27,0.352,0.924,0.482,0.877,0.63,0.181,0.892,0.933,0.557,0.679,0.798,0.94,0.822,0.83,-0.184,0.759,0.374,0.834,0.639,-0.602,0.926,0.743,0.764,0.595,0.742,0.568,-0.125,0.891,-0.131,0.804,0.83,0.8,0.872,0.829,-0.19,-0.483,0.833,0.385,-0.482,0.179,-0.457,0.127,0.574,-0.137,0.238,0.763,-0.208,-0.327,-0.449,0.363,-0.463,-0.356,0.952,0.219,0.067,0.351,0.42,0.744,0.819,0.213,-0.091,0.888,0.637,0.899,0.426,0.577,0.626,-0.044,0.376,0.743,0.325,0.609,0.883,0.705,0.135,0.404,-0.54,0.499,0.732,0.358,-0.145,-0.45,0.329,0.016,-0.16,0.705,0.862,0.828,-0.133,0.919,0.926,0.578,0.434,0.172,0.367,-0.213,0.776,0.639,-0.485,0.492,0.489,0.859,0.812,0.397,0.769,-0.613,0.921,0.633,0.622,0.407,0.611,0.329,0.059,0.779,-0.362,0.86
000807SZ,0.058,0.828,-0.685,0.538,-0.508,-0.309,0.633,0.836,0.73,0.254,0.828,-0.386,0.797,0.936,0.916,0.755,0.833,-0.464,0.941,1.0,0.681,0.856,-0.39,0.703,0.774,0.017,0.61,0.904,0.916,0.865,0.492,0.752,-0.557,0.847,0.486,0.55,0.787,0.951,0.843,0.694,-0.657,0.507,0.882,-0.645,0.5,-0.501,-0.144,0.803,0.867,0.419,0.623,0.859,0.845,0.496,0.798,0.888,0.819,0.82,-0.261,0.529,0.881,0.741,0.793,0.85,-0.655,-0.489,0.605,0.615,-0.628,0.808,0.774,0.196,0.856,0.772,0.859,-0.749,0.778,0.789,-0.034,0.669,0.638,0.758,-0.013,0.547,-0.03,0.006,-0.034,-0.444,0.731,0.047,0.733,-0.187,0.505,-0.317,0.765,-0.716,0.489,0.362,0.491,0.797,-0.449,0.078,0.933,0.243,0.936,0.692,0.063,0.948,0.905,0.5,0.685,0.782,0.931,0.87,0.784,-0.28,0.817,0.141,0.898,0.584,-0.718,0.942,0.727,0.783,0.466,0.839,0.391,-0.049,0.826,-0.254,0.838,0.773,0.849,0.725,0.756,-0.368,-0.645,0.919,0.278,-0.668,0.206,-0.584,0.227,0.434,-0.291,0.376,0.602,-0.377,-0.539,-0.621,0.141,-0.615,-0.545,0.879,0.038,-0.171,0.107,0.316,0.615,0.811,-0.008,-0.283,0.802,0.513,0.824,0.197,0.378,0.724,-0.24,0.163,0.587,0.061,0.747,0.828,0.646,-0.105,0.161,-0.665,0.311,0.635,0.113,-0.337,-0.609,0.166,0.139,-0.295,0.767,0.777,0.676,-0.349,0.939,0.909,0.437,0.296,0.014,0.223,-0.375,0.778,0.536,-0.499,0.567,0.372,0.887,0.859,0.493,0.845,-0.612,0.87,0.716,0.512,0.57,0.425,0.423,-0.211,0.837,-0.537,0.803
000858SZ,0.298,0.806,-0.25,0.777,-0.291,-0.259,0.73,0.853,0.808,0.458,0.756,-0.546,0.666,0.688,0.708,0.944,0.818,-0.401,0.772,0.681,1.0,0.712,-0.13,0.91,0.668,0.385,0.339,0.526,0.681,0.57,-0.053,0.462,-0.138,0.839,0.851,0.825,0.585,0.762,0.808,0.566,-0.04,0.875,0.621,-0.134,-0.031,0.123,-0.325,0.647,0.795,0.77,0.307,0.832,0.696,0.284,0.697,0.617,0.522,0.733,-0.293,0.402,0.593,0.89,0.728,0.808,-0.328,0.176,0.609,0.459,0.001,0.769,0.869,0.535,0.815,0.5,0.553,-0.179,0.902,0.689,0.321,0.386,0.833,0.468,0.358,0.724,-0.308,-0.183,0.126,-0.403,0.535,-0.149,0.637,-0.16,0.635,-0.112,0.887,-0.317,0.718,0.675,0.618,0.761,-0.387,0.489,0.815,0.507,0.722,0.562,-0.138,0.678,0.577,0.456,0.804,0.867,0.681,0.694,0.405,-0.528,0.705,0.382,0.729,0.897,-0.433,0.782,0.89,0.83,0.312,0.694,0.619,-0.439,0.694,-0.303,0.827,0.544,0.845,0.724,0.615,-0.104,-0.414,0.577,-0.016,-0.314,0.245,-0.514,-0.229,0.816,-0.328,-0.038,0.68,0.332,-0.03,-0.398,0.36,-0.532,-0.372,0.814,0.146,0.438,0.399,0.247,0.791,0.884,0.219,0.01,0.643,0.651,0.759,0.425,0.753,0.564,-0.002,0.329,0.648,0.482,0.488,0.913,0.365,0.164,0.545,-0.209,0.498,0.38,0.543,-0.162,-0.451,0.213,-0.198,-0.42,0.46,0.877,0.772,0.065,0.706,0.812,0.573,0.303,-0.11,0.245,-0.281,0.85,0.825,-0.322,0.433,0.876,0.845,0.822,0.255,0.64,-0.59,0.76,0.682,0.257,0.382,0.467,0.449,0.267,0.798,-0.243,0.866
000876SZ,-0.136,0.616,-0.656,0.379,-0.593,-0.409,0.567,0.9,0.771,0.019,0.918,-0.565,0.763,0.762,0.728,0.758,0.704,-0.526,0.833,0.856,0.712,1.0,-0.502,0.82,0.933,-0.113,0.401,0.802,0.875,0.686,0.471,0.822,-0.223,0.849,0.501,0.726,0.837,0.909,0.868,0.882,-0.401,0.597,0.915,-0.451,0.495,-0.295,0.087,0.819,0.73,0.466,0.702,0.725,0.686,0.772,0.857,0.909,0.85,0.919,-0.466,0.746,0.789,0.69,0.778,0.73,-0.376,-0.369,0.834,0.776,-0.501,0.853,0.757,0.13,0.938,0.885,0.931,-0.574,0.717,0.875,0.315,0.793,0.606,0.869,-0.227,0.465,-0.309,-0.299,-0.279,-0.555,0.418,-0.136,0.633,-0.12,0.265,-0.264,0.677,-0.759,0.283,0.194,0.316,0.711,-0.481,0.037,0.907,0.209,0.907,0.837,-0.239,0.883,0.703,0.757,0.851,0.663,0.787,0.745,0.516,-0.463,0.736,0.075,0.809,0.56,-0.507,0.825,0.714,0.845,0.259,0.851,0.472,0.034,0.636,-0.21,0.887,0.529,0.811,0.629,0.504,-0.43,-0.683,0.895,-0.038,-0.708,0.354,-0.547,0.365,0.334,-0.544,0.57,0.376,-0.291,-0.598,-0.713,-0.085,-0.752,-0.647,0.889,-0.212,-0.229,-0.084,-0.008,0.465,0.844,-0.246,-0.507,0.565,0.266,0.627,-0.011,0.265,0.885,-0.468,-0.092,0.355,-0.028,0.847,0.796,0.292,-0.245,0.021,-0.398,0.071,0.43,0.153,-0.527,-0.681,-0.136,0.391,-0.375,0.875,0.734,0.514,-0.306,0.771,0.857,0.269,-0.034,-0.245,-0.087,-0.596,0.75,0.479,-0.185,0.753,0.464,0.839,0.872,0.753,0.93,-0.329,0.853,0.855,0.189,0.708,0.262,0.689,-0.256,0.845,-0.331,0.842
000895SZ,0.822,0.042,0.852,0.309,0.906,0.902,0.267,-0.542,-0.287,0.625,-0.516,0.691,-0.669,-0.261,-0.313,-0.269,-0.042,0.881,-0.173,-0.39,-0.13,-0.502,1.0,-0.283,-0.685,0.688,0.274,-0.274,-0.649,-0.562,-0.229,-0.822,0.05,-0.484,-0.018,-0.157,-0.761,-0.41,-0.619,-0.651,0.569,-0.139,-0.698,0.348,-0.583,0.244,-0.032,-0.753,-0.349,-0.117,-0.589,-0.12,-0.343,-0.635,-0.638,-0.71,-0.779,-0.65,0.858,-0.625,-0.646,-0.245,-0.671,-0.483,0.3,0.413,-0.679,-0.697,0.359,-0.637,-0.381,0.308,-0.525,-0.694,-0.55,0.469,-0.161,-0.732,-0.196,-0.782,-0.289,-0.73,0.667,0.408,0.666,0.74,0.82,0.89,0.034,0.673,0.019,0.65,0.341,0.824,0.045,0.871,0.419,0.474,0.475,-0.378,0.858,0.74,-0.445,0.657,-0.526,-0.575,0.621,-0.553,-0.134,-0.305,-0.566,-0.289,-0.253,-0.449,0.093,0.685,-0.471,0.593,-0.562,-0.239,0.51,-0.372,-0.376,-0.517,0.522,-0.707,0.35,0.011,0.052,0.668,-0.581,0.083,-0.519,0.208,0.123,0.825,0.887,-0.558,0.561,0.906,-0.358,0.769,-0.263,0.085,0.847,-0.629,0.351,0.337,0.865,0.915,0.743,0.868,0.942,-0.168,0.73,0.655,0.746,0.473,0.122,-0.458,0.814,0.824,0.173,0.245,0.004,0.722,0.416,-0.722,0.879,0.753,0.37,0.653,-0.812,-0.25,0.214,0.894,0.549,0.491,0.604,0.344,0.641,0.938,0.895,0.695,-0.559,0.714,-0.519,-0.195,0.2,0.722,-0.309,-0.372,0.355,0.559,0.706,0.591,0.892,-0.468,-0.047,-0.133,-0.669,-0.107,-0.442,-0.563,-0.6,-0.682,0.124,-0.104,-0.704,0.482,-0.874,0.571,-0.734,0.788,-0.568,0.677,-0.283
000938SZ,0.102,0.698,-0.367,0.623,-0.454,-0.331,0.66,0.874,0.839,0.287,0.868,-0.667,0.705,0.663,0.683,0.913,0.799,-0.481,0.781,0.703,0.91,0.82,-0.283,1.0,0.815,0.161,0.245,0.582,0.749,0.607,0.093,0.614,-0.005,0.868,0.865,0.918,0.716,0.809,0.842,0.693,-0.058,0.844,0.738,-0.092,0.174,0.158,-0.072,0.742,0.735,0.81,0.533,0.749,0.707,0.533,0.761,0.735,0.651,0.862,-0.419,0.603,0.672,0.897,0.776,0.777,-0.197,0.138,0.778,0.661,-0.013,0.831,0.883,0.571,0.909,0.686,0.66,-0.155,0.906,0.79,0.466,0.586,0.836,0.637,0.097,0.634,-0.419,-0.348,-0.098,-0.493,0.404,-0.269,0.579,-0.159,0.45,-0.159,0.811,-0.483,0.516,0.481,0.522,0.722,-0.416,0.31,0.854,0.412,0.79,0.709,-0.291,0.741,0.578,0.678,0.896,0.768,0.661,0.677,0.364,-0.618,0.672,0.282,0.736,0.827,-0.359,0.756,0.795,0.927,0.2,0.766,0.555,-0.393,0.599,-0.274,0.874,0.455,0.803,0.679,0.485,-0.275,-0.53,0.695,-0.088,-0.487,0.428,-0.576,0.003,0.703,-0.469,0.192,0.533,0.234,-0.24,-0.558,0.153,-0.643,-0.506,0.843,-0.087,0.233,0.211,0.009,0.661,0.948,0.008,-0.252,0.545,0.475,0.672,0.235,0.575,0.743,-0.239,0.119,0.48,0.345,0.648,0.897,0.26,-0.009,0.401,-0.216,0.277,0.3,0.383,-0.369,-0.565,-0.01,0.073,-0.461,0.654,0.887,0.676,-0.051,0.652,0.879,0.44,0.074,-0.233,0.016,-0.484,0.861,0.736,-0.094,0.645,0.812,0.784,0.868,0.504,0.777,-0.399,0.77,0.823,0.157,0.544,0.351,0.62,0.125,0.866,-0.224,0.892
000963SZ,-0.347,0.469,-0.737,0.238,-0.754,-0.621,0.398,0.917,0.759,-0.16,0.94,-0.745,0.832,0.669,0.675,0.742,0.6,-0.708,0.705,0.774,0.668,0.933,-0.685,0.815,1.0,-0.28,0.158,0.663,0.894,0.71,0.413,0.913,-0.104,0.865,0.526,0.713,0.924,0.845,0.914,0.932,-0.382,0.612,0.952,-0.36,0.5,-0.173,0.05,0.905,0.679,0.518,0.725,0.594,0.665,0.816,0.908,0.943,0.908,0.977,-0.696,0.791,0.818,0.694,0.867,0.753,-0.314,-0.304,0.936,0.876,-0.387,0.909,0.776,0.119,0.942,0.908,0.871,-0.483,0.678,0.958,0.425,0.885,0.631,0.926,-0.362,0.261,-0.538,-0.541,-0.489,-0.76,0.272,-0.399,0.51,-0.279,0.119,-0.456,0.537,-0.854,0.102,0.048,0.127,0.716,-0.664,-0.173,0.858,0.005,0.885,0.889,-0.479,0.848,0.554,0.751,0.934,0.639,0.661,0.71,0.299,-0.685,0.742,-0.125,0.803,0.608,-0.52,0.757,0.712,0.907,0.012,0.914,0.267,-0.099,0.482,-0.387,0.906,0.351,0.813,0.437,0.335,-0.613,-0.816,0.887,-0.258,-0.833,0.443,-0.71,0.321,0.338,-0.734,0.606,0.188,-0.207,-0.696,-0.858,-0.299,-0.892,-0.822,0.752,-0.417,-0.304,-0.273,-0.203,0.367,0.876,-0.446,-0.651,0.361,0.155,0.492,-0.226,0.153,0.953,-0.647,-0.318,0.154,-0.165,0.937,0.753,0.111,-0.453,-0.084,-0.416,-0.141,0.174,-0.024,-0.733,-0.833,-0.373,0.468,-0.576,0.853,0.706,0.369,-0.445,0.666,0.826,0.136,-0.226,-0.478,-0.285,-0.794,0.781,0.49,-0.016,0.822,0.527,0.798,0.896,0.797,0.949,-0.276,0.695,0.966,-0.054,0.827,0.017,0.835,-0.388,0.884,-0.437,0.81
000999SZ,0.819,0.481,0.619,0.709,0.625,0.55,0.636,-0.047,0.02,0.82,-0.12,0.211,-0.122,0.223,0.143,0.322,0.353,0.415,0.221,0.017,0.385,-0.113,0.688,0.161,-0.28,1.0,0.535,0.007,-0.17,-0.145,-0.353,-0.51,-0.21,0.07,0.391,0.207,-0.374,0.005,-0.098,-0.332,0.38,0.362,-0.286,0.111,-0.676,0.268,-0.5,-0.315,0.213,0.349,-0.548,0.36,0.16,-0.583,-0.121,-0.312,-0.46,-0.195,0.566,-0.528,-0.228,0.252,-0.097,0.113,-0.15,0.409,-0.355,-0.52,0.314,-0.127,0.196,0.46,-0.053,-0.468,-0.236,0.266,0.323,-0.28,-0.264,-0.59,0.275,-0.465,0.872,0.656,0.458,0.571,0.841,0.485,0.452,0.532,0.445,0.366,0.745,0.49,0.476,0.566,0.749,0.823,0.724,0.244,0.424,0.844,0.016,0.709,-0.038,-0.326,0.579,-0.119,0.232,-0.253,-0.098,0.284,0.193,0.073,0.297,0.314,0.072,0.599,-0.058,0.347,0.023,0.152,0.161,-0.056,0.51,-0.189,0.419,-0.333,0.476,0.16,-0.032,0.462,0.032,0.527,0.541,0.464,0.445,-0.197,0.51,0.626,-0.335,0.301,-0.57,0.579,0.609,-0.692,0.703,0.475,0.72,0.582,0.857,0.452,0.59,0.174,0.825,0.827,0.87,0.687,0.634,0.069,0.841,0.834,0.483,0.7,0.49,0.869,0.805,-0.431,0.795,0.829,0.71,0.808,-0.499,0.279,0.472,0.821,0.788,0.191,0.85,0.49,0.799,0.74,0.455,0.793,-0.818,0.356,-0.375,0.31,0.619,0.508,0.153,0.093,0.704,0.796,0.622,0.781,0.622,0.124,0.472,-0.514,-0.431,0.397,0.086,-0.088,-0.585,-0.317,-0.423,0.2,-0.303,0.504,-0.575,0.677,-0.463,0.787,-0.099,0.275,0.188
001965SZ,0.504,0.696,-0.037,0.586,0.213,0.352,0.73,0.273,0.224,0.606,0.264,0.212,0.265,0.721,0.568,0.381,0.61,0.18,0.675,0.61,0.339,0.401,0.274,0.245,0.158,0.535,1.0,0.691,0.358,0.378,0.346,0.061,-0.635,0.352,0.165,0.176,0.093,0.515,0.257,0.12,-0.35,0.197,0.293,-0.52,0.077,-0.462,-0.209,0.101,0.506,0.149,0.032,0.639,0.493,-0.042,0.247,0.277,0.143,0.2,0.468,-0.099,0.305,0.331,0.202,0.366,-0.55,-0.378,-0.036,-0.039,-0.496,0.201,0.349,0.13,0.301,0.144,0.378,-0.515,0.442,0.119,-0.47,0.007,0.228,0.147,0.387,0.652,0.64,0.661,0.541,0.281,0.764,0.731,0.752,0.301,0.701,0.242,0.587,-0.107,0.609,0.563,0.689,0.477,0.236,0.472,0.462,0.528,0.464,0.11,0.706,0.461,0.797,0.116,0.09,0.422,0.728,0.51,0.857,0.434,0.442,0.44,0.382,0.184,-0.402,0.583,0.258,0.171,0.789,0.239,0.462,0.174,0.83,0.213,0.279,0.874,0.332,0.771,0.862,0.116,-0.014,0.458,0.804,0.019,-0.194,0.092,0.063,0.276,0.447,-0.026,0.756,-0.34,-0.01,0.128,0.605,0.117,0.194,0.575,0.622,0.113,0.544,0.723,0.601,0.282,0.517,0.337,0.837,0.623,0.758,0.631,0.507,0.044,0.378,0.619,0.771,0.364,0.061,0.467,0.832,0.478,0.382,-0.404,0.68,0.918,0.455,0.373,0.064,0.684,-0.267,0.351,0.267,0.46,0.69,0.082,0.647,0.482,0.586,0.722,0.684,0.679,0.334,0.289,0.376,-0.716,0.003,0.051,0.46,0.249,-0.044,0.232,-0.501,0.631,0.026,0.812,-0.132,0.757,-0.236,0.205,0.211,-0.108,0.4
002001SZ,0.067,0.751,-0.588,0.469,-0.404,-0.139,0.645,0.686,0.569,0.296,0.715,-0.215,0.686,0.879,0.817,0.607,0.771,-0.286,0.905,0.904,0.526,0.802,-0.274,0.582,0.663,0.007,0.691,1.0,0.808,0.779,0.517,0.641,-0.509,0.708,0.299,0.431,0.664,0.865,0.701,0.569,-0.612,0.367,0.79,-0.608,0.563,-0.504,0.007,0.663,0.762,0.293,0.611,0.794,0.724,0.483,0.643,0.794,0.719,0.694,-0.075,0.489,0.756,0.622,0.627,0.68,-0.59,-0.516,0.517,0.562,-0.645,0.673,0.635,0.08,0.753,0.731,0.761,-0.72,0.672,0.643,-0.111,0.623,0.505,0.683,-0.03,0.56,0.157,0.158,0.027,-0.248,0.721,0.245,0.698,-0.053,0.502,-0.17,0.681,-0.635,0.423,0.311,0.488,0.671,-0.237,0.116,0.847,0.279,0.841,0.638,0.238,0.88,0.922,0.566,0.571,0.644,0.92,0.807,0.862,-0.059,0.733,0.272,0.789,0.383,-0.611,0.851,0.571,0.622,0.571,0.707,0.401,0.11,0.79,-0.093,0.707,0.79,0.685,0.741,0.74,-0.277,-0.542,0.872,0.417,-0.579,0.226,-0.41,0.289,0.289,-0.127,0.447,0.594,-0.46,-0.514,-0.49,0.195,-0.434,-0.388,0.833,0.102,-0.219,0.152,0.351,0.56,0.662,0.062,-0.235,0.799,0.47,0.775,0.247,0.318,0.622,-0.169,0.216,0.575,0.068,0.633,0.706,0.698,-0.006,0.148,-0.666,0.323,0.733,0.146,-0.233,-0.473,0.244,0.203,-0.118,0.772,0.689,0.643,-0.215,0.89,0.82,0.377,0.304,0.202,0.25,-0.247,0.624,0.411,-0.444,0.546,0.205,0.765,0.721,0.474,0.778,-0.498,0.844,0.571,0.607,0.461,0.502,0.334,-0.189,0.655,-0.442,0.713
