Date,Stock,Open,High,Low,Close,Volume
2023-03-07,AACG,2.0899999141693115,2.430000066757202,2.059999942779541,2.319999933242798,385900
2023-03-07,AAL,16.239999771118164,16.65999984741211,16.139999389648438,16.360000610351562,17951300
2023-03-07,AAOI,2.759999990463257,2.8299999237060547,2.720000028610229,2.75,42600
2023-03-07,AAON,61.41888870027388,61.8281686867518,60.15142844976873,60.950191497802734,598650
2023-03-07,AAPL,152.16545023619062,152.49215731620518,149.62111707090608,150.08642578125,56182000
2023-03-07,ABAT,19.799999237060547,21.75,17.700000762939453,19.049999237060547,551680
2023-03-07,ABEO,2.680000066757202,3.069999933242798,2.680000066757202,2.799999952316284,515100
2023-03-07,ABTS,0.9900000095367432,1.100000023841858,0.7599999904632568,0.8399999737739563,179100
2023-03-07,ABUS,2.900000095367432,2.940000057220459,2.8499999046325684,2.930000066757202,545100
2023-03-07,ACB,8.319999694824219,8.319999694824219,8.119999885559082,8.130000114440918,288520
2023-03-07,ACET,7.71999979019165,8.095000267028809,7.590000152587891,7.730000019073486,315700
2023-03-07,ACGL,68.12237324362519,68.26500948064493,66.90522422998009,67.50428771972656,3132000
2023-03-07,ACGLO,20.10892705915301,20.10892705915301,19.860886830297176,19.914037704467773,7800
2023-03-07,ACHC,73.31999969482422,73.33000183105469,70.66000366210938,71.95999908447266,1058900
2023-03-07,ACHV,5.300000190734863,5.300000190734863,4.929999828338623,5.050000190734863,58100
2023-03-07,ACIC,2.5226744764147706,2.724873621231317,2.4937889170926955,2.618959903717041,172500
2023-03-07,ACIU,2.390000104904175,2.4200000762939453,2.359999895095825,2.4200000762939453,8800
2023-03-07,ACIW,25.709999084472656,25.799999237060547,25.059999465942383,25.200000762939453,490500
2023-03-07,ACLS,128.94000244140625,130.42999267578125,126.58999633789062,128.0,443300
2023-03-07,ACMR,11.949999809265137,12.420000076293944,11.8100004196167,11.829999923706056,992700
2023-03-07,ACNB,32.76654054976151,33.12208938598633,31.905738667727192,33.12208938598633,7200
2023-03-07,ACRS,7.070000171661377,8.100000381469727,6.98199987411499,7.409999847412109,3414400
2023-03-07,ACTG,4.519999980926514,4.550000190734863,4.349999904632568,4.380000114440918,97500
2023-03-07,ADAP,1.3200000524520874,1.366000056266785,1.1799999475479126,1.25,2671600
2023-03-07,ADBE,347.8599853515625,352.1700134277344,344.0599975585937,344.79998779296875,2252800
2023-03-07,ADI,179.5625849290262,180.4409519178746,177.13018970156554,178.51048278808594,2415100
2023-03-07,ADIL,14.75,15.0,10.0,11.0,688980
2023-03-07,ADMA,3.380000114440918,3.470000028610229,3.3499999046325684,3.400000095367432,1360100
2023-03-07,ADP,213.56150869506297,214.68452242783172,209.7927842183762,210.5922088623047,1923300
2023-03-07,ADPT,8.449999809265137,8.90999984741211,8.239999771118164,8.600000381469727,936200
2023-03-07,ADSK,209.0,211.50999450683597,205.07000732421875,205.47999572753903,1209800
2023-03-07,ADTN,16.209283373644144,16.228860251539626,15.798178272608244,15.876483917236328,268600
2023-03-07,ADUS,103.7300033569336,104.6999969482422,102.3499984741211,103.5500030517578,101100
2023-03-07,ADVM,7.800000190734863,8.0600004196167,7.440000057220459,8.0,61080
2023-03-07,AEHL,8.800000190734863,9.399999618530272,8.800000190734863,9.199999809265137,4030
2023-03-07,AEHR,31.61000061035156,32.56999969482422,30.88999938964844,31.46999931335449,699900
2023-03-07,AEIS,92.95979354872266,93.57515352994676,91.73898580097492,92.3146514892578,269300
2023-03-07,AEMD,4.800000190734863,5.0,4.800000190734863,4.900000095367432,11610
2023-03-07,AEP,82.68914058884897,83.25228032760637,81.41515613770581,81.82135009765625,3381000
2023-03-07,AEYE,6.570000171661377,6.800000190734863,6.460000038146973,6.46999979019165,10600
2023-03-07,AFMD,9.119999885559082,9.43000030517578,8.850000381469727,8.960000038146973,45490
2023-03-07,AFYA,12.140000343322754,12.270000457763672,11.640000343322754,12.149999618530272,220200
2023-03-07,AGAE,1.2599999904632568,1.274999976158142,1.2419999837875366,1.25,17700
2023-03-07,AGEN,36.11383819580078,36.11383819580078,33.75858688354492,34.15113067626953,382145
2023-03-07,AGIO,23.989999771118164,24.350000381469727,23.530000686645508,23.559999465942383,481900
2023-03-07,AGNC,7.964424085297755,8.00883497577096,7.823787951703065,7.838592052459717,5803700
2023-03-07,AGNCM,19.237496530761383,19.28740694049253,18.92365455627441,18.92365455627441,21600
2023-03-07,AGNCN,20.73285009180883,20.765296609903192,20.68418186180243,20.70040512084961,21600
2023-03-07,AGNCO,19.3973388671875,19.475101156653785,19.22453341326356,19.3973388671875,34300
2023-03-07,AGNCP,18.72229876120376,18.80081739201412,18.49546901000036,18.52164077758789,17700
2023-03-07,AGYS,83.97000122070312,88.16000366210938,82.16999816894531,87.33000183105469,270700
2023-03-07,AHCO,14.970000267028809,15.100000381469728,14.739999771118164,15.06999969482422,1153700
2023-03-07,AHG,0.4000000059604645,0.4359999895095825,0.4000000059604645,0.4000000059604645,7400
2023-03-07,AIFU,8.3100004196167,8.319999694824219,8.039999961853027,8.210000038146973,26400
2023-03-07,AIHS,0.8949999809265137,0.9100000262260436,0.8700000047683716,0.8799999952316284,14700
2023-03-07,AIOT,2.619999885559082,2.8499999046325684,2.619999885559082,2.799999952316284,158800
2023-03-07,AIRG,7.46999979019165,7.480000019073486,7.380000114440918,7.380000114440918,7800
2023-03-07,AKAM,75.27999877929688,75.77999877929688,74.37000274658203,74.72000122070312,1457000
2023-03-07,AKBA,0.9490000009536744,0.953000009059906,0.9200000166893004,0.9459999799728394,1295300
2023-03-07,AKRO,47.560001373291016,48.34999847412109,46.73500061035156,47.29999923706055,639800
2023-03-07,ALAR,2.0299999713897705,2.059999942779541,2.0,2.0,1000
2023-03-07,ALBT,45.75,51.75,44.400001525878906,51.59999847412109,45433
2023-03-07,ALCO,25.67946459403603,25.72871670882496,25.33470730561783,25.46276092529297,28300
2023-03-07,ALDX,7.320000171661377,7.440000057220459,7.199999809265137,7.210000038146973,209700
2023-03-07,ALEC,7.269999980926514,7.3520002365112305,7.159999847412109,7.21999979019165,508200
2023-03-07,ALGN,337.0199890136719,341.8099975585937,333.4100036621094,334.7799987792969,933000
2023-03-07,ALGT,98.19067568061143,100.81966246415868,97.83306103483142,100.08509826660156,182500
2023-03-07,ALLK,5.829999923706055,6.739999771118164,5.519999980926514,6.550000190734863,3047000
2023-03-07,ALLO,5.949999809265137,6.179999828338623,5.869999885559082,5.960000038146973,2617400
2023-03-07,ALLT,2.890000104904175,2.900000095367432,2.789999961853028,2.809999942779541,190500
2023-03-07,ALNT,42.20477446026893,43.1173121081854,40.935160811425625,42.8098258972168,50100
2023-03-07,ALNY,201.66000366210935,201.66000366210935,194.2700042724609,194.33999633789065,720100
2023-03-07,ALRM,50.459999084472656,50.875,49.83000183105469,50.02999877929688,229900
2023-03-07,ALRS,17.855758406627842,17.956275815728983,17.41713048866242,17.471960067749023,29800
2023-03-07,ALT,11.59000015258789,11.649999618530272,10.729999542236328,10.75,984300
2023-03-07,ALTO,3.0,3.049999952316284,2.900000095367432,2.990000009536743,583500
2023-03-07,ALTR,66.5,67.28600311279297,65.97000122070312,66.44000244140625,450000
2023-03-07,AMAL,22.06739254740134,22.41415268877381,21.402769555503504,21.556884765625,72600
2023-03-07,AMAT,116.3393569915338,116.72279548994244,113.71427573287578,114.4123306274414,5225900
2023-03-07,AMBA,80.56999969482422,82.30000305175781,79.63999938964844,80.37000274658203,497300
2023-03-07,AMCX,21.399999618530277,21.850000381469727,20.940000534057617,21.0,445100
2023-03-07,AMD,81.06999969482422,84.8499984741211,80.66999816894531,82.11000061035156,70959000
2023-03-07,AMED,86.08999633789062,86.93000030517578,85.54000091552734,86.33999633789062,212500
2023-03-07,AMGN,220.7313056631432,220.81579806719205,214.38473422893816,214.7321014404297,2362200
2023-03-07,AMKR,25.37693441094764,25.579101818748416,24.991850486384998,25.27103614807129,1001600
2023-03-07,AMPH,35.290000915527344,35.91999816894531,34.779998779296875,35.29999923706055,239200
2023-03-07,AMRK,27.02772097782063,27.0462716574084,25.98426913372589,26.0816593170166,215300
2023-03-07,AMRN,1.8799999952316284,1.9299999475479128,1.8200000524520876,1.8200000524520876,2962400
2023-03-07,AMRX,1.850000023841858,1.86899995803833,1.7400000095367432,1.7599999904632568,1061700
2023-03-07,AMSC,5.199999809265137,5.269999980926514,4.989999771118164,5.090000152587891,109800
2023-03-07,AMSF,44.18082851845646,44.72022439579957,43.37588005407819,43.782501220703125,112000
2023-03-07,AMTX,3.7100000381469727,3.7799999713897705,3.5999999046325684,3.609999895095825,325000
2023-03-07,AMWD,54.84000015258789,55.11000061035156,53.650001525878906,54.060001373291016,132900
2023-03-07,AMZN,94.05999755859376,95.08999633789062,92.77999877929688,93.5500030517578,49100700
2023-03-07,ANAB,23.61000061035156,24.200000762939453,23.299999237060547,23.649999618530277,166300
2023-03-07,ANDE,43.11497289901305,43.11497289901305,42.00995843643617,42.56246566772461,266200
2023-03-07,ANGI,2.630000114440918,2.6600000858306885,2.5199999809265137,2.539999961853028,543100
2023-03-07,ANGO,11.600000381469728,11.65999984741211,11.359999656677246,11.489999771118164,355100
2023-03-07,ANIK,27.6299991607666,27.959999084472656,23.020000457763672,25.90999984741211,390500
2023-03-07,ANIP,44.5099983215332,44.810001373291016,43.11000061035156,44.22999954223633,109800
2023-03-07,ANIX,4.909999847412109,4.920000076293945,4.699999809265137,4.869999885559082,33300
2023-03-07,ANSS,308.739990234375,309.25,300.510009765625,301.3099975585937,870000
2023-03-07,ANY,2.569000005722046,2.5899999141693115,2.3239998817443848,2.338000059127808,81171
2023-03-07,AOSL,25.84000015258789,26.15999984741211,25.530000686645508,25.84000015258789,188000
2023-03-07,APA,37.35219934067376,37.48362143138501,36.535498780996605,36.73263549804688,4253600
2023-03-07,APDN,1280.0,1280.0,1220.0,1260.0,45
2023-03-07,APEI,10.359999656677246,11.170000076293944,10.359999656677246,11.140000343322754,157800
2023-03-07,APLS,64.0,65.80000305175781,63.02299880981445,64.01000213623047,1411300
2023-03-07,APLT,0.959999978542328,0.9900000095367432,0.9110000133514404,0.9900000095367432,309300
2023-03-07,APOG,44.33629239977692,44.66378200613958,43.75837129411707,44.105125427246094,83800
2023-03-07,APPF,131.75,133.74000549316406,126.6500015258789,126.86000061035156,140200
2023-03-07,APPN,44.5,45.09999847412109,43.2599983215332,43.56999969482422,286400
2023-03-07,APPS,10.68000030517578,10.84000015258789,10.399999618530272,10.43000030517578,2354500
2023-03-07,APTO,261.0,261.0,252.0,252.0,178
2023-03-07,APVO,3467.639892578125,3646.719970703125,3369.9599609375,3500.199951171875,34
2023-03-07,APYX,3.1600000858306885,3.200000047683716,3.119999885559082,3.1700000762939453,15600
2023-03-07,AQB,14.15999984741211,14.800000190734863,13.15999984741211,13.260000228881836,50045
2023-03-07,AQMS,22.0,22.479999542236328,20.799999237060547,22.200000762939453,20890
2023-03-07,AQST,0.800000011920929,0.8799999952316284,0.800000011920929,0.8500000238418579,431700
2023-03-07,ARAY,3.009999990463257,3.059999942779541,2.9200000762939453,2.9600000381469727,246500
2023-03-07,ARCB,100.43879952770574,101.26150145221496,99.09076018898745,100.9145736694336,303200
2023-03-07,ARCC,15.67446077754543,15.67446077754543,15.3601646442198,15.464930534362791,3913900
2023-03-07,ARCT,15.739999771118164,16.170000076293945,15.470000267028809,16.010000228881836,202700
2023-03-07,ARDX,4.039999961853027,4.090000152587891,3.9149999618530273,3.940000057220459,9935700
2023-03-07,AREC,1.5700000524520874,1.5700000524520874,1.4700000286102295,1.4700000286102295,189900
2023-03-07,ARGX,342.1600036621094,343.3299865722656,337.5599975585937,339.2300109863281,227600
2023-03-07,ARLP,16.135723280916892,16.190553168514768,16.01039739669249,16.02606201171875,394400
2023-03-07,AROW,26.69491790452476,26.69491790452476,26.321371401025534,26.57647705078125,32900
2023-03-07,ARQ,2.890000104904175,2.900000095367432,2.759999990463257,2.8299999237060547,38500
2023-03-07,ARQT,14.460000038146973,14.539999961853027,13.640000343322754,13.6899995803833,1088100
2023-03-07,ARTL,2.7799999713897705,2.789999961853028,2.75,2.789999961853028,9000
2023-03-07,ARTNA,52.13300113753297,52.33075912866361,51.57739278697494,51.91640853881836,31500
2023-03-07,ARVN,30.86000061035156,31.13999938964844,29.959999084472656,30.26000022888184,534500
2023-03-07,ARWR,30.6200008392334,31.06999969482422,30.21999931335449,30.5,940600
2023-03-07,ASMB,16.799999237060547,17.280000686645508,16.079999923706055,16.079999923706055,18975
2023-03-07,ASML,609.7072720878126,612.0600764294454,595.8760295467698,599.626708984375,1033000
2023-03-07,ASND,113.70999908447266,114.88999938964844,111.13999938964844,112.25,188100
2023-03-07,ASPS,5.710000038146973,5.739999771118164,5.369999885559082,5.429999828338623,165400
2023-03-07,ASRT,6.070000171661377,6.28000020980835,5.949999809265137,6.170000076293945,2298200
2023-03-07,ASRV,3.662760243684307,3.662760243684307,3.616975784301758,3.616975784301758,1700
2023-03-07,ASTE,45.56640728782339,45.60519264899929,43.69487766811786,43.81124114990234,91700
2023-03-07,ASTH,35.91999816894531,36.25,35.38999938964844,35.75,162300
2023-03-07,ASUR,14.140000343322754,14.43000030517578,13.739999771118164,14.039999961853027,298400
2023-03-07,ASYS,9.59000015258789,9.760000228881836,9.539999961853027,9.670000076293944,32800
2023-03-07,ATEC,15.520000457763672,16.200000762939453,15.449999809265137,15.9399995803833,835100
2023-03-07,ATER,1.1200000047683716,1.1699999570846558,1.1100000143051147,1.1200000047683716,590800
2023-03-07,ATEX,29.690000534057617,30.11000061035156,29.30500030517578,29.57999992370605,64000
2023-03-07,ATLC,30.25,30.450000762939453,29.229999542236328,30.190000534057617,16400
2023-03-07,ATLO,21.608163433213228,21.66216086151933,21.38317214596596,21.509166717529297,23400
2023-03-07,ATNI,37.14864926983527,37.4581413269043,36.76412666702021,37.4581413269043,36300
2023-03-07,ATOM,6.510000228881836,6.579999923706055,6.300000190734863,6.369999885559082,65900
2023-03-07,ATOS,0.7300000190734863,0.7300000190734863,0.7099999785423279,0.7200000286102295,269900
2023-03-07,ATRA,85.5,87.25,81.75,81.75,44436
2023-03-07,ATRC,38.65999984741211,39.75,37.400001525878906,37.88999938964844,405500
2023-03-07,ATRO,14.100000381469728,14.529999732971191,14.06999969482422,14.470000267028809,163400
2023-03-07,ATSG,22.020000457763672,22.030000686645508,21.700000762939453,21.709999084472656,421300
2023-03-07,ATXI,78.75,79.57499694824219,77.25,79.5,939
2023-03-07,ATXS,14.039999961853027,15.0,13.899999618530272,14.0600004196167,253100
2023-03-07,ATYR,2.1700000762939453,2.190000057220459,2.0999999046325684,2.0999999046325684,208500
2023-03-07,AUDC,15.595839374166644,15.643503190849742,15.081061426350516,15.25265407562256,73200
2023-03-07,AUPH,9.260000228881836,9.479999542236328,9.010000228881836,9.039999961853027,2352600
2023-03-07,AUTL,2.0,2.049999952316284,1.899999976158142,1.919999957084656,564900
2023-03-07,AVAV,92.0,96.05999755859376,88.94999694824219,91.27999877929688,704600
2023-03-07,AVDL,9.899999618530272,9.979999542236328,9.6899995803833,9.850000381469728,274700
2023-03-07,AVGO,61.24923620131744,61.33702828848282,60.15327960532437,60.31149673461914,19334000
2023-03-07,AVNW,35.959999084472656,35.959999084472656,34.810001373291016,35.43000030517578,59500
2023-03-07,AVT,42.58385021977511,42.84982000769152,42.00441293304299,42.1658935546875,530100
2023-03-07,AVTX,595.2000122070312,600.0,588.0,595.2000122070312,41
2023-03-07,AVXL,9.880000114440918,10.18000030517578,9.694000244140623,9.829999923706056,880200
2023-03-07,AWH,7.5,7.5,6.900000095367432,6.900000095367432,3547
2023-03-07,AWRE,1.7699999809265137,1.7899999618530271,1.7599999904632568,1.7599999904632568,16600
2023-03-07,AXDX,5.0,5.0,4.599999904632568,4.900000095367432,27670
2023-03-07,AXGN,8.270000457763672,8.350000381469727,8.079999923706055,8.09000015258789,119300
2023-03-07,AXON,222.1199951171875,224.4900054931641,219.7400054931641,222.2400054931641,720300
2023-03-07,AXSM,66.44000244140625,66.61699676513672,63.25,63.5,652000
2023-03-07,AXTI,4.119999885559082,4.170000076293945,3.9600000381469727,4.0,196900
2023-03-07,AYRO,4.559999942779541,4.880000114440918,4.559999942779541,4.559999942779541,13438
2023-03-07,AYTU,2.569999933242798,2.650000095367432,2.5,2.549999952316284,44500
2023-03-07,AZN,62.45430041619922,62.62687937290462,61.4571783679944,61.639347076416016,3303600
2023-03-07,AZPN,216.50481277343715,217.03351989485608,210.59443490538013,213.14312744140625,141892
2023-03-07,AZTA,43.84000015258789,44.83000183105469,43.11000061035156,43.43000030517578,792500
2023-03-07,BACK,5.730000019073486,6.119999885559082,5.730000019073486,5.760000228881836,3220
2023-03-07,BAND,16.149999618530273,16.200000762939453,15.460000038146973,15.75,486000
2023-03-07,BANF,85.23941746277927,85.85625569937147,84.612939060627,85.10448455810547,75200
2023-03-07,BANR,58.19917359716315,58.19917359716315,56.725659329262186,56.7719955444336,174800
2023-03-07,BANX,15.014781694067466,15.295057924499908,14.814584604813232,14.83060073852539,5700
2023-03-07,BATRA,34.86000061035156,35.060001373291016,33.959999084472656,34.0,34200
2023-03-07,BATRK,34.470001220703125,34.47999954223633,33.48500061035156,33.52000045776367,72200
2023-03-07,BBCP,6.954903238157385,6.994772178302136,6.813147382056741,6.866305828094482,37600
2023-03-07,BBIO,16.75,19.94499969482422,16.649999618530273,18.549999237060547,13044600
2023-03-07,BBSI,22.67275491506848,22.90214110766497,22.32867283348104,22.75572395324707,185200
2023-03-07,BCBP,14.788466745546904,14.788466745546904,14.601045832178436,14.65459442138672,49300
2023-03-07,BCLI,30.450000762939453,31.5,29.700000762939453,30.600000381469727,4680
2023-03-07,BCML,19.09378408622056,19.43747278246858,18.912392627542424,19.074689865112305,15100
2023-03-07,BCPC,127.20250730011172,127.63786366933952,125.26320423084076,126.5197982788086,76800
2023-03-07,BCRX,8.880000114440918,8.899999618530273,8.649999618530273,8.649999618530273,1590200
2023-03-07,BCYC,21.6200008392334,22.209999084472656,21.3700008392334,21.57999992370605,187100
2023-03-07,BDTX,1.7999999523162842,1.8279999494552608,1.6699999570846558,1.7000000476837158,34500
2023-03-07,BEAM,38.0,38.75,37.33000183105469,37.619998931884766,858900
2023-03-07,BECN,65.87999725341797,66.5199966430664,64.88999938964844,65.16999816894531,343500
2023-03-07,BEEM,16.239999771118164,16.68000030517578,16.059999465942383,16.299999237060547,57200
2023-03-07,BELFB,36.74064000247314,36.8396736478643,36.03751812005874,36.34451675415039,143300
2023-03-07,BFC,76.25936633154313,76.93757629394531,75.50365278383086,76.93757629394531,15800
2023-03-07,BFIN,9.456625596395,9.493529465967113,9.456625596395,9.46585178375244,10100
2023-03-07,BFST,19.509413195846992,19.509413195846992,18.83470777667411,18.9582462310791,91800
2023-03-07,BGC,5.069532525447474,5.079357426043898,4.951636529152659,5.030233860015869,1675600
2023-03-07,BGFV,7.680501488143094,7.880787113113352,7.645669313861033,7.741458415985107,432400
2023-03-07,BHAT,50.0,50.0,47.09999847412109,50.0,868
2023-03-07,BHF,57.0099983215332,57.36000061035156,56.040000915527344,56.27999877929688,369700
2023-03-07,BHFAL,21.474987636518133,21.50983628478153,20.94355904390134,21.483699798583984,17600
2023-03-07,BHFAP,21.78892460532211,22.00187343908197,21.644119333378576,21.652637481689453,17100
2023-03-07,BIDU,145.38999938964844,146.97000122070312,142.16000366210938,142.63999938964844,2811700
2023-03-07,BILI,20.559999465942383,21.05500030517578,20.32999992370605,20.549999237060547,7152800
2023-03-07,BJRI,32.209999084472656,32.7400016784668,31.6200008392334,31.690000534057617,274200
2023-03-07,BKNG,2571.653685649857,2601.5567309598423,2543.6200938598004,2551.00927734375,297200
2023-03-07,BKR,30.60933057280389,30.742703976329626,30.22826059059951,30.247314453125,4133200
2023-03-07,BKYI,13.5,13.5,12.600000381469728,13.5,2906
2023-03-07,BL,67.94000244140625,69.29000091552734,66.98999786376953,67.16999816894531,459200
2023-03-07,BLBD,21.420000076293945,21.88500022888184,20.770000457763672,21.739999771118164,167300
2023-03-07,BLDP,5.760000228881836,5.809999942779541,5.579999923706055,5.659999847412109,1572100
2023-03-07,BLFS,22.88999938964844,23.43000030517578,22.489999771118164,22.700000762939453,217700
2023-03-07,BLIN,1.0700000524520874,1.1200000047683716,1.0700000524520874,1.1100000143051147,47200
2023-03-07,BLKB,56.220001220703125,56.61000061035156,55.59000015258789,55.86000061035156,185600
2023-03-07,BLMN,23.984741743819185,24.19354112329704,23.639768931270524,23.821332931518555,1609000
2023-03-07,BLNE,56.0,60.0,54.400001525878906,56.0,117
2023-03-07,BLNK,8.819999694824219,9.079999923706056,8.553000450134277,8.789999961853027,2024400
2023-03-07,BLRX,23.600000381469727,24.0,22.799999237060547,23.600000381469727,2128
2023-03-07,BLUE,100.1999969482422,104.5999984741211,97.0,100.5999984741211,192410
2023-03-07,BMRA,2.25,2.3399999141693115,2.25,2.289999961853028,32600
2023-03-07,BMRC,27.09298870308248,27.110961246469,26.401061208306064,26.69760131835937,27800
2023-03-07,BMRN,93.47000122070312,95.5,92.87999725341795,93.41999816894533,2359300
2023-03-07,BNGO,828.0,840.0,780.0,786.0,8732
2023-03-07,BNTX,131.02000427246094,131.83999633789062,129.02000427246094,129.02000427246094,404400
2023-03-07,BOKF,97.34773016895949,97.63323093312762,94.17862158737528,94.33089447021484,192500
2023-03-07,BOOM,26.11000061035156,26.81999969482422,25.790000915527344,26.46999931335449,145200
2023-03-07,BOXL,21.8799991607666,23.200000762939453,21.200000762939453,21.68000030517578,13400
2023-03-07,BPMC,43.220001220703125,44.790000915527344,42.5099983215332,44.43000030517578,458000
2023-03-07,BPOP,64.33571798647371,64.48563728578446,62.41482647504368,62.53663635253906,294700
2023-03-07,BPRN,31.09497202655721,31.534950114127167,30.807826238105964,31.2431755065918,3700
2023-03-07,BPYPO,15.148010522078131,15.148010522078131,14.913416862487791,14.913416862487791,5800
2023-03-07,BPYPP,15.782701737733294,16.067516103209787,15.782701737733294,16.001789093017578,21900
2023-03-07,BRKL,10.964477333115502,11.018181271145274,10.722810892374229,10.794416427612305,629900
2023-03-07,BRKR,74.65078297117755,75.18741089550363,73.19990343432815,73.2396469116211,580500
2023-03-07,BRY,7.541861005946028,7.54972548301114,7.313796421042452,7.463217735290527,1111500
2023-03-07,BSET,17.234833688475614,17.234833688475614,16.927391597809276,17.13536834716797,11600
2023-03-07,BSGM,11.600000381469728,11.600000381469728,10.800000190734863,11.100000381469728,19230
2023-03-07,BSRR,18.314466800910164,18.314466800910164,18.020406404652288,18.130678176879883,19600
2023-03-07,BTAI,483.8399963378906,488.3200073242188,454.55999755859375,455.6799926757813,23306
2023-03-07,BTBT,1.2400000095367432,1.25,1.159999966621399,1.159999966621399,850400
2023-03-07,BTCS,1.350000023841858,1.3849999904632568,1.2899999618530271,1.3200000524520874,16300
2023-03-07,BTCT,5.199999809265137,5.400000095367432,4.800000190734863,5.0,25995
2023-03-07,BTOG,7.380000114440918,7.53000020980835,6.659999847412109,6.960000038146973,1257
2023-03-07,BUSE,21.983700659860983,21.983700659860983,21.387064396053997,21.598182678222656,232800
2023-03-07,BWB,14.699999809265137,14.699999809265137,14.420000076293944,14.449999809265137,73700
2023-03-07,BWEN,4.550000190734863,4.820000171661377,4.510000228881836,4.53000020980835,140800
2023-03-07,BWFG,28.02201177156313,28.07845036469015,27.58931110652125,27.69278335571289,15300
2023-03-07,BWIN,27.56999969482422,28.15999984741211,26.290000915527344,26.31999969482422,242200
2023-03-07,BYND,18.0,18.489999771118164,17.760000228881836,18.059999465942383,1573700
2023-03-07,BYRN,8.850000381469727,9.359999656677246,8.670000076293945,8.989999771118164,152400
2023-03-07,BYSI,1.7599999904632568,1.7999999523162842,1.7000000476837158,1.7699999809265137,49400
2023-03-07,BZUN,6.269999980926514,6.429999828338623,6.21999979019165,6.25,552300
2023-03-07,CAAS,6.137628681973888,6.162680403140429,5.89546376949292,6.07082462310791,79000
2023-03-07,CABA,8.899999618530273,9.31999969482422,8.850000381469727,8.869999885559082,213900
2023-03-07,CAC,36.73348952691127,36.73348952691127,36.1715668780826,36.3709602355957,27200
2023-03-07,CACC,446.6799926757813,452.7699890136719,440.1000061035156,441.2300109863281,76800
2023-03-07,CAKE,34.54926300048828,35.181547692179656,34.19065178432054,34.54926300048828,889100
2023-03-07,CALM,50.77199671417792,50.77199671417792,49.727086515696094,50.24507522583008,673200
2023-03-07,CAMT,27.074887871077923,27.930815310646423,26.7108714805323,26.88796043395996,65300
2023-03-07,CAN,2.619999885559082,2.740000009536743,2.5899999141693115,2.609999895095825,1612500
2023-03-07,CAPR,4.880000114440918,4.880000114440918,4.690000057220459,4.760000228881836,43100
2023-03-07,CAR,214.59122566458024,217.59356807635805,209.85969558360492,211.49388122558597,241600
2023-03-07,CARA,87.4800033569336,91.8000030517578,78.95999908447266,80.27999877929688,479158
2023-03-07,CARE,17.260000228881836,17.290000915527344,17.209999084472656,17.270000457763672,82500
2023-03-07,CARG,17.399999618530273,17.56999969482422,17.184999465942383,17.229999542236328,1130200
2023-03-07,CARM,11.131139884067164,12.218999862670898,11.072861257397612,12.218999862670898,93330
2023-03-07,CASH,48.75791814178655,48.75791814178655,47.70637269754293,48.34126663208008,270000
2023-03-07,CASI,1.950000047683716,1.9900000095367432,1.940000057220459,1.9800000190734863,6200
2023-03-07,CASS,44.90400505602047,46.1610543310386,44.71497823446014,45.96257400512695,47100
2023-03-07,CASY,208.78954357172952,211.27055386347524,206.8027715973302,207.2772216796875,359000
2023-03-07,CATY,39.833807626796414,39.833807626796414,38.67758134155432,38.75217819213867,336900
2023-03-07,CBAT,1.0199999809265137,1.0299999713897705,0.9800000190734864,1.0,56700
2023-03-07,CBNK,19.06160215045076,19.06160215045076,18.790123934168257,18.848299026489254,15800
2023-03-07,CBRL,100.56439278748744,102.25256811972984,99.74753263888668,100.14688110351562,424900
2023-03-07,CBSH,56.65878781465331,56.667501899311375,55.35999327248148,55.577911376953125,385655
2023-03-07,CBUS,22.0,22.5,20.299999237060547,21.5,1748
2023-03-07,CCAP,12.603169423784925,12.603169423784925,12.205342109947244,12.292863845825195,101500
2023-03-07,CCB,45.45800018310547,45.650001525878906,44.56999969482422,45.02000045776367,52700
2023-03-07,CCBG,32.965694639715004,33.50533955783656,32.88995683953881,33.2023811340332,35800
2023-03-07,CCD,18.314737944451437,18.59527033657666,18.106342496837797,18.186494827270508,56800
2023-03-07,CCEC,13.438610955171256,13.485337874894672,13.204977247796045,13.35450267791748,44200
2023-03-07,CCEP,52.589773987462266,52.589773987462266,51.60035592942016,51.84535598754883,752700
2023-03-07,CCLD,3.509999990463257,3.799999952316284,3.502000093460083,3.5899999141693115,48300
2023-03-07,CCLDP,24.169365401302912,24.265000114213585,24.038955484403303,24.14763069152832,4700
2023-03-07,CCNE,22.204080420083525,22.204080420083525,21.755324696402734,21.84881591796875,46800
2023-03-07,CCOI,56.64620844193405,56.64620844193405,54.73866064510399,55.13423538208008,183600
2023-03-07,CCRN,25.31999969482422,25.65999984741211,24.5,24.93000030517578,879900
2023-03-07,CDLX,4.96999979019165,4.989999771118164,4.710999965667725,4.739999771118164,329600
2023-03-07,CDNA,9.524999618530272,10.640000343322754,9.510000228881836,10.609999656677246,2204000
2023-03-07,CDNS,196.4900054931641,198.1499938964844,194.33999633789065,195.3500061035156,1403100
2023-03-07,CDTX,32.0,34.5,31.600000381469727,33.0,224425
2023-03-07,CDW,198.1843330617253,198.5456014681316,193.98592309565208,194.62057495117188,469000
2023-03-07,CDXC,1.6299999952316284,1.649999976158142,1.600000023841858,1.6200000047683716,140428
2023-03-07,CDXS,4.619999885559082,4.71999979019165,4.539999961853027,4.599999904632568,535400
2023-03-07,CDZI,4.739999771118164,4.829999923706055,4.550000190734863,4.679999828338623,211200
2023-03-07,CECO,15.170000076293944,15.350000381469728,14.68000030517578,14.989999771118164,484900
2023-03-07,CELH,29.56999969482422,30.333332061767575,29.42333221435547,29.729999542236328,3553200
2023-03-07,CELZ,6.5,6.5,5.679999828338623,6.0980000495910645,21450
2023-03-07,CENN,51.18999862670898,52.65999984741211,49.20000076293945,50.2400016784668,15219
2023-03-07,CENT,30.85356330871582,30.971025466918945,30.50117492675781,30.86139488220215,44823
2023-03-07,CENTA,30.007999420166016,30.1200008392334,29.76000022888184,29.959999084472656,178375
2023-03-07,CENX,12.199999809265137,12.270000457763672,11.84000015258789,12.010000228881836,2160500
2023-03-07,CERS,2.799999952316284,2.8399999141693115,2.75,2.789999961853028,1768000
2023-03-07,CEVA,30.96999931335449,32.119998931884766,30.96999931335449,31.190000534057617,92700
2023-03-07,CFFN,7.180747108198762,7.180747108198762,6.922703360719762,6.993887901306152,868200
2023-03-07,CG,32.7304949865774,32.758373318813305,31.661780680139213,31.67107582092285,4356200
2023-03-07,CGBD,12.260972491423788,12.287211920520498,11.99062667447604,12.054237365722656,153500
2023-03-07,CGC,22.600000381469727,22.600000381469727,21.799999237060547,22.0,331440
2023-03-07,CGEN,0.8799999952316284,0.8799999952316284,0.8399999737739563,0.8500000238418579,103000
2023-03-07,CGNX,47.902130445263815,48.2963032964929,47.36999314900046,47.793731689453125,1100700
2023-03-07,CGO,8.22815986974103,8.449876335100738,8.170677185058594,8.170677185058594,32500
2023-03-07,CHCO,91.38797137635716,91.43525694642788,89.2318821328091,89.36427307128906,88000
2023-03-07,CHDN,122.30676546484504,122.72913280621242,120.92538633290734,121.40737915039062,340000
2023-03-07,CHEF,34.5,34.90999984741211,33.970001220703125,34.099998474121094,275100
2023-03-07,CHEK,3.2799999713897705,3.289999961853028,3.200000047683716,3.289999961853028,11200
2023-03-07,CHI,9.680370547635937,9.68844443612512,9.526970516183376,9.54311752319336,120900
2023-03-07,CHKP,126.62999725341795,127.16000366210938,125.7300033569336,126.76000213623048,548800
2023-03-07,CHR,7.900000095367432,8.199999809265137,7.900000095367432,8.199999809265137,3260
2023-03-07,CHRD,126.25127991730896,128.6008838082699,124.99698344003812,126.67527770996094,752900
2023-03-07,CHRS,6.53000020980835,7.335000038146973,6.360000133514404,7.300000190734863,1974000
2023-03-07,CHRW,95.2234189033514,96.43621352978684,95.00549148040147,95.74454498291016,974500
2023-03-07,CHSCL,22.33967532648648,22.33967532648648,22.17834854125977,22.17834854125977,11700
2023-03-07,CHSCM,22.051922636879244,22.111243809134372,21.888574600219727,21.888574600219727,14000
2023-03-07,CHSCN,21.84663237473445,21.960355709150427,21.718374581378907,21.82525634765625,20500
2023-03-07,CHSCO,22.196242181805147,22.280959368246695,22.08610725402832,22.08610725402832,11000
2023-03-07,CHSCP,25.62846946716309,25.783428562035205,25.48211939333974,25.62846946716309,5800
2023-03-07,CHTR,368.2300109863281,369.2799987792969,354.3800048828125,357.8500061035156,1085300
2023-03-07,CHW,5.070560643280614,5.070560643280614,4.963898658752441,4.963898658752441,104000
2023-03-07,CHX,31.556470438840734,31.732381685301256,30.471685661680493,30.57918739318848,1838200
2023-03-07,CHY,10.027321855500562,10.027321855500562,9.874539460399085,9.962992668151855,108100
2023-03-07,CIGI,112.2743741018667,112.8513663241548,111.03086030717988,111.98587799072266,91200
2023-03-07,CINF,114.372941233335,115.47158445736316,111.12435547319537,111.6073760986328,562400
2023-03-07,CIVB,20.013641105331544,20.13398136650562,19.745187172940877,19.79147148132324,14600
2023-03-07,CKPT,5.239999771118164,5.449999809265137,5.099999904632568,5.170000076293945,173000
2023-03-07,CLAR,8.896643400365134,9.12822608127276,8.86769487508085,8.944890022277832,259800
2023-03-07,CLBK,21.43000030517578,21.459999084472656,20.950000762939453,21.11000061035156,148800
2023-03-07,CLDX,45.0099983215332,46.209999084472656,44.9900016784668,45.060001373291016,300000
2023-03-07,CLFD,60.70000076293945,61.16999816894531,59.650001525878906,60.77000045776367,199600
2023-03-07,CLIR,0.8100000023841858,0.8399999737739563,0.7900000214576721,0.800000011920929,18700
2023-03-07,CLLS,2.180000066757202,2.200000047683716,2.130000114440918,2.1600000858306885,16500
2023-03-07,CLMB,47.9968038328264,48.63987903147265,46.29167980583816,48.22090911865234,31500
2023-03-07,CLMT,19.5,19.549999237060547,18.82999992370605,18.940000534057617,103300
2023-03-07,CLNE,4.519999980926514,4.570000171661377,4.409999847412109,4.429999828338623,2631200
2023-03-07,CLPT,8.1899995803833,8.34000015258789,8.0,8.069999694824219,53000
2023-03-07,CLRB,1.909999966621399,1.9900000095367432,1.899999976158142,1.9600000381469729,36900
2023-03-07,CLRO,0.6003839960062061,0.6003839960062061,0.5926867723464966,0.5926867723464966,8600
2023-03-07,CLSD,1.309999942779541,1.309999942779541,1.25,1.2799999713897705,56400
2023-03-07,CMBM,20.190000534057617,20.450000762939453,19.799999237060547,20.43000030517578,81500
2023-03-07,CMCO,37.60857914832474,38.02218685747057,37.00786918250808,37.56919097900391,104300
2023-03-07,CMCSA,34.93955700929721,35.07151052146763,33.874498011050406,34.110130310058594,20070100
2023-03-07,CME,167.57254533750634,167.76296447091676,164.299253854697,165.22412109375,1696800
2023-03-07,CMLS,4.960000038146973,4.960000038146973,4.599999904632568,4.619999885559082,301400
2023-03-07,CMMB,1.6799999475479126,1.690000057220459,1.600000023841858,1.600000023841858,22200
2023-03-07,CMPR,36.95000076293945,37.7599983215332,36.720001220703125,37.75,79100
2023-03-07,CMRX,1.600000023841858,1.6200000047683716,1.5499999523162842,1.559999942779541,1241300
2023-03-07,CMTL,15.81999969482422,15.850000381469728,15.34000015258789,15.670000076293944,84900
2023-03-07,CNDT,3.900000095367432,3.930000066757202,3.809999942779541,3.829999923706055,965300
2023-03-07,CNET,5.840000152587891,5.840000152587891,5.0,5.199999809265137,10875
2023-03-07,CNOB,22.447633496367835,22.531567458375516,21.878748149157925,21.953357696533203,111700
2023-03-07,CNTY,9.0600004196167,9.18000030517578,8.890000343322754,8.989999771118164,62900
2023-03-07,CNVS,12.0,12.0,11.0,12.0,46435
2023-03-07,CNXN,43.27452498918105,43.43246106059988,41.86296970347212,42.26768112182617,45100
2023-03-07,COCP,2.190000057220459,2.190000057220459,2.0199999809265137,2.049999952316284,14700
2023-03-07,CODA,6.929999828338623,7.070000171661377,6.639999866485596,6.650000095367432,19700
2023-03-07,CODX,3.0199999809265137,3.0299999713897705,2.9200000762939453,2.9200000762939453,46200
2023-03-07,COGT,12.770000457763672,13.15999984741211,12.604999542236328,12.960000038146973,477000
2023-03-07,COHU,36.54999923706055,37.02999877929688,35.720001220703125,35.88999938964844,256300
2023-03-07,COKE,534.1258137666618,537.4274098809503,526.4026515624034,528.934814453125,35600
2023-03-07,COLB,24.49642427356945,24.49642427356945,23.82961596397683,23.93490219116211,3702600
2023-03-07,COLL,25.290000915527344,26.0,25.07999992370605,25.959999084472656,477100
2023-03-07,COLM,85.59354888740428,86.64762924648883,85.22606537447427,85.37112426757812,338500
2023-03-07,COMM,7.699999809265137,7.699999809265137,7.224999904632568,7.289999961853027,2146100
2023-03-07,COO,86.47578119689878,86.57327728603805,83.76349034713714,84.0784683227539,1442000
2023-03-07,COOP,46.810001373291016,46.88999938964844,44.77000045776367,45.18000030517578,485900
2023-03-07,CORT,21.149999618530277,21.38999938964844,20.950000762939453,21.21999931335449,1275300
2023-03-07,COST,469.2785262159164,478.07326072723305,468.2165857991199,468.36138916015625,2659100
2023-03-07,CPB,49.30559447302527,49.39920891142028,48.62222514235724,48.80009078979492,3255000
2023-03-07,CPIX,2.220000028610229,2.369999885559082,2.220000028610229,2.309999942779541,6900
2023-03-07,CPRT,35.369998931884766,35.56999969482422,35.19499969482422,35.209999084472656,3919000
2023-03-07,CPRX,15.149999618530272,15.3100004196167,15.020000457763672,15.149999618530272,1373000
2023-03-07,CPSH,2.970000028610229,3.049999952316284,2.9600000381469727,3.0,29400
2023-03-07,CPSS,10.149999618530272,10.40999984741211,10.100000381469728,10.25,17600
2023-03-07,CPZ,12.825835405277456,12.9827254568495,12.739544904364184,12.778768539428713,25600
2023-03-07,CRAI,111.19597297393798,116.253426930562,109.64955440188236,113.32593536376952,95400
2023-03-07,CRBP,2.869999885559082,2.940000057220459,2.6600000858306885,2.6600000858306885,78300
2023-03-07,CRDF,1.75,1.899999976158142,1.7300000190734863,1.850000023841858,337000
2023-03-07,CRDL,0.5249999761581421,0.5440000295639038,0.5249999761581421,0.5339999794960022,125900
2023-03-07,CREG,1.7400000095367432,1.75,1.6699999570846558,1.690000057220459,18800
2023-03-07,CRESY,6.589161953570184,6.725548535766745,6.401631130008566,6.461299896240234,153402
2023-03-07,CREX,2.25,2.25,2.1600000858306885,2.220000028610229,5933
2023-03-07,CRIS,0.6899999976158142,0.7099999785423279,0.6800000071525574,0.6899999976158142,242200
2023-03-07,CRMD,3.920000076293945,3.9700000286102295,3.7699999809265137,3.799999952316284,207900
2023-03-07,CRMT,84.87000274658203,85.55999755859375,83.16000366210938,84.83000183105469,81500
2023-03-07,CRNC,27.530000686645508,27.88999938964844,27.33799934387207,27.540000915527344,512800
2023-03-07,CRNT,1.7599999904632568,1.7699999809265137,1.7300000190734863,1.7400000095367432,57800
2023-03-07,CRNX,18.68000030517578,19.09000015258789,18.51000022888184,18.979999542236328,270800
2023-03-07,CRON,2.039999961853028,2.0999999046325684,1.9900000095367432,2.059999942779541,3513100
2023-03-07,CROX,125.19000244140624,127.4000015258789,123.66000366210938,124.47000122070312,1530200
2023-03-07,CRSP,48.869998931884766,49.09999847412109,47.66400146484375,47.84000015258789,762300
2023-03-07,CRTO,31.780000686645508,32.20000076293945,31.399999618530277,31.81999969482422,155300
2023-03-07,CRUS,103.19000244140624,103.72000122070312,102.54000091552734,103.2300033569336,304800
2023-03-07,CRVL,59.45000076293945,60.06666564941406,58.90666580200195,59.29333114624024,139800
2023-03-07,CRVS,0.7300000190734863,0.75,0.6899999976158142,0.7049999833106995,51700
2023-03-07,CRWD,127.0,128.60000610351562,124.51000213623048,124.93000030517578,9777400
2023-03-07,CRWS,4.960176637742383,5.003308773040772,4.942923865890734,5.003308773040772,5100
2023-03-07,CSCO,46.63393479737513,46.81267967581141,45.74961293057178,46.01302719116211,17506600
2023-03-07,CSGP,72.0999984741211,72.38999938964844,70.41000366210938,70.63999938964844,1514400
2023-03-07,CSGS,53.2638917972472,53.301846566715874,52.11567404792753,52.4952507019043,181700
2023-03-07,CSIQ,42.709999084472656,43.18000030517578,41.970001220703125,42.560001373291016,585800
2023-03-07,CSQ,12.116872865439266,12.16774882473313,11.92185010687899,11.964245796203612,143600
2023-03-07,CSTE,4.820000171661377,4.880000114440918,4.599999904632568,4.659999847412109,108400
2023-03-07,CSTL,24.15999984741211,24.15999984741211,22.059999465942383,22.61000061035156,192600
2023-03-07,CSWC,14.68206980009242,14.75198453813394,14.550008792867764,14.596619606018066,369500
2023-03-07,CSWI,140.79806377665557,142.60443172955885,140.67896691996614,141.65162658691406,71900
2023-03-07,CSX,29.75671605682086,29.75671605682086,28.842918983071268,28.862361907958984,19224200
2023-03-07,CTAS,107.18034264684258,107.32713513477032,104.50672619659429,104.9350814819336,1090800
2023-03-07,CTBI,38.50779853810106,38.68952550583664,38.22612156480324,38.42602157592773,52200
2023-03-07,CTHR,8.5,8.899999618530273,8.399999618530273,8.399999618530273,8640
2023-03-07,CTLP,5.880000114440918,5.989999771118164,5.71999979019165,5.96999979019165,395700
2023-03-07,CTMX,2.0799999237060547,2.2300000190734863,2.0799999237060547,2.1700000762939453,1653400
2023-03-07,CTRM,13.800000190734863,14.100000381469728,13.100000381469728,13.5,78800
2023-03-07,CTRN,26.549999237060547,27.26000022888184,26.059999465942383,26.56999969482422,91100
2023-03-07,CTSH,60.50534243958282,60.67959812124506,59.2468320554301,59.459808349609375,2423900
2023-03-07,CTSO,3.140000104904175,4.199999809265137,3.140000104904175,3.799999952316284,473000
2023-03-07,CTXR,26.25,28.5,26.0,28.25,34448
2023-03-07,CUBA,2.9950669065296607,2.9950669065296607,2.965265274047852,2.965265274047852,3600
2023-03-07,CUE,2.880000114440918,2.924999952316284,2.690000057220459,2.799999952316284,87000
2023-03-07,CVBF,21.49955390716761,21.59065405790463,20.916513985005164,21.007614135742188,687500
2023-03-07,CVCO,289.4200134277344,293.0,287.0899963378906,290.4200134277344,70300
2023-03-07,CVGI,7.989999771118164,8.5,7.269999980926514,7.380000114440918,334000
2023-03-07,CVGW,25.26734473518108,25.985663168817943,21.97666747185387,23.151216506958008,1362300
2023-03-07,CVLT,58.650001525878906,58.77000045776367,57.75,58.09999847412109,205600
2023-03-07,CVV,10.640000343322754,11.550000190734863,10.470000267028809,11.119999885559082,35200
2023-03-07,CWBC,23.700277575590512,23.76650741402413,23.28398656147928,23.54889869689941,25100
2023-03-07,CWCO,14.93976947362823,14.93976947362823,14.63903436500171,14.852459907531738,49500
2023-03-07,CWST,78.44999694824219,78.68000030517578,77.13999938964844,77.86000061035156,198700
2023-03-07,CYBR,149.80999755859375,151.17999267578125,148.3699951171875,148.44000244140625,244000
2023-03-07,CYCC,11.399999618530272,11.399999618530272,10.350000381469728,10.949999809265137,5853
2023-03-07,CYRX,22.25,22.84000015258789,22.030000686645508,22.299999237060547,231200
2023-03-07,CYTH,1.1799999475479126,1.1799999475479126,1.0499999523162842,1.0800000429153442,105800
2023-03-07,CYTK,39.290000915527344,40.5,38.959999084472656,40.11000061035156,1156500
2023-03-07,CZNC,19.98467965251283,19.98467965251283,19.75250881422518,19.84180450439453,14400
2023-03-07,CZR,52.77000045776367,53.77999877929688,52.09999847412109,52.68000030517578,4173000
2023-03-07,DAIO,4.400000095367432,4.489999771118164,4.28000020980835,4.480000019073486,2700
2023-03-07,DAKT,4.059999942779541,4.110000133514404,3.930000066757202,4.0,208900
2023-03-07,DARE,13.199999809265137,13.4399995803833,12.972000122070312,13.079999923706056,13250
2023-03-07,DBVT,3.140000104904175,3.1540000438690186,2.9800000190734863,3.0199999809265137,9350
2023-03-07,DBX,20.38999938964844,20.65999984741211,20.030000686645508,20.11000061035156,3851900
2023-03-07,DCOM,27.94811213811239,27.94811213811239,27.38914933606575,27.489946365356445,117200
2023-03-07,DDOG,76.58000183105469,77.38999938964844,74.37000274658203,74.81999969482422,3326000
2023-03-07,DENN,11.510000228881836,11.699999809265137,11.25,11.539999961853027,409300
2023-03-07,DGICA,13.816703313470937,13.871314301825787,13.689276227266264,13.862212181091309,45100
2023-03-07,DGII,33.869998931884766,34.0,33.2599983215332,33.619998931884766,397800
2023-03-07,DGLY,4.510000228881836,4.650000095367432,4.420000076293945,4.449999809265137,15100
2023-03-07,DHC,1.7427855109149577,1.8679580650737144,1.6657563880879656,1.7813001871109009,6078600
2023-03-07,DHCNI,11.024655792538724,11.25297684087401,10.886032104492188,10.886032104492188,30800
2023-03-07,DHIL,161.91254774834098,161.91254774834098,158.7403397707216,160.14093017578125,6500
2023-03-07,DIOD,90.7300033569336,91.22000122070312,89.11000061035156,89.33999633789062,109900
2023-03-07,DKNG,19.850000381469727,19.899999618530277,19.100000381469727,19.36000061035156,11820700
2023-03-07,DLHC,13.449999809265137,13.449999809265137,12.720000267028809,12.84000015258789,23200
2023-03-07,DLPN,3.880000114440918,4.179999828338623,3.799999952316284,4.019999980926514,13950
2023-03-07,DLTH,6.019999980926514,6.239999771118164,6.010000228881836,6.159999847412109,44500
2023-03-07,DLTR,143.6999969482422,144.3800048828125,141.33999633789062,142.02000427246094,1573200
2023-03-07,DMAC,1.7999999523162842,1.7999999523162842,1.7400000095367432,1.7599999904632568,16200
2023-03-07,DMLP,24.70557052769826,24.713633888170023,23.423525433334376,23.891189575195312,115500
2023-03-07,DMRC,21.11000061035156,21.88999938964844,21.0,21.07999992370605,55000
2023-03-07,DNLI,27.1200008392334,27.420000076293945,25.69499969482422,26.06999969482422,760400
2023-03-07,DNTH,0.7799999713897705,0.8299999833106995,0.7699999809265137,0.8100000023841858,306000
2023-03-07,DOCU,64.73999786376953,66.9800033569336,64.4800033569336,64.91999816894531,4233900
2023-03-07,DOMH,4.074536247345161,4.141804703041197,4.074536247345161,4.093756198883057,12800
2023-03-07,DOMO,12.40999984741211,14.380000114440918,12.0,13.260000228881836,3081700
2023-03-07,DOOO,84.63211032665416,85.19239230009718,84.10131569402543,84.60262298583984,56800
2023-03-07,DORM,84.51000213623047,84.86000061035156,83.4000015258789,84.38999938964844,119900
2023-03-07,DOX,86.9534025964179,87.50009806235467,86.23406607189744,86.45465850830078,651100
2023-03-07,DOYU,6.217197108191233,6.458173747417661,6.024415980660677,6.169002056121826,101820
2023-03-07,DPZ,306.48302511287005,310.66004614366346,300.9589051874398,301.25933837890625,1002500
2023-03-07,DRIO,4.8470001220703125,4.927000045776367,4.716000080108643,4.869999885559082,79600
2023-03-07,DRRX,4.800000190734863,5.079999923706055,4.75,4.75,31900
2023-03-07,DSGR,23.45499992370605,23.45499992370605,22.809999465942383,23.0,20200
2023-03-07,DSGX,76.38999938964844,76.69999694824219,75.45999908447266,75.5999984741211,156700
2023-03-07,DTIL,32.400001525878906,34.04999923706055,31.799999237060547,33.0,11453
2023-03-07,DTSS,17.25,18.149999618530277,16.649999618530273,17.100000381469727,1620
2023-03-07,DVAX,10.25,10.270000457763672,10.0600004196167,10.0600004196167,1198900
2023-03-07,DXCM,113.23999786376952,115.37999725341795,112.12000274658205,113.80999755859376,2304700
2023-03-07,DXLG,5.840000152587891,5.940000057220459,5.829999923706055,5.869999885559082,509800
2023-03-07,DXPE,29.229999542236328,29.530000686645508,28.90999984741211,29.40999984741211,58100
2023-03-07,DYAI,1.399999976158142,1.7000000476837158,1.399999976158142,1.690000057220459,60600
2023-03-07,EA,111.93977252569138,112.37490741487537,110.36733080315511,110.9013671875,1871700
2023-03-07,EBAY,42.8029591325293,43.0224121167669,41.820190629253226,41.96331024169922,5326600
2023-03-07,EBTC,33.22005156091874,33.22005156091874,32.919927142198155,33.107505798339844,16500
2023-03-07,ECOR,3.319999933242798,3.431999921798706,3.319999933242798,3.4200000762939453,16500
2023-03-07,ECPG,52.18000030517578,52.2400016784668,50.650001525878906,50.75,308400
2023-03-07,EDAP,12.329999923706056,12.5,12.270000457763672,12.399999618530272,28700
2023-03-07,EDIT,8.5600004196167,8.920000076293945,8.4399995803833,8.619999885559082,1120600
2023-03-07,EDSA,10.289999961853027,10.359999656677246,9.729999542236328,10.220000267028809,6386
2023-03-07,EDUC,3.5799999237060547,3.660000085830689,3.559999942779541,3.559999942779541,2000
2023-03-07,EEFT,110.63999938964844,111.25,109.01000213623048,109.5999984741211,234600
2023-03-07,EFSC,52.64261672808751,52.64261672808751,50.97172192874749,51.27552032470703,97700
2023-03-07,EGAN,7.829999923706055,8.0600004196167,7.829999923706055,7.860000133514404,43000
2023-03-07,EHTH,9.65999984741211,10.56999969482422,9.539999961853027,10.020000457763672,1055600
2023-03-07,EKSO,1.4500000476837158,1.4769999980926514,1.440000057220459,1.444000005722046,7800
2023-03-07,ENLV,3.859999895095825,3.9600000381469727,3.849999904632568,3.861000061035156,7700
2023-03-07,ENPH,225.1699981689453,227.6699981689453,219.4600067138672,224.2100067138672,2938500
2023-03-07,ENSG,89.74537889103375,89.74537889103375,87.6344305848424,87.80370330810547,298400
2023-03-07,ENTA,46.91999816894531,47.86000061035156,46.64500045776367,47.08000183105469,162200
2023-03-07,ENTG,83.83175390388871,84.18898451216899,81.47001176731462,81.70816802978516,1029500
2023-03-07,EOLS,9.1899995803833,9.3100004196167,9.039999961853027,9.170000076293944,236800
2023-03-07,EPIX,2.930000066757202,3.0220000743865967,2.8499999046325684,2.900000095367432,105700
2023-03-07,EQ,0.8899999856948853,0.9200000166893004,0.8500000238418579,0.8799999952316284,78100
2023-03-07,EQIX,674.1174298754864,675.3374228793396,656.8456873222833,658.5555419921875,275800
2023-03-07,ERIC,5.251441313751455,5.260785729439432,5.139310998893323,5.148655414581299,5615400
2023-03-07,ERIE,232.86126614361388,232.9872885458399,229.66235312635808,230.55416870117188,81600
2023-03-07,ERII,23.88999938964844,23.88999938964844,23.0,23.190000534057617,415400
2023-03-07,ERNA,3.7799999713897705,3.7799999713897705,3.539999961853028,3.609999895095825,4600
2023-03-07,ESCA,11.73507180675082,11.781018918430956,11.542090957985312,11.560469627380373,8700
2023-03-07,ESEA,17.529274619252906,17.93366027925094,17.239171352851496,17.88091468811035,76800
2023-03-07,ESGR,237.08999633789065,240.0399932861328,234.30999755859372,234.50999450683597,27900
2023-03-07,ESGRO,21.22850383681961,21.2898323064121,21.03575697937528,21.053279876708984,4200
2023-03-07,ESGRP,20.611315336803003,20.628820039784,20.409141526195665,20.471281051635746,10100
2023-03-07,ESLT,172.74884188658635,173.3875545765854,170.74423945509358,171.09799194335938,23300
2023-03-07,ESPR,5.119999885559082,5.389999866485596,4.880000114440918,4.909999847412109,4882600
2023-03-07,ESQ,43.62402026407861,43.69253424492671,42.35846436018622,42.86057662963867,19100
2023-03-07,ESSA,17.611098205110334,17.611098205110334,17.435171917845377,17.546283721923828,28900
2023-03-07,ESTA,74.16999816894531,74.80999755859375,71.41000366210938,71.87000274658203,116500
2023-03-07,ETNB,13.8100004196167,14.140000343322754,13.050000190734863,13.0600004196167,1359900
2023-03-07,ETON,3.859999895095825,3.990000009536743,3.7699999809265137,3.990000009536743,22000
2023-03-07,ETSY,119.08999633789062,122.51000213623048,114.81999969482422,115.88999938964844,3927500
2023-03-07,EVER,13.800000190734863,14.029999732971191,13.489999771118164,13.829999923706056,336800
2023-03-07,EVGN,7.599999904632568,7.699999809265137,7.199999809265137,7.599999904632568,8050
2023-03-07,EVOK,34.63199996948242,35.327999114990234,34.439998626708984,34.439998626708984,675
2023-03-07,EVRG,53.748225975160594,54.082911129107885,52.62658869067085,52.807498931884766,1050800
2023-03-07,EVTV,3.611999988555908,3.880000114440918,3.611999988555908,3.880000114440918,8500
2023-03-07,EWBC,69.8834032433907,69.8834032433907,68.32813317413704,68.6297607421875,848100
2023-03-07,EXAS,66.72000122070312,67.77999877929688,65.97000122070312,66.08000183105469,2530300
2023-03-07,EXC,38.55946037155809,38.73540637821737,37.60566119540046,37.9668083190918,8039500
2023-03-07,EXEL,16.540000915527344,16.790000915527344,16.440000534057617,16.479999542236328,2448800
2023-03-07,EXLS,33.400001525878906,33.50400161743164,32.38999938964844,32.566001892089844,852000
2023-03-07,EXPE,108.52224437537072,110.40828553061422,106.92559678540486,107.28484344482422,2381600
2023-03-07,EXPI,11.530958615069853,11.698032298602534,11.231579122766668,11.289523124694824,601100
2023-03-07,EXPO,101.78403807677826,102.0274008360872,99.78846790655024,100.5574951171875,153800
2023-03-07,EXTR,17.979999542236328,18.209999084472656,17.329999923706055,17.59000015258789,2035400
2023-03-07,EYE,22.25,22.864999771118164,22.15999984741211,22.5,1764400
2023-03-07,EYEN,247.1999969482422,263.20001220703125,236.0,240.8000030517578,954
2023-03-07,EYPT,3.25,3.2699999809265137,3.109999895095825,3.140000104904175,124800
2023-03-07,EZPW,8.890000343322754,8.979999542236328,8.760000228881836,8.920000076293945,604400
2023-03-07,FAMI,46.08000183105469,47.040000915527344,42.2400016784668,43.20000076293945,3399
2023-03-07,FANG,131.00297885674323,131.93168165656627,128.20765231977086,131.25125122070312,2709800
2023-03-07,FARM,4.239999771118164,4.289999961853027,4.039999961853027,4.050000190734863,45000
2023-03-07,FARO,26.57999992370605,26.57999992370605,25.82999992370605,26.170000076293945,76400
2023-03-07,FAST,50.58967130926358,50.72245201952888,49.70762388478349,49.89731216430664,2742000
2023-03-07,FAT,3.463267174134423,3.463267174134423,3.378579590523898,3.396408796310425,16684
2023-03-07,FATE,5.820000171661377,5.920000076293945,5.659999847412109,5.679999828338623,1749500
2023-03-07,FBIO,12.149999618530272,12.600000381469728,11.699999809265137,12.449999809265137,28320
2023-03-07,FBIOP,16.3562729571057,16.3562729571057,16.242121995396765,16.264137268066406,4400
2023-03-07,FBIZ,33.67157744319395,33.72844040285843,33.245117898794334,33.264068603515625,21500
2023-03-07,FBNC,39.14091551500231,39.52111041092927,38.94131482625392,39.08388519287109,339200
2023-03-07,FBRX,25.5,25.700000762939453,24.875,25.125,716
2023-03-07,FCBC,26.845608167500902,26.845608167500902,26.60527903849425,26.74769592285156,10500
2023-03-07,FCEL,102.0,103.1999969482422,97.5,99.9000015258789,289843
2023-03-07,FCFS,86.79669419235964,87.38125529260795,85.22814470123636,86.03677368164062,153400
2023-03-07,FCNCA,692.3531494642092,692.3531494642092,669.6699521222728,676.5424194335938,130000
2023-03-07,FCNCP,19.185489910567146,19.693160024158317,19.185489910567146,19.291439056396484,14700
2023-03-07,FDUS,15.681779981745086,15.834474135113169,15.651240277343517,15.704683303833008,84100
2023-03-07,FELE,92.64959327386327,93.10063284467782,91.7573214544331,92.13972473144533,122100
2023-03-07,FENC,9.149999618530272,9.199999809265137,8.850000381469727,8.970000267028809,84400
2023-03-07,FFBC,22.02804026594108,22.02804026594108,21.4287008713978,21.48402404785156,234000
2023-03-07,FFIC,16.25448023927548,16.31519574995703,15.898859401534752,15.95090103149414,170400
2023-03-07,FFIN,34.01539462961313,34.46221624906683,33.7587101009842,33.83476638793945,884600
2023-03-07,FFIV,145.33999633789062,147.02999877929688,144.22999572753906,144.64999389648438,351600
2023-03-07,FFNW,14.128517150878906,14.128517150878906,14.128517150878906,14.128517150878906,1400
2023-03-07,FGBI,17.451491935833783,18.24515703233773,17.33298966039668,17.779905319213867,37200
2023-03-07,FGEN,21.5,22.315000534057617,21.11000061035156,21.34000015258789,965900
2023-03-07,FHB,23.5730685330617,23.654793488368394,23.25525118684082,23.28249168395996,446000
2023-03-07,FIBK,30.4450423372126,30.4450423372126,29.652112028962957,29.94837188720703,613500
2023-03-07,FISI,21.300590711024867,21.300590711024867,21.02907871153745,21.064111709594727,27600
2023-03-07,FITB,33.34435652973293,33.34435652973293,31.37158775930488,31.46334648132324,5971500
2023-03-07,FITBI,21.556374065127443,21.599111709929755,21.50509052163912,21.530733108520508,28200
2023-03-07,FITBO,19.914158254742837,20.128384769200856,19.771340578437485,19.985567092895508,14800
2023-03-07,FITBP,21.54428199733561,21.70308532748293,21.332544784718426,21.40312385559082,5200
2023-03-07,FIVE,205.25,208.44000244140625,200.69000244140625,200.82000732421875,868300
2023-03-07,FIVN,68.12999725341797,68.69000244140625,66.29000091552734,66.47000122070312,876800
2023-03-07,FIZZ,42.38826815077904,43.386850218421706,42.38826815077904,43.18153381347656,129400
2023-03-07,FLEX,17.392614364624023,17.505651473999023,17.128862380981445,17.211755752563477,2938243
2023-03-07,FLGT,31.09000015258789,31.549999237060547,30.59000015258789,31.15999984741211,243200
2023-03-07,FLIC,14.691020338770862,14.691020338770862,14.412517835287945,14.525660514831545,60600
2023-03-07,FLL,9.869999885559082,9.970000267028809,9.720000267028809,9.93000030517578,126500
2023-03-07,FLNT,8.819999694824219,8.880000114440918,8.640000343322754,8.640000343322754,82400
2023-03-07,FLWS,10.4399995803833,10.550000190734863,10.220000267028809,10.289999961853027,318100
2023-03-07,FLXS,18.81488396902712,19.397475561604537,18.41375440575729,18.64297103881836,5500
2023-03-07,FMBH,28.97798215819869,29.317679050895205,28.66659393981883,28.72321128845215,23100
2023-03-07,FMNB,12.53791889079585,12.53791889079585,12.06529403852656,12.109881401062012,125200
2023-03-07,FNKO,9.649999618530272,9.760000228881836,9.199999809265137,9.289999961853027,871600
2023-03-07,FNLC,26.14374419758056,26.608681237827277,26.03645208390972,26.10798072814941,23900
2023-03-07,FNWB,13.329110271237331,13.43764761709653,13.16725671673442,13.233901977539062,6200
2023-03-07,FOLD,12.130000114440918,12.3100004196167,11.9399995803833,12.100000381469728,2084200
2023-03-07,FONR,16.489999771118164,16.559999465942383,16.450000762939453,16.450000762939453,4300
2023-03-07,FORD,12.100000381469728,12.300000190734863,11.5,11.699999809265137,1660
2023-03-07,FORM,29.020000457763672,29.1200008392334,28.270000457763672,28.540000915527344,378100
2023-03-07,FORR,33.97999954223633,34.52000045776367,33.79999923706055,34.290000915527344,74100
2023-03-07,FOSL,4.309999942779541,4.389999866485596,4.239999771118164,4.25,493400
2023-03-07,FOX,31.14936923662051,31.40151440514707,30.94571608471777,31.00390243530273,1000300
2023-03-07,FOXA,33.8264055638174,34.18119565226496,33.67088200498504,33.719482421875,2658800
2023-03-07,FOXF,121.61000061035156,122.95999908447266,119.08000183105467,119.20999908447266,108800
2023-03-07,FPAY,1.0299999713897705,1.0499999523162842,1.0299999713897705,1.0499999523162842,2100
2023-03-07,FRBA,12.903805213674827,12.923065065802724,12.85565742007568,12.884546279907228,18700
2023-03-07,FRGT,625.0,635.0,570.0,600.0,1834
2023-03-07,FRHC,73.12000274658203,75.96199798583984,73.02799987792969,74.4800033569336,165900
2023-03-07,FRME,37.40643130699747,37.6826967217769,36.49475508693483,36.56842422485352,135800
2023-03-07,FRPH,27.184999465942383,28.23500061035156,27.01000022888184,28.065000534057617,38800
2023-03-07,FRPT,62.720001220703125,63.54999923706055,61.630001068115234,61.68999862670898,288900
2023-03-07,FRST,10.734170937432433,10.734170937432433,10.530591593043756,10.595366477966309,38400
2023-03-07,FRSX,3.359999895095825,3.4800000190734863,3.312000036239624,3.444000005722046,5233
2023-03-07,FSBW,32.85419333241134,33.04246663086862,32.195226014561946,32.665916442871094,18500
2023-03-07,FSLR,212.5,217.75999450683597,211.0,214.2899932861328,3526100
2023-03-07,FSTR,12.729999542236328,12.979999542236328,12.600000381469728,12.75,14800
2023-03-07,FSV,135.17679096464693,135.6807123498388,134.2193644553954,134.66299438476562,29200
2023-03-07,FTAI,24.7286648412996,24.88008580932776,24.31226304566329,24.520463943481445,955400
2023-03-07,FTDR,28.709999084472656,28.93000030517578,27.850000381469727,27.90999984741211,638900
2023-03-07,FTEK,1.440000057220459,1.5,1.440000057220459,1.4800000190734863,104900
2023-03-07,FTFT,1.7100000381469729,1.7799999713897705,1.649999976158142,1.6699999570846558,24000
2023-03-07,FTNT,61.0,61.9900016784668,60.11000061035156,60.369998931884766,5258100
2023-03-07,FULC,5.980000019073486,6.349999904632568,5.760000228881836,6.329999923706055,905800
2023-03-07,FULT,15.494638204195128,15.494638204195128,14.953700978685042,14.990375518798828,1091600
2023-03-07,FUNC,18.25109912533212,18.25109912533212,17.936105407200724,18.056543350219727,5100
2023-03-07,FUND,7.385954969550927,7.394474143663555,7.241132259368896,7.241132259368896,33000
2023-03-07,FUTU,48.720001220703125,49.72999954223633,48.52000045776367,49.09999847412109,1121900
2023-03-07,FVCB,13.710000038146973,13.869999885559082,13.479999542236328,13.699999809265137,81000
2023-03-07,FWONA,65.21611022949219,65.45186614990234,63.11394882202149,63.16306686401367,171533
2023-03-07,FWONK,72.29105377197266,72.47787475585938,70.31465148925781,70.49164581298828,1033882
2023-03-07,FWRD,105.414618774039,106.10787234177133,104.62232250586162,104.93923950195312,135500
2023-03-07,GABC,36.33302324772358,36.33302324772358,35.113161687482375,35.21638107299805,73500
2023-03-07,GAIA,2.619999885559082,3.5999999046325684,2.619999885559082,3.259999990463257,241200
2023-03-07,GAIN,10.275596831138309,10.350821107450258,10.230462839264629,10.260552406311035,79400
2023-03-07,GALT,2.190000057220459,2.2100000381469727,2.0999999046325684,2.140000104904175,72200
2023-03-07,GASS,3.0299999713897705,3.069999933242798,2.9600000381469727,2.9800000190734863,141500
2023-03-07,GBDC,10.923888969532,10.95562136804631,10.812825196451888,10.868356704711914,601800
2023-03-07,GDEN,39.90438035898447,40.448237831906845,39.73845750172966,39.8398551940918,408200
2023-03-07,GDS,19.020000457763672,19.15999984741211,17.5,17.59000015258789,2399100
2023-03-07,GDYN,12.25,12.329999923706056,11.68000030517578,11.90999984741211,500200
2023-03-07,GECC,6.811494695957926,6.81870279197505,6.544801329941159,6.660128116607666,62800
2023-03-07,GEN,18.333309512563797,18.428945294387606,17.7403691245368,17.87425994873047,4834700
2023-03-07,GEOS,6.25,6.539999961853027,6.25,6.46999979019165,11300
2023-03-07,GERN,2.819999933242798,2.8399999141693115,2.759999990463257,2.789999961853028,2914400
2023-03-07,GEVO,1.8600000143051147,1.8600000143051147,1.7200000286102295,1.7300000190734863,7850300
2023-03-07,GGAL,11.235886774226548,11.321985029534956,10.83983250072326,10.908711433410645,596400
2023-03-07,GH,30.06999969482422,30.38999938964844,29.34000015258789,29.799999237060547,1890800
2023-03-07,GIFI,4.579999923706055,4.579999923706055,4.449999809265137,4.53000020980835,34600
2023-03-07,GIII,16.15999984741211,16.93000030517578,16.149999618530273,16.579999923706055,610100
2023-03-07,GILD,74.67909415639146,74.67909415639146,73.42984926314666,73.74215698242188,6112600
2023-03-07,GILT,5.679999828338623,5.71999979019165,5.559999942779541,5.610000133514404,74400
2023-03-07,GLAD,16.373390197753906,16.504115737353544,16.308025869582732,16.373390197753906,44100
2023-03-07,GLBS,1.1699999570846558,1.190000057220459,1.149999976158142,1.159999966621399,47900
2023-03-07,GLDD,5.789999961853027,5.849999904632568,5.610000133514404,5.619999885559082,463200
2023-03-07,GLMD,6.119999885559082,6.119999885559082,5.880000114440918,6.0,1200
2023-03-07,GLNG,21.33749716178749,21.45014641907396,20.661606989566263,21.17791175842285,1237300
2023-03-07,GLPG,37.13999938964844,37.150001525878906,36.70000076293945,36.77999877929688,429600
2023-03-07,GLPI,47.40683925422299,47.45022760765186,46.78203637182584,46.91220474243164,758300
2023-03-07,GLRE,9.65999984741211,9.93000030517578,9.56999969482422,9.93000030517578,59600
2023-03-07,GLYC,1.5099999904632568,1.559999942779541,1.4199999570846558,1.4600000381469729,1391300
2023-03-07,GMAB,36.25,36.34000015258789,35.755001068115234,35.779998779296875,514800
2023-03-07,GMGI,3.3399999141693115,3.799999952316284,3.289999961853028,3.7699999809265137,39500
2023-03-07,GNLN,38.5,41.25,37.400001525878906,39.27000045776367,1575
2023-03-07,GNPX,44.400001525878906,44.79999923706055,42.0,42.400001525878906,6768
2023-03-07,GNSS,3.509999990463257,3.549999952316284,3.2699999809265137,3.359999895095825,27800
2023-03-07,GNTX,27.461494552482865,27.606844364937523,27.21924424898405,27.27738380432129,830500
2023-03-07,GO,27.25,27.545000076293945,26.8700008392334,26.88999938964844,1173600
2023-03-07,GOGL,9.037984172553848,9.064882695750937,8.912456305819703,8.984187126159668,1338200
2023-03-07,GOGO,15.949999809265137,16.219999313354492,15.729999542236328,15.81999969482422,400400
2023-03-07,GOOD,11.36790147133554,11.50144497471971,11.03404271287511,11.175932884216309,342200
2023-03-07,GOOG,94.97017390075744,95.63701359724608,93.40160698664003,93.72606658935548,24101500
2023-03-07,GOOGL,94.52807232544816,95.21478402463518,93.08496711653402,93.41339874267578,27835500
2023-03-07,GOSS,1.6299999952316284,1.7799999713897705,1.6200000047683716,1.6699999570846558,3100500
2023-03-07,GPRE,33.5,33.84000015258789,32.54999923706055,33.0099983215332,667900
2023-03-07,GPRO,5.21999979019165,5.284999847412109,5.179999828338623,5.179999828338623,1086900
2023-03-07,GRCE,3.119999885559082,3.119999885559082,2.880000114440918,3.0,11100
2023-03-07,GREE,5.0,5.199999809265137,4.699999809265137,4.800000190734863,45450
2023-03-07,GRFS,8.199999809265137,8.229999542236328,7.980000019073486,7.980000019073486,878400
2023-03-07,GRNQ,1.4199999570846558,1.4900000095367432,1.4199999570846558,1.4800000190734863,2700
2023-03-07,GROW,2.468019164778017,2.514410456722671,2.468019164778017,2.50513219833374,11100
2023-03-07,GRPN,6.300000190734863,6.46999979019165,6.119999885559082,6.170000076293945,917400
2023-03-07,GRVY,54.650001525878906,55.18000030517578,54.0,55.18000030517578,9100
2023-03-07,GRWG,4.190000057220459,4.21999979019165,4.070000171661377,4.119999885559082,1036900
2023-03-07,GRYP,17.799999237060547,18.0,17.600000381469727,17.959999084472656,705
2023-03-07,GSAT,17.850000381469727,18.149999618530277,17.549999237060547,17.850000381469727,241227
2023-03-07,GSBC,54.09339354013711,54.09339354013711,53.09375841411919,53.26350784301758,15400
2023-03-07,GSHD,49.65040593706039,51.21203855212661,47.73859037336741,51.10792922973633,503900
2023-03-07,GSIT,1.5099999904632568,1.5399999618530271,1.5099999904632568,1.5199999809265137,3800
2023-03-07,GSM,4.843342058577479,4.9224169540116325,4.813688737127894,4.853226184844971,941400
2023-03-07,GT,11.670000076293944,11.6899995803833,11.5,11.550000190734863,3397700
2023-03-07,GTBP,20.549999237060547,20.700000762939453,18.899999618530277,19.5,1077
2023-03-07,GTEC,2.138000011444092,2.138000011444092,1.9800000190734863,2.0299999713897705,45500
2023-03-07,GTIM,2.900000095367432,2.900000095367432,2.880000114440918,2.880000114440918,2800
2023-03-07,GWAV,160.5,166.35000610351562,150.0,154.5,467
2023-03-07,GWRS,12.043061018723163,12.043061018723163,11.909154453346783,11.994626998901367,7500
2023-03-07,GYRE,3.75,3.75,3.450000047683716,3.5999999046325684,80940
2023-03-07,HAFC,20.59172102029469,20.59172102029469,20.252543005125165,20.350725173950195,148100
2023-03-07,HAIN,17.440000534057617,17.520000457763672,16.940000534057617,17.0,822300
2023-03-07,HALO,45.619998931884766,45.93000030517578,43.31999969482422,43.400001525878906,2075400
2023-03-07,HAS,49.2642435875683,49.31872059384982,47.067056286346464,47.2032470703125,2071200
2023-03-07,HBAN,13.560926651631847,13.560926651631847,12.91559481181158,12.951446533203123,18582400
2023-03-07,HBCP,36.48505186098356,36.48505186098356,35.41252298828278,35.78268814086914,11800
2023-03-07,HBIO,2.4800000190734863,2.640000104904175,2.430000066757202,2.450000047683716,34700
2023-03-07,HBNC,13.442253118590058,13.46025970872537,13.19015398755634,13.280189514160156,239100
2023-03-07,HBT,21.581440344793624,21.813598698465537,20.87567873708369,20.977828979492188,55000
2023-03-07,HCAT,13.609999656677246,13.800000190734863,13.30500030517578,13.359999656677246,399000
2023-03-07,HCKT,18.42365251260145,18.57766409487894,18.337020768075,18.54878807067871,135100
2023-03-07,HCM,16.700000762939453,16.969999313354492,15.960000038146973,16.530000686645508,629800
2023-03-07,HCSG,12.710000038146973,12.739999771118164,12.34000015258789,12.4399995803833,846400
2023-03-07,HDSN,9.640000343322754,9.760000228881836,9.350000381469728,9.489999771118164,1057600
2023-03-07,HEES,52.89617298159412,53.81494043616005,52.51335138342965,52.93445587158203,198800
2023-03-07,HELE,114.23999786376952,116.13999938964844,113.4800033569336,114.08999633789062,480500
2023-03-07,HEPA,830.0,838.0,800.0,809.0,82
2023-03-07,HFFG,3.839999914169312,3.990000009536743,3.809999942779541,3.900000095367432,39800
2023-03-07,HFWA,24.540578495997337,24.923171095711144,23.88470447507661,23.90292358398437,253200
2023-03-07,HGBL,2.4200000762939453,2.5,2.25,2.4100000858306885,20100
2023-03-07,HIFS,274.6569790484941,277.0572853714298,265.69005874733773,266.3633117675781,11100
2023-03-07,HIMX,6.972201722005448,6.972201722005448,6.75600962033188,6.783033847808838,622600
2023-03-07,HIVE,2.7699999809265137,2.7699999809265137,2.609999895095825,2.609999895095825,559200
2023-03-07,HLIT,12.670000076293944,12.670000076293944,12.25,12.449999809265137,1739600
2023-03-07,HLNE,74.00886042067928,74.00886042067928,72.53734033501958,73.05670166015625,356300
2023-03-07,HMST,23.334788772967915,23.334788772967915,22.29811371545469,22.49009132385254,181300
2023-03-07,HNRG,7.659999847412109,7.809999942779541,7.554999828338623,7.800000190734863,63700
2023-03-07,HOFT,17.924593811517756,18.422994876777608,17.924593811517756,18.289493560791016,27900
2023-03-07,HOLX,80.26000213623047,80.30000305175781,78.83000183105469,79.12999725341797,1173200
2023-03-07,HON,189.10612772408385,189.8532787227183,186.54857013395787,187.3819274902344,2781000
2023-03-07,HONE,12.61088411386615,12.648669497317355,12.327493287544796,12.35583209991455,172700
2023-03-07,HOOK,8.899999618530273,9.18000030517578,8.729999542236328,8.800000190734863,8310
2023-03-07,HOPE,11.207276124177124,11.207276124177124,10.910692308079714,10.991578102111816,936400
2023-03-07,HOTH,2.75,2.789999961853028,2.609999895095825,2.680000066757202,129100
2023-03-07,HQY,66.04000091552734,67.86000061035156,66.04000091552734,67.41000366210938,870700
2023-03-07,HROW,18.299999237060547,18.940000534057617,18.170000076293945,18.63999938964844,175500
2023-03-07,HRTX,2.3399999141693115,2.4100000858306885,2.2799999713897705,2.380000114440918,1874900
2023-03-07,HRZN,9.405523874157304,9.41329647074603,9.094597030112867,9.250060081481934,230900
2023-03-07,HSDT,13.800000190734863,15.5,13.800000190734863,14.75,2222
2023-03-07,HSIC,78.77999877929688,79.0,77.62000274658203,77.6500015258789,708400
2023-03-07,HSII,31.416129591537977,31.751873024204507,31.25305525547965,31.358572006225582,116200
2023-03-07,HST,15.385410169572536,15.49401382441364,15.20440465356954,15.313008308410645,4617600
2023-03-07,HSTM,25.122839356917027,25.69764190883109,25.05346692845002,25.548986434936523,97000
2023-03-07,HTBK,10.585060449704065,10.620640452037916,10.336000433367095,10.442740440368652,229600
2023-03-07,HTHT,49.3655772717573,50.02251786657608,48.12786821334009,48.20403671264648,1036600
2023-03-07,HTLD,16.260042801123998,16.54652078175086,16.121744125885172,16.250165939331055,170300
2023-03-07,HUBG,45.29570698411738,45.53228745710154,44.42823647562488,44.4923095703125,534200
2023-03-07,HURA,161.0,168.875,126.6999969482422,134.75,3751
2023-03-07,HURC,26.9809290085658,27.559298705955065,26.65318624133144,27.231555938720703,11000
2023-03-07,HURN,80.12999725341797,80.13999938964844,77.8499984741211,77.98999786376953,123000
2023-03-07,HUT,7.949999809265137,8.0,7.349999904632568,7.550000190734863,1913980
2023-03-07,HWC,45.994562894736966,45.994562894736966,44.03694878229095,44.11223983764648,1074600
2023-03-07,HWKN,40.14871634126431,40.51236715822631,39.71627128094256,40.45339584350586,42500
2023-03-07,IAC,53.630001068115234,53.63999938964844,51.959999084472656,52.0,805200
2023-03-07,IART,54.59000015258789,55.16999816894531,53.95000076293945,54.27000045776367,571100
2023-03-07,IBCP,20.032243528058476,20.180219332785654,19.690050141130875,19.8010311126709,61000
2023-03-07,IBIO,33.0,42.0,32.20000076293945,40.400001525878906,160600
2023-03-07,IBKR,87.36754172727066,88.22796740551176,86.8236007038939,87.58512115478516,644100
2023-03-07,IBOC,46.49506698058014,46.71420313404261,45.48513545892882,45.57088470458984,224200
2023-03-07,IBRX,1.7599999904632568,1.7799999713897705,1.6699999570846558,1.725000023841858,2624900
2023-03-07,ICAD,2.799999952316284,2.890000104904175,2.5899999141693115,2.7699999809265137,48800
2023-03-07,ICCC,5.869999885559082,6.099999904632568,5.630000114440918,5.869999885559082,7200
2023-03-07,ICFI,113.58054510167918,114.6714245885676,110.09964088278224,110.23848724365234,127500
2023-03-07,ICHR,31.36000061035156,31.739999771118164,30.479999542236328,30.93000030517578,183900
2023-03-07,ICLR,235.0,237.0,228.3300018310547,229.4499969482422,325900
2023-03-07,ICMB,3.040003456701864,3.0543434246309533,2.9898149364846605,3.032833814620972,46700
2023-03-07,ICUI,161.25999450683594,163.14999389648438,156.77000427246094,157.47000122070312,198500
2023-03-07,IDCC,70.98360116433668,71.36199864579385,70.21710161403257,70.28501892089844,256900
2023-03-07,IDN,2.6600000858306885,2.759999990463257,2.359999895095825,2.4200000762939453,68900
2023-03-07,IDXX,487.6799926757813,488.6199951171875,473.3999938964844,473.989990234375,267800
2023-03-07,IDYA,16.829999923706055,18.100000381469727,16.829999923706055,17.899999618530273,377900
2023-03-07,IEP,34.431241456645715,34.48197004597758,34.2473539486261,34.285400390625,662800
2023-03-07,IESC,43.11000061035156,45.13999938964844,43.11000061035156,44.88999938964844,42900
2023-03-07,IFRX,1.8600000143051147,1.9900000095367432,1.8550000190734863,1.8899999856948853,39500
2023-03-07,IGMS,21.56999969482422,21.57999992370605,20.690000534057617,20.75,84800
2023-03-07,IHRT,5.690000057220459,5.690000057220459,5.25,5.440000057220459,1249700
2023-03-07,III,4.9651538321453215,5.001796998397087,4.882706489668347,4.928510665893555,105600
2023-03-07,IIIV,26.350000381469727,27.440000534057617,25.34000015258789,25.489999771118164,107900
2023-03-07,ILMN,209.64007568359372,211.8385162353516,201.6439666748047,202.7821044921875,1154650
2023-03-07,ILPT,3.8442951969945103,3.8638093669181575,3.65891035009261,3.805266857147217,1718300
2023-03-07,IMAB,4.070000171661377,4.170000076293945,4.019999980926514,4.03000020980835,122800
2023-03-07,IMKTA,89.89799004256824,90.53661114312688,89.013746018396,90.21238708496094,61400
2023-03-07,IMMR,7.151702564542977,7.1986299264427895,7.057848288275843,7.132931709289551,250200
2023-03-07,IMNN,1.4600000381469729,1.5,1.399999976158142,1.399999976158142,77300
2023-03-07,IMOS,21.834515313611927,21.870666001035623,21.563392052972837,21.67184066772461,23800
2023-03-07,IMUX,2.2100000381469727,2.430000066757202,2.140000104904175,2.319999933242798,1615500
2023-03-07,IMVT,16.75,17.104999542236328,16.6200008392334,16.850000381469727,639100
2023-03-07,IMXI,25.299999237060547,25.825000762939453,25.18000030517578,25.690000534057617,348300
2023-03-07,INBK,25.43259350071176,25.638169711406235,25.050811510056626,25.089967727661133,28100
2023-03-07,INCY,75.88999938964844,75.88999938964844,74.12000274658203,74.37999725341797,1210900
2023-03-07,INDB,71.21276276190233,71.21276276190233,69.27613117974887,69.79256439208984,230800
2023-03-07,INDP,1.7100000381469729,1.7100000381469729,1.6200000047683716,1.659999966621399,13200
2023-03-07,INGN,14.8100004196167,14.970000267028809,14.5600004196167,14.640000343322754,230600
2023-03-07,INM,24.799999237060547,25.0,21.399999618530277,25.0,8910
2023-03-07,INMB,8.555000305175781,8.6899995803833,8.220000267028809,8.329999923706055,13900
2023-03-07,INMD,35.0,35.04999923706055,34.040000915527344,34.060001373291016,654400
2023-03-07,INO,14.399999618530272,14.640000343322754,13.68000030517578,13.920000076293944,371400
2023-03-07,INOD,7.050000190734863,7.150000095367432,6.760000228881836,6.769999980926514,64200
2023-03-07,INSE,16.049999237060547,16.440000534057617,15.93000030517578,16.200000762939453,217000
2023-03-07,INSG,8.300000190734863,8.5,8.0,8.199999809265137,45270
2023-03-07,INSM,20.420000076293945,20.530000686645508,19.790000915527344,19.790000915527344,860900
2023-03-07,INTC,25.220548166860084,25.366951904546383,24.88869870190473,24.9179801940918,43164600
2023-03-07,INTU,407.7976346693002,412.85218684121554,403.2169853641407,404.0561218261719,1261400
2023-03-07,INTZ,31.399999618530277,35.400001525878906,29.0,30.600000381469727,14735
2023-03-07,INVA,11.020000457763672,11.149999618530272,10.880000114440918,10.890000343322754,777800
2023-03-07,INVE,7.110000133514404,7.25,7.03000020980835,7.150000095367432,54300
2023-03-07,IONS,36.4900016784668,36.4900016784668,35.619998931884766,35.65999984741211,487500
2023-03-07,IOSP,103.3018848457246,104.1591592153236,101.51913647919385,103.57465362548828,107900
2023-03-07,IOVA,6.940000057220459,7.369999885559082,6.679999828338623,7.199999809265137,4599900
2023-03-07,IPAR,133.4049759042656,133.97622770680078,130.52018480929024,131.1009521484375,208000
2023-03-07,IPGP,122.6999969482422,123.37999725341795,120.1999969482422,121.11000061035156,242000
2023-03-07,IPWR,11.40999984741211,11.48900032043457,10.989999771118164,11.0,13600
2023-03-07,IQ,7.46999979019165,7.760000228881836,7.320000171661377,7.550000190734863,10759600
2023-03-07,IRBT,42.790000915527344,42.9900016784668,42.45000076293945,42.63999938964844,209000
2023-03-07,IRD,3.7100000381469727,3.849999904632568,3.660000085830689,3.660000085830689,50400
2023-03-07,IRDM,58.91846493510929,59.488145417593394,58.51292786594703,58.7156982421875,564900
2023-03-07,IRMD,37.08813742487864,38.22736170166699,37.02971423849418,38.1299934387207,48400
2023-03-07,IRTC,117.61000061035156,119.6449966430664,116.27999877929688,117.52999877929688,433000
2023-03-07,IRWD,10.970000267028809,10.989999771118164,10.880000114440918,10.960000038146973,3001400
2023-03-07,ISRG,235.4199981689453,236.13999938964844,229.4199981689453,230.7100067138672,1680400
2023-03-07,ISSC,7.809999942779541,7.869999885559082,7.75,7.78000020980835,10200
2023-03-07,ISTR,18.2850545229022,18.2850545229022,17.915371026731194,18.05755615234375,23500
2023-03-07,ITCI,47.65999984741211,47.7599983215332,45.88999938964844,46.13999938964844,526800
2023-03-07,ITIC,136.8166529049441,140.4502313315463,133.20118713378906,133.20118713378906,3900
2023-03-07,ITRI,55.380001068115234,55.380001068115234,53.63999938964844,53.68999862670898,250600
2023-03-07,ITRM,1.1200000047683716,1.149999976158142,1.0700000524520874,1.1449999809265137,31900
2023-03-07,ITRN,21.095500853390813,21.18867921865166,20.927780151367188,20.927780151367188,13500
2023-03-07,IVAC,6.973053913130531,7.19034481048584,6.973053913130531,7.19034481048584,133500
2023-03-07,IZEA,2.559999942779541,2.619999885559082,2.483999967575073,2.483999967575073,8600
2023-03-07,JACK,83.00953908544845,83.8345165385163,81.47337641804458,82.13715362548828,355400
2023-03-07,JAGX,88.80000305175781,89.4000015258789,84.0,85.19999694824219,15650
2023-03-07,JAKK,18.4282863269096,18.834501081056963,18.279671495591803,18.3391170501709,88400
2023-03-07,JAZZ,140.77999877929688,141.13999938964844,136.94000244140625,139.02999877929688,1038500
2023-03-07,JBHT,181.3191731377985,181.3191731377985,176.72657071666458,177.64901733398438,784200
2023-03-07,JBLU,8.460000038146973,8.569999694824219,8.119999885559082,8.15999984741211,8411000
2023-03-07,JBSS,83.62241648717252,83.81953479016919,82.01736247985026,83.65058135986328,78500
2023-03-07,JD,45.35786490452295,45.35786490452295,44.380984786922525,44.601261138916016,6508500
2023-03-07,JFIN,2.38028285405894,2.534590811157758,2.38028285405894,2.413114309310913,8000
2023-03-07,JG,12.800000190734863,13.0,12.800000190734863,12.800000190734863,2975
2023-03-07,JJSF,133.82408728091417,134.47558675084096,132.4444697228201,133.8719940185547,88500
2023-03-07,JOUT,59.484877094403565,59.484877094403565,58.30761147458658,58.70317459106445,53000
2023-03-07,JRVR,23.257584750296274,23.301029876138827,22.543155224228727,22.88106155395508,190100
2023-03-07,JSM,16.462253067078223,16.52954887749892,16.016418924713097,16.108949661254883,25600
2023-03-07,JVA,1.919999957084656,1.940000057220459,1.899999976158142,1.940000057220459,11400
2023-03-07,JXG,7.199999809265137,7.599999904632568,7.0,7.199999809265137,1810
2023-03-07,JYNT,15.899999618530272,16.25,15.529999732971191,16.139999389648438,93100
2023-03-07,KALA,21.059999465942383,21.059999465942383,18.549999237060547,18.809999465942383,1227000
2023-03-07,KALU,73.84856408265226,74.73963508465764,72.79213962657803,73.04935455322266,97200
2023-03-07,KALV,7.599999904632568,7.929999828338623,7.590000152587891,7.679999828338623,144400
2023-03-07,KDP,33.05304718017578,33.23335246994414,32.77784151151937,33.05304718017578,6903600
2023-03-07,KE,25.559999465942383,25.81999969482422,24.93000030517578,25.149999618530277,95900
2023-03-07,KELYA,16.31706299293648,16.442875829144516,16.171891921869022,16.297706604003906,124600
2023-03-07,KIRK,3.180000066757202,3.2100000381469727,3.0999999046325684,3.0999999046325684,48800
2023-03-07,KLAC,372.2419425588246,373.1830086914175,365.0076574576526,367.9876403808594,693400
2023-03-07,KLIC,51.071621597216975,51.17860902298183,49.82668510148789,50.507511138916016,355100
2023-03-07,KLXE,14.270000457763672,14.350000381469728,13.850000381469728,14.140000343322754,72400
2023-03-07,KMDA,4.121893960578151,4.189944267272949,4.121893960578151,4.189944267272949,13900
2023-03-07,KNDI,2.400000095367432,2.440000057220459,2.3499999046325684,2.430000066757202,100700
2023-03-07,KNSA,12.640000343322754,12.93000030517578,12.420000076293944,12.770000457763672,350600
2023-03-07,KOD,6.409999847412109,6.519999980926514,6.239999771118164,6.380000114440918,216500
2023-03-07,KOPN,1.2200000286102295,1.2400000095367432,1.190000057220459,1.2000000476837158,296000
2023-03-07,KPRX,34.7400016784668,35.63999938964844,33.75,35.54999923706055,5100
2023-03-07,KPTI,47.84999847412109,48.82500076293945,47.17499923706055,47.25,114273
2023-03-07,KRMD,3.921000003814697,3.974999904632568,3.7799999713897705,3.9700000286102295,29000
2023-03-07,KRNT,21.059999465942383,21.1200008392334,20.290000915527344,20.479999542236328,227900
2023-03-07,KRNY,8.743351667133078,8.743351667133078,8.381983439126548,8.611144065856934,273000
2023-03-07,KRRO,33.650001525878906,35.0,33.0,33.29999923706055,7210
2023-03-07,KRUS,68.88999938964844,72.36499786376953,66.61000061035156,66.80000305175781,267600
2023-03-07,KRYS,76.87999725341797,80.37999725341797,75.87999725341797,77.9800033569336,191500
2023-03-07,KTCC,6.619999885559082,6.889999866485596,6.519999980926514,6.630000114440918,27200
2023-03-07,KTOS,13.220000267028809,13.420000076293944,13.0600004196167,13.25,810600
2023-03-07,KURA,11.329999923706056,11.550000190734863,11.199999809265137,11.270000457763672,262700
2023-03-07,KVHI,9.800000190734863,10.0,9.239999771118164,9.8100004196167,15900
2023-03-07,KXIN,463.5,463.5,396.0,426.6000061035156,309
2023-03-07,KZR,57.5,59.59999847412109,55.900001525878906,57.400001525878906,127230
2023-03-07,LAB,2.1700000762939453,2.2699999809265137,2.130000114440918,2.1700000762939453,245000
2023-03-07,LAKE,15.23876895746921,15.23876895746921,14.736066781724698,14.923348426818848,11400
2023-03-07,LAMR,93.9608806232686,94.15754610053456,92.80771135941232,92.92391967773438,302600
2023-03-07,LANC,182.3433712152968,182.4869428307649,180.69701519914227,182.05621337890625,88600
2023-03-07,LAND,16.456824015773364,16.49629034969953,15.851051502977423,15.906121253967283,207200
2023-03-07,LASR,11.260000228881836,11.449999809265137,10.989999771118164,11.1899995803833,208500
2023-03-07,LAUR,11.139268514027355,11.314802533575458,11.053873634510722,11.253128051757812,779400
2023-03-07,LBRDA,87.08999633789062,87.08999633789062,83.0199966430664,83.33000183105469,92400
2023-03-07,LBRDK,86.6500015258789,86.83999633789062,82.87999725341797,83.41000366210938,624900
2023-03-07,LBTYA,20.030000686645508,20.239999771118164,19.200000762939453,19.25,1292200
2023-03-07,LBTYK,20.88999938964844,20.899999618530277,20.059999465942383,20.100000381469727,1794500
2023-03-07,LCNB,16.036538270238008,16.036538270238008,15.617807049371624,15.71580696105957,13300
2023-03-07,LCUT,5.903383182342576,5.950762040158698,5.685441249697315,5.69491720199585,26100
2023-03-07,LE,7.199999809265137,7.364999771118164,7.099999904632568,7.179999828338623,128900
2023-03-07,LECO,165.7679009250991,166.3998325227947,165.04849073326722,165.60263061523438,408300
2023-03-07,LEDS,2.319999933242798,2.319999933242798,2.2699999809265137,2.309999942779541,1500
2023-03-07,LEE,15.899999618530272,15.979999542236328,15.350000381469728,15.630000114440918,22600
2023-03-07,LEGH,19.815000534057617,19.979999542236328,19.709999084472656,19.84000015258789,30300
2023-03-07,LFCR,5.340000152587891,5.400000095367432,5.230000019073486,5.309999942779541,71500
2023-03-07,LFMD,1.940000057220459,1.940000057220459,1.7799999713897705,1.8200000524520876,36700
2023-03-07,LFUS,263.06389618299335,265.0714075039316,255.6899216413216,257.4428405761719,45900
2023-03-07,LFVN,3.490964811083547,3.50919437532052,3.386144708064178,3.3998169898986816,18200
2023-03-07,LFWD,5.690999984741211,5.690999984741211,5.494999885559082,5.585999965667725,96429
2023-03-07,LGIH,103.86000061035156,104.4499969482422,101.54000091552734,101.5500030517578,188900
2023-03-07,LGMK,105.0,105.0,97.5,100.0,969
2023-03-07,LGND,71.83000183105469,74.1500015258789,70.68000030517578,72.56999969482422,94500
2023-03-07,LGO,6.570000171661377,6.570000171661377,6.070000171661377,6.099999904632568,54300
2023-03-07,LGTY,12.786194054576598,12.869461742083224,12.656667324974888,12.813950538635254,103900
2023-03-07,LILA,8.970000267028809,9.0600004196167,8.600000381469727,8.609999656677246,226100
2023-03-07,LILAK,8.869999885559082,9.039999961853027,8.579999923706055,8.579999923706055,1288300
2023-03-07,LIN,345.75828845116445,346.84606259383975,340.3776595958358,343.9518127441406,2218100
2023-03-07,LINC,6.099999904632568,6.260000228881836,5.860000133514404,6.119999885559082,71300
2023-03-07,LIND,9.890000343322754,10.010000228881836,9.449999809265137,9.619999885559082,396800
2023-03-07,LITE,53.34000015258789,53.5099983215332,51.29999923706055,52.220001220703125,988500
2023-03-07,LIVN,45.43999862670898,45.7599983215332,44.13999938964844,44.34000015258789,824700
2023-03-07,LKCO,33.36000061035156,33.36000061035156,32.880001068115234,33.36000061035156,2898
2023-03-07,LKFN,64.80125406500709,64.80125406500709,63.54297360066589,63.74955749511719,100000
2023-03-07,LKQ,54.44817102379509,55.09062759548043,54.26865887330253,54.40093231201172,2570200
2023-03-07,LMAT,48.63663959552994,49.01867905522504,47.79419169115671,48.01949691772461,64600
2023-03-07,LMFA,4.9079999923706055,5.039999961853027,4.559999942779541,4.745999813079834,37083
2023-03-07,LMNR,15.318943187093051,15.522420642392124,15.105776109148009,15.251116752624512,83000
2023-03-07,LNT,48.39956223384255,48.697692068626,47.337474253178,47.50517272949219,1178700
2023-03-07,LNTH,73.25,73.27999877929688,71.55999755859375,72.37000274658203,828000
2023-03-07,LNW,62.7400016784668,64.04000091552734,61.81999969482422,62.65999984741211,423600
2023-03-07,LOAN,4.710827159783309,4.710827159783309,4.652046642492069,4.70242977142334,4400
2023-03-07,LOCO,11.829999923706056,11.979999542236328,11.71500015258789,11.75,185600
2023-03-07,LOGI,51.29490154359381,51.39170116091928,49.76544247970436,50.02680587768555,526100
2023-03-07,LOOP,2.640000104904175,2.696000099182129,2.5999999046325684,2.690000057220459,17000
2023-03-07,LOPE,111.97000122070312,112.80999755859376,110.87999725341795,112.51000213623048,217900
2023-03-07,LOVE,27.84000015258789,28.700000762939453,27.75,28.239999771118164,212000
2023-03-07,LPCN,7.870999813079834,7.870999813079834,7.309999942779541,7.343999862670898,3588
2023-03-07,LPLA,250.59248756530488,254.76523993868912,248.8917592646698,251.18577575683597,509100
2023-03-07,LPRO,6.809999942779541,7.199999809265137,6.809999942779541,6.949999809265137,1516800
2023-03-07,LPSN,11.43000030517578,11.5600004196167,10.649999618530272,10.6899995803833,1822300
2023-03-07,LPTH,1.7699999809265137,1.7999999523162842,1.7200000286102295,1.7799999713897705,44500
2023-03-07,LPTX,5.300000190734863,5.909999847412109,5.199999809265137,5.300000190734863,47360
2023-03-07,LQDA,7.260000228881836,7.320000171661377,6.880000114440918,7.03000020980835,522200
2023-03-07,LQDT,13.029999732971191,13.199999809265137,12.90999984741211,12.989999771118164,157900
2023-03-07,LRCX,43.56794920091778,43.79170965691909,42.66843462609831,42.93157577514648,9382000
2023-03-07,LRMR,5.960000038146973,6.123000144958496,5.702000141143799,5.929999828338623,371100
2023-03-07,LSAK,4.579999923706055,4.849999904632568,4.539999961853027,4.760000228881836,25100
2023-03-07,LSCC,88.6500015258789,89.87000274658203,87.41000366210938,88.01000213623047,997500
2023-03-07,LSTR,169.3995889526776,175.16121320466536,169.3995889526776,173.0030059814453,211000
2023-03-07,LTBR,4.360000133514404,4.420000076293945,4.059999942779541,4.130000114440918,31600
2023-03-07,LTRX,4.989999771118164,5.099999904632568,4.909999847412109,5.059999942779541,97300
2023-03-07,LULU,305.7300109863281,311.3999938964844,301.5299987792969,301.8099975585937,1974900
2023-03-07,LVO,1.309999942779541,1.3300000429153442,1.2400000095367432,1.2699999809265137,654200
2023-03-07,LWAY,6.059999942779541,6.329999923706055,6.059999942779541,6.099999904632568,10100
2023-03-07,LWLG,6.090000152587891,6.269999980926514,5.510000228881836,5.559999942779541,561200
2023-03-07,LX,2.5812927219267525,2.616293267262214,2.415039922963605,2.467540740966797,403800
2023-03-07,LYFT,9.75,10.020000457763672,9.600000381469728,9.880000114440918,15170300
2023-03-07,LYTS,14.51888350460628,14.664949289700218,14.460457933494872,14.64547348022461,173300
2023-03-07,MANH,145.8000030517578,146.99000549316406,142.88999938964844,143.0,256000
2023-03-07,MAR,172.05475188141148,173.2306556007139,169.55594713262698,170.08511352539062,1436000
2023-03-07,MARA,6.289999961853027,6.420000076293945,6.039999961853027,6.090000152587891,17933100
2023-03-07,MASI,181.27999877929688,181.5800018310547,176.22000122070312,177.0399932861328,270400
2023-03-07,MAT,17.780000686645508,17.84000015258789,17.239999771118164,17.360000610351562,4007000
2023-03-07,MATW,35.38902946603946,35.530135488633746,34.815203570586355,35.219703674316406,133300
2023-03-07,MBIN,29.26327277488765,29.26327277488765,28.58864285049521,28.61797523498535,49400
2023-03-07,MBIO,376.5,396.0,345.0,354.75,692
2023-03-07,MBOT,2.9100000858306885,2.9200000762939453,2.759999990463257,2.7699999809265137,23900
2023-03-07,MBUU,59.56999969482422,61.09999847412109,59.56999969482422,60.400001525878906,190800
2023-03-07,MBWM,32.908327088806715,33.05672977710238,31.98080940240901,32.28689193725586,134100
2023-03-07,MCBS,18.52553856384335,18.64813796538604,18.061346976921413,18.22138023376465,22700
2023-03-07,MCFT,34.11000061035156,34.84000015258789,34.11000061035156,34.529998779296875,291800
2023-03-07,MCHP,79.11063707802825,80.104658321546,77.7247462119055,78.47982025146484,4364800
2023-03-07,MCHX,2.009999990463257,2.069999933242798,1.9800000190734863,2.0199999809265137,40500
2023-03-07,MCRB,5.28000020980835,5.429999828338623,4.869999885559082,5.400000095367432,1732400
2023-03-07,MCRI,72.54462324812313,72.767037372639,71.59696363708179,71.87739562988281,123000
2023-03-07,MDB,220.0,227.07000732421875,218.7700042724609,223.6499938964844,1758400
2023-03-07,MDGL,269.1099853515625,275.0,266.25,266.69000244140625,452600
2023-03-07,MDLZ,62.61161339174507,62.61161339174507,61.27924748406357,61.678955078125,4850700
2023-03-07,MDWD,12.029999732971191,12.1850004196167,11.90999984741211,11.90999984741211,7100
2023-03-07,MDXG,4.300000190734863,4.409999847412109,4.139999866485596,4.199999809265137,595600
2023-03-07,MEDP,201.32000732421875,202.93499755859372,198.2050018310547,199.30999755859372,264400
2023-03-07,MEIP,3.573214292526245,3.728571661140613,3.573214292526245,3.573214292526245,129795
2023-03-07,MELI,1260.9599609375,1268.3299560546875,1236.1300048828125,1264.9100341796875,559600
2023-03-07,MEOH,49.8669872888014,50.011806915826895,48.833925147378494,48.86288833618164,406000
2023-03-07,MERC,9.805081899760337,9.83293699702028,9.712230394897087,9.76794147491455,491000
2023-03-07,MESA,3.430000066757202,3.670000076293945,3.4200000762939453,3.640000104904175,489800
2023-03-07,META,188.1134133865011,189.4670343231199,183.14681568207524,183.64447021484372,36701500
2023-03-07,METC,9.2343106425976,9.316272516495358,8.951999893285054,9.024853706359863,403511
2023-03-07,MFIC,9.65077174832996,9.688887106463534,9.399211402434345,9.498311042785645,197200
2023-03-07,MFIN,7.730017839148458,8.00930790850612,7.558840664456918,7.62190580368042,35200
2023-03-07,MGEE,68.8149819135009,69.24561089802887,66.422582441626,66.94890594482422,92700
2023-03-07,MGIC,13.22981446742297,13.41628191388364,13.155227844495776,13.351017951965332,47900
2023-03-07,MGNI,10.210000038146973,10.460000038146973,10.130000114440918,10.220000267028809,1413800
2023-03-07,MGNX,5.590000152587891,5.940000057220459,5.5,5.869999885559082,236900
2023-03-07,MGPI,97.42309190309062,97.66930877962326,94.29121293303768,94.53742980957033,199900
2023-03-07,MGRC,96.37635483398384,96.37635483398384,94.94827516525712,95.2377471923828,106000
2023-03-07,MGTX,7.639999866485596,7.699999809265137,7.360000133514404,7.369999885559082,79300
2023-03-07,MHLD,2.4800000190734863,2.5799999237060547,2.450000047683716,2.5199999809265137,119800
2023-03-07,MIDD,155.9600067138672,157.80999755859375,154.02999877929688,154.17999267578125,400400
2023-03-07,MIRM,23.84000015258789,24.1200008392334,23.65999984741211,23.790000915527344,179900
2023-03-07,MIST,3.569999933242798,3.8529999256134033,3.5299999713897705,3.7899999618530273,248800
2023-03-07,MITK,9.350000381469728,9.460000038146973,9.239999771118164,9.34000015258789,187800
2023-03-07,MKSI,91.26344553077864,92.1778501038671,89.35597615216443,89.6017837524414,666800
2023-03-07,MKTX,358.5270264157715,358.94641757702254,348.8613549335706,350.451171875,300000
2023-03-07,MLAB,171.24477456992284,171.8086576393017,167.426144234554,169.4047088623047,42600
2023-03-07,MLCO,13.5600004196167,13.6899995803833,13.260000228881836,13.279999732971191,2675900
2023-03-07,MLKN,21.387756335537105,22.2387775112092,21.36905214220298,21.761831283569336,577400
2023-03-07,MMLP,2.82016525142478,2.849747612382917,2.7708617083242806,2.8398869037628174,24800
2023-03-07,MMSI,67.08000183105469,67.26000213623047,65.7300033569336,66.12999725341797,403800
2023-03-07,MMYT,25.780000686645508,26.309999465942383,25.38999938964844,25.57999992370605,170900
2023-03-07,MNDO,1.8552793568267376,1.87127312959294,1.839285584060536,1.8632762432098389,15900
2023-03-07,MNKD,4.78000020980835,4.829999923706055,4.710000038146973,4.75,1959200
2023-03-07,MNMD,3.470000028610229,3.5199999809265137,3.2699999809265137,3.3399999141693115,338900
2023-03-07,MNOV,2.200000047683716,2.240000009536743,2.200000047683716,2.200000047683716,8700
2023-03-07,MNRO,45.62317012332008,46.15849984227807,45.13398897171727,46.09389114379883,201600
2023-03-07,MNST,52.02000045776367,52.21500015258789,51.39500045776367,51.61000061035156,3454800
2023-03-07,MODV,90.0999984741211,93.58000183105467,89.91000366210938,93.56999969482422,126100
2023-03-07,MOFG,27.146238853241545,27.18312141472981,26.795844846026448,26.906496047973636,38500
2023-03-07,MOGO,2.009999990463257,2.049000024795532,1.9800000190734863,2.049000024795532,7000
2023-03-07,MOMO,7.356973211418038,7.398585208867438,7.140591459627428,7.157236576080322,1790100
2023-03-07,MORN,207.28190634795297,208.73405643470036,203.4095111411241,205.37533569335935,91200
2023-03-07,MPAA,11.56999969482422,11.56999969482422,10.979999542236328,11.140000343322754,274000
2023-03-07,MPB,27.837040086339687,27.87439356198457,27.500867711094525,27.612924575805664,14300
2023-03-07,MPWR,488.77939408067925,495.9930997724053,483.2705530741357,485.6455383300781,205200
2023-03-07,MRAM,6.739999771118164,6.78000020980835,6.603000164031982,6.75,31200
2023-03-07,MRCC,6.408390146544643,6.415868019416477,6.169103919679628,6.38595724105835,94000
2023-03-07,MRCY,52.93999862670898,53.20000076293945,51.97999954223633,52.02999877929688,242000
2023-03-07,MREO,0.9070000052452089,0.9200000166893004,0.8700000047683716,0.8759999871253967,277500
2023-03-07,MRIN,6.659999847412109,6.78000020980835,6.420000076293945,6.480000019073486,9100
2023-03-07,MRKR,2.150000095367432,2.1700000762939453,2.049999952316284,2.069999933242798,21100
2023-03-07,MRNA,143.77999877929688,145.74000549316406,139.67999267578125,141.0500030517578,2777700
2023-03-07,MRSN,5.269999980926514,5.340000152587891,5.119999885559082,5.300000190734863,962900
2023-03-07,MRTN,21.474573234502085,21.51340513313916,21.19303409967896,21.44544792175293,306900
2023-03-07,MRUS,19.209999084472656,19.86000061035156,19.100000381469727,19.280000686645508,97300
2023-03-07,MRVL,41.71846146338668,41.90700690139421,40.5574081426516,40.79557418823242,13917100
2023-03-07,MSBI,23.17595916104233,23.184924920916465,22.629059779027124,22.71871566772461,43700
2023-03-07,MSEX,71.9425197283326,72.56585683432422,71.2232862944394,71.77949523925781,166200
2023-03-07,MSFT,252.287461805782,253.65571496313456,249.4230309703386,250.17112731933597,21473200
2023-03-07,MSTR,23.600000381469727,24.100000381469727,23.093000411987305,23.143999099731445,4936000
2023-03-07,MTC,1.8200000524520876,1.9800000190734863,1.690000057220459,1.899999976158142,361900
2023-03-07,MTCH,39.67796314095165,39.97621818269338,38.43523063992897,38.60424423217773,5053000
2023-03-07,MTLS,8.75,8.760000228881836,8.569999694824219,8.569999694824219,108700
2023-03-07,MTRX,7.179999828338623,7.210000038146973,6.730000019073486,6.920000076293945,135500
2023-03-07,MTSI,70.12000274658203,71.11000061035156,69.76000213623047,70.48999786376953,904100
2023-03-07,MTVA,6.639999866485596,6.639999866485596,6.0879998207092285,6.239999771118164,69513
2023-03-07,MU,55.872603292572514,56.10004883559629,54.695818846752736,54.94304275512695,13278300
2023-03-07,MVBF,23.601194680426957,24.040677461517923,23.53573998787156,23.6947021484375,53100
2023-03-07,MVIS,2.390000104904175,2.400000095367432,2.220000028610229,2.240000009536743,1880300
2023-03-07,MXL,34.7400016784668,35.060001373291016,34.25,34.5099983215332,300500
2023-03-07,MYGN,22.020000457763672,22.07999992370605,21.399999618530277,21.700000762939453,552400
2023-03-07,MYRG,121.6999969482422,122.0,119.95999908447266,121.68000030517578,110500
2023-03-07,MYSZ,12.31999969482422,13.199999809265137,11.760000228881836,13.039999961853027,6100
2023-03-07,NAAS,99.1999969482422,100.8000030517578,95.5999984741211,97.8000030517578,7225
2023-03-07,NATH,72.10891122661927,74.05395712232324,72.10891122661927,72.83948516845703,5900
2023-03-07,NATR,9.970000267028809,10.289999961853027,9.630000114440918,10.029999732971191,42800
2023-03-07,NAVI,16.554555473430725,16.660438128540665,16.213889845013547,16.296754837036133,832900
2023-03-07,NBIX,100.88999938964844,100.88999938964844,98.12000274658205,98.33000183105467,539100
2023-03-07,NBN,43.91847219472368,43.97838962701006,43.30932496590752,43.55897521972656,14700
2023-03-07,NBTB,36.25420219833154,36.25420219833154,35.30876755331151,35.38365173339844,159900
2023-03-07,NCMI,2.299999952316284,2.400000095367432,2.200000047683716,2.299999952316284,55620
2023-03-07,NCNA,36.25,38.5,36.25,37.0,3820
2023-03-07,NCTY,9.600000381469728,9.699999809265137,9.0,9.199999809265137,8960
2023-03-07,NDAQ,54.10097831393365,54.352343041666174,53.12453267089684,53.18253707885742,1914500
2023-03-07,NDLS,5.889999866485596,6.099999904632568,5.889999866485596,5.940000057220459,150000
2023-03-07,NDSN,216.3354854081572,217.13887603577604,214.86588153287923,215.1598052978516,230900
2023-03-07,NEGG,1.3700000047683716,1.409999966621399,1.3600000143051147,1.3799999952316284,295700
2023-03-07,NEO,17.479999542236328,18.6200008392334,17.309999465942383,18.1299991607666,1648400
2023-03-07,NEOG,18.40999984741211,18.479999542236328,18.1200008392334,18.350000381469727,1165600
2023-03-07,NEON,7.429999828338623,7.489999771118164,6.920000076293945,7.059999942779541,87400
2023-03-07,NERV,2.039999961853028,2.094000101089477,2.0,2.025000095367432,11000
2023-03-07,NEWT,13.750978042063643,13.965418036158775,13.223812417498191,13.375707626342772,351900
2023-03-07,NEXT,6.849999904632568,6.949999809265137,6.5,6.539999961853027,719500
2023-03-07,NFBK,13.076826095581056,13.158443039945876,13.013346634338548,13.076826095581056,190900
2023-03-07,NFE,34.3766459481064,34.512559799324535,33.279621186542656,33.3572883605957,1465300
2023-03-07,NFLX,312.67999267578125,314.29998779296875,306.6199951171875,308.4700012207031,4553100
2023-03-07,NGNE,10.199999809265137,11.399999618530272,10.199999809265137,10.699999809265137,5560
2023-03-07,NHTC,4.387189531896313,4.507058179549355,4.379198491947138,4.483084678649902,29700
2023-03-07,NICE,212.3000030517578,214.1300048828125,209.3800048828125,210.0,164200
2023-03-07,NIU,4.059999942779541,4.130000114440918,3.950000047683716,4.0,343300
2023-03-07,NKTR,1.4600000381469729,1.4600000381469729,1.3300000429153442,1.3300000429153442,1561400
2023-03-07,NMFC,9.879271178798565,9.879271178798565,9.671205782344863,9.732854843139648,237700
2023-03-07,NMIH,24.09000015258789,24.290000915527344,23.709999084472656,23.780000686645508,254200
2023-03-07,NMRK,7.537244442412483,7.576246963684091,7.361733096690249,7.488491058349609,1237300
2023-03-07,NNBR,1.9900000095367432,2.009999990463257,1.899999976158142,1.9600000381469729,168200
2023-03-07,NNDM,3.0799999237060547,3.0799999237060547,2.9800000190734863,3.039999961853028,2284900
2023-03-07,NODK,13.404000282287598,13.800000190734863,13.404000282287598,13.640000343322754,10400
2023-03-07,NOTV,6.340000152587891,6.53000020980835,6.159999847412109,6.21999979019165,302200
2023-03-07,NOVT,151.02000427246094,151.19000244140625,145.6199951171875,146.52999877929688,141200
2023-03-07,NRC,42.875736693682704,42.875736693682704,41.86143146171462,42.30696868896485,21500
2023-03-07,NRIM,47.63805939179093,47.99066892483031,46.78818822886657,46.94188690185547,16300
2023-03-07,NSIT,136.22000122070312,137.88999938964844,135.02999877929688,136.22999572753906,241400
2023-03-07,NSPR,1.25,1.2599999904632568,1.2000000476837158,1.2400000095367432,5600
2023-03-07,NSSC,31.742208145915058,32.70912627953654,31.65430649740401,32.250083923339844,313700
2023-03-07,NTAP,62.35647675580944,62.46169611837469,60.96950121532824,61.14167404174805,1374100
2023-03-07,NTCT,27.799999237060547,27.799999237060547,27.299999237060547,27.61000061035156,356500
2023-03-07,NTES,82.30934621215233,82.34782738675368,80.06787467300909,80.61621856689453,1957800
2023-03-07,NTGR,17.739999771118164,17.770000457763672,17.34000015258789,17.739999771118164,107300
2023-03-07,NTLA,40.0,41.540000915527344,39.650001525878906,40.025001525878906,807000
2023-03-07,NTNX,27.040000915527344,27.86000061035156,26.100000381469727,26.5,6258300
2023-03-07,NTRA,57.18000030517578,58.5099983215332,56.0,57.25,982800
2023-03-07,NTRS,88.1959229984806,88.5656411335955,84.4248107135249,85.60791015625,1808800
2023-03-07,NTRSO,19.061978743158157,19.061978743158157,18.81487841710977,19.017852783203125,14400
2023-03-07,NURO,15.039999961853027,15.039999961853027,14.5600004196167,14.640000343322754,1938
2023-03-07,NUWE,242.1999969482422,242.1999969482422,213.8500061035156,223.6499938964844,4137
2023-03-07,NVAX,7.269999980926514,7.269999980926514,6.929999828338623,6.96999979019165,4610000
2023-03-07,NVCR,75.63999938964844,75.99500274658203,74.33000183105469,74.87999725341797,464700
2023-03-07,NVDA,23.58468213091472,24.109340983531094,23.225913991146093,23.272884368896484,515154000
2023-03-07,NVEC,68.48223482404126,68.59946556079187,66.0564068947919,66.6245346069336,48400
2023-03-07,NVEE,26.09000015258789,26.34000015258789,25.850000381469727,26.2450008392334,358800
2023-03-07,NVMI,92.62999725341795,93.1500015258789,90.79000091552734,91.7699966430664,111000
2023-03-07,NVNO,5.519999980926514,5.578000068664551,5.5,5.510000228881836,5200
2023-03-07,NWBI,11.70596088753184,11.723458152900871,11.60972384211388,11.62722110748291,495300
2023-03-07,NWE,51.74391500419784,51.96799224053292,50.69523517934039,50.75797653198242,272600
2023-03-07,NWL,12.535853944896663,12.871136493450075,12.321644983840336,12.442719459533691,6172200
2023-03-07,NWPX,39.11000061035156,39.84999847412109,39.11000061035156,39.83000183105469,28600
2023-03-07,NWS,16.813715968355986,17.156254204579145,16.617979300033266,16.657127380371094,989600
2023-03-07,NWSA,16.641401307992055,16.748953159390236,16.455627215692115,16.484960556030273,2696200
2023-03-07,NXPI,173.68564527211294,174.07073033727323,169.5940540220568,170.78782653808594,1330900
2023-03-07,NXST,165.9665807442236,167.4173948090335,161.13357956851476,161.27220153808594,545300
2023-03-07,NXTC,1.5399999618530271,1.5499999523162842,1.4900000095367432,1.4900000095367432,87000
2023-03-07,NYMT,7.784479294910069,7.815493127183492,7.59839630126953,7.598396301269531,442100
2023-03-07,NYMTM,18.89218765669614,19.152595310927428,18.78298496370325,19.06859397888184,3200
2023-03-07,NYMTN,16.85012901819523,16.85012901819523,16.54421488691034,16.585554122924805,7800
2023-03-07,OBLG,68.80000305175781,70.80000305175781,64.4000015258789,65.5999984741211,935
2023-03-07,OCCI,6.650158421731195,6.669775233468798,6.565151406058652,6.597846508026123,69700
2023-03-07,OCFC,21.037873406402653,21.037873406402653,20.47686268951424,20.513057708740234,222200
2023-03-07,OCGN,0.9819999933242798,1.0099999904632568,0.959999978542328,0.9649999737739564,6847900
2023-03-07,OCSL,15.58126805426222,15.58126805426222,15.314595704173271,15.32221508026123,450600
2023-03-07,OCUL,6.050000190734863,6.320000171661377,5.650000095367432,5.875,1984300
2023-03-07,OCX,7.579999923706055,7.599999904632568,6.860000133514404,7.199999809265137,4900
2023-03-07,ODFL,174.67622814259175,175.56233581688198,172.4683992096935,173.16143798828125,1188600
2023-03-07,ODP,49.02000045776367,49.79999923706055,48.5099983215332,48.970001220703125,386300
2023-03-07,OESX,1.9700000286102293,2.0299999713897705,1.950000047683716,1.9700000286102293,15200
2023-03-07,OFIX,20.649999618530277,20.700000762939453,18.280000686645508,18.75,481300
2023-03-07,OFLX,115.25306966103383,115.71403941387378,111.200340005157,111.20994567871094,11800
2023-03-07,OFS,8.242735626726033,8.242735626726033,8.012705649033487,8.0357084274292,49900
2023-03-07,OGI,2.98799991607666,3.0,2.884000062942505,2.907999992370605,165675
2023-03-07,OKTA,84.6500015258789,87.87999725341797,84.0999984741211,85.41999816894531,2689700
2023-03-07,OLED,137.24238515944003,138.01604409565394,135.3033289482479,135.78318786621094,268700
2023-03-07,OLLI,55.29999923706055,56.290000915527344,55.02000045776367,55.52000045776367,731800
2023-03-07,OMAB,74.30032452399027,74.30032452399027,73.08959719809584,73.33538055419922,40600
2023-03-07,OMCL,54.7599983215332,55.619998931884766,53.59999847412109,53.70000076293945,304500
2023-03-07,OMER,3.5999999046325684,3.799999952316284,3.5999999046325684,3.690000057220459,345300
2023-03-07,OMEX,3.150000095367432,3.2300000190734863,3.130000114440918,3.1700000762939453,11100
2023-03-07,ON,78.02999877929688,79.5999984741211,77.83000183105469,78.69999694824219,6445500
2023-03-07,ONB,16.01274735756584,16.01274735756584,15.666474432411924,15.731985092163086,1849900
2023-03-07,ONC,237.2899932861328,239.69000244140625,231.3999938964844,231.50999450683597,135800
2023-03-07,ONCY,1.559999942779541,1.5800000429153442,1.4800000190734863,1.5,242800
2023-03-07,ONEW,27.57999992370605,27.73500061035156,27.1299991607666,27.200000762939453,85200
2023-03-07,ONVO,2.2300000190734863,2.2300000190734863,2.059999942779541,2.119999885559082,36676
2023-03-07,OPBK,10.166630846868513,10.166630846868513,10.04788303375244,10.04788303375244,13700
2023-03-07,OPCH,32.650001525878906,32.81999969482422,32.029998779296875,32.29999923706055,1301900
2023-03-07,OPI,13.809907774894594,14.059587284194498,12.251556739304288,12.957550048828123,2172500
2023-03-07,OPK,1.1200000047683716,1.1200000047683716,1.059999942779541,1.059999942779541,1382900
2023-03-07,OPRA,8.092318620008536,8.173512587556973,7.830694091441788,7.875801086425781,133100
2023-03-07,OPRT,5.610000133514404,5.659999847412109,5.28000020980835,5.309999942779541,327500
2023-03-07,OPRX,16.399999618530273,16.84000015258789,16.100000381469727,16.719999313354492,332100
2023-03-07,OPTN,27.600000381469727,30.899999618530277,27.0,27.899999618530277,82607
2023-03-07,ORGO,2.380000114440918,2.380000114440918,2.220000028610229,2.309999942779541,1907800
2023-03-07,ORKA,13.875816652300667,14.198510277524704,13.875816652300667,14.13397216796875,692
2023-03-07,ORLY,840.6199951171875,844.5999755859375,825.22998046875,828.719970703125,345700
2023-03-07,ORMP,2.140000104904175,2.309999942779541,2.140000104904175,2.180000066757202,879200
2023-03-07,ORRF,20.82225497832193,21.17803192138672,20.51329173079718,21.17803192138672,14800
2023-03-07,OSBC,15.752438849783232,15.752438849783232,15.33406001783566,15.48973560333252,132600
2023-03-07,OSIS,92.5199966430664,93.11000061035156,91.0500030517578,92.69000244140624,99600
2023-03-07,OSPN,17.70090375006226,17.909618374156135,17.492191021633495,17.65121078491211,223500
2023-03-07,OSS,2.9200000762939453,2.9200000762939453,2.789999961853028,2.819999933242798,9200
2023-03-07,OSUR,6.239999771118164,6.5,6.139999866485596,6.460000038146973,725000
2023-03-07,OSW,11.399881525037586,11.449749010918088,11.200407776870277,11.260250091552734,438700
2023-03-07,OTEX,33.507043528934965,33.55458400943457,32.98408736212079,33.03163146972656,534500
2023-03-07,OTLK,22.799999237060547,23.0,22.200000762939453,23.0,18315
2023-03-07,OTRK,53.09999847412109,55.79999923706055,49.5,50.400001525878906,4977
2023-03-07,OTTR,69.04667537283875,69.45806642500686,67.79337097402617,68.35783386230469,300200
2023-03-07,OVID,2.380000114440918,2.490000009536743,2.319999933242798,2.450000047683716,90400
2023-03-07,OXLC,3.903101478368992,3.903101478368992,3.715645666018302,3.749119758605957,2436000
2023-03-07,OXSQ,2.548912675599774,2.5847119773657328,2.513113373833815,2.541752815246582,171000
2023-03-07,OZK,40.5062597077966,40.59901718093821,39.17986145606158,39.21696090698242,1006800
2023-03-07,PAA,11.486082428463405,11.486082428463405,11.330981276608126,11.348215103149414,3523000
2023-03-07,PACB,9.119999885559082,9.300000190734863,8.970000267028809,9.020000457763672,2999700
2023-03-07,PAGP,12.048994407767186,12.06634314117068,11.8928516707728,11.90152645111084,1888500
2023-03-07,PAHC,14.770884690308243,14.930824279785156,14.516863569939138,14.930824279785156,65000
2023-03-07,PALI,32.099998474121094,32.099998474121094,29.100000381469727,29.850000381469727,19480
2023-03-07,PAMT,29.670000076293945,29.790000915527344,29.09000015258789,29.280000686645508,26300
2023-03-07,PANL,6.165737163421909,6.192199740615414,6.086350273058185,6.174558162689209,205500
2023-03-07,PANW,93.88999938964844,94.73500061035156,93.3499984741211,93.5999984741211,6111200
2023-03-07,PARA,21.199825625140704,21.32413593322291,20.45395830500225,20.540019989013672,7756800
2023-03-07,PARAA,24.65023096503781,24.75698452772224,24.019418328636487,24.06794166564941,28400
2023-03-07,PASG,1.2400000095367432,1.3200000524520874,1.190000057220459,1.2599999904632568,413500
2023-03-07,PATK,45.72818245875997,46.09120299496242,44.14234458945121,45.78549957275391,286500
2023-03-07,PAVM,7.5,7.5,6.960000038146973,7.199999809265137,13540
2023-03-07,PAYS,3.990000009536743,3.990000009536743,3.829999923706055,3.859999895095825,100500
2023-03-07,PAYX,106.51406425459882,106.67419155913548,105.10116105514008,105.58154296875,2161400
2023-03-07,PBFS,11.1899995803833,11.210000038146973,11.140000343322754,11.170000076293944,5000
2023-03-07,PBPB,8.289999961853027,8.529999732971191,8.119999885559082,8.470000267028809,260300
2023-03-07,PBYI,3.0,3.0299999713897705,2.930000066757202,2.950000047683716,245700
2023-03-07,PCAR,69.99601310101576,70.43670463042125,69.47269584990852,69.58287048339844,3719000
2023-03-07,PCB,16.447639287801195,16.447639287801195,15.779110904559596,15.78826904296875,60400
2023-03-07,PCH,42.79531714840392,42.99835838691799,42.29694864028322,42.5461311340332,636800
2023-03-07,PCRX,40.810001373291016,41.209999084472656,40.11000061035156,40.40999984741211,449200
2023-03-07,PCTY,191.4600067138672,192.66000366210935,185.19000244140625,186.97999572753903,457700
2023-03-07,PCYO,9.0,9.154999732971191,8.899999618530273,9.09000015258789,71900
2023-03-07,PDCO,25.55123063087737,25.82225592346496,25.326933283804475,25.40169906616211,740900
2023-03-07,PDD,93.77999877929688,94.66999816894533,92.83999633789062,93.66999816894533,6038300
2023-03-07,PDFS,38.15999984741211,38.400001525878906,37.9900016784668,38.34000015258789,188000
2023-03-07,PDLB,9.100000381469728,9.100000381469728,8.880000114440918,8.920000076293945,65900
2023-03-07,PDSB,7.050000190734863,7.193999767303467,7.03000020980835,7.099999904632568,309000
2023-03-07,PEBO,27.32563375416667,27.32563375416667,26.73393708818746,26.940134048461918,104700
2023-03-07,PEGA,47.696063447727546,48.32337843757537,46.79989375015081,47.06874465942383,259800
2023-03-07,PENG,16.459999084472656,16.559999465942383,15.93000030517578,15.989999771118164,381800
2023-03-07,PENN,30.31999969482422,30.530000686645508,29.63999938964844,29.82999992370605,2152600
2023-03-07,PEP,164.69048838769828,165.2499792960798,162.98355348346132,163.7137451171875,4094900
2023-03-07,PERI,35.7599983215332,37.18000030517578,35.7599983215332,36.34999847412109,883900
2023-03-07,PETS,16.74246237855911,17.058719477856908,16.69454535632987,16.914966583251953,364800
2023-03-07,PFBC,64.19336563306764,64.36031875482841,62.95976795985661,63.25657272338867,57500
2023-03-07,PFG,78.90933517422872,79.42647547447987,77.4041039958012,77.87506866455078,1378300
2023-03-07,PFIS,45.46202200687954,46.33364574565455,45.46202200687954,45.67304611206055,10400
2023-03-07,PGC,37.2199419808509,37.35790250764243,35.76149621897379,36.24435806274414,75100
2023-03-07,PGEN,1.1799999475479126,1.399999976158142,1.1799999475479126,1.350000023841858,2970300
2023-03-07,PGNY,35.43000030517578,35.88999938964844,34.790000915527344,34.93000030517578,598100
2023-03-07,PHAT,8.680000305175781,8.770000457763672,8.0,8.1899995803833,190700
2023-03-07,PHIO,51.209999084472656,54.27000045776367,51.209999084472656,54.27000045776367,289
2023-03-07,PHLT,3.220000028610229,3.2300000190734863,3.140000104904175,3.190000057220459,107000
2023-03-07,PHUN,47.45000076293945,47.5,43.5,44.54999923706055,17082
2023-03-07,PI,138.19000244140625,140.52099609375,133.77999877929688,134.2100067138672,411100
2023-03-07,PINC,29.00300222783842,29.10447463795487,28.52330839263445,28.62478256225586,473500
2023-03-07,PKBK,18.526438401039183,18.60017539758145,18.28679272276964,18.47113609313965,18400
2023-03-07,PKOH,13.652806728924883,13.978100576286383,13.537996062295155,13.64323902130127,25000
2023-03-07,PLAB,17.059999465942383,17.06999969482422,16.719999313354492,16.889999389648438,570900
2023-03-07,PLAY,40.16999816894531,40.56999969482422,39.16999816894531,39.18999862670898,551600
2023-03-07,PLCE,40.900001525878906,42.720001220703125,40.43000030517578,42.13999938964844,545600
2023-03-07,PLMR,60.40999984741211,60.83000183105469,57.790000915527344,59.59000015258789,222300
2023-03-07,PLPC,117.78610339715787,123.22086501855004,117.55883576931907,120.226806640625,45900
2023-03-07,PLSE,2.809999942779541,2.990000009536743,2.680000066757202,2.9200000762939453,33700
2023-03-07,PLUG,13.600000381469728,13.699999809265137,13.130000114440918,13.399999618530272,12835200
2023-03-07,PLUS,53.13999938964844,53.2599983215332,51.77000045776367,51.88999938964844,77900
2023-03-07,PLXS,96.33999633789062,96.73999786376952,95.56999969482422,96.44000244140624,172100
2023-03-07,PLYA,9.489999771118164,9.552000045776367,9.350000381469728,9.380000114440918,2600000
2023-03-07,PMCB,2.9600000381469727,2.979199886322021,2.950000047683716,2.950000047683716,7900
2023-03-07,PNFP,69.49774978488583,69.49774978488583,66.56535521626225,66.62400817871094,634700
2023-03-07,PNTG,13.979999542236328,14.0,12.829999923706056,13.21500015258789,424300
2023-03-07,POAI,8.9399995803833,9.0,8.420000076293945,8.619999885559082,9165
2023-03-07,PODD,290.92999267578125,295.67999267578125,285.3800048828125,286.5199890136719,373500
2023-03-07,POET,4.980000019073486,4.989999771118164,4.579999923706055,4.679999828338623,35700
2023-03-07,POLA,11.34000015258789,11.40999984741211,10.920000076293944,11.199999809265137,1500
2023-03-07,POOL,347.4498854249087,349.4518599653633,343.87354543594154,344.9036865234375,220600
2023-03-07,POWI,81.27986739195872,81.66127875570285,80.10629511295994,80.65396118164062,327100
2023-03-07,POWL,43.34334873232155,43.981618854711215,43.1764187363465,43.74594879150391,72700
2023-03-07,POWW,2.0799999237060547,2.130000114440918,2.059999942779541,2.130000114440918,484200
2023-03-07,PPBI,27.780687496891552,28.047894451408418,27.00578461061603,27.085947036743164,277200
2023-03-07,PPBT,45.79999923706055,46.59999847412109,43.79999923706055,45.0,1770
2023-03-07,PPC,23.88999938964844,24.01000022888184,23.3700008392334,23.670000076293945,454600
2023-03-07,PRAA,41.84000015258789,42.470001220703125,41.04999923706055,41.470001220703125,240200
2023-03-07,PRDO,12.98201473792308,13.183807746361396,12.818658449358551,13.164588928222656,580900
2023-03-07,PRGS,56.65322595532741,57.104645187589945,55.760199324744576,55.9760971069336,199000
2023-03-07,PROF,11.800000190734863,11.800000190734863,11.329999923706056,11.414999961853027,26400
2023-03-07,PRPL,4.048574476468433,4.17852835053411,3.958606006472019,4.128546237945557,801000
2023-03-07,PRQR,2.970000028610229,3.138999938964844,2.940000057220459,3.059999942779541,424500
2023-03-07,PRSO,26.0,29.600000381469727,26.0,27.200000762939453,985
2023-03-07,PRTA,53.25,53.88999938964844,51.95000076293945,52.0,256600
2023-03-07,PRTH,3.7100000381469727,3.9800000190734863,3.5199999809265137,3.9700000286102295,15900
2023-03-07,PRTS,6.340000152587891,6.449999809265137,6.059999942779541,6.110000133514404,1147900
2023-03-07,PSEC,5.764754729843749,5.780398554325865,5.694357706163324,5.702179431915283,1095100
2023-03-07,PSHG,0.9399999976158142,0.9399999976158142,0.8600000143051147,0.8700000047683716,2079900
2023-03-07,PSMT,66.88234980065845,67.06490704297546,65.81584429211752,66.17134857177734,69100
2023-03-07,PSNL,2.930000066757202,3.157999992370605,2.8550000190734863,3.0199999809265137,426800
2023-03-07,PSTV,4.949999809265137,4.949999809265137,4.5,4.949999809265137,20573
2023-03-07,PTC,124.04000091552734,124.86000061035156,121.62000274658205,121.95999908447266,645300
2023-03-07,PTCT,45.63999938964844,47.72999954223633,45.209999084472656,47.310001373291016,833100
2023-03-07,PTEN,14.094941498847374,14.320460347757193,13.747266382745009,13.90700912475586,2761300
2023-03-07,PTGX,16.969999313354492,23.690000534057617,16.711999893188477,23.09000015258789,22971500
2023-03-07,PTMN,17.43536578349314,17.510517073008508,17.360213060558806,17.487972259521484,10500
2023-03-07,PTON,13.81999969482422,14.210000038146973,13.239999771118164,13.25,9676600
2023-03-07,PULM,3.490000009536743,3.5,3.440000057220459,3.450000047683716,9100
2023-03-07,PVBC,9.010000228881836,9.329999923706056,8.989999771118164,9.039999961853027,46500
2023-03-07,PVLA,115.1999969482422,117.5999984741211,113.5999984741211,116.0,701
2023-03-07,PWOD,23.69883909669714,23.866914749145508,23.318454337621407,23.866914749145508,4400
2023-03-07,PXLW,1.559999942779541,1.5800000429153442,1.5299999713897705,1.5299999713897705,185200
2023-03-07,PXS,5.809999942779541,5.980000019073486,5.610000133514404,5.980000019073486,44800
2023-03-07,PYPL,76.54000091552734,77.37999725341797,74.79000091552734,74.91000366210938,9680400
2023-03-07,PZZA,81.21086801564482,82.1852493814695,79.4775964260966,79.71182250976562,540200
2023-03-07,QCOM,117.06459390836648,117.083706407027,113.05029102774456,113.92005920410156,8879700
2023-03-07,QCRH,52.66414284962754,53.149573972001576,50.80167774253832,51.10878753662109,55700
2023-03-07,QDEL,86.61000061035156,87.9000015258789,86.0,87.55999755859375,385900
2023-03-07,QFIN,18.42100555686006,18.42100555686006,17.336345868176355,17.61890411376953,1300500
2023-03-07,QLGN,59.0,69.0,57.5,63.0,11468
2023-03-07,QLYS,123.6500015258789,123.6500015258789,121.22000122070312,122.1999969482422,289700
2023-03-07,QMCO,21.600000381469727,22.0,21.399999618530277,21.600000381469727,3715
2023-03-07,QNCX,0.9800000190734864,0.9900000095367432,0.9539999961853028,0.9900000095367432,79000
2023-03-07,QNRX,6.480000019073486,6.840000152587891,6.360000133514404,6.71999979019165,44067
2023-03-07,QNST,16.549999237060547,16.68000030517578,16.299999237060547,16.469999313354492,168400
2023-03-07,QNTM,93.5999984741211,97.88999938964844,91.84500122070312,92.9499969482422,812
2023-03-07,QQQX,20.0705722672504,20.27364700965305,19.76596096059371,19.80826759338379,111900
2023-03-07,QRHC,6.769999980926514,6.789999961853027,6.5,6.550000190734863,14100
2023-03-07,QRVO,100.62999725341795,101.08000183105467,98.8000030517578,100.0500030517578,1510000
2023-03-07,QTRX,13.670000076293944,14.140000343322754,12.619999885559082,12.84000015258789,381800
2023-03-07,QTTB,25.3799991607666,27.540000915527344,25.3799991607666,27.18000030517578,3761
2023-03-07,QUBT,1.4700000286102295,1.4900000095367432,1.3899999856948853,1.4199999570846558,182600
2023-03-07,QUIK,5.550000190734863,5.559999942779541,5.480000019073486,5.550000190734863,34500
2023-03-07,QURE,20.850000381469727,21.479999542236328,20.68000030517578,21.31999969482422,860700
2023-03-07,QVCGA,1.399999976158142,1.4199999570846558,1.3300000429153442,1.3600000143051147,7453000
2023-03-07,RAIL,3.7300000190734863,3.7799999713897705,3.690000057220459,3.7799999713897705,12100
2023-03-07,RAPT,29.6200008392334,30.81999969482422,29.5049991607666,30.280000686645508,325400
2023-03-07,RARE,44.02999877929688,44.11000061035156,42.650001525878906,42.65999984741211,378900
2023-03-07,RAVE,1.5800000429153442,1.5800000429153442,1.5199999809265137,1.5299999713897705,31100
2023-03-07,RBB,17.91247299370509,17.91247299370509,17.190419197365692,17.292247772216797,57300
2023-03-07,RBBN,4.150000095367432,4.519999980926514,4.130000114440918,4.46999979019165,1448000
2023-03-07,RBCAA,41.326430853598346,41.326430853598346,40.71509525264962,40.84676742553711,7600
2023-03-07,RCEL,14.0600004196167,14.59000015258789,13.880000114440918,14.140000343322754,160700
2023-03-07,RCKT,20.559999465942383,20.76000022888184,20.18000030517578,20.270000457763672,397200
2023-03-07,RCKY,24.83351980740941,24.86201015757825,24.339697939106763,24.41567039489746,18500
2023-03-07,RCMT,14.5,14.9399995803833,14.470000267028809,14.90999984741211,33700
2023-03-07,RDFN,7.443999767303467,7.626999855041504,7.28000020980835,7.300000190734863,1796400
2023-03-07,RDHL,226.0,227.0,200.0,215.0,2477
2023-03-07,RDI,3.450000047683716,3.619999885559082,3.450000047683716,3.539999961853028,5800
2023-03-07,RDNT,24.299999237060547,24.540000915527344,24.020000457763672,24.520000457763672,156300
2023-03-07,RDUS,31.625109442361587,32.256683144384375,30.547719634740037,30.640600204467773,416800
2023-03-07,RDVT,19.45816324778547,20.21189264512905,19.45816324778547,20.16230583190918,10700
2023-03-07,RDWR,21.31999969482422,21.6299991607666,21.26000022888184,21.34000015258789,84100
2023-03-07,REAL,1.5800000429153442,1.7799999713897705,1.559999942779541,1.6399999856948853,5239300
2023-03-07,REFR,1.850000023841858,1.870000004768372,1.8200000524520876,1.8200000524520876,46400
2023-03-07,REG,58.07080210653957,58.07080210653957,55.65498244644196,55.928470611572266,828900
2023-03-07,REGN,780.9963761434676,782.5843623481887,771.5185654239232,772.8568115234375,757900
2023-03-07,REKR,1.6699999570846558,1.784999966621399,1.659999966621399,1.7599999904632568,141400
2023-03-07,RELL,20.4860968547996,20.4860968547996,20.024871842920252,20.447662353515625,130000
2023-03-07,REPL,21.8700008392334,22.13500022888184,21.65999984741211,21.729999542236328,277200
2023-03-07,REYN,25.39064826927475,25.64333853347256,25.17539439313523,25.25962448120117,301000
2023-03-07,RGCO,22.39110568008328,22.53099144761624,22.26054586755173,22.447059631347656,8300
2023-03-07,RGEN,185.77999877929688,188.07000732421875,184.6999969482422,185.00999450683597,674300
2023-03-07,RGLD,113.08219858211316,113.78396830608064,108.82285821025498,110.04120635986328,558200
2023-03-07,RGLS,1.3799999952316284,1.3899999856948853,1.350000023841858,1.3700000047683716,11400
2023-03-07,RGNX,22.82999992370605,23.899999618530277,22.600000381469727,23.440000534057617,369400
2023-03-07,RGP,16.295386994626885,16.295386994626885,15.914949870221228,16.10516929626465,160200
2023-03-07,RGS,25.200000762939453,26.200000762939453,24.200000762939453,25.200000762939453,8485
2023-03-07,RICK,85.98913529146867,86.89980461938526,85.29622880559407,86.15740966796875,80900
2023-03-07,RIGL,15.300000190734863,15.699999809265137,14.600000381469728,14.699999809265137,546680
2023-03-07,RILY,34.6127408596524,35.18464235093723,34.22862840373813,35.09074783325195,422000
2023-03-07,RILYN,18.16861065433294,18.226314699176577,17.888332517391884,17.9790096282959,22600
2023-03-07,RIOT,6.329999923706055,6.53000020980835,6.150000095367432,6.170000076293945,8767700
2023-03-07,RKDA,7.449999809265137,8.949999809265137,7.300000190734863,8.520000457763672,281500
2023-03-07,RLMD,3.490000009536743,3.509999990463257,3.2699999809265137,3.289999961853028,170100
2023-03-07,RMBL,8.109999656677246,8.6899995803833,8.069999694824219,8.600000381469727,124200
2023-03-07,RMBS,44.56999969482422,44.77999877929688,42.63999938964844,43.15999984741211,851100
2023-03-07,RMCF,5.0,5.050000190734863,5.0,5.019999980926514,6800
2023-03-07,RMNI,4.920000076293945,4.980000019073486,4.789999961853027,4.960000038146973,196300
2023-03-07,RMR,24.70305305851465,24.876163856791266,24.495317459106445,24.495317459106445,45500
2023-03-07,RMTI,1.6100000143051147,1.6299999952316284,1.5099999904632568,1.600000023841858,175400
2023-03-07,RNAC,45.0,46.79999923706055,44.09999847412109,45.59999847412109,44960
2023-03-07,RNTX,1.6799999475479126,1.6890000104904177,1.440000057220459,1.4850000143051147,81100
2023-03-07,ROAD,28.0,28.229999542236328,27.170000076293945,27.8700008392334,235400
2023-03-07,ROCK,52.34999847412109,52.40999984741211,51.220001220703125,51.880001068115234,162500
2023-03-07,ROKU,63.65999984741211,65.08999633789062,62.369998931884766,62.400001525878906,5395700
2023-03-07,ROP,424.5891694329175,427.2384263961206,416.7699713257033,417.33343505859375,376100
2023-03-07,ROST,109.8076683021391,109.9930083138571,106.96908004605702,107.16416931152344,2741600
2023-03-07,RPAY,8.0,8.079999923706055,7.735000133514404,7.800000190734863,680100
2023-03-07,RPD,50.220001220703125,50.60499954223633,48.04999923706055,49.459999084472656,896200
2023-03-07,RRBI,50.39086414208992,50.39086414208992,49.90851570595924,50.17430114746094,3100
2023-03-07,RRGB,11.470000267028809,11.880000114440918,11.470000267028809,11.699999809265137,341200
2023-03-07,RRR,40.97840663729956,42.188621420029406,40.828302727882175,41.287994384765625,628800
2023-03-07,RSLS,237.8000030517578,237.8000030517578,218.66000366210935,221.55999755859372,2498
2023-03-07,RUN,24.905000686645508,25.1200008392334,23.94499969482422,24.38999938964844,4928200
2023-03-07,RUSHA,36.68437564499053,37.27971345263155,36.41259276456329,36.56789779663086,156450
2023-03-07,RUSHB,38.231678878319634,38.42584761211155,38.00514930613917,38.19284439086914,15000
2023-03-07,RVMD,24.68000030517578,26.020000457763672,24.19499969482422,24.59000015258789,2921500
2023-03-07,RVSB,6.447393996944848,6.447393996944848,6.288774967193604,6.288774967193604,23900
2023-03-07,RVYL,5.400000095367432,5.5,4.900000095367432,5.199999809265137,18080
2023-03-07,RYAAY,37.33483900647654,37.37319819300304,36.82082956376007,36.93974304199219,579518
2023-03-07,RYTM,21.729999542236328,22.280000686645508,21.309999465942383,21.68000030517578,654500
2023-03-07,SABR,5.179999828338623,5.364999771118164,4.980000019073486,5.019999980926514,6946800
2023-03-07,SAFT,71.35858238141516,71.83266912354586,70.82068402843458,71.4953384399414,61400
2023-03-07,SAGE,42.06999969482422,42.2400016784668,40.70000076293945,40.75,308500
2023-03-07,SAIA,292.8099975585937,295.7200012207031,286.1700134277344,288.4200134277344,308400
2023-03-07,SAIC,105.68883638215686,106.43024070319484,105.64006438480946,105.7083511352539,193400
2023-03-07,SAMG,15.589255632679942,15.89705757839386,15.516831747025,15.797475814819336,27000
2023-03-07,SANM,60.34000015258789,60.869998931884766,59.2400016784668,59.970001220703125,253000
2023-03-07,SANW,35.150001525878906,35.150001525878906,34.20000076293945,34.58000183105469,789
2023-03-07,SASR,28.92840763333728,28.92840763333728,28.028892466341244,28.559606552124023,419500
2023-03-07,SATS,19.959999084472656,20.100000381469727,19.770000457763672,20.0,173800
2023-03-07,SAVA,26.13999938964844,26.26000022888184,25.18000030517578,25.200000762939453,645500
2023-03-07,SBAC,246.4467702096573,246.64887798271465,236.6297104267545,236.8318328857422,1192600
2023-03-07,SBCF,27.54401326005827,27.55337900090676,26.59809487035005,26.626192092895508,580000
2023-03-07,SBGI,13.48755653058268,13.67862324592812,13.357284259540869,13.496241569519045,725500
2023-03-07,SBLK,19.382286819037333,19.53463693259839,19.05219598255981,19.1622257232666,1536400
2023-03-07,SBRA,10.103102416968625,10.111557089621252,9.82410466968756,9.857922554016112,2359400
2023-03-07,SBT,6.21999979019165,6.228000164031982,6.150000095367432,6.190000057220459,4300
2023-03-07,SBUX,100.1769531591242,100.83532389594548,98.39268401850232,98.60259246826172,3976300
2023-03-07,SCHL,42.02207273971984,42.21226162565389,41.53709452676171,42.08863830566406,91900
2023-03-07,SCOR,24.399999618530277,24.799999237060547,23.600000381469727,23.799999237060547,26560
2023-03-07,SCPH,7.570000171661377,7.860000133514404,7.460000038146973,7.710000038146973,580400
2023-03-07,SCSC,30.68000030517578,31.21999931335449,30.46999931335449,30.600000381469727,80100
2023-03-07,SCVL,24.40389205105237,25.39088577591373,24.181335185336888,25.003829956054688,340700
2023-03-07,SCYX,1.6699999570846558,1.809999942779541,1.6699999570846558,1.690000057220459,54700
2023-03-07,SDGR,25.040000915527344,25.940000534057617,24.86000061035156,25.299999237060547,475300
2023-03-07,SDOT,13.699999809265137,14.300000190734863,13.5,13.5,17650
2023-03-07,SEDG,331.42999267578125,335.0,324.67999267578125,328.3699951171875,756300
2023-03-07,SEED,7.179999828338623,7.179999828338623,7.0,7.0,10000
2023-03-07,SEIC,58.63629435246722,58.63629435246722,57.41997556749983,57.6048583984375,295400
2023-03-07,SELF,4.8267198363386985,4.8267198363386985,4.739120234735903,4.774159908294678,24400
2023-03-07,SENEA,54.56999969482422,55.09999847412109,53.81999969482422,55.06999969482422,42100
2023-03-07,SEVN,8.850033120233547,8.850033120233547,8.730437625959445,8.786249160766602,6900
2023-03-07,SFIX,4.800000190734863,5.179999828338623,4.664999961853027,4.96999979019165,3997800
2023-03-07,SFM,32.810001373291016,33.900001525878906,32.709999084472656,33.13999938964844,1294400
2023-03-07,SFNC,19.42577581427238,19.516508416122797,19.053773704208087,19.06284713745117,466500
2023-03-07,SFST,39.52999877929688,39.52999877929688,38.93000030517578,39.25,41300
2023-03-07,SGBX,9.601499557495115,9.66713523864746,9.282699584960938,9.37646484375,3551
2023-03-07,SGC,11.014147732169176,11.014147732169176,10.804093059508348,10.849757194519045,46900
2023-03-07,SGLY,6.099999904632568,6.099999904632568,5.900000095367432,6.0,290
2023-03-07,SGMO,2.559999942779541,2.5899999141693115,2.4600000381469727,2.490000009536743,2071600
2023-03-07,SGRY,33.2599983215332,33.529998779296875,31.739999771118164,32.209999084472656,666400
2023-03-07,SHBI,15.694526244966234,15.740822074049072,15.527858434551732,15.592673301696776,116900
2023-03-07,SHEN,17.699831526732382,17.887812385175277,17.056741301302687,17.432703018188477,194100
2023-03-07,SHIP,6.197348931768792,6.281730078986226,6.066088574641199,6.14109468460083,180200
2023-03-07,SHOO,33.726483330112444,34.55348459426121,33.52686296051873,33.76450729370117,843900
2023-03-07,SHYF,26.144057637019024,26.144057637019024,25.62020551605715,25.88213157653809,197300
2023-03-07,SIBN,20.5,21.290000915527344,20.36000061035156,21.170000076293945,218900
2023-03-07,SIEB,1.9600000381469729,1.9700000286102293,1.899999976158142,1.919999957084656,13700
2023-03-07,SIFY,8.579999923706055,8.699999809265137,8.34000015258789,8.34000015258789,13583
2023-03-07,SIGA,5.223720156267768,5.378624391000244,5.172085411356942,5.266748905181885,1069800
2023-03-07,SIGI,97.3275685521837,97.91048323019665,95.02504705004604,95.53995513916016,174900
2023-03-07,SILC,38.040000915527344,38.4900016784668,37.5,37.68000030517578,8800
2023-03-07,SIMO,63.75900349630656,64.56584016553056,62.80809539342671,63.26914596557617,190700
2023-03-07,SINT,524.0,548.0,496.0,548.0,2417
2023-03-07,SIRI,40.851204648244206,41.13889212480365,38.74152087412974,38.93330764770508,2153470
2023-03-07,SITM,130.0,130.82000732421875,127.02999877929688,129.19000244140625,221600
2023-03-07,SKYE,6.75,7.5,6.75,7.25,1350
2023-03-07,SKYW,20.229999542236328,20.979999542236328,20.100000381469727,20.979999542236328,766600
2023-03-07,SLAB,177.49000549316406,178.6699981689453,172.6199951171875,174.05999755859375,376200
2023-03-07,SLDB,5.179999828338623,5.670000076293945,5.09499979019165,5.449999809265137,22800
2023-03-07,SLE,10.880000114440918,11.300000190734863,10.420000076293944,10.760000228881836,2165
2023-03-07,SLM,13.409253680089964,13.54277340091689,13.170824567716306,13.247121810913086,1294600
2023-03-07,SLNO,2.2100000381469727,2.325000047683716,2.049999952316284,2.325000047683716,53700
2023-03-07,SLP,38.40182130888298,38.88754174230958,37.98548572740613,38.31260681152344,67300
2023-03-07,SLRC,12.66001494397266,12.66001494397266,12.531486997916002,12.627882957458496,188700
2023-03-07,SLRX,17.760000228881836,17.760000228881836,16.719999313354492,17.760000228881836,1138
2023-03-07,SLS,1.6299999952316284,1.649999976158142,1.4700000286102295,1.5499999523162842,1898600
2023-03-07,SMBC,44.31912213438592,44.31912213438592,42.96182512734247,43.15435028076172,25200
2023-03-07,SMCI,9.854999542236328,10.074999809265137,9.70199966430664,9.85099983215332,9664000
2023-03-07,SMLR,22.38999938964844,22.700000762939453,21.739999771118164,21.81999969482422,30200
2023-03-07,SMSI,11.600000381469728,12.079999923706056,11.119999885559082,11.199999809265137,100013
2023-03-07,SMTC,30.5,30.71999931335449,30.07999992370605,30.209999084472656,1988700
2023-03-07,SNBR,35.29999923706055,35.310001373291016,32.7400016784668,34.189998626708984,609200
2023-03-07,SNCR,9.449999809265137,9.449999809265137,9.18000030517578,9.18000030517578,12911
2023-03-07,SND,2.2527271620664453,2.3672727344190414,2.195454489680832,2.3195455074310303,324900
2023-03-07,SNDL,1.7899999618530271,1.7999999523162842,1.7300000190734863,1.7300000190734863,3579000
2023-03-07,SNDX,24.350000381469727,24.76000022888184,23.989999771118164,24.229999542236328,1583000
2023-03-07,SNES,220.8000030517578,232.8000030517578,216.0,230.3999938964844,471
2023-03-07,SNEX,69.19999694824219,69.67333221435547,68.84666442871094,69.66666412353516,171000
2023-03-07,SNFCA,6.37641716003418,6.37641716003418,6.213151931762695,6.267573833465576,8820
2023-03-07,SNGX,47.84000015258789,48.0,44.79999923706055,46.880001068115234,938
2023-03-07,SNOA,22.600000381469727,22.799999237060547,21.0,21.600000381469727,3970
2023-03-07,SNPS,367.6600036621094,370.2699890136719,359.3299865722656,361.2799987792969,551300
2023-03-07,SNT,1.3700000047683716,1.3799999952316284,1.3700000047683716,1.3799999952316284,3500
2023-03-07,SNY,44.37955915864592,44.42578716070875,43.68612854679208,43.972747802734375,1195200
2023-03-07,SOGP,8.0,8.399999618530273,7.900000095367432,7.900000095367432,7760
2023-03-07,SOHO,2.299999952316284,2.309999942779541,2.259999990463257,2.2799999713897705,21300
2023-03-07,SOHU,14.600000381469728,14.619999885559082,14.239999771118164,14.350000381469728,25800
2023-03-07,SONM,4.989999771118164,4.989999771118164,4.519999980926514,4.599999904632568,9540
2023-03-07,SONN,146.0800018310547,146.0800018310547,144.32000732421875,146.0800018310547,193
2023-03-07,SONO,20.239999771118164,20.399999618530277,19.76000022888184,19.770000457763672,1174000
2023-03-07,SPCB,37.59999847412109,38.79999923706055,35.20000076293945,37.0,3330
2023-03-07,SPFI,24.63001691513659,24.63001691513659,24.18761816701011,24.341495513916016,29200
2023-03-07,SPNS,19.732958783375967,20.031652360459592,19.35718524560791,19.434267044067383,77100
2023-03-07,SPOK,8.694583022715998,8.93358100369518,8.65337631166042,8.776995658874512,292500
2023-03-07,SPRO,1.5099999904632568,1.7300000190734863,1.5049999952316284,1.690000057220459,954100
2023-03-07,SPSC,150.75999450683594,152.30999755859375,146.75999450683594,146.99000549316406,143900
2023-03-07,SPT,66.0,67.41799926757812,64.7699966430664,65.43000030517578,525700
2023-03-07,SPTN,24.98870159326274,25.13601878308824,24.786140896292533,25.025531768798828,221500
2023-03-07,SPWH,8.789999961853027,9.079999923706056,8.75,9.0600004196167,357900
2023-03-07,SRCE,46.9047209162375,46.9047209162375,46.36406012360698,46.74346923828125,58400
2023-03-07,SRDX,20.549999237060547,20.56999969482422,19.280000686645508,19.59000015258789,227400
2023-03-07,SRRK,9.420000076293944,10.130000114440918,9.300000190734863,9.920000076293944,395800
2023-03-07,SRTS,5.829999923706055,5.980000019073486,5.760000228881836,5.889999866485596,252800
2023-03-07,SSNC,57.48912597313179,57.53769214661112,56.27504573772547,56.46929931640625,1407700
2023-03-07,SSP,10.829999923706056,11.09000015258789,10.649999618530272,10.979999542236328,331200
2023-03-07,SSRM,13.417708022899667,13.417708022899667,12.96454016282333,13.053203582763672,1574900
2023-03-07,SSSS,3.680000066757202,3.7300000190734863,3.650000095367432,3.680000066757202,63800
2023-03-07,SSTI,36.290000915527344,37.290000915527344,35.93000030517578,36.45000076293945,56400
2023-03-07,SSYS,14.289999961853027,14.449999809265137,14.100000381469728,14.210000038146973,423900
2023-03-07,STAA,58.84000015258789,59.27000045776367,57.84000015258789,58.130001068115234,405900
2023-03-07,STBA,33.87276883416775,33.93737601215008,32.746751982200536,32.99595260620117,177800
2023-03-07,STGW,9.210000038146973,9.210000038146973,8.649999618530273,9.0,1126600
2023-03-07,STIM,4.760000228881836,4.760000228881836,4.119999885559082,4.210000038146973,704100
2023-03-07,STKL,8.109999656677246,8.140000343322754,7.889999866485596,8.09000015258789,631600
2023-03-07,STKS,8.670000076293945,8.84000015258789,8.460000038146973,8.529999732971191,37200
2023-03-07,STLD,127.55417124346413,129.3884500653017,126.78747456450174,127.12715911865234,1270000
2023-03-07,STNE,9.039999961853027,9.239999771118164,8.90999984741211,9.100000381469728,4373500
2023-03-07,STOK,9.289999961853027,9.399999618530272,8.880000114440918,9.229999542236328,165800
2023-03-07,STRA,78.53439553533244,81.3144585076389,78.53439553533244,80.88748931884766,176400
2023-03-07,STRL,40.7599983215332,41.9900016784668,40.59999847412109,41.810001373291016,357200
2023-03-07,STRM,28.5,31.200000762939453,28.5,29.25,3680
2023-03-07,STRO,5.599999904632568,5.71999979019165,5.360000133514404,5.610000133514404,277800
2023-03-07,STRR,3.849999904632568,4.0,3.799999952316284,3.799999952316284,7760
2023-03-07,STRS,21.700000762939453,21.700000762939453,20.96999931335449,21.01000022888184,15800
2023-03-07,STX,58.1965944609368,58.44624662947167,57.151758214765806,57.45688629150391,2331500
2023-03-07,SUPN,38.36000061035156,38.560001373291016,37.83000183105469,38.36000061035156,596200
2023-03-07,SURG,4.630000114440918,4.829999923706055,4.630000114440918,4.71999979019165,89600
2023-03-07,SVC,9.542209000475182,9.66022247857932,9.449484641615465,9.533780097961426,1201100
2023-03-07,SVRA,2.4200000762939453,2.5199999809265137,2.4200000762939453,2.4649999141693115,228800
2023-03-07,SWBI,9.754959298625325,9.884777576992892,9.70859524878518,9.7920503616333,356100
2023-03-07,SWKS,106.53999241391875,107.0115334923586,105.3611397178192,105.66292572021484,1517900
2023-03-07,SWTX,31.729999542236328,32.15999984741211,30.61000061035156,31.200000762939453,1235800
2023-03-07,SXTC,9.75,9.824999809265137,8.824999809265137,9.300000190734863,9584
2023-03-07,SY,2.643157789950769,2.643157789950769,2.387368340979419,2.4157893657684326,218100
2023-03-07,SYBT,55.56770768220436,55.56770768220436,54.218190776306606,54.79791259765625,63900
2023-03-07,SYBX,0.6899999976158142,0.6919999718666077,0.6600000262260437,0.6639999747276306,76600
2023-03-07,SYNA,114.27999877929688,114.91000366210938,110.68000030517578,111.19000244140624,547300
2023-03-07,SYPR,1.9700000286102293,2.0,1.9700000286102293,1.9800000190734863,6400
2023-03-07,SYRE,10.0,10.25,9.5,10.074999809265137,4684
2023-03-07,SYRS,3.920000076293945,4.070000171661377,3.880000114440918,4.019999980926514,88000
2023-03-07,TACT,7.53000020980835,7.550000190734863,7.5,7.5,4600
2023-03-07,TAIT,3.362148761749268,3.3797978200476857,3.353324232600058,3.362148761749268,3500
2023-03-07,TANH,2.650000095367432,2.9100000858306885,2.539999961853028,2.619999885559082,8400
2023-03-07,TAOP,6.900000095367432,7.300000190734863,6.900000095367432,7.300000190734863,1350
2023-03-07,TARA,4.059999942779541,4.079999923706055,3.670000076293945,3.7899999618530273,23600
2023-03-07,TBBK,34.630001068115234,34.70000076293945,33.459999084472656,33.630001068115234,305900
2023-03-07,TBCH,7.730000019073486,7.880000114440918,7.730000019073486,7.769999980926514,96800
2023-03-07,TBNK,20.93517308191361,21.114427432510563,20.61439967628076,20.916303634643555,12500
2023-03-07,TBPH,10.100000381469728,10.279999732971191,10.039999961853027,10.06999969482422,408900
2023-03-07,TBRG,29.530000686645508,29.6299991607666,28.920000076293945,29.229999542236328,73100
2023-03-07,TCBI,65.93000030517578,66.23999786376953,64.2300033569336,64.47000122070312,384800
2023-03-07,TCBK,46.92034677433883,47.17155666985417,46.055069428413255,46.185325622558594,156400
2023-03-07,TCMD,14.739999771118164,15.0649995803833,14.515000343322754,14.81999969482422,225700
2023-03-07,TCOM,39.12983156907773,39.27910762422274,36.403085492244784,37.34848785400391,9306300
2023-03-07,TCPC,8.511818233476408,8.511818233476408,8.289708199919145,8.354191780090332,263100
2023-03-07,TCRT,90.0,97.5,85.5,90.0,11571
2023-03-07,TCX,23.13999938964844,23.309999465942383,22.21999931335449,22.530000686645508,46900
2023-03-07,TEAM,176.8300018310547,182.72000122070312,175.32000732421875,176.47999572753906,2097400
2023-03-07,TECH,76.25453737353274,76.25453737353274,74.05402826938804,74.1630630493164,630400
2023-03-07,TENB,45.060001373291016,45.31999969482422,44.369998931884766,44.58000183105469,823700
2023-03-07,TENX,62.880001068115234,64.4000015258789,46.400001525878906,50.400001525878906,374438
2023-03-07,TER,100.95776108988149,101.53285131249802,99.25232529303892,99.72826385498048,1577500
2023-03-07,TFIN,60.150001525878906,60.17499923706055,58.36000061035156,59.09999847412109,182000
2023-03-07,TFSL,11.525706361218749,11.525706361218749,11.26585372061099,11.358059883117676,328800
2023-03-07,TGTX,17.559999465942383,18.100000381469727,17.31999969482422,17.43000030517578,3260700
2023-03-07,TH,15.0,15.739999771118164,14.960000038146973,15.550000190734863,817100
2023-03-07,THFF,40.41078294640879,40.41078294640879,39.70312671861573,39.945220947265625,32100
2023-03-07,THRM,64.05000305175781,64.06999969482422,62.880001068115234,63.04999923706055,97900
2023-03-07,THTX,3.7200000286102295,3.799999952316284,3.200000047683716,3.680000066757202,27975
2023-03-07,TIGO,18.50318837318591,18.5896071452352,18.042289476555965,18.071094512939453,59300
2023-03-07,TIGR,3.660000085830689,3.7100000381469727,3.619999885559082,3.630000114440918,460100
2023-03-07,TILE,8.750351961963773,8.750351961963773,8.452382934432157,8.641096115112305,598700
2023-03-07,TIPT,14.561534866932924,14.98416568372959,14.561534866932924,14.89771842956543,38700
2023-03-07,TITN,46.400001525878906,47.619998931884766,46.220001220703125,47.459999084472656,182500
2023-03-07,TLPH,1.2899999618530271,1.3200000524520874,1.149999976158142,1.2100000381469729,126300
2023-03-07,TLRY,2.7100000381469727,2.720000028610229,2.609999895095825,2.619999885559082,9254400
2023-03-07,TLSA,0.5699999928474426,0.6000000238418579,0.5699999928474426,0.5899999737739563,68100
2023-03-07,TMUS,140.49638157614783,140.93643825989602,138.7459285730683,139.71405029296875,4682100
2023-03-07,TNDM,42.619998931884766,43.540000915527344,41.56999969482422,41.95000076293945,1231200
2023-03-07,TNFA,67.5,70.5,65.0999984741211,66.0,38627
2023-03-07,TNXP,14000.0,14400.0,12600.0,12800.0,114
2023-03-07,TOMZ,0.6499999761581421,0.6800000071525574,0.6299999952316284,0.6399999856948853,14000
2023-03-07,TOUR,1.899999976158142,1.899999976158142,1.809999942779541,1.840000033378601,422500
2023-03-07,TOWN,28.08944994945198,28.266289261506767,27.55893378851536,27.791616439819336,172100
2023-03-07,TPIC,12.829999923706056,13.279999732971191,12.6899995803833,13.0,839900
2023-03-07,TPST,1.5,1.559999942779541,1.5,1.5399999618530271,6200
2023-03-07,TRAW,20.75,20.75,19.75,20.0,2220
2023-03-07,TREE,32.91999816894531,33.119998931884766,30.450000762939453,31.200000762939453,332500
2023-03-07,TRI,115.01324677662444,115.94640322006023,114.52310988203854,115.02267456054688,585800
2023-03-07,TRIB,5.0,5.25,4.949999809265137,5.199999809265137,1960
2023-03-07,TRIP,21.239999771118164,21.489999771118164,20.96999931335449,21.07999992370605,1320300
2023-03-07,TRMB,51.81999969482422,52.220001220703125,50.90999984741211,51.15999984741211,1539500
2023-03-07,TRMK,26.403621695472555,26.646887033926465,26.141645011431663,26.30070304870605,285000
2023-03-07,TRNS,91.36000061035156,91.6999969482422,89.27999877929688,90.2699966430664,75000
2023-03-07,TROW,103.4195174063028,103.68113424938464,100.09067691650796,100.37935638427734,1635400
2023-03-07,TRS,29.09490971377592,29.34164402657748,28.858044999378432,29.075170516967773,128500
2023-03-07,TRST,33.15205431815234,33.15205431815234,32.50806174070765,32.87087631225586,99300
2023-03-07,TRUE,2.299999952316284,2.319999933242798,2.265000104904175,2.309999942779541,216900
2023-03-07,TRUP,57.9900016784668,59.90999984741211,57.220001220703125,57.77999877929688,357600
2023-03-07,TRVG,4.011681819366857,4.03528003773579,3.846494740882908,3.988083600997925,37320
2023-03-07,TRVI,2.4100000858306885,2.4100000858306885,2.25,2.25,8200
2023-03-07,TSAT,8.050000190734863,8.369999885559082,7.760000228881836,8.170000076293945,18000
2023-03-07,TSBK,31.1405584477188,31.17792050057544,30.69222450256348,30.69222450256348,26900
2023-03-07,TSCO,41.9956554347098,42.11780187465212,41.49249680629448,41.66204071044922,4427500
2023-03-07,TSEM,40.02000045776367,40.08000183105469,39.720001220703125,39.86000061035156,333800
2023-03-07,TSLA,191.3800048828125,194.1999969482422,186.1000061035156,187.7100067138672,148125800
2023-03-07,TTD,56.88999938964844,58.869998931884766,56.59000015258789,57.63999938964844,3546500
2023-03-07,TTEC,38.335919418768334,38.652192508852295,37.827969656389065,37.87588882446289,93200
2023-03-07,TTEK,27.680716812329056,27.98528866913987,27.17178653253568,27.21894645690918,799500
2023-03-07,TTGT,39.31999969482422,39.880001068115234,38.29999923706055,38.709999084472656,440600
2023-03-07,TTMI,13.369999885559082,13.529999732971191,13.18000030517578,13.300000190734863,604700
2023-03-07,TTSH,4.880000114440918,4.96999979019165,4.800000190734863,4.940000057220459,42700
2023-03-07,TTWO,115.95999908447266,119.4499969482422,115.83000183105467,116.87999725341795,2273500
2023-03-07,TUSK,5.539999961853027,5.715000152587891,5.46999979019165,5.619999885559082,101600
2023-03-07,TVTX,22.0,22.36000061035156,21.774999618530277,21.989999771118164,931900
2023-03-07,TW,72.077948924638,72.38559781560834,70.82753142300756,71.30387878417969,831200
2023-03-07,TWIN,10.844873221209417,11.168747182641711,10.844873221209417,10.992088317871094,4000
2023-03-07,TWST,18.799999237060547,18.8799991607666,18.21999931335449,18.51000022888184,770900
2023-03-07,TXG,48.220001220703125,49.83000183105469,47.540000915527344,48.220001220703125,859400
2023-03-07,TXMD,4.670000076293945,4.829999923706055,4.25,4.550000190734863,99900
2023-03-07,TXN,162.82964828206374,163.9888759648262,161.3028455199502,162.16049194335938,3844100
2023-03-07,TXRH,101.13632989738434,102.52878201581262,100.78822424524157,101.06864166259766,901600
2023-03-07,TZOO,5.090000152587891,5.179999828338623,4.920000076293945,5.059999942779541,12000
2023-03-07,UAL,53.18000030517578,55.040000915527344,52.869998931884766,54.0099983215332,9884500
2023-03-07,UBFO,6.786466779469068,6.8041168711644975,6.654090881347656,6.654090881347656,8700
2023-03-07,UBSI,36.0926701905514,36.0926701905514,35.038604464795256,35.12947082519531,409900
2023-03-07,UBX,4.650000095367432,5.105000019073486,4.570000171661377,4.789999961853027,356800
2023-03-07,UCTT,30.84000015258789,31.200000762939453,30.350000381469727,30.559999465942383,315000
2023-03-07,UEIC,11.300000190734863,11.300000190734863,10.5,10.649999618530272,305700
2023-03-07,UFCS,25.387986062016008,25.67936932946826,25.256393965645543,25.359786987304688,55000
2023-03-07,UFPI,82.74155898368826,82.91750116442444,81.33402153779885,81.59793853759766,582900
2023-03-07,UFPT,108.0,115.81999969482422,106.52999877929688,114.8000030517578,161800
2023-03-07,ULBI,3.9800000190734863,4.050000190734863,3.859999895095825,3.900000095367432,24100
2023-03-07,ULH,30.054033630274013,30.054033630274013,29.36212722365441,29.69346237182617,69600
2023-03-07,ULTA,524.97998046875,528.5700073242188,523.510009765625,526.0399780273438,669000
2023-03-07,UMBF,84.42091138360726,84.77570430450764,81.82231313075815,82.28257751464844,115400
2023-03-07,UNIT,4.061737159591531,4.086156592970946,3.7849857807159424,3.7849857807159424,3711400
2023-03-07,UNTY,25.137500762939453,25.368386433407604,25.012439373429014,25.137500762939453,11400
2023-03-07,UONE,6.760000228881836,6.840000152587891,6.710000038146973,6.710000038146973,10700
2023-03-07,UONEK,4.960000038146973,5.059999942779541,4.940000057220459,5.03000020980835,17700
2023-03-07,UPBD,24.515612819730816,24.861671967976523,24.23330127218891,24.570253372192383,328100
2023-03-07,UPLD,5.789999961853027,5.849999904632568,5.400000095367432,5.599999904632568,1670600
2023-03-07,UPWK,11.93000030517578,12.100000381469728,11.699999809265137,11.8100004196167,623300
2023-03-07,URBN,26.989999771118164,27.100000381469727,26.209999084472656,26.86000061035156,2103800
2023-03-07,URGN,10.239999771118164,10.630000114440918,9.8100004196167,10.210000038146973,60600
2023-03-07,USAU,4.199999809265137,4.199999809265137,3.869999885559082,3.869999885559082,29000
2023-03-07,USEG,2.1128195901668545,2.1128195901668545,2.053857007550185,2.0735111236572266,18900
2023-03-07,USIO,1.7799999713897705,1.870000004768372,1.7799999713897705,1.870000004768372,4400
2023-03-07,USLM,31.192130283204367,31.402807235717773,31.192130283204367,31.402807235717773,7000
2023-03-07,UTHR,248.02999877929688,248.02999877929688,236.52999877929688,236.7700042724609,640500
2023-03-07,UTMD,89.2652591883293,90.2292468844336,81.75579415311974,84.7345199584961,37700
2023-03-07,UVSP,26.057330366420384,26.057330366420384,25.40913911439939,25.63137626647949,79500
2023-03-07,UXIN,28.700000762939453,29.100000381469727,27.799999237060547,28.5,7280
2023-03-07,VANI,1.090000033378601,1.1390000581741333,1.0800000429153442,1.1100000143051147,29800
2023-03-07,VBTX,24.216620308586347,24.37880692947565,23.642021027782462,23.65128898620605,342300
2023-03-07,VC,170.2100067138672,171.0500030517578,165.4199981689453,165.74000549316406,491100
2023-03-07,VCEL,30.190000534057617,31.1200008392334,29.799999237060547,30.56999969482422,224800
2023-03-07,VCTR,30.20895131665569,30.347950979379508,29.977287568721493,30.116287231445312,376400
2023-03-07,VCYT,23.5,23.989999771118164,23.25,23.38999938964844,500600
2023-03-07,VECO,21.1299991607666,21.280000686645508,20.459999084472656,20.6200008392334,6222100
2023-03-07,VEON,17.75,18.5,17.25,18.0,40292
2023-03-07,VERB,1120.0,1152.0,1096.0,1104.0,208
2023-03-07,VERI,7.559999942779541,7.929999828338623,6.724999904632568,6.849999904632568,1016600
2023-03-07,VERU,2.4200000762939453,2.430000066757202,2.319999933242798,2.359999895095825,2356600
2023-03-07,VFF,1.0,1.0099999904632568,0.9760000109672546,0.984000027179718,630800
2023-03-07,VIAV,10.5600004196167,10.56999969482422,10.229999542236328,10.34000015258789,2159100
2023-03-07,VICR,42.709999084472656,44.27999877929688,42.709999084472656,43.0,646900
2023-03-07,VIOT,1.0700000524520874,1.100000023841858,1.0700000524520874,1.0700000524520874,27200
2023-03-07,VIR,22.8799991607666,23.190000534057617,22.09000015258789,22.790000915527344,1154400
2023-03-07,VIRT,16.81734984447158,17.07911621691007,16.780611595777223,16.99186134338379,935400
2023-03-07,VKTX,11.5,11.670000076293944,11.229999542236328,11.329999923706056,1152300
2023-03-07,VLGEA,21.239074100455262,22.29454624289354,21.239074100455262,21.89642906188965,54400
2023-03-07,VLY,10.023044086364209,10.040879092947382,9.746608287684404,9.764442443847656,3915700
2023-03-07,VLYPP,21.464461696061136,21.49845049935302,21.27751922607422,21.27751922607422,3700
2023-03-07,VMD,8.34000015258789,8.819999694824219,8.1899995803833,8.789999961853027,92900
2023-03-07,VNDA,6.289999961853027,6.480000019073486,6.25,6.28000020980835,588200
2023-03-07,VNET,3.9800000190734863,4.03000020980835,3.759999990463257,3.839999914169312,1667500
2023-03-07,VNOM,26.58026627972349,26.624803579591337,26.03244933620139,26.22396278381348,208500
2023-03-07,VOD,9.879086141526509,9.895759290667964,9.612308599746438,9.628982543945312,18191500
2023-03-07,VOXX,11.869999885559082,12.050000190734863,11.520000457763672,11.90999984741211,68400
2023-03-07,VRA,5.349999904632568,5.489999771118164,5.260000228881836,5.440000057220459,174300
2023-03-07,VRCA,7.210000038146973,7.324999809265137,6.6570000648498535,6.710000038146973,121000
2023-03-07,VRDN,32.459999084472656,33.15999984741211,32.349998474121094,32.91999816894531,376800
2023-03-07,VREX,17.8700008392334,17.920000076293945,17.489999771118164,17.56999969482422,135600
2023-03-07,VRME,1.7000000476837158,1.7000000476837158,1.600000023841858,1.627400040626526,15700
2023-03-07,VRNA,21.51000022888184,21.795000076293945,19.07999992370605,20.09000015258789,1356600
2023-03-07,VRNS,27.559999465942383,27.725000381469727,27.06999969482422,27.07999992370605,1169100
2023-03-07,VRNT,38.04999923706055,38.47999954223633,37.33000183105469,37.5,387600
2023-03-07,VRRM,17.600000381469727,17.8700008392334,17.549999237060547,17.639999389648438,1987100
2023-03-07,VRSK,186.72012678907012,186.8680764928084,180.3284437233921,181.6403045654297,1108300
2023-03-07,VRSN,199.7700042724609,201.02999877929688,197.22000122070312,197.9499969482422,481400
2023-03-07,VRTX,291.8500061035156,291.8500061035156,285.2699890136719,286.5799865722656,1057900
2023-03-07,VSAT,35.86000061035156,36.869998931884766,34.77000045776367,34.91999816894531,934200
2023-03-07,VSEC,56.544675254668775,56.63359766322475,55.71473403115189,56.376712799072266,39600
2023-03-07,VSTM,5.639999866485596,5.639999866485596,5.28000020980835,5.400000095367432,42850
2023-03-07,VTGN,4.800000190734863,5.099999904632568,4.800000190734863,4.800000190734863,59633
2023-03-07,VTRS,9.830891304719586,9.84897983539018,9.62287837705944,9.70427417755127,13983100
2023-03-07,VTSI,4.269999980926514,4.369999885559082,4.21999979019165,4.21999979019165,11300
2023-03-07,VUZI,4.110000133514404,4.119999885559082,3.869999885559082,3.910000085830689,620200
2023-03-07,VVPR,5.5,5.599999904632568,5.099999904632568,5.199999809265137,5350
2023-03-07,VXRT,0.800000011920929,0.8700000047683716,0.800000011920929,0.8299999833106995,1280000
2023-03-07,VYGR,8.010000228881836,8.020000457763672,7.119999885559082,7.340000152587891,667200
2023-03-07,VYNE,3.069999933242798,3.2100000381469727,3.059999942779541,3.150000095367432,8500
2023-03-07,WABC,51.03642853335352,51.03642853335352,49.59655908911703,49.7916374206543,261900
2023-03-07,WAFD,32.65450700772497,32.747750892112904,31.87124628497731,31.9365177154541,683600
2023-03-07,WASH,35.88265137920888,35.88265137920888,34.91959047197759,35.08296585083008,137100
2023-03-07,WATT,11.960000038146973,12.460000038146973,11.800000190734863,12.199999809265137,9500
2023-03-07,WB,15.412358031715986,15.489206487850298,15.028117379672745,15.13058090209961,1176600
2023-03-07,WBA,31.00118081311824,31.03613221196133,29.79538421822233,29.83033561706543,7812400
2023-03-07,WBD,15.079999923706056,15.270000457763672,14.770000457763672,14.81999969482422,11413200
2023-03-07,WDAY,189.08999633789065,190.75,185.9499969482422,186.63999938964844,1728700
2023-03-07,WDC,28.45049095153809,28.54875373840332,28.004535675048828,28.20105743408203,5459889
2023-03-07,WDFC,164.59426519011905,166.29191337301052,162.68319719433583,166.00088500976562,89400
2023-03-07,WEN,19.50145837263952,19.59103821809076,19.19688792326136,19.250635147094727,2435400
2023-03-07,WERN,45.63974734463175,46.11607063192557,45.25090882957488,45.69807052612305,442200
2023-03-07,WEYS,21.86090437269399,22.053665246611263,21.03728669105293,21.78204727172852,6500
2023-03-07,WHF,9.996185449870712,10.270889512866455,9.919878401846256,10.110645294189451,39200
2023-03-07,WINA,275.3265181407962,277.5258993416464,274.68465027023507,275.48699951171875,14900
2023-03-07,WING,172.57332013832328,174.55680758831048,167.90716409629147,168.27906799316406,694000
2023-03-07,WIX,93.91999816894533,97.98999786376952,93.5,95.1449966430664,904500
2023-03-07,WKHS,472.5,475.0,435.0,435.0,14988
2023-03-07,WKSP,17.299999237060547,17.5,16.0,16.600000381469727,7360
2023-03-07,WLDN,17.770000457763672,17.940000534057617,17.489999771118164,17.829999923706055,34400
2023-03-07,WLFC,57.795682892811705,58.7458842988693,57.2079316801596,57.26670455932617,8500
2023-03-07,WNEB,9.143861639971544,9.180956379274148,8.986208776833383,9.125314712524414,51600
2023-03-07,WPRT,12.199999809265137,12.399999618530272,11.600000381469728,12.100000381469728,31490
2023-03-07,WRAP,1.870000004768372,2.0,1.850000023841858,1.9600000381469729,39900
2023-03-07,WRLD,91.1500015258789,93.5,90.18000030517578,91.58999633789062,64700
2023-03-07,WSBC,31.874846974091497,32.20687566729008,30.923625658479352,31.09412956237793,119600
2023-03-07,WSBF,14.46932707733732,14.49647465418736,14.098318823504846,14.21595573425293,63100
2023-03-07,WSC,52.82669466114896,53.24571476897575,52.706975174029004,52.92646026611328,1087200
2023-03-07,WSFS,46.73348514008214,46.73348514008214,44.94315363947464,45.186405181884766,291900
2023-03-07,WTBA,18.58033502693216,18.58033502693216,18.050750481184178,18.194366455078125,14300
2023-03-07,WTFC,87.74354783331987,87.74354783331987,84.67108386993897,84.74813079833984,362700
2023-03-07,WTFCM,22.27835690969945,22.38108636571941,21.98235672589565,22.156475067138672,5800
2023-03-07,WTW,231.7644026643717,233.55513774982077,230.508945688778,231.42376708984372,681600
2023-03-07,WVE,4.210000038146973,4.269999980926514,4.150000095367432,4.21999979019165,152500
2023-03-07,WW,4.820000171661377,7.070000171661377,4.78000020980835,6.929999828338623,80695300
2023-03-07,WWD,98.23092647716506,99.41538754443044,97.3228449303286,97.35245513916016,226100
2023-03-07,WYNN,112.75068669257084,112.78005512377534,110.1668173181249,110.75406646728516,2104700
2023-03-07,XAIR,5.639999866485596,6.234000205993652,5.636000156402588,6.079999923706055,318700
2023-03-07,XBIT,3.470000028610229,3.559000015258789,3.4100000858306885,3.450000047683716,10500
2023-03-07,XCUR,5.849999904632568,5.849999904632568,5.659999847412109,5.699999809265137,620
2023-03-07,XEL,60.142138836043294,60.354527818214336,58.57233295866525,58.738548278808594,3223400
2023-03-07,XENE,37.18000030517578,37.369998931884766,35.61000061035156,36.040000915527344,397700
2023-03-07,XERS,1.4299999475479126,1.559999942779541,1.409999966621399,1.5299999713897705,1373500
2023-03-07,XFOR,0.9300000071525574,1.059999942779541,0.9300000071525574,1.0399999618530271,1488000
2023-03-07,XGN,2.490000009536743,2.559000015258789,2.390000104904175,2.4600000381469727,6900
2023-03-07,XNCR,31.799999237060547,32.0,30.709999084472656,30.729999542236328,377200
2023-03-07,XNET,1.809999942779541,1.899999976158142,1.809999942779541,1.8799999952316284,56800
2023-03-07,XOMA,20.75,21.290000915527344,20.739999771118164,21.239999771118164,17300
2023-03-07,XP,11.230268363835911,11.343800877016273,10.993742069141115,11.29649543762207,4968100
2023-03-07,XPEL,66.51000213623047,68.08499908447266,65.31999969482422,67.27999877929688,173000
2023-03-07,XRAY,37.74882576012124,38.017567805395664,36.86581042926337,37.03857421875,2229400
2023-03-07,XRX,14.428827390200365,14.428827390200365,14.05907769251098,14.145066261291504,843400
2023-03-07,XTKG,24.0,24.679244995117188,22.8679256439209,23.54717063903809,72915
2023-03-07,XWEL,9.0,9.0,8.399999618530273,8.800000190734863,3935
2023-03-07,XXII,30261.599609375,30715.19921875,29484.0,29808.0,27
2023-03-07,YI,2.7300000190734863,2.7799999713897705,2.640000104904175,2.740000009536743,28900
2023-03-07,YMAB,4.070000171661377,4.079999923706055,3.890000104904175,4.010000228881836,217400
2023-03-07,YORW,41.88847439725523,43.62626816237537,41.74525179781467,43.28253173828125,155100
2023-03-07,YTRA,2.150000095367432,2.250999927520752,2.119999885559082,2.200000047683716,69500
2023-03-07,YY,30.32605656636816,30.364516051130856,28.903018951416016,28.903018951416016,978500
2023-03-07,Z,42.34000015258789,43.060001373291016,41.41999816894531,41.75,2206900
2023-03-07,ZBRA,305.4200134277344,306.1099853515625,301.8599853515625,302.1600036621094,182600
2023-03-07,ZD,78.41000366210938,78.81999969482422,77.73999786376953,78.05999755859375,366000
2023-03-07,ZEUS,53.86696066257715,55.11559598253945,53.16460143448496,53.42798614501953,134100
2023-03-07,ZG,41.72999954223633,42.33000183105469,40.79999923706055,41.0099983215332,279800
2023-03-07,ZION,44.40067548637843,44.45579512279824,42.22335872937391,42.66433334350586,2200200
2023-03-07,ZKIN,0.656000018119812,0.7400000095367432,0.656000018119812,0.7400000095367432,28800
2023-03-07,ZLAB,38.79999923706055,39.5,38.0,38.20000076293945,503000
2023-03-07,ZM,71.63999938964844,73.05000305175781,69.47000122070312,69.6500015258789,3100900
2023-03-07,ZS,119.6999969482422,122.16999816894533,117.37999725341795,117.87999725341795,3749300
2023-03-07,ZUMZ,22.71999931335449,23.1200008392334,22.57999992370605,22.649999618530277,332800
2023-03-07,ZYME,7.840000152587891,8.079999923706055,7.650000095367432,7.960000038146973,543800
2023-03-07,ZYXI,10.520000457763672,10.609999656677246,9.34000015258789,9.760000228881836,1205100
