Date,Stock,Open,High,Low,Close,Volume,Turnover
2020-03-13,LMT,0.016417333770119256,-0.030694268279386948,-0.022767397196155212,0.053796798917535714,15.170778798357187,0.0165313149094333
2020-03-16,LMT,-0.1039596979062571,-0.054952227413667544,-0.06157381369828823,-0.1320588180479752,14.670564405627621,0.0100245982282563
2020-03-17,LMT,-0.006836579267527478,0.025071547189217242,0.007515624674625353,0.10190596857021227,14.78104887318528,0.0111956622866455
2020-03-18,LMT,0.013290165454202751,0.06001498627125066,0.030489890137051022,0.04471495859157379,15.09349589417537,0.0153018468554129
2020-03-19,LMT,0.1159104432936438,-0.015237752243408693,0.049973544728129586,-0.05934295426470104,14.858152315215957,0.0120930375479884
2020-03-20,LMT,-0.059343096977253394,-0.05620450977898721,-0.07677843336349233,-0.07595065199626354,14.92740129651472,0.0129601450451721
2020-03-23,LMT,-0.09754097574734574,-0.09554489135524812,-0.07978004069665057,-0.050784211174804854,14.969904702339669,0.0135228696746128
2020-03-24,LMT,0.010366947189371024,0.0272499948923401,0.051736457129156595,0.04281986913455394,14.943164039209,0.0131660511027629
2020-03-25,LMT,0.042991003736634725,0.11160597250867864,0.04660628572974862,0.10117434564915405,14.897349965018055,0.0125764691614625
2020-03-26,LMT,0.08105032221977566,0.06536810350395054,0.09852203675409413,0.09158620670794872,14.80166349001634,0.0114288519626334
2020-03-27,LMT,0.04201897361256708,0.03622882329351528,0.03338617991218103,-0.005581498732238138,15.08605759121793,0.0151884493164498
2020-03-30,LMT,0.033265158757615855,-0.023865618494840497,0.021468802594334764,0.001348297703194731,14.378720450788473,0.0074872217173237
2020-03-31,LMT,-0.019187923770740453,-0.02718414741504641,-0.0178041741493026,-0.02878963180920348,14.589915553809242,0.0092478677170132
2020-04-01,LMT,-0.05969169226368329,-0.017241207691966815,-0.043242616234786015,-0.0012695834147534544,14.548984090233867,0.0088769810294272
2020-04-02,LMT,0.031574820634784145,0.03744401612196098,0.038203903140490346,0.04460097159978799,14.455362968836388,0.0080836245632233
2020-04-03,LMT,0.04875440610013934,0.005184020860769014,0.04403164951483392,-0.009823429119748957,14.563714417488162,0.0090087097495009
2020-04-06,LMT,0.027764449257229894,0.038886765643301194,0.034577419263410736,0.04858643867977059,14.741910419963514,0.0107659452968907
2020-04-07,LMT,0.05009072047363539,0.03179099930270437,-0.021957345208592265,-0.035040769579237234,14.558162409277777,0.0089588318846186
2020-04-08,LMT,-0.05158403572321777,-0.024519362407904855,0.012741343618532115,0.01710664142432446,14.185487338892743,0.0061716397427373
2020-04-09,LMT,0.02289780906496438,0.009826887655391938,0.013654751763941913,0.026189134766483005,14.303723020581334,0.0069462387212932
2020-04-13,LMT,0.0032672999289036146,-0.006237335490455616,0.006006374261719931,-0.002861211783523486,14.028362128069478,0.0052742644813943
2020-04-14,LMT,0.019593649629090833,0.033109610008044785,0.023884471909643993,0.026909202175961686,14.318344936614851,0.0070485522902824
2020-04-15,LMT,-0.004079328307191839,-0.025757006120283643,-0.01938306496940454,-0.01497890232793784,14.039854188894797,0.0053352263162504
2020-04-16,LMT,-0.008369142590513213,0.012004858874833562,0.013895045535517386,0.009305621939114118,14.26556718699256,0.0066861917334455
2020-04-17,LMT,0.036296964592710285,0.0539844484730984,0.03256459306916967,0.06065575362745164,14.385586306416988,0.0075388048083557
2020-04-20,LMT,0.017044429945757635,-0.006181408351250772,-0.004218583773653142,-0.04664940433484985,14.212406387793663,0.006340030825032
2020-04-21,LMT,-0.028492782589429052,-0.018751089009358107,-0.032354083035778865,-0.025825770143779413,14.529440767422592,0.0087051794948328
2020-04-22,LMT,0.0012523320671118771,-0.02215223120634305,0.011576497159430424,0.018465895672063744,13.988119264037755,0.0050662268911162
2020-04-23,LMT,-0.0019314087057279489,0.0024193816435812386,0.0022888143156999134,-0.009694458827536142,13.96771734966464,0.004963913322127
2020-04-24,LMT,-0.010585076154954978,-0.0021070088233829166,-0.008569703645153585,0.013289333991470163,13.844293331017703,0.0043875468834877
2020-04-27,LMT,0.01361117961526218,-5.1878998048983363e-05,0.013369536208322142,-0.00841711962929101,14.192165270371508,0.0062129914768704
2020-04-28,LMT,-0.00535407563700778,0.009820401672886368,0.006381818297259002,0.01614087553248991,14.088511132722553,0.0056012415956223
2020-04-29,LMT,0.016363764054984627,0.014539580443834348,-0.002421204196812724,0.008231685066272714,14.221242963678584,0.0063963032879761
2020-04-30,LMT,-0.013121952952542438,-0.00527463749485917,0.0024735017949858184,0.002959818299285191,14.110640575486173,0.0057265757176341
2020-05-01,LMT,0.006608208124753474,-0.010348734029906522,0.0017070200447500405,-0.014472227039335468,13.722957673325421,0.0038862103954405
2020-05-04,LMT,-0.00943118898176023,-0.01152670658640087,-0.01843200814134445,-0.008668961404859794,13.890526189499134,0.0045951581672283
2020-05-05,LMT,0.001020395568486774,0.025292984288335135,0.019743369558802265,0.02632340557087273,14.055236655713822,0.0054179297845167
2020-05-06,LMT,0.021933124165347952,-0.004823190374539418,-0.00836821336688543,-0.030488029952457547,13.901505668730273,0.0046458886451855
2020-05-07,LMT,-0.02036520300158465,-0.01744527732555539,-0.0063892292205950385,-0.005403168762579628,14.195316603286155,0.0062326015775933
2020-05-08,LMT,-0.01308772156274498,-0.007840664470166344,0.0006645207872703288,0.004927363172173827,13.938082994994668,0.0048189690993923
2020-05-11,LMT,-0.008047506901239163,-0.004285918804573189,-0.005623696541094124,-0.004874408989539225,14.068446670604011,0.0054899755893466
2020-05-12,LMT,0.007968154378804717,0.007717172494951287,-0.008347194761528702,-0.014578930733701525,14.185487338892743,0.0061716397427373
2020-05-13,LMT,-0.017937547325316782,-0.02644200139032566,-0.024610899202978275,-0.018850087704775823,14.06813601535971,0.0054882703631968
2020-05-14,LMT,-0.02810668550669223,-0.029757341307444465,-0.027302719630247024,-0.02193171958217381,14.390099965336201,0.0075729093313521
2020-05-15,LMT,-0.023714156269409797,-8.262618939818848e-05,0.00017065954109316242,0.011497925906529512,14.43312621514054,0.0079058547371046
2020-05-18,LMT,0.05163234363454899,0.051170287335160755,0.03814822037919845,0.0464621851755227,14.446623279604333,0.0080132839845432
2020-05-19,LMT,0.018311131967473374,0.005163846331251758,0.014160446840238317,-0.016181823371501026,13.899025078070245,0.0046343783686742
2020-05-20,LMT,-0.015003290652879628,-0.02236811807390471,-0.024900599999647527,-0.02444283461785262,14.447048788665851,0.0080166944368429
2020-05-21,LMT,-0.02652723231889766,-0.010671473669248801,0.0013525661474153433,0.017256896557201425,13.98026284166889,0.0050265803831329
2020-05-22,LMT,0.01957591316419397,0.00035115311619525014,0.008294092928328105,0.00048778279270013977,13.53129048586767,0.0032083830008869
2020-05-26,LMT,0.01898781269540371,0.018176974254717187,0.013447594909588773,0.008634476669967668,14.283074338197613,0.0068042786443206
2020-05-27,LMT,-0.00045093788322515257,0.05212609234005928,0.01608827954373361,0.06480730037634076,14.502086696437647,0.0084702845926951
2020-05-28,LMT,0.0634463509268336,0.01781969944102872,0.055723401022723204,0.00331836836976207,14.21287695990374,0.0063430149707942
2020-05-29,LMT,-0.007551038523120755,-0.013996591456570824,-0.028166614741683336,-0.019376600008243743,14.365826666184304,0.0073913027463963
2020-06-01,LMT,-0.018090022549353425,-0.00566903540926236,0.006579793967517415,0.0013378835149173193,13.90196436287281,0.0046480201778728
2020-06-02,LMT,-0.0007715663119806656,-0.001956171850427325,-0.0008265448975788271,0.0020803318773651093,14.155335026714527,0.0059883279316316
2020-06-03,LMT,0.012808691394635863,0.026029613465554182,0.014366993519026405,0.03246126503950134,14.13918771412347,0.0058924089607042
2020-06-04,LMT,0.02044230717723083,0.00314152146932841,0.01619542512451142,0.0025795167552337107,14.047971368496956,0.0053787095830708
2020-06-05,LMT,0.020252617313247567,0.027119374107467425,0.01849966304666863,0.01738714087469664,14.347608904377145,0.0072578688001728
2020-06-08,LMT,0.012121303277897028,0.003886598934205818,0.012955361577429667,0.008605505447298548,14.073713097532613,0.0055189644338935
2020-06-09,LMT,-0.010829537419166974,-0.013694224891914441,-0.011603205660090264,-0.01395156530030781,13.988119264037755,0.0050662268911162
2020-06-10,LMT,-0.009864890302123038,-0.006917888181733451,-0.008760405324986514,-0.01179320909291137,13.98795095651258,0.0050653742780413
2020-06-11,LMT,-0.0345636707480905,-0.029243058104709754,-0.05053068647607526,-0.050515609741046484,14.345433266071892,0.007242095458287
2020-06-12,LMT,0.0016286485263687146,-0.007274928849403371,-0.018683555316909555,-0.00524956147412479,14.396664720815975,0.0076227871962344
2020-06-15,LMT,-0.052320182662525555,-0.04479876368352502,-0.02397910304923617,-0.022751486385572433,14.635863353035905,0.0096827003852174
2020-06-16,LMT,0.034958310335583706,0.03808305999997756,0.032206038673152124,0.02510547924450718,14.527774346249048,0.0086906850725594
2020-06-17,LMT,-0.010558487127249104,-0.014267142546363203,-0.007032395373251893,-0.0017258223686420116,14.23356343990554,0.0064755963039427
2020-06-18,LMT,-0.0073997128331628114,-0.012819808755945189,-0.0022575161761520003,-0.009782871417893005,14.261478249586428,0.0066589081150484
2020-06-19,LMT,0.009593395951911719,0.005935182527659534,-0.010881606417953509,-0.016494216414915948,15.279275321214694,0.0184258211618838
2020-06-22,LMT,-0.029329702680969655,-0.01775352933369195,-0.004202308875877543,0.010051405523352326,14.130759887741066,0.0058429574023594
2020-06-23,LMT,0.015962815206163848,0.005134897563571508,0.0016184252854767806,-0.011395598238305644,14.200297335460009,0.0062637219548276
2020-06-24,LMT,-0.019622974215587303,-0.020133801765289634,-0.0348835237840942,-0.0324832729672948,14.649636766037649,0.0098169869445157
2020-06-25,LMT,-0.03579063779964628,-0.0215653659071381,-0.014024013201973308,0.00830295964604875,14.145965440856964,0.005932481775225
2020-06-26,LMT,0.0047391534111389305,0.011249092863515508,0.004743465199138508,-0.016843643502789697,14.512949017800457,0.0085627931113228
2020-06-29,LMT,0.002305795603610363,0.00021770569745482854,0.012540379067888107,0.029660035953153405,13.88596995357885,0.004574269146893
2020-06-30,LMT,0.013669028811529604,-0.0006804706830792398,0.008089877430496783,-0.007045097463414706,14.208971233663084,0.0063182891916218
2020-07-01,LMT,0.0027061490744841343,0.0028279895336453726,-0.005811302387978982,-0.012408022845671808,14.173255629112584,0.0060966097921452
2020-07-02,LMT,-0.007700202126499445,-0.0060462719033413026,0.0010539358315108933,0.004373987129671043,14.149122278636577,0.005951239262873
2020-07-06,LMT,0.008082392933169357,0.0028643993698308423,0.0004160007519358446,0.0016287319517942875,13.99974777870182,0.0051254834998225
2020-07-07,LMT,-0.010671504938477924,-0.011506530109276327,-0.022590241540101363,-0.026040337875512427,14.149050642884289,0.0059508129563355
2020-07-08,LMT,-0.025389074519094265,-0.015606581050014792,-0.011833278428622937,-0.008642343718134571,14.491054201455684,0.0083773497675299
2020-07-09,LMT,-0.0156812045250626,-0.022101008808885523,-0.02748048255016172,-0.029762373353240376,14.416433342787288,0.0077749786301058
2020-07-10,LMT,-0.016427064895040124,-0.0004576552853809803,0.007285452905404655,0.026960329630996184,14.230398465065866,0.0064551335901449
2020-07-13,LMT,0.03239105810990391,0.021774631078526337,0.02010890433258811,0.010849864084582684,14.5241870324373,0.0086595646953251
2020-07-14,LMT,-0.012722096115897254,-0.0030858553803451367,0.0011466638499934526,0.007337113608162901,14.31743730390657,0.0070421576922205
2020-07-15,LMT,0.03520510094671343,0.02677925077238752,0.032586627647311406,0.02471608988509425,14.296269268422153,0.0068946556302611
2020-07-16,LMT,0.00182310446698545,0.0009841180833695617,-0.004280482335342086,0.003614106508643382,13.769886426619468,0.0040729326588459
2020-07-17,LMT,0.010980263343191809,0.008327442924029791,0.010611666994671117,0.007135478587359303,13.942584521196672,0.0048407107328025
2020-07-20,LMT,0.007343961824884125,-4.575610362032364e-08,-0.0011582563103546292,-0.008092405560164257,14.183274491169254,0.0061579979335387
2020-07-21,LMT,0.024044497807267324,0.026475486490520398,0.02223780624396118,0.025897438554338025,14.50730732712905,0.0085146204725904
2020-07-22,LMT,-0.003365540130722986,0.040777839908874146,0.013508806549664206,0.049308073650046726,14.639993409816022,0.0097227731997381
2020-07-23,LMT,0.044291288984151155,-0.0013185023183563355,0.026507760926865218,-0.01652846225310998,14.182096921108037,0.006150750722402
2020-07-24,LMT,-0.014761558960152974,-0.0016758462478109984,-0.005459340288201635,-0.0036441688051638997,14.08225061926855,0.005566284459551
2020-07-27,LMT,-0.00846367006228523,-0.019244341219140693,-0.009165875884051732,-0.010725216043534366,13.861440444962055,0.0044634294471547
2020-07-28,LMT,-0.007121210564875335,0.010873595698214746,0.004959961574733755,0.011889588954918952,13.939585756380005,0.004826216310529
2020-07-29,LMT,0.019597490428071792,0.000666319234195736,0.006861445529708964,0.0016539998356659045,14.00580111112664,0.0051566038770567
2020-07-30,LMT,-0.01774056121142249,-0.011928548877914363,-0.009850201134766387,-0.014512366531879355,13.798670557751358,0.0041918721827958
2020-07-31,LMT,-0.005659741094056698,-0.011652530416713974,-0.019031802314801866,-0.007230093088436781,13.912456671626078,0.0046970454296801
2020-08-03,LMT,-0.009796969015823094,-0.007791856966773132,-0.006012557151415106,-0.004946739890306692,13.735493933283907,0.0039352356472479
2020-08-04,LMT,0.005926537684936058,0.006401049201517054,0.01297278809592218,0.00235728692517551,13.710817597219856,0.0038393166763205
2020-08-05,LMT,0.002423741793405599,0.010525990693894175,0.005247770149661626,0.01447162465285553,13.833842496484548,0.00434193208398
2020-08-06,LMT,0.004673572454758211,-0.004374344248548261,-0.00047564257810031466,-0.009852536608817826,13.456691889317355,0.0029777511641237
2020-08-07,LMT,-0.004647156541067205,0.009014580153730332,0.0017703049390522844,0.015365406522652822,13.737441983739734,0.0039429091649221
2020-08-10,LMT,0.015691710708657842,0.01144320095090611,0.018831081551437964,0.009395261390183244,13.660026823347495,0.0036491839606155
2020-08-11,LMT,0.014121986678813337,0.021199953249462635,0.013817501450294834,0.0069123030450893444,14.08767358048838,0.0055965522237103
2020-08-12,LMT,0.006390565887777335,-0.007462248529067904,-0.00010215742308857739,0.0012239007209672306,13.685972324912568,0.0037451029315429
2020-08-13,LMT,-0.009357850221946205,-0.006248676512533716,-0.011024298734326777,-0.008187567527436004,13.867724378537561,0.0044915656786268
2020-08-14,LMT,-0.004390513287555737,0.0003804238332935992,0.0026319353123121585,0.005584863686529144,13.382573014636467,0.0027650242019336
2020-08-17,LMT,0.013646868293885351,0.0025084391680103768,-0.000747410171840968,-0.006304501217256673,13.669444939102284,0.0036837147901494
2020-08-18,LMT,-0.01228396201472312,-0.00833452534318923,0.0015718975075347283,0.003336631897772032,13.599964323811799,0.0034364569984254
2020-08-19,LMT,0.0023355686977214263,0.00015313590624314405,0.001286760878800286,-0.0005382464718666716,13.483390238001846,0.0030583230997027
2020-08-20,LMT,-0.004625237304696669,-0.007092078822580827,-0.013619920669457946,-0.005579029848416615,14.000911535139268,0.0051314517913468
2020-08-21,LMT,-0.001468955646321721,0.004077126104423516,0.00851481821867693,0.004347714136178571,13.811503540582295,0.0042460131130526
2020-08-24,LMT,0.00801499122406917,0.012157386235545381,0.007827405919040888,0.013943419869970391,13.82189115856852,0.004290348992948
2020-08-25,LMT,0.012434356609124836,0.017069258226921256,0.006391543346063369,-0.0005063254089506006,13.802831517567173,0.0042093507508315
2020-08-26,LMT,-0.006897451012009981,-0.011799719198321684,-0.004700281084761613,0.001518295556349789,13.719661332901156,0.0038734211993169
2020-08-27,LMT,0.009723679771893635,0.006092258694611321,0.011000457336295172,-0.001062582366341888,13.459265521602035,0.0029854246817979
2020-08-28,LMT,-0.003357218580803671,-0.010275448448208354,-0.008009225687806775,0.001441796337825509,13.498469703265616,0.0031047905122854
2020-08-31,LMT,-0.002395194078699225,0.0035570021070238655,-0.002271456659516868,-0.007479654962464187,13.84545860482865,0.0043926625619372
2020-09-01,LMT,-0.011154110149668415,-0.01481809237653555,-0.00897260560289888,-0.008879588602328264,13.71944119004957,0.003872568586242
2020-09-02,LMT,-0.00690868051076045,0.024642880963882417,-0.0023146026466640797,0.02869407740584693,14.009843850808133,0.005177492897392
2020-09-03,LMT,0.03658103280459598,0.0074429256836739495,-0.0019021340672928403,-0.030039362224613807,14.221509523545176,0.0063980085141259
2020-09-04,LMT,-0.027894824404125107,-0.026040352559334463,-0.009961328048770297,-0.00329314622105841,13.746804431076447,0.0039799978336806
2020-09-08,LMT,-0.011702395189019948,-0.016116816050542996,-0.0032192040049124617,-0.012518836482426047,13.884664349836179,0.0045683008553687
2020-09-09,LMT,-0.0033911664321882246,0.010662217873861913,0.006979612878940131,0.013090180044836159,14.012967823158053,0.0051936925458153
2020-09-10,LMT,0.008663782761584263,-0.002288205437235179,-0.007058954018687937,-0.016040231573671706,13.481436842589853,0.0030523548081784
2020-09-11,LMT,-0.01185695527062531,0.005057569507815407,0.006376180621330514,0.02690914090038856,13.747018632411525,0.0039808504467556
2020-09-14,LMT,0.030718504672383833,0.015676851507317013,0.02814906380407876,0.010980757602011912,13.80647082239335,0.0042246977861799
2020-09-15,LMT,0.005779411488883921,-0.001690446126868005,-0.012151439411134805,-0.0030522263590343516,13.770200381607182,0.0040742115784582
2020-09-16,LMT,-0.01154131481520418,0.009049689718127567,0.01038788325119339,0.007688960785478577,13.866394718668053,0.0044855973871024
2020-09-17,LMT,0.0022730951637574995,-0.0026310635405431032,-0.0035618510892763957,0.0009097506432391622,13.774168636638832,0.0040904112268815
2020-09-18,LMT,0.005469779172845825,0.001128573587191049,0.011765041225625652,-0.0020224342900633874,14.784925287465743,0.0112391455534659
2020-09-21,LMT,-0.014438387199861461,-0.023148104178523463,-0.043876446883159094,-0.04009582322351984,14.185280092307943,0.0061703608231249
2020-09-22,LMT,-0.017186780937588183,0.006672223758035861,0.010836198862661487,0.022942844601320934,14.067281215490123,0.0054835809912847
2020-09-23,LMT,0.01906395226550312,0.004955989095389438,0.001702980077635725,-0.013425932244174217,14.01706350049564,0.005215007872688
2020-09-24,LMT,-0.015482831095882138,-0.025523802857617496,-0.018201623417346314,-0.011758506491047264,14.074099242352528,0.0055210959665808
2020-09-25,LMT,-0.015249505466084109,0.01011783565583179,0.0035924657227026854,0.020746315641407203,14.134255882928827,0.0058634201161572
2020-09-28,LMT,0.032708647032350685,0.020917722287865603,0.03446366573772348,0.009804421808484438,13.795308871054397,0.0041778040670598
2020-09-29,LMT,-0.001000467969448218,-0.008762120280737163,-0.005507134550646161,-0.0045428176233150335,13.922660371872793,0.0047452180684125
2020-09-30,LMT,-0.0003592454332211548,-0.008659900672611102,-0.018229084179791376,-0.014144813075409832,14.159313714749073,0.0060122010977291
2020-10-01,LMT,-0.01414449529166282,0.000615344763229956,-0.003976482970975212,-0.006255335624982465,13.914360827885188,0.0047059978669667
2020-10-02,LMT,-0.021053382107225203,-0.01685921517526454,-0.012532000845577419,-0.0008142613063240843,14.012064518562289,0.0051890031739033
2020-10-05,LMT,0.01907235325822883,0.006264993208249343,0.012162625236575787,0.008842085996247135,13.623139877437296,0.0035170289340044
2020-10-06,LMT,0.0072534820457799245,0.0005696701601869387,-0.007524602931507663,-0.019726783185796418,13.769362949167823,0.0040708011261586
2020-10-07,LMT,-0.01943464180437876,-0.005896288682565941,0.006732456882544272,0.017066734911491948,13.62495640616384,0.0035234235320663
2020-10-08,LMT,0.013901782182557916,0.013841823944427435,0.0097786978349499,0.014646419436709754,13.451524668357363,0.0029624041287754
2020-10-09,LMT,0.011679349699508476,0.002335413274982949,0.007842942106628597,-0.006868863254671749,13.42246945133505,0.0028775691278218
2020-10-12,LMT,-0.006224127523100197,0.0010504651743993916,-0.005282688971006255,0.007717709755263966,13.601575725943684,0.0034419989834123
2020-10-13,LMT,0.0003627083729902457,0.0001280401343594503,0.004841367729907342,7.717246479634558e-05,13.788448665846504,0.0041492415290503
2020-10-14,LMT,0.0025861301298899246,0.012467765809673141,0.005231204717036985,0.004540105527370508,13.90196436287281,0.0046480201778728
2020-10-15,LMT,0.0004907779176055771,-0.016804345423195578,-0.010176990282766682,-0.011842812426741206,13.58231793342203,0.0033763477766442
2020-10-16,LMT,0.0029902526975442555,0.0023372458569959407,0.00746111000838659,0.0009835352644675815,13.766426400583073,0.0040588645431098
2020-10-19,LMT,-0.0032226298587079713,-0.00046174300636969316,-0.011513953514439283,-0.007244687534526163,13.981872941919192,0.0050346802073445
2020-10-20,LMT,-0.012080488586925646,-0.009827153404145385,-0.0262001217216012,-0.030428616594692422,14.391674945088601,0.0075848459144009
2020-10-21,LMT,-0.02750576735236817,-0.028367221531517883,-0.018458734255568984,-0.013714946947316722,14.47365264713803,0.0082328318513326
2020-10-22,LMT,-0.012735040553856582,-0.010427721865417345,0.00041068672741694813,0.00494475627881302,14.042726605397483,0.0053505733515988
2020-10-23,LMT,0.010394789035276103,0.013595898822533458,0.01051559162840725,0.014449544089308227,13.980008378165643,0.0050253014635205
2020-10-26,LMT,-0.005156556831917288,-0.0169425011845624,-0.017799035247763814,-0.015561110060061301,14.14279860588474,0.0059137242875769
2020-10-27,LMT,-0.006599621144574857,-0.005123172405256102,-0.004673188850390155,-0.016745234302417134,13.792652286940239,0.004166720097086
2020-10-28,LMT,-0.027990417073731302,-0.021924712412644615,-0.029133544586472833,-0.0324442153810714,14.334245421071657,0.007161523522708
2020-10-29,LMT,-0.019438252974829318,-0.010527262289925865,-0.006182438502858275,0.004493308838366634,14.252474979126433,0.0065992251998047
2020-10-30,LMT,0.0018268736471397584,-0.007042748937637358,-0.0076088756353423605,-0.0065759436438396135,14.08538577524114,0.0055837630275867
2020-11-02,LMT,0.01550735749535811,0.017319785442683176,0.014561219454838318,0.006518872591881787,14.350658579458107,0.0072800367401205
2020-11-03,LMT,0.0028326009269067738,0.01732612030062545,0.015532697884460352,0.030791009022450945,14.210656607247467,0.0063289468550582
2020-11-04,LMT,0.03829067550245064,0.040826114507618444,0.03665721599601452,0.023709457536452833,14.579303043989828,0.009150243519936
2020-11-05,LMT,0.009334444393543126,-0.013088010923783434,-0.015656145075337725,-0.020248832500403637,14.351595072978999,0.0072868576447198
2020-11-06,LMT,-0.030496394905063187,-0.034506210608205655,-0.01612845137506282,-0.009449588209518587,14.15312571263433,0.0059751124289705
2020-11-09,LMT,0.04388949642819649,0.04775170007327198,0.01601883765639239,0.007391277539377327,14.486872657464481,0.0083423926314586
2020-11-10,LMT,-0.03922081297905236,-0.02140597330492226,0.0005770774855529019,0.019939878793460146,14.350834238810574,0.0072813156597328
2020-11-11,LMT,0.021332548897725255,-0.0002945624436282507,0.00476967055098934,-0.005401248921145698,13.924545215688138,0.0047541705056991
2020-11-12,LMT,-0.014506566904203166,-0.0074203957407868995,-0.00046501390674147304,-0.003771205541346712,13.660143638817734,0.003649610267153
2020-11-13,LMT,0.008319021312868567,0.014546722299120539,0.010126079976647447,0.019515267858127284,13.733216401013184,0.0039262832099613
2020-11-16,LMT,0.019983981446032206,0.01239619092400074,0.018381997417252428,0.00529057212150843,14.083016198263545,0.0055705475249256
2020-11-17,LMT,-0.006341811941938876,-0.0005516306379438657,-0.002209251458705055,-0.0032667051699470317,14.09397603781113,0.0056319356663191
2020-11-18,LMT,0.004859386600181406,0.007827574627346142,0.002634564099209457,0.0044061785892385505,13.880175008672383,0.0045478381415708
2020-11-19,LMT,-0.006618103770544863,-0.015028870258862376,-0.010876513807567966,-0.002917790131385883,13.888204173243837,0.004584500503792
2020-11-20,LMT,0.0025836235246454436,-0.001350744088634749,-0.012300699253289618,-0.022674229256681618,13.926605500324047,0.0047639755560606
2020-11-23,LMT,-0.0118530168408342,-0.007209874073228783,0.0060745197847213925,0.007660216391787576,13.742080356072387,0.0039612403460326
2020-11-24,LMT,0.010015765211616947,0.010491264457822672,0.008614649426883218,0.020365483115757435,13.7736473966179,0.0040882796941942
2020-11-25,LMT,0.004811500395492498,0.00912651672339805,0.008461464759678353,-0.00036997266562918034,13.65862397229074,0.003644068282166
2020-11-27,LMT,0.004550945475478481,-0.00825492043539608,-0.007416460376925522,-0.01062871915222436,13.324979270651058,0.0026102749288375
2020-11-30,LMT,-0.014428876892608486,-0.009988806974040193,-0.020337492358705724,-0.01829712286118902,14.29075107574095,0.0068567143484276
2020-12-01,LMT,-0.00627666537043598,0.0022795845554500916,0.00406435615211977,-2.750260700010371e-05,14.077644795977708,0.0055407060673037
2020-12-02,LMT,-0.009489542837451822,-0.019749807931975533,-0.013409447933328326,-0.009995449908103934,14.739769856312924,0.0107429247438682
2020-12-03,LMT,-0.007894148411835488,0.009544902103213243,0.0026354348846746242,0.0018525727948872416,14.379915431330149,0.0074961741546102
2020-12-04,LMT,0.0027577645160246924,-0.004801682343886092,0.0031809223587801537,0.012571549753540266,14.016491114505431,0.0052120237269259
2020-12-07,LMT,0.010355726359046627,-0.002259932046022014,-0.004345305008939839,-0.012295539564675002,14.145174671821666,0.0059277924033129
2020-12-08,LMT,-0.016266396338764987,-0.010217900739206753,-0.004726001972286064,-0.008040061593977679,14.394144912399128,0.0076036034020489
2020-12-09,LMT,-0.0031355542403118477,-0.001598635513376812,-0.005281109923621873,0.005883888580804862,14.235667871759109,0.0064892381131413
2020-12-10,LMT,-0.0009175937651835972,0.004485298048855105,-0.004914781390756315,-0.016631292116110506,14.136652309480413,0.0058774882318932
2020-12-11,LMT,-0.013920385309627097,-0.0030246920691363033,-0.002847499029761102,0.017626990189819627,14.158959117642132,0.0060100695650418
2020-12-14,LMT,0.024930114662874304,0.006861347632333252,0.009134186514564843,-0.011259774465018234,14.130686924385419,0.0058425310958219
2020-12-15,LMT,-0.013209362236494483,-0.01579617169793473,-0.00558300827253758,-0.0002517693323382063,14.23487922870341,0.0064841224346918
2020-12-16,LMT,-0.004133989428458974,-0.00554462840918709,-0.00507667971654382,-0.008425118519106696,14.50173432692524,0.0084673004469329
2020-12-17,LMT,-0.00370216973863622,-0.0006711906747739434,-0.005017898617988993,-0.0055719357305385395,14.321183529589216,0.0070685886975428
2020-12-18,LMT,-0.010988959734168397,-0.002435155127835926,-0.005328196641539831,0.009680978476441223,15.283845859728961,0.0185102298562999
2020-12-21,LMT,0.0031763671883224764,-0.008020008652279052,-0.009790383950084606,-0.018940716502697064,14.571022492490942,0.0090747872628064
2020-12-22,LMT,-0.010846933353079026,-0.009424425561003027,0.0022767019870203933,-0.004101709005495458,14.414787072123136,0.0077621894339822
2020-12-23,LMT,0.001716191437960241,0.012414959365630206,0.005769441823233528,0.010521748176301922,14.083628239739278,0.0055739579772252
2020-12-24,LMT,0.008195655653269731,-0.002651744876528243,0.002857622609347715,0.0010514261884547126,13.139812256414922,0.0021690476625714
2020-12-28,LMT,0.0007933052109720533,0.010563743775472508,0.003731646507149441,0.006259329686228754,13.838641952487691,0.0043628211043153
2020-12-29,LMT,0.008151405729324154,-0.0013141198691362214,0.0002561060160835998,-0.0007906111806897727,13.869904988853538,0.0045013707289882
2020-12-30,LMT,-0.008462887621436644,-0.002073217864898121,0.0034050456259179696,0.0007342149564745299,13.642110287887654,0.0035843853669223
2020-12-31,LMT,0.0023204170411315708,-0.0016275690143673577,-0.0021835103987361804,0.002312826078744951,14.092006043212809,0.0056208516963453
2021-01-04,LMT,0.003272906766897858,-0.0029537568280362794,-0.03219689031921731,-0.02956128843930554,14.450605336961006,0.0080452569748524
2021-01-05,LMT,-0.02956091538333233,-0.010733957351660762,0.006517037576770669,0.011969738880614826,14.206945028746043,0.0063054999954982
2021-01-06,LMT,-0.004769665459654037,0.0020768445388424377,-0.0015155026564731004,-0.0021810431038479633,14.456048315261006,0.0080891665482102
2021-01-07,LMT,0.003956883210672121,-0.01163279415504703,-0.00421005001624663,-0.01587133150980756,14.532814109801938,0.0087345946459172
2021-01-08,LMT,-0.007227854539803822,-0.012671682626448562,-0.01871871385418445,-0.019008931790521943,14.986846837716442,0.0137539278179134
2021-01-11,LMT,-0.02032906837481868,-0.013099455397239114,-0.005057187408345536,0.004690139273714906,14.977536047334354,0.0136264621632144
2021-01-12,LMT,0.004526811712047737,0.012808254870443958,0.006906159293345902,0.012273175931130509,14.914856244297225,0.0127985748674766
2021-01-13,LMT,0.014426615986922926,0.011092503405976544,0.010492173131444581,0.010591662959403206,14.315134273981386,0.0070259580437973
2021-01-14,LMT,0.019118439064175218,0.021625142386642114,0.022391002329705267,0.005628395392191268,14.491308608939486,0.0083794813002172
2021-01-15,LMT,-0.0026184391402221305,-0.012165443881535773,-0.007437212319100617,-0.0004895126478166259,14.43237100998824,0.0078998864455802
2021-01-19,LMT,0.010461118337350942,0.0013400864308396095,-0.008166092221034298,-0.016754825021373005,14.51722146492125,0.008599455473544
2021-01-20,LMT,-0.023656854656387217,-0.020698977264664253,-0.006640414680682165,0.0004975808356816989,14.392124484065864,0.0075882563667005
2021-01-21,LMT,-0.00254323476766579,-0.0004948325570891209,-0.0007669558055331607,-0.005870969546165988,14.323412511969968,0.0070843620394286
2021-01-22,LMT,-0.008612199001548136,-0.005164093422198041,-0.005175848151237763,0.0006184075401806251,14.258657375053275,0.0066401506274004
2021-01-25,LMT,0.0018285057576633548,0.014664869153940876,0.002044000058635769,0.010623503987377823,14.496889260843348,0.0084263750193372
2021-01-26,LMT,-0.001061392601358788,-0.008424273280008785,-0.021568639961392598,-0.038034916053339606,15.080315303790904,0.015101482782809
2021-01-27,LMT,-0.02002219333640678,-0.024276319118566064,-0.003089262421430018,0.005488506921839746,14.796202676573508,0.011366611208165
2021-01-28,LMT,-0.00042113417647109407,-0.003132230439719141,-0.007581500838778436,-0.013869577323021543,14.424080306177624,0.0078346615453496
2021-01-29,LMT,-0.015290627426270444,-0.017177807252296565,-0.016828819698232998,-0.018807712597683945,14.5579720510182,0.0089571266584688
2021-02-01,LMT,-0.006810224572567997,-0.010173995565669875,-0.005954713786043059,0.0068435247651110085,14.295155683249902,0.0068869821125869
2021-02-02,LMT,0.007818496562605236,0.028904364342736757,0.02128478023718635,0.026405244951496903,14.540834954387039,0.0088049352245973
2021-02-03,LMT,0.012896281027395928,-0.005384529190430251,0.004915994659646493,-0.0009322735274671362,14.802483773127106,0.0114382307064574
2021-02-04,LMT,0.006940537002066448,0.014944955746292975,0.011749321734810764,0.01445634079493811,14.59212580372582,0.009268330430811
2021-02-05,LMT,0.016627854062751753,0.008825543383502341,0.012921060882893446,-0.000563699276340367,14.190310939188278,0.0062014812003591
2021-02-08,LMT,-0.0017093805021314726,-0.005639501249634777,-0.0038707620263975367,0.0023707387956110196,14.25370161588785,0.0066073250240164
2021-02-09,LMT,-0.0013873300963074156,0.014649224135274383,0.004078793140238635,0.013232009963304321,14.332815743952983,0.007151292165809
2021-02-10,LMT,0.013729270104501144,-0.002237712141230305,0.0076362009844282526,-0.0004383345060905354,14.362996504495152,0.007370413726061
2021-02-11,LMT,-0.0071342832564134815,0.002528028148863052,-0.0033075669966881275,-0.008952843747727519,13.982380856509037,0.0050372380465693
2021-02-12,LMT,-0.007008856755462662,-0.011587418416398125,-0.00435857554740058,-0.004166614697083298,14.003897847614677,0.0051467988266952
2021-02-16,LMT,0.002508729056368144,-0.0018805865005907735,-0.008174444500307328,-0.008026675773108644,14.327376240681396,0.0071124982709006
2021-02-17,LMT,-0.01350242177480324,-0.002149167189784144,-0.0030900291442634426,0.005863086192950227,14.514093438303806,0.0085725981616843
2021-02-18,LMT,0.006491899428912368,0.0009130479464556249,0.0074540596505348325,0.002726036231770817,14.074948236461337,0.0055257853384928
2021-02-19,LMT,0.0064799424306299855,-0.0014438288370391568,-8.933437647226507e-05,-0.0074255594404818385,14.43026421187045,0.0078832604906194
2021-02-22,LMT,-0.015664610760955718,0.013096225642907567,-0.0061036140368853735,0.014943513552442849,14.32064059261267,0.0070647519387057
2021-02-23,LMT,0.03337928395498542,0.011316658879331977,0.015248901466506981,0.016776393080390667,14.690979711984754,0.0102313568989221
2021-02-24,LMT,0.006210087484745115,0.008111453306192827,0.01839148127001039,0.0008659574204264956,14.542431432026392,0.0088190033403334
2021-02-25,LMT,-0.004270868155362104,-0.003431502388924821,-0.011499032746396798,-0.014065529672884353,14.265312117647388,0.0066844865072957
2021-02-26,LMT,-0.015176322437261658,-0.02242819068553721,-0.024183331710552754,-0.02641563697007639,14.520586803460517,0.0086284443180909
2021-03-01,LMT,-0.011904756569588637,-0.0030746215283889273,0.008509316777948204,0.009703112481897633,14.31901001075583,0.0070532416621944
2021-03-02,LMT,-0.002187968108527191,0.006757989819816386,-0.00045069173330360797,0.015237100698519768,14.546098503123918,0.0088514026371799
2021-03-03,LMT,0.018844719121017605,0.018416782449677826,0.017638678217114886,0.00682839963634744,15.214795425895817,0.0172752198172925
2021-03-04,LMT,0.002558555838635824,-0.0057334451224580075,-0.01319995524684604,-0.007833262384146175,14.60246724743047,0.0093646757082759
2021-03-05,LMT,-0.005920840753192587,-0.009277561087993214,0.0029286676178430873,0.00642434834857388,14.18797095349563,0.0061869867780856
2021-03-08,LMT,0.014751468217007707,0.01423105952799193,0.009828122742690267,0.002991610540005366,14.284952154299098,0.0068170678404443
2021-03-09,LMT,-0.006102836349387638,-0.009318948339818032,-0.0034629038260849784,-0.011635617343925054,14.186246875777497,0.0061763291146493
2021-03-10,LMT,-0.005875172507752252,0.000991297630182901,-0.004695529240477629,0.0098477502916278,14.380881751731437,0.0075034213657469
2021-03-11,LMT,0.0046735362725162525,0.0012811604650409467,0.008217655324285792,-0.0032620454879937408,14.330428397183384,0.0071342399043108
2021-03-12,LMT,-0.003996526341457342,5.784315357702518e-05,0.00047230322847227407,0.0013527500909739053,14.581862195488137,0.009173690379496
2021-03-15,LMT,0.013859590695227676,0.008663293802342308,0.011685237344051991,0.01811891689008153,14.536176110989482,0.0087640097970016
2021-03-16,LMT,0.006166321416880114,0.006785430540711181,-0.0008757658026575891,0.0020766364474095692,14.338877805746767,0.0071947754326295
2021-03-17,LMT,0.003801710991505222,0.01859353114573627,0.01401145509969302,0.011143408330104031,14.549320200319807,0.0088799651751894
2021-03-18,LMT,0.017215825090531198,0.009656577396352636,0.015464792512166559,0.020946084657468195,14.636259523219948,0.0096865371440545
2021-03-19,LMT,0.015589974300867069,0.001197186063570772,-0.006945118226466181,-0.009474088981168161,15.562813135820464,0.0244661584910849
2021-03-22,LMT,-0.02088814198271587,-0.0029533589657286634,0.005412435565630255,0.007267956297248322,14.599823432709636,0.0093399499291035
2021-03-23,LMT,0.014412451054009382,0.0024523764468365947,0.0019014480804984903,-0.011388445115001505,14.203898002687463,0.0062863162013127
2021-03-24,LMT,-0.005954445761809641,0.009502135856518424,0.0065565572117012505,0.007072947745655721,14.280690697866678,0.0067880789958973
2021-03-25,LMT,-0.0006197595419308704,-0.002456754166596563,-0.0021712282815892032,0.014219627179331678,14.284326607316075,0.0068128047750697
2021-03-26,LMT,0.021030673607281794,0.009518236617665767,0.015491295897469589,0.009615442036195826,14.513894502708052,0.0085708929355345
2021-03-29,LMT,0.007397233143350702,0.024315297888315105,0.014488079592821267,0.02191285931022783,14.624439216844946,0.0095727132985539
2021-03-30,LMT,0.02235089337904347,-0.00029412254720435915,0.00984159176766864,-0.0060540466140439,14.233300074262305,0.0064738910777929
2021-03-31,LMT,-0.006720391396144532,-0.0040710227198401654,-0.003342322793988655,-0.002810619789223453,14.134328586354863,0.0058638464226947
2021-04-01,LMT,-0.00475817702417014,0.001019613581421796,0.002609953773830652,0.0041054865682139015,14.047892107274913,0.0053782832765333
2021-04-05,LMT,0.008285348001057378,0.01967147108484516,0.01004845021227546,0.020620156834057355,14.213817440330123,0.0063489832623186
2021-04-06,LMT,0.01188962763976335,-0.000788803155056598,0.01138485912329268,0.0005808120924804741,13.850589050107063,0.0044152568084223
2021-04-07,LMT,0.005904969144361978,0.0007885969169124245,-0.0006648746386005991,0.003213759029421423,13.792140595286737,0.0041645885643987
2021-04-08,LMT,0.00226830053413171,0.01828624166936235,0.005938788902192801,0.015218164719721624,14.437913870651746,0.0079437960189381
2021-04-09,LMT,0.018996659275342203,0.007303960206926127,0.01404295641267304,0.0005440842900424152,14.152626159010776,0.0059721282832083
2021-04-12,LMT,0.0006460522556561614,-0.0039796006087939075,0.0016408106323420905,0.004185673047961037,13.880737279737454,0.0045503959807956
2021-04-13,LMT,-0.0014736997177277006,-0.001313062306634144,0.0001298476849309986,-0.0019100523068837248,13.932672067179775,0.0047929644006075
2021-04-14,LMT,0.002170690505145746,0.0078004995594642265,0.006897169331803059,0.00402188083329704,13.89136079720316,0.0045989949260654
2021-04-15,LMT,0.0032728488994315363,0.0019405773633384429,0.0018070781673325531,0.00503003886026538,14.069688327412878,0.0054967964939459
2021-04-16,LMT,0.010620916420890896,0.005951727438373662,0.005401974772066407,0.0030162844485746056,14.220642944059941,0.006392466529139
2021-04-19,LMT,-0.0020896217158827978,-0.00495714273349789,-0.008191421073324013,-0.00020411834873513136,14.091323216800957,0.0056170149375082
2021-04-20,LMT,-0.010256554384828486,-0.0022708192847872037,-0.005186518894156431,-0.011295901041423062,14.130395017714665,0.0058408258696721
2021-04-21,LMT,-0.001237822497931743,-0.0015592023639096556,0.0008577513581761707,-0.00023229244300696826,14.121892443954268,0.0057913743113273
2021-04-22,LMT,-0.0019374018581316238,-0.010596197799738069,-0.017161808934249463,-0.01863671603257712,14.328634139401936,0.0071214507081872
2021-04-23,LMT,-0.021376343947958815,-0.021376343947958815,-0.013515827627997025,-0.007393898885903302,14.0763359466619,0.005533458856167
2021-04-26,LMT,-0.011449687039656141,-0.00870151955455672,-0.006988964873261072,-0.014174074770760766,14.232970769638724,0.0064717595451056
2021-04-27,LMT,-0.007455180819233486,-0.002854935720829896,-0.001565579782663015,0.0033280746235451702,14.263333121169527,0.0066712710046346
2021-04-28,LMT,0.005261954334142202,-0.0009624357856525877,0.0021859010994632142,-0.0007505684522905144,13.920231769310641,0.0047337077919012
2021-04-29,LMT,0.004115343302606134,0.021433574845021963,0.010432141185518823,0.019674540390795876,14.141644538499055,0.0059069033829776
2021-04-30,LMT,0.010240476890424217,5.212645525660293e-05,0.007335989774704198,0.0005517460435303071,13.914179635803874,0.0047051452538918
2021-05-03,LMT,0.002398998042726704,0.011426577081126618,0.0038589727125501964,0.012404278743008678,14.113688109678527,0.0057440542856698
2021-05-04,LMT,0.019504845981435807,0.009684148993848283,0.014353483580278457,0.005616208222529303,14.227355935463391,0.006435523489422
2021-05-05,LMT,-0.0023526118120487153,-0.006866935821522611,-0.00738663517219624,-0.002868749790669855,13.891824167339461,0.0046011264587527
2021-05-06,LMT,0.004261595008971331,0.004685815731248086,0.011176089240108315,0.002507259292709126,13.892009455291364,0.0046019790718276
2021-05-07,LMT,-0.002554839144276925,0.008441082880127473,-0.00028496799454173994,0.007715302727551913,14.000911535139268,0.0051314517913468
2021-05-10,LMT,0.011203031622253407,0.01111967904793904,0.01389651175205476,0.007147584551346602,14.272049569728935,0.006729675000266
2021-05-11,LMT,-0.0008433713500750296,-0.013465742213324982,-0.017739130579469273,-0.013624322993509685,14.11798345487748,0.0057687800648422
2021-05-12,LMT,-0.007856212260499327,-0.003401325172320091,-0.011012190881515485,-0.01873979626999769,14.306358551121898,0.0069645699024037
2021-05-13,LMT,-0.01608353271539037,7.68122259715732e-05,0.0019706670034489774,0.0186108269621031,13.916080517208224,0.0047140976911783
2021-05-14,LMT,0.021738199350881605,0.004396435265449162,0.019856775450753802,0.007732533269416475,13.59211822570665,0.0034095996865657
2021-05-17,LMT,-0.0013852502078745641,-0.00017881810198908487,0.00033424185371313354,0.0008694095255347783,13.794390082687775,0.0041739673082227
2021-05-18,LMT,0.004200377935681812,0.005444088671863853,-0.004227807270270416,-0.01002126502794366,13.974052439480412,0.0049954600058987
2021-05-19,LMT,-0.016154682121740697,-0.02164483678723438,-0.014913936437080793,-0.004348224709965389,13.81049902116535,0.0042417500476781
2021-05-20,LMT,0.004638753299532114,0.009829061812375415,0.012301269934203015,0.0071849451111982154,13.905991824584513,0.0046667776655208
2021-05-21,LMT,0.006468321402160046,0.0067798750541118915,-0.0013218722363836546,-0.00283672040123289,13.701782913083482,0.0038047858467866
2021-05-24,LMT,0.0005135913638506987,-0.006240965215955753,0.001036847742219281,0.001264554643401638,13.744445183182403,0.0039706190898566
2021-05-25,LMT,-0.0041163215527703,-0.0006416575802059688,-0.0020229914848970527,-0.00480892167495108,13.793777087790152,0.004171409468998
2021-05-26,LMT,-0.006024725894928018,-0.008845091225367217,-0.007740510121321922,-0.0044676041079947226,13.815011433422342,0.0042609338418636
2021-05-27,LMT,0.004734842552565353,0.004857662870969126,0.005401162156221655,0.00845081087681304,15.196616733695489,0.0169640160449503
2021-05-28,LMT,-0.000259529448529292,0.001695236939140296,-0.0004738408914334563,-0.006753547315050278,13.748837493642798,0.0039880976578923
2021-06-01,LMT,-0.001222573119090134,-0.00407576260137725,-0.0010227999443161574,-0.0007329578357647414,13.776978647531923,0.0041019215033928
2021-06-02,LMT,-0.005794409962206247,0.0027796327099815677,-0.0013126111842781541,0.008266004353518867,13.823082815917424,0.0042954646713974
2021-06-03,LMT,0.0045701796251627815,0.005277507140524172,0.00646788896573431,0.005851237964623447,14.31610461733465,0.0070327789483965
2021-06-04,LMT,0.010988283199323434,0.020382561947855714,0.011703900264274354,0.017276333070242553,14.423154859542775,0.0078274143342128
2021-06-07,LMT,0.01798176085856753,0.0005056197418862431,0.005146612761150849,-0.006593563601437308,13.899760709610884,0.0046377888209738
2021-06-08,LMT,-0.008976118180642293,-0.007762940528318113,-0.006540780829554357,-0.007640852856090128,13.878486296092358,0.0045401646238966
2021-06-09,LMT,-0.005738022104677644,-0.008671046069396154,-0.005050714096589442,-0.004462753045908273,13.86058047726295,0.0044595926883176
2021-06-10,LMT,-0.0003339693074722658,0.0012066420854140566,0.0025155111057572352,0.002375679790788873,13.725258663437247,0.0038951628327271
2021-06-11,LMT,-0.0009255858921966295,-0.0015149673580461382,-0.0023856632908207344,0.0,13.529162262303307,0.0032015620962877
2021-06-14,LMT,-0.0030136737279819687,0.000796596992266646,0.001841935203562753,0.0035789219559788175,13.674408868528678,0.0037020459712599
2021-06-15,LMT,0.006146970899865267,0.0066280826694040266,0.008206987600355023,0.0017715868708478915,13.757776566746736,0.0040239074070385
2021-06-16,LMT,0.002074747309003325,-0.0026818072529961293,-0.015176504840161394,-0.016033412534736956,14.236980896295817,0.0064977642438904
2021-06-17,LMT,-0.016849888258838923,-0.014114352643953254,-0.009517862095146046,-0.0018263528706518007,14.035770756408954,0.0053134846828402
2021-06-18,LMT,-0.010753029806595725,-0.008910809272252239,-0.0015029831319438162,-0.009736573243481013,14.697707029940538,0.0103004185579898
2021-06-21,LMT,0.002784484844343881,0.008703319693612033,0.004239130170887902,0.008691393022429359,13.986856266575204,0.0050598322930544
2021-06-22,LMT,0.0008124575571856572,-0.004055891730322133,-0.002525793750069856,-5.262322355890108e-05,13.363269830128703,0.0027121621912892
2021-06-23,LMT,0.0017547085805888637,-0.003574942158306036,-0.006314876714633325,-0.013556040429543474,13.839228061143613,0.00436537894354
2021-06-24,LMT,-0.007062906445051185,-0.006609911808318424,-0.0010873847648657632,0.0010595827720546976,13.847688257994458,0.0044024676122986
2021-06-25,LMT,-0.006953841607251903,0.00898613749090594,0.00010617932847850048,0.011267147334398618,14.350892785071798,0.0072817419662703
2021-06-28,LMT,0.012602975451875472,-0.0018012347494402265,0.005107756926693329,-0.005091360370572936,13.56474012454847,0.0033175174744754
2021-06-29,LMT,-0.004701059406491209,-0.006106583369060927,-0.01481283069032645,-0.017651727603527158,14.017553856430313,0.0052175657119128
2021-06-30,LMT,-0.014263672135422225,-0.0025268754870589392,0.0009907397598096948,0.013115832912093998,13.890247832065983,0.004593879247616
2021-07-01,LMT,0.0074752443126742596,0.0044177083649605915,0.009589272828919965,0.004930249514870878,13.531556195626495,0.0032092356139619
2021-07-02,LMT,0.01169906219081387,0.00541692508756186,0.0045759699604251535,0.0033348190372221556,13.565382425755855,0.0033196490071627
2021-07-06,LMT,-0.004594824747670411,-0.00746550956780835,-0.01400463924656351,-0.007419596980495594,13.948905316254752,0.0048714048034992
2021-07-07,LMT,-0.004192838713528944,0.011138409568273553,0.009932483217818594,0.012622488445857312,13.767266294763791,0.0040622749954095
2021-07-08,LMT,0.002955372075192093,-0.007595078041101814,0.0013768382980131014,-0.009326753509043282,13.70402129987327,0.0038133119775357
2021-07-09,LMT,0.008317401436036915,0.007048552064422476,0.007486134528158924,0.008360995376683089,13.20468226185169,0.0023144181918436
2021-07-12,LMT,-0.002092418191142884,-0.002787303826834257,-0.011994573854945735,-0.010600984167820498,13.823678112496868,0.0042980225106221
2021-07-13,LMT,-0.00762261886783359,-0.0068848122292344575,0.0034758125678179476,-0.003250133724706088,13.472317185024512,0.0030246448832438
2021-07-14,LMT,-0.003065425996369281,-0.006059990384244353,-0.006190736328106074,-0.0027032134184504434,13.457264380284057,0.0029794563902736
2021-07-15,LMT,-0.007224683009802195,0.0006870020821075171,-0.0005596493636346112,0.003787884502868885,13.4777989536441,0.0030412708382045
2021-07-16,LMT,0.009286949972473684,0.002821723839373497,0.00074624584872535,-0.002938981477128043,13.699876336951158,0.0037975386356499
2021-07-19,LMT,-0.009207071457160002,-0.007666453435513293,-0.02078579727087739,-0.013668873896312843,14.121229729495871,0.0057875375524902
2021-07-20,LMT,-0.005720482439389689,0.010086637917879492,0.01469204781962741,0.021171254098351397,14.05295220262253,0.0054055668949305
2021-07-21,LMT,0.018513140648987167,0.010609503547395469,0.017012368866011946,0.0023917564153931514,13.73516888893958,0.0039339567276355
2021-07-22,LMT,0.00202451401581158,-0.008221798837329911,-0.004146547034341542,-0.0025234811311933576,13.442126795962277,0.0029346942038408
2021-07-23,LMT,0.00319909320820023,0.0024867918206759967,0.006226821010642008,0.0022084937972518255,13.587230085232402,0.003392973731605
2021-07-26,LMT,-0.02376354403046293,-0.021510680094082805,-0.03694540702898317,-0.033976613097580155,14.81640012565617,0.0115985219645405
2021-07-27,LMT,-0.012816654615189365,0.0031734331537226195,0.005036148886717757,0.017986740311857496,14.194358552818056,0.006226633286069
2021-07-28,LMT,0.02082717337343481,0.0018357113796227203,0.006334350318536795,-0.005136810700279199,13.56087762954754,0.0033047282783518
2021-07-29,LMT,-0.003063091015082563,-0.0010104268824343864,0.0020488003595136154,-0.0005633352457985707,13.53420941732992,0.003217761744711
2021-07-30,LMT,-0.007444048502120252,-0.0059240030155722516,-0.003344925948016314,-0.002499189194070759,13.590616725801809,0.0034044840081163
2021-08-02,LMT,0.0006179954142005813,0.0037399791460543397,-0.0054998741833800074,-0.009108533994344666,13.978055337127943,0.0050154964131591
2021-08-03,LMT,-0.00787410482898613,-0.013773061431209151,-0.005667030370548206,0.0031175615638092684,13.679577426329384,0.0037212297654454
2021-08-04,LMT,-0.013326800997549303,-0.012376566691400963,-0.017613216016872157,-0.02136611666939428,14.290564537693797,0.0068554354288152
2021-08-05,LMT,-0.005640263440938791,-0.0064253539747293024,0.0007504618706443879,-0.0023810555720023764,13.724054043245165,0.0038904734608151
2021-08-06,LMT,-0.0003862238191628473,0.001211489303898537,0.001887877557286139,0.0035141012852373333,13.46524502976628,0.003003329556371
2021-08-09,LMT,-0.004425924075270469,-0.0028654104284697914,-0.0021656230891228573,-0.002793492551644583,13.75904707907168,0.004029023085488
2021-08-10,LMT,-0.0014150664682233988,0.0017641843070971557,0.0008889359662577928,0.0033180479330563502,13.6436552385248,0.0035899273519092
2021-08-11,LMT,0.006255051402540196,0.00354701848709726,0.0024963314853226433,0.002922117767740571,13.710262258232227,0.0038371851436332
2021-08-12,LMT,-0.00033133304015142744,-0.0001374176951623848,-0.006112989503479259,-0.009819687192674993,13.82089702486912,0.0042860859275734
2021-08-13,LMT,-0.005757162970901699,-0.008905840999991761,-0.0036017712074919357,-0.004932232290513107,14.016163889639312,0.005210318500776
2021-08-16,LMT,-0.006320800804512973,-0.0015518584908517771,-0.005469072112405467,0.006321369738479384,14.301449665341767,0.0069304653794073
2021-08-17,LMT,0.002984317951635632,0.005587350445839151,0.008708625622781515,0.003740257519163814,14.267223553774793,0.0066972757034194
2021-08-18,LMT,0.0012525114759643714,-0.005615314525879864,-0.005900306464064068,-0.01392396797926159,13.775730728534615,0.0040968058249433
2021-08-19,LMT,-0.011948610109626319,-0.0016656894858051968,-0.008420946427733745,-0.0072330015740196775,14.112425624837034,0.0057368070745331
2021-08-20,LMT,-0.0013804978512754187,-0.0030333036153442805,-9.916141011465954e-08,0.00883014548876798,13.714917548555672,0.0038550900182063
2021-08-23,LMT,0.008980120597573051,0.0007242207150772189,0.008000096025160183,0.0005036526740739964,13.6265280663173,0.0035289655170532
2021-08-24,LMT,0.0028735854133944763,0.003946957934142155,0.004227915304349815,0.004606821628271282,13.620226550435392,0.0035067975771055
2021-08-25,LMT,0.00200389094496874,0.00044390975166884943,0.00019564823778930437,-0.0006964636894479439,13.767895752789759,0.0040648328346342
2021-08-26,LMT,-0.0016417858034187493,0.003680902130610211,-0.002097376165995449,0.007968008271833929,13.974564340769723,0.0049980178451234
2021-08-27,LMT,0.011600535915964758,0.006471038684893515,0.01096864850273594,0.0010226541733020288,14.001077675556546,0.0051323044044218
2021-08-30,LMT,-0.002866815585741672,-0.001016025347248091,0.0015769768876570725,0.00016577008287242223,13.80141264778304,0.0042033824593071
2021-08-31,LMT,-0.0006915445541458115,-0.001374492298592419,-0.002933992183339002,0.0009730767504596969,13.896077128397751,0.0046207365594756
2021-09-01,LMT,-0.0030652115772868867,-0.0037202005348792666,-0.0043656790105480936,-0.008765174748955176,13.925262317980339,0.0047575809579987
2021-09-02,LMT,-0.004167087312603808,-0.0021440728983911977,-0.002864901388447138,0.003889732620079486,14.543784023241452,0.0088309399233821
2021-09-03,LMT,0.003469248914153066,-0.0013109415463637437,0.00030946464753976174,-0.005741814576907846,13.702566918517599,0.0038077699925488
2021-09-07,LMT,-0.009343868518014902,-0.009958122579729762,-0.01861839259488809,-0.019285882396923464,14.525269496092266,0.0086689434391492
2021-09-08,LMT,-0.012282043427635647,-0.0032191749745745742,0.0011164295541456917,0.006450867764849798,14.010502340700649,0.0051809033496916
2021-09-09,LMT,0.0003422995461041015,-0.0053312593176845285,-0.004589126994151328,-0.0072246778304106305,13.909821147435512,0.0046846825400939
2021-09-10,LMT,-0.0030572364451589523,-0.004616764700169124,-0.005881480162889261,-0.008779251768204687,14.016491114505431,0.0052120237269259
2021-09-13,LMT,-0.004387993874796156,-0.002287722065083696,-0.00891706114793166,0.0012424624944549635,14.21375029248195,0.0063485569557811
2021-09-14,LMT,0.00025855270437323693,-0.0028098378895833323,-0.0007881154343445672,-0.0057048808323708206,14.097376499469583,0.0056511194605046
2021-09-15,LMT,-0.00923783007159925,-0.003940986629271508,0.004166858285449718,0.0021179318296598647,13.955012466533573,0.0049012462611211
2021-09-16,LMT,0.0019699957066471783,-0.00285793982487975,-0.009231222426988893,-0.010399924334733569,14.188039854815877,0.0061874130846231
2021-09-17,LMT,-0.016135945621102623,-0.009088749257718744,-0.0047063444706760315,-0.0015235655435140924,14.561250663026579,0.0089865418095532
2021-09-20,LMT,-0.0036838570681226295,-0.006320880454472975,-0.009658769426686123,-0.007418034075383192,14.351887547437826,0.007288989177407
2021-09-21,LMT,0.00011803543929996544,-0.001704030322592098,-0.0023547473933685655,-0.007145960972383639,14.090867740026573,0.0056144570982835
2021-09-22,LMT,-0.0017727734456426426,0.00916189783102819,0.008676014829417478,0.01676105659676695,14.105116528536648,0.0056950290338625
2021-09-23,LMT,0.006338116677081528,0.004593076300989869,0.0061639693565997316,0.007201886070062328,14.127544453236872,0.0058241999147114
2021-09-24,LMT,0.025187770564100768,0.023391577599694294,0.021524446836584422,0.015337862761759982,14.342013251782552,0.0072173696791146
2021-09-27,LMT,0.00904295499718072,0.012109771467786488,0.010904091946550508,0.010926624343837442,14.439308196294963,0.0079548799889119
2021-09-28,LMT,0.0034583518637384364,-0.005417265063461962,-0.00399302316763342,-0.0034302305474715484,13.946627412937469,0.0048603208335254
2021-09-29,LMT,-0.01491116160517335,-0.007712955248663912,-0.014246958067867934,-0.005295619662147025,14.252281162020692,0.0065979462801923
2021-09-30,LMT,0.00971918705305939,-0.000794336403932979,-0.00020283634915732102,-0.014927037768102168,13.868388546061224,0.0044945498243889
2021-10-01,LMT,-0.012077756690248085,-0.0074650709920075515,-0.006195315893605353,0.007792869128233046,13.775106184561512,0.0040942479857186
2021-10-04,LMT,0.0010936324204123002,0.0016859177622460238,0.002709676196008952,-0.005217629061220163,13.935425541625849,0.0048061799032686
2021-10-05,LMT,-0.004872229126283574,0.000514104499643396,0.0032536246284443353,0.005074267135115745,13.698303481411598,0.0037915703441255
2021-10-06,LMT,0.0029722167635202485,-0.0008851976404588857,-0.001799879948439202,0.006420487738173536,13.811202290694242,0.0042447341934403
2021-10-07,LMT,0.009007675743406236,0.0123189561158619,0.01719598452468321,0.005101536562526523,13.857229110456293,0.0044446719595067
2021-10-08,LMT,0.005439494188822273,0.001916343610038407,0.001797335524624742,0.005584371242137594,13.552197143196116,0.0032761657403423
2021-10-11,LMT,0.007977802136693501,0.011672890522487777,0.009419743300553167,0.009369503796058052,13.812306430225096,0.0042494235653523
2021-10-12,LMT,0.005843733060183874,0.002917881834260973,0.00532300975932549,0.0029082903621729566,13.641396427909521,0.0035818275276976
2021-10-13,LMT,0.00736802061818267,0.005561880912641608,-0.00721687625265214,0.010112827762541444,13.912728916037901,0.0046983243492925
2021-10-14,LMT,0.006651649519567216,0.004872446937608306,0.019361549754271692,0.0008566737764801064,13.788448665846504,0.0041492415290503
2021-10-15,LMT,0.005728960510261492,0.005695305122163976,0.008703159779250654,0.009756762934091986,13.767056387342688,0.0040614223823346
2021-10-18,LMT,0.0006314674900921496,0.004468007722630815,-0.004494129170899774,-0.0016971497865647166,13.830005989724334,0.0043253061290193
2021-10-19,LMT,0.00593857381004747,0.008930355073682074,0.0048792371291819965,0.016493456173758636,13.865539002766742,0.0044817606282653
2021-10-20,LMT,0.014303718888704322,0.003737820888600467,0.01677039814650771,0.00016163692614024094,13.7696770685211,0.0040720800457709
2021-10-21,LMT,-0.0004035574094310217,0.0018502666277210656,-0.007219027345559132,0.005401276897972134,13.596858156322341,0.003425799334989
2021-10-22,LMT,0.006169749333009013,0.01002285696932959,0.013822288551354945,0.0039049862908595613,13.903522351037484,0.0046552673890095
2021-10-25,LMT,0.0052813051435162,0.002860656640267374,0.006319911027518729,0.0046077129618876615,14.115838088525027,0.005756417175256
2021-10-26,LMT,-0.07619950183200754,-0.07380283733243626,-0.13898807113726355,-0.12560253031505147,16.060434863891246,0.0402420582161479
2021-10-27,LMT,-0.04500786128476208,-0.04296589812581247,0.013830241690301755,-0.0029268449287649305,14.85327563754524,0.0120342072458196
2021-10-28,LMT,-0.009049689989289041,-0.0046774460862163214,-0.016471657174666372,0.001359021814859026,14.871424439973694,0.0122546077256839
2021-10-29,LMT,-1.9444225876865085e-07,-0.0014944717051166268,0.01131520084644147,0.0028022140000849524,14.415171444428683,0.0077651735797444
2021-11-01,LMT,0.0014234377970536514,-0.000478355382928062,0.003733681170765099,-0.004191326700057522,14.438772147252939,0.0079506169235373
2021-11-02,LMT,0.0029608959960126077,-0.006484405579185817,-0.014526431224686342,-0.014059230438380782,14.825291997224427,0.0117021144531421
2021-11-03,LMT,-0.018114205639501387,0.003187632430009988,-0.0033250537513673253,0.015327732890828389,14.458732455350908,0.0081109081816205
2021-11-04,LMT,0.01766169908802911,0.00789414656104953,0.021570986359923154,0.012446607734011244,14.429560958320195,0.0078777185056325
2021-11-05,LMT,0.01691034512888698,0.014136836913708215,0.015128060126579208,0.013000152505994879,14.578790426839761,0.0091455541480239
2021-11-08,LMT,0.013793651107440661,0.007314838085875179,0.0036501212290468853,0.005545117060718651,14.365365145731621,0.0073878922940966
2021-11-09,LMT,-0.000732211684499561,-0.0029781433718998893,-0.0014229970971793287,-0.010618642277290407,14.38603859020337,0.0075422152606554
2021-11-10,LMT,-0.00767479335346615,-0.0038083078919769315,0.0011859386410611981,-0.0015980628592180374,14.05350410033678,0.0054085510406926
2021-11-11,LMT,-0.0048229601611305415,-0.010296403508744166,-0.0125224609746237,-0.005166766125201658,14.011489263235791,0.0051860190281411
2021-11-12,LMT,-0.004518605035139099,0.009386365502030926,0.0051772874635731036,0.0093934663902599,13.908455214851358,0.0046782879420321
2021-11-15,LMT,0.011641448166832977,0.003694566845310747,0.013047467765862467,0.005470634953593189,13.881860874309226,0.004555511659245
2021-11-16,LMT,0.006867839694404039,0.005807761593991548,0.0009717207119786762,-0.0016147136221016983,14.083628239739278,0.0055739579772252
2021-11-17,LMT,-0.007073941735680265,-0.0002619329067033305,-0.0008243657386491088,0.004748302999191961,14.375698182370053,0.0074646274708385
2021-11-18,LMT,0.009498710551119312,-0.0012815859833096388,0.0021479686169073755,0.0002631074633689737,14.174094378837612,0.0061017254705946
2021-11-19,LMT,-0.00538341907299199,-0.00032075736976560346,-0.002531159518906978,-0.0018727650873636727,14.17073515065192,0.0060812627567968
2021-11-22,LMT,0.0024906216108460653,0.013293327973664237,0.006257264576684951,0.010314662316610494,14.022037616859627,0.0052410125714728
2021-11-23,LMT,0.009465256281659923,0.0014372065929214516,0.00929809600480614,0.0005792865299295525,14.008360661250794,0.0051698193797178
2021-11-24,LMT,-0.0003476892342564649,-0.003135984707129962,-0.0047110110855493196,-0.004645764915244267,13.941703464647215,0.0048364476674279
2021-11-26,LMT,-0.01628337198578336,-0.010924072544836882,-0.014593760390539468,-0.002506252282865234,13.89237992823209,0.0046036842979774
2021-11-29,LMT,0.01378641254608397,0.003983512686103156,0.0033074050253339912,-0.004357042631898177,14.215829782025882,0.0063617724584422
2021-11-30,LMT,-0.01172581527902578,-0.01003438789685102,-0.010117787792724275,-0.015214177666243106,14.831900348273733,0.0117797022429589
2021-12-01,LMT,-0.006545742860657055,-0.007148010798198627,-0.014609368854214738,-0.014809705894853191,14.625685377829496,0.0095846498816027
2021-12-02,LMT,-0.015037950817943095,-0.0060909426003668546,0.00039586996783962217,0.0064040316343747725,14.40557296473374,0.0076909962422272
2021-12-03,LMT,0.0040824877459172725,0.0014064841090948564,0.006103161988014135,0.00987444373869096,14.287512813624984,0.0068345464084799
2021-12-06,LMT,0.01764931671854788,0.023730833316668396,0.020702137665865435,0.018256035556451194,14.481749435603934,0.0082997619777131
2021-12-07,LMT,0.008121018208394953,-0.0008766845002760414,0.004585327345888183,-0.00232654660913628,14.247748065625279,0.0065681048225705
2021-12-08,LMT,-0.0008531374205924632,0.0007891585214107246,0.0006493364072582514,0.005615711176162744,14.135345879701354,0.0058698147142191
2021-12-09,LMT,0.000676645099076534,0.00794171252534866,-0.0022149158084125544,0.007360987154826898,14.280188154042133,0.0067846685435977
2021-12-10,LMT,0.017207220351104974,0.006153120265375771,0.018540110328616285,0.0037184659351861067,13.981618887850038,0.0050334012877322
2021-12-13,LMT,-0.004172425488041576,-0.0012678962418106229,-0.009007302600398403,0.0019408200650396013,14.369798463622166,0.0074207178974807
2021-12-14,LMT,-0.0018890342216960083,0.004603089381239336,0.006537730855295,0.0002605697717246326,14.395489600328839,0.0076138347589478
2021-12-15,LMT,0.0047596496767346305,-0.007953371213290504,-0.010968988478036212,-0.0035358885980154324,14.00522224038802,0.0051536197312945
2021-12-16,LMT,0.0008101936507184788,0.006689540582028032,0.010736163937946653,0.001218496712426705,13.98601338119395,0.0050555692276798
2021-12-17,LMT,-0.00034722847598015876,-0.0023016688823410897,-0.002184652851857606,-0.002031878956641122,14.826929998632432,0.0117212982473276
2021-12-20,LMT,-0.013254790202146956,-0.017346217579427073,-0.028094178449627447,-0.019720061191856927,14.65509344864449,0.0098707015682351
2021-12-21,LMT,-0.006561223382521011,0.006398081138449117,0.015563986134774506,0.00987912098813947,14.67094706666562,0.0100284349870934
2021-12-22,LMT,0.007030250056777975,0.0028209223295550677,0.007003381219125189,0.006930881655967473,14.086606589355211,0.005590583932186
2021-12-23,LMT,0.007650308640200586,0.011462999274267888,0.008031448451458232,0.011243794146004208,13.874911843574717,0.0045239649754733
2021-12-27,LMT,0.009611040556865165,0.007123155344258382,0.009322880051669256,0.009350462108621005,13.780816623470713,0.0041176948452786
2021-12-28,LMT,0.008491561037766663,0.012351766595765212,0.00720736166325778,0.009857557889742222,13.62616559469184,0.0035276865974408
2021-12-29,LMT,0.009609098558422237,0.0009285767126411737,0.009057202913386124,0.0014687676801781622,13.556352448285207,0.0032898075495409
2021-12-30,LMT,0.004404278386094513,0.006532962004917781,0.002322545539822257,-0.001949337678719863,13.56512555477688,0.0033187963940878
2021-12-31,LMT,-0.005168376099240946,-0.002154299765351599,-0.005531566406922902,0.005162180782841119,13.695826842159228,0.0037821916003015
2022-01-03,LMT,0.004266273339678781,-0.0013172909973124692,0.004172533856894813,-0.002958873823841126,14.002571698498771,0.0051399779220959
2022-01-04,LMT,0.0023939760100487833,0.019303002985117446,0.006156403555438089,0.02130355538775375,14.12380448901977,0.0058024582813011
2022-01-05,LMT,0.020793120691423347,0.0012644288085894844,0.0074605553605304395,-0.01069263098560416,14.335613612969933,0.0071713285730694
2022-01-06,LMT,-0.00829885198463346,-0.007611386457701656,-0.0008946491341693998,-0.0003910750792789337,14.129445732126774,0.0058352838846852
2022-01-07,LMT,-0.0025590260398533704,0.004832566340400292,0.001676535581678668,0.0059597369315866405,14.306909295834442,0.0069684066612408
2022-01-10,LMT,0.010857817603140566,0.01766734906156715,0.009061332892985803,0.008598567866697292,14.686762500455611,0.0101882999386391
2022-01-11,LMT,0.00277851390388962,-0.01203551542103899,-0.0003875057200711638,0.002447128406901347,13.93595759756457,0.0048087377424933
2022-01-12,LMT,-0.0017321176467128179,0.0030635631759893863,-0.0050503345589292675,-0.00782972807958768,14.205591941030695,0.0062969738647491
2022-01-13,LMT,-0.0036392977829806327,0.0032717445933063086,0.0018620734150657887,0.010681655408766606,14.03384335613946,0.0053032533259412
2022-01-14,LMT,0.008580595921374133,0.01520950010863993,0.010634324804184978,0.02016892831003148,14.587931381312385,0.0092295365359026
2022-01-18,LMT,0.014328130158941303,0.011647993703349185,0.013345655526766436,0.010465162498123477,14.720376676765092,0.0105365923797399
2022-01-19,LMT,0.013539872555088853,0.01078012954555574,0.014319734106755558,0.002095711723188736,15.020493152280645,0.0142245702352639
2022-01-20,LMT,0.004013184199486236,-0.0007869129113460499,-0.0004544671419431987,-0.00584753776347552,14.56177234830948,0.0089912311814652
2022-01-21,LMT,-0.008016000751099794,-0.01068262193878822,-0.01164487435354364,-0.01053167174866872,14.843486124763437,0.0119169729480195
2022-01-24,LMT,-0.011969498098776695,-0.006811508185897547,-0.01180904680798031,0.005721960361919208,14.92152901976676,0.0128842624815051
2022-01-25,LMT,0.02221125552086908,0.0353066745760755,0.01478043878709876,0.03640116080098613,14.973146501310051,0.0135667792479707
2022-01-26,LMT,0.026507869990830477,0.014405892554597127,0.03425197554227826,0.01045708770549998,15.107631867504407,0.0155196894960524
2022-01-27,LMT,0.0035760978713380367,0.004992208788233795,0.002706714830211549,-0.005536226170368412,14.75793715312422,0.0109398783641724
2022-01-28,LMT,-0.0007448681450729588,-0.005754509264927813,0.00010416899203156254,0.0104064452944464,14.578697195482818,0.009144701534949
2022-01-31,LMT,0.0035913763898371798,-0.005967158019903103,-0.00026013562500208214,-0.010277909557317777,14.675612241306197,0.0100753287062135
2022-02-01,LMT,-0.0007171345905614002,-0.001228208161052099,0.003969588968317265,-0.005462783926789269,14.483904386589252,0.0083176668522862
2022-02-02,LMT,-0.010588527150702241,-0.005546697974539222,-0.003112013915492888,0.0008521867194465516,14.298307626063982,0.0069087237459971
2022-02-03,LMT,0.005346733063763973,0.009788310289539415,0.0035777940377273356,0.006074260205225557,14.31568020796969,0.0070297948026343
2022-02-04,LMT,-0.00046368198904016104,0.001707050569337024,-0.002772974007566729,-0.0009498560264343458,14.313737753760808,0.0070161529934358
2022-02-07,LMT,0.01025650556852138,0.006950618842739545,0.007704033804271135,0.007701528318315584,14.033039174997754,0.0052989902605667
2022-02-08,LMT,0.00934390824885881,0.0031801219213598866,0.0059057915447460795,0.009386399139675376,14.086606589355211,0.005590583932186
2022-02-09,LMT,-0.00045479057348467907,0.001963802976019723,0.007879977190521196,-0.0037944793751088467,14.248526628709723,0.0065732205010199
2022-02-10,LMT,-0.006239534242263218,-0.004941653827986973,-0.02510373518623415,-0.023361132457176588,14.64889826201334,0.009809739733379
2022-02-11,LMT,-0.01610696893652238,0.008030225603561822,0.003691872635222502,0.027534394977505965,15.002256121836576,0.0139675073931784
2022-02-14,LMT,0.018495769333069692,-0.008384128883032088,-0.004056512076718796,-0.023546760806030156,14.845058901191168,0.0119357304356675
2022-02-15,LMT,-0.031115420376710386,-0.021002006295664597,-0.014355366811896902,-0.01235104579085484,14.69869983179556,0.0103106499148887
2022-02-16,LMT,0.002458377729990278,0.003634069894914213,0.00968027348238019,0.012169966247754875,14.390325114371741,0.0075746145575019
2022-02-17,LMT,0.008505177978705529,0.007637446656273453,0.009820972010503592,0.004821907070783725,14.037694448951777,0.0053237160397391
2022-02-18,LMT,0.0077908894209020255,-0.0015587434651485766,-0.0001556737918367708,-0.005959668110993571,14.19387918316626,0.0062236491403068
2022-02-22,LMT,0.0054584450587721114,0.005965497396914572,-0.0016607865823454252,-0.0006731180086228015,14.334840517140696,0.0071657865880825
2022-02-23,LMT,-0.005381433595100863,-0.008013254089657609,-0.0014812695847423395,0.006966920297651137,14.425004897152803,0.0078419087564863
2022-02-24,LMT,0.023013471412041502,0.02204690740286169,0.007565638238651769,0.017359389339764778,15.236423954973146,0.0176529274094777
2022-02-25,LMT,-0.007561787347884152,0.0380411179715822,0.019933230780301736,0.034230927310435505,15.03229128949135,0.0143933876240961
2022-02-28,LMT,0.052800282133971456,0.052722967718118276,0.052076197965979606,0.06453236960229566,15.574850308094726,0.0247624415346162
2022-03-01,LMT,0.04993920199770756,0.05521173520113928,0.05068861291747597,0.05124612882199818,15.559357153091408,0.0243817497966688
2022-03-02,LMT,0.023559183985980205,-0.015317639989817729,-0.013236818585270519,-0.014582191348395283,15.425628439167204,0.0213298212950278
2022-03-03,LMT,-0.0014605645929406414,0.009565173266739292,0.01883012370492322,-0.004856252023974839,15.342327658936037,0.0196250214517449
2022-03-04,LMT,0.011913834644452748,0.014719024611878875,0.012788275975409977,0.022805293225841086,15.015565999433663,0.0141546559631212
2022-03-07,LMT,0.028390052383898298,0.036772838764379825,0.04399930619582232,0.01731086930664209,15.466109799338193,0.0222109969079475
2022-03-08,LMT,0.0016615729132441587,-0.02529700718269534,-0.03213065869872345,-0.03750691671436831,15.234683689564099,0.0176222333387809
2022-03-09,LMT,-0.0583335999913985,-0.02654585244660081,-0.036176008422072144,-0.0006015126734660833,15.061766976124348,0.0148239572269257
2022-03-10,LMT,0.02956994752215592,0.002673429781998157,0.022432291238771832,-0.009764037365992153,14.930521320353824,0.0130006441662303
2022-03-11,LMT,-0.019336741634719917,-0.01826361864146429,-0.008242106111819063,-0.012044476386887527,14.789730895122688,0.0112932864837227
2022-03-14,LMT,0.016692578065808705,0.0024264314027805365,0.0013671283626185981,0.0122471369484202,14.722034146205457,0.0105540709477756
2022-03-15,LMT,-0.010490121663181109,0.0014218595871272163,0.002433166810324877,0.009450011283087712,14.391393880571766,0.0075827143817136
2022-03-16,LMT,-0.022051398853180915,-0.030499041193415018,-0.06794218873518122,-0.06284759211094064,15.576037496715475,0.0247918566857006
2022-03-17,LMT,-0.01853638227238945,-0.011765240432582346,0.03214977710171248,0.01706068625584284,14.896536102452824,0.0125662378045636
2022-03-18,LMT,0.017662619864670447,0.013137608965604956,-0.007324272156940261,-0.0056389880576877055,15.467184057325932,0.022234870074045
2022-03-21,LMT,-0.00701837165782924,0.023583158433182327,0.023274592034994334,0.03191298250967556,14.992687847650418,0.0138344997534925
2022-03-22,LMT,0.01795512340188045,-0.009172923281374852,0.005913382553772643,0.001339904261894682,14.563998306638926,0.0090112675887256
2022-03-23,LMT,0.010300756220003182,0.008212575415817939,0.01861937236321377,0.01052135927052714,14.354982528976384,0.0073115834238922
2022-03-24,LMT,0.002923414183181572,0.008898626842930338,0.001987201433367945,0.01001129665208176,14.134255882928827,0.0058634201161572
2022-03-25,LMT,0.010566206556999101,0.01326722778632275,0.015158882279659487,0.008700746724736197,14.314041511058635,0.0070182845261231
2022-03-28,LMT,-0.0015789188501999832,-0.015573209192092043,-0.014978308115760803,-0.01931868427292642,14.332040481234284,0.0071457501808221
2022-03-29,LMT,-0.0364205983161018,-0.02777661143105749,-0.0320668972408372,-0.017753172198436744,14.712047869331576,0.0104491995395616
2022-03-30,LMT,0.013913394382766979,0.020200203408660394,0.023002959365901923,0.01993072320709305,14.357544690418697,0.0073303409115402
2022-03-31,LMT,0.005991309333424009,0.004040536329489489,0.0038396088086598327,-0.010255343475839276,14.32275036035038,0.0070796726675166
2022-04-01,LMT,0.0005879235731319372,0.00026707730096360647,-0.004955766622782972,0.010322438523924032,13.976098474255533,0.0050056913627976
2022-04-04,LMT,0.011824372343993493,-0.0022073592360019227,0.0016621279991353391,-0.004427023525989265,13.969347760091104,0.0049720131463386
2022-04-05,LMT,-0.0055575522273725,0.015086545675263819,0.00867578678964695,0.007248268885248497,14.622076151948391,0.0095501190520688
2022-04-06,LMT,0.003096380190069091,0.006028318589764037,0.006743461177798677,0.01627858896896709,14.478920435352332,0.008276315118153
2022-04-07,LMT,0.0147216012878898,0.021277484664135767,0.009831093893715226,0.023759807490180716,14.524876008503444,0.0086655329868495
2022-04-08,LMT,0.03197767286767086,0.008924516684799917,0.019376623296751477,-0.008608264129181588,14.352413785996243,0.0072928259362441
2022-04-11,LMT,-0.008438027601974174,0.006046227170759142,0.005597714600615086,0.005897753373462168,14.463242398225077,0.0081475705438416
2022-04-12,LMT,0.005182992778618744,-0.00572817650584767,-0.0017539361986412426,0.00708319052841718,14.222508490696303,0.0064044031121877
2022-04-13,LMT,0.010243166371976548,0.00606524277746248,0.010499787053349195,0.0035013652510440673,14.00811324897574,0.0051685404601054
2022-04-14,LMT,0.0019303684602661952,-0.001855655674403736,-0.0004503199927177654,-0.0032660996083164326,14.491105088130562,0.0083777760740673
2022-04-18,LMT,-0.010459014996881994,-0.0037221109753308988,-0.014981660295710445,-0.0004705159943392477,14.309536453217087,0.0069867378423514
2022-04-19,LMT,-0.009704448956462186,0.007451349886152105,-0.001482313819512052,-0.016262047463981535,14.530419719542403,0.0087137056255819
2022-04-20,LMT,-0.005659287880639598,-0.030188234830819168,-0.01240120910436241,-0.013198229009774125,14.307887649233777,0.0069752275658401
2022-04-21,LMT,-0.010668095008711551,-0.011795353860726348,-0.03124858811658127,-0.03208197518455638,14.476961167883227,0.0082601154697297
2022-04-22,LMT,-0.03150203189040948,-0.01113766665248823,-0.0010487817680803907,0.014119205955067838,14.18824653029684,0.0061886920042355
2022-04-25,LMT,0.004774399686686727,-0.013575775377958496,-0.011747819578851555,-0.006526468902872811,14.22084299060477,0.0063937454487514
2022-04-26,LMT,0.009078233642975954,0.01672009622303254,0.022614835142538196,0.007199160391371709,14.180432105008213,0.006140519365503
2022-04-27,LMT,-0.0018135643323087488,-0.0007077382375252512,-0.008861766289152397,-0.0024913630814892684,13.832860179099386,0.0043376690186055
2022-04-28,LMT,0.006188339964102341,-0.006659301085478538,-0.003991848244756584,-0.007375832219121449,14.114726607629215,0.0057500225771942
2022-04-29,LMT,-0.010230231810744972,-0.008926001799794534,-0.016453733042442305,-0.02195011247889723,14.207215426726195,0.006307205221648
2022-05-02,LMT,-0.03393806480410289,-0.01704302614550226,-0.009877244514454077,-0.003036240624188362,14.149909933406699,0.005955928634785
2022-05-03,LMT,0.011065080403325059,0.000251338504197634,0.011223775419150749,0.009149877904122642,14.102192880832941,0.0056784030789017
2022-05-04,LMT,0.006082238827385936,0.018991380572786414,0.00907803796674752,0.02491880740648014,13.974734916317619,0.0049988704581983
2022-05-05,LMT,0.01973378766511503,0.003312817755868277,0.008517269927263371,-0.005827674057758469,13.984241005975692,0.0050466167903933
2022-05-06,LMT,-0.009489839846315325,0.004704280143425286,0.002959562212089335,0.014071792985325477,14.158959117642132,0.0060100695650418
2022-05-09,LMT,0.012379971012208895,-0.001780764093282396,-0.006362190660114785,-0.02384499086830534,14.118943678786822,0.0057743220498291
2022-05-10,LMT,-0.015987274807665444,-0.005093317508922813,0.0008690294158476139,0.0006607037058061215,13.793777087790152,0.004171409468998
2022-05-11,LMT,-0.00556177989963302,-0.0033877384289586316,-0.00201359156414502,0.002910485445991279,13.83354790257521,0.0043406531643677
2022-05-12,LMT,0.004014669359150124,-0.008281675531423557,-0.019122747706669663,-0.013303210031116924,14.144958898969225,0.0059265134837006
2022-05-13,LMT,-0.00891828521181575,-0.008213692857057652,0.0015162747876362103,0.0013337292500651353,13.924096765479671,0.0047520389730118
2022-05-16,LMT,-0.0008270200151296235,0.006058890721032535,0.007339169874653386,0.005454357169187187,13.820200542771897,0.0042831017818112
2022-05-17,LMT,0.010996716606139094,0.004192164790835716,-0.002084781615648001,0.0078538561393054,13.589990434839132,0.003402352475429
2022-05-18,LMT,0.002701930108784169,-0.0003393768362890594,0.004257347767342899,-0.015240427951557476,13.802325009433472,0.0042072192181442
2022-05-19,LMT,-0.023284779633563596,-0.02075356669211786,-0.032405757352693396,-0.020257585020650778,14.247163745260867,0.0065642680637334
2022-05-20,LMT,-0.006636765933799226,-0.011591360575458343,-0.0047813264506368315,-0.003459711732141766,14.305623752689963,0.0069594542239543
2022-05-23,LMT,-0.0013093269340852397,0.01771589437186555,0.02403242443552298,0.020719790270896613,13.85299996558035,0.0044259144718587
2022-05-24,LMT,0.012923859136461484,0.017430203904451946,0.012923859136461484,0.022266087586208894,13.849043008197064,0.004408435903823
2022-05-25,LMT,0.023914867042767393,0.011929076746958579,0.018987025979596613,0.010692773717156186,13.84720397350079,0.0044003360796114
2022-05-26,LMT,0.014594790359640597,0.012030774339785732,0.014554731849401814,0.0010048879227335561,13.94925530282759,0.0048731100296491
2022-05-27,LMT,0.002530204806374702,-0.00572037186914117,-0.0074195977801111215,0.005720401655412555,14.05121568133725,0.0053961881511065
2022-05-31,LMT,-0.011973892290915927,-0.00820056325257291,-0.007471406230360373,-0.017232502975322906,14.74732063933636,0.0108243492925221
2022-06-01,LMT,6.764239428142355e-05,-0.0025876735483686157,-0.004389183456849235,-0.001842211837416958,13.99699926803766,0.0051114153840865
2022-06-02,LMT,-0.0028706441744509917,-0.0029557354893293935,-0.013957425507925423,0.004111791672458251,14.006131744018864,0.0051583091032065
2022-06-03,LMT,-0.003992043639330578,0.009087650116734671,0.02005587243773466,0.003575511831765833,13.740788089353964,0.0039561246675832
2022-06-06,LMT,0.008644363180689445,-0.0012995747493972742,0.005450084678162697,0.0016251006114910336,13.444448325847754,0.0029415151084401
2022-06-07,LMT,-0.004109308916859202,0.02364200711696532,-0.0003625252901446576,0.028655503330689655,13.934182975780846,0.0048002116117442
2022-06-08,LMT,0.022372397418580957,-0.004455029928303092,0.003415217071745736,-0.028655503330689697,13.95666370607685,0.0049093460853327
2022-06-09,LMT,-0.019164877550757922,-0.024695551928130416,-0.02378440119556339,-0.024404117967035274,13.810599518526876,0.0042421763542155
2022-06-10,LMT,-0.028409261371420854,-0.02095975171629398,-0.01572992585803875,-0.005863812176756606,13.968833180761205,0.0049694553071139
2022-06-13,LMT,-0.01543168708528423,-0.01388673476172889,-0.009985109045214014,-0.014658636590353654,14.209578295428676,0.0063221259504589
2022-06-14,LMT,-0.0009192309824840336,-0.009853079676870581,-0.025006318394383793,-0.018474368604876317,14.219508590443061,0.0063852193180023
2022-06-15,LMT,-0.015328977308729905,-0.012239986363268491,-0.005463692903889781,-0.0049865127163430945,14.031992771752117,0.0052934482755798
2022-06-16,LMT,-0.017222768145891236,-0.01468957099229946,-0.0144109841260309,-0.02273897027796179,14.273125893188237,0.0067369222114027
2022-06-17,LMT,-0.016855560434889595,-0.018307190699525556,-0.020961677750905176,-0.001928941443037372,15.139158207346211,0.0160167629187251
2022-06-21,LMT,0.02067350373050609,0.03657038767614712,0.035715112702983096,0.03633590249938037,14.203762363579518,0.0062854635882378
2022-06-22,LMT,0.004987388649410277,-0.00019038282901542928,0.006773754953408283,-0.008413277047381349,13.886249504175135,0.0045755480665054
2022-06-23,LMT,0.0031588777458335005,-0.00992009657439738,-0.011258116108982088,-0.011694013601521912,13.804147239313862,0.0042148927358184
2022-06-24,LMT,0.0011307926063737173,0.0076817214114631195,0.00855888251855838,0.020298108488788276,14.385360087790426,0.0075370995822059
2022-06-27,LMT,0.007665993743466555,0.008805536066854733,0.016398538428402287,0.0005011542313037416,13.565767608549109,0.0033209279267751
2022-06-28,LMT,0.009405695359493276,0.010273284615572564,0.004493137103655793,0.0034762566715154835,13.767685977468846,0.0040639802215593
2022-06-29,LMT,0.00014175735146507867,-0.007394716718429119,-0.006987616108546949,-0.004335420109124826,13.505993153671538,0.0031282373718454
2022-06-30,LMT,-0.01164988632177262,0.013829134921790835,0.0010800373507624584,0.026083748343300885,14.054134467838258,0.0054119614929923
2022-07-01,LMT,0.027316354125912774,0.01072506357014112,0.018066639320736374,0.008245890047776339,14.075488130393008,0.005528769484255
2022-07-05,LMT,-0.011585364094341877,-0.021354746077391604,-0.041535875809696816,-0.04305711886820526,14.353640600096767,0.0073017783735307
2022-07-06,LMT,-0.0187485981548803,0.004896717346129558,0.019623967547271606,0.02530036374017803,13.859432702051125,0.0044544770098682
2022-07-07,LMT,0.018018473553558973,0.0003271180788412084,0.010229618169831539,-0.00872574837023557,13.978565193945704,0.0050180542523838
2022-07-08,LMT,0.0024942146787178105,-0.002409279349363182,0.0010007640651845688,-0.004367583133677973,13.432786403100184,0.0029074105854436
2022-07-11,LMT,-0.018116891111342938,-0.009341652196164004,-0.010989582622698434,-0.003049799450750717,13.309010565152567,0.0025689231947043
2022-07-12,LMT,0.003749944456537831,-0.007379285195589286,-0.00671507349121921,-0.012196105777852876,13.430584570580294,0.0029010159873818
2022-07-13,LMT,-0.02500812496177324,-0.005061936683898314,-0.011873542990150851,-0.01457476609167321,13.96004457412242,0.0049259720402935
2022-07-14,LMT,-0.014576096821649617,-0.030130782314841398,-0.025359982930514353,-0.01902791855933445,13.964534690905408,0.0049481399802412
2022-07-15,LMT,0.0012888616957607657,-0.004103435634409981,0.0007292839280423652,-0.004832899590256329,14.016981751124451,0.0052145815661506
2022-07-18,LMT,-0.009307207458146031,-0.009232207697492029,-0.027472269526004,-0.028258370974255348,14.83063289849152,0.011764781514148
2022-07-19,LMT,-0.054328375332143096,-0.023857323325634797,-0.03512912089323345,0.007972688199153187,14.922025207237887,0.0128906570795669
2022-07-20,LMT,0.030776271189641703,0.01753723957460801,0.03160884834315523,0.012321761644564043,14.260389309331458,0.0066516609039117
2022-07-21,LMT,0.009325323352274718,-0.004867307164778731,0.01024132538218092,-5.0409975538545654e-05,13.754699481266208,0.0040115445174523
2022-07-22,LMT,0.014176702466756027,0.016100205020885147,0.00975602925513881,-0.0011647875534170206,13.55336756901355,0.0032800024991794
2022-07-25,LMT,-0.014049955084874206,0.004368975098833264,0.00043207724554375504,0.012737168132850219,13.853096281403863,0.0044263407783961
2022-07-26,LMT,0.014624810354085725,-0.0018594794185293232,0.007441119851455571,-0.0075068956665435465,13.807882538457477,0.0042306660777042
2022-07-27,LMT,-0.005990097056189115,-0.00929909188581889,-0.00650159822501007,0.004350401696909402,13.639490306181719,0.0035750066230983
2022-07-28,LMT,0.0034130828948458584,0.018660162457282848,0.005416873227890353,0.01874232183307575,13.830005989724334,0.0043253061290193
2022-07-29,LMT,0.018222019057334008,0.017980309616048504,0.014684352954829083,0.018856759367070295,14.216633586206205,0.0063668881368917
2022-08-01,LMT,0.028496013234663334,0.03406243629415538,0.03577039668277039,0.01313193676211132,14.358939471027927,0.0073405722684391
2022-08-02,LMT,0.01605744970298913,0.010077533957703309,0.005887130508507508,0.02240514820112323,14.713189561140933,0.0104611361226103
2022-08-03,LMT,0.005303229200780005,-0.002498391264515867,0.001287510325735536,0.0012118268146293508,14.101066120996743,0.0056720084808399
2022-08-04,LMT,0.008018888877470131,0.006671199650887338,0.017129172440556974,-0.0027290425136460524,13.934538152169612,0.0048019168378941
2022-08-05,LMT,-0.01273429451766143,-0.015791884220207022,-0.017391443058415865,-0.004025639954465605,13.745625502885591,0.0039753084617686
2022-08-08,LMT,0.005253752047684226,0.003569954563436448,0.005111914243749353,-0.005997922640339279,13.610699190629077,0.003473545667184
2022-08-09,LMT,-0.0012875123162335463,0.005828613596442917,0.009488023447214756,0.011004048507303164,13.52435713400426,0.0031862150609393
2022-08-10,LMT,0.00728106209273211,0.0008563392494939044,0.0015022377770809129,0.00335453890253639,14.158604394751478,0.0060079380323545
2022-08-11,LMT,-0.0019318180407764643,0.000555062391818539,0.002015179622965968,-0.0026547034053607975,13.76348120327711,0.0040469279600611
2022-08-12,LMT,-0.0007924152874619605,0.004153338983870634,-2.3443644862975897e-05,0.012490120217073665,13.79326597151132,0.0041692779363107
2022-08-15,LMT,0.008774702350226087,0.012994083959137544,0.006230727162467295,0.008644481111898644,13.693231053325997,0.00377238654994
2022-08-16,LMT,0.00975165522563407,0.01136765697419509,0.016290522858257335,0.004896462386835147,13.654286084414426,0.0036282949402802
2022-08-17,LMT,-0.001809771136794105,0.0011004922137164406,-0.0044041152881412644,0.0032435323209502086,13.812005422146775,0.0042481446457399
2022-08-18,LMT,0.013165805241752386,-0.002044861229226721,0.0042895564957052415,-0.005085534892007126,13.672218542205222,0.0036939461470483
2022-08-19,LMT,-0.007792026225613493,-0.008266504807663545,-0.0019016572647582578,0.001546525500970263,13.829019894571058,0.0043210430636447
2022-08-22,LMT,6.857470142142539e-05,0.00163178184563344,-0.009678699411918325,-0.017653587517253908,13.898657059267691,0.0046326731425244
2022-08-23,LMT,-0.012806679449395907,-0.015770005550031843,-0.0035726051219223008,0.0018255843246511726,13.726898992264417,0.0039015574307889
2022-08-24,LMT,0.002445508668595996,0.0016549071829040263,0.001486337474059983,0.0013613477026928195,13.5146770499195,0.0031555209902425
2022-08-25,LMT,-0.0006454617446705436,0.00775478625955104,0.003451491510257255,0.011302896031507956,13.497508100006687,0.0031018063665232
2022-08-26,LMT,0.015307314071017326,0.008938167702914102,-0.003451560315074837,-0.0172693730429811,13.683350795653226,0.0037352978811814
2022-08-29,LMT,-0.029354894637542726,-0.02025895077417573,-0.010403376239076625,-0.003368951101095761,13.674063346320256,0.0037007670516476
2022-08-30,LMT,0.004153628207464887,-0.008168702163542513,-0.00580835128016098,-0.010692719940916499,13.791321343647727,0.0041611781120991
2022-08-31,LMT,-0.010015642512947247,-0.006559697188798699,-0.0028463585970412066,-0.005222976367205443,13.720431451460458,0.0038764053450791
2022-09-01,LMT,-0.009802750703757052,-0.002734988997595614,-0.005299644663860289,0.005933024864019669,13.762954361187942,0.0040447964273738
2022-09-02,LMT,0.016010229231963886,0.00496904107447458,-0.0005985314795816165,-0.009605555738467187,13.676019728834598,0.0037080142627843
2022-09-06,LMT,-0.014170839098781661,-0.005701172368514637,-0.004248029214954696,-0.0018892143519018305,13.777290384104576,0.0041032004230052
2022-09-07,LMT,-0.008773160284469061,-0.005614890034126442,-0.008501933296177499,0.00563314470030519,14.043204540345297,0.0053531311908235
2022-09-08,LMT,0.010108915875228825,0.00040392085970769045,0.006069955377518389,-0.0011669338525581794,13.92221107541854,0.0047430865357253
2022-09-09,LMT,0.0026657680217371253,0.006037643971241002,0.010194438591093227,0.004469866976798329,14.065958722257962,0.005476333780148
2022-09-12,LMT,0.0007366787904978195,-0.005040714922559179,-0.003634009651729971,-0.006879478017861782,14.115393644402486,0.0057538593360313
2022-09-13,LMT,-0.008779509591600593,-0.0016384038439703282,-0.0245872719409024,-0.02248976023491311,14.298677790563142,0.0069112815852218
2022-09-14,LMT,-0.01723308004723935,-0.005719956089290703,0.002304667180861115,0.01767668375876809,13.819603171783774,0.0042805439425865
2022-09-15,LMT,0.011248383503612172,-0.00856904171835734,0.005934013695914004,-0.007323322315855429,13.988792211007173,0.0050696373434159
2022-09-16,LMT,-0.008667337205255659,0.0022635570399311615,-0.0017543915016313741,0.0016912223186213548,14.520240894009243,0.0086254601723287
2022-09-19,LMT,0.006664547744719547,0.004487532170443802,0.006611955299538315,0.005368096965418889,13.452387728159122,0.0029649619680001
2022-09-20,LMT,0.004819188680173415,0.008986289949061275,-0.0009455076580261122,0.00970012805285197,13.921761577006242,0.004740955003038
2022-09-21,LMT,0.02841484456994975,0.02895462235232442,0.018478188356344755,-0.0009035648066585886,14.560491361907763,0.0089797209049539
2022-09-22,LMT,-0.019250195661600182,-0.021130657684920402,-0.01687876453753405,0.0044637971474267004,14.159030047123363,0.0060104958715792
2022-09-23,LMT,-0.00011896661984512237,-0.011151480159494008,-0.013210286253452528,-0.021577642638790535,14.443906394741516,0.007991542351133
2022-09-26,LMT,-0.019460116168757872,-0.018745635707339215,-0.0026286459709683367,-0.013208139158196464,14.004725798624095,0.0051510618920698
2022-09-27,LMT,-0.006066654599903267,-0.004595620198423069,-0.02022741716997779,-0.01959471042899733,13.866109561387622,0.00448431846749
2022-09-28,LMT,-0.029764223950332944,-0.020261548825331453,-0.018418034991007474,0.0006501128263972561,13.965223692147891,0.0049515504325408
2022-09-29,LMT,0.00447158450140451,-0.006687238108589641,-0.013410675099793486,-0.025856163074540094,13.935691604980649,0.004807458822881
2022-09-30,LMT,-0.04445982568879186,-0.024098260522258764,-0.011310594439840348,-0.00901982310692229,14.110938305076962,0.005728280943784
2022-10-03,LMT,0.021028226308013643,0.03262428991211266,0.019543038607013074,0.034225873355065085,14.057515901971692,0.0054302926741029
2022-10-04,LMT,0.033729538632064314,0.012360250755981315,0.02725440219095426,0.01580963395364548,13.87378040948403,0.0045188492970239
2022-10-05,LMT,0.007414611083648471,-0.0004413995048641075,0.002373251598736969,-0.008904027758538793,13.627252615649144,0.0035315233562779
2022-10-06,LMT,-0.011117598282024866,-0.010009130299554943,-0.006759620163531345,-0.007230861965706522,13.523420116248824,0.0031832309151771
2022-10-07,LMT,-0.007648297220925198,0.002647662896789157,-0.005213455091280286,0.010826820343290506,13.933027780517707,0.0047946696267573
2022-10-10,LMT,0.02240361162267213,0.0339154320439116,0.025282945153160274,0.014816802137235055,13.922121191898533,0.0047426602291878
2022-10-11,LMT,-0.004746312105268148,-0.005917609327910313,-0.0012070883683932485,0.0026065047083996314,13.829019894571058,0.0043210430636447
2022-10-12,LMT,0.003125764555290576,-0.017599216622592423,-0.021226497680883392,-0.033745512105049065,13.733976154932886,0.0039292673557235
2022-10-13,LMT,-0.0348315834995131,-0.0045346473018559085,-0.015018868414139942,0.021260888878109806,13.828131576779157,0.0043172063048076
2022-10-14,LMT,0.028421786243755305,-0.004111032072138935,-0.008006955512961387,-0.04162177388119008,14.129664878028418,0.0058365628042976
2022-10-17,LMT,-0.028421737733245713,-0.011836568537324073,0.01038134339944858,0.020084037115522275,14.29620743510127,0.0068942293237236
2022-10-18,LMT,0.025499057136761684,0.08352941466843423,0.023662755025925776,0.0833382975482451,15.339063949177326,0.0195610754711267
2022-10-19,LMT,0.07366675972836549,0.027315221482124837,0.06929170479207289,0.018628689097142853,14.780096474382798,0.0111850046232091
2022-10-20,LMT,0.012935303552388103,-0.005062295704072196,0.01750593856351924,0.009906239999892671,14.392854554168169,0.0075937983516874
2022-10-21,LMT,0.009283035284103142,0.020845216027845122,0.005010793513414241,0.02284985536314708,14.298060773586089,0.0069070185198473
2022-10-24,LMT,0.034030665925225585,0.024955880474923718,0.03441180599051105,0.006249498188830478,14.515435219426085,0.0085841084381956
2022-10-25,LMT,-0.011017122293361532,-0.005679072300099843,-0.007424937138582568,0.005863117519339721,14.245343673138608,0.0065523314806846
2022-10-26,LMT,0.017725528007769057,0.01520080951035088,0.018123527807358333,0.0052237704074387225,14.256729479030334,0.0066273614312767
2022-10-27,LMT,0.005200919941139051,0.007493474356286275,0.008520260460199776,0.02005437603093041,14.230068203383325,0.0064530020574576
2022-10-28,LMT,0.020073490409282572,0.035142179799353024,0.016868025813145025,0.027050061155672905,14.531055524891968,0.0087192476105689
2022-10-31,LMT,0.013516023726792253,-0.0059424652706328105,0.014983687223148839,0.0037261594604498013,14.068757229371602,0.0054916808154964
2022-11-01,LMT,0.0115470344548284,0.0059831956565461804,0.009218259224582,-0.00215990402935397,14.022281608366681,0.0052422914910852
2022-11-02,LMT,-0.003070326720031243,-0.004652860912748243,-0.004910018006662009,-0.007378428305890084,14.07154792669385,0.0055070278508448
2022-11-03,LMT,-0.009893043348308058,0.0022272587077956396,-0.006145396054392636,0.005709282620206172,14.071005900695853,0.0055040437050826
2022-11-04,LMT,0.011171903054065587,-0.007107304041688638,-0.012574811961539525,-0.006518481425304288,14.208296288088693,0.0063140261262473
2022-11-07,LMT,-0.005539328716149028,0.007086756412899732,0.017598109549948296,0.014346227062095313,13.758729602289794,0.0040277441658756
2022-11-08,LMT,0.013177566210518986,0.009546915152664542,0.012151418235304261,0.011172813486412282,14.015181572093326,0.0052052028223266
2022-11-09,LMT,0.001777998207340212,-0.004498022588445164,-0.0053548761105295046,-0.018258439820647697,14.139910936312205,0.0058966720260787
2022-11-10,LMT,-0.003047011160277355,-0.0024805608300833143,-0.009419722655633248,0.011455597684911932,14.286139616588276,0.0068251676646559
2022-11-11,LMT,-0.015521457593003976,-0.015158467347408071,-0.036276548949682394,-0.05639276274834896,14.93451386288533,0.0130526535637998
2022-11-14,LMT,-0.028248125889899865,-0.024796959983110396,-0.007028377393409552,-0.003931282538171841,14.6426207254985,0.0097483515919854
2022-11-15,LMT,-0.003236347901513797,0.006356982657615926,-0.002877765994181705,0.01121284754064802,15.001156751146045,0.0139521603578301
2022-11-16,LMT,-0.001288767097433382,-0.012136651879742203,0.007698793525960108,-0.002163872184521305,13.83785993952703,0.0043594106520157
2022-11-17,LMT,-0.0005159252126642617,0.01169457930610577,0.005767767587046991,0.013908536682836781,14.153339730674013,0.0059763913485828
2022-11-18,LMT,0.018389085420840365,0.012745471414363283,0.018164282450411566,0.008530142017466175,14.585758121803632,0.0092095001286422
2022-11-21,LMT,0.010208760218289946,0.00640519292729396,0.011482727284731967,0.008603355798002192,14.363921519925038,0.0073772346306602
2022-11-22,LMT,0.009319245600962383,0.0006197264883354381,0.002193158717098603,-0.0029986381782116747,13.639251785296295,0.0035741540100234
2022-11-23,LMT,-0.0066268914902083325,-0.0026260554429034977,-0.0011691093306097837,0.0032688985662829434,13.835510224670443,0.0043491792951168
2022-11-25,LMT,0.009376801077639852,0.0031214418768795655,0.005624159805689616,0.004955698647231235,12.680755933074881,0.0013705755179181
2022-11-28,LMT,-0.00868920866064773,0.0015262641862197513,-0.002953892228618933,-0.0005171378767290689,13.752571823152559,0.0040030183867032
2022-11-29,LMT,0.006208552575836123,-0.00028844375946336073,0.003618507435903024,0.0018402676513366294,13.595612982764838,0.0034215362696145
2022-11-30,LMT,-0.00022126870978054683,0.00796700681897346,-0.0021424752283327863,0.008465373860745903,14.200773639026796,0.0062667061005897
2022-12-01,LMT,0.013491812430091546,0.0042095709469799625,0.006135177722156184,-0.0030964329771891444,13.725149212454212,0.0038947365261896
2022-12-02,LMT,-0.009728196825237746,0.02219045988772891,0.002368799442593521,0.025595291315724394,14.371921788213598,0.0074364912393665
2022-12-05,LMT,0.018629651553506283,-0.007988359942800763,0.01342127820185696,-0.011267544674370368,14.120935048703023,0.0057858323263404
2022-12-06,LMT,0.0009162238793986399,-0.007421839021625169,-0.012612073284715761,-0.013687045417611352,13.889226524722492,0.004589189875704
2022-12-07,LMT,-0.014391190178421647,-0.004242567723733602,-0.0035734167659875146,-0.005801950052181447,13.815311538161147,0.0042622127614759
2022-12-08,LMT,0.0019803971004981047,-0.0008792143308786371,0.0022244869658882564,0.008649161312355828,13.543965579412639,0.0032493084284826
2022-12-09,LMT,0.0007829146228343119,0.003166050114557739,0.0034414071088742205,-0.003715240067594101,13.660494003375637,0.0036508891867653
2022-12-12,LMT,-0.001421858687039908,-0.00652665750552395,-0.001470441167383384,0.005650087016455637,13.937020860943793,0.0048138534209428
2022-12-13,LMT,0.01035944050751929,0.006546899948267328,-0.007969600608622918,-0.012622656312232477,14.36415264014845,0.0073789398568101
2022-12-14,LMT,-0.018143090726696426,-0.004291596403451454,0.0030663985941289684,0.010296329856643072,13.88485096905234,0.0045691534684436
2022-12-15,LMT,-0.0003949350112286718,-0.006513438744388673,-0.010510362658834654,-0.0132784636048337,13.880643589845308,0.0045499696742581
2022-12-16,LMT,-0.01122707633741821,-0.005146281657270392,-0.0030565459223146295,0.006246188893610579,14.76740045308918,0.0110438971593115
2022-12-19,LMT,0.01284732447475672,0.011065600202839213,0.013129339622677774,0.0,13.74261830805916,0.0039633718787199
2022-12-20,LMT,0.002280760299579521,0.007085936324070753,0.003930521241160575,0.009009003893176172,13.829710263265207,0.0043240272094069
2022-12-21,LMT,0.010301236357413073,-0.0017922965139807775,0.007999887870284533,0.003080655266466234,13.803742586202274,0.0042131875096686
2022-12-22,LMT,-0.002832587247145739,-0.007673540213124409,-0.024468713560519734,-0.01727124709465783,14.234681970720233,0.0064828435150795
2022-12-23,LMT,-0.014493085851024113,-0.00543781521920094,0.00926162127494738,0.008290145989979035,13.40241793417778,0.0028204440518028
2022-12-27,LMT,0.011405051810561938,0.010396478576878247,0.010687813611518207,0.004562437692386295,13.578269350018237,0.0033627059674457
2022-12-28,LMT,0.0023683612167802117,-0.0004906107300868616,-0.0012416881997514828,-0.004707202259288732,13.605161062558878,0.0034543618729985
2022-12-29,LMT,-0.004432452912161139,0.0011648263686686506,0.0008278194252425048,0.007894569207144497,13.546324377048325,0.0032569819461568
2022-12-30,LMT,0.008230515291788311,0.0004901022055941285,-0.0042714515654027705,-0.0011504196419128583,13.721200977393528,0.0038793894908412
2023-01-03,LMT,-0.009491538173578213,-0.01141619741226033,-0.015137590629171329,-0.01858928761807388,14.32064059261267,0.0070647519387057
2023-01-04,LMT,-0.02120001568481681,-0.009440362548970333,-0.009986236548977937,-0.0021592537389283737,14.145749838581956,0.0059312028556126
2023-01-05,LMT,0.00514265378899729,-0.0032572695001264404,0.0012777535116844834,0.001195580084998105,14.006214385163787,0.005158735409744
2023-01-06,LMT,0.009019666077010104,0.020411747451538773,-0.008828017782904688,-0.008060658375961363,14.493138434686488,0.0083948283355655
2023-01-09,LMT,-0.02576658684802171,-0.035903231461796435,-0.022735389412293625,-0.03057421517284993,14.681350167040602,0.0101333063953074
2023-01-10,LMT,-0.012065212393766624,-0.011364629045529708,0.0035078930728125297,0.0071638896059604855,13.818905787643313,0.0042775597968243
2023-01-11,LMT,0.002571573484867926,0.00017194843454522017,0.009020413203898289,0.0015347585698271186,13.870378406015798,0.0045035022616755
2023-01-12,LMT,-0.0008204596324034276,0.0007085909592040967,-0.004020786223120421,-0.0027251467738873595,13.750012643422659,0.0039927870298043
2023-01-13,LMT,-0.03626610576209897,-0.026469963715782186,-0.03197432487860675,-0.02613230878498142,14.60786984137058,0.009415406186233
2023-01-17,LMT,0.008474679239506505,-0.00046285967743815937,0.004330356561402665,-0.005953143810868968,14.376896777759919,0.0074735799081251
2023-01-18,LMT,-0.006997489016358601,-0.01168872092294691,-0.013569170712259849,-0.013259541898865218,14.31331233847311,0.0070131688476736
2023-01-19,LMT,-0.009888606686035483,-0.005166934863382393,-0.003683161272699151,-0.004451610117520994,14.200705609548237,0.0062662797940523
2023-01-20,LMT,-0.003212437279049896,-0.005780152115846322,-0.0032169002074368463,0.008996215290040334,14.159100971573958,0.0060109221781167
2023-01-23,LMT,0.004002656262411381,0.00781882769121214,0.0073765770144647875,-0.004521841708553643,14.369166334550247,0.0074160285255687
2023-01-24,LMT,-0.002123675692627118,0.009200329383416122,-0.007216545101745665,0.017855322232096085,14.868079257171056,0.0122136822980882
2023-01-25,LMT,0.01309878533479697,0.010697432641220703,0.01620376270747631,0.010914543243934371,14.670989575521284,0.0100288612936309
2023-01-26,LMT,0.016273130207451313,0.017291142631723343,0.017802085944658933,0.012363783647978433,14.589731145613804,0.0092461624908633
2023-01-27,LMT,0.01202795275827231,0.006276626894844809,0.010150909074684213,-0.00045675339219795836,14.277797615907314,0.0067684688951744
2023-01-30,LMT,0.00247058750977438,4.287073215063763e-05,0.005341419345660119,0.0021516830150224873,14.311426178007723,0.0069999533450125
2023-01-31,LMT,0.0006058013261665777,-0.006923494337688672,-0.0019371167421960902,0.005780131182275294,14.539187428524977,0.0087904408023239
2023-02-01,LMT,0.0004975879690288908,0.0038762684295434576,0.0017197221703976362,-0.0021824483808804743,14.03263684178157,0.0052968587278794
2023-02-02,LMT,-0.008991630944488994,-0.010478691804095688,-0.012870724208151246,-0.011006944581620092,14.559683972254247,0.0089724736938172
2023-02-03,LMT,0.001961658436255701,0.004702060969578157,0.002244664373506683,0.004125510333345221,14.08010387470934,0.0055543478765023
2023-02-06,LMT,0.009340575450689977,0.015380309857849526,0.017021286973731238,0.02159140379256449,14.147329843521392,0.0059405815994366
2023-02-07,LMT,0.0191645801893507,0.006831021645736161,0.0008639965799281823,-0.0016428458686006573,14.104292775034981,0.0056903396619505
2023-02-08,LMT,-0.016170584814478212,-0.0034095920341013454,0.00036707414242657124,0.0028146372714084687,13.670485941982712,0.0036875515489865
2023-02-09,LMT,0.0159167484460237,0.006259849410617772,0.010477671397892347,0.0009365006402758397,13.591117476312084,0.0034061892342661
2023-02-10,LMT,-0.00010587716152654945,0.01572916699709142,0.008888114016744872,0.022589529795879356,14.177581616653049,0.0061230407974674
2023-02-13,LMT,0.02675686103123214,0.01573092290254874,0.01621071744948298,0.0023681705880909264,14.000412948207373,0.0051288939521221
2023-02-14,LMT,-0.005663234273289299,-0.00923554724327944,-0.0009168772432792982,-0.0008095131821828845,13.682665786704199,0.0037327400419567
2023-02-15,LMT,-0.0033635737927572157,-0.001547598029519425,-0.004722835476142849,-0.0022242862177899187,13.739817792226786,0.0039522879087461
2023-02-16,LMT,-0.007997271333190389,-0.013869658115226023,-0.023954497512848612,-0.019459334276138086,14.477941281458829,0.0082682152939414
2023-02-17,LMT,-0.010982404921868229,-0.004028239518300755,0.010118205820507698,0.009251609075644767,13.984578843531407,0.0050483220165431
2023-02-21,LMT,0.01831392783647689,0.014070168871592688,0.009217325073743458,0.007456789358147443,14.137159904931943,0.0058804723776554
2023-02-22,LMT,-0.0035441875885614607,-0.0015143539442269301,0.00476555821111197,0.0007092900971644801,13.710484430836816,0.0038380377567081
2023-02-23,LMT,0.0024821793092193456,0.0029436332915602284,-0.004071435046376129,-0.0009389556203677277,13.729299951181677,0.0039109361746129
2023-02-24,LMT,-0.0011255242674342884,-0.002673772430906695,0.003715356367847501,0.002751634291666179,13.824768570012154,0.0043027118825342
2023-02-27,LMT,0.0022291982546950133,0.004762436871678613,-0.00023046672792165093,-0.001896066656246407,13.954403427152533,0.0048982621153589
2023-02-28,LMT,-0.0010130369358360917,-0.00529634803053812,-0.005040907882650637,-0.004691044351174614,13.96004457412242,0.0049259720402935
2023-03-01,LMT,-0.00793434738842932,-0.002741310855137602,-0.001123950119869519,0.00014752696662537312,13.772290899677486,0.0040827377092073
2023-03-02,LMT,-0.0006130060836773977,0.004077758804816553,0.003558223519483254,0.008355692395248525,13.636026172590462,0.0035626437335121
2023-03-03,LMT,0.01243872200112499,0.0007719152939698245,0.007183956132512633,-0.0008783866807546866,13.874251995937868,0.0045209808297112
2023-03-06,LMT,-0.004352697998691819,0.004701756016156853,0.0009232312834122599,0.0047596447574251,13.716464508480792,0.0038610583097307
2023-03-07,LMT,0.009767170897938333,0.00680538453901147,0.002471672151214164,-0.003149678713260638,13.94469589515656,0.0048509420897014
2023-03-08,LMT,-0.0009558257213747452,0.00524298657543004,-0.0027024498494058933,0.0017533144283308631,14.040972220381622,0.0053411946077747
2023-03-09,LMT,0.004066189077487397,-0.009022647511619051,-0.004414958409748758,-0.007641223058925806,13.849912950864715,0.0044122726626601
2023-03-10,LMT,-0.015208135361144067,-0.0019884181559241343,-0.00040023829191351655,-0.0007356979751581967,14.104442598879876,0.0056911922750254
2023-03-13,LMT,-0.008104981875913863,-0.007074595702846316,-0.007659772698174411,0.0038410769298472974,14.346727459267303,0.007251474202111
2023-03-14,LMT,0.01768666836326388,0.0049367017601013065,0.008607798637050936,0.0032211801863014965,14.38162007308355,0.0075089633507339
2023-03-15,LMT,-0.011075301761285175,-0.012839959146325236,-0.021928809612195333,-0.011678591723726994,14.63674351817649,0.0096912265159665
2023-03-16,LMT,-0.00858416144774728,0.00612678295513854,0.006800242799111126,-0.00014798099352314058,14.305929984322287,0.0069615857566415
2023-03-17,LMT,0.0067297088345317215,-0.00656893945232861,-0.009559371285775248,-0.01569605650883808,15.691166989980436,0.0278169278754819
2023-03-20,LMT,-0.012522234508876113,0.005982960941331045,0.004135607693716838,0.02088075019573897,14.231190648370971,0.0064602492685944
2023-03-21,LMT,0.022490900162203026,0.003092981847407341,0.01300593192243218,-0.001977973271724318,13.88223512546044,0.0045572168853948
2023-03-22,LMT,-0.007188371457361011,-0.005188126679581827,-0.006342885465118723,-0.012419836698157929,14.047971368496956,0.0053787095830708
2023-03-23,LMT,-0.014427100801097558,-0.01228217361446096,-0.0038937778335311397,-0.0021348877891968518,13.971232288758715,0.0049813918901627
2023-03-24,LMT,-0.0015590764494192925,0.009972301186165627,0.0013922655393948094,0.014091240591703353,13.934182975780846,0.0048002116117442
2023-03-27,LMT,0.019492506682329293,0.00396548658676612,0.0111969181224426,-0.0024262778074617694,14.05688766308519,0.0054268822218032
2023-03-28,LMT,-0.006539666962342434,-0.0040915885872726135,-0.002649460580261367,-0.004127705397799706,13.888854881469717,0.0045874846495542
2023-03-29,LMT,-0.005797401355909212,-0.0027582118014854795,-0.001019363907756606,0.005816185621364244,13.952138027791602,0.0048871781453851
2023-03-30,LMT,0.006936050777213271,0.003157663496143444,0.0022284676977664367,-0.0021321416739579348,13.764534055498126,0.0040511910254356
2023-03-31,LMT,-0.0007378790250935923,-0.000946222236003126,-0.0014850653069356087,-0.0009514637480103741,14.158817243584913,0.0060092169519669
2023-04-03,LMT,-0.0025126781262729114,0.026059090457801828,0.0036449476654511355,0.02895912055680784,14.320338833536033,0.0070626204060184
2023-04-04,LMT,0.02626917464784809,0.005579759436475278,0.025066510813018892,0.003937772175016131,13.893490524264248,0.0046087999764269
2023-04-05,LMT,0.004950830471323025,0.006501075225555012,0.004692489727945332,0.0029636573944488514,14.082403781963624,0.0055671370726259
2023-04-06,LMT,0.0070855146888053454,0.006358522702009854,0.00405725678584868,0.0003673522756754429,13.90471211808419,0.0046608093739964
2023-04-10,LMT,0.0006101140831661783,0.0028932275522040724,0.0056280575176957445,0.013334495804022675,13.83961860948821,0.0043670841696899
2023-04-11,LMT,0.009330627273056589,-0.003356280407200085,-0.009726468189051613,-0.0180994455182559,14.017798944258763,0.0052188446315251
2023-04-12,LMT,-0.027739292208030866,-0.01113370212904574,-0.010983902005377263,0.0005328557839919516,13.915899636481385,0.0047132450781034
2023-04-13,LMT,0.008292072223981034,0.004590054912121103,0.008866810931527969,0.008243019442126097,13.720651376444932,0.003877257958154
2023-04-14,LMT,0.006388443523466083,-0.004081238432037998,-0.0017918903863787103,-0.008468400935564795,13.644960642726787,0.0035946167238213
2023-04-17,LMT,-0.0069021140687632885,0.001545146766105175,0.003005186392988961,0.0033755976175281464,14.068446670604011,0.0054899755893466
2023-04-18,LMT,0.025225308379600606,0.03167124242877228,0.02321928965273473,0.023753683709778303,14.756221084729631,0.0109211208765244
2023-04-19,LMT,0.005994051989143014,-0.009432270638603643,-0.0083074663895401,-0.012543158876943536,13.776978647531923,0.0041019215033928
2023-04-20,LMT,-0.01236712482651564,-0.015012997059366541,-0.009807510337258745,-0.009251909887571437,13.64103930673094,0.0035805486080852
2023-04-21,LMT,-0.009300309348333452,-0.00921886867457341,-0.017429073663453056,-0.01654462446139224,14.139404735705671,0.0058936878803165
2023-04-24,LMT,-0.018179786730499175,-0.015900815270125133,-0.00394016778268086,-0.0033834987760177275,13.7696770685211,0.0040720800457709
2023-04-25,LMT,-0.003509567510713555,-0.005412415911404625,-0.006622847964723074,-0.011165902399655255,13.64008635961052,0.0035771381557856
2023-04-26,LMT,-0.014141561812370751,-0.014599125545813711,-0.034136510775104996,-0.02979307049243823,14.267796272888912,0.0067011124622565
2023-04-27,LMT,-0.02586168291398994,-0.016208349953468343,0.003366794678668555,0.007295371840335751,14.215226504602535,0.0063579356996051
2023-04-28,LMT,0.006410086811612048,-0.0003645650871577552,0.0027069611488400483,-0.0011834560344384784,13.854732232655556,0.0044335879895329
2023-05-01,LMT,0.00047324569281902655,0.010499025332575669,0.004638918205790672,0.010665294586342472,14.237177701363002,0.0064990431635028
2023-05-02,LMT,0.00715644671835498,-0.005427825497216645,-0.015838935741790624,-0.02270866950620053,13.915809183847298,0.0047128187715659
2023-05-03,LMT,-0.021974092960863525,-0.019526424143249958,-0.010022664296983865,-0.012763853680537425,13.925889360929139,0.0047605651037609
2023-05-04,LMT,-0.009957853400070243,-0.011888418867325556,-0.014417979444951831,-0.002519454331398029,13.777498154510715,0.0041040530360801
2023-05-05,LMT,-0.00214039760536965,0.0067169393418031464,0.013069510905801003,0.007956322171920575,13.742940940397677,0.0039646507983323
2023-05-08,LMT,0.008359211655451896,0.0026217751544102166,-0.0044559741583645816,-0.010104913399292816,13.60268979288559,0.0034458357422494
2023-05-09,LMT,-0.00789547586493375,-0.009625056660930047,6.661100993130163e-05,0.0023920252165543308,13.343586686232465,0.0026593001806448
2023-05-10,LMT,-0.00019881964505803686,-0.0013669210818280455,-0.003093102181694148,0.0024524040182434385,13.65405106706319,0.0036274423272053
2023-05-11,LMT,-0.004936817430423137,-0.0023631496452890645,-0.0003787208667102729,-0.005443259191561147,13.37762710802551,0.0027513823927351
2023-05-12,LMT,0.004914763080590916,0.0036418879824951732,-0.0016513307454129784,0.0002217460279827688,13.453824507951147,0.0029692250333746
2023-05-15,LMT,-0.004448879284850803,-0.0011463325552006501,0.003611218073329432,0.0025035871970536393,13.412493949832024,0.0028490065898123
2023-05-16,LMT,0.002879719535783351,-0.002009233826606521,-0.003923797860335157,-0.009314735362643059,13.252515817794084,0.0024278157308067
2023-05-17,LMT,-0.004633702645246808,0.013108806646462407,0.00508020362108442,0.021149188818336027,13.912547427998826,0.0046974717362176
2023-05-18,LMT,0.011950521998937915,-0.0036497237219376465,-0.0012009151818755308,-0.0033952057957357482,14.191547541958803,0.0062091547180333
2023-05-19,LMT,0.003550935773471941,0.003344250608681883,0.00766967276619057,-0.002768499532436166,13.597480162161881,0.0034279308676763
2023-05-22,LMT,-0.0066517716848294274,-0.001965763581030017,-0.0028082523099867093,0.0005060197617171613,13.350297037805756,0.0026772050552179
2023-05-23,LMT,-0.004171783565485985,-0.0021231422205341887,-0.0035271638469228663,-0.004606888288757922,13.84234818543761,0.0043790207527386
2023-05-24,LMT,0.002496292190816766,0.0007446830882532969,0.0026187818431413355,0.00019881792671932512,13.663059599458618,0.0036602679305893
2023-05-25,LMT,-0.0038464485510194494,-0.011538963407208525,-0.025773709219807834,-0.02208797307812833,14.001990954782066,0.0051369937763338
2023-05-26,LMT,-0.01932165496635024,0.0005978615489654214,0.005443468646565268,0.01261135884761976,13.942584521196672,0.0048407107328025
2023-05-30,LMT,0.011718099699157589,-0.006038961817630932,0.004828822010613482,-0.001070949474515153,13.966772211427973,0.004959223950215
2023-05-31,LMT,-0.0010323752125373242,-0.0002528313981400631,0.003924244024466404,-0.002159752986840807,14.330428397183384,0.0071342399043108
2023-06-01,LMT,0.0022016699184601936,0.010817381696308997,0.0009476038010746894,0.012666844976591178,13.686199959528127,0.0037459555446178
2023-06-02,LMT,0.014525889803377469,0.012302498319632149,0.015973787255786243,0.010661851007377168,13.70368586109944,0.0038120330579233
2023-06-05,LMT,0.0088523058822726,0.0008762849369922626,0.004252453790462619,0.00044009810078206123,13.601327986871116,0.0034411463703374
2023-06-06,LMT,0.0008326712910294281,0.005632555124987484,0.004212301534635163,0.008627918702663998,13.613150770121756,0.0034820717979331
2023-06-07,LMT,0.0034986235277264404,0.009554907582520528,0.0013634881103365946,0.006779785940236483,13.702454955366793,0.0038073436860113
2023-06-08,LMT,0.008823217961936261,0.005740886718100132,0.014075895673282048,0.005227230372489034,13.668634520314564,0.0036807306443872
2023-06-09,LMT,0.006921419413995626,-0.0022107153926674557,-0.0023213356540000537,-0.003193570744545993,13.477378344343276,0.0030399919185922
2023-06-12,LMT,-0.0056023592348636,-0.005429538604938275,-0.004811854125308964,-0.006113428410889089,13.768839197544004,0.0040686695934713
2023-06-13,LMT,-0.014758627832888858,-0.012828463080162281,-0.027189768741324727,-0.01644339437897824,14.21180104094844,0.0063361940661949
2023-06-14,LMT,-0.010138767832687445,-0.007798900891813063,0.005992410905102938,0.0003977761770101599,13.75968173042083,0.0040315809247127
2023-06-15,LMT,0.005721197193520184,0.011163269836751769,0.01185626388946403,0.007484978556789736,13.70167086211362,0.0038043595402492
2023-06-16,LMT,0.00818237013451463,0.007084838368386971,0.005886800366347751,0.00703741349741655,14.311913269781181,0.0070033637973121
2023-06-20,LMT,0.003815826328598698,0.00025979314901193487,0.0019253462361957542,-0.001722094249339399,13.560361501169798,0.003303023052202
2023-06-21,LMT,0.00343282770586864,0.011366532474843791,0.0011579331480986628,0.016573026420499376,13.717788572092456,0.0038661739881801
2023-06-22,LMT,0.009626790995013589,-0.0024004122286683215,0.007590950007053565,-0.005616217379015227,13.442272049582616,0.0029351205103782
2023-06-23,LMT,-0.004305481802425636,-0.0013526011062273235,-0.007329012024790937,-0.008821103874190878,14.113984933443822,0.0057457595118196
2023-06-26,LMT,-0.016488345901858704,-0.02009668223632089,-0.025310621957944618,-0.014383747401158671,13.8127076334389,0.0042511287915021
2023-06-27,LMT,-0.006932761524481371,-0.001162540807483965,0.012768548457686995,0.0007726881305003452,13.416674926236116,0.002860943172861
2023-06-28,LMT,0.0017431285045511116,-0.00411268284206782,-0.011023893372174895,-0.00773147416578852,13.651697850720417,0.0036189161964562
2023-06-29,LMT,-0.008101838002163806,0.00827398134059845,0.00294563116488029,0.01715395723177526,13.43600701308552,0.0029167893292677
2023-06-30,LMT,0.020503312553270626,0.011171835957108096,0.017691201793835168,0.006406715731940922,13.79806018195456,0.0041893143435711
2023-07-03,LMT,0.001653398250630423,0.0014252649276531846,0.0016621930205438522,0.004767076644105657,12.862039629665835,0.0016429853953519
2023-07-05,LMT,0.003407219185680928,4.317805346008635e-05,0.003033317252618314,0.00038906737764738384,13.346308207608848,0.0026665473917815
2023-07-06,LMT,0.0030933585203531846,-0.0007556250694992905,0.0008712227837781159,-0.0024231419306372268,13.423801894596155,0.0028814058866589
2023-07-07,LMT,-0.006500489770151052,-0.0024001800446940306,-0.002703079566540006,-0.006367139971999889,13.368287079572873,0.0027258040004878
2023-07-10,LMT,-0.0032661224508523205,0.0015144008266394185,-0.00010911706925158336,0.003634137880884182,13.48478318795134,0.0030625861650773
2023-07-11,LMT,0.006023027607549389,0.009702044148752037,0.003791348552745661,0.012755318737906501,13.471894263220676,0.0030233659636314
2023-07-12,LMT,0.012774052993786878,0.0002569872371995077,0.002888546513939204,-0.009329361356024937,13.880456183723512,0.0045491170611832
2023-07-13,LMT,-0.013359385500523421,0.0004707911843755673,-0.0017146786616732473,0.009522503334909555,13.619131860907707,0.0035029608182684
2023-07-14,LMT,0.010787571363318321,-0.0019701549614745857,0.004400162562951446,-0.004448355370823681,13.746054364874729,0.0039770136879185
2023-07-17,LMT,0.000622085824665332,0.01588527901183905,0.007026007052323694,0.012116381604486637,14.450128326472042,0.0080414202160153
2023-07-18,LMT,0.017179801336592138,0.011557670708605665,-0.02465611478990507,-0.030834160211593437,14.954176866335455,0.0133118479385725
2023-07-19,LMT,-0.037304186865851074,-0.04308383126539404,-0.013675020178818017,-0.00923716256586379,14.577017542999863,0.0091293544996007
2023-07-20,LMT,-0.009608319535267841,-0.0023542006665421464,0.00864352040560907,0.009917263753354668,14.118426749717917,0.0057713379040669
2023-07-21,LMT,0.004804592502713026,-0.0027538260376242327,0.002982161756735652,-0.0027450577449627217,13.7475539351005,0.0039829819794428
2023-07-24,LMT,0.0026131469167630615,0.002208019271486966,0.001520932507644672,0.004475884239690355,13.7014467225006,0.0038035069271742
2023-07-25,LMT,-0.007859702448397662,-0.006990137555759628,-0.014687469697752125,-0.005818036896172857,14.004311908807242,0.0051489303593825
2023-07-26,LMT,0.004190733778962162,0.005022934598088563,0.009896732185583635,-0.0029549245080019025,14.094883958802663,0.0056370513447686
2023-07-27,LMT,-0.006248447928478338,-0.010181829878222269,-0.014601419827695623,-0.009251833098338923,14.2877622833472,0.0068362516346297
2023-07-28,LMT,-0.007782064215522626,-0.003919933924340985,0.002623916696120854,0.0008021469118555,13.966600272098061,0.0049583713371401
2023-07-31,LMT,0.0038095373303646523,-0.00208820171326411,-0.004174636988541683,-0.0058748360035057795,14.40662556666877,0.0076990960664388
2023-08-01,LMT,-0.0059771433275179415,0.007554133237018981,0.005092420186358069,0.010939857681042503,13.862299673752108,0.0044672662059918
2023-08-02,LMT,0.009462193640814605,2.2001156098149944e-05,0.002257395909065867,-0.006045629715232532,13.716464508480792,0.0038610583097307
2023-08-03,LMT,-0.008813599626275946,-0.0064869666523225825,-0.004318046385856559,-0.0014276227871187353,14.031187100427253,0.0052891852102052
2023-08-04,LMT,0.0028126483334936867,0.00019976188905421283,-0.0015035903794227388,-0.004923841244811989,13.64922099915854,0.0036099637591696
2023-08-07,LMT,-0.0028126044552814694,0.00039981126788067584,0.00217605664794434,0.009067781720751124,13.523554029695408,0.0031836572217145
2023-08-08,LMT,0.0037485826201640858,8.874458253342359e-05,0.002886344849034733,-0.000689524627743845,13.581812755974024,0.0033746425504944
2023-08-09,LMT,0.002402435846349431,0.007827009895106702,0.005392380847242129,0.007403501163102763,14.00753571550606,0.0051655563143432
2023-08-10,LMT,0.0042567665999799975,-0.00017627632406279792,-0.0016236304440073106,-0.006114043804521518,13.44256249354277,0.0029359731234531
2023-08-11,LMT,-0.001815742727309574,0.0002643693418618214,0.0028007206975722157,0.008848717049810679,13.445172700056359,0.0029436466411273
2023-08-14,LMT,0.007529474995991285,0.003341666005933257,-0.0019107710541164567,-0.008782056381158272,13.530891788804375,0.0032071040812746
2023-08-15,LMT,-0.01460272583081886,-0.012389617980132755,-0.014290180457207638,-0.014547228867131654,13.494342020090386,0.0030920013161617
2023-08-16,LMT,-0.011539519711118273,-0.006621826268828101,-0.002213211759246978,0.003488299549009275,13.619496890582589,0.0035042397378808
2023-08-17,LMT,0.008499394591369525,0.007110771897992619,0.009316781706238704,0.0034761736019480525,13.362640900279244,0.0027104569651394
2023-08-18,LMT,-0.002735370531189834,0.01137378553572342,-0.0023772810864155073,0.0075383394533479215,13.886994590597714,0.004578958518805
2023-08-21,LMT,0.009874220907818088,-0.005151966339142494,0.008094978905214982,0.003172253286494374,13.259514959229206,0.0024448679923049
2023-08-22,LMT,0.004214916008247967,0.00189666482611976,0.0032464765406463995,0.003206569560964361,13.417717444697477,0.0028639273186232
2023-08-23,LMT,0.006267040975835756,0.002200679731586091,0.0036119293082824033,0.0035921877594898943,13.857804428743023,0.0044472297987314
2023-08-24,LMT,-0.0029078931267044403,0.006092825299207168,0.0007739553524065133,-0.004453646724586808,13.455689240809164,0.0029747670183616
2023-08-25,LMT,0.004402742404901017,-0.005279753512878714,-0.007498688940824527,-0.0032313888316179754,13.573695014944509,0.0033473589320973
2023-08-28,LMT,-0.009822693486433803,-0.004248345303021588,0.002690927762876245,0.0027230951145736024,13.370786295963992,0.0027326249050871
2023-08-29,LMT,0.003343957236780878,-0.0001543672683818622,-0.012919836505185408,-0.008704226162514268,13.867819286623897,0.0044919919851642
2023-08-30,LMT,-0.006387599526476567,0.005851392985929968,0.008958769212474007,0.008903120661870297,13.683008349833369,0.0037340189615691
2023-08-31,LMT,0.00971903218206715,0.0015956853793465556,0.0058725913222880104,-0.002361427443590156,13.624714392902751,0.0035225709189913
2023-09-01,LMT,-0.0011097093481178578,-0.003821016357530674,-0.0008036824071050407,-0.00037927368658546574,13.412942748629595,0.0028502855094247
2023-09-05,LMT,-0.005165155681855324,-0.007909212029970733,-0.0061153603453312335,-0.006693688951292022,13.657687643730208,0.0036406578298664
2023-09-06,LMT,-0.01747325390290731,-0.01571402534508601,-0.04925538463312133,-0.048909253331652705,14.750819688138792,0.0108622905743556
2023-09-07,LMT,-0.03758658114360446,-0.031206529080055355,-0.003925967170842356,0.0047065296611562,13.994243182237504,0.0050973472683504
2023-09-08,LMT,0.005480219392420495,-0.00313734722777001,0.000592253500501434,-0.006713571445922538,13.965912218994502,0.0049549608848404
2023-09-11,LMT,-0.009687170255940935,-0.008737995021076347,-0.01366311798051977,-0.0057600141419054205,14.296887391437185,0.0068989186956356
2023-09-12,LMT,-0.0063676124949162876,-0.006217154219217309,-0.0013934260610882743,-0.006750293788776109,14.083781191595685,0.0055748105903001
2023-09-13,LMT,0.0006671027235575654,0.005080939437362919,0.006326904152796922,0.007534368764915739,13.786597577135181,0.0041415680113761
2023-09-14,LMT,0.002165351628105496,0.01038998919034625,0.0051234185774821075,0.011572167295559009,13.807882538457477,0.0042306660777042
2023-09-15,LMT,0.007529883519741022,0.00518974941718326,0.007057945123063858,-0.0043297571178430045,14.333411691172081,0.0071555552311836
2023-09-18,LMT,0.00880724718254017,0.005974414789633139,0.006797509999195753,0.013608124627558666,13.765480675661774,0.0040550277842727
2023-09-19,LMT,0.006037925828006673,-0.0008580140067980764,-0.003616503996749953,-0.010641244483568955,13.667359676628946,0.0036760412724752
2023-09-20,LMT,-0.007699442694594051,-0.0005335872753839606,0.0037806359513685153,0.0038486833397032745,13.85866678604041,0.0044510665575685
2023-09-21,LMT,-0.0028615419661815484,-0.009889774605377008,-0.022469124155677693,-0.022286541736864063,14.327975437416205,0.0071167613362752
2023-09-22,LMT,-0.023264339377111462,-0.02158566431352926,-0.009537390125949936,-0.009360173684889044,14.189348078703201,0.0061955129088347
2023-09-25,LMT,-0.00653671699439506,-0.008539378514196116,-0.004171077669858263,-0.0018148300681938249,13.525560582429978,0.0031900518197764
2023-09-26,LMT,-0.006311745132554265,-0.0064952741574254265,-0.00917906087470727,-0.010101653384722251,13.918068048816036,0.0047234764350023
2023-09-27,LMT,-0.00353750287099261,-0.0030928110874235653,-0.004991036367630654,-7.345858530694262e-05,14.091399109431135,0.0056174412440456
2023-09-28,LMT,0.001758095410015613,0.006951379181602194,0.007611731688724718,0.005465559275144617,13.616694918598899,0.0034944346875193
2023-09-29,LMT,0.0025826794811625196,-0.003420954507225712,-0.0030131943464659396,-0.004878507776807793,13.546062563015953,0.0032561293330819
2023-10-02,LMT,-0.004878496519948318,-0.0011186381896429144,-0.004179497193430507,-0.0027913743171665865,13.505175158831099,0.0031256795326207
2023-10-03,LMT,-0.003846367773193142,-0.008527957323607277,-0.008163588235387665,-0.009831984938646591,13.709261870220589,0.0038333483847961
2023-10-04,LMT,-0.01665778257853506,-0.013588829586722919,-0.013705367270051116,-0.006209951537743733,14.033360925063471,0.0053006954867165
2023-10-05,LMT,0.0007484224121568628,-0.0014189663700244206,-0.006290050829011483,-0.009966509804185026,13.966342307659609,0.0049570924175277
2023-10-06,LMT,-0.013963768342816266,0.0024631857209957333,-0.0021563228140273143,0.00847037824140747,13.942144089954521,0.0048385792001152
2023-10-09,LMT,0.08090612691237353,0.08152109956699954,0.07252681427035654,0.08556918158795765,15.491429042034524,0.0227805424419875
2023-10-10,LMT,0.02941927500938768,0.013694153792183783,0.021357919408985796,-0.0032811860944130834,14.78104887318528,0.0111956622866455
2023-10-11,LMT,-0.015521131779069252,-0.008667888527552235,0.0017786292508106764,0.0035560551103605534,14.16581595936832,0.0060514212991749
2023-10-12,LMT,0.0076308289963653774,0.0006606407673585867,-0.007389398467954412,-0.0057649021759946335,13.930535125877698,0.0047827330437086
2023-10-13,LMT,0.0010952433968705489,0.009136260495946834,0.010546250426434332,0.015813871512612866,14.233760918629496,0.0064768752235551
2023-10-16,LMT,0.0020275344966137437,0.0008572491942030065,-0.0006443214234929876,-0.0014747453921869524,14.473704427046505,0.0082332581578701
2023-10-17,LMT,-0.006530038893854339,0.020730508868147517,0.0017019163258009135,0.0016333580261092648,14.948170265446715,0.0132321286160684
2023-10-18,LMT,0.015343547705833361,-0.01088069053884542,0.011743372801565144,0.011136350055903967,14.520636209330242,0.0086288706246284
2023-10-19,LMT,0.0007891002047824395,0.003966193723426409,0.004351392071382823,0.006947657881953429,14.514839094518278,0.0085789927597461
2023-10-20,LMT,0.01722898174209525,0.006494838272873221,0.004107549068087472,-0.011216177844685595,14.35469095845303,0.0073094518912049
2023-10-23,LMT,-0.01599000835994876,-0.0011938589579431943,-0.0011718963919826306,0.004470216766258166,14.222575053037618,0.0064048294187252
2023-10-24,LMT,0.011014971305293959,-0.003212734452656363,-0.007128097436445317,-0.011859575112538297,14.128202997395203,0.0058280366735485
2023-10-25,LMT,-0.010722254901953481,-0.0027332148398547503,0.007556525083420831,0.015283062736561773,14.021630832008219,0.0052388810387855
2023-10-26,LMT,0.008225459926800004,0.0037979136147125924,-8.855812198223662e-08,-0.0038494347020525594,14.174583324826507,0.0061047096163568
2023-10-27,LMT,-0.010298024851996435,-0.007632726030588486,-0.007783436696623813,-0.005801792861234656,14.068912472595352,0.0054925334285713
2023-10-30,LMT,0.002252593013110308,-0.0017887762294582458,0.005798096689720068,0.0055102920736823284,13.762954361187942,0.0040447964273738
2023-10-31,LMT,0.006459399112190232,0.018337796917165985,0.005877048686421544,0.019545801592583217,14.165252222170485,0.0060480108468753
2023-11-01,LMT,0.019986776137451482,0.0034437004827306897,0.013491598625731765,-0.0049833270957778866,14.052163248568947,0.0054013038295559
2023-11-02,LMT,-0.012303417661972352,0.0033225966935023477,-0.0015739715238275997,0.012433912627971217,14.032234346628217,0.0052947271951921
2023-11-03,LMT,0.009626228661190065,-0.0010043951997444262,0.0008426700015357128,-0.010314172485086882,14.126958716352163,0.0058207894624117
2023-11-06,LMT,-0.0005933184066248454,-0.0063992532546226005,-0.0010866333597583382,-0.004820239193751019,14.180709766902499,0.0061422245916529
2023-11-07,LMT,-0.0037005190784620548,-0.0037005190784620548,-0.0021104556406523435,-0.0022412953530991215,14.01444420016804,0.0052013660634895
2023-11-08,LMT,-0.006664414461129558,-0.00307208500833944,-0.012666326313727048,-0.012270882938769632,14.142221738675829,0.0059103138352773
2023-11-09,LMT,-0.010585599292849248,-0.013729046127343885,-0.009844918851308502,-0.004959874676647524,14.389593194586748,0.007569072572515
2023-11-10,LMT,-0.003148084023653389,0.0004936099828561099,0.002929699557335826,0.005432071912702126,14.237767884277813,0.0065028799223399
2023-11-13,LMT,0.0022271823941690284,0.0061270850595907846,0.005247360918614425,0.00035960612520537515,13.819304352416859,0.0042792650229741
2023-11-14,LMT,-0.004504469284069197,-0.004110308756438305,-0.003231103177485017,-0.001821712085902824,14.105790004318099,0.0056988657926996
2023-11-15,LMT,0.0010602311314299687,0.0028610082344365717,0.003636944505445875,0.0020687770838497504,13.909366043850634,0.0046825510074066
2023-11-16,LMT,0.0052403366874000925,-0.0007590899644248923,0.0001804505633251683,0.0010104677433078323,13.724382719962803,0.0038917523804274
2023-11-17,LMT,0.001882480069991616,-0.0009834157632789694,0.0015093703533271112,-0.002044392755953475,13.708594388459776,0.0038307905455714
2023-11-20,LMT,-0.005860813090553986,-0.00367379400339572,-0.00781941044196764,-0.0019583727381999637,13.797347605666022,0.0041863301978089
2023-11-21,LMT,0.0021821842560989344,0.006665550023398577,0.007684361405419676,0.00973147382593686,13.97915969853283,0.005021038398146
2023-11-22,LMT,0.005602201764656575,0.00695345444472102,0.007491617807489056,0.005008025306133144,13.633750043756491,0.0035545439093005
2023-11-24,LMT,0.009319634150781788,0.001968423246665383,0.004993141212547182,0.003568324444740768,12.69649452136317,0.0013923171513283
2023-11-27,LMT,0.0003762527815738026,0.0005301162504539276,-0.009629527905089842,-0.014529549946126548,14.218907528950401,0.0063813825591652
2023-11-28,LMT,-0.008891768686326192,-0.004315564550607442,0.0012788060895776463,0.00622087225944436,13.93320558974843,0.0047955222398322
2023-11-29,LMT,0.0037443138947250883,-0.0029762747760485814,-0.0046969965488885095,-0.00729882113278466,14.056809105465884,0.0054264559152658
2023-11-30,LMT,-0.007551479803343727,0.003359401020579063,0.003944844575528747,0.013286514298709393,14.230596569733134,0.0064564125097573
2023-12-01,LMT,0.012115889231215775,0.006232513873131342,0.012664880742723731,0.0036559180429302797,13.66072751156875,0.0036517417998402
2023-12-04,LMT,-0.0022997280018113,0.0006654095543572047,-0.004562490857020031,0.0028440953971165203,14.051136676856865,0.005395761844569
2023-12-05,LMT,0.006505905414160358,-0.0007097491356818813,-0.00047077900320015845,-0.00992279656751391,13.869715559216136,0.0045005181159133
2023-12-06,LMT,-0.01069460808772458,-0.0004439552218808324,-0.0008974674129276113,0.007078701170397481,13.669444939102284,0.0036837147901494
2023-12-07,LMT,0.010983199248583141,0.002106790575071544,0.0017716727017372065,-0.005131067420565882,13.665967081988889,0.0036709255940257
2023-12-08,LMT,-0.004115702422207492,-0.0019070317466489235,0.0026181918165968836,0.002033279911269947,13.542521348142413,0.0032446190565706
2023-12-11,LMT,0.007351884470179145,0.006041246281933945,0.00457097044424702,0.00720581921582196,13.836881562556682,0.0043551475866411
2023-12-12,LMT,-0.0004427288823765965,0.0010804432551985656,0.0019113254672112102,0.0008195711351417204,13.823678112496868,0.0042980225106221
2023-12-13,LMT,0.0028078721018618314,0.0009692818187834262,0.00028867006928052493,-0.00042074295497196673,14.07810633409241,0.0055432639065285
2023-12-14,LMT,-0.005401448817022683,-0.00733655307609461,-0.02031593483764974,-0.013761637785091574,14.452616876461185,0.0080614566232757
2023-12-15,LMT,-0.021335422628463677,-0.014116533714695515,-0.006203534982252225,-0.007800897230545662,15.195132960989698,0.0169388639592404
2023-12-18,LMT,0.0038700875814653172,0.006077649911299308,0.008082001597353047,0.011477374559879476,13.995580414917148,0.0051041681729497
2023-12-19,LMT,0.011163664999094899,0.002969117991791866,0.008734572923610706,0.001967050070327912,13.451668563394815,0.0029628304353128
2023-12-20,LMT,0.0008038533069908442,-8.919610100012189e-05,-0.008056548880733027,-0.011657954984305661,14.083092723936797,0.005570973831463
2023-12-21,LMT,-0.00851758863761262,-0.0010036857507633415,0.003721287008839886,0.01217141797374381,13.364840426382775,0.0027164252566638
2023-12-22,LMT,0.012882577708086292,0.008090265953614142,0.008718697236902996,0.0004462661714867685,13.34326601975652,0.0026584475675699
2023-12-26,LMT,-0.004119521072870667,-0.0006642148958767389,-0.000647245474982395,0.004363377992752746,13.155606645792435,0.0022035784921053
2023-12-27,LMT,0.0008921722184400521,-0.0009307933987561523,0.0013166439258303928,-0.002691387820417799,13.45869417545215,0.0029837194556481
2023-12-28,LMT,0.0009358797360478539,0.0017942505574887403,0.0001114091015121932,0.005021076041349684,13.516836292108975,0.0031623418948418
2023-12-29,LMT,0.006726078085418639,0.0036892677192200594,0.005980363957593654,0.004444524620706816,13.632069574846401,0.0035485756177761
2024-01-02,LMT,0.005075599226306001,0.018677847522729853,0.006957914146822176,0.0063341902811013765,14.003234992890643,0.0051433883743956
2024-01-03,LMT,0.009834989967153814,0.0044271036931437914,0.00769662786103353,0.006555809290381562,13.97618363492396,0.005006117669335
2024-01-04,LMT,0.007642949651436825,-0.0003233444385619592,-8.749412526246435e-05,-0.0027264119511246077,13.89957685245267,0.0046369362078989
2024-01-05,LMT,-0.004922184063814668,-0.008311243023890748,-0.009878888797752106,-0.0029965787368139707,13.466379941031647,0.0030067400086707
2024-01-08,LMT,-0.01231358472891148,-0.003090959743472265,0.0005734604473790565,0.004589677501483952,13.481436842589853,0.0030523548081784
2024-01-09,LMT,0.009069456356148661,-0.00017443396849874774,-0.0005734384054740235,-0.005049764480968085,13.504765910355635,0.0031244006130083
2024-01-10,LMT,-0.005137992764494429,0.002286930994838553,0.0033258136807214228,-0.001952469775368779,13.40919658967623,0.0028396278459883
2024-01-11,LMT,0.0007887297170946312,-0.004054767425472038,-0.011989521781359171,-0.0049971239761471215,13.573185461442469,0.0033456537059475
2024-01-12,LMT,0.001772630679347542,0.012115152397951912,0.015830167896496515,0.02193673171947066,13.78040241658295,0.0041159896191288
2024-01-16,LMT,0.019272123561749704,0.006217341870288457,-0.00037251068857123513,-0.011595999219937574,13.610821912451993,0.0034739719737215
2024-01-17,LMT,-0.01861646972362027,-0.007491493513363678,-0.002808799003791002,-0.0029968445067797044,13.732999222401384,0.0039254305968864
2024-01-18,LMT,-0.003436272817696484,-0.00609031196615137,-0.003389650976005528,0.006768362311728291,13.567435021662407,0.003326469911762
2024-01-19,LMT,0.009731064497259977,0.0018896160525685133,0.005321606785706442,-0.003946208464242052,13.670254701643191,0.0036866989359115
2024-01-22,LMT,-0.006469628343340037,-4.3513346353418034e-05,-0.0011411495783519312,0.0021820961943662207,14.011735841754627,0.0051872979477535
2024-01-23,LMT,0.002183088881299938,-0.003978861377742817,-0.04847279963618008,-0.042502631868513795,15.100187666445137,0.0154045867309395
2024-01-24,LMT,-0.042473435320551534,-0.03502912305035837,-0.005407805101109854,-0.018409491486346116,14.385869007754522,0.007540936341043
2024-01-25,LMT,-0.021897963542920222,-0.021114856534411763,-0.013531005716147718,-0.0014141223753640765,14.410990332644216,0.0077327742828978
2024-01-26,LMT,0.004570858233725612,-0.0011990928491493482,0.002252208727653775,-0.0026250973652625536,14.047019818945774,0.0053735939046213
2024-01-29,LMT,-0.002247973828389667,-0.0032121580311228076,-0.00267506124969842,-0.004429230080325377,14.459100305078984,0.0081138923273826
2024-01-30,LMT,0.0006262075079037442,-0.000416728587963415,0.005179556856399965,0.008537952445654062,13.831778514292282,0.0043329796466935
2024-01-31,LMT,0.0025011566954880778,0.004320863338174764,0.0029877374939043556,-0.005272358262188775,13.928929417776862,0.0047750595260344
2024-02-01,LMT,-0.004915472260237495,-0.004506141487684251,-0.005515532478182329,0.0008379866091609462,13.976779556623864,0.0050091018150972
2024-02-02,LMT,-0.004869681841018754,-0.00666922232953621,-0.005451913029292266,-0.008881218191050401,13.788551403707858,0.0041496678355878
2024-02-05,LMT,-0.009716875407203479,-0.010618124113039149,-0.010779507856965612,-0.01007478594632679,14.137304884892343,0.0058813249907303
2024-02-06,LMT,-0.004775490193718297,0.010897827029939756,0.0012616361544042203,0.012372768700222043,13.879143356558988,0.0045431487696588
2024-02-07,LMT,0.010748175905717765,0.0029558598390880286,0.014594669338854135,0.0073507673220866935,13.796022901059713,0.004180788212822
2024-02-08,LMT,0.006589681952216076,-0.0012556181666808731,-0.0019006434790303436,-0.007233583348878046,13.787317852187902,0.0041445521571383
2024-02-09,LMT,-0.004271307403549263,-0.004851814865993484,-0.0029641057184880888,-0.0011717184467646344,13.853385173226478,0.0044276196980085
2024-02-12,LMT,-0.0018261827389360193,0.0067114453276534815,0.003597925602069717,0.003674297873220827,13.82268575456325,0.0042937594452476
2024-02-13,LMT,0.006050816219257267,0.003130673642372605,-0.006499934709412044,-0.0036274767310477576,13.901046764090863,0.0046437571124982
2024-02-14,LMT,-0.003873804487320582,-0.007903230253188743,-0.022266522540487436,-0.019723255305223227,14.733320535200543,0.0106738630848004
2024-02-15,LMT,-0.021507396875743455,-0.012091623625538811,0.01119508751127222,0.01171977458168796,13.943640765414012,0.0048458264112519
2024-02-16,LMT,0.010787851830644124,0.004266337868908541,0.009416173707778992,0.002242773094067164,13.599219723063324,0.0034338991592007
2024-02-20,LMT,0.0048803162512915665,0.007334976780819135,0.0029066900811042322,0.0004714637877417739,14.125859534106281,0.0058143948643499
2024-02-21,LMT,0.0023960623158751394,-0.00016343771661283838,0.0014149088105759931,0.007701226328240028,13.785052381406869,0.0041351734133143
2024-02-22,LMT,-0.0026312034406558095,0.0029381715511985736,-0.0012732484841705297,0.0031293543627365795,14.02811961583557,0.0052729855617819
2024-02-23,LMT,0.00885285360296904,0.004529980325973865,0.010257929791467736,0.005185877234842625,13.64377398207568,0.0035903536584467
2024-02-26,LMT,0.006113626624516052,0.002361432808107994,-0.0032983482491879654,-0.0045101205988636916,13.795920927982555,0.0041803619062845
2024-02-27,LMT,-0.006556848379772642,-0.0028251656604418194,-0.0006797826802479188,0.002908257106332882,13.695601388686796,0.0037813389872266
2024-02-28,LMT,0.00743718498818285,0.00875047041581635,0.010124520613483314,0.004751520489162802,13.844390489048232,0.0043879731900252
2024-02-29,LMT,0.0013882702385760418,-0.0025538756718723743,-0.0003319285783955216,-0.0025421139416039133,14.223040865412827,0.0064078135644874
2024-03-01,LMT,-0.003336280167226388,-0.004280726771922199,-0.008361135074938884,-0.004165174031052508,13.872458783049447,0.0045128810054995
2024-03-04,LMT,0.0015645842276231674,0.011520885219055029,0.006933474753466014,0.012768130540798915,14.056023189664598,0.0054221928498912
2024-03-05,LMT,0.011991042816352368,0.004897083274655375,0.00655988855041879,9.251238411027093e-05,13.852807306098644,0.0044250618587838
2024-03-06,LMT,-0.0040658592140385835,-0.005058478463848884,0.0026956313309940273,0.0034664462933751356,13.561006620029513,0.0033051545848892
2024-03-07,LMT,0.0046652546623733035,0.0040718377687827935,-0.0033472521695737693,-0.008083717636763056,13.897828521432986,0.0046288363836873
2024-03-08,LMT,-0.012753883434408503,-0.00598696993401009,-0.0044572527259345495,0.006744723085011888,13.544752463667164,0.0032518662677074
2024-03-11,LMT,0.013467905587322738,0.006973722742940318,0.011695577247938056,0.0042644972980327,13.765270393051685,0.0040541751711978
2024-03-12,LMT,-0.003205575876679484,-0.0005276763261697485,-0.0005780692119328404,0.000367967209335745,13.623261082066007,0.0035174552405419
2024-03-13,LMT,0.0064238380608295275,0.004601794504867883,0.003209751885554744,-0.0007130820012540745,13.80252764347405,0.0042080718312191
2024-03-14,LMT,0.0014906727490987832,-0.0004113131637059859,-0.001014972741842416,0.002688454556330077,13.958398912364041,0.0049178722160818
2024-03-15,LMT,-0.007383419342729215,0.0013702223107781796,-0.0003461627564134672,0.00011483843366096849,15.45475986209574,0.0219603286639239
2024-03-18,LMT,0.006145188398658193,-0.004849660594104421,-0.0033995864231090816,-0.006029855799372573,13.780195248783544,0.0041151370060539
2024-03-19,LMT,-0.0013087403768356066,0.0027479862829775975,0.005313931201164115,0.009168357341697322,13.708705666364217,0.0038312168521088
2024-03-20,LMT,0.004081288597193642,0.008357566319613255,0.005927369294866215,0.007338258152060967,13.647093089770562,0.0036022902414954
2024-03-21,LMT,0.00985905321587293,0.006622725255559649,0.006325048535137479,0.006224824652518604,13.72350600853866,0.0038883419281278
2024-03-22,LMT,0.007089197047670913,0.005302493972331327,0.009830242432468654,0.006118959424847265,13.823082815917424,0.0042954646713974
2024-03-25,LMT,0.007530530599958708,0.005140732381876044,0.00256608078232821,0.000963838579539424,13.560619598657233,0.0033038756652769
2024-03-26,LMT,-0.003041178213330473,0.00015613490411596972,0.0023578216728684666,-0.0007171916803619375,13.549852173837253,0.0032684922226681
2024-03-27,LMT,0.00308590769994448,0.01874779447025202,0.004475640048415855,0.023905321248690842,14.060572927235444,0.0054469186290636
2024-03-28,LMT,0.019720321974663554,4.064983800213915e-08,0.013506476489241357,-0.004190178117318635,13.928393608276465,0.0047725016868097
2024-04-01,LMT,-0.005840130560256036,-0.003835799116884714,-0.006032110306361085,-0.0045832441412970056,13.482971974375342,0.0030570441800904
2024-04-02,LMT,-0.0011235983924622352,0.000724532247963499,0.002965373347747747,0.0009933601104019502,13.638655234060506,0.0035720224773361
2024-04-03,LMT,-0.0015663334866215988,-0.0033852066392296735,-0.011042693033052688,-0.011851759402755953,13.539231226453836,0.0032339613931342
2024-04-04,LMT,-0.005890355021391161,0.004021415178281471,-0.0009835627979615188,0.013615307810395811,14.150768486182802,0.0059610443132344
2024-04-05,LMT,0.004763578595039841,-0.0008996371977137704,0.0060200498405834765,0.002946864797563599,13.700661837989694,0.0038005227814121
2024-04-08,LMT,0.007904011307965477,0.003134050864940701,0.005365173121209362,-0.006609642340710118,13.529295409053859,0.0032019884028251
2024-04-09,LMT,-0.01616056516517341,-0.010868469129198715,-0.013556867924560522,-0.010689566185979637,13.644486147432588,0.0035929114976714
2024-04-10,LMT,-0.00895483274559058,0.0012158693103297019,-0.0075139357680211825,0.009207378798379875,14.036813215873504,0.0053190266678271
2024-04-11,LMT,0.015197944565233464,0.002515577815540302,0.013703014827532682,0.001349535443811971,13.756610510713895,0.0040192180351265
2024-04-12,LMT,0.005763999362545598,0.009279098482504624,0.002580359670476377,-0.004253901829214244,14.038734906014339,0.005329258024726
2024-04-15,LMT,0.0106890571548344,0.0028781080126276132,0.0033713888425156782,0.0059326997072364305,14.708369292338864,0.0104108319511906
2024-04-16,LMT,-0.00936863724172062,-0.0009802616943542825,0.004418557699613719,0.0027110288328284814,14.188659753158628,0.0061912498434602
2024-04-17,LMT,0.004388766162749172,-0.003514973738036007,-0.004197214989245211,0.003822649852597055,13.650990804623376,0.0036163583572315
2024-04-18,LMT,-0.004102793570291893,0.0017700291894754633,0.005607133380773223,8.782775026769115e-05,13.479899350551,0.0030476654362664
2024-04-19,LMT,0.006486601734714175,0.01583286789953691,0.00660410291683961,0.016914101184987238,14.143014845323188,0.0059150032071893
2024-04-22,LMT,0.01609955200716438,0.008942244399935515,0.006821515026052292,-0.005490734798346087,14.414841991498761,0.0077626157405196
2024-04-23,LMT,0.001889714031948958,0.008482912422838478,-0.005990828196870866,-0.002713216464387087,14.397447368003373,0.0076287554877587
2024-04-24,LMT,-0.007342712114143885,-0.021020181701290074,-0.0035021919646905184,-0.0020451599325941555,13.834235153412479,0.0043436373101298
2024-04-25,LMT,-0.01031889866658151,0.004110667887300584,0.003218068339157807,0.012208955497839756,13.74046476157546,0.0039548457479708
2024-04-26,LMT,0.012909000283746284,0.0008587607873179015,0.003578123623883961,-0.007537205551905756,13.662360543970586,0.0036577100913646
2024-04-29,LMT,-0.0041257733643001665,0.003534506252224111,0.006057748194321938,0.013479338335843978,13.765796016689938,0.0040563067038851
2024-04-30,LMT,0.01095723227293774,0.0007053801100483275,0.003586888393176804,-0.005619491403969267,13.475553656946257,0.0030344499336053
2024-05-01,LMT,-0.009616092064092268,-0.005528252135622884,-0.006622012026465389,-0.006906418865280993,13.810197468468239,0.0042404711280657
2024-05-02,LMT,-0.003269453087381618,-0.0038751838128418046,-0.0033929956963413633,0.003178553468387033,13.826847056356026,0.0043116643198207
2024-05-03,LMT,0.0039609383802610585,-0.001446233801294983,-0.003994815819245915,-0.002788825874358742,13.721969911611748,0.0038823736366034
2024-05-06,LMT,0.0004966355578913445,0.0012304459129375658,0.006562258870907968,0.0018816015348881727,13.58773253405286,0.0033946789577548
2024-05-07,LMT,0.0018120315683551947,0.007115986390747112,0.0064549272684271105,0.00839205971811191,13.491718980860252,0.0030839014919501
2024-05-08,LMT,0.007514834716400465,0.0025460167278675183,0.001337762787266613,-0.0011148133567108545,13.303018546545275,0.0025535761593559
2024-05-09,LMT,-0.0030420591963513793,0.0016226604368443818,0.003078624083271454,0.0047724079360322615,13.295982174804115,0.0025356712847828
2024-05-10,LMT,0.006245457935498192,0.003959986619576442,0.005936639151928581,0.001045522976803998,13.08673827229789,0.0020569290432207
2024-05-13,LMT,0.0018745716147263716,0.00366927189798496,0.00324270192421525,0.003576573749137438,13.360278884161815,0.0027040623670776
2024-05-14,LMT,0.002614270441444825,-0.0026286253479927122,-0.00576738190060506,-0.007208820430589066,13.245467342883344,0.0024107634693085
2024-05-15,LMT,-0.010305332279012312,-0.007906232666366534,-0.007072953856589349,-0.006657744887018229,13.597231406251092,0.0034270782546014
2024-05-16,LMT,-0.005764182150390637,0.00196643218881088,-0.022935852679820713,0.0016147988857601794,13.93843678913086,0.0048206743255421
2024-05-17,LMT,0.004820111153806153,-0.002822564796705356,0.02215885315605196,0.0029430504458140697,13.425723405908663,0.0028869478716458
2024-05-20,LMT,0.004134403707201108,0.0037828866734674503,0.0038143388733313127,0.001885692411269532,13.507899210196792,0.0031342056633698
2024-05-21,LMT,0.000491663885923674,0.0007464358504559062,0.004121268647631069,0.0026300107272981947,13.233727634485032,0.0023826272378364
2024-05-22,LMT,-0.0011330954512314062,0.0016613265784474326,-0.00012850441334584728,0.002985022526764273,13.215308945534927,0.002339143971016
2024-05-23,LMT,0.0013253102260041298,-0.0004683858716250129,-0.0011790427317979531,-0.005615033254062452,13.672795409164552,0.0036960776797356
2024-05-24,LMT,-0.0008975551421158709,-0.0021739550467232767,-0.0016313732774380012,0.0005780086800553644,13.14939666311494,0.0021899366829067
2024-05-28,LMT,-0.004414646508583092,-0.00569197373158499,-0.01781740435348309,-0.01916180167541648,13.955621135211407,0.0049042304068833
2024-05-29,LMT,-0.020899324756777853,-0.02169277997624847,-0.011990665620722585,-0.01264281404032891,14.05295220262253,0.0054055668949305
2024-05-30,LMT,-0.002151601141828422,0.015104604719758904,0.007057794840212302,0.017994005352785118,13.97558735788962,0.0050031335235729
2024-05-31,LMT,0.012883762704302148,0.015900961653931338,0.00981983374055155,0.02018803683506319,14.317255678467369,0.0070408787726082
2024-06-03,LMT,0.017724282396393887,0.00705984968533483,0.01866150896785398,0.0008771477627809876,13.805562237109086,0.0042208610273428
2024-06-04,LMT,0.003235159399715421,-0.0007653388869734603,0.0024700327198382914,0.0027550217116447365,13.64803938633243,0.0036057006937951
2024-06-05,LMT,0.0019446070272031775,-0.0027901604459474464,-0.005463681285278157,-0.007836291263974844,13.72700825191024,0.0039019837373264
2024-06-06,LMT,-0.006833434739171451,0.0020028963648750617,0.0015733434395654485,0.007260257210540759,13.55167651389974,0.0032744605141925
2024-06-07,LMT,0.007665657731487847,0.01163938191776053,0.009153628119477399,0.0032170919395721996,13.85742091999768,0.0044455245725816
2024-06-10,LMT,0.004129537169642744,-0.009598060978098415,-0.006121760585308277,-0.005695563779940819,13.710595498631601,0.0038384640632456
2024-06-11,LMT,-0.010828411049795166,-0.008897631661836228,-0.006850945772958977,-0.01001872709630609,13.719331100447532,0.0038721422797045
2024-06-12,LMT,-0.007284718396285221,-0.007205787655752936,-0.010671091955558437,-0.00800520383434981,13.841569066562123,0.004375610300439
2024-06-13,LMT,-0.007948393861349932,-0.007540861044394792,-0.0036336790311565304,-0.0011986713541109904,13.517105869857504,0.0031631945079167
2024-06-14,LMT,-0.004676911118447749,-0.002591714783181873,-0.003448854054309883,-0.0004798711388395488,13.462829058173975,0.0029960823452343
2024-06-17,LMT,0.002734470776647557,0.0013729210228320844,0.004106487932431526,0.0014607460566731277,13.41458662310294,0.0028549748813367
2024-06-18,LMT,0.004468460948439924,0.0032830840796039215,0.0023641116467224927,0.002154530614681757,13.396809743060775,0.002804670709917
2024-06-20,LMT,0.0004348416900284224,0.014630776784975093,0.0038622284867679563,0.013688422472232965,13.856077479956298,0.0044395562810572
2024-06-21,LMT,0.015423892469773541,0.004929098784579456,0.00973119268858835,0.002698258462176514,15.02899825181791,0.0143460675984386
2024-06-24,LMT,0.0038670927509411638,0.012459366638872404,0.008953704306346073,0.008327114999860153,13.846525580954923,0.0043973519338492
2024-06-25,LMT,0.003958411638758351,-0.008592821008981589,-0.0024826737826264132,-0.007322458981090072,13.481157474351365,0.0030515021951035
2024-06-26,LMT,-0.008146604808539688,-0.007491596440502956,-0.006320016085483846,-0.0023100413321941633,13.745196456894934,0.0039736032356188
2024-06-27,LMT,0.004017631730396109,0.001664928054354453,0.0034229272664045986,0.0002997855400274029,13.677398403939607,0.0037131299412338
2024-06-28,LMT,0.0024921859782503545,0.006102324171994661,-0.0009460362740642246,-6.41988940562492e-05,15.060385641587557,0.0148034945131279
2024-07-01,LMT,0.0015305436792787423,-0.0001484491749828792,-0.00023666073677734348,-0.0014140196479318398,13.24014819083691,0.0023979742731848
2024-07-02,LMT,-0.011042675363114346,-0.01067833168836658,-0.0015934894534300268,-0.0015876798814804785,13.12735290896314,0.0021421903507118
2024-07-03,LMT,-0.0002362974364118338,-0.0004286675259280196,0.00023708370997458896,0.0007083497757028975,12.654919668764107,0.0013356183818467
2024-07-05,LMT,-0.0010962764478294044,-0.0031564073223943724,-0.009612442105284502,-0.008338948474640624,13.355696438886845,0.0026916994774914
2024-07-08,LMT,-0.0049586844351759895,-0.0009250647400413898,0.003106026157769199,-0.0008657841578825605,13.01188087786516,0.0019085743681864
2024-07-09,LMT,-0.0021203169255270037,-0.0042063084196067545,-0.0029536850625129746,-0.0031668907113131784,13.193941437742497,0.0022896924126712
2024-07-10,LMT,-0.0028848727650322968,-0.002662288320169629,-0.0054743683705838425,0.0015413114136213924,13.393917592315308,0.0027965708857053
2024-07-11,LMT,-0.000977907665188423,0.00944822759240714,-0.0024963056806778434,-0.0013675046822140902,13.940292157551632,0.0048296267628286
2024-07-12,LMT,0.005291187663911952,-0.0018696094660534124,0.007470250417886511,0.007250265405139364,13.269750090239267,0.0024700200780147
2024-07-15,LMT,0.009364305530712155,0.0050421515843945865,0.0070475719877566515,0.00032341943288185463,13.570889252111332,0.0033379801882733
2024-07-16,LMT,-0.006362392385633305,0.004143417698014031,0.002093892536457974,0.010080962718754735,13.509530086297769,0.0031393213418192
2024-07-17,LMT,0.01338698173527052,0.016047258072476728,0.012748506053111147,0.01585800239815607,13.931604167343394,0.004787848722158
2024-07-18,LMT,0.009528952673815951,0.008521000311034973,0.007043457976182124,-0.0001470340682544694,13.796430689415054,0.0041824934389718
2024-07-19,LMT,0.010565720422453528,-0.002748798512998299,-0.0004440267935498502,-0.0022714475803380214,13.698303481411598,0.0037915703441255
2024-07-22,LMT,-0.009512610182882691,-0.007136477774738546,8.452974772552653e-05,-0.0006952167079073421,13.689494851681415,0.003758318434204
2024-07-23,LMT,0.02872054995543093,0.052451012944097035,0.020948623769433277,0.05473365120494431,14.762951446562724,0.0109948719075041
2024-07-24,LMT,0.03252315788215799,0.03489822393359903,0.03769736944327977,0.027370364187578843,14.763339103418387,0.0109991349728787
2024-07-25,LMT,0.01960847093271918,0.013572053625094518,0.022598254789137615,0.011962349383883172,14.469865453582464,0.0082017114740984
2024-07-26,LMT,0.014056111522953834,0.0036956188800519613,0.013825733791582518,0.006499731128265493,13.947679397735122,0.0048654365119749
2024-07-29,LMT,0.001358443775031416,0.0015498889353943103,-0.0014433942013049568,0.005396973187977882,13.775938823210119,0.0040976584380183
2024-07-30,LMT,0.009420104395454723,0.016855556598729258,0.011050682779275208,0.018812042518774965,14.025934355110227,0.0052614752852706
2024-07-31,LMT,0.02810772225738427,0.015735555884068102,0.024737611167341276,0.007892025055880747,14.208566320987092,0.0063157313523971
2024-08-01,LMT,0.0019134894465024843,0.003868261749321933,0.004653119305645875,0.012725091862968734,14.055865932357511,0.0054213402368163
2024-08-02,LMT,0.01292971773858902,0.021617678212546038,0.001293715736890216,-0.00016403891738217565,14.210791314505226,0.0063297994681331
2024-08-05,LMT,0.0036947414064767256,0.0026341367550778735,-0.005835332449757857,-0.006196575642619604,14.336564295780287,0.0071781494776687
2024-08-06,LMT,-0.01306484123414821,-0.02359642020008588,0.005373604822930455,-0.007028857691077987,13.848656123954774,0.0044067306776732
2024-08-07,LMT,-0.011254087697073232,0.004883458792906777,-0.008164403954646791,0.01275153055178269,14.082939666733665,0.0055701212183881
2024-08-08,LMT,0.010392834068257651,0.002730990423538544,0.012865488279817388,0.005653905720683076,13.648630367271585,0.0036078322264824
2024-08-09,LMT,0.012116719622801432,-0.00012638431824362674,0.00813332174533664,-7.241275816704928e-05,13.623261082066007,0.0035174552405419
2024-08-12,LMT,-0.0019760815229405114,0.007109548291323711,0.004132710048916479,0.009616553742784664,13.584462095000058,0.003383594987781
2024-08-13,LMT,0.010523960030249557,0.0038130286148995883,0.003464229160944563,0.004496985126699778,13.58433609503265,0.0033831686812435
2024-08-14,LMT,0.002116504288948811,0.00806101787280268,0.008455648323317015,0.006769648209270197,13.588234730545278,0.0033963841839046
2024-08-15,LMT,0.0066436108572872025,-0.00024800891126873373,0.0032801728856384233,-0.0052157261277620244,13.789783435452991,0.0041547835140372
2024-08-16,LMT,-0.0008903660061594218,-0.0029472176168956685,-0.003280076331750414,-0.000285532515913748,13.723396365547096,0.0038879156215904
2024-08-19,LMT,-0.010710987300951599,0.0006043710501853218,-0.0031468016091171494,-0.0031112636073121064,13.472599033558158,0.0030254974963187
2024-08-20,LMT,0.0047605799861226514,-0.006882684551156666,-0.007756239304471254,-0.002474486239031733,13.787317852187902,0.0041445521571383
2024-08-21,LMT,0.0007346084059529455,0.0019483094924607853,0.004256178051662153,-0.00585180263507185,13.691194855830842,0.0037647130322658
2024-08-22,LMT,-0.007550197529566909,-0.0032374162047127263,-7.2240208112668e-05,0.005887768409955049,13.559974229993811,0.0033017441325896
2024-08-23,LMT,0.006869507793306502,0.0012354772643867488,-0.00088594233527034,-0.0036329259197223716,13.676709303980214,0.003710572102009
2024-08-26,LMT,-0.003392970025024553,0.0022698016910777216,0.006005847008233116,0.005551867139971235,13.586601668984004,0.0033908421989177
2024-08-27,LMT,0.005988147803235801,0.003653154554813723,0.001635148719011678,0.004130554527978892,13.527296343950283,0.0031955938047633
2024-08-28,LMT,0.004903438454021918,0.0115658334192934,0.008509123681782176,0.006350082807950482,13.628338456274815,0.003535360115115
2024-08-29,LMT,0.003196539156870774,-0.00028135308659470214,0.0021692296549658367,0.005075887992823066,13.40347541436171,0.002823428197565
2024-08-30,LMT,0.0017184178546600021,0.0009142803183354387,-0.0007995420053141809,0.0022028300109960216,13.89506176025344,0.0046160471875636
2024-09-03,LMT,0.009728827445277413,0.010660583189858585,0.010242197654428315,0.004010000139742339,14.052084318918114,0.0054008775230185
2024-09-04,LMT,0.0035365614249191803,0.011696916611942741,0.0062261021584353584,0.0132401201539833,13.755443093406903,0.0040145286632145
2024-09-05,LMT,0.01024013136599839,-0.004867135212263192,-0.007607133816647721,-0.010827604500772848,13.642348128015021,0.0035852379799972
2024-09-06,LMT,-0.010749545854907862,-0.006637478010074038,0.0009563625896445395,-0.003453117722531442,13.791935845290885,0.0041637359513238
2024-09-09,LMT,-0.0027098948012586883,0.010242613614773383,0.004468218685254192,0.017390225321410224,13.60503764401311,0.0034539355664611
2024-09-10,LMT,0.017553848581964977,-0.000259684241176259,0.00516733687219452,-0.00762575183471055,13.53632693781739,0.0032245826493102
2024-09-11,LMT,-0.011072904585787894,-0.00945881436403462,-0.01652722176869722,-0.009182323172107315,13.603802620063396,0.0034496725010865
2024-09-12,LMT,-0.010913693317335145,-0.006027805813271131,0.005031294064316679,0.0023079069347050974,13.513595677931685,0.0031521105379429
2024-09-13,LMT,0.0035335872200812487,0.006115259845480109,0.0011166189798166466,0.002881728882071065,13.36734826075696,0.0027232461612631
2024-09-16,LMT,0.012984023179415004,0.007899310740503752,0.007869210274241431,0.005267601186603853,13.300845907891086,0.002548034174369
2024-09-17,LMT,-0.013583912762399604,-0.015527192020546872,-0.009518067080767969,-0.010369065273601867,13.51427167244672,0.0031542420706301
2024-09-18,LMT,-0.0006000806217908221,0.002513988920525735,-0.0023446919513620637,-0.0026843166271852234,13.503127239551521,0.0031192849345588
2024-09-19,LMT,0.0002648073312962683,-0.0035352767402064777,-0.0002135003205300054,-0.0005483040087934269,13.729408948828524,0.0039113624811504
2024-09-20,LMT,-0.006002280153288784,0.010464319685043407,0.0013866418811125827,0.011854886187846043,15.149037117091753,0.0161757752571958
2024-09-23,LMT,0.014842639910159414,0.014282766598683702,0.013900782486671762,0.014907853749558215,13.692778923163587,0.0037706813237902
2024-09-24,LMT,0.012917045439226591,-0.001014773028039341,0.009294118633559079,-0.003243826251706615,13.444593242672996,0.0029419414149775
2024-09-25,LMT,0.004532607134749583,0.004446771772391876,0.001231514306602381,-0.00119316486547563,13.646501199361914,0.0036001587088082
2024-09-26,LMT,-0.011344056680045152,-0.0020920260432461956,-0.004203873528524958,-0.000934705380701201,13.522750279891588,0.0031810993824898
2024-09-27,LMT,0.004598073715167352,0.002640037965870625,0.0015480847966961447,0.008553401858994676,13.650755011455333,0.0036155057441565
2024-09-30,LMT,0.011172635602454406,0.0015056647562936287,0.006721446724329659,0.003770756848005391,13.790091206363067,0.0041560624336496
2024-10-01,LMT,0.0033836714223582373,0.044372029617555285,0.0046504445824930235,0.03578932697878749,14.672561134206255,0.0100446346355167
2024-10-02,LMT,0.03160484775714935,-0.0024395260248271174,0.032977849475857995,-0.0043999725669124365,13.991563340318706,0.0050837054591519
2024-10-03,LMT,-0.0008269575335956382,-0.0016407769808531052,-0.0006986503104465894,0.004333999879785205,13.66072751156875,0.0036517417998402
2024-10-04,LMT,-0.0012913108189956412,-0.004459862773059613,-0.002799221417971892,-0.0011395835622527762,13.235336642414163,0.0023864639966735
2024-10-07,LMT,0.005517789752580217,0.008703863798147153,0.007778586276345794,0.0006773463186525874,13.912819647707217,0.0046987506558299
2024-10-08,LMT,0.00036230278631394034,-0.0013744786603984598,-0.0015077356057613992,0.00413648819759658,13.256546307732059,0.0024376207811681
2024-10-09,LMT,-0.0008401619616815721,-0.005928279274351354,-0.00011608802219239209,-0.004846860106637045,13.206338650090181,0.0023182549506807
2024-10-10,LMT,-0.000989520002888294,0.00024693921912966456,-0.01134074867273648,-0.01267273450262558,13.657336294369388,0.003639378910254
2024-10-11,LMT,-0.00916556496170232,-0.0045220256297691976,0.006470026588050336,0.011118071282887712,13.173058392858724,0.0022423723870137
2024-10-14,LMT,0.008984161368457177,0.012231625840237409,0.006130311692236944,0.011028634298832909,13.239792572688813,0.0023971216601099
2024-10-15,LMT,0.010668876176872495,0.00428817598780184,-9.955610445431856e-05,-0.009655784724904333,13.6525221064936,0.0036219003422184
2024-10-16,LMT,-0.01563166505058133,-0.0026228371242968404,-0.0018235775679389106,0.01285922333870623,13.216219773704594,0.0023412755037033
2024-10-17,LMT,0.016170323803989427,0.002395004760695306,0.0076371962303550325,-0.005251876702086897,13.333435966916156,0.0026324428687851
2024-10-18,LMT,-0.002352429131234518,-0.0018079208898754665,0.0020564726267965853,0.0035860627994757036,13.669444939102284,0.0036837147901494
2024-10-21,LMT,0.006927323157282007,0.009056178533324495,0.004705496977742641,0.004566123301317305,13.832860179099386,0.0043376690186055
2024-10-22,LMT,-0.01429836486417943,-0.017290570389831547,-0.06305660044649772,-0.06318036349192292,14.630521768915523,0.0096311172941853
2024-10-23,LMT,-0.05048721988515989,-0.043954423270237075,-0.0052402952803441444,-0.01024339570663099,14.153553702919776,0.0059776702681952
2024-10-24,LMT,-0.010960714066865041,-0.014272202011140878,-0.01201583434946555,-0.012137682583855959,13.913363864914102,0.0047013084950547
2024-10-25,LMT,-0.007086141328708489,-0.006906203757064077,-0.005474254371466025,-0.0034088866866310466,13.890247832065983,0.004593879247616
2024-10-28,LMT,-0.00655041001071605,-0.012037459754212887,-0.01183224588971196,-0.012743303028735201,14.061355276843218,0.0054511816944382
2024-10-29,LMT,-0.018283418916815206,-0.017482661586314882,-0.01469728738810763,-0.015191300990555821,13.85636551194136,0.0044408352006696
2024-10-30,LMT,-0.010730170403433218,-0.00387446159382437,-0.005891896859485272,-0.001573933482417888,13.82069807947798,0.0042852333144985
2024-10-31,LMT,0.0002559108368074363,0.0007616099636928615,-0.000976189721612101,0.0002014803258104771,14.034887825728271,0.0053087953109282
2024-11-01,LMT,0.0017532874742613278,-0.0042688835762083625,0.0035868121623294346,-0.0012828924307446107,13.583075221408128,0.003378905615869
2024-11-04,LMT,-0.004205801314733906,-0.0009470024890052034,-0.007760144697983055,-0.004134236447815181,13.62628643316599,0.0035281129039783
2024-11-05,LMT,-0.0012836900869570365,-0.0029928725491236885,0.002937852219659045,0.006698151280716988,13.321379796214162,0.0026008961850134
2024-11-06,LMT,0.029647985978284584,0.0256742716306651,-0.0036967886553993727,0.009230333084551037,14.37586949826499,0.0074659063904509
2024-11-07,LMT,-0.011465657250705875,-0.007868531069856308,0.01774886392352729,3.621485680698072e-05,13.61486330667175,0.0034880400894575
2024-11-08,LMT,0.0008464997952295943,0.01745897039724588,0.009145426122881474,0.022788528577649427,13.968833180761205,0.0049694553071139
2024-11-11,LMT,0.026207542783147228,0.016343831937411776,0.026821863881608104,0.010606647289047696,13.973711026316813,0.0049937547797488
2024-11-12,LMT,0.007164653428222081,0.00048591972424952046,-0.008813627769906558,-0.008129865837149843,13.940821631152534,0.0048321846020534
2024-11-13,LMT,-0.01813253461495134,-0.02002820719972708,-0.015110031575017288,-0.014648544952321095,13.927321127230313,0.0047673860083602
2024-11-14,LMT,-0.004709651136690277,-0.006481130785072338,-0.041359165111283694,-0.034177892599959146,14.494914227651282,0.0084097490643765
2024-11-15,LMT,-0.042727798931476886,-0.03408291021309078,-0.004449956848425975,-0.007748160113600252,14.379175849865394,0.0074906321696233
2024-11-18,LMT,-0.002736565439652892,-0.008440302635410627,-0.005055713872684089,-0.007262117288879363,14.076644065360904,0.0055351640823168
2024-11-19,LMT,0.0012669270797077568,0.0024877848789934295,0.004660698444625904,0.004322431175742299,13.74905125998204,0.0039889502709672
2024-11-20,LMT,-0.005414302526115563,-0.0076126343871213325,-0.003791067946067858,0.0027527230601245545,13.809795256700335,0.0042387659019159
2024-11-21,LMT,0.0017955767010687886,0.0175019297704413,0.008504848198916759,0.013522560912528259,14.094430101346958,0.0056344935055438
2024-11-22,LMT,0.018257428472737616,0.002420579024117436,0.011549702888986192,0.00038735572796132114,14.086301525522053,0.0055888787060362
2024-11-25,LMT,-0.02230200638647892,-0.021923681558896468,-0.047448269402881854,-0.03821497842301497,15.100187666445137,0.0154045867309395
2024-11-26,LMT,-0.025828721428742638,-0.019089124676101077,0.00868238746830204,-0.000843382124783284,14.112499932788538,0.0057372333810705
2024-11-27,LMT,0.00795833650727779,0.011251959653770302,0.007251368681603423,0.00821241516612816,13.699427202033586,0.0037958334095001
2024-11-29,LMT,0.00804715800461935,-0.0009628315946932197,0.0027105623831515427,0.006937246078201892,13.397265634785269,0.0028059496295293
2024-12-02,LMT,0.0014665964197639757,0.0011594659280112158,-0.0038824525146344897,-0.01102775607609444,13.9249038311137,0.0047558757318489
2024-12-03,LMT,-0.009776302050060543,-0.010092667597639184,-0.0058905796643711405,-0.006439617764053602,13.988119264037755,0.0050662268911162
2024-12-04,LMT,-0.007739350088089443,-0.0032074035298860814,-0.006042400318470354,0.0009666536186535372,14.249110153488154,0.006577057259857
2024-12-05,LMT,0.0024961616679810084,0.001403234648395792,0.0016939506235304587,-3.873375781740782e-05,13.922929852880953,0.0047464969880249
2024-12-06,LMT,-0.0032909316376324095,-0.006011535973921465,-0.008616589866844404,-0.008636425792183176,14.06603656441124,0.0054767600866855
2024-12-09,LMT,-0.008822586507320661,-0.0020894194421084943,-0.002062607772002743,-0.005904034186444611,13.972942420248492,0.0049899180209118
2024-12-10,LMT,-0.003979059924679327,-0.0033948947939456456,-0.0008852547426731571,0.005728501221859076,13.980093206528226,0.005025727770058
2024-12-11,LMT,0.009071751326895305,-0.0011860317033981949,-0.009472006408266467,-0.01710655158386206,14.084010575524983,0.0055760895099125
2024-12-12,LMT,-0.02722597374671832,-0.025417582560711298,-0.02943703981766722,-0.015307765728933196,14.437591826916497,0.0079412381797133
2024-12-13,LMT,-0.008899430849516011,-0.0037587737873212576,0.007075276886158141,-0.0038941043720568747,13.805562237109086,0.0042208610273428
2024-12-16,LMT,-0.0015550331292736466,-0.008893285915190017,-0.00413305306856872,-0.006083379580785416,14.210050199929357,0.0063251100962211
2024-12-17,LMT,-0.011668421196653513,-0.0036444234963461473,-0.004887934325799955,-0.0021175655398623957,14.118943678786822,0.0057743220498291
2024-12-18,LMT,0.0008992492555706026,-0.005614163223220241,-0.01102915551923803,-0.015757093946907687,14.1692619324355,0.0060723103195102
2024-12-19,LMT,-0.01959832827914412,-0.012810110685965626,-0.010628182823631312,-0.006814870382690652,14.038974857833166,0.0053305369443384
2024-12-20,LMT,-0.0011464431631271034,0.01031848092998867,0.0009632739655858448,0.019325860429798516,15.195158128029636,0.0169392902657779
2024-12-23,LMT,0.016507007591673322,-0.00034768823712206934,0.008461876020299445,-0.005187068317679869,13.868009075778206,0.0044928445982391
2024-12-24,LMT,-0.002814621792539802,-0.0002455086936327632,0.004514246479972294,0.0033654329838328926,12.83708108983072,0.0016024862742936
2024-12-26,LMT,0.003983349739378655,0.009651868934198298,0.004658426696256561,0.0037828344785263215,13.403173391257667,0.0028225755844901
2024-12-27,LMT,0.0007784266243898788,-0.00014184637851728384,0.0002262499479124482,-0.002063424848560403,13.617792277610002,0.0034982714463564
2024-12-30,LMT,-0.004885213384893808,-0.013980581476180386,-0.009357382390760782,-0.011518780489925143,13.69627759667356,0.0037838968264513
2024-12-31,LMT,-0.003338887176951717,-4.1080001413325375e-05,0.00031124309448811324,0.005302772684574873,13.503400537895258,0.0031201375476337
2025-01-02,LMT,0.0032154333464829497,0.0065352410777221774,-0.0012040146314122307,-0.007622511178245179,13.768105484114216,0.0040656854477091
2025-01-03,LMT,-0.009345082079475231,-0.011914185588531908,-0.0010599632805742523,-0.0008920517017187627,13.613640365615506,0.0034837770240829
2025-01-06,LMT,-0.005561518922126432,-0.008133489191315128,-0.03179498321372189,-0.03338494294188763,14.345315529047996,0.0072412428452121
2025-01-07,LMT,-0.027593996231421936,-0.013803185306923552,-0.006287720556195002,-0.0043873644558292905,14.059711635134509,0.0054422292571516
2025-01-08,LMT,-0.004778205884100977,-0.008911221003212427,-0.003678960699358305,0.010484584587296477,13.814210713532416,0.0042575233895639
2025-01-10,LMT,0.009661905243544197,0.0050382063758596125,0.009687591258385206,-0.0017078048147432653,13.935425541625849,0.0048061799032686
2025-01-13,LMT,0.002134533197504218,0.027667807543119358,0.006570182235837397,0.031772828248305504,14.176815467053427,0.0061183514255554
2025-01-14,LMT,0.03354606714513284,0.0007834437459077827,0.019371703999542335,0.002686926282407219,13.96565407697882,0.0049536819652281
2025-01-15,LMT,0.005674633054413184,0.005262321763240018,0.005008680932585357,-0.0010119047273163312,13.690175200182146,0.0037608762734287
2025-01-16,LMT,-0.012294443723498617,-0.0015593854853754503,0.0023495941599994056,0.0059536465398928335,13.77093256015338,0.0040771957242204
2025-01-17,LMT,0.011843275850006201,0.01031617426782208,0.005571150285810165,0.007081661595344522,14.10638826891995,0.0057022762449992
2025-01-21,LMT,0.015185433119031425,0.034947673212611,0.02151457814728859,0.03205141683841361,14.295403253810324,0.0068886873387367
2025-01-22,LMT,0.016509429456333054,-0.00792055990475181,0.0009293875627554636,-0.013822407454169195,14.096772817443766,0.005647709008205
2025-01-23,LMT,0.000556199872655418,0.0009292502746411015,-0.0024263028097675585,-0.004134011383371809,13.724492254866757,0.0038921786869649
2025-01-24,LMT,-0.01706563868704695,-0.017363284931034978,0.0012543248901109875,-0.0006437122772221347,13.540285243608048,0.0032373718454339
2025-01-27,LMT,0.010230305490976069,0.019554532740068152,0.004397895433532692,0.013451474706910622,14.482622237162202,0.0083070091888498
2025-01-28,LMT,-0.0542137932506887,-0.055504399204932456,-0.08287322171441791,-0.0962933425526199,15.207762388073382,0.0171541487606552
2025-01-29,LMT,-0.029347808272225443,-0.03659861661485953,-0.017360717923373688,-0.006777874743111912,14.689645489527914,0.0102177150897235
2025-01-30,LMT,-0.007462578096755792,-0.005637542003325288,0.004263302003229647,0.01157552358194232,14.463556287678928,0.0081501283830663
2025-01-31,LMT,0.007462610471254927,0.00939280312963221,0.012834935460720972,0.007153788931034574,14.203898002687463,0.0062863162013127
2025-02-03,LMT,-0.0026121284127223216,-0.006266547368653966,-0.007839918710746876,-0.01639898125553991,14.205050192891049,0.0062935634124494
2025-02-04,LMT,-0.010517145800092303,-0.012915457988454742,-0.0051279236123174966,-0.003827997215710703,14.025934355110227,0.0052614752852706
2025-02-05,LMT,0.006586207609822095,0.0037040932998491497,-0.005533194376694033,-0.008433431519574446,13.946276505267326,0.0048586156073756
2025-02-06,LMT,-0.015435817527623883,-0.010843963075251914,-0.00926800535260984,-0.0030054015849405717,14.07154792669385,0.0055070278508448
2025-02-07,LMT,-0.00022230268844168583,-0.0014829143607035318,-0.001913587435920279,-0.009250703077784892,14.113688109678527,0.0057440542856698
2025-02-10,LMT,-0.011400566456136643,-0.005686078563383385,-0.006941857680832472,0.008581638137896206,14.171646056428456,0.0060868047417837
2025-02-11,LMT,0.006945244332224785,0.006350303292122539,0.009687219030034493,0.0025401098332807756,13.71690605784049,0.0038627635358805
2025-02-12,LMT,-0.001429900832336189,-0.005904925329381997,-0.008916086217618642,-0.016582330471687105,14.064556526345578,0.0054686602624738
2025-02-13,LMT,-0.01069962010047293,-0.008586472565752396,-0.020709443013687122,-0.01653984246248444,14.690979711984754,0.0102313568989221
2025-02-14,LMT,-0.020433389805490712,-0.023034423970859055,-0.02890858632943572,-0.026880918966380302,14.99502702928362,0.013866899050339
2025-02-18,LMT,-0.008943038060395014,-0.0051377133050111825,0.009013354132540447,0.012562885432943554,14.849584681050304,0.0119898713659243
2025-02-19,LMT,0.0030440551317458923,0.011642864347806784,0.004899387967997262,0.010238162746297678,14.845880050911115,0.011945535486029
2025-02-20,LMT,-0.0033001385164052703,-4.330954049222541e-09,0.008726345784997721,0.007684899023368116,14.121524323477532,0.00578924277864
2025-02-21,LMT,0.015728392107369205,0.0129973592530738,0.01470581936983891,0.01010255201020153,14.317739939684907,0.0070442892249078
2025-02-24,LMT,0.01277350614383742,0.010201736923030677,0.006565936920861742,-0.0010216092370219098,14.4813898251917,0.0082967778319509
2025-02-25,LMT,-0.000565740615212071,0.007533850223276005,0.0055938585042396615,0.01843135242962245,14.355215724200903,0.007313288650042
2025-02-26,LMT,0.009193564761342442,-0.008158629365287221,-0.0037712903552164457,-0.01564145960637891,14.19866257018535,0.0062534905979286
2025-02-27,LMT,-0.008198030478056095,-0.0020557195769429007,0.004791191904087639,0.011171764808862953,14.192645462128159,0.0062159756226326
2025-02-28,LMT,0.010818921491429904,0.00828622196886676,0.008076888246506844,0.00871965117229621,14.175700018747202,0.0061115305209561
2025-03-03,LMT,0.02040082946285042,0.015374441428169164,0.015856800373949993,0.010834303033153516,14.272556219197247,0.0067330854525656
2025-03-04,LMT,-0.004625684897109637,0.02028015905140031,-0.000757804045266657,-0.006927500246014127,14.634717978965918,0.0096716164152435
2025-03-05,LMT,0.0007761442265075654,-0.0005607714555714338,0.001960228051041469,0.025517212740585046,14.53826556869009,0.0087823409781122
2025-03-06,LMT,0.022336404106741356,4.3127173052514344e-05,0.00895021050425556,0.002342908388057996,14.148979001999951,0.0059503866497981
