code,dt
AAL,2024-11-11
AAON,2024-11-11
ACB,2024-11-11
ACGL,2024-11-11
ACGLO,2024-11-11
ACIW,2024-11-11
ADBE,2024-11-11
ADSK,2024-11-11
AEP,2024-11-11
AGIO,2024-11-11
ALEC,2024-11-11
ALNY,2024-11-11
ALTR,2024-11-11
AMBA,2024-11-11
AMCX,2024-11-11
AMKR,2024-11-11
AMRX,2024-11-11
ANSS,2024-11-11
APPN,2024-11-11
APTO,2024-11-11
ARCT,2024-11-11
ARWR,2024-11-11
ASND,2024-11-11
ASTH,2024-11-11
ATSG,2024-11-11
AVTX,2024-11-11
BCPC,2024-11-11
BEAM,2024-11-11
BILI,2024-11-11
BJRI,2024-11-11
BLUE,2024-11-11
BPOP,2024-11-11
BRKL,2024-11-11
BWIN,2024-11-11
BZUN,2024-11-11
CARG,2024-11-11
CBRL,2024-11-11
CBSH,2024-11-11
CBUS,2024-11-11
CENTA,2024-11-11
CERS,2024-11-11
CFFN,2024-11-11
CHCO,2024-11-11
CHEF,2024-11-11
CHRD,2024-11-11
CINF,2024-11-11
CLLS,2024-11-11
CMCO,2024-11-11
CMCSA,2024-11-11
COLL,2024-11-11
COMM,2024-11-11
COOP,2024-11-11
CPB,2024-11-11
CRON,2024-11-11
CROX,2024-11-11
CRUS,2024-11-11
CRWD,2024-11-11
CTAS,2024-11-11
CYBR,2024-11-11
CYTK,2024-11-11
DGII,2024-11-11
DIOD,2024-11-11
DOMO,2024-11-11
DPZ,2024-11-11
DSGR,2024-11-11
DXCM,2024-11-11
ERIE,2024-11-11
ESTA,2024-11-11
EXEL,2024-11-11
FAST,2024-11-11
FCEL,2024-11-11
FCFS,2024-11-11
FHB,2024-11-11
FITBI,2024-11-11
FSV,2024-11-11
FTDR,2024-11-11
FUTU,2024-11-11
GLDD,2024-11-11
GLPG,2024-11-11
GLPI,2024-11-11
GOGO,2024-11-11
GOSS,2024-11-11
GSAT,2024-11-11
GYRE,2024-11-11
HALO,2024-11-11
HAS,2024-11-11
HLIT,2024-11-11
HLNE,2024-11-11
HSDT,2024-11-11
HSIC,2024-11-11
HTHT,2024-11-11
ICHR,2024-11-11
IDYA,2024-11-11
IMVT,2024-11-11
INDB,2024-11-11
INSM,2024-11-11
IONS,2024-11-11
IOSP,2024-11-11
ITRI,2024-11-11
JBHT,2024-11-11
JBLU,2024-11-11
JSM,2024-11-11
KLIC,2024-11-11
KOD,2024-11-11
KURA,2024-11-11
LAB,2024-11-11
LASR,2024-11-11
LIN,2024-11-11
LKQ,2024-11-11
LNT,2024-11-11
MBUU,2024-11-11
MCRI,2024-11-11
MDGL,2024-11-11
MEDP,2024-11-11
MGNI,2024-11-11
MGPI,2024-11-11
MGRC,2024-11-11
MKTX,2024-11-11
MRNA,2024-11-11
MRTN,2024-11-11
MSEX,2024-11-11
MSFT,2024-11-11
MU,2024-11-11
NAVI,2024-11-11
NBTB,2024-11-11
NEO,2024-11-11
NEOG,2024-11-11
NGNE,2024-11-11
NSSC,2024-11-11
NTAP,2024-11-11
NTES,2024-11-11
NTLA,2024-11-11
NTRS,2024-11-11
NYMTN,2024-11-11
OBLG,2024-11-11
OCFC,2024-11-11
ON,2024-11-11
ONC,2024-11-11
OPI,2024-11-11
OSIS,2024-11-11
OSW,2024-11-11
PALI,2024-11-11
PANW,2024-11-11
PCAR,2024-11-11
PCRX,2024-11-11
PCTY,2024-11-11
PEBO,2024-11-11
PLAB,2024-11-11
PLAY,2024-11-11
PLMR,2024-11-11
PLSE,2024-11-11
PLUS,2024-11-11
PRTA,2024-11-11
PSEC,2024-11-11
PSNL,2024-11-11
PTCT,2024-11-11
PTON,2024-11-11
QNST,2024-11-11
QRVO,2024-11-11
QTTB,2024-11-11
RARE,2024-11-11
RBCAA,2024-11-11
RGNX,2024-11-11
SAIC,2024-11-11
SGMO,2024-11-11
SINT,2024-11-11
SNPS,2024-11-11
SPSC,2024-11-11
SPTN,2024-11-11
SSYS,2024-11-11
STNE,2024-11-11
TBBK,2024-11-11
TCPC,2024-11-11
TENB,2024-11-11
TGTX,2024-11-11
TREE,2024-11-11
TRUP,2024-11-11
TTWO,2024-11-11
TW,2024-11-11
TXG,2024-11-11
UBSI,2024-11-11
UCTT,2024-11-11
UFPT,2024-11-11
UMBF,2024-11-11
UPBD,2024-11-11
URBN,2024-11-11
VBTX,2024-11-11
VCTR,2024-11-11
VEON,2024-11-11
VNET,2024-11-11
VRSK,2024-11-11
VSEC,2024-11-11
WABC,2024-11-11
WTFCM,2024-11-11
WVE,2024-11-11
WW,2024-11-11
WWD,2024-11-11
XEL,2024-11-11
ZD,2024-11-11
ZYME,2024-11-11
