,ABEO,ACHC,AGNCN,AKAM,AKRO,ALRM,AMAT,AMED,AMRN,ANGI,APA,APOG,APPS,ARCB,ARCC,ARVN,ATEC,ATXS,AVAV,AXON,BANF,BATRK,BIDU,BLNE,BLNK,BTAI,BYND,CAN,CCEC,CDW,CDXS,CELH,CGNX,CHKP,CHRS,CHRW,CIGI,CKPT,CMPR,COGT,CRNC,CRSP,CSTL,CTSH,CVGW,DGLY,DNLI,DOCU,DVAX,EBAY,EHTH,ERII,ESLT,EXPE,EXPO,FBIOP,FFBC,FFIN,FOXF,FWRD,GDS,GERN,GPRE,GRWG,GRYP,HEES,HELE,HIVE,HON,HRTX,HSTM,HURA,IART,IBKR,IBOC,IBRX,IDXX,INGN,INM,INVA,IQ,IRBT,KDP,KPTI,KTOS,KXIN,LAMR,LFUS,LGIH,LGMK,LKFN,LNW,LOPE,LPSN,LYFT,MGNX,MLCO,MNST,MODV,MSTR,MTCH,MYGN,MYRG,NCMI,NEXT,NFLX,NIU,NKTR,NRC,NTNX,NTRA,NVEE,NVMI,NWL,NWS,NXPI,OCGN,OCSL,OKTA,OLLI,OTLK,OXLC,PAA,PARA,PARAA,PDCO,PDFS,PFG,PGEN,PNFP,PODD,POWI,PSMT,PTC,PTEN,PVLA,RDNT,RDUS,RDWR,REGN,RNAC,ROCK,ROST,RRR,RSLS,RVMD,RYAAY,SAFT,SAGE,SAVA,SBGI,SFM,SFNC,SHYF,SIBN,SIFY,SIGI,SIMO,SITM,SLM,SNBR,SNDX,SNY,SPNS,SRRK,STRA,SUPN,SYRE,TCBK,TEAM,TECH,THRM,TLRY,TRMK,TROW,TSLA,TWST,TXN,UFPI,UNIT,UPWK,USLM,UTHR,VERB,VLY,VRNA,VRRM,VXRT,WAFD,WATT,WBA,WING,WIX,WTFC,WTW,XPEL,XRX,YMAB,ZG,ZLAB
ABEO,0.0,0.179,-0.335,0.047,0.366,0.305,0.505,0.218,0.164,0.59,0.186,0.17,0.187,0.295,0.208,-0.272,0.198,0.282,-0.105,-0.157,0.203,0.004,0.658,-0.397,0.161,0.257,0.37,-0.27,0.186,0.173,0.086,0.131,0.124,0.42,0.062,-0.126,0.107,0.091,-0.155,0.485,0.457,0.311,0.623,-0.109,0.224,0.085,0.417,0.344,-0.0,0.141,0.392,0.066,0.039,0.389,0.238,-0.069,-0.09,0.264,0.265,0.195,0.196,0.142,0.467,0.209,-0.167,0.042,0.269,0.019,0.143,0.139,0.014,0.113,0.099,0.527,0.116,0.145,0.158,0.025,-0.405,0.045,0.536,0.531,0.548,0.375,-0.004,-0.029,0.388,-0.037,0.791,0.109,0.182,0.327,-0.091,0.12,-0.012,0.3,0.037,0.585,0.12,0.186,0.002,-0.049,0.02,0.011,-0.051,0.321,0.402,0.271,0.183,0.289,0.247,0.345,0.413,0.176,0.195,0.699,-0.081,0.141,0.305,0.506,0.37,-0.203,0.06,0.27,0.179,0.087,0.451,0.237,0.08,0.195,0.482,0.585,0.028,0.328,0.066,0.316,-0.017,0.362,0.664,0.18,-0.447,0.081,0.094,0.111,-0.036,0.222,0.099,-0.023,0.23,-0.012,0.031,-0.194,0.068,-0.235,0.282,0.135,0.002,-0.246,0.415,0.093,0.487,0.107,0.494,0.261,0.085,-0.331,0.33,0.365,-0.121,0.174,0.281,-0.043,-0.041,-0.055,0.459,0.344,0.267,0.133,0.392,0.309,0.03,0.252,-0.338,-0.021,-0.062,0.116,0.026,-0.099,-0.17,0.275,0.145,0.086,0.221,0.173,0.09,0.13,0.087,0.275,0.745,0.245
ACHC,0.179,0.0,0.633,-0.184,-0.108,-0.449,-0.029,-0.568,0.478,-0.086,0.872,0.776,-0.451,0.034,0.892,0.06,0.719,-0.34,-0.36,0.33,0.833,0.811,-0.201,0.491,-0.342,-0.3,0.573,0.661,0.829,0.854,0.391,-0.63,-0.233,0.553,0.25,0.715,0.903,0.508,0.662,-0.024,0.181,-0.545,0.108,0.417,-0.159,0.83,0.483,-0.52,-0.659,-0.269,0.674,0.38,0.727,0.711,0.016,0.706,0.869,0.881,0.53,0.877,-0.759,-0.538,-0.048,0.475,0.671,0.898,-0.151,0.764,0.949,0.292,0.804,0.769,0.931,0.462,0.72,-0.722,-0.463,0.534,0.558,-0.204,-0.319,-0.181,0.101,-0.226,0.891,0.7,0.671,0.685,0.34,-0.089,0.33,0.714,0.838,-0.528,0.871,-0.651,0.873,0.435,0.588,0.926,-0.559,0.874,0.305,0.818,0.183,-0.441,-0.444,-0.25,0.184,0.581,-0.521,0.392,0.742,0.597,0.813,-0.005,0.751,0.694,-0.547,-0.283,-0.456,0.418,0.919,0.823,0.899,-0.428,-0.305,0.952,-0.705,0.848,-0.347,0.031,-0.342,0.688,0.856,0.194,0.914,0.405,0.628,-0.294,0.479,0.624,0.926,0.858,0.825,0.452,0.895,0.765,-0.58,-0.546,0.894,-0.172,0.777,0.354,0.848,0.731,0.798,-0.257,-0.52,0.89,-0.107,0.807,0.012,0.406,-0.542,0.647,0.595,-0.255,0.533,-0.298,-0.109,0.904,0.69,0.812,0.667,-0.149,-0.438,0.732,0.336,-0.134,-0.555,-0.473,0.002,0.299,0.887,0.641,0.912,-0.554,0.807,-0.213,0.69,-0.649,-0.524,0.907,0.262,0.185,0.955,-0.078,0.465,-0.59
AGNCN,-0.335,0.633,0.0,-0.051,-0.156,-0.41,-0.157,-0.498,0.449,-0.206,0.573,0.578,-0.339,0.073,0.546,0.465,0.481,-0.407,-0.066,0.55,0.534,0.515,-0.43,0.661,-0.191,-0.35,0.167,0.762,0.434,0.583,0.478,-0.409,-0.071,0.363,0.307,0.786,0.636,0.273,0.63,-0.086,-0.092,-0.412,-0.216,0.525,-0.141,0.545,0.232,-0.492,-0.407,-0.104,0.362,0.158,0.475,0.475,0.032,0.498,0.769,0.461,0.494,0.628,-0.622,-0.383,-0.224,0.314,0.491,0.69,-0.04,0.672,0.671,0.074,0.747,0.378,0.653,0.235,0.521,-0.458,-0.283,0.572,0.5,-0.027,-0.561,-0.36,-0.085,-0.343,0.677,0.648,0.218,0.724,0.033,-0.116,0.185,0.481,0.666,-0.391,0.64,-0.615,0.648,0.195,0.444,0.655,-0.429,0.73,0.342,0.615,0.063,-0.362,-0.471,-0.196,0.215,0.416,-0.473,0.156,0.39,0.441,0.586,-0.339,0.611,0.488,-0.588,-0.524,-0.55,0.7,0.676,0.54,0.627,-0.269,-0.461,0.647,-0.504,0.525,-0.378,-0.177,-0.086,0.417,0.577,0.119,0.753,0.195,0.161,-0.137,0.737,0.589,0.627,0.552,0.521,0.047,0.615,0.663,-0.487,-0.236,0.744,0.189,0.623,0.54,0.515,0.47,0.743,-0.05,-0.59,0.584,-0.269,0.571,-0.279,0.156,-0.414,0.811,0.305,-0.365,0.636,-0.187,-0.078,0.776,0.604,0.706,0.308,-0.145,-0.289,0.687,0.161,-0.109,-0.286,-0.469,0.372,0.395,0.71,0.463,0.647,-0.316,0.783,-0.218,0.524,-0.433,-0.4,0.556,0.193,0.053,0.675,-0.226,0.063,-0.496
AKAM,0.047,-0.184,-0.051,0.0,0.774,0.772,0.591,0.616,0.078,0.708,-0.293,0.129,0.797,0.717,-0.279,0.583,-0.419,-0.328,0.734,0.601,-0.127,-0.587,0.555,-0.554,0.915,-0.249,-0.51,-0.352,-0.561,0.115,0.686,0.615,0.758,0.511,0.589,0.273,-0.327,-0.6,-0.362,0.577,0.052,0.728,-0.103,0.532,0.46,-0.524,-0.031,0.793,0.656,0.956,-0.335,-0.811,-0.624,0.256,0.756,-0.615,-0.215,-0.447,0.44,-0.014,0.508,0.704,0.55,-0.049,-0.526,0.007,0.746,-0.392,-0.032,-0.728,0.119,-0.631,-0.11,0.563,0.002,0.551,0.787,0.441,-0.553,-0.01,0.281,0.61,0.158,0.488,-0.483,-0.32,-0.553,0.076,0.279,0.359,0.314,0.149,-0.46,0.803,-0.537,0.484,-0.198,0.399,0.27,-0.078,0.346,-0.228,0.702,-0.377,-0.573,0.699,0.762,0.693,0.644,0.389,0.541,0.642,0.147,0.437,0.167,0.153,-0.59,-0.323,0.641,-0.064,0.247,0.45,-0.454,-0.128,-0.242,0.716,0.595,-0.088,0.187,-0.415,0.569,0.268,0.639,0.088,-0.592,-0.076,-0.081,-0.13,0.169,0.53,-0.198,0.24,-0.33,-0.578,-0.458,-0.761,-0.343,0.064,0.514,0.465,-0.285,0.783,-0.245,0.504,-0.442,-0.404,0.08,0.577,0.348,-0.513,0.634,-0.516,0.11,-0.535,-0.173,0.208,-0.018,-0.056,0.443,0.827,0.788,-0.248,-0.51,-0.168,-0.013,0.897,0.79,0.279,0.243,0.716,0.749,0.439,0.259,0.714,-0.386,-0.463,-0.389,0.676,-0.024,0.478,0.026,0.702,0.83,-0.425,0.511,-0.722,-0.28,-0.507,0.046,0.583
AKRO,0.366,-0.108,-0.156,0.774,0.0,0.748,0.68,0.554,0.201,0.843,-0.215,0.075,0.689,0.711,-0.13,0.449,-0.233,-0.262,0.445,0.389,-0.059,-0.465,0.609,-0.601,0.767,-0.104,-0.114,-0.333,-0.372,0.159,0.581,0.487,0.58,0.553,0.514,0.188,-0.182,-0.551,-0.49,0.656,0.334,0.726,0.323,0.298,0.464,-0.374,0.184,0.733,0.445,0.82,0.022,-0.75,-0.401,0.368,0.685,-0.476,-0.255,-0.251,0.348,0.034,0.447,0.658,0.589,0.19,-0.548,-0.052,0.655,-0.232,0.021,-0.456,0.157,-0.458,0.003,0.665,-0.019,0.527,0.696,0.339,-0.591,0.019,0.373,0.641,0.457,0.587,-0.416,-0.242,-0.27,-0.071,0.532,0.427,0.247,0.267,-0.366,0.667,-0.448,0.495,-0.124,0.544,0.297,-0.068,0.2,-0.183,0.517,-0.269,-0.57,0.792,0.769,0.726,0.624,0.423,0.538,0.537,0.208,0.425,0.225,0.391,-0.505,-0.215,0.645,0.083,0.324,0.381,-0.329,-0.012,-0.13,0.511,0.595,-0.011,0.187,-0.296,0.721,0.368,0.459,0.208,-0.468,0.0,-0.06,-0.057,0.354,0.528,-0.271,0.195,-0.195,-0.416,-0.402,-0.491,-0.252,-0.071,0.497,0.261,-0.182,0.485,-0.142,0.238,-0.186,-0.226,-0.001,0.334,0.431,-0.37,0.555,-0.382,0.244,-0.229,-0.194,0.089,0.091,0.11,0.276,0.803,0.797,-0.225,-0.462,-0.18,0.197,0.907,0.782,0.259,0.274,0.69,0.603,0.383,0.109,0.616,-0.365,-0.269,-0.286,0.428,-0.124,0.467,0.022,0.609,0.761,-0.322,0.398,-0.553,-0.218,-0.386,0.382,0.508
ALRM,0.305,-0.449,-0.41,0.772,0.748,0.0,0.796,0.925,0.176,0.725,-0.392,-0.143,0.947,0.702,-0.392,0.379,-0.484,0.189,0.71,0.252,-0.224,-0.813,0.817,-0.645,0.804,0.325,-0.338,-0.631,-0.562,-0.093,0.371,0.868,0.82,0.263,0.57,-0.126,-0.516,-0.426,-0.46,0.427,0.404,0.949,0.224,0.283,0.748,-0.732,-0.06,0.926,0.819,0.841,-0.376,-0.645,-0.625,0.149,0.795,-0.793,-0.503,-0.516,0.136,-0.213,0.869,0.908,0.792,0.015,-0.825,-0.292,0.824,-0.561,-0.311,-0.47,-0.185,-0.776,-0.369,0.38,-0.072,0.85,0.939,0.191,-0.698,0.364,0.717,0.792,0.393,0.84,-0.7,-0.621,-0.4,-0.165,0.364,0.528,0.397,0.065,-0.719,0.957,-0.77,0.893,-0.571,0.387,0.108,-0.369,0.7,-0.535,0.504,-0.499,-0.351,0.931,0.913,0.882,0.615,0.268,0.884,0.504,0.037,0.267,-0.016,0.587,-0.765,-0.329,0.947,0.475,0.733,0.01,-0.696,-0.225,-0.411,0.851,0.891,-0.328,0.61,-0.442,0.836,0.626,0.812,0.132,-0.745,0.169,-0.447,0.064,0.231,0.641,-0.465,0.096,-0.572,-0.715,-0.758,-0.555,-0.584,-0.23,0.898,0.69,-0.522,0.521,-0.323,0.268,-0.503,-0.604,-0.145,0.678,0.824,-0.741,0.797,-0.673,0.475,-0.276,0.341,-0.295,0.15,0.454,0.11,0.85,0.844,-0.541,-0.664,-0.392,0.065,0.777,0.938,-0.007,0.424,0.83,0.886,0.838,0.278,0.306,-0.612,-0.438,-0.623,0.704,-0.332,0.685,-0.103,0.93,0.969,-0.542,0.499,-0.357,-0.556,0.019,0.228,0.896
AMAT,0.505,-0.029,-0.157,0.591,0.68,0.796,0.0,0.701,0.507,0.708,0.059,0.091,0.684,0.802,0.007,0.365,-0.037,0.254,0.417,0.24,0.192,-0.448,0.807,-0.353,0.6,0.304,0.119,-0.217,-0.133,0.345,0.487,0.595,0.699,0.562,0.687,0.165,0.003,-0.073,-0.15,0.501,0.703,0.734,0.54,0.342,0.744,-0.344,0.14,0.632,0.435,0.667,0.066,-0.33,-0.202,0.488,0.749,-0.393,-0.109,-0.021,0.264,0.17,0.576,0.696,0.876,0.445,-0.647,0.081,0.732,-0.097,0.132,-0.148,0.187,-0.389,0.01,0.588,0.276,0.58,0.73,0.418,-0.493,0.51,0.649,0.701,0.617,0.833,-0.282,-0.277,-0.001,0.179,0.601,0.494,0.556,0.474,-0.278,0.661,-0.336,0.679,-0.158,0.78,0.437,-0.006,0.421,-0.063,0.534,-0.003,-0.174,0.812,0.793,0.872,0.714,0.53,0.643,0.574,0.368,0.555,0.385,0.813,-0.415,0.079,0.689,0.594,0.691,0.104,-0.267,0.13,-0.046,0.581,0.788,0.108,0.368,0.038,0.862,0.834,0.651,0.551,-0.283,0.508,-0.157,0.367,0.633,0.729,-0.143,0.445,-0.098,-0.301,-0.432,-0.273,-0.079,0.035,0.674,0.399,-0.058,0.323,0.176,0.332,-0.021,-0.126,0.197,0.428,0.72,-0.302,0.731,-0.288,0.692,0.142,0.201,-0.044,0.429,0.53,0.256,0.774,0.832,-0.096,-0.214,0.013,0.558,0.69,0.756,0.417,0.682,0.734,0.568,0.689,0.33,0.293,-0.208,-0.007,-0.214,0.294,0.017,0.594,0.387,0.641,0.713,-0.08,0.636,-0.104,-0.105,0.199,0.641,0.713
AMED,0.218,-0.568,-0.498,0.616,0.554,0.925,0.701,0.0,0.137,0.523,-0.404,-0.298,0.905,0.601,-0.486,0.298,-0.52,0.342,0.68,0.077,-0.28,-0.863,0.725,-0.55,0.673,0.452,-0.371,-0.654,-0.581,-0.225,0.17,0.918,0.766,0.055,0.494,-0.304,-0.581,-0.361,-0.409,0.253,0.375,0.898,0.206,0.164,0.71,-0.783,-0.291,0.845,0.869,0.701,-0.529,-0.475,-0.618,-0.04,0.686,-0.812,-0.547,-0.569,-0.034,-0.364,0.939,0.903,0.799,-0.031,-0.854,-0.391,0.691,-0.642,-0.442,-0.394,-0.321,-0.81,-0.481,0.119,-0.079,0.875,0.877,0.091,-0.68,0.512,0.729,0.715,0.308,0.829,-0.761,-0.742,-0.39,-0.203,0.142,0.458,0.407,-0.03,-0.772,0.918,-0.808,0.952,-0.709,0.246,-0.026,-0.499,0.81,-0.608,0.389,-0.492,-0.189,0.841,0.848,0.856,0.499,0.142,0.889,0.335,-0.183,0.151,-0.169,0.571,-0.792,-0.275,0.946,0.633,0.824,-0.164,-0.779,-0.285,-0.493,0.871,0.861,-0.449,0.745,-0.445,0.769,0.566,0.815,0.03,-0.759,0.26,-0.597,0.088,0.079,0.652,-0.44,0.016,-0.685,-0.765,-0.864,-0.478,-0.637,-0.267,0.957,0.75,-0.595,0.432,-0.351,0.122,-0.571,-0.634,-0.23,0.685,0.857,-0.809,0.703,-0.769,0.48,-0.303,0.537,-0.425,0.119,0.608,0.011,0.73,0.717,-0.628,-0.641,-0.404,-0.01,0.569,0.855,-0.18,0.396,0.754,0.893,0.89,0.295,0.101,-0.65,-0.432,-0.693,0.733,-0.388,0.618,-0.115,0.95,0.915,-0.571,0.402,-0.228,-0.651,0.196,0.101,0.949
AMRN,0.164,0.478,0.449,0.078,0.201,0.176,0.507,0.137,0.0,0.174,0.599,0.407,0.149,0.401,0.494,0.523,0.503,0.113,0.061,0.332,0.615,0.142,0.166,0.341,-0.015,0.307,0.459,0.432,0.431,0.666,0.495,0.045,0.345,0.427,0.716,0.474,0.568,0.418,0.441,-0.015,0.602,0.108,0.408,0.412,0.466,0.278,0.279,-0.043,-0.077,0.119,0.438,0.14,0.468,0.679,0.442,0.159,0.505,0.474,0.392,0.52,-0.042,0.077,0.459,0.607,-0.039,0.504,0.28,0.524,0.56,0.289,0.636,0.094,0.579,0.398,0.641,0.083,0.189,0.62,0.163,0.617,0.104,0.227,0.392,0.514,0.402,0.102,0.42,0.579,0.363,0.326,0.561,0.724,0.332,0.064,0.315,0.084,0.315,0.579,0.529,0.405,0.022,0.502,0.459,0.583,0.211,0.255,0.072,0.46,0.626,0.677,0.112,0.357,0.488,0.649,0.697,0.472,0.296,0.587,0.067,0.226,0.245,0.403,0.36,0.572,0.504,0.125,0.199,0.553,0.053,0.596,0.293,0.519,0.331,0.812,0.357,0.611,0.431,0.493,0.598,0.315,0.4,0.674,0.424,0.328,0.066,0.213,0.436,0.472,0.213,-0.007,0.569,0.045,0.697,0.461,0.532,0.31,0.626,0.255,0.15,0.297,0.176,0.258,0.466,0.446,0.097,0.383,0.728,0.413,0.517,0.285,0.439,0.514,0.347,0.596,0.722,0.094,0.216,0.605,0.678,0.411,0.113,0.169,0.503,0.249,0.45,0.553,0.414,-0.169,0.571,0.287,0.691,0.076,0.082,0.491,0.508,0.286,0.473,0.326,0.604,0.095
ANGI,0.59,-0.086,-0.206,0.708,0.843,0.725,0.708,0.523,0.174,0.0,-0.172,0.06,0.632,0.578,-0.131,0.315,-0.136,-0.046,0.366,0.298,-0.129,-0.458,0.79,-0.658,0.721,-0.011,-0.079,-0.33,-0.304,0.091,0.539,0.448,0.575,0.589,0.398,0.095,-0.185,-0.419,-0.438,0.794,0.347,0.744,0.394,0.167,0.411,-0.308,0.351,0.769,0.408,0.757,0.128,-0.579,-0.421,0.405,0.581,-0.433,-0.306,-0.227,0.438,-0.017,0.469,0.526,0.582,0.156,-0.534,-0.107,0.608,-0.191,-0.018,-0.324,0.055,-0.41,-0.026,0.752,-0.119,0.512,0.634,0.287,-0.625,0.036,0.443,0.654,0.493,0.565,-0.366,-0.272,-0.202,-0.076,0.672,0.369,0.118,0.266,-0.381,0.593,-0.398,0.503,-0.071,0.595,0.128,-0.05,0.106,-0.203,0.352,-0.272,-0.465,0.781,0.805,0.635,0.495,0.373,0.439,0.513,0.295,0.306,0.182,0.483,-0.425,-0.236,0.607,0.181,0.371,0.255,-0.3,0.027,-0.104,0.473,0.573,0.017,0.192,-0.266,0.75,0.504,0.418,0.204,-0.396,0.117,-0.115,-0.02,0.458,0.495,-0.373,0.094,-0.17,-0.348,-0.394,-0.431,-0.194,-0.144,0.491,0.278,-0.179,0.371,-0.203,0.169,-0.146,-0.201,-0.062,0.173,0.457,-0.318,0.647,-0.297,0.331,-0.153,-0.064,-0.028,0.089,0.138,0.115,0.753,0.725,-0.217,-0.351,-0.272,0.218,0.894,0.731,0.247,0.267,0.616,0.509,0.363,-0.021,0.521,-0.392,-0.15,-0.281,0.311,-0.234,0.443,0.025,0.545,0.719,-0.276,0.303,-0.405,-0.184,-0.198,0.529,0.496
APA,0.186,0.872,0.573,-0.293,-0.215,-0.392,0.059,-0.404,0.599,-0.172,0.0,0.683,-0.368,0.058,0.847,0.139,0.771,-0.068,-0.292,0.245,0.878,0.719,-0.165,0.612,-0.433,-0.017,0.613,0.676,0.828,0.793,0.288,-0.455,-0.138,0.415,0.34,0.59,0.89,0.678,0.804,-0.18,0.334,-0.474,0.196,0.371,0.003,0.766,0.329,-0.534,-0.539,-0.339,0.58,0.532,0.758,0.697,0.007,0.661,0.877,0.87,0.457,0.796,-0.583,-0.441,0.089,0.584,0.526,0.826,-0.175,0.75,0.871,0.445,0.717,0.666,0.833,0.321,0.818,-0.58,-0.422,0.554,0.57,0.146,-0.227,-0.143,0.089,-0.073,0.852,0.546,0.748,0.763,0.238,-0.012,0.483,0.792,0.727,-0.479,0.822,-0.479,0.75,0.407,0.523,0.791,-0.349,0.825,0.273,0.86,0.492,-0.394,-0.419,-0.116,0.265,0.571,-0.41,0.309,0.638,0.604,0.789,0.156,0.741,0.848,-0.456,-0.009,-0.21,0.318,0.837,0.873,0.891,-0.324,-0.227,0.9,-0.486,0.946,-0.278,0.171,-0.156,0.753,0.849,0.473,0.767,0.582,0.581,-0.191,0.502,0.641,0.79,0.825,0.648,0.544,0.866,0.795,-0.373,-0.419,0.894,-0.24,0.878,0.325,0.832,0.675,0.812,-0.158,-0.354,0.802,-0.079,0.72,0.119,0.51,-0.199,0.516,0.708,0.046,0.516,-0.289,-0.099,0.869,0.756,0.875,0.719,-0.31,-0.369,0.656,0.498,-0.065,-0.444,-0.319,0.189,0.112,0.895,0.727,0.869,-0.521,0.813,-0.154,0.784,-0.532,-0.475,0.95,0.309,0.421,0.906,0.251,0.488,-0.431
APOG,0.17,0.776,0.578,0.129,0.075,-0.143,0.091,-0.298,0.407,0.06,0.683,0.0,-0.056,0.301,0.718,0.25,0.461,-0.427,0.077,0.555,0.823,0.538,-0.023,0.28,0.059,-0.326,0.164,0.387,0.521,0.775,0.558,-0.241,0.059,0.544,0.425,0.691,0.636,0.287,0.574,0.051,0.095,-0.267,-0.071,0.697,0.183,0.534,0.35,-0.2,-0.282,0.058,0.366,0.06,0.367,0.762,0.357,0.28,0.779,0.617,0.716,0.883,-0.489,-0.174,0.134,0.204,0.437,0.854,0.256,0.41,0.819,-0.141,0.73,0.429,0.732,0.561,0.781,-0.402,-0.152,0.617,0.263,-0.206,-0.145,0.154,-0.031,-0.109,0.626,0.515,0.419,0.696,0.429,0.002,0.58,0.69,0.49,-0.174,0.57,-0.403,0.595,0.395,0.675,0.839,-0.186,0.599,0.635,0.485,0.01,-0.232,-0.221,-0.032,0.496,0.675,-0.149,0.702,0.717,0.69,0.758,0.065,0.461,0.573,-0.297,-0.297,-0.345,0.579,0.635,0.743,0.774,-0.055,0.005,0.83,-0.525,0.667,-0.256,0.104,0.065,0.623,0.499,0.1,0.83,0.512,0.539,-0.232,0.216,0.709,0.603,0.567,0.582,0.14,0.594,0.86,-0.305,-0.229,0.668,0.22,0.633,0.589,0.589,0.431,0.832,0.078,-0.307,0.58,0.201,0.509,-0.086,0.06,-0.49,0.573,0.595,-0.245,0.738,-0.139,0.08,0.701,0.343,0.738,0.5,0.09,-0.082,0.681,0.548,0.181,-0.161,-0.203,0.121,0.448,0.742,0.24,0.655,-0.203,0.8,0.026,0.552,-0.322,-0.194,0.699,0.401,-0.064,0.74,-0.206,0.315,-0.298
APPS,0.187,-0.451,-0.339,0.797,0.689,0.947,0.684,0.905,0.149,0.632,-0.368,-0.056,0.0,0.698,-0.419,0.486,-0.53,0.072,0.838,0.358,-0.192,-0.808,0.72,-0.575,0.835,0.25,-0.504,-0.605,-0.627,-0.104,0.417,0.902,0.858,0.2,0.606,-0.086,-0.538,-0.455,-0.38,0.366,0.261,0.908,0.025,0.388,0.741,-0.744,-0.174,0.893,0.898,0.86,-0.524,-0.675,-0.688,0.131,0.803,-0.839,-0.427,-0.575,0.257,-0.204,0.84,0.879,0.742,-0.118,-0.769,-0.234,0.828,-0.604,-0.312,-0.594,-0.162,-0.815,-0.36,0.326,-0.008,0.847,0.924,0.261,-0.65,0.335,0.615,0.763,0.177,0.767,-0.695,-0.632,-0.475,-0.068,0.255,0.42,0.457,0.058,-0.76,0.965,-0.765,0.838,-0.586,0.272,0.065,-0.349,0.738,-0.546,0.596,-0.547,-0.313,0.833,0.839,0.85,0.657,0.29,0.87,0.55,-0.009,0.297,-0.024,0.453,-0.737,-0.305,0.888,0.372,0.653,0.126,-0.701,-0.203,-0.385,0.93,0.848,-0.311,0.592,-0.438,0.708,0.518,0.887,0.082,-0.77,0.113,-0.378,0.044,0.135,0.561,-0.458,0.111,-0.63,-0.725,-0.756,-0.626,-0.621,-0.102,0.877,0.743,-0.515,0.656,-0.331,0.344,-0.566,-0.654,-0.087,0.777,0.745,-0.763,0.779,-0.704,0.302,-0.434,0.332,-0.224,0.146,0.386,0.251,0.785,0.795,-0.531,-0.675,-0.316,-0.04,0.72,0.933,-0.025,0.43,0.862,0.945,0.806,0.342,0.371,-0.553,-0.526,-0.626,0.803,-0.241,0.676,-0.106,0.927,0.958,-0.529,0.493,-0.447,-0.539,-0.055,0.061,0.863
ARCB,0.295,0.034,0.073,0.717,0.711,0.702,0.802,0.601,0.401,0.578,0.058,0.301,0.698,0.0,-0.024,0.573,-0.175,-0.126,0.625,0.5,0.295,-0.403,0.514,-0.216,0.712,-0.013,-0.158,-0.149,-0.222,0.43,0.684,0.618,0.708,0.673,0.787,0.409,-0.012,-0.282,-0.049,0.493,0.384,0.669,0.223,0.652,0.672,-0.344,-0.01,0.562,0.506,0.798,-0.135,-0.485,-0.304,0.465,0.822,-0.44,0.076,-0.091,0.417,0.328,0.42,0.727,0.763,0.309,-0.555,0.274,0.821,-0.144,0.245,-0.504,0.378,-0.406,0.07,0.622,0.429,0.475,0.713,0.625,-0.459,0.3,0.367,0.661,0.386,0.617,-0.255,-0.097,-0.193,0.387,0.482,0.35,0.678,0.496,-0.241,0.672,-0.313,0.504,-0.142,0.707,0.578,0.139,0.434,0.042,0.805,-0.007,-0.326,0.668,0.666,0.838,0.823,0.618,0.6,0.69,0.312,0.704,0.47,0.503,-0.39,0.079,0.565,0.289,0.414,0.393,-0.208,0.146,0.002,0.675,0.686,0.187,0.162,0.016,0.618,0.544,0.698,0.477,-0.307,0.379,0.03,0.323,0.483,0.661,0.013,0.623,-0.114,-0.32,-0.326,-0.53,-0.064,0.305,0.529,0.45,0.013,0.659,0.204,0.446,-0.092,-0.104,0.404,0.499,0.48,-0.303,0.706,-0.275,0.337,-0.2,-0.065,0.245,0.367,0.246,0.587,0.702,0.789,-0.009,-0.217,0.179,0.383,0.718,0.772,0.534,0.67,0.746,0.646,0.569,0.447,0.584,-0.083,-0.166,-0.184,0.482,0.253,0.65,0.409,0.595,0.694,-0.076,0.709,-0.442,-0.047,-0.162,0.372,0.627
ARCC,0.208,0.892,0.546,-0.279,-0.13,-0.392,0.007,-0.486,0.494,-0.131,0.847,0.718,-0.419,-0.024,0.0,-0.06,0.787,-0.213,-0.447,0.227,0.838,0.807,-0.144,0.421,-0.39,-0.086,0.679,0.57,0.848,0.769,0.19,-0.57,-0.318,0.363,0.187,0.525,0.856,0.568,0.586,-0.23,0.353,-0.543,0.272,0.319,-0.03,0.794,0.434,-0.49,-0.674,-0.366,0.719,0.353,0.816,0.704,0.061,0.652,0.78,0.913,0.371,0.831,-0.641,-0.448,0.009,0.492,0.603,0.772,-0.152,0.686,0.849,0.413,0.722,0.753,0.869,0.332,0.719,-0.608,-0.441,0.348,0.478,-0.097,-0.13,-0.11,0.219,-0.143,0.824,0.631,0.84,0.522,0.367,0.123,0.391,0.707,0.806,-0.508,0.819,-0.531,0.787,0.371,0.612,0.816,-0.386,0.732,0.221,0.789,0.245,-0.39,-0.444,-0.224,0.2,0.584,-0.362,0.32,0.678,0.528,0.721,0.16,0.707,0.743,-0.46,-0.142,-0.324,0.292,0.851,0.844,0.901,-0.477,-0.196,0.872,-0.516,0.865,-0.264,0.085,-0.313,0.699,0.792,0.158,0.829,0.596,0.611,-0.321,0.319,0.58,0.856,0.861,0.723,0.653,0.814,0.688,-0.448,-0.569,0.805,-0.363,0.777,0.313,0.898,0.622,0.702,-0.195,-0.363,0.84,-0.165,0.697,0.11,0.574,-0.41,0.443,0.635,-0.062,0.422,-0.325,-0.105,0.818,0.548,0.771,0.731,-0.222,-0.408,0.567,0.41,-0.068,-0.532,-0.393,-0.085,0.083,0.828,0.652,0.908,-0.605,0.725,-0.257,0.566,-0.577,-0.507,0.89,0.162,0.392,0.869,0.065,0.524,-0.515
ARVN,-0.272,0.06,0.465,0.583,0.449,0.379,0.365,0.298,0.523,0.315,0.139,0.25,0.486,0.573,-0.06,0.0,-0.076,-0.279,0.638,0.712,0.153,-0.299,0.071,0.141,0.455,-0.094,-0.297,0.272,-0.22,0.33,0.774,0.39,0.692,0.439,0.783,0.579,0.084,-0.202,0.21,0.265,0.096,0.403,-0.159,0.638,0.408,-0.174,0.015,0.235,0.405,0.611,-0.147,-0.417,-0.193,0.436,0.504,-0.223,0.242,-0.184,0.527,0.179,0.161,0.355,0.306,0.282,-0.282,0.246,0.468,0.133,0.247,-0.328,0.45,-0.401,0.204,0.41,0.293,0.306,0.481,0.764,0.009,0.354,-0.206,0.185,-0.043,0.376,-0.024,-0.083,-0.356,0.534,0.014,0.187,0.376,0.421,-0.103,0.426,-0.108,0.143,0.076,0.307,0.293,0.096,0.132,0.232,0.657,0.102,-0.098,0.412,0.285,0.56,0.701,0.452,0.196,0.38,0.164,0.543,0.439,-0.04,-0.068,0.092,0.211,-0.186,0.071,0.727,-0.055,0.165,0.095,0.521,0.127,0.178,0.003,0.01,0.243,0.188,0.606,0.342,-0.144,0.28,0.221,-0.071,0.082,0.399,0.403,0.465,-0.055,-0.193,-0.228,-0.557,0.023,0.373,0.299,0.365,0.241,0.697,0.23,0.633,-0.111,-0.08,0.461,0.547,0.025,-0.177,0.296,-0.118,-0.084,-0.235,-0.023,0.589,0.23,-0.044,0.696,0.57,0.559,0.194,0.078,0.282,0.1,0.431,0.533,0.526,0.313,0.467,0.537,0.152,0.772,0.684,0.105,0.025,-0.021,0.407,0.419,0.359,0.38,0.387,0.445,-0.033,0.593,-0.354,0.099,-0.232,0.039,0.242
ATEC,0.198,0.719,0.481,-0.419,-0.233,-0.484,-0.037,-0.52,0.503,-0.136,0.771,0.461,-0.53,-0.175,0.787,-0.076,0.0,0.034,-0.631,0.012,0.637,0.744,-0.219,0.474,-0.519,0.012,0.747,0.64,0.798,0.609,0.081,-0.623,-0.411,0.206,0.048,0.362,0.825,0.65,0.52,-0.227,0.34,-0.546,0.412,-0.024,-0.138,0.81,0.364,-0.541,-0.736,-0.493,0.81,0.508,0.829,0.552,-0.154,0.723,0.66,0.836,0.213,0.582,-0.584,-0.545,-0.11,0.485,0.497,0.553,-0.351,0.76,0.664,0.587,0.602,0.675,0.766,0.179,0.504,-0.523,-0.526,0.223,0.455,0.121,-0.215,-0.191,0.201,-0.152,0.762,0.509,0.833,0.404,0.277,0.081,0.12,0.632,0.779,-0.641,0.775,-0.49,0.761,0.288,0.405,0.608,-0.511,0.709,-0.061,0.778,0.349,-0.382,-0.456,-0.233,0.063,0.46,-0.505,0.016,0.428,0.356,0.583,0.168,0.726,0.704,-0.523,-0.089,-0.285,0.202,0.782,0.686,0.753,-0.606,-0.331,0.709,-0.356,0.789,-0.156,0.06,-0.417,0.575,0.796,0.256,0.626,0.46,0.464,-0.17,0.405,0.4,0.791,0.828,0.593,0.707,0.82,0.475,-0.429,-0.673,0.778,-0.542,0.744,0.121,0.915,0.745,0.494,-0.427,-0.371,0.816,-0.379,0.649,0.163,0.64,-0.217,0.346,0.451,0.096,0.189,-0.335,-0.157,0.788,0.624,0.681,0.691,-0.334,-0.457,0.414,0.278,-0.172,-0.624,-0.474,-0.084,-0.069,0.714,0.754,0.841,-0.799,0.556,-0.402,0.586,-0.583,-0.566,0.8,-0.07,0.56,0.788,0.244,0.555,-0.527
ATXS,0.282,-0.34,-0.407,-0.328,-0.262,0.189,0.254,0.342,0.113,-0.046,-0.068,-0.427,0.072,-0.126,-0.213,-0.279,0.034,0.0,-0.089,-0.449,-0.196,-0.281,0.341,0.024,-0.263,0.803,0.247,-0.195,0.04,-0.284,-0.38,0.258,0.114,-0.332,-0.056,-0.537,-0.188,0.435,0.051,-0.185,0.395,0.236,0.369,-0.405,0.206,-0.193,-0.082,0.105,0.17,-0.234,-0.055,0.466,0.044,-0.195,-0.115,-0.097,-0.327,-0.071,-0.378,-0.353,0.457,0.108,0.242,0.122,-0.327,-0.394,-0.011,-0.098,-0.368,0.481,-0.438,-0.151,-0.391,-0.324,-0.14,0.331,0.143,-0.307,-0.116,0.644,0.47,0.166,0.227,0.389,-0.184,-0.344,0.182,-0.2,0.038,0.181,-0.01,-0.14,-0.258,0.11,-0.235,0.479,-0.405,0.013,-0.339,-0.36,0.309,-0.286,-0.379,-0.059,0.389,0.203,0.14,0.169,-0.175,-0.236,0.262,-0.291,-0.16,-0.293,-0.249,0.519,-0.127,-0.01,0.272,0.72,0.631,-0.659,-0.28,-0.213,-0.287,0.113,0.253,-0.309,0.575,0.018,0.331,0.534,0.162,0.056,-0.075,0.517,-0.549,0.214,0.061,0.213,-0.196,-0.258,-0.272,-0.156,-0.365,0.275,-0.194,-0.375,0.425,0.285,-0.254,-0.398,-0.069,-0.337,-0.062,-0.103,-0.301,0.011,0.543,-0.234,0.163,-0.106,0.617,0.419,0.825,-0.625,0.142,0.699,-0.518,0.006,0.032,-0.282,0.029,-0.274,0.127,-0.263,0.071,-0.331,0.153,0.044,0.086,0.469,0.109,-0.611,-0.258,0.185,-0.271,-0.055,-0.38,0.176,-0.023,0.233,0.088,-0.106,-0.015,0.637,-0.285,0.879,0.226,0.396
AVAV,-0.105,-0.36,-0.066,0.734,0.445,0.71,0.417,0.68,0.061,0.366,-0.292,0.077,0.838,0.625,-0.447,0.638,-0.631,-0.089,0.0,0.527,-0.132,-0.694,0.41,-0.27,0.721,0.056,-0.717,-0.398,-0.624,-0.068,0.523,0.82,0.858,0.208,0.61,0.136,-0.483,-0.428,-0.092,0.288,-0.053,0.707,-0.353,0.61,0.572,-0.666,-0.219,0.636,0.875,0.789,-0.681,-0.558,-0.709,0.083,0.65,-0.72,-0.201,-0.593,0.351,-0.108,0.61,0.716,0.498,-0.186,-0.541,-0.058,0.736,-0.502,-0.201,-0.684,-0.085,-0.732,-0.332,0.231,0.065,0.618,0.772,0.422,-0.378,0.21,0.253,0.477,-0.151,0.475,-0.516,-0.441,-0.651,0.205,0.006,0.154,0.443,0.001,-0.657,0.828,-0.602,0.558,-0.502,0.116,0.036,-0.215,0.64,-0.363,0.662,-0.461,-0.212,0.554,0.575,0.625,0.576,0.177,0.648,0.517,0.005,0.268,0.004,0.087,-0.55,-0.258,0.607,0.099,0.402,0.277,-0.557,-0.202,-0.329,0.916,0.558,-0.235,0.349,-0.39,0.336,0.301,0.856,0.008,-0.632,0.098,-0.216,-0.077,-0.061,0.409,-0.178,0.175,-0.583,-0.65,-0.568,-0.786,-0.531,0.097,0.631,0.807,-0.366,0.854,-0.266,0.472,-0.622,-0.603,0.114,0.784,0.43,-0.674,0.696,-0.523,-0.022,-0.579,0.25,0.036,0.092,0.077,0.451,0.594,0.582,-0.366,-0.439,-0.177,-0.239,0.534,0.758,0.109,0.325,0.64,0.87,0.622,0.566,0.46,-0.347,-0.545,-0.543,0.873,-0.012,0.599,-0.039,0.735,0.767,-0.444,0.572,-0.534,-0.411,-0.177,-0.233,0.659
AXON,-0.157,0.33,0.55,0.601,0.389,0.252,0.24,0.077,0.332,0.298,0.245,0.555,0.358,0.5,0.227,0.712,0.012,-0.449,0.527,0.0,0.324,-0.014,0.087,0.091,0.424,-0.259,-0.241,0.239,-0.054,0.459,0.801,0.19,0.504,0.528,0.65,0.671,0.162,-0.119,0.287,0.227,0.011,0.203,-0.284,0.791,0.218,0.031,0.146,0.194,0.248,0.547,-0.052,-0.402,-0.086,0.547,0.55,-0.087,0.374,0.022,0.709,0.473,-0.062,0.194,0.188,0.172,0.039,0.476,0.492,0.181,0.443,-0.441,0.566,-0.141,0.335,0.485,0.416,0.047,0.354,0.724,0.058,-0.098,-0.183,0.281,-0.053,0.115,0.163,0.195,-0.183,0.585,0.209,0.173,0.421,0.442,0.086,0.309,0.078,-0.089,0.278,0.32,0.387,0.46,0.003,0.32,0.722,0.114,-0.269,0.164,0.113,0.284,0.599,0.592,0.13,0.613,0.464,0.548,0.531,-0.125,0.097,0.078,0.053,-0.421,-0.189,0.719,0.168,0.33,0.296,0.364,0.108,0.409,-0.214,0.113,0.044,0.123,0.394,0.418,-0.003,0.024,0.492,0.065,0.242,0.088,0.228,0.495,0.133,0.013,0.105,-0.42,0.145,0.567,0.035,0.216,0.292,0.622,0.224,0.706,0.055,-0.008,0.594,0.477,-0.13,0.039,0.333,0.086,-0.137,-0.217,-0.311,0.587,0.279,-0.303,0.75,0.377,0.5,0.321,0.062,0.347,0.19,0.445,0.371,0.603,0.316,0.464,0.354,-0.007,0.441,0.708,0.254,-0.032,0.198,0.326,0.546,0.249,0.306,0.171,0.277,0.119,0.573,-0.392,0.282,-0.431,0.039,0.073
BANF,0.203,0.833,0.534,-0.127,-0.059,-0.224,0.192,-0.28,0.615,-0.129,0.878,0.823,-0.192,0.295,0.838,0.153,0.637,-0.196,-0.132,0.324,0.0,0.649,-0.086,0.497,-0.208,-0.069,0.493,0.528,0.729,0.879,0.376,-0.301,-0.052,0.485,0.459,0.617,0.822,0.532,0.684,-0.156,0.363,-0.363,0.187,0.568,0.205,0.64,0.267,-0.391,-0.424,-0.159,0.486,0.329,0.661,0.733,0.272,0.459,0.882,0.846,0.475,0.908,-0.495,-0.206,0.246,0.516,0.436,0.897,0.102,0.594,0.889,0.2,0.777,0.57,0.793,0.4,0.942,-0.443,-0.24,0.566,0.385,0.104,-0.065,0.046,0.153,0.028,0.735,0.538,0.681,0.752,0.364,0.064,0.709,0.785,0.648,-0.297,0.696,-0.364,0.615,0.503,0.737,0.823,-0.143,0.733,0.51,0.743,0.273,-0.275,-0.297,0.035,0.467,0.694,-0.156,0.528,0.681,0.738,0.828,0.263,0.567,0.802,-0.32,0.014,-0.161,0.38,0.741,0.809,0.82,-0.187,0.011,0.894,-0.417,0.904,-0.184,0.239,-0.008,0.807,0.692,0.39,0.784,0.72,0.652,-0.102,0.388,0.806,0.721,0.7,0.598,0.432,0.747,0.857,-0.265,-0.336,0.793,-0.063,0.897,0.431,0.773,0.558,0.875,0.009,-0.211,0.693,0.063,0.597,0.176,0.415,-0.31,0.498,0.785,0.07,0.659,-0.195,0.063,0.797,0.525,0.908,0.765,-0.144,-0.19,0.708,0.692,0.14,-0.282,-0.14,0.173,0.195,0.858,0.509,0.773,-0.371,0.872,-0.003,0.763,-0.385,-0.322,0.88,0.438,0.239,0.821,0.116,0.467,-0.28
BATRK,0.004,0.811,0.515,-0.587,-0.465,-0.813,-0.448,-0.863,0.142,-0.458,0.719,0.538,-0.808,-0.403,0.807,-0.299,0.744,-0.281,-0.694,-0.014,0.649,0.0,-0.534,0.573,-0.674,-0.308,0.613,0.681,0.831,0.531,-0.085,-0.875,-0.687,0.109,-0.254,0.396,0.813,0.555,0.562,-0.328,-0.048,-0.882,0.028,0.02,-0.478,0.916,0.316,-0.811,-0.903,-0.688,0.676,0.564,0.834,0.332,-0.434,0.862,0.76,0.866,0.156,0.648,-0.916,-0.803,-0.472,0.269,0.862,0.656,-0.563,0.735,0.706,0.483,0.544,0.924,0.728,0.035,0.463,-0.888,-0.825,0.067,0.666,-0.362,-0.488,-0.503,-0.11,-0.597,0.899,0.768,0.724,0.392,0.064,-0.286,-0.014,0.354,0.9,-0.868,0.942,-0.863,0.827,0.024,0.325,0.728,-0.676,0.743,-0.156,0.726,0.28,-0.778,-0.779,-0.667,-0.244,0.194,-0.74,-0.046,0.431,0.172,0.456,-0.24,0.859,0.593,-0.829,-0.393,-0.664,0.173,0.925,0.593,0.749,-0.812,-0.616,0.735,-0.718,0.762,-0.631,-0.307,-0.698,0.33,0.909,-0.07,0.769,0.284,0.267,-0.574,0.414,0.289,0.865,0.934,0.923,0.702,0.834,0.531,-0.837,-0.79,0.773,-0.518,0.652,0.008,0.835,0.734,0.483,-0.555,-0.709,0.954,-0.544,0.835,-0.201,0.505,-0.51,0.428,0.277,-0.358,0.18,-0.68,-0.542,0.801,0.685,0.681,0.402,-0.538,-0.79,0.363,-0.009,-0.533,-0.868,-0.742,-0.28,-0.098,0.849,0.606,0.9,-0.788,0.615,-0.544,0.392,-0.91,-0.868,0.85,-0.189,0.384,0.855,-0.035,0.194,-0.856
BIDU,0.658,-0.201,-0.43,0.555,0.609,0.817,0.807,0.725,0.166,0.79,-0.165,-0.023,0.72,0.514,-0.144,0.071,-0.219,0.341,0.41,0.087,-0.086,-0.534,0.0,-0.655,0.61,0.355,-0.043,-0.525,-0.266,0.005,0.26,0.603,0.634,0.358,0.367,-0.176,-0.291,-0.178,-0.368,0.522,0.503,0.775,0.404,0.118,0.592,-0.439,0.223,0.802,0.531,0.611,-0.065,-0.342,-0.402,0.288,0.624,-0.548,-0.393,-0.207,0.256,-0.079,0.687,0.627,0.764,0.08,-0.595,-0.169,0.678,-0.358,-0.153,-0.193,-0.172,-0.449,-0.211,0.498,-0.033,0.625,0.708,0.085,-0.657,0.268,0.828,0.748,0.537,0.729,-0.454,-0.451,-0.078,-0.132,0.643,0.407,0.31,0.156,-0.515,0.7,-0.492,0.736,-0.325,0.553,0.07,-0.147,0.435,-0.415,0.304,-0.347,-0.25,0.764,0.817,0.663,0.43,0.272,0.68,0.541,0.303,0.221,0.051,0.743,-0.548,-0.183,0.764,0.585,0.668,-0.137,-0.441,-0.041,-0.21,0.592,0.822,-0.105,0.464,-0.204,0.805,0.771,0.571,0.244,-0.452,0.24,-0.326,0.205,0.512,0.475,-0.564,0.059,-0.303,-0.413,-0.505,-0.241,-0.335,-0.199,0.699,0.475,-0.363,0.229,-0.221,0.129,-0.218,-0.384,-0.129,0.36,0.765,-0.437,0.799,-0.384,0.63,0.001,0.307,-0.385,0.288,0.466,-0.041,0.658,0.69,-0.379,-0.449,-0.321,0.277,0.685,0.707,0.07,0.455,0.681,0.574,0.701,-0.023,0.128,-0.447,-0.22,-0.402,0.393,-0.327,0.532,-0.013,0.66,0.741,-0.27,0.375,-0.114,-0.319,0.207,0.512,0.706
BLNE,-0.397,0.491,0.661,-0.554,-0.601,-0.645,-0.353,-0.55,0.341,-0.658,0.612,0.28,-0.575,-0.216,0.421,0.141,0.474,0.024,-0.27,0.091,0.497,0.573,-0.655,0.0,-0.654,-0.016,0.334,0.748,0.591,0.407,0.051,-0.464,-0.298,-0.037,0.104,0.437,0.614,0.616,0.825,-0.458,-0.051,-0.635,-0.185,0.218,-0.234,0.569,-0.069,-0.813,-0.475,-0.553,0.203,0.647,0.634,0.15,-0.349,0.64,0.71,0.509,0.03,0.417,-0.615,-0.557,-0.338,0.344,0.541,0.52,-0.395,0.657,0.482,0.445,0.443,0.541,0.435,-0.271,0.495,-0.57,-0.527,0.314,0.774,0.194,-0.571,-0.576,-0.311,-0.372,0.705,0.529,0.356,0.641,-0.329,-0.25,0.149,0.298,0.636,-0.602,0.678,-0.591,0.435,-0.092,0.156,0.446,-0.296,0.692,-0.017,0.695,0.534,-0.611,-0.719,-0.368,-0.114,0.115,-0.532,-0.246,0.159,0.164,0.391,-0.303,0.735,0.579,-0.688,-0.194,-0.332,0.169,0.64,0.379,0.475,-0.387,-0.594,0.475,-0.364,0.644,-0.594,-0.19,-0.257,0.359,0.704,0.357,0.473,0.245,-0.025,-0.268,0.754,0.342,0.521,0.593,0.542,0.345,0.591,0.51,-0.503,-0.256,0.67,-0.186,0.647,0.123,0.502,0.555,0.569,-0.157,-0.51,0.578,-0.448,0.636,-0.179,0.361,-0.013,0.469,0.308,-0.09,0.298,-0.558,-0.416,0.669,0.777,0.648,0.244,-0.679,-0.572,0.364,0.096,-0.414,-0.479,-0.401,0.407,-0.114,0.746,0.596,0.593,-0.434,0.665,-0.278,0.53,-0.571,-0.669,0.626,0.083,0.455,0.596,0.266,-0.092,-0.506
BLNK,0.161,-0.342,-0.191,0.915,0.767,0.804,0.6,0.673,-0.015,0.721,-0.433,0.059,0.835,0.712,-0.39,0.455,-0.519,-0.263,0.721,0.424,-0.208,-0.674,0.61,-0.654,0.0,-0.21,-0.575,-0.493,-0.664,-0.033,0.537,0.704,0.709,0.393,0.45,0.09,-0.448,-0.686,-0.504,0.638,0.044,0.786,-0.032,0.403,0.513,-0.626,-0.118,0.843,0.701,0.94,-0.394,-0.838,-0.722,0.147,0.729,-0.733,-0.355,-0.54,0.369,-0.12,0.603,0.784,0.563,-0.169,-0.638,-0.144,0.796,-0.539,-0.187,-0.781,-0.026,-0.703,-0.271,0.502,-0.087,0.679,0.815,0.28,-0.721,0.003,0.389,0.663,0.18,0.489,-0.628,-0.393,-0.582,-0.072,0.33,0.292,0.272,0.04,-0.593,0.82,-0.653,0.586,-0.372,0.362,0.204,-0.202,0.449,-0.404,0.602,-0.532,-0.612,0.751,0.828,0.703,0.596,0.279,0.644,0.58,0.016,0.312,0.005,0.25,-0.719,-0.382,0.691,0.078,0.327,0.36,-0.578,-0.219,-0.354,0.737,0.67,-0.221,0.313,-0.509,0.624,0.279,0.663,-0.036,-0.715,-0.097,-0.241,-0.053,0.12,0.562,-0.361,0.167,-0.477,-0.674,-0.576,-0.769,-0.487,-0.061,0.584,0.515,-0.428,0.772,-0.344,0.349,-0.52,-0.462,-0.061,0.513,0.477,-0.621,0.651,-0.64,0.094,-0.587,-0.106,0.02,-0.111,0.03,0.312,0.775,0.736,-0.41,-0.632,-0.283,-0.083,0.901,0.843,0.136,0.253,0.706,0.787,0.519,0.137,0.572,-0.511,-0.601,-0.548,0.68,-0.182,0.501,-0.089,0.762,0.871,-0.536,0.361,-0.695,-0.437,-0.444,0.03,0.671
BTAI,0.257,-0.3,-0.35,-0.249,-0.104,0.325,0.304,0.452,0.307,-0.011,-0.017,-0.326,0.25,-0.013,-0.086,-0.094,0.012,0.803,0.056,-0.259,-0.069,-0.308,0.355,-0.016,-0.21,0.0,0.25,-0.262,0.046,-0.215,-0.317,0.383,0.2,-0.329,0.15,-0.467,-0.215,0.362,0.034,-0.328,0.501,0.315,0.404,-0.227,0.429,-0.256,0.041,0.189,0.281,-0.133,-0.062,0.284,0.094,-0.034,0.139,-0.225,-0.304,-0.048,-0.309,-0.201,0.525,0.244,0.337,0.142,-0.385,-0.34,0.144,-0.118,-0.318,0.434,-0.345,-0.235,-0.291,-0.278,-0.003,0.447,0.272,-0.202,-0.112,0.674,0.581,0.316,0.338,0.56,-0.203,-0.465,0.239,-0.169,0.116,0.341,0.198,-0.013,-0.299,0.258,-0.266,0.563,-0.448,0.001,-0.242,-0.337,0.499,-0.32,-0.201,-0.073,0.39,0.302,0.141,0.308,0.048,-0.034,0.477,-0.157,-0.061,-0.177,-0.142,0.603,-0.136,-0.006,0.416,0.706,0.667,-0.559,-0.273,-0.065,-0.164,0.252,0.41,-0.255,0.618,0.043,0.374,0.6,0.326,0.209,-0.144,0.438,-0.413,0.3,0.157,0.15,-0.282,-0.128,-0.295,-0.127,-0.404,0.312,-0.274,-0.294,0.594,0.381,-0.236,-0.337,-0.033,-0.173,-0.035,-0.273,-0.18,0.285,0.648,-0.283,0.24,-0.151,0.576,0.439,0.83,-0.613,0.36,0.75,-0.344,0.126,0.195,-0.311,-0.131,-0.217,0.177,-0.211,0.252,-0.299,0.355,0.283,0.26,0.573,0.195,-0.528,-0.236,0.194,-0.227,0.069,-0.284,0.304,-0.106,0.33,0.2,-0.088,0.146,0.581,-0.295,0.803,0.264,0.441
BYND,0.37,0.573,0.167,-0.51,-0.114,-0.338,0.119,-0.371,0.459,-0.079,0.613,0.164,-0.504,-0.158,0.679,-0.297,0.747,0.247,-0.717,-0.241,0.493,0.613,-0.043,0.334,-0.575,0.25,0.0,0.453,0.776,0.453,-0.135,-0.545,-0.41,0.178,-0.031,0.148,0.695,0.633,0.305,-0.175,0.554,-0.408,0.635,-0.225,-0.083,0.665,0.407,-0.444,-0.693,-0.52,0.817,0.533,0.828,0.388,-0.205,0.663,0.395,0.791,-0.086,0.439,-0.42,-0.427,-0.007,0.622,0.356,0.337,-0.351,0.666,0.503,0.797,0.366,0.671,0.542,0.137,0.346,-0.437,-0.43,0.006,0.357,0.163,0.028,-0.136,0.449,0.031,0.614,0.415,0.834,0.17,0.348,0.136,0.056,0.458,0.652,-0.526,0.619,-0.291,0.545,0.363,0.294,0.416,-0.429,0.543,-0.252,0.696,0.331,-0.203,-0.308,-0.155,-0.077,0.28,-0.339,-0.124,0.41,0.189,0.446,0.378,0.568,0.536,-0.306,0.214,-0.008,-0.142,0.639,0.514,0.55,-0.59,-0.179,0.533,-0.224,0.682,0.013,0.265,-0.463,0.55,0.706,0.331,0.363,0.395,0.534,-0.112,0.258,0.232,0.701,0.705,0.493,0.774,0.654,0.153,-0.311,-0.567,0.58,-0.707,0.611,-0.165,0.805,0.636,0.265,-0.449,-0.107,0.684,-0.268,0.621,0.423,0.85,-0.068,0.068,0.433,0.263,-0.119,-0.241,-0.131,0.538,0.53,0.413,0.706,-0.298,-0.406,0.293,0.22,-0.217,-0.598,-0.263,-0.157,-0.263,0.501,0.764,0.643,-0.746,0.279,-0.197,0.439,-0.485,-0.478,0.66,-0.007,0.645,0.581,0.423,0.665,-0.369
CAN,-0.27,0.661,0.762,-0.352,-0.333,-0.631,-0.217,-0.654,0.432,-0.33,0.676,0.387,-0.605,-0.149,0.57,0.272,0.64,-0.195,-0.398,0.239,0.528,0.681,-0.525,0.748,-0.493,-0.262,0.453,0.0,0.628,0.544,0.241,-0.634,-0.302,0.256,0.128,0.601,0.806,0.5,0.669,-0.131,0.036,-0.592,-0.018,0.184,-0.345,0.739,0.227,-0.728,-0.664,-0.388,0.533,0.462,0.697,0.377,-0.311,0.731,0.784,0.635,0.287,0.51,-0.741,-0.606,-0.32,0.5,0.581,0.616,-0.395,0.826,0.675,0.452,0.668,0.631,0.651,0.12,0.46,-0.64,-0.543,0.434,0.648,0.074,-0.674,-0.524,-0.109,-0.383,0.801,0.709,0.387,0.655,-0.07,-0.223,0.032,0.454,0.809,-0.644,0.808,-0.718,0.771,0.191,0.315,0.593,-0.64,0.852,0.007,0.791,0.259,-0.484,-0.578,-0.332,-0.005,0.222,-0.699,-0.108,0.314,0.307,0.54,-0.295,0.784,0.534,-0.743,-0.376,-0.527,0.472,0.784,0.486,0.597,-0.548,-0.643,0.649,-0.577,0.678,-0.435,-0.18,-0.351,0.408,0.796,0.298,0.653,0.152,0.192,-0.189,0.819,0.432,0.749,0.703,0.661,0.32,0.807,0.545,-0.634,-0.497,0.833,-0.154,0.717,0.228,0.648,0.702,0.595,-0.331,-0.661,0.748,-0.464,0.718,-0.163,0.44,-0.341,0.736,0.233,-0.284,0.392,-0.308,-0.285,0.838,0.852,0.732,0.377,-0.366,-0.518,0.599,0.034,-0.391,-0.564,-0.626,0.259,0.158,0.786,0.724,0.75,-0.596,0.726,-0.328,0.616,-0.641,-0.627,0.704,0.056,0.28,0.784,0.015,0.165,-0.635
CCEC,0.186,0.829,0.434,-0.561,-0.372,-0.562,-0.133,-0.581,0.431,-0.304,0.828,0.521,-0.627,-0.222,0.848,-0.22,0.798,0.04,-0.624,-0.054,0.729,0.831,-0.266,0.591,-0.664,0.046,0.776,0.628,0.0,0.651,-0.01,-0.696,-0.479,0.207,0.038,0.383,0.848,0.745,0.679,-0.32,0.319,-0.646,0.299,0.073,-0.16,0.848,0.412,-0.666,-0.772,-0.606,0.717,0.66,0.882,0.499,-0.22,0.766,0.725,0.922,0.125,0.687,-0.696,-0.623,-0.128,0.499,0.618,0.663,-0.374,0.729,0.736,0.624,0.558,0.86,0.764,0.142,0.614,-0.713,-0.628,0.215,0.621,-0.013,-0.194,-0.279,0.155,-0.221,0.863,0.611,0.848,0.461,0.206,-0.031,0.226,0.572,0.822,-0.677,0.854,-0.576,0.709,0.238,0.405,0.706,-0.461,0.751,-0.043,0.835,0.407,-0.507,-0.588,-0.368,-0.06,0.359,-0.511,0.058,0.57,0.337,0.604,0.116,0.81,0.693,-0.567,-0.038,-0.308,0.018,0.859,0.706,0.788,-0.603,-0.357,0.765,-0.532,0.883,-0.39,0.062,-0.468,0.612,0.891,0.309,0.671,0.498,0.504,-0.4,0.416,0.422,0.854,0.896,0.78,0.757,0.843,0.529,-0.529,-0.59,0.788,-0.556,0.746,0.055,0.9,0.742,0.583,-0.382,-0.399,0.874,-0.279,0.809,0.158,0.671,-0.248,0.315,0.596,-0.002,0.172,-0.514,-0.324,0.785,0.713,0.69,0.639,-0.473,-0.597,0.435,0.27,-0.322,-0.706,-0.417,-0.082,-0.141,0.823,0.802,0.87,-0.752,0.613,-0.268,0.542,-0.712,-0.688,0.898,0.059,0.55,0.834,0.306,0.475,-0.599
CDW,0.173,0.854,0.583,0.115,0.159,-0.093,0.345,-0.225,0.666,0.091,0.793,0.775,-0.104,0.43,0.769,0.33,0.609,-0.284,-0.068,0.459,0.879,0.531,0.005,0.407,-0.033,-0.215,0.453,0.544,0.651,0.0,0.629,-0.29,0.097,0.697,0.597,0.796,0.828,0.383,0.602,0.072,0.365,-0.22,0.209,0.643,0.224,0.565,0.356,-0.261,-0.375,0.061,0.532,0.157,0.555,0.829,0.357,0.445,0.814,0.745,0.538,0.888,-0.466,-0.143,0.299,0.602,0.319,0.895,0.208,0.646,0.928,0.089,0.877,0.474,0.847,0.577,0.835,-0.392,-0.082,0.716,0.357,0.083,-0.114,0.077,0.248,0.106,0.678,0.525,0.523,0.748,0.424,0.17,0.612,0.856,0.657,-0.182,0.631,-0.334,0.688,0.663,0.806,0.806,-0.26,0.811,0.614,0.759,0.099,-0.087,-0.126,0.182,0.565,0.792,-0.184,0.597,0.759,0.847,0.935,0.237,0.489,0.698,-0.237,-0.101,-0.167,0.527,0.688,0.747,0.756,-0.112,0.018,0.885,-0.472,0.777,-0.029,0.257,0.019,0.873,0.624,0.38,0.79,0.533,0.711,0.068,0.478,0.82,0.766,0.599,0.555,0.218,0.753,0.786,-0.238,-0.325,0.801,0.078,0.842,0.533,0.727,0.62,0.874,0.041,-0.212,0.639,0.134,0.546,0.241,0.357,-0.441,0.679,0.721,-0.027,0.713,0.05,0.274,0.806,0.509,0.821,0.792,0.109,-0.068,0.861,0.619,0.212,-0.212,-0.135,0.274,0.447,0.759,0.516,0.746,-0.325,0.855,0.07,0.837,-0.295,-0.181,0.767,0.556,0.045,0.817,-0.071,0.544,-0.246
CDXS,0.086,0.391,0.478,0.686,0.581,0.371,0.487,0.17,0.495,0.539,0.288,0.558,0.417,0.684,0.19,0.774,0.081,-0.38,0.523,0.801,0.376,-0.085,0.26,0.051,0.537,-0.317,-0.135,0.241,-0.01,0.629,0.0,0.218,0.637,0.801,0.789,0.753,0.294,-0.143,0.239,0.521,0.133,0.344,-0.063,0.767,0.319,0.057,0.243,0.285,0.233,0.67,0.095,-0.396,-0.099,0.679,0.614,-0.085,0.397,0.074,0.758,0.469,-0.024,0.256,0.393,0.35,-0.083,0.519,0.575,0.251,0.528,-0.382,0.639,-0.14,0.435,0.739,0.434,0.104,0.446,0.849,-0.035,0.061,-0.123,0.337,0.105,0.306,0.167,0.161,-0.174,0.635,0.405,0.203,0.444,0.598,0.081,0.358,0.066,0.012,0.311,0.616,0.488,0.452,-0.07,0.419,0.795,0.211,-0.283,0.373,0.336,0.508,0.721,0.678,0.124,0.677,0.551,0.718,0.677,0.069,0.024,0.191,0.157,-0.258,-0.03,0.759,0.172,0.336,0.287,0.421,0.2,0.483,-0.211,0.176,0.26,0.288,0.425,0.559,0.037,0.268,0.466,0.082,0.433,0.361,0.291,0.577,0.22,-0.017,0.041,-0.485,0.229,0.539,0.115,0.181,0.38,0.663,0.333,0.642,0.128,0.151,0.617,0.359,-0.042,0.063,0.447,0.122,0.063,-0.185,-0.321,0.654,0.363,-0.148,0.772,0.53,0.649,0.385,0.136,0.383,0.364,0.626,0.473,0.754,0.418,0.53,0.38,0.074,0.514,0.856,0.254,0.073,0.185,0.274,0.538,0.347,0.544,0.235,0.395,0.168,0.66,-0.437,0.341,-0.366,0.302,0.157
