,ABEO,ACHC,AGNCN,AKAM,AKRO,ALRM,AMAT,AMED,AMRN,ANGI,APA,APOG,APPS,ARCB,ARCC,ARVN,ATEC,ATXS,AVAV,AXON,BANF,BATRK,BIDU,BLNE,BLNK,BTAI,BYND,CAN,CCEC,CDW,CDXS,CELH,CGNX,CHKP,CHRS,CHRW,CIGI,CKPT,CMPR,COGT,CRNC,CRSP,CSTL,CTSH,CVGW,DGLY,DNLI,DOCU,DVAX,EBAY,EHTH,ERII,ESLT,EXPE,EXPO,FBIOP,FFBC,FFIN,FOXF,FWRD,GDS,GERN,GPRE,GRWG,GRYP,HEES,HELE,HIVE,HON,HRTX,HSTM,HURA,IART,IBKR,IBOC,IBRX,IDXX,INGN,INM,INVA,IQ,IRBT,KDP,KPTI,KTOS,KXIN,LAMR,LFUS,LGIH,LGMK,LKFN,LNW,LOPE,LPSN,LYFT,MGNX,MLCO,MNST,MODV,MSTR,MTCH,MYGN,MYRG,NCMI,NEXT,NFLX,NIU,NKTR,NRC,NTNX,NTRA,NVEE,NVMI,NWL,NWS,NXPI,OCGN,OCSL,OKTA,OLLI,OTLK,OXLC,PAA,PARA,PARAA,PDCO,PDFS,PFG,PGEN,PNFP,PODD,POWI,PSMT,PTC,PTEN,PVLA,RDNT,RDUS,RDWR,REGN,RNAC,ROCK,ROST,RRR,RSLS,RVMD,RYAAY,SAFT,SAGE,SAVA,SBGI,SFM,SFNC,SHYF,SIBN,SIFY,SIGI,SIMO,SITM,SLM,SNBR,SNDX,SNY,SPNS,SRRK,STRA,SUPN,SYRE,TCBK,TEAM,TECH,THRM,TLRY,TRMK,TROW,TSLA,TWST,TXN,UFPI,UNIT,UPWK,USLM,UTHR,VERB,VLY,VRNA,VRRM,VXRT,WAFD,WATT,WBA,WING,WIX,WTFC,WTW,XPEL,XRX,YMAB,ZG,ZLAB
ABEO,0.0,0.285,-0.421,0.177,0.323,0.129,-0.17,-0.401,-0.101,0.206,0.135,0.483,-0.377,0.058,0.262,0.42,-0.061,-0.073,0.032,0.365,-0.254,0.154,0.099,-0.538,0.169,0.378,0.245,0.378,0.248,0.678,-0.208,-0.469,-0.159,-0.51,-0.374,-0.234,-0.227,-0.026,-0.031,-0.467,-0.266,-0.256,-0.407,-0.121,-0.165,0.601,-0.272,-0.125,0.53,-0.356,0.303,-0.147,0.016,-0.283,-0.174,-0.505,0.108,0.111,-0.205,-0.189,0.222,-0.239,-0.376,-0.69,0.071,-0.015,-0.22,0.076,-0.177,0.359,0.445,-0.375,0.01,-0.406,0.041,0.36,-0.083,0.058,0.105,0.42,0.644,-0.163,0.308,0.296,-0.045,0.245,-0.238,0.033,-0.114,0.468,0.028,-0.17,0.408,-0.254,0.501,0.057,-0.222,-0.2,-0.371,-0.387,-0.137,-0.507,-0.066,-0.04,0.349,0.0,0.23,0.453,0.459,0.546,-0.607,0.54,-0.122,0.273,-0.284,-0.176,0.289,-0.136,-0.013,-0.163,-0.455,0.235,0.669,-0.245,-0.387,0.3,0.23,0.428,-0.367,0.083,-0.27,0.402,-0.041,-0.399,0.338,-0.202,0.16,0.046,-0.28,0.024,0.107,-0.181,0.02,-0.456,-0.292,0.119,0.043,0.26,-0.104,-0.272,-0.038,0.165,0.153,-0.127,-0.244,-0.11,0.095,0.524,-0.328,-0.141,-0.144,-0.492,0.01,-0.278,-0.183,0.317,-0.036,0.247,0.381,0.2,0.268,-0.151,0.306,-0.017,0.118,-0.687,-0.378,-0.294,-0.184,0.242,-0.06,-0.186,0.553,-0.14,0.22,-0.217,0.253,0.325,0.059,-0.613,0.312,-0.222,-0.12,0.148,-0.012,-0.439,-0.372,-0.249,-0.415,-0.162
ACHC,0.285,0.0,0.473,-0.635,-0.311,-0.608,0.508,0.53,0.54,-0.036,0.744,0.522,0.51,0.302,0.862,-0.543,0.695,0.188,0.719,-0.11,0.628,0.683,0.723,-0.16,0.677,-0.612,0.278,-0.17,-0.502,0.181,0.636,0.408,0.439,0.121,0.157,0.76,0.523,-0.435,0.626,-0.153,0.58,0.128,0.359,0.629,0.425,-0.047,0.591,0.11,-0.333,-0.231,0.105,0.491,0.032,0.234,0.506,0.349,0.427,0.726,0.653,0.654,0.239,-0.692,0.41,0.028,-0.043,0.68,0.584,0.56,0.493,-0.43,0.736,0.409,0.379,0.325,0.67,-0.502,0.458,0.481,0.659,0.177,0.497,-0.181,-0.402,-0.708,0.426,0.475,0.229,0.785,-0.48,0.467,0.637,0.711,0.786,0.683,0.283,0.681,0.626,0.695,0.44,0.372,0.797,0.171,0.775,0.427,-0.596,-0.036,0.675,-0.412,-0.139,0.503,0.176,0.634,0.605,0.11,0.523,0.524,0.279,0.61,-0.173,-0.558,-0.523,0.796,0.636,0.631,0.48,0.811,0.502,0.399,0.312,0.543,0.453,-0.111,0.164,0.464,0.735,0.179,0.793,0.732,0.683,-0.321,0.605,0.657,0.571,0.456,0.292,0.506,0.771,0.674,0.613,-0.615,0.456,-0.66,0.633,0.724,0.628,0.305,-0.148,-0.178,0.538,0.429,0.668,0.391,-0.383,0.533,0.614,-0.636,-0.001,-0.611,0.629,-0.579,-0.451,0.64,0.104,0.536,0.821,-0.121,0.273,0.467,0.685,0.254,0.209,0.511,-0.208,0.5,0.492,0.203,0.63,-0.382,0.588,0.135,0.792,0.65,0.243,0.475,-0.782,0.329,0.425,0.299,0.488,0.429
AGNCN,-0.421,0.473,0.0,-0.686,-0.626,-0.836,0.731,0.64,0.559,-0.541,0.338,0.192,0.941,0.559,0.515,-0.942,0.706,0.624,0.58,-0.677,0.584,0.598,0.543,0.562,0.151,-0.783,-0.177,-0.774,-0.543,-0.482,0.874,0.906,0.543,0.699,0.741,0.671,0.863,-0.279,0.299,0.135,0.84,0.506,0.843,0.429,0.735,-0.825,0.829,-0.053,-0.879,0.454,-0.035,0.818,0.043,0.737,0.494,0.912,0.49,0.633,0.881,0.906,-0.139,-0.21,0.924,0.807,-0.355,0.803,0.899,0.344,0.8,-0.784,0.329,0.867,0.555,0.747,0.708,-0.91,0.38,0.177,0.491,0.05,-0.318,-0.143,-0.731,-0.861,0.58,-0.184,0.594,0.725,-0.41,-0.141,0.709,0.871,0.284,0.882,-0.398,0.559,0.916,0.81,0.935,0.904,0.761,0.841,0.721,0.729,-0.821,-0.207,0.112,-0.932,-0.534,-0.299,0.865,-0.203,0.709,-0.174,0.93,0.858,0.058,0.879,-0.489,-0.233,0.118,0.375,-0.147,0.803,0.89,0.337,-0.002,0.276,0.616,0.598,0.426,-0.697,0.478,0.706,0.543,0.703,0.614,0.82,0.806,-0.444,0.619,0.888,0.704,0.956,0.731,0.586,0.629,0.521,0.829,0.039,0.485,-0.859,0.569,0.666,0.897,0.749,-0.046,-0.724,0.925,0.788,0.635,0.906,-0.365,0.784,0.824,-0.742,0.371,-0.612,0.344,-0.887,-0.788,0.87,-0.477,0.616,0.554,0.73,0.652,0.923,0.899,0.058,0.165,0.727,-0.778,0.805,0.45,0.644,0.504,-0.511,0.647,0.768,0.47,0.482,0.085,0.517,-0.747,0.894,0.917,0.815,0.913,0.645
AKAM,0.177,-0.635,-0.686,0.0,0.694,0.582,-0.532,-0.4,-0.348,0.527,-0.398,-0.524,-0.719,-0.408,-0.607,0.716,-0.703,-0.422,-0.577,0.584,-0.785,-0.745,-0.534,-0.174,-0.351,0.658,0.237,0.629,0.25,0.322,-0.704,-0.688,-0.253,-0.348,-0.466,-0.66,-0.8,0.492,-0.401,0.257,-0.606,-0.073,-0.465,-0.383,-0.737,0.462,-0.741,0.289,0.741,0.195,-0.217,-0.783,-0.243,-0.663,-0.313,-0.522,-0.669,-0.802,-0.798,-0.803,0.075,0.508,-0.706,-0.351,0.378,-0.764,-0.724,-0.137,-0.826,0.702,-0.495,-0.728,-0.687,-0.373,-0.842,0.673,-0.108,-0.431,-0.605,-0.135,0.003,0.374,0.433,0.749,-0.545,-0.153,-0.507,-0.78,0.694,0.124,-0.766,-0.781,-0.526,-0.711,0.046,-0.527,-0.802,-0.671,-0.726,-0.665,-0.681,-0.412,-0.637,-0.659,0.545,0.465,-0.206,0.652,0.258,0.055,-0.452,-0.126,-0.458,-0.236,-0.754,-0.663,-0.07,-0.789,0.577,0.328,0.13,-0.396,-0.193,-0.616,-0.611,-0.328,0.053,-0.378,-0.271,-0.775,-0.366,0.452,-0.567,-0.428,-0.666,-0.555,-0.721,-0.703,-0.62,0.662,-0.427,-0.795,-0.745,-0.741,-0.56,-0.545,-0.728,-0.736,-0.631,0.216,-0.539,0.687,-0.8,-0.604,-0.711,-0.502,-0.116,0.48,-0.689,-0.718,-0.464,-0.526,0.503,-0.495,-0.553,0.544,-0.262,0.705,-0.673,0.697,0.738,-0.796,0.342,-0.831,-0.571,-0.261,-0.378,-0.729,-0.721,-0.016,0.18,-0.675,0.598,-0.635,-0.656,-0.546,-0.672,0.274,-0.744,-0.351,-0.695,-0.403,0.124,-0.696,0.763,-0.612,-0.633,-0.499,-0.672,-0.325
AKRO,0.323,-0.311,-0.626,0.694,0.0,0.529,-0.545,-0.356,-0.172,0.592,-0.279,-0.313,-0.661,-0.286,-0.466,0.684,-0.541,-0.276,-0.3,0.696,-0.609,-0.711,-0.262,-0.107,-0.222,0.629,0.321,0.657,0.296,0.323,-0.587,-0.606,-0.24,-0.342,-0.402,-0.467,-0.729,0.562,-0.314,0.289,-0.456,0.045,-0.331,-0.299,-0.549,0.584,-0.559,0.263,0.765,0.002,-0.072,-0.673,-0.305,-0.533,-0.41,-0.485,-0.636,-0.643,-0.658,-0.697,0.225,0.452,-0.729,-0.406,0.493,-0.619,-0.598,0.022,-0.722,0.7,-0.184,-0.593,-0.619,-0.349,-0.674,0.667,-0.194,-0.212,-0.358,-0.203,0.247,0.364,0.392,0.647,-0.42,-0.048,-0.525,-0.531,0.621,0.288,-0.604,-0.616,-0.183,-0.543,0.275,-0.241,-0.738,-0.535,-0.67,-0.694,-0.521,-0.439,-0.573,-0.514,0.498,0.539,-0.119,0.683,0.312,0.285,-0.445,0.19,-0.34,0.01,-0.709,-0.565,0.051,-0.698,0.506,0.266,-0.147,-0.181,0.028,-0.561,-0.597,-0.181,0.092,-0.229,-0.147,-0.666,-0.221,0.511,-0.449,-0.368,-0.433,-0.573,-0.61,-0.476,-0.562,0.625,-0.148,-0.666,-0.721,-0.693,-0.525,-0.409,-0.44,-0.565,-0.404,0.005,-0.58,0.575,-0.663,-0.424,-0.619,-0.59,0.072,0.385,-0.598,-0.697,-0.356,-0.474,0.491,-0.535,-0.424,0.492,-0.136,0.646,-0.478,0.724,0.606,-0.659,0.552,-0.639,-0.389,-0.348,-0.267,-0.608,-0.605,0.165,0.046,-0.624,0.684,-0.535,-0.588,-0.533,-0.391,0.375,-0.635,-0.349,-0.463,-0.303,0.146,-0.625,0.569,-0.67,-0.672,-0.385,-0.572,-0.279
ALRM,0.129,-0.608,-0.836,0.582,0.529,0.0,-0.778,-0.573,-0.67,0.388,-0.508,-0.302,-0.867,-0.447,-0.738,0.876,-0.726,-0.581,-0.682,0.452,-0.443,-0.703,-0.651,-0.295,-0.374,0.762,-0.186,0.582,0.606,0.177,-0.872,-0.767,-0.678,-0.435,-0.593,-0.653,-0.738,0.383,-0.362,0.024,-0.863,-0.549,-0.694,-0.489,-0.556,0.612,-0.762,-0.089,0.678,-0.412,0.009,-0.679,0.029,-0.5,-0.535,-0.771,-0.438,-0.648,-0.88,-0.868,-0.142,0.323,-0.813,-0.576,0.259,-0.849,-0.904,-0.54,-0.668,0.722,-0.467,-0.626,-0.462,-0.74,-0.677,0.889,-0.539,-0.201,-0.672,-0.182,0.025,0.078,0.768,0.851,-0.621,0.07,-0.466,-0.799,0.415,-0.214,-0.674,-0.889,-0.492,-0.881,0.23,-0.641,-0.865,-0.834,-0.815,-0.77,-0.857,-0.701,-0.785,-0.653,0.86,0.02,-0.434,0.851,0.504,-0.006,-0.701,-0.089,-0.839,0.337,-0.845,-0.87,-0.035,-0.813,0.366,0.497,0.162,-0.672,-0.188,-0.832,-0.851,-0.636,-0.265,-0.334,-0.496,-0.577,-0.484,0.574,-0.239,-0.711,-0.663,-0.571,-0.742,-0.82,-0.834,0.33,-0.684,-0.869,-0.701,-0.83,-0.6,-0.575,-0.636,-0.553,-0.804,0.144,-0.514,0.944,-0.594,-0.638,-0.92,-0.773,0.204,0.432,-0.866,-0.701,-0.625,-0.812,0.461,-0.841,-0.868,0.796,-0.306,0.589,-0.431,0.856,0.656,-0.86,0.293,-0.53,-0.692,-0.488,-0.658,-0.831,-0.901,-0.136,-0.391,-0.688,0.537,-0.83,-0.449,-0.468,-0.618,0.594,-0.635,-0.607,-0.562,-0.589,-0.247,-0.451,0.862,-0.818,-0.749,-0.752,-0.778,-0.794
AMAT,-0.17,0.508,0.731,-0.532,-0.545,-0.778,0.0,0.59,0.415,-0.404,0.521,0.085,0.711,0.394,0.497,-0.798,0.468,0.359,0.548,-0.545,0.602,0.644,0.367,0.338,0.498,-0.851,-0.048,-0.465,-0.691,-0.229,0.658,0.622,0.705,0.362,0.471,0.67,0.593,-0.37,0.507,-0.134,0.702,0.277,0.473,0.649,0.367,-0.699,0.525,0.187,-0.721,0.42,-0.256,0.692,0.466,0.407,0.667,0.604,0.31,0.503,0.754,0.75,0.119,-0.362,0.796,0.59,-0.491,0.665,0.778,0.511,0.608,-0.486,0.38,0.541,0.547,0.673,0.547,-0.783,0.586,0.008,0.46,0.444,-0.247,-0.042,-0.503,-0.773,0.427,0.054,0.535,0.722,-0.291,0.109,0.46,0.802,0.184,0.705,-0.494,0.4,0.784,0.719,0.705,0.806,0.769,0.668,0.796,0.408,-0.793,-0.095,0.328,-0.797,-0.56,-0.139,0.596,-0.088,0.747,-0.23,0.752,0.799,0.087,0.673,-0.248,-0.215,-0.087,0.463,-0.013,0.81,0.818,0.47,0.253,0.15,0.263,0.45,0.313,-0.306,0.191,0.747,0.599,0.449,0.559,0.688,0.755,-0.135,0.449,0.724,0.812,0.75,0.359,0.298,0.482,0.387,0.56,0.039,0.517,-0.734,0.445,0.534,0.751,0.699,-0.384,-0.323,0.749,0.617,0.525,0.729,-0.256,0.828,0.58,-0.742,0.428,-0.649,0.258,-0.767,-0.441,0.711,-0.279,0.415,0.508,0.543,0.632,0.707,0.864,-0.106,0.434,0.669,-0.486,0.67,0.332,0.344,0.394,-0.638,0.402,0.505,0.452,0.534,0.207,0.382,-0.623,0.805,0.671,0.508,0.629,0.58
AMED,-0.401,0.53,0.64,-0.4,-0.356,-0.573,0.59,0.0,0.631,0.143,0.632,-0.192,0.646,-0.029,0.466,-0.717,0.555,0.031,0.55,-0.202,0.631,0.282,0.541,0.294,0.602,-0.78,0.229,-0.234,-0.827,-0.297,0.643,0.626,0.657,0.452,0.36,0.829,0.422,-0.135,0.724,0.416,0.665,0.399,0.587,0.832,0.185,-0.436,0.607,0.529,-0.542,0.229,-0.328,0.317,0.093,0.134,0.77,0.623,-0.015,0.302,0.6,0.535,0.247,-0.363,0.493,0.564,0.062,0.392,0.544,0.595,0.278,-0.527,0.182,0.399,0.006,0.645,0.266,-0.628,0.729,0.3,0.357,-0.167,-0.018,0.295,-0.58,-0.771,0.145,0.307,0.15,0.507,-0.02,0.169,0.297,0.648,0.198,0.698,-0.213,0.528,0.56,0.718,0.546,0.508,0.736,0.567,0.777,0.114,-0.859,0.267,0.54,-0.586,-0.635,0.091,0.63,0.181,0.681,-0.327,0.495,0.553,-0.084,0.431,0.181,-0.274,-0.169,0.525,-0.061,0.728,0.67,0.586,0.548,-0.285,0.625,0.085,0.744,-0.156,-0.15,0.843,0.146,0.07,0.447,0.414,0.831,-0.034,0.349,0.541,0.379,0.611,0.237,0.132,0.395,0.08,0.513,-0.373,0.265,-0.611,0.138,0.628,0.615,0.26,-0.51,-0.445,0.658,0.228,0.827,0.748,-0.089,0.649,0.669,-0.854,0.01,-0.533,-0.043,-0.541,-0.374,0.474,-0.045,0.135,0.601,0.449,0.59,0.456,0.679,0.156,0.47,0.438,-0.407,0.484,-0.048,0.089,0.152,-0.737,0.175,0.568,0.23,0.9,0.588,-0.005,-0.542,0.523,0.569,0.341,0.709,0.576
AMRN,-0.101,0.54,0.559,-0.348,-0.172,-0.67,0.415,0.631,0.0,0.117,0.497,0.192,0.665,0.052,0.602,-0.624,0.734,0.47,0.722,-0.011,0.22,0.315,0.614,0.231,0.378,-0.498,0.409,-0.277,-0.473,-0.192,0.751,0.647,0.63,0.353,0.489,0.545,0.441,-0.028,0.32,0.28,0.784,0.606,0.68,0.449,0.402,-0.305,0.688,0.299,-0.302,0.313,0.16,0.291,-0.251,0.194,0.329,0.617,0.139,0.401,0.644,0.572,0.276,-0.166,0.441,0.44,-0.008,0.598,0.653,0.581,0.319,-0.555,0.373,0.339,0.004,0.647,0.369,-0.593,0.476,0.539,0.703,-0.189,0.102,0.274,-0.717,-0.627,0.541,-0.057,0.013,0.521,-0.092,0.352,0.49,0.622,0.568,0.757,-0.004,0.742,0.494,0.749,0.578,0.392,0.678,0.497,0.58,0.468,-0.656,0.368,0.476,-0.508,-0.558,0.159,0.594,0.323,0.781,-0.274,0.532,0.599,-0.076,0.494,-0.079,-0.487,-0.264,0.71,0.229,0.693,0.638,0.701,0.4,0.118,0.725,0.248,0.748,-0.418,-0.009,0.663,0.386,0.178,0.561,0.53,0.652,-0.128,0.645,0.629,0.318,0.578,0.423,0.379,0.325,0.228,0.761,-0.322,0.128,-0.657,0.309,0.459,0.711,0.379,-0.279,-0.378,0.709,0.326,0.689,0.72,-0.45,0.514,0.837,-0.654,0.173,-0.236,0.165,-0.494,-0.502,0.568,0.14,0.203,0.571,0.326,0.688,0.553,0.595,0.42,0.324,0.318,-0.307,0.725,0.117,0.342,0.564,-0.436,0.382,0.493,0.357,0.661,0.468,0.082,-0.618,0.49,0.492,0.576,0.686,0.737
ANGI,0.206,-0.036,-0.541,0.527,0.592,0.388,-0.404,0.143,0.117,0.0,0.179,-0.415,-0.515,-0.709,-0.133,0.482,-0.274,-0.567,-0.081,0.809,-0.268,-0.596,0.012,-0.3,0.273,0.269,0.62,0.77,-0.135,0.327,-0.382,-0.483,0.017,-0.38,-0.508,-0.059,-0.691,0.471,0.182,0.467,-0.287,-0.024,-0.27,0.175,-0.66,0.637,-0.388,0.684,0.688,-0.21,-0.237,-0.773,-0.189,-0.8,0.064,-0.427,-0.669,-0.525,-0.516,-0.6,0.475,0.117,-0.723,-0.387,0.666,-0.587,-0.542,0.321,-0.772,0.481,-0.145,-0.687,-0.85,-0.198,-0.662,0.526,0.264,0.084,-0.21,-0.4,0.449,0.565,0.137,0.351,-0.476,0.3,-0.665,-0.407,0.654,0.496,-0.548,-0.46,-0.054,-0.342,0.358,-0.063,-0.624,-0.267,-0.606,-0.682,-0.192,-0.426,-0.182,-0.693,0.16,0.725,0.424,0.584,-0.003,0.559,-0.369,0.492,-0.11,-0.242,-0.673,-0.521,-0.149,-0.654,0.827,-0.05,-0.32,0.15,0.159,-0.279,-0.44,0.265,0.599,-0.554,0.117,-0.711,0.308,0.585,-0.729,-0.047,-0.525,-0.818,-0.337,-0.512,-0.218,0.615,-0.176,-0.566,-0.581,-0.595,-0.631,-0.495,-0.39,-0.575,-0.352,-0.399,-0.473,0.417,-0.624,-0.144,-0.471,-0.698,-0.393,0.454,-0.452,-0.807,0.125,-0.313,0.397,-0.339,-0.201,0.059,-0.375,0.404,-0.523,0.599,0.548,-0.608,0.712,-0.672,-0.004,-0.432,-0.134,-0.667,-0.461,0.312,0.335,-0.631,0.655,-0.412,-0.683,-0.616,-0.422,-0.011,-0.616,-0.29,-0.294,0.293,0.606,-0.726,0.373,-0.64,-0.568,-0.572,-0.382,-0.08
APA,0.135,0.744,0.338,-0.398,-0.279,-0.508,0.521,0.632,0.497,0.179,0.0,0.114,0.39,-0.06,0.736,-0.487,0.453,-0.056,0.532,0.004,0.539,0.541,0.665,-0.112,0.82,-0.614,0.327,-0.061,-0.638,0.217,0.465,0.255,0.47,0.164,-0.039,0.67,0.299,-0.338,0.808,0.11,0.503,0.219,0.282,0.849,0.077,-0.058,0.376,0.428,-0.233,-0.162,-0.119,0.262,0.081,-0.033,0.692,0.331,0.167,0.439,0.445,0.476,0.302,-0.563,0.312,0.104,0.016,0.45,0.441,0.483,0.194,-0.266,0.491,0.178,0.123,0.32,0.353,-0.422,0.668,0.346,0.438,0.056,0.398,0.102,-0.476,-0.639,0.233,0.459,0.123,0.512,-0.254,0.428,0.318,0.559,0.454,0.547,0.133,0.515,0.492,0.564,0.277,0.29,0.701,0.225,0.82,0.097,-0.626,0.092,0.771,-0.375,-0.285,0.474,0.194,0.496,0.626,-0.177,0.359,0.387,-0.062,0.379,0.18,-0.557,-0.396,0.723,0.488,0.634,0.487,0.802,0.745,0.013,0.301,0.234,0.472,0.024,-0.169,0.588,0.424,0.033,0.611,0.434,0.656,-0.095,0.462,0.452,0.47,0.343,0.146,0.171,0.518,0.373,0.423,-0.567,0.465,-0.562,0.326,0.648,0.504,0.232,-0.52,-0.049,0.453,0.216,0.662,0.377,-0.261,0.572,0.501,-0.725,-0.065,-0.533,0.307,-0.469,-0.243,0.414,0.114,0.181,0.629,-0.063,0.252,0.262,0.545,0.025,0.449,0.375,-0.186,0.371,0.186,0.019,0.27,-0.517,0.316,0.267,0.523,0.781,0.428,0.166,-0.584,0.279,0.351,0.114,0.382,0.514
APOG,0.483,0.522,0.192,-0.524,-0.313,-0.302,0.085,-0.192,0.192,-0.415,0.114,0.0,0.296,0.464,0.564,-0.178,0.588,0.462,0.361,-0.263,0.198,0.634,0.284,-0.237,0.047,0.007,-0.145,-0.358,0.302,0.125,0.426,0.265,-0.061,-0.035,0.263,0.096,0.524,-0.393,-0.041,-0.572,0.192,-0.078,0.077,-0.166,0.647,0.04,0.417,-0.64,-0.165,-0.346,0.687,0.526,-0.086,0.466,-0.216,0.071,0.788,0.781,0.447,0.49,-0.166,-0.361,0.285,-0.212,-0.286,0.622,0.375,-0.085,0.617,-0.374,0.598,0.366,0.596,-0.035,0.763,-0.209,-0.3,0.463,0.54,0.303,0.289,-0.543,-0.11,-0.221,0.567,0.071,0.202,0.506,-0.7,0.053,0.746,0.377,0.713,0.315,0.344,0.448,0.389,0.299,0.351,0.185,0.253,-0.079,0.2,0.67,0.014,-0.513,0.054,-0.138,0.297,0.119,-0.077,0.331,0.09,0.508,0.425,0.338,0.309,0.555,-0.715,-0.371,-0.206,0.295,0.565,0.172,0.118,0.259,-0.224,0.85,-0.018,0.811,-0.023,-0.304,0.639,-0.171,0.722,0.378,0.673,0.56,0.125,-0.661,0.425,0.49,0.45,0.252,0.439,0.683,0.472,0.797,0.435,-0.236,0.274,-0.336,0.841,0.206,0.353,0.374,0.519,-0.119,0.268,0.591,0.119,0.014,-0.574,0.005,0.3,0.026,0.17,-0.146,0.887,-0.368,-0.495,0.528,-0.204,0.722,0.386,-0.285,-0.073,0.394,0.305,0.219,-0.444,0.355,-0.175,0.403,0.863,0.504,0.805,0.228,0.784,-0.129,0.695,-0.108,-0.42,0.786,-0.509,0.155,0.284,0.336,0.232,0.056
APPS,-0.377,0.51,0.941,-0.719,-0.661,-0.867,0.711,0.646,0.665,-0.515,0.39,0.296,0.0,0.456,0.607,-0.964,0.827,0.666,0.692,-0.632,0.527,0.662,0.571,0.495,0.237,-0.763,-0.123,-0.79,-0.51,-0.493,0.952,0.968,0.603,0.691,0.762,0.639,0.904,-0.343,0.31,0.037,0.894,0.541,0.816,0.432,0.756,-0.788,0.923,-0.086,-0.857,0.407,0.135,0.798,0.004,0.711,0.465,0.901,0.536,0.711,0.951,0.932,-0.042,-0.273,0.923,0.75,-0.398,0.865,0.945,0.331,0.815,-0.866,0.365,0.822,0.541,0.771,0.759,-0.95,0.4,0.38,0.665,0.03,-0.254,-0.1,-0.773,-0.894,0.681,-0.17,0.478,0.738,-0.498,-0.068,0.791,0.913,0.431,0.946,-0.318,0.638,0.917,0.899,0.964,0.864,0.802,0.813,0.743,0.757,-0.836,-0.183,0.187,-0.924,-0.594,-0.249,0.873,-0.076,0.764,-0.175,0.947,0.906,-0.009,0.897,-0.51,-0.358,0.007,0.467,-0.07,0.854,0.909,0.425,0.05,0.311,0.616,0.655,0.551,-0.725,0.453,0.743,0.586,0.696,0.724,0.8,0.833,-0.528,0.611,0.953,0.714,0.969,0.775,0.624,0.62,0.554,0.871,-0.036,0.451,-0.908,0.648,0.611,0.953,0.803,-0.081,-0.704,0.976,0.808,0.639,0.916,-0.539,0.74,0.888,-0.762,0.372,-0.59,0.416,-0.9,-0.839,0.928,-0.472,0.614,0.596,0.666,0.724,0.942,0.909,0.128,0.103,0.756,-0.799,0.873,0.506,0.658,0.644,-0.513,0.72,0.737,0.488,0.528,0.083,0.532,-0.826,0.912,0.9,0.849,0.947,0.716
ARCB,0.058,0.302,0.559,-0.408,-0.286,-0.447,0.394,-0.029,0.052,-0.709,-0.06,0.464,0.456,0.0,0.244,-0.421,0.348,0.541,0.187,-0.608,0.282,0.478,0.162,0.267,-0.183,-0.249,-0.35,-0.575,-0.016,-0.153,0.429,0.421,0.033,0.263,0.52,0.225,0.6,-0.284,-0.055,-0.274,0.31,0.114,0.374,-0.041,0.676,-0.451,0.408,-0.505,-0.532,0.233,0.087,0.716,0.045,0.674,-0.012,0.404,0.567,0.525,0.493,0.608,-0.429,-0.108,0.601,0.298,-0.394,0.58,0.515,0.016,0.676,-0.337,0.37,0.673,0.677,0.229,0.647,-0.431,-0.187,-0.11,0.176,0.469,-0.17,-0.563,-0.178,-0.352,0.382,-0.184,0.566,0.509,-0.463,-0.217,0.564,0.469,0.199,0.361,-0.202,0.26,0.586,0.284,0.541,0.548,0.289,0.331,0.267,0.692,-0.238,-0.471,-0.257,-0.472,0.145,-0.295,0.286,-0.24,0.175,0.295,0.626,0.482,0.535,0.652,-0.71,0.022,0.097,0.028,0.056,0.249,0.361,-0.039,-0.402,0.669,0.106,0.632,-0.257,-0.449,0.665,0.033,0.608,0.657,0.369,0.723,0.289,-0.373,0.444,0.527,0.48,0.511,0.51,0.566,0.53,0.593,0.488,0.219,0.403,-0.415,0.569,0.4,0.451,0.528,0.448,-0.452,0.415,0.681,0.123,0.351,-0.223,0.363,0.318,-0.095,0.319,-0.372,0.533,-0.553,-0.486,0.57,-0.383,0.65,0.221,0.304,0.112,0.608,0.52,0.062,-0.101,0.532,-0.423,0.394,0.635,0.533,0.455,-0.02,0.559,0.223,0.449,-0.173,-0.434,0.662,-0.425,0.482,0.527,0.56,0.399,0.119
ARCC,0.262,0.862,0.515,-0.607,-0.466,-0.738,0.497,0.466,0.602,-0.133,0.736,0.564,0.607,0.244,0.0,-0.616,0.763,0.299,0.708,-0.148,0.49,0.797,0.811,-0.201,0.616,-0.577,0.342,-0.312,-0.489,0.212,0.738,0.459,0.461,0.215,0.221,0.666,0.604,-0.547,0.507,-0.202,0.662,0.265,0.395,0.525,0.448,-0.091,0.624,0.059,-0.362,-0.138,0.199,0.488,-0.113,0.236,0.505,0.431,0.501,0.753,0.713,0.722,0.253,-0.669,0.501,0.046,-0.068,0.779,0.671,0.503,0.516,-0.542,0.694,0.375,0.374,0.381,0.698,-0.616,0.518,0.481,0.745,0.13,0.52,-0.169,-0.54,-0.74,0.523,0.32,0.234,0.783,-0.594,0.45,0.694,0.747,0.801,0.731,0.299,0.705,0.695,0.731,0.498,0.404,0.815,0.259,0.778,0.515,-0.632,-0.052,0.729,-0.505,-0.189,0.486,0.252,0.563,0.684,-0.099,0.606,0.598,0.133,0.678,-0.235,-0.755,-0.499,0.873,0.68,0.654,0.533,0.862,0.489,0.449,0.289,0.607,0.502,-0.293,0.165,0.455,0.739,0.318,0.914,0.719,0.718,-0.431,0.62,0.726,0.601,0.513,0.454,0.601,0.757,0.731,0.659,-0.587,0.488,-0.782,0.699,0.73,0.743,0.497,-0.186,-0.164,0.607,0.514,0.624,0.443,-0.532,0.609,0.725,-0.686,-0.055,-0.589,0.673,-0.681,-0.524,0.712,-0.026,0.528,0.836,-0.087,0.308,0.538,0.708,0.28,0.267,0.582,-0.286,0.594,0.562,0.272,0.712,-0.447,0.703,0.227,0.753,0.637,0.24,0.504,-0.892,0.442,0.473,0.447,0.528,0.614
ARVN,0.42,-0.543,-0.942,0.716,0.684,0.876,-0.798,-0.717,-0.624,0.482,-0.487,-0.178,-0.964,-0.421,-0.616,0.0,-0.747,-0.552,-0.668,0.625,-0.61,-0.674,-0.584,-0.462,-0.341,0.873,0.066,0.732,0.644,0.422,-0.91,-0.908,-0.658,-0.664,-0.679,-0.729,-0.837,0.378,-0.433,-0.065,-0.902,-0.489,-0.782,-0.568,-0.647,0.793,-0.842,-0.051,0.876,-0.409,0.03,-0.773,-0.085,-0.626,-0.582,-0.891,-0.452,-0.652,-0.924,-0.921,-0.003,0.349,-0.921,-0.759,0.369,-0.83,-0.931,-0.398,-0.764,0.818,-0.337,-0.787,-0.518,-0.797,-0.702,0.973,-0.512,-0.287,-0.61,-0.059,0.248,0.061,0.762,0.951,-0.612,0.077,-0.53,-0.75,0.465,0.026,-0.695,-0.914,-0.364,-0.937,0.365,-0.576,-0.926,-0.897,-0.92,-0.89,-0.858,-0.812,-0.814,-0.659,0.891,0.134,-0.277,0.955,0.635,0.204,-0.845,0.083,-0.807,0.266,-0.924,-0.879,0.025,-0.856,0.399,0.349,0.014,-0.511,0.065,-0.897,-0.943,-0.471,-0.148,-0.207,-0.569,-0.585,-0.553,0.65,-0.341,-0.805,-0.573,-0.642,-0.7,-0.779,-0.888,0.43,-0.564,-0.924,-0.748,-0.962,-0.692,-0.513,-0.631,-0.503,-0.815,0.068,-0.511,0.91,-0.581,-0.672,-0.95,-0.764,0.222,0.659,-0.949,-0.759,-0.66,-0.921,0.49,-0.838,-0.843,0.847,-0.315,0.7,-0.36,0.911,0.772,-0.888,0.407,-0.569,-0.615,-0.674,-0.722,-0.898,-0.933,-0.046,-0.251,-0.749,0.786,-0.826,-0.426,-0.567,-0.547,0.612,-0.635,-0.726,-0.472,-0.622,-0.181,-0.467,0.812,-0.921,-0.879,-0.758,-0.907,-0.707
ATEC,-0.061,0.695,0.706,-0.703,-0.541,-0.726,0.468,0.555,0.734,-0.274,0.453,0.588,0.827,0.348,0.763,-0.747,0.0,0.533,0.712,-0.402,0.491,0.647,0.615,0.151,0.353,-0.549,0.043,-0.536,-0.346,-0.328,0.91,0.811,0.459,0.415,0.651,0.609,0.823,-0.393,0.351,-0.106,0.726,0.338,0.606,0.375,0.754,-0.387,0.899,-0.183,-0.606,0.027,0.387,0.649,-0.122,0.527,0.31,0.619,0.611,0.835,0.875,0.825,0.038,-0.468,0.666,0.353,-0.208,0.808,0.762,0.371,0.718,-0.817,0.555,0.633,0.42,0.496,0.797,-0.707,0.279,0.65,0.764,0.009,0.127,-0.208,-0.636,-0.769,0.655,0.063,0.21,0.713,-0.576,0.109,0.878,0.816,0.714,0.846,0.064,0.813,0.759,0.836,0.78,0.545,0.747,0.439,0.678,0.705,-0.664,-0.13,0.365,-0.61,-0.335,0.029,0.544,0.301,0.607,0.089,0.782,0.715,0.2,0.825,-0.494,-0.527,-0.279,0.591,0.29,0.676,0.629,0.587,0.139,0.457,0.536,0.701,0.633,-0.535,0.429,0.53,0.618,0.422,0.859,0.758,0.703,-0.608,0.637,0.853,0.578,0.735,0.667,0.731,0.646,0.667,0.82,-0.373,0.329,-0.766,0.75,0.615,0.81,0.571,0.062,-0.541,0.796,0.67,0.698,0.69,-0.626,0.464,0.862,-0.613,0.161,-0.485,0.604,-0.739,-0.777,0.821,-0.258,0.643,0.695,0.225,0.503,0.736,0.749,0.375,-0.045,0.615,-0.564,0.748,0.623,0.588,0.811,-0.405,0.786,0.443,0.662,0.53,0.128,0.582,-0.849,0.592,0.694,0.661,0.833,0.569
ATXS,-0.073,0.188,0.624,-0.422,-0.276,-0.581,0.359,0.031,0.47,-0.567,-0.056,0.462,0.666,0.541,0.299,-0.552,0.533,0.0,0.5,-0.447,-0.013,0.405,0.33,0.576,-0.245,-0.204,-0.249,-0.736,0.083,-0.376,0.658,0.666,0.307,0.517,0.698,0.085,0.64,0.036,-0.308,-0.103,0.651,0.525,0.655,-0.174,0.772,-0.608,0.589,-0.394,-0.455,0.496,0.51,0.653,-0.156,0.727,-0.14,0.654,0.551,0.529,0.621,0.647,-0.163,0.222,0.655,0.553,-0.48,0.72,0.74,0.038,0.683,-0.518,0.337,0.62,0.515,0.56,0.611,-0.624,-0.094,0.285,0.557,0.058,-0.335,-0.134,-0.56,-0.385,0.81,-0.56,0.349,0.474,-0.374,-0.104,0.677,0.556,0.422,0.616,-0.255,0.383,0.557,0.544,0.725,0.622,0.372,0.632,0.211,0.865,-0.283,-0.229,-0.231,-0.618,-0.349,-0.363,0.64,-0.252,0.492,0.004,0.711,0.669,-0.03,0.668,-0.69,-0.203,0.157,0.179,-0.065,0.465,0.589,0.089,-0.358,0.607,0.439,0.631,0.16,-0.77,0.643,0.302,0.584,0.752,0.442,0.643,0.329,-0.476,0.657,0.695,0.509,0.67,0.75,0.582,0.325,0.466,0.757,0.313,0.12,-0.578,0.57,0.169,0.658,0.736,0.362,-0.472,0.684,0.734,0.151,0.587,-0.503,0.353,0.631,-0.188,0.66,-0.083,0.435,-0.559,-0.709,0.707,-0.376,0.552,0.217,0.54,0.568,0.791,0.534,0.182,-0.215,0.448,-0.484,0.777,0.518,0.754,0.708,0.067,0.659,0.527,0.365,-0.063,-0.277,0.538,-0.491,0.662,0.615,0.832,0.596,0.531
AVAV,0.032,0.719,0.58,-0.577,-0.3,-0.682,0.548,0.55,0.722,-0.081,0.532,0.361,0.692,0.187,0.708,-0.668,0.712,0.5,0.0,-0.035,0.382,0.525,0.679,0.115,0.534,-0.63,0.29,-0.335,-0.466,-0.082,0.782,0.648,0.742,0.364,0.39,0.637,0.531,-0.246,0.397,-0.068,0.849,0.51,0.601,0.491,0.48,-0.329,0.677,0.224,-0.386,0.23,0.146,0.451,-0.063,0.351,0.447,0.589,0.235,0.569,0.752,0.669,0.497,-0.329,0.514,0.345,-0.178,0.734,0.754,0.604,0.502,-0.451,0.535,0.44,0.278,0.709,0.55,-0.693,0.516,0.628,0.848,0.025,0.206,0.172,-0.57,-0.721,0.623,0.098,0.132,0.736,-0.306,0.536,0.625,0.759,0.752,0.841,0.078,0.702,0.612,0.883,0.588,0.501,0.842,0.465,0.636,0.515,-0.656,0.2,0.485,-0.598,-0.595,0.318,0.543,0.438,0.839,-0.178,0.591,0.691,0.005,0.557,-0.132,-0.496,-0.397,0.774,0.26,0.714,0.639,0.694,0.401,0.299,0.515,0.417,0.702,-0.33,0.143,0.69,0.69,0.349,0.699,0.646,0.717,-0.243,0.621,0.772,0.52,0.627,0.438,0.396,0.588,0.422,0.741,-0.324,0.099,-0.746,0.479,0.526,0.768,0.467,-0.253,-0.37,0.734,0.442,0.548,0.625,-0.492,0.594,0.754,-0.688,0.275,-0.405,0.392,-0.533,-0.559,0.755,0.056,0.397,0.701,0.282,0.74,0.658,0.755,0.396,0.186,0.512,-0.345,0.712,0.272,0.262,0.704,-0.39,0.494,0.343,0.472,0.62,0.301,0.254,-0.767,0.588,0.456,0.61,0.601,0.718
AXON,0.365,-0.11,-0.677,0.584,0.696,0.452,-0.545,-0.202,-0.011,0.809,0.004,-0.263,-0.632,-0.608,-0.148,0.625,-0.402,-0.447,-0.035,0.0,-0.48,-0.56,-0.069,-0.507,0.121,0.444,0.649,0.801,0.129,0.517,-0.497,-0.631,-0.066,-0.454,-0.649,-0.269,-0.764,0.315,-0.087,0.23,-0.329,0.034,-0.345,-0.113,-0.644,0.756,-0.52,0.525,0.865,-0.184,-0.122,-0.81,-0.362,-0.746,-0.206,-0.513,-0.676,-0.56,-0.605,-0.673,0.569,0.184,-0.801,-0.564,0.624,-0.54,-0.571,0.205,-0.795,0.647,-0.172,-0.735,-0.742,-0.267,-0.666,0.605,0.073,0.037,-0.118,-0.339,0.537,0.504,0.34,0.497,-0.372,0.216,-0.668,-0.424,0.547,0.637,-0.581,-0.541,0.05,-0.429,0.551,-0.099,-0.703,-0.356,-0.746,-0.754,-0.282,-0.562,-0.399,-0.579,0.387,0.708,0.305,0.652,0.124,0.665,-0.515,0.543,-0.165,-0.179,-0.746,-0.602,-0.139,-0.738,0.751,-0.072,-0.322,0.178,0.294,-0.425,-0.566,0.153,0.461,-0.351,-0.081,-0.678,0.095,0.562,-0.692,-0.251,-0.368,-0.685,-0.393,-0.563,-0.375,0.57,-0.219,-0.593,-0.691,-0.699,-0.566,-0.488,-0.385,-0.536,-0.428,-0.305,-0.578,0.478,-0.613,-0.296,-0.517,-0.699,-0.259,0.507,-0.559,-0.786,-0.243,-0.513,0.247,-0.404,-0.308,0.264,-0.401,0.481,-0.408,0.726,0.573,-0.604,0.772,-0.646,-0.174,-0.538,-0.183,-0.68,-0.56,0.26,0.193,-0.622,0.722,-0.492,-0.633,-0.661,-0.326,0.176,-0.607,-0.49,-0.367,0.031,0.373,-0.703,0.395,-0.674,-0.762,-0.476,-0.626,-0.113
BANF,-0.254,0.628,0.584,-0.785,-0.609,-0.443,0.602,0.631,0.22,-0.268,0.539,0.198,0.527,0.282,0.49,-0.61,0.491,-0.013,0.382,-0.48,0.0,0.594,0.433,0.086,0.568,-0.752,-0.124,-0.335,-0.506,-0.226,0.507,0.483,0.287,0.219,0.267,0.843,0.561,-0.496,0.706,-0.078,0.424,-0.089,0.301,0.675,0.411,-0.381,0.515,0.06,-0.676,-0.242,-0.221,0.622,0.453,0.386,0.611,0.376,0.409,0.596,0.609,0.636,-0.043,-0.564,0.572,0.319,-0.246,0.505,0.51,0.289,0.583,-0.48,0.352,0.553,0.516,0.3,0.598,-0.503,0.323,0.186,0.279,0.187,0.015,-0.251,-0.265,-0.703,0.173,0.46,0.48,0.699,-0.382,-0.092,0.462,0.671,0.214,0.528,-0.17,0.421,0.675,0.529,0.517,0.569,0.647,0.318,0.728,0.265,-0.615,-0.316,0.383,-0.536,-0.21,0.023,0.319,0.123,0.38,0.196,0.57,0.498,0.145,0.581,-0.209,-0.186,-0.129,0.345,0.153,0.566,0.523,0.347,0.176,0.042,0.207,0.5,0.332,-0.087,0.276,0.498,0.418,0.245,0.548,0.539,0.667,-0.335,0.239,0.558,0.646,0.586,0.243,0.276,0.601,0.483,0.368,-0.307,0.57,-0.506,0.53,0.692,0.525,0.247,-0.112,-0.337,0.512,0.477,0.588,0.464,-0.144,0.568,0.378,-0.63,0.071,-0.768,0.415,-0.561,-0.421,0.557,-0.203,0.621,0.544,0.217,0.247,0.48,0.663,-0.117,0.145,0.603,-0.427,0.379,0.408,0.24,0.306,-0.509,0.43,0.302,0.559,0.61,0.104,0.467,-0.559,0.469,0.529,0.2,0.532,0.201
BATRK,0.154,0.683,0.598,-0.745,-0.711,-0.703,0.644,0.282,0.315,-0.596,0.541,0.634,0.662,0.478,0.797,-0.674,0.647,0.405,0.525,-0.56,0.594,0.0,0.548,-0.065,0.436,-0.592,-0.116,-0.588,-0.284,0.066,0.677,0.524,0.331,0.259,0.342,0.548,0.772,-0.698,0.403,-0.492,0.571,0.074,0.31,0.394,0.587,-0.381,0.59,-0.286,-0.62,-0.089,0.236,0.782,0.222,0.546,0.414,0.445,0.743,0.845,0.769,0.822,-0.044,-0.643,0.729,0.176,-0.52,0.856,0.738,0.174,0.771,-0.6,0.616,0.58,0.776,0.335,0.86,-0.686,0.262,0.319,0.631,0.416,0.141,-0.415,-0.395,-0.721,0.584,0.203,0.568,0.816,-0.797,0.052,0.762,0.779,0.576,0.66,-0.011,0.505,0.83,0.648,0.642,0.65,0.687,0.367,0.732,0.654,-0.536,-0.494,0.365,-0.642,-0.113,0.072,0.298,0.17,0.535,0.109,0.764,0.708,0.129,0.812,-0.568,-0.497,-0.207,0.54,0.458,0.653,0.621,0.507,0.109,0.58,0.057,0.837,0.181,-0.4,0.47,0.365,0.84,0.642,0.875,0.747,0.633,-0.614,0.471,0.795,0.838,0.653,0.567,0.609,0.718,0.849,0.591,-0.238,0.713,-0.756,0.872,0.559,0.746,0.717,-0.01,-0.232,0.643,0.797,0.384,0.421,-0.58,0.621,0.538,-0.54,0.187,-0.653,0.803,-0.792,-0.595,0.811,-0.408,0.743,0.601,0.101,0.242,0.688,0.754,-0.046,0.044,0.783,-0.507,0.623,0.793,0.481,0.708,-0.295,0.81,0.245,0.741,0.352,-0.14,0.778,-0.813,0.638,0.613,0.509,0.52,0.429
BIDU,0.099,0.723,0.543,-0.534,-0.262,-0.651,0.367,0.541,0.614,0.012,0.665,0.284,0.571,0.162,0.811,-0.584,0.615,0.33,0.679,-0.069,0.433,0.548,0.0,0.111,0.5,-0.509,0.334,-0.296,-0.503,0.161,0.668,0.459,0.451,0.352,0.211,0.684,0.488,-0.202,0.461,0.15,0.714,0.449,0.547,0.54,0.384,-0.129,0.568,0.241,-0.32,-0.011,0.082,0.385,-0.201,0.234,0.524,0.521,0.304,0.567,0.598,0.628,0.322,-0.374,0.427,0.225,0.056,0.64,0.63,0.475,0.375,-0.44,0.585,0.358,0.166,0.458,0.521,-0.583,0.541,0.414,0.583,-0.145,0.485,0.062,-0.628,-0.689,0.426,0.222,0.201,0.686,-0.328,0.387,0.536,0.672,0.655,0.71,0.255,0.583,0.59,0.673,0.454,0.371,0.728,0.411,0.674,0.415,-0.621,0.108,0.649,-0.503,-0.261,0.467,0.408,0.445,0.72,-0.213,0.51,0.58,-0.037,0.545,-0.068,-0.556,-0.389,0.766,0.473,0.605,0.534,0.743,0.489,0.237,0.47,0.397,0.581,-0.242,0.134,0.541,0.555,0.318,0.695,0.638,0.679,-0.25,0.612,0.618,0.461,0.493,0.386,0.415,0.711,0.532,0.698,-0.454,0.349,-0.73,0.482,0.728,0.676,0.382,-0.147,-0.24,0.588,0.381,0.663,0.506,-0.231,0.591,0.688,-0.696,0.029,-0.461,0.443,-0.555,-0.443,0.595,0.04,0.384,0.765,0.109,0.392,0.525,0.649,0.383,0.29,0.466,-0.258,0.567,0.3,0.193,0.548,-0.414,0.538,0.372,0.559,0.663,0.338,0.295,-0.772,0.394,0.437,0.474,0.551,0.686
BLNE,-0.538,-0.16,0.562,-0.174,-0.107,-0.295,0.338,0.294,0.231,-0.3,-0.112,-0.237,0.495,0.267,-0.201,-0.462,0.151,0.576,0.115,-0.507,0.086,-0.065,0.111,0.0,-0.297,-0.257,-0.401,-0.552,-0.156,-0.641,0.362,0.565,0.212,0.624,0.579,0.102,0.371,0.416,-0.138,0.418,0.415,0.441,0.599,0.055,0.394,-0.745,0.39,-0.033,-0.511,0.593,0.02,0.426,0.069,0.529,0.09,0.626,0.146,0.1,0.336,0.353,-0.289,0.492,0.516,0.821,-0.331,0.231,0.462,-0.024,0.371,-0.364,-0.089,0.512,0.183,0.527,0.176,-0.46,0.034,-0.053,0.01,-0.167,-0.67,0.132,-0.527,-0.269,0.344,-0.54,0.298,0.099,0.139,-0.416,0.219,0.324,-0.222,0.373,-0.627,-0.019,0.333,0.277,0.583,0.57,0.137,0.742,0.141,0.351,-0.329,-0.087,-0.382,-0.544,-0.474,-0.619,0.757,-0.581,0.301,-0.166,0.465,0.48,-0.209,0.359,-0.279,0.273,0.443,-0.237,-0.618,0.373,0.541,-0.22,-0.295,-0.023,0.498,0.149,0.13,-0.519,0.371,0.44,-0.02,0.462,-0.066,0.302,0.238,-0.077,0.327,0.34,0.276,0.557,0.389,0.107,0.025,-0.03,0.461,0.499,0.072,-0.305,0.061,0.075,0.354,0.428,0.154,-0.492,0.517,0.396,0.24,0.63,0.091,0.297,0.348,-0.231,0.65,-0.026,-0.158,-0.36,-0.401,0.341,-0.432,0.161,-0.027,0.808,0.498,0.543,0.348,-0.074,-0.038,0.196,-0.485,0.48,0.016,0.507,0.064,-0.108,0.174,0.734,-0.029,0.043,-0.071,0.125,-0.067,0.527,0.587,0.491,0.571,0.331
BLNK,0.169,0.677,0.151,-0.351,-0.222,-0.374,0.498,0.602,0.378,0.273,0.82,0.047,0.237,-0.183,0.616,-0.341,0.353,-0.245,0.534,0.121,0.568,0.436,0.5,-0.297,0.0,-0.587,0.463,0.165,-0.621,0.209,0.32,0.14,0.538,-0.121,-0.119,0.694,0.122,-0.399,0.865,-0.119,0.38,0.004,0.019,0.845,-0.114,0.075,0.234,0.502,-0.151,-0.243,-0.226,0.099,0.323,-0.21,0.697,0.066,-0.055,0.294,0.373,0.305,0.544,-0.653,0.156,-0.082,0.024,0.303,0.291,0.596,0.062,-0.138,0.451,-0.043,0.041,0.228,0.202,-0.288,0.664,0.34,0.435,0.214,0.477,0.109,-0.194,-0.531,0.016,0.683,-0.028,0.507,-0.115,0.558,0.151,0.484,0.406,0.398,0.142,0.464,0.331,0.497,0.108,0.12,0.645,0.036,0.708,-0.136,-0.548,0.234,0.838,-0.203,-0.33,0.547,0.025,0.598,0.537,-0.108,0.172,0.298,0.082,0.177,0.309,-0.462,-0.638,0.711,0.464,0.476,0.292,0.749,0.748,-0.164,0.059,0.075,0.53,0.325,-0.344,0.545,0.346,-0.188,0.513,0.247,0.605,0.075,0.195,0.308,0.384,0.184,-0.109,-0.003,0.424,0.194,0.186,-0.615,0.259,-0.393,0.195,0.473,0.362,0.067,-0.583,0.128,0.275,0.006,0.554,0.233,-0.172,0.466,0.321,-0.628,-0.08,-0.51,0.195,-0.249,-0.03,0.285,0.283,0.072,0.559,-0.165,0.283,0.109,0.468,0.112,0.473,0.351,0.06,0.214,0.025,-0.272,0.235,-0.593,0.086,0.002,0.372,0.78,0.488,-0.01,-0.504,0.167,0.081,-0.056,0.198,0.404
BTAI,0.378,-0.612,-0.783,0.658,0.629,0.762,-0.851,-0.78,-0.498,0.269,-0.614,0.007,-0.763,-0.249,-0.577,0.873,-0.549,-0.204,-0.63,0.444,-0.752,-0.592,-0.509,-0.257,-0.587,0.0,-0.094,0.431,0.819,0.266,-0.709,-0.689,-0.689,-0.43,-0.386,-0.856,-0.611,0.435,-0.668,-0.057,-0.763,-0.286,-0.58,-0.775,-0.368,0.632,-0.652,-0.332,0.763,-0.253,0.351,-0.601,-0.298,-0.387,-0.776,-0.686,-0.222,-0.486,-0.78,-0.752,-0.183,0.485,-0.745,-0.604,0.236,-0.643,-0.761,-0.574,-0.58,0.607,-0.334,-0.599,-0.421,-0.691,-0.521,0.826,-0.668,-0.131,-0.498,-0.15,0.129,-0.01,0.586,0.91,-0.331,-0.198,-0.487,-0.724,0.295,-0.156,-0.45,-0.83,-0.258,-0.798,0.329,-0.484,-0.813,-0.798,-0.699,-0.77,-0.877,-0.623,-0.859,-0.356,0.892,0.0,-0.473,0.825,0.637,-0.019,-0.646,-0.086,-0.762,0.317,-0.72,-0.72,-0.008,-0.655,0.103,0.315,0.15,-0.577,0.005,-0.862,-0.836,-0.561,-0.386,0.024,-0.429,-0.374,-0.522,0.34,-0.066,-0.829,-0.488,-0.357,-0.57,-0.647,-0.886,0.198,-0.39,-0.747,-0.7,-0.784,-0.367,-0.271,-0.604,-0.364,-0.578,0.218,-0.511,0.778,-0.395,-0.699,-0.786,-0.508,0.466,0.448,-0.777,-0.514,-0.668,-0.763,0.3,-0.866,-0.66,0.898,-0.188,0.821,-0.211,0.754,0.521,-0.713,0.183,-0.422,-0.639,-0.515,-0.636,-0.676,-0.864,0.085,-0.445,-0.635,0.581,-0.613,-0.218,-0.254,-0.32,0.722,-0.382,-0.553,-0.454,-0.766,-0.352,-0.275,0.701,-0.759,-0.687,-0.454,-0.698,-0.582
BYND,0.245,0.278,-0.177,0.237,0.321,-0.186,-0.048,0.229,0.409,0.62,0.327,-0.145,-0.123,-0.35,0.342,0.066,0.043,-0.249,0.29,0.649,-0.124,-0.116,0.334,-0.401,0.463,-0.094,0.0,0.486,-0.368,0.464,0.03,-0.189,0.36,-0.306,-0.253,0.228,-0.351,0.012,0.261,0.208,0.156,0.263,0.01,0.288,-0.409,0.429,-0.075,0.659,0.395,-0.005,-0.236,-0.463,-0.301,-0.567,0.224,-0.101,-0.476,-0.216,-0.056,-0.154,0.633,-0.145,-0.321,-0.265,0.55,-0.04,-0.057,0.616,-0.437,0.158,0.097,-0.421,-0.513,0.145,-0.303,0.05,0.472,0.072,0.243,-0.188,0.584,0.405,-0.135,-0.075,-0.131,0.291,-0.353,0.092,0.352,0.729,-0.241,0.002,0.301,0.057,0.375,0.274,-0.166,0.095,-0.267,-0.318,0.249,-0.196,0.144,-0.283,-0.2,0.744,0.692,0.153,-0.15,0.708,-0.152,0.616,0.327,-0.47,-0.257,-0.07,-0.035,-0.255,0.569,-0.4,-0.537,0.643,0.486,0.081,-0.067,0.619,0.667,-0.252,0.146,-0.384,0.428,0.271,-0.679,0.175,-0.035,-0.46,0.086,-0.075,0.196,0.479,0.135,-0.122,-0.259,-0.214,-0.322,-0.159,-0.006,-0.214,0.01,-0.509,-0.127,-0.093,-0.281,0.155,0.043,-0.278,-0.458,0.319,-0.081,-0.431,0.242,-0.016,-0.011,0.189,0.194,-0.294,-0.326,0.028,-0.175,0.19,0.253,-0.13,0.617,-0.358,0.343,-0.293,0.141,-0.224,-0.006,0.344,0.668,-0.211,0.443,-0.024,-0.403,-0.492,-0.004,-0.324,-0.285,-0.162,-0.014,0.499,0.67,-0.484,-0.151,-0.211,-0.325,-0.135,-0.141,0.333
CAN,0.378,-0.17,-0.774,0.629,0.657,0.582,-0.465,-0.234,-0.277,0.77,-0.061,-0.358,-0.79,-0.575,-0.312,0.732,-0.536,-0.736,-0.335,0.801,-0.335,-0.588,-0.296,-0.552,0.165,0.431,0.486,0.0,0.078,0.479,-0.696,-0.772,-0.208,-0.681,-0.682,-0.258,-0.834,0.26,0.044,0.067,-0.597,-0.345,-0.632,-0.037,-0.801,0.781,-0.673,0.466,0.788,-0.322,-0.31,-0.804,-0.031,-0.844,-0.128,-0.753,-0.683,-0.603,-0.702,-0.775,0.426,0.025,-0.848,-0.675,0.554,-0.733,-0.751,0.179,-0.833,0.708,-0.198,-0.811,-0.682,-0.516,-0.721,0.752,0.017,-0.213,-0.389,-0.069,0.471,0.309,0.563,0.582,-0.63,0.408,-0.616,-0.512,0.587,0.477,-0.699,-0.623,-0.195,-0.636,0.399,-0.27,-0.752,-0.542,-0.844,-0.805,-0.4,-0.715,-0.403,-0.802,0.446,0.564,0.248,0.771,0.31,0.526,-0.714,0.435,-0.394,-0.026,-0.843,-0.722,0.118,-0.795,0.751,0.193,-0.338,-0.046,0.21,-0.562,-0.713,0.007,0.385,-0.456,-0.37,-0.721,-0.109,0.828,-0.714,-0.37,-0.474,-0.853,-0.51,-0.636,-0.479,0.649,-0.446,-0.754,-0.645,-0.822,-0.811,-0.595,-0.446,-0.571,-0.652,-0.269,-0.491,0.652,-0.661,-0.354,-0.721,-0.808,-0.263,0.624,-0.744,-0.855,-0.263,-0.653,0.48,-0.487,-0.568,0.355,-0.451,0.379,-0.451,0.762,0.8,-0.761,0.704,-0.671,-0.288,-0.63,-0.417,-0.84,-0.627,0.066,0.202,-0.659,0.801,-0.695,-0.625,-0.785,-0.523,0.092,-0.748,-0.663,-0.373,-0.048,0.33,-0.674,0.546,-0.791,-0.83,-0.762,-0.733,-0.403
CCEC,0.248,-0.502,-0.543,0.25,0.296,0.606,-0.691,-0.827,-0.473,-0.135,-0.638,0.302,-0.51,-0.016,-0.489,0.644,-0.346,0.083,-0.466,0.129,-0.506,-0.284,-0.503,-0.156,-0.621,0.819,-0.368,0.078,0.0,0.037,-0.504,-0.425,-0.69,-0.315,-0.171,-0.749,-0.28,0.211,-0.68,-0.302,-0.593,-0.325,-0.442,-0.834,0.026,0.362,-0.403,-0.647,0.445,-0.313,0.536,-0.219,-0.182,0.064,-0.859,-0.502,0.149,-0.164,-0.497,-0.447,-0.363,0.426,-0.436,-0.436,-0.083,-0.317,-0.481,-0.724,-0.154,0.349,-0.219,-0.238,0.009,-0.566,-0.142,0.598,-0.892,-0.001,-0.273,-0.044,-0.09,-0.262,0.497,0.719,-0.015,-0.275,-0.211,-0.465,-0.021,-0.352,-0.132,-0.582,-0.125,-0.591,0.228,-0.36,-0.519,-0.617,-0.385,-0.453,-0.739,-0.487,-0.772,0.017,0.852,-0.357,-0.636,0.559,0.567,-0.242,-0.478,-0.205,-0.706,0.536,-0.405,-0.486,-0.018,-0.347,-0.303,0.27,0.3,-0.602,-0.012,-0.688,-0.618,-0.658,-0.68,0.284,-0.398,0.033,-0.565,0.049,0.3,-0.792,-0.187,-0.004,-0.376,-0.402,-0.77,-0.17,-0.286,-0.438,-0.396,-0.472,-0.062,-0.068,-0.409,-0.055,-0.376,0.335,-0.321,0.592,-0.017,-0.641,-0.547,-0.284,0.7,0.237,-0.533,-0.121,-0.722,-0.629,-0.027,-0.749,-0.546,0.861,0.048,0.607,0.115,0.551,0.167,-0.382,-0.068,0.016,-0.606,-0.351,-0.512,-0.345,-0.652,-0.06,-0.711,-0.355,0.275,-0.362,0.126,0.118,-0.034,0.805,-0.046,-0.431,-0.198,-0.822,-0.634,0.101,0.51,-0.477,-0.434,-0.217,-0.508,-0.579
CDW,0.678,0.181,-0.482,0.322,0.323,0.177,-0.229,-0.297,-0.192,0.327,0.217,0.125,-0.493,-0.153,0.212,0.422,-0.328,-0.376,-0.082,0.517,-0.226,0.066,0.161,-0.641,0.209,0.266,0.464,0.479,0.037,0.0,-0.351,-0.626,-0.128,-0.443,-0.634,-0.126,-0.444,-0.081,0.062,-0.191,-0.277,-0.174,-0.423,0.015,-0.478,0.65,-0.494,0.228,0.587,-0.313,-0.054,-0.37,-0.127,-0.498,0.047,-0.456,-0.179,-0.158,-0.378,-0.318,0.316,-0.218,-0.471,-0.652,0.277,-0.18,-0.323,0.067,-0.424,0.518,0.159,-0.524,-0.202,-0.32,-0.225,0.353,0.131,-0.112,-0.09,0.171,0.66,0.071,0.29,0.254,-0.233,0.345,-0.053,-0.056,0.02,0.506,-0.296,-0.298,0.203,-0.327,0.527,-0.156,-0.316,-0.298,-0.551,-0.439,-0.123,-0.503,-0.069,-0.319,0.289,0.185,0.383,0.418,0.484,0.706,-0.621,0.472,-0.069,-0.099,-0.431,-0.313,-0.027,-0.36,0.359,-0.171,-0.365,0.299,0.644,-0.221,-0.351,0.315,0.427,0.099,-0.388,-0.199,-0.248,0.478,-0.356,-0.329,0.111,-0.271,0.004,-0.179,-0.207,0.332,-0.067,-0.34,-0.178,-0.524,-0.451,-0.23,-0.004,0.032,-0.313,-0.353,0.095,0.174,-0.12,-0.016,-0.297,-0.287,-0.145,0.612,-0.454,-0.341,-0.184,-0.538,0.2,-0.074,-0.324,0.153,-0.337,0.144,0.117,0.286,0.495,-0.317,0.39,-0.253,0.105,-0.648,-0.457,-0.443,-0.275,0.082,0.308,-0.244,0.562,-0.363,-0.079,-0.512,-0.096,0.165,-0.182,-0.533,0.032,-0.037,0.159,-0.147,0.1,-0.469,-0.493,-0.424,-0.567,-0.15
