,ABEO,ACHC,AGNCN,AKAM,AKRO,ALRM,AMAT,AMED,AMRN,ANGI,APA,APOG,APPS,ARCB,ARCC,ARVN,ATEC,ATXS,AVAV,AXON,BANF,BATRK,BIDU,BLNE,BLNK,BTAI,BYND,CAN,CCEC,CDW,CDXS,CELH,CGNX,CHKP,CHRS,CHRW,CIGI,CKPT,CMPR,COGT,CRNC,CRSP,CSTL,CTSH,CVGW,DGLY,DNLI,DOCU,DVAX,EBAY,EHTH,ERII,ESLT,EXPE,EXPO,FBIOP,FFBC,FFIN,FOXF,FWRD,GDS,GERN,GPRE,GRWG,GRYP,HEES,HELE,HIVE,HON,HRTX,HSTM,HURA,IART,IBKR,IBOC,IBRX,IDXX,INGN,INM,INVA,IQ,IRBT,KDP,KPTI,KTOS,KXIN,LAMR,LFUS,LGIH,LGMK,LKFN,LNW,LOPE,LPSN,LYFT,MGNX,MLCO,MNST,MODV,MSTR,MTCH,MYGN,MYRG,NCMI,NEXT,NFLX,NIU,NKTR,NRC,NTNX,NTRA,NVEE,NVMI,NWL,NWS,NXPI,OCGN,OCSL,OKTA,OLLI,OTLK,OXLC,PAA,PARA,PARAA,PDCO,PDFS,PFG,PGEN,PNFP,PODD,POWI,PSMT,PTC,PTEN,PVLA,RDNT,RDUS,RDWR,REGN,RNAC,ROCK,ROST,RRR,RSLS,RVMD,RYAAY,SAFT,SAGE,SAVA,SBGI,SFM,SFNC,SHYF,SIBN,SIFY,SIGI,SIMO,SITM,SLM,SNBR,SNDX,SNY,SPNS,SRRK,STRA,SUPN,SYRE,TCBK,TEAM,TECH,THRM,TLRY,TRMK,TROW,TSLA,TWST,TXN,UFPI,UNIT,UPWK,USLM,UTHR,VERB,VLY,VRNA,VRRM,VXRT,WAFD,WATT,WBA,WING,WIX,WTFC,WTW,XPEL,XRX,YMAB,ZG,ZLAB
ABEO,0.0,0.428,-0.721,-0.85,0.744,-0.567,0.612,-0.89,-0.231,0.119,0.87,0.901,-0.247,-0.758,0.385,0.893,0.208,-0.241,0.871,-0.379,0.085,0.293,-0.297,-0.379,0.915,0.608,-0.358,0.657,0.747,0.271,-0.253,0.079,-0.465,-0.79,0.05,-0.802,-0.407,-0.072,0.606,-0.422,-0.284,0.133,-0.849,-0.283,-0.009,0.583,-0.167,-0.581,0.813,-0.176,0.95,-0.335,0.655,-0.907,0.49,0.154,0.523,0.585,0.646,-0.45,-0.281,-0.775,0.402,-0.579,0.329,0.089,-0.484,0.666,-0.739,0.91,0.95,0.031,0.759,-0.824,0.688,0.898,-0.431,0.887,0.786,0.931,0.266,-0.76,-0.028,0.407,-0.274,0.821,-0.505,0.608,-0.602,0.806,0.843,-0.476,0.65,-0.682,0.138,0.219,-0.162,-0.643,-0.332,-0.682,0.723,-0.573,0.238,-0.68,0.757,-0.762,0.108,0.708,0.293,-0.436,-0.802,0.738,0.363,0.888,-0.19,-0.688,0.831,-0.082,-0.682,0.148,0.757,0.665,0.916,-0.741,-0.801,-0.503,0.627,0.525,-0.858,0.654,-0.546,0.873,0.295,-0.666,0.884,0.333,0.919,-0.034,0.289,0.336,0.628,0.261,0.231,-0.853,-0.695,-0.505,-0.602,0.815,0.38,0.177,-0.051,0.535,0.65,-0.617,-0.475,0.47,-0.8,0.885,-0.72,-0.707,-0.31,-0.619,0.322,-0.765,-0.845,0.94,0.722,-0.48,0.825,-0.727,0.797,-0.659,0.812,0.205,0.202,-0.918,-0.621,-0.84,0.515,0.276,-0.347,0.322,0.855,0.585,0.565,0.529,0.547,0.923,0.643,-0.656,0.877,-0.611,-0.5,0.401,-0.557,-0.234,-0.805,-0.709,-0.832,-0.379
ACHC,0.428,0.0,-0.548,-0.137,0.058,0.095,0.09,-0.4,-0.012,0.13,0.711,0.656,-0.656,0.025,0.798,0.509,0.56,-0.473,0.282,0.082,0.267,0.367,0.275,-0.592,0.479,0.534,0.251,0.514,0.661,0.769,0.016,-0.539,-0.084,-0.597,-0.285,0.061,0.075,-0.143,0.596,-0.455,-0.66,-0.138,-0.511,0.283,0.376,0.724,-0.206,-0.125,0.382,-0.766,0.404,0.195,0.181,-0.149,-0.039,-0.39,0.479,0.591,0.026,0.079,0.038,-0.195,-0.28,-0.656,0.181,0.57,-0.312,0.279,0.044,0.203,0.499,-0.024,0.408,-0.372,0.469,0.448,-0.123,0.413,0.327,0.241,0.696,-0.458,0.509,0.46,0.296,0.104,-0.008,0.501,-0.526,0.389,0.505,0.224,0.775,-0.505,0.546,0.37,-0.036,-0.189,-0.528,-0.429,0.36,-0.742,0.584,0.129,0.386,-0.114,0.357,0.58,0.761,0.299,-0.744,0.65,-0.266,0.655,-0.104,-0.087,0.408,0.066,-0.265,-0.418,-0.082,0.66,0.64,-0.092,-0.384,0.408,0.375,0.65,-0.353,0.43,-0.192,0.443,0.262,-0.155,0.552,-0.266,0.372,0.492,-0.284,-0.16,0.481,-0.056,0.41,-0.463,-0.409,0.326,0.112,0.495,0.109,-0.367,0.321,0.275,0.664,-0.013,-0.142,-0.023,0.082,0.512,-0.301,0.036,0.204,-0.733,-0.216,-0.505,-0.168,0.581,0.182,0.052,0.608,0.039,0.288,0.052,0.383,0.426,0.777,-0.49,-0.569,-0.282,-0.034,0.182,-0.331,0.017,0.494,-0.011,0.617,-0.001,0.497,0.251,0.468,-0.592,0.411,-0.369,-0.242,0.535,-0.008,-0.585,-0.36,-0.629,-0.318,-0.48
AGNCN,-0.721,-0.548,0.0,0.443,-0.55,0.012,-0.255,0.599,0.115,-0.45,-0.727,-0.688,0.658,0.645,-0.512,-0.88,-0.378,0.458,-0.755,-0.218,0.199,-0.12,0.134,0.658,-0.876,-0.707,-0.17,-0.881,-0.67,-0.454,0.282,0.291,0.091,0.78,0.255,0.508,0.6,0.071,-0.6,0.521,0.463,-0.07,0.826,-0.045,0.311,-0.825,0.251,0.215,-0.829,0.428,-0.721,0.415,-0.346,0.68,-0.176,0.31,-0.155,-0.383,-0.206,0.602,-0.238,0.51,0.195,0.778,-0.341,0.036,0.643,-0.644,0.572,-0.617,-0.673,0.39,-0.366,0.578,-0.301,-0.77,0.005,-0.823,-0.779,-0.569,-0.585,0.423,-0.338,-0.619,0.135,-0.517,0.605,-0.385,0.44,-0.859,-0.468,0.354,-0.836,0.701,-0.435,-0.331,0.58,0.248,0.78,0.84,-0.592,0.811,-0.116,0.58,-0.546,0.286,-0.521,-0.888,-0.27,0.05,0.832,-0.899,-0.193,-0.644,0.596,0.478,-0.507,0.509,0.185,0.148,-0.304,-0.892,-0.755,0.481,0.774,-0.011,-0.825,-0.297,0.688,-0.295,0.037,-0.834,0.064,0.342,-0.608,0.242,-0.626,0.251,-0.023,-0.319,-0.365,0.236,-0.034,0.886,0.638,0.32,0.419,-0.451,-0.067,0.248,0.269,-0.596,-0.419,0.534,0.527,-0.035,0.511,-0.841,0.604,0.61,0.158,0.776,-0.028,0.825,0.534,-0.755,-0.394,0.085,-0.568,0.198,-0.744,0.53,-0.81,0.07,-0.45,0.767,0.396,0.748,0.035,-0.402,0.284,-0.037,-0.84,-0.144,-0.307,0.045,-0.548,-0.554,-0.258,0.768,-0.518,0.238,0.134,-0.097,0.265,0.562,0.921,0.776,0.749,0.252
AKAM,-0.85,-0.137,0.443,0.0,-0.742,0.75,-0.652,0.831,0.228,0.036,-0.61,-0.746,0.104,0.72,-0.151,-0.683,0.138,-0.171,-0.683,0.569,-0.286,-0.389,0.399,0.136,-0.719,-0.269,0.679,-0.341,-0.652,-0.023,0.411,-0.317,0.711,0.521,-0.197,0.88,0.33,0.191,-0.542,0.112,0.232,0.037,0.672,0.379,0.055,-0.325,-0.037,0.857,-0.676,-0.253,-0.806,0.503,-0.662,0.864,-0.666,-0.253,-0.602,-0.614,-0.823,0.439,0.483,0.852,-0.653,0.405,-0.358,0.088,0.259,-0.35,0.74,-0.869,-0.812,-0.038,-0.722,0.813,-0.767,-0.777,0.715,-0.713,-0.728,-0.889,0.145,0.735,0.309,0.049,0.41,-0.928,0.376,-0.564,0.481,-0.675,-0.82,0.633,-0.267,0.551,0.024,-0.064,0.001,0.769,0.02,0.486,-0.531,0.253,0.048,0.767,-0.832,0.922,0.017,-0.478,-0.067,0.786,0.568,-0.527,-0.36,-0.735,0.085,0.72,-0.834,-0.097,0.798,-0.55,-0.891,-0.302,-0.711,0.685,0.624,0.728,-0.413,-0.528,0.755,-0.741,0.68,-0.696,-0.173,0.875,-0.748,-0.54,-0.892,0.049,-0.506,-0.327,-0.461,-0.5,-0.092,0.701,0.456,0.529,0.443,-0.842,-0.209,-0.29,-0.126,-0.505,-0.599,0.571,0.554,-0.611,0.855,-0.649,0.744,0.707,0.622,0.281,-0.574,0.56,0.86,-0.771,-0.716,0.778,-0.774,0.933,-0.514,0.667,-0.64,-0.292,0.191,0.848,0.613,0.792,-0.648,-0.105,0.529,-0.39,-0.611,-0.613,-0.563,-0.687,-0.535,-0.914,-0.725,0.426,-0.924,0.523,0.551,-0.468,0.787,0.039,0.558,0.426,0.781,0.247
AKRO,0.744,0.058,-0.55,-0.742,0.0,-0.371,0.45,-0.577,-0.321,0.416,0.573,0.541,-0.084,-0.843,0.001,0.757,-0.035,0.033,0.769,-0.17,-0.095,-0.092,-0.307,-0.069,0.683,0.491,-0.432,0.558,0.396,-0.108,-0.338,0.306,-0.419,-0.409,0.077,-0.792,-0.546,0.178,0.397,0.048,-0.062,0.275,-0.53,-0.27,-0.291,0.388,0.279,-0.453,0.759,0.163,0.785,-0.583,0.39,-0.822,0.5,0.298,0.197,0.306,0.488,-0.671,-0.234,-0.653,0.345,-0.318,0.415,-0.387,-0.488,0.528,-0.809,0.781,0.728,-0.058,0.379,-0.696,0.357,0.793,-0.337,0.719,0.675,0.725,0.043,-0.4,-0.353,0.295,-0.505,0.81,-0.672,0.299,-0.113,0.676,0.559,-0.701,0.359,-0.389,0.028,0.072,-0.408,-0.559,-0.205,-0.626,0.45,-0.26,-0.202,-0.824,0.577,-0.649,0.135,0.605,-0.038,-0.55,-0.432,0.586,0.466,0.555,-0.407,-0.652,0.584,-0.258,-0.409,0.363,0.775,0.421,0.612,-0.681,-0.681,-0.62,0.673,0.157,-0.598,0.353,-0.288,0.74,0.121,-0.55,0.493,0.205,0.698,-0.272,0.356,0.398,0.342,0.047,-0.187,-0.743,-0.504,-0.576,-0.593,0.525,0.389,0.144,-0.334,0.502,0.218,-0.499,-0.633,0.226,-0.773,0.637,-0.549,-0.833,-0.318,-0.268,0.568,-0.679,-0.647,0.637,0.546,-0.462,0.476,-0.667,0.625,-0.785,0.726,-0.089,-0.082,-0.759,-0.373,-0.752,0.323,0.279,-0.395,0.116,0.681,0.482,0.173,0.43,0.329,0.788,0.37,-0.303,0.673,-0.204,-0.242,0.04,-0.544,-0.266,-0.666,-0.478,-0.623,-0.081
ALRM,-0.567,0.095,0.012,0.75,-0.371,0.0,-0.704,0.659,0.086,0.488,-0.356,-0.493,-0.294,0.394,0.041,-0.248,0.266,-0.269,-0.353,0.855,-0.386,-0.424,0.508,-0.141,-0.383,0.09,0.719,0.083,-0.334,0.181,0.113,-0.437,0.51,0.302,-0.405,0.671,-0.007,0.252,-0.111,0.106,-0.062,0.001,0.413,0.472,-0.196,0.152,0.169,0.728,-0.188,-0.329,-0.518,0.075,-0.693,0.543,-0.454,-0.441,-0.592,-0.433,-0.811,0.004,0.642,0.545,-0.869,-0.033,0.003,-0.155,-0.144,-0.197,0.413,-0.591,-0.575,-0.298,-0.769,0.484,-0.689,-0.352,0.62,-0.367,-0.375,-0.722,0.412,0.696,0.333,0.176,0.13,-0.595,-0.041,-0.466,0.475,-0.225,-0.624,0.285,0.101,0.284,0.407,0.046,-0.421,0.557,-0.409,0.002,-0.387,-0.091,-0.136,0.377,-0.515,0.806,0.433,0.026,0.053,0.614,0.222,-0.012,-0.323,-0.529,-0.439,0.443,-0.598,-0.403,0.852,-0.393,-0.732,0.05,-0.406,0.419,0.199,0.739,0.105,-0.414,0.552,-0.666,0.757,-0.264,-0.348,0.616,-0.605,-0.724,-0.605,-0.118,-0.461,-0.206,-0.45,-0.719,-0.337,0.231,0.26,0.425,0.391,-0.638,-0.277,-0.56,-0.28,-0.134,-0.511,0.485,0.021,-0.798,0.616,-0.365,0.456,0.297,0.464,-0.052,-0.385,0.172,0.672,-0.499,-0.659,0.651,-0.546,0.838,-0.286,0.308,-0.25,-0.376,0.306,0.435,0.345,0.387,-0.783,0.239,0.244,-0.552,-0.257,-0.652,-0.524,-0.755,-0.287,-0.653,-0.621,0.115,-0.679,0.654,0.615,-0.495,0.559,-0.449,0.144,0.085,0.46,0.236
AMAT,0.612,0.09,-0.255,-0.652,0.45,-0.704,0.0,-0.682,-0.43,-0.291,0.473,0.571,0.133,-0.402,-0.034,0.35,-0.126,0.046,0.588,-0.631,0.287,0.397,-0.53,0.011,0.579,0.104,-0.679,0.088,0.434,0.024,-0.116,0.409,-0.109,-0.342,0.342,-0.65,-0.011,-0.053,0.191,-0.383,0.092,0.096,-0.547,-0.01,0.149,-0.084,-0.28,-0.451,0.25,0.213,0.602,0.062,0.757,-0.522,0.556,0.225,0.533,0.506,0.751,0.022,-0.319,-0.49,0.746,-0.053,-0.199,0.325,0.208,0.316,-0.284,0.657,0.634,0.282,0.75,-0.364,0.598,0.374,-0.28,0.422,0.513,0.724,-0.283,-0.514,-0.038,0.174,0.209,0.525,-0.065,0.69,-0.301,0.353,0.612,-0.131,0.173,-0.191,-0.458,-0.123,0.254,-0.225,0.217,-0.043,0.69,-0.048,0.317,-0.394,0.41,-0.63,-0.213,0.081,0.029,-0.528,-0.332,0.142,0.643,0.592,0.372,-0.148,0.517,0.215,-0.621,0.251,0.61,0.186,0.448,-0.242,-0.171,-0.501,0.101,0.492,-0.714,0.653,-0.58,0.543,0.407,-0.33,0.71,0.531,0.647,0.204,0.445,0.296,0.364,0.671,0.577,-0.266,-0.429,-0.391,-0.483,0.58,0.26,0.614,0.192,0.302,0.549,-0.515,0.048,0.785,-0.58,0.627,-0.222,-0.261,-0.391,-0.161,0.342,-0.191,-0.61,0.584,0.76,-0.403,0.558,-0.683,0.48,-0.149,0.346,0.328,-0.054,-0.522,-0.212,-0.298,0.804,-0.097,-0.176,0.569,0.44,0.735,0.522,0.669,0.449,0.628,0.515,-0.246,0.611,-0.74,-0.524,0.486,-0.31,0.422,-0.335,-0.338,-0.483,-0.06
AMED,-0.89,-0.4,0.599,0.831,-0.577,0.659,-0.682,0.0,0.255,0.184,-0.787,-0.863,0.261,0.553,-0.445,-0.733,-0.042,0.125,-0.729,0.492,-0.3,-0.559,0.309,0.392,-0.836,-0.369,0.47,-0.447,-0.788,-0.332,0.334,-0.017,0.471,0.701,-0.025,0.735,0.208,0.296,-0.52,0.507,0.305,0.037,0.837,0.299,-0.07,-0.445,0.303,0.657,-0.626,0.123,-0.817,0.197,-0.704,0.759,-0.536,-0.065,-0.655,-0.69,-0.705,0.24,0.306,0.762,-0.531,0.555,-0.152,-0.29,0.23,-0.481,0.546,-0.831,-0.874,-0.068,-0.856,0.772,-0.799,-0.718,0.491,-0.719,-0.732,-0.861,-0.173,0.814,-0.046,-0.239,0.135,-0.758,0.257,-0.755,0.684,-0.707,-0.837,0.307,-0.541,0.641,-0.088,-0.092,-0.081,0.61,0.265,0.488,-0.707,0.482,-0.296,0.549,-0.741,0.786,-0.063,-0.502,-0.327,0.439,0.764,-0.611,-0.325,-0.836,-0.024,0.553,-0.805,-0.12,0.757,-0.161,-0.689,-0.57,-0.833,0.585,0.626,0.486,-0.44,-0.697,0.892,-0.794,0.704,-0.749,-0.323,0.681,-0.937,-0.466,-0.875,-0.137,-0.291,-0.16,-0.532,-0.486,-0.391,0.709,0.535,0.377,0.384,-0.867,-0.228,-0.232,-0.201,-0.375,-0.768,0.534,0.313,-0.634,0.702,-0.803,0.663,0.475,0.442,0.6,-0.258,0.555,0.851,-0.862,-0.687,0.575,-0.883,0.739,-0.626,0.419,-0.627,-0.421,-0.117,0.843,0.632,0.687,-0.628,-0.049,0.42,-0.52,-0.673,-0.465,-0.719,-0.524,-0.63,-0.822,-0.751,0.621,-0.841,0.741,0.672,-0.589,0.627,0.052,0.663,0.571,0.85,0.349
AMRN,-0.231,-0.012,0.115,0.228,-0.321,0.086,-0.43,0.255,0.0,0.044,-0.127,-0.27,-0.16,0.193,-0.02,-0.183,0.028,-0.032,-0.343,0.138,-0.14,-0.145,0.216,0.113,-0.224,-0.229,0.453,-0.014,-0.107,-0.153,0.097,-0.078,-0.015,-0.119,0.016,0.2,-0.201,-0.08,-0.072,0.315,-0.08,-0.075,0.199,-0.081,0.01,0.034,-0.041,-0.057,-0.052,-0.112,-0.324,-0.141,-0.017,0.175,-0.371,-0.161,-0.214,-0.244,-0.218,-0.092,0.155,0.384,-0.345,0.109,0.335,-0.121,-0.035,-0.138,0.075,-0.238,-0.263,-0.243,-0.162,0.233,-0.15,-0.119,-0.128,-0.059,-0.138,-0.301,-0.027,0.002,0.017,-0.147,0.019,-0.283,0.15,-0.399,-0.116,-0.074,-0.295,0.117,-0.201,0.104,0.189,0.396,-0.104,-0.033,-0.024,-0.012,-0.483,0.012,-0.24,0.192,-0.018,0.268,-0.001,-0.041,-0.253,0.245,0.153,-0.063,-0.341,-0.224,-0.095,-0.044,-0.173,-0.12,0.092,-0.086,-0.331,-0.159,-0.233,0.235,0.178,0.309,-0.178,-0.209,0.339,-0.215,0.172,-0.349,-0.528,0.014,-0.214,-0.302,-0.326,-0.062,-0.101,0.147,0.243,-0.319,-0.18,0.106,0.198,0.165,0.28,-0.254,-0.326,-0.157,0.096,0.033,-0.153,-0.056,-0.056,-0.114,0.185,-0.274,-0.123,0.154,0.027,0.206,-0.188,-0.031,0.261,-0.193,-0.068,0.133,-0.262,0.348,-0.297,-0.028,-0.048,-0.231,-0.026,0.321,0.18,-0.013,-0.412,-0.191,0.229,-0.423,-0.216,-0.185,-0.209,-0.21,-0.17,-0.224,-0.229,0.187,-0.135,0.338,0.325,-0.165,0.143,-0.141,0.184,0.262,0.159,0.011
ANGI,0.119,0.13,-0.45,0.036,0.416,0.488,-0.291,0.184,0.044,0.0,0.172,0.016,-0.369,-0.423,0.027,0.439,0.319,-0.132,0.301,0.627,-0.428,-0.571,0.107,-0.136,0.251,0.468,0.369,0.62,0.001,-0.066,-0.089,-0.044,0.085,-0.166,-0.155,-0.054,-0.616,0.476,0.313,0.246,-0.113,0.161,-0.044,0.248,-0.365,0.471,0.391,0.196,0.535,-0.125,0.2,-0.554,-0.211,-0.261,-0.081,-0.199,-0.367,-0.161,-0.308,-0.639,0.291,-0.042,-0.54,-0.251,0.449,-0.582,-0.587,0.401,-0.392,0.09,0.093,-0.479,-0.439,-0.113,-0.329,0.43,0.174,0.363,0.23,-0.019,0.321,0.214,-0.135,0.404,-0.272,0.14,-0.636,-0.303,0.396,0.409,-0.098,-0.422,0.301,-0.17,0.332,0.247,-0.828,0.084,-0.477,-0.597,-0.079,-0.298,-0.324,-0.373,0.088,0.162,0.478,0.598,-0.136,0.057,-0.128,0.473,0.046,0.04,-0.765,-0.257,0.025,-0.62,0.335,-0.06,0.028,0.394,0.136,-0.193,-0.395,0.151,0.66,-0.3,0.115,-0.34,0.549,0.312,-0.286,0.02,-0.181,-0.622,0.027,-0.396,-0.152,0.288,-0.031,-0.705,-0.496,-0.441,-0.244,-0.168,-0.238,-0.189,0.104,-0.386,-0.614,0.494,-0.288,-0.123,-0.584,-0.569,-0.142,0.182,-0.159,-0.491,0.228,-0.125,0.125,-0.544,0.132,0.07,-0.061,0.301,-0.149,0.194,0.209,-0.498,0.543,-0.489,0.176,-0.219,0.077,-0.384,-0.497,0.614,-0.076,-0.594,0.404,-0.038,-0.367,-0.2,0.045,0.091,-0.281,-0.177,0.027,0.538,0.429,-0.465,0.054,-0.663,-0.373,-0.324,-0.06,0.11
APA,0.87,0.711,-0.727,-0.61,0.573,-0.356,0.473,-0.787,-0.127,0.172,0.0,0.891,-0.415,-0.527,0.595,0.85,0.412,-0.411,0.765,-0.207,0.121,0.269,-0.091,-0.474,0.855,0.666,-0.112,0.703,0.76,0.47,-0.118,-0.12,-0.306,-0.792,-0.07,-0.522,-0.263,-0.075,0.58,-0.434,-0.409,0.19,-0.78,-0.086,0.219,0.699,-0.197,-0.408,0.723,-0.502,0.833,-0.13,0.515,-0.695,0.31,0.022,0.522,0.611,0.415,-0.281,-0.209,-0.556,0.168,-0.609,0.37,0.312,-0.487,0.652,-0.513,0.74,0.903,0.054,0.71,-0.691,0.636,0.838,-0.305,0.817,0.664,0.748,0.501,-0.748,0.185,0.568,-0.024,0.576,-0.365,0.612,-0.619,0.722,0.777,-0.184,0.769,-0.639,0.333,0.335,-0.156,-0.505,-0.467,-0.668,0.67,-0.723,0.395,-0.405,0.643,-0.559,0.187,0.726,0.506,-0.115,-0.844,0.776,0.154,0.918,-0.148,-0.52,0.75,-0.071,-0.578,-0.178,0.5,0.773,0.913,-0.551,-0.707,-0.168,0.614,0.61,-0.734,0.59,-0.444,0.775,0.352,-0.471,0.865,0.089,0.774,0.201,0.06,0.21,0.706,0.106,0.315,-0.781,-0.667,-0.23,-0.39,0.745,0.368,-0.003,0.053,0.5,0.691,-0.415,-0.329,0.309,-0.524,0.836,-0.594,-0.473,-0.054,-0.723,0.12,-0.782,-0.625,0.89,0.594,-0.246,0.792,-0.461,0.694,-0.451,0.77,0.267,0.5,-0.834,-0.65,-0.699,0.336,0.263,-0.333,0.221,0.808,0.375,0.616,0.388,0.518,0.737,0.618,-0.63,0.783,-0.584,-0.453,0.468,-0.337,-0.392,-0.714,-0.766,-0.691,-0.458
APOG,0.901,0.656,-0.688,-0.746,0.541,-0.493,0.571,-0.863,-0.27,0.016,0.891,0.0,-0.363,-0.532,0.607,0.808,0.377,-0.272,0.741,-0.39,0.311,0.46,-0.216,-0.522,0.863,0.604,-0.29,0.595,0.825,0.502,-0.156,-0.064,-0.448,-0.776,0.039,-0.594,-0.178,-0.213,0.695,-0.531,-0.476,-0.04,-0.857,-0.151,0.217,0.653,-0.242,-0.559,0.688,-0.358,0.888,-0.147,0.618,-0.746,0.447,0.019,0.697,0.76,0.616,-0.219,-0.309,-0.756,0.335,-0.672,0.248,0.363,-0.427,0.559,-0.522,0.755,0.915,0.029,0.788,-0.782,0.785,0.818,-0.467,0.795,0.725,0.842,0.37,-0.782,0.135,0.371,-0.057,0.705,-0.33,0.726,-0.673,0.709,0.912,-0.25,0.733,-0.712,0.239,0.211,-0.04,-0.574,-0.353,-0.619,0.742,-0.674,0.43,-0.478,0.746,-0.698,0.145,0.692,0.566,-0.319,-0.893,0.747,0.161,0.961,-0.067,-0.574,0.863,0.084,-0.722,0.011,0.609,0.695,0.951,-0.614,-0.724,-0.304,0.516,0.733,-0.815,0.761,-0.564,0.798,0.435,-0.63,0.899,0.246,0.91,0.181,0.139,0.11,0.622,0.345,0.372,-0.767,-0.682,-0.246,-0.4,0.876,0.284,0.008,0.161,0.495,0.835,-0.435,-0.351,0.437,-0.588,0.834,-0.671,-0.492,-0.175,-0.695,0.15,-0.716,-0.756,0.936,0.606,-0.459,0.925,-0.637,0.685,-0.427,0.707,0.444,0.385,-0.911,-0.746,-0.724,0.52,0.262,-0.428,0.388,0.796,0.481,0.782,0.496,0.666,0.808,0.774,-0.716,0.859,-0.655,-0.56,0.617,-0.482,-0.3,-0.689,-0.782,-0.739,-0.505
APPS,-0.247,-0.656,0.658,0.104,-0.084,-0.294,0.133,0.261,-0.16,-0.369,-0.415,-0.363,0.0,0.09,-0.622,-0.486,-0.244,0.261,-0.167,-0.451,-0.051,-0.291,-0.336,0.584,-0.436,-0.355,-0.368,-0.547,-0.608,-0.574,0.362,0.574,0.067,0.48,0.442,-0.004,0.293,0.221,-0.621,0.286,0.732,0.334,0.427,-0.35,0.143,-0.756,0.121,0.184,-0.496,0.449,-0.188,0.276,-0.05,0.144,0.049,0.745,-0.179,-0.411,0.101,0.316,-0.404,0.177,0.52,0.723,-0.341,-0.077,0.328,-0.083,0.058,-0.107,-0.246,0.465,-0.086,0.288,-0.226,-0.386,0.081,-0.362,-0.42,-0.019,-0.57,0.222,-0.469,-0.254,-0.063,-0.123,0.207,-0.263,0.303,-0.543,-0.191,0.034,-0.586,0.536,-0.664,-0.361,0.377,0.092,0.727,0.529,-0.071,0.644,-0.086,0.133,-0.403,-0.038,-0.695,-0.646,-0.307,-0.156,0.605,-0.707,0.238,-0.33,0.512,0.107,-0.229,0.273,-0.028,0.114,0.193,-0.586,-0.383,-0.033,0.355,-0.49,-0.539,-0.384,0.261,-0.215,-0.09,-0.415,0.356,0.241,-0.312,0.508,-0.216,-0.105,0.206,0.029,-0.13,0.282,-0.059,0.556,0.169,-0.243,-0.275,-0.27,0.337,0.567,-0.144,-0.444,-0.382,0.147,0.495,0.171,-0.016,-0.392,0.413,0.118,0.153,0.616,0.065,0.479,0.07,-0.353,-0.053,-0.053,-0.386,-0.183,-0.104,0.104,-0.399,-0.137,-0.443,0.412,0.387,0.366,0.349,-0.199,0.496,0.199,-0.379,0.264,-0.299,0.295,-0.508,-0.093,-0.186,0.573,-0.262,-0.049,0.038,-0.242,0.166,0.717,0.428,0.431,0.438,0.115
ARCB,-0.758,0.025,0.645,0.72,-0.843,0.394,-0.402,0.553,0.193,-0.423,-0.527,-0.532,0.09,0.0,0.036,-0.782,-0.015,0.08,-0.814,0.132,0.352,0.166,0.48,0.168,-0.748,-0.499,0.264,-0.684,-0.361,0.128,0.334,-0.292,0.354,0.561,-0.103,0.847,0.727,-0.106,-0.386,0.074,0.002,-0.291,0.627,0.368,0.456,-0.42,-0.056,0.427,-0.825,-0.128,-0.801,0.698,-0.418,0.913,-0.415,-0.301,-0.004,-0.1,-0.47,0.83,0.137,0.666,-0.279,0.346,-0.456,0.455,0.634,-0.683,0.936,-0.803,-0.694,0.206,-0.362,0.642,-0.217,-0.817,0.263,-0.827,-0.75,-0.781,-0.029,0.411,0.279,-0.323,0.561,-0.8,0.749,-0.135,0.197,-0.768,-0.453,0.729,-0.35,0.493,-0.038,-0.184,0.501,0.473,0.298,0.711,-0.495,0.333,0.293,0.881,-0.609,0.592,-0.082,-0.65,0.177,0.506,0.466,-0.608,-0.501,-0.53,0.508,0.771,-0.559,0.481,0.381,-0.272,-0.771,-0.476,-0.626,0.753,0.739,0.615,-0.702,0.04,0.599,-0.187,0.2,-0.745,0.026,0.536,-0.457,-0.154,-0.677,0.56,-0.346,-0.539,-0.359,0.053,0.254,0.786,0.627,0.763,0.767,-0.416,-0.313,-0.159,0.49,-0.568,-0.101,0.742,0.612,-0.204,0.899,-0.67,0.655,0.938,0.319,0.287,-0.371,0.75,0.689,-0.656,-0.56,0.408,-0.381,0.612,-0.74,0.895,-0.824,0.327,0.132,0.738,0.261,0.857,-0.239,-0.334,0.219,-0.062,-0.765,-0.503,-0.01,-0.329,-0.209,-0.788,-0.182,0.409,-0.624,0.178,0.139,0.172,0.464,0.2,0.789,0.521,0.695,0.102
ARCC,0.385,0.798,-0.512,-0.151,0.001,0.041,-0.034,-0.445,-0.02,0.027,0.595,0.607,-0.622,0.036,0.0,0.477,0.527,-0.285,0.186,0.063,0.381,0.549,0.304,-0.763,0.456,0.475,0.193,0.418,0.694,0.703,0.007,-0.68,-0.19,-0.524,-0.333,0.078,0.146,-0.446,0.575,-0.505,-0.69,-0.351,-0.537,0.05,0.255,0.72,-0.257,-0.222,0.318,-0.701,0.339,0.108,0.124,-0.133,-0.085,-0.49,0.52,0.606,0.073,0.102,0.002,-0.319,-0.215,-0.8,0.152,0.473,-0.345,0.192,0.018,0.158,0.433,-0.186,0.33,-0.498,0.502,0.406,-0.184,0.34,0.298,0.206,0.775,-0.488,0.481,0.325,0.122,0.194,-0.024,0.535,-0.585,0.358,0.497,0.144,0.663,-0.67,0.633,0.376,0.052,-0.191,-0.567,-0.441,0.302,-0.738,0.484,0.091,0.407,-0.196,0.494,0.566,0.728,0.288,-0.759,0.576,-0.401,0.584,-0.122,-0.168,0.488,0.182,-0.318,-0.395,-0.054,0.671,0.638,-0.265,-0.511,0.308,0.304,0.637,-0.374,0.464,-0.189,0.389,0.241,-0.304,0.514,-0.189,0.419,0.408,-0.244,-0.373,0.241,-0.007,0.29,-0.489,-0.21,0.354,0.218,0.517,0.03,-0.5,0.268,0.123,0.672,0.121,-0.143,-0.034,0.078,0.424,-0.399,0.053,0.109,-0.729,-0.215,-0.439,-0.181,0.49,-0.052,-0.038,0.631,-0.018,0.208,0.063,0.307,0.512,0.588,-0.477,-0.618,-0.286,-0.03,0.234,-0.334,0.181,0.41,-0.206,0.645,-0.09,0.554,0.16,0.548,-0.661,0.361,-0.297,-0.303,0.553,-0.3,-0.558,-0.351,-0.425,-0.38,-0.456
ARVN,0.893,0.509,-0.88,-0.683,0.757,-0.248,0.35,-0.733,-0.183,0.439,0.85,0.808,-0.486,-0.782,0.477,0.0,0.308,-0.31,0.848,-0.007,-0.09,0.112,-0.166,-0.523,0.911,0.755,-0.094,0.855,0.719,0.351,-0.316,-0.115,-0.37,-0.771,-0.142,-0.655,-0.547,-0.018,0.67,-0.351,-0.416,0.141,-0.809,-0.158,-0.164,0.793,-0.051,-0.428,0.931,-0.298,0.883,-0.49,0.425,-0.851,0.339,-0.039,0.316,0.474,0.375,-0.629,-0.069,-0.692,0.057,-0.725,0.475,-0.093,-0.697,0.71,-0.759,0.814,0.864,-0.215,0.514,-0.798,0.476,0.95,-0.261,0.904,0.8,0.772,0.485,-0.598,0.061,0.54,-0.351,0.738,-0.659,0.451,-0.46,0.889,0.684,-0.519,0.764,-0.736,0.391,0.363,-0.446,-0.528,-0.625,-0.874,0.615,-0.714,0.11,-0.695,0.711,-0.569,0.363,0.899,0.313,-0.265,-0.833,0.903,0.231,0.811,-0.51,-0.691,0.727,-0.332,-0.431,0.019,0.595,0.819,0.892,-0.707,-0.892,-0.293,0.846,0.385,-0.727,0.435,-0.281,0.891,0.129,-0.576,0.711,0.001,0.799,-0.174,0.148,0.355,0.519,-0.083,-0.013,-0.961,-0.702,-0.422,-0.517,0.668,0.321,-0.137,-0.231,0.604,0.487,-0.538,-0.623,0.143,-0.692,0.866,-0.724,-0.767,-0.191,-0.712,0.26,-0.898,-0.684,0.859,0.523,-0.292,0.696,-0.499,0.78,-0.716,0.903,0.018,0.321,-0.903,-0.586,-0.877,0.181,0.422,-0.394,0.12,0.916,0.345,0.396,0.243,0.514,0.794,0.47,-0.717,0.751,-0.35,-0.312,0.195,-0.477,-0.546,-0.895,-0.739,-0.811,-0.312
ATEC,0.208,0.56,-0.378,0.138,-0.035,0.266,-0.126,-0.042,0.028,0.319,0.412,0.377,-0.244,-0.015,0.527,0.308,0.0,-0.578,0.158,0.173,-0.018,-0.096,0.175,-0.455,0.286,0.59,0.436,0.457,0.275,0.294,0.479,-0.219,0.145,-0.428,0.032,0.236,0.03,0.105,0.282,-0.388,-0.349,0.021,-0.294,0.156,0.338,0.507,-0.07,0.259,0.18,-0.71,0.287,0.201,-0.071,-0.093,-0.249,-0.237,0.13,0.206,-0.079,0.081,0.118,-0.009,-0.363,-0.383,0.125,0.264,-0.456,0.434,0.033,-0.034,0.226,-0.031,-0.007,-0.169,0.054,0.281,0.166,0.327,0.063,0.053,0.633,-0.145,0.333,0.555,0.204,-0.091,-0.167,0.128,-0.263,0.098,0.255,0.219,0.629,-0.179,0.325,0.407,-0.236,0.099,-0.381,-0.413,0.251,-0.613,0.469,0.12,-0.067,0.178,0.311,0.507,0.585,0.398,-0.472,0.361,-0.305,0.392,-0.084,-0.026,0.253,-0.056,0.038,-0.575,-0.182,0.545,0.397,-0.187,-0.38,0.383,0.202,0.145,-0.144,0.06,0.286,0.255,0.244,0.163,0.151,-0.465,0.185,0.129,-0.327,-0.127,0.313,-0.332,0.124,-0.249,-0.284,0.268,-0.141,0.084,0.157,-0.371,-0.134,0.203,0.283,0.148,0.058,-0.277,0.171,0.302,-0.012,-0.002,0.58,-0.433,-0.358,-0.429,0.171,0.336,-0.08,0.336,0.198,0.223,0.282,-0.04,0.275,0.064,0.654,-0.234,-0.217,-0.152,-0.239,0.474,0.126,-0.107,0.348,-0.082,0.227,-0.036,0.236,0.004,0.128,-0.293,0.05,-0.04,0.264,0.098,0.212,-0.467,-0.304,-0.496,0.088,-0.338
ATXS,-0.241,-0.473,0.458,-0.171,0.033,-0.269,0.046,0.125,-0.032,-0.132,-0.411,-0.272,0.261,0.08,-0.285,-0.31,-0.578,0.0,-0.237,-0.208,0.389,0.171,-0.126,0.384,-0.312,-0.607,-0.543,-0.501,-0.177,-0.441,-0.28,0.197,-0.267,0.473,0.094,-0.087,0.085,-0.115,-0.106,0.486,0.192,-0.409,0.334,-0.117,-0.144,-0.469,0.372,-0.349,-0.242,0.729,-0.255,-0.2,0.141,0.148,0.204,0.061,0.16,0.05,0.253,0.047,-0.277,-0.121,0.394,0.232,-0.173,-0.319,0.429,-0.426,0.019,-0.111,-0.206,-0.191,-0.15,-0.001,0.106,-0.217,-0.375,-0.38,-0.107,-0.105,-0.589,0.162,-0.594,-0.67,-0.18,0.186,0.134,0.02,0.411,-0.189,-0.068,-0.252,-0.63,0.177,-0.35,-0.302,0.224,-0.067,0.532,0.39,-0.364,0.569,-0.372,-0.098,0.109,-0.274,-0.08,-0.386,-0.468,-0.484,0.423,-0.364,0.104,-0.286,0.117,0.008,-0.045,0.375,-0.201,0.605,0.22,-0.529,-0.331,0.074,0.274,-0.372,-0.28,0.018,0.267,0.119,-0.201,-0.295,-0.036,-0.289,-0.226,0.271,-0.081,0.033,0.14,-0.182,-0.43,0.397,-0.163,0.238,0.408,-0.031,0.245,0.01,-0.107,0.101,0.103,-0.197,-0.115,0.154,-0.177,0.129,-0.034,-0.354,0.055,0.042,-0.366,0.568,0.511,0.373,0.013,-0.324,-0.085,-0.348,-0.106,-0.305,-0.473,0.049,-0.287,0.214,-0.666,0.167,0.11,0.179,0.277,-0.221,-0.332,0.005,-0.342,0.124,-0.033,0.2,0.085,-0.075,0.134,0.293,0.045,0.239,-0.177,0.096,-0.462,0.267,0.468,0.529,0.091,0.223
AVAV,0.871,0.282,-0.755,-0.683,0.769,-0.353,0.588,-0.729,-0.343,0.301,0.765,0.741,-0.167,-0.814,0.186,0.848,0.158,-0.237,0.0,-0.139,-0.171,0.035,-0.358,-0.32,0.885,0.609,-0.251,0.709,0.542,0.234,-0.241,0.15,-0.193,-0.658,-0.0,-0.777,-0.563,0.127,0.471,-0.382,-0.001,0.325,-0.754,-0.139,-0.205,0.499,-0.182,-0.309,0.802,-0.105,0.874,-0.378,0.581,-0.852,0.546,0.207,0.228,0.346,0.488,-0.573,-0.055,-0.652,0.295,-0.448,0.229,-0.037,-0.497,0.769,-0.763,0.875,0.831,-0.123,0.555,-0.604,0.383,0.81,-0.109,0.845,0.78,0.845,0.231,-0.473,-0.041,0.528,-0.236,0.717,-0.614,0.465,-0.295,0.838,0.614,-0.459,0.61,-0.506,0.051,0.06,-0.39,-0.366,-0.396,-0.653,0.737,-0.486,0.092,-0.735,0.608,-0.582,0.114,0.645,0.107,-0.367,-0.635,0.694,0.607,0.703,-0.359,-0.579,0.606,-0.383,-0.43,0.065,0.707,0.689,0.778,-0.656,-0.714,-0.473,0.755,0.283,-0.762,0.377,-0.301,0.877,0.269,-0.416,0.721,0.216,0.777,-0.273,0.196,0.45,0.448,0.102,0.111,-0.782,-0.765,-0.672,-0.717,0.56,0.371,0.213,-0.342,0.553,0.375,-0.645,-0.43,0.32,-0.798,0.858,-0.528,-0.757,-0.197,-0.534,0.303,-0.711,-0.767,0.801,0.664,-0.297,0.597,-0.568,0.881,-0.648,0.814,-0.074,0.175,-0.81,-0.328,-0.755,0.448,0.39,-0.209,0.23,0.865,0.562,0.287,0.338,0.44,0.812,0.352,-0.6,0.681,-0.448,-0.331,0.106,-0.351,-0.167,-0.852,-0.71,-0.758,-0.189
AXON,-0.379,0.082,-0.218,0.569,-0.17,0.855,-0.631,0.492,0.138,0.627,-0.207,-0.39,-0.451,0.132,0.063,-0.007,0.173,-0.208,-0.139,0.0,-0.458,-0.414,0.381,-0.278,-0.163,0.134,0.697,0.315,-0.196,0.138,-0.116,-0.473,0.444,0.139,-0.584,0.443,-0.304,0.157,0.026,0.103,-0.121,0.026,0.258,0.381,-0.406,0.289,0.142,0.582,0.105,-0.244,-0.381,-0.176,-0.565,0.319,-0.395,-0.504,-0.596,-0.377,-0.753,-0.263,0.711,0.377,-0.856,-0.175,0.111,-0.336,-0.289,-0.031,0.166,-0.409,-0.43,-0.483,-0.7,0.302,-0.634,-0.132,0.571,-0.18,-0.141,-0.563,0.428,0.581,0.312,0.23,-0.031,-0.392,-0.273,-0.449,0.443,0.077,-0.566,0.048,0.158,0.084,0.454,0.153,-0.611,0.484,-0.591,-0.19,-0.318,-0.204,-0.245,0.127,-0.326,0.659,0.599,0.203,-0.107,0.477,0.094,0.205,-0.208,-0.428,-0.65,0.247,-0.465,-0.586,0.792,-0.265,-0.557,0.254,-0.271,0.286,0.023,0.61,0.402,-0.416,0.406,-0.612,0.728,-0.084,-0.485,0.435,-0.473,-0.757,-0.468,-0.327,-0.409,-0.05,-0.447,-0.748,-0.434,-0.023,0.192,0.225,0.248,-0.552,-0.3,-0.583,-0.442,0.088,-0.501,0.236,-0.202,-0.767,0.371,-0.191,0.262,0.057,0.282,-0.147,-0.275,-0.012,0.502,-0.366,-0.539,0.561,-0.459,0.713,-0.159,0.062,0.017,-0.469,0.176,0.261,0.322,0.141,-0.769,0.269,0.059,-0.575,-0.085,-0.585,-0.525,-0.724,-0.158,-0.498,-0.587,-0.068,-0.512,0.681,0.521,-0.548,0.372,-0.537,-0.072,0.035,0.166,0.27
BANF,0.085,0.267,0.199,-0.286,-0.095,-0.386,0.287,-0.3,-0.14,-0.428,0.121,0.311,-0.051,0.352,0.381,-0.09,-0.018,0.389,-0.171,-0.458,0.0,0.723,0.021,-0.114,-0.016,-0.252,-0.519,-0.375,0.385,0.19,-0.002,-0.043,-0.393,0.044,0.138,0.03,0.535,-0.376,0.271,-0.061,-0.377,-0.547,-0.05,0.047,0.521,-0.08,0.089,-0.476,-0.192,0.099,0.021,0.275,0.24,0.102,0.182,-0.166,0.852,0.754,0.408,0.544,-0.484,-0.269,0.418,-0.152,-0.188,0.435,0.409,-0.385,0.291,0.009,0.137,0.235,0.363,-0.258,0.718,-0.015,-0.56,-0.146,-0.037,0.104,-0.141,-0.377,-0.057,-0.388,0.271,0.182,0.438,0.578,-0.248,-0.15,0.512,0.07,-0.058,-0.173,-0.095,-0.083,0.562,-0.258,0.344,0.262,0.031,0.018,0.386,0.184,0.271,-0.411,0.006,-0.138,0.367,-0.295,-0.178,-0.082,-0.275,0.304,0.498,0.085,0.383,0.778,-0.532,0.251,0.153,-0.112,0.144,0.09,0.101,-0.098,-0.339,0.766,-0.155,0.749,-0.507,-0.07,0.358,-0.403,0.335,0.315,0.291,0.691,0.126,-0.429,-0.0,0.64,0.425,0.082,0.267,0.391,0.379,0.508,-0.037,0.031,0.709,-0.049,0.682,0.329,0.045,0.36,0.121,-0.041,-0.057,0.342,-0.249,-0.003,0.202,0.185,-0.111,0.118,0.06,-0.377,0.527,-0.376,-0.331,0.334,-0.187,0.911,-0.019,-0.171,-0.473,0.092,0.442,-0.208,-0.439,0.357,-0.184,0.106,0.774,0.449,0.544,0.101,0.745,-0.115,0.365,-0.34,-0.491,0.87,-0.416,0.095,0.322,0.1,-0.058,-0.269
BATRK,0.293,0.367,-0.12,-0.389,-0.092,-0.424,0.397,-0.559,-0.145,-0.571,0.269,0.46,-0.291,0.166,0.549,0.112,-0.096,0.171,0.035,-0.414,0.723,0.0,0.009,-0.416,0.277,-0.133,-0.41,-0.148,0.662,0.45,-0.221,-0.281,-0.309,-0.258,-0.085,-0.156,0.383,-0.686,0.409,-0.452,-0.462,-0.565,-0.41,-0.017,0.234,0.137,-0.356,-0.553,0.0,-0.054,0.165,0.213,0.447,-0.055,0.247,-0.347,0.753,0.74,0.513,0.355,-0.193,-0.4,0.378,-0.459,-0.228,0.573,0.307,-0.268,0.185,0.203,0.302,0.042,0.574,-0.396,0.748,0.097,-0.464,0.05,0.273,0.262,0.066,-0.508,0.331,-0.245,0.209,0.289,0.359,0.774,-0.574,0.148,0.519,0.141,0.178,-0.398,0.097,0.039,0.557,-0.23,0.019,0.076,0.294,-0.219,0.391,0.053,0.431,-0.437,0.192,0.041,0.362,-0.231,-0.456,0.138,-0.105,0.402,0.344,0.036,0.449,0.567,-0.542,0.188,0.122,0.164,0.341,-0.037,-0.091,-0.035,-0.14,0.78,-0.453,0.775,-0.574,0.221,0.178,-0.449,0.583,0.392,0.447,0.529,0.161,-0.33,0.047,0.671,0.563,-0.149,0.105,0.279,0.317,0.614,-0.207,-0.002,0.675,-0.016,0.77,0.0,0.027,0.54,-0.057,0.266,-0.255,0.222,-0.486,-0.359,0.067,0.07,-0.356,0.359,0.184,-0.424,0.668,-0.367,-0.043,0.288,-0.048,0.785,0.015,-0.342,-0.524,-0.057,0.46,-0.244,-0.448,0.548,0.041,0.064,0.785,0.222,0.641,0.211,0.694,-0.392,0.424,-0.533,-0.555,0.826,-0.518,0.094,-0.051,-0.05,-0.43,-0.223
BIDU,-0.297,0.275,0.134,0.399,-0.307,0.508,-0.53,0.309,0.216,0.107,-0.091,-0.216,-0.336,0.48,0.304,-0.166,0.175,-0.126,-0.358,0.381,0.021,0.009,0.0,0.033,-0.277,0.194,0.374,-0.128,0.029,0.336,0.128,-0.4,0.097,0.177,-0.299,0.547,0.27,0.101,0.066,0.087,-0.178,-0.11,0.284,0.402,0.178,0.201,0.012,0.274,-0.16,-0.356,-0.342,0.209,-0.36,0.451,-0.146,-0.416,-0.065,0.013,-0.457,0.223,0.407,0.41,-0.522,-0.104,0.066,0.144,0.071,-0.32,0.423,-0.401,-0.259,-0.104,-0.336,0.184,-0.147,-0.227,0.239,-0.266,-0.376,-0.496,0.478,0.232,0.25,0.04,0.05,-0.422,0.205,-0.063,0.075,-0.191,-0.199,0.427,0.113,0.164,0.431,0.095,0.027,0.158,-0.253,0.021,-0.411,-0.026,0.123,0.374,-0.235,0.457,0.379,0.023,0.301,0.433,0.088,0.013,-0.35,-0.205,-0.108,0.402,-0.227,0.047,0.379,-0.203,-0.578,-0.016,-0.191,0.242,0.115,0.604,-0.026,0.027,0.301,-0.156,0.329,-0.152,-0.112,0.27,-0.223,-0.288,-0.313,0.323,-0.277,-0.271,-0.058,-0.331,0.027,0.135,0.3,0.563,0.654,-0.16,-0.218,-0.373,0.173,-0.163,-0.019,0.479,0.02,-0.282,0.581,-0.233,0.204,0.362,0.297,-0.114,0.016,0.138,0.465,-0.25,-0.317,0.373,-0.123,0.523,-0.301,0.35,-0.308,0.057,0.384,0.269,-0.031,0.317,-0.368,0.202,-0.062,-0.154,-0.192,-0.418,-0.055,-0.448,0.004,-0.387,-0.062,0.126,-0.294,0.251,0.228,0.042,0.186,-0.39,0.2,0.176,0.319,0.268
BLNE,-0.379,-0.592,0.658,0.136,-0.069,-0.141,0.011,0.392,0.113,-0.136,-0.474,-0.522,0.584,0.168,-0.763,-0.523,-0.455,0.384,-0.32,-0.278,-0.114,-0.416,0.033,0.0,-0.507,-0.442,-0.269,-0.574,-0.599,-0.621,0.153,0.584,0.008,0.535,0.406,0.061,0.099,0.494,-0.549,0.556,0.601,0.219,0.561,0.028,0.099,-0.71,0.278,0.101,-0.421,0.535,-0.33,0.085,-0.037,0.247,0.111,0.459,-0.241,-0.403,-0.003,0.138,-0.157,0.404,0.279,0.803,-0.147,-0.25,0.503,-0.245,0.137,-0.203,-0.326,0.29,-0.207,0.466,-0.268,-0.427,0.015,-0.386,-0.403,-0.225,-0.679,0.323,-0.561,-0.348,0.035,-0.252,0.22,-0.384,0.466,-0.465,-0.321,0.104,-0.67,0.641,-0.564,-0.375,0.191,0.033,0.709,0.529,-0.392,0.787,-0.264,0.101,-0.333,0.148,-0.542,-0.608,-0.526,-0.204,0.753,-0.618,0.247,-0.451,0.357,0.223,-0.376,0.156,0.121,0.305,-0.006,-0.756,-0.581,0.31,0.569,-0.222,-0.463,-0.384,0.415,-0.259,0.035,-0.484,-0.021,0.24,-0.414,0.263,-0.405,-0.001,0.159,0.22,-0.022,0.114,-0.071,0.552,0.249,-0.132,0.033,-0.342,0.065,0.485,0.007,-0.239,-0.428,0.06,0.206,0.142,0.117,-0.426,0.348,0.136,0.024,0.769,0.309,0.446,0.251,-0.442,0.148,0.006,-0.487,0.003,-0.338,0.104,-0.403,-0.205,-0.411,0.496,0.471,0.37,0.136,-0.231,0.249,-0.125,-0.413,0.239,-0.404,0.226,-0.447,-0.159,-0.274,0.794,-0.227,0.177,0.153,-0.247,0.242,0.493,0.548,0.465,0.497,0.408
BLNK,0.915,0.479,-0.876,-0.719,0.683,-0.383,0.579,-0.836,-0.224,0.251,0.855,0.863,-0.436,-0.748,0.456,0.911,0.286,-0.312,0.885,-0.163,-0.016,0.277,-0.277,-0.507,0.0,0.654,-0.182,0.767,0.779,0.349,-0.29,-0.016,-0.264,-0.825,-0.025,-0.729,-0.507,-0.103,0.624,-0.52,-0.332,0.106,-0.916,-0.087,-0.145,0.68,-0.307,-0.465,0.835,-0.269,0.904,-0.383,0.642,-0.848,0.452,-0.073,0.398,0.549,0.55,-0.521,-0.026,-0.704,0.213,-0.676,0.306,0.086,-0.492,0.695,-0.681,0.836,0.893,-0.213,0.649,-0.722,0.561,0.869,-0.252,0.906,0.873,0.832,0.373,-0.662,0.17,0.53,-0.148,0.73,-0.547,0.607,-0.544,0.89,0.716,-0.378,0.737,-0.698,0.23,0.255,-0.341,-0.414,-0.524,-0.764,0.753,-0.674,0.187,-0.692,0.706,-0.597,0.311,0.796,0.262,-0.318,-0.842,0.816,0.394,0.84,-0.329,-0.577,0.744,-0.278,-0.518,0.021,0.598,0.81,0.879,-0.635,-0.791,-0.295,0.721,0.474,-0.872,0.56,-0.333,0.926,0.16,-0.536,0.837,0.102,0.861,-0.127,0.208,0.376,0.525,0.117,0.225,-0.884,-0.705,-0.452,-0.534,0.691,0.188,0.048,-0.137,0.618,0.609,-0.663,-0.472,0.404,-0.727,0.953,-0.683,-0.672,-0.282,-0.693,0.225,-0.812,-0.744,0.912,0.673,-0.316,0.757,-0.538,0.814,-0.592,0.855,0.097,0.284,-0.903,-0.499,-0.818,0.371,0.355,-0.335,0.28,0.906,0.452,0.502,0.315,0.638,0.792,0.515,-0.715,0.769,-0.504,-0.367,0.312,-0.469,-0.31,-0.9,-0.767,-0.849,-0.269
BTAI,0.608,0.534,-0.707,-0.269,0.491,0.09,0.104,-0.369,-0.229,0.468,0.666,0.604,-0.355,-0.499,0.475,0.755,0.59,-0.607,0.609,0.134,-0.252,-0.133,0.194,-0.442,0.654,0.0,0.205,0.729,0.471,0.444,0.114,-0.147,-0.062,-0.575,-0.035,-0.25,-0.278,0.216,0.46,-0.366,-0.289,0.318,-0.584,0.065,0.018,0.741,-0.137,0.01,0.648,-0.557,0.687,-0.177,0.08,-0.543,0.152,-0.042,0.095,0.259,0.034,-0.367,0.11,-0.334,-0.205,-0.552,0.343,0.044,-0.699,0.654,-0.457,0.492,0.619,-0.103,0.24,-0.484,0.16,0.687,0.128,0.716,0.43,0.476,0.705,-0.317,0.246,0.737,-0.174,0.338,-0.55,0.244,-0.312,0.551,0.466,-0.179,0.788,-0.501,0.387,0.36,-0.438,-0.209,-0.638,-0.77,0.527,-0.645,0.268,-0.373,0.289,-0.173,0.336,0.788,0.533,0.104,-0.651,0.688,0.093,0.627,-0.406,-0.373,0.481,-0.374,-0.092,-0.313,0.225,0.736,0.693,-0.578,-0.752,0.033,0.656,0.166,-0.497,0.133,0.101,0.716,0.272,-0.137,0.417,-0.185,0.539,-0.128,0.009,0.275,0.475,-0.33,0.021,-0.687,-0.629,-0.162,-0.394,0.368,0.371,-0.223,-0.334,0.446,0.304,-0.223,-0.288,-0.069,-0.288,0.668,-0.398,-0.513,0.262,-0.65,0.038,-0.756,-0.314,0.619,0.262,0.091,0.434,-0.114,0.739,-0.447,0.636,-0.111,0.631,-0.614,-0.399,-0.56,-0.023,0.614,-0.061,0.122,0.786,0.176,0.218,-0.006,0.281,0.478,0.236,-0.529,0.372,-0.24,-0.033,0.019,-0.037,-0.561,-0.751,-0.685,-0.373,-0.18
BYND,-0.358,0.251,-0.17,0.679,-0.432,0.719,-0.679,0.47,0.453,0.369,-0.112,-0.29,-0.368,0.264,0.193,-0.094,0.436,-0.543,-0.251,0.697,-0.519,-0.41,0.374,-0.269,-0.182,0.205,0.0,0.314,-0.231,0.274,0.266,-0.5,0.505,-0.096,-0.312,0.569,-0.166,0.126,-0.085,-0.087,-0.135,0.11,0.156,0.26,-0.103,0.326,-0.148,0.614,-0.049,-0.598,-0.331,0.094,-0.478,0.36,-0.586,-0.371,-0.559,-0.459,-0.717,-0.07,0.603,0.519,-0.872,-0.102,0.121,-0.017,-0.335,0.107,0.258,-0.471,-0.371,-0.326,-0.496,0.411,-0.594,-0.2,0.556,-0.085,-0.22,-0.519,0.535,0.385,0.459,0.346,0.155,-0.605,-0.046,-0.497,0.075,-0.083,-0.515,0.344,0.25,0.041,0.469,0.3,-0.431,0.442,-0.525,-0.172,-0.285,-0.318,0.02,0.397,-0.38,0.718,0.277,0.17,0.12,0.772,0.005,0.116,-0.386,-0.304,-0.389,0.214,-0.461,-0.487,0.625,-0.64,-0.682,0.233,-0.179,0.298,0.06,0.727,0.128,-0.413,0.403,-0.626,0.676,-0.21,-0.34,0.527,-0.395,-0.727,-0.499,-0.193,-0.549,-0.035,-0.059,-0.77,-0.209,0.07,0.003,0.301,0.18,-0.535,-0.186,-0.538,-0.291,-0.076,-0.368,0.154,0.099,-0.656,0.489,-0.179,0.162,0.226,0.537,-0.19,-0.603,-0.09,0.494,-0.249,-0.454,0.661,-0.413,0.816,-0.055,0.16,-0.047,-0.425,0.486,0.357,0.301,0.174,-0.78,0.195,0.374,-0.52,-0.053,-0.558,-0.428,-0.723,-0.302,-0.505,-0.584,-0.072,-0.538,0.474,0.543,-0.479,0.602,-0.444,-0.04,-0.088,0.3,-0.039
CAN,0.657,0.514,-0.881,-0.341,0.558,0.083,0.088,-0.447,-0.014,0.62,0.703,0.595,-0.547,-0.684,0.418,0.855,0.457,-0.501,0.709,0.315,-0.375,-0.148,-0.128,-0.574,0.767,0.729,0.314,0.0,0.488,0.336,-0.178,-0.241,-0.044,-0.768,-0.235,-0.41,-0.668,0.088,0.573,-0.317,-0.348,0.214,-0.682,-0.042,-0.314,0.804,-0.088,-0.096,0.86,-0.495,0.684,-0.441,0.199,-0.653,0.051,-0.137,-0.016,0.173,0.05,-0.673,0.215,-0.415,-0.299,-0.651,0.479,-0.148,-0.797,0.754,-0.62,0.545,0.62,-0.335,0.219,-0.517,0.12,0.786,0.004,0.807,0.678,0.5,0.599,-0.345,0.208,0.662,-0.239,0.451,-0.686,0.158,-0.315,0.805,0.365,-0.379,0.766,-0.616,0.494,0.44,-0.664,-0.227,-0.755,-0.866,0.468,-0.748,0.051,-0.498,0.473,-0.215,0.414,0.877,0.231,0.073,-0.722,0.868,0.156,0.58,-0.659,-0.553,0.442,-0.582,-0.115,-0.245,0.296,0.834,0.715,-0.515,-0.761,-0.001,0.871,0.105,-0.484,0.081,0.073,0.757,-0.061,-0.257,0.458,-0.352,0.506,-0.315,-0.07,0.336,0.408,-0.423,-0.116,-0.833,-0.67,-0.338,-0.507,0.315,0.252,-0.291,-0.412,0.562,0.211,-0.526,-0.55,-0.178,-0.49,0.716,-0.556,-0.642,0.055,-0.676,-0.068,-0.872,-0.417,0.675,0.306,0.012,0.402,-0.117,0.712,-0.636,0.866,-0.243,0.425,-0.679,-0.31,-0.748,-0.171,0.458,-0.168,-0.203,0.815,0.143,0.097,-0.064,0.306,0.521,0.096,-0.678,0.433,-0.073,0.002,-0.115,-0.132,-0.645,-0.845,-0.736,-0.617,-0.28
CCEC,0.747,0.661,-0.67,-0.652,0.396,-0.334,0.434,-0.788,-0.107,0.001,0.76,0.825,-0.608,-0.361,0.694,0.719,0.275,-0.177,0.542,-0.196,0.385,0.662,0.029,-0.599,0.779,0.471,-0.231,0.488,0.0,0.534,-0.299,-0.233,-0.426,-0.713,-0.107,-0.462,-0.128,-0.366,0.762,-0.493,-0.626,-0.27,-0.781,0.014,0.1,0.673,-0.227,-0.596,0.629,-0.323,0.666,-0.189,0.556,-0.554,0.343,-0.355,0.679,0.807,0.545,-0.193,-0.072,-0.634,0.156,-0.783,0.23,0.323,-0.265,0.296,-0.325,0.609,0.737,-0.162,0.657,-0.743,0.775,0.687,-0.46,0.643,0.681,0.607,0.416,-0.693,0.295,0.246,-0.041,0.605,-0.182,0.758,-0.663,0.687,0.765,-0.166,0.676,-0.663,0.379,0.314,0.001,-0.472,-0.45,-0.56,0.533,-0.663,0.343,-0.399,0.72,-0.562,0.441,0.672,0.472,-0.28,-0.853,0.73,0.045,0.805,-0.147,-0.356,0.761,0.098,-0.57,0.11,0.365,0.672,0.787,-0.419,-0.613,-0.069,0.479,0.77,-0.76,0.77,-0.439,0.736,0.125,-0.62,0.833,0.117,0.779,0.268,0.142,0.057,0.442,0.293,0.374,-0.724,-0.379,-0.013,-0.04,0.807,-0.017,-0.131,0.331,0.493,0.842,-0.346,-0.427,0.423,-0.424,0.744,-0.609,-0.311,-0.381,-0.715,0.203,-0.59,-0.578,0.811,0.481,-0.376,0.875,-0.464,0.435,-0.276,0.564,0.497,0.312,-0.794,-0.711,-0.609,0.335,0.175,-0.539,0.32,0.639,0.252,0.76,0.274,0.796,0.606,0.74,-0.69,0.751,-0.507,-0.399,0.671,-0.577,-0.397,-0.615,-0.558,-0.737,-0.302
CDW,0.271,0.769,-0.454,-0.023,-0.108,0.181,0.024,-0.332,-0.153,-0.066,0.47,0.502,-0.574,0.128,0.703,0.351,0.294,-0.441,0.234,0.138,0.19,0.45,0.336,-0.621,0.349,0.444,0.274,0.336,0.534,0.0,-0.036,-0.594,0.028,-0.374,-0.363,0.114,0.176,-0.286,0.491,-0.547,-0.498,-0.147,-0.411,0.329,0.224,0.598,-0.428,-0.024,0.239,-0.626,0.249,0.23,0.082,-0.015,0.081,-0.358,0.322,0.443,-0.065,0.128,0.185,-0.166,-0.281,-0.6,0.014,0.586,-0.186,0.11,0.124,0.143,0.311,-0.075,0.335,-0.204,0.313,0.223,0.065,0.247,0.241,0.153,0.643,-0.277,0.589,0.303,0.21,-0.003,0.135,0.466,-0.432,0.325,0.315,0.294,0.642,-0.452,0.52,0.154,0.052,-0.024,-0.566,-0.279,0.327,-0.612,0.486,0.154,0.298,-0.029,0.272,0.376,0.704,0.321,-0.607,0.5,-0.169,0.435,-0.134,0.041,0.19,-0.055,-0.123,-0.377,-0.149,0.552,0.488,0.003,-0.251,0.387,0.314,0.542,-0.305,0.28,-0.152,0.371,0.251,-0.064,0.441,-0.063,0.266,0.329,-0.221,-0.191,0.204,-0.0,0.39,-0.324,-0.365,0.233,0.202,0.382,-0.024,-0.375,0.309,0.101,0.528,0.031,-0.023,-0.018,0.133,0.376,-0.233,0.117,0.098,-0.713,-0.224,-0.262,-0.206,0.392,0.06,0.055,0.516,0.109,0.302,0.241,0.152,0.368,0.674,-0.345,-0.474,-0.119,0.018,0.172,-0.239,0.216,0.37,-0.157,0.497,-0.248,0.392,0.148,0.319,-0.61,0.214,-0.363,-0.278,0.422,0.055,-0.407,-0.331,-0.503,-0.321,-0.359
