,ABEO,ACHC,AGNCN,AKAM,AKRO,ALRM,AMAT,AMED,AMRN,ANGI,APA,APOG,APPS,ARCB,ARCC,ARVN,ATEC,ATXS,AVAV,AXON,BANF,BATRK,BIDU,BLNE,BLNK,BTAI,BYND,CAN,CCEC,CDW,CDXS,CELH,CGNX,CHKP,CHRS,CHRW,CIGI,CKPT,CMPR,COGT,CRNC,CRSP,CSTL,CTSH,CVGW,DGLY,DNLI,DOCU,DVAX,EBAY,EHTH,ERII,ESLT,EXPE,EXPO,FBIOP,FFBC,FFIN,FOXF,FWRD,GDS,GERN,GPRE,GRWG,GRYP,HEES,HELE,HIVE,HON,HRTX,HSTM,HURA,IART,IBKR,IBOC,IBRX,IDXX,INGN,INM,INVA,IQ,IRBT,KDP,KPTI,KTOS,KXIN,LAMR,LFUS,LGIH,LGMK,LKFN,LNW,LOPE,LPSN,LYFT,MGNX,MLCO,MNST,MODV,MSTR,MTCH,MYGN,MYRG,NCMI,NEXT,NFLX,NIU,NKTR,NRC,NTNX,NTRA,NVEE,NVMI,NWL,NWS,NXPI,OCGN,OCSL,OKTA,OLLI,OTLK,OXLC,PAA,PARA,PARAA,PDCO,PDFS,PFG,PGEN,PNFP,PODD,POWI,PSMT,PTC,PTEN,PVLA,RDNT,RDUS,RDWR,REGN,RNAC,ROCK,ROST,RRR,RSLS,RVMD,RYAAY,SAFT,SAGE,SAVA,SBGI,SFM,SFNC,SHYF,SIBN,SIFY,SIGI,SIMO,SITM,SLM,SNBR,SNDX,SNY,SPNS,SRRK,STRA,SUPN,SYRE,TCBK,TEAM,TECH,THRM,TLRY,TRMK,TROW,TSLA,TWST,TXN,UFPI,UNIT,UPWK,USLM,UTHR,VERB,VLY,VRNA,VRRM,VXRT,WAFD,WATT,WBA,WING,WIX,WTFC,WTW,XPEL,XRX,YMAB,ZG,ZLAB
ABEO,0.0,-0.628,-0.453,0.371,0.709,0.075,0.123,-0.542,0.385,0.316,-0.498,-0.253,0.141,-0.447,0.108,0.109,-0.575,0.422,0.308,0.668,-0.554,-0.528,0.641,0.27,-0.134,0.033,0.801,-0.384,0.312,-0.204,0.393,-0.607,-0.457,-0.389,-0.084,-0.64,0.421,-0.148,-0.568,0.057,0.497,0.482,0.28,-0.584,-0.15,0.095,0.583,0.208,0.186,0.405,0.364,-0.619,-0.342,-0.014,-0.39,-0.253,-0.637,-0.615,-0.286,-0.68,0.695,0.648,-0.739,-0.558,0.484,-0.416,0.146,-0.448,-0.462,-0.517,-0.152,-0.297,-0.483,-0.413,-0.632,0.219,-0.416,0.483,0.241,-0.057,0.503,0.598,-0.521,0.514,-0.546,0.004,-0.461,-0.496,-0.499,0.245,-0.537,-0.311,-0.184,0.652,0.577,0.699,-0.328,-0.428,-0.589,-0.268,-0.325,-0.159,-0.507,0.117,0.401,0.111,0.659,0.615,-0.477,0.636,0.308,-0.525,-0.184,-0.596,-0.635,-0.171,-0.393,-0.458,0.376,-0.205,-0.155,-0.612,0.794,-0.71,-0.679,-0.56,-0.221,-0.455,0.255,-0.518,0.629,0.149,-0.744,-0.313,-0.477,0.431,-0.469,-0.545,-0.405,0.49,0.707,-0.6,-0.003,-0.574,-0.295,0.345,-0.673,-0.457,-0.357,-0.454,-0.558,-0.349,-0.634,-0.53,-0.634,-0.401,-0.635,0.312,-0.309,-0.046,-0.114,0.656,-0.341,-0.417,0.657,0.167,-0.136,0.704,-0.232,0.571,0.085,-0.618,0.173,-0.471,-0.723,-0.383,-0.329,-0.082,-0.589,-0.149,0.517,-0.606,0.372,0.597,-0.545,-0.243,-0.336,-0.414,0.081,0.604,0.322,-0.045,0.514,-0.499,-0.657,-0.524,-0.367,0.689,-0.119,0.528
ACHC,-0.628,0.0,0.889,-0.287,-0.366,0.004,0.209,0.898,-0.531,-0.528,0.8,0.348,-0.122,0.862,-0.427,-0.211,0.792,-0.335,0.088,-0.861,0.809,0.547,-0.901,0.237,0.482,0.196,-0.726,0.817,-0.586,0.374,-0.125,0.805,0.878,0.687,0.407,0.865,-0.246,0.64,0.81,-0.266,0.026,-0.308,-0.581,0.937,0.272,0.367,-0.734,0.078,-0.062,-0.731,-0.704,0.895,0.861,0.066,0.773,0.798,0.849,0.913,0.739,0.895,-0.682,-0.909,0.897,0.822,-0.773,0.509,-0.674,0.724,0.702,0.632,0.508,0.671,0.673,0.313,0.78,-0.136,0.842,-0.693,-0.735,0.057,-0.829,-0.833,0.901,-0.721,0.898,0.523,0.717,0.876,0.862,0.031,0.686,0.452,0.592,-0.463,-0.269,-0.912,-0.05,0.922,0.891,0.58,0.135,0.492,0.826,-0.342,-0.43,-0.597,-0.721,-0.585,0.561,-0.393,-0.192,0.933,0.599,0.937,0.891,0.081,0.766,0.913,-0.095,0.683,0.263,0.319,-0.682,0.857,0.747,0.884,0.506,0.623,-0.235,0.69,-0.419,-0.043,0.783,0.592,0.867,-0.485,0.276,0.941,0.455,-0.202,-0.382,0.928,0.355,0.755,0.113,-0.711,0.92,0.104,0.763,0.149,0.909,0.806,0.809,0.848,0.923,0.732,0.796,-0.652,0.68,0.081,-0.442,-0.741,0.468,0.776,-0.927,-0.102,-0.244,-0.922,0.316,-0.289,0.327,0.798,-0.269,0.491,0.862,0.286,0.592,0.136,0.949,0.676,-0.572,0.908,-0.693,-0.622,0.811,0.597,0.623,0.237,-0.453,-0.478,-0.055,0.418,-0.546,0.833,0.866,0.861,0.331,-0.768,0.729,-0.881
AGNCN,-0.453,0.889,0.0,-0.262,-0.21,-0.1,0.212,0.847,-0.702,-0.482,0.662,0.095,-0.138,0.79,-0.602,-0.393,0.568,-0.389,-0.006,-0.838,0.767,0.22,-0.83,0.269,0.581,0.133,-0.619,0.879,-0.706,0.075,-0.353,0.756,0.879,0.662,0.301,0.846,-0.384,0.592,0.727,-0.262,0.153,-0.286,-0.657,0.845,0.072,0.274,-0.771,0.303,-0.226,-0.712,-0.83,0.706,0.886,-0.209,0.643,0.685,0.671,0.865,0.776,0.772,-0.463,-0.911,0.81,0.75,-0.774,0.188,-0.56,0.882,0.456,0.421,0.35,0.636,0.398,0.168,0.517,-0.131,0.845,-0.861,-0.863,-0.227,-0.867,-0.898,0.925,-0.814,0.896,0.695,0.53,0.832,0.799,0.139,0.443,0.619,0.381,-0.246,-0.254,-0.8,-0.324,0.913,0.766,0.509,0.246,0.286,0.687,-0.529,-0.51,-0.552,-0.505,-0.646,0.238,-0.196,-0.233,0.778,0.659,0.875,0.67,-0.148,0.876,0.871,0.144,0.829,0.074,0.095,-0.616,0.622,0.453,0.732,0.555,0.402,-0.426,0.494,-0.305,0.008,0.676,0.649,0.911,-0.692,-0.05,0.845,0.214,-0.209,-0.414,0.801,0.36,0.533,-0.132,-0.629,0.798,-0.2,0.796,0.135,0.789,0.706,0.612,0.855,0.771,0.568,0.641,-0.771,0.546,-0.142,-0.507,-0.539,0.187,0.749,-0.875,-0.233,-0.444,-0.865,0.04,-0.064,0.286,0.571,-0.196,0.274,0.711,0.152,0.664,-0.031,0.949,0.798,-0.327,0.866,-0.744,-0.558,0.663,0.446,0.374,-0.025,-0.685,-0.371,-0.162,0.509,-0.277,0.688,0.745,0.868,-0.02,-0.741,0.782,-0.892
AKAM,0.371,-0.287,-0.262,0.0,0.336,0.555,0.307,-0.205,0.352,0.106,-0.216,0.142,0.351,-0.115,0.11,0.52,-0.039,0.504,0.301,0.428,-0.551,0.018,0.341,-0.006,-0.339,0.552,0.318,-0.077,0.361,0.334,0.39,-0.171,-0.038,0.064,0.409,-0.442,0.217,0.246,-0.363,0.059,0.407,0.43,0.201,-0.285,0.086,0.234,0.36,0.164,0.49,0.404,0.429,-0.25,-0.185,0.252,-0.136,0.064,-0.241,-0.307,-0.282,-0.416,0.428,0.353,-0.31,-0.388,0.156,0.005,0.105,-0.3,-0.034,0.057,0.133,0.144,-0.08,-0.046,-0.195,0.476,-0.04,0.336,0.234,0.261,0.368,0.372,-0.229,0.534,-0.227,-0.322,-0.075,-0.314,-0.148,0.119,-0.002,-0.372,0.288,0.29,0.432,0.276,-0.214,-0.149,-0.152,-0.109,-0.241,0.272,-0.276,0.376,0.222,0.151,0.136,0.572,0.081,0.434,0.627,-0.106,0.203,-0.315,-0.129,0.356,-0.196,-0.137,0.331,-0.073,0.246,-0.383,0.268,-0.288,-0.215,-0.087,-0.143,0.117,0.541,-0.2,0.382,0.212,-0.103,0.161,-0.201,0.216,0.054,-0.274,0.129,0.392,0.607,-0.146,0.04,-0.343,0.25,0.373,-0.307,-0.025,0.177,-0.1,-0.433,-0.119,-0.233,-0.219,-0.264,0.131,-0.121,0.34,0.214,0.059,-0.031,0.157,0.009,-0.037,0.271,0.445,0.335,0.416,0.027,0.448,0.491,-0.15,-0.207,-0.337,-0.158,0.181,0.073,0.372,-0.29,0.136,0.334,-0.204,0.112,0.394,-0.175,0.12,0.149,-0.015,0.14,0.228,-0.079,-0.238,0.172,-0.135,-0.076,-0.149,0.101,0.549,0.078,0.405
AKRO,0.709,-0.366,-0.21,0.336,0.0,0.218,0.125,-0.278,0.087,0.457,-0.39,-0.252,0.017,-0.039,-0.204,0.307,-0.359,0.252,0.168,0.294,-0.407,-0.367,0.344,0.185,-0.134,0.164,0.347,-0.182,0.214,-0.256,0.306,-0.062,-0.145,0.074,0.129,-0.289,-0.072,-0.025,-0.313,0.481,0.131,0.749,0.51,-0.275,-0.348,0.157,0.509,0.316,0.342,0.567,0.236,-0.357,-0.253,-0.015,-0.431,-0.186,-0.47,-0.437,-0.206,-0.457,0.594,0.375,-0.297,-0.369,0.079,-0.3,0.289,-0.251,-0.212,-0.037,-0.186,-0.047,-0.287,0.168,-0.428,0.51,-0.229,0.239,0.037,0.1,0.17,0.375,-0.161,0.272,-0.343,0.062,-0.474,-0.189,-0.021,-0.074,-0.364,-0.161,-0.127,0.261,0.139,0.481,-0.245,-0.151,-0.36,-0.216,-0.208,-0.116,-0.39,0.151,0.081,0.303,0.305,0.593,-0.345,0.26,0.395,-0.305,-0.154,-0.391,-0.341,0.154,-0.178,-0.312,0.385,-0.064,0.176,-0.392,0.397,-0.439,-0.416,-0.184,-0.253,-0.178,0.133,-0.507,0.432,0.38,-0.257,0.064,-0.292,0.309,-0.259,-0.334,-0.052,0.467,0.466,-0.229,-0.28,-0.309,-0.116,0.069,-0.407,-0.221,-0.027,-0.052,-0.402,-0.3,-0.516,-0.443,-0.31,-0.091,-0.206,-0.086,-0.09,-0.318,0.154,0.445,-0.168,-0.161,0.272,0.135,0.136,0.37,-0.393,0.306,0.376,-0.41,0.211,-0.53,-0.343,0.085,0.216,0.268,-0.31,-0.109,0.479,-0.313,0.129,0.436,-0.49,-0.025,-0.164,-0.054,-0.217,0.64,-0.13,-0.179,0.423,-0.448,-0.249,-0.381,-0.176,0.3,0.023,0.466
ALRM,0.075,0.004,-0.1,0.555,0.218,0.0,0.531,0.109,0.159,0.211,0.209,0.298,0.301,0.149,0.123,0.524,0.197,0.234,0.364,0.117,-0.126,0.464,0.165,-0.348,-0.153,0.617,-0.01,0.064,0.306,0.529,0.519,0.235,0.092,0.451,0.292,-0.056,0.031,0.438,0.02,0.315,0.194,0.507,0.229,0.083,0.085,0.411,0.27,0.313,0.682,0.201,0.518,0.103,0.032,0.37,0.068,0.29,0.045,-0.137,-0.242,-0.176,0.247,0.09,0.058,0.112,-0.207,0.291,0.051,-0.318,0.422,0.444,0.264,0.552,0.217,0.383,0.142,0.762,0.227,0.35,0.132,0.383,0.179,0.281,-0.008,0.337,-0.117,-0.113,0.233,0.06,0.209,-0.404,0.17,-0.472,0.455,0.014,0.148,0.001,0.061,0.142,0.042,0.369,-0.116,0.565,0.105,0.359,0.017,0.022,0.024,0.505,0.323,0.226,0.793,0.208,0.338,-0.124,0.221,0.72,-0.284,-0.006,0.348,-0.053,0.715,-0.088,0.059,0.123,0.215,0.333,0.041,0.286,0.664,0.01,0.419,0.292,0.244,0.404,-0.129,0.151,0.44,-0.147,0.686,0.445,0.485,0.242,0.102,0.123,0.396,-0.052,-0.03,0.328,0.247,0.025,-0.115,0.115,0.107,-0.071,0.094,0.387,0.181,0.133,0.54,0.113,0.069,-0.171,0.39,0.379,-0.061,0.301,0.386,0.134,0.174,0.275,0.644,0.126,-0.323,-0.086,0.291,0.567,0.401,0.646,-0.091,0.137,0.13,0.095,-0.14,0.343,-0.061,0.466,0.303,0.416,0.087,0.471,-0.182,-0.041,0.082,0.083,0.283,0.019,0.526,0.185,0.263,0.307
AMAT,0.123,0.209,0.212,0.307,0.125,0.531,0.0,0.414,0.019,0.114,0.407,-0.064,0.568,0.145,-0.032,-0.168,0.121,-0.237,0.442,0.026,0.298,0.191,0.072,-0.033,0.482,0.099,0.128,0.385,-0.349,0.298,0.267,0.196,0.334,0.252,0.184,0.253,0.136,0.362,0.391,-0.016,0.581,0.039,-0.158,0.33,-0.092,0.286,0.066,0.675,0.095,-0.13,0.031,0.156,0.442,0.058,0.425,0.333,-0.101,0.014,0.346,0.011,0.246,-0.177,0.127,0.468,-0.131,-0.037,-0.198,0.174,0.195,0.161,0.292,0.459,0.091,-0.023,0.006,0.283,0.479,0.003,-0.223,0.17,0.092,0.043,0.212,-0.106,0.0,0.386,0.267,0.261,0.197,0.121,-0.097,0.104,0.206,0.45,0.233,-0.052,0.004,0.38,0.099,0.648,0.372,0.412,0.437,-0.276,-0.182,-0.133,0.199,0.093,0.058,0.399,0.504,0.334,0.669,0.108,0.191,0.303,0.186,0.189,0.64,0.318,0.17,-0.023,0.029,0.129,0.121,0.277,0.516,-0.082,0.336,-0.107,0.539,0.579,0.044,0.543,0.121,-0.204,0.005,0.099,0.369,0.526,0.308,0.216,0.464,0.231,-0.191,-0.17,0.174,-0.187,0.225,-0.289,0.049,0.284,-0.008,0.28,0.128,0.149,-0.065,-0.005,0.455,-0.073,-0.211,0.089,0.273,0.603,-0.1,-0.254,-0.142,-0.045,-0.048,0.367,0.582,0.063,0.006,-0.108,0.171,0.31,0.34,0.232,0.213,0.358,0.342,0.207,-0.226,0.106,-0.074,0.223,0.059,-0.104,-0.269,0.138,0.038,0.544,0.371,0.063,0.105,0.388,0.145,0.025,0.529,-0.024
AMED,-0.542,0.898,0.847,-0.205,-0.278,0.109,0.414,0.0,-0.562,-0.304,0.828,0.068,0.182,0.75,-0.422,-0.326,0.693,-0.566,0.102,-0.78,0.866,0.494,-0.752,0.159,0.675,0.081,-0.667,0.818,-0.745,0.253,-0.127,0.764,0.898,0.683,0.286,0.921,-0.295,0.629,0.914,-0.138,0.12,-0.284,-0.529,0.957,0.005,0.298,-0.587,0.383,-0.079,-0.644,-0.71,0.777,0.872,-0.09,0.786,0.72,0.636,0.796,0.703,0.813,-0.507,-0.885,0.876,0.895,-0.716,0.283,-0.574,0.739,0.564,0.582,0.456,0.638,0.542,0.281,0.587,-0.104,0.909,-0.637,-0.751,0.056,-0.736,-0.731,0.856,-0.773,0.747,0.611,0.576,0.834,0.787,-0.003,0.458,0.549,0.421,-0.243,-0.303,-0.796,-0.015,0.914,0.746,0.698,0.392,0.472,0.905,-0.551,-0.573,-0.501,-0.517,-0.571,0.386,-0.254,-0.078,0.867,0.719,0.814,0.774,0.123,0.723,0.788,0.199,0.632,0.198,0.225,-0.646,0.784,0.682,0.843,0.713,0.383,-0.217,0.445,-0.199,0.284,0.69,0.738,0.73,-0.576,0.234,0.781,0.467,-0.065,-0.329,0.825,0.401,0.699,-0.039,-0.691,0.827,-0.011,0.66,0.038,0.788,0.651,0.586,0.836,0.82,0.574,0.617,-0.604,0.712,-0.101,-0.34,-0.584,0.425,0.883,-0.839,-0.35,-0.26,-0.856,0.11,-0.23,0.481,0.623,-0.229,0.295,0.78,0.293,0.596,0.151,0.885,0.598,-0.282,0.86,-0.686,-0.532,0.576,0.534,0.43,0.125,-0.593,-0.394,-0.135,0.635,-0.239,0.627,0.752,0.891,0.263,-0.75,0.794,-0.768
AMRN,0.385,-0.531,-0.702,0.352,0.087,0.159,0.019,-0.562,0.0,0.237,-0.329,0.266,0.336,-0.56,0.717,0.419,-0.219,0.451,0.407,0.788,-0.495,0.074,0.644,0.117,-0.44,-0.06,0.669,-0.586,0.588,0.339,0.593,-0.666,-0.606,-0.571,0.058,-0.683,0.759,-0.377,-0.5,-0.119,0.184,0.117,0.418,-0.565,0.281,-0.072,0.607,-0.301,0.182,0.416,0.653,-0.409,-0.515,0.568,-0.14,-0.327,-0.306,-0.507,-0.394,-0.47,0.356,0.735,-0.646,-0.527,0.753,0.164,0.152,-0.714,-0.172,-0.268,0.101,-0.433,0.001,-0.271,-0.093,0.053,-0.589,0.836,0.742,0.409,0.773,0.764,-0.734,0.764,-0.649,-0.565,-0.052,-0.531,-0.628,0.183,-0.052,-0.479,0.042,0.312,0.602,0.599,0.384,-0.648,-0.389,-0.165,-0.279,0.132,-0.34,0.563,0.676,0.306,0.259,0.676,0.108,0.315,0.322,-0.36,-0.351,-0.536,-0.34,0.184,-0.625,-0.516,-0.121,-0.612,-0.065,0.044,0.654,-0.333,-0.164,-0.496,-0.334,-0.104,0.595,-0.072,0.369,0.031,-0.568,-0.474,-0.566,0.681,0.288,-0.463,-0.147,0.211,0.573,-0.495,0.022,-0.132,0.137,0.575,-0.468,0.26,-0.494,-0.316,-0.437,-0.326,-0.223,-0.537,-0.434,-0.317,-0.443,0.798,-0.328,0.437,0.221,0.433,0.086,-0.496,0.719,0.352,0.468,0.732,0.383,0.137,-0.041,-0.157,0.173,0.099,-0.509,-0.195,-0.575,0.05,-0.68,-0.414,0.156,-0.625,0.702,0.46,-0.225,-0.313,0.039,-0.053,0.797,0.193,0.459,-0.309,0.087,-0.22,-0.548,-0.575,0.242,0.725,-0.535,0.608
ANGI,0.316,-0.528,-0.482,0.106,0.457,0.211,0.114,-0.304,0.237,0.0,-0.263,-0.385,0.397,-0.418,0.269,0.059,-0.393,-0.123,-0.052,0.399,-0.315,-0.167,0.554,-0.183,-0.075,-0.278,0.264,-0.434,0.152,-0.308,0.095,-0.23,-0.402,-0.114,-0.399,-0.259,-0.091,-0.493,-0.186,0.554,-0.223,0.452,0.681,-0.346,-0.556,-0.374,0.641,0.284,0.061,0.642,0.45,-0.42,-0.483,-0.036,-0.381,-0.547,-0.571,-0.551,-0.456,-0.447,0.535,0.443,-0.289,-0.258,0.321,-0.383,0.641,-0.416,-0.362,-0.138,-0.345,-0.37,-0.381,0.267,-0.437,0.283,-0.36,0.457,0.369,0.101,0.455,0.559,-0.428,0.3,-0.63,-0.124,-0.515,-0.359,-0.269,-0.369,-0.476,-0.172,-0.475,0.262,-0.127,0.578,0.255,-0.422,-0.562,-0.08,0.274,-0.165,-0.289,0.078,0.127,0.696,0.468,0.454,-0.358,0.022,0.361,-0.499,-0.305,-0.571,-0.415,0.267,-0.501,-0.59,0.321,-0.458,-0.089,0.115,0.292,-0.325,-0.223,-0.32,-0.018,-0.415,0.129,-0.61,0.413,0.472,-0.326,-0.093,-0.539,0.248,0.119,-0.592,-0.02,0.26,0.081,-0.406,-0.446,-0.231,-0.067,0.163,-0.426,0.155,-0.386,0.055,-0.47,-0.571,-0.57,-0.553,-0.431,-0.323,-0.39,0.194,-0.31,-0.348,0.752,0.62,-0.062,-0.198,0.44,-0.27,0.352,0.442,-0.403,-0.058,0.012,-0.451,0.396,-0.468,-0.339,0.156,-0.045,0.122,-0.487,-0.559,0.538,-0.43,0.441,0.323,-0.649,-0.414,-0.5,0.059,0.096,0.53,-0.218,-0.13,0.614,-0.627,-0.415,-0.437,0.012,0.244,-0.399,0.678
APA,-0.498,0.8,0.662,-0.216,-0.39,0.209,0.407,0.828,-0.329,-0.263,0.0,0.269,0.194,0.609,-0.149,-0.298,0.716,-0.434,0.13,-0.638,0.744,0.639,-0.639,0.076,0.6,0.14,-0.543,0.681,-0.524,0.418,-0.008,0.583,0.683,0.572,0.17,0.709,-0.064,0.553,0.863,-0.228,0.096,-0.249,-0.502,0.872,0.135,0.319,-0.512,0.21,-0.019,-0.67,-0.471,0.753,0.759,0.097,0.797,0.729,0.708,0.739,0.523,0.745,-0.499,-0.739,0.725,0.855,-0.618,0.443,-0.592,0.454,0.611,0.533,0.482,0.609,0.546,0.245,0.658,-0.03,0.785,-0.395,-0.563,0.119,-0.562,-0.552,0.628,-0.569,0.643,0.505,0.649,0.633,0.655,-0.137,0.552,0.297,0.474,-0.261,-0.176,-0.724,0.126,0.768,0.652,0.627,0.211,0.602,0.909,-0.382,-0.303,-0.552,-0.465,-0.434,0.491,-0.259,0.058,0.816,0.627,0.739,0.763,0.173,0.492,0.696,0.09,0.473,0.25,0.307,-0.485,0.795,0.737,0.766,0.721,0.417,0.02,0.558,-0.196,0.111,0.575,0.55,0.646,-0.405,0.387,0.683,0.495,-0.057,-0.223,0.754,0.411,0.707,0.139,-0.677,0.742,0.166,0.575,-0.011,0.79,0.706,0.693,0.706,0.727,0.586,0.539,-0.418,0.672,0.144,-0.342,-0.57,0.475,0.772,-0.717,-0.269,-0.207,-0.711,0.355,-0.217,0.331,0.667,-0.348,0.374,0.719,0.239,0.429,0.117,0.727,0.516,-0.439,0.755,-0.63,-0.41,0.633,0.495,0.46,0.23,-0.292,-0.255,0.032,0.537,-0.349,0.7,0.692,0.734,0.447,-0.607,0.665,-0.649
APOG,-0.253,0.348,0.095,0.142,-0.252,0.298,-0.064,0.068,0.266,-0.385,0.269,0.0,-0.253,0.342,0.301,0.483,0.588,0.565,0.449,-0.089,0.036,0.636,-0.28,0.017,-0.388,0.491,-0.134,0.069,0.442,0.809,0.396,0.193,0.156,0.185,0.425,-0.006,0.341,0.307,0.006,-0.305,0.012,0.081,-0.045,0.156,0.818,0.318,-0.166,-0.527,0.388,-0.216,0.198,0.499,0.132,0.762,0.326,0.47,0.63,0.363,0.113,0.339,-0.333,-0.039,0.169,0.053,-0.14,0.905,-0.32,-0.174,0.709,0.455,0.469,0.303,0.671,0.233,0.73,0.185,0.05,0.14,0.095,0.421,-0.072,-0.059,0.145,0.294,0.318,-0.233,0.685,0.302,0.292,-0.098,0.789,-0.386,0.734,-0.452,0.261,-0.335,0.19,0.159,0.536,0.156,-0.501,0.571,0.131,0.597,0.431,-0.321,-0.551,0.193,0.798,-0.209,0.227,0.458,0.04,0.355,0.562,0.414,-0.05,0.37,-0.508,-0.001,0.428,0.32,-0.068,0.456,0.509,0.357,-0.265,0.781,0.478,0.733,-0.261,-0.373,0.347,-0.078,0.318,0.298,0.591,0.43,0.397,0.035,0.155,0.464,0.062,0.415,0.575,-0.118,0.385,0.574,0.392,0.103,0.375,0.5,0.683,0.149,0.424,0.523,0.574,0.127,0.353,0.612,-0.197,-0.514,0.538,0.104,-0.247,0.655,0.365,-0.148,0.842,-0.116,0.09,0.716,-0.283,0.673,0.428,0.233,0.076,0.375,0.185,0.23,-0.673,0.236,0.028,-0.147,0.664,0.414,0.764,0.48,0.481,-0.124,0.303,-0.301,-0.74,0.651,0.439,0.124,0.62,0.084,0.019,-0.182
APPS,0.141,-0.122,-0.138,0.351,0.017,0.301,0.568,0.182,0.336,0.397,0.194,-0.253,0.0,-0.28,0.388,-0.115,-0.041,-0.315,0.316,0.354,0.097,0.155,0.373,0.003,0.3,-0.231,0.28,-0.033,-0.253,0.182,0.286,-0.206,0.044,-0.097,-0.039,-0.005,0.358,-0.015,0.19,-0.0,0.395,-0.095,0.078,0.056,-0.261,-0.02,0.375,0.501,-0.007,0.145,0.113,-0.181,0.082,0.041,0.313,-0.034,-0.284,-0.174,0.017,-0.127,0.307,0.138,-0.101,0.102,0.343,-0.191,-0.004,-0.089,-0.151,-0.065,0.202,-0.119,-0.035,-0.156,-0.139,0.0,0.162,0.331,0.176,0.245,0.396,0.345,-0.192,0.1,-0.315,0.008,0.007,-0.121,-0.22,0.191,-0.231,0.113,-0.069,0.546,0.284,0.269,0.274,-0.047,-0.165,0.349,0.476,0.307,0.305,-0.228,-0.041,0.209,0.315,0.207,-0.058,0.372,0.334,0.024,0.32,-0.209,-0.079,0.163,-0.16,-0.135,0.564,-0.166,-0.111,0.05,0.196,0.013,0.086,-0.035,0.507,-0.315,0.326,-0.276,0.537,0.634,-0.251,0.258,-0.272,0.044,0.212,-0.233,0.045,0.307,0.317,-0.151,0.342,0.063,-0.232,0.218,-0.078,-0.05,-0.184,-0.371,-0.128,-0.232,-0.273,0.031,-0.129,-0.207,-0.356,0.409,0.133,-0.066,0.156,0.355,0.141,0.227,0.279,-0.381,0.124,0.244,-0.042,0.089,0.407,-0.139,0.07,-0.196,-0.127,0.003,-0.152,0.053,-0.152,-0.128,0.512,-0.154,0.154,0.206,-0.242,-0.134,-0.143,-0.239,0.077,0.063,0.164,0.423,0.538,-0.193,-0.247,0.087,0.151,0.191,0.14,0.229
ARCB,-0.447,0.862,0.79,-0.115,-0.039,0.149,0.145,0.75,-0.56,-0.418,0.609,0.342,-0.28,0.0,-0.602,0.059,0.764,-0.116,0.14,-0.811,0.563,0.464,-0.864,0.125,0.225,0.429,-0.725,0.759,-0.384,0.313,0.005,0.889,0.835,0.821,0.59,0.752,-0.421,0.73,0.629,-0.025,-0.083,0.096,-0.323,0.821,0.249,0.472,-0.541,0.039,0.245,-0.425,-0.542,0.843,0.674,0.125,0.513,0.757,0.727,0.733,0.512,0.777,-0.542,-0.765,0.851,0.66,-0.844,0.514,-0.526,0.597,0.765,0.792,0.49,0.765,0.608,0.552,0.676,0.18,0.738,-0.596,-0.663,0.222,-0.797,-0.688,0.884,-0.547,0.768,0.407,0.552,0.813,0.945,-0.123,0.662,0.249,0.632,-0.59,-0.381,-0.812,-0.095,0.879,0.767,0.417,-0.05,0.441,0.617,-0.113,-0.417,-0.476,-0.741,-0.327,0.551,-0.449,-0.014,0.847,0.482,0.806,0.853,0.312,0.722,0.771,-0.13,0.567,0.458,0.184,-0.644,0.746,0.653,0.892,0.252,0.737,-0.103,0.521,-0.458,0.025,0.821,0.552,0.765,-0.337,0.246,0.857,0.606,0.037,-0.212,0.916,0.038,0.61,0.254,-0.748,0.801,0.2,0.787,0.312,0.711,0.741,0.66,0.637,0.836,0.767,0.869,-0.72,0.722,0.013,-0.331,-0.742,0.528,0.702,-0.897,0.149,-0.08,-0.833,0.211,-0.267,0.465,0.737,-0.25,0.323,0.857,0.472,0.753,0.434,0.817,0.627,-0.536,0.848,-0.675,-0.404,0.615,0.723,0.66,0.459,-0.533,-0.22,-0.193,0.121,-0.552,0.677,0.897,0.702,0.382,-0.642,0.685,-0.695
ARCC,0.108,-0.427,-0.602,0.11,-0.204,0.123,-0.032,-0.422,0.717,0.269,-0.149,0.301,0.388,-0.602,0.0,0.207,-0.157,0.251,0.27,0.61,-0.271,0.251,0.55,-0.153,-0.311,-0.227,0.478,-0.643,0.442,0.38,0.384,-0.576,-0.577,-0.582,-0.273,-0.491,0.667,-0.443,-0.306,-0.096,-0.002,-0.057,0.351,-0.43,0.199,-0.216,0.496,-0.271,0.095,0.274,0.59,-0.343,-0.43,0.463,-0.023,-0.333,-0.196,-0.391,-0.367,-0.331,0.214,0.576,-0.49,-0.357,0.686,0.212,0.226,-0.632,-0.091,-0.234,-0.013,-0.53,0.077,-0.146,0.003,-0.068,-0.496,0.706,0.715,0.341,0.698,0.637,-0.668,0.609,-0.524,-0.433,0.078,-0.433,-0.558,-0.017,-0.044,-0.437,-0.086,0.225,0.422,0.482,0.539,-0.592,-0.301,-0.054,-0.055,0.17,-0.175,0.384,0.591,0.251,0.257,0.431,0.144,0.147,0.229,-0.295,-0.378,-0.437,-0.24,0.135,-0.705,-0.405,-0.168,-0.636,-0.065,0.319,0.458,-0.103,0.052,-0.392,-0.15,-0.125,0.502,-0.001,0.271,-0.079,-0.479,-0.498,-0.54,0.557,0.463,-0.426,-0.081,0.111,0.232,-0.413,0.04,-0.028,0.127,0.49,-0.306,0.379,-0.502,-0.256,-0.219,-0.379,-0.132,-0.404,-0.305,-0.314,-0.369,0.787,-0.304,0.366,0.336,0.304,0.15,-0.374,0.603,0.113,0.385,0.553,0.424,-0.135,-0.204,-0.08,0.088,0.215,-0.331,-0.198,-0.622,-0.103,-0.538,-0.531,0.01,-0.551,0.661,0.161,-0.122,-0.316,-0.016,0.04,0.816,0.174,0.491,-0.141,0.061,-0.166,-0.458,-0.463,0.35,0.482,-0.558,0.514
ARVN,0.109,-0.211,-0.393,0.52,0.307,0.524,-0.168,-0.326,0.419,0.059,-0.298,0.483,-0.115,0.059,0.207,0.0,0.166,0.664,0.258,0.276,-0.487,0.337,0.173,-0.145,-0.712,0.636,0.032,-0.305,0.735,0.478,0.579,0.017,-0.188,0.122,0.53,-0.384,0.139,0.204,-0.422,0.29,-0.169,0.567,0.508,-0.276,0.39,0.304,0.431,-0.392,0.795,0.506,0.595,-0.028,-0.426,0.61,-0.285,0.031,0.027,-0.268,-0.458,-0.226,0.06,0.408,-0.137,-0.442,0.08,0.472,0.173,-0.563,0.333,0.411,0.142,0.112,0.292,0.404,0.184,0.594,-0.294,0.513,0.453,0.59,0.272,0.412,-0.245,0.633,-0.232,-0.594,0.068,-0.156,0.008,-0.31,0.334,-0.639,0.424,-0.349,0.15,0.182,0.192,-0.237,-0.016,-0.217,-0.518,0.279,-0.346,0.783,0.329,0.204,-0.227,0.676,0.466,-0.052,0.469,-0.039,-0.225,-0.241,0.104,0.623,-0.428,-0.196,-0.275,-0.407,0.588,-0.076,0.14,-0.022,0.111,0.071,-0.606,0.463,0.59,0.047,-0.01,-0.003,0.112,-0.15,-0.313,0.584,0.484,-0.174,0.423,0.278,0.473,0.032,-0.307,-0.035,0.591,0.218,-0.201,0.529,0.028,0.23,-0.274,-0.143,0.034,-0.397,-0.016,0.26,0.252,0.319,0.23,0.266,0.228,-0.186,0.34,-0.192,0.157,0.752,0.719,0.295,0.311,0.006,0.352,0.149,-0.217,0.055,0.069,0.392,0.054,0.662,-0.353,-0.208,-0.142,-0.174,0.268,0.316,-0.039,0.363,0.461,0.53,0.422,0.248,-0.037,-0.648,-0.296,-0.01,0.114,-0.36,0.507,0.402,-0.224,0.436
ATEC,-0.575,0.792,0.568,-0.039,-0.359,0.197,0.121,0.693,-0.219,-0.393,0.716,0.588,-0.041,0.764,-0.157,0.166,0.0,-0.044,0.289,-0.602,0.545,0.778,-0.759,0.099,0.102,0.396,-0.634,0.617,-0.219,0.643,0.225,0.669,0.693,0.619,0.579,0.626,-0.068,0.639,0.622,-0.24,-0.084,-0.047,-0.244,0.758,0.49,0.362,-0.386,-0.216,0.306,-0.48,-0.34,0.895,0.577,0.441,0.713,0.78,0.81,0.734,0.371,0.825,-0.616,-0.613,0.747,0.631,-0.59,0.78,-0.581,0.331,0.866,0.826,0.645,0.59,0.845,0.476,0.861,0.083,0.634,-0.286,-0.371,0.471,-0.523,-0.47,0.65,-0.313,0.656,0.147,0.774,0.705,0.743,-0.156,0.858,0.049,0.744,-0.614,-0.223,-0.772,0.256,0.682,0.779,0.464,-0.06,0.639,0.702,0.037,-0.111,-0.53,-0.809,-0.228,0.847,-0.5,0.138,0.881,0.397,0.736,0.936,0.445,0.468,0.705,-0.314,0.269,0.375,0.352,-0.589,0.868,0.853,0.833,0.279,0.79,0.158,0.678,-0.467,0.01,0.716,0.37,0.629,-0.175,0.616,0.797,0.66,0.07,-0.142,0.853,0.06,0.734,0.477,-0.665,0.819,0.5,0.657,0.142,0.706,0.722,0.775,0.582,0.833,0.73,0.826,-0.322,0.753,0.251,-0.273,-0.791,0.763,0.649,-0.74,0.197,0.165,-0.708,0.562,-0.417,0.417,0.914,-0.427,0.542,0.835,0.359,0.446,0.461,0.664,0.424,-0.717,0.734,-0.422,-0.455,0.711,0.656,0.836,0.553,-0.124,-0.447,0.028,0.078,-0.702,0.764,0.808,0.644,0.658,-0.459,0.468,-0.592
ATXS,0.422,-0.335,-0.389,0.504,0.252,0.234,-0.237,-0.566,0.451,-0.123,-0.434,0.565,-0.315,-0.116,0.251,0.664,-0.044,0.0,0.33,0.442,-0.66,0.006,0.251,0.023,-0.752,0.566,0.375,-0.371,0.784,0.4,0.455,-0.327,-0.348,-0.164,0.313,-0.654,0.404,0.064,-0.695,-0.096,0.146,0.472,0.291,-0.518,0.568,0.19,0.298,-0.504,0.534,0.311,0.566,-0.161,-0.406,0.523,-0.307,0.015,-0.034,-0.294,-0.373,-0.372,0.177,0.54,-0.477,-0.628,0.262,0.344,0.052,-0.552,0.116,-0.029,0.082,-0.053,0.058,-0.049,0.01,0.337,-0.429,0.44,0.403,0.265,0.352,0.398,-0.35,0.744,-0.184,-0.481,0.057,-0.315,-0.222,0.0,0.223,-0.714,0.386,-0.076,0.476,0.275,-0.141,-0.359,-0.088,-0.347,-0.785,0.159,-0.551,0.778,0.639,-0.016,-0.022,0.628,0.269,0.168,0.33,-0.219,-0.288,-0.284,-0.115,0.195,-0.415,-0.137,-0.33,-0.268,0.24,-0.263,0.401,-0.288,-0.219,-0.226,-0.644,0.321,0.486,0.112,0.069,-0.401,-0.207,-0.444,-0.198,0.601,0.081,-0.174,-0.007,0.245,0.535,-0.184,-0.207,-0.337,0.433,0.339,-0.313,0.206,0.016,0.0,-0.31,-0.004,0.004,-0.42,-0.227,0.13,0.016,0.37,-0.056,0.356,-0.115,0.019,0.054,-0.444,0.341,0.882,0.331,0.454,0.384,0.262,-0.026,0.01,-0.121,0.11,-0.218,-0.022,-0.207,0.26,-0.407,-0.034,-0.217,-0.344,0.399,0.317,0.039,0.095,0.308,0.204,0.518,0.266,0.27,-0.63,-0.319,0.041,-0.133,-0.441,0.147,0.632,-0.283,0.355
AVAV,0.308,0.088,-0.006,0.301,0.168,0.364,0.442,0.102,0.407,-0.052,0.13,0.449,0.316,0.14,0.27,0.258,0.289,0.33,0.0,0.305,0.118,0.319,0.118,0.217,-0.001,0.18,0.365,0.07,0.147,0.583,0.694,-0.069,0.135,0.004,0.435,-0.02,0.543,0.326,0.074,-0.255,0.572,0.164,0.068,0.082,0.523,0.37,0.329,0.097,0.353,-0.056,0.151,0.165,0.211,0.644,0.43,0.349,0.05,0.006,0.205,0.101,0.234,0.213,-0.111,0.08,0.215,0.425,-0.335,-0.159,0.42,0.217,0.546,0.175,0.457,-0.054,0.285,0.223,0.065,0.363,0.086,0.566,0.262,0.308,-0.019,0.328,-0.087,0.037,0.479,0.227,0.054,0.269,0.226,-0.205,0.495,0.275,0.553,0.128,0.191,0.11,0.237,0.406,-0.093,0.499,0.186,0.222,0.371,-0.244,-0.027,0.444,0.418,0.367,0.447,0.312,0.195,0.06,0.23,0.327,-0.033,0.101,0.141,-0.07,0.145,-0.07,0.351,0.111,0.168,0.13,-0.03,0.208,0.59,0.192,0.409,0.306,-0.149,0.018,0.04,0.337,0.269,0.173,0.228,0.637,0.641,0.16,0.271,0.308,-0.011,-0.046,0.177,0.116,0.088,-0.436,0.081,0.245,0.107,0.072,0.156,0.057,0.062,0.27,0.322,0.298,-0.238,0.04,0.462,0.243,0.114,0.282,0.175,0.164,0.488,0.258,0.504,0.345,0.064,0.328,0.036,0.03,-0.024,0.399,-0.013,0.186,-0.012,-0.031,0.228,0.192,0.125,0.271,0.466,0.025,0.215,0.12,0.539,0.186,-0.052,0.199,-0.033,0.112,0.322,0.388,0.202,0.032
AXON,0.668,-0.861,-0.838,0.428,0.294,0.117,0.026,-0.78,0.788,0.399,-0.638,-0.089,0.354,-0.811,0.61,0.276,-0.602,0.442,0.305,0.0,-0.679,-0.322,0.924,-0.039,-0.42,-0.143,0.889,-0.723,0.601,-0.023,0.412,-0.867,-0.775,-0.722,-0.165,-0.846,0.616,-0.49,-0.725,0.019,0.306,0.21,0.471,-0.845,0.036,-0.177,0.772,-0.057,0.106,0.58,0.71,-0.765,-0.668,0.26,-0.448,-0.582,-0.717,-0.801,-0.53,-0.789,0.686,0.935,-0.909,-0.735,0.898,-0.271,0.403,-0.752,-0.508,-0.572,-0.178,-0.579,-0.397,-0.444,-0.546,0.117,-0.747,0.832,0.767,0.156,0.932,0.902,-0.887,0.838,-0.847,-0.494,-0.397,-0.738,-0.858,0.192,-0.503,-0.446,-0.276,0.61,0.626,0.892,0.144,-0.836,-0.72,-0.314,-0.141,-0.219,-0.641,0.423,0.615,0.449,0.65,0.706,-0.301,0.58,0.327,-0.709,-0.437,-0.814,-0.72,0.003,-0.734,-0.766,0.157,-0.632,-0.237,-0.282,0.823,-0.738,-0.601,-0.809,-0.429,-0.499,0.505,-0.462,0.603,0.132,-0.818,-0.535,-0.78,0.6,-0.112,-0.789,-0.403,0.339,0.651,-0.813,-0.049,-0.52,-0.102,0.751,-0.776,-0.064,-0.68,-0.381,-0.78,-0.617,-0.636,-0.686,-0.812,-0.653,-0.754,0.847,-0.522,0.174,0.253,0.725,-0.25,-0.634,0.95,0.223,0.299,0.959,0.011,0.412,-0.123,-0.566,0.271,-0.234,-0.814,-0.321,-0.654,-0.044,-0.895,-0.517,0.524,-0.862,0.769,0.646,-0.61,-0.497,-0.359,-0.307,0.617,0.394,0.376,-0.26,0.471,-0.6,-0.848,-0.724,-0.171,0.907,-0.593,0.795
BANF,-0.554,0.809,0.767,-0.551,-0.407,-0.126,0.298,0.866,-0.495,-0.315,0.744,0.036,0.097,0.563,-0.271,-0.487,0.545,-0.66,0.118,-0.679,0.0,0.404,-0.643,0.173,0.731,-0.21,-0.524,0.674,-0.723,0.131,-0.205,0.582,0.699,0.408,0.091,0.908,-0.174,0.39,0.884,-0.241,0.089,-0.508,-0.567,0.846,0.08,0.173,-0.564,0.299,-0.319,-0.744,-0.732,0.675,0.81,-0.076,0.773,0.537,0.574,0.755,0.754,0.811,-0.5,-0.781,0.749,0.884,-0.509,0.24,-0.545,0.687,0.458,0.37,0.352,0.424,0.509,0.118,0.571,-0.303,0.706,-0.579,-0.639,-0.041,-0.622,-0.672,0.72,-0.78,0.642,0.635,0.596,0.825,0.6,0.055,0.35,0.638,0.243,-0.162,-0.249,-0.664,0.108,0.75,0.671,0.718,0.507,0.254,0.84,-0.613,-0.474,-0.484,-0.383,-0.668,0.298,-0.225,-0.293,0.738,0.509,0.771,0.639,-0.085,0.624,0.66,0.098,0.523,-0.002,0.305,-0.496,0.697,0.596,0.63,0.608,0.185,-0.294,0.471,-0.189,0.204,0.492,0.5,0.645,-0.527,0.159,0.716,0.257,-0.156,-0.415,0.669,0.459,0.763,-0.224,-0.612,0.77,-0.039,0.4,-0.057,0.786,0.556,0.567,0.799,0.731,0.309,0.471,-0.492,0.464,-0.029,-0.319,-0.456,0.341,0.748,-0.695,-0.486,-0.365,-0.77,0.172,-0.236,0.212,0.58,-0.064,0.494,0.62,0.104,0.362,-0.053,0.795,0.453,-0.301,0.717,-0.506,-0.547,0.543,0.337,0.306,-0.011,-0.45,-0.434,0.071,0.724,-0.193,0.574,0.538,0.796,0.136,-0.725,0.605,-0.777
BATRK,-0.528,0.547,0.22,0.018,-0.367,0.464,0.191,0.494,0.074,-0.167,0.639,0.636,0.155,0.464,0.251,0.337,0.778,0.006,0.319,-0.322,0.404,0.0,-0.405,-0.119,-0.031,0.321,-0.467,0.246,0.075,0.796,0.418,0.456,0.381,0.42,0.351,0.396,0.148,0.469,0.48,-0.065,-0.162,-0.015,-0.018,0.554,0.458,0.371,-0.102,-0.22,0.44,-0.259,0.054,0.674,0.317,0.612,0.562,0.582,0.665,0.432,0.114,0.557,-0.486,-0.317,0.528,0.469,-0.337,0.816,-0.396,-0.061,0.813,0.746,0.533,0.431,0.821,0.509,0.81,0.173,0.377,0.101,-0.009,0.607,-0.189,-0.121,0.293,-0.02,0.335,-0.103,0.709,0.463,0.491,-0.334,0.759,-0.205,0.672,-0.504,-0.097,-0.505,0.481,0.394,0.576,0.478,-0.053,0.706,0.596,0.276,0.013,-0.305,-0.626,0.01,0.839,-0.404,0.284,0.683,0.224,0.451,0.783,0.62,0.003,0.446,-0.283,-0.06,0.595,0.477,-0.355,0.796,0.874,0.684,0.171,0.675,0.466,0.599,-0.223,0.033,0.559,0.251,0.249,0.167,0.848,0.463,0.739,0.081,0.019,0.649,0.141,0.718,0.578,-0.413,0.572,0.706,0.354,0.059,0.552,0.438,0.671,0.339,0.638,0.588,0.654,0.051,0.646,0.373,-0.002,-0.662,0.767,0.497,-0.46,0.22,0.387,-0.418,0.643,-0.416,0.403,0.769,-0.386,0.571,0.697,0.432,0.215,0.512,0.348,0.095,-0.578,0.467,-0.19,-0.191,0.558,0.612,0.751,0.644,0.245,-0.196,0.147,0.044,-0.571,0.615,0.628,0.364,0.873,-0.305,0.254,-0.244
BIDU,0.641,-0.901,-0.83,0.341,0.344,0.165,0.072,-0.752,0.644,0.554,-0.639,-0.28,0.373,-0.864,0.55,0.173,-0.759,0.251,0.118,0.924,-0.643,-0.405,0.0,-0.144,-0.291,-0.229,0.826,-0.742,0.514,-0.214,0.247,-0.81,-0.787,-0.668,-0.359,-0.782,0.428,-0.567,-0.676,0.213,0.2,0.21,0.487,-0.836,-0.223,-0.252,0.736,0.127,0.022,0.634,0.699,-0.857,-0.69,0.054,-0.567,-0.702,-0.803,-0.849,-0.546,-0.865,0.761,0.883,-0.867,-0.688,0.821,-0.453,0.587,-0.697,-0.631,-0.637,-0.361,-0.573,-0.573,-0.375,-0.678,0.162,-0.721,0.754,0.713,-0.015,0.889,0.862,-0.869,0.712,-0.888,-0.404,-0.56,-0.758,-0.845,0.053,-0.663,-0.348,-0.469,0.648,0.485,0.917,0.093,-0.826,-0.814,-0.309,0.001,-0.328,-0.659,0.279,0.456,0.563,0.808,0.625,-0.503,0.582,0.285,-0.805,-0.411,-0.873,-0.825,-0.019,-0.763,-0.832,0.305,-0.586,-0.201,-0.273,0.799,-0.787,-0.666,-0.821,-0.349,-0.633,0.381,-0.592,0.663,0.208,-0.801,-0.426,-0.826,0.485,-0.18,-0.906,-0.399,0.249,0.513,-0.864,-0.058,-0.569,-0.223,0.748,-0.849,-0.137,-0.726,-0.285,-0.814,-0.74,-0.725,-0.723,-0.865,-0.711,-0.815,0.745,-0.577,0.017,0.385,0.795,-0.391,-0.613,0.929,0.028,0.228,0.943,-0.186,0.418,-0.163,-0.719,0.319,-0.375,-0.823,-0.255,-0.57,-0.107,-0.889,-0.565,0.683,-0.873,0.68,0.674,-0.729,-0.538,-0.561,-0.349,0.494,0.52,0.185,-0.168,0.657,-0.72,-0.862,-0.743,-0.251,0.786,-0.574,0.851
BLNE,0.27,0.237,0.269,-0.006,0.185,-0.348,-0.033,0.159,0.117,-0.183,0.076,0.017,0.003,0.125,-0.153,-0.145,0.099,0.023,0.217,-0.039,0.173,-0.119,-0.144,0.0,0.277,-0.136,0.217,0.249,-0.234,0.014,0.16,-0.075,0.23,-0.073,0.225,0.086,0.346,0.085,0.115,-0.394,0.392,-0.147,-0.23,0.154,0.086,0.133,-0.139,0.064,-0.234,-0.302,-0.429,0.05,0.339,0.05,0.329,0.225,0.158,0.301,0.468,0.175,0.027,-0.119,0.0,-0.008,0.038,-0.013,-0.389,0.244,-0.068,-0.171,0.229,-0.077,0.175,-0.32,0.119,-0.316,0.126,-0.156,-0.336,-0.117,-0.227,-0.197,0.152,-0.168,0.265,0.319,0.101,0.192,0.085,0.53,0.106,0.359,0.223,0.231,0.436,-0.055,-0.334,0.19,0.239,0.096,-0.137,0.01,0.126,-0.218,0.172,-0.3,-0.045,-0.05,-0.034,0.22,-0.171,0.2,0.121,0.224,0.035,-0.388,0.316,0.311,0.132,0.33,-0.284,-0.195,0.241,-0.01,-0.056,0.02,0.125,0.001,-0.254,0.19,0.156,-0.035,-0.139,0.09,0.305,-0.006,-0.187,0.303,-0.374,-0.086,0.153,0.077,0.321,0.186,-0.291,-0.095,0.123,-0.389,0.226,-0.386,0.299,0.202,0.091,0.209,0.174,0.148,-0.01,-0.16,-0.043,0.015,-0.387,0.14,-0.125,0.033,-0.066,-0.01,-0.289,-0.077,0.092,0.146,0.135,0.085,0.037,0.094,-0.148,-0.486,-0.043,-0.287,0.221,0.314,0.006,0.037,-0.017,-0.093,0.306,0.003,0.203,-0.465,-0.129,-0.174,0.308,0.314,-0.042,0.247,-0.06,0.141,-0.237,-0.037,0.258,-0.316
BLNK,-0.134,0.482,0.581,-0.339,-0.134,-0.153,0.482,0.675,-0.44,-0.075,0.6,-0.388,0.3,0.225,-0.311,-0.712,0.102,-0.752,-0.001,-0.42,0.731,-0.031,-0.291,0.277,0.0,-0.37,-0.172,0.549,-0.813,-0.2,-0.324,0.271,0.507,0.207,-0.162,0.641,-0.134,0.196,0.762,-0.183,0.344,-0.453,-0.576,0.614,-0.333,0.067,-0.418,0.669,-0.5,-0.59,-0.674,0.243,0.712,-0.421,0.554,0.29,0.131,0.437,0.681,0.411,-0.086,-0.582,0.408,0.69,-0.323,-0.269,-0.365,0.628,-0.027,-0.062,0.11,0.241,0.002,-0.22,0.045,-0.3,0.59,-0.516,-0.645,-0.34,-0.435,-0.505,0.465,-0.733,0.387,0.808,0.163,0.441,0.304,0.241,-0.154,0.72,-0.129,0.324,-0.084,-0.313,-0.189,0.572,0.293,0.518,0.573,0.053,0.661,-0.872,-0.479,-0.363,0.114,-0.561,-0.22,0.176,-0.235,0.38,0.559,0.45,0.181,-0.374,0.545,0.397,0.54,0.608,-0.256,-0.036,-0.179,0.25,0.125,0.29,0.766,-0.279,-0.399,0.051,0.18,0.36,0.103,0.527,0.427,-0.605,-0.263,0.358,-0.073,-0.095,-0.251,0.286,0.569,0.347,-0.547,-0.403,0.375,-0.524,0.242,-0.289,0.477,0.317,0.13,0.592,0.314,0.02,-0.027,-0.444,0.209,-0.25,-0.332,0.015,-0.118,0.572,-0.387,-0.734,-0.618,-0.453,-0.23,0.119,0.176,0.069,0.046,-0.032,0.175,-0.162,0.242,-0.359,0.566,0.421,0.189,0.43,-0.484,-0.352,0.174,0.058,-0.164,-0.444,-0.601,-0.164,0.011,0.9,0.282,0.191,0.161,0.59,-0.256,-0.522,0.618,-0.539
BTAI,0.033,0.196,0.133,0.552,0.164,0.617,0.099,0.081,-0.06,-0.278,0.14,0.491,-0.231,0.429,-0.227,0.636,0.396,0.566,0.18,-0.143,-0.21,0.321,-0.229,-0.136,-0.37,0.0,-0.21,0.268,0.368,0.479,0.323,0.318,0.245,0.533,0.591,-0.07,-0.062,0.672,-0.12,0.067,0.128,0.52,-0.047,0.111,0.372,0.525,-0.072,-0.118,0.721,0.001,0.23,0.298,0.09,0.32,0.014,0.497,0.332,0.148,-0.148,0.034,-0.11,-0.09,0.173,-0.004,-0.452,0.444,-0.2,-0.114,0.495,0.498,0.285,0.652,0.274,0.311,0.268,0.653,0.275,0.022,-0.1,0.245,-0.18,-0.082,0.235,0.229,0.282,-0.123,0.304,0.156,0.379,-0.292,0.476,-0.463,0.67,-0.332,0.118,-0.289,-0.257,0.294,0.275,0.025,-0.544,0.462,-0.013,0.409,0.035,-0.297,-0.299,0.318,0.47,0.014,0.488,0.329,0.297,0.169,0.366,0.475,0.029,0.297,-0.052,0.183,0.641,-0.326,-0.121,0.172,0.179,0.419,-0.185,0.603,0.429,0.251,-0.086,-0.136,0.394,0.221,0.213,0.068,0.225,0.19,0.514,0.242,0.362,0.384,-0.034,-0.001,0.568,-0.165,0.099,0.219,0.531,0.227,0.049,0.371,0.331,0.059,0.248,0.622,0.459,-0.129,0.615,0.231,-0.307,-0.487,0.313,0.25,-0.299,0.656,0.22,-0.108,0.275,0.264,0.468,0.305,-0.546,0.02,0.385,0.44,0.423,0.58,0.122,0.411,-0.307,0.312,-0.315,0.127,0.259,0.609,0.541,0.447,-0.04,0.184,-0.169,-0.327,-0.383,0.357,0.501,0.149,0.357,0.137,0.352,-0.041
BYND,0.801,-0.726,-0.619,0.318,0.347,-0.01,0.128,-0.667,0.669,0.264,-0.543,-0.134,0.28,-0.725,0.478,0.032,-0.634,0.375,0.365,0.889,-0.524,-0.467,0.826,0.217,-0.172,-0.21,0.0,-0.541,0.389,-0.094,0.349,-0.849,-0.643,-0.714,-0.198,-0.737,0.667,-0.424,-0.614,-0.181,0.542,0.138,0.239,-0.732,0.019,-0.102,0.604,0.113,-0.07,0.347,0.476,-0.74,-0.42,0.149,-0.298,-0.46,-0.667,-0.658,-0.273,-0.718,0.721,0.79,-0.893,-0.6,0.813,-0.355,0.225,-0.542,-0.532,-0.707,-0.126,-0.506,-0.442,-0.619,-0.569,-0.005,-0.598,0.636,0.502,-0.048,0.777,0.724,-0.733,0.651,-0.684,-0.172,-0.335,-0.6,-0.771,0.416,-0.557,-0.261,-0.254,0.782,0.758,0.817,-0.085,-0.655,-0.638,-0.205,-0.145,-0.252,-0.549,0.187,0.596,0.219,0.738,0.563,-0.422,0.734,0.243,-0.613,-0.291,-0.687,-0.726,-0.241,-0.526,-0.588,0.295,-0.347,-0.359,-0.387,0.899,-0.754,-0.679,-0.782,-0.279,-0.556,0.33,-0.403,0.7,0.063,-0.89,-0.458,-0.573,0.449,-0.352,-0.638,-0.546,0.347,0.628,-0.757,0.15,-0.475,-0.338,0.622,-0.693,-0.354,-0.556,-0.553,-0.621,-0.426,-0.586,-0.538,-0.734,-0.608,-0.788,0.655,-0.535,0.152,-0.027,0.773,-0.344,-0.53,0.861,0.103,-0.049,0.867,-0.029,0.567,-0.133,-0.59,0.294,-0.225,-0.837,-0.504,-0.594,-0.253,-0.714,-0.267,0.542,-0.776,0.625,0.553,-0.505,-0.499,-0.385,-0.536,0.423,0.418,0.498,-0.01,0.526,-0.495,-0.85,-0.592,-0.358,0.822,-0.383,0.59
CAN,-0.384,0.817,0.879,-0.077,-0.182,0.064,0.385,0.818,-0.586,-0.434,0.681,0.069,-0.033,0.759,-0.643,-0.305,0.617,-0.371,0.07,-0.723,0.674,0.246,-0.742,0.249,0.549,0.268,-0.541,0.0,-0.647,0.135,-0.2,0.714,0.855,0.704,0.446,0.77,-0.331,0.705,0.7,-0.254,0.264,-0.193,-0.636,0.811,0.086,0.316,-0.638,0.328,-0.115,-0.654,-0.713,0.708,0.852,-0.127,0.638,0.735,0.607,0.794,0.69,0.69,-0.401,-0.859,0.749,0.786,-0.749,0.177,-0.581,0.781,0.479,0.463,0.454,0.775,0.361,0.149,0.474,0.028,0.87,-0.717,-0.792,-0.135,-0.741,-0.759,0.853,-0.72,0.8,0.623,0.514,0.748,0.757,0.108,0.445,0.537,0.48,-0.185,-0.165,-0.781,-0.276,0.896,0.656,0.553,0.257,0.293,0.679,-0.486,-0.516,-0.54,-0.458,-0.537,0.289,-0.121,-0.054,0.795,0.735,0.779,0.656,0.027,0.871,0.767,0.22,0.79,0.123,-0.032,-0.559,0.544,0.402,0.721,0.545,0.39,-0.237,0.449,-0.221,0.145,0.641,0.686,0.847,-0.694,-0.065,0.761,0.326,-0.044,-0.234,0.766,0.364,0.514,-0.084,-0.678,0.728,-0.188,0.766,0.109,0.624,0.752,0.574,0.802,0.673,0.577,0.58,-0.666,0.685,-0.029,-0.549,-0.547,0.269,0.829,-0.824,-0.178,-0.389,-0.778,0.076,0.09,0.413,0.552,-0.261,0.181,0.679,0.265,0.682,0.172,0.849,0.818,-0.259,0.858,-0.791,-0.377,0.566,0.491,0.397,-0.009,-0.688,-0.374,-0.18,0.485,-0.222,0.654,0.712,0.897,0.019,-0.587,0.821,-0.792
CCEC,0.312,-0.586,-0.706,0.361,0.214,0.306,-0.349,-0.745,0.588,0.152,-0.524,0.442,-0.253,-0.384,0.442,0.735,-0.219,0.784,0.147,0.601,-0.723,0.075,0.514,-0.234,-0.813,0.368,0.389,-0.647,0.0,0.248,0.413,-0.45,-0.634,-0.318,0.078,-0.745,0.325,-0.231,-0.729,0.155,-0.164,0.465,0.54,-0.683,0.382,0.03,0.507,-0.538,0.492,0.534,0.803,-0.363,-0.712,0.558,-0.554,-0.33,-0.196,-0.525,-0.662,-0.52,0.275,0.743,-0.574,-0.718,0.435,0.273,0.371,-0.823,-0.016,-0.081,-0.131,-0.244,-0.034,0.062,-0.078,0.413,-0.721,0.703,0.713,0.293,0.574,0.648,-0.645,0.864,-0.499,-0.711,-0.166,-0.519,-0.433,-0.287,0.081,-0.755,0.114,-0.123,0.319,0.498,0.152,-0.66,-0.342,-0.456,-0.609,-0.039,-0.68,0.873,0.619,0.309,0.108,0.698,0.17,0.068,0.334,-0.465,-0.568,-0.536,-0.303,0.335,-0.732,-0.514,-0.359,-0.604,0.308,-0.125,0.477,-0.39,-0.247,-0.424,-0.795,0.145,0.581,-0.022,0.093,-0.274,-0.274,-0.54,-0.535,0.715,0.242,-0.504,0.021,0.127,0.468,-0.385,-0.362,-0.325,0.483,0.476,-0.533,0.433,-0.315,0.104,-0.518,-0.339,-0.135,-0.65,-0.453,-0.136,-0.12,0.579,-0.256,0.378,0.285,0.125,-0.001,-0.615,0.53,0.724,0.587,0.638,0.333,0.167,-0.154,-0.138,-0.058,0.08,-0.347,0.074,-0.346,0.313,-0.688,-0.435,-0.072,-0.547,0.542,0.481,-0.206,-0.061,0.105,0.304,0.716,0.385,0.153,-0.727,-0.177,-0.21,-0.3,-0.698,0.226,0.662,-0.604,0.647
CDW,-0.204,0.374,0.075,0.334,-0.256,0.529,0.298,0.253,0.339,-0.308,0.418,0.809,0.182,0.313,0.38,0.478,0.643,0.4,0.583,-0.023,0.131,0.796,-0.214,0.014,-0.2,0.479,-0.094,0.135,0.248,0.0,0.635,0.191,0.249,0.238,0.482,0.059,0.48,0.488,0.166,-0.251,0.223,0.047,-0.07,0.29,0.702,0.456,-0.011,-0.259,0.528,-0.222,0.24,0.494,0.257,0.74,0.55,0.599,0.516,0.275,0.121,0.309,-0.308,-0.07,0.197,0.199,-0.103,0.821,-0.463,-0.2,0.722,0.528,0.626,0.39,0.738,0.188,0.675,0.196,0.272,0.265,0.097,0.604,0.046,0.051,0.125,0.276,0.226,-0.194,0.753,0.282,0.274,-0.03,0.701,-0.408,0.801,-0.243,0.335,-0.321,0.282,0.263,0.508,0.406,-0.317,0.784,0.385,0.441,0.278,-0.362,-0.454,0.245,0.842,-0.029,0.432,0.573,0.283,0.289,0.617,0.532,-0.085,0.388,-0.236,-0.031,0.496,0.269,-0.058,0.536,0.622,0.487,0.036,0.656,0.642,0.574,0.006,-0.093,0.302,0.104,0.176,0.323,0.685,0.382,0.575,0.27,0.348,0.472,0.31,0.47,0.505,-0.131,0.383,0.522,0.328,-0.135,0.36,0.486,0.575,0.241,0.47,0.557,0.443,0.263,0.584,0.538,-0.228,-0.485,0.676,0.332,-0.208,0.489,0.329,-0.123,0.757,-0.099,0.419,0.652,-0.365,0.532,0.465,0.29,0.051,0.451,0.174,0.229,-0.492,0.249,-0.023,-0.087,0.535,0.557,0.785,0.434,0.424,-0.124,0.382,-0.04,-0.547,0.585,0.418,0.222,0.765,0.079,0.234,-0.131
