,ABEO,ACHC,AGNCN,AKAM,AKRO,ALRM,AMAT,AMED,AMRN,ANGI,APA,APOG,APPS,ARCB,ARCC,ARVN,ATEC,ATXS,AVAV,AXON,BANF,BATRK,BIDU,BLNE,BLNK,BTAI,BYND,CAN,CCEC,CDW,CDXS,CELH,CGNX,CHKP,CHRS,CHRW,CIGI,CKPT,CMPR,COGT,CRNC,CRSP,CSTL,CTSH,CVGW,DGLY,DNLI,DOCU,DVAX,EBAY,EHTH,ERII,ESLT,EXPE,EXPO,FBIOP,FFBC,FFIN,FOXF,FWRD,GDS,GERN,GPRE,GRWG,GRYP,HEES,HELE,HIVE,HON,HRTX,HSTM,HURA,IART,IBKR,IBOC,IBRX,IDXX,INGN,INM,INVA,IQ,IRBT,KDP,KPTI,KTOS,KXIN,LAMR,LFUS,LGIH,LGMK,LKFN,LNW,LOPE,LPSN,LYFT,MGNX,MLCO,MNST,MODV,MSTR,MTCH,MYGN,MYRG,NCMI,NEXT,NFLX,NIU,NKTR,NRC,NTNX,NTRA,NVEE,NVMI,NWL,NWS,NXPI,OCGN,OCSL,OKTA,OLLI,OTLK,OXLC,PAA,PARA,PARAA,PDCO,PDFS,PFG,PGEN,PNFP,PODD,POWI,PSMT,PTC,PTEN,PVLA,RDNT,RDUS,RDWR,REGN,RNAC,ROCK,ROST,RRR,RSLS,RVMD,RYAAY,SAFT,SAGE,SAVA,SBGI,SFM,SFNC,SHYF,SIBN,SIFY,SIGI,SIMO,SITM,SLM,SNBR,SNDX,SNY,SPNS,SRRK,STRA,SUPN,SYRE,TCBK,TEAM,TECH,THRM,TLRY,TRMK,TROW,TSLA,TWST,TXN,UFPI,UNIT,UPWK,USLM,UTHR,VERB,VLY,VRNA,VRRM,VXRT,WAFD,WATT,WBA,WING,WIX,WTFC,WTW,XPEL,XRX,YMAB,ZG,ZLAB
ABEO,0.0,-0.452,0.371,-0.251,0.804,-0.59,-0.624,-0.298,-0.478,-0.629,0.88,-0.251,-0.542,-0.416,-0.664,0.695,-0.353,0.454,-0.094,-0.7,-0.183,-0.419,-0.505,-0.222,-0.844,-0.068,-0.628,-0.188,-0.479,-0.728,-0.257,-0.308,-0.615,-0.369,0.62,-0.201,-0.524,0.684,-0.233,0.549,0.391,-0.162,-0.503,-0.393,-0.264,-0.326,-0.199,-0.764,0.729,-0.523,-0.595,-0.119,0.202,0.229,0.408,-0.295,-0.199,-0.255,-0.423,-0.488,-0.666,-0.141,-0.601,-0.117,0.235,-0.368,-0.521,0.162,-0.264,0.415,-0.422,-0.344,-0.548,-0.537,0.108,0.191,-0.763,-0.525,0.724,0.87,-0.12,-0.25,-0.135,0.733,0.136,-0.668,-0.412,-0.574,-0.727,0.44,-0.213,-0.759,0.321,-0.673,0.628,0.603,0.492,-0.19,-0.663,0.281,-0.707,-0.526,-0.547,0.679,0.677,-0.628,-0.361,0.906,-0.373,-0.044,-0.89,-0.58,-0.678,0.016,0.674,-0.429,0.31,-0.132,-0.625,-0.557,-0.286,-0.541,0.38,0.634,0.72,-0.409,-0.297,-0.449,0.343,-0.192,-0.595,-0.469,-0.255,0.305,0.777,0.672,-0.322,0.102,-0.196,-0.483,0.705,-0.554,-0.476,-0.307,-0.303,-0.638,-0.055,0.355,-0.183,-0.683,0.753,-0.469,-0.403,-0.39,-0.147,-0.067,-0.339,-0.305,-0.857,-0.423,-0.393,0.108,0.556,-0.466,0.382,-0.138,0.378,-0.045,-0.176,-0.691,-0.494,-0.286,0.045,-0.212,-0.439,-0.142,-0.706,-0.555,-0.627,-0.875,-0.735,-0.195,0.1,0.631,-0.256,0.583,-0.414,0.604,-0.107,0.293,-0.107,-0.251,-0.413,-0.393,-0.651,-0.413,-0.458,-0.092,-0.833,-0.615
ACHC,-0.452,0.0,-0.477,0.225,-0.549,0.887,0.765,0.869,0.938,0.717,-0.469,0.808,0.835,0.871,0.848,0.133,0.695,0.127,0.808,0.785,0.893,0.902,0.779,0.61,0.481,0.827,0.863,0.379,0.902,0.901,0.808,0.574,0.916,0.744,-0.27,0.696,0.683,-0.122,0.925,0.168,0.35,0.733,0.691,0.895,0.631,0.284,0.86,0.668,0.003,0.414,0.837,0.854,0.6,0.493,0.28,0.802,0.909,0.916,0.888,0.951,0.83,0.819,0.917,0.753,0.596,0.924,0.757,0.405,0.895,0.344,0.907,0.81,0.816,0.868,0.748,0.659,0.688,0.911,-0.483,-0.364,0.433,0.871,0.795,-0.152,0.663,0.225,0.821,0.942,0.89,-0.054,0.891,0.231,0.067,0.76,-0.215,-0.02,-0.277,0.463,0.908,0.504,0.812,0.919,0.876,-0.254,-0.291,0.859,0.89,-0.273,0.949,0.534,0.584,0.908,0.823,0.769,-0.012,0.935,0.482,0.503,0.737,0.786,0.715,0.947,0.379,-0.27,-0.334,0.91,0.767,0.927,0.567,0.896,0.821,0.868,0.784,0.42,-0.235,-0.013,0.905,0.679,0.444,0.834,-0.602,0.901,0.955,0.779,-0.125,0.79,0.738,-0.13,0.604,0.367,-0.439,0.706,0.935,0.922,0.742,0.757,0.93,0.647,0.562,0.945,0.932,0.643,0.032,0.896,-0.858,0.378,0.257,0.697,0.89,0.718,0.896,0.933,0.731,0.9,0.907,0.534,0.797,0.864,0.919,0.703,0.839,0.864,0.673,0.048,0.914,-0.598,0.92,-0.203,0.862,-0.217,0.685,-0.332,0.85,0.948,0.885,0.846,0.953,0.481,0.59,0.869
AGNCN,0.371,-0.477,0.0,-0.034,0.606,-0.441,-0.456,-0.286,-0.555,-0.469,0.52,-0.458,-0.627,-0.426,-0.286,0.169,-0.335,0.189,-0.294,-0.565,-0.337,-0.394,-0.216,-0.075,-0.417,-0.387,-0.537,0.117,-0.351,-0.569,-0.379,-0.232,-0.456,-0.218,0.584,-0.037,-0.044,0.482,-0.374,0.026,0.253,-0.344,-0.571,-0.322,-0.437,-0.441,-0.436,-0.544,0.314,-0.115,-0.592,-0.33,-0.073,0.189,0.33,-0.33,-0.405,-0.416,-0.528,-0.445,-0.539,-0.433,-0.398,-0.228,-0.192,-0.491,-0.312,0.128,-0.251,0.165,-0.42,-0.315,-0.443,-0.474,-0.204,-0.145,-0.411,-0.417,0.638,0.534,-0.503,-0.342,-0.283,0.457,-0.083,-0.044,-0.38,-0.501,-0.549,0.325,-0.403,-0.086,0.351,-0.479,0.552,0.28,0.506,0.106,-0.577,0.088,-0.45,-0.32,-0.529,0.421,0.39,-0.518,-0.553,0.395,-0.419,0.125,-0.425,-0.514,-0.521,-0.133,0.317,-0.455,-0.072,0.041,-0.549,-0.486,-0.395,-0.474,0.204,0.665,0.682,-0.345,-0.287,-0.391,-0.065,-0.367,-0.44,-0.395,-0.19,0.229,0.582,0.337,-0.363,-0.231,0.194,-0.399,0.716,-0.521,-0.392,-0.161,0.069,-0.594,-0.271,0.598,-0.322,-0.323,0.672,-0.376,-0.485,-0.521,-0.136,-0.458,-0.416,-0.26,-0.52,-0.515,-0.526,-0.226,0.335,-0.328,0.681,-0.079,0.23,-0.218,-0.382,-0.538,-0.478,-0.461,-0.157,-0.365,-0.46,0.083,-0.532,-0.415,-0.459,-0.477,-0.593,-0.342,-0.183,0.374,-0.42,0.672,-0.429,0.314,-0.321,0.714,-0.136,0.1,-0.468,-0.506,-0.467,-0.363,-0.469,-0.042,-0.511,-0.493
AKAM,-0.251,0.225,-0.034,0.0,-0.459,0.505,0.699,0.388,0.235,-0.165,-0.464,0.38,0.484,0.3,0.104,-0.277,0.716,-0.509,0.426,0.596,0.01,0.295,0.435,-0.183,0.229,0.067,0.445,0.593,0.348,0.362,0.578,-0.087,0.447,0.643,0.082,0.345,0.123,-0.392,0.233,-0.307,-0.09,0.597,0.61,0.439,0.381,0.357,0.346,0.616,-0.33,0.827,0.029,0.145,-0.191,0.099,0.043,-0.023,0.141,0.134,0.47,0.265,0.487,0.122,0.241,0.492,0.107,0.0,-0.113,0.452,0.184,-0.077,0.462,-0.003,0.246,0.507,-0.093,0.209,0.677,0.515,-0.195,-0.361,0.399,0.45,0.435,-0.121,-0.119,0.441,-0.14,0.158,0.308,0.138,0.159,0.209,0.079,0.66,-0.494,-0.544,-0.682,0.354,0.364,0.061,0.068,0.238,0.476,-0.672,-0.492,0.54,0.489,-0.374,0.119,0.245,0.518,0.43,0.56,-0.017,-0.484,0.374,-0.032,-0.252,0.648,0.597,0.618,0.385,-0.215,-0.364,-0.45,0.314,0.505,0.071,0.039,-0.012,0.573,0.548,0.095,0.176,-0.272,-0.433,0.262,0.098,0.535,0.428,-0.056,0.393,0.165,0.035,0.178,0.561,-0.1,-0.177,0.352,0.585,-0.433,0.616,0.209,0.095,0.181,0.075,0.043,0.667,0.576,0.339,0.426,-0.404,-0.175,0.447,-0.205,0.618,-0.471,0.021,0.128,0.614,0.472,0.11,0.339,0.017,0.479,0.102,0.543,0.577,0.261,0.369,0.466,0.215,-0.191,-0.161,0.141,-0.565,0.247,0.012,0.065,-0.263,0.033,0.022,0.586,0.269,0.319,0.082,0.167,-0.323,0.217,0.374
AKRO,0.804,-0.549,0.606,-0.459,0.0,-0.741,-0.805,-0.393,-0.632,-0.559,0.891,-0.448,-0.727,-0.564,-0.555,0.607,-0.581,0.524,-0.337,-0.879,-0.24,-0.53,-0.53,-0.088,-0.795,-0.19,-0.804,-0.295,-0.494,-0.77,-0.496,-0.13,-0.705,-0.505,0.696,-0.295,-0.33,0.781,-0.383,0.44,0.472,-0.47,-0.794,-0.487,-0.531,-0.557,-0.332,-0.914,0.763,-0.58,-0.636,-0.192,0.073,0.179,0.469,-0.337,-0.349,-0.387,-0.663,-0.559,-0.848,-0.303,-0.614,-0.331,0.103,-0.455,-0.377,0.106,-0.301,0.402,-0.609,-0.324,-0.687,-0.737,0.016,0.009,-0.81,-0.66,0.824,0.924,-0.595,-0.438,-0.327,0.76,0.157,-0.542,-0.431,-0.589,-0.78,0.488,-0.39,-0.598,0.183,-0.851,0.863,0.753,0.776,-0.017,-0.71,0.248,-0.654,-0.515,-0.722,0.85,0.787,-0.777,-0.61,0.809,-0.416,0.035,-0.901,-0.725,-0.799,-0.013,0.734,-0.564,0.198,0.117,-0.871,-0.809,-0.452,-0.633,0.513,0.69,0.818,-0.48,-0.491,-0.487,0.189,-0.261,-0.714,-0.584,-0.199,0.336,0.838,0.801,-0.382,-0.052,-0.234,-0.643,0.806,-0.726,-0.476,-0.288,-0.194,-0.847,-0.163,0.695,-0.471,-0.812,0.931,-0.619,-0.526,-0.508,-0.163,-0.317,-0.377,-0.522,-0.908,-0.585,-0.599,0.101,0.65,-0.479,0.662,-0.42,0.571,-0.095,-0.304,-0.907,-0.654,-0.424,-0.129,-0.268,-0.615,0.064,-0.853,-0.658,-0.666,-0.859,-0.874,-0.27,0.123,0.686,-0.409,0.811,-0.549,0.485,-0.204,0.631,-0.104,-0.094,-0.64,-0.557,-0.636,-0.329,-0.537,0.15,-0.865,-0.695
ALRM,-0.59,0.887,-0.441,0.505,-0.741,0.0,0.923,0.824,0.89,0.634,-0.661,0.756,0.861,0.884,0.776,-0.142,0.826,-0.162,0.8,0.92,0.727,0.893,0.818,0.424,0.533,0.666,0.93,0.548,0.874,0.912,0.869,0.332,0.95,0.862,-0.336,0.731,0.635,-0.29,0.829,-0.049,0.177,0.816,0.788,0.897,0.621,0.433,0.754,0.844,-0.264,0.669,0.713,0.694,0.368,0.412,0.164,0.637,0.788,0.804,0.903,0.897,0.913,0.672,0.864,0.739,0.431,0.781,0.638,0.378,0.78,0.139,0.923,0.722,0.851,0.926,0.538,0.527,0.859,0.919,-0.548,-0.571,0.552,0.885,0.77,-0.338,0.43,0.38,0.649,0.867,0.899,-0.112,0.809,0.334,0.2,0.924,-0.498,-0.362,-0.521,0.452,0.883,0.354,0.752,0.844,0.94,-0.551,-0.591,0.941,0.896,-0.463,0.816,0.466,0.762,0.939,0.895,0.564,-0.311,0.902,0.259,0.273,0.897,0.933,0.726,0.939,0.091,-0.36,-0.481,0.837,0.864,0.816,0.396,0.724,0.887,0.908,0.688,0.278,-0.406,-0.309,0.785,0.529,0.594,0.907,-0.61,0.931,0.844,0.674,-0.096,0.886,0.596,-0.295,0.658,0.558,-0.625,0.79,0.865,0.814,0.632,0.654,0.778,0.791,0.723,0.884,0.914,0.355,-0.188,0.838,-0.831,0.578,-0.082,0.546,0.762,0.894,0.935,0.829,0.645,0.724,0.93,0.356,0.912,0.919,0.907,0.772,0.915,0.724,0.395,-0.143,0.81,-0.711,0.876,-0.333,0.701,-0.35,0.493,-0.278,0.923,0.896,0.87,0.71,0.863,0.217,0.655,0.899
AMAT,-0.624,0.765,-0.456,0.699,-0.805,0.923,0.0,0.755,0.79,0.447,-0.764,0.756,0.865,0.805,0.644,-0.298,0.896,-0.33,0.72,0.96,0.551,0.805,0.783,0.254,0.569,0.515,0.914,0.574,0.805,0.881,0.863,0.222,0.919,0.865,-0.286,0.646,0.549,-0.495,0.706,-0.201,0.008,0.812,0.868,0.839,0.632,0.504,0.694,0.9,-0.403,0.792,0.604,0.58,0.159,0.272,0.039,0.472,0.654,0.672,0.873,0.801,0.92,0.553,0.768,0.708,0.301,0.626,0.46,0.417,0.657,0.026,0.885,0.539,0.783,0.907,0.352,0.424,0.94,0.889,-0.565,-0.658,0.574,0.799,0.707,-0.411,0.255,0.506,0.485,0.76,0.831,-0.105,0.672,0.383,0.042,0.968,-0.616,-0.488,-0.701,0.429,0.863,0.238,0.65,0.734,0.925,-0.724,-0.659,0.934,0.862,-0.586,0.668,0.361,0.845,0.908,0.943,0.388,-0.492,0.846,0.162,0.078,0.953,0.938,0.787,0.868,-0.075,-0.506,-0.63,0.757,0.833,0.674,0.25,0.549,0.908,0.914,0.555,0.176,-0.495,-0.451,0.724,0.425,0.563,0.813,-0.579,0.895,0.71,0.49,0.059,0.932,0.421,-0.35,0.647,0.704,-0.702,0.869,0.762,0.683,0.527,0.516,0.627,0.852,0.838,0.828,0.85,0.108,-0.278,0.805,-0.73,0.652,-0.268,0.43,0.631,0.934,0.898,0.679,0.582,0.565,0.897,0.293,0.943,0.942,0.822,0.789,0.915,0.636,0.206,-0.261,0.679,-0.825,0.757,-0.31,0.561,-0.438,0.416,-0.215,0.92,0.798,0.803,0.581,0.747,0.058,0.653,0.871
AMED,-0.298,0.869,-0.286,0.388,-0.393,0.824,0.755,0.0,0.843,0.502,-0.338,0.781,0.773,0.774,0.693,0.27,0.735,0.199,0.846,0.702,0.834,0.872,0.795,0.591,0.3,0.812,0.768,0.587,0.867,0.754,0.853,0.503,0.844,0.801,0.028,0.753,0.661,0.032,0.903,0.32,0.527,0.823,0.68,0.894,0.498,0.102,0.856,0.576,0.166,0.483,0.618,0.816,0.606,0.549,0.466,0.714,0.875,0.849,0.837,0.852,0.745,0.821,0.772,0.861,0.672,0.764,0.607,0.599,0.856,0.451,0.893,0.736,0.729,0.833,0.742,0.786,0.668,0.866,-0.255,-0.19,0.377,0.885,0.883,0.086,0.664,0.108,0.632,0.798,0.707,0.189,0.871,0.135,0.242,0.745,-0.103,0.068,-0.283,0.566,0.791,0.616,0.663,0.842,0.808,-0.202,-0.183,0.82,0.872,-0.133,0.835,0.584,0.48,0.817,0.744,0.725,0.066,0.884,0.574,0.467,0.697,0.727,0.817,0.882,0.465,-0.174,-0.215,0.912,0.838,0.8,0.665,0.831,0.779,0.875,0.751,0.619,-0.032,0.095,0.89,0.671,0.559,0.724,-0.367,0.82,0.856,0.612,-0.101,0.732,0.656,0.029,0.625,0.316,-0.292,0.709,0.853,0.855,0.763,0.749,0.811,0.781,0.442,0.87,0.866,0.553,0.072,0.884,-0.711,0.411,0.27,0.731,0.845,0.663,0.863,0.851,0.788,0.839,0.885,0.668,0.732,0.86,0.765,0.521,0.711,0.855,0.607,0.239,0.852,-0.505,0.803,0.043,0.838,-0.06,0.686,-0.448,0.869,0.874,0.76,0.729,0.843,0.371,0.338,0.769
AMRN,-0.478,0.938,-0.555,0.235,-0.632,0.89,0.79,0.843,0.0,0.692,-0.513,0.837,0.861,0.901,0.806,0.088,0.725,0.122,0.814,0.814,0.867,0.892,0.743,0.617,0.541,0.798,0.92,0.401,0.879,0.897,0.811,0.479,0.91,0.728,-0.305,0.746,0.609,-0.223,0.918,0.186,0.244,0.8,0.786,0.882,0.681,0.342,0.815,0.702,-0.081,0.368,0.854,0.781,0.6,0.385,0.144,0.781,0.924,0.931,0.936,0.941,0.894,0.87,0.912,0.775,0.491,0.937,0.699,0.313,0.863,0.323,0.936,0.793,0.912,0.928,0.728,0.674,0.673,0.902,-0.563,-0.436,0.595,0.848,0.758,-0.247,0.594,0.191,0.836,0.93,0.874,-0.196,0.928,0.302,0.064,0.817,-0.348,-0.09,-0.415,0.272,0.877,0.416,0.814,0.864,0.919,-0.359,-0.331,0.868,0.88,-0.304,0.897,0.323,0.629,0.942,0.833,0.718,-0.096,0.914,0.504,0.398,0.819,0.855,0.702,0.928,0.225,-0.272,-0.369,0.901,0.776,0.936,0.498,0.878,0.841,0.842,0.709,0.274,-0.284,-0.137,0.879,0.713,0.471,0.857,-0.661,0.95,0.899,0.685,-0.051,0.862,0.74,-0.239,0.753,0.5,-0.511,0.735,0.969,0.931,0.723,0.819,0.867,0.712,0.603,0.96,0.914,0.617,-0.137,0.804,-0.921,0.419,0.127,0.689,0.899,0.794,0.917,0.933,0.697,0.888,0.934,0.444,0.87,0.842,0.907,0.717,0.886,0.812,0.569,-0.084,0.939,-0.672,0.912,-0.188,0.84,-0.298,0.703,-0.387,0.88,0.977,0.838,0.723,0.963,0.403,0.647,0.881
ANGI,-0.629,0.717,-0.469,-0.165,-0.559,0.634,0.447,0.502,0.692,0.0,-0.496,0.315,0.549,0.54,0.772,-0.129,0.168,0.131,0.304,0.558,0.598,0.579,0.53,0.56,0.651,0.529,0.623,0.054,0.537,0.721,0.3,0.602,0.647,0.331,-0.617,0.357,0.583,-0.198,0.546,-0.027,0.013,0.261,0.408,0.506,0.36,0.154,0.379,0.559,-0.244,0.098,0.835,0.44,0.429,0.104,-0.093,0.667,0.553,0.581,0.531,0.653,0.635,0.529,0.743,0.281,0.199,0.703,0.841,-0.173,0.517,-0.044,0.513,0.707,0.644,0.55,0.41,0.185,0.469,0.532,-0.618,-0.517,0.258,0.441,0.333,-0.396,0.304,0.217,0.753,0.774,0.771,-0.39,0.554,0.462,-0.051,0.514,-0.281,-0.12,-0.06,0.165,0.666,0.026,0.887,0.737,0.528,-0.181,-0.334,0.635,0.501,-0.414,0.7,0.245,0.549,0.583,0.541,0.395,-0.102,0.588,0.079,0.454,0.479,0.525,0.233,0.65,0.067,-0.339,-0.376,0.618,0.381,0.709,0.121,0.611,0.513,0.445,0.495,0.022,-0.486,-0.201,0.48,0.237,0.15,0.591,-0.787,0.618,0.729,0.649,-0.007,0.521,0.464,-0.278,0.281,0.313,-0.525,0.345,0.628,0.723,0.404,0.532,0.702,0.158,0.488,0.56,0.565,0.553,-0.295,0.553,-0.649,-0.058,0.131,0.396,0.506,0.545,0.552,0.654,0.186,0.59,0.492,0.351,0.567,0.506,0.722,0.704,0.65,0.419,0.427,-0.26,0.591,-0.321,0.649,-0.451,0.498,-0.228,0.335,0.018,0.472,0.61,0.684,0.659,0.71,0.437,0.732,0.601
APA,0.88,-0.469,0.52,-0.464,0.891,-0.661,-0.764,-0.338,-0.513,-0.496,0.0,-0.384,-0.622,-0.506,-0.519,0.724,-0.559,0.594,-0.222,-0.822,-0.177,-0.476,-0.5,-0.009,-0.754,-0.135,-0.712,-0.321,-0.526,-0.768,-0.435,-0.137,-0.676,-0.506,0.613,-0.24,-0.485,0.775,-0.269,0.572,0.445,-0.345,-0.642,-0.459,-0.427,-0.525,-0.299,-0.849,0.782,-0.674,-0.528,-0.188,0.295,0.204,0.402,-0.193,-0.23,-0.287,-0.532,-0.507,-0.77,-0.163,-0.554,-0.211,0.169,-0.362,-0.362,0.038,-0.267,0.464,-0.514,-0.33,-0.6,-0.592,0.109,0.118,-0.863,-0.571,0.721,0.938,-0.313,-0.379,-0.26,0.792,0.134,-0.729,-0.302,-0.568,-0.714,0.386,-0.267,-0.632,0.293,-0.779,0.8,0.716,0.679,-0.198,-0.712,0.258,-0.612,-0.474,-0.663,0.839,0.809,-0.716,-0.508,0.937,-0.348,-0.013,-0.954,-0.666,-0.772,0.079,0.81,-0.492,0.324,0.108,-0.778,-0.684,-0.441,-0.568,0.492,0.739,0.854,-0.39,-0.428,-0.399,0.277,-0.195,-0.657,-0.589,-0.293,0.343,0.853,0.751,-0.351,0.041,-0.134,-0.544,0.724,-0.644,-0.415,-0.229,-0.199,-0.75,-0.105,0.539,-0.297,-0.759,0.863,-0.613,-0.434,-0.404,-0.133,-0.107,-0.328,-0.469,-0.923,-0.49,-0.488,0.197,0.557,-0.488,0.495,-0.354,0.555,-0.057,-0.227,-0.808,-0.585,-0.326,-0.044,-0.205,-0.548,-0.038,-0.81,-0.659,-0.638,-0.856,-0.809,-0.252,0.151,0.646,-0.283,0.759,-0.434,0.623,-0.137,0.517,-0.02,-0.053,-0.549,-0.452,-0.6,-0.403,-0.452,0.06,-0.802,-0.702
APOG,-0.251,0.808,-0.458,0.38,-0.448,0.756,0.756,0.781,0.837,0.315,-0.384,0.0,0.814,0.838,0.579,0.138,0.823,0.092,0.856,0.711,0.777,0.807,0.649,0.47,0.281,0.785,0.784,0.428,0.839,0.763,0.895,0.333,0.813,0.805,0.002,0.723,0.494,-0.204,0.864,0.214,0.365,0.839,0.71,0.869,0.681,0.384,0.881,0.554,0.098,0.445,0.582,0.852,0.464,0.518,0.333,0.572,0.86,0.862,0.898,0.849,0.758,0.776,0.742,0.756,0.58,0.81,0.468,0.591,0.855,0.479,0.901,0.612,0.75,0.834,0.711,0.75,0.618,0.856,-0.258,-0.221,0.521,0.835,0.81,-0.057,0.65,0.144,0.66,0.786,0.666,0.024,0.835,0.032,0.04,0.719,-0.201,0.048,-0.425,0.399,0.78,0.593,0.499,0.678,0.892,-0.325,-0.169,0.709,0.856,-0.162,0.762,0.335,0.48,0.878,0.769,0.733,-0.012,0.861,0.571,0.237,0.732,0.735,0.796,0.829,0.315,-0.18,-0.274,0.765,0.818,0.785,0.605,0.78,0.77,0.872,0.699,0.402,-0.052,0.043,0.902,0.82,0.463,0.729,-0.348,0.855,0.753,0.564,-0.003,0.783,0.716,-0.061,0.714,0.381,-0.292,0.833,0.876,0.795,0.724,0.713,0.76,0.818,0.512,0.92,0.869,0.459,0.155,0.766,-0.754,0.643,0.173,0.669,0.869,0.659,0.885,0.825,0.784,0.81,0.916,0.398,0.77,0.837,0.775,0.513,0.734,0.847,0.58,0.111,0.859,-0.676,0.824,-0.022,0.836,-0.25,0.762,-0.48,0.843,0.889,0.735,0.651,0.848,0.369,0.375,0.811
APPS,-0.542,0.835,-0.627,0.484,-0.727,0.861,0.865,0.773,0.861,0.549,-0.622,0.814,0.0,0.73,0.653,-0.054,0.756,-0.093,0.718,0.884,0.624,0.754,0.709,0.394,0.601,0.665,0.878,0.367,0.778,0.872,0.812,0.482,0.856,0.706,-0.321,0.533,0.413,-0.422,0.757,0.05,0.091,0.779,0.892,0.791,0.636,0.425,0.805,0.833,-0.205,0.528,0.768,0.648,0.324,0.185,0.019,0.611,0.741,0.729,0.898,0.823,0.873,0.749,0.789,0.728,0.474,0.719,0.556,0.326,0.677,0.15,0.853,0.574,0.736,0.91,0.465,0.571,0.79,0.908,-0.585,-0.527,0.612,0.758,0.709,-0.264,0.349,0.222,0.614,0.797,0.825,-0.13,0.715,0.287,-0.12,0.88,-0.504,-0.265,-0.648,0.31,0.887,0.277,0.704,0.744,0.884,-0.56,-0.403,0.89,0.906,-0.446,0.74,0.285,0.69,0.883,0.888,0.495,-0.288,0.848,0.343,0.205,0.889,0.836,0.842,0.885,0.066,-0.579,-0.639,0.782,0.742,0.729,0.333,0.633,0.877,0.834,0.483,0.235,-0.446,-0.298,0.787,0.517,0.391,0.765,-0.67,0.86,0.778,0.465,0.129,0.926,0.46,-0.344,0.628,0.603,-0.682,0.789,0.806,0.813,0.584,0.701,0.686,0.737,0.77,0.892,0.889,0.319,-0.235,0.809,-0.795,0.441,-0.079,0.525,0.703,0.858,0.894,0.736,0.573,0.667,0.877,0.393,0.893,0.865,0.775,0.741,0.901,0.694,0.391,-0.188,0.742,-0.819,0.778,-0.108,0.642,-0.426,0.552,-0.152,0.893,0.839,0.845,0.635,0.817,0.253,0.639,0.814
ARCB,-0.416,0.871,-0.426,0.3,-0.564,0.884,0.805,0.774,0.901,0.54,-0.506,0.838,0.73,0.0,0.729,-0.007,0.811,-0.015,0.853,0.775,0.855,0.911,0.722,0.487,0.354,0.742,0.88,0.45,0.901,0.849,0.86,0.26,0.913,0.831,-0.19,0.841,0.666,-0.15,0.894,0.084,0.31,0.806,0.654,0.911,0.598,0.441,0.781,0.617,-0.087,0.491,0.647,0.813,0.462,0.553,0.288,0.61,0.878,0.917,0.882,0.929,0.824,0.724,0.873,0.74,0.444,0.891,0.625,0.434,0.888,0.331,0.924,0.776,0.888,0.849,0.725,0.619,0.678,0.846,-0.418,-0.405,0.502,0.89,0.752,-0.272,0.637,0.332,0.714,0.889,0.799,-0.095,0.908,0.168,0.205,0.775,-0.324,-0.131,-0.34,0.4,0.808,0.511,0.657,0.78,0.93,-0.361,-0.445,0.801,0.822,-0.28,0.853,0.406,0.617,0.935,0.803,0.732,-0.138,0.89,0.408,0.311,0.755,0.85,0.623,0.889,0.23,-0.103,-0.251,0.798,0.847,0.893,0.537,0.85,0.798,0.888,0.823,0.287,-0.176,-0.088,0.842,0.732,0.569,0.863,-0.463,0.94,0.829,0.716,-0.232,0.772,0.795,-0.128,0.717,0.394,-0.379,0.747,0.933,0.821,0.717,0.675,0.855,0.771,0.534,0.9,0.865,0.527,0.007,0.761,-0.843,0.597,0.094,0.657,0.894,0.723,0.897,0.915,0.743,0.842,0.927,0.325,0.819,0.844,0.924,0.631,0.805,0.823,0.534,-0.015,0.907,-0.597,0.891,-0.349,0.837,-0.244,0.626,-0.541,0.851,0.941,0.799,0.722,0.906,0.363,0.517,0.895
ARCC,-0.664,0.848,-0.286,0.104,-0.555,0.776,0.644,0.693,0.806,0.772,-0.519,0.579,0.653,0.729,0.0,-0.056,0.525,0.08,0.582,0.704,0.736,0.777,0.73,0.721,0.633,0.565,0.771,0.336,0.804,0.853,0.565,0.596,0.819,0.578,-0.293,0.593,0.771,-0.187,0.745,-0.054,0.217,0.473,0.518,0.757,0.468,0.149,0.632,0.611,-0.171,0.379,0.829,0.638,0.464,0.354,0.129,0.76,0.708,0.748,0.707,0.852,0.744,0.614,0.881,0.535,0.338,0.802,0.784,0.231,0.779,0.239,0.744,0.778,0.763,0.749,0.542,0.395,0.652,0.778,-0.565,-0.467,0.188,0.675,0.595,-0.299,0.512,0.391,0.822,0.886,0.866,-0.209,0.71,0.509,-0.077,0.666,-0.153,-0.082,-0.185,0.438,0.823,0.322,0.898,0.884,0.716,-0.234,-0.289,0.768,0.656,-0.423,0.852,0.482,0.659,0.786,0.741,0.637,-0.093,0.802,0.319,0.656,0.606,0.65,0.475,0.827,0.28,-0.226,-0.293,0.805,0.597,0.868,0.348,0.741,0.758,0.711,0.677,0.279,-0.306,-0.12,0.765,0.474,0.468,0.704,-0.604,0.783,0.898,0.765,0.056,0.649,0.566,-0.064,0.465,0.433,-0.415,0.587,0.791,0.772,0.647,0.533,0.79,0.5,0.608,0.77,0.702,0.499,-0.086,0.8,-0.648,0.185,0.268,0.61,0.701,0.647,0.749,0.757,0.52,0.744,0.734,0.564,0.726,0.747,0.878,0.783,0.79,0.69,0.51,-0.093,0.732,-0.459,0.825,-0.31,0.665,-0.032,0.625,-0.134,0.671,0.786,0.849,0.763,0.834,0.503,0.701,0.813
ARVN,0.695,0.133,0.169,-0.277,0.607,-0.142,-0.298,0.27,0.088,-0.129,0.724,0.138,-0.054,-0.007,-0.056,0.0,-0.078,0.788,0.336,-0.323,0.382,0.091,-0.017,0.375,-0.519,0.45,-0.171,-0.006,0.05,-0.231,0.115,0.246,-0.128,-0.067,0.594,0.195,-0.077,0.775,0.322,0.841,0.735,0.204,-0.161,0.107,-0.054,-0.371,0.312,-0.472,0.896,-0.455,-0.041,0.364,0.687,0.457,0.633,0.349,0.361,0.283,0.032,0.072,-0.248,0.451,-0.044,0.37,0.648,0.177,-0.01,0.336,0.283,0.783,0.052,0.223,-0.1,-0.046,0.609,0.667,-0.46,-0.023,0.425,0.781,-0.022,0.197,0.301,0.807,0.603,-0.675,0.127,0.001,-0.236,0.467,0.321,-0.56,0.263,-0.308,0.692,0.799,0.461,0.093,-0.148,0.636,-0.106,0.076,-0.135,0.725,0.737,-0.146,0.08,0.837,0.245,0.314,-0.633,-0.117,-0.253,0.546,0.838,0.098,0.735,0.464,-0.309,-0.227,0.127,0.008,0.781,0.508,0.619,0.175,0.041,0.15,0.702,0.373,-0.107,-0.033,0.168,0.68,0.758,0.81,0.248,0.506,0.083,-0.09,0.36,-0.091,0.161,0.139,-0.268,-0.242,0.37,0.427,0.168,-0.522,0.593,-0.193,0.141,0.207,0.392,0.438,0.206,0.009,-0.605,0.109,0.073,0.632,0.57,0.085,-0.035,-0.193,0.756,0.517,0.357,-0.376,-0.0,0.252,0.47,0.368,0.042,0.428,-0.304,-0.11,-0.132,-0.476,-0.284,0.347,0.606,0.76,0.275,0.373,0.1,0.659,0.421,0.42,0.429,-0.415,0.034,0.144,-0.089,0.129,0.126,0.395,-0.538,-0.148
ATEC,-0.353,0.695,-0.335,0.716,-0.581,0.826,0.896,0.735,0.725,0.168,-0.559,0.823,0.756,0.811,0.525,-0.078,0.0,-0.255,0.852,0.835,0.582,0.788,0.7,0.199,0.283,0.547,0.809,0.654,0.81,0.749,0.93,0.117,0.823,0.882,-0.003,0.695,0.502,-0.291,0.731,-0.071,0.203,0.867,0.761,0.846,0.623,0.479,0.773,0.699,-0.172,0.777,0.426,0.661,0.198,0.444,0.253,0.394,0.676,0.692,0.842,0.764,0.786,0.555,0.65,0.765,0.432,0.599,0.262,0.632,0.707,0.252,0.867,0.512,0.697,0.826,0.45,0.583,0.802,0.839,-0.369,-0.407,0.507,0.866,0.793,-0.206,0.418,0.417,0.381,0.661,0.671,0.114,0.699,0.149,0.099,0.841,-0.419,-0.324,-0.625,0.487,0.752,0.469,0.44,0.616,0.881,-0.57,-0.493,0.813,0.836,-0.359,0.639,0.437,0.649,0.855,0.835,0.503,-0.329,0.812,0.334,0.097,0.834,0.846,0.816,0.795,0.113,-0.283,-0.414,0.697,0.829,0.626,0.451,0.579,0.833,0.908,0.609,0.332,-0.211,-0.233,0.772,0.585,0.582,0.752,-0.308,0.822,0.641,0.454,-0.099,0.814,0.507,-0.199,0.677,0.53,-0.447,0.822,0.732,0.598,0.599,0.49,0.579,0.911,0.636,0.817,0.81,0.123,-0.003,0.759,-0.669,0.725,-0.134,0.523,0.693,0.779,0.851,0.662,0.757,0.588,0.901,0.302,0.821,0.882,0.729,0.571,0.786,0.727,0.282,-0.014,0.676,-0.759,0.72,-0.128,0.62,-0.322,0.479,-0.438,0.895,0.784,0.669,0.525,0.683,0.059,0.395,0.827
ATXS,0.454,0.127,0.189,-0.509,0.524,-0.162,-0.33,0.199,0.122,0.131,0.594,0.092,-0.093,-0.015,0.08,0.788,-0.255,0.0,0.157,-0.331,0.386,0.08,0.017,0.552,-0.276,0.437,-0.126,-0.073,0.03,-0.154,-0.034,0.365,-0.097,-0.113,0.456,0.227,0.092,0.621,0.277,0.76,0.581,0.059,-0.22,0.078,-0.066,-0.423,0.136,-0.467,0.768,-0.619,0.09,0.296,0.693,0.359,0.455,0.388,0.334,0.291,-0.013,0.091,-0.176,0.42,0.052,0.202,0.428,0.256,0.208,0.099,0.293,0.684,0.026,0.326,0.042,-0.053,0.587,0.504,-0.461,-0.084,0.358,0.652,-0.081,0.042,0.121,0.618,0.557,-0.596,0.332,0.116,-0.183,0.217,0.297,-0.31,0.184,-0.308,0.667,0.845,0.571,-0.031,-0.119,0.459,0.107,0.135,-0.136,0.711,0.742,-0.177,-0.059,0.672,0.256,0.132,-0.502,-0.109,-0.249,0.507,0.793,0.07,0.621,0.483,-0.32,-0.26,-0.053,-0.004,0.645,0.523,0.609,0.191,0.008,0.249,0.48,0.382,-0.123,-0.101,0.185,0.469,0.643,0.723,0.218,0.442,0.06,-0.124,0.16,-0.049,0.191,0.246,-0.034,-0.232,0.436,0.393,0.217,-0.407,0.551,-0.184,0.174,0.276,0.405,0.438,0.243,-0.111,-0.525,0.084,-0.005,0.724,0.382,0.021,-0.001,-0.262,0.771,0.522,0.317,-0.37,-0.011,0.266,0.257,0.382,-0.016,0.444,-0.254,-0.126,-0.042,-0.301,-0.242,0.241,0.597,0.553,0.292,0.449,0.12,0.44,0.438,0.455,0.494,-0.335,-0.052,0.133,-0.035,0.153,0.219,0.525,-0.329,-0.11
AVAV,-0.094,0.808,-0.294,0.426,-0.337,0.8,0.72,0.846,0.814,0.304,-0.222,0.856,0.718,0.853,0.582,0.336,0.852,0.157,0.0,0.669,0.833,0.862,0.707,0.482,0.091,0.806,0.752,0.555,0.828,0.678,0.927,0.278,0.788,0.828,0.117,0.794,0.512,0.1,0.921,0.334,0.55,0.904,0.63,0.898,0.583,0.291,0.887,0.485,0.219,0.462,0.501,0.85,0.591,0.697,0.528,0.628,0.89,0.886,0.861,0.844,0.687,0.78,0.702,0.865,0.712,0.773,0.419,0.667,0.877,0.584,0.89,0.699,0.702,0.809,0.791,0.846,0.553,0.828,-0.217,-0.085,0.521,0.942,0.908,0.092,0.725,0.063,0.567,0.736,0.634,0.204,0.899,-0.089,0.292,0.678,-0.092,0.053,-0.296,0.496,0.694,0.732,0.485,0.706,0.824,-0.177,-0.182,0.738,0.859,0.031,0.819,0.578,0.363,0.815,0.693,0.806,0.105,0.868,0.618,0.355,0.666,0.745,0.763,0.822,0.468,-0.001,-0.09,0.801,0.86,0.782,0.77,0.829,0.749,0.858,0.736,0.607,0.099,0.15,0.87,0.815,0.62,0.771,-0.238,0.809,0.779,0.646,-0.272,0.676,0.764,-0.009,0.72,0.224,-0.19,0.687,0.854,0.778,0.792,0.749,0.779,0.834,0.338,0.874,0.859,0.53,0.216,0.781,-0.751,0.6,0.27,0.777,0.891,0.608,0.86,0.861,0.916,0.825,0.903,0.461,0.669,0.804,0.743,0.399,0.666,0.882,0.613,0.304,0.871,-0.524,0.847,0.05,0.863,-0.159,0.684,-0.587,0.885,0.889,0.693,0.637,0.811,0.327,0.23,0.771
AXON,-0.7,0.785,-0.565,0.596,-0.879,0.92,0.96,0.702,0.814,0.558,-0.822,0.711,0.884,0.775,0.704,-0.323,0.835,-0.331,0.669,0.0,0.535,0.796,0.775,0.266,0.653,0.502,0.939,0.479,0.768,0.919,0.8,0.293,0.913,0.782,-0.419,0.557,0.546,-0.548,0.682,-0.223,-0.082,0.752,0.868,0.795,0.638,0.548,0.679,0.93,-0.476,0.721,0.697,0.548,0.152,0.185,-0.069,0.53,0.632,0.656,0.862,0.805,0.945,0.539,0.781,0.648,0.282,0.653,0.475,0.276,0.628,-0.033,0.845,0.578,0.802,0.901,0.309,0.357,0.925,0.87,-0.7,-0.74,0.585,0.763,0.673,-0.511,0.219,0.509,0.53,0.795,0.89,-0.201,0.66,0.423,-0.07,0.957,-0.659,-0.528,-0.702,0.371,0.897,0.166,0.742,0.744,0.907,-0.72,-0.675,0.96,0.851,-0.646,0.698,0.329,0.882,0.904,0.948,0.36,-0.526,0.84,0.104,0.129,0.95,0.918,0.733,0.871,-0.135,-0.601,-0.717,0.724,0.755,0.699,0.199,0.547,0.923,0.866,0.501,0.083,-0.604,-0.512,0.698,0.365,0.443,0.8,-0.717,0.896,0.738,0.513,0.052,0.936,0.435,-0.49,0.634,0.716,-0.797,0.795,0.754,0.719,0.503,0.519,0.636,0.777,0.878,0.825,0.835,0.135,-0.363,0.786,-0.768,0.55,-0.273,0.445,0.608,0.954,0.893,0.679,0.512,0.553,0.871,0.262,0.948,0.912,0.847,0.871,0.968,0.614,0.205,-0.355,0.66,-0.85,0.779,-0.371,0.531,-0.518,0.37,-0.163,0.9,0.793,0.825,0.615,0.761,0.074,0.754,0.904
BANF,-0.183,0.893,-0.337,0.01,-0.24,0.727,0.551,0.834,0.867,0.598,-0.177,0.777,0.624,0.855,0.736,0.382,0.582,0.386,0.833,0.535,0.0,0.868,0.665,0.702,0.185,0.9,0.693,0.343,0.861,0.721,0.75,0.486,0.773,0.676,-0.022,0.768,0.685,0.182,0.946,0.418,0.597,0.691,0.461,0.855,0.535,0.114,0.828,0.354,0.296,0.19,0.68,0.92,0.752,0.669,0.514,0.786,0.962,0.968,0.778,0.887,0.641,0.858,0.81,0.713,0.661,0.939,0.707,0.473,0.941,0.581,0.833,0.866,0.759,0.724,0.941,0.779,0.423,0.745,-0.23,-0.06,0.32,0.851,0.787,0.061,0.872,0.028,0.812,0.872,0.686,0.054,0.949,0.026,0.242,0.538,0.07,0.294,0.013,0.445,0.722,0.69,0.672,0.824,0.755,0.057,-0.044,0.652,0.751,0.031,0.933,0.528,0.304,0.784,0.6,0.904,0.292,0.851,0.65,0.588,0.505,0.608,0.584,0.815,0.589,0.084,0.027,0.852,0.735,0.921,0.744,0.992,0.626,0.757,0.889,0.549,0.108,0.305,0.889,0.854,0.461,0.715,-0.368,0.795,0.887,0.794,-0.305,0.569,0.885,0.12,0.619,0.093,-0.091,0.559,0.931,0.894,0.801,0.797,0.935,0.582,0.24,0.865,0.81,0.83,0.267,0.764,-0.78,0.334,0.5,0.822,0.966,0.467,0.782,0.965,0.792,0.984,0.821,0.58,0.594,0.713,0.821,0.436,0.61,0.894,0.812,0.314,0.956,-0.345,0.872,-0.103,0.968,-0.021,0.786,-0.578,0.726,0.917,0.73,0.79,0.916,0.59,0.316,0.754
BATRK,-0.419,0.902,-0.394,0.295,-0.53,0.893,0.805,0.872,0.892,0.579,-0.476,0.807,0.754,0.911,0.777,0.091,0.788,0.08,0.862,0.796,0.868,0.0,0.839,0.55,0.329,0.757,0.873,0.499,0.891,0.845,0.868,0.344,0.919,0.819,-0.138,0.767,0.73,-0.049,0.92,0.147,0.418,0.795,0.646,0.938,0.558,0.33,0.818,0.616,-0.027,0.497,0.667,0.836,0.534,0.626,0.379,0.728,0.897,0.911,0.852,0.925,0.811,0.726,0.83,0.779,0.565,0.862,0.609,0.519,0.904,0.381,0.918,0.8,0.852,0.854,0.739,0.646,0.71,0.856,-0.41,-0.35,0.429,0.916,0.843,-0.188,0.672,0.247,0.71,0.891,0.82,0.012,0.914,0.14,0.237,0.757,-0.208,-0.076,-0.284,0.533,0.856,0.615,0.73,0.882,0.886,-0.265,-0.376,0.855,0.859,-0.245,0.897,0.584,0.592,0.894,0.814,0.757,-0.074,0.943,0.457,0.454,0.733,0.784,0.706,0.917,0.357,-0.158,-0.258,0.862,0.85,0.906,0.613,0.877,0.819,0.913,0.818,0.444,-0.144,-0.022,0.894,0.676,0.523,0.777,-0.494,0.911,0.906,0.738,-0.231,0.746,0.798,-0.135,0.68,0.334,-0.384,0.702,0.924,0.869,0.754,0.71,0.899,0.774,0.502,0.908,0.877,0.554,0.022,0.852,-0.803,0.531,0.214,0.743,0.888,0.714,0.906,0.918,0.801,0.86,0.924,0.498,0.782,0.886,0.912,0.646,0.803,0.87,0.562,0.111,0.896,-0.578,0.914,-0.235,0.865,-0.215,0.667,-0.536,0.875,0.931,0.831,0.787,0.91,0.324,0.473,0.91
BIDU,-0.505,0.779,-0.216,0.435,-0.53,0.818,0.783,0.795,0.743,0.53,-0.5,0.649,0.709,0.722,0.73,-0.017,0.7,0.017,0.707,0.775,0.665,0.839,0.0,0.477,0.431,0.589,0.787,0.461,0.756,0.784,0.728,0.44,0.845,0.77,-0.097,0.698,0.712,-0.131,0.761,0.019,0.312,0.703,0.636,0.84,0.459,0.276,0.685,0.65,-0.127,0.58,0.584,0.661,0.408,0.502,0.302,0.64,0.705,0.717,0.755,0.8,0.765,0.573,0.762,0.712,0.419,0.659,0.522,0.451,0.759,0.312,0.79,0.655,0.74,0.786,0.527,0.512,0.748,0.785,-0.417,-0.368,0.362,0.76,0.749,-0.174,0.481,0.36,0.545,0.772,0.75,0.006,0.707,0.273,0.128,0.756,-0.209,-0.151,-0.289,0.579,0.797,0.457,0.723,0.808,0.758,-0.312,-0.374,0.823,0.726,-0.335,0.752,0.563,0.637,0.78,0.769,0.583,-0.144,0.827,0.25,0.426,0.69,0.717,0.676,0.819,0.226,-0.239,-0.324,0.792,0.738,0.762,0.41,0.67,0.825,0.82,0.635,0.433,-0.194,-0.103,0.764,0.492,0.57,0.682,-0.457,0.791,0.819,0.685,-0.05,0.689,0.593,-0.068,0.571,0.433,-0.415,0.655,0.764,0.724,0.729,0.555,0.733,0.725,0.566,0.767,0.734,0.355,-0.05,0.828,-0.61,0.445,0.136,0.626,0.681,0.698,0.806,0.713,0.622,0.668,0.794,0.572,0.733,0.852,0.809,0.689,0.749,0.722,0.397,0.049,0.702,-0.525,0.775,-0.226,0.671,-0.124,0.576,-0.301,0.814,0.752,0.793,0.681,0.776,0.285,0.492,0.804
BLNE,-0.222,0.61,-0.075,-0.183,-0.088,0.424,0.254,0.591,0.617,0.56,-0.009,0.47,0.394,0.487,0.721,0.375,0.199,0.552,0.482,0.266,0.702,0.55,0.477,0.0,0.313,0.562,0.469,0.187,0.568,0.461,0.337,0.558,0.494,0.302,0.118,0.568,0.519,0.188,0.664,0.403,0.48,0.376,0.264,0.549,0.202,-0.164,0.489,0.137,0.291,-0.097,0.58,0.542,0.68,0.385,0.316,0.711,0.673,0.681,0.495,0.633,0.401,0.7,0.631,0.524,0.378,0.662,0.652,0.201,0.7,0.584,0.535,0.664,0.547,0.512,0.688,0.572,0.16,0.495,-0.19,0.018,0.114,0.455,0.45,0.138,0.633,-0.101,0.755,0.645,0.442,-0.131,0.666,0.201,0.065,0.3,0.272,0.433,0.157,0.212,0.448,0.449,0.627,0.657,0.407,0.217,0.257,0.404,0.391,0.096,0.692,0.307,0.18,0.483,0.364,0.716,0.376,0.573,0.635,0.737,0.242,0.298,0.264,0.524,0.519,0.188,0.174,0.661,0.433,0.732,0.504,0.691,0.461,0.414,0.523,0.43,0.183,0.305,0.627,0.609,0.452,0.392,-0.247,0.525,0.683,0.543,0.176,0.32,0.572,0.245,0.473,0.123,0.036,0.363,0.651,0.67,0.67,0.623,0.622,0.352,0.142,0.561,0.421,0.696,0.087,0.53,-0.419,0.014,0.603,0.697,0.666,0.265,0.514,0.657,0.478,0.712,0.493,0.628,0.376,0.42,0.553,0.347,0.379,0.598,0.605,0.201,0.666,-0.042,0.629,0.116,0.66,0.324,0.757,-0.252,0.427,0.61,0.557,0.545,0.677,0.675,0.269,0.469
BLNK,-0.844,0.481,-0.417,0.229,-0.795,0.533,0.569,0.3,0.541,0.651,-0.754,0.281,0.601,0.354,0.633,-0.519,0.283,-0.276,0.091,0.653,0.185,0.329,0.431,0.313,0.0,0.101,0.647,0.153,0.403,0.674,0.205,0.43,0.563,0.254,-0.618,0.202,0.352,-0.735,0.26,-0.401,-0.477,0.21,0.65,0.325,0.422,0.254,0.182,0.739,-0.656,0.314,0.739,0.068,0.016,-0.353,-0.558,0.391,0.238,0.278,0.496,0.453,0.701,0.314,0.628,0.223,-0.235,0.395,0.517,-0.28,0.23,-0.363,0.441,0.291,0.563,0.589,-0.056,-0.087,0.626,0.549,-0.771,-0.807,0.336,0.194,0.083,-0.649,-0.17,0.531,0.524,0.547,0.686,-0.583,0.25,0.799,-0.404,0.658,-0.621,-0.492,-0.551,-0.101,0.618,-0.376,0.74,0.525,0.505,-0.643,-0.48,0.597,0.384,-0.773,0.361,-0.135,0.806,0.565,0.651,0.003,-0.565,0.41,-0.118,0.109,0.66,0.578,0.301,0.511,-0.399,-0.619,-0.687,0.469,0.234,0.453,-0.336,0.193,0.59,0.382,0.099,-0.354,-0.757,-0.677,0.318,-0.017,0.171,0.479,-0.769,0.565,0.441,0.244,0.555,0.679,0.004,-0.429,0.329,0.829,-0.764,0.493,0.424,0.426,0.183,0.234,0.305,0.249,0.833,0.458,0.412,0.005,-0.64,0.43,-0.461,0.084,-0.352,0.038,0.198,0.711,0.462,0.295,-0.043,0.234,0.419,0.158,0.712,0.482,0.554,0.866,0.732,0.155,-0.083,-0.706,0.298,-0.578,0.399,-0.373,0.114,-0.305,0.186,0.34,0.412,0.412,0.568,0.287,0.483,0.102,0.9,0.509
BTAI,-0.068,0.827,-0.387,0.067,-0.19,0.666,0.515,0.812,0.798,0.529,-0.135,0.785,0.665,0.742,0.565,0.45,0.547,0.437,0.806,0.502,0.9,0.757,0.589,0.562,0.101,0.0,0.612,0.311,0.78,0.66,0.765,0.502,0.702,0.673,0.013,0.674,0.567,0.192,0.88,0.522,0.606,0.723,0.464,0.8,0.54,0.137,0.853,0.351,0.412,0.168,0.597,0.922,0.695,0.611,0.557,0.703,0.906,0.883,0.747,0.803,0.599,0.859,0.704,0.687,0.775,0.851,0.641,0.507,0.855,0.604,0.761,0.794,0.652,0.67,0.891,0.843,0.397,0.699,-0.106,0.032,0.357,0.806,0.802,0.218,0.828,-0.1,0.678,0.793,0.591,0.196,0.867,-0.097,0.207,0.512,0.053,0.343,-0.017,0.463,0.678,0.684,0.568,0.705,0.717,0.058,0.051,0.614,0.764,0.1,0.845,0.495,0.224,0.714,0.553,0.814,0.332,0.779,0.618,0.441,0.494,0.558,0.668,0.766,0.579,-0.027,-0.05,0.761,0.713,0.787,0.731,0.902,0.572,0.718,0.799,0.597,0.113,0.366,0.836,0.806,0.37,0.667,-0.343,0.708,0.798,0.709,-0.252,0.565,0.826,0.081,0.561,0.034,-0.095,0.548,0.834,0.883,0.763,0.808,0.855,0.559,0.215,0.809,0.816,0.795,0.297,0.729,-0.733,0.319,0.464,0.794,0.898,0.419,0.765,0.893,0.744,0.907,0.782,0.576,0.548,0.685,0.702,0.34,0.551,0.849,0.857,0.399,0.879,-0.355,0.786,0.031,0.922,-0.073,0.714,-0.55,0.722,0.841,0.671,0.774,0.845,0.61,0.218,0.682
BYND,-0.628,0.863,-0.537,0.445,-0.804,0.93,0.914,0.768,0.92,0.623,-0.712,0.784,0.878,0.88,0.771,-0.171,0.809,-0.126,0.752,0.939,0.693,0.873,0.787,0.469,0.647,0.612,0.0,0.464,0.831,0.922,0.815,0.329,0.949,0.781,-0.356,0.711,0.596,-0.413,0.81,-0.053,0.049,0.804,0.86,0.858,0.639,0.47,0.718,0.826,-0.339,0.557,0.767,0.642,0.351,0.292,0.011,0.644,0.777,0.807,0.915,0.9,0.954,0.696,0.878,0.755,0.319,0.799,0.583,0.277,0.763,0.136,0.915,0.686,0.918,0.947,0.508,0.5,0.822,0.905,-0.66,-0.642,0.628,0.807,0.694,-0.446,0.388,0.413,0.692,0.879,0.892,-0.259,0.815,0.38,0.015,0.916,-0.547,-0.355,-0.584,0.29,0.894,0.29,0.792,0.818,0.941,-0.588,-0.549,0.932,0.86,-0.502,0.798,0.306,0.815,0.954,0.927,0.541,-0.383,0.894,0.297,0.243,0.916,0.925,0.693,0.911,-0.0,-0.41,-0.545,0.814,0.795,0.85,0.325,0.702,0.927,0.882,0.6,0.135,-0.454,-0.38,0.789,0.526,0.519,0.841,-0.688,0.971,0.816,0.593,0.062,0.922,0.613,-0.399,0.761,0.671,-0.678,0.798,0.879,0.826,0.646,0.671,0.753,0.792,0.773,0.905,0.862,0.349,-0.325,0.789,-0.848,0.558,-0.111,0.561,0.754,0.912,0.93,0.815,0.614,0.708,0.923,0.324,0.949,0.897,0.913,0.845,0.954,0.707,0.321,-0.284,0.807,-0.759,0.856,-0.312,0.682,-0.39,0.543,-0.311,0.909,0.897,0.846,0.652,0.883,0.223,0.73,0.925
CAN,-0.188,0.379,0.117,0.593,-0.295,0.548,0.574,0.587,0.401,0.054,-0.321,0.428,0.367,0.45,0.336,-0.006,0.654,-0.073,0.555,0.479,0.343,0.499,0.461,0.187,0.153,0.311,0.464,0.0,0.531,0.382,0.6,-0.055,0.488,0.634,0.181,0.562,0.464,-0.085,0.444,-0.033,0.213,0.584,0.446,0.537,0.365,0.139,0.358,0.426,-0.039,0.593,0.144,0.326,0.167,0.327,0.249,0.24,0.385,0.381,0.5,0.411,0.505,0.318,0.324,0.532,0.18,0.279,0.1,0.46,0.408,0.143,0.57,0.348,0.442,0.504,0.261,0.405,0.531,0.512,-0.087,-0.189,0.28,0.553,0.5,-0.001,0.255,0.306,0.219,0.329,0.32,0.255,0.431,0.278,0.379,0.574,-0.225,-0.206,-0.38,0.342,0.336,0.287,0.269,0.382,0.509,-0.394,-0.3,0.501,0.445,-0.2,0.322,0.331,0.441,0.495,0.476,0.227,-0.208,0.427,0.227,0.053,0.551,0.556,0.505,0.432,0.093,0.02,-0.075,0.521,0.591,0.345,0.234,0.328,0.479,0.544,0.43,0.297,-0.042,-0.18,0.44,0.319,0.518,0.503,-0.035,0.483,0.32,0.262,0.043,0.51,0.271,-0.032,0.503,0.433,-0.17,0.567,0.394,0.309,0.357,0.257,0.258,0.654,0.337,0.45,0.453,0.029,0.001,0.436,-0.285,0.562,-0.124,0.347,0.37,0.496,0.519,0.352,0.458,0.345,0.55,0.316,0.52,0.541,0.377,0.281,0.45,0.385,0.139,0.061,0.389,-0.312,0.402,0.078,0.333,0.009,0.289,-0.28,0.548,0.449,0.305,0.21,0.367,-0.069,0.187,0.458
CCEC,-0.479,0.902,-0.351,0.348,-0.494,0.874,0.805,0.867,0.879,0.537,-0.526,0.839,0.778,0.901,0.804,0.05,0.81,0.03,0.828,0.768,0.861,0.891,0.756,0.568,0.403,0.78,0.831,0.531,0.0,0.886,0.871,0.436,0.913,0.831,-0.086,0.779,0.77,-0.127,0.884,0.106,0.407,0.764,0.646,0.927,0.566,0.279,0.86,0.629,-0.0,0.56,0.673,0.858,0.43,0.502,0.378,0.671,0.867,0.884,0.855,0.935,0.808,0.766,0.869,0.748,0.535,0.852,0.684,0.553,0.904,0.375,0.909,0.795,0.804,0.843,0.71,0.667,0.753,0.889,-0.359,-0.364,0.305,0.897,0.798,-0.159,0.682,0.36,0.688,0.906,0.806,0.067,0.859,0.257,0.081,0.781,-0.218,-0.031,-0.312,0.572,0.882,0.554,0.717,0.853,0.904,-0.319,-0.322,0.827,0.838,-0.34,0.884,0.527,0.63,0.924,0.819,0.724,-0.087,0.903,0.47,0.467,0.737,0.775,0.77,0.911,0.369,-0.213,-0.296,0.863,0.83,0.867,0.545,0.847,0.819,0.925,0.868,0.438,-0.164,-0.002,0.92,0.709,0.551,0.81,-0.441,0.894,0.882,0.681,-0.106,0.78,0.695,0.03,0.611,0.4,-0.35,0.769,0.909,0.845,0.764,0.639,0.845,0.774,0.588,0.911,0.868,0.51,0.081,0.885,-0.752,0.474,0.198,0.709,0.882,0.697,0.902,0.877,0.754,0.868,0.934,0.571,0.829,0.903,0.898,0.657,0.807,0.885,0.602,0.101,0.865,-0.603,0.856,-0.225,0.835,-0.094,0.683,-0.465,0.853,0.922,0.857,0.816,0.897,0.495,0.481,0.901
CDW,-0.728,0.901,-0.569,0.362,-0.77,0.912,0.881,0.754,0.897,0.721,-0.768,0.763,0.872,0.849,0.853,-0.231,0.749,-0.154,0.678,0.919,0.721,0.845,0.784,0.461,0.674,0.66,0.922,0.382,0.886,0.0,0.771,0.495,0.954,0.766,-0.428,0.613,0.718,-0.435,0.783,-0.137,0.07,0.672,0.76,0.861,0.638,0.426,0.763,0.84,-0.328,0.591,0.834,0.713,0.287,0.276,0.044,0.656,0.753,0.788,0.873,0.917,0.928,0.66,0.91,0.612,0.356,0.83,0.711,0.303,0.775,0.086,0.871,0.743,0.853,0.886,0.494,0.426,0.874,0.897,-0.66,-0.659,0.422,0.789,0.687,-0.453,0.441,0.498,0.72,0.942,0.954,-0.211,0.751,0.457,-0.141,0.882,-0.482,-0.303,-0.484,0.446,0.969,0.263,0.861,0.858,0.923,-0.543,-0.537,0.925,0.843,-0.612,0.843,0.387,0.836,0.946,0.928,0.537,-0.354,0.894,0.206,0.33,0.858,0.854,0.715,0.931,0.067,-0.511,-0.609,0.819,0.739,0.849,0.28,0.731,0.889,0.883,0.702,0.164,-0.523,-0.317,0.822,0.495,0.406,0.83,-0.743,0.928,0.879,0.682,0.018,0.888,0.581,-0.284,0.568,0.595,-0.667,0.785,0.868,0.838,0.615,0.575,0.812,0.679,0.824,0.894,0.871,0.375,-0.205,0.865,-0.813,0.415,-0.033,0.554,0.745,0.855,0.904,0.808,0.549,0.742,0.893,0.428,0.929,0.923,0.95,0.888,0.956,0.739,0.437,-0.232,0.784,-0.771,0.857,-0.428,0.69,-0.365,0.545,-0.215,0.855,0.88,0.916,0.784,0.892,0.367,0.78,0.948
CDXS,-0.257,0.808,-0.379,0.578,-0.496,0.869,0.863,0.853,0.811,0.3,-0.435,0.895,0.812,0.86,0.565,0.115,0.93,-0.034,0.927,0.8,0.75,0.868,0.728,0.337,0.205,0.765,0.815,0.6,0.871,0.771,0.0,0.215,0.855,0.91,0.018,0.752,0.534,-0.122,0.863,0.18,0.395,0.928,0.736,0.912,0.636,0.392,0.878,0.644,0.042,0.635,0.495,0.821,0.394,0.576,0.423,0.543,0.836,0.827,0.89,0.846,0.784,0.716,0.712,0.827,0.637,0.73,0.433,0.671,0.819,0.401,0.922,0.645,0.734,0.863,0.661,0.748,0.735,0.875,-0.26,-0.266,0.527,0.942,0.888,-0.041,0.595,0.215,0.507,0.757,0.698,0.179,0.835,0.023,0.24,0.81,-0.303,-0.12,-0.478,0.536,0.789,0.621,0.5,0.715,0.914,-0.406,-0.35,0.824,0.915,-0.19,0.772,0.52,0.531,0.881,0.805,0.66,-0.107,0.886,0.479,0.213,0.802,0.827,0.858,0.869,0.302,-0.21,-0.311,0.78,0.924,0.729,0.625,0.741,0.815,0.94,0.727,0.489,-0.094,-0.033,0.861,0.713,0.586,0.789,-0.322,0.86,0.754,0.568,-0.185,0.806,0.666,-0.129,0.716,0.379,-0.365,0.807,0.837,0.771,0.695,0.678,0.733,0.899,0.528,0.892,0.909,0.374,0.094,0.816,-0.749,0.7,0.061,0.67,0.834,0.731,0.918,0.816,0.843,0.753,0.951,0.399,0.796,0.904,0.779,0.513,0.762,0.835,0.515,0.158,0.821,-0.68,0.82,-0.057,0.791,-0.275,0.596,-0.526,0.936,0.883,0.741,0.66,0.8,0.225,0.33,0.839
