,ABEO,ACHC,AGNCN,AKAM,AKRO,ALRM,AMAT,AMED,AMRN,ANGI,APA,APOG,APPS,ARCB,ARCC,ARVN,ATEC,ATXS,AVAV,AXON,BANF,BATRK,BIDU,BLNE,BLNK,BTAI,BYND,CAN,CCEC,CDW,CDXS,CELH,CGNX,CHKP,CHRS,CHRW,CIGI,CKPT,CMPR,COGT,CRNC,CRSP,CSTL,CTSH,CVGW,DGLY,DNLI,DOCU,DVAX,EBAY,EHTH,ERII,ESLT,EXPE,EXPO,FBIOP,FFBC,FFIN,FOXF,FWRD,GDS,GERN,GPRE,GRWG,GRYP,HEES,HELE,HIVE,HON,HRTX,HSTM,HURA,IART,IBKR,IBOC,IBRX,IDXX,INGN,INM,INVA,IQ,IRBT,KDP,KPTI,KTOS,KXIN,LAMR,LFUS,LGIH,LGMK,LKFN,LNW,LOPE,LPSN,LYFT,MGNX,MLCO,MNST,MODV,MSTR,MTCH,MYGN,MYRG,NCMI,NEXT,NFLX,NIU,NKTR,NRC,NTNX,NTRA,NVEE,NVMI,NWL,NWS,NXPI,OCGN,OCSL,OKTA,OLLI,OTLK,OXLC,PAA,PARA,PARAA,PDCO,PDFS,PFG,PGEN,PNFP,PODD,POWI,PSMT,PTC,PTEN,PVLA,RDNT,RDUS,RDWR,REGN,RNAC,ROCK,ROST,RRR,RSLS,RVMD,RYAAY,SAFT,SAGE,SAVA,SBGI,SFM,SFNC,SHYF,SIBN,SIFY,SIGI,SIMO,SITM,SLM,SNBR,SNDX,SNY,SPNS,SRRK,STRA,SUPN,SYRE,TCBK,TEAM,TECH,THRM,TLRY,TRMK,TROW,TSLA,TWST,TXN,UFPI,UNIT,UPWK,USLM,UTHR,VERB,VLY,VRNA,VRRM,VXRT,WAFD,WATT,WBA,WING,WIX,WTFC,WTW,XPEL,XRX,YMAB,ZG,ZLAB
ABEO,0.0,0.843,0.76,0.496,0.516,0.847,0.843,0.589,0.771,0.777,0.728,0.207,0.764,0.59,0.755,0.751,0.71,0.826,0.621,0.819,0.573,0.483,0.177,0.643,0.652,0.713,0.719,0.818,0.672,0.858,0.687,0.78,0.719,0.702,0.452,0.571,0.649,0.697,0.485,0.607,0.758,0.787,0.489,0.861,0.632,0.615,0.805,0.781,0.392,0.826,-0.543,0.382,0.581,0.783,-0.096,0.77,0.268,0.211,0.629,0.691,0.269,0.797,0.59,0.83,0.871,0.024,0.624,0.604,0.615,0.909,0.454,0.761,0.847,-0.319,0.413,0.807,0.824,0.101,-0.167,0.732,0.085,0.791,0.843,0.706,0.658,0.076,0.739,0.538,0.734,0.445,0.366,0.759,0.704,0.649,0.87,0.59,0.761,0.835,0.64,0.855,0.729,0.765,0.607,0.524,0.513,0.655,0.565,0.826,0.747,0.801,0.754,0.548,0.798,0.549,0.674,0.764,0.285,0.859,0.784,0.75,0.611,0.618,0.694,0.785,0.599,0.674,0.783,0.649,0.527,0.218,0.725,0.798,0.802,0.858,0.52,0.886,0.811,0.659,0.728,0.499,0.752,0.786,0.709,0.762,0.655,0.556,0.61,0.613,0.625,0.658,0.725,0.52,0.312,0.779,0.754,0.667,0.585,0.852,0.088,0.494,0.747,0.532,0.669,0.803,0.655,0.832,0.568,0.748,0.302,0.749,0.62,0.795,0.706,0.616,0.551,0.838,0.357,0.823,0.635,0.234,0.849,0.68,0.664,-0.16,0.525,0.58,0.68,0.591,0.266,0.526,0.855,0.833,0.839,0.513,0.563,0.708,0.007,0.791,0.759,0.757
ACHC,0.843,0.0,0.831,0.49,0.58,0.858,0.899,0.61,0.847,0.89,0.794,0.352,0.836,0.674,0.878,0.799,0.734,0.889,0.585,0.886,0.606,0.604,0.111,0.658,0.725,0.803,0.705,0.816,0.7,0.925,0.763,0.825,0.768,0.76,0.5,0.606,0.784,0.79,0.612,0.671,0.837,0.816,0.391,0.928,0.625,0.621,0.795,0.81,0.452,0.868,-0.576,0.426,0.58,0.85,-0.094,0.766,0.354,0.282,0.685,0.801,0.313,0.799,0.73,0.896,0.905,0.048,0.644,0.611,0.671,0.929,0.345,0.795,0.954,-0.268,0.492,0.79,0.81,-0.011,-0.208,0.826,0.188,0.86,0.861,0.735,0.728,0.166,0.898,0.539,0.861,0.57,0.34,0.865,0.78,0.653,0.894,0.595,0.851,0.834,0.643,0.945,0.732,0.744,0.709,0.676,0.548,0.65,0.585,0.856,0.845,0.801,0.774,0.662,0.835,0.582,0.678,0.794,0.408,0.963,0.798,0.82,0.715,0.74,0.763,0.859,0.626,0.825,0.811,0.743,0.492,0.331,0.781,0.806,0.861,0.919,0.577,0.844,0.918,0.816,0.744,0.559,0.773,0.868,0.754,0.793,0.562,0.53,0.605,0.673,0.647,0.661,0.774,0.542,0.416,0.881,0.844,0.678,0.692,0.817,-0.033,0.565,0.805,0.579,0.637,0.805,0.586,0.882,0.651,0.823,0.352,0.815,0.724,0.916,0.719,0.716,0.616,0.865,0.36,0.815,0.724,0.234,0.934,0.728,0.68,-0.126,0.66,0.54,0.717,0.586,0.314,0.531,0.8,0.888,0.87,0.541,0.638,0.837,-0.011,0.836,0.739,0.836
AGNCN,0.76,0.831,0.0,0.469,0.461,0.875,0.838,0.367,0.68,0.727,0.784,0.191,0.786,0.683,0.73,0.76,0.669,0.719,0.482,0.817,0.641,0.397,0.178,0.638,0.708,0.701,0.681,0.702,0.616,0.876,0.626,0.731,0.72,0.806,0.678,0.711,0.763,0.668,0.607,0.421,0.562,0.746,0.481,0.858,0.591,0.569,0.74,0.635,0.304,0.792,-0.616,0.551,0.541,0.805,0.138,0.866,0.305,0.325,0.692,0.717,0.28,0.583,0.599,0.696,0.761,0.082,0.657,0.619,0.654,0.898,0.309,0.781,0.889,-0.307,0.469,0.707,0.83,0.053,-0.193,0.867,-0.017,0.784,0.77,0.705,0.701,0.179,0.802,0.561,0.851,0.454,0.349,0.685,0.661,0.578,0.877,0.64,0.756,0.746,0.586,0.852,0.727,0.777,0.696,0.641,0.556,0.51,0.583,0.829,0.77,0.713,0.78,0.555,0.864,0.557,0.617,0.738,0.253,0.807,0.744,0.767,0.503,0.682,0.659,0.81,0.626,0.651,0.804,0.682,0.53,0.32,0.743,0.769,0.886,0.86,0.585,0.786,0.862,0.711,0.751,0.571,0.593,0.765,0.666,0.743,0.271,0.59,0.734,0.616,0.668,0.549,0.732,0.583,0.477,0.828,0.755,0.603,0.511,0.882,0.068,0.56,0.743,0.462,0.665,0.775,0.745,0.739,0.571,0.721,0.319,0.742,0.67,0.807,0.623,0.72,0.625,0.693,0.377,0.821,0.652,0.229,0.824,0.784,0.682,-0.173,0.608,0.501,0.595,0.552,0.346,0.58,0.717,0.854,0.854,0.631,0.664,0.734,0.135,0.777,0.81,0.761
AKAM,0.496,0.49,0.469,0.0,0.122,0.644,0.574,0.585,0.384,0.381,0.279,-0.299,0.451,-0.116,0.178,0.673,-0.027,0.617,-0.037,0.523,-0.169,0.036,0.611,0.483,0.384,0.493,0.446,0.6,0.312,0.418,0.229,0.221,0.238,0.357,0.172,0.522,0.11,0.595,-0.227,0.382,0.263,0.774,0.293,0.355,0.521,0.607,0.496,0.667,0.255,0.694,0.083,-0.139,0.122,0.272,0.233,0.419,-0.496,-0.467,-0.106,0.163,0.621,0.651,0.238,0.526,0.464,-0.665,0.0,0.158,-0.099,0.616,0.534,0.605,0.415,-0.224,-0.28,0.52,0.596,-0.566,-0.554,0.235,0.645,0.438,0.404,0.766,0.171,-0.09,0.341,-0.171,0.171,0.13,-0.457,0.316,0.269,0.211,0.353,0.489,0.561,0.531,-0.132,0.577,0.819,0.321,0.213,0.23,0.268,0.849,0.266,0.631,0.577,0.222,0.663,-0.129,0.513,-0.238,-0.109,0.18,0.696,0.453,0.766,0.406,0.76,0.123,0.419,0.125,-0.18,0.151,0.592,-0.052,0.352,-0.416,0.774,0.276,0.386,0.568,-0.094,0.596,0.444,0.006,0.311,0.863,0.684,0.235,0.147,0.138,0.507,0.114,0.101,0.087,0.375,0.277,0.059,0.612,-0.368,0.308,0.361,0.203,0.028,0.591,-0.517,-0.12,0.194,0.042,0.602,0.429,0.645,0.525,0.027,0.192,-0.444,0.727,0.655,0.189,0.211,-0.103,-0.098,0.648,0.523,0.488,-0.082,-0.113,0.449,0.22,0.582,0.101,-0.225,0.465,-0.115,0.482,-0.53,0.45,0.311,0.585,0.661,-0.223,0.436,0.099,-0.582,0.655,0.085,0.719
AKRO,0.516,0.58,0.461,0.122,0.0,0.335,0.47,0.531,0.3,0.418,0.229,0.197,0.274,0.548,0.728,0.237,0.442,0.33,0.505,0.615,0.384,0.208,-0.009,0.037,0.566,0.182,0.082,0.299,0.125,0.579,0.254,0.418,0.268,0.477,0.101,0.459,0.77,0.324,0.401,0.172,0.543,0.256,0.171,0.533,0.633,0.458,0.267,0.216,0.014,0.294,-0.325,0.079,0.124,0.362,-0.148,0.246,0.428,0.311,0.532,0.698,-0.28,0.449,0.242,0.384,0.402,0.124,0.32,0.099,0.576,0.543,0.432,0.309,0.535,0.303,0.326,0.268,0.281,0.314,0.118,0.337,0.048,0.291,0.598,0.153,0.46,0.404,0.442,0.365,0.55,0.218,0.41,0.346,0.316,0.407,0.463,0.014,0.253,0.591,0.598,0.485,0.121,0.569,0.241,0.065,0.531,0.167,0.023,0.343,0.27,0.36,0.158,0.563,0.253,0.589,0.54,0.422,0.26,0.566,0.212,0.255,0.314,0.615,0.161,0.541,0.463,0.401,0.194,0.522,-0.016,0.687,0.219,0.421,0.533,0.479,0.107,0.402,0.364,0.625,0.236,0.017,0.308,0.489,0.551,0.676,0.312,0.072,0.42,0.364,0.047,0.094,0.487,-0.116,0.594,0.479,0.287,0.139,0.774,0.339,0.134,0.147,0.334,0.158,0.087,0.233,0.109,0.399,0.285,0.382,0.547,0.247,0.135,0.603,0.273,0.602,0.414,0.349,-0.145,0.333,0.574,-0.18,0.418,0.59,0.026,0.188,0.548,-0.007,0.535,0.037,0.4,-0.007,0.571,0.293,0.307,0.346,0.623,0.572,0.254,0.221,0.412,0.295
ALRM,0.847,0.858,0.875,0.644,0.335,0.0,0.882,0.492,0.823,0.823,0.836,0.214,0.874,0.538,0.662,0.894,0.626,0.899,0.5,0.801,0.545,0.497,0.317,0.799,0.6,0.851,0.86,0.842,0.791,0.878,0.731,0.776,0.756,0.775,0.645,0.65,0.582,0.784,0.485,0.634,0.65,0.92,0.47,0.881,0.565,0.641,0.886,0.873,0.461,0.944,-0.482,0.447,0.648,0.85,0.084,0.853,0.149,0.171,0.558,0.649,0.516,0.793,0.661,0.848,0.894,-0.079,0.641,0.698,0.533,0.924,0.376,0.872,0.891,-0.485,0.381,0.848,0.943,-0.073,-0.372,0.801,0.167,0.879,0.76,0.884,0.703,-0.015,0.828,0.475,0.759,0.488,0.191,0.796,0.754,0.705,0.897,0.768,0.918,0.776,0.511,0.918,0.907,0.741,0.729,0.684,0.435,0.739,0.71,0.93,0.89,0.783,0.912,0.474,0.934,0.421,0.563,0.764,0.343,0.863,0.93,0.847,0.68,0.605,0.809,0.755,0.526,0.669,0.928,0.608,0.681,0.043,0.902,0.791,0.867,0.923,0.587,0.919,0.903,0.626,0.816,0.757,0.799,0.793,0.644,0.693,0.509,0.63,0.631,0.638,0.779,0.737,0.675,0.771,0.202,0.816,0.86,0.737,0.417,0.908,-0.03,0.555,0.806,0.522,0.843,0.9,0.784,0.843,0.586,0.734,0.106,0.907,0.8,0.752,0.721,0.565,0.518,0.863,0.553,0.895,0.568,0.346,0.893,0.66,0.856,-0.243,0.452,0.706,0.55,0.715,0.154,0.665,0.753,0.947,0.953,0.494,0.545,0.656,-0.119,0.92,0.763,0.903
AMAT,0.843,0.899,0.838,0.574,0.47,0.882,0.0,0.681,0.72,0.755,0.725,0.123,0.75,0.639,0.806,0.729,0.671,0.835,0.549,0.904,0.475,0.448,0.258,0.559,0.75,0.722,0.65,0.836,0.59,0.919,0.618,0.723,0.665,0.779,0.395,0.653,0.71,0.653,0.492,0.544,0.716,0.785,0.532,0.864,0.726,0.661,0.715,0.754,0.282,0.837,-0.512,0.365,0.45,0.788,0.015,0.738,0.173,0.125,0.639,0.751,0.286,0.786,0.636,0.806,0.844,-0.05,0.55,0.526,0.579,0.922,0.482,0.792,0.892,-0.213,0.307,0.723,0.833,-0.104,-0.203,0.777,0.244,0.764,0.885,0.704,0.685,0.197,0.781,0.492,0.77,0.439,0.226,0.757,0.67,0.55,0.831,0.49,0.807,0.911,0.575,0.904,0.807,0.739,0.587,0.551,0.638,0.676,0.486,0.797,0.808,0.752,0.753,0.539,0.871,0.474,0.594,0.764,0.465,0.885,0.8,0.707,0.722,0.673,0.663,0.762,0.516,0.675,0.787,0.625,0.375,0.228,0.774,0.816,0.787,0.916,0.477,0.865,0.843,0.667,0.686,0.613,0.755,0.754,0.715,0.77,0.582,0.433,0.639,0.554,0.545,0.594,0.705,0.529,0.292,0.783,0.738,0.574,0.595,0.894,-0.01,0.443,0.722,0.439,0.601,0.746,0.611,0.858,0.607,0.723,0.239,0.794,0.762,0.844,0.589,0.574,0.507,0.835,0.297,0.839,0.606,0.115,0.849,0.73,0.624,0.026,0.502,0.475,0.604,0.455,0.181,0.412,0.841,0.85,0.87,0.432,0.735,0.786,0.005,0.782,0.696,0.8
AMED,0.589,0.61,0.367,0.585,0.531,0.492,0.681,0.0,0.34,0.424,0.232,-0.17,0.337,0.213,0.598,0.398,0.242,0.583,0.342,0.684,-0.033,0.11,0.378,0.115,0.547,0.352,0.213,0.625,0.145,0.582,0.209,0.34,0.197,0.365,-0.173,0.454,0.476,0.369,0.011,0.421,0.494,0.513,0.33,0.478,0.751,0.597,0.318,0.535,0.003,0.545,-0.027,-0.283,-0.049,0.294,-0.266,0.227,-0.159,-0.298,0.195,0.487,0.076,0.697,0.299,0.561,0.536,-0.41,0.045,-0.004,0.181,0.618,0.657,0.504,0.524,0.157,-0.168,0.417,0.448,-0.22,-0.183,0.232,0.612,0.336,0.666,0.405,0.268,0.239,0.368,0.015,0.299,0.19,-0.089,0.371,0.255,0.248,0.363,0.056,0.444,0.764,0.268,0.569,0.521,0.449,0.143,-0.002,0.56,0.676,-0.008,0.418,0.413,0.339,0.365,0.246,0.4,0.123,0.223,0.304,0.715,0.601,0.543,0.247,0.815,0.466,0.285,0.305,0.029,0.295,0.372,0.216,-0.051,0.122,0.527,0.385,0.407,0.589,-0.053,0.577,0.387,0.33,0.19,0.459,0.689,0.367,0.395,0.492,0.651,-0.082,0.182,0.147,0.033,0.207,0.245,0.125,-0.018,0.371,0.297,0.118,0.515,0.463,-0.264,-0.107,0.258,0.091,0.207,0.297,0.244,0.592,0.215,0.325,0.052,0.497,0.492,0.497,0.097,0.143,0.066,0.632,0.026,0.397,0.23,-0.282,0.438,0.434,0.194,0.381,0.102,0.086,0.268,0.078,-0.192,0.039,0.581,0.443,0.518,-0.128,0.694,0.417,-0.272,0.427,0.157,0.553
AMRN,0.771,0.847,0.68,0.384,0.3,0.823,0.72,0.34,0.0,0.966,0.912,0.592,0.942,0.554,0.647,0.881,0.765,0.922,0.54,0.63,0.721,0.84,-0.012,0.888,0.395,0.937,0.914,0.775,0.926,0.765,0.888,0.904,0.895,0.612,0.629,0.38,0.5,0.858,0.654,0.813,0.791,0.846,0.235,0.889,0.257,0.51,0.933,0.879,0.724,0.889,-0.558,0.561,0.86,0.899,-0.129,0.774,0.432,0.399,0.595,0.57,0.544,0.713,0.832,0.941,0.92,0.161,0.757,0.843,0.592,0.78,0.019,0.762,0.854,-0.638,0.645,0.884,0.829,0.051,-0.25,0.831,0.039,0.949,0.638,0.806,0.75,-0.174,0.891,0.608,0.79,0.649,0.393,0.938,0.898,0.811,0.884,0.825,0.913,0.571,0.573,0.862,0.725,0.556,0.866,0.862,0.139,0.604,0.841,0.878,0.888,0.877,0.854,0.587,0.85,0.518,0.682,0.822,0.111,0.863,0.826,0.944,0.577,0.558,0.938,0.813,0.662,0.884,0.904,0.739,0.788,0.088,0.797,0.798,0.82,0.838,0.773,0.794,0.924,0.726,0.908,0.541,0.748,0.889,0.626,0.597,0.506,0.8,0.503,0.801,0.88,0.905,0.732,0.751,0.285,0.846,0.957,0.918,0.481,0.757,0.022,0.75,0.874,0.782,0.833,0.936,0.658,0.851,0.708,0.869,0.196,0.839,0.7,0.79,0.891,0.656,0.653,0.869,0.644,0.826,0.684,0.629,0.952,0.472,0.872,-0.516,0.609,0.805,0.725,0.843,0.325,0.739,0.652,0.912,0.861,0.628,0.208,0.689,-0.138,0.904,0.758,0.843
ANGI,0.777,0.89,0.727,0.381,0.418,0.823,0.755,0.424,0.966,0.0,0.908,0.573,0.946,0.613,0.724,0.871,0.811,0.93,0.617,0.702,0.723,0.824,0.017,0.825,0.449,0.936,0.85,0.828,0.856,0.826,0.892,0.935,0.908,0.636,0.549,0.411,0.596,0.879,0.688,0.821,0.834,0.826,0.277,0.932,0.348,0.572,0.901,0.851,0.711,0.886,-0.537,0.544,0.813,0.896,-0.158,0.745,0.465,0.406,0.647,0.647,0.477,0.753,0.865,0.962,0.918,0.169,0.77,0.809,0.645,0.815,0.058,0.771,0.906,-0.527,0.634,0.889,0.834,0.079,-0.169,0.844,0.072,0.937,0.68,0.767,0.804,-0.062,0.927,0.637,0.845,0.698,0.454,0.946,0.919,0.816,0.889,0.774,0.906,0.652,0.599,0.878,0.711,0.627,0.876,0.817,0.192,0.616,0.775,0.871,0.893,0.898,0.824,0.669,0.849,0.57,0.739,0.836,0.185,0.897,0.817,0.93,0.628,0.6,0.931,0.85,0.674,0.929,0.887,0.801,0.723,0.199,0.797,0.841,0.851,0.881,0.766,0.786,0.942,0.796,0.903,0.519,0.777,0.923,0.683,0.659,0.509,0.782,0.564,0.816,0.823,0.871,0.776,0.676,0.376,0.901,0.949,0.885,0.596,0.775,0.027,0.726,0.857,0.801,0.786,0.907,0.639,0.9,0.768,0.914,0.265,0.844,0.732,0.847,0.822,0.716,0.712,0.895,0.601,0.839,0.737,0.561,0.96,0.531,0.819,-0.463,0.668,0.689,0.778,0.769,0.353,0.693,0.702,0.908,0.867,0.64,0.314,0.754,-0.112,0.882,0.76,0.849
APA,0.728,0.794,0.784,0.279,0.229,0.836,0.725,0.232,0.912,0.908,0.0,0.517,0.94,0.629,0.63,0.843,0.823,0.844,0.578,0.603,0.789,0.768,-0.014,0.862,0.401,0.915,0.904,0.756,0.894,0.793,0.85,0.911,0.922,0.614,0.699,0.38,0.546,0.766,0.744,0.68,0.671,0.779,0.316,0.902,0.218,0.422,0.9,0.781,0.656,0.849,-0.604,0.673,0.857,0.927,-0.066,0.838,0.463,0.465,0.693,0.587,0.476,0.604,0.841,0.849,0.863,0.281,0.831,0.896,0.635,0.757,-0.065,0.777,0.859,-0.65,0.669,0.832,0.875,0.085,-0.146,0.916,-0.101,0.941,0.636,0.75,0.798,-0.091,0.889,0.699,0.855,0.653,0.454,0.903,0.878,0.782,0.896,0.817,0.899,0.579,0.567,0.817,0.72,0.598,0.907,0.867,0.159,0.516,0.852,0.829,0.844,0.898,0.862,0.615,0.906,0.555,0.721,0.847,0.016,0.813,0.791,0.93,0.48,0.562,0.93,0.846,0.712,0.86,0.917,0.798,0.792,0.132,0.773,0.836,0.846,0.846,0.906,0.739,0.943,0.758,0.956,0.488,0.663,0.88,0.622,0.636,0.358,0.868,0.608,0.788,0.888,0.893,0.774,0.742,0.353,0.865,0.962,0.922,0.411,0.815,0.141,0.831,0.895,0.791,0.803,0.951,0.715,0.824,0.797,0.885,0.246,0.808,0.74,0.803,0.822,0.719,0.721,0.794,0.618,0.854,0.698,0.679,0.921,0.518,0.853,-0.531,0.664,0.703,0.752,0.78,0.407,0.747,0.638,0.912,0.861,0.743,0.235,0.712,0.001,0.866,0.847,0.81
APOG,0.207,0.352,0.191,-0.299,0.197,0.214,0.123,-0.17,0.592,0.573,0.517,0.0,0.514,0.48,0.347,0.326,0.622,0.342,0.493,0.156,0.701,0.802,-0.349,0.459,-0.016,0.5,0.448,0.18,0.579,0.287,0.684,0.602,0.629,0.269,0.472,-0.015,0.315,0.4,0.712,0.477,0.539,0.194,-0.056,0.473,-0.189,0.103,0.461,0.309,0.598,0.244,-0.377,0.63,0.701,0.58,-0.066,0.278,0.761,0.735,0.524,0.351,0.193,0.175,0.63,0.435,0.423,0.623,0.665,0.61,0.594,0.173,-0.397,0.123,0.391,-0.383,0.811,0.405,0.244,0.443,0.123,0.488,-0.328,0.495,0.143,0.204,0.61,-0.209,0.607,0.628,0.553,0.558,0.622,0.61,0.651,0.668,0.466,0.438,0.421,-0.001,0.546,0.331,0.013,0.228,0.66,0.667,-0.221,-0.122,0.613,0.362,0.423,0.565,0.274,0.589,0.332,0.626,0.64,0.564,-0.409,0.38,0.157,0.551,-0.049,0.299,0.543,0.581,0.676,0.68,0.354,0.677,0.513,0.335,0.133,0.452,0.41,0.299,0.674,0.199,0.463,0.632,0.559,-0.117,0.13,0.632,0.466,0.358,0.011,0.634,0.334,0.748,0.538,0.567,0.573,0.284,0.544,0.553,0.564,0.638,0.475,0.142,0.405,0.765,0.57,0.693,0.329,0.467,0.081,0.349,0.54,0.603,0.438,0.226,0.139,0.467,0.634,0.627,0.667,0.255,0.344,0.356,0.648,0.709,0.498,0.172,0.377,-0.545,0.683,0.434,0.627,0.446,0.657,0.356,0.278,0.336,0.221,0.682,-0.235,0.466,0.281,0.307,0.526,0.207
APPS,0.764,0.836,0.786,0.451,0.274,0.874,0.75,0.337,0.942,0.946,0.94,0.514,0.0,0.531,0.609,0.937,0.754,0.923,0.547,0.686,0.699,0.768,0.101,0.904,0.429,0.965,0.91,0.826,0.868,0.792,0.863,0.901,0.924,0.599,0.648,0.412,0.518,0.868,0.615,0.783,0.722,0.881,0.313,0.9,0.32,0.521,0.936,0.864,0.691,0.921,-0.476,0.588,0.819,0.903,-0.05,0.821,0.358,0.346,0.601,0.565,0.604,0.701,0.863,0.923,0.896,0.104,0.753,0.844,0.578,0.816,0.034,0.815,0.871,-0.643,0.583,0.881,0.877,-0.006,-0.258,0.848,0.093,0.942,0.626,0.86,0.793,-0.155,0.911,0.599,0.816,0.714,0.349,0.908,0.889,0.806,0.879,0.88,0.936,0.604,0.516,0.86,0.803,0.607,0.894,0.866,0.146,0.65,0.848,0.919,0.933,0.859,0.906,0.563,0.911,0.484,0.655,0.792,0.175,0.837,0.879,0.952,0.618,0.509,0.959,0.81,0.617,0.866,0.961,0.727,0.81,0.044,0.865,0.808,0.86,0.886,0.783,0.793,0.956,0.72,0.94,0.627,0.777,0.895,0.615,0.579,0.451,0.837,0.571,0.81,0.896,0.873,0.727,0.801,0.288,0.908,0.965,0.903,0.458,0.824,-0.008,0.732,0.836,0.794,0.865,0.942,0.777,0.895,0.714,0.877,0.15,0.882,0.766,0.775,0.787,0.656,0.667,0.878,0.709,0.855,0.645,0.613,0.951,0.508,0.901,-0.504,0.576,0.776,0.669,0.839,0.272,0.807,0.65,0.956,0.915,0.628,0.276,0.665,-0.146,0.937,0.759,0.899
ARCB,0.59,0.674,0.683,-0.116,0.548,0.538,0.639,0.213,0.554,0.613,0.629,0.48,0.531,0.0,0.807,0.357,0.859,0.474,0.713,0.637,0.838,0.531,-0.179,0.329,0.5,0.471,0.399,0.459,0.489,0.797,0.584,0.684,0.677,0.788,0.505,0.58,0.83,0.386,0.886,0.296,0.668,0.293,0.427,0.784,0.47,0.332,0.495,0.315,0.278,0.409,-0.746,0.707,0.537,0.774,0.027,0.566,0.785,0.745,0.941,0.891,-0.196,0.373,0.603,0.505,0.616,0.646,0.803,0.601,0.927,0.598,0.131,0.339,0.755,-0.005,0.769,0.451,0.522,0.541,0.251,0.769,-0.428,0.619,0.686,0.199,0.779,0.28,0.732,0.873,0.863,0.409,0.784,0.664,0.683,0.584,0.743,0.237,0.513,0.605,0.888,0.62,0.25,0.727,0.57,0.519,0.49,0.007,0.47,0.464,0.522,0.756,0.369,0.881,0.621,0.92,0.904,0.854,-0.075,0.699,0.285,0.6,0.155,0.693,0.443,0.889,0.911,0.709,0.446,0.897,0.254,0.758,0.247,0.826,0.691,0.646,0.654,0.574,0.654,0.86,0.618,-0.042,0.192,0.783,0.871,0.882,0.141,0.531,0.842,0.711,0.439,0.505,0.913,0.177,0.8,0.715,0.593,0.568,0.726,0.602,0.594,0.724,0.742,0.575,0.305,0.557,0.187,0.546,0.746,0.743,0.728,0.348,0.375,0.862,0.626,0.917,0.875,0.425,0.015,0.691,0.934,0.276,0.655,0.708,0.299,-0.166,0.908,0.205,0.885,0.211,0.789,0.137,0.742,0.523,0.446,0.832,0.468,0.927,0.595,0.371,0.846,0.323
ARCC,0.755,0.878,0.73,0.178,0.728,0.662,0.806,0.598,0.647,0.724,0.63,0.347,0.609,0.807,0.0,0.488,0.762,0.66,0.688,0.853,0.646,0.463,-0.058,0.331,0.758,0.542,0.459,0.648,0.488,0.891,0.602,0.755,0.602,0.74,0.332,0.554,0.928,0.498,0.697,0.488,0.773,0.509,0.372,0.845,0.653,0.505,0.55,0.541,0.171,0.614,-0.656,0.365,0.394,0.731,-0.231,0.599,0.525,0.395,0.795,0.864,-0.107,0.648,0.559,0.701,0.769,0.225,0.59,0.429,0.78,0.81,0.352,0.608,0.866,0.003,0.519,0.594,0.598,0.257,0.025,0.721,0.006,0.653,0.884,0.4,0.659,0.38,0.751,0.587,0.838,0.425,0.562,0.699,0.618,0.541,0.802,0.266,0.606,0.823,0.798,0.798,0.426,0.747,0.56,0.436,0.705,0.366,0.327,0.612,0.577,0.722,0.466,0.753,0.647,0.757,0.782,0.742,0.258,0.873,0.51,0.589,0.513,0.87,0.51,0.849,0.694,0.733,0.54,0.797,0.194,0.656,0.479,0.745,0.785,0.764,0.508,0.71,0.737,0.87,0.555,0.233,0.579,0.78,0.772,0.9,0.456,0.344,0.648,0.587,0.356,0.463,0.787,0.182,0.645,0.77,0.639,0.485,0.85,0.643,0.164,0.5,0.718,0.443,0.322,0.599,0.307,0.713,0.624,0.753,0.647,0.517,0.453,0.946,0.565,0.806,0.635,0.653,-0.032,0.641,0.815,0.062,0.758,0.821,0.357,0.06,0.786,0.234,0.807,0.244,0.542,0.214,0.857,0.66,0.648,0.594,0.74,0.891,0.287,0.557,0.738,0.563
ARVN,0.751,0.799,0.76,0.673,0.237,0.894,0.729,0.398,0.881,0.871,0.843,0.326,0.937,0.357,0.488,0.0,0.555,0.92,0.373,0.664,0.506,0.627,0.283,0.918,0.418,0.932,0.89,0.813,0.822,0.733,0.767,0.764,0.812,0.582,0.637,0.48,0.405,0.909,0.409,0.726,0.634,0.963,0.325,0.812,0.376,0.578,0.916,0.903,0.692,0.954,-0.346,0.442,0.726,0.796,0.065,0.797,0.13,0.148,0.41,0.47,0.726,0.736,0.756,0.89,0.84,-0.118,0.616,0.752,0.401,0.819,0.175,0.825,0.807,-0.611,0.395,0.871,0.897,-0.187,-0.402,0.741,0.259,0.898,0.569,0.954,0.67,-0.206,0.829,0.42,0.684,0.622,0.107,0.82,0.799,0.73,0.809,0.9,0.932,0.588,0.335,0.853,0.905,0.57,0.778,0.791,0.132,0.782,0.804,0.943,0.926,0.743,0.955,0.39,0.878,0.283,0.456,0.676,0.335,0.787,0.951,0.906,0.713,0.411,0.907,0.668,0.434,0.725,0.961,0.545,0.831,-0.132,0.945,0.711,0.797,0.872,0.599,0.808,0.894,0.551,0.859,0.785,0.803,0.771,0.508,0.47,0.463,0.736,0.475,0.676,0.883,0.793,0.578,0.871,0.09,0.798,0.89,0.803,0.308,0.839,-0.174,0.562,0.727,0.644,0.916,0.902,0.846,0.85,0.556,0.725,-0.076,0.94,0.823,0.637,0.728,0.474,0.495,0.889,0.797,0.838,0.467,0.492,0.896,0.431,0.934,-0.409,0.367,0.8,0.472,0.879,0.035,0.836,0.547,0.949,0.933,0.427,0.289,0.518,-0.319,0.97,0.626,0.949
ATEC,0.71,0.734,0.669,-0.027,0.442,0.626,0.671,0.242,0.765,0.811,0.823,0.622,0.754,0.859,0.762,0.555,0.0,0.666,0.795,0.62,0.879,0.767,-0.214,0.571,0.405,0.706,0.636,0.647,0.694,0.795,0.775,0.871,0.886,0.65,0.501,0.379,0.703,0.572,0.893,0.539,0.764,0.481,0.358,0.88,0.297,0.382,0.713,0.543,0.534,0.595,-0.694,0.727,0.77,0.886,-0.122,0.664,0.745,0.698,0.903,0.754,0.068,0.519,0.804,0.729,0.766,0.596,0.899,0.782,0.863,0.648,-0.051,0.513,0.805,-0.333,0.807,0.663,0.672,0.405,0.21,0.854,-0.339,0.795,0.698,0.396,0.866,0.12,0.845,0.892,0.904,0.621,0.761,0.848,0.858,0.724,0.829,0.489,0.689,0.613,0.805,0.706,0.405,0.659,0.781,0.691,0.261,0.21,0.68,0.611,0.67,0.925,0.578,0.836,0.742,0.849,0.929,0.923,-0.122,0.761,0.485,0.782,0.282,0.585,0.717,0.916,0.888,0.884,0.659,0.946,0.498,0.506,0.438,0.898,0.733,0.741,0.846,0.621,0.797,0.857,0.824,0.07,0.432,0.901,0.832,0.8,0.327,0.762,0.738,0.822,0.653,0.755,0.919,0.394,0.644,0.832,0.804,0.807,0.679,0.683,0.489,0.839,0.845,0.834,0.517,0.763,0.389,0.739,0.863,0.922,0.59,0.542,0.52,0.881,0.768,0.873,0.912,0.637,0.299,0.784,0.889,0.568,0.815,0.569,0.529,-0.404,0.868,0.434,0.946,0.482,0.694,0.417,0.756,0.694,0.612,0.873,0.285,0.89,0.348,0.572,0.892,0.51
ATXS,0.826,0.889,0.719,0.617,0.33,0.899,0.835,0.583,0.922,0.93,0.844,0.342,0.923,0.474,0.66,0.92,0.666,0.0,0.516,0.751,0.522,0.683,0.208,0.836,0.476,0.939,0.866,0.907,0.827,0.83,0.79,0.838,0.817,0.622,0.475,0.481,0.5,0.881,0.469,0.82,0.774,0.93,0.368,0.883,0.461,0.645,0.908,0.945,0.636,0.967,-0.419,0.377,0.697,0.843,-0.121,0.743,0.189,0.148,0.51,0.6,0.579,0.855,0.796,0.972,0.94,-0.077,0.627,0.73,0.483,0.864,0.237,0.832,0.865,-0.524,0.396,0.88,0.886,-0.14,-0.322,0.749,0.283,0.916,0.715,0.87,0.7,-0.111,0.856,0.465,0.729,0.617,0.198,0.892,0.837,0.73,0.833,0.762,0.942,0.738,0.462,0.905,0.877,0.601,0.759,0.725,0.271,0.807,0.731,0.899,0.921,0.825,0.894,0.497,0.879,0.389,0.573,0.757,0.407,0.896,0.937,0.887,0.8,0.526,0.908,0.731,0.479,0.808,0.923,0.625,0.685,-0.014,0.907,0.792,0.802,0.914,0.612,0.878,0.914,0.633,0.835,0.711,0.881,0.835,0.615,0.597,0.659,0.663,0.495,0.673,0.784,0.847,0.659,0.759,0.12,0.819,0.909,0.822,0.462,0.832,-0.114,0.555,0.788,0.689,0.835,0.899,0.698,0.923,0.661,0.811,0.043,0.933,0.836,0.766,0.744,0.525,0.528,0.97,0.628,0.852,0.571,0.425,0.932,0.493,0.851,-0.311,0.449,0.721,0.619,0.766,0.088,0.681,0.713,0.94,0.927,0.423,0.393,0.667,-0.293,0.938,0.647,0.933
AVAV,0.621,0.585,0.482,-0.037,0.505,0.5,0.549,0.342,0.54,0.617,0.578,0.493,0.547,0.713,0.688,0.373,0.795,0.516,0.0,0.608,0.692,0.539,0.033,0.328,0.4,0.51,0.4,0.584,0.432,0.709,0.632,0.727,0.654,0.499,0.228,0.317,0.618,0.396,0.663,0.496,0.728,0.336,0.343,0.733,0.414,0.279,0.537,0.426,0.353,0.429,-0.366,0.498,0.528,0.68,-0.098,0.447,0.617,0.543,0.756,0.715,-0.01,0.575,0.607,0.564,0.618,0.498,0.698,0.529,0.801,0.546,0.117,0.351,0.652,-0.063,0.6,0.518,0.532,0.509,0.314,0.584,-0.165,0.551,0.602,0.254,0.786,0.233,0.66,0.721,0.699,0.505,0.697,0.652,0.682,0.697,0.643,0.299,0.512,0.636,0.737,0.521,0.269,0.695,0.599,0.375,0.307,0.173,0.419,0.491,0.512,0.748,0.359,0.836,0.553,0.752,0.86,0.746,-0.044,0.622,0.348,0.525,0.258,0.49,0.534,0.751,0.737,0.686,0.45,0.808,0.287,0.552,0.319,0.741,0.601,0.609,0.601,0.522,0.596,0.756,0.598,0.017,0.411,0.763,0.78,0.758,0.395,0.5,0.649,0.727,0.379,0.532,0.79,0.155,0.596,0.702,0.594,0.571,0.743,0.475,0.498,0.616,0.628,0.64,0.335,0.533,0.174,0.636,0.729,0.756,0.619,0.388,0.387,0.723,0.501,0.735,0.738,0.527,0.132,0.634,0.767,0.343,0.588,0.586,0.338,-0.198,0.741,0.202,0.816,0.217,0.614,0.144,0.786,0.489,0.434,0.677,0.36,0.733,0.416,0.381,0.709,0.374
AXON,0.819,0.886,0.817,0.523,0.615,0.801,0.904,0.684,0.63,0.702,0.603,0.156,0.686,0.637,0.853,0.664,0.62,0.751,0.608,0.0,0.45,0.339,0.282,0.439,0.843,0.619,0.504,0.776,0.445,0.912,0.568,0.677,0.597,0.763,0.334,0.658,0.804,0.624,0.448,0.521,0.755,0.705,0.538,0.823,0.815,0.604,0.607,0.678,0.2,0.746,-0.443,0.314,0.332,0.71,-0.037,0.667,0.217,0.12,0.635,0.775,0.164,0.755,0.565,0.744,0.775,-0.062,0.489,0.391,0.617,0.907,0.504,0.692,0.877,-0.02,0.278,0.661,0.714,0.007,-0.118,0.686,0.274,0.667,0.852,0.619,0.644,0.33,0.754,0.426,0.76,0.439,0.281,0.681,0.597,0.516,0.786,0.408,0.689,0.902,0.596,0.848,0.679,0.797,0.536,0.439,0.714,0.613,0.357,0.779,0.725,0.674,0.621,0.606,0.751,0.532,0.619,0.669,0.507,0.843,0.709,0.617,0.699,0.683,0.559,0.756,0.507,0.656,0.664,0.635,0.268,0.389,0.685,0.741,0.765,0.872,0.367,0.805,0.785,0.722,0.57,0.535,0.714,0.724,0.74,0.788,0.522,0.319,0.669,0.533,0.423,0.428,0.705,0.347,0.434,0.793,0.637,0.449,0.716,0.779,-0.012,0.362,0.621,0.392,0.473,0.622,0.516,0.807,0.522,0.693,0.361,0.706,0.626,0.83,0.482,0.619,0.508,0.765,0.174,0.731,0.629,-0.046,0.782,0.794,0.497,0.113,0.559,0.316,0.585,0.338,0.233,0.327,0.833,0.77,0.787,0.406,0.826,0.775,0.086,0.696,0.646,0.717
BANF,0.573,0.606,0.641,-0.169,0.384,0.545,0.475,-0.033,0.721,0.723,0.789,0.701,0.699,0.838,0.646,0.506,0.879,0.522,0.692,0.45,0.0,0.729,-0.28,0.585,0.284,0.621,0.625,0.425,0.702,0.674,0.743,0.82,0.823,0.618,0.698,0.37,0.644,0.493,0.927,0.456,0.619,0.392,0.196,0.788,0.142,0.207,0.685,0.406,0.507,0.488,-0.742,0.803,0.797,0.834,-0.031,0.652,0.863,0.848,0.847,0.686,0.061,0.312,0.684,0.579,0.659,0.685,0.893,0.805,0.879,0.552,-0.14,0.423,0.712,-0.396,0.938,0.584,0.579,0.594,0.136,0.815,-0.52,0.727,0.521,0.355,0.803,-0.01,0.764,0.905,0.845,0.532,0.842,0.729,0.787,0.757,0.793,0.552,0.597,0.381,0.835,0.599,0.271,0.59,0.781,0.723,0.159,0.014,0.711,0.566,0.584,0.808,0.506,0.813,0.656,0.858,0.897,0.841,-0.333,0.649,0.367,0.756,0.052,0.607,0.651,0.885,0.946,0.776,0.598,0.91,0.592,0.564,0.344,0.771,0.764,0.599,0.857,0.528,0.718,0.842,0.8,0.008,0.254,0.85,0.708,0.713,0.075,0.805,0.714,0.866,0.692,0.697,0.851,0.402,0.748,0.766,0.749,0.786,0.585,0.568,0.515,0.896,0.818,0.748,0.519,0.722,0.386,0.556,0.757,0.809,0.651,0.403,0.335,0.788,0.777,0.928,0.895,0.456,0.313,0.686,0.899,0.64,0.717,0.553,0.535,-0.535,0.899,0.494,0.888,0.517,0.831,0.444,0.617,0.611,0.513,0.961,0.133,0.761,0.459,0.515,0.897,0.423
BATRK,0.483,0.604,0.397,0.036,0.208,0.497,0.448,0.11,0.84,0.824,0.768,0.802,0.768,0.531,0.463,0.627,0.767,0.683,0.539,0.339,0.729,0.0,-0.157,0.713,0.08,0.799,0.688,0.543,0.772,0.53,0.822,0.788,0.839,0.359,0.467,0.13,0.333,0.663,0.713,0.695,0.727,0.524,0.135,0.706,-0.002,0.328,0.734,0.609,0.803,0.584,-0.427,0.65,0.846,0.76,-0.083,0.483,0.639,0.596,0.589,0.479,0.451,0.481,0.873,0.754,0.672,0.468,0.775,0.822,0.582,0.436,-0.264,0.409,0.625,-0.523,0.761,0.665,0.581,0.184,0.034,0.695,-0.109,0.778,0.352,0.489,0.759,-0.188,0.773,0.71,0.695,0.672,0.503,0.863,0.85,0.772,0.634,0.634,0.722,0.3,0.535,0.581,0.402,0.363,0.809,0.825,-0.167,0.278,0.776,0.58,0.719,0.791,0.595,0.636,0.624,0.55,0.687,0.759,-0.112,0.627,0.506,0.784,0.317,0.334,0.824,0.7,0.675,0.872,0.665,0.742,0.661,0.162,0.483,0.717,0.582,0.613,0.796,0.493,0.723,0.67,0.818,0.18,0.448,0.801,0.576,0.449,0.304,0.797,0.433,0.826,0.742,0.835,0.692,0.559,0.368,0.729,0.807,0.86,0.473,0.494,0.236,0.827,0.709,0.867,0.618,0.724,0.365,0.682,0.782,0.807,0.269,0.577,0.533,0.64,0.776,0.63,0.723,0.633,0.598,0.652,0.685,0.775,0.757,0.203,0.644,-0.602,0.662,0.626,0.732,0.671,0.461,0.551,0.449,0.633,0.534,0.656,-0.111,0.611,0.024,0.612,0.616,0.54
BIDU,0.177,0.111,0.178,0.611,-0.009,0.317,0.258,0.378,-0.012,0.017,-0.014,-0.349,0.101,-0.179,-0.058,0.283,-0.214,0.208,0.033,0.282,-0.28,-0.157,0.0,0.106,0.173,0.183,0.061,0.349,-0.067,0.205,0.04,-0.042,-0.026,0.152,-0.041,0.373,-0.064,0.217,-0.336,0.141,0.104,0.348,0.458,0.065,0.428,0.322,0.109,0.283,0.103,0.272,0.47,-0.116,-0.132,-0.007,0.38,0.096,-0.427,-0.41,-0.178,0.071,0.45,0.412,0.088,0.152,0.062,-0.429,-0.093,-0.041,-0.133,0.237,0.481,0.137,0.144,0.155,-0.369,0.23,0.369,-0.348,-0.111,-0.012,0.604,0.074,0.049,0.339,0.106,0.155,0.05,-0.181,-0.039,-0.033,-0.393,0.053,0.031,0.142,0.021,0.15,0.255,0.343,-0.19,0.147,0.472,0.349,-0.002,-0.052,0.098,0.497,0.009,0.263,0.259,0.025,0.255,-0.034,0.244,-0.276,-0.129,-0.012,0.56,0.095,0.382,0.034,0.446,-0.119,0.123,-0.084,-0.247,-0.097,0.206,-0.136,0.063,-0.269,0.4,0.113,0.104,0.289,-0.22,0.335,0.11,-0.082,0.055,0.502,0.328,-0.005,0.109,0.068,0.209,-0.109,0.198,0.008,0.047,-0.022,-0.039,0.221,-0.264,0.113,0.014,-0.078,-0.014,0.277,-0.238,-0.151,-0.154,-0.106,0.263,0.079,0.26,0.244,0.01,-0.061,-0.352,0.385,0.443,-0.089,-0.136,-0.197,-0.129,0.284,0.316,0.263,-0.143,-0.213,0.061,0.042,0.208,0.181,-0.231,0.022,-0.243,0.055,-0.44,0.025,0.129,0.195,0.258,-0.314,0.299,-0.084,-0.211,0.22,-0.1,0.287
BLNE,0.643,0.658,0.638,0.483,0.037,0.799,0.559,0.115,0.888,0.825,0.862,0.459,0.904,0.329,0.331,0.918,0.571,0.836,0.328,0.439,0.585,0.713,0.106,0.0,0.206,0.917,0.935,0.692,0.9,0.592,0.774,0.745,0.845,0.486,0.721,0.331,0.242,0.86,0.463,0.689,0.561,0.856,0.239,0.731,0.084,0.438,0.928,0.844,0.777,0.86,-0.419,0.58,0.862,0.804,0.058,0.778,0.222,0.288,0.402,0.352,0.735,0.586,0.753,0.814,0.777,0.063,0.691,0.866,0.377,0.662,-0.078,0.702,0.676,-0.793,0.516,0.81,0.817,-0.112,-0.357,0.726,0.02,0.893,0.417,0.869,0.635,-0.363,0.776,0.489,0.639,0.598,0.185,0.809,0.817,0.718,0.761,0.951,0.873,0.378,0.308,0.725,0.794,0.428,0.812,0.858,-0.082,0.62,0.919,0.851,0.871,0.749,0.919,0.355,0.82,0.296,0.462,0.677,0.095,0.678,0.847,0.926,0.495,0.264,0.922,0.634,0.491,0.709,0.922,0.535,0.917,-0.223,0.818,0.668,0.697,0.737,0.721,0.706,0.842,0.482,0.889,0.637,0.647,0.737,0.442,0.359,0.366,0.851,0.431,0.695,0.967,0.868,0.566,0.911,0.051,0.725,0.898,0.9,0.14,0.74,-0.034,0.68,0.743,0.727,0.938,0.917,0.786,0.737,0.578,0.712,-0.105,0.853,0.72,0.532,0.825,0.459,0.526,0.775,0.84,0.784,0.447,0.692,0.84,0.268,0.959,-0.644,0.371,0.889,0.48,0.962,0.113,0.881,0.423,0.878,0.819,0.531,0.003,0.438,-0.287,0.899,0.652,0.816
BLNK,0.652,0.725,0.708,0.384,0.566,0.6,0.75,0.547,0.395,0.449,0.401,-0.016,0.429,0.5,0.758,0.418,0.405,0.476,0.4,0.843,0.284,0.08,0.173,0.206,0.0,0.325,0.292,0.528,0.23,0.706,0.337,0.435,0.311,0.624,0.225,0.504,0.746,0.385,0.301,0.259,0.551,0.494,0.46,0.584,0.747,0.499,0.337,0.429,-0.102,0.511,-0.402,0.203,0.066,0.459,-0.042,0.564,0.102,-0.003,0.483,0.591,-0.015,0.519,0.263,0.479,0.529,-0.116,0.24,0.14,0.446,0.755,0.494,0.574,0.696,0.137,0.113,0.45,0.476,-0.046,-0.101,0.572,0.239,0.419,0.746,0.43,0.364,0.42,0.505,0.205,0.582,0.251,0.164,0.429,0.283,0.208,0.609,0.198,0.409,0.763,0.455,0.657,0.474,0.654,0.294,0.255,0.788,0.458,0.076,0.574,0.449,0.401,0.4,0.421,0.508,0.385,0.411,0.41,0.448,0.658,0.483,0.352,0.483,0.654,0.286,0.584,0.363,0.417,0.423,0.417,0.048,0.409,0.483,0.473,0.584,0.628,0.202,0.577,0.584,0.565,0.301,0.414,0.532,0.459,0.507,0.653,0.409,0.052,0.477,0.258,0.18,0.133,0.521,0.108,0.419,0.583,0.397,0.164,0.581,0.582,-0.142,0.17,0.422,0.083,0.204,0.381,0.378,0.556,0.263,0.443,0.362,0.471,0.367,0.676,0.293,0.474,0.261,0.494,-0.108,0.458,0.426,-0.278,0.565,0.749,0.265,0.279,0.434,0.116,0.389,0.125,0.189,0.203,0.639,0.553,0.596,0.262,0.85,0.611,0.19,0.484,0.476,0.505
BTAI,0.713,0.803,0.701,0.493,0.182,0.851,0.722,0.352,0.937,0.936,0.915,0.5,0.965,0.471,0.542,0.932,0.706,0.939,0.51,0.619,0.621,0.799,0.183,0.917,0.325,0.0,0.905,0.849,0.878,0.759,0.867,0.867,0.907,0.572,0.598,0.398,0.416,0.89,0.571,0.811,0.735,0.878,0.352,0.861,0.266,0.522,0.922,0.903,0.787,0.918,-0.413,0.563,0.832,0.875,-0.023,0.769,0.299,0.293,0.547,0.532,0.682,0.745,0.895,0.936,0.873,0.09,0.746,0.862,0.507,0.754,0.002,0.753,0.826,-0.642,0.53,0.88,0.888,-0.106,-0.242,0.797,0.154,0.948,0.57,0.85,0.767,-0.171,0.893,0.562,0.766,0.697,0.272,0.93,0.906,0.793,0.823,0.865,0.964,0.582,0.426,0.825,0.831,0.571,0.873,0.87,0.054,0.695,0.868,0.88,0.939,0.866,0.913,0.533,0.902,0.408,0.608,0.786,0.223,0.815,0.891,0.945,0.664,0.42,0.978,0.745,0.549,0.862,0.948,0.685,0.81,-0.055,0.866,0.811,0.78,0.873,0.759,0.792,0.932,0.657,0.929,0.64,0.777,0.857,0.597,0.526,0.486,0.821,0.538,0.774,0.899,0.906,0.689,0.834,0.172,0.855,0.953,0.91,0.388,0.8,-0.009,0.725,0.798,0.81,0.879,0.935,0.717,0.894,0.749,0.855,0.036,0.915,0.847,0.712,0.79,0.572,0.634,0.905,0.766,0.862,0.597,0.637,0.928,0.396,0.912,-0.514,0.518,0.764,0.628,0.849,0.179,0.776,0.601,0.933,0.884,0.551,0.195,0.63,-0.23,0.925,0.693,0.883
BYND,0.719,0.705,0.681,0.446,0.082,0.86,0.65,0.213,0.914,0.85,0.904,0.448,0.91,0.399,0.459,0.89,0.636,0.866,0.4,0.504,0.625,0.688,0.061,0.935,0.292,0.905,0.0,0.725,0.957,0.664,0.812,0.813,0.823,0.561,0.713,0.35,0.337,0.792,0.529,0.719,0.563,0.866,0.237,0.794,0.156,0.46,0.943,0.863,0.662,0.892,-0.493,0.52,0.851,0.841,-0.035,0.819,0.241,0.28,0.456,0.4,0.641,0.629,0.705,0.84,0.86,0.052,0.689,0.853,0.438,0.726,0.012,0.808,0.747,-0.798,0.521,0.861,0.863,-0.029,-0.378,0.773,0.001,0.91,0.551,0.87,0.636,-0.303,0.781,0.5,0.665,0.548,0.248,0.82,0.799,0.757,0.839,0.9,0.895,0.47,0.427,0.798,0.795,0.487,0.816,0.823,0.065,0.621,0.878,0.867,0.833,0.79,0.912,0.366,0.855,0.364,0.522,0.724,0.023,0.745,0.87,0.907,0.49,0.455,0.912,0.684,0.532,0.71,0.934,0.581,0.885,-0.14,0.837,0.697,0.781,0.762,0.759,0.777,0.857,0.538,0.889,0.655,0.72,0.77,0.461,0.475,0.437,0.823,0.43,0.692,0.92,0.906,0.591,0.885,0.109,0.743,0.921,0.906,0.227,0.756,-0.008,0.694,0.849,0.681,0.917,0.955,0.773,0.752,0.587,0.745,0.018,0.839,0.694,0.629,0.842,0.506,0.516,0.797,0.715,0.799,0.513,0.687,0.867,0.403,0.943,-0.562,0.419,0.886,0.56,0.898,0.198,0.848,0.557,0.904,0.877,0.556,0.126,0.504,-0.215,0.919,0.729,0.844
CAN,0.818,0.816,0.702,0.6,0.299,0.842,0.836,0.625,0.775,0.828,0.756,0.18,0.826,0.459,0.648,0.813,0.647,0.907,0.584,0.776,0.425,0.543,0.349,0.692,0.528,0.849,0.725,0.0,0.632,0.828,0.697,0.772,0.748,0.577,0.294,0.473,0.491,0.786,0.382,0.782,0.762,0.823,0.555,0.828,0.538,0.64,0.779,0.866,0.543,0.889,-0.325,0.347,0.559,0.747,-0.107,0.698,0.109,0.038,0.517,0.59,0.483,0.871,0.756,0.905,0.851,-0.087,0.577,0.621,0.451,0.831,0.282,0.739,0.826,-0.363,0.25,0.854,0.859,-0.174,-0.128,0.694,0.316,0.811,0.7,0.746,0.663,0.091,0.769,0.443,0.689,0.611,0.21,0.812,0.754,0.612,0.758,0.625,0.843,0.822,0.413,0.807,0.844,0.698,0.678,0.57,0.333,0.824,0.589,0.807,0.843,0.809,0.8,0.501,0.842,0.361,0.573,0.697,0.48,0.832,0.87,0.766,0.798,0.423,0.815,0.679,0.415,0.738,0.83,0.59,0.517,-0.001,0.825,0.801,0.714,0.885,0.538,0.85,0.842,0.593,0.753,0.628,0.866,0.756,0.64,0.615,0.684,0.561,0.568,0.584,0.639,0.729,0.654,0.615,0.115,0.792,0.787,0.699,0.474,0.828,-0.052,0.46,0.647,0.633,0.712,0.791,0.647,0.937,0.681,0.791,0.053,0.865,0.848,0.718,0.583,0.467,0.518,0.942,0.519,0.823,0.521,0.289,0.838,0.491,0.723,-0.21,0.423,0.519,0.58,0.6,0.035,0.572,0.745,0.865,0.863,0.356,0.489,0.65,-0.229,0.827,0.606,0.826
CCEC,0.672,0.7,0.616,0.312,0.125,0.791,0.59,0.145,0.926,0.856,0.894,0.579,0.868,0.489,0.488,0.822,0.694,0.827,0.432,0.445,0.702,0.772,-0.067,0.9,0.23,0.878,0.957,0.632,0.0,0.646,0.848,0.818,0.84,0.579,0.748,0.333,0.366,0.751,0.642,0.685,0.6,0.787,0.168,0.795,0.09,0.411,0.916,0.807,0.721,0.812,-0.551,0.586,0.905,0.858,-0.026,0.76,0.398,0.438,0.524,0.459,0.564,0.581,0.724,0.809,0.842,0.219,0.751,0.883,0.531,0.654,-0.048,0.72,0.734,-0.75,0.657,0.808,0.803,0.1,-0.325,0.783,-0.115,0.913,0.532,0.782,0.672,-0.315,0.801,0.579,0.695,0.525,0.342,0.848,0.837,0.797,0.83,0.848,0.875,0.412,0.506,0.776,0.679,0.457,0.815,0.864,0.023,0.488,0.902,0.806,0.79,0.806,0.844,0.453,0.801,0.47,0.59,0.781,-0.089,0.736,0.765,0.904,0.401,0.498,0.888,0.721,0.628,0.759,0.868,0.659,0.882,-0.021,0.739,0.712,0.756,0.718,0.806,0.722,0.834,0.597,0.882,0.519,0.618,0.797,0.515,0.51,0.389,0.841,0.429,0.735,0.919,0.932,0.645,0.823,0.193,0.719,0.922,0.923,0.278,0.682,0.109,0.779,0.901,0.734,0.863,0.934,0.637,0.686,0.632,0.763,0.119,0.769,0.637,0.659,0.906,0.58,0.593,0.729,0.668,0.785,0.604,0.745,0.855,0.377,0.891,-0.586,0.516,0.855,0.642,0.86,0.336,0.756,0.542,0.839,0.788,0.638,0.045,0.573,-0.11,0.846,0.754,0.768
CDW,0.858,0.925,0.876,0.418,0.579,0.878,0.919,0.582,0.765,0.826,0.793,0.287,0.792,0.797,0.891,0.733,0.795,0.83,0.709,0.912,0.674,0.53,0.205,0.592,0.706,0.759,0.664,0.828,0.646,0.0,0.701,0.823,0.772,0.842,0.504,0.701,0.829,0.695,0.673,0.58,0.799,0.734,0.552,0.952,0.697,0.604,0.757,0.729,0.387,0.813,-0.597,0.51,0.566,0.874,-0.024,0.771,0.42,0.363,0.802,0.881,0.19,0.77,0.719,0.824,0.868,0.176,0.733,0.644,0.77,0.916,0.362,0.722,0.957,-0.176,0.511,0.747,0.849,0.14,-0.048,0.837,0.055,0.833,0.881,0.641,0.806,0.26,0.873,0.661,0.902,0.516,0.461,0.829,0.779,0.689,0.903,0.518,0.819,0.901,0.723,0.898,0.712,0.86,0.694,0.597,0.592,0.565,0.569,0.804,0.802,0.859,0.725,0.755,0.873,0.692,0.792,0.868,0.345,0.929,0.749,0.779,0.64,0.736,0.71,0.895,0.708,0.785,0.774,0.817,0.442,0.437,0.714,0.904,0.876,0.943,0.614,0.88,0.888,0.833,0.765,0.474,0.684,0.871,0.852,0.899,0.495,0.549,0.803,0.701,0.606,0.648,0.86,0.484,0.509,0.876,0.798,0.671,0.705,0.868,0.181,0.613,0.8,0.588,0.612,0.792,0.548,0.86,0.742,0.835,0.428,0.767,0.727,0.928,0.673,0.783,0.715,0.82,0.293,0.882,0.797,0.215,0.883,0.784,0.621,-0.111,0.722,0.433,0.78,0.472,0.406,0.419,0.884,0.855,0.832,0.627,0.694,0.89,0.172,0.757,0.83,0.755
CDXS,0.687,0.763,0.626,0.229,0.254,0.731,0.618,0.209,0.888,0.892,0.85,0.684,0.863,0.584,0.602,0.767,0.775,0.79,0.632,0.568,0.743,0.822,0.04,0.774,0.337,0.867,0.812,0.697,0.848,0.701,0.0,0.889,0.868,0.596,0.628,0.335,0.486,0.76,0.716,0.774,0.773,0.713,0.241,0.829,0.239,0.386,0.84,0.749,0.747,0.744,-0.464,0.661,0.844,0.852,0.029,0.696,0.533,0.513,0.622,0.572,0.518,0.647,0.804,0.838,0.826,0.311,0.777,0.816,0.686,0.677,0.014,0.647,0.807,-0.54,0.728,0.842,0.764,0.214,-0.116,0.808,-0.04,0.857,0.539,0.692,0.789,-0.12,0.866,0.66,0.77,0.643,0.511,0.888,0.902,0.836,0.833,0.771,0.84,0.485,0.619,0.776,0.585,0.606,0.851,0.854,0.095,0.435,0.815,0.816,0.819,0.847,0.736,0.653,0.787,0.584,0.724,0.805,-0.056,0.758,0.684,0.874,0.422,0.537,0.88,0.806,0.709,0.862,0.807,0.782,0.773,0.197,0.668,0.781,0.774,0.742,0.797,0.686,0.853,0.766,0.865,0.428,0.639,0.883,0.651,0.601,0.368,0.81,0.531,0.862,0.821,0.848,0.757,0.659,0.417,0.859,0.886,0.861,0.572,0.654,0.169,0.821,0.858,0.778,0.733,0.85,0.544,0.775,0.72,0.852,0.342,0.71,0.633,0.748,0.817,0.714,0.72,0.742,0.591,0.784,0.743,0.679,0.863,0.49,0.795,-0.526,0.689,0.693,0.743,0.722,0.495,0.629,0.662,0.794,0.749,0.695,0.16,0.682,0.062,0.786,0.754,0.716
CELH,0.78,0.825,0.731,0.221,0.418,0.776,0.723,0.34,0.904,0.935,0.911,0.602,0.901,0.684,0.755,0.764,0.871,0.838,0.727,0.677,0.82,0.788,-0.042,0.745,0.435,0.867,0.813,0.772,0.818,0.823,0.889,0.0,0.903,0.637,0.563,0.377,0.644,0.751,0.771,0.759,0.786,0.716,0.26,0.928,0.307,0.466,0.864,0.76,0.609,0.799,-0.608,0.605,0.819,0.908,-0.166,0.748,0.57,0.505,0.737,0.66,0.345,0.693,0.815,0.876,0.893,0.295,0.805,0.812,0.742,0.788,0.023,0.73,0.876,-0.535,0.71,0.842,0.804,0.247,-0.063,0.852,-0.086,0.882,0.705,0.665,0.817,-0.006,0.887,0.717,0.862,0.637,0.616,0.894,0.893,0.83,0.902,0.721,0.836,0.64,0.705,0.827,0.605,0.658,0.898,0.778,0.245,0.468,0.748,0.812,0.803,0.916,0.745,0.706,0.84,0.675,0.83,0.862,0.001,0.854,0.72,0.882,0.486,0.662,0.88,0.884,0.756,0.902,0.835,0.864,0.684,0.305,0.687,0.848,0.878,0.827,0.834,0.747,0.906,0.845,0.903,0.386,0.7,0.936,0.698,0.718,0.473,0.802,0.605,0.846,0.774,0.845,0.81,0.59,0.489,0.903,0.915,0.868,0.651,0.743,0.195,0.782,0.882,0.796,0.707,0.893,0.596,0.838,0.792,0.938,0.43,0.73,0.632,0.871,0.801,0.803,0.762,0.815,0.486,0.808,0.801,0.602,0.907,0.618,0.752,-0.467,0.761,0.629,0.846,0.683,0.523,0.62,0.786,0.85,0.81,0.763,0.321,0.779,0.053,0.802,0.845,0.756
