,ABEO,ACHC,AGNCN,AKAM,AKRO,ALRM,AMAT,AMED,AMRN,ANGI,APA,APOG,APPS,ARCB,ARCC,ARVN,ATEC,ATXS,AVAV,AXON,BANF,BATRK,BIDU,BLNE,BLNK,BTAI,BYND,CAN,CCEC,CDW,CDXS,CELH,CGNX,CHKP,CHRS,CHRW,CIGI,CKPT,CMPR,COGT,CRNC,CRSP,CSTL,CTSH,CVGW,DGLY,DNLI,DOCU,DVAX,EBAY,EHTH,ERII,ESLT,EXPE,EXPO,FBIOP,FFBC,FFIN,FOXF,FWRD,GDS,GERN,GPRE,GRWG,GRYP,HEES,HELE,HIVE,HON,HRTX,HSTM,HURA,IART,IBKR,IBOC,IBRX,IDXX,INGN,INM,INVA,IQ,IRBT,KDP,KPTI,KTOS,KXIN,LAMR,LFUS,LGIH,LGMK,LKFN,LNW,LOPE,LPSN,LYFT,MGNX,MLCO,MNST,MODV,MSTR,MTCH,MYGN,MYRG,NCMI,NEXT,NFLX,NIU,NKTR,NRC,NTNX,NTRA,NVEE,NVMI,NWL,NWS,NXPI,OCGN,OCSL,OKTA,OLLI,OTLK,OXLC,PAA,PARA,PARAA,PDCO,PDFS,PFG,PGEN,PNFP,PODD,POWI,PSMT,PTC,PTEN,PVLA,RDNT,RDUS,RDWR,REGN,RNAC,ROCK,ROST,RRR,RSLS,RVMD,RYAAY,SAFT,SAGE,SAVA,SBGI,SFM,SFNC,SHYF,SIBN,SIFY,SIGI,SIMO,SITM,SLM,SNBR,SNDX,SNY,SPNS,SRRK,STRA,SUPN,SYRE,TCBK,TEAM,TECH,THRM,TLRY,TRMK,TROW,TSLA,TWST,TXN,UFPI,UNIT,UPWK,USLM,UTHR,VERB,VLY,VRNA,VRRM,VXRT,WAFD,WATT,WBA,WING,WIX,WTFC,WTW,XPEL,XRX,YMAB,ZG,ZLAB
ABEO,0.0,0.706,0.773,0.576,0.808,0.709,0.802,0.682,-0.439,0.437,0.751,0.231,0.687,0.09,0.535,0.802,0.704,0.821,0.468,0.715,0.554,0.449,0.694,-0.523,0.566,0.603,0.768,0.733,0.583,0.754,0.615,0.599,0.381,0.699,0.609,0.76,0.661,0.086,-0.09,-0.077,0.756,0.788,0.743,0.629,0.645,0.392,0.7,0.689,0.091,0.441,0.165,0.561,0.251,0.595,0.49,0.841,0.328,0.552,-0.085,0.675,0.096,0.641,0.006,0.543,0.832,0.636,0.659,0.79,0.607,0.779,0.76,0.684,0.78,0.7,0.515,0.409,0.659,0.707,0.163,0.803,-0.064,0.811,0.83,0.658,0.673,0.848,0.339,0.773,0.531,0.567,0.628,0.604,0.733,0.645,0.783,0.649,0.046,0.549,0.746,0.788,0.759,0.773,0.662,0.09,0.523,0.777,0.068,0.763,0.814,0.647,0.818,0.668,0.864,0.515,0.079,0.739,0.501,0.417,0.863,0.831,0.678,0.623,0.721,0.731,0.723,-0.361,0.852,0.437,0.502,0.566,0.767,0.484,0.87,0.762,0.086,0.888,0.673,0.639,0.72,0.363,0.514,0.71,0.748,0.798,-0.115,0.585,0.716,0.563,0.185,0.772,0.366,0.587,0.312,0.792,0.63,0.53,0.725,0.808,0.483,0.276,0.042,0.593,0.596,0.824,0.064,0.483,0.819,0.817,0.67,0.586,0.741,0.599,0.574,0.136,0.221,0.856,0.472,0.735,0.697,-0.172,0.515,0.629,0.783,0.676,0.552,0.685,0.771,-0.36,0.001,0.027,-0.466,0.863,0.76,0.79,0.716,0.643,0.469,0.857,0.773,0.797
ACHC,0.706,0.0,0.872,0.667,0.774,0.507,0.843,0.613,-0.512,0.574,0.723,0.492,0.708,0.043,0.713,0.771,0.928,0.823,0.659,0.652,0.692,0.499,0.609,-0.211,0.757,0.747,0.696,0.642,0.923,0.847,0.544,0.619,0.505,0.886,0.545,0.75,0.857,0.111,0.005,-0.33,0.84,0.708,0.633,0.716,0.768,0.55,0.642,0.666,0.076,0.759,0.152,0.573,0.477,0.525,0.749,0.772,0.673,0.678,-0.141,0.766,0.093,0.539,-0.067,0.589,0.91,0.804,0.707,0.683,0.86,0.775,0.829,0.786,0.95,0.799,0.773,0.408,0.885,0.615,0.362,0.887,-0.151,0.668,0.73,0.542,0.806,0.714,0.616,0.793,0.416,0.563,0.708,0.504,0.864,0.674,0.711,0.637,-0.113,0.804,0.516,0.906,0.809,0.665,0.732,0.097,0.38,0.676,0.356,0.803,0.768,0.363,0.81,0.878,0.856,0.788,0.332,0.698,0.352,0.796,0.722,0.89,0.788,0.841,0.621,0.775,0.775,-0.305,0.916,0.606,0.338,0.807,0.788,0.419,0.804,0.863,-0.048,0.725,0.815,0.715,0.752,0.645,0.636,0.847,0.86,0.697,0.031,0.23,0.613,0.815,0.324,0.706,0.196,0.674,0.593,0.736,0.9,0.411,0.717,0.865,0.198,0.351,0.07,0.505,0.801,0.886,-0.034,0.67,0.751,0.857,0.901,0.551,0.855,0.756,0.704,0.322,0.539,0.779,0.451,0.654,0.857,-0.337,0.651,0.627,0.803,0.719,0.778,0.647,0.897,-0.406,0.317,-0.024,-0.319,0.883,0.659,0.852,0.844,0.838,0.632,0.863,0.673,0.818
AGNCN,0.773,0.872,0.0,0.608,0.78,0.682,0.869,0.583,-0.395,0.417,0.713,0.499,0.702,0.039,0.685,0.759,0.891,0.827,0.614,0.788,0.779,0.593,0.758,-0.338,0.802,0.715,0.761,0.598,0.756,0.857,0.555,0.506,0.392,0.801,0.745,0.699,0.843,0.205,-0.003,-0.156,0.828,0.726,0.739,0.624,0.653,0.637,0.717,0.628,0.189,0.542,0.265,0.607,0.421,0.668,0.697,0.867,0.618,0.756,-0.162,0.815,0.176,0.629,0.066,0.629,0.849,0.849,0.812,0.777,0.818,0.743,0.815,0.674,0.861,0.807,0.716,0.402,0.805,0.765,0.381,0.911,-0.042,0.794,0.847,0.694,0.823,0.833,0.574,0.887,0.553,0.605,0.576,0.618,0.855,0.779,0.835,0.769,-0.047,0.693,0.646,0.875,0.846,0.824,0.786,0.31,0.409,0.707,0.276,0.79,0.844,0.57,0.89,0.744,0.919,0.753,0.158,0.846,0.447,0.655,0.794,0.886,0.746,0.834,0.74,0.766,0.803,-0.286,0.905,0.633,0.548,0.724,0.866,0.441,0.817,0.887,0.047,0.81,0.837,0.594,0.87,0.413,0.576,0.904,0.9,0.859,-0.087,0.49,0.793,0.715,0.435,0.696,0.405,0.579,0.455,0.815,0.796,0.46,0.7,0.881,0.422,0.416,0.014,0.586,0.761,0.925,-0.031,0.552,0.803,0.814,0.774,0.693,0.844,0.698,0.774,0.158,0.346,0.801,0.599,0.698,0.813,-0.178,0.575,0.537,0.848,0.673,0.703,0.769,0.834,-0.569,0.037,-0.047,-0.537,0.9,0.788,0.949,0.774,0.782,0.661,0.846,0.826,0.743
AKAM,0.576,0.667,0.608,0.0,0.596,0.414,0.649,0.6,-0.524,0.264,0.552,0.229,0.445,0.091,0.309,0.685,0.683,0.597,0.504,0.442,0.364,0.213,0.595,-0.238,0.459,0.513,0.48,0.594,0.516,0.686,0.47,0.387,0.541,0.762,0.347,0.741,0.506,0.012,-0.165,-0.419,0.618,0.582,0.445,0.565,0.749,0.289,0.564,0.554,0.267,0.603,0.205,0.588,0.387,0.291,0.717,0.552,0.353,0.549,-0.238,0.527,0.105,0.315,-0.296,0.342,0.735,0.599,0.565,0.606,0.688,0.649,0.699,0.575,0.712,0.737,0.592,0.231,0.789,0.479,0.362,0.721,-0.222,0.45,0.566,0.355,0.736,0.537,0.305,0.669,0.136,0.432,0.705,0.208,0.683,0.518,0.481,0.483,-0.257,0.648,0.418,0.657,0.763,0.478,0.516,-0.206,0.2,0.614,0.257,0.751,0.617,0.287,0.627,0.782,0.698,0.558,0.12,0.464,0.206,0.509,0.601,0.685,0.471,0.444,0.268,0.581,0.522,-0.517,0.771,0.385,0.259,0.516,0.653,0.37,0.681,0.669,-0.267,0.606,0.399,0.506,0.58,0.619,0.308,0.499,0.668,0.455,-0.147,0.248,0.521,0.753,0.169,0.722,0.1,0.687,0.5,0.473,0.565,0.109,0.606,0.806,0.016,0.248,-0.186,0.429,0.848,0.72,0.057,0.422,0.63,0.623,0.716,0.422,0.751,0.421,0.501,0.234,0.613,0.6,0.418,0.699,0.659,-0.126,0.22,0.461,0.702,0.61,0.397,0.441,0.598,-0.151,0.333,-0.246,-0.227,0.696,0.449,0.538,0.606,0.528,0.367,0.659,0.494,0.687
AKRO,0.808,0.774,0.78,0.596,0.0,0.611,0.698,0.811,-0.726,0.445,0.643,0.252,0.599,-0.116,0.425,0.728,0.687,0.795,0.618,0.628,0.514,0.476,0.725,-0.615,0.479,0.59,0.63,0.609,0.68,0.709,0.621,0.565,0.173,0.744,0.606,0.82,0.636,-0.085,-0.283,-0.274,0.703,0.676,0.697,0.475,0.729,0.405,0.594,0.808,0.134,0.409,0.249,0.551,0.447,0.418,0.665,0.766,0.396,0.641,-0.205,0.621,0.139,0.719,-0.18,0.413,0.811,0.715,0.638,0.79,0.613,0.763,0.829,0.636,0.863,0.73,0.582,0.12,0.736,0.728,0.058,0.83,-0.185,0.691,0.818,0.507,0.695,0.812,0.302,0.719,0.347,0.619,0.62,0.508,0.817,0.704,0.699,0.644,-0.196,0.475,0.698,0.898,0.734,0.733,0.76,0.042,0.306,0.825,0.041,0.821,0.84,0.452,0.914,0.786,0.807,0.444,-0.006,0.64,0.24,0.386,0.82,0.888,0.644,0.581,0.624,0.669,0.728,-0.549,0.859,0.328,0.53,0.586,0.763,0.172,0.876,0.758,-0.159,0.79,0.62,0.678,0.801,0.56,0.555,0.742,0.763,0.71,-0.191,0.348,0.539,0.691,-0.047,0.765,0.148,0.607,0.297,0.792,0.718,0.272,0.724,0.847,0.371,0.14,-0.212,0.631,0.67,0.855,-0.194,0.518,0.931,0.706,0.693,0.488,0.837,0.462,0.576,0.113,0.184,0.757,0.539,0.55,0.655,-0.264,0.451,0.566,0.849,0.872,0.527,0.75,0.712,-0.433,0.065,-0.241,-0.539,0.879,0.592,0.785,0.651,0.576,0.394,0.935,0.643,0.765
ALRM,0.709,0.507,0.682,0.414,0.611,0.0,0.708,0.702,-0.052,0.538,0.687,0.134,0.736,0.41,0.523,0.699,0.505,0.659,0.55,0.855,0.612,0.381,0.595,-0.443,0.498,0.602,0.771,0.649,0.292,0.757,0.532,0.581,0.37,0.376,0.703,0.497,0.521,0.362,0.124,0.227,0.568,0.826,0.565,0.544,0.434,0.476,0.818,0.637,0.319,0.198,0.161,0.329,0.34,0.742,0.27,0.663,0.278,0.568,0.198,0.523,0.088,0.724,0.232,0.615,0.595,0.404,0.646,0.726,0.363,0.766,0.52,0.525,0.554,0.431,0.158,0.465,0.357,0.649,0.151,0.557,0.151,0.895,0.89,0.842,0.531,0.738,0.352,0.599,0.756,0.626,0.363,0.636,0.539,0.605,0.872,0.682,0.279,0.361,0.759,0.541,0.534,0.857,0.6,0.411,0.552,0.699,-0.074,0.751,0.756,0.858,0.688,0.341,0.716,0.484,-0.06,0.803,0.683,0.143,0.857,0.603,0.501,0.519,0.681,0.696,0.66,-0.172,0.619,0.538,0.687,0.323,0.731,0.474,0.724,0.647,0.337,0.76,0.622,0.372,0.739,0.046,0.447,0.73,0.597,0.845,-0.161,0.729,0.719,0.351,0.377,0.603,0.661,0.118,0.374,0.812,0.368,0.479,0.761,0.58,0.48,0.573,0.214,0.639,0.313,0.75,0.084,0.569,0.766,0.707,0.538,0.729,0.517,0.519,0.562,0.23,0.057,0.755,0.406,0.653,0.644,-0.096,0.47,0.54,0.647,0.348,0.581,0.591,0.612,-0.393,-0.114,0.197,-0.277,0.667,0.895,0.74,0.55,0.594,0.287,0.613,0.812,0.629
AMAT,0.802,0.843,0.869,0.649,0.698,0.708,0.0,0.558,-0.294,0.562,0.766,0.537,0.802,0.208,0.739,0.773,0.913,0.909,0.606,0.845,0.775,0.596,0.729,-0.239,0.829,0.781,0.903,0.649,0.724,0.956,0.726,0.663,0.589,0.776,0.741,0.64,0.822,0.352,0.22,-0.023,0.845,0.864,0.696,0.775,0.598,0.575,0.776,0.677,0.189,0.623,0.254,0.66,0.486,0.819,0.595,0.813,0.575,0.749,-0.065,0.892,0.178,0.62,0.213,0.754,0.855,0.761,0.847,0.735,0.821,0.741,0.803,0.728,0.85,0.764,0.726,0.587,0.796,0.757,0.451,0.881,0.097,0.87,0.799,0.776,0.839,0.827,0.653,0.909,0.704,0.669,0.611,0.743,0.86,0.756,0.9,0.769,0.156,0.765,0.681,0.829,0.878,0.802,0.788,0.339,0.565,0.714,0.29,0.785,0.862,0.708,0.812,0.736,0.946,0.83,0.269,0.917,0.583,0.668,0.834,0.86,0.762,0.814,0.681,0.879,0.803,-0.124,0.896,0.779,0.481,0.719,0.855,0.669,0.837,0.931,0.271,0.865,0.905,0.652,0.779,0.358,0.682,0.869,0.892,0.875,0.012,0.498,0.868,0.753,0.53,0.684,0.551,0.524,0.521,0.838,0.823,0.586,0.79,0.84,0.381,0.551,0.206,0.66,0.73,0.904,0.062,0.688,0.757,0.908,0.807,0.784,0.797,0.858,0.713,0.195,0.402,0.884,0.527,0.787,0.936,-0.077,0.678,0.597,0.823,0.556,0.772,0.712,0.886,-0.45,0.038,0.148,-0.354,0.901,0.855,0.877,0.877,0.793,0.687,0.823,0.911,0.823
AMED,0.682,0.613,0.583,0.6,0.811,0.702,0.558,0.0,-0.522,0.611,0.59,-0.009,0.629,0.162,0.305,0.714,0.463,0.64,0.671,0.571,0.42,0.251,0.543,-0.541,0.262,0.557,0.546,0.715,0.454,0.629,0.592,0.663,0.247,0.545,0.416,0.723,0.402,-0.082,-0.263,-0.199,0.55,0.72,0.48,0.448,0.718,0.354,0.674,0.789,0.236,0.352,0.122,0.361,0.504,0.296,0.501,0.564,0.315,0.535,0.03,0.354,0.053,0.679,-0.268,0.349,0.679,0.364,0.442,0.696,0.355,0.814,0.681,0.587,0.715,0.496,0.243,0.192,0.505,0.518,-0.086,0.583,-0.146,0.629,0.808,0.516,0.494,0.621,0.15,0.489,0.294,0.501,0.617,0.306,0.601,0.532,0.611,0.505,-0.12,0.363,0.721,0.693,0.519,0.635,0.598,-0.052,0.34,0.825,-0.179,0.871,0.765,0.468,0.753,0.618,0.625,0.287,-0.052,0.515,0.261,0.144,0.822,0.71,0.502,0.393,0.483,0.584,0.609,-0.52,0.683,0.216,0.478,0.385,0.639,0.154,0.785,0.562,-0.146,0.679,0.414,0.549,0.704,0.522,0.477,0.621,0.531,0.56,-0.158,0.349,0.358,0.559,-0.133,0.786,0.163,0.39,0.389,0.677,0.466,0.131,0.822,0.683,0.19,0.173,-0.118,0.599,0.509,0.738,-0.063,0.633,0.885,0.653,0.62,0.396,0.644,0.349,0.402,0.304,0.181,0.704,0.366,0.548,0.551,-0.294,0.395,0.594,0.721,0.655,0.468,0.539,0.594,-0.245,0.183,-0.129,-0.241,0.707,0.58,0.594,0.519,0.508,0.099,0.751,0.488,0.746
AMRN,-0.439,-0.512,-0.395,-0.524,-0.726,-0.052,-0.294,-0.522,0.0,-0.026,-0.278,-0.041,-0.087,0.43,-0.007,-0.336,-0.4,-0.412,-0.34,-0.069,-0.066,-0.129,-0.453,0.452,-0.091,-0.176,-0.156,-0.335,-0.505,-0.301,-0.362,-0.174,0.057,-0.647,-0.178,-0.72,-0.299,0.507,0.494,0.613,-0.392,-0.166,-0.45,-0.122,-0.644,-0.021,-0.051,-0.549,0.11,-0.328,-0.113,-0.513,-0.287,0.115,-0.634,-0.453,-0.15,-0.32,0.321,-0.3,-0.047,-0.287,0.482,0.093,-0.524,-0.534,-0.257,-0.513,-0.432,-0.406,-0.64,-0.355,-0.638,-0.565,-0.518,0.302,-0.637,-0.356,0.109,-0.573,0.507,-0.144,-0.334,0.101,-0.415,-0.43,-0.004,-0.423,0.231,-0.196,-0.531,-0.051,-0.568,-0.317,-0.164,-0.197,0.482,-0.289,-0.315,-0.667,-0.514,-0.26,-0.409,0.372,0.067,-0.508,-0.127,-0.467,-0.468,0.102,-0.611,-0.723,-0.447,-0.105,-0.03,-0.162,0.236,-0.267,-0.365,-0.634,-0.273,-0.175,-0.13,-0.328,-0.418,0.679,-0.583,0.106,-0.094,-0.376,-0.32,0.15,-0.52,-0.4,0.522,-0.443,-0.204,-0.545,-0.393,-0.704,-0.195,-0.267,-0.47,-0.179,0.153,0.144,-0.157,-0.553,0.381,-0.517,0.37,-0.668,-0.039,-0.317,-0.521,0.165,-0.288,-0.65,-0.07,0.284,0.489,-0.253,-0.588,-0.481,0.276,-0.203,-0.611,-0.285,-0.408,0.033,-0.655,-0.069,-0.192,0.012,-0.224,-0.325,-0.281,-0.266,-0.275,0.332,-0.127,-0.324,-0.552,-0.832,-0.122,-0.445,-0.331,0.2,-0.211,0.52,0.404,-0.569,-0.008,-0.363,-0.37,-0.233,-0.221,-0.672,-0.159,-0.388
ANGI,0.437,0.574,0.417,0.264,0.445,0.538,0.562,0.611,-0.026,0.0,0.571,0.181,0.814,0.482,0.635,0.585,0.466,0.593,0.556,0.535,0.586,0.26,0.152,-0.024,0.392,0.642,0.607,0.617,0.545,0.607,0.458,0.879,0.49,0.381,0.239,0.32,0.47,0.297,0.296,0.123,0.416,0.703,0.233,0.673,0.438,0.512,0.624,0.493,0.059,0.555,-0.112,0.121,0.398,0.464,0.164,0.364,0.53,0.386,0.286,0.373,-0.109,0.481,0.113,0.571,0.549,0.123,0.313,0.319,0.301,0.65,0.419,0.674,0.556,0.203,0.211,0.603,0.295,0.274,0.005,0.338,0.102,0.589,0.532,0.55,0.308,0.352,0.402,0.324,0.559,0.369,0.493,0.365,0.377,0.335,0.551,0.376,0.301,0.512,0.507,0.473,0.283,0.402,0.439,0.147,0.591,0.495,-0.072,0.591,0.491,0.427,0.383,0.383,0.427,0.466,0.334,0.509,0.436,0.382,0.625,0.482,0.594,0.605,0.45,0.551,0.477,0.132,0.464,0.474,0.176,0.53,0.449,0.459,0.563,0.46,0.332,0.477,0.56,0.526,0.406,0.33,0.673,0.59,0.345,0.457,0.18,0.216,0.281,0.386,0.215,0.498,0.34,0.1,0.6,0.55,0.492,0.446,0.718,0.338,0.018,0.345,0.485,0.396,0.263,0.513,0.203,0.73,0.484,0.713,0.599,0.406,0.318,0.677,0.301,0.496,0.299,0.642,0.048,0.442,0.626,-0.226,0.728,0.618,0.377,0.191,0.695,0.255,0.685,-0.023,0.289,0.436,0.19,0.483,0.622,0.485,0.606,0.638,0.144,0.463,0.436,0.719
APA,0.751,0.723,0.713,0.552,0.643,0.687,0.766,0.59,-0.278,0.571,0.0,0.097,0.794,0.37,0.742,0.802,0.669,0.703,0.338,0.58,0.745,0.208,0.386,-0.251,0.465,0.443,0.741,0.758,0.586,0.812,0.385,0.65,0.533,0.657,0.423,0.738,0.771,0.052,0.301,-0.233,0.675,0.716,0.376,0.828,0.722,0.334,0.61,0.475,-0.187,0.67,-0.239,0.554,0.071,0.629,0.277,0.792,0.411,0.549,0.278,0.581,-0.318,0.334,0.158,0.382,0.837,0.478,0.469,0.749,0.63,0.886,0.669,0.887,0.755,0.636,0.479,0.408,0.576,0.454,0.077,0.673,-0.226,0.807,0.729,0.573,0.515,0.654,0.392,0.675,0.637,0.338,0.723,0.421,0.552,0.387,0.693,0.392,0.319,0.707,0.713,0.737,0.606,0.59,0.418,0.027,0.597,0.498,0.045,0.676,0.663,0.508,0.642,0.65,0.729,0.574,0.395,0.747,0.552,0.539,0.709,0.777,0.551,0.774,0.665,0.865,0.832,-0.112,0.766,0.492,0.201,0.709,0.61,0.546,0.848,0.665,0.303,0.819,0.687,0.781,0.507,0.468,0.409,0.616,0.601,0.677,0.011,0.499,0.704,0.453,0.322,0.782,0.308,0.399,0.464,0.641,0.6,0.463,0.65,0.728,0.174,0.299,0.456,0.317,0.516,0.737,0.365,0.477,0.701,0.816,0.706,0.419,0.549,0.776,0.353,0.528,0.478,0.77,0.068,0.798,0.757,-0.333,0.7,0.83,0.56,0.513,0.744,0.402,0.836,-0.328,0.274,0.357,-0.234,0.761,0.777,0.808,0.841,0.837,0.536,0.702,0.708,0.84
APOG,0.231,0.492,0.499,0.229,0.252,0.134,0.537,-0.009,-0.041,0.181,0.097,0.0,0.334,-0.247,0.443,0.223,0.657,0.565,0.411,0.536,0.415,0.807,0.576,0.045,0.807,0.65,0.511,-0.051,0.565,0.438,0.552,0.154,0.272,0.411,0.59,0.008,0.535,0.556,0.203,0.219,0.584,0.358,0.445,0.276,0.02,0.459,0.356,0.319,0.41,0.26,0.651,0.271,0.481,0.535,0.469,0.295,0.565,0.534,-0.468,0.733,0.6,0.38,0.392,0.697,0.359,0.647,0.699,0.089,0.644,0.003,0.354,0.15,0.409,0.52,0.71,0.414,0.556,0.571,0.683,0.562,0.509,0.331,0.237,0.474,0.684,0.452,0.708,0.592,0.315,0.58,0.068,0.654,0.647,0.683,0.494,0.684,-0.006,0.367,0.077,0.406,0.593,0.426,0.683,0.531,0.116,0.293,0.438,0.272,0.412,0.364,0.391,0.395,0.513,0.702,0.112,0.465,0.17,0.577,0.287,0.359,0.617,0.545,0.432,0.383,0.29,0.137,0.45,0.723,0.433,0.448,0.568,0.308,0.243,0.631,0.166,0.263,0.619,0.167,0.488,-0.019,0.616,0.614,0.645,0.501,0.062,0.122,0.461,0.613,0.505,0.09,0.406,0.326,0.31,0.444,0.617,0.403,0.395,0.361,0.28,0.5,-0.101,0.546,0.474,0.457,-0.381,0.357,0.183,0.416,0.446,0.627,0.465,0.501,0.648,-0.245,0.1,0.411,0.653,0.134,0.553,0.346,0.257,-0.059,0.505,0.205,0.417,0.605,0.434,-0.362,-0.162,-0.08,-0.342,0.439,0.368,0.4,0.393,0.282,0.551,0.398,0.509,0.282
APPS,0.687,0.708,0.702,0.445,0.599,0.736,0.802,0.629,-0.087,0.814,0.794,0.334,0.0,0.443,0.855,0.811,0.67,0.759,0.607,0.736,0.837,0.445,0.442,-0.138,0.607,0.706,0.844,0.714,0.646,0.831,0.578,0.848,0.625,0.571,0.492,0.512,0.749,0.39,0.391,0.084,0.637,0.843,0.427,0.847,0.599,0.559,0.753,0.564,0.062,0.634,-0.009,0.478,0.367,0.742,0.26,0.667,0.648,0.634,0.294,0.631,-0.044,0.556,0.294,0.654,0.753,0.402,0.562,0.563,0.598,0.795,0.571,0.765,0.7,0.536,0.45,0.68,0.503,0.477,0.149,0.594,0.144,0.814,0.74,0.784,0.537,0.603,0.628,0.648,0.766,0.48,0.638,0.578,0.579,0.533,0.783,0.564,0.439,0.68,0.719,0.682,0.575,0.653,0.591,0.336,0.739,0.567,0.166,0.744,0.709,0.636,0.605,0.577,0.703,0.707,0.434,0.782,0.629,0.552,0.775,0.675,0.717,0.822,0.705,0.811,0.774,0.108,0.698,0.684,0.346,0.709,0.644,0.65,0.747,0.713,0.467,0.752,0.783,0.69,0.574,0.34,0.704,0.782,0.619,0.729,0.138,0.487,0.67,0.559,0.438,0.631,0.545,0.297,0.659,0.772,0.628,0.624,0.814,0.576,0.249,0.52,0.493,0.539,0.479,0.75,0.212,0.743,0.658,0.891,0.742,0.584,0.477,0.849,0.452,0.512,0.41,0.836,0.204,0.689,0.837,-0.047,0.8,0.753,0.569,0.376,0.876,0.492,0.875,-0.223,0.248,0.505,-0.042,0.698,0.857,0.758,0.787,0.828,0.531,0.634,0.726,0.852
ARCB,0.09,0.043,0.039,0.091,-0.116,0.41,0.208,0.162,0.43,0.482,0.37,-0.247,0.443,0.0,0.331,0.339,0.008,0.012,0.145,0.226,0.335,-0.297,-0.248,0.332,0.028,0.17,0.184,0.301,-0.059,0.29,-0.049,0.451,0.605,0.002,0.04,0.058,0.104,0.3,0.509,0.127,-0.077,0.384,-0.09,0.528,0.134,0.132,0.443,-0.041,-0.06,0.264,-0.433,-0.008,0.099,0.321,-0.197,0.075,0.184,0.139,0.663,0.01,-0.383,-0.017,0.107,0.153,0.065,-0.294,0.006,0.171,-0.094,0.388,-0.087,0.279,0.016,-0.195,-0.267,0.395,-0.156,-0.178,-0.049,-0.133,-0.059,0.322,0.211,0.307,-0.097,-0.056,0.158,-0.012,0.536,-0.004,0.2,-0.023,-0.192,-0.142,0.22,-0.047,0.486,0.262,0.255,-0.104,-0.093,0.107,-0.111,0.06,0.6,-0.037,0.057,0.209,0.027,0.276,-0.075,-0.083,0.055,0.232,0.276,0.246,0.461,0.014,0.207,0.004,-0.034,0.158,-0.041,0.252,0.173,0.312,0.006,0.28,-0.067,0.157,0.021,0.559,0.151,0.027,0.505,0.122,0.148,0.144,-0.019,-0.065,0.008,0.07,-0.091,0.148,-0.049,0.319,0.216,-0.108,0.426,0.022,0.415,-0.194,0.541,0.107,-0.074,0.308,0.271,-0.05,0.024,0.432,0.698,-0.066,-0.109,0.089,0.642,0.302,0.031,0.298,0.191,0.145,-0.126,0.382,-0.058,0.638,0.351,0.113,-0.307,0.403,0.285,-0.129,0.38,0.476,-0.118,-0.331,0.424,-0.243,0.264,0.374,0.337,0.606,0.537,-0.004,0.375,0.169,0.274,0.406,-0.04,-0.115,0.216,0.3
ARCC,0.535,0.713,0.685,0.309,0.425,0.523,0.739,0.305,-0.007,0.635,0.742,0.443,0.855,0.331,0.0,0.691,0.705,0.633,0.462,0.584,0.831,0.46,0.303,0.089,0.675,0.578,0.746,0.557,0.734,0.745,0.343,0.616,0.635,0.559,0.392,0.385,0.869,0.443,0.559,-0.008,0.616,0.641,0.356,0.826,0.494,0.54,0.55,0.304,-0.119,0.714,-0.109,0.49,0.235,0.721,0.209,0.629,0.702,0.564,0.301,0.629,-0.1,0.34,0.434,0.582,0.687,0.471,0.498,0.425,0.705,0.651,0.454,0.717,0.627,0.554,0.551,0.674,0.506,0.332,0.276,0.559,0.124,0.662,0.544,0.642,0.482,0.464,0.777,0.629,0.698,0.339,0.537,0.534,0.51,0.394,0.652,0.439,0.5,0.762,0.457,0.62,0.541,0.501,0.435,0.403,0.634,0.287,0.363,0.505,0.538,0.44,0.476,0.523,0.612,0.787,0.636,0.721,0.626,0.75,0.528,0.58,0.711,0.903,0.694,0.771,0.77,0.31,0.611,0.735,0.203,0.784,0.519,0.66,0.547,0.668,0.503,0.608,0.823,0.622,0.418,0.303,0.62,0.69,0.596,0.625,0.277,0.381,0.664,0.478,0.594,0.443,0.474,0.307,0.633,0.628,0.629,0.672,0.565,0.485,0.193,0.498,0.588,0.309,0.434,0.632,0.256,0.616,0.434,0.78,0.691,0.488,0.384,0.879,0.433,0.523,0.505,0.689,0.084,0.592,0.773,-0.062,0.796,0.675,0.42,0.298,0.893,0.429,0.855,-0.284,0.328,0.572,-0.013,0.577,0.751,0.725,0.771,0.87,0.72,0.506,0.64,0.678
ARVN,0.802,0.771,0.759,0.685,0.728,0.699,0.773,0.714,-0.336,0.585,0.802,0.223,0.811,0.339,0.691,0.0,0.714,0.725,0.63,0.671,0.655,0.356,0.547,-0.274,0.562,0.672,0.704,0.748,0.656,0.827,0.465,0.667,0.679,0.731,0.477,0.747,0.749,0.232,0.101,-0.204,0.659,0.818,0.546,0.839,0.784,0.431,0.811,0.564,0.135,0.652,0.056,0.525,0.385,0.555,0.49,0.739,0.518,0.662,0.109,0.592,-0.048,0.526,-0.041,0.538,0.849,0.557,0.609,0.716,0.667,0.87,0.667,0.757,0.767,0.715,0.488,0.483,0.664,0.52,0.177,0.73,-0.111,0.74,0.795,0.676,0.675,0.669,0.555,0.733,0.535,0.513,0.764,0.441,0.654,0.578,0.723,0.585,0.134,0.686,0.657,0.731,0.716,0.695,0.576,0.058,0.59,0.634,0.261,0.824,0.725,0.52,0.726,0.717,0.784,0.685,0.291,0.695,0.563,0.574,0.791,0.749,0.68,0.711,0.625,0.749,0.771,-0.287,0.833,0.564,0.423,0.681,0.73,0.596,0.813,0.758,0.138,0.762,0.655,0.648,0.666,0.464,0.52,0.714,0.696,0.703,-0.089,0.554,0.662,0.656,0.302,0.727,0.364,0.552,0.706,0.776,0.604,0.503,0.782,0.749,0.276,0.419,0.212,0.493,0.647,0.828,0.222,0.587,0.738,0.873,0.85,0.526,0.683,0.663,0.558,0.489,0.556,0.78,0.352,0.79,0.818,-0.122,0.521,0.763,0.703,0.553,0.755,0.569,0.876,-0.168,0.389,0.194,-0.172,0.77,0.782,0.777,0.747,0.798,0.473,0.737,0.677,0.886
ATEC,0.704,0.928,0.891,0.683,0.687,0.505,0.913,0.463,-0.4,0.466,0.669,0.657,0.67,0.008,0.705,0.714,0.0,0.875,0.593,0.725,0.709,0.612,0.719,-0.146,0.879,0.781,0.775,0.563,0.86,0.878,0.613,0.529,0.539,0.871,0.657,0.644,0.874,0.274,0.104,-0.203,0.872,0.723,0.687,0.712,0.632,0.613,0.669,0.608,0.168,0.718,0.314,0.589,0.483,0.657,0.746,0.762,0.649,0.719,-0.267,0.899,0.211,0.522,0.098,0.705,0.871,0.867,0.838,0.645,0.925,0.653,0.827,0.717,0.895,0.835,0.864,0.495,0.926,0.722,0.567,0.925,0.0,0.697,0.679,0.609,0.905,0.764,0.683,0.894,0.486,0.628,0.614,0.621,0.912,0.769,0.769,0.75,-0.063,0.817,0.475,0.854,0.907,0.706,0.784,0.208,0.363,0.652,0.407,0.724,0.768,0.487,0.797,0.824,0.91,0.878,0.302,0.784,0.39,0.824,0.711,0.858,0.81,0.845,0.626,0.786,0.733,-0.222,0.92,0.748,0.408,0.784,0.852,0.542,0.767,0.937,0.035,0.747,0.859,0.615,0.771,0.484,0.675,0.863,0.928,0.77,0.03,0.33,0.764,0.833,0.501,0.65,0.343,0.659,0.531,0.721,0.91,0.505,0.681,0.869,0.286,0.435,0.05,0.571,0.85,0.885,-0.025,0.615,0.674,0.837,0.842,0.694,0.864,0.797,0.775,0.151,0.501,0.801,0.582,0.674,0.893,-0.174,0.603,0.493,0.829,0.628,0.714,0.711,0.87,-0.471,0.139,-0.038,-0.396,0.884,0.702,0.847,0.86,0.763,0.713,0.825,0.789,0.762
ATXS,0.821,0.823,0.827,0.597,0.795,0.659,0.909,0.64,-0.412,0.593,0.703,0.565,0.759,0.012,0.633,0.725,0.875,0.0,0.581,0.834,0.667,0.692,0.777,-0.389,0.775,0.816,0.9,0.637,0.728,0.869,0.8,0.658,0.386,0.733,0.738,0.609,0.755,0.281,0.046,0.03,0.872,0.841,0.702,0.648,0.551,0.562,0.735,0.807,0.237,0.537,0.361,0.489,0.466,0.722,0.57,0.773,0.476,0.662,-0.267,0.874,0.267,0.725,0.139,0.77,0.864,0.741,0.823,0.682,0.747,0.695,0.823,0.716,0.871,0.73,0.729,0.51,0.791,0.847,0.385,0.892,0.133,0.845,0.801,0.73,0.836,0.88,0.548,0.837,0.602,0.739,0.543,0.78,0.906,0.831,0.879,0.826,0.043,0.636,0.679,0.846,0.865,0.816,0.871,0.266,0.462,0.832,0.092,0.785,0.847,0.703,0.845,0.729,0.911,0.695,0.112,0.82,0.435,0.578,0.873,0.885,0.845,0.769,0.734,0.816,0.718,-0.228,0.903,0.687,0.562,0.658,0.893,0.462,0.871,0.915,0.151,0.872,0.847,0.642,0.82,0.347,0.815,0.867,0.877,0.859,0.026,0.431,0.749,0.747,0.305,0.738,0.458,0.493,0.372,0.843,0.844,0.55,0.812,0.837,0.37,0.411,0.035,0.775,0.703,0.894,-0.123,0.634,0.805,0.879,0.75,0.761,0.815,0.766,0.71,0.018,0.197,0.938,0.616,0.603,0.858,-0.126,0.636,0.501,0.885,0.643,0.65,0.807,0.844,-0.483,-0.091,0.02,-0.484,0.93,0.802,0.81,0.816,0.653,0.518,0.914,0.861,0.824
AVAV,0.468,0.659,0.614,0.504,0.618,0.55,0.606,0.671,-0.34,0.556,0.338,0.411,0.607,0.145,0.462,0.63,0.593,0.581,0.0,0.623,0.509,0.431,0.593,-0.155,0.556,0.727,0.536,0.511,0.591,0.658,0.553,0.599,0.437,0.548,0.498,0.47,0.496,0.302,-0.084,-0.039,0.524,0.691,0.572,0.481,0.553,0.516,0.708,0.66,0.376,0.435,0.386,0.375,0.791,0.415,0.647,0.434,0.593,0.601,-0.005,0.525,0.351,0.734,-0.027,0.568,0.545,0.515,0.615,0.496,0.528,0.592,0.58,0.388,0.652,0.486,0.391,0.428,0.58,0.498,0.251,0.552,0.114,0.486,0.626,0.62,0.603,0.505,0.562,0.588,0.34,0.55,0.446,0.438,0.67,0.646,0.612,0.663,-0.032,0.538,0.44,0.606,0.568,0.651,0.694,0.272,0.317,0.655,0.348,0.759,0.644,0.402,0.669,0.591,0.617,0.615,0.206,0.575,0.318,0.411,0.665,0.561,0.588,0.495,0.441,0.524,0.581,-0.218,0.615,0.534,0.517,0.477,0.626,0.355,0.544,0.661,-0.007,0.508,0.602,0.4,0.707,0.376,0.646,0.755,0.649,0.58,0.012,0.288,0.428,0.741,0.255,0.416,0.345,0.403,0.596,0.716,0.59,0.294,0.726,0.55,0.307,0.475,-0.066,0.67,0.575,0.706,-0.106,0.806,0.649,0.626,0.683,0.542,0.641,0.43,0.583,0.257,0.323,0.594,0.526,0.484,0.664,-0.024,0.41,0.45,0.661,0.444,0.61,0.586,0.63,-0.218,0.231,-0.037,-0.032,0.582,0.542,0.583,0.514,0.548,0.373,0.59,0.506,0.584
AXON,0.715,0.652,0.788,0.442,0.628,0.855,0.845,0.571,-0.069,0.535,0.58,0.536,0.736,0.226,0.584,0.671,0.725,0.834,0.623,0.0,0.634,0.703,0.769,-0.358,0.801,0.852,0.861,0.508,0.487,0.824,0.71,0.573,0.381,0.498,0.877,0.394,0.645,0.544,0.098,0.313,0.717,0.866,0.694,0.541,0.328,0.563,0.854,0.728,0.494,0.249,0.467,0.347,0.49,0.858,0.461,0.66,0.414,0.646,-0.143,0.767,0.38,0.802,0.292,0.882,0.667,0.642,0.889,0.625,0.57,0.614,0.584,0.464,0.649,0.552,0.439,0.548,0.56,0.841,0.471,0.735,0.352,0.902,0.87,0.918,0.782,0.832,0.582,0.734,0.775,0.837,0.285,0.854,0.764,0.861,0.972,0.911,0.138,0.429,0.631,0.616,0.734,0.924,0.847,0.568,0.478,0.768,0.114,0.764,0.801,0.902,0.752,0.45,0.838,0.695,-0.099,0.845,0.631,0.356,0.849,0.678,0.716,0.644,0.721,0.706,0.614,-0.158,0.727,0.777,0.795,0.4,0.905,0.485,0.722,0.85,0.335,0.757,0.786,0.337,0.87,-0.014,0.666,0.883,0.809,0.94,-0.132,0.642,0.784,0.585,0.512,0.535,0.774,0.21,0.401,0.897,0.597,0.589,0.799,0.653,0.479,0.711,0.082,0.82,0.478,0.846,-0.165,0.595,0.721,0.796,0.639,0.93,0.676,0.637,0.832,-0.023,0.044,0.827,0.689,0.539,0.783,0.032,0.491,0.364,0.808,0.391,0.623,0.784,0.691,-0.475,-0.243,0.089,-0.411,0.771,0.908,0.777,0.606,0.587,0.426,0.709,0.919,0.648
BANF,0.554,0.692,0.779,0.364,0.514,0.612,0.775,0.42,-0.066,0.586,0.745,0.415,0.837,0.335,0.831,0.655,0.709,0.667,0.509,0.634,0.0,0.398,0.445,-0.029,0.652,0.546,0.736,0.536,0.624,0.808,0.462,0.665,0.527,0.594,0.542,0.488,0.775,0.33,0.438,-0.018,0.617,0.674,0.405,0.754,0.527,0.593,0.638,0.35,-0.025,0.623,-0.031,0.552,0.317,0.712,0.34,0.725,0.753,0.722,0.263,0.718,-0.109,0.42,0.363,0.535,0.657,0.527,0.564,0.603,0.669,0.684,0.637,0.701,0.664,0.567,0.587,0.561,0.548,0.494,0.234,0.614,0.038,0.739,0.635,0.672,0.526,0.569,0.582,0.743,0.702,0.363,0.588,0.502,0.572,0.492,0.71,0.524,0.384,0.738,0.675,0.694,0.571,0.592,0.527,0.394,0.633,0.417,0.225,0.562,0.65,0.512,0.614,0.557,0.691,0.735,0.48,0.827,0.544,0.641,0.632,0.686,0.6,0.882,0.65,0.773,0.794,0.173,0.666,0.664,0.253,0.801,0.594,0.625,0.688,0.675,0.417,0.689,0.827,0.657,0.557,0.335,0.579,0.789,0.619,0.701,0.155,0.453,0.723,0.529,0.578,0.539,0.451,0.328,0.579,0.64,0.683,0.541,0.624,0.596,0.289,0.455,0.456,0.402,0.519,0.694,0.304,0.652,0.568,0.739,0.675,0.518,0.488,0.867,0.438,0.468,0.424,0.699,0.222,0.697,0.811,-0.069,0.764,0.654,0.508,0.335,0.859,0.439,0.826,-0.389,0.175,0.415,-0.183,0.673,0.752,0.842,0.79,0.798,0.696,0.577,0.718,0.725
BATRK,0.449,0.499,0.593,0.213,0.476,0.381,0.596,0.251,-0.129,0.26,0.208,0.807,0.445,-0.297,0.46,0.356,0.612,0.692,0.431,0.703,0.398,0.0,0.721,-0.346,0.758,0.687,0.643,0.091,0.524,0.482,0.672,0.222,0.082,0.335,0.717,0.091,0.553,0.529,0.047,0.346,0.622,0.509,0.522,0.215,0.061,0.468,0.465,0.531,0.517,0.077,0.704,0.284,0.46,0.631,0.395,0.392,0.4,0.539,-0.483,0.693,0.693,0.633,0.383,0.767,0.446,0.68,0.749,0.235,0.573,0.162,0.411,0.173,0.456,0.566,0.583,0.391,0.496,0.746,0.526,0.642,0.591,0.545,0.514,0.664,0.688,0.631,0.649,0.609,0.438,0.724,0.029,0.847,0.708,0.813,0.676,0.809,0.035,0.204,0.294,0.499,0.642,0.642,0.79,0.68,0.132,0.517,0.154,0.431,0.603,0.602,0.561,0.364,0.596,0.545,-0.13,0.574,0.282,0.375,0.478,0.459,0.709,0.533,0.66,0.454,0.415,-0.009,0.517,0.669,0.717,0.32,0.71,0.167,0.392,0.704,0.207,0.443,0.655,0.159,0.657,-0.104,0.686,0.698,0.703,0.684,-0.033,0.368,0.519,0.556,0.337,0.273,0.576,0.205,0.132,0.679,0.547,0.512,0.511,0.438,0.397,0.52,-0.176,0.754,0.406,0.577,-0.521,0.375,0.441,0.502,0.407,0.739,0.514,0.433,0.715,-0.362,-0.154,0.596,0.752,0.126,0.543,0.37,0.273,-0.033,0.67,0.376,0.378,0.836,0.472,-0.537,-0.371,-0.104,-0.549,0.544,0.568,0.477,0.328,0.289,0.492,0.557,0.632,0.364
BIDU,0.694,0.609,0.758,0.595,0.725,0.595,0.729,0.543,-0.453,0.152,0.386,0.576,0.442,-0.248,0.303,0.547,0.719,0.777,0.593,0.769,0.445,0.721,0.0,-0.538,0.705,0.694,0.693,0.39,0.48,0.695,0.762,0.307,0.166,0.604,0.821,0.53,0.546,0.239,-0.243,0.059,0.747,0.658,0.755,0.3,0.407,0.424,0.633,0.749,0.527,0.178,0.718,0.518,0.53,0.588,0.688,0.653,0.321,0.667,-0.492,0.771,0.572,0.737,0.103,0.641,0.64,0.829,0.866,0.647,0.671,0.445,0.748,0.314,0.676,0.759,0.642,0.268,0.746,0.902,0.48,0.827,0.258,0.667,0.726,0.662,0.862,0.851,0.427,0.814,0.371,0.763,0.325,0.728,0.882,0.909,0.779,0.882,-0.176,0.364,0.555,0.701,0.846,0.844,0.86,0.363,0.132,0.798,0.187,0.687,0.807,0.672,0.832,0.622,0.843,0.557,-0.186,0.712,0.288,0.34,0.748,0.719,0.63,0.476,0.607,0.59,0.574,-0.446,0.774,0.557,0.748,0.379,0.867,0.24,0.69,0.829,-0.063,0.732,0.625,0.341,0.86,0.177,0.573,0.779,0.873,0.809,-0.205,0.476,0.719,0.728,0.255,0.567,0.455,0.485,0.162,0.775,0.639,0.334,0.653,0.775,0.498,0.448,-0.38,0.835,0.688,0.815,-0.378,0.444,0.751,0.592,0.565,0.758,0.821,0.383,0.766,-0.281,0.026,0.724,0.858,0.483,0.657,0.137,0.208,0.171,0.9,0.636,0.364,0.885,0.54,-0.578,-0.296,-0.351,-0.659,0.793,0.617,0.681,0.487,0.355,0.512,0.783,0.776,0.531
BLNE,-0.523,-0.211,-0.338,-0.238,-0.615,-0.443,-0.239,-0.541,0.452,-0.024,-0.251,0.045,-0.138,0.332,0.089,-0.274,-0.146,-0.389,-0.155,-0.358,-0.029,-0.346,-0.538,0.0,-0.046,-0.159,-0.273,-0.238,-0.048,-0.212,-0.386,-0.124,0.307,-0.144,-0.417,-0.429,-0.08,0.155,0.505,-0.093,-0.336,-0.321,-0.374,0.105,-0.223,0.018,-0.226,-0.559,-0.284,0.267,-0.319,-0.186,-0.047,-0.14,-0.216,-0.363,0.22,-0.177,0.325,-0.172,-0.245,-0.51,0.13,-0.163,-0.338,-0.39,-0.29,-0.437,-0.102,-0.334,-0.4,-0.143,-0.314,-0.315,-0.075,0.146,-0.193,-0.589,0.174,-0.421,-0.038,-0.4,-0.553,-0.316,-0.298,-0.563,0.164,-0.304,-0.086,-0.481,-0.133,-0.378,-0.393,-0.438,-0.4,-0.404,0.269,0.167,-0.519,-0.405,-0.306,-0.505,-0.418,-0.119,0.007,-0.611,0.346,-0.427,-0.481,-0.394,-0.522,-0.238,-0.394,0.129,0.498,-0.282,-0.163,0.222,-0.486,-0.413,-0.217,-0.063,-0.439,-0.221,-0.28,0.518,-0.377,0.097,-0.564,0.028,-0.443,0.253,-0.5,-0.273,0.191,-0.455,-0.178,-0.201,-0.491,-0.075,-0.126,-0.296,-0.329,-0.436,0.38,-0.372,-0.209,-0.171,0.352,-0.489,-0.096,-0.188,0.262,-0.495,-0.174,-0.072,-0.335,-0.419,-0.278,0.009,0.419,-0.476,-0.141,-0.4,0.361,-0.015,-0.61,-0.238,-0.146,-0.275,-0.406,0.086,-0.311,0.325,0.366,-0.383,-0.438,-0.167,-0.128,-0.027,0.072,-0.091,-0.512,-0.552,0.071,-0.533,-0.142,0.4,0.375,0.392,0.651,-0.443,-0.329,-0.319,-0.025,-0.033,-0.017,-0.528,-0.332,-0.265
BLNK,0.566,0.757,0.802,0.459,0.479,0.498,0.829,0.262,-0.091,0.392,0.465,0.807,0.607,0.028,0.675,0.562,0.879,0.775,0.556,0.801,0.652,0.758,0.705,-0.046,0.0,0.821,0.756,0.334,0.716,0.76,0.599,0.416,0.493,0.651,0.746,0.322,0.785,0.553,0.204,0.132,0.773,0.677,0.666,0.567,0.318,0.623,0.658,0.507,0.377,0.472,0.485,0.444,0.509,0.765,0.597,0.629,0.624,0.661,-0.303,0.869,0.449,0.542,0.319,0.832,0.654,0.799,0.868,0.459,0.806,0.422,0.602,0.446,0.672,0.686,0.739,0.556,0.729,0.722,0.693,0.788,0.325,0.669,0.604,0.719,0.842,0.701,0.767,0.795,0.582,0.7,0.313,0.758,0.804,0.798,0.787,0.82,0.039,0.617,0.348,0.636,0.797,0.71,0.781,0.51,0.348,0.537,0.44,0.573,0.654,0.604,0.649,0.566,0.806,0.867,0.171,0.748,0.464,0.707,0.611,0.646,0.798,0.776,0.627,0.653,0.578,-0.011,0.731,0.847,0.549,0.613,0.81,0.541,0.555,0.87,0.224,0.583,0.837,0.343,0.735,0.126,0.672,0.839,0.855,0.787,0.003,0.408,0.743,0.702,0.662,0.383,0.576,0.454,0.478,0.7,0.756,0.576,0.604,0.649,0.379,0.641,0.068,0.627,0.64,0.757,-0.153,0.548,0.488,0.724,0.688,0.824,0.7,0.723,0.846,-0.027,0.284,0.692,0.669,0.49,0.793,0.071,0.506,0.255,0.729,0.382,0.647,0.723,0.721,-0.476,-0.064,0.044,-0.38,0.715,0.7,0.735,0.665,0.63,0.67,0.635,0.795,0.561
BTAI,0.603,0.747,0.715,0.513,0.59,0.602,0.781,0.557,-0.176,0.642,0.443,0.65,0.706,0.17,0.578,0.672,0.781,0.816,0.727,0.852,0.546,0.687,0.694,-0.159,0.821,0.0,0.757,0.492,0.674,0.773,0.71,0.631,0.507,0.616,0.709,0.369,0.656,0.516,0.043,0.171,0.715,0.811,0.656,0.583,0.405,0.588,0.818,0.725,0.511,0.456,0.512,0.282,0.642,0.659,0.59,0.521,0.569,0.623,-0.268,0.748,0.445,0.728,0.082,0.882,0.689,0.626,0.837,0.456,0.646,0.539,0.593,0.475,0.708,0.572,0.561,0.569,0.673,0.71,0.52,0.718,0.316,0.687,0.709,0.754,0.82,0.685,0.677,0.658,0.549,0.801,0.389,0.703,0.791,0.845,0.818,0.857,-0.051,0.52,0.42,0.607,0.738,0.766,0.861,0.381,0.416,0.739,0.296,0.761,0.711,0.652,0.67,0.581,0.773,0.772,0.045,0.665,0.448,0.534,0.771,0.65,0.834,0.645,0.558,0.616,0.511,-0.189,0.739,0.788,0.633,0.507,0.849,0.452,0.644,0.841,0.156,0.614,0.733,0.359,0.799,0.185,0.787,0.847,0.804,0.76,-0.045,0.343,0.604,0.749,0.437,0.468,0.573,0.362,0.588,0.795,0.691,0.53,0.816,0.629,0.296,0.641,0.002,0.776,0.605,0.805,-0.22,0.687,0.614,0.81,0.762,0.805,0.709,0.639,0.818,0.045,0.243,0.77,0.679,0.437,0.808,-0.001,0.476,0.342,0.799,0.412,0.659,0.726,0.727,-0.276,0.02,0.017,-0.23,0.733,0.737,0.646,0.622,0.578,0.371,0.693,0.737,0.691
BYND,0.768,0.696,0.761,0.48,0.63,0.771,0.903,0.546,-0.156,0.607,0.741,0.511,0.844,0.184,0.746,0.704,0.775,0.9,0.536,0.861,0.736,0.643,0.693,-0.273,0.756,0.757,0.0,0.649,0.604,0.878,0.742,0.655,0.467,0.582,0.726,0.469,0.773,0.442,0.314,0.205,0.79,0.866,0.598,0.711,0.443,0.556,0.754,0.684,0.178,0.49,0.274,0.491,0.394,0.893,0.338,0.751,0.473,0.656,-0.006,0.815,0.219,0.668,0.381,0.775,0.758,0.595,0.784,0.632,0.69,0.683,0.68,0.668,0.732,0.651,0.583,0.654,0.631,0.743,0.398,0.747,0.284,0.9,0.781,0.834,0.724,0.797,0.636,0.785,0.785,0.644,0.467,0.827,0.766,0.733,0.921,0.764,0.359,0.614,0.68,0.713,0.774,0.819,0.755,0.431,0.572,0.685,0.122,0.711,0.808,0.829,0.725,0.575,0.846,0.73,0.227,0.892,0.595,0.511,0.838,0.746,0.786,0.763,0.782,0.881,0.774,-0.003,0.777,0.792,0.556,0.591,0.805,0.603,0.774,0.859,0.412,0.866,0.851,0.567,0.711,0.171,0.761,0.828,0.803,0.885,0.101,0.562,0.855,0.611,0.487,0.644,0.657,0.299,0.404,0.834,0.685,0.655,0.789,0.694,0.419,0.569,0.271,0.735,0.544,0.822,-0.002,0.67,0.719,0.858,0.675,0.797,0.612,0.808,0.598,0.13,0.189,0.93,0.466,0.646,0.845,-0.002,0.678,0.54,0.745,0.434,0.724,0.703,0.811,-0.482,-0.111,0.279,-0.339,0.811,0.899,0.784,0.791,0.68,0.573,0.75,0.914,0.758
CAN,0.733,0.642,0.598,0.594,0.609,0.649,0.649,0.715,-0.335,0.617,0.758,-0.051,0.714,0.301,0.557,0.748,0.563,0.637,0.511,0.508,0.536,0.091,0.39,-0.238,0.334,0.492,0.649,0.0,0.509,0.702,0.367,0.712,0.475,0.609,0.223,0.712,0.542,-0.035,-0.029,-0.196,0.608,0.69,0.47,0.688,0.765,0.419,0.628,0.6,-0.045,0.639,-0.176,0.431,0.193,0.398,0.333,0.66,0.294,0.323,0.208,0.386,-0.211,0.488,-0.058,0.374,0.775,0.331,0.356,0.668,0.469,0.874,0.674,0.754,0.696,0.49,0.293,0.53,0.518,0.36,-0.028,0.548,-0.233,0.64,0.682,0.494,0.412,0.538,0.229,0.516,0.4,0.288,0.717,0.282,0.502,0.339,0.576,0.36,0.141,0.67,0.638,0.669,0.528,0.57,0.365,-0.122,0.523,0.668,0.019,0.718,0.626,0.448,0.605,0.582,0.639,0.421,0.331,0.598,0.465,0.419,0.763,0.689,0.544,0.563,0.578,0.648,0.657,-0.231,0.697,0.288,0.184,0.532,0.532,0.496,0.734,0.553,0.045,0.78,0.521,0.633,0.503,0.555,0.526,0.562,0.521,0.55,0.155,0.38,0.529,0.442,0.111,0.814,0.186,0.414,0.416,0.602,0.494,0.37,0.644,0.667,0.189,0.139,0.267,0.375,0.513,0.686,0.337,0.624,0.707,0.786,0.631,0.334,0.548,0.56,0.318,0.451,0.43,0.788,0.085,0.748,0.603,-0.396,0.589,0.731,0.553,0.511,0.577,0.384,0.734,-0.194,0.302,0.243,-0.071,0.68,0.671,0.632,0.696,0.7,0.318,0.662,0.534,0.743
CCEC,0.583,0.923,0.756,0.516,0.68,0.292,0.724,0.454,-0.505,0.545,0.586,0.565,0.646,-0.059,0.734,0.656,0.86,0.728,0.591,0.487,0.624,0.524,0.48,-0.048,0.716,0.674,0.604,0.509,0.0,0.692,0.465,0.537,0.47,0.854,0.401,0.611,0.851,0.125,0.087,-0.344,0.735,0.554,0.59,0.671,0.688,0.562,0.471,0.53,-0.044,0.78,0.121,0.55,0.464,0.435,0.665,0.658,0.747,0.617,-0.14,0.702,0.103,0.432,-0.018,0.496,0.799,0.72,0.589,0.491,0.833,0.611,0.712,0.699,0.867,0.752,0.804,0.39,0.818,0.457,0.303,0.782,-0.12,0.499,0.531,0.396,0.689,0.56,0.688,0.693,0.317,0.421,0.651,0.441,0.774,0.56,0.55,0.516,-0.058,0.773,0.346,0.837,0.716,0.487,0.646,0.091,0.362,0.495,0.44,0.639,0.638,0.194,0.687,0.836,0.715,0.753,0.473,0.577,0.208,0.847,0.559,0.777,0.782,0.819,0.558,0.674,0.711,-0.148,0.799,0.568,0.201,0.847,0.621,0.39,0.628,0.771,-0.024,0.576,0.762,0.687,0.585,0.641,0.662,0.74,0.768,0.547,0.13,0.069,0.494,0.767,0.295,0.538,0.098,0.682,0.591,0.606,0.866,0.415,0.586,0.722,0.189,0.24,0.1,0.387,0.74,0.738,-0.077,0.623,0.591,0.753,0.81,0.414,0.729,0.724,0.571,0.314,0.542,0.662,0.354,0.501,0.748,-0.256,0.667,0.566,0.66,0.658,0.749,0.575,0.842,-0.321,0.396,0.025,-0.223,0.751,0.499,0.723,0.788,0.778,0.653,0.753,0.518,0.708
CDW,0.754,0.847,0.857,0.686,0.709,0.757,0.956,0.629,-0.301,0.607,0.812,0.438,0.831,0.29,0.745,0.827,0.878,0.869,0.658,0.824,0.808,0.482,0.695,-0.212,0.76,0.773,0.878,0.702,0.692,0.0,0.668,0.701,0.622,0.767,0.705,0.685,0.817,0.317,0.232,-0.087,0.805,0.878,0.617,0.814,0.67,0.545,0.812,0.679,0.177,0.668,0.186,0.616,0.489,0.783,0.578,0.806,0.575,0.764,0.037,0.837,0.072,0.607,0.16,0.702,0.866,0.706,0.806,0.767,0.798,0.817,0.804,0.772,0.856,0.744,0.67,0.552,0.785,0.71,0.405,0.837,0.014,0.869,0.815,0.766,0.814,0.79,0.63,0.871,0.702,0.643,0.663,0.657,0.821,0.721,0.886,0.735,0.183,0.79,0.697,0.812,0.843,0.803,0.739,0.267,0.557,0.708,0.272,0.818,0.833,0.684,0.799,0.747,0.919,0.826,0.305,0.899,0.599,0.653,0.849,0.855,0.733,0.817,0.642,0.901,0.833,-0.163,0.89,0.761,0.455,0.731,0.842,0.641,0.867,0.906,0.25,0.867,0.86,0.675,0.774,0.414,0.655,0.866,0.857,0.852,0.017,0.503,0.856,0.755,0.519,0.71,0.517,0.469,0.597,0.831,0.795,0.524,0.813,0.839,0.312,0.564,0.235,0.637,0.718,0.917,0.12,0.722,0.786,0.906,0.854,0.738,0.778,0.839,0.67,0.33,0.48,0.87,0.454,0.81,0.957,-0.158,0.675,0.666,0.803,0.542,0.817,0.647,0.893,-0.428,0.144,0.177,-0.273,0.886,0.857,0.892,0.887,0.818,0.63,0.808,0.89,0.856
CDXS,0.615,0.544,0.555,0.47,0.621,0.532,0.726,0.592,-0.362,0.458,0.385,0.552,0.578,-0.049,0.343,0.465,0.613,0.8,0.553,0.71,0.462,0.672,0.762,-0.386,0.599,0.71,0.742,0.367,0.465,0.668,0.0,0.534,0.25,0.506,0.712,0.375,0.433,0.264,0.035,0.181,0.663,0.704,0.56,0.382,0.326,0.341,0.578,0.78,0.384,0.242,0.542,0.485,0.611,0.599,0.495,0.529,0.405,0.658,-0.27,0.751,0.492,0.667,0.14,0.655,0.564,0.552,0.718,0.459,0.518,0.401,0.641,0.4,0.641,0.556,0.587,0.376,0.595,0.753,0.339,0.676,0.33,0.668,0.611,0.634,0.693,0.723,0.425,0.683,0.467,0.703,0.347,0.714,0.769,0.752,0.727,0.732,0.029,0.341,0.647,0.631,0.702,0.668,0.835,0.334,0.369,0.756,0.047,0.66,0.782,0.669,0.687,0.569,0.713,0.502,-0.045,0.649,0.266,0.277,0.724,0.664,0.645,0.437,0.457,0.637,0.521,-0.187,0.654,0.56,0.543,0.406,0.7,0.349,0.658,0.722,0.169,0.677,0.624,0.488,0.676,0.19,0.691,0.688,0.701,0.667,-0.047,0.251,0.561,0.685,0.187,0.506,0.473,0.359,0.262,0.701,0.648,0.348,0.771,0.61,0.298,0.448,-0.125,0.82,0.531,0.678,-0.341,0.586,0.664,0.627,0.538,0.672,0.626,0.537,0.523,-0.123,-0.005,0.728,0.625,0.428,0.683,0.167,0.437,0.278,0.755,0.487,0.465,0.705,0.553,-0.333,-0.207,-0.087,-0.369,0.721,0.569,0.533,0.558,0.35,0.368,0.707,0.701,0.615
CELH,0.599,0.619,0.506,0.387,0.565,0.581,0.663,0.663,-0.174,0.879,0.65,0.154,0.848,0.451,0.616,0.667,0.529,0.658,0.599,0.573,0.665,0.222,0.307,-0.124,0.416,0.631,0.655,0.712,0.537,0.701,0.534,0.0,0.519,0.504,0.307,0.503,0.511,0.182,0.172,0.024,0.486,0.749,0.355,0.712,0.563,0.462,0.656,0.582,0.01,0.594,-0.086,0.32,0.4,0.497,0.272,0.5,0.515,0.419,0.26,0.466,-0.116,0.526,0.063,0.531,0.651,0.244,0.379,0.506,0.397,0.74,0.586,0.699,0.637,0.31,0.301,0.578,0.418,0.387,-0.004,0.443,0.014,0.646,0.619,0.587,0.389,0.469,0.336,0.46,0.559,0.381,0.642,0.375,0.471,0.408,0.605,0.414,0.243,0.594,0.678,0.593,0.413,0.489,0.487,0.091,0.633,0.608,0.014,0.664,0.596,0.462,0.49,0.505,0.564,0.496,0.37,0.583,0.513,0.414,0.722,0.613,0.594,0.62,0.489,0.612,0.559,0.008,0.59,0.444,0.179,0.582,0.504,0.524,0.712,0.538,0.27,0.635,0.606,0.658,0.473,0.439,0.651,0.635,0.439,0.534,0.154,0.302,0.419,0.482,0.173,0.6,0.319,0.276,0.563,0.628,0.593,0.467,0.748,0.492,0.132,0.306,0.393,0.453,0.405,0.619,0.285,0.753,0.603,0.787,0.649,0.419,0.451,0.702,0.33,0.494,0.353,0.722,0.102,0.601,0.701,-0.23,0.724,0.694,0.474,0.346,0.708,0.325,0.744,-0.07,0.279,0.398,0.088,0.607,0.65,0.593,0.685,0.663,0.284,0.575,0.535,0.799
