,ABEO,ACHC,AGNCN,AKAM,AKRO,ALRM,AMAT,AMED,AMRN,ANGI,APA,APOG,APPS,ARCB,ARCC,ARVN,ATEC,ATXS,AVAV,AXON,BANF,BATRK,BIDU,BLNE,BLNK,BTAI,BYND,CAN,CCEC,CDW,CDXS,CELH,CGNX,CHKP,CHRS,CHRW,CIGI,CKPT,CMPR,COGT,CRNC,CRSP,CSTL,CTSH,CVGW,DGLY,DNLI,DOCU,DVAX,EBAY,EHTH,ERII,ESLT,EXPE,EXPO,FBIOP,FFBC,FFIN,FOXF,FWRD,GDS,GERN,GPRE,GRWG,GRYP,HEES,HELE,HIVE,HON,HRTX,HSTM,HURA,IART,IBKR,IBOC,IBRX,IDXX,INGN,INM,INVA,IQ,IRBT,KDP,KPTI,KTOS,KXIN,LAMR,LFUS,LGIH,LGMK,LKFN,LNW,LOPE,LPSN,LYFT,MGNX,MLCO,MNST,MODV,MSTR,MTCH,MYGN,MYRG,NCMI,NEXT,NFLX,NIU,NKTR,NRC,NTNX,NTRA,NVEE,NVMI,NWL,NWS,NXPI,OCGN,OCSL,OKTA,OLLI,OTLK,OXLC,PAA,PARA,PARAA,PDCO,PDFS,PFG,PGEN,PNFP,PODD,POWI,PSMT,PTC,PTEN,PVLA,RDNT,RDUS,RDWR,REGN,RNAC,ROCK,ROST,RRR,RSLS,RVMD,RYAAY,SAFT,SAGE,SAVA,SBGI,SFM,SFNC,SHYF,SIBN,SIFY,SIGI,SIMO,SITM,SLM,SNBR,SNDX,SNY,SPNS,SRRK,STRA,SUPN,SYRE,TCBK,TEAM,TECH,THRM,TLRY,TRMK,TROW,TSLA,TWST,TXN,UFPI,UNIT,UPWK,USLM,UTHR,VERB,VLY,VRNA,VRRM,VXRT,WAFD,WATT,WBA,WING,WIX,WTFC,WTW,XPEL,XRX,YMAB,ZG,ZLAB
ABEO,0.0,0.869,0.389,0.682,0.474,0.24,0.569,-0.259,0.711,0.324,0.825,0.76,0.815,-0.602,0.877,0.737,-0.794,0.68,0.744,0.793,-0.56,-0.34,-0.129,0.875,0.873,0.858,0.847,0.708,0.356,-0.073,0.789,0.571,0.733,0.398,0.451,0.487,0.875,0.545,0.552,-0.228,0.823,0.478,0.618,0.101,-0.403,0.733,0.725,0.682,0.862,0.797,-0.665,0.831,-0.546,0.241,-0.821,0.078,0.425,0.786,-0.654,-0.164,0.454,0.547,0.86,0.74,0.859,-0.455,0.007,-0.054,0.441,0.354,-0.105,0.646,-0.567,-0.104,-0.624,-0.108,0.614,-0.375,0.407,-0.225,0.621,0.621,-0.346,0.533,0.821,0.403,0.792,0.351,-0.159,0.666,-0.129,0.826,-0.24,0.717,0.755,-0.561,-0.031,0.545,0.387,0.392,-0.193,0.467,0.817,0.83,0.686,-0.34,0.827,-0.394,-0.736,0.723,0.798,-0.053,0.725,0.013,-0.335,0.086,-0.167,0.852,-0.689,0.784,0.701,0.843,0.821,0.435,0.48,0.17,-0.136,0.373,0.591,0.019,0.781,0.392,0.846,0.518,0.833,0.533,0.585,0.48,0.42,0.459,0.855,-0.567,-0.678,0.698,0.092,0.309,0.03,-0.559,0.028,0.808,0.446,0.878,0.478,0.457,-0.502,0.757,-0.099,0.53,0.687,0.702,0.79,0.586,-0.357,-0.468,0.489,0.276,0.148,-0.678,0.325,0.584,0.514,0.598,0.895,-0.07,0.713,0.328,0.612,0.405,-0.621,0.686,0.843,0.303,-0.804,0.782,-0.042,0.538,-0.43,0.685,-0.158,0.745,0.113,0.541,0.726,0.723,-0.444,0.781,0.65,0.078,0.034,0.722
ACHC,0.869,0.0,0.459,0.876,0.657,0.515,0.62,-0.104,0.807,0.41,0.757,0.865,0.959,-0.797,0.913,0.877,-0.652,0.721,0.819,0.916,-0.718,-0.296,-0.213,0.91,0.876,0.931,0.853,0.588,0.547,0.142,0.928,0.484,0.843,0.633,0.557,0.77,0.932,0.696,0.64,-0.165,0.939,0.683,0.83,0.184,-0.575,0.848,0.875,0.862,0.948,0.895,-0.736,0.891,-0.475,0.243,-0.711,0.102,0.345,0.794,-0.767,-0.266,0.493,0.557,0.896,0.7,0.858,-0.61,0.248,-0.027,0.34,0.524,0.071,0.736,-0.35,-0.289,-0.659,-0.334,0.781,-0.092,0.341,-0.383,0.738,0.373,-0.515,0.672,0.921,0.31,0.845,0.41,-0.314,0.729,-0.256,0.869,-0.047,0.889,0.724,-0.763,-0.078,0.461,0.611,0.483,0.01,0.681,0.914,0.789,0.83,-0.325,0.833,-0.546,-0.832,0.822,0.931,0.003,0.81,-0.117,-0.118,0.056,-0.313,0.891,-0.547,0.719,0.653,0.823,0.912,0.445,0.508,0.345,0.057,0.314,0.696,-0.122,0.896,0.504,0.911,0.761,0.869,0.584,0.758,0.379,0.617,0.587,0.896,-0.623,-0.669,0.699,0.118,0.494,-0.147,-0.732,0.128,0.882,0.269,0.922,0.484,0.539,-0.265,0.822,-0.028,0.508,0.853,0.817,0.902,0.747,-0.109,-0.514,0.635,0.457,0.311,-0.699,0.202,0.694,0.738,0.622,0.858,-0.213,0.763,0.427,0.75,0.482,-0.716,0.488,0.903,0.414,-0.746,0.851,-0.147,0.684,-0.243,0.76,-0.276,0.818,0.168,0.729,0.849,0.687,-0.493,0.883,0.814,0.246,0.144,0.592
AGNCN,0.389,0.459,0.0,0.493,0.492,0.348,0.299,-0.412,0.509,0.099,0.409,0.486,0.436,-0.545,0.532,0.597,-0.069,0.382,0.49,0.559,-0.456,-0.376,-0.258,0.424,0.469,0.493,0.338,0.318,0.586,0.463,0.392,0.041,0.505,0.441,0.528,0.384,0.464,0.334,0.632,0.262,0.492,0.491,0.529,-0.269,-0.553,0.281,0.493,0.559,0.438,0.559,-0.464,0.609,-0.065,-0.043,-0.267,0.009,0.188,0.404,-0.521,-0.339,0.254,0.09,0.436,0.131,0.417,-0.461,0.284,0.02,-0.197,0.559,-0.035,0.444,-0.086,-0.433,-0.23,-0.446,0.613,0.11,-0.007,-0.292,0.547,0.033,-0.5,0.487,0.451,-0.215,0.435,0.012,-0.48,0.64,-0.328,0.412,-0.07,0.529,0.427,-0.553,-0.269,-0.014,0.508,0.637,0.037,0.412,0.461,0.375,0.449,-0.209,0.331,-0.161,-0.567,0.653,0.452,0.004,0.394,-0.491,-0.299,-0.008,-0.508,0.522,-0.135,0.38,0.236,0.387,0.573,0.177,0.151,0.378,0.101,-0.068,0.182,-0.252,0.461,0.412,0.551,0.441,0.504,0.232,0.541,-0.133,0.512,0.545,0.484,-0.53,-0.545,0.269,0.385,0.542,-0.226,-0.569,-0.287,0.581,-0.133,0.538,0.217,-0.176,-0.06,0.624,0.331,0.166,0.598,0.462,0.315,0.35,0.152,-0.338,0.594,0.496,0.488,-0.43,-0.14,0.577,0.584,0.076,0.322,-0.306,0.463,0.109,0.402,0.256,-0.561,0.222,0.407,0.033,-0.315,0.353,-0.202,0.563,0.127,0.545,-0.315,0.287,0.137,0.451,0.574,0.289,-0.486,0.441,0.41,0.014,-0.137,0.13
AKAM,0.682,0.876,0.493,0.0,0.784,0.573,0.543,-0.123,0.837,0.388,0.552,0.764,0.878,-0.923,0.818,0.897,-0.388,0.761,0.773,0.9,-0.854,-0.334,-0.459,0.795,0.794,0.882,0.724,0.347,0.733,0.429,0.858,0.3,0.774,0.815,0.617,0.841,0.847,0.717,0.684,-0.037,0.914,0.789,0.93,0.017,-0.723,0.794,0.942,0.921,0.888,0.9,-0.75,0.85,-0.247,0.006,-0.575,0.015,0.174,0.611,-0.893,-0.475,0.358,0.473,0.803,0.449,0.705,-0.828,0.466,0.007,0.022,0.731,0.218,0.773,-0.159,-0.537,-0.646,-0.642,0.873,0.163,0.109,-0.502,0.747,0.122,-0.723,0.783,0.884,0.17,0.791,0.165,-0.546,0.704,-0.445,0.739,0.018,0.924,0.509,-0.907,-0.313,0.214,0.794,0.622,0.166,0.816,0.788,0.632,0.876,-0.333,0.623,-0.556,-0.846,0.862,0.911,-0.004,0.712,-0.451,-0.028,-0.045,-0.47,0.752,-0.276,0.548,0.413,0.702,0.905,0.305,0.33,0.513,0.226,0.012,0.674,-0.365,0.853,0.527,0.837,0.847,0.819,0.546,0.883,0.027,0.783,0.688,0.805,-0.742,-0.679,0.479,0.312,0.686,-0.381,-0.884,0.016,0.858,-0.041,0.849,0.363,0.34,-0.001,0.751,0.118,0.236,0.916,0.699,0.77,0.776,0.191,-0.653,0.723,0.625,0.552,-0.653,-0.091,0.759,0.897,0.306,0.732,-0.474,0.713,0.357,0.737,0.429,-0.848,0.291,0.79,0.389,-0.585,0.76,-0.399,0.766,0.023,0.753,-0.497,0.761,0.265,0.832,0.863,0.495,-0.613,0.844,0.876,0.364,0.06,0.267
AKRO,0.474,0.657,0.492,0.784,0.0,0.454,0.108,-0.235,0.897,0.088,0.464,0.699,0.729,-0.903,0.656,0.846,-0.187,0.694,0.658,0.768,-0.578,-0.551,-0.688,0.556,0.699,0.783,0.432,0.316,0.842,0.55,0.593,0.006,0.471,0.695,0.816,0.815,0.67,0.744,0.759,0.133,0.759,0.715,0.901,-0.203,-0.693,0.734,0.755,0.875,0.747,0.746,-0.683,0.725,0.16,-0.397,-0.344,0.039,0.265,0.601,-0.841,-0.55,0.366,0.6,0.565,0.166,0.515,-0.87,0.719,-0.24,-0.322,0.836,0.302,0.563,0.118,-0.732,-0.246,-0.756,0.695,0.434,-0.215,-0.692,0.663,-0.013,-0.901,0.826,0.665,-0.176,0.53,-0.012,-0.735,0.713,-0.334,0.454,0.245,0.775,0.277,-0.925,-0.439,-0.227,0.889,0.624,0.077,0.682,0.617,0.383,0.882,-0.498,0.299,-0.455,-0.817,0.768,0.78,0.074,0.318,-0.621,-0.166,-0.411,-0.381,0.664,-0.22,0.424,0.089,0.55,0.808,0.068,0.102,0.765,0.337,-0.081,0.594,-0.395,0.597,0.231,0.734,0.593,0.736,0.142,0.905,-0.204,0.671,0.86,0.544,-0.704,-0.668,0.115,0.406,0.898,-0.553,-0.802,0.005,0.791,-0.327,0.702,0.46,0.082,0.215,0.783,0.239,0.014,0.797,0.5,0.552,0.765,0.245,-0.676,0.8,0.802,0.744,-0.249,-0.135,0.647,0.76,0.046,0.515,-0.499,0.708,0.03,0.504,0.017,-0.809,0.004,0.523,0.413,-0.328,0.602,-0.323,0.837,0.253,0.802,-0.29,0.68,0.286,0.62,0.695,0.251,-0.645,0.647,0.8,0.222,-0.167,0.014
ALRM,0.24,0.515,0.348,0.573,0.454,0.0,0.511,0.303,0.522,0.75,0.039,0.529,0.597,-0.461,0.45,0.587,0.133,0.463,0.539,0.597,-0.514,0.281,0.046,0.361,0.303,0.397,0.396,-0.1,0.508,0.42,0.637,0.011,0.684,0.51,0.338,0.55,0.389,0.404,0.498,0.357,0.465,0.802,0.587,0.236,-0.555,0.404,0.621,0.531,0.406,0.359,-0.15,0.407,-0.094,0.334,0.061,0.356,-0.023,0.114,-0.375,-0.072,0.264,0.166,0.496,0.273,0.443,-0.359,0.483,0.294,0.046,0.443,0.393,0.641,0.181,-0.446,-0.357,-0.44,0.691,0.222,0.2,0.019,0.599,-0.073,-0.383,0.527,0.472,0.176,0.606,0.382,-0.201,0.464,-0.328,0.493,0.337,0.712,0.359,-0.475,0.007,0.127,0.59,0.457,0.734,0.793,0.538,0.442,0.455,0.341,0.423,-0.188,-0.408,0.502,0.458,0.32,0.56,-0.178,0.513,0.4,-0.468,0.456,0.243,0.267,0.384,0.08,0.447,0.596,0.595,0.128,0.538,-0.107,0.349,-0.23,0.666,0.693,0.435,0.83,0.239,0.41,0.545,-0.162,0.705,0.238,0.476,-0.101,-0.013,0.38,0.275,0.416,-0.03,-0.451,0.135,0.447,0.002,0.339,0.088,0.228,0.34,0.43,0.287,0.192,0.666,0.506,0.435,0.504,0.463,0.076,0.495,0.41,0.451,-0.345,-0.094,0.71,0.71,0.249,0.182,-0.274,0.365,0.72,0.779,0.613,-0.266,0.118,0.568,0.341,-0.131,0.328,-0.218,0.419,0.09,0.431,-0.417,0.361,-0.109,0.796,0.726,0.296,-0.315,0.474,0.41,0.658,0.639,0.149
AMAT,0.569,0.62,0.299,0.543,0.108,0.511,0.0,0.005,0.297,0.576,0.498,0.559,0.609,-0.343,0.672,0.479,-0.407,0.547,0.702,0.619,-0.574,0.116,0.279,0.737,0.557,0.507,0.808,0.428,0.149,0.024,0.645,0.686,0.837,0.277,0.007,0.232,0.562,0.109,0.283,0.053,0.603,0.413,0.393,0.276,-0.375,0.349,0.628,0.472,0.542,0.51,-0.326,0.591,-0.679,0.62,-0.527,0.095,0.228,0.401,-0.347,0.208,0.074,-0.01,0.691,0.674,0.643,-0.148,-0.281,0.404,0.573,0.078,0.107,0.652,-0.598,0.08,-0.754,0.014,0.661,-0.325,0.641,0.269,0.533,0.48,0.03,0.137,0.706,0.47,0.693,0.483,0.2,0.473,-0.068,0.846,-0.484,0.592,0.83,-0.29,-0.07,0.732,0.105,0.41,0.321,0.572,0.727,0.735,0.319,0.308,0.793,-0.39,-0.367,0.62,0.53,0.352,0.929,0.135,0.012,0.683,-0.198,0.575,-0.334,0.579,0.852,0.537,0.527,0.683,0.607,-0.34,0.118,0.262,0.135,0.076,0.795,0.843,0.503,0.681,0.483,0.781,0.367,0.297,0.575,0.039,0.778,-0.266,-0.289,0.874,0.237,-0.072,0.25,-0.334,-0.301,0.529,0.591,0.513,0.229,0.355,-0.402,0.421,0.002,0.69,0.613,0.64,0.615,0.39,-0.171,-0.009,0.18,-0.071,-0.011,-0.826,0.331,0.593,0.509,0.633,0.554,-0.007,0.533,0.759,0.625,0.928,-0.289,0.569,0.773,0.008,-0.654,0.615,0.041,0.164,-0.417,0.257,-0.296,0.427,-0.205,0.601,0.712,0.714,-0.326,0.686,0.249,0.177,0.465,0.624
AMED,-0.259,-0.104,-0.412,-0.123,-0.235,0.303,0.005,0.0,-0.191,0.46,-0.378,-0.163,-0.052,0.283,-0.277,-0.282,0.216,-0.274,-0.213,-0.255,0.2,0.527,0.401,-0.229,-0.305,-0.243,-0.162,-0.351,-0.336,-0.24,0.075,0.011,-0.093,-0.031,-0.422,-0.02,-0.235,-0.036,-0.479,-0.136,-0.234,0.001,-0.198,0.661,0.364,0.031,-0.147,-0.264,-0.194,-0.34,0.404,-0.45,-0.067,0.325,0.3,0.125,-0.226,-0.374,0.381,0.296,-0.115,0.192,-0.182,0.109,-0.125,0.265,0.04,0.255,0.249,-0.359,0.336,-0.097,0.144,0.173,0.002,0.203,-0.266,-0.045,0.117,0.241,-0.187,-0.16,0.309,-0.209,-0.17,0.47,-0.103,0.29,0.408,-0.291,0.187,-0.156,0.411,-0.129,-0.193,0.267,0.344,0.206,-0.147,-0.464,0.476,0.015,-0.144,-0.161,-0.176,0.519,-0.039,-0.062,0.388,-0.381,-0.172,0.177,-0.023,0.423,0.639,0.236,0.344,-0.282,0.351,-0.387,-0.033,-0.347,-0.316,0.227,0.264,-0.306,0.21,0.036,0.113,0.18,-0.071,0.049,-0.286,0.088,-0.4,-0.047,-0.283,0.124,-0.19,-0.483,-0.257,0.534,0.529,-0.11,-0.49,-0.313,0.26,0.331,0.572,-0.397,0.121,-0.371,-0.133,0.432,0.383,-0.458,-0.2,-0.016,-0.209,-0.197,-0.01,-0.086,0.143,0.411,-0.366,-0.323,-0.356,0.3,0.121,-0.251,-0.183,0.186,-0.198,0.254,-0.262,0.342,0.025,0.166,0.449,-0.221,-0.072,0.321,0.16,-0.113,0.081,-0.392,-0.021,-0.33,0.156,-0.038,-0.201,-0.006,-0.184,-0.139,0.403,-0.154,-0.163,0.457,0.676,0.004
AMRN,0.711,0.807,0.509,0.837,0.897,0.522,0.297,-0.191,0.0,0.306,0.547,0.804,0.857,-0.864,0.791,0.926,-0.372,0.79,0.756,0.898,-0.674,-0.407,-0.51,0.693,0.801,0.895,0.644,0.417,0.771,0.372,0.775,0.126,0.648,0.604,0.761,0.824,0.788,0.797,0.804,0.112,0.844,0.801,0.908,-0.122,-0.717,0.814,0.866,0.871,0.857,0.791,-0.658,0.816,-0.088,-0.121,-0.496,0.096,0.246,0.648,-0.845,-0.43,0.533,0.661,0.788,0.44,0.744,-0.794,0.63,-0.12,-0.068,0.777,0.169,0.727,-0.078,-0.658,-0.435,-0.637,0.771,0.165,0.062,-0.555,0.768,0.194,-0.834,0.861,0.783,0.062,0.754,0.151,-0.576,0.782,-0.371,0.639,0.19,0.885,0.487,-0.871,-0.259,-0.02,0.851,0.633,0.089,0.781,0.747,0.629,0.908,-0.421,0.57,-0.404,-0.89,0.831,0.866,0.013,0.49,-0.435,-0.112,-0.174,-0.4,0.787,-0.35,0.628,0.365,0.612,0.879,0.302,0.36,0.597,0.24,-0.011,0.702,-0.342,0.756,0.384,0.867,0.676,0.781,0.362,0.909,-0.027,0.698,0.753,0.743,-0.659,-0.624,0.36,0.3,0.8,-0.351,-0.819,0.072,0.863,-0.066,0.821,0.422,0.23,0.0,0.836,0.101,0.182,0.881,0.668,0.73,0.852,0.129,-0.595,0.827,0.727,0.612,-0.444,-0.046,0.773,0.771,0.209,0.686,-0.443,0.723,0.272,0.73,0.192,-0.78,0.263,0.747,0.528,-0.496,0.673,-0.319,0.833,-0.041,0.864,-0.363,0.784,0.123,0.764,0.824,0.433,-0.639,0.746,0.838,0.347,0.05,0.277
ANGI,0.324,0.41,0.099,0.388,0.088,0.75,0.576,0.46,0.306,0.0,0.076,0.419,0.458,-0.166,0.364,0.331,-0.012,0.3,0.388,0.383,-0.324,0.442,0.293,0.337,0.227,0.271,0.403,-0.109,0.195,0.07,0.584,0.233,0.566,0.261,-0.037,0.284,0.331,0.188,0.174,0.087,0.313,0.52,0.276,0.45,-0.184,0.314,0.445,0.234,0.279,0.21,0.038,0.222,-0.349,0.58,-0.088,0.26,0.044,0.047,-0.129,0.163,0.1,0.189,0.477,0.378,0.424,-0.068,0.158,0.419,0.38,0.088,0.274,0.521,-0.129,-0.12,-0.373,-0.13,0.42,-0.272,0.401,0.287,0.375,0.188,-0.02,0.26,0.368,0.599,0.63,0.48,0.16,0.257,-0.036,0.487,0.165,0.483,0.398,-0.173,0.231,0.434,0.248,0.159,0.734,0.599,0.435,0.553,0.254,0.477,0.471,-0.153,-0.174,0.284,0.273,0.249,0.565,0.173,0.478,0.58,-0.182,0.35,0.181,0.187,0.499,0.048,0.276,0.692,0.638,-0.228,0.464,0.137,0.309,0.107,0.545,0.589,0.279,0.635,0.119,0.41,0.249,0.14,0.442,-0.124,0.395,0.144,0.084,0.464,0.061,0.007,0.36,-0.175,0.242,0.226,0.363,0.217,0.088,0.418,0.164,0.187,0.169,0.298,0.42,0.39,0.402,0.308,0.16,0.24,0.143,-0.004,0.043,-0.315,0.168,0.459,0.405,0.383,0.24,0.085,0.199,0.773,0.646,0.68,-0.038,0.413,0.55,0.293,-0.271,0.249,0.021,0.1,-0.113,0.176,-0.178,0.291,-0.142,0.652,0.517,0.399,-0.068,0.346,0.237,0.58,0.753,0.379
APA,0.825,0.757,0.409,0.552,0.464,0.039,0.498,-0.378,0.547,0.076,0.0,0.763,0.718,-0.566,0.822,0.638,-0.795,0.563,0.715,0.666,-0.382,-0.623,-0.165,0.864,0.871,0.796,0.752,0.842,0.332,-0.102,0.593,0.699,0.605,0.307,0.377,0.375,0.844,0.423,0.455,-0.341,0.785,0.204,0.55,0.077,-0.258,0.674,0.56,0.653,0.784,0.792,-0.702,0.803,-0.531,0.122,-0.858,-0.114,0.617,0.919,-0.575,-0.072,0.294,0.469,0.721,0.619,0.728,-0.375,-0.142,-0.23,0.437,0.241,-0.086,0.418,-0.656,-0.011,-0.467,-0.053,0.457,-0.353,0.268,-0.346,0.509,0.679,-0.282,0.31,0.761,0.213,0.621,0.266,-0.111,0.634,0.12,0.779,-0.42,0.533,0.784,-0.537,-0.14,0.502,0.252,0.314,-0.331,0.273,0.803,0.735,0.647,-0.456,0.707,-0.563,-0.667,0.696,0.73,0.014,0.651,0.031,-0.632,-0.089,0.048,0.837,-0.801,0.739,0.635,0.913,0.788,0.224,0.186,0.169,-0.148,0.59,0.381,0.193,0.622,0.225,0.767,0.326,0.888,0.348,0.527,0.581,0.295,0.491,0.73,-0.564,-0.813,0.644,0.152,0.237,0.076,-0.464,-0.138,0.755,0.467,0.806,0.687,0.392,-0.534,0.76,-0.036,0.606,0.569,0.635,0.725,0.511,-0.585,-0.482,0.336,0.143,0.036,-0.565,0.525,0.377,0.368,0.68,0.843,0.089,0.795,0.072,0.3,0.304,-0.591,0.599,0.712,0.108,-0.872,0.816,0.195,0.445,-0.316,0.567,0.098,0.699,0.181,0.309,0.567,0.719,-0.445,0.745,0.543,-0.321,-0.213,0.694
APOG,0.76,0.865,0.486,0.764,0.699,0.529,0.559,-0.163,0.804,0.419,0.763,0.0,0.889,-0.726,0.882,0.849,-0.509,0.735,0.846,0.87,-0.564,-0.363,-0.241,0.838,0.853,0.876,0.791,0.603,0.59,0.186,0.769,0.441,0.791,0.466,0.491,0.662,0.866,0.644,0.696,0.003,0.869,0.594,0.793,0.108,-0.598,0.79,0.789,0.803,0.847,0.8,-0.619,0.86,-0.382,0.197,-0.61,0.063,0.515,0.819,-0.691,-0.092,0.385,0.507,0.857,0.612,0.83,-0.524,0.302,-0.029,0.311,0.49,0.219,0.711,-0.346,-0.367,-0.477,-0.369,0.732,-0.099,0.298,-0.333,0.745,0.438,-0.551,0.591,0.863,0.24,0.846,0.413,-0.243,0.745,-0.08,0.852,-0.094,0.804,0.738,-0.726,-0.156,0.306,0.634,0.548,0.1,0.679,0.914,0.833,0.81,-0.283,0.76,-0.535,-0.792,0.843,0.827,0.176,0.709,-0.122,-0.173,0.055,-0.246,0.894,-0.536,0.735,0.647,0.728,0.881,0.5,0.459,0.311,0.156,0.378,0.532,0.01,0.828,0.502,0.861,0.674,0.84,0.46,0.801,0.308,0.662,0.533,0.826,-0.489,-0.621,0.667,0.309,0.488,-0.033,-0.64,-0.055,0.839,0.329,0.812,0.648,0.39,-0.21,0.847,0.148,0.474,0.835,0.834,0.825,0.781,-0.186,-0.422,0.569,0.419,0.343,-0.568,0.345,0.697,0.662,0.581,0.773,-0.122,0.827,0.383,0.666,0.442,-0.624,0.529,0.843,0.375,-0.74,0.772,0.058,0.639,-0.175,0.716,-0.129,0.81,0.005,0.735,0.83,0.732,-0.57,0.817,0.73,0.14,0.126,0.553
APPS,0.815,0.959,0.436,0.878,0.729,0.597,0.609,-0.052,0.857,0.458,0.718,0.889,0.0,-0.817,0.902,0.893,-0.576,0.772,0.847,0.927,-0.712,-0.29,-0.259,0.897,0.886,0.933,0.84,0.539,0.595,0.19,0.911,0.479,0.828,0.633,0.577,0.786,0.918,0.693,0.657,-0.124,0.948,0.718,0.875,0.159,-0.579,0.883,0.907,0.888,0.94,0.878,-0.728,0.864,-0.429,0.202,-0.65,0.066,0.333,0.768,-0.764,-0.222,0.447,0.592,0.894,0.687,0.834,-0.643,0.323,-0.062,0.293,0.535,0.186,0.76,-0.324,-0.347,-0.644,-0.414,0.79,-0.017,0.286,-0.398,0.732,0.373,-0.584,0.67,0.929,0.318,0.849,0.361,-0.31,0.736,-0.195,0.876,-0.027,0.917,0.711,-0.796,-0.141,0.394,0.646,0.477,0.139,0.767,0.932,0.793,0.88,-0.284,0.792,-0.6,-0.829,0.839,0.943,0.092,0.79,-0.155,-0.092,0.04,-0.257,0.885,-0.476,0.694,0.644,0.786,0.911,0.445,0.481,0.336,0.2,0.282,0.691,-0.123,0.904,0.517,0.894,0.784,0.854,0.557,0.818,0.306,0.676,0.573,0.872,-0.579,-0.627,0.659,0.191,0.535,-0.157,-0.743,0.112,0.888,0.24,0.875,0.523,0.531,-0.14,0.823,-0.004,0.471,0.881,0.799,0.896,0.812,-0.086,-0.494,0.642,0.465,0.343,-0.633,0.238,0.714,0.759,0.608,0.83,-0.223,0.793,0.464,0.762,0.48,-0.702,0.411,0.913,0.446,-0.719,0.875,-0.131,0.67,-0.169,0.762,-0.287,0.845,0.1,0.767,0.876,0.665,-0.56,0.906,0.802,0.279,0.213,0.545
ARCB,-0.602,-0.797,-0.545,-0.923,-0.903,-0.461,-0.343,0.283,-0.864,-0.166,-0.566,-0.726,-0.817,0.0,-0.788,-0.908,0.347,-0.739,-0.721,-0.872,0.806,0.543,0.657,-0.732,-0.806,-0.877,-0.619,-0.376,-0.816,-0.503,-0.731,-0.205,-0.619,-0.806,-0.746,-0.858,-0.804,-0.725,-0.73,-0.002,-0.895,-0.744,-0.96,0.172,0.731,-0.784,-0.892,-0.962,-0.864,-0.907,0.84,-0.845,0.092,0.256,0.548,0.04,-0.208,-0.665,0.945,0.602,-0.392,-0.507,-0.695,-0.324,-0.626,0.932,-0.541,0.185,0.196,-0.826,-0.17,-0.688,0.07,0.637,0.511,0.751,-0.826,-0.324,0.07,0.664,-0.706,-0.056,0.839,-0.799,-0.822,0.052,-0.64,0.026,0.709,-0.752,0.418,-0.625,-0.04,-0.871,-0.43,0.989,0.446,0.006,-0.831,-0.652,-0.045,-0.75,-0.715,-0.494,-0.916,0.51,-0.47,0.603,0.889,-0.866,-0.902,0.023,-0.535,0.614,0.203,0.287,0.457,-0.739,0.29,-0.519,-0.239,-0.712,-0.909,-0.095,-0.135,-0.668,-0.213,0.05,-0.624,0.438,-0.74,-0.375,-0.834,-0.721,-0.848,-0.394,-0.927,0.096,-0.741,-0.838,-0.718,0.855,0.771,-0.302,-0.403,-0.831,0.569,0.919,0.047,-0.886,0.22,-0.848,-0.407,-0.183,-0.058,-0.809,-0.15,-0.173,-0.89,-0.602,-0.695,-0.778,-0.191,0.774,-0.816,-0.727,-0.659,0.531,0.15,-0.706,-0.876,-0.153,-0.672,0.55,-0.733,-0.132,-0.594,-0.196,0.934,-0.092,-0.673,-0.333,0.489,-0.736,0.413,-0.854,-0.156,-0.814,0.448,-0.716,-0.346,-0.718,-0.794,-0.372,0.709,-0.806,-0.869,-0.208,0.161,-0.107
ARCC,0.877,0.913,0.532,0.818,0.656,0.45,0.672,-0.277,0.791,0.364,0.822,0.882,0.902,-0.788,0.0,0.872,-0.629,0.791,0.871,0.919,-0.695,-0.404,-0.275,0.945,0.94,0.934,0.897,0.686,0.565,0.194,0.818,0.565,0.836,0.57,0.524,0.64,0.915,0.59,0.702,-0.032,0.931,0.618,0.794,0.015,-0.618,0.77,0.866,0.858,0.923,0.894,-0.74,0.937,-0.481,0.167,-0.765,0.084,0.467,0.831,-0.791,-0.229,0.398,0.471,0.903,0.684,0.895,-0.607,0.142,0.026,0.295,0.534,0.041,0.747,-0.488,-0.297,-0.623,-0.338,0.81,-0.155,0.345,-0.302,0.763,0.504,-0.507,0.607,0.926,0.255,0.838,0.317,-0.306,0.823,-0.169,0.918,-0.264,0.856,0.814,-0.756,-0.21,0.435,0.557,0.622,-0.0,0.674,0.92,0.838,0.784,-0.295,0.824,-0.558,-0.838,0.908,0.884,0.092,0.815,-0.189,-0.291,0.094,-0.302,0.949,-0.596,0.801,0.696,0.862,0.932,0.495,0.484,0.263,0.05,0.321,0.509,-0.07,0.892,0.583,0.899,0.701,0.913,0.586,0.785,0.284,0.698,0.588,0.923,-0.674,-0.738,0.717,0.33,0.482,-0.134,-0.714,-0.128,0.925,0.329,0.91,0.566,0.355,-0.366,0.866,0.053,0.557,0.879,0.812,0.846,0.737,-0.197,-0.542,0.638,0.41,0.349,-0.754,0.267,0.745,0.733,0.541,0.873,-0.197,0.844,0.39,0.685,0.514,-0.763,0.562,0.893,0.226,-0.788,0.842,-0.045,0.667,-0.228,0.778,-0.237,0.8,0.1,0.713,0.878,0.747,-0.628,0.89,0.744,0.099,0.061,0.592
ARVN,0.737,0.877,0.597,0.897,0.846,0.587,0.479,-0.282,0.926,0.331,0.638,0.849,0.893,-0.908,0.872,0.0,-0.423,0.819,0.82,0.964,-0.783,-0.419,-0.429,0.809,0.832,0.928,0.75,0.466,0.815,0.395,0.831,0.218,0.799,0.656,0.735,0.81,0.844,0.752,0.838,0.122,0.916,0.819,0.94,-0.1,-0.805,0.785,0.918,0.939,0.898,0.881,-0.736,0.925,-0.214,-0.006,-0.548,0.072,0.277,0.708,-0.897,-0.409,0.528,0.49,0.86,0.478,0.786,-0.786,0.491,-0.095,0.027,0.774,0.104,0.763,-0.139,-0.628,-0.55,-0.618,0.894,0.11,0.143,-0.515,0.875,0.219,-0.779,0.841,0.858,0.011,0.808,0.206,-0.572,0.83,-0.416,0.759,0.05,0.946,0.615,-0.897,-0.296,0.108,0.819,0.709,0.1,0.809,0.852,0.698,0.896,-0.382,0.651,-0.45,-0.946,0.915,0.921,0.034,0.662,-0.435,-0.15,-0.04,-0.505,0.858,-0.394,0.732,0.49,0.692,0.945,0.341,0.371,0.513,0.195,0.039,0.621,-0.335,0.863,0.512,0.912,0.793,0.847,0.489,0.926,0.022,0.786,0.788,0.853,-0.728,-0.693,0.515,0.392,0.756,-0.321,-0.878,-0.058,0.923,0.016,0.911,0.417,0.22,-0.104,0.897,0.129,0.35,0.951,0.761,0.786,0.842,0.115,-0.576,0.836,0.688,0.622,-0.627,-0.025,0.855,0.868,0.313,0.719,-0.454,0.784,0.354,0.787,0.362,-0.84,0.335,0.829,0.387,-0.559,0.747,-0.312,0.882,-0.086,0.847,-0.447,0.76,0.162,0.819,0.907,0.52,-0.671,0.814,0.82,0.299,0.045,0.369
ATEC,-0.794,-0.652,-0.069,-0.388,-0.187,0.133,-0.407,0.216,-0.372,-0.012,-0.795,-0.509,-0.576,0.347,-0.629,-0.423,0.0,-0.454,-0.448,-0.495,0.341,0.377,-0.002,-0.728,-0.7,-0.652,-0.721,-0.736,0.016,0.472,-0.518,-0.673,-0.435,-0.079,-0.138,-0.24,-0.707,-0.356,-0.159,0.581,-0.63,-0.04,-0.338,-0.178,0.045,-0.624,-0.421,-0.415,-0.686,-0.595,0.6,-0.573,0.676,-0.274,0.865,0.134,-0.396,-0.731,0.391,-0.038,-0.409,-0.452,-0.646,-0.767,-0.663,0.188,0.333,0.265,-0.611,0.005,0.326,-0.28,0.7,-0.203,0.57,-0.182,-0.21,0.517,-0.415,0.265,-0.307,-0.711,0.088,-0.152,-0.63,-0.402,-0.51,-0.216,-0.135,-0.345,-0.094,-0.646,0.397,-0.366,-0.628,0.286,-0.075,-0.59,0.003,0.016,0.515,-0.105,-0.613,-0.619,-0.482,0.45,-0.682,0.481,0.521,-0.401,-0.629,0.23,-0.523,-0.303,0.47,0.053,-0.203,-0.63,0.873,-0.679,-0.629,-0.792,-0.57,-0.142,-0.196,0.041,0.468,-0.532,-0.431,-0.202,-0.482,-0.046,-0.595,-0.14,-0.681,-0.444,-0.29,-0.74,-0.025,-0.214,-0.634,0.416,0.557,-0.622,0.124,0.016,-0.139,0.299,-0.113,-0.54,-0.569,-0.675,-0.442,-0.549,0.699,-0.467,0.475,-0.524,-0.336,-0.512,-0.72,-0.387,0.699,0.388,-0.13,0.056,0.261,0.561,-0.5,-0.155,-0.107,-0.651,-0.838,-0.119,-0.523,-0.116,-0.26,-0.175,0.393,-0.526,-0.648,-0.175,0.796,-0.694,-0.134,-0.243,0.618,-0.371,-0.046,-0.609,-0.007,-0.163,-0.34,-0.613,0.291,-0.602,-0.421,0.211,0.117,-0.711
ATXS,0.68,0.721,0.382,0.761,0.694,0.463,0.547,-0.274,0.79,0.3,0.563,0.735,0.772,-0.739,0.791,0.819,-0.454,0.0,0.795,0.842,-0.647,-0.278,-0.329,0.76,0.762,0.805,0.787,0.451,0.633,0.295,0.685,0.346,0.737,0.427,0.486,0.634,0.726,0.573,0.691,0.111,0.81,0.644,0.767,-0.048,-0.701,0.676,0.821,0.775,0.821,0.705,-0.573,0.802,-0.215,0.061,-0.541,0.057,0.398,0.644,-0.716,-0.124,0.323,0.436,0.801,0.55,0.724,-0.603,0.299,0.048,0.181,0.557,0.216,0.728,-0.317,-0.452,-0.519,-0.442,0.762,0.048,0.273,-0.306,0.734,0.368,-0.588,0.615,0.801,0.14,0.748,0.266,-0.305,0.63,-0.214,0.754,-0.178,0.802,0.626,-0.705,-0.273,0.166,0.613,0.612,0.122,0.748,0.792,0.731,0.74,-0.246,0.624,-0.434,-0.768,0.81,0.796,0.205,0.64,-0.258,-0.142,0.117,-0.306,0.759,-0.474,0.678,0.576,0.631,0.788,0.432,0.41,0.259,0.172,0.127,0.489,-0.119,0.812,0.543,0.725,0.65,0.736,0.549,0.822,0.063,0.749,0.57,0.813,-0.582,-0.54,0.575,0.574,0.517,-0.174,-0.655,-0.21,0.803,0.212,0.732,0.49,0.259,-0.198,0.722,0.028,0.365,0.815,0.725,0.696,0.802,-0.05,-0.458,0.59,0.492,0.504,-0.632,0.165,0.747,0.672,0.329,0.689,-0.281,0.759,0.425,0.695,0.427,-0.639,0.385,0.781,0.318,-0.551,0.705,-0.114,0.635,-0.23,0.618,-0.319,0.719,-0.074,0.694,0.815,0.613,-0.637,0.776,0.675,0.281,0.115,0.391
AVAV,0.744,0.819,0.49,0.773,0.658,0.539,0.702,-0.213,0.756,0.388,0.715,0.846,0.847,-0.721,0.871,0.82,-0.448,0.795,0.0,0.888,-0.606,-0.334,-0.216,0.858,0.855,0.822,0.832,0.59,0.564,0.337,0.756,0.55,0.856,0.518,0.537,0.607,0.798,0.471,0.688,0.16,0.858,0.65,0.762,0.086,-0.581,0.663,0.82,0.843,0.815,0.775,-0.59,0.86,-0.329,0.137,-0.612,0.157,0.46,0.729,-0.68,-0.136,0.297,0.394,0.792,0.574,0.761,-0.557,0.179,0.059,0.256,0.496,0.258,0.758,-0.423,-0.301,-0.584,-0.334,0.811,0.021,0.273,-0.192,0.726,0.483,-0.467,0.524,0.87,0.193,0.769,0.44,-0.24,0.798,-0.131,0.863,-0.244,0.827,0.813,-0.709,-0.327,0.385,0.529,0.642,0.162,0.727,0.888,0.776,0.729,-0.071,0.755,-0.504,-0.707,0.89,0.808,0.364,0.794,-0.188,-0.213,0.211,-0.236,0.849,-0.477,0.707,0.657,0.739,0.835,0.536,0.497,0.213,0.218,0.236,0.44,-0.074,0.899,0.695,0.821,0.743,0.808,0.526,0.742,0.116,0.728,0.546,0.859,-0.575,-0.612,0.675,0.37,0.45,-0.057,-0.6,-0.263,0.877,0.309,0.79,0.543,0.283,-0.237,0.84,0.224,0.593,0.854,0.713,0.73,0.698,-0.125,-0.381,0.591,0.408,0.393,-0.653,0.296,0.779,0.718,0.52,0.691,-0.193,0.877,0.461,0.659,0.617,-0.623,0.445,0.825,0.214,-0.698,0.808,-0.033,0.558,-0.197,0.704,-0.226,0.691,0.044,0.682,0.895,0.689,-0.551,0.853,0.599,0.095,0.176,0.495
AXON,0.793,0.916,0.559,0.9,0.768,0.597,0.619,-0.255,0.898,0.383,0.666,0.87,0.927,-0.872,0.919,0.964,-0.495,0.842,0.888,0.0,-0.821,-0.35,-0.335,0.868,0.872,0.935,0.848,0.532,0.699,0.331,0.868,0.355,0.863,0.623,0.658,0.776,0.872,0.694,0.807,0.107,0.942,0.805,0.913,-0.056,-0.771,0.775,0.947,0.929,0.916,0.881,-0.719,0.939,-0.356,0.119,-0.626,0.104,0.265,0.709,-0.863,-0.341,0.54,0.443,0.905,0.604,0.845,-0.731,0.37,0.021,0.135,0.7,0.085,0.831,-0.269,-0.522,-0.677,-0.52,0.91,0.047,0.277,-0.398,0.841,0.332,-0.683,0.754,0.916,0.124,0.855,0.271,-0.443,0.836,-0.404,0.851,-0.072,0.96,0.725,-0.85,-0.27,0.249,0.728,0.711,0.097,0.832,0.888,0.772,0.862,-0.297,0.777,-0.483,-0.914,0.938,0.932,0.057,0.76,-0.343,-0.139,0.087,-0.466,0.883,-0.45,0.787,0.618,0.738,0.943,0.44,0.467,0.396,0.142,0.068,0.598,-0.317,0.923,0.626,0.935,0.813,0.857,0.615,0.886,0.082,0.789,0.681,0.93,-0.718,-0.663,0.643,0.35,0.655,-0.26,-0.841,-0.106,0.949,0.139,0.917,0.388,0.269,-0.222,0.892,0.074,0.435,0.967,0.802,0.844,0.828,0.031,-0.53,0.797,0.605,0.507,-0.739,0.035,0.875,0.853,0.398,0.775,-0.434,0.796,0.456,0.831,0.486,-0.798,0.398,0.904,0.36,-0.654,0.785,-0.289,0.792,-0.204,0.848,-0.471,0.768,0.069,0.837,0.952,0.597,-0.66,0.881,0.786,0.269,0.132,0.44
BANF,-0.56,-0.718,-0.456,-0.854,-0.578,-0.514,-0.574,0.2,-0.674,-0.324,-0.382,-0.564,-0.712,0.806,-0.695,-0.783,0.341,-0.647,-0.606,-0.821,0.0,0.238,0.377,-0.674,-0.656,-0.744,-0.684,-0.276,-0.595,-0.323,-0.716,-0.238,-0.667,-0.658,-0.486,-0.672,-0.678,-0.568,-0.565,-0.043,-0.791,-0.706,-0.813,0.222,0.742,-0.58,-0.881,-0.792,-0.72,-0.777,0.699,-0.738,0.392,-0.064,0.532,0.031,0.163,-0.398,0.841,0.459,-0.451,-0.176,-0.739,-0.42,-0.636,0.757,-0.301,-0.068,0.052,-0.673,0.039,-0.765,0.177,0.515,0.807,0.62,-0.839,-0.12,-0.24,0.375,-0.686,-0.06,0.63,-0.651,-0.782,-0.103,-0.685,0.069,0.482,-0.625,0.614,-0.655,0.13,-0.824,-0.48,0.776,0.367,-0.17,-0.623,-0.635,-0.123,-0.788,-0.63,-0.511,-0.707,0.28,-0.594,0.474,0.778,-0.787,-0.791,0.163,-0.632,0.523,0.03,-0.047,0.582,-0.563,0.194,-0.568,-0.413,-0.58,-0.779,-0.197,-0.246,-0.334,-0.058,0.243,-0.469,0.58,-0.751,-0.565,-0.733,-0.752,-0.667,-0.698,-0.761,0.09,-0.722,-0.542,-0.781,0.752,0.551,-0.49,-0.326,-0.586,0.424,0.884,0.149,-0.74,0.073,-0.752,-0.002,-0.115,0.12,-0.599,0.059,-0.215,-0.852,-0.562,-0.696,-0.67,-0.217,0.567,-0.715,-0.543,-0.444,0.772,0.294,-0.728,-0.841,-0.131,-0.627,0.674,-0.459,-0.395,-0.721,-0.408,0.792,-0.168,-0.734,-0.282,0.481,-0.582,0.605,-0.694,0.113,-0.635,0.775,-0.57,-0.095,-0.801,-0.779,-0.327,0.667,-0.75,-0.67,-0.337,-0.066,-0.148
BATRK,-0.34,-0.296,-0.376,-0.334,-0.551,0.281,0.116,0.527,-0.407,0.442,-0.623,-0.363,-0.29,0.543,-0.404,-0.419,0.377,-0.278,-0.334,-0.35,0.238,0.0,0.583,-0.385,-0.558,-0.503,-0.204,-0.565,-0.401,-0.132,-0.117,-0.207,-0.071,-0.308,-0.463,-0.257,-0.464,-0.342,-0.377,0.194,-0.46,-0.017,-0.458,0.385,0.206,-0.423,-0.261,-0.501,-0.437,-0.559,0.621,-0.508,-0.005,0.552,0.542,0.33,-0.297,-0.581,0.559,0.46,-0.201,-0.322,-0.233,-0.048,-0.257,0.561,-0.098,0.507,0.253,-0.439,0.203,-0.065,0.24,0.304,0.132,0.332,-0.191,-0.086,0.349,0.701,-0.251,-0.26,0.53,-0.265,-0.36,0.313,-0.094,0.327,0.478,-0.485,0.054,-0.192,0.221,-0.213,-0.23,0.555,0.541,0.157,-0.33,-0.318,0.541,-0.012,-0.277,-0.109,-0.53,0.723,-0.109,0.408,0.535,-0.474,-0.456,0.206,-0.033,0.467,0.797,0.638,-0.034,-0.405,0.456,-0.377,0.055,-0.609,-0.538,0.381,0.431,-0.526,0.189,-0.11,-0.143,0.208,-0.119,0.193,-0.483,0.027,-0.644,0.088,-0.441,-0.007,-0.106,-0.652,-0.25,0.685,0.791,0.062,-0.19,-0.499,0.384,0.473,0.263,-0.5,0.188,-0.515,-0.42,0.186,0.238,-0.535,-0.059,-0.04,-0.323,-0.127,-0.275,-0.305,0.29,0.707,-0.384,-0.319,-0.239,0.155,-0.031,-0.129,-0.229,0.008,-0.446,0.285,-0.524,0.54,0.145,0.31,0.645,0.003,-0.17,0.056,0.437,-0.44,0.129,-0.473,-0.111,-0.486,0.015,-0.375,-0.393,-0.0,-0.2,-0.076,0.463,-0.372,-0.37,0.554,0.671,-0.024
BIDU,-0.129,-0.213,-0.258,-0.459,-0.688,0.046,0.279,0.401,-0.51,0.293,-0.165,-0.241,-0.259,0.657,-0.275,-0.429,-0.002,-0.329,-0.216,-0.335,0.377,0.583,0.0,-0.21,-0.399,-0.423,-0.067,-0.013,-0.626,-0.544,-0.097,0.131,0.054,-0.567,-0.588,-0.54,-0.334,-0.445,-0.419,-0.001,-0.403,-0.277,-0.567,0.472,0.39,-0.405,-0.411,-0.538,-0.376,-0.493,0.584,-0.361,-0.355,0.77,0.233,0.225,-0.068,-0.344,0.658,0.67,-0.009,-0.309,-0.136,0.248,-0.08,0.769,-0.553,0.391,0.615,-0.64,-0.137,-0.209,-0.206,0.533,-0.027,0.73,-0.318,-0.53,0.536,0.686,-0.15,0.245,0.721,-0.497,-0.293,0.291,-0.104,0.496,0.774,-0.336,0.249,-0.034,-0.088,-0.345,0.176,0.693,0.6,0.461,-0.579,-0.359,0.164,-0.32,-0.114,0.037,-0.561,0.633,0.166,0.379,0.472,-0.41,-0.406,0.169,0.119,0.725,0.255,0.707,0.238,-0.228,0.028,-0.037,0.386,-0.342,-0.452,0.416,0.394,-0.749,-0.147,0.219,-0.312,0.433,-0.139,0.152,-0.352,-0.165,-0.477,0.137,-0.588,0.392,-0.342,-0.64,-0.125,0.675,0.554,0.294,-0.383,-0.719,0.761,0.594,0.068,-0.444,0.573,-0.382,-0.243,0.163,-0.294,-0.404,-0.26,0.28,-0.38,-0.05,-0.132,-0.385,-0.234,0.844,-0.528,-0.583,-0.579,-0.015,0.315,-0.195,-0.465,0.384,-0.252,0.479,-0.322,0.466,0.007,0.398,0.719,0.271,-0.025,-0.062,0.049,-0.266,0.35,-0.55,-0.528,-0.505,0.196,-0.34,-0.491,-0.255,-0.224,0.091,0.519,-0.289,-0.588,0.077,0.566,0.402
BLNE,0.875,0.91,0.424,0.795,0.556,0.361,0.737,-0.229,0.693,0.337,0.864,0.838,0.897,-0.732,0.945,0.809,-0.728,0.76,0.858,0.868,-0.674,-0.385,-0.21,0.0,0.93,0.911,0.941,0.696,0.459,0.069,0.818,0.706,0.831,0.515,0.424,0.592,0.916,0.523,0.554,-0.201,0.936,0.513,0.736,0.124,-0.49,0.781,0.836,0.823,0.922,0.891,-0.766,0.896,-0.595,0.237,-0.841,-0.043,0.463,0.846,-0.724,-0.133,0.322,0.455,0.888,0.737,0.851,-0.539,-0.01,-0.03,0.448,0.381,0.052,0.695,-0.602,-0.148,-0.707,-0.235,0.735,-0.228,0.395,-0.279,0.682,0.558,-0.383,0.477,0.939,0.346,0.808,0.356,-0.186,0.718,-0.08,0.946,-0.364,0.806,0.844,-0.69,-0.213,0.571,0.417,0.463,-0.048,0.615,0.937,0.856,0.756,-0.285,0.842,-0.649,-0.764,0.843,0.892,0.125,0.867,-0.062,-0.316,0.128,-0.159,0.894,-0.673,0.774,0.753,0.913,0.89,0.444,0.43,0.135,0.013,0.414,0.517,0.01,0.896,0.537,0.856,0.674,0.907,0.627,0.698,0.426,0.6,0.497,0.921,-0.644,-0.738,0.786,0.242,0.332,-0.055,-0.648,-0.106,0.878,0.447,0.897,0.568,0.493,-0.415,0.793,-0.046,0.664,0.803,0.772,0.875,0.689,-0.322,-0.52,0.495,0.258,0.182,-0.774,0.386,0.633,0.656,0.668,0.902,-0.1,0.836,0.41,0.62,0.559,-0.707,0.561,0.904,0.202,-0.853,0.922,0.0,0.552,-0.317,0.664,-0.189,0.796,0.109,0.632,0.813,0.785,-0.553,0.915,0.682,0.024,0.068,0.676
BLNK,0.873,0.876,0.469,0.794,0.699,0.303,0.557,-0.305,0.801,0.227,0.871,0.853,0.886,-0.806,0.94,0.832,-0.7,0.762,0.855,0.872,-0.656,-0.558,-0.399,0.93,0.0,0.945,0.861,0.731,0.523,0.131,0.748,0.625,0.715,0.551,0.545,0.624,0.935,0.608,0.613,-0.175,0.946,0.511,0.802,-0.027,-0.496,0.839,0.835,0.865,0.931,0.923,-0.82,0.9,-0.465,0.01,-0.844,-0.009,0.449,0.88,-0.801,-0.26,0.371,0.567,0.842,0.655,0.845,-0.66,0.129,-0.163,0.246,0.506,0.056,0.687,-0.535,-0.252,-0.623,-0.362,0.705,-0.115,0.225,-0.424,0.665,0.567,-0.55,0.548,0.926,0.275,0.766,0.185,-0.315,0.799,-0.097,0.861,-0.282,0.79,0.759,-0.786,-0.315,0.396,0.517,0.512,-0.127,0.604,0.877,0.782,0.848,-0.425,0.756,-0.67,-0.822,0.879,0.906,0.083,0.711,-0.215,-0.422,-0.103,-0.141,0.892,-0.654,0.757,0.6,0.935,0.935,0.312,0.305,0.325,0.003,0.339,0.538,-0.085,0.812,0.426,0.899,0.581,0.966,0.502,0.78,0.314,0.57,0.604,0.86,-0.727,-0.816,0.618,0.265,0.494,-0.179,-0.71,-0.113,0.916,0.295,0.909,0.612,0.372,-0.344,0.849,0.0,0.494,0.816,0.695,0.834,0.721,-0.31,-0.661,0.585,0.378,0.284,-0.655,0.312,0.617,0.647,0.525,0.915,-0.211,0.866,0.221,0.535,0.358,-0.792,0.467,0.836,0.253,-0.839,0.892,-0.07,0.625,-0.206,0.766,-0.184,0.839,0.15,0.614,0.79,0.689,-0.667,0.902,0.742,-0.044,-0.082,0.533
BTAI,0.858,0.931,0.493,0.882,0.783,0.397,0.507,-0.243,0.895,0.271,0.796,0.876,0.933,-0.877,0.934,0.928,-0.652,0.805,0.822,0.935,-0.744,-0.503,-0.423,0.911,0.945,0.0,0.845,0.639,0.646,0.172,0.842,0.453,0.751,0.604,0.617,0.771,0.936,0.756,0.69,-0.146,0.971,0.65,0.893,-0.019,-0.64,0.886,0.903,0.909,0.974,0.932,-0.814,0.923,-0.406,0.04,-0.773,-0.018,0.365,0.838,-0.875,-0.335,0.49,0.622,0.903,0.644,0.865,-0.737,0.314,-0.139,0.205,0.621,0.055,0.718,-0.384,-0.428,-0.627,-0.463,0.772,-0.066,0.23,-0.526,0.764,0.409,-0.671,0.715,0.935,0.206,0.824,0.203,-0.421,0.786,-0.247,0.837,-0.104,0.88,0.687,-0.856,-0.265,0.288,0.675,0.552,-0.073,0.7,0.893,0.769,0.913,-0.485,0.757,-0.612,-0.919,0.886,0.968,-0.028,0.695,-0.271,-0.282,-0.117,-0.278,0.896,-0.605,0.767,0.57,0.861,0.972,0.308,0.342,0.429,0.044,0.238,0.673,-0.191,0.847,0.409,0.935,0.682,0.942,0.523,0.868,0.269,0.646,0.694,0.888,-0.738,-0.782,0.595,0.244,0.616,-0.255,-0.818,0.008,0.927,0.193,0.949,0.538,0.394,-0.266,0.86,-0.054,0.429,0.886,0.763,0.897,0.848,-0.153,-0.668,0.701,0.521,0.391,-0.659,0.17,0.694,0.739,0.47,0.904,-0.307,0.826,0.281,0.678,0.322,-0.837,0.428,0.876,0.405,-0.76,0.867,-0.187,0.769,-0.205,0.815,-0.302,0.883,0.151,0.721,0.832,0.632,-0.646,0.889,0.841,0.156,-0.012,0.504
BYND,0.847,0.853,0.338,0.724,0.432,0.396,0.808,-0.162,0.644,0.403,0.752,0.791,0.84,-0.619,0.897,0.75,-0.721,0.787,0.832,0.848,-0.684,-0.204,-0.067,0.941,0.861,0.845,0.0,0.652,0.342,-0.028,0.782,0.703,0.854,0.354,0.274,0.511,0.832,0.475,0.49,-0.11,0.869,0.499,0.654,0.144,-0.5,0.702,0.816,0.718,0.863,0.773,-0.628,0.825,-0.673,0.398,-0.789,0.026,0.382,0.743,-0.628,0.033,0.37,0.375,0.91,0.84,0.882,-0.411,-0.088,0.103,0.549,0.287,0.033,0.734,-0.641,-0.111,-0.775,-0.145,0.72,-0.298,0.567,-0.118,0.68,0.634,-0.291,0.4,0.915,0.432,0.835,0.409,-0.01,0.656,-0.102,0.959,-0.412,0.768,0.874,-0.566,-0.143,0.611,0.33,0.448,0.008,0.654,0.908,0.882,0.661,-0.147,0.897,-0.575,-0.703,0.794,0.833,0.15,0.871,0.056,-0.191,0.314,-0.143,0.828,-0.684,0.826,0.861,0.81,0.805,0.551,0.538,-0.04,-0.056,0.356,0.447,0.025,0.903,0.639,0.792,0.66,0.802,0.751,0.645,0.414,0.598,0.332,0.951,-0.525,-0.556,0.875,0.231,0.208,0.066,-0.564,-0.158,0.8,0.57,0.82,0.461,0.478,-0.512,0.681,-0.17,0.686,0.778,0.791,0.879,0.7,-0.346,-0.372,0.426,0.166,0.099,-0.837,0.397,0.656,0.582,0.656,0.873,-0.097,0.757,0.565,0.698,0.64,-0.571,0.594,0.937,0.243,-0.827,0.834,0.004,0.459,-0.502,0.568,-0.259,0.753,-0.134,0.671,0.806,0.801,-0.538,0.875,0.587,0.129,0.235,0.706
CAN,0.708,0.588,0.318,0.347,0.316,-0.1,0.428,-0.351,0.417,-0.109,0.842,0.603,0.539,-0.376,0.686,0.466,-0.736,0.451,0.59,0.532,-0.276,-0.565,-0.013,0.696,0.731,0.639,0.652,0.0,0.072,-0.213,0.39,0.587,0.471,0.091,0.246,0.166,0.607,0.298,0.353,-0.154,0.592,0.056,0.355,-0.057,-0.233,0.473,0.39,0.467,0.615,0.567,-0.54,0.66,-0.51,0.11,-0.756,-0.021,0.46,0.744,-0.423,0.009,0.358,0.315,0.568,0.634,0.684,-0.209,-0.268,-0.053,0.404,0.153,-0.207,0.341,-0.655,0.084,-0.438,0.153,0.331,-0.349,0.388,-0.2,0.461,0.665,-0.168,0.155,0.618,0.133,0.395,0.286,0.012,0.604,0.075,0.634,-0.476,0.365,0.735,-0.34,-0.131,0.438,0.1,0.351,-0.48,0.093,0.626,0.589,0.423,-0.365,0.691,-0.357,-0.517,0.593,0.56,0.027,0.498,0.063,-0.613,-0.033,0.056,0.66,-0.816,0.73,0.604,0.798,0.607,0.265,0.252,0.064,-0.372,0.421,0.159,0.09,0.467,0.244,0.649,0.144,0.71,0.381,0.351,0.486,0.174,0.35,0.646,-0.482,-0.64,0.598,0.036,0.118,0.01,-0.3,-0.277,0.601,0.477,0.629,0.471,0.172,-0.697,0.617,-0.212,0.511,0.445,0.493,0.586,0.371,-0.59,-0.373,0.254,0.102,-0.046,-0.516,0.433,0.317,0.184,0.563,0.715,-0.009,0.618,0.055,0.204,0.218,-0.421,0.49,0.576,0.083,-0.754,0.621,0.128,0.307,-0.488,0.456,0.061,0.562,-0.074,0.145,0.429,0.567,-0.369,0.588,0.315,-0.387,-0.189,0.633
CCEC,0.356,0.547,0.586,0.733,0.842,0.508,0.149,-0.336,0.771,0.195,0.332,0.59,0.595,-0.816,0.565,0.815,0.016,0.633,0.564,0.699,-0.595,-0.401,-0.626,0.459,0.523,0.646,0.342,0.072,0.0,0.71,0.529,-0.137,0.501,0.681,0.756,0.739,0.565,0.633,0.796,0.286,0.647,0.731,0.824,-0.251,-0.769,0.529,0.698,0.782,0.605,0.666,-0.539,0.685,0.233,-0.31,-0.179,0.005,0.223,0.464,-0.782,-0.524,0.244,0.328,0.529,-0.009,0.391,-0.778,0.698,-0.161,-0.373,0.833,0.219,0.537,0.224,-0.758,-0.155,-0.802,0.75,0.42,-0.258,-0.584,0.668,-0.167,-0.831,0.811,0.542,-0.285,0.532,-0.042,-0.772,0.61,-0.391,0.396,0.217,0.735,0.224,-0.833,-0.388,-0.287,0.876,0.686,0.239,0.707,0.536,0.347,0.735,-0.367,0.189,-0.278,-0.758,0.713,0.644,0.032,0.341,-0.671,-0.088,-0.227,-0.574,0.578,-0.033,0.367,0.056,0.37,0.713,0.066,0.056,0.682,0.445,-0.136,0.442,-0.373,0.563,0.305,0.61,0.65,0.602,0.123,0.852,-0.319,0.756,0.812,0.486,-0.625,-0.563,0.109,0.58,0.856,-0.45,-0.776,-0.123,0.688,-0.369,0.624,0.348,-0.052,0.276,0.711,0.44,0.036,0.759,0.52,0.4,0.679,0.398,-0.539,0.784,0.768,0.825,-0.29,-0.238,0.692,0.813,-0.07,0.346,-0.45,0.583,0.086,0.539,0.122,-0.752,0.073,0.443,0.254,-0.17,0.448,-0.314,0.844,0.365,0.665,-0.361,0.497,0.34,0.672,0.674,0.203,-0.603,0.516,0.725,0.29,-0.139,-0.032
CDW,-0.073,0.142,0.463,0.429,0.55,0.42,0.024,-0.24,0.372,0.07,-0.102,0.186,0.19,-0.503,0.194,0.395,0.472,0.295,0.337,0.331,-0.323,-0.132,-0.544,0.069,0.131,0.172,-0.028,-0.213,0.71,0.0,0.134,-0.319,0.231,0.617,0.577,0.439,0.108,0.184,0.589,0.582,0.228,0.543,0.463,-0.294,-0.568,0.059,0.361,0.47,0.161,0.27,-0.209,0.32,0.532,-0.47,0.223,0.166,0.044,0.024,-0.442,-0.532,-0.085,-0.073,0.048,-0.408,-0.063,-0.545,0.593,0.117,-0.635,0.656,0.378,0.333,0.468,-0.591,0.098,-0.668,0.555,0.724,-0.442,-0.257,0.327,-0.475,-0.554,0.486,0.164,-0.408,0.1,-0.091,-0.709,0.382,-0.362,0.038,0.191,0.426,-0.079,-0.533,-0.47,-0.398,0.615,0.639,0.357,0.48,0.115,-0.043,0.296,0.014,-0.172,0.01,-0.275,0.44,0.196,0.221,0.1,-0.732,0.114,-0.108,-0.578,0.167,0.372,-0.074,-0.262,0.022,0.286,0.026,-0.002,0.586,0.521,-0.364,0.084,-0.425,0.268,0.37,0.22,0.462,0.195,-0.082,0.48,-0.681,0.636,0.536,0.103,-0.423,-0.215,-0.178,0.564,0.646,-0.537,-0.436,-0.294,0.36,-0.584,0.176,0.056,-0.343,0.507,0.38,0.711,-0.173,0.453,0.121,-0.106,0.222,0.645,-0.315,0.564,0.656,0.818,-0.036,-0.437,0.51,0.633,-0.373,-0.147,-0.46,0.26,-0.025,0.242,0.122,-0.449,-0.216,0.002,-0.107,0.226,0.057,-0.318,0.471,0.649,0.388,-0.328,0.016,0.363,0.393,0.417,-0.126,-0.329,0.156,0.369,0.196,-0.139,-0.427
CDXS,0.789,0.928,0.392,0.858,0.593,0.637,0.645,0.075,0.775,0.584,0.593,0.769,0.911,-0.731,0.818,0.831,-0.518,0.685,0.756,0.868,-0.716,-0.117,-0.097,0.818,0.748,0.842,0.782,0.39,0.529,0.134,0.0,0.399,0.846,0.631,0.516,0.759,0.835,0.653,0.588,-0.115,0.845,0.8,0.776,0.281,-0.554,0.764,0.867,0.79,0.866,0.787,-0.582,0.78,-0.431,0.33,-0.58,0.17,0.218,0.594,-0.696,-0.271,0.476,0.557,0.848,0.654,0.798,-0.588,0.325,0.072,0.336,0.517,0.127,0.736,-0.26,-0.363,-0.677,-0.35,0.777,-0.121,0.374,-0.28,0.746,0.287,-0.46,0.714,0.827,0.356,0.847,0.432,-0.284,0.658,-0.328,0.798,0.104,0.896,0.662,-0.698,0.025,0.446,0.612,0.446,0.215,0.754,0.837,0.757,0.751,-0.14,0.789,-0.436,-0.75,0.728,0.858,0.042,0.811,-0.082,0.069,0.211,-0.356,0.81,-0.347,0.614,0.629,0.645,0.817,0.541,0.606,0.26,0.203,0.18,0.746,-0.155,0.892,0.559,0.83,0.833,0.712,0.588,0.692,0.292,0.611,0.522,0.833,-0.496,-0.517,0.631,0.056,0.465,-0.071,-0.701,0.255,0.787,0.238,0.833,0.331,0.573,-0.134,0.715,-0.036,0.478,0.816,0.753,0.851,0.701,0.063,-0.361,0.611,0.444,0.319,-0.653,0.095,0.735,0.754,0.565,0.748,-0.233,0.66,0.582,0.851,0.581,-0.62,0.47,0.889,0.466,-0.617,0.769,-0.233,0.648,-0.253,0.713,-0.351,0.744,0.155,0.774,0.855,0.603,-0.372,0.805,0.751,0.462,0.347,0.556
