,ABEO,ACHC,AGNCN,AKAM,AKRO,ALRM,AMAT,AMED,AMRN,ANGI,APA,APOG,APPS,ARCB,ARCC,ARVN,ATEC,ATXS,AVAV,AXON,BANF,BATRK,BIDU,BLNE,BLNK,BTAI,BYND,CAN,CCEC,CDW,CDXS,CELH,CGNX,CHKP,CHRS,CHRW,CIGI,CKPT,CMPR,COGT,CRNC,CRSP,CSTL,CTSH,CVGW,DGLY,DNLI,DOCU,DVAX,EBAY,EHTH,ERII,ESLT,EXPE,EXPO,FBIOP,FFBC,FFIN,FOXF,FWRD,GDS,GERN,GPRE,GRWG,GRYP,HEES,HELE,HIVE,HON,HRTX,HSTM,HURA,IART,IBKR,IBOC,IBRX,IDXX,INGN,INM,INVA,IQ,IRBT,KDP,KPTI,KTOS,KXIN,LAMR,LFUS,LGIH,LGMK,LKFN,LNW,LOPE,LPSN,LYFT,MGNX,MLCO,MNST,MODV,MSTR,MTCH,MYGN,MYRG,NCMI,NEXT,NFLX,NIU,NKTR,NRC,NTNX,NTRA,NVEE,NVMI,NWL,NWS,NXPI,OCGN,OCSL,OKTA,OLLI,OTLK,OXLC,PAA,PARA,PARAA,PDCO,PDFS,PFG,PGEN,PNFP,PODD,POWI,PSMT,PTC,PTEN,PVLA,RDNT,RDUS,RDWR,REGN,RNAC,ROCK,ROST,RRR,RSLS,RVMD,RYAAY,SAFT,SAGE,SAVA,SBGI,SFM,SFNC,SHYF,SIBN,SIFY,SIGI,SIMO,SITM,SLM,SNBR,SNDX,SNY,SPNS,SRRK,STRA,SUPN,SYRE,TCBK,TEAM,TECH,THRM,TLRY,TRMK,TROW,TSLA,TWST,TXN,UFPI,UNIT,UPWK,USLM,UTHR,VERB,VLY,VRNA,VRRM,VXRT,WAFD,WATT,WBA,WING,WIX,WTFC,WTW,XPEL,XRX,YMAB,ZG,ZLAB
ABEO,0.0,0.261,0.172,0.358,0.656,-0.15,0.077,-0.332,0.001,-0.263,0.565,-0.11,-0.149,0.082,-0.296,0.72,-0.259,-0.192,0.355,0.078,0.384,-0.072,-0.046,0.53,0.101,-0.076,-0.383,0.067,0.636,-0.059,-0.086,0.049,-0.013,-0.045,0.651,-0.278,0.491,0.328,-0.26,0.238,0.23,0.328,0.326,0.327,-0.156,0.423,0.543,-0.117,-0.24,-0.643,-0.035,0.674,-0.609,0.459,-0.373,0.061,0.397,0.602,0.557,0.314,0.379,0.18,0.53,-0.237,-0.056,0.385,-0.454,0.037,-0.738,0.096,0.491,-0.111,0.417,-0.688,0.533,0.245,0.458,0.344,0.567,-0.424,0.019,-0.353,-0.095,-0.118,-0.2,0.352,0.613,-0.121,0.27,0.099,-0.466,0.686,-0.217,-0.364,-0.3,0.35,0.05,0.074,0.53,-0.235,0.433,0.736,0.542,0.289,0.128,-0.558,0.496,0.439,0.767,-0.056,0.459,-0.288,0.083,0.365,-0.362,-0.195,0.879,0.317,-0.009,-0.366,0.807,0.457,0.477,0.369,0.319,0.302,0.489,0.332,0.097,-0.304,0.095,0.239,-0.53,-0.405,0.242,-0.017,0.404,0.539,-0.181,-0.364,-0.399,0.368,0.619,0.609,0.138,-0.323,0.678,-0.58,0.454,0.698,0.474,-0.615,-0.03,-0.511,0.535,-0.19,0.003,0.505,-0.137,0.329,-0.534,-0.318,0.359,0.123,0.372,-0.567,0.023,0.363,0.24,-0.015,0.47,-0.487,0.157,-0.156,0.32,-0.387,-0.107,-0.528,0.593,0.682,-0.2,-0.247,-0.07,0.381,0.269,-0.384,0.09,0.689,0.277,-0.151,-0.148,0.704,0.594,0.245,0.415,0.62,-0.388,0.783,-0.162,0.278
ACHC,0.261,0.0,0.28,0.599,0.288,-0.306,-0.388,-0.306,-0.599,-0.316,0.541,-0.119,-0.841,0.326,0.095,0.583,-0.733,-0.787,-0.333,-0.267,0.152,-0.298,-0.442,-0.024,-0.606,-0.522,-0.491,-0.521,0.805,0.186,-0.485,0.003,-0.139,0.714,0.747,0.081,0.64,-0.432,-0.771,-0.176,-0.157,0.097,-0.441,-0.291,0.542,-0.101,0.34,-0.228,-0.37,-0.504,-0.628,0.675,-0.632,0.269,-0.621,0.42,0.276,0.653,0.673,0.356,0.227,-0.314,0.314,-0.785,-0.667,0.629,0.189,-0.641,-0.266,0.359,0.606,-0.738,0.755,-0.519,0.744,0.049,0.65,0.717,0.008,-0.04,-0.626,-0.55,0.622,-0.7,-0.713,-0.383,0.748,-0.174,0.791,-0.741,-0.399,0.607,-0.493,-0.615,-0.404,0.585,-0.687,0.385,0.419,-0.785,0.12,0.269,0.383,0.219,-0.353,-0.789,0.108,0.284,0.493,-0.271,0.269,-0.676,-0.21,0.472,-0.108,-0.52,0.516,0.552,0.139,0.187,0.363,0.529,0.617,-0.072,-0.083,0.625,0.06,0.563,0.255,-0.268,-0.157,0.24,-0.424,-0.472,0.177,-0.416,0.749,0.734,0.403,0.426,-0.546,0.136,0.46,0.442,-0.247,-0.435,0.513,-0.434,-0.023,0.307,0.745,-0.403,-0.092,-0.659,0.239,-0.684,0.488,0.001,-0.369,0.633,-0.766,-0.747,0.807,-0.342,0.43,-0.596,0.235,0.276,-0.251,-0.371,0.44,-0.329,-0.47,-0.247,0.503,-0.283,-0.466,-0.567,0.659,0.563,-0.568,0.013,0.071,-0.244,0.371,-0.697,0.148,0.381,0.865,-0.792,-0.478,0.584,0.098,0.351,0.364,0.524,-0.437,0.434,-0.673,0.414
AGNCN,0.172,0.28,0.0,0.271,0.162,-0.088,-0.206,-0.333,-0.456,-0.018,0.59,0.05,-0.243,0.481,-0.306,0.284,-0.263,-0.456,0.008,-0.192,0.406,-0.438,-0.393,-0.004,-0.224,-0.355,-0.272,-0.342,0.295,-0.126,-0.274,-0.069,-0.219,0.163,0.242,0.006,0.503,0.073,-0.148,0.166,0.19,0.046,-0.034,-0.009,0.077,0.036,0.327,-0.105,-0.032,-0.366,-0.165,0.241,-0.472,-0.128,-0.292,0.412,0.442,0.486,0.276,0.458,-0.135,-0.01,0.499,-0.378,-0.272,0.469,-0.29,-0.106,-0.138,-0.005,0.495,-0.274,0.15,-0.267,0.452,-0.071,0.191,0.524,0.324,-0.282,-0.38,-0.44,0.07,-0.319,-0.13,0.116,0.466,-0.185,0.455,-0.069,-0.336,0.44,-0.384,-0.175,-0.286,0.171,-0.15,-0.229,0.092,-0.057,0.179,0.286,0.461,-0.211,-0.398,-0.334,-0.118,0.058,0.21,0.491,-0.012,-0.407,-0.168,0.364,-0.447,-0.328,0.316,0.077,-0.088,-0.261,0.185,0.443,0.614,-0.14,-0.199,0.427,0.245,0.615,-0.089,0.12,-0.116,0.127,0.057,-0.353,0.533,-0.497,0.533,0.5,-0.047,-0.04,-0.466,-0.058,0.39,0.468,-0.515,-0.524,0.458,-0.104,-0.052,0.311,0.267,-0.276,0.181,-0.432,-0.11,-0.308,0.16,0.239,-0.203,0.429,-0.384,-0.116,0.281,-0.033,-0.024,-0.484,0.229,0.091,0.172,-0.007,0.174,-0.292,-0.186,0.062,0.336,-0.161,-0.122,-0.275,0.453,0.316,-0.201,-0.144,-0.386,-0.05,0.479,-0.472,0.246,0.38,0.356,-0.368,-0.033,0.464,0.128,0.411,0.452,0.238,-0.127,0.418,-0.352,0.33
AKAM,0.358,0.599,0.271,0.0,0.651,0.076,0.026,-0.023,-0.346,-0.028,0.664,-0.237,-0.548,0.16,0.164,0.681,-0.537,-0.539,0.111,0.165,0.09,-0.421,-0.165,0.248,-0.265,-0.239,-0.228,-0.275,0.685,0.289,-0.125,0.381,0.312,0.321,0.662,-0.447,0.433,-0.013,-0.698,-0.011,0.277,0.525,0.1,-0.085,0.152,0.111,0.746,0.134,-0.082,-0.494,-0.16,0.758,-0.573,0.447,-0.531,0.217,0.405,0.729,0.88,0.054,0.608,0.062,0.398,-0.555,-0.22,0.721,-0.182,-0.524,-0.614,0.465,0.655,-0.512,0.813,-0.459,0.7,0.404,0.755,0.609,0.38,-0.381,-0.329,-0.237,0.117,-0.384,-0.388,0.097,0.677,0.171,0.573,-0.339,-0.532,0.822,-0.352,-0.36,-0.196,0.719,-0.413,0.259,0.268,-0.416,0.699,0.578,0.307,0.386,-0.055,-0.704,0.435,0.568,0.558,0.025,0.62,-0.459,0.204,0.227,-0.242,-0.193,0.643,0.725,0.401,0.188,0.569,0.494,0.676,0.276,0.246,0.359,0.51,0.488,0.375,-0.104,0.279,0.461,-0.659,-0.261,0.027,-0.235,0.516,0.638,0.402,0.237,-0.376,0.425,0.376,0.669,-0.027,-0.289,0.648,-0.774,0.348,0.676,0.868,-0.648,-0.013,-0.435,0.279,-0.485,0.303,0.527,0.149,0.354,-0.688,-0.572,0.681,0.023,0.611,-0.582,0.371,0.537,-0.285,0.083,0.773,-0.356,-0.001,-0.078,0.36,-0.298,-0.071,-0.467,0.648,0.78,-0.158,0.028,0.048,0.118,0.515,-0.592,-0.293,0.618,0.741,-0.539,-0.688,0.656,0.573,0.554,0.208,0.722,-0.303,0.627,-0.305,0.632
AKRO,0.656,0.288,0.162,0.651,0.0,0.241,0.194,0.205,0.092,0.128,0.539,-0.408,-0.23,-0.286,0.271,0.822,-0.251,-0.171,0.321,0.453,-0.024,-0.276,0.2,0.511,0.091,0.168,0.044,-0.0,0.581,0.449,0.224,0.423,0.556,-0.052,0.678,-0.549,0.2,0.473,-0.53,0.244,0.385,0.744,0.464,0.39,0.001,0.289,0.89,0.341,0.116,-0.595,0.206,0.76,-0.472,0.754,-0.366,-0.12,0.271,0.551,0.751,-0.183,0.78,0.439,0.3,-0.295,0.072,0.692,-0.474,-0.311,-0.802,0.528,0.461,-0.303,0.675,-0.386,0.443,0.606,0.714,0.442,0.493,-0.33,-0.019,-0.036,-0.146,0.032,-0.131,0.336,0.479,0.309,0.255,-0.087,-0.504,0.793,0.02,-0.139,-0.007,0.734,0.083,0.404,0.415,-0.273,0.812,0.827,0.23,0.367,0.282,-0.555,0.731,0.758,0.846,0.045,0.734,-0.139,0.351,-0.008,-0.148,-0.032,0.738,0.637,0.469,0.125,0.708,0.208,0.603,0.494,0.471,-0.054,0.512,0.207,0.573,-0.173,0.597,0.479,-0.793,-0.198,-0.134,0.111,0.471,0.382,0.159,-0.052,-0.232,0.754,0.54,0.618,0.307,-0.147,0.591,-0.803,0.736,0.799,0.674,-0.606,-0.212,-0.265,0.678,-0.271,0.244,0.732,0.277,0.115,-0.494,-0.413,0.545,0.442,0.755,-0.457,0.277,0.726,-0.154,0.198,0.796,-0.31,0.422,-0.251,0.098,-0.311,0.234,-0.498,0.448,0.873,0.112,-0.265,0.25,0.268,0.192,-0.35,-0.337,0.8,0.465,-0.179,-0.677,0.7,0.928,0.366,0.112,0.797,-0.184,0.782,0.046,0.56
ALRM,-0.15,-0.306,-0.088,0.076,0.241,0.0,0.514,0.802,0.239,0.875,-0.32,0.016,0.451,-0.62,0.638,-0.09,0.539,0.404,0.37,0.858,-0.399,0.171,0.733,0.091,0.225,0.655,0.85,0.159,-0.393,0.718,0.822,0.878,0.782,-0.194,-0.041,-0.1,-0.63,0.55,0.151,0.597,0.627,0.619,0.657,0.25,0.081,-0.198,0.434,0.944,0.747,0.505,0.406,-0.068,0.493,0.444,0.641,-0.261,-0.166,-0.322,0.102,-0.698,0.492,0.64,-0.511,0.331,0.464,0.079,0.122,-0.116,0.053,0.468,-0.452,0.206,0.06,0.569,-0.244,0.679,0.276,0.015,-0.263,0.166,0.422,0.718,-0.311,0.727,0.607,0.159,-0.416,0.869,-0.275,0.201,0.482,-0.099,0.679,0.799,0.838,0.171,0.371,0.377,0.16,0.418,0.487,0.235,-0.677,0.236,0.181,0.313,0.42,0.534,-0.058,0.323,0.503,0.735,0.664,-0.783,0.506,0.552,-0.195,-0.107,0.778,0.617,-0.289,-0.567,-0.171,0.348,0.363,-0.627,0.086,-0.395,0.559,0.385,0.828,0.577,-0.114,0.712,-0.606,0.171,-0.251,-0.55,0.457,0.194,0.628,0.651,-0.176,-0.192,0.308,0.577,-0.342,-0.092,0.553,-0.083,-0.098,0.163,-0.061,0.654,0.354,0.176,0.343,0.277,0.791,-0.603,0.254,0.32,-0.348,0.878,0.376,0.469,0.604,0.549,-0.089,0.8,0.434,0.659,0.472,0.147,-0.667,0.658,0.871,0.409,-0.395,-0.01,0.877,0.306,0.493,0.236,-0.138,0.526,-0.511,-0.15,-0.026,0.412,-0.355,-0.326,0.405,0.07,-0.676,0.313,0.591,-0.196,0.723,0.531
AMAT,0.077,-0.388,-0.206,0.026,0.194,0.514,0.0,0.583,0.737,0.226,-0.28,0.261,0.674,-0.403,0.313,-0.089,0.742,0.694,0.841,0.552,0.027,0.6,0.766,0.578,0.794,0.808,0.485,0.766,-0.405,0.147,0.761,0.501,0.599,-0.58,-0.153,-0.38,-0.512,0.599,0.388,0.272,0.51,0.386,0.761,0.061,-0.425,-0.069,0.239,0.447,0.359,0.315,0.657,0.022,0.504,0.38,0.556,-0.466,0.119,-0.172,-0.008,-0.52,0.414,0.724,-0.178,0.721,0.679,-0.044,-0.208,0.289,-0.163,0.139,-0.364,0.705,-0.125,0.239,-0.2,0.577,-0.086,-0.486,0.294,-0.052,0.83,0.745,-0.698,0.714,0.743,0.622,-0.331,0.648,-0.614,0.659,0.394,-0.102,0.388,0.602,0.557,0.045,0.563,-0.125,0.264,0.504,0.415,0.244,-0.322,0.498,0.739,0.241,0.601,0.343,-0.14,0.334,0.408,0.631,0.886,-0.408,0.359,0.901,-0.085,-0.089,0.312,0.082,0.176,-0.261,-0.145,0.773,0.794,-0.39,0.575,-0.383,0.204,0.273,0.582,0.555,0.018,0.666,-0.365,0.664,-0.557,-0.464,-0.048,-0.277,0.677,0.338,-0.18,0.016,0.58,0.635,-0.107,-0.035,0.53,0.259,-0.071,-0.122,0.276,0.564,0.135,0.715,-0.135,0.525,0.776,-0.416,0.432,0.49,-0.486,0.533,0.234,0.509,-0.064,0.403,0.357,0.42,0.223,0.51,0.669,0.502,-0.262,0.239,0.674,0.611,-0.218,-0.076,0.726,0.369,0.253,0.667,0.011,0.609,-0.568,-0.116,-0.36,0.751,-0.016,-0.296,0.369,0.087,-0.529,0.157,0.498,0.008,0.804,-0.005
AMED,-0.332,-0.306,-0.333,-0.023,0.205,0.802,0.583,0.0,0.472,0.677,-0.574,-0.159,0.406,-0.84,0.839,-0.184,0.59,0.562,0.286,0.844,-0.645,0.385,0.827,0.102,0.322,0.799,0.863,0.322,-0.449,0.744,0.889,0.729,0.856,-0.209,-0.106,-0.125,-0.826,0.434,0.046,0.409,0.317,0.611,0.505,0.113,0.115,-0.341,0.261,0.85,0.532,0.501,0.424,-0.075,0.663,0.465,0.612,-0.531,-0.422,-0.524,0.006,-0.921,0.565,0.65,-0.737,0.413,0.397,-0.055,0.259,-0.219,0.071,0.538,-0.624,0.279,0.057,0.595,-0.475,0.678,0.181,-0.263,-0.354,0.446,0.487,0.877,-0.281,0.749,0.54,0.017,-0.566,0.872,-0.502,0.111,0.511,-0.291,0.728,0.708,0.85,0.291,0.322,0.448,0.105,0.269,0.316,0.052,-0.826,0.351,0.468,0.303,0.521,0.511,-0.154,0.121,0.455,0.761,0.702,-0.866,0.732,0.704,-0.383,0.005,0.767,0.736,-0.282,-0.726,-0.318,0.42,0.464,-0.743,0.016,-0.688,0.702,0.117,0.812,0.498,-0.154,0.804,-0.853,0.524,-0.379,-0.703,0.49,0.299,0.783,0.585,-0.436,-0.4,0.561,0.77,-0.547,-0.042,0.5,-0.166,-0.1,0.235,-0.253,0.745,0.329,0.308,0.26,0.186,0.798,-0.755,0.395,0.189,-0.316,0.709,0.496,0.659,0.37,0.51,-0.304,0.522,0.335,0.731,0.483,0.017,-0.711,0.585,0.844,0.536,-0.607,-0.142,0.811,0.259,0.745,0.194,-0.44,0.663,-0.638,-0.306,-0.184,0.492,-0.442,-0.483,0.319,-0.229,-0.872,0.163,0.469,-0.324,0.786,0.272
AMRN,0.001,-0.599,-0.456,-0.346,0.092,0.239,0.737,0.472,0.0,0.002,-0.438,0.19,0.722,-0.484,0.23,-0.243,0.729,0.84,0.65,0.34,-0.013,0.643,0.695,0.459,0.877,0.759,0.408,0.805,-0.538,-0.04,0.621,0.111,0.417,-0.738,-0.403,-0.309,-0.565,0.552,0.528,0.018,0.192,0.093,0.584,0.247,-0.529,0.124,-0.112,0.192,0.286,0.253,0.727,-0.22,0.573,0.253,0.516,-0.646,-0.032,-0.369,-0.35,-0.5,0.202,0.518,-0.231,0.84,0.739,-0.273,-0.296,0.467,-0.091,-0.157,-0.487,0.781,-0.379,0.296,-0.448,0.273,-0.398,-0.784,0.223,-0.002,0.844,0.644,-0.686,0.688,0.674,0.581,-0.525,0.384,-0.793,0.672,0.374,-0.337,0.483,0.501,0.404,-0.177,0.722,-0.174,0.026,0.429,0.148,0.029,-0.266,0.332,0.857,0.469,0.42,0.032,-0.172,0.099,0.084,0.647,0.596,-0.375,0.306,0.78,-0.232,-0.163,-0.018,-0.094,0.09,-0.401,-0.371,0.56,0.621,-0.541,0.316,-0.572,0.013,0.215,0.366,0.148,0.084,0.501,-0.338,0.805,-0.658,-0.603,-0.35,-0.481,0.62,0.166,-0.238,-0.183,0.699,0.607,-0.24,0.141,0.394,0.103,-0.332,0.071,0.218,0.603,0.135,0.829,-0.355,0.317,0.542,-0.456,0.621,0.56,-0.549,0.372,0.013,0.596,-0.493,0.092,0.367,0.127,-0.158,0.388,0.704,0.361,-0.267,0.004,0.453,0.541,-0.4,-0.252,0.551,0.134,0.173,0.536,-0.22,0.665,-0.405,-0.176,-0.625,0.852,0.149,-0.398,0.203,-0.115,-0.439,-0.156,0.466,-0.118,0.754,-0.463
ANGI,-0.263,-0.316,-0.018,-0.028,0.128,0.875,0.226,0.677,0.002,0.0,-0.328,-0.178,0.347,-0.568,0.547,-0.097,0.389,0.296,0.07,0.746,-0.541,-0.047,0.557,-0.105,0.007,0.483,0.843,-0.052,-0.354,0.679,0.656,0.704,0.627,-0.078,-0.073,0.016,-0.572,0.389,0.088,0.575,0.438,0.565,0.466,0.278,0.217,-0.266,0.346,0.884,0.682,0.452,0.285,-0.162,0.417,0.297,0.512,-0.109,-0.363,-0.419,-0.007,-0.618,0.329,0.479,-0.534,0.153,0.278,-0.024,0.192,-0.159,0.209,0.479,-0.434,0.016,0.009,0.595,-0.363,0.519,0.228,0.145,-0.405,0.247,0.17,0.598,-0.146,0.596,0.435,-0.073,-0.436,0.651,-0.193,0.05,0.35,-0.158,0.628,0.686,0.72,0.085,0.217,0.412,0.002,0.423,0.326,0.098,-0.67,-0.053,-0.07,0.318,0.193,0.404,-0.091,0.243,0.35,0.602,0.382,-0.757,0.428,0.281,-0.265,-0.191,0.736,0.616,-0.424,-0.562,-0.22,0.104,0.098,-0.636,-0.217,-0.361,0.533,0.254,0.691,0.366,-0.073,0.538,-0.536,-0.02,-0.154,-0.521,0.45,0.291,0.459,0.503,-0.185,-0.316,0.111,0.398,-0.423,-0.015,0.36,-0.239,-0.185,0.286,-0.268,0.528,0.235,-0.01,0.291,0.078,0.568,-0.562,0.211,0.221,-0.278,0.76,0.258,0.353,0.728,0.373,-0.289,0.777,0.355,0.5,0.354,-0.121,-0.753,0.738,0.794,0.267,-0.458,-0.058,0.727,0.081,0.452,0.005,-0.297,0.407,-0.37,-0.147,-0.053,0.251,-0.288,-0.304,0.278,-0.095,-0.565,0.188,0.454,-0.278,0.544,0.562
APA,0.565,0.541,0.59,0.664,0.539,-0.32,-0.28,-0.574,-0.438,-0.328,0.0,-0.041,-0.544,0.606,-0.382,0.729,-0.656,-0.663,0.051,-0.32,0.552,-0.61,-0.548,0.24,-0.249,-0.584,-0.59,-0.364,0.741,-0.208,-0.53,-0.159,-0.204,0.173,0.53,-0.386,0.825,-0.001,-0.457,-0.155,0.169,0.094,-0.04,0.049,-0.055,0.365,0.555,-0.331,-0.172,-0.774,-0.166,0.615,-0.871,0.144,-0.743,0.481,0.683,0.938,0.622,0.616,0.127,-0.142,0.877,-0.587,-0.238,0.743,-0.599,-0.158,-0.568,0.025,0.949,-0.511,0.514,-0.663,0.811,-0.042,0.433,0.669,0.661,-0.655,-0.467,-0.705,0.093,-0.625,-0.453,0.258,0.838,-0.352,0.715,-0.176,-0.777,0.893,-0.669,-0.571,-0.633,0.381,-0.235,-0.134,0.218,-0.363,0.487,0.556,0.826,-0.012,-0.265,-0.649,0.071,0.18,0.627,0.188,0.191,-0.743,-0.203,0.688,-0.724,-0.563,0.78,0.545,-0.172,-0.43,0.671,0.829,0.876,0.019,-0.023,0.623,0.483,0.891,-0.142,0.017,-0.15,0.097,-0.357,-0.731,0.682,-0.502,0.7,0.898,-0.154,-0.2,-0.776,0.076,0.737,0.908,-0.36,-0.78,0.944,-0.539,0.127,0.762,0.69,-0.65,0.244,-0.772,0.103,-0.477,0.059,0.464,-0.281,0.757,-0.717,-0.388,0.694,-0.182,0.165,-0.871,0.047,0.19,0.141,-0.165,0.401,-0.71,-0.08,-0.023,0.693,-0.641,-0.432,-0.741,0.877,0.77,-0.473,-0.284,-0.498,0.002,0.731,-0.852,0.204,0.83,0.648,-0.611,-0.228,0.913,0.447,0.691,0.779,0.498,-0.323,0.814,-0.617,0.34
APOG,-0.11,-0.119,0.05,-0.237,-0.408,0.016,0.261,-0.159,0.19,-0.178,-0.041,0.0,0.336,0.401,-0.29,-0.394,0.325,0.132,0.391,-0.245,0.611,0.334,0.005,0.011,0.289,-0.026,-0.132,0.219,-0.337,-0.394,-0.045,-0.078,-0.261,-0.109,-0.346,0.125,0.056,0.031,0.567,-0.185,0.171,-0.474,0.134,-0.139,-0.328,0.047,-0.34,-0.212,0.141,0.326,0.06,-0.266,0.173,-0.239,0.368,0.112,0.49,0.06,-0.245,0.328,-0.377,-0.112,0.141,0.412,0.276,-0.098,-0.074,0.346,0.25,-0.519,-0.075,0.464,-0.342,0.124,0.175,-0.228,-0.434,-0.259,0.081,-0.161,0.367,-0.007,-0.312,0.055,0.359,0.334,-0.078,0.06,-0.045,0.417,0.447,-0.203,-0.044,0.215,0.083,-0.423,0.199,-0.491,0.066,0.26,-0.169,-0.098,0.129,0.196,0.108,0.28,-0.199,-0.365,-0.404,0.268,-0.255,0.182,0.165,0.192,-0.082,0.304,-0.154,-0.353,-0.364,-0.308,-0.173,0.108,-0.121,0.085,0.099,0.303,0.274,0.145,-0.532,0.614,-0.268,-0.002,0.53,0.19,0.321,-0.041,-0.251,-0.065,-0.264,-0.352,0.201,-0.23,0.017,0.04,-0.063,0.117,-0.004,0.358,-0.198,-0.121,-0.26,0.109,0.779,0.178,-0.359,0.44,-0.158,-0.104,0.079,0.123,0.238,0.529,-0.428,-0.079,-0.456,0.261,-0.299,-0.254,0.714,-0.02,-0.331,0.326,-0.056,0.731,0.254,0.005,-0.101,0.378,0.111,-0.382,0.112,0.568,-0.414,0.331,0.491,0.192,0.25,-0.323,-0.123,0.309,0.418,-0.256,-0.38,0.374,0.013,-0.207,0.442,-0.24,0.125,-0.298
APPS,-0.149,-0.841,-0.243,-0.548,-0.23,0.451,0.674,0.406,0.722,0.347,-0.544,0.336,0.0,-0.346,0.006,-0.508,0.891,0.839,0.623,0.383,0.005,0.52,0.638,0.204,0.802,0.72,0.555,0.667,-0.787,-0.131,0.655,0.188,0.275,-0.737,-0.622,-0.059,-0.635,0.555,0.84,0.304,0.379,0.013,0.659,0.248,-0.544,0.05,-0.22,0.331,0.434,0.526,0.742,-0.514,0.674,-0.054,0.777,-0.44,-0.097,-0.558,-0.56,-0.391,-0.098,0.473,-0.284,0.916,0.733,-0.51,-0.193,0.674,0.226,-0.305,-0.65,0.876,-0.677,0.481,-0.606,0.123,-0.567,-0.713,0.065,-0.014,0.834,0.684,-0.735,0.829,0.87,0.52,-0.685,0.352,-0.825,0.854,0.554,-0.523,0.54,0.755,0.516,-0.539,0.734,-0.358,-0.094,0.859,0.006,-0.098,-0.384,-0.007,0.515,0.709,0.108,-0.13,-0.45,0.33,-0.052,0.804,0.509,-0.454,0.242,0.755,-0.415,-0.606,0.0,-0.128,-0.231,-0.448,-0.569,0.378,0.4,-0.556,0.148,-0.533,-0.157,0.384,0.324,0.103,0.429,0.621,-0.224,0.466,-0.787,-0.753,-0.355,-0.505,0.649,0.016,-0.325,-0.347,0.375,0.54,-0.437,0.38,0.163,-0.185,-0.645,0.35,0.253,0.702,-0.148,0.815,-0.397,0.157,0.508,-0.565,0.723,0.815,-0.887,0.506,-0.338,0.644,-0.178,-0.098,0.477,0.53,-0.283,0.491,0.555,0.441,-0.464,0.43,0.633,0.704,-0.547,-0.505,0.737,0.201,-0.015,0.457,-0.238,0.772,-0.258,-0.365,-0.81,0.94,0.446,-0.573,-0.002,-0.198,-0.436,-0.302,0.583,-0.367,0.839,-0.315
ARCB,0.082,0.326,0.481,0.16,-0.286,-0.62,-0.403,-0.84,-0.484,-0.568,0.606,0.401,-0.346,0.0,-0.721,0.074,-0.452,-0.558,-0.145,-0.778,0.714,-0.36,-0.778,-0.142,-0.257,-0.742,-0.737,-0.317,0.3,-0.705,-0.794,-0.575,-0.739,0.233,-0.021,0.077,0.782,-0.408,0.029,-0.428,-0.127,-0.6,-0.407,-0.272,-0.162,0.171,-0.21,-0.727,-0.354,-0.323,-0.333,0.028,-0.548,-0.511,-0.465,0.59,0.585,0.578,0.031,0.899,-0.564,-0.537,0.743,-0.326,-0.318,0.176,-0.259,0.158,0.057,-0.491,0.645,-0.193,-0.064,-0.44,0.532,-0.623,-0.207,0.278,0.356,-0.46,-0.421,-0.74,0.148,-0.72,-0.38,0.069,0.54,-0.663,0.529,-0.035,-0.376,0.282,-0.756,-0.518,-0.69,-0.232,-0.307,-0.588,-0.097,-0.146,-0.182,-0.054,0.753,-0.25,-0.467,-0.248,-0.533,-0.513,-0.07,0.16,-0.43,-0.695,-0.484,0.831,-0.683,-0.503,0.233,0.007,-0.666,-0.629,0.166,0.736,0.416,-0.339,-0.396,0.818,0.175,0.789,-0.708,0.176,-0.71,-0.31,0.319,-0.593,0.887,-0.594,0.321,0.668,-0.363,-0.258,-0.629,-0.577,0.385,0.487,-0.638,-0.69,0.532,0.083,-0.552,0.166,0.157,-0.24,0.534,-0.616,-0.545,-0.196,-0.257,-0.111,-0.536,0.743,-0.339,-0.033,0.231,-0.646,-0.509,-0.53,-0.276,-0.423,0.38,-0.388,-0.285,-0.508,-0.471,0.281,0.738,-0.489,-0.711,-0.312,0.624,0.057,-0.637,0.032,-0.815,-0.14,0.697,-0.608,0.565,0.191,0.259,-0.449,0.38,0.384,-0.354,0.465,0.759,-0.168,-0.254,0.228,-0.691,-0.19
ARCC,-0.296,0.095,-0.306,0.164,0.271,0.638,0.313,0.839,0.23,0.547,-0.382,-0.29,0.006,-0.721,0.0,0.053,0.256,0.251,-0.01,0.667,-0.639,0.256,0.612,0.022,-0.016,0.546,0.693,0.041,-0.149,0.848,0.631,0.641,0.786,0.077,0.134,-0.001,-0.57,0.24,-0.271,0.272,0.186,0.571,0.229,0.043,0.45,-0.404,0.316,0.723,0.466,0.294,0.165,0.099,0.459,0.575,0.332,-0.332,-0.39,-0.317,0.159,-0.775,0.587,0.48,-0.631,0.063,0.123,0.166,0.378,-0.484,0.074,0.676,-0.387,-0.086,0.339,0.504,-0.224,0.625,0.405,0.021,-0.448,0.472,0.152,0.635,0.123,0.423,0.197,-0.204,-0.325,0.735,-0.158,-0.291,0.361,-0.111,0.562,0.46,0.62,0.477,0.053,0.691,0.209,-0.13,0.318,0.018,-0.679,0.317,0.249,0.064,0.463,0.546,0.011,-0.038,0.448,0.465,0.511,-0.69,0.752,0.397,-0.26,0.247,0.779,0.842,-0.224,-0.577,-0.087,0.266,0.326,-0.589,-0.131,-0.449,0.787,0.068,0.71,0.526,-0.295,0.52,-0.76,0.321,-0.062,-0.446,0.643,0.519,0.515,0.571,-0.214,-0.303,0.429,0.594,-0.371,-0.137,0.486,-0.117,0.142,0.136,-0.312,0.473,0.479,-0.001,0.5,0.126,0.589,-0.448,0.141,-0.08,0.039,0.546,0.627,0.417,0.411,0.591,-0.433,0.284,0.409,0.574,0.319,-0.153,-0.534,0.412,0.595,0.297,-0.397,0.072,0.509,0.176,0.787,-0.062,-0.34,0.364,-0.548,-0.17,0.185,0.123,-0.599,-0.297,0.31,-0.076,-0.701,0.273,0.375,-0.186,0.44,0.356
ARVN,0.72,0.583,0.284,0.681,0.822,-0.09,-0.089,-0.184,-0.243,-0.097,0.729,-0.394,-0.508,0.074,0.053,0.0,-0.53,-0.461,0.053,0.108,0.116,-0.364,-0.134,0.426,-0.185,-0.183,-0.255,-0.201,0.832,0.239,-0.149,0.148,0.187,0.206,0.789,-0.394,0.563,0.201,-0.66,0.114,0.222,0.52,0.147,0.245,0.161,0.19,0.776,0.017,-0.135,-0.743,-0.094,0.831,-0.733,0.604,-0.647,0.204,0.299,0.727,0.764,0.188,0.543,0.208,0.524,-0.574,-0.227,0.703,-0.392,-0.372,-0.673,0.506,0.709,-0.542,0.748,-0.606,0.625,0.366,0.722,0.678,0.469,-0.339,-0.329,-0.389,0.123,-0.333,-0.467,0.139,0.727,-0.043,0.542,-0.309,-0.667,0.883,-0.288,-0.441,-0.323,0.685,-0.21,0.311,0.478,-0.491,0.618,0.728,0.483,0.238,-0.034,-0.772,0.5,0.611,0.837,-0.051,0.571,-0.522,0.046,0.33,-0.299,-0.385,0.824,0.641,0.263,-0.028,0.759,0.486,0.75,0.317,0.253,0.282,0.368,0.506,0.393,-0.289,0.254,0.333,-0.719,-0.5,0.177,-0.191,0.696,0.681,0.133,0.022,-0.525,0.477,0.714,0.735,0.019,-0.435,0.747,-0.775,0.459,0.767,0.769,-0.688,-0.209,-0.644,0.53,-0.486,0.208,0.543,-0.063,0.454,-0.728,-0.582,0.754,0.107,0.624,-0.716,0.282,0.578,-0.149,-0.029,0.703,-0.538,0.133,-0.373,0.311,-0.43,-0.098,-0.708,0.678,0.929,-0.278,-0.318,0.076,0.045,0.306,-0.629,-0.019,0.849,0.649,-0.491,-0.533,0.855,0.717,0.404,0.416,0.746,-0.423,0.851,-0.36,0.536
ATEC,-0.259,-0.733,-0.263,-0.537,-0.251,0.539,0.742,0.59,0.729,0.389,-0.656,0.325,0.891,-0.452,0.256,-0.53,0.0,0.887,0.584,0.479,-0.111,0.69,0.763,0.217,0.718,0.829,0.684,0.68,-0.829,0.084,0.781,0.295,0.381,-0.621,-0.56,0.061,-0.737,0.574,0.733,0.37,0.352,0.076,0.625,0.103,-0.359,-0.24,-0.194,0.454,0.502,0.653,0.635,-0.51,0.838,0.026,0.894,-0.484,-0.168,-0.636,-0.536,-0.542,-0.02,0.62,-0.462,0.887,0.674,-0.476,0.023,0.47,0.313,-0.095,-0.749,0.862,-0.587,0.623,-0.614,0.285,-0.473,-0.682,-0.106,0.23,0.826,0.821,-0.621,0.87,0.915,0.404,-0.729,0.542,-0.816,0.712,0.729,-0.607,0.62,0.844,0.7,-0.375,0.697,-0.209,0.029,0.707,-0.023,-0.157,-0.561,0.133,0.507,0.695,0.2,-0.011,-0.508,0.397,-0.031,0.873,0.63,-0.606,0.494,0.846,-0.531,-0.586,0.145,0.087,-0.341,-0.632,-0.513,0.396,0.412,-0.63,0.113,-0.626,0.033,0.403,0.407,0.253,0.459,0.788,-0.377,0.582,-0.745,-0.838,-0.146,-0.288,0.832,0.066,-0.393,-0.453,0.4,0.745,-0.548,0.459,0.253,-0.276,-0.608,0.319,0.263,0.803,-0.05,0.822,-0.213,0.133,0.646,-0.656,0.763,0.801,-0.863,0.545,-0.152,0.813,-0.1,0.088,0.411,0.443,-0.239,0.716,0.547,0.448,-0.567,0.493,0.72,0.858,-0.649,-0.543,0.809,0.325,0.205,0.431,-0.277,0.9,-0.331,-0.518,-0.691,0.915,0.317,-0.71,-0.04,-0.231,-0.65,-0.302,0.672,-0.418,0.891,-0.258
ATXS,-0.192,-0.787,-0.456,-0.539,-0.171,0.404,0.694,0.562,0.84,0.296,-0.663,0.132,0.839,-0.558,0.251,-0.461,0.887,0.0,0.513,0.448,-0.233,0.663,0.776,0.276,0.763,0.815,0.631,0.778,-0.753,0.036,0.742,0.169,0.377,-0.698,-0.554,-0.147,-0.764,0.525,0.656,0.213,0.173,0.101,0.566,0.164,-0.42,-0.091,-0.217,0.355,0.398,0.535,0.672,-0.463,0.791,0.1,0.729,-0.59,-0.318,-0.674,-0.549,-0.613,0.067,0.58,-0.468,0.888,0.736,-0.537,-0.064,0.473,0.201,-0.093,-0.728,0.824,-0.555,0.526,-0.715,0.287,-0.488,-0.785,-0.053,0.223,0.831,0.799,-0.64,0.843,0.796,0.392,-0.758,0.425,-0.895,0.685,0.555,-0.599,0.605,0.686,0.594,-0.338,0.692,-0.178,-0.063,0.628,-0.023,-0.177,-0.539,0.155,0.659,0.672,0.263,-0.003,-0.43,0.178,-0.032,0.801,0.545,-0.608,0.452,0.771,-0.489,-0.424,0.087,0.02,-0.221,-0.6,-0.576,0.42,0.463,-0.707,0.06,-0.738,0.043,0.215,0.357,0.081,0.272,0.684,-0.435,0.742,-0.794,-0.826,-0.225,-0.335,0.801,0.049,-0.483,-0.466,0.6,0.726,-0.527,0.359,0.276,-0.208,-0.565,0.267,0.091,0.746,0.015,0.835,-0.361,0.101,0.583,-0.672,0.771,0.687,-0.757,0.447,-0.089,0.77,-0.24,0.009,0.238,0.29,-0.248,0.554,0.664,0.254,-0.597,0.355,0.639,0.705,-0.68,-0.498,0.693,0.118,0.261,0.449,-0.434,0.859,-0.374,-0.434,-0.776,0.919,0.281,-0.659,0.022,-0.351,-0.63,-0.334,0.567,-0.399,0.848,-0.375
AVAV,0.355,-0.333,0.008,0.111,0.321,0.37,0.841,0.286,0.65,0.07,0.051,0.391,0.623,-0.145,-0.01,0.053,0.584,0.513,0.0,0.405,0.358,0.439,0.582,0.627,0.802,0.584,0.212,0.659,-0.217,-0.081,0.56,0.355,0.38,-0.576,-0.047,-0.459,-0.196,0.625,0.378,0.238,0.546,0.322,0.812,0.082,-0.575,0.159,0.338,0.253,0.25,0.034,0.612,0.194,0.185,0.351,0.398,-0.272,0.439,0.142,0.139,-0.223,0.366,0.596,0.166,0.613,0.621,0.123,-0.477,0.353,-0.395,-0.09,-0.086,0.67,-0.073,-0.081,0.064,0.481,-0.044,-0.346,0.565,-0.386,0.778,0.442,-0.769,0.542,0.679,0.776,-0.038,0.439,-0.423,0.768,0.162,0.16,0.133,0.393,0.304,0.018,0.52,-0.302,0.376,0.476,0.515,0.485,0.024,0.511,0.673,0.072,0.586,0.327,0.073,0.416,0.403,0.44,0.797,-0.11,-0.01,0.714,0.23,-0.061,0.127,-0.228,0.431,0.072,0.068,0.797,0.805,-0.113,0.799,-0.118,0.019,0.302,0.433,0.533,-0.028,0.404,-0.067,0.463,-0.389,-0.181,-0.231,-0.589,0.387,0.316,0.091,0.31,0.459,0.333,0.233,-0.147,0.501,0.505,0.075,-0.309,0.477,0.293,0.138,0.619,-0.252,0.644,0.602,-0.195,0.16,0.441,-0.403,0.468,0.161,0.21,-0.142,0.323,0.571,0.394,0.274,0.21,0.615,0.555,-0.019,0.03,0.492,0.364,0.086,0.109,0.579,0.285,-0.075,0.818,0.306,0.349,-0.427,0.163,-0.267,0.653,0.015,-0.0,0.451,0.294,-0.206,0.301,0.368,0.264,0.628,0.032
AXON,0.078,-0.267,-0.192,0.165,0.453,0.858,0.552,0.844,0.34,0.746,-0.32,-0.245,0.383,-0.778,0.667,0.108,0.479,0.448,0.405,0.0,-0.538,0.265,0.799,0.248,0.285,0.74,0.771,0.247,-0.2,0.756,0.879,0.863,0.859,-0.187,0.171,-0.193,-0.615,0.632,-0.047,0.624,0.535,0.827,0.717,0.297,0.1,-0.142,0.542,0.915,0.506,0.299,0.382,0.171,0.395,0.64,0.505,-0.41,-0.29,-0.286,0.268,-0.79,0.71,0.735,-0.525,0.268,0.38,0.069,0.11,-0.211,-0.212,0.611,-0.431,0.2,0.234,0.351,-0.252,0.805,0.41,-0.023,-0.157,0.212,0.43,0.727,-0.327,0.723,0.461,0.153,-0.341,0.854,-0.354,0.166,0.339,0.014,0.694,0.631,0.786,0.403,0.289,0.462,0.285,0.268,0.542,0.373,-0.646,0.419,0.381,0.107,0.692,0.731,0.122,0.134,0.701,0.665,0.71,-0.789,0.546,0.565,-0.013,0.056,0.849,0.624,-0.016,-0.557,-0.152,0.527,0.51,-0.657,0.171,-0.528,0.748,0.028,0.894,0.621,-0.386,0.668,-0.748,0.358,-0.227,-0.49,0.5,0.181,0.6,0.75,-0.197,-0.161,0.543,0.618,-0.283,-0.324,0.67,0.089,0.063,-0.033,-0.291,0.537,0.513,0.134,0.244,0.393,0.785,-0.656,0.128,0.078,-0.224,0.827,0.618,0.385,0.581,0.659,-0.254,0.698,0.6,0.526,0.544,-0.077,-0.69,0.566,0.88,0.3,-0.377,0.167,0.796,0.172,0.697,0.361,-0.309,0.498,-0.613,-0.016,-0.047,0.402,-0.503,-0.198,0.571,-0.105,-0.714,0.471,0.307,-0.024,0.721,0.525
BANF,0.384,0.152,0.406,0.09,-0.024,-0.399,0.027,-0.645,-0.013,-0.541,0.552,0.611,0.005,0.714,-0.639,0.116,-0.111,-0.233,0.358,-0.538,0.0,-0.059,-0.382,0.223,0.199,-0.354,-0.607,0.106,0.183,-0.619,-0.45,-0.376,-0.468,-0.129,0.043,-0.063,0.628,0.028,0.257,-0.276,0.116,-0.439,0.047,-0.033,-0.396,0.368,-0.051,-0.558,-0.133,-0.33,0.012,0.117,-0.398,-0.202,-0.211,0.262,0.848,0.606,0.063,0.723,-0.325,-0.248,0.751,0.043,0.081,0.243,-0.481,0.389,-0.225,-0.584,0.492,0.184,-0.097,-0.401,0.596,-0.328,-0.21,0.042,0.614,-0.616,0.066,-0.495,-0.203,-0.345,0.017,0.501,0.473,-0.363,0.278,0.308,-0.159,0.34,-0.502,-0.287,-0.501,-0.231,0.103,-0.538,0.135,0.02,0.038,0.216,0.748,0.024,-0.022,-0.135,-0.157,-0.328,0.127,0.257,-0.188,-0.355,-0.09,0.692,-0.604,-0.112,0.401,-0.034,-0.619,-0.727,0.383,0.646,0.396,0.06,0.046,0.632,0.51,0.618,-0.645,0.386,-0.416,-0.039,0.247,-0.435,0.756,-0.194,0.164,0.511,-0.545,-0.538,-0.419,-0.288,0.492,0.537,-0.259,-0.419,0.628,0.06,-0.098,0.417,0.119,-0.329,0.772,-0.363,-0.195,0.177,-0.195,0.266,-0.275,0.625,-0.173,0.222,0.029,-0.292,-0.371,-0.364,-0.436,-0.175,0.79,-0.275,-0.168,-0.359,-0.043,0.564,0.705,-0.526,-0.465,-0.142,0.632,0.142,-0.306,0.11,-0.735,0.329,0.783,-0.358,0.353,0.28,0.134,-0.041,0.369,0.371,-0.048,0.631,0.611,0.033,0.04,0.387,-0.293,-0.232
BATRK,-0.072,-0.298,-0.438,-0.421,-0.276,0.171,0.6,0.385,0.643,-0.047,-0.61,0.334,0.52,-0.36,0.256,-0.364,0.69,0.663,0.439,0.265,-0.059,0.0,0.609,0.246,0.52,0.604,0.309,0.64,-0.47,0.021,0.52,0.168,0.181,-0.26,-0.249,0.142,-0.505,0.269,0.401,0.111,0.035,-0.056,0.311,-0.123,-0.124,-0.259,-0.324,0.137,0.091,0.479,0.187,-0.19,0.625,0.174,0.635,-0.397,-0.19,-0.455,-0.327,-0.373,0.067,0.371,-0.461,0.655,0.362,-0.406,0.27,0.214,0.214,-0.047,-0.611,0.673,-0.277,0.263,-0.355,0.218,-0.293,-0.609,-0.186,0.367,0.706,0.558,-0.291,0.515,0.514,0.151,-0.463,0.361,-0.624,0.377,0.68,-0.524,0.415,0.456,0.473,-0.172,0.329,-0.059,0.299,0.192,-0.195,-0.143,-0.433,0.471,0.558,0.331,0.312,0.05,-0.37,-0.017,0.067,0.577,0.523,-0.358,0.617,0.689,-0.341,-0.319,0.063,0.11,-0.088,-0.415,-0.457,0.452,0.456,-0.308,0.098,-0.571,0.057,0.046,0.125,0.255,0.244,0.62,-0.393,0.643,-0.602,-0.581,0.026,-0.148,0.701,0.019,-0.355,-0.406,0.522,0.733,-0.424,0.331,0.107,-0.244,-0.305,0.147,0.19,0.515,0.1,0.649,-0.142,-0.038,0.412,-0.404,0.467,0.409,-0.579,0.166,0.036,0.685,-0.253,0.034,0.307,0.018,-0.186,0.629,0.271,0.337,-0.296,0.304,0.341,0.672,-0.437,-0.432,0.409,0.437,0.368,0.423,-0.267,0.721,-0.202,-0.541,-0.441,0.654,0.204,-0.591,-0.19,-0.302,-0.585,-0.149,0.341,-0.35,0.584,-0.35
BIDU,-0.046,-0.442,-0.393,-0.165,0.2,0.733,0.766,0.827,0.695,0.557,-0.548,0.005,0.638,-0.778,0.612,-0.134,0.763,0.776,0.582,0.799,-0.382,0.609,0.0,0.387,0.622,0.915,0.791,0.613,-0.473,0.509,0.935,0.628,0.725,-0.421,-0.13,-0.212,-0.741,0.604,0.274,0.393,0.357,0.539,0.712,0.188,-0.119,-0.213,0.229,0.718,0.477,0.458,0.546,-0.049,0.661,0.543,0.69,-0.539,-0.287,-0.48,-0.07,-0.814,0.543,0.765,-0.576,0.638,0.605,-0.17,0.064,0.026,-0.039,0.356,-0.64,0.552,-0.073,0.437,-0.45,0.741,0.045,-0.421,-0.129,0.245,0.767,0.877,-0.52,0.876,0.699,0.272,-0.549,0.768,-0.673,0.419,0.547,-0.282,0.713,0.71,0.821,0.115,0.511,0.256,0.275,0.399,0.317,0.19,-0.689,0.466,0.633,0.337,0.642,0.486,-0.108,0.13,0.459,0.815,0.812,-0.78,0.613,0.797,-0.242,-0.156,0.585,0.428,-0.085,-0.609,-0.352,0.662,0.698,-0.691,0.19,-0.71,0.516,0.129,0.743,0.517,-0.114,0.804,-0.717,0.682,-0.539,-0.708,0.213,-0.079,0.831,0.531,-0.33,-0.312,0.701,0.807,-0.41,0.007,0.565,-0.019,-0.186,0.086,-0.069,0.702,0.372,0.559,0.006,0.273,0.806,-0.704,0.433,0.377,-0.49,0.716,0.409,0.677,0.18,0.452,0.041,0.504,0.276,0.664,0.692,0.147,-0.702,0.516,0.853,0.564,-0.534,-0.149,0.843,0.26,0.601,0.498,-0.369,0.755,-0.608,-0.245,-0.357,0.752,-0.214,-0.471,0.345,-0.202,-0.805,0.177,0.502,-0.217,0.89,0.141
BLNE,0.53,-0.024,-0.004,0.248,0.511,0.091,0.578,0.102,0.459,-0.105,0.24,0.011,0.204,-0.142,0.022,0.426,0.217,0.276,0.627,0.248,0.223,0.246,0.387,0.0,0.531,0.368,0.012,0.537,0.173,0.0,0.311,0.192,0.302,-0.432,0.249,-0.494,0.06,0.493,0.017,0.062,0.276,0.378,0.556,0.192,-0.362,0.102,0.457,0.078,0.047,-0.297,0.395,0.43,-0.083,0.496,-0.049,-0.219,0.317,0.305,0.32,-0.118,0.443,0.533,0.291,0.237,0.375,0.247,-0.478,0.117,-0.548,0.121,0.148,0.293,0.2,-0.214,0.23,0.5,0.175,-0.096,0.575,-0.357,0.416,0.176,-0.475,0.223,0.233,0.572,0.18,0.233,-0.146,0.384,-0.146,0.381,0.016,0.025,0.08,0.267,0.314,-0.086,0.336,0.057,0.487,0.544,0.204,0.438,0.531,-0.244,0.638,0.383,0.357,0.143,0.419,0.059,0.508,-0.003,-0.092,0.326,0.434,0.168,0.089,-0.171,0.609,0.184,0.269,0.674,0.663,-0.04,0.634,0.016,0.149,-0.006,0.322,0.382,-0.339,0.063,-0.013,0.444,-0.084,0.107,-0.182,-0.375,0.122,0.322,0.257,0.424,0.445,0.136,0.398,-0.375,0.523,0.652,0.271,-0.548,0.164,-0.048,0.298,0.354,-0.14,0.621,0.351,0.074,-0.004,0.087,0.054,0.251,0.356,-0.062,-0.144,0.405,0.299,0.048,0.367,-0.068,0.537,0.156,0.051,-0.248,0.24,-0.005,0.205,0.387,0.207,0.029,0.058,0.558,0.205,0.046,-0.369,0.403,0.006,0.311,-0.164,0.272,0.519,0.268,-0.013,0.408,0.062,0.472,0.279,0.106
BLNK,0.101,-0.606,-0.224,-0.265,0.091,0.225,0.794,0.322,0.877,0.007,-0.249,0.289,0.802,-0.257,-0.016,-0.185,0.718,0.763,0.802,0.285,0.199,0.52,0.622,0.531,0.0,0.676,0.299,0.849,-0.486,-0.225,0.556,0.091,0.305,-0.777,-0.389,-0.409,-0.395,0.569,0.612,0.043,0.3,0.093,0.682,0.207,-0.675,0.18,-0.024,0.126,0.215,0.18,0.782,-0.148,0.419,0.182,0.462,-0.507,0.162,-0.203,-0.269,-0.315,0.157,0.511,-0.002,0.851,0.775,-0.199,-0.477,0.57,-0.169,-0.25,-0.342,0.845,-0.417,0.135,-0.332,0.259,-0.413,-0.705,0.446,-0.233,0.874,0.549,-0.84,0.643,0.702,0.736,-0.399,0.3,-0.753,0.836,0.26,-0.186,0.312,0.465,0.315,-0.231,0.713,-0.384,0.075,0.605,0.237,0.165,-0.093,0.274,0.801,0.381,0.4,-0.001,-0.175,0.216,0.131,0.543,0.634,-0.229,0.057,0.758,-0.098,-0.222,-0.084,-0.299,0.226,-0.15,-0.266,0.665,0.704,-0.347,0.515,-0.38,-0.136,0.258,0.329,0.196,0.136,0.447,-0.124,0.667,-0.655,-0.456,-0.456,-0.67,0.509,0.096,-0.16,0.017,0.573,0.435,-0.058,0.081,0.299,0.258,-0.282,-0.036,0.353,0.467,-0.033,0.861,-0.517,0.428,0.532,-0.34,0.508,0.608,-0.579,0.354,-0.097,0.456,-0.428,0.048,0.523,0.245,-0.09,0.259,0.72,0.486,-0.153,0.014,0.45,0.491,-0.232,-0.202,0.555,0.125,-0.05,0.676,-0.022,0.545,-0.378,-0.066,-0.639,0.872,0.235,-0.252,0.251,0.021,-0.273,-0.068,0.398,-0.016,0.713,-0.368
BTAI,-0.076,-0.522,-0.355,-0.239,0.168,0.655,0.808,0.799,0.759,0.483,-0.584,-0.026,0.72,-0.742,0.546,-0.183,0.829,0.815,0.584,0.74,-0.354,0.604,0.915,0.368,0.676,0.0,0.775,0.671,-0.545,0.412,0.926,0.554,0.705,-0.55,-0.196,-0.131,-0.754,0.652,0.376,0.449,0.424,0.483,0.728,0.218,-0.194,-0.178,0.156,0.667,0.483,0.456,0.664,-0.162,0.704,0.422,0.724,-0.629,-0.28,-0.527,-0.189,-0.781,0.403,0.789,-0.52,0.706,0.605,-0.25,0.038,0.221,0.018,0.297,-0.667,0.632,-0.215,0.49,-0.516,0.608,-0.1,-0.51,-0.04,0.266,0.768,0.902,-0.573,0.907,0.751,0.36,-0.578,0.723,-0.749,0.504,0.555,-0.339,0.716,0.76,0.766,0.03,0.592,0.134,0.188,0.496,0.261,0.113,-0.629,0.343,0.649,0.42,0.561,0.387,-0.153,0.215,0.359,0.837,0.769,-0.719,0.607,0.855,-0.304,-0.267,0.475,0.349,-0.106,-0.654,-0.373,0.601,0.619,-0.73,0.183,-0.706,0.452,0.171,0.72,0.468,-0.005,0.776,-0.649,0.727,-0.575,-0.745,0.083,-0.093,0.8,0.446,-0.3,-0.342,0.629,0.801,-0.437,0.075,0.565,-0.033,-0.294,0.111,-0.063,0.736,0.277,0.632,-0.033,0.32,0.758,-0.703,0.558,0.475,-0.577,0.695,0.29,0.69,0.073,0.444,0.114,0.507,0.143,0.631,0.679,0.188,-0.649,0.47,0.847,0.665,-0.55,-0.187,0.842,0.24,0.526,0.462,-0.401,0.806,-0.567,-0.258,-0.478,0.804,-0.089,-0.494,0.33,-0.234,-0.742,0.044,0.504,-0.178,0.925,0.009
BYND,-0.383,-0.491,-0.272,-0.228,0.044,0.85,0.485,0.863,0.408,0.843,-0.59,-0.132,0.555,-0.737,0.693,-0.255,0.684,0.631,0.212,0.771,-0.607,0.309,0.791,0.012,0.299,0.775,0.0,0.271,-0.606,0.651,0.852,0.644,0.743,-0.308,-0.293,-0.004,-0.817,0.51,0.275,0.496,0.424,0.471,0.536,0.281,0.076,-0.324,0.161,0.866,0.74,0.611,0.507,-0.331,0.719,0.315,0.712,-0.42,-0.455,-0.64,-0.251,-0.819,0.319,0.662,-0.68,0.485,0.503,-0.197,0.191,0.007,0.323,0.451,-0.664,0.304,-0.189,0.761,-0.603,0.526,-0.005,-0.23,-0.395,0.411,0.468,0.851,-0.324,0.815,0.654,0.064,-0.682,0.747,-0.543,0.217,0.551,-0.411,0.803,0.865,0.854,-0.011,0.487,0.341,0.001,0.484,0.23,-0.049,-0.814,0.038,0.243,0.536,0.283,0.337,-0.261,0.275,0.262,0.816,0.557,-0.882,0.648,0.583,-0.498,-0.271,0.658,0.618,-0.464,-0.792,-0.388,0.246,0.268,-0.849,-0.189,-0.615,0.522,0.302,0.753,0.35,0.063,0.755,-0.679,0.355,-0.426,-0.797,0.295,0.204,0.753,0.447,-0.333,-0.46,0.351,0.678,-0.603,0.164,0.404,-0.307,-0.362,0.383,-0.196,0.778,0.224,0.339,0.164,0.104,0.735,-0.726,0.524,0.442,-0.479,0.782,0.232,0.672,0.404,0.384,-0.17,0.675,0.142,0.718,0.531,-0.005,-0.836,0.676,0.894,0.556,-0.679,-0.251,0.868,0.159,0.546,0.063,-0.46,0.719,-0.45,-0.323,-0.301,0.553,-0.186,-0.555,0.228,-0.23,-0.765,-0.027,0.628,-0.397,0.797,0.23
CAN,0.067,-0.521,-0.342,-0.275,-0.0,0.159,0.766,0.322,0.805,-0.052,-0.364,0.219,0.667,-0.317,0.041,-0.201,0.68,0.778,0.659,0.247,0.106,0.64,0.613,0.537,0.849,0.671,0.271,0.0,-0.448,-0.15,0.538,0.099,0.266,-0.667,-0.313,-0.32,-0.423,0.473,0.506,0.016,0.181,0.054,0.541,0.08,-0.544,0.038,-0.101,0.093,0.145,0.307,0.644,-0.172,0.485,0.168,0.444,-0.559,0.02,-0.296,-0.284,-0.361,0.136,0.491,-0.111,0.796,0.712,-0.334,-0.24,0.496,-0.096,-0.158,-0.404,0.803,-0.35,0.163,-0.346,0.274,-0.383,-0.713,0.317,-0.082,0.851,0.56,-0.699,0.594,0.617,0.597,-0.398,0.312,-0.712,0.696,0.336,-0.275,0.312,0.397,0.343,-0.196,0.596,-0.291,0.037,0.482,0.083,0.049,-0.197,0.317,0.775,0.365,0.399,0.017,-0.22,0.093,0.129,0.497,0.567,-0.262,0.184,0.731,-0.183,-0.209,-0.084,-0.215,0.167,-0.22,-0.326,0.637,0.652,-0.363,0.414,-0.485,-0.081,0.148,0.24,0.136,0.099,0.48,-0.225,0.839,-0.664,-0.469,-0.349,-0.414,0.6,0.037,-0.276,-0.095,0.578,0.578,-0.137,0.122,0.277,0.148,-0.292,-0.067,0.256,0.485,0.003,0.876,-0.426,0.333,0.507,-0.391,0.543,0.534,-0.521,0.231,-0.012,0.545,-0.382,0.109,0.395,0.099,-0.102,0.31,0.65,0.385,-0.216,0.039,0.372,0.54,-0.282,-0.241,0.482,0.203,0.1,0.636,-0.126,0.611,-0.339,-0.205,-0.589,0.8,0.221,-0.363,0.138,-0.102,-0.378,-0.139,0.343,-0.111,0.674,-0.379
CCEC,0.636,0.805,0.295,0.685,0.581,-0.393,-0.405,-0.449,-0.538,-0.354,0.741,-0.337,-0.787,0.3,-0.149,0.832,-0.829,-0.753,-0.217,-0.2,0.183,-0.47,-0.473,0.173,-0.486,-0.545,-0.606,-0.448,0.0,0.056,-0.5,-0.066,-0.149,0.528,0.854,-0.196,0.748,-0.248,-0.802,-0.085,-0.142,0.277,-0.256,-0.032,0.316,0.231,0.535,-0.291,-0.507,-0.799,-0.515,0.855,-0.887,0.366,-0.838,0.377,0.297,0.784,0.799,0.424,0.359,-0.251,0.524,-0.815,-0.576,0.628,-0.144,-0.513,-0.608,0.317,0.783,-0.725,0.798,-0.787,0.756,0.099,0.719,0.731,0.31,-0.286,-0.595,-0.675,0.443,-0.681,-0.779,-0.185,0.875,-0.309,0.756,-0.559,-0.727,0.834,-0.552,-0.772,-0.562,0.647,-0.579,0.294,0.37,-0.718,0.314,0.54,0.59,0.196,-0.24,-0.916,0.266,0.398,0.771,-0.311,0.396,-0.779,-0.269,0.56,-0.373,-0.629,0.827,0.668,0.078,-0.07,0.694,0.664,0.703,0.054,-0.009,0.609,0.208,0.598,0.234,-0.492,-0.133,0.125,-0.682,-0.676,0.272,-0.38,0.8,0.882,0.204,0.156,-0.726,0.235,0.579,0.646,-0.146,-0.602,0.731,-0.717,0.121,0.591,0.827,-0.622,-0.242,-0.835,0.373,-0.724,0.261,0.218,-0.418,0.642,-0.892,-0.85,0.888,-0.297,0.494,-0.857,0.215,0.259,-0.277,-0.324,0.571,-0.657,-0.295,-0.433,0.546,-0.47,-0.473,-0.842,0.785,0.806,-0.633,-0.286,-0.011,-0.089,0.331,-0.833,0.146,0.716,0.754,-0.769,-0.453,0.87,0.382,0.295,0.547,0.664,-0.691,0.732,-0.687,0.448
CDW,-0.059,0.186,-0.126,0.289,0.449,0.718,0.147,0.744,-0.04,0.679,-0.208,-0.394,-0.131,-0.705,0.848,0.239,0.084,0.036,-0.081,0.756,-0.619,0.021,0.509,0.0,-0.225,0.412,0.651,-0.15,0.056,0.0,0.571,0.775,0.773,0.23,0.394,0.025,-0.423,0.29,-0.415,0.466,0.3,0.716,0.262,0.209,0.512,-0.32,0.541,0.835,0.474,0.202,-0.005,0.25,0.223,0.625,0.231,-0.219,-0.334,-0.173,0.386,-0.678,0.658,0.462,-0.556,-0.178,0.002,0.294,0.373,-0.571,-0.081,0.8,-0.25,-0.3,0.492,0.381,-0.041,0.673,0.642,0.343,-0.435,0.405,-0.027,0.457,0.183,0.355,0.083,-0.254,-0.126,0.74,0.064,-0.406,0.248,0.103,0.572,0.384,0.634,0.586,-0.017,0.824,0.245,-0.18,0.405,0.272,-0.613,0.27,0.015,-0.083,0.487,0.697,0.29,-0.011,0.612,0.371,0.389,-0.684,0.593,0.177,-0.012,0.264,0.884,0.867,-0.166,-0.532,0.056,0.168,0.174,-0.512,-0.151,-0.324,0.882,-0.013,0.769,0.515,-0.47,0.41,-0.718,0.135,0.196,-0.261,0.726,0.627,0.355,0.769,-0.038,-0.184,0.282,0.432,-0.253,-0.303,0.553,-0.053,0.233,0.034,-0.436,0.344,0.627,-0.268,0.658,0.174,0.502,-0.409,-0.079,-0.243,0.186,0.641,0.729,0.211,0.688,0.725,-0.514,0.421,0.613,0.448,0.215,-0.302,-0.564,0.451,0.593,0.051,-0.242,0.282,0.483,0.08,0.785,-0.082,-0.286,0.203,-0.407,0.012,0.39,-0.073,-0.707,-0.072,0.451,-0.032,-0.587,0.478,0.206,-0.026,0.343,0.651
CDXS,-0.086,-0.485,-0.274,-0.125,0.224,0.822,0.761,0.889,0.621,0.656,-0.53,-0.045,0.655,-0.794,0.631,-0.149,0.781,0.742,0.56,0.879,-0.45,0.52,0.935,0.311,0.556,0.926,0.852,0.538,-0.5,0.571,0.0,0.719,0.796,-0.435,-0.137,-0.187,-0.797,0.67,0.265,0.573,0.482,0.627,0.754,0.198,-0.109,-0.224,0.303,0.823,0.546,0.489,0.582,-0.082,0.664,0.489,0.722,-0.52,-0.293,-0.495,-0.058,-0.847,0.525,0.817,-0.59,0.607,0.585,-0.141,0.066,0.049,-0.01,0.416,-0.637,0.527,-0.083,0.511,-0.473,0.733,0.075,-0.36,-0.143,0.27,0.705,0.909,-0.517,0.909,0.744,0.289,-0.572,0.852,-0.652,0.432,0.54,-0.267,0.738,0.803,0.86,0.146,0.526,0.236,0.2,0.485,0.377,0.183,-0.722,0.374,0.572,0.36,0.615,0.525,-0.127,0.254,0.478,0.85,0.816,-0.819,0.639,0.802,-0.265,-0.17,0.665,0.481,-0.132,-0.663,-0.312,0.6,0.613,-0.754,0.181,-0.673,0.571,0.167,0.812,0.554,-0.083,0.83,-0.719,0.591,-0.5,-0.728,0.272,0.012,0.826,0.553,-0.348,-0.308,0.611,0.783,-0.448,-0.02,0.606,-0.039,-0.197,0.131,-0.117,0.743,0.359,0.496,0.08,0.341,0.848,-0.748,0.45,0.39,-0.506,0.813,0.407,0.65,0.307,0.503,-0.016,0.64,0.311,0.705,0.647,0.141,-0.716,0.596,0.944,0.587,-0.562,-0.128,0.917,0.243,0.614,0.441,-0.373,0.761,-0.627,-0.235,-0.352,0.706,-0.223,-0.459,0.396,-0.199,-0.807,0.185,0.526,-0.19,0.924,0.224
