,ABEO,ACHC,AGNCN,AKAM,AKRO,ALRM,AMAT,AMED,AMRN,ANGI,APA,APOG,APPS,ARCB,ARCC,ARVN,ATEC,ATXS,AVAV,AXON,BANF,BATRK,BIDU,BLNE,BLNK,BTAI,BYND,CAN,CCEC,CDW,CDXS,CELH,CGNX,CHKP,CHRS,CHRW,CIGI,CKPT,CMPR,COGT,CRNC,CRSP,CSTL,CTSH,CVGW,DGLY,DNLI,DOCU,DVAX,EBAY,EHTH,ERII,ESLT,EXPE,EXPO,FBIOP,FFBC,FFIN,FOXF,FWRD,GDS,GERN,GPRE,GRWG,GRYP,HEES,HELE,HIVE,HON,HRTX,HSTM,HURA,IART,IBKR,IBOC,IBRX,IDXX,INGN,INM,INVA,IQ,IRBT,KDP,KPTI,KTOS,KXIN,LAMR,LFUS,LGIH,LGMK,LKFN,LNW,LOPE,LPSN,LYFT,MGNX,MLCO,MNST,MODV,MSTR,MTCH,MYGN,MYRG,NCMI,NEXT,NFLX,NIU,NKTR,NRC,NTNX,NTRA,NVEE,NVMI,NWL,NWS,NXPI,OCGN,OCSL,OKTA,OLLI,OTLK,OXLC,PAA,PARA,PARAA,PDCO,PDFS,PFG,PGEN,PNFP,PODD,POWI,PSMT,PTC,PTEN,PVLA,RDNT,RDUS,RDWR,REGN,RNAC,ROCK,ROST,RRR,RSLS,RVMD,RYAAY,SAFT,SAGE,SAVA,SBGI,SFM,SFNC,SHYF,SIBN,SIFY,SIGI,SIMO,SITM,SLM,SNBR,SNDX,SNY,SPNS,SRRK,STRA,SUPN,SYRE,TCBK,TEAM,TECH,THRM,TLRY,TRMK,TROW,TSLA,TWST,TXN,UFPI,UNIT,UPWK,USLM,UTHR,VERB,VLY,VRNA,VRRM,VXRT,WAFD,WATT,WBA,WING,WIX,WTFC,WTW,XPEL,XRX,YMAB,ZG,ZLAB
ABEO,0.0,0.469,0.433,0.897,0.894,0.7,0.849,0.881,0.613,0.13,-0.766,0.33,-0.788,-0.931,-0.892,0.824,0.879,0.919,-0.377,0.781,-0.853,-0.281,0.193,0.765,0.856,-0.516,0.841,0.46,0.54,0.929,-0.751,-0.309,0.806,-0.112,-0.134,-0.228,-0.456,0.457,-0.14,0.397,0.946,0.945,0.878,0.462,0.09,0.9,0.647,0.577,-0.341,0.037,-0.861,0.475,0.693,-0.686,0.412,-0.753,-0.779,-0.862,-0.083,-0.076,0.194,0.539,-0.298,0.902,0.586,-0.89,0.571,-0.481,0.415,0.864,0.354,0.759,0.581,-0.899,-0.704,0.437,0.824,0.913,0.92,-0.599,0.184,0.069,-0.02,0.45,0.523,0.963,-0.545,-0.25,0.887,0.56,-0.892,-0.244,0.077,0.756,-0.149,0.39,-0.38,0.81,0.171,-0.766,-0.035,0.703,-0.298,-0.592,-0.854,-0.929,0.278,0.066,0.763,0.899,0.614,0.169,0.791,0.874,-0.623,0.876,0.193,-0.213,0.873,0.786,0.698,-0.894,-0.602,0.158,0.689,-0.783,-0.551,-0.725,0.93,-0.78,-0.183,0.862,0.684,0.717,-0.676,0.909,0.095,-0.87,0.811,0.942,0.033,-0.832,0.865,-0.851,0.481,0.794,-0.35,-0.826,0.174,-0.095,-0.204,0.43,-0.784,0.155,0.644,-0.013,0.135,0.873,0.441,0.434,0.413,0.711,-0.334,-0.819,0.812,-0.04,-0.098,-0.658,-0.788,0.414,0.849,-0.847,0.867,-0.812,0.885,-0.783,0.845,0.42,-0.663,0.854,-0.407,0.739,0.542,-0.774,-0.773,0.922,0.214,0.882,-0.815,0.899,0.692,0.88,0.93,-0.832,-0.796,0.807,-0.521,0.804,0.501,0.855
ACHC,0.469,0.0,0.587,0.203,0.198,0.253,0.229,0.128,0.436,0.564,-0.333,-0.406,-0.214,-0.264,-0.343,0.109,0.26,0.615,-0.63,0.516,-0.094,0.375,-0.436,0.2,0.302,-0.156,0.453,-0.344,0.117,0.461,-0.567,-0.188,0.106,-0.619,0.008,-0.663,-0.709,0.693,-0.026,0.673,0.387,0.475,0.231,0.237,0.594,0.277,0.311,-0.082,0.435,-0.506,-0.419,0.277,0.225,0.173,0.393,-0.231,-0.106,-0.181,0.119,0.345,-0.297,0.463,-0.667,0.4,-0.037,-0.336,-0.01,-0.556,-0.177,0.533,0.669,-0.036,0.784,-0.533,0.013,0.723,0.303,0.214,0.262,0.252,-0.587,-0.093,-0.663,0.648,0.529,0.398,0.269,0.342,0.251,0.19,-0.213,0.34,-0.075,0.161,0.55,-0.266,-0.473,0.032,0.709,-0.804,-0.15,0.452,-0.598,0.33,-0.365,-0.422,-0.552,0.726,-0.076,0.367,0.012,0.109,0.45,0.173,0.157,0.441,-0.295,-0.081,0.242,-0.05,-0.108,-0.548,-0.226,0.183,0.142,-0.764,0.183,-0.584,0.469,-0.116,-0.635,0.13,0.082,0.135,0.026,0.466,0.703,-0.579,0.099,0.328,0.204,-0.641,0.651,-0.055,-0.067,0.4,0.11,-0.259,0.116,0.694,0.579,0.299,-0.111,-0.556,0.18,0.27,-0.1,0.3,0.044,0.35,0.675,0.465,-0.209,-0.496,0.017,0.137,-0.194,0.245,-0.027,0.128,0.299,-0.394,0.458,-0.083,0.239,-0.195,0.34,0.212,-0.704,0.444,-0.444,-0.023,-0.264,-0.399,0.0,0.529,0.604,0.478,-0.14,0.426,-0.003,0.32,0.29,-0.102,-0.532,0.178,-0.274,-0.053,-0.044,0.075
AGNCN,0.433,0.587,0.0,0.341,0.284,0.366,0.287,0.14,0.43,0.494,-0.202,-0.047,-0.264,-0.295,-0.202,0.134,0.233,0.49,-0.232,0.616,-0.126,0.366,-0.162,0.234,0.341,-0.069,0.264,-0.101,0.462,0.469,-0.449,0.012,0.25,-0.282,-0.278,-0.335,-0.33,0.559,0.079,0.263,0.411,0.442,0.221,0.274,0.087,0.3,0.16,0.001,0.31,-0.375,-0.327,0.238,0.326,0.041,0.335,-0.075,-0.047,-0.153,0.168,0.086,-0.132,0.41,-0.466,0.324,0.157,-0.329,0.041,-0.233,-0.001,0.311,0.401,0.0,0.464,-0.445,-0.053,0.444,0.257,0.239,0.318,0.002,-0.254,-0.141,-0.207,0.221,0.447,0.496,0.028,0.158,0.233,0.345,-0.21,0.493,0.301,0.117,0.225,-0.032,-0.199,0.147,0.556,-0.527,0.105,0.372,-0.323,0.032,-0.262,-0.292,-0.306,0.455,0.012,0.396,0.016,0.198,0.515,0.205,0.094,0.386,-0.134,-0.011,0.266,0.055,0.07,-0.455,0.054,0.314,0.244,-0.502,0.157,-0.321,0.341,-0.04,-0.458,0.191,0.025,0.345,0.037,0.362,0.523,-0.349,0.205,0.315,-0.13,-0.297,0.423,-0.14,0.13,0.213,-0.028,-0.282,-0.14,0.376,0.371,0.37,-0.103,-0.328,0.145,0.436,-0.006,0.294,0.079,0.242,0.398,0.463,-0.248,-0.364,0.242,0.135,-0.1,-0.016,-0.039,0.14,0.253,-0.31,0.436,-0.075,0.326,-0.106,0.292,0.253,-0.505,0.268,-0.387,0.281,-0.157,-0.373,-0.004,0.523,0.427,0.43,-0.11,0.406,0.078,0.297,0.294,-0.103,-0.256,0.128,-0.362,0.101,-0.112,0.187
AKAM,0.897,0.203,0.341,0.0,0.932,0.836,0.948,0.9,0.593,0.105,-0.653,0.524,-0.695,-0.909,-0.814,0.856,0.91,0.808,-0.251,0.719,-0.852,-0.306,0.363,0.867,0.849,-0.381,0.783,0.603,0.659,0.917,-0.626,-0.075,0.932,0.171,-0.101,0.043,-0.195,0.327,-0.106,0.218,0.915,0.878,0.912,0.592,-0.103,0.905,0.649,0.737,-0.394,0.281,-0.796,0.599,0.83,-0.715,0.553,-0.703,-0.75,-0.846,-0.005,0.005,0.366,0.455,-0.181,0.887,0.692,-0.764,0.674,-0.193,0.69,0.801,0.185,0.767,0.51,-0.754,-0.698,0.35,0.87,0.955,0.878,-0.771,0.35,0.245,0.193,0.324,0.515,0.909,-0.604,-0.232,0.889,0.48,-0.883,-0.322,0.137,0.774,-0.239,0.48,-0.326,0.936,-0.073,-0.529,0.168,0.663,-0.029,-0.722,-0.739,-0.829,0.535,-0.166,0.857,0.937,0.693,0.346,0.834,0.93,-0.623,0.915,0.296,-0.088,0.895,0.873,0.839,-0.82,-0.512,0.252,0.815,-0.544,-0.524,-0.501,0.885,-0.763,0.034,0.965,0.805,0.874,-0.69,0.871,-0.039,-0.736,0.949,0.928,0.049,-0.7,0.769,-0.874,0.501,0.755,-0.428,-0.777,0.271,-0.276,-0.325,0.329,-0.762,0.369,0.687,-0.007,0.411,0.952,0.615,0.461,0.317,0.584,-0.299,-0.664,0.863,0.044,-0.011,-0.82,-0.792,0.486,0.887,-0.741,0.884,-0.793,0.968,-0.725,0.785,0.613,-0.42,0.811,-0.261,0.844,0.746,-0.698,-0.771,0.807,0.178,0.859,-0.805,0.874,0.805,0.877,0.918,-0.825,-0.627,0.857,-0.377,0.885,0.537,0.933
AKRO,0.894,0.198,0.284,0.932,0.0,0.74,0.917,0.888,0.665,0.066,-0.63,0.507,-0.662,-0.924,-0.852,0.847,0.896,0.822,-0.245,0.724,-0.841,-0.339,0.403,0.836,0.894,-0.338,0.843,0.57,0.639,0.883,-0.646,-0.184,0.873,0.205,-0.015,0.023,-0.236,0.418,-0.24,0.298,0.933,0.918,0.901,0.566,-0.054,0.889,0.518,0.654,-0.398,0.263,-0.766,0.522,0.793,-0.724,0.453,-0.71,-0.761,-0.856,-0.034,-0.07,0.32,0.571,-0.208,0.893,0.738,-0.788,0.612,-0.294,0.56,0.835,0.218,0.793,0.477,-0.744,-0.785,0.399,0.842,0.938,0.884,-0.694,0.403,0.24,0.173,0.435,0.541,0.92,-0.614,-0.249,0.893,0.48,-0.883,-0.35,0.104,0.745,-0.282,0.46,-0.235,0.865,-0.037,-0.564,0.121,0.66,-0.119,-0.703,-0.714,-0.871,0.493,-0.077,0.873,0.878,0.658,0.304,0.834,0.92,-0.623,0.878,0.441,-0.106,0.883,0.865,0.833,-0.82,-0.505,0.181,0.753,-0.611,-0.582,-0.537,0.887,-0.756,0.051,0.922,0.758,0.78,-0.714,0.878,-0.082,-0.75,0.857,0.929,0.159,-0.712,0.778,-0.856,0.54,0.763,-0.43,-0.718,0.32,-0.223,-0.338,0.409,-0.761,0.252,0.715,0.069,0.301,0.901,0.547,0.424,0.337,0.622,-0.364,-0.612,0.871,-0.079,0.141,-0.756,-0.801,0.432,0.853,-0.724,0.855,-0.81,0.938,-0.71,0.833,0.499,-0.454,0.727,-0.222,0.755,0.681,-0.744,-0.779,0.834,0.174,0.851,-0.821,0.918,0.779,0.863,0.931,-0.826,-0.707,0.81,-0.462,0.852,0.539,0.905
ALRM,0.7,0.253,0.366,0.836,0.74,0.0,0.865,0.675,0.641,0.345,-0.338,0.507,-0.352,-0.652,-0.524,0.636,0.748,0.68,-0.197,0.701,-0.544,-0.034,0.411,0.754,0.77,-0.006,0.647,0.373,0.754,0.79,-0.446,0.268,0.817,0.266,0.031,0.188,-0.015,0.479,-0.01,0.089,0.76,0.713,0.748,0.762,-0.104,0.783,0.645,0.675,-0.097,0.405,-0.556,0.674,0.818,-0.386,0.736,-0.493,-0.448,-0.538,0.281,0.338,0.472,0.55,-0.198,0.826,0.602,-0.417,0.652,-0.035,0.752,0.681,0.246,0.493,0.594,-0.481,-0.413,0.4,0.748,0.769,0.639,-0.507,0.3,0.477,0.201,0.37,0.658,0.753,-0.266,0.124,0.759,0.31,-0.607,-0.006,0.295,0.613,0.105,0.252,-0.24,0.768,-0.002,-0.367,0.419,0.61,0.15,-0.414,-0.454,-0.584,0.481,0.007,0.643,0.788,0.571,0.61,0.792,0.788,-0.246,0.862,0.232,0.165,0.732,0.715,0.746,-0.626,-0.231,0.614,0.889,-0.358,-0.194,-0.21,0.7,-0.454,0.001,0.827,0.74,0.935,-0.431,0.719,0.193,-0.493,0.821,0.722,0.215,-0.495,0.72,-0.549,0.407,0.603,-0.239,-0.511,0.43,-0.065,-0.102,0.32,-0.427,0.267,0.622,0.27,0.631,0.832,0.632,0.607,0.467,0.544,-0.059,-0.423,0.609,0.228,0.024,-0.657,-0.479,0.475,0.747,-0.454,0.849,-0.481,0.855,-0.389,0.61,0.797,-0.162,0.66,-0.108,0.684,0.63,-0.537,-0.449,0.64,0.405,0.764,-0.52,0.755,0.745,0.695,0.76,-0.51,-0.432,0.716,-0.104,0.66,0.451,0.694
AMAT,0.849,0.229,0.287,0.948,0.917,0.865,0.0,0.858,0.717,0.245,-0.532,0.487,-0.518,-0.845,-0.786,0.842,0.927,0.829,-0.354,0.692,-0.779,-0.296,0.456,0.9,0.896,-0.227,0.833,0.541,0.628,0.889,-0.549,0.066,0.949,0.241,0.1,0.088,-0.15,0.465,-0.248,0.281,0.885,0.873,0.922,0.693,-0.005,0.893,0.605,0.761,-0.273,0.405,-0.756,0.621,0.848,-0.617,0.654,-0.674,-0.727,-0.8,0.127,0.143,0.402,0.582,-0.216,0.919,0.789,-0.671,0.629,-0.15,0.692,0.87,0.211,0.733,0.562,-0.686,-0.713,0.486,0.911,0.924,0.807,-0.673,0.396,0.329,0.151,0.499,0.642,0.869,-0.461,-0.113,0.868,0.321,-0.853,-0.337,0.037,0.798,-0.075,0.34,-0.251,0.888,-0.151,-0.474,0.214,0.738,-0.091,-0.627,-0.666,-0.8,0.543,-0.045,0.857,0.901,0.739,0.46,0.9,0.887,-0.487,0.953,0.439,0.053,0.899,0.816,0.857,-0.771,-0.48,0.298,0.817,-0.538,-0.447,-0.472,0.873,-0.715,0.095,0.964,0.796,0.878,-0.681,0.88,-0.049,-0.719,0.924,0.906,0.273,-0.677,0.796,-0.777,0.531,0.812,-0.318,-0.693,0.471,-0.179,-0.313,0.311,-0.71,0.261,0.804,0.088,0.472,0.952,0.745,0.534,0.388,0.506,-0.235,-0.534,0.748,-0.035,0.13,-0.745,-0.75,0.576,0.915,-0.645,0.889,-0.736,0.965,-0.659,0.824,0.706,-0.372,0.741,-0.077,0.705,0.775,-0.692,-0.714,0.746,0.288,0.852,-0.794,0.876,0.789,0.896,0.909,-0.775,-0.621,0.867,-0.356,0.801,0.59,0.889
AMED,0.881,0.128,0.14,0.9,0.888,0.675,0.858,0.0,0.444,-0.13,-0.787,0.468,-0.774,-0.918,-0.895,0.949,0.943,0.776,-0.303,0.558,-0.953,-0.578,0.437,0.807,0.835,-0.538,0.826,0.716,0.437,0.816,-0.551,-0.213,0.885,0.081,-0.038,-0.071,-0.238,0.187,-0.138,0.259,0.87,0.878,0.953,0.341,0.047,0.901,0.68,0.792,-0.573,0.325,-0.846,0.357,0.646,-0.882,0.28,-0.782,-0.907,-0.928,-0.133,-0.209,0.425,0.373,-0.053,0.867,0.66,-0.868,0.707,-0.348,0.551,0.784,0.218,0.936,0.359,-0.814,-0.819,0.209,0.869,0.947,0.884,-0.799,0.463,0.143,0.234,0.273,0.351,0.866,-0.707,-0.463,0.91,0.467,-0.961,-0.578,-0.029,0.89,-0.358,0.465,-0.248,0.93,-0.209,-0.51,-0.102,0.698,-0.151,-0.815,-0.868,-0.853,0.609,-0.296,0.927,0.849,0.826,0.147,0.659,0.897,-0.814,0.804,0.346,-0.167,0.937,0.891,0.846,-0.752,-0.74,0.026,0.691,-0.557,-0.71,-0.647,0.873,-0.905,0.154,0.932,0.798,0.713,-0.873,0.814,-0.239,-0.803,0.886,0.942,0.072,-0.697,0.706,-0.948,0.57,0.811,-0.375,-0.798,0.196,-0.441,-0.553,0.262,-0.895,0.45,0.737,-0.278,0.196,0.87,0.565,0.314,0.171,0.502,-0.209,-0.711,0.857,-0.18,-0.069,-0.836,-0.935,0.556,0.906,-0.819,0.769,-0.921,0.878,-0.875,0.88,0.369,-0.44,0.84,-0.178,0.778,0.795,-0.681,-0.931,0.763,-0.066,0.802,-0.922,0.815,0.777,0.906,0.928,-0.95,-0.695,0.925,-0.499,0.92,0.727,0.961
AMRN,0.613,0.436,0.43,0.593,0.665,0.641,0.717,0.444,0.0,0.577,-0.11,0.268,-0.073,-0.576,-0.461,0.446,0.609,0.666,-0.299,0.745,-0.331,0.051,0.418,0.636,0.77,0.024,0.724,0.048,0.543,0.655,-0.403,0.129,0.573,0.287,0.357,0.15,-0.121,0.797,-0.61,0.214,0.705,0.67,0.564,0.817,0.012,0.653,0.227,0.35,0.274,0.283,-0.387,0.606,0.685,-0.111,0.656,-0.348,-0.352,-0.463,0.466,0.432,0.297,0.737,-0.526,0.726,0.699,-0.373,0.323,-0.237,0.398,0.79,0.343,0.307,0.693,-0.397,-0.54,0.597,0.685,0.538,0.492,-0.072,0.287,0.352,0.015,0.757,0.852,0.682,0.078,0.179,0.579,-0.046,-0.481,0.065,0.047,0.403,0.315,0.12,0.038,0.395,0.162,-0.437,0.247,0.68,-0.249,-0.147,-0.276,-0.608,0.108,0.531,0.474,0.544,0.371,0.537,0.846,0.581,0.073,0.772,0.498,0.343,0.588,0.472,0.577,-0.584,-0.034,0.414,0.582,-0.565,-0.103,-0.319,0.583,-0.251,-0.073,0.601,0.44,0.6,-0.319,0.629,0.215,-0.46,0.5,0.638,0.468,-0.479,0.744,-0.311,0.506,0.609,-0.171,-0.323,0.496,0.316,0.032,0.513,-0.324,-0.349,0.677,0.568,0.404,0.632,0.533,0.386,0.695,0.487,-0.079,-0.162,0.288,-0.086,0.435,-0.322,-0.332,0.38,0.614,-0.262,0.651,-0.315,0.677,-0.258,0.633,0.636,-0.264,0.33,0.104,0.256,0.359,-0.716,-0.251,0.609,0.701,0.683,-0.459,0.683,0.497,0.574,0.684,-0.36,-0.532,0.438,-0.369,0.293,0.314,0.476
ANGI,0.13,0.564,0.494,0.105,0.066,0.345,0.245,-0.13,0.577,0.0,0.242,-0.215,0.311,0.011,-0.001,-0.06,0.079,0.301,-0.402,0.33,0.229,0.552,-0.095,0.347,0.159,0.456,0.19,-0.409,0.215,0.253,-0.094,0.474,0.152,0.003,0.371,-0.123,-0.147,0.634,-0.166,0.23,0.123,0.18,0.051,0.577,0.289,0.108,0.074,-0.017,0.622,-0.054,-0.051,0.417,0.287,0.513,0.654,0.161,0.209,0.139,0.428,0.579,-0.095,0.436,-0.505,0.204,0.111,0.171,-0.087,-0.043,0.165,0.336,0.411,-0.33,0.621,-0.039,0.159,0.646,0.246,0.018,-0.048,0.285,-0.32,0.297,-0.38,0.598,0.599,0.16,0.491,0.582,-0.004,-0.225,0.064,0.438,0.084,-0.004,0.698,-0.39,-0.137,-0.043,0.3,-0.258,0.288,0.293,-0.197,0.423,0.152,-0.091,-0.351,0.672,-0.155,0.22,-0.032,0.578,0.5,-0.025,0.557,0.353,0.002,0.301,0.079,-0.176,0.0,-0.195,0.241,0.418,0.207,-0.279,0.557,-0.024,0.159,0.211,-0.286,0.058,0.072,0.245,0.249,0.247,0.547,-0.126,0.103,0.075,0.312,-0.194,0.392,0.232,0.024,0.219,0.357,0.094,0.468,0.641,0.541,0.087,0.216,-0.522,0.201,0.539,0.332,0.192,0.353,0.401,0.515,0.178,-0.036,0.075,-0.18,0.262,0.113,0.261,0.253,0.239,0.197,0.132,0.268,0.245,0.19,0.164,0.101,0.543,-0.217,0.044,0.069,-0.202,-0.127,-0.171,0.343,0.169,0.705,0.228,0.106,0.191,-0.037,0.13,0.088,0.222,-0.101,0.002,0.083,-0.242,-0.072,-0.029
APA,-0.766,-0.333,-0.202,-0.653,-0.63,-0.338,-0.532,-0.787,-0.11,0.242,0.0,-0.022,0.88,0.761,0.844,-0.747,-0.716,-0.711,0.446,-0.422,0.866,0.532,0.052,-0.476,-0.569,0.703,-0.631,-0.54,-0.171,-0.639,0.693,0.411,-0.565,0.401,0.315,0.524,0.537,-0.086,-0.109,-0.493,-0.686,-0.75,-0.742,0.096,-0.301,-0.629,-0.586,-0.526,0.494,0.171,0.871,-0.091,-0.367,0.783,-0.022,0.689,0.843,0.839,0.349,0.352,-0.065,-0.215,0.221,-0.629,-0.264,0.897,-0.445,0.533,-0.144,-0.603,-0.344,-0.762,-0.322,0.89,0.62,-0.216,-0.638,-0.725,-0.763,0.632,-0.002,0.229,0.087,-0.146,-0.042,-0.68,0.632,0.532,-0.697,-0.57,0.833,0.509,0.218,-0.736,0.37,-0.32,0.522,-0.679,-0.063,0.692,0.46,-0.566,0.444,0.644,0.931,0.734,-0.258,0.256,-0.628,-0.709,-0.581,0.307,-0.415,-0.652,0.812,-0.551,0.027,0.462,-0.736,-0.607,-0.437,0.737,0.882,0.286,-0.336,0.681,0.679,0.852,-0.772,0.871,0.07,-0.635,-0.514,-0.367,0.744,-0.655,0.104,0.865,-0.61,-0.772,0.161,0.788,-0.57,0.826,-0.141,-0.65,0.393,0.811,0.176,0.285,0.342,-0.206,0.867,-0.285,-0.441,0.44,0.228,-0.663,-0.207,-0.065,-0.127,-0.394,0.351,0.858,-0.713,0.197,0.355,0.508,0.819,-0.423,-0.696,0.95,-0.572,0.843,-0.568,0.884,-0.725,-0.004,0.689,-0.857,0.499,-0.624,-0.409,0.531,0.844,-0.678,0.242,-0.666,0.808,-0.61,-0.462,-0.729,-0.684,0.861,0.705,-0.724,0.632,-0.713,-0.484,-0.733
APOG,0.33,-0.406,-0.047,0.524,0.507,0.507,0.487,0.468,0.268,-0.215,-0.022,0.0,-0.246,-0.433,-0.225,0.414,0.386,0.144,0.49,0.304,-0.374,-0.183,0.61,0.389,0.429,-0.079,0.256,0.463,0.58,0.373,-0.051,-0.017,0.51,0.641,-0.042,0.6,0.389,-0.058,-0.063,-0.448,0.42,0.283,0.386,0.449,-0.588,0.516,0.233,0.418,-0.438,0.559,-0.073,0.342,0.44,-0.471,0.136,-0.361,-0.245,-0.314,0.002,-0.132,0.499,0.158,0.353,0.405,0.507,-0.215,0.59,0.181,0.608,0.206,-0.3,0.458,-0.125,-0.068,-0.392,-0.239,0.297,0.479,0.423,-0.489,0.689,0.407,0.599,-0.106,0.233,0.431,-0.486,-0.122,0.502,0.24,-0.338,-0.101,0.481,0.272,-0.388,0.533,0.261,0.537,-0.26,0.132,0.5,0.136,0.525,-0.549,-0.126,-0.298,0.615,-0.356,0.557,0.324,0.322,0.399,0.295,0.569,-0.377,0.36,0.365,0.141,0.371,0.678,0.674,-0.168,0.063,0.416,0.622,0.145,-0.342,0.225,0.231,-0.249,0.215,0.543,0.51,0.572,-0.311,0.315,-0.266,0.015,0.518,0.368,-0.032,0.06,0.192,-0.433,0.498,0.174,-0.216,-0.236,0.177,-0.471,-0.403,0.199,-0.228,0.53,0.305,0.109,0.45,0.376,0.275,0.314,-0.048,0.383,0.013,-0.078,0.56,0.081,0.232,-0.724,-0.35,-0.014,0.304,-0.088,0.385,-0.354,0.537,-0.143,0.239,0.366,0.285,0.166,0.095,0.595,0.579,-0.268,-0.369,0.315,-0.055,0.268,-0.27,0.401,0.623,0.304,0.465,-0.331,-0.092,0.36,0.146,0.588,0.327,0.479
APPS,-0.788,-0.214,-0.264,-0.695,-0.662,-0.352,-0.518,-0.774,-0.073,0.311,0.88,-0.246,0.0,0.805,0.784,-0.695,-0.626,-0.667,0.163,-0.471,0.847,0.399,0.074,-0.475,-0.503,0.715,-0.497,-0.551,-0.325,-0.707,0.718,0.58,-0.566,0.308,0.534,0.375,0.47,0.025,-0.188,-0.314,-0.705,-0.689,-0.648,0.027,0.018,-0.655,-0.56,-0.369,0.656,0.236,0.782,-0.127,-0.351,0.824,0.014,0.657,0.72,0.764,0.444,0.488,0.046,-0.119,0.011,-0.564,-0.249,0.891,-0.412,0.452,-0.185,-0.483,-0.153,-0.73,-0.168,0.86,0.538,-0.082,-0.511,-0.755,-0.832,0.707,-0.05,0.287,0.032,0.045,-0.011,-0.736,0.792,0.522,-0.688,-0.687,0.784,0.359,-0.073,-0.595,0.551,-0.503,0.465,-0.694,-0.132,0.659,0.292,-0.351,0.178,0.694,0.853,0.765,-0.225,0.297,-0.643,-0.715,-0.431,0.267,-0.384,-0.696,0.86,-0.506,0.074,0.546,-0.629,-0.671,-0.455,0.717,0.662,0.142,-0.422,0.586,0.684,0.686,-0.743,0.771,0.226,-0.624,-0.494,-0.417,0.59,-0.688,0.08,0.74,-0.623,-0.732,0.364,0.682,-0.531,0.869,-0.275,-0.514,0.386,0.863,0.263,0.371,0.302,-0.228,0.77,-0.436,-0.255,0.366,0.204,-0.603,-0.053,-0.153,-0.009,-0.527,0.418,0.907,-0.84,0.019,0.369,0.638,0.763,-0.152,-0.582,0.862,-0.584,0.811,-0.622,0.79,-0.589,0.013,0.667,-0.776,0.656,-0.78,-0.373,0.5,0.794,-0.714,0.252,-0.603,0.694,-0.637,-0.517,-0.674,-0.665,0.786,0.627,-0.654,0.474,-0.801,-0.296,-0.738
ARCB,-0.931,-0.264,-0.295,-0.909,-0.924,-0.652,-0.845,-0.918,-0.576,0.011,0.761,-0.433,0.805,0.0,0.91,-0.849,-0.872,-0.843,0.283,-0.703,0.903,0.403,-0.28,-0.784,-0.831,0.553,-0.82,-0.546,-0.547,-0.894,0.739,0.353,-0.812,-0.048,0.147,0.118,0.352,-0.345,0.213,-0.295,-0.947,-0.908,-0.874,-0.435,0.031,-0.891,-0.558,-0.594,0.43,-0.109,0.832,-0.433,-0.678,0.782,-0.343,0.734,0.824,0.906,0.124,0.151,-0.247,-0.487,0.274,-0.872,-0.601,0.894,-0.573,0.438,-0.452,-0.815,-0.208,-0.817,-0.466,0.855,0.795,-0.322,-0.824,-0.935,-0.941,0.682,-0.318,-0.08,-0.103,-0.341,-0.433,-0.939,0.657,0.343,-0.913,-0.492,0.921,0.39,-0.063,-0.743,0.358,-0.478,0.344,-0.835,-0.051,0.678,0.078,-0.655,0.225,0.72,0.82,0.934,-0.388,0.092,-0.851,-0.861,-0.626,-0.106,-0.744,-0.925,0.702,-0.835,-0.292,0.273,-0.869,-0.885,-0.759,0.882,0.596,-0.089,-0.702,0.706,0.676,0.677,-0.899,0.833,0.102,-0.877,-0.744,-0.69,0.74,-0.879,0.058,0.832,-0.817,-0.955,-0.029,0.784,-0.806,0.905,-0.528,-0.738,0.441,0.844,-0.099,0.239,0.349,-0.42,0.838,-0.257,-0.63,0.038,-0.143,-0.855,-0.405,-0.287,-0.355,-0.625,0.339,0.764,-0.854,0.106,0.026,0.789,0.855,-0.367,-0.837,0.818,-0.821,0.869,-0.896,0.809,-0.829,-0.354,0.564,-0.802,0.379,-0.781,-0.613,0.8,0.834,-0.871,-0.116,-0.862,0.857,-0.879,-0.76,-0.866,-0.935,0.886,0.808,-0.816,0.554,-0.84,-0.499,-0.91
ARCC,-0.892,-0.343,-0.202,-0.814,-0.852,-0.524,-0.786,-0.895,-0.461,-0.001,0.844,-0.225,0.784,0.91,0.0,-0.835,-0.866,-0.859,0.475,-0.592,0.897,0.496,-0.188,-0.772,-0.766,0.56,-0.844,-0.48,-0.32,-0.799,0.718,0.344,-0.745,0.096,0.001,0.33,0.519,-0.324,0.182,-0.517,-0.863,-0.91,-0.888,-0.281,-0.251,-0.813,-0.523,-0.621,0.443,-0.072,0.865,-0.228,-0.551,0.769,-0.268,0.759,0.885,0.915,0.311,0.212,-0.138,-0.476,0.251,-0.825,-0.528,0.904,-0.527,0.57,-0.278,-0.829,-0.307,-0.825,-0.459,0.887,0.807,-0.406,-0.809,-0.875,-0.881,0.652,-0.212,-0.039,0.02,-0.461,-0.38,-0.847,0.662,0.355,-0.862,-0.496,0.933,0.52,0.119,-0.789,0.297,-0.247,0.404,-0.783,0.005,0.72,0.21,-0.683,0.371,0.675,0.89,0.914,-0.307,0.095,-0.802,-0.816,-0.664,-0.026,-0.677,-0.817,0.738,-0.765,-0.267,0.377,-0.868,-0.766,-0.641,0.87,0.793,0.077,-0.576,0.782,0.645,0.814,-0.889,0.924,0.054,-0.81,-0.702,-0.557,0.823,-0.871,0.115,0.927,-0.75,-0.918,-0.066,0.847,-0.78,0.887,-0.43,-0.785,0.276,0.813,-0.193,0.188,0.316,-0.32,0.866,-0.191,-0.677,0.241,0.01,-0.811,-0.426,-0.303,-0.299,-0.56,0.433,0.795,-0.79,0.249,0.062,0.629,0.876,-0.485,-0.851,0.882,-0.739,0.888,-0.802,0.876,-0.852,-0.246,0.659,-0.82,0.342,-0.598,-0.552,0.753,0.865,-0.842,-0.008,-0.817,0.887,-0.786,-0.665,-0.868,-0.88,0.913,0.868,-0.819,0.58,-0.786,-0.604,-0.866
ARVN,0.824,0.109,0.134,0.856,0.847,0.636,0.842,0.949,0.446,-0.06,-0.747,0.414,-0.695,-0.849,-0.835,0.0,0.947,0.746,-0.364,0.471,-0.925,-0.576,0.434,0.789,0.807,-0.448,0.8,0.791,0.367,0.787,-0.475,-0.084,0.912,0.086,-0.006,-0.109,-0.162,0.166,-0.143,0.298,0.783,0.842,0.939,0.303,0.122,0.838,0.656,0.795,-0.561,0.334,-0.862,0.376,0.616,-0.833,0.268,-0.741,-0.901,-0.878,0.012,-0.217,0.406,0.36,-0.024,0.83,0.71,-0.814,0.639,-0.222,0.592,0.789,0.278,0.928,0.326,-0.788,-0.799,0.289,0.89,0.906,0.818,-0.776,0.448,0.083,0.151,0.267,0.313,0.811,-0.603,-0.491,0.831,0.339,-0.95,-0.611,-0.167,0.952,-0.313,0.445,-0.195,0.916,-0.288,-0.429,-0.159,0.735,-0.225,-0.804,-0.839,-0.791,0.625,-0.279,0.921,0.844,0.893,0.142,0.666,0.824,-0.775,0.772,0.41,-0.057,0.933,0.81,0.847,-0.642,-0.743,-0.079,0.6,-0.483,-0.657,-0.642,0.865,-0.871,0.23,0.912,0.731,0.652,-0.84,0.773,-0.33,-0.764,0.884,0.892,0.151,-0.648,0.652,-0.878,0.503,0.877,-0.3,-0.763,0.241,-0.488,-0.608,0.103,-0.899,0.463,0.784,-0.293,0.148,0.848,0.665,0.287,0.098,0.379,-0.153,-0.615,0.797,-0.217,-0.025,-0.76,-0.926,0.634,0.928,-0.746,0.717,-0.898,0.838,-0.859,0.908,0.369,-0.436,0.81,-0.052,0.725,0.826,-0.552,-0.914,0.663,-0.122,0.71,-0.933,0.778,0.681,0.938,0.862,-0.928,-0.574,0.921,-0.51,0.883,0.753,0.943
ATEC,0.879,0.26,0.233,0.91,0.896,0.748,0.927,0.943,0.609,0.079,-0.716,0.386,-0.626,-0.872,-0.866,0.947,0.0,0.84,-0.455,0.631,-0.888,-0.487,0.445,0.845,0.905,-0.422,0.903,0.647,0.45,0.849,-0.544,-0.034,0.929,0.089,0.101,-0.082,-0.234,0.356,-0.241,0.362,0.876,0.921,0.985,0.48,0.164,0.9,0.649,0.821,-0.382,0.363,-0.858,0.475,0.731,-0.748,0.455,-0.765,-0.884,-0.906,0.055,-0.023,0.432,0.492,-0.199,0.922,0.758,-0.809,0.673,-0.297,0.601,0.9,0.339,0.876,0.527,-0.795,-0.815,0.408,0.955,0.931,0.833,-0.704,0.408,0.21,0.128,0.465,0.519,0.87,-0.506,-0.337,0.893,0.334,-0.949,-0.507,-0.147,0.925,-0.141,0.364,-0.237,0.908,-0.187,-0.525,-0.041,0.821,-0.261,-0.719,-0.832,-0.835,0.568,-0.125,0.896,0.889,0.865,0.284,0.798,0.879,-0.654,0.895,0.412,0.028,0.978,0.819,0.845,-0.755,-0.707,0.072,0.696,-0.6,-0.575,-0.663,0.904,-0.845,0.177,0.957,0.774,0.756,-0.841,0.842,-0.173,-0.825,0.908,0.947,0.241,-0.737,0.781,-0.856,0.521,0.912,-0.32,-0.741,0.363,-0.29,-0.465,0.248,-0.858,0.286,0.866,-0.15,0.283,0.931,0.722,0.388,0.313,0.479,-0.188,-0.62,0.756,-0.213,0.046,-0.722,-0.883,0.686,0.972,-0.771,0.814,-0.848,0.907,-0.819,0.938,0.517,-0.452,0.837,-0.053,0.687,0.795,-0.692,-0.859,0.748,0.096,0.831,-0.924,0.844,0.75,0.954,0.931,-0.907,-0.669,0.92,-0.526,0.839,0.75,0.931
ATXS,0.919,0.615,0.49,0.808,0.822,0.68,0.829,0.776,0.666,0.301,-0.711,0.144,-0.667,-0.843,-0.859,0.746,0.84,0.0,-0.559,0.78,-0.757,-0.191,0.07,0.729,0.826,-0.378,0.832,0.298,0.507,0.913,-0.789,-0.188,0.753,-0.207,-0.073,-0.367,-0.523,0.626,-0.176,0.612,0.896,0.933,0.832,0.47,0.297,0.822,0.562,0.48,-0.157,-0.054,-0.858,0.415,0.652,-0.546,0.516,-0.697,-0.722,-0.782,-0.007,0.054,0.021,0.659,-0.417,0.869,0.557,-0.814,0.409,-0.512,0.28,0.894,0.463,0.654,0.674,-0.897,-0.633,0.647,0.808,0.845,0.833,-0.457,0.021,-0.004,-0.226,0.606,0.612,0.896,-0.37,-0.096,0.824,0.42,-0.842,-0.18,-0.062,0.715,0.024,0.167,-0.473,0.693,0.24,-0.825,-0.089,0.767,-0.439,-0.438,-0.818,-0.902,0.123,0.254,0.689,0.868,0.554,0.179,0.841,0.786,-0.462,0.867,0.216,-0.156,0.819,0.635,0.579,-0.882,-0.591,0.168,0.635,-0.851,-0.432,-0.781,0.93,-0.705,-0.275,0.784,0.596,0.637,-0.59,0.932,0.198,-0.908,0.723,0.889,0.199,-0.883,0.914,-0.717,0.376,0.826,-0.195,-0.787,0.253,0.106,-0.046,0.398,-0.716,-0.0,0.666,0.073,0.064,0.842,0.447,0.487,0.526,0.631,-0.37,-0.77,0.668,-0.105,-0.007,-0.483,-0.701,0.478,0.836,-0.799,0.856,-0.725,0.824,-0.695,0.847,0.413,-0.745,0.811,-0.385,0.585,0.414,-0.743,-0.671,0.864,0.321,0.872,-0.763,0.866,0.605,0.889,0.849,-0.743,-0.81,0.77,-0.553,0.665,0.415,0.751
AVAV,-0.377,-0.63,-0.232,-0.251,-0.245,-0.197,-0.354,-0.303,-0.299,-0.402,0.446,0.49,0.163,0.283,0.475,-0.364,-0.455,-0.559,0.0,-0.141,0.31,0.136,0.182,-0.395,-0.315,0.129,-0.484,-0.027,0.134,-0.357,0.373,-0.083,-0.326,0.47,-0.205,0.604,0.533,-0.437,0.119,-0.716,-0.305,-0.466,-0.444,-0.083,-0.738,-0.24,-0.328,-0.309,-0.221,0.17,0.607,-0.122,-0.203,0.074,-0.369,0.277,0.414,0.379,-0.08,-0.237,0.091,-0.317,0.536,-0.419,-0.138,0.356,0.016,0.316,-0.004,-0.567,-0.466,-0.221,-0.63,0.515,0.228,-0.649,-0.504,-0.324,-0.238,0.103,0.332,0.1,0.519,-0.54,-0.284,-0.29,-0.097,-0.055,-0.273,-0.046,0.42,0.259,0.543,-0.511,-0.357,0.37,0.539,-0.253,-0.073,0.527,0.371,-0.575,0.709,-0.028,0.493,0.347,0.113,-0.267,-0.171,-0.436,-0.411,-0.035,-0.417,-0.187,0.072,-0.458,0.064,0.069,-0.442,-0.023,-0.052,0.465,0.583,0.176,-0.096,0.59,0.035,0.642,-0.514,0.439,0.175,-0.277,-0.232,-0.138,0.327,-0.444,-0.198,0.677,-0.276,-0.402,-0.359,0.655,-0.502,0.23,0.017,-0.588,-0.084,0.328,-0.263,-0.285,-0.082,-0.008,0.389,0.284,-0.471,0.166,0.046,-0.435,-0.435,-0.195,-0.369,-0.056,0.173,0.382,-0.064,0.165,0.222,-0.087,0.31,-0.51,-0.516,0.464,-0.393,0.303,-0.288,0.465,-0.502,-0.238,0.591,-0.511,0.082,0.033,-0.126,0.293,0.278,-0.317,-0.236,-0.44,0.439,-0.344,-0.047,-0.498,-0.304,0.362,0.456,-0.443,0.418,-0.091,-0.266,-0.28
AXON,0.781,0.516,0.616,0.719,0.724,0.701,0.692,0.558,0.745,0.33,-0.422,0.304,-0.471,-0.703,-0.592,0.471,0.631,0.78,-0.141,0.0,-0.505,0.066,0.164,0.561,0.779,-0.262,0.681,0.088,0.704,0.789,-0.65,-0.11,0.56,0.04,-0.056,-0.051,-0.281,0.644,-0.221,0.235,0.832,0.783,0.62,0.644,-0.084,0.741,0.342,0.322,0.012,0.003,-0.507,0.493,0.682,-0.324,0.51,-0.482,-0.44,-0.571,0.091,0.129,0.111,0.643,-0.425,0.749,0.513,-0.614,0.431,-0.441,0.292,0.722,0.371,0.419,0.625,-0.626,-0.5,0.467,0.611,0.643,0.702,-0.254,0.125,0.205,0.019,0.522,0.714,0.833,-0.222,0.056,0.691,0.374,-0.577,0.196,0.296,0.393,0.094,0.275,-0.18,0.506,0.422,-0.668,0.263,0.573,-0.156,-0.301,-0.518,-0.732,0.035,0.372,0.496,0.683,0.28,0.356,0.815,0.7,-0.205,0.746,0.238,0.037,0.64,0.584,0.522,-0.751,-0.18,0.433,0.643,-0.693,-0.216,-0.465,0.671,-0.384,-0.256,0.649,0.44,0.681,-0.373,0.721,0.332,-0.585,0.578,0.716,0.051,-0.611,0.791,-0.506,0.409,0.532,-0.256,-0.563,0.18,0.237,0.126,0.583,-0.441,-0.15,0.513,0.431,0.222,0.669,0.272,0.431,0.604,0.731,-0.295,-0.545,0.56,0.0,0.224,-0.428,-0.436,0.287,0.597,-0.558,0.726,-0.445,0.713,-0.362,0.612,0.455,-0.471,0.541,-0.331,0.543,0.241,-0.759,-0.398,0.801,0.505,0.755,-0.493,0.734,0.576,0.607,0.757,-0.481,-0.633,0.458,-0.387,0.519,0.272,0.542
BANF,-0.853,-0.094,-0.126,-0.852,-0.841,-0.544,-0.779,-0.953,-0.331,0.229,0.866,-0.374,0.847,0.903,0.897,-0.925,-0.888,-0.757,0.31,-0.505,0.0,0.657,-0.321,-0.708,-0.758,0.631,-0.738,-0.753,-0.375,-0.768,0.591,0.283,-0.823,0.016,0.193,0.16,0.269,-0.088,0.107,-0.3,-0.817,-0.831,-0.906,-0.173,-0.027,-0.827,-0.614,-0.727,0.638,-0.193,0.881,-0.263,-0.568,0.926,-0.158,0.792,0.952,0.955,0.212,0.342,-0.289,-0.286,0.046,-0.776,-0.6,0.916,-0.585,0.323,-0.444,-0.715,-0.167,-0.944,-0.257,0.853,0.832,-0.165,-0.802,-0.908,-0.875,0.838,-0.388,0.06,-0.166,-0.159,-0.182,-0.822,0.749,0.579,-0.839,-0.493,0.972,0.629,0.124,-0.869,0.462,-0.51,0.318,-0.889,0.214,0.514,0.234,-0.634,0.236,0.866,0.91,0.841,-0.571,0.359,-0.901,-0.831,-0.775,0.077,-0.591,-0.839,0.883,-0.714,-0.3,0.265,-0.891,-0.835,-0.768,0.728,0.8,0.143,-0.563,0.564,0.782,0.713,-0.848,0.946,-0.145,-0.87,-0.673,-0.601,0.869,-0.768,0.329,0.813,-0.838,-0.904,0.029,0.722,-0.616,0.963,-0.47,-0.771,0.439,0.87,-0.026,0.501,0.587,-0.18,0.965,-0.469,-0.656,0.359,-0.015,-0.825,-0.473,-0.202,-0.063,-0.424,0.293,0.747,-0.865,0.255,0.109,0.799,0.974,-0.509,-0.85,0.871,-0.692,0.967,-0.799,0.918,-0.844,-0.221,0.526,-0.828,0.252,-0.783,-0.731,0.62,0.977,-0.707,0.207,-0.727,0.951,-0.74,-0.68,-0.882,-0.86,0.978,0.666,-0.884,0.597,-0.918,-0.647,-0.926
BATRK,-0.281,0.375,0.366,-0.306,-0.339,-0.034,-0.296,-0.578,0.051,0.552,0.532,-0.183,0.399,0.403,0.496,-0.576,-0.487,-0.191,0.136,0.066,0.657,0.0,-0.515,-0.261,-0.345,0.524,-0.337,-0.638,0.143,-0.108,0.033,0.119,-0.383,-0.164,-0.079,-0.091,-0.042,0.3,0.311,-0.035,-0.295,-0.311,-0.512,0.222,-0.014,-0.34,-0.194,-0.618,0.581,-0.442,0.418,0.266,-0.033,0.748,0.271,0.456,0.754,0.643,0.239,0.414,-0.399,0.067,-0.2,-0.291,-0.402,0.514,-0.379,0.148,-0.152,-0.252,0.153,-0.738,0.248,0.337,0.734,0.288,-0.426,-0.403,-0.383,0.564,-0.602,0.141,-0.444,0.098,0.206,-0.25,0.519,0.69,-0.43,-0.056,0.597,0.839,0.412,-0.602,0.516,-0.272,-0.054,-0.455,0.61,-0.058,0.465,-0.357,0.165,0.744,0.554,0.333,-0.649,0.593,-0.626,-0.221,-0.636,0.358,-0.033,-0.381,0.705,-0.162,-0.398,0.099,-0.506,-0.501,-0.479,0.157,0.692,0.446,-0.112,0.087,0.75,0.402,-0.266,0.696,-0.549,-0.437,-0.351,-0.119,0.816,-0.171,0.742,0.368,-0.39,-0.443,-0.038,0.184,-0.054,0.592,-0.36,-0.416,0.284,0.409,0.09,0.688,0.833,0.024,0.722,-0.421,-0.479,0.588,0.205,-0.335,-0.296,0.24,0.261,0.124,-0.066,0.202,-0.379,0.639,-0.022,0.516,0.746,-0.474,-0.458,0.456,-0.067,0.663,-0.269,0.651,-0.516,0.15,0.013,-0.322,-0.251,-0.293,-0.6,0.251,0.753,-0.136,0.559,-0.222,0.691,-0.124,-0.397,-0.426,-0.413,0.706,0.293,-0.542,0.523,-0.509,-0.641,-0.517
BIDU,0.193,-0.436,-0.162,0.363,0.403,0.411,0.456,0.437,0.418,-0.095,0.052,0.61,0.074,-0.28,-0.188,0.434,0.445,0.07,0.182,0.164,-0.321,-0.515,0.0,0.411,0.51,-0.003,0.376,0.455,0.255,0.15,0.263,0.31,0.473,0.698,0.472,0.66,0.482,0.046,-0.495,-0.364,0.321,0.267,0.444,0.422,-0.33,0.437,0.159,0.662,-0.222,0.887,-0.043,0.164,0.337,-0.377,0.148,-0.281,-0.367,-0.355,0.279,0.029,0.83,0.188,0.225,0.401,0.698,-0.14,0.597,0.145,0.559,0.284,-0.126,0.476,-0.049,0.046,-0.59,-0.202,0.451,0.346,0.23,-0.337,0.929,0.476,0.754,0.122,0.3,0.29,-0.201,-0.199,0.417,-0.137,-0.341,-0.393,0.084,0.431,-0.087,0.27,0.525,0.42,-0.566,0.334,0.243,0.373,0.238,-0.492,-0.1,-0.171,0.754,-0.282,0.546,0.161,0.584,0.394,0.279,0.4,-0.209,0.334,0.603,0.468,0.46,0.53,0.696,-0.032,-0.089,0.238,0.444,0.159,-0.323,0.132,0.123,-0.277,0.628,0.501,0.429,0.483,-0.534,0.129,-0.493,0.003,0.425,0.36,0.277,0.136,0.123,-0.317,0.672,0.322,-0.143,-0.02,0.335,-0.451,-0.628,0.167,-0.309,0.265,0.609,0.05,0.431,0.351,0.565,0.087,0.012,0.044,0.341,0.22,0.26,-0.333,0.367,-0.56,-0.403,0.446,0.413,0.001,0.19,-0.313,0.423,-0.225,0.422,0.413,0.423,0.046,0.636,0.259,0.691,-0.337,-0.375,0.114,-0.001,0.257,-0.404,0.227,0.515,0.292,0.469,-0.367,-0.066,0.414,-0.138,0.392,0.661,0.428
BLNE,0.765,0.2,0.234,0.867,0.836,0.754,0.9,0.807,0.636,0.347,-0.476,0.389,-0.475,-0.784,-0.772,0.789,0.845,0.729,-0.395,0.561,-0.708,-0.261,0.411,0.0,0.758,-0.172,0.761,0.473,0.49,0.807,-0.451,0.103,0.889,0.273,0.213,0.03,-0.154,0.347,-0.22,0.235,0.785,0.795,0.846,0.642,0.049,0.81,0.552,0.731,-0.272,0.381,-0.698,0.537,0.748,-0.531,0.606,-0.558,-0.661,-0.728,0.03,0.096,0.351,0.424,-0.193,0.81,0.655,-0.595,0.587,-0.184,0.678,0.793,0.243,0.649,0.55,-0.625,-0.648,0.424,0.881,0.853,0.728,-0.671,0.338,0.383,0.118,0.462,0.578,0.787,-0.462,-0.116,0.769,0.269,-0.79,-0.39,0.055,0.741,-0.086,0.242,-0.258,0.845,-0.199,-0.438,0.161,0.668,-0.045,-0.584,-0.59,-0.743,0.479,-0.068,0.787,0.851,0.708,0.506,0.817,0.782,-0.455,0.859,0.383,-0.005,0.837,0.729,0.793,-0.715,-0.471,0.232,0.747,-0.499,-0.347,-0.439,0.794,-0.694,0.127,0.867,0.803,0.783,-0.645,0.809,-0.046,-0.685,0.881,0.835,0.185,-0.631,0.741,-0.745,0.563,0.761,-0.175,-0.607,0.485,-0.176,-0.279,0.2,-0.653,0.248,0.722,-0.022,0.477,0.865,0.734,0.486,0.293,0.47,-0.254,-0.498,0.703,0.006,0.066,-0.693,-0.69,0.604,0.885,-0.574,0.772,-0.658,0.893,-0.652,0.746,0.646,-0.367,0.69,-0.046,0.58,0.715,-0.644,-0.636,0.685,0.25,0.763,-0.731,0.772,0.717,0.822,0.829,-0.711,-0.579,0.803,-0.275,0.717,0.598,0.865
BLNK,0.856,0.302,0.341,0.849,0.894,0.77,0.896,0.835,0.77,0.159,-0.569,0.429,-0.503,-0.831,-0.766,0.807,0.905,0.826,-0.315,0.779,-0.758,-0.345,0.51,0.758,0.0,-0.287,0.9,0.495,0.601,0.811,-0.534,-0.038,0.828,0.165,0.125,0.04,-0.181,0.557,-0.362,0.267,0.908,0.91,0.897,0.601,0.031,0.892,0.52,0.698,-0.218,0.362,-0.713,0.525,0.784,-0.609,0.479,-0.668,-0.755,-0.82,0.168,0.074,0.453,0.667,-0.304,0.947,0.806,-0.737,0.628,-0.325,0.518,0.88,0.298,0.754,0.564,-0.697,-0.793,0.434,0.877,0.841,0.79,-0.521,0.458,0.277,0.196,0.553,0.67,0.89,-0.387,-0.222,0.858,0.34,-0.829,-0.283,0.002,0.775,-0.02,0.377,-0.081,0.766,-0.041,-0.527,0.11,0.796,-0.251,-0.582,-0.692,-0.813,0.467,0.078,0.795,0.807,0.707,0.353,0.856,0.851,-0.466,0.886,0.484,0.138,0.913,0.785,0.822,-0.75,-0.496,0.251,0.713,-0.643,-0.519,-0.563,0.826,-0.675,0.115,0.888,0.665,0.783,-0.733,0.791,-0.06,-0.718,0.789,0.896,0.273,-0.659,0.792,-0.731,0.565,0.796,-0.386,-0.654,0.369,-0.1,-0.331,0.474,-0.722,0.067,0.83,0.156,0.308,0.871,0.635,0.399,0.457,0.566,-0.187,-0.515,0.684,-0.231,0.211,-0.647,-0.745,0.586,0.859,-0.678,0.822,-0.727,0.867,-0.655,0.886,0.545,-0.38,0.689,-0.032,0.625,0.658,-0.773,-0.716,0.771,0.293,0.851,-0.809,0.866,0.725,0.839,0.93,-0.774,-0.685,0.768,-0.517,0.74,0.655,0.803
BTAI,-0.516,-0.156,-0.069,-0.381,-0.338,-0.006,-0.227,-0.538,0.024,0.456,0.703,-0.079,0.715,0.553,0.56,-0.448,-0.422,-0.378,0.129,-0.262,0.631,0.524,-0.003,-0.172,-0.287,0.0,-0.384,-0.375,0.085,-0.353,0.419,0.593,-0.265,0.33,0.283,0.281,0.394,0.18,0.151,-0.217,-0.445,-0.415,-0.408,0.212,-0.045,-0.407,-0.308,-0.273,0.451,0.163,0.513,0.081,-0.065,0.639,0.217,0.598,0.628,0.63,0.366,0.417,-0.023,0.126,0.048,-0.297,-0.142,0.749,-0.28,0.459,0.039,-0.333,-0.132,-0.577,-0.049,0.629,0.52,0.157,-0.346,-0.434,-0.51,0.406,-0.107,0.363,-0.029,0.045,0.09,-0.42,0.475,0.532,-0.445,-0.338,0.574,0.441,0.198,-0.413,0.401,-0.402,0.178,-0.376,-0.076,0.447,0.498,-0.296,0.311,0.521,0.703,0.541,-0.125,0.219,-0.426,-0.339,-0.345,0.457,-0.096,-0.409,0.681,-0.245,0.065,0.301,-0.415,-0.417,-0.209,0.458,0.614,0.379,-0.069,0.455,0.591,0.64,-0.408,0.609,0.068,-0.366,-0.236,-0.085,0.552,-0.337,0.201,0.554,-0.333,-0.513,0.295,0.467,-0.297,0.624,-0.277,-0.38,0.338,0.561,0.367,0.335,0.354,-0.116,0.662,-0.203,-0.217,0.465,0.325,-0.321,0.045,0.201,-0.003,-0.24,0.149,0.601,-0.425,0.255,0.253,0.386,0.625,-0.147,-0.388,0.645,-0.197,0.609,-0.308,0.661,-0.442,0.197,0.471,-0.498,0.328,-0.406,-0.252,0.446,0.653,-0.444,0.244,-0.345,0.567,-0.294,-0.248,-0.416,-0.449,0.649,0.48,-0.415,0.543,-0.46,-0.295,-0.469
BYND,0.841,0.453,0.264,0.783,0.843,0.647,0.833,0.826,0.724,0.19,-0.631,0.256,-0.497,-0.82,-0.844,0.8,0.903,0.832,-0.484,0.681,-0.738,-0.337,0.376,0.761,0.9,-0.384,0.0,0.407,0.377,0.779,-0.57,-0.15,0.756,0.008,0.281,-0.168,-0.392,0.548,-0.385,0.483,0.856,0.921,0.888,0.504,0.311,0.853,0.535,0.658,-0.168,0.263,-0.75,0.47,0.687,-0.568,0.445,-0.721,-0.778,-0.823,0.08,0.089,0.38,0.624,-0.401,0.912,0.698,-0.762,0.611,-0.492,0.401,0.943,0.468,0.732,0.66,-0.755,-0.777,0.542,0.892,0.799,0.743,-0.427,0.306,0.279,0.008,0.695,0.655,0.824,-0.34,-0.201,0.833,0.266,-0.836,-0.389,-0.142,0.777,0.041,0.256,-0.164,0.713,0.024,-0.641,-0.056,0.824,-0.411,-0.49,-0.732,-0.843,0.329,0.156,0.74,0.757,0.729,0.293,0.788,0.784,-0.476,0.867,0.419,0.025,0.888,0.704,0.716,-0.782,-0.624,0.087,0.59,-0.752,-0.483,-0.713,0.853,-0.73,0.061,0.824,0.686,0.629,-0.752,0.803,-0.001,-0.828,0.721,0.892,0.345,-0.77,0.838,-0.71,0.482,0.857,-0.302,-0.597,0.418,-0.015,-0.26,0.374,-0.729,-0.032,0.83,0.018,0.248,0.824,0.61,0.342,0.521,0.54,-0.201,-0.567,0.591,-0.242,0.155,-0.525,-0.749,0.595,0.877,-0.711,0.774,-0.724,0.809,-0.719,0.912,0.471,-0.498,0.733,-0.06,0.469,0.601,-0.787,-0.717,0.793,0.316,0.842,-0.823,0.846,0.624,0.846,0.902,-0.792,-0.797,0.774,-0.568,0.642,0.698,0.786
CAN,0.46,-0.344,-0.101,0.603,0.57,0.373,0.541,0.716,0.048,-0.409,-0.54,0.463,-0.551,-0.546,-0.48,0.791,0.647,0.298,-0.027,0.088,-0.753,-0.638,0.455,0.473,0.495,-0.375,0.407,0.0,0.201,0.424,-0.108,-0.036,0.702,0.176,-0.209,0.118,0.181,-0.281,0.019,-0.05,0.415,0.444,0.654,-0.014,-0.173,0.545,0.513,0.685,-0.722,0.391,-0.59,0.257,0.438,-0.797,-0.036,-0.51,-0.702,-0.641,0.027,-0.416,0.468,-0.053,0.306,0.464,0.582,-0.552,0.464,0.236,0.587,0.35,-0.034,0.793,-0.114,-0.462,-0.584,-0.114,0.564,0.633,0.513,-0.828,0.548,-0.052,0.355,-0.229,-0.11,0.461,-0.643,-0.676,0.48,0.294,-0.684,-0.677,-0.151,0.754,-0.54,0.617,0.054,0.766,-0.58,0.044,-0.143,0.376,0.043,-0.839,-0.554,-0.41,0.791,-0.655,0.758,0.566,0.768,-0.072,0.29,0.544,-0.779,0.401,0.336,-0.024,0.645,0.617,0.724,-0.239,-0.557,-0.251,0.31,-0.022,-0.619,-0.297,0.524,-0.669,0.5,0.67,0.443,0.453,-0.66,0.361,-0.606,-0.356,0.694,0.551,-0.034,-0.241,0.135,-0.725,0.337,0.525,-0.447,-0.556,0.02,-0.801,-0.811,-0.182,-0.735,0.715,0.483,-0.446,0.109,0.557,0.534,0.038,-0.361,0.007,-0.026,-0.325,0.662,-0.146,-0.093,-0.726,-0.77,0.427,0.604,-0.482,0.39,-0.732,0.538,-0.67,0.576,0.168,-0.114,0.518,0.092,0.673,0.816,-0.152,-0.792,0.238,-0.46,0.323,-0.716,0.458,0.429,0.627,0.522,-0.734,-0.107,0.679,-0.334,0.779,0.589,0.748
CCEC,0.54,0.117,0.462,0.659,0.639,0.754,0.628,0.437,0.543,0.215,-0.171,0.58,-0.325,-0.547,-0.32,0.367,0.45,0.507,0.134,0.704,-0.375,0.143,0.255,0.49,0.601,0.085,0.377,0.201,0.0,0.631,-0.461,0.09,0.563,0.349,-0.255,0.254,0.1,0.434,0.071,-0.107,0.645,0.526,0.467,0.628,-0.41,0.575,0.283,0.308,-0.063,0.186,-0.312,0.517,0.712,-0.277,0.501,-0.31,-0.202,-0.363,0.127,0.144,0.237,0.509,-0.187,0.587,0.391,-0.303,0.449,-0.001,0.505,0.402,0.013,0.307,0.325,-0.321,-0.29,0.219,0.411,0.569,0.564,-0.381,0.247,0.337,0.256,0.132,0.481,0.648,-0.305,0.147,0.576,0.438,-0.388,0.289,0.548,0.256,-0.114,0.329,-0.194,0.535,0.196,-0.323,0.556,0.272,0.245,-0.334,-0.231,-0.447,0.291,0.041,0.444,0.59,0.162,0.485,0.649,0.641,-0.146,0.61,0.234,0.038,0.477,0.602,0.559,-0.509,0.075,0.614,0.743,-0.266,-0.171,-0.015,0.473,-0.213,-0.166,0.573,0.48,0.745,-0.195,0.561,0.25,-0.261,0.561,0.506,0.005,-0.304,0.51,-0.387,0.271,0.236,-0.314,-0.421,0.098,-0.012,0.055,0.489,-0.218,0.167,0.299,0.49,0.472,0.607,0.265,0.458,0.35,0.611,-0.254,-0.313,0.608,0.227,0.171,-0.555,-0.273,0.086,0.406,-0.305,0.699,-0.308,0.65,-0.115,0.341,0.529,-0.1,0.376,-0.29,0.683,0.321,-0.442,-0.255,0.572,0.321,0.567,-0.27,0.623,0.61,0.431,0.563,-0.293,-0.322,0.378,-0.065,0.521,0.081,0.462
CDW,0.929,0.461,0.469,0.917,0.883,0.79,0.889,0.816,0.655,0.253,-0.639,0.373,-0.707,-0.894,-0.799,0.787,0.849,0.913,-0.357,0.789,-0.768,-0.108,0.15,0.807,0.811,-0.353,0.779,0.424,0.631,0.0,-0.757,-0.185,0.845,-0.036,-0.163,-0.167,-0.358,0.497,-0.105,0.386,0.921,0.898,0.828,0.603,0.031,0.886,0.648,0.52,-0.262,0.032,-0.817,0.612,0.761,-0.585,0.585,-0.671,-0.658,-0.752,0.069,0.065,0.144,0.545,-0.295,0.882,0.596,-0.771,0.525,-0.329,0.537,0.849,0.343,0.662,0.644,-0.834,-0.578,0.547,0.821,0.92,0.881,-0.581,0.115,0.114,-0.095,0.444,0.608,0.934,-0.457,-0.085,0.852,0.442,-0.828,-0.15,0.138,0.699,-0.099,0.375,-0.426,0.811,0.189,-0.723,0.087,0.673,-0.177,-0.532,-0.738,-0.879,0.262,0.124,0.756,0.93,0.568,0.315,0.862,0.879,-0.502,0.913,0.19,-0.122,0.812,0.76,0.711,-0.864,-0.448,0.3,0.768,-0.693,-0.411,-0.598,0.941,-0.661,-0.243,0.87,0.701,0.781,-0.52,0.939,0.191,-0.793,0.844,0.9,0.111,-0.799,0.893,-0.773,0.445,0.778,-0.283,-0.799,0.251,-0.033,-0.107,0.351,-0.68,0.205,0.595,0.131,0.271,0.884,0.484,0.551,0.461,0.661,-0.299,-0.759,0.779,0.111,-0.048,-0.665,-0.685,0.366,0.839,-0.723,0.916,-0.714,0.93,-0.665,0.779,0.556,-0.615,0.821,-0.416,0.76,0.544,-0.712,-0.661,0.859,0.333,0.867,-0.721,0.924,0.713,0.88,0.878,-0.722,-0.688,0.802,-0.381,0.771,0.376,0.836
