,ABEO,ACHC,AGNCN,AKAM,AKRO,ALRM,AMAT,AMED,AMRN,ANGI,APA,APOG,APPS,ARCB,ARCC,ARVN,ATEC,ATXS,AVAV,AXON,BANF,BATRK,BIDU,BLNE,BLNK,BTAI,BYND,CAN,CCEC,CDW,CDXS,CELH,CGNX,CHKP,CHRS,CHRW,CIGI,CKPT,CMPR,COGT,CRNC,CRSP,CSTL,CTSH,CVGW,DGLY,DNLI,DOCU,DVAX,EBAY,EHTH,ERII,ESLT,EXPE,EXPO,FBIOP,FFBC,FFIN,FOXF,FWRD,GDS,GERN,GPRE,GRWG,GRYP,HEES,HELE,HIVE,HON,HRTX,HSTM,HURA,IART,IBKR,IBOC,IBRX,IDXX,INGN,INM,INVA,IQ,IRBT,KDP,KPTI,KTOS,KXIN,LAMR,LFUS,LGIH,LGMK,LKFN,LNW,LOPE,LPSN,LYFT,MGNX,MLCO,MNST,MODV,MSTR,MTCH,MYGN,MYRG,NCMI,NEXT,NFLX,NIU,NKTR,NRC,NTNX,NTRA,NVEE,NVMI,NWL,NWS,NXPI,OCGN,OCSL,OKTA,OLLI,OTLK,OXLC,PAA,PARA,PARAA,PDCO,PDFS,PFG,PGEN,PNFP,PODD,POWI,PSMT,PTC,PTEN,PVLA,RDNT,RDUS,RDWR,REGN,RNAC,ROCK,ROST,RRR,RSLS,RVMD,RYAAY,SAFT,SAGE,SAVA,SBGI,SFM,SFNC,SHYF,SIBN,SIFY,SIGI,SIMO,SITM,SLM,SNBR,SNDX,SNY,SPNS,SRRK,STRA,SUPN,SYRE,TCBK,TEAM,TECH,THRM,TLRY,TRMK,TROW,TSLA,TWST,TXN,UFPI,UNIT,UPWK,USLM,UTHR,VERB,VLY,VRNA,VRRM,VXRT,WAFD,WATT,WBA,WING,WIX,WTFC,WTW,XPEL,XRX,YMAB,ZG,ZLAB
ABEO,0.0,-0.197,-0.148,0.072,0.413,-0.143,-0.14,0.142,-0.225,0.361,0.066,-0.235,0.009,-0.163,0.153,-0.391,-0.175,0.294,-0.358,-0.326,0.324,0.474,0.484,0.096,-0.26,0.017,0.534,-0.228,-0.117,-0.333,-0.155,-0.298,-0.377,-0.175,0.004,0.503,-0.476,0.514,0.448,0.177,-0.006,0.091,-0.132,-0.482,0.272,0.322,0.476,-0.074,-0.114,0.207,0.549,0.184,-0.431,0.223,-0.433,-0.269,-0.061,-0.036,-0.102,0.304,0.419,0.516,-0.346,-0.006,0.563,-0.218,-0.335,-0.2,-0.047,0.538,-0.261,0.674,-0.362,0.043,-0.015,0.113,-0.259,-0.286,0.21,-0.395,0.374,0.309,0.472,0.266,0.2,0.04,-0.208,-0.42,-0.208,0.671,-0.445,0.153,-0.098,-0.196,0.297,0.091,0.539,0.038,-0.342,-0.199,0.277,-0.174,-0.18,0.433,0.461,0.271,0.539,0.468,-0.391,0.017,0.25,-0.185,-0.074,0.552,0.171,-0.349,-0.074,-0.141,0.165,0.034,0.087,0.37,0.489,0.389,0.266,-0.152,-0.398,-0.05,0.147,-0.145,-0.384,-0.407,0.055,0.623,0.412,-0.244,-0.319,-0.068,-0.417,-0.018,-0.093,0.029,0.12,0.153,0.453,0.252,-0.265,-0.171,0.511,0.378,-0.007,0.257,-0.094,-0.172,0.275,-0.208,-0.359,-0.409,-0.203,0.459,0.077,0.213,0.327,-0.152,-0.143,-0.517,0.165,0.496,0.322,-0.467,-0.433,-0.502,-0.074,0.341,-0.037,-0.409,-0.057,-0.26,-0.242,-0.296,0.174,-0.182,-0.171,0.4,0.044,-0.199,-0.1,-0.188,-0.174,-0.172,-0.186,-0.337,0.087,0.112,0.511,0.308,-0.168,0.029,0.325,0.381
ACHC,-0.197,0.0,0.456,-0.233,-0.594,0.688,0.774,-0.53,0.595,-0.558,0.46,0.858,0.446,0.733,0.529,0.648,0.203,-0.601,0.832,0.763,0.007,-0.588,-0.588,0.302,0.835,-0.519,-0.147,0.754,0.724,0.845,0.697,0.846,0.586,0.482,0.222,-0.555,0.841,-0.571,-0.569,0.413,0.382,0.285,0.555,0.76,-0.643,-0.41,-0.65,0.548,0.632,-0.188,-0.735,-0.27,0.654,-0.231,0.808,0.334,0.633,0.56,0.597,0.427,-0.642,-0.429,0.819,0.773,-0.518,0.836,0.837,0.792,0.542,-0.636,0.795,-0.42,0.703,0.102,0.426,0.374,0.493,0.091,-0.082,0.767,-0.695,-0.155,-0.682,-0.658,-0.176,0.364,0.748,0.832,0.296,0.051,0.733,0.534,0.106,0.556,0.041,0.003,-0.682,0.486,0.714,0.757,-0.487,0.696,0.874,-0.671,-0.466,-0.55,-0.601,-0.592,0.854,0.74,0.027,0.568,0.712,-0.499,0.413,0.839,0.498,0.686,0.058,0.32,0.496,0.116,-0.079,-0.07,0.256,-0.034,0.719,0.824,0.427,0.798,0.658,0.785,-0.314,-0.319,-0.428,0.434,0.656,0.573,0.707,0.449,0.41,0.06,0.574,0.636,-0.675,-0.528,0.773,0.511,-0.74,0.219,0.767,-0.721,0.601,0.808,-0.584,0.748,0.764,0.7,0.68,-0.525,-0.509,-0.267,-0.422,0.598,0.639,0.577,-0.317,-0.552,0.023,0.717,0.593,0.776,0.344,0.114,0.76,0.753,-0.046,0.609,0.857,0.748,-0.142,0.699,0.54,-0.781,0.66,0.699,0.653,0.746,0.687,0.548,0.759,0.723,-0.277,0.39,-0.205,-0.025,0.699,0.018,-0.127,-0.278
AGNCN,-0.148,0.456,0.0,-0.546,-0.658,0.704,0.59,-0.558,0.574,-0.601,0.152,0.61,0.248,0.802,0.345,0.214,0.056,-0.533,0.617,0.515,0.408,-0.587,-0.153,-0.234,0.444,-0.195,-0.29,0.683,0.292,0.614,0.516,0.61,0.538,0.442,0.066,-0.258,0.533,-0.581,-0.792,0.405,0.337,0.585,0.514,0.623,-0.638,-0.296,-0.341,-0.171,0.51,-0.702,-0.632,-0.434,0.55,-0.426,0.683,0.658,0.641,0.448,-0.009,0.1,-0.294,-0.575,0.52,0.525,-0.329,0.382,0.275,0.679,0.414,-0.547,0.441,-0.282,0.433,0.563,0.646,0.009,0.076,-0.225,-0.12,0.687,-0.358,-0.495,-0.705,-0.638,-0.492,0.381,0.768,0.499,0.026,-0.026,0.653,0.555,-0.359,-0.173,-0.133,-0.54,-0.466,0.199,0.733,0.534,-0.513,0.594,0.405,-0.529,-0.48,0.08,-0.347,-0.55,0.433,0.166,0.319,0.326,0.655,-0.685,0.393,0.744,0.203,0.589,-0.4,-0.305,0.254,0.57,-0.194,-0.164,0.026,-0.2,0.548,0.456,0.312,0.54,0.426,0.759,-0.155,-0.551,-0.29,0.521,0.496,0.406,0.442,0.43,0.361,-0.153,0.481,0.274,-0.373,-0.444,0.495,0.624,-0.409,-0.423,0.509,-0.524,0.707,0.454,-0.628,0.606,0.668,0.812,0.58,-0.209,0.101,-0.057,-0.413,0.657,0.255,0.463,-0.568,-0.263,0.104,0.75,0.266,0.639,0.212,0.048,0.636,0.755,-0.119,0.666,0.36,0.601,-0.672,0.531,0.556,-0.26,0.608,0.572,0.151,0.283,0.566,0.761,0.428,0.43,-0.502,0.577,0.041,-0.416,0.318,-0.184,-0.427,0.217
AKAM,0.072,-0.233,-0.546,0.0,0.463,-0.547,-0.3,0.607,-0.669,0.569,0.346,-0.208,-0.221,-0.654,-0.063,0.066,0.175,0.48,-0.391,-0.366,-0.299,0.405,-0.052,0.22,-0.28,-0.081,0.142,-0.521,0.145,-0.417,-0.454,-0.505,-0.192,-0.123,0.086,-0.031,-0.336,0.44,0.555,-0.545,-0.304,-0.66,-0.425,-0.274,0.678,0.401,0.015,0.038,-0.512,0.699,0.475,0.65,-0.173,0.625,-0.49,-0.525,-0.325,-0.156,0.273,0.176,0.005,0.222,-0.15,-0.35,0.24,0.132,-0.18,-0.498,0.143,0.486,-0.222,0.14,-0.01,-0.448,-0.496,-0.086,-0.116,0.544,0.67,-0.588,0.146,0.261,0.486,0.593,0.881,-0.315,-0.486,-0.162,0.481,0.103,-0.376,-0.344,0.432,0.388,0.666,0.481,0.383,-0.003,-0.661,-0.342,0.717,-0.697,-0.24,0.572,0.668,-0.183,0.136,0.36,-0.173,-0.015,-0.226,-0.227,-0.409,0.498,-0.225,-0.496,-0.377,-0.493,0.373,0.576,-0.053,-0.627,0.515,0.398,0.183,0.554,-0.341,-0.286,-0.095,-0.382,-0.279,-0.486,0.534,0.361,0.593,-0.656,-0.285,0.139,-0.149,-0.537,-0.557,0.579,0.039,-0.191,0.322,0.381,-0.07,-0.523,0.296,0.292,-0.418,0.399,-0.482,-0.143,0.639,-0.574,-0.321,-0.59,-0.547,0.013,-0.151,0.141,0.817,-0.784,-0.297,-0.157,0.348,-0.194,-0.086,-0.522,-0.124,-0.328,0.016,0.135,-0.552,-0.521,0.037,-0.505,-0.007,-0.505,0.65,-0.572,-0.777,0.151,-0.333,-0.284,0.116,-0.336,-0.262,-0.637,-0.05,-0.249,0.505,-0.357,-0.323,0.555,0.182,0.039,0.269,-0.372
AKRO,0.413,-0.594,-0.658,0.463,0.0,-0.662,-0.465,0.782,-0.71,0.716,-0.229,-0.782,-0.077,-0.832,-0.299,-0.443,0.17,0.877,-0.727,-0.556,-0.272,0.942,0.604,0.097,-0.634,0.502,0.433,-0.843,-0.404,-0.852,-0.721,-0.797,-0.392,-0.208,-0.091,0.525,-0.767,0.858,0.86,-0.499,-0.545,-0.505,-0.357,-0.73,0.852,0.827,0.671,-0.108,-0.734,0.528,0.891,0.623,-0.668,0.588,-0.828,-0.617,-0.69,-0.469,-0.126,0.059,0.685,0.823,-0.62,-0.568,0.669,-0.486,-0.658,-0.824,-0.159,0.871,-0.741,0.562,-0.543,-0.323,-0.72,0.165,-0.257,0.219,0.412,-0.79,0.782,0.441,0.737,0.887,0.597,-0.556,-0.742,-0.66,0.13,0.134,-0.841,-0.527,0.425,-0.003,0.379,0.506,0.825,-0.565,-0.811,-0.827,0.711,-0.572,-0.643,0.842,0.701,0.153,0.811,0.923,-0.69,-0.239,0.149,-0.556,-0.557,0.689,-0.279,-0.821,-0.473,-0.806,0.4,0.351,-0.29,-0.233,0.388,0.209,-0.108,0.367,-0.735,-0.648,-0.333,-0.711,-0.508,-0.778,0.481,0.578,0.566,-0.601,-0.417,-0.493,-0.516,-0.613,-0.444,0.36,-0.47,-0.479,0.807,0.835,-0.634,-0.731,0.75,0.148,-0.597,0.605,-0.752,-0.704,0.887,-0.691,-0.801,-0.789,-0.796,0.653,0.092,0.24,0.6,-0.763,-0.542,-0.529,0.686,0.465,-0.035,-0.793,-0.359,-0.747,-0.149,-0.097,-0.726,-0.754,0.493,-0.546,-0.501,-0.789,0.68,-0.75,-0.734,0.619,-0.613,-0.408,-0.479,-0.569,-0.713,-0.574,-0.715,-0.563,0.669,-0.459,0.244,0.513,-0.407,0.369,0.65,0.247
ALRM,-0.143,0.688,0.704,-0.547,-0.662,0.0,0.704,-0.761,0.828,-0.646,0.199,0.754,0.56,0.873,0.428,0.461,-0.015,-0.622,0.871,0.804,0.343,-0.602,-0.364,0.046,0.704,-0.262,-0.273,0.857,0.411,0.814,0.833,0.871,0.495,0.413,0.192,-0.41,0.73,-0.644,-0.81,0.576,0.429,0.689,0.743,0.707,-0.82,-0.468,-0.48,0.273,0.735,-0.603,-0.752,-0.596,0.638,-0.607,0.86,0.689,0.743,0.569,0.349,0.11,-0.438,-0.467,0.605,0.774,-0.394,0.519,0.591,0.846,0.257,-0.73,0.671,-0.262,0.596,0.452,0.674,0.182,0.317,-0.292,-0.249,0.882,-0.581,-0.364,-0.815,-0.829,-0.514,0.588,0.874,0.686,0.023,-0.002,0.808,0.604,-0.216,0.176,-0.187,-0.272,-0.631,0.445,0.866,0.764,-0.689,0.799,0.743,-0.713,-0.654,-0.189,-0.548,-0.571,0.691,0.47,0.272,0.474,0.859,-0.671,0.559,0.862,0.567,0.823,-0.21,-0.181,0.473,0.475,-0.317,-0.032,0.248,-0.324,0.625,0.736,0.329,0.815,0.605,0.837,-0.369,-0.526,-0.569,0.701,0.626,0.315,0.599,0.693,0.644,-0.178,0.409,0.578,-0.625,-0.481,0.587,0.714,-0.649,-0.113,0.804,-0.706,0.774,0.62,-0.731,0.901,0.804,0.842,0.819,-0.338,-0.176,-0.213,-0.54,0.819,0.621,0.561,-0.472,-0.323,-0.005,0.806,0.483,0.784,0.347,0.119,0.795,0.817,-0.094,0.748,0.537,0.838,-0.579,0.764,0.777,-0.54,0.746,0.696,0.361,0.631,0.737,0.72,0.558,0.666,-0.512,0.556,-0.012,-0.327,0.422,-0.072,-0.315,0.051
AMAT,-0.14,0.774,0.59,-0.3,-0.465,0.704,0.0,-0.367,0.432,-0.423,0.27,0.718,0.758,0.638,0.522,0.726,0.45,-0.435,0.74,0.884,-0.179,-0.506,-0.56,0.345,0.679,-0.551,-0.302,0.632,0.685,0.716,0.517,0.709,0.83,0.686,-0.067,-0.525,0.754,-0.588,-0.571,0.151,0.067,0.23,0.805,0.707,-0.618,-0.168,-0.645,0.512,0.363,-0.227,-0.623,-0.163,0.654,-0.103,0.755,0.396,0.459,0.28,0.543,0.205,-0.624,-0.385,0.67,0.669,-0.52,0.728,0.525,0.699,0.417,-0.538,0.726,-0.379,0.753,-0.018,0.199,0.198,0.629,0.186,0.003,0.731,-0.607,-0.267,-0.713,-0.541,-0.138,0.13,0.75,0.702,0.41,0.074,0.626,0.306,0.232,0.515,0.057,0.01,-0.628,0.211,0.646,0.663,-0.298,0.737,0.728,-0.538,-0.484,-0.496,-0.466,-0.359,0.79,0.797,0.477,0.122,0.877,-0.601,0.558,0.786,0.251,0.513,0.28,0.141,0.335,0.193,-0.069,-0.072,0.195,0.129,0.458,0.563,0.052,0.594,0.646,0.828,-0.193,-0.287,-0.45,0.271,0.879,0.337,0.774,0.248,0.158,0.01,0.371,0.409,-0.44,-0.443,0.74,0.266,-0.723,0.053,0.697,-0.868,0.415,0.481,-0.406,0.742,0.583,0.775,0.506,-0.55,-0.582,-0.544,-0.364,0.525,0.412,0.629,-0.078,-0.558,-0.277,0.757,0.784,0.756,0.245,-0.171,0.617,0.775,0.299,0.721,0.746,0.582,-0.088,0.467,0.473,-0.628,0.465,0.722,0.38,0.562,0.443,0.543,0.426,0.84,0.022,0.153,-0.282,0.092,0.611,0.264,0.113,-0.24
AMED,0.142,-0.53,-0.558,0.607,0.782,-0.761,-0.367,0.0,-0.924,0.696,-0.057,-0.681,-0.224,-0.827,-0.339,-0.185,0.416,0.759,-0.738,-0.528,-0.503,0.691,0.317,0.073,-0.653,0.253,0.137,-0.859,-0.217,-0.806,-0.89,-0.826,-0.122,0.032,-0.134,0.325,-0.612,0.565,0.739,-0.835,-0.696,-0.844,-0.462,-0.472,0.87,0.761,0.338,-0.275,-0.912,0.628,0.743,0.775,-0.435,0.727,-0.765,-0.586,-0.721,-0.578,-0.053,0.041,0.361,0.427,-0.406,-0.707,0.379,-0.276,-0.63,-0.842,0.005,0.745,-0.622,0.134,-0.341,-0.541,-0.845,-0.057,-0.125,0.665,0.559,-0.755,0.609,0.149,0.661,0.959,0.727,-0.765,-0.713,-0.484,0.366,-0.031,-0.728,-0.707,0.53,-0.005,0.48,0.415,0.63,-0.637,-0.795,-0.789,0.884,-0.613,-0.672,0.788,0.684,0.068,0.617,0.72,-0.543,-0.246,-0.018,-0.635,-0.62,0.512,-0.306,-0.737,-0.778,-0.939,0.405,0.374,-0.465,-0.503,0.411,0.015,-0.289,0.697,-0.637,-0.777,-0.468,-0.819,-0.447,-0.662,0.664,0.377,0.625,-0.81,-0.242,-0.256,-0.262,-0.868,-0.707,0.4,-0.381,-0.719,0.655,0.719,-0.403,-0.866,0.533,-0.033,-0.764,0.52,-0.816,-0.651,0.871,-0.825,-0.761,-0.68,-0.95,0.323,0.029,0.069,0.62,-0.91,-0.773,-0.282,0.637,0.087,-0.198,-0.664,-0.21,-0.579,-0.148,-0.325,-0.846,-0.636,0.426,-0.528,-0.337,-0.866,0.762,-0.867,-0.902,0.537,-0.735,-0.471,-0.423,-0.706,-0.767,-0.663,-0.638,-0.44,0.8,-0.606,-0.15,0.502,-0.2,0.38,0.547,-0.036
AMRN,-0.225,0.595,0.574,-0.669,-0.71,0.828,0.432,-0.924,0.0,-0.752,-0.004,0.654,0.334,0.85,0.285,0.227,-0.254,-0.718,0.831,0.63,0.426,-0.652,-0.253,-0.064,0.7,-0.104,-0.144,0.889,0.192,0.798,0.907,0.879,0.236,0.13,0.245,-0.352,0.682,-0.555,-0.794,0.79,0.67,0.845,0.584,0.562,-0.861,-0.669,-0.316,0.272,0.911,-0.701,-0.781,-0.773,0.473,-0.762,0.829,0.619,0.691,0.559,0.096,-0.036,-0.28,-0.414,0.505,0.735,-0.346,0.29,0.645,0.846,0.05,-0.774,0.577,-0.179,0.372,0.6,0.779,0.218,0.169,-0.533,-0.508,0.86,-0.518,-0.226,-0.765,-0.911,-0.745,0.715,0.736,0.574,-0.254,-0.074,0.78,0.683,-0.388,0.053,-0.446,-0.359,-0.631,0.498,0.876,0.74,-0.922,0.716,0.686,-0.823,-0.742,-0.132,-0.555,-0.691,0.577,0.239,0.038,0.673,0.658,-0.641,0.235,0.801,0.789,0.906,-0.426,-0.284,0.542,0.516,-0.545,-0.139,0.169,-0.595,0.7,0.751,0.457,0.817,0.589,0.737,-0.606,-0.536,-0.697,0.906,0.338,0.184,0.379,0.874,0.836,-0.334,0.272,0.638,-0.659,-0.548,0.383,0.877,-0.554,-0.09,0.734,-0.522,0.814,0.627,-0.865,0.888,0.799,0.766,0.95,-0.241,-0.037,-0.017,-0.685,0.933,0.775,0.401,-0.595,-0.146,0.133,0.749,0.306,0.678,0.279,0.171,0.832,0.741,-0.274,0.62,0.341,0.903,-0.729,0.888,0.895,-0.54,0.708,0.613,0.35,0.734,0.739,0.766,0.57,0.486,-0.74,0.575,0.154,-0.522,0.184,-0.284,-0.502,0.14
ANGI,0.361,-0.558,-0.601,0.569,0.716,-0.646,-0.423,0.696,-0.752,0.0,0.082,-0.582,-0.095,-0.787,-0.089,-0.139,0.222,0.764,-0.712,-0.464,-0.199,0.67,0.25,0.168,-0.533,0.175,0.208,-0.776,-0.149,-0.692,-0.698,-0.725,-0.303,-0.238,-0.201,0.244,-0.65,0.55,0.796,-0.564,-0.529,-0.607,-0.39,-0.576,0.694,0.607,0.304,-0.028,-0.717,0.737,0.791,0.684,-0.362,0.752,-0.771,-0.431,-0.473,-0.34,-0.076,-0.055,0.26,0.58,-0.664,-0.502,0.522,-0.327,-0.583,-0.707,-0.117,0.728,-0.518,0.43,-0.283,-0.529,-0.58,-0.111,-0.032,0.314,0.383,-0.795,0.461,0.243,0.738,0.756,0.667,-0.527,-0.584,-0.55,0.061,0.218,-0.663,-0.559,0.358,-0.025,0.406,0.596,0.686,-0.333,-0.815,-0.539,0.815,-0.585,-0.536,0.822,0.72,0.215,0.427,0.756,-0.532,-0.066,0.147,-0.639,-0.489,0.789,0.002,-0.764,-0.591,-0.66,0.538,0.149,-0.428,-0.409,0.584,0.512,0.276,0.401,-0.764,-0.528,-0.353,-0.567,-0.557,-0.763,0.532,0.618,0.553,-0.802,-0.34,-0.239,-0.332,-0.58,-0.614,0.334,-0.246,-0.31,0.572,0.51,-0.3,-0.756,0.566,0.342,-0.448,0.46,-0.649,-0.555,0.824,-0.685,-0.711,-0.778,-0.738,0.274,0.006,-0.058,0.667,-0.735,-0.433,-0.373,0.694,0.353,-0.096,-0.784,-0.188,-0.694,-0.081,0.062,-0.724,-0.784,0.266,-0.582,-0.344,-0.765,0.707,-0.789,-0.647,0.47,-0.495,-0.613,-0.238,-0.551,-0.525,-0.728,-0.528,-0.393,0.667,-0.391,-0.098,0.457,-0.152,0.3,0.577,-0.129
APA,0.066,0.46,0.152,0.346,-0.229,0.199,0.27,-0.057,-0.004,0.082,0.0,0.598,0.064,0.197,0.427,0.491,0.196,-0.14,0.303,0.196,0.188,-0.204,-0.31,0.118,0.484,-0.347,-0.003,0.24,0.766,0.334,0.166,0.275,0.251,0.231,0.325,-0.428,0.335,-0.15,-0.105,0.075,0.198,-0.136,0.025,0.449,-0.056,-0.051,-0.477,0.132,0.164,0.355,-0.16,0.312,0.494,0.36,0.177,0.109,0.535,0.591,0.501,0.543,-0.444,-0.243,0.385,0.469,-0.024,0.705,0.381,0.262,0.7,-0.064,0.278,-0.121,0.501,-0.078,0.259,0.263,0.132,0.332,0.485,0.097,-0.301,-0.141,-0.149,-0.113,0.449,0.125,0.337,0.569,0.36,0.203,0.354,0.308,0.186,0.316,0.644,0.265,-0.026,0.37,0.055,0.402,0.178,0.018,0.428,0.052,0.289,-0.21,-0.328,-0.233,0.341,0.503,-0.068,0.315,0.242,0.131,0.444,0.298,-0.034,0.223,0.131,0.353,0.075,-0.234,0.617,0.538,0.614,0.349,0.3,0.505,0.54,0.419,0.031,0.162,0.315,-0.014,0.367,-0.209,0.141,0.809,0.434,0.019,-0.04,0.513,0.802,0.472,-0.256,-0.151,0.681,0.053,-0.186,0.407,0.42,-0.181,0.331,0.64,-0.006,0.076,0.345,0.054,0.138,-0.279,-0.283,0.033,0.28,-0.026,0.24,0.368,-0.085,-0.34,0.13,0.062,0.132,0.28,0.578,0.437,0.168,0.11,-0.209,0.161,0.661,0.14,0.23,0.084,-0.073,-0.284,0.496,0.127,0.725,0.123,0.517,-0.064,0.651,0.244,-0.061,0.407,-0.37,0.189,0.783,-0.028,0.015,-0.327
APOG,-0.235,0.858,0.61,-0.208,-0.782,0.754,0.718,-0.681,0.654,-0.582,0.598,0.0,0.367,0.802,0.559,0.66,0.085,-0.701,0.881,0.729,0.232,-0.741,-0.619,0.177,0.852,-0.57,-0.249,0.856,0.781,0.921,0.782,0.881,0.553,0.405,0.233,-0.649,0.865,-0.679,-0.728,0.502,0.516,0.423,0.526,0.822,-0.737,-0.56,-0.734,0.402,0.728,-0.27,-0.797,-0.333,0.774,-0.286,0.85,0.504,0.831,0.715,0.541,0.354,-0.714,-0.612,0.794,0.826,-0.519,0.862,0.814,0.874,0.549,-0.711,0.812,-0.403,0.789,0.253,0.644,0.155,0.334,-0.011,-0.027,0.778,-0.788,-0.252,-0.752,-0.789,-0.208,0.53,0.837,0.88,0.27,0.069,0.864,0.645,-0.08,0.412,0.087,-0.155,-0.69,0.66,0.745,0.89,-0.528,0.577,0.902,-0.677,-0.441,-0.43,-0.754,-0.752,0.844,0.646,0.039,0.632,0.778,-0.537,0.499,0.898,0.499,0.821,-0.105,0.12,0.456,0.152,-0.016,0.135,0.439,-0.095,0.775,0.895,0.534,0.884,0.599,0.826,-0.27,-0.413,-0.353,0.456,0.558,0.748,0.687,0.552,0.389,0.11,0.758,0.734,-0.706,-0.674,0.849,0.643,-0.734,0.14,0.836,-0.701,0.765,0.913,-0.663,0.759,0.895,0.748,0.791,-0.594,-0.386,-0.209,-0.329,0.66,0.688,0.63,-0.514,-0.597,0.047,0.762,0.521,0.843,0.41,0.306,0.794,0.765,-0.259,0.646,0.85,0.81,-0.352,0.701,0.6,-0.753,0.81,0.651,0.76,0.673,0.873,0.552,0.891,0.72,-0.478,0.552,-0.276,-0.118,0.756,-0.174,-0.34,-0.312
APPS,0.009,0.446,0.248,-0.221,-0.077,0.56,0.758,-0.224,0.334,-0.095,0.064,0.367,0.0,0.304,0.252,0.579,0.457,-0.078,0.534,0.785,-0.195,-0.159,-0.301,0.431,0.47,-0.252,-0.09,0.37,0.419,0.393,0.387,0.476,0.611,0.509,-0.014,-0.34,0.449,-0.263,-0.307,0.052,-0.05,0.23,0.862,0.417,-0.4,0.087,-0.355,0.596,0.173,-0.085,-0.272,-0.033,0.392,-0.013,0.461,0.34,0.249,0.143,0.48,0.03,-0.312,-0.011,0.296,0.538,-0.216,0.38,0.268,0.413,0.08,-0.263,0.4,-0.044,0.545,-0.053,-0.002,0.216,0.606,0.085,-0.0,0.49,-0.299,-0.148,-0.474,-0.314,-0.035,0.066,0.497,0.433,0.319,0.087,0.357,0.141,0.392,0.497,0.053,0.282,-0.314,0.061,0.378,0.409,-0.15,0.549,0.505,-0.234,-0.326,-0.358,-0.235,0.054,0.488,0.678,0.642,-0.125,0.738,-0.339,0.479,0.464,0.255,0.323,0.47,0.104,0.293,0.168,-0.088,0.123,0.287,0.112,0.092,0.339,-0.144,0.409,0.519,0.496,-0.105,-0.159,-0.433,0.202,0.69,-0.03,0.568,0.215,0.185,0.063,0.017,0.33,-0.161,-0.104,0.404,0.061,-0.412,0.127,0.551,-0.611,0.185,0.149,-0.11,0.624,0.301,0.472,0.321,-0.279,-0.498,-0.496,-0.218,0.346,0.362,0.421,0.243,-0.277,-0.392,0.442,0.726,0.472,0.292,-0.169,0.318,0.453,0.523,0.537,0.426,0.377,0.096,0.221,0.357,-0.344,0.252,0.52,0.19,0.472,0.239,0.325,0.081,0.695,0.241,-0.012,-0.183,0.189,0.314,0.378,0.354,-0.097
ARCB,-0.163,0.733,0.802,-0.654,-0.832,0.873,0.638,-0.827,0.85,-0.787,0.197,0.802,0.304,0.0,0.424,0.333,-0.111,-0.785,0.831,0.662,0.435,-0.744,-0.347,-0.1,0.68,-0.35,-0.224,0.92,0.379,0.869,0.818,0.89,0.439,0.338,0.17,-0.342,0.746,-0.708,-0.862,0.694,0.561,0.717,0.566,0.717,-0.877,-0.608,-0.487,0.123,0.823,-0.687,-0.83,-0.654,0.609,-0.647,0.873,0.636,0.793,0.597,0.161,0.197,-0.455,-0.608,0.669,0.738,-0.485,0.512,0.641,0.908,0.307,-0.789,0.703,-0.344,0.507,0.529,0.805,0.117,0.218,-0.351,-0.372,0.888,-0.611,-0.382,-0.797,-0.896,-0.652,0.624,0.874,0.664,-0.113,0.004,0.82,0.725,-0.401,0.001,-0.303,-0.496,-0.706,0.497,0.924,0.799,-0.791,0.794,0.724,-0.808,-0.679,-0.11,-0.571,-0.748,0.669,0.356,0.086,0.605,0.749,-0.688,0.418,0.909,0.564,0.869,-0.405,-0.249,0.456,0.539,-0.338,-0.187,0.133,-0.428,0.749,0.771,0.445,0.829,0.553,0.854,-0.481,-0.534,-0.534,0.739,0.527,0.453,0.512,0.728,0.652,-0.304,0.526,0.584,-0.682,-0.647,0.585,0.832,-0.641,-0.157,0.771,-0.664,0.88,0.728,-0.892,0.851,0.843,0.877,0.866,-0.356,-0.078,-0.118,-0.656,0.894,0.576,0.487,-0.66,-0.283,0.183,0.834,0.335,0.77,0.225,0.168,0.899,0.857,-0.316,0.727,0.53,0.872,-0.711,0.86,0.83,-0.544,0.795,0.622,0.405,0.633,0.762,0.794,0.662,0.572,-0.695,0.661,0.059,-0.48,0.396,-0.261,-0.51,0.076
ARCC,0.153,0.529,0.345,-0.063,-0.299,0.428,0.522,-0.339,0.285,-0.089,0.427,0.559,0.252,0.424,0.0,0.355,0.179,-0.22,0.434,0.415,0.173,-0.234,-0.316,0.176,0.533,-0.354,0.009,0.431,0.465,0.477,0.387,0.428,0.259,0.189,0.109,-0.388,0.381,-0.242,-0.185,0.288,0.194,0.198,0.327,0.23,-0.367,-0.179,-0.409,0.345,0.356,-0.055,-0.333,-0.095,0.487,0.024,0.392,0.209,0.496,0.427,0.243,0.265,-0.421,-0.121,0.323,0.563,-0.167,0.522,0.376,0.501,0.405,-0.26,0.539,0.018,0.487,0.027,0.32,0.226,0.236,-0.019,0.063,0.307,-0.4,0.117,-0.32,-0.364,0.034,0.272,0.48,0.361,0.09,0.273,0.435,0.402,-0.062,0.262,0.162,0.067,-0.239,0.404,0.319,0.547,-0.16,0.356,0.523,-0.242,-0.096,-0.188,-0.358,-0.235,0.457,0.572,0.18,0.222,0.482,-0.097,0.524,0.423,0.253,0.454,0.113,0.141,0.217,0.095,0.202,0.284,0.446,-0.05,0.274,0.583,0.339,0.54,0.224,0.37,-0.083,0.136,-0.017,0.104,0.382,0.387,0.373,0.279,0.17,0.081,0.524,0.567,-0.347,-0.341,0.573,0.265,-0.341,0.353,0.587,-0.475,0.42,0.483,-0.278,0.419,0.409,0.317,0.377,-0.247,-0.352,-0.187,0.01,0.326,0.401,0.329,-0.117,-0.117,0.167,0.301,0.266,0.295,0.227,0.299,0.507,0.312,-0.105,0.317,0.493,0.39,-0.046,0.385,0.326,-0.382,0.575,0.3,0.425,0.361,0.46,0.222,0.434,0.317,-0.141,0.35,-0.09,-0.027,0.589,-0.031,0.014,-0.218
ARVN,-0.391,0.648,0.214,0.066,-0.443,0.461,0.726,-0.185,0.227,-0.139,0.491,0.66,0.579,0.333,0.355,0.0,0.477,-0.349,0.619,0.796,-0.403,-0.549,-0.816,0.476,0.66,-0.544,-0.535,0.437,0.805,0.63,0.339,0.57,0.774,0.622,0.0,-0.788,0.774,-0.646,-0.418,-0.149,-0.058,-0.162,0.54,0.766,-0.469,-0.248,-0.867,0.577,0.179,0.198,-0.563,0.058,0.784,0.15,0.612,0.343,0.356,0.231,0.681,0.036,-0.839,-0.432,0.537,0.492,-0.573,0.764,0.553,0.481,0.378,-0.528,0.66,-0.582,0.85,-0.361,-0.006,0.059,0.791,0.479,0.142,0.56,-0.712,-0.325,-0.568,-0.386,0.141,-0.063,0.561,0.775,0.516,-0.134,0.62,-0.011,0.442,0.652,0.173,0.349,-0.6,0.204,0.416,0.623,-0.043,0.471,0.663,-0.428,-0.352,-0.613,-0.703,-0.393,0.801,0.787,0.214,0.057,0.59,-0.407,0.497,0.591,0.056,0.346,0.461,0.179,0.129,-0.349,0.004,0.084,0.332,0.365,0.399,0.446,-0.061,0.479,0.564,0.606,-0.01,-0.315,-0.393,-0.008,0.754,0.404,0.863,0.05,-0.039,0.189,0.294,0.303,-0.556,-0.406,0.853,0.001,-0.781,0.244,0.539,-0.729,0.186,0.477,-0.206,0.502,0.471,0.521,0.32,-0.794,-0.684,-0.669,-0.155,0.252,0.42,0.78,0.117,-0.708,-0.473,0.555,0.877,0.704,0.397,-0.211,0.276,0.526,0.236,0.442,0.799,0.391,0.199,0.243,0.254,-0.705,0.269,0.428,0.511,0.451,0.399,0.138,0.461,0.841,0.19,-0.058,-0.705,0.161,0.741,0.349,0.163,-0.644
ATEC,-0.175,0.203,0.056,0.175,0.17,-0.015,0.45,0.416,-0.254,0.222,0.196,0.085,0.457,-0.111,0.179,0.477,0.0,0.276,0.135,0.348,-0.482,0.02,-0.208,0.21,0.162,-0.103,-0.064,-0.053,0.346,-0.027,-0.179,0.004,0.563,0.534,0.006,-0.427,0.231,-0.049,0.012,-0.503,-0.403,-0.382,0.335,0.283,0.091,0.412,-0.347,0.218,-0.335,0.214,-0.004,0.421,0.374,0.448,0.055,0.085,-0.107,-0.087,0.194,-0.004,-0.242,-0.128,0.225,0.07,-0.193,0.324,-0.08,-0.044,0.368,0.087,0.079,-0.227,0.471,-0.282,-0.412,0.123,0.405,0.75,0.431,0.046,0.018,-0.26,-0.201,0.257,0.404,-0.344,0.086,0.282,0.558,-0.092,0.118,-0.236,0.581,0.335,0.366,0.299,-0.043,-0.253,-0.054,0.017,0.363,0.07,0.033,0.178,0.105,-0.292,-0.062,0.187,0.235,0.376,0.358,-0.379,0.202,-0.153,0.175,0.119,-0.296,-0.225,0.362,0.311,-0.048,-0.275,0.104,-0.03,-0.014,0.64,-0.159,-0.079,-0.25,-0.038,0.287,0.155,0.414,-0.15,0.062,-0.331,0.482,0.119,0.531,-0.357,-0.242,0.35,-0.021,-0.132,0.009,0.216,0.325,-0.38,-0.163,-0.01,-0.007,-0.276,-0.178,-0.078,0.305,0.01,0.01,0.123,-0.274,-0.201,-0.4,-0.293,0.188,-0.252,-0.143,0.44,0.384,-0.4,-0.39,0.115,0.514,0.221,0.318,-0.395,-0.188,0.138,0.464,0.176,0.272,-0.075,0.473,-0.291,-0.214,-0.107,-0.111,0.166,0.033,0.014,-0.153,-0.08,-0.128,0.314,0.621,-0.222,-0.484,0.184,0.424,0.324,0.348,-0.278
ATXS,0.294,-0.601,-0.533,0.48,0.877,-0.622,-0.435,0.759,-0.718,0.764,-0.14,-0.701,-0.078,-0.785,-0.22,-0.349,0.276,0.0,-0.678,-0.485,-0.174,0.855,0.507,-0.011,-0.632,0.533,0.32,-0.809,-0.361,-0.815,-0.757,-0.79,-0.293,-0.17,-0.055,0.384,-0.727,0.728,0.764,-0.594,-0.64,-0.548,-0.37,-0.607,0.832,0.856,0.491,-0.224,-0.795,0.491,0.827,0.673,-0.443,0.648,-0.793,-0.42,-0.545,-0.35,-0.177,0.014,0.551,0.666,-0.669,-0.546,0.566,-0.417,-0.717,-0.799,-0.075,0.788,-0.724,0.446,-0.368,-0.261,-0.636,0.032,-0.27,0.3,0.421,-0.775,0.728,0.235,0.666,0.852,0.642,-0.602,-0.596,-0.576,0.181,0.065,-0.707,-0.508,0.437,-0.052,0.381,0.477,0.786,-0.572,-0.789,-0.752,0.764,-0.619,-0.663,0.887,0.745,0.332,0.654,0.884,-0.677,-0.245,0.136,-0.61,-0.538,0.636,-0.156,-0.764,-0.605,-0.797,0.368,0.249,-0.374,-0.349,0.412,0.338,0.004,0.507,-0.72,-0.659,-0.369,-0.641,-0.543,-0.741,0.625,0.42,0.593,-0.648,-0.327,-0.416,-0.368,-0.648,-0.461,0.449,-0.4,-0.502,0.705,0.802,-0.491,-0.725,0.709,0.039,-0.571,0.595,-0.655,-0.675,0.885,-0.709,-0.72,-0.726,-0.819,0.569,0.21,0.177,0.658,-0.788,-0.592,-0.34,0.675,0.426,-0.025,-0.741,-0.276,-0.673,-0.018,-0.07,-0.793,-0.709,0.431,-0.422,-0.46,-0.784,0.628,-0.796,-0.724,0.66,-0.538,-0.504,-0.498,-0.669,-0.608,-0.642,-0.675,-0.531,0.674,-0.347,0.006,0.359,-0.252,0.275,0.544,0.155
AVAV,-0.358,0.832,0.617,-0.391,-0.727,0.871,0.74,-0.738,0.831,-0.712,0.303,0.881,0.534,0.831,0.434,0.619,0.135,-0.678,0.0,0.861,0.157,-0.721,-0.526,0.145,0.885,-0.335,-0.249,0.912,0.583,0.912,0.867,0.948,0.613,0.477,0.294,-0.666,0.906,-0.678,-0.833,0.511,0.51,0.56,0.72,0.84,-0.804,-0.532,-0.654,0.438,0.771,-0.491,-0.864,-0.482,0.759,-0.48,0.949,0.628,0.746,0.628,0.468,0.144,-0.569,-0.573,0.772,0.843,-0.538,0.698,0.783,0.894,0.392,-0.8,0.752,-0.408,0.745,0.388,0.603,0.255,0.388,-0.081,-0.171,0.927,-0.682,-0.317,-0.913,-0.838,-0.399,0.552,0.862,0.886,0.234,-0.095,0.93,0.615,-0.011,0.423,-0.113,-0.164,-0.748,0.499,0.885,0.838,-0.7,0.702,0.868,-0.783,-0.646,-0.427,-0.702,-0.717,0.849,0.552,0.11,0.612,0.821,-0.739,0.387,0.952,0.637,0.843,-0.176,0.048,0.534,0.238,-0.36,-0.075,0.24,-0.164,0.785,0.82,0.427,0.878,0.79,0.91,-0.361,-0.62,-0.601,0.688,0.64,0.465,0.75,0.641,0.616,-0.007,0.458,0.637,-0.729,-0.538,0.718,0.719,-0.758,-0.037,0.796,-0.707,0.764,0.781,-0.729,0.908,0.925,0.874,0.859,-0.491,-0.327,-0.186,-0.508,0.766,0.736,0.726,-0.476,-0.555,-0.055,0.881,0.622,0.924,0.477,0.071,0.796,0.888,-0.087,0.759,0.708,0.912,-0.451,0.78,0.718,-0.731,0.742,0.785,0.575,0.768,0.806,0.72,0.726,0.751,-0.466,0.478,-0.218,-0.267,0.586,-0.111,-0.337,-0.146
AXON,-0.326,0.763,0.515,-0.366,-0.556,0.804,0.884,-0.528,0.63,-0.464,0.196,0.729,0.785,0.662,0.415,0.796,0.348,-0.485,0.861,0.0,-0.14,-0.591,-0.647,0.315,0.77,-0.409,-0.406,0.719,0.601,0.81,0.655,0.821,0.788,0.601,0.04,-0.652,0.852,-0.69,-0.681,0.213,0.168,0.331,0.84,0.79,-0.737,-0.325,-0.721,0.579,0.491,-0.301,-0.748,-0.324,0.751,-0.256,0.86,0.58,0.527,0.359,0.547,0.009,-0.668,-0.418,0.623,0.711,-0.574,0.661,0.617,0.756,0.276,-0.709,0.741,-0.441,0.805,0.061,0.288,0.184,0.681,0.085,-0.16,0.849,-0.689,-0.352,-0.823,-0.678,-0.27,0.229,0.814,0.781,0.33,-0.096,0.777,0.312,0.207,0.543,-0.118,0.079,-0.728,0.261,0.763,0.749,-0.46,0.768,0.784,-0.662,-0.646,-0.481,-0.652,-0.464,0.848,0.737,0.366,0.227,0.866,-0.68,0.557,0.835,0.393,0.643,0.226,0.011,0.374,0.123,-0.299,-0.049,0.266,0.025,0.542,0.62,0.047,0.703,0.753,0.858,-0.279,-0.482,-0.668,0.448,0.853,0.236,0.829,0.399,0.359,-0.026,0.224,0.458,-0.615,-0.466,0.742,0.391,-0.805,0.021,0.761,-0.852,0.477,0.526,-0.507,0.854,0.698,0.827,0.648,-0.61,-0.513,-0.552,-0.484,0.641,0.62,0.746,-0.107,-0.542,-0.334,0.823,0.873,0.848,0.36,-0.173,0.616,0.816,0.261,0.75,0.703,0.71,-0.202,0.565,0.624,-0.703,0.482,0.703,0.394,0.672,0.567,0.562,0.466,0.888,-0.101,0.185,-0.374,-0.084,0.555,0.247,0.026,-0.301
BANF,0.324,0.007,0.408,-0.299,-0.272,0.343,-0.179,-0.503,0.426,-0.199,0.188,0.232,-0.195,0.435,0.173,-0.403,-0.482,-0.174,0.157,-0.14,0.0,-0.086,0.39,-0.434,0.081,0.167,0.312,0.351,-0.147,0.165,0.388,0.205,-0.335,-0.309,0.381,0.243,-0.091,0.026,-0.269,0.68,0.548,0.679,-0.049,-0.014,-0.216,-0.225,0.223,-0.376,0.497,-0.456,-0.056,-0.323,0.002,-0.402,0.088,0.384,0.638,0.653,-0.263,0.269,0.26,-0.101,-0.025,0.329,0.336,-0.088,0.052,0.292,0.092,-0.073,-0.035,0.365,-0.147,0.757,0.811,0.042,-0.53,-0.626,-0.183,0.101,0.094,-0.084,-0.059,-0.355,-0.34,0.64,0.301,0.001,-0.46,0.274,0.215,0.672,-0.618,-0.496,-0.067,-0.418,0.156,0.437,0.241,0.223,-0.388,0.051,0.107,-0.047,0.059,0.573,0.016,-0.169,-0.18,-0.256,-0.075,0.454,0.14,0.057,0.207,0.181,0.315,0.453,-0.586,-0.316,0.202,0.574,0.115,0.33,0.337,-0.512,0.183,0.372,0.578,0.427,-0.162,0.043,-0.074,-0.091,0.141,0.425,-0.308,0.275,-0.245,0.573,0.534,-0.046,0.461,0.448,-0.069,-0.114,-0.057,0.631,0.262,-0.114,0.313,0.192,0.687,0.335,-0.378,0.181,0.34,0.105,0.401,0.393,0.539,0.515,-0.048,0.391,0.203,-0.172,-0.558,0.412,0.648,0.038,-0.484,-0.016,0.211,0.726,0.371,0.063,-0.558,0.191,-0.127,0.315,-0.601,0.349,0.378,0.235,0.663,-0.013,0.155,0.043,0.554,0.314,0.306,-0.247,-0.704,0.817,0.438,-0.444,-0.051,-0.557,-0.487,0.506
BATRK,0.474,-0.588,-0.587,0.405,0.942,-0.602,-0.506,0.691,-0.652,0.67,-0.204,-0.741,-0.159,-0.744,-0.234,-0.549,0.02,0.855,-0.721,-0.591,-0.086,0.0,0.653,-0.036,-0.658,0.53,0.459,-0.815,-0.444,-0.809,-0.692,-0.78,-0.454,-0.279,-0.077,0.625,-0.8,0.836,0.822,-0.39,-0.467,-0.41,-0.413,-0.757,0.843,0.806,0.709,-0.211,-0.671,0.43,0.868,0.572,-0.676,0.536,-0.815,-0.559,-0.576,-0.358,-0.144,0.169,0.71,0.813,-0.648,-0.547,0.7,-0.48,-0.651,-0.784,-0.113,0.843,-0.743,0.607,-0.559,-0.2,-0.566,0.152,-0.398,0.082,0.348,-0.789,0.774,0.472,0.755,0.825,0.541,-0.493,-0.663,-0.687,0.053,0.153,-0.824,-0.418,0.287,-0.088,0.355,0.411,0.832,-0.515,-0.758,-0.803,0.647,-0.557,-0.623,0.85,0.728,0.286,0.825,0.895,-0.721,-0.281,0.081,-0.441,-0.549,0.709,-0.202,-0.801,-0.449,-0.737,0.305,0.321,-0.286,-0.155,0.438,0.29,-0.033,0.294,-0.679,-0.591,-0.238,-0.646,-0.585,-0.773,0.508,0.579,0.628,-0.547,-0.448,-0.435,-0.586,-0.557,-0.356,0.362,-0.371,-0.438,0.784,0.816,-0.647,-0.609,0.797,0.08,-0.531,0.657,-0.645,-0.629,0.816,-0.686,-0.74,-0.771,-0.731,0.749,0.22,0.327,0.571,-0.695,-0.548,-0.582,0.577,0.575,0.135,-0.783,-0.462,-0.759,-0.194,0.057,-0.645,-0.735,0.397,-0.463,-0.503,-0.761,0.543,-0.682,-0.682,0.678,-0.51,-0.439,-0.465,-0.631,-0.613,-0.514,-0.657,-0.629,0.516,-0.298,0.334,0.434,-0.429,0.303,0.579,0.299
BIDU,0.484,-0.588,-0.153,-0.052,0.604,-0.364,-0.56,0.317,-0.253,0.25,-0.31,-0.619,-0.301,-0.347,-0.316,-0.816,-0.208,0.507,-0.526,-0.647,0.39,0.653,0.0,-0.316,-0.528,0.688,0.599,-0.459,-0.624,-0.659,-0.374,-0.554,-0.529,-0.293,0.172,0.695,-0.721,0.726,0.43,0.064,-0.01,0.133,-0.314,-0.624,0.53,0.507,0.892,-0.527,-0.255,-0.093,0.665,0.172,-0.656,0.061,-0.625,-0.237,-0.277,-0.106,-0.503,0.078,0.96,0.54,-0.516,-0.313,0.784,-0.665,-0.61,-0.54,-0.116,0.687,-0.783,0.688,-0.752,0.406,-0.072,0.183,-0.66,-0.323,0.115,-0.528,0.907,0.227,0.502,0.501,0.028,-0.056,-0.483,-0.597,-0.288,0.128,-0.576,0.008,-0.138,-0.567,0.132,-0.111,0.804,-0.375,-0.425,-0.694,0.198,-0.392,-0.618,0.558,0.491,0.585,0.869,0.576,-0.812,-0.609,0.084,-0.125,-0.449,0.422,-0.315,-0.54,-0.175,-0.425,-0.276,-0.062,-0.129,0.384,0.17,0.025,-0.25,-0.137,-0.417,-0.431,0.125,-0.457,-0.455,-0.579,0.234,0.267,0.486,-0.065,-0.635,-0.347,-0.634,-0.1,0.052,0.072,-0.222,-0.299,0.708,0.654,-0.735,-0.133,0.868,-0.199,-0.462,0.706,-0.183,-0.469,0.371,-0.472,-0.49,-0.499,-0.395,0.924,0.618,0.685,0.296,-0.287,-0.435,-0.561,0.054,0.698,0.391,-0.554,-0.733,-0.632,-0.001,0.146,-0.341,-0.503,0.069,-0.341,-0.674,-0.447,-0.012,-0.361,-0.324,0.794,-0.167,-0.291,-0.466,-0.49,-0.373,-0.081,-0.514,-0.736,-0.008,0.114,0.698,-0.006,-0.578,-0.078,0.12,0.846
BLNE,0.096,0.302,-0.234,0.22,0.097,0.046,0.345,0.073,-0.064,0.168,0.118,0.177,0.431,-0.1,0.176,0.476,0.21,-0.011,0.145,0.315,-0.434,-0.036,-0.316,0.0,0.214,-0.387,-0.053,-0.009,0.418,0.167,0.118,0.121,0.214,0.386,-0.151,-0.281,0.228,-0.033,0.157,-0.091,-0.14,-0.213,0.251,0.111,-0.089,0.006,-0.165,0.678,-0.003,0.483,0.048,0.141,0.109,0.229,0.097,-0.235,-0.037,-0.081,0.538,0.055,-0.272,0.155,0.124,0.191,-0.142,0.311,0.288,0.051,0.059,0.017,0.323,0.055,0.238,-0.487,-0.301,0.057,0.528,0.243,0.166,0.075,-0.274,0.219,-0.01,0.001,0.255,-0.114,0.008,0.182,0.381,0.104,-0.011,-0.14,0.482,0.577,0.194,0.486,-0.109,0.173,-0.069,0.124,0.16,0.14,0.349,-0.118,-0.048,-0.578,-0.162,0.085,0.31,0.552,0.232,-0.117,0.259,0.106,0.133,0.062,0.096,0.037,0.641,0.325,0.175,-0.227,0.175,0.089,0.164,0.154,-0.008,0.19,-0.128,0.091,0.3,0.086,-0.167,0.304,-0.226,-0.176,0.29,0.024,0.238,0.02,-0.251,0.163,0.044,0.194,-0.044,-0.149,0.251,-0.248,-0.288,0.529,0.217,-0.347,-0.214,0.095,0.151,0.163,-0.031,-0.019,0.039,-0.338,-0.643,-0.448,0.1,-0.009,0.264,0.098,0.313,-0.291,-0.343,0.033,0.448,0.105,-0.019,-0.1,0.077,-0.019,0.278,-0.116,0.416,0.054,0.453,-0.025,0.028,-0.393,-0.011,0.199,0.27,0.328,-0.008,-0.119,0.093,0.456,0.36,-0.323,-0.067,0.645,0.266,0.359,0.455,-0.288
BLNK,-0.26,0.835,0.444,-0.28,-0.634,0.704,0.679,-0.653,0.7,-0.533,0.484,0.852,0.47,0.68,0.533,0.66,0.162,-0.632,0.885,0.77,0.081,-0.658,-0.528,0.214,0.0,-0.394,-0.121,0.805,0.706,0.848,0.776,0.868,0.549,0.373,0.324,-0.714,0.847,-0.541,-0.638,0.48,0.569,0.425,0.608,0.733,-0.707,-0.506,-0.64,0.569,0.721,-0.233,-0.763,-0.33,0.719,-0.251,0.815,0.488,0.671,0.63,0.501,0.165,-0.595,-0.442,0.702,0.895,-0.434,0.702,0.789,0.804,0.431,-0.634,0.709,-0.336,0.696,0.208,0.507,0.436,0.448,-0.03,-0.124,0.763,-0.636,-0.147,-0.766,-0.73,-0.249,0.466,0.732,0.859,0.199,0.016,0.829,0.574,0.073,0.506,-0.004,0.043,-0.612,0.5,0.725,0.818,-0.57,0.605,0.844,-0.671,-0.487,-0.486,-0.652,-0.632,0.794,0.677,0.085,0.572,0.711,-0.529,0.463,0.84,0.611,0.769,0.002,0.154,0.436,0.114,-0.144,0.075,0.397,-0.111,0.699,0.835,0.509,0.818,0.697,0.754,-0.34,-0.393,-0.479,0.528,0.519,0.504,0.706,0.545,0.499,0.044,0.528,0.749,-0.669,-0.549,0.779,0.548,-0.67,0.257,0.801,-0.665,0.649,0.806,-0.6,0.787,0.782,0.683,0.77,-0.517,-0.45,-0.196,-0.409,0.658,0.794,0.666,-0.329,-0.469,-0.04,0.7,0.577,0.763,0.567,0.137,0.712,0.714,-0.051,0.605,0.762,0.785,-0.222,0.677,0.617,-0.735,0.7,0.664,0.709,0.772,0.741,0.595,0.765,0.684,-0.351,0.409,-0.263,-0.154,0.681,-0.005,-0.141,-0.245
BTAI,0.017,-0.519,-0.195,-0.081,0.502,-0.262,-0.551,0.253,-0.104,0.175,-0.347,-0.57,-0.252,-0.35,-0.354,-0.544,-0.103,0.533,-0.335,-0.409,0.167,0.53,0.688,-0.387,-0.394,0.0,0.156,-0.413,-0.592,-0.531,-0.379,-0.422,-0.332,-0.178,0.179,0.333,-0.488,0.474,0.272,-0.129,-0.215,-0.009,-0.254,-0.36,0.434,0.426,0.579,-0.488,-0.303,-0.147,0.397,0.082,-0.297,0.04,-0.417,-0.043,-0.278,-0.112,-0.464,-0.214,0.713,0.414,-0.527,-0.337,0.517,-0.584,-0.535,-0.513,-0.11,0.38,-0.713,0.267,-0.475,0.318,-0.146,0.226,-0.453,-0.155,0.01,-0.317,0.751,0.018,0.241,0.408,-0.024,-0.243,-0.331,-0.367,-0.173,-0.339,-0.31,-0.219,0.017,-0.4,-0.034,0.079,0.573,-0.59,-0.279,-0.606,0.128,-0.304,-0.561,0.408,0.263,0.505,0.528,0.428,-0.612,-0.583,-0.059,-0.1,-0.507,0.189,-0.299,-0.434,-0.233,-0.423,-0.28,-0.174,-0.263,0.015,-0.139,-0.026,-0.235,0.049,-0.23,-0.46,-0.048,-0.38,-0.348,-0.438,0.273,-0.133,0.236,0.021,-0.408,-0.472,-0.331,-0.179,0.185,0.119,-0.446,-0.422,0.426,0.675,-0.522,-0.14,0.571,-0.327,-0.429,0.585,-0.223,-0.459,0.332,-0.391,-0.359,-0.337,-0.349,0.712,0.56,0.493,0.127,-0.262,-0.284,-0.135,0.199,0.564,0.147,-0.365,-0.414,-0.379,0.186,-0.127,-0.46,-0.342,0.19,-0.154,-0.566,-0.383,-0.023,-0.317,-0.262,0.621,-0.286,-0.253,-0.554,-0.481,-0.307,-0.104,-0.503,-0.57,0.032,0.018,0.276,-0.257,-0.425,0.071,0.068,0.545
BYND,0.534,-0.147,-0.29,0.142,0.433,-0.273,-0.302,0.137,-0.144,0.208,-0.003,-0.249,-0.09,-0.224,0.009,-0.535,-0.064,0.32,-0.249,-0.406,0.312,0.459,0.599,-0.053,-0.121,0.156,0.0,-0.174,-0.231,-0.354,-0.018,-0.236,-0.486,-0.387,0.368,0.396,-0.441,0.683,0.43,0.264,0.301,0.148,-0.204,-0.503,0.364,0.271,0.566,0.012,0.037,0.131,0.482,0.215,-0.514,0.106,-0.425,-0.33,-0.08,0.167,-0.111,0.347,0.583,0.446,-0.138,0.077,0.552,-0.249,-0.151,-0.202,-0.024,0.553,-0.342,0.701,-0.434,0.247,0.021,0.368,-0.468,-0.202,0.137,-0.42,0.508,0.426,0.415,0.288,0.186,0.273,-0.376,-0.31,-0.168,0.46,-0.382,0.362,0.001,-0.078,0.223,0.05,0.537,0.195,-0.329,-0.278,0.08,-0.369,-0.174,0.408,0.503,0.175,0.533,0.397,-0.436,-0.153,-0.105,0.082,-0.214,0.482,-0.207,-0.308,0.231,-0.099,-0.059,0.355,0.239,0.261,0.268,0.196,0.054,-0.163,-0.293,0.019,0.373,-0.079,-0.158,-0.436,0.023,0.453,0.415,-0.05,-0.526,-0.004,-0.437,0.085,0.115,0.132,0.101,0.243,0.397,0.332,-0.435,0.005,0.626,0.28,-0.138,0.483,0.016,-0.029,0.213,-0.198,-0.216,-0.456,-0.142,0.571,0.181,0.614,0.322,-0.208,-0.057,-0.536,-0.013,0.413,0.525,-0.47,-0.529,-0.462,0.102,0.404,-0.03,-0.38,-0.099,-0.316,-0.3,-0.107,0.202,-0.103,-0.198,0.357,0.111,-0.164,0.094,0.032,-0.102,-0.09,-0.077,-0.486,-0.001,0.192,0.497,0.184,-0.224,-0.258,0.109,0.467
CAN,-0.228,0.754,0.683,-0.521,-0.843,0.857,0.632,-0.859,0.889,-0.776,0.24,0.856,0.37,0.92,0.431,0.437,-0.053,-0.809,0.912,0.719,0.351,-0.815,-0.459,-0.009,0.805,-0.413,-0.174,0.0,0.441,0.903,0.93,0.946,0.406,0.261,0.288,-0.522,0.819,-0.675,-0.864,0.698,0.65,0.717,0.606,0.732,-0.896,-0.706,-0.568,0.294,0.896,-0.605,-0.873,-0.664,0.644,-0.658,0.913,0.632,0.779,0.604,0.239,0.098,-0.529,-0.624,0.742,0.823,-0.516,0.561,0.738,0.97,0.24,-0.825,0.77,-0.328,0.593,0.49,0.777,0.137,0.265,-0.282,-0.319,0.901,-0.696,-0.331,-0.849,-0.93,-0.576,0.724,0.815,0.746,-0.065,0.056,0.894,0.761,-0.328,0.173,-0.266,-0.392,-0.757,0.642,0.895,0.908,-0.818,0.694,0.793,-0.845,-0.706,-0.268,-0.697,-0.813,0.753,0.41,0.034,0.654,0.781,-0.702,0.336,0.933,0.71,0.939,-0.376,-0.163,0.558,0.432,-0.401,-0.126,0.207,-0.415,0.777,0.845,0.494,0.895,0.672,0.861,-0.53,-0.547,-0.607,0.772,0.479,0.461,0.567,0.79,0.681,-0.261,0.502,0.708,-0.769,-0.676,0.621,0.849,-0.7,-0.026,0.792,-0.674,0.879,0.787,-0.891,0.915,0.906,0.852,0.928,-0.473,-0.207,-0.103,-0.581,0.866,0.724,0.534,-0.654,-0.425,0.081,0.835,0.407,0.812,0.34,0.183,0.883,0.846,-0.363,0.669,0.559,0.953,-0.631,0.875,0.823,-0.674,0.794,0.666,0.53,0.787,0.814,0.735,0.757,0.617,-0.673,0.586,-0.07,-0.433,0.461,-0.338,-0.548,-0.057
CCEC,-0.117,0.724,0.292,0.145,-0.404,0.411,0.685,-0.217,0.192,-0.149,0.766,0.781,0.419,0.379,0.465,0.805,0.346,-0.361,0.583,0.601,-0.147,-0.444,-0.624,0.418,0.706,-0.592,-0.231,0.441,0.0,0.62,0.374,0.565,0.63,0.525,0.057,-0.639,0.689,-0.449,-0.345,0.077,0.15,-0.063,0.404,0.682,-0.364,-0.178,-0.688,0.522,0.285,0.249,-0.457,0.156,0.661,0.248,0.518,0.2,0.497,0.484,0.723,0.405,-0.695,-0.359,0.612,0.631,-0.366,0.879,0.599,0.492,0.659,-0.338,0.59,-0.363,0.757,-0.191,0.171,0.261,0.49,0.376,0.308,0.44,-0.612,-0.12,-0.455,-0.357,0.243,0.081,0.551,0.771,0.53,0.102,0.53,0.249,0.353,0.629,0.439,0.235,-0.405,0.37,0.342,0.605,-0.025,0.354,0.723,-0.294,-0.069,-0.576,-0.539,-0.392,0.706,0.816,0.188,0.282,0.577,-0.229,0.499,0.584,0.12,0.394,0.35,0.397,0.23,-0.193,0.369,0.313,0.505,0.323,0.468,0.613,0.33,0.546,0.408,0.539,0.021,-0.129,-0.057,-0.053,0.546,0.706,0.697,0.085,-0.053,0.381,0.686,0.512,-0.405,-0.433,0.86,0.097,-0.585,0.368,0.623,-0.612,0.311,0.679,-0.178,0.411,0.505,0.411,0.362,-0.602,-0.598,-0.367,-0.009,0.224,0.439,0.583,-0.061,-0.642,-0.156,0.447,0.608,0.615,0.442,0.145,0.403,0.457,0.088,0.399,0.922,0.382,0.19,0.269,0.174,-0.653,0.486,0.486,0.733,0.416,0.534,0.181,0.68,0.716,0.044,0.195,-0.455,0.315,0.824,0.182,0.123,-0.478
CDW,-0.333,0.845,0.614,-0.417,-0.852,0.814,0.716,-0.806,0.798,-0.692,0.334,0.921,0.393,0.869,0.477,0.63,-0.027,-0.815,0.912,0.81,0.165,-0.809,-0.659,0.167,0.848,-0.531,-0.354,0.903,0.62,0.0,0.848,0.95,0.556,0.367,0.119,-0.622,0.916,-0.784,-0.803,0.564,0.535,0.528,0.595,0.809,-0.878,-0.691,-0.713,0.461,0.803,-0.414,-0.903,-0.546,0.734,-0.477,0.944,0.563,0.753,0.584,0.452,0.152,-0.714,-0.598,0.737,0.79,-0.626,0.714,0.834,0.929,0.336,-0.851,0.861,-0.464,0.709,0.255,0.653,0.118,0.443,-0.165,-0.289,0.895,-0.843,-0.283,-0.823,-0.91,-0.45,0.541,0.86,0.82,0.101,-0.014,0.889,0.59,-0.157,0.386,-0.215,-0.201,-0.829,0.599,0.875,0.915,-0.703,0.731,0.893,-0.855,-0.69,-0.422,-0.794,-0.808,0.88,0.597,0.042,0.614,0.795,-0.663,0.457,0.935,0.598,0.891,-0.12,-0.062,0.46,0.236,-0.271,-0.065,0.306,-0.279,0.799,0.858,0.406,0.878,0.673,0.893,-0.478,-0.467,-0.621,0.626,0.608,0.524,0.663,0.65,0.493,-0.149,0.537,0.674,-0.788,-0.755,0.772,0.711,-0.834,0.071,0.857,-0.786,0.748,0.832,-0.804,0.871,0.889,0.851,0.89,-0.639,-0.374,-0.32,-0.571,0.827,0.767,0.615,-0.515,-0.5,-0.026,0.858,0.589,0.867,0.269,0.14,0.866,0.847,-0.216,0.689,0.75,0.889,-0.488,0.821,0.788,-0.811,0.723,0.666,0.626,0.769,0.814,0.661,0.802,0.767,-0.546,0.466,-0.21,-0.249,0.577,-0.116,-0.346,-0.286
