,ABEO,ACHC,AGNCN,AKAM,AKRO,ALRM,AMAT,AMED,AMRN,ANGI,APA,APOG,APPS,ARCB,ARCC,ARVN,ATEC,ATXS,AVAV,AXON,BANF,BATRK,BIDU,BLNE,BLNK,BTAI,BYND,CAN,CCEC,CDW,CDXS,CELH,CGNX,CHKP,CHRS,CHRW,CIGI,CKPT,CMPR,COGT,CRNC,CRSP,CSTL,CTSH,CVGW,DGLY,DNLI,DOCU,DVAX,EBAY,EHTH,ERII,ESLT,EXPE,EXPO,FBIOP,FFBC,FFIN,FOXF,FWRD,GDS,GERN,GPRE,GRWG,GRYP,HEES,HELE,HIVE,HON,HRTX,HSTM,HURA,IART,IBKR,IBOC,IBRX,IDXX,INGN,INM,INVA,IQ,IRBT,KDP,KPTI,KTOS,KXIN,LAMR,LFUS,LGIH,LGMK,LKFN,LNW,LOPE,LPSN,LYFT,MGNX,MLCO,MNST,MODV,MSTR,MTCH,MYGN,MYRG,NCMI,NEXT,NFLX,NIU,NKTR,NRC,NTNX,NTRA,NVEE,NVMI,NWL,NWS,NXPI,OCGN,OCSL,OKTA,OLLI,OTLK,OXLC,PAA,PARA,PARAA,PDCO,PDFS,PFG,PGEN,PNFP,PODD,POWI,PSMT,PTC,PTEN,PVLA,RDNT,RDUS,RDWR,REGN,RNAC,ROCK,ROST,RRR,RSLS,RVMD,RYAAY,SAFT,SAGE,SAVA,SBGI,SFM,SFNC,SHYF,SIBN,SIFY,SIGI,SIMO,SITM,SLM,SNBR,SNDX,SNY,SPNS,SRRK,STRA,SUPN,SYRE,TCBK,TEAM,TECH,THRM,TLRY,TRMK,TROW,TSLA,TWST,TXN,UFPI,UNIT,UPWK,USLM,UTHR,VERB,VLY,VRNA,VRRM,VXRT,WAFD,WATT,WBA,WING,WIX,WTFC,WTW,XPEL,XRX,YMAB,ZG,ZLAB
ABEO,0.0,0.688,0.34,-0.372,0.05,0.55,0.615,0.644,0.682,-0.201,0.573,0.708,-0.063,0.724,0.473,0.525,0.121,0.872,0.692,0.17,0.771,0.623,0.539,0.05,0.604,0.407,-0.575,0.495,0.697,-0.021,0.558,0.715,0.75,0.352,-0.044,0.608,-0.511,0.594,0.369,0.224,0.453,0.706,0.685,0.022,0.073,0.525,-0.481,0.273,0.079,0.504,-0.125,0.802,0.585,0.704,0.714,0.631,0.73,0.74,0.757,0.567,0.65,-0.083,0.753,0.76,0.677,0.778,-0.271,0.479,-0.275,0.125,0.773,0.434,0.508,0.765,0.816,0.333,0.49,0.745,0.648,0.556,0.029,0.426,0.438,0.431,0.315,0.1,0.331,0.766,-0.53,0.328,0.743,0.766,-0.247,0.285,-0.137,-0.581,-0.164,0.544,0.721,0.706,0.016,0.722,0.71,0.179,-0.373,-0.762,0.6,0.26,-0.299,-0.372,0.581,0.782,0.674,0.777,0.596,0.741,0.636,0.662,-0.313,0.736,-0.218,0.507,0.729,0.733,0.744,0.148,0.038,0.698,0.009,0.78,0.553,0.772,0.672,0.677,0.7,0.087,0.601,0.732,0.578,0.044,0.55,0.752,0.384,0.743,-0.197,-0.371,-0.146,0.17,0.582,0.394,0.669,-0.194,0.749,0.751,-0.014,0.618,0.486,0.466,0.609,0.699,0.55,-0.371,0.274,0.671,0.029,-0.392,0.768,-0.476,0.702,-0.364,0.68,0.731,0.785,0.725,0.567,0.679,0.531,0.629,0.51,0.645,0.033,0.737,0.778,0.372,0.705,-0.293,-0.574,-0.251,0.741,0.822,0.651,0.347,-0.159,0.729,-0.448,0.538,0.507,-0.187,0.625,0.682
ACHC,0.688,0.0,0.492,-0.605,-0.094,0.685,0.707,0.794,0.674,-0.26,0.602,0.742,-0.063,0.844,0.827,0.625,0.253,0.805,0.685,-0.201,0.851,0.725,0.794,0.105,0.55,0.34,-0.812,0.84,0.739,0.043,0.574,0.912,0.843,0.223,0.07,0.637,-0.645,0.379,0.436,0.136,0.497,0.645,0.637,0.147,0.08,0.459,-0.66,0.032,-0.335,0.612,-0.561,0.894,0.649,0.925,0.86,0.737,0.853,0.9,0.854,0.839,0.86,-0.217,0.806,0.819,0.674,0.83,-0.291,0.693,-0.172,0.146,0.931,0.058,0.567,0.913,0.869,0.147,0.585,0.851,0.826,0.809,-0.031,0.247,0.587,0.512,0.481,0.146,0.569,0.85,-0.614,0.629,0.897,0.828,-0.592,0.206,-0.245,-0.794,-0.094,0.789,0.859,0.928,-0.001,0.876,0.787,0.08,-0.559,-0.525,0.645,0.15,-0.456,-0.56,0.341,0.893,0.68,0.863,0.709,0.872,0.694,0.832,-0.534,0.839,-0.556,0.507,0.616,0.884,0.886,-0.16,-0.06,0.84,0.107,0.852,0.599,0.877,0.865,0.762,0.767,-0.061,0.792,0.92,0.639,-0.139,0.29,0.913,0.653,0.565,-0.44,-0.614,0.015,0.234,0.661,0.356,0.751,-0.263,0.879,0.834,0.018,0.643,0.621,0.76,0.749,0.781,0.437,-0.582,0.562,0.725,-0.158,-0.71,0.766,-0.651,0.877,-0.506,0.803,0.758,0.841,0.822,0.714,0.909,0.278,0.78,0.587,0.801,-0.15,0.828,0.927,0.198,0.805,-0.622,-0.689,-0.493,0.868,0.675,0.709,0.36,-0.421,0.752,-0.534,0.677,0.622,-0.466,0.466,0.778
AGNCN,0.34,0.492,0.0,0.124,-0.358,0.859,-0.002,0.69,0.1,0.549,-0.236,0.45,0.504,0.281,0.409,0.81,0.759,0.409,0.618,-0.051,0.33,0.235,0.638,-0.547,0.771,0.325,-0.596,0.438,0.021,-0.248,0.766,0.572,0.522,0.792,-0.381,0.484,-0.22,0.373,-0.376,0.165,0.575,0.405,0.51,0.454,-0.456,-0.232,-0.059,-0.161,-0.162,-0.075,-0.28,0.522,0.848,0.5,0.494,0.243,0.193,0.314,0.5,0.37,0.275,-0.738,0.206,0.51,0.088,0.323,0.243,0.479,-0.339,0.8,0.497,-0.252,0.875,0.529,0.494,0.494,0.808,0.55,0.348,0.609,-0.534,0.56,0.897,0.104,0.839,-0.29,0.443,0.408,-0.25,0.726,0.31,0.37,0.041,0.456,0.192,-0.362,0.311,0.584,0.344,0.524,0.092,0.306,0.271,0.378,-0.861,-0.033,0.094,-0.018,-0.854,0.065,0.255,0.544,0.188,0.484,0.299,0.244,0.748,0.425,-0.057,0.372,-0.044,-0.283,0.009,0.446,0.438,-0.354,-0.509,0.333,0.606,0.547,0.819,0.465,0.228,0.484,-0.028,-0.62,0.346,0.288,0.837,-0.334,0.131,0.279,0.859,0.443,-0.05,-0.551,0.478,-0.479,0.823,-0.472,0.757,0.282,0.266,0.427,0.433,0.265,-0.024,0.283,0.163,0.148,-0.144,-0.676,0.721,0.824,0.207,-0.168,0.711,-0.785,0.235,-0.37,0.478,0.282,0.227,0.162,0.153,0.431,0.306,0.253,0.141,0.719,-0.231,0.157,0.395,0.423,0.088,-0.817,-0.145,-0.868,0.235,0.404,-0.005,0.139,-0.447,0.1,-0.116,0.39,0.158,-0.541,0.106,0.726
AKAM,-0.372,-0.605,0.124,0.0,-0.404,-0.012,-0.842,-0.193,-0.718,0.666,-0.807,-0.325,0.646,-0.624,-0.694,-0.056,0.456,-0.466,-0.147,0.221,-0.723,-0.61,-0.446,-0.631,0.056,0.239,0.601,-0.559,-0.809,-0.197,0.035,-0.577,-0.412,0.276,-0.521,-0.273,0.585,0.05,-0.736,0.412,0.219,-0.287,-0.183,0.334,-0.479,-0.484,0.671,0.145,0.371,-0.53,0.612,-0.491,-0.092,-0.674,-0.59,-0.53,-0.796,-0.728,-0.509,-0.463,-0.661,-0.214,-0.736,-0.416,-0.611,-0.583,0.638,-0.13,-0.167,0.434,-0.589,-0.273,0.14,-0.488,-0.497,0.315,0.06,-0.566,-0.59,-0.239,-0.628,0.331,0.043,-0.152,0.119,-0.052,-0.042,-0.611,0.707,0.051,-0.756,-0.521,0.804,0.413,0.492,0.708,0.536,-0.51,-0.614,-0.618,0.32,-0.753,-0.513,0.1,-0.115,0.582,-0.641,0.111,-0.031,0.838,0.022,-0.513,-0.655,-0.573,-0.659,-0.76,-0.178,-0.649,0.765,-0.582,0.762,-0.86,-0.551,-0.686,-0.668,0.117,-0.185,-0.715,0.401,-0.476,-0.08,-0.604,-0.692,-0.389,-0.799,-0.18,-0.723,-0.705,-0.115,-0.023,-0.14,-0.718,-0.079,-0.197,0.489,0.353,0.176,-0.445,-0.017,-0.529,-0.366,0.725,-0.749,-0.556,0.611,-0.634,-0.583,-0.709,-0.628,-0.677,-0.602,0.254,0.002,-0.21,0.349,0.648,-0.315,0.281,-0.723,0.557,-0.366,-0.454,-0.671,-0.75,-0.713,-0.672,0.071,-0.664,-0.363,-0.226,0.19,-0.76,-0.658,0.41,-0.766,0.189,0.689,0.03,-0.735,-0.438,-0.804,0.038,0.327,-0.686,0.573,-0.397,-0.689,0.35,-0.218,-0.221
AKRO,0.05,-0.094,-0.358,-0.404,0.0,-0.374,0.497,-0.162,0.514,-0.488,0.361,0.065,-0.434,0.113,0.132,-0.388,-0.685,0.065,-0.074,0.295,0.169,0.059,0.014,0.493,-0.229,-0.264,0.013,-0.259,0.414,0.637,-0.165,-0.021,-0.003,-0.174,0.741,0.123,0.047,0.0,0.331,-0.311,-0.537,0.135,-0.017,-0.125,0.211,0.109,0.121,0.256,0.233,0.269,0.042,-0.048,-0.271,0.007,0.158,0.183,0.23,0.127,0.063,-0.118,0.214,0.551,0.312,0.012,0.475,0.134,-0.558,-0.34,0.169,-0.554,0.004,0.479,-0.339,-0.009,0.013,-0.206,-0.17,0.034,0.192,-0.287,0.636,-0.134,-0.28,-0.386,-0.484,0.15,-0.384,0.182,-0.409,-0.509,0.169,0.156,-0.12,-0.317,-0.216,-0.093,-0.489,0.177,0.067,-0.057,-0.05,0.193,0.087,0.208,0.531,-0.345,0.46,0.237,0.49,-0.238,0.176,0.02,0.532,0.051,-0.003,0.237,-0.297,-0.01,-0.112,0.168,-0.077,0.53,0.372,0.152,0.154,0.406,0.264,0.235,-0.599,0.008,-0.112,0.182,0.203,0.197,0.214,0.391,0.181,-0.029,-0.219,0.651,0.343,0.099,-0.268,-0.124,0.075,0.255,-0.159,0.256,-0.286,0.424,-0.17,-0.709,0.209,0.111,-0.481,0.374,0.309,-0.013,0.325,0.277,0.553,0.381,-0.396,-0.175,-0.017,-0.029,-0.074,0.253,0.177,0.026,-0.062,0.145,0.166,0.281,0.447,0.115,0.181,0.389,0.146,-0.309,0.194,0.337,0.086,-0.349,0.308,0.304,-0.046,0.33,0.175,0.282,0.453,-0.003,0.325,0.227,-0.071,0.166,0.305,0.245,0.348,-0.066
ALRM,0.55,0.685,0.859,-0.012,-0.374,0.0,0.231,0.895,0.305,0.385,-0.009,0.709,0.528,0.531,0.499,0.872,0.761,0.636,0.854,0.014,0.481,0.383,0.784,-0.474,0.892,0.597,-0.696,0.622,0.273,-0.193,0.885,0.76,0.773,0.766,-0.441,0.679,-0.452,0.575,-0.203,0.355,0.774,0.67,0.786,0.395,-0.533,0.041,-0.184,0.109,-0.14,0.243,-0.343,0.758,0.84,0.652,0.67,0.585,0.408,0.52,0.746,0.613,0.548,-0.677,0.438,0.782,0.375,0.539,0.089,0.76,-0.518,0.716,0.722,-0.145,0.931,0.771,0.715,0.629,0.929,0.707,0.563,0.791,-0.556,0.718,0.845,0.419,0.873,0.003,0.589,0.63,-0.356,0.843,0.508,0.579,-0.077,0.649,0.142,-0.501,0.136,0.654,0.612,0.732,0.262,0.546,0.475,0.193,-0.951,-0.225,0.39,0.239,-0.79,0.007,0.489,0.765,0.4,0.72,0.374,0.496,0.826,0.565,-0.057,0.62,-0.1,-0.069,0.276,0.611,0.619,-0.22,-0.51,0.504,0.609,0.748,0.841,0.7,0.477,0.732,0.211,-0.447,0.416,0.531,0.904,-0.203,0.288,0.554,0.871,0.526,-0.181,-0.651,0.141,-0.329,0.967,-0.21,0.74,0.172,0.509,0.621,0.443,0.45,0.166,0.42,0.464,0.46,0.069,-0.664,0.746,0.897,0.153,-0.434,0.839,-0.761,0.483,-0.317,0.757,0.591,0.503,0.384,0.324,0.641,0.506,0.492,0.298,0.817,-0.032,0.412,0.636,0.597,0.321,-0.747,-0.402,-0.797,0.455,0.603,0.259,0.395,-0.353,0.334,-0.331,0.653,0.212,-0.486,0.403,0.912
AMAT,0.615,0.707,-0.002,-0.842,0.497,0.231,0.0,0.468,0.934,-0.617,0.875,0.645,-0.436,0.819,0.768,0.149,-0.364,0.712,0.481,0.035,0.825,0.69,0.583,0.571,0.237,0.074,-0.632,0.527,0.959,0.421,0.235,0.709,0.684,-0.058,0.518,0.591,-0.585,0.308,0.707,-0.131,0.008,0.631,0.497,-0.157,0.279,0.565,-0.524,0.229,-0.128,0.727,-0.461,0.683,0.257,0.76,0.779,0.763,0.9,0.847,0.765,0.641,0.862,0.25,0.92,0.675,0.897,0.774,-0.677,0.353,-0.045,-0.363,0.771,0.49,0.128,0.726,0.724,-0.075,0.245,0.722,0.777,0.392,0.486,0.065,0.151,0.227,-0.0,0.291,0.18,0.85,-0.771,0.103,0.875,0.777,-0.648,-0.092,-0.352,-0.746,-0.487,0.709,0.8,0.738,-0.073,0.892,0.69,0.064,-0.017,-0.735,0.899,0.267,0.045,-0.695,0.369,0.751,0.922,0.764,0.604,0.913,0.285,0.708,-0.557,0.836,-0.568,0.875,0.831,0.838,0.836,0.173,0.153,0.873,-0.355,0.694,0.279,0.839,0.857,0.731,0.866,0.234,0.764,0.762,0.306,0.341,0.454,0.866,0.244,0.342,-0.298,-0.37,-0.188,0.432,0.271,0.663,0.442,-0.739,0.908,0.774,-0.434,0.821,0.733,0.629,0.854,0.891,0.802,-0.168,0.114,0.398,-0.199,-0.656,0.52,-0.322,0.878,-0.387,0.624,0.717,0.85,0.911,0.914,0.827,0.319,0.92,0.581,0.356,0.069,0.93,0.819,-0.116,0.909,-0.21,-0.673,-0.066,0.871,0.739,0.965,0.304,-0.104,0.853,-0.613,0.684,0.704,-0.204,0.598,0.522
AMED,0.644,0.794,0.69,-0.193,-0.162,0.895,0.468,0.0,0.552,0.108,0.233,0.812,0.349,0.762,0.628,0.745,0.514,0.795,0.907,0.107,0.641,0.52,0.767,-0.265,0.815,0.648,-0.721,0.641,0.512,0.049,0.844,0.823,0.891,0.608,-0.154,0.823,-0.562,0.533,0.037,0.376,0.698,0.817,0.822,0.346,-0.365,0.234,-0.275,0.236,-0.011,0.407,-0.373,0.86,0.728,0.755,0.801,0.772,0.619,0.694,0.859,0.767,0.739,-0.388,0.655,0.856,0.627,0.718,-0.142,0.731,-0.421,0.462,0.846,0.046,0.834,0.886,0.843,0.547,0.893,0.784,0.779,0.8,-0.319,0.665,0.771,0.548,0.699,0.25,0.535,0.786,-0.469,0.72,0.697,0.754,-0.219,0.634,-0.096,-0.63,0.011,0.731,0.787,0.818,0.201,0.727,0.632,0.202,-0.792,-0.425,0.6,0.384,-0.592,-0.12,0.65,0.853,0.607,0.831,0.449,0.685,0.765,0.645,-0.149,0.782,-0.146,0.192,0.515,0.734,0.756,-0.069,-0.36,0.693,0.452,0.841,0.784,0.82,0.653,0.871,0.417,-0.267,0.537,0.688,0.809,0.011,0.472,0.741,0.805,0.55,-0.209,-0.587,0.039,-0.121,0.907,0.122,0.724,-0.077,0.704,0.737,0.241,0.572,0.4,0.429,0.638,0.666,0.278,-0.508,0.616,0.85,0.069,-0.553,0.851,-0.699,0.695,-0.322,0.897,0.762,0.658,0.605,0.525,0.796,0.623,0.696,0.49,0.763,0.047,0.63,0.801,0.573,0.557,-0.624,-0.526,-0.621,0.669,0.733,0.524,0.529,-0.26,0.561,-0.485,0.739,0.334,-0.337,0.578,0.926
AMRN,0.682,0.674,0.1,-0.718,0.514,0.305,0.934,0.552,0.0,-0.543,0.791,0.669,-0.325,0.838,0.714,0.23,-0.296,0.773,0.585,0.221,0.793,0.637,0.599,0.467,0.331,0.214,-0.607,0.441,0.919,0.441,0.367,0.696,0.715,0.087,0.501,0.66,-0.543,0.378,0.596,-0.039,0.101,0.734,0.56,-0.101,0.18,0.453,-0.415,0.309,0.075,0.652,-0.391,0.711,0.288,0.723,0.788,0.767,0.853,0.822,0.783,0.61,0.843,0.238,0.921,0.684,0.904,0.786,-0.611,0.326,-0.082,-0.266,0.761,0.535,0.228,0.737,0.751,0.086,0.349,0.729,0.823,0.386,0.443,0.214,0.217,0.255,0.082,0.351,0.138,0.862,-0.751,0.112,0.843,0.808,-0.51,0.066,-0.325,-0.71,-0.428,0.711,0.815,0.717,-0.049,0.861,0.669,0.187,-0.076,-0.783,0.894,0.391,-0.008,-0.541,0.52,0.768,0.914,0.767,0.548,0.892,0.337,0.678,-0.454,0.829,-0.425,0.796,0.855,0.801,0.811,0.228,0.121,0.857,-0.283,0.707,0.405,0.843,0.811,0.78,0.808,0.215,0.704,0.714,0.375,0.391,0.542,0.83,0.288,0.428,-0.221,-0.315,-0.149,0.326,0.361,0.625,0.481,-0.712,0.877,0.77,-0.391,0.775,0.684,0.541,0.815,0.857,0.791,-0.13,0.084,0.471,-0.121,-0.565,0.584,-0.344,0.834,-0.355,0.668,0.75,0.816,0.867,0.856,0.82,0.468,0.898,0.607,0.363,0.114,0.902,0.802,0.036,0.863,-0.2,-0.634,-0.077,0.832,0.816,0.925,0.355,-0.06,0.821,-0.613,0.698,0.673,-0.134,0.68,0.593
ANGI,-0.201,-0.26,0.549,0.666,-0.488,0.385,-0.617,0.108,-0.543,0.0,-0.749,-0.115,0.713,-0.401,-0.335,0.392,0.733,-0.225,0.125,0.127,-0.374,-0.364,-0.021,-0.722,0.427,0.209,0.076,-0.136,-0.603,-0.357,0.331,-0.153,-0.135,0.641,-0.619,-0.01,0.243,0.165,-0.715,0.242,0.328,-0.1,0.031,0.345,-0.604,-0.515,0.397,-0.142,0.09,-0.575,0.179,-0.149,0.405,-0.263,-0.216,-0.306,-0.516,-0.394,-0.138,-0.194,-0.424,-0.666,-0.505,-0.102,-0.516,-0.332,0.535,0.027,-0.26,0.772,-0.224,-0.346,0.464,-0.188,-0.163,0.448,0.356,-0.108,-0.406,0.033,-0.62,0.424,0.436,-0.164,0.601,-0.377,0.102,-0.24,0.371,0.345,-0.431,-0.315,0.542,0.403,0.419,0.293,0.351,-0.134,-0.347,-0.195,0.122,-0.415,-0.321,0.236,-0.499,0.415,-0.429,-0.108,-0.509,0.625,0.017,-0.156,-0.423,-0.152,-0.284,-0.473,0.258,-0.243,0.452,-0.284,0.415,-0.781,-0.512,-0.279,-0.282,-0.313,-0.49,-0.367,0.736,-0.098,0.325,-0.24,-0.501,-0.123,-0.669,-0.615,-0.31,-0.444,0.375,-0.236,-0.087,-0.444,0.37,0.075,0.237,-0.174,0.367,-0.682,0.379,-0.81,0.147,0.674,-0.454,-0.235,0.543,-0.259,-0.536,-0.298,-0.394,-0.446,-0.58,-0.224,0.382,0.276,0.411,0.375,0.117,-0.221,-0.466,0.06,-0.064,-0.31,-0.463,-0.503,-0.478,-0.297,0.077,-0.399,-0.259,0.141,-0.017,-0.533,-0.348,0.354,-0.586,-0.285,0.407,-0.5,-0.481,-0.174,-0.6,-0.1,-0.184,-0.503,0.276,-0.133,-0.435,-0.18,-0.3,0.104
APA,0.573,0.602,-0.236,-0.807,0.361,-0.009,0.875,0.233,0.791,-0.749,0.0,0.46,-0.589,0.735,0.643,-0.01,-0.477,0.591,0.266,-0.056,0.76,0.667,0.338,0.717,-0.007,-0.045,-0.413,0.447,0.876,0.331,-0.039,0.525,0.486,-0.356,0.458,0.362,-0.486,0.206,0.88,-0.119,-0.041,0.395,0.259,-0.297,0.571,0.677,-0.631,0.177,-0.152,0.721,-0.318,0.538,0.086,0.625,0.58,0.563,0.829,0.765,0.56,0.59,0.711,0.405,0.8,0.469,0.73,0.7,-0.57,0.239,0.148,-0.548,0.615,0.509,-0.096,0.56,0.591,-0.282,-0.066,0.554,0.589,0.242,0.525,-0.17,-0.086,0.257,-0.188,0.295,0.198,0.687,-0.573,-0.054,0.783,0.672,-0.641,-0.268,-0.302,-0.604,-0.338,0.468,0.674,0.575,-0.136,0.741,0.688,0.019,0.205,-0.702,0.71,0.139,0.237,-0.742,0.171,0.576,0.697,0.587,0.587,0.794,0.115,0.598,-0.59,0.669,-0.569,0.888,0.823,0.689,0.689,0.243,0.378,0.75,-0.533,0.532,0.027,0.624,0.773,0.454,0.947,0.407,0.684,0.728,0.058,0.21,0.32,0.774,0.014,0.353,-0.284,-0.212,-0.177,0.645,0.014,0.791,0.304,-0.577,0.8,0.661,-0.46,0.592,0.74,0.576,0.694,0.772,0.747,-0.051,-0.011,0.153,-0.246,-0.517,0.306,-0.113,0.796,-0.312,0.432,0.578,0.793,0.848,0.798,0.644,0.111,0.703,0.549,0.261,0.057,0.809,0.678,-0.198,0.874,-0.012,-0.578,0.184,0.811,0.538,0.856,0.228,-0.066,0.837,-0.52,0.431,0.67,-0.076,0.442,0.263
APOG,0.708,0.742,0.45,-0.325,0.065,0.709,0.645,0.812,0.669,-0.115,0.46,0.0,0.218,0.748,0.633,0.5,0.303,0.761,0.871,0.242,0.71,0.471,0.669,0.005,0.762,0.562,-0.605,0.461,0.646,0.306,0.664,0.725,0.906,0.418,-0.02,0.816,-0.393,0.734,0.344,0.35,0.564,0.814,0.827,0.309,-0.186,0.485,-0.196,0.498,0.08,0.694,-0.171,0.768,0.542,0.713,0.823,0.799,0.722,0.772,0.913,0.802,0.758,-0.223,0.75,0.926,0.817,0.833,-0.233,0.755,-0.377,0.144,0.821,0.268,0.701,0.889,0.884,0.394,0.68,0.735,0.689,0.726,-0.232,0.676,0.547,0.337,0.456,0.361,0.652,0.848,-0.448,0.599,0.739,0.843,-0.159,0.481,0.104,-0.525,-0.028,0.706,0.774,0.736,0.313,0.732,0.751,0.177,-0.535,-0.559,0.748,0.593,-0.243,-0.213,0.706,0.886,0.754,0.777,0.446,0.734,0.483,0.559,-0.077,0.902,-0.096,0.353,0.745,0.794,0.825,0.337,-0.085,0.755,0.064,0.917,0.588,0.857,0.785,0.897,0.575,0.032,0.6,0.689,0.626,0.216,0.568,0.794,0.656,0.536,-0.098,-0.402,-0.004,0.224,0.762,0.418,0.566,-0.204,0.798,0.867,0.206,0.694,0.702,0.397,0.779,0.839,0.656,-0.223,0.362,0.678,0.13,-0.48,0.717,-0.528,0.81,-0.154,0.875,0.878,0.826,0.785,0.723,0.75,0.7,0.797,0.697,0.609,0.382,0.776,0.805,0.477,0.738,-0.365,-0.429,-0.353,0.776,0.797,0.668,0.751,-0.003,0.746,-0.43,0.859,0.448,-0.1,0.761,0.855
APPS,-0.063,-0.063,0.504,0.646,-0.434,0.528,-0.436,0.349,-0.325,0.713,-0.589,0.218,0.0,-0.193,-0.248,0.349,0.8,0.002,0.382,0.342,-0.353,-0.366,0.131,-0.753,0.576,0.655,0.182,-0.086,-0.429,-0.103,0.513,-0.012,0.11,0.556,-0.524,0.202,0.201,0.466,-0.604,0.598,0.658,0.208,0.335,0.545,-0.748,-0.349,0.578,0.396,0.344,-0.197,0.348,0.019,0.284,-0.226,-0.11,0.034,-0.407,-0.273,0.073,0.049,-0.137,-0.447,-0.338,0.209,-0.19,-0.108,0.451,0.38,-0.389,0.612,-0.104,-0.359,0.557,0.013,-0.009,0.664,0.549,-0.076,-0.186,0.224,-0.827,0.695,0.373,0.144,0.535,0.154,0.328,-0.075,0.443,0.563,-0.334,-0.029,0.612,0.79,0.595,0.365,0.337,-0.072,-0.125,-0.099,0.62,-0.252,-0.106,-0.011,-0.589,0.387,-0.121,0.336,-0.33,0.791,0.389,0.024,-0.222,-0.046,-0.447,-0.299,0.152,-0.248,0.736,-0.086,0.626,-0.722,-0.225,-0.224,-0.187,0.043,-0.382,-0.279,0.626,0.046,0.324,-0.066,-0.243,0.211,-0.498,-0.277,-0.363,-0.278,0.342,0.02,0.12,-0.25,0.381,0.071,0.133,-0.035,0.064,-0.493,0.538,-0.421,-0.03,0.508,-0.301,-0.006,0.804,-0.201,-0.261,-0.299,-0.065,-0.124,-0.304,-0.027,0.324,0.283,0.608,0.233,0.14,-0.119,-0.276,0.47,0.237,0.089,-0.209,-0.341,-0.3,-0.152,0.461,-0.142,-0.063,0.176,0.421,-0.339,-0.191,0.752,-0.402,-0.107,0.34,-0.278,-0.336,-0.008,-0.437,0.372,0.264,-0.304,0.284,0.218,-0.492,0.173,0.212,0.365
ARCB,0.724,0.844,0.281,-0.624,0.113,0.531,0.819,0.762,0.838,-0.401,0.735,0.748,-0.193,0.0,0.798,0.485,-0.013,0.829,0.729,0.061,0.886,0.812,0.637,0.262,0.49,0.363,-0.74,0.671,0.827,0.197,0.533,0.83,0.86,0.191,0.24,0.804,-0.657,0.392,0.554,0.085,0.393,0.799,0.687,0.009,0.112,0.545,-0.554,0.159,-0.069,0.583,-0.47,0.883,0.461,0.873,0.887,0.808,0.917,0.92,0.863,0.831,0.87,0.003,0.927,0.787,0.813,0.898,-0.387,0.553,-0.07,-0.002,0.914,0.381,0.455,0.892,0.901,0.215,0.515,0.865,0.896,0.591,0.208,0.278,0.452,0.544,0.302,0.339,0.378,0.892,-0.634,0.363,0.93,0.888,-0.558,0.258,-0.371,-0.795,-0.194,0.738,0.939,0.885,-0.034,0.932,0.826,0.184,-0.353,-0.753,0.766,0.265,-0.257,-0.543,0.541,0.881,0.767,0.904,0.718,0.934,0.581,0.775,-0.499,0.879,-0.411,0.689,0.818,0.881,0.894,0.062,-0.033,0.932,0.031,0.839,0.54,0.873,0.835,0.791,0.825,0.013,0.787,0.895,0.548,0.059,0.545,0.943,0.532,0.595,-0.304,-0.471,-0.038,0.245,0.569,0.542,0.67,-0.451,0.934,0.864,-0.223,0.672,0.679,0.582,0.749,0.849,0.597,-0.36,0.346,0.643,-0.146,-0.698,0.726,-0.563,0.915,-0.471,0.842,0.84,0.848,0.889,0.8,0.894,0.474,0.851,0.622,0.611,-0.033,0.881,0.902,0.204,0.871,-0.416,-0.696,-0.269,0.927,0.754,0.842,0.43,-0.286,0.885,-0.624,0.656,0.624,-0.29,0.572,0.704
ARCC,0.473,0.827,0.409,-0.694,0.132,0.499,0.768,0.628,0.714,-0.335,0.643,0.633,-0.248,0.798,0.0,0.462,0.008,0.639,0.523,-0.24,0.835,0.663,0.75,0.285,0.368,0.022,-0.805,0.733,0.754,0.241,0.389,0.805,0.72,0.125,0.28,0.597,-0.54,0.229,0.468,-0.149,0.171,0.533,0.457,0.098,0.17,0.319,-0.552,-0.105,-0.418,0.56,-0.614,0.735,0.511,0.872,0.827,0.633,0.825,0.846,0.764,0.762,0.793,-0.141,0.785,0.67,0.667,0.739,-0.408,0.507,0.009,-0.004,0.818,0.088,0.415,0.791,0.759,-0.071,0.454,0.801,0.776,0.62,0.157,0.09,0.505,0.184,0.327,0.081,0.436,0.81,-0.733,0.437,0.869,0.752,-0.626,-0.06,-0.22,-0.811,-0.11,0.868,0.765,0.846,-0.103,0.838,0.699,0.25,-0.347,-0.433,0.664,0.04,-0.348,-0.684,0.161,0.799,0.725,0.756,0.677,0.837,0.508,0.805,-0.635,0.786,-0.618,0.599,0.588,0.883,0.874,-0.145,-0.038,0.885,-0.089,0.761,0.49,0.818,0.825,0.687,0.711,-0.095,0.827,0.793,0.525,-0.039,0.202,0.821,0.627,0.364,-0.308,-0.565,0.225,0.273,0.472,0.319,0.696,-0.447,0.851,0.793,-0.212,0.695,0.653,0.736,0.728,0.743,0.503,-0.481,0.47,0.595,-0.267,-0.653,0.611,-0.617,0.842,-0.543,0.633,0.611,0.765,0.826,0.849,0.861,0.167,0.82,0.52,0.569,-0.205,0.778,0.835,-0.086,0.809,-0.633,-0.576,-0.46,0.836,0.595,0.741,0.203,-0.415,0.745,-0.494,0.649,0.739,-0.497,0.318,0.636
ARVN,0.525,0.625,0.81,-0.056,-0.388,0.872,0.149,0.745,0.23,0.392,-0.01,0.5,0.349,0.485,0.462,0.0,0.684,0.533,0.699,-0.071,0.52,0.401,0.664,-0.488,0.778,0.392,-0.713,0.628,0.211,-0.371,0.816,0.685,0.635,0.741,-0.41,0.538,-0.362,0.393,-0.167,0.106,0.67,0.529,0.608,0.316,-0.395,0.013,-0.324,-0.157,-0.267,0.061,-0.323,0.715,0.833,0.646,0.621,0.4,0.388,0.496,0.583,0.476,0.388,-0.729,0.389,0.609,0.2,0.519,0.25,0.556,-0.268,0.767,0.652,-0.18,0.841,0.667,0.659,0.523,0.787,0.717,0.461,0.689,-0.392,0.523,0.805,0.332,0.814,-0.257,0.452,0.536,-0.326,0.676,0.489,0.508,-0.11,0.45,0.029,-0.516,0.159,0.553,0.518,0.698,0.076,0.472,0.489,0.313,-0.838,-0.24,0.202,-0.006,-0.854,-0.099,0.334,0.677,0.272,0.66,0.562,0.461,0.872,0.599,-0.216,0.477,-0.197,-0.046,0.212,0.564,0.561,-0.364,-0.383,0.473,0.575,0.661,0.814,0.595,0.371,0.525,0.223,-0.426,0.498,0.543,0.878,-0.428,0.206,0.478,0.799,0.64,-0.237,-0.561,0.238,-0.378,0.836,-0.323,0.811,0.232,0.44,0.556,0.312,0.327,0.083,0.501,0.29,0.308,0.001,-0.736,0.708,0.885,0.075,-0.339,0.799,-0.747,0.397,-0.504,0.619,0.469,0.408,0.324,0.231,0.539,0.312,0.354,0.253,0.816,-0.29,0.333,0.585,0.383,0.284,-0.756,-0.361,-0.805,0.402,0.473,0.164,0.091,-0.567,0.3,-0.214,0.403,0.338,-0.57,0.208,0.734
ATEC,0.121,0.253,0.759,0.456,-0.685,0.761,-0.364,0.514,-0.296,0.733,-0.477,0.303,0.8,-0.013,0.008,0.684,0.0,0.151,0.488,-0.022,-0.047,-0.066,0.368,-0.72,0.693,0.507,-0.212,0.276,-0.311,-0.359,0.62,0.269,0.29,0.656,-0.702,0.235,-0.048,0.383,-0.498,0.5,0.741,0.19,0.386,0.52,-0.604,-0.206,0.138,0.02,-0.074,-0.143,-0.009,0.277,0.632,0.142,0.128,0.095,-0.159,-0.007,0.246,0.274,0.027,-0.753,-0.176,0.336,-0.193,0.06,0.505,0.541,-0.419,0.828,0.199,-0.428,0.757,0.273,0.223,0.558,0.669,0.194,-0.017,0.517,-0.842,0.595,0.652,0.256,0.805,-0.146,0.563,0.1,0.234,0.78,-0.061,0.091,0.305,0.644,0.418,0.026,0.467,0.167,0.084,0.212,0.341,-0.031,0.068,0.109,-0.838,0.268,-0.164,0.097,-0.681,0.43,0.208,0.256,-0.194,0.196,-0.025,-0.097,0.514,0.078,0.326,0.084,0.232,-0.602,-0.227,0.067,0.08,-0.26,-0.489,-0.059,0.733,0.284,0.548,0.135,-0.034,0.242,-0.273,-0.472,-0.052,0.038,0.605,-0.361,-0.024,0.0,0.652,0.309,-0.049,-0.395,0.261,-0.474,0.71,-0.521,0.379,0.656,-0.07,0.171,0.742,-0.073,-0.201,0.047,-0.027,-0.052,-0.377,-0.472,0.656,0.544,0.349,0.037,0.413,-0.45,-0.056,0.017,0.335,0.145,-0.008,-0.159,-0.205,0.093,0.251,-0.073,0.005,0.578,0.04,-0.164,0.086,0.618,-0.228,-0.515,0.078,-0.636,-0.09,0.079,-0.337,0.269,-0.214,-0.191,0.078,0.247,-0.237,-0.273,0.028,0.521
ATXS,0.872,0.805,0.409,-0.466,0.065,0.636,0.712,0.795,0.773,-0.225,0.591,0.761,0.002,0.829,0.639,0.533,0.151,0.0,0.782,0.14,0.79,0.648,0.68,0.043,0.636,0.482,-0.659,0.589,0.773,0.065,0.603,0.818,0.835,0.339,0.053,0.7,-0.652,0.513,0.345,0.254,0.477,0.786,0.718,0.014,0.005,0.493,-0.475,0.283,0.076,0.559,-0.32,0.848,0.611,0.79,0.794,0.803,0.79,0.804,0.859,0.717,0.824,-0.076,0.821,0.859,0.78,0.808,-0.411,0.544,-0.327,0.096,0.857,0.347,0.552,0.846,0.858,0.359,0.603,0.81,0.789,0.624,0.023,0.447,0.499,0.514,0.395,0.275,0.325,0.854,-0.599,0.441,0.828,0.831,-0.395,0.352,-0.21,-0.693,-0.247,0.658,0.843,0.802,0.078,0.849,0.69,0.123,-0.475,-0.728,0.762,0.317,-0.338,-0.371,0.591,0.864,0.758,0.86,0.55,0.813,0.656,0.739,-0.331,0.835,-0.301,0.506,0.732,0.814,0.828,0.063,-0.084,0.787,0.09,0.845,0.596,0.86,0.766,0.827,0.703,0.024,0.629,0.785,0.622,0.135,0.548,0.839,0.491,0.599,-0.246,-0.501,-0.131,0.134,0.679,0.425,0.692,-0.295,0.832,0.786,-0.034,0.737,0.523,0.516,0.737,0.805,0.526,-0.389,0.386,0.7,0.043,-0.516,0.817,-0.547,0.798,-0.365,0.824,0.8,0.831,0.784,0.67,0.82,0.544,0.769,0.541,0.658,0.064,0.81,0.864,0.433,0.755,-0.404,-0.679,-0.34,0.806,0.9,0.758,0.422,-0.157,0.755,-0.622,0.732,0.472,-0.234,0.653,0.8
AVAV,0.692,0.685,0.618,-0.147,-0.074,0.854,0.481,0.907,0.585,0.125,0.266,0.871,0.382,0.729,0.523,0.699,0.488,0.782,0.0,0.337,0.609,0.483,0.684,-0.226,0.895,0.665,-0.639,0.454,0.499,0.082,0.844,0.741,0.887,0.682,-0.196,0.879,-0.492,0.693,0.094,0.382,0.714,0.886,0.902,0.262,-0.433,0.319,-0.141,0.409,0.176,0.419,-0.223,0.802,0.68,0.678,0.772,0.805,0.589,0.665,0.878,0.714,0.703,-0.398,0.666,0.889,0.681,0.729,-0.117,0.687,-0.452,0.444,0.797,0.234,0.837,0.85,0.847,0.687,0.856,0.769,0.658,0.648,-0.302,0.787,0.674,0.448,0.671,0.249,0.501,0.791,-0.399,0.615,0.646,0.748,-0.106,0.692,0.074,-0.546,-0.028,0.641,0.756,0.732,0.269,0.699,0.619,0.242,-0.727,-0.564,0.66,0.518,-0.501,-0.036,0.773,0.848,0.614,0.83,0.414,0.65,0.673,0.536,-0.009,0.81,-0.015,0.191,0.621,0.711,0.738,0.158,-0.363,0.669,0.379,0.855,0.783,0.8,0.599,0.883,0.429,-0.222,0.508,0.599,0.806,0.131,0.624,0.699,0.727,0.607,-0.047,-0.5,0.019,-0.179,0.909,0.158,0.654,-0.058,0.681,0.751,0.242,0.619,0.398,0.304,0.614,0.693,0.414,-0.38,0.515,0.815,0.269,-0.45,0.857,-0.66,0.65,-0.239,0.896,0.818,0.673,0.591,0.538,0.704,0.762,0.673,0.5,0.723,0.26,0.625,0.724,0.647,0.526,-0.487,-0.461,-0.528,0.628,0.817,0.525,0.628,-0.113,0.571,-0.483,0.779,0.268,-0.219,0.689,0.922
AXON,0.17,-0.201,-0.051,0.221,0.295,0.014,0.035,0.107,0.221,0.127,-0.056,0.242,0.342,0.061,-0.24,-0.071,-0.022,0.14,0.337,0.0,-0.071,-0.175,-0.207,-0.07,0.311,0.38,0.244,-0.469,-0.01,0.309,0.26,-0.154,0.106,0.336,0.145,0.349,0.208,0.369,0.035,0.166,0.194,0.415,0.271,0.078,-0.301,-0.006,0.534,0.612,0.849,-0.081,0.469,-0.012,-0.128,-0.189,0.049,0.181,-0.05,-0.033,0.137,-0.1,-0.046,0.12,0.091,0.15,0.216,0.189,-0.013,-0.138,-0.01,-0.011,-0.079,0.401,0.149,-0.029,0.114,0.559,0.143,0.009,-0.053,-0.264,0.072,0.498,-0.083,-0.005,-0.028,0.31,-0.18,0.113,0.197,-0.216,-0.089,0.174,0.487,0.52,0.265,0.224,-0.103,-0.139,-0.011,-0.169,0.296,-0.053,0.08,0.157,0.072,-0.3,0.241,0.487,0.203,0.518,0.696,0.041,0.124,0.052,-0.233,-0.042,-0.119,-0.261,0.528,0.1,0.608,-0.075,0.34,-0.085,-0.049,0.556,0.059,0.019,0.046,0.091,0.194,0.02,-0.164,0.226,-0.095,0.055,-0.096,-0.187,0.084,0.507,0.638,-0.072,-0.065,0.321,0.401,0.362,-0.073,-0.196,0.17,0.136,-0.139,-0.142,-0.034,0.071,0.002,0.042,0.071,-0.386,0.014,0.12,0.338,0.415,-0.397,0.087,0.55,0.234,0.128,0.049,-0.046,0.321,0.261,0.335,-0.041,-0.006,0.026,-0.119,0.65,0.08,0.168,-0.185,0.627,0.035,-0.105,0.448,-0.045,0.388,0.19,0.261,-0.058,0.326,0.04,0.341,0.448,0.086,0.028,0.158,-0.166,0.53,0.498,0.127
BANF,0.771,0.851,0.33,-0.723,0.169,0.481,0.825,0.641,0.793,-0.374,0.76,0.71,-0.353,0.886,0.835,0.52,-0.047,0.79,0.609,-0.071,0.0,0.787,0.645,0.315,0.454,0.08,-0.828,0.682,0.833,0.125,0.457,0.821,0.797,0.204,0.235,0.672,-0.579,0.354,0.619,-0.131,0.243,0.641,0.564,-0.006,0.279,0.549,-0.684,-0.035,-0.262,0.583,-0.494,0.842,0.562,0.932,0.916,0.67,0.962,0.955,0.822,0.738,0.777,-0.117,0.913,0.745,0.743,0.908,-0.379,0.443,0.012,-0.0,0.912,0.369,0.433,0.863,0.911,0.044,0.405,0.905,0.795,0.589,0.275,0.154,0.483,0.302,0.288,0.026,0.388,0.892,-0.731,0.301,0.973,0.865,-0.595,-0.018,-0.311,-0.825,-0.207,0.768,0.84,0.887,-0.169,0.895,0.857,0.283,-0.3,-0.757,0.69,0.061,-0.311,-0.722,0.346,0.88,0.779,0.875,0.869,0.925,0.617,0.838,-0.672,0.869,-0.565,0.726,0.776,0.953,0.947,-0.017,0.077,0.955,-0.102,0.874,0.551,0.881,0.845,0.683,0.855,-0.013,0.933,0.91,0.582,-0.081,0.456,0.921,0.549,0.667,-0.316,-0.485,0.116,0.325,0.509,0.437,0.801,-0.415,0.947,0.875,-0.291,0.727,0.725,0.716,0.709,0.799,0.634,-0.48,0.348,0.682,-0.199,-0.63,0.754,-0.623,0.931,-0.664,0.723,0.744,0.873,0.937,0.827,0.86,0.297,0.806,0.635,0.65,-0.176,0.903,0.925,-0.031,0.92,-0.499,-0.661,-0.389,0.957,0.754,0.821,0.232,-0.456,0.891,-0.558,0.57,0.8,-0.436,0.431,0.637
BATRK,0.623,0.725,0.235,-0.61,0.059,0.383,0.69,0.52,0.637,-0.364,0.667,0.471,-0.366,0.812,0.663,0.401,-0.066,0.648,0.483,-0.175,0.787,0.0,0.504,0.342,0.323,0.092,-0.696,0.644,0.682,-0.0,0.362,0.733,0.637,0.097,0.205,0.564,-0.666,0.202,0.527,-0.034,0.228,0.521,0.475,-0.108,0.242,0.529,-0.671,-0.145,-0.255,0.399,-0.54,0.752,0.481,0.791,0.705,0.543,0.794,0.767,0.646,0.635,0.725,0.007,0.77,0.573,0.582,0.691,-0.322,0.349,0.006,0.032,0.784,0.397,0.296,0.709,0.698,0.025,0.35,0.766,0.723,0.445,0.294,0.042,0.391,0.48,0.212,0.082,0.259,0.692,-0.596,0.227,0.796,0.683,-0.623,0.02,-0.468,-0.745,-0.14,0.633,0.787,0.755,-0.277,0.816,0.665,0.189,-0.252,-0.674,0.525,-0.045,-0.301,-0.645,0.256,0.701,0.59,0.78,0.725,0.789,0.579,0.713,-0.643,0.674,-0.517,0.669,0.604,0.764,0.744,-0.122,-0.053,0.781,0.061,0.631,0.44,0.697,0.679,0.528,0.755,-0.071,0.725,0.797,0.448,-0.105,0.365,0.794,0.393,0.54,-0.335,-0.475,0.026,0.144,0.374,0.389,0.646,-0.328,0.774,0.69,-0.292,0.556,0.447,0.579,0.525,0.631,0.355,-0.514,0.421,0.547,-0.195,-0.6,0.636,-0.516,0.73,-0.59,0.566,0.585,0.688,0.717,0.645,0.742,0.228,0.633,0.41,0.632,-0.324,0.707,0.747,-0.012,0.695,-0.437,-0.667,-0.29,0.779,0.577,0.684,0.165,-0.409,0.698,-0.553,0.388,0.579,-0.442,0.294,0.504
BIDU,0.539,0.794,0.638,-0.446,0.014,0.784,0.583,0.767,0.599,-0.021,0.338,0.669,0.131,0.637,0.75,0.664,0.368,0.68,0.684,-0.207,0.645,0.504,0.0,-0.061,0.605,0.293,-0.814,0.776,0.614,0.024,0.613,0.891,0.735,0.426,-0.072,0.572,-0.625,0.45,0.071,0.086,0.376,0.575,0.648,0.169,-0.237,0.125,-0.442,0.027,-0.393,0.541,-0.593,0.789,0.726,0.795,0.776,0.706,0.618,0.677,0.793,0.67,0.785,-0.39,0.617,0.771,0.584,0.577,-0.324,0.671,-0.446,0.318,0.803,-0.076,0.616,0.801,0.7,0.239,0.744,0.738,0.745,0.79,-0.178,0.35,0.644,0.29,0.625,-0.007,0.462,0.759,-0.741,0.665,0.702,0.618,-0.426,0.236,-0.077,-0.733,-0.17,0.84,0.718,0.833,0.109,0.757,0.499,0.124,-0.689,-0.325,0.644,0.185,-0.587,-0.393,0.253,0.796,0.687,0.792,0.475,0.725,0.686,0.777,-0.416,0.711,-0.524,0.331,0.386,0.776,0.776,-0.279,-0.353,0.673,0.191,0.744,0.665,0.843,0.751,0.779,0.488,-0.187,0.586,0.662,0.725,-0.02,0.129,0.719,0.706,0.33,-0.423,-0.729,-0.005,-0.023,0.732,0.043,0.695,-0.245,0.714,0.695,0.117,0.679,0.37,0.712,0.724,0.665,0.314,-0.633,0.666,0.75,-0.105,-0.595,0.743,-0.646,0.675,-0.44,0.659,0.571,0.705,0.616,0.618,0.857,0.269,0.75,0.319,0.699,-0.13,0.661,0.785,0.232,0.577,-0.734,-0.635,-0.675,0.635,0.641,0.57,0.236,-0.358,0.476,-0.507,0.749,0.487,-0.593,0.41,0.853
BLNE,0.05,0.105,-0.547,-0.631,0.493,-0.474,0.571,-0.265,0.467,-0.722,0.717,0.005,-0.753,0.262,0.285,-0.488,-0.72,0.043,-0.226,-0.07,0.315,0.342,-0.061,0.0,-0.454,-0.433,-0.055,0.016,0.522,0.464,-0.49,0.036,-0.02,-0.619,0.624,-0.057,-0.183,-0.22,0.769,-0.335,-0.517,-0.077,-0.248,-0.412,0.621,0.366,-0.362,0.023,-0.141,0.411,-0.237,0.019,-0.317,0.189,0.143,0.137,0.423,0.321,0.084,0.137,0.321,0.585,0.398,-0.081,0.361,0.204,-0.572,-0.206,0.283,-0.756,0.131,0.501,-0.519,0.054,0.059,-0.612,-0.469,0.037,0.211,-0.181,0.732,-0.511,-0.436,-0.062,-0.48,0.201,-0.09,0.221,-0.348,-0.453,0.332,0.186,-0.493,-0.551,-0.337,-0.308,-0.255,0.163,0.206,0.075,-0.353,0.301,0.193,0.023,0.603,-0.367,0.351,0.028,0.546,-0.596,-0.163,0.059,0.364,0.09,0.232,0.353,-0.345,0.186,-0.478,0.211,-0.49,0.716,0.429,0.234,0.221,0.261,0.436,0.333,-0.684,0.007,-0.333,0.151,0.37,-0.004,0.591,0.406,0.33,0.241,-0.376,0.33,0.0,0.317,-0.356,-0.042,-0.078,0.061,-0.106,0.619,-0.475,0.636,-0.129,-0.581,0.368,0.166,-0.672,0.261,0.472,0.256,0.3,0.34,0.516,0.239,-0.326,-0.312,-0.382,-0.222,-0.191,0.24,0.376,-0.16,-0.085,0.101,0.304,0.442,0.47,0.231,-0.238,0.331,0.272,-0.185,0.012,0.422,0.196,-0.569,0.473,0.261,-0.247,0.425,0.38,0.083,0.531,0.015,0.04,0.371,-0.326,0.043,0.44,0.028,0.082,-0.232
BLNK,0.604,0.55,0.771,0.056,-0.229,0.892,0.237,0.815,0.331,0.427,-0.007,0.762,0.576,0.49,0.368,0.778,0.693,0.636,0.895,0.311,0.454,0.323,0.605,-0.454,0.0,0.619,-0.551,0.369,0.252,-0.085,0.874,0.628,0.735,0.817,-0.366,0.742,-0.328,0.699,-0.143,0.388,0.747,0.726,0.802,0.372,-0.553,0.12,-0.013,0.304,0.144,0.19,-0.086,0.662,0.772,0.531,0.623,0.572,0.37,0.472,0.748,0.554,0.471,-0.606,0.43,0.803,0.433,0.568,0.077,0.631,-0.51,0.65,0.638,0.105,0.921,0.699,0.714,0.725,0.874,0.676,0.435,0.633,-0.497,0.85,0.757,0.301,0.758,0.025,0.504,0.634,-0.224,0.705,0.444,0.611,0.083,0.705,0.232,-0.37,0.09,0.537,0.542,0.594,0.319,0.489,0.486,0.289,-0.81,-0.37,0.428,0.375,-0.636,0.145,0.686,0.727,0.431,0.675,0.306,0.424,0.683,0.436,0.137,0.626,0.117,-0.098,0.393,0.567,0.583,0.033,-0.436,0.482,0.528,0.756,0.809,0.645,0.389,0.745,0.172,-0.379,0.381,0.413,0.847,-0.024,0.513,0.476,0.765,0.605,-0.016,-0.484,0.15,-0.358,0.941,-0.128,0.664,0.154,0.462,0.64,0.431,0.501,0.206,0.205,0.423,0.485,0.215,-0.455,0.574,0.845,0.41,-0.25,0.813,-0.703,0.43,-0.183,0.765,0.645,0.487,0.385,0.335,0.523,0.715,0.465,0.368,0.717,0.21,0.397,0.547,0.677,0.296,-0.542,-0.27,-0.648,0.415,0.683,0.259,0.508,-0.137,0.367,-0.272,0.664,0.136,-0.231,0.527,0.865
BTAI,0.407,0.34,0.325,0.239,-0.264,0.597,0.074,0.648,0.214,0.209,-0.045,0.562,0.655,0.363,0.022,0.392,0.507,0.482,0.665,0.38,0.08,0.092,0.293,-0.433,0.619,0.0,-0.077,0.198,0.137,0.038,0.635,0.34,0.536,0.396,-0.284,0.536,-0.196,0.619,-0.164,0.731,0.791,0.654,0.668,0.343,-0.497,0.114,0.175,0.638,0.455,0.239,0.154,0.46,0.288,0.156,0.268,0.485,0.132,0.222,0.462,0.424,0.346,-0.096,0.238,0.543,0.352,0.352,0.126,0.611,-0.464,0.314,0.353,-0.02,0.559,0.457,0.415,0.681,0.61,0.275,0.353,0.474,-0.531,0.748,0.348,0.584,0.429,0.553,0.379,0.334,0.102,0.557,0.169,0.421,0.209,0.857,0.155,-0.033,0.069,0.182,0.411,0.309,0.5,0.241,0.299,-0.127,-0.552,-0.16,0.331,0.623,-0.204,0.412,0.737,0.428,0.22,0.371,-0.114,0.237,0.343,0.111,0.447,0.366,0.385,-0.177,0.312,0.162,0.214,0.238,-0.175,0.166,0.463,0.401,0.39,0.367,0.248,0.578,0.071,0.019,-0.056,0.247,0.396,0.199,0.435,0.305,0.342,0.297,-0.026,-0.132,-0.28,-0.137,0.639,0.167,0.134,0.141,0.224,0.353,0.548,0.105,0.134,-0.071,0.348,0.354,0.081,0.008,0.242,0.417,0.372,-0.227,0.393,-0.155,0.234,0.309,0.63,0.545,0.29,0.163,0.075,0.301,0.695,0.288,0.331,0.37,0.448,0.206,0.311,0.831,0.144,-0.059,-0.128,-0.09,0.195,0.408,0.15,0.673,0.251,0.238,-0.128,0.492,-0.209,0.211,0.648,0.595
BYND,-0.575,-0.812,-0.596,0.601,0.013,-0.696,-0.632,-0.721,-0.607,0.076,-0.413,-0.605,0.182,-0.74,-0.805,-0.713,-0.212,-0.659,-0.639,0.244,-0.828,-0.696,-0.814,-0.055,-0.551,-0.077,0.0,-0.788,-0.636,0.116,-0.59,-0.877,-0.774,-0.469,0.003,-0.635,0.683,-0.23,-0.236,0.199,-0.266,-0.584,-0.607,-0.031,0.065,-0.241,0.634,0.283,0.473,-0.347,0.737,-0.826,-0.72,-0.932,-0.876,-0.64,-0.784,-0.806,-0.786,-0.634,-0.711,0.47,-0.753,-0.703,-0.55,-0.679,0.299,-0.501,0.205,-0.354,-0.89,-0.097,-0.593,-0.831,-0.797,-0.176,-0.625,-0.879,-0.774,-0.682,-0.096,-0.211,-0.682,-0.285,-0.585,0.192,-0.337,-0.779,0.793,-0.485,-0.838,-0.646,0.6,-0.066,0.338,0.891,0.186,-0.833,-0.759,-0.922,0.255,-0.834,-0.59,-0.245,0.604,0.528,-0.545,0.059,0.666,0.637,-0.207,-0.827,-0.646,-0.867,-0.811,-0.804,-0.798,-0.853,0.693,-0.757,0.648,-0.493,-0.431,-0.883,-0.861,0.37,0.327,-0.814,-0.24,-0.801,-0.709,-0.845,-0.699,-0.663,-0.586,0.379,-0.811,-0.795,-0.771,0.255,-0.216,-0.804,-0.725,-0.495,0.35,0.737,-0.149,0.063,-0.672,-0.01,-0.879,0.305,-0.807,-0.71,0.215,-0.697,-0.38,-0.74,-0.569,-0.611,-0.32,0.738,-0.579,-0.82,0.288,0.703,-0.83,0.82,-0.753,0.808,-0.673,-0.57,-0.689,-0.7,-0.624,-0.865,-0.177,-0.695,-0.378,-0.736,0.407,-0.723,-0.856,0.018,-0.658,0.804,0.713,0.741,-0.762,-0.646,-0.636,-0.074,0.686,-0.6,0.598,-0.567,-0.649,0.768,-0.218,-0.724
CAN,0.495,0.84,0.438,-0.559,-0.259,0.622,0.527,0.641,0.441,-0.136,0.447,0.461,-0.086,0.671,0.733,0.628,0.276,0.589,0.454,-0.469,0.682,0.644,0.776,0.016,0.369,0.198,-0.788,0.0,0.597,-0.201,0.419,0.873,0.631,0.141,-0.122,0.39,-0.713,0.186,0.261,0.026,0.374,0.401,0.46,0.036,0.056,0.272,-0.743,-0.265,-0.602,0.414,-0.672,0.809,0.612,0.818,0.67,0.577,0.674,0.716,0.638,0.695,0.697,-0.314,0.584,0.606,0.402,0.576,-0.228,0.629,-0.178,0.234,0.776,-0.152,0.409,0.726,0.65,0.034,0.481,0.719,0.685,0.741,-0.055,0.015,0.498,0.534,0.47,-0.031,0.461,0.645,-0.606,0.606,0.729,0.552,-0.621,0.069,-0.333,-0.764,-0.123,0.666,0.708,0.859,-0.118,0.743,0.575,-0.081,-0.566,-0.283,0.439,-0.171,-0.584,-0.575,0.031,0.7,0.473,0.748,0.647,0.729,0.718,0.841,-0.639,0.577,-0.679,0.436,0.296,0.717,0.706,-0.506,-0.193,0.664,0.235,0.62,0.439,0.711,0.693,0.528,0.605,-0.202,0.647,0.814,0.566,-0.349,-0.021,0.754,0.555,0.393,-0.628,-0.733,-0.084,0.109,0.531,0.111,0.683,-0.178,0.699,0.63,-0.01,0.479,0.339,0.85,0.585,0.584,0.125,-0.728,0.629,0.637,-0.338,-0.716,0.619,-0.6,0.675,-0.583,0.583,0.48,0.652,0.599,0.505,0.809,-0.014,0.599,0.294,0.71,-0.408,0.61,0.771,0.054,0.594,-0.66,-0.714,-0.55,0.675,0.409,0.529,0.04,-0.59,0.536,-0.489,0.459,0.529,-0.67,0.146,0.611
CCEC,0.697,0.739,0.021,-0.809,0.414,0.273,0.959,0.512,0.919,-0.603,0.876,0.646,-0.429,0.827,0.754,0.211,-0.311,0.773,0.499,-0.01,0.833,0.682,0.614,0.522,0.252,0.137,-0.636,0.597,0.0,0.361,0.228,0.755,0.683,-0.072,0.408,0.54,-0.643,0.325,0.684,-0.053,0.047,0.607,0.482,-0.187,0.314,0.589,-0.615,0.223,-0.151,0.741,-0.437,0.733,0.314,0.772,0.77,0.778,0.898,0.861,0.77,0.675,0.879,0.232,0.913,0.688,0.883,0.775,-0.66,0.376,-0.113,-0.349,0.791,0.448,0.143,0.749,0.742,-0.075,0.257,0.724,0.791,0.456,0.428,0.065,0.156,0.301,0.038,0.292,0.221,0.85,-0.785,0.144,0.885,0.776,-0.638,-0.08,-0.378,-0.775,-0.46,0.698,0.834,0.751,-0.111,0.896,0.688,0.033,-0.063,-0.745,0.88,0.254,-0.004,-0.698,0.357,0.769,0.902,0.78,0.6,0.912,0.344,0.771,-0.585,0.822,-0.594,0.868,0.813,0.836,0.841,0.135,0.149,0.861,-0.35,0.711,0.268,0.85,0.879,0.728,0.892,0.262,0.729,0.798,0.318,0.31,0.394,0.885,0.226,0.387,-0.356,-0.426,-0.251,0.459,0.294,0.671,0.478,-0.652,0.918,0.778,-0.381,0.814,0.709,0.673,0.861,0.91,0.756,-0.209,0.15,0.41,-0.239,-0.623,0.544,-0.314,0.88,-0.408,0.621,0.705,0.89,0.911,0.88,0.849,0.288,0.897,0.579,0.411,0.034,0.931,0.853,-0.043,0.918,-0.218,-0.731,-0.081,0.881,0.764,0.973,0.289,-0.136,0.847,-0.644,0.677,0.7,-0.221,0.585,0.552
CDW,-0.021,0.043,-0.248,-0.197,0.637,-0.193,0.421,0.049,0.441,-0.357,0.331,0.306,-0.103,0.197,0.241,-0.371,-0.359,0.065,0.082,0.309,0.125,-0.0,0.024,0.464,-0.085,0.038,0.116,-0.201,0.361,0.0,-0.08,-0.031,0.152,-0.23,0.629,0.229,0.17,0.157,0.386,0.175,-0.199,0.201,0.042,0.257,0.139,0.119,0.272,0.483,0.291,0.415,0.151,0.008,-0.243,0.001,0.178,0.23,0.201,0.216,0.191,0.221,0.3,0.529,0.258,0.106,0.489,0.232,-0.344,0.017,0.185,-0.501,0.056,0.29,-0.141,0.121,0.112,-0.224,-0.051,-0.001,0.199,-0.074,0.27,0.102,-0.148,-0.24,-0.296,0.514,0.142,0.281,-0.119,-0.152,0.161,0.308,0.046,-0.032,0.086,0.012,-0.042,0.272,0.16,-0.035,0.2,0.152,0.249,0.269,0.381,-0.109,0.457,0.548,0.564,-0.028,0.308,0.128,0.471,0.022,-0.149,0.211,-0.366,-0.075,0.142,0.27,0.122,0.323,0.419,0.156,0.193,0.612,0.362,0.269,-0.482,0.118,-0.108,0.208,0.308,0.333,0.202,0.424,0.153,-0.008,-0.195,0.716,0.292,0.149,-0.013,-0.079,0.142,0.255,0.085,0.451,-0.158,0.545,-0.21,-0.445,0.234,0.263,-0.108,0.278,0.597,-0.041,0.47,0.393,0.542,0.523,-0.207,-0.16,0.039,0.037,-0.139,0.306,0.286,0.288,0.112,0.28,0.216,0.348,0.53,0.157,0.318,0.462,0.481,-0.206,0.486,0.298,0.114,-0.123,0.359,0.311,0.191,0.337,0.233,0.217,0.397,0.467,0.417,0.301,0.011,0.361,0.281,0.382,0.45,0.047
CDXS,0.558,0.574,0.766,0.035,-0.165,0.885,0.235,0.844,0.367,0.331,-0.039,0.664,0.513,0.533,0.389,0.816,0.62,0.603,0.844,0.26,0.457,0.362,0.613,-0.49,0.874,0.635,-0.59,0.419,0.228,-0.08,0.0,0.639,0.754,0.84,-0.203,0.765,-0.281,0.587,-0.2,0.307,0.766,0.785,0.834,0.498,-0.561,-0.003,0.005,0.212,0.121,0.136,-0.177,0.716,0.699,0.557,0.651,0.525,0.379,0.466,0.676,0.448,0.451,-0.51,0.468,0.713,0.406,0.573,0.147,0.607,-0.342,0.697,0.646,-0.026,0.901,0.708,0.692,0.759,0.906,0.697,0.573,0.608,-0.41,0.802,0.802,0.368,0.708,0.063,0.406,0.59,-0.286,0.644,0.46,0.637,0.034,0.734,0.088,-0.388,0.072,0.583,0.565,0.645,0.3,0.485,0.523,0.306,-0.796,-0.305,0.389,0.328,-0.664,0.115,0.695,0.713,0.42,0.668,0.349,0.478,0.777,0.427,0.069,0.574,0.116,-0.058,0.376,0.537,0.554,-0.038,-0.367,0.49,0.574,0.68,0.908,0.652,0.378,0.72,0.161,-0.361,0.423,0.461,0.876,-0.106,0.555,0.483,0.785,0.606,-0.057,-0.362,0.161,-0.391,0.906,-0.155,0.667,0.03,0.451,0.586,0.368,0.371,0.18,0.239,0.398,0.395,0.142,-0.501,0.556,0.884,0.265,-0.375,0.815,-0.676,0.419,-0.244,0.742,0.661,0.408,0.349,0.306,0.542,0.703,0.474,0.344,0.718,0.012,0.399,0.567,0.587,0.299,-0.579,-0.267,-0.649,0.41,0.632,0.234,0.402,-0.23,0.352,-0.159,0.56,0.215,-0.285,0.547,0.832
