,ABEO,ACHC,AGNCN,AKAM,AKRO,ALRM,AMAT,AMED,AMRN,ANGI,APA,APOG,APPS,ARCB,ARCC,ARVN,ATEC,ATXS,AVAV,AXON,BANF,BATRK,BIDU,BLNE,BLNK,BTAI,BYND,CAN,CCEC,CDW,CDXS,CELH,CGNX,CHKP,CHRS,CHRW,CIGI,CKPT,CMPR,COGT,CRNC,CRSP,CSTL,CTSH,CVGW,DGLY,DNLI,DOCU,DVAX,EBAY,EHTH,ERII,ESLT,EXPE,EXPO,FBIOP,FFBC,FFIN,FOXF,FWRD,GDS,GERN,GPRE,GRWG,GRYP,HEES,HELE,HIVE,HON,HRTX,HSTM,HURA,IART,IBKR,IBOC,IBRX,IDXX,INGN,INM,INVA,IQ,IRBT,KDP,KPTI,KTOS,KXIN,LAMR,LFUS,LGIH,LGMK,LKFN,LNW,LOPE,LPSN,LYFT,MGNX,MLCO,MNST,MODV,MSTR,MTCH,MYGN,MYRG,NCMI,NEXT,NFLX,NIU,NKTR,NRC,NTNX,NTRA,NVEE,NVMI,NWL,NWS,NXPI,OCGN,OCSL,OKTA,OLLI,OTLK,OXLC,PAA,PARA,PARAA,PDCO,PDFS,PFG,PGEN,PNFP,PODD,POWI,PSMT,PTC,PTEN,PVLA,RDNT,RDUS,RDWR,REGN,RNAC,ROCK,ROST,RRR,RSLS,RVMD,RYAAY,SAFT,SAGE,SAVA,SBGI,SFM,SFNC,SHYF,SIBN,SIFY,SIGI,SIMO,SITM,SLM,SNBR,SNDX,SNY,SPNS,SRRK,STRA,SUPN,SYRE,TCBK,TEAM,TECH,THRM,TLRY,TRMK,TROW,TSLA,TWST,TXN,UFPI,UNIT,UPWK,USLM,UTHR,VERB,VLY,VRNA,VRRM,VXRT,WAFD,WATT,WBA,WING,WIX,WTFC,WTW,XPEL,XRX,YMAB,ZG,ZLAB
ABEO,0.0,0.587,-0.247,0.357,0.762,0.448,0.263,0.453,0.602,0.783,0.222,0.397,0.917,0.834,0.831,0.063,0.724,0.42,0.562,0.752,0.285,0.777,0.871,0.843,0.467,0.808,0.298,0.89,0.626,0.849,0.75,0.228,0.664,-0.799,0.315,-0.257,0.805,0.728,0.376,-0.167,0.541,-0.433,0.799,-0.663,0.562,-0.182,0.059,0.233,0.724,0.858,-0.314,0.428,0.794,0.494,0.171,0.863,0.771,0.748,0.88,0.329,0.458,0.68,0.716,0.878,0.816,0.111,-0.082,0.506,-0.085,0.643,0.274,0.786,0.39,0.594,0.292,0.91,0.433,0.815,0.6,0.124,0.785,0.409,0.308,0.697,0.693,0.029,0.759,-0.069,0.806,0.739,0.922,0.439,0.801,0.769,0.761,0.438,0.606,0.191,0.898,0.926,0.583,0.617,-0.185,0.254,0.126,0.331,0.254,0.621,0.914,0.787,0.232,0.789,0.207,0.837,0.905,0.668,0.926,0.782,0.773,-0.309,0.964,0.574,-0.179,0.631,0.648,0.09,-0.065,0.45,0.017,0.787,0.194,-0.223,0.711,0.719,-0.182,0.753,-0.332,0.486,0.717,-0.47,0.658,0.255,0.548,0.793,0.261,0.865,0.087,0.239,-0.39,0.609,-0.035,0.376,0.314,0.797,0.728,0.814,-0.402,0.928,0.379,0.597,0.827,-0.225,-0.04,0.563,0.428,0.615,0.604,0.174,0.25,0.654,0.758,0.273,0.82,0.065,0.752,0.094,-0.156,0.448,0.841,0.59,0.867,0.804,0.199,0.75,0.842,0.901,0.84,-0.027,0.688,0.779,0.32,0.637,0.747,0.298,0.91,0.335,0.57,0.278,0.809,0.503
ACHC,0.587,0.0,-0.492,0.085,0.404,0.28,0.033,0.135,0.695,0.575,0.173,0.106,0.748,0.497,0.741,0.196,0.752,0.493,0.171,0.465,0.043,0.755,0.609,0.475,0.108,0.679,0.094,0.612,0.685,0.861,0.798,-0.022,0.681,-0.742,-0.366,-0.489,0.772,0.505,-0.134,-0.296,0.324,-0.414,0.798,-0.585,0.461,-0.41,-0.195,0.194,0.805,0.723,-0.667,0.15,0.621,0.525,0.006,0.797,0.552,0.394,0.742,-0.074,0.587,0.806,0.647,0.756,0.681,0.072,-0.221,0.402,-0.164,0.879,-0.001,0.475,-0.046,0.617,-0.025,0.636,0.714,0.683,0.76,0.1,0.695,0.107,0.011,0.169,0.302,-0.187,0.895,-0.135,0.559,0.307,0.593,0.347,0.557,0.705,0.695,0.584,0.565,0.479,0.656,0.664,0.567,0.765,-0.352,0.161,-0.117,0.315,0.388,0.593,0.698,0.694,0.374,0.491,0.088,0.752,0.652,0.727,0.557,0.747,0.926,-0.729,0.614,0.776,-0.209,0.384,0.405,-0.337,-0.27,0.1,-0.435,0.407,0.079,-0.311,0.483,0.79,0.004,0.702,-0.132,0.306,0.721,-0.585,0.724,0.1,0.714,0.495,0.167,0.843,0.166,-0.06,-0.43,0.831,-0.338,-0.025,-0.122,0.848,0.675,0.515,-0.653,0.78,0.233,0.873,0.568,-0.243,-0.318,0.431,0.52,0.397,0.041,0.267,0.04,0.897,0.853,0.143,0.545,-0.245,0.394,0.139,0.114,0.571,0.707,0.234,0.774,0.588,0.428,0.571,0.509,0.763,0.766,0.201,0.308,0.41,-0.044,0.324,0.912,0.125,0.575,0.384,0.714,0.194,0.751,0.43
AGNCN,-0.247,-0.492,0.0,-0.071,0.119,-0.125,0.682,0.58,-0.598,-0.563,0.131,0.57,-0.303,0.009,-0.311,0.328,-0.424,-0.626,0.397,-0.074,0.483,-0.646,-0.086,-0.181,-0.388,-0.463,-0.343,-0.378,-0.255,-0.444,-0.165,0.694,-0.162,0.296,0.113,0.831,-0.158,0.148,-0.014,0.687,0.249,0.521,-0.161,0.548,-0.461,0.16,0.644,0.366,-0.681,-0.429,0.832,0.335,-0.463,0.053,0.531,-0.455,0.102,0.16,-0.296,0.554,0.156,-0.6,-0.483,-0.247,-0.488,0.433,-0.047,-0.18,0.468,-0.617,0.645,-0.155,0.557,0.018,0.614,-0.465,-0.284,-0.572,-0.46,0.236,-0.551,-0.312,-0.13,-0.11,0.307,0.534,-0.334,0.607,-0.154,-0.365,-0.277,0.23,-0.214,-0.137,-0.218,0.243,-0.202,-0.139,-0.051,-0.459,-0.318,-0.547,0.871,-0.532,0.706,0.246,-0.011,-0.786,-0.11,0.029,0.357,0.04,0.559,-0.281,-0.424,-0.19,-0.301,-0.195,-0.43,0.372,-0.262,-0.463,0.319,-0.464,-0.473,0.069,0.727,0.464,0.346,0.108,0.703,0.631,0.008,-0.574,-0.079,-0.077,0.374,-0.064,-0.557,0.879,-0.593,0.514,-0.361,-0.013,0.178,-0.384,0.208,0.391,0.536,-0.613,0.023,-0.165,0.613,-0.367,-0.074,-0.12,0.587,-0.378,0.41,-0.601,-0.509,0.308,0.804,0.039,-0.409,-0.046,-0.052,0.172,0.472,-0.454,-0.195,0.408,-0.345,0.672,-0.257,0.329,0.369,0.066,-0.035,0.349,-0.511,0.033,0.1,-0.152,-0.018,-0.39,-0.236,-0.513,0.22,-0.26,-0.485,-0.049,-0.57,0.368,-0.174,-0.14,-0.643,0.01,-0.118,0.358
AKAM,0.357,0.085,-0.071,0.0,0.414,-0.322,-0.102,0.115,0.596,0.581,-0.602,-0.181,0.292,0.093,0.449,-0.535,0.396,0.291,0.313,0.641,-0.462,0.482,0.071,0.082,0.396,0.088,0.718,0.042,-0.239,0.181,0.171,-0.153,-0.257,-0.119,0.555,-0.403,0.415,0.183,0.507,-0.537,0.342,-0.682,0.031,-0.439,0.618,-0.288,-0.335,-0.553,0.406,0.508,-0.018,-0.332,0.2,-0.41,-0.53,0.362,-0.098,0.066,0.128,-0.363,0.242,0.402,0.348,0.088,0.008,-0.624,0.722,-0.353,-0.544,0.158,-0.144,0.423,0.487,-0.278,-0.35,0.408,-0.338,0.48,-0.004,-0.239,0.474,0.772,0.749,0.311,-0.073,-0.347,0.096,-0.609,0.607,0.04,0.313,-0.353,-0.119,0.261,-0.17,0.266,-0.327,-0.509,0.196,0.273,-0.349,0.487,-0.363,0.615,0.245,0.403,0.578,0.239,0.358,0.209,-0.323,-0.031,-0.417,0.45,0.354,-0.237,0.229,0.061,0.165,0.219,0.282,0.482,-0.579,0.692,0.681,0.117,-0.463,-0.23,0.034,0.327,-0.125,-0.656,-0.235,0.401,-0.46,-0.066,-0.739,-0.473,0.187,-0.085,0.534,-0.258,-0.341,-0.063,0.474,0.312,-0.581,-0.529,-0.714,0.352,0.132,0.824,-0.213,0.345,0.411,0.191,-0.479,0.256,-0.13,0.083,0.493,-0.689,-0.259,0.56,0.442,-0.197,0.614,-0.56,-0.453,0.047,0.132,-0.465,0.078,-0.463,0.337,0.254,-0.264,-0.21,0.15,0.251,0.364,0.114,-0.175,-0.148,0.014,0.316,0.416,0.293,-0.178,0.609,0.384,0.5,0.131,-0.469,0.326,-0.522,-0.151,-0.561,-0.03,0.118
AKRO,0.762,0.404,0.119,0.414,0.0,0.178,0.448,0.729,0.447,0.555,0.046,0.452,0.723,0.7,0.695,0.098,0.61,0.315,0.687,0.772,0.251,0.507,0.7,0.611,0.165,0.484,0.257,0.569,0.397,0.588,0.628,0.406,0.45,-0.56,0.325,-0.037,0.727,0.7,0.184,-0.03,0.673,-0.322,0.632,-0.388,0.453,-0.308,0.228,0.207,0.49,0.644,-0.059,0.427,0.457,0.323,0.207,0.648,0.649,0.616,0.604,0.334,0.652,0.457,0.514,0.613,0.488,0.121,0.06,0.228,-0.127,0.315,0.403,0.642,0.612,0.439,0.381,0.645,0.308,0.572,0.307,0.087,0.561,0.37,0.216,0.595,0.623,0.097,0.567,0.053,0.797,0.386,0.67,0.323,0.509,0.649,0.486,0.615,0.368,-0.017,0.801,0.633,0.313,0.441,0.077,0.191,0.484,0.524,0.395,0.314,0.775,0.759,0.308,0.634,0.263,0.691,0.645,0.445,0.685,0.646,0.57,-0.186,0.716,0.497,-0.242,0.483,0.491,-0.04,0.063,0.362,0.151,0.676,0.504,-0.102,0.517,0.518,-0.28,0.618,-0.317,0.266,0.425,-0.033,0.432,0.305,0.21,0.608,0.419,0.693,-0.037,0.157,-0.254,0.338,-0.105,0.369,0.374,0.597,0.75,0.604,-0.33,0.712,0.489,0.316,0.594,-0.269,0.243,0.63,0.387,0.405,0.545,0.078,0.243,0.481,0.65,0.233,0.532,0.164,0.454,0.28,-0.022,0.39,0.718,0.696,0.608,0.71,0.313,0.48,0.646,0.705,0.632,-0.021,0.507,0.661,0.116,0.646,0.443,0.21,0.77,0.091,0.207,0.063,0.653,0.633
ALRM,0.448,0.28,-0.125,-0.322,0.178,0.0,0.101,0.233,-0.084,0.261,0.692,0.519,0.469,0.51,0.171,0.278,0.09,-0.124,-0.072,-0.048,0.639,0.202,0.512,0.565,0.342,0.616,-0.312,0.643,0.536,0.453,0.231,0.311,0.6,-0.377,-0.078,0.241,0.196,0.237,0.201,0.376,-0.118,0.205,0.534,-0.219,-0.138,0.335,0.409,0.618,0.171,0.295,-0.025,0.597,0.475,0.614,0.584,0.34,0.614,0.584,0.628,0.591,-0.072,0.097,0.24,0.569,0.606,0.6,-0.562,0.683,0.519,0.384,0.493,0.165,-0.126,0.687,0.549,0.365,0.499,0.315,0.243,0.196,0.129,-0.183,-0.098,0.549,0.537,0.289,0.399,0.45,0.12,0.623,0.475,0.709,0.729,0.381,0.705,-0.016,0.802,0.636,0.448,0.455,0.747,-0.089,0.214,-0.161,-0.156,-0.2,-0.382,0.262,0.373,0.338,0.234,0.658,0.417,0.298,0.401,0.662,0.574,0.46,0.337,-0.137,0.547,-0.055,0.452,0.006,0.021,0.346,0.321,0.576,0.147,0.456,0.025,0.411,0.788,0.161,0.215,0.528,0.393,0.863,0.473,-0.264,0.065,0.377,0.69,0.692,-0.313,0.31,0.545,0.686,0.335,0.085,0.246,-0.261,0.47,0.347,0.199,0.47,0.279,0.465,0.317,0.247,0.23,0.357,0.147,-0.072,-0.09,0.545,0.049,0.58,0.566,0.325,0.32,0.65,0.422,0.52,0.405,0.132,-0.195,0.363,0.512,0.09,0.43,0.422,-0.066,0.742,0.685,0.301,0.307,-0.359,0.658,0.235,0.101,0.047,0.431,0.616,0.481,0.767,0.595,0.801,0.611,0.037
AMAT,0.263,0.033,0.682,-0.102,0.448,0.101,0.0,0.726,-0.252,-0.209,0.407,0.781,0.19,0.477,0.184,0.577,0.07,-0.288,0.755,0.262,0.668,-0.187,0.463,0.294,-0.383,-0.008,-0.312,0.131,0.249,0.106,0.398,0.771,0.424,-0.159,-0.006,0.639,0.363,0.634,-0.08,0.593,0.544,0.38,0.378,0.31,-0.104,-0.109,0.705,0.6,-0.165,-0.008,0.42,0.649,-0.012,0.507,0.692,0.061,0.602,0.52,0.241,0.723,0.518,-0.094,-0.029,0.309,0.04,0.614,-0.237,0.174,0.478,-0.123,0.737,0.222,0.647,0.477,0.766,0.046,0.236,-0.168,0.019,0.393,-0.096,-0.313,-0.236,0.109,0.676,0.498,0.248,0.673,0.214,-0.003,0.183,0.5,0.293,0.271,0.282,0.585,0.184,0.108,0.49,0.077,0.139,-0.051,0.717,-0.566,0.707,0.471,0.2,-0.361,0.389,0.516,0.722,0.464,0.813,0.136,0.059,0.395,0.183,0.296,0.153,-0.171,0.226,-0.115,0.275,-0.262,-0.257,-0.1,0.731,0.725,0.253,0.41,0.856,0.585,0.412,-0.091,0.044,0.451,0.345,0.285,-0.023,0.529,-0.239,0.745,0.114,0.407,0.302,0.18,0.391,0.547,0.388,-0.181,-0.191,-0.222,0.739,0.114,0.269,0.222,0.312,0.171,0.743,-0.081,-0.089,0.341,0.771,0.298,-0.212,0.492,0.099,0.435,0.681,0.12,0.381,0.637,0.162,0.662,0.105,0.302,0.601,0.648,0.475,0.737,-0.023,0.601,0.494,0.284,0.435,0.194,0.198,-0.328,0.633,0.007,-0.544,0.251,0.007,0.622,0.31,0.129,-0.176,0.22,0.449,0.78
AMED,0.453,0.135,0.58,0.115,0.729,0.233,0.726,0.0,0.017,0.051,0.172,0.697,0.409,0.614,0.345,0.256,0.183,-0.133,0.676,0.492,0.545,0.013,0.541,0.455,-0.107,0.131,-0.05,0.3,0.193,0.258,0.364,0.621,0.299,-0.263,0.242,0.502,0.496,0.621,0.077,0.401,0.55,0.029,0.442,0.034,0.047,-0.234,0.668,0.457,0.013,0.263,0.401,0.556,0.04,0.335,0.518,0.232,0.635,0.599,0.337,0.649,0.629,0.0,0.183,0.366,0.106,0.446,-0.041,0.129,0.185,-0.05,0.715,0.495,0.661,0.439,0.687,0.213,0.209,0.177,0.023,0.086,0.122,0.028,-0.025,0.399,0.674,0.452,0.286,0.439,0.537,0.11,0.39,0.425,0.328,0.392,0.342,0.623,0.275,0.011,0.626,0.232,0.143,-0.048,0.565,-0.266,0.804,0.562,0.335,-0.124,0.547,0.668,0.436,0.523,0.541,0.397,0.243,0.329,0.351,0.384,0.253,-0.026,0.405,0.168,-0.016,0.02,0.027,0.012,0.441,0.572,0.292,0.62,0.748,0.381,0.507,0.103,-0.315,0.536,0.022,0.277,0.08,0.473,-0.026,0.543,0.08,0.526,0.428,0.307,0.097,0.416,0.168,-0.066,-0.179,0.1,0.644,0.308,0.577,0.442,0.139,0.357,0.646,-0.1,0.131,-0.005,0.605,0.489,0.007,0.306,0.353,0.224,0.485,0.228,0.43,0.492,0.251,0.572,0.193,0.402,0.173,0.47,0.61,0.67,0.247,0.625,0.252,0.396,0.576,0.329,0.363,-0.282,0.573,0.399,-0.311,0.513,0.11,0.423,0.46,0.09,-0.159,0.112,0.516,0.678
AMRN,0.602,0.695,-0.598,0.596,0.447,-0.084,-0.252,0.017,0.0,0.801,-0.411,-0.29,0.643,0.36,0.769,-0.399,0.797,0.675,0.216,0.731,-0.46,0.887,0.405,0.407,0.437,0.539,0.714,0.484,0.217,0.688,0.565,-0.395,0.193,-0.517,0.189,-0.785,0.671,0.264,0.197,-0.789,0.341,-0.847,0.43,-0.743,0.833,-0.508,-0.495,-0.432,0.895,0.801,-0.631,-0.315,0.548,-0.051,-0.551,0.767,0.197,0.192,0.477,-0.438,0.508,0.876,0.783,0.492,0.497,-0.559,0.398,0.027,-0.703,0.734,-0.361,0.651,0.078,0.089,-0.445,0.738,0.239,0.864,0.602,-0.221,0.867,0.702,0.496,0.294,0.047,-0.448,0.574,-0.681,0.748,0.261,0.613,-0.197,0.239,0.584,0.297,0.391,0.076,-0.105,0.445,0.65,0.121,0.826,-0.71,0.665,-0.066,0.313,0.647,0.758,0.608,0.492,-0.182,0.193,-0.449,0.783,0.679,0.254,0.464,0.499,0.716,-0.321,0.524,0.925,-0.691,0.832,0.835,-0.074,-0.707,-0.307,-0.369,0.382,-0.248,-0.765,0.066,0.833,-0.302,0.366,-0.73,-0.18,0.664,-0.602,0.944,-0.348,0.198,0.179,0.312,0.719,-0.461,-0.548,-0.87,0.846,-0.11,0.619,-0.394,0.745,0.689,0.451,-0.874,0.654,-0.135,0.636,0.789,-0.696,-0.633,0.544,0.748,0.08,0.503,-0.288,-0.472,0.643,0.57,-0.433,0.529,-0.64,0.447,0.132,-0.257,0.111,0.439,0.189,0.819,0.325,0.074,0.246,0.272,0.695,0.702,0.52,-0.059,0.743,0.389,0.596,0.731,-0.408,0.518,-0.126,0.433,-0.329,0.378,0.14
ANGI,0.783,0.575,-0.563,0.581,0.555,0.261,-0.209,0.051,0.801,0.0,-0.168,-0.076,0.778,0.517,0.796,-0.362,0.793,0.568,0.221,0.693,-0.233,0.915,0.57,0.603,0.622,0.709,0.566,0.713,0.344,0.76,0.539,-0.226,0.349,-0.586,0.342,-0.644,0.686,0.376,0.449,-0.598,0.321,-0.737,0.546,-0.742,0.753,-0.315,-0.328,-0.22,0.845,0.842,-0.517,-0.021,0.725,0.094,-0.333,0.849,0.351,0.388,0.7,-0.167,0.319,0.795,0.808,0.631,0.718,-0.356,0.257,0.218,-0.44,0.713,-0.177,0.628,0.154,0.245,-0.224,0.888,0.316,0.919,0.498,-0.191,0.864,0.679,0.531,0.589,0.234,-0.321,0.608,-0.496,0.787,0.604,0.781,0.025,0.525,0.584,0.477,0.229,0.354,-0.007,0.611,0.821,0.388,0.747,-0.604,0.609,-0.187,0.244,0.36,0.767,0.686,0.542,-0.171,0.439,-0.31,0.781,0.846,0.39,0.792,0.592,0.689,-0.22,0.768,0.725,-0.492,0.855,0.867,0.121,-0.524,-0.058,-0.09,0.533,-0.253,-0.627,0.329,0.834,-0.245,0.407,-0.632,0.154,0.736,-0.689,0.837,-0.23,0.351,0.478,0.253,0.768,-0.254,-0.24,-0.714,0.73,0.075,0.59,-0.168,0.758,0.626,0.568,-0.658,0.787,-0.05,0.623,0.911,-0.564,-0.5,0.565,0.56,0.283,0.582,-0.187,-0.255,0.623,0.572,-0.168,0.66,-0.426,0.652,0.065,-0.39,0.166,0.564,0.26,0.874,0.467,-0.065,0.422,0.511,0.781,0.751,0.318,0.219,0.81,0.548,0.61,0.728,-0.2,0.769,0.125,0.58,-0.037,0.52,0.121
APA,0.222,0.173,0.131,-0.602,0.046,0.692,0.407,0.172,-0.411,-0.168,0.0,0.661,0.196,0.319,-0.055,0.784,-0.116,-0.287,0.034,-0.307,0.852,-0.123,0.392,0.29,-0.08,0.429,-0.677,0.375,0.665,0.223,0.329,0.629,0.723,-0.352,-0.426,0.468,0.019,0.307,-0.197,0.72,-0.06,0.655,0.49,0.119,-0.432,0.511,0.464,0.839,-0.105,-0.004,0.03,0.762,0.343,0.853,0.854,0.072,0.612,0.46,0.456,0.697,-0.093,-0.064,-0.149,0.497,0.428,0.857,-0.882,0.754,0.836,0.178,0.632,-0.154,-0.117,0.761,0.727,0.064,0.45,-0.152,0.27,0.657,-0.205,-0.642,-0.482,0.174,0.569,0.383,0.34,0.787,-0.247,0.381,0.19,0.842,0.632,0.283,0.63,0.07,0.733,0.792,0.323,0.213,0.669,-0.173,0.497,-0.496,-0.106,-0.291,-0.552,-0.106,0.225,0.208,0.644,0.587,0.798,0.039,0.1,0.688,0.341,0.427,0.203,-0.287,0.321,-0.347,0.838,-0.425,-0.411,0.024,0.722,0.731,0.018,0.187,0.35,0.684,0.725,-0.173,0.618,0.496,0.804,0.856,0.191,-0.055,-0.23,0.707,0.702,0.541,-0.445,0.159,0.913,0.887,0.65,-0.044,0.056,-0.672,0.589,0.115,-0.037,0.244,0.438,0.255,0.585,0.216,-0.167,0.801,0.503,-0.31,-0.259,0.704,-0.321,0.899,0.845,0.169,0.32,0.838,0.219,0.711,0.135,0.079,0.3,0.482,0.383,0.19,0.045,0.397,0.368,0.617,0.504,0.152,0.107,-0.515,0.722,-0.263,-0.228,-0.341,0.231,0.895,0.222,0.813,0.494,0.933,0.517,0.297
APOG,0.397,0.106,0.57,-0.181,0.452,0.519,0.781,0.697,-0.29,-0.076,0.661,0.0,0.386,0.624,0.205,0.624,0.059,-0.323,0.573,0.206,0.875,-0.097,0.594,0.441,-0.123,0.275,-0.394,0.368,0.471,0.267,0.402,0.838,0.601,-0.365,0.011,0.669,0.347,0.622,0.103,0.712,0.381,0.431,0.549,0.078,-0.214,0.171,0.723,0.793,-0.127,0.149,0.397,0.82,0.227,0.691,0.86,0.189,0.75,0.746,0.489,0.875,0.323,-0.102,0.009,0.496,0.277,0.802,-0.458,0.452,0.698,0.019,0.888,0.246,0.51,0.666,0.905,0.176,0.291,-0.033,0.105,0.486,-0.04,-0.299,-0.143,0.377,0.803,0.538,0.352,0.737,0.205,0.261,0.348,0.797,0.547,0.432,0.557,0.467,0.522,0.364,0.586,0.239,0.43,-0.119,0.738,-0.481,0.503,0.271,-0.103,-0.241,0.484,0.542,0.692,0.71,0.844,0.234,0.221,0.565,0.395,0.418,0.236,-0.099,0.431,-0.166,0.505,-0.209,-0.198,0.096,0.783,0.894,0.375,0.615,0.741,0.626,0.722,-0.049,0.181,0.589,0.476,0.621,0.128,0.344,-0.19,0.805,0.389,0.675,0.112,0.279,0.614,0.805,0.493,-0.134,0.041,-0.248,0.896,0.228,0.302,0.435,0.435,0.332,0.69,0.029,0.017,0.462,0.746,0.231,-0.219,0.568,0.094,0.615,0.853,0.153,0.406,0.856,0.276,0.821,0.308,0.271,0.347,0.526,0.608,0.631,0.123,0.626,0.328,0.579,0.685,0.264,0.341,-0.579,0.815,0.096,-0.319,0.152,0.13,0.857,0.451,0.449,0.077,0.591,0.611,0.66
APPS,0.917,0.748,-0.303,0.292,0.723,0.469,0.19,0.409,0.643,0.778,0.196,0.386,0.0,0.828,0.884,0.091,0.805,0.458,0.485,0.738,0.254,0.818,0.881,0.807,0.41,0.811,0.234,0.879,0.705,0.945,0.79,0.184,0.719,-0.861,0.136,-0.32,0.878,0.728,0.303,-0.206,0.54,-0.45,0.884,-0.747,0.545,-0.269,-0.018,0.286,0.76,0.894,-0.391,0.399,0.79,0.539,0.153,0.932,0.772,0.747,0.931,0.256,0.53,0.705,0.744,0.9,0.841,0.153,-0.137,0.499,-0.079,0.737,0.215,0.764,0.324,0.654,0.248,0.891,0.555,0.832,0.63,0.074,0.831,0.36,0.287,0.643,0.65,0.036,0.865,-0.093,0.811,0.651,0.893,0.505,0.8,0.829,0.83,0.497,0.671,0.283,0.898,0.907,0.654,0.661,-0.205,0.225,0.046,0.396,0.274,0.634,0.921,0.843,0.284,0.801,0.174,0.866,0.923,0.733,0.88,0.817,0.882,-0.442,0.927,0.669,-0.216,0.606,0.626,-0.014,-0.132,0.411,-0.041,0.796,0.21,-0.261,0.73,0.811,-0.212,0.772,-0.301,0.488,0.76,-0.529,0.701,0.188,0.636,0.83,0.288,0.938,0.131,0.174,-0.415,0.676,-0.102,0.29,0.247,0.888,0.793,0.84,-0.485,0.972,0.327,0.719,0.836,-0.308,-0.102,0.612,0.482,0.524,0.438,0.17,0.235,0.764,0.826,0.282,0.79,0.006,0.728,0.074,-0.149,0.467,0.888,0.51,0.899,0.77,0.208,0.768,0.84,0.906,0.902,-0.038,0.615,0.733,0.251,0.615,0.824,0.287,0.91,0.401,0.63,0.292,0.872,0.503
ARCB,0.834,0.497,0.009,0.093,0.7,0.51,0.477,0.614,0.36,0.517,0.319,0.624,0.828,0.0,0.766,0.173,0.62,0.24,0.639,0.685,0.495,0.559,0.935,0.888,0.318,0.672,0.143,0.842,0.59,0.777,0.634,0.371,0.674,-0.671,0.284,0.039,0.763,0.755,0.333,0.058,0.563,-0.264,0.782,-0.44,0.429,-0.209,0.309,0.43,0.497,0.658,-0.082,0.582,0.653,0.567,0.418,0.725,0.858,0.877,0.819,0.615,0.498,0.44,0.675,0.795,0.712,0.349,-0.151,0.478,0.113,0.469,0.484,0.815,0.511,0.626,0.545,0.759,0.528,0.646,0.483,0.158,0.652,0.241,0.227,0.701,0.809,0.337,0.675,0.177,0.73,0.586,0.868,0.551,0.8,0.699,0.805,0.472,0.628,0.213,0.884,0.75,0.644,0.38,0.102,0.022,0.273,0.453,0.186,0.465,0.847,0.806,0.362,0.833,0.381,0.701,0.815,0.689,0.76,0.727,0.667,-0.273,0.811,0.395,-0.103,0.44,0.457,0.122,0.156,0.62,0.227,0.868,0.402,0.054,0.767,0.573,-0.171,0.826,-0.142,0.548,0.61,-0.214,0.418,0.393,0.509,0.862,0.324,0.728,0.172,0.425,-0.14,0.346,-0.045,0.233,0.539,0.644,0.664,0.843,-0.11,0.792,0.407,0.445,0.677,-0.069,0.195,0.585,0.142,0.624,0.536,0.253,0.47,0.585,0.697,0.523,0.84,0.338,0.718,0.069,-0.056,0.533,0.826,0.723,0.724,0.852,0.215,0.776,0.92,0.757,0.743,-0.192,0.783,0.654,0.173,0.703,0.623,0.502,0.867,0.347,0.404,0.342,0.836,0.583
ARCC,0.831,0.741,-0.311,0.449,0.695,0.171,0.184,0.345,0.769,0.796,-0.055,0.205,0.884,0.766,0.0,-0.055,0.886,0.533,0.561,0.861,0.004,0.865,0.815,0.712,0.341,0.676,0.429,0.747,0.52,0.896,0.785,0.056,0.543,-0.741,0.189,-0.463,0.926,0.693,0.279,-0.401,0.666,-0.654,0.771,-0.689,0.725,-0.471,-0.165,0.046,0.814,0.874,-0.426,0.189,0.719,0.35,-0.068,0.91,0.626,0.608,0.796,0.079,0.655,0.795,0.837,0.782,0.727,-0.116,0.136,0.248,-0.314,0.707,0.063,0.823,0.424,0.467,0.036,0.866,0.506,0.853,0.631,0.012,0.903,0.512,0.405,0.497,0.501,-0.044,0.79,-0.273,0.891,0.431,0.843,0.212,0.627,0.77,0.661,0.565,0.425,0.066,0.828,0.809,0.468,0.791,-0.35,0.36,0.111,0.555,0.524,0.648,0.883,0.808,0.21,0.608,0.009,0.859,0.904,0.562,0.736,0.76,0.861,-0.428,0.786,0.78,-0.489,0.729,0.745,-0.124,-0.302,0.209,-0.137,0.697,0.168,-0.463,0.458,0.86,-0.297,0.709,-0.504,0.17,0.721,-0.498,0.778,0.095,0.425,0.626,0.456,0.911,-0.123,-0.103,-0.638,0.739,-0.184,0.45,0.072,0.841,0.775,0.74,-0.644,0.878,0.205,0.702,0.856,-0.484,-0.224,0.737,0.472,0.42,0.545,-0.046,0.016,0.779,0.821,0.085,0.802,-0.224,0.666,0.085,-0.069,0.435,0.788,0.601,0.878,0.747,0.267,0.548,0.673,0.892,0.891,0.18,0.433,0.735,0.266,0.749,0.811,0.065,0.856,0.117,0.477,-0.027,0.737,0.539
ARVN,0.063,0.196,0.328,-0.535,0.098,0.278,0.577,0.256,-0.399,-0.362,0.784,0.624,0.091,0.173,-0.055,0.0,-0.054,-0.207,0.248,-0.241,0.72,-0.241,0.312,0.1,-0.493,0.14,-0.725,0.115,0.638,0.098,0.442,0.728,0.649,-0.343,-0.586,0.461,0.076,0.412,-0.513,0.73,0.227,0.712,0.453,0.278,-0.412,0.258,0.408,0.824,-0.173,-0.132,-0.002,0.721,0.115,0.786,0.799,0.015,0.525,0.268,0.271,0.555,0.18,-0.06,-0.299,0.381,0.209,0.793,-0.786,0.558,0.723,0.052,0.552,-0.206,0.016,0.669,0.637,-0.12,0.4,-0.355,0.255,0.67,-0.28,-0.744,-0.613,-0.146,0.504,0.287,0.341,0.759,-0.256,0.056,-0.046,0.714,0.409,0.258,0.44,0.33,0.468,0.642,0.264,0.065,0.438,-0.051,0.56,-0.663,0.158,-0.078,-0.322,-0.317,0.187,0.224,0.907,0.436,0.839,-0.076,-0.073,0.569,0.127,0.347,0.204,-0.426,0.121,-0.301,0.734,-0.586,-0.568,-0.413,0.749,0.629,-0.136,-0.012,0.642,0.595,0.463,-0.192,0.582,0.404,0.753,0.57,0.007,0.141,-0.3,0.781,0.517,0.34,-0.253,0.177,0.829,0.71,0.594,-0.061,-0.234,-0.747,0.496,0.011,-0.04,0.067,0.288,0.137,0.699,0.234,-0.308,0.742,0.652,-0.223,-0.159,0.601,-0.464,0.822,0.775,0.194,0.382,0.714,0.053,0.588,-0.108,0.059,0.67,0.547,0.321,0.314,-0.15,0.37,0.744,0.367,0.275,0.097,0.035,-0.432,0.558,-0.471,-0.572,-0.39,0.106,0.803,0.108,0.532,0.238,0.646,0.435,0.596
ATEC,0.724,0.752,-0.424,0.396,0.61,0.09,0.07,0.183,0.797,0.793,-0.116,0.059,0.805,0.62,0.886,-0.054,0.0,0.661,0.448,0.769,-0.141,0.88,0.697,0.6,0.253,0.61,0.446,0.673,0.507,0.823,0.748,-0.078,0.517,-0.652,0.088,-0.597,0.838,0.551,0.123,-0.525,0.587,-0.621,0.69,-0.598,0.769,-0.536,-0.234,-0.025,0.849,0.764,-0.62,0.129,0.665,0.266,-0.187,0.91,0.507,0.436,0.71,-0.095,0.618,0.845,0.822,0.686,0.697,-0.19,0.14,0.258,-0.383,0.739,-0.138,0.651,0.265,0.364,-0.104,0.824,0.583,0.811,0.59,-0.029,0.858,0.447,0.327,0.411,0.332,-0.273,0.793,-0.366,0.785,0.436,0.743,0.142,0.513,0.689,0.568,0.509,0.362,0.081,0.699,0.785,0.477,0.868,-0.46,0.365,-0.014,0.451,0.483,0.698,0.759,0.675,0.212,0.502,-0.122,0.764,0.824,0.552,0.678,0.681,0.85,-0.543,0.69,0.795,-0.468,0.681,0.696,-0.219,-0.395,0.027,-0.19,0.518,0.081,-0.522,0.332,0.907,-0.141,0.546,-0.515,0.149,0.713,-0.564,0.807,-0.025,0.421,0.49,0.363,0.882,-0.153,-0.208,-0.656,0.724,-0.174,0.368,-0.108,0.772,0.72,0.571,-0.692,0.802,0.122,0.791,0.843,-0.469,-0.321,0.671,0.616,0.388,0.43,-0.066,-0.107,0.808,0.782,-0.058,0.689,-0.367,0.573,0.057,-0.059,0.452,0.645,0.481,0.83,0.591,0.36,0.405,0.525,0.839,0.784,0.377,0.268,0.653,0.229,0.642,0.795,-0.048,0.778,0.081,0.537,-0.069,0.668,0.443
ATXS,0.42,0.493,-0.626,0.291,0.315,-0.124,-0.288,-0.133,0.675,0.568,-0.287,-0.323,0.458,0.24,0.533,-0.207,0.661,0.0,0.138,0.46,-0.422,0.67,0.324,0.332,0.19,0.334,0.44,0.432,0.335,0.486,0.375,-0.411,0.23,-0.444,0.061,-0.709,0.431,0.227,-0.05,-0.643,0.234,-0.577,0.292,-0.47,0.632,-0.439,-0.476,-0.284,0.682,0.497,-0.744,-0.112,0.401,-0.083,-0.454,0.608,0.101,-0.001,0.348,-0.415,0.266,0.658,0.599,0.319,0.469,-0.374,0.23,0.149,-0.576,0.483,-0.495,0.411,-0.099,-0.021,-0.423,0.573,0.308,0.597,0.451,-0.267,0.675,0.418,0.121,0.188,-0.055,-0.442,0.439,-0.551,0.462,0.387,0.39,-0.219,0.215,0.276,0.223,0.16,0.123,-0.107,0.313,0.577,0.232,0.709,-0.677,0.434,-0.176,0.184,0.314,0.746,0.345,0.256,-0.096,0.1,-0.401,0.388,0.537,0.197,0.402,0.277,0.526,-0.44,0.364,0.603,-0.487,0.538,0.548,-0.278,-0.59,-0.348,-0.19,0.123,-0.199,-0.636,0.028,0.692,-0.126,0.201,-0.571,-0.016,0.532,-0.601,0.594,-0.331,0.175,0.131,0.224,0.565,-0.35,-0.399,-0.591,0.545,-0.205,0.333,-0.406,0.439,0.359,0.229,-0.632,0.508,-0.2,0.623,0.651,-0.443,-0.512,0.341,0.559,0.112,0.259,-0.279,-0.371,0.549,0.393,-0.361,0.444,-0.579,0.292,-0.262,-0.158,0.097,0.227,0.12,0.547,0.198,0.201,0.166,0.14,0.568,0.366,0.514,-0.091,0.421,0.285,0.352,0.515,-0.31,0.364,-0.103,0.372,-0.227,0.276,0.099
AVAV,0.562,0.171,0.397,0.313,0.687,-0.072,0.755,0.676,0.216,0.221,0.034,0.573,0.485,0.639,0.561,0.248,0.448,0.138,0.0,0.705,0.318,0.233,0.653,0.516,-0.073,0.163,0.153,0.358,0.25,0.349,0.55,0.51,0.377,-0.387,0.352,0.197,0.606,0.765,0.173,0.101,0.822,-0.103,0.452,-0.108,0.381,-0.352,0.322,0.249,0.204,0.365,0.156,0.452,0.256,0.275,0.296,0.423,0.575,0.574,0.39,0.455,0.64,0.261,0.354,0.448,0.243,0.189,0.138,0.113,0.007,0.068,0.417,0.626,0.775,0.303,0.45,0.438,0.137,0.245,0.231,0.193,0.392,0.212,0.149,0.327,0.695,0.213,0.362,0.179,0.6,0.191,0.464,0.249,0.34,0.485,0.307,0.604,0.068,-0.226,0.644,0.423,0.08,0.324,0.281,-0.118,0.656,0.64,0.451,0.043,0.627,0.653,0.452,0.505,0.433,0.395,0.418,0.306,0.409,0.39,0.362,-0.141,0.449,0.249,-0.185,0.259,0.269,-0.094,0.296,0.503,0.288,0.587,0.687,0.046,0.334,0.302,-0.161,0.481,-0.228,0.087,0.235,0.203,0.165,0.446,-0.008,0.448,0.547,0.48,-0.017,0.188,-0.132,0.14,-0.154,0.285,0.547,0.324,0.472,0.417,-0.111,0.443,0.506,0.133,0.404,-0.102,0.432,0.604,0.143,0.377,0.508,0.054,0.349,0.279,0.487,0.301,0.469,0.256,0.397,0.122,0.378,0.427,0.564,0.868,0.306,0.668,0.413,0.31,0.52,0.518,0.455,-0.097,0.517,0.416,-0.154,0.62,0.201,0.305,0.562,-0.127,-0.127,-0.092,0.483,0.781
AXON,0.752,0.465,-0.074,0.641,0.772,-0.048,0.262,0.492,0.731,0.693,-0.307,0.206,0.738,0.685,0.861,-0.241,0.769,0.46,0.705,0.0,-0.09,0.702,0.665,0.606,0.337,0.452,0.631,0.541,0.213,0.659,0.593,0.063,0.269,-0.524,0.491,-0.331,0.808,0.621,0.388,-0.434,0.711,-0.67,0.52,-0.577,0.761,-0.506,-0.081,-0.155,0.66,0.765,-0.177,0.059,0.506,0.073,-0.17,0.742,0.477,0.553,0.552,0.061,0.678,0.627,0.739,0.545,0.465,-0.26,0.411,-0.022,-0.443,0.425,0.088,0.85,0.626,0.184,0.037,0.755,0.206,0.748,0.385,-0.074,0.798,0.673,0.566,0.525,0.443,-0.073,0.538,-0.357,0.919,0.294,0.742,0.018,0.369,0.659,0.377,0.558,0.106,-0.284,0.715,0.649,0.147,0.641,-0.245,0.42,0.376,0.646,0.64,0.512,0.778,0.723,0.046,0.455,-0.077,0.768,0.743,0.291,0.581,0.539,0.63,-0.17,0.65,0.722,-0.609,0.771,0.775,0.039,-0.287,0.136,0.071,0.726,0.247,-0.46,0.284,0.707,-0.466,0.521,-0.667,-0.074,0.515,-0.194,0.684,0.004,0.056,0.444,0.598,0.717,-0.366,-0.219,-0.636,0.529,-0.102,0.693,0.141,0.665,0.764,0.643,-0.565,0.693,0.167,0.389,0.789,-0.59,-0.117,0.806,0.499,0.218,0.754,-0.255,-0.1,0.519,0.609,-0.088,0.641,-0.186,0.603,0.185,-0.126,0.254,0.62,0.678,0.724,0.615,0.133,0.337,0.546,0.752,0.758,0.229,0.295,0.834,0.27,0.847,0.532,-0.09,0.738,-0.186,0.132,-0.282,0.523,0.511
BANF,0.285,0.043,0.483,-0.462,0.251,0.639,0.668,0.545,-0.46,-0.233,0.852,0.875,0.254,0.495,0.004,0.72,-0.141,-0.422,0.318,-0.09,0.0,-0.216,0.481,0.39,-0.109,0.307,-0.588,0.353,0.517,0.183,0.298,0.813,0.608,-0.297,-0.17,0.717,0.124,0.459,-0.012,0.829,0.191,0.63,0.479,0.156,-0.411,0.423,0.694,0.874,-0.232,-0.004,0.379,0.845,0.211,0.778,0.954,0.043,0.733,0.675,0.423,0.917,0.105,-0.231,-0.153,0.46,0.288,0.916,-0.724,0.601,0.833,-0.013,0.865,0.055,0.27,0.732,0.947,0.05,0.32,-0.172,0.081,0.573,-0.215,-0.528,-0.337,0.302,0.77,0.611,0.273,0.853,-0.058,0.315,0.267,0.871,0.595,0.325,0.58,0.216,0.62,0.589,0.44,0.175,0.524,-0.303,0.755,-0.597,0.272,-0.042,-0.407,-0.28,0.34,0.365,0.659,0.699,0.907,0.092,0.11,0.588,0.324,0.383,0.119,-0.081,0.354,-0.346,0.715,-0.383,-0.371,0.155,0.857,0.911,0.237,0.451,0.612,0.799,0.759,-0.217,0.311,0.548,0.704,0.769,0.056,0.262,-0.32,0.795,0.507,0.65,-0.207,0.128,0.798,0.948,0.68,-0.222,0.106,-0.488,0.865,0.104,0.121,0.394,0.558,0.241,0.716,-0.012,-0.15,0.665,0.754,-0.098,-0.296,0.64,-0.083,0.786,0.956,0.061,0.301,0.912,0.228,0.922,0.194,0.174,0.277,0.478,0.498,0.42,0.018,0.511,0.293,0.601,0.629,0.129,0.171,-0.658,0.839,-0.091,-0.309,-0.076,0.074,0.938,0.306,0.653,0.209,0.8,0.532,0.459
BATRK,0.777,0.755,-0.646,0.482,0.507,0.202,-0.187,0.013,0.887,0.915,-0.123,-0.097,0.818,0.559,0.865,-0.241,0.88,0.67,0.233,0.702,-0.216,0.0,0.626,0.619,0.54,0.739,0.547,0.741,0.465,0.861,0.67,-0.246,0.442,-0.683,0.168,-0.741,0.756,0.407,0.322,-0.647,0.38,-0.747,0.64,-0.805,0.802,-0.336,-0.409,-0.172,0.932,0.881,-0.677,-0.019,0.776,0.197,-0.319,0.919,0.428,0.422,0.737,-0.206,0.411,0.885,0.842,0.714,0.761,-0.323,0.17,0.314,-0.449,0.841,-0.227,0.687,0.097,0.321,-0.243,0.903,0.444,0.933,0.652,-0.094,0.927,0.591,0.474,0.476,0.249,-0.347,0.748,-0.532,0.754,0.562,0.803,0.08,0.553,0.701,0.581,0.305,0.382,0.136,0.621,0.855,0.468,0.868,-0.653,0.573,-0.217,0.246,0.397,0.842,0.743,0.558,-0.043,0.473,-0.276,0.823,0.887,0.496,0.728,0.654,0.821,-0.411,0.752,0.812,-0.482,0.819,0.832,-0.036,-0.562,-0.039,-0.27,0.526,-0.22,-0.657,0.347,0.925,-0.179,0.512,-0.585,0.163,0.801,-0.767,0.909,-0.165,0.471,0.469,0.197,0.858,-0.203,-0.256,-0.769,0.841,-0.019,0.5,-0.221,0.824,0.682,0.643,-0.742,0.836,-0.045,0.809,0.921,-0.526,-0.527,0.539,0.648,0.329,0.513,-0.126,-0.199,0.743,0.693,-0.162,0.729,-0.473,0.69,-0.013,-0.292,0.261,0.609,0.272,0.924,0.507,0.127,0.468,0.527,0.84,0.809,0.356,0.228,0.751,0.496,0.589,0.856,-0.13,0.743,0.12,0.659,-0.025,0.591,0.2
BIDU,0.871,0.609,-0.086,0.071,0.7,0.512,0.463,0.541,0.405,0.57,0.392,0.594,0.881,0.935,0.815,0.312,0.697,0.324,0.653,0.665,0.481,0.626,0.0,0.91,0.264,0.728,0.049,0.885,0.734,0.842,0.777,0.389,0.804,-0.778,0.137,-0.057,0.806,0.841,0.195,0.053,0.617,-0.228,0.884,-0.466,0.44,-0.227,0.212,0.502,0.576,0.701,-0.248,0.635,0.74,0.675,0.427,0.8,0.893,0.831,0.892,0.557,0.548,0.564,0.695,0.892,0.826,0.368,-0.251,0.587,0.123,0.571,0.411,0.768,0.419,0.731,0.491,0.802,0.633,0.659,0.634,0.205,0.697,0.167,0.112,0.64,0.827,0.255,0.778,0.193,0.702,0.638,0.866,0.585,0.88,0.748,0.875,0.497,0.7,0.304,0.917,0.843,0.722,0.505,0.019,-0.004,0.181,0.435,0.179,0.507,0.888,0.845,0.478,0.848,0.421,0.712,0.846,0.783,0.83,0.806,0.785,-0.442,0.851,0.455,-0.062,0.414,0.436,-0.049,0.151,0.603,0.087,0.77,0.42,0.008,0.798,0.646,-0.064,0.848,-0.115,0.599,0.709,-0.353,0.461,0.424,0.624,0.875,0.282,0.833,0.259,0.412,-0.182,0.476,-0.162,0.128,0.484,0.709,0.647,0.801,-0.238,0.873,0.495,0.599,0.702,-0.022,0.158,0.559,0.202,0.709,0.434,0.332,0.484,0.72,0.809,0.53,0.881,0.259,0.701,0.032,0.083,0.628,0.883,0.729,0.763,0.9,0.366,0.819,0.912,0.838,0.775,-0.146,0.804,0.576,0.107,0.625,0.726,0.53,0.901,0.434,0.525,0.386,0.91,0.661
BLNE,0.843,0.475,-0.181,0.082,0.611,0.565,0.294,0.455,0.407,0.603,0.29,0.441,0.807,0.888,0.712,0.1,0.6,0.332,0.516,0.606,0.39,0.619,0.91,0.0,0.438,0.721,0.137,0.896,0.588,0.767,0.591,0.194,0.655,-0.646,0.296,-0.106,0.674,0.676,0.303,-0.047,0.443,-0.306,0.733,-0.469,0.492,-0.163,0.162,0.363,0.573,0.66,-0.237,0.507,0.708,0.496,0.321,0.731,0.789,0.791,0.804,0.528,0.383,0.513,0.741,0.788,0.81,0.238,-0.152,0.546,0.007,0.513,0.31,0.787,0.306,0.608,0.388,0.816,0.553,0.704,0.578,0.008,0.701,0.277,0.2,0.737,0.743,0.206,0.623,0.085,0.664,0.74,0.889,0.44,0.854,0.623,0.778,0.272,0.626,0.207,0.792,0.852,0.667,0.399,-0.104,0.105,0.098,0.306,0.099,0.61,0.797,0.706,0.227,0.737,0.248,0.652,0.837,0.66,0.812,0.688,0.652,-0.285,0.829,0.415,-0.134,0.493,0.513,0.149,0.022,0.497,0.146,0.734,0.193,-0.027,0.732,0.605,-0.167,0.69,-0.215,0.574,0.709,-0.412,0.436,0.233,0.535,0.802,0.181,0.718,0.115,0.365,-0.207,0.41,-0.043,0.247,0.432,0.618,0.544,0.778,-0.196,0.808,0.373,0.473,0.739,-0.074,0.039,0.459,0.142,0.64,0.541,0.214,0.369,0.616,0.659,0.426,0.905,0.211,0.721,-0.048,-0.122,0.483,0.764,0.63,0.763,0.802,0.124,0.805,0.869,0.767,0.664,-0.066,0.736,0.649,0.269,0.69,0.659,0.395,0.857,0.39,0.519,0.325,0.792,0.432
BLNK,0.467,0.108,-0.388,0.396,0.165,0.342,-0.383,-0.107,0.437,0.622,-0.08,-0.123,0.41,0.318,0.341,-0.493,0.253,0.19,-0.073,0.337,-0.109,0.54,0.264,0.438,0.0,0.566,0.547,0.495,0.043,0.383,0.079,-0.191,0.011,-0.279,0.512,-0.343,0.167,-0.0,0.656,-0.397,-0.079,-0.477,0.162,-0.612,0.39,0.253,-0.318,-0.291,0.414,0.547,-0.117,-0.137,0.583,-0.048,-0.247,0.406,0.136,0.309,0.377,-0.033,-0.177,0.332,0.448,0.328,0.462,-0.297,0.171,0.219,-0.22,0.37,-0.089,0.46,0.033,0.008,-0.106,0.564,-0.113,0.618,0.243,-0.107,0.492,0.617,0.647,0.647,0.152,-0.108,0.136,-0.399,0.358,0.527,0.592,0.004,0.342,0.349,0.296,-0.219,0.216,-0.002,0.186,0.491,0.193,0.169,-0.407,0.611,-0.321,-0.144,-0.06,0.546,0.335,0.117,-0.497,0.265,-0.327,0.501,0.541,0.075,0.439,0.274,0.19,0.274,0.46,0.289,-0.22,0.697,0.692,0.582,-0.363,-0.001,0.01,0.452,-0.406,-0.359,0.261,0.349,-0.201,0.154,-0.41,0.105,0.449,-0.479,0.547,-0.335,0.146,0.287,-0.104,0.259,-0.175,-0.096,-0.42,0.354,0.405,0.613,-0.066,0.354,0.291,0.498,-0.221,0.402,-0.255,0.188,0.578,-0.308,-0.396,0.151,0.289,0.054,0.563,-0.163,-0.166,0.063,0.059,-0.165,0.47,-0.15,0.643,0.05,-0.675,-0.292,0.174,-0.013,0.558,0.099,-0.475,0.343,0.365,0.334,0.414,-0.001,0.13,0.64,0.8,0.349,0.325,-0.111,0.406,0.141,0.36,0.09,0.141,-0.316
BTAI,0.808,0.679,-0.463,0.088,0.484,0.616,-0.008,0.131,0.539,0.709,0.429,0.275,0.811,0.672,0.676,0.14,0.61,0.334,0.163,0.452,0.307,0.739,0.728,0.721,0.566,0.0,0.155,0.857,0.722,0.855,0.674,0.149,0.733,-0.769,0.029,-0.323,0.589,0.45,0.231,-0.134,0.234,-0.267,0.773,-0.702,0.407,0.095,-0.141,0.245,0.741,0.789,-0.468,0.339,0.898,0.618,0.199,0.791,0.687,0.652,0.878,0.244,0.239,0.667,0.622,0.869,0.904,0.164,-0.354,0.637,0.057,0.766,0.218,0.519,0.012,0.685,0.214,0.827,0.536,0.743,0.687,0.311,0.666,0.244,0.232,0.647,0.561,-0.029,0.75,-0.026,0.522,0.687,0.839,0.53,0.851,0.768,0.831,0.213,0.751,0.531,0.707,0.84,0.754,0.513,-0.283,0.318,-0.259,-0.053,-0.058,0.678,0.766,0.582,0.174,0.748,0.181,0.771,0.82,0.766,0.816,0.848,0.757,-0.33,0.855,0.502,0.047,0.559,0.578,0.212,-0.08,0.356,-0.203,0.601,-0.05,-0.149,0.74,0.608,0.103,0.75,-0.062,0.61,0.761,-0.661,0.676,0.149,0.755,0.73,-0.152,0.774,0.325,0.29,-0.25,0.655,0.133,0.157,0.185,0.751,0.559,0.755,-0.393,0.859,0.284,0.681,0.693,-0.032,-0.171,0.197,0.43,0.67,0.324,0.423,0.261,0.629,0.704,0.295,0.758,0.06,0.645,0.105,-0.268,0.35,0.702,0.309,0.835,0.603,0.146,0.813,0.758,0.787,0.75,-0.039,0.59,0.573,0.407,0.329,0.812,0.339,0.769,0.633,0.866,0.543,0.753,0.227
BYND,0.298,0.094,-0.343,0.718,0.257,-0.312,-0.312,-0.05,0.714,0.566,-0.677,-0.394,0.234,0.143,0.429,-0.725,0.446,0.44,0.153,0.631,-0.588,0.547,0.049,0.137,0.547,0.155,0.0,0.133,-0.327,0.205,0.053,-0.453,-0.339,-0.038,0.594,-0.561,0.258,-0.078,0.457,-0.783,0.195,-0.792,-0.11,-0.481,0.71,-0.309,-0.433,-0.747,0.497,0.463,-0.2,-0.501,0.221,-0.493,-0.698,0.354,-0.158,-0.01,0.03,-0.447,0.182,0.428,0.508,0.001,0.076,-0.741,0.743,-0.347,-0.72,0.231,-0.388,0.511,0.233,-0.424,-0.476,0.462,-0.265,0.588,0.065,-0.317,0.55,0.856,0.74,0.323,-0.171,-0.411,0.042,-0.779,0.554,0.064,0.368,-0.516,-0.153,0.21,-0.156,0.063,-0.361,-0.526,0.082,0.267,-0.274,0.431,-0.579,0.744,0.043,0.199,0.52,0.498,0.228,0.088,-0.551,-0.102,-0.644,0.439,0.368,-0.272,0.14,0.031,0.157,0.189,0.172,0.553,-0.733,0.809,0.79,0.278,-0.677,-0.417,-0.043,0.274,-0.347,-0.715,-0.281,0.449,-0.405,-0.04,-0.831,-0.491,0.251,-0.23,0.659,-0.515,-0.337,-0.134,0.307,0.23,-0.724,-0.634,-0.752,0.371,0.206,0.883,-0.352,0.266,0.398,0.219,-0.518,0.206,-0.406,0.094,0.569,-0.72,-0.517,0.419,0.554,-0.235,0.71,-0.611,-0.6,0.071,0.026,-0.64,0.244,-0.555,0.35,0.128,-0.484,-0.328,-0.012,0.103,0.45,-0.026,-0.27,-0.163,-0.003,0.279,0.323,0.516,-0.308,0.694,0.582,0.554,0.187,-0.583,0.239,-0.519,-0.065,-0.578,-0.12,-0.178
CAN,0.89,0.612,-0.378,0.042,0.569,0.643,0.131,0.3,0.484,0.713,0.375,0.368,0.879,0.842,0.747,0.115,0.673,0.432,0.358,0.541,0.353,0.741,0.885,0.896,0.495,0.857,0.133,0.0,0.7,0.867,0.667,0.144,0.738,-0.772,0.155,-0.246,0.675,0.599,0.327,-0.127,0.365,-0.323,0.807,-0.61,0.457,-0.08,0.057,0.352,0.671,0.748,-0.398,0.485,0.812,0.581,0.25,0.83,0.783,0.741,0.902,0.391,0.321,0.623,0.738,0.879,0.918,0.241,-0.267,0.697,0.033,0.703,0.208,0.701,0.143,0.663,0.309,0.875,0.613,0.778,0.653,0.085,0.742,0.246,0.155,0.683,0.686,0.125,0.759,0.017,0.631,0.852,0.9,0.512,0.898,0.697,0.872,0.247,0.757,0.378,0.815,0.925,0.784,0.51,-0.213,0.154,-0.113,0.146,0.027,0.695,0.801,0.69,0.22,0.804,0.21,0.723,0.889,0.758,0.9,0.773,0.756,-0.378,0.898,0.473,-0.072,0.524,0.548,0.115,-0.051,0.459,-0.004,0.707,0.071,-0.118,0.783,0.711,-0.043,0.764,-0.181,0.668,0.783,-0.612,0.573,0.196,0.71,0.855,0.056,0.797,0.222,0.348,-0.253,0.559,0.012,0.172,0.294,0.72,0.593,0.805,-0.279,0.888,0.277,0.666,0.797,-0.081,-0.109,0.381,0.302,0.646,0.446,0.281,0.327,0.705,0.702,0.375,0.893,0.114,0.756,-0.068,-0.203,0.459,0.784,0.438,0.849,0.73,0.152,0.839,0.876,0.821,0.742,-0.074,0.711,0.648,0.342,0.533,0.784,0.392,0.859,0.528,0.722,0.463,0.826,0.327
CCEC,0.626,0.685,-0.255,-0.239,0.397,0.536,0.249,0.193,0.217,0.344,0.665,0.471,0.705,0.59,0.52,0.638,0.507,0.335,0.25,0.213,0.517,0.465,0.734,0.588,0.043,0.722,-0.327,0.7,0.0,0.736,0.754,0.388,0.93,-0.852,-0.361,-0.105,0.57,0.647,-0.201,0.219,0.296,0.104,0.871,-0.399,0.1,0.013,0.058,0.656,0.477,0.516,-0.485,0.652,0.695,0.853,0.508,0.663,0.746,0.556,0.82,0.383,0.275,0.5,0.331,0.839,0.789,0.539,-0.679,0.737,0.355,0.607,0.302,0.304,-0.028,0.82,0.407,0.548,0.672,0.389,0.693,0.429,0.424,-0.259,-0.249,0.324,0.605,0.103,0.801,0.31,0.282,0.537,0.563,0.751,0.839,0.648,0.876,0.386,0.853,0.68,0.691,0.688,0.818,0.46,0.003,-0.175,-0.148,0.064,-0.17,0.391,0.665,0.597,0.639,0.739,0.503,0.495,0.618,0.864,0.693,0.774,0.75,-0.649,0.7,0.263,0.342,0.048,0.075,-0.316,0.232,0.52,-0.194,0.4,0.322,0.095,0.78,0.458,0.295,0.725,0.274,0.74,0.593,-0.49,0.336,0.475,0.861,0.74,-0.105,0.75,0.625,0.509,0.062,0.483,-0.243,-0.346,0.279,0.612,0.402,0.573,-0.215,0.758,0.49,0.757,0.395,0.286,0.136,0.138,0.228,0.734,-0.132,0.625,0.533,0.677,0.759,0.579,0.59,0.236,0.409,-0.073,0.195,0.589,0.716,0.357,0.542,0.659,0.539,0.772,0.673,0.683,0.587,-0.243,0.674,0.127,-0.076,0.041,0.701,0.629,0.63,0.691,0.747,0.676,0.839,0.546
CDW,0.849,0.861,-0.444,0.181,0.588,0.453,0.106,0.258,0.688,0.76,0.223,0.267,0.945,0.777,0.896,0.098,0.823,0.486,0.349,0.659,0.183,0.861,0.842,0.767,0.383,0.855,0.205,0.867,0.736,0.0,0.806,0.072,0.745,-0.847,-0.015,-0.437,0.865,0.639,0.201,-0.277,0.454,-0.481,0.89,-0.759,0.561,-0.281,-0.125,0.25,0.839,0.884,-0.536,0.3,0.831,0.574,0.096,0.941,0.729,0.678,0.921,0.164,0.524,0.777,0.785,0.9,0.874,0.104,-0.188,0.5,-0.114,0.842,0.119,0.706,0.163,0.675,0.134,0.871,0.676,0.846,0.73,0.099,0.848,0.308,0.234,0.513,0.555,-0.008,0.899,-0.137,0.743,0.577,0.87,0.458,0.803,0.82,0.855,0.453,0.693,0.392,0.839,0.875,0.717,0.715,-0.32,0.267,-0.093,0.33,0.272,0.714,0.878,0.792,0.276,0.736,0.127,0.857,0.919,0.782,0.82,0.858,0.942,-0.545,0.87,0.724,-0.233,0.601,0.624,-0.07,-0.215,0.318,-0.214,0.687,0.092,-0.3,0.685,0.841,-0.143,0.799,-0.249,0.468,0.811,-0.642,0.75,0.146,0.722,0.761,0.196,0.94,0.145,0.11,-0.456,0.765,-0.147,0.204,0.118,0.906,0.747,0.814,-0.57,0.956,0.245,0.818,0.811,-0.289,-0.237,0.524,0.467,0.553,0.334,0.211,0.172,0.849,0.871,0.246,0.82,-0.095,0.677,0.033,-0.122,0.52,0.853,0.431,0.923,0.742,0.252,0.756,0.779,0.91,0.897,0.064,0.547,0.652,0.249,0.555,0.927,0.248,0.847,0.449,0.746,0.306,0.862,0.446
CDXS,0.75,0.798,-0.165,0.171,0.628,0.231,0.398,0.364,0.565,0.539,0.329,0.402,0.79,0.634,0.785,0.442,0.748,0.375,0.55,0.593,0.298,0.67,0.777,0.591,0.079,0.674,0.053,0.667,0.754,0.806,0.0,0.371,0.785,-0.833,-0.213,-0.248,0.809,0.748,-0.074,-0.056,0.609,-0.216,0.889,-0.48,0.463,-0.26,-0.005,0.377,0.667,0.707,-0.457,0.413,0.693,0.701,0.252,0.788,0.755,0.587,0.792,0.229,0.679,0.77,0.563,0.89,0.727,0.218,-0.288,0.545,0.027,0.755,0.265,0.551,0.277,0.736,0.278,0.687,0.592,0.569,0.767,0.383,0.638,0.07,0.008,0.266,0.645,-0.019,0.875,0.094,0.593,0.406,0.682,0.509,0.682,0.831,0.746,0.701,0.554,0.433,0.783,0.753,0.525,0.732,-0.077,0.019,0.137,0.362,0.366,0.391,0.86,0.795,0.627,0.684,0.402,0.783,0.693,0.781,0.676,0.872,0.879,-0.608,0.727,0.627,-0.04,0.35,0.368,-0.306,0.082,0.412,-0.35,0.542,0.415,-0.135,0.591,0.653,0.11,0.774,-0.062,0.372,0.666,-0.409,0.638,0.409,0.656,0.617,0.18,0.88,0.32,0.182,-0.314,0.758,-0.277,0.008,0.222,0.813,0.727,0.619,-0.527,0.825,0.56,0.787,0.568,-0.059,0.033,0.472,0.484,0.642,0.196,0.434,0.325,0.79,0.942,0.317,0.654,0.017,0.461,0.224,0.323,0.643,0.815,0.582,0.71,0.747,0.62,0.644,0.643,0.825,0.812,0.017,0.607,0.409,-0.09,0.37,0.807,0.385,0.723,0.395,0.59,0.283,0.824,0.716
