,ABEO,ACHC,AGNCN,AKAM,AKRO,ALRM,AMAT,AMED,AMRN,ANGI,APA,APOG,APPS,ARCB,ARCC,ARVN,ATEC,ATXS,AVAV,AXON,BANF,BATRK,BIDU,BLNE,BLNK,BTAI,BYND,CAN,CCEC,CDW,CDXS,CELH,CGNX,CHKP,CHRS,CHRW,CIGI,CKPT,CMPR,COGT,CRNC,CRSP,CSTL,CTSH,CVGW,DGLY,DNLI,DOCU,DVAX,EBAY,EHTH,ERII,ESLT,EXPE,EXPO,FBIOP,FFBC,FFIN,FOXF,FWRD,GDS,GERN,GPRE,GRWG,GRYP,HEES,HELE,HIVE,HON,HRTX,HSTM,HURA,IART,IBKR,IBOC,IBRX,IDXX,INGN,INM,INVA,IQ,IRBT,KDP,KPTI,KTOS,KXIN,LAMR,LFUS,LGIH,LGMK,LKFN,LNW,LOPE,LPSN,LYFT,MGNX,MLCO,MNST,MODV,MSTR,MTCH,MYGN,MYRG,NCMI,NEXT,NFLX,NIU,NKTR,NRC,NTNX,NTRA,NVEE,NVMI,NWL,NWS,NXPI,OCGN,OCSL,OKTA,OLLI,OTLK,OXLC,PAA,PARA,PARAA,PDCO,PDFS,PFG,PGEN,PNFP,PODD,POWI,PSMT,PTC,PTEN,PVLA,RDNT,RDUS,RDWR,REGN,RNAC,ROCK,ROST,RRR,RSLS,RVMD,RYAAY,SAFT,SAGE,SAVA,SBGI,SFM,SFNC,SHYF,SIBN,SIFY,SIGI,SIMO,SITM,SLM,SNBR,SNDX,SNY,SPNS,SRRK,STRA,SUPN,SYRE,TCBK,TEAM,TECH,THRM,TLRY,TRMK,TROW,TSLA,TWST,TXN,UFPI,UNIT,UPWK,USLM,UTHR,VERB,VLY,VRNA,VRRM,VXRT,WAFD,WATT,WBA,WING,WIX,WTFC,WTW,XPEL,XRX,YMAB,ZG,ZLAB
ABEO,0.0,0.879,0.184,-0.037,0.898,0.483,0.548,-0.563,0.89,0.937,0.899,0.522,0.833,-0.25,-0.674,0.052,0.761,0.849,0.892,-0.516,0.93,-0.196,0.702,-0.775,0.934,0.735,0.832,0.922,0.931,-0.488,0.714,0.595,-0.462,-0.642,0.909,0.591,0.805,0.157,-0.734,0.903,0.067,0.38,0.905,0.767,0.929,0.948,0.649,-0.386,0.147,-0.342,0.726,0.429,0.84,0.712,-0.539,-0.655,0.922,0.386,-0.105,0.824,0.757,0.803,0.435,0.364,0.905,0.85,0.363,0.226,-0.769,0.945,-0.558,0.864,0.742,0.695,0.913,0.93,-0.849,-0.101,0.432,0.474,0.894,0.914,-0.766,0.928,0.374,0.842,-0.018,0.215,-0.229,0.78,0.826,0.877,-0.125,0.853,0.774,0.031,0.893,-0.341,0.715,0.366,0.016,-0.239,-0.246,0.855,0.929,-0.567,0.46,0.625,-0.874,0.833,0.144,-0.35,0.802,-0.031,0.709,0.526,0.707,-0.026,0.123,-0.6,0.267,-0.26,0.821,0.459,0.582,0.473,0.302,0.662,0.905,0.525,0.66,0.086,0.376,-0.387,0.907,0.511,0.439,-0.4,-0.01,-0.8,0.933,0.668,0.035,0.696,0.826,0.858,0.754,0.782,0.905,-0.37,0.957,0.48,0.912,-0.465,0.792,0.916,0.268,0.477,0.788,0.188,-0.012,0.952,0.703,0.94,0.221,0.9,0.949,0.011,0.84,0.327,-0.599,0.809,0.898,0.785,-0.652,0.238,0.418,0.02,0.487,-0.678,0.334,0.147,-0.684,-0.883,0.831,0.892,0.819,0.796,0.545,0.877,0.908,-0.089,0.607,0.831,0.863,0.326,0.36,0.857,0.791,0.261
ACHC,0.879,0.0,0.342,0.028,0.793,0.661,0.611,-0.243,0.774,0.804,0.916,0.646,0.749,-0.011,-0.425,0.265,0.809,0.854,0.754,-0.3,0.84,0.002,0.598,-0.659,0.843,0.532,0.808,0.795,0.876,-0.24,0.735,0.746,-0.198,-0.603,0.803,0.43,0.697,0.399,-0.595,0.729,0.278,0.479,0.895,0.755,0.903,0.898,0.688,-0.134,0.129,-0.167,0.563,0.479,0.75,0.836,-0.299,-0.453,0.837,0.455,0.118,0.842,0.552,0.651,0.553,0.551,0.815,0.836,0.323,0.348,-0.7,0.873,-0.433,0.793,0.828,0.744,0.792,0.883,-0.643,0.071,0.523,0.593,0.803,0.772,-0.763,0.888,0.523,0.835,0.282,0.384,0.014,0.816,0.738,0.9,0.155,0.852,0.848,0.244,0.856,-0.498,0.814,0.454,0.151,0.096,-0.126,0.853,0.828,-0.397,0.563,0.683,-0.777,0.898,0.383,-0.116,0.838,0.021,0.801,0.633,0.644,0.225,0.372,-0.454,0.441,-0.205,0.854,0.528,0.604,0.296,0.345,0.705,0.888,0.562,0.747,0.292,0.477,-0.118,0.852,0.44,0.733,-0.23,0.166,-0.625,0.817,0.857,0.289,0.809,0.695,0.85,0.784,0.602,0.933,-0.087,0.903,0.401,0.862,-0.133,0.673,0.832,0.384,0.541,0.694,0.231,0.046,0.861,0.599,0.858,0.03,0.776,0.852,0.13,0.735,0.434,-0.362,0.755,0.904,0.676,-0.361,0.325,0.558,0.196,0.669,-0.639,0.564,0.188,-0.441,-0.854,0.83,0.676,0.864,0.644,0.334,0.781,0.751,0.117,0.731,0.775,0.894,0.335,0.609,0.708,0.817,0.348
AGNCN,0.184,0.342,0.0,0.117,0.103,0.31,0.282,0.183,0.089,0.117,0.417,0.279,0.103,0.253,0.059,0.453,0.235,0.28,-0.058,0.032,0.209,0.238,0.068,-0.37,0.185,0.012,0.364,0.258,0.271,0.243,0.244,0.403,0.218,-0.294,0.012,-0.197,-0.02,0.07,-0.166,0.192,0.268,0.441,0.189,0.097,0.346,0.233,0.481,0.011,0.392,0.128,-0.19,0.433,0.116,0.454,0.161,0.277,0.178,0.125,0.266,0.316,-0.098,0.22,0.414,0.431,-0.002,0.289,0.292,0.638,-0.119,0.169,-0.121,0.209,0.35,0.293,0.149,0.261,-0.086,-0.085,0.449,0.5,0.183,0.14,-0.187,0.281,0.457,0.281,0.408,0.423,0.559,0.255,0.172,0.419,0.164,0.159,0.539,0.321,0.394,-0.45,0.162,0.485,0.04,0.108,0.278,0.447,0.178,-0.069,0.392,0.21,-0.279,0.299,0.235,0.111,0.251,0.342,0.5,0.212,0.0,0.178,0.162,-0.239,0.349,0.147,0.532,0.193,0.123,0.095,0.073,0.216,0.248,0.026,0.343,0.368,0.452,0.258,0.265,0.054,0.475,0.061,0.167,0.032,0.164,0.515,0.47,0.389,-0.109,0.316,0.583,0.148,0.401,0.284,0.229,-0.098,0.182,0.285,-0.06,0.287,0.395,0.141,0.04,0.28,-0.109,0.162,-0.008,0.208,-0.412,0.224,0.162,-0.083,0.15,0.013,0.204,0.074,0.271,0.089,0.104,0.113,0.434,0.219,0.572,-0.295,0.278,-0.002,0.176,-0.158,0.283,0.005,0.4,-0.136,-0.121,0.21,0.054,0.055,0.109,0.122,0.323,-0.105,0.521,0.227,0.359,0.256
AKAM,-0.037,0.028,0.117,0.0,-0.308,0.34,0.212,0.401,-0.144,0.038,-0.061,0.416,0.09,0.048,0.333,0.217,-0.226,0.275,-0.3,0.427,-0.235,0.442,0.201,-0.22,0.109,-0.397,0.212,-0.085,-0.162,0.591,0.335,0.242,0.448,-0.284,-0.164,-0.178,-0.206,0.207,0.288,-0.188,0.36,0.575,-0.073,0.026,0.112,0.09,0.443,0.474,0.522,0.625,-0.423,0.146,-0.282,-0.104,0.455,0.425,-0.193,0.066,0.484,-0.09,-0.042,-0.268,0.292,0.426,-0.142,-0.128,0.551,0.487,0.008,0.01,0.392,0.03,-0.048,0.236,-0.219,0.158,0.352,-0.442,0.419,0.465,0.095,-0.045,0.28,0.163,0.46,0.052,-0.043,0.375,0.547,-0.012,-0.076,0.027,0.27,0.148,0.225,0.731,-0.18,-0.223,0.174,0.471,0.014,0.115,0.33,0.214,-0.183,0.354,0.1,0.243,0.209,0.193,0.358,0.342,0.114,0.249,0.05,0.066,0.36,0.028,0.326,-0.072,0.095,-0.108,-0.007,0.369,0.338,-0.484,0.489,0.239,0.075,-0.006,0.33,0.407,0.146,0.54,-0.156,0.137,-0.031,-0.082,0.059,0.375,-0.176,0.216,0.374,0.127,-0.137,-0.139,-0.056,-0.027,0.085,0.083,0.028,-0.484,-0.157,0.152,-0.132,0.018,0.625,-0.233,0.004,0.29,0.105,-0.086,-0.232,-0.063,-0.243,-0.168,-0.052,0.51,-0.374,0.041,0.542,0.17,0.019,-0.204,0.255,0.29,0.562,0.342,0.166,0.055,0.273,0.549,0.249,0.084,-0.084,-0.19,0.049,0.116,-0.081,0.052,-0.209,0.458,-0.05,-0.219,0.219,-0.56,0.275,-0.104,0.266,0.274
AKRO,0.898,0.793,0.103,-0.308,0.0,0.237,0.259,-0.615,0.907,0.82,0.817,0.207,0.65,-0.424,-0.805,0.043,0.78,0.645,0.941,-0.727,0.9,-0.485,0.424,-0.627,0.777,0.882,0.623,0.845,0.913,-0.719,0.483,0.393,-0.671,-0.502,0.901,0.536,0.871,-0.005,-0.836,0.904,-0.005,0.05,0.854,0.554,0.832,0.807,0.442,-0.46,-0.142,-0.638,0.774,0.185,0.876,0.695,-0.636,-0.749,0.877,0.174,-0.387,0.759,0.625,0.915,0.236,0.114,0.863,0.717,0.118,-0.024,-0.803,0.845,-0.757,0.725,0.699,0.427,0.875,0.768,-0.909,0.117,0.128,0.301,0.724,0.858,-0.9,0.824,0.084,0.678,-0.078,-0.086,-0.419,0.67,0.696,0.745,-0.263,0.729,0.603,-0.247,0.863,-0.315,0.547,0.097,-0.136,-0.294,-0.493,0.71,0.882,-0.783,0.296,0.396,-0.925,0.662,-0.057,-0.549,0.608,-0.307,0.527,0.305,0.478,-0.066,-0.034,-0.528,0.224,-0.305,0.728,0.128,0.269,0.673,-0.026,0.395,0.752,0.362,0.598,-0.168,0.185,-0.626,0.843,0.364,0.452,-0.441,-0.145,-0.878,0.955,0.494,-0.229,0.506,0.828,0.884,0.72,0.695,0.799,-0.377,0.829,0.748,0.829,-0.557,0.712,0.832,-0.088,0.402,0.685,-0.083,-0.237,0.903,0.635,0.921,0.384,0.893,0.903,-0.274,0.893,0.459,-0.665,0.618,0.753,0.725,-0.754,-0.03,0.135,-0.268,0.269,-0.692,0.152,-0.123,-0.668,-0.912,0.693,0.86,0.714,0.735,0.433,0.757,0.85,-0.328,0.612,0.761,0.668,0.477,0.161,0.866,0.585,-0.077
ALRM,0.483,0.661,0.31,0.34,0.237,0.0,0.814,0.283,0.354,0.406,0.554,0.788,0.529,0.444,0.211,0.561,0.459,0.763,0.205,0.387,0.326,0.608,0.533,-0.357,0.559,-0.071,0.668,0.443,0.416,0.401,0.826,0.852,0.464,-0.362,0.241,0.023,0.103,0.765,-0.038,0.203,0.522,0.781,0.591,0.641,0.541,0.577,0.704,0.351,0.42,0.488,0.072,0.609,0.185,0.526,0.129,0.049,0.334,0.524,0.669,0.374,0.291,0.082,0.615,0.861,0.358,0.541,0.415,0.665,-0.313,0.425,0.095,0.453,0.5,0.751,0.27,0.631,-0.014,-0.009,0.804,0.585,0.524,0.403,-0.297,0.529,0.846,0.593,0.509,0.82,0.493,0.718,0.368,0.639,0.65,0.685,0.727,0.65,0.435,-0.483,0.695,0.786,0.429,0.466,0.429,0.619,0.344,0.29,0.817,0.824,-0.243,0.728,0.707,0.443,0.769,0.331,0.737,0.849,0.554,0.47,0.771,-0.163,0.661,0.097,0.54,0.789,0.735,-0.203,0.683,0.662,0.623,0.454,0.571,0.838,0.628,0.547,0.434,0.375,0.556,0.093,0.628,-0.031,0.298,0.826,0.689,0.723,0.212,0.476,0.446,0.177,0.658,0.409,0.539,-0.204,0.404,0.321,0.291,0.444,0.635,0.559,0.358,0.497,0.378,0.458,0.391,0.382,-0.318,0.288,0.398,0.563,0.121,0.207,0.084,0.554,0.673,0.18,0.219,0.655,0.811,0.767,0.811,-0.382,0.813,0.304,-0.01,-0.378,0.483,0.184,0.617,0.264,-0.08,0.442,0.292,0.529,0.617,0.327,0.664,0.046,0.818,0.25,0.76,0.708
AMAT,0.548,0.611,0.282,0.212,0.259,0.814,0.0,-0.104,0.357,0.571,0.636,0.77,0.755,0.397,0.027,0.182,0.529,0.738,0.318,0.284,0.497,0.597,0.823,-0.448,0.696,0.014,0.767,0.59,0.498,0.199,0.793,0.853,0.265,-0.486,0.358,0.293,0.249,0.626,-0.05,0.358,0.236,0.78,0.612,0.777,0.574,0.663,0.645,0.071,0.595,0.432,0.267,0.858,0.311,0.485,-0.028,-0.151,0.497,0.655,0.581,0.479,0.591,0.117,0.702,0.803,0.507,0.731,0.521,0.639,-0.308,0.574,0.111,0.648,0.443,0.867,0.49,0.72,-0.222,-0.186,0.834,0.397,0.733,0.522,-0.187,0.527,0.783,0.763,0.282,0.808,0.254,0.666,0.585,0.739,0.478,0.688,0.716,0.493,0.547,-0.267,0.737,0.71,0.539,0.215,0.419,0.601,0.527,0.226,0.723,0.784,-0.303,0.723,0.522,0.39,0.858,0.527,0.802,0.933,0.66,0.338,0.537,-0.398,0.394,0.121,0.608,0.897,0.874,-0.176,0.697,0.829,0.726,0.599,0.387,0.732,0.634,0.354,0.608,0.522,0.363,-0.021,0.468,-0.222,0.383,0.738,0.645,0.814,0.26,0.423,0.456,0.401,0.64,0.057,0.667,-0.296,0.592,0.1,0.54,0.581,0.701,0.64,0.633,0.714,0.616,0.53,0.551,0.425,-0.292,0.419,0.509,0.46,0.319,-0.054,-0.149,0.722,0.777,0.45,0.031,0.794,0.766,0.805,0.804,-0.314,0.764,0.361,-0.329,-0.359,0.665,0.417,0.567,0.391,0.294,0.661,0.529,0.544,0.491,0.52,0.695,0.151,0.595,0.363,0.806,0.83
AMED,-0.563,-0.243,0.183,0.401,-0.615,0.283,-0.104,0.0,-0.534,-0.641,-0.407,0.082,-0.509,0.491,0.838,0.575,-0.379,-0.193,-0.716,0.699,-0.669,0.509,-0.464,0.418,-0.504,-0.734,-0.315,-0.586,-0.546,0.81,-0.084,0.048,0.816,0.308,-0.66,-0.704,-0.671,0.39,0.584,-0.713,0.575,0.209,-0.409,-0.357,-0.398,-0.473,-0.0,0.74,0.076,0.624,-0.764,-0.116,-0.64,-0.153,0.727,0.817,-0.637,-0.089,0.527,-0.452,-0.687,-0.603,0.031,0.33,-0.616,-0.48,0.007,0.311,0.437,-0.586,0.501,-0.518,-0.232,-0.179,-0.714,-0.407,0.838,0.152,0.122,0.234,-0.544,-0.605,0.374,-0.365,0.247,-0.398,0.491,0.326,0.737,-0.176,-0.589,-0.37,0.579,-0.314,-0.103,0.572,-0.504,-0.235,-0.157,0.257,0.155,0.657,0.452,-0.254,-0.661,0.653,0.125,-0.005,0.598,-0.204,0.499,0.577,-0.264,0.095,-0.133,-0.043,-0.324,0.424,0.497,0.512,0.312,0.256,-0.309,0.036,-0.119,-0.542,0.141,-0.222,-0.405,-0.243,0.021,0.499,0.098,0.823,-0.561,-0.273,0.225,0.46,0.474,0.809,-0.616,0.082,0.496,-0.174,-0.594,-0.356,-0.266,-0.654,-0.288,0.762,-0.518,-0.447,-0.607,0.759,-0.657,-0.551,0.209,-0.197,-0.598,0.024,0.02,-0.546,-0.539,-0.533,-0.425,-0.62,-0.598,0.386,-0.731,0.082,0.812,-0.431,-0.388,-0.681,0.826,0.096,0.226,0.383,0.129,0.246,0.27,0.112,0.845,0.444,-0.47,-0.815,-0.216,-0.582,-0.729,-0.565,-0.757,0.395,-0.024,-0.609,-0.274,-0.366,0.409,-0.602,-0.182,0.108
AMRN,0.89,0.774,0.089,-0.144,0.907,0.354,0.357,-0.534,0.0,0.817,0.788,0.357,0.698,-0.316,-0.67,0.162,0.774,0.74,0.858,-0.516,0.861,-0.312,0.52,-0.55,0.798,0.745,0.659,0.782,0.847,-0.571,0.635,0.496,-0.487,-0.444,0.837,0.464,0.827,0.205,-0.635,0.799,-0.019,0.224,0.859,0.596,0.806,0.814,0.483,-0.301,0.039,-0.427,0.742,0.295,0.766,0.663,-0.487,-0.707,0.84,0.351,-0.13,0.694,0.6,0.788,0.422,0.192,0.871,0.744,0.142,0.048,-0.704,0.809,-0.571,0.751,0.626,0.57,0.807,0.809,-0.79,0.163,0.245,0.345,0.735,0.884,-0.766,0.836,0.214,0.725,0.01,0.113,-0.317,0.661,0.781,0.711,-0.06,0.785,0.614,-0.095,0.772,-0.346,0.661,0.213,-0.009,-0.152,-0.248,0.697,0.85,-0.642,0.476,0.581,-0.799,0.682,0.105,-0.357,0.655,-0.104,0.575,0.404,0.6,0.049,0.079,-0.466,0.365,-0.216,0.685,0.31,0.428,0.504,0.203,0.516,0.782,0.513,0.585,-0.03,0.377,-0.477,0.815,0.501,0.418,-0.309,-0.068,-0.781,0.881,0.553,-0.164,0.588,0.843,0.874,0.62,0.68,0.797,-0.307,0.816,0.61,0.814,-0.436,0.719,0.805,0.097,0.5,0.682,0.053,-0.115,0.901,0.743,0.826,0.447,0.8,0.851,-0.07,0.812,0.334,-0.545,0.704,0.775,0.738,-0.618,0.196,0.304,-0.114,0.395,-0.571,0.272,0.045,-0.618,-0.815,0.731,0.829,0.666,0.75,0.466,0.725,0.808,-0.108,0.637,0.772,0.661,0.494,0.251,0.833,0.643,0.096
ANGI,0.937,0.804,0.117,0.038,0.82,0.406,0.571,-0.641,0.817,0.0,0.834,0.556,0.911,-0.324,-0.686,-0.116,0.729,0.831,0.863,-0.478,0.891,-0.119,0.81,-0.784,0.957,0.675,0.827,0.892,0.854,-0.489,0.718,0.572,-0.482,-0.739,0.897,0.636,0.826,0.104,-0.633,0.877,-0.039,0.423,0.831,0.761,0.896,0.943,0.656,-0.369,0.258,-0.257,0.719,0.479,0.799,0.606,-0.505,-0.663,0.903,0.375,-0.092,0.757,0.845,0.718,0.436,0.357,0.891,0.822,0.464,0.231,-0.749,0.954,-0.433,0.907,0.657,0.729,0.903,0.924,-0.827,-0.227,0.458,0.402,0.945,0.887,-0.631,0.897,0.389,0.867,-0.165,0.188,-0.279,0.707,0.849,0.835,-0.146,0.843,0.714,0.075,0.823,-0.254,0.71,0.333,0.041,-0.297,-0.247,0.822,0.884,-0.527,0.375,0.591,-0.802,0.793,0.093,-0.294,0.809,0.029,0.632,0.513,0.782,-0.086,0.05,-0.682,0.146,-0.324,0.732,0.511,0.657,0.351,0.374,0.698,0.907,0.53,0.62,0.053,0.285,-0.392,0.864,0.586,0.298,-0.487,-0.109,-0.775,0.89,0.602,0.014,0.679,0.775,0.75,0.635,0.837,0.847,-0.537,0.954,0.334,0.897,-0.547,0.852,0.925,0.373,0.4,0.869,0.281,0.072,0.911,0.7,0.885,0.193,0.878,0.947,0.074,0.808,0.213,-0.582,0.881,0.871,0.808,-0.665,0.313,0.435,0.036,0.418,-0.545,0.309,0.226,-0.769,-0.832,0.809,0.922,0.719,0.876,0.641,0.912,0.929,-0.01,0.534,0.799,0.867,0.273,0.217,0.845,0.807,0.277
APA,0.899,0.916,0.417,-0.061,0.817,0.554,0.636,-0.407,0.788,0.834,0.0,0.555,0.801,-0.085,-0.554,0.215,0.806,0.814,0.762,-0.388,0.891,-0.04,0.661,-0.765,0.874,0.608,0.867,0.883,0.942,-0.363,0.692,0.738,-0.332,-0.678,0.819,0.469,0.719,0.267,-0.648,0.843,0.204,0.475,0.884,0.731,0.935,0.907,0.705,-0.331,0.269,-0.237,0.597,0.624,0.785,0.837,-0.349,-0.464,0.875,0.419,0.006,0.867,0.653,0.759,0.564,0.526,0.822,0.888,0.394,0.43,-0.74,0.9,-0.517,0.85,0.825,0.741,0.871,0.895,-0.76,-0.056,0.539,0.592,0.873,0.822,-0.757,0.892,0.485,0.874,0.158,0.373,-0.031,0.779,0.785,0.961,0.035,0.813,0.897,0.145,0.953,-0.454,0.759,0.464,0.116,-0.106,-0.093,0.877,0.894,-0.501,0.534,0.626,-0.855,0.87,0.216,-0.206,0.826,0.098,0.849,0.62,0.612,0.103,0.193,-0.619,0.352,-0.118,0.953,0.5,0.568,0.418,0.249,0.713,0.914,0.515,0.679,0.245,0.531,-0.231,0.95,0.465,0.624,-0.353,0.137,-0.696,0.886,0.805,0.238,0.833,0.646,0.896,0.885,0.711,0.948,-0.185,0.929,0.37,0.896,-0.254,0.747,0.917,0.365,0.504,0.747,0.328,0.045,0.906,0.626,0.878,0.028,0.872,0.904,-0.048,0.81,0.279,-0.465,0.772,0.936,0.73,-0.501,0.305,0.531,0.168,0.668,-0.685,0.521,0.13,-0.511,-0.859,0.85,0.77,0.876,0.615,0.425,0.856,0.818,0.015,0.647,0.806,0.874,0.374,0.486,0.827,0.814,0.333
APOG,0.522,0.646,0.279,0.416,0.207,0.788,0.77,0.082,0.357,0.556,0.555,0.0,0.659,0.34,0.113,0.278,0.43,0.782,0.232,0.324,0.408,0.6,0.743,-0.442,0.645,-0.053,0.69,0.423,0.401,0.285,0.772,0.739,0.341,-0.491,0.381,0.242,0.198,0.649,-0.002,0.301,0.275,0.83,0.469,0.708,0.562,0.632,0.685,0.152,0.524,0.492,0.199,0.66,0.252,0.493,0.205,-0.028,0.457,0.621,0.635,0.444,0.448,0.066,0.601,0.698,0.474,0.638,0.505,0.566,-0.219,0.526,0.292,0.614,0.448,0.869,0.38,0.657,-0.136,-0.19,0.726,0.556,0.641,0.413,-0.123,0.598,0.749,0.679,0.359,0.754,0.351,0.606,0.591,0.584,0.491,0.638,0.671,0.648,0.417,-0.214,0.731,0.625,0.363,0.364,0.468,0.617,0.397,0.239,0.624,0.83,-0.193,0.681,0.565,0.364,0.725,0.48,0.707,0.745,0.654,0.261,0.492,-0.159,0.439,0.005,0.489,0.872,0.89,-0.258,0.837,0.832,0.69,0.646,0.405,0.636,0.581,0.396,0.465,0.559,0.378,-0.002,0.363,-0.046,0.332,0.757,0.623,0.803,0.31,0.42,0.345,0.409,0.646,0.074,0.626,-0.301,0.535,0.239,0.519,0.498,0.791,0.452,0.459,0.654,0.418,0.502,0.5,0.355,-0.16,0.374,0.459,0.727,0.213,-0.095,-0.053,0.716,0.667,0.401,0.107,0.7,0.74,0.631,0.755,-0.187,0.648,0.571,-0.111,-0.354,0.633,0.328,0.617,0.4,0.277,0.515,0.39,0.539,0.478,0.497,0.729,0.007,0.71,0.334,0.73,0.776
APPS,0.833,0.749,0.103,0.09,0.65,0.529,0.755,-0.509,0.698,0.911,0.801,0.659,0.0,-0.145,-0.502,-0.08,0.694,0.847,0.724,-0.215,0.791,0.148,0.914,-0.697,0.941,0.433,0.847,0.81,0.759,-0.326,0.789,0.725,-0.272,-0.748,0.787,0.549,0.698,0.32,-0.406,0.724,0.05,0.586,0.782,0.779,0.826,0.89,0.682,-0.218,0.425,-0.005,0.601,0.672,0.654,0.556,-0.332,-0.532,0.809,0.493,0.145,0.681,0.84,0.5,0.572,0.548,0.837,0.84,0.542,0.374,-0.659,0.889,-0.2,0.923,0.562,0.834,0.8,0.91,-0.657,-0.233,0.587,0.451,0.962,0.795,-0.47,0.824,0.523,0.926,-0.145,0.394,-0.158,0.705,0.814,0.842,0.055,0.85,0.737,0.27,0.733,-0.278,0.808,0.443,0.251,-0.133,-0.028,0.772,0.816,-0.262,0.456,0.68,-0.631,0.831,0.25,-0.051,0.883,0.181,0.706,0.673,0.856,0.04,0.216,-0.678,0.181,-0.245,0.704,0.709,0.815,0.102,0.541,0.805,0.918,0.608,0.544,0.258,0.416,-0.178,0.841,0.707,0.278,-0.416,0.068,-0.622,0.765,0.672,0.207,0.764,0.631,0.638,0.543,0.73,0.798,-0.433,0.919,0.072,0.848,-0.391,0.868,0.874,0.54,0.439,0.917,0.464,0.335,0.829,0.675,0.749,0.049,0.766,0.867,0.24,0.67,0.08,-0.468,0.94,0.909,0.742,-0.477,0.574,0.586,0.296,0.56,-0.47,0.535,0.33,-0.716,-0.705,0.798,0.812,0.645,0.813,0.6,0.888,0.845,0.267,0.604,0.739,0.838,0.282,0.271,0.705,0.868,0.493
ARCB,-0.25,-0.011,0.253,0.048,-0.424,0.444,0.397,0.491,-0.316,-0.324,-0.085,0.34,-0.145,0.0,0.703,0.347,-0.07,-0.057,-0.389,0.664,-0.178,0.621,0.011,0.368,-0.239,-0.571,-0.112,-0.291,-0.196,0.632,0.03,0.252,0.76,0.397,-0.372,-0.137,-0.447,0.53,0.533,-0.439,0.185,0.235,-0.165,0.234,-0.293,-0.194,-0.107,0.266,0.22,0.533,-0.216,0.344,-0.231,0.154,0.437,0.427,-0.186,0.511,0.664,0.001,-0.323,-0.52,0.306,0.316,-0.242,0.134,-0.145,0.273,0.58,-0.304,0.539,-0.189,-0.065,0.281,-0.253,-0.184,0.488,0.322,0.281,-0.052,-0.213,-0.342,0.343,-0.286,0.38,-0.028,0.757,0.632,0.463,0.088,-0.017,-0.045,0.642,-0.182,0.077,0.344,-0.146,0.023,0.18,0.252,0.659,0.704,0.708,-0.189,-0.194,0.705,0.449,0.244,0.443,-0.005,0.571,0.66,0.087,0.609,0.314,0.474,-0.222,0.568,0.452,0.455,0.333,0.557,-0.009,0.357,0.231,-0.426,0.354,0.254,-0.072,0.376,-0.287,0.658,0.468,0.703,-0.125,0.009,0.295,0.775,0.619,0.462,-0.411,0.217,0.735,0.282,-0.358,-0.181,-0.04,-0.346,-0.12,0.625,-0.198,-0.425,-0.082,0.842,-0.228,-0.298,0.33,0.484,-0.248,0.385,0.599,-0.279,0.036,-0.372,-0.446,-0.343,-0.398,0.459,-0.267,-0.218,0.322,-0.09,-0.044,-0.078,0.711,0.471,0.209,0.679,0.521,0.3,0.378,0.157,0.441,0.417,0.145,-0.437,-0.031,-0.479,-0.155,-0.224,-0.335,0.536,-0.022,0.028,-0.056,0.12,0.616,-0.401,-0.026,0.688
ARCC,-0.674,-0.425,0.059,0.333,-0.805,0.211,0.027,0.838,-0.67,-0.686,-0.554,0.113,-0.502,0.703,0.0,0.299,-0.451,-0.333,-0.807,0.866,-0.705,0.671,-0.317,0.6,-0.585,-0.862,-0.426,-0.684,-0.677,0.837,-0.177,-0.043,0.898,0.494,-0.763,-0.545,-0.748,0.417,0.823,-0.815,0.358,0.175,-0.556,-0.248,-0.604,-0.565,-0.221,0.634,0.191,0.736,-0.675,0.025,-0.712,-0.272,0.761,0.765,-0.658,0.147,0.638,-0.534,-0.589,-0.819,0.058,0.214,-0.654,-0.431,-0.047,0.23,0.752,-0.691,0.751,-0.571,-0.421,-0.107,-0.729,-0.521,0.907,0.112,0.12,-0.086,-0.572,-0.699,0.67,-0.573,0.195,-0.421,0.536,0.406,0.585,-0.271,-0.496,-0.494,0.629,-0.464,-0.26,0.469,-0.617,0.099,-0.198,0.152,0.422,0.681,0.636,-0.484,-0.706,0.876,0.122,-0.016,0.817,-0.356,0.48,0.737,-0.301,0.403,-0.147,0.075,-0.356,0.519,0.405,0.651,0.135,0.502,-0.462,0.137,-0.016,-0.671,0.287,-0.096,-0.484,-0.026,-0.337,0.546,0.135,0.875,-0.625,-0.204,-0.016,0.673,0.489,0.883,-0.775,-0.073,0.586,-0.158,-0.672,-0.571,-0.443,-0.634,-0.496,0.662,-0.605,-0.651,-0.602,0.831,-0.605,-0.674,0.241,-0.032,-0.585,0.257,0.362,-0.677,-0.41,-0.738,-0.427,-0.73,-0.753,0.509,-0.77,-0.205,0.685,-0.41,-0.478,-0.571,0.957,0.295,0.12,0.558,0.104,0.55,0.197,0.172,0.765,0.714,-0.403,-0.833,-0.359,-0.648,-0.485,-0.602,-0.77,0.524,-0.23,-0.534,-0.387,-0.296,0.321,-0.73,-0.309,0.323
ARVN,0.052,0.265,0.453,0.217,0.043,0.561,0.182,0.575,0.162,-0.116,0.215,0.278,-0.08,0.347,0.299,0.0,0.163,0.307,-0.174,0.318,-0.049,0.292,-0.156,-0.026,0.033,-0.144,0.215,0.02,0.085,0.425,0.375,0.443,0.472,0.024,-0.185,-0.474,-0.211,0.503,0.056,-0.097,0.473,0.406,0.2,0.029,0.175,0.04,0.421,0.395,0.204,0.326,-0.292,0.182,-0.145,0.316,0.341,0.384,-0.113,0.139,0.485,0.01,-0.345,0.036,0.348,0.493,-0.085,0.067,0.03,0.498,-0.095,-0.069,0.0,-0.02,0.229,0.203,-0.156,0.149,0.232,0.301,0.373,0.486,-0.064,0.06,-0.212,0.19,0.484,0.045,0.561,0.543,0.662,0.271,-0.064,0.193,0.595,0.218,0.372,0.431,0.105,-0.56,0.244,0.565,0.029,0.472,0.47,0.304,-0.068,0.124,0.628,0.439,-0.05,0.21,0.428,0.284,0.173,0.16,0.364,0.279,-0.029,0.342,0.49,0.101,0.816,0.187,0.28,0.239,0.11,-0.029,0.172,0.075,0.113,-0.016,0.376,0.546,0.496,0.455,0.032,-0.022,0.477,0.23,0.491,0.237,0.007,0.481,0.339,0.271,-0.092,0.386,0.287,-0.182,0.341,0.745,0.023,-0.031,-0.09,0.458,-0.211,0.034,0.244,0.228,-0.236,0.12,-0.132,0.086,0.023,0.032,-0.118,-0.027,-0.008,0.178,-0.165,0.159,0.454,-0.041,0.18,-0.246,0.328,0.176,0.486,0.34,0.562,-0.332,0.476,0.016,0.459,-0.122,0.014,-0.216,0.288,-0.228,-0.529,-0.085,-0.195,0.229,0.345,-0.095,0.121,0.055,0.645,0.098,0.274,0.202
ATEC,0.761,0.809,0.235,-0.226,0.78,0.459,0.529,-0.379,0.774,0.729,0.806,0.43,0.694,-0.07,-0.451,0.163,0.0,0.666,0.731,-0.325,0.802,-0.051,0.531,-0.421,0.72,0.571,0.655,0.708,0.826,-0.416,0.592,0.63,-0.29,-0.422,0.729,0.417,0.758,0.385,-0.489,0.687,0.124,0.288,0.812,0.646,0.747,0.768,0.456,-0.186,0.125,-0.269,0.672,0.529,0.669,0.768,-0.312,-0.572,0.793,0.45,0.008,0.681,0.546,0.625,0.559,0.391,0.765,0.795,0.175,0.219,-0.583,0.747,-0.453,0.688,0.687,0.656,0.768,0.761,-0.655,0.237,0.394,0.25,0.713,0.716,-0.679,0.715,0.319,0.786,0.252,0.255,-0.205,0.699,0.742,0.761,0.184,0.719,0.684,0.011,0.779,-0.304,0.701,0.251,0.27,0.089,-0.165,0.617,0.796,-0.436,0.54,0.557,-0.69,0.715,0.287,-0.159,0.7,0.034,0.716,0.615,0.509,0.361,0.217,-0.426,0.369,-0.015,0.732,0.424,0.495,0.36,0.224,0.632,0.764,0.581,0.534,0.141,0.469,-0.248,0.823,0.447,0.607,-0.168,0.172,-0.654,0.78,0.691,0.135,0.725,0.621,0.819,0.665,0.615,0.766,-0.175,0.777,0.452,0.813,-0.192,0.693,0.752,0.201,0.629,0.698,0.267,0.065,0.772,0.731,0.725,0.181,0.751,0.763,-0.057,0.774,0.352,-0.448,0.69,0.793,0.703,-0.317,0.364,0.38,0.149,0.557,-0.449,0.474,-0.054,-0.494,-0.734,0.769,0.648,0.69,0.575,0.387,0.708,0.735,0.042,0.672,0.734,0.669,0.622,0.331,0.721,0.659,0.24
ATXS,0.849,0.854,0.28,0.275,0.645,0.763,0.738,-0.193,0.74,0.831,0.814,0.782,0.847,-0.057,-0.333,0.307,0.666,0.0,0.616,-0.094,0.703,0.223,0.762,-0.726,0.922,0.374,0.898,0.79,0.738,-0.083,0.935,0.834,-0.044,-0.732,0.678,0.274,0.552,0.473,-0.421,0.654,0.294,0.745,0.832,0.731,0.886,0.89,0.87,0.008,0.402,0.124,0.401,0.581,0.56,0.622,-0.236,-0.356,0.711,0.463,0.309,0.625,0.645,0.512,0.596,0.711,0.757,0.768,0.544,0.521,-0.694,0.824,-0.223,0.83,0.635,0.82,0.666,0.943,-0.513,-0.181,0.726,0.681,0.87,0.782,-0.579,0.907,0.713,0.866,0.095,0.552,0.153,0.826,0.698,0.849,0.238,0.922,0.844,0.46,0.722,-0.524,0.827,0.677,0.153,0.043,0.081,0.912,0.707,-0.217,0.656,0.838,-0.648,0.88,0.443,0.045,0.902,0.132,0.75,0.704,0.838,0.117,0.445,-0.563,0.507,-0.242,0.727,0.749,0.811,0.092,0.624,0.754,0.91,0.512,0.768,0.462,0.494,0.042,0.739,0.627,0.469,-0.331,0.22,-0.477,0.72,0.841,0.329,0.772,0.619,0.738,0.619,0.594,0.918,-0.095,0.89,0.079,0.734,-0.215,0.667,0.82,0.6,0.465,0.717,0.385,0.145,0.828,0.592,0.766,-0.004,0.697,0.816,0.389,0.522,0.231,-0.254,0.837,0.908,0.543,-0.321,0.537,0.76,0.371,0.689,-0.612,0.64,0.374,-0.471,-0.754,0.717,0.673,0.771,0.714,0.291,0.789,0.712,0.282,0.704,0.622,0.897,0.116,0.582,0.68,0.945,0.51
AVAV,0.892,0.754,-0.058,-0.3,0.941,0.205,0.318,-0.716,0.858,0.863,0.762,0.232,0.724,-0.389,-0.807,-0.174,0.731,0.616,0.0,-0.694,0.905,-0.458,0.539,-0.579,0.797,0.83,0.588,0.82,0.878,-0.738,0.469,0.365,-0.681,-0.487,0.939,0.691,0.896,-0.013,-0.753,0.863,-0.12,0.024,0.831,0.652,0.769,0.813,0.346,-0.487,-0.166,-0.605,0.858,0.201,0.905,0.616,-0.68,-0.834,0.9,0.239,-0.374,0.773,0.72,0.806,0.214,0.059,0.907,0.747,0.096,-0.131,-0.734,0.874,-0.628,0.764,0.624,0.471,0.899,0.756,-0.909,0.083,0.094,0.184,0.763,0.842,-0.805,0.772,0.055,0.712,-0.169,-0.114,-0.554,0.64,0.747,0.714,-0.295,0.726,0.522,-0.267,0.801,-0.19,0.588,0.01,-0.024,-0.311,-0.508,0.633,0.901,-0.697,0.216,0.368,-0.848,0.661,-0.044,-0.487,0.643,-0.259,0.469,0.345,0.556,-0.093,-0.044,-0.528,0.076,-0.345,0.643,0.179,0.346,0.559,0.059,0.447,0.766,0.462,0.495,-0.205,0.13,-0.646,0.841,0.438,0.345,-0.394,-0.201,-0.91,0.912,0.408,-0.237,0.495,0.862,0.766,0.597,0.701,0.719,-0.514,0.839,0.684,0.874,-0.591,0.793,0.811,-0.059,0.438,0.779,-0.065,-0.063,0.874,0.681,0.894,0.381,0.855,0.889,-0.183,0.903,0.405,-0.737,0.687,0.754,0.804,-0.77,0.052,0.089,-0.239,0.206,-0.571,0.131,-0.019,-0.792,-0.853,0.736,0.902,0.62,0.819,0.586,0.788,0.907,-0.234,0.566,0.818,0.671,0.495,0.072,0.779,0.565,0.01
AXON,-0.516,-0.3,0.032,0.427,-0.727,0.387,0.284,0.699,-0.516,-0.478,-0.388,0.324,-0.215,0.664,0.866,0.318,-0.325,-0.094,-0.694,0.0,-0.587,0.836,-0.026,0.46,-0.339,-0.881,-0.182,-0.535,-0.556,0.82,0.108,0.249,0.909,0.267,-0.635,-0.494,-0.652,0.631,0.841,-0.728,0.278,0.44,-0.365,-0.127,-0.433,-0.369,-0.015,0.697,0.361,0.889,-0.586,0.252,-0.642,-0.256,0.704,0.627,-0.563,0.239,0.829,-0.47,-0.38,-0.819,0.232,0.408,-0.475,-0.253,0.06,0.347,0.543,-0.485,0.811,-0.325,-0.354,0.138,-0.632,-0.293,0.816,0.061,0.333,0.017,-0.31,-0.481,0.612,-0.41,0.426,-0.181,0.425,0.593,0.583,-0.119,-0.319,-0.298,0.749,-0.171,-0.106,0.637,-0.54,-0.022,0.035,0.32,0.527,0.698,0.74,-0.305,-0.544,0.897,0.317,0.194,0.71,-0.131,0.57,0.873,-0.037,0.485,-0.051,0.314,-0.046,0.467,0.581,0.426,0.274,0.365,-0.374,0.41,0.262,-0.811,0.511,0.1,-0.247,0.085,-0.239,0.666,0.299,0.878,-0.458,0.051,-0.066,0.51,0.59,0.75,-0.67,0.08,0.591,0.053,-0.565,-0.473,-0.45,-0.56,-0.307,0.6,-0.396,-0.806,-0.455,0.741,-0.391,-0.457,0.45,0.104,-0.326,0.386,0.535,-0.509,-0.218,-0.643,-0.451,-0.631,-0.572,0.657,-0.704,-0.307,0.638,-0.153,-0.227,-0.497,0.847,0.578,0.389,0.724,0.281,0.468,0.471,0.303,0.551,0.604,-0.282,-0.64,-0.307,-0.458,-0.411,-0.401,-0.555,0.776,-0.048,-0.421,-0.231,-0.223,0.321,-0.635,-0.057,0.524
BANF,0.93,0.84,0.209,-0.235,0.9,0.326,0.497,-0.669,0.861,0.891,0.891,0.408,0.791,-0.178,-0.705,-0.049,0.802,0.703,0.905,-0.587,0.0,-0.265,0.663,-0.667,0.852,0.77,0.724,0.882,0.939,-0.598,0.554,0.507,-0.541,-0.533,0.913,0.671,0.859,0.084,-0.705,0.909,-0.057,0.212,0.843,0.757,0.846,0.878,0.475,-0.53,0.107,-0.467,0.822,0.453,0.896,0.759,-0.551,-0.709,0.972,0.452,-0.191,0.878,0.739,0.811,0.44,0.229,0.91,0.904,0.237,0.122,-0.662,0.901,-0.57,0.831,0.712,0.652,0.971,0.84,-0.9,0.025,0.305,0.304,0.846,0.862,-0.723,0.83,0.238,0.816,0.026,0.14,-0.348,0.693,0.891,0.841,-0.164,0.73,0.697,-0.142,0.919,-0.221,0.677,0.203,0.099,-0.24,-0.256,0.732,0.958,-0.618,0.387,0.51,-0.851,0.734,0.046,-0.389,0.724,0.03,0.714,0.489,0.556,0.024,-0.03,-0.554,0.177,-0.153,0.827,0.352,0.483,0.542,0.169,0.645,0.852,0.598,0.498,-0.013,0.376,-0.492,0.941,0.487,0.465,-0.308,-0.077,-0.841,0.925,0.593,0.008,0.702,0.781,0.834,0.765,0.814,0.82,-0.427,0.91,0.552,0.964,-0.428,0.819,0.885,0.172,0.533,0.791,0.204,0.045,0.914,0.744,0.888,0.248,0.91,0.907,-0.128,0.951,0.244,-0.686,0.77,0.849,0.905,-0.653,0.207,0.258,-0.042,0.471,-0.569,0.259,0.059,-0.708,-0.822,0.9,0.895,0.761,0.722,0.656,0.846,0.908,-0.121,0.536,0.92,0.77,0.493,0.282,0.862,0.672,0.235
BATRK,-0.196,0.002,0.238,0.442,-0.485,0.608,0.597,0.509,-0.312,-0.119,-0.04,0.6,0.148,0.621,0.671,0.292,-0.051,0.223,-0.458,0.836,-0.265,0.0,0.337,0.077,0.017,-0.663,0.198,-0.149,-0.26,0.758,0.396,0.489,0.801,-0.088,-0.364,-0.275,-0.412,0.655,0.609,-0.372,0.336,0.697,-0.099,0.205,-0.073,-0.009,0.331,0.53,0.623,0.901,-0.412,0.591,-0.425,-0.021,0.584,0.493,-0.223,0.456,0.858,-0.179,-0.042,-0.561,0.459,0.664,-0.236,0.087,0.4,0.652,0.287,-0.156,0.682,0.013,-0.072,0.47,-0.275,0.064,0.54,-0.172,0.672,0.233,0.077,-0.193,0.461,-0.094,0.701,0.172,0.395,0.794,0.664,0.137,-0.008,0.086,0.746,0.103,0.23,0.727,-0.179,-0.089,0.265,0.585,0.522,0.55,0.764,0.046,-0.252,0.767,0.472,0.427,0.428,0.175,0.582,0.799,0.291,0.638,0.328,0.571,0.207,0.45,0.557,0.102,0.322,0.319,-0.015,0.684,0.56,-0.671,0.685,0.431,0.072,0.249,-0.009,0.809,0.449,0.833,-0.119,0.239,0.086,0.289,0.567,0.544,-0.361,0.404,0.752,0.381,-0.437,-0.22,-0.123,-0.159,0.018,0.406,-0.035,-0.797,-0.125,0.597,-0.078,-0.082,0.734,0.185,0.001,0.693,0.591,-0.198,0.0,-0.319,-0.558,-0.272,-0.214,0.674,-0.419,-0.332,0.437,0.189,0.109,-0.203,0.687,0.716,0.637,0.879,0.577,0.285,0.615,0.352,0.328,0.307,0.047,-0.344,0.04,-0.227,-0.163,-0.057,-0.231,0.733,0.102,-0.149,0.147,-0.228,0.464,-0.292,0.308,0.737
BIDU,0.702,0.598,0.068,0.201,0.424,0.533,0.823,-0.464,0.52,0.81,0.661,0.743,0.914,0.011,-0.317,-0.156,0.531,0.762,0.539,-0.026,0.663,0.337,0.0,-0.61,0.842,0.279,0.811,0.697,0.581,-0.138,0.753,0.661,-0.122,-0.637,0.616,0.563,0.5,0.343,-0.214,0.596,-0.026,0.672,0.62,0.81,0.671,0.78,0.616,-0.214,0.572,0.2,0.525,0.757,0.476,0.398,-0.209,-0.411,0.682,0.606,0.286,0.541,0.862,0.309,0.584,0.542,0.714,0.77,0.601,0.429,-0.428,0.753,0.022,0.816,0.433,0.855,0.701,0.808,-0.505,-0.377,0.668,0.342,0.901,0.672,-0.187,0.667,0.568,0.825,-0.088,0.528,-0.074,0.561,0.785,0.715,0.133,0.72,0.625,0.296,0.601,-0.051,0.711,0.484,0.315,-0.135,0.193,0.636,0.666,-0.063,0.457,0.709,-0.421,0.694,0.21,0.087,0.801,0.421,0.679,0.712,0.788,0.012,0.166,-0.547,0.108,-0.079,0.578,0.815,0.893,-0.017,0.663,0.854,0.801,0.651,0.359,0.35,0.458,-0.027,0.702,0.629,0.115,-0.304,0.101,-0.444,0.581,0.588,0.301,0.742,0.506,0.459,0.392,0.721,0.654,-0.416,0.798,-0.143,0.743,-0.281,0.805,0.719,0.655,0.441,0.799,0.677,0.47,0.68,0.686,0.555,0.025,0.608,0.705,0.378,0.526,-0.176,-0.42,0.89,0.803,0.683,-0.326,0.652,0.601,0.467,0.567,-0.269,0.494,0.45,-0.609,-0.48,0.747,0.71,0.553,0.683,0.655,0.788,0.746,0.347,0.381,0.679,0.756,0.155,0.274,0.58,0.779,0.654
BLNE,-0.775,-0.659,-0.37,-0.22,-0.627,-0.357,-0.448,0.418,-0.55,-0.784,-0.765,-0.442,-0.697,0.368,0.6,-0.026,-0.421,-0.726,-0.579,0.46,-0.667,0.077,-0.61,0.0,-0.802,-0.547,-0.816,-0.832,-0.708,0.274,-0.579,-0.48,0.408,0.859,-0.673,-0.378,-0.541,0.125,0.699,-0.797,-0.163,-0.5,-0.64,-0.514,-0.854,-0.777,-0.791,0.365,-0.35,0.176,-0.333,-0.397,-0.596,-0.471,0.399,0.293,-0.662,-0.106,0.154,-0.635,-0.651,-0.7,-0.278,-0.443,-0.601,-0.575,-0.643,-0.5,0.773,-0.807,0.485,-0.735,-0.653,-0.506,-0.71,-0.793,0.682,0.551,-0.52,-0.655,-0.795,-0.687,0.556,-0.82,-0.436,-0.664,0.265,-0.193,-0.048,-0.557,-0.526,-0.802,0.311,-0.652,-0.748,-0.209,-0.762,0.402,-0.449,-0.52,0.238,0.462,0.218,-0.881,-0.675,0.489,-0.219,-0.41,0.78,-0.704,0.039,0.365,-0.641,0.018,-0.568,-0.298,-0.615,0.31,0.017,0.784,-0.058,0.347,-0.764,-0.393,-0.475,-0.369,-0.161,-0.497,-0.738,-0.128,-0.69,-0.112,-0.201,0.243,-0.696,-0.309,-0.253,0.653,0.107,0.562,-0.746,-0.56,-0.103,-0.519,-0.504,-0.621,-0.735,-0.7,-0.793,0.369,-0.8,-0.166,-0.637,0.521,-0.581,-0.821,-0.405,-0.02,-0.62,-0.234,0.119,-0.758,-0.313,-0.806,0.088,-0.76,-0.82,0.058,-0.571,-0.172,0.356,-0.633,-0.725,-0.489,0.634,-0.072,-0.485,-0.012,-0.36,0.71,-0.23,-0.204,0.522,0.772,-0.552,-0.712,-0.718,-0.6,-0.365,-0.764,-0.685,0.159,-0.331,-0.501,-0.802,0.158,-0.258,-0.734,-0.738,-0.17
BLNK,0.934,0.843,0.185,0.109,0.777,0.559,0.696,-0.504,0.798,0.957,0.874,0.645,0.941,-0.239,-0.585,0.033,0.72,0.922,0.797,-0.339,0.852,0.017,0.842,-0.802,0.0,0.58,0.915,0.913,0.848,-0.361,0.842,0.727,-0.34,-0.786,0.835,0.503,0.73,0.255,-0.579,0.826,0.081,0.576,0.882,0.766,0.932,0.961,0.777,-0.234,0.332,-0.11,0.605,0.583,0.73,0.615,-0.441,-0.578,0.859,0.426,0.062,0.724,0.83,0.663,0.534,0.544,0.875,0.838,0.532,0.368,-0.784,0.952,-0.379,0.93,0.657,0.786,0.854,0.978,-0.744,-0.236,0.593,0.532,0.973,0.895,-0.639,0.926,0.54,0.91,-0.106,0.36,-0.124,0.782,0.808,0.898,-0.012,0.921,0.797,0.22,0.827,-0.382,0.774,0.505,0.083,-0.208,-0.121,0.893,0.856,-0.419,0.503,0.711,-0.784,0.868,0.202,-0.165,0.899,0.062,0.714,0.625,0.849,-0.046,0.219,-0.703,0.291,-0.319,0.772,0.638,0.749,0.263,0.475,0.741,0.943,0.521,0.695,0.225,0.382,-0.246,0.864,0.622,0.364,-0.479,0.023,-0.709,0.858,0.719,0.135,0.748,0.733,0.763,0.659,0.768,0.909,-0.378,0.974,0.225,0.868,-0.464,0.82,0.924,0.466,0.446,0.865,0.351,0.117,0.908,0.667,0.874,0.103,0.836,0.942,0.178,0.726,0.204,-0.481,0.892,0.941,0.725,-0.575,0.426,0.595,0.195,0.549,-0.627,0.482,0.287,-0.706,-0.829,0.798,0.871,0.759,0.847,0.52,0.92,0.9,0.111,0.638,0.756,0.898,0.225,0.348,0.801,0.907,0.382
BTAI,0.735,0.532,0.012,-0.397,0.882,-0.071,0.014,-0.734,0.745,0.675,0.608,-0.053,0.433,-0.571,-0.862,-0.144,0.571,0.374,0.83,-0.881,0.77,-0.663,0.279,-0.547,0.58,0.0,0.459,0.729,0.739,-0.787,0.217,0.057,-0.843,-0.331,0.761,0.545,0.736,-0.333,-0.869,0.868,-0.229,-0.174,0.636,0.387,0.633,0.598,0.221,-0.638,-0.21,-0.775,0.747,0.014,0.707,0.427,-0.715,-0.754,0.729,-0.0,-0.611,0.562,0.579,0.918,0.017,-0.176,0.674,0.486,0.039,-0.189,-0.67,0.662,-0.831,0.516,0.512,0.147,0.794,0.553,-0.907,-0.018,-0.066,0.089,0.539,0.723,-0.726,0.599,-0.173,0.409,-0.225,-0.301,-0.521,0.353,0.551,0.519,-0.488,0.454,0.312,-0.564,0.72,-0.03,0.208,-0.097,-0.392,-0.606,-0.56,0.493,0.706,-0.888,0.029,0.163,-0.825,0.338,-0.439,-0.743,0.316,-0.31,0.318,0.034,0.268,-0.327,-0.386,-0.469,-0.0,-0.257,0.552,-0.114,0.024,0.891,-0.247,0.158,0.471,0.137,0.381,-0.437,-0.024,-0.802,0.644,0.09,0.196,-0.503,-0.396,-0.854,0.84,0.187,-0.481,0.227,0.743,0.723,0.578,0.727,0.558,-0.5,0.617,0.804,0.642,-0.704,0.58,0.626,-0.289,0.208,0.475,-0.141,-0.428,0.71,0.526,0.775,0.541,0.782,0.755,-0.515,0.831,0.281,-0.723,0.379,0.502,0.628,-0.839,-0.334,-0.135,-0.463,0.001,-0.56,-0.203,-0.222,-0.615,-0.74,0.491,0.804,0.542,0.596,0.459,0.586,0.762,-0.637,0.254,0.612,0.431,0.371,-0.121,0.819,0.309,-0.301
BYND,0.832,0.808,0.364,0.212,0.623,0.668,0.767,-0.315,0.659,0.827,0.867,0.69,0.847,-0.112,-0.426,0.215,0.655,0.898,0.588,-0.182,0.724,0.198,0.811,-0.816,0.915,0.459,0.0,0.858,0.76,-0.107,0.869,0.799,-0.168,-0.767,0.647,0.344,0.526,0.332,-0.505,0.726,0.184,0.741,0.826,0.713,0.904,0.887,0.864,-0.129,0.497,0.087,0.408,0.703,0.522,0.563,-0.296,-0.347,0.703,0.427,0.218,0.625,0.721,0.577,0.639,0.708,0.71,0.75,0.622,0.617,-0.732,0.847,-0.348,0.824,0.691,0.782,0.742,0.938,-0.593,-0.319,0.778,0.643,0.908,0.796,-0.518,0.851,0.693,0.841,0.036,0.568,0.16,0.682,0.688,0.906,0.117,0.859,0.838,0.338,0.794,-0.433,0.693,0.715,0.04,-0.18,0.084,0.897,0.733,-0.31,0.596,0.768,-0.71,0.853,0.215,-0.061,0.864,0.237,0.8,0.663,0.766,-0.024,0.28,-0.697,0.395,-0.197,0.828,0.726,0.756,0.224,0.461,0.743,0.862,0.4,0.727,0.376,0.517,-0.04,0.786,0.418,0.416,-0.453,0.154,-0.551,0.737,0.806,0.27,0.764,0.561,0.735,0.699,0.709,0.909,-0.188,0.883,0.077,0.738,-0.305,0.662,0.837,0.606,0.401,0.723,0.51,0.095,0.804,0.577,0.773,-0.022,0.71,0.845,0.142,0.581,0.092,-0.286,0.787,0.914,0.556,-0.406,0.425,0.76,0.379,0.691,-0.64,0.591,0.279,-0.485,-0.732,0.704,0.713,0.776,0.627,0.35,0.834,0.774,0.146,0.535,0.614,0.872,0.096,0.452,0.74,0.917,0.444
CAN,0.922,0.795,0.258,-0.085,0.845,0.443,0.59,-0.586,0.782,0.892,0.883,0.423,0.81,-0.291,-0.684,0.02,0.708,0.79,0.82,-0.535,0.882,-0.149,0.697,-0.832,0.913,0.729,0.858,0.0,0.888,-0.468,0.69,0.592,-0.495,-0.722,0.806,0.533,0.734,0.04,-0.759,0.906,0.053,0.388,0.868,0.706,0.912,0.901,0.698,-0.407,0.214,-0.317,0.62,0.496,0.777,0.614,-0.59,-0.602,0.858,0.312,-0.154,0.742,0.805,0.817,0.395,0.434,0.811,0.79,0.482,0.349,-0.812,0.902,-0.615,0.819,0.721,0.615,0.898,0.903,-0.835,-0.234,0.505,0.461,0.896,0.891,-0.714,0.854,0.421,0.798,-0.122,0.231,-0.16,0.734,0.712,0.903,-0.165,0.817,0.759,-0.012,0.913,-0.338,0.587,0.475,-0.066,-0.383,-0.253,0.859,0.865,-0.57,0.436,0.552,-0.894,0.778,0.002,-0.362,0.805,-0.027,0.699,0.517,0.65,-0.128,0.074,-0.728,0.228,-0.255,0.831,0.436,0.531,0.504,0.191,0.587,0.849,0.349,0.669,0.13,0.293,-0.38,0.875,0.401,0.387,-0.514,-0.008,-0.787,0.897,0.634,0.039,0.63,0.676,0.788,0.776,0.785,0.871,-0.371,0.917,0.398,0.834,-0.553,0.728,0.909,0.247,0.39,0.783,0.25,-0.03,0.902,0.604,0.926,0.084,0.879,0.938,-0.107,0.802,0.267,-0.571,0.729,0.878,0.695,-0.677,0.181,0.427,0.077,0.465,-0.727,0.326,0.045,-0.693,-0.857,0.735,0.876,0.782,0.737,0.462,0.893,0.894,-0.162,0.554,0.725,0.824,0.222,0.283,0.846,0.809,0.211
CCEC,0.931,0.876,0.271,-0.162,0.913,0.416,0.498,-0.546,0.847,0.854,0.942,0.401,0.759,-0.196,-0.677,0.085,0.826,0.738,0.878,-0.556,0.939,-0.26,0.581,-0.708,0.848,0.739,0.76,0.888,0.0,-0.54,0.584,0.593,-0.49,-0.578,0.89,0.571,0.817,0.135,-0.746,0.893,0.105,0.261,0.887,0.691,0.896,0.895,0.558,-0.44,0.076,-0.447,0.726,0.458,0.872,0.816,-0.51,-0.633,0.917,0.335,-0.179,0.877,0.673,0.841,0.439,0.334,0.869,0.856,0.253,0.213,-0.756,0.903,-0.637,0.803,0.788,0.627,0.911,0.852,-0.862,0.03,0.345,0.448,0.83,0.847,-0.836,0.862,0.291,0.816,0.063,0.162,-0.251,0.762,0.778,0.891,-0.122,0.777,0.796,-0.038,0.949,-0.366,0.681,0.274,0.069,-0.187,-0.299,0.795,0.943,-0.61,0.427,0.514,-0.901,0.81,0.123,-0.382,0.748,-0.078,0.737,0.509,0.555,0.055,0.087,-0.584,0.26,-0.191,0.881,0.335,0.44,0.538,0.13,0.599,0.871,0.489,0.62,0.057,0.382,-0.415,0.943,0.44,0.56,-0.369,0.033,-0.814,0.939,0.658,0.071,0.717,0.744,0.892,0.844,0.716,0.882,-0.302,0.91,0.557,0.914,-0.385,0.749,0.903,0.15,0.51,0.758,0.138,-0.028,0.921,0.65,0.926,0.169,0.907,0.917,-0.148,0.889,0.372,-0.604,0.726,0.871,0.78,-0.625,0.175,0.331,-0.016,0.491,-0.693,0.351,0.037,-0.608,-0.882,0.827,0.829,0.815,0.69,0.473,0.845,0.858,-0.133,0.626,0.834,0.802,0.458,0.35,0.846,0.709,0.183
CDW,-0.488,-0.24,0.243,0.591,-0.719,0.401,0.199,0.81,-0.571,-0.489,-0.363,0.285,-0.326,0.632,0.837,0.425,-0.416,-0.083,-0.738,0.82,-0.598,0.758,-0.138,0.274,-0.361,-0.787,-0.107,-0.468,-0.54,0.0,0.087,0.171,0.914,0.202,-0.675,-0.54,-0.722,0.416,0.657,-0.676,0.357,0.457,-0.377,-0.148,-0.35,-0.359,0.125,0.686,0.378,0.872,-0.746,0.146,-0.672,-0.274,0.644,0.766,-0.591,0.129,0.754,-0.414,-0.491,-0.707,0.194,0.448,-0.594,-0.343,0.174,0.491,0.477,-0.492,0.627,-0.396,-0.28,0.037,-0.624,-0.273,0.813,-0.092,0.417,0.201,-0.364,-0.503,0.575,-0.357,0.504,-0.273,0.442,0.6,0.832,-0.197,-0.431,-0.248,0.615,-0.232,-0.056,0.667,-0.482,-0.134,-0.098,0.484,0.242,0.525,0.685,-0.173,-0.594,0.791,0.248,0.146,0.615,-0.122,0.495,0.732,-0.091,0.46,-0.001,0.158,-0.127,0.311,0.506,0.335,0.315,0.245,-0.254,0.321,0.147,-0.663,0.374,-0.01,-0.31,-0.138,-0.049,0.65,0.226,0.924,-0.512,-0.191,0.08,0.444,0.446,0.766,-0.666,0.132,0.626,-0.044,-0.606,-0.448,-0.287,-0.506,-0.248,0.644,-0.416,-0.714,-0.515,0.722,-0.577,-0.47,0.526,-0.067,-0.449,0.31,0.272,-0.535,-0.397,-0.531,-0.545,-0.626,-0.551,0.528,-0.717,-0.193,0.783,-0.276,-0.28,-0.571,0.82,0.3,0.443,0.652,0.303,0.334,0.344,0.323,0.69,0.528,-0.335,-0.696,-0.215,-0.531,-0.517,-0.421,-0.608,0.556,-0.199,-0.519,-0.148,-0.504,0.435,-0.582,-0.028,0.43
CDXS,0.714,0.735,0.244,0.335,0.483,0.826,0.793,-0.084,0.635,0.718,0.692,0.772,0.789,0.03,-0.177,0.375,0.592,0.935,0.469,0.108,0.554,0.396,0.753,-0.579,0.842,0.217,0.869,0.69,0.584,0.087,0.0,0.878,0.128,-0.634,0.483,0.133,0.403,0.599,-0.218,0.475,0.252,0.816,0.777,0.668,0.77,0.794,0.852,0.212,0.489,0.331,0.265,0.65,0.364,0.476,-0.142,-0.269,0.553,0.503,0.495,0.438,0.574,0.324,0.692,0.792,0.617,0.664,0.544,0.587,-0.603,0.693,-0.085,0.728,0.5,0.824,0.516,0.872,-0.329,-0.137,0.813,0.601,0.79,0.727,-0.42,0.766,0.822,0.79,0.139,0.689,0.265,0.745,0.605,0.76,0.417,0.901,0.754,0.536,0.57,-0.523,0.769,0.781,0.223,0.13,0.248,0.803,0.56,-0.053,0.769,0.882,-0.493,0.82,0.496,0.244,0.888,0.242,0.698,0.757,0.822,0.195,0.566,-0.51,0.615,-0.187,0.607,0.822,0.836,-0.064,0.701,0.717,0.8,0.467,0.721,0.576,0.553,0.194,0.614,0.577,0.39,-0.235,0.322,-0.357,0.549,0.821,0.354,0.729,0.48,0.616,0.465,0.482,0.817,0.008,0.767,-0.078,0.594,-0.122,0.539,0.702,0.671,0.499,0.645,0.475,0.21,0.681,0.566,0.609,-0.063,0.512,0.684,0.453,0.359,0.142,-0.08,0.771,0.835,0.402,-0.155,0.637,0.862,0.531,0.732,-0.493,0.734,0.349,-0.379,-0.596,0.597,0.544,0.625,0.624,0.179,0.695,0.614,0.426,0.669,0.482,0.784,0.087,0.546,0.54,0.932,0.555
