,ABEO,ACHC,AGNCN,AKAM,AKRO,ALRM,AMAT,AMED,AMRN,ANGI,APA,APOG,APPS,ARCB,ARCC,ARVN,ATEC,ATXS,AVAV,AXON,BANF,BATRK,BIDU,BLNE,BLNK,BTAI,BYND,CAN,CCEC,CDW,CDXS,CELH,CGNX,CHKP,CHRS,CHRW,CIGI,CKPT,CMPR,COGT,CRNC,CRSP,CSTL,CTSH,CVGW,DGLY,DNLI,DOCU,DVAX,EBAY,EHTH,ERII,ESLT,EXPE,EXPO,FBIOP,FFBC,FFIN,FOXF,FWRD,GDS,GERN,GPRE,GRWG,GRYP,HEES,HELE,HIVE,HON,HRTX,HSTM,HURA,IART,IBKR,IBOC,IBRX,IDXX,INGN,INM,INVA,IQ,IRBT,KDP,KPTI,KTOS,KXIN,LAMR,LFUS,LGIH,LGMK,LKFN,LNW,LOPE,LPSN,LYFT,MGNX,MLCO,MNST,MODV,MSTR,MTCH,MYGN,MYRG,NCMI,NEXT,NFLX,NIU,NKTR,NRC,NTNX,NTRA,NVEE,NVMI,NWL,NWS,NXPI,OCGN,OCSL,OKTA,OLLI,OTLK,OXLC,PAA,PARA,PARAA,PDCO,PDFS,PFG,PGEN,PNFP,PODD,POWI,PSMT,PTC,PTEN,PVLA,RDNT,RDUS,RDWR,REGN,RNAC,ROCK,ROST,RRR,RSLS,RVMD,RYAAY,SAFT,SAGE,SAVA,SBGI,SFM,SFNC,SHYF,SIBN,SIFY,SIGI,SIMO,SITM,SLM,SNBR,SNDX,SNY,SPNS,SRRK,STRA,SUPN,SYRE,TCBK,TEAM,TECH,THRM,TLRY,TRMK,TROW,TSLA,TWST,TXN,UFPI,UNIT,UPWK,USLM,UTHR,VERB,VLY,VRNA,VRRM,VXRT,WAFD,WATT,WBA,WING,WIX,WTFC,WTW,XPEL,XRX,YMAB,ZG,ZLAB
ABEO,0.0,0.225,-0.319,0.317,0.266,0.598,0.54,0.314,-0.447,0.617,0.615,-0.323,0.681,-0.218,0.211,0.512,0.554,0.563,0.357,0.369,0.009,0.602,0.686,0.65,0.683,0.653,0.7,0.109,0.383,-0.489,0.144,0.4,0.317,0.066,-0.592,-0.016,-0.216,0.076,0.487,-0.444,0.036,0.473,0.639,-0.614,0.367,0.617,0.407,0.764,-0.298,-0.517,0.569,0.329,-0.619,0.502,-0.287,0.498,-0.18,0.309,0.406,-0.072,0.557,0.181,-0.15,0.701,0.667,0.063,-0.375,-0.009,-0.101,0.657,-0.066,0.704,-0.295,0.293,-0.229,0.63,0.283,0.234,0.467,-0.514,0.629,0.324,-0.019,0.389,0.558,-0.351,-0.07,-0.516,0.288,0.732,0.083,-0.168,0.547,0.369,0.52,0.641,0.608,-0.141,-0.314,0.219,0.49,-0.106,-0.059,0.55,0.415,-0.247,0.029,0.667,0.13,0.408,0.546,-0.324,0.482,0.423,0.623,0.105,0.355,-0.123,0.59,0.559,0.52,0.301,0.32,0.578,0.541,0.086,-0.574,-0.239,-0.118,-0.093,-0.661,-0.291,0.575,0.647,0.524,-0.277,0.477,-0.018,-0.429,-0.489,-0.252,0.031,-0.109,0.444,0.548,0.416,0.638,-0.475,0.42,0.166,0.3,-0.239,-0.137,-0.17,0.473,0.379,-0.466,0.069,-0.293,0.412,0.41,-0.49,-0.567,-0.182,-0.355,0.276,0.535,-0.122,0.33,-0.338,0.042,-0.331,0.56,0.102,-0.164,0.225,0.548,0.374,-0.11,-0.304,0.481,-0.177,-0.105,0.649,0.229,0.317,0.151,0.343,-0.239,0.485,-0.426,0.235,0.537,-0.064,-0.164,0.549,0.484,0.383,0.626,0.244
ACHC,0.225,0.0,0.202,0.063,-0.139,0.58,0.242,-0.094,0.023,0.004,0.384,0.37,0.265,0.389,0.222,0.131,0.144,0.015,0.668,0.364,0.339,0.19,0.336,0.125,0.42,0.18,0.359,0.525,0.321,0.158,0.434,0.562,0.099,0.032,-0.138,0.408,0.482,0.014,-0.079,0.061,0.4,0.534,0.384,0.09,0.011,0.093,0.394,0.218,0.235,-0.434,0.025,-0.019,-0.148,0.001,0.329,0.446,0.356,0.58,0.407,0.441,0.41,0.016,0.32,0.316,0.296,0.416,0.305,0.449,0.279,0.201,0.246,0.244,-0.307,0.595,0.304,0.568,-0.101,-0.073,0.101,0.096,0.186,0.175,-0.202,-0.09,0.136,0.037,0.355,0.174,0.158,0.276,0.457,0.352,0.226,0.197,0.121,0.23,0.108,0.205,0.334,0.456,-0.068,0.386,0.462,-0.014,0.039,-0.143,-0.247,0.134,0.564,0.245,0.126,0.247,0.323,0.038,0.31,0.63,0.536,0.307,0.008,0.166,0.582,0.451,0.182,-0.136,-0.099,-0.154,0.054,0.289,0.347,0.377,-0.171,0.304,0.233,0.129,0.22,0.204,0.173,0.272,-0.166,-0.036,0.286,0.101,0.196,0.456,-0.169,-0.099,0.37,0.094,0.147,-0.042,0.431,-0.27,0.426,0.373,-0.068,0.473,0.194,0.409,0.198,0.292,0.42,0.058,-0.424,0.268,-0.057,0.254,-0.023,-0.278,0.536,0.261,-0.058,0.332,0.208,0.346,0.472,0.51,0.136,0.428,0.467,0.23,-0.013,0.274,0.212,0.078,0.569,0.299,0.51,0.547,0.38,0.525,0.174,0.205,-0.017,0.465,0.448,0.132,0.265,0.05,0.148,0.472
AGNCN,-0.319,0.202,0.0,-0.623,-0.401,0.082,-0.155,-0.66,0.66,-0.692,-0.541,0.613,-0.392,0.685,-0.154,-0.535,-0.525,-0.636,0.348,0.318,0.388,-0.585,-0.412,-0.551,-0.261,-0.347,-0.413,0.632,-0.441,0.695,0.525,0.27,-0.084,0.07,0.458,0.077,0.613,-0.166,-0.842,0.627,0.351,0.327,0.025,0.615,-0.727,-0.531,0.037,-0.417,0.614,-0.217,-0.715,-0.655,0.483,-0.71,0.893,-0.111,0.542,0.044,-0.347,0.065,-0.215,-0.174,0.428,-0.395,-0.482,-0.027,0.433,0.757,-0.143,-0.629,0.506,-0.353,0.235,0.401,0.602,-0.351,-0.3,-0.616,-0.571,0.754,-0.553,-0.339,-0.641,-0.717,-0.655,0.584,0.769,0.521,-0.355,-0.34,0.49,0.573,-0.55,-0.35,-0.554,-0.634,-0.688,0.301,0.827,0.486,-0.716,0.628,0.53,-0.695,-0.698,0.385,-0.079,-0.569,0.469,-0.325,-0.146,0.522,0.218,-0.803,-0.411,0.59,0.313,0.626,-0.593,-0.512,0.066,0.445,-0.562,-0.455,-0.272,-0.513,0.621,0.499,0.284,0.515,0.626,0.938,-0.529,-0.636,-0.624,0.762,-0.277,-0.068,0.35,0.602,0.505,-0.251,0.25,0.02,-0.457,-0.529,-0.431,0.697,-0.529,-0.368,0.268,-0.242,0.597,0.379,-0.679,0.41,0.744,0.697,0.718,-0.298,-0.072,0.434,0.142,0.749,0.486,-0.134,-0.655,0.146,-0.064,0.917,0.049,0.753,-0.478,0.077,0.737,0.616,-0.331,0.135,0.151,0.717,-0.773,0.558,0.633,-0.567,0.335,0.24,-0.099,0.291,0.556,0.209,0.437,0.119,-0.583,0.434,0.675,-0.54,-0.584,-0.405,-0.536,0.39
AKAM,0.317,0.063,-0.623,0.0,0.34,0.084,0.183,0.655,-0.642,0.623,0.686,-0.306,0.41,-0.601,0.231,0.496,0.509,0.632,-0.073,-0.228,-0.222,0.713,0.457,0.477,0.278,0.344,0.481,-0.446,0.586,-0.609,-0.403,-0.201,0.131,0.045,-0.428,0.016,-0.466,0.397,0.705,-0.607,-0.173,-0.179,0.1,-0.468,0.845,0.582,0.05,0.326,-0.486,0.073,0.645,0.735,-0.415,0.726,-0.702,0.167,-0.346,0.206,0.586,0.263,0.381,0.019,-0.101,0.405,0.579,0.46,-0.286,-0.541,0.506,0.668,-0.379,0.439,-0.031,-0.069,-0.478,0.497,-0.049,0.663,0.783,-0.715,0.535,0.436,0.479,0.698,0.789,-0.505,-0.572,-0.327,0.689,0.449,-0.246,-0.314,0.607,0.786,0.739,0.608,0.689,-0.14,-0.707,-0.378,0.736,-0.743,-0.334,0.692,0.856,-0.417,-0.062,0.541,-0.261,0.342,0.141,-0.355,-0.08,0.668,0.406,-0.33,-0.222,-0.528,0.523,0.62,0.26,-0.371,0.732,0.467,0.24,0.666,-0.497,-0.367,-0.064,-0.397,-0.602,-0.661,0.662,0.541,0.808,-0.681,0.233,0.343,-0.368,-0.628,-0.391,0.652,0.051,0.046,0.432,0.42,0.515,-0.579,0.738,0.154,-0.227,0.293,-0.411,-0.121,0.69,-0.314,-0.489,-0.476,-0.633,0.388,0.335,-0.21,-0.047,-0.798,-0.531,0.259,0.496,-0.513,0.254,-0.668,-0.119,-0.425,0.465,0.167,-0.59,-0.296,0.367,0.007,0.172,-0.596,0.689,-0.477,-0.808,0.59,-0.111,0.039,0.337,-0.25,-0.281,0.0,-0.229,-0.122,0.516,-0.214,-0.541,0.662,0.705,0.291,0.485,-0.235
AKRO,0.266,-0.139,-0.401,0.34,0.0,-0.121,0.347,0.644,-0.551,0.645,0.152,-0.658,0.303,-0.772,-0.364,0.546,0.496,0.623,-0.306,0.145,-0.648,0.54,0.206,0.36,0.096,0.452,0.111,-0.635,0.326,-0.684,-0.582,-0.432,0.589,0.466,-0.109,-0.476,-0.614,0.1,0.595,-0.462,-0.703,-0.436,0.393,-0.437,0.478,0.44,-0.426,0.243,-0.646,0.082,0.486,0.603,-0.346,0.491,-0.599,0.088,-0.585,-0.299,0.109,-0.552,-0.036,0.577,-0.589,0.275,0.141,-0.391,-0.795,-0.598,-0.207,0.513,-0.595,0.1,0.134,-0.424,-0.699,0.056,0.512,0.583,0.338,-0.626,0.419,-0.381,0.418,0.687,0.518,-0.479,-0.392,-0.468,0.343,0.107,-0.641,-0.661,0.466,0.367,0.118,0.412,0.364,-0.631,-0.455,-0.513,0.661,-0.172,-0.7,0.602,0.571,0.291,0.718,0.527,0.138,-0.195,0.614,-0.504,0.027,0.21,0.122,-0.568,-0.467,-0.692,0.586,0.395,-0.147,-0.472,0.0,0.485,0.37,0.555,-0.46,-0.731,-0.611,-0.68,-0.316,-0.441,0.533,0.295,0.257,-0.402,0.347,-0.62,0.175,-0.321,-0.66,0.22,-0.463,-0.415,0.554,0.663,0.221,-0.659,0.261,-0.156,-0.525,0.203,-0.689,-0.68,0.673,-0.495,-0.534,-0.399,-0.674,0.014,-0.377,-0.392,0.095,-0.612,-0.498,0.423,0.623,0.307,-0.472,-0.485,0.568,-0.486,0.321,-0.466,-0.662,-0.371,0.569,0.015,-0.479,-0.716,0.656,-0.832,-0.534,0.549,-0.499,-0.21,-0.354,-0.435,-0.568,-0.243,-0.636,0.023,0.654,-0.671,-0.711,0.376,0.07,0.481,0.547,-0.393
ALRM,0.598,0.58,0.082,0.084,-0.121,0.0,0.681,0.103,-0.264,0.347,0.612,0.041,0.745,0.247,0.391,0.496,0.493,0.359,0.841,0.723,0.316,0.465,0.749,0.576,0.774,0.515,0.573,0.485,0.394,-0.151,0.488,0.82,0.37,0.224,-0.618,0.336,0.301,-0.301,0.067,-0.342,0.259,0.808,0.73,-0.27,0.192,0.54,0.641,0.647,-0.105,-0.796,0.413,0.097,-0.541,0.27,0.183,0.791,0.16,0.591,0.66,0.258,0.772,-0.122,0.184,0.727,0.684,0.38,-0.031,0.34,0.178,0.492,0.148,0.648,-0.281,0.702,0.086,0.742,0.143,0.065,0.431,-0.127,0.581,0.434,-0.458,0.114,0.395,-0.23,0.357,-0.194,0.385,0.683,0.568,0.053,0.525,0.266,0.502,0.539,0.5,0.017,0.044,0.439,0.212,0.268,0.373,0.344,0.109,-0.443,-0.241,0.552,0.336,0.563,0.539,-0.161,0.827,0.151,0.783,0.677,0.551,0.18,0.373,0.482,0.663,0.716,0.323,0.215,0.164,-0.075,-0.42,0.029,0.037,0.262,-0.482,0.209,0.521,0.342,0.437,-0.11,0.63,0.226,-0.384,-0.407,0.022,0.075,-0.013,0.539,0.302,0.267,0.64,-0.213,0.208,-0.216,0.626,-0.596,0.236,0.057,0.245,0.813,-0.152,0.621,-0.007,0.722,0.72,-0.431,-0.787,0.155,-0.318,0.43,0.323,-0.421,0.496,0.15,0.118,0.26,0.527,0.227,0.239,0.636,0.517,0.817,0.24,0.057,0.183,0.139,0.186,0.47,0.587,0.685,0.324,0.526,0.089,0.83,-0.255,0.63,0.346,0.311,0.209,0.502,0.522,0.396,0.503,0.69
AMAT,0.54,0.242,-0.155,0.183,0.347,0.681,0.0,0.61,-0.719,0.692,0.516,-0.555,0.906,-0.303,0.117,0.748,0.846,0.692,0.428,0.673,-0.363,0.624,0.834,0.815,0.741,0.574,0.547,-0.062,0.47,-0.639,-0.076,0.434,0.832,0.597,-0.796,0.017,-0.161,-0.524,0.419,-0.758,-0.316,0.344,0.818,-0.616,0.521,0.834,0.28,0.713,-0.687,-0.729,0.737,0.462,-0.853,0.603,-0.241,0.714,-0.483,0.075,0.556,-0.203,0.645,-0.052,-0.156,0.861,0.634,0.001,-0.611,-0.164,0.023,0.75,-0.252,0.548,-0.245,0.233,-0.527,0.59,0.536,0.522,0.62,-0.525,0.849,0.225,-0.21,0.589,0.637,-0.679,-0.095,-0.612,0.595,0.623,0.015,-0.543,0.78,0.324,0.541,0.685,0.656,-0.508,-0.379,-0.103,0.629,0.054,-0.263,0.714,0.32,-0.392,0.328,0.845,0.262,0.366,0.862,-0.636,0.813,0.155,0.753,0.254,0.056,-0.417,0.718,0.755,0.373,0.419,0.184,0.29,0.121,0.337,-0.788,-0.622,-0.547,-0.404,-0.599,-0.046,0.768,0.475,0.518,-0.526,0.935,-0.206,-0.268,-0.7,-0.601,0.018,-0.481,0.039,0.698,0.738,0.646,-0.685,0.173,-0.51,0.041,-0.558,-0.398,-0.584,0.652,0.393,-0.607,0.442,-0.539,0.615,0.381,-0.808,-0.756,-0.315,-0.749,0.58,0.702,-0.301,0.052,-0.113,0.535,-0.079,0.596,-0.372,-0.273,0.363,0.841,0.824,-0.25,-0.478,0.587,-0.458,-0.24,0.77,-0.038,0.628,-0.093,0.089,-0.56,0.642,-0.784,0.649,0.817,-0.377,-0.383,0.737,0.483,0.675,0.784,0.344
AMED,0.314,-0.094,-0.66,0.655,0.644,0.103,0.61,0.0,-0.924,0.838,0.56,-0.815,0.656,-0.813,-0.009,0.812,0.855,0.839,-0.204,0.08,-0.753,0.784,0.616,0.722,0.374,0.511,0.41,-0.699,0.552,-0.926,-0.708,-0.246,0.657,0.521,-0.64,-0.133,-0.573,-0.079,0.823,-0.924,-0.628,-0.357,0.368,-0.641,0.905,0.834,-0.123,0.442,-0.913,-0.101,0.849,0.865,-0.708,0.875,-0.819,0.303,-0.824,-0.225,0.525,-0.165,0.387,0.079,-0.3,0.592,0.547,0.055,-0.739,-0.788,0.248,0.825,-0.643,0.295,-0.116,-0.352,-0.926,0.45,0.491,0.966,0.8,-0.843,0.801,0.195,0.38,0.986,0.843,-0.881,-0.696,-0.626,0.759,0.406,-0.528,-0.821,0.824,0.536,0.668,0.733,0.764,-0.712,-0.822,-0.704,0.945,-0.489,-0.733,0.887,0.742,-0.411,0.471,0.812,-0.205,0.275,0.552,-0.758,0.141,0.482,0.532,-0.413,-0.532,-0.918,0.816,0.776,0.003,-0.333,0.449,0.352,0.08,0.856,-0.795,-0.879,-0.619,-0.841,-0.652,-0.622,0.831,0.533,0.718,-0.881,0.681,-0.122,-0.184,-0.846,-0.801,0.367,-0.496,-0.377,0.736,0.813,0.552,-0.938,0.462,-0.258,-0.495,-0.007,-0.837,-0.678,0.921,-0.353,-0.869,-0.284,-0.971,0.404,0.103,-0.674,-0.325,-0.895,-0.87,0.515,0.839,-0.361,-0.132,-0.642,0.398,-0.506,0.551,-0.484,-0.855,-0.237,0.762,0.266,-0.216,-0.909,0.934,-0.826,-0.844,0.823,-0.537,0.145,-0.143,-0.454,-0.821,0.074,-0.776,0.193,0.903,-0.736,-0.867,0.797,0.586,0.719,0.793,-0.228
AMRN,-0.447,0.023,0.66,-0.642,-0.551,-0.264,-0.719,-0.924,0.0,-0.895,-0.64,0.779,-0.781,0.779,-0.038,-0.802,-0.87,-0.861,0.078,-0.123,0.625,-0.804,-0.741,-0.851,-0.542,-0.548,-0.546,0.586,-0.603,0.921,0.56,0.072,-0.651,-0.451,0.791,0.117,0.573,0.231,-0.852,0.943,0.532,0.16,-0.454,0.805,-0.888,-0.909,0.02,-0.621,0.927,0.266,-0.926,-0.819,0.852,-0.893,0.788,-0.454,0.762,0.075,-0.599,0.182,-0.455,0.002,0.354,-0.756,-0.656,-0.04,0.725,0.668,-0.182,-0.896,0.553,-0.467,0.274,0.216,0.837,-0.542,-0.471,-0.846,-0.819,0.911,-0.88,-0.315,-0.365,-0.93,-0.881,0.876,0.648,0.753,-0.739,-0.599,0.432,0.794,-0.874,-0.524,-0.702,-0.788,-0.833,0.585,0.841,0.516,-0.94,0.496,0.642,-0.945,-0.761,0.449,-0.351,-0.894,0.134,-0.308,-0.64,0.771,-0.295,-0.572,-0.674,0.315,0.343,0.812,-0.862,-0.862,-0.119,0.188,-0.459,-0.439,-0.176,-0.691,0.894,0.839,0.628,0.75,0.797,0.621,-0.878,-0.697,-0.764,0.903,-0.76,0.115,0.406,0.897,0.864,-0.292,0.426,0.177,-0.771,-0.795,-0.653,0.941,-0.442,0.219,0.354,0.123,0.768,0.644,-0.927,0.198,0.884,0.213,0.908,-0.479,-0.246,0.795,0.495,0.827,0.92,-0.46,-0.843,0.344,-0.027,0.664,-0.33,0.544,-0.584,0.349,0.742,0.193,-0.784,-0.383,0.232,0.868,-0.921,0.785,0.743,-0.878,0.377,-0.221,0.04,0.32,0.771,-0.219,0.807,-0.248,-0.94,0.647,0.782,-0.871,-0.65,-0.707,-0.85,0.19
ANGI,0.617,0.004,-0.692,0.623,0.645,0.347,0.692,0.838,-0.895,0.0,0.702,-0.757,0.823,-0.757,0.111,0.863,0.88,0.911,0.002,0.258,-0.474,0.886,0.767,0.859,0.62,0.657,0.61,-0.513,0.627,-0.904,-0.44,0.006,0.613,0.343,-0.75,-0.154,-0.596,-0.065,0.872,-0.865,-0.455,-0.017,0.587,-0.831,0.821,0.889,0.1,0.772,-0.836,-0.257,0.942,0.808,-0.82,0.905,-0.785,0.508,-0.642,0.05,0.585,-0.224,0.504,0.247,-0.501,0.79,0.732,-0.028,-0.746,-0.598,0.043,0.929,-0.558,0.647,-0.224,-0.134,-0.748,0.604,0.549,0.749,0.772,-0.911,0.883,0.312,0.348,0.885,0.887,-0.795,-0.527,-0.765,0.637,0.656,-0.377,-0.714,0.872,0.548,0.684,0.871,0.88,-0.541,-0.793,-0.353,0.924,-0.408,-0.549,0.96,0.791,-0.332,0.287,0.942,-0.117,0.406,0.743,-0.745,0.363,0.674,0.723,-0.319,-0.196,-0.694,0.935,0.81,0.189,-0.141,0.514,0.676,0.474,0.607,-0.903,-0.746,-0.553,-0.615,-0.814,-0.677,0.887,0.772,0.752,-0.818,0.714,-0.165,-0.383,-0.813,-0.736,0.308,-0.432,0.017,0.777,0.802,0.702,-0.924,0.595,-0.036,-0.148,-0.109,-0.676,-0.621,0.938,-0.088,-0.875,-0.262,-0.827,0.524,0.249,-0.771,-0.487,-0.725,-0.782,0.486,0.917,-0.208,0.03,-0.715,0.375,-0.621,0.678,-0.219,-0.714,-0.218,0.821,0.389,-0.263,-0.83,0.926,-0.755,-0.605,0.921,-0.248,0.155,0.022,-0.187,-0.669,0.23,-0.796,0.288,0.93,-0.548,-0.721,0.838,0.643,0.719,0.906,-0.136
APA,0.615,0.384,-0.541,0.686,0.152,0.612,0.516,0.56,-0.64,0.702,0.0,-0.238,0.776,-0.287,0.398,0.704,0.693,0.691,0.442,0.167,0.029,0.775,0.86,0.785,0.771,0.646,0.78,-0.068,0.771,-0.563,-0.009,0.396,0.306,0.059,-0.75,0.189,-0.129,0.095,0.635,-0.669,0.128,0.376,0.46,-0.542,0.747,0.762,0.514,0.69,-0.431,-0.426,0.776,0.646,-0.698,0.773,-0.469,0.584,-0.156,0.584,0.819,0.387,0.781,0.012,0.066,0.804,0.871,0.575,-0.177,-0.254,0.518,0.837,-0.3,0.723,-0.355,0.345,-0.292,0.861,0.099,0.543,0.819,-0.66,0.808,0.66,0.094,0.614,0.848,-0.572,-0.28,-0.364,0.683,0.726,0.138,-0.217,0.784,0.622,0.883,0.866,0.886,-0.15,-0.553,-0.057,0.676,-0.398,0.013,0.741,0.702,-0.668,-0.165,0.75,-0.12,0.648,0.364,-0.269,0.368,0.693,0.799,0.157,0.201,-0.3,0.645,0.807,0.485,0.134,0.805,0.537,0.361,0.417,-0.622,-0.233,0.053,-0.128,-0.815,-0.465,0.823,0.683,0.925,-0.599,0.545,0.482,-0.588,-0.771,-0.3,0.501,0.091,0.423,0.558,0.475,0.892,-0.603,0.722,0.085,0.284,-0.059,-0.172,0.01,0.675,0.234,-0.538,-0.044,-0.486,0.749,0.734,-0.449,-0.638,-0.459,-0.54,0.412,0.608,-0.581,0.547,-0.495,-0.122,-0.26,0.768,0.287,-0.33,0.119,0.602,0.458,0.349,-0.448,0.684,-0.249,-0.439,0.725,0.292,0.409,0.542,0.196,-0.179,0.527,-0.293,0.249,0.598,0.046,-0.287,0.843,0.889,0.503,0.718,0.264
APOG,-0.323,0.37,0.613,-0.306,-0.658,0.041,-0.555,-0.815,0.779,-0.757,-0.238,0.0,-0.538,0.797,0.16,-0.65,-0.697,-0.7,0.402,-0.116,0.832,-0.566,-0.432,-0.622,-0.239,-0.422,-0.243,0.736,-0.184,0.87,0.706,0.336,-0.608,-0.444,0.54,0.286,0.708,0.227,-0.736,0.789,0.761,0.385,-0.33,0.71,-0.622,-0.683,0.244,-0.461,0.895,0.073,-0.718,-0.631,0.654,-0.686,0.762,-0.128,0.914,0.512,-0.136,0.571,-0.128,-0.208,0.545,-0.472,-0.313,0.414,0.874,0.757,0.255,-0.633,0.605,-0.203,0.149,0.561,0.913,-0.157,-0.746,-0.71,-0.473,0.728,-0.634,0.002,-0.352,-0.809,-0.603,0.77,0.647,0.789,-0.366,-0.275,0.677,0.906,-0.596,-0.239,-0.349,-0.57,-0.558,0.771,0.742,0.653,-0.79,0.28,0.865,-0.732,-0.464,0.168,-0.598,-0.709,0.259,-0.104,-0.605,0.836,-0.108,-0.335,-0.388,0.587,0.537,0.863,-0.781,-0.543,0.165,0.285,-0.117,-0.343,-0.154,-0.587,0.786,0.926,0.83,0.872,0.511,0.607,-0.574,-0.502,-0.371,0.757,-0.631,0.488,0.097,0.661,0.814,0.081,0.722,0.483,-0.732,-0.758,-0.32,0.872,-0.192,0.178,0.51,0.09,0.895,0.872,-0.768,0.334,0.893,0.299,0.866,-0.142,0.223,0.784,0.259,0.716,0.724,-0.303,-0.815,-0.051,0.375,0.607,-0.506,0.675,-0.366,0.699,0.823,0.354,-0.684,-0.124,0.609,0.853,-0.786,0.799,0.587,-0.695,0.708,-0.002,0.5,0.442,0.953,0.047,0.894,-0.184,-0.844,0.885,0.835,-0.563,-0.266,-0.685,-0.702,0.346
APPS,0.681,0.265,-0.392,0.41,0.303,0.745,0.906,0.656,-0.781,0.823,0.776,-0.538,0.0,-0.358,0.258,0.854,0.903,0.806,0.466,0.577,-0.23,0.787,0.961,0.937,0.847,0.694,0.736,-0.091,0.617,-0.708,-0.061,0.469,0.688,0.412,-0.906,0.1,-0.206,-0.316,0.59,-0.832,-0.185,0.423,0.78,-0.695,0.673,0.932,0.427,0.856,-0.683,-0.674,0.879,0.601,-0.895,0.774,-0.415,0.771,-0.416,0.287,0.72,-0.019,0.8,-0.008,-0.155,0.955,0.847,0.198,-0.533,-0.25,0.158,0.893,-0.324,0.749,-0.312,0.291,-0.507,0.782,0.477,0.578,0.775,-0.663,0.951,0.457,-0.091,0.673,0.811,-0.727,-0.196,-0.632,0.679,0.777,0.055,-0.487,0.89,0.471,0.762,0.872,0.867,-0.423,-0.541,-0.08,0.741,-0.152,-0.208,0.838,0.528,-0.576,0.119,0.942,0.044,0.586,0.789,-0.623,0.732,0.46,0.904,0.2,0.122,-0.418,0.829,0.852,0.471,0.361,0.481,0.474,0.285,0.398,-0.865,-0.543,-0.407,-0.325,-0.783,-0.296,0.876,0.651,0.738,-0.655,0.902,0.034,-0.469,-0.834,-0.542,0.194,-0.361,0.228,0.747,0.716,0.815,-0.76,0.463,-0.259,0.192,-0.444,-0.365,-0.435,0.763,0.406,-0.701,0.255,-0.595,0.765,0.589,-0.809,-0.813,-0.418,-0.752,0.557,0.792,-0.435,0.26,-0.344,0.355,-0.224,0.758,-0.132,-0.374,0.257,0.86,0.757,-0.071,-0.537,0.721,-0.436,-0.328,0.883,0.089,0.587,0.129,0.158,-0.489,0.66,-0.714,0.605,0.845,-0.256,-0.412,0.873,0.724,0.71,0.884,0.342
ARCB,-0.218,0.389,0.685,-0.601,-0.772,0.247,-0.303,-0.813,0.779,-0.757,-0.287,0.797,-0.358,0.0,0.266,-0.575,-0.561,-0.69,0.516,0.165,0.741,-0.605,-0.301,-0.498,-0.13,-0.392,-0.205,0.845,-0.367,0.853,0.794,0.547,-0.459,-0.367,0.348,0.463,0.803,-0.061,-0.81,0.683,0.704,0.571,-0.178,0.639,-0.721,-0.583,0.395,-0.33,0.824,-0.214,-0.671,-0.77,0.485,-0.719,0.891,-0.011,0.77,0.351,-0.199,0.463,-0.041,-0.243,0.612,-0.343,-0.303,0.29,0.792,0.826,0.034,-0.623,0.716,-0.174,0.007,0.588,0.856,-0.116,-0.427,-0.743,-0.54,0.85,-0.533,0.062,-0.636,-0.846,-0.663,0.667,0.76,0.603,-0.47,-0.245,0.737,0.809,-0.569,-0.45,-0.371,-0.5,-0.567,0.592,0.819,0.686,-0.83,0.587,0.842,-0.766,-0.747,-0.007,-0.534,-0.598,0.284,0.072,-0.454,0.672,0.126,-0.474,-0.221,0.751,0.608,0.884,-0.704,-0.533,0.244,0.629,-0.246,-0.508,-0.3,-0.717,0.647,0.838,0.649,0.852,0.504,0.755,-0.598,-0.494,-0.455,0.754,-0.344,0.38,0.068,0.569,0.812,-0.318,0.416,0.43,-0.621,-0.655,-0.293,0.821,-0.385,0.021,0.666,-0.266,0.877,0.695,-0.82,0.647,0.761,0.625,0.861,-0.074,0.234,0.521,-0.054,0.876,0.678,-0.294,-0.684,-0.049,0.341,0.769,-0.354,0.719,-0.376,0.43,0.899,0.584,-0.544,0.093,0.433,0.901,-0.822,0.899,0.795,-0.667,0.648,0.223,0.259,0.628,0.736,0.302,0.7,0.103,-0.751,0.801,0.92,-0.556,-0.284,-0.505,-0.6,0.576
ARCC,0.211,0.222,-0.154,0.231,-0.364,0.391,0.117,-0.009,-0.038,0.111,0.398,0.16,0.258,0.266,0.0,0.117,0.199,0.17,0.302,0.084,0.353,0.273,0.304,0.19,0.299,-0.007,0.293,0.239,0.157,0.049,0.227,0.339,-0.221,-0.364,-0.321,0.519,0.124,0.186,0.155,-0.172,0.321,0.355,0.015,-0.186,0.226,0.171,0.566,0.241,0.097,-0.138,0.211,0.001,-0.121,0.198,-0.026,0.349,0.138,0.32,0.37,0.545,0.404,-0.044,0.149,0.201,0.43,0.522,0.252,0.093,0.347,0.2,0.351,0.483,-0.091,0.323,0.122,0.498,-0.159,-0.017,0.286,-0.019,0.211,0.76,-0.117,0.011,0.168,-0.098,0.015,-0.075,0.166,0.352,0.381,0.214,0.176,0.128,0.416,0.308,0.334,0.206,-0.115,0.239,0.048,-0.149,0.291,0.104,0.076,-0.565,-0.58,0.197,-0.165,0.757,-0.102,-0.093,0.168,0.401,0.468,0.303,0.276,0.213,0.092,0.113,0.239,0.306,0.581,-0.017,-0.07,-0.039,-0.178,0.251,0.353,0.289,-0.233,-0.113,0.165,0.404,0.416,-0.195,0.169,0.534,-0.355,-0.265,0.276,0.154,0.072,0.489,-0.069,0.019,0.351,-0.015,0.387,0.285,0.507,-0.315,0.22,0.201,0.052,0.407,-0.115,0.128,0.014,0.454,0.526,-0.032,-0.31,0.031,0.044,0.083,0.159,-0.497,0.453,-0.084,-0.301,-0.041,0.163,0.375,0.126,0.117,0.003,0.25,0.324,0.082,0.045,0.304,0.037,0.107,0.366,0.202,0.438,0.297,0.116,0.299,0.136,0.08,-0.017,0.333,0.182,0.168,0.549,0.053,0.134,0.347
ARVN,0.512,0.131,-0.535,0.496,0.546,0.496,0.748,0.812,-0.802,0.863,0.704,-0.65,0.854,-0.575,0.117,0.0,0.884,0.867,0.21,0.485,-0.444,0.86,0.814,0.816,0.657,0.744,0.517,-0.397,0.682,-0.795,-0.379,0.142,0.755,0.582,-0.724,-0.031,-0.29,-0.184,0.681,-0.866,-0.415,0.051,0.663,-0.549,0.781,0.894,0.174,0.679,-0.77,-0.34,0.861,0.793,-0.734,0.858,-0.593,0.65,-0.531,0.135,0.721,-0.059,0.684,0.196,-0.313,0.77,0.779,0.137,-0.636,-0.554,0.247,0.875,-0.605,0.547,-0.138,0.022,-0.707,0.683,0.577,0.749,0.786,-0.699,0.9,0.279,0.111,0.827,0.823,-0.834,-0.327,-0.497,0.738,0.543,-0.16,-0.671,0.922,0.546,0.725,0.875,0.872,-0.663,-0.617,-0.413,0.852,-0.209,-0.4,0.874,0.664,-0.448,0.319,0.91,-0.079,0.511,0.751,-0.687,0.465,0.494,0.773,-0.073,-0.242,-0.658,0.888,0.772,0.216,-0.007,0.518,0.469,0.26,0.675,-0.81,-0.692,-0.485,-0.529,-0.687,-0.444,0.902,0.518,0.719,-0.727,0.803,-0.062,-0.161,-0.816,-0.59,0.403,-0.459,-0.073,0.752,0.812,0.76,-0.866,0.537,-0.247,-0.056,-0.199,-0.577,-0.554,0.877,0.063,-0.776,0.002,-0.769,0.674,0.37,-0.739,-0.558,-0.607,-0.762,0.758,0.881,-0.362,0.03,-0.466,0.523,-0.281,0.792,-0.298,-0.643,0.029,0.907,0.593,-0.054,-0.736,0.847,-0.644,-0.541,0.89,-0.162,0.353,0.03,-0.176,-0.575,0.372,-0.753,0.523,0.874,-0.434,-0.643,0.82,0.659,0.851,0.917,0.181
ATEC,0.554,0.144,-0.525,0.509,0.496,0.493,0.846,0.855,-0.87,0.88,0.693,-0.697,0.903,-0.561,0.199,0.884,0.0,0.888,0.213,0.43,-0.486,0.818,0.861,0.876,0.693,0.627,0.676,-0.335,0.605,-0.847,-0.328,0.177,0.734,0.487,-0.808,-0.025,-0.35,-0.192,0.71,-0.913,-0.39,0.108,0.682,-0.702,0.797,0.928,0.221,0.749,-0.807,-0.468,0.908,0.75,-0.853,0.849,-0.61,0.647,-0.628,0.065,0.631,-0.105,0.682,0.045,-0.23,0.834,0.729,0.11,-0.676,-0.493,0.169,0.923,-0.455,0.61,-0.179,0.053,-0.731,0.678,0.513,0.811,0.812,-0.768,0.943,0.344,0.072,0.855,0.849,-0.808,-0.424,-0.655,0.742,0.645,-0.187,-0.642,0.914,0.51,0.735,0.845,0.853,-0.569,-0.668,-0.34,0.858,-0.29,-0.465,0.9,0.641,-0.518,0.293,0.948,-0.028,0.497,0.756,-0.744,0.523,0.46,0.774,-0.035,-0.126,-0.645,0.859,0.842,0.297,0.093,0.473,0.417,0.186,0.627,-0.895,-0.723,-0.516,-0.561,-0.712,-0.434,0.905,0.621,0.754,-0.767,0.857,-0.05,-0.306,-0.859,-0.662,0.282,-0.488,-0.012,0.772,0.82,0.694,-0.877,0.526,-0.29,-0.101,-0.296,-0.583,-0.6,0.877,0.106,-0.802,0.054,-0.798,0.635,0.372,-0.768,-0.631,-0.636,-0.822,0.602,0.866,-0.435,0.059,-0.465,0.435,-0.351,0.715,-0.33,-0.597,0.066,0.864,0.596,-0.193,-0.706,0.853,-0.647,-0.536,0.904,-0.178,0.411,0.014,-0.052,-0.677,0.43,-0.797,0.473,0.931,-0.49,-0.642,0.849,0.692,0.72,0.89,0.146
ATXS,0.563,0.015,-0.636,0.632,0.623,0.359,0.692,0.839,-0.861,0.911,0.691,-0.7,0.806,-0.69,0.17,0.867,0.888,0.0,0.055,0.295,-0.473,0.883,0.754,0.829,0.557,0.701,0.575,-0.496,0.63,-0.878,-0.442,-0.019,0.627,0.378,-0.72,-0.09,-0.525,-0.005,0.822,-0.88,-0.483,-0.028,0.551,-0.716,0.848,0.891,0.117,0.66,-0.811,-0.279,0.916,0.814,-0.74,0.894,-0.744,0.524,-0.592,0.068,0.606,-0.127,0.568,0.259,-0.411,0.737,0.708,0.108,-0.713,-0.628,0.184,0.913,-0.546,0.593,-0.084,-0.073,-0.751,0.617,0.451,0.771,0.812,-0.851,0.872,0.307,0.276,0.887,0.884,-0.82,-0.454,-0.671,0.728,0.597,-0.33,-0.672,0.881,0.597,0.729,0.864,0.883,-0.584,-0.752,-0.433,0.921,-0.431,-0.536,0.936,0.777,-0.43,0.276,0.921,-0.139,0.454,0.705,-0.74,0.366,0.607,0.718,-0.254,-0.273,-0.703,0.886,0.787,0.204,-0.141,0.543,0.588,0.35,0.695,-0.85,-0.726,-0.493,-0.588,-0.777,-0.602,0.9,0.67,0.772,-0.789,0.731,-0.087,-0.326,-0.843,-0.692,0.418,-0.421,-0.039,0.77,0.791,0.718,-0.901,0.623,-0.113,-0.144,-0.113,-0.651,-0.596,0.935,-0.077,-0.823,-0.192,-0.843,0.57,0.289,-0.721,-0.456,-0.743,-0.756,0.567,0.904,-0.307,0.036,-0.63,0.39,-0.502,0.69,-0.225,-0.733,-0.153,0.821,0.445,-0.181,-0.802,0.891,-0.725,-0.646,0.894,-0.231,0.224,-0.03,-0.222,-0.628,0.22,-0.735,0.322,0.89,-0.491,-0.729,0.84,0.702,0.714,0.878,-0.032
AVAV,0.357,0.668,0.348,-0.073,-0.306,0.841,0.428,-0.204,0.078,0.002,0.442,0.402,0.466,0.516,0.302,0.21,0.213,0.055,0.0,0.638,0.548,0.118,0.543,0.306,0.661,0.352,0.49,0.737,0.322,0.187,0.735,0.874,0.218,0.103,-0.299,0.236,0.597,-0.185,-0.274,0.001,0.552,0.884,0.572,0.078,-0.078,0.216,0.626,0.389,0.226,-0.752,0.092,-0.109,-0.247,-0.013,0.495,0.649,0.484,0.755,0.473,0.36,0.707,-0.192,0.434,0.511,0.454,0.464,0.268,0.585,0.249,0.213,0.232,0.49,-0.176,0.924,0.416,0.545,-0.144,-0.168,0.205,0.174,0.313,0.288,-0.668,-0.193,0.149,0.097,0.574,0.198,0.246,0.422,0.822,0.411,0.27,0.174,0.303,0.265,0.229,0.251,0.349,0.594,-0.117,0.329,0.641,0.026,-0.071,-0.318,-0.293,0.209,0.419,0.356,0.277,0.247,0.716,-0.114,0.469,0.873,0.73,0.472,0.004,0.279,0.703,0.766,0.144,0.078,0.097,-0.262,-0.041,0.343,0.354,0.55,-0.15,0.483,0.251,0.005,0.223,0.236,0.331,0.356,-0.202,-0.099,0.295,0.105,0.245,0.618,0.074,0.005,0.442,0.15,0.147,-0.226,0.697,-0.37,0.569,0.384,-0.073,0.838,0.253,0.727,0.33,0.601,0.717,-0.044,-0.575,0.416,0.004,0.372,-0.037,-0.357,0.547,0.433,-0.024,0.567,0.457,0.373,0.515,0.751,0.233,0.689,0.387,0.397,-0.131,0.382,0.386,0.163,0.806,0.694,0.462,0.697,0.428,0.817,0.113,0.489,0.009,0.599,0.469,0.252,0.339,0.064,0.182,0.842
AXON,0.369,0.364,0.318,-0.228,0.145,0.723,0.673,0.08,-0.123,0.258,0.167,-0.116,0.577,0.165,0.084,0.485,0.43,0.295,0.638,0.0,0.036,0.307,0.478,0.358,0.508,0.45,0.229,0.327,0.157,-0.109,0.28,0.555,0.623,0.512,-0.334,0.108,0.269,-0.339,-0.109,-0.234,-0.061,0.546,0.808,-0.062,-0.012,0.399,0.32,0.459,-0.151,-0.644,0.223,0.044,-0.323,0.13,0.279,0.669,0.023,0.21,0.333,-0.128,0.537,0.113,-0.052,0.474,0.379,-0.027,-0.274,0.267,-0.125,0.293,-0.001,0.378,0.045,0.493,-0.056,0.406,0.414,0.03,0.166,0.047,0.408,-0.058,-0.548,0.064,0.156,-0.21,0.499,-0.116,0.256,0.333,0.375,-0.073,0.393,0.161,0.138,0.319,0.24,-0.307,0.224,0.256,0.125,0.514,0.132,0.209,-0.091,-0.054,0.142,0.438,0.419,0.297,0.728,-0.291,0.801,-0.213,0.505,0.537,0.246,0.073,0.371,0.205,0.377,0.628,-0.06,0.107,0.124,-0.015,-0.307,-0.157,-0.245,0.091,-0.137,0.406,0.341,0.012,0.044,0.041,0.6,-0.253,0.094,-0.197,-0.025,-0.03,-0.375,0.146,0.295,0.328,0.346,-0.182,0.029,-0.446,0.401,-0.632,0.077,-0.243,0.193,0.66,-0.098,0.699,-0.011,0.46,0.308,-0.424,-0.526,0.232,-0.224,0.568,0.34,-0.067,-0.002,0.36,0.631,0.354,0.377,-0.198,0.149,0.609,0.588,0.794,-0.072,0.023,0.086,-0.048,0.271,0.394,0.258,0.543,-0.11,0.315,-0.047,0.62,-0.408,0.758,0.336,0.046,0.092,0.256,0.109,0.481,0.461,0.629
BANF,0.009,0.339,0.388,-0.222,-0.648,0.316,-0.363,-0.753,0.625,-0.474,0.029,0.832,-0.23,0.741,0.353,-0.444,-0.486,-0.473,0.548,0.036,0.0,-0.371,-0.139,-0.315,0.06,-0.229,0.062,0.787,-0.09,0.688,0.864,0.541,-0.602,-0.602,0.251,0.309,0.554,0.185,-0.536,0.612,0.808,0.661,-0.152,0.388,-0.505,-0.45,0.521,-0.084,0.766,-0.118,-0.424,-0.55,0.366,-0.506,0.612,0.129,0.911,0.719,0.024,0.514,0.11,-0.112,0.407,-0.161,-0.002,0.384,0.743,0.742,0.113,-0.392,0.562,0.219,0.037,0.688,0.904,0.046,-0.588,-0.692,-0.308,0.533,-0.382,0.241,-0.375,-0.711,-0.393,0.691,0.604,0.515,-0.368,0.059,0.754,0.833,-0.417,-0.197,-0.132,-0.272,-0.251,0.833,0.529,0.806,-0.633,0.205,0.884,-0.497,-0.344,-0.015,-0.717,-0.429,0.11,0.16,-0.4,0.666,0.137,-0.043,-0.048,0.585,0.745,0.893,-0.545,-0.355,0.349,0.475,0.081,-0.009,0.171,-0.659,0.481,0.895,0.758,0.956,0.249,0.391,-0.392,-0.185,-0.184,0.577,-0.418,0.519,-0.179,0.476,0.738,0.018,0.65,0.779,-0.527,-0.577,-0.082,0.708,0.018,0.351,0.788,-0.03,0.906,0.787,-0.594,0.58,0.68,0.279,0.789,0.132,0.405,0.518,0.017,0.673,0.657,-0.317,-0.571,-0.059,0.536,0.39,-0.548,0.442,-0.091,0.846,0.74,0.285,-0.526,0.009,0.497,0.792,-0.619,0.753,0.654,-0.469,0.879,0.111,0.568,0.646,0.888,0.213,0.731,-0.048,-0.652,0.944,0.782,-0.354,-0.024,-0.55,-0.475,0.458
BATRK,0.602,0.19,-0.585,0.713,0.54,0.465,0.624,0.784,-0.804,0.886,0.775,-0.566,0.787,-0.605,0.273,0.86,0.818,0.883,0.118,0.307,-0.371,0.0,0.75,0.766,0.566,0.68,0.538,-0.412,0.65,-0.774,-0.413,0.05,0.541,0.343,-0.714,0.096,-0.407,0.094,0.807,-0.825,-0.372,0.036,0.562,-0.65,0.851,0.867,0.181,0.675,-0.688,-0.253,0.855,0.793,-0.688,0.894,-0.671,0.553,-0.505,0.148,0.733,0.072,0.593,0.267,-0.35,0.712,0.772,0.265,-0.576,-0.516,0.304,0.898,-0.434,0.606,-0.134,-0.007,-0.656,0.756,0.405,0.714,0.817,-0.789,0.829,0.418,0.293,0.831,0.878,-0.792,-0.376,-0.59,0.742,0.657,-0.245,-0.571,0.88,0.712,0.758,0.878,0.865,-0.515,-0.665,-0.312,0.884,-0.362,-0.402,0.882,0.777,-0.423,0.101,0.895,-0.068,0.577,0.643,-0.665,0.335,0.665,0.776,-0.16,-0.207,-0.622,0.886,0.748,0.274,-0.117,0.694,0.547,0.339,0.671,-0.781,-0.606,-0.36,-0.497,-0.816,-0.564,0.903,0.719,0.829,-0.752,0.677,0.045,-0.363,-0.823,-0.526,0.482,-0.319,0.04,0.656,0.683,0.782,-0.841,0.658,-0.032,-0.011,-0.184,-0.555,-0.437,0.889,-0.016,-0.769,-0.161,-0.765,0.598,0.394,-0.647,-0.493,-0.673,-0.742,0.562,0.862,-0.406,0.173,-0.597,0.307,-0.437,0.613,-0.084,-0.613,-0.039,0.806,0.478,0.049,-0.758,0.854,-0.588,-0.612,0.878,-0.142,0.207,0.142,-0.189,-0.5,0.299,-0.64,0.325,0.813,-0.382,-0.587,0.83,0.742,0.746,0.886,-0.027
BIDU,0.686,0.336,-0.412,0.457,0.206,0.749,0.834,0.616,-0.741,0.767,0.86,-0.432,0.961,-0.301,0.304,0.814,0.861,0.754,0.543,0.478,-0.139,0.75,0.0,0.936,0.914,0.727,0.805,-0.007,0.661,-0.654,0.015,0.528,0.607,0.349,-0.89,0.069,-0.109,-0.253,0.575,-0.789,-0.031,0.473,0.713,-0.648,0.679,0.897,0.488,0.836,-0.598,-0.68,0.846,0.587,-0.874,0.765,-0.382,0.756,-0.322,0.42,0.753,0.092,0.88,-0.071,-0.024,0.967,0.884,0.32,-0.407,-0.199,0.281,0.889,-0.313,0.76,-0.382,0.388,-0.421,0.831,0.357,0.566,0.801,-0.644,0.951,0.542,-0.132,0.641,0.824,-0.678,-0.205,-0.521,0.702,0.792,0.176,-0.382,0.88,0.504,0.823,0.878,0.888,-0.333,-0.518,-0.036,0.702,-0.212,-0.107,0.795,0.559,-0.638,0.059,0.887,0.015,0.592,0.659,-0.478,0.669,0.481,0.888,0.271,0.213,-0.356,0.753,0.877,0.527,0.359,0.539,0.469,0.286,0.382,-0.788,-0.437,-0.243,-0.247,-0.789,-0.294,0.866,0.644,0.794,-0.616,0.812,0.192,-0.495,-0.821,-0.463,0.261,-0.216,0.32,0.713,0.657,0.865,-0.7,0.521,-0.18,0.237,-0.33,-0.273,-0.27,0.715,0.415,-0.633,0.242,-0.536,0.806,0.688,-0.703,-0.816,-0.391,-0.693,0.578,0.712,-0.508,0.388,-0.34,0.177,-0.176,0.833,-0.032,-0.315,0.301,0.793,0.712,0.062,-0.476,0.698,-0.345,-0.326,0.85,0.202,0.619,0.273,0.236,-0.392,0.714,-0.591,0.497,0.774,-0.147,-0.345,0.881,0.802,0.644,0.844,0.41
BLNE,0.65,0.125,-0.551,0.477,0.36,0.576,0.815,0.722,-0.851,0.859,0.785,-0.622,0.937,-0.498,0.19,0.816,0.876,0.829,0.306,0.358,-0.315,0.766,0.936,0.0,0.803,0.708,0.727,-0.246,0.614,-0.791,-0.18,0.336,0.624,0.351,-0.91,-0.032,-0.342,-0.277,0.71,-0.868,-0.251,0.275,0.624,-0.78,0.738,0.939,0.303,0.805,-0.767,-0.569,0.928,0.647,-0.906,0.821,-0.565,0.637,-0.506,0.231,0.649,-0.093,0.712,-0.01,-0.2,0.944,0.818,0.155,-0.579,-0.388,0.154,0.906,-0.415,0.694,-0.369,0.146,-0.58,0.691,0.461,0.648,0.806,-0.78,0.959,0.45,0.045,0.753,0.866,-0.765,-0.376,-0.707,0.682,0.752,-0.087,-0.574,0.873,0.445,0.782,0.876,0.895,-0.448,-0.691,-0.207,0.809,-0.316,-0.342,0.883,0.634,-0.579,0.194,0.925,-0.098,0.489,0.689,-0.608,0.569,0.558,0.834,0.013,0.024,-0.531,0.824,0.905,0.378,0.18,0.477,0.556,0.353,0.45,-0.876,-0.61,-0.447,-0.434,-0.853,-0.464,0.873,0.709,0.773,-0.74,0.831,0.027,-0.545,-0.871,-0.656,0.198,-0.316,0.152,0.806,0.743,0.801,-0.82,0.469,-0.16,0.051,-0.267,-0.482,-0.452,0.81,0.214,-0.777,0.054,-0.685,0.717,0.526,-0.817,-0.742,-0.543,-0.78,0.478,0.803,-0.364,0.233,-0.513,0.225,-0.39,0.76,-0.159,-0.506,0.082,0.803,0.579,-0.12,-0.648,0.803,-0.525,-0.442,0.899,-0.013,0.485,0.093,0.055,-0.578,0.542,-0.719,0.423,0.87,-0.352,-0.523,0.906,0.762,0.671,0.876,0.156
BLNK,0.683,0.42,-0.261,0.278,0.096,0.774,0.741,0.374,-0.542,0.62,0.771,-0.239,0.847,-0.13,0.299,0.657,0.693,0.557,0.661,0.508,0.06,0.566,0.914,0.803,0.0,0.656,0.807,0.21,0.617,-0.45,0.256,0.682,0.526,0.236,-0.735,0.032,0.036,-0.254,0.395,-0.563,0.209,0.617,0.73,-0.548,0.457,0.715,0.576,0.829,-0.378,-0.706,0.668,0.394,-0.781,0.576,-0.173,0.766,-0.124,0.541,0.664,0.065,0.832,-0.071,0.012,0.917,0.815,0.238,-0.257,0.039,0.182,0.756,-0.173,0.757,-0.447,0.535,-0.186,0.789,0.262,0.316,0.606,-0.493,0.818,0.466,-0.226,0.413,0.637,-0.453,-0.03,-0.379,0.508,0.764,0.338,-0.173,0.728,0.394,0.652,0.74,0.748,-0.147,-0.289,0.203,0.481,-0.06,0.088,0.614,0.415,-0.483,0.007,0.737,0.16,0.498,0.593,-0.271,0.685,0.363,0.801,0.42,0.453,-0.096,0.591,0.755,0.56,0.478,0.413,0.447,0.356,0.122,-0.627,-0.232,-0.062,-0.042,-0.64,-0.133,0.711,0.574,0.622,-0.37,0.668,0.17,-0.454,-0.615,-0.301,0.174,-0.066,0.506,0.574,0.527,0.797,-0.495,0.46,-0.103,0.369,-0.321,-0.06,-0.102,0.516,0.53,-0.433,0.326,-0.28,0.713,0.684,-0.545,-0.797,-0.138,-0.474,0.495,0.532,-0.343,0.427,-0.191,0.094,-0.082,0.794,0.097,-0.075,0.38,0.658,0.692,0.053,-0.257,0.501,-0.175,-0.085,0.69,0.398,0.606,0.378,0.423,-0.185,0.771,-0.423,0.453,0.597,0.041,-0.127,0.714,0.65,0.506,0.717,0.538
BTAI,0.653,0.18,-0.347,0.344,0.452,0.515,0.574,0.511,-0.548,0.657,0.646,-0.422,0.694,-0.392,-0.007,0.744,0.627,0.701,0.352,0.45,-0.229,0.68,0.727,0.708,0.656,0.0,0.483,-0.159,0.524,-0.588,-0.142,0.251,0.591,0.451,-0.562,-0.2,-0.178,-0.047,0.525,-0.581,-0.216,0.255,0.656,-0.434,0.505,0.708,0.172,0.61,-0.498,-0.46,0.62,0.553,-0.557,0.647,-0.355,0.49,-0.259,0.29,0.506,-0.118,0.658,0.267,-0.201,0.704,0.658,0.127,-0.473,-0.283,0.144,0.714,-0.47,0.485,-0.186,0.199,-0.432,0.591,0.365,0.46,0.565,-0.565,0.723,0.177,-0.052,0.577,0.676,-0.59,-0.071,-0.354,0.553,0.525,0.023,-0.394,0.708,0.514,0.579,0.729,0.699,-0.525,-0.375,-0.167,0.644,-0.103,-0.2,0.645,0.536,-0.242,0.271,0.71,-0.004,0.285,0.634,-0.339,0.399,0.332,0.61,0.033,-0.003,-0.411,0.693,0.613,0.304,0.032,0.335,0.585,0.48,0.419,-0.521,-0.44,-0.254,-0.294,-0.676,-0.269,0.712,0.446,0.56,-0.383,0.564,-0.073,-0.181,-0.611,-0.404,0.34,-0.156,0.073,0.697,0.531,0.767,-0.634,0.422,-0.088,0.121,-0.096,-0.338,-0.245,0.651,0.151,-0.541,0.063,-0.483,0.539,0.391,-0.552,-0.514,-0.341,-0.504,0.653,0.657,-0.118,0.166,-0.308,0.271,-0.193,0.738,-0.14,-0.409,0.192,0.756,0.48,0.038,-0.515,0.617,-0.423,-0.303,0.763,0.073,0.336,0.017,0.007,-0.311,0.441,-0.522,0.338,0.645,-0.21,-0.385,0.679,0.541,0.654,0.767,0.253
BYND,0.7,0.359,-0.413,0.481,0.111,0.573,0.547,0.41,-0.546,0.61,0.78,-0.243,0.736,-0.205,0.293,0.517,0.676,0.575,0.49,0.229,0.062,0.538,0.805,0.727,0.807,0.483,0.0,0.152,0.548,-0.502,0.216,0.485,0.292,-0.012,-0.636,0.014,-0.106,0.072,0.495,-0.525,0.253,0.507,0.545,-0.594,0.525,0.648,0.539,0.772,-0.324,-0.534,0.672,0.481,-0.711,0.586,-0.348,0.584,-0.142,0.51,0.579,0.126,0.723,-0.092,0.108,0.793,0.735,0.292,-0.212,-0.037,0.156,0.757,-0.137,0.778,-0.401,0.447,-0.196,0.734,0.123,0.4,0.645,-0.583,0.735,0.499,-0.033,0.458,0.684,-0.328,-0.261,-0.409,0.469,0.795,0.192,-0.06,0.66,0.448,0.678,0.695,0.721,0.046,-0.41,0.175,0.506,-0.347,0.002,0.62,0.551,-0.525,-0.1,0.676,0.009,0.472,0.412,-0.264,0.455,0.5,0.653,0.232,0.456,-0.12,0.521,0.724,0.633,0.339,0.48,0.436,0.321,0.155,-0.611,-0.191,0.033,-0.042,-0.617,-0.344,0.653,0.634,0.708,-0.414,0.475,0.298,-0.55,-0.592,-0.272,0.181,0.034,0.536,0.524,0.419,0.65,-0.471,0.642,0.099,0.244,-0.077,-0.038,-0.018,0.503,0.381,-0.424,0.051,-0.336,0.544,0.6,-0.385,-0.613,-0.299,-0.438,0.256,0.476,-0.421,0.528,-0.384,-0.112,-0.256,0.707,0.208,-0.154,0.191,0.496,0.391,0.015,-0.233,0.557,-0.182,-0.22,0.634,0.358,0.4,0.477,0.493,-0.19,0.564,-0.312,0.221,0.549,0.027,-0.193,0.674,0.68,0.28,0.594,0.341
CAN,0.109,0.525,0.632,-0.446,-0.635,0.485,-0.062,-0.699,0.586,-0.513,-0.068,0.736,-0.091,0.845,0.239,-0.397,-0.335,-0.496,0.737,0.327,0.787,-0.412,-0.007,-0.246,0.21,-0.159,0.152,0.0,-0.207,0.657,0.929,0.749,-0.301,-0.265,0.184,0.29,0.742,-0.057,-0.665,0.554,0.769,0.786,0.148,0.407,-0.601,-0.361,0.544,-0.004,0.729,-0.424,-0.461,-0.627,0.217,-0.563,0.81,0.225,0.763,0.547,-0.043,0.358,0.238,-0.27,0.561,-0.022,-0.034,0.253,0.636,0.935,-0.025,-0.357,0.655,0.155,-0.095,0.804,0.811,0.119,-0.396,-0.632,-0.342,0.626,-0.27,0.086,-0.66,-0.703,-0.439,0.614,0.7,0.478,-0.334,0.113,0.847,0.808,-0.332,-0.247,-0.203,-0.307,-0.334,0.663,0.718,0.89,-0.661,0.497,0.829,-0.537,-0.538,0.015,-0.508,-0.354,0.423,0.084,-0.196,0.59,0.385,-0.375,-0.051,0.856,0.84,0.875,-0.52,-0.27,0.502,0.749,-0.209,-0.274,-0.097,-0.695,0.437,0.757,0.629,0.852,0.309,0.693,-0.359,-0.283,-0.294,0.688,-0.203,0.33,-0.021,0.457,0.696,-0.237,0.442,0.663,-0.454,-0.474,-0.11,0.674,-0.208,0.037,0.706,-0.303,0.889,0.655,-0.64,0.798,0.666,0.666,0.789,0.093,0.375,0.405,-0.211,0.807,0.488,-0.14,-0.555,-0.1,0.461,0.664,-0.332,0.646,-0.079,0.508,0.883,0.683,-0.353,0.265,0.339,0.837,-0.633,0.787,0.759,-0.412,0.828,0.357,0.383,0.802,0.723,0.492,0.534,0.157,-0.536,0.795,0.848,-0.346,-0.137,-0.462,-0.402,0.707
CCEC,0.383,0.321,-0.441,0.586,0.326,0.394,0.47,0.552,-0.603,0.627,0.771,-0.184,0.617,-0.367,0.157,0.682,0.605,0.63,0.322,0.157,-0.09,0.65,0.661,0.614,0.617,0.524,0.548,-0.207,0.0,-0.504,-0.124,0.256,0.469,0.222,-0.549,0.074,-0.09,-0.01,0.514,-0.578,-0.015,0.14,0.433,-0.371,0.691,0.635,0.314,0.487,-0.462,-0.235,0.661,0.661,-0.573,0.684,-0.427,0.557,-0.171,0.479,0.786,0.27,0.572,0.06,-0.069,0.641,0.707,0.444,-0.241,-0.349,0.53,0.735,-0.414,0.483,-0.179,0.248,-0.331,0.678,0.06,0.542,0.716,-0.602,0.681,0.365,0.187,0.595,0.707,-0.542,-0.24,-0.217,0.703,0.472,-0.021,-0.306,0.733,0.562,0.684,0.682,0.727,-0.249,-0.449,-0.206,0.623,-0.356,-0.028,0.692,0.726,-0.444,0.073,0.64,0.098,0.418,0.405,-0.237,0.306,0.529,0.586,0.074,0.013,-0.346,0.554,0.713,0.283,-0.028,0.626,0.485,0.318,0.466,-0.504,-0.333,-0.022,-0.231,-0.62,-0.344,0.769,0.46,0.763,-0.519,0.486,0.287,-0.345,-0.639,-0.406,0.613,0.055,0.218,0.514,0.531,0.734,-0.554,0.588,-0.122,0.035,0.06,-0.263,-0.098,0.652,-0.006,-0.432,-0.073,-0.473,0.582,0.551,-0.344,-0.427,-0.472,-0.5,0.49,0.529,-0.425,0.295,-0.384,0.139,-0.1,0.675,0.168,-0.351,0.043,0.565,0.448,0.279,-0.484,0.615,-0.414,-0.496,0.625,0.158,0.305,0.471,-0.03,-0.156,0.333,-0.283,0.307,0.558,-0.037,-0.392,0.74,0.627,0.465,0.626,0.166
CDW,-0.489,0.158,0.695,-0.609,-0.684,-0.151,-0.639,-0.926,0.921,-0.904,-0.563,0.87,-0.708,0.853,0.049,-0.795,-0.847,-0.878,0.187,-0.109,0.688,-0.774,-0.654,-0.791,-0.45,-0.588,-0.502,0.657,-0.504,0.0,0.618,0.197,-0.63,-0.444,0.675,0.252,0.695,0.1,-0.862,0.899,0.621,0.245,-0.46,0.786,-0.836,-0.854,0.09,-0.591,0.919,0.186,-0.888,-0.827,0.779,-0.866,0.846,-0.32,0.791,0.171,-0.432,0.33,-0.377,-0.147,0.418,-0.671,-0.574,0.096,0.823,0.733,-0.026,-0.853,0.644,-0.427,0.13,0.335,0.886,-0.42,-0.548,-0.851,-0.742,0.907,-0.821,-0.19,-0.392,-0.944,-0.845,0.825,0.676,0.756,-0.637,-0.506,0.541,0.819,-0.801,-0.47,-0.628,-0.756,-0.788,0.655,0.846,0.58,-0.943,0.467,0.735,-0.921,-0.756,0.322,-0.471,-0.861,0.183,-0.226,-0.648,0.782,-0.202,-0.533,-0.554,0.47,0.399,0.864,-0.859,-0.784,-0.052,0.286,-0.382,-0.529,-0.279,-0.716,0.871,0.873,0.669,0.794,0.716,0.683,-0.823,-0.644,-0.686,0.853,-0.688,0.229,0.276,0.816,0.828,-0.253,0.485,0.258,-0.821,-0.817,-0.559,0.952,-0.466,0.155,0.433,-0.006,0.815,0.719,-0.93,0.279,0.894,0.327,0.93,-0.378,-0.073,0.766,0.347,0.852,0.845,-0.442,-0.87,0.21,0.124,0.704,-0.378,0.632,-0.592,0.428,0.841,0.283,-0.776,-0.228,0.365,0.897,-0.935,0.83,0.754,-0.868,0.462,-0.135,0.183,0.359,0.821,-0.083,0.842,-0.19,-0.94,0.723,0.857,-0.795,-0.548,-0.678,-0.814,0.255
CDXS,0.144,0.434,0.525,-0.403,-0.582,0.488,-0.076,-0.708,0.56,-0.44,-0.009,0.706,-0.061,0.794,0.227,-0.379,-0.328,-0.442,0.735,0.28,0.864,-0.413,0.015,-0.18,0.256,-0.142,0.216,0.929,-0.124,0.618,0.0,0.742,-0.331,-0.382,0.158,0.22,0.643,-0.072,-0.619,0.542,0.79,0.827,0.131,0.303,-0.58,-0.345,0.57,0.058,0.682,-0.45,-0.385,-0.607,0.173,-0.548,0.74,0.238,0.787,0.647,-0.016,0.291,0.206,-0.203,0.5,0.032,0.0,0.218,0.598,0.857,-0.083,-0.311,0.596,0.258,-0.086,0.81,0.841,0.074,-0.417,-0.653,-0.306,0.536,-0.247,0.114,-0.606,-0.692,-0.376,0.665,0.677,0.394,-0.359,0.139,0.809,0.773,-0.339,-0.28,-0.164,-0.254,-0.268,0.735,0.632,0.877,-0.631,0.415,0.837,-0.468,-0.455,0.001,-0.487,-0.315,0.36,0.057,-0.17,0.611,0.417,-0.287,0.004,0.759,0.897,0.894,-0.503,-0.206,0.529,0.735,-0.178,-0.071,0.107,-0.749,0.375,0.759,0.604,0.881,0.261,0.59,-0.325,-0.219,-0.245,0.652,-0.204,0.323,-0.145,0.443,0.622,-0.236,0.503,0.742,-0.368,-0.429,-0.08,0.651,-0.144,0.078,0.751,-0.196,0.882,0.637,-0.596,0.773,0.655,0.565,0.786,0.131,0.388,0.373,-0.185,0.773,0.531,-0.225,-0.535,-0.003,0.462,0.566,-0.379,0.546,-0.006,0.609,0.835,0.54,-0.363,0.202,0.26,0.829,-0.612,0.726,0.763,-0.394,0.884,0.353,0.414,0.821,0.735,0.457,0.536,0.148,-0.505,0.827,0.805,-0.296,-0.107,-0.488,-0.382,0.65
