,ABEO,ACHC,AGNCN,AKAM,AKRO,ALRM,AMAT,AMED,AMRN,ANGI,APA,APOG,APPS,ARCB,ARCC,ARVN,ATEC,ATXS,AVAV,AXON,BANF,BATRK,BIDU,BLNE,BLNK,BTAI,BYND,CAN,CCEC,CDW,CDXS,CELH,CGNX,CHKP,CHRS,CHRW,CIGI,CKPT,CMPR,COGT,CRNC,CRSP,CSTL,CTSH,CVGW,DGLY,DNLI,DOCU,DVAX,EBAY,EHTH,ERII,ESLT,EXPE,EXPO,FBIOP,FFBC,FFIN,FOXF,FWRD,GDS,GERN,GPRE,GRWG,GRYP,HEES,HELE,HIVE,HON,HRTX,HSTM,HURA,IART,IBKR,IBOC,IBRX,IDXX,INGN,INM,INVA,IQ,IRBT,KDP,KPTI,KTOS,KXIN,LAMR,LFUS,LGIH,LGMK,LKFN,LNW,LOPE,LPSN,LYFT,MGNX,MLCO,MNST,MODV,MSTR,MTCH,MYGN,MYRG,NCMI,NEXT,NFLX,NIU,NKTR,NRC,NTNX,NTRA,NVEE,NVMI,NWL,NWS,NXPI,OCGN,OCSL,OKTA,OLLI,OTLK,OXLC,PAA,PARA,PARAA,PDCO,PDFS,PFG,PGEN,PNFP,PODD,POWI,PSMT,PTC,PTEN,PVLA,RDNT,RDUS,RDWR,REGN,RNAC,ROCK,ROST,RRR,RSLS,RVMD,RYAAY,SAFT,SAGE,SAVA,SBGI,SFM,SFNC,SHYF,SIBN,SIFY,SIGI,SIMO,SITM,SLM,SNBR,SNDX,SNY,SPNS,SRRK,STRA,SUPN,SYRE,TCBK,TEAM,TECH,THRM,TLRY,TRMK,TROW,TSLA,TWST,TXN,UFPI,UNIT,UPWK,USLM,UTHR,VERB,VLY,VRNA,VRRM,VXRT,WAFD,WATT,WBA,WING,WIX,WTFC,WTW,XPEL,XRX,YMAB,ZG,ZLAB
ABEO,0.0,0.437,-0.349,0.859,0.256,0.574,-0.395,0.901,0.269,-0.811,-0.598,0.849,-0.689,-0.794,-0.605,-0.192,0.696,-0.091,0.817,0.687,-0.58,-0.418,0.661,0.704,0.826,-0.286,0.626,0.881,0.167,0.891,0.833,-0.676,0.453,0.824,-0.779,0.389,0.857,-0.528,0.745,-0.612,0.734,0.766,0.661,0.184,0.538,0.87,0.778,0.836,0.093,0.683,0.218,0.754,-0.203,-0.838,-0.111,-0.362,0.33,0.449,0.589,0.512,0.695,0.529,0.765,0.864,0.857,-0.395,0.886,0.841,0.851,-0.629,0.767,0.82,0.612,0.441,0.474,0.517,0.613,0.794,0.88,-0.681,0.886,0.607,0.775,-0.698,0.719,0.708,-0.234,0.2,0.781,0.889,0.053,-0.78,0.735,0.308,-0.827,0.441,0.847,0.898,0.652,0.854,-0.368,0.63,0.773,-0.823,0.705,0.129,0.878,-0.811,0.891,0.107,0.314,0.672,-0.699,0.845,-0.522,0.225,-0.086,0.185,0.795,0.869,0.899,0.346,-0.363,0.547,0.721,0.507,-0.469,0.473,0.88,0.61,0.831,0.831,0.855,0.825,-0.534,-0.454,0.667,0.825,0.126,0.79,0.43,0.833,0.219,-0.607,0.776,-0.47,-0.705,0.543,0.31,-0.336,-0.468,0.766,-0.402,0.875,0.447,0.738,0.778,0.652,-0.194,0.589,-0.728,-0.71,0.747,-0.491,0.563,0.796,-0.033,-0.541,-0.74,-0.705,-0.473,0.532,0.822,-0.092,0.808,-0.582,0.204,-0.76,0.802,0.676,-0.721,0.91,0.9,0.858,-0.02,0.822,0.301,0.811,-0.17,0.888,0.776,-0.212,0.891,-0.618,-0.182,-0.421,0.71,0.565,0.629,0.887
ACHC,0.437,0.0,-0.089,0.261,-0.335,0.413,-0.549,0.366,0.566,-0.301,-0.061,0.331,0.081,-0.153,-0.267,-0.588,0.387,0.096,0.589,0.587,0.214,-0.068,0.269,0.463,0.641,0.004,0.67,0.23,-0.13,0.543,0.714,-0.392,-0.19,0.565,-0.14,-0.063,0.535,0.16,0.376,-0.013,0.374,0.534,0.175,0.431,0.702,0.399,0.473,0.551,0.761,0.451,0.459,0.602,-0.344,-0.096,0.322,-0.147,0.611,0.635,0.625,0.799,0.426,0.685,0.165,0.681,0.59,0.201,0.36,0.536,0.521,0.027,0.761,0.184,0.813,0.609,0.689,0.738,0.508,0.55,0.359,0.233,0.405,0.541,0.02,0.073,0.747,0.099,0.602,0.581,0.388,0.604,0.618,-0.363,0.427,-0.049,-0.183,-0.228,0.638,0.266,0.703,0.461,-0.317,0.717,0.364,-0.018,0.688,0.329,0.348,-0.002,0.485,-0.12,0.012,0.688,-0.424,0.234,0.279,0.292,-0.17,0.472,0.468,0.288,0.46,0.343,-0.172,0.559,0.447,-0.018,0.178,0.191,0.615,0.755,0.478,0.108,0.514,0.576,-0.103,-0.46,0.78,0.558,-0.329,0.329,0.777,0.573,0.638,0.182,0.505,-0.164,-0.213,0.761,0.603,0.507,0.219,0.629,0.163,0.19,0.589,0.694,0.629,0.195,0.012,0.549,0.029,-0.634,0.628,0.043,-0.335,0.598,0.393,0.302,-0.105,-0.439,-0.408,0.658,0.631,0.546,0.322,-0.079,0.067,-0.494,0.553,0.285,-0.278,0.36,0.297,0.516,0.618,0.568,0.762,0.634,0.321,0.624,0.423,-0.438,0.52,0.054,-0.353,-0.62,0.577,-0.326,0.42,0.397
AGNCN,-0.349,-0.089,0.0,-0.173,-0.049,0.129,0.696,-0.472,0.338,0.666,0.573,-0.329,0.623,0.421,0.553,0.117,-0.155,0.289,-0.409,-0.056,0.439,0.418,-0.132,-0.055,-0.244,0.485,-0.257,-0.365,0.193,-0.188,-0.232,0.661,0.412,-0.271,0.37,0.069,-0.246,0.595,-0.274,0.213,-0.173,-0.196,-0.123,0.407,-0.27,-0.307,-0.27,-0.243,0.308,-0.081,-0.202,-0.224,0.365,0.577,0.583,0.333,0.055,-0.035,0.223,0.003,-0.239,0.039,-0.523,-0.305,-0.294,0.551,-0.39,-0.158,-0.207,0.522,-0.297,-0.535,-0.157,-0.081,-0.017,-0.059,0.07,-0.344,-0.407,0.305,-0.389,-0.092,-0.313,0.351,-0.194,-0.053,0.417,0.162,-0.31,-0.417,0.033,0.613,-0.258,0.021,0.532,-0.278,-0.398,-0.289,-0.264,-0.243,0.233,-0.101,-0.339,0.435,-0.223,0.106,-0.346,0.485,-0.385,0.14,0.036,-0.044,0.709,-0.366,0.61,0.596,0.213,0.387,-0.175,-0.418,-0.279,-0.136,0.466,-0.035,-0.147,-0.109,0.62,0.054,-0.359,-0.095,-0.387,-0.077,-0.297,-0.2,0.45,0.326,-0.175,-0.272,0.161,-0.264,-0.023,-0.284,0.15,0.464,-0.28,0.307,0.405,-0.16,-0.01,0.325,0.336,-0.285,0.349,-0.442,0.051,-0.158,-0.175,0.163,0.651,-0.102,0.535,0.282,-0.276,0.672,-0.297,-0.303,0.15,0.206,0.487,0.465,0.526,-0.045,-0.202,0.334,-0.062,0.442,0.072,0.639,-0.275,-0.305,0.572,-0.342,-0.284,-0.297,0.288,-0.373,0.158,-0.139,0.159,-0.299,-0.322,0.366,-0.35,0.466,0.331,0.299,-0.257,-0.328,-0.343,-0.382
AKAM,0.859,0.261,-0.173,0.0,0.391,0.595,-0.214,0.854,0.256,-0.739,-0.465,0.887,-0.687,-0.86,-0.513,-0.147,0.632,-0.208,0.802,0.745,-0.561,-0.339,0.656,0.762,0.758,-0.248,0.485,0.844,0.35,0.93,0.763,-0.574,0.594,0.857,-0.826,0.498,0.876,-0.577,0.65,-0.78,0.722,0.643,0.624,0.358,0.442,0.838,0.684,0.749,0.113,0.639,0.244,0.748,-0.111,-0.759,0.035,-0.368,0.385,0.403,0.504,0.451,0.7,0.403,0.716,0.793,0.81,-0.306,0.761,0.876,0.838,-0.725,0.663,0.721,0.588,0.488,0.482,0.418,0.598,0.774,0.834,-0.75,0.848,0.61,0.834,-0.792,0.663,0.811,-0.309,0.2,0.69,0.825,0.067,-0.634,0.832,0.177,-0.814,0.454,0.822,0.933,0.559,0.834,-0.21,0.537,0.83,-0.83,0.734,0.212,0.863,-0.81,0.835,0.227,0.173,0.695,-0.558,0.904,-0.482,0.33,-0.146,0.125,0.732,0.892,0.863,0.217,-0.16,0.607,0.778,0.599,-0.372,0.632,0.832,0.619,0.79,0.874,0.812,0.848,-0.417,-0.352,0.625,0.841,0.205,0.765,0.234,0.789,0.181,-0.608,0.722,-0.502,-0.706,0.461,0.2,-0.424,-0.426,0.64,-0.329,0.888,0.345,0.734,0.834,0.74,-0.08,0.534,-0.744,-0.637,0.657,-0.447,0.654,0.844,0.058,-0.646,-0.642,-0.693,-0.448,0.539,0.806,-0.037,0.903,-0.359,0.002,-0.629,0.77,0.598,-0.742,0.926,0.914,0.796,0.032,0.759,0.274,0.778,-0.057,0.818,0.796,-0.201,0.865,-0.519,-0.098,-0.449,0.628,0.6,0.434,0.899
AKRO,0.256,-0.335,-0.049,0.391,0.0,-0.172,0.32,0.294,-0.119,-0.275,-0.16,0.278,-0.321,-0.477,0.048,0.567,0.062,-0.606,-0.006,-0.056,-0.479,-0.035,0.486,0.309,-0.009,0.132,-0.168,0.34,0.653,0.254,0.071,-0.002,0.359,0.05,-0.388,0.25,0.096,-0.412,-0.102,-0.47,-0.064,0.027,0.114,0.056,-0.419,0.376,0.013,-0.123,-0.446,-0.269,-0.073,0.292,0.516,-0.321,-0.316,0.148,-0.169,-0.371,0.089,-0.356,0.374,-0.193,0.403,0.0,0.261,-0.334,0.218,0.161,0.079,-0.321,0.018,0.271,-0.243,-0.064,-0.138,-0.382,0.015,-0.093,0.109,-0.477,0.325,0.345,0.332,-0.361,-0.173,0.614,-0.638,-0.474,-0.042,0.071,-0.226,-0.167,0.2,0.187,-0.223,0.618,0.169,0.331,-0.304,0.037,0.439,-0.329,0.35,-0.418,0.169,0.216,0.416,-0.371,0.028,0.462,0.065,-0.13,0.013,0.356,-0.473,0.127,0.195,-0.178,-0.028,0.302,0.161,-0.13,0.297,-0.125,0.02,0.711,-0.127,0.301,0.239,0.042,0.228,0.415,0.228,-0.024,0.052,0.31,-0.21,0.157,0.485,-0.011,-0.223,-0.035,-0.46,-0.661,-0.116,-0.057,-0.51,-0.173,-0.34,-0.519,-0.559,-0.184,-0.346,0.308,-0.475,0.155,0.111,0.473,0.089,-0.125,-0.398,0.147,-0.224,-0.107,0.643,0.159,-0.263,-0.684,-0.138,-0.214,-0.114,-0.151,-0.003,-0.454,0.325,-0.076,0.241,-0.033,-0.045,-0.124,-0.21,0.224,0.365,0.106,-0.375,0.124,-0.289,0.152,-0.137,0.142,0.128,0.332,0.156,-0.205,0.573,0.33,-0.204,0.676,-0.178,0.28
ALRM,0.574,0.413,0.129,0.595,-0.172,0.0,-0.119,0.428,0.493,-0.263,0.013,0.639,-0.181,-0.23,-0.269,-0.625,0.576,0.513,0.625,0.64,0.076,0.08,0.388,0.411,0.756,0.151,0.552,0.488,-0.006,0.646,0.599,-0.338,0.485,0.678,-0.333,0.497,0.749,0.126,0.824,-0.241,0.878,0.671,0.431,0.528,0.596,0.424,0.714,0.757,0.41,0.887,0.445,0.498,-0.274,-0.302,0.55,-0.356,0.682,0.808,0.494,0.732,0.354,0.641,0.383,0.681,0.512,0.291,0.601,0.729,0.744,-0.288,0.524,0.291,0.674,0.652,0.733,0.789,0.365,0.724,0.674,-0.329,0.516,0.449,0.567,-0.282,0.74,0.388,0.286,0.671,0.806,0.639,0.351,-0.191,0.682,-0.033,-0.448,0.016,0.485,0.573,0.789,0.819,-0.487,0.68,0.451,-0.308,0.501,-0.008,0.475,-0.342,0.704,-0.155,0.156,0.781,-0.254,0.51,0.149,0.454,0.003,0.385,0.602,0.485,0.687,0.401,-0.087,0.829,0.823,0.03,-0.058,0.621,0.48,0.544,0.408,0.599,0.523,0.807,-0.138,-0.381,0.749,0.675,-0.055,0.638,0.444,0.792,0.633,0.14,0.785,-0.448,-0.151,0.593,0.682,0.113,0.23,0.771,0.257,0.581,0.685,0.518,0.712,0.465,-0.026,0.724,-0.207,-0.408,0.808,-0.012,0.241,0.551,0.491,-0.078,-0.297,-0.408,-0.248,0.772,0.79,0.462,0.708,-0.117,-0.088,-0.303,0.729,0.518,-0.385,0.652,0.493,0.635,0.475,0.585,0.662,0.607,0.238,0.667,0.611,-0.389,0.587,-0.114,-0.376,-0.473,0.829,0.134,0.521,0.517
AMAT,-0.395,-0.549,0.696,-0.214,0.32,-0.119,0.0,-0.517,-0.039,0.615,0.517,-0.357,0.423,0.397,0.639,0.475,-0.322,0.08,-0.654,-0.377,0.195,0.452,-0.118,-0.25,-0.537,0.436,-0.6,-0.373,0.428,-0.355,-0.535,0.732,0.453,-0.541,0.294,0.209,-0.473,0.323,-0.407,0.143,-0.359,-0.469,-0.234,0.151,-0.71,-0.322,-0.455,-0.488,-0.303,-0.334,-0.281,-0.373,0.673,0.446,0.254,0.422,-0.257,-0.397,-0.077,-0.451,-0.36,-0.351,-0.339,-0.582,-0.436,0.31,-0.341,-0.352,-0.412,0.358,-0.599,-0.476,-0.633,-0.35,-0.28,-0.499,-0.287,-0.614,-0.511,0.059,-0.449,-0.245,-0.243,0.274,-0.525,-0.024,-0.082,-0.26,-0.433,-0.612,-0.271,0.642,-0.417,0.056,0.525,0.075,-0.612,-0.332,-0.634,-0.416,0.513,-0.559,-0.318,0.314,-0.496,-0.05,-0.353,0.354,-0.56,0.285,-0.004,-0.425,0.8,-0.341,0.262,0.397,0.403,0.14,-0.468,-0.468,-0.423,-0.246,0.562,-0.32,-0.338,0.084,0.402,0.043,-0.548,-0.378,-0.531,0.016,-0.453,-0.476,0.503,0.595,-0.558,-0.441,0.487,-0.463,-0.386,-0.516,-0.259,0.128,-0.514,0.282,0.339,-0.538,-0.291,-0.057,0.083,-0.56,0.188,-0.381,-0.401,-0.446,-0.438,0.167,0.538,-0.323,0.379,0.62,-0.597,0.529,0.003,-0.548,-0.092,-0.125,0.458,0.544,0.558,-0.41,-0.501,-0.049,-0.156,0.391,0.09,0.805,-0.501,-0.441,0.564,-0.434,-0.326,-0.477,-0.133,-0.533,-0.239,-0.418,0.025,-0.513,-0.447,0.605,-0.531,0.375,0.618,0.68,-0.502,0.059,-0.525,-0.492
AMED,0.901,0.366,-0.472,0.854,0.294,0.428,-0.517,0.0,0.085,-0.921,-0.75,0.823,-0.806,-0.884,-0.741,-0.066,0.751,-0.23,0.84,0.604,-0.724,-0.604,0.705,0.708,0.804,-0.408,0.624,0.896,0.133,0.858,0.843,-0.714,0.362,0.826,-0.806,0.192,0.839,-0.679,0.664,-0.616,0.659,0.766,0.762,0.023,0.584,0.849,0.755,0.798,0.024,0.608,0.11,0.708,-0.319,-0.925,-0.278,-0.449,0.186,0.317,0.406,0.393,0.765,0.439,0.827,0.855,0.846,-0.575,0.833,0.774,0.785,-0.712,0.784,0.928,0.603,0.328,0.322,0.423,0.644,0.811,0.88,-0.708,0.923,0.561,0.806,-0.766,0.653,0.734,-0.364,0.082,0.754,0.884,-0.071,-0.895,0.739,0.391,-0.876,0.38,0.893,0.922,0.586,0.791,-0.345,0.63,0.766,-0.909,0.689,0.214,0.923,-0.886,0.893,0.141,0.371,0.616,-0.825,0.882,-0.688,0.015,-0.163,-0.01,0.826,0.918,0.858,0.299,-0.511,0.494,0.695,0.548,-0.587,0.336,0.918,0.521,0.893,0.761,0.859,0.791,-0.705,-0.44,0.606,0.753,0.076,0.837,0.34,0.791,0.132,-0.701,0.742,-0.366,-0.699,0.48,0.208,-0.482,-0.601,0.667,-0.561,0.916,0.443,0.699,0.748,0.575,-0.234,0.481,-0.86,-0.744,0.698,-0.694,0.614,0.813,-0.076,-0.567,-0.843,-0.692,-0.454,0.46,0.785,-0.232,0.765,-0.614,0.25,-0.877,0.751,0.713,-0.754,0.898,0.925,0.828,-0.178,0.819,0.121,0.786,-0.28,0.834,0.832,-0.155,0.911,-0.752,-0.234,-0.416,0.602,0.629,0.677,0.946
AMRN,0.269,0.566,0.338,0.256,-0.119,0.493,-0.039,0.085,0.0,0.03,0.211,0.264,0.114,-0.093,-0.059,-0.487,0.018,0.25,0.304,0.531,0.394,0.417,-0.041,0.318,0.374,0.169,0.594,0.121,-0.109,0.407,0.386,-0.211,0.216,0.45,0.015,0.278,0.387,0.415,0.366,-0.044,0.34,0.434,-0.078,0.664,0.281,0.336,0.251,0.284,0.692,0.44,0.392,0.275,0.229,0.117,0.627,-0.122,0.644,0.675,0.69,0.562,-0.009,0.522,-0.112,0.428,0.351,0.524,0.216,0.366,0.581,0.145,0.496,-0.075,0.48,0.578,0.65,0.589,0.3,0.282,0.224,0.115,0.067,0.479,0.141,0.139,0.591,0.175,0.481,0.66,0.262,0.356,0.487,0.039,0.253,-0.349,-0.09,0.078,0.304,0.268,0.44,0.434,-0.411,0.423,0.064,0.102,0.474,-0.136,0.04,0.062,0.31,-0.44,-0.219,0.514,-0.038,0.058,0.489,0.746,0.117,0.676,0.155,0.153,0.439,-0.233,0.131,0.415,0.344,-0.054,0.251,0.502,0.294,0.654,0.066,0.172,0.401,0.453,0.233,-0.113,0.559,0.497,-0.376,0.182,0.354,0.486,0.739,0.226,0.454,-0.352,-0.192,0.634,0.448,0.592,0.42,0.503,0.438,0.091,0.279,0.409,0.542,0.138,-0.026,0.619,0.285,-0.294,0.441,0.482,-0.06,0.419,0.325,-0.025,0.075,-0.422,-0.324,0.689,0.486,0.606,0.517,0.016,-0.039,0.01,0.541,0.035,-0.131,0.284,0.282,0.492,0.697,0.236,0.77,0.57,0.439,0.445,0.07,-0.411,0.187,0.29,-0.199,-0.365,0.463,-0.311,0.028,0.166
ANGI,-0.811,-0.301,0.666,-0.739,-0.275,-0.263,0.615,-0.921,0.03,0.0,0.762,-0.788,0.841,0.856,0.686,0.083,-0.568,0.368,-0.791,-0.548,0.717,0.626,-0.603,-0.506,-0.691,0.551,-0.554,-0.828,-0.106,-0.739,-0.701,0.817,-0.127,-0.74,0.831,-0.186,-0.734,0.741,-0.566,0.621,-0.54,-0.598,-0.567,0.098,-0.503,-0.806,-0.655,-0.669,0.06,-0.476,-0.185,-0.639,0.334,0.923,0.44,0.478,-0.143,-0.239,-0.298,-0.304,-0.703,-0.321,-0.805,-0.764,-0.75,0.637,-0.766,-0.671,-0.672,0.781,-0.677,-0.906,-0.499,-0.317,-0.271,-0.304,-0.432,-0.725,-0.805,0.628,-0.862,-0.476,-0.732,0.777,-0.553,-0.616,0.433,-0.018,-0.661,-0.828,0.029,0.859,-0.676,-0.24,0.865,-0.44,-0.846,-0.809,-0.525,-0.678,0.287,-0.481,-0.73,0.851,-0.639,-0.17,-0.844,0.861,-0.803,-0.06,-0.203,-0.481,0.901,-0.846,0.744,0.127,0.291,0.099,-0.661,-0.895,-0.76,-0.243,0.488,-0.393,-0.572,-0.518,0.667,-0.3,-0.837,-0.481,-0.794,-0.618,-0.775,-0.678,0.657,0.462,-0.525,-0.722,0.025,-0.695,-0.267,-0.695,-0.009,0.72,-0.634,0.445,0.765,-0.431,-0.069,0.492,0.603,-0.605,0.535,-0.857,-0.253,-0.639,-0.657,-0.386,0.456,-0.397,0.814,0.673,-0.606,0.751,-0.566,-0.76,0.158,0.572,0.78,0.77,0.606,-0.371,-0.687,0.291,-0.62,0.568,-0.105,0.888,-0.699,-0.616,0.821,-0.835,-0.833,-0.757,0.232,-0.75,-0.036,-0.677,0.222,-0.764,-0.736,0.28,-0.828,0.713,0.258,0.441,-0.524,-0.593,-0.538,-0.844
APA,-0.598,-0.061,0.573,-0.465,-0.16,0.013,0.517,-0.75,0.211,0.762,0.0,-0.401,0.826,0.712,0.766,-0.241,-0.504,0.26,-0.483,-0.241,0.853,0.801,-0.403,-0.33,-0.424,0.712,-0.432,-0.702,0.21,-0.388,-0.495,0.558,-0.178,-0.424,0.565,0.204,-0.431,0.729,-0.338,0.344,-0.283,-0.512,-0.669,0.531,-0.377,-0.559,-0.432,-0.528,0.229,-0.283,0.334,-0.233,0.352,0.838,0.64,0.451,0.353,0.092,-0.078,0.052,-0.454,-0.032,-0.517,-0.47,-0.454,0.861,-0.522,-0.301,-0.395,0.497,-0.496,-0.865,-0.207,0.208,0.228,-0.085,-0.497,-0.465,-0.582,0.603,-0.595,-0.08,-0.538,0.668,-0.233,-0.425,0.488,0.26,-0.456,-0.525,0.511,0.864,-0.243,-0.552,0.7,-0.332,-0.547,-0.635,-0.212,-0.402,0.393,-0.409,-0.309,0.799,-0.203,0.056,-0.592,0.787,-0.593,-0.011,-0.509,-0.136,0.741,-0.512,0.823,0.347,0.224,0.174,-0.62,-0.634,-0.514,-0.101,0.817,0.076,-0.165,-0.245,0.772,0.215,-0.565,-0.027,-0.66,-0.453,-0.519,-0.371,0.917,0.35,-0.155,-0.285,0.051,-0.677,0.026,-0.39,0.146,0.725,-0.411,0.082,0.503,-0.135,0.214,0.617,0.744,-0.293,0.825,-0.629,-0.262,-0.259,-0.25,-0.236,0.296,-0.046,0.762,0.6,-0.379,0.735,-0.485,-0.41,0.422,0.481,0.885,0.348,0.146,0.018,-0.323,0.592,-0.308,0.79,-0.427,0.752,-0.382,-0.643,0.455,-0.551,-0.664,-0.523,0.586,-0.394,0.346,-0.432,0.687,-0.428,-0.376,-0.061,-0.594,0.915,0.27,0.123,-0.18,-0.504,-0.602,-0.65
APOG,0.849,0.331,-0.329,0.887,0.278,0.639,-0.357,0.823,0.264,-0.788,-0.401,0.0,-0.673,-0.784,-0.528,-0.35,0.57,-0.104,0.85,0.702,-0.441,-0.237,0.59,0.613,0.788,-0.22,0.56,0.825,0.246,0.894,0.724,-0.738,0.424,0.874,-0.803,0.563,0.888,-0.493,0.785,-0.717,0.799,0.655,0.502,0.327,0.514,0.809,0.735,0.762,0.105,0.695,0.458,0.746,-0.194,-0.767,-0.004,-0.433,0.529,0.562,0.45,0.525,0.64,0.472,0.755,0.824,0.798,-0.224,0.849,0.874,0.868,-0.762,0.651,0.714,0.613,0.627,0.603,0.522,0.417,0.83,0.895,-0.69,0.841,0.66,0.832,-0.731,0.742,0.69,-0.27,0.33,0.806,0.889,0.216,-0.617,0.873,0.012,-0.854,0.436,0.816,0.88,0.699,0.884,-0.31,0.554,0.803,-0.756,0.752,0.115,0.82,-0.787,0.872,0.025,0.069,0.72,-0.658,0.9,-0.445,0.265,-0.144,0.087,0.669,0.895,0.882,0.271,-0.17,0.694,0.836,0.508,-0.436,0.72,0.794,0.65,0.704,0.793,0.819,0.859,-0.35,-0.439,0.711,0.902,0.076,0.714,0.324,0.876,0.264,-0.512,0.792,-0.658,-0.681,0.582,0.328,-0.306,-0.288,0.788,-0.161,0.904,0.342,0.724,0.856,0.543,-0.32,0.675,-0.673,-0.583,0.754,-0.451,0.647,0.831,0.111,-0.57,-0.601,-0.833,-0.64,0.651,0.869,0.038,0.874,-0.37,-0.124,-0.669,0.858,0.588,-0.839,0.935,0.844,0.834,0.133,0.857,0.375,0.753,0.101,0.883,0.813,-0.425,0.846,-0.453,-0.26,-0.543,0.782,0.54,0.478,0.856
APPS,-0.689,0.081,0.623,-0.687,-0.321,-0.181,0.423,-0.806,0.114,0.841,0.826,-0.673,0.0,0.849,0.765,-0.07,-0.395,0.262,-0.623,-0.387,0.816,0.541,-0.382,-0.378,-0.46,0.628,-0.41,-0.802,0.011,-0.565,-0.445,0.732,-0.329,-0.599,0.754,-0.219,-0.585,0.82,-0.533,0.629,-0.486,-0.481,-0.543,0.263,-0.307,-0.686,-0.484,-0.541,0.333,-0.426,0.051,-0.329,0.203,0.918,0.496,0.545,0.079,-0.097,-0.078,-0.018,-0.41,-0.04,-0.698,-0.541,-0.548,0.702,-0.69,-0.456,-0.606,0.786,-0.436,-0.871,-0.214,-0.068,-0.01,-0.126,-0.315,-0.593,-0.759,0.848,-0.66,-0.226,-0.816,0.829,-0.381,-0.54,0.665,0.138,-0.579,-0.651,0.365,0.785,-0.482,-0.225,0.892,-0.572,-0.61,-0.803,-0.297,-0.598,0.383,-0.298,-0.518,0.903,-0.352,0.187,-0.659,0.935,-0.718,0.071,-0.213,-0.248,0.735,-0.73,0.857,0.182,0.136,0.238,-0.522,-0.817,-0.683,0.027,0.57,-0.179,-0.449,-0.385,0.805,-0.241,-0.599,-0.186,-0.623,-0.635,-0.619,-0.533,0.713,0.369,-0.263,-0.536,-0.037,-0.694,0.116,-0.576,0.085,0.819,-0.577,0.462,0.655,-0.184,0.132,0.675,0.634,-0.451,0.605,-0.844,-0.086,-0.316,-0.453,-0.283,0.487,-0.269,0.868,0.523,-0.468,0.747,-0.771,-0.55,0.359,0.74,0.861,0.626,0.43,-0.177,-0.475,0.471,-0.59,0.7,-0.051,0.701,-0.595,-0.625,0.743,-0.763,-0.795,-0.653,0.438,-0.523,0.222,-0.475,0.408,-0.554,-0.53,0.181,-0.636,0.804,0.303,0.259,-0.384,-0.671,-0.483,-0.761
ARCB,-0.794,-0.153,0.421,-0.86,-0.477,-0.23,0.397,-0.884,-0.093,0.856,0.712,-0.784,0.849,0.0,0.654,-0.067,-0.491,0.466,-0.728,-0.557,0.755,0.518,-0.565,-0.668,-0.607,0.475,-0.46,-0.856,-0.221,-0.783,-0.653,0.699,-0.383,-0.752,0.841,-0.252,-0.729,0.782,-0.488,0.785,-0.495,-0.565,-0.58,-0.023,-0.352,-0.816,-0.515,-0.603,0.053,-0.392,-0.047,-0.613,0.117,0.858,0.356,0.371,-0.12,-0.164,-0.355,-0.184,-0.66,-0.208,-0.669,-0.694,-0.742,0.597,-0.683,-0.68,-0.712,0.771,-0.611,-0.828,-0.432,-0.268,-0.202,-0.209,-0.523,-0.655,-0.76,0.775,-0.797,-0.487,-0.782,0.856,-0.499,-0.761,0.539,0.049,-0.536,-0.766,0.129,0.788,-0.661,-0.238,0.879,-0.555,-0.804,-0.881,-0.382,-0.662,0.218,-0.393,-0.7,0.899,-0.643,-0.134,-0.81,0.895,-0.751,-0.157,-0.17,-0.461,0.701,-0.842,0.723,-0.062,0.202,0.083,-0.645,-0.9,-0.777,-0.014,0.348,-0.313,-0.539,-0.593,0.572,-0.398,-0.798,-0.46,-0.774,-0.701,-0.772,-0.662,0.577,0.334,-0.438,-0.702,-0.095,-0.692,-0.069,-0.645,0.044,0.815,-0.593,0.463,0.812,-0.351,0.087,0.568,0.652,-0.503,0.564,-0.833,-0.146,-0.624,-0.667,-0.533,0.258,-0.333,0.83,0.656,-0.502,0.603,-0.709,-0.773,0.242,0.737,0.752,0.734,0.524,-0.319,-0.644,0.324,-0.739,0.545,-0.088,0.742,-0.655,-0.559,0.775,-0.845,-0.9,-0.737,0.223,-0.673,-0.001,-0.693,0.253,-0.729,-0.651,0.179,-0.799,0.679,0.123,0.389,-0.425,-0.611,-0.384,-0.877
ARCC,-0.605,-0.267,0.553,-0.513,0.048,-0.269,0.639,-0.741,-0.059,0.686,0.766,-0.528,0.765,0.654,0.0,0.201,-0.458,-0.006,-0.665,-0.404,0.516,0.516,-0.245,-0.469,-0.557,0.524,-0.681,-0.631,0.388,-0.502,-0.6,0.736,-0.133,-0.663,0.429,0.175,-0.572,0.53,-0.626,0.254,-0.479,-0.695,-0.594,0.24,-0.659,-0.524,-0.453,-0.657,-0.055,-0.563,0.01,-0.238,0.507,0.726,0.312,0.646,-0.091,-0.351,-0.056,-0.253,-0.311,-0.328,-0.559,-0.655,-0.527,0.479,-0.621,-0.375,-0.607,0.545,-0.633,-0.755,-0.467,-0.178,-0.141,-0.474,-0.414,-0.674,-0.739,0.562,-0.565,-0.304,-0.596,0.523,-0.574,-0.31,0.339,-0.199,-0.652,-0.702,0.185,0.796,-0.436,-0.196,0.779,-0.082,-0.643,-0.685,-0.511,-0.58,0.62,-0.577,-0.356,0.673,-0.407,0.175,-0.504,0.743,-0.749,0.303,-0.239,-0.463,0.777,-0.507,0.58,0.242,0.146,0.218,-0.628,-0.681,-0.656,0.011,0.809,-0.277,-0.481,-0.033,0.593,-0.057,-0.623,-0.246,-0.625,-0.381,-0.678,-0.597,0.814,0.416,-0.473,-0.467,0.308,-0.708,-0.138,-0.649,-0.302,0.469,-0.722,0.35,0.3,-0.466,-0.206,0.286,0.3,-0.579,0.402,-0.687,-0.448,-0.362,-0.491,-0.093,0.435,-0.425,0.692,0.664,-0.629,0.653,-0.47,-0.579,0.091,0.301,0.789,0.55,0.366,-0.366,-0.562,0.172,-0.498,0.678,-0.118,0.786,-0.643,-0.632,0.605,-0.634,-0.636,-0.685,0.149,-0.609,-0.0,-0.569,0.305,-0.599,-0.511,0.302,-0.624,0.698,0.655,0.452,-0.534,-0.272,-0.714,-0.715
ARVN,-0.192,-0.588,0.117,-0.147,0.567,-0.625,0.475,-0.066,-0.487,0.083,-0.241,-0.35,-0.07,-0.067,0.201,0.0,-0.09,-0.472,-0.514,-0.543,-0.493,-0.286,0.159,-0.115,-0.47,-0.063,-0.497,-0.069,0.347,-0.317,-0.341,0.446,0.21,-0.5,-0.002,-0.297,-0.454,-0.286,-0.584,-0.0,-0.559,-0.316,0.133,-0.488,-0.625,-0.065,-0.368,-0.446,-0.585,-0.596,-0.732,-0.297,0.435,-0.051,-0.539,0.305,-0.815,-0.869,-0.209,-0.767,0.011,-0.52,-0.045,-0.458,-0.237,-0.509,-0.262,-0.409,-0.478,0.111,-0.381,0.081,-0.663,-0.76,-0.775,-0.766,-0.025,-0.551,-0.388,-0.147,-0.13,-0.33,-0.122,-0.077,-0.674,0.212,-0.534,-0.814,-0.471,-0.473,-0.72,0.029,-0.468,0.573,0.229,0.244,-0.324,-0.137,-0.79,-0.499,0.513,-0.5,-0.205,-0.144,-0.459,0.16,-0.022,-0.046,-0.43,0.485,0.354,-0.63,0.268,-0.127,-0.439,-0.202,0.18,-0.218,-0.211,-0.18,-0.353,-0.216,0.011,-0.666,-0.538,0.359,-0.146,-0.444,-0.219,-0.536,-0.112,0.012,-0.27,-0.548,-0.121,0.499,-0.733,-0.514,0.46,-0.243,-0.447,-0.584,-0.709,-0.468,-0.57,0.543,-0.029,-0.677,-0.707,-0.557,-0.652,-0.693,-0.591,-0.176,-0.455,-0.374,-0.543,0.167,0.344,-0.628,-0.146,0.323,-0.672,-0.115,0.201,-0.411,-0.575,-0.361,-0.047,0.444,0.505,-0.756,-0.563,-0.729,-0.281,-0.088,0.546,0.254,-0.579,-0.204,0.384,-0.316,-0.054,-0.378,-0.777,-0.438,-0.785,-0.305,-0.586,-0.448,-0.314,0.836,-0.284,-0.246,0.654,0.77,-0.757,0.404,-0.266,-0.191
ATEC,0.696,0.387,-0.155,0.632,0.062,0.576,-0.322,0.751,0.018,-0.568,-0.504,0.57,-0.395,-0.491,-0.458,-0.09,0.0,0.151,0.617,0.413,-0.503,-0.515,0.728,0.528,0.779,-0.144,0.518,0.695,0.043,0.65,0.796,-0.327,0.406,0.571,-0.491,0.082,0.709,-0.325,0.579,-0.283,0.677,0.725,0.84,0.001,0.585,0.541,0.779,0.789,0.122,0.619,-0.016,0.63,-0.394,-0.638,-0.035,-0.314,0.115,0.299,0.369,0.437,0.745,0.419,0.586,0.69,0.642,-0.408,0.625,0.714,0.579,-0.299,0.654,0.682,0.606,0.161,0.239,0.484,0.692,0.693,0.672,-0.466,0.766,0.344,0.555,-0.462,0.518,0.569,0.005,0.092,0.714,0.642,-0.098,-0.667,0.571,0.597,-0.533,0.084,0.63,0.666,0.58,0.686,-0.325,0.722,0.516,-0.647,0.427,0.318,0.783,-0.556,0.713,0.274,0.677,0.569,-0.514,0.61,-0.374,0.042,-0.04,0.141,0.873,0.567,0.655,0.643,-0.453,0.481,0.581,0.299,-0.36,0.088,0.688,0.304,0.772,0.673,0.542,0.664,-0.609,-0.378,0.528,0.48,0.231,0.799,0.432,0.628,0.165,-0.294,0.601,0.005,-0.351,0.354,0.394,-0.35,-0.438,0.53,-0.469,0.662,0.728,0.517,0.568,0.644,0.177,0.338,-0.606,-0.59,0.665,-0.451,0.303,0.531,0.211,-0.171,-0.675,-0.239,-0.015,0.39,0.664,-0.086,0.546,-0.467,0.459,-0.631,0.495,0.718,-0.315,0.645,0.662,0.556,-0.135,0.633,0.193,0.572,-0.391,0.626,0.729,0.093,0.769,-0.636,-0.135,-0.226,0.511,0.475,0.776,0.717
ATXS,-0.091,0.096,0.289,-0.208,-0.606,0.513,0.08,-0.23,0.25,0.368,0.26,-0.104,0.262,0.466,-0.006,-0.472,0.151,0.0,-0.033,-0.017,0.406,0.32,-0.284,-0.257,0.108,0.251,0.217,-0.138,-0.504,-0.15,-0.026,0.111,0.169,-0.047,0.415,0.109,0.036,0.529,0.389,0.462,0.333,0.219,0.084,0.041,0.292,-0.281,0.195,0.218,0.189,0.467,0.075,-0.255,-0.187,0.226,0.482,-0.191,0.207,0.478,0.017,0.296,-0.372,0.254,-0.216,-0.009,-0.196,0.413,0.066,-0.042,0.116,0.358,-0.02,-0.203,0.126,0.053,0.181,0.447,-0.037,0.139,0.066,0.126,-0.249,-0.192,-0.005,0.346,0.197,-0.37,0.494,0.463,0.306,-0.045,0.036,0.221,-0.111,-0.063,0.163,-0.327,-0.251,-0.114,0.321,0.2,-0.545,0.309,-0.353,0.28,-0.256,-0.456,-0.282,0.238,0.099,-0.47,0.186,0.138,0.207,-0.287,0.44,0.15,0.338,0.265,0.092,-0.28,0.035,0.175,-0.181,0.227,0.174,-0.538,0.108,-0.021,-0.262,-0.144,-0.247,-0.032,-0.173,0.105,0.042,-0.138,0.197,-0.113,-0.138,0.169,0.185,0.175,0.532,0.578,0.284,0.018,0.509,0.166,0.524,0.373,0.549,0.286,0.378,-0.075,0.51,-0.261,-0.035,-0.177,0.065,0.294,0.3,0.071,0.332,0.307,-0.213,-0.241,0.38,0.422,0.018,0.251,0.272,0.272,0.099,0.399,0.0,-0.064,0.005,0.214,0.1,0.197,0.299,-0.073,-0.179,-0.001,0.284,-0.065,0.332,-0.106,0.024,-0.053,-0.064,-0.127,-0.147,0.115,-0.415,-0.025,0.34,-0.297,0.343,-0.174
AVAV,0.817,0.589,-0.409,0.802,-0.006,0.625,-0.654,0.84,0.304,-0.791,-0.483,0.85,-0.623,-0.728,-0.665,-0.514,0.617,-0.033,0.0,0.812,-0.357,-0.362,0.53,0.649,0.892,-0.308,0.716,0.776,0.003,0.889,0.855,-0.801,0.198,0.945,-0.715,0.338,0.922,-0.44,0.754,-0.587,0.78,0.734,0.543,0.294,0.822,0.755,0.78,0.854,0.341,0.746,0.44,0.767,-0.489,-0.71,0.027,-0.518,0.57,0.654,0.496,0.729,0.679,0.587,0.663,0.925,0.838,-0.228,0.772,0.858,0.872,-0.669,0.816,0.701,0.861,0.672,0.644,0.722,0.599,0.972,0.892,-0.498,0.833,0.604,0.695,-0.642,0.867,0.52,-0.012,0.44,0.787,0.962,0.327,-0.732,0.85,0.03,-0.817,0.199,0.929,0.818,0.851,0.868,-0.456,0.77,0.764,-0.666,0.844,0.195,0.78,-0.684,0.929,-0.055,0.097,0.829,-0.758,0.807,-0.334,0.148,-0.283,0.126,0.763,0.865,0.874,0.37,-0.362,0.745,0.833,0.292,-0.381,0.522,0.883,0.733,0.825,0.611,0.824,0.936,-0.483,-0.646,0.875,0.899,-0.145,0.819,0.477,0.914,0.421,-0.358,0.855,-0.561,-0.616,0.718,0.456,-0.138,-0.191,0.874,-0.169,0.821,0.554,0.816,0.897,0.428,-0.295,0.657,-0.64,-0.816,0.887,-0.505,0.373,0.913,0.171,-0.277,-0.627,-0.803,-0.645,0.713,0.916,0.184,0.757,-0.393,-0.114,-0.831,0.89,0.679,-0.824,0.91,0.796,0.854,0.267,0.873,0.488,0.809,0.068,0.918,0.825,-0.553,0.906,-0.465,-0.51,-0.766,0.818,0.279,0.638,0.909
AXON,0.687,0.587,-0.056,0.745,-0.056,0.64,-0.377,0.604,0.531,-0.548,-0.241,0.702,-0.387,-0.557,-0.404,-0.543,0.413,-0.017,0.812,0.0,-0.14,-0.218,0.348,0.641,0.754,-0.225,0.595,0.584,0.068,0.837,0.727,-0.576,0.297,0.863,-0.607,0.443,0.812,-0.255,0.598,-0.552,0.671,0.564,0.366,0.559,0.642,0.688,0.62,0.721,0.505,0.706,0.458,0.652,-0.303,-0.463,0.303,-0.371,0.64,0.66,0.614,0.727,0.484,0.551,0.419,0.794,0.705,0.046,0.579,0.787,0.79,-0.519,0.703,0.445,0.771,0.698,0.705,0.662,0.592,0.773,0.704,-0.325,0.622,0.6,0.505,-0.521,0.804,0.486,0.154,0.58,0.608,0.796,0.42,-0.44,0.75,-0.128,-0.606,0.119,0.776,0.688,0.729,0.75,-0.341,0.652,0.684,-0.468,0.798,0.158,0.592,-0.482,0.751,-0.04,-0.052,0.828,-0.509,0.674,-0.061,0.474,-0.34,0.39,0.619,0.73,0.758,0.225,-0.123,0.695,0.719,0.258,-0.111,0.61,0.73,0.798,0.652,0.583,0.754,0.862,-0.247,-0.494,0.813,0.855,-0.154,0.621,0.423,0.785,0.523,-0.202,0.71,-0.52,-0.514,0.7,0.365,0.09,0.002,0.746,0.032,0.614,0.439,0.803,0.856,0.439,-0.171,0.682,-0.359,-0.719,0.742,-0.228,0.208,0.843,0.245,-0.226,-0.37,-0.685,-0.532,0.718,0.818,0.41,0.741,-0.127,-0.217,-0.555,0.841,0.518,-0.661,0.782,0.665,0.79,0.459,0.671,0.587,0.788,0.246,0.803,0.657,-0.518,0.761,-0.186,-0.355,-0.714,0.711,0.087,0.344,0.689
BANF,-0.58,0.214,0.439,-0.561,-0.479,0.076,0.195,-0.724,0.394,0.717,0.853,-0.441,0.816,0.755,0.516,-0.493,-0.503,0.406,-0.357,-0.14,0.0,0.731,-0.545,-0.339,-0.286,0.56,-0.109,-0.715,-0.204,-0.405,-0.36,0.368,-0.378,-0.309,0.696,-0.036,-0.372,0.856,-0.202,0.55,-0.223,-0.304,-0.657,0.472,-0.07,-0.559,-0.361,-0.379,0.504,-0.122,0.391,-0.294,0.099,0.85,0.68,0.257,0.467,0.329,-0.028,0.23,-0.528,0.159,-0.614,-0.313,-0.423,0.916,-0.51,-0.33,-0.295,0.6,-0.278,-0.836,0.011,0.312,0.344,0.198,-0.411,-0.334,-0.516,0.78,-0.619,-0.062,-0.614,0.792,-0.03,-0.589,0.702,0.511,-0.335,-0.394,0.636,0.751,-0.263,-0.627,0.651,-0.518,-0.438,-0.641,0.01,-0.334,0.05,-0.146,-0.434,0.886,-0.135,-0.083,-0.677,0.817,-0.467,-0.349,-0.522,0.011,0.538,-0.608,0.933,0.263,0.108,0.269,-0.517,-0.625,-0.434,-0.147,0.506,0.116,-0.159,-0.554,0.718,0.094,-0.489,0.086,-0.612,-0.609,-0.419,-0.257,0.73,0.192,0.041,-0.237,-0.369,-0.575,0.156,-0.247,0.453,0.889,-0.223,0.044,0.588,0.141,0.396,0.865,0.915,-0.1,0.914,-0.668,-0.021,-0.2,-0.18,-0.462,0.104,0.095,0.857,0.39,-0.166,0.736,-0.665,-0.309,0.507,0.705,0.819,0.26,0.05,0.185,-0.208,0.752,-0.345,0.669,-0.398,0.573,-0.225,-0.539,0.433,-0.543,-0.677,-0.372,0.759,-0.337,0.506,-0.282,0.724,-0.316,-0.415,-0.309,-0.535,0.894,-0.103,-0.118,-0.017,-0.791,-0.404,-0.627
BATRK,-0.418,-0.068,0.418,-0.339,-0.035,0.08,0.452,-0.604,0.417,0.626,0.801,-0.237,0.541,0.518,0.516,-0.286,-0.515,0.32,-0.362,-0.218,0.731,0.0,-0.436,-0.33,-0.349,0.596,-0.156,-0.473,0.048,-0.292,-0.416,0.299,-0.05,-0.31,0.524,0.294,-0.298,0.651,-0.097,0.29,-0.119,-0.315,-0.654,0.474,-0.354,-0.386,-0.336,-0.428,0.111,-0.167,0.374,-0.213,0.514,0.651,0.58,0.234,0.375,0.232,0.004,0.025,-0.505,-0.042,-0.41,-0.369,-0.306,0.746,-0.267,-0.238,-0.136,0.462,-0.365,-0.686,-0.212,0.231,0.266,0.03,-0.493,-0.357,-0.371,0.355,-0.53,0.035,-0.282,0.602,-0.058,-0.397,0.353,0.25,-0.277,-0.364,0.399,0.659,-0.229,-0.621,0.48,0.02,-0.452,-0.416,-0.132,-0.182,0.098,-0.349,-0.368,0.638,-0.177,-0.297,-0.538,0.582,-0.401,-0.337,-0.467,-0.149,0.623,-0.48,0.678,0.448,0.527,0.2,-0.604,-0.496,-0.294,-0.299,0.64,0.034,-0.111,-0.291,0.528,0.318,-0.478,0.006,-0.596,-0.279,-0.386,-0.266,0.814,0.232,-0.116,-0.147,0.003,-0.51,-0.065,-0.183,0.281,0.525,-0.2,-0.167,0.298,-0.003,0.258,0.534,0.686,-0.115,0.757,-0.42,-0.294,-0.301,-0.122,-0.258,0.114,0.085,0.664,0.525,-0.198,0.765,-0.223,-0.329,0.311,0.222,0.63,0.117,-0.015,0.15,-0.224,0.497,-0.105,0.458,-0.355,0.671,-0.171,-0.511,0.322,-0.367,-0.425,-0.312,0.525,-0.293,0.423,-0.312,0.583,-0.275,-0.461,-0.185,-0.531,0.72,0.106,0.095,-0.031,-0.375,-0.407,-0.475
BIDU,0.661,0.269,-0.132,0.656,0.486,0.388,-0.118,0.705,-0.041,-0.603,-0.403,0.59,-0.382,-0.565,-0.245,0.159,0.728,-0.284,0.53,0.348,-0.545,-0.436,0.0,0.549,0.66,0.038,0.259,0.661,0.538,0.665,0.672,-0.251,0.369,0.495,-0.691,0.155,0.614,-0.38,0.355,-0.509,0.463,0.512,0.614,0.114,0.309,0.647,0.636,0.557,0.01,0.322,0.065,0.744,-0.152,-0.601,-0.206,-0.125,0.12,0.057,0.453,0.299,0.914,0.351,0.7,0.614,0.703,-0.406,0.6,0.665,0.451,-0.457,0.532,0.627,0.425,0.262,0.238,0.262,0.508,0.514,0.546,-0.474,0.858,0.49,0.491,-0.538,0.362,0.759,-0.208,-0.105,0.532,0.575,-0.021,-0.536,0.578,0.533,-0.451,0.27,0.655,0.607,0.341,0.506,0.133,0.423,0.658,-0.632,0.546,0.607,0.888,-0.541,0.545,0.534,0.45,0.436,-0.399,0.681,-0.432,0.141,-0.088,0.109,0.609,0.631,0.57,0.548,-0.11,0.452,0.534,0.595,-0.274,0.269,0.725,0.406,0.718,0.66,0.558,0.539,-0.367,-0.173,0.385,0.542,0.394,0.538,0.365,0.468,-0.114,-0.482,0.384,-0.046,-0.537,0.196,0.14,-0.456,-0.57,0.37,-0.443,0.629,0.321,0.656,0.539,0.804,0.165,0.208,-0.603,-0.449,0.409,-0.434,0.4,0.544,0.024,-0.398,-0.451,-0.357,-0.191,0.275,0.555,-0.222,0.521,-0.246,0.425,-0.547,0.38,0.41,-0.403,0.613,0.636,0.485,-0.167,0.596,0.09,0.586,-0.225,0.617,0.669,0.175,0.706,-0.464,0.182,-0.084,0.291,0.62,0.468,0.689
BLNE,0.704,0.463,-0.055,0.762,0.309,0.411,-0.25,0.708,0.318,-0.506,-0.33,0.613,-0.378,-0.668,-0.469,-0.115,0.528,-0.257,0.649,0.641,-0.339,-0.33,0.549,0.0,0.651,-0.031,0.44,0.563,0.291,0.81,0.774,-0.362,0.393,0.759,-0.532,0.177,0.702,-0.395,0.452,-0.519,0.472,0.621,0.51,0.452,0.44,0.692,0.489,0.623,0.309,0.452,0.243,0.689,-0.107,-0.493,0.129,-0.068,0.405,0.358,0.462,0.441,0.597,0.504,0.523,0.712,0.697,-0.128,0.525,0.708,0.663,-0.479,0.717,0.491,0.609,0.478,0.487,0.415,0.684,0.603,0.617,-0.443,0.679,0.723,0.482,-0.476,0.593,0.697,-0.131,0.277,0.467,0.701,0.213,-0.565,0.708,0.19,-0.573,0.138,0.752,0.718,0.49,0.597,-0.074,0.513,0.762,-0.593,0.765,0.377,0.7,-0.544,0.652,0.33,0.114,0.725,-0.457,0.668,-0.259,0.262,-0.147,0.142,0.673,0.667,0.675,0.165,-0.112,0.493,0.605,0.529,-0.038,0.451,0.789,0.643,0.719,0.583,0.808,0.694,-0.32,-0.173,0.616,0.675,0.125,0.562,0.373,0.619,0.256,-0.446,0.568,-0.279,-0.466,0.52,0.319,-0.106,-0.258,0.508,-0.235,0.594,0.348,0.76,0.721,0.651,0.085,0.489,-0.553,-0.574,0.495,-0.316,0.389,0.772,0.125,-0.363,-0.409,-0.503,-0.284,0.493,0.677,0.132,0.717,-0.228,0.117,-0.58,0.584,0.396,-0.551,0.647,0.664,0.664,0.214,0.705,0.336,0.764,0.076,0.708,0.703,-0.124,0.741,-0.303,-0.011,-0.416,0.53,0.336,0.347,0.734
BLNK,0.826,0.641,-0.244,0.758,-0.009,0.756,-0.537,0.804,0.374,-0.691,-0.424,0.788,-0.46,-0.607,-0.557,-0.47,0.779,0.108,0.892,0.754,-0.286,-0.349,0.66,0.651,0.0,-0.114,0.758,0.767,0.004,0.864,0.919,-0.65,0.278,0.875,-0.629,0.262,0.925,-0.251,0.781,-0.458,0.836,0.839,0.638,0.319,0.798,0.728,0.875,0.899,0.435,0.792,0.38,0.784,-0.476,-0.633,0.127,-0.465,0.564,0.672,0.609,0.767,0.751,0.708,0.639,0.95,0.847,-0.157,0.757,0.877,0.844,-0.491,0.851,0.656,0.883,0.647,0.664,0.799,0.662,0.903,0.844,-0.403,0.859,0.612,0.629,-0.521,0.858,0.605,0.13,0.466,0.853,0.91,0.324,-0.656,0.815,0.192,-0.686,0.137,0.88,0.769,0.875,0.879,-0.48,0.844,0.686,-0.6,0.8,0.259,0.81,-0.594,0.904,0.011,0.282,0.866,-0.674,0.746,-0.213,0.231,-0.198,0.312,0.849,0.783,0.868,0.515,-0.351,0.775,0.822,0.27,-0.308,0.462,0.876,0.724,0.825,0.643,0.809,0.93,-0.46,-0.551,0.87,0.848,-0.101,0.819,0.572,0.899,0.481,-0.218,0.863,-0.375,-0.524,0.702,0.557,-0.066,-0.175,0.868,-0.149,0.759,0.706,0.837,0.871,0.555,-0.137,0.666,-0.537,-0.782,0.909,-0.39,0.299,0.851,0.325,-0.188,-0.583,-0.658,-0.472,0.741,0.939,0.234,0.744,-0.345,0.134,-0.774,0.841,0.672,-0.635,0.848,0.765,0.842,0.284,0.826,0.561,0.864,0.016,0.921,0.825,-0.399,0.909,-0.432,-0.401,-0.643,0.822,0.285,0.714,0.835
BTAI,-0.286,0.004,0.485,-0.248,0.132,0.151,0.436,-0.408,0.169,0.551,0.712,-0.22,0.628,0.475,0.524,-0.063,-0.144,0.251,-0.308,-0.225,0.56,0.596,0.038,-0.031,-0.114,0.0,-0.277,-0.393,0.336,-0.16,-0.188,0.487,-0.004,-0.254,0.38,0.11,-0.187,0.608,-0.117,0.251,-0.09,-0.125,-0.284,0.451,-0.226,-0.326,-0.126,-0.276,0.122,-0.171,0.22,0.007,0.238,0.546,0.431,0.432,0.297,0.092,0.05,0.102,-0.092,0.231,-0.158,-0.215,-0.156,0.623,-0.23,-0.107,-0.218,0.358,-0.227,-0.549,-0.076,0.228,0.23,0.067,-0.229,-0.278,-0.316,0.364,-0.22,0.15,-0.297,0.498,-0.112,-0.046,0.314,0.134,-0.167,-0.288,0.371,0.56,-0.053,-0.159,0.513,-0.258,-0.292,-0.361,-0.085,-0.194,0.326,-0.218,-0.11,0.502,-0.022,0.224,-0.221,0.515,-0.346,0.18,-0.156,0.016,0.564,-0.284,0.575,0.292,0.353,0.107,-0.304,-0.382,-0.28,0.126,0.634,0.182,0.039,0.012,0.559,0.221,-0.233,0.021,-0.336,-0.19,-0.238,-0.184,0.66,0.329,-0.064,-0.144,0.19,-0.41,0.177,-0.2,0.118,0.487,-0.218,0.164,0.368,-0.083,0.333,0.424,0.437,-0.138,0.544,-0.339,-0.079,-0.032,-0.112,0.086,0.348,0.031,0.446,0.435,-0.197,0.503,-0.201,-0.235,0.352,0.327,0.597,0.266,0.165,0.105,-0.114,0.367,-0.1,0.536,-0.02,0.463,-0.27,-0.472,0.343,-0.318,-0.393,-0.304,0.416,-0.132,0.287,-0.161,0.428,-0.177,-0.119,0.117,-0.306,0.612,0.305,0.172,-0.044,-0.146,-0.228,-0.341
BYND,0.626,0.67,-0.257,0.485,-0.168,0.552,-0.6,0.624,0.594,-0.554,-0.432,0.56,-0.41,-0.46,-0.681,-0.497,0.518,0.217,0.716,0.595,-0.109,-0.156,0.259,0.44,0.758,-0.277,0.0,0.578,-0.417,0.617,0.765,-0.715,0.122,0.731,-0.263,0.017,0.698,-0.072,0.703,-0.103,0.64,0.847,0.439,0.183,0.761,0.583,0.637,0.718,0.492,0.726,0.291,0.457,-0.335,-0.476,0.155,-0.59,0.481,0.714,0.523,0.626,0.361,0.623,0.362,0.794,0.646,-0.069,0.632,0.573,0.789,-0.194,0.823,0.543,0.738,0.491,0.547,0.794,0.534,0.725,0.694,-0.212,0.524,0.536,0.476,-0.232,0.826,0.287,0.209,0.55,0.71,0.763,0.235,-0.616,0.502,0.015,-0.578,0.105,0.694,0.626,0.766,0.734,-0.739,0.794,0.301,-0.385,0.595,-0.11,0.461,-0.445,0.769,-0.465,0.207,0.694,-0.654,0.404,-0.101,0.239,-0.027,0.327,0.646,0.566,0.746,0.112,-0.545,0.499,0.546,-0.043,-0.314,0.27,0.682,0.604,0.58,0.386,0.704,0.742,-0.47,-0.498,0.751,0.65,-0.446,0.685,0.497,0.808,0.693,-0.105,0.813,-0.371,-0.389,0.814,0.553,0.172,0.018,0.782,-0.039,0.552,0.643,0.547,0.721,0.143,-0.276,0.662,-0.293,-0.691,0.828,-0.181,0.182,0.676,0.264,-0.09,-0.555,-0.629,-0.443,0.732,0.765,0.299,0.62,-0.481,0.176,-0.638,0.802,0.568,-0.454,0.637,0.632,0.793,0.312,0.63,0.565,0.769,0.012,0.768,0.456,-0.482,0.643,-0.378,-0.612,-0.581,0.72,-0.002,0.688,0.627
CAN,0.881,0.23,-0.365,0.844,0.34,0.488,-0.373,0.896,0.121,-0.828,-0.702,0.825,-0.802,-0.856,-0.631,-0.069,0.695,-0.138,0.776,0.584,-0.715,-0.473,0.661,0.563,0.767,-0.393,0.578,0.0,0.107,0.802,0.727,-0.708,0.487,0.751,-0.807,0.339,0.826,-0.641,0.67,-0.691,0.729,0.687,0.714,-0.016,0.501,0.8,0.757,0.79,-0.062,0.621,0.078,0.658,-0.233,-0.895,-0.282,-0.48,0.181,0.317,0.479,0.353,0.719,0.291,0.711,0.764,0.798,-0.566,0.848,0.792,0.786,-0.649,0.662,0.882,0.518,0.278,0.274,0.411,0.587,0.778,0.871,-0.795,0.857,0.444,0.813,-0.822,0.61,0.688,-0.352,0.03,0.745,0.824,-0.156,-0.815,0.672,0.375,-0.873,0.533,0.789,0.897,0.556,0.823,-0.394,0.587,0.657,-0.89,0.583,0.045,0.861,-0.88,0.864,0.101,0.435,0.528,-0.663,0.839,-0.659,0.162,-0.075,0.067,0.779,0.882,0.871,0.319,-0.442,0.425,0.63,0.438,-0.598,0.379,0.791,0.428,0.835,0.841,0.731,0.754,-0.627,-0.551,0.525,0.731,0.157,0.856,0.236,0.766,0.08,-0.673,0.717,-0.41,-0.766,0.418,0.106,-0.552,-0.592,0.663,-0.529,0.897,0.386,0.604,0.696,0.6,-0.164,0.41,-0.792,-0.705,0.708,-0.524,0.664,0.72,-0.138,-0.608,-0.837,-0.654,-0.4,0.415,0.736,-0.248,0.755,-0.629,0.204,-0.731,0.738,0.761,-0.684,0.904,0.925,0.787,-0.208,0.733,0.136,0.69,-0.351,0.82,0.683,-0.185,0.874,-0.757,-0.24,-0.378,0.579,0.618,0.658,0.916
CCEC,0.167,-0.13,0.193,0.35,0.653,-0.006,0.428,0.133,-0.109,-0.106,0.21,0.246,0.011,-0.221,0.388,0.347,0.043,-0.504,0.003,0.068,-0.204,0.048,0.538,0.291,0.004,0.336,-0.417,0.107,0.0,0.302,0.047,0.244,0.301,0.051,-0.44,0.416,0.104,-0.196,-0.162,-0.494,-0.044,-0.186,-0.016,0.377,-0.369,0.281,0.028,-0.107,-0.196,-0.212,0.126,0.424,0.412,-0.083,-0.017,0.371,0.073,-0.265,0.203,-0.061,0.422,0.014,0.336,0.029,0.245,-0.001,0.097,0.276,-0.004,-0.304,-0.075,0.015,-0.123,0.167,0.114,-0.29,0.01,-0.073,-0.006,-0.208,0.316,0.318,0.151,-0.251,-0.12,0.506,-0.291,-0.254,-0.102,0.028,0.118,0.113,0.282,0.105,0.006,0.287,0.139,0.153,-0.209,-0.01,0.725,-0.292,0.5,-0.195,0.275,0.605,0.391,-0.108,-0.066,0.712,-0.117,0.023,0.175,0.375,-0.129,0.275,0.005,-0.006,-0.076,0.197,0.042,0.147,0.605,0.187,0.198,0.743,0.187,0.432,0.204,0.227,0.116,0.339,0.133,0.024,0.333,0.276,-0.06,0.222,0.601,-0.153,0.065,-0.06,-0.405,-0.341,-0.203,-0.042,-0.308,-0.21,-0.167,-0.301,-0.311,-0.147,-0.078,0.162,-0.352,0.322,0.145,0.607,0.292,-0.064,-0.19,0.155,-0.24,-0.034,0.277,0.15,-0.101,-0.425,0.181,-0.109,-0.088,-0.076,0.048,-0.146,0.231,0.3,-0.018,0.095,-0.08,-0.241,-0.176,0.155,0.164,-0.035,-0.06,0.148,-0.063,0.094,0.195,0.088,0.274,0.312,0.123,0.14,0.691,0.231,-0.14,0.478,-0.343,0.144
CDW,0.891,0.543,-0.188,0.93,0.254,0.646,-0.355,0.858,0.407,-0.739,-0.388,0.894,-0.565,-0.783,-0.502,-0.317,0.65,-0.15,0.889,0.837,-0.405,-0.292,0.665,0.81,0.864,-0.16,0.617,0.802,0.302,0.0,0.881,-0.628,0.449,0.925,-0.783,0.472,0.925,-0.446,0.685,-0.694,0.753,0.722,0.575,0.483,0.595,0.874,0.765,0.809,0.313,0.695,0.388,0.857,-0.193,-0.695,0.127,-0.334,0.552,0.557,0.658,0.651,0.739,0.591,0.699,0.909,0.903,-0.174,0.798,0.926,0.9,-0.646,0.802,0.684,0.759,0.647,0.663,0.598,0.674,0.847,0.847,-0.579,0.869,0.735,0.725,-0.657,0.821,0.751,-0.083,0.367,0.729,0.914,0.283,-0.651,0.864,0.125,-0.761,0.338,0.914,0.888,0.712,0.867,-0.253,0.669,0.861,-0.725,0.881,0.302,0.871,-0.698,0.878,0.171,0.136,0.83,-0.616,0.881,-0.33,0.401,-0.163,0.281,0.759,0.877,0.901,0.316,-0.152,0.729,0.835,0.552,-0.26,0.657,0.923,0.802,0.831,0.8,0.885,0.916,-0.35,-0.449,0.802,0.931,0.097,0.749,0.478,0.874,0.357,-0.48,0.787,-0.499,-0.694,0.641,0.392,-0.181,-0.298,0.778,-0.208,0.833,0.446,0.879,0.927,0.692,-0.09,0.678,-0.64,-0.742,0.766,-0.383,0.478,0.92,0.148,-0.477,-0.57,-0.764,-0.544,0.685,0.906,0.164,0.902,-0.326,0.017,-0.692,0.852,0.589,-0.755,0.924,0.881,0.863,0.244,0.848,0.491,0.885,0.087,0.926,0.853,-0.318,0.909,-0.4,-0.173,-0.571,0.743,0.434,0.494,0.901
