,ABEO,ACHC,AGNCN,AKAM,AKRO,ALRM,AMAT,AMED,AMRN,ANGI,APA,APOG,APPS,ARCB,ARCC,ARVN,ATEC,ATXS,AVAV,AXON,BANF,BATRK,BIDU,BLNE,BLNK,BTAI,BYND,CAN,CCEC,CDW,CDXS,CELH,CGNX,CHKP,CHRS,CHRW,CIGI,CKPT,CMPR,COGT,CRNC,CRSP,CSTL,CTSH,CVGW,DGLY,DNLI,DOCU,DVAX,EBAY,EHTH,ERII,ESLT,EXPE,EXPO,FBIOP,FFBC,FFIN,FOXF,FWRD,GDS,GERN,GPRE,GRWG,GRYP,HEES,HELE,HIVE,HON,HRTX,HSTM,HURA,IART,IBKR,IBOC,IBRX,IDXX,INGN,INM,INVA,IQ,IRBT,KDP,KPTI,KTOS,KXIN,LAMR,LFUS,LGIH,LGMK,LKFN,LNW,LOPE,LPSN,LYFT,MGNX,MLCO,MNST,MODV,MSTR,MTCH,MYGN,MYRG,NCMI,NEXT,NFLX,NIU,NKTR,NRC,NTNX,NTRA,NVEE,NVMI,NWL,NWS,NXPI,OCGN,OCSL,OKTA,OLLI,OTLK,OXLC,PAA,PARA,PARAA,PDCO,PDFS,PFG,PGEN,PNFP,PODD,POWI,PSMT,PTC,PTEN,PVLA,RDNT,RDUS,RDWR,REGN,RNAC,ROCK,ROST,RRR,RSLS,RVMD,RYAAY,SAFT,SAGE,SAVA,SBGI,SFM,SFNC,SHYF,SIBN,SIFY,SIGI,SIMO,SITM,SLM,SNBR,SNDX,SNY,SPNS,SRRK,STRA,SUPN,SYRE,TCBK,TEAM,TECH,THRM,TLRY,TRMK,TROW,TSLA,TWST,TXN,UFPI,UNIT,UPWK,USLM,UTHR,VERB,VLY,VRNA,VRRM,VXRT,WAFD,WATT,WBA,WING,WIX,WTFC,WTW,XPEL,XRX,YMAB,ZG,ZLAB
ABEO,0.0,0.762,-0.419,0.048,0.439,0.743,0.335,0.467,0.081,0.056,0.535,0.767,0.484,0.446,0.302,-0.003,0.653,0.717,0.388,0.167,-0.034,0.33,0.665,-0.022,0.643,0.54,0.293,0.701,0.405,0.794,0.815,0.373,0.608,0.255,0.523,0.412,0.769,0.674,0.429,-0.344,0.253,0.657,0.775,0.423,0.033,0.547,0.748,0.468,0.768,0.593,-0.071,0.625,0.15,0.332,0.395,0.21,0.508,0.034,0.495,0.526,0.544,0.778,0.288,0.567,0.675,0.66,0.712,0.617,0.323,0.721,0.329,0.443,0.576,0.791,0.473,0.719,0.127,0.08,0.547,-0.419,0.691,0.642,0.4,0.646,0.803,-0.344,0.765,0.551,0.686,0.281,0.256,0.285,0.733,0.58,0.235,0.065,0.71,0.347,0.567,0.195,0.203,0.49,0.708,0.03,0.595,0.428,0.596,0.456,0.254,0.348,0.703,0.74,0.304,0.736,0.681,0.577,0.414,0.785,0.81,-0.391,0.799,0.543,0.177,0.607,0.52,0.33,0.569,0.67,0.69,0.65,0.476,0.671,0.792,0.573,0.459,0.411,0.33,0.023,0.419,0.471,0.666,0.507,-0.292,0.72,0.218,0.441,0.354,0.058,0.714,-0.425,0.364,0.096,0.195,0.716,0.783,0.776,0.037,0.597,0.3,0.265,0.076,0.329,0.025,0.449,-0.164,0.573,0.603,0.481,-0.05,0.347,0.406,0.464,0.516,0.582,0.686,0.449,0.725,0.188,0.348,0.324,0.366,0.204,0.673,0.568,0.202,0.559,0.609,0.707,0.34,0.826,0.526,0.294,0.727,0.429,0.172,0.232,0.223,0.347,0.351,0.589
ACHC,0.762,0.0,-0.384,0.336,0.244,0.614,-0.016,0.781,0.071,-0.398,0.233,0.8,0.298,0.117,-0.022,-0.184,0.543,0.436,0.696,0.395,0.094,0.053,0.47,0.242,0.744,0.353,0.422,0.648,0.226,0.955,0.798,0.148,0.242,0.517,0.279,0.062,0.829,0.46,0.484,-0.126,0.283,0.663,0.592,0.389,0.369,0.615,0.625,0.61,0.782,0.628,0.085,0.625,-0.126,-0.069,0.407,0.122,0.633,0.213,0.542,0.738,0.449,0.715,0.397,0.745,0.84,0.492,0.709,0.76,0.455,0.436,0.679,0.802,0.819,0.86,0.719,0.751,0.515,0.373,0.613,-0.099,0.656,0.657,0.311,0.444,0.815,-0.197,0.814,0.629,0.695,0.582,0.56,-0.117,0.717,0.464,-0.091,-0.267,0.895,0.595,0.723,0.369,0.032,0.772,0.62,-0.241,0.882,0.399,0.578,0.288,0.517,0.204,0.508,0.836,0.01,0.651,0.581,0.379,0.145,0.55,0.694,-0.173,0.733,0.46,-0.158,0.659,0.637,0.216,0.46,0.418,0.876,0.868,0.72,0.472,0.806,0.73,0.143,0.221,0.64,0.266,0.141,0.595,0.675,0.659,-0.111,0.523,0.356,0.295,0.147,0.429,0.615,-0.275,0.304,0.33,0.191,0.692,0.698,0.8,0.384,0.4,0.231,0.404,-0.055,-0.005,0.298,0.132,-0.463,0.816,0.455,0.613,-0.195,0.1,0.141,0.598,0.675,0.541,0.678,0.255,0.484,-0.198,0.501,0.441,0.099,0.419,0.73,0.631,0.424,0.646,0.753,0.706,0.431,0.891,0.573,0.069,0.819,0.198,-0.014,-0.064,0.359,0.138,0.502,0.739
AGNCN,-0.419,-0.384,0.0,0.309,-0.757,-0.374,-0.535,-0.254,0.713,-0.179,-0.743,-0.206,-0.855,-0.523,-0.612,-0.502,-0.84,-0.379,0.075,0.558,0.647,-0.034,-0.803,0.367,-0.197,-0.856,0.45,-0.157,-0.804,-0.485,-0.7,-0.805,-0.366,0.41,-0.48,-0.166,-0.552,-0.772,0.216,0.482,0.346,0.065,-0.644,0.426,0.433,-0.566,-0.68,0.223,-0.528,-0.251,0.4,-0.844,-0.286,-0.447,-0.337,-0.402,0.233,0.649,0.264,-0.028,-0.845,-0.695,-0.531,0.098,-0.501,-0.34,-0.578,-0.513,0.375,-0.619,-0.089,-0.093,-0.319,-0.33,0.083,-0.061,-0.054,0.392,-0.0,0.074,-0.626,-0.263,-0.499,-0.801,-0.387,0.575,-0.521,0.134,-0.297,0.332,0.184,-0.281,-0.695,-0.759,-0.596,-0.25,-0.531,0.131,-0.033,0.475,-0.681,-0.032,-0.766,0.37,-0.405,-0.844,-0.775,-0.845,0.338,-0.787,-0.733,-0.46,-0.678,-0.646,-0.159,0.061,-0.118,-0.502,-0.588,0.724,-0.629,-0.636,-0.482,-0.423,-0.196,-0.79,-0.571,-0.048,-0.481,-0.127,-0.37,-0.712,-0.186,0.053,-0.692,-0.817,0.116,0.583,-0.715,-0.069,-0.779,0.177,0.793,-0.484,0.119,-0.839,0.104,0.35,-0.792,0.77,0.353,0.466,0.509,-0.692,-0.659,-0.553,0.522,-0.818,-0.797,0.425,0.592,-0.701,0.464,-0.036,0.43,-0.164,-0.844,-0.241,-0.453,-0.756,-0.676,0.222,0.124,0.064,-0.181,-0.784,-0.642,-0.446,0.394,-0.498,-0.699,0.436,-0.619,0.174,0.533,-0.051,-0.117,0.002,0.327,-0.418,-0.771,-0.719,-0.342,-0.34,-0.69,-0.622,0.475,-0.805,0.37,-0.285
AKAM,0.048,0.336,0.309,0.0,-0.464,0.176,-0.628,0.526,0.424,-0.526,-0.481,0.257,-0.339,-0.413,-0.595,-0.488,-0.131,-0.136,0.591,0.564,0.54,-0.231,-0.31,0.434,0.595,-0.453,0.551,0.164,-0.495,0.278,-0.048,-0.496,-0.366,0.639,-0.309,-0.365,0.229,-0.343,0.51,0.553,0.542,0.511,-0.132,0.405,0.693,-0.019,-0.076,0.541,0.092,0.146,0.551,-0.116,-0.484,-0.542,0.279,-0.141,0.524,0.616,0.366,0.528,-0.138,-0.133,-0.126,0.642,0.223,-0.153,-0.111,0.381,0.491,-0.339,0.653,0.538,0.497,0.225,0.559,0.405,0.449,0.673,0.195,0.439,0.147,0.026,-0.036,-0.388,0.069,0.516,0.129,0.4,0.269,0.677,0.737,-0.524,0.048,-0.299,-0.679,-0.53,0.233,0.544,0.559,0.68,-0.511,0.664,-0.232,-0.118,0.386,-0.234,-0.014,-0.468,0.673,-0.397,-0.3,0.225,-0.645,-0.133,0.222,-0.195,-0.177,-0.182,-0.104,0.607,-0.036,-0.112,-0.53,0.257,0.389,-0.429,-0.175,-0.1,0.321,0.362,0.351,-0.37,0.192,0.599,-0.595,-0.452,0.569,0.639,-0.522,0.53,-0.039,0.442,0.589,-0.14,0.311,-0.475,0.105,0.54,-0.175,0.569,0.329,0.59,0.371,-0.02,-0.077,0.135,0.721,-0.357,-0.324,0.372,0.016,-0.568,0.646,-0.158,-0.139,0.615,-0.298,0.278,-0.453,-0.45,-0.452,0.437,0.632,0.138,0.131,-0.349,-0.23,-0.623,0.39,0.198,-0.469,0.55,0.02,0.295,0.624,0.076,0.483,0.307,0.445,0.277,0.029,-0.542,0.344,-0.367,-0.476,-0.717,0.588,-0.449,0.574,0.454
AKRO,0.439,0.244,-0.757,-0.464,0.0,0.366,0.831,-0.086,-0.593,0.535,0.878,0.176,0.862,0.674,0.857,0.795,0.777,0.431,-0.347,-0.522,-0.689,0.322,0.857,-0.579,-0.014,0.897,-0.52,0.236,0.922,0.327,0.654,0.912,0.661,-0.602,0.693,0.423,0.414,0.85,-0.358,-0.475,-0.483,-0.105,0.778,-0.187,-0.72,0.453,0.613,-0.41,0.467,0.093,-0.63,0.744,0.672,0.756,0.325,0.621,-0.325,-0.759,-0.105,-0.231,0.78,0.697,0.319,-0.307,0.308,0.452,0.468,0.294,-0.53,0.85,-0.19,-0.185,-0.004,0.236,-0.244,0.0,-0.228,-0.699,-0.134,-0.32,0.51,0.224,0.404,0.904,0.342,-0.464,0.403,-0.198,0.148,-0.584,-0.438,0.653,0.661,0.862,0.744,0.535,0.329,-0.328,-0.209,-0.568,0.828,-0.182,0.774,-0.088,0.201,0.824,0.62,0.936,-0.563,0.847,0.86,0.309,0.869,0.674,0.131,0.263,0.403,0.705,0.59,-0.831,0.602,0.516,0.78,0.155,-0.061,0.854,0.786,0.258,0.342,0.081,0.117,0.856,0.311,-0.224,0.909,0.922,-0.444,-0.781,0.854,-0.129,0.69,-0.301,-0.882,0.531,-0.441,0.906,0.011,-0.581,0.759,-0.839,-0.379,-0.717,-0.417,0.586,0.623,0.46,-0.69,0.896,0.824,-0.52,-0.318,0.902,-0.743,0.369,-0.152,0.065,0.858,0.043,0.672,0.886,0.848,-0.26,-0.375,-0.008,0.264,0.884,0.832,0.76,-0.427,0.305,0.924,-0.67,0.595,-0.131,-0.646,-0.091,0.031,0.1,-0.13,0.256,0.574,0.897,0.199,0.644,0.854,0.837,-0.656,0.903,-0.409,0.06
ALRM,0.743,0.614,-0.374,0.176,0.366,0.0,0.342,0.297,-0.021,0.213,0.575,0.839,0.44,0.616,0.268,-0.149,0.672,0.834,0.446,0.225,0.201,0.399,0.555,-0.312,0.685,0.529,0.246,0.672,0.319,0.705,0.726,0.365,0.676,0.253,0.548,0.543,0.861,0.695,0.639,-0.128,0.508,0.616,0.753,0.375,0.132,0.333,0.813,0.541,0.694,0.809,-0.018,0.534,0.026,0.305,0.763,0.16,0.585,0.157,0.315,0.621,0.445,0.748,0.249,0.477,0.462,0.803,0.705,0.703,0.35,0.618,0.27,0.327,0.612,0.803,0.601,0.787,0.045,0.222,0.632,-0.421,0.546,0.331,0.699,0.607,0.791,-0.343,0.858,0.678,0.892,0.242,0.213,0.387,0.792,0.485,0.047,-0.006,0.517,0.419,0.71,0.367,0.06,0.651,0.593,-0.069,0.409,0.369,0.456,0.455,0.403,0.261,0.69,0.801,0.347,0.682,0.874,0.477,0.351,0.725,0.738,-0.379,0.817,0.562,0.092,0.757,0.709,0.201,0.512,0.672,0.508,0.509,0.317,0.687,0.656,0.687,0.41,0.392,0.402,0.008,0.332,0.692,0.621,0.612,-0.249,0.847,0.351,0.399,0.55,0.113,0.781,-0.413,0.54,0.186,0.407,0.864,0.821,0.534,0.109,0.546,0.315,0.299,-0.004,0.338,0.202,0.403,-0.126,0.503,0.661,0.582,-0.057,0.407,0.458,0.567,0.542,0.543,0.754,0.451,0.537,0.262,0.396,0.566,0.395,0.258,0.664,0.511,0.251,0.362,0.735,0.528,0.394,0.731,0.592,0.206,0.619,0.346,0.088,0.166,0.339,0.355,0.438,0.496
AMAT,0.335,-0.016,-0.535,-0.628,0.831,0.342,0.0,-0.394,-0.535,0.777,0.873,0.104,0.732,0.774,0.874,0.703,0.588,0.494,-0.525,-0.5,-0.592,0.42,0.717,-0.724,-0.249,0.797,-0.586,0.131,0.838,0.108,0.446,0.859,0.814,-0.656,0.641,0.613,0.202,0.769,-0.334,-0.517,-0.426,-0.249,0.658,-0.185,-0.81,0.261,0.492,-0.398,0.287,0.122,-0.662,0.479,0.698,0.827,0.267,0.53,-0.367,-0.709,-0.171,-0.346,0.539,0.561,0.16,-0.464,-0.002,0.531,0.393,0.069,-0.527,0.764,-0.492,-0.45,-0.27,0.089,-0.328,-0.095,-0.451,-0.773,-0.154,-0.529,0.239,0.063,0.378,0.796,0.242,-0.557,0.254,-0.173,0.088,-0.709,-0.667,0.834,0.458,0.739,0.773,0.575,0.024,-0.368,-0.339,-0.588,0.758,-0.354,0.633,0.079,-0.164,0.629,0.359,0.836,-0.625,0.727,0.763,0.15,0.938,0.553,0.151,0.409,0.408,0.655,0.49,-0.819,0.465,0.387,0.765,0.02,-0.181,0.715,0.643,0.375,-0.011,-0.104,-0.195,0.818,0.195,-0.317,0.905,0.828,-0.581,-0.803,0.835,-0.221,0.449,-0.327,-0.814,0.532,-0.435,0.779,0.219,-0.675,0.611,-0.808,-0.268,-0.729,-0.273,0.442,0.508,0.211,-0.776,0.79,0.69,-0.445,-0.098,0.898,-0.774,0.454,-0.007,-0.234,0.717,-0.072,0.703,0.862,0.865,-0.287,-0.497,0.022,0.243,0.788,0.682,0.933,-0.369,0.165,0.898,-0.669,0.379,-0.114,-0.658,-0.168,-0.131,-0.045,-0.131,0.042,0.357,0.846,0.018,0.679,0.759,0.906,-0.637,0.799,-0.484,-0.255
AMED,0.467,0.781,-0.254,0.526,-0.086,0.297,-0.394,0.0,0.115,-0.705,-0.103,0.458,0.119,-0.21,-0.317,-0.313,0.343,0.093,0.692,0.293,0.148,-0.267,0.215,0.561,0.776,0.068,0.462,0.293,-0.034,0.737,0.516,-0.092,-0.231,0.587,-0.069,-0.365,0.585,0.105,0.403,0.063,0.309,0.619,0.234,0.255,0.547,0.481,0.386,0.509,0.52,0.333,0.38,0.449,-0.405,-0.349,0.23,-0.064,0.499,0.288,0.36,0.673,0.325,0.386,0.484,0.784,0.755,0.093,0.378,0.6,0.435,0.041,0.845,0.815,0.832,0.575,0.595,0.523,0.66,0.525,0.404,0.346,0.607,0.637,0.153,0.107,0.441,0.049,0.508,0.421,0.496,0.674,0.759,-0.496,0.427,0.169,-0.225,-0.471,0.803,0.566,0.646,0.358,-0.134,0.705,0.32,-0.326,0.862,0.244,0.54,-0.017,0.548,0.021,0.119,0.6,-0.356,0.314,0.318,-0.089,-0.113,0.121,0.366,0.17,0.377,0.294,-0.336,0.618,0.609,0.084,0.158,0.016,0.788,0.675,0.773,0.035,0.49,0.623,-0.21,-0.032,0.693,0.467,-0.146,0.509,0.446,0.505,0.155,0.164,0.443,0.035,-0.021,0.497,0.309,0.077,0.154,0.434,0.022,0.41,0.363,0.655,0.535,0.115,0.015,0.34,-0.214,-0.278,0.439,-0.216,-0.457,0.769,0.174,0.529,-0.337,-0.167,-0.161,0.495,0.733,0.259,0.334,0.002,0.24,-0.555,0.332,0.276,-0.211,0.47,0.441,0.385,0.443,0.502,0.54,0.504,0.218,0.695,0.51,-0.132,0.673,-0.182,-0.154,-0.335,0.423,-0.051,0.434,0.745
AMRN,0.081,0.071,0.713,0.424,-0.593,-0.021,-0.535,0.115,0.0,-0.32,-0.579,0.227,-0.732,-0.452,-0.629,-0.616,-0.559,-0.011,0.414,0.684,0.778,0.247,-0.53,0.448,0.23,-0.668,0.862,0.265,-0.739,-0.049,-0.262,-0.756,-0.155,0.692,-0.156,-0.052,-0.098,-0.466,0.529,0.324,0.551,0.603,-0.318,0.702,0.572,-0.209,-0.302,0.52,-0.076,0.053,0.524,-0.585,-0.19,-0.325,-0.137,-0.408,0.612,0.821,0.63,0.298,-0.614,-0.335,-0.405,0.54,-0.044,0.003,-0.221,-0.205,0.756,-0.252,0.286,0.303,0.082,0.144,0.425,0.419,0.035,0.562,0.348,-0.115,-0.276,0.137,-0.224,-0.489,0.1,0.495,-0.126,0.497,0.082,0.642,0.428,-0.249,-0.36,-0.642,-0.574,-0.172,-0.073,0.468,0.337,0.713,-0.766,0.314,-0.526,0.448,-0.013,-0.757,-0.535,-0.706,0.6,-0.791,-0.484,-0.085,-0.678,-0.349,0.25,0.339,0.186,-0.102,-0.231,0.653,-0.177,-0.545,-0.518,-0.051,0.17,-0.746,-0.389,0.348,-0.03,0.334,-0.126,-0.474,0.274,0.454,-0.539,-0.702,0.416,0.773,-0.667,0.245,-0.488,0.583,0.826,-0.157,0.416,-0.709,0.188,0.525,-0.44,0.681,0.677,0.64,0.713,-0.291,-0.315,-0.159,0.706,-0.629,-0.829,0.715,0.723,-0.629,0.607,0.279,0.532,0.263,-0.579,-0.057,-0.681,-0.753,-0.647,0.59,0.537,0.445,0.261,-0.668,-0.283,-0.466,0.71,-0.368,-0.65,0.693,-0.176,0.583,0.794,0.282,0.286,0.518,0.589,0.085,-0.572,-0.735,0.026,-0.139,-0.756,-0.636,0.707,-0.743,0.659,0.214
ANGI,0.056,-0.398,-0.179,-0.526,0.535,0.213,0.777,-0.705,-0.32,0.0,0.659,-0.075,0.439,0.685,0.705,0.504,0.279,0.42,-0.608,-0.44,-0.311,0.568,0.366,-0.762,-0.382,0.461,-0.514,0.012,0.498,-0.278,0.026,0.576,0.694,-0.659,0.52,0.674,-0.07,0.473,-0.231,-0.329,-0.241,-0.313,0.381,-0.086,-0.726,-0.181,0.198,-0.453,-0.083,-0.06,-0.49,0.072,0.604,0.759,0.185,0.38,-0.356,-0.486,-0.237,-0.473,0.218,0.163,-0.146,-0.596,-0.317,0.373,0.069,-0.175,-0.477,0.532,-0.725,-0.722,-0.5,-0.183,-0.443,-0.185,-0.658,-0.645,-0.261,-0.519,-0.055,-0.279,0.303,0.449,-0.03,-0.298,-0.012,-0.252,-0.033,-0.732,-0.699,0.826,0.142,0.347,0.564,0.582,-0.412,-0.489,-0.404,-0.392,0.463,-0.475,0.207,0.387,-0.549,0.23,-0.007,0.523,-0.603,0.4,0.477,-0.197,0.747,0.209,0.092,0.283,0.463,0.393,0.164,-0.523,0.138,0.162,0.69,-0.138,-0.25,0.344,0.353,0.348,-0.446,-0.436,-0.464,0.505,-0.144,-0.399,0.676,0.496,-0.706,-0.699,0.597,-0.244,0.078,-0.374,-0.506,0.358,-0.472,0.421,0.318,-0.727,0.281,-0.473,-0.075,-0.617,-0.03,0.167,0.195,-0.181,-0.706,0.42,0.406,-0.403,0.1,0.739,-0.607,0.503,0.315,-0.47,0.391,-0.225,0.542,0.651,0.649,-0.333,-0.547,-0.02,0.037,0.506,0.366,0.869,-0.371,-0.012,0.695,-0.602,-0.004,-0.243,-0.553,-0.369,-0.252,-0.234,-0.072,-0.266,0.02,0.553,-0.27,0.525,0.507,0.657,-0.474,0.536,-0.345,-0.425
APA,0.535,0.233,-0.743,-0.481,0.878,0.575,0.873,-0.103,-0.579,0.659,0.0,0.321,0.883,0.876,0.883,0.593,0.844,0.673,-0.264,-0.477,-0.53,0.424,0.868,-0.664,0.078,0.928,-0.488,0.286,0.894,0.375,0.675,0.913,0.81,-0.525,0.72,0.637,0.508,0.906,-0.149,-0.554,-0.231,-0.038,0.844,-0.105,-0.644,0.344,0.761,-0.24,0.487,0.303,-0.542,0.719,0.552,0.809,0.459,0.535,-0.174,-0.64,-0.128,-0.063,0.752,0.751,0.362,-0.232,0.274,0.654,0.579,0.372,-0.417,0.875,-0.281,-0.244,0.08,0.332,-0.138,0.139,-0.293,-0.566,0.023,-0.467,0.515,0.185,0.578,0.927,0.457,-0.609,0.553,-0.034,0.34,-0.543,-0.418,0.767,0.721,0.854,0.751,0.444,0.285,-0.276,-0.049,-0.447,0.748,-0.083,0.817,0.006,0.1,0.772,0.607,0.944,-0.455,0.817,0.916,0.406,0.915,0.766,0.336,0.341,0.466,0.753,0.69,-0.838,0.668,0.64,0.771,0.394,0.182,0.775,0.756,0.446,0.248,0.06,0.091,0.919,0.297,-0.083,0.95,0.876,-0.357,-0.728,0.9,0.028,0.715,-0.145,-0.839,0.729,-0.277,0.889,0.28,-0.598,0.848,-0.853,-0.146,-0.605,-0.228,0.707,0.737,0.434,-0.673,0.903,0.787,-0.379,-0.26,0.92,-0.626,0.394,-0.154,0.001,0.904,0.237,0.599,0.926,0.914,-0.139,-0.226,0.147,0.356,0.894,0.787,0.818,-0.313,0.386,0.918,-0.535,0.54,-0.063,-0.546,0.001,0.107,0.077,-0.068,0.305,0.67,0.846,0.261,0.682,0.755,0.814,-0.477,0.884,-0.288,0.078
APOG,0.767,0.8,-0.206,0.257,0.176,0.839,0.104,0.458,0.227,-0.075,0.321,0.0,0.173,0.3,0.036,-0.369,0.472,0.706,0.676,0.481,0.354,0.387,0.376,-0.027,0.7,0.311,0.521,0.828,0.094,0.804,0.714,0.076,0.512,0.546,0.467,0.457,0.855,0.497,0.73,-0.137,0.575,0.729,0.618,0.531,0.358,0.362,0.685,0.74,0.72,0.818,0.129,0.438,-0.068,0.082,0.532,0.023,0.816,0.407,0.585,0.758,0.247,0.667,0.145,0.669,0.576,0.731,0.729,0.714,0.621,0.518,0.431,0.551,0.717,0.919,0.789,0.894,0.238,0.435,0.801,-0.461,0.444,0.492,0.484,0.427,0.894,-0.286,0.862,0.815,0.842,0.537,0.431,0.145,0.71,0.32,-0.174,-0.083,0.643,0.636,0.832,0.578,-0.161,0.772,0.505,-0.02,0.567,0.161,0.31,0.238,0.613,0.028,0.54,0.819,0.099,0.632,0.831,0.644,0.308,0.646,0.738,-0.199,0.778,0.409,-0.127,0.646,0.674,0.008,0.355,0.739,0.588,0.765,0.458,0.547,0.797,0.83,0.225,0.126,0.609,0.285,0.123,0.744,0.477,0.84,-0.033,0.736,0.476,0.199,0.356,0.424,0.616,-0.279,0.648,0.425,0.551,0.743,0.743,0.568,0.402,0.323,0.071,0.557,0.228,0.051,0.407,0.431,-0.142,0.662,0.449,0.648,-0.307,0.097,0.187,0.781,0.702,0.74,0.858,0.182,0.399,0.008,0.696,0.423,0.115,0.55,0.676,0.769,0.546,0.642,0.851,0.698,0.578,0.839,0.39,-0.065,0.756,0.27,-0.173,-0.068,0.545,0.068,0.638,0.607
APPS,0.484,0.298,-0.855,-0.339,0.862,0.44,0.732,0.119,-0.732,0.439,0.883,0.173,0.0,0.718,0.823,0.662,0.914,0.461,-0.259,-0.566,-0.697,0.105,0.904,-0.445,0.178,0.924,-0.585,0.155,0.928,0.433,0.692,0.943,0.552,-0.548,0.52,0.333,0.497,0.843,-0.263,-0.489,-0.368,-0.084,0.772,-0.282,-0.605,0.463,0.715,-0.31,0.477,0.163,-0.478,0.857,0.407,0.634,0.399,0.588,-0.305,-0.751,-0.231,-0.085,0.912,0.722,0.495,-0.193,0.38,0.411,0.505,0.482,-0.548,0.741,-0.081,-0.114,0.183,0.252,-0.179,0.013,-0.062,-0.562,-0.128,-0.147,0.701,0.264,0.451,0.864,0.306,-0.481,0.497,-0.187,0.288,-0.498,-0.265,0.516,0.728,0.907,0.748,0.295,0.413,-0.295,-0.063,-0.543,0.839,-0.073,0.845,-0.241,0.285,0.914,0.826,0.921,-0.495,0.928,0.854,0.406,0.803,0.718,0.18,0.013,0.244,0.603,0.638,-0.756,0.589,0.73,0.729,0.398,0.144,0.892,0.763,0.136,0.386,0.035,0.304,0.811,0.207,-0.138,0.812,0.909,-0.317,-0.722,0.868,-0.012,0.805,-0.298,-0.87,0.555,-0.355,0.905,0.093,-0.58,0.81,-0.795,-0.401,-0.635,-0.509,0.662,0.68,0.574,-0.665,0.934,0.883,-0.529,-0.514,0.86,-0.631,0.146,-0.379,0.088,0.894,0.236,0.636,0.925,0.871,-0.292,-0.218,-0.047,0.151,0.91,0.802,0.616,-0.507,0.43,0.871,-0.61,0.523,-0.232,-0.637,-0.044,0.034,0.01,-0.241,0.334,0.811,0.893,0.33,0.494,0.859,0.76,-0.555,0.936,-0.384,0.162
ARCB,0.446,0.117,-0.523,-0.413,0.674,0.616,0.774,-0.21,-0.452,0.685,0.876,0.3,0.718,0.0,0.796,0.424,0.704,0.685,-0.244,-0.343,-0.313,0.437,0.685,-0.65,0.097,0.759,-0.418,0.208,0.739,0.254,0.514,0.77,0.777,-0.477,0.564,0.722,0.401,0.774,0.001,-0.377,-0.002,-0.024,0.689,0.025,-0.514,0.224,0.703,-0.133,0.292,0.327,-0.338,0.561,0.461,0.685,0.528,0.49,-0.104,-0.461,-0.092,0.026,0.558,0.615,0.351,-0.222,0.117,0.662,0.517,0.303,-0.335,0.709,-0.299,-0.268,0.013,0.282,-0.051,0.177,-0.316,-0.417,0.081,-0.418,0.409,0.106,0.511,0.757,0.35,-0.473,0.48,0.035,0.397,-0.47,-0.363,0.735,0.565,0.697,0.607,0.354,0.092,-0.279,0.021,-0.302,0.591,-0.031,0.652,0.028,-0.042,0.594,0.466,0.769,-0.321,0.669,0.769,0.344,0.772,0.609,0.413,0.295,0.408,0.665,0.521,-0.665,0.524,0.614,0.675,0.399,0.237,0.581,0.638,0.428,0.116,-0.033,-0.053,0.775,0.208,-0.034,0.798,0.682,-0.279,-0.553,0.764,0.05,0.616,-0.068,-0.647,0.651,-0.143,0.708,0.459,-0.513,0.743,-0.658,-0.001,-0.439,-0.068,0.631,0.609,0.279,-0.561,0.748,0.643,-0.307,-0.18,0.794,-0.456,0.383,-0.022,-0.129,0.747,0.228,0.499,0.808,0.818,-0.062,-0.169,0.119,0.277,0.71,0.618,0.738,-0.244,0.372,0.763,-0.422,0.348,-0.09,-0.422,-0.05,0.13,0.014,-0.023,0.219,0.572,0.713,0.124,0.567,0.6,0.696,-0.289,0.759,-0.154,0.033
ARCC,0.302,-0.022,-0.612,-0.595,0.857,0.268,0.874,-0.317,-0.629,0.705,0.883,0.036,0.823,0.796,0.0,0.769,0.674,0.404,-0.52,-0.59,-0.679,0.287,0.751,-0.6,-0.188,0.804,-0.681,0.067,0.896,0.103,0.458,0.895,0.669,-0.736,0.575,0.584,0.197,0.718,-0.44,-0.534,-0.436,-0.304,0.653,-0.187,-0.813,0.208,0.529,-0.468,0.213,-0.03,-0.565,0.607,0.651,0.808,0.222,0.683,-0.445,-0.781,-0.231,-0.362,0.649,0.51,0.237,-0.506,0.025,0.405,0.3,0.169,-0.665,0.748,-0.472,-0.476,-0.21,0.023,-0.386,-0.186,-0.359,-0.749,-0.242,-0.389,0.365,0.062,0.269,0.776,0.132,-0.418,0.256,-0.334,0.01,-0.737,-0.547,0.768,0.511,0.807,0.833,0.543,0.042,-0.534,-0.349,-0.637,0.855,-0.388,0.7,0.007,-0.1,0.716,0.499,0.869,-0.692,0.867,0.768,0.119,0.886,0.606,0.035,0.206,0.371,0.601,0.476,-0.788,0.372,0.558,0.92,0.068,-0.16,0.791,0.693,0.229,0.044,-0.155,-0.057,0.763,0.081,-0.381,0.91,0.815,-0.592,-0.831,0.901,-0.27,0.515,-0.44,-0.856,0.466,-0.514,0.838,0.108,-0.739,0.622,-0.776,-0.415,-0.791,-0.419,0.405,0.483,0.267,-0.813,0.81,0.766,-0.584,-0.224,0.924,-0.814,0.347,-0.068,-0.228,0.738,0.024,0.748,0.918,0.885,-0.408,-0.513,-0.057,0.061,0.814,0.695,0.834,-0.547,0.182,0.893,-0.743,0.28,-0.303,-0.72,-0.176,-0.177,-0.099,-0.187,0.007,0.491,0.9,0.044,0.647,0.868,0.876,-0.669,0.871,-0.491,-0.156
ARVN,-0.003,-0.184,-0.502,-0.488,0.795,-0.149,0.703,-0.313,-0.616,0.504,0.593,-0.369,0.662,0.424,0.769,0.0,0.409,-0.059,-0.684,-0.671,-0.794,0.064,0.536,-0.489,-0.408,0.597,-0.754,-0.267,0.792,-0.125,0.186,0.763,0.328,-0.827,0.313,0.14,-0.132,0.449,-0.755,-0.251,-0.752,-0.48,0.377,-0.358,-0.847,0.257,0.158,-0.777,0.003,-0.427,-0.609,0.418,0.706,0.635,0.032,0.628,-0.726,-0.89,-0.284,-0.623,0.534,0.256,0.16,-0.632,-0.037,-0.003,-0.017,-0.126,-0.826,0.472,-0.37,-0.45,-0.425,-0.306,-0.611,-0.498,-0.318,-0.882,-0.626,0.011,0.191,-0.077,0.016,0.568,-0.211,-0.161,-0.139,-0.622,-0.387,-0.82,-0.578,0.526,0.2,0.631,0.741,0.527,-0.067,-0.641,-0.672,-0.816,0.871,-0.567,0.44,-0.056,-0.099,0.672,0.367,0.7,-0.832,0.756,0.465,-0.179,0.701,0.277,-0.385,-0.078,0.199,0.319,0.101,-0.599,0.094,0.2,0.805,-0.263,-0.465,0.787,0.554,-0.161,0.021,-0.254,-0.151,0.463,-0.085,-0.651,0.693,0.749,-0.748,-0.829,0.687,-0.56,0.357,-0.741,-0.749,0.016,-0.724,0.688,-0.19,-0.728,0.316,-0.557,-0.746,-0.893,-0.642,0.075,0.127,0.111,-0.81,0.634,0.698,-0.763,-0.369,0.767,-0.931,0.133,-0.075,-0.241,0.493,-0.306,0.86,0.739,0.648,-0.663,-0.74,-0.421,-0.212,0.697,0.559,0.692,-0.756,0.028,0.78,-0.914,0.177,-0.505,-0.846,-0.495,-0.405,-0.249,-0.309,-0.239,0.289,0.861,-0.234,0.512,0.897,0.786,-0.902,0.761,-0.714,-0.295
ATEC,0.653,0.543,-0.84,-0.131,0.777,0.672,0.588,0.343,-0.559,0.279,0.844,0.472,0.914,0.704,0.674,0.409,0.0,0.647,0.068,-0.319,-0.468,0.156,0.912,-0.347,0.469,0.897,-0.295,0.386,0.812,0.666,0.871,0.831,0.592,-0.248,0.58,0.371,0.766,0.899,0.039,-0.48,-0.085,0.215,0.872,-0.07,-0.334,0.55,0.881,0.015,0.694,0.428,-0.324,0.91,0.257,0.544,0.543,0.467,0.025,-0.494,-0.032,0.229,0.909,0.858,0.53,0.119,0.557,0.586,0.657,0.691,-0.245,0.789,0.15,0.154,0.49,0.554,0.127,0.347,0.1,-0.267,0.17,-0.203,0.813,0.419,0.573,0.878,0.569,-0.481,0.75,0.124,0.566,-0.202,-0.014,0.44,0.902,0.873,0.568,0.145,0.631,-0.008,0.278,-0.257,0.64,0.263,0.889,-0.266,0.497,0.861,0.868,0.868,-0.181,0.806,0.905,0.666,0.674,0.837,0.456,0.157,0.261,0.716,0.809,-0.672,0.783,0.79,0.542,0.642,0.426,0.75,0.752,0.327,0.584,0.302,0.492,0.855,0.436,0.21,0.725,0.821,-0.005,-0.487,0.747,0.305,0.876,0.05,-0.735,0.742,-0.084,0.85,0.213,-0.345,0.925,-0.761,-0.115,-0.376,-0.268,0.851,0.86,0.732,-0.393,0.907,0.774,-0.273,-0.413,0.728,-0.359,0.19,-0.398,0.362,0.945,0.476,0.397,0.815,0.801,0.043,0.115,0.223,0.407,0.85,0.815,0.459,-0.208,0.558,0.75,-0.307,0.685,0.046,-0.342,0.2,0.305,0.267,-0.032,0.594,0.895,0.722,0.569,0.473,0.65,0.576,-0.266,0.826,-0.089,0.434
ATXS,0.717,0.436,-0.379,-0.136,0.431,0.834,0.494,0.093,-0.011,0.42,0.673,0.706,0.461,0.685,0.404,-0.059,0.647,0.0,0.259,0.076,0.069,0.541,0.584,-0.387,0.453,0.597,0.162,0.616,0.382,0.534,0.682,0.435,0.798,0.087,0.693,0.714,0.726,0.748,0.502,-0.415,0.315,0.501,0.75,0.313,-0.071,0.266,0.758,0.37,0.635,0.703,-0.192,0.447,0.201,0.497,0.529,0.166,0.436,0.026,0.254,0.403,0.41,0.732,0.175,0.29,0.32,0.84,0.668,0.461,0.266,0.733,-0.003,0.138,0.407,0.696,0.36,0.668,-0.131,0.033,0.559,-0.645,0.453,0.343,0.671,0.665,0.754,-0.455,0.764,0.552,0.73,0.06,-0.036,0.564,0.692,0.474,0.28,0.149,0.403,0.261,0.508,0.195,0.116,0.365,0.563,0.156,0.234,0.301,0.359,0.522,0.177,0.284,0.711,0.625,0.487,0.67,0.815,0.585,0.516,0.757,0.755,-0.485,0.777,0.471,0.24,0.63,0.574,0.245,0.491,0.784,0.321,0.348,0.131,0.731,0.562,0.483,0.554,0.446,0.191,-0.166,0.463,0.517,0.536,0.487,-0.332,0.879,0.243,0.465,0.576,-0.113,0.75,-0.532,0.546,0.038,0.355,0.787,0.791,0.456,-0.112,0.547,0.277,0.233,0.11,0.477,0.009,0.494,0.051,0.267,0.664,0.442,-0.037,0.467,0.538,0.44,0.371,0.638,0.698,0.473,0.567,0.431,0.317,0.371,0.457,0.139,0.572,0.442,0.104,0.408,0.462,0.478,0.293,0.584,0.49,0.291,0.448,0.493,0.138,0.323,0.202,0.409,0.312,0.376
AVAV,0.388,0.696,0.075,0.591,-0.347,0.446,-0.525,0.692,0.414,-0.608,-0.264,0.676,-0.259,-0.244,-0.52,-0.684,0.068,0.259,0.0,0.708,0.542,-0.09,-0.069,0.402,0.745,-0.189,0.729,0.548,-0.376,0.642,0.364,-0.408,-0.116,0.861,-0.083,-0.088,0.606,-0.039,0.688,0.149,0.623,0.7,0.148,0.445,0.868,0.165,0.274,0.836,0.481,0.6,0.421,0.12,-0.596,-0.433,0.235,-0.32,0.822,0.68,0.51,0.889,-0.037,0.252,0.084,0.85,0.526,0.221,0.332,0.537,0.746,-0.069,0.685,0.79,0.851,0.717,0.779,0.786,0.609,0.883,0.731,0.016,0.285,0.335,0.147,-0.118,0.597,0.022,0.597,0.745,0.594,0.877,0.754,-0.427,0.334,-0.115,-0.559,-0.568,0.631,0.723,0.878,0.714,-0.505,0.893,0.1,-0.109,0.665,-0.123,0.104,-0.253,0.864,-0.333,-0.002,0.64,-0.456,0.223,0.551,0.213,-0.109,0.109,0.328,0.309,0.361,0.17,-0.609,0.584,0.7,-0.378,-0.061,0.267,0.584,0.698,0.595,-0.048,0.531,0.894,-0.386,-0.353,0.901,0.685,-0.388,0.794,0.177,0.837,0.413,0.302,0.646,-0.238,0.18,0.725,0.167,0.209,0.62,0.754,0.499,0.361,0.341,0.427,0.773,-0.164,-0.268,0.635,0.095,-0.531,0.771,-0.106,-0.288,0.756,-0.033,0.683,-0.628,-0.396,-0.344,0.738,0.869,0.553,0.476,-0.24,-0.095,-0.597,0.743,0.317,-0.447,0.838,0.351,0.645,0.796,0.617,0.701,0.583,0.454,0.677,0.19,-0.519,0.649,-0.23,-0.603,-0.619,0.742,-0.422,0.783,0.773
AXON,0.167,0.395,0.558,0.564,-0.522,0.225,-0.5,0.293,0.684,-0.44,-0.477,0.481,-0.566,-0.343,-0.59,-0.671,-0.319,0.076,0.708,0.0,0.693,-0.057,-0.398,0.416,0.414,-0.501,0.764,0.406,-0.597,0.323,0.01,-0.605,-0.055,0.841,-0.196,-0.033,0.235,-0.289,0.603,0.271,0.605,0.548,-0.076,0.631,0.753,-0.007,-0.079,0.76,0.224,0.434,0.382,-0.338,-0.435,-0.445,0.103,-0.349,0.731,0.785,0.616,0.624,-0.439,-0.039,-0.335,0.657,0.118,0.174,0.029,0.16,0.732,-0.232,0.426,0.567,0.426,0.43,0.63,0.602,0.467,0.728,0.581,-0.031,-0.139,0.146,-0.141,-0.389,0.369,0.279,0.246,0.755,0.328,0.76,0.533,-0.284,-0.012,-0.367,-0.69,-0.521,0.225,0.646,0.605,0.732,-0.655,0.67,-0.203,0.053,0.3,-0.465,-0.345,-0.523,0.771,-0.578,-0.241,0.363,-0.569,-0.015,0.395,0.406,-0.137,0.036,0.066,0.509,0.089,-0.239,-0.661,0.172,0.359,-0.614,-0.193,0.315,0.222,0.559,0.212,-0.223,0.491,0.729,-0.534,-0.545,0.674,0.748,-0.59,0.539,-0.169,0.737,0.623,0.064,0.502,-0.494,0.263,0.713,-0.193,0.431,0.669,0.708,0.68,-0.01,0.016,0.121,0.777,-0.452,-0.544,0.715,0.5,-0.645,0.694,0.039,0.003,0.549,-0.356,0.344,-0.607,-0.571,-0.453,0.701,0.668,0.518,0.422,-0.439,-0.305,-0.51,0.853,0.085,-0.553,0.791,0.073,0.716,0.849,0.407,0.488,0.558,0.609,0.37,-0.235,-0.657,0.356,-0.177,-0.733,-0.678,0.727,-0.669,0.691,0.36
BANF,-0.034,0.094,0.647,0.54,-0.689,0.201,-0.592,0.148,0.778,-0.311,-0.53,0.354,-0.697,-0.313,-0.679,-0.794,-0.468,0.069,0.542,0.693,0.0,0.223,-0.597,0.306,0.357,-0.621,0.78,0.251,-0.774,0.0,-0.272,-0.764,-0.174,0.716,-0.23,-0.034,0.055,-0.444,0.754,0.514,0.81,0.559,-0.337,0.589,0.727,-0.29,-0.171,0.643,-0.118,0.29,0.67,-0.544,-0.395,-0.465,0.143,-0.485,0.762,0.939,0.52,0.517,-0.646,-0.295,-0.23,0.55,-0.031,0.127,-0.078,-0.007,0.785,-0.383,0.351,0.342,0.238,0.234,0.65,0.497,0.042,0.758,0.478,-0.024,-0.319,-0.059,-0.015,-0.5,0.152,0.431,0.028,0.608,0.324,0.7,0.556,-0.286,-0.261,-0.655,-0.745,-0.326,-0.121,0.529,0.541,0.859,-0.859,0.532,-0.53,0.265,-0.022,-0.738,-0.519,-0.672,0.786,-0.807,-0.475,0.06,-0.661,-0.322,0.385,0.164,0.099,-0.185,-0.256,0.658,-0.103,-0.391,-0.621,0.213,0.465,-0.804,-0.422,0.316,-0.083,0.329,-0.075,-0.45,0.154,0.583,-0.581,-0.717,0.598,0.811,-0.704,0.411,-0.4,0.709,0.835,-0.069,0.625,-0.712,0.285,0.677,-0.321,0.674,0.772,0.806,0.885,-0.106,-0.225,-0.272,0.805,-0.626,-0.749,0.799,0.542,-0.672,0.822,0.147,0.356,0.251,-0.491,0.191,-0.638,-0.709,-0.644,0.674,0.648,0.4,0.299,-0.668,-0.454,-0.511,0.746,-0.087,-0.633,0.802,-0.144,0.533,0.878,0.219,0.474,0.332,0.618,0.142,-0.379,-0.8,0.031,-0.19,-0.804,-0.708,0.869,-0.722,0.763,0.206
BATRK,0.33,0.053,-0.034,-0.231,0.322,0.399,0.42,-0.267,0.247,0.568,0.424,0.387,0.105,0.437,0.287,0.064,0.156,0.541,-0.09,-0.057,0.223,0.0,0.217,-0.5,0.014,0.247,0.181,0.431,0.152,0.032,0.166,0.15,0.594,-0.116,0.618,0.624,0.201,0.373,0.301,-0.113,0.24,0.271,0.326,0.374,-0.272,-0.029,0.302,0.005,0.067,0.161,0.008,0.034,0.56,0.502,0.277,0.125,0.263,0.095,0.347,-0.008,0.022,0.217,-0.09,-0.037,0.062,0.525,0.343,0.021,0.197,0.551,-0.22,-0.198,-0.136,0.231,0.143,0.327,-0.526,-0.171,0.189,-0.593,-0.007,0.105,0.415,0.393,0.35,-0.172,0.216,0.191,0.293,-0.119,-0.186,0.516,0.166,0.086,0.159,0.587,-0.103,0.031,0.064,0.209,-0.002,-0.003,0.074,0.611,-0.196,-0.077,-0.095,0.263,-0.026,-0.045,0.364,0.007,0.359,0.142,0.396,0.557,0.841,0.478,0.193,-0.231,0.337,-0.021,0.349,0.097,0.128,0.007,0.264,0.689,-0.13,0.093,-0.28,0.393,0.234,0.084,0.491,0.156,-0.206,-0.122,0.305,0.084,0.078,0.248,-0.069,0.384,-0.041,0.09,0.25,-0.166,0.305,-0.183,0.403,-0.078,0.477,0.336,0.219,-0.075,-0.096,0.182,0.01,0.168,0.467,0.393,-0.098,0.802,0.47,-0.047,0.235,-0.073,0.046,0.18,0.247,0.301,0.002,0.366,0.479,0.146,0.388,0.523,0.221,-0.049,0.368,-0.019,0.247,0.275,0.063,0.037,0.311,0.218,0.393,0.142,-0.125,0.128,-0.027,0.482,0.078,0.285,0.08,0.213,0.26,0.019
BIDU,0.665,0.47,-0.803,-0.31,0.857,0.555,0.717,0.215,-0.53,0.366,0.868,0.376,0.904,0.685,0.751,0.536,0.912,0.584,-0.069,-0.398,-0.597,0.217,0.0,-0.371,0.313,0.902,-0.335,0.389,0.883,0.577,0.838,0.864,0.651,-0.334,0.589,0.366,0.632,0.896,-0.142,-0.618,-0.271,0.141,0.882,-0.071,-0.477,0.525,0.783,-0.097,0.683,0.301,-0.49,0.873,0.366,0.705,0.327,0.514,-0.081,-0.611,-0.011,0.067,0.927,0.818,0.454,0.044,0.529,0.533,0.591,0.51,-0.343,0.867,-0.043,0.038,0.322,0.493,-0.044,0.275,-0.048,-0.441,0.096,-0.363,0.815,0.441,0.43,0.896,0.545,-0.508,0.644,0.019,0.417,-0.317,-0.188,0.563,0.822,0.912,0.732,0.261,0.603,-0.143,0.089,-0.411,0.761,0.071,0.9,-0.09,0.42,0.87,0.857,0.89,-0.354,0.847,0.928,0.535,0.761,0.827,0.348,0.297,0.33,0.761,0.804,-0.745,0.725,0.736,0.637,0.495,0.251,0.775,0.778,0.36,0.535,0.257,0.421,0.875,0.44,0.083,0.799,0.844,-0.19,-0.59,0.834,0.151,0.787,-0.071,-0.807,0.728,-0.259,0.887,0.203,-0.509,0.85,-0.813,-0.185,-0.534,-0.342,0.731,0.801,0.746,-0.521,0.936,0.76,-0.346,-0.321,0.781,-0.53,0.264,-0.365,0.263,0.894,0.34,0.488,0.836,0.84,-0.05,-0.034,0.229,0.352,0.882,0.898,0.557,-0.255,0.333,0.801,-0.428,0.612,0.056,-0.443,0.223,0.156,0.303,-0.056,0.516,0.746,0.802,0.527,0.578,0.697,0.691,-0.426,0.824,-0.167,0.338
BLNE,-0.022,0.242,0.367,0.434,-0.579,-0.312,-0.724,0.561,0.448,-0.762,-0.664,-0.027,-0.445,-0.65,-0.6,-0.489,-0.347,-0.387,0.402,0.416,0.306,-0.5,-0.371,0.0,0.301,-0.532,0.514,-0.067,-0.525,0.147,-0.123,-0.58,-0.61,0.6,-0.493,-0.585,-0.074,-0.517,0.213,0.146,0.188,0.328,-0.39,0.264,0.587,0.062,-0.298,0.399,-0.005,-0.082,0.478,-0.224,-0.541,-0.623,-0.38,-0.222,0.324,0.478,0.302,0.277,-0.284,-0.251,0.09,0.544,0.217,-0.35,-0.211,0.035,0.419,-0.473,0.499,0.524,0.317,0.065,0.325,0.119,0.54,0.511,0.189,0.409,0.06,0.356,-0.48,-0.528,-0.074,0.48,-0.125,0.191,-0.013,0.648,0.611,-0.658,-0.234,-0.374,-0.406,-0.55,0.247,0.36,0.278,0.372,-0.458,0.268,-0.269,-0.127,0.391,-0.358,-0.035,-0.604,0.441,-0.413,-0.492,0.036,-0.759,-0.221,-0.109,-0.211,-0.34,-0.367,-0.15,0.591,-0.269,-0.175,-0.552,0.034,0.142,-0.398,-0.364,-0.219,0.23,0.322,0.409,-0.544,0.096,0.287,-0.666,-0.558,0.523,0.653,-0.563,0.112,-0.238,0.279,0.559,-0.358,0.383,-0.484,-0.17,0.536,-0.406,0.522,0.131,0.526,0.07,-0.312,-0.265,0.178,0.595,-0.475,-0.504,0.459,0.188,-0.691,0.518,-0.388,-0.111,0.333,-0.489,0.085,-0.518,-0.645,-0.589,0.274,0.494,0.152,-0.107,-0.544,-0.3,-0.822,0.332,-0.262,-0.676,0.521,-0.229,0.267,0.533,0.438,0.059,0.325,0.138,0.146,-0.165,-0.52,0.247,-0.421,-0.487,-0.604,0.491,-0.58,0.363,0.272
BLNK,0.643,0.744,-0.197,0.595,-0.014,0.685,-0.249,0.776,0.23,-0.382,0.078,0.7,0.178,0.097,-0.188,-0.408,0.469,0.453,0.745,0.414,0.357,0.014,0.313,0.301,0.0,0.154,0.558,0.596,-0.035,0.752,0.6,-0.044,0.092,0.6,0.091,-0.027,0.777,0.275,0.665,0.054,0.623,0.812,0.44,0.442,0.577,0.342,0.588,0.702,0.61,0.548,0.419,0.448,-0.395,-0.125,0.458,-0.061,0.719,0.421,0.5,0.816,0.368,0.483,0.361,0.846,0.684,0.367,0.463,0.733,0.52,0.231,0.727,0.701,0.895,0.762,0.728,0.813,0.47,0.606,0.588,0.052,0.694,0.51,0.289,0.205,0.612,0.073,0.703,0.636,0.784,0.678,0.747,-0.192,0.591,0.208,-0.232,-0.386,0.729,0.545,0.862,0.56,-0.198,0.84,0.362,-0.139,0.751,0.195,0.527,0.038,0.659,0.028,0.303,0.741,-0.218,0.437,0.654,0.116,0.09,0.37,0.518,0.138,0.546,0.462,-0.233,0.804,0.803,-0.036,0.272,0.325,0.723,0.663,0.718,0.208,0.598,0.833,-0.087,-0.014,0.718,0.475,-0.057,0.732,0.476,0.675,0.167,0.487,0.516,0.066,0.312,0.417,0.454,0.049,0.476,0.495,0.341,0.598,0.539,0.687,0.526,0.22,0.02,0.412,-0.062,-0.16,0.534,0.061,-0.254,0.787,0.313,0.7,-0.359,-0.04,-0.003,0.64,0.863,0.49,0.488,0.112,0.344,-0.38,0.459,0.395,-0.075,0.548,0.468,0.512,0.553,0.502,0.731,0.645,0.408,0.821,0.534,-0.15,0.771,-0.028,-0.216,-0.33,0.596,-0.007,0.678,0.829
BTAI,0.54,0.353,-0.856,-0.453,0.897,0.529,0.797,0.068,-0.668,0.461,0.928,0.311,0.924,0.759,0.804,0.597,0.897,0.597,-0.189,-0.501,-0.621,0.247,0.902,-0.532,0.154,0.0,-0.482,0.276,0.916,0.483,0.776,0.926,0.673,-0.486,0.68,0.434,0.588,0.929,-0.166,-0.534,-0.318,-0.012,0.814,-0.254,-0.578,0.496,0.785,-0.215,0.573,0.333,-0.554,0.835,0.456,0.674,0.412,0.492,-0.199,-0.685,-0.181,-0.002,0.835,0.836,0.518,-0.172,0.416,0.57,0.648,0.445,-0.414,0.819,-0.09,-0.068,0.201,0.398,-0.092,0.14,-0.103,-0.537,0.06,-0.336,0.613,0.318,0.554,0.946,0.481,-0.623,0.593,-0.049,0.376,-0.459,-0.338,0.59,0.765,0.899,0.751,0.36,0.452,-0.189,0.01,-0.492,0.762,-0.029,0.859,-0.215,0.297,0.861,0.728,0.96,-0.406,0.856,0.906,0.51,0.872,0.755,0.311,0.23,0.33,0.693,0.721,-0.85,0.71,0.69,0.658,0.406,0.184,0.854,0.726,0.291,0.431,0.135,0.249,0.904,0.347,-0.062,0.889,0.931,-0.24,-0.701,0.856,0.036,0.797,-0.137,-0.887,0.684,-0.198,0.948,0.117,-0.482,0.889,-0.894,-0.252,-0.556,-0.386,0.766,0.773,0.557,-0.627,0.954,0.839,-0.388,-0.408,0.862,-0.576,0.228,-0.284,0.09,0.954,0.267,0.552,0.898,0.865,-0.144,-0.182,0.076,0.334,0.897,0.796,0.67,-0.335,0.448,0.879,-0.506,0.66,-0.069,-0.566,0.071,0.132,0.101,-0.208,0.409,0.75,0.862,0.332,0.539,0.775,0.802,-0.488,0.914,-0.311,0.17
BYND,0.293,0.422,0.45,0.551,-0.52,0.246,-0.586,0.462,0.862,-0.514,-0.488,0.521,-0.585,-0.418,-0.681,-0.754,-0.295,0.162,0.729,0.764,0.78,0.181,-0.335,0.514,0.558,-0.482,0.0,0.482,-0.659,0.315,0.06,-0.68,-0.127,0.888,-0.053,-0.112,0.289,-0.26,0.739,0.249,0.693,0.803,-0.116,0.678,0.761,0.03,-0.009,0.74,0.25,0.383,0.559,-0.298,-0.365,-0.407,0.053,-0.452,0.838,0.873,0.682,0.621,-0.396,-0.04,-0.177,0.806,0.286,0.172,0.096,0.133,0.921,-0.142,0.565,0.621,0.491,0.502,0.69,0.704,0.288,0.76,0.65,-0.087,-0.008,0.376,0.005,-0.326,0.418,0.319,0.229,0.729,0.427,0.865,0.628,-0.374,-0.032,-0.488,-0.638,-0.311,0.309,0.73,0.679,0.83,-0.774,0.656,-0.292,0.216,0.36,-0.557,-0.258,-0.565,0.83,-0.699,-0.284,0.295,-0.658,-0.11,0.485,0.358,0.109,0.038,0.053,0.543,0.141,-0.301,-0.665,0.271,0.465,-0.647,-0.306,0.406,0.298,0.603,0.224,-0.287,0.497,0.757,-0.506,-0.585,0.72,0.851,-0.63,0.566,-0.214,0.837,0.717,0.08,0.652,-0.556,0.151,0.729,-0.155,0.511,0.788,0.796,0.725,0.06,0.004,0.141,0.848,-0.476,-0.69,0.816,0.547,-0.639,0.788,0.193,0.257,0.571,-0.34,0.232,-0.789,-0.692,-0.581,0.828,0.818,0.575,0.49,-0.546,-0.167,-0.583,0.872,-0.096,-0.615,0.87,0.141,0.769,0.916,0.523,0.585,0.686,0.598,0.466,-0.28,-0.731,0.361,-0.21,-0.782,-0.687,0.843,-0.654,0.805,0.517
CAN,0.701,0.648,-0.157,0.164,0.236,0.672,0.131,0.293,0.265,0.012,0.286,0.828,0.155,0.208,0.067,-0.267,0.386,0.616,0.548,0.406,0.251,0.431,0.389,-0.067,0.596,0.276,0.482,0.0,0.088,0.63,0.613,0.049,0.456,0.432,0.433,0.401,0.725,0.421,0.535,-0.254,0.426,0.611,0.569,0.429,0.27,0.229,0.556,0.607,0.624,0.613,0.054,0.381,-0.024,0.173,0.271,0.006,0.702,0.302,0.565,0.583,0.272,0.524,-0.005,0.548,0.555,0.537,0.595,0.596,0.484,0.556,0.291,0.391,0.571,0.784,0.546,0.795,0.117,0.312,0.661,-0.535,0.435,0.425,0.279,0.373,0.772,-0.271,0.704,0.615,0.634,0.445,0.29,0.176,0.594,0.274,-0.092,0.038,0.585,0.429,0.669,0.468,-0.098,0.579,0.419,0.149,0.497,0.12,0.265,0.208,0.451,0.049,0.505,0.628,0.156,0.532,0.641,0.653,0.39,0.581,0.657,-0.184,0.676,0.375,-0.019,0.469,0.465,-0.043,0.392,0.67,0.484,0.611,0.45,0.485,0.675,0.668,0.242,0.08,0.425,0.205,0.15,0.627,0.377,0.656,-0.068,0.665,0.278,0.178,0.172,0.262,0.475,-0.255,0.546,0.296,0.458,0.566,0.607,0.544,0.293,0.298,0.061,0.39,0.271,0.049,0.289,0.514,-0.051,0.6,0.371,0.552,-0.247,0.085,0.171,0.623,0.554,0.699,0.676,0.2,0.401,0.052,0.578,0.267,0.124,0.438,0.565,0.654,0.43,0.581,0.674,0.646,0.458,0.756,0.216,-0.078,0.699,0.262,-0.165,-0.077,0.395,0.032,0.59,0.62
CCEC,0.405,0.226,-0.804,-0.495,0.922,0.319,0.838,-0.034,-0.739,0.498,0.894,0.094,0.928,0.739,0.896,0.792,0.812,0.382,-0.376,-0.597,-0.774,0.152,0.883,-0.525,-0.035,0.916,-0.659,0.088,0.0,0.337,0.639,0.965,0.598,-0.648,0.531,0.377,0.357,0.817,-0.43,-0.525,-0.51,-0.225,0.741,-0.272,-0.722,0.452,0.629,-0.418,0.411,0.068,-0.609,0.797,0.553,0.718,0.279,0.645,-0.41,-0.837,-0.222,-0.211,0.83,0.693,0.457,-0.328,0.305,0.401,0.457,0.315,-0.637,0.762,-0.231,-0.215,-0.002,0.177,-0.283,-0.087,-0.165,-0.699,-0.196,-0.228,0.567,0.21,0.336,0.879,0.267,-0.514,0.394,-0.277,0.119,-0.622,-0.422,0.617,0.639,0.933,0.832,0.389,0.323,-0.4,-0.247,-0.672,0.932,-0.216,0.84,-0.168,0.193,0.915,0.719,0.956,-0.616,0.954,0.846,0.301,0.877,0.7,0.06,0.141,0.258,0.627,0.577,-0.834,0.525,0.638,0.796,0.225,-0.028,0.923,0.771,0.14,0.327,0.026,0.174,0.828,0.213,-0.276,0.887,0.925,-0.451,-0.804,0.91,-0.179,0.731,-0.384,-0.929,0.498,-0.465,0.942,0.069,-0.644,0.756,-0.854,-0.489,-0.752,-0.538,0.556,0.615,0.488,-0.755,0.932,0.897,-0.584,-0.44,0.892,-0.778,0.181,-0.336,-0.021,0.849,0.125,0.756,0.94,0.89,-0.364,-0.404,-0.083,0.125,0.907,0.789,0.723,-0.531,0.306,0.909,-0.712,0.479,-0.247,-0.716,-0.085,-0.07,-0.026,-0.226,0.203,0.682,0.965,0.2,0.602,0.907,0.874,-0.697,0.938,-0.482,0.024
CDW,0.794,0.955,-0.485,0.278,0.327,0.705,0.108,0.737,-0.049,-0.278,0.375,0.804,0.433,0.254,0.103,-0.125,0.666,0.534,0.642,0.323,0.0,0.032,0.577,0.147,0.752,0.483,0.315,0.63,0.337,0.0,0.872,0.294,0.366,0.443,0.36,0.173,0.889,0.585,0.457,-0.223,0.251,0.627,0.697,0.315,0.282,0.636,0.733,0.579,0.848,0.713,-0.027,0.693,-0.118,0.04,0.491,0.155,0.565,0.104,0.445,0.721,0.557,0.819,0.419,0.687,0.804,0.588,0.745,0.8,0.374,0.514,0.61,0.72,0.829,0.876,0.655,0.739,0.533,0.297,0.613,-0.144,0.716,0.63,0.422,0.544,0.846,-0.304,0.888,0.643,0.749,0.471,0.474,0.007,0.811,0.572,0.03,-0.25,0.896,0.554,0.721,0.277,0.13,0.74,0.73,-0.314,0.854,0.507,0.649,0.408,0.443,0.325,0.617,0.912,0.143,0.759,0.644,0.38,0.132,0.617,0.799,-0.277,0.796,0.561,-0.068,0.723,0.665,0.325,0.523,0.45,0.869,0.81,0.715,0.589,0.815,0.719,0.254,0.353,0.593,0.15,0.258,0.629,0.758,0.613,-0.234,0.65,0.354,0.43,0.216,0.31,0.726,-0.394,0.292,0.241,0.122,0.784,0.8,0.857,0.253,0.516,0.331,0.345,-0.133,0.126,0.214,0.101,-0.495,0.785,0.584,0.648,-0.138,0.254,0.316,0.543,0.637,0.54,0.701,0.398,0.551,-0.075,0.433,0.502,0.215,0.332,0.77,0.586,0.316,0.609,0.702,0.679,0.356,0.899,0.698,0.189,0.848,0.231,0.082,0.052,0.296,0.262,0.414,0.708
CDXS,0.815,0.798,-0.7,-0.048,0.654,0.726,0.446,0.516,-0.262,0.026,0.675,0.714,0.692,0.514,0.458,0.186,0.871,0.682,0.364,0.01,-0.272,0.166,0.838,-0.123,0.6,0.776,0.06,0.613,0.639,0.872,0.0,0.619,0.588,0.104,0.603,0.332,0.889,0.847,0.232,-0.477,0.03,0.484,0.878,0.171,-0.077,0.655,0.879,0.314,0.9,0.626,-0.269,0.845,0.154,0.413,0.46,0.315,0.325,-0.226,0.27,0.469,0.759,0.947,0.489,0.422,0.721,0.695,0.76,0.714,0.097,0.786,0.351,0.455,0.668,0.828,0.39,0.616,0.276,-0.045,0.486,-0.343,0.791,0.638,0.509,0.821,0.831,-0.466,0.886,0.44,0.689,0.12,0.153,0.332,0.93,0.789,0.394,0.018,0.847,0.304,0.498,-0.032,0.422,0.481,0.89,-0.235,0.719,0.714,0.773,0.716,0.109,0.599,0.855,0.858,0.49,0.886,0.628,0.445,0.255,0.801,0.924,-0.59,0.899,0.682,0.274,0.674,0.526,0.577,0.681,0.516,0.795,0.651,0.602,0.828,0.764,0.493,0.591,0.661,0.292,-0.215,0.554,0.458,0.826,0.388,-0.558,0.815,0.162,0.735,0.229,-0.027,0.905,-0.701,0.139,-0.11,-0.054,0.881,0.931,0.874,-0.101,0.795,0.555,0.077,-0.178,0.489,-0.131,0.236,-0.389,0.608,0.851,0.577,0.128,0.569,0.613,0.361,0.374,0.498,0.667,0.675,0.789,0.254,0.183,0.475,0.54,0.02,0.834,0.431,-0.015,0.521,0.517,0.609,0.179,0.815,0.772,0.516,0.757,0.469,0.384,0.412,-0.02,0.58,0.169,0.604
