,ABEO,ACHC,AGNCN,AKAM,AKRO,ALRM,AMAT,AMED,AMRN,ANGI,APA,APOG,APPS,ARCB,ARCC,ARVN,ATEC,ATXS,AVAV,AXON,BANF,BATRK,BIDU,BLNE,BLNK,BTAI,BYND,CAN,CCEC,CDW,CDXS,CELH,CGNX,CHKP,CHRS,CHRW,CIGI,CKPT,CMPR,COGT,CRNC,CRSP,CSTL,CTSH,CVGW,DGLY,DNLI,DOCU,DVAX,EBAY,EHTH,ERII,ESLT,EXPE,EXPO,FBIOP,FFBC,FFIN,FOXF,FWRD,GDS,GERN,GPRE,GRWG,GRYP,HEES,HELE,HIVE,HON,HRTX,HSTM,HURA,IART,IBKR,IBOC,IBRX,IDXX,INGN,INM,INVA,IQ,IRBT,KDP,KPTI,KTOS,KXIN,LAMR,LFUS,LGIH,LGMK,LKFN,LNW,LOPE,LPSN,LYFT,MGNX,MLCO,MNST,MODV,MSTR,MTCH,MYGN,MYRG,NCMI,NEXT,NFLX,NIU,NKTR,NRC,NTNX,NTRA,NVEE,NVMI,NWL,NWS,NXPI,OCGN,OCSL,OKTA,OLLI,OTLK,OXLC,PAA,PARA,PARAA,PDCO,PDFS,PFG,PGEN,PNFP,PODD,POWI,PSMT,PTC,PTEN,PVLA,RDNT,RDUS,RDWR,REGN,RNAC,ROCK,ROST,RRR,RSLS,RVMD,RYAAY,SAFT,SAGE,SAVA,SBGI,SFM,SFNC,SHYF,SIBN,SIFY,SIGI,SIMO,SITM,SLM,SNBR,SNDX,SNY,SPNS,SRRK,STRA,SUPN,SYRE,TCBK,TEAM,TECH,THRM,TLRY,TRMK,TROW,TSLA,TWST,TXN,UFPI,UNIT,UPWK,USLM,UTHR,VERB,VLY,VRNA,VRRM,VXRT,WAFD,WATT,WBA,WING,WIX,WTFC,WTW,XPEL,XRX,YMAB,ZG,ZLAB
ABEO,0.0,0.694,0.14,0.806,-0.113,0.653,-0.361,0.831,0.513,-0.789,-0.223,0.825,-0.378,-0.648,-0.377,-0.586,0.174,0.044,0.791,0.706,0.128,0.09,0.192,0.752,0.795,-0.11,0.579,0.795,0.014,0.893,0.738,-0.506,0.352,0.787,-0.659,0.514,0.832,-0.224,0.708,-0.491,0.671,0.684,0.224,0.739,0.551,0.747,0.537,0.747,0.549,0.623,0.687,0.637,-0.125,-0.873,0.373,-0.208,0.804,0.644,0.745,0.771,0.211,0.534,0.562,0.844,0.814,0.366,0.75,0.828,0.806,-0.555,0.72,0.799,0.725,0.868,0.866,0.686,0.61,0.736,0.77,-0.426,0.695,0.779,0.561,-0.434,0.78,0.511,0.279,0.607,0.68,0.85,0.823,-0.589,0.726,-0.295,-0.732,0.21,0.808,0.822,0.76,0.779,-0.329,0.624,0.672,-0.714,0.839,-0.038,0.64,-0.592,0.815,-0.147,-0.245,0.78,-0.556,0.754,0.293,0.498,-0.094,0.443,0.703,0.54,0.808,0.189,0.023,0.681,0.725,0.116,-0.076,0.704,0.816,0.837,0.696,0.486,0.791,0.823,-0.11,-0.356,0.819,0.851,-0.154,0.669,0.301,0.784,0.414,-0.198,0.724,-0.522,-0.585,0.701,0.261,0.259,0.215,0.797,0.365,0.763,0.352,0.802,0.817,0.35,-0.231,0.651,-0.233,-0.605,0.726,0.031,0.276,0.812,-0.026,-0.251,-0.548,-0.682,-0.697,0.711,0.846,0.53,0.786,-0.302,-0.213,-0.63,0.705,0.202,-0.707,0.834,0.79,0.72,0.725,0.751,0.809,0.764,0.601,0.89,0.476,-0.524,0.838,-0.091,-0.255,-0.601,0.752,-0.064,0.427,0.803
ACHC,0.694,0.0,-0.12,0.419,-0.26,0.448,-0.622,0.75,0.365,-0.753,-0.339,0.521,-0.156,-0.359,-0.461,-0.559,0.311,0.069,0.735,0.574,0.267,-0.189,0.19,0.535,0.748,-0.102,0.633,0.531,-0.141,0.696,0.844,-0.409,-0.161,0.631,-0.325,0.005,0.696,-0.008,0.499,-0.106,0.466,0.642,0.341,0.413,0.716,0.586,0.563,0.679,0.79,0.541,0.551,0.575,-0.388,-0.601,0.297,-0.239,0.615,0.527,0.603,0.791,0.27,0.618,0.399,0.771,0.741,0.203,0.606,0.633,0.592,-0.145,0.873,0.803,0.834,0.678,0.713,0.713,0.733,0.665,0.567,0.098,0.564,0.606,0.172,-0.08,0.775,0.148,0.695,0.578,0.576,0.741,0.768,-0.762,0.531,-0.032,-0.463,-0.171,0.814,0.526,0.755,0.552,-0.342,0.821,0.479,-0.342,0.751,0.121,0.499,-0.219,0.696,-0.147,0.028,0.731,-0.619,0.459,0.437,0.271,-0.217,0.482,0.726,0.341,0.647,0.297,-0.377,0.561,0.518,-0.016,0.034,0.243,0.806,0.756,0.735,0.225,0.673,0.67,-0.317,-0.294,0.8,0.614,-0.326,0.602,0.519,0.655,0.383,0.118,0.622,-0.198,-0.357,0.747,0.389,0.275,0.233,0.672,0.176,0.484,0.601,0.723,0.658,0.17,-0.109,0.52,-0.083,-0.632,0.678,-0.091,-0.267,0.712,0.132,0.268,-0.495,-0.467,-0.523,0.621,0.691,0.471,0.454,-0.235,0.039,-0.728,0.57,0.396,-0.433,0.552,0.578,0.597,0.646,0.613,0.785,0.648,0.4,0.772,0.445,-0.434,0.745,-0.231,-0.33,-0.571,0.585,-0.267,0.553,0.662
AGNCN,0.14,-0.12,0.0,0.274,-0.504,0.116,-0.046,-0.014,0.69,-0.059,-0.372,0.295,-0.635,-0.31,-0.218,-0.389,-0.624,0.075,0.187,0.507,0.418,0.304,-0.501,0.305,0.044,-0.619,0.398,0.307,-0.395,0.125,-0.244,-0.556,0.455,0.404,-0.301,0.381,0.034,-0.499,0.318,-0.327,0.347,0.259,-0.384,0.589,0.22,-0.046,-0.262,0.355,0.025,0.181,0.192,-0.401,-0.011,-0.171,-0.117,-0.366,0.406,0.521,0.454,0.152,-0.571,-0.258,-0.204,0.256,-0.031,0.322,-0.078,0.002,0.413,-0.394,-0.164,0.086,-0.048,0.233,0.245,0.25,0.016,0.288,0.319,-0.533,-0.132,0.198,0.041,-0.698,0.155,0.439,-0.141,0.402,0.111,0.294,0.135,0.255,-0.088,-0.504,-0.298,0.001,-0.049,0.305,0.129,0.433,-0.441,0.035,-0.22,-0.006,0.019,-0.629,-0.262,-0.63,0.284,-0.556,-0.567,0.023,-0.343,0.111,0.245,0.704,0.093,0.061,0.041,0.494,-0.053,-0.365,0.002,0.061,0.181,-0.444,-0.294,0.512,-0.112,0.225,-0.1,-0.202,0.276,0.302,-0.277,-0.615,0.175,0.408,-0.405,0.159,-0.574,0.367,0.622,-0.021,0.213,-0.668,0.024,0.206,-0.631,0.558,0.46,0.348,0.603,-0.044,-0.273,0.029,0.383,-0.38,-0.581,0.495,0.601,-0.434,0.308,0.331,0.423,0.127,-0.702,-0.282,-0.3,-0.538,-0.405,0.424,0.29,0.579,0.37,-0.504,-0.427,-0.117,0.513,-0.444,-0.429,0.424,0.018,0.472,0.486,0.361,0.073,0.431,0.502,0.072,-0.427,-0.456,0.144,0.206,-0.486,-0.314,0.397,-0.523,0.3,0.048
AKAM,0.806,0.419,0.274,0.0,-0.029,0.613,-0.25,0.816,0.509,-0.778,-0.182,0.877,-0.478,-0.821,-0.318,-0.505,0.115,-0.154,0.781,0.734,-0.002,0.11,0.205,0.773,0.738,-0.167,0.469,0.817,0.115,0.91,0.6,-0.487,0.513,0.821,-0.84,0.613,0.832,-0.362,0.617,-0.781,0.669,0.575,0.172,0.841,0.449,0.72,0.448,0.657,0.477,0.541,0.649,0.576,-0.07,-0.855,0.39,-0.254,0.79,0.584,0.674,0.651,0.256,0.361,0.515,0.788,0.752,0.369,0.566,0.849,0.784,-0.785,0.567,0.713,0.667,0.86,0.798,0.558,0.573,0.727,0.714,-0.563,0.723,0.719,0.716,-0.643,0.67,0.716,0.049,0.529,0.579,0.796,0.764,-0.393,0.804,-0.425,-0.783,0.261,0.783,0.905,0.628,0.776,-0.241,0.508,0.685,-0.842,0.827,-0.022,0.654,-0.707,0.755,-0.091,-0.426,0.721,-0.491,0.886,0.137,0.506,-0.204,0.291,0.613,0.712,0.739,0.022,0.242,0.731,0.794,0.167,-0.115,0.85,0.745,0.798,0.667,0.49,0.716,0.839,-0.078,-0.36,0.714,0.877,-0.136,0.68,0.089,0.741,0.407,-0.318,0.644,-0.592,-0.644,0.541,0.072,0.228,0.121,0.672,0.391,0.816,0.177,0.795,0.848,0.363,-0.242,0.58,-0.294,-0.556,0.639,-0.021,0.489,0.866,-0.097,-0.472,-0.475,-0.71,-0.695,0.681,0.835,0.52,0.866,-0.161,-0.418,-0.543,0.691,0.111,-0.791,0.885,0.824,0.683,0.69,0.693,0.629,0.746,0.71,0.799,0.49,-0.54,0.829,-0.006,-0.23,-0.645,0.668,0.004,0.263,0.857
AKRO,-0.113,-0.26,-0.504,-0.029,0.0,-0.139,0.638,-0.047,-0.629,0.155,0.647,-0.14,0.578,0.09,0.614,0.742,0.435,-0.423,-0.378,-0.482,-0.727,-0.035,0.676,-0.224,-0.225,0.779,-0.633,-0.177,0.848,-0.033,0.061,0.701,0.162,-0.451,0.038,-0.009,-0.068,0.449,-0.448,-0.006,-0.415,-0.404,0.31,-0.317,-0.658,0.201,0.118,-0.561,-0.277,-0.353,-0.254,0.423,0.578,0.142,0.113,0.566,-0.416,-0.676,-0.312,-0.406,0.579,0.183,0.335,-0.414,0.026,-0.165,0.088,0.026,-0.43,0.189,-0.07,-0.19,-0.284,-0.216,-0.297,-0.553,-0.189,-0.512,-0.362,0.174,0.167,0.031,0.184,0.486,-0.366,-0.024,-0.363,-0.552,-0.252,-0.416,-0.268,0.174,0.176,0.528,0.321,0.415,-0.056,-0.156,-0.442,-0.485,0.775,-0.435,0.357,-0.247,0.002,0.691,0.375,0.478,-0.437,0.742,0.462,-0.14,0.658,0.105,-0.458,-0.364,0.051,-0.072,-0.242,-0.434,0.037,0.148,0.64,-0.145,-0.195,0.834,0.54,-0.124,0.062,-0.204,-0.07,0.522,-0.184,-0.391,0.739,0.786,-0.385,-0.34,0.692,-0.44,0.37,-0.462,-0.778,-0.408,-0.393,0.59,-0.278,-0.345,0.353,-0.751,-0.778,-0.524,-0.563,0.151,-0.137,-0.0,-0.361,0.699,0.7,-0.532,-0.557,0.67,-0.574,0.018,0.149,-0.147,0.588,-0.352,0.619,0.473,0.398,-0.463,-0.366,-0.769,-0.112,0.697,0.455,0.476,-0.542,0.151,0.415,-0.343,0.176,-0.448,-0.608,-0.407,-0.231,-0.383,-0.356,-0.107,0.326,0.686,-0.219,0.153,0.835,0.624,-0.58,0.855,-0.702,-0.091
ALRM,0.653,0.448,0.116,0.613,-0.139,0.0,-0.095,0.544,0.284,-0.389,0.155,0.715,-0.162,-0.201,-0.229,-0.611,0.392,0.535,0.638,0.533,0.414,0.192,0.228,0.321,0.75,0.146,0.425,0.613,0.009,0.667,0.616,-0.233,0.565,0.601,-0.37,0.524,0.815,0.207,0.827,-0.193,0.824,0.624,0.502,0.546,0.531,0.455,0.733,0.718,0.499,0.873,0.603,0.443,-0.252,-0.573,0.771,-0.3,0.727,0.622,0.443,0.735,0.161,0.628,0.508,0.631,0.517,0.734,0.733,0.737,0.656,-0.363,0.535,0.529,0.656,0.763,0.789,0.722,0.372,0.689,0.727,-0.36,0.503,0.459,0.71,-0.179,0.708,0.253,0.465,0.71,0.915,0.621,0.578,-0.168,0.744,-0.148,-0.566,-0.002,0.507,0.667,0.787,0.73,-0.373,0.699,0.497,-0.516,0.515,-0.004,0.466,-0.327,0.75,-0.146,0.102,0.791,-0.228,0.621,0.664,0.366,-0.058,0.45,0.706,0.318,0.771,0.343,-0.058,0.816,0.813,0.011,-0.017,0.616,0.51,0.555,0.412,0.631,0.549,0.77,-0.012,-0.16,0.729,0.62,-0.112,0.76,0.324,0.736,0.325,0.384,0.791,-0.308,-0.156,0.592,0.542,0.048,0.489,0.71,0.577,0.828,0.676,0.481,0.633,0.376,-0.06,0.586,-0.165,-0.303,0.727,0.09,0.249,0.556,0.309,-0.008,-0.398,-0.333,-0.311,0.688,0.737,0.445,0.71,-0.044,-0.206,-0.288,0.6,0.519,-0.385,0.672,0.622,0.56,0.61,0.49,0.774,0.495,0.487,0.704,0.544,-0.384,0.635,-0.057,-0.274,-0.401,0.714,0.058,0.457,0.574
AMAT,-0.361,-0.622,-0.046,-0.25,0.638,-0.095,0.0,-0.515,-0.506,0.613,0.744,-0.279,0.447,0.427,0.744,0.686,0.076,-0.046,-0.641,-0.488,-0.383,0.204,0.266,-0.512,-0.541,0.573,-0.732,-0.376,0.644,-0.34,-0.41,0.692,0.49,-0.603,0.176,0.188,-0.379,0.427,-0.399,0.122,-0.37,-0.6,0.085,-0.304,-0.787,-0.152,-0.132,-0.569,-0.556,-0.276,-0.392,-0.111,0.65,0.434,0.114,0.49,-0.492,-0.584,-0.36,-0.558,0.055,-0.07,0.044,-0.652,-0.401,0.125,-0.079,-0.28,-0.506,0.241,-0.531,-0.546,-0.667,-0.433,-0.414,-0.642,-0.544,-0.659,-0.461,-0.01,-0.295,-0.323,0.041,0.392,-0.53,-0.166,-0.435,-0.476,-0.307,-0.641,-0.607,0.731,-0.204,0.439,0.486,0.301,-0.545,-0.343,-0.631,-0.505,0.627,-0.622,-0.0,0.079,-0.471,0.305,-0.109,0.449,-0.57,0.495,0.345,-0.387,0.851,-0.132,-0.217,-0.117,0.201,-0.015,-0.486,-0.501,-0.242,-0.019,0.603,-0.307,-0.308,0.498,0.403,-0.095,-0.45,-0.453,-0.583,0.415,-0.387,-0.529,0.762,0.642,-0.592,-0.48,0.645,-0.598,-0.026,-0.524,-0.617,-0.14,-0.461,0.441,0.154,-0.541,0.084,-0.626,-0.447,-0.577,-0.221,-0.106,-0.262,-0.439,-0.541,0.438,0.543,-0.441,-0.067,0.752,-0.66,0.242,0.181,-0.533,0.309,-0.346,0.727,0.58,0.584,-0.509,-0.565,-0.64,-0.197,0.556,0.255,0.87,-0.504,0.003,0.57,-0.455,-0.166,-0.485,-0.62,-0.582,-0.421,-0.556,-0.321,-0.453,-0.06,0.712,-0.549,0.449,0.676,0.796,-0.573,0.641,-0.688,-0.52
AMED,0.831,0.75,-0.014,0.816,-0.047,0.544,-0.515,0.0,0.411,-0.903,-0.268,0.77,-0.296,-0.711,-0.463,-0.496,0.335,-0.123,0.844,0.634,0.032,-0.096,0.333,0.834,0.864,-0.055,0.561,0.714,0.077,0.91,0.85,-0.44,0.132,0.809,-0.667,0.268,0.858,-0.224,0.594,-0.5,0.59,0.717,0.365,0.684,0.622,0.749,0.586,0.669,0.642,0.512,0.684,0.717,-0.249,-0.855,0.355,-0.196,0.752,0.551,0.631,0.758,0.401,0.58,0.648,0.882,0.876,0.247,0.629,0.829,0.726,-0.586,0.855,0.866,0.858,0.856,0.812,0.655,0.742,0.763,0.686,-0.228,0.824,0.832,0.559,-0.374,0.74,0.568,0.274,0.544,0.634,0.855,0.889,-0.716,0.823,-0.202,-0.702,0.035,0.945,0.818,0.739,0.693,-0.234,0.697,0.727,-0.745,0.952,0.164,0.764,-0.527,0.783,-0.038,-0.23,0.815,-0.648,0.8,0.168,0.282,-0.198,0.287,0.739,0.609,0.769,0.185,-0.011,0.775,0.788,0.218,0.028,0.601,0.931,0.853,0.84,0.364,0.791,0.818,-0.228,-0.278,0.827,0.811,-0.208,0.703,0.394,0.735,0.379,-0.221,0.683,-0.392,-0.56,0.673,0.331,0.251,0.088,0.699,0.228,0.779,0.408,0.898,0.832,0.35,-0.17,0.561,-0.392,-0.597,0.673,-0.207,0.212,0.924,0.077,-0.154,-0.511,-0.638,-0.658,0.692,0.864,0.477,0.74,-0.157,-0.117,-0.771,0.622,0.214,-0.709,0.773,0.792,0.653,0.685,0.739,0.716,0.774,0.619,0.882,0.669,-0.471,0.883,-0.151,-0.22,-0.655,0.664,-0.011,0.417,0.919
AMRN,0.513,0.365,0.69,0.509,-0.629,0.284,-0.506,0.411,0.0,-0.528,-0.69,0.578,-0.846,-0.618,-0.629,-0.738,-0.54,0.103,0.601,0.762,0.588,0.384,-0.515,0.607,0.436,-0.751,0.871,0.635,-0.622,0.473,0.185,-0.898,0.258,0.773,-0.42,0.384,0.41,-0.58,0.631,-0.402,0.589,0.688,-0.423,0.769,0.576,0.315,0.0,0.674,0.375,0.431,0.563,-0.138,-0.097,-0.54,-0.021,-0.594,0.75,0.861,0.771,0.512,-0.5,-0.061,-0.052,0.687,0.386,0.362,0.242,0.303,0.828,-0.465,0.372,0.517,0.385,0.6,0.64,0.655,0.329,0.647,0.649,-0.567,0.11,0.512,0.227,-0.728,0.606,0.557,0.125,0.685,0.405,0.73,0.541,-0.278,0.144,-0.798,-0.647,0.13,0.391,0.656,0.531,0.79,-0.788,0.435,-0.069,-0.212,0.417,-0.745,-0.064,-0.827,0.69,-0.811,-0.726,0.337,-0.765,0.279,0.38,0.785,0.12,0.311,0.29,0.731,0.364,-0.414,-0.276,0.304,0.431,-0.54,-0.541,0.676,0.308,0.645,0.271,-0.175,0.628,0.662,-0.477,-0.813,0.598,0.772,-0.693,0.53,-0.414,0.758,0.915,-0.096,0.609,-0.875,-0.306,0.627,-0.414,0.805,0.644,0.736,0.715,0.252,-0.11,0.351,0.76,-0.429,-0.846,0.821,0.525,-0.775,0.71,0.339,0.417,0.537,-0.67,-0.27,-0.727,-0.901,-0.813,0.779,0.671,0.881,0.662,-0.792,-0.431,-0.545,0.856,-0.332,-0.75,0.743,0.378,0.84,0.85,0.677,0.509,0.818,0.736,0.498,-0.277,-0.836,0.486,0.054,-0.732,-0.676,0.758,-0.688,0.612,0.451
ANGI,-0.789,-0.753,-0.059,-0.778,0.155,-0.389,0.613,-0.903,-0.528,0.0,0.472,-0.755,0.478,0.806,0.503,0.548,-0.085,0.275,-0.863,-0.734,-0.034,0.145,-0.152,-0.814,-0.759,0.288,-0.646,-0.748,0.065,-0.87,-0.776,0.609,-0.038,-0.841,0.712,-0.272,-0.781,0.417,-0.487,0.576,-0.519,-0.642,-0.1,-0.682,-0.647,-0.741,-0.437,-0.685,-0.681,-0.457,-0.613,-0.624,0.248,0.848,-0.158,0.275,-0.742,-0.58,-0.711,-0.739,-0.246,-0.41,-0.431,-0.871,-0.81,-0.112,-0.517,-0.754,-0.758,0.627,-0.783,-0.873,-0.812,-0.831,-0.774,-0.64,-0.748,-0.758,-0.697,0.295,-0.691,-0.751,-0.405,0.498,-0.758,-0.553,-0.291,-0.543,-0.47,-0.866,-0.855,0.74,-0.688,0.358,0.737,-0.109,-0.936,-0.793,-0.697,-0.679,0.309,-0.662,-0.635,0.71,-0.927,-0.023,-0.616,0.597,-0.78,0.157,0.398,-0.742,0.736,-0.738,-0.096,-0.428,0.311,-0.341,-0.66,-0.623,-0.714,-0.051,0.091,-0.608,-0.634,-0.069,0.143,-0.579,-0.904,-0.89,-0.817,-0.238,-0.804,-0.798,0.306,0.439,-0.822,-0.842,0.326,-0.671,-0.228,-0.737,-0.433,0.293,-0.646,0.47,0.681,-0.713,-0.112,-0.321,-0.094,-0.703,-0.207,-0.63,-0.242,-0.864,-0.853,-0.195,0.331,-0.579,0.268,0.748,-0.677,0.17,-0.149,-0.917,0.124,0.17,0.575,0.764,0.78,-0.696,-0.821,-0.55,-0.705,0.322,0.278,0.82,-0.696,-0.094,0.796,-0.798,-0.761,-0.723,-0.729,-0.768,-0.691,-0.818,-0.615,-0.843,-0.449,0.603,-0.858,0.163,0.335,0.73,-0.644,0.223,-0.396,-0.874
APA,-0.223,-0.339,-0.372,-0.182,0.647,0.155,0.744,-0.268,-0.69,0.472,0.0,-0.173,0.714,0.501,0.756,0.538,0.558,0.158,-0.439,-0.545,-0.33,0.132,0.539,-0.524,-0.232,0.816,-0.706,-0.31,0.739,-0.168,-0.098,0.776,0.335,-0.541,0.184,0.148,-0.093,0.654,-0.251,0.169,-0.176,-0.463,0.446,-0.347,-0.581,-0.096,0.263,-0.459,-0.329,-0.103,-0.217,0.238,0.39,0.357,0.412,0.491,-0.378,-0.549,-0.393,-0.273,0.416,0.222,0.293,-0.486,-0.17,0.168,0.139,0.013,-0.461,0.334,-0.287,-0.379,-0.3,-0.283,-0.273,-0.451,-0.344,-0.446,-0.362,0.197,-0.003,-0.287,0.236,0.585,-0.347,-0.286,-0.044,-0.407,-0.049,-0.523,-0.35,0.505,0.095,0.607,0.45,0.169,-0.331,-0.312,-0.33,-0.396,0.626,-0.314,0.213,0.011,-0.275,0.586,0.19,0.631,-0.426,0.659,0.662,-0.15,0.81,0.025,-0.047,-0.372,0.2,0.0,-0.186,-0.539,-0.034,0.383,0.597,0.06,-0.026,0.621,0.551,-0.145,-0.233,-0.38,-0.3,0.55,-0.418,-0.382,0.82,0.712,-0.38,-0.437,0.776,-0.337,0.431,-0.419,-0.692,0.135,-0.308,0.613,0.114,-0.442,0.513,-0.714,-0.416,-0.446,-0.279,0.132,0.147,-0.258,-0.461,0.621,0.754,-0.447,-0.37,0.76,-0.468,0.061,-0.039,-0.387,0.676,-0.047,0.659,0.67,0.626,-0.429,-0.365,-0.635,-0.191,0.737,0.333,0.695,-0.536,0.38,0.602,-0.393,-0.054,-0.55,-0.565,-0.492,-0.165,-0.595,-0.36,-0.247,0.39,0.709,-0.341,0.286,0.725,0.665,-0.445,0.786,-0.523,-0.298
APOG,0.825,0.521,0.295,0.877,-0.14,0.715,-0.279,0.77,0.578,-0.755,-0.173,0.0,-0.53,-0.731,-0.381,-0.65,0.066,0.05,0.836,0.758,0.223,0.242,0.088,0.683,0.748,-0.172,0.593,0.88,-0.019,0.898,0.639,-0.585,0.542,0.863,-0.738,0.66,0.87,-0.295,0.763,-0.649,0.799,0.665,0.178,0.817,0.565,0.675,0.542,0.779,0.505,0.691,0.733,0.529,-0.107,-0.865,0.41,-0.33,0.899,0.734,0.712,0.748,0.087,0.419,0.473,0.813,0.735,0.524,0.716,0.845,0.877,-0.701,0.597,0.764,0.693,0.924,0.888,0.706,0.535,0.813,0.856,-0.636,0.602,0.733,0.7,-0.569,0.809,0.581,0.195,0.696,0.728,0.858,0.772,-0.395,0.783,-0.448,-0.84,0.233,0.745,0.913,0.763,0.866,-0.395,0.647,0.612,-0.778,0.79,-0.14,0.533,-0.692,0.864,-0.247,-0.336,0.79,-0.509,0.838,0.295,0.638,-0.116,0.38,0.674,0.638,0.818,0.058,0.087,0.739,0.819,0.037,-0.187,0.88,0.712,0.823,0.597,0.527,0.794,0.884,-0.065,-0.435,0.82,0.906,-0.21,0.739,0.098,0.879,0.482,-0.134,0.797,-0.62,-0.565,0.719,0.173,0.244,0.325,0.819,0.559,0.844,0.292,0.709,0.894,0.259,-0.322,0.739,-0.165,-0.604,0.771,0.104,0.501,0.817,-0.081,-0.333,-0.553,-0.762,-0.74,0.814,0.887,0.606,0.918,-0.308,-0.449,-0.532,0.815,0.183,-0.786,0.924,0.814,0.787,0.799,0.788,0.781,0.76,0.761,0.862,0.419,-0.634,0.817,-0.014,-0.371,-0.644,0.805,-0.114,0.433,0.825
APPS,-0.378,-0.156,-0.635,-0.478,0.578,-0.162,0.447,-0.296,-0.846,0.478,0.714,-0.53,0.0,0.654,0.663,0.671,0.714,0.03,-0.567,-0.725,-0.427,-0.331,0.644,-0.526,-0.238,0.781,-0.72,-0.58,0.604,-0.374,-0.017,0.897,-0.247,-0.717,0.433,-0.408,-0.284,0.753,-0.502,0.478,-0.507,-0.468,0.488,-0.682,-0.513,-0.201,0.149,-0.589,-0.186,-0.366,-0.365,0.232,0.123,0.533,0.168,0.601,-0.65,-0.757,-0.564,-0.386,0.618,0.213,0.13,-0.542,-0.249,-0.247,-0.13,-0.171,-0.733,0.623,-0.152,-0.394,-0.25,-0.523,-0.506,-0.529,-0.2,-0.599,-0.64,0.714,0.056,-0.353,-0.223,0.797,-0.535,-0.421,0.116,-0.571,-0.217,-0.629,-0.371,0.231,-0.096,0.859,0.707,-0.162,-0.305,-0.604,-0.396,-0.667,0.702,-0.284,0.049,0.282,-0.319,0.759,0.207,0.861,-0.621,0.763,0.83,-0.263,0.659,-0.279,-0.097,-0.773,-0.0,-0.093,-0.167,-0.641,-0.258,0.511,0.29,-0.158,-0.328,0.569,0.64,-0.633,-0.217,-0.526,-0.187,0.177,-0.555,-0.577,0.476,0.812,-0.481,-0.682,0.639,-0.456,0.587,-0.675,-0.767,0.197,-0.549,0.863,0.275,-0.521,0.507,-0.597,-0.557,-0.634,-0.655,-0.195,0.24,-0.207,-0.672,0.502,0.836,-0.686,-0.363,0.746,-0.598,-0.169,-0.499,-0.456,0.744,0.31,0.69,0.864,0.791,-0.661,-0.53,-0.754,-0.596,0.779,0.715,0.482,-0.801,0.374,0.805,-0.693,-0.31,-0.751,-0.738,-0.621,-0.339,-0.653,-0.674,-0.357,0.36,0.848,-0.376,0.037,0.771,0.685,-0.648,0.684,-0.496,-0.405
ARCB,-0.648,-0.359,-0.31,-0.821,0.09,-0.201,0.427,-0.711,-0.618,0.806,0.501,-0.731,0.654,0.0,0.486,0.431,0.233,0.429,-0.698,-0.67,0.067,-0.069,0.053,-0.801,-0.509,0.418,-0.551,-0.749,0.101,-0.733,-0.426,0.666,-0.234,-0.782,0.735,-0.383,-0.599,0.622,-0.408,0.767,-0.407,-0.505,0.132,-0.711,-0.413,-0.588,-0.083,-0.517,-0.424,-0.267,-0.458,-0.36,0.026,0.776,0.038,0.304,-0.669,-0.529,-0.622,-0.443,-0.048,-0.094,-0.207,-0.696,-0.636,-0.061,-0.308,-0.584,-0.723,0.755,-0.47,-0.653,-0.519,-0.702,-0.599,-0.432,-0.488,-0.609,-0.608,0.587,-0.496,-0.651,-0.471,0.725,-0.569,-0.685,0.155,-0.416,-0.263,-0.743,-0.642,0.499,-0.539,0.599,0.774,-0.309,-0.72,-0.798,-0.449,-0.632,0.306,-0.324,-0.438,0.714,-0.755,0.206,-0.404,0.786,-0.631,0.27,0.673,-0.501,0.621,-0.677,0.129,-0.521,0.175,-0.109,-0.409,-0.69,-0.546,0.304,-0.081,-0.399,-0.511,-0.006,0.267,-0.71,-0.651,-0.727,-0.576,-0.134,-0.69,-0.668,0.253,0.473,-0.592,-0.78,0.335,-0.496,0.16,-0.629,-0.446,0.522,-0.5,0.662,0.699,-0.529,0.247,-0.34,-0.062,-0.568,-0.277,-0.515,0.112,-0.68,-0.771,-0.048,0.449,-0.529,0.16,0.665,-0.517,0.007,-0.504,-0.794,0.371,0.513,0.542,0.837,0.846,-0.574,-0.694,-0.502,-0.724,0.379,0.476,0.632,-0.657,0.184,0.851,-0.778,-0.696,-0.675,-0.641,-0.693,-0.45,-0.757,-0.657,-0.66,-0.166,0.641,-0.687,0.08,0.347,0.687,-0.541,0.259,-0.213,-0.76
ARCC,-0.377,-0.461,-0.218,-0.318,0.614,-0.229,0.744,-0.463,-0.629,0.503,0.756,-0.381,0.663,0.486,0.0,0.714,0.299,-0.178,-0.618,-0.556,-0.519,-0.032,0.428,-0.526,-0.444,0.557,-0.806,-0.422,0.699,-0.336,-0.305,0.758,0.127,-0.692,0.145,0.114,-0.365,0.384,-0.601,0.105,-0.434,-0.687,0.093,-0.371,-0.766,-0.171,0.009,-0.627,-0.495,-0.475,-0.325,0.138,0.514,0.503,0.071,0.685,-0.593,-0.712,-0.343,-0.503,0.319,-0.159,0.016,-0.662,-0.327,-0.207,-0.224,-0.166,-0.631,0.417,-0.47,-0.561,-0.522,-0.525,-0.482,-0.721,-0.339,-0.653,-0.608,0.283,-0.137,-0.388,-0.171,0.455,-0.633,-0.18,-0.134,-0.676,-0.441,-0.678,-0.457,0.563,-0.182,0.606,0.662,0.311,-0.473,-0.509,-0.593,-0.575,0.755,-0.574,0.077,0.166,-0.407,0.504,0.073,0.65,-0.654,0.714,0.52,-0.457,0.782,-0.144,-0.229,-0.331,0.086,0.057,-0.409,-0.546,-0.357,0.344,0.739,-0.303,-0.404,0.586,0.491,-0.301,-0.378,-0.453,-0.344,0.29,-0.574,-0.595,0.792,0.601,-0.6,-0.535,0.778,-0.576,0.154,-0.653,-0.72,-0.117,-0.658,0.62,-0.022,-0.629,0.089,-0.588,-0.664,-0.67,-0.524,-0.244,-0.225,-0.325,-0.581,0.5,0.681,-0.612,-0.132,0.724,-0.683,0.139,-0.161,-0.522,0.393,-0.108,0.78,0.687,0.645,-0.627,-0.597,-0.663,-0.419,0.642,0.41,0.728,-0.684,0.067,0.651,-0.536,-0.258,-0.656,-0.693,-0.626,-0.393,-0.635,-0.479,-0.477,0.071,0.773,-0.453,0.361,0.842,0.754,-0.666,0.667,-0.694,-0.498
ARVN,-0.586,-0.559,-0.389,-0.505,0.742,-0.611,0.686,-0.496,-0.738,0.548,0.538,-0.65,0.671,0.431,0.714,0.0,0.169,-0.454,-0.794,-0.769,-0.693,-0.205,0.384,-0.494,-0.665,0.567,-0.849,-0.688,0.66,-0.546,-0.417,0.821,-0.142,-0.814,0.343,-0.368,-0.63,0.366,-0.842,0.279,-0.809,-0.738,0.057,-0.631,-0.856,-0.217,-0.327,-0.887,-0.539,-0.748,-0.616,-0.073,0.54,0.628,-0.245,0.657,-0.836,-0.93,-0.58,-0.786,0.304,-0.195,-0.06,-0.781,-0.432,-0.449,-0.445,-0.511,-0.834,0.442,-0.482,-0.593,-0.688,-0.725,-0.757,-0.888,-0.448,-0.881,-0.821,0.469,-0.256,-0.401,-0.353,0.575,-0.805,-0.239,-0.49,-0.833,-0.702,-0.822,-0.661,0.466,-0.388,0.641,0.748,0.142,-0.509,-0.652,-0.863,-0.879,0.857,-0.758,-0.095,0.264,-0.468,0.572,-0.066,0.681,-0.864,0.693,0.401,-0.612,0.749,-0.367,-0.599,-0.571,0.068,-0.252,-0.623,-0.607,-0.528,-0.008,0.497,-0.564,-0.634,0.605,0.498,-0.548,-0.406,-0.602,-0.446,0.013,-0.577,-0.821,0.582,0.791,-0.805,-0.749,0.619,-0.833,0.1,-0.88,-0.81,-0.336,-0.808,0.73,0.139,-0.731,-0.006,-0.622,-0.809,-0.897,-0.714,-0.449,-0.385,-0.405,-0.782,0.335,0.651,-0.787,-0.23,0.808,-0.944,-0.085,-0.159,-0.58,0.342,-0.146,0.859,0.743,0.694,-0.841,-0.803,-0.881,-0.606,0.686,0.562,0.69,-0.861,-0.117,0.728,-0.781,-0.386,-0.774,-0.894,-0.76,-0.716,-0.684,-0.621,-0.633,-0.057,0.898,-0.655,0.288,0.846,0.844,-0.918,0.645,-0.838,-0.591
ATEC,0.174,0.311,-0.624,0.115,0.435,0.392,0.076,0.335,-0.54,-0.085,0.558,0.066,0.714,0.233,0.299,0.169,0.0,0.159,0.074,-0.227,-0.256,-0.305,0.79,-0.049,0.419,0.725,-0.276,-0.03,0.548,0.244,0.561,0.547,-0.066,-0.117,-0.008,-0.102,0.389,0.646,0.061,0.139,0.09,0.059,0.747,-0.195,0.002,0.27,0.655,-0.006,0.253,0.154,0.186,0.68,-0.129,-0.062,0.55,0.333,-0.048,-0.258,-0.156,0.212,0.824,0.6,0.527,0.082,0.298,0.054,0.34,0.453,-0.156,0.205,0.409,0.17,0.391,0.124,0.123,0.049,0.285,0.039,-0.065,0.474,0.575,0.142,0.258,0.504,0.048,-0.09,0.387,-0.09,0.37,-0.008,0.249,-0.209,0.523,0.608,0.134,-0.14,0.296,0.004,0.24,-0.069,0.393,0.302,0.488,-0.244,0.275,0.767,0.668,0.469,0.019,0.635,0.695,0.362,0.225,0.265,0.168,-0.53,-0.152,0.143,0.402,-0.2,0.337,0.689,0.208,0.449,0.29,0.571,0.51,-0.164,0.356,0.039,0.365,0.501,-0.039,0.08,0.289,0.558,0.153,-0.08,0.444,0.19,0.788,-0.065,-0.437,0.238,0.048,0.521,-0.052,-0.027,0.792,-0.427,-0.319,-0.052,-0.345,0.418,0.627,0.343,-0.046,0.698,0.661,-0.241,-0.584,0.322,0.003,-0.276,-0.315,0.171,0.853,0.274,0.242,0.422,0.356,-0.077,0.122,-0.337,-0.033,0.627,0.481,-0.017,-0.287,0.651,0.287,-0.093,0.241,-0.249,-0.194,-0.109,0.229,-0.149,-0.223,0.261,0.81,0.405,0.252,-0.137,0.488,0.155,-0.073,0.643,-0.104,0.24
ATXS,0.044,0.069,0.075,-0.154,-0.423,0.535,-0.046,-0.123,0.103,0.275,0.158,0.05,0.03,0.429,-0.178,-0.454,0.159,0.0,0.102,0.043,0.646,0.295,-0.209,-0.267,0.209,0.075,0.234,0.011,-0.383,-0.083,0.02,-0.067,0.2,0.057,0.333,0.168,0.159,0.369,0.547,0.381,0.429,0.302,0.204,-0.038,0.328,-0.211,0.311,0.323,0.078,0.53,0.189,-0.214,-0.282,0.054,0.435,-0.308,0.209,0.384,-0.014,0.287,-0.267,0.25,-0.037,0.088,-0.131,0.522,0.286,0.022,0.195,0.212,0.048,-0.038,0.145,0.109,0.209,0.425,-0.105,0.259,0.253,-0.033,-0.16,-0.141,0.208,0.167,0.238,-0.315,0.461,0.43,0.543,0.097,0.007,0.13,-0.002,-0.073,-0.043,-0.257,-0.167,0.017,0.405,0.302,-0.501,0.353,-0.262,0.262,-0.203,-0.316,-0.221,0.055,0.272,-0.376,0.233,0.171,0.006,-0.17,0.715,0.045,0.295,0.186,0.209,-0.089,0.168,0.186,-0.391,0.271,0.27,-0.38,-0.149,0.038,-0.198,-0.105,-0.205,0.062,-0.044,0.199,-0.116,-0.117,0.238,0.01,-0.16,0.366,0.099,0.279,0.285,0.729,0.395,-0.091,0.466,0.186,0.361,0.156,0.708,0.371,0.481,0.157,0.499,-0.227,0.04,-0.194,-0.129,0.293,0.241,-0.004,0.4,0.195,-0.067,-0.152,0.162,0.381,-0.277,0.072,0.114,0.276,0.181,0.277,0.082,-0.188,-0.036,0.068,0.194,0.338,0.115,0.087,-0.092,0.121,0.216,0.033,0.295,-0.041,-0.01,0.062,0.038,-0.183,-0.033,-0.11,-0.358,-0.075,0.391,-0.148,0.459,-0.079
AVAV,0.791,0.735,0.187,0.781,-0.378,0.638,-0.641,0.844,0.601,-0.863,-0.439,0.836,-0.567,-0.698,-0.618,-0.794,0.074,0.102,0.0,0.839,0.314,0.012,0.011,0.72,0.85,-0.323,0.754,0.835,-0.254,0.87,0.742,-0.7,0.193,0.934,-0.648,0.415,0.877,-0.349,0.737,-0.517,0.76,0.753,0.214,0.732,0.862,0.606,0.534,0.873,0.688,0.716,0.698,0.499,-0.448,-0.861,0.318,-0.489,0.896,0.794,0.709,0.898,0.097,0.451,0.394,0.923,0.776,0.354,0.617,0.79,0.874,-0.639,0.746,0.851,0.904,0.928,0.882,0.86,0.741,0.967,0.868,-0.42,0.613,0.668,0.518,-0.563,0.898,0.435,0.441,0.756,0.707,0.951,0.872,-0.663,0.728,-0.456,-0.832,-0.025,0.875,0.849,0.892,0.858,-0.537,0.832,0.547,-0.629,0.855,-0.148,0.489,-0.656,0.938,-0.347,-0.341,0.846,-0.717,0.726,0.378,0.525,-0.241,0.342,0.775,0.668,0.772,0.139,-0.244,0.752,0.796,-0.162,-0.244,0.669,0.805,0.862,0.781,0.275,0.794,0.948,-0.394,-0.579,0.947,0.9,-0.432,0.899,0.165,0.907,0.598,0.025,0.836,-0.598,-0.49,0.809,0.186,0.384,0.428,0.893,0.492,0.729,0.448,0.78,0.925,0.077,-0.391,0.725,-0.156,-0.816,0.896,-0.112,0.188,0.898,-0.128,-0.007,-0.721,-0.78,-0.783,0.836,0.927,0.726,0.775,-0.393,-0.454,-0.8,0.846,0.251,-0.824,0.911,0.739,0.816,0.881,0.83,0.814,0.819,0.681,0.885,0.416,-0.765,0.899,-0.243,-0.588,-0.852,0.841,-0.358,0.649,0.913
AXON,0.706,0.574,0.507,0.734,-0.482,0.533,-0.488,0.634,0.762,-0.734,-0.545,0.758,-0.725,-0.67,-0.556,-0.769,-0.227,0.043,0.839,0.0,0.37,0.048,-0.254,0.682,0.659,-0.529,0.753,0.783,-0.363,0.767,0.505,-0.758,0.36,0.901,-0.657,0.509,0.709,-0.477,0.663,-0.555,0.713,0.639,0.0,0.822,0.719,0.569,0.326,0.833,0.591,0.681,0.594,0.221,-0.295,-0.777,0.247,-0.512,0.838,0.81,0.789,0.763,-0.193,0.26,0.166,0.816,0.6,0.428,0.473,0.622,0.858,-0.657,0.557,0.722,0.672,0.813,0.8,0.755,0.671,0.824,0.805,-0.495,0.365,0.596,0.383,-0.712,0.803,0.492,0.318,0.785,0.56,0.856,0.708,-0.426,0.52,-0.581,-0.789,0.027,0.685,0.81,0.725,0.828,-0.597,0.677,0.383,-0.543,0.687,-0.381,0.244,-0.753,0.85,-0.487,-0.49,0.708,-0.69,0.637,0.371,0.771,-0.273,0.446,0.628,0.719,0.638,-0.098,-0.229,0.547,0.627,-0.283,-0.346,0.724,0.611,0.824,0.597,0.237,0.797,0.872,-0.411,-0.662,0.806,0.892,-0.524,0.748,-0.082,0.856,0.7,-0.066,0.741,-0.704,-0.449,0.756,-0.12,0.487,0.476,0.822,0.589,0.552,0.204,0.647,0.883,-0.077,-0.55,0.776,0.152,-0.833,0.802,0.054,0.26,0.789,-0.363,-0.154,-0.672,-0.817,-0.763,0.825,0.816,0.787,0.778,-0.473,-0.556,-0.643,0.917,0.108,-0.807,0.889,0.644,0.893,0.884,0.732,0.682,0.837,0.73,0.746,0.129,-0.79,0.775,-0.072,-0.636,-0.799,0.788,-0.502,0.537,0.693
BANF,0.128,0.267,0.418,-0.002,-0.727,0.414,-0.383,0.032,0.588,-0.034,-0.33,0.223,-0.427,0.067,-0.519,-0.693,-0.256,0.646,0.314,0.37,0.0,0.377,-0.531,0.065,0.284,-0.455,0.672,0.236,-0.733,0.043,0.044,-0.559,0.109,0.393,0.165,0.047,0.185,-0.074,0.616,0.244,0.579,0.583,-0.109,0.3,0.584,-0.145,0.131,0.549,0.289,0.527,0.39,-0.386,-0.351,-0.05,0.196,-0.585,0.526,0.732,0.354,0.418,-0.577,0.051,-0.145,0.379,0.014,0.581,0.17,0.015,0.468,0.036,0.192,0.191,0.276,0.295,0.424,0.639,-0.004,0.466,0.427,-0.188,-0.206,0.072,0.031,-0.18,0.463,-0.008,0.432,0.675,0.507,0.381,0.271,0.025,-0.059,-0.438,-0.283,-0.284,0.004,0.203,0.496,0.531,-0.797,0.52,-0.349,0.296,-0.033,-0.653,-0.357,-0.323,0.475,-0.759,-0.189,0.233,-0.434,-0.09,0.666,0.411,0.259,0.218,0.235,0.312,0.168,-0.136,-0.559,0.291,0.331,-0.734,-0.384,0.263,-0.067,0.244,-0.011,-0.227,0.251,0.405,-0.435,-0.566,0.415,0.325,-0.625,0.418,-0.209,0.545,0.749,0.603,0.57,-0.46,0.319,0.51,-0.027,0.606,0.887,0.549,0.814,0.058,0.295,-0.093,0.365,-0.516,-0.598,0.639,0.621,-0.437,0.607,0.345,0.037,0.118,-0.271,0.364,-0.482,-0.374,-0.3,0.577,0.396,0.716,0.276,-0.547,-0.211,-0.25,0.569,0.022,-0.206,0.334,-0.045,0.52,0.618,0.348,0.399,0.38,0.449,0.218,-0.257,-0.577,0.169,0.079,-0.73,-0.4,0.621,-0.66,0.742,0.068
BATRK,0.09,-0.189,0.304,0.11,-0.035,0.192,0.204,-0.096,0.384,0.145,0.132,0.242,-0.331,-0.069,-0.032,-0.205,-0.305,0.295,0.012,0.048,0.377,0.0,-0.292,-0.103,-0.049,-0.09,0.231,0.256,-0.153,0.016,-0.226,-0.264,0.426,0.081,0.021,0.451,0.047,-0.06,0.355,-0.095,0.351,0.151,-0.378,0.284,-0.111,-0.014,0.009,0.058,-0.318,0.098,0.338,-0.184,0.449,-0.018,0.131,-0.21,0.266,0.327,0.246,0.002,-0.384,-0.191,0.038,0.001,0.02,0.382,0.266,0.011,0.316,0.018,-0.121,-0.06,-0.174,0.12,0.2,0.137,-0.358,0.071,0.209,-0.493,-0.201,0.129,0.343,-0.106,0.139,0.077,-0.157,0.12,0.196,0.09,-0.007,0.219,-0.104,-0.474,-0.178,0.522,-0.186,0.199,0.036,0.337,-0.318,-0.09,-0.237,0.063,-0.123,-0.502,-0.222,-0.229,0.146,-0.44,-0.217,-0.14,0.078,-0.074,0.171,0.401,0.714,0.098,-0.278,0.163,0.113,-0.312,0.2,0.045,0.154,-0.211,-0.214,0.432,-0.217,0.042,-0.261,0.123,0.014,0.081,0.315,-0.244,-0.011,0.21,0.013,0.03,-0.303,0.261,0.312,-0.08,0.222,-0.432,-0.122,0.103,-0.09,0.193,0.348,0.212,0.517,0.194,-0.278,-0.25,0.177,-0.153,-0.3,0.291,0.375,0.048,0.181,0.655,0.523,-0.085,-0.225,-0.372,-0.176,-0.282,-0.24,0.287,0.097,0.22,0.32,-0.337,-0.149,0.251,0.274,-0.165,-0.114,0.224,0.127,0.207,0.208,0.095,0.217,0.052,0.287,0.044,-0.34,-0.235,-0.126,0.2,-0.175,0.017,0.263,-0.03,0.202,0.018
BIDU,0.192,0.19,-0.501,0.205,0.676,0.228,0.266,0.333,-0.515,-0.152,0.539,0.088,0.644,0.053,0.428,0.384,0.79,-0.209,0.011,-0.254,-0.531,-0.292,0.0,0.061,0.309,0.738,-0.391,0.029,0.793,0.295,0.48,0.556,0.033,-0.144,-0.225,-0.066,0.312,0.479,-0.138,-0.085,-0.108,-0.057,0.57,-0.117,-0.184,0.369,0.465,-0.134,0.147,-0.045,0.049,0.757,0.065,-0.1,0.284,0.432,-0.099,-0.405,-0.076,0.07,0.917,0.478,0.621,0.051,0.387,-0.117,0.306,0.421,-0.202,0.038,0.288,0.175,0.225,0.138,0.053,-0.117,0.208,-0.087,-0.113,0.279,0.696,0.235,0.216,0.355,-0.045,0.156,0.121,-0.274,0.178,-0.04,0.18,-0.126,0.49,0.642,0.213,0.053,0.335,0.026,0.024,-0.17,0.647,0.044,0.587,-0.347,0.348,0.853,0.812,0.373,-0.096,0.771,0.547,0.243,0.313,0.354,-0.072,-0.407,-0.116,0.088,0.219,-0.177,0.272,0.619,0.47,0.374,0.24,0.723,0.55,-0.055,0.432,0.085,0.368,0.512,-0.013,0.003,0.414,0.576,0.041,-0.053,0.607,-0.006,0.681,-0.168,-0.546,-0.095,-0.124,0.509,-0.247,-0.157,0.566,-0.501,-0.57,-0.173,-0.462,0.382,0.312,0.448,-0.052,0.855,0.686,-0.303,-0.667,0.327,-0.161,-0.296,-0.149,0.165,0.669,-0.042,0.394,0.331,0.252,-0.191,0.053,-0.429,-0.005,0.667,0.509,0.021,-0.343,0.346,0.21,-0.075,0.282,-0.27,-0.277,-0.061,0.096,-0.075,-0.198,0.247,0.721,0.506,0.23,0.055,0.641,0.279,-0.236,0.727,-0.267,0.269
BLNE,0.752,0.535,0.305,0.773,-0.224,0.321,-0.512,0.834,0.607,-0.814,-0.524,0.683,-0.526,-0.801,-0.526,-0.494,-0.049,-0.267,0.72,0.682,0.065,-0.103,0.061,0.0,0.673,-0.356,0.591,0.672,-0.114,0.768,0.566,-0.614,0.154,0.821,-0.674,0.259,0.625,-0.55,0.528,-0.58,0.497,0.686,0.068,0.766,0.544,0.583,0.237,0.654,0.453,0.363,0.576,0.404,-0.207,-0.812,0.031,-0.197,0.721,0.601,0.641,0.562,0.113,0.273,0.425,0.815,0.674,0.163,0.355,0.636,0.703,-0.712,0.629,0.721,0.626,0.739,0.696,0.547,0.619,0.678,0.634,-0.413,0.648,0.793,0.364,-0.653,0.589,0.75,-0.01,0.522,0.437,0.815,0.777,-0.579,0.609,-0.369,-0.696,0.004,0.765,0.779,0.58,0.677,-0.304,0.48,0.562,-0.649,0.797,-0.124,0.537,-0.77,0.695,-0.198,-0.515,0.625,-0.758,0.705,0.016,0.412,-0.157,0.117,0.604,0.742,0.518,-0.034,-0.023,0.548,0.633,0.01,-0.15,0.651,0.734,0.763,0.698,0.094,0.781,0.729,-0.409,-0.487,0.689,0.798,-0.327,0.552,0.037,0.673,0.544,-0.367,0.542,-0.615,-0.476,0.581,-0.085,0.484,0.151,0.638,0.322,0.524,0.083,0.79,0.786,0.088,-0.436,0.626,-0.137,-0.663,0.593,-0.18,0.371,0.814,-0.339,-0.287,-0.551,-0.755,-0.712,0.63,0.782,0.613,0.685,-0.378,-0.253,-0.779,0.655,-0.149,-0.813,0.745,0.57,0.699,0.708,0.807,0.479,0.838,0.719,0.708,0.35,-0.578,0.799,-0.072,-0.343,-0.675,0.671,-0.241,0.44,0.766
BLNK,0.795,0.748,0.044,0.738,-0.225,0.75,-0.541,0.864,0.436,-0.759,-0.232,0.748,-0.238,-0.509,-0.444,-0.665,0.419,0.209,0.85,0.659,0.284,-0.049,0.309,0.673,0.0,-0.057,0.633,0.743,-0.09,0.838,0.841,-0.457,0.157,0.786,-0.578,0.283,0.909,-0.088,0.733,-0.374,0.766,0.791,0.418,0.631,0.75,0.628,0.717,0.795,0.713,0.663,0.766,0.641,-0.446,-0.738,0.477,-0.353,0.809,0.664,0.657,0.868,0.367,0.586,0.571,0.898,0.811,0.359,0.646,0.847,0.736,-0.467,0.829,0.8,0.93,0.869,0.857,0.826,0.724,0.842,0.734,-0.194,0.801,0.689,0.494,-0.35,0.783,0.496,0.53,0.662,0.832,0.855,0.897,-0.603,0.795,-0.205,-0.639,-0.061,0.851,0.738,0.894,0.784,-0.398,0.835,0.579,-0.579,0.848,0.066,0.706,-0.468,0.843,-0.132,-0.074,0.856,-0.612,0.695,0.475,0.284,-0.176,0.44,0.832,0.597,0.779,0.384,-0.13,0.856,0.825,0.009,-0.048,0.559,0.812,0.788,0.832,0.352,0.702,0.88,-0.284,-0.361,0.883,0.8,-0.263,0.845,0.384,0.784,0.484,0.142,0.777,-0.383,-0.405,0.688,0.381,0.338,0.334,0.793,0.381,0.761,0.589,0.85,0.819,0.309,-0.191,0.606,-0.236,-0.624,0.826,-0.121,0.095,0.847,0.156,0.07,-0.561,-0.568,-0.569,0.748,0.906,0.609,0.676,-0.158,-0.092,-0.742,0.653,0.353,-0.603,0.776,0.687,0.669,0.753,0.695,0.818,0.757,0.557,0.896,0.625,-0.538,0.911,-0.194,-0.353,-0.69,0.773,-0.113,0.605,0.854
BTAI,-0.11,-0.102,-0.619,-0.167,0.779,0.146,0.573,-0.055,-0.751,0.288,0.816,-0.172,0.781,0.418,0.557,0.567,0.725,0.075,-0.323,-0.529,-0.455,-0.09,0.738,-0.356,-0.057,0.0,-0.602,-0.265,0.764,-0.06,0.201,0.799,0.121,-0.468,0.23,-0.098,0.044,0.751,-0.226,0.281,-0.239,-0.279,0.631,-0.432,-0.437,0.066,0.387,-0.392,-0.148,-0.078,-0.217,0.426,0.25,0.218,0.363,0.492,-0.366,-0.579,-0.425,-0.192,0.624,0.487,0.457,-0.355,0.019,0.043,0.246,0.078,-0.445,0.357,0.009,-0.184,-0.119,-0.17,-0.208,-0.323,-0.13,-0.391,-0.294,0.35,0.202,-0.076,0.201,0.715,-0.237,-0.268,0.008,-0.376,0.055,-0.398,-0.235,0.191,0.237,0.742,0.42,0.059,-0.079,-0.24,-0.204,-0.418,0.652,-0.178,0.343,-0.096,-0.053,0.764,0.38,0.663,-0.331,0.732,0.77,0.038,0.691,0.05,-0.089,-0.503,0.101,-0.011,-0.007,-0.554,0.097,0.465,0.394,0.076,-0.018,0.732,0.573,-0.259,0.055,-0.271,-0.063,0.567,-0.22,-0.309,0.666,0.833,-0.25,-0.412,0.687,-0.257,0.621,-0.378,-0.75,0.095,-0.227,0.738,0.058,-0.296,0.709,-0.766,-0.499,-0.387,-0.45,0.235,0.315,-0.035,-0.405,0.728,0.804,-0.452,-0.566,0.691,-0.401,-0.151,-0.116,-0.214,0.845,0.058,0.563,0.659,0.585,-0.39,-0.286,-0.701,-0.181,0.776,0.542,0.444,-0.536,0.445,0.57,-0.381,0.083,-0.481,-0.558,-0.409,-0.085,-0.455,-0.443,-0.076,0.532,0.726,-0.186,0.043,0.728,0.605,-0.429,0.85,-0.43,-0.126
BYND,0.579,0.633,0.398,0.469,-0.633,0.425,-0.732,0.561,0.871,-0.646,-0.706,0.593,-0.72,-0.551,-0.806,-0.849,-0.276,0.234,0.754,0.753,0.672,0.231,-0.391,0.591,0.633,-0.602,0.0,0.66,-0.683,0.54,0.463,-0.877,0.046,0.828,-0.277,0.177,0.571,-0.38,0.738,-0.199,0.673,0.851,-0.157,0.637,0.811,0.358,0.228,0.79,0.612,0.602,0.61,0.033,-0.353,-0.594,0.118,-0.678,0.811,0.904,0.703,0.698,-0.333,0.216,0.051,0.81,0.501,0.379,0.397,0.404,0.855,-0.349,0.627,0.679,0.649,0.706,0.732,0.858,0.486,0.785,0.758,-0.357,0.229,0.577,0.253,-0.519,0.789,0.361,0.396,0.811,0.598,0.834,0.669,-0.547,0.304,-0.678,-0.706,-0.045,0.574,0.672,0.768,0.816,-0.858,0.715,0.021,-0.219,0.55,-0.578,0.045,-0.698,0.823,-0.779,-0.497,0.565,-0.846,0.285,0.502,0.62,0.022,0.318,0.532,0.646,0.528,-0.219,-0.545,0.434,0.512,-0.549,-0.496,0.529,0.5,0.707,0.459,-0.116,0.718,0.769,-0.593,-0.737,0.78,0.77,-0.771,0.715,-0.122,0.852,0.868,0.146,0.784,-0.725,-0.263,0.823,-0.079,0.713,0.725,0.847,0.668,0.37,0.248,0.458,0.805,-0.391,-0.745,0.815,0.345,-0.828,0.865,0.179,0.212,0.654,-0.396,0.034,-0.837,-0.842,-0.785,0.866,0.776,0.858,0.636,-0.733,-0.335,-0.73,0.877,-0.043,-0.712,0.741,0.45,0.865,0.9,0.736,0.693,0.834,0.651,0.669,-0.073,-0.877,0.624,-0.212,-0.812,-0.783,0.84,-0.683,0.787,0.582
CAN,0.795,0.531,0.307,0.817,-0.177,0.613,-0.376,0.714,0.635,-0.748,-0.31,0.88,-0.58,-0.749,-0.422,-0.688,-0.03,0.011,0.835,0.783,0.236,0.256,0.029,0.672,0.743,-0.265,0.66,0.0,-0.137,0.834,0.596,-0.68,0.393,0.843,-0.696,0.595,0.829,-0.394,0.697,-0.664,0.754,0.628,0.052,0.756,0.607,0.606,0.458,0.777,0.482,0.62,0.716,0.49,-0.158,-0.836,0.233,-0.411,0.886,0.735,0.76,0.743,0.062,0.282,0.362,0.796,0.754,0.353,0.658,0.802,0.858,-0.613,0.595,0.713,0.694,0.887,0.834,0.719,0.541,0.809,0.829,-0.636,0.564,0.698,0.542,-0.624,0.79,0.519,0.226,0.624,0.628,0.867,0.764,-0.492,0.688,-0.526,-0.817,0.294,0.753,0.844,0.757,0.855,-0.455,0.593,0.509,-0.679,0.788,-0.239,0.476,-0.711,0.845,-0.31,-0.375,0.705,-0.53,0.732,0.266,0.662,-0.052,0.346,0.628,0.643,0.767,0.074,0.033,0.631,0.703,-0.101,-0.188,0.802,0.679,0.81,0.672,0.399,0.727,0.848,-0.142,-0.565,0.802,0.897,-0.277,0.744,0.044,0.838,0.519,-0.142,0.743,-0.652,-0.665,0.719,0.043,0.314,0.325,0.818,0.519,0.718,0.201,0.707,0.884,0.167,-0.371,0.683,-0.077,-0.698,0.791,0.191,0.439,0.809,-0.182,-0.267,-0.615,-0.797,-0.785,0.782,0.845,0.656,0.822,-0.379,-0.475,-0.589,0.81,0.124,-0.795,0.906,0.767,0.783,0.801,0.78,0.773,0.76,0.673,0.86,0.27,-0.729,0.837,-0.106,-0.454,-0.721,0.777,-0.246,0.503,0.847
CCEC,0.014,-0.141,-0.395,0.115,0.848,0.009,0.644,0.077,-0.622,0.065,0.739,-0.019,0.604,0.101,0.699,0.66,0.548,-0.383,-0.254,-0.363,-0.733,-0.153,0.793,-0.114,-0.09,0.764,-0.683,-0.137,0.0,0.136,0.158,0.711,0.257,-0.347,-0.212,0.126,0.047,0.395,-0.379,-0.151,-0.293,-0.412,0.421,-0.143,-0.556,0.284,0.255,-0.412,-0.198,-0.244,-0.149,0.564,0.446,0.047,0.224,0.617,-0.31,-0.617,-0.196,-0.218,0.683,0.3,0.506,-0.269,0.151,-0.082,0.163,0.215,-0.372,0.029,-0.046,-0.101,-0.161,-0.092,-0.156,-0.473,-0.036,-0.372,-0.303,0.169,0.362,0.058,0.218,0.381,-0.288,0.06,-0.225,-0.484,-0.147,-0.315,-0.114,0.201,0.296,0.648,0.307,0.264,0.048,-0.085,-0.34,-0.384,0.864,-0.317,0.566,-0.345,0.118,0.826,0.56,0.437,-0.341,0.876,0.466,-0.007,0.603,0.317,-0.356,-0.318,-0.089,0.028,-0.095,-0.329,0.081,0.367,0.743,0.094,0.018,0.903,0.633,-0.028,0.173,-0.079,0.047,0.6,-0.136,-0.253,0.734,0.703,-0.259,-0.214,0.789,-0.336,0.491,-0.374,-0.74,-0.356,-0.353,0.556,-0.241,-0.363,0.394,-0.709,-0.782,-0.43,-0.525,0.247,-0.004,0.167,-0.261,0.856,0.779,-0.455,-0.617,0.562,-0.493,-0.154,0.026,-0.057,0.568,-0.303,0.658,0.454,0.388,-0.406,-0.233,-0.657,-0.052,0.751,0.376,0.398,-0.477,0.207,0.323,-0.222,0.205,-0.421,-0.501,-0.297,-0.151,-0.321,-0.224,-0.034,0.538,0.71,-0.072,0.268,0.854,0.554,-0.479,0.869,-0.643,0.006
CDW,0.893,0.696,0.125,0.91,-0.033,0.667,-0.34,0.91,0.473,-0.87,-0.168,0.898,-0.374,-0.733,-0.336,-0.546,0.244,-0.083,0.87,0.767,0.043,0.016,0.295,0.768,0.838,-0.06,0.54,0.834,0.136,0.0,0.813,-0.459,0.403,0.847,-0.784,0.545,0.924,-0.221,0.641,-0.638,0.677,0.651,0.325,0.789,0.571,0.821,0.618,0.736,0.642,0.647,0.675,0.714,-0.145,-0.901,0.45,-0.232,0.826,0.602,0.744,0.798,0.33,0.581,0.601,0.869,0.88,0.403,0.731,0.911,0.813,-0.656,0.762,0.856,0.807,0.93,0.888,0.672,0.741,0.786,0.775,-0.413,0.774,0.792,0.651,-0.468,0.819,0.588,0.312,0.621,0.678,0.868,0.859,-0.552,0.855,-0.267,-0.748,0.182,0.909,0.897,0.757,0.777,-0.239,0.679,0.78,-0.829,0.94,0.099,0.731,-0.572,0.833,-0.054,-0.24,0.86,-0.529,0.906,0.263,0.506,-0.214,0.449,0.75,0.614,0.856,0.18,0.104,0.789,0.821,0.223,-0.016,0.771,0.902,0.909,0.783,0.57,0.83,0.882,-0.07,-0.309,0.857,0.895,-0.138,0.735,0.34,0.808,0.377,-0.209,0.731,-0.457,-0.661,0.694,0.284,0.186,0.132,0.761,0.333,0.859,0.373,0.899,0.878,0.426,-0.162,0.648,-0.322,-0.611,0.717,-0.069,0.298,0.921,0.044,-0.291,-0.501,-0.681,-0.683,0.735,0.887,0.522,0.863,-0.141,-0.277,-0.63,0.729,0.272,-0.74,0.88,0.894,0.74,0.737,0.747,0.794,0.8,0.682,0.922,0.611,-0.51,0.902,-0.041,-0.222,-0.629,0.707,-0.014,0.359,0.901
