,ABEO,ACHC,AGNCN,AKAM,AKRO,ALRM,AMAT,AMED,AMRN,ANGI,APA,APOG,APPS,ARCB,ARCC,ARVN,ATEC,ATXS,AVAV,AXON,BANF,BATRK,BIDU,BLNE,BLNK,BTAI,BYND,CAN,CCEC,CDW,CDXS,CELH,CGNX,CHKP,CHRS,CHRW,CIGI,CKPT,CMPR,COGT,CRNC,CRSP,CSTL,CTSH,CVGW,DGLY,DNLI,DOCU,DVAX,EBAY,EHTH,ERII,ESLT,EXPE,EXPO,FBIOP,FFBC,FFIN,FOXF,FWRD,GDS,GERN,GPRE,GRWG,GRYP,HEES,HELE,HIVE,HON,HRTX,HSTM,HURA,IART,IBKR,IBOC,IBRX,IDXX,INGN,INM,INVA,IQ,IRBT,KDP,KPTI,KTOS,KXIN,LAMR,LFUS,LGIH,LGMK,LKFN,LNW,LOPE,LPSN,LYFT,MGNX,MLCO,MNST,MODV,MSTR,MTCH,MYGN,MYRG,NCMI,NEXT,NFLX,NIU,NKTR,NRC,NTNX,NTRA,NVEE,NVMI,NWL,NWS,NXPI,OCGN,OCSL,OKTA,OLLI,OTLK,OXLC,PAA,PARA,PARAA,PDCO,PDFS,PFG,PGEN,PNFP,PODD,POWI,PSMT,PTC,PTEN,PVLA,RDNT,RDUS,RDWR,REGN,RNAC,ROCK,ROST,RRR,RSLS,RVMD,RYAAY,SAFT,SAGE,SAVA,SBGI,SFM,SFNC,SHYF,SIBN,SIFY,SIGI,SIMO,SITM,SLM,SNBR,SNDX,SNY,SPNS,SRRK,STRA,SUPN,SYRE,TCBK,TEAM,TECH,THRM,TLRY,TRMK,TROW,TSLA,TWST,TXN,UFPI,UNIT,UPWK,USLM,UTHR,VERB,VLY,VRNA,VRRM,VXRT,WAFD,WATT,WBA,WING,WIX,WTFC,WTW,XPEL,XRX,YMAB,ZG,ZLAB
ABEO,0.0,0.035,0.333,-0.107,0.124,-0.186,-0.275,-0.43,0.303,-0.228,-0.407,-0.065,-0.409,0.058,-0.746,-0.021,0.432,0.156,-0.017,-0.273,-0.141,-0.435,-0.187,-0.552,-0.149,0.221,0.435,-0.464,-0.584,-0.413,-0.328,-0.051,-0.301,-0.347,0.646,-0.574,-0.695,0.046,-0.239,-0.021,-0.358,0.622,0.051,-0.303,-0.458,-0.412,0.185,-0.347,-0.358,-0.175,0.074,-0.07,-0.528,0.449,-0.118,-0.391,-0.079,-0.296,-0.061,-0.28,-0.213,-0.337,-0.231,0.695,0.31,-0.459,0.396,-0.247,0.19,-0.15,0.532,-0.164,0.127,0.177,0.13,0.659,-0.653,0.421,-0.011,0.168,-0.006,0.261,0.082,0.325,0.494,0.556,0.691,-0.154,-0.539,0.437,0.063,-0.229,0.001,0.382,0.672,0.475,-0.066,0.703,0.671,0.169,-0.068,-0.13,-0.106,0.713,-0.39,-0.49,-0.03,0.646,0.169,0.504,-0.28,-0.259,-0.146,0.198,0.38,-0.126,-0.223,-0.497,-0.305,-0.297,0.558,-0.239,0.21,0.651,0.661,0.678,0.201,0.346,0.128,0.121,-0.465,-0.482,0.666,-0.413,0.159,0.281,-0.386,-0.674,-0.408,-0.341,0.655,0.575,-0.299,-0.175,0.413,0.043,0.461,0.303,0.589,0.422,0.531,0.385,0.457,-0.064,0.21,-0.203,0.055,-0.447,-0.316,-0.308,-0.0,-0.33,-0.182,-0.505,0.517,0.221,-0.258,0.413,0.319,-0.435,-0.63,0.416,0.065,0.5,-0.388,-0.384,-0.297,0.213,-0.499,-0.513,0.11,-0.196,0.241,-0.082,0.457,-0.48,0.203,0.552,-0.024,0.387,0.117,-0.473,-0.259,-0.395,-0.222,-0.009,0.631,0.604,-0.441,-0.303
ACHC,0.035,0.0,0.153,0.216,0.558,0.789,0.669,0.583,-0.585,-0.414,0.216,0.836,-0.1,0.777,0.256,0.644,0.419,0.303,0.314,0.206,0.705,0.719,-0.267,0.116,0.817,0.494,-0.101,0.548,0.068,0.273,0.697,0.584,0.658,-0.645,0.141,-0.027,0.215,0.781,0.623,0.134,0.741,-0.382,-0.12,0.171,0.507,0.55,0.759,0.515,0.743,-0.148,0.085,0.759,0.507,-0.355,0.613,0.62,0.353,0.711,0.71,0.836,-0.138,0.682,0.788,-0.076,-0.589,0.587,0.235,0.586,0.404,0.783,-0.288,-0.288,0.353,0.32,0.706,-0.308,0.136,-0.651,-0.159,0.776,-0.493,0.749,0.688,0.516,-0.189,-0.168,-0.018,0.703,0.058,0.656,-0.517,-0.356,-0.714,-0.733,-0.399,0.203,-0.342,0.182,-0.15,0.478,-0.606,-0.608,-0.055,-0.049,0.584,0.671,0.798,-0.273,0.642,-0.056,0.259,0.689,0.731,0.736,-0.666,0.761,0.716,0.248,-0.049,0.63,-0.403,0.795,-0.241,-0.445,-0.445,0.478,0.793,-0.183,0.845,-0.127,0.54,0.61,-0.38,0.231,-0.361,0.289,0.644,0.043,0.29,0.838,-0.308,-0.361,0.688,-0.759,-0.412,0.822,0.499,-0.355,-0.001,0.264,-0.3,0.255,0.352,0.65,0.524,-0.06,0.217,0.668,0.797,0.481,0.147,0.507,0.811,0.47,0.18,-0.39,0.01,-0.376,0.686,0.763,0.367,-0.765,-0.007,-0.189,0.748,0.74,0.594,-0.341,0.51,0.518,-0.865,0.788,0.596,-0.476,0.403,0.284,0.782,0.335,0.268,-0.165,-0.201,-0.342,-0.285,0.497,-0.679,0.685,-0.427,-0.256,-0.321,0.306
AGNCN,0.333,0.153,0.0,-0.48,0.184,-0.256,-0.237,-0.43,-0.104,-0.499,-0.517,0.088,-0.598,0.207,-0.334,-0.028,0.082,0.55,-0.42,-0.662,-0.065,-0.118,-0.536,-0.343,-0.119,0.547,-0.092,-0.161,-0.482,-0.488,0.304,0.294,-0.353,-0.548,0.478,-0.64,-0.524,0.089,-0.354,-0.538,-0.174,0.235,-0.45,-0.612,-0.332,0.039,0.479,-0.214,0.101,-0.185,-0.373,-0.067,-0.075,0.131,0.444,-0.165,0.015,-0.131,-0.159,-0.052,-0.378,-0.195,-0.095,0.468,-0.186,-0.293,-0.095,-0.212,-0.368,0.13,0.057,-0.343,-0.11,-0.104,0.055,0.219,-0.513,0.056,-0.31,0.417,-0.25,0.029,0.139,0.332,-0.208,0.36,-0.089,-0.178,-0.328,0.158,-0.356,-0.584,-0.349,0.026,0.389,0.433,-0.51,0.782,0.273,-0.122,-0.231,-0.393,-0.191,0.022,0.018,-0.065,0.115,0.321,0.137,-0.117,-0.025,-0.054,-0.103,-0.138,-0.142,-0.091,-0.119,-0.641,-0.786,-0.376,0.484,-0.16,-0.633,0.182,0.205,0.335,0.425,-0.214,0.066,-0.569,-0.284,-0.012,0.117,-0.544,-0.193,0.574,-0.273,-0.472,-0.473,0.013,0.242,-0.014,-0.137,-0.487,-0.309,0.183,0.211,0.386,0.348,0.276,0.477,0.183,-0.019,0.468,0.115,-0.47,-0.228,-0.21,-0.076,-0.2,0.492,-0.293,0.088,-0.42,0.532,-0.181,-0.586,0.156,0.31,-0.259,-0.482,0.022,-0.196,-0.055,-0.199,-0.084,-0.377,-0.217,-0.21,-0.132,-0.336,0.004,0.562,-0.603,0.11,-0.644,0.126,0.056,-0.519,-0.288,-0.266,-0.602,-0.553,-0.222,-0.416,0.137,0.082,0.192,-0.133,0.166
AKAM,-0.107,0.216,-0.48,0.0,0.232,0.604,0.704,0.723,-0.497,-0.034,0.832,0.366,0.024,0.434,0.154,0.47,0.422,-0.562,0.888,0.839,0.499,0.413,0.614,0.429,0.357,0.07,-0.005,0.605,0.623,0.77,0.001,0.275,0.721,0.187,-0.368,0.671,0.577,0.317,0.599,0.297,0.546,-0.226,0.058,0.865,0.67,0.159,0.122,0.704,0.329,0.376,0.332,0.414,0.255,-0.603,-0.041,0.34,0.531,0.617,0.535,0.448,0.474,0.556,0.42,-0.05,-0.052,0.646,0.669,0.763,0.757,0.109,-0.056,0.288,0.727,0.713,0.574,-0.335,0.375,-0.332,0.496,-0.185,0.175,0.505,-0.123,0.224,0.277,-0.56,0.322,0.731,0.105,-0.064,0.384,0.38,0.149,-0.486,-0.396,-0.308,0.333,-0.385,-0.002,0.607,0.257,-0.041,0.507,0.016,0.311,0.372,0.338,-0.241,0.463,0.47,-0.013,0.501,0.543,0.594,0.028,0.727,0.208,0.793,0.797,0.726,-0.464,0.521,0.589,-0.413,-0.385,0.088,0.22,0.569,0.376,0.415,0.387,0.321,-0.08,0.758,0.426,-0.615,0.663,0.569,0.759,0.354,-0.391,0.168,0.626,-0.113,0.069,0.251,-0.05,-0.221,-0.216,0.181,-0.226,0.246,0.532,0.046,0.188,0.109,0.607,0.414,0.458,0.637,0.066,0.374,0.41,0.461,-0.387,-0.103,0.447,-0.468,0.321,0.461,0.45,0.011,0.632,0.376,0.589,0.448,0.755,0.429,0.607,0.502,0.086,0.474,0.259,0.23,0.405,0.636,0.362,0.141,0.814,-0.013,0.566,0.05,0.63,0.689,-0.123,0.454,-0.084,-0.233,-0.461,-0.159
AKRO,0.124,0.558,0.184,0.232,0.0,0.667,0.626,0.354,-0.571,-0.378,0.262,0.769,-0.445,0.776,-0.061,0.817,0.723,0.529,0.425,0.289,0.56,0.474,-0.398,-0.092,0.686,0.728,0.117,0.317,-0.008,-0.034,0.507,0.704,0.479,-0.552,0.413,-0.23,0.067,0.871,0.372,0.387,0.66,-0.256,-0.182,0.137,0.351,0.378,0.552,0.297,0.571,-0.097,0.288,0.726,0.439,-0.254,0.528,0.474,0.275,0.526,0.787,0.619,-0.465,0.666,0.557,-0.129,-0.252,0.322,0.189,0.416,0.219,0.779,-0.149,0.088,0.309,0.367,0.541,0.049,-0.198,-0.547,-0.33,0.637,-0.408,0.782,0.722,0.881,-0.081,0.005,0.333,0.537,-0.278,0.624,-0.473,-0.163,-0.585,-0.491,-0.134,0.622,-0.22,0.225,0.149,0.681,-0.501,-0.642,0.167,0.172,0.523,0.41,0.697,0.274,0.868,0.018,-0.168,0.705,0.783,0.586,-0.422,0.575,0.537,0.082,0.042,0.543,-0.155,0.642,-0.089,-0.263,-0.235,0.606,0.689,-0.168,0.791,0.23,0.425,0.358,-0.205,0.048,-0.202,0.378,0.438,-0.056,-0.033,0.631,0.084,0.065,0.567,-0.746,-0.377,0.866,0.667,-0.012,0.47,0.741,-0.327,0.684,0.416,0.671,0.776,0.128,0.282,0.367,0.678,0.166,-0.103,0.211,0.637,0.278,0.474,-0.676,0.406,0.116,0.649,0.5,0.027,-0.308,-0.078,0.065,0.464,0.597,0.601,-0.45,0.4,0.219,-0.499,0.635,0.567,-0.358,0.532,0.171,0.786,0.368,0.099,-0.057,0.064,-0.387,-0.226,0.284,-0.733,0.298,-0.296,0.041,-0.608,0.232
ALRM,-0.186,0.789,-0.256,0.604,0.667,0.0,0.908,0.849,-0.733,-0.15,0.64,0.864,0.014,0.798,0.408,0.823,0.542,0.093,0.677,0.653,0.812,0.838,-0.02,0.385,0.895,0.388,-0.077,0.717,0.416,0.535,0.586,0.622,0.911,-0.384,-0.102,0.316,0.557,0.84,0.843,0.472,0.944,-0.534,0.0,0.588,0.777,0.617,0.562,0.724,0.78,0.026,0.34,0.879,0.682,-0.524,0.472,0.76,0.468,0.86,0.908,0.91,-0.018,0.905,0.843,-0.347,-0.481,0.783,0.361,0.787,0.581,0.783,-0.402,0.019,0.544,0.476,0.759,-0.421,0.331,-0.771,-0.036,0.485,-0.39,0.799,0.57,0.519,-0.078,-0.389,0.087,0.861,0.14,0.51,-0.325,0.078,-0.505,-0.795,-0.61,0.078,-0.082,-0.22,-0.249,0.688,-0.42,-0.518,0.247,-0.067,0.716,0.762,0.798,-0.304,0.754,0.014,0.214,0.883,0.909,0.791,-0.579,0.887,0.776,0.606,0.45,0.934,-0.624,0.928,0.077,-0.61,-0.601,0.312,0.668,-0.023,0.847,0.268,0.74,0.682,-0.485,0.589,-0.128,0.011,0.861,0.387,0.557,0.885,-0.436,-0.264,0.884,-0.588,-0.361,0.814,0.417,-0.395,-0.075,0.33,-0.554,0.295,0.427,0.545,0.562,0.228,0.503,0.8,0.926,0.615,-0.073,0.657,0.84,0.686,-0.024,-0.453,0.47,-0.379,0.602,0.869,0.609,-0.619,0.152,-0.075,0.883,0.87,0.917,-0.263,0.758,0.649,-0.608,0.878,0.432,-0.155,0.463,0.687,0.802,0.356,0.547,-0.108,0.12,-0.085,0.096,0.701,-0.564,0.601,-0.546,-0.315,-0.408,0.333
AMAT,-0.275,0.669,-0.237,0.704,0.626,0.908,0.0,0.878,-0.771,-0.266,0.773,0.831,0.001,0.798,0.404,0.773,0.477,-0.04,0.771,0.731,0.769,0.822,0.158,0.427,0.791,0.406,-0.232,0.797,0.577,0.669,0.532,0.634,0.924,-0.254,-0.205,0.454,0.631,0.755,0.775,0.351,0.918,-0.561,-0.114,0.689,0.847,0.548,0.497,0.805,0.759,0.209,0.24,0.791,0.636,-0.709,0.431,0.698,0.565,0.889,0.863,0.878,0.098,0.896,0.813,-0.334,-0.449,0.846,0.381,0.862,0.551,0.68,-0.342,0.06,0.652,0.617,0.712,-0.502,0.385,-0.765,0.054,0.335,-0.213,0.71,0.396,0.466,-0.094,-0.543,0.054,0.904,0.118,0.32,-0.168,0.105,-0.387,-0.826,-0.65,-0.043,0.007,-0.293,-0.255,0.709,-0.231,-0.42,0.358,-0.192,0.705,0.766,0.729,-0.332,0.74,0.075,0.181,0.878,0.929,0.743,-0.465,0.929,0.672,0.705,0.543,0.914,-0.651,0.887,0.16,-0.701,-0.687,0.247,0.611,0.066,0.734,0.22,0.699,0.691,-0.497,0.63,-0.047,-0.174,0.898,0.526,0.644,0.828,-0.518,-0.211,0.888,-0.544,-0.414,0.724,0.254,-0.355,-0.166,0.334,-0.539,0.276,0.424,0.528,0.476,0.106,0.47,0.758,0.896,0.676,0.058,0.542,0.825,0.718,-0.152,-0.5,0.484,-0.499,0.565,0.832,0.585,-0.499,0.246,-0.012,0.87,0.867,0.938,-0.108,0.836,0.719,-0.471,0.84,0.435,-0.182,0.44,0.675,0.734,0.128,0.569,-0.185,0.201,-0.062,0.273,0.781,-0.528,0.623,-0.487,-0.41,-0.453,0.214
AMED,-0.43,0.583,-0.43,0.723,0.354,0.849,0.878,0.0,-0.712,-0.054,0.826,0.697,0.284,0.59,0.667,0.587,0.223,-0.253,0.719,0.77,0.769,0.871,0.362,0.663,0.711,0.173,-0.345,0.879,0.731,0.841,0.516,0.51,0.929,-0.077,-0.512,0.695,0.855,0.533,0.825,0.258,0.878,-0.641,-0.021,0.768,0.93,0.614,0.351,0.884,0.746,0.274,0.19,0.647,0.706,-0.752,0.307,0.749,0.571,0.877,0.683,0.841,0.346,0.846,0.748,-0.437,-0.474,0.922,0.277,0.866,0.545,0.501,-0.498,0.086,0.611,0.538,0.648,-0.737,0.657,-0.733,0.215,0.105,-0.105,0.515,0.203,0.155,-0.108,-0.676,-0.169,0.852,0.445,0.142,-0.075,0.32,-0.177,-0.816,-0.831,-0.325,0.159,-0.521,-0.484,0.505,-0.069,-0.294,0.391,-0.343,0.71,0.812,0.625,-0.591,0.504,-0.008,0.381,0.786,0.737,0.608,-0.477,0.859,0.616,0.854,0.657,0.926,-0.802,0.842,0.157,-0.807,-0.804,-0.048,0.386,0.079,0.552,0.173,0.74,0.732,-0.621,0.794,0.053,-0.322,0.95,0.723,0.786,0.795,-0.738,-0.416,0.888,-0.305,-0.356,0.519,-0.054,-0.47,-0.474,0.002,-0.561,-0.001,0.286,0.385,0.227,0.16,0.479,0.851,0.834,0.786,0.08,0.67,0.76,0.843,-0.467,-0.255,0.404,-0.677,0.397,0.847,0.814,-0.536,0.357,-0.114,0.911,0.848,0.912,-0.059,0.883,0.846,-0.394,0.763,0.267,0.001,0.307,0.851,0.535,-0.008,0.645,-0.253,0.142,0.198,0.44,0.879,-0.311,0.652,-0.603,-0.58,-0.164,0.272
AMRN,0.303,-0.585,-0.104,-0.497,-0.571,-0.733,-0.771,-0.712,0.0,0.359,-0.606,-0.756,0.292,-0.818,-0.465,-0.613,-0.336,-0.153,-0.476,-0.367,-0.724,-0.827,0.074,-0.571,-0.633,-0.573,0.406,-0.793,-0.428,-0.496,-0.778,-0.766,-0.778,0.473,0.251,-0.279,-0.561,-0.673,-0.655,0.019,-0.84,0.608,0.483,-0.455,-0.721,-0.803,-0.699,-0.797,-0.88,-0.147,0.071,-0.754,-0.817,0.669,-0.577,-0.625,-0.563,-0.819,-0.709,-0.842,0.021,-0.811,-0.632,0.276,0.701,-0.712,-0.197,-0.776,-0.252,-0.615,0.615,0.144,-0.557,-0.421,-0.699,0.626,-0.225,0.84,0.126,-0.295,0.448,-0.59,-0.228,-0.474,0.365,0.531,0.209,-0.758,-0.08,-0.191,0.332,-0.02,0.446,0.824,0.532,0.071,0.228,0.048,0.373,-0.549,0.288,0.707,-0.369,0.294,-0.824,-0.821,-0.684,0.339,-0.678,0.226,-0.22,-0.858,-0.728,-0.436,0.649,-0.803,-0.541,-0.431,-0.207,-0.754,0.514,-0.771,0.269,0.761,0.736,-0.05,-0.652,0.08,-0.627,0.165,-0.509,-0.67,0.609,-0.479,-0.046,-0.063,-0.77,-0.487,-0.48,-0.831,0.608,0.447,-0.897,0.704,0.59,-0.673,-0.175,0.165,0.147,-0.316,0.425,-0.157,-0.209,-0.673,-0.268,0.145,-0.533,-0.749,-0.854,-0.583,-0.351,-0.5,-0.83,-0.507,0.107,0.508,-0.143,0.508,-0.58,-0.686,-0.506,0.463,-0.096,0.181,-0.799,-0.883,-0.711,0.302,-0.826,-0.758,0.589,-0.869,-0.588,0.441,-0.382,-0.51,-0.669,-0.078,-0.278,0.494,0.033,0.322,-0.082,-0.737,0.653,-0.599,0.685,0.481,0.424,-0.492
ANGI,-0.228,-0.414,-0.499,-0.034,-0.378,-0.15,-0.266,-0.054,0.359,0.0,0.037,-0.415,0.456,-0.562,0.205,-0.238,-0.374,-0.223,-0.153,0.086,-0.205,-0.192,0.133,0.248,-0.249,-0.686,0.129,-0.225,0.041,-0.024,-0.402,-0.478,-0.173,0.456,-0.273,0.262,0.192,-0.389,-0.04,0.355,-0.221,0.042,0.427,0.085,-0.081,-0.11,-0.5,-0.185,-0.356,0.023,0.221,-0.21,-0.021,0.348,-0.327,-0.077,-0.25,-0.289,-0.232,-0.319,0.155,-0.214,-0.229,-0.311,0.291,-0.143,-0.075,-0.324,-0.021,-0.262,-0.039,0.061,-0.344,-0.444,-0.301,0.049,0.379,0.277,0.098,-0.485,0.05,-0.44,-0.156,-0.448,0.055,0.05,-0.112,-0.337,0.399,-0.191,0.213,0.52,0.508,0.392,-0.084,-0.232,0.192,-0.437,-0.09,-0.329,0.222,0.448,0.059,-0.002,-0.198,-0.202,-0.388,-0.184,-0.518,-0.098,0.216,-0.247,-0.278,-0.343,0.229,-0.369,-0.184,0.109,0.328,-0.074,-0.09,-0.31,0.205,0.131,0.108,-0.447,-0.433,0.017,-0.427,0.374,-0.04,-0.143,0.028,0.129,0.186,-0.213,-0.129,0.207,0.06,-0.29,-0.029,0.009,-0.238,0.622,0.367,-0.426,-0.194,-0.069,-0.152,-0.349,-0.194,-0.377,-0.285,-0.353,-0.313,0.564,0.03,-0.039,-0.246,-0.126,-0.441,0.093,-0.391,0.005,-0.243,0.406,0.278,0.313,-0.463,-0.145,0.292,0.12,-0.056,-0.068,-0.168,-0.263,-0.137,0.087,-0.152,-0.179,0.396,-0.311,-0.609,0.549,-0.281,0.314,-0.406,0.04,0.104,0.21,0.22,0.69,0.33,-0.207,0.574,-0.39,-0.026,-0.013,0.548,0.185
APA,-0.407,0.216,-0.517,0.832,0.262,0.64,0.773,0.826,-0.606,0.037,0.0,0.467,0.187,0.448,0.476,0.46,0.157,-0.439,0.781,0.809,0.613,0.617,0.514,0.675,0.437,0.031,-0.308,0.764,0.748,0.835,0.214,0.336,0.807,0.143,-0.558,0.805,0.8,0.334,0.635,0.282,0.675,-0.49,-0.097,0.853,0.806,0.382,0.132,0.783,0.504,0.472,0.163,0.505,0.52,-0.7,0.131,0.492,0.603,0.742,0.595,0.597,0.359,0.684,0.554,-0.347,-0.256,0.8,0.398,0.803,0.521,0.236,-0.352,0.141,0.614,0.609,0.542,-0.595,0.574,-0.565,0.308,-0.211,0.039,0.348,-0.087,0.087,-0.022,-0.717,-0.003,0.733,0.273,-0.097,0.245,0.508,0.084,-0.611,-0.692,-0.406,0.312,-0.588,-0.322,0.559,0.166,-0.108,0.606,-0.26,0.552,0.595,0.341,-0.437,0.413,0.046,0.166,0.666,0.627,0.455,-0.133,0.704,0.349,0.884,0.798,0.799,-0.661,0.623,0.413,-0.677,-0.669,-0.122,0.197,0.377,0.316,0.329,0.503,0.513,-0.433,0.771,0.406,-0.571,0.796,0.809,0.766,0.517,-0.641,-0.118,0.751,-0.078,-0.111,0.279,-0.118,-0.284,-0.376,0.082,-0.499,0.014,0.356,0.199,0.086,0.169,0.568,0.619,0.626,0.738,0.05,0.467,0.509,0.728,-0.538,-0.22,0.554,-0.504,0.27,0.618,0.673,-0.148,0.377,0.153,0.727,0.651,0.806,0.213,0.795,0.692,-0.001,0.59,0.116,0.169,0.351,0.799,0.366,-0.109,0.757,-0.222,0.424,0.276,0.662,0.806,-0.135,0.461,-0.401,-0.496,-0.253,0.116
APOG,-0.065,0.836,0.088,0.366,0.769,0.864,0.831,0.697,-0.756,-0.415,0.467,0.0,-0.131,0.907,0.334,0.832,0.527,0.395,0.516,0.397,0.845,0.845,-0.226,0.274,0.894,0.654,-0.268,0.704,0.302,0.368,0.725,0.799,0.779,-0.576,0.059,0.058,0.392,0.903,0.639,0.238,0.899,-0.489,-0.263,0.312,0.706,0.62,0.741,0.648,0.86,0.083,0.117,0.806,0.667,-0.572,0.674,0.752,0.588,0.877,0.875,0.934,-0.216,0.872,0.851,-0.24,-0.569,0.738,0.189,0.72,0.329,0.834,-0.365,-0.113,0.569,0.546,0.77,-0.404,0.124,-0.793,-0.193,0.631,-0.405,0.763,0.654,0.619,-0.088,-0.226,0.052,0.829,0.044,0.619,-0.438,-0.089,-0.619,-0.861,-0.511,0.255,-0.203,0.012,-0.262,0.695,-0.489,-0.693,0.287,-0.193,0.819,0.805,0.836,-0.162,0.863,-0.099,0.227,0.879,0.861,0.755,-0.591,0.841,0.825,0.377,0.161,0.805,-0.451,0.931,-0.162,-0.602,-0.593,0.493,0.746,-0.103,0.847,0.077,0.707,0.733,-0.55,0.341,-0.24,0.277,0.798,0.267,0.355,0.918,-0.369,-0.265,0.852,-0.752,-0.545,0.892,0.491,-0.174,0.05,0.402,-0.378,0.362,0.495,0.75,0.602,0.008,0.431,0.737,0.912,0.606,0.095,0.564,0.942,0.63,0.162,-0.509,0.258,-0.325,0.786,0.812,0.405,-0.575,0.02,-0.037,0.804,0.892,0.786,-0.384,0.749,0.672,-0.713,0.9,0.615,-0.388,0.606,0.448,0.901,0.272,0.351,-0.262,-0.019,-0.283,-0.134,0.681,-0.756,0.702,-0.516,-0.247,-0.432,0.402
APPS,-0.409,-0.1,-0.598,0.024,-0.445,0.014,0.001,0.284,0.292,0.456,0.187,-0.131,0.0,-0.411,0.561,-0.22,-0.485,-0.376,0.075,0.292,0.026,0.172,0.43,0.375,0.075,-0.606,-0.125,0.196,0.402,0.416,-0.149,-0.295,0.146,0.464,-0.576,0.534,0.476,-0.318,0.208,0.189,0.034,-0.145,0.459,0.274,0.225,0.03,-0.511,0.125,-0.016,0.092,0.102,-0.202,0.081,-0.131,-0.313,0.219,-0.096,0.029,-0.194,0.027,0.393,0.051,0.091,-0.375,0.133,0.272,-0.282,0.076,0.083,-0.159,-0.187,0.178,-0.104,-0.078,-0.288,-0.349,0.644,-0.026,0.338,-0.318,0.304,-0.363,-0.173,-0.681,0.117,-0.184,-0.344,-0.033,0.636,-0.163,0.132,0.452,0.302,-0.02,-0.534,-0.488,0.514,-0.712,-0.529,-0.253,0.184,0.495,-0.06,-0.439,0.02,0.097,-0.11,-0.561,-0.401,-0.167,0.453,-0.118,-0.143,-0.07,0.02,-0.106,0.207,0.426,0.406,0.138,-0.425,0.062,0.258,-0.229,-0.28,-0.485,-0.462,-0.081,-0.266,0.139,0.305,0.148,-0.271,0.334,-0.079,-0.328,0.166,0.403,0.308,-0.005,-0.431,-0.351,-0.027,0.624,0.103,-0.308,-0.476,-0.482,-0.675,-0.684,-0.264,-0.612,-0.273,-0.381,-0.304,0.424,-0.197,0.304,-0.031,0.223,-0.229,0.259,-0.099,0.528,-0.536,0.357,0.205,-0.276,-0.429,0.187,0.547,-0.233,0.098,-0.257,0.134,0.034,0.127,0.074,0.112,0.209,0.145,-0.172,-0.581,0.558,-0.322,0.485,-0.339,-0.259,0.178,0.112,-0.114,0.762,0.358,0.169,0.455,-0.026,-0.228,-0.364,0.622,-0.003
ARCB,0.058,0.777,0.207,0.434,0.776,0.798,0.798,0.59,-0.818,-0.562,0.448,0.907,-0.411,0.0,0.124,0.787,0.632,0.336,0.532,0.332,0.745,0.714,-0.236,0.177,0.777,0.744,-0.168,0.619,0.19,0.311,0.667,0.788,0.745,-0.65,0.163,-0.012,0.247,0.904,0.572,0.156,0.815,-0.387,-0.384,0.315,0.581,0.549,0.81,0.612,0.784,0.017,0.105,0.828,0.556,-0.518,0.619,0.594,0.541,0.797,0.87,0.849,-0.228,0.789,0.719,-0.046,-0.548,0.608,0.341,0.721,0.382,0.756,-0.285,-0.159,0.623,0.562,0.781,-0.279,-0.061,-0.736,-0.209,0.638,-0.464,0.839,0.536,0.745,-0.12,-0.226,0.174,0.819,-0.179,0.532,-0.387,-0.228,-0.64,-0.793,-0.308,0.274,-0.286,0.207,-0.076,0.773,-0.456,-0.739,0.253,-0.02,0.701,0.687,0.788,0.002,0.907,-0.002,0.022,0.829,0.841,0.739,-0.546,0.851,0.662,0.289,0.082,0.722,-0.327,0.834,-0.136,-0.506,-0.48,0.547,0.825,0.002,0.862,-0.002,0.507,0.6,-0.369,0.266,-0.12,0.244,0.681,0.148,0.295,0.819,-0.247,-0.134,0.817,-0.868,-0.489,0.882,0.557,-0.084,0.216,0.591,-0.27,0.486,0.515,0.718,0.594,-0.181,0.449,0.586,0.844,0.505,0.227,0.412,0.862,0.414,0.231,-0.571,0.182,-0.303,0.796,0.667,0.232,-0.442,0.041,0.029,0.72,0.807,0.715,-0.278,0.663,0.555,-0.669,0.881,0.731,-0.533,0.605,0.305,0.917,0.313,0.324,-0.252,0.044,-0.519,-0.158,0.589,-0.814,0.643,-0.39,-0.176,-0.664,0.272
ARCC,-0.746,0.256,-0.334,0.154,-0.061,0.408,0.404,0.667,-0.465,0.205,0.476,0.334,0.561,0.124,0.0,0.109,-0.393,-0.073,0.095,0.278,0.449,0.727,0.167,0.788,0.368,-0.13,-0.601,0.674,0.629,0.574,0.559,0.244,0.512,0.058,-0.715,0.593,0.827,0.092,0.51,-0.043,0.546,-0.681,-0.057,0.361,0.666,0.666,0.107,0.569,0.6,0.22,-0.148,0.255,0.735,-0.517,0.261,0.622,0.323,0.542,0.199,0.553,0.285,0.516,0.451,-0.64,-0.534,0.67,-0.342,0.425,-0.078,0.295,-0.711,-0.076,0.108,-0.007,0.18,-0.853,0.753,-0.593,-0.014,-0.104,-0.132,-0.093,-0.006,-0.34,-0.399,-0.55,-0.735,0.346,0.74,-0.148,-0.183,0.363,-0.038,-0.558,-0.83,-0.504,0.111,-0.631,-0.827,-0.071,-0.042,-0.11,0.222,-0.693,0.64,0.723,0.246,-0.766,-0.031,-0.548,0.655,0.457,0.258,-0.02,-0.529,0.339,0.478,0.567,0.303,0.519,-0.696,0.481,-0.265,-0.783,-0.81,-0.561,-0.009,-0.296,0.062,-0.206,0.595,0.686,-0.827,0.546,-0.1,-0.114,0.629,0.731,0.544,0.577,-0.852,-0.792,0.549,0.042,-0.453,0.12,-0.383,-0.378,-0.718,-0.488,-0.541,-0.516,-0.281,0.243,-0.218,0.149,0.152,0.756,0.53,0.527,0.129,0.622,0.472,0.727,-0.57,0.018,0.141,-0.566,-0.019,0.592,0.848,-0.563,-0.017,-0.497,0.62,0.623,0.434,-0.298,0.668,0.746,-0.332,0.45,-0.101,0.012,-0.146,0.667,0.064,-0.346,0.187,-0.497,-0.228,0.468,0.265,0.611,0.012,0.35,-0.787,-0.675,0.458,0.563
ARVN,-0.021,0.644,-0.028,0.47,0.817,0.823,0.773,0.587,-0.613,-0.238,0.46,0.832,-0.22,0.787,0.109,0.0,0.704,0.29,0.617,0.517,0.687,0.631,-0.171,0.111,0.778,0.537,0.078,0.528,0.245,0.237,0.455,0.635,0.676,-0.35,0.175,0.027,0.298,0.884,0.567,0.481,0.79,-0.367,-0.098,0.359,0.608,0.402,0.542,0.505,0.652,-0.01,0.437,0.734,0.485,-0.455,0.514,0.683,0.422,0.706,0.841,0.731,-0.213,0.778,0.715,-0.251,-0.3,0.58,0.334,0.615,0.503,0.757,-0.165,0.131,0.533,0.473,0.684,-0.154,0.014,-0.588,-0.031,0.554,-0.29,0.775,0.669,0.734,0.046,-0.088,0.3,0.742,-0.111,0.545,-0.311,-0.05,-0.478,-0.674,-0.313,0.37,-0.19,-0.013,0.002,0.763,-0.353,-0.488,0.276,0.054,0.581,0.546,0.735,0.045,0.837,0.144,-0.053,0.774,0.822,0.751,-0.41,0.748,0.663,0.397,0.314,0.747,-0.345,0.796,0.066,-0.383,-0.358,0.555,0.641,-0.021,0.789,0.371,0.657,0.545,-0.287,0.312,-0.164,0.175,0.677,0.152,0.287,0.735,-0.108,0.048,0.696,-0.637,-0.309,0.832,0.551,-0.124,0.252,0.585,-0.31,0.526,0.548,0.608,0.725,0.259,0.447,0.52,0.759,0.429,-0.168,0.378,0.76,0.421,0.288,-0.56,0.45,-0.107,0.639,0.668,0.249,-0.362,0.135,0.11,0.637,0.678,0.792,-0.265,0.607,0.462,-0.492,0.762,0.53,-0.111,0.561,0.422,0.829,0.424,0.396,-0.076,0.209,-0.257,-0.027,0.56,-0.599,0.494,-0.317,-0.064,-0.526,0.232
ATEC,0.432,0.419,0.082,0.422,0.723,0.542,0.477,0.223,-0.336,-0.374,0.157,0.527,-0.485,0.632,-0.393,0.704,0.0,0.237,0.572,0.351,0.322,0.169,-0.11,-0.315,0.472,0.567,0.449,0.115,-0.075,-0.034,0.118,0.46,0.361,-0.355,0.482,-0.255,-0.158,0.712,0.334,0.433,0.42,0.127,0.113,0.206,0.195,0.038,0.394,0.145,0.264,-0.18,0.499,0.536,0.038,-0.098,0.151,0.251,0.178,0.316,0.612,0.357,-0.202,0.419,0.315,0.201,0.071,0.133,0.475,0.369,0.498,0.498,0.223,0.267,0.473,0.512,0.493,0.324,-0.393,-0.201,-0.005,0.492,-0.103,0.82,0.493,0.818,0.346,0.179,0.693,0.462,-0.452,0.559,-0.156,-0.186,-0.34,-0.268,0.165,0.563,-0.062,0.296,0.429,0.738,-0.305,-0.385,0.061,0.482,0.167,0.072,0.536,0.502,0.794,0.511,-0.33,0.426,0.571,0.681,-0.109,0.505,0.324,0.084,0.143,0.436,0.053,0.457,0.293,0.102,0.142,0.753,0.525,0.146,0.726,0.427,0.266,0.056,0.236,0.133,-0.041,0.203,0.254,-0.266,0.039,0.317,0.34,0.417,0.33,-0.595,-0.039,0.661,0.641,0.048,0.542,0.74,0.037,0.759,0.595,0.296,0.777,0.049,0.301,0.076,0.373,0.049,-0.135,0.112,0.412,0.008,0.529,-0.396,0.318,0.13,0.558,0.217,-0.197,-0.016,0.257,0.337,0.224,0.271,0.505,-0.067,0.132,-0.023,-0.252,0.411,0.547,-0.103,0.608,0.037,0.675,0.642,0.263,0.293,0.24,-0.534,-0.16,0.17,-0.544,0.228,0.154,0.394,-0.792,-0.147
ATXS,0.156,0.303,0.55,-0.562,0.529,0.093,-0.04,-0.253,-0.153,-0.223,-0.439,0.395,-0.376,0.336,-0.073,0.29,0.237,0.0,-0.388,-0.481,0.122,0.137,-0.855,-0.284,0.289,0.57,-0.056,-0.14,-0.393,-0.581,0.454,0.441,-0.143,-0.587,0.555,-0.724,-0.356,0.463,-0.09,0.008,0.143,-0.042,-0.239,-0.575,-0.156,0.242,0.473,-0.263,0.287,-0.297,-0.139,0.255,0.219,0.208,0.546,0.167,-0.024,0.034,0.247,0.205,-0.735,0.144,0.147,-0.048,-0.301,-0.156,-0.387,-0.228,-0.474,0.536,-0.079,-0.251,-0.218,-0.235,0.086,0.218,-0.454,-0.228,-0.701,0.635,-0.517,0.214,0.626,0.494,-0.218,0.501,-0.029,-0.085,-0.256,0.547,-0.616,-0.391,-0.555,-0.107,0.193,0.69,-0.546,0.486,0.027,0.07,-0.571,-0.522,-0.142,0.014,0.326,0.169,0.281,0.393,0.358,-0.388,0.004,0.223,0.163,-0.001,-0.35,-0.063,0.362,-0.553,-0.601,-0.077,0.316,0.165,-0.631,0.069,0.065,0.406,0.394,-0.529,0.337,-0.191,0.138,0.175,-0.195,-0.495,-0.483,0.86,-0.096,-0.395,-0.524,0.285,0.291,-0.098,0.052,-0.511,-0.456,0.485,0.573,0.324,0.518,0.376,-0.007,0.297,-0.004,0.553,0.393,-0.082,-0.059,0.05,0.22,-0.253,-0.003,0.043,0.279,-0.137,0.726,-0.327,-0.106,0.449,0.376,0.075,-0.28,-0.258,-0.568,-0.18,-0.048,0.197,-0.115,-0.666,-0.044,-0.099,-0.492,0.246,0.327,-0.521,0.188,-0.348,0.393,0.269,-0.497,-0.123,-0.338,-0.385,-0.71,-0.226,-0.485,-0.021,-0.188,0.267,-0.081,0.469
AVAV,-0.017,0.314,-0.42,0.888,0.425,0.677,0.771,0.719,-0.476,-0.153,0.781,0.516,0.075,0.532,0.095,0.617,0.572,-0.388,0.0,0.872,0.553,0.463,0.541,0.302,0.538,0.183,0.086,0.621,0.56,0.687,0.075,0.401,0.765,0.058,-0.246,0.539,0.51,0.492,0.602,0.422,0.632,-0.192,0.119,0.823,0.652,0.2,0.115,0.675,0.417,0.276,0.433,0.499,0.274,-0.613,-0.038,0.444,0.45,0.635,0.633,0.541,0.346,0.637,0.514,-0.058,0.024,0.653,0.587,0.804,0.792,0.27,-0.034,0.369,0.75,0.802,0.534,-0.251,0.267,-0.394,0.479,0.004,0.198,0.62,0.07,0.337,0.333,-0.416,0.403,0.772,0.03,0.169,0.214,0.342,-0.016,-0.533,-0.428,-0.123,0.424,-0.361,-0.013,0.748,0.08,-0.114,0.394,0.032,0.38,0.359,0.526,-0.145,0.63,0.462,-0.07,0.575,0.66,0.733,-0.046,0.748,0.389,0.748,0.757,0.762,-0.469,0.637,0.623,-0.398,-0.375,0.267,0.317,0.429,0.522,0.487,0.464,0.317,-0.076,0.668,0.243,-0.456,0.663,0.441,0.61,0.437,-0.309,0.172,0.638,-0.206,0.025,0.42,0.092,-0.336,-0.154,0.304,-0.273,0.306,0.558,0.115,0.427,0.218,0.483,0.485,0.543,0.57,-0.054,0.305,0.495,0.545,-0.25,-0.257,0.528,-0.382,0.378,0.498,0.391,-0.037,0.589,0.311,0.588,0.517,0.844,0.284,0.58,0.46,0.002,0.507,0.268,0.265,0.469,0.636,0.498,0.221,0.714,0.115,0.463,-0.002,0.508,0.663,-0.298,0.461,-0.102,-0.207,-0.553,-0.17
AXON,-0.273,0.206,-0.662,0.839,0.289,0.653,0.731,0.77,-0.367,0.086,0.809,0.397,0.292,0.332,0.278,0.517,0.351,-0.481,0.872,0.0,0.483,0.482,0.56,0.396,0.515,-0.025,0.017,0.575,0.704,0.74,0.001,0.259,0.748,0.267,-0.393,0.672,0.665,0.363,0.632,0.52,0.612,-0.338,0.251,0.838,0.702,0.189,-0.082,0.664,0.336,0.363,0.434,0.404,0.34,-0.574,-0.105,0.462,0.343,0.582,0.568,0.476,0.371,0.615,0.482,-0.347,0.027,0.666,0.439,0.687,0.657,0.227,-0.145,0.444,0.576,0.604,0.377,-0.358,0.504,-0.388,0.417,-0.146,0.213,0.412,0.051,0.121,0.226,-0.526,0.238,0.668,0.206,0.019,0.22,0.482,0.07,-0.476,-0.573,-0.291,0.433,-0.629,-0.177,0.531,0.177,0.024,0.396,-0.103,0.351,0.409,0.392,-0.319,0.421,0.339,0.001,0.505,0.606,0.616,-0.041,0.629,0.381,0.829,0.91,0.759,-0.6,0.579,0.6,-0.47,-0.46,0.0,0.091,0.32,0.36,0.562,0.575,0.333,-0.228,0.741,0.186,-0.577,0.675,0.597,0.683,0.4,-0.38,0.047,0.577,0.015,-0.018,0.265,-0.075,-0.411,-0.306,0.099,-0.468,0.157,0.365,-0.022,0.276,0.387,0.426,0.5,0.508,0.558,-0.264,0.396,0.386,0.638,-0.431,-0.226,0.667,-0.412,0.129,0.594,0.549,-0.117,0.485,0.172,0.57,0.492,0.821,0.213,0.608,0.489,0.088,0.403,-0.029,0.383,0.234,0.785,0.31,0.051,0.678,0.14,0.41,0.305,0.626,0.626,-0.067,0.305,-0.216,-0.316,-0.296,-0.129
BANF,-0.141,0.705,-0.065,0.499,0.56,0.812,0.769,0.769,-0.724,-0.205,0.613,0.845,0.026,0.745,0.449,0.687,0.322,0.122,0.553,0.483,0.0,0.825,-0.031,0.487,0.802,0.442,-0.291,0.751,0.407,0.529,0.636,0.674,0.805,-0.414,-0.184,0.313,0.561,0.705,0.682,0.184,0.844,-0.493,-0.244,0.447,0.732,0.672,0.59,0.72,0.805,0.202,0.099,0.726,0.717,-0.589,0.552,0.711,0.646,0.888,0.773,0.869,-0.026,0.837,0.791,-0.22,-0.542,0.786,0.281,0.749,0.424,0.655,-0.482,-0.087,0.54,0.53,0.776,-0.524,0.333,-0.744,0.003,0.373,-0.347,0.63,0.439,0.398,-0.04,-0.34,-0.012,0.853,0.244,0.452,-0.281,0.129,-0.408,-0.803,-0.635,0.012,-0.061,-0.122,-0.305,0.582,-0.333,-0.595,0.397,-0.241,0.787,0.778,0.742,-0.349,0.702,-0.131,0.308,0.84,0.763,0.676,-0.462,0.792,0.7,0.518,0.313,0.823,-0.537,0.853,-0.065,-0.656,-0.648,0.275,0.59,0.114,0.694,0.112,0.671,0.708,-0.541,0.484,-0.018,0.066,0.825,0.46,0.475,0.845,-0.526,-0.33,0.879,-0.526,-0.386,0.695,0.272,-0.205,-0.15,0.206,-0.408,0.194,0.48,0.614,0.42,0.147,0.517,0.773,0.852,0.733,0.119,0.616,0.847,0.71,-0.117,-0.34,0.295,-0.379,0.673,0.785,0.591,-0.498,0.131,0.06,0.846,0.853,0.782,-0.28,0.785,0.725,-0.55,0.841,0.488,-0.204,0.549,0.609,0.732,0.17,0.523,-0.314,0.119,-0.068,0.093,0.765,-0.59,0.695,-0.561,-0.412,-0.286,0.377
BATRK,-0.435,0.719,-0.118,0.413,0.474,0.838,0.822,0.871,-0.827,-0.192,0.617,0.845,0.172,0.714,0.727,0.631,0.169,0.137,0.463,0.482,0.825,0.0,-0.028,0.637,0.808,0.371,-0.487,0.865,0.565,0.612,0.783,0.668,0.864,-0.376,-0.394,0.41,0.735,0.671,0.753,0.133,0.927,-0.718,-0.257,0.476,0.869,0.824,0.579,0.82,0.921,0.143,0.011,0.726,0.878,-0.69,0.567,0.827,0.55,0.899,0.719,0.951,0.019,0.889,0.801,-0.482,-0.697,0.874,0.023,0.77,0.27,0.719,-0.679,-0.131,0.491,0.377,0.644,-0.759,0.489,-0.9,-0.103,0.348,-0.386,0.497,0.368,0.248,-0.294,-0.532,-0.347,0.784,0.371,0.31,-0.403,0.133,-0.443,-0.912,-0.809,-0.153,-0.099,-0.313,-0.605,0.442,-0.309,-0.563,0.302,-0.489,0.882,0.95,0.713,-0.556,0.581,-0.312,0.46,0.855,0.755,0.529,-0.721,0.802,0.785,0.593,0.316,0.859,-0.736,0.901,-0.234,-0.871,-0.874,-0.004,0.547,-0.207,0.624,-0.091,0.773,0.831,-0.802,0.567,-0.187,0.057,0.902,0.585,0.592,0.942,-0.732,-0.623,0.911,-0.52,-0.622,0.673,0.111,-0.377,-0.373,0.036,-0.563,-0.053,0.161,0.623,0.275,0.072,0.408,0.922,0.927,0.708,0.167,0.713,0.896,0.8,-0.248,-0.375,0.26,-0.588,0.504,0.877,0.745,-0.69,0.046,-0.324,0.903,0.962,0.803,-0.388,0.909,0.89,-0.67,0.873,0.366,-0.267,0.292,0.709,0.666,0.015,0.367,-0.45,-0.109,0.024,0.095,0.811,-0.529,0.663,-0.793,-0.581,-0.12,0.538
BIDU,-0.187,-0.267,-0.536,0.614,-0.398,-0.02,0.158,0.362,0.074,0.133,0.514,-0.226,0.43,-0.236,0.167,-0.171,-0.11,-0.855,0.541,0.56,-0.031,-0.028,0.0,0.326,-0.175,-0.4,-0.037,0.329,0.588,0.682,-0.365,-0.208,0.204,0.627,-0.581,0.753,0.433,-0.378,0.147,-0.039,-0.032,0.048,0.309,0.612,0.32,-0.236,-0.436,0.357,-0.117,0.399,0.174,-0.273,-0.194,-0.396,-0.485,-0.019,0.21,0.105,-0.196,-0.093,0.867,-0.014,-0.021,0.08,0.369,0.324,0.308,0.376,0.477,-0.482,0.166,0.405,0.35,0.485,-0.029,-0.293,0.485,0.184,0.819,-0.594,0.753,-0.13,-0.58,-0.425,0.331,-0.479,0.042,0.198,0.361,-0.507,0.676,0.417,0.609,-0.046,-0.277,-0.641,0.739,-0.565,-0.098,0.045,0.639,0.528,0.233,-0.123,-0.138,-0.059,-0.118,-0.337,-0.194,0.473,0.097,-0.105,-0.093,0.095,0.371,0.186,-0.243,0.66,0.642,0.177,-0.268,-0.016,0.659,-0.133,-0.132,-0.309,-0.38,0.518,-0.235,0.231,0.028,0.013,0.133,0.606,0.444,-0.833,0.218,0.495,0.577,-0.182,-0.371,0.123,0.049,0.464,0.352,-0.398,-0.638,-0.277,-0.589,-0.364,0.055,-0.249,0.14,-0.427,-0.28,0.036,0.056,0.064,-0.124,0.391,0.124,0.035,-0.129,0.274,-0.683,0.345,0.106,-0.532,-0.234,-0.005,0.303,0.248,0.764,0.261,0.12,-0.078,0.251,0.705,0.176,0.244,0.493,-0.165,-0.181,0.55,-0.023,0.361,-0.321,-0.281,0.538,0.102,0.326,0.349,0.785,0.398,0.416,0.189,0.201,-0.221,0.052,-0.433
BLNE,-0.552,0.116,-0.343,0.429,-0.092,0.385,0.427,0.663,-0.571,0.248,0.675,0.274,0.375,0.177,0.788,0.111,-0.315,-0.284,0.302,0.396,0.487,0.637,0.326,0.0,0.259,-0.11,-0.607,0.728,0.673,0.708,0.397,0.296,0.582,0.095,-0.759,0.703,0.819,0.022,0.551,-0.096,0.499,-0.571,-0.19,0.56,0.684,0.614,0.145,0.724,0.534,0.429,-0.217,0.28,0.692,-0.551,0.211,0.501,0.481,0.576,0.243,0.494,0.382,0.492,0.35,-0.442,-0.496,0.695,0.023,0.562,0.138,0.064,-0.636,-0.106,0.344,0.188,0.339,-0.817,0.711,-0.538,0.162,-0.358,-0.103,-0.064,-0.262,-0.31,-0.266,-0.624,-0.514,0.428,0.58,-0.215,0.099,0.554,0.161,-0.506,-0.724,-0.622,0.174,-0.54,-0.667,0.091,0.167,-0.116,0.496,-0.562,0.624,0.657,0.208,-0.714,0.033,-0.351,0.563,0.505,0.251,0.026,-0.28,0.415,0.305,0.63,0.483,0.547,-0.6,0.422,-0.09,-0.735,-0.747,-0.537,0.034,0.088,-0.003,-0.112,0.398,0.589,-0.667,0.617,0.315,-0.345,0.646,0.843,0.634,0.464,-0.864,-0.555,0.636,0.092,-0.256,0.016,-0.402,-0.24,-0.643,-0.332,-0.43,-0.478,-0.059,0.202,-0.355,0.098,0.474,0.692,0.486,0.653,0.249,0.506,0.427,0.629,-0.652,0.08,0.157,-0.573,0.06,0.499,0.808,-0.264,0.176,-0.188,0.611,0.59,0.457,0.01,0.729,0.757,-0.1,0.463,-0.019,0.101,0.06,0.732,0.079,-0.244,0.404,-0.492,0.039,0.394,0.528,0.696,-0.019,0.408,-0.661,-0.69,0.256,0.508
BLNK,-0.149,0.817,-0.119,0.357,0.686,0.895,0.791,0.711,-0.633,-0.249,0.437,0.894,0.075,0.777,0.368,0.778,0.472,0.289,0.538,0.515,0.802,0.808,-0.175,0.259,0.0,0.479,-0.063,0.632,0.294,0.372,0.665,0.684,0.804,-0.501,0.015,0.118,0.424,0.875,0.696,0.421,0.902,-0.508,-0.057,0.37,0.621,0.609,0.52,0.602,0.8,-0.035,0.289,0.808,0.676,-0.461,0.498,0.786,0.335,0.777,0.856,0.89,-0.192,0.863,0.84,-0.363,-0.454,0.685,0.137,0.675,0.427,0.818,-0.406,0.049,0.382,0.416,0.601,-0.375,0.248,-0.763,-0.106,0.635,-0.404,0.75,0.711,0.52,-0.081,-0.226,0.068,0.766,0.123,0.614,-0.519,-0.05,-0.668,-0.794,-0.572,0.191,-0.08,-0.149,-0.29,0.614,-0.555,-0.605,0.088,-0.167,0.738,0.733,0.885,-0.276,0.775,-0.123,0.16,0.798,0.85,0.796,-0.637,0.759,0.885,0.418,0.251,0.817,-0.543,0.915,-0.058,-0.569,-0.57,0.362,0.637,-0.184,0.84,0.193,0.75,0.64,-0.512,0.395,-0.339,0.209,0.73,0.246,0.342,0.892,-0.356,-0.326,0.785,-0.606,-0.424,0.836,0.457,-0.402,-0.034,0.284,-0.543,0.29,0.344,0.56,0.627,0.271,0.293,0.776,0.891,0.523,-0.145,0.578,0.821,0.684,0.078,-0.528,0.396,-0.297,0.565,0.861,0.52,-0.692,-0.018,-0.174,0.793,0.853,0.809,-0.451,0.657,0.567,-0.701,0.797,0.402,-0.206,0.382,0.558,0.774,0.272,0.304,-0.06,-0.103,-0.131,-0.125,0.575,-0.676,0.545,-0.584,-0.314,-0.341,0.305
BTAI,0.221,0.494,0.547,0.07,0.728,0.388,0.406,0.173,-0.573,-0.686,0.031,0.654,-0.606,0.744,-0.13,0.537,0.567,0.57,0.183,-0.025,0.442,0.371,-0.4,-0.11,0.479,0.0,-0.12,0.299,0.021,-0.061,0.603,0.827,0.276,-0.635,0.419,-0.385,-0.093,0.655,0.18,-0.16,0.449,-0.17,-0.454,-0.126,0.233,0.303,0.701,0.28,0.561,0.007,-0.107,0.459,0.308,-0.319,0.629,0.286,0.389,0.44,0.504,0.485,-0.375,0.456,0.371,0.164,-0.411,0.24,0.108,0.349,-0.007,0.512,-0.053,0.012,0.368,0.418,0.521,-0.062,-0.337,-0.409,-0.305,0.576,-0.281,0.604,0.451,0.751,-0.134,0.066,0.206,0.429,-0.323,0.406,-0.391,-0.379,-0.565,-0.486,0.066,0.501,-0.37,0.479,0.165,0.446,-0.306,-0.692,0.168,0.055,0.488,0.386,0.607,0.311,0.763,0.05,-0.139,0.545,0.491,0.425,-0.323,0.485,0.348,-0.149,-0.258,0.279,0.137,0.484,-0.387,-0.199,-0.163,0.558,0.645,-0.111,0.608,-0.142,0.209,0.342,-0.152,-0.081,-0.15,0.461,0.307,-0.113,-0.112,0.505,0.058,0.026,0.468,-0.778,-0.527,0.673,0.413,0.248,0.399,0.626,0.057,0.588,0.419,0.722,0.512,-0.344,0.248,0.213,0.494,0.201,0.328,0.105,0.568,0.046,0.469,-0.54,-0.075,-0.096,0.682,0.322,-0.185,-0.185,0.006,0.126,0.3,0.474,0.314,-0.331,0.334,0.265,-0.507,0.512,0.771,-0.615,0.518,-0.165,0.634,0.206,-0.101,-0.225,-0.068,-0.64,-0.307,0.269,-0.79,0.448,-0.162,0.094,-0.56,0.18
BYND,0.435,-0.101,-0.092,-0.005,0.117,-0.077,-0.232,-0.345,0.406,0.129,-0.308,-0.268,-0.125,-0.168,-0.601,0.078,0.449,-0.056,0.086,0.017,-0.291,-0.487,-0.037,-0.607,-0.063,-0.12,0.0,-0.522,-0.491,-0.414,-0.434,-0.308,-0.241,0.024,0.482,-0.325,-0.481,0.055,-0.15,0.497,-0.258,0.467,0.447,-0.109,-0.491,-0.404,-0.31,-0.46,-0.402,-0.565,0.605,-0.001,-0.48,0.502,-0.417,-0.275,-0.584,-0.464,-0.058,-0.354,-0.168,-0.222,-0.25,0.269,0.58,-0.502,0.214,-0.255,0.355,-0.04,0.444,0.349,-0.265,-0.143,-0.238,0.714,-0.429,0.41,0.195,0.195,0.042,0.268,0.23,0.304,0.299,0.438,0.638,-0.239,-0.408,0.215,-0.064,-0.238,-0.048,0.438,0.511,0.445,0.097,0.201,0.589,0.143,-0.17,0.178,-0.498,0.674,-0.556,-0.617,-0.023,0.483,0.037,0.438,-0.562,-0.327,-0.075,0.139,0.184,-0.237,-0.185,-0.255,-0.024,-0.189,0.275,-0.236,0.449,0.612,0.623,0.349,-0.072,0.034,0.152,0.454,-0.301,-0.561,0.728,-0.227,-0.049,0.067,-0.45,-0.617,-0.362,-0.349,0.654,0.495,-0.4,0.048,0.577,0.045,0.373,-0.146,0.481,0.322,0.11,0.412,0.052,-0.367,0.42,0.34,-0.269,-0.407,-0.302,-0.512,-0.463,-0.354,-0.409,-0.39,0.443,-0.083,0.206,0.488,-0.189,-0.319,-0.435,0.152,0.045,0.158,-0.354,-0.429,-0.101,0.04,-0.583,-0.672,0.136,-0.339,-0.121,0.325,-0.08,-0.238,-0.057,0.485,-0.081,0.689,0.096,-0.199,-0.181,-0.503,0.044,-0.427,0.437,0.474,-0.341,-0.507
CAN,-0.464,0.548,-0.161,0.605,0.317,0.717,0.797,0.879,-0.793,-0.225,0.764,0.704,0.196,0.619,0.674,0.528,0.115,-0.14,0.621,0.575,0.751,0.865,0.329,0.728,0.632,0.299,-0.522,0.0,0.739,0.817,0.624,0.641,0.834,-0.122,-0.558,0.622,0.798,0.461,0.691,-0.037,0.822,-0.606,-0.208,0.622,0.892,0.651,0.438,0.906,0.859,0.372,-0.066,0.541,0.713,-0.868,0.421,0.745,0.681,0.9,0.569,0.836,0.366,0.798,0.727,-0.303,-0.545,0.953,0.178,0.914,0.39,0.44,-0.52,0.049,0.632,0.603,0.638,-0.811,0.587,-0.755,0.269,0.113,-0.05,0.404,0.086,0.115,-0.196,-0.649,-0.319,0.813,0.442,0.051,-0.05,0.202,-0.214,-0.88,-0.805,-0.395,0.135,-0.41,-0.547,0.471,-0.041,-0.35,0.43,-0.537,0.826,0.852,0.647,-0.621,0.504,-0.124,0.433,0.785,0.643,0.504,-0.475,0.834,0.589,0.749,0.454,0.802,-0.643,0.813,-0.037,-0.844,-0.842,-0.087,0.416,0.069,0.465,-0.088,0.676,0.801,-0.663,0.711,0.071,-0.253,0.9,0.757,0.733,0.8,-0.844,-0.466,0.883,-0.351,-0.482,0.451,-0.179,-0.365,-0.547,-0.046,-0.365,-0.107,0.275,0.511,0.139,-0.017,0.442,0.855,0.802,0.851,0.338,0.603,0.809,0.801,-0.435,-0.261,0.188,-0.748,0.449,0.786,0.751,-0.491,0.394,-0.114,0.878,0.861,0.793,-0.012,0.917,0.94,-0.429,0.777,0.43,-0.093,0.33,0.687,0.473,-0.128,0.512,-0.489,0.021,0.054,0.373,0.953,-0.404,0.768,-0.626,-0.645,-0.111,0.354
CCEC,-0.584,0.068,-0.482,0.623,-0.008,0.416,0.577,0.731,-0.428,0.041,0.748,0.302,0.402,0.19,0.629,0.245,-0.075,-0.393,0.56,0.704,0.407,0.565,0.588,0.673,0.294,0.021,-0.491,0.739,0.0,0.815,0.183,0.328,0.58,0.399,-0.696,0.758,0.829,0.066,0.511,-0.017,0.501,-0.509,0.009,0.666,0.81,0.276,-0.033,0.701,0.453,0.61,-0.041,0.132,0.436,-0.762,0.073,0.47,0.557,0.607,0.273,0.429,0.522,0.517,0.373,-0.378,-0.255,0.786,0.076,0.629,0.241,0.038,-0.251,0.333,0.511,0.514,0.3,-0.733,0.682,-0.4,0.377,-0.337,0.34,0.026,-0.248,-0.206,-0.051,-0.648,-0.25,0.53,0.503,-0.323,0.341,0.526,0.246,-0.567,-0.7,-0.568,0.348,-0.709,-0.477,0.179,0.448,0.117,0.561,-0.531,0.503,0.584,0.197,-0.532,0.167,0.08,0.308,0.461,0.336,0.249,-0.045,0.516,0.277,0.816,0.721,0.583,-0.508,0.476,0.207,-0.672,-0.668,-0.363,-0.081,0.18,0.039,0.139,0.554,0.57,-0.498,0.725,0.17,-0.565,0.706,0.858,0.738,0.386,-0.703,-0.243,0.566,0.161,-0.31,0.004,-0.513,-0.225,-0.622,-0.234,-0.312,-0.19,0.166,0.12,-0.126,0.061,0.396,0.549,0.424,0.718,0.18,0.458,0.386,0.658,-0.64,-0.039,0.361,-0.653,0.063,0.545,0.65,-0.12,0.482,0.038,0.533,0.507,0.605,0.234,0.757,0.761,0.102,0.364,0.013,0.225,0.084,0.658,0.046,-0.351,0.518,-0.305,0.263,0.421,0.68,0.77,0.059,0.441,-0.345,-0.509,0.105,0.066
CDW,-0.413,0.273,-0.488,0.77,-0.034,0.535,0.669,0.841,-0.496,-0.024,0.835,0.368,0.416,0.311,0.574,0.237,-0.034,-0.581,0.687,0.74,0.529,0.612,0.682,0.708,0.372,-0.061,-0.414,0.817,0.815,0.0,0.206,0.294,0.759,0.21,-0.686,0.872,0.804,0.125,0.648,0.019,0.569,-0.434,0.025,0.806,0.797,0.352,0.111,0.852,0.488,0.504,-0.008,0.294,0.42,-0.761,0.06,0.467,0.582,0.7,0.361,0.557,0.655,0.558,0.507,-0.221,-0.287,0.839,0.368,0.807,0.527,0.063,-0.31,0.115,0.644,0.616,0.47,-0.737,0.712,-0.462,0.511,-0.261,0.21,0.212,-0.242,-0.192,0.036,-0.733,-0.195,0.703,0.47,-0.216,0.321,0.433,0.131,-0.611,-0.728,-0.655,0.378,-0.593,-0.458,0.313,0.274,0.031,0.473,-0.414,0.494,0.608,0.335,-0.666,0.209,0.129,0.403,0.512,0.426,0.417,-0.128,0.688,0.33,0.868,0.731,0.696,-0.635,0.56,0.33,-0.666,-0.669,-0.245,0.113,0.371,0.204,0.092,0.501,0.558,-0.431,0.842,0.323,-0.642,0.78,0.816,0.872,0.468,-0.784,-0.284,0.672,0.038,-0.158,0.11,-0.402,-0.387,-0.681,-0.239,-0.31,-0.221,0.272,0.082,-0.141,0.006,0.427,0.661,0.517,0.815,0.242,0.526,0.481,0.725,-0.706,0.011,0.223,-0.788,0.185,0.601,0.743,-0.24,0.549,0.063,0.706,0.579,0.683,0.358,0.743,0.773,-0.046,0.482,0.117,0.173,0.2,0.753,0.185,-0.195,0.703,-0.249,0.229,0.301,0.694,0.831,-0.035,0.608,-0.349,-0.567,-0.042,0.06
CDXS,-0.328,0.697,0.304,0.001,0.507,0.586,0.532,0.516,-0.778,-0.402,0.214,0.725,-0.149,0.667,0.559,0.455,0.118,0.454,0.075,0.001,0.636,0.783,-0.365,0.397,0.665,0.603,-0.434,0.624,0.183,0.206,0.0,0.719,0.544,-0.634,-0.095,0.001,0.384,0.62,0.477,-0.149,0.727,-0.615,-0.431,0.057,0.492,0.816,0.693,0.535,0.868,-0.071,-0.207,0.63,0.804,-0.48,0.713,0.649,0.333,0.654,0.521,0.793,-0.211,0.673,0.638,-0.322,-0.766,0.544,-0.199,0.501,-0.066,0.697,-0.667,-0.208,0.185,0.115,0.496,-0.594,0.196,-0.781,-0.349,0.559,-0.526,0.436,0.471,0.36,-0.537,-0.297,-0.466,0.516,0.179,0.326,-0.654,-0.251,-0.69,-0.741,-0.507,0.071,-0.351,0.07,-0.468,0.243,-0.551,-0.739,0.029,-0.379,0.787,0.779,0.706,-0.376,0.518,-0.513,0.342,0.718,0.568,0.282,-0.815,0.565,0.631,0.142,-0.2,0.511,-0.434,0.686,-0.623,-0.679,-0.677,0.038,0.611,-0.442,0.581,-0.419,0.509,0.681,-0.698,0.187,-0.334,0.404,0.583,0.255,0.161,0.849,-0.539,-0.685,0.706,-0.71,-0.668,0.675,0.197,-0.208,-0.18,0.121,-0.398,0.014,-0.046,0.744,0.281,-0.126,0.177,0.713,0.783,0.386,0.301,0.443,0.782,0.478,0.036,-0.487,-0.085,-0.419,0.476,0.658,0.44,-0.729,-0.172,-0.458,0.693,0.808,0.465,-0.612,0.606,0.626,-0.824,0.742,0.526,-0.579,0.176,0.26,0.566,-0.021,-0.094,-0.516,-0.396,-0.282,-0.289,0.504,-0.671,0.52,-0.779,-0.493,-0.094,0.629
