,ABEO,ACHC,AGNCN,AKAM,AKRO,ALRM,AMAT,AMED,AMRN,ANGI,APA,APOG,APPS,ARCB,ARCC,ARVN,ATEC,ATXS,AVAV,AXON,BANF,BATRK,BIDU,BLNE,BLNK,BTAI,BYND,CAN,CCEC,CDW,CDXS,CELH,CGNX,CHKP,CHRS,CHRW,CIGI,CKPT,CMPR,COGT,CRNC,CRSP,CSTL,CTSH,CVGW,DGLY,DNLI,DOCU,DVAX,EBAY,EHTH,ERII,ESLT,EXPE,EXPO,FBIOP,FFBC,FFIN,FOXF,FWRD,GDS,GERN,GPRE,GRWG,GRYP,HEES,HELE,HIVE,HON,HRTX,HSTM,HURA,IART,IBKR,IBOC,IBRX,IDXX,INGN,INM,INVA,IQ,IRBT,KDP,KPTI,KTOS,KXIN,LAMR,LFUS,LGIH,LGMK,LKFN,LNW,LOPE,LPSN,LYFT,MGNX,MLCO,MNST,MODV,MSTR,MTCH,MYGN,MYRG,NCMI,NEXT,NFLX,NIU,NKTR,NRC,NTNX,NTRA,NVEE,NVMI,NWL,NWS,NXPI,OCGN,OCSL,OKTA,OLLI,OTLK,OXLC,PAA,PARA,PARAA,PDCO,PDFS,PFG,PGEN,PNFP,PODD,POWI,PSMT,PTC,PTEN,PVLA,RDNT,RDUS,RDWR,REGN,RNAC,ROCK,ROST,RRR,RSLS,RVMD,RYAAY,SAFT,SAGE,SAVA,SBGI,SFM,SFNC,SHYF,SIBN,SIFY,SIGI,SIMO,SITM,SLM,SNBR,SNDX,SNY,SPNS,SRRK,STRA,SUPN,SYRE,TCBK,TEAM,TECH,THRM,TLRY,TRMK,TROW,TSLA,TWST,TXN,UFPI,UNIT,UPWK,USLM,UTHR,VERB,VLY,VRNA,VRRM,VXRT,WAFD,WATT,WBA,WING,WIX,WTFC,WTW,XPEL,XRX,YMAB,ZG,ZLAB
ABEO,0.0,-0.242,-0.683,-0.798,-0.674,-0.344,-0.201,-0.41,0.342,0.356,-0.0,-0.475,-0.623,-0.485,-0.241,-0.505,-0.24,0.324,0.236,-0.425,-0.636,0.027,0.477,0.105,0.935,0.175,0.337,0.81,0.547,-0.296,0.443,-0.49,-0.322,-0.826,0.32,-0.557,-0.448,-0.265,0.77,-0.079,0.012,-0.548,0.065,-0.816,-0.615,-0.031,-0.44,-0.586,-0.538,0.639,-0.348,0.115,-0.717,-0.45,0.851,0.348,-0.331,0.446,0.895,-0.592,0.775,0.605,0.764,0.886,0.796,0.225,0.454,0.601,0.26,-0.71,-0.833,0.661,-0.625,-0.623,0.651,-0.55,-0.66,0.059,0.704,-0.861,0.664,0.636,-0.772,-0.069,0.608,0.362,-0.669,0.11,0.789,-0.537,-0.781,-0.196,-0.901,0.116,-0.234,0.221,0.203,-0.799,-0.552,0.701,0.015,-0.477,0.642,-0.32,0.374,0.382,0.939,-0.821,0.466,0.588,-0.254,-0.475,-0.531,0.779,-0.254,0.008,0.693,-0.625,0.152,0.448,0.547,0.513,0.552,0.602,0.548,0.195,-0.218,-0.01,-0.011,0.51,0.15,0.207,0.276,-0.432,-0.272,-0.238,-0.607,-0.588,-0.871,0.586,-0.681,0.911,0.272,-0.511,0.229,-0.026,-0.537,-0.727,-0.791,0.461,-0.612,-0.838,0.519,0.301,-0.323,0.595,-0.101,-0.55,0.46,-0.239,0.336,-0.888,-0.813,0.807,0.076,-0.879,-0.032,-0.152,0.37,-0.126,-0.54,0.175,0.902,-0.145,0.298,0.002,0.545,0.812,0.31,-0.298,0.483,-0.641,-0.821,0.835,0.547,-0.848,-0.226,-0.634,0.359,0.862,-0.631,-0.446,-0.31,-0.071,-0.606,-0.444,-0.554,0.086,0.076,-0.006
ACHC,-0.242,0.0,0.592,0.513,0.501,0.848,0.876,0.731,0.033,0.163,0.764,0.806,0.758,0.809,0.88,0.574,0.708,-0.075,-0.371,0.474,0.722,0.577,0.392,0.741,-0.239,0.2,0.066,-0.231,0.485,0.865,0.45,0.842,0.807,0.584,0.035,0.513,0.781,0.669,-0.105,0.559,0.66,0.306,0.525,0.676,0.458,0.34,0.177,0.412,0.386,0.34,0.485,0.586,0.361,0.805,-0.062,-0.211,0.676,0.481,0.044,0.724,-0.01,-0.217,0.116,-0.095,-0.357,0.637,0.322,0.105,0.257,0.297,0.515,-0.304,0.798,0.704,0.333,0.442,0.826,0.656,-0.265,0.391,-0.139,0.131,0.624,0.467,-0.059,-0.505,0.825,0.666,0.177,0.565,0.683,0.844,0.495,0.533,0.749,-0.123,0.716,0.626,0.807,-0.092,0.746,0.789,0.36,0.652,0.385,0.536,-0.097,0.408,0.115,0.487,0.386,0.746,0.835,0.004,0.812,0.708,-0.366,0.68,0.614,0.301,0.004,0.024,0.301,0.411,0.38,0.596,0.872,0.482,0.265,0.364,0.483,0.381,0.644,0.748,0.657,0.661,0.692,0.799,0.535,0.206,0.547,0.007,0.72,0.843,-0.36,0.326,0.468,0.632,0.672,0.129,0.027,0.451,0.243,0.615,0.887,0.201,0.284,0.756,0.571,0.851,0.291,0.505,0.593,0.207,0.301,0.378,0.417,-0.044,0.347,0.831,0.861,0.59,-0.285,0.455,0.597,0.725,-0.258,0.177,0.675,0.815,0.262,0.592,0.644,-0.253,0.401,0.577,0.688,-0.082,0.434,-0.281,0.74,0.826,0.732,0.717,0.789,0.778,0.855,0.62,0.574,0.072
AGNCN,-0.683,0.592,0.0,0.639,0.566,0.565,0.419,0.538,-0.191,-0.047,0.215,0.559,0.646,0.559,0.488,0.51,0.343,-0.138,-0.39,0.322,0.684,0.243,0.034,0.248,-0.696,-0.123,-0.143,-0.617,-0.215,0.448,-0.259,0.623,0.42,0.733,-0.373,0.598,0.629,0.493,-0.492,0.397,0.247,0.478,0.277,0.783,0.463,0.058,0.316,0.485,0.499,-0.268,0.435,0.175,0.579,0.581,-0.469,-0.314,0.49,-0.061,-0.512,0.683,-0.376,-0.512,-0.4,-0.565,-0.734,0.141,-0.131,-0.448,-0.038,0.41,0.719,-0.51,0.636,0.576,-0.252,0.403,0.721,0.307,-0.554,0.582,-0.401,-0.375,0.77,0.093,-0.471,-0.344,0.766,0.127,-0.314,0.332,0.752,0.421,0.781,0.231,0.364,-0.264,0.134,0.774,0.593,-0.596,0.312,0.569,-0.21,0.512,-0.094,-0.075,-0.598,0.596,-0.304,-0.223,0.437,0.585,0.619,-0.432,0.414,0.189,-0.609,0.571,0.158,-0.131,-0.241,-0.323,-0.205,-0.164,-0.108,0.035,0.417,0.17,0.096,-0.19,-0.001,-0.057,0.123,0.623,0.413,0.58,0.587,0.652,0.756,-0.309,0.541,-0.528,0.187,0.68,-0.291,0.015,0.443,0.718,0.74,-0.278,0.487,0.724,-0.278,-0.042,0.567,-0.172,0.267,0.698,-0.032,0.488,-0.084,0.735,0.725,-0.395,0.109,0.694,0.076,-0.013,-0.133,0.347,0.699,0.097,-0.67,0.254,0.026,0.16,-0.464,-0.474,0.096,0.568,-0.213,0.489,0.726,-0.616,-0.181,0.704,0.333,0.352,-0.143,-0.589,0.757,0.605,0.452,0.281,0.654,0.526,0.661,0.077,0.252,0.171
AKAM,-0.798,0.513,0.639,0.0,0.638,0.407,0.527,0.756,-0.529,-0.273,0.274,0.619,0.714,0.738,0.473,0.378,0.413,-0.303,-0.468,0.335,0.804,0.068,-0.288,0.129,-0.835,-0.183,-0.326,-0.732,-0.303,0.507,-0.204,0.596,0.659,0.909,-0.354,0.846,0.76,0.379,-0.752,0.105,0.289,0.5,-0.085,0.929,0.716,0.19,0.465,0.574,0.545,-0.387,0.275,0.018,0.894,0.518,-0.669,-0.415,0.448,-0.212,-0.705,0.867,-0.738,-0.626,-0.603,-0.812,-0.781,0.067,-0.24,-0.493,0.203,0.595,0.882,-0.523,0.733,0.831,-0.295,0.453,0.813,0.327,-0.689,0.851,-0.695,-0.624,0.896,0.034,-0.646,-0.504,0.79,0.176,-0.49,0.688,0.822,0.356,0.899,-0.001,0.328,-0.285,0.066,0.937,0.653,-0.604,0.091,0.677,-0.473,0.367,-0.206,-0.216,-0.804,0.783,-0.195,-0.269,0.272,0.568,0.762,-0.412,0.441,0.278,-0.779,0.826,0.032,-0.271,-0.438,-0.607,-0.368,-0.397,-0.416,0.029,0.486,0.494,-0.114,-0.096,0.023,-0.126,0.014,0.611,0.608,0.253,0.617,0.719,0.937,-0.167,0.732,-0.628,0.039,0.682,-0.126,-0.057,0.416,0.841,0.825,-0.288,0.459,0.86,-0.191,0.041,0.509,-0.589,0.519,0.749,-0.251,0.58,-0.339,0.84,0.935,-0.532,-0.03,0.86,-0.052,-0.052,-0.109,0.407,0.694,-0.063,-0.867,0.417,-0.091,0.233,-0.493,-0.49,0.021,0.395,-0.472,0.688,0.851,-0.615,-0.271,0.861,0.399,0.367,-0.108,-0.823,0.832,0.624,0.346,0.421,0.755,0.629,0.757,0.037,-0.002,-0.265
AKRO,-0.674,0.501,0.566,0.638,0.0,0.631,0.523,0.456,0.098,0.106,0.257,0.623,0.813,0.525,0.416,0.704,0.631,-0.081,-0.336,0.693,0.572,0.311,-0.114,0.298,-0.569,0.391,0.117,-0.458,-0.177,0.537,0.099,0.752,0.616,0.676,0.22,0.299,0.489,0.587,-0.423,0.503,0.218,0.774,0.451,0.709,0.459,0.391,0.606,0.642,0.653,-0.345,0.668,0.29,0.508,0.662,-0.524,-0.078,0.506,-0.077,-0.542,0.544,-0.438,-0.024,-0.288,-0.464,-0.386,0.271,0.079,-0.034,-0.288,0.709,0.807,-0.347,0.722,0.67,-0.353,0.744,0.731,0.054,-0.233,0.816,-0.202,-0.141,0.566,0.556,-0.185,-0.165,0.675,0.105,-0.395,0.615,0.661,0.556,0.75,0.297,0.543,0.323,0.242,0.699,0.78,-0.199,0.453,0.699,-0.203,0.72,0.069,0.169,-0.565,0.813,-0.36,-0.04,0.596,0.551,0.639,-0.521,0.516,0.367,-0.282,0.575,0.413,-0.292,-0.102,-0.253,-0.138,-0.207,-0.125,0.077,0.481,0.071,0.502,-0.241,0.325,0.102,0.091,0.606,0.404,0.558,0.819,0.67,0.662,-0.53,0.843,-0.591,-0.009,0.605,-0.129,0.562,0.676,0.565,0.854,-0.036,0.442,0.528,-0.377,-0.019,0.643,-0.273,-0.038,0.645,0.077,0.388,0.12,0.835,0.692,-0.294,0.257,0.742,0.494,0.033,-0.132,0.518,0.687,0.094,-0.498,0.252,0.169,0.329,-0.093,-0.415,-0.03,0.439,0.023,0.729,0.787,-0.519,-0.202,0.675,0.436,0.637,-0.06,-0.427,0.525,0.705,0.66,0.188,0.696,0.671,0.581,0.424,0.465,0.233
ALRM,-0.344,0.848,0.565,0.407,0.631,0.0,0.84,0.488,0.307,0.197,0.77,0.874,0.851,0.771,0.827,0.843,0.758,-0.075,-0.162,0.737,0.668,0.631,0.298,0.724,-0.218,0.407,0.167,-0.19,0.473,0.888,0.509,0.938,0.757,0.572,0.289,0.224,0.584,0.689,-0.028,0.625,0.53,0.378,0.667,0.634,0.441,0.362,0.162,0.566,0.46,0.244,0.601,0.68,0.175,0.908,-0.15,-0.063,0.689,0.423,-0.032,0.543,0.035,-0.098,0.15,-0.042,-0.239,0.634,0.309,0.268,-0.141,0.497,0.508,-0.396,0.824,0.692,0.143,0.623,0.821,0.425,-0.137,0.428,-0.028,0.307,0.478,0.733,0.13,-0.359,0.781,0.594,0.026,0.628,0.714,0.902,0.481,0.545,0.873,0.079,0.701,0.519,0.88,0.041,0.874,0.734,0.4,0.779,0.494,0.63,-0.106,0.505,-0.055,0.466,0.446,0.795,0.814,-0.238,0.885,0.711,-0.202,0.625,0.685,0.233,-0.022,0.204,0.346,0.372,0.392,0.598,0.885,0.167,0.538,0.203,0.58,0.537,0.529,0.673,0.501,0.693,0.837,0.802,0.489,-0.12,0.584,-0.157,0.604,0.807,-0.479,0.59,0.731,0.565,0.718,0.11,0.003,0.367,0.075,0.531,0.887,0.307,-0.135,0.65,0.602,0.726,0.447,0.574,0.519,0.125,0.268,0.365,0.731,0.141,0.282,0.834,0.859,0.685,-0.223,0.356,0.652,0.786,-0.234,0.07,0.567,0.846,0.463,0.741,0.684,-0.402,0.353,0.628,0.751,0.131,0.376,-0.252,0.583,0.807,0.915,0.56,0.81,0.838,0.807,0.752,0.701,0.318
AMAT,-0.201,0.876,0.419,0.527,0.523,0.84,0.0,0.688,0.058,0.177,0.855,0.83,0.802,0.864,0.85,0.61,0.758,-0.072,-0.335,0.568,0.727,0.537,0.318,0.739,-0.165,0.301,0.108,-0.14,0.522,0.903,0.594,0.862,0.917,0.579,0.193,0.446,0.725,0.609,-0.071,0.471,0.655,0.314,0.469,0.653,0.432,0.416,0.123,0.472,0.452,0.359,0.418,0.679,0.368,0.783,-0.055,-0.135,0.628,0.51,0.06,0.709,-0.069,-0.128,0.182,-0.054,-0.258,0.719,0.425,0.274,0.229,0.37,0.516,-0.255,0.774,0.777,0.357,0.43,0.811,0.624,-0.163,0.443,-0.159,0.205,0.536,0.567,0.017,-0.472,0.741,0.717,0.171,0.691,0.662,0.858,0.433,0.471,0.797,0.014,0.736,0.583,0.813,0.097,0.752,0.8,0.394,0.655,0.477,0.613,-0.06,0.42,0.177,0.568,0.339,0.753,0.896,0.045,0.862,0.847,-0.295,0.693,0.664,0.31,0.028,0.021,0.389,0.396,0.35,0.666,0.943,0.514,0.308,0.451,0.591,0.527,0.624,0.674,0.648,0.551,0.729,0.782,0.506,0.224,0.57,0.021,0.703,0.782,-0.331,0.423,0.515,0.6,0.654,0.234,-0.154,0.393,0.301,0.678,0.879,0.168,0.236,0.735,0.646,0.854,0.358,0.474,0.573,0.268,0.322,0.317,0.545,-0.033,0.425,0.869,0.829,0.631,-0.225,0.539,0.702,0.835,-0.217,0.284,0.699,0.743,0.37,0.677,0.638,-0.216,0.464,0.577,0.753,-0.065,0.508,-0.237,0.664,0.819,0.744,0.737,0.791,0.872,0.839,0.711,0.594,-0.022
AMED,-0.41,0.731,0.538,0.756,0.456,0.488,0.688,0.0,-0.506,0.13,0.407,0.586,0.702,0.698,0.618,0.196,0.665,0.119,-0.712,0.205,0.674,0.212,0.193,0.418,-0.502,-0.028,-0.024,-0.496,0.101,0.572,0.106,0.644,0.693,0.626,-0.298,0.829,0.851,0.599,-0.598,0.362,0.594,0.419,0.13,0.738,0.466,0.503,0.465,0.494,0.347,-0.06,0.456,0.062,0.739,0.61,-0.261,-0.257,0.391,0.047,-0.316,0.921,-0.268,-0.393,-0.217,-0.446,-0.571,0.412,0.031,-0.249,0.331,0.371,0.696,-0.113,0.749,0.652,0.017,0.404,0.76,0.738,-0.442,0.527,-0.332,-0.374,0.711,0.029,-0.52,-0.544,0.753,0.29,-0.024,0.569,0.626,0.517,0.721,0.466,0.434,-0.264,0.489,0.836,0.657,-0.409,0.382,0.722,-0.169,0.489,-0.049,0.116,-0.416,0.618,-0.106,0.161,0.394,0.405,0.727,-0.055,0.457,0.371,-0.585,0.689,0.442,-0.101,-0.031,-0.499,-0.211,-0.051,-0.076,0.138,0.679,0.592,0.021,0.104,0.165,-0.138,0.309,0.82,0.852,0.425,0.515,0.653,0.738,0.247,0.674,-0.171,0.312,0.818,0.062,-0.086,0.24,0.607,0.707,-0.044,0.261,0.553,-0.012,0.31,0.704,-0.332,0.668,0.9,0.168,0.663,-0.198,0.627,0.755,-0.132,0.115,0.611,-0.038,-0.328,-0.066,0.671,0.703,0.026,-0.561,0.34,0.099,0.348,-0.228,-0.141,0.259,0.392,-0.228,0.459,0.668,-0.152,-0.022,0.627,0.388,0.109,0.064,-0.48,0.868,0.799,0.464,0.44,0.666,0.591,0.767,0.268,0.242,-0.193
AMRN,0.342,0.033,-0.191,-0.529,0.098,0.307,0.058,-0.506,0.0,0.337,0.25,0.052,-0.024,-0.168,0.031,0.412,0.142,0.043,0.398,0.333,-0.277,0.354,0.318,0.364,0.549,0.597,0.472,0.555,0.414,0.15,0.501,0.152,-0.021,-0.308,0.721,-0.74,-0.351,0.051,0.728,0.242,0.058,-0.015,0.526,-0.337,-0.301,0.074,-0.184,-0.098,0.076,0.357,0.236,0.585,-0.673,0.111,0.389,0.325,0.209,0.454,0.485,-0.496,0.532,0.625,0.618,0.647,0.602,0.339,0.537,0.729,-0.341,-0.037,-0.382,0.101,-0.098,-0.137,0.294,0.135,-0.168,-0.327,0.559,-0.285,0.609,0.802,-0.492,0.669,0.801,0.433,-0.22,0.21,0.271,-0.106,-0.196,0.311,-0.422,0.175,0.321,0.547,0.28,-0.491,0.062,0.669,0.509,-0.148,0.619,0.221,0.686,0.595,0.549,-0.265,0.216,0.446,0.097,0.127,-0.135,0.118,0.273,0.264,0.627,-0.275,0.314,0.365,0.312,0.681,0.665,0.564,0.643,0.377,0.026,-0.327,0.577,0.174,0.392,0.564,0.351,-0.188,-0.334,0.216,0.122,-0.006,-0.52,-0.264,-0.12,0.301,0.248,-0.202,-0.23,0.708,0.295,-0.307,-0.16,0.376,-0.305,-0.463,0.116,0.229,0.104,0.673,-0.69,-0.333,0.506,-0.078,0.746,-0.281,-0.465,0.527,0.24,-0.418,0.687,0.191,0.362,0.119,-0.067,0.501,0.639,0.018,0.591,0.341,0.283,0.422,0.28,0.227,0.797,0.065,-0.233,0.135,0.444,-0.316,0.232,-0.051,0.384,0.57,-0.466,-0.088,0.332,0.03,-0.115,0.085,-0.199,0.474,0.533,0.616
ANGI,0.356,0.163,-0.047,-0.273,0.106,0.197,0.177,0.13,0.337,0.0,-0.023,-0.088,0.138,-0.213,-0.074,-0.022,0.416,0.764,-0.297,0.007,-0.317,0.278,0.678,0.301,0.432,0.647,0.709,0.332,0.238,-0.044,0.345,0.17,0.055,-0.332,0.373,-0.292,0.006,0.464,0.206,0.586,0.114,0.379,0.544,-0.244,-0.413,0.554,0.31,0.205,0.106,0.047,0.523,0.117,-0.245,0.125,0.479,0.513,-0.084,0.142,0.265,-0.05,0.641,0.655,0.583,0.524,0.468,0.618,0.488,0.472,-0.163,0.01,-0.092,0.683,-0.035,-0.183,0.09,0.118,-0.065,0.348,0.704,-0.254,0.703,0.401,-0.374,0.23,0.303,0.464,-0.121,-0.21,0.546,-0.154,-0.31,0.201,-0.144,0.74,0.099,0.595,0.491,-0.129,0.071,0.388,0.53,-0.04,0.269,0.511,0.344,0.416,0.414,0.016,-0.115,0.478,0.607,-0.289,-0.113,0.356,0.007,0.113,0.588,-0.308,0.654,-0.09,0.819,0.087,0.269,0.309,0.378,-0.119,0.129,-0.035,0.661,0.104,0.315,-0.028,0.282,0.32,0.296,0.356,0.018,-0.109,-0.28,0.017,0.047,0.384,0.094,0.091,0.527,0.324,0.066,-0.438,-0.027,0.385,-0.034,-0.517,-0.175,-0.023,0.19,0.33,-0.001,0.201,0.562,-0.046,0.267,-0.111,-0.218,0.483,0.214,-0.13,0.274,-0.464,-0.153,0.349,-0.038,-0.072,0.49,-0.069,0.302,0.009,0.603,0.277,0.032,-0.14,0.488,-0.183,-0.236,0.584,0.152,-0.333,-0.134,0.171,0.035,0.633,-0.133,0.268,0.332,-0.214,-0.088,0.109,-0.155,0.408,0.664,0.491
APA,-0.0,0.764,0.215,0.274,0.257,0.77,0.855,0.407,0.25,-0.023,0.0,0.797,0.571,0.795,0.865,0.592,0.571,-0.263,-0.003,0.522,0.624,0.565,0.282,0.716,0.061,0.212,-0.015,0.09,0.726,0.899,0.683,0.678,0.786,0.416,0.307,0.22,0.502,0.356,0.239,0.245,0.649,-0.07,0.357,0.453,0.42,0.197,-0.215,0.171,0.19,0.619,0.194,0.785,0.031,0.696,0.11,-0.129,0.632,0.703,0.33,0.442,0.099,-0.142,0.366,0.154,-0.076,0.614,0.417,0.419,0.275,0.208,0.195,-0.353,0.634,0.646,0.579,0.275,0.617,0.441,-0.122,0.17,-0.078,0.411,0.349,0.604,0.3,-0.44,0.582,0.9,0.254,0.582,0.555,0.809,0.136,0.276,0.804,-0.093,0.705,0.275,0.666,0.265,0.711,0.595,0.644,0.41,0.625,0.706,0.188,0.134,0.411,0.656,-0.028,0.771,0.751,0.134,0.885,0.844,-0.223,0.614,0.495,0.562,-0.132,0.364,0.628,0.583,0.5,0.867,0.868,0.425,0.189,0.604,0.568,0.718,0.703,0.403,0.444,0.33,0.585,0.698,0.246,0.307,0.309,0.219,0.836,0.605,-0.566,0.428,0.5,0.493,0.387,0.278,-0.316,0.24,0.569,0.882,0.733,0.43,0.032,0.386,0.641,0.809,0.52,0.19,0.317,0.415,0.254,0.016,0.599,0.201,0.683,0.757,0.664,0.877,-0.021,0.531,0.799,0.916,-0.304,0.497,0.858,0.805,0.511,0.612,0.434,-0.204,0.708,0.422,0.828,-0.355,0.715,-0.149,0.444,0.537,0.638,0.837,0.671,0.713,0.728,0.687,0.418,-0.007
APOG,-0.475,0.806,0.559,0.619,0.623,0.874,0.83,0.586,0.052,-0.088,0.797,0.0,0.855,0.883,0.898,0.818,0.714,-0.322,-0.13,0.768,0.867,0.61,0.108,0.584,-0.401,0.115,-0.037,-0.332,0.369,0.944,0.418,0.893,0.842,0.753,0.193,0.428,0.729,0.526,-0.159,0.398,0.528,0.292,0.383,0.793,0.726,0.352,0.171,0.508,0.34,0.134,0.487,0.617,0.379,0.937,-0.293,-0.195,0.766,0.372,-0.153,0.659,-0.246,-0.361,-0.061,-0.279,-0.385,0.481,0.187,0.14,0.038,0.545,0.631,-0.582,0.9,0.859,0.165,0.545,0.896,0.341,-0.369,0.583,-0.259,0.08,0.667,0.651,0.007,-0.49,0.887,0.655,-0.095,0.788,0.847,0.864,0.594,0.27,0.902,-0.096,0.626,0.662,0.935,-0.106,0.683,0.83,0.261,0.674,0.379,0.489,-0.289,0.619,-0.027,0.358,0.204,0.879,0.897,-0.264,0.921,0.731,-0.489,0.82,0.482,0.182,-0.366,0.097,0.242,0.215,0.178,0.648,0.867,0.347,0.257,0.268,0.469,0.454,0.509,0.586,0.602,0.508,0.884,0.915,0.647,-0.097,0.683,-0.267,0.57,0.853,-0.537,0.444,0.794,0.766,0.755,0.028,0.157,0.553,0.225,0.587,0.88,0.042,0.041,0.629,0.357,0.854,0.337,0.67,0.682,-0.03,0.098,0.516,0.595,0.198,0.383,0.821,0.91,0.638,-0.435,0.513,0.488,0.787,-0.415,-0.038,0.565,0.854,0.198,0.844,0.825,-0.561,0.352,0.768,0.876,0.018,0.447,-0.519,0.736,0.773,0.841,0.735,0.929,0.868,0.931,0.606,0.467,-0.021
APPS,-0.623,0.758,0.646,0.714,0.813,0.851,0.802,0.702,-0.024,0.138,0.571,0.855,0.0,0.801,0.734,0.767,0.801,-0.054,-0.386,0.744,0.783,0.488,0.115,0.494,-0.533,0.274,0.077,-0.465,0.126,0.789,0.284,0.94,0.809,0.763,0.118,0.488,0.71,0.733,-0.424,0.573,0.488,0.623,0.472,0.837,0.574,0.493,0.449,0.736,0.565,-0.114,0.662,0.439,0.549,0.886,-0.432,-0.122,0.596,0.096,-0.402,0.765,-0.307,-0.241,-0.182,-0.409,-0.464,0.485,0.115,0.001,-0.128,0.717,0.816,-0.407,0.906,0.833,-0.148,0.755,0.929,0.408,-0.325,0.737,-0.24,-0.094,0.688,0.562,-0.201,-0.386,0.876,0.369,-0.226,0.764,0.826,0.78,0.784,0.473,0.772,0.081,0.549,0.804,0.932,-0.218,0.673,0.844,-0.007,0.8,0.192,0.347,-0.469,0.812,-0.269,0.188,0.534,0.724,0.88,-0.411,0.751,0.597,-0.414,0.762,0.58,-0.105,-0.128,-0.182,-0.0,-0.001,0.019,0.321,0.811,0.263,0.455,-0.006,0.43,0.241,0.31,0.776,0.667,0.63,0.917,0.859,0.773,-0.247,0.836,-0.442,0.306,0.884,-0.256,0.463,0.741,0.707,0.916,-0.013,0.293,0.584,-0.15,0.296,0.868,-0.144,0.101,0.834,0.306,0.68,0.155,0.841,0.78,-0.177,0.228,0.701,0.543,0.028,0.017,0.788,0.896,0.335,-0.538,0.377,0.346,0.592,-0.247,-0.251,0.271,0.669,0.114,0.827,0.887,-0.501,0.026,0.817,0.655,0.398,0.147,-0.508,0.762,0.898,0.844,0.454,0.887,0.867,0.854,0.581,0.549,0.152
ARCB,-0.485,0.809,0.559,0.738,0.525,0.771,0.864,0.698,-0.168,-0.213,0.795,0.883,0.801,0.0,0.882,0.636,0.599,-0.374,-0.241,0.547,0.896,0.421,0.019,0.511,-0.473,-0.025,-0.27,-0.403,0.32,0.907,0.339,0.817,0.868,0.793,-0.078,0.657,0.756,0.479,-0.311,0.262,0.615,0.192,0.188,0.844,0.685,0.204,0.081,0.461,0.403,0.21,0.273,0.525,0.547,0.766,-0.389,-0.348,0.662,0.301,-0.197,0.822,-0.376,-0.525,-0.176,-0.396,-0.567,0.423,0.076,-0.055,0.292,0.5,0.659,-0.604,0.849,0.888,0.162,0.484,0.9,0.51,-0.542,0.611,-0.505,-0.104,0.78,0.388,-0.215,-0.676,0.858,0.716,-0.153,0.819,0.877,0.761,0.63,0.165,0.729,-0.313,0.5,0.737,0.82,-0.208,0.512,0.801,0.146,0.482,0.258,0.295,-0.369,0.529,0.158,0.244,0.121,0.856,0.962,-0.204,0.837,0.703,-0.625,0.917,0.33,0.239,-0.387,-0.078,0.145,0.168,0.107,0.582,0.876,0.543,0.038,0.29,0.361,0.403,0.427,0.624,0.606,0.381,0.761,0.875,0.739,0.127,0.621,-0.257,0.589,0.818,-0.508,0.223,0.549,0.851,0.756,-0.041,0.001,0.684,0.251,0.601,0.799,-0.056,0.274,0.71,0.277,0.876,0.108,0.632,0.767,-0.086,0.151,0.502,0.353,0.162,0.359,0.714,0.879,0.561,-0.56,0.54,0.454,0.752,-0.543,0.006,0.567,0.788,0.04,0.811,0.805,-0.54,0.276,0.829,0.775,-0.026,0.366,-0.619,0.793,0.73,0.632,0.761,0.872,0.815,0.946,0.455,0.279,-0.186
ARCC,-0.241,0.88,0.488,0.473,0.416,0.827,0.85,0.618,0.031,-0.074,0.865,0.898,0.734,0.882,0.0,0.67,0.641,-0.296,-0.145,0.599,0.822,0.649,0.313,0.66,-0.218,0.024,-0.09,-0.171,0.56,0.944,0.525,0.815,0.804,0.607,0.066,0.466,0.709,0.547,-0.02,0.399,0.695,0.083,0.383,0.669,0.578,0.268,-0.0,0.345,0.191,0.441,0.354,0.67,0.283,0.848,-0.147,-0.232,0.707,0.514,0.106,0.664,-0.059,-0.352,0.066,-0.107,-0.356,0.526,0.244,0.181,0.258,0.331,0.467,-0.498,0.805,0.736,0.386,0.446,0.819,0.513,-0.356,0.37,-0.204,0.164,0.613,0.531,0.042,-0.616,0.819,0.816,0.108,0.692,0.754,0.895,0.428,0.32,0.874,-0.223,0.714,0.549,0.817,-0.02,0.698,0.804,0.445,0.559,0.428,0.57,-0.074,0.367,0.184,0.487,0.105,0.846,0.869,-0.082,0.885,0.762,-0.451,0.755,0.497,0.425,-0.272,0.21,0.344,0.446,0.38,0.748,0.905,0.42,0.164,0.431,0.484,0.515,0.642,0.574,0.563,0.532,0.74,0.838,0.526,0.212,0.538,-0.018,0.757,0.832,-0.575,0.346,0.542,0.709,0.627,0.077,-0.033,0.477,0.429,0.767,0.887,0.228,0.131,0.6,0.502,0.896,0.371,0.476,0.562,0.174,0.199,0.292,0.496,0.202,0.5,0.812,0.885,0.747,-0.308,0.491,0.593,0.855,-0.402,0.191,0.742,0.894,0.264,0.675,0.688,-0.396,0.497,0.652,0.853,-0.227,0.562,-0.389,0.715,0.739,0.747,0.795,0.812,0.758,0.904,0.619,0.443,-0.091
ARVN,-0.505,0.574,0.51,0.378,0.704,0.843,0.61,0.196,0.412,-0.022,0.592,0.818,0.767,0.636,0.67,0.0,0.54,-0.332,0.108,0.896,0.658,0.569,0.031,0.441,-0.323,0.291,0.091,-0.208,0.213,0.758,0.359,0.831,0.612,0.617,0.376,0.047,0.39,0.465,0.006,0.429,0.261,0.41,0.545,0.612,0.527,0.18,0.133,0.54,0.467,0.042,0.531,0.676,0.143,0.813,-0.367,-0.079,0.69,0.286,-0.192,0.343,-0.203,-0.135,-0.057,-0.18,-0.257,0.354,0.173,0.243,-0.339,0.611,0.527,-0.613,0.714,0.666,-0.032,0.615,0.717,-0.027,-0.203,0.548,-0.111,0.249,0.435,0.807,0.205,-0.248,0.675,0.469,-0.267,0.614,0.718,0.774,0.476,0.215,0.84,0.167,0.415,0.438,0.81,0.035,0.674,0.67,0.252,0.694,0.388,0.467,-0.262,0.548,-0.14,0.207,0.305,0.822,0.69,-0.474,0.798,0.605,-0.217,0.567,0.423,0.149,-0.304,0.262,0.274,0.162,0.198,0.532,0.637,-0.067,0.503,0.045,0.489,0.566,0.357,0.384,0.195,0.566,0.885,0.769,0.466,-0.461,0.607,-0.413,0.343,0.602,-0.631,0.699,0.851,0.592,0.691,0.005,0.149,0.445,-0.011,0.331,0.728,0.179,-0.377,0.4,0.331,0.543,0.493,0.625,0.473,-0.068,0.225,0.423,0.791,0.395,0.283,0.596,0.766,0.62,-0.292,0.343,0.499,0.666,-0.285,-0.155,0.35,0.791,0.386,0.782,0.724,-0.67,0.217,0.649,0.753,0.263,0.333,-0.354,0.42,0.62,0.834,0.449,0.733,0.759,0.669,0.625,0.553,0.274
ATEC,-0.24,0.708,0.343,0.413,0.631,0.758,0.758,0.665,0.142,0.416,0.571,0.714,0.801,0.599,0.641,0.54,0.0,0.28,-0.413,0.583,0.479,0.478,0.343,0.592,-0.166,0.5,0.303,-0.196,0.403,0.722,0.532,0.814,0.721,0.427,0.379,0.254,0.576,0.675,-0.214,0.644,0.649,0.472,0.484,0.521,0.282,0.819,0.473,0.526,0.336,0.036,0.789,0.407,0.251,0.827,-0.027,0.156,0.518,0.263,-0.069,0.587,0.076,0.107,0.199,-0.042,-0.059,0.71,0.398,0.315,-0.075,0.57,0.514,0.021,0.799,0.602,0.069,0.685,0.689,0.499,0.032,0.425,0.121,0.181,0.344,0.616,0.055,-0.19,0.648,0.347,0.124,0.662,0.513,0.788,0.501,0.662,0.76,0.224,0.791,0.541,0.835,0.056,0.792,0.655,0.201,0.768,0.398,0.58,-0.105,0.641,-0.129,0.517,0.475,0.453,0.644,-0.09,0.673,0.587,-0.133,0.552,0.784,-0.04,0.169,-0.028,0.124,0.231,0.272,0.334,0.756,0.264,0.566,0.113,0.488,0.164,0.491,0.782,0.761,0.532,0.717,0.666,0.428,-0.038,0.719,-0.02,0.375,0.752,0.021,0.527,0.627,0.345,0.657,0.193,0.082,0.156,0.001,0.437,0.842,-0.008,0.068,0.715,0.521,0.576,0.325,0.554,0.489,0.136,0.183,0.412,0.58,-0.253,0.06,0.86,0.678,0.318,-0.151,0.287,0.428,0.59,0.036,0.061,0.361,0.448,0.307,0.619,0.582,-0.05,0.211,0.478,0.582,0.198,0.252,-0.128,0.574,0.805,0.84,0.378,0.663,0.698,0.67,0.683,0.669,0.243
ATXS,0.324,-0.075,-0.138,-0.303,-0.081,-0.075,-0.072,0.119,0.043,0.764,-0.263,-0.322,-0.054,-0.374,-0.296,-0.332,0.28,0.0,-0.365,-0.291,-0.463,-0.077,0.417,0.079,0.307,0.472,0.48,0.125,0.052,-0.304,0.032,-0.082,-0.192,-0.419,0.156,-0.194,-0.169,0.241,-0.037,0.34,0.014,0.211,0.211,-0.347,-0.569,0.513,0.238,0.091,-0.058,-0.119,0.387,-0.251,-0.201,-0.077,0.462,0.555,-0.352,-0.104,0.122,-0.083,0.518,0.505,0.381,0.361,0.38,0.38,0.301,0.163,-0.184,-0.067,-0.137,0.759,-0.16,-0.373,-0.083,-0.025,-0.262,0.347,0.536,-0.328,0.512,0.15,-0.397,-0.13,0.026,0.398,-0.294,-0.422,0.401,-0.322,-0.43,-0.119,-0.138,0.653,-0.188,0.368,0.257,-0.143,-0.164,0.117,0.223,-0.239,0.008,0.234,-0.011,0.145,0.282,0.01,-0.254,0.227,0.406,-0.531,-0.319,0.291,-0.297,-0.21,0.423,-0.405,0.454,-0.272,0.755,-0.161,-0.09,0.04,0.122,-0.395,-0.076,-0.163,0.417,-0.13,-0.029,-0.391,0.003,0.285,0.268,0.076,-0.233,-0.332,-0.272,0.101,-0.098,0.357,-0.164,-0.047,0.696,-0.051,-0.144,-0.557,-0.184,0.193,-0.044,-0.516,-0.287,-0.257,-0.049,0.082,0.1,0.151,0.299,-0.308,-0.03,-0.174,-0.254,0.231,0.114,-0.136,-0.035,-0.62,-0.425,0.074,-0.275,-0.357,0.369,-0.263,-0.063,-0.312,0.497,0.118,-0.179,-0.453,0.171,-0.335,-0.338,0.666,-0.092,-0.409,-0.406,0.183,-0.251,0.516,-0.14,0.099,0.048,-0.453,-0.26,-0.19,-0.3,0.1,0.322,0.343
AVAV,0.236,-0.371,-0.39,-0.468,-0.336,-0.162,-0.335,-0.712,0.398,-0.297,-0.003,-0.13,-0.386,-0.241,-0.145,0.108,-0.413,-0.365,0.0,0.066,-0.211,0.121,-0.161,-0.208,0.337,-0.085,-0.187,0.331,0.123,-0.132,0.09,-0.302,-0.307,-0.26,0.28,-0.55,-0.552,-0.471,0.538,-0.354,-0.321,-0.475,-0.117,-0.393,0.023,-0.432,-0.514,-0.291,-0.374,0.214,-0.327,0.188,-0.569,-0.226,0.106,0.096,-0.018,0.187,0.313,-0.612,0.133,0.053,0.136,0.304,0.335,-0.269,-0.028,0.273,-0.121,-0.14,-0.472,-0.231,-0.363,-0.267,0.136,-0.239,-0.384,-0.536,0.181,-0.331,0.103,0.368,-0.376,0.153,0.555,0.17,-0.356,0.118,0.024,-0.157,-0.209,-0.127,-0.507,-0.441,-0.013,0.028,-0.195,-0.57,-0.289,0.347,-0.158,-0.351,0.304,-0.259,0.181,0.049,0.304,-0.422,0.231,0.016,-0.476,-0.0,-0.322,-0.039,-0.06,0.004,0.26,-0.237,-0.345,0.326,-0.309,0.602,0.3,0.19,0.141,0.242,-0.269,-0.362,-0.045,0.187,-0.032,0.345,-0.031,-0.631,-0.556,-0.361,-0.148,-0.199,-0.446,-0.134,-0.454,0.122,0.013,-0.432,-0.367,0.151,0.077,-0.212,-0.432,-0.003,-0.225,-0.252,0.349,0.059,-0.357,0.328,-0.593,-0.696,-0.083,-0.223,0.331,-0.4,-0.45,0.087,-0.027,-0.4,0.187,0.547,0.384,-0.347,-0.301,0.327,0.315,0.003,0.072,0.046,-0.047,0.169,0.06,0.009,0.221,-0.12,-0.318,-0.108,0.279,-0.259,0.051,-0.272,0.239,0.16,-0.526,-0.512,-0.139,-0.014,-0.212,-0.249,-0.304,-0.008,-0.17,-0.038
AXON,-0.425,0.474,0.322,0.335,0.693,0.737,0.568,0.205,0.333,0.007,0.522,0.768,0.744,0.547,0.599,0.896,0.583,-0.291,0.066,0.0,0.571,0.57,-0.003,0.35,-0.25,0.33,0.192,-0.087,0.245,0.691,0.479,0.764,0.573,0.487,0.501,-0.02,0.367,0.521,-0.027,0.475,0.228,0.457,0.538,0.508,0.48,0.306,0.268,0.555,0.336,0.005,0.516,0.56,0.127,0.787,-0.374,-0.018,0.542,0.203,-0.173,0.27,-0.176,-0.005,-0.023,-0.162,-0.122,0.283,0.089,0.353,-0.426,0.612,0.487,-0.451,0.66,0.605,-0.087,0.668,0.665,-0.067,-0.085,0.55,0.013,0.231,0.316,0.847,0.227,-0.173,0.613,0.386,-0.239,0.642,0.6,0.707,0.424,0.251,0.822,0.319,0.45,0.388,0.79,0.159,0.61,0.696,0.23,0.66,0.322,0.501,-0.222,0.591,-0.303,0.268,0.331,0.674,0.635,-0.49,0.695,0.572,-0.093,0.501,0.5,-0.02,-0.262,0.295,0.2,0.056,0.062,0.465,0.611,-0.107,0.554,0.004,0.593,0.546,0.228,0.284,0.221,0.519,0.859,0.658,0.417,-0.424,0.678,-0.409,0.222,0.601,-0.486,0.759,0.809,0.466,0.65,0.131,0.193,0.296,-0.051,0.324,0.689,0.098,-0.416,0.363,0.326,0.448,0.413,0.612,0.415,-0.061,0.158,0.401,0.816,0.456,0.217,0.648,0.705,0.512,-0.237,0.203,0.394,0.646,-0.044,-0.172,0.22,0.643,0.355,0.721,0.694,-0.542,0.143,0.593,0.669,0.315,0.325,-0.304,0.332,0.604,0.818,0.352,0.678,0.674,0.59,0.676,0.504,0.214
BANF,-0.636,0.722,0.684,0.804,0.572,0.668,0.727,0.674,-0.277,-0.317,0.624,0.867,0.783,0.896,0.822,0.658,0.479,-0.463,-0.211,0.571,0.0,0.42,-0.042,0.39,-0.639,-0.202,-0.268,-0.528,0.073,0.8,0.099,0.767,0.788,0.902,-0.193,0.713,0.787,0.412,-0.394,0.197,0.445,0.3,0.145,0.92,0.799,0.123,0.158,0.505,0.41,0.009,0.298,0.436,0.671,0.753,-0.512,-0.431,0.717,0.213,-0.36,0.808,-0.539,-0.644,-0.38,-0.562,-0.705,0.237,-0.018,-0.22,0.228,0.496,0.775,-0.711,0.833,0.888,0.062,0.429,0.897,0.364,-0.655,0.718,-0.572,-0.271,0.876,0.313,-0.306,-0.65,0.902,0.581,-0.302,0.726,0.93,0.681,0.739,0.054,0.692,-0.314,0.351,0.821,0.797,-0.384,0.375,0.849,-0.02,0.499,0.075,0.151,-0.539,0.622,-0.024,0.039,0.133,0.861,0.904,-0.337,0.746,0.576,-0.749,0.881,0.198,0.151,-0.519,-0.206,0.002,0.006,-0.044,0.49,0.726,0.447,-0.028,0.208,0.253,0.258,0.357,0.556,0.538,0.426,0.8,0.903,0.832,-0.048,0.675,-0.427,0.44,0.799,-0.538,0.138,0.584,0.941,0.796,-0.167,0.282,0.83,0.192,0.406,0.747,-0.206,0.321,0.68,0.078,0.816,0.08,0.739,0.834,-0.258,0.137,0.676,0.258,0.186,0.296,0.586,0.892,0.433,-0.701,0.591,0.266,0.589,-0.574,-0.227,0.434,0.778,-0.131,0.758,0.895,-0.707,0.161,0.863,0.743,0.049,0.31,-0.738,0.866,0.73,0.583,0.729,0.894,0.78,0.932,0.327,0.195,-0.264
BATRK,0.027,0.577,0.243,0.068,0.311,0.631,0.537,0.212,0.354,0.278,0.565,0.61,0.488,0.421,0.649,0.569,0.478,-0.077,0.121,0.57,0.42,0.0,0.543,0.521,0.144,0.231,0.225,0.158,0.496,0.616,0.548,0.579,0.474,0.2,0.322,-0.006,0.38,0.514,0.322,0.526,0.379,0.148,0.559,0.259,0.29,0.305,0.069,0.297,-0.042,0.33,0.403,0.631,-0.097,0.639,0.087,0.125,0.507,0.437,0.279,0.212,0.266,0.066,0.335,0.25,0.094,0.529,0.364,0.456,0.06,0.219,0.191,-0.219,0.42,0.385,0.349,0.292,0.459,0.23,0.164,0.094,0.304,0.413,0.174,0.592,0.393,-0.104,0.462,0.507,0.338,0.379,0.356,0.734,0.104,0.348,0.707,0.235,0.702,0.162,0.566,0.299,0.69,0.491,0.568,0.619,0.554,0.604,0.206,0.185,0.058,0.554,0.238,0.494,0.473,0.059,0.645,0.6,0.025,0.333,0.502,0.279,0.026,0.489,0.515,0.543,0.505,0.577,0.58,0.2,0.462,0.431,0.534,0.467,0.496,0.245,0.365,0.489,0.549,0.522,0.116,0.026,0.286,0.106,0.599,0.553,-0.284,0.516,0.58,0.304,0.314,0.307,0.104,0.02,0.352,0.509,0.604,0.416,-0.128,0.245,0.534,0.585,0.515,0.23,0.186,0.366,0.152,0.118,0.582,0.183,0.463,0.625,0.562,0.607,0.094,0.349,0.546,0.629,0.033,0.226,0.547,0.633,0.43,0.396,0.333,-0.117,0.524,0.258,0.589,-0.17,0.555,0.043,0.288,0.495,0.697,0.509,0.527,0.513,0.494,0.615,0.628,0.104
BIDU,0.477,0.392,0.034,-0.288,-0.114,0.298,0.318,0.193,0.318,0.678,0.282,0.108,0.115,0.019,0.313,0.031,0.343,0.417,-0.161,-0.003,-0.042,0.543,0.0,0.509,0.499,0.255,0.536,0.398,0.508,0.212,0.462,0.233,0.183,-0.229,0.153,-0.114,0.176,0.421,0.434,0.485,0.44,-0.001,0.523,-0.142,-0.214,0.398,-0.002,0.068,-0.092,0.468,0.327,0.397,-0.256,0.229,0.569,0.286,0.162,0.505,0.571,0.062,0.704,0.345,0.592,0.587,0.325,0.599,0.581,0.461,0.212,-0.237,-0.151,0.401,0.056,-0.076,0.513,-0.046,0.053,0.481,0.431,-0.368,0.657,0.477,-0.19,0.195,0.38,0.122,0.049,0.269,0.686,-0.127,-0.138,0.44,-0.214,0.59,0.311,0.229,0.662,-0.123,0.107,0.37,0.599,0.109,0.562,0.389,0.483,0.566,0.571,-0.216,0.211,0.634,0.31,0.019,0.068,0.516,0.236,0.302,0.366,-0.144,0.571,0.431,0.595,0.284,0.51,0.694,0.715,0.314,0.291,0.196,0.362,0.452,0.348,0.19,0.58,0.277,0.277,0.462,0.053,0.101,-0.244,0.328,-0.061,0.571,0.544,0.234,0.139,0.159,-0.016,-0.167,-0.061,0.389,-0.147,-0.353,0.298,0.395,0.367,0.535,0.11,0.158,0.66,0.273,0.485,-0.221,-0.208,0.671,0.248,-0.262,0.217,-0.307,0.284,0.421,0.181,0.314,0.48,0.195,0.489,0.303,0.329,0.511,0.461,0.235,0.54,-0.164,-0.161,0.473,0.522,-0.261,0.21,-0.33,0.405,0.534,0.068,0.32,0.362,0.217,0.038,0.182,0.075,0.381,0.623,0.276
BLNE,0.105,0.741,0.248,0.129,0.298,0.724,0.739,0.418,0.364,0.301,0.716,0.584,0.494,0.511,0.66,0.441,0.592,0.079,-0.208,0.35,0.39,0.521,0.509,0.0,0.177,0.467,0.423,0.142,0.644,0.705,0.614,0.663,0.606,0.253,0.326,0.109,0.515,0.544,0.273,0.445,0.585,0.178,0.643,0.307,0.159,0.347,0.054,0.33,0.337,0.533,0.358,0.668,0.011,0.59,0.261,-0.144,0.556,0.662,0.347,0.334,0.329,0.168,0.448,0.324,0.052,0.738,0.579,0.436,0.156,0.025,0.134,-0.011,0.526,0.465,0.53,0.254,0.515,0.537,0.102,0.065,0.19,0.519,0.191,0.585,0.287,-0.207,0.461,0.629,0.4,0.32,0.351,0.741,0.098,0.546,0.663,0.129,0.745,0.218,0.549,0.288,0.79,0.47,0.587,0.548,0.659,0.756,0.291,0.092,0.235,0.659,0.328,0.553,0.56,0.281,0.746,0.589,0.041,0.313,0.674,0.472,0.295,0.204,0.586,0.68,0.672,0.681,0.728,0.37,0.394,0.547,0.623,0.54,0.692,0.457,0.381,0.637,0.45,0.545,0.13,0.311,0.275,0.322,0.765,0.52,-0.294,0.426,0.313,0.293,0.353,0.334,-0.237,0.068,0.346,0.622,0.69,0.497,0.061,0.444,0.767,0.668,0.541,0.135,0.17,0.494,0.287,0.002,0.544,-0.087,0.487,0.698,0.58,0.665,0.168,0.446,0.788,0.737,-0.064,0.439,0.725,0.675,0.58,0.393,0.289,0.06,0.621,0.202,0.563,-0.209,0.516,0.134,0.361,0.618,0.639,0.597,0.49,0.632,0.564,0.731,0.676,0.305
BLNK,0.935,-0.239,-0.696,-0.835,-0.569,-0.218,-0.165,-0.502,0.549,0.432,0.061,-0.401,-0.533,-0.473,-0.218,-0.323,-0.166,0.307,0.337,-0.25,-0.639,0.144,0.499,0.177,0.0,0.36,0.437,0.915,0.593,-0.224,0.563,-0.381,-0.283,-0.8,0.507,-0.722,-0.498,-0.196,0.85,-0.018,-0.009,-0.456,0.197,-0.81,-0.609,-0.004,-0.392,-0.451,-0.428,0.649,-0.251,0.23,-0.822,-0.365,0.819,0.385,-0.256,0.467,0.894,-0.671,0.842,0.71,0.857,0.963,0.879,0.302,0.493,0.764,0.09,-0.575,-0.845,0.629,-0.559,-0.569,0.603,-0.414,-0.614,-0.02,0.809,-0.822,0.758,0.783,-0.84,0.141,0.762,0.469,-0.655,0.125,0.746,-0.459,-0.733,-0.084,-0.905,0.164,-0.117,0.404,0.254,-0.85,-0.469,0.852,0.147,-0.471,0.708,-0.215,0.521,0.491,0.971,-0.773,0.431,0.631,-0.176,-0.402,-0.498,0.687,-0.158,0.071,0.811,-0.633,0.228,0.457,0.566,0.659,0.652,0.644,0.609,0.264,-0.164,-0.11,0.204,0.492,0.298,0.371,0.298,-0.453,-0.326,-0.173,-0.478,-0.518,-0.9,0.438,-0.624,0.858,0.262,-0.495,0.159,0.2,-0.365,-0.741,-0.728,0.519,-0.605,-0.875,0.444,0.309,-0.275,0.722,-0.307,-0.593,0.545,-0.242,0.489,-0.848,-0.85,0.84,0.096,-0.881,0.186,-0.005,0.391,-0.064,-0.496,0.28,0.971,-0.144,0.425,0.118,0.594,0.804,0.305,-0.224,0.668,-0.523,-0.785,0.77,0.571,-0.802,-0.161,-0.513,0.391,0.913,-0.712,-0.416,-0.168,-0.082,-0.562,-0.344,-0.545,0.242,0.208,0.194
BTAI,0.175,0.2,-0.123,-0.183,0.391,0.407,0.301,-0.028,0.597,0.647,0.212,0.115,0.274,-0.025,0.024,0.291,0.5,0.472,-0.085,0.33,-0.202,0.231,0.255,0.467,0.36,0.0,0.535,0.341,0.299,0.188,0.522,0.347,0.213,-0.156,0.707,-0.439,-0.088,0.47,0.231,0.523,0.128,0.453,0.607,-0.125,-0.308,0.407,0.284,0.323,0.354,0.139,0.483,0.308,-0.33,0.254,0.249,0.395,0.071,0.189,0.16,-0.127,0.448,0.717,0.575,0.456,0.482,0.574,0.429,0.613,-0.362,0.257,-0.057,0.415,0.137,0.061,0.008,0.423,0.078,0.148,0.654,0.006,0.521,0.555,-0.316,0.609,0.415,0.46,-0.036,-0.012,0.278,0.112,-0.12,0.346,-0.099,0.584,0.27,0.744,0.435,-0.133,0.263,0.544,0.586,0.064,0.337,0.519,0.542,0.575,0.314,0.138,-0.094,0.464,0.553,0.006,0.07,0.054,0.246,0.259,0.577,-0.113,0.648,-0.087,0.618,0.233,0.347,0.281,0.358,0.085,0.273,-0.18,0.854,0.06,0.57,0.315,0.199,0.242,0.14,0.336,0.231,0.052,-0.209,-0.16,0.193,0.197,0.086,0.088,0.232,0.698,0.298,-0.305,0.127,0.42,-0.158,-0.385,-0.204,0.077,0.24,0.39,-0.376,0.138,0.583,-0.012,0.382,0.013,-0.137,0.387,0.307,-0.095,0.633,-0.084,-0.041,0.395,0.061,0.2,0.425,-0.076,0.501,0.29,0.474,0.271,0.095,0.036,0.6,0.182,-0.047,0.321,0.167,-0.125,0.017,0.376,0.073,0.477,-0.224,0.277,0.46,-0.103,0.087,0.249,-0.021,0.662,0.625,0.639
BYND,0.337,0.066,-0.143,-0.326,0.117,0.167,0.108,-0.024,0.472,0.709,-0.015,-0.037,0.077,-0.27,-0.09,0.091,0.303,0.48,-0.187,0.192,-0.268,0.225,0.536,0.423,0.437,0.535,0.0,0.381,0.288,-0.006,0.39,0.162,0.034,-0.303,0.498,-0.433,0.022,0.295,0.376,0.435,0.012,0.36,0.657,-0.263,-0.297,0.487,0.314,0.21,0.169,0.081,0.418,0.245,-0.216,0.11,0.461,0.266,0.086,0.337,0.328,-0.24,0.519,0.681,0.479,0.532,0.507,0.465,0.576,0.538,-0.294,-0.178,-0.141,0.549,-0.025,-0.147,0.221,0.023,-0.099,0.083,0.592,-0.189,0.702,0.543,-0.442,0.41,0.495,0.396,-0.153,-0.094,0.4,-0.211,-0.306,0.184,-0.203,0.539,0.21,0.618,0.417,-0.207,0.049,0.446,0.46,0.02,0.316,0.428,0.298,0.476,0.428,-0.046,-0.169,0.455,0.521,-0.16,-0.145,0.376,0.09,0.069,0.6,-0.398,0.608,0.073,0.671,0.15,0.39,0.319,0.392,0.107,0.058,-0.054,0.514,0.168,0.408,0.163,0.315,0.066,-0.0,0.44,0.075,-0.064,-0.333,-0.026,0.061,0.343,0.107,-0.034,0.225,0.401,0.09,-0.356,-0.06,0.483,-0.024,-0.484,-0.056,0.01,0.199,0.356,-0.124,0.028,0.546,-0.068,0.475,-0.133,-0.367,0.461,0.14,-0.139,0.377,-0.294,0.09,0.255,-0.007,0.038,0.549,0.097,0.342,0.092,0.605,0.233,0.058,-0.014,0.598,-0.167,-0.186,0.444,0.259,-0.385,0.011,0.048,0.212,0.617,-0.211,0.249,0.319,-0.121,-0.122,0.161,-0.174,0.43,0.668,0.477
CAN,0.81,-0.231,-0.617,-0.732,-0.458,-0.19,-0.14,-0.496,0.555,0.332,0.09,-0.332,-0.465,-0.403,-0.171,-0.208,-0.196,0.125,0.331,-0.087,-0.528,0.158,0.398,0.142,0.915,0.341,0.381,0.0,0.529,-0.172,0.584,-0.312,-0.228,-0.68,0.513,-0.696,-0.435,-0.129,0.801,-0.048,-0.031,-0.351,0.194,-0.699,-0.516,-0.09,-0.317,-0.351,-0.301,0.624,-0.291,0.257,-0.755,-0.33,0.633,0.242,-0.196,0.404,0.794,-0.638,0.73,0.651,0.79,0.848,0.771,0.214,0.357,0.79,0.041,-0.486,-0.771,0.517,-0.506,-0.449,0.534,-0.288,-0.506,-0.128,0.733,-0.684,0.705,0.707,-0.756,0.221,0.73,0.47,-0.569,0.153,0.588,-0.367,-0.607,-0.056,-0.816,0.078,-0.075,0.457,0.177,-0.778,-0.406,0.896,0.121,-0.384,0.662,-0.215,0.528,0.466,0.874,-0.699,0.376,0.544,-0.136,-0.295,-0.394,0.535,-0.122,0.09,0.766,-0.536,0.179,0.416,0.445,0.686,0.647,0.547,0.502,0.282,-0.143,-0.123,0.254,0.461,0.415,0.489,0.222,-0.522,-0.392,-0.114,-0.367,-0.43,-0.797,0.325,-0.492,0.695,0.212,-0.44,0.051,0.311,-0.316,-0.626,-0.605,0.549,-0.531,-0.745,0.363,0.318,-0.241,0.718,-0.357,-0.585,0.475,-0.212,0.462,-0.742,-0.751,0.775,0.105,-0.804,0.247,0.217,0.412,-0.041,-0.399,0.303,0.874,-0.136,0.432,0.191,0.584,0.705,0.252,-0.142,0.643,-0.415,-0.653,0.606,0.499,-0.666,-0.118,-0.381,0.376,0.802,-0.711,-0.399,-0.143,-0.035,-0.484,-0.292,-0.489,0.275,0.147,0.219
CCEC,0.547,0.485,-0.215,-0.303,-0.177,0.473,0.522,0.101,0.414,0.238,0.726,0.369,0.126,0.32,0.56,0.213,0.403,0.052,0.123,0.245,0.073,0.496,0.508,0.644,0.593,0.299,0.288,0.529,0.0,0.557,0.868,0.316,0.369,-0.202,0.457,-0.211,0.167,0.226,0.596,0.282,0.52,-0.34,0.42,-0.148,-0.056,0.245,-0.286,-0.111,-0.204,0.822,0.062,0.619,-0.426,0.367,0.547,0.086,0.314,0.744,0.779,-0.027,0.61,0.281,0.709,0.661,0.426,0.635,0.532,0.701,0.204,-0.215,-0.348,0.14,0.202,0.09,0.731,0.032,0.136,0.416,0.325,-0.379,0.39,0.743,-0.22,0.508,0.602,-0.181,0.107,0.712,0.653,0.185,-0.014,0.567,-0.382,0.39,0.56,0.065,0.749,-0.25,0.261,0.6,0.631,0.203,0.877,0.214,0.66,0.796,0.694,-0.322,0.452,0.882,-0.086,0.299,0.262,0.487,0.543,0.598,0.274,0.077,0.583,0.638,0.234,0.668,0.732,0.789,0.713,0.773,0.588,0.245,0.226,0.655,0.587,0.672,0.678,0.107,0.189,0.231,0.149,0.206,-0.306,0.571,-0.099,0.67,0.776,0.249,-0.322,0.383,0.103,-0.076,-0.115,0.479,-0.58,-0.36,0.642,0.851,0.459,0.717,-0.156,0.025,0.826,0.472,0.591,-0.305,-0.266,0.734,0.129,-0.491,0.506,0.119,0.657,0.577,0.259,0.776,0.514,0.196,0.755,0.736,0.146,0.766,0.787,0.468,0.719,0.095,-0.11,0.33,0.79,-0.129,0.489,-0.599,0.687,0.392,-0.016,0.222,0.429,0.501,0.155,0.295,0.269,0.662,0.478,0.09
CDW,-0.296,0.865,0.448,0.507,0.537,0.888,0.903,0.572,0.15,-0.044,0.899,0.944,0.789,0.907,0.944,0.758,0.722,-0.304,-0.132,0.691,0.8,0.616,0.212,0.705,-0.224,0.188,-0.006,-0.172,0.557,0.0,0.591,0.879,0.876,0.649,0.228,0.38,0.697,0.534,-0.014,0.415,0.658,0.187,0.429,0.696,0.587,0.334,0.075,0.424,0.338,0.368,0.413,0.727,0.288,0.874,-0.159,-0.211,0.767,0.528,0.055,0.635,-0.112,-0.247,0.098,-0.104,-0.289,0.607,0.323,0.266,0.172,0.423,0.495,-0.492,0.852,0.816,0.345,0.511,0.849,0.442,-0.289,0.469,-0.209,0.235,0.58,0.675,0.113,-0.54,0.815,0.806,0.048,0.776,0.772,0.922,0.447,0.297,0.912,-0.088,0.708,0.553,0.885,0.05,0.743,0.796,0.427,0.613,0.513,0.603,-0.106,0.437,0.189,0.503,0.159,0.885,0.899,-0.093,0.959,0.804,-0.387,0.782,0.535,0.376,-0.248,0.197,0.395,0.417,0.372,0.771,0.921,0.439,0.256,0.419,0.572,0.582,0.635,0.569,0.55,0.523,0.813,0.877,0.521,0.11,0.6,-0.068,0.728,0.795,-0.563,0.493,0.657,0.703,0.675,0.135,-0.074,0.456,0.36,0.739,0.902,0.201,0.05,0.603,0.53,0.898,0.429,0.515,0.57,0.165,0.175,0.331,0.619,0.175,0.518,0.837,0.885,0.76,-0.281,0.547,0.674,0.908,-0.378,0.187,0.719,0.883,0.344,0.787,0.714,-0.418,0.505,0.669,0.887,-0.133,0.565,-0.365,0.662,0.752,0.806,0.797,0.848,0.852,0.904,0.693,0.528,-0.01
CDXS,0.443,0.45,-0.259,-0.204,0.099,0.509,0.594,0.106,0.501,0.345,0.683,0.418,0.284,0.339,0.525,0.359,0.532,0.032,0.09,0.479,0.099,0.548,0.462,0.614,0.563,0.522,0.39,0.584,0.868,0.591,0.0,0.434,0.494,-0.136,0.672,-0.277,0.159,0.375,0.531,0.4,0.505,-0.068,0.527,-0.081,-0.027,0.386,-0.068,0.091,-0.031,0.703,0.193,0.68,-0.352,0.419,0.386,0.161,0.311,0.651,0.645,-0.003,0.502,0.45,0.69,0.6,0.48,0.685,0.553,0.852,0.087,0.016,-0.199,0.185,0.262,0.215,0.587,0.251,0.224,0.298,0.444,-0.156,0.445,0.751,-0.217,0.713,0.643,-0.046,0.133,0.644,0.529,0.361,0.023,0.644,-0.283,0.417,0.636,0.38,0.758,-0.181,0.385,0.754,0.684,0.328,0.795,0.361,0.733,0.85,0.599,-0.129,0.35,0.878,0.105,0.319,0.343,0.355,0.584,0.684,0.393,0.139,0.694,0.475,0.275,0.628,0.701,0.685,0.621,0.715,0.611,0.21,0.461,0.59,0.785,0.742,0.605,0.11,0.206,0.3,0.328,0.26,-0.238,0.377,0.13,0.513,0.633,0.27,-0.215,0.66,0.242,-0.059,0.049,0.564,-0.504,-0.35,0.491,0.777,0.524,0.601,-0.254,0.073,0.831,0.45,0.635,-0.156,-0.169,0.714,0.206,-0.359,0.691,0.189,0.585,0.667,0.326,0.706,0.497,0.196,0.793,0.803,0.318,0.683,0.642,0.426,0.764,0.249,0.015,0.288,0.692,-0.04,0.52,-0.325,0.654,0.401,-0.067,0.322,0.549,0.442,0.222,0.402,0.271,0.803,0.597,0.149
