,ABEO,ACHC,AGNCN,AKAM,AKRO,ALRM,AMAT,AMED,AMRN,ANGI,APA,APOG,APPS,ARCB,ARCC,ARVN,ATEC,ATXS,AVAV,AXON,BANF,BATRK,BIDU,BLNE,BLNK,BTAI,BYND,CAN,CCEC,CDW,CDXS,CELH,CGNX,CHKP,CHRS,CHRW,CIGI,CKPT,CMPR,COGT,CRNC,CRSP,CSTL,CTSH,CVGW,DGLY,DNLI,DOCU,DVAX,EBAY,EHTH,ERII,ESLT,EXPE,EXPO,FBIOP,FFBC,FFIN,FOXF,FWRD,GDS,GERN,GPRE,GRWG,GRYP,HEES,HELE,HIVE,HON,HRTX,HSTM,HURA,IART,IBKR,IBOC,IBRX,IDXX,INGN,INM,INVA,IQ,IRBT,KDP,KPTI,KTOS,KXIN,LAMR,LFUS,LGIH,LGMK,LKFN,LNW,LOPE,LPSN,LYFT,MGNX,MLCO,MNST,MODV,MSTR,MTCH,MYGN,MYRG,NCMI,NEXT,NFLX,NIU,NKTR,NRC,NTNX,NTRA,NVEE,NVMI,NWL,NWS,NXPI,OCGN,OCSL,OKTA,OLLI,OTLK,OXLC,PAA,PARA,PARAA,PDCO,PDFS,PFG,PGEN,PNFP,PODD,POWI,PSMT,PTC,PTEN,PVLA,RDNT,RDUS,RDWR,REGN,RNAC,ROCK,ROST,RRR,RSLS,RVMD,RYAAY,SAFT,SAGE,SAVA,SBGI,SFM,SFNC,SHYF,SIBN,SIFY,SIGI,SIMO,SITM,SLM,SNBR,SNDX,SNY,SPNS,SRRK,STRA,SUPN,SYRE,TCBK,TEAM,TECH,THRM,TLRY,TRMK,TROW,TSLA,TWST,TXN,UFPI,UNIT,UPWK,USLM,UTHR,VERB,VLY,VRNA,VRRM,VXRT,WAFD,WATT,WBA,WING,WIX,WTFC,WTW,XPEL,XRX,YMAB,ZG,ZLAB
ABEO,0.0,0.774,-0.374,-0.289,0.683,0.567,0.609,0.087,0.018,0.672,0.758,0.663,0.566,0.338,0.228,0.031,0.731,0.848,0.629,0.228,-0.352,0.691,0.687,-0.119,0.372,0.786,0.299,0.722,0.753,0.392,0.852,0.757,0.802,0.581,0.477,0.08,0.697,0.72,0.625,-0.141,0.039,0.338,0.901,0.049,-0.589,0.249,0.668,0.711,0.714,0.228,-0.237,0.712,0.098,0.436,0.564,0.121,0.617,-0.252,-0.018,0.184,0.607,0.712,-0.089,0.201,0.408,0.296,0.275,0.68,0.124,0.846,-0.031,0.207,0.612,0.823,0.199,0.718,0.093,-0.331,0.295,-0.732,0.427,-0.159,0.466,0.831,0.682,-0.003,0.767,0.432,0.58,0.218,-0.212,0.669,0.743,0.802,-0.031,0.32,0.779,0.042,0.712,0.302,0.823,0.623,0.791,0.084,0.761,0.633,0.595,0.777,0.521,0.571,0.84,0.604,0.764,0.464,0.078,0.598,0.444,0.81,0.834,-0.488,0.755,0.256,-0.072,0.758,0.725,0.547,0.253,0.525,0.438,0.496,0.151,0.76,0.788,0.582,0.643,0.69,-0.041,-0.481,0.634,0.427,0.438,0.648,-0.54,0.839,0.352,0.663,0.514,-0.436,0.736,-0.65,0.485,-0.153,0.106,0.514,0.852,0.604,-0.334,0.499,0.522,-0.005,-0.113,0.613,-0.277,0.758,-0.172,0.735,0.75,0.515,-0.202,0.719,0.671,0.528,0.384,0.62,0.743,0.859,0.903,0.609,0.364,0.073,0.701,-0.081,0.755,0.603,0.112,0.504,0.17,0.621,0.238,0.46,0.416,0.69,0.509,0.241,0.459,0.259,-0.201,0.605,0.364,0.341
ACHC,0.774,0.0,-0.571,-0.294,0.794,0.481,0.464,-0.049,0.074,0.429,0.806,0.905,0.471,0.502,0.336,-0.141,0.735,0.839,0.616,0.08,-0.437,0.655,0.553,-0.389,0.169,0.903,-0.019,0.572,0.943,0.729,0.881,0.831,0.773,0.546,0.671,0.268,0.914,0.881,0.648,0.067,-0.061,0.077,0.837,0.285,-0.662,0.046,0.708,0.526,0.854,0.526,-0.427,0.882,0.344,0.249,0.794,0.037,0.739,-0.391,-0.048,0.413,0.551,0.893,-0.1,-0.052,0.323,0.451,0.591,0.718,0.314,0.75,0.078,0.075,0.781,0.871,0.445,0.73,0.131,-0.485,0.213,-0.585,0.228,-0.216,0.766,0.819,0.634,-0.012,0.919,0.691,0.71,-0.073,-0.333,0.703,0.771,0.934,-0.216,0.23,0.788,0.133,0.898,0.118,0.72,0.803,0.946,-0.238,0.897,0.796,0.658,0.764,0.698,0.71,0.844,0.815,0.744,0.586,-0.015,0.548,0.209,0.839,0.904,-0.704,0.717,0.135,-0.05,0.619,0.585,0.778,0.504,0.656,0.603,0.597,0.349,0.888,0.748,0.462,0.682,0.86,-0.186,-0.554,0.769,0.613,0.679,0.848,-0.73,0.899,0.037,0.718,0.385,-0.072,0.891,-0.817,0.356,-0.036,0.071,0.721,0.857,0.416,-0.071,0.327,0.77,-0.072,-0.289,0.839,-0.029,0.717,-0.115,0.839,0.864,0.597,-0.237,0.876,0.825,0.737,0.164,0.668,0.913,0.779,0.802,0.602,0.503,0.18,0.629,-0.115,0.787,0.364,-0.078,0.343,0.296,0.402,0.401,0.291,0.699,0.724,0.235,0.292,0.685,0.147,-0.286,0.81,0.101,0.147
AGNCN,-0.374,-0.571,0.0,0.068,-0.37,-0.391,-0.261,-0.242,0.251,-0.088,-0.633,-0.448,-0.56,-0.523,-0.41,0.016,-0.682,-0.494,-0.417,0.421,0.257,-0.149,-0.503,0.118,-0.28,-0.659,0.093,-0.221,-0.688,-0.471,-0.635,-0.746,-0.27,0.068,-0.278,-0.191,-0.693,-0.577,-0.519,0.166,-0.064,-0.106,-0.363,0.049,0.276,-0.224,-0.672,-0.22,-0.506,-0.311,0.088,-0.707,-0.046,-0.153,-0.477,-0.064,-0.197,0.398,0.115,-0.44,-0.635,-0.546,-0.292,-0.046,-0.45,-0.398,-0.577,-0.487,-0.245,-0.421,-0.432,-0.295,-0.582,-0.55,-0.379,-0.388,-0.099,0.144,-0.311,0.136,-0.341,-0.112,-0.568,-0.613,-0.42,0.267,-0.522,-0.314,-0.65,0.046,0.038,-0.156,-0.574,-0.535,-0.109,-0.251,-0.709,-0.294,-0.522,0.078,-0.472,-0.362,-0.612,0.227,-0.648,-0.451,-0.432,-0.62,-0.326,-0.704,-0.381,-0.524,-0.5,-0.493,-0.196,-0.038,-0.101,-0.454,-0.479,0.448,-0.508,-0.322,-0.083,-0.462,-0.376,-0.66,-0.159,-0.241,-0.577,-0.294,-0.175,-0.431,-0.309,-0.311,-0.549,-0.627,-0.113,0.204,-0.405,-0.231,-0.599,-0.385,0.571,-0.54,-0.224,-0.606,-0.118,-0.034,-0.712,0.54,-0.137,-0.038,0.177,-0.602,-0.587,-0.358,0.364,-0.349,-0.582,0.006,0.275,-0.54,-0.01,-0.139,0.131,-0.346,-0.692,-0.168,0.058,-0.53,-0.413,-0.267,-0.297,-0.166,-0.444,-0.53,-0.362,-0.326,-0.003,-0.403,-0.448,0.069,-0.513,-0.039,0.31,-0.227,-0.309,-0.13,0.15,-0.342,-0.718,-0.605,-0.114,-0.108,-0.643,-0.296,0.025,-0.727,0.102,-0.316
AKAM,-0.289,-0.294,0.068,0.0,-0.723,0.439,-0.056,0.446,-0.468,0.05,0.111,-0.314,0.29,0.326,0.371,0.719,-0.078,-0.385,0.316,0.034,0.817,0.056,0.253,0.647,0.535,-0.441,0.473,0.196,-0.396,-0.431,-0.251,-0.074,-0.645,-0.671,-0.763,0.424,-0.171,-0.519,0.306,-0.373,0.74,0.621,-0.396,-0.409,0.822,0.525,0.08,0.031,-0.553,-0.664,0.709,-0.303,-0.547,0.529,-0.186,0.573,-0.178,0.76,0.725,0.464,0.33,-0.611,0.587,0.567,0.552,0.381,0.14,0.078,0.264,0.001,0.431,0.544,-0.595,-0.147,0.45,0.186,-0.326,0.745,0.436,0.324,0.461,0.811,-0.524,-0.211,0.127,-0.474,-0.525,-0.484,0.206,0.648,0.894,-0.217,0.119,-0.268,0.75,0.542,-0.015,0.609,-0.541,0.55,-0.016,-0.547,-0.321,0.481,-0.178,-0.673,-0.719,-0.079,-0.299,0.007,-0.557,-0.413,-0.285,0.32,0.739,-0.037,0.443,-0.162,-0.541,0.673,0.07,0.46,0.761,-0.308,-0.358,-0.332,-0.522,-0.097,0.201,0.186,-0.78,-0.633,-0.022,0.429,0.242,-0.561,0.476,0.843,-0.703,-0.782,-0.006,-0.372,0.629,-0.336,-0.017,-0.55,0.364,-0.138,-0.205,0.669,0.28,-0.217,0.532,0.093,-0.267,0.325,-0.069,0.361,-0.209,0.39,0.693,-0.552,-0.549,-0.428,-0.321,-0.219,-0.364,-0.843,0.853,-0.571,-0.683,-0.276,0.477,-0.27,-0.33,-0.026,-0.278,0.069,-0.141,0.405,0.192,0.502,-0.488,0.123,0.574,-0.051,0.607,0.191,0.188,0.543,-0.142,-0.152,0.017,0.436,0.192,0.547,0.837,-0.076,0.523,0.577
AKRO,0.683,0.794,-0.37,-0.723,0.0,0.077,0.305,-0.314,0.375,0.294,0.426,0.72,0.134,0.07,-0.11,-0.452,0.527,0.759,0.228,0.06,-0.752,0.445,0.205,-0.642,-0.173,0.838,-0.249,0.252,0.806,0.677,0.698,0.565,0.894,0.753,0.903,-0.196,0.68,0.88,0.26,0.37,-0.484,-0.264,0.816,0.419,-0.908,-0.279,0.363,0.313,0.869,0.685,-0.699,0.744,0.561,-0.156,0.702,-0.299,0.564,-0.678,-0.493,-0.083,0.194,0.925,-0.453,-0.346,-0.137,-0.007,0.196,0.462,-0.058,0.488,-0.139,-0.25,0.863,0.629,0.002,0.371,0.266,-0.734,-0.207,-0.543,-0.097,-0.69,0.805,0.66,0.33,0.386,0.898,0.693,0.313,-0.399,-0.754,0.573,0.428,0.748,-0.64,-0.147,0.48,-0.332,0.91,-0.178,0.466,0.913,0.734,-0.422,0.694,0.942,0.881,0.539,0.679,0.4,0.895,0.752,0.616,0.089,-0.473,0.302,-0.079,0.629,0.862,-0.804,0.437,-0.229,-0.526,0.647,0.672,0.66,0.644,0.413,0.276,0.239,0.668,0.941,0.486,0.067,0.24,0.901,-0.433,-0.893,0.895,0.886,0.449,0.728,-0.787,0.742,0.069,0.753,0.06,-0.035,0.695,-0.858,0.058,0.101,-0.256,0.394,0.698,0.072,0.068,0.002,0.636,-0.377,-0.645,0.864,0.348,0.775,0.13,0.751,0.774,0.898,-0.67,0.921,0.926,0.596,-0.168,0.531,0.764,0.561,0.744,0.316,0.329,-0.111,0.331,-0.473,0.839,0.179,-0.379,0.127,-0.179,0.178,0.19,-0.133,0.513,0.544,0.172,-0.101,0.332,-0.271,-0.729,0.57,-0.176,-0.208
ALRM,0.567,0.481,-0.391,0.439,0.077,0.0,0.746,0.616,-0.578,0.733,0.793,0.319,0.877,0.564,0.556,0.691,0.726,0.525,0.932,0.316,0.374,0.655,0.901,0.496,0.821,0.4,0.665,0.859,0.409,-0.058,0.662,0.727,0.265,-0.057,-0.224,0.401,0.512,0.231,0.896,-0.564,0.554,0.844,0.528,-0.481,0.163,0.79,0.746,0.715,0.181,-0.345,0.484,0.418,-0.493,0.801,0.352,0.663,0.364,0.338,0.567,0.52,0.807,0.191,0.374,0.739,0.89,0.566,0.325,0.723,0.283,0.812,0.42,0.767,0.107,0.712,0.542,0.801,-0.042,0.366,0.767,-0.45,0.827,0.504,0.055,0.721,0.817,-0.547,0.288,-0.074,0.777,0.753,0.532,0.358,0.883,0.479,0.587,0.819,0.771,0.686,0.187,0.777,0.783,0.165,0.449,0.563,0.555,0.036,-0.067,0.81,0.364,0.542,0.398,0.173,0.662,0.722,0.792,0.552,0.788,0.601,0.327,0.074,0.849,0.735,0.455,0.438,0.323,0.241,-0.368,0.28,0.476,0.669,-0.512,0.203,0.788,0.951,0.815,0.217,0.607,0.168,-0.042,-0.282,0.316,0.296,-0.126,0.545,0.405,0.358,0.663,-0.479,0.55,-0.18,0.641,-0.421,0.506,0.476,0.69,0.877,-0.428,0.908,0.224,0.48,0.428,0.059,-0.711,0.227,-0.596,0.481,0.53,-0.215,0.499,0.171,0.108,0.273,0.775,0.285,0.471,0.716,0.582,0.793,0.188,0.459,0.92,0.242,0.413,0.728,0.545,0.467,0.654,0.739,0.225,0.903,0.208,0.675,0.645,0.552,0.559,0.803,0.502,0.567,0.751,0.794
AMAT,0.609,0.464,-0.261,-0.056,0.305,0.746,0.0,0.606,-0.53,0.88,0.575,0.244,0.741,0.192,0.276,0.448,0.713,0.625,0.75,0.506,0.026,0.493,0.772,0.384,0.64,0.409,0.583,0.79,0.426,-0.116,0.696,0.645,0.601,0.276,-0.029,0.098,0.339,0.257,0.656,-0.57,0.168,0.601,0.663,-0.552,-0.111,0.647,0.572,0.815,0.257,-0.221,0.349,0.342,-0.479,0.532,0.221,0.48,0.259,0.08,0.259,0.081,0.518,0.304,-0.024,0.647,0.568,0.17,0.021,0.598,-0.006,0.793,0.114,0.609,0.181,0.679,0.176,0.573,0.252,0.158,0.58,-0.687,0.675,0.099,0.1,0.778,0.729,-0.365,0.339,-0.082,0.489,0.555,0.132,0.312,0.751,0.396,0.239,0.569,0.66,0.514,0.223,0.613,0.73,0.287,0.412,0.577,0.425,0.201,0.169,0.814,0.462,0.345,0.632,0.149,0.857,0.45,0.495,0.61,0.664,0.572,0.465,-0.051,0.774,0.615,-0.038,0.488,0.402,0.156,-0.38,0.118,0.096,0.459,-0.216,0.374,0.794,0.771,0.573,0.287,0.585,-0.221,0.137,-0.021,-0.001,0.258,-0.339,0.592,0.507,0.631,0.433,-0.551,0.432,-0.427,0.424,-0.408,0.238,0.105,0.744,0.738,-0.465,0.815,0.059,0.387,0.183,0.079,-0.588,0.309,-0.589,0.43,0.567,0.125,0.09,0.255,0.344,0.212,0.629,0.325,0.534,0.566,0.616,0.827,0.146,0.191,0.838,-0.089,0.584,0.762,0.355,0.534,0.279,0.712,-0.056,0.655,-0.037,0.661,0.876,0.229,0.204,0.586,0.133,0.347,0.567,0.495
AMED,0.087,-0.049,-0.242,0.446,-0.314,0.616,0.606,0.0,-0.779,0.516,0.265,-0.324,0.743,0.208,0.356,0.718,0.517,0.07,0.486,0.142,0.427,0.054,0.607,0.741,0.794,-0.108,0.621,0.383,-0.052,-0.508,0.221,0.315,-0.105,-0.415,-0.575,0.131,-0.061,-0.288,0.497,-0.663,0.501,0.716,0.061,-0.799,0.491,0.72,0.403,0.392,-0.366,-0.654,0.811,0.031,-0.793,0.465,-0.178,0.659,-0.271,0.372,0.396,0.126,0.518,-0.277,0.44,0.789,0.673,0.031,-0.125,0.315,-0.154,0.384,0.447,0.763,-0.201,0.145,0.126,0.208,0.201,0.73,0.549,-0.044,0.812,0.553,-0.301,0.328,0.36,-0.45,-0.257,-0.629,0.305,0.689,0.629,-0.285,0.428,-0.111,0.585,0.591,0.354,0.636,-0.278,0.598,0.394,-0.251,-0.087,0.698,0.077,-0.316,-0.197,0.439,-0.008,0.217,0.009,-0.357,0.289,0.272,0.744,0.023,0.656,0.024,-0.163,0.468,0.411,0.863,0.357,0.151,0.035,-0.1,-0.766,-0.337,-0.029,0.083,-0.447,-0.3,0.259,0.585,0.324,-0.245,0.841,0.329,-0.386,-0.519,-0.13,-0.362,0.098,0.02,0.441,0.176,0.228,-0.539,0.07,0.192,0.174,-0.381,0.147,-0.138,0.233,0.636,-0.435,0.748,-0.277,0.39,0.341,-0.386,-0.547,-0.33,-0.551,-0.071,0.121,-0.421,0.436,-0.276,-0.231,-0.252,0.782,-0.239,-0.096,0.118,0.142,0.361,-0.451,0.337,0.557,-0.004,0.027,0.358,0.343,0.304,0.378,0.471,-0.368,0.673,-0.117,0.396,0.694,0.074,0.217,0.646,0.59,0.158,0.575,0.678
AMRN,0.018,0.074,0.251,-0.468,0.375,-0.578,-0.53,-0.779,0.0,-0.367,-0.229,0.276,-0.655,-0.092,-0.21,-0.649,-0.331,0.059,-0.472,-0.061,-0.423,0.108,-0.529,-0.76,-0.702,0.103,-0.479,-0.347,0.069,0.48,-0.158,-0.292,0.181,0.443,0.625,-0.068,0.061,0.349,-0.477,0.598,-0.455,-0.606,0.057,0.86,-0.512,-0.778,-0.245,-0.326,0.387,0.62,-0.75,0.019,0.816,-0.343,0.129,-0.616,0.305,-0.376,-0.423,-0.151,-0.413,0.323,-0.444,-0.767,-0.64,-0.082,-0.018,-0.355,0.07,-0.259,-0.412,-0.755,0.352,-0.136,-0.24,-0.131,-0.125,-0.626,-0.621,0.087,-0.685,-0.516,0.282,-0.239,-0.347,0.604,0.283,0.592,-0.333,-0.691,-0.649,0.366,-0.42,0.123,-0.578,-0.488,-0.281,-0.731,0.336,-0.606,-0.334,0.356,0.109,-0.601,-0.088,0.343,0.316,-0.386,-0.016,-0.128,0.085,0.281,-0.276,-0.29,-0.718,-0.033,-0.528,0.039,0.224,-0.441,-0.382,-0.732,-0.228,-0.023,0.08,0.139,0.727,0.388,0.02,-0.061,0.643,0.306,-0.217,-0.56,-0.298,0.239,-0.812,-0.342,0.472,0.595,0.236,0.349,-0.141,0.055,-0.396,-0.083,-0.143,0.312,0.023,-0.142,-0.053,0.237,-0.121,0.028,-0.184,-0.489,0.431,-0.672,0.107,-0.389,-0.378,0.447,0.583,0.439,0.763,0.185,-0.014,0.478,-0.551,0.344,0.328,0.306,-0.636,0.29,0.084,-0.087,0.048,-0.343,0.352,-0.389,-0.514,-0.029,0.055,-0.308,-0.319,-0.279,-0.451,-0.276,0.34,-0.66,0.127,-0.237,-0.577,-0.092,-0.244,-0.721,-0.57,-0.108,-0.477,-0.492
ANGI,0.672,0.429,-0.088,0.05,0.294,0.733,0.88,0.516,-0.367,0.0,0.551,0.21,0.669,0.143,0.205,0.488,0.646,0.601,0.744,0.614,0.094,0.638,0.77,0.398,0.677,0.33,0.73,0.834,0.326,-0.164,0.636,0.546,0.601,0.352,-0.034,0.063,0.298,0.234,0.651,-0.526,0.223,0.689,0.705,-0.467,-0.104,0.618,0.489,0.811,0.248,-0.298,0.315,0.248,-0.439,0.632,0.2,0.485,0.328,0.223,0.344,0.008,0.537,0.242,-0.081,0.674,0.556,0.16,-0.079,0.558,-0.039,0.84,-0.004,0.574,0.11,0.653,0.132,0.656,0.17,0.178,0.497,-0.707,0.697,0.09,-0.011,0.703,0.746,-0.173,0.31,-0.071,0.429,0.622,0.167,0.429,0.712,0.368,0.245,0.575,0.601,0.404,0.197,0.71,0.68,0.288,0.341,0.652,0.427,0.148,0.141,0.723,0.383,0.228,0.607,0.121,0.723,0.39,0.458,0.636,0.786,0.612,0.437,0.061,0.767,0.525,0.021,0.528,0.471,0.027,-0.332,0.202,0.07,0.462,-0.26,0.334,0.803,0.811,0.53,0.212,0.445,-0.178,0.103,-0.027,-0.002,0.242,-0.188,0.561,0.463,0.476,0.549,-0.697,0.374,-0.285,0.566,-0.435,0.392,0.112,0.681,0.758,-0.407,0.736,-0.003,0.35,0.281,0.059,-0.634,0.45,-0.511,0.532,0.458,0.094,0.112,0.217,0.289,0.211,0.671,0.416,0.514,0.617,0.694,0.73,0.194,0.091,0.828,-0.09,0.527,0.845,0.521,0.5,0.256,0.85,0.15,0.686,-0.118,0.545,0.866,0.314,0.131,0.521,0.154,0.247,0.725,0.546
APA,0.758,0.806,-0.633,0.111,0.426,0.793,0.575,0.265,-0.229,0.551,0.0,0.722,0.74,0.72,0.566,0.245,0.784,0.746,0.864,0.049,0.021,0.683,0.845,0.083,0.571,0.756,0.369,0.764,0.784,0.437,0.886,0.898,0.51,0.179,0.226,0.423,0.85,0.645,0.876,-0.324,0.396,0.533,0.692,-0.07,-0.254,0.457,0.877,0.649,0.606,0.108,0.023,0.741,-0.071,0.664,0.612,0.308,0.671,0.007,0.333,0.635,0.797,0.609,0.336,0.38,0.731,0.728,0.667,0.736,0.491,0.867,0.261,0.44,0.488,0.904,0.672,0.867,-0.082,-0.081,0.615,-0.571,0.593,0.282,0.436,0.851,0.858,-0.35,0.669,0.403,0.882,0.338,0.163,0.644,0.889,0.793,0.34,0.625,0.936,0.453,0.592,0.369,0.823,0.438,0.832,0.129,0.835,0.41,0.32,0.84,0.484,0.748,0.593,0.664,0.729,0.815,0.452,0.622,0.556,0.819,0.685,-0.343,0.87,0.475,0.35,0.654,0.57,0.595,0.149,0.651,0.751,0.761,-0.132,0.576,0.834,0.775,0.953,0.606,0.178,-0.094,0.382,0.121,0.604,0.672,-0.41,0.829,0.326,0.571,0.692,-0.247,0.844,-0.544,0.634,-0.101,0.367,0.81,0.826,0.716,-0.318,0.65,0.614,0.295,0.162,0.543,-0.462,0.522,-0.274,0.647,0.756,0.175,0.231,0.567,0.448,0.576,0.601,0.589,0.761,0.866,0.736,0.71,0.46,0.387,0.82,0.227,0.606,0.556,0.284,0.54,0.604,0.64,0.378,0.721,0.636,0.716,0.367,0.584,0.738,0.618,0.209,0.788,0.437,0.581
APOG,0.663,0.905,-0.448,-0.314,0.72,0.319,0.244,-0.324,0.276,0.21,0.722,0.0,0.22,0.528,0.353,-0.295,0.493,0.725,0.471,-0.008,-0.37,0.648,0.366,-0.525,-0.029,0.822,-0.156,0.458,0.877,0.849,0.741,0.679,0.666,0.566,0.706,0.375,0.894,0.86,0.504,0.177,-0.052,-0.09,0.688,0.528,-0.647,-0.13,0.599,0.371,0.865,0.659,-0.557,0.77,0.533,0.226,0.75,-0.094,0.846,-0.352,0.03,0.517,0.381,0.848,-0.118,-0.247,0.201,0.583,0.697,0.541,0.523,0.594,0.004,-0.141,0.715,0.791,0.485,0.699,-0.107,-0.592,0.158,-0.515,0.007,-0.211,0.752,0.643,0.49,-0.002,0.878,0.857,0.656,-0.203,-0.364,0.793,0.614,0.888,-0.222,0.116,0.656,0.035,0.848,-0.047,0.547,0.714,0.919,-0.369,0.774,0.724,0.547,0.562,0.594,0.627,0.684,0.841,0.581,0.616,-0.119,0.598,0.017,0.821,0.844,-0.731,0.532,-0.103,0.023,0.457,0.455,0.73,0.67,0.815,0.662,0.654,0.365,0.855,0.642,0.318,0.637,0.796,-0.384,-0.451,0.751,0.604,0.665,0.95,-0.605,0.84,-0.136,0.56,0.411,0.146,0.794,-0.738,0.374,0.02,0.167,0.772,0.689,0.234,0.07,0.127,0.766,-0.04,-0.201,0.858,0.025,0.747,0.082,0.759,0.726,0.567,-0.196,0.816,0.742,0.839,-0.039,0.736,0.876,0.68,0.644,0.522,0.706,0.094,0.425,0.093,0.635,0.256,-0.049,0.272,0.296,0.25,0.585,0.127,0.702,0.542,-0.06,0.415,0.584,0.032,-0.291,0.689,-0.028,0.039
APPS,0.566,0.471,-0.56,0.29,0.134,0.877,0.741,0.743,-0.655,0.669,0.74,0.22,0.0,0.503,0.514,0.596,0.856,0.546,0.814,0.155,0.181,0.434,0.899,0.496,0.805,0.454,0.525,0.713,0.467,-0.034,0.695,0.787,0.282,-0.11,-0.193,0.261,0.492,0.258,0.843,-0.583,0.419,0.752,0.519,-0.558,0.068,0.766,0.759,0.647,0.164,-0.315,0.48,0.537,-0.509,0.61,0.318,0.614,0.188,0.111,0.342,0.409,0.874,0.241,0.397,0.695,0.841,0.384,0.274,0.756,0.054,0.742,0.483,0.775,0.246,0.641,0.405,0.614,0.231,0.358,0.663,-0.37,0.887,0.424,0.115,0.74,0.719,-0.48,0.319,-0.178,0.746,0.661,0.439,0.17,0.847,0.458,0.509,0.652,0.801,0.588,0.242,0.637,0.816,0.169,0.459,0.476,0.593,0.137,0.142,0.839,0.282,0.642,0.452,0.169,0.683,0.621,0.692,0.293,0.69,0.49,0.362,0.043,0.796,0.829,0.342,0.546,0.426,0.364,-0.379,0.097,0.382,0.457,-0.338,0.217,0.633,0.818,0.709,0.281,0.639,0.038,0.052,-0.202,0.334,0.155,-0.267,0.507,0.476,0.493,0.461,-0.537,0.583,-0.254,0.435,-0.368,0.19,0.392,0.701,0.885,-0.571,0.91,0.234,0.321,0.209,0.111,-0.571,0.114,-0.637,0.383,0.599,-0.103,0.31,0.252,0.208,0.118,0.79,0.172,0.362,0.665,0.597,0.646,-0.093,0.471,0.865,0.029,0.455,0.575,0.28,0.489,0.501,0.63,-0.07,0.831,0.342,0.765,0.71,0.304,0.631,0.736,0.417,0.644,0.622,0.768
ARCB,0.338,0.502,-0.523,0.326,0.07,0.564,0.192,0.208,-0.092,0.143,0.72,0.528,0.503,0.0,0.832,0.32,0.519,0.423,0.6,-0.021,0.261,0.478,0.518,0.058,0.346,0.416,0.171,0.426,0.513,0.417,0.513,0.589,0.044,-0.218,0.022,0.767,0.631,0.393,0.613,-0.278,0.507,0.365,0.222,0.129,0.077,0.346,0.779,0.254,0.296,0.097,0.146,0.518,0.027,0.554,0.413,0.344,0.466,0.121,0.422,0.891,0.619,0.336,0.522,0.153,0.615,0.825,0.717,0.396,0.599,0.476,0.454,0.366,0.32,0.556,0.673,0.632,-0.11,0.151,0.549,-0.026,0.387,0.556,0.213,0.456,0.488,-0.457,0.39,0.293,0.732,0.184,0.329,0.419,0.577,0.506,0.466,0.566,0.64,0.379,0.326,0.155,0.51,0.163,0.577,-0.009,0.495,0.1,-0.003,0.508,0.196,0.757,0.164,0.401,0.333,0.799,0.5,0.365,0.225,0.563,0.323,-0.179,0.474,0.454,0.671,0.228,0.154,0.518,0.105,0.567,0.748,0.717,-0.123,0.228,0.476,0.491,0.793,0.296,0.189,0.298,0.152,-0.106,0.653,0.489,-0.207,0.463,0.081,0.28,0.509,0.092,0.644,-0.2,0.567,-0.093,0.391,0.679,0.428,0.521,-0.167,0.465,0.401,0.286,0.274,0.353,-0.288,0.19,0.056,0.361,0.503,-0.157,0.349,0.302,0.168,0.475,0.389,0.305,0.368,0.512,0.314,0.465,0.372,0.559,0.445,0.421,0.247,0.172,0.221,0.269,0.606,0.327,0.332,0.498,0.604,0.556,-0.041,0.577,0.658,0.463,0.452,0.671,0.264,0.618
ARCC,0.228,0.336,-0.41,0.371,-0.11,0.556,0.276,0.356,-0.21,0.205,0.566,0.353,0.514,0.832,0.0,0.422,0.473,0.313,0.531,0.092,0.341,0.39,0.488,0.206,0.367,0.206,0.219,0.463,0.344,0.229,0.391,0.47,-0.063,-0.279,-0.155,0.846,0.451,0.183,0.486,-0.501,0.438,0.393,0.135,-0.003,0.217,0.377,0.686,0.377,0.119,-0.006,0.303,0.347,-0.137,0.567,0.065,0.522,0.299,0.181,0.52,0.784,0.547,0.143,0.429,0.232,0.624,0.697,0.549,0.336,0.469,0.413,0.39,0.426,0.152,0.444,0.5,0.551,-0.045,0.304,0.648,-0.015,0.442,0.64,-0.01,0.348,0.386,-0.514,0.208,0.113,0.581,0.343,0.455,0.29,0.545,0.392,0.571,0.491,0.54,0.428,0.125,0.276,0.449,-0.055,0.446,0.166,0.302,-0.098,-0.189,0.459,0.037,0.737,0.072,0.096,0.306,0.822,0.608,0.396,0.287,0.463,0.223,-0.067,0.362,0.6,0.768,0.01,-0.068,0.34,-0.16,0.431,0.567,0.633,-0.163,0.064,0.395,0.487,0.684,0.068,0.368,0.363,0.062,-0.262,0.522,0.317,-0.161,0.367,-0.004,0.238,0.387,-0.032,0.471,-0.08,0.513,-0.336,0.366,0.397,0.362,0.595,-0.354,0.539,0.127,0.462,0.392,0.128,-0.394,0.017,-0.128,0.206,0.373,-0.312,0.347,0.123,0.059,0.312,0.395,0.272,0.213,0.337,0.187,0.472,0.246,0.415,0.392,0.499,0.097,0.215,0.289,0.419,0.553,0.367,0.18,0.482,0.368,0.566,0.079,0.543,0.507,0.459,0.572,0.462,0.332,0.639
ARVN,0.031,-0.141,0.016,0.719,-0.452,0.691,0.448,0.718,-0.649,0.488,0.245,-0.295,0.596,0.32,0.422,0.0,0.271,-0.036,0.577,0.37,0.739,0.253,0.5,0.776,0.709,-0.244,0.681,0.486,-0.235,-0.545,0.064,0.146,-0.27,-0.502,-0.696,0.361,-0.102,-0.387,0.5,-0.552,0.616,0.823,-0.051,-0.676,0.692,0.804,0.301,0.359,-0.442,-0.722,0.829,-0.173,-0.727,0.609,-0.118,0.771,-0.127,0.666,0.671,0.324,0.418,-0.403,0.449,0.776,0.683,0.279,-0.061,0.258,0.052,0.318,0.469,0.838,-0.425,0.13,0.321,0.313,-0.048,0.784,0.627,0.044,0.669,0.68,-0.493,0.177,0.385,-0.519,-0.331,-0.571,0.278,0.813,0.802,-0.137,0.395,-0.15,0.71,0.749,0.217,0.637,-0.423,0.767,0.29,-0.347,-0.193,0.731,-0.021,-0.527,-0.551,0.332,-0.024,0.111,-0.175,-0.419,0.166,0.371,0.855,0.162,0.661,0.063,-0.319,0.57,0.398,0.724,0.561,-0.012,-0.069,-0.254,-0.746,-0.168,0.093,0.346,-0.724,-0.416,0.308,0.65,0.371,-0.378,0.807,0.571,-0.579,-0.71,-0.068,-0.304,0.345,-0.106,0.357,-0.109,0.359,-0.356,-0.008,0.399,0.422,-0.343,0.532,-0.059,0.112,0.605,-0.328,0.74,-0.3,0.544,0.613,-0.523,-0.661,-0.272,-0.474,-0.022,-0.033,-0.658,0.699,-0.412,-0.449,-0.256,0.696,-0.201,-0.142,0.176,0.023,0.415,-0.188,0.477,0.529,0.282,-0.06,0.455,0.637,0.17,0.531,0.496,-0.021,0.722,-0.24,0.237,0.489,0.384,0.171,0.694,0.761,0.036,0.749,0.742
ATEC,0.731,0.735,-0.682,-0.078,0.527,0.726,0.713,0.517,-0.331,0.646,0.784,0.493,0.856,0.519,0.473,0.271,0.0,0.793,0.726,0.123,-0.194,0.552,0.806,0.064,0.564,0.737,0.298,0.645,0.754,0.301,0.88,0.898,0.598,0.211,0.256,0.195,0.728,0.629,0.778,-0.353,0.151,0.459,0.769,-0.218,-0.34,0.483,0.846,0.668,0.534,0.093,0.075,0.791,-0.126,0.437,0.535,0.353,0.38,-0.252,0.048,0.347,0.823,0.617,0.162,0.349,0.64,0.328,0.348,0.777,0.043,0.813,0.4,0.528,0.641,0.793,0.305,0.68,0.343,0.007,0.433,-0.465,0.669,0.09,0.462,0.892,0.673,-0.204,0.658,0.189,0.75,0.318,0.027,0.393,0.874,0.709,0.149,0.452,0.877,0.339,0.614,0.385,0.828,0.551,0.701,0.155,0.78,0.526,0.506,0.933,0.495,0.768,0.75,0.438,0.809,0.568,0.36,0.356,0.503,0.699,0.681,-0.343,0.814,0.604,0.108,0.688,0.593,0.62,-0.036,0.292,0.462,0.488,0.108,0.584,0.693,0.669,0.688,0.637,0.311,-0.33,0.465,0.245,0.54,0.464,-0.601,0.756,0.382,0.761,0.37,-0.439,0.822,-0.586,0.372,-0.3,0.026,0.487,0.878,0.767,-0.434,0.736,0.446,0.085,-0.129,0.509,-0.262,0.413,-0.373,0.647,0.868,0.281,-0.067,0.629,0.603,0.403,0.558,0.38,0.627,0.775,0.798,0.654,0.052,0.367,0.824,-0.15,0.743,0.507,0.009,0.445,0.329,0.595,-0.009,0.586,0.549,0.918,0.623,0.199,0.667,0.429,0.028,0.809,0.386,0.58
ATXS,0.848,0.839,-0.494,-0.385,0.759,0.525,0.625,0.07,0.059,0.601,0.746,0.725,0.546,0.423,0.313,-0.036,0.793,0.0,0.609,0.229,-0.388,0.698,0.624,-0.24,0.218,0.848,0.157,0.648,0.824,0.519,0.894,0.788,0.821,0.563,0.587,0.192,0.788,0.816,0.612,-0.16,-0.133,0.223,0.879,0.133,-0.646,0.188,0.709,0.596,0.807,0.376,-0.297,0.754,0.226,0.365,0.598,0.075,0.671,-0.372,-0.062,0.239,0.569,0.829,-0.169,0.07,0.359,0.358,0.355,0.622,0.208,0.809,0.025,0.196,0.749,0.866,0.226,0.721,0.152,-0.424,0.281,-0.682,0.339,-0.203,0.61,0.869,0.673,-0.081,0.858,0.521,0.628,0.057,-0.321,0.706,0.763,0.808,-0.109,0.291,0.824,0.051,0.779,0.171,0.734,0.694,0.818,-0.015,0.786,0.684,0.611,0.817,0.55,0.633,0.882,0.626,0.837,0.532,0.06,0.59,0.291,0.841,0.891,-0.601,0.759,0.207,-0.116,0.693,0.632,0.634,0.311,0.58,0.433,0.582,0.284,0.829,0.779,0.496,0.628,0.782,-0.022,-0.567,0.682,0.511,0.514,0.743,-0.685,0.901,0.232,0.768,0.426,-0.323,0.824,-0.781,0.498,-0.187,0.09,0.518,0.897,0.578,-0.28,0.481,0.488,0.061,-0.207,0.701,-0.168,0.706,-0.11,0.792,0.89,0.558,-0.285,0.788,0.789,0.629,0.271,0.7,0.806,0.785,0.871,0.681,0.422,0.099,0.658,-0.131,0.815,0.498,-0.003,0.455,0.085,0.546,0.262,0.341,0.521,0.774,0.416,0.296,0.478,0.19,-0.252,0.695,0.215,0.302
AVAV,0.629,0.616,-0.417,0.316,0.228,0.932,0.75,0.486,-0.472,0.744,0.864,0.471,0.814,0.6,0.531,0.577,0.726,0.609,0.0,0.331,0.286,0.686,0.893,0.4,0.752,0.511,0.615,0.863,0.539,0.07,0.769,0.768,0.41,0.041,-0.075,0.387,0.6,0.356,0.905,-0.474,0.508,0.775,0.604,-0.393,0.029,0.694,0.762,0.741,0.311,-0.244,0.355,0.498,-0.387,0.762,0.446,0.557,0.503,0.311,0.518,0.517,0.75,0.336,0.323,0.675,0.793,0.621,0.387,0.713,0.323,0.872,0.297,0.681,0.182,0.821,0.643,0.826,-0.048,0.242,0.735,-0.592,0.752,0.392,0.133,0.794,0.907,-0.453,0.419,0.069,0.789,0.619,0.393,0.501,0.897,0.577,0.479,0.799,0.801,0.613,0.311,0.676,0.802,0.28,0.573,0.47,0.637,0.149,0.059,0.839,0.47,0.542,0.491,0.369,0.726,0.743,0.687,0.648,0.767,0.701,0.448,-0.035,0.891,0.66,0.369,0.533,0.444,0.287,-0.204,0.405,0.525,0.763,-0.426,0.341,0.88,0.93,0.878,0.33,0.502,0.055,0.069,-0.16,0.331,0.441,-0.213,0.647,0.434,0.449,0.699,-0.394,0.634,-0.328,0.661,-0.258,0.543,0.562,0.753,0.8,-0.331,0.827,0.322,0.472,0.383,0.189,-0.669,0.359,-0.5,0.54,0.593,-0.041,0.423,0.289,0.22,0.367,0.746,0.428,0.609,0.75,0.646,0.79,0.335,0.409,0.928,0.22,0.508,0.735,0.555,0.512,0.637,0.773,0.333,0.867,0.28,0.658,0.607,0.612,0.583,0.794,0.397,0.594,0.721,0.685
AXON,0.228,0.08,0.421,0.034,0.06,0.316,0.506,0.142,-0.061,0.614,0.049,-0.008,0.155,-0.021,0.092,0.37,0.123,0.229,0.331,0.0,0.147,0.398,0.179,0.207,0.157,-0.068,0.444,0.475,-0.085,-0.262,0.119,0.026,0.322,0.299,-0.099,0.154,-0.066,-0.03,0.128,-0.27,0.033,0.318,0.328,-0.208,0.027,0.351,0.039,0.49,-0.021,-0.219,0.197,-0.152,-0.187,0.295,-0.049,0.316,0.129,0.269,0.265,-0.086,-0.008,-0.023,-0.329,0.292,0.097,0.002,-0.255,0.152,-0.127,0.322,-0.15,0.297,-0.129,0.203,-0.117,0.276,0.301,0.149,0.24,-0.335,0.146,-0.016,-0.243,0.173,0.297,-0.089,0.045,-0.08,-0.006,0.376,0.054,0.287,0.215,0.058,0.02,0.264,0.047,0.106,-0.076,0.471,0.234,0.132,-0.019,0.422,-0.051,-0.086,-0.208,0.245,0.161,-0.099,0.291,-0.185,0.344,0.085,0.216,0.541,0.328,0.277,0.117,0.123,0.305,0.174,-0.045,-0.016,-0.001,-0.228,-0.291,0.063,-0.253,0.31,-0.194,0.11,0.459,0.376,0.107,-0.091,0.279,-0.042,-0.083,-0.093,-0.12,0.085,-0.004,0.125,0.135,0.065,0.165,-0.283,0.005,-0.019,0.338,-0.386,0.389,-0.211,0.218,0.356,-0.058,0.35,-0.269,0.245,0.316,-0.195,-0.397,0.246,-0.29,0.258,0.086,-0.012,0.05,-0.018,0.113,0.114,0.15,0.17,0.183,0.211,0.266,0.495,0.305,0.096,0.343,0.028,0.215,0.595,0.457,0.137,-0.007,0.464,0.151,0.258,-0.437,0.195,0.48,0.175,-0.241,0.119,0.06,-0.146,0.446,0.172
BANF,-0.352,-0.437,0.257,0.817,-0.752,0.374,0.026,0.427,-0.423,0.094,0.021,-0.37,0.181,0.261,0.341,0.739,-0.194,-0.388,0.286,0.147,0.0,0.083,0.179,0.725,0.492,-0.543,0.558,0.201,-0.505,-0.558,-0.289,-0.215,-0.603,-0.635,-0.822,0.397,-0.306,-0.624,0.224,-0.421,0.728,0.626,-0.46,-0.448,0.884,0.517,0.027,-0.018,-0.635,-0.724,0.789,-0.508,-0.609,0.556,-0.326,0.554,-0.081,0.913,0.817,0.375,0.094,-0.663,0.552,0.599,0.488,0.399,-0.02,-0.138,0.283,-0.028,0.312,0.488,-0.696,-0.163,0.427,0.125,-0.44,0.786,0.488,0.247,0.377,0.771,-0.663,-0.223,0.127,-0.471,-0.604,-0.522,0.102,0.63,0.874,-0.151,0.008,-0.436,0.773,0.583,-0.107,0.522,-0.683,0.51,-0.11,-0.632,-0.431,0.633,-0.321,-0.812,-0.806,-0.129,-0.293,-0.18,-0.605,-0.483,-0.267,0.279,0.735,0.071,0.453,-0.169,-0.619,0.761,0.012,0.394,0.719,-0.276,-0.307,-0.505,-0.584,-0.054,0.032,0.32,-0.81,-0.688,0.028,0.385,0.215,-0.67,0.585,0.874,-0.822,-0.865,-0.272,-0.361,0.734,-0.365,0.12,-0.513,0.388,-0.072,-0.327,0.705,0.373,-0.18,0.734,-0.061,-0.323,0.242,0.001,0.347,-0.46,0.676,0.837,-0.678,-0.599,-0.395,-0.186,-0.293,-0.427,-0.806,0.88,-0.708,-0.764,-0.246,0.489,-0.204,-0.356,-0.156,-0.345,0.104,-0.016,0.257,0.14,0.525,-0.499,0.203,0.782,0.014,0.499,0.242,0.242,0.492,-0.326,-0.233,0.039,0.574,-0.041,0.579,0.88,-0.271,0.567,0.543
BATRK,0.691,0.655,-0.149,0.056,0.445,0.655,0.493,0.054,0.108,0.638,0.683,0.648,0.434,0.478,0.39,0.253,0.552,0.698,0.686,0.398,0.083,0.0,0.606,-0.071,0.361,0.534,0.416,0.764,0.529,0.319,0.656,0.559,0.548,0.468,0.294,0.379,0.635,0.557,0.666,-0.188,0.228,0.455,0.701,0.17,-0.278,0.285,0.639,0.582,0.563,0.13,-0.067,0.45,0.106,0.681,0.527,0.225,0.784,0.124,0.379,0.413,0.538,0.505,-0.043,0.226,0.485,0.557,0.305,0.549,0.395,0.773,0.072,0.247,0.421,0.768,0.434,0.886,-0.19,-0.14,0.357,-0.535,0.384,0.079,0.31,0.655,0.639,-0.134,0.593,0.446,0.632,0.321,0.04,0.8,0.709,0.646,0.129,0.499,0.646,0.219,0.499,0.489,0.599,0.539,0.595,0.246,0.591,0.352,0.2,0.631,0.45,0.426,0.603,0.39,0.583,0.593,0.288,0.708,0.467,0.803,0.611,-0.256,0.684,0.18,0.263,0.486,0.449,0.335,0.175,0.705,0.449,0.767,-0.035,0.547,0.786,0.677,0.657,0.436,-0.003,-0.159,0.361,0.222,0.431,0.697,-0.239,0.722,0.076,0.363,0.683,-0.318,0.613,-0.367,0.735,-0.424,0.585,0.517,0.669,0.59,-0.039,0.484,0.301,0.29,0.232,0.447,-0.378,0.717,-0.12,0.811,0.597,0.21,0.108,0.477,0.456,0.694,0.34,0.704,0.716,0.749,0.761,0.698,0.594,0.054,0.671,0.198,0.533,0.638,0.469,0.348,0.353,0.643,0.662,0.462,0.255,0.562,0.317,0.611,0.365,0.29,0.071,0.5,0.531,0.459
BIDU,0.687,0.553,-0.503,0.253,0.205,0.901,0.772,0.607,-0.529,0.77,0.845,0.366,0.899,0.518,0.488,0.5,0.806,0.624,0.893,0.179,0.179,0.606,0.0,0.461,0.827,0.515,0.662,0.849,0.533,0.022,0.794,0.81,0.403,0.063,-0.101,0.264,0.567,0.349,0.883,-0.623,0.468,0.795,0.612,-0.467,-0.026,0.718,0.777,0.762,0.317,-0.276,0.378,0.528,-0.473,0.792,0.319,0.53,0.38,0.187,0.412,0.394,0.878,0.311,0.361,0.724,0.85,0.503,0.314,0.721,0.24,0.893,0.239,0.684,0.225,0.792,0.464,0.791,0.008,0.227,0.731,-0.607,0.893,0.424,0.129,0.803,0.867,-0.437,0.397,-0.021,0.791,0.655,0.386,0.42,0.892,0.539,0.547,0.723,0.882,0.606,0.291,0.646,0.836,0.197,0.547,0.53,0.629,0.159,0.173,0.842,0.282,0.576,0.511,0.308,0.724,0.695,0.68,0.558,0.783,0.654,0.484,-0.012,0.864,0.744,0.336,0.617,0.505,0.281,-0.27,0.334,0.473,0.571,-0.364,0.314,0.79,0.922,0.817,0.324,0.507,0.021,0.11,-0.144,0.271,0.335,-0.24,0.677,0.479,0.507,0.705,-0.62,0.608,-0.333,0.636,-0.38,0.354,0.503,0.766,0.901,-0.509,0.864,0.263,0.412,0.343,0.195,-0.677,0.306,-0.533,0.464,0.589,-0.049,0.322,0.282,0.24,0.306,0.832,0.419,0.533,0.762,0.696,0.706,0.178,0.308,0.902,0.135,0.465,0.715,0.427,0.658,0.531,0.792,0.135,0.877,0.284,0.684,0.694,0.47,0.54,0.79,0.379,0.589,0.71,0.75
BLNE,-0.119,-0.389,0.118,0.647,-0.642,0.496,0.384,0.741,-0.76,0.398,0.083,-0.525,0.496,0.058,0.206,0.776,0.064,-0.24,0.4,0.207,0.725,-0.071,0.461,0.0,0.741,-0.424,0.721,0.338,-0.414,-0.758,-0.079,-0.003,-0.386,-0.559,-0.872,0.096,-0.369,-0.622,0.337,-0.714,0.606,0.793,-0.25,-0.863,0.746,0.763,0.067,0.273,-0.643,-0.915,0.933,-0.375,-0.928,0.535,-0.439,0.672,-0.344,0.735,0.605,0.06,0.278,-0.625,0.52,0.905,0.58,0.103,-0.235,0.083,-0.062,0.174,0.177,0.701,-0.665,-0.059,0.202,0.061,-0.07,0.821,0.609,-0.04,0.707,0.694,-0.698,-0.0,0.317,-0.505,-0.564,-0.802,0.122,0.831,0.827,-0.333,0.18,-0.391,0.799,0.578,0.075,0.59,-0.651,0.666,0.178,-0.637,-0.384,0.855,-0.209,-0.703,-0.575,0.11,-0.3,-0.123,-0.354,-0.498,0.01,0.19,0.793,0.058,0.665,-0.196,-0.467,0.779,0.206,0.712,0.446,-0.033,-0.109,-0.5,-0.839,-0.362,-0.17,0.065,-0.848,-0.61,0.134,0.531,0.213,-0.605,0.84,0.637,-0.755,-0.858,-0.438,-0.543,0.53,-0.265,0.467,-0.239,0.324,-0.481,-0.307,0.499,0.263,-0.255,0.381,-0.208,-0.078,0.497,-0.397,0.606,-0.484,0.58,0.726,-0.741,-0.746,-0.479,-0.561,-0.383,-0.311,-0.686,0.698,-0.656,-0.637,-0.463,0.736,-0.258,-0.355,-0.054,-0.15,0.165,-0.305,0.193,0.362,0.259,-0.355,0.405,0.65,0.345,0.343,0.422,-0.209,0.688,-0.432,-0.041,0.532,0.249,-0.05,0.773,0.798,-0.22,0.704,0.589
BLNK,0.372,0.169,-0.28,0.535,-0.173,0.821,0.64,0.794,-0.702,0.677,0.571,-0.029,0.805,0.346,0.367,0.709,0.564,0.218,0.752,0.157,0.492,0.361,0.827,0.741,0.0,0.105,0.796,0.674,0.149,-0.359,0.443,0.521,0.065,-0.261,-0.479,0.143,0.197,-0.098,0.766,-0.604,0.709,0.882,0.278,-0.698,0.386,0.786,0.547,0.575,-0.152,-0.627,0.706,0.176,-0.761,0.732,0.104,0.686,0.06,0.52,0.587,0.295,0.698,-0.133,0.518,0.908,0.84,0.321,0.072,0.546,0.08,0.652,0.409,0.754,-0.168,0.425,0.427,0.541,-0.08,0.608,0.663,-0.329,0.926,0.562,-0.214,0.516,0.623,-0.384,-0.056,-0.398,0.554,0.83,0.682,0.06,0.646,0.146,0.677,0.722,0.544,0.687,-0.094,0.787,0.598,-0.115,0.141,0.737,0.347,-0.2,-0.13,0.569,0.166,0.3,0.129,-0.037,0.382,0.468,0.784,0.288,0.886,0.326,0.013,0.43,0.622,0.78,0.453,0.401,0.312,-0.046,-0.549,-0.019,0.282,0.345,-0.626,-0.114,0.54,0.855,0.603,-0.086,0.688,0.342,-0.298,-0.48,-0.012,-0.071,0.19,0.262,0.507,0.2,0.619,-0.593,0.242,0.119,0.429,-0.314,0.416,0.245,0.398,0.743,-0.393,0.801,0.008,0.414,0.511,-0.203,-0.748,-0.001,-0.554,0.178,0.211,-0.34,0.583,-0.13,-0.187,-0.039,0.917,0.05,0.169,0.469,0.371,0.5,-0.141,0.336,0.774,0.145,0.122,0.591,0.604,0.413,0.608,0.698,0.025,0.89,0.029,0.388,0.685,0.388,0.385,0.824,0.612,0.293,0.805,0.816
BTAI,0.786,0.903,-0.659,-0.441,0.838,0.4,0.409,-0.108,0.103,0.33,0.756,0.822,0.454,0.416,0.206,-0.244,0.737,0.848,0.511,-0.068,-0.543,0.534,0.515,-0.424,0.105,0.0,-0.104,0.465,0.936,0.709,0.886,0.846,0.769,0.531,0.719,0.072,0.896,0.932,0.569,0.104,-0.173,0.023,0.819,0.261,-0.755,0.039,0.694,0.458,0.882,0.567,-0.5,0.907,0.38,0.15,0.776,-0.116,0.629,-0.563,-0.27,0.308,0.544,0.938,-0.045,-0.12,0.267,0.369,0.532,0.679,0.197,0.669,0.101,0.032,0.852,0.832,0.314,0.607,0.172,-0.572,0.158,-0.566,0.173,-0.296,0.804,0.83,0.581,0.021,0.945,0.664,0.665,-0.146,-0.43,0.636,0.696,0.903,-0.238,0.145,0.784,-0.007,0.916,-0.028,0.696,0.788,0.906,-0.345,0.875,0.854,0.747,0.77,0.64,0.691,0.847,0.846,0.752,0.446,-0.118,0.401,0.111,0.742,0.907,-0.762,0.678,0.067,-0.197,0.736,0.714,0.827,0.529,0.55,0.586,0.475,0.39,0.906,0.643,0.346,0.606,0.947,-0.228,-0.639,0.795,0.643,0.668,0.817,-0.779,0.875,0.233,0.783,0.26,-0.059,0.909,-0.868,0.273,0.045,-0.124,0.725,0.851,0.366,-0.18,0.308,0.766,-0.149,-0.416,0.864,0.086,0.676,-0.054,0.735,0.916,0.666,-0.35,0.912,0.828,0.663,0.11,0.575,0.833,0.805,0.799,0.488,0.403,0.163,0.564,-0.174,0.852,0.321,-0.256,0.327,0.126,0.308,0.206,0.233,0.739,0.727,0.212,0.135,0.651,0.123,-0.395,0.835,-0.01,0.104
BYND,0.299,-0.019,0.093,0.473,-0.249,0.665,0.583,0.621,-0.479,0.73,0.369,-0.156,0.525,0.171,0.219,0.681,0.298,0.157,0.615,0.444,0.558,0.416,0.662,0.721,0.796,-0.104,0.0,0.653,-0.106,-0.519,0.27,0.215,0.065,-0.113,-0.493,0.11,-0.015,-0.21,0.529,-0.653,0.651,0.87,0.213,-0.631,0.405,0.69,0.321,0.558,-0.194,-0.686,0.651,-0.148,-0.697,0.804,-0.153,0.564,0.086,0.663,0.614,0.091,0.413,-0.254,0.345,0.838,0.64,0.25,-0.147,0.222,0.115,0.592,0.068,0.658,-0.36,0.328,0.215,0.511,-0.194,0.549,0.619,-0.421,0.73,0.52,-0.414,0.336,0.596,-0.261,-0.193,-0.388,0.304,0.788,0.606,0.224,0.425,-0.059,0.654,0.728,0.344,0.58,-0.277,0.718,0.358,-0.236,-0.061,0.841,0.091,-0.385,-0.321,0.365,-0.006,-0.031,0.048,-0.211,0.282,0.315,0.721,0.459,0.856,0.292,-0.062,0.492,0.536,0.612,0.352,0.21,0.155,-0.355,-0.605,0.069,0.054,0.345,-0.63,-0.205,0.536,0.763,0.462,-0.264,0.579,0.379,-0.429,-0.522,-0.25,-0.093,0.329,0.184,0.479,-0.011,0.624,-0.617,0.054,0.221,0.596,-0.35,0.608,0.039,0.242,0.658,-0.303,0.652,-0.293,0.545,0.689,-0.355,-0.804,0.056,-0.336,0.091,0.009,-0.398,0.566,-0.295,-0.281,-0.055,0.804,0.15,0.114,0.323,0.299,0.434,0.078,0.184,0.62,0.243,0.009,0.702,0.78,0.419,0.456,0.842,0.127,0.788,-0.346,0.144,0.636,0.438,-0.022,0.69,0.567,-0.053,0.847,0.702
CAN,0.722,0.572,-0.221,0.196,0.252,0.859,0.79,0.383,-0.347,0.834,0.764,0.458,0.713,0.426,0.463,0.486,0.645,0.648,0.863,0.475,0.201,0.764,0.849,0.338,0.674,0.465,0.653,0.0,0.471,0.044,0.723,0.683,0.497,0.285,-0.015,0.377,0.522,0.345,0.782,-0.528,0.361,0.705,0.67,-0.3,-0.074,0.609,0.662,0.824,0.368,-0.175,0.254,0.389,-0.352,0.791,0.324,0.51,0.534,0.26,0.495,0.37,0.66,0.33,0.11,0.623,0.697,0.508,0.256,0.709,0.299,0.889,0.094,0.553,0.159,0.796,0.426,0.845,-0.045,0.095,0.669,-0.692,0.691,0.287,0.086,0.748,0.831,-0.4,0.429,0.127,0.658,0.656,0.3,0.606,0.842,0.569,0.411,0.66,0.745,0.526,0.292,0.746,0.766,0.256,0.54,0.53,0.54,0.156,0.046,0.773,0.378,0.465,0.551,0.284,0.735,0.698,0.58,0.779,0.726,0.739,0.522,-0.069,0.832,0.547,0.3,0.481,0.417,0.206,-0.183,0.475,0.403,0.691,-0.357,0.389,0.891,0.896,0.765,0.286,0.393,-0.023,0.15,-0.072,0.245,0.467,-0.206,0.69,0.326,0.452,0.707,-0.517,0.534,-0.331,0.728,-0.425,0.527,0.425,0.74,0.819,-0.398,0.792,0.211,0.479,0.407,0.18,-0.711,0.466,-0.474,0.589,0.532,0.0,0.297,0.284,0.273,0.401,0.641,0.566,0.628,0.764,0.689,0.828,0.437,0.197,0.846,0.233,0.486,0.806,0.575,0.584,0.473,0.81,0.359,0.772,0.117,0.603,0.635,0.569,0.385,0.659,0.297,0.44,0.722,0.629
CCEC,0.753,0.943,-0.688,-0.396,0.806,0.409,0.426,-0.052,0.069,0.326,0.784,0.877,0.467,0.513,0.344,-0.235,0.754,0.824,0.539,-0.085,-0.505,0.529,0.533,-0.414,0.149,0.936,-0.106,0.471,0.0,0.763,0.894,0.863,0.758,0.493,0.695,0.196,0.919,0.902,0.599,0.07,-0.081,-0.0,0.796,0.287,-0.695,0.012,0.733,0.467,0.856,0.584,-0.447,0.936,0.361,0.172,0.766,-0.02,0.664,-0.51,-0.154,0.401,0.557,0.911,-0.04,-0.109,0.301,0.423,0.597,0.69,0.277,0.687,0.148,0.025,0.844,0.839,0.395,0.639,0.16,-0.497,0.201,-0.536,0.221,-0.24,0.802,0.819,0.556,0.008,0.925,0.682,0.712,-0.144,-0.38,0.62,0.732,0.918,-0.215,0.14,0.796,0.068,0.92,-0.011,0.716,0.777,0.954,-0.316,0.888,0.835,0.743,0.759,0.666,0.775,0.825,0.836,0.732,0.552,-0.07,0.438,0.12,0.797,0.896,-0.747,0.645,0.136,-0.093,0.657,0.621,0.832,0.516,0.583,0.635,0.512,0.418,0.889,0.658,0.377,0.653,0.901,-0.189,-0.577,0.811,0.63,0.669,0.828,-0.765,0.888,0.109,0.8,0.309,-0.033,0.903,-0.846,0.248,0.018,-0.086,0.716,0.839,0.374,-0.139,0.301,0.8,-0.135,-0.374,0.874,0.061,0.659,-0.05,0.746,0.893,0.641,-0.305,0.903,0.835,0.7,0.138,0.587,0.848,0.75,0.759,0.528,0.4,0.174,0.564,-0.151,0.786,0.268,-0.216,0.343,0.249,0.309,0.254,0.231,0.777,0.751,0.194,0.189,0.69,0.133,-0.329,0.846,-0.002,0.153
CDW,0.392,0.729,-0.471,-0.431,0.677,-0.058,-0.116,-0.508,0.48,-0.164,0.437,0.849,-0.034,0.417,0.229,-0.545,0.301,0.519,0.07,-0.262,-0.558,0.319,0.022,-0.758,-0.359,0.709,-0.519,0.044,0.763,0.0,0.484,0.476,0.48,0.476,0.798,0.289,0.766,0.823,0.187,0.391,-0.292,-0.447,0.439,0.747,-0.702,-0.416,0.379,0.006,0.807,0.876,-0.75,0.702,0.768,-0.142,0.66,-0.337,0.604,-0.619,-0.257,0.42,0.189,0.803,-0.194,-0.592,-0.088,0.39,0.673,0.293,0.413,0.226,0.032,-0.393,0.768,0.479,0.256,0.362,0.01,-0.718,-0.155,-0.16,-0.284,-0.349,0.826,0.36,0.129,0.161,0.791,0.891,0.426,-0.541,-0.548,0.561,0.293,0.719,-0.426,-0.224,0.418,-0.197,0.819,-0.433,0.25,0.65,0.773,-0.696,0.602,0.748,0.598,0.278,0.395,0.566,0.501,0.781,0.313,0.373,-0.398,0.23,-0.369,0.55,0.711,-0.803,0.193,-0.337,-0.094,0.262,0.292,0.774,0.821,0.657,0.563,0.339,0.626,0.76,0.246,-0.095,0.323,0.776,-0.602,-0.502,0.811,0.722,0.715,0.802,-0.646,0.615,-0.347,0.459,0.06,0.363,0.664,-0.668,0.07,0.156,-0.179,0.655,0.422,-0.064,0.13,-0.202,0.739,-0.309,-0.477,0.901,0.389,0.555,0.311,0.578,0.591,0.592,-0.425,0.803,0.729,0.692,-0.356,0.523,0.641,0.421,0.394,0.185,0.499,0.062,0.052,-0.052,0.484,-0.141,-0.44,0.003,0.069,-0.125,0.385,-0.228,0.781,0.378,-0.38,0.118,0.488,-0.304,-0.465,0.603,-0.418,-0.195
CDXS,0.852,0.881,-0.635,-0.251,0.698,0.662,0.696,0.221,-0.158,0.636,0.886,0.741,0.695,0.513,0.391,0.064,0.88,0.894,0.769,0.119,-0.289,0.656,0.794,-0.079,0.443,0.886,0.27,0.723,0.894,0.484,0.0,0.931,0.776,0.426,0.466,0.183,0.851,0.791,0.78,-0.249,0.087,0.357,0.862,-0.04,-0.54,0.328,0.828,0.7,0.756,0.267,-0.156,0.832,0.039,0.467,0.638,0.176,0.629,-0.275,0.032,0.353,0.703,0.796,0.078,0.253,0.53,0.462,0.467,0.744,0.237,0.9,0.129,0.329,0.682,0.955,0.413,0.782,0.149,-0.281,0.456,-0.723,0.517,-0.045,0.586,0.961,0.803,-0.15,0.832,0.454,0.784,0.178,-0.152,0.661,0.886,0.849,0.056,0.424,0.925,0.28,0.753,0.272,0.841,0.639,0.873,0.055,0.866,0.648,0.597,0.925,0.599,0.718,0.845,0.711,0.888,0.631,0.224,0.602,0.451,0.854,0.861,-0.526,0.865,0.398,-0.007,0.767,0.705,0.646,0.215,0.55,0.563,0.624,0.148,0.783,0.847,0.66,0.79,0.78,0.101,-0.458,0.606,0.391,0.519,0.727,-0.661,0.941,0.373,0.822,0.502,-0.322,0.891,-0.782,0.495,-0.146,0.118,0.654,0.952,0.655,-0.319,0.604,0.6,0.137,-0.105,0.676,-0.266,0.625,-0.243,0.728,0.902,0.476,-0.12,0.747,0.708,0.617,0.459,0.642,0.847,0.853,0.864,0.69,0.394,0.22,0.808,-0.071,0.811,0.569,0.069,0.57,0.323,0.634,0.208,0.538,0.585,0.818,0.508,0.334,0.627,0.43,-0.117,0.783,0.339,0.408
