,ABEO,ACHC,AGNCN,AKAM,AKRO,ALRM,AMAT,AMED,AMRN,ANGI,APA,APOG,APPS,ARCB,ARCC,ARVN,ATEC,ATXS,AVAV,AXON,BANF,BATRK,BIDU,BLNE,BLNK,BTAI,BYND,CAN,CCEC,CDW,CDXS,CELH,CGNX,CHKP,CHRS,CHRW,CIGI,CKPT,CMPR,COGT,CRNC,CRSP,CSTL,CTSH,CVGW,DGLY,DNLI,DOCU,DVAX,EBAY,EHTH,ERII,ESLT,EXPE,EXPO,FBIOP,FFBC,FFIN,FOXF,FWRD,GDS,GERN,GPRE,GRWG,GRYP,HEES,HELE,HIVE,HON,HRTX,HSTM,HURA,IART,IBKR,IBOC,IBRX,IDXX,INGN,INM,INVA,IQ,IRBT,KDP,KPTI,KTOS,KXIN,LAMR,LFUS,LGIH,LGMK,LKFN,LNW,LOPE,LPSN,LYFT,MGNX,MLCO,MNST,MODV,MSTR,MTCH,MYGN,MYRG,NCMI,NEXT,NFLX,NIU,NKTR,NRC,NTNX,NTRA,NVEE,NVMI,NWL,NWS,NXPI,OCGN,OCSL,OKTA,OLLI,OTLK,OXLC,PAA,PARA,PARAA,PDCO,PDFS,PFG,PGEN,PNFP,PODD,POWI,PSMT,PTC,PTEN,PVLA,RDNT,RDUS,RDWR,REGN,RNAC,ROCK,ROST,RRR,RSLS,RVMD,RYAAY,SAFT,SAGE,SAVA,SBGI,SFM,SFNC,SHYF,SIBN,SIFY,SIGI,SIMO,SITM,SLM,SNBR,SNDX,SNY,SPNS,SRRK,STRA,SUPN,SYRE,TCBK,TEAM,TECH,THRM,TLRY,TRMK,TROW,TSLA,TWST,TXN,UFPI,UNIT,UPWK,USLM,UTHR,VERB,VLY,VRNA,VRRM,VXRT,WAFD,WATT,WBA,WING,WIX,WTFC,WTW,XPEL,XRX,YMAB,ZG,ZLAB
ABEO,0.0,0.56,0.525,0.765,-0.135,-0.145,0.829,0.101,0.796,0.751,0.636,0.42,0.866,-0.68,0.91,0.723,-0.394,0.842,0.849,0.782,-0.738,0.091,0.481,0.901,0.931,0.802,0.88,0.337,0.153,-0.333,0.901,0.884,0.873,0.068,-0.573,-0.332,0.759,0.547,-0.49,0.026,0.808,0.72,0.743,0.401,-0.494,0.678,0.848,0.701,0.848,0.746,0.1,0.906,-0.525,0.555,-0.844,0.134,0.498,0.468,-0.464,0.108,0.306,0.508,0.899,0.803,0.871,-0.593,-0.497,-0.477,0.649,-0.527,0.557,0.811,-0.827,0.064,-0.82,0.545,0.821,-0.712,-0.03,0.38,0.841,0.716,0.345,0.456,0.621,0.835,0.799,0.621,0.42,0.881,-0.061,0.928,-0.777,0.855,0.925,-0.252,-0.415,0.861,0.479,-0.348,0.038,0.674,0.815,0.904,0.525,0.38,0.938,-0.712,-0.426,0.882,0.616,0.72,0.878,0.029,0.02,0.69,0.333,0.886,-0.506,0.682,0.905,0.713,0.83,0.799,0.757,-0.531,0.232,0.34,0.316,0.346,0.895,0.744,0.651,0.705,0.719,0.691,0.757,0.606,0.708,-0.282,0.899,-0.226,-0.762,0.828,0.514,-0.219,0.214,-0.411,-0.336,0.923,0.528,0.626,0.453,0.668,-0.217,0.892,0.035,0.43,0.858,0.665,0.457,0.366,-0.248,0.279,-0.405,-0.739,-0.136,-0.814,0.708,0.724,0.552,0.618,0.883,-0.079,0.657,0.432,0.699,0.743,-0.738,0.842,0.888,-0.348,-0.904,0.827,-0.056,0.437,-0.073,0.702,0.198,0.803,-0.066,0.669,0.787,0.583,-0.652,0.831,0.451,0.463,0.411,0.914
ACHC,0.56,0.0,0.247,0.697,0.397,0.285,0.544,0.086,0.554,0.345,0.73,0.813,0.716,-0.589,0.711,0.815,-0.481,0.582,0.713,0.862,-0.378,-0.047,0.116,0.724,0.669,0.753,0.73,0.532,0.227,-0.069,0.574,0.714,0.515,0.396,0.056,0.432,0.829,0.432,0.207,-0.376,0.818,0.337,0.61,0.393,-0.246,0.756,0.625,0.735,0.813,0.778,-0.42,0.766,-0.503,0.499,-0.525,-0.092,0.598,0.813,-0.456,0.489,0.176,0.477,0.615,0.769,0.704,-0.23,-0.23,-0.149,0.768,-0.293,0.247,0.527,-0.599,0.414,-0.336,0.127,0.605,-0.259,0.052,0.081,0.34,0.637,0.011,0.335,0.893,0.418,0.7,0.51,0.516,0.724,0.446,0.642,-0.37,0.615,0.582,-0.586,-0.194,0.619,0.339,0.023,0.062,0.499,0.852,0.645,0.691,0.052,0.601,-0.554,-0.645,0.777,0.867,0.306,0.56,0.432,-0.093,0.278,0.394,0.717,-0.63,0.62,0.508,0.786,0.798,0.349,0.375,-0.226,0.127,0.693,0.498,0.453,0.603,0.467,0.835,0.531,0.795,0.511,0.625,0.707,0.515,0.172,0.706,-0.325,-0.351,0.673,0.162,-0.094,0.279,-0.278,-0.242,0.706,0.697,0.816,0.755,0.825,-0.216,0.635,0.067,0.646,0.675,0.748,0.861,0.641,-0.425,-0.129,0.057,-0.279,-0.122,-0.489,0.785,0.415,0.416,0.876,0.716,0.379,0.829,0.35,0.458,0.503,-0.36,0.507,0.695,0.14,-0.657,0.709,0.395,0.399,-0.178,0.595,0.273,0.705,-0.063,0.513,0.49,0.829,-0.507,0.775,0.667,0.148,0.309,0.562
AGNCN,0.525,0.247,0.0,0.41,-0.159,-0.067,0.508,0.075,0.381,0.484,0.355,0.157,0.479,-0.372,0.519,0.368,-0.152,0.39,0.424,0.38,-0.412,0.023,0.37,0.501,0.488,0.405,0.433,0.135,0.233,-0.18,0.524,0.498,0.555,0.093,-0.4,-0.283,0.448,0.27,-0.382,-0.04,0.431,0.418,0.403,0.339,-0.261,0.326,0.457,0.374,0.405,0.448,0.086,0.505,-0.361,0.445,-0.454,-0.001,0.25,0.191,-0.181,0.026,0.067,0.224,0.498,0.417,0.458,-0.31,-0.288,-0.296,0.331,-0.312,0.325,0.432,-0.473,-0.019,-0.489,0.28,0.498,-0.441,-0.026,0.19,0.488,0.286,0.25,0.125,0.297,0.462,0.471,0.336,0.207,0.54,-0.048,0.537,-0.491,0.466,0.569,-0.127,-0.237,0.527,0.276,-0.247,0.12,0.342,0.466,0.518,0.262,0.266,0.532,-0.429,-0.199,0.508,0.26,0.417,0.55,-0.121,0.008,0.436,0.103,0.501,-0.17,0.264,0.531,0.365,0.46,0.474,0.414,-0.326,0.207,0.164,0.032,0.175,0.503,0.472,0.273,0.429,0.362,0.37,0.399,0.394,0.393,-0.225,0.473,-0.067,-0.519,0.469,0.351,-0.161,0.167,-0.302,-0.247,0.492,0.225,0.315,0.215,0.339,-0.062,0.51,0.059,0.206,0.489,0.438,0.194,0.045,-0.112,0.244,-0.321,-0.47,-0.168,-0.498,0.411,0.369,0.391,0.387,0.455,-0.025,0.325,0.244,0.367,0.48,-0.431,0.482,0.487,-0.256,-0.56,0.494,-0.088,0.234,0.078,0.301,0.064,0.398,-0.037,0.38,0.491,0.299,-0.409,0.457,0.188,0.249,0.243,0.545
AKAM,0.765,0.697,0.41,0.0,0.174,0.145,0.8,0.341,0.761,0.727,0.503,0.582,0.877,-0.861,0.863,0.826,-0.183,0.775,0.867,0.85,-0.789,0.159,0.275,0.832,0.851,0.768,0.798,0.123,0.374,0.05,0.867,0.849,0.801,0.49,-0.389,0.088,0.777,0.618,-0.376,-0.106,0.879,0.788,0.912,0.418,-0.509,0.816,0.924,0.856,0.879,0.849,-0.075,0.841,-0.391,0.501,-0.661,-0.094,0.432,0.485,-0.526,0.128,0.238,0.558,0.782,0.731,0.746,-0.693,-0.199,-0.456,0.547,-0.518,0.642,0.785,-0.607,0.052,-0.725,0.181,0.88,-0.353,-0.225,0.224,0.677,0.511,0.089,0.56,0.75,0.79,0.804,0.605,0.289,0.782,-0.002,0.867,-0.553,0.918,0.772,-0.593,-0.54,0.78,0.697,-0.357,0.281,0.859,0.831,0.795,0.71,0.376,0.803,-0.865,-0.443,0.918,0.786,0.69,0.835,-0.018,0.258,0.575,0.297,0.822,-0.28,0.44,0.763,0.663,0.868,0.652,0.624,-0.321,0.446,0.392,0.473,0.32,0.864,0.746,0.692,0.851,0.73,0.68,0.884,0.456,0.865,-0.105,0.794,-0.302,-0.592,0.756,0.493,0.017,-0.005,-0.557,-0.134,0.877,0.348,0.586,0.547,0.812,0.142,0.741,0.187,0.364,0.921,0.666,0.579,0.566,0.022,0.092,-0.252,-0.56,0.128,-0.698,0.614,0.622,0.707,0.611,0.797,-0.059,0.74,0.421,0.675,0.745,-0.735,0.633,0.838,-0.214,-0.783,0.825,-0.062,0.405,0.2,0.637,0.174,0.86,0.072,0.809,0.713,0.582,-0.694,0.909,0.737,0.567,0.491,0.691
AKRO,-0.135,0.397,-0.159,0.174,0.0,0.211,-0.322,0.07,0.334,-0.283,0.267,0.39,0.162,-0.367,-0.015,0.371,-0.166,0.06,0.067,0.225,0.214,-0.434,-0.55,0.003,0.106,0.311,-0.065,0.242,0.474,0.209,-0.09,-0.05,-0.247,0.411,0.624,0.777,0.296,0.377,0.492,-0.513,0.273,-0.1,0.297,0.059,0.176,0.52,0.031,0.4,0.267,0.282,-0.569,0.045,0.206,-0.367,0.043,-0.193,0.225,0.461,-0.36,-0.019,0.009,0.573,-0.095,0.005,0.006,-0.196,0.538,-0.056,-0.118,0.29,0.01,-0.143,0.172,-0.107,0.307,-0.52,-0.148,0.44,-0.145,-0.625,-0.223,0.033,-0.738,0.383,0.349,-0.211,0.008,-0.131,-0.331,0.172,0.441,-0.14,0.42,0.017,-0.223,-0.743,-0.053,-0.266,0.339,0.075,-0.034,0.008,0.155,-0.133,0.646,-0.507,-0.216,-0.204,-0.494,0.085,0.498,-0.188,-0.249,0.037,-0.214,-0.538,0.6,0.056,-0.208,-0.036,-0.303,0.25,0.274,-0.362,-0.334,0.634,0.091,0.254,0.675,0.028,-0.124,-0.35,0.345,-0.085,0.368,-0.315,0.321,0.084,-0.077,0.68,-0.109,-0.307,-0.011,-0.233,-0.182,0.689,-0.192,-0.231,0.582,0.116,-0.104,0.334,0.502,0.291,0.244,0.124,0.002,-0.018,0.052,0.033,0.419,0.499,-0.196,-0.559,0.614,0.551,0.27,0.392,0.175,-0.198,0.023,0.155,0.117,0.194,0.405,-0.266,-0.191,-0.332,-0.086,-0.306,-0.055,0.539,0.047,0.177,0.24,0.455,0.137,0.475,0.195,0.284,0.166,-0.069,-0.098,0.124,-0.16,0.143,0.508,-0.207,-0.183,-0.234
ALRM,-0.145,0.285,-0.067,0.145,0.211,0.0,0.118,0.718,0.061,0.17,-0.165,0.171,0.193,-0.029,-0.059,0.18,0.067,0.144,0.031,0.213,-0.056,0.3,0.097,0.023,-0.111,0.074,0.106,-0.222,0.268,0.087,0.137,-0.027,0.148,0.329,0.047,0.363,0.146,0.052,0.239,0.086,0.118,0.131,0.118,0.487,-0.251,0.134,0.141,0.161,0.019,-0.074,0.007,-0.077,-0.139,0.326,0.223,0.282,-0.106,-0.117,-0.039,0.334,-0.281,-0.029,0.106,0.136,0.087,0.097,0.305,0.428,0.212,0.238,0.158,0.224,0.058,-0.123,-0.004,-0.28,0.214,0.161,0.379,0.123,0.027,-0.112,-0.127,0.085,0.272,0.023,0.237,0.077,0.338,-0.033,0.066,0.04,0.257,0.148,-0.044,-0.202,0.307,0.051,0.18,0.325,0.753,0.261,0.206,0.048,0.176,0.374,0.019,0.042,-0.075,0.016,0.167,-0.092,0.099,0.158,0.424,0.139,-0.086,-0.048,0.296,-0.043,-0.009,-0.144,0.006,0.153,0.164,-0.186,0.339,-0.039,0.285,-0.092,0.151,0.241,-0.048,0.367,-0.115,0.149,0.145,-0.085,0.273,-0.234,0.09,0.392,0.317,0.049,0.31,-0.025,0.441,-0.022,0.308,-0.069,0.237,-0.045,0.039,0.343,0.217,-0.123,0.035,0.064,0.208,0.188,0.289,0.238,0.076,0.218,0.104,0.111,-0.05,-0.014,0.066,0.399,0.451,0.295,-0.086,0.081,0.066,0.615,0.381,0.252,0.257,-0.085,0.164,0.422,0.039,0.077,0.053,-0.072,-0.078,-0.102,-0.264,0.048,-0.389,0.418,0.303,0.179,-0.07,0.098,0.014,0.272,0.604,-0.052
AMAT,0.829,0.544,0.508,0.8,-0.322,0.118,0.0,0.286,0.567,0.878,0.418,0.419,0.807,-0.581,0.876,0.633,-0.151,0.761,0.847,0.765,-0.798,0.408,0.643,0.852,0.764,0.598,0.86,0.079,0.068,-0.127,0.919,0.886,0.946,0.182,-0.688,-0.32,0.629,0.339,-0.536,0.204,0.728,0.807,0.669,0.522,-0.549,0.507,0.871,0.618,0.732,0.637,0.257,0.821,-0.548,0.795,-0.649,0.114,0.426,0.297,-0.28,0.281,0.192,0.245,0.842,0.772,0.758,-0.466,-0.512,-0.343,0.729,-0.647,0.642,0.85,-0.733,0.153,-0.845,0.498,0.952,-0.619,-0.048,0.631,0.79,0.55,0.57,0.327,0.587,0.841,0.821,0.736,0.612,0.727,-0.093,0.949,-0.776,0.887,0.924,-0.131,-0.423,0.947,0.428,-0.335,0.35,0.804,0.813,0.894,0.336,0.701,0.916,-0.677,-0.192,0.862,0.519,0.79,0.978,0.107,0.313,0.909,0.007,0.825,-0.249,0.542,0.942,0.554,0.71,0.859,0.817,-0.754,0.443,0.321,0.081,0.375,0.941,0.96,0.518,0.882,0.514,0.839,0.659,0.489,0.868,-0.459,0.882,-0.053,-0.548,0.914,0.566,-0.459,0.249,-0.3,-0.478,0.809,0.538,0.44,0.349,0.712,-0.077,0.704,0.183,0.515,0.879,0.718,0.41,0.294,0.017,0.496,-0.574,-0.846,-0.101,-0.895,0.646,0.782,0.651,0.668,0.707,-0.03,0.583,0.662,0.816,0.967,-0.563,0.816,0.897,-0.42,-0.813,0.754,-0.043,0.157,-0.014,0.378,0.131,0.659,-0.106,0.799,0.804,0.601,-0.535,0.828,0.353,0.652,0.657,0.879
AMED,0.101,0.086,0.075,0.341,0.07,0.718,0.286,0.0,0.308,0.422,-0.28,-0.044,0.343,-0.284,0.091,0.158,0.141,0.37,0.145,0.24,-0.343,0.332,0.162,0.162,0.094,0.176,0.208,-0.398,0.312,0.038,0.402,0.101,0.39,0.36,-0.266,0.063,0.128,0.255,-0.233,0.296,0.181,0.455,0.345,0.453,-0.52,0.206,0.38,0.291,0.127,-0.04,0.268,0.024,-0.052,0.211,0.009,0.336,-0.17,-0.343,-0.166,-0.035,-0.235,0.135,0.267,0.159,0.163,-0.336,0.315,0.162,0.027,0.105,0.459,0.468,-0.026,-0.469,-0.347,-0.143,0.399,0.108,0.26,0.198,0.297,-0.226,-0.073,0.267,0.153,0.303,0.235,0.149,0.112,0.078,-0.272,0.22,0.038,0.366,0.134,-0.204,0.044,0.173,0.467,0.04,0.755,0.475,0.199,0.17,0.203,0.533,0.227,-0.169,0.054,0.13,0.103,0.19,0.311,-0.227,0.601,0.325,-0.064,0.063,0.389,-0.127,0.216,-0.171,0.069,0.446,0.413,-0.212,0.458,-0.308,0.315,-0.219,0.377,0.443,-0.144,0.53,-0.114,0.27,0.36,-0.275,0.477,-0.44,0.208,0.324,0.045,0.101,0.489,0.023,0.145,-0.192,0.352,0.138,-0.03,-0.193,-0.096,0.36,0.375,0.017,-0.023,-0.18,0.401,0.102,0.069,0.12,0.291,0.311,-0.121,-0.063,0.094,-0.201,-0.03,0.545,0.642,0.089,0.036,-0.3,0.016,0.601,0.501,0.403,-0.08,0.013,0.282,0.209,-0.118,0.222,-0.324,0.028,0.108,0.049,-0.314,0.227,-0.368,0.545,0.501,-0.04,-0.271,0.219,0.088,0.558,0.623,0.09
AMRN,0.796,0.554,0.381,0.761,0.334,0.061,0.567,0.308,0.0,0.633,0.506,0.477,0.87,-0.775,0.762,0.814,-0.298,0.857,0.757,0.785,-0.608,0.023,0.211,0.732,0.842,0.84,0.719,0.229,0.49,-0.191,0.805,0.658,0.684,0.147,-0.299,0.062,0.732,0.782,-0.307,-0.039,0.797,0.727,0.869,0.413,-0.491,0.863,0.821,0.774,0.839,0.679,0.007,0.747,-0.303,0.345,-0.639,0.071,0.418,0.469,-0.534,0.081,0.335,0.798,0.804,0.708,0.772,-0.668,0.022,-0.441,0.435,-0.291,0.583,0.712,-0.555,-0.228,-0.623,0.165,0.679,-0.379,-0.073,0.036,0.733,0.545,-0.159,0.715,0.643,0.702,0.75,0.482,0.208,0.8,0.019,0.746,-0.401,0.829,0.701,-0.545,-0.319,0.561,0.743,-0.318,0.191,0.727,0.743,0.738,0.788,0.19,0.737,-0.709,-0.577,0.774,0.728,0.606,0.645,-0.036,0.135,0.416,0.574,0.763,-0.385,0.527,0.682,0.569,0.801,0.614,0.596,-0.174,0.379,0.274,0.676,0.251,0.761,0.535,0.64,0.643,0.673,0.478,0.919,0.445,0.668,-0.072,0.725,-0.159,-0.59,0.587,0.44,0.252,0.1,-0.535,0.192,0.835,0.314,0.569,0.545,0.708,0.081,0.805,0.006,0.238,0.834,0.616,0.553,0.62,-0.16,0.114,-0.016,-0.36,0.083,-0.509,0.618,0.645,0.557,0.474,0.786,-0.104,0.659,0.376,0.678,0.498,-0.661,0.544,0.783,0.058,-0.723,0.772,-0.049,0.646,0.035,0.83,0.193,0.884,-0.123,0.697,0.723,0.471,-0.695,0.76,0.643,0.517,0.463,0.675
ANGI,0.751,0.345,0.484,0.727,-0.283,0.17,0.878,0.422,0.633,0.0,0.193,0.361,0.729,-0.514,0.786,0.538,0.115,0.713,0.759,0.612,-0.702,0.526,0.59,0.678,0.652,0.46,0.678,-0.209,0.279,0.009,0.882,0.694,0.884,0.146,-0.708,-0.335,0.49,0.413,-0.607,0.382,0.57,0.89,0.655,0.541,-0.509,0.451,0.809,0.493,0.582,0.471,0.505,0.664,-0.296,0.723,-0.457,0.204,0.399,0.146,-0.158,0.23,0.178,0.318,0.761,0.589,0.619,-0.492,-0.187,-0.38,0.545,-0.644,0.769,0.811,-0.521,-0.078,-0.736,0.356,0.875,-0.511,-0.178,0.614,0.795,0.386,0.459,0.509,0.365,0.844,0.785,0.723,0.476,0.595,-0.095,0.853,-0.584,0.86,0.814,-0.079,-0.373,0.782,0.631,-0.454,0.515,0.846,0.667,0.838,0.299,0.762,0.815,-0.579,-0.046,0.74,0.33,0.855,0.881,-0.01,0.502,0.887,-0.016,0.75,0.031,0.336,0.854,0.307,0.579,0.882,0.823,-0.621,0.638,0.237,0.099,0.388,0.868,0.894,0.367,0.868,0.32,0.661,0.684,0.281,0.87,-0.528,0.709,0.213,-0.444,0.766,0.663,-0.276,0.243,-0.205,-0.199,0.691,0.329,0.206,0.336,0.613,0.226,0.645,0.376,0.276,0.816,0.631,0.202,0.261,0.233,0.617,-0.569,-0.771,0.11,-0.714,0.548,0.729,0.635,0.45,0.541,-0.041,0.45,0.609,0.809,0.885,-0.475,0.768,0.784,-0.337,-0.677,0.598,-0.053,0.21,0.229,0.323,0.217,0.612,-0.048,0.838,0.752,0.429,-0.47,0.678,0.354,0.815,0.716,0.784
APA,0.636,0.73,0.355,0.503,0.267,-0.165,0.418,-0.28,0.506,0.193,0.0,0.607,0.634,-0.526,0.684,0.7,-0.686,0.522,0.631,0.687,-0.291,-0.367,0.172,0.727,0.758,0.779,0.651,0.802,0.214,-0.316,0.482,0.712,0.42,0.118,0.017,0.09,0.817,0.365,0.094,-0.527,0.751,0.178,0.514,0.207,-0.061,0.67,0.474,0.667,0.762,0.815,-0.474,0.797,-0.553,0.282,-0.707,-0.155,0.616,0.835,-0.479,0.208,0.294,0.513,0.601,0.648,0.679,-0.232,-0.452,-0.238,0.634,-0.209,0.039,0.331,-0.68,0.341,-0.34,0.357,0.389,-0.498,0.078,-0.094,0.414,0.796,0.046,0.158,0.729,0.391,0.569,0.347,0.279,0.817,0.387,0.583,-0.512,0.465,0.629,-0.456,-0.136,0.576,0.117,0.026,-0.278,0.238,0.731,0.595,0.618,-0.183,0.565,-0.55,-0.698,0.691,0.734,0.241,0.461,0.338,-0.47,0.138,0.612,0.726,-0.784,0.719,0.502,0.85,0.805,0.254,0.233,-0.125,-0.073,0.674,0.421,0.464,0.471,0.247,0.8,0.274,0.914,0.322,0.486,0.887,0.24,0.284,0.632,-0.466,-0.636,0.585,0.164,-0.027,0.29,-0.366,-0.266,0.731,0.626,0.904,0.682,0.574,-0.438,0.785,-0.013,0.632,0.522,0.593,0.691,0.397,-0.665,-0.196,0.067,-0.314,-0.246,-0.433,0.768,0.278,0.226,0.732,0.783,0.3,0.763,0.081,0.245,0.31,-0.504,0.529,0.614,-0.102,-0.707,0.703,0.366,0.461,-0.246,0.731,0.333,0.652,0.149,0.232,0.447,0.712,-0.439,0.652,0.537,-0.195,-0.028,0.602
APOG,0.42,0.813,0.157,0.582,0.39,0.171,0.419,-0.044,0.477,0.361,0.607,0.0,0.52,-0.378,0.631,0.726,-0.101,0.403,0.688,0.681,-0.16,0.152,0.217,0.475,0.52,0.493,0.476,0.354,0.271,0.212,0.436,0.525,0.36,0.179,0.145,0.418,0.595,0.388,0.238,-0.151,0.578,0.397,0.513,0.198,-0.042,0.607,0.449,0.485,0.638,0.633,-0.192,0.631,-0.166,0.482,-0.227,-0.261,0.746,0.839,-0.092,0.679,0.415,0.546,0.43,0.606,0.521,-0.058,-0.008,-0.277,0.681,-0.529,0.259,0.34,-0.308,0.441,-0.073,0.141,0.453,-0.2,-0.271,0.132,0.28,0.593,0.031,0.488,0.606,0.397,0.641,0.64,0.476,0.558,0.595,0.513,-0.114,0.531,0.492,-0.382,-0.168,0.466,0.455,-0.165,0.054,0.511,0.69,0.582,0.531,0.056,0.476,-0.436,-0.442,0.671,0.666,0.433,0.404,0.596,0.05,0.268,0.279,0.699,-0.429,0.443,0.432,0.522,0.657,0.265,0.324,-0.088,0.258,0.857,0.422,0.744,0.439,0.351,0.83,0.428,0.625,0.296,0.514,0.64,0.444,0.291,0.468,-0.048,-0.134,0.614,0.011,0.047,0.226,-0.016,-0.087,0.537,0.52,0.612,0.849,0.647,0.065,0.576,0.4,0.597,0.507,0.736,0.641,0.655,-0.126,0.024,0.021,-0.241,0.241,-0.224,0.738,0.204,0.116,0.713,0.5,0.619,0.77,0.16,0.375,0.394,-0.145,0.531,0.529,0.063,-0.426,0.442,0.63,0.298,0.058,0.438,0.611,0.616,0.151,0.43,0.228,0.784,-0.226,0.583,0.723,0.251,0.309,0.475
APPS,0.866,0.716,0.479,0.877,0.162,0.193,0.807,0.343,0.87,0.729,0.634,0.52,0.0,-0.83,0.891,0.873,-0.398,0.901,0.867,0.906,-0.759,0.083,0.379,0.925,0.919,0.897,0.896,0.311,0.399,-0.212,0.924,0.869,0.864,0.293,-0.437,-0.003,0.856,0.642,-0.349,-0.096,0.936,0.746,0.894,0.55,-0.56,0.86,0.93,0.891,0.928,0.816,-0.067,0.9,-0.549,0.561,-0.747,0.09,0.465,0.521,-0.573,0.172,0.228,0.591,0.919,0.831,0.859,-0.632,-0.273,-0.387,0.654,-0.374,0.613,0.831,-0.725,-0.027,-0.784,0.298,0.872,-0.476,0.028,0.21,0.798,0.617,0.09,0.517,0.808,0.785,0.848,0.599,0.394,0.892,0.038,0.917,-0.641,0.929,0.863,-0.534,-0.379,0.809,0.606,-0.273,0.282,0.782,0.926,0.861,0.756,0.363,0.875,-0.813,-0.574,0.913,0.813,0.653,0.861,0.034,0.133,0.597,0.451,0.87,-0.439,0.633,0.838,0.736,0.903,0.728,0.687,-0.419,0.404,0.372,0.523,0.299,0.918,0.745,0.691,0.822,0.774,0.688,0.905,0.612,0.809,-0.188,0.899,-0.216,-0.676,0.794,0.57,-0.051,0.196,-0.565,-0.096,0.939,0.51,0.685,0.563,0.857,-0.051,0.869,0.024,0.452,0.957,0.75,0.657,0.554,-0.234,0.191,-0.191,-0.56,-0.09,-0.745,0.761,0.773,0.729,0.738,0.873,-0.069,0.743,0.558,0.775,0.741,-0.706,0.657,0.933,-0.105,-0.873,0.926,-0.013,0.517,-0.026,0.736,0.125,0.879,-0.126,0.787,0.877,0.632,-0.739,0.915,0.593,0.492,0.549,0.821
ARCB,-0.68,-0.589,-0.372,-0.861,-0.367,-0.029,-0.581,-0.284,-0.775,-0.514,-0.526,-0.378,-0.83,0.0,-0.724,-0.776,0.325,-0.706,-0.699,-0.752,0.739,0.21,0.011,-0.787,-0.832,-0.824,-0.698,-0.184,-0.456,0.058,-0.751,-0.759,-0.647,-0.53,0.3,-0.168,-0.759,-0.672,0.38,0.325,-0.879,-0.619,-0.911,-0.366,0.412,-0.871,-0.834,-0.93,-0.848,-0.833,0.288,-0.746,0.361,-0.164,0.731,0.095,-0.33,-0.464,0.738,0.206,-0.144,-0.61,-0.672,-0.587,-0.649,0.867,0.129,0.52,-0.28,0.234,-0.556,-0.667,0.569,0.175,0.688,0.018,-0.706,0.217,0.179,0.099,-0.577,-0.391,0.166,-0.51,-0.716,-0.599,-0.592,-0.318,0.025,-0.766,0.024,-0.721,0.513,-0.782,-0.622,0.807,0.59,-0.578,-0.642,0.375,-0.131,-0.67,-0.714,-0.604,-0.84,-0.088,-0.636,0.927,0.571,-0.793,-0.81,-0.51,-0.666,0.286,0.009,-0.286,-0.518,-0.682,0.348,-0.372,-0.576,-0.709,-0.843,-0.442,-0.381,0.098,-0.313,-0.208,-0.558,-0.075,-0.732,-0.494,-0.605,-0.668,-0.77,-0.504,-0.896,-0.355,-0.668,-0.075,-0.686,0.553,0.745,-0.498,-0.472,-0.255,0.199,0.706,-0.018,-0.852,-0.159,-0.614,-0.505,-0.709,-0.111,-0.715,0.013,-0.238,-0.823,-0.438,-0.557,-0.535,0.146,0.151,0.039,0.365,-0.038,0.573,-0.51,-0.494,-0.694,-0.474,-0.779,0.249,-0.674,-0.209,-0.453,-0.487,0.877,-0.361,-0.704,0.117,0.736,-0.858,0.198,-0.611,-0.207,-0.748,-0.071,-0.796,-0.106,-0.607,-0.649,-0.367,0.791,-0.845,-0.643,-0.327,-0.222,-0.532
ARCC,0.91,0.711,0.519,0.863,-0.015,-0.059,0.876,0.091,0.762,0.786,0.684,0.631,0.891,-0.724,0.0,0.814,-0.307,0.831,0.926,0.87,-0.714,0.171,0.453,0.92,0.923,0.8,0.891,0.32,0.276,-0.133,0.906,0.933,0.866,0.21,-0.49,-0.11,0.82,0.553,-0.398,-0.036,0.872,0.759,0.797,0.447,-0.43,0.744,0.89,0.769,0.908,0.842,0.042,0.958,-0.506,0.658,-0.747,-0.014,0.638,0.633,-0.429,0.28,0.323,0.549,0.886,0.843,0.854,-0.532,-0.396,-0.477,0.753,-0.631,0.576,0.783,-0.763,0.201,-0.733,0.463,0.879,-0.584,-0.149,0.369,0.776,0.717,0.335,0.511,0.721,0.824,0.879,0.734,0.476,0.894,0.152,0.957,-0.738,0.907,0.933,-0.362,-0.443,0.891,0.544,-0.355,0.109,0.761,0.904,0.929,0.588,0.386,0.919,-0.775,-0.456,0.96,0.72,0.771,0.898,0.187,0.118,0.699,0.343,0.962,-0.492,0.662,0.896,0.771,0.901,0.755,0.726,-0.485,0.365,0.56,0.325,0.53,0.906,0.786,0.754,0.787,0.785,0.705,0.8,0.688,0.792,-0.146,0.895,-0.222,-0.681,0.901,0.459,-0.204,0.175,-0.377,-0.34,0.943,0.557,0.703,0.652,0.786,-0.119,0.89,0.227,0.563,0.902,0.826,0.581,0.487,-0.169,0.233,-0.34,-0.717,-0.017,-0.795,0.823,0.645,0.568,0.72,0.881,0.127,0.793,0.431,0.713,0.794,-0.673,0.83,0.912,-0.298,-0.885,0.863,0.155,0.423,0.021,0.672,0.363,0.856,0.06,0.724,0.766,0.729,-0.614,0.9,0.636,0.499,0.462,0.898
ARVN,0.723,0.815,0.368,0.826,0.371,0.18,0.633,0.158,0.814,0.538,0.7,0.726,0.873,-0.776,0.814,0.0,-0.382,0.77,0.833,0.913,-0.579,-0.016,0.233,0.816,0.826,0.866,0.803,0.365,0.458,-0.128,0.765,0.767,0.684,0.245,-0.175,0.264,0.825,0.683,-0.078,-0.203,0.902,0.632,0.854,0.416,-0.453,0.894,0.804,0.848,0.917,0.837,-0.225,0.859,-0.439,0.498,-0.631,-0.145,0.57,0.719,-0.513,0.347,0.388,0.659,0.786,0.803,0.819,-0.494,-0.176,-0.452,0.686,-0.403,0.452,0.65,-0.593,0.054,-0.542,0.173,0.732,-0.409,-0.117,0.059,0.642,0.673,-0.063,0.591,0.818,0.606,0.821,0.58,0.39,0.842,0.228,0.791,-0.404,0.822,0.736,-0.622,-0.346,0.65,0.598,-0.294,0.139,0.73,0.912,0.78,0.823,0.144,0.733,-0.778,-0.711,0.867,0.909,0.537,0.683,0.255,0.039,0.415,0.503,0.849,-0.555,0.671,0.694,0.709,0.908,0.504,0.504,-0.269,0.289,0.556,0.628,0.423,0.766,0.546,0.839,0.691,0.813,0.559,0.871,0.672,0.692,0.132,0.795,-0.262,-0.52,0.726,0.347,0.09,0.215,-0.501,-0.005,0.856,0.564,0.786,0.71,0.842,-0.052,0.81,0.038,0.565,0.841,0.761,0.793,0.775,-0.263,0.048,0.007,-0.41,0.025,-0.561,0.792,0.596,0.507,0.767,0.817,0.151,0.856,0.386,0.652,0.561,-0.598,0.581,0.837,0.024,-0.738,0.828,0.195,0.631,-0.074,0.731,0.265,0.874,-0.061,0.684,0.638,0.708,-0.637,0.857,0.696,0.381,0.448,0.714
ATEC,-0.394,-0.481,-0.152,-0.183,-0.166,0.067,-0.151,0.141,-0.298,0.115,-0.686,-0.101,-0.398,0.325,-0.307,-0.382,0.0,-0.405,-0.195,-0.485,0.247,0.523,0.071,-0.524,-0.478,-0.668,-0.543,-0.779,0.049,0.716,-0.217,-0.413,-0.198,0.007,-0.024,-0.022,-0.629,-0.189,-0.162,0.609,-0.542,0.174,-0.231,-0.124,0.184,-0.459,-0.271,-0.46,-0.489,-0.459,0.562,-0.467,0.708,-0.058,0.673,-0.036,-0.094,-0.4,0.631,0.07,-0.058,-0.189,-0.466,-0.5,-0.524,0.162,0.476,-0.121,-0.409,-0.298,0.289,-0.211,0.648,-0.093,0.352,-0.18,-0.132,0.413,-0.56,0.265,-0.198,-0.563,0.162,0.195,-0.622,-0.126,-0.291,0.135,-0.211,-0.527,-0.025,-0.287,0.456,-0.151,-0.314,0.359,-0.062,-0.301,0.241,-0.374,0.351,0.067,-0.424,-0.276,-0.466,0.319,-0.324,0.245,0.728,-0.322,-0.536,0.231,-0.187,-0.114,0.535,0.088,-0.535,-0.292,0.779,-0.701,-0.227,-0.646,-0.485,-0.072,-0.026,0.152,0.482,-0.124,-0.341,0.125,-0.239,-0.037,-0.404,-0.012,-0.634,-0.3,-0.243,-0.578,0.042,-0.016,-0.501,0.533,0.462,-0.267,-0.1,0.154,-0.284,0.465,0.253,-0.439,-0.576,-0.74,-0.172,-0.316,0.767,-0.402,0.573,-0.32,-0.295,-0.265,-0.638,-0.148,0.89,0.387,-0.233,0.076,0.666,0.403,-0.381,-0.272,-0.213,-0.416,-0.622,0.142,-0.36,-0.157,-0.135,-0.045,0.375,-0.161,-0.411,-0.146,0.543,-0.506,0.041,-0.359,0.659,-0.566,0.279,-0.364,0.302,-0.087,-0.41,-0.387,0.489,-0.368,-0.155,0.416,0.144,-0.303
ATXS,0.842,0.582,0.39,0.775,0.06,0.144,0.761,0.37,0.857,0.713,0.522,0.403,0.901,-0.706,0.831,0.77,-0.405,0.0,0.798,0.847,-0.72,0.184,0.406,0.857,0.853,0.839,0.886,0.267,0.322,-0.305,0.887,0.779,0.827,0.11,-0.511,-0.088,0.758,0.636,-0.366,0.042,0.826,0.742,0.797,0.564,-0.6,0.76,0.883,0.767,0.863,0.665,0.087,0.813,-0.516,0.559,-0.709,0.206,0.379,0.396,-0.513,0.159,0.252,0.557,0.903,0.82,0.841,-0.57,-0.245,-0.261,0.656,-0.327,0.577,0.8,-0.714,-0.118,-0.777,0.362,0.802,-0.503,0.135,0.234,0.824,0.63,0.13,0.502,0.701,0.765,0.805,0.565,0.419,0.811,-0.069,0.856,-0.62,0.884,0.826,-0.388,-0.29,0.744,0.552,-0.173,0.253,0.75,0.813,0.842,0.626,0.407,0.853,-0.684,-0.514,0.811,0.704,0.637,0.796,0.098,0.231,0.636,0.474,0.803,-0.423,0.656,0.82,0.62,0.785,0.775,0.745,-0.467,0.329,0.262,0.533,0.258,0.886,0.743,0.582,0.764,0.654,0.69,0.823,0.533,0.744,-0.308,0.87,-0.122,-0.584,0.756,0.545,-0.098,0.227,-0.502,-0.05,0.863,0.534,0.611,0.423,0.781,-0.131,0.786,-0.061,0.386,0.89,0.722,0.586,0.512,-0.217,0.231,-0.188,-0.528,-0.114,-0.728,0.663,0.808,0.675,0.579,0.833,-0.114,0.641,0.626,0.833,0.699,-0.614,0.64,0.898,-0.097,-0.803,0.831,-0.055,0.458,-0.176,0.719,0.073,0.833,-0.228,0.773,0.895,0.581,-0.656,0.804,0.542,0.533,0.6,0.789
AVAV,0.849,0.713,0.424,0.867,0.067,0.031,0.847,0.145,0.757,0.759,0.631,0.688,0.867,-0.699,0.926,0.833,-0.195,0.798,0.0,0.865,-0.64,0.257,0.505,0.85,0.876,0.724,0.828,0.257,0.262,0.012,0.886,0.884,0.834,0.209,-0.385,-0.031,0.737,0.508,-0.332,0.059,0.831,0.808,0.806,0.483,-0.371,0.729,0.859,0.769,0.892,0.799,0.065,0.9,-0.361,0.625,-0.638,-0.008,0.679,0.631,-0.301,0.354,0.38,0.602,0.801,0.801,0.791,-0.49,-0.318,-0.51,0.731,-0.669,0.643,0.75,-0.656,0.218,-0.657,0.447,0.856,-0.481,-0.245,0.386,0.752,0.694,0.324,0.554,0.693,0.8,0.836,0.814,0.49,0.849,0.183,0.912,-0.597,0.911,0.896,-0.362,-0.446,0.85,0.571,-0.417,0.186,0.812,0.896,0.886,0.582,0.463,0.867,-0.778,-0.372,0.928,0.728,0.817,0.862,0.278,0.189,0.694,0.336,0.943,-0.428,0.564,0.864,0.678,0.852,0.726,0.731,-0.446,0.441,0.595,0.404,0.611,0.892,0.783,0.772,0.804,0.729,0.651,0.784,0.629,0.804,-0.074,0.833,-0.152,-0.564,0.873,0.401,-0.126,0.174,-0.291,-0.224,0.909,0.516,0.628,0.673,0.83,0.03,0.863,0.283,0.619,0.868,0.783,0.553,0.536,-0.055,0.307,-0.338,-0.644,0.142,-0.682,0.812,0.63,0.508,0.739,0.781,0.202,0.828,0.451,0.709,0.795,-0.576,0.775,0.873,-0.284,-0.788,0.82,0.211,0.375,0.061,0.63,0.431,0.82,0.097,0.706,0.695,0.73,-0.514,0.89,0.652,0.56,0.536,0.839
AXON,0.782,0.862,0.38,0.85,0.225,0.213,0.765,0.24,0.785,0.612,0.687,0.681,0.906,-0.752,0.87,0.913,-0.485,0.847,0.865,0.0,-0.687,0.081,0.335,0.887,0.856,0.884,0.914,0.406,0.296,-0.236,0.831,0.852,0.772,0.265,-0.301,0.168,0.874,0.598,-0.114,-0.192,0.934,0.642,0.821,0.478,-0.509,0.856,0.875,0.845,0.937,0.831,-0.186,0.894,-0.611,0.62,-0.712,-0.041,0.517,0.646,-0.554,0.361,0.315,0.567,0.869,0.911,0.882,-0.482,-0.31,-0.308,0.783,-0.397,0.432,0.765,-0.742,0.132,-0.674,0.263,0.818,-0.466,0.046,0.193,0.66,0.716,0.068,0.457,0.899,0.693,0.876,0.597,0.557,0.866,0.16,0.862,-0.574,0.855,0.811,-0.552,-0.334,0.777,0.498,-0.162,0.196,0.748,0.943,0.836,0.758,0.269,0.83,-0.75,-0.674,0.907,0.895,0.534,0.779,0.289,0.085,0.54,0.435,0.861,-0.576,0.732,0.78,0.758,0.908,0.606,0.596,-0.434,0.256,0.502,0.519,0.387,0.845,0.703,0.805,0.749,0.809,0.718,0.837,0.679,0.735,-0.085,0.902,-0.292,-0.521,0.823,0.382,-0.12,0.258,-0.498,-0.206,0.888,0.658,0.792,0.621,0.882,-0.192,0.782,-0.026,0.583,0.906,0.818,0.833,0.656,-0.324,0.085,-0.092,-0.508,-0.145,-0.727,0.786,0.684,0.596,0.797,0.875,0.098,0.814,0.543,0.748,0.696,-0.579,0.639,0.921,0.001,-0.834,0.865,0.133,0.487,-0.212,0.703,0.143,0.859,-0.183,0.757,0.762,0.767,-0.685,0.913,0.666,0.41,0.534,0.765
BANF,-0.738,-0.378,-0.412,-0.789,0.214,-0.056,-0.798,-0.343,-0.608,-0.702,-0.291,-0.16,-0.759,0.739,-0.714,-0.579,0.247,-0.72,-0.64,-0.687,0.0,-0.171,-0.358,-0.761,-0.741,-0.661,-0.781,-0.021,-0.146,0.274,-0.812,-0.758,-0.787,-0.245,0.695,0.255,-0.584,-0.501,0.649,0.012,-0.737,-0.703,-0.765,-0.307,0.667,-0.564,-0.875,-0.682,-0.681,-0.64,-0.042,-0.69,0.611,-0.496,0.726,-0.048,-0.023,-0.12,0.567,0.096,-0.211,-0.214,-0.796,-0.659,-0.696,0.711,0.404,0.363,-0.39,0.367,-0.508,-0.818,0.67,0.157,0.933,-0.224,-0.83,0.477,-0.041,-0.296,-0.733,-0.367,-0.198,-0.298,-0.586,-0.752,-0.675,-0.34,-0.301,-0.613,0.424,-0.812,0.746,-0.81,-0.741,0.359,0.517,-0.729,-0.443,0.307,-0.247,-0.758,-0.634,-0.688,-0.479,-0.419,-0.8,0.783,0.355,-0.748,-0.565,-0.566,-0.801,0.283,-0.228,-0.63,-0.072,-0.597,0.186,-0.462,-0.775,-0.51,-0.684,-0.653,-0.593,0.548,-0.241,0.037,-0.189,0.046,-0.82,-0.747,-0.411,-0.763,-0.51,-0.811,-0.75,-0.288,-0.758,0.454,-0.804,0.314,0.62,-0.688,-0.583,0.149,0.023,0.681,0.332,-0.747,-0.265,-0.413,-0.075,-0.528,0.059,-0.564,0.149,-0.213,-0.853,-0.475,-0.428,-0.349,0.018,-0.213,0.308,0.649,0.207,0.849,-0.326,-0.693,-0.741,-0.368,-0.731,0.471,-0.356,-0.52,-0.709,-0.698,0.765,-0.521,-0.8,0.296,0.758,-0.716,0.439,-0.312,0.01,-0.427,0.239,-0.668,0.187,-0.78,-0.759,-0.298,0.77,-0.781,-0.338,-0.539,-0.476,-0.642
BATRK,0.091,-0.047,0.023,0.159,-0.434,0.3,0.408,0.332,0.023,0.526,-0.367,0.152,0.083,0.21,0.171,-0.016,0.523,0.184,0.257,0.081,-0.171,0.0,0.598,-0.012,-0.051,-0.223,0.115,-0.459,-0.056,0.291,0.267,0.04,0.308,-0.181,-0.347,-0.16,-0.208,-0.06,-0.271,0.77,-0.115,0.515,0.033,0.215,-0.313,-0.186,0.22,-0.177,-0.045,-0.179,0.656,-0.002,0.104,0.598,0.299,0.22,0.05,-0.211,0.499,0.538,0.147,-0.087,0.16,0.172,0.066,0.221,0.051,0.096,0.294,-0.508,0.395,0.308,0.125,0.158,-0.127,0.295,0.387,-0.044,-0.083,0.708,0.294,-0.077,0.526,0.177,-0.108,0.401,0.289,0.528,0.468,-0.122,-0.062,0.253,-0.011,0.321,0.246,0.457,0.088,0.29,0.197,-0.159,0.571,0.481,0.117,0.271,-0.341,0.745,0.274,0.054,0.461,0.1,-0.193,0.518,0.306,0.337,0.828,0.651,-0.479,0.147,0.409,-0.111,0.349,-0.342,-0.128,0.485,0.571,-0.472,0.469,0.098,-0.15,0.378,0.299,0.552,-0.1,0.464,-0.336,0.328,0.029,-0.081,0.481,-0.526,0.144,0.666,0.398,0.404,0.215,-0.35,0.167,0.307,-0.048,-0.024,0.099,-0.328,-0.086,0.16,0.373,-0.045,0.366,0.153,0.199,0.335,-0.148,0.039,0.624,0.687,-0.396,-0.345,0.361,-0.17,0.063,0.301,0.131,0.041,-0.145,0.188,-0.084,0.557,0.545,0.49,0.301,0.3,0.203,-0.143,0.094,-0.113,0.141,-0.359,0.156,-0.364,0.136,0.037,-0.154,0.454,0.193,0.2,0.231,0.041,0.033,0.732,0.721,0.224
BIDU,0.481,0.116,0.37,0.275,-0.55,0.097,0.643,0.162,0.211,0.59,0.172,0.217,0.379,0.011,0.453,0.233,0.071,0.406,0.505,0.335,-0.358,0.598,0.0,0.348,0.329,0.129,0.415,0.055,-0.144,-0.187,0.539,0.387,0.613,-0.365,-0.535,-0.515,0.133,0.077,-0.371,0.553,0.184,0.583,0.232,0.294,-0.409,0.015,0.364,0.074,0.249,0.131,0.553,0.404,-0.269,0.753,-0.167,0.2,0.223,0.008,0.323,0.45,0.437,0.035,0.488,0.504,0.442,0.09,-0.415,-0.138,0.549,-0.542,0.303,0.442,-0.32,0.133,-0.467,0.741,0.526,-0.536,0.073,0.641,0.66,0.384,0.639,0.092,0.094,0.556,0.466,0.657,0.65,0.341,-0.167,0.546,-0.375,0.472,0.658,0.439,0.091,0.599,0.137,-0.173,0.293,0.446,0.421,0.547,-0.156,0.661,0.629,-0.174,0.106,0.382,0.036,0.586,0.582,0.366,0.39,0.784,-0.208,0.489,-0.024,0.366,0.707,0.024,0.212,0.689,0.721,-0.659,0.269,0.222,-0.136,0.437,0.523,0.662,0.178,0.502,0.049,0.522,0.173,0.385,0.474,-0.472,0.479,0.45,-0.089,0.671,0.267,-0.449,0.454,0.072,-0.312,0.344,0.376,0.038,0.024,0.246,-0.083,0.405,0.122,0.364,0.417,0.526,0.061,0.021,0.183,0.801,-0.503,-0.603,0.017,-0.51,0.331,0.561,0.17,0.383,0.243,0.088,0.178,0.585,0.665,0.658,0.001,0.6,0.532,-0.372,-0.344,0.241,0.082,-0.104,-0.151,-0.012,0.127,0.262,-0.228,0.434,0.474,0.364,-0.006,0.31,-0.015,0.518,0.647,0.622
BLNE,0.901,0.724,0.501,0.832,0.003,0.023,0.852,0.162,0.732,0.678,0.727,0.475,0.925,-0.787,0.92,0.816,-0.524,0.857,0.85,0.887,-0.761,-0.012,0.348,0.0,0.93,0.893,0.959,0.407,0.23,-0.299,0.894,0.959,0.868,0.267,-0.497,-0.114,0.872,0.511,-0.364,-0.186,0.937,0.634,0.778,0.496,-0.501,0.771,0.894,0.853,0.923,0.85,-0.128,0.947,-0.673,0.561,-0.88,0.046,0.517,0.56,-0.614,0.132,0.161,0.452,0.912,0.83,0.877,-0.604,-0.517,-0.374,0.734,-0.402,0.517,0.805,-0.874,0.098,-0.816,0.39,0.858,-0.624,0.078,0.279,0.758,0.693,0.269,0.352,0.812,0.754,0.824,0.573,0.432,0.911,0.046,0.938,-0.809,0.865,0.9,-0.464,-0.436,0.882,0.404,-0.228,0.11,0.675,0.921,0.893,0.649,0.328,0.89,-0.801,-0.555,0.927,0.776,0.606,0.893,0.065,-0.032,0.621,0.398,0.881,-0.585,0.715,0.858,0.839,0.907,0.719,0.658,-0.542,0.241,0.405,0.361,0.308,0.916,0.749,0.698,0.758,0.826,0.741,0.789,0.681,0.745,-0.2,0.949,-0.375,-0.777,0.838,0.571,-0.258,0.217,-0.517,-0.357,0.954,0.636,0.769,0.539,0.823,-0.269,0.865,-0.009,0.568,0.908,0.714,0.657,0.431,-0.372,0.123,-0.294,-0.673,-0.255,-0.854,0.788,0.73,0.681,0.765,0.923,-0.033,0.755,0.502,0.686,0.767,-0.765,0.734,0.928,-0.257,-0.942,0.944,0.009,0.453,-0.141,0.703,0.135,0.817,-0.072,0.693,0.839,0.682,-0.719,0.92,0.505,0.348,0.403,0.872
BLNK,0.931,0.669,0.488,0.851,0.106,-0.111,0.764,0.094,0.842,0.652,0.758,0.52,0.919,-0.832,0.923,0.826,-0.478,0.853,0.876,0.856,-0.741,-0.051,0.329,0.93,0.0,0.907,0.883,0.427,0.304,-0.264,0.874,0.919,0.799,0.222,-0.411,-0.111,0.875,0.617,-0.412,-0.204,0.924,0.679,0.862,0.372,-0.42,0.839,0.885,0.86,0.946,0.9,-0.139,0.943,-0.541,0.438,-0.864,-0.006,0.52,0.616,-0.601,0.06,0.317,0.64,0.882,0.808,0.861,-0.674,-0.404,-0.493,0.61,-0.437,0.504,0.759,-0.798,0.073,-0.774,0.389,0.794,-0.577,-0.059,0.162,0.777,0.737,0.138,0.47,0.766,0.809,0.801,0.543,0.294,0.939,0.047,0.901,-0.718,0.867,0.881,-0.514,-0.456,0.823,0.52,-0.314,0.018,0.691,0.862,0.854,0.723,0.216,0.876,-0.849,-0.582,0.927,0.788,0.658,0.817,0.02,-0.043,0.524,0.524,0.9,-0.554,0.666,0.826,0.826,0.936,0.663,0.62,-0.352,0.24,0.435,0.496,0.357,0.861,0.651,0.753,0.694,0.88,0.641,0.848,0.67,0.687,-0.093,0.879,-0.389,-0.801,0.784,0.477,-0.032,0.106,-0.576,-0.215,0.977,0.485,0.774,0.583,0.75,-0.154,0.921,0.037,0.466,0.884,0.675,0.604,0.465,-0.31,0.056,-0.223,-0.614,-0.087,-0.743,0.74,0.631,0.592,0.651,0.946,-0.058,0.769,0.344,0.624,0.652,-0.815,0.714,0.885,-0.262,-0.911,0.91,-0.006,0.534,-0.02,0.824,0.22,0.893,0.05,0.666,0.778,0.633,-0.734,0.897,0.638,0.353,0.323,0.819
BTAI,0.802,0.753,0.405,0.768,0.311,0.074,0.598,0.176,0.84,0.46,0.779,0.493,0.897,-0.824,0.8,0.866,-0.668,0.839,0.724,0.884,-0.661,-0.223,0.129,0.893,0.907,0.0,0.869,0.541,0.388,-0.386,0.761,0.809,0.676,0.267,-0.248,0.118,0.923,0.68,-0.171,-0.395,0.948,0.491,0.818,0.397,-0.489,0.901,0.817,0.893,0.929,0.851,-0.345,0.864,-0.642,0.359,-0.848,0.007,0.414,0.627,-0.761,0.054,0.217,0.632,0.858,0.802,0.865,-0.612,-0.292,-0.292,0.598,-0.143,0.341,0.68,-0.781,-0.031,-0.675,0.211,0.675,-0.495,0.177,-0.047,0.654,0.686,-0.111,0.428,0.876,0.62,0.763,0.357,0.273,0.896,0.083,0.776,-0.594,0.759,0.728,-0.663,-0.293,0.666,0.45,-0.074,0.033,0.575,0.851,0.747,0.841,0.028,0.755,-0.761,-0.788,0.831,0.886,0.379,0.669,0.039,-0.143,0.317,0.63,0.775,-0.661,0.73,0.668,0.834,0.922,0.511,0.469,-0.257,0.109,0.357,0.649,0.179,0.755,0.495,0.739,0.594,0.895,0.579,0.843,0.681,0.579,-0.014,0.849,-0.45,-0.726,0.654,0.455,0.059,0.193,-0.666,-0.076,0.896,0.568,0.857,0.559,0.771,-0.284,0.823,-0.186,0.435,0.84,0.647,0.789,0.583,-0.522,-0.131,0.054,-0.386,-0.25,-0.659,0.702,0.63,0.628,0.674,0.944,-0.079,0.746,0.384,0.59,0.494,-0.749,0.538,0.84,0.027,-0.862,0.903,-0.009,0.635,-0.216,0.867,0.043,0.879,-0.144,0.625,0.768,0.623,-0.789,0.842,0.617,0.198,0.292,0.694
BYND,0.88,0.73,0.433,0.798,-0.065,0.106,0.86,0.208,0.719,0.678,0.651,0.476,0.896,-0.698,0.891,0.803,-0.543,0.886,0.828,0.914,-0.781,0.115,0.415,0.959,0.883,0.869,0.0,0.39,0.136,-0.37,0.879,0.918,0.862,0.154,-0.523,-0.104,0.832,0.498,-0.333,-0.094,0.902,0.638,0.731,0.494,-0.578,0.725,0.895,0.781,0.898,0.771,-0.07,0.906,-0.734,0.662,-0.833,0.1,0.438,0.505,-0.559,0.25,0.232,0.406,0.935,0.904,0.911,-0.507,-0.52,-0.272,0.805,-0.392,0.464,0.833,-0.87,0.098,-0.825,0.417,0.864,-0.647,0.19,0.352,0.76,0.734,0.296,0.333,0.826,0.763,0.862,0.578,0.589,0.864,-0.012,0.927,-0.784,0.856,0.891,-0.374,-0.343,0.877,0.352,-0.143,0.145,0.712,0.907,0.897,0.595,0.381,0.91,-0.724,-0.558,0.896,0.765,0.567,0.874,0.171,0.064,0.675,0.335,0.841,-0.596,0.783,0.875,0.768,0.855,0.746,0.711,-0.637,0.176,0.36,0.361,0.288,0.915,0.789,0.688,0.761,0.756,0.823,0.761,0.66,0.747,-0.311,0.983,-0.282,-0.642,0.878,0.516,-0.332,0.305,-0.482,-0.381,0.903,0.726,0.753,0.449,0.81,-0.348,0.784,-0.111,0.587,0.906,0.758,0.713,0.477,-0.373,0.189,-0.264,-0.672,-0.312,-0.884,0.75,0.794,0.653,0.75,0.908,-0.048,0.699,0.627,0.789,0.782,-0.656,0.738,0.956,-0.175,-0.907,0.88,-0.004,0.397,-0.297,0.645,0.044,0.792,-0.244,0.755,0.85,0.707,-0.705,0.892,0.47,0.414,0.519,0.86
CAN,0.337,0.532,0.135,0.123,0.242,-0.222,0.079,-0.398,0.229,-0.209,0.802,0.354,0.311,-0.184,0.32,0.365,-0.779,0.267,0.257,0.406,-0.021,-0.459,0.055,0.407,0.427,0.541,0.39,0.0,-0.139,-0.472,0.111,0.352,0.074,-0.094,0.215,0.11,0.528,0.173,0.283,-0.538,0.44,-0.2,0.144,0.004,-0.007,0.376,0.121,0.347,0.461,0.473,-0.555,0.47,-0.5,0.093,-0.496,-0.099,0.326,0.633,-0.347,0.152,0.268,0.287,0.311,0.489,0.459,0.066,-0.413,0.103,0.451,0.105,-0.312,0.055,-0.489,0.396,-0.096,0.348,0.029,-0.312,0.347,-0.228,0.133,0.611,-0.07,-0.132,0.55,0.048,0.216,0.083,0.245,0.491,0.265,0.219,-0.312,0.085,0.298,-0.245,0.18,0.258,-0.212,0.387,-0.514,-0.164,0.402,0.251,0.352,-0.422,0.287,-0.162,-0.611,0.333,0.515,-0.132,0.096,0.362,-0.567,-0.144,0.48,0.347,-0.804,0.641,0.182,0.653,0.465,-0.015,0.009,0.046,-0.46,0.43,0.282,0.186,0.116,-0.054,0.578,-0.101,0.653,0.173,0.131,0.747,-0.135,0.297,0.387,-0.441,-0.355,0.306,-0.174,-0.045,0.203,-0.215,-0.275,0.389,0.55,0.723,0.361,0.245,-0.675,0.456,-0.322,0.433,0.172,0.368,0.582,0.193,-0.767,-0.345,0.272,0.051,-0.39,-0.201,0.449,0.08,-0.061,0.512,0.54,0.179,0.441,-0.023,0.019,-0.035,-0.191,0.216,0.308,0.144,-0.413,0.385,0.258,0.258,-0.539,0.517,0.105,0.364,-0.086,-0.104,0.185,0.496,-0.229,0.323,0.262,-0.456,-0.225,0.292
CCEC,0.153,0.227,0.233,0.374,0.474,0.268,0.068,0.312,0.49,0.279,0.214,0.271,0.399,-0.456,0.276,0.458,0.049,0.322,0.262,0.296,-0.146,-0.056,-0.144,0.23,0.304,0.388,0.136,-0.139,0.0,0.24,0.304,0.151,0.203,0.384,0.067,0.352,0.406,0.531,-0.014,-0.163,0.361,0.335,0.54,0.334,-0.164,0.521,0.328,0.479,0.338,0.361,-0.079,0.257,0.081,0.012,-0.066,-0.076,0.264,0.282,-0.31,-0.041,-0.048,0.507,0.285,0.102,0.173,-0.363,0.398,-0.197,0.021,0.027,0.254,0.136,0.042,-0.28,-0.056,-0.25,0.24,0.112,-0.2,-0.338,0.256,0.016,-0.373,0.448,0.262,0.219,0.336,0.116,-0.271,0.31,0.28,0.213,0.1,0.357,0.151,-0.522,-0.076,0.077,0.573,-0.198,0.384,0.358,0.314,0.193,0.536,-0.005,0.118,-0.376,-0.351,0.244,0.365,0.21,0.172,-0.077,0.18,-0.02,0.476,0.315,0.084,0.017,0.105,0.154,0.37,0.098,0.039,0.238,0.5,0.259,0.512,0.202,0.244,0.083,0.185,0.373,0.317,-0.119,0.519,0.153,0.328,0.173,0.099,0.055,-0.199,0.065,0.415,0.485,0.048,-0.359,0.564,0.297,-0.096,0.25,0.469,0.391,0.446,0.361,0.291,0.063,0.356,0.28,0.24,0.35,0.054,-0.089,0.206,0.004,0.308,0.034,0.314,0.124,0.438,0.129,0.238,0.139,0.346,0.053,0.209,0.101,-0.298,0.04,0.218,0.143,-0.165,0.364,0.155,0.528,0.432,0.401,0.229,0.453,0.271,0.369,0.317,0.113,-0.263,0.25,0.527,0.203,0.224,0.13
CDW,-0.333,-0.069,-0.18,0.05,0.209,0.087,-0.127,0.038,-0.191,0.009,-0.316,0.212,-0.212,0.058,-0.133,-0.128,0.716,-0.305,0.012,-0.236,0.274,0.291,-0.187,-0.299,-0.264,-0.386,-0.37,-0.472,0.24,0.0,-0.183,-0.192,-0.193,0.392,0.241,0.373,-0.287,-0.114,0.113,0.217,-0.222,0.086,-0.049,0.009,0.345,-0.124,-0.149,-0.106,-0.17,-0.104,0.124,-0.226,0.636,-0.152,0.496,-0.172,0.245,0.044,0.361,0.087,-0.14,0.04,-0.401,-0.358,-0.419,0.075,0.426,-0.089,-0.247,-0.246,0.266,-0.21,0.515,0.183,0.421,-0.261,-0.067,0.558,-0.642,0.009,-0.292,-0.392,-0.004,0.204,-0.235,-0.114,-0.188,0.199,-0.275,-0.293,0.377,-0.197,0.382,-0.053,-0.269,-0.053,-0.165,-0.183,0.254,-0.276,0.216,0.085,-0.191,-0.205,-0.128,0.123,-0.316,0.025,0.461,-0.108,-0.141,0.176,-0.134,0.051,0.317,-0.077,-0.209,-0.107,0.459,-0.599,-0.263,-0.222,-0.195,-0.204,-0.151,0.357,0.443,0.26,-0.034,0.32,-0.163,-0.055,-0.077,0.048,-0.216,-0.331,-0.095,-0.304,0.099,0.308,-0.395,0.156,0.324,-0.198,-0.108,0.274,-0.365,0.384,0.266,-0.214,-0.409,-0.345,0.254,0.018,0.696,-0.219,0.688,-0.041,-0.178,-0.085,-0.309,0.057,0.618,-0.007,-0.061,0.179,0.707,0.398,-0.073,-0.342,-0.119,-0.139,-0.386,0.41,0.025,-0.275,-0.236,-0.035,0.211,-0.163,-0.33,-0.135,0.388,-0.228,0.346,-0.242,0.707,-0.288,0.498,-0.165,0.563,-0.094,-0.37,-0.119,0.387,-0.142,0.245,0.192,-0.0,-0.282
CDXS,0.901,0.574,0.524,0.867,-0.09,0.137,0.919,0.402,0.805,0.882,0.482,0.436,0.924,-0.751,0.906,0.765,-0.217,0.887,0.886,0.831,-0.812,0.267,0.539,0.894,0.874,0.761,0.879,0.111,0.304,-0.183,0.0,0.879,0.959,0.219,-0.616,-0.219,0.726,0.576,-0.535,0.139,0.822,0.887,0.835,0.561,-0.612,0.695,0.941,0.769,0.839,0.707,0.211,0.862,-0.48,0.659,-0.714,0.157,0.452,0.355,-0.425,0.165,0.229,0.503,0.907,0.796,0.833,-0.638,-0.331,-0.438,0.648,-0.535,0.712,0.881,-0.725,-0.062,-0.862,0.421,0.947,-0.569,-0.043,0.437,0.886,0.563,0.336,0.54,0.637,0.862,0.846,0.699,0.456,0.835,-0.094,0.961,-0.691,0.962,0.928,-0.324,-0.41,0.876,0.628,-0.368,0.359,0.857,0.863,0.909,0.546,0.589,0.937,-0.771,-0.348,0.894,0.637,0.808,0.955,0.009,0.286,0.8,0.257,0.878,-0.291,0.557,0.932,0.588,0.805,0.884,0.835,-0.589,0.49,0.29,0.347,0.336,0.978,0.885,0.576,0.901,0.612,0.756,0.842,0.484,0.88,-0.343,0.897,-0.08,-0.65,0.845,0.63,-0.195,0.224,-0.441,-0.207,0.907,0.464,0.505,0.447,0.786,0.016,0.829,0.119,0.426,0.954,0.722,0.475,0.428,-0.029,0.417,-0.412,-0.731,-0.013,-0.826,0.681,0.834,0.733,0.643,0.797,-0.106,0.664,0.626,0.843,0.882,-0.682,0.771,0.934,-0.282,-0.852,0.854,-0.092,0.41,0.038,0.612,0.153,0.82,-0.115,0.832,0.882,0.568,-0.658,0.877,0.482,0.676,0.65,0.884
