,ABEO,ACHC,AGNCN,AKAM,AKRO,ALRM,AMAT,AMED,AMRN,ANGI,APA,APOG,APPS,ARCB,ARCC,ARVN,ATEC,ATXS,AVAV,AXON,BANF,BATRK,BIDU,BLNE,BLNK,BTAI,BYND,CAN,CCEC,CDW,CDXS,CELH,CGNX,CHKP,CHRS,CHRW,CIGI,CKPT,CMPR,COGT,CRNC,CRSP,CSTL,CTSH,CVGW,DGLY,DNLI,DOCU,DVAX,EBAY,EHTH,ERII,ESLT,EXPE,EXPO,FBIOP,FFBC,FFIN,FOXF,FWRD,GDS,GERN,GPRE,GRWG,GRYP,HEES,HELE,HIVE,HON,HRTX,HSTM,HURA,IART,IBKR,IBOC,IBRX,IDXX,INGN,INM,INVA,IQ,IRBT,KDP,KPTI,KTOS,KXIN,LAMR,LFUS,LGIH,LGMK,LKFN,LNW,LOPE,LPSN,LYFT,MGNX,MLCO,MNST,MODV,MSTR,MTCH,MYGN,MYRG,NCMI,NEXT,NFLX,NIU,NKTR,NRC,NTNX,NTRA,NVEE,NVMI,NWL,NWS,NXPI,OCGN,OCSL,OKTA,OLLI,OTLK,OXLC,PAA,PARA,PARAA,PDCO,PDFS,PFG,PGEN,PNFP,PODD,POWI,PSMT,PTC,PTEN,PVLA,RDNT,RDUS,RDWR,REGN,RNAC,ROCK,ROST,RRR,RSLS,RVMD,RYAAY,SAFT,SAGE,SAVA,SBGI,SFM,SFNC,SHYF,SIBN,SIFY,SIGI,SIMO,SITM,SLM,SNBR,SNDX,SNY,SPNS,SRRK,STRA,SUPN,SYRE,TCBK,TEAM,TECH,THRM,TLRY,TRMK,TROW,TSLA,TWST,TXN,UFPI,UNIT,UPWK,USLM,UTHR,VERB,VLY,VRNA,VRRM,VXRT,WAFD,WATT,WBA,WING,WIX,WTFC,WTW,XPEL,XRX,YMAB,ZG,ZLAB
ABEO,0.0,0.085,-0.284,0.326,0.652,0.706,-0.17,0.582,0.269,0.733,-0.222,0.093,0.601,0.011,0.054,0.526,-0.069,0.562,0.74,0.763,0.083,0.081,0.181,0.535,0.652,0.874,0.511,-0.319,0.489,0.091,0.52,0.543,0.701,0.004,0.795,0.335,0.036,0.662,0.836,0.684,0.548,0.433,0.697,0.131,0.265,0.514,0.553,0.491,0.606,0.522,0.285,-0.18,0.582,-0.203,0.024,0.349,-0.114,-0.163,0.376,0.113,0.281,0.119,-0.087,0.643,0.769,0.245,-0.036,-0.379,-0.092,0.276,0.704,0.595,0.369,0.005,-0.138,-0.171,-0.135,0.844,0.384,0.487,0.453,0.667,0.353,0.637,0.657,0.407,0.188,0.212,0.671,0.143,-0.106,0.148,-0.023,0.529,0.163,0.081,-0.261,0.321,0.584,0.83,0.596,-0.054,0.082,-0.512,0.56,0.659,0.349,0.042,0.197,0.617,0.475,-0.028,-0.105,0.499,0.192,0.552,0.592,0.124,0.58,0.276,0.747,0.203,0.139,-0.288,-0.289,0.609,0.601,-0.212,0.54,-0.249,0.67,0.043,0.63,0.518,-0.398,0.589,0.072,0.007,0.3,0.346,0.279,0.352,0.343,0.049,0.677,0.797,-0.277,0.264,0.258,-0.089,-0.306,0.718,-0.283,0.163,0.413,0.299,-0.122,0.62,0.517,-0.144,0.135,-0.372,0.607,0.663,0.271,0.47,0.462,0.512,-0.247,0.396,0.454,-0.023,0.674,-0.071,0.324,0.374,0.274,0.26,0.588,0.599,0.462,-0.013,-0.436,0.061,-0.055,0.136,0.446,-0.109,0.117,-0.078,0.739,0.701,-0.361,-0.152,0.449,0.564,-0.106,0.615,0.394,0.581
ACHC,0.085,0.0,0.065,0.223,-0.266,-0.121,-0.179,-0.304,-0.058,0.069,-0.026,0.185,0.27,0.098,0.418,0.307,-0.183,-0.149,-0.273,-0.092,-0.166,0.463,-0.421,-0.356,0.098,0.026,-0.138,-0.303,-0.234,-0.148,0.092,0.412,-0.076,-0.045,0.033,0.076,-0.232,-0.322,0.128,-0.071,-0.184,0.051,-0.146,0.033,0.448,-0.023,0.454,-0.399,-0.12,-0.391,0.228,0.275,-0.222,-0.078,-0.146,-0.425,0.002,-0.04,-0.242,-0.242,-0.479,-0.231,-0.396,-0.105,-0.091,0.378,-0.052,-0.373,0.152,0.252,0.268,-0.282,-0.12,-0.109,0.021,-0.497,-0.481,-0.06,-0.043,0.127,0.044,-0.005,-0.032,-0.154,-0.375,-0.449,0.331,-0.436,-0.192,-0.6,0.091,0.151,-0.37,0.026,-0.257,0.891,0.173,-0.278,-0.358,-0.205,-0.297,0.01,0.561,-0.084,-0.172,0.238,-0.049,-0.412,0.501,-0.263,0.436,-0.143,-0.04,0.36,-0.208,-0.254,-0.174,-0.165,-0.224,-0.497,-0.161,0.359,0.564,-0.133,-0.132,0.294,-0.097,0.029,0.252,-0.117,-0.004,-0.431,-0.257,-0.251,0.413,-0.199,0.735,-0.108,0.196,0.07,-0.111,-0.538,-0.104,-0.01,-0.229,0.294,0.02,0.031,0.263,0.143,-0.218,0.299,0.003,0.561,0.481,-0.377,-0.045,-0.185,-0.23,0.58,0.153,-0.063,-0.001,0.029,0.583,-0.479,-0.363,0.651,0.107,-0.154,-0.498,-0.018,-0.039,-0.086,0.353,0.049,0.24,-0.286,0.324,-0.292,-0.129,-0.042,-0.363,-0.261,-0.091,-0.108,0.448,0.112,-0.17,-0.276,-0.183,0.109,-0.071,0.109,-0.258,-0.065,0.376,-0.087,-0.399,-0.186
AGNCN,-0.284,0.065,0.0,-0.753,-0.057,-0.544,0.801,-0.695,-0.813,-0.156,0.783,0.638,0.301,0.79,0.632,-0.566,0.745,-0.673,-0.501,-0.34,0.671,0.456,0.473,0.134,-0.721,-0.261,-0.672,0.776,0.117,0.694,-0.772,0.119,-0.341,-0.676,-0.652,0.607,0.645,-0.307,-0.133,-0.729,-0.283,-0.799,-0.383,-0.5,-0.035,-0.789,-0.549,-0.237,-0.471,-0.408,0.44,0.825,-0.62,0.799,0.755,0.396,0.77,0.782,0.057,0.706,-0.439,-0.622,0.656,-0.48,-0.575,0.534,-0.727,0.763,0.734,-0.686,-0.641,-0.078,0.377,0.756,0.813,0.67,0.606,-0.103,-0.33,-0.851,0.462,0.227,-0.736,-0.619,-0.287,-0.165,0.131,0.251,-0.119,0.347,0.803,0.658,0.723,-0.359,0.632,0.083,0.863,-0.505,-0.717,-0.208,0.1,0.476,0.357,0.672,-0.759,-0.196,-0.676,0.511,0.494,-0.602,-0.075,0.733,0.795,-0.702,0.657,0.154,0.34,0.665,-0.445,-0.565,0.072,-0.694,0.043,0.831,0.832,-0.227,-0.591,0.724,0.178,0.839,-0.499,0.414,-0.065,-0.163,0.695,-0.256,-0.246,0.724,-0.722,-0.793,-0.577,-0.5,0.167,0.813,-0.667,-0.522,0.711,0.647,0.464,-0.356,0.228,-0.417,0.838,0.146,-0.015,0.291,0.772,0.256,-0.707,0.627,0.745,0.726,-0.639,-0.528,-0.54,-0.336,-0.59,-0.296,0.813,-0.112,-0.182,0.727,-0.29,0.722,0.499,-0.773,-0.747,0.24,0.356,-0.615,0.332,0.739,0.123,0.535,0.771,0.578,0.054,-0.513,0.701,0.504,-0.419,-0.596,0.805,0.835,0.443,-0.507,0.774,-0.724,0.224,-0.69
AKAM,0.326,0.223,-0.753,0.0,0.128,0.56,-0.889,0.601,0.843,0.394,-0.79,-0.56,-0.12,-0.824,-0.407,0.771,-0.723,0.619,0.371,0.225,-0.723,-0.257,-0.668,-0.254,0.807,0.168,0.596,-0.865,-0.1,-0.78,0.851,0.135,0.274,0.634,0.675,-0.515,-0.792,0.127,0.13,0.774,0.253,0.893,0.412,0.466,0.168,0.826,0.714,0.182,0.558,0.315,-0.33,-0.721,0.549,-0.841,-0.801,-0.449,-0.785,-0.821,-0.02,-0.834,0.273,0.633,-0.851,0.585,0.582,-0.454,0.68,-0.815,-0.609,0.809,0.772,-0.128,-0.415,-0.681,-0.791,-0.783,-0.763,0.049,0.099,0.858,-0.537,-0.28,0.791,0.673,0.135,-0.061,-0.059,-0.436,0.049,-0.465,-0.78,-0.479,-0.852,0.399,-0.741,0.265,-0.796,0.494,0.601,0.225,-0.25,-0.385,-0.125,-0.67,0.72,0.256,0.639,-0.677,-0.307,0.491,0.28,-0.778,-0.828,0.872,-0.776,-0.242,-0.267,-0.805,0.403,0.42,0.036,0.844,0.417,-0.891,-0.89,0.197,0.589,-0.75,-0.103,-0.852,0.52,-0.618,-0.057,0.124,-0.564,0.103,0.4,-0.746,0.904,0.871,0.671,0.276,-0.285,-0.778,0.567,0.697,-0.664,-0.606,-0.429,0.335,-0.269,0.53,-0.854,0.167,0.309,-0.493,-0.851,-0.293,0.636,-0.393,-0.737,-0.751,0.794,0.635,0.873,0.138,0.416,0.578,-0.792,0.086,0.067,-0.768,0.176,-0.759,-0.407,0.887,0.825,-0.395,-0.23,0.521,-0.373,-0.788,-0.283,-0.701,-0.827,-0.555,0.082,0.528,-0.781,-0.558,0.288,0.549,-0.811,-0.821,-0.481,0.541,-0.597,0.699,-0.421,0.664
AKRO,0.652,-0.266,-0.057,0.128,0.0,0.561,0.088,0.473,0.112,0.69,-0.008,0.193,0.597,0.052,0.144,0.337,0.264,0.443,0.603,0.548,0.307,-0.015,0.4,0.612,0.392,0.601,0.319,0.087,0.645,0.351,0.29,0.456,0.476,-0.186,0.547,0.418,0.198,0.571,0.58,0.505,0.535,0.2,0.658,-0.081,-0.076,0.34,0.164,0.619,0.626,0.62,0.274,-0.109,0.479,0.091,0.246,0.63,0.037,0.011,0.609,0.294,0.409,0.203,0.191,0.62,0.585,0.112,-0.208,0.111,0.059,0.058,0.335,0.603,0.517,0.332,0.053,0.236,0.25,0.675,0.048,0.169,0.272,0.516,0.202,0.55,0.63,0.459,0.053,0.447,0.68,0.605,-0.002,0.334,0.286,0.462,0.424,-0.226,-0.109,0.397,0.487,0.779,0.636,0.064,-0.028,-0.16,0.425,0.329,0.123,0.461,-0.012,0.545,0.207,0.245,0.145,0.179,0.366,0.607,0.745,0.237,0.54,0.422,0.809,-0.074,0.015,0.037,0.038,0.2,0.414,-0.052,0.358,0.046,0.463,0.334,0.663,0.698,-0.395,0.525,-0.307,0.215,0.108,0.147,0.307,0.521,0.355,0.277,0.501,0.509,-0.111,0.315,0.164,-0.243,0.015,0.406,-0.061,0.046,0.349,0.394,0.033,0.687,0.363,-0.11,0.164,-0.037,0.513,0.428,-0.009,0.486,0.371,0.039,-0.104,0.477,0.614,0.184,0.486,0.12,0.275,0.22,-0.065,0.392,0.461,0.537,0.568,0.159,-0.005,0.216,0.159,0.375,0.261,-0.278,0.27,0.189,0.593,0.289,-0.044,-0.045,0.632,0.453,-0.095,0.41,0.518,0.47
ALRM,0.706,-0.121,-0.544,0.56,0.561,0.0,-0.381,0.903,0.597,0.59,-0.602,-0.231,0.362,-0.4,-0.349,0.703,-0.137,0.877,0.918,0.83,-0.183,-0.312,0.097,0.418,0.88,0.691,0.834,-0.42,0.465,-0.225,0.811,0.446,0.827,0.455,0.88,0.002,-0.222,0.777,0.587,0.912,0.853,0.792,0.91,0.398,0.169,0.849,0.462,0.831,0.725,0.764,-0.153,-0.631,0.926,-0.547,-0.335,0.313,-0.513,-0.549,0.378,-0.173,0.753,0.499,-0.171,0.858,0.905,-0.113,0.349,-0.455,-0.413,0.45,0.692,0.544,0.052,-0.211,-0.522,-0.305,-0.091,0.623,0.468,0.688,0.134,0.393,0.689,0.792,0.794,0.587,-0.154,0.329,0.717,0.122,-0.556,-0.031,-0.251,0.739,-0.042,-0.213,-0.69,0.718,0.869,0.791,0.565,-0.237,-0.229,-0.74,0.883,0.6,0.765,-0.069,-0.323,0.885,0.54,-0.362,-0.344,0.574,-0.107,0.566,0.296,-0.15,0.883,0.767,0.492,0.495,-0.033,-0.555,-0.558,0.626,0.826,-0.562,0.138,-0.555,0.875,0.101,0.545,0.759,-0.76,0.626,0.013,-0.297,0.552,0.722,0.575,0.628,0.117,-0.323,0.894,0.751,-0.552,-0.264,0.017,-0.034,-0.104,0.683,-0.642,-0.048,0.264,0.297,-0.44,0.384,0.864,-0.511,-0.348,-0.672,0.817,0.851,0.402,0.577,0.655,0.441,-0.66,0.652,0.675,-0.292,0.599,-0.415,0.007,0.75,0.575,0.321,0.192,0.906,0.332,-0.362,-0.164,-0.252,-0.419,-0.274,0.169,0.167,-0.275,-0.185,0.749,0.849,-0.635,-0.594,0.213,0.845,-0.597,0.916,0.425,0.931
AMAT,-0.17,-0.179,0.801,-0.889,0.088,-0.381,0.0,-0.505,-0.821,-0.168,0.808,0.687,0.328,0.843,0.457,-0.616,0.844,-0.464,-0.232,-0.107,0.81,0.311,0.735,0.338,-0.679,-0.046,-0.497,0.921,0.284,0.834,-0.743,0.086,-0.114,-0.641,-0.547,0.648,0.849,0.021,0.025,-0.646,-0.077,-0.791,-0.206,-0.422,-0.089,-0.712,-0.659,0.023,-0.329,-0.171,0.383,0.745,-0.424,0.847,0.846,0.586,0.796,0.815,0.189,0.88,-0.167,-0.565,0.889,-0.38,-0.454,0.571,-0.712,0.87,0.726,-0.73,-0.683,0.169,0.532,0.831,0.821,0.818,0.834,0.076,-0.124,-0.82,0.617,0.429,-0.77,-0.564,-0.004,0.145,0.076,0.589,0.113,0.606,0.791,0.658,0.896,-0.267,0.824,-0.224,0.784,-0.389,-0.525,0.002,0.367,0.587,0.176,0.632,-0.607,-0.125,-0.531,0.733,0.348,-0.342,-0.066,0.831,0.955,-0.815,0.839,0.465,0.485,0.84,-0.227,-0.314,0.193,-0.812,-0.21,0.892,0.892,-0.069,-0.472,0.745,0.198,0.886,-0.351,0.753,0.207,0.11,0.538,0.005,-0.382,0.824,-0.853,-0.803,-0.593,-0.214,0.366,0.863,-0.464,-0.544,0.673,0.642,0.619,-0.364,0.313,-0.409,0.859,0.016,-0.112,0.606,0.882,0.477,-0.504,0.401,0.767,0.751,-0.656,-0.464,-0.773,-0.04,-0.354,-0.457,0.779,0.088,0.083,0.813,-0.161,0.774,0.56,-0.762,-0.765,0.619,0.403,-0.416,0.563,0.848,0.328,0.735,0.85,0.627,0.037,-0.533,0.839,0.673,-0.215,-0.449,0.818,0.819,0.608,-0.413,0.647,-0.593,0.571,-0.529
AMED,0.582,-0.304,-0.695,0.601,0.473,0.903,-0.505,0.0,0.759,0.385,-0.662,-0.386,0.067,-0.598,-0.579,0.597,-0.304,0.858,0.882,0.746,-0.294,-0.457,0.011,0.314,0.844,0.61,0.854,-0.522,0.384,-0.335,0.813,0.122,0.733,0.54,0.841,-0.27,-0.265,0.749,0.505,0.912,0.719,0.821,0.829,0.387,-0.023,0.876,0.43,0.745,0.71,0.798,-0.251,-0.804,0.935,-0.63,-0.445,0.192,-0.592,-0.607,0.376,-0.316,0.8,0.591,-0.277,0.782,0.845,-0.357,0.519,-0.519,-0.542,0.525,0.68,0.493,-0.011,-0.415,-0.622,-0.329,-0.178,0.507,0.499,0.773,-0.064,0.199,0.812,0.841,0.795,0.547,-0.107,0.201,0.616,0.085,-0.669,-0.249,-0.329,0.592,-0.156,-0.422,-0.825,0.777,0.972,0.675,0.471,-0.349,-0.383,-0.695,0.943,0.45,0.763,-0.176,-0.501,0.925,0.248,-0.443,-0.522,0.564,-0.237,0.406,0.134,-0.29,0.82,0.836,0.382,0.503,-0.156,-0.652,-0.655,0.49,0.817,-0.614,-0.014,-0.626,0.786,0.047,0.554,0.625,-0.899,0.552,-0.024,-0.415,0.573,0.771,0.619,0.801,0.126,-0.506,0.922,0.672,-0.583,-0.408,-0.231,0.037,-0.044,0.574,-0.741,-0.153,0.161,0.212,-0.549,0.264,0.918,-0.717,-0.549,-0.744,0.839,0.788,0.324,0.715,0.826,0.21,-0.762,0.446,0.679,-0.449,0.508,-0.481,-0.267,0.773,0.58,0.194,-0.043,0.922,0.172,-0.496,-0.078,-0.253,-0.511,-0.372,0.098,0.224,-0.376,-0.259,0.768,0.764,-0.72,-0.718,0.06,0.747,-0.77,0.929,0.322,0.942
AMRN,0.269,-0.058,-0.813,0.843,0.112,0.597,-0.821,0.759,0.0,0.165,-0.767,-0.65,-0.292,-0.895,-0.617,0.699,-0.704,0.677,0.501,0.284,-0.681,-0.483,-0.474,-0.138,0.815,0.216,0.705,-0.779,0.047,-0.701,0.852,-0.121,0.341,0.617,0.648,-0.662,-0.691,0.294,0.157,0.789,0.345,0.883,0.492,0.391,-0.063,0.852,0.547,0.337,0.56,0.494,-0.398,-0.857,0.661,-0.806,-0.772,-0.358,-0.797,-0.796,0.082,-0.759,0.521,0.724,-0.711,0.632,0.619,-0.595,0.723,-0.714,-0.703,0.81,0.702,0.095,-0.392,-0.706,-0.821,-0.626,-0.624,0.113,0.339,0.878,-0.503,-0.243,0.819,0.731,0.359,0.153,-0.084,-0.302,0.072,-0.297,-0.825,-0.546,-0.724,0.389,-0.589,-0.099,-0.902,0.656,0.769,0.26,-0.134,-0.39,-0.399,-0.594,0.809,0.202,0.727,-0.575,-0.534,0.67,0.095,-0.727,-0.841,0.743,-0.715,-0.149,-0.324,-0.716,0.526,0.61,0.009,0.783,0.073,-0.887,-0.884,0.118,0.64,-0.76,-0.297,-0.808,0.558,-0.45,0.114,0.209,-0.753,0.253,0.188,-0.758,0.824,0.842,0.767,0.521,-0.165,-0.812,0.686,0.591,-0.647,-0.72,-0.556,0.414,-0.239,0.43,-0.886,-0.028,0.153,-0.273,-0.88,-0.216,0.767,-0.593,-0.85,-0.769,0.754,0.619,0.631,0.411,0.658,0.289,-0.867,0.099,0.23,-0.772,0.257,-0.738,-0.576,0.871,0.772,-0.313,-0.38,0.633,-0.276,-0.813,-0.113,-0.512,-0.796,-0.615,0.03,0.408,-0.743,-0.474,0.445,0.549,-0.8,-0.867,-0.483,0.516,-0.781,0.763,-0.239,0.747
ANGI,0.733,0.069,-0.156,0.394,0.69,0.59,-0.168,0.385,0.165,0.0,-0.146,0.128,0.576,-0.02,0.194,0.5,0.043,0.427,0.528,0.46,0.05,0.154,0.1,0.395,0.534,0.565,0.315,-0.205,0.405,0.015,0.464,0.642,0.45,-0.002,0.631,0.338,-0.084,0.407,0.559,0.579,0.415,0.37,0.572,0.188,0.261,0.403,0.475,0.387,0.594,0.393,0.197,-0.09,0.424,-0.173,0.007,0.309,-0.114,-0.183,0.349,0.04,0.174,0.237,-0.124,0.602,0.662,0.188,-0.03,-0.232,0.002,0.271,0.532,0.296,0.214,0.139,-0.093,-0.106,-0.126,0.596,0.105,0.327,0.17,0.437,0.262,0.545,0.415,0.221,0.062,0.247,0.511,0.149,-0.091,0.208,-0.053,0.435,0.065,0.199,-0.155,0.241,0.392,0.69,0.38,0.048,0.171,-0.39,0.414,0.416,0.247,0.018,0.154,0.444,0.438,-0.013,-0.081,0.456,0.089,0.406,0.654,0.056,0.409,0.223,0.702,0.195,0.36,-0.196,-0.196,0.353,0.447,-0.172,0.484,-0.202,0.479,-0.054,0.38,0.478,-0.206,0.382,0.032,0.049,0.346,0.284,0.337,0.181,0.149,0.085,0.487,0.683,-0.189,0.204,0.243,-0.004,-0.193,0.529,-0.212,0.244,0.434,0.096,-0.145,0.474,0.355,-0.004,0.097,-0.234,0.548,0.607,0.359,0.217,0.245,0.536,-0.184,0.374,0.355,0.026,0.461,-0.077,0.293,0.371,0.24,0.186,0.513,0.449,0.311,-0.002,-0.255,-0.07,-0.063,0.188,0.308,-0.034,0.048,-0.004,0.428,0.447,-0.273,-0.14,0.432,0.539,0.013,0.453,0.205,0.464
APA,-0.222,-0.026,0.783,-0.79,-0.008,-0.602,0.808,-0.662,-0.767,-0.146,0.0,0.819,0.251,0.834,0.664,-0.686,0.643,-0.695,-0.434,-0.41,0.802,0.622,0.571,0.245,-0.737,-0.133,-0.749,0.79,0.244,0.779,-0.817,-0.047,-0.434,-0.807,-0.61,0.552,0.724,-0.291,0.02,-0.72,-0.465,-0.886,-0.396,-0.594,-0.045,-0.835,-0.532,-0.335,-0.416,-0.337,0.622,0.878,-0.636,0.874,0.869,0.327,0.937,0.939,0.277,0.772,-0.524,-0.606,0.619,-0.458,-0.509,0.643,-0.673,0.754,0.833,-0.584,-0.582,0.029,0.579,0.782,0.952,0.722,0.497,-0.026,-0.202,-0.795,0.425,0.233,-0.73,-0.509,-0.185,-0.119,0.414,0.307,-0.109,0.369,0.935,0.63,0.793,-0.616,0.716,-0.042,0.914,-0.639,-0.672,-0.15,0.134,0.371,0.421,0.816,-0.714,-0.212,-0.784,0.512,0.585,-0.497,-0.375,0.904,0.782,-0.663,0.742,0.128,0.417,0.725,-0.563,-0.604,0.196,-0.777,0.126,0.884,0.887,-0.214,-0.661,0.913,0.382,0.952,-0.587,0.424,0.169,-0.167,0.763,-0.131,-0.192,0.884,-0.723,-0.899,-0.635,-0.315,0.423,0.87,-0.574,-0.471,0.858,0.755,0.518,-0.229,0.342,-0.448,0.95,0.254,0.043,0.319,0.822,0.401,-0.689,0.52,0.788,0.811,-0.635,-0.52,-0.673,-0.196,-0.325,-0.421,0.932,-0.341,-0.209,0.782,-0.137,0.909,0.569,-0.864,-0.835,0.249,0.465,-0.64,0.368,0.89,0.272,0.807,0.928,0.738,0.225,-0.581,0.85,0.58,-0.282,-0.66,0.798,0.943,0.536,-0.626,0.848,-0.772,0.183,-0.726
APOG,0.093,0.185,0.638,-0.56,0.193,-0.231,0.687,-0.386,-0.65,0.128,0.819,0.0,0.599,0.822,0.715,-0.432,0.648,-0.429,-0.133,-0.051,0.848,0.801,0.606,0.417,-0.406,0.245,-0.554,0.615,0.42,0.796,-0.518,0.311,-0.145,-0.706,-0.257,0.696,0.736,-0.037,0.325,-0.397,-0.196,-0.627,-0.024,-0.53,0.218,-0.551,-0.255,-0.088,-0.181,-0.091,0.788,0.771,-0.3,0.759,0.841,0.439,0.886,0.851,0.552,0.748,-0.402,-0.499,0.508,-0.156,-0.149,0.801,-0.554,0.536,0.882,-0.385,-0.273,0.221,0.67,0.773,0.881,0.541,0.404,0.229,-0.047,-0.546,0.552,0.445,-0.422,-0.225,0.046,0.049,0.588,0.418,0.267,0.311,0.86,0.782,0.702,-0.382,0.754,0.067,0.772,-0.518,-0.463,0.158,0.416,0.263,0.709,0.555,-0.425,0.143,-0.605,0.419,0.733,-0.203,-0.087,0.858,0.73,-0.313,0.767,0.351,0.559,0.717,-0.27,-0.432,0.432,-0.525,0.29,0.748,0.749,0.221,-0.441,0.852,0.638,0.815,-0.283,0.487,0.46,0.145,0.62,0.013,0.06,0.9,-0.512,-0.644,-0.517,-0.159,0.667,0.848,-0.285,-0.076,0.758,0.803,0.637,-0.293,0.437,-0.069,0.809,0.547,0.418,0.36,0.802,0.612,-0.484,0.507,0.797,0.586,-0.322,-0.135,-0.429,-0.071,-0.151,-0.098,0.823,-0.1,-0.058,0.822,0.134,0.888,0.815,-0.632,-0.656,0.366,0.761,-0.356,0.531,0.878,0.17,0.744,0.874,0.737,0.576,-0.581,0.833,0.542,0.042,-0.342,0.615,0.831,0.699,-0.29,0.785,-0.468,0.29,-0.41
APPS,0.601,0.27,0.301,-0.12,0.597,0.362,0.328,0.067,-0.292,0.576,0.251,0.599,0.0,0.527,0.569,0.224,0.48,0.14,0.362,0.471,0.581,0.476,0.505,0.593,0.175,0.568,-0.008,0.278,0.612,0.582,0.071,0.763,0.385,-0.483,0.307,0.753,0.399,0.392,0.624,0.197,0.393,-0.089,0.516,-0.34,0.278,0.034,0.085,0.399,0.284,0.375,0.583,0.337,0.231,0.359,0.491,0.633,0.38,0.331,0.493,0.531,0.01,-0.211,0.334,0.42,0.373,0.649,-0.529,0.196,0.426,-0.163,0.16,0.547,0.526,0.595,0.4,0.238,0.26,0.564,0.112,-0.118,0.633,0.656,-0.062,0.176,0.381,0.312,0.238,0.428,0.633,0.344,0.384,0.76,0.416,0.367,0.603,0.216,0.326,0.022,0.015,0.617,0.606,0.128,0.475,-0.081,0.081,0.481,-0.112,0.417,0.5,0.197,0.493,0.458,0.464,0.108,0.59,0.604,0.736,0.515,0.329,-0.001,0.734,-0.108,0.255,0.318,0.316,0.445,0.114,0.301,0.57,0.324,0.3,0.315,0.534,0.558,0.075,0.375,-0.039,0.502,-0.107,-0.147,-0.019,-0.001,0.446,0.617,0.168,0.463,0.213,0.608,0.52,-0.213,0.079,0.461,0.29,0.423,0.571,0.446,0.354,0.755,-0.014,0.445,0.562,0.111,0.192,0.261,0.02,0.015,-0.087,0.337,0.306,0.43,0.321,0.535,0.454,0.411,0.804,-0.116,-0.22,0.35,0.838,0.158,0.648,0.49,-0.205,0.305,0.452,0.51,0.542,-0.51,0.516,0.313,0.348,0.205,0.198,0.37,0.711,0.351,0.374,0.129,0.488,0.159
ARCB,0.011,0.098,0.79,-0.824,0.052,-0.4,0.843,-0.598,-0.895,-0.02,0.834,0.822,0.527,0.0,0.722,-0.565,0.736,-0.55,-0.263,-0.087,0.829,0.611,0.649,0.399,-0.622,0.092,-0.608,0.769,0.247,0.852,-0.731,0.266,-0.162,-0.749,-0.457,0.797,0.782,-0.083,0.157,-0.616,-0.207,-0.818,-0.234,-0.479,0.161,-0.739,-0.456,-0.17,-0.417,-0.3,0.622,0.872,-0.491,0.844,0.895,0.501,0.887,0.876,0.158,0.886,-0.443,-0.715,0.744,-0.395,-0.376,0.783,-0.786,0.677,0.798,-0.696,-0.507,0.205,0.578,0.82,0.899,0.646,0.603,0.18,-0.089,-0.759,0.712,0.503,-0.739,-0.524,-0.084,0.06,0.267,0.407,0.129,0.377,0.909,0.714,0.812,-0.304,0.782,0.08,0.898,-0.598,-0.616,0.022,0.36,0.374,0.499,0.555,-0.658,0.046,-0.669,0.626,0.676,-0.45,-0.012,0.851,0.872,-0.607,0.864,0.362,0.503,0.851,-0.352,-0.561,0.263,-0.729,0.006,0.877,0.875,0.076,-0.519,0.825,0.488,0.861,-0.375,0.509,0.192,-0.019,0.693,0.008,-0.152,0.876,-0.765,-0.828,-0.668,-0.401,0.406,0.93,-0.482,-0.346,0.695,0.85,0.69,-0.382,0.198,-0.234,0.901,0.182,0.059,0.459,0.899,0.496,-0.641,0.597,0.948,0.712,-0.605,-0.4,-0.614,-0.249,-0.453,-0.161,0.895,-0.029,-0.099,0.861,0.028,0.851,0.779,-0.827,-0.764,0.405,0.647,-0.492,0.491,0.905,0.046,0.717,0.906,0.716,0.235,-0.597,0.882,0.548,-0.146,-0.379,0.757,0.935,0.679,-0.397,0.828,-0.625,0.392,-0.602
ARCC,0.054,0.418,0.632,-0.407,0.144,-0.349,0.457,-0.579,-0.617,0.194,0.664,0.715,0.569,0.722,0.0,-0.203,0.457,-0.508,-0.317,-0.251,0.573,0.729,0.271,0.239,-0.371,0.002,-0.59,0.429,0.192,0.61,-0.454,0.399,-0.304,-0.683,-0.26,0.695,0.337,-0.323,0.138,-0.418,-0.298,-0.576,-0.189,-0.451,0.243,-0.53,-0.074,-0.298,-0.226,-0.32,0.665,0.751,-0.463,0.634,0.643,0.215,0.677,0.641,0.18,0.527,-0.595,-0.517,0.29,-0.161,-0.201,0.669,-0.632,0.404,0.714,-0.288,-0.223,0.093,0.412,0.677,0.713,0.33,0.194,0.116,-0.274,-0.506,0.403,0.276,-0.48,-0.296,-0.252,-0.197,0.341,0.063,-0.019,0.096,0.722,0.622,0.448,-0.243,0.503,0.458,0.764,-0.513,-0.6,-0.01,0.103,0.202,0.639,0.462,-0.544,0.089,-0.637,0.352,0.732,-0.437,0.018,0.611,0.565,-0.195,0.515,0.075,0.406,0.466,-0.392,-0.605,0.274,-0.361,0.378,0.607,0.609,-0.035,-0.443,0.628,0.549,0.623,-0.332,0.085,0.071,-0.065,0.681,-0.046,0.066,0.61,-0.289,-0.584,-0.423,-0.5,0.257,0.742,-0.434,-0.025,0.528,0.71,0.474,-0.201,0.076,-0.05,0.679,0.468,0.344,0.046,0.558,0.329,-0.631,0.718,0.726,0.58,-0.294,-0.258,-0.154,-0.428,-0.47,0.141,0.734,-0.121,-0.265,0.619,0.171,0.628,0.737,-0.558,-0.507,0.039,0.647,-0.475,0.255,0.662,-0.115,0.398,0.668,0.621,0.398,-0.458,0.592,0.32,-0.13,-0.369,0.569,0.735,0.436,-0.309,0.799,-0.518,-0.05,-0.528
ARVN,0.526,0.307,-0.566,0.771,0.337,0.703,-0.616,0.597,0.699,0.5,-0.686,-0.432,0.224,-0.565,-0.203,0.0,-0.417,0.719,0.537,0.488,-0.555,-0.311,-0.407,-0.021,0.872,0.389,0.724,-0.648,0.198,-0.497,0.851,0.445,0.554,0.442,0.736,-0.211,-0.6,0.395,0.36,0.808,0.581,0.829,0.628,0.445,0.217,0.838,0.617,0.476,0.595,0.424,-0.264,-0.57,0.629,-0.663,-0.618,-0.126,-0.705,-0.734,-0.012,-0.536,0.454,0.487,-0.536,0.745,0.681,-0.226,0.321,-0.627,-0.515,0.691,0.742,0.204,-0.231,-0.389,-0.675,-0.65,-0.471,0.32,0.271,0.775,-0.135,0.128,0.571,0.585,0.357,0.231,-0.202,-0.203,0.25,-0.223,-0.67,-0.185,-0.622,0.698,-0.401,0.325,-0.667,0.626,0.618,0.447,0.034,-0.173,-0.163,-0.701,0.709,0.52,0.742,-0.322,-0.26,0.587,0.628,-0.612,-0.507,0.751,-0.491,0.135,-0.01,-0.476,0.669,0.472,0.217,0.797,0.263,-0.747,-0.746,0.3,0.734,-0.729,-0.063,-0.715,0.788,-0.397,0.078,0.4,-0.549,0.423,0.262,-0.63,0.731,0.781,0.714,0.247,-0.213,-0.503,0.611,0.765,-0.7,-0.451,-0.151,0.324,-0.473,0.591,-0.744,0.115,0.387,-0.112,-0.721,-0.018,0.679,-0.173,-0.476,-0.658,0.728,0.665,0.791,0.194,0.333,0.664,-0.728,0.487,0.317,-0.575,0.402,-0.688,-0.107,0.857,0.785,-0.077,0.031,0.597,0.033,-0.631,-0.399,-0.556,-0.667,-0.463,0.176,0.304,-0.597,-0.443,0.428,0.717,-0.666,-0.673,-0.256,0.644,-0.507,0.754,-0.025,0.724
ATEC,-0.069,-0.183,0.745,-0.723,0.264,-0.137,0.844,-0.304,-0.704,0.043,0.643,0.648,0.48,0.736,0.457,-0.417,0.0,-0.257,-0.028,0.07,0.763,0.286,0.781,0.431,-0.471,0.055,-0.355,0.843,0.442,0.782,-0.506,0.339,0.058,-0.522,-0.341,0.65,0.756,0.177,0.102,-0.406,0.156,-0.59,0.054,-0.331,-0.077,-0.492,-0.548,0.25,-0.195,0.008,0.35,0.556,-0.156,0.73,0.743,0.726,0.654,0.658,0.303,0.841,0.03,-0.394,0.855,-0.145,-0.216,0.55,-0.627,0.791,0.625,-0.644,-0.568,0.266,0.559,0.809,0.693,0.753,0.842,0.13,-0.05,-0.674,0.566,0.418,-0.54,-0.383,0.167,0.315,0.005,0.714,0.343,0.628,0.625,0.767,0.813,-0.051,0.806,-0.258,0.635,-0.168,-0.339,0.165,0.515,0.425,0.257,0.442,-0.369,-0.018,-0.368,0.715,0.227,-0.142,0.079,0.748,0.849,-0.64,0.814,0.59,0.561,0.818,-0.015,-0.082,0.321,-0.637,-0.148,0.792,0.789,0.082,-0.287,0.624,0.231,0.741,-0.166,0.764,0.29,0.354,0.371,0.118,-0.376,0.771,-0.69,-0.601,-0.365,-0.082,0.363,0.8,-0.266,-0.351,0.569,0.552,0.574,-0.459,0.401,-0.289,0.682,0.004,0.008,0.635,0.749,0.528,-0.332,0.35,0.672,0.583,-0.413,-0.237,-0.634,-0.0,-0.28,-0.333,0.604,0.294,0.287,0.801,-0.022,0.664,0.596,-0.571,-0.66,0.653,0.45,-0.183,0.612,0.737,0.319,0.583,0.737,0.552,0.086,-0.521,0.738,0.601,-0.081,-0.285,0.653,0.648,0.702,-0.079,0.505,-0.347,0.644,-0.288
ATXS,0.562,-0.149,-0.673,0.619,0.443,0.877,-0.464,0.858,0.677,0.427,-0.695,-0.429,0.14,-0.55,-0.508,0.719,-0.257,0.0,0.851,0.717,-0.356,-0.479,-0.027,0.271,0.855,0.493,0.869,-0.465,0.285,-0.387,0.847,0.291,0.733,0.599,0.836,-0.213,-0.382,0.708,0.422,0.877,0.772,0.844,0.777,0.518,0.114,0.89,0.449,0.746,0.779,0.664,-0.351,-0.738,0.867,-0.655,-0.526,0.118,-0.668,-0.683,0.174,-0.326,0.779,0.589,-0.246,0.799,0.787,-0.303,0.474,-0.487,-0.616,0.515,0.651,0.445,-0.082,-0.383,-0.672,-0.391,-0.168,0.421,0.413,0.744,-0.061,0.213,0.652,0.716,0.686,0.551,-0.312,0.226,0.531,0.082,-0.691,-0.218,-0.409,0.738,-0.226,-0.198,-0.8,0.739,0.86,0.65,0.347,-0.179,-0.365,-0.732,0.911,0.48,0.838,-0.092,-0.521,0.826,0.492,-0.507,-0.449,0.576,-0.302,0.444,0.108,-0.35,0.832,0.809,0.334,0.562,-0.067,-0.662,-0.665,0.503,0.807,-0.68,-0.032,-0.664,0.81,0.034,0.343,0.67,-0.793,0.592,0.027,-0.47,0.616,0.792,0.641,0.616,-0.093,-0.498,0.875,0.618,-0.697,-0.455,-0.067,0.078,-0.19,0.607,-0.738,-0.183,0.129,0.189,-0.581,0.137,0.878,-0.59,-0.524,-0.669,0.756,0.754,0.442,0.52,0.627,0.361,-0.777,0.619,0.628,-0.431,0.507,-0.584,-0.154,0.815,0.692,0.26,-0.041,0.891,0.189,-0.518,-0.091,-0.378,-0.583,-0.36,-0.008,0.362,-0.436,-0.211,0.613,0.805,-0.701,-0.727,-0.035,0.81,-0.717,0.887,0.31,0.914
AVAV,0.74,-0.273,-0.501,0.371,0.603,0.918,-0.232,0.882,0.501,0.528,-0.434,-0.133,0.362,-0.263,-0.317,0.537,-0.028,0.851,0.0,0.843,-0.001,-0.307,0.299,0.598,0.781,0.729,0.77,-0.266,0.564,-0.051,0.709,0.35,0.831,0.324,0.848,0.071,-0.057,0.877,0.673,0.838,0.807,0.639,0.893,0.332,0.115,0.752,0.345,0.829,0.724,0.8,-0.095,-0.566,0.9,-0.407,-0.176,0.423,-0.366,-0.391,0.434,0.033,0.752,0.437,0.017,0.836,0.882,-0.054,0.227,-0.308,-0.38,0.328,0.593,0.739,0.195,-0.112,-0.381,-0.105,0.052,0.706,0.581,0.58,0.244,0.481,0.57,0.751,0.916,0.712,-0.155,0.484,0.751,0.296,-0.422,0.032,-0.068,0.676,0.132,-0.376,-0.596,0.686,0.863,0.878,0.659,-0.191,-0.286,-0.66,0.855,0.573,0.666,0.118,-0.344,0.899,0.395,-0.192,-0.22,0.428,0.081,0.685,0.425,0.019,0.838,0.769,0.598,0.309,-0.155,-0.406,-0.411,0.623,0.788,-0.417,0.207,-0.403,0.79,0.26,0.667,0.786,-0.736,0.756,-0.13,-0.149,0.411,0.554,0.509,0.704,0.243,-0.18,0.906,0.662,-0.449,-0.139,0.102,-0.061,-0.07,0.597,-0.503,-0.147,0.16,0.467,-0.297,0.509,0.823,-0.547,-0.227,-0.524,0.726,0.764,0.158,0.655,0.706,0.274,-0.534,0.607,0.774,-0.147,0.715,-0.25,0.093,0.584,0.429,0.445,0.263,0.924,0.439,-0.192,-0.095,-0.033,-0.243,-0.121,0.162,0.05,-0.075,-0.096,0.801,0.793,-0.554,-0.456,0.349,0.81,-0.544,0.846,0.563,0.877
AXON,0.763,-0.092,-0.34,0.225,0.548,0.83,-0.107,0.746,0.284,0.46,-0.41,-0.051,0.471,-0.087,-0.251,0.488,0.07,0.717,0.843,0.0,0.019,-0.242,0.276,0.466,0.649,0.843,0.711,-0.234,0.431,0.049,0.553,0.495,0.875,0.257,0.745,0.214,0.137,0.881,0.698,0.693,0.847,0.519,0.783,0.286,0.147,0.619,0.335,0.745,0.519,0.652,-0.012,-0.39,0.767,-0.29,-0.091,0.475,-0.279,-0.302,0.294,0.101,0.655,0.183,0.093,0.602,0.713,0.048,0.073,-0.31,-0.274,0.151,0.548,0.635,0.245,-0.098,-0.311,-0.144,0.125,0.756,0.496,0.49,0.467,0.658,0.423,0.545,0.787,0.651,-0.108,0.404,0.816,0.235,-0.309,0.101,-0.006,0.707,0.182,-0.211,-0.442,0.531,0.716,0.756,0.746,-0.06,-0.145,-0.618,0.67,0.624,0.594,0.138,-0.15,0.739,0.544,-0.141,-0.078,0.333,0.186,0.718,0.414,0.155,0.817,0.576,0.504,0.22,-0.243,-0.309,-0.315,0.712,0.702,-0.351,0.255,-0.337,0.805,0.306,0.6,0.683,-0.614,0.62,-0.012,-0.105,0.176,0.485,0.316,0.535,0.249,-0.087,0.732,0.61,-0.407,-0.001,0.225,-0.207,-0.155,0.59,-0.406,-0.124,0.22,0.489,-0.097,0.529,0.672,-0.355,-0.014,-0.499,0.558,0.656,0.145,0.583,0.512,0.335,-0.428,0.659,0.663,-0.056,0.561,-0.207,0.176,0.458,0.333,0.478,0.36,0.785,0.532,-0.13,-0.23,-0.057,-0.177,-0.117,0.247,-0.006,-0.02,-0.1,0.77,0.803,-0.415,-0.335,0.389,0.71,-0.407,0.759,0.653,0.747
BANF,0.083,-0.166,0.671,-0.723,0.307,-0.183,0.81,-0.294,-0.681,0.05,0.802,0.848,0.581,0.829,0.573,-0.555,0.763,-0.356,-0.001,0.019,0.0,0.581,0.859,0.614,-0.486,0.18,-0.512,0.804,0.517,0.922,-0.556,0.2,-0.07,-0.763,-0.266,0.742,0.819,0.108,0.299,-0.411,-0.055,-0.695,0.053,-0.643,-0.023,-0.576,-0.462,0.101,-0.11,0.1,0.691,0.656,-0.207,0.836,0.928,0.699,0.883,0.875,0.569,0.913,-0.188,-0.433,0.759,-0.102,-0.147,0.678,-0.656,0.739,0.755,-0.591,-0.46,0.425,0.664,0.853,0.88,0.821,0.66,0.27,-0.015,-0.686,0.603,0.477,-0.47,-0.216,0.203,0.194,0.367,0.637,0.354,0.582,0.835,0.805,0.917,-0.236,0.917,-0.265,0.733,-0.358,-0.358,0.271,0.532,0.299,0.409,0.519,-0.398,-0.043,-0.613,0.673,0.498,-0.144,-0.159,0.928,0.803,-0.527,0.914,0.501,0.676,0.833,-0.157,-0.221,0.528,-0.729,-0.049,0.853,0.852,0.115,-0.422,0.848,0.464,0.876,-0.309,0.707,0.526,0.28,0.406,0.101,-0.344,0.946,-0.635,-0.736,-0.479,-0.011,0.628,0.921,-0.225,-0.224,0.761,0.802,0.54,-0.372,0.484,-0.118,0.825,0.258,0.186,0.584,0.826,0.729,-0.434,0.389,0.767,0.638,-0.355,-0.245,-0.689,0.06,-0.141,-0.36,0.795,0.013,0.162,0.91,0.158,0.921,0.71,-0.729,-0.802,0.456,0.652,-0.234,0.605,0.932,0.268,0.818,0.938,0.797,0.332,-0.722,0.946,0.698,0.057,-0.388,0.689,0.814,0.816,-0.186,0.642,-0.417,0.514,-0.342
BATRK,0.081,0.463,0.456,-0.257,-0.015,-0.312,0.311,-0.457,-0.483,0.154,0.622,0.801,0.476,0.611,0.729,-0.311,0.286,-0.479,-0.307,-0.242,0.581,0.0,0.255,0.177,-0.327,0.106,-0.665,0.269,0.137,0.484,-0.37,0.275,-0.366,-0.598,-0.178,0.545,0.351,-0.35,0.177,-0.352,-0.423,-0.485,-0.178,-0.531,0.314,-0.497,0.096,-0.403,-0.186,-0.299,0.829,0.669,-0.394,0.573,0.594,0.079,0.735,0.685,0.402,0.397,-0.666,-0.35,0.094,-0.219,-0.139,0.697,-0.291,0.203,0.745,-0.132,-0.102,-0.055,0.397,0.461,0.706,0.231,-0.066,0.037,-0.182,-0.377,0.27,0.188,-0.252,-0.141,-0.262,-0.287,0.73,0.034,0.069,-0.113,0.74,0.544,0.362,-0.454,0.373,0.394,0.676,-0.679,-0.53,-0.024,0.067,0.057,0.868,0.464,-0.445,0.003,-0.666,-0.002,0.885,-0.35,-0.106,0.596,0.366,0.016,0.404,-0.07,0.314,0.375,-0.46,-0.619,0.278,-0.288,0.505,0.513,0.517,0.173,-0.564,0.757,0.666,0.574,-0.407,0.075,0.212,-0.145,0.67,-0.3,0.305,0.676,-0.204,-0.522,-0.483,-0.368,0.468,0.597,-0.307,0.046,0.689,0.672,0.374,-0.119,0.335,0.072,0.632,0.761,0.518,-0.129,0.537,0.338,-0.588,0.593,0.611,0.448,-0.248,-0.14,-0.096,-0.271,-0.229,0.178,0.714,-0.359,-0.443,0.598,0.089,0.699,0.652,-0.53,-0.466,-0.122,0.626,-0.467,0.125,0.656,-0.016,0.447,0.64,0.619,0.597,-0.417,0.585,0.418,-0.065,-0.377,0.477,0.672,0.387,-0.275,0.784,-0.464,-0.202,-0.466
BIDU,0.181,-0.421,0.473,-0.668,0.4,0.097,0.735,0.011,-0.474,0.1,0.571,0.606,0.505,0.649,0.271,-0.407,0.781,-0.027,0.299,0.276,0.859,0.255,0.0,0.741,-0.265,0.314,-0.192,0.758,0.619,0.821,-0.327,0.207,0.2,-0.536,-0.076,0.623,0.774,0.414,0.325,-0.178,0.27,-0.463,0.293,-0.449,-0.148,-0.33,-0.462,0.423,0.067,0.323,0.462,0.36,0.089,0.669,0.769,0.829,0.641,0.646,0.567,0.878,0.219,-0.197,0.841,0.091,0.08,0.475,-0.479,0.69,0.47,-0.516,-0.374,0.619,0.598,0.716,0.632,0.82,0.757,0.387,0.205,-0.51,0.622,0.564,-0.326,-0.041,0.488,0.525,0.117,0.85,0.545,0.726,0.579,0.66,0.876,0.023,0.903,-0.531,0.45,-0.074,-0.032,0.453,0.702,0.271,0.098,0.332,-0.122,0.027,-0.292,0.729,0.17,0.163,-0.059,0.768,0.677,-0.491,0.854,0.7,0.67,0.818,0.173,0.132,0.538,-0.64,-0.346,0.686,0.684,0.204,-0.179,0.608,0.322,0.681,-0.062,0.837,0.61,0.525,0.089,0.32,-0.528,0.787,-0.545,-0.535,-0.266,0.232,0.552,0.741,0.075,-0.185,0.526,0.575,0.459,-0.327,0.424,-0.046,0.577,-0.03,0.01,0.752,0.648,0.751,-0.12,0.1,0.564,0.445,-0.233,-0.056,-0.732,0.31,0.094,-0.395,0.498,0.296,0.435,0.781,0.291,0.702,0.529,-0.508,-0.619,0.607,0.483,0.087,0.686,0.742,0.351,0.741,0.75,0.645,0.158,-0.618,0.817,0.724,0.253,-0.145,0.516,0.552,0.815,0.09,0.308,-0.138,0.747,-0.05
BLNE,0.535,-0.356,0.134,-0.254,0.612,0.418,0.338,0.314,-0.138,0.395,0.245,0.417,0.593,0.399,0.239,-0.021,0.431,0.271,0.598,0.466,0.614,0.177,0.741,0.0,0.192,0.536,0.085,0.34,0.627,0.564,0.042,0.252,0.349,-0.308,0.395,0.624,0.422,0.551,0.519,0.241,0.396,-0.082,0.526,-0.181,0.157,0.043,-0.032,0.527,0.373,0.459,0.413,0.091,0.357,0.326,0.558,0.696,0.371,0.353,0.624,0.66,0.277,0.011,0.533,0.447,0.514,0.308,-0.287,0.309,0.207,-0.188,0.079,0.852,0.533,0.501,0.352,0.486,0.454,0.605,0.301,-0.118,0.555,0.599,0.026,0.395,0.665,0.586,0.069,0.661,0.652,0.639,0.328,0.421,0.573,0.221,0.664,-0.395,0.127,0.117,0.276,0.775,0.731,-0.04,0.053,-0.035,0.235,0.394,-0.088,0.624,0.158,0.408,0.044,0.474,0.331,-0.057,0.628,0.643,0.721,0.494,0.352,0.279,0.75,-0.302,-0.217,0.316,0.313,0.331,0.162,0.271,0.506,0.325,0.226,0.582,0.715,0.617,-0.198,0.484,-0.452,0.496,-0.089,-0.174,-0.032,0.367,0.481,0.494,0.398,0.243,0.118,0.527,0.293,-0.292,0.171,0.334,0.247,-0.015,0.104,0.55,0.341,0.746,0.159,-0.094,0.387,0.192,0.215,0.287,-0.408,0.454,0.348,-0.081,0.202,0.396,0.529,0.5,0.713,0.454,0.502,-0.135,-0.263,0.472,0.504,0.439,0.628,0.502,0.015,0.541,0.474,0.528,0.212,-0.413,0.611,0.425,0.554,0.194,0.167,0.251,0.777,0.325,0.082,0.173,0.598,0.261
BLNK,0.652,0.098,-0.721,0.807,0.392,0.88,-0.679,0.844,0.815,0.534,-0.737,-0.406,0.175,-0.622,-0.371,0.872,-0.471,0.855,0.781,0.649,-0.486,-0.327,-0.265,0.192,0.0,0.578,0.829,-0.716,0.277,-0.488,0.937,0.34,0.668,0.546,0.903,-0.247,-0.533,0.576,0.493,0.954,0.65,0.923,0.778,0.49,0.226,0.942,0.673,0.588,0.712,0.599,-0.219,-0.717,0.832,-0.74,-0.588,-0.059,-0.695,-0.727,0.189,-0.496,0.586,0.593,-0.531,0.838,0.881,-0.273,0.508,-0.711,-0.569,0.741,0.873,0.384,-0.149,-0.471,-0.709,-0.604,-0.464,0.487,0.444,0.886,-0.101,0.184,0.786,0.826,0.604,0.378,-0.114,-0.043,0.432,-0.166,-0.703,-0.274,-0.586,0.671,-0.36,0.052,-0.81,0.683,0.839,0.631,0.229,-0.319,-0.209,-0.778,0.902,0.602,0.802,-0.351,-0.314,0.813,0.475,-0.598,-0.623,0.818,-0.44,0.247,0.038,-0.472,0.755,0.637,0.326,0.768,0.155,-0.805,-0.806,0.489,0.828,-0.722,0.068,-0.76,0.837,-0.275,0.336,0.52,-0.728,0.523,0.242,-0.58,0.8,0.863,0.724,0.499,-0.03,-0.573,0.846,0.855,-0.702,-0.444,-0.171,0.227,-0.328,0.701,-0.817,0.053,0.334,-0.033,-0.706,0.111,0.849,-0.472,-0.54,-0.769,0.874,0.856,0.681,0.435,0.639,0.593,-0.788,0.452,0.442,-0.56,0.578,-0.632,-0.148,0.903,0.797,0.0,0.045,0.827,0.07,-0.616,-0.308,-0.435,-0.654,-0.433,0.214,0.323,-0.543,-0.415,0.671,0.845,-0.794,-0.744,-0.124,0.761,-0.646,0.908,0.063,0.892
BTAI,0.874,0.026,-0.261,0.168,0.601,0.691,-0.046,0.61,0.216,0.565,-0.133,0.245,0.568,0.092,0.002,0.389,0.055,0.493,0.729,0.843,0.18,0.106,0.314,0.536,0.578,0.0,0.483,-0.21,0.566,0.223,0.414,0.498,0.723,-0.038,0.69,0.32,0.265,0.745,0.828,0.609,0.59,0.34,0.708,0.067,0.189,0.451,0.392,0.536,0.458,0.562,0.353,-0.142,0.608,-0.088,0.14,0.437,0.0,-0.038,0.502,0.203,0.361,0.066,0.028,0.539,0.703,0.27,-0.024,-0.285,0.033,0.216,0.611,0.635,0.453,0.062,-0.048,-0.087,0.005,0.865,0.508,0.437,0.535,0.739,0.36,0.586,0.734,0.539,0.302,0.33,0.778,0.201,-0.033,0.207,0.104,0.432,0.309,-0.089,-0.211,0.282,0.587,0.773,0.744,-0.044,0.14,-0.381,0.527,0.655,0.324,0.085,0.209,0.68,0.352,0.098,0.0,0.397,0.316,0.631,0.529,0.271,0.609,0.306,0.668,0.14,-0.008,-0.168,-0.171,0.678,0.529,-0.079,0.527,-0.129,0.659,0.223,0.768,0.577,-0.374,0.572,0.128,0.124,0.118,0.289,0.217,0.46,0.563,0.1,0.646,0.713,-0.153,0.268,0.303,-0.136,-0.123,0.587,-0.192,0.177,0.435,0.415,0.044,0.694,0.495,-0.204,0.194,-0.34,0.502,0.648,0.114,0.581,0.57,0.36,-0.171,0.391,0.48,0.088,0.619,0.057,0.358,0.289,0.151,0.378,0.606,0.595,0.547,0.078,-0.253,0.224,0.063,0.136,0.556,-0.222,0.195,0.01,0.83,0.659,-0.275,-0.082,0.533,0.484,-0.114,0.577,0.53,0.561
BYND,0.511,-0.138,-0.672,0.596,0.319,0.834,-0.497,0.854,0.705,0.315,-0.749,-0.554,-0.008,-0.608,-0.59,0.724,-0.355,0.869,0.77,0.711,-0.512,-0.665,-0.192,0.085,0.829,0.483,0.0,-0.561,0.201,-0.477,0.791,0.177,0.788,0.663,0.734,-0.334,-0.388,0.681,0.416,0.841,0.766,0.849,0.683,0.606,0.05,0.886,0.397,0.685,0.631,0.618,-0.497,-0.754,0.813,-0.755,-0.614,0.031,-0.764,-0.766,-0.013,-0.414,0.777,0.44,-0.299,0.685,0.7,-0.371,0.434,-0.572,-0.667,0.465,0.675,0.34,-0.147,-0.472,-0.753,-0.493,-0.179,0.435,0.449,0.785,-0.031,0.213,0.622,0.637,0.653,0.496,-0.355,0.055,0.397,-0.019,-0.777,-0.339,-0.484,0.717,-0.317,-0.198,-0.842,0.824,0.874,0.511,0.311,-0.215,-0.53,-0.775,0.861,0.534,0.917,-0.17,-0.601,0.769,0.506,-0.613,-0.494,0.481,-0.349,0.387,-0.016,-0.358,0.819,0.747,0.166,0.58,-0.156,-0.751,-0.755,0.428,0.918,-0.816,-0.181,-0.743,0.864,-0.1,0.25,0.51,-0.814,0.615,0.052,-0.61,0.537,0.834,0.609,0.579,-0.166,-0.591,0.795,0.594,-0.768,-0.541,-0.115,0.072,-0.362,0.539,-0.812,-0.327,0.005,0.218,-0.629,0.05,0.924,-0.618,-0.562,-0.785,0.74,0.694,0.457,0.502,0.593,0.331,-0.842,0.545,0.626,-0.593,0.381,-0.689,-0.317,0.843,0.728,0.23,-0.139,0.829,0.126,-0.646,-0.222,-0.448,-0.675,-0.57,-0.078,0.414,-0.558,-0.461,0.596,0.867,-0.782,-0.755,-0.142,0.671,-0.775,0.89,0.318,0.872
CAN,-0.319,-0.303,0.776,-0.865,0.087,-0.42,0.921,-0.522,-0.779,-0.205,0.79,0.615,0.278,0.769,0.429,-0.648,0.843,-0.465,-0.266,-0.234,0.804,0.269,0.758,0.34,-0.716,-0.21,-0.561,0.0,0.309,0.803,-0.721,0.037,-0.237,-0.666,-0.612,0.571,0.764,-0.05,-0.148,-0.657,-0.118,-0.803,-0.221,-0.509,-0.208,-0.71,-0.798,0.036,-0.33,-0.112,0.315,0.656,-0.41,0.858,0.797,0.597,0.749,0.773,0.223,0.845,-0.128,-0.417,0.889,-0.326,-0.488,0.46,-0.687,0.968,0.642,-0.736,-0.807,0.162,0.455,0.85,0.788,0.885,0.836,-0.084,-0.165,-0.876,0.439,0.25,-0.738,-0.574,-0.043,0.174,-0.025,0.615,0.063,0.681,0.727,0.663,0.887,-0.279,0.801,-0.321,0.755,-0.351,-0.532,-0.058,0.249,0.484,0.128,0.664,-0.592,-0.31,-0.568,0.777,0.219,-0.362,-0.188,0.817,0.895,-0.813,0.777,0.365,0.421,0.782,-0.248,-0.216,0.159,-0.778,-0.216,0.919,0.918,-0.238,-0.545,0.742,0.049,0.884,-0.447,0.71,0.125,0.135,0.494,-0.024,-0.515,0.81,-0.8,-0.817,-0.464,-0.183,0.295,0.834,-0.487,-0.637,0.688,0.575,0.442,-0.255,0.428,-0.488,0.843,-0.045,-0.187,0.55,0.798,0.39,-0.536,0.396,0.655,0.776,-0.662,-0.517,-0.803,-0.154,-0.407,-0.545,0.749,0.087,0.102,0.807,-0.195,0.75,0.488,-0.77,-0.802,0.49,0.285,-0.431,0.458,0.817,0.473,0.677,0.824,0.65,-0.105,-0.581,0.791,0.717,-0.316,-0.594,0.824,0.765,0.565,-0.349,0.559,-0.625,0.493,-0.52
CCEC,0.489,-0.234,0.117,-0.1,0.645,0.465,0.284,0.384,0.047,0.405,0.244,0.42,0.612,0.247,0.192,0.198,0.442,0.285,0.564,0.431,0.517,0.137,0.619,0.627,0.277,0.566,0.201,0.309,0.0,0.527,0.163,0.412,0.498,-0.406,0.308,0.371,0.413,0.58,0.618,0.365,0.47,0.032,0.685,-0.318,-0.114,0.209,-0.149,0.639,0.42,0.663,0.404,0.009,0.473,0.244,0.388,0.731,0.241,0.239,0.687,0.47,0.383,0.046,0.356,0.59,0.472,0.384,-0.345,0.281,0.306,0.012,0.136,0.658,0.551,0.524,0.258,0.384,0.345,0.548,0.357,0.013,0.418,0.54,0.113,0.371,0.698,0.595,0.211,0.563,0.65,0.523,0.169,0.619,0.453,0.282,0.656,-0.362,0.057,0.361,0.377,0.682,0.633,0.09,0.063,-0.003,0.336,0.336,0.088,0.421,0.063,0.543,0.141,0.454,0.335,0.018,0.544,0.683,0.646,0.488,0.493,0.376,0.767,-0.076,0.097,0.21,0.21,0.265,0.293,0.202,0.274,0.291,0.415,0.42,0.752,0.684,-0.244,0.577,-0.256,0.431,-0.099,-0.045,0.276,0.443,0.58,0.439,0.406,0.398,0.189,0.322,0.284,-0.078,0.216,0.237,0.131,0.218,0.407,0.665,0.144,0.803,0.317,-0.015,0.242,-0.031,0.326,0.369,-0.185,0.372,0.377,-0.06,0.093,0.332,0.638,0.333,0.436,0.334,0.482,0.034,-0.221,0.467,0.573,0.35,0.651,0.334,0.096,0.476,0.369,0.377,0.376,-0.577,0.431,0.358,0.519,0.2,0.049,0.175,0.655,0.348,0.038,0.292,0.622,0.369
CDW,0.091,-0.148,0.694,-0.78,0.351,-0.225,0.834,-0.335,-0.701,0.015,0.779,0.796,0.582,0.852,0.61,-0.497,0.782,-0.387,-0.051,0.049,0.922,0.484,0.821,0.564,-0.488,0.223,-0.477,0.803,0.527,0.0,-0.585,0.246,-0.054,-0.807,-0.317,0.748,0.838,0.119,0.27,-0.434,-0.018,-0.725,0.033,-0.666,-0.13,-0.576,-0.488,0.104,-0.173,0.072,0.702,0.676,-0.256,0.884,0.931,0.729,0.844,0.858,0.474,0.91,-0.172,-0.5,0.775,-0.156,-0.189,0.63,-0.739,0.762,0.765,-0.565,-0.451,0.446,0.671,0.869,0.847,0.811,0.706,0.329,-0.072,-0.663,0.656,0.559,-0.542,-0.282,0.176,0.264,0.311,0.565,0.329,0.623,0.815,0.761,0.914,-0.152,0.946,-0.22,0.745,-0.316,-0.359,0.228,0.55,0.401,0.372,0.576,-0.448,0.006,-0.613,0.743,0.49,-0.157,-0.125,0.935,0.835,-0.553,0.914,0.518,0.637,0.866,-0.098,-0.254,0.474,-0.712,-0.151,0.854,0.854,0.001,-0.407,0.79,0.391,0.874,-0.249,0.677,0.501,0.281,0.395,0.157,-0.345,0.878,-0.702,-0.743,-0.438,-0.042,0.629,0.926,-0.273,-0.225,0.672,0.8,0.519,-0.368,0.314,-0.173,0.813,0.2,0.188,0.6,0.814,0.726,-0.474,0.456,0.803,0.665,-0.414,-0.284,-0.686,0.043,-0.2,-0.382,0.779,0.086,0.162,0.877,0.14,0.859,0.686,-0.723,-0.817,0.472,0.622,-0.263,0.624,0.867,0.252,0.827,0.914,0.799,0.331,-0.761,0.913,0.683,0.105,-0.381,0.749,0.815,0.784,-0.243,0.615,-0.443,0.549,-0.379
CDXS,0.52,0.092,-0.772,0.851,0.29,0.811,-0.743,0.813,0.852,0.464,-0.817,-0.518,0.071,-0.731,-0.454,0.851,-0.506,0.847,0.709,0.553,-0.556,-0.37,-0.327,0.042,0.937,0.414,0.791,-0.721,0.163,-0.585,0.0,0.308,0.592,0.606,0.838,-0.381,-0.62,0.501,0.349,0.921,0.603,0.942,0.72,0.478,0.144,0.947,0.649,0.533,0.691,0.59,-0.336,-0.813,0.826,-0.771,-0.71,-0.141,-0.786,-0.816,0.11,-0.605,0.59,0.722,-0.581,0.81,0.806,-0.38,0.59,-0.711,-0.665,0.76,0.767,0.259,-0.31,-0.558,-0.792,-0.612,-0.511,0.299,0.413,0.877,-0.28,0.009,0.802,0.744,0.489,0.316,-0.183,-0.063,0.347,-0.222,-0.8,-0.319,-0.668,0.693,-0.475,0.052,-0.864,0.716,0.801,0.508,0.076,-0.307,-0.227,-0.815,0.899,0.405,0.823,-0.451,-0.439,0.758,0.472,-0.689,-0.688,0.837,-0.559,0.134,-0.072,-0.549,0.728,0.691,0.219,0.833,0.132,-0.837,-0.838,0.414,0.768,-0.759,-0.12,-0.828,0.741,-0.319,0.197,0.469,-0.747,0.422,0.227,-0.664,0.836,0.885,0.799,0.475,-0.114,-0.667,0.809,0.769,-0.693,-0.587,-0.318,0.352,-0.272,0.639,-0.88,0.065,0.31,-0.126,-0.791,-0.035,0.818,-0.438,-0.68,-0.789,0.831,0.786,0.712,0.338,0.541,0.585,-0.856,0.428,0.407,-0.604,0.457,-0.726,-0.272,0.918,0.836,-0.101,-0.099,0.784,-0.081,-0.704,-0.206,-0.578,-0.754,-0.523,0.129,0.363,-0.638,-0.427,0.533,0.76,-0.815,-0.833,-0.271,0.833,-0.718,0.904,-0.034,0.896
