,ABEO,ACHC,AGNCN,AKAM,AKRO,ALRM,AMAT,AMED,AMRN,ANGI,APA,APOG,APPS,ARCB,ARCC,ARVN,ATEC,ATXS,AVAV,AXON,BANF,BATRK,BIDU,BLNE,BLNK,BTAI,BYND,CAN,CCEC,CDW,CDXS,CELH,CGNX,CHKP,CHRS,CHRW,CIGI,CKPT,CMPR,COGT,CRNC,CRSP,CSTL,CTSH,CVGW,DGLY,DNLI,DOCU,DVAX,EBAY,EHTH,ERII,ESLT,EXPE,EXPO,FBIOP,FFBC,FFIN,FOXF,FWRD,GDS,GERN,GPRE,GRWG,GRYP,HEES,HELE,HIVE,HON,HRTX,HSTM,HURA,IART,IBKR,IBOC,IBRX,IDXX,INGN,INM,INVA,IQ,IRBT,KDP,KPTI,KTOS,KXIN,LAMR,LFUS,LGIH,LGMK,LKFN,LNW,LOPE,LPSN,LYFT,MGNX,MLCO,MNST,MODV,MSTR,MTCH,MYGN,MYRG,NCMI,NEXT,NFLX,NIU,NKTR,NRC,NTNX,NTRA,NVEE,NVMI,NWL,NWS,NXPI,OCGN,OCSL,OKTA,OLLI,OTLK,OXLC,PAA,PARA,PARAA,PDCO,PDFS,PFG,PGEN,PNFP,PODD,POWI,PSMT,PTC,PTEN,PVLA,RDNT,RDUS,RDWR,REGN,RNAC,ROCK,ROST,RRR,RSLS,RVMD,RYAAY,SAFT,SAGE,SAVA,SBGI,SFM,SFNC,SHYF,SIBN,SIFY,SIGI,SIMO,SITM,SLM,SNBR,SNDX,SNY,SPNS,SRRK,STRA,SUPN,SYRE,TCBK,TEAM,TECH,THRM,TLRY,TRMK,TROW,TSLA,TWST,TXN,UFPI,UNIT,UPWK,USLM,UTHR,VERB,VLY,VRNA,VRRM,VXRT,WAFD,WATT,WBA,WING,WIX,WTFC,WTW,XPEL,XRX,YMAB,ZG,ZLAB
ABEO,0.0,0.326,-0.469,0.895,0.59,0.583,0.192,0.929,0.265,-0.735,-0.588,0.833,-0.648,-0.821,-0.699,0.29,0.858,-0.011,0.739,0.634,-0.753,-0.549,0.872,0.805,0.848,-0.17,0.718,0.905,0.393,0.909,0.884,-0.532,0.671,0.806,-0.621,0.429,0.823,-0.574,0.607,-0.517,0.748,0.836,0.794,0.294,0.469,0.906,0.838,0.854,-0.228,0.771,-0.217,0.833,0.02,-0.849,-0.042,-0.393,-0.088,0.071,0.573,0.403,0.822,0.479,0.836,0.866,0.883,-0.565,0.86,0.845,0.881,-0.025,0.713,0.869,0.561,0.113,0.082,0.485,0.763,0.793,0.849,-0.763,0.926,0.641,0.679,-0.553,0.675,0.815,-0.362,-0.072,0.775,0.824,-0.361,-0.84,0.589,0.674,-0.755,0.472,0.808,0.924,0.384,0.846,-0.121,0.63,0.77,-0.85,0.576,-0.007,0.935,-0.805,0.914,0.719,0.637,0.657,-0.402,0.851,-0.645,0.523,0.291,0.244,0.86,0.865,0.946,0.475,-0.455,0.428,0.705,0.675,-0.482,0.289,0.904,0.319,0.871,0.888,0.839,0.816,-0.645,-0.062,0.433,0.655,0.595,0.847,0.546,0.7,0.167,-0.722,0.822,0.15,-0.634,0.293,0.443,-0.567,-0.704,0.526,-0.663,0.883,0.6,0.65,0.778,0.841,0.42,0.622,-0.762,-0.693,0.664,-0.536,0.635,0.727,0.15,-0.618,-0.815,-0.499,0.085,0.42,0.832,-0.478,0.864,-0.685,0.545,-0.595,0.75,0.733,-0.316,0.879,0.927,0.848,-0.4,0.756,0.138,0.78,-0.524,0.888,0.778,0.421,0.916,-0.75,0.108,0.026,0.639,0.792,0.741,0.906
ACHC,0.326,0.0,-0.065,0.174,-0.235,0.354,-0.383,0.28,0.535,-0.253,-0.006,0.263,0.189,-0.085,-0.155,-0.455,0.292,0.048,0.554,0.591,0.169,-0.076,0.279,0.363,0.566,0.083,0.584,0.149,-0.027,0.447,0.595,-0.334,-0.143,0.518,-0.106,-0.078,0.485,0.155,0.315,0.017,0.298,0.414,0.1,0.399,0.683,0.297,0.395,0.466,0.695,0.341,0.357,0.593,-0.31,-0.038,0.294,-0.028,0.523,0.609,0.597,0.783,0.446,0.666,0.142,0.622,0.497,0.171,0.29,0.476,0.457,0.075,0.739,0.107,0.794,0.551,0.618,0.732,0.374,0.487,0.266,0.251,0.356,0.512,-0.076,0.139,0.766,0.076,0.581,0.554,0.314,0.567,0.467,-0.283,0.396,0.017,-0.094,-0.256,0.593,0.162,0.682,0.392,-0.239,0.668,0.369,0.024,0.671,0.454,0.305,0.073,0.395,0.056,0.026,0.643,-0.37,0.174,0.259,0.192,-0.139,0.418,0.352,0.215,0.367,0.462,-0.087,0.543,0.391,0.059,0.244,0.129,0.526,0.724,0.4,0.055,0.439,0.525,-0.039,-0.387,0.781,0.527,-0.198,0.217,0.746,0.551,0.569,0.171,0.429,-0.043,-0.177,0.777,0.554,0.434,0.153,0.621,0.102,0.114,0.473,0.678,0.584,0.164,0.089,0.498,0.048,-0.584,0.619,0.045,-0.371,0.562,0.402,0.329,-0.033,-0.39,-0.285,0.669,0.576,0.417,0.206,-0.018,0.096,-0.461,0.556,0.198,-0.203,0.289,0.175,0.462,0.498,0.53,0.746,0.593,0.225,0.556,0.393,-0.249,0.422,0.065,-0.288,-0.536,0.545,-0.247,0.315,0.308
AGNCN,-0.469,-0.065,0.0,-0.325,-0.305,0.002,0.125,-0.527,0.192,0.58,0.545,-0.391,0.572,0.535,0.664,-0.182,-0.367,0.135,-0.387,-0.131,0.54,0.461,-0.316,-0.281,-0.337,0.406,-0.417,-0.441,0.062,-0.341,-0.352,0.623,-0.087,-0.343,0.256,-0.069,-0.291,0.535,-0.181,0.192,-0.31,-0.326,-0.356,0.123,-0.252,-0.418,-0.358,-0.322,0.449,-0.29,0.086,-0.324,0.153,0.563,0.393,0.474,0.27,0.173,0.088,-0.023,-0.323,-0.06,-0.535,-0.395,-0.365,0.542,-0.426,-0.247,-0.311,0.018,-0.289,-0.582,-0.188,0.053,0.198,-0.096,-0.239,-0.396,-0.474,0.383,-0.446,-0.245,-0.251,0.235,-0.226,-0.242,0.412,0.218,-0.407,-0.399,0.291,0.641,-0.189,-0.309,0.492,-0.301,-0.397,-0.416,-0.125,-0.287,0.137,-0.146,-0.367,0.466,-0.186,0.34,-0.426,0.491,-0.467,-0.229,-0.252,-0.121,0.473,-0.487,0.598,0.022,-0.071,0.243,-0.346,-0.519,-0.391,-0.115,0.532,-0.032,-0.25,-0.211,0.604,0.084,-0.447,0.062,-0.426,-0.364,-0.388,-0.267,0.517,0.036,-0.051,-0.196,-0.162,-0.396,-0.192,-0.191,-0.082,0.5,-0.306,-0.051,0.339,-0.039,-0.166,0.403,0.441,-0.164,0.482,-0.496,-0.172,-0.173,-0.244,-0.231,0.06,-0.203,0.462,0.302,-0.263,0.616,-0.357,-0.315,-0.035,0.329,0.557,0.401,0.099,-0.036,-0.29,0.493,-0.294,0.5,-0.186,0.492,-0.313,-0.449,0.295,-0.375,-0.431,-0.287,0.454,-0.335,0.169,-0.199,0.384,-0.383,-0.377,-0.113,-0.468,0.542,0.331,0.028,-0.282,-0.471,-0.454,-0.447
AKAM,0.895,0.174,-0.325,0.0,0.681,0.6,0.304,0.891,0.255,-0.674,-0.48,0.867,-0.657,-0.874,-0.612,0.323,0.813,-0.121,0.727,0.693,-0.731,-0.478,0.844,0.848,0.782,-0.161,0.597,0.878,0.549,0.938,0.824,-0.43,0.749,0.84,-0.666,0.528,0.834,-0.626,0.517,-0.658,0.737,0.736,0.768,0.434,0.386,0.875,0.754,0.784,-0.208,0.734,-0.201,0.814,0.087,-0.789,0.09,-0.404,-0.035,0.031,0.506,0.357,0.813,0.363,0.789,0.799,0.842,-0.496,0.768,0.869,0.875,-0.101,0.621,0.796,0.54,0.157,0.092,0.384,0.76,0.774,0.792,-0.814,0.885,0.635,0.739,-0.644,0.628,0.882,-0.42,-0.071,0.699,0.766,-0.355,-0.726,0.666,0.588,-0.753,0.485,0.784,0.955,0.301,0.83,0.055,0.553,0.822,-0.86,0.599,0.063,0.915,-0.811,0.869,0.823,0.558,0.684,-0.287,0.902,-0.618,0.59,0.236,0.218,0.812,0.888,0.907,0.344,-0.283,0.479,0.756,0.767,-0.392,0.439,0.862,0.335,0.838,0.91,0.816,0.836,-0.555,0.002,0.394,0.668,0.648,0.831,0.38,0.66,0.131,-0.729,0.759,0.123,-0.636,0.231,0.345,-0.631,-0.67,0.407,-0.6,0.894,0.523,0.64,0.825,0.882,0.476,0.564,-0.761,-0.629,0.569,-0.491,0.701,0.776,0.208,-0.704,-0.74,-0.486,0.107,0.411,0.808,-0.427,0.937,-0.515,0.395,-0.478,0.733,0.678,-0.34,0.896,0.936,0.788,-0.351,0.707,0.115,0.755,-0.442,0.829,0.785,0.425,0.887,-0.682,0.2,-0.004,0.561,0.803,0.591,0.917
AKRO,0.59,-0.235,-0.305,0.681,0.0,0.118,0.565,0.585,0.197,-0.392,-0.339,0.521,-0.526,-0.717,-0.414,0.688,0.452,-0.314,0.2,0.171,-0.668,-0.217,0.635,0.589,0.307,0.01,0.325,0.633,0.582,0.555,0.412,-0.173,0.69,0.35,-0.366,0.369,0.339,-0.49,0.052,-0.455,0.257,0.449,0.542,0.246,-0.186,0.68,0.338,0.252,-0.515,0.259,-0.362,0.428,0.549,-0.553,-0.135,-0.246,-0.323,-0.412,0.298,-0.198,0.476,-0.015,0.565,0.325,0.536,-0.474,0.478,0.394,0.464,0.094,0.23,0.592,-0.029,-0.152,-0.27,-0.107,0.439,0.226,0.395,-0.725,0.523,0.479,0.465,-0.376,0.108,0.756,-0.666,-0.423,0.269,0.297,-0.521,-0.48,0.222,0.499,-0.433,0.673,0.373,0.682,-0.285,0.348,0.366,-0.008,0.42,-0.629,0.233,-0.214,0.601,-0.597,0.412,0.659,0.454,0.142,0.062,0.584,-0.617,0.584,0.476,0.093,0.378,0.573,0.563,-0.18,-0.105,-0.03,0.281,0.695,-0.315,0.313,0.512,-0.007,0.476,0.718,0.507,0.285,-0.325,0.42,-0.162,0.246,0.638,0.429,0.041,0.125,-0.118,-0.787,0.287,0.237,-0.548,-0.117,-0.011,-0.629,-0.68,-0.116,-0.541,0.578,0.047,0.238,0.389,0.685,0.435,0.247,-0.555,-0.151,-0.015,-0.212,0.788,0.349,-0.047,-0.822,-0.509,-0.296,0.187,-0.014,0.32,-0.62,0.706,-0.424,0.475,-0.066,0.225,0.286,-0.047,0.485,0.725,0.432,-0.54,0.269,-0.225,0.41,-0.46,0.459,0.288,0.575,0.474,-0.513,0.506,0.44,0.031,0.778,0.264,0.573
ALRM,0.583,0.354,0.002,0.6,0.118,0.0,0.219,0.455,0.441,-0.213,0.039,0.627,-0.089,-0.255,-0.225,-0.249,0.645,0.505,0.568,0.635,-0.129,-0.048,0.562,0.49,0.746,0.285,0.515,0.5,0.261,0.657,0.612,-0.144,0.518,0.654,-0.274,0.572,0.72,0.046,0.749,-0.221,0.874,0.634,0.49,0.584,0.53,0.437,0.723,0.738,0.161,0.871,0.145,0.597,-0.138,-0.32,0.557,-0.269,0.394,0.596,0.496,0.687,0.491,0.616,0.455,0.658,0.52,0.131,0.587,0.741,0.731,0.039,0.472,0.33,0.64,0.448,0.481,0.756,0.475,0.704,0.621,-0.363,0.567,0.493,0.483,-0.205,0.71,0.475,0.191,0.514,0.785,0.585,0.047,-0.254,0.619,0.288,-0.364,0.033,0.455,0.559,0.645,0.799,-0.266,0.649,0.538,-0.348,0.436,0.033,0.548,-0.326,0.682,0.378,0.372,0.775,-0.062,0.548,0.014,0.517,0.163,0.384,0.621,0.486,0.661,0.615,-0.06,0.782,0.81,0.263,-0.014,0.524,0.499,0.369,0.462,0.612,0.511,0.789,-0.183,-0.155,0.618,0.584,0.331,0.615,0.541,0.713,0.535,-0.012,0.747,-0.023,-0.124,0.437,0.711,-0.086,-0.027,0.645,-0.009,0.568,0.682,0.501,0.69,0.591,0.35,0.707,-0.253,-0.359,0.76,-0.07,0.27,0.506,0.57,-0.132,-0.333,-0.233,0.117,0.708,0.772,0.133,0.678,-0.164,0.162,-0.196,0.709,0.523,-0.149,0.616,0.486,0.573,0.166,0.571,0.566,0.567,-0.05,0.65,0.646,0.098,0.606,-0.238,-0.139,-0.16,0.803,0.348,0.536,0.519
AMAT,0.192,-0.383,0.125,0.304,0.565,0.219,0.0,0.063,0.294,0.312,0.181,0.04,0.085,-0.105,-0.018,0.622,0.298,0.285,-0.324,-0.138,-0.255,0.133,0.257,0.261,-0.038,0.29,0.037,0.15,0.347,0.145,0.048,0.527,0.768,-0.133,0.2,0.315,-0.094,0.09,-0.192,0.058,0.072,0.158,0.417,0.327,-0.389,0.221,0.061,0.02,-0.392,0.265,-0.512,-0.035,0.66,-0.004,0.344,-0.062,-0.395,-0.41,0.16,-0.245,-0.046,-0.107,0.066,-0.098,0.073,-0.021,0.053,0.041,0.071,0.581,-0.252,0.125,-0.304,-0.374,-0.375,-0.141,0.29,-0.154,-0.052,-0.394,0.002,0.046,-0.002,0.164,-0.176,0.357,-0.232,-0.209,-0.001,-0.262,-0.566,0.04,-0.262,0.462,0.21,0.248,-0.226,0.263,-0.538,0.009,0.39,-0.138,-0.101,-0.123,-0.301,-0.463,0.094,-0.04,-0.007,0.485,0.458,-0.061,0.705,0.121,-0.096,0.751,0.644,0.343,0.141,-0.012,0.135,-0.256,0.052,-0.157,0.028,0.149,0.089,0.082,-0.013,-0.358,-0.019,0.532,-0.014,-0.054,-0.049,0.667,-0.441,-0.269,0.648,0.174,-0.05,-0.292,0.094,-0.247,-0.019,0.506,0.137,-0.441,0.105,-0.303,-0.247,-0.446,-0.202,0.087,0.17,-0.231,-0.036,0.564,0.728,0.125,-0.062,0.213,-0.307,0.27,0.324,-0.221,0.155,-0.414,-0.151,0.395,0.684,-0.216,-0.042,-0.364,0.406,-0.131,0.422,0.594,-0.224,0.094,0.591,-0.04,0.33,-0.08,-0.385,-0.233,-0.156,-0.037,-0.397,-0.035,-0.116,0.772,0.034,-0.174,0.51,0.722,-0.189,0.397,0.097,0.055
AMED,0.929,0.28,-0.527,0.891,0.585,0.455,0.063,0.0,0.096,-0.852,-0.738,0.826,-0.788,-0.899,-0.813,0.349,0.855,-0.151,0.79,0.586,-0.835,-0.688,0.865,0.806,0.825,-0.33,0.729,0.925,0.325,0.886,0.881,-0.623,0.605,0.833,-0.673,0.268,0.819,-0.716,0.561,-0.54,0.688,0.833,0.824,0.154,0.538,0.89,0.809,0.836,-0.26,0.715,-0.267,0.777,-0.105,-0.932,-0.185,-0.488,-0.169,-0.015,0.429,0.315,0.86,0.409,0.873,0.865,0.873,-0.696,0.839,0.794,0.843,-0.138,0.747,0.948,0.563,0.041,-0.011,0.406,0.776,0.824,0.852,-0.784,0.946,0.594,0.732,-0.65,0.645,0.819,-0.465,-0.16,0.758,0.848,-0.419,-0.92,0.609,0.692,-0.839,0.428,0.864,0.95,0.357,0.81,-0.146,0.649,0.779,-0.925,0.581,0.075,0.957,-0.89,0.934,0.697,0.645,0.628,-0.556,0.879,-0.774,0.366,0.195,0.094,0.877,0.922,0.914,0.416,-0.583,0.384,0.684,0.713,-0.59,0.19,0.933,0.277,0.919,0.829,0.865,0.804,-0.772,-0.114,0.406,0.62,0.511,0.885,0.458,0.699,0.093,-0.797,0.795,0.17,-0.648,0.286,0.34,-0.663,-0.784,0.478,-0.751,0.927,0.582,0.628,0.757,0.756,0.346,0.528,-0.857,-0.744,0.639,-0.702,0.674,0.77,0.063,-0.646,-0.886,-0.524,0.059,0.344,0.802,-0.54,0.83,-0.705,0.54,-0.726,0.747,0.769,-0.391,0.893,0.941,0.855,-0.484,0.77,-0.008,0.783,-0.563,0.858,0.81,0.407,0.927,-0.836,0.003,-0.017,0.56,0.806,0.761,0.958
AMRN,0.265,0.535,0.192,0.255,0.197,0.441,0.294,0.096,0.0,0.156,0.337,0.181,0.358,-0.063,0.106,-0.104,0.233,0.204,0.147,0.393,0.193,0.336,0.233,0.393,0.356,0.468,0.475,0.075,0.257,0.398,0.415,0.156,0.277,0.312,0.14,0.306,0.289,0.418,0.116,0.021,0.259,0.374,0.103,0.757,0.103,0.302,0.281,0.186,0.48,0.312,0.148,0.443,0.411,0.176,0.678,0.153,0.369,0.388,0.688,0.493,0.188,0.518,-0.017,0.352,0.345,0.402,0.11,0.375,0.462,0.446,0.421,-0.075,0.425,0.388,0.42,0.487,0.37,0.157,0.091,0.109,0.142,0.561,-0.046,0.346,0.446,0.3,0.445,0.445,0.146,0.199,0.226,0.016,0.164,0.048,0.167,0.076,0.235,0.212,0.23,0.308,-0.008,0.319,0.142,0.109,0.413,0.052,0.152,0.195,0.19,0.14,0.076,0.452,0.229,0.09,0.413,0.694,0.286,0.653,0.196,0.054,0.314,-0.01,0.284,0.346,0.276,0.207,0.407,0.37,0.313,0.494,0.112,0.257,0.313,0.338,0.256,0.206,0.385,0.335,0.081,0.128,0.477,0.266,0.604,0.137,0.257,0.102,-0.134,0.417,0.525,0.399,0.17,0.25,0.175,0.017,0.297,0.399,0.476,0.386,0.394,0.511,0.222,-0.153,0.258,0.485,-0.09,0.321,0.486,-0.025,0.081,-0.181,0.053,0.612,0.403,0.283,0.444,0.044,0.243,0.169,0.317,-0.037,0.172,0.136,0.243,0.273,0.401,0.164,0.717,0.489,0.143,0.356,0.12,0.108,0.201,0.177,0.275,-0.005,0.325,-0.034,0.058,0.136
ANGI,-0.735,-0.253,0.58,-0.674,-0.392,-0.213,0.312,-0.852,0.156,0.0,0.756,-0.766,0.841,0.802,0.632,-0.133,-0.546,0.419,-0.783,-0.54,0.703,0.679,-0.678,-0.499,-0.662,0.523,-0.511,-0.775,-0.293,-0.694,-0.659,0.845,-0.191,-0.733,0.811,-0.205,-0.718,0.78,-0.517,0.616,-0.505,-0.548,-0.481,0.073,-0.461,-0.744,-0.628,-0.639,0.222,-0.428,-0.009,-0.683,0.256,0.894,0.455,0.421,0.04,-0.034,-0.273,-0.24,-0.784,-0.28,-0.806,-0.74,-0.713,0.691,-0.746,-0.657,-0.661,0.489,-0.657,-0.822,-0.463,-0.171,-0.109,-0.227,-0.429,-0.707,-0.763,0.583,-0.851,-0.475,-0.714,0.762,-0.523,-0.611,0.485,0.182,-0.627,-0.828,0.158,0.801,-0.642,-0.364,0.876,-0.447,-0.836,-0.726,-0.425,-0.66,0.122,-0.447,-0.767,0.816,-0.606,-0.252,-0.831,0.847,-0.777,-0.419,-0.296,-0.453,0.824,-0.779,0.76,0.02,0.13,0.111,-0.608,-0.867,-0.735,-0.393,0.456,-0.334,-0.538,-0.683,0.661,-0.212,-0.797,-0.377,-0.765,-0.525,-0.748,-0.66,0.621,0.322,-0.439,-0.686,-0.224,-0.625,-0.308,-0.676,0.137,0.716,-0.626,0.159,0.76,-0.327,-0.081,0.576,0.678,-0.537,0.604,-0.825,-0.252,-0.622,-0.638,-0.42,0.113,-0.345,0.761,0.657,-0.576,0.789,-0.555,-0.746,0.132,0.565,0.708,0.733,0.343,-0.288,-0.664,0.418,-0.55,0.541,-0.238,0.865,-0.728,-0.574,0.684,-0.831,-0.709,-0.775,0.371,-0.741,0.072,-0.659,0.312,-0.741,-0.741,-0.03,-0.772,0.669,0.071,0.248,-0.48,-0.649,-0.502,-0.793
APA,-0.588,-0.006,0.545,-0.48,-0.339,0.039,0.181,-0.738,0.337,0.756,0.0,-0.395,0.827,0.698,0.754,-0.472,-0.564,0.272,-0.45,-0.173,0.842,0.857,-0.54,-0.394,-0.439,0.677,-0.427,-0.688,0.064,-0.408,-0.519,0.506,-0.278,-0.4,0.527,0.174,-0.417,0.767,-0.249,0.321,-0.272,-0.518,-0.602,0.452,-0.331,-0.553,-0.459,-0.528,0.406,-0.283,0.466,-0.322,0.246,0.83,0.627,0.438,0.55,0.377,-0.066,0.126,-0.567,-0.005,-0.571,-0.468,-0.475,0.913,-0.523,-0.327,-0.382,0.201,-0.485,-0.82,-0.177,0.38,0.416,0.0,-0.517,-0.456,-0.556,0.596,-0.631,-0.108,-0.517,0.623,-0.155,-0.488,0.547,0.507,-0.447,-0.501,0.571,0.835,-0.189,-0.64,0.695,-0.352,-0.545,-0.612,-0.068,-0.384,0.278,-0.392,-0.361,0.793,-0.151,0.017,-0.638,0.784,-0.592,-0.404,-0.548,-0.114,0.629,-0.525,0.848,0.129,0.026,0.156,-0.611,-0.626,-0.523,-0.225,0.81,0.146,-0.157,-0.413,0.773,0.341,-0.579,0.117,-0.672,-0.464,-0.515,-0.347,0.884,0.159,-0.021,-0.191,-0.24,-0.65,-0.062,-0.308,0.269,0.741,-0.397,-0.219,0.492,0.037,0.141,0.71,0.828,-0.151,0.881,-0.631,-0.31,-0.238,-0.236,-0.379,-0.062,0.021,0.741,0.592,-0.317,0.773,-0.503,-0.381,0.341,0.5,0.83,0.225,-0.115,0.152,-0.313,0.708,-0.325,0.768,-0.557,0.71,-0.318,-0.631,0.276,-0.542,-0.621,-0.503,0.719,-0.386,0.475,-0.41,0.709,-0.423,-0.427,-0.357,-0.592,0.866,0.08,-0.115,-0.106,-0.611,-0.599,-0.649
APOG,0.833,0.263,-0.391,0.867,0.521,0.627,0.04,0.826,0.181,-0.766,-0.395,0.0,-0.639,-0.786,-0.519,0.026,0.665,-0.122,0.822,0.685,-0.57,-0.355,0.77,0.678,0.795,-0.113,0.549,0.82,0.535,0.889,0.743,-0.655,0.5,0.871,-0.75,0.605,0.881,-0.562,0.713,-0.692,0.792,0.655,0.564,0.384,0.446,0.798,0.763,0.759,-0.151,0.689,0.134,0.846,-0.048,-0.776,0.001,-0.384,0.226,0.291,0.444,0.453,0.788,0.447,0.821,0.822,0.804,-0.371,0.842,0.886,0.885,-0.332,0.623,0.721,0.58,0.403,0.335,0.459,0.52,0.823,0.851,-0.697,0.885,0.694,0.79,-0.662,0.717,0.753,-0.365,0.097,0.795,0.87,-0.083,-0.65,0.819,0.347,-0.827,0.468,0.81,0.85,0.537,0.882,-0.036,0.531,0.872,-0.774,0.699,0.153,0.877,-0.782,0.87,0.578,0.338,0.71,-0.486,0.883,-0.544,0.387,0.089,0.1,0.692,0.891,0.885,0.463,-0.167,0.639,0.831,0.738,-0.421,0.615,0.81,0.471,0.739,0.754,0.807,0.857,-0.398,-0.182,0.574,0.827,0.461,0.705,0.425,0.82,0.131,-0.599,0.786,-0.196,-0.665,0.412,0.393,-0.486,-0.498,0.658,-0.386,0.902,0.409,0.704,0.857,0.664,0.158,0.663,-0.69,-0.555,0.705,-0.51,0.672,0.81,0.207,-0.609,-0.618,-0.728,-0.228,0.57,0.869,-0.255,0.841,-0.417,0.168,-0.593,0.866,0.594,-0.592,0.932,0.796,0.82,-0.162,0.845,0.249,0.735,-0.185,0.881,0.84,0.095,0.845,-0.539,0.024,-0.221,0.747,0.712,0.524,0.851
APPS,-0.648,0.189,0.572,-0.657,-0.526,-0.089,0.085,-0.788,0.358,0.841,0.827,-0.639,0.0,0.812,0.688,-0.39,-0.5,0.357,-0.556,-0.266,0.858,0.652,-0.572,-0.439,-0.434,0.567,-0.305,-0.769,-0.261,-0.542,-0.457,0.64,-0.367,-0.524,0.739,-0.233,-0.532,0.91,-0.404,0.623,-0.426,-0.434,-0.53,0.24,-0.186,-0.639,-0.497,-0.495,0.599,-0.333,0.264,-0.436,0.093,0.918,0.55,0.428,0.362,0.283,-0.002,0.123,-0.575,0.05,-0.769,-0.483,-0.543,0.832,-0.662,-0.457,-0.529,0.443,-0.367,-0.825,-0.124,0.172,0.247,0.058,-0.385,-0.537,-0.689,0.809,-0.711,-0.237,-0.789,0.807,-0.225,-0.601,0.767,0.507,-0.516,-0.59,0.493,0.771,-0.42,-0.456,0.874,-0.598,-0.585,-0.734,-0.092,-0.534,0.102,-0.218,-0.594,0.906,-0.273,0.054,-0.724,0.929,-0.667,-0.464,-0.392,-0.176,0.61,-0.705,0.927,0.053,-0.048,0.289,-0.524,-0.781,-0.622,-0.184,0.52,-0.065,-0.39,-0.641,0.806,-0.083,-0.599,0.013,-0.653,-0.586,-0.574,-0.456,0.695,0.155,-0.06,-0.414,-0.419,-0.637,0.042,-0.456,0.362,0.864,-0.494,0.051,0.654,0.084,0.105,0.835,0.806,-0.241,0.757,-0.823,-0.117,-0.274,-0.397,-0.431,0.034,-0.122,0.868,0.464,-0.336,0.833,-0.775,-0.488,0.318,0.746,0.805,0.476,0.086,0.013,-0.406,0.678,-0.521,0.683,-0.285,0.661,-0.48,-0.577,0.545,-0.728,-0.702,-0.575,0.661,-0.512,0.427,-0.39,0.538,-0.497,-0.571,-0.245,-0.615,0.801,-0.04,-0.05,-0.252,-0.817,-0.479,-0.738
ARCB,-0.821,-0.085,0.535,-0.874,-0.717,-0.255,-0.105,-0.899,-0.063,0.802,0.698,-0.786,0.812,0.0,0.707,-0.445,-0.679,0.399,-0.674,-0.513,0.847,0.618,-0.772,-0.755,-0.647,0.377,-0.532,-0.864,-0.465,-0.815,-0.717,0.594,-0.557,-0.749,0.718,-0.319,-0.712,0.802,-0.352,0.712,-0.543,-0.63,-0.679,-0.161,-0.289,-0.835,-0.595,-0.633,0.331,-0.476,0.273,-0.721,-0.057,0.858,0.272,0.386,0.217,0.191,-0.363,-0.123,-0.8,-0.197,-0.746,-0.71,-0.766,0.705,-0.692,-0.706,-0.743,0.207,-0.58,-0.849,-0.408,-0.019,0.111,-0.156,-0.664,-0.664,-0.746,0.793,-0.851,-0.559,-0.709,0.733,-0.453,-0.836,0.601,0.308,-0.568,-0.72,0.421,0.826,-0.556,-0.57,0.827,-0.57,-0.779,-0.889,-0.171,-0.657,-0.054,-0.397,-0.736,0.906,-0.551,-0.052,-0.875,0.883,-0.78,-0.731,-0.48,-0.464,0.47,-0.866,0.788,-0.347,-0.119,0.021,-0.717,-0.91,-0.807,-0.156,0.404,-0.231,-0.556,-0.779,0.577,-0.253,-0.833,-0.226,-0.808,-0.762,-0.784,-0.661,0.647,0.018,-0.24,-0.569,-0.52,-0.739,-0.217,-0.527,0.065,0.864,-0.593,-0.066,0.745,-0.131,-0.069,0.727,0.816,-0.297,0.747,-0.848,-0.321,-0.576,-0.676,-0.716,-0.28,-0.329,0.799,0.627,-0.424,0.639,-0.738,-0.73,0.072,0.779,0.789,0.583,0.027,-0.213,-0.656,0.599,-0.787,0.618,-0.401,0.621,-0.619,-0.628,0.444,-0.833,-0.888,-0.701,0.51,-0.638,0.123,-0.678,0.519,-0.74,-0.693,-0.366,-0.828,0.763,-0.154,0.008,-0.369,-0.799,-0.513,-0.888
ARCC,-0.699,-0.155,0.664,-0.612,-0.414,-0.225,-0.018,-0.813,0.106,0.632,0.754,-0.519,0.688,0.707,0.0,-0.356,-0.725,0.008,-0.558,-0.259,0.757,0.692,-0.604,-0.664,-0.596,0.361,-0.668,-0.691,0.055,-0.577,-0.7,0.513,-0.455,-0.588,0.324,0.102,-0.514,0.632,-0.393,0.207,-0.468,-0.726,-0.763,0.098,-0.538,-0.596,-0.565,-0.66,0.348,-0.575,0.406,-0.439,0.265,0.766,0.294,0.559,0.375,0.167,-0.027,-0.112,-0.561,-0.285,-0.714,-0.636,-0.602,0.694,-0.598,-0.443,-0.54,-0.03,-0.554,-0.82,-0.388,0.188,0.282,-0.344,-0.64,-0.638,-0.686,0.659,-0.7,-0.39,-0.459,0.388,-0.421,-0.532,0.49,0.205,-0.606,-0.604,0.536,0.874,-0.314,-0.672,0.666,-0.143,-0.617,-0.729,-0.196,-0.515,0.246,-0.526,-0.472,0.744,-0.291,0.152,-0.676,0.737,-0.74,-0.505,-0.622,-0.426,0.481,-0.594,0.741,-0.124,-0.218,0.204,-0.75,-0.682,-0.638,-0.254,0.812,-0.125,-0.437,-0.353,0.579,0.184,-0.705,0.081,-0.74,-0.606,-0.656,-0.533,0.867,0.01,-0.174,-0.247,-0.335,-0.751,-0.327,-0.418,-0.107,0.649,-0.634,-0.303,0.269,-0.12,-0.335,0.583,0.647,-0.243,0.736,-0.706,-0.566,-0.321,-0.44,-0.522,-0.31,-0.335,0.777,0.609,-0.46,0.744,-0.54,-0.497,-0.062,0.407,0.845,0.27,-0.22,-0.136,-0.526,0.602,-0.557,0.745,-0.525,0.655,-0.442,-0.673,0.201,-0.574,-0.702,-0.568,0.573,-0.577,0.219,-0.495,0.656,-0.584,-0.575,-0.435,-0.715,0.836,0.311,-0.058,-0.399,-0.636,-0.805,-0.762
ARVN,0.29,-0.455,-0.182,0.323,0.688,-0.249,0.622,0.349,-0.104,-0.133,-0.472,0.026,-0.39,-0.445,-0.356,0.0,0.345,-0.21,-0.22,-0.27,-0.688,-0.414,0.378,0.294,-0.046,-0.226,0.104,0.361,0.214,0.135,0.121,0.202,0.618,-0.105,-0.073,-0.106,-0.104,-0.4,-0.351,-0.074,-0.13,0.233,0.548,-0.209,-0.341,0.39,0.058,0.021,-0.601,0.022,-0.824,-0.065,0.479,-0.381,-0.33,-0.194,-0.824,-0.841,0.066,-0.555,0.172,-0.292,0.231,-0.031,0.179,-0.622,0.119,-0.056,0.011,0.338,-0.078,0.495,-0.381,-0.719,-0.773,-0.429,0.405,-0.137,0.024,-0.532,0.185,-0.072,0.136,-0.184,-0.332,0.49,-0.607,-0.716,-0.054,-0.15,-0.848,-0.359,-0.338,0.703,-0.089,0.408,-0.014,0.383,-0.694,-0.08,0.306,-0.114,-0.055,-0.461,-0.296,-0.312,0.282,-0.386,0.075,0.539,0.6,-0.272,0.229,0.247,-0.612,0.365,0.454,0.08,0.258,0.218,0.183,-0.339,-0.4,-0.503,-0.175,0.35,-0.393,-0.318,0.183,-0.478,0.238,0.488,0.139,-0.142,-0.495,0.546,-0.614,-0.327,0.549,0.298,-0.181,-0.343,-0.294,-0.674,-0.076,0.624,-0.18,-0.549,-0.324,-0.661,-0.746,-0.561,-0.709,0.233,0.061,-0.205,-0.152,0.486,0.522,-0.18,-0.393,-0.036,-0.397,-0.219,0.489,-0.119,-0.348,-0.62,-0.482,0.27,0.599,-0.562,-0.136,-0.803,0.297,-0.474,0.686,0.143,-0.26,0.255,0.404,0.064,0.483,0.045,-0.826,-0.19,-0.659,0.064,-0.74,-0.007,-0.074,0.858,0.156,-0.563,0.505,0.777,-0.458,0.58,0.216,0.247
ATEC,0.858,0.292,-0.367,0.813,0.452,0.645,0.298,0.855,0.233,-0.546,-0.564,0.665,-0.5,-0.679,-0.725,0.345,0.0,0.257,0.62,0.498,-0.715,-0.592,0.816,0.744,0.829,-0.177,0.799,0.843,0.109,0.792,0.873,-0.33,0.762,0.686,-0.365,0.236,0.731,-0.436,0.524,-0.253,0.766,0.893,0.938,0.22,0.588,0.757,0.851,0.892,-0.177,0.876,-0.42,0.66,-0.103,-0.742,0.1,-0.505,-0.233,0.027,0.471,0.385,0.745,0.417,0.673,0.778,0.762,-0.553,0.73,0.758,0.776,0.241,0.646,0.839,0.581,-0.094,-0.102,0.559,0.878,0.78,0.748,-0.704,0.802,0.445,0.53,-0.381,0.618,0.719,-0.196,-0.043,0.78,0.667,-0.529,-0.798,0.417,0.831,-0.582,0.239,0.657,0.866,0.336,0.787,-0.278,0.774,0.539,-0.759,0.35,-0.107,0.826,-0.677,0.873,0.701,0.858,0.644,-0.239,0.733,-0.561,0.57,0.358,0.329,0.953,0.709,0.847,0.533,-0.642,0.36,0.628,0.425,-0.442,0.029,0.786,0.086,0.842,0.877,0.686,0.76,-0.77,-0.038,0.333,0.39,0.581,0.943,0.543,0.578,0.31,-0.559,0.787,0.443,-0.363,0.235,0.52,-0.556,-0.651,0.384,-0.682,0.774,0.854,0.455,0.661,0.83,0.637,0.546,-0.672,-0.676,0.657,-0.459,0.493,0.56,0.295,-0.425,-0.845,-0.161,0.415,0.334,0.757,-0.466,0.802,-0.684,0.681,-0.458,0.602,0.864,0.011,0.727,0.874,0.706,-0.46,0.599,0.099,0.66,-0.681,0.758,0.682,0.586,0.867,-0.808,-0.058,0.141,0.548,0.678,0.883,0.836
ATXS,-0.011,0.048,0.135,-0.121,-0.314,0.505,0.285,-0.151,0.204,0.419,0.272,-0.122,0.357,0.399,0.008,-0.21,0.257,0.0,-0.12,-0.101,0.19,0.222,-0.09,-0.106,0.118,0.381,0.193,-0.089,-0.396,-0.095,0.04,0.334,0.244,-0.124,0.483,0.136,-0.015,0.477,0.297,0.496,0.333,0.216,0.197,0.102,0.229,-0.215,0.239,0.205,0.007,0.454,-0.091,-0.151,-0.09,0.194,0.484,-0.121,-0.002,0.311,-0.01,0.248,-0.255,0.242,-0.121,-0.041,-0.15,0.28,0.035,-0.012,0.044,0.502,-0.097,-0.117,0.078,-0.102,-0.002,0.425,0.105,0.105,0.04,0.049,-0.159,-0.134,-0.107,0.438,0.102,-0.215,0.417,0.351,0.281,-0.136,-0.132,0.128,-0.179,0.176,0.286,-0.304,-0.29,-0.063,0.195,0.155,-0.485,0.277,-0.29,0.216,-0.334,-0.456,-0.168,0.254,0.076,-0.16,0.314,0.114,0.366,-0.191,0.318,0.223,0.391,0.248,0.165,-0.276,-0.007,0.321,-0.17,0.156,0.136,-0.42,0.126,-0.138,-0.195,-0.314,-0.151,0.115,-0.19,0.053,-0.01,0.028,0.051,-0.247,0.134,0.189,0.274,0.037,0.476,0.415,0.201,0.275,0.536,0.003,0.551,0.206,0.32,0.13,0.152,-0.07,0.503,-0.283,-0.088,0.066,0.313,0.242,0.199,0.131,0.26,0.26,-0.171,-0.322,0.444,0.353,-0.05,0.459,0.484,0.193,0.059,0.146,0.027,-0.104,0.178,0.297,-0.049,0.207,0.479,-0.138,-0.086,-0.133,0.064,-0.09,0.262,-0.182,-0.158,-0.08,-0.044,0.183,-0.062,-0.017,-0.324,0.2,0.291,-0.078,0.372,-0.131
AVAV,0.739,0.554,-0.387,0.727,0.2,0.568,-0.324,0.79,0.147,-0.783,-0.45,0.822,-0.556,-0.674,-0.558,-0.22,0.62,-0.12,0.0,0.821,-0.432,-0.46,0.678,0.634,0.863,-0.201,0.616,0.721,0.287,0.839,0.812,-0.745,0.227,0.93,-0.707,0.365,0.908,-0.51,0.683,-0.594,0.729,0.644,0.482,0.308,0.787,0.683,0.759,0.804,0.14,0.647,0.223,0.868,-0.412,-0.688,-0.015,-0.382,0.348,0.448,0.461,0.681,0.831,0.555,0.71,0.894,0.799,-0.338,0.733,0.855,0.831,-0.385,0.791,0.638,0.844,0.513,0.458,0.659,0.574,0.952,0.826,-0.455,0.859,0.622,0.638,-0.607,0.846,0.552,-0.081,0.233,0.728,0.953,0.124,-0.697,0.84,0.259,-0.783,0.195,0.925,0.715,0.761,0.831,-0.209,0.726,0.856,-0.649,0.831,0.391,0.812,-0.646,0.876,0.455,0.251,0.805,-0.654,0.757,-0.4,0.168,-0.14,0.066,0.704,0.827,0.812,0.637,-0.275,0.715,0.8,0.533,-0.332,0.419,0.853,0.623,0.818,0.529,0.775,0.915,-0.444,-0.487,0.809,0.863,0.196,0.718,0.547,0.888,0.216,-0.406,0.802,-0.204,-0.614,0.606,0.465,-0.285,-0.362,0.805,-0.333,0.778,0.509,0.828,0.881,0.494,0.065,0.577,-0.635,-0.787,0.864,-0.576,0.355,0.9,0.222,-0.264,-0.56,-0.72,-0.34,0.655,0.889,-0.046,0.645,-0.356,0.085,-0.809,0.897,0.608,-0.67,0.887,0.663,0.819,0.041,0.882,0.385,0.767,-0.105,0.883,0.865,-0.127,0.856,-0.47,-0.291,-0.542,0.778,0.43,0.585,0.855
AXON,0.634,0.591,-0.131,0.693,0.171,0.635,-0.138,0.586,0.393,-0.54,-0.173,0.685,-0.266,-0.513,-0.259,-0.27,0.498,-0.101,0.821,0.0,-0.222,-0.309,0.585,0.629,0.782,-0.019,0.462,0.52,0.447,0.815,0.736,-0.426,0.237,0.85,-0.605,0.467,0.835,-0.279,0.51,-0.571,0.632,0.51,0.35,0.601,0.594,0.64,0.647,0.683,0.371,0.585,0.313,0.832,-0.222,-0.423,0.31,-0.189,0.476,0.495,0.602,0.731,0.714,0.574,0.512,0.796,0.707,-0.048,0.514,0.829,0.751,-0.283,0.715,0.393,0.812,0.619,0.599,0.619,0.531,0.759,0.633,-0.27,0.703,0.65,0.447,-0.449,0.788,0.562,0.128,0.413,0.564,0.792,0.28,-0.415,0.807,0.121,-0.514,0.107,0.806,0.589,0.678,0.725,0.003,0.611,0.822,-0.448,0.842,0.449,0.684,-0.411,0.704,0.51,0.096,0.831,-0.404,0.663,-0.104,0.343,-0.2,0.35,0.582,0.677,0.713,0.545,0.017,0.751,0.742,0.526,-0.007,0.554,0.75,0.76,0.678,0.483,0.696,0.871,-0.186,-0.275,0.804,0.849,0.185,0.527,0.521,0.748,0.351,-0.225,0.662,-0.176,-0.518,0.581,0.427,-0.052,-0.166,0.677,-0.13,0.585,0.425,0.876,0.864,0.546,0.154,0.626,-0.382,-0.672,0.719,-0.292,0.179,0.866,0.4,-0.195,-0.298,-0.597,-0.298,0.687,0.822,0.195,0.627,-0.051,-0.003,-0.551,0.805,0.432,-0.52,0.757,0.547,0.727,0.259,0.681,0.549,0.787,0.079,0.775,0.768,-0.124,0.747,-0.192,-0.022,-0.515,0.686,0.275,0.319,0.661
BANF,-0.753,0.169,0.54,-0.731,-0.668,-0.129,-0.255,-0.835,0.193,0.703,0.842,-0.57,0.858,0.847,0.757,-0.688,-0.715,0.19,-0.432,-0.222,0.0,0.755,-0.714,-0.575,-0.483,0.502,-0.432,-0.835,-0.253,-0.595,-0.576,0.401,-0.65,-0.465,0.573,-0.151,-0.493,0.814,-0.235,0.475,-0.412,-0.583,-0.796,0.19,-0.168,-0.736,-0.558,-0.574,0.611,-0.451,0.596,-0.436,-0.072,0.896,0.45,0.48,0.62,0.491,-0.169,0.151,-0.626,0.035,-0.713,-0.498,-0.606,0.914,-0.627,-0.479,-0.525,0.052,-0.378,-0.923,-0.11,0.418,0.491,0.036,-0.64,-0.5,-0.633,0.873,-0.722,-0.215,-0.628,0.672,-0.172,-0.72,0.705,0.573,-0.497,-0.49,0.769,0.846,-0.234,-0.787,0.707,-0.557,-0.53,-0.812,0.098,-0.506,0.027,-0.317,-0.472,0.92,-0.149,0.204,-0.773,0.874,-0.673,-0.691,-0.709,-0.168,0.343,-0.706,0.932,-0.267,-0.279,0.047,-0.7,-0.737,-0.678,-0.171,0.672,0.073,-0.32,-0.601,0.746,0.112,-0.648,0.187,-0.723,-0.773,-0.564,-0.43,0.836,-0.076,0.091,-0.223,-0.627,-0.766,-0.084,-0.28,0.24,0.914,-0.486,-0.338,0.562,0.205,0.063,0.896,0.946,-0.038,0.949,-0.784,-0.355,-0.232,-0.356,-0.687,-0.38,-0.155,0.852,0.514,-0.251,0.709,-0.75,-0.393,0.23,0.775,0.919,0.221,-0.296,0.139,-0.41,0.857,-0.621,0.797,-0.62,0.487,-0.335,-0.702,0.156,-0.659,-0.844,-0.551,0.851,-0.399,0.466,-0.425,0.83,-0.505,-0.492,-0.631,-0.692,0.937,-0.171,-0.346,-0.131,-0.876,-0.626,-0.764
BATRK,-0.549,-0.076,0.461,-0.478,-0.217,-0.048,0.133,-0.688,0.336,0.679,0.857,-0.355,0.652,0.618,0.692,-0.414,-0.592,0.222,-0.46,-0.309,0.755,0.0,-0.553,-0.451,-0.479,0.623,-0.368,-0.59,0.033,-0.427,-0.536,0.4,-0.291,-0.449,0.504,0.21,-0.416,0.672,-0.161,0.296,-0.265,-0.5,-0.651,0.32,-0.446,-0.531,-0.464,-0.573,0.207,-0.374,0.477,-0.313,0.397,0.728,0.471,0.4,0.473,0.33,-0.082,-0.015,-0.584,-0.106,-0.502,-0.506,-0.443,0.777,-0.384,-0.353,-0.313,0.167,-0.456,-0.759,-0.292,0.296,0.354,-0.077,-0.568,-0.497,-0.506,0.489,-0.617,-0.069,-0.366,0.607,-0.172,-0.507,0.407,0.307,-0.415,-0.476,0.498,0.728,-0.245,-0.653,0.59,-0.071,-0.541,-0.559,-0.109,-0.331,0.159,-0.475,-0.411,0.709,-0.203,-0.129,-0.619,0.683,-0.569,-0.534,-0.535,-0.259,0.561,-0.555,0.719,0.078,0.207,0.081,-0.679,-0.607,-0.485,-0.327,0.764,0.013,-0.222,-0.345,0.611,0.326,-0.586,0.057,-0.671,-0.428,-0.503,-0.413,0.874,0.099,-0.107,-0.177,-0.18,-0.638,-0.169,-0.258,0.169,0.598,-0.412,-0.33,0.336,0.013,0.089,0.606,0.727,-0.123,0.784,-0.547,-0.44,-0.333,-0.249,-0.411,-0.161,-0.065,0.687,0.635,-0.303,0.777,-0.344,-0.418,0.197,0.343,0.723,0.136,-0.185,0.13,-0.372,0.583,-0.309,0.576,-0.473,0.677,-0.293,-0.633,0.208,-0.497,-0.56,-0.491,0.601,-0.357,0.425,-0.446,0.634,-0.418,-0.518,-0.366,-0.63,0.759,0.126,-0.031,-0.12,-0.484,-0.54,-0.594
BIDU,0.872,0.279,-0.316,0.844,0.635,0.562,0.257,0.865,0.233,-0.678,-0.54,0.77,-0.572,-0.772,-0.604,0.378,0.816,-0.09,0.678,0.585,-0.714,-0.553,0.0,0.741,0.822,-0.081,0.636,0.874,0.514,0.853,0.822,-0.424,0.67,0.745,-0.656,0.303,0.781,-0.498,0.472,-0.522,0.662,0.774,0.781,0.263,0.459,0.873,0.777,0.793,-0.144,0.705,-0.254,0.773,-0.008,-0.775,-0.085,-0.428,-0.083,-0.009,0.62,0.359,0.907,0.433,0.78,0.825,0.866,-0.533,0.794,0.79,0.776,-0.048,0.663,0.828,0.528,0.113,0.049,0.456,0.736,0.732,0.74,-0.71,0.918,0.567,0.589,-0.562,0.616,0.851,-0.335,-0.096,0.715,0.754,-0.366,-0.734,0.551,0.701,-0.641,0.387,0.783,0.853,0.288,0.745,0.079,0.615,0.702,-0.786,0.569,0.185,0.938,-0.741,0.823,0.78,0.647,0.616,-0.301,0.808,-0.598,0.556,0.234,0.303,0.802,0.842,0.891,0.461,-0.403,0.459,0.684,0.652,-0.415,0.287,0.861,0.327,0.844,0.834,0.77,0.768,-0.608,-0.021,0.384,0.614,0.573,0.791,0.504,0.608,0.127,-0.668,0.716,0.222,-0.595,0.251,0.316,-0.576,-0.699,0.436,-0.608,0.814,0.568,0.675,0.728,0.855,0.477,0.529,-0.704,-0.671,0.571,-0.489,0.586,0.689,0.119,-0.593,-0.707,-0.435,0.111,0.338,0.782,-0.44,0.81,-0.52,0.579,-0.519,0.673,0.682,-0.234,0.82,0.874,0.81,-0.38,0.674,0.087,0.792,-0.492,0.852,0.713,0.458,0.876,-0.672,0.12,0.083,0.47,0.725,0.679,0.867
BLNE,0.805,0.363,-0.281,0.848,0.589,0.49,0.261,0.806,0.393,-0.499,-0.394,0.678,-0.439,-0.755,-0.664,0.294,0.744,-0.106,0.634,0.629,-0.575,-0.451,0.741,0.0,0.726,-0.019,0.656,0.697,0.404,0.863,0.85,-0.308,0.665,0.802,-0.425,0.26,0.721,-0.466,0.4,-0.436,0.571,0.775,0.725,0.501,0.441,0.796,0.636,0.723,-0.004,0.66,-0.193,0.746,0.075,-0.605,0.177,-0.249,0.015,0.073,0.495,0.376,0.702,0.476,0.65,0.777,0.775,-0.345,0.609,0.746,0.787,0.057,0.714,0.669,0.59,0.178,0.126,0.457,0.813,0.676,0.648,-0.627,0.76,0.724,0.464,-0.385,0.64,0.793,-0.276,0.081,0.561,0.701,-0.268,-0.696,0.574,0.572,-0.582,0.242,0.75,0.842,0.286,0.675,0.058,0.587,0.731,-0.696,0.641,0.106,0.793,-0.624,0.771,0.779,0.525,0.739,-0.236,0.728,-0.449,0.576,0.239,0.248,0.786,0.731,0.808,0.232,-0.311,0.41,0.644,0.625,-0.158,0.31,0.847,0.381,0.786,0.755,0.833,0.754,-0.519,0.115,0.434,0.557,0.509,0.728,0.471,0.565,0.297,-0.611,0.697,0.234,-0.441,0.352,0.466,-0.373,-0.519,0.35,-0.505,0.696,0.564,0.662,0.773,0.803,0.537,0.61,-0.645,-0.617,0.489,-0.377,0.528,0.743,0.275,-0.509,-0.607,-0.371,0.189,0.438,0.748,-0.285,0.848,-0.458,0.457,-0.456,0.617,0.559,-0.206,0.7,0.809,0.736,-0.197,0.665,0.204,0.788,-0.357,0.78,0.693,0.426,0.807,-0.547,0.149,-0.024,0.528,0.599,0.567,0.816
BLNK,0.848,0.566,-0.337,0.782,0.307,0.746,-0.038,0.825,0.356,-0.662,-0.439,0.795,-0.434,-0.647,-0.596,-0.046,0.829,0.118,0.863,0.782,-0.483,-0.479,0.822,0.726,0.0,-0.032,0.801,0.801,0.231,0.883,0.925,-0.565,0.47,0.889,-0.556,0.332,0.915,-0.346,0.696,-0.436,0.84,0.848,0.692,0.39,0.759,0.768,0.896,0.911,0.145,0.835,0.014,0.863,-0.296,-0.672,0.14,-0.443,0.219,0.403,0.622,0.693,0.866,0.677,0.712,0.956,0.86,-0.327,0.762,0.893,0.88,-0.062,0.82,0.703,0.844,0.385,0.353,0.784,0.746,0.911,0.829,-0.498,0.899,0.653,0.559,-0.454,0.864,0.697,-0.01,0.26,0.839,0.894,-0.058,-0.712,0.727,0.509,-0.653,0.188,0.869,0.787,0.694,0.889,-0.287,0.837,0.744,-0.652,0.728,0.217,0.864,-0.617,0.924,0.567,0.523,0.863,-0.468,0.763,-0.364,0.434,0.081,0.34,0.87,0.805,0.901,0.683,-0.394,0.684,0.801,0.485,-0.316,0.332,0.89,0.52,0.861,0.705,0.815,0.941,-0.534,-0.278,0.718,0.763,0.323,0.828,0.668,0.838,0.397,-0.382,0.891,0.089,-0.513,0.55,0.604,-0.29,-0.425,0.737,-0.41,0.774,0.74,0.803,0.872,0.696,0.338,0.685,-0.591,-0.786,0.881,-0.456,0.374,0.825,0.398,-0.287,-0.645,-0.525,-0.035,0.664,0.95,-0.131,0.764,-0.439,0.398,-0.673,0.865,0.71,-0.356,0.848,0.773,0.869,-0.066,0.803,0.43,0.861,-0.295,0.937,0.833,0.152,0.926,-0.558,-0.195,-0.293,0.795,0.515,0.754,0.848
BTAI,-0.17,0.083,0.406,-0.161,0.01,0.285,0.29,-0.33,0.468,0.523,0.677,-0.113,0.567,0.377,0.361,-0.226,-0.177,0.381,-0.201,-0.019,0.502,0.623,-0.081,-0.019,-0.032,0.0,-0.095,-0.278,0.199,-0.063,-0.133,0.363,0.036,-0.093,0.352,0.174,-0.075,0.63,0.059,0.202,0.031,-0.013,-0.191,0.484,-0.101,-0.189,-0.085,-0.162,0.26,0.031,0.26,-0.045,0.205,0.471,0.496,0.306,0.452,0.39,0.176,0.229,-0.2,0.34,-0.18,-0.095,-0.083,0.666,-0.127,-0.05,-0.036,0.223,-0.143,-0.431,0.013,0.374,0.376,0.281,-0.16,-0.159,-0.162,0.258,-0.215,0.197,-0.229,0.444,0.103,-0.056,0.333,0.426,-0.06,-0.165,0.341,0.464,0.013,-0.233,0.423,-0.236,-0.219,-0.23,0.053,-0.049,0.148,-0.109,-0.124,0.441,0.071,0.007,-0.234,0.428,-0.214,-0.108,-0.179,0.144,0.515,-0.223,0.558,0.33,0.277,0.2,-0.211,-0.26,-0.111,-0.038,0.522,0.285,0.143,-0.124,0.516,0.397,-0.175,0.162,-0.291,-0.099,-0.119,-0.037,0.551,0.205,0.092,0.016,-0.013,-0.281,0.192,-0.031,0.387,0.44,-0.02,-0.058,0.323,0.141,0.349,0.494,0.493,0.072,0.564,-0.255,-0.026,0.034,0.005,-0.008,0.139,0.28,0.394,0.311,-0.036,0.534,-0.134,-0.13,0.318,0.256,0.453,0.094,0.002,0.297,0.031,0.437,0.038,0.426,-0.137,0.443,-0.055,-0.341,0.227,-0.202,-0.234,-0.104,0.503,-0.07,0.448,-0.02,0.399,-0.035,-0.125,-0.099,-0.205,0.516,0.05,-0.009,0.143,-0.224,-0.148,-0.254
BYND,0.718,0.584,-0.417,0.597,0.325,0.515,0.037,0.729,0.475,-0.511,-0.427,0.549,-0.305,-0.532,-0.668,0.104,0.799,0.193,0.616,0.462,-0.432,-0.368,0.636,0.656,0.801,-0.095,0.0,0.65,-0.062,0.693,0.863,-0.459,0.449,0.659,-0.163,0.086,0.648,-0.211,0.484,-0.044,0.622,0.876,0.684,0.294,0.658,0.642,0.748,0.726,0.088,0.723,-0.157,0.671,-0.108,-0.542,0.158,-0.484,0.001,0.242,0.519,0.509,0.64,0.596,0.554,0.787,0.723,-0.336,0.629,0.639,0.741,0.313,0.782,0.646,0.688,0.122,0.123,0.699,0.745,0.693,0.621,-0.358,0.676,0.618,0.337,-0.081,0.715,0.515,0.036,0.172,0.67,0.674,-0.213,-0.729,0.386,0.567,-0.442,0.167,0.685,0.684,0.481,0.678,-0.392,0.76,0.445,-0.495,0.495,-0.031,0.658,-0.441,0.766,0.378,0.622,0.671,-0.368,0.525,-0.325,0.468,0.306,0.332,0.771,0.567,0.729,0.422,-0.542,0.373,0.515,0.325,-0.277,0.03,0.772,0.304,0.717,0.615,0.696,0.684,-0.562,-0.097,0.495,0.444,0.227,0.737,0.68,0.605,0.503,-0.341,0.728,0.322,-0.364,0.526,0.672,-0.184,-0.394,0.483,-0.443,0.58,0.753,0.519,0.691,0.573,0.437,0.581,-0.447,-0.643,0.688,-0.292,0.266,0.608,0.433,-0.195,-0.644,-0.338,0.163,0.555,0.738,-0.208,0.663,-0.571,0.604,-0.513,0.632,0.608,-0.046,0.574,0.704,0.671,-0.176,0.615,0.369,0.711,-0.416,0.76,0.553,0.32,0.735,-0.584,-0.203,-0.056,0.602,0.418,0.787,0.693
CAN,0.905,0.149,-0.441,0.878,0.633,0.5,0.15,0.925,0.075,-0.775,-0.688,0.82,-0.769,-0.864,-0.691,0.361,0.843,-0.089,0.721,0.52,-0.835,-0.59,0.874,0.697,0.801,-0.278,0.65,0.0,0.342,0.831,0.798,-0.583,0.655,0.736,-0.687,0.374,0.808,-0.685,0.559,-0.605,0.734,0.765,0.799,0.101,0.44,0.84,0.82,0.817,-0.347,0.687,-0.287,0.765,-0.032,-0.906,-0.214,-0.487,-0.184,-0.044,0.47,0.26,0.865,0.267,0.805,0.777,0.841,-0.709,0.838,0.814,0.816,-0.107,0.633,0.91,0.482,-0.012,-0.059,0.37,0.722,0.78,0.828,-0.843,0.915,0.492,0.744,-0.698,0.567,0.797,-0.463,-0.258,0.74,0.783,-0.465,-0.859,0.563,0.694,-0.821,0.56,0.775,0.916,0.321,0.828,-0.157,0.597,0.694,-0.912,0.487,-0.012,0.933,-0.875,0.889,0.702,0.689,0.53,-0.412,0.838,-0.757,0.423,0.265,0.129,0.838,0.87,0.913,0.489,-0.499,0.33,0.624,0.637,-0.591,0.213,0.835,0.184,0.882,0.864,0.727,0.754,-0.701,-0.19,0.323,0.587,0.605,0.887,0.369,0.661,-0.028,-0.774,0.76,0.152,-0.713,0.184,0.26,-0.735,-0.797,0.448,-0.744,0.908,0.533,0.548,0.703,0.784,0.398,0.426,-0.828,-0.694,0.636,-0.573,0.714,0.674,0.032,-0.665,-0.871,-0.463,0.098,0.292,0.753,-0.569,0.8,-0.706,0.531,-0.607,0.683,0.783,-0.328,0.888,0.929,0.788,-0.523,0.704,-0.013,0.676,-0.614,0.83,0.705,0.402,0.894,-0.836,0.067,0.032,0.514,0.824,0.745,0.933
CCEC,0.393,-0.027,0.062,0.549,0.582,0.261,0.347,0.325,0.257,-0.293,0.064,0.535,-0.261,-0.465,0.055,0.214,0.109,-0.396,0.287,0.447,-0.253,0.033,0.514,0.404,0.231,0.199,-0.062,0.342,0.0,0.534,0.228,-0.076,0.39,0.417,-0.605,0.557,0.409,-0.255,0.132,-0.655,0.227,0.104,0.128,0.497,-0.181,0.54,0.193,0.168,-0.085,0.16,0.129,0.481,0.426,-0.277,0.08,0.026,0.232,-0.005,0.449,0.125,0.427,0.188,0.423,0.334,0.456,-0.003,0.366,0.468,0.416,-0.321,0.156,0.228,0.073,0.358,0.277,-0.029,0.147,0.211,0.297,-0.396,0.432,0.466,0.436,-0.437,0.257,0.588,-0.334,-0.005,0.178,0.34,0.054,-0.068,0.47,0.059,-0.307,0.422,0.375,0.429,-0.03,0.324,0.631,-0.07,0.584,-0.363,0.491,0.328,0.483,-0.359,0.259,0.538,-0.059,0.273,0.044,0.528,-0.196,0.467,0.074,0.167,0.109,0.497,0.434,-0.065,0.398,0.411,0.49,0.711,0.028,0.73,0.4,0.455,0.242,0.432,0.42,0.37,0.135,0.191,0.186,0.546,0.437,0.122,0.129,0.279,-0.091,-0.426,0.175,-0.249,-0.471,0.058,-0.042,-0.271,-0.27,0.157,-0.058,0.424,-0.149,0.496,0.467,0.517,0.151,0.337,-0.276,-0.099,0.038,-0.061,0.461,0.441,-0.077,-0.619,-0.053,-0.482,-0.226,0.205,0.378,-0.082,0.545,0.1,-0.048,-0.023,0.382,0.017,-0.362,0.497,0.419,0.389,0.014,0.325,0.103,0.438,0.134,0.41,0.389,0.127,0.326,-0.002,0.534,0.047,0.144,0.436,-0.142,0.372
CDW,0.909,0.447,-0.341,0.938,0.555,0.657,0.145,0.886,0.398,-0.694,-0.408,0.889,-0.542,-0.815,-0.577,0.135,0.792,-0.095,0.839,0.815,-0.595,-0.427,0.853,0.863,0.883,-0.063,0.693,0.831,0.534,0.0,0.909,-0.513,0.612,0.926,-0.663,0.512,0.907,-0.508,0.579,-0.618,0.774,0.781,0.695,0.545,0.539,0.896,0.814,0.832,0.002,0.761,-0.027,0.93,-0.003,-0.728,0.162,-0.357,0.163,0.237,0.651,0.566,0.864,0.556,0.778,0.919,0.916,-0.364,0.802,0.926,0.945,-0.111,0.768,0.747,0.721,0.359,0.307,0.571,0.77,0.852,0.824,-0.659,0.912,0.766,0.66,-0.543,0.812,0.833,-0.211,0.128,0.745,0.877,-0.142,-0.723,0.746,0.504,-0.715,0.383,0.888,0.904,0.496,0.872,0.001,0.668,0.878,-0.768,0.775,0.199,0.927,-0.711,0.907,0.744,0.473,0.816,-0.381,0.89,-0.474,0.586,0.173,0.325,0.811,0.888,0.944,0.452,-0.239,0.638,0.834,0.738,-0.286,0.504,0.94,0.553,0.862,0.832,0.886,0.922,-0.469,-0.112,0.615,0.801,0.527,0.796,0.579,0.78,0.307,-0.606,0.821,0.047,-0.644,0.443,0.496,-0.414,-0.545,0.595,-0.481,0.853,0.57,0.81,0.93,0.828,0.409,0.705,-0.669,-0.724,0.709,-0.442,0.546,0.876,0.287,-0.558,-0.659,-0.608,-0.042,0.599,0.918,-0.232,0.922,-0.451,0.359,-0.571,0.854,0.654,-0.416,0.913,0.888,0.861,-0.141,0.805,0.343,0.876,-0.294,0.934,0.862,0.275,0.924,-0.562,0.097,-0.171,0.699,0.663,0.607,0.916
