,ABEO,ACHC,AGNCN,AKAM,AKRO,ALRM,AMAT,AMED,AMRN,ANGI,APA,APOG,APPS,ARCB,ARCC,ARVN,ATEC,ATXS,AVAV,AXON,BANF,BATRK,BIDU,BLNE,BLNK,BTAI,BYND,CAN,CCEC,CDW,CDXS,CELH,CGNX,CHKP,CHRS,CHRW,CIGI,CKPT,CMPR,COGT,CRNC,CRSP,CSTL,CTSH,CVGW,DGLY,DNLI,DOCU,DVAX,EBAY,EHTH,ERII,ESLT,EXPE,EXPO,FBIOP,FFBC,FFIN,FOXF,FWRD,GDS,GERN,GPRE,GRWG,GRYP,HEES,HELE,HIVE,HON,HRTX,HSTM,HURA,IART,IBKR,IBOC,IBRX,IDXX,INGN,INM,INVA,IQ,IRBT,KDP,KPTI,KTOS,KXIN,LAMR,LFUS,LGIH,LGMK,LKFN,LNW,LOPE,LPSN,LYFT,MGNX,MLCO,MNST,MODV,MSTR,MTCH,MYGN,MYRG,NCMI,NEXT,NFLX,NIU,NKTR,NRC,NTNX,NTRA,NVEE,NVMI,NWL,NWS,NXPI,OCGN,OCSL,OKTA,OLLI,OTLK,OXLC,PAA,PARA,PARAA,PDCO,PDFS,PFG,PGEN,PNFP,PODD,POWI,PSMT,PTC,PTEN,PVLA,RDNT,RDUS,RDWR,REGN,RNAC,ROCK,ROST,RRR,RSLS,RVMD,RYAAY,SAFT,SAGE,SAVA,SBGI,SFM,SFNC,SHYF,SIBN,SIFY,SIGI,SIMO,SITM,SLM,SNBR,SNDX,SNY,SPNS,SRRK,STRA,SUPN,SYRE,TCBK,TEAM,TECH,THRM,TLRY,TRMK,TROW,TSLA,TWST,TXN,UFPI,UNIT,UPWK,USLM,UTHR,VERB,VLY,VRNA,VRRM,VXRT,WAFD,WATT,WBA,WING,WIX,WTFC,WTW,XPEL,XRX,YMAB,ZG,ZLAB
ABEO,0.0,0.431,-0.535,-0.555,0.27,0.496,0.194,0.001,0.639,0.271,0.825,0.611,0.121,0.472,0.605,0.435,-0.066,0.578,0.618,0.654,-0.307,0.602,0.765,0.764,0.909,0.406,0.628,0.771,0.7,0.604,0.91,0.515,0.579,-0.617,0.755,-0.568,0.072,0.541,0.843,0.309,0.643,-0.025,0.513,-0.718,0.305,0.563,0.029,0.613,0.472,0.875,-0.557,0.75,-0.711,0.423,0.422,-0.358,0.374,0.607,0.879,-0.577,0.832,0.748,0.839,0.904,0.896,0.53,0.395,0.836,0.441,0.019,-0.402,0.716,0.238,-0.327,0.803,0.209,0.243,0.122,0.686,-0.372,0.785,0.841,-0.227,0.696,0.619,0.553,-0.368,0.793,-0.151,0.467,-0.572,0.747,-0.68,0.669,0.74,0.617,0.745,-0.498,0.366,0.782,0.68,0.582,0.912,0.567,0.825,0.814,0.918,-0.829,0.185,0.837,0.251,-0.188,0.231,0.498,0.592,0.057,0.746,-0.552,0.225,0.763,-0.057,0.683,0.819,0.828,0.663,0.808,0.624,0.167,0.036,0.809,0.757,0.786,0.674,-0.586,-0.377,0.247,-0.01,0.505,-0.842,0.628,-0.47,0.826,0.64,-0.234,-0.081,0.64,0.013,-0.668,-0.402,0.714,-0.728,-0.741,0.474,0.923,0.37,0.788,-0.207,-0.622,0.626,0.104,0.719,-0.758,-0.273,0.869,0.448,-0.219,0.648,0.6,0.72,0.767,0.421,0.845,0.898,0.163,0.815,0.853,0.721,0.646,0.569,0.731,0.778,0.453,-0.238,0.394,0.735,-0.483,0.598,0.085,0.652,0.824,-0.511,0.214,0.642,0.699,-0.196,0.654,-0.359,0.719,-0.386,0.386
ACHC,0.431,0.0,0.301,-0.045,0.595,0.634,0.225,0.722,0.392,0.295,0.669,0.769,0.628,0.825,0.584,0.297,0.406,0.482,0.112,0.256,0.466,0.802,0.394,0.644,0.314,0.748,0.553,0.161,0.375,0.714,0.418,0.677,0.59,-0.029,0.351,0.08,0.692,0.493,0.309,0.911,0.606,0.318,0.743,0.173,0.445,0.729,0.396,0.126,0.251,0.512,0.176,0.635,-0.021,0.748,0.759,0.065,0.808,0.856,0.436,0.16,0.341,0.498,0.434,0.478,0.485,0.902,0.66,0.312,0.702,0.275,0.464,0.543,0.842,0.268,0.694,-0.171,0.535,0.727,0.163,0.177,0.398,0.471,0.553,0.451,0.271,0.231,0.535,0.575,0.152,0.042,0.28,0.613,0.211,0.561,0.685,0.535,0.849,0.391,0.829,0.122,0.632,0.577,0.533,0.685,0.541,0.408,0.247,-0.055,0.325,0.41,0.636,-0.613,0.282,0.7,0.659,-0.057,0.48,-0.1,0.423,0.252,0.119,0.081,0.611,0.685,0.774,0.32,0.653,0.616,0.04,0.658,0.27,0.253,0.805,0.046,0.281,0.59,0.618,0.79,-0.13,0.354,0.295,0.76,0.73,0.344,0.454,0.408,0.518,-0.003,0.407,0.321,0.053,-0.158,0.465,0.568,0.831,0.203,0.508,0.042,0.179,0.441,0.424,0.121,0.409,0.565,0.581,0.53,0.372,0.069,0.626,0.563,0.51,0.325,0.422,0.741,0.538,0.208,0.395,0.247,0.663,0.623,0.437,0.681,0.376,0.31,0.767,-0.013,0.719,-0.138,0.768,0.418,0.263,0.68,0.522,0.741,0.623,0.421,0.355,0.508,0.171,0.275
AGNCN,-0.535,0.301,0.0,0.467,0.154,0.078,0.081,0.517,-0.261,0.118,-0.214,0.078,0.419,0.228,-0.083,-0.156,0.419,-0.083,-0.517,-0.379,0.542,0.01,-0.277,-0.142,-0.556,0.184,-0.117,-0.572,-0.337,-0.013,-0.507,0.098,-0.072,0.493,-0.421,0.558,0.485,-0.012,-0.531,0.383,-0.012,0.229,0.056,0.78,-0.047,0.102,0.226,-0.445,-0.204,-0.377,0.619,-0.164,0.582,0.21,0.157,0.373,0.199,0.015,-0.478,0.666,-0.435,-0.296,-0.375,-0.422,-0.423,0.254,0.204,-0.496,0.115,0.199,0.719,-0.174,0.412,0.512,-0.249,-0.299,0.254,0.445,-0.415,0.415,-0.381,-0.392,0.61,-0.313,-0.38,-0.23,0.694,-0.306,0.239,-0.382,0.673,-0.158,0.779,-0.134,-0.145,-0.159,-0.017,0.756,0.304,-0.618,-0.051,-0.116,-0.39,0.031,-0.258,-0.375,-0.6,0.707,0.053,-0.385,0.235,-0.218,0.078,0.108,-0.014,-0.08,-0.329,0.391,0.155,-0.495,0.192,-0.565,-0.241,-0.165,0.066,-0.484,-0.051,0.298,0.035,-0.265,-0.477,-0.521,-0.038,0.595,0.582,0.278,0.375,0.135,0.65,-0.31,0.619,-0.155,0.027,0.475,0.463,-0.316,0.367,0.594,0.651,-0.38,0.627,0.497,-0.15,-0.415,0.291,-0.52,0.542,0.618,-0.321,0.205,-0.304,0.741,0.548,-0.356,-0.039,0.574,-0.302,-0.536,-0.261,-0.201,0.044,-0.506,-0.461,0.339,-0.282,-0.596,-0.391,-0.386,0.007,-0.203,-0.369,0.098,0.461,-0.068,-0.112,0.416,-0.045,-0.138,-0.103,-0.367,0.692,0.36,-0.141,-0.076,0.605,-0.235,0.594,-0.265,0.493,-0.004
AKAM,-0.555,-0.045,0.467,0.0,-0.082,-0.453,-0.0,0.409,-0.638,-0.024,-0.478,-0.278,0.183,0.123,-0.379,-0.531,0.169,-0.067,-0.525,-0.369,0.285,-0.25,-0.385,-0.316,-0.578,-0.189,-0.19,-0.504,-0.475,-0.266,-0.535,-0.118,0.09,0.706,-0.526,0.722,0.433,-0.052,-0.646,-0.049,-0.164,0.297,-0.306,0.746,0.062,-0.078,0.363,-0.301,-0.097,-0.44,0.288,-0.424,0.738,-0.289,-0.2,0.04,-0.209,-0.361,-0.674,0.601,-0.594,-0.361,-0.586,-0.552,-0.531,-0.107,-0.105,-0.515,0.094,-0.024,0.524,-0.128,0.078,0.414,-0.442,-0.122,0.311,0.252,-0.271,0.531,-0.417,-0.583,0.565,-0.602,-0.725,-0.28,0.473,-0.515,0.006,0.029,0.273,-0.421,0.693,-0.159,-0.506,-0.202,-0.311,0.758,-0.098,-0.548,-0.414,-0.045,-0.567,-0.173,-0.457,-0.368,-0.666,0.632,-0.254,-0.352,0.082,0.053,0.158,0.024,-0.433,-0.112,-0.501,0.446,-0.038,-0.469,0.111,-0.831,-0.433,-0.378,-0.321,-0.403,-0.413,0.345,-0.159,-0.34,-0.41,-0.53,-0.356,0.421,0.445,-0.117,-0.074,-0.144,0.769,-0.073,0.412,-0.424,-0.245,0.287,0.668,-0.53,-0.191,0.531,0.56,-0.26,0.499,0.707,-0.325,-0.548,-0.106,-0.519,0.565,0.515,-0.483,-0.027,-0.505,0.63,0.508,-0.473,-0.191,0.496,-0.666,-0.456,-0.468,-0.207,0.08,-0.753,-0.554,0.037,-0.466,-0.565,-0.272,-0.42,-0.349,-0.516,-0.612,-0.197,0.398,0.031,-0.447,0.487,-0.273,0.131,-0.383,-0.501,0.575,0.151,-0.329,-0.233,0.207,-0.23,0.259,-0.464,0.232,-0.369
AKRO,0.27,0.595,0.154,-0.082,0.0,0.565,-0.068,0.311,0.569,0.138,0.425,0.619,0.634,0.417,0.005,0.626,-0.043,0.563,0.406,0.603,0.092,0.668,0.295,0.481,0.386,0.626,0.614,0.445,-0.023,0.24,0.446,0.699,0.546,0.209,0.527,-0.282,0.268,0.574,0.309,0.644,0.415,0.65,0.619,0.026,0.51,0.611,0.527,0.519,0.652,0.517,-0.25,0.696,-0.16,0.531,0.169,-0.245,0.634,0.57,0.118,-0.256,0.309,0.672,0.333,0.464,0.456,0.516,0.339,0.519,0.442,0.624,0.457,0.497,0.63,0.054,0.425,0.255,0.602,0.126,0.441,0.564,0.589,0.574,0.423,0.578,0.161,0.575,0.093,0.279,-0.45,0.211,0.112,0.524,0.222,0.628,0.624,0.681,0.529,0.196,0.623,0.399,0.519,0.698,0.476,0.807,0.584,0.519,0.18,-0.072,-0.116,0.14,0.722,-0.529,0.261,0.17,0.451,-0.281,0.65,-0.374,0.063,0.528,0.13,0.125,0.533,0.496,0.439,0.527,0.324,0.149,-0.025,0.539,0.494,0.51,0.69,-0.329,-0.257,0.509,0.579,0.793,-0.169,-0.154,0.254,0.411,0.168,-0.12,0.222,0.64,0.482,-0.129,0.479,0.46,-0.231,0.135,0.045,0.388,0.411,0.434,0.049,-0.329,0.018,-0.108,0.475,0.167,0.545,0.342,0.713,0.566,0.55,0.449,0.527,0.446,0.501,0.319,0.459,0.464,0.544,0.375,0.619,-0.138,0.077,0.571,0.487,0.781,0.66,-0.217,0.462,0.335,0.499,0.424,0.57,0.433,-0.162,0.516,0.554,0.614,0.228,0.697,-0.221,0.415,-0.3,0.503
ALRM,0.496,0.634,0.078,-0.453,0.565,0.0,0.432,0.15,0.724,0.607,0.689,0.686,0.681,0.465,0.543,0.702,0.364,0.515,0.315,0.487,-0.041,0.564,0.637,0.74,0.56,0.74,0.626,0.429,0.528,0.672,0.594,0.817,0.532,-0.269,0.655,-0.483,0.145,0.594,0.556,0.645,0.479,0.396,0.841,-0.243,0.123,0.564,0.225,0.348,0.42,0.516,-0.015,0.691,-0.498,0.824,0.511,0.047,0.536,0.614,0.532,-0.272,0.686,0.679,0.725,0.666,0.666,0.69,0.576,0.59,0.16,0.355,0.022,0.511,0.607,-0.012,0.51,0.303,0.53,0.282,0.523,-0.068,0.6,0.695,-0.061,0.747,0.565,0.487,0.115,0.494,0.007,0.118,-0.036,0.838,-0.171,0.658,0.769,0.566,0.728,-0.139,0.787,0.486,0.899,0.492,0.667,0.703,0.668,0.589,0.566,-0.235,0.023,0.565,0.646,-0.221,0.443,0.303,0.775,0.185,0.691,-0.349,0.53,0.429,0.33,0.457,0.629,0.667,0.721,0.5,0.765,0.012,0.511,0.506,0.519,0.528,0.634,-0.107,-0.083,0.722,0.593,0.553,-0.475,0.034,0.066,0.57,0.542,0.2,0.017,0.706,0.536,-0.434,0.216,0.452,-0.327,-0.536,0.172,0.539,0.668,0.569,-0.189,-0.183,0.634,0.173,0.661,-0.141,-0.001,0.674,0.581,0.058,0.777,0.282,0.478,0.683,0.647,0.65,0.638,0.277,0.748,0.563,0.537,0.399,0.5,0.772,0.782,0.542,0.159,0.204,0.599,-0.163,0.545,0.17,0.531,0.729,-0.192,0.596,0.793,0.477,0.259,0.579,-0.0,0.785,0.094,0.644
AMAT,0.194,0.225,0.081,-0.0,-0.068,0.432,0.0,0.239,-0.001,0.705,0.312,0.139,0.382,0.367,0.581,-0.056,0.656,0.018,-0.371,-0.172,0.123,-0.103,0.385,0.285,0.08,0.148,0.108,-0.081,0.451,0.465,0.108,0.259,0.398,-0.153,0.072,0.101,0.274,0.147,0.07,0.163,0.172,0.126,0.279,0.09,-0.35,0.131,-0.028,-0.219,-0.149,-0.082,0.316,0.077,0.059,0.387,0.485,0.397,-0.03,0.127,0.346,0.312,0.197,0.086,0.399,0.089,0.128,0.345,0.531,0.063,-0.015,-0.298,-0.043,0.22,0.148,0.334,0.19,-0.059,0.308,0.38,0.142,-0.25,-0.033,0.027,-0.205,0.08,0.2,-0.127,0.295,0.245,0.57,-0.067,-0.047,0.396,-0.101,0.113,0.163,-0.072,0.27,0.046,0.383,0.065,0.41,0.121,0.114,0.057,0.037,0.034,0.267,0.085,0.131,0.406,0.183,0.17,0.768,0.395,0.408,0.761,0.016,0.208,0.63,-0.174,0.592,0.004,0.077,0.141,0.246,-0.005,0.627,0.209,0.417,0.059,-0.013,-0.05,0.074,0.436,0.449,0.41,0.246,-0.128,-0.05,0.28,0.235,0.187,0.386,0.585,0.176,0.05,0.066,-0.082,0.098,0.014,0.042,-0.422,0.213,0.151,0.493,0.017,0.14,0.422,0.672,0.541,0.153,-0.037,-0.106,0.439,0.058,-0.277,0.157,-0.37,0.004,0.375,0.424,0.158,0.08,0.054,0.263,0.164,0.053,0.671,0.472,0.14,0.217,-0.196,-0.197,0.651,0.166,-0.474,0.102,-0.23,0.074,0.377,0.252,0.462,0.175,-0.049,0.254,0.052,0.392,0.376,0.512,-0.083
AMED,0.001,0.722,0.517,0.409,0.311,0.15,0.239,0.0,-0.245,0.21,0.152,0.356,0.527,0.652,0.336,-0.274,0.522,0.262,-0.401,-0.181,0.632,0.372,0.076,0.209,-0.193,0.347,0.216,-0.283,0.031,0.283,-0.069,0.31,0.314,0.242,-0.24,0.642,0.865,0.242,-0.32,0.676,0.422,0.254,0.284,0.578,0.264,0.56,0.446,-0.216,-0.071,0.054,0.415,0.094,0.545,0.416,0.544,0.202,0.463,0.428,-0.03,0.653,-0.119,0.003,-0.07,-0.058,-0.088,0.599,0.403,-0.189,0.61,0.074,0.701,0.353,0.701,0.39,0.286,-0.369,0.464,0.863,-0.219,0.301,-0.059,-0.095,0.729,-0.172,-0.316,-0.205,0.72,0.106,0.296,-0.133,0.438,0.135,0.635,0.243,0.179,0.081,0.484,0.798,0.519,-0.355,0.176,0.337,-0.034,0.32,0.014,-0.05,-0.246,0.402,0.21,0.018,0.464,-0.595,0.281,0.595,0.168,-0.104,-0.05,0.216,0.364,-0.187,0.224,-0.492,0.059,0.21,0.338,-0.153,0.413,0.706,-0.207,0.233,-0.175,-0.276,0.407,0.434,0.659,0.373,0.366,0.458,0.437,0.391,0.556,0.393,0.35,0.614,0.762,-0.191,0.191,0.346,0.57,-0.064,0.405,0.254,0.249,0.118,0.661,-0.303,0.842,0.501,-0.144,0.458,-0.146,0.478,0.643,0.093,0.241,0.631,-0.236,-0.37,0.141,0.246,0.331,-0.307,-0.126,0.586,-0.027,-0.28,0.027,-0.053,0.34,-0.001,-0.149,0.283,0.452,0.412,0.298,0.189,0.3,-0.26,0.345,-0.082,0.699,0.684,0.074,0.333,0.627,0.045,0.613,0.01,0.322,-0.156
AMRN,0.639,0.392,-0.261,-0.638,0.569,0.724,-0.001,-0.245,0.0,0.238,0.723,0.658,0.306,0.192,0.268,0.887,-0.167,0.518,0.74,0.778,-0.286,0.657,0.605,0.718,0.792,0.578,0.663,0.762,0.376,0.501,0.78,0.653,0.453,-0.309,0.89,-0.815,-0.167,0.521,0.853,0.361,0.419,0.293,0.681,-0.584,0.311,0.485,0.168,0.663,0.667,0.742,-0.47,0.829,-0.778,0.52,0.213,-0.346,0.534,0.607,0.602,-0.727,0.743,0.831,0.742,0.832,0.828,0.462,0.362,0.835,0.149,0.425,-0.228,0.498,0.334,-0.196,0.609,0.414,0.282,-0.192,0.636,-0.018,0.811,0.884,-0.208,0.939,0.729,0.771,-0.362,0.589,-0.391,0.297,-0.257,0.738,-0.49,0.622,0.784,0.757,0.596,-0.504,0.52,0.782,0.746,0.496,0.824,0.69,0.849,0.767,0.73,-0.613,0.094,0.549,0.43,-0.177,0.11,0.112,0.641,-0.082,0.847,-0.662,0.029,0.77,-0.17,0.749,0.824,0.72,0.615,0.762,0.402,-0.148,0.326,0.658,0.749,0.844,0.685,-0.634,-0.606,0.455,0.345,0.619,-0.785,-0.058,-0.252,0.597,0.401,-0.413,-0.317,0.919,0.388,-0.552,-0.095,0.666,-0.628,-0.509,0.145,0.676,0.33,0.807,-0.473,-0.699,0.468,-0.138,0.822,-0.463,-0.164,0.683,0.601,-0.026,0.922,0.71,0.706,0.559,0.38,0.856,0.849,0.205,0.822,0.772,0.665,0.302,0.338,0.864,0.891,0.676,0.12,-0.173,0.639,-0.183,0.595,0.336,0.626,0.768,-0.654,0.167,0.747,0.64,-0.105,0.731,-0.465,0.688,-0.366,0.762
ANGI,0.271,0.295,0.118,-0.024,0.138,0.607,0.705,0.21,0.238,0.0,0.327,0.242,0.665,0.314,0.424,0.244,0.574,0.486,-0.112,0.182,-0.162,0.079,0.664,0.516,0.291,0.361,0.445,0.191,0.371,0.441,0.347,0.6,0.46,-0.076,0.313,-0.132,0.23,0.54,0.173,0.279,0.327,0.488,0.495,-0.05,-0.213,0.424,0.311,0.186,0.31,0.181,0.122,0.222,-0.174,0.482,0.251,0.042,0.026,0.099,0.237,0.067,0.494,0.4,0.497,0.361,0.28,0.445,0.396,0.305,-0.097,0.14,-0.036,0.532,0.389,0.087,0.124,0.388,0.546,0.337,0.398,-0.099,0.317,0.285,-0.196,0.312,0.173,0.27,0.153,0.078,0.143,0.272,-0.197,0.592,-0.042,0.515,0.318,0.295,0.429,0.035,0.569,0.266,0.67,0.293,0.275,0.365,0.297,0.353,0.367,0.044,-0.123,0.545,0.51,0.163,0.671,0.234,0.35,0.316,0.262,-0.16,0.622,0.141,0.444,0.049,0.251,0.309,0.344,0.204,0.595,0.029,0.685,0.148,0.316,0.187,0.181,0.177,0.166,0.629,0.229,0.105,-0.131,0.165,0.144,0.237,0.302,0.424,0.323,0.309,0.079,-0.37,0.313,0.341,-0.23,-0.41,-0.153,0.183,0.553,0.326,-0.055,0.179,0.734,0.182,0.336,-0.03,-0.041,0.448,0.241,-0.063,0.335,-0.06,-0.036,0.608,0.653,0.224,0.331,-0.085,0.426,0.33,0.327,0.358,0.237,0.255,0.442,0.006,0.022,0.532,0.131,-0.169,0.097,0.266,0.016,0.519,0.011,0.636,0.567,0.049,0.031,0.378,0.069,0.578,0.262,0.418
APA,0.825,0.669,-0.214,-0.478,0.425,0.689,0.312,0.152,0.723,0.327,0.0,0.816,0.324,0.672,0.71,0.567,0.127,0.52,0.533,0.575,0.037,0.787,0.689,0.781,0.788,0.59,0.617,0.64,0.672,0.776,0.787,0.639,0.704,-0.444,0.75,-0.464,0.245,0.548,0.809,0.536,0.627,0.091,0.672,-0.435,0.389,0.619,0.11,0.446,0.398,0.77,-0.289,0.849,-0.588,0.731,0.614,-0.143,0.638,0.814,0.838,-0.382,0.75,0.738,0.867,0.833,0.855,0.757,0.591,0.756,0.552,0.194,-0.14,0.622,0.487,0.018,0.872,0.088,0.347,0.272,0.592,-0.208,0.721,0.797,-0.029,0.759,0.735,0.531,-0.012,0.864,0.001,0.309,-0.162,0.839,-0.464,0.646,0.871,0.653,0.851,-0.301,0.646,0.658,0.792,0.588,0.896,0.682,0.837,0.717,0.792,-0.609,0.3,0.744,0.347,-0.341,0.347,0.585,0.8,0.172,0.753,-0.331,0.261,0.621,-0.011,0.661,0.894,0.853,0.791,0.729,0.691,0.322,0.188,0.853,0.632,0.702,0.795,-0.4,-0.146,0.388,0.367,0.682,-0.706,0.424,-0.131,0.862,0.815,0.001,-0.016,0.729,0.429,-0.412,-0.149,0.615,-0.431,-0.631,0.584,0.9,0.568,0.69,-0.017,-0.457,0.55,0.303,0.781,-0.495,-0.086,0.875,0.622,0.002,0.738,0.48,0.834,0.735,0.423,0.848,0.819,0.459,0.867,0.715,0.615,0.641,0.727,0.884,0.78,0.634,-0.025,0.298,0.901,-0.367,0.78,-0.02,0.841,0.801,-0.301,0.354,0.665,0.823,0.22,0.634,-0.079,0.762,-0.156,0.426
APOG,0.611,0.769,0.078,-0.278,0.619,0.686,0.139,0.356,0.658,0.242,0.816,0.0,0.54,0.689,0.543,0.631,0.103,0.594,0.498,0.62,0.197,0.873,0.568,0.754,0.613,0.694,0.729,0.498,0.403,0.738,0.658,0.75,0.673,-0.154,0.65,-0.338,0.447,0.599,0.643,0.679,0.579,0.249,0.72,-0.155,0.617,0.758,0.206,0.438,0.464,0.739,-0.188,0.843,-0.387,0.784,0.572,-0.135,0.764,0.842,0.56,-0.269,0.564,0.671,0.614,0.733,0.733,0.811,0.629,0.648,0.614,0.336,0.214,0.576,0.681,0.115,0.769,-0.057,0.55,0.352,0.487,0.119,0.683,0.747,0.333,0.709,0.547,0.547,0.147,0.732,-0.137,0.223,0.003,0.745,-0.129,0.677,0.878,0.712,0.873,0.032,0.776,0.458,0.759,0.708,0.791,0.835,0.797,0.69,0.53,-0.352,0.195,0.595,0.521,-0.503,0.277,0.596,0.771,-0.084,0.703,-0.378,0.269,0.57,-0.089,0.416,0.855,0.846,0.814,0.642,0.602,0.376,0.037,0.822,0.563,0.603,0.851,-0.35,-0.102,0.483,0.534,0.85,-0.462,0.25,0.019,0.806,0.693,-0.008,0.135,0.627,0.604,-0.239,0.107,0.594,-0.279,-0.305,0.437,0.725,0.637,0.532,0.138,-0.373,0.311,0.223,0.702,-0.191,0.219,0.679,0.641,0.402,0.658,0.416,0.783,0.715,0.567,0.643,0.696,0.616,0.771,0.516,0.564,0.291,0.619,0.834,0.674,0.835,0.342,0.079,0.865,-0.109,0.852,0.041,0.834,0.638,-0.111,0.529,0.747,0.878,0.409,0.663,0.026,0.625,-0.135,0.452
APPS,0.121,0.628,0.419,0.183,0.634,0.681,0.382,0.527,0.306,0.665,0.324,0.54,0.0,0.506,0.231,0.438,0.493,0.63,-0.022,0.347,0.18,0.452,0.441,0.545,0.179,0.679,0.631,0.133,0.075,0.412,0.295,0.838,0.572,0.237,0.336,-0.009,0.465,0.672,0.071,0.695,0.404,0.774,0.717,0.266,0.194,0.648,0.557,0.236,0.473,0.285,0.176,0.438,0.038,0.667,0.294,0.055,0.407,0.369,0.001,0.133,0.282,0.497,0.282,0.328,0.284,0.635,0.481,0.28,0.176,0.494,0.522,0.536,0.75,0.222,0.184,0.239,0.78,0.477,0.323,0.43,0.385,0.343,0.36,0.399,0.016,0.373,0.399,0.069,-0.12,0.152,0.134,0.565,0.399,0.663,0.497,0.549,0.571,0.454,0.819,0.131,0.666,0.625,0.291,0.683,0.379,0.4,0.077,0.296,-0.248,0.322,0.848,-0.246,0.559,0.245,0.407,-0.028,0.391,-0.216,0.571,0.172,0.345,-0.162,0.352,0.405,0.471,0.224,0.524,0.155,0.438,0.276,0.307,0.205,0.431,0.131,0.175,0.762,0.639,0.549,0.105,-0.05,0.42,0.294,0.248,0.386,0.52,0.391,0.439,-0.116,0.739,0.375,-0.014,0.027,-0.165,0.142,0.703,0.22,0.199,0.167,0.326,0.035,0.339,0.387,0.431,0.305,0.565,0.545,0.378,0.037,0.135,0.592,0.766,0.093,0.282,0.304,0.42,0.166,0.446,-0.049,0.168,0.373,0.406,0.467,0.64,0.182,0.272,0.269,0.365,0.384,0.282,0.374,0.192,0.878,0.674,0.331,0.372,0.505,0.139,0.526,0.197,0.482
ARCB,0.472,0.825,0.228,0.123,0.417,0.465,0.367,0.652,0.192,0.314,0.672,0.689,0.506,0.0,0.59,0.116,0.342,0.438,0.084,0.203,0.386,0.657,0.405,0.53,0.334,0.517,0.428,0.172,0.427,0.643,0.394,0.563,0.696,-0.053,0.265,0.172,0.704,0.468,0.272,0.701,0.579,0.198,0.51,0.161,0.452,0.587,0.256,0.12,0.196,0.468,0.054,0.556,0.011,0.605,0.667,0.042,0.59,0.671,0.437,0.199,0.31,0.395,0.466,0.428,0.456,0.798,0.585,0.303,0.769,0.156,0.332,0.515,0.64,0.295,0.631,-0.193,0.551,0.716,0.282,0.095,0.348,0.378,0.504,0.256,0.18,0.217,0.482,0.579,0.191,0.213,0.115,0.554,0.112,0.521,0.544,0.411,0.744,0.35,0.648,0.156,0.524,0.557,0.5,0.59,0.498,0.381,0.28,-0.136,0.281,0.483,0.456,-0.469,0.466,0.758,0.573,0.139,0.377,0.075,0.378,0.223,0.176,0.059,0.559,0.633,0.666,0.363,0.618,0.708,-0.06,0.642,0.247,0.242,0.654,0.046,0.352,0.332,0.407,0.636,-0.116,0.522,0.155,0.686,0.735,0.372,0.537,0.256,0.35,0.006,0.244,0.305,0.002,-0.168,0.514,0.574,0.63,0.22,0.533,0.037,0.209,0.489,0.345,-0.014,0.387,0.564,0.488,0.397,0.217,0.049,0.536,0.604,0.475,0.294,0.377,0.603,0.507,0.244,0.389,0.397,0.634,0.506,0.312,0.526,0.186,0.433,0.679,-0.027,0.621,-0.129,0.643,0.411,0.276,0.568,0.4,0.691,0.515,0.411,0.316,0.434,0.11,0.075
ARCC,0.605,0.584,-0.083,-0.379,0.005,0.543,0.581,0.336,0.268,0.424,0.71,0.543,0.231,0.59,0.0,0.115,0.555,0.182,0.014,0.026,0.238,0.392,0.559,0.505,0.391,0.343,0.264,0.131,0.765,0.8,0.416,0.351,0.432,-0.474,0.304,-0.066,0.311,0.194,0.455,0.438,0.532,-0.265,0.449,-0.186,0.018,0.403,-0.189,-0.092,-0.177,0.369,0.228,0.417,-0.294,0.654,0.836,0.326,0.386,0.616,0.784,0.089,0.506,0.246,0.635,0.464,0.49,0.621,0.661,0.298,0.374,-0.229,-0.139,0.335,0.392,0.048,0.67,-0.213,0.115,0.517,0.159,-0.554,0.242,0.376,-0.094,0.34,0.569,-0.036,0.27,0.743,0.529,-0.06,-0.038,0.643,-0.321,0.303,0.595,0.132,0.693,-0.122,0.535,0.196,0.618,0.25,0.54,0.257,0.394,0.31,0.561,-0.301,0.453,0.661,0.069,-0.125,0.315,0.669,0.68,0.492,0.253,0.051,0.612,0.117,0.27,0.383,0.468,0.584,0.679,0.26,0.752,0.331,0.191,0.467,0.149,0.175,0.511,0.175,0.355,0.307,0.292,0.271,-0.413,0.527,0.006,0.69,0.8,0.448,0.037,0.22,0.327,-0.222,-0.196,0.205,-0.059,-0.658,0.68,0.658,0.707,0.232,0.193,0.072,0.594,0.593,0.485,-0.345,-0.229,0.724,0.262,-0.213,0.338,-0.089,0.467,0.554,0.349,0.536,0.423,0.347,0.491,0.336,0.171,0.792,0.86,0.529,0.466,0.15,-0.302,0.651,0.68,-0.619,0.596,-0.469,0.568,0.512,0.156,0.393,0.401,0.408,0.356,0.12,0.391,0.539,0.331,0.018
ARVN,0.435,0.297,-0.156,-0.531,0.626,0.702,-0.056,-0.274,0.887,0.244,0.567,0.631,0.438,0.116,0.115,0.0,-0.181,0.482,0.701,0.774,-0.223,0.586,0.473,0.565,0.648,0.571,0.646,0.665,0.19,0.361,0.65,0.673,0.399,-0.157,0.829,-0.797,-0.211,0.489,0.714,0.337,0.214,0.423,0.669,-0.447,0.351,0.413,0.145,0.618,0.655,0.603,-0.379,0.762,-0.672,0.542,0.071,-0.264,0.477,0.491,0.379,-0.679,0.581,0.742,0.568,0.698,0.692,0.386,0.297,0.74,0.026,0.572,-0.068,0.356,0.326,-0.162,0.42,0.396,0.31,-0.265,0.61,0.148,0.722,0.791,-0.161,0.892,0.65,0.736,-0.311,0.409,-0.469,0.237,-0.167,0.66,-0.328,0.58,0.748,0.726,0.464,-0.4,0.527,0.674,0.678,0.529,0.688,0.682,0.724,0.676,0.543,-0.401,-0.111,0.406,0.483,-0.126,0.091,-0.035,0.574,-0.101,0.784,-0.616,0.055,0.671,-0.131,0.618,0.707,0.568,0.484,0.656,0.307,-0.277,0.367,0.519,0.682,0.766,0.56,-0.575,-0.601,0.453,0.5,0.589,-0.619,-0.298,-0.137,0.387,0.218,-0.399,-0.34,0.874,0.528,-0.459,0.053,0.586,-0.513,-0.318,0.007,0.473,0.275,0.704,-0.492,-0.63,0.368,-0.254,0.77,-0.242,-0.082,0.497,0.619,0.104,0.892,0.672,0.56,0.487,0.423,0.723,0.712,0.182,0.729,0.636,0.618,0.09,0.172,0.774,0.81,0.661,0.291,-0.364,0.508,-0.002,0.548,0.437,0.513,0.639,-0.591,0.24,0.752,0.524,-0.048,0.689,-0.455,0.654,-0.319,0.719
ATEC,-0.066,0.406,0.419,0.169,-0.043,0.364,0.656,0.522,-0.167,0.574,0.127,0.103,0.493,0.342,0.555,-0.181,0.0,0.023,-0.582,-0.406,0.387,-0.052,0.21,0.177,-0.249,0.233,0.065,-0.434,0.314,0.436,-0.142,0.254,0.188,0.04,-0.178,0.398,0.442,0.064,-0.222,0.414,0.241,0.096,0.344,0.419,-0.297,0.236,0.128,-0.468,-0.312,-0.234,0.707,-0.076,0.308,0.464,0.566,0.553,0.129,0.165,0.104,0.599,-0.009,-0.108,0.095,-0.119,-0.128,0.401,0.51,-0.271,0.006,-0.194,0.293,0.073,0.46,0.325,0.066,-0.162,0.235,0.61,-0.208,-0.136,-0.239,-0.18,0.068,-0.101,0.024,-0.354,0.666,0.064,0.604,-0.345,0.329,0.281,0.35,0.059,0.108,-0.184,0.286,0.417,0.519,-0.358,0.327,-0.001,-0.111,-0.016,-0.139,-0.192,-0.092,0.451,0.151,0.18,0.235,0.095,0.409,0.379,0.283,0.45,-0.223,0.355,0.703,-0.424,0.579,-0.307,-0.101,0.053,0.306,-0.314,0.434,0.272,0.378,-0.149,-0.318,-0.396,0.03,0.727,0.717,0.491,0.402,-0.032,0.293,0.128,0.486,0.11,0.355,0.777,0.357,-0.176,0.272,0.208,0.432,-0.176,0.434,-0.144,0.146,-0.039,0.692,-0.286,0.435,0.683,0.362,0.486,0.021,0.358,0.032,0.138,0.058,0.087,-0.109,-0.61,-0.156,0.191,0.357,-0.13,-0.171,0.215,-0.013,-0.242,-0.189,0.312,0.408,-0.004,-0.011,-0.191,0.028,0.615,0.091,-0.245,0.136,-0.306,0.029,0.036,0.606,0.617,0.121,-0.12,0.476,-0.201,0.649,0.202,0.738,-0.053
ATXS,0.578,0.482,-0.083,-0.067,0.563,0.515,0.018,0.262,0.518,0.486,0.52,0.594,0.63,0.438,0.182,0.482,0.023,0.0,0.501,0.769,-0.299,0.618,0.699,0.751,0.656,0.527,0.81,0.636,0.234,0.354,0.708,0.81,0.631,-0.116,0.627,-0.349,0.233,0.871,0.446,0.484,0.658,0.556,0.583,-0.321,0.381,0.825,0.523,0.749,0.8,0.762,-0.467,0.646,-0.428,0.495,0.09,-0.483,0.326,0.381,0.274,-0.396,0.675,0.796,0.516,0.741,0.649,0.548,0.255,0.702,0.33,0.502,0.083,0.864,0.596,-0.283,0.398,0.507,0.702,0.222,0.731,0.22,0.82,0.712,0.183,0.547,0.107,0.692,-0.129,0.277,-0.569,0.613,-0.395,0.671,-0.058,0.947,0.619,0.797,0.705,0.032,0.567,0.575,0.713,0.746,0.665,0.827,0.722,0.832,0.507,-0.308,-0.313,0.61,0.66,-0.316,0.297,0.235,0.291,-0.373,0.676,-0.632,0.19,0.706,-0.059,0.182,0.64,0.715,0.555,0.714,0.417,0.067,0.194,0.586,0.728,0.639,0.57,-0.48,-0.323,0.48,0.119,0.664,-0.359,0.309,-0.157,0.556,0.303,-0.105,0.426,0.566,0.081,-0.563,0.255,0.759,-0.593,-0.229,-0.124,0.515,0.414,0.706,-0.094,-0.441,0.379,-0.307,0.553,-0.178,0.238,0.48,0.583,0.366,0.508,0.555,0.362,0.783,0.673,0.417,0.704,0.091,0.635,0.6,0.748,0.013,0.086,0.518,0.602,0.59,0.405,0.179,0.399,0.191,0.423,0.63,0.392,0.609,-0.289,0.579,0.823,0.586,-0.148,0.834,-0.422,0.591,-0.416,0.639
AVAV,0.618,0.112,-0.517,-0.525,0.406,0.315,-0.371,-0.401,0.74,-0.112,0.533,0.498,-0.022,0.084,0.014,0.701,-0.582,0.501,0.0,0.836,-0.418,0.572,0.442,0.465,0.794,0.27,0.493,0.846,0.199,0.181,0.724,0.388,0.332,-0.263,0.762,-0.789,-0.336,0.412,0.775,0.066,0.277,0.103,0.307,-0.705,0.538,0.317,0.04,0.808,0.665,0.759,-0.769,0.684,-0.781,0.194,-0.094,-0.568,0.331,0.399,0.458,-0.879,0.628,0.685,0.539,0.753,0.731,0.163,0.0,0.813,0.217,0.434,-0.35,0.407,0.06,-0.425,0.469,0.394,0.128,-0.384,0.683,-0.012,0.79,0.798,-0.168,0.7,0.543,0.759,-0.601,0.475,-0.64,0.539,-0.433,0.48,-0.574,0.543,0.596,0.672,0.389,-0.589,0.121,0.804,0.41,0.464,0.74,0.584,0.739,0.743,0.656,-0.75,-0.084,0.418,0.174,-0.198,-0.143,-0.042,0.307,-0.303,0.76,-0.662,-0.326,0.87,-0.435,0.715,0.699,0.593,0.351,0.817,0.105,-0.217,-0.022,0.661,0.768,0.862,0.519,-0.891,-0.792,-0.025,0.025,0.529,-0.758,0.04,-0.55,0.458,0.177,-0.673,-0.341,0.728,0.153,-0.588,-0.354,0.657,-0.732,-0.32,0.146,0.609,-0.114,0.814,-0.535,-0.933,0.163,-0.38,0.663,-0.598,-0.147,0.458,0.491,-0.026,0.689,0.903,0.646,0.415,0.175,0.75,0.77,0.068,0.639,0.751,0.665,0.097,0.058,0.654,0.666,0.601,0.047,-0.337,0.49,-0.0,0.444,0.437,0.495,0.574,-0.787,-0.147,0.565,0.6,-0.328,0.696,-0.717,0.478,-0.732,0.517
AXON,0.654,0.256,-0.379,-0.369,0.603,0.487,-0.172,-0.181,0.778,0.182,0.575,0.62,0.347,0.203,0.026,0.774,-0.406,0.769,0.836,0.0,-0.479,0.623,0.608,0.679,0.846,0.486,0.784,0.909,0.208,0.284,0.849,0.686,0.548,-0.245,0.865,-0.767,-0.115,0.738,0.736,0.243,0.448,0.449,0.528,-0.622,0.486,0.575,0.307,0.927,0.888,0.859,-0.756,0.772,-0.717,0.365,-0.103,-0.641,0.323,0.406,0.394,-0.812,0.726,0.88,0.613,0.841,0.794,0.315,0.1,0.917,0.201,0.526,-0.191,0.687,0.3,-0.386,0.459,0.549,0.494,-0.242,0.843,0.176,0.945,0.884,-0.078,0.803,0.42,0.874,-0.508,0.431,-0.751,0.619,-0.533,0.628,-0.412,0.821,0.694,0.866,0.544,-0.39,0.377,0.86,0.627,0.755,0.806,0.781,0.828,0.919,0.681,-0.615,-0.298,0.584,0.505,-0.242,0.168,0.014,0.36,-0.345,0.877,-0.787,-0.055,0.921,-0.277,0.573,0.763,0.678,0.428,0.889,0.283,-0.183,0.125,0.671,0.924,0.933,0.58,-0.846,-0.761,0.292,0.115,0.631,-0.678,0.087,-0.346,0.496,0.183,-0.525,-0.102,0.828,0.112,-0.696,-0.053,0.854,-0.803,-0.321,-0.079,0.623,0.122,0.894,-0.467,-0.831,0.348,-0.463,0.712,-0.448,0.002,0.553,0.616,0.136,0.77,0.897,0.563,0.703,0.525,0.692,0.859,0.011,0.77,0.827,0.877,0.055,0.006,0.7,0.78,0.698,0.299,-0.193,0.457,0.095,0.463,0.666,0.478,0.711,-0.722,0.217,0.798,0.644,-0.332,0.884,-0.729,0.644,-0.704,0.711
BANF,-0.307,0.466,0.542,0.285,0.092,-0.041,0.123,0.632,-0.286,-0.162,0.037,0.197,0.18,0.386,0.238,-0.223,0.387,-0.299,-0.418,-0.479,0.0,0.23,-0.33,-0.193,-0.478,0.124,-0.196,-0.552,-0.167,0.159,-0.41,-0.086,0.0,0.379,-0.384,0.639,0.561,-0.311,-0.341,0.455,-0.084,-0.05,0.074,0.706,0.218,0.074,0.053,-0.588,-0.457,-0.309,0.654,-0.05,0.633,0.262,0.52,0.511,0.514,0.404,-0.117,0.695,-0.492,-0.353,-0.298,-0.363,-0.306,0.363,0.366,-0.47,0.426,-0.032,0.701,-0.264,0.358,0.685,0.201,-0.685,-0.046,0.587,-0.578,0.279,-0.443,-0.35,0.575,-0.241,-0.067,-0.42,0.741,0.088,0.53,-0.487,0.816,-0.139,0.565,-0.307,0.026,-0.18,0.139,0.632,0.279,-0.575,-0.161,-0.056,-0.262,-0.023,-0.249,-0.456,-0.474,0.526,0.46,-0.336,0.05,-0.407,-0.0,0.41,0.18,0.121,-0.291,0.514,0.094,-0.483,0.037,-0.392,-0.091,-0.088,0.129,-0.435,0.101,0.589,-0.181,0.055,-0.514,-0.493,0.208,0.542,0.7,0.081,0.575,0.238,0.505,-0.031,0.609,0.14,0.252,0.478,0.284,-0.286,0.5,0.76,0.373,-0.431,0.763,0.376,0.477,-0.128,0.405,-0.601,0.789,0.548,-0.383,0.618,-0.219,0.563,0.455,-0.141,0.084,0.519,-0.258,-0.526,0.176,-0.278,-0.122,-0.314,-0.411,0.742,-0.254,-0.564,-0.399,-0.074,0.408,-0.072,-0.342,0.138,0.334,0.005,0.292,0.076,0.289,-0.604,0.357,-0.377,0.726,0.295,-0.284,0.184,0.853,-0.306,0.802,-0.218,0.541,-0.445
BATRK,0.602,0.802,0.01,-0.25,0.668,0.564,-0.103,0.372,0.657,0.079,0.787,0.873,0.452,0.657,0.392,0.586,-0.052,0.618,0.572,0.623,0.23,0.0,0.462,0.686,0.61,0.688,0.66,0.537,0.283,0.586,0.65,0.674,0.603,-0.105,0.631,-0.296,0.394,0.579,0.602,0.722,0.541,0.295,0.685,-0.184,0.673,0.74,0.369,0.507,0.531,0.771,-0.287,0.822,-0.35,0.666,0.481,-0.261,0.832,0.866,0.499,-0.301,0.513,0.709,0.538,0.719,0.705,0.798,0.469,0.625,0.68,0.492,0.284,0.6,0.678,0.063,0.781,-0.006,0.444,0.369,0.422,0.226,0.689,0.731,0.411,0.685,0.452,0.565,0.095,0.646,-0.25,0.285,0.078,0.643,-0.083,0.674,0.817,0.788,0.839,0.045,0.684,0.466,0.624,0.691,0.76,0.831,0.782,0.66,0.457,-0.381,0.215,0.449,0.541,-0.648,0.089,0.502,0.615,-0.296,0.729,-0.432,0.054,0.621,-0.235,0.406,0.84,0.788,0.719,0.638,0.488,0.404,-0.022,0.863,0.574,0.616,0.891,-0.459,-0.189,0.392,0.488,0.927,-0.432,0.277,-0.005,0.816,0.635,-0.116,0.184,0.668,0.529,-0.197,0.141,0.576,-0.281,-0.204,0.419,0.713,0.541,0.522,0.202,-0.459,0.12,0.128,0.614,-0.153,0.306,0.598,0.717,0.494,0.618,0.53,0.838,0.578,0.381,0.59,0.679,0.665,0.694,0.47,0.597,0.132,0.514,0.775,0.611,0.89,0.414,-0.048,0.86,0.062,0.779,0.099,0.887,0.551,-0.177,0.432,0.636,0.932,0.345,0.661,-0.062,0.564,-0.274,0.44
BIDU,0.765,0.394,-0.277,-0.385,0.295,0.637,0.385,0.076,0.605,0.664,0.689,0.568,0.441,0.405,0.559,0.473,0.21,0.699,0.442,0.608,-0.33,0.462,0.0,0.796,0.788,0.417,0.689,0.686,0.54,0.576,0.794,0.691,0.609,-0.33,0.674,-0.504,0.125,0.662,0.659,0.268,0.664,0.258,0.528,-0.498,0.162,0.676,0.234,0.637,0.577,0.695,-0.362,0.619,-0.603,0.549,0.34,-0.269,0.301,0.439,0.656,-0.415,0.87,0.701,0.821,0.807,0.721,0.533,0.448,0.763,0.252,0.214,-0.274,0.775,0.41,-0.186,0.598,0.407,0.481,0.182,0.693,-0.256,0.776,0.74,-0.246,0.637,0.504,0.61,-0.235,0.537,-0.148,0.454,-0.465,0.841,-0.434,0.757,0.694,0.588,0.711,-0.332,0.526,0.698,0.82,0.56,0.752,0.6,0.748,0.776,0.802,-0.516,-0.006,0.808,0.436,-0.038,0.457,0.377,0.542,0.076,0.658,-0.493,0.385,0.702,0.137,0.489,0.679,0.702,0.592,0.695,0.633,0.073,0.338,0.63,0.722,0.652,0.582,-0.373,-0.233,0.445,0.109,0.45,-0.632,0.406,-0.266,0.659,0.509,0.018,0.114,0.595,0.078,-0.646,-0.1,0.697,-0.663,-0.625,0.162,0.709,0.49,0.744,-0.209,-0.416,0.736,0.073,0.721,-0.535,-0.162,0.778,0.479,-0.122,0.616,0.431,0.47,0.835,0.641,0.677,0.796,0.058,0.765,0.77,0.68,0.513,0.411,0.627,0.765,0.379,-0.053,0.433,0.543,-0.327,0.475,0.272,0.429,0.811,-0.38,0.459,0.785,0.526,-0.17,0.692,-0.288,0.707,-0.261,0.577
BLNE,0.764,0.644,-0.142,-0.316,0.481,0.74,0.285,0.209,0.718,0.516,0.781,0.754,0.545,0.53,0.505,0.565,0.177,0.751,0.465,0.679,-0.193,0.686,0.796,0.0,0.781,0.726,0.874,0.651,0.571,0.736,0.832,0.843,0.7,-0.322,0.768,-0.481,0.325,0.788,0.726,0.557,0.673,0.388,0.807,-0.4,0.301,0.778,0.372,0.594,0.644,0.798,-0.321,0.79,-0.539,0.633,0.472,-0.325,0.512,0.65,0.648,-0.413,0.798,0.853,0.775,0.875,0.852,0.751,0.595,0.774,0.385,0.199,-0.098,0.839,0.573,-0.063,0.69,0.291,0.597,0.304,0.676,-0.041,0.808,0.834,0.009,0.785,0.517,0.656,-0.057,0.633,-0.186,0.431,-0.345,0.853,-0.331,0.821,0.796,0.79,0.855,-0.164,0.681,0.644,0.877,0.665,0.84,0.769,0.854,0.846,0.742,-0.5,0.01,0.793,0.635,-0.222,0.4,0.536,0.682,-0.099,0.786,-0.586,0.423,0.666,0.096,0.437,0.85,0.87,0.796,0.73,0.659,0.247,0.305,0.758,0.757,0.71,0.711,-0.418,-0.252,0.685,0.277,0.665,-0.604,0.418,-0.161,0.774,0.677,-0.036,0.203,0.705,0.208,-0.552,0.076,0.742,-0.544,-0.568,0.209,0.736,0.615,0.731,-0.086,-0.407,0.648,0.097,0.757,-0.383,-0.055,0.793,0.525,0.118,0.698,0.464,0.623,0.855,0.702,0.696,0.857,0.301,0.87,0.732,0.731,0.423,0.53,0.79,0.827,0.618,0.135,0.369,0.703,-0.264,0.628,0.272,0.611,0.839,-0.316,0.561,0.849,0.719,0.048,0.738,-0.205,0.806,-0.156,0.659
BLNK,0.909,0.314,-0.556,-0.578,0.386,0.56,0.08,-0.193,0.792,0.291,0.788,0.613,0.179,0.334,0.391,0.648,-0.249,0.656,0.794,0.846,-0.478,0.61,0.788,0.781,0.0,0.443,0.704,0.941,0.59,0.502,0.962,0.608,0.603,-0.509,0.888,-0.782,-0.096,0.648,0.902,0.217,0.566,0.168,0.533,-0.789,0.34,0.541,0.135,0.819,0.692,0.908,-0.711,0.8,-0.84,0.41,0.198,-0.505,0.34,0.521,0.77,-0.781,0.91,0.865,0.874,0.96,0.932,0.439,0.272,0.97,0.3,0.251,-0.455,0.734,0.222,-0.379,0.689,0.453,0.337,-0.094,0.84,-0.234,0.923,0.938,-0.295,0.822,0.648,0.77,-0.521,0.694,-0.401,0.596,-0.608,0.776,-0.701,0.756,0.762,0.752,0.666,-0.609,0.337,0.943,0.717,0.623,0.936,0.671,0.894,0.914,0.942,-0.855,-0.016,0.789,0.342,-0.159,0.246,0.275,0.546,-0.05,0.879,-0.685,0.092,0.909,-0.13,0.778,0.851,0.794,0.575,0.926,0.523,-0.034,0.17,0.797,0.914,0.948,0.65,-0.763,-0.616,0.271,0.028,0.54,-0.896,0.403,-0.49,0.712,0.476,-0.383,-0.174,0.817,0.044,-0.781,-0.34,0.813,-0.846,-0.676,0.248,0.863,0.225,0.952,-0.439,-0.802,0.607,-0.126,0.808,-0.75,-0.269,0.826,0.523,-0.201,0.798,0.811,0.699,0.778,0.465,0.897,0.975,0.049,0.891,0.965,0.847,0.497,0.348,0.793,0.89,0.559,-0.117,0.16,0.645,-0.287,0.534,0.362,0.585,0.896,-0.726,0.153,0.749,0.679,-0.325,0.798,-0.592,0.762,-0.563,0.602
BTAI,0.406,0.748,0.184,-0.189,0.626,0.74,0.148,0.347,0.578,0.361,0.59,0.694,0.679,0.517,0.343,0.571,0.233,0.527,0.27,0.486,0.124,0.688,0.417,0.726,0.443,0.0,0.648,0.355,0.317,0.639,0.536,0.782,0.512,-0.132,0.557,-0.297,0.373,0.661,0.436,0.765,0.423,0.489,0.836,-0.039,0.278,0.589,0.354,0.318,0.467,0.556,0.01,0.663,-0.278,0.665,0.463,-0.041,0.578,0.636,0.349,-0.161,0.474,0.644,0.495,0.586,0.585,0.735,0.489,0.48,0.335,0.384,0.241,0.552,0.629,0.12,0.48,0.12,0.578,0.419,0.389,0.187,0.533,0.603,0.265,0.671,0.347,0.477,0.237,0.43,-0.08,0.154,0.05,0.636,0.02,0.624,0.674,0.688,0.716,0.125,0.739,0.33,0.705,0.582,0.59,0.698,0.622,0.546,0.355,-0.134,0.016,0.445,0.753,-0.379,0.304,0.366,0.612,-0.147,0.651,-0.382,0.47,0.359,0.159,0.243,0.648,0.635,0.66,0.376,0.601,0.202,0.32,0.549,0.495,0.46,0.63,-0.16,-0.071,0.701,0.579,0.663,-0.28,0.088,0.124,0.563,0.512,0.116,0.209,0.626,0.443,-0.284,0.394,0.459,-0.161,-0.257,0.101,0.457,0.628,0.415,0.078,-0.143,0.358,0.102,0.516,0.029,0.184,0.532,0.555,0.374,0.58,0.296,0.481,0.604,0.596,0.448,0.546,0.434,0.666,0.386,0.536,0.136,0.419,0.678,0.623,0.682,0.349,0.148,0.582,0.034,0.534,0.204,0.556,0.532,-0.088,0.578,0.677,0.588,0.38,0.516,0.045,0.679,0.051,0.585
BYND,0.628,0.553,-0.117,-0.19,0.614,0.626,0.108,0.216,0.663,0.445,0.617,0.729,0.631,0.428,0.264,0.646,0.065,0.81,0.493,0.784,-0.196,0.66,0.689,0.874,0.704,0.648,0.0,0.644,0.384,0.57,0.789,0.881,0.684,-0.157,0.743,-0.483,0.329,0.785,0.63,0.544,0.596,0.575,0.785,-0.318,0.428,0.808,0.489,0.664,0.772,0.777,-0.367,0.783,-0.422,0.563,0.28,-0.463,0.513,0.583,0.444,-0.452,0.657,0.856,0.591,0.806,0.764,0.648,0.504,0.758,0.331,0.323,0.052,0.804,0.625,-0.129,0.567,0.344,0.662,0.18,0.69,0.222,0.815,0.813,0.096,0.758,0.405,0.68,-0.103,0.475,-0.431,0.448,-0.358,0.769,-0.162,0.857,0.79,0.841,0.759,-0.045,0.661,0.608,0.789,0.788,0.751,0.833,0.784,0.845,0.581,-0.386,-0.193,0.678,0.712,-0.234,0.302,0.421,0.55,-0.249,0.767,-0.689,0.345,0.691,0.035,0.29,0.793,0.788,0.693,0.746,0.475,0.164,0.194,0.684,0.769,0.717,0.673,-0.488,-0.375,0.664,0.341,0.723,-0.493,0.266,-0.071,0.629,0.454,-0.183,0.19,0.695,0.234,-0.496,0.226,0.79,-0.536,-0.338,0.053,0.601,0.566,0.698,-0.096,-0.448,0.494,-0.137,0.748,-0.225,0.035,0.632,0.582,0.313,0.653,0.527,0.554,0.8,0.763,0.551,0.801,0.292,0.791,0.659,0.79,0.151,0.281,0.713,0.782,0.651,0.364,0.156,0.578,-0.074,0.623,0.45,0.556,0.743,-0.32,0.62,0.871,0.678,-0.045,0.823,-0.341,0.73,-0.242,0.665
CAN,0.771,0.161,-0.572,-0.504,0.445,0.429,-0.081,-0.283,0.762,0.191,0.64,0.498,0.133,0.172,0.131,0.665,-0.434,0.636,0.846,0.909,-0.552,0.537,0.686,0.651,0.941,0.355,0.644,0.0,0.346,0.265,0.895,0.533,0.521,-0.364,0.857,-0.81,-0.198,0.647,0.803,0.082,0.447,0.285,0.408,-0.768,0.371,0.456,0.219,0.923,0.796,0.843,-0.831,0.715,-0.806,0.274,-0.068,-0.631,0.256,0.374,0.567,-0.85,0.829,0.841,0.76,0.863,0.815,0.251,0.041,0.958,0.213,0.394,-0.425,0.688,0.126,-0.384,0.541,0.565,0.346,-0.279,0.846,-0.062,0.93,0.871,-0.288,0.775,0.52,0.853,-0.624,0.516,-0.604,0.655,-0.591,0.628,-0.626,0.719,0.641,0.755,0.497,-0.611,0.212,0.972,0.58,0.61,0.825,0.64,0.83,0.872,0.832,-0.79,-0.158,0.613,0.354,-0.18,0.215,0.042,0.368,-0.201,0.87,-0.702,-0.104,0.951,-0.227,0.729,0.75,0.63,0.354,0.905,0.342,-0.153,0.138,0.716,0.948,0.963,0.554,-0.873,-0.757,0.181,-0.024,0.509,-0.811,0.228,-0.454,0.54,0.227,-0.5,-0.196,0.826,-0.03,-0.761,-0.281,0.812,-0.873,-0.491,0.055,0.739,0.021,0.947,-0.521,-0.882,0.437,-0.312,0.697,-0.677,-0.154,0.667,0.524,-0.139,0.766,0.917,0.618,0.674,0.389,0.792,0.896,-0.048,0.792,0.932,0.87,0.277,0.08,0.688,0.795,0.569,0.018,-0.047,0.482,-0.075,0.378,0.542,0.473,0.787,-0.833,0.052,0.671,0.609,-0.427,0.815,-0.749,0.652,-0.754,0.64
CCEC,0.7,0.375,-0.337,-0.475,-0.023,0.528,0.451,0.031,0.376,0.371,0.672,0.403,0.075,0.427,0.765,0.19,0.314,0.234,0.199,0.208,-0.167,0.283,0.54,0.571,0.59,0.317,0.384,0.346,0.0,0.716,0.574,0.378,0.432,-0.657,0.466,-0.343,0.1,0.254,0.599,0.291,0.494,-0.215,0.449,-0.474,-0.049,0.29,-0.146,0.112,0.012,0.476,-0.06,0.482,-0.499,0.474,0.637,0.037,0.205,0.471,0.843,-0.236,0.65,0.41,0.73,0.597,0.646,0.471,0.492,0.48,0.216,-0.281,-0.451,0.389,0.207,-0.229,0.57,0.108,0.119,0.254,0.408,-0.624,0.391,0.531,-0.336,0.445,0.59,0.1,-0.035,0.701,0.313,0.124,-0.366,0.666,-0.549,0.385,0.575,0.209,0.583,-0.384,0.315,0.431,0.602,0.238,0.62,0.273,0.465,0.464,0.715,-0.562,0.213,0.741,0.069,0.046,0.261,0.546,0.633,0.439,0.407,-0.152,0.527,0.28,0.325,0.517,0.508,0.62,0.643,0.477,0.657,0.146,0.215,0.452,0.349,0.398,0.389,-0.085,0.018,0.278,0.08,0.181,-0.627,0.556,-0.241,0.58,0.71,0.191,-0.145,0.357,0.1,-0.485,-0.336,0.348,-0.32,-0.805,0.541,0.684,0.47,0.482,-0.14,-0.171,0.686,0.333,0.574,-0.557,-0.494,0.749,0.178,-0.432,0.431,0.145,0.426,0.596,0.377,0.642,0.594,0.087,0.61,0.576,0.376,0.793,0.649,0.581,0.612,0.098,-0.491,0.616,0.553,-0.634,0.479,-0.218,0.433,0.682,-0.155,0.211,0.439,0.332,0.0,0.26,0.021,0.646,0.143,0.166
CDW,0.604,0.714,-0.013,-0.266,0.24,0.672,0.465,0.283,0.501,0.441,0.776,0.738,0.412,0.643,0.8,0.361,0.436,0.354,0.181,0.284,0.159,0.586,0.576,0.736,0.502,0.639,0.57,0.265,0.716,0.0,0.565,0.614,0.623,-0.322,0.535,-0.235,0.42,0.426,0.631,0.583,0.527,0.055,0.704,-0.151,0.205,0.508,0.044,0.109,0.155,0.537,0.118,0.626,-0.347,0.683,0.797,0.088,0.545,0.732,0.727,-0.087,0.545,0.505,0.666,0.625,0.669,0.774,0.758,0.459,0.394,-0.09,-0.057,0.455,0.542,0.13,0.708,-0.099,0.387,0.461,0.326,-0.262,0.428,0.57,0.059,0.593,0.632,0.232,0.264,0.777,0.285,0.111,-0.102,0.741,-0.303,0.48,0.713,0.477,0.794,-0.053,0.7,0.313,0.747,0.457,0.69,0.5,0.581,0.527,0.583,-0.351,0.337,0.763,0.336,-0.103,0.362,0.705,0.785,0.297,0.463,-0.172,0.605,0.272,0.171,0.384,0.698,0.742,0.809,0.429,0.67,0.381,0.289,0.612,0.38,0.385,0.634,-0.022,0.123,0.499,0.438,0.465,-0.482,0.427,-0.032,0.729,0.875,0.216,0.073,0.475,0.406,-0.284,-0.008,0.441,-0.158,-0.587,0.511,0.656,0.75,0.388,0.136,-0.08,0.608,0.439,0.67,-0.309,-0.182,0.795,0.396,0.012,0.512,0.09,0.59,0.674,0.583,0.615,0.599,0.459,0.714,0.454,0.372,0.66,0.815,0.751,0.658,0.42,-0.082,0.494,0.759,-0.516,0.73,-0.208,0.658,0.649,0.014,0.461,0.623,0.596,0.365,0.359,0.224,0.693,0.278,0.29
CDXS,0.91,0.418,-0.507,-0.535,0.446,0.594,0.108,-0.069,0.78,0.347,0.787,0.658,0.295,0.394,0.416,0.65,-0.142,0.708,0.724,0.849,-0.41,0.65,0.794,0.832,0.962,0.536,0.789,0.895,0.574,0.565,0.0,0.683,0.621,-0.511,0.893,-0.724,0.007,0.71,0.868,0.345,0.596,0.252,0.654,-0.726,0.361,0.616,0.206,0.786,0.713,0.937,-0.633,0.814,-0.779,0.444,0.243,-0.504,0.39,0.572,0.749,-0.713,0.881,0.897,0.847,0.968,0.923,0.507,0.319,0.943,0.314,0.237,-0.357,0.787,0.32,-0.358,0.705,0.41,0.405,0.009,0.797,-0.16,0.915,0.943,-0.226,0.849,0.624,0.747,-0.429,0.698,-0.392,0.553,-0.59,0.799,-0.612,0.811,0.787,0.809,0.728,-0.498,0.454,0.884,0.758,0.708,0.943,0.703,0.899,0.926,0.902,-0.779,-0.012,0.826,0.462,-0.169,0.282,0.321,0.554,-0.092,0.888,-0.727,0.203,0.875,-0.105,0.708,0.871,0.821,0.621,0.887,0.576,0.016,0.193,0.79,0.919,0.926,0.677,-0.711,-0.561,0.39,0.1,0.586,-0.838,0.428,-0.425,0.742,0.497,-0.332,-0.095,0.818,0.071,-0.759,-0.215,0.86,-0.8,-0.655,0.211,0.858,0.359,0.905,-0.352,-0.724,0.639,-0.113,0.802,-0.663,-0.216,0.826,0.581,-0.091,0.792,0.774,0.687,0.836,0.556,0.859,0.967,0.089,0.893,0.918,0.874,0.462,0.374,0.792,0.897,0.584,-0.025,0.21,0.663,-0.277,0.571,0.371,0.611,0.874,-0.657,0.295,0.807,0.701,-0.261,0.798,-0.522,0.813,-0.488,0.632
