,ABEO,ACHC,AGNCN,AKAM,AKRO,ALRM,AMAT,AMED,AMRN,ANGI,APA,APOG,APPS,ARCB,ARCC,ARVN,ATEC,ATXS,AVAV,AXON,BANF,BATRK,BIDU,BLNE,BLNK,BTAI,BYND,CAN,CCEC,CDW,CDXS,CELH,CGNX,CHKP,CHRS,CHRW,CIGI,CKPT,CMPR,COGT,CRNC,CRSP,CSTL,CTSH,CVGW,DGLY,DNLI,DOCU,DVAX,EBAY,EHTH,ERII,ESLT,EXPE,EXPO,FBIOP,FFBC,FFIN,FOXF,FWRD,GDS,GERN,GPRE,GRWG,GRYP,HEES,HELE,HIVE,HON,HRTX,HSTM,HURA,IART,IBKR,IBOC,IBRX,IDXX,INGN,INM,INVA,IQ,IRBT,KDP,KPTI,KTOS,KXIN,LAMR,LFUS,LGIH,LGMK,LKFN,LNW,LOPE,LPSN,LYFT,MGNX,MLCO,MNST,MODV,MSTR,MTCH,MYGN,MYRG,NCMI,NEXT,NFLX,NIU,NKTR,NRC,NTNX,NTRA,NVEE,NVMI,NWL,NWS,NXPI,OCGN,OCSL,OKTA,OLLI,OTLK,OXLC,PAA,PARA,PARAA,PDCO,PDFS,PFG,PGEN,PNFP,PODD,POWI,PSMT,PTC,PTEN,PVLA,RDNT,RDUS,RDWR,REGN,RNAC,ROCK,ROST,RRR,RSLS,RVMD,RYAAY,SAFT,SAGE,SAVA,SBGI,SFM,SFNC,SHYF,SIBN,SIFY,SIGI,SIMO,SITM,SLM,SNBR,SNDX,SNY,SPNS,SRRK,STRA,SUPN,SYRE,TCBK,TEAM,TECH,THRM,TLRY,TRMK,TROW,TSLA,TWST,TXN,UFPI,UNIT,UPWK,USLM,UTHR,VERB,VLY,VRNA,VRRM,VXRT,WAFD,WATT,WBA,WING,WIX,WTFC,WTW,XPEL,XRX,YMAB,ZG,ZLAB
ABEO,0.0,-0.581,0.094,-0.651,0.658,0.677,0.738,0.485,0.775,0.821,-0.527,-0.689,0.823,-0.687,0.583,0.69,0.763,0.792,0.689,0.765,-0.569,0.708,0.766,0.184,0.796,0.58,0.795,0.741,0.183,0.74,0.779,0.622,0.779,0.125,0.665,-0.247,-0.142,0.856,-0.605,0.843,0.814,0.776,0.855,0.851,0.67,0.855,0.704,0.75,0.806,-0.33,0.726,0.819,0.538,0.623,0.669,-0.634,-0.389,-0.301,0.119,-0.446,0.701,0.556,0.149,0.704,0.765,0.338,-0.284,0.605,-0.389,0.376,-0.55,0.519,0.66,0.688,-0.569,0.553,0.75,0.278,0.49,-0.613,0.823,0.544,-0.138,0.345,0.588,0.773,-0.477,0.677,-0.188,0.745,0.697,0.052,0.782,0.669,0.713,0.736,0.753,0.829,-0.091,0.661,0.595,0.848,-0.285,0.382,0.713,0.835,0.832,0.436,0.658,-0.528,0.796,0.563,0.689,-0.665,-0.471,0.453,0.847,0.554,0.692,0.708,0.73,-0.609,-0.729,0.504,0.433,-0.663,0.55,-0.517,0.65,-0.39,0.816,0.68,-0.435,0.463,-0.667,0.707,-0.362,-0.617,0.317,-0.724,0.467,0.809,0.39,-0.549,-0.05,0.434,-0.121,-0.712,0.615,0.412,-0.318,-0.252,-0.725,-0.455,0.897,-0.397,0.272,0.633,0.628,-0.257,0.338,-0.512,-0.673,0.856,0.658,0.206,0.595,0.655,0.096,0.723,0.682,0.52,0.746,-0.659,-0.718,0.725,0.746,0.158,0.274,0.84,0.675,0.196,0.614,0.742,-0.618,0.723,-0.14,0.585,-0.452,0.764,-0.489,0.8,0.735,-0.443,-0.466,-0.561,0.447,-0.613,0.714,0.706
ACHC,-0.581,0.0,0.004,0.362,-0.52,-0.458,-0.337,-0.498,-0.61,-0.563,0.51,0.683,-0.58,0.733,-0.342,-0.353,-0.46,-0.61,-0.295,-0.496,0.823,-0.268,-0.576,-0.497,-0.61,-0.642,-0.577,-0.443,0.19,-0.441,-0.587,-0.466,-0.587,0.334,-0.097,0.554,0.464,-0.741,0.678,-0.549,-0.485,-0.611,-0.608,-0.51,-0.176,-0.416,-0.634,-0.6,-0.452,0.219,-0.494,-0.429,-0.269,-0.274,-0.291,0.439,0.61,0.577,-0.043,0.691,-0.597,-0.556,0.104,-0.346,-0.582,0.024,0.368,-0.16,0.778,-0.378,0.43,-0.504,-0.39,-0.316,0.828,-0.512,-0.414,0.169,-0.313,0.384,-0.651,-0.464,0.551,-0.474,-0.213,-0.57,0.669,-0.408,0.675,-0.525,-0.272,-0.14,-0.576,-0.545,-0.557,-0.558,-0.44,-0.548,0.202,-0.341,-0.455,-0.504,0.537,-0.22,-0.615,-0.397,-0.575,-0.28,-0.407,0.507,-0.442,-0.489,-0.441,0.742,0.337,-0.307,-0.53,-0.129,-0.552,-0.498,-0.529,0.696,0.448,-0.568,-0.455,0.633,-0.205,0.682,-0.562,0.437,-0.627,-0.32,0.747,-0.383,0.607,-0.492,0.098,0.602,-0.292,0.48,-0.459,-0.535,0.194,0.446,-0.433,-0.49,0.376,0.735,-0.57,-0.422,0.393,0.188,0.719,0.25,-0.504,0.055,0.249,-0.361,-0.534,0.625,0.044,0.241,0.469,-0.578,-0.527,-0.276,-0.475,-0.516,0.504,-0.606,-0.507,-0.175,-0.624,0.724,0.743,-0.373,-0.508,0.106,0.235,-0.474,-0.545,-0.101,-0.432,-0.53,0.729,-0.574,0.34,-0.433,0.51,-0.557,0.619,-0.374,-0.5,0.606,0.539,0.215,-0.008,0.423,-0.522,-0.568
AGNCN,0.094,0.004,0.0,-0.112,-0.148,0.004,0.259,-0.034,0.11,0.096,0.184,-0.254,0.069,0.235,0.223,-0.223,-0.077,0.056,0.083,-0.008,0.152,0.11,-0.011,0.01,0.159,-0.165,0.049,0.103,0.456,0.064,0.015,-0.209,0.079,0.247,-0.038,0.006,0.505,0.052,-0.351,0.017,0.152,-0.006,0.089,0.163,0.266,0.226,0.075,0.026,0.187,-0.173,0.234,0.209,-0.036,0.172,0.003,0.048,-0.005,-0.022,0.008,0.206,-0.123,-0.247,0.623,0.182,0.007,0.239,0.047,0.273,0.275,0.21,0.13,-0.113,0.181,0.026,-0.143,0.074,0.158,0.319,0.314,-0.44,0.086,-0.121,0.293,-0.41,0.195,0.152,0.314,0.009,0.335,0.119,0.079,-0.005,-0.116,-0.032,-0.004,0.189,0.215,-0.01,0.169,0.226,0.047,0.054,0.241,-0.081,-0.038,0.165,0.082,0.103,-0.096,0.008,0.059,-0.131,0.162,0.148,0.081,0.12,0.058,0.425,-0.006,0.107,0.186,0.357,-0.132,-0.048,-0.073,0.232,0.361,0.164,-0.16,-0.134,0.007,0.227,0.084,-0.03,0.07,-0.082,0.08,0.192,-0.194,-0.322,-0.139,0.079,0.245,0.034,-0.184,-0.263,0.393,0.06,0.011,0.19,-0.017,-0.153,-0.107,-0.374,0.041,-0.071,0.178,0.11,0.065,0.485,0.016,-0.444,-0.046,0.082,-0.02,-0.165,-0.281,-0.227,0.065,-0.009,0.136,-0.071,0.13,-0.216,0.07,0.169,0.101,0.214,0.455,0.118,-0.013,-0.066,-0.313,0.147,0.056,-0.069,0.086,0.139,-0.087,0.045,0.154,0.298,0.328,-0.147,0.197,-0.398,0.323,-0.041,-0.007,-0.004
AKAM,-0.651,0.362,-0.112,0.0,-0.344,-0.536,-0.439,-0.328,-0.563,-0.585,0.491,0.709,-0.58,0.348,-0.318,-0.281,-0.471,-0.557,-0.28,-0.556,0.275,-0.58,-0.52,0.251,-0.491,-0.326,-0.648,-0.595,-0.272,-0.554,-0.513,-0.16,-0.539,-0.412,-0.599,-0.135,-0.158,-0.512,0.503,-0.4,-0.559,-0.385,-0.502,-0.744,-0.713,-0.61,-0.231,-0.501,-0.588,0.414,-0.451,-0.65,-0.208,-0.475,-0.556,0.393,0.544,0.35,0.278,0.22,-0.321,-0.102,-0.191,-0.504,-0.436,-0.429,0.084,-0.635,0.071,-0.599,0.569,-0.251,-0.516,-0.546,0.398,-0.275,-0.451,-0.31,-0.513,0.683,-0.556,-0.318,-0.013,0.084,-0.538,-0.351,0.36,-0.377,-0.055,-0.351,-0.678,0.509,-0.601,-0.241,-0.444,-0.532,-0.706,-0.674,0.394,-0.622,-0.343,-0.544,0.195,-0.037,-0.479,-0.59,-0.571,-0.435,-0.329,0.792,-0.611,-0.136,-0.341,0.44,0.47,-0.064,-0.668,-0.301,-0.48,-0.644,-0.175,0.375,0.792,-0.123,-0.06,0.453,-0.39,0.428,-0.423,0.617,-0.558,-0.504,0.355,-0.304,0.557,-0.461,0.576,0.473,-0.076,0.825,-0.234,-0.639,-0.51,0.738,0.038,-0.203,-0.006,0.474,-0.363,0.213,0.176,-0.11,0.723,0.622,-0.617,0.7,-0.096,-0.437,-0.303,0.097,-0.402,0.774,0.775,-0.631,-0.5,-0.265,-0.138,-0.34,-0.067,-0.465,-0.534,-0.42,-0.46,0.664,0.653,-0.702,-0.541,-0.011,-0.416,-0.555,-0.364,-0.307,-0.419,-0.581,0.51,-0.536,0.27,-0.34,0.654,-0.529,0.445,-0.689,-0.671,0.437,0.308,0.739,-0.224,0.74,-0.497,-0.304
AKRO,0.658,-0.52,-0.148,-0.344,0.0,0.807,0.639,0.761,0.818,0.799,-0.447,-0.542,0.793,-0.785,0.635,0.749,0.723,0.782,0.677,0.823,-0.614,0.5,0.794,0.343,0.747,0.797,0.799,0.711,-0.201,0.792,0.811,0.759,0.821,-0.15,0.63,-0.484,-0.499,0.804,-0.375,0.708,0.772,0.852,0.787,0.737,0.47,0.635,0.878,0.838,0.763,-0.266,0.778,0.669,0.491,0.73,0.636,-0.746,-0.352,-0.254,0.388,-0.725,0.785,0.809,-0.181,0.689,0.843,0.519,-0.52,0.414,-0.446,0.432,-0.545,0.453,0.616,0.755,-0.463,0.69,0.733,0.19,0.503,-0.382,0.715,0.74,-0.487,0.684,0.631,0.803,-0.613,0.755,-0.327,0.784,0.552,0.219,0.822,0.783,0.725,0.721,0.735,0.765,-0.233,0.656,0.857,0.814,-0.488,0.362,0.828,0.726,0.774,0.638,0.734,-0.378,0.756,0.641,0.667,-0.745,-0.304,0.55,0.674,0.443,0.803,0.674,0.539,-0.673,-0.526,0.682,0.679,-0.888,0.511,-0.536,0.845,-0.1,0.844,0.622,-0.637,0.563,-0.714,0.787,-0.444,-0.739,0.391,-0.508,0.568,0.814,0.346,-0.352,0.173,0.558,-0.145,-0.75,0.771,0.459,0.098,-0.078,-0.616,0.041,0.792,-0.208,0.267,0.782,0.748,-0.511,0.559,-0.198,-0.55,0.824,0.806,0.375,0.716,0.901,-0.146,0.784,0.741,0.576,0.85,-0.421,-0.72,0.583,0.79,0.133,0.084,0.804,0.827,0.153,0.766,0.642,-0.54,0.683,-0.461,0.704,-0.371,0.779,-0.713,0.633,0.683,-0.097,-0.613,-0.243,0.502,-0.468,0.823,0.785
ALRM,0.677,-0.458,0.004,-0.536,0.807,0.0,0.85,0.914,0.936,0.914,-0.706,-0.721,0.929,-0.713,0.773,0.51,0.838,0.925,0.783,0.955,-0.595,0.792,0.928,0.149,0.84,0.831,0.942,0.945,-0.161,0.953,0.943,0.763,0.948,0.258,0.767,-0.299,-0.375,0.781,-0.556,0.734,0.908,0.873,0.87,0.848,0.756,0.638,0.778,0.965,0.898,-0.057,0.814,0.87,0.684,0.877,0.901,-0.766,-0.54,-0.478,0.495,-0.755,0.807,0.647,-0.155,0.922,0.883,0.646,-0.116,0.549,-0.243,0.715,-0.815,0.672,0.864,0.923,-0.49,0.851,0.899,0.027,0.593,-0.672,0.887,0.901,-0.336,0.49,0.895,0.749,-0.618,0.916,-0.169,0.832,0.863,-0.266,0.902,0.81,0.891,0.891,0.876,0.869,-0.306,0.884,0.907,0.848,-0.69,0.537,0.925,0.857,0.922,0.849,0.422,-0.652,0.942,0.627,0.846,-0.819,-0.211,0.73,0.639,0.59,0.969,0.939,0.372,-0.658,-0.836,0.741,0.746,-0.836,0.782,-0.682,0.898,-0.339,0.919,0.887,-0.641,0.862,-0.911,0.91,-0.757,-0.87,0.614,-0.703,0.802,0.952,0.424,-0.687,0.173,0.748,-0.201,-0.79,0.814,0.157,0.261,-0.108,-0.745,-0.071,0.851,-0.354,0.354,0.848,0.899,-0.464,0.761,-0.575,-0.851,0.932,0.964,0.695,0.674,0.873,-0.208,0.892,0.948,0.872,0.877,-0.469,-0.853,0.91,0.96,0.505,0.293,0.804,0.924,0.564,0.851,0.888,-0.549,0.899,-0.696,0.422,-0.561,0.926,-0.808,0.664,0.875,-0.242,-0.819,-0.573,0.64,-0.774,0.979,0.862
AMAT,0.738,-0.337,0.259,-0.439,0.639,0.85,0.0,0.739,0.872,0.912,-0.594,-0.642,0.891,-0.594,0.872,0.539,0.878,0.87,0.919,0.886,-0.511,0.865,0.87,0.137,0.877,0.62,0.863,0.88,0.002,0.908,0.89,0.741,0.904,0.371,0.686,-0.263,-0.191,0.753,-0.624,0.795,0.912,0.863,0.896,0.809,0.83,0.725,0.771,0.867,0.931,-0.063,0.864,0.94,0.809,0.846,0.87,-0.677,-0.305,-0.303,0.523,-0.548,0.776,0.558,0.091,0.928,0.823,0.609,-0.04,0.517,-0.097,0.48,-0.634,0.647,0.884,0.892,-0.472,0.786,0.925,0.142,0.5,-0.673,0.87,0.794,-0.034,0.331,0.852,0.771,-0.4,0.915,-0.003,0.838,0.852,-0.089,0.761,0.795,0.842,0.905,0.774,0.818,0.0,0.811,0.785,0.852,-0.459,0.648,0.801,0.91,0.911,0.669,0.358,-0.424,0.911,0.644,0.946,-0.655,-0.177,0.834,0.567,0.834,0.867,0.876,0.616,-0.47,-0.761,0.679,0.688,-0.631,0.893,-0.475,0.737,-0.226,0.868,0.956,-0.338,0.779,-0.763,0.836,-0.56,-0.707,0.614,-0.669,0.7,0.874,0.46,-0.547,-0.137,0.59,-0.139,-0.653,0.649,0.393,0.144,-0.313,-0.597,-0.22,0.846,-0.281,0.526,0.797,0.872,-0.167,0.606,-0.609,-0.703,0.895,0.819,0.487,0.657,0.705,-0.004,0.777,0.832,0.807,0.817,-0.404,-0.662,0.878,0.917,0.66,0.41,0.84,0.848,0.457,0.676,0.859,-0.413,0.805,-0.435,0.406,-0.349,0.879,-0.556,0.729,0.831,-0.24,-0.65,-0.628,0.777,-0.661,0.87,0.857
AMED,0.485,-0.498,-0.034,-0.328,0.761,0.914,0.739,0.0,0.887,0.814,-0.72,-0.606,0.827,-0.766,0.782,0.364,0.765,0.875,0.704,0.861,-0.69,0.655,0.874,0.34,0.772,0.866,0.833,0.794,-0.397,0.87,0.888,0.765,0.877,0.099,0.565,-0.373,-0.577,0.723,-0.526,0.659,0.746,0.845,0.789,0.655,0.554,0.426,0.779,0.919,0.76,0.075,0.731,0.712,0.711,0.782,0.799,-0.735,-0.549,-0.597,0.573,-0.869,0.809,0.697,-0.36,0.825,0.771,0.503,-0.065,0.261,-0.353,0.62,-0.804,0.727,0.761,0.8,-0.573,0.909,0.823,-0.2,0.393,-0.486,0.812,0.931,-0.426,0.635,0.761,0.632,-0.666,0.87,-0.337,0.723,0.697,-0.191,0.816,0.825,0.872,0.83,0.699,0.751,-0.134,0.694,0.84,0.717,-0.833,0.603,0.892,0.685,0.832,0.835,0.329,-0.501,0.788,0.717,0.828,-0.847,-0.002,0.797,0.434,0.49,0.935,0.839,0.317,-0.706,-0.658,0.85,0.876,-0.833,0.669,-0.715,0.904,-0.24,0.84,0.801,-0.697,0.89,-0.882,0.866,-0.598,-0.91,0.715,-0.517,0.871,0.831,0.189,-0.599,0.373,0.821,-0.381,-0.703,0.814,0.227,0.271,-0.092,-0.646,0.162,0.715,-0.076,0.29,0.73,0.907,-0.612,0.625,-0.401,-0.689,0.812,0.934,0.796,0.694,0.836,-0.411,0.807,0.872,0.805,0.822,-0.394,-0.807,0.755,0.882,0.549,0.014,0.643,0.918,0.497,0.809,0.781,-0.566,0.857,-0.753,0.287,-0.48,0.872,-0.817,0.413,0.732,-0.264,-0.891,-0.328,0.589,-0.61,0.925,0.861
AMRN,0.775,-0.61,0.11,-0.563,0.818,0.936,0.872,0.887,0.0,0.961,-0.688,-0.773,0.961,-0.794,0.857,0.585,0.871,0.965,0.801,0.949,-0.73,0.787,0.953,0.268,0.936,0.831,0.96,0.902,-0.115,0.951,0.964,0.764,0.977,0.138,0.689,-0.364,-0.378,0.905,-0.722,0.814,0.919,0.941,0.949,0.88,0.751,0.715,0.869,0.976,0.923,-0.158,0.89,0.902,0.708,0.866,0.847,-0.781,-0.55,-0.481,0.419,-0.773,0.877,0.693,-0.067,0.911,0.888,0.579,-0.216,0.499,-0.345,0.629,-0.777,0.671,0.867,0.899,-0.658,0.878,0.909,0.044,0.547,-0.696,0.941,0.885,-0.312,0.514,0.815,0.815,-0.644,0.906,-0.266,0.851,0.812,-0.107,0.91,0.866,0.915,0.942,0.871,0.908,-0.177,0.823,0.873,0.89,-0.645,0.554,0.934,0.861,0.968,0.766,0.499,-0.599,0.925,0.725,0.884,-0.85,-0.234,0.738,0.704,0.665,0.964,0.936,0.58,-0.704,-0.808,0.79,0.782,-0.863,0.753,-0.671,0.901,-0.322,0.965,0.888,-0.654,0.804,-0.899,0.9,-0.579,-0.88,0.589,-0.757,0.76,0.958,0.384,-0.638,0.175,0.705,-0.242,-0.826,0.833,0.374,0.067,-0.138,-0.791,-0.196,0.9,-0.268,0.349,0.846,0.914,-0.444,0.611,-0.585,-0.796,0.97,0.939,0.591,0.717,0.849,-0.239,0.884,0.915,0.756,0.941,-0.606,-0.882,0.875,0.967,0.43,0.222,0.872,0.929,0.403,0.801,0.88,-0.636,0.897,-0.603,0.532,-0.544,0.963,-0.756,0.718,0.896,-0.351,-0.781,-0.559,0.665,-0.729,0.961,0.896
ANGI,0.821,-0.563,0.096,-0.585,0.799,0.914,0.912,0.814,0.961,0.0,-0.71,-0.751,0.971,-0.789,0.834,0.649,0.926,0.952,0.852,0.962,-0.703,0.832,0.957,0.211,0.945,0.793,0.97,0.912,-0.116,0.941,0.976,0.8,0.976,0.205,0.727,-0.375,-0.351,0.897,-0.697,0.828,0.937,0.947,0.96,0.899,0.778,0.754,0.859,0.955,0.943,-0.181,0.888,0.945,0.744,0.849,0.878,-0.758,-0.477,-0.4,0.398,-0.723,0.878,0.701,-0.043,0.899,0.901,0.562,-0.214,0.52,-0.324,0.543,-0.742,0.688,0.858,0.92,-0.626,0.796,0.905,0.125,0.544,-0.685,0.948,0.855,-0.291,0.482,0.802,0.828,-0.647,0.915,-0.253,0.861,0.86,-0.071,0.909,0.861,0.913,0.943,0.843,0.927,-0.179,0.822,0.839,0.926,-0.584,0.591,0.922,0.901,0.984,0.685,0.518,-0.585,0.95,0.704,0.906,-0.84,-0.34,0.744,0.713,0.679,0.947,0.938,0.634,-0.69,-0.83,0.758,0.728,-0.82,0.761,-0.657,0.879,-0.316,0.981,0.9,-0.549,0.785,-0.893,0.914,-0.583,-0.851,0.603,-0.763,0.737,0.959,0.386,-0.65,0.036,0.684,-0.261,-0.827,0.727,0.393,0.022,-0.224,-0.756,-0.253,0.921,-0.328,0.354,0.817,0.896,-0.402,0.573,-0.583,-0.816,0.979,0.902,0.527,0.739,0.838,-0.123,0.875,0.887,0.779,0.906,-0.562,-0.863,0.885,0.961,0.441,0.262,0.899,0.916,0.441,0.8,0.898,-0.608,0.897,-0.51,0.529,-0.485,0.956,-0.742,0.773,0.864,-0.347,-0.759,-0.598,0.639,-0.763,0.942,0.9
APA,-0.527,0.51,0.184,0.491,-0.447,-0.706,-0.594,-0.72,-0.688,-0.71,0.0,0.546,-0.722,0.764,-0.552,-0.216,-0.737,-0.73,-0.534,-0.717,0.679,-0.66,-0.758,-0.228,-0.598,-0.716,-0.7,-0.624,0.471,-0.683,-0.765,-0.687,-0.694,-0.239,-0.465,0.125,0.542,-0.615,0.529,-0.618,-0.551,-0.676,-0.649,-0.548,-0.495,-0.298,-0.508,-0.735,-0.545,-0.119,-0.467,-0.6,-0.713,-0.544,-0.769,0.546,0.59,0.719,-0.272,0.757,-0.655,-0.514,0.508,-0.591,-0.531,-0.087,-0.232,-0.118,0.437,-0.42,0.853,-0.851,-0.554,-0.609,0.611,-0.623,-0.657,0.316,-0.106,0.358,-0.736,-0.743,0.3,-0.55,-0.494,-0.34,0.738,-0.691,0.464,-0.464,-0.698,0.378,-0.738,-0.669,-0.776,-0.635,-0.44,-0.691,0.124,-0.447,-0.464,-0.573,0.812,-0.633,-0.709,-0.597,-0.72,-0.522,-0.23,0.563,-0.651,-0.664,-0.696,0.841,0.112,-0.646,-0.381,-0.194,-0.765,-0.739,-0.222,0.708,0.692,-0.674,-0.629,0.658,-0.387,0.869,-0.74,0.471,-0.713,-0.659,0.563,-0.789,0.894,-0.747,0.461,0.881,-0.75,0.458,-0.794,-0.671,0.063,0.812,-0.271,-0.839,0.69,0.589,-0.495,0.008,0.147,0.214,0.617,-0.024,-0.644,0.14,-0.133,-0.372,-0.667,0.686,-0.29,0.432,0.727,-0.673,-0.716,-0.755,-0.626,-0.622,0.286,-0.687,-0.646,-0.709,-0.515,0.461,0.81,-0.683,-0.684,-0.511,0.162,-0.441,-0.711,-0.619,-0.717,-0.74,0.696,-0.851,0.527,0.024,0.482,-0.732,0.726,-0.242,-0.501,0.555,0.874,0.312,-0.211,0.673,-0.747,-0.708
APOG,-0.689,0.683,-0.254,0.709,-0.542,-0.721,-0.642,-0.606,-0.773,-0.751,0.546,0.0,-0.764,0.545,-0.475,-0.312,-0.561,-0.756,-0.459,-0.699,0.589,-0.538,-0.677,-0.089,-0.705,-0.577,-0.799,-0.755,-0.141,-0.684,-0.726,-0.338,-0.782,-0.219,-0.478,0.32,0.069,-0.707,0.759,-0.573,-0.759,-0.635,-0.709,-0.814,-0.663,-0.633,-0.565,-0.736,-0.77,0.454,-0.745,-0.76,-0.36,-0.57,-0.567,0.51,0.714,0.59,0.003,0.568,-0.511,-0.319,-0.257,-0.643,-0.691,-0.459,0.252,-0.641,0.376,-0.781,0.557,-0.448,-0.691,-0.627,0.722,-0.542,-0.635,-0.113,-0.749,0.84,-0.744,-0.564,0.279,-0.101,-0.679,-0.642,0.524,-0.544,0.206,-0.659,-0.621,0.295,-0.669,-0.484,-0.587,-0.731,-0.806,-0.71,0.42,-0.802,-0.673,-0.636,0.414,-0.086,-0.707,-0.727,-0.743,-0.614,-0.337,0.828,-0.733,-0.258,-0.618,0.679,0.463,-0.346,-0.665,-0.436,-0.708,-0.784,-0.402,0.515,0.864,-0.462,-0.39,0.646,-0.613,0.657,-0.605,0.722,-0.75,-0.684,0.639,-0.484,0.746,-0.608,0.6,0.65,-0.216,0.874,-0.435,-0.77,-0.344,0.769,-0.135,-0.372,-0.044,0.758,-0.643,-0.14,0.023,0.224,0.932,0.548,-0.669,0.575,0.029,-0.659,-0.61,0.298,-0.409,0.76,0.828,-0.791,-0.694,-0.318,-0.267,-0.525,0.379,-0.756,-0.792,-0.449,-0.744,0.853,0.816,-0.787,-0.764,-0.183,-0.342,-0.713,-0.616,-0.29,-0.473,-0.739,0.697,-0.668,0.573,-0.552,0.83,-0.676,0.732,-0.755,-0.868,0.593,0.495,0.78,-0.306,0.749,-0.692,-0.567
APPS,0.823,-0.58,0.069,-0.58,0.793,0.929,0.891,0.827,0.961,0.971,-0.722,-0.764,0.0,-0.785,0.798,0.635,0.899,0.963,0.828,0.964,-0.702,0.834,0.963,0.25,0.937,0.848,0.966,0.926,-0.092,0.931,0.971,0.795,0.967,0.19,0.735,-0.315,-0.343,0.902,-0.647,0.836,0.942,0.941,0.964,0.898,0.763,0.756,0.842,0.97,0.925,-0.173,0.878,0.922,0.724,0.852,0.885,-0.768,-0.535,-0.475,0.404,-0.729,0.862,0.705,-0.051,0.915,0.904,0.54,-0.181,0.568,-0.347,0.599,-0.792,0.717,0.854,0.905,-0.621,0.815,0.893,0.075,0.569,-0.683,0.947,0.862,-0.31,0.491,0.81,0.828,-0.64,0.904,-0.258,0.862,0.853,-0.111,0.927,0.869,0.911,0.92,0.843,0.92,-0.201,0.842,0.859,0.911,-0.599,0.562,0.933,0.918,0.977,0.711,0.51,-0.624,0.953,0.693,0.886,-0.847,-0.299,0.736,0.732,0.613,0.958,0.934,0.604,-0.711,-0.841,0.775,0.738,-0.828,0.737,-0.696,0.895,-0.353,0.967,0.903,-0.608,0.789,-0.889,0.902,-0.61,-0.855,0.613,-0.756,0.746,0.958,0.388,-0.688,0.119,0.711,-0.256,-0.849,0.784,0.351,0.024,-0.23,-0.784,-0.223,0.914,-0.31,0.313,0.82,0.887,-0.416,0.601,-0.582,-0.83,0.969,0.908,0.559,0.731,0.85,-0.145,0.93,0.915,0.777,0.925,-0.595,-0.878,0.907,0.966,0.465,0.252,0.877,0.926,0.46,0.828,0.918,-0.644,0.899,-0.539,0.514,-0.556,0.961,-0.754,0.745,0.874,-0.356,-0.764,-0.581,0.613,-0.756,0.958,0.884
ARCB,-0.687,0.733,0.235,0.348,-0.785,-0.713,-0.594,-0.766,-0.794,-0.789,0.764,0.545,-0.785,0.0,-0.62,-0.601,-0.796,-0.811,-0.644,-0.777,0.88,-0.539,-0.843,-0.514,-0.767,-0.859,-0.762,-0.619,0.505,-0.721,-0.847,-0.857,-0.792,0.211,-0.457,0.499,0.746,-0.846,0.57,-0.797,-0.642,-0.879,-0.801,-0.606,-0.351,-0.467,-0.835,-0.829,-0.634,0.081,-0.627,-0.609,-0.688,-0.544,-0.649,0.71,0.487,0.536,-0.309,0.901,-0.867,-0.851,0.458,-0.586,-0.739,-0.142,0.282,-0.11,0.733,-0.266,0.704,-0.745,-0.529,-0.633,0.742,-0.728,-0.698,0.198,-0.179,0.274,-0.801,-0.782,0.528,-0.815,-0.432,-0.651,0.854,-0.741,0.697,-0.645,-0.536,-0.144,-0.812,-0.855,-0.824,-0.719,-0.517,-0.772,0.087,-0.424,-0.634,-0.732,0.726,-0.574,-0.833,-0.626,-0.802,-0.447,-0.593,0.388,-0.67,-0.828,-0.734,0.929,0.26,-0.637,-0.556,-0.279,-0.808,-0.673,-0.615,0.887,0.524,-0.801,-0.767,0.877,-0.338,0.806,-0.877,0.24,-0.849,-0.601,0.669,-0.677,0.837,-0.824,0.27,0.894,-0.66,0.421,-0.737,-0.731,0.091,0.529,-0.308,-0.782,0.604,0.752,-0.695,-0.479,0.233,0.239,0.651,-0.069,-0.776,0.027,-0.123,-0.532,-0.755,0.789,-0.221,0.162,0.56,-0.782,-0.764,-0.538,-0.834,-0.828,0.318,-0.764,-0.64,-0.576,-0.734,0.525,0.82,-0.546,-0.732,-0.22,0.307,-0.648,-0.834,-0.238,-0.792,-0.688,0.769,-0.817,0.448,-0.386,0.37,-0.8,0.758,-0.394,-0.524,0.449,0.815,0.124,-0.309,0.529,-0.795,-0.847
ARCC,0.583,-0.342,0.223,-0.318,0.635,0.773,0.872,0.782,0.857,0.834,-0.552,-0.475,0.798,-0.62,0.0,0.482,0.817,0.828,0.827,0.818,-0.556,0.784,0.83,0.213,0.823,0.632,0.775,0.749,-0.121,0.871,0.824,0.726,0.833,0.194,0.557,-0.219,-0.319,0.724,-0.629,0.739,0.775,0.841,0.829,0.672,0.723,0.561,0.781,0.822,0.81,0.063,0.796,0.803,0.794,0.843,0.803,-0.672,-0.266,-0.264,0.566,-0.601,0.813,0.598,-0.08,0.86,0.712,0.57,0.017,0.281,-0.069,0.351,-0.65,0.606,0.833,0.837,-0.446,0.863,0.869,0.002,0.283,-0.522,0.792,0.821,-0.007,0.466,0.736,0.674,-0.411,0.891,-0.073,0.732,0.75,-0.018,0.716,0.817,0.825,0.858,0.669,0.753,0.128,0.637,0.713,0.754,-0.548,0.714,0.761,0.732,0.841,0.677,0.334,-0.273,0.781,0.792,0.868,-0.619,0.073,0.847,0.46,0.813,0.833,0.806,0.571,-0.46,-0.579,0.737,0.795,-0.664,0.768,-0.391,0.75,0.001,0.801,0.865,-0.357,0.771,-0.711,0.8,-0.411,-0.725,0.653,-0.531,0.707,0.79,0.367,-0.388,-0.014,0.647,-0.275,-0.547,0.683,0.453,0.147,-0.085,-0.464,-0.049,0.779,-0.052,0.636,0.748,0.854,-0.216,0.563,-0.461,-0.55,0.806,0.806,0.538,0.717,0.689,-0.034,0.639,0.727,0.728,0.794,-0.258,-0.598,0.732,0.844,0.612,0.222,0.754,0.835,0.354,0.666,0.735,-0.35,0.755,-0.476,0.34,-0.179,0.867,-0.452,0.532,0.728,-0.134,-0.679,-0.408,0.834,-0.512,0.827,0.847
ARVN,0.69,-0.353,-0.223,-0.281,0.749,0.51,0.539,0.364,0.585,0.649,-0.216,-0.312,0.635,-0.601,0.482,0.0,0.68,0.579,0.644,0.636,-0.487,0.479,0.623,0.118,0.671,0.515,0.616,0.536,-0.048,0.584,0.613,0.654,0.61,-0.168,0.55,-0.37,-0.303,0.68,-0.274,0.654,0.652,0.703,0.691,0.617,0.426,0.651,0.68,0.58,0.635,-0.274,0.619,0.602,0.454,0.5,0.468,-0.601,-0.114,0.121,0.226,-0.387,0.706,0.704,-0.018,0.513,0.71,0.381,-0.578,0.339,-0.315,0.025,-0.298,0.274,0.464,0.627,-0.298,0.398,0.533,0.263,0.294,-0.238,0.562,0.494,-0.257,0.481,0.396,0.708,-0.421,0.581,-0.216,0.621,0.45,0.367,0.649,0.634,0.547,0.564,0.511,0.639,-0.119,0.437,0.573,0.751,-0.137,0.355,0.605,0.593,0.632,0.216,0.659,-0.162,0.63,0.509,0.514,-0.493,-0.456,0.355,0.593,0.471,0.55,0.479,0.7,-0.523,-0.359,0.435,0.431,-0.624,0.344,-0.24,0.621,0.074,0.677,0.452,-0.21,0.305,-0.42,0.595,-0.24,-0.457,0.307,-0.369,0.322,0.61,0.343,-0.126,-0.169,0.317,-0.105,-0.599,0.429,0.549,-0.041,-0.143,-0.39,-0.196,0.703,-0.209,0.212,0.605,0.514,-0.254,0.332,-0.039,-0.345,0.664,0.518,0.05,0.693,0.694,0.15,0.547,0.413,0.401,0.645,-0.278,-0.458,0.408,0.571,-0.024,0.105,0.756,0.581,0.011,0.643,0.424,-0.347,0.476,-0.044,0.645,-0.115,0.6,-0.364,0.63,0.422,0.023,-0.325,-0.201,0.402,-0.357,0.56,0.592
ATEC,0.763,-0.46,-0.077,-0.471,0.723,0.838,0.878,0.765,0.871,0.926,-0.737,-0.561,0.899,-0.796,0.817,0.68,0.0,0.896,0.908,0.907,-0.669,0.853,0.928,0.194,0.883,0.746,0.883,0.828,-0.272,0.904,0.934,0.878,0.893,0.175,0.68,-0.285,-0.474,0.84,-0.578,0.857,0.844,0.921,0.91,0.768,0.732,0.636,0.788,0.886,0.863,-0.043,0.779,0.882,0.867,0.766,0.896,-0.749,-0.313,-0.325,0.471,-0.696,0.906,0.737,-0.226,0.849,0.829,0.467,-0.114,0.318,-0.328,0.342,-0.747,0.761,0.794,0.891,-0.509,0.77,0.872,-0.015,0.313,-0.482,0.889,0.855,-0.214,0.58,0.729,0.724,-0.62,0.933,-0.268,0.748,0.846,-0.05,0.869,0.875,0.905,0.879,0.673,0.88,-0.003,0.66,0.719,0.876,-0.603,0.736,0.865,0.821,0.929,0.585,0.475,-0.424,0.89,0.79,0.9,-0.821,-0.267,0.79,0.578,0.631,0.895,0.855,0.615,-0.687,-0.708,0.748,0.749,-0.769,0.69,-0.606,0.865,-0.157,0.919,0.86,-0.389,0.799,-0.834,0.918,-0.488,-0.841,0.745,-0.568,0.789,0.866,0.267,-0.598,0.004,0.745,-0.433,-0.7,0.642,0.388,0.02,-0.236,-0.574,-0.108,0.899,-0.182,0.449,0.724,0.858,-0.431,0.516,-0.405,-0.701,0.903,0.856,0.586,0.823,0.831,-0.003,0.774,0.764,0.832,0.802,-0.379,-0.766,0.802,0.889,0.52,0.108,0.804,0.89,0.445,0.856,0.835,-0.508,0.881,-0.422,0.35,-0.283,0.911,-0.662,0.609,0.68,-0.266,-0.795,-0.422,0.61,-0.657,0.888,0.904
ATXS,0.792,-0.61,0.056,-0.557,0.782,0.925,0.87,0.875,0.965,0.952,-0.73,-0.756,0.963,-0.811,0.828,0.579,0.896,0.0,0.816,0.947,-0.74,0.829,0.965,0.277,0.921,0.846,0.96,0.905,-0.167,0.931,0.97,0.792,0.963,0.157,0.68,-0.364,-0.422,0.887,-0.671,0.839,0.904,0.937,0.944,0.851,0.73,0.691,0.844,0.971,0.908,-0.113,0.85,0.894,0.758,0.83,0.878,-0.755,-0.558,-0.521,0.405,-0.786,0.881,0.717,-0.13,0.906,0.891,0.539,-0.153,0.477,-0.366,0.607,-0.806,0.736,0.843,0.891,-0.662,0.867,0.901,0.008,0.507,-0.65,0.947,0.895,-0.331,0.541,0.803,0.783,-0.666,0.91,-0.307,0.825,0.829,-0.139,0.912,0.872,0.923,0.925,0.831,0.914,-0.136,0.801,0.84,0.873,-0.684,0.599,0.935,0.865,0.968,0.758,0.467,-0.621,0.917,0.742,0.889,-0.873,-0.218,0.751,0.69,0.622,0.964,0.931,0.574,-0.722,-0.81,0.806,0.789,-0.859,0.722,-0.698,0.921,-0.339,0.958,0.893,-0.627,0.823,-0.902,0.907,-0.597,-0.895,0.644,-0.729,0.799,0.938,0.325,-0.677,0.203,0.745,-0.32,-0.821,0.823,0.344,0.046,-0.169,-0.774,-0.163,0.904,-0.255,0.326,0.79,0.907,-0.471,0.581,-0.542,-0.807,0.954,0.935,0.625,0.739,0.848,-0.204,0.886,0.916,0.789,0.915,-0.57,-0.885,0.884,0.961,0.461,0.165,0.837,0.933,0.447,0.84,0.891,-0.649,0.915,-0.594,0.462,-0.536,0.956,-0.773,0.678,0.855,-0.362,-0.814,-0.537,0.632,-0.731,0.955,0.905
AVAV,0.689,-0.295,0.083,-0.28,0.677,0.783,0.919,0.704,0.801,0.852,-0.534,-0.459,0.828,-0.644,0.827,0.644,0.908,0.816,0.0,0.844,-0.523,0.827,0.859,0.17,0.852,0.65,0.783,0.812,-0.167,0.861,0.863,0.829,0.831,0.165,0.654,-0.328,-0.376,0.733,-0.488,0.816,0.833,0.875,0.872,0.682,0.691,0.634,0.802,0.824,0.87,0.048,0.8,0.861,0.855,0.778,0.843,-0.706,-0.154,-0.178,0.652,-0.573,0.847,0.688,-0.072,0.863,0.824,0.554,-0.091,0.335,-0.185,0.28,-0.599,0.631,0.781,0.859,-0.363,0.783,0.877,0.029,0.354,-0.471,0.829,0.804,-0.108,0.501,0.785,0.757,-0.393,0.922,-0.102,0.792,0.769,0.066,0.728,0.838,0.837,0.844,0.641,0.744,0.084,0.669,0.726,0.848,-0.479,0.724,0.779,0.828,0.862,0.558,0.422,-0.233,0.854,0.735,0.899,-0.644,-0.133,0.852,0.467,0.752,0.822,0.778,0.65,-0.516,-0.587,0.694,0.737,-0.618,0.792,-0.448,0.774,-0.004,0.822,0.863,-0.229,0.761,-0.683,0.866,-0.423,-0.677,0.674,-0.455,0.734,0.803,0.345,-0.4,-0.106,0.642,-0.247,-0.606,0.629,0.499,0.145,-0.334,-0.443,-0.027,0.83,-0.084,0.568,0.751,0.842,-0.241,0.578,-0.356,-0.559,0.831,0.799,0.489,0.768,0.773,0.06,0.702,0.728,0.791,0.788,-0.237,-0.593,0.751,0.861,0.619,0.234,0.768,0.864,0.378,0.746,0.772,-0.331,0.777,-0.354,0.369,-0.146,0.853,-0.512,0.603,0.655,-0.102,-0.667,-0.418,0.766,-0.522,0.835,0.882
AXON,0.765,-0.496,-0.008,-0.556,0.823,0.955,0.886,0.861,0.949,0.962,-0.717,-0.699,0.964,-0.777,0.818,0.636,0.907,0.947,0.844,0.0,-0.661,0.857,0.966,0.151,0.901,0.823,0.962,0.936,-0.159,0.958,0.972,0.826,0.967,0.217,0.793,-0.296,-0.389,0.86,-0.584,0.798,0.936,0.934,0.935,0.883,0.777,0.72,0.825,0.968,0.921,-0.085,0.835,0.915,0.736,0.88,0.914,-0.804,-0.5,-0.411,0.462,-0.739,0.872,0.715,-0.146,0.926,0.904,0.6,-0.16,0.52,-0.273,0.581,-0.813,0.689,0.871,0.943,-0.537,0.834,0.905,0.067,0.538,-0.645,0.92,0.893,-0.314,0.52,0.842,0.814,-0.663,0.935,-0.224,0.857,0.888,-0.157,0.941,0.859,0.918,0.92,0.848,0.922,-0.241,0.837,0.868,0.901,-0.633,0.601,0.936,0.881,0.965,0.759,0.472,-0.603,0.966,0.7,0.875,-0.829,-0.267,0.745,0.685,0.64,0.967,0.94,0.534,-0.711,-0.827,0.752,0.739,-0.855,0.759,-0.661,0.906,-0.279,0.962,0.894,-0.588,0.833,-0.901,0.935,-0.689,-0.876,0.642,-0.706,0.776,0.96,0.422,-0.65,0.078,0.742,-0.277,-0.817,0.762,0.285,0.125,-0.134,-0.744,-0.133,0.908,-0.343,0.371,0.85,0.902,-0.454,0.689,-0.558,-0.834,0.961,0.939,0.621,0.773,0.891,-0.127,0.87,0.896,0.845,0.897,-0.48,-0.862,0.895,0.964,0.48,0.264,0.869,0.931,0.503,0.876,0.895,-0.577,0.911,-0.591,0.466,-0.508,0.964,-0.761,0.713,0.853,-0.252,-0.806,-0.553,0.67,-0.774,0.972,0.885
BANF,-0.569,0.823,0.152,0.275,-0.614,-0.595,-0.511,-0.69,-0.73,-0.703,0.679,0.589,-0.702,0.88,-0.556,-0.487,-0.669,-0.74,-0.523,-0.661,0.0,-0.452,-0.747,-0.511,-0.731,-0.785,-0.681,-0.526,0.461,-0.592,-0.753,-0.7,-0.709,0.27,-0.217,0.59,0.687,-0.769,0.658,-0.657,-0.558,-0.782,-0.721,-0.507,-0.262,-0.345,-0.75,-0.738,-0.554,0.037,-0.581,-0.535,-0.593,-0.427,-0.49,0.553,0.632,0.599,-0.237,0.859,-0.797,-0.753,0.348,-0.502,-0.662,-0.053,0.282,-0.032,0.723,-0.273,0.588,-0.644,-0.474,-0.49,0.869,-0.665,-0.572,0.286,-0.169,0.309,-0.747,-0.709,0.527,-0.662,-0.329,-0.568,0.813,-0.605,0.732,-0.579,-0.389,-0.118,-0.676,-0.77,-0.74,-0.669,-0.427,-0.636,0.072,-0.359,-0.561,-0.608,0.721,-0.495,-0.745,-0.5,-0.717,-0.363,-0.395,0.393,-0.561,-0.707,-0.656,0.86,0.221,-0.567,-0.404,-0.266,-0.728,-0.622,-0.602,0.817,0.473,-0.754,-0.715,0.756,-0.286,0.759,-0.759,0.349,-0.746,-0.516,0.653,-0.63,0.742,-0.681,0.184,0.809,-0.596,0.423,-0.695,-0.619,0.194,0.463,-0.373,-0.693,0.581,0.74,-0.597,-0.486,0.228,0.288,0.682,0.045,-0.609,-0.046,0.08,-0.427,-0.716,0.742,-0.083,0.181,0.502,-0.675,-0.67,-0.475,-0.696,-0.672,0.565,-0.708,-0.578,-0.427,-0.691,0.601,0.779,-0.472,-0.659,-0.164,0.357,-0.554,-0.736,-0.203,-0.656,-0.568,0.783,-0.729,0.449,-0.345,0.44,-0.707,0.699,-0.321,-0.479,0.579,0.736,0.156,-0.199,0.478,-0.681,-0.753
BATRK,0.708,-0.268,0.11,-0.58,0.5,0.792,0.865,0.655,0.787,0.832,-0.66,-0.538,0.834,-0.539,0.784,0.479,0.853,0.829,0.827,0.857,-0.452,0.0,0.847,-0.039,0.789,0.594,0.821,0.847,-0.032,0.847,0.825,0.678,0.792,0.411,0.746,-0.019,-0.185,0.688,-0.521,0.716,0.813,0.757,0.817,0.758,0.831,0.642,0.584,0.794,0.822,0.086,0.656,0.883,0.752,0.796,0.921,-0.615,-0.373,-0.304,0.407,-0.465,0.734,0.5,-0.067,0.887,0.719,0.543,0.155,0.48,-0.002,0.452,-0.766,0.642,0.816,0.859,-0.357,0.714,0.829,0.056,0.365,-0.599,0.827,0.751,0.033,0.289,0.801,0.605,-0.412,0.848,-0.006,0.67,0.92,-0.329,0.782,0.723,0.825,0.821,0.709,0.823,-0.037,0.728,0.622,0.775,-0.497,0.668,0.753,0.811,0.856,0.63,0.25,-0.51,0.875,0.624,0.794,-0.613,-0.083,0.712,0.556,0.701,0.808,0.858,0.451,-0.505,-0.768,0.583,0.589,-0.579,0.745,-0.464,0.713,-0.233,0.785,0.87,-0.266,0.784,-0.722,0.809,-0.607,-0.698,0.668,-0.632,0.709,0.824,0.45,-0.615,-0.051,0.654,-0.287,-0.581,0.565,0.124,0.101,-0.067,-0.551,-0.201,0.817,-0.292,0.515,0.679,0.765,-0.188,0.632,-0.621,-0.76,0.819,0.782,0.598,0.657,0.661,0.101,0.666,0.748,0.838,0.698,-0.313,-0.672,0.884,0.836,0.618,0.341,0.708,0.771,0.568,0.767,0.818,-0.379,0.819,-0.397,0.184,-0.346,0.861,-0.48,0.612,0.73,-0.205,-0.678,-0.595,0.706,-0.705,0.818,0.738
BIDU,0.766,-0.576,-0.011,-0.52,0.794,0.928,0.87,0.874,0.953,0.957,-0.758,-0.677,0.963,-0.843,0.83,0.623,0.928,0.965,0.859,0.966,-0.747,0.847,0.0,0.267,0.937,0.873,0.951,0.899,-0.259,0.936,0.982,0.862,0.955,0.145,0.703,-0.367,-0.485,0.877,-0.638,0.836,0.887,0.956,0.949,0.823,0.701,0.665,0.857,0.975,0.89,-0.032,0.812,0.887,0.793,0.825,0.901,-0.789,-0.511,-0.478,0.468,-0.802,0.928,0.778,-0.218,0.899,0.9,0.513,-0.153,0.401,-0.374,0.525,-0.826,0.744,0.822,0.905,-0.625,0.88,0.904,-0.037,0.439,-0.585,0.958,0.913,-0.345,0.595,0.786,0.781,-0.699,0.939,-0.35,0.821,0.842,-0.117,0.924,0.908,0.958,0.931,0.789,0.919,-0.159,0.76,0.83,0.896,-0.704,0.66,0.948,0.854,0.974,0.688,0.475,-0.557,0.923,0.782,0.896,-0.88,-0.215,0.789,0.639,0.605,0.972,0.926,0.584,-0.775,-0.775,0.816,0.813,-0.844,0.701,-0.721,0.943,-0.271,0.963,0.883,-0.583,0.863,-0.905,0.943,-0.576,-0.901,0.713,-0.667,0.838,0.935,0.287,-0.643,0.15,0.795,-0.404,-0.821,0.782,0.359,0.038,-0.165,-0.727,-0.087,0.908,-0.212,0.34,0.768,0.918,-0.523,0.587,-0.498,-0.785,0.947,0.936,0.66,0.815,0.88,-0.178,0.879,0.87,0.833,0.894,-0.498,-0.877,0.861,0.955,0.484,0.115,0.813,0.959,0.486,0.89,0.887,-0.633,0.93,-0.561,0.415,-0.463,0.977,-0.769,0.641,0.802,-0.327,-0.853,-0.486,0.64,-0.742,0.969,0.929
BLNE,0.184,-0.497,0.01,0.251,0.343,0.149,0.137,0.34,0.268,0.211,-0.228,-0.089,0.25,-0.514,0.213,0.118,0.194,0.277,0.17,0.151,-0.511,-0.039,0.267,0.0,0.28,0.45,0.164,0.012,-0.34,0.11,0.274,0.43,0.239,-0.483,-0.209,-0.519,-0.513,0.391,-0.175,0.375,0.093,0.384,0.29,0.02,-0.281,0.034,0.526,0.301,0.065,-0.008,0.227,0.004,0.204,0.08,0.02,-0.194,-0.08,-0.373,0.244,-0.492,0.343,0.522,-0.272,0.078,0.24,-0.298,-0.259,-0.164,-0.61,-0.039,-0.099,0.417,-0.015,0.001,-0.488,0.358,0.237,-0.186,-0.11,0.157,0.257,0.26,-0.437,0.601,-0.091,0.276,-0.338,0.213,-0.59,0.263,-0.142,0.547,0.19,0.476,0.317,0.17,-0.008,0.156,0.294,-0.06,0.284,0.189,-0.335,0.268,0.277,0.145,0.216,0.06,0.338,0.147,0.037,0.49,0.312,-0.435,0.146,0.374,0.143,-0.052,0.268,0.041,0.441,-0.406,0.109,0.578,0.512,-0.324,-0.063,-0.35,0.292,0.067,0.274,0.098,-0.5,0.223,-0.229,0.182,0.334,-0.312,0.301,0.052,0.347,0.128,-0.435,0.071,0.465,0.326,-0.391,-0.296,0.38,0.592,-0.299,-0.298,-0.105,0.362,0.173,0.515,-0.041,0.042,0.364,-0.435,-0.27,0.278,0.107,0.185,0.174,0.158,0.364,0.258,-0.323,0.373,0.21,0.014,0.314,-0.209,-0.249,-0.044,0.174,0.05,-0.51,0.097,0.38,-0.13,0.145,0.186,-0.343,0.234,-0.082,0.211,0.022,0.23,-0.256,-0.086,0.073,-0.258,-0.299,0.383,-0.014,0.173,0.243,0.421
BLNK,0.796,-0.61,0.159,-0.491,0.747,0.84,0.877,0.772,0.936,0.945,-0.598,-0.705,0.937,-0.767,0.823,0.671,0.883,0.921,0.852,0.901,-0.731,0.789,0.937,0.28,0.0,0.79,0.921,0.871,-0.106,0.871,0.935,0.784,0.931,0.093,0.64,-0.445,-0.341,0.908,-0.737,0.818,0.9,0.942,0.967,0.831,0.7,0.748,0.881,0.92,0.904,-0.143,0.87,0.905,0.73,0.774,0.796,-0.738,-0.43,-0.351,0.421,-0.697,0.897,0.737,0.017,0.878,0.901,0.53,-0.278,0.448,-0.362,0.473,-0.679,0.66,0.815,0.864,-0.653,0.827,0.853,0.058,0.521,-0.65,0.946,0.818,-0.303,0.462,0.729,0.864,-0.607,0.883,-0.31,0.844,0.772,0.038,0.85,0.88,0.902,0.948,0.788,0.876,-0.122,0.76,0.804,0.905,-0.538,0.601,0.906,0.835,0.959,0.576,0.459,-0.505,0.896,0.71,0.88,-0.805,-0.297,0.74,0.664,0.695,0.901,0.88,0.73,-0.695,-0.738,0.773,0.748,-0.757,0.734,-0.6,0.852,-0.23,0.94,0.854,-0.507,0.751,-0.798,0.86,-0.456,-0.776,0.602,-0.718,0.719,0.898,0.308,-0.533,0.057,0.649,-0.252,-0.833,0.722,0.527,-0.015,-0.245,-0.708,-0.27,0.875,-0.192,0.287,0.775,0.887,-0.37,0.491,-0.52,-0.714,0.932,0.85,0.475,0.75,0.796,-0.168,0.837,0.836,0.707,0.922,-0.551,-0.808,0.82,0.919,0.407,0.199,0.858,0.898,0.37,0.759,0.862,-0.574,0.846,-0.443,0.519,-0.427,0.937,-0.677,0.745,0.819,-0.319,-0.709,-0.543,0.656,-0.689,0.89,0.877
BTAI,0.58,-0.642,-0.165,-0.326,0.797,0.831,0.62,0.866,0.831,0.793,-0.716,-0.577,0.848,-0.859,0.632,0.515,0.746,0.846,0.65,0.823,-0.785,0.594,0.873,0.45,0.79,0.0,0.814,0.745,-0.437,0.751,0.87,0.804,0.817,-0.131,0.544,-0.437,-0.659,0.794,-0.485,0.707,0.708,0.863,0.796,0.623,0.404,0.465,0.821,0.894,0.676,-0.01,0.669,0.633,0.624,0.66,0.728,-0.709,-0.582,-0.578,0.442,-0.895,0.838,0.851,-0.388,0.717,0.787,0.327,-0.196,0.261,-0.553,0.51,-0.779,0.719,0.603,0.71,-0.628,0.803,0.721,-0.176,0.391,-0.374,0.818,0.865,-0.581,0.743,0.599,0.67,-0.753,0.781,-0.556,0.694,0.599,-0.024,0.821,0.859,0.837,0.761,0.616,0.754,-0.214,0.605,0.791,0.716,-0.778,0.526,0.902,0.681,0.816,0.634,0.457,-0.498,0.732,0.734,0.717,-0.892,-0.116,0.689,0.531,0.284,0.89,0.758,0.428,-0.823,-0.591,0.824,0.819,-0.842,0.454,-0.802,0.933,-0.251,0.835,0.682,-0.713,0.771,-0.831,0.833,-0.453,-0.863,0.663,-0.468,0.8,0.78,0.045,-0.57,0.433,0.824,-0.458,-0.8,0.803,0.33,0.055,-0.129,-0.659,0.138,0.731,-0.011,0.111,0.622,0.811,-0.711,0.485,-0.253,-0.661,0.782,0.862,0.659,0.746,0.885,-0.381,0.872,0.804,0.663,0.82,-0.468,-0.849,0.665,0.817,0.362,-0.143,0.615,0.899,0.429,0.858,0.754,-0.684,0.839,-0.611,0.363,-0.487,0.845,-0.818,0.406,0.641,-0.313,-0.847,-0.225,0.4,-0.566,0.876,0.824
BYND,0.795,-0.577,0.049,-0.648,0.799,0.942,0.863,0.833,0.96,0.97,-0.7,-0.799,0.966,-0.762,0.775,0.616,0.883,0.96,0.783,0.962,-0.681,0.821,0.951,0.164,0.921,0.814,0.0,0.934,-0.1,0.929,0.96,0.747,0.974,0.234,0.752,-0.343,-0.318,0.873,-0.675,0.761,0.94,0.91,0.934,0.921,0.788,0.748,0.809,0.958,0.929,-0.215,0.857,0.931,0.668,0.819,0.87,-0.749,-0.558,-0.437,0.313,-0.728,0.842,0.675,-0.038,0.902,0.905,0.601,-0.231,0.579,-0.306,0.658,-0.777,0.653,0.86,0.925,-0.617,0.789,0.864,0.112,0.624,-0.719,0.935,0.851,-0.339,0.432,0.825,0.815,-0.667,0.881,-0.241,0.844,0.869,-0.185,0.928,0.808,0.89,0.929,0.888,0.956,-0.31,0.872,0.86,0.898,-0.594,0.509,0.944,0.879,0.971,0.734,0.469,-0.701,0.952,0.622,0.846,-0.843,-0.376,0.662,0.742,0.618,0.952,0.958,0.533,-0.71,-0.88,0.734,0.701,-0.846,0.745,-0.666,0.891,-0.381,0.977,0.877,-0.621,0.779,-0.902,0.894,-0.687,-0.857,0.563,-0.816,0.727,0.968,0.421,-0.705,0.107,0.673,-0.216,-0.855,0.752,0.272,0.086,-0.114,-0.812,-0.285,0.894,-0.405,0.28,0.824,0.873,-0.429,0.634,-0.633,-0.88,0.974,0.919,0.563,0.687,0.843,-0.175,0.891,0.921,0.783,0.9,-0.602,-0.904,0.914,0.957,0.387,0.296,0.883,0.896,0.494,0.819,0.904,-0.612,0.892,-0.581,0.534,-0.591,0.944,-0.804,0.786,0.897,-0.326,-0.766,-0.644,0.601,-0.827,0.945,0.85
CAN,0.741,-0.443,0.103,-0.595,0.711,0.945,0.88,0.794,0.902,0.912,-0.624,-0.755,0.926,-0.619,0.749,0.536,0.828,0.905,0.812,0.936,-0.526,0.847,0.899,0.012,0.871,0.745,0.934,0.0,0.008,0.92,0.915,0.696,0.927,0.322,0.8,-0.253,-0.217,0.779,-0.603,0.726,0.952,0.843,0.89,0.879,0.83,0.741,0.727,0.92,0.93,-0.06,0.829,0.929,0.657,0.841,0.895,-0.744,-0.484,-0.369,0.454,-0.626,0.773,0.562,0.041,0.939,0.896,0.674,-0.095,0.659,-0.171,0.696,-0.763,0.62,0.899,0.929,-0.443,0.792,0.864,0.084,0.678,-0.778,0.908,0.828,-0.246,0.322,0.905,0.804,-0.517,0.892,-0.065,0.858,0.908,-0.273,0.86,0.741,0.855,0.909,0.89,0.865,-0.332,0.935,0.849,0.855,-0.562,0.511,0.89,0.876,0.927,0.773,0.349,-0.697,0.967,0.546,0.824,-0.729,-0.303,0.683,0.679,0.661,0.915,0.949,0.443,-0.588,-0.884,0.657,0.644,-0.738,0.85,-0.596,0.821,-0.337,0.898,0.901,-0.521,0.803,-0.839,0.878,-0.767,-0.762,0.553,-0.761,0.722,0.942,0.497,-0.681,0.042,0.663,-0.089,-0.802,0.749,0.178,0.216,-0.142,-0.744,-0.266,0.849,-0.43,0.347,0.86,0.855,-0.309,0.749,-0.669,-0.876,0.929,0.911,0.584,0.632,0.811,-0.102,0.847,0.927,0.827,0.871,-0.478,-0.814,0.947,0.944,0.489,0.446,0.839,0.867,0.579,0.793,0.92,-0.469,0.868,-0.608,0.426,-0.55,0.915,-0.713,0.76,0.9,-0.221,-0.724,-0.704,0.676,-0.82,0.927,0.809
CCEC,0.183,0.19,0.456,-0.272,-0.201,-0.161,0.002,-0.397,-0.115,-0.116,0.471,-0.141,-0.092,0.505,-0.121,-0.048,-0.272,-0.167,-0.167,-0.159,0.461,-0.032,-0.259,-0.34,-0.106,-0.437,-0.1,0.008,0.0,-0.105,-0.246,-0.476,-0.131,0.29,0.112,0.354,0.821,-0.105,0.025,-0.134,0.076,-0.267,-0.075,0.194,0.244,0.373,-0.238,-0.214,0.075,-0.344,0.066,0.082,-0.421,0.036,-0.177,0.161,0.117,0.304,-0.287,0.617,-0.357,-0.522,0.841,0.015,-0.095,0.202,-0.037,0.596,0.452,0.167,0.315,-0.454,0.088,-0.084,0.259,-0.267,-0.088,0.588,0.388,-0.411,-0.146,-0.412,0.471,-0.673,0.083,0.085,0.561,-0.243,0.673,0.053,0.002,-0.048,-0.173,-0.384,-0.292,-0.13,0.243,-0.079,-0.026,0.222,-0.082,-0.023,0.628,-0.456,-0.289,0.096,-0.129,-0.001,0.056,-0.129,-0.008,-0.452,-0.228,0.463,-0.153,-0.372,0.317,0.237,-0.27,-0.096,0.045,0.463,-0.123,-0.439,-0.491,0.304,0.144,0.493,-0.419,-0.132,-0.185,-0.058,0.189,-0.421,0.343,-0.315,-0.056,0.458,-0.631,-0.315,-0.507,-0.028,0.624,0.122,-0.369,-0.571,0.751,0.123,-0.084,-0.091,-0.081,0.119,-0.052,-0.603,-0.028,-0.413,0.125,0.105,-0.273,0.73,0.103,-0.394,0.006,-0.055,-0.257,-0.529,-0.464,-0.36,0.408,-0.155,-0.041,-0.281,-0.029,-0.154,0.235,0.062,-0.113,-0.223,0.721,0.148,-0.318,-0.239,-0.417,-0.084,0.255,-0.288,0.31,0.313,-0.114,-0.177,0.429,0.411,0.227,0.067,0.586,-0.435,0.12,0.064,-0.222,-0.33
CDW,0.74,-0.441,0.064,-0.554,0.792,0.953,0.908,0.87,0.951,0.941,-0.683,-0.684,0.931,-0.721,0.871,0.584,0.904,0.931,0.861,0.958,-0.592,0.847,0.936,0.11,0.871,0.751,0.929,0.92,-0.105,0.0,0.945,0.778,0.954,0.272,0.765,-0.237,-0.348,0.819,-0.599,0.805,0.917,0.901,0.912,0.869,0.828,0.691,0.795,0.949,0.94,-0.064,0.853,0.923,0.763,0.911,0.925,-0.795,-0.442,-0.396,0.518,-0.69,0.853,0.626,-0.114,0.94,0.868,0.66,-0.096,0.501,-0.206,0.589,-0.794,0.661,0.911,0.948,-0.477,0.858,0.933,0.077,0.494,-0.668,0.9,0.888,-0.191,0.486,0.897,0.763,-0.547,0.949,-0.103,0.832,0.895,-0.2,0.903,0.83,0.907,0.917,0.86,0.891,-0.141,0.832,0.843,0.904,-0.632,0.612,0.886,0.875,0.943,0.809,0.499,-0.549,0.953,0.712,0.892,-0.782,-0.2,0.768,0.655,0.712,0.947,0.937,0.49,-0.619,-0.805,0.722,0.742,-0.812,0.812,-0.592,0.876,-0.254,0.928,0.917,-0.524,0.831,-0.877,0.936,-0.664,-0.853,0.623,-0.688,0.772,0.965,0.482,-0.642,0.053,0.714,-0.229,-0.715,0.782,0.26,0.17,-0.111,-0.699,-0.127,0.909,-0.33,0.501,0.868,0.893,-0.366,0.724,-0.577,-0.793,0.955,0.946,0.636,0.717,0.846,-0.077,0.816,0.887,0.858,0.884,-0.448,-0.803,0.898,0.965,0.523,0.315,0.863,0.919,0.463,0.835,0.87,-0.512,0.89,-0.584,0.445,-0.44,0.949,-0.694,0.697,0.859,-0.24,-0.778,-0.569,0.735,-0.726,0.965,0.894
CDXS,0.779,-0.587,0.015,-0.513,0.811,0.943,0.89,0.888,0.964,0.976,-0.765,-0.726,0.971,-0.847,0.824,0.613,0.934,0.97,0.863,0.972,-0.753,0.825,0.982,0.274,0.935,0.87,0.96,0.915,-0.246,0.945,0.0,0.859,0.977,0.138,0.705,-0.404,-0.483,0.894,-0.665,0.85,0.911,0.968,0.954,0.841,0.718,0.675,0.875,0.985,0.914,-0.08,0.854,0.904,0.795,0.833,0.895,-0.787,-0.521,-0.492,0.477,-0.815,0.913,0.765,-0.183,0.901,0.909,0.523,-0.177,0.436,-0.406,0.551,-0.804,0.759,0.838,0.906,-0.645,0.865,0.92,-0.017,0.492,-0.617,0.958,0.917,-0.36,0.592,0.804,0.805,-0.708,0.943,-0.347,0.848,0.838,-0.096,0.92,0.912,0.947,0.94,0.804,0.906,-0.163,0.79,0.854,0.897,-0.7,0.642,0.958,0.875,0.982,0.72,0.482,-0.571,0.939,0.76,0.924,-0.898,-0.257,0.796,0.649,0.617,0.981,0.932,0.591,-0.759,-0.799,0.819,0.807,-0.858,0.737,-0.739,0.935,-0.316,0.977,0.898,-0.601,0.859,-0.927,0.951,-0.59,-0.911,0.696,-0.682,0.834,0.945,0.28,-0.669,0.141,0.783,-0.358,-0.833,0.789,0.374,0.063,-0.236,-0.753,-0.112,0.911,-0.242,0.33,0.799,0.933,-0.525,0.584,-0.51,-0.802,0.966,0.949,0.642,0.791,0.891,-0.214,0.902,0.904,0.831,0.911,-0.534,-0.884,0.874,0.97,0.494,0.138,0.839,0.964,0.483,0.87,0.904,-0.648,0.938,-0.589,0.446,-0.494,0.969,-0.798,0.668,0.826,-0.358,-0.849,-0.511,0.621,-0.741,0.975,0.939
