,ABEO,ACHC,AGNCN,AKAM,AKRO,ALRM,AMAT,AMED,AMRN,ANGI,APA,APOG,APPS,ARCB,ARCC,ARVN,ATEC,ATXS,AVAV,AXON,BANF,BATRK,BIDU,BLNE,BLNK,BTAI,BYND,CAN,CCEC,CDW,CDXS,CELH,CGNX,CHKP,CHRS,CHRW,CIGI,CKPT,CMPR,COGT,CRNC,CRSP,CSTL,CTSH,CVGW,DGLY,DNLI,DOCU,DVAX,EBAY,EHTH,ERII,ESLT,EXPE,EXPO,FBIOP,FFBC,FFIN,FOXF,FWRD,GDS,GERN,GPRE,GRWG,GRYP,HEES,HELE,HIVE,HON,HRTX,HSTM,HURA,IART,IBKR,IBOC,IBRX,IDXX,INGN,INM,INVA,IQ,IRBT,KDP,KPTI,KTOS,KXIN,LAMR,LFUS,LGIH,LGMK,LKFN,LNW,LOPE,LPSN,LYFT,MGNX,MLCO,MNST,MODV,MSTR,MTCH,MYGN,MYRG,NCMI,NEXT,NFLX,NIU,NKTR,NRC,NTNX,NTRA,NVEE,NVMI,NWL,NWS,NXPI,OCGN,OCSL,OKTA,OLLI,OTLK,OXLC,PAA,PARA,PARAA,PDCO,PDFS,PFG,PGEN,PNFP,PODD,POWI,PSMT,PTC,PTEN,PVLA,RDNT,RDUS,RDWR,REGN,RNAC,ROCK,ROST,RRR,RSLS,RVMD,RYAAY,SAFT,SAGE,SAVA,SBGI,SFM,SFNC,SHYF,SIBN,SIFY,SIGI,SIMO,SITM,SLM,SNBR,SNDX,SNY,SPNS,SRRK,STRA,SUPN,SYRE,TCBK,TEAM,TECH,THRM,TLRY,TRMK,TROW,TSLA,TWST,TXN,UFPI,UNIT,UPWK,USLM,UTHR,VERB,VLY,VRNA,VRRM,VXRT,WAFD,WATT,WBA,WING,WIX,WTFC,WTW,XPEL,XRX,YMAB,ZG,ZLAB
ABEO,0.0,0.443,-0.089,-0.04,0.681,0.85,0.228,0.843,0.325,0.795,0.28,0.506,0.81,0.464,0.564,0.635,0.373,0.289,0.881,0.834,0.464,0.512,0.469,0.674,0.397,0.894,0.038,0.04,0.627,0.507,0.692,0.76,0.798,-0.44,0.239,0.432,0.428,0.778,0.361,0.738,0.667,0.19,0.797,-0.179,0.384,0.253,0.371,0.683,0.582,0.717,-0.127,0.234,0.902,0.331,0.453,0.576,0.363,0.255,0.606,0.446,0.504,0.376,0.267,0.788,0.88,0.628,-0.497,-0.011,0.338,0.447,0.616,0.693,0.467,0.501,0.297,0.188,0.269,0.907,0.577,0.389,0.69,0.24,-0.018,0.571,0.798,0.505,0.521,0.505,0.819,0.331,0.342,0.542,0.363,0.65,0.516,0.297,0.18,0.527,0.845,0.872,0.702,0.374,0.289,-0.425,0.527,0.728,0.296,0.316,0.642,0.879,0.691,0.393,0.349,0.526,0.524,0.676,0.742,0.522,0.727,-0.169,0.823,0.407,0.319,0.056,0.06,0.341,0.58,0.179,0.198,0.155,0.724,0.345,0.763,0.595,-0.237,0.703,0.326,0.408,0.142,-0.104,0.49,0.616,0.589,0.47,0.572,0.83,0.238,0.628,0.476,0.343,-0.289,0.063,0.088,0.537,0.64,0.489,0.023,0.728,0.638,0.406,0.566,0.009,0.491,0.779,0.101,0.722,0.554,0.703,0.19,0.594,0.618,0.411,0.753,0.301,0.647,0.195,0.159,0.527,0.806,0.791,0.655,0.438,0.106,0.435,0.371,0.527,0.696,-0.276,0.501,0.172,0.292,0.58,0.127,0.325,0.665,0.782,0.461,0.747,0.588,0.828
ACHC,0.443,0.0,-0.4,0.083,0.155,0.36,-0.081,0.346,0.731,0.321,0.178,0.28,0.462,0.083,0.499,0.758,0.189,0.294,0.241,0.273,0.131,0.629,0.089,0.144,0.141,0.531,-0.286,-0.226,0.482,0.302,0.74,0.375,0.436,-0.324,-0.229,-0.264,0.183,0.246,-0.174,0.361,0.167,0.266,0.572,-0.138,0.403,0.056,0.385,0.225,0.623,0.344,-0.461,0.128,0.442,0.209,0.147,0.237,0.223,0.063,0.428,-0.064,0.281,0.567,-0.105,0.543,0.577,0.474,-0.365,-0.235,0.219,0.832,0.497,0.133,-0.08,0.321,0.064,-0.137,0.008,0.416,0.528,0.503,0.283,-0.393,-0.049,0.184,0.249,-0.104,0.721,0.133,0.285,-0.214,0.137,0.317,0.015,0.272,0.233,0.734,0.094,0.433,0.375,0.372,0.338,0.418,0.261,-0.359,0.183,0.541,0.277,-0.063,0.598,0.521,0.663,0.125,0.048,0.656,0.092,0.407,0.203,0.255,0.531,-0.674,0.333,0.838,0.562,-0.246,-0.232,-0.072,0.19,0.066,-0.259,-0.071,0.43,-0.067,0.4,0.455,0.233,0.358,0.854,0.159,0.399,-0.076,0.541,0.299,0.546,0.1,-0.001,0.783,0.297,0.177,0.107,0.64,-0.335,-0.317,-0.119,0.717,0.682,-0.004,-0.417,0.405,0.336,0.642,0.116,-0.081,0.241,0.443,0.465,0.333,0.061,0.802,0.078,0.432,0.435,0.134,0.373,0.007,0.205,0.262,0.477,0.287,0.532,0.235,0.347,0.199,0.368,0.194,0.09,0.316,0.662,0.101,0.115,-0.104,-0.309,0.25,0.079,0.147,0.186,0.496,0.553,0.415,0.135,0.582
AGNCN,-0.089,-0.4,0.0,-0.386,0.249,-0.086,0.568,-0.104,-0.549,-0.024,0.464,0.46,0.16,0.455,0.194,-0.372,0.376,-0.459,-0.02,0.016,0.509,0.091,0.428,0.268,-0.29,0.024,-0.214,0.582,0.119,0.337,-0.384,0.176,-0.056,-0.282,-0.206,0.599,0.424,0.083,0.206,-0.188,0.09,-0.555,0.072,-0.409,-0.312,-0.327,-0.461,0.218,-0.147,0.203,0.421,0.489,-0.044,0.414,0.495,0.318,0.447,0.567,0.296,0.556,0.12,-0.174,0.496,-0.006,-0.183,0.181,-0.221,0.579,0.511,-0.399,-0.293,0.199,0.521,0.356,0.583,0.547,0.409,0.031,-0.059,-0.575,0.221,0.309,-0.116,-0.142,0.248,0.261,0.016,0.433,0.247,0.423,0.514,0.438,0.508,-0.112,0.399,-0.522,0.507,0.013,-0.278,0.038,0.187,0.044,0.347,0.622,-0.142,-0.036,-0.372,0.229,0.155,-0.023,-0.136,0.485,0.515,-0.409,0.443,0.161,0.277,0.38,-0.038,0.239,0.221,-0.382,-0.12,0.672,0.66,0.123,-0.183,0.519,-0.028,0.65,-0.112,0.566,0.26,-0.018,0.188,0.006,-0.289,0.424,-0.544,-0.34,-0.113,0.217,0.123,0.496,-0.244,-0.275,0.415,0.388,0.166,-0.108,0.605,-0.002,0.625,0.101,0.139,0.418,0.609,0.23,-0.269,-0.062,0.37,0.38,-0.204,-0.163,-0.59,0.181,0.019,-0.268,0.522,-0.022,0.153,0.474,-0.07,0.612,0.294,-0.404,-0.637,0.164,0.166,-0.098,0.305,0.416,0.068,0.41,0.511,0.24,0.147,-0.549,0.475,0.498,0.119,-0.357,0.442,0.502,0.365,-0.086,0.163,-0.366,0.318,-0.239
AKAM,-0.04,0.083,-0.386,0.0,-0.228,0.111,-0.874,0.187,0.491,0.107,-0.783,-0.573,-0.403,-0.833,-0.443,0.051,-0.818,-0.046,-0.151,-0.188,-0.731,-0.408,-0.818,-0.555,0.771,-0.292,0.623,-0.881,-0.576,-0.767,0.245,0.015,-0.279,0.662,0.691,-0.165,-0.821,-0.426,0.279,0.524,-0.225,0.843,-0.363,0.486,0.217,0.821,0.736,-0.475,-0.337,-0.383,0.383,-0.754,-0.041,-0.802,-0.771,-0.71,-0.771,-0.769,-0.522,-0.806,-0.504,-0.187,-0.902,-0.146,-0.074,-0.52,0.69,-0.835,-0.544,0.215,0.643,-0.488,-0.308,-0.68,-0.75,-0.831,-0.87,-0.319,-0.445,0.735,-0.616,0.179,0.799,0.548,-0.427,-0.434,-0.428,-0.71,-0.463,-0.683,-0.753,-0.61,-0.86,0.041,-0.791,0.663,-0.829,-0.248,0.145,-0.331,-0.65,-0.557,0.121,-0.298,0.53,-0.082,0.392,-0.759,-0.275,-0.238,-0.21,-0.771,-0.832,0.601,-0.797,-0.611,-0.5,-0.773,-0.378,0.435,-0.351,0.158,0.493,-0.804,-0.814,0.309,0.341,-0.714,0.339,-0.803,0.092,-0.795,-0.539,-0.525,-0.431,-0.358,0.203,-0.789,0.785,0.872,-0.008,-0.511,-0.612,-0.763,0.395,0.021,-0.684,-0.598,-0.319,-0.254,-0.342,0.682,-0.801,-0.222,-0.181,-0.694,-0.663,-0.591,0.264,-0.525,-0.718,-0.753,0.658,0.313,0.848,-0.542,0.265,0.124,-0.773,-0.509,-0.57,-0.78,-0.219,-0.696,-0.369,0.822,0.635,-0.69,-0.426,0.035,-0.61,-0.781,-0.664,-0.772,-0.803,-0.64,-0.26,0.452,-0.758,-0.59,0.353,0.4,-0.804,-0.809,-0.641,-0.13,-0.607,0.371,-0.723,-0.008
AKRO,0.681,0.155,0.249,-0.228,0.0,0.545,0.435,0.625,0.099,0.668,0.47,0.52,0.741,0.519,0.619,0.472,0.522,0.219,0.618,0.568,0.583,0.425,0.568,0.672,0.07,0.662,-0.176,0.372,0.658,0.613,0.413,0.7,0.544,-0.568,-0.034,0.487,0.504,0.634,0.055,0.494,0.531,-0.147,0.702,-0.327,0.029,-0.012,-0.017,0.68,0.558,0.723,-0.147,0.395,0.628,0.529,0.619,0.664,0.484,0.404,0.647,0.567,0.561,0.41,0.459,0.68,0.635,0.503,-0.621,0.384,0.398,0.196,0.284,0.624,0.557,0.644,0.508,0.469,0.494,0.733,0.335,0.009,0.538,0.145,-0.253,0.412,0.679,0.472,0.424,0.65,0.757,0.592,0.458,0.618,0.55,0.524,0.627,0.034,0.419,0.53,0.571,0.735,0.653,0.401,0.243,0.078,0.412,0.544,-0.02,0.569,0.481,0.697,0.49,0.559,0.542,0.231,0.606,0.638,0.77,0.605,0.628,-0.138,0.785,0.228,0.2,0.382,0.379,-0.023,0.304,0.309,0.003,0.407,0.533,0.526,0.72,0.539,-0.131,0.628,0.056,0.534,-0.086,-0.271,0.467,0.7,0.534,0.613,0.222,0.587,0.342,0.668,0.408,0.274,-0.034,-0.139,0.34,0.455,0.634,0.51,0.132,0.726,0.352,0.389,0.567,0.371,0.371,0.435,-0.155,0.642,0.232,0.42,0.385,0.577,0.658,0.538,0.547,0.487,0.495,-0.018,-0.206,0.535,0.689,0.618,0.673,0.562,0.373,0.534,0.521,0.644,0.508,-0.378,0.574,0.385,0.165,0.12,0.397,0.459,0.729,0.593,0.478,0.347,0.616,0.61
ALRM,0.85,0.36,-0.086,0.111,0.545,0.0,0.121,0.879,0.369,0.778,0.059,0.313,0.686,0.283,0.421,0.632,0.269,0.278,0.881,0.826,0.282,0.286,0.338,0.547,0.587,0.747,0.3,-0.059,0.468,0.327,0.692,0.781,0.785,-0.187,0.343,0.449,0.234,0.712,0.427,0.799,0.818,0.418,0.722,0.014,0.396,0.455,0.399,0.717,0.473,0.609,-0.047,0.034,0.895,0.112,0.265,0.475,0.126,0.038,0.418,0.303,0.571,0.283,0.179,0.738,0.828,0.48,-0.315,-0.107,0.208,0.432,0.671,0.583,0.353,0.374,0.076,0.056,0.205,0.825,0.429,0.467,0.597,0.338,0.136,0.643,0.749,0.526,0.281,0.403,0.68,0.226,0.108,0.412,0.205,0.805,0.364,0.306,-0.061,0.561,0.894,0.77,0.591,0.293,0.149,-0.516,0.587,0.711,0.543,0.216,0.406,0.821,0.722,0.202,0.209,0.476,0.351,0.599,0.58,0.349,0.7,0.042,0.634,0.368,0.253,-0.1,-0.098,0.421,0.714,-0.057,0.214,-0.021,0.807,0.244,0.56,0.547,-0.387,0.662,0.264,0.199,0.272,0.112,0.471,0.439,0.352,0.302,0.647,0.732,0.038,0.372,0.505,0.199,-0.357,0.188,-0.106,0.346,0.468,0.449,-0.098,0.554,0.769,0.253,0.384,-0.203,0.587,0.863,0.243,0.573,0.552,0.672,-0.036,0.569,0.504,0.234,0.659,0.085,0.536,0.418,0.324,0.454,0.647,0.863,0.552,0.212,-0.046,0.221,0.158,0.285,0.5,-0.12,0.275,0.091,0.34,0.739,-0.039,0.113,0.517,0.768,0.253,0.865,0.518,0.821
AMAT,0.228,-0.081,0.568,-0.874,0.435,0.121,0.0,0.005,-0.443,0.144,0.854,0.728,0.566,0.89,0.542,0.03,0.867,-0.029,0.325,0.337,0.855,0.464,0.888,0.655,-0.605,0.443,-0.524,0.932,0.651,0.838,-0.124,0.252,0.412,-0.7,-0.581,0.439,0.891,0.576,-0.068,-0.285,0.392,-0.761,0.521,-0.527,-0.157,-0.666,-0.658,0.649,0.43,0.565,-0.215,0.817,0.232,0.851,0.87,0.812,0.827,0.84,0.663,0.903,0.61,0.24,0.954,0.342,0.202,0.626,-0.733,0.886,0.73,-0.127,-0.447,0.55,0.537,0.816,0.842,0.897,0.908,0.465,0.424,-0.659,0.707,0.018,-0.71,-0.345,0.602,0.54,0.459,0.852,0.625,0.799,0.826,0.765,0.933,0.127,0.871,-0.601,0.846,0.364,0.012,0.502,0.714,0.657,0.041,0.35,-0.319,0.216,-0.283,0.767,0.4,0.416,0.35,0.865,0.969,-0.499,0.879,0.741,0.689,0.845,0.494,-0.281,0.563,-0.137,-0.255,0.868,0.874,-0.135,-0.172,0.76,-0.261,0.895,0.089,0.929,0.684,0.59,0.37,0.48,-0.16,0.857,-0.739,-0.817,0.122,0.646,0.658,0.876,-0.284,0.1,0.74,0.712,0.497,0.288,0.407,-0.541,0.869,0.382,0.34,0.815,0.698,0.726,-0.068,0.49,0.79,0.744,-0.467,-0.12,-0.811,0.692,-0.074,0.015,0.817,0.569,0.674,0.859,0.259,0.791,0.538,-0.667,-0.615,0.803,0.585,0.125,0.77,0.861,0.619,0.855,0.873,0.712,0.413,-0.537,0.865,0.743,-0.241,-0.297,0.841,0.872,0.773,0.277,0.677,-0.226,0.841,0.152
AMED,0.843,0.346,-0.104,0.187,0.625,0.879,0.005,0.0,0.388,0.666,-0.045,0.21,0.583,0.197,0.311,0.59,0.13,0.29,0.837,0.837,0.184,0.167,0.215,0.454,0.622,0.72,0.375,-0.188,0.385,0.225,0.673,0.756,0.747,-0.109,0.417,0.369,0.164,0.693,0.363,0.859,0.701,0.453,0.643,0.11,0.37,0.533,0.444,0.59,0.399,0.555,-0.027,-0.08,0.877,0.004,0.176,0.348,0.036,-0.066,0.283,0.207,0.474,0.189,0.06,0.64,0.742,0.375,-0.276,-0.234,0.052,0.333,0.739,0.544,0.328,0.248,0.003,-0.07,0.095,0.785,0.432,0.558,0.516,0.352,0.192,0.666,0.685,0.45,0.202,0.31,0.631,0.104,0.013,0.294,0.088,0.763,0.255,0.366,-0.148,0.512,0.907,0.682,0.509,0.15,0.18,-0.464,0.752,0.749,0.543,0.141,0.351,0.763,0.623,0.081,0.107,0.535,0.265,0.495,0.489,0.286,0.618,0.078,0.565,0.394,0.255,-0.194,-0.2,0.448,0.76,-0.158,0.214,-0.139,0.843,0.17,0.512,0.366,-0.51,0.623,0.31,0.088,0.27,0.247,0.408,0.409,0.268,0.177,0.645,0.706,-0.092,0.313,0.487,0.134,-0.46,0.263,-0.209,0.269,0.484,0.378,-0.167,0.474,0.784,0.128,0.284,-0.288,0.701,0.829,0.301,0.485,0.547,0.652,-0.12,0.45,0.456,0.116,0.605,0.03,0.429,0.473,0.343,0.355,0.573,0.877,0.451,0.128,-0.103,0.138,0.061,0.198,0.426,-0.049,0.175,-0.057,0.451,0.785,-0.179,0.015,0.425,0.687,0.135,0.867,0.434,0.829
AMRN,0.325,0.731,-0.549,0.491,0.099,0.369,-0.443,0.388,0.0,0.325,-0.233,-0.181,0.19,-0.369,0.2,0.774,-0.18,0.347,0.202,0.116,-0.258,0.172,-0.262,-0.073,0.475,0.258,0.103,-0.488,0.211,-0.093,0.82,0.293,0.275,0.0,0.078,-0.364,-0.277,0.086,-0.19,0.564,0.145,0.641,0.357,0.142,0.369,0.468,0.478,0.111,0.457,0.207,-0.365,-0.382,0.407,-0.182,-0.27,-0.078,-0.257,-0.411,0.068,-0.412,0.2,0.567,-0.41,0.518,0.478,0.022,-0.074,-0.44,-0.24,0.774,0.589,-0.008,-0.331,0.022,-0.38,-0.403,-0.289,0.221,0.324,0.71,-0.05,-0.276,0.192,0.352,0.05,-0.145,0.242,-0.155,-0.023,-0.325,-0.337,-0.025,-0.356,0.434,-0.141,0.845,-0.37,0.433,0.464,0.219,-0.054,0.177,-0.043,-0.47,0.459,0.353,0.552,-0.214,0.169,0.394,0.508,-0.303,-0.315,0.773,-0.306,0.114,-0.05,-0.115,0.396,-0.252,0.128,0.86,0.555,-0.575,-0.57,-0.132,0.399,-0.416,-0.271,-0.462,0.432,-0.409,0.016,0.173,-0.145,0.269,0.565,-0.302,0.74,0.321,0.678,0.011,0.131,-0.276,0.172,0.63,-0.144,-0.222,-0.175,0.537,-0.596,-0.03,-0.53,0.401,0.396,-0.245,-0.815,0.058,0.505,0.308,-0.324,-0.328,0.462,0.484,0.749,0.025,-0.033,0.739,-0.39,0.27,0.209,-0.288,0.26,-0.428,-0.137,0.665,0.74,-0.032,0.212,0.323,0.024,-0.234,0.061,-0.22,-0.351,-0.022,0.287,0.307,-0.288,-0.349,-0.179,0.367,-0.266,-0.323,-0.171,0.475,0.128,0.56,-0.141,0.597
ANGI,0.795,0.321,-0.024,0.107,0.668,0.778,0.144,0.666,0.325,0.0,0.248,0.438,0.699,0.286,0.54,0.561,0.344,0.2,0.705,0.578,0.373,0.463,0.369,0.549,0.373,0.683,-0.006,0.045,0.524,0.393,0.655,0.735,0.587,-0.366,0.212,0.426,0.283,0.573,0.322,0.698,0.538,0.223,0.69,-0.125,0.323,0.235,0.367,0.576,0.548,0.632,-0.083,0.175,0.74,0.268,0.361,0.512,0.267,0.172,0.569,0.327,0.435,0.463,0.18,0.745,0.801,0.446,-0.372,0.03,0.338,0.481,0.542,0.46,0.35,0.464,0.234,0.204,0.202,0.727,0.355,0.311,0.432,0.213,0.043,0.602,0.626,0.334,0.419,0.461,0.667,0.311,0.254,0.482,0.289,0.58,0.398,0.317,0.142,0.489,0.694,0.754,0.528,0.371,0.28,-0.32,0.466,0.521,0.232,0.224,0.483,0.736,0.578,0.338,0.25,0.499,0.383,0.555,0.738,0.405,0.585,-0.07,0.765,0.371,0.439,0.063,0.066,0.211,0.484,0.126,0.203,0.119,0.543,0.226,0.588,0.535,-0.123,0.537,0.223,0.34,0.254,-0.073,0.555,0.512,0.456,0.404,0.463,0.736,0.231,0.495,0.331,0.362,-0.123,0.061,0.059,0.511,0.578,0.309,-0.081,0.602,0.521,0.366,0.408,0.026,0.508,0.737,0.169,0.574,0.402,0.642,0.135,0.502,0.534,0.349,0.58,0.225,0.489,0.271,0.16,0.406,0.679,0.68,0.519,0.336,0.11,0.301,0.285,0.471,0.582,-0.198,0.39,0.2,0.154,0.373,0.108,0.223,0.595,0.74,0.423,0.628,0.426,0.707
APA,0.28,0.178,0.464,-0.783,0.47,0.059,0.854,-0.045,-0.233,0.248,0.0,0.873,0.658,0.871,0.766,0.146,0.845,-0.027,0.277,0.205,0.92,0.742,0.868,0.685,-0.617,0.491,-0.747,0.844,0.76,0.887,0.027,0.26,0.317,-0.864,-0.637,0.342,0.869,0.455,-0.11,-0.235,0.184,-0.781,0.592,-0.688,-0.065,-0.729,-0.516,0.524,0.551,0.622,-0.263,0.913,0.212,0.921,0.915,0.794,0.952,0.924,0.847,0.856,0.471,0.41,0.825,0.48,0.327,0.742,-0.796,0.807,0.798,0.098,-0.321,0.547,0.545,0.877,0.944,0.865,0.776,0.474,0.501,-0.563,0.625,-0.157,-0.645,-0.228,0.576,0.361,0.713,0.827,0.615,0.678,0.935,0.862,0.91,-0.012,0.893,-0.364,0.955,0.356,-0.054,0.536,0.691,0.615,0.246,0.367,-0.309,0.229,-0.451,0.679,0.611,0.44,0.333,0.944,0.886,-0.247,0.872,0.717,0.74,0.869,0.459,-0.506,0.673,0.058,0.066,0.847,0.855,-0.214,-0.266,0.888,-0.248,0.93,0.0,0.782,0.771,0.613,0.611,0.5,0.053,0.94,-0.529,-0.889,0.259,0.718,0.794,0.92,-0.334,0.3,0.912,0.817,0.376,0.487,0.471,-0.595,0.909,0.632,0.549,0.674,0.553,0.797,-0.158,0.665,0.792,0.789,-0.355,-0.09,-0.676,0.661,-0.059,0.178,0.933,0.513,0.713,0.908,0.387,0.894,0.575,-0.691,-0.595,0.697,0.715,0.057,0.782,0.946,0.711,0.922,0.949,0.841,0.632,-0.58,0.916,0.658,-0.343,-0.434,0.839,0.968,0.806,0.348,0.871,-0.263,0.705,0.175
APOG,0.506,0.28,0.46,-0.573,0.52,0.313,0.728,0.21,-0.181,0.438,0.873,0.0,0.782,0.869,0.792,0.176,0.737,-0.066,0.457,0.442,0.911,0.816,0.821,0.749,-0.309,0.686,-0.57,0.636,0.713,0.851,0.15,0.476,0.408,-0.794,-0.337,0.557,0.834,0.548,0.202,0.049,0.28,-0.578,0.67,-0.689,0.115,-0.477,-0.209,0.545,0.512,0.676,-0.042,0.858,0.418,0.822,0.898,0.767,0.914,0.91,0.907,0.832,0.391,0.301,0.69,0.55,0.5,0.809,-0.676,0.577,0.874,0.189,0.018,0.634,0.682,0.798,0.906,0.714,0.611,0.631,0.484,-0.316,0.7,0.108,-0.325,0.109,0.686,0.425,0.759,0.753,0.774,0.561,0.925,0.869,0.824,0.101,0.855,-0.196,0.843,0.301,0.132,0.646,0.756,0.488,0.521,0.265,-0.066,0.426,-0.389,0.518,0.802,0.562,0.374,0.912,0.777,0.01,0.854,0.709,0.789,0.815,0.484,-0.371,0.772,0.088,0.198,0.743,0.748,0.121,-0.104,0.858,0.061,0.844,0.163,0.725,0.885,0.604,0.463,0.519,0.203,0.897,-0.372,-0.7,0.222,0.743,0.799,0.897,-0.072,0.471,0.829,0.9,0.459,0.378,0.484,-0.276,0.823,0.725,0.669,0.643,0.573,0.832,-0.043,0.572,0.85,0.567,-0.085,0.19,-0.512,0.722,0.264,0.311,0.876,0.456,0.647,0.885,0.541,0.911,0.775,-0.524,-0.517,0.622,0.824,0.247,0.806,0.888,0.482,0.888,0.917,0.797,0.818,-0.631,0.901,0.622,-0.03,-0.174,0.688,0.912,0.857,0.454,0.819,-0.018,0.673,0.286
APPS,0.81,0.462,0.16,-0.403,0.741,0.686,0.566,0.583,0.19,0.699,0.658,0.782,0.0,0.739,0.832,0.623,0.729,0.231,0.739,0.698,0.789,0.76,0.78,0.826,-0.008,0.866,-0.373,0.459,0.883,0.849,0.569,0.721,0.733,-0.799,-0.207,0.452,0.731,0.774,0.147,0.415,0.64,-0.213,0.934,-0.586,0.185,-0.161,-0.03,0.834,0.73,0.9,-0.273,0.595,0.768,0.721,0.784,0.872,0.72,0.628,0.898,0.71,0.665,0.518,0.585,0.865,0.825,0.807,-0.796,0.429,0.663,0.447,0.269,0.786,0.544,0.836,0.656,0.578,0.605,0.891,0.608,0.001,0.813,0.045,-0.305,0.325,0.847,0.551,0.763,0.742,0.893,0.587,0.684,0.873,0.719,0.566,0.852,0.082,0.599,0.65,0.594,0.906,0.879,0.622,0.316,-0.142,0.192,0.659,-0.015,0.595,0.767,0.872,0.729,0.76,0.674,0.282,0.797,0.868,0.888,0.794,0.836,-0.399,0.927,0.393,0.265,0.436,0.447,0.023,0.254,0.542,-0.066,0.576,0.556,0.605,0.933,0.819,0.054,0.743,0.253,0.747,-0.108,-0.518,0.577,0.782,0.842,0.812,0.183,0.809,0.626,0.832,0.446,0.529,0.009,-0.288,0.483,0.752,0.815,0.68,0.216,0.949,0.354,0.722,0.769,0.363,0.203,0.54,-0.183,0.812,0.232,0.599,0.584,0.754,0.829,0.746,0.715,0.627,0.744,-0.172,-0.178,0.701,0.945,0.587,0.872,0.745,0.462,0.746,0.724,0.815,0.845,-0.527,0.781,0.495,-0.003,0.155,0.553,0.695,0.882,0.78,0.762,0.436,0.78,0.727
ARCB,0.464,0.083,0.455,-0.833,0.519,0.283,0.89,0.197,-0.369,0.286,0.871,0.869,0.739,0.0,0.689,0.113,0.854,0.029,0.51,0.512,0.934,0.653,0.947,0.825,-0.462,0.657,-0.542,0.81,0.744,0.91,0.016,0.379,0.515,-0.793,-0.437,0.512,0.926,0.663,0.065,-0.108,0.427,-0.71,0.652,-0.611,0.011,-0.602,-0.447,0.666,0.488,0.662,-0.186,0.849,0.415,0.87,0.945,0.865,0.916,0.906,0.797,0.961,0.566,0.249,0.906,0.463,0.432,0.784,-0.766,0.736,0.754,-0.021,-0.225,0.742,0.619,0.828,0.902,0.842,0.824,0.662,0.565,-0.492,0.821,0.088,-0.581,-0.116,0.747,0.607,0.626,0.862,0.802,0.726,0.918,0.841,0.949,0.177,0.934,-0.472,0.87,0.342,0.164,0.665,0.857,0.555,0.238,0.221,-0.195,0.388,-0.339,0.745,0.623,0.562,0.4,0.936,0.901,-0.276,0.97,0.797,0.789,0.916,0.557,-0.367,0.715,-0.05,-0.179,0.83,0.836,0.028,-0.103,0.831,-0.066,0.875,0.175,0.885,0.861,0.652,0.343,0.594,-0.019,0.936,-0.626,-0.815,0.153,0.742,0.772,0.941,-0.078,0.327,0.777,0.876,0.547,0.301,0.376,-0.431,0.859,0.501,0.496,0.825,0.697,0.852,-0.022,0.558,0.924,0.667,-0.295,0.08,-0.735,0.781,0.139,0.173,0.868,0.583,0.712,0.935,0.526,0.886,0.705,-0.675,-0.608,0.764,0.764,0.293,0.834,0.932,0.555,0.937,0.95,0.801,0.624,-0.636,0.948,0.676,-0.058,-0.142,0.77,0.937,0.905,0.424,0.755,-0.049,0.853,0.285
ARCC,0.564,0.499,0.194,-0.443,0.619,0.421,0.542,0.311,0.2,0.54,0.766,0.792,0.832,0.689,0.0,0.535,0.705,0.09,0.497,0.388,0.788,0.829,0.713,0.74,-0.201,0.687,-0.585,0.482,0.818,0.844,0.48,0.538,0.478,-0.807,-0.387,0.362,0.666,0.505,-0.036,0.223,0.362,-0.369,0.814,-0.619,0.146,-0.339,-0.07,0.624,0.725,0.759,-0.279,0.631,0.543,0.782,0.796,0.771,0.787,0.692,0.908,0.656,0.533,0.603,0.554,0.79,0.71,0.723,-0.775,0.492,0.72,0.521,0.133,0.655,0.464,0.863,0.727,0.609,0.59,0.697,0.535,-0.095,0.62,-0.167,-0.338,0.194,0.656,0.365,0.805,0.709,0.709,0.497,0.733,0.814,0.703,0.32,0.818,0.093,0.693,0.579,0.325,0.715,0.745,0.574,0.363,0.049,-0.008,0.488,-0.218,0.552,0.756,0.698,0.563,0.771,0.652,0.253,0.728,0.756,0.757,0.754,0.674,-0.511,0.794,0.431,0.288,0.517,0.528,-0.152,0.039,0.633,-0.202,0.641,0.3,0.558,0.832,0.718,0.322,0.649,0.314,0.742,-0.036,-0.613,0.554,0.755,0.834,0.785,-0.047,0.697,0.722,0.781,0.248,0.598,0.168,-0.442,0.578,0.811,0.776,0.5,0.18,0.841,0.091,0.745,0.666,0.534,0.087,0.323,-0.248,0.707,0.109,0.559,0.69,0.65,0.781,0.756,0.694,0.677,0.615,-0.269,-0.233,0.615,0.855,0.394,0.768,0.784,0.584,0.743,0.756,0.823,0.821,-0.478,0.77,0.468,-0.166,-0.122,0.647,0.747,0.779,0.643,0.835,0.163,0.589,0.526
ARVN,0.635,0.758,-0.372,0.051,0.472,0.632,0.03,0.59,0.774,0.561,0.146,0.176,0.623,0.113,0.535,0.0,0.341,0.478,0.525,0.487,0.158,0.44,0.216,0.347,0.276,0.611,-0.091,-0.078,0.649,0.379,0.893,0.564,0.671,-0.382,-0.126,-0.147,0.196,0.524,-0.197,0.582,0.552,0.368,0.766,-0.047,0.314,0.224,0.272,0.62,0.738,0.566,-0.578,0.02,0.686,0.242,0.189,0.446,0.14,-0.049,0.452,0.069,0.634,0.695,0.075,0.809,0.776,0.417,-0.54,-0.049,0.113,0.794,0.473,0.368,-0.037,0.468,0.006,0.006,0.228,0.636,0.55,0.496,0.417,-0.294,-0.193,0.288,0.475,0.239,0.544,0.293,0.441,0.128,0.041,0.4,0.131,0.666,0.358,0.613,0.022,0.751,0.713,0.64,0.484,0.557,-0.052,-0.506,0.363,0.641,0.507,0.254,0.413,0.76,0.867,0.143,0.175,0.593,0.2,0.598,0.432,0.357,0.818,-0.47,0.522,0.84,0.432,-0.244,-0.227,-0.231,0.491,-0.114,-0.366,-0.085,0.729,0.054,0.458,0.651,-0.117,0.626,0.506,0.147,0.405,-0.044,0.785,0.439,0.543,0.203,0.193,0.856,0.152,0.223,0.156,0.652,-0.614,-0.336,-0.19,0.591,0.664,0.224,-0.51,0.532,0.631,0.664,0.173,-0.019,0.372,0.623,0.427,0.497,0.03,0.834,-0.061,0.745,0.653,0.135,0.537,-0.087,0.221,0.425,0.518,0.48,0.595,0.559,0.509,0.197,0.373,0.197,0.078,0.394,0.55,0.062,0.166,-0.048,-0.228,0.395,0.122,0.083,0.33,0.736,0.473,0.65,0.391,0.864
ATEC,0.373,0.189,0.376,-0.818,0.522,0.269,0.867,0.13,-0.18,0.344,0.845,0.737,0.729,0.854,0.705,0.341,0.0,0.2,0.424,0.412,0.827,0.645,0.901,0.717,-0.539,0.568,-0.613,0.827,0.838,0.908,0.173,0.393,0.558,-0.793,-0.63,0.254,0.881,0.643,-0.199,-0.152,0.488,-0.611,0.725,-0.519,-0.065,-0.622,-0.503,0.76,0.636,0.655,-0.476,0.776,0.382,0.878,0.863,0.921,0.831,0.768,0.783,0.841,0.725,0.476,0.889,0.547,0.454,0.723,-0.851,0.802,0.698,0.144,-0.32,0.584,0.438,0.892,0.781,0.856,0.926,0.616,0.543,-0.483,0.747,-0.185,-0.719,-0.216,0.667,0.534,0.668,0.861,0.707,0.761,0.787,0.855,0.9,0.285,0.918,-0.366,0.829,0.573,0.195,0.664,0.852,0.786,0.043,0.122,-0.252,0.358,-0.206,0.787,0.494,0.591,0.584,0.865,0.886,-0.275,0.887,0.869,0.777,0.895,0.699,-0.511,0.681,0.15,-0.079,0.723,0.737,-0.279,-0.077,0.694,-0.343,0.791,0.235,0.822,0.764,0.808,0.391,0.595,0.018,0.88,-0.533,-0.82,0.384,0.706,0.823,0.883,-0.231,0.396,0.777,0.735,0.446,0.437,0.215,-0.682,0.727,0.539,0.541,0.766,0.474,0.836,0.047,0.756,0.807,0.697,-0.317,0.104,-0.591,0.764,-0.161,0.259,0.754,0.766,0.832,0.86,0.413,0.702,0.535,-0.55,-0.455,0.867,0.728,0.273,0.841,0.846,0.764,0.837,0.838,0.816,0.554,-0.455,0.843,0.629,-0.358,-0.213,0.815,0.842,0.846,0.524,0.819,-0.033,0.864,0.391
ATXS,0.289,0.294,-0.459,-0.046,0.219,0.278,-0.029,0.29,0.347,0.2,-0.027,-0.066,0.231,0.029,0.09,0.478,0.2,0.0,0.302,0.266,-0.055,0.116,0.112,0.169,0.092,0.211,0.055,-0.039,0.378,0.1,0.364,0.097,0.409,-0.13,-0.016,-0.309,0.032,0.332,-0.235,0.149,0.301,0.249,0.291,0.177,0.235,0.1,0.076,0.309,0.363,0.142,-0.626,-0.01,0.275,-0.008,-0.035,0.206,-0.032,-0.157,0.091,-0.043,0.301,0.302,0.056,0.273,0.405,0.183,-0.208,-0.039,-0.174,0.243,0.084,0.161,-0.205,0.075,-0.134,-0.013,0.154,0.288,0.273,0.178,0.245,-0.166,-0.323,0.14,0.18,0.122,0.17,0.058,0.151,0.135,-0.09,0.057,0.019,0.295,0.111,0.207,-0.058,0.263,0.389,0.38,0.282,0.37,-0.365,-0.35,0.244,0.246,0.278,0.314,0.001,0.29,0.43,-0.025,0.008,0.121,0.071,0.282,0.195,0.075,0.388,-0.275,0.168,0.316,0.069,-0.208,-0.198,-0.194,0.221,-0.203,-0.03,-0.16,0.375,-0.051,0.157,0.385,-0.088,0.299,0.061,0.077,0.173,-0.03,0.23,0.065,0.182,0.027,0.264,0.394,-0.08,0.009,0.317,0.149,-0.423,-0.208,-0.204,0.068,0.154,0.11,-0.231,0.223,0.334,0.365,0.113,-0.026,0.117,0.229,0.258,0.233,-0.024,0.269,-0.13,0.421,0.253,-0.029,0.264,-0.192,0.036,0.145,0.29,0.267,0.155,0.316,0.203,-0.003,0.308,0.052,-0.059,0.154,0.016,0.259,-0.023,-0.054,-0.146,0.269,-0.026,-0.053,0.09,0.295,0.153,0.338,0.219,0.43
AVAV,0.881,0.241,-0.02,-0.151,0.618,0.881,0.325,0.837,0.202,0.705,0.277,0.457,0.739,0.51,0.497,0.525,0.424,0.302,0.0,0.848,0.483,0.343,0.553,0.741,0.404,0.791,0.164,0.173,0.586,0.5,0.597,0.707,0.817,-0.348,0.25,0.488,0.418,0.851,0.405,0.668,0.783,0.154,0.759,-0.068,0.354,0.269,0.206,0.764,0.521,0.69,-0.101,0.189,0.894,0.286,0.448,0.599,0.317,0.242,0.507,0.542,0.621,0.285,0.409,0.76,0.822,0.585,-0.478,0.105,0.264,0.306,0.495,0.803,0.477,0.497,0.283,0.287,0.385,0.898,0.583,0.27,0.718,0.334,-0.079,0.522,0.893,0.7,0.328,0.59,0.762,0.434,0.306,0.529,0.408,0.749,0.542,0.063,0.134,0.572,0.855,0.871,0.706,0.367,0.1,-0.433,0.535,0.71,0.386,0.441,0.406,0.866,0.658,0.397,0.4,0.305,0.562,0.719,0.717,0.528,0.717,0.003,0.743,0.25,0.116,0.121,0.121,0.379,0.637,0.148,0.199,0.186,0.722,0.444,0.698,0.619,-0.298,0.807,0.143,0.397,0.069,-0.12,0.435,0.588,0.482,0.494,0.62,0.675,0.173,0.538,0.619,0.227,-0.282,0.062,0.12,0.33,0.45,0.64,0.106,0.678,0.688,0.302,0.57,0.041,0.434,0.747,-0.05,0.659,0.557,0.569,0.178,0.61,0.62,0.431,0.794,0.296,0.685,0.151,0.128,0.607,0.739,0.895,0.666,0.428,0.102,0.452,0.378,0.45,0.515,-0.246,0.491,0.203,0.332,0.635,0.095,0.329,0.668,0.783,0.354,0.73,0.679,0.794
AXON,0.834,0.273,0.016,-0.188,0.568,0.826,0.337,0.837,0.116,0.578,0.205,0.442,0.698,0.512,0.388,0.487,0.412,0.266,0.848,0.0,0.422,0.295,0.497,0.591,0.322,0.862,0.186,0.128,0.515,0.487,0.504,0.716,0.842,-0.309,0.193,0.462,0.507,0.868,0.349,0.603,0.824,0.127,0.706,-0.088,0.292,0.236,0.17,0.724,0.445,0.651,-0.099,0.193,0.851,0.295,0.43,0.589,0.301,0.239,0.445,0.492,0.638,0.196,0.395,0.589,0.699,0.52,-0.455,0.05,0.278,0.207,0.483,0.67,0.455,0.433,0.237,0.211,0.398,0.875,0.553,0.288,0.765,0.375,-0.048,0.389,0.801,0.663,0.334,0.52,0.83,0.358,0.283,0.475,0.394,0.726,0.512,0.064,0.138,0.498,0.823,0.739,0.739,0.36,0.145,-0.362,0.473,0.698,0.402,0.383,0.465,0.803,0.661,0.353,0.406,0.267,0.549,0.689,0.619,0.542,0.732,-0.039,0.627,0.261,-0.029,0.124,0.124,0.423,0.583,0.126,0.14,0.162,0.763,0.467,0.672,0.527,-0.341,0.672,0.236,0.354,-0.112,-0.058,0.347,0.567,0.479,0.428,0.504,0.623,0.15,0.531,0.57,0.176,-0.27,0.075,0.098,0.319,0.464,0.616,0.186,0.651,0.632,0.278,0.591,-0.049,0.326,0.678,-0.059,0.696,0.484,0.556,0.144,0.613,0.587,0.394,0.615,0.261,0.572,0.137,0.084,0.589,0.692,0.814,0.665,0.382,0.082,0.398,0.34,0.393,0.534,-0.236,0.443,0.172,0.352,0.643,0.135,0.296,0.628,0.704,0.314,0.712,0.706,0.759
BANF,0.464,0.131,0.509,-0.731,0.583,0.282,0.855,0.184,-0.258,0.373,0.92,0.911,0.789,0.934,0.788,0.158,0.827,-0.055,0.483,0.422,0.0,0.741,0.936,0.82,-0.445,0.627,-0.634,0.807,0.769,0.932,0.11,0.448,0.443,-0.854,-0.461,0.562,0.891,0.594,0.08,-0.043,0.358,-0.701,0.697,-0.735,-0.037,-0.576,-0.408,0.653,0.555,0.746,-0.121,0.835,0.413,0.91,0.971,0.873,0.95,0.939,0.888,0.935,0.534,0.368,0.842,0.573,0.457,0.78,-0.793,0.761,0.823,0.097,-0.172,0.713,0.651,0.899,0.948,0.879,0.781,0.646,0.51,-0.489,0.739,0.028,-0.49,-0.028,0.728,0.504,0.691,0.876,0.774,0.716,0.944,0.912,0.944,0.199,0.942,-0.371,0.893,0.409,0.138,0.68,0.791,0.582,0.349,0.262,-0.161,0.328,-0.403,0.688,0.687,0.582,0.392,0.967,0.889,-0.153,0.939,0.788,0.828,0.895,0.554,-0.361,0.794,0.025,0.013,0.849,0.855,-0.015,-0.136,0.886,-0.123,0.919,0.123,0.864,0.875,0.66,0.359,0.57,0.028,0.945,-0.5,-0.817,0.28,0.771,0.806,0.968,-0.149,0.385,0.859,0.904,0.433,0.41,0.464,-0.418,0.885,0.639,0.61,0.76,0.611,0.877,-0.061,0.609,0.865,0.699,-0.195,0.101,-0.663,0.742,0.086,0.236,0.922,0.556,0.745,0.963,0.518,0.936,0.717,-0.632,-0.609,0.706,0.822,0.276,0.829,0.955,0.571,0.929,0.971,0.86,0.704,-0.685,0.972,0.73,-0.13,-0.255,0.803,0.957,0.905,0.494,0.812,-0.056,0.785,0.309
BATRK,0.512,0.629,0.091,-0.408,0.425,0.286,0.464,0.167,0.172,0.463,0.742,0.816,0.76,0.653,0.829,0.44,0.645,0.116,0.343,0.295,0.741,0.0,0.654,0.615,-0.296,0.637,-0.735,0.386,0.735,0.763,0.428,0.41,0.373,-0.776,-0.417,0.22,0.655,0.386,-0.072,0.063,0.167,-0.37,0.702,-0.63,0.225,-0.469,0.048,0.431,0.666,0.575,-0.322,0.698,0.372,0.756,0.74,0.67,0.816,0.719,0.894,0.552,0.333,0.586,0.44,0.614,0.61,0.774,-0.638,0.364,0.733,0.543,0.097,0.46,0.352,0.727,0.72,0.526,0.45,0.576,0.517,-0.112,0.563,-0.269,-0.328,0.119,0.487,0.155,0.949,0.599,0.641,0.319,0.776,0.759,0.63,0.102,0.719,0.181,0.72,0.345,0.145,0.628,0.669,0.587,0.488,0.018,-0.142,0.403,-0.339,0.352,0.881,0.563,0.522,0.743,0.541,0.303,0.644,0.653,0.668,0.685,0.541,-0.704,0.711,0.397,0.382,0.458,0.474,-0.102,-0.189,0.733,-0.087,0.601,0.142,0.477,0.788,0.675,0.547,0.406,0.453,0.779,-0.051,-0.662,0.394,0.623,0.866,0.71,-0.108,0.666,0.819,0.747,0.237,0.594,0.277,-0.46,0.578,0.891,0.797,0.334,0.237,0.775,-0.065,0.8,0.66,0.498,-0.044,0.275,-0.182,0.649,0.087,0.545,0.732,0.523,0.629,0.742,0.546,0.684,0.587,-0.386,-0.217,0.517,0.806,0.181,0.652,0.765,0.618,0.716,0.727,0.796,0.849,-0.406,0.738,0.491,-0.265,-0.19,0.627,0.745,0.693,0.548,0.896,0.069,0.463,0.394
BIDU,0.469,0.089,0.428,-0.818,0.568,0.338,0.888,0.215,-0.262,0.369,0.868,0.821,0.78,0.947,0.713,0.216,0.901,0.112,0.553,0.497,0.936,0.654,0.0,0.851,-0.447,0.636,-0.563,0.856,0.803,0.931,0.136,0.452,0.545,-0.821,-0.469,0.469,0.899,0.688,-0.018,-0.076,0.498,-0.662,0.721,-0.63,-0.041,-0.58,-0.472,0.754,0.583,0.726,-0.268,0.795,0.454,0.894,0.932,0.915,0.887,0.858,0.821,0.948,0.675,0.406,0.921,0.566,0.49,0.759,-0.8,0.798,0.708,0.055,-0.249,0.755,0.548,0.883,0.862,0.903,0.867,0.685,0.579,-0.511,0.805,0.028,-0.625,-0.086,0.763,0.625,0.62,0.923,0.791,0.784,0.878,0.871,0.957,0.308,0.955,-0.439,0.848,0.451,0.214,0.722,0.852,0.662,0.149,0.188,-0.163,0.345,-0.275,0.792,0.567,0.631,0.482,0.925,0.896,-0.238,0.948,0.849,0.826,0.92,0.648,-0.358,0.751,0.028,-0.159,0.812,0.821,-0.072,-0.101,0.797,-0.167,0.859,0.199,0.889,0.839,0.744,0.312,0.627,-0.069,0.93,-0.537,-0.827,0.299,0.73,0.79,0.945,-0.077,0.36,0.785,0.831,0.509,0.399,0.313,-0.479,0.816,0.523,0.523,0.825,0.579,0.874,0.023,0.633,0.87,0.702,-0.287,0.125,-0.688,0.771,0.034,0.232,0.828,0.686,0.777,0.948,0.54,0.832,0.67,-0.62,-0.546,0.793,0.779,0.355,0.852,0.92,0.646,0.911,0.924,0.851,0.596,-0.601,0.937,0.756,-0.162,-0.171,0.802,0.902,0.904,0.554,0.77,-0.006,0.877,0.382
BLNE,0.674,0.144,0.268,-0.555,0.672,0.547,0.655,0.454,-0.073,0.549,0.685,0.749,0.826,0.825,0.74,0.347,0.717,0.169,0.741,0.591,0.82,0.615,0.851,0.0,-0.098,0.721,-0.383,0.593,0.75,0.808,0.307,0.509,0.573,-0.701,-0.148,0.575,0.707,0.718,0.117,0.24,0.533,-0.387,0.752,-0.459,0.248,-0.301,-0.151,0.745,0.604,0.72,-0.194,0.617,0.622,0.716,0.84,0.811,0.751,0.704,0.8,0.852,0.588,0.404,0.738,0.698,0.715,0.682,-0.702,0.56,0.573,0.187,0.069,0.894,0.556,0.787,0.723,0.701,0.682,0.793,0.572,-0.238,0.779,0.135,-0.385,0.274,0.826,0.644,0.556,0.796,0.819,0.717,0.756,0.745,0.795,0.403,0.834,-0.231,0.632,0.452,0.433,0.868,0.826,0.48,0.195,-0.004,0.112,0.552,-0.179,0.737,0.616,0.726,0.48,0.775,0.703,0.038,0.835,0.779,0.851,0.766,0.649,-0.263,0.845,0.137,-0.026,0.594,0.6,0.051,0.13,0.601,0.059,0.656,0.346,0.737,0.857,0.711,0.077,0.678,-0.039,0.775,-0.218,-0.599,0.335,0.706,0.712,0.829,0.189,0.535,0.552,0.85,0.464,0.331,0.129,-0.248,0.621,0.501,0.528,0.685,0.425,0.842,0.2,0.522,0.806,0.567,0.061,0.377,-0.477,0.798,0.319,0.371,0.654,0.662,0.727,0.808,0.795,0.719,0.741,-0.358,-0.332,0.693,0.797,0.621,0.798,0.809,0.416,0.805,0.789,0.796,0.613,-0.498,0.845,0.575,0.063,0.072,0.594,0.728,0.884,0.621,0.662,0.212,0.76,0.528
BLNK,0.397,0.141,-0.29,0.771,0.07,0.587,-0.605,0.622,0.475,0.373,-0.617,-0.309,-0.008,-0.462,-0.201,0.276,-0.539,0.092,0.404,0.322,-0.445,-0.296,-0.447,-0.098,0.0,0.142,0.76,-0.701,-0.258,-0.459,0.463,0.381,0.178,0.458,0.822,0.175,-0.541,0.086,0.556,0.823,0.286,0.847,0.035,0.444,0.356,0.929,0.736,0.001,-0.161,-0.036,0.396,-0.59,0.449,-0.61,-0.479,-0.356,-0.572,-0.583,-0.278,-0.419,-0.124,-0.145,-0.575,0.209,0.331,-0.188,0.41,-0.702,-0.375,0.282,0.83,0.057,0.007,-0.405,-0.552,-0.639,-0.588,0.168,-0.07,0.792,-0.126,0.482,0.704,0.752,0.117,0.078,-0.315,-0.349,-0.031,-0.385,-0.542,-0.312,-0.574,0.454,-0.429,0.573,-0.714,0.034,0.577,0.116,-0.223,-0.396,0.163,-0.462,0.761,0.352,0.602,-0.45,-0.084,0.223,0.119,-0.518,-0.539,0.655,-0.431,-0.216,-0.143,-0.439,0.012,0.51,-0.002,0.215,0.35,-0.664,-0.677,0.56,0.672,-0.605,0.452,-0.632,0.53,-0.47,-0.142,-0.192,-0.615,0.096,0.195,-0.556,0.677,0.773,0.165,-0.215,-0.362,-0.446,0.744,0.299,-0.608,-0.29,0.054,-0.175,-0.492,0.731,-0.676,-0.127,0.011,-0.238,-0.486,-0.224,0.603,-0.392,-0.34,-0.709,0.777,0.684,0.694,-0.18,0.609,0.327,-0.642,-0.157,-0.256,-0.499,0.255,-0.489,0.077,0.838,0.631,-0.337,-0.062,0.5,-0.195,-0.531,-0.634,-0.463,-0.549,-0.42,-0.008,0.202,-0.454,-0.416,0.642,0.771,-0.697,-0.579,-0.261,0.222,-0.467,0.717,-0.278,0.36
BTAI,0.894,0.531,0.024,-0.292,0.662,0.747,0.443,0.72,0.258,0.683,0.491,0.686,0.866,0.657,0.687,0.611,0.568,0.211,0.791,0.862,0.627,0.637,0.636,0.721,0.142,0.0,-0.175,0.245,0.746,0.71,0.605,0.753,0.821,-0.608,-0.048,0.432,0.673,0.836,0.209,0.55,0.663,-0.064,0.86,-0.346,0.33,-0.004,0.137,0.718,0.689,0.792,-0.228,0.43,0.862,0.561,0.646,0.73,0.573,0.475,0.739,0.603,0.635,0.454,0.479,0.759,0.822,0.716,-0.658,0.181,0.505,0.434,0.464,0.719,0.5,0.682,0.48,0.369,0.475,0.937,0.712,0.225,0.815,0.185,-0.185,0.362,0.832,0.558,0.673,0.663,0.919,0.408,0.537,0.687,0.564,0.604,0.7,0.189,0.414,0.564,0.718,0.842,0.83,0.517,0.314,-0.229,0.356,0.725,0.186,0.449,0.756,0.896,0.728,0.582,0.56,0.395,0.692,0.813,0.767,0.735,0.805,-0.333,0.82,0.472,0.187,0.294,0.298,0.258,0.41,0.378,0.029,0.367,0.645,0.528,0.867,0.667,-0.021,0.743,0.422,0.583,-0.088,-0.323,0.522,0.739,0.759,0.623,0.306,0.814,0.457,0.728,0.497,0.474,-0.131,-0.146,0.311,0.66,0.713,0.609,0.169,0.846,0.499,0.548,0.712,0.186,0.252,0.614,-0.102,0.832,0.407,0.727,0.406,0.691,0.754,0.609,0.717,0.479,0.655,-0.013,-0.008,0.676,0.906,0.711,0.797,0.632,0.316,0.632,0.569,0.658,0.82,-0.376,0.651,0.3,0.121,0.412,0.367,0.538,0.786,0.778,0.659,0.579,0.738,0.782
BYND,0.038,-0.286,-0.214,0.623,-0.176,0.3,-0.524,0.375,0.103,-0.006,-0.747,-0.57,-0.373,-0.542,-0.585,-0.091,-0.613,0.055,0.164,0.186,-0.634,-0.735,-0.563,-0.383,0.76,-0.175,0.0,-0.595,-0.53,-0.658,0.012,0.049,0.047,0.722,0.753,0.034,-0.599,-0.042,0.493,0.476,0.222,0.717,-0.328,0.649,0.128,0.842,0.391,-0.144,-0.457,-0.282,0.408,-0.67,0.146,-0.791,-0.664,-0.516,-0.77,-0.713,-0.653,-0.479,-0.176,-0.535,-0.5,-0.217,-0.117,-0.438,0.581,-0.622,-0.581,-0.218,0.472,-0.182,-0.086,-0.629,-0.702,-0.659,-0.525,-0.124,-0.284,0.553,-0.247,0.567,0.572,0.383,-0.085,0.068,-0.705,-0.492,-0.274,-0.373,-0.723,-0.553,-0.639,0.269,-0.6,0.164,-0.809,-0.128,0.367,-0.227,-0.384,-0.52,-0.201,-0.332,0.575,0.082,0.657,-0.411,-0.541,-0.125,-0.144,-0.677,-0.541,0.133,-0.515,-0.395,-0.387,-0.573,-0.227,0.739,-0.354,-0.166,-0.047,-0.623,-0.64,0.524,0.632,-0.764,0.422,-0.683,0.352,-0.47,-0.449,-0.441,-0.679,-0.065,-0.124,-0.7,0.316,0.837,-0.206,-0.391,-0.679,-0.603,0.622,-0.169,-0.812,-0.539,0.119,-0.522,-0.441,0.727,-0.695,-0.599,-0.452,-0.172,-0.315,-0.499,0.518,-0.7,-0.463,-0.774,0.5,0.297,0.469,-0.371,0.433,-0.121,-0.768,-0.344,-0.448,-0.677,-0.133,-0.634,-0.209,0.698,0.477,-0.373,-0.419,0.269,-0.388,-0.706,-0.743,-0.636,-0.687,-0.699,-0.459,0.362,-0.633,-0.526,0.62,0.708,-0.79,-0.703,-0.469,-0.155,-0.758,0.491,-0.289,0.043
CAN,0.04,-0.226,0.582,-0.881,0.372,-0.059,0.932,-0.188,-0.488,0.045,0.844,0.636,0.459,0.81,0.482,-0.078,0.827,-0.039,0.173,0.128,0.807,0.386,0.856,0.593,-0.701,0.245,-0.595,0.0,0.596,0.779,-0.235,0.124,0.218,-0.715,-0.636,0.35,0.8,0.415,-0.174,-0.436,0.254,-0.847,0.392,-0.603,-0.324,-0.743,-0.793,0.543,0.343,0.487,-0.215,0.776,0.052,0.837,0.809,0.75,0.779,0.812,0.602,0.853,0.522,0.244,0.925,0.258,0.061,0.499,-0.681,0.974,0.631,-0.216,-0.625,0.486,0.443,0.76,0.815,0.946,0.869,0.301,0.302,-0.798,0.542,-0.052,-0.746,-0.417,0.467,0.48,0.358,0.779,0.47,0.836,0.785,0.713,0.907,0.03,0.812,-0.701,0.853,0.279,-0.155,0.384,0.572,0.587,-0.049,0.462,-0.428,-0.012,-0.427,0.786,0.251,0.26,0.179,0.846,0.893,-0.596,0.807,0.612,0.604,0.764,0.365,-0.243,0.47,-0.227,-0.306,0.904,0.911,-0.313,-0.341,0.762,-0.322,0.91,-0.104,0.841,0.552,0.524,0.399,0.376,-0.341,0.823,-0.736,-0.866,0.113,0.545,0.556,0.844,-0.384,-0.051,0.729,0.63,0.332,0.263,0.472,-0.567,0.883,0.274,0.228,0.727,0.661,0.619,-0.246,0.464,0.686,0.817,-0.558,-0.29,-0.848,0.513,-0.255,-0.15,0.806,0.476,0.578,0.826,0.16,0.762,0.415,-0.76,-0.72,0.652,0.446,-0.022,0.65,0.803,0.644,0.801,0.844,0.692,0.269,-0.573,0.804,0.766,-0.319,-0.509,0.852,0.835,0.684,0.185,0.595,-0.397,0.726,0.003
CCEC,0.627,0.482,0.119,-0.576,0.658,0.468,0.651,0.385,0.211,0.524,0.76,0.713,0.883,0.744,0.818,0.649,0.838,0.378,0.586,0.515,0.769,0.735,0.803,0.75,-0.258,0.746,-0.53,0.596,0.0,0.887,0.504,0.556,0.713,-0.884,-0.465,0.177,0.772,0.714,-0.155,0.179,0.534,-0.359,0.896,-0.566,0.084,-0.369,-0.269,0.807,0.792,0.823,-0.55,0.643,0.632,0.791,0.78,0.9,0.743,0.631,0.853,0.705,0.727,0.62,0.679,0.806,0.708,0.795,-0.909,0.578,0.609,0.428,0.009,0.694,0.365,0.892,0.665,0.676,0.73,0.78,0.698,-0.168,0.761,-0.197,-0.584,0.045,0.753,0.48,0.773,0.761,0.759,0.618,0.683,0.879,0.772,0.469,0.885,-0.006,0.692,0.707,0.446,0.826,0.837,0.775,0.071,-0.077,0.027,0.519,-0.043,0.709,0.638,0.79,0.733,0.783,0.756,0.095,0.814,0.893,0.83,0.853,0.837,-0.564,0.833,0.452,0.209,0.488,0.504,-0.261,0.137,0.551,-0.325,0.623,0.461,0.609,0.864,0.843,0.227,0.747,0.218,0.787,-0.227,-0.677,0.618,0.744,0.879,0.821,-0.051,0.726,0.699,0.734,0.43,0.63,-0.052,-0.575,0.531,0.727,0.757,0.709,0.154,0.93,0.271,0.844,0.738,0.513,-0.022,0.312,-0.259,0.767,-0.04,0.55,0.619,0.808,0.897,0.752,0.6,0.587,0.581,-0.304,-0.223,0.784,0.875,0.428,0.864,0.777,0.677,0.794,0.743,0.841,0.737,-0.468,0.769,0.476,-0.291,-0.02,0.652,0.742,0.82,0.702,0.848,0.261,0.806,0.665
CDW,0.507,0.302,0.337,-0.767,0.613,0.327,0.838,0.225,-0.093,0.393,0.887,0.851,0.849,0.91,0.844,0.379,0.908,0.1,0.5,0.487,0.932,0.763,0.931,0.808,-0.459,0.71,-0.658,0.779,0.887,0.0,0.262,0.481,0.566,-0.903,-0.561,0.389,0.916,0.672,-0.097,-0.019,0.46,-0.631,0.807,-0.702,-0.029,-0.566,-0.419,0.753,0.706,0.805,-0.361,0.777,0.495,0.949,0.946,0.946,0.91,0.856,0.903,0.879,0.692,0.518,0.85,0.657,0.552,0.781,-0.896,0.753,0.782,0.262,-0.164,0.729,0.519,0.955,0.856,0.849,0.858,0.723,0.604,-0.388,0.793,-0.112,-0.599,-0.103,0.739,0.546,0.768,0.871,0.81,0.736,0.867,0.913,0.931,0.336,0.98,-0.264,0.861,0.578,0.261,0.737,0.877,0.736,0.212,0.147,-0.17,0.421,-0.279,0.779,0.681,0.691,0.564,0.939,0.901,-0.088,0.929,0.89,0.829,0.939,0.738,-0.509,0.797,0.239,-0.017,0.759,0.771,-0.189,-0.072,0.78,-0.29,0.837,0.249,0.825,0.902,0.803,0.321,0.67,0.131,0.914,-0.459,-0.826,0.446,0.822,0.91,0.941,-0.185,0.519,0.825,0.864,0.394,0.548,0.252,-0.584,0.782,0.694,0.679,0.76,0.458,0.932,0.021,0.772,0.854,0.703,-0.226,0.146,-0.567,0.809,-0.042,0.366,0.837,0.751,0.865,0.929,0.556,0.804,0.657,-0.551,-0.473,0.819,0.861,0.332,0.879,0.927,0.713,0.917,0.918,0.912,0.743,-0.596,0.927,0.665,-0.249,-0.206,0.843,0.905,0.902,0.594,0.869,0.034,0.85,0.46
CDXS,0.692,0.74,-0.384,0.245,0.413,0.692,-0.124,0.673,0.82,0.655,0.027,0.15,0.569,0.016,0.48,0.893,0.173,0.364,0.597,0.504,0.11,0.428,0.136,0.307,0.463,0.605,0.012,-0.235,0.504,0.262,0.0,0.661,0.619,-0.259,0.049,-0.042,0.078,0.486,-0.006,0.721,0.495,0.49,0.723,-0.003,0.393,0.4,0.48,0.503,0.632,0.526,-0.363,-0.141,0.741,0.123,0.093,0.315,0.043,-0.121,0.384,-0.008,0.5,0.681,-0.071,0.802,0.802,0.356,-0.365,-0.221,0.055,0.855,0.649,0.35,-0.021,0.347,-0.075,-0.095,0.038,0.629,0.536,0.641,0.333,-0.146,0.047,0.448,0.471,0.231,0.479,0.258,0.403,-0.016,-0.033,0.317,-0.007,0.712,0.228,0.719,-0.12,0.677,0.746,0.617,0.361,0.437,0.143,-0.567,0.524,0.616,0.561,0.024,0.419,0.77,0.794,0.047,0.016,0.778,0.096,0.503,0.369,0.258,0.722,-0.294,0.506,0.836,0.515,-0.331,-0.322,0.015,0.538,-0.145,-0.223,-0.194,0.674,-0.023,0.408,0.521,-0.182,0.58,0.584,0.036,0.561,0.095,0.807,0.359,0.46,0.092,0.354,0.855,0.097,0.153,0.111,0.642,-0.558,-0.117,-0.291,0.606,0.673,0.126,-0.549,0.443,0.655,0.528,0.074,-0.164,0.489,0.781,0.52,0.388,0.161,0.906,-0.131,0.591,0.551,0.081,0.574,-0.124,0.227,0.531,0.604,0.324,0.582,0.644,0.383,0.091,0.204,0.093,-0.022,0.304,0.581,0.063,0.108,-0.081,-0.059,0.505,-0.039,-0.016,0.255,0.83,0.36,0.764,0.261,0.867
