,ABEO,ACHC,AGNCN,AKAM,AKRO,ALRM,AMAT,AMED,AMRN,ANGI,APA,APOG,APPS,ARCB,ARCC,ARVN,ATEC,ATXS,AVAV,AXON,BANF,BATRK,BIDU,BLNE,BLNK,BTAI,BYND,CAN,CCEC,CDW,CDXS,CELH,CGNX,CHKP,CHRS,CHRW,CIGI,CKPT,CMPR,COGT,CRNC,CRSP,CSTL,CTSH,CVGW,DGLY,DNLI,DOCU,DVAX,EBAY,EHTH,ERII,ESLT,EXPE,EXPO,FBIOP,FFBC,FFIN,FOXF,FWRD,GDS,GERN,GPRE,GRWG,GRYP,HEES,HELE,HIVE,HON,HRTX,HSTM,HURA,IART,IBKR,IBOC,IBRX,IDXX,INGN,INM,INVA,IQ,IRBT,KDP,KPTI,KTOS,KXIN,LAMR,LFUS,LGIH,LGMK,LKFN,LNW,LOPE,LPSN,LYFT,MGNX,MLCO,MNST,MODV,MSTR,MTCH,MYGN,MYRG,NCMI,NEXT,NFLX,NIU,NKTR,NRC,NTNX,NTRA,NVEE,NVMI,NWL,NWS,NXPI,OCGN,OCSL,OKTA,OLLI,OTLK,OXLC,PAA,PARA,PARAA,PDCO,PDFS,PFG,PGEN,PNFP,PODD,POWI,PSMT,PTC,PTEN,PVLA,RDNT,RDUS,RDWR,REGN,RNAC,ROCK,ROST,RRR,RSLS,RVMD,RYAAY,SAFT,SAGE,SAVA,SBGI,SFM,SFNC,SHYF,SIBN,SIFY,SIGI,SIMO,SITM,SLM,SNBR,SNDX,SNY,SPNS,SRRK,STRA,SUPN,SYRE,TCBK,TEAM,TECH,THRM,TLRY,TRMK,TROW,TSLA,TWST,TXN,UFPI,UNIT,UPWK,USLM,UTHR,VERB,VLY,VRNA,VRRM,VXRT,WAFD,WATT,WBA,WING,WIX,WTFC,WTW,XPEL,XRX,YMAB,ZG,ZLAB
ABEO,0.0,0.844,0.488,-0.612,0.814,0.869,0.458,0.923,0.883,0.772,0.893,0.645,0.939,0.723,0.932,0.811,0.717,0.796,0.917,0.275,0.792,0.659,0.807,0.945,-0.101,0.901,0.809,0.748,-0.666,-0.506,0.688,0.838,0.684,0.898,0.018,-0.35,0.723,0.933,0.891,0.562,0.836,0.906,0.883,0.467,-0.076,0.283,0.907,0.742,0.398,0.755,0.622,0.325,0.724,0.777,0.252,0.379,0.769,0.717,0.348,0.841,0.817,0.765,0.612,0.952,0.702,0.795,-0.337,0.815,0.895,0.908,0.934,0.949,0.865,-0.669,0.835,0.708,0.426,0.809,-0.708,0.887,0.922,0.867,0.766,0.859,0.9,0.91,0.913,0.665,-0.691,0.868,0.573,0.852,0.928,0.95,0.943,0.869,0.79,0.814,0.826,0.877,0.908,0.952,-0.311,0.917,0.8,0.307,0.871,0.779,0.902,0.688,0.901,-0.757,-0.114,0.961,0.884,-0.276,0.843,0.572,0.82,0.775,0.891,0.537,0.95,0.917,0.903,0.69,-0.201,-0.372,0.644,0.286,0.839,-0.017,0.443,0.815,0.924,0.835,0.901,0.671,0.879,-0.491,0.881,0.537,0.829,0.278,0.862,0.916,0.922,0.769,0.812,0.728,0.887,-0.849,0.899,0.109,0.848,0.071,0.569,-0.369,-0.659,0.531,0.707,0.653,0.905,-0.218,0.638,0.855,0.645,0.901,0.884,0.856,0.841,-0.594,0.781,0.83,0.898,-0.152,0.851,-0.489,0.095,0.452,0.884,0.669,0.76,0.844,0.583,0.785,0.918,-0.584,0.84,0.91,0.924,0.316,0.938,0.429,0.36,0.308,0.41,0.841,0.908,0.757
ACHC,0.844,0.0,0.463,-0.581,0.932,0.791,0.628,0.969,0.862,0.74,0.776,0.816,0.818,0.836,0.866,0.622,0.621,0.71,0.906,0.336,0.84,0.891,0.739,0.802,0.249,0.714,0.631,0.8,-0.374,-0.144,0.657,0.616,0.584,0.866,0.17,-0.224,0.76,0.781,0.734,0.83,0.884,0.765,0.783,0.766,0.215,0.62,0.757,0.724,0.346,0.859,0.457,0.603,0.778,0.814,0.622,0.439,0.845,0.892,0.722,0.894,0.794,0.55,0.615,0.853,0.811,0.763,-0.002,0.659,0.939,0.804,0.819,0.801,0.823,-0.524,0.812,0.408,0.619,0.676,-0.561,0.697,0.815,0.905,0.792,0.934,0.767,0.846,0.833,0.921,-0.31,0.646,0.625,0.665,0.863,0.836,0.907,0.722,0.913,0.924,0.712,0.673,0.812,0.843,-0.055,0.937,0.92,0.576,0.811,0.583,0.75,0.635,0.912,-0.914,0.278,0.856,0.914,-0.297,0.713,0.658,0.896,0.722,0.767,0.348,0.923,0.892,0.909,0.8,0.102,-0.045,0.343,0.638,0.864,0.375,0.738,0.776,0.777,0.731,0.769,0.806,0.729,-0.259,0.756,0.641,0.87,0.521,0.624,0.85,0.813,0.592,0.679,0.447,0.825,-0.727,0.874,0.447,0.803,0.393,0.605,-0.425,-0.651,0.655,0.46,0.809,0.907,0.24,0.78,0.759,0.827,0.763,0.891,0.902,0.856,-0.427,0.827,0.906,0.837,-0.233,0.748,-0.362,0.442,0.705,0.809,0.886,0.912,0.765,0.783,0.937,0.895,-0.671,0.894,0.814,0.907,0.515,0.86,0.561,0.364,0.441,0.458,0.653,0.731,0.745
AGNCN,0.488,0.463,0.0,-0.343,0.485,0.642,0.186,0.487,0.405,0.23,0.608,0.645,0.497,0.555,0.466,0.58,0.45,0.326,0.561,0.404,0.539,0.334,0.191,0.372,-0.094,0.466,0.555,0.248,-0.314,-0.161,0.674,0.515,0.214,0.378,-0.251,0.093,0.786,0.457,0.551,0.104,0.386,0.496,0.518,0.253,0.332,0.244,0.524,0.417,0.039,0.509,0.241,0.384,0.687,0.607,0.156,0.017,0.508,0.457,0.199,0.503,0.226,0.64,0.642,0.507,0.249,0.705,-0.064,0.691,0.57,0.571,0.548,0.561,0.613,-0.187,0.551,0.3,0.478,0.554,-0.245,0.637,0.361,0.436,0.624,0.459,0.511,0.496,0.534,0.318,-0.368,0.443,0.329,0.519,0.576,0.47,0.534,0.591,0.522,0.496,0.453,0.461,0.54,0.528,0.226,0.497,0.48,0.091,0.362,0.286,0.435,0.455,0.473,-0.45,-0.088,0.55,0.521,0.083,0.518,0.272,0.331,0.631,0.364,0.322,0.554,0.496,0.453,0.37,-0.372,-0.026,0.418,0.234,0.406,0.13,0.321,0.405,0.507,0.465,0.54,0.467,0.432,-0.341,0.491,0.617,0.554,-0.07,0.531,0.46,0.535,0.264,0.498,0.568,0.448,-0.302,0.4,0.05,0.541,-0.012,0.488,0.017,-0.149,0.283,0.483,0.344,0.46,-0.114,0.068,0.55,0.346,0.476,0.525,0.426,0.345,-0.251,0.307,0.493,0.611,0.116,0.513,0.114,0.326,0.308,0.44,0.541,0.444,0.339,0.478,0.36,0.532,-0.371,0.538,0.476,0.559,0.328,0.444,0.481,0.515,0.196,0.319,0.353,0.471,0.299
AKAM,-0.612,-0.581,-0.343,0.0,-0.687,-0.663,-0.438,-0.632,-0.661,-0.56,-0.612,-0.378,-0.636,-0.374,-0.646,-0.617,-0.55,-0.265,-0.649,-0.045,-0.6,-0.428,-0.542,-0.63,0.078,-0.6,-0.551,-0.488,0.582,0.605,-0.403,-0.592,-0.36,-0.651,0.231,0.485,-0.45,-0.627,-0.649,-0.356,-0.637,-0.603,-0.672,-0.219,0.228,-0.175,-0.663,-0.416,-0.103,-0.446,-0.455,-0.146,-0.637,-0.508,-0.107,-0.41,-0.516,-0.471,-0.281,-0.588,-0.501,-0.436,-0.531,-0.662,-0.483,-0.452,0.419,-0.534,-0.637,-0.717,-0.638,-0.631,-0.609,0.435,-0.577,-0.49,-0.145,-0.527,0.646,-0.588,-0.58,-0.587,-0.422,-0.632,-0.749,-0.636,-0.619,-0.503,0.362,-0.584,-0.484,-0.604,-0.638,-0.601,-0.675,-0.537,-0.49,-0.447,-0.575,-0.667,-0.664,-0.6,0.416,-0.622,-0.5,0.074,-0.668,-0.554,-0.724,-0.279,-0.687,0.594,0.027,-0.585,-0.719,-0.021,-0.641,-0.58,-0.597,-0.608,-0.689,-0.679,-0.597,-0.563,-0.567,-0.295,0.205,0.38,-0.494,-0.127,-0.5,0.084,-0.281,-0.671,-0.69,-0.621,-0.705,-0.326,-0.638,0.577,-0.713,-0.27,-0.538,-0.144,-0.549,-0.714,-0.722,-0.568,-0.561,-0.527,-0.721,0.677,-0.711,-0.034,-0.637,0.098,-0.254,0.218,0.397,-0.569,-0.398,-0.381,-0.682,0.17,-0.429,-0.545,-0.511,-0.604,-0.658,-0.525,-0.49,0.505,-0.44,-0.58,-0.618,0.085,-0.648,0.231,-0.022,-0.27,-0.669,-0.438,-0.467,-0.656,-0.369,-0.472,-0.54,0.753,-0.614,-0.672,-0.614,-0.086,-0.631,-0.117,-0.165,-0.084,-0.329,-0.582,-0.659,-0.534
AKRO,0.814,0.932,0.485,-0.687,0.0,0.84,0.622,0.926,0.851,0.778,0.749,0.737,0.855,0.801,0.858,0.711,0.7,0.677,0.924,0.361,0.758,0.813,0.704,0.778,0.169,0.737,0.708,0.742,-0.475,-0.295,0.619,0.675,0.621,0.88,-0.014,-0.29,0.75,0.791,0.763,0.723,0.926,0.813,0.83,0.668,0.092,0.591,0.785,0.797,0.405,0.859,0.547,0.582,0.829,0.739,0.504,0.42,0.727,0.786,0.61,0.836,0.763,0.613,0.664,0.851,0.79,0.697,-0.117,0.732,0.933,0.838,0.82,0.812,0.841,-0.541,0.766,0.508,0.669,0.72,-0.534,0.709,0.801,0.912,0.756,0.874,0.785,0.867,0.838,0.859,-0.361,0.697,0.538,0.736,0.882,0.851,0.89,0.741,0.812,0.821,0.778,0.728,0.85,0.828,-0.172,0.925,0.852,0.513,0.851,0.641,0.778,0.632,0.912,-0.891,0.213,0.823,0.92,-0.126,0.79,0.655,0.89,0.78,0.827,0.416,0.883,0.891,0.904,0.804,-0.053,-0.193,0.449,0.503,0.798,0.35,0.648,0.841,0.797,0.8,0.791,0.703,0.765,-0.327,0.812,0.533,0.832,0.391,0.676,0.883,0.845,0.525,0.762,0.537,0.82,-0.783,0.852,0.284,0.841,0.365,0.491,-0.371,-0.526,0.608,0.522,0.776,0.921,0.149,0.672,0.767,0.74,0.791,0.84,0.916,0.844,-0.51,0.736,0.839,0.882,-0.077,0.829,-0.206,0.291,0.674,0.866,0.776,0.848,0.797,0.635,0.888,0.855,-0.628,0.863,0.844,0.907,0.436,0.854,0.425,0.278,0.459,0.293,0.721,0.773,0.783
ALRM,0.869,0.791,0.642,-0.663,0.84,0.0,0.401,0.861,0.864,0.747,0.854,0.65,0.929,0.759,0.899,0.915,0.842,0.61,0.939,0.354,0.762,0.592,0.623,0.801,-0.214,0.899,0.894,0.608,-0.671,-0.526,0.737,0.901,0.642,0.851,-0.284,-0.281,0.771,0.871,0.903,0.393,0.843,0.935,0.941,0.364,-0.039,0.334,0.93,0.793,0.398,0.764,0.69,0.398,0.902,0.761,0.176,0.3,0.701,0.654,0.305,0.794,0.655,0.853,0.765,0.863,0.547,0.791,-0.431,0.901,0.901,0.951,0.911,0.917,0.939,-0.53,0.822,0.752,0.604,0.892,-0.559,0.894,0.781,0.86,0.8,0.787,0.893,0.88,0.925,0.592,-0.63,0.861,0.544,0.925,0.946,0.9,0.896,0.899,0.705,0.692,0.877,0.867,0.94,0.89,-0.297,0.883,0.726,0.211,0.846,0.786,0.886,0.698,0.867,-0.766,-0.138,0.879,0.901,0.012,0.932,0.647,0.76,0.919,0.864,0.618,0.873,0.878,0.846,0.682,-0.444,-0.417,0.759,0.229,0.713,0.032,0.453,0.886,0.927,0.901,0.934,0.566,0.9,-0.575,0.933,0.564,0.856,0.203,0.897,0.918,0.943,0.581,0.908,0.811,0.871,-0.808,0.836,-0.032,0.933,0.009,0.515,-0.131,-0.445,0.517,0.794,0.672,0.886,-0.253,0.408,0.875,0.631,0.885,0.849,0.833,0.764,-0.583,0.564,0.788,0.943,0.175,0.939,-0.156,0.113,0.542,0.903,0.618,0.709,0.794,0.525,0.699,0.855,-0.6,0.858,0.918,0.886,0.251,0.848,0.391,0.45,0.413,0.262,0.831,0.897,0.775
AMAT,0.458,0.628,0.186,-0.438,0.622,0.401,0.0,0.585,0.499,0.541,0.487,0.402,0.437,0.485,0.479,0.154,0.313,0.328,0.469,-0.01,0.358,0.494,0.608,0.534,0.488,0.298,0.198,0.779,-0.034,-0.127,0.381,0.213,0.268,0.619,0.238,-0.407,0.283,0.49,0.389,0.696,0.597,0.401,0.396,0.511,-0.018,0.345,0.417,0.412,-0.023,0.362,0.035,0.298,0.338,0.547,0.457,0.436,0.39,0.446,0.636,0.53,0.677,0.099,0.474,0.569,0.699,0.296,0.135,0.353,0.511,0.503,0.36,0.457,0.349,-0.553,0.29,0.233,0.318,0.126,-0.35,0.372,0.53,0.48,0.214,0.686,0.515,0.511,0.395,0.742,-0.055,0.359,0.254,0.246,0.398,0.489,0.591,0.236,0.539,0.577,0.251,0.495,0.45,0.493,-0.104,0.592,0.606,0.402,0.607,0.211,0.419,0.371,0.65,-0.52,0.629,0.458,0.654,0.105,0.276,0.678,0.694,0.225,0.564,0.129,0.522,0.46,0.487,0.624,0.33,-0.073,0.035,0.341,0.685,0.364,0.295,0.511,0.454,0.297,0.393,0.358,0.392,-0.222,0.419,0.096,0.506,0.495,0.22,0.528,0.457,0.408,0.237,0.13,0.489,-0.486,0.594,0.535,0.343,0.613,0.146,-0.459,-0.416,0.323,0.032,0.392,0.513,0.385,0.737,0.218,0.688,0.312,0.455,0.605,0.581,-0.274,0.707,0.425,0.466,-0.444,0.395,-0.162,0.159,0.297,0.473,0.545,0.454,0.549,0.352,0.664,0.446,-0.39,0.38,0.559,0.527,0.345,0.573,0.018,-0.158,0.086,0.207,0.278,0.41,0.387
AMED,0.923,0.969,0.487,-0.632,0.926,0.861,0.585,0.0,0.916,0.791,0.824,0.776,0.908,0.808,0.926,0.731,0.672,0.754,0.948,0.324,0.845,0.824,0.794,0.891,0.108,0.829,0.731,0.82,-0.522,-0.307,0.675,0.734,0.671,0.93,0.097,-0.315,0.765,0.883,0.813,0.759,0.918,0.855,0.855,0.679,0.073,0.517,0.845,0.772,0.396,0.858,0.551,0.535,0.786,0.82,0.495,0.45,0.841,0.847,0.589,0.9,0.821,0.652,0.627,0.922,0.796,0.785,-0.155,0.748,0.967,0.881,0.902,0.891,0.877,-0.613,0.844,0.542,0.591,0.756,-0.648,0.801,0.892,0.941,0.808,0.931,0.842,0.909,0.893,0.862,-0.457,0.769,0.638,0.77,0.924,0.917,0.961,0.796,0.883,0.909,0.8,0.789,0.886,0.922,-0.188,0.968,0.901,0.496,0.881,0.704,0.852,0.672,0.942,-0.91,0.133,0.924,0.933,-0.287,0.804,0.636,0.907,0.775,0.852,0.446,0.964,0.941,0.945,0.786,-0.008,-0.219,0.479,0.511,0.892,0.231,0.658,0.849,0.863,0.807,0.844,0.774,0.833,-0.348,0.842,0.615,0.875,0.432,0.743,0.912,0.889,0.675,0.763,0.572,0.867,-0.819,0.91,0.316,0.854,0.281,0.575,-0.422,-0.698,0.637,0.567,0.803,0.964,0.067,0.753,0.829,0.808,0.842,0.923,0.933,0.909,-0.533,0.832,0.906,0.893,-0.2,0.826,-0.43,0.307,0.649,0.876,0.836,0.89,0.822,0.714,0.914,0.93,-0.68,0.902,0.892,0.946,0.457,0.93,0.507,0.374,0.428,0.447,0.765,0.832,0.798
AMRN,0.883,0.862,0.405,-0.661,0.851,0.864,0.499,0.916,0.0,0.882,0.813,0.588,0.914,0.744,0.91,0.801,0.791,0.689,0.928,0.365,0.761,0.725,0.794,0.884,-0.079,0.865,0.808,0.729,-0.645,-0.46,0.571,0.804,0.741,0.893,-0.049,-0.324,0.621,0.885,0.859,0.614,0.922,0.899,0.911,0.467,-0.08,0.43,0.894,0.797,0.515,0.797,0.713,0.328,0.796,0.677,0.266,0.367,0.7,0.699,0.424,0.858,0.759,0.666,0.535,0.878,0.697,0.662,-0.394,0.721,0.892,0.89,0.904,0.881,0.889,-0.569,0.77,0.677,0.52,0.821,-0.666,0.778,0.859,0.925,0.747,0.858,0.866,0.921,0.89,0.729,-0.549,0.836,0.552,0.832,0.91,0.923,0.898,0.824,0.742,0.748,0.866,0.816,0.909,0.886,-0.413,0.908,0.798,0.381,0.917,0.828,0.906,0.691,0.902,-0.851,-0.035,0.864,0.882,-0.237,0.857,0.687,0.868,0.791,0.89,0.605,0.913,0.908,0.899,0.688,-0.193,-0.356,0.636,0.36,0.782,0.096,0.511,0.884,0.909,0.889,0.863,0.577,0.908,-0.413,0.901,0.472,0.842,0.372,0.81,0.935,0.92,0.651,0.841,0.642,0.896,-0.9,0.877,0.1,0.884,0.116,0.467,-0.366,-0.582,0.574,0.681,0.73,0.944,-0.106,0.643,0.839,0.719,0.892,0.858,0.886,0.828,-0.616,0.695,0.806,0.876,-0.056,0.884,-0.437,0.127,0.621,0.908,0.649,0.8,0.878,0.558,0.787,0.867,-0.662,0.84,0.912,0.867,0.209,0.906,0.371,0.329,0.46,0.3,0.832,0.891,0.892
ANGI,0.772,0.74,0.23,-0.56,0.778,0.747,0.541,0.791,0.882,0.0,0.712,0.401,0.861,0.683,0.811,0.707,0.837,0.691,0.834,0.304,0.516,0.659,0.847,0.838,-0.007,0.772,0.779,0.691,-0.643,-0.504,0.379,0.72,0.804,0.834,-0.134,-0.347,0.429,0.83,0.833,0.565,0.928,0.87,0.882,0.335,-0.204,0.416,0.832,0.869,0.685,0.729,0.78,0.12,0.695,0.439,0.111,0.251,0.425,0.48,0.294,0.711,0.76,0.544,0.36,0.821,0.768,0.444,-0.441,0.618,0.744,0.802,0.778,0.796,0.771,-0.569,0.534,0.734,0.473,0.73,-0.578,0.617,0.817,0.881,0.595,0.757,0.816,0.905,0.783,0.643,-0.551,0.826,0.248,0.764,0.809,0.883,0.768,0.748,0.591,0.594,0.839,0.751,0.847,0.762,-0.55,0.827,0.712,0.483,0.941,0.866,0.842,0.778,0.875,-0.715,-0.005,0.746,0.806,-0.215,0.812,0.653,0.868,0.691,0.895,0.569,0.808,0.859,0.859,0.667,-0.223,-0.409,0.651,0.241,0.75,0.143,0.292,0.878,0.835,0.89,0.784,0.358,0.867,-0.336,0.854,0.176,0.767,0.367,0.75,0.887,0.838,0.537,0.84,0.574,0.855,-0.916,0.782,-0.03,0.821,0.194,0.274,-0.356,-0.365,0.384,0.668,0.636,0.835,-0.113,0.615,0.768,0.55,0.84,0.654,0.878,0.774,-0.666,0.669,0.617,0.826,0.02,0.865,-0.422,-0.116,0.558,0.92,0.433,0.679,0.931,0.294,0.72,0.732,-0.443,0.66,0.88,0.777,-0.016,0.866,0.13,0.068,0.445,0.071,0.848,0.88,0.955
APA,0.893,0.776,0.608,-0.612,0.749,0.854,0.487,0.824,0.813,0.712,0.0,0.637,0.863,0.739,0.89,0.774,0.743,0.692,0.856,0.299,0.798,0.624,0.774,0.861,-0.112,0.82,0.778,0.649,-0.632,-0.491,0.667,0.795,0.606,0.795,-0.04,-0.201,0.724,0.858,0.909,0.447,0.75,0.845,0.85,0.376,0.035,0.188,0.882,0.642,0.317,0.672,0.585,0.19,0.785,0.777,0.207,0.307,0.745,0.697,0.361,0.859,0.76,0.762,0.637,0.89,0.639,0.834,-0.308,0.797,0.836,0.892,0.886,0.899,0.83,-0.49,0.811,0.682,0.357,0.786,-0.677,0.85,0.866,0.782,0.759,0.835,0.916,0.854,0.869,0.574,-0.667,0.807,0.531,0.807,0.867,0.875,0.882,0.846,0.785,0.735,0.759,0.833,0.862,0.885,-0.213,0.862,0.732,0.193,0.814,0.709,0.864,0.651,0.849,-0.7,-0.147,0.918,0.868,-0.146,0.819,0.616,0.712,0.761,0.832,0.637,0.906,0.84,0.825,0.644,-0.295,-0.231,0.664,0.338,0.753,0.013,0.38,0.754,0.911,0.788,0.914,0.62,0.811,-0.517,0.87,0.559,0.835,0.293,0.834,0.879,0.89,0.776,0.785,0.759,0.894,-0.772,0.868,0.071,0.805,-0.012,0.623,-0.25,-0.513,0.547,0.73,0.565,0.816,-0.231,0.55,0.831,0.572,0.854,0.864,0.743,0.685,-0.485,0.706,0.813,0.894,-0.123,0.803,-0.352,0.109,0.434,0.838,0.628,0.721,0.831,0.606,0.688,0.894,-0.613,0.835,0.866,0.896,0.199,0.862,0.472,0.426,0.242,0.465,0.768,0.881,0.669
APOG,0.645,0.816,0.645,-0.378,0.737,0.65,0.402,0.776,0.588,0.401,0.637,0.0,0.591,0.811,0.659,0.495,0.414,0.626,0.74,0.398,0.798,0.811,0.423,0.534,0.256,0.512,0.446,0.553,-0.193,0.129,0.634,0.443,0.367,0.571,0.18,0.048,0.833,0.529,0.537,0.665,0.595,0.521,0.544,0.748,0.491,0.581,0.509,0.477,0.204,0.77,0.239,0.717,0.687,0.758,0.693,0.364,0.823,0.873,0.641,0.788,0.545,0.482,0.558,0.606,0.562,0.837,0.259,0.556,0.791,0.571,0.676,0.607,0.654,-0.201,0.779,0.12,0.642,0.545,-0.307,0.566,0.575,0.697,0.82,0.725,0.522,0.6,0.651,0.767,-0.166,0.378,0.611,0.478,0.706,0.582,0.688,0.585,0.861,0.841,0.536,0.401,0.595,0.651,0.33,0.761,0.778,0.513,0.496,0.318,0.492,0.485,0.664,-0.771,0.252,0.733,0.707,-0.246,0.546,0.343,0.576,0.622,0.461,0.165,0.748,0.722,0.736,0.671,0.117,0.233,0.165,0.723,0.646,0.474,0.826,0.497,0.537,0.528,0.598,0.889,0.45,-0.095,0.531,0.852,0.688,0.365,0.442,0.593,0.572,0.432,0.495,0.333,0.573,-0.385,0.651,0.502,0.654,0.321,0.72,-0.14,-0.478,0.6,0.327,0.69,0.696,0.267,0.551,0.673,0.653,0.552,0.773,0.672,0.624,-0.087,0.615,0.842,0.68,-0.115,0.51,-0.157,0.638,0.614,0.555,0.912,0.812,0.444,0.867,0.741,0.774,-0.592,0.82,0.55,0.77,0.622,0.58,0.799,0.569,0.417,0.583,0.403,0.461,0.461
APPS,0.939,0.818,0.497,-0.636,0.855,0.929,0.437,0.908,0.914,0.861,0.863,0.591,0.0,0.72,0.955,0.897,0.818,0.758,0.95,0.324,0.733,0.637,0.793,0.927,-0.184,0.957,0.903,0.69,-0.761,-0.586,0.644,0.92,0.761,0.938,-0.172,-0.394,0.708,0.965,0.937,0.49,0.916,0.979,0.96,0.399,-0.18,0.311,0.957,0.861,0.513,0.8,0.755,0.307,0.8,0.702,0.16,0.34,0.671,0.639,0.259,0.823,0.788,0.824,0.629,0.943,0.677,0.741,-0.469,0.859,0.903,0.958,0.947,0.97,0.918,-0.661,0.79,0.81,0.533,0.892,-0.682,0.891,0.917,0.914,0.772,0.826,0.924,0.953,0.952,0.644,-0.712,0.94,0.493,0.934,0.953,0.985,0.937,0.92,0.71,0.733,0.927,0.916,0.966,0.956,-0.433,0.927,0.75,0.318,0.943,0.872,0.953,0.774,0.918,-0.772,-0.17,0.93,0.904,-0.159,0.939,0.615,0.856,0.843,0.938,0.619,0.939,0.94,0.921,0.71,-0.352,-0.502,0.779,0.206,0.802,-0.014,0.387,0.915,0.961,0.935,0.93,0.564,0.96,-0.519,0.958,0.46,0.854,0.207,0.935,0.97,0.966,0.676,0.931,0.813,0.907,-0.933,0.88,-0.051,0.921,0.048,0.488,-0.278,-0.535,0.492,0.782,0.676,0.932,-0.278,0.542,0.896,0.612,0.952,0.849,0.917,0.869,-0.683,0.687,0.791,0.958,0.022,0.956,-0.358,-0.007,0.503,0.968,0.585,0.748,0.897,0.461,0.768,0.901,-0.56,0.832,0.967,0.929,0.223,0.954,0.322,0.304,0.353,0.248,0.93,0.969,0.865
ARCB,0.723,0.836,0.555,-0.374,0.801,0.759,0.485,0.808,0.744,0.683,0.739,0.811,0.72,0.0,0.741,0.634,0.7,0.676,0.844,0.493,0.727,0.818,0.6,0.634,0.219,0.609,0.629,0.678,-0.291,-0.036,0.608,0.559,0.621,0.675,0.016,0.121,0.746,0.631,0.701,0.658,0.764,0.717,0.732,0.659,0.374,0.628,0.66,0.723,0.484,0.827,0.487,0.588,0.805,0.669,0.555,0.262,0.718,0.799,0.594,0.81,0.653,0.591,0.596,0.706,0.674,0.735,0.063,0.668,0.823,0.686,0.753,0.699,0.787,-0.28,0.735,0.376,0.722,0.674,-0.322,0.596,0.667,0.83,0.782,0.781,0.646,0.771,0.737,0.749,-0.295,0.549,0.498,0.624,0.805,0.727,0.728,0.684,0.843,0.798,0.705,0.538,0.729,0.71,0.108,0.826,0.846,0.6,0.679,0.571,0.612,0.665,0.797,-0.799,0.215,0.774,0.775,-0.17,0.699,0.524,0.707,0.747,0.665,0.308,0.806,0.82,0.828,0.77,-0.074,0.102,0.364,0.653,0.707,0.512,0.701,0.7,0.679,0.727,0.724,0.751,0.633,-0.13,0.681,0.662,0.777,0.466,0.584,0.739,0.699,0.424,0.697,0.444,0.727,-0.564,0.732,0.358,0.767,0.4,0.586,-0.106,-0.374,0.541,0.564,0.769,0.789,0.201,0.584,0.782,0.719,0.713,0.762,0.8,0.712,-0.257,0.677,0.819,0.817,0.055,0.689,-0.159,0.439,0.744,0.734,0.78,0.811,0.672,0.737,0.8,0.819,-0.497,0.819,0.709,0.813,0.42,0.694,0.635,0.481,0.578,0.355,0.573,0.648,0.717
ARCC,0.932,0.866,0.466,-0.646,0.858,0.899,0.479,0.926,0.91,0.811,0.89,0.659,0.955,0.741,0.0,0.834,0.758,0.745,0.939,0.281,0.827,0.724,0.8,0.913,-0.131,0.917,0.81,0.71,-0.7,-0.49,0.64,0.865,0.693,0.926,-0.056,-0.373,0.712,0.927,0.897,0.57,0.884,0.92,0.914,0.503,-0.102,0.312,0.917,0.751,0.424,0.789,0.693,0.356,0.782,0.778,0.297,0.466,0.779,0.75,0.394,0.886,0.806,0.768,0.657,0.912,0.677,0.802,-0.355,0.793,0.922,0.928,0.947,0.936,0.891,-0.578,0.864,0.713,0.501,0.857,-0.714,0.847,0.924,0.908,0.787,0.86,0.919,0.91,0.953,0.706,-0.613,0.865,0.63,0.884,0.936,0.948,0.947,0.873,0.778,0.787,0.87,0.867,0.935,0.95,-0.353,0.944,0.759,0.299,0.906,0.799,0.938,0.681,0.903,-0.809,-0.096,0.945,0.921,-0.156,0.895,0.655,0.839,0.8,0.898,0.636,0.947,0.926,0.925,0.734,-0.215,-0.368,0.679,0.341,0.789,0.021,0.497,0.886,0.94,0.876,0.929,0.654,0.904,-0.499,0.932,0.538,0.855,0.372,0.871,0.953,0.951,0.751,0.864,0.752,0.923,-0.891,0.931,0.099,0.886,0.06,0.576,-0.267,-0.604,0.643,0.706,0.706,0.935,-0.191,0.624,0.874,0.671,0.92,0.922,0.885,0.864,-0.574,0.708,0.875,0.933,-0.046,0.888,-0.356,0.089,0.533,0.927,0.669,0.809,0.865,0.594,0.799,0.934,-0.667,0.901,0.939,0.947,0.321,0.932,0.434,0.37,0.329,0.385,0.876,0.919,0.811
ARVN,0.811,0.622,0.58,-0.617,0.711,0.915,0.154,0.731,0.801,0.707,0.774,0.495,0.897,0.634,0.834,0.0,0.83,0.588,0.866,0.367,0.673,0.444,0.533,0.758,-0.455,0.919,0.938,0.416,-0.832,-0.66,0.624,0.945,0.67,0.752,-0.413,-0.242,0.694,0.837,0.882,0.167,0.748,0.914,0.91,0.182,-0.179,0.216,0.903,0.761,0.497,0.694,0.813,0.262,0.826,0.598,-0.049,0.209,0.564,0.498,0.054,0.687,0.515,0.905,0.631,0.782,0.398,0.702,-0.61,0.862,0.799,0.884,0.884,0.878,0.898,-0.441,0.77,0.814,0.512,0.959,-0.549,0.866,0.721,0.779,0.742,0.618,0.834,0.826,0.894,0.389,-0.739,0.879,0.483,0.962,0.891,0.86,0.787,0.92,0.521,0.525,0.917,0.837,0.906,0.83,-0.439,0.757,0.535,0.058,0.775,0.851,0.873,0.658,0.739,-0.649,-0.405,0.809,0.758,-0.02,0.948,0.497,0.619,0.885,0.803,0.694,0.79,0.807,0.764,0.514,-0.622,-0.545,0.882,0.043,0.545,-0.174,0.296,0.804,0.891,0.927,0.898,0.43,0.889,-0.594,0.918,0.474,0.747,0.009,0.942,0.865,0.903,0.52,0.946,0.885,0.817,-0.808,0.732,-0.299,0.895,-0.216,0.444,-0.021,-0.363,0.463,0.885,0.541,0.809,-0.495,0.213,0.885,0.42,0.918,0.757,0.726,0.653,-0.65,0.38,0.69,0.888,0.302,0.919,-0.139,-0.061,0.419,0.87,0.413,0.59,0.74,0.368,0.508,0.788,-0.52,0.768,0.851,0.794,0.103,0.777,0.315,0.456,0.361,0.15,0.882,0.895,0.776
ATEC,0.717,0.621,0.45,-0.55,0.7,0.842,0.313,0.672,0.791,0.837,0.743,0.414,0.818,0.7,0.758,0.83,0.0,0.57,0.828,0.465,0.527,0.518,0.608,0.672,-0.229,0.768,0.881,0.429,-0.676,-0.52,0.523,0.807,0.669,0.687,-0.39,-0.155,0.55,0.725,0.873,0.277,0.8,0.874,0.91,0.154,-0.062,0.352,0.85,0.816,0.608,0.706,0.826,0.12,0.829,0.445,-0.034,0.094,0.399,0.419,0.159,0.62,0.541,0.714,0.532,0.72,0.493,0.546,-0.534,0.708,0.704,0.813,0.773,0.772,0.849,-0.377,0.585,0.771,0.554,0.836,-0.43,0.675,0.654,0.796,0.661,0.642,0.804,0.828,0.801,0.427,-0.612,0.794,0.238,0.853,0.829,0.806,0.69,0.827,0.538,0.477,0.847,0.705,0.854,0.706,-0.405,0.737,0.616,0.258,0.805,0.816,0.789,0.772,0.785,-0.604,-0.194,0.699,0.753,0.007,0.882,0.594,0.675,0.856,0.806,0.641,0.729,0.792,0.762,0.56,-0.562,-0.366,0.792,0.153,0.579,0.084,0.245,0.847,0.836,0.912,0.841,0.293,0.846,-0.463,0.861,0.286,0.744,0.189,0.822,0.833,0.841,0.408,0.911,0.737,0.835,-0.783,0.68,-0.223,0.89,-0.025,0.363,-0.049,-0.142,0.324,0.826,0.572,0.739,-0.277,0.292,0.823,0.424,0.836,0.622,0.738,0.6,-0.54,0.406,0.589,0.849,0.339,0.898,-0.127,-0.07,0.547,0.869,0.346,0.574,0.834,0.298,0.538,0.686,-0.394,0.674,0.819,0.718,-0.075,0.731,0.219,0.26,0.48,-0.0,0.795,0.848,0.853
ATXS,0.796,0.71,0.326,-0.265,0.677,0.61,0.328,0.754,0.689,0.691,0.692,0.626,0.758,0.676,0.745,0.588,0.57,0.0,0.772,0.456,0.604,0.706,0.724,0.758,0.052,0.672,0.639,0.562,-0.506,-0.193,0.463,0.609,0.658,0.686,0.201,-0.056,0.622,0.713,0.703,0.576,0.71,0.714,0.674,0.511,0.133,0.396,0.676,0.687,0.588,0.783,0.534,0.334,0.511,0.517,0.329,0.177,0.584,0.634,0.293,0.674,0.741,0.611,0.308,0.75,0.706,0.687,-0.09,0.591,0.711,0.637,0.747,0.76,0.677,-0.448,0.653,0.523,0.499,0.653,-0.463,0.599,0.823,0.788,0.716,0.673,0.617,0.791,0.715,0.568,-0.586,0.666,0.293,0.649,0.768,0.794,0.697,0.73,0.749,0.762,0.701,0.576,0.712,0.739,-0.094,0.8,0.705,0.586,0.686,0.623,0.661,0.716,0.727,-0.609,-0.084,0.797,0.654,-0.406,0.676,0.236,0.637,0.595,0.662,0.242,0.804,0.858,0.866,0.744,-0.049,-0.112,0.454,0.431,0.716,0.217,0.463,0.607,0.658,0.693,0.668,0.673,0.638,-0.113,0.657,0.499,0.641,0.242,0.671,0.713,0.651,0.565,0.691,0.536,0.658,-0.664,0.676,0.123,0.701,0.243,0.535,-0.339,-0.437,0.334,0.548,0.638,0.725,-0.056,0.594,0.78,0.4,0.759,0.658,0.765,0.758,-0.402,0.707,0.676,0.738,-0.093,0.64,-0.444,0.084,0.467,0.735,0.561,0.771,0.714,0.497,0.726,0.818,-0.227,0.696,0.671,0.805,0.311,0.773,0.489,0.224,0.446,0.266,0.7,0.699,0.672
AVAV,0.917,0.906,0.561,-0.649,0.924,0.939,0.469,0.948,0.928,0.834,0.856,0.74,0.95,0.844,0.939,0.866,0.828,0.772,0.0,0.449,0.81,0.772,0.733,0.863,-0.056,0.881,0.866,0.691,-0.643,-0.406,0.683,0.845,0.716,0.895,-0.102,-0.238,0.793,0.884,0.9,0.599,0.931,0.93,0.942,0.542,0.053,0.505,0.912,0.852,0.514,0.893,0.705,0.479,0.887,0.754,0.342,0.315,0.76,0.771,0.438,0.863,0.747,0.778,0.67,0.909,0.709,0.798,-0.305,0.828,0.96,0.92,0.936,0.927,0.956,-0.543,0.849,0.669,0.668,0.883,-0.583,0.83,0.863,0.962,0.865,0.866,0.873,0.947,0.942,0.745,-0.583,0.839,0.558,0.889,0.98,0.947,0.927,0.899,0.829,0.828,0.902,0.815,0.954,0.916,-0.252,0.962,0.846,0.437,0.892,0.793,0.886,0.759,0.932,-0.87,-0.025,0.921,0.927,-0.184,0.918,0.63,0.857,0.896,0.88,0.538,0.951,0.969,0.958,0.78,-0.257,-0.291,0.653,0.418,0.802,0.192,0.592,0.893,0.913,0.924,0.914,0.688,0.893,-0.418,0.92,0.602,0.893,0.318,0.853,0.95,0.939,0.597,0.899,0.712,0.902,-0.852,0.89,0.108,0.949,0.168,0.562,-0.262,-0.529,0.575,0.73,0.77,0.958,-0.087,0.59,0.915,0.693,0.924,0.895,0.928,0.862,-0.581,0.695,0.873,0.961,0.057,0.925,-0.292,0.209,0.666,0.941,0.725,0.857,0.863,0.632,0.835,0.926,-0.616,0.917,0.923,0.95,0.332,0.915,0.488,0.405,0.512,0.3,0.845,0.897,0.864
AXON,0.275,0.336,0.404,-0.045,0.361,0.354,-0.01,0.324,0.365,0.304,0.299,0.398,0.324,0.493,0.281,0.367,0.465,0.456,0.449,0.0,0.231,0.364,0.182,0.179,0.01,0.244,0.446,0.069,-0.175,0.087,0.245,0.291,0.376,0.187,-0.084,0.426,0.512,0.203,0.362,0.171,0.38,0.33,0.387,0.301,0.412,0.512,0.265,0.487,0.463,0.611,0.393,0.32,0.488,0.133,0.171,-0.274,0.202,0.303,0.164,0.267,0.169,0.402,0.212,0.27,0.207,0.319,0.016,0.35,0.391,0.251,0.313,0.322,0.535,0.035,0.264,0.139,0.63,0.429,0.041,0.205,0.268,0.468,0.557,0.208,0.168,0.409,0.32,0.218,-0.233,0.22,-0.022,0.353,0.427,0.351,0.244,0.394,0.441,0.388,0.404,0.092,0.353,0.266,0.22,0.36,0.404,0.455,0.253,0.295,0.192,0.456,0.324,-0.376,-0.12,0.307,0.251,-0.155,0.403,0.058,0.256,0.521,0.227,0.05,0.358,0.462,0.448,0.407,-0.265,0.191,0.225,0.381,0.254,0.455,0.346,0.299,0.248,0.412,0.304,0.33,0.277,0.165,0.284,0.358,0.34,-0.054,0.321,0.292,0.292,-0.094,0.43,0.266,0.251,-0.204,0.183,-0.075,0.427,0.179,0.267,0.062,0.05,0.042,0.417,0.377,0.363,0.128,0.042,0.487,0.148,0.38,0.233,0.39,0.322,-0.118,0.166,0.303,0.439,0.337,0.365,0.044,0.221,0.549,0.342,0.284,0.475,0.376,0.304,0.339,0.383,-0.006,0.37,0.25,0.38,0.135,0.28,0.368,0.292,0.589,-0.099,0.238,0.279,0.417
BANF,0.792,0.84,0.539,-0.6,0.758,0.762,0.358,0.845,0.761,0.516,0.798,0.798,0.733,0.727,0.827,0.673,0.527,0.604,0.81,0.231,0.0,0.768,0.586,0.721,-0.026,0.718,0.583,0.585,-0.479,-0.185,0.643,0.633,0.458,0.717,0.14,-0.109,0.767,0.698,0.694,0.591,0.657,0.677,0.686,0.636,0.229,0.356,0.716,0.454,0.201,0.69,0.444,0.534,0.738,0.831,0.534,0.487,0.951,0.925,0.576,0.889,0.643,0.623,0.596,0.736,0.572,0.878,-0.054,0.634,0.861,0.742,0.851,0.748,0.759,-0.271,0.96,0.376,0.421,0.712,-0.632,0.725,0.731,0.749,0.78,0.815,0.746,0.709,0.811,0.706,-0.335,0.582,0.856,0.663,0.811,0.715,0.821,0.723,0.83,0.803,0.665,0.63,0.732,0.784,0.002,0.815,0.716,0.212,0.632,0.53,0.744,0.393,0.738,-0.812,-0.013,0.842,0.798,-0.229,0.711,0.475,0.614,0.703,0.628,0.512,0.837,0.767,0.776,0.584,-0.013,-0.001,0.412,0.58,0.646,0.126,0.73,0.642,0.746,0.655,0.794,0.834,0.645,-0.36,0.725,0.817,0.746,0.417,0.634,0.767,0.759,0.729,0.63,0.529,0.782,-0.601,0.836,0.321,0.74,0.054,0.759,-0.184,-0.65,0.823,0.501,0.705,0.813,-0.012,0.595,0.768,0.705,0.743,0.956,0.659,0.656,-0.259,0.63,0.948,0.754,-0.171,0.629,-0.288,0.467,0.556,0.691,0.812,0.832,0.591,0.874,0.707,0.872,-0.787,0.939,0.691,0.829,0.478,0.716,0.733,0.659,0.309,0.707,0.624,0.661,0.555
BATRK,0.659,0.891,0.334,-0.428,0.813,0.592,0.494,0.824,0.725,0.659,0.624,0.811,0.637,0.818,0.724,0.444,0.518,0.706,0.772,0.364,0.768,0.0,0.659,0.62,0.38,0.516,0.442,0.655,-0.257,0.098,0.406,0.396,0.537,0.667,0.27,0.016,0.622,0.558,0.568,0.856,0.762,0.576,0.62,0.796,0.414,0.7,0.554,0.582,0.448,0.825,0.405,0.578,0.671,0.608,0.727,0.394,0.759,0.882,0.722,0.813,0.68,0.376,0.361,0.645,0.777,0.68,0.205,0.427,0.782,0.577,0.697,0.594,0.655,-0.231,0.712,0.193,0.583,0.541,-0.419,0.413,0.686,0.827,0.736,0.807,0.567,0.703,0.647,0.857,-0.102,0.417,0.542,0.467,0.716,0.648,0.69,0.558,0.866,0.825,0.609,0.391,0.621,0.632,0.097,0.818,0.836,0.693,0.654,0.465,0.573,0.514,0.763,-0.844,0.306,0.702,0.74,-0.395,0.584,0.441,0.717,0.57,0.577,0.254,0.779,0.789,0.839,0.722,0.251,0.227,0.165,0.816,0.681,0.555,0.829,0.626,0.567,0.621,0.613,0.821,0.517,0.017,0.59,0.659,0.716,0.584,0.419,0.693,0.606,0.5,0.558,0.244,0.688,-0.57,0.722,0.52,0.687,0.439,0.631,-0.328,-0.47,0.669,0.291,0.804,0.774,0.368,0.774,0.693,0.689,0.631,0.766,0.766,0.708,-0.18,0.726,0.85,0.682,-0.165,0.556,-0.333,0.515,0.746,0.676,0.832,0.926,0.627,0.801,0.853,0.781,-0.606,0.834,0.608,0.783,0.483,0.672,0.686,0.363,0.49,0.488,0.511,0.542,0.674
BIDU,0.807,0.739,0.191,-0.542,0.704,0.623,0.608,0.794,0.794,0.847,0.774,0.423,0.793,0.6,0.8,0.533,0.608,0.724,0.733,0.182,0.586,0.659,0.0,0.896,0.132,0.708,0.594,0.798,-0.558,-0.431,0.367,0.588,0.696,0.842,0.17,-0.346,0.427,0.814,0.763,0.676,0.814,0.739,0.735,0.466,-0.149,0.235,0.742,0.663,0.454,0.633,0.555,0.06,0.513,0.508,0.272,0.402,0.567,0.581,0.38,0.745,0.896,0.449,0.297,0.849,0.837,0.513,-0.226,0.537,0.704,0.737,0.757,0.771,0.629,-0.635,0.569,0.602,0.251,0.549,-0.71,0.604,0.927,0.789,0.517,0.798,0.799,0.834,0.693,0.66,-0.519,0.727,0.33,0.607,0.725,0.832,0.789,0.621,0.701,0.706,0.659,0.727,0.728,0.783,-0.388,0.81,0.71,0.44,0.873,0.721,0.804,0.602,0.859,-0.646,0.037,0.793,0.771,-0.333,0.67,0.546,0.815,0.501,0.864,0.51,0.813,0.788,0.816,0.631,0.046,-0.283,0.464,0.334,0.828,0.106,0.301,0.758,0.772,0.689,0.748,0.506,0.741,-0.307,0.748,0.229,0.673,0.411,0.648,0.818,0.751,0.77,0.644,0.493,0.811,-0.838,0.805,0.171,0.646,0.218,0.382,-0.448,-0.577,0.449,0.491,0.565,0.794,-0.035,0.815,0.682,0.572,0.75,0.69,0.787,0.796,-0.537,0.858,0.669,0.747,-0.358,0.677,-0.63,-0.08,0.386,0.818,0.518,0.69,0.896,0.402,0.753,0.777,-0.515,0.63,0.806,0.801,0.1,0.882,0.181,0.044,0.187,0.349,0.736,0.811,0.749
BLNE,0.945,0.802,0.372,-0.63,0.778,0.801,0.534,0.891,0.884,0.838,0.861,0.534,0.927,0.634,0.913,0.758,0.672,0.758,0.863,0.179,0.721,0.62,0.896,0.0,-0.108,0.9,0.769,0.776,-0.72,-0.574,0.566,0.809,0.701,0.927,0.043,-0.467,0.597,0.959,0.89,0.568,0.851,0.884,0.853,0.435,-0.23,0.196,0.901,0.727,0.395,0.674,0.645,0.179,0.639,0.703,0.188,0.423,0.674,0.635,0.312,0.818,0.876,0.666,0.489,0.95,0.76,0.681,-0.401,0.739,0.84,0.893,0.897,0.932,0.793,-0.725,0.745,0.749,0.331,0.749,-0.786,0.839,0.961,0.838,0.671,0.846,0.917,0.91,0.88,0.662,-0.695,0.896,0.504,0.814,0.869,0.95,0.928,0.818,0.713,0.769,0.796,0.901,0.893,0.937,-0.474,0.894,0.715,0.284,0.921,0.799,0.932,0.667,0.899,-0.72,-0.109,0.934,0.87,-0.275,0.816,0.611,0.851,0.661,0.934,0.596,0.917,0.881,0.876,0.657,-0.14,-0.469,0.654,0.21,0.85,-0.103,0.33,0.821,0.919,0.816,0.883,0.555,0.882,-0.518,0.885,0.378,0.793,0.32,0.84,0.927,0.904,0.817,0.782,0.704,0.9,-0.918,0.905,0.068,0.789,0.062,0.457,-0.416,-0.691,0.519,0.657,0.577,0.888,-0.246,0.705,0.791,0.61,0.887,0.833,0.852,0.844,-0.684,0.804,0.763,0.866,-0.256,0.831,-0.56,-0.051,0.374,0.901,0.579,0.717,0.898,0.464,0.75,0.876,-0.601,0.756,0.928,0.896,0.189,0.964,0.267,0.228,0.195,0.386,0.872,0.926,0.778
BLNK,-0.101,0.249,-0.094,0.078,0.169,-0.214,0.488,0.108,-0.079,-0.007,-0.112,0.256,-0.184,0.219,-0.131,-0.455,-0.229,0.052,-0.056,0.01,-0.026,0.38,0.132,-0.108,0.0,-0.391,-0.387,0.404,0.6,0.573,-0.091,-0.494,-0.038,0.009,0.445,0.184,0.042,-0.187,-0.233,0.612,0.086,-0.229,-0.194,0.534,0.494,0.532,-0.283,-0.007,-0.08,0.106,-0.469,0.338,-0.074,0.049,0.655,0.117,0.095,0.258,0.595,0.078,0.194,-0.41,-0.046,0.008,0.447,-0.075,0.743,-0.191,0.008,-0.2,-0.219,-0.193,-0.169,0.018,-0.159,-0.486,0.128,-0.418,0.22,-0.311,-0.041,0.04,-0.108,0.165,-0.184,-0.04,-0.243,0.448,0.571,-0.358,-0.081,-0.436,-0.148,-0.147,-0.032,-0.375,0.331,0.264,-0.254,-0.261,-0.235,-0.157,0.514,0.075,0.381,0.62,-0.028,-0.301,-0.296,-0.034,0.129,-0.189,0.791,-0.099,0.021,-0.16,-0.325,0.08,0.171,-0.225,-0.122,-0.442,-0.004,-0.01,0.064,0.243,0.678,0.588,-0.623,0.583,0.251,0.774,0.348,-0.074,-0.271,-0.265,-0.25,0.286,-0.287,0.536,-0.256,0.053,-0.028,0.378,-0.46,-0.124,-0.226,-0.133,-0.326,-0.555,-0.136,0.199,-0.023,0.747,-0.191,0.796,0.025,-0.285,-0.008,0.02,-0.543,0.228,-0.011,0.861,0.49,-0.222,0.352,-0.264,-0.055,0.111,0.127,0.349,0.456,0.054,-0.114,-0.442,-0.254,-0.036,0.484,0.292,-0.138,0.408,0.212,-0.04,0.28,0.397,-0.031,0.02,-0.03,-0.134,0.011,0.37,-0.05,0.111,-0.215,0.059,0.164,-0.351,-0.257,-0.09
BTAI,0.901,0.714,0.466,-0.6,0.737,0.899,0.298,0.829,0.865,0.772,0.82,0.512,0.957,0.609,0.917,0.919,0.768,0.672,0.881,0.244,0.718,0.516,0.708,0.9,-0.391,0.0,0.894,0.574,-0.828,-0.654,0.631,0.953,0.679,0.873,-0.22,-0.446,0.64,0.94,0.902,0.344,0.809,0.939,0.912,0.278,-0.275,0.146,0.942,0.75,0.437,0.686,0.772,0.221,0.73,0.678,0.041,0.354,0.637,0.563,0.124,0.764,0.698,0.822,0.587,0.87,0.509,0.721,-0.58,0.82,0.839,0.929,0.936,0.938,0.867,-0.633,0.792,0.836,0.434,0.904,-0.699,0.903,0.864,0.821,0.733,0.75,0.896,0.865,0.936,0.514,-0.771,0.938,0.532,0.943,0.908,0.935,0.888,0.919,0.592,0.645,0.896,0.906,0.94,0.937,-0.518,0.847,0.6,0.124,0.869,0.851,0.951,0.682,0.817,-0.681,-0.317,0.898,0.84,-0.147,0.925,0.561,0.752,0.79,0.894,0.667,0.87,0.858,0.827,0.573,-0.416,-0.6,0.833,0.065,0.689,-0.229,0.307,0.842,0.947,0.9,0.922,0.487,0.944,-0.632,0.938,0.439,0.795,0.148,0.957,0.925,0.939,0.696,0.906,0.861,0.876,-0.904,0.84,-0.16,0.882,-0.143,0.481,-0.194,-0.558,0.488,0.807,0.562,0.863,-0.46,0.43,0.87,0.514,0.929,0.819,0.813,0.775,-0.678,0.548,0.743,0.895,0.067,0.919,-0.372,-0.083,0.369,0.913,0.482,0.637,0.815,0.401,0.625,0.849,-0.581,0.78,0.92,0.862,0.156,0.893,0.292,0.359,0.261,0.257,0.922,0.941,0.796
BYND,0.809,0.631,0.555,-0.551,0.708,0.894,0.198,0.731,0.808,0.779,0.778,0.446,0.903,0.629,0.81,0.938,0.881,0.639,0.866,0.446,0.583,0.442,0.594,0.769,-0.387,0.894,0.0,0.416,-0.803,-0.621,0.591,0.918,0.725,0.753,-0.378,-0.221,0.673,0.842,0.914,0.187,0.794,0.93,0.935,0.152,-0.142,0.26,0.908,0.853,0.587,0.732,0.839,0.163,0.835,0.53,-0.11,0.069,0.482,0.437,0.03,0.644,0.535,0.863,0.552,0.823,0.479,0.628,-0.618,0.844,0.782,0.875,0.855,0.879,0.911,-0.491,0.671,0.837,0.54,0.935,-0.516,0.836,0.733,0.811,0.753,0.64,0.837,0.879,0.885,0.394,-0.772,0.914,0.316,0.951,0.893,0.892,0.777,0.937,0.531,0.531,0.916,0.823,0.916,0.814,-0.442,0.766,0.595,0.194,0.811,0.874,0.861,0.782,0.765,-0.627,-0.39,0.799,0.752,-0.117,0.941,0.506,0.682,0.9,0.829,0.658,0.808,0.848,0.797,0.562,-0.634,-0.523,0.886,0.044,0.605,-0.1,0.222,0.83,0.897,0.942,0.874,0.361,0.908,-0.52,0.906,0.382,0.8,0.028,0.949,0.861,0.9,0.472,0.957,0.854,0.83,-0.829,0.707,-0.336,0.903,-0.148,0.408,-0.113,-0.3,0.325,0.921,0.557,0.795,-0.444,0.228,0.89,0.393,0.906,0.689,0.767,0.662,-0.709,0.435,0.623,0.9,0.267,0.944,-0.209,-0.086,0.476,0.896,0.367,0.591,0.808,0.299,0.537,0.759,-0.4,0.714,0.863,0.781,-0.004,0.814,0.251,0.364,0.432,0.063,0.892,0.92,0.831
CAN,0.748,0.8,0.248,-0.488,0.742,0.608,0.779,0.82,0.729,0.691,0.649,0.553,0.69,0.678,0.71,0.416,0.429,0.562,0.691,0.069,0.585,0.655,0.798,0.776,0.404,0.574,0.416,0.0,-0.218,-0.216,0.497,0.445,0.547,0.833,0.225,-0.39,0.489,0.731,0.577,0.81,0.77,0.643,0.619,0.637,-0.034,0.412,0.617,0.604,0.207,0.577,0.253,0.404,0.49,0.689,0.52,0.49,0.643,0.656,0.597,0.741,0.839,0.353,0.516,0.797,0.804,0.505,0.028,0.578,0.728,0.678,0.634,0.684,0.581,-0.668,0.546,0.39,0.374,0.392,-0.529,0.595,0.767,0.715,0.434,0.814,0.675,0.726,0.61,0.814,-0.245,0.58,0.474,0.465,0.642,0.719,0.794,0.45,0.733,0.766,0.521,0.688,0.633,0.737,-0.169,0.786,0.805,0.494,0.783,0.513,0.637,0.51,0.823,-0.722,0.421,0.715,0.76,-0.165,0.504,0.661,0.834,0.421,0.746,0.251,0.755,0.693,0.723,0.684,0.259,-0.187,0.21,0.414,0.856,0.302,0.461,0.689,0.65,0.523,0.601,0.597,0.629,-0.237,0.613,0.325,0.649,0.51,0.464,0.721,0.665,0.602,0.467,0.291,0.655,-0.669,0.771,0.507,0.544,0.522,0.302,-0.471,-0.631,0.452,0.254,0.616,0.767,0.247,0.86,0.495,0.836,0.582,0.69,0.798,0.823,-0.416,0.907,0.669,0.659,-0.416,0.581,-0.446,0.214,0.437,0.663,0.721,0.645,0.694,0.522,0.852,0.7,-0.533,0.605,0.747,0.738,0.44,0.774,0.22,0.079,0.203,0.364,0.523,0.64,0.606
CCEC,-0.666,-0.374,-0.314,0.582,-0.475,-0.671,-0.034,-0.522,-0.645,-0.643,-0.632,-0.193,-0.761,-0.291,-0.7,-0.832,-0.676,-0.506,-0.643,-0.175,-0.479,-0.257,-0.558,-0.72,0.6,-0.828,-0.803,-0.218,0.0,0.79,-0.31,-0.835,-0.585,-0.624,0.354,0.361,-0.403,-0.746,-0.786,0.005,-0.584,-0.753,-0.75,0.034,0.421,0.09,-0.782,-0.566,-0.458,-0.451,-0.824,0.128,-0.545,-0.327,0.304,-0.2,-0.321,-0.245,0.202,-0.487,-0.444,-0.72,-0.301,-0.649,-0.308,-0.468,0.739,-0.634,-0.549,-0.72,-0.741,-0.747,-0.664,0.412,-0.569,-0.806,-0.182,-0.797,0.651,-0.685,-0.681,-0.582,-0.514,-0.42,-0.75,-0.682,-0.727,-0.158,0.788,-0.821,-0.305,-0.825,-0.685,-0.733,-0.606,-0.781,-0.283,-0.305,-0.769,-0.739,-0.755,-0.682,0.663,-0.566,-0.245,0.133,-0.689,-0.803,-0.827,-0.489,-0.569,0.41,0.608,-0.655,-0.563,0.106,-0.818,-0.293,-0.455,-0.62,-0.714,-0.768,-0.606,-0.631,-0.596,-0.258,0.588,0.67,-0.872,0.192,-0.391,0.461,-0.003,-0.654,-0.765,-0.793,-0.777,-0.158,-0.77,0.598,-0.798,-0.191,-0.511,0.134,-0.851,-0.733,-0.753,-0.573,-0.804,-0.838,-0.709,0.802,-0.573,0.518,-0.697,0.426,-0.291,0.045,0.288,-0.338,-0.764,-0.261,-0.625,0.691,-0.156,-0.723,-0.108,-0.812,-0.566,-0.521,-0.479,0.657,-0.248,-0.471,-0.697,-0.198,-0.751,0.265,0.39,-0.132,-0.763,-0.089,-0.409,-0.695,-0.085,-0.27,-0.599,0.437,-0.545,-0.714,-0.61,0.162,-0.686,-0.073,-0.212,-0.103,-0.103,-0.852,-0.822,-0.663
CDW,-0.506,-0.144,-0.161,0.605,-0.295,-0.526,-0.127,-0.307,-0.46,-0.504,-0.491,0.129,-0.586,-0.036,-0.49,-0.66,-0.52,-0.193,-0.406,0.087,-0.185,0.098,-0.431,-0.574,0.573,-0.654,-0.621,-0.216,0.79,0.0,-0.261,-0.706,-0.383,-0.495,0.488,0.584,-0.106,-0.631,-0.609,0.18,-0.41,-0.613,-0.589,0.352,0.708,0.332,-0.648,-0.389,-0.192,-0.115,-0.592,0.339,-0.33,-0.228,0.539,-0.124,-0.071,0.068,0.336,-0.258,-0.341,-0.538,-0.327,-0.522,-0.13,-0.186,0.841,-0.526,-0.324,-0.622,-0.504,-0.593,-0.435,0.55,-0.283,-0.8,0.109,-0.536,0.543,-0.605,-0.492,-0.324,-0.16,-0.271,-0.649,-0.484,-0.505,0.035,0.752,-0.705,-0.101,-0.661,-0.458,-0.56,-0.47,-0.535,-0.008,-0.038,-0.533,-0.729,-0.578,-0.523,0.804,-0.355,-0.082,0.392,-0.576,-0.646,-0.673,-0.298,-0.425,0.16,0.5,-0.439,-0.441,-0.125,-0.589,-0.378,-0.351,-0.424,-0.644,-0.656,-0.382,-0.368,-0.32,-0.086,0.601,0.845,-0.78,0.516,-0.277,0.62,0.34,-0.519,-0.65,-0.574,-0.59,0.141,-0.66,0.743,-0.645,0.158,-0.323,0.205,-0.695,-0.565,-0.624,-0.486,-0.582,-0.731,-0.532,0.671,-0.454,0.547,-0.459,0.456,0.049,0.15,0.205,-0.092,-0.606,0.009,-0.411,0.745,-0.017,-0.407,-0.059,-0.573,-0.329,-0.332,-0.299,0.68,-0.136,-0.172,-0.482,-0.131,-0.62,0.221,0.603,0.169,-0.57,0.131,-0.041,-0.563,0.211,-0.078,-0.335,0.289,-0.243,-0.607,-0.384,0.306,-0.518,0.323,0.07,0.12,0.102,-0.66,-0.684,-0.447
CDXS,0.688,0.657,0.674,-0.403,0.619,0.737,0.381,0.675,0.571,0.379,0.667,0.634,0.644,0.608,0.64,0.624,0.523,0.463,0.683,0.245,0.643,0.406,0.367,0.566,-0.091,0.631,0.591,0.497,-0.31,-0.261,0.0,0.643,0.159,0.629,-0.077,-0.196,0.718,0.648,0.611,0.331,0.549,0.641,0.628,0.348,0.097,0.247,0.684,0.526,-0.045,0.592,0.235,0.497,0.605,0.815,0.253,0.155,0.672,0.562,0.371,0.576,0.451,0.666,0.829,0.662,0.336,0.736,-0.161,0.719,0.708,0.732,0.63,0.715,0.7,-0.538,0.685,0.449,0.513,0.611,-0.395,0.793,0.527,0.564,0.599,0.67,0.638,0.609,0.683,0.5,-0.48,0.57,0.5,0.632,0.683,0.643,0.747,0.688,0.623,0.694,0.473,0.636,0.697,0.739,0.061,0.653,0.618,0.122,0.528,0.323,0.573,0.564,0.653,-0.481,0.093,0.674,0.704,-0.0,0.557,0.455,0.574,0.675,0.55,0.226,0.698,0.606,0.558,0.513,-0.218,-0.227,0.425,0.172,0.639,0.05,0.378,0.541,0.653,0.522,0.644,0.535,0.595,-0.557,0.588,0.56,0.669,0.129,0.631,0.614,0.686,0.413,0.545,0.623,0.57,-0.446,0.601,0.221,0.639,0.13,0.453,-0.229,-0.416,0.322,0.498,0.428,0.594,-0.083,0.313,0.576,0.598,0.604,0.665,0.614,0.584,-0.407,0.475,0.603,0.671,-0.062,0.636,-0.083,0.282,0.272,0.558,0.618,0.527,0.469,0.53,0.558,0.678,-0.385,0.615,0.65,0.672,0.539,0.637,0.385,0.35,0.208,0.248,0.435,0.581,0.428
CELH,0.838,0.616,0.515,-0.592,0.675,0.901,0.213,0.734,0.804,0.72,0.795,0.443,0.92,0.559,0.865,0.945,0.807,0.609,0.845,0.291,0.633,0.396,0.588,0.809,-0.494,0.953,0.918,0.445,-0.835,-0.706,0.643,0.0,0.627,0.785,-0.364,-0.416,0.613,0.891,0.896,0.179,0.749,0.927,0.913,0.121,-0.303,0.094,0.937,0.74,0.418,0.644,0.786,0.161,0.744,0.624,-0.104,0.227,0.54,0.448,0.009,0.677,0.583,0.876,0.634,0.801,0.381,0.704,-0.671,0.838,0.778,0.915,0.879,0.913,0.872,-0.583,0.731,0.878,0.43,0.926,-0.611,0.889,0.769,0.759,0.712,0.645,0.864,0.824,0.914,0.388,-0.831,0.929,0.437,0.977,0.873,0.891,0.822,0.931,0.499,0.535,0.878,0.882,0.931,0.885,-0.518,0.774,0.524,0.032,0.811,0.833,0.904,0.708,0.749,-0.579,-0.4,0.83,0.789,0.001,0.921,0.549,0.668,0.833,0.842,0.672,0.805,0.806,0.757,0.534,-0.596,-0.636,0.898,-0.042,0.592,-0.268,0.199,0.804,0.93,0.897,0.9,0.364,0.929,-0.676,0.926,0.383,0.763,0.023,0.979,0.875,0.925,0.589,0.922,0.92,0.828,-0.852,0.766,-0.295,0.883,-0.235,0.426,-0.102,-0.397,0.375,0.865,0.47,0.791,-0.549,0.256,0.845,0.409,0.904,0.748,0.747,0.689,-0.699,0.405,0.65,0.874,0.24,0.932,-0.231,-0.14,0.33,0.872,0.37,0.543,0.774,0.304,0.519,0.784,-0.476,0.726,0.894,0.799,0.084,0.825,0.24,0.321,0.279,0.114,0.89,0.92,0.755
