,ABEO,ACHC,AGNCN,AKAM,AKRO,ALRM,AMAT,AMED,AMRN,ANGI,APA,APOG,APPS,ARCB,ARCC,ARVN,ATEC,ATXS,AVAV,AXON,BANF,BATRK,BIDU,BLNE,BLNK,BTAI,BYND,CAN,CCEC,CDW,CDXS,CELH,CGNX,CHKP,CHRS,CHRW,CIGI,CKPT,CMPR,COGT,CRNC,CRSP,CSTL,CTSH,CVGW,DGLY,DNLI,DOCU,DVAX,EBAY,EHTH,ERII,ESLT,EXPE,EXPO,FBIOP,FFBC,FFIN,FOXF,FWRD,GDS,GERN,GPRE,GRWG,GRYP,HEES,HELE,HIVE,HON,HRTX,HSTM,HURA,IART,IBKR,IBOC,IBRX,IDXX,INGN,INM,INVA,IQ,IRBT,KDP,KPTI,KTOS,KXIN,LAMR,LFUS,LGIH,LGMK,LKFN,LNW,LOPE,LPSN,LYFT,MGNX,MLCO,MNST,MODV,MSTR,MTCH,MYGN,MYRG,NCMI,NEXT,NFLX,NIU,NKTR,NRC,NTNX,NTRA,NVEE,NVMI,NWL,NWS,NXPI,OCGN,OCSL,OKTA,OLLI,OTLK,OXLC,PAA,PARA,PARAA,PDCO,PDFS,PFG,PGEN,PNFP,PODD,POWI,PSMT,PTC,PTEN,PVLA,RDNT,RDUS,RDWR,REGN,RNAC,ROCK,ROST,RRR,RSLS,RVMD,RYAAY,SAFT,SAGE,SAVA,SBGI,SFM,SFNC,SHYF,SIBN,SIFY,SIGI,SIMO,SITM,SLM,SNBR,SNDX,SNY,SPNS,SRRK,STRA,SUPN,SYRE,TCBK,TEAM,TECH,THRM,TLRY,TRMK,TROW,TSLA,TWST,TXN,UFPI,UNIT,UPWK,USLM,UTHR,VERB,VLY,VRNA,VRRM,VXRT,WAFD,WATT,WBA,WING,WIX,WTFC,WTW,XPEL,XRX,YMAB,ZG,ZLAB
ABEO,0.0,0.712,-0.105,-0.487,0.775,0.821,0.097,0.428,0.868,0.57,0.738,0.816,0.758,0.577,0.344,0.819,0.093,0.86,0.758,0.862,-0.182,0.827,0.784,0.851,0.911,0.804,0.863,0.846,0.327,0.467,0.944,0.881,0.724,0.324,0.839,-0.67,0.217,0.793,0.796,0.708,0.658,0.734,0.799,-0.276,0.513,0.767,0.642,0.82,0.861,0.916,-0.286,0.833,-0.629,0.749,0.345,-0.441,0.632,0.695,0.723,-0.581,0.873,0.879,0.837,0.948,0.872,0.605,0.303,0.89,0.581,0.79,0.276,0.838,0.749,-0.426,0.704,0.541,0.723,0.213,0.744,0.443,0.933,0.933,0.244,0.87,0.532,0.843,0.093,0.69,-0.533,0.607,-0.072,0.872,0.043,0.903,0.846,0.888,0.835,0.071,0.788,0.814,0.872,0.807,0.887,0.876,0.948,0.92,0.818,-0.477,0.102,0.738,0.786,-0.611,0.527,0.276,0.695,-0.432,0.909,-0.466,0.487,0.871,0.33,0.498,0.894,0.89,0.784,0.876,0.692,-0.113,0.079,0.833,0.878,0.876,0.804,-0.312,-0.401,0.695,0.505,0.813,-0.578,0.056,0.251,0.726,0.546,-0.206,0.191,0.863,0.627,-0.68,0.546,0.741,-0.542,-0.569,0.252,0.887,0.616,0.882,-0.306,-0.67,0.159,-0.248,0.68,-0.05,0.515,0.804,0.774,0.523,0.85,0.757,0.736,0.83,0.713,0.707,0.948,0.4,0.896,0.81,0.823,-0.001,0.26,0.855,0.877,0.834,0.642,0.175,0.706,0.533,0.674,0.591,0.712,0.828,-0.384,0.595,0.885,0.752,-0.142,0.883,-0.547,0.809,-0.384,0.86
ACHC,0.712,0.0,0.229,-0.275,0.874,0.733,0.359,0.864,0.677,0.655,0.611,0.827,0.874,0.823,0.634,0.523,0.391,0.607,0.43,0.482,0.363,0.908,0.561,0.796,0.651,0.873,0.739,0.485,0.311,0.557,0.613,0.827,0.796,0.648,0.439,-0.214,0.62,0.777,0.465,0.965,0.842,0.695,0.902,0.351,0.486,0.867,0.715,0.445,0.551,0.764,0.292,0.8,-0.067,0.824,0.754,-0.063,0.775,0.856,0.697,-0.02,0.497,0.555,0.643,0.758,0.8,0.705,0.49,0.517,0.885,0.76,0.668,0.731,0.921,-0.147,0.759,0.079,0.758,0.634,0.286,0.534,0.637,0.747,0.622,0.673,0.427,0.539,0.674,0.886,-0.038,0.458,0.382,0.766,0.54,0.808,0.88,0.69,0.872,0.577,0.934,0.433,0.81,0.793,0.538,0.865,0.766,0.681,0.65,0.092,0.558,0.571,0.886,-0.854,0.703,0.657,0.852,-0.272,0.719,0.086,0.788,0.507,0.56,0.095,0.801,0.864,0.891,0.605,0.86,0.303,-0.162,0.807,0.574,0.531,0.857,0.268,0.161,0.783,0.679,0.8,-0.025,0.278,0.713,0.732,0.823,0.188,0.439,0.735,0.845,-0.292,0.83,0.261,0.058,-0.522,0.651,0.835,0.878,0.54,0.169,-0.235,-0.135,0.245,0.34,0.519,0.798,0.842,0.843,0.714,0.676,0.355,0.773,0.836,0.778,0.264,0.667,0.761,0.735,0.348,0.762,0.081,0.587,0.793,0.746,0.833,0.767,0.505,0.781,0.561,0.778,0.092,0.85,0.749,0.215,0.743,0.793,0.703,0.227,0.652,-0.095,0.782,0.073,0.704
AGNCN,-0.105,0.229,0.0,0.31,-0.037,0.104,0.254,0.398,-0.166,0.052,0.157,0.245,0.18,0.405,0.41,-0.2,0.436,-0.01,-0.405,-0.288,0.55,0.082,-0.021,0.058,-0.263,0.119,-0.012,-0.385,0.085,0.37,-0.233,0.074,0.074,0.058,-0.275,0.505,0.636,-0.031,-0.255,0.151,0.034,-0.071,0.022,0.636,0.071,0.111,0.016,-0.366,-0.233,-0.1,0.48,0.008,0.453,0.275,0.484,0.388,0.257,0.233,-0.014,0.618,-0.208,-0.144,-0.071,-0.148,-0.125,0.519,0.509,-0.276,0.253,-0.119,0.521,0.022,0.248,0.498,0.202,-0.469,0.132,0.57,-0.267,0.052,-0.21,-0.164,0.494,-0.183,-0.158,-0.18,0.567,0.036,0.449,-0.245,0.46,0.041,0.551,-0.063,0.006,-0.099,0.253,0.591,0.198,-0.434,0.07,-0.03,-0.058,0.029,-0.036,-0.161,-0.247,0.481,0.296,-0.012,0.018,-0.127,0.069,0.633,0.125,0.141,-0.163,0.26,0.095,-0.321,0.09,-0.389,0.017,0.108,0.253,-0.251,0.127,0.678,-0.075,0.077,-0.302,-0.333,0.138,0.47,0.601,0.187,0.197,0.166,0.407,0.3,0.32,0.322,0.37,0.488,0.455,-0.221,0.115,0.42,0.284,-0.253,0.456,0.161,0.204,-0.01,0.349,-0.325,0.638,0.515,-0.016,0.581,-0.093,0.483,0.214,0.002,-0.068,0.315,-0.192,-0.472,0.02,0.003,0.046,-0.239,-0.189,0.384,-0.032,-0.353,-0.221,0.154,0.567,-0.012,-0.171,0.082,0.103,0.241,0.256,-0.078,0.208,-0.412,0.132,-0.102,0.665,0.296,-0.077,0.207,0.595,-0.129,0.624,-0.101,0.47,-0.115
AKAM,-0.487,-0.275,0.31,0.0,-0.386,-0.554,0.006,0.047,-0.674,-0.248,-0.393,-0.371,-0.185,0.028,-0.277,-0.631,0.072,-0.14,-0.549,-0.398,0.176,-0.381,-0.356,-0.372,-0.542,-0.381,-0.295,-0.497,-0.296,-0.16,-0.481,-0.296,-0.082,0.038,-0.497,0.723,0.322,-0.259,-0.623,-0.338,-0.328,-0.108,-0.439,0.522,0.0,-0.27,-0.036,-0.359,-0.262,-0.419,0.08,-0.436,0.671,-0.411,-0.195,0.066,-0.333,-0.392,-0.7,0.558,-0.566,-0.335,-0.554,-0.533,-0.499,-0.084,-0.024,-0.476,-0.121,-0.407,0.214,-0.173,-0.239,0.413,-0.392,-0.21,-0.05,0.2,-0.21,0.17,-0.435,-0.568,0.309,-0.624,-0.718,-0.396,0.171,-0.489,0.131,-0.094,-0.067,-0.442,0.421,-0.291,-0.515,-0.297,-0.318,0.476,-0.337,-0.523,-0.471,-0.17,-0.47,-0.353,-0.497,-0.376,-0.61,0.52,-0.307,-0.226,-0.296,0.31,-0.145,0.153,-0.503,0.114,-0.513,0.273,-0.249,-0.467,-0.153,-0.785,-0.455,-0.399,-0.379,-0.397,-0.44,0.511,-0.097,-0.336,-0.427,-0.52,-0.405,0.207,0.378,-0.332,-0.313,-0.285,0.67,0.376,-0.029,-0.315,-0.234,0.265,0.547,-0.57,-0.503,0.445,0.107,-0.158,0.311,0.644,-0.297,-0.514,-0.237,-0.514,0.584,0.517,-0.171,0.069,-0.416,0.379,-0.028,-0.445,-0.386,0.12,-0.668,-0.477,-0.486,-0.295,-0.173,-0.68,-0.529,-0.132,-0.468,-0.487,-0.355,-0.139,-0.236,-0.546,-0.596,-0.386,-0.039,0.088,-0.425,-0.014,-0.295,-0.022,-0.41,-0.478,0.47,-0.043,-0.434,-0.219,0.157,-0.326,0.308,-0.472,0.181,-0.549
AKRO,0.775,0.874,-0.037,-0.386,0.0,0.708,0.248,0.691,0.799,0.623,0.509,0.781,0.849,0.657,0.34,0.691,0.111,0.657,0.654,0.702,0.085,0.886,0.599,0.772,0.815,0.825,0.804,0.729,0.156,0.326,0.743,0.841,0.837,0.739,0.604,-0.48,0.4,0.832,0.58,0.905,0.883,0.793,0.885,0.124,0.537,0.868,0.756,0.698,0.756,0.861,-0.039,0.888,-0.248,0.7,0.494,-0.309,0.683,0.749,0.647,-0.342,0.577,0.685,0.711,0.843,0.881,0.483,0.322,0.729,0.85,0.866,0.524,0.764,0.828,-0.322,0.691,0.305,0.804,0.305,0.51,0.65,0.799,0.873,0.456,0.771,0.454,0.739,0.347,0.88,-0.334,0.619,0.157,0.782,0.36,0.868,0.914,0.763,0.755,0.352,0.854,0.696,0.803,0.877,0.598,0.928,0.853,0.81,0.778,-0.147,0.401,0.537,0.915,-0.837,0.752,0.374,0.82,-0.332,0.848,-0.087,0.718,0.731,0.569,0.24,0.837,0.848,0.792,0.806,0.809,0.01,-0.251,0.831,0.764,0.754,0.852,0.008,-0.189,0.725,0.565,0.8,-0.206,0.046,0.617,0.589,0.594,-0.147,0.26,0.87,0.813,-0.474,0.748,0.414,-0.247,-0.528,0.506,0.859,0.687,0.747,-0.142,-0.536,-0.155,-0.045,0.403,0.335,0.822,0.873,0.908,0.633,0.797,0.614,0.802,0.878,0.832,0.375,0.786,0.61,0.813,0.585,0.911,-0.031,0.275,0.835,0.84,0.874,0.828,0.309,0.666,0.665,0.709,0.368,0.802,0.844,-0.108,0.667,0.852,0.668,-0.081,0.83,-0.462,0.811,-0.235,0.805
ALRM,0.821,0.733,0.104,-0.554,0.708,0.0,0.445,0.446,0.817,0.656,0.746,0.788,0.798,0.597,0.633,0.77,0.359,0.628,0.498,0.604,0.008,0.712,0.733,0.811,0.757,0.823,0.738,0.609,0.553,0.688,0.761,0.856,0.685,0.301,0.73,-0.566,0.291,0.681,0.716,0.719,0.614,0.644,0.818,-0.073,0.239,0.681,0.502,0.524,0.604,0.709,0.071,0.789,-0.496,0.875,0.642,-0.042,0.648,0.736,0.859,-0.329,0.791,0.744,0.875,0.818,0.794,0.714,0.594,0.721,0.513,0.62,0.275,0.682,0.738,-0.163,0.705,0.351,0.692,0.363,0.583,0.249,0.723,0.822,0.161,0.816,0.631,0.652,0.304,0.704,-0.09,0.359,0.129,0.909,0.059,0.748,0.82,0.69,0.829,0.108,0.837,0.639,0.916,0.64,0.775,0.785,0.811,0.734,0.769,-0.248,0.276,0.699,0.738,-0.535,0.628,0.432,0.831,-0.026,0.808,-0.254,0.608,0.6,0.525,0.452,0.791,0.819,0.835,0.682,0.822,-0.037,0.264,0.721,0.673,0.684,0.774,0.051,-0.122,0.813,0.67,0.683,-0.497,0.001,0.392,0.718,0.669,0.09,0.142,0.789,0.695,-0.562,0.566,0.471,-0.317,-0.684,0.357,0.782,0.746,0.717,-0.238,-0.343,0.383,0.146,0.645,0.084,0.43,0.867,0.689,0.335,0.85,0.433,0.68,0.77,0.726,0.7,0.807,0.477,0.883,0.698,0.663,0.409,0.586,0.861,0.858,0.707,0.487,0.344,0.741,0.242,0.671,0.272,0.691,0.833,-0.15,0.678,0.818,0.593,0.124,0.721,-0.216,0.82,0.028,0.76
AMAT,0.097,0.359,0.254,0.006,0.248,0.445,0.0,0.384,0.153,0.717,0.237,0.145,0.514,0.345,0.553,0.027,0.699,0.09,-0.261,-0.129,0.153,0.103,0.381,0.371,0.125,0.29,0.211,-0.029,0.383,0.32,0.056,0.365,0.416,0.259,0.018,0.045,0.282,0.329,0.017,0.369,0.336,0.396,0.414,0.333,-0.353,0.277,0.279,-0.1,0.047,-0.009,0.505,0.131,0.196,0.408,0.429,0.391,0.039,0.136,0.311,0.357,0.157,0.042,0.339,0.175,0.255,0.303,0.436,0.022,0.143,0.129,0.198,0.279,0.295,0.188,0.063,0.07,0.359,0.391,0.078,0.042,0.029,0.121,-0.02,0.183,0.213,0.031,0.498,0.301,0.456,0.119,0.104,0.394,0.234,0.261,0.265,0.062,0.238,0.267,0.453,0.078,0.44,0.197,-0.058,0.237,0.141,0.105,0.315,0.449,0.299,0.393,0.403,-0.132,0.7,0.383,0.462,0.534,0.106,0.375,0.607,-0.129,0.669,-0.151,0.153,0.216,0.327,0.04,0.543,0.136,0.371,0.053,0.064,-0.013,0.111,0.618,0.497,0.535,0.337,-0.028,0.202,0.139,0.526,0.047,0.453,0.591,0.29,0.219,0.343,-0.059,0.465,-0.172,0.218,-0.46,0.267,0.146,0.522,0.078,0.087,0.389,0.493,0.464,0.055,0.345,0.204,0.403,0.281,-0.061,0.225,-0.287,0.025,0.389,0.407,-0.049,0.107,0.153,0.278,0.043,0.241,0.599,0.401,0.189,0.3,0.034,0.082,0.676,0.095,-0.109,0.085,-0.101,0.097,0.435,0.34,0.427,0.299,-0.105,0.128,0.128,0.243,0.441,0.57,0.228
AMED,0.428,0.864,0.398,0.047,0.691,0.446,0.384,0.0,0.305,0.567,0.307,0.608,0.769,0.787,0.555,0.144,0.497,0.487,0.087,0.204,0.505,0.695,0.389,0.577,0.35,0.657,0.552,0.203,0.134,0.35,0.322,0.612,0.66,0.649,0.05,0.202,0.804,0.628,0.026,0.832,0.741,0.577,0.675,0.624,0.378,0.784,0.689,0.212,0.325,0.522,0.429,0.553,0.339,0.632,0.701,0.039,0.606,0.652,0.372,0.347,0.207,0.278,0.347,0.456,0.498,0.606,0.41,0.211,0.846,0.554,0.801,0.653,0.839,-0.01,0.564,-0.117,0.69,0.798,0.044,0.52,0.366,0.436,0.732,0.291,0.032,0.254,0.774,0.65,0.129,0.333,0.452,0.506,0.834,0.629,0.631,0.411,0.717,0.84,0.76,0.115,0.568,0.661,0.194,0.668,0.468,0.412,0.353,0.45,0.499,0.341,0.755,-0.804,0.65,0.726,0.585,-0.237,0.425,0.244,0.698,0.232,0.559,-0.315,0.486,0.62,0.675,0.317,0.753,0.522,-0.324,0.582,0.3,0.195,0.679,0.497,0.445,0.637,0.51,0.635,0.388,0.544,0.78,0.594,0.634,0.427,0.675,0.402,0.609,-0.052,0.845,0.041,0.273,-0.257,0.553,0.596,0.811,0.23,0.484,0.098,-0.258,0.358,-0.008,0.747,0.835,0.593,0.662,0.741,0.319,0.054,0.508,0.671,0.665,-0.171,0.336,0.694,0.41,0.034,0.567,-0.038,0.467,0.448,0.421,0.605,0.721,0.635,0.541,0.546,0.552,-0.076,0.637,0.484,0.533,0.762,0.539,0.505,0.301,0.436,0.146,0.511,0.183,0.432
AMRN,0.868,0.677,-0.166,-0.674,0.799,0.817,0.153,0.305,0.0,0.561,0.694,0.777,0.685,0.426,0.327,0.913,0.011,0.631,0.797,0.807,-0.146,0.806,0.693,0.817,0.909,0.773,0.786,0.838,0.276,0.446,0.855,0.8,0.684,0.416,0.863,-0.802,0.043,0.722,0.904,0.705,0.691,0.668,0.825,-0.294,0.428,0.714,0.567,0.746,0.783,0.844,-0.201,0.847,-0.67,0.702,0.361,-0.35,0.631,0.702,0.811,-0.654,0.784,0.793,0.824,0.923,0.913,0.454,0.314,0.869,0.524,0.787,0.169,0.662,0.661,-0.373,0.688,0.482,0.606,0.001,0.611,0.392,0.87,0.937,0.095,0.951,0.752,0.845,0.036,0.795,-0.434,0.53,0.004,0.825,-0.113,0.786,0.875,0.814,0.711,-0.094,0.764,0.849,0.851,0.711,0.804,0.83,0.92,0.855,0.892,-0.498,0.323,0.661,0.75,-0.591,0.539,0.155,0.786,-0.283,0.896,-0.367,0.513,0.817,0.318,0.652,0.904,0.843,0.765,0.844,0.673,-0.283,0.119,0.782,0.832,0.888,0.776,-0.275,-0.466,0.694,0.55,0.717,-0.656,-0.256,0.327,0.611,0.551,-0.348,-0.098,0.948,0.739,-0.621,0.462,0.591,-0.474,-0.681,0.338,0.857,0.577,0.867,-0.479,-0.723,0.135,-0.2,0.677,-0.103,0.454,0.846,0.8,0.36,0.95,0.751,0.806,0.763,0.664,0.763,0.932,0.418,0.892,0.78,0.803,0.117,0.316,0.921,0.939,0.817,0.6,0.063,0.7,0.398,0.699,0.447,0.74,0.869,-0.47,0.45,0.864,0.662,-0.173,0.813,-0.568,0.814,-0.289,0.889
ANGI,0.57,0.655,0.052,-0.248,0.623,0.656,0.717,0.567,0.561,0.0,0.413,0.461,0.821,0.486,0.531,0.394,0.525,0.567,0.243,0.36,-0.082,0.532,0.773,0.775,0.626,0.629,0.644,0.471,0.353,0.344,0.524,0.733,0.698,0.515,0.392,-0.335,0.272,0.792,0.392,0.709,0.74,0.725,0.77,0.088,-0.026,0.691,0.657,0.431,0.538,0.512,0.247,0.499,-0.172,0.61,0.387,-0.075,0.25,0.359,0.522,-0.057,0.59,0.426,0.618,0.679,0.704,0.397,0.294,0.464,0.435,0.618,0.24,0.704,0.63,-0.253,0.282,0.435,0.647,0.365,0.385,0.241,0.541,0.595,0.095,0.574,0.406,0.52,0.394,0.605,-0.013,0.594,-0.069,0.708,0.23,0.736,0.668,0.52,0.573,0.259,0.75,0.501,0.802,0.58,0.302,0.659,0.615,0.611,0.758,0.154,0.335,0.739,0.779,-0.445,0.834,0.347,0.691,-0.01,0.524,0.086,0.829,0.385,0.697,0.073,0.582,0.632,0.635,0.482,0.78,-0.076,0.325,0.436,0.568,0.442,0.447,0.313,0.149,0.768,0.353,0.339,-0.048,0.16,0.557,0.305,0.624,0.263,0.36,0.64,0.621,-0.467,0.666,0.242,-0.126,-0.727,0.291,0.549,0.703,0.567,-0.162,-0.125,0.388,0.077,0.277,0.228,0.462,0.72,0.674,0.226,0.576,0.226,0.328,0.807,0.727,0.174,0.6,0.223,0.631,0.39,0.698,0.239,0.275,0.545,0.711,0.429,0.422,0.725,0.316,0.328,0.335,0.306,0.359,0.797,0.028,0.604,0.772,0.221,-0.186,0.56,-0.221,0.803,0.192,0.727
APA,0.738,0.611,0.157,-0.393,0.509,0.746,0.237,0.307,0.694,0.413,0.0,0.766,0.55,0.591,0.534,0.655,0.234,0.552,0.486,0.527,0.163,0.696,0.57,0.671,0.613,0.627,0.589,0.524,0.479,0.625,0.647,0.691,0.578,0.08,0.683,-0.445,0.252,0.527,0.718,0.526,0.378,0.478,0.613,-0.122,0.428,0.48,0.421,0.425,0.517,0.586,-0.041,0.599,-0.442,0.806,0.482,-0.121,0.69,0.73,0.74,-0.279,0.645,0.643,0.707,0.684,0.649,0.759,0.492,0.612,0.454,0.549,0.299,0.538,0.587,0.016,0.745,0.248,0.431,0.286,0.484,0.276,0.628,0.65,0.267,0.731,0.66,0.56,0.303,0.588,-0.182,0.28,0.221,0.74,0.016,0.595,0.68,0.693,0.737,0.048,0.677,0.533,0.71,0.529,0.771,0.649,0.733,0.599,0.571,-0.335,0.282,0.583,0.498,-0.443,0.358,0.463,0.675,-0.118,0.659,-0.182,0.314,0.532,0.204,0.508,0.789,0.712,0.701,0.596,0.503,0.212,0.266,0.74,0.545,0.6,0.667,-0.183,-0.076,0.562,0.65,0.694,-0.502,-0.027,0.312,0.738,0.711,0.058,0.136,0.668,0.616,-0.272,0.416,0.467,-0.182,-0.415,0.437,0.728,0.579,0.564,-0.025,-0.371,0.228,0.129,0.719,-0.015,0.296,0.634,0.573,0.4,0.67,0.441,0.723,0.529,0.374,0.722,0.698,0.538,0.752,0.534,0.488,0.258,0.581,0.753,0.65,0.676,0.435,0.12,0.812,0.217,0.704,0.224,0.738,0.622,-0.159,0.399,0.602,0.763,0.283,0.588,-0.109,0.642,-0.047,0.565
APOG,0.816,0.827,0.245,-0.371,0.781,0.788,0.145,0.608,0.777,0.461,0.766,0.0,0.771,0.753,0.498,0.762,0.153,0.705,0.63,0.71,0.241,0.902,0.598,0.787,0.736,0.838,0.816,0.622,0.274,0.658,0.758,0.845,0.751,0.45,0.665,-0.428,0.523,0.705,0.704,0.778,0.644,0.634,0.792,0.117,0.666,0.785,0.56,0.586,0.674,0.842,-0.011,0.868,-0.323,0.848,0.637,-0.204,0.857,0.89,0.718,-0.296,0.607,0.723,0.709,0.825,0.795,0.801,0.588,0.716,0.772,0.71,0.582,0.71,0.843,-0.09,0.866,0.098,0.74,0.424,0.515,0.555,0.764,0.84,0.571,0.778,0.549,0.694,0.389,0.803,-0.272,0.409,0.279,0.816,0.296,0.779,0.876,0.809,0.916,0.368,0.859,0.564,0.82,0.797,0.82,0.889,0.862,0.779,0.641,-0.235,0.37,0.614,0.75,-0.737,0.507,0.618,0.788,-0.336,0.82,-0.266,0.507,0.688,0.294,0.339,0.911,0.911,0.886,0.742,0.708,0.242,-0.111,0.925,0.683,0.712,0.917,-0.092,-0.153,0.703,0.725,0.919,-0.362,0.106,0.449,0.875,0.708,-0.09,0.259,0.761,0.762,-0.374,0.631,0.524,-0.219,-0.382,0.503,0.865,0.731,0.658,0.031,-0.462,-0.03,0.091,0.643,0.237,0.644,0.796,0.75,0.74,0.778,0.536,0.876,0.755,0.705,0.591,0.801,0.749,0.859,0.571,0.688,0.044,0.58,0.874,0.779,0.926,0.754,0.156,0.91,0.457,0.877,0.237,0.889,0.742,-0.043,0.671,0.795,0.895,0.261,0.777,-0.21,0.709,-0.144,0.708
APPS,0.758,0.874,0.18,-0.185,0.849,0.798,0.514,0.769,0.685,0.821,0.55,0.771,0.0,0.743,0.536,0.592,0.418,0.757,0.414,0.592,0.121,0.8,0.757,0.865,0.739,0.863,0.862,0.587,0.3,0.544,0.719,0.937,0.88,0.663,0.56,-0.317,0.584,0.873,0.492,0.88,0.829,0.87,0.903,0.256,0.371,0.879,0.783,0.574,0.714,0.772,0.154,0.798,-0.135,0.78,0.611,-0.173,0.614,0.688,0.621,-0.113,0.614,0.684,0.72,0.813,0.82,0.689,0.532,0.649,0.738,0.747,0.557,0.859,0.88,-0.153,0.627,0.3,0.884,0.552,0.507,0.563,0.728,0.788,0.444,0.705,0.37,0.671,0.492,0.754,-0.147,0.594,0.117,0.852,0.45,0.891,0.853,0.757,0.84,0.503,0.923,0.57,0.898,0.849,0.577,0.887,0.799,0.784,0.734,0.076,0.321,0.743,0.933,-0.684,0.831,0.568,0.794,-0.181,0.754,-0.103,0.812,0.572,0.634,0.047,0.799,0.849,0.845,0.68,0.874,0.167,0.068,0.756,0.699,0.622,0.775,0.202,0.048,0.874,0.595,0.732,-0.087,0.272,0.632,0.643,0.685,0.154,0.516,0.759,0.726,-0.471,0.887,0.461,-0.183,-0.561,0.37,0.751,0.848,0.663,0.019,-0.247,0.185,0.104,0.42,0.426,0.717,0.879,0.815,0.619,0.71,0.387,0.631,0.927,0.911,0.294,0.75,0.561,0.816,0.525,0.833,0.151,0.436,0.763,0.815,0.746,0.765,0.577,0.626,0.527,0.666,0.362,0.678,0.852,0.082,0.865,0.889,0.599,0.039,0.782,-0.245,0.855,0.054,0.783
ARCB,0.577,0.823,0.405,0.028,0.657,0.597,0.345,0.787,0.426,0.486,0.591,0.753,0.743,0.0,0.549,0.363,0.387,0.56,0.264,0.363,0.449,0.751,0.419,0.623,0.458,0.72,0.572,0.323,0.25,0.537,0.469,0.688,0.759,0.489,0.291,0.043,0.709,0.609,0.296,0.764,0.601,0.583,0.657,0.497,0.528,0.696,0.567,0.305,0.424,0.589,0.24,0.675,0.084,0.727,0.69,0.006,0.689,0.736,0.472,0.156,0.338,0.458,0.533,0.55,0.578,0.759,0.518,0.386,0.819,0.589,0.729,0.633,0.805,0.069,0.683,-0.015,0.726,0.702,0.307,0.527,0.471,0.535,0.702,0.42,0.185,0.42,0.702,0.663,0.01,0.37,0.441,0.637,0.614,0.657,0.649,0.562,0.796,0.695,0.78,0.262,0.649,0.685,0.48,0.721,0.607,0.511,0.381,0.174,0.379,0.459,0.697,-0.696,0.616,0.759,0.635,-0.12,0.562,0.139,0.539,0.358,0.471,-0.058,0.631,0.715,0.74,0.474,0.713,0.547,-0.167,0.716,0.398,0.375,0.73,0.286,0.283,0.589,0.668,0.728,0.104,0.387,0.597,0.693,0.701,0.319,0.596,0.505,0.625,-0.108,0.755,0.232,0.129,-0.214,0.576,0.703,0.718,0.387,0.372,-0.058,-0.149,0.347,0.285,0.529,0.754,0.638,0.683,0.751,0.475,0.212,0.623,0.665,0.634,0.171,0.485,0.709,0.607,0.263,0.547,0.15,0.574,0.608,0.497,0.696,0.649,0.439,0.715,0.549,0.669,0.08,0.708,0.547,0.339,0.696,0.562,0.696,0.43,0.556,0.073,0.551,0.08,0.458
ARCC,0.344,0.634,0.41,-0.277,0.34,0.633,0.553,0.555,0.327,0.531,0.534,0.498,0.536,0.549,0.0,0.218,0.728,0.224,-0.041,-0.037,0.415,0.435,0.441,0.458,0.232,0.51,0.304,-0.003,0.61,0.7,0.21,0.477,0.391,0.199,0.128,0.018,0.444,0.33,0.23,0.564,0.452,0.171,0.53,0.34,-0.021,0.447,0.208,-0.105,-0.01,0.265,0.663,0.377,-0.021,0.742,0.844,0.469,0.493,0.578,0.698,0.311,0.353,0.155,0.503,0.362,0.383,0.648,0.65,0.112,0.418,0.258,0.322,0.305,0.616,0.045,0.504,-0.131,0.34,0.643,-0.014,-0.133,0.167,0.317,0.228,0.319,0.442,0.04,0.703,0.553,0.497,-0.029,0.452,0.596,0.314,0.363,0.526,0.189,0.611,0.339,0.65,0.012,0.606,0.233,0.289,0.376,0.345,0.23,0.367,0.233,0.561,0.459,0.4,-0.371,0.381,0.637,0.611,0.252,0.252,0.255,0.603,0.002,0.495,0.083,0.391,0.51,0.684,0.133,0.631,0.269,0.21,0.331,0.07,0.053,0.478,0.598,0.515,0.554,0.55,0.359,-0.015,0.228,0.508,0.546,0.739,0.597,0.264,0.294,0.587,-0.108,0.451,-0.1,0.306,-0.496,0.545,0.481,0.768,0.153,0.234,0.247,0.266,0.565,0.323,0.33,0.261,0.563,0.387,0.186,0.343,-0.176,0.355,0.452,0.415,0.235,0.283,0.499,0.414,0.058,0.215,0.585,0.82,0.473,0.431,0.312,0.15,0.571,0.56,-0.051,0.532,-0.333,0.489,0.432,0.451,0.527,0.435,0.268,0.42,0.143,0.378,0.487,0.55,0.333
ARVN,0.819,0.523,-0.2,-0.631,0.691,0.77,0.027,0.144,0.913,0.394,0.655,0.762,0.592,0.363,0.218,0.0,-0.129,0.593,0.815,0.847,-0.162,0.712,0.608,0.675,0.852,0.702,0.752,0.82,0.223,0.457,0.858,0.736,0.604,0.322,0.908,-0.827,0.028,0.577,0.912,0.544,0.495,0.609,0.693,-0.337,0.499,0.602,0.411,0.734,0.761,0.794,-0.32,0.848,-0.704,0.642,0.305,-0.37,0.628,0.665,0.747,-0.724,0.724,0.833,0.791,0.848,0.8,0.477,0.375,0.892,0.434,0.692,0.127,0.569,0.561,-0.27,0.693,0.406,0.56,-0.094,0.697,0.393,0.83,0.896,0.03,0.913,0.726,0.823,-0.109,0.657,-0.475,0.435,-0.014,0.793,-0.219,0.679,0.791,0.796,0.646,-0.181,0.652,0.826,0.755,0.656,0.869,0.749,0.852,0.802,0.764,-0.604,0.149,0.583,0.621,-0.455,0.391,0.128,0.679,-0.234,0.882,-0.521,0.329,0.818,0.178,0.679,0.86,0.752,0.666,0.825,0.547,-0.275,0.128,0.773,0.808,0.898,0.74,-0.415,-0.6,0.588,0.578,0.723,-0.755,-0.339,0.161,0.599,0.392,-0.472,-0.194,0.876,0.626,-0.61,0.348,0.674,-0.567,-0.507,0.229,0.764,0.448,0.839,-0.493,-0.751,0.17,-0.209,0.776,-0.171,0.331,0.764,0.665,0.346,0.924,0.763,0.779,0.65,0.612,0.853,0.892,0.408,0.887,0.839,0.691,0.124,0.284,0.878,0.87,0.769,0.531,-0.143,0.706,0.312,0.698,0.478,0.692,0.769,-0.551,0.436,0.77,0.675,-0.108,0.808,-0.581,0.713,-0.355,0.764
ATEC,0.093,0.391,0.436,0.072,0.111,0.359,0.699,0.497,0.011,0.525,0.234,0.153,0.418,0.387,0.728,-0.129,0.0,0.094,-0.412,-0.307,0.36,0.104,0.315,0.317,-0.064,0.273,0.163,-0.268,0.481,0.47,-0.038,0.277,0.274,0.129,-0.139,0.294,0.436,0.166,-0.096,0.363,0.27,0.175,0.351,0.468,-0.284,0.27,0.252,-0.311,-0.148,-0.063,0.745,0.05,0.312,0.448,0.618,0.513,0.166,0.238,0.322,0.554,0.077,-0.067,0.185,0.07,0.105,0.446,0.538,-0.186,0.161,-0.027,0.336,0.2,0.398,0.202,0.175,-0.11,0.218,0.6,-0.169,-0.12,-0.111,-0.001,0.107,0.041,0.149,-0.18,0.68,0.233,0.569,-0.115,0.303,0.342,0.462,0.167,0.204,-0.05,0.354,0.449,0.445,-0.229,0.365,0.086,-0.087,0.122,0.04,-0.041,0.116,0.613,0.353,0.334,0.28,-0.084,0.4,0.604,0.361,0.374,-0.054,0.389,0.527,-0.281,0.596,-0.318,0.063,0.21,0.392,-0.155,0.43,0.359,0.283,-0.006,-0.145,-0.254,0.128,0.76,0.702,0.508,0.393,0.031,0.333,0.313,0.515,0.21,0.505,0.745,0.38,0.024,0.298,0.141,0.473,-0.236,0.474,-0.317,0.331,0.152,0.664,-0.134,0.392,0.566,0.358,0.552,0.068,0.476,0.11,0.261,0.191,0.095,0.015,-0.481,-0.011,0.252,0.296,-0.133,-0.013,0.275,0.116,-0.193,0.043,0.483,0.578,0.103,0.139,-0.022,0.03,0.755,0.189,-0.23,0.192,-0.319,0.13,0.215,0.593,0.467,0.194,-0.048,0.337,-0.061,0.505,0.301,0.721,0.102
ATXS,0.86,0.607,-0.01,-0.14,0.657,0.628,0.09,0.487,0.631,0.567,0.552,0.705,0.757,0.56,0.224,0.593,0.094,0.0,0.606,0.807,-0.215,0.699,0.777,0.77,0.776,0.652,0.853,0.73,0.196,0.385,0.83,0.846,0.719,0.362,0.679,-0.423,0.373,0.788,0.55,0.596,0.6,0.752,0.651,-0.148,0.516,0.764,0.703,0.803,0.864,0.834,-0.337,0.694,-0.414,0.62,0.231,-0.55,0.479,0.515,0.435,-0.42,0.762,0.814,0.652,0.823,0.72,0.585,0.271,0.786,0.548,0.691,0.332,0.904,0.722,-0.371,0.541,0.555,0.784,0.305,0.749,0.522,0.87,0.785,0.361,0.636,0.191,0.766,0.1,0.488,-0.6,0.687,-0.208,0.756,0.225,0.9,0.684,0.83,0.789,0.272,0.681,0.679,0.765,0.792,0.748,0.824,0.803,0.875,0.654,-0.299,-0.085,0.752,0.716,-0.534,0.501,0.317,0.475,-0.504,0.749,-0.479,0.412,0.788,0.235,0.159,0.748,0.803,0.674,0.808,0.568,0.031,0.054,0.737,0.798,0.733,0.678,-0.29,-0.305,0.617,0.298,0.74,-0.327,0.322,0.201,0.66,0.417,-0.128,0.5,0.659,0.406,-0.642,0.607,0.795,-0.569,-0.37,0.048,0.695,0.547,0.779,-0.138,-0.527,0.162,-0.329,0.532,0.071,0.548,0.65,0.642,0.615,0.617,0.63,0.526,0.798,0.726,0.426,0.815,0.292,0.743,0.699,0.743,-0.149,0.088,0.643,0.69,0.703,0.694,0.276,0.513,0.588,0.544,0.707,0.532,0.696,-0.229,0.669,0.82,0.67,-0.191,0.874,-0.519,0.66,-0.391,0.724
AVAV,0.758,0.43,-0.405,-0.549,0.654,0.498,-0.261,0.087,0.797,0.243,0.486,0.63,0.414,0.264,-0.041,0.815,-0.412,0.606,0.0,0.87,-0.285,0.69,0.489,0.555,0.843,0.533,0.622,0.875,0.022,0.132,0.782,0.588,0.513,0.366,0.78,-0.797,-0.151,0.574,0.806,0.471,0.506,0.498,0.546,-0.459,0.651,0.535,0.407,0.847,0.778,0.807,-0.545,0.728,-0.72,0.415,0.027,-0.576,0.486,0.511,0.531,-0.835,0.658,0.704,0.62,0.797,0.754,0.199,-0.011,0.845,0.459,0.752,0.033,0.52,0.442,-0.511,0.514,0.488,0.468,-0.231,0.674,0.409,0.833,0.832,0.101,0.758,0.55,0.826,-0.248,0.593,-0.71,0.607,-0.142,0.593,-0.243,0.671,0.69,0.747,0.5,-0.228,0.458,0.84,0.568,0.624,0.749,0.714,0.791,0.793,0.718,-0.716,0.05,0.443,0.54,-0.512,0.27,-0.11,0.482,-0.489,0.808,-0.465,0.203,0.893,0.017,0.654,0.76,0.678,0.51,0.858,0.379,-0.381,-0.11,0.74,0.811,0.889,0.629,-0.6,-0.709,0.306,0.302,0.656,-0.675,-0.26,-0.001,0.449,0.249,-0.631,-0.176,0.786,0.528,-0.63,0.196,0.641,-0.624,-0.386,0.217,0.706,0.179,0.844,-0.56,-0.932,-0.149,-0.487,0.585,-0.297,0.383,0.586,0.652,0.363,0.772,0.917,0.719,0.576,0.483,0.704,0.82,0.277,0.71,0.771,0.712,-0.212,-0.051,0.736,0.731,0.742,0.531,-0.245,0.537,0.561,0.544,0.596,0.596,0.649,-0.653,0.194,0.691,0.629,-0.313,0.772,-0.772,0.593,-0.655,0.703
AXON,0.862,0.482,-0.288,-0.398,0.702,0.604,-0.129,0.204,0.807,0.36,0.527,0.71,0.592,0.363,-0.037,0.847,-0.307,0.807,0.87,0.0,-0.363,0.701,0.638,0.687,0.899,0.649,0.821,0.939,0.061,0.272,0.926,0.755,0.65,0.343,0.877,-0.764,0.082,0.71,0.79,0.503,0.531,0.708,0.616,-0.4,0.603,0.655,0.561,0.941,0.938,0.897,-0.594,0.798,-0.669,0.499,0.051,-0.691,0.489,0.526,0.502,-0.791,0.763,0.899,0.713,0.863,0.779,0.358,0.118,0.959,0.47,0.74,0.124,0.752,0.567,-0.443,0.564,0.585,0.69,-0.098,0.841,0.553,0.951,0.893,0.16,0.807,0.418,0.905,-0.217,0.557,-0.781,0.659,-0.264,0.702,-0.122,0.811,0.716,0.882,0.632,-0.073,0.572,0.899,0.688,0.794,0.861,0.798,0.855,0.921,0.738,-0.657,-0.114,0.624,0.655,-0.514,0.414,0.015,0.484,-0.515,0.895,-0.633,0.272,0.953,0.078,0.524,0.814,0.744,0.561,0.927,0.471,-0.274,-0.022,0.785,0.934,0.961,0.69,-0.6,-0.722,0.492,0.323,0.737,-0.652,-0.073,0.084,0.556,0.248,-0.545,0.042,0.823,0.425,-0.752,0.397,0.872,-0.759,-0.376,0.021,0.741,0.313,0.916,-0.477,-0.857,0.054,-0.516,0.643,-0.196,0.443,0.679,0.658,0.472,0.81,0.911,0.673,0.727,0.661,0.679,0.913,0.243,0.834,0.898,0.799,-0.174,-0.066,0.764,0.794,0.787,0.668,-0.114,0.534,0.581,0.555,0.774,0.584,0.734,-0.618,0.446,0.788,0.698,-0.326,0.911,-0.79,0.661,-0.661,0.781
BANF,-0.182,0.363,0.55,0.176,0.085,0.008,0.153,0.505,-0.146,-0.082,0.163,0.241,0.121,0.449,0.415,-0.162,0.36,-0.215,-0.285,-0.363,0.0,0.243,-0.249,-0.05,-0.305,0.151,-0.083,-0.402,-0.051,0.274,-0.271,-0.024,0.075,0.248,-0.327,0.553,0.587,-0.147,-0.241,0.282,0.036,-0.061,0.101,0.756,0.293,0.116,0.063,-0.449,-0.335,-0.125,0.625,0.083,0.628,0.267,0.636,0.487,0.548,0.487,0.094,0.641,-0.415,-0.242,-0.15,-0.183,-0.106,0.458,0.463,-0.351,0.423,-0.028,0.701,-0.121,0.296,0.6,0.437,-0.683,0.002,0.611,-0.504,0.235,-0.301,-0.162,0.553,-0.119,0.035,-0.295,0.689,0.212,0.559,-0.309,0.851,-0.02,0.625,-0.151,0.102,-0.08,0.249,0.618,0.231,-0.454,-0.049,0.015,-0.157,0.048,-0.101,-0.296,-0.308,0.577,0.567,-0.28,0.072,-0.333,0.028,0.655,0.213,0.153,-0.119,0.432,0.097,-0.335,0.068,-0.338,0.037,0.054,0.218,-0.279,0.176,0.773,-0.252,0.213,-0.357,-0.343,0.286,0.516,0.637,0.109,0.547,0.27,0.495,0.199,0.51,0.357,0.353,0.437,0.268,-0.121,0.315,0.648,0.308,-0.433,0.741,0.255,0.625,0.072,0.389,-0.416,0.779,0.457,-0.378,0.774,-0.123,0.676,0.325,0.024,0.105,0.47,-0.116,-0.415,0.32,-0.113,-0.025,-0.246,-0.26,0.734,-0.106,-0.471,-0.175,0.091,0.653,0.035,-0.156,0.165,0.247,0.116,0.463,-0.025,0.374,-0.67,0.439,-0.168,0.703,0.259,-0.153,0.302,0.793,-0.168,0.698,-0.08,0.496,-0.249
BATRK,0.827,0.908,0.082,-0.381,0.886,0.712,0.103,0.695,0.806,0.532,0.696,0.902,0.8,0.751,0.435,0.712,0.104,0.699,0.69,0.701,0.243,0.0,0.582,0.803,0.797,0.858,0.798,0.689,0.178,0.482,0.757,0.829,0.793,0.604,0.631,-0.425,0.465,0.791,0.658,0.891,0.79,0.702,0.866,0.107,0.688,0.859,0.721,0.653,0.711,0.886,-0.018,0.877,-0.286,0.795,0.574,-0.295,0.837,0.877,0.698,-0.314,0.592,0.699,0.689,0.865,0.869,0.681,0.377,0.709,0.857,0.865,0.598,0.751,0.878,-0.233,0.828,0.185,0.732,0.426,0.445,0.612,0.794,0.866,0.563,0.79,0.522,0.721,0.406,0.871,-0.311,0.564,0.307,0.774,0.343,0.844,0.919,0.835,0.875,0.381,0.875,0.623,0.8,0.843,0.717,0.926,0.883,0.799,0.722,-0.201,0.456,0.566,0.849,-0.863,0.578,0.5,0.794,-0.449,0.844,-0.156,0.601,0.72,0.354,0.326,0.916,0.901,0.853,0.771,0.766,0.178,-0.17,0.935,0.728,0.735,0.913,-0.076,-0.149,0.686,0.655,0.904,-0.268,0.154,0.542,0.788,0.727,-0.11,0.288,0.842,0.836,-0.388,0.693,0.471,-0.175,-0.483,0.571,0.899,0.725,0.702,0.006,-0.539,-0.19,0.023,0.474,0.306,0.76,0.821,0.881,0.75,0.793,0.628,0.902,0.81,0.719,0.473,0.809,0.737,0.814,0.524,0.816,-0.086,0.459,0.872,0.806,0.943,0.828,0.215,0.856,0.653,0.815,0.269,0.916,0.782,-0.074,0.642,0.831,0.858,0.117,0.782,-0.316,0.779,-0.209,0.773
BIDU,0.784,0.561,-0.021,-0.356,0.599,0.733,0.381,0.389,0.693,0.773,0.57,0.598,0.757,0.419,0.441,0.608,0.315,0.777,0.489,0.638,-0.249,0.582,0.0,0.795,0.775,0.612,0.749,0.69,0.295,0.416,0.75,0.807,0.646,0.356,0.647,-0.539,0.189,0.756,0.599,0.553,0.624,0.692,0.665,-0.185,0.197,0.701,0.604,0.7,0.738,0.677,-0.098,0.597,-0.48,0.678,0.295,-0.269,0.39,0.442,0.606,-0.356,0.843,0.671,0.758,0.795,0.71,0.492,0.348,0.723,0.395,0.674,0.155,0.795,0.647,-0.322,0.477,0.582,0.66,0.24,0.632,0.245,0.783,0.736,0.05,0.687,0.45,0.714,0.106,0.529,-0.318,0.535,-0.176,0.827,0.054,0.807,0.707,0.684,0.679,0.057,0.7,0.688,0.841,0.652,0.633,0.706,0.758,0.782,0.784,-0.214,0.094,0.789,0.688,-0.386,0.597,0.234,0.588,-0.227,0.682,-0.298,0.566,0.697,0.436,0.307,0.688,0.7,0.639,0.684,0.64,-0.156,0.315,0.601,0.736,0.65,0.587,-0.085,-0.183,0.681,0.352,0.537,-0.402,0.088,0.275,0.532,0.499,0.042,0.296,0.687,0.499,-0.648,0.531,0.591,-0.498,-0.606,0.101,0.663,0.607,0.744,-0.285,-0.412,0.44,-0.145,0.587,-0.078,0.376,0.726,0.643,0.285,0.676,0.475,0.451,0.788,0.696,0.491,0.788,0.205,0.758,0.676,0.703,0.156,0.209,0.647,0.771,0.563,0.487,0.411,0.454,0.332,0.466,0.532,0.438,0.791,-0.248,0.609,0.826,0.461,-0.24,0.726,-0.425,0.734,-0.185,0.789
BLNE,0.851,0.796,0.058,-0.372,0.772,0.811,0.371,0.577,0.817,0.775,0.671,0.787,0.865,0.623,0.458,0.675,0.317,0.77,0.555,0.687,-0.05,0.803,0.795,0.0,0.833,0.858,0.895,0.703,0.351,0.532,0.793,0.913,0.807,0.457,0.694,-0.523,0.344,0.885,0.709,0.803,0.765,0.807,0.905,-0.035,0.367,0.835,0.751,0.661,0.763,0.797,0.025,0.752,-0.386,0.78,0.467,-0.288,0.573,0.662,0.684,-0.344,0.754,0.733,0.733,0.903,0.899,0.614,0.423,0.736,0.591,0.731,0.368,0.855,0.796,-0.294,0.601,0.45,0.751,0.344,0.568,0.461,0.815,0.851,0.3,0.824,0.548,0.752,0.338,0.762,-0.306,0.615,-0.012,0.848,0.21,0.892,0.86,0.817,0.826,0.259,0.864,0.678,0.918,0.801,0.685,0.864,0.874,0.855,0.839,-0.14,0.241,0.803,0.877,-0.615,0.694,0.458,0.786,-0.349,0.809,-0.225,0.717,0.673,0.544,0.283,0.861,0.886,0.841,0.742,0.779,-0.008,0.177,0.752,0.794,0.72,0.72,-0.03,-0.139,0.869,0.562,0.697,-0.326,0.128,0.495,0.63,0.718,0.019,0.324,0.827,0.709,-0.542,0.711,0.569,-0.285,-0.664,0.339,0.81,0.764,0.76,-0.187,-0.436,0.24,-0.083,0.557,0.171,0.549,0.814,0.802,0.518,0.787,0.534,0.653,0.881,0.783,0.478,0.875,0.454,0.859,0.617,0.834,0.06,0.377,0.816,0.872,0.766,0.677,0.453,0.649,0.447,0.643,0.441,0.658,0.892,-0.148,0.674,0.914,0.64,-0.051,0.766,-0.358,0.878,-0.063,0.874
BLNK,0.911,0.651,-0.263,-0.542,0.815,0.757,0.125,0.35,0.909,0.626,0.613,0.736,0.739,0.458,0.232,0.852,-0.064,0.776,0.843,0.899,-0.305,0.797,0.775,0.833,0.0,0.764,0.839,0.95,0.257,0.332,0.926,0.843,0.758,0.462,0.856,-0.796,0.073,0.852,0.82,0.696,0.748,0.757,0.805,-0.34,0.463,0.776,0.655,0.896,0.892,0.916,-0.343,0.841,-0.675,0.66,0.224,-0.495,0.511,0.587,0.707,-0.694,0.865,0.842,0.845,0.964,0.93,0.397,0.161,0.946,0.553,0.861,0.131,0.802,0.683,-0.517,0.573,0.633,0.727,0.038,0.769,0.441,0.959,0.96,0.108,0.882,0.583,0.905,-0.027,0.745,-0.568,0.724,-0.159,0.834,-0.081,0.905,0.868,0.856,0.702,-0.063,0.73,0.935,0.851,0.81,0.805,0.874,0.93,0.948,0.939,-0.53,0.107,0.729,0.803,-0.619,0.616,0.083,0.684,-0.387,0.934,-0.403,0.543,0.905,0.354,0.576,0.876,0.835,0.704,0.929,0.696,-0.332,0.095,0.79,0.942,0.949,0.733,-0.342,-0.518,0.648,0.412,0.71,-0.6,-0.054,0.278,0.551,0.47,-0.324,0.061,0.935,0.649,-0.78,0.507,0.707,-0.61,-0.667,0.199,0.855,0.5,0.97,-0.507,-0.784,0.146,-0.364,0.607,-0.124,0.514,0.841,0.819,0.384,0.907,0.855,0.709,0.869,0.751,0.677,0.968,0.295,0.907,0.861,0.918,0.01,0.096,0.868,0.937,0.809,0.633,0.146,0.58,0.604,0.591,0.652,0.644,0.916,-0.517,0.516,0.915,0.627,-0.329,0.886,-0.716,0.848,-0.451,0.922
BTAI,0.804,0.873,0.119,-0.381,0.825,0.823,0.29,0.657,0.773,0.629,0.627,0.838,0.863,0.72,0.51,0.702,0.273,0.652,0.533,0.649,0.151,0.858,0.612,0.858,0.764,0.0,0.81,0.63,0.335,0.636,0.764,0.873,0.778,0.499,0.645,-0.446,0.487,0.802,0.631,0.87,0.749,0.739,0.905,0.132,0.443,0.811,0.66,0.56,0.661,0.816,0.116,0.847,-0.306,0.801,0.638,-0.157,0.7,0.791,0.718,-0.264,0.641,0.707,0.744,0.839,0.849,0.689,0.457,0.685,0.715,0.73,0.466,0.763,0.835,-0.178,0.717,0.23,0.791,0.47,0.48,0.469,0.738,0.834,0.405,0.8,0.502,0.682,0.43,0.814,-0.153,0.506,0.211,0.812,0.272,0.815,0.868,0.781,0.861,0.358,0.884,0.593,0.863,0.794,0.699,0.854,0.834,0.772,0.734,-0.127,0.338,0.673,0.884,-0.72,0.674,0.502,0.812,-0.282,0.836,-0.185,0.716,0.6,0.517,0.282,0.85,0.863,0.851,0.66,0.854,0.1,0.033,0.805,0.72,0.689,0.815,0.065,-0.099,0.821,0.675,0.773,-0.272,0.144,0.529,0.711,0.7,0.032,0.278,0.82,0.74,-0.5,0.742,0.461,-0.176,-0.592,0.426,0.824,0.775,0.688,-0.07,-0.371,0.082,0.087,0.47,0.297,0.634,0.86,0.803,0.601,0.79,0.506,0.742,0.851,0.816,0.475,0.794,0.61,0.856,0.57,0.788,0.12,0.509,0.861,0.837,0.832,0.687,0.395,0.753,0.487,0.714,0.285,0.765,0.807,-0.06,0.724,0.846,0.693,0.146,0.723,-0.248,0.844,-0.027,0.802
BYND,0.863,0.739,-0.012,-0.295,0.804,0.738,0.211,0.552,0.786,0.644,0.589,0.816,0.862,0.572,0.304,0.752,0.163,0.853,0.622,0.821,-0.083,0.798,0.749,0.895,0.839,0.81,0.0,0.752,0.274,0.516,0.872,0.933,0.806,0.489,0.76,-0.551,0.419,0.84,0.7,0.756,0.716,0.856,0.854,-0.052,0.501,0.847,0.746,0.752,0.86,0.872,-0.138,0.832,-0.366,0.719,0.409,-0.458,0.621,0.685,0.617,-0.441,0.709,0.838,0.706,0.9,0.861,0.617,0.453,0.817,0.616,0.721,0.41,0.879,0.812,-0.316,0.658,0.431,0.812,0.279,0.668,0.615,0.872,0.891,0.335,0.826,0.463,0.787,0.21,0.703,-0.481,0.611,-0.088,0.844,0.231,0.91,0.866,0.885,0.826,0.287,0.826,0.712,0.868,0.885,0.759,0.897,0.871,0.91,0.76,-0.236,0.085,0.774,0.853,-0.602,0.611,0.437,0.707,-0.426,0.848,-0.435,0.62,0.767,0.416,0.221,0.879,0.882,0.807,0.836,0.692,0.002,0.028,0.804,0.843,0.8,0.773,-0.181,-0.315,0.817,0.543,0.791,-0.368,0.141,0.429,0.659,0.569,-0.183,0.304,0.816,0.636,-0.589,0.718,0.734,-0.421,-0.512,0.245,0.783,0.718,0.795,-0.183,-0.528,0.175,-0.222,0.635,0.189,0.549,0.799,0.769,0.627,0.788,0.622,0.691,0.872,0.843,0.481,0.895,0.48,0.875,0.695,0.848,-0.064,0.255,0.816,0.866,0.795,0.784,0.299,0.65,0.481,0.707,0.558,0.687,0.846,-0.207,0.746,0.915,0.7,-0.128,0.874,-0.489,0.824,-0.211,0.831
CAN,0.846,0.485,-0.385,-0.497,0.729,0.609,-0.029,0.203,0.838,0.471,0.524,0.622,0.587,0.323,-0.003,0.82,-0.268,0.73,0.875,0.939,-0.402,0.689,0.69,0.703,0.95,0.63,0.752,0.0,0.077,0.148,0.9,0.722,0.656,0.396,0.849,-0.815,-0.035,0.758,0.775,0.527,0.604,0.725,0.644,-0.443,0.488,0.655,0.605,0.956,0.916,0.856,-0.555,0.754,-0.701,0.497,0.002,-0.633,0.422,0.467,0.547,-0.79,0.819,0.831,0.771,0.873,0.811,0.246,-0.021,0.956,0.454,0.815,0.041,0.746,0.532,-0.49,0.499,0.688,0.653,-0.145,0.804,0.47,0.947,0.885,0.038,0.818,0.485,0.926,-0.218,0.598,-0.72,0.716,-0.237,0.7,-0.173,0.814,0.733,0.825,0.566,-0.175,0.56,0.973,0.704,0.751,0.768,0.781,0.858,0.893,0.841,-0.626,-0.039,0.587,0.695,-0.544,0.518,-0.1,0.521,-0.458,0.901,-0.477,0.345,0.949,0.2,0.604,0.783,0.692,0.508,0.911,0.536,-0.385,0.056,0.745,0.956,0.964,0.646,-0.537,-0.676,0.499,0.305,0.653,-0.634,-0.143,0.166,0.453,0.253,-0.458,-0.011,0.879,0.479,-0.775,0.382,0.763,-0.718,-0.502,0.067,0.774,0.292,0.951,-0.565,-0.872,0.062,-0.489,0.563,-0.243,0.461,0.713,0.722,0.336,0.844,0.936,0.656,0.749,0.635,0.664,0.909,0.184,0.821,0.899,0.859,-0.123,-0.127,0.76,0.83,0.753,0.607,-0.027,0.469,0.631,0.458,0.757,0.551,0.8,-0.674,0.377,0.789,0.597,-0.408,0.87,-0.822,0.719,-0.664,0.841
CCEC,0.327,0.311,0.085,-0.296,0.156,0.553,0.383,0.134,0.276,0.353,0.479,0.274,0.3,0.25,0.61,0.223,0.481,0.196,0.022,0.061,-0.051,0.178,0.295,0.351,0.257,0.335,0.274,0.077,0.0,0.569,0.267,0.395,0.238,-0.187,0.279,-0.234,0.061,0.216,0.31,0.29,0.201,0.111,0.364,-0.118,-0.227,0.16,0.07,-0.027,0.025,0.181,0.308,0.237,-0.286,0.517,0.482,0.228,0.158,0.289,0.626,-0.018,0.446,0.228,0.469,0.316,0.329,0.396,0.4,0.197,0.054,0.074,-0.099,0.186,0.291,-0.179,0.22,0.233,0.192,0.255,0.217,-0.301,0.187,0.288,-0.097,0.326,0.389,0.032,0.289,0.314,0.221,-0.032,-0.001,0.496,-0.081,0.284,0.354,0.163,0.374,-0.046,0.348,0.155,0.464,0.118,0.323,0.238,0.251,0.251,0.335,-0.108,0.049,0.478,0.207,-0.045,0.23,0.321,0.453,0.285,0.222,0.02,0.408,0.038,0.426,0.232,0.262,0.372,0.468,0.228,0.389,-0.06,0.361,0.132,0.126,0.158,0.195,0.247,0.173,0.4,0.327,0.145,-0.282,0.084,0.166,0.253,0.498,0.388,-0.027,0.25,0.313,-0.278,0.178,0.079,0.061,-0.498,0.273,0.321,0.443,0.247,-0.13,0.082,0.432,0.156,0.441,-0.016,-0.123,0.402,0.171,-0.129,0.309,-0.027,0.14,0.319,0.277,0.372,0.31,0.085,0.387,0.262,0.178,0.522,0.447,0.38,0.396,0.125,-0.114,0.412,0.289,-0.17,0.306,-0.032,0.219,0.384,0.099,0.251,0.336,0.073,0.113,0.138,0.104,0.44,0.356,0.256
CDW,0.467,0.557,0.37,-0.16,0.326,0.688,0.32,0.35,0.446,0.344,0.625,0.658,0.544,0.537,0.7,0.457,0.47,0.385,0.132,0.272,0.274,0.482,0.416,0.532,0.332,0.636,0.516,0.148,0.569,0.0,0.441,0.595,0.463,0.096,0.473,-0.18,0.478,0.358,0.487,0.461,0.286,0.322,0.543,0.199,0.2,0.393,0.228,0.095,0.241,0.417,0.351,0.503,-0.198,0.702,0.739,0.186,0.576,0.66,0.645,0.014,0.41,0.473,0.532,0.46,0.444,0.786,0.761,0.345,0.31,0.201,0.299,0.373,0.592,0.145,0.603,-0.028,0.469,0.488,0.237,0.1,0.341,0.447,0.275,0.506,0.46,0.246,0.461,0.48,0.191,0.045,0.245,0.628,0.105,0.407,0.521,0.475,0.697,0.278,0.646,0.167,0.627,0.391,0.609,0.447,0.446,0.427,0.338,-0.041,0.247,0.627,0.385,-0.227,0.28,0.607,0.545,0.111,0.417,-0.179,0.412,0.187,0.237,0.173,0.551,0.582,0.683,0.305,0.482,0.274,0.334,0.483,0.279,0.291,0.55,0.206,0.109,0.58,0.626,0.49,-0.29,0.167,0.269,0.663,0.664,0.231,0.192,0.408,0.441,-0.251,0.468,0.332,0.001,-0.357,0.267,0.463,0.687,0.296,0.131,0.042,0.396,0.32,0.583,0.173,0.157,0.598,0.344,0.334,0.47,0.043,0.461,0.458,0.508,0.482,0.463,0.508,0.607,0.311,0.251,0.492,0.769,0.617,0.515,0.447,0.288,0.287,0.66,-0.107,0.652,-0.028,0.539,0.454,0.166,0.563,0.508,0.502,0.428,0.326,0.182,0.504,0.362,0.378
CDXS,0.944,0.613,-0.233,-0.481,0.743,0.761,0.056,0.322,0.855,0.524,0.647,0.758,0.719,0.469,0.21,0.858,-0.038,0.83,0.782,0.926,-0.271,0.757,0.75,0.793,0.926,0.764,0.872,0.9,0.267,0.441,0.0,0.853,0.694,0.31,0.899,-0.747,0.15,0.78,0.807,0.627,0.603,0.758,0.763,-0.359,0.483,0.711,0.615,0.868,0.902,0.918,-0.387,0.821,-0.671,0.635,0.23,-0.544,0.561,0.625,0.669,-0.677,0.853,0.914,0.829,0.929,0.838,0.503,0.236,0.939,0.49,0.751,0.166,0.819,0.672,-0.434,0.645,0.588,0.724,0.091,0.78,0.469,0.941,0.931,0.138,0.887,0.525,0.874,-0.052,0.647,-0.609,0.611,-0.17,0.827,-0.074,0.874,0.797,0.913,0.749,-0.028,0.715,0.875,0.821,0.815,0.894,0.831,0.906,0.932,0.814,-0.559,-0.0,0.747,0.756,-0.526,0.522,0.135,0.605,-0.424,0.924,-0.584,0.441,0.9,0.238,0.546,0.866,0.814,0.68,0.889,0.637,-0.222,0.139,0.791,0.933,0.941,0.742,-0.416,-0.552,0.67,0.458,0.756,-0.636,0.012,0.19,0.648,0.403,-0.329,0.105,0.878,0.529,-0.764,0.517,0.834,-0.648,-0.536,0.109,0.823,0.52,0.915,-0.411,-0.727,0.22,-0.352,0.698,-0.121,0.442,0.791,0.733,0.463,0.873,0.836,0.695,0.816,0.731,0.728,0.95,0.298,0.899,0.88,0.836,-0.006,0.132,0.826,0.887,0.791,0.644,0.094,0.621,0.52,0.605,0.691,0.645,0.816,-0.519,0.579,0.873,0.693,-0.233,0.885,-0.647,0.799,-0.461,0.859
CELH,0.881,0.827,0.074,-0.296,0.841,0.856,0.365,0.612,0.8,0.733,0.691,0.845,0.937,0.688,0.477,0.736,0.277,0.846,0.588,0.755,-0.024,0.829,0.807,0.913,0.843,0.873,0.933,0.722,0.395,0.595,0.853,0.0,0.864,0.516,0.747,-0.514,0.446,0.871,0.691,0.817,0.757,0.852,0.892,0.025,0.445,0.843,0.733,0.705,0.819,0.857,-0.035,0.847,-0.371,0.82,0.533,-0.322,0.65,0.725,0.706,-0.346,0.761,0.815,0.807,0.913,0.89,0.706,0.524,0.8,0.68,0.769,0.423,0.881,0.842,-0.253,0.692,0.422,0.852,0.398,0.669,0.535,0.863,0.893,0.377,0.832,0.487,0.785,0.338,0.757,-0.346,0.616,-0.006,0.929,0.265,0.937,0.896,0.871,0.881,0.321,0.889,0.709,0.939,0.869,0.765,0.927,0.902,0.898,0.796,-0.193,0.19,0.82,0.889,-0.636,0.719,0.497,0.806,-0.282,0.86,-0.275,0.717,0.727,0.524,0.249,0.898,0.921,0.878,0.824,0.792,0.061,0.105,0.83,0.817,0.777,0.806,-0.052,-0.168,0.844,0.606,0.798,-0.339,0.146,0.473,0.699,0.684,-0.01,0.392,0.834,0.714,-0.588,0.774,0.64,-0.361,-0.574,0.342,0.827,0.775,0.795,-0.146,-0.449,0.221,-0.075,0.643,0.219,0.605,0.891,0.807,0.591,0.804,0.563,0.707,0.925,0.875,0.514,0.891,0.517,0.919,0.701,0.856,0.115,0.392,0.862,0.892,0.816,0.747,0.426,0.698,0.509,0.737,0.508,0.726,0.892,-0.125,0.773,0.941,0.705,-0.031,0.872,-0.397,0.886,-0.113,0.84
