,ABEO,ACHC,AGNCN,AKAM,AKRO,ALRM,AMAT,AMED,AMRN,ANGI,APA,APOG,APPS,ARCB,ARCC,ARVN,ATEC,ATXS,AVAV,AXON,BANF,BATRK,BIDU,BLNE,BLNK,BTAI,BYND,CAN,CCEC,CDW,CDXS,CELH,CGNX,CHKP,CHRS,CHRW,CIGI,CKPT,CMPR,COGT,CRNC,CRSP,CSTL,CTSH,CVGW,DGLY,DNLI,DOCU,DVAX,EBAY,EHTH,ERII,ESLT,EXPE,EXPO,FBIOP,FFBC,FFIN,FOXF,FWRD,GDS,GERN,GPRE,GRWG,GRYP,HEES,HELE,HIVE,HON,HRTX,HSTM,HURA,IART,IBKR,IBOC,IBRX,IDXX,INGN,INM,INVA,IQ,IRBT,KDP,KPTI,KTOS,KXIN,LAMR,LFUS,LGIH,LGMK,LKFN,LNW,LOPE,LPSN,LYFT,MGNX,MLCO,MNST,MODV,MSTR,MTCH,MYGN,MYRG,NCMI,NEXT,NFLX,NIU,NKTR,NRC,NTNX,NTRA,NVEE,NVMI,NWL,NWS,NXPI,OCGN,OCSL,OKTA,OLLI,OTLK,OXLC,PAA,PARA,PARAA,PDCO,PDFS,PFG,PGEN,PNFP,PODD,POWI,PSMT,PTC,PTEN,PVLA,RDNT,RDUS,RDWR,REGN,RNAC,ROCK,ROST,RRR,RSLS,RVMD,RYAAY,SAFT,SAGE,SAVA,SBGI,SFM,SFNC,SHYF,SIBN,SIFY,SIGI,SIMO,SITM,SLM,SNBR,SNDX,SNY,SPNS,SRRK,STRA,SUPN,SYRE,TCBK,TEAM,TECH,THRM,TLRY,TRMK,TROW,TSLA,TWST,TXN,UFPI,UNIT,UPWK,USLM,UTHR,VERB,VLY,VRNA,VRRM,VXRT,WAFD,WATT,WBA,WING,WIX,WTFC,WTW,XPEL,XRX,YMAB,ZG,ZLAB
ABEO,0.0,0.626,0.158,-0.367,0.476,0.783,0.212,0.85,0.43,0.486,0.701,0.121,0.52,0.16,0.531,0.702,0.608,0.612,0.846,-0.076,0.496,0.176,0.723,0.884,-0.294,0.864,0.617,0.54,-0.582,-0.733,0.251,0.752,0.43,0.663,-0.145,-0.643,0.282,0.919,0.792,0.102,0.688,0.728,0.636,-0.059,-0.508,-0.376,0.873,0.517,0.153,0.344,0.396,-0.222,0.389,0.39,-0.303,0.397,0.333,0.196,-0.06,0.569,0.662,0.637,0.379,0.92,0.496,0.487,-0.41,0.671,0.773,0.87,0.876,0.882,0.673,-0.409,0.478,0.791,-0.1,0.495,-0.756,0.813,0.826,0.679,0.495,0.239,0.846,0.697,0.834,0.196,-0.653,0.773,0.227,0.668,0.706,0.783,0.804,0.754,0.441,0.332,0.59,0.908,0.801,0.824,-0.471,0.75,0.514,-0.219,0.803,0.592,0.894,0.575,0.765,-0.404,-0.157,0.918,0.783,0.054,0.42,0.564,0.703,0.565,0.845,0.679,0.915,0.721,0.726,0.47,-0.286,-0.587,0.619,-0.348,0.714,-0.53,-0.254,0.655,0.884,0.527,0.857,-0.035,0.715,-0.621,0.82,-0.061,0.635,0.025,0.718,0.869,0.892,0.692,0.664,0.61,0.81,-0.626,0.822,-0.164,0.682,-0.242,0.108,-0.117,-0.472,0.289,0.553,0.163,0.817,-0.463,0.345,0.384,0.179,0.731,0.69,0.637,0.521,-0.342,0.509,0.508,0.784,-0.039,0.762,-0.344,-0.36,-0.016,0.76,0.073,0.183,0.688,0.022,0.527,0.765,-0.425,0.682,0.869,0.744,-0.202,0.877,-0.223,-0.041,-0.081,0.124,0.638,0.272,0.436
ACHC,0.626,0.0,0.234,-0.127,0.803,0.539,0.695,0.884,0.125,0.247,0.632,0.421,0.116,0.399,0.186,0.195,0.356,0.194,0.668,-0.176,0.529,0.514,0.566,0.54,0.331,0.406,0.121,0.803,-0.004,-0.189,0.431,0.231,0.032,0.495,0.238,-0.598,0.197,0.649,0.356,0.67,0.656,0.275,0.241,0.47,-0.073,0.085,0.565,0.277,-0.212,0.335,-0.069,0.264,0.248,0.636,0.312,0.53,0.498,0.542,0.456,0.626,0.578,0.125,0.549,0.697,0.669,0.379,0.116,0.455,0.801,0.633,0.427,0.511,0.42,-0.271,0.463,0.263,0.003,-0.012,-0.446,0.475,0.5,0.654,0.138,0.534,0.472,0.347,0.617,0.687,-0.219,0.347,0.362,0.177,0.367,0.421,0.796,0.314,0.704,0.67,0.141,0.645,0.521,0.506,-0.045,0.839,0.755,0.077,0.618,0.087,0.576,0.423,0.655,-0.401,0.423,0.631,0.878,0.351,-0.016,0.83,0.856,0.205,0.564,0.201,0.752,0.374,0.461,0.788,0.273,-0.102,0.031,0.216,0.736,0.102,0.246,0.42,0.532,0.088,0.488,0.242,0.289,-0.369,0.451,0.149,0.702,0.03,0.161,0.716,0.604,0.511,0.322,0.335,0.502,-0.274,0.791,0.359,0.359,0.442,0.138,-0.455,-0.381,0.438,-0.005,0.009,0.591,0.226,0.731,-0.096,0.627,0.245,0.686,0.574,0.379,-0.006,0.737,0.618,0.555,-0.326,0.444,0.013,0.13,-0.025,0.444,0.53,0.517,0.412,0.362,0.796,0.649,-0.566,0.505,0.587,0.749,0.111,0.701,-0.088,-0.373,-0.122,0.271,0.148,-0.056,0.147
AGNCN,0.158,0.234,0.0,0.356,0.491,0.415,0.548,0.173,-0.488,-0.471,0.616,0.605,-0.404,0.602,-0.401,0.164,0.106,-0.383,0.241,0.006,0.52,-0.281,-0.235,-0.125,0.189,0.101,-0.079,0.25,0.266,0.057,0.748,0.023,-0.473,-0.189,0.272,-0.083,0.427,0.225,0.005,-0.019,-0.112,-0.164,-0.215,0.387,0.461,-0.211,0.314,-0.211,-0.607,-0.153,-0.44,0.534,0.142,0.651,0.309,-0.064,0.541,0.485,0.523,0.378,-0.216,0.369,0.72,0.192,-0.121,0.64,0.403,0.639,0.327,0.299,0.091,0.2,0.286,0.23,0.592,-0.036,-0.255,-0.232,-0.039,0.458,-0.193,0.149,0.024,0.608,-0.013,-0.213,0.352,0.409,-0.329,-0.059,0.42,-0.134,-0.018,-0.183,0.43,0.24,0.345,0.532,-0.223,0.369,0.109,-0.002,0.532,0.386,0.148,-0.577,-0.111,-0.362,0.219,0.168,-0.073,0.338,0.496,0.301,0.36,0.737,-0.4,0.281,0.016,0.152,-0.097,-0.064,0.243,-0.275,-0.274,0.359,0.138,0.252,-0.072,0.153,0.005,-0.053,0.379,-0.187,0.115,-0.343,0.168,0.239,-0.208,-0.358,0.045,0.673,0.431,-0.608,-0.075,0.273,0.195,0.276,0.23,0.631,-0.059,0.383,0.261,0.491,0.056,0.101,0.457,-0.306,0.191,0.106,-0.123,-0.535,-0.077,-0.013,0.069,-0.446,0.517,-0.143,0.472,-0.216,-0.391,0.413,0.262,0.452,0.201,-0.026,0.082,0.622,0.516,-0.505,-0.126,0.588,0.482,-0.277,0.532,-0.086,0.395,-0.242,0.16,-0.006,0.474,0.052,0.082,0.429,-0.408,-0.366,0.502,-0.328,-0.479,-0.477
AKAM,-0.367,-0.127,0.356,0.0,0.167,-0.298,0.505,-0.276,-0.859,-0.753,0.053,0.582,-0.873,0.687,-0.861,-0.433,-0.35,-0.501,-0.348,-0.134,0.26,-0.199,-0.458,-0.584,0.473,-0.376,-0.63,0.123,0.679,0.634,0.345,-0.574,-0.614,-0.664,0.704,0.048,-0.365,-0.22,-0.644,0.271,-0.493,-0.685,-0.778,0.644,0.654,-0.075,-0.272,-0.577,-0.577,-0.474,-0.68,0.656,-0.58,0.228,0.596,-0.12,0.434,0.529,0.724,0.239,-0.499,-0.238,0.115,-0.401,-0.294,0.035,0.772,0.02,-0.264,-0.444,-0.45,-0.407,-0.192,0.642,0.379,-0.563,-0.6,-0.7,0.272,-0.243,-0.589,-0.03,-0.507,0.66,-0.573,-0.706,-0.097,0.516,-0.022,-0.536,0.394,-0.719,-0.622,-0.734,-0.062,-0.301,-0.006,0.445,-0.629,-0.201,-0.557,-0.632,0.765,-0.003,-0.152,-0.184,-0.572,-0.644,-0.172,-0.127,-0.671,0.667,0.68,-0.193,-0.26,0.669,-0.724,-0.224,-0.304,-0.415,-0.63,-0.453,-0.249,-0.723,-0.665,0.259,0.634,0.686,-0.573,0.538,-0.346,0.181,0.719,-0.655,-0.527,-0.746,-0.531,0.217,-0.678,0.33,-0.525,0.802,-0.012,-0.714,-0.664,-0.202,-0.441,0.09,-0.149,0.1,-0.591,0.803,-0.1,0.676,-0.498,0.265,0.428,-0.475,0.212,-0.027,-0.605,-0.604,-0.458,0.291,0.214,-0.781,0.485,-0.607,0.148,-0.636,-0.74,0.831,0.163,0.339,-0.523,-0.189,-0.52,0.477,0.769,-0.591,-0.649,0.609,0.636,-0.734,0.626,-0.324,0.094,0.212,-0.342,-0.609,0.05,-0.102,-0.447,0.633,-0.651,-0.311,0.661,-0.672,-0.887,-0.703
AKRO,0.476,0.803,0.491,0.167,0.0,0.565,0.8,0.716,-0.232,-0.045,0.659,0.632,-0.177,0.682,-0.134,0.257,0.37,0.013,0.654,-0.08,0.581,0.312,0.286,0.272,0.361,0.355,0.05,0.687,0.115,-0.104,0.567,0.159,-0.161,0.242,0.338,-0.561,0.231,0.575,0.197,0.551,0.514,0.107,0.038,0.622,0.144,0.075,0.533,0.179,-0.355,0.257,-0.209,0.55,0.193,0.635,0.435,0.446,0.564,0.65,0.644,0.646,0.292,0.252,0.676,0.55,0.473,0.415,0.321,0.631,0.756,0.534,0.342,0.419,0.456,0.007,0.648,0.17,-0.15,-0.137,-0.287,0.436,0.253,0.717,0.066,0.758,0.276,0.118,0.665,0.793,-0.33,0.173,0.448,0.045,0.255,0.178,0.764,0.341,0.554,0.732,0.066,0.622,0.419,0.27,0.211,0.848,0.582,-0.112,0.411,-0.071,0.566,0.417,0.387,-0.119,0.591,0.552,0.781,0.695,-0.228,0.676,0.672,0.268,0.38,0.126,0.623,0.16,0.264,0.882,0.302,0.05,-0.019,0.286,0.44,0.126,0.486,0.247,0.392,-0.079,0.386,0.254,0.082,-0.326,0.365,0.463,0.685,-0.394,0.032,0.709,0.512,0.455,0.479,0.558,0.306,0.002,0.723,0.508,0.335,0.407,0.273,-0.514,-0.089,0.368,-0.085,-0.215,0.459,0.162,0.584,-0.312,0.689,0.123,0.716,0.34,0.054,0.276,0.624,0.738,0.49,-0.135,0.407,0.404,0.357,-0.238,0.308,0.663,0.742,0.148,0.51,0.557,0.702,-0.424,0.462,0.39,0.834,-0.018,0.52,0.146,-0.618,-0.171,0.415,-0.006,-0.387,-0.08
ALRM,0.783,0.539,0.415,-0.298,0.565,0.0,0.196,0.717,0.328,0.395,0.673,0.208,0.432,0.264,0.428,0.845,0.798,0.305,0.911,0.14,0.46,0.067,0.407,0.605,-0.354,0.835,0.702,0.345,-0.516,-0.668,0.405,0.799,0.336,0.538,-0.318,-0.501,0.435,0.802,0.757,-0.111,0.677,0.713,0.659,-0.084,-0.348,-0.187,0.893,0.578,0.129,0.469,0.402,-0.034,0.683,0.419,-0.306,0.231,0.283,0.168,-0.014,0.492,0.377,0.788,0.609,0.747,0.234,0.552,-0.39,0.808,0.823,0.909,0.818,0.822,0.792,-0.239,0.524,0.77,0.112,0.571,-0.435,0.823,0.553,0.708,0.604,0.261,0.766,0.599,0.863,0.171,-0.611,0.671,0.227,0.709,0.704,0.663,0.743,0.814,0.31,0.231,0.637,0.848,0.831,0.688,-0.341,0.71,0.452,-0.305,0.71,0.533,0.829,0.641,0.664,-0.381,-0.114,0.769,0.793,0.271,0.419,0.617,0.586,0.809,0.747,0.661,0.777,0.643,0.619,0.487,-0.464,-0.525,0.687,-0.337,0.499,-0.368,-0.135,0.699,0.845,0.547,0.865,-0.125,0.686,-0.66,0.848,0.069,0.721,-0.112,0.718,0.85,0.899,0.431,0.823,0.723,0.727,-0.498,0.697,-0.177,0.84,-0.26,0.165,0.049,-0.097,0.222,0.62,0.193,0.739,-0.48,0.046,0.367,0.201,0.681,0.642,0.587,0.368,-0.246,0.214,0.488,0.854,0.343,0.866,0.095,-0.222,0.085,0.736,0.113,0.216,0.557,0.03,0.362,0.68,-0.372,0.757,0.815,0.721,-0.25,0.692,-0.139,-0.01,0.091,0.021,0.572,0.19,0.413
AMAT,0.212,0.695,0.548,0.505,0.8,0.196,0.0,0.481,-0.567,-0.414,0.606,0.782,-0.568,0.808,-0.503,-0.209,-0.036,-0.257,0.254,-0.274,0.579,0.21,0.095,-0.009,0.675,-0.018,-0.419,0.76,0.546,0.316,0.681,-0.271,-0.521,-0.087,0.72,-0.415,-0.005,0.31,-0.196,0.748,0.109,-0.338,-0.409,0.839,0.472,0.002,0.212,-0.261,-0.702,-0.126,-0.646,0.723,-0.241,0.731,0.754,0.354,0.717,0.81,0.899,0.627,0.11,-0.105,0.613,0.281,0.342,0.407,0.705,0.406,0.434,0.194,-0.035,0.089,0.13,0.159,0.614,-0.248,-0.42,-0.597,-0.159,0.219,-0.049,0.393,-0.293,0.914,-0.1,-0.271,0.347,0.929,-0.178,-0.188,0.556,-0.429,-0.186,-0.227,0.597,-0.032,0.636,0.913,-0.414,0.352,0.005,-0.044,0.589,0.676,0.515,-0.15,0.039,-0.494,0.262,0.195,0.057,0.241,0.898,0.341,0.554,0.791,-0.617,0.523,0.444,-0.191,-0.023,-0.265,0.382,-0.28,-0.162,0.783,0.7,0.437,-0.45,0.556,0.326,0.26,0.71,-0.196,0.026,-0.542,0.009,0.442,-0.326,-0.134,-0.068,0.7,0.53,-0.52,-0.393,0.387,0.126,0.467,0.066,0.394,-0.065,0.402,0.545,0.854,-0.109,0.61,0.404,-0.713,-0.095,0.277,-0.513,-0.531,0.047,0.429,0.755,-0.704,0.898,-0.31,0.609,-0.034,-0.252,0.602,0.749,0.69,0.058,-0.47,-0.061,0.414,0.69,-0.524,-0.145,0.908,0.813,-0.229,0.756,0.412,0.547,-0.377,0.099,-0.003,0.646,0.134,0.248,0.398,-0.801,-0.427,0.702,-0.459,-0.686,-0.485
AMED,0.85,0.884,0.173,-0.276,0.716,0.717,0.481,0.0,0.325,0.435,0.672,0.236,0.365,0.27,0.427,0.483,0.505,0.406,0.819,-0.164,0.524,0.368,0.714,0.785,0.019,0.705,0.41,0.758,-0.316,-0.513,0.367,0.535,0.274,0.704,0.038,-0.674,0.314,0.853,0.596,0.448,0.78,0.549,0.486,0.238,-0.358,-0.116,0.769,0.464,-0.011,0.402,0.188,0.065,0.369,0.561,0.026,0.548,0.441,0.368,0.203,0.568,0.699,0.395,0.499,0.871,0.643,0.418,-0.174,0.585,0.895,0.823,0.71,0.767,0.563,-0.451,0.488,0.562,0.05,0.27,-0.649,0.687,0.731,0.761,0.297,0.421,0.685,0.568,0.772,0.478,-0.379,0.582,0.349,0.471,0.629,0.686,0.887,0.555,0.589,0.538,0.431,0.842,0.751,0.756,-0.307,0.875,0.696,-0.032,0.801,0.383,0.791,0.523,0.784,-0.493,0.143,0.805,0.888,0.212,0.193,0.773,0.88,0.403,0.785,0.427,0.878,0.606,0.662,0.681,0.012,-0.421,0.342,-0.092,0.807,-0.208,0.01,0.644,0.774,0.337,0.711,0.158,0.57,-0.517,0.69,0.009,0.713,0.075,0.477,0.859,0.804,0.639,0.549,0.491,0.69,-0.511,0.851,0.115,0.56,0.164,0.061,-0.344,-0.517,0.415,0.296,0.172,0.78,-0.106,0.596,0.168,0.469,0.527,0.733,0.721,0.578,-0.227,0.681,0.593,0.754,-0.213,0.667,-0.185,-0.137,0.031,0.663,0.318,0.395,0.596,0.16,0.768,0.722,-0.574,0.642,0.803,0.809,0.02,0.881,-0.22,-0.206,-0.066,0.149,0.439,0.155,0.352
AMRN,0.43,0.125,-0.488,-0.859,-0.232,0.328,-0.567,0.325,0.0,0.902,-0.081,-0.645,0.956,-0.658,0.923,0.515,0.484,0.607,0.409,0.213,-0.254,0.291,0.563,0.663,-0.566,0.503,0.736,-0.101,-0.77,-0.658,-0.455,0.652,0.797,0.693,-0.723,-0.054,0.204,0.318,0.713,-0.265,0.615,0.808,0.869,-0.687,-0.759,0.067,0.361,0.724,0.764,0.56,0.834,-0.763,0.577,-0.341,-0.716,0.061,-0.485,-0.568,-0.765,-0.146,0.527,0.284,-0.255,0.421,0.299,-0.146,-0.877,-0.049,0.258,0.467,0.56,0.481,0.288,-0.588,-0.385,0.674,0.593,0.812,-0.322,0.244,0.661,0.181,0.531,-0.651,0.672,0.81,0.187,-0.532,-0.029,0.662,-0.418,0.8,0.665,0.832,0.06,0.411,-0.092,-0.517,0.768,0.247,0.604,0.671,-0.895,0.009,0.178,0.324,0.69,0.812,0.304,0.286,0.698,-0.755,-0.768,0.241,0.218,-0.735,0.84,0.222,0.381,0.468,0.705,0.582,0.349,0.823,0.754,-0.236,-0.689,-0.751,0.694,-0.56,0.406,-0.244,-0.765,0.765,0.606,0.87,0.549,-0.373,0.823,-0.23,0.613,-0.84,0.068,0.773,0.759,0.289,0.509,-0.056,0.282,-0.124,0.673,-0.909,0.13,-0.779,0.574,-0.333,-0.467,0.472,-0.255,0.018,0.726,0.754,0.585,-0.342,-0.203,0.882,-0.51,0.744,-0.12,0.731,0.799,-0.869,-0.176,-0.314,0.559,0.252,0.61,-0.625,-0.844,0.702,0.731,-0.687,-0.587,0.828,-0.68,0.34,-0.032,-0.112,0.373,0.692,-0.069,-0.054,0.492,-0.667,0.668,0.463,-0.693,0.811,0.927,0.886
ANGI,0.486,0.247,-0.471,-0.753,-0.045,0.395,-0.414,0.435,0.902,0.0,0.022,-0.599,0.889,-0.494,0.876,0.55,0.64,0.717,0.535,0.199,-0.262,0.42,0.712,0.733,-0.455,0.563,0.779,0.028,-0.772,-0.709,-0.427,0.66,0.83,0.753,-0.672,-0.139,0.14,0.437,0.774,-0.118,0.786,0.853,0.904,-0.593,-0.75,0.163,0.479,0.851,0.815,0.671,0.865,-0.733,0.636,-0.355,-0.675,0.053,-0.501,-0.519,-0.658,-0.087,0.633,0.287,-0.263,0.535,0.507,-0.217,-0.823,0.016,0.329,0.538,0.609,0.563,0.344,-0.581,-0.35,0.747,0.536,0.796,-0.383,0.235,0.729,0.409,0.5,-0.471,0.723,0.872,0.291,-0.379,-0.096,0.68,-0.473,0.786,0.722,0.873,0.171,0.496,-0.036,-0.409,0.836,0.332,0.694,0.656,-0.902,0.189,0.325,0.475,0.826,0.869,0.438,0.5,0.801,-0.76,-0.659,0.311,0.335,-0.639,0.776,0.306,0.552,0.515,0.803,0.607,0.451,0.9,0.871,-0.083,-0.636,-0.733,0.724,-0.494,0.503,-0.149,-0.708,0.85,0.668,0.905,0.606,-0.411,0.86,-0.219,0.706,-0.8,0.219,0.649,0.759,0.452,0.597,0.019,0.468,-0.04,0.761,-0.933,0.243,-0.71,0.683,-0.228,-0.445,0.335,-0.155,-0.007,0.741,0.734,0.655,-0.367,-0.057,0.852,-0.433,0.811,-0.068,0.85,0.8,-0.829,-0.012,-0.226,0.659,0.253,0.714,-0.611,-0.825,0.675,0.856,-0.613,-0.395,0.914,-0.675,0.449,0.061,-0.077,0.397,0.77,0.099,-0.237,0.614,-0.705,0.496,0.458,-0.666,0.857,0.837,0.965
APA,0.701,0.632,0.616,0.053,0.659,0.673,0.606,0.672,-0.081,0.022,0.0,0.488,-0.013,0.55,0.07,0.43,0.444,0.183,0.658,-0.092,0.703,0.107,0.461,0.51,0.033,0.565,0.242,0.578,-0.139,-0.362,0.605,0.4,-0.071,0.291,0.238,-0.397,0.335,0.714,0.485,0.214,0.365,0.264,0.203,0.308,0.051,-0.412,0.729,0.093,-0.317,0.082,-0.068,0.151,0.289,0.7,0.135,0.282,0.648,0.567,0.41,0.673,0.401,0.504,0.608,0.706,0.342,0.742,0.099,0.72,0.699,0.707,0.592,0.658,0.504,-0.079,0.736,0.41,-0.315,0.091,-0.579,0.709,0.478,0.562,0.331,0.655,0.487,0.241,0.729,0.471,-0.619,0.318,0.463,0.233,0.373,0.357,0.812,0.579,0.667,0.65,0.172,0.759,0.551,0.511,0.095,0.821,0.469,-0.463,0.459,0.097,0.718,0.449,0.443,-0.054,0.298,0.791,0.772,0.503,-0.097,0.613,0.483,0.33,0.479,0.362,0.774,0.268,0.315,0.586,0.041,-0.051,0.252,0.09,0.475,-0.276,0.188,0.251,0.643,0.044,0.662,0.285,0.261,-0.573,0.531,0.448,0.745,-0.329,0.327,0.755,0.659,0.762,0.542,0.775,0.512,-0.124,0.773,0.318,0.411,-0.054,0.492,-0.369,-0.199,0.339,0.214,-0.295,0.425,-0.242,0.456,-0.102,0.509,0.348,0.807,0.232,0.026,0.148,0.614,0.734,0.61,-0.199,0.457,0.1,0.165,-0.355,0.397,0.503,0.581,0.298,0.46,0.326,0.824,-0.577,0.611,0.516,0.872,-0.161,0.648,0.247,-0.341,-0.356,0.498,0.139,-0.183,-0.054
APOG,0.121,0.421,0.605,0.582,0.632,0.208,0.782,0.236,-0.645,-0.599,0.488,0.0,-0.606,0.852,-0.594,-0.123,-0.033,-0.293,0.182,-0.168,0.744,0.17,-0.186,-0.236,0.522,-0.061,-0.442,0.47,0.516,0.407,0.563,-0.258,-0.518,-0.405,0.649,-0.323,-0.014,0.164,-0.251,0.468,-0.142,-0.368,-0.478,0.742,0.611,-0.098,0.122,-0.42,-0.658,-0.271,-0.616,0.747,-0.284,0.631,0.668,0.321,0.765,0.87,0.842,0.743,-0.144,0.023,0.574,0.048,0.029,0.568,0.7,0.432,0.285,0.051,-0.044,-0.053,0.206,0.579,0.736,-0.283,-0.533,-0.549,0.049,0.157,-0.224,0.291,-0.135,0.778,-0.111,-0.372,0.354,0.783,-0.174,-0.138,0.612,-0.4,-0.229,-0.41,0.376,-0.007,0.518,0.723,-0.426,0.256,-0.161,-0.243,0.692,0.483,0.271,-0.359,-0.193,-0.495,0.2,0.056,-0.175,0.354,0.765,0.323,0.382,0.863,-0.484,0.257,0.079,-0.058,-0.219,-0.095,0.25,-0.367,-0.284,0.747,0.566,0.557,-0.38,0.614,0.025,0.181,0.78,-0.341,-0.106,-0.525,-0.007,0.396,-0.449,-0.053,-0.106,0.853,0.358,-0.597,-0.405,0.269,0.022,0.384,0.082,0.388,-0.15,0.552,0.454,0.742,-0.097,0.338,0.586,-0.402,0.063,0.407,-0.466,-0.521,0.006,0.359,0.457,-0.626,0.707,-0.354,0.641,-0.339,-0.492,0.786,0.437,0.772,-0.072,-0.134,-0.134,0.584,0.728,-0.499,-0.278,0.842,0.727,-0.409,0.902,0.136,0.564,-0.217,0.211,-0.146,0.509,0.043,-0.061,0.695,-0.705,-0.285,0.847,-0.463,-0.78,-0.604
APPS,0.52,0.116,-0.404,-0.873,-0.177,0.432,-0.568,0.365,0.956,0.889,-0.013,-0.606,0.0,-0.633,0.952,0.63,0.532,0.671,0.482,0.149,-0.198,0.221,0.579,0.714,-0.629,0.616,0.814,-0.106,-0.857,-0.767,-0.393,0.757,0.809,0.749,-0.78,-0.142,0.291,0.42,0.791,-0.341,0.638,0.886,0.918,-0.711,-0.818,-0.034,0.46,0.767,0.753,0.566,0.859,-0.754,0.609,-0.306,-0.766,0.076,-0.447,-0.562,-0.795,-0.109,0.559,0.44,-0.165,0.512,0.298,-0.039,-0.91,0.091,0.313,0.567,0.652,0.589,0.364,-0.605,-0.304,0.782,0.549,0.868,-0.405,0.375,0.729,0.223,0.566,-0.622,0.757,0.859,0.286,-0.54,-0.139,0.748,-0.398,0.88,0.738,0.886,0.143,0.527,-0.104,-0.509,0.833,0.364,0.676,0.744,-0.909,0.072,0.152,0.22,0.734,0.858,0.409,0.345,0.736,-0.716,-0.799,0.334,0.282,-0.682,0.886,0.185,0.388,0.556,0.757,0.663,0.422,0.866,0.794,-0.205,-0.764,-0.841,0.799,-0.663,0.425,-0.349,-0.81,0.806,0.679,0.914,0.641,-0.372,0.877,-0.342,0.699,-0.799,0.106,0.677,0.854,0.377,0.593,0.007,0.395,0.016,0.725,-0.941,0.184,-0.819,0.65,-0.402,-0.414,0.509,-0.24,0.017,0.787,0.722,0.633,-0.466,-0.252,0.916,-0.536,0.821,-0.058,0.76,0.812,-0.875,-0.165,-0.258,0.644,0.296,0.696,-0.571,-0.888,0.609,0.805,-0.693,-0.578,0.847,-0.697,0.334,0.05,-0.088,0.44,0.759,0.026,-0.072,0.555,-0.682,0.644,0.368,-0.662,0.884,0.925,0.876
ARCB,0.16,0.399,0.602,0.687,0.682,0.264,0.808,0.27,-0.658,-0.494,0.55,0.852,-0.633,0.0,-0.622,-0.0,0.145,-0.262,0.289,-0.053,0.595,0.095,-0.088,-0.168,0.488,0.039,-0.305,0.531,0.454,0.299,0.57,-0.188,-0.4,-0.334,0.612,-0.313,-0.108,0.284,-0.175,0.465,0.008,-0.285,-0.399,0.735,0.533,-0.039,0.252,-0.24,-0.549,-0.161,-0.511,0.704,-0.213,0.528,0.581,0.191,0.657,0.787,0.857,0.704,-0.136,0.099,0.524,0.13,0.092,0.394,0.65,0.537,0.33,0.116,0.025,0.055,0.353,0.508,0.696,-0.167,-0.572,-0.48,-0.011,0.193,-0.189,0.469,-0.193,0.878,-0.083,-0.265,0.426,0.837,-0.347,-0.146,0.531,-0.367,-0.206,-0.338,0.452,0.079,0.43,0.741,-0.311,0.35,-0.056,-0.206,0.618,0.551,0.344,-0.264,-0.081,-0.362,0.327,0.244,-0.137,0.343,0.757,0.358,0.369,0.884,-0.476,0.306,0.196,0.035,-0.11,-0.033,0.311,-0.29,-0.199,0.753,0.501,0.498,-0.288,0.548,0.075,0.169,0.733,-0.236,-0.017,-0.445,0.028,0.228,-0.333,-0.029,0.002,0.846,0.456,-0.719,-0.334,0.381,0.125,0.405,0.304,0.508,-0.051,0.491,0.471,0.699,-0.012,0.31,0.502,-0.518,0.131,0.223,-0.353,-0.526,0.087,0.209,0.479,-0.619,0.733,-0.241,0.596,-0.23,-0.488,0.756,0.486,0.725,0.012,-0.091,-0.01,0.545,0.694,-0.491,-0.169,0.82,0.821,-0.308,0.784,0.121,0.616,-0.133,0.156,-0.075,0.589,-0.207,0.039,0.587,-0.788,-0.246,0.775,-0.388,-0.822,-0.463
ARCC,0.531,0.186,-0.401,-0.861,-0.134,0.428,-0.503,0.427,0.923,0.876,0.07,-0.594,0.952,-0.622,0.0,0.585,0.489,0.659,0.484,0.078,-0.111,0.272,0.625,0.749,-0.613,0.621,0.758,-0.046,-0.826,-0.765,-0.336,0.74,0.733,0.802,-0.711,-0.155,0.337,0.429,0.77,-0.268,0.625,0.841,0.888,-0.632,-0.8,-0.089,0.467,0.675,0.67,0.515,0.813,-0.714,0.618,-0.183,-0.668,0.195,-0.329,-0.467,-0.737,-0.117,0.639,0.411,-0.108,0.525,0.31,0.03,-0.861,0.064,0.371,0.586,0.665,0.618,0.308,-0.65,-0.215,0.744,0.562,0.847,-0.462,0.378,0.771,0.23,0.568,-0.554,0.742,0.809,0.302,-0.492,-0.086,0.673,-0.265,0.848,0.77,0.885,0.221,0.501,-0.002,-0.413,0.793,0.374,0.709,0.793,-0.881,0.154,0.157,0.166,0.736,0.804,0.422,0.277,0.746,-0.743,-0.75,0.364,0.335,-0.649,0.804,0.277,0.4,0.487,0.763,0.616,0.437,0.849,0.798,-0.183,-0.679,-0.8,0.741,-0.591,0.432,-0.349,-0.723,0.803,0.703,0.86,0.666,-0.219,0.854,-0.395,0.697,-0.755,0.138,0.704,0.826,0.395,0.605,0.115,0.371,0.035,0.732,-0.923,0.251,-0.734,0.613,-0.368,-0.345,0.453,-0.324,0.137,0.747,0.694,0.616,-0.476,-0.151,0.88,-0.467,0.804,0.037,0.759,0.846,-0.851,-0.101,-0.169,0.661,0.209,0.656,-0.575,-0.85,0.576,0.79,-0.612,-0.486,0.836,-0.63,0.38,0.09,-0.248,0.526,0.76,0.107,-0.017,0.594,-0.613,0.648,0.287,-0.626,0.847,0.91,0.828
ARVN,0.702,0.195,0.164,-0.433,0.257,0.845,-0.209,0.483,0.515,0.55,0.43,-0.123,0.63,-0.0,0.585,0.0,0.804,0.494,0.817,0.265,0.215,-0.041,0.371,0.636,-0.681,0.887,0.883,0.007,-0.803,-0.843,0.09,0.926,0.581,0.547,-0.574,-0.35,0.373,0.721,0.83,-0.446,0.629,0.847,0.791,-0.411,-0.583,-0.2,0.831,0.697,0.448,0.502,0.698,-0.317,0.69,0.065,-0.639,0.056,-0.042,-0.169,-0.371,0.271,0.3,0.875,0.286,0.635,0.097,0.337,-0.68,0.665,0.633,0.8,0.847,0.807,0.779,-0.257,0.305,0.903,0.185,0.83,-0.417,0.735,0.595,0.585,0.672,-0.08,0.786,0.718,0.766,-0.179,-0.641,0.759,0.017,0.885,0.75,0.756,0.502,0.87,-0.047,-0.139,0.838,0.738,0.834,0.7,-0.613,0.429,0.123,-0.281,0.688,0.764,0.77,0.585,0.58,-0.438,-0.488,0.652,0.514,-0.035,0.659,0.346,0.39,0.846,0.744,0.809,0.646,0.748,0.684,0.177,-0.742,-0.725,0.902,-0.596,0.308,-0.573,-0.431,0.721,0.831,0.775,0.844,-0.359,0.807,-0.591,0.896,-0.193,0.49,0.006,0.889,0.732,0.853,0.264,0.869,0.635,0.76,-0.674,0.486,-0.538,0.866,-0.559,-0.011,0.286,-0.082,0.11,0.843,0.33,0.734,-0.745,-0.261,0.628,-0.201,0.867,0.398,0.577,0.413,-0.482,-0.105,0.231,0.814,0.526,0.896,-0.072,-0.529,0.219,0.807,-0.291,-0.071,0.644,-0.287,0.12,0.523,-0.17,0.686,0.802,0.484,-0.377,0.609,-0.29,0.246,0.223,-0.247,0.79,0.412,0.624
ATEC,0.608,0.356,0.106,-0.35,0.37,0.798,-0.036,0.505,0.484,0.64,0.444,-0.033,0.532,0.145,0.489,0.804,0.0,0.492,0.852,0.433,0.15,0.274,0.492,0.545,-0.399,0.721,0.807,0.101,-0.635,-0.647,0.031,0.757,0.562,0.474,-0.48,-0.295,0.199,0.628,0.821,-0.16,0.766,0.795,0.78,-0.304,-0.382,0.084,0.798,0.765,0.498,0.634,0.671,-0.342,0.733,-0.033,-0.509,-0.058,-0.115,-0.095,-0.211,0.333,0.356,0.64,0.211,0.601,0.297,0.178,-0.553,0.53,0.576,0.732,0.736,0.697,0.79,-0.139,0.192,0.808,0.185,0.685,-0.321,0.504,0.536,0.753,0.63,0.047,0.779,0.74,0.712,-0.007,-0.534,0.686,-0.176,0.748,0.709,0.684,0.45,0.784,0.163,-0.05,0.758,0.611,0.78,0.536,-0.514,0.523,0.431,0.063,0.747,0.721,0.734,0.781,0.685,-0.468,-0.316,0.569,0.583,0.007,0.6,0.464,0.543,0.862,0.75,0.776,0.649,0.773,0.747,0.337,-0.616,-0.486,0.78,-0.29,0.42,-0.191,-0.313,0.775,0.772,0.75,0.786,-0.473,0.753,-0.412,0.85,-0.194,0.581,0.051,0.731,0.763,0.808,0.2,0.872,0.497,0.807,-0.626,0.509,-0.429,0.907,-0.32,-0.014,0.191,0.139,0.017,0.739,0.387,0.728,-0.466,-0.062,0.567,-0.093,0.776,0.337,0.629,0.353,-0.349,0.024,0.249,0.789,0.523,0.885,-0.077,-0.409,0.378,0.822,-0.199,0.085,0.737,-0.2,0.286,0.485,-0.079,0.626,0.774,0.487,-0.551,0.587,-0.269,0.091,0.384,-0.228,0.698,0.319,0.692
ATXS,0.612,0.194,-0.383,-0.501,0.013,0.305,-0.257,0.406,0.607,0.717,0.183,-0.293,0.671,-0.262,0.659,0.494,0.492,0.0,0.501,0.077,0.011,0.407,0.757,0.751,-0.383,0.595,0.584,0.089,-0.738,-0.625,-0.383,0.576,0.689,0.582,-0.346,-0.31,0.053,0.539,0.713,-0.026,0.584,0.704,0.657,-0.363,-0.616,-0.189,0.511,0.57,0.623,0.449,0.666,-0.619,0.239,-0.276,-0.519,0.191,-0.238,-0.23,-0.461,0.185,0.644,0.356,-0.275,0.581,0.539,0.03,-0.605,0.128,0.261,0.47,0.643,0.57,0.353,-0.317,-0.057,0.71,0.043,0.577,-0.619,0.277,0.817,0.436,0.383,-0.245,0.718,0.758,0.407,-0.214,-0.362,0.702,-0.298,0.626,0.594,0.715,0.25,0.524,0.143,-0.151,0.662,0.441,0.546,0.559,-0.693,0.294,0.17,0.224,0.686,0.746,0.582,0.46,0.647,-0.426,-0.526,0.514,0.318,-0.434,0.637,0.065,0.408,0.362,0.685,0.691,0.532,0.783,0.81,0.085,-0.41,-0.581,0.652,-0.354,0.487,-0.366,-0.556,0.617,0.576,0.693,0.601,-0.263,0.653,-0.205,0.658,-0.491,0.118,0.312,0.65,0.527,0.534,0.368,0.483,0.167,0.697,-0.76,0.402,-0.537,0.552,-0.338,-0.165,0.212,-0.245,0.102,0.559,0.456,0.617,-0.438,0.13,0.667,-0.401,0.751,0.133,0.591,0.584,-0.523,0.182,0.026,0.528,0.078,0.55,-0.602,-0.715,0.263,0.742,-0.424,-0.165,0.78,-0.405,0.354,0.362,0.016,0.405,0.639,0.288,-0.356,0.611,-0.426,0.217,0.135,-0.225,0.787,0.525,0.673
AVAV,0.846,0.668,0.241,-0.348,0.654,0.911,0.254,0.819,0.409,0.535,0.658,0.182,0.482,0.289,0.484,0.817,0.852,0.501,0.0,0.174,0.437,0.299,0.591,0.727,-0.271,0.85,0.707,0.44,-0.572,-0.682,0.266,0.779,0.451,0.62,-0.261,-0.587,0.331,0.862,0.805,0.084,0.843,0.758,0.702,-0.022,-0.423,-0.056,0.917,0.675,0.24,0.583,0.48,-0.084,0.63,0.33,-0.279,0.298,0.221,0.194,0.012,0.557,0.513,0.674,0.488,0.83,0.456,0.417,-0.406,0.726,0.871,0.901,0.845,0.849,0.833,-0.273,0.471,0.797,0.098,0.567,-0.526,0.731,0.687,0.856,0.564,0.277,0.826,0.718,0.904,0.281,-0.609,0.73,0.168,0.718,0.739,0.75,0.779,0.803,0.387,0.286,0.694,0.871,0.881,0.72,-0.446,0.8,0.555,-0.105,0.841,0.612,0.896,0.717,0.778,-0.505,-0.094,0.814,0.843,0.206,0.465,0.683,0.758,0.77,0.849,0.722,0.874,0.761,0.777,0.604,-0.377,-0.532,0.67,-0.256,0.611,-0.297,-0.139,0.772,0.878,0.615,0.88,-0.181,0.733,-0.577,0.905,-0.034,0.737,-0.025,0.708,0.944,0.945,0.469,0.856,0.653,0.842,-0.619,0.803,-0.179,0.862,-0.151,0.067,-0.046,-0.18,0.286,0.595,0.247,0.869,-0.397,0.236,0.395,0.201,0.758,0.655,0.719,0.472,-0.292,0.331,0.521,0.885,0.267,0.906,-0.035,-0.291,0.173,0.841,0.092,0.283,0.709,0.011,0.533,0.738,-0.377,0.77,0.887,0.774,-0.313,0.808,-0.229,-0.098,0.165,-0.009,0.652,0.215,0.546
AXON,-0.076,-0.176,0.006,-0.134,-0.08,0.14,-0.274,-0.164,0.213,0.199,-0.092,-0.168,0.149,-0.053,0.078,0.265,0.433,0.077,0.174,0.0,-0.212,-0.001,-0.021,-0.086,-0.204,0.024,0.325,-0.333,-0.213,-0.112,-0.245,0.161,0.293,-0.094,-0.307,0.308,0.099,-0.084,0.229,-0.309,0.174,0.2,0.265,-0.222,0.01,0.308,0.056,0.322,0.362,0.455,0.372,-0.186,0.361,-0.384,-0.309,-0.417,-0.343,-0.237,-0.201,-0.099,-0.142,0.216,-0.073,-0.058,-0.124,-0.217,-0.243,0.031,-0.02,0.014,0.051,0.011,0.337,0.205,-0.189,0.157,0.237,0.289,0.161,-0.113,-0.012,0.166,0.308,-0.234,0.111,0.225,0.021,-0.253,-0.081,0.137,-0.342,0.239,0.131,0.094,-0.201,0.156,-0.047,-0.273,0.275,-0.104,0.087,-0.111,-0.124,-0.141,-0.031,0.156,0.088,0.272,0.006,0.197,0.075,-0.143,-0.286,-0.1,-0.118,-0.071,0.307,-0.078,-0.064,0.425,0.082,0.275,-0.06,0.2,0.178,-0.077,-0.403,-0.015,0.282,-0.034,-0.109,0.2,-0.185,0.21,0.04,0.303,0.129,-0.386,0.169,0.173,0.171,-0.172,-0.045,-0.05,0.183,0.057,0.098,-0.34,0.257,0.001,0.127,-0.144,-0.137,-0.348,0.276,-0.184,-0.151,0.348,0.374,-0.158,0.339,0.203,0.145,-0.055,-0.361,0.294,-0.277,0.242,-0.199,0.067,0.01,-0.111,-0.333,-0.164,0.17,0.505,0.223,0.124,-0.171,0.393,0.183,-0.321,-0.086,0.28,-0.193,-0.101,-0.075,0.256,0.067,0.062,-0.111,-0.307,-0.071,-0.132,0.167,0.47,-0.304,0.184,0.131,0.305
BANF,0.496,0.529,0.52,0.26,0.581,0.46,0.579,0.524,-0.254,-0.262,0.703,0.744,-0.198,0.595,-0.111,0.215,0.15,0.011,0.437,-0.212,0.0,0.194,0.147,0.215,0.12,0.351,-0.067,0.468,0.07,-0.008,0.531,0.159,-0.255,-0.037,0.45,-0.372,0.235,0.472,0.136,0.263,0.071,-0.001,-0.103,0.515,0.256,-0.4,0.448,-0.252,-0.469,-0.118,-0.269,0.439,0.001,0.747,0.367,0.452,0.877,0.824,0.552,0.761,0.167,0.314,0.587,0.376,0.138,0.804,0.321,0.525,0.565,0.394,0.415,0.351,0.357,0.29,0.914,0.111,-0.317,-0.108,-0.361,0.473,0.21,0.413,0.247,0.634,0.268,-0.027,0.634,0.543,-0.291,0.219,0.767,0.044,0.206,0.044,0.6,0.365,0.588,0.672,-0.065,0.541,0.251,0.234,0.314,0.652,0.255,-0.534,0.125,-0.153,0.524,0.117,0.125,0.057,0.406,0.655,0.578,0.639,-0.182,0.387,0.201,0.166,0.151,0.231,0.558,0.008,0.062,0.671,0.283,0.196,-0.008,0.339,0.192,-0.199,0.506,0.001,0.321,-0.187,0.407,0.473,-0.042,-0.338,0.264,0.648,0.511,-0.31,0.051,0.523,0.381,0.684,0.296,0.562,0.242,0.154,0.715,0.468,0.164,0.038,0.61,-0.248,-0.25,0.717,-0.061,-0.279,0.309,0.018,0.432,-0.241,0.575,0.088,0.912,-0.077,-0.092,0.406,0.459,0.882,0.311,-0.13,0.149,0.281,0.385,-0.341,0.069,0.614,0.646,-0.054,0.758,0.229,0.748,-0.524,0.618,0.231,0.702,0.085,0.303,0.569,-0.38,-0.268,0.709,-0.061,-0.371,-0.316
BATRK,0.176,0.514,-0.281,-0.199,0.312,0.067,0.21,0.368,0.291,0.42,0.107,0.17,0.221,0.095,0.272,-0.041,0.274,0.407,0.299,-0.001,0.194,0.0,0.508,0.268,0.31,0.054,0.009,0.335,-0.09,0.062,-0.316,-0.02,0.3,0.216,0.055,-0.152,-0.179,0.149,0.211,0.553,0.478,0.205,0.226,0.198,0.004,0.357,0.127,0.224,0.269,0.33,0.197,-0.094,0.136,-0.035,0.184,0.416,0.027,0.262,0.109,0.371,0.458,-0.182,-0.126,0.203,0.634,0.013,0.013,-0.113,0.24,0.141,0.209,0.083,0.123,0.07,0.001,0.095,0.126,0.046,-0.123,-0.209,0.376,0.424,0.106,0.043,0.315,0.335,0.144,0.297,0.192,0.203,-0.06,0.087,0.198,0.228,0.133,-0.005,0.411,0.124,0.19,0.066,0.161,0.123,-0.175,0.351,0.452,0.536,0.425,0.213,0.204,0.179,0.453,-0.467,0.073,0.209,0.374,-0.073,0.253,0.325,0.416,0.03,0.333,0.276,0.324,0.382,0.496,0.467,0.175,0.102,0.004,0.436,0.313,0.414,0.122,0.341,0.16,0.247,0.232,0.086,0.138,0.177,0.255,-0.169,0.195,0.414,0.012,0.327,0.184,0.19,0.115,-0.193,0.395,-0.319,0.375,0.032,0.219,0.352,0.002,-0.008,-0.03,0.446,-0.043,0.363,0.409,0.33,0.519,0.199,0.082,0.187,0.209,0.389,0.312,-0.031,0.329,0.277,0.234,-0.019,0.176,-0.159,-0.11,0.391,0.351,0.091,0.232,0.409,0.128,0.6,0.254,-0.209,0.376,0.305,0.256,-0.045,0.258,-0.003,-0.076,0.238,0.036,0.228,0.132,0.344
BIDU,0.723,0.566,-0.235,-0.458,0.286,0.407,0.095,0.714,0.563,0.712,0.461,-0.186,0.579,-0.088,0.625,0.371,0.492,0.757,0.591,-0.021,0.147,0.508,0.0,0.862,-0.094,0.591,0.483,0.504,-0.53,-0.582,-0.116,0.489,0.56,0.736,-0.137,-0.36,0.078,0.665,0.687,0.328,0.746,0.633,0.617,-0.1,-0.497,-0.132,0.588,0.565,0.396,0.485,0.475,-0.462,0.323,0.042,-0.239,0.343,0.04,0.012,-0.189,0.311,0.865,0.235,-0.058,0.771,0.763,0.105,-0.398,0.212,0.507,0.613,0.668,0.655,0.327,-0.513,0.061,0.624,0.082,0.405,-0.682,0.383,0.918,0.593,0.292,0.035,0.711,0.719,0.45,0.074,-0.303,0.592,-0.124,0.507,0.622,0.767,0.535,0.444,0.466,0.175,0.536,0.559,0.625,0.701,-0.553,0.577,0.554,0.312,0.83,0.614,0.643,0.476,0.828,-0.519,-0.237,0.626,0.585,-0.282,0.426,0.43,0.708,0.285,0.824,0.528,0.721,0.745,0.807,0.316,-0.162,-0.473,0.454,-0.153,0.751,-0.153,-0.361,0.675,0.687,0.539,0.656,0.009,0.639,-0.289,0.649,-0.387,0.393,0.342,0.558,0.658,0.632,0.55,0.434,0.192,0.744,-0.719,0.589,-0.238,0.493,-0.002,-0.101,-0.1,-0.424,0.207,0.439,0.378,0.698,-0.213,0.511,0.481,0.004,0.657,0.335,0.732,0.688,-0.46,0.574,0.239,0.646,-0.226,0.563,-0.625,-0.517,0.224,0.756,-0.122,0.086,0.825,-0.201,0.672,0.495,-0.333,0.442,0.749,0.525,-0.208,0.832,-0.431,0.057,0.014,-0.112,0.62,0.452,0.607
BLNE,0.884,0.54,-0.125,-0.584,0.272,0.605,-0.009,0.785,0.663,0.733,0.51,-0.236,0.714,-0.168,0.749,0.636,0.545,0.751,0.727,-0.086,0.215,0.268,0.862,0.0,-0.387,0.824,0.684,0.422,-0.725,-0.809,0.015,0.75,0.586,0.851,-0.298,-0.506,0.27,0.824,0.836,0.075,0.758,0.796,0.752,-0.251,-0.704,-0.281,0.771,0.629,0.371,0.432,0.579,-0.475,0.439,0.176,-0.439,0.357,0.049,-0.08,-0.318,0.284,0.822,0.485,0.09,0.88,0.605,0.255,-0.596,0.403,0.657,0.805,0.838,0.857,0.482,-0.661,0.174,0.82,0.128,0.619,-0.785,0.676,0.943,0.55,0.46,-0.025,0.838,0.805,0.637,-0.026,-0.48,0.742,0.01,0.733,0.749,0.917,0.666,0.666,0.311,0.12,0.691,0.757,0.831,0.903,-0.714,0.598,0.419,0.013,0.887,0.707,0.77,0.501,0.851,-0.572,-0.377,0.77,0.657,-0.288,0.538,0.495,0.711,0.433,0.921,0.633,0.803,0.836,0.842,0.226,-0.366,-0.732,0.667,-0.475,0.746,-0.507,-0.493,0.751,0.874,0.67,0.817,-0.07,0.813,-0.566,0.809,-0.4,0.485,0.326,0.786,0.755,0.819,0.588,0.556,0.386,0.848,-0.833,0.659,-0.366,0.651,-0.235,-0.104,-0.041,-0.551,0.215,0.621,0.358,0.78,-0.495,0.318,0.573,-0.051,0.819,0.433,0.79,0.73,-0.618,0.428,0.228,0.78,-0.132,0.741,-0.582,-0.607,0.166,0.85,-0.194,-0.036,0.843,-0.295,0.549,0.535,-0.427,0.576,0.893,0.565,-0.163,0.916,-0.487,0.199,-0.033,-0.174,0.769,0.561,0.649
BLNK,-0.294,0.331,0.189,0.473,0.361,-0.354,0.675,0.019,-0.566,-0.455,0.033,0.522,-0.629,0.488,-0.613,-0.681,-0.399,-0.383,-0.271,-0.204,0.12,0.31,-0.094,-0.387,0.0,-0.596,-0.716,0.525,0.792,0.691,0.209,-0.742,-0.47,-0.348,0.646,0.017,-0.182,-0.249,-0.547,0.763,-0.172,-0.614,-0.607,0.737,0.642,0.383,-0.391,-0.397,-0.522,-0.231,-0.734,0.585,-0.429,0.281,0.808,0.176,0.328,0.538,0.712,0.222,-0.061,-0.58,0.161,-0.141,0.33,-0.065,0.809,-0.106,-0.114,-0.365,-0.54,-0.428,-0.324,0.287,0.05,-0.665,-0.281,-0.81,0.292,-0.387,-0.359,-0.031,-0.613,0.497,-0.455,-0.47,-0.294,0.65,0.36,-0.52,0.157,-0.758,-0.538,-0.549,0.004,-0.614,0.482,0.537,-0.638,-0.233,-0.513,-0.491,0.689,0.143,0.427,0.33,-0.286,-0.625,-0.336,-0.157,-0.181,0.243,0.789,-0.199,0.009,0.444,-0.633,0.125,0.086,-0.518,-0.389,-0.562,-0.154,-0.503,-0.373,0.412,0.789,0.713,-0.777,0.751,0.093,0.73,0.626,-0.421,-0.507,-0.676,-0.48,0.414,-0.63,0.452,-0.51,0.43,-0.033,-0.252,-0.764,-0.183,-0.419,0.0,-0.426,-0.263,-0.446,0.573,0.009,0.752,-0.524,0.828,0.149,-0.494,0.137,0.056,-0.8,-0.343,-0.303,0.811,0.607,-0.696,0.615,-0.652,0.047,-0.26,-0.305,0.618,0.586,0.221,-0.386,-0.495,-0.509,0.317,0.68,-0.243,-0.48,0.69,0.493,-0.411,0.555,0.339,-0.008,-0.03,-0.343,-0.412,0.086,0.253,-0.228,0.293,-0.605,-0.27,0.482,-0.674,-0.591,-0.537
BTAI,0.864,0.406,0.101,-0.376,0.355,0.835,-0.018,0.705,0.503,0.563,0.565,-0.061,0.616,0.039,0.621,0.887,0.721,0.595,0.85,0.024,0.351,0.054,0.591,0.824,-0.596,0.0,0.795,0.255,-0.762,-0.85,0.187,0.922,0.508,0.698,-0.369,-0.579,0.288,0.883,0.833,-0.177,0.703,0.83,0.746,-0.266,-0.648,-0.369,0.911,0.628,0.317,0.429,0.598,-0.291,0.52,0.234,-0.502,0.262,0.141,-0.022,-0.259,0.393,0.534,0.772,0.311,0.784,0.237,0.417,-0.604,0.649,0.729,0.887,0.936,0.908,0.713,-0.427,0.414,0.918,0.071,0.714,-0.657,0.824,0.776,0.664,0.587,0.102,0.834,0.714,0.854,-0.001,-0.69,0.792,0.158,0.832,0.778,0.833,0.705,0.884,0.118,0.088,0.773,0.861,0.898,0.852,-0.623,0.638,0.247,-0.283,0.802,0.71,0.904,0.615,0.675,-0.416,-0.358,0.808,0.675,-0.011,0.545,0.467,0.586,0.681,0.847,0.751,0.807,0.765,0.736,0.318,-0.519,-0.766,0.828,-0.566,0.511,-0.668,-0.368,0.735,0.924,0.685,0.882,-0.202,0.836,-0.694,0.911,-0.148,0.599,0.031,0.881,0.854,0.915,0.538,0.83,0.682,0.813,-0.718,0.679,-0.375,0.826,-0.446,0.059,0.056,-0.338,0.19,0.731,0.258,0.794,-0.709,0.053,0.533,-0.019,0.857,0.556,0.679,0.523,-0.443,0.162,0.371,0.832,0.239,0.883,-0.259,-0.492,0.059,0.84,-0.153,0.061,0.686,-0.194,0.316,0.651,-0.335,0.701,0.881,0.643,-0.287,0.807,-0.304,0.113,0.029,-0.104,0.774,0.375,0.579
BYND,0.617,0.121,-0.079,-0.63,0.05,0.702,-0.419,0.41,0.736,0.779,0.242,-0.442,0.814,-0.305,0.758,0.883,0.807,0.584,0.707,0.325,-0.067,0.009,0.483,0.684,-0.716,0.795,0.0,-0.127,-0.887,-0.875,-0.149,0.895,0.743,0.655,-0.733,-0.211,0.354,0.598,0.892,-0.493,0.697,0.924,0.929,-0.64,-0.698,-0.077,0.725,0.844,0.677,0.608,0.862,-0.615,0.786,-0.192,-0.824,-0.119,-0.328,-0.454,-0.62,0.014,0.379,0.719,0.025,0.628,0.206,0.058,-0.864,0.418,0.485,0.729,0.777,0.755,0.654,-0.437,-0.036,0.922,0.377,0.923,-0.399,0.583,0.645,0.485,0.691,-0.32,0.816,0.847,0.577,-0.402,-0.47,0.783,-0.298,0.94,0.803,0.864,0.335,0.81,-0.126,-0.366,0.915,0.575,0.831,0.702,-0.801,0.258,0.172,0.0,0.753,0.885,0.642,0.605,0.675,-0.574,-0.695,0.489,0.387,-0.374,0.793,0.279,0.417,0.83,0.795,0.794,0.556,0.868,0.781,-0.047,-0.864,-0.813,0.951,-0.693,0.368,-0.478,-0.689,0.829,0.819,0.917,0.783,-0.513,0.911,-0.478,0.862,-0.517,0.401,0.276,0.944,0.6,0.787,0.099,0.755,0.378,0.806,-0.835,0.315,-0.751,0.86,-0.556,-0.212,0.364,-0.061,-0.06,0.939,0.545,0.693,-0.707,-0.341,0.821,-0.417,0.907,0.128,0.691,0.566,-0.73,-0.169,-0.066,0.795,0.474,0.892,-0.33,-0.721,0.461,0.876,-0.561,-0.304,0.807,-0.567,0.158,0.256,-0.044,0.549,0.812,0.258,-0.414,0.617,-0.545,0.451,0.372,-0.52,0.892,0.675,0.825
CAN,0.54,0.803,0.25,0.123,0.687,0.345,0.76,0.758,-0.101,0.028,0.578,0.47,-0.106,0.531,-0.046,0.007,0.101,0.089,0.44,-0.333,0.468,0.335,0.504,0.422,0.525,0.255,-0.127,0.0,0.235,-0.022,0.469,0.013,-0.09,0.364,0.43,-0.518,0.079,0.556,0.113,0.77,0.436,0.069,-0.006,0.594,0.054,0.003,0.383,0.088,-0.358,0.057,-0.306,0.392,-0.056,0.631,0.489,0.536,0.58,0.594,0.551,0.591,0.528,0.016,0.494,0.603,0.605,0.312,0.34,0.457,0.586,0.427,0.261,0.365,0.232,-0.222,0.44,0.073,-0.216,-0.272,-0.382,0.388,0.376,0.514,-0.213,0.635,0.239,0.142,0.414,0.728,-0.173,0.144,0.436,-0.094,0.139,0.202,0.712,0.07,0.687,0.748,-0.059,0.566,0.265,0.347,0.162,0.747,0.734,0.057,0.433,-0.066,0.435,0.3,0.454,-0.169,0.572,0.532,0.647,0.428,-0.256,0.65,0.694,-0.069,0.378,-0.017,0.596,0.121,0.233,0.699,0.483,0.031,-0.177,0.281,0.657,0.149,0.357,0.195,0.318,-0.164,0.264,0.402,0.08,-0.224,0.221,0.303,0.513,-0.144,-0.051,0.549,0.378,0.554,0.171,0.283,0.236,-0.044,0.667,0.548,0.082,0.563,0.123,-0.544,-0.377,0.284,-0.229,-0.148,0.407,0.279,0.834,-0.311,0.769,0.044,0.601,0.378,0.25,0.192,0.894,0.591,0.314,-0.49,0.195,-0.017,0.288,-0.253,0.2,0.663,0.539,0.169,0.449,0.731,0.589,-0.479,0.236,0.381,0.67,0.172,0.553,0.018,-0.501,-0.313,0.439,-0.071,-0.25,-0.072
CCEC,-0.582,-0.004,0.266,0.679,0.115,-0.516,0.546,-0.316,-0.77,-0.772,-0.139,0.516,-0.857,0.454,-0.826,-0.803,-0.635,-0.738,-0.572,-0.213,0.07,-0.09,-0.53,-0.725,0.792,-0.762,-0.887,0.235,0.0,0.866,0.327,-0.86,-0.758,-0.649,0.681,0.185,-0.258,-0.534,-0.842,0.5,-0.582,-0.871,-0.867,0.66,0.781,0.217,-0.616,-0.712,-0.709,-0.524,-0.894,0.714,-0.589,0.284,0.823,-0.018,0.364,0.479,0.713,0.031,-0.439,-0.642,0.162,-0.525,-0.181,-0.079,0.884,-0.256,-0.346,-0.607,-0.759,-0.694,-0.501,0.448,0.068,-0.889,-0.329,-0.916,0.504,-0.474,-0.732,-0.342,-0.667,0.464,-0.767,-0.804,-0.473,0.509,0.427,-0.76,0.273,-0.913,-0.734,-0.847,-0.223,-0.721,0.182,0.425,-0.872,-0.473,-0.74,-0.711,0.872,-0.158,0.058,0.019,-0.692,-0.873,-0.584,-0.411,-0.606,0.53,0.804,-0.466,-0.266,0.514,-0.828,-0.072,-0.276,-0.631,-0.737,-0.784,-0.47,-0.844,-0.776,0.16,0.806,0.833,-0.916,0.706,-0.295,0.605,0.734,-0.737,-0.73,-0.902,-0.742,0.433,-0.854,0.427,-0.794,0.592,-0.179,-0.369,-0.926,-0.499,-0.674,-0.166,-0.625,-0.3,-0.761,0.88,-0.235,0.814,-0.741,0.632,0.186,-0.429,0.172,-0.037,-0.867,-0.526,-0.638,0.752,0.306,-0.859,0.59,-0.916,-0.081,-0.621,-0.606,0.753,0.228,0.109,-0.692,-0.405,-0.752,0.455,0.857,-0.406,-0.831,0.673,0.372,-0.791,0.622,-0.113,-0.232,0.063,-0.531,-0.742,-0.183,0.325,-0.579,0.513,-0.518,-0.267,0.514,-0.92,-0.743,-0.799
CDW,-0.733,-0.189,0.057,0.634,-0.104,-0.668,0.316,-0.513,-0.658,-0.709,-0.362,0.407,-0.767,0.299,-0.765,-0.843,-0.647,-0.625,-0.682,-0.112,-0.008,0.062,-0.582,-0.809,0.691,-0.85,-0.875,-0.022,0.866,0.0,0.024,-0.913,-0.619,-0.736,0.625,0.391,-0.337,-0.704,-0.862,0.385,-0.65,-0.876,-0.855,0.575,0.78,0.287,-0.743,-0.701,-0.503,-0.455,-0.744,0.569,-0.624,0.018,0.726,-0.087,0.192,0.378,0.557,-0.061,-0.527,-0.696,-0.104,-0.707,-0.221,-0.172,0.8,-0.447,-0.531,-0.777,-0.814,-0.833,-0.547,0.602,-0.06,-0.913,-0.212,-0.835,0.575,-0.679,-0.764,-0.439,-0.607,0.228,-0.806,-0.771,-0.604,0.332,0.544,-0.744,0.167,-0.889,-0.795,-0.881,-0.48,-0.774,0.059,0.217,-0.822,-0.669,-0.845,-0.828,0.797,-0.371,-0.16,0.15,-0.767,-0.801,-0.692,-0.497,-0.701,0.487,0.616,-0.609,-0.482,0.344,-0.653,-0.331,-0.468,-0.67,-0.835,-0.699,-0.62,-0.821,-0.755,0.017,0.725,0.864,-0.872,0.739,-0.45,0.636,0.68,-0.747,-0.861,-0.811,-0.801,0.323,-0.883,0.633,-0.843,0.48,-0.386,-0.214,-0.929,-0.631,-0.814,-0.322,-0.68,-0.472,-0.783,0.822,-0.428,0.624,-0.76,0.555,0.15,-0.178,0.275,0.024,-0.839,-0.382,-0.674,0.776,0.181,-0.717,0.335,-0.882,-0.234,-0.692,-0.602,0.711,0.01,-0.02,-0.788,-0.256,-0.837,0.433,0.734,-0.228,-0.846,0.456,0.266,-0.779,0.509,-0.218,-0.371,0.222,-0.548,-0.839,-0.395,0.289,-0.724,0.533,-0.365,-0.09,0.418,-0.844,-0.63,-0.705
CDXS,0.251,0.431,0.748,0.345,0.567,0.405,0.681,0.367,-0.455,-0.427,0.605,0.563,-0.393,0.57,-0.336,0.09,0.031,-0.383,0.266,-0.245,0.531,-0.316,-0.116,0.015,0.209,0.187,-0.149,0.469,0.327,0.024,0.0,0.051,-0.615,0.012,0.383,-0.319,0.303,0.349,-0.048,0.195,-0.018,-0.171,-0.228,0.471,0.259,-0.289,0.362,-0.211,-0.743,-0.16,-0.52,0.602,-0.039,0.832,0.406,0.119,0.659,0.514,0.596,0.339,-0.046,0.242,0.83,0.284,-0.088,0.58,0.402,0.556,0.43,0.38,0.075,0.278,0.2,-0.058,0.638,-0.023,-0.216,-0.28,-0.186,0.539,-0.099,0.177,-0.118,0.703,-0.026,-0.237,0.396,0.533,-0.34,-0.091,0.554,-0.151,-0.026,-0.098,0.611,0.22,0.398,0.727,-0.309,0.441,0.205,0.179,0.459,0.522,0.216,-0.592,-0.019,-0.433,0.271,0.202,0.037,0.381,0.62,0.336,0.497,0.711,-0.508,0.429,0.246,0.042,0.006,-0.228,0.311,-0.273,-0.271,0.42,0.306,0.107,-0.166,0.038,0.217,-0.145,0.41,-0.138,0.173,-0.409,0.172,0.296,-0.147,-0.55,0.029,0.611,0.482,-0.52,-0.083,0.329,0.254,0.363,0.152,0.632,-0.054,0.345,0.389,0.618,0.027,0.234,0.331,-0.476,-0.076,0.093,-0.209,-0.597,-0.051,0.028,0.29,-0.533,0.719,-0.142,0.545,-0.07,-0.202,0.341,0.405,0.483,0.181,-0.252,0.091,0.479,0.502,-0.634,-0.104,0.66,0.515,-0.25,0.511,0.071,0.45,-0.362,0.099,0.086,0.551,0.252,0.252,0.236,-0.502,-0.499,0.457,-0.368,-0.463,-0.452
