,ABEO,ACHC,AGNCN,AKAM,AKRO,ALRM,AMAT,AMED,AMRN,ANGI,APA,APOG,APPS,ARCB,ARCC,ARVN,ATEC,ATXS,AVAV,AXON,BANF,BATRK,BIDU,BLNE,BLNK,BTAI,BYND,CAN,CCEC,CDW,CDXS,CELH,CGNX,CHKP,CHRS,CHRW,CIGI,CKPT,CMPR,COGT,CRNC,CRSP,CSTL,CTSH,CVGW,DGLY,DNLI,DOCU,DVAX,EBAY,EHTH,ERII,ESLT,EXPE,EXPO,FBIOP,FFBC,FFIN,FOXF,FWRD,GDS,GERN,GPRE,GRWG,GRYP,HEES,HELE,HIVE,HON,HRTX,HSTM,HURA,IART,IBKR,IBOC,IBRX,IDXX,INGN,INM,INVA,IQ,IRBT,KDP,KPTI,KTOS,KXIN,LAMR,LFUS,LGIH,LGMK,LKFN,LNW,LOPE,LPSN,LYFT,MGNX,MLCO,MNST,MODV,MSTR,MTCH,MYGN,MYRG,NCMI,NEXT,NFLX,NIU,NKTR,NRC,NTNX,NTRA,NVEE,NVMI,NWL,NWS,NXPI,OCGN,OCSL,OKTA,OLLI,OTLK,OXLC,PAA,PARA,PARAA,PDCO,PDFS,PFG,PGEN,PNFP,PODD,POWI,PSMT,PTC,PTEN,PVLA,RDNT,RDUS,RDWR,REGN,RNAC,ROCK,ROST,RRR,RSLS,RVMD,RYAAY,SAFT,SAGE,SAVA,SBGI,SFM,SFNC,SHYF,SIBN,SIFY,SIGI,SIMO,SITM,SLM,SNBR,SNDX,SNY,SPNS,SRRK,STRA,SUPN,SYRE,TCBK,TEAM,TECH,THRM,TLRY,TRMK,TROW,TSLA,TWST,TXN,UFPI,UNIT,UPWK,USLM,UTHR,VERB,VLY,VRNA,VRRM,VXRT,WAFD,WATT,WBA,WING,WIX,WTFC,WTW,XPEL,XRX,YMAB,ZG,ZLAB
ABEO,0.0,-0.063,0.568,0.72,0.666,-0.626,0.72,0.266,0.698,0.482,-0.293,0.613,0.794,0.575,0.778,-0.095,0.676,0.271,0.837,0.852,-0.153,0.188,0.684,0.7,0.307,-0.203,0.674,-0.6,0.113,0.46,0.695,0.52,-0.219,-0.122,0.469,-0.068,0.725,0.735,0.26,-0.311,0.76,-0.197,0.114,-0.267,0.518,-0.363,0.104,0.087,0.415,0.78,0.185,-0.43,0.59,-0.351,-0.244,0.697,0.171,0.425,0.528,-0.093,0.756,0.528,0.543,0.412,0.244,-0.449,0.604,-0.421,-0.593,-0.476,0.343,0.843,0.757,-0.162,0.178,0.713,-0.397,0.351,0.169,-0.316,0.615,0.591,0.437,-0.568,0.662,-0.409,0.027,0.029,0.639,-0.679,0.705,-0.296,-0.577,0.733,-0.219,0.662,-0.743,-0.615,0.649,0.504,-0.687,0.645,0.08,0.277,0.777,0.648,0.836,-0.115,0.864,0.702,0.42,0.521,0.25,0.842,0.403,-0.084,-0.354,0.511,0.62,0.341,0.429,0.699,-0.252,0.663,0.662,0.297,-0.086,0.241,-0.408,0.686,0.679,-0.082,-0.299,0.427,0.017,-0.045,-0.415,-0.745,0.511,0.701,0.651,0.355,-0.688,-0.356,0.666,0.519,-0.515,-0.56,-0.357,0.457,-0.187,0.66,0.352,0.673,0.77,0.526,-0.523,0.656,0.595,0.269,0.641,-0.452,0.251,0.734,0.743,-0.237,0.797,-0.377,-0.038,0.02,0.517,-0.336,0.74,-0.046,0.52,0.572,0.55,0.332,0.237,0.802,0.697,0.584,0.317,-0.021,0.128,0.704,0.753,0.305,-0.17,0.752,0.448,0.751,-0.035,-0.086,0.673,-0.438,-0.666,-0.705,0.265,0.74
ACHC,-0.063,0.0,-0.363,-0.282,-0.18,0.175,-0.099,0.062,0.146,0.077,0.138,-0.205,0.07,0.059,0.181,0.225,0.164,0.175,-0.196,-0.174,-0.008,0.386,-0.038,0.132,-0.428,0.313,-0.229,0.408,0.19,0.531,0.296,-0.23,0.511,-0.232,-0.584,-0.179,0.294,-0.084,-0.531,-0.053,-0.069,-0.067,0.548,0.456,0.147,-0.278,0.008,0.035,0.438,-0.076,-0.528,0.166,-0.187,0.334,0.063,0.173,0.285,-0.15,0.091,-0.113,0.213,0.497,0.304,0.354,0.164,0.177,-0.197,0.235,0.075,0.582,-0.087,-0.174,-0.281,0.427,-0.093,-0.049,0.639,0.294,0.431,0.125,0.081,-0.307,-0.37,0.052,-0.227,0.017,0.781,0.073,0.123,0.157,0.019,0.117,0.248,0.003,0.352,0.373,0.296,0.333,0.155,0.313,0.378,0.188,-0.122,-0.199,-0.146,0.096,0.011,0.307,0.076,0.251,0.201,-0.147,-0.014,0.015,0.148,0.571,0.647,0.319,0.425,-0.59,0.228,0.262,-0.08,-0.201,-0.192,-0.488,-0.065,-0.217,-0.102,-0.249,-0.11,-0.02,0.12,0.36,0.219,0.519,0.179,0.275,0.258,-0.338,0.194,0.035,0.481,0.093,-0.021,0.544,0.186,0.057,-0.053,0.508,-0.336,-0.388,-0.247,0.347,0.136,-0.336,-0.127,0.405,0.023,0.46,-0.093,0.12,-0.277,0.051,-0.108,0.182,-0.329,0.309,-0.03,0.845,0.581,0.142,0.062,-0.162,-0.29,0.053,0.206,0.431,0.443,-0.119,0.193,0.252,0.413,0.106,0.09,0.226,0.194,0.285,0.132,-0.221,-0.416,-0.064,0.755,0.002,0.102,0.203,0.517,0.148,0.476,-0.023
AGNCN,0.568,-0.363,0.0,0.312,0.55,-0.276,0.777,0.6,-0.016,-0.2,0.12,0.757,0.533,0.706,0.336,0.319,0.179,-0.262,0.7,0.505,0.422,-0.524,0.629,0.65,-0.023,-0.295,0.092,-0.485,0.208,0.083,0.475,0.865,0.05,-0.114,0.306,0.601,0.467,0.65,0.199,0.385,0.604,0.35,0.297,0.164,-0.083,-0.1,0.536,0.507,-0.325,0.303,0.703,0.125,0.243,0.081,0.387,0.169,0.488,0.711,0.37,0.568,0.54,-0.178,-0.002,0.318,-0.001,0.159,0.174,-0.157,-0.002,-0.622,0.742,0.48,0.764,0.217,0.675,0.192,-0.247,-0.344,-0.057,0.017,0.011,0.097,0.152,-0.336,0.813,0.168,-0.065,0.55,0.264,-0.504,0.345,0.26,-0.133,0.54,0.068,0.54,-0.385,-0.265,0.617,-0.105,-0.332,0.11,0.69,-0.276,0.796,0.523,0.422,-0.729,0.636,0.63,0.606,0.637,0.657,0.428,-0.169,0.083,-0.266,0.379,0.216,0.352,0.488,0.107,0.213,0.106,0.11,0.255,0.543,0.731,-0.042,0.657,0.819,0.466,0.221,-0.113,-0.077,0.168,0.096,-0.363,-0.016,0.852,-0.105,0.628,-0.412,0.224,0.456,0.131,0.009,0.044,0.268,-0.23,-0.146,0.228,0.71,0.252,0.489,0.441,0.076,0.293,0.633,-0.159,0.083,0.015,0.811,0.458,0.232,0.006,0.416,0.003,0.478,-0.248,0.344,0.286,0.234,0.543,0.322,0.464,0.549,0.373,0.448,0.692,0.056,0.612,0.264,0.303,0.474,0.247,0.432,-0.301,0.361,0.318,0.119,0.431,-0.438,0.434,0.518,-0.091,-0.689,-0.269,0.397,0.7
AKAM,0.72,-0.282,0.312,0.0,0.516,-0.766,0.407,-0.059,0.773,0.764,-0.702,0.3,0.606,0.278,0.796,-0.547,0.666,0.422,0.675,0.828,-0.581,0.472,0.419,0.37,0.462,-0.341,0.87,-0.67,-0.279,0.298,0.362,0.136,-0.646,0.154,0.755,-0.418,0.63,0.536,0.562,-0.656,0.646,-0.568,-0.353,-0.596,0.728,-0.403,-0.26,-0.341,0.513,0.836,0.11,-0.711,0.526,-0.777,-0.663,0.66,-0.342,0.161,0.272,-0.471,0.503,0.505,0.607,-0.09,0.076,-0.818,0.926,-0.701,-0.773,-0.485,-0.026,0.859,0.706,-0.621,-0.286,0.768,-0.579,0.518,-0.011,-0.533,0.793,0.9,0.802,-0.41,0.272,-0.497,-0.294,-0.467,0.712,-0.639,0.64,-0.711,-0.819,0.495,-0.683,0.307,-0.832,-0.825,0.37,0.428,-0.863,0.656,-0.329,0.645,0.53,0.632,0.752,0.134,0.615,0.371,-0.006,0.182,-0.215,0.689,0.728,-0.552,-0.554,0.124,0.371,0.492,0.035,0.687,-0.607,0.889,0.887,0.372,-0.491,-0.141,-0.248,0.514,0.354,-0.526,-0.691,0.508,-0.276,-0.525,-0.783,-0.844,0.414,0.467,0.694,-0.042,-0.867,-0.645,0.699,0.385,-0.827,-0.813,-0.731,0.448,-0.038,0.937,0.036,0.489,0.551,0.363,-0.633,0.426,0.216,0.145,0.813,-0.781,-0.092,0.748,0.641,-0.497,0.821,-0.79,-0.418,-0.165,0.166,-0.68,0.663,-0.458,0.567,0.347,0.222,-0.018,-0.133,0.647,0.625,0.275,-0.071,-0.475,-0.253,0.592,0.639,0.495,-0.555,0.783,0.624,0.84,-0.208,-0.508,0.641,-0.76,-0.739,-0.889,-0.223,0.495
AKRO,0.666,-0.18,0.55,0.516,0.0,-0.463,0.75,0.313,0.552,0.299,-0.219,0.682,0.696,0.491,0.621,-0.085,0.436,0.312,0.724,0.733,-0.106,0.002,0.825,0.591,0.301,-0.21,0.454,-0.774,0.342,0.55,0.605,0.561,-0.058,0.24,0.388,0.029,0.523,0.708,0.065,-0.19,0.539,0.084,0.212,-0.16,0.142,-0.38,0.381,0.344,0.3,0.693,0.136,-0.286,0.554,-0.312,-0.1,0.67,0.142,0.306,0.625,-0.066,0.782,0.344,0.537,0.368,0.512,-0.333,0.385,-0.414,-0.577,-0.618,0.397,0.641,0.685,-0.032,0.202,0.626,-0.029,0.186,0.254,-0.342,0.565,0.46,0.344,-0.671,0.551,-0.235,-0.193,0.181,0.254,-0.668,0.555,-0.203,-0.468,0.629,-0.245,0.373,-0.694,-0.379,0.612,0.359,-0.438,0.628,0.049,0.22,0.63,0.521,0.782,-0.041,0.719,0.605,0.539,0.542,0.474,0.73,0.102,0.026,-0.387,0.389,0.618,0.419,0.189,0.584,-0.102,0.524,0.528,0.336,-0.113,0.269,-0.398,0.579,0.707,0.177,-0.063,0.493,-0.082,-0.088,-0.323,-0.713,0.466,0.788,0.411,0.339,-0.576,-0.372,0.551,0.347,-0.466,-0.497,-0.082,0.228,-0.275,0.438,0.484,0.511,0.526,0.692,-0.416,0.501,0.736,0.293,0.565,-0.283,0.315,0.614,0.618,-0.233,0.737,-0.33,0.079,0.078,0.435,-0.195,0.567,0.051,0.559,0.68,0.622,0.521,0.122,0.649,0.561,0.621,0.355,0.112,0.124,0.576,0.4,0.256,-0.176,0.716,0.598,0.697,-0.007,-0.067,0.43,-0.151,-0.592,-0.574,0.423,0.753
ALRM,-0.626,0.175,-0.276,-0.766,-0.463,0.0,-0.429,0.167,-0.666,-0.586,0.605,-0.271,-0.611,-0.163,-0.742,0.236,-0.819,-0.579,-0.735,-0.793,0.535,-0.36,-0.431,-0.273,-0.148,0.485,-0.713,0.656,0.082,-0.264,-0.46,-0.151,0.474,0.171,-0.471,0.5,-0.64,-0.611,-0.208,0.616,-0.736,0.48,0.255,0.442,-0.733,0.376,0.446,0.288,-0.499,-0.631,0.127,0.673,-0.513,0.623,0.603,-0.673,0.287,0.004,-0.213,0.484,-0.506,-0.486,-0.414,0.06,-0.096,0.713,-0.747,0.626,0.743,0.52,0.178,-0.719,-0.602,0.576,0.286,-0.706,0.505,-0.224,0.033,0.483,-0.73,-0.639,-0.426,0.531,-0.325,0.616,0.044,0.4,-0.655,0.653,-0.438,0.707,0.741,-0.364,0.581,-0.373,0.793,0.858,-0.387,-0.552,0.726,-0.681,0.344,-0.418,-0.463,-0.619,-0.646,-0.043,-0.571,-0.379,-0.155,-0.132,0.187,-0.566,-0.667,0.456,0.433,-0.236,-0.426,-0.157,0.135,-0.649,0.539,-0.709,-0.716,-0.019,0.408,0.178,0.369,-0.298,-0.469,0.559,0.733,-0.445,0.136,0.487,0.667,0.804,-0.328,-0.371,-0.564,0.055,0.814,0.56,-0.679,-0.55,0.67,0.76,0.636,-0.425,0.301,-0.758,0.075,-0.377,-0.481,-0.229,0.746,-0.56,-0.23,-0.332,-0.732,0.672,-0.034,-0.653,-0.705,0.329,-0.632,0.7,0.386,0.078,-0.298,0.68,-0.718,0.501,-0.345,-0.04,-0.366,-0.03,0.184,-0.719,-0.473,-0.282,-0.17,0.473,0.412,-0.742,-0.488,-0.523,0.563,-0.529,-0.434,-0.671,0.3,0.443,-0.622,0.721,0.666,0.88,0.208,-0.586
AMAT,0.72,-0.099,0.777,0.407,0.75,-0.429,0.0,0.355,0.349,0.096,0.124,0.924,0.803,0.738,0.633,0.285,0.508,0.109,0.886,0.749,0.244,-0.248,0.892,0.78,0.126,-0.204,0.297,-0.693,0.517,0.543,0.762,0.839,0.178,-0.039,0.217,0.305,0.679,0.894,0.086,0.092,0.755,0.336,0.412,0.058,0.119,-0.293,0.45,0.61,0.122,0.599,0.31,-0.075,0.594,-0.032,0.19,0.621,0.466,0.649,0.779,0.278,0.783,0.226,0.393,0.58,0.423,-0.032,0.288,-0.228,-0.3,-0.682,0.67,0.585,0.814,0.218,0.557,0.58,-0.094,-0.072,0.134,-0.197,0.359,0.22,0.172,-0.717,0.879,-0.142,0.092,0.518,0.279,-0.647,0.616,0.116,-0.278,0.72,0.09,0.584,-0.663,-0.355,0.812,0.337,-0.291,0.567,0.41,-0.138,0.767,0.614,0.762,-0.383,0.846,0.759,0.816,0.82,0.726,0.723,0.023,0.291,-0.256,0.563,0.675,0.313,0.345,0.431,0.199,0.354,0.362,0.28,0.299,0.666,-0.354,0.717,0.924,0.417,0.07,0.318,0.182,0.054,0.009,-0.619,0.476,0.896,0.237,0.701,-0.499,-0.061,0.576,0.422,-0.162,-0.256,0.154,0.115,-0.272,0.304,0.729,0.583,0.564,0.626,-0.197,0.626,0.897,0.342,0.437,-0.075,0.641,0.624,0.591,-0.049,0.644,-0.129,0.426,0.055,0.621,0.098,0.6,0.349,0.576,0.636,0.849,0.712,0.411,0.846,0.469,0.824,0.524,0.307,0.405,0.631,0.541,0.096,0.158,0.552,0.4,0.622,-0.135,0.344,0.627,-0.064,-0.631,-0.49,0.599,0.927
AMED,0.266,0.062,0.6,-0.059,0.313,0.167,0.355,0.0,-0.175,-0.428,0.089,0.297,0.159,0.622,0.065,0.227,-0.235,-0.34,0.194,0.032,0.464,-0.421,0.232,0.503,-0.313,-0.153,-0.192,0.029,0.002,-0.009,0.176,0.448,0.218,0.021,0.083,0.677,0.258,0.158,-0.144,0.48,0.172,0.246,0.428,0.486,-0.288,-0.183,0.707,0.346,-0.347,-0.024,0.561,0.474,-0.369,0.275,0.494,-0.165,0.594,0.447,0.011,0.594,0.42,-0.264,-0.064,0.18,-0.317,0.414,-0.109,0.016,0.217,-0.134,0.627,0.248,0.363,0.41,0.588,-0.256,0.186,-0.131,0.023,0.193,-0.234,-0.15,-0.095,0.171,0.322,0.502,0.09,0.464,0.223,-0.154,0.087,0.399,0.106,0.198,0.136,0.509,0.141,0.137,0.381,-0.359,-0.093,-0.231,0.667,-0.379,0.622,0.345,0.113,-0.455,0.323,0.495,0.327,0.228,0.48,0.076,-0.374,0.215,0.043,0.162,0.003,0.064,0.543,-0.024,0.054,-0.263,-0.264,-0.092,0.47,0.438,0.27,0.365,0.419,0.5,0.46,-0.135,-0.332,0.582,0.161,0.155,-0.297,0.509,-0.283,0.44,0.068,0.401,0.222,0.075,0.107,0.315,0.33,-0.327,-0.209,-0.141,0.474,0.092,0.398,0.137,0.3,0.081,0.36,-0.402,-0.299,0.122,0.573,0.217,-0.188,0.048,0.003,0.224,0.421,0.101,0.285,0.458,-0.292,0.567,-0.117,0.371,0.201,0.338,0.656,0.19,-0.144,0.458,0.272,0.235,0.598,-0.066,0.149,-0.311,0.511,0.071,-0.322,0.221,-0.075,0.336,0.18,0.038,-0.298,0.123,0.471,0.278
AMRN,0.698,0.146,-0.016,0.773,0.552,-0.666,0.349,-0.175,0.0,0.877,-0.634,0.206,0.667,0.177,0.821,-0.522,0.78,0.684,0.556,0.78,-0.695,0.7,0.455,0.372,0.43,-0.068,0.852,-0.54,-0.031,0.65,0.511,-0.051,-0.397,0.144,0.461,-0.659,0.614,0.464,0.198,-0.828,0.527,-0.535,-0.157,-0.556,0.743,-0.538,-0.256,-0.289,0.863,0.85,-0.36,-0.76,0.569,-0.7,-0.756,0.864,-0.311,-0.069,0.415,-0.708,0.634,0.831,0.856,0.111,0.407,-0.838,0.776,-0.536,-0.911,-0.249,-0.2,0.733,0.434,-0.455,-0.441,0.875,-0.223,0.758,0.29,-0.603,0.923,0.802,0.552,-0.556,0.149,-0.622,-0.037,-0.478,0.61,-0.533,0.667,-0.717,-0.771,0.529,-0.542,0.306,-0.778,-0.637,0.412,0.761,-0.636,0.832,-0.584,0.66,0.339,0.482,0.828,0.525,0.596,0.416,0.069,0.176,-0.231,0.781,0.684,-0.235,-0.326,0.308,0.691,0.262,-0.012,0.923,-0.603,0.881,0.883,0.266,-0.691,-0.362,-0.524,0.33,0.261,-0.502,-0.638,0.794,-0.076,-0.381,-0.752,-0.803,0.732,0.291,0.93,-0.136,-0.665,-0.757,0.566,0.577,-0.823,-0.912,-0.728,0.763,-0.183,0.752,-0.115,0.694,0.617,0.334,-0.827,0.633,0.281,0.502,0.891,-0.724,-0.374,0.665,0.805,-0.433,0.751,-0.653,-0.534,0.273,0.383,-0.778,0.784,-0.619,0.466,0.451,0.295,0.218,-0.118,0.494,0.889,0.264,0.121,-0.34,-0.327,0.729,0.591,0.77,-0.679,0.806,0.619,0.781,0.243,-0.613,0.491,-0.511,-0.387,-0.836,0.016,0.449
ANGI,0.482,0.077,-0.2,0.764,0.299,-0.586,0.096,-0.428,0.877,0.0,-0.662,0.016,0.5,-0.07,0.688,-0.677,0.692,0.571,0.341,0.622,-0.767,0.794,0.198,0.138,0.559,-0.063,0.8,-0.426,-0.233,0.504,0.266,-0.275,-0.54,0.183,0.45,-0.755,0.452,0.277,0.406,-0.879,0.347,-0.684,-0.327,-0.69,0.794,-0.376,-0.479,-0.466,0.784,0.742,-0.343,-0.862,0.536,-0.736,-0.859,0.715,-0.51,-0.14,0.283,-0.774,0.356,0.736,0.764,-0.034,0.313,-0.88,0.779,-0.555,-0.825,-0.106,-0.378,0.587,0.274,-0.596,-0.585,0.776,-0.328,0.786,0.099,-0.635,0.876,0.831,0.614,-0.417,-0.054,-0.643,-0.106,-0.622,0.564,-0.395,0.562,-0.784,-0.724,0.299,-0.565,0.101,-0.663,-0.624,0.152,0.639,-0.611,0.704,-0.686,0.748,0.088,0.361,0.647,0.529,0.375,0.199,-0.206,-0.01,-0.459,0.648,0.82,-0.402,-0.289,0.139,0.491,0.301,-0.121,0.798,-0.654,0.878,0.878,0.329,-0.778,-0.496,-0.396,0.255,0.0,-0.657,-0.717,0.698,-0.107,-0.547,-0.759,-0.708,0.661,0.049,0.89,-0.362,-0.589,-0.699,0.469,0.384,-0.778,-0.885,-0.819,0.779,0.011,0.768,-0.274,0.606,0.439,0.227,-0.768,0.447,0.018,0.43,0.863,-0.78,-0.583,0.57,0.636,-0.47,0.637,-0.703,-0.644,0.159,0.176,-0.82,0.698,-0.726,0.441,0.233,0.057,-0.048,-0.266,0.294,0.799,0.015,-0.175,-0.455,-0.438,0.571,0.544,0.698,-0.716,0.707,0.618,0.654,0.224,-0.708,0.365,-0.486,-0.27,-0.754,-0.228,0.187
APA,-0.293,0.138,0.12,-0.702,-0.219,0.605,0.124,0.089,-0.634,-0.662,0.0,0.276,-0.235,0.104,-0.49,0.777,-0.418,-0.497,-0.214,-0.433,0.839,-0.607,0.046,0.04,-0.201,0.436,-0.694,0.301,0.598,-0.083,0.065,0.427,0.749,-0.245,-0.635,0.62,-0.344,-0.027,-0.347,0.79,-0.235,0.809,0.549,0.546,-0.627,0.49,0.401,0.713,-0.487,-0.427,0.129,0.678,-0.0,0.838,0.842,-0.374,0.638,0.367,0.242,0.72,-0.235,-0.368,-0.456,0.524,0.218,0.819,-0.773,0.708,0.738,0.115,0.521,-0.608,-0.265,0.784,0.687,-0.407,0.343,-0.577,0.081,0.576,-0.678,-0.76,-0.583,0.062,0.301,0.361,0.298,0.826,-0.638,0.308,-0.187,0.877,0.792,0.013,0.898,-0.051,0.471,0.68,-0.001,-0.251,0.739,-0.379,0.614,-0.604,-0.184,-0.417,-0.391,-0.403,-0.108,-0.075,0.439,0.356,0.632,-0.242,-0.64,0.734,0.434,0.269,-0.064,-0.183,0.219,-0.564,0.936,-0.643,-0.642,-0.067,0.772,0.632,0.035,-0.053,0.106,0.772,0.766,-0.503,0.668,0.51,0.942,0.522,-0.072,-0.011,-0.534,0.568,0.611,0.619,-0.51,-0.247,0.865,0.767,0.842,-0.333,0.109,-0.722,0.446,-0.158,-0.32,-0.014,0.631,-0.111,0.281,0.053,-0.603,0.882,0.482,-0.493,-0.323,0.561,-0.434,0.829,0.791,0.013,0.147,0.821,-0.247,0.743,-0.136,0.048,0.214,0.292,0.328,-0.136,-0.343,0.161,0.3,0.739,0.56,-0.278,-0.241,-0.536,0.748,-0.51,-0.293,-0.605,0.105,0.879,-0.263,0.772,0.454,0.699,0.479,-0.007
APOG,0.613,-0.205,0.757,0.3,0.682,-0.271,0.924,0.297,0.206,0.016,0.276,0.0,0.724,0.695,0.457,0.312,0.376,-0.01,0.787,0.664,0.389,-0.393,0.833,0.712,0.201,-0.145,0.212,-0.672,0.552,0.416,0.632,0.849,0.192,-0.028,0.211,0.409,0.496,0.833,0.162,0.215,0.622,0.435,0.36,0.042,-0.002,-0.101,0.489,0.693,-0.028,0.531,0.384,-0.028,0.621,0.033,0.305,0.493,0.488,0.743,0.795,0.393,0.625,0.066,0.282,0.57,0.442,0.079,0.185,-0.151,-0.18,-0.72,0.759,0.478,0.727,0.253,0.655,0.488,-0.157,-0.156,0.064,-0.159,0.227,0.162,0.164,-0.691,0.877,-0.125,-0.009,0.605,0.131,-0.556,0.572,0.238,-0.198,0.649,0.192,0.45,-0.597,-0.284,0.731,0.216,-0.19,0.439,0.49,-0.155,0.679,0.47,0.645,-0.445,0.754,0.633,0.771,0.857,0.745,0.661,-0.105,0.292,-0.283,0.479,0.559,0.418,0.299,0.291,0.379,0.285,0.294,0.388,0.378,0.747,-0.255,0.775,0.86,0.513,0.2,0.169,0.287,0.033,0.154,-0.531,0.426,0.882,0.126,0.741,-0.42,0.043,0.463,0.225,-0.046,-0.115,0.312,-0.004,-0.134,0.248,0.832,0.499,0.438,0.653,-0.014,0.468,0.861,0.27,0.355,0.059,0.654,0.512,0.518,-0.06,0.612,-0.049,0.544,-0.083,0.482,0.217,0.51,0.49,0.594,0.592,0.761,0.602,0.348,0.753,0.393,0.734,0.409,0.444,0.514,0.495,0.455,-0.056,0.256,0.505,0.442,0.488,-0.214,0.479,0.483,0.073,-0.581,-0.357,0.561,0.838
APPS,0.794,0.07,0.533,0.606,0.696,-0.611,0.803,0.159,0.667,0.5,-0.235,0.724,0.0,0.617,0.825,-0.059,0.783,0.39,0.869,0.893,-0.157,0.14,0.814,0.74,0.184,-0.275,0.568,-0.655,0.268,0.679,0.741,0.489,-0.077,-0.083,0.313,-0.081,0.83,0.875,0.191,-0.319,0.806,-0.085,0.223,-0.161,0.463,-0.549,0.175,0.285,0.441,0.739,0.088,-0.429,0.61,-0.348,-0.237,0.805,0.165,0.448,0.697,-0.127,0.83,0.512,0.672,0.377,0.404,-0.371,0.587,-0.416,-0.612,-0.544,0.316,0.762,0.751,-0.09,0.189,0.757,-0.179,0.285,0.173,-0.526,0.702,0.508,0.292,-0.728,0.681,-0.375,0.151,0.141,0.589,-0.663,0.666,-0.257,-0.607,0.705,-0.146,0.63,-0.783,-0.612,0.781,0.569,-0.521,0.73,0.071,0.117,0.68,0.778,0.9,-0.098,0.824,0.837,0.56,0.617,0.313,0.864,0.364,0.075,-0.286,0.491,0.806,0.236,0.238,0.766,-0.218,0.618,0.627,0.273,-0.102,0.264,-0.349,0.682,0.788,0.016,-0.226,0.6,0.05,-0.133,-0.35,-0.781,0.647,0.723,0.564,0.343,-0.648,-0.248,0.782,0.593,-0.479,-0.606,-0.244,0.452,-0.354,0.545,0.416,0.805,0.755,0.462,-0.531,0.782,0.677,0.449,0.724,-0.48,0.223,0.854,0.742,-0.371,0.725,-0.426,0.012,0.239,0.608,-0.279,0.76,-0.072,0.545,0.571,0.698,0.533,0.315,0.8,0.719,0.652,0.297,0.062,0.151,0.782,0.731,0.387,-0.212,0.738,0.457,0.814,-0.005,-0.065,0.689,-0.281,-0.646,-0.75,0.448,0.824
ARCB,0.575,0.059,0.706,0.278,0.491,-0.163,0.738,0.622,0.177,-0.07,0.104,0.695,0.617,0.0,0.465,0.2,0.254,-0.075,0.626,0.489,0.342,-0.263,0.633,0.678,-0.045,-0.084,0.198,-0.294,0.239,0.338,0.529,0.653,0.225,-0.102,0.278,0.496,0.612,0.616,0.119,0.205,0.561,0.263,0.41,0.313,0.032,-0.337,0.594,0.439,-0.045,0.374,0.463,0.188,0.156,0.07,0.312,0.311,0.55,0.676,0.487,0.436,0.586,0.069,0.315,0.349,0.052,0.166,0.23,-0.082,-0.047,-0.42,0.738,0.54,0.712,0.261,0.633,0.299,-0.059,0.01,0.166,-0.0,0.174,0.148,0.203,-0.229,0.653,0.201,0.182,0.478,0.387,-0.374,0.528,0.274,-0.197,0.576,0.102,0.667,-0.328,-0.198,0.751,0.087,-0.248,0.251,0.57,-0.213,0.707,0.611,0.516,-0.39,0.653,0.725,0.6,0.613,0.563,0.523,-0.024,0.285,-0.161,0.376,0.388,0.231,0.484,0.248,0.13,0.154,0.156,0.172,0.393,0.589,0.112,0.688,0.735,0.419,0.241,0.162,0.035,0.354,0.079,-0.285,0.19,0.736,0.119,0.634,-0.253,0.196,0.544,0.338,-0.055,-0.0,0.208,-0.04,-0.225,0.186,0.634,0.442,0.59,0.308,0.134,0.407,0.604,0.017,0.179,0.008,0.573,0.593,0.241,-0.145,0.388,-0.004,0.442,0.047,0.454,0.289,0.231,0.455,0.372,0.624,0.561,0.524,0.55,0.604,0.249,0.719,0.382,0.25,0.608,0.343,0.531,-0.077,0.356,0.392,0.096,0.553,-0.129,0.383,0.616,-0.103,-0.524,-0.264,0.585,0.647
ARCC,0.778,0.181,0.336,0.796,0.621,-0.742,0.633,0.065,0.821,0.688,-0.49,0.457,0.825,0.465,0.0,-0.226,0.817,0.513,0.78,0.862,-0.428,0.471,0.663,0.579,0.198,-0.253,0.697,-0.627,0.1,0.707,0.73,0.267,-0.211,-0.022,0.381,-0.361,0.888,0.737,0.188,-0.548,0.777,-0.364,0.14,-0.244,0.672,-0.619,-0.082,-0.033,0.658,0.814,-0.087,-0.542,0.539,-0.495,-0.476,0.858,-0.006,0.218,0.553,-0.385,0.793,0.724,0.782,0.301,0.339,-0.611,0.729,-0.555,-0.731,-0.382,0.101,0.806,0.73,-0.235,-0.122,0.8,-0.175,0.495,0.258,-0.472,0.844,0.653,0.488,-0.611,0.411,-0.422,0.153,-0.173,0.706,-0.669,0.718,-0.503,-0.672,0.628,-0.379,0.615,-0.783,-0.652,0.667,0.655,-0.631,0.855,-0.221,0.357,0.577,0.784,0.887,0.106,0.811,0.699,0.399,0.356,0.079,0.814,0.683,-0.095,-0.215,0.452,0.764,0.201,0.205,0.839,-0.483,0.747,0.754,0.118,-0.349,-0.001,-0.411,0.515,0.581,-0.305,-0.512,0.717,-0.083,-0.204,-0.583,-0.806,0.622,0.509,0.734,0.177,-0.666,-0.506,0.777,0.752,-0.649,-0.76,-0.569,0.663,-0.345,0.66,0.147,0.763,0.686,0.366,-0.698,0.765,0.516,0.498,0.792,-0.622,-0.006,0.87,0.687,-0.369,0.721,-0.575,-0.235,0.312,0.638,-0.48,0.811,-0.373,0.507,0.52,0.614,0.433,0.216,0.764,0.742,0.611,0.339,-0.251,-0.102,0.841,0.769,0.582,-0.363,0.712,0.47,0.86,0.133,-0.318,0.773,-0.513,-0.575,-0.843,0.26,0.731
ARVN,-0.095,0.225,0.319,-0.547,-0.085,0.236,0.285,0.227,-0.522,-0.677,0.777,0.312,-0.059,0.2,-0.226,0.0,-0.14,-0.295,0.072,-0.24,0.717,-0.553,0.204,0.165,-0.568,0.14,-0.629,0.178,0.627,-0.031,0.362,0.559,0.763,-0.539,-0.642,0.538,-0.027,0.183,-0.56,0.742,0.121,0.731,0.67,0.697,-0.397,0.222,0.341,0.662,-0.383,-0.414,0.045,0.672,-0.04,0.814,0.793,-0.188,0.688,0.305,0.155,0.665,0.041,-0.2,-0.457,0.55,0.126,0.721,-0.627,0.556,0.608,0.045,0.46,-0.404,-0.053,0.734,0.626,-0.345,0.331,-0.702,0.175,0.585,-0.532,-0.744,-0.645,-0.055,0.425,0.271,0.503,0.746,-0.365,0.084,-0.254,0.731,0.662,0.148,0.746,0.295,0.323,0.468,0.21,-0.081,0.56,-0.174,0.621,-0.72,0.1,-0.115,-0.259,-0.541,0.09,0.15,0.687,0.356,0.657,-0.221,-0.503,0.692,0.507,0.397,0.097,-0.396,0.243,-0.416,0.727,-0.63,-0.62,-0.425,0.803,0.61,-0.044,-0.133,0.369,0.585,0.538,-0.39,0.58,0.562,0.763,0.379,-0.155,0.088,-0.495,0.642,0.438,0.532,-0.259,0.185,0.757,0.64,0.672,-0.231,-0.202,-0.646,0.363,-0.153,-0.148,-0.103,0.369,0.14,0.379,0.172,-0.52,0.756,0.664,-0.289,-0.209,0.618,-0.407,0.738,0.71,0.172,0.424,0.722,-0.067,0.588,-0.252,-0.051,0.503,0.401,0.459,0.168,-0.406,0.354,0.642,0.53,0.41,-0.017,-0.107,-0.419,0.682,-0.55,-0.457,-0.466,0.034,0.82,0.068,0.474,0.232,0.464,0.541,0.29
ATEC,0.676,0.164,0.179,0.666,0.436,-0.819,0.508,-0.235,0.78,0.692,-0.418,0.376,0.783,0.254,0.817,-0.14,0.0,0.625,0.73,0.821,-0.473,0.495,0.556,0.472,0.136,-0.293,0.699,-0.559,0.089,0.565,0.638,0.153,-0.267,-0.159,0.245,-0.522,0.75,0.681,0.11,-0.629,0.736,-0.405,-0.029,-0.32,0.794,-0.484,-0.309,-0.111,0.694,0.702,-0.31,-0.641,0.631,-0.494,-0.55,0.849,-0.135,0.089,0.444,-0.473,0.622,0.712,0.634,0.186,0.332,-0.626,0.7,-0.46,-0.721,-0.338,-0.126,0.667,0.53,-0.377,-0.212,0.809,-0.25,0.386,0.101,-0.512,0.783,0.56,0.297,-0.641,0.392,-0.699,0.272,-0.256,0.644,-0.597,0.554,-0.581,-0.682,0.501,-0.304,0.52,-0.771,-0.709,0.514,0.739,-0.502,0.814,-0.33,0.334,0.434,0.63,0.759,0.16,0.643,0.525,0.324,0.285,-0.108,0.729,0.666,-0.114,-0.202,0.423,0.724,0.026,-0.07,0.798,-0.422,0.7,0.708,0.073,-0.387,-0.134,-0.479,0.346,0.508,-0.427,-0.617,0.635,0.15,-0.337,-0.521,-0.779,0.653,0.357,0.724,0.05,-0.663,-0.514,0.647,0.71,-0.583,-0.755,-0.57,0.657,-0.3,0.637,-0.037,0.652,0.621,0.206,-0.751,0.771,0.349,0.614,0.794,-0.588,-0.069,0.706,0.804,-0.246,0.629,-0.542,-0.326,0.262,0.547,-0.595,0.846,-0.479,0.411,0.244,0.523,0.307,-0.025,0.73,0.731,0.39,0.284,-0.27,-0.278,0.845,0.624,0.682,-0.503,0.591,0.413,0.693,0.053,-0.34,0.698,-0.523,-0.481,-0.84,0.094,0.634
ATXS,0.271,0.175,-0.262,0.422,0.312,-0.579,0.109,-0.34,0.684,0.571,-0.497,-0.01,0.39,-0.075,0.513,-0.295,0.625,0.0,0.327,0.476,-0.645,0.563,0.24,0.045,0.133,-0.217,0.537,-0.332,0.157,0.374,0.308,-0.215,-0.206,-0.066,0.141,-0.694,0.339,0.298,-0.154,-0.709,0.341,-0.388,-0.207,-0.333,0.585,-0.439,-0.401,-0.26,0.67,0.456,-0.647,-0.505,0.361,-0.561,-0.652,0.656,-0.366,-0.34,0.206,-0.726,0.346,0.635,0.574,-0.068,0.366,-0.604,0.508,-0.292,-0.717,-0.176,-0.44,0.376,0.119,-0.469,-0.498,0.597,-0.067,0.471,0.214,-0.507,0.696,0.458,0.147,-0.435,-0.083,-0.568,0.057,-0.475,0.322,-0.226,0.245,-0.628,-0.564,0.168,-0.436,0.112,-0.511,-0.483,0.185,0.712,-0.314,0.684,-0.639,0.425,0.086,0.289,0.494,0.601,0.213,0.119,0.036,-0.006,-0.313,0.35,0.524,-0.212,-0.219,0.048,0.493,-0.041,-0.519,0.617,-0.459,0.534,0.541,-0.116,-0.636,-0.493,-0.374,-0.013,0.114,-0.529,-0.565,0.659,0.013,-0.443,-0.579,-0.518,0.503,0.014,0.579,-0.225,-0.437,-0.636,0.379,0.494,-0.609,-0.707,-0.538,0.514,-0.303,0.42,-0.287,0.333,0.264,0.1,-0.645,0.485,0.072,0.597,0.667,-0.492,-0.388,0.38,0.604,-0.291,0.385,-0.542,-0.468,0.301,0.227,-0.658,0.534,-0.637,0.19,0.032,0.215,0.1,-0.304,0.27,0.514,0.032,0.227,-0.382,-0.476,0.563,0.151,0.692,-0.646,0.404,0.386,0.402,0.159,-0.517,0.169,-0.422,-0.206,-0.604,-0.075,0.269
AVAV,0.837,-0.196,0.7,0.675,0.724,-0.735,0.886,0.194,0.556,0.341,-0.214,0.787,0.869,0.626,0.78,0.072,0.73,0.327,0.0,0.913,-0.078,-0.018,0.827,0.694,0.15,-0.383,0.569,-0.776,0.268,0.453,0.733,0.668,-0.124,-0.124,0.434,0.012,0.767,0.908,0.229,-0.22,0.897,0.009,0.122,-0.198,0.445,-0.402,0.132,0.271,0.288,0.716,0.212,-0.356,0.644,-0.346,-0.149,0.742,0.181,0.495,0.607,-0.016,0.77,0.366,0.46,0.343,0.288,-0.359,0.593,-0.445,-0.549,-0.72,0.392,0.779,0.871,-0.147,0.266,0.734,-0.371,0.051,0.077,-0.348,0.594,0.496,0.358,-0.714,0.804,-0.393,0.002,0.154,0.532,-0.744,0.614,-0.239,-0.579,0.721,-0.238,0.595,-0.844,-0.683,0.747,0.487,-0.595,0.683,0.165,0.116,0.793,0.735,0.835,-0.265,0.852,0.713,0.609,0.657,0.401,0.756,0.313,-0.044,-0.42,0.451,0.642,0.329,0.196,0.588,-0.125,0.598,0.608,0.258,0.041,0.403,-0.338,0.672,0.868,0.019,-0.285,0.4,0.082,-0.188,-0.33,-0.805,0.473,0.815,0.424,0.466,-0.765,-0.297,0.735,0.542,-0.449,-0.528,-0.197,0.252,-0.262,0.606,0.5,0.57,0.635,0.508,-0.466,0.671,0.698,0.329,0.667,-0.385,0.464,0.754,0.75,-0.242,0.768,-0.427,0.11,-0.049,0.522,-0.246,0.743,0.018,0.569,0.472,0.749,0.443,0.204,0.938,0.54,0.665,0.392,0.001,0.113,0.771,0.617,0.278,-0.159,0.66,0.476,0.763,-0.27,0.034,0.733,-0.425,-0.793,-0.759,0.301,0.909
AXON,0.852,-0.174,0.505,0.828,0.733,-0.793,0.749,0.032,0.78,0.622,-0.433,0.664,0.893,0.489,0.862,-0.24,0.821,0.476,0.913,0.0,-0.347,0.225,0.747,0.634,0.365,-0.314,0.793,-0.825,0.122,0.534,0.644,0.438,-0.358,0.025,0.563,-0.245,0.758,0.84,0.334,-0.496,0.827,-0.244,-0.072,-0.429,0.603,-0.467,-0.036,0.057,0.518,0.883,0.078,-0.626,0.715,-0.597,-0.439,0.833,-0.059,0.345,0.599,-0.292,0.752,0.524,0.659,0.205,0.355,-0.625,0.776,-0.606,-0.776,-0.69,0.212,0.87,0.811,-0.364,0.015,0.878,-0.426,0.35,0.071,-0.556,0.783,0.726,0.544,-0.733,0.616,-0.548,-0.101,-0.101,0.631,-0.768,0.732,-0.5,-0.774,0.691,-0.419,0.487,-0.947,-0.794,0.678,0.576,-0.702,0.781,-0.121,0.394,0.688,0.72,0.923,0.005,0.817,0.648,0.396,0.528,0.146,0.879,0.495,-0.211,-0.508,0.401,0.685,0.415,0.101,0.781,-0.336,0.823,0.829,0.389,-0.276,0.136,-0.429,0.664,0.715,-0.196,-0.475,0.564,-0.034,-0.373,-0.556,-0.938,0.615,0.731,0.665,0.231,-0.868,-0.522,0.771,0.512,-0.684,-0.762,-0.423,0.433,-0.231,0.798,0.317,0.674,0.693,0.528,-0.643,0.69,0.592,0.369,0.844,-0.607,0.17,0.826,0.861,-0.425,0.895,-0.631,-0.163,-0.011,0.445,-0.518,0.829,-0.219,0.636,0.522,0.573,0.334,0.023,0.864,0.751,0.541,0.204,-0.138,-0.064,0.813,0.679,0.499,-0.423,0.843,0.653,0.876,-0.187,-0.245,0.71,-0.517,-0.779,-0.91,0.15,0.802
BANF,-0.153,-0.008,0.422,-0.581,-0.106,0.535,0.244,0.464,-0.695,-0.767,0.839,0.389,-0.157,0.342,-0.428,0.717,-0.473,-0.645,-0.078,-0.347,0.0,-0.769,0.063,0.182,-0.274,0.182,-0.64,0.241,0.384,-0.226,0.027,0.56,0.609,-0.174,-0.402,0.874,-0.226,0.027,-0.172,0.888,-0.098,0.768,0.496,0.608,-0.607,0.489,0.567,0.682,-0.672,-0.411,0.505,0.735,-0.171,0.789,0.93,-0.46,0.819,0.625,0.135,0.935,-0.099,-0.578,-0.516,0.441,-0.062,0.883,-0.664,0.517,0.763,-0.041,0.74,-0.389,0.001,0.756,0.898,-0.494,0.195,-0.627,-0.111,0.568,-0.724,-0.674,-0.447,0.137,0.433,0.53,0.216,0.864,-0.408,0.21,-0.1,0.898,0.673,0.001,0.729,0.115,0.418,0.531,0.12,-0.446,0.501,-0.488,0.88,-0.712,0.122,-0.227,-0.344,-0.686,0.027,0.079,0.434,0.426,0.71,-0.217,-0.658,0.579,0.254,0.177,-0.208,-0.004,0.395,-0.568,0.807,-0.626,-0.625,-0.012,0.904,0.792,0.245,0.227,0.244,0.842,0.795,-0.586,0.351,0.613,0.877,0.513,-0.337,0.22,-0.633,0.664,0.488,0.763,-0.332,-0.311,0.787,0.828,0.867,-0.547,0.164,-0.598,0.659,-0.178,-0.152,0.086,0.762,-0.18,0.343,-0.25,-0.632,0.752,0.708,-0.337,-0.367,0.482,-0.322,0.729,0.914,-0.154,0.119,0.894,-0.37,0.942,-0.126,0.076,0.186,0.256,0.515,-0.018,-0.439,0.282,0.273,0.637,0.776,-0.336,-0.147,-0.676,0.915,-0.401,-0.373,-0.411,-0.148,0.91,-0.151,0.605,0.164,0.635,0.44,0.063
BATRK,0.188,0.386,-0.524,0.472,0.002,-0.36,-0.248,-0.421,0.7,0.794,-0.607,-0.393,0.14,-0.263,0.471,-0.553,0.495,0.563,-0.018,0.225,-0.769,0.0,-0.102,-0.132,0.241,0.041,0.552,0.009,-0.321,0.376,0.143,-0.546,-0.353,0.126,0.155,-0.835,0.26,-0.111,0.11,-0.831,0.067,-0.712,-0.237,-0.402,0.71,-0.338,-0.527,-0.628,0.787,0.388,-0.616,-0.565,0.156,-0.516,-0.776,0.505,-0.472,-0.436,-0.053,-0.813,0.163,0.76,0.598,-0.095,0.153,-0.706,0.522,-0.273,-0.574,0.365,-0.604,0.285,-0.072,-0.468,-0.739,0.475,0.002,0.742,0.226,-0.323,0.659,0.519,0.382,-0.074,-0.417,-0.487,0.158,-0.742,0.399,-0.026,0.266,-0.684,-0.458,0.087,-0.448,0.039,-0.27,-0.275,-0.113,0.604,-0.315,0.541,-0.79,0.606,-0.191,0.12,0.3,0.697,0.082,-0.062,-0.314,-0.343,-0.609,0.266,0.762,-0.26,0.079,0.004,0.308,-0.105,-0.202,0.584,-0.667,0.546,0.543,-0.063,-0.778,-0.694,-0.279,-0.16,-0.321,-0.753,-0.641,0.667,-0.052,-0.315,-0.657,-0.309,0.428,-0.365,0.746,-0.479,-0.2,-0.647,0.156,0.438,-0.566,-0.656,-0.834,0.78,0.005,0.428,-0.589,0.339,0.234,-0.128,-0.634,0.281,-0.275,0.465,0.575,-0.56,-0.729,0.283,0.333,-0.255,0.253,-0.462,-0.688,0.39,0.142,-0.708,0.426,-0.836,0.151,0.001,-0.109,-0.089,-0.242,-0.025,0.531,-0.151,-0.021,-0.58,-0.512,0.344,0.3,0.701,-0.625,0.325,0.243,0.331,0.484,-0.708,0.197,-0.459,0.116,-0.446,-0.254,-0.118
BIDU,0.684,-0.038,0.629,0.419,0.825,-0.431,0.892,0.232,0.455,0.198,0.046,0.833,0.814,0.633,0.663,0.204,0.556,0.24,0.827,0.747,0.063,-0.102,0.0,0.716,0.133,-0.169,0.331,-0.715,0.554,0.645,0.786,0.727,0.175,-0.031,0.183,0.142,0.662,0.886,0.001,-0.025,0.671,0.255,0.437,0.059,0.103,-0.428,0.421,0.577,0.248,0.628,0.121,-0.125,0.638,-0.093,0.082,0.705,0.294,0.423,0.801,0.093,0.794,0.375,0.484,0.554,0.571,-0.151,0.294,-0.221,-0.406,-0.596,0.501,0.566,0.705,0.157,0.36,0.632,0.026,-0.001,0.349,-0.241,0.485,0.264,0.191,-0.754,0.75,-0.227,0.069,0.4,0.205,-0.682,0.531,0.002,-0.31,0.741,0.063,0.518,-0.656,-0.307,0.75,0.431,-0.265,0.667,0.213,-0.035,0.633,0.607,0.787,-0.197,0.798,0.74,0.78,0.695,0.631,0.741,0.065,0.272,-0.205,0.524,0.766,0.214,0.261,0.523,0.119,0.393,0.404,0.214,0.124,0.489,-0.445,0.576,0.872,0.303,0.032,0.447,0.204,0.025,-0.095,-0.684,0.576,0.805,0.348,0.547,-0.475,-0.179,0.592,0.495,-0.241,-0.376,0.045,0.262,-0.407,0.288,0.565,0.604,0.522,0.602,-0.336,0.617,0.842,0.464,0.505,-0.111,0.46,0.655,0.611,-0.115,0.632,-0.163,0.252,0.195,0.606,0.001,0.655,0.155,0.576,0.704,0.848,0.705,0.288,0.776,0.541,0.76,0.496,0.279,0.234,0.655,0.542,0.182,-0.01,0.565,0.441,0.612,0.037,0.197,0.581,-0.051,-0.552,-0.526,0.63,0.903
BLNE,0.7,0.132,0.65,0.37,0.591,-0.273,0.78,0.503,0.372,0.138,0.04,0.712,0.74,0.678,0.579,0.165,0.472,0.045,0.694,0.634,0.182,-0.132,0.716,0.0,-0.016,-0.159,0.269,-0.466,0.266,0.541,0.615,0.629,0.085,-0.061,0.141,0.297,0.722,0.713,0.017,0.085,0.591,0.063,0.431,0.079,0.176,-0.38,0.471,0.468,0.221,0.595,0.297,-0.082,0.381,-0.037,0.141,0.499,0.438,0.564,0.569,0.269,0.784,0.272,0.373,0.454,0.175,-0.011,0.322,-0.243,-0.283,-0.392,0.606,0.582,0.613,0.245,0.444,0.454,-0.009,0.125,0.079,-0.288,0.282,0.227,0.054,-0.486,0.698,-0.124,0.239,0.424,0.48,-0.636,0.49,0.06,-0.243,0.589,0.135,0.732,-0.457,-0.301,0.692,0.176,-0.297,0.374,0.392,-0.102,0.832,0.64,0.714,-0.298,0.785,0.825,0.609,0.57,0.506,0.696,0.032,0.268,-0.109,0.562,0.64,0.138,0.482,0.545,-0.019,0.29,0.296,0.184,0.205,0.461,-0.276,0.62,0.754,0.324,0.08,0.266,0.006,0.232,-0.031,-0.476,0.426,0.772,0.268,0.53,-0.385,0.029,0.53,0.445,-0.203,-0.22,0.062,0.211,-0.327,0.276,0.532,0.692,0.72,0.398,-0.225,0.68,0.689,0.153,0.309,-0.21,0.47,0.581,0.458,-0.035,0.496,-0.066,0.228,0.269,0.647,0.105,0.419,0.269,0.289,0.646,0.627,0.635,0.605,0.702,0.546,0.76,0.33,0.363,0.399,0.541,0.59,0.137,0.119,0.523,0.126,0.606,0.079,0.181,0.587,-0.107,-0.514,-0.433,0.618,0.74
BLNK,0.307,-0.428,-0.023,0.462,0.301,-0.148,0.126,-0.313,0.43,0.559,-0.201,0.201,0.184,-0.045,0.198,-0.568,0.136,0.133,0.15,0.365,-0.274,0.241,0.133,-0.016,0.0,0.161,0.56,-0.411,-0.051,0.12,-0.054,0.014,-0.467,0.407,0.526,-0.255,-0.081,0.131,0.585,-0.406,0.03,-0.189,-0.423,-0.672,0.186,0.171,-0.155,-0.132,0.234,0.554,0.092,-0.548,0.566,-0.488,-0.42,0.294,-0.309,0.102,0.367,-0.311,0.034,0.149,0.381,0.051,0.369,-0.485,0.367,-0.279,-0.448,-0.334,-0.011,0.343,0.206,-0.398,-0.13,0.491,-0.442,0.481,-0.115,-0.383,0.379,0.599,0.569,-0.306,0.086,-0.302,-0.522,-0.223,0.034,-0.152,0.55,-0.312,-0.418,0.192,-0.269,-0.305,-0.472,-0.296,0.018,0.201,-0.374,0.288,-0.312,0.583,-0.034,-0.065,0.368,0.284,0.169,-0.09,-0.24,0.245,-0.092,0.492,0.27,-0.342,-0.542,0.017,0.098,0.687,-0.066,0.289,-0.076,0.632,0.621,0.699,-0.397,-0.063,-0.306,0.44,-0.034,-0.113,-0.221,0.245,-0.032,-0.48,-0.339,-0.486,0.418,0.226,0.502,-0.159,-0.43,-0.425,0.082,-0.324,-0.42,-0.455,-0.263,0.207,0.339,0.56,0.122,0.262,0.136,0.595,-0.205,-0.012,0.141,0.091,0.512,-0.319,-0.264,0.187,0.441,-0.336,0.623,-0.414,-0.204,-0.38,-0.249,-0.435,0.364,-0.129,0.64,0.333,-0.154,-0.153,-0.414,0.068,0.528,-0.104,-0.336,-0.063,-0.073,0.139,0.182,0.161,-0.356,0.652,0.793,0.321,-0.077,-0.262,-0.07,-0.045,-0.215,-0.328,-0.25,0.021
BTAI,-0.203,0.313,-0.295,-0.341,-0.21,0.485,-0.204,-0.153,-0.068,-0.063,0.436,-0.145,-0.275,-0.084,-0.253,0.14,-0.293,-0.217,-0.383,-0.314,0.182,0.041,-0.169,-0.159,0.161,0.0,-0.198,0.361,0.214,0.16,0.03,-0.031,0.408,0.01,-0.275,0.053,-0.359,-0.313,-0.219,0.164,-0.327,0.352,0.209,0.108,-0.243,0.222,0.023,0.073,0.124,-0.116,-0.198,0.19,0.04,0.372,0.201,-0.176,0.126,0.0,0.089,0.07,-0.202,0.141,0.04,0.268,0.337,0.194,-0.399,0.472,0.279,0.385,0.128,-0.449,-0.367,0.411,0.049,-0.053,0.303,0.08,0.439,0.455,-0.233,-0.225,-0.074,0.246,-0.116,0.212,0.082,0.175,-0.416,0.361,0.109,0.363,0.453,0.174,0.366,-0.245,0.323,0.566,-0.103,0.107,0.444,-0.166,-0.052,0.075,-0.431,-0.52,-0.272,0.264,-0.133,-0.199,-0.034,0.073,0.12,-0.04,-0.217,0.467,0.388,0.339,0.01,-0.012,0.273,-0.134,0.399,-0.119,-0.119,0.241,0.147,-0.008,-0.113,-0.231,-0.267,0.273,0.376,-0.153,0.43,0.367,0.387,0.329,0.188,-0.299,0.098,0.003,0.463,0.069,-0.555,-0.131,0.405,0.267,0.272,0.165,0.287,-0.322,-0.02,0.005,-0.179,-0.13,0.144,-0.062,0.035,0.059,-0.237,0.449,-0.173,-0.451,-0.134,0.274,-0.244,0.556,0.121,0.137,0.038,0.206,-0.029,0.15,-0.121,0.276,-0.14,0.035,0.004,-0.311,0.024,-0.144,0.041,0.419,0.163,-0.18,-0.043,-0.054,0.187,-0.174,0.004,-0.357,0.393,0.18,-0.196,0.575,0.668,0.453,0.163,-0.285
BYND,0.674,-0.229,0.092,0.87,0.454,-0.713,0.297,-0.192,0.852,0.8,-0.694,0.212,0.568,0.198,0.697,-0.629,0.699,0.537,0.569,0.793,-0.64,0.552,0.331,0.269,0.56,-0.198,0.0,-0.583,-0.284,0.297,0.287,-0.026,-0.669,0.19,0.711,-0.535,0.473,0.406,0.488,-0.791,0.53,-0.585,-0.482,-0.672,0.746,-0.366,-0.324,-0.436,0.632,0.796,-0.075,-0.785,0.539,-0.813,-0.764,0.675,-0.394,0.03,0.241,-0.588,0.424,0.537,0.647,-0.155,0.164,-0.844,0.878,-0.633,-0.826,-0.411,-0.168,0.802,0.535,-0.69,-0.357,0.825,-0.556,0.629,-0.036,-0.562,0.794,0.9,0.737,-0.396,0.185,-0.605,-0.255,-0.56,0.646,-0.508,0.665,-0.751,-0.868,0.443,-0.675,0.191,-0.817,-0.789,0.296,0.537,-0.773,0.639,-0.471,0.713,0.376,0.441,0.704,0.351,0.493,0.257,-0.113,0.156,-0.333,0.7,0.678,-0.526,-0.575,0.105,0.378,0.442,-0.117,0.726,-0.596,0.923,0.916,0.458,-0.615,-0.27,-0.32,0.448,0.238,-0.549,-0.699,0.543,-0.17,-0.536,-0.787,-0.812,0.503,0.36,0.817,-0.192,-0.816,-0.699,0.552,0.31,-0.84,-0.838,-0.698,0.475,0.044,0.926,-0.063,0.468,0.572,0.331,-0.651,0.405,0.142,0.202,0.852,-0.764,-0.249,0.62,0.772,-0.514,0.822,-0.764,-0.508,-0.151,0.072,-0.803,0.661,-0.508,0.541,0.331,0.082,-0.081,-0.309,0.522,0.731,0.106,-0.117,-0.454,-0.309,0.575,0.52,0.639,-0.67,0.827,0.679,0.763,-0.156,-0.576,0.508,-0.681,-0.592,-0.849,-0.286,0.349
CAN,-0.6,0.408,-0.485,-0.67,-0.774,0.656,-0.693,0.029,-0.54,-0.426,0.301,-0.672,-0.655,-0.294,-0.627,0.178,-0.559,-0.332,-0.776,-0.825,0.241,0.009,-0.715,-0.466,-0.411,0.361,-0.583,0.0,-0.269,-0.403,-0.451,-0.478,0.32,-0.22,-0.507,0.153,-0.5,-0.762,-0.241,0.303,-0.588,0.069,0.101,0.425,-0.319,0.267,-0.034,-0.203,-0.324,-0.749,-0.111,0.533,-0.731,0.51,0.284,-0.662,0.132,-0.237,-0.596,0.192,-0.578,-0.273,-0.449,-0.175,-0.409,0.52,-0.561,0.659,0.667,0.818,-0.248,-0.656,-0.697,0.311,-0.041,-0.705,0.348,-0.116,0.019,0.489,-0.607,-0.586,-0.466,0.777,-0.527,0.5,0.365,-0.011,-0.305,0.826,-0.517,0.416,0.583,-0.487,0.381,-0.194,0.858,0.642,-0.538,-0.294,0.522,-0.65,0.12,-0.346,-0.544,-0.528,-0.761,0.046,-0.636,-0.424,-0.388,-0.495,-0.26,-0.686,-0.274,0.248,0.581,-0.268,-0.514,-0.495,0.062,-0.524,0.135,-0.661,-0.666,-0.407,0.226,-0.182,0.431,-0.54,-0.628,0.041,0.364,-0.384,0.055,0.437,0.411,0.866,-0.477,-0.731,-0.397,-0.252,0.792,0.513,-0.612,-0.252,0.565,0.623,0.215,-0.184,0.196,-0.639,-0.382,-0.422,-0.348,-0.672,0.505,-0.443,-0.598,-0.266,-0.667,0.417,-0.254,-0.621,-0.689,0.24,-0.806,0.551,0.06,0.187,-0.264,0.365,-0.65,0.104,-0.59,-0.405,-0.535,-0.315,0.138,-0.739,-0.543,-0.499,-0.157,0.048,0.114,-0.629,-0.368,-0.339,0.385,-0.705,-0.727,-0.683,0.263,0.166,-0.467,0.314,0.723,0.739,-0.097,-0.747
CCEC,0.113,0.19,0.208,-0.279,0.342,0.082,0.517,0.002,-0.031,-0.233,0.598,0.552,0.268,0.239,0.1,0.627,0.089,0.157,0.268,0.122,0.384,-0.321,0.554,0.266,-0.051,0.214,-0.284,-0.269,0.0,0.444,0.539,0.546,0.675,-0.243,-0.417,0.216,0.115,0.479,-0.48,0.355,0.165,0.669,0.645,0.349,-0.311,-0.031,0.357,0.793,-0.002,0.05,-0.211,0.293,0.429,0.437,0.441,0.293,0.417,0.205,0.684,0.263,0.305,0.156,0.114,0.709,0.672,0.335,-0.385,0.292,0.082,-0.251,0.397,-0.133,0.095,0.536,0.426,0.149,0.362,-0.268,0.421,0.108,-0.021,-0.362,-0.412,-0.563,0.449,0.009,0.245,0.649,-0.413,-0.15,0.111,0.463,0.326,0.322,0.576,0.172,-0.094,0.283,0.445,0.281,0.402,0.333,0.225,-0.366,0.088,0.014,0.227,-0.101,0.313,0.292,0.761,0.592,0.713,0.224,-0.308,0.64,0.202,0.505,0.543,-0.083,0.071,0.015,0.63,-0.183,-0.171,-0.111,0.354,0.459,-0.388,0.095,0.48,0.558,0.388,0.145,0.577,0.252,0.45,-0.098,0.419,0.311,-0.058,0.576,0.155,0.119,-0.018,0.233,0.351,0.133,0.506,0.084,-0.328,-0.38,0.451,0.243,-0.044,0.385,0.044,0.341,0.663,0.592,-0.006,0.496,0.366,0.015,0.198,0.331,0.041,0.378,0.503,0.317,0.495,0.393,0.317,0.356,0.197,0.314,0.69,0.653,0.241,0.259,0.119,0.506,0.648,0.562,0.28,0.284,0.009,-0.098,0.304,-0.036,0.157,-0.115,0.256,0.537,0.002,0.528,0.104,0.116,0.695,0.517
CDW,0.46,0.531,0.083,0.298,0.55,-0.264,0.543,-0.009,0.65,0.504,-0.083,0.416,0.679,0.338,0.707,-0.031,0.565,0.374,0.453,0.534,-0.226,0.376,0.645,0.541,0.12,0.16,0.297,-0.403,0.444,0.0,0.713,0.21,0.266,0.083,-0.082,-0.259,0.668,0.548,-0.167,-0.326,0.379,-0.021,0.495,0.007,0.281,-0.532,0.185,0.283,0.686,0.596,-0.332,-0.313,0.499,-0.105,-0.199,0.772,0.143,0.097,0.715,-0.274,0.732,0.734,0.781,0.555,0.677,-0.288,0.255,-0.209,-0.495,-0.076,0.159,0.364,0.329,0.224,-0.052,0.624,0.388,0.434,0.509,-0.337,0.632,0.248,0.102,-0.639,0.284,-0.262,0.361,0.128,0.256,-0.453,0.534,-0.164,-0.235,0.537,0.04,0.434,-0.459,-0.13,0.599,0.618,-0.088,0.74,-0.21,0.136,0.255,0.476,0.72,0.287,0.627,0.653,0.53,0.374,0.309,0.689,0.327,0.431,0.153,0.59,0.905,-0.05,0.257,0.737,-0.137,0.427,0.44,0.101,-0.245,0.031,-0.537,0.277,0.426,0.066,-0.092,0.747,0.158,0.102,-0.177,-0.511,0.787,0.329,0.601,0.21,-0.184,-0.315,0.44,0.65,-0.289,-0.511,-0.195,0.697,-0.403,0.158,0.162,0.802,0.478,0.335,-0.537,0.724,0.581,0.685,0.539,-0.238,-0.118,0.554,0.495,-0.1,0.411,-0.131,-0.08,0.667,0.744,-0.179,0.653,-0.219,0.359,0.62,0.658,0.747,0.331,0.44,0.736,0.629,0.423,0.179,0.046,0.671,0.569,0.525,-0.187,0.491,0.324,0.546,0.601,-0.136,0.446,0.089,-0.053,-0.438,0.638,0.583
CDXS,0.695,0.296,0.475,0.362,0.605,-0.46,0.762,0.176,0.511,0.266,0.065,0.632,0.741,0.529,0.73,0.362,0.638,0.308,0.733,0.644,0.027,0.143,0.786,0.615,-0.054,0.03,0.287,-0.451,0.539,0.713,0.0,0.631,0.333,-0.315,-0.045,-0.027,0.712,0.744,-0.204,-0.084,0.718,0.207,0.591,0.161,0.309,-0.405,0.212,0.423,0.413,0.527,-0.127,-0.106,0.554,0.08,0.039,0.723,0.395,0.353,0.661,0.01,0.79,0.641,0.512,0.706,0.585,-0.157,0.229,-0.037,-0.34,-0.265,0.391,0.446,0.579,0.299,0.265,0.602,0.12,0.067,0.538,-0.026,0.476,0.159,0.087,-0.639,0.673,-0.232,0.374,0.315,0.28,-0.494,0.563,0.026,-0.178,0.81,0.135,0.649,-0.531,-0.204,0.714,0.688,-0.205,0.714,0.134,-0.052,0.528,0.529,0.684,-0.145,0.83,0.71,0.813,0.603,0.533,0.694,0.265,0.432,0.195,0.771,0.829,-0.008,0.38,0.581,0.072,0.347,0.358,-0.015,0.153,0.359,-0.541,0.371,0.756,0.156,-0.049,0.469,0.355,0.168,-0.054,-0.525,0.601,0.524,0.487,0.553,-0.297,-0.218,0.438,0.778,-0.118,-0.338,-0.09,0.573,-0.393,0.192,0.382,0.683,0.602,0.337,-0.464,0.787,0.763,0.639,0.454,-0.063,0.332,0.552,0.591,0.036,0.444,0.006,0.224,0.423,0.863,-0.044,0.783,0.022,0.344,0.588,0.872,0.691,0.415,0.739,0.528,0.706,0.708,0.21,0.172,0.741,0.648,0.299,0.076,0.376,0.246,0.482,0.253,0.194,0.699,-0.05,-0.297,-0.445,0.63,0.824
CELH,0.52,-0.23,0.865,0.136,0.561,-0.151,0.839,0.448,-0.051,-0.275,0.427,0.849,0.489,0.653,0.267,0.559,0.153,-0.215,0.668,0.438,0.56,-0.546,0.727,0.629,0.014,-0.031,-0.026,-0.478,0.546,0.21,0.631,0.0,0.322,-0.193,0.058,0.6,0.364,0.697,-0.002,0.488,0.555,0.604,0.481,0.267,-0.196,0.032,0.543,0.73,-0.251,0.291,0.49,0.251,0.438,0.304,0.544,0.232,0.61,0.701,0.58,0.606,0.52,-0.077,-0.02,0.602,0.295,0.283,-0.054,0.082,0.086,-0.574,0.826,0.285,0.642,0.442,0.768,0.233,-0.09,-0.443,0.135,0.192,-0.063,-0.085,0.01,-0.462,0.888,0.097,0.04,0.726,-0.031,-0.434,0.368,0.44,0.094,0.663,0.335,0.453,-0.345,-0.042,0.627,0.059,-0.072,0.197,0.674,-0.33,0.652,0.335,0.392,-0.633,0.661,0.551,0.806,0.791,0.859,0.441,-0.282,0.371,-0.099,0.549,0.356,0.283,0.458,0.036,0.524,0.026,0.032,0.235,0.646,0.839,-0.231,0.559,0.843,0.63,0.366,-0.108,0.3,0.268,0.341,-0.305,0.162,0.799,-0.091,0.805,-0.243,0.206,0.253,0.164,0.222,0.146,0.446,-0.151,-0.132,0.033,0.784,0.262,0.341,0.497,0.114,0.357,0.808,0.106,0.036,0.296,0.854,0.282,0.299,0.198,0.371,0.24,0.666,-0.149,0.463,0.42,0.346,0.64,0.371,0.528,0.71,0.545,0.424,0.679,0.098,0.693,0.498,0.516,0.525,0.308,0.354,-0.301,0.463,0.22,0.184,0.243,-0.26,0.637,0.443,0.16,-0.458,-0.118,0.564,0.76
CGNX,-0.219,0.511,0.05,-0.646,-0.058,0.474,0.178,0.218,-0.397,-0.54,0.749,0.192,-0.077,0.225,-0.211,0.763,-0.267,-0.206,-0.124,-0.358,0.609,-0.353,0.175,0.085,-0.467,0.408,-0.669,0.32,0.675,0.266,0.333,0.322,0.0,-0.302,-0.685,0.444,-0.055,0.019,-0.645,0.599,-0.142,0.74,0.805,0.738,-0.487,0.071,0.457,0.641,-0.196,-0.393,-0.156,0.681,-0.135,0.833,0.714,-0.123,0.65,0.18,0.26,0.501,0.069,-0.009,-0.144,0.598,0.344,0.712,-0.704,0.607,0.565,0.289,0.392,-0.512,-0.221,0.844,0.499,-0.298,0.673,-0.399,0.476,0.568,-0.393,-0.716,-0.596,0.022,0.165,0.407,0.52,0.71,-0.476,0.245,-0.176,0.755,0.713,0.109,0.74,0.184,0.45,0.654,0.166,0.015,0.686,-0.099,0.443,-0.617,-0.127,-0.168,-0.222,-0.18,0.008,0.168,0.591,0.253,0.636,-0.203,-0.462,0.886,0.636,0.372,0.239,-0.431,0.265,-0.292,0.66,-0.601,-0.593,-0.357,0.618,0.427,0.033,-0.17,0.167,0.646,0.7,-0.135,0.527,0.682,0.743,0.483,0.056,-0.068,-0.348,0.498,0.656,0.468,-0.304,0.195,0.714,0.576,0.663,-0.055,-0.23,-0.772,0.324,0.018,-0.192,-0.112,0.375,0.11,0.326,0.275,-0.461,0.76,0.323,-0.27,-0.317,0.521,-0.486,0.778,0.633,0.46,0.451,0.724,-0.127,0.501,-0.234,0.153,0.463,0.552,0.496,-0.085,-0.263,0.33,0.593,0.602,0.49,-0.069,-0.12,-0.278,0.663,-0.488,-0.417,-0.425,0.447,0.681,-0.096,0.692,0.506,0.585,0.732,0.126
CHKP,-0.122,-0.232,-0.114,0.154,0.24,0.171,-0.039,0.021,0.144,0.183,-0.245,-0.028,-0.083,-0.102,-0.022,-0.539,-0.159,-0.066,-0.124,0.025,-0.174,0.126,-0.031,-0.061,0.407,0.01,0.19,-0.22,-0.243,0.083,-0.315,-0.193,-0.302,0.0,0.328,-0.07,-0.176,-0.177,0.318,-0.221,-0.23,-0.112,-0.305,-0.324,-0.082,0.034,0.185,-0.102,0.118,0.21,0.109,-0.17,-0.01,-0.377,-0.21,0.046,-0.214,0.003,0.083,-0.159,0.003,-0.105,0.282,-0.213,0.073,-0.231,0.162,-0.283,-0.221,-0.105,-0.026,0.048,0.065,-0.18,-0.165,0.118,0.148,0.311,-0.237,-0.211,0.141,0.304,0.403,0.003,-0.227,-0.024,-0.445,-0.189,-0.124,-0.029,0.169,-0.219,-0.24,-0.097,-0.356,-0.404,-0.15,0.01,-0.13,-0.178,-0.032,0.033,-0.209,0.362,-0.095,-0.142,0.113,0.31,-0.106,-0.191,-0.261,-0.026,-0.084,0.038,-0.052,-0.18,-0.331,-0.36,-0.087,0.432,-0.204,0.056,-0.156,0.251,0.243,0.496,-0.335,-0.135,0.084,0.168,-0.233,0.08,-0.043,0.231,-0.293,-0.243,-0.225,-0.128,0.122,0.115,0.033,-0.178,-0.158,-0.283,-0.041,-0.373,-0.358,-0.189,-0.09,-0.169,0.386,0.193,0.095,-0.036,-0.156,0.301,0.061,-0.279,-0.008,-0.178,0.18,-0.195,-0.207,0.021,0.023,-0.159,0.304,-0.284,-0.153,-0.103,-0.268,-0.173,-0.172,-0.056,0.294,0.243,-0.221,0.041,-0.228,-0.178,0.188,-0.072,-0.318,-0.173,-0.029,-0.138,-0.172,0.292,-0.217,0.365,0.389,0.26,0.043,-0.287,-0.214,0.016,-0.047,-0.064,-0.141,-0.169
CHRS,0.469,-0.584,0.306,0.755,0.388,-0.471,0.217,0.083,0.461,0.45,-0.635,0.211,0.313,0.278,0.381,-0.642,0.245,0.141,0.434,0.563,-0.402,0.155,0.183,0.141,0.526,-0.275,0.711,-0.507,-0.417,-0.082,-0.045,0.058,-0.685,0.328,0.0,-0.156,0.229,0.243,0.698,-0.458,0.356,-0.376,-0.559,-0.586,0.379,-0.2,-0.095,-0.339,0.136,0.557,0.369,-0.496,0.24,-0.734,-0.494,0.26,-0.364,0.183,0.039,-0.278,0.199,0.043,0.322,-0.358,-0.142,-0.603,0.717,-0.582,-0.526,-0.526,0.03,0.693,0.58,-0.649,-0.159,0.469,-0.649,0.362,-0.16,-0.406,0.47,0.79,0.811,-0.125,0.147,-0.204,-0.616,-0.434,0.452,-0.359,0.462,-0.504,-0.736,0.256,-0.727,-0.014,-0.603,-0.669,0.163,0.065,-0.771,0.246,-0.167,0.553,0.388,0.344,0.443,0.085,0.301,0.096,-0.256,0.118,-0.229,0.41,0.356,-0.667,-0.733,-0.17,-0.046,0.695,-0.02,0.327,-0.453,0.671,0.666,0.526,-0.36,-0.068,0.104,0.496,0.189,-0.336,-0.442,0.197,-0.448,-0.505,-0.655,-0.577,0.068,0.437,0.382,-0.125,-0.727,-0.443,0.459,-0.087,-0.688,-0.528,-0.46,-0.023,0.194,0.81,0.127,0.124,0.314,0.339,-0.238,-0.038,0.03,-0.267,0.569,-0.613,-0.037,0.479,0.395,-0.595,0.68,-0.71,-0.322,-0.492,-0.29,-0.528,0.248,-0.206,0.533,0.276,-0.121,-0.273,-0.307,0.325,0.307,-0.007,-0.318,-0.401,-0.108,0.166,0.276,0.181,-0.417,0.665,0.582,0.64,-0.486,-0.425,0.319,-0.629,-0.698,-0.602,-0.401,0.195
CHRW,-0.068,-0.179,0.601,-0.418,0.029,0.5,0.305,0.677,-0.659,-0.755,0.62,0.409,-0.081,0.496,-0.361,0.538,-0.522,-0.694,0.012,-0.245,0.874,-0.835,0.142,0.297,-0.255,0.053,-0.535,0.153,0.216,-0.259,-0.027,0.6,0.444,-0.07,-0.156,0.0,-0.126,0.078,-0.026,0.882,-0.059,0.678,0.439,0.582,-0.663,0.272,0.744,0.631,-0.764,-0.345,0.746,0.713,-0.281,0.632,0.879,-0.468,0.688,0.615,0.079,0.959,-0.003,-0.666,-0.48,0.261,-0.224,0.803,-0.499,0.335,0.682,-0.141,0.783,-0.181,0.172,0.619,0.873,-0.485,0.136,-0.595,-0.141,0.46,-0.65,-0.519,-0.288,0.214,0.446,0.653,0.055,0.803,-0.267,0.083,-0.121,0.809,0.518,0.049,0.539,0.2,0.363,0.417,0.184,-0.612,0.29,-0.535,0.94,-0.681,0.322,-0.023,-0.243,-0.742,0.065,0.23,0.375,0.37,0.703,-0.174,-0.691,0.406,0.104,0.077,-0.254,0.094,0.484,-0.526,0.617,-0.564,-0.566,0.084,0.869,0.797,0.385,0.318,0.348,0.829,0.773,-0.558,0.038,0.591,0.676,0.403,-0.415,0.41,-0.652,0.575,0.332,0.775,-0.133,-0.339,0.618,0.738,0.815,-0.665,0.09,-0.454,0.663,-0.183,-0.025,0.125,0.743,-0.237,0.324,-0.471,-0.595,0.58,0.764,-0.176,-0.412,0.302,-0.232,0.576,0.782,-0.216,0.021,0.849,-0.454,0.936,-0.076,0.201,0.151,0.228,0.539,0.03,-0.461,0.302,0.117,0.578,0.757,-0.367,-0.086,-0.727,0.833,-0.254,-0.368,-0.22,-0.262,0.779,-0.059,0.454,-0.076,0.518,0.447,0.114
CIGI,0.725,0.294,0.467,0.63,0.523,-0.64,0.679,0.258,0.614,0.452,-0.344,0.496,0.83,0.612,0.888,-0.027,0.75,0.339,0.767,0.758,-0.226,0.26,0.662,0.722,-0.081,-0.359,0.473,-0.5,0.115,0.668,0.712,0.364,-0.055,-0.176,0.229,-0.126,0.0,0.761,0.087,-0.307,0.762,-0.274,0.322,0.015,0.543,-0.631,0.096,0.113,0.485,0.652,0.039,-0.332,0.382,-0.283,-0.236,0.72,0.178,0.309,0.493,-0.135,0.797,0.574,0.614,0.307,0.159,-0.353,0.599,-0.478,-0.522,-0.324,0.236,0.75,0.707,-0.05,0.072,0.6,-0.077,0.316,0.204,-0.41,0.65,0.424,0.263,-0.523,0.483,-0.27,0.347,0.028,0.741,-0.685,0.561,-0.318,-0.51,0.548,-0.183,0.792,-0.607,-0.571,0.729,0.454,-0.516,0.682,0.044,0.068,0.693,0.9,0.801,-0.113,0.805,0.844,0.507,0.348,0.188,0.706,0.535,0.054,-0.101,0.479,0.735,-0.006,0.338,0.727,-0.402,0.494,0.503,-0.058,-0.121,0.142,-0.267,0.492,0.665,-0.149,-0.334,0.581,-0.115,0.022,-0.376,-0.652,0.481,0.561,0.507,0.317,-0.531,-0.236,0.823,0.774,-0.461,-0.551,-0.395,0.511,-0.515,0.469,0.2,0.747,0.718,0.222,-0.535,0.791,0.508,0.391,0.567,-0.503,0.184,0.862,0.499,-0.259,0.522,-0.41,-0.089,0.393,0.717,-0.233,0.639,-0.189,0.353,0.441,0.667,0.551,0.459,0.777,0.589,0.745,0.361,-0.105,0.066,0.776,0.776,0.412,-0.153,0.529,0.169,0.79,0.118,-0.133,0.813,-0.463,-0.585,-0.725,0.425,0.776
CKPT,0.735,-0.084,0.65,0.536,0.708,-0.611,0.894,0.158,0.464,0.277,-0.027,0.833,0.875,0.616,0.737,0.183,0.681,0.298,0.908,0.84,0.027,-0.111,0.886,0.713,0.131,-0.313,0.406,-0.762,0.479,0.548,0.744,0.697,0.019,-0.177,0.243,0.078,0.761,0.0,0.115,-0.084,0.827,0.116,0.302,-0.04,0.298,-0.41,0.193,0.478,0.236,0.668,0.174,-0.25,0.682,-0.198,-0.019,0.698,0.246,0.499,0.753,0.062,0.739,0.342,0.457,0.458,0.404,-0.218,0.444,-0.377,-0.459,-0.714,0.461,0.668,0.8,-0.007,0.353,0.654,-0.225,0.016,0.14,-0.368,0.532,0.347,0.201,-0.776,0.791,-0.311,0.096,0.327,0.405,-0.74,0.592,-0.11,-0.431,0.673,-0.001,0.588,-0.741,-0.541,0.79,0.425,-0.407,0.673,0.214,-0.011,0.702,0.75,0.811,-0.288,0.825,0.766,0.707,0.694,0.499,0.767,0.238,0.101,-0.317,0.515,0.72,0.253,0.213,0.541,0.027,0.474,0.484,0.184,0.103,0.457,-0.367,0.644,0.895,0.154,-0.144,0.413,0.169,-0.118,-0.166,-0.752,0.525,0.802,0.355,0.537,-0.614,-0.154,0.731,0.52,-0.305,-0.445,-0.061,0.253,-0.395,0.433,0.532,0.633,0.562,0.528,-0.382,0.702,0.786,0.444,0.569,-0.258,0.465,0.756,0.657,-0.197,0.666,-0.326,0.221,0.085,0.59,-0.088,0.722,0.109,0.576,0.504,0.806,0.571,0.29,0.881,0.532,0.755,0.431,0.148,0.176,0.741,0.599,0.195,-0.061,0.577,0.455,0.673,-0.16,0.159,0.677,-0.227,-0.691,-0.658,0.468,0.935
CMPR,0.26,-0.531,0.199,0.562,0.065,-0.208,0.086,-0.144,0.198,0.406,-0.347,0.162,0.191,0.119,0.188,-0.56,0.11,-0.154,0.229,0.334,-0.172,0.11,0.001,0.017,0.585,-0.219,0.488,-0.241,-0.48,-0.167,-0.204,-0.002,-0.645,0.318,0.698,-0.026,0.087,0.115,0.0,-0.299,0.207,-0.324,-0.54,-0.576,0.277,0.121,-0.148,-0.266,-0.081,0.372,0.53,-0.43,0.231,-0.531,-0.343,0.101,-0.276,0.338,0.067,-0.1,-0.074,-0.146,0.136,-0.245,-0.188,-0.38,0.552,-0.359,-0.224,-0.314,0.028,0.443,0.412,-0.495,-0.049,0.289,-0.665,0.237,-0.381,-0.358,0.257,0.589,0.699,-0.051,0.161,-0.104,-0.443,-0.301,0.292,-0.101,0.37,-0.291,-0.504,0.095,-0.426,-0.147,-0.418,-0.479,-0.014,-0.059,-0.575,0.069,-0.014,0.379,0.145,0.149,0.232,-0.125,0.149,-0.037,-0.339,0.121,-0.213,0.276,0.341,-0.557,-0.585,-0.298,-0.202,0.665,0.075,0.089,-0.252,0.515,0.51,0.616,-0.197,0.124,0.161,0.522,-0.006,-0.243,-0.33,0.06,-0.263,-0.502,-0.375,-0.377,0.025,0.237,0.225,-0.118,-0.486,-0.118,0.259,-0.317,-0.393,-0.298,-0.332,-0.064,0.481,0.627,0.15,0.103,0.135,0.274,0.031,-0.212,-0.098,-0.252,0.421,-0.475,-0.069,0.293,0.202,-0.512,0.512,-0.56,-0.142,-0.555,-0.401,-0.323,0.144,-0.066,0.581,0.089,-0.237,-0.372,-0.209,0.13,0.207,-0.137,-0.548,-0.309,0.018,-0.004,0.296,-0.067,-0.189,0.489,0.475,0.407,-0.457,-0.213,0.148,-0.415,-0.49,-0.367,-0.449,-0.03
COGT,-0.311,-0.053,0.385,-0.656,-0.19,0.616,0.092,0.48,-0.828,-0.879,0.79,0.215,-0.319,0.205,-0.548,0.742,-0.629,-0.709,-0.22,-0.496,0.888,-0.831,-0.025,0.085,-0.406,0.164,-0.791,0.303,0.355,-0.326,-0.084,0.488,0.599,-0.221,-0.458,0.882,-0.307,-0.084,-0.299,0.0,-0.243,0.743,0.527,0.689,-0.771,0.386,0.588,0.651,-0.775,-0.575,0.5,0.831,-0.322,0.83,0.955,-0.617,0.646,0.38,-0.029,0.921,-0.21,-0.652,-0.667,0.307,-0.159,0.909,-0.756,0.527,0.832,0.059,0.617,-0.493,-0.116,0.736,0.759,-0.676,0.29,-0.738,-0.067,0.618,-0.819,-0.771,-0.551,0.278,0.267,0.632,0.142,0.823,-0.503,0.222,-0.382,0.887,0.782,-0.117,0.734,0.06,0.587,0.636,-0.005,-0.632,0.573,-0.618,0.834,-0.755,0.045,-0.24,-0.487,-0.683,-0.152,0.016,0.366,0.219,0.649,-0.408,-0.765,0.506,0.356,0.104,-0.317,-0.159,0.379,-0.699,0.753,-0.79,-0.79,-0.176,0.898,0.68,0.294,-0.028,0.163,0.795,0.799,-0.675,0.206,0.631,0.839,0.597,-0.485,0.127,-0.787,0.519,0.56,0.788,-0.374,-0.332,0.831,0.875,0.868,-0.628,0.018,-0.716,0.464,-0.351,-0.294,-0.039,0.748,-0.291,0.202,-0.359,-0.805,0.796,0.681,-0.425,-0.593,0.524,-0.51,0.779,0.767,-0.109,0.017,0.937,-0.525,0.855,-0.298,-0.019,0.115,0.184,0.463,-0.144,-0.634,0.187,0.189,0.641,0.597,-0.469,-0.28,-0.781,0.851,-0.572,-0.519,-0.553,-0.119,0.837,-0.218,0.615,0.216,0.723,0.423,-0.019
CRNC,0.76,-0.069,0.604,0.646,0.539,-0.736,0.755,0.172,0.527,0.347,-0.235,0.622,0.806,0.561,0.777,0.121,0.736,0.341,0.897,0.827,-0.098,0.067,0.671,0.591,0.03,-0.327,0.53,-0.588,0.165,0.379,0.718,0.555,-0.142,-0.23,0.356,-0.059,0.762,0.827,0.207,-0.243,0.0,-0.03,0.103,-0.13,0.538,-0.423,-0.017,0.177,0.306,0.616,0.149,-0.293,0.498,-0.327,-0.191,0.656,0.211,0.494,0.477,-0.062,0.697,0.384,0.427,0.276,0.174,-0.346,0.598,-0.33,-0.485,-0.605,0.297,0.707,0.81,-0.133,0.206,0.642,-0.387,0.094,0.066,-0.287,0.541,0.458,0.321,-0.575,0.723,-0.317,0.121,0.067,0.606,-0.591,0.61,-0.229,-0.559,0.698,-0.23,0.58,-0.753,-0.64,0.709,0.549,-0.554,0.63,0.148,0.088,0.708,0.688,0.729,-0.27,0.781,0.647,0.542,0.613,0.257,0.653,0.373,-0.048,-0.315,0.417,0.578,0.262,0.176,0.553,-0.175,0.548,0.559,0.112,0.047,0.324,-0.28,0.543,0.776,-0.087,-0.362,0.384,0.093,-0.193,-0.324,-0.688,0.389,0.645,0.409,0.446,-0.682,-0.233,0.676,0.608,-0.407,-0.479,-0.289,0.287,-0.235,0.568,0.386,0.527,0.626,0.306,-0.46,0.688,0.625,0.324,0.614,-0.402,0.402,0.716,0.689,-0.288,0.648,-0.415,0.097,0.023,0.545,-0.272,0.71,-0.05,0.452,0.37,0.658,0.353,0.28,0.859,0.463,0.559,0.423,-0.164,0.073,0.729,0.638,0.301,-0.134,0.535,0.354,0.698,-0.295,0.03,0.767,-0.475,-0.694,-0.724,0.207,0.807
CRSP,-0.197,-0.067,0.35,-0.568,0.084,0.48,0.336,0.246,-0.535,-0.684,0.809,0.435,-0.085,0.263,-0.364,0.731,-0.405,-0.388,0.009,-0.244,0.768,-0.712,0.255,0.063,-0.189,0.352,-0.585,0.069,0.669,-0.021,0.207,0.604,0.74,-0.112,-0.376,0.678,-0.274,0.116,-0.324,0.743,-0.03,0.0,0.523,0.525,-0.682,0.29,0.583,0.803,-0.515,-0.345,0.223,0.683,0.01,0.697,0.807,-0.241,0.621,0.419,0.306,0.683,-0.022,-0.39,-0.327,0.467,0.326,0.723,-0.661,0.6,0.583,-0.156,0.601,-0.453,-0.006,0.734,0.719,-0.289,0.351,-0.634,0.237,0.53,-0.542,-0.616,-0.403,-0.076,0.439,0.473,0.077,0.817,-0.653,0.22,-0.1,0.845,0.607,0.226,0.634,-0.097,0.253,0.575,0.202,-0.153,0.584,-0.246,0.64,-0.609,-0.023,-0.306,-0.234,-0.434,0.001,0.029,0.587,0.562,0.791,-0.179,-0.728,0.687,0.236,0.238,0.013,0.033,0.183,-0.499,0.887,-0.522,-0.514,0.052,0.769,0.726,0.036,0.03,0.329,0.855,0.755,-0.364,0.479,0.419,0.782,0.345,-0.073,0.235,-0.525,0.647,0.417,0.49,-0.371,-0.201,0.708,0.633,0.861,-0.452,0.051,-0.609,0.636,-0.201,-0.265,0.149,0.555,-0.129,0.482,0.018,-0.439,0.796,0.615,-0.358,-0.194,0.397,-0.255,0.678,0.821,-0.054,0.139,0.731,-0.17,0.767,0.015,0.235,0.38,0.409,0.277,-0.012,-0.372,0.227,0.418,0.653,0.562,-0.224,-0.272,-0.51,0.682,-0.338,-0.112,-0.394,-0.078,0.82,-0.167,0.704,0.22,0.545,0.534,0.183
CSTL,0.114,0.548,0.297,-0.353,0.212,0.255,0.412,0.428,-0.157,-0.327,0.549,0.36,0.223,0.41,0.14,0.67,-0.029,-0.207,0.122,-0.072,0.496,-0.237,0.437,0.431,-0.423,0.209,-0.482,0.101,0.645,0.495,0.591,0.481,0.805,-0.305,-0.559,0.439,0.322,0.302,-0.54,0.527,0.103,0.523,0.0,0.714,-0.339,-0.172,0.588,0.7,-0.083,-0.109,-0.012,0.545,-0.009,0.696,0.62,0.11,0.675,0.271,0.424,0.492,0.42,0.188,0.071,0.756,0.345,0.533,-0.475,0.358,0.329,0.194,0.498,-0.149,0.077,0.804,0.509,-0.128,0.63,-0.234,0.506,0.342,-0.156,-0.511,-0.471,-0.188,0.34,0.323,0.582,0.712,-0.178,-0.08,0.029,0.603,0.506,0.295,0.668,0.52,0.246,0.485,0.419,0.073,0.398,0.119,0.486,-0.565,0.202,0.19,0.113,-0.317,0.36,0.533,0.744,0.337,0.699,0.136,-0.274,0.795,0.639,0.587,0.488,-0.353,0.542,0.022,0.427,-0.413,-0.405,-0.346,0.532,0.467,-0.146,0.061,0.427,0.597,0.542,0.08,0.335,0.699,0.511,0.187,0.195,0.204,-0.123,0.565,0.437,0.414,0.024,0.432,0.494,0.339,0.45,0.186,-0.421,-0.561,0.368,0.361,0.157,0.074,0.136,0.356,0.537,0.354,-0.276,0.485,0.384,0.099,-0.163,0.396,-0.231,0.595,0.521,0.629,0.726,0.625,0.103,0.423,-0.101,0.394,0.649,0.731,0.703,0.172,0.001,0.617,0.637,0.534,0.461,0.17,0.225,-0.217,0.62,-0.22,-0.343,-0.082,0.534,0.555,0.198,0.513,0.219,0.29,0.897,0.411
CTSH,-0.267,0.456,0.164,-0.596,-0.16,0.442,0.058,0.486,-0.556,-0.69,0.546,0.042,-0.161,0.313,-0.244,0.697,-0.32,-0.333,-0.198,-0.429,0.608,-0.402,0.059,0.079,-0.672,0.108,-0.672,0.425,0.349,0.007,0.161,0.267,0.738,-0.324,-0.586,0.582,0.015,-0.04,-0.576,0.689,-0.13,0.525,0.714,0.0,-0.501,-0.029,0.506,0.482,-0.397,-0.533,0.08,0.818,-0.464,0.777,0.751,-0.349,0.63,0.119,-0.03,0.623,-0.009,-0.228,-0.32,0.314,-0.086,0.769,-0.626,0.507,0.671,0.309,0.388,-0.384,-0.124,0.7,0.525,-0.553,0.628,-0.474,0.254,0.602,-0.518,-0.749,-0.559,0.29,0.04,0.55,0.584,0.606,-0.281,0.271,-0.31,0.697,0.627,-0.064,0.649,0.327,0.585,0.618,0.144,-0.287,0.6,-0.287,0.583,-0.747,0.022,0.036,-0.352,-0.377,-0.086,0.179,0.47,0.033,0.476,-0.347,-0.443,0.638,0.608,0.167,-0.018,-0.544,0.272,-0.411,0.464,-0.742,-0.738,-0.536,0.649,0.393,0.287,-0.177,0.181,0.53,0.631,-0.221,0.186,0.75,0.643,0.575,-0.325,-0.044,-0.516,0.437,0.651,0.626,-0.156,0.156,0.675,0.661,0.577,-0.272,-0.315,-0.748,0.165,-0.174,-0.132,-0.261,0.52,-0.048,0.162,0.023,-0.642,0.66,0.426,-0.165,-0.54,0.396,-0.575,0.664,0.567,0.386,0.335,0.777,-0.378,0.522,-0.323,0.024,0.283,0.415,0.54,-0.102,-0.48,0.32,0.529,0.351,0.453,-0.248,-0.116,-0.384,0.717,-0.577,-0.659,-0.38,0.25,0.634,0.036,0.422,0.31,0.557,0.602,0.055
CVGW,0.518,0.147,-0.083,0.728,0.142,-0.733,0.119,-0.288,0.743,0.794,-0.627,-0.002,0.463,0.032,0.672,-0.397,0.794,0.585,0.445,0.603,-0.607,0.71,0.103,0.176,0.186,-0.243,0.746,-0.319,-0.311,0.281,0.309,-0.196,-0.487,-0.082,0.379,-0.663,0.543,0.298,0.277,-0.771,0.538,-0.682,-0.339,-0.501,0.0,-0.292,-0.59,-0.549,0.708,0.599,-0.323,-0.705,0.384,-0.613,-0.733,0.623,-0.309,-0.02,0.068,-0.609,0.341,0.657,0.561,-0.09,0.007,-0.732,0.8,-0.525,-0.669,-0.105,-0.33,0.591,0.335,-0.585,-0.444,0.656,-0.443,0.59,-0.054,-0.44,0.732,0.698,0.478,-0.283,0.043,-0.667,0.135,-0.602,0.756,-0.401,0.477,-0.731,-0.686,0.27,-0.556,0.338,-0.609,-0.73,0.212,0.611,-0.623,0.616,-0.499,0.578,0.256,0.443,0.522,0.329,0.404,0.205,-0.127,-0.036,-0.485,0.492,0.859,-0.39,-0.237,0.135,0.379,0.135,-0.147,0.682,-0.649,0.741,0.742,0.063,-0.565,-0.429,-0.222,0.222,0.086,-0.726,-0.754,0.509,-0.016,-0.418,-0.66,-0.568,0.439,0.029,0.732,-0.206,-0.6,-0.582,0.488,0.542,-0.666,-0.712,-0.792,0.636,0.021,0.738,-0.276,0.452,0.481,-0.005,-0.679,0.53,-0.038,0.351,0.733,-0.702,-0.338,0.539,0.603,-0.273,0.514,-0.625,-0.514,0.1,0.278,-0.72,0.635,-0.644,0.233,-0.013,0.113,-0.096,-0.132,0.472,0.591,0.081,0.027,-0.573,-0.387,0.625,0.518,0.699,-0.573,0.508,0.328,0.598,0.016,-0.554,0.543,-0.71,-0.354,-0.744,-0.301,0.254
DGLY,-0.363,-0.278,-0.1,-0.403,-0.38,0.376,-0.293,-0.183,-0.538,-0.376,0.49,-0.101,-0.549,-0.337,-0.619,0.222,-0.484,-0.439,-0.402,-0.467,0.489,-0.338,-0.428,-0.38,0.171,0.222,-0.366,0.267,-0.031,-0.532,-0.405,0.032,0.071,0.034,-0.2,0.272,-0.631,-0.41,0.121,0.386,-0.423,0.29,-0.172,-0.029,-0.292,0.0,-0.103,0.048,-0.45,-0.362,0.187,0.212,-0.056,0.382,0.378,-0.523,0.183,0.149,-0.224,0.375,-0.545,-0.495,-0.569,0.053,-0.097,0.39,-0.447,0.375,0.513,0.12,0.131,-0.516,-0.38,0.206,0.276,-0.405,-0.167,-0.376,-0.313,0.376,-0.59,-0.354,-0.13,0.247,-0.055,0.118,-0.127,0.207,-0.476,0.354,-0.208,0.368,0.465,-0.328,0.291,-0.454,0.356,0.342,-0.431,-0.366,0.329,-0.484,0.234,-0.128,-0.356,-0.658,-0.56,-0.24,-0.338,-0.551,-0.211,-0.054,0.053,-0.377,-0.299,0.026,0.035,-0.175,-0.542,0.198,-0.057,-0.578,0.525,-0.317,-0.325,0.149,0.337,0.218,0.093,-0.06,-0.354,0.243,0.325,-0.607,0.258,0.019,0.548,0.438,-0.335,-0.255,-0.4,0.096,0.354,0.283,-0.619,-0.634,0.51,0.547,0.398,-0.388,0.553,-0.28,0.133,-0.448,-0.458,0.034,0.52,-0.5,-0.212,-0.275,-0.434,0.489,0.149,-0.648,-0.291,0.409,-0.265,0.405,0.386,-0.502,-0.369,0.333,-0.332,0.416,-0.122,-0.333,-0.375,-0.361,-0.188,-0.339,-0.394,-0.327,-0.194,0.223,0.164,-0.458,-0.399,-0.439,0.41,-0.372,-0.085,-0.574,-0.235,0.397,-0.492,0.367,0.336,0.538,-0.31,-0.411
DNLI,0.104,0.008,0.536,-0.26,0.381,0.446,0.45,0.707,-0.256,-0.479,0.401,0.489,0.175,0.594,-0.082,0.341,-0.309,-0.401,0.132,-0.036,0.567,-0.527,0.421,0.471,-0.155,0.023,-0.324,-0.034,0.357,0.185,0.212,0.543,0.457,0.185,-0.095,0.744,0.096,0.193,-0.148,0.588,-0.017,0.583,0.588,0.506,-0.59,-0.103,0.0,0.703,-0.397,-0.066,0.465,0.557,-0.149,0.42,0.656,-0.066,0.606,0.464,0.31,0.664,0.364,-0.263,-0.01,0.366,0.1,0.548,-0.329,0.219,0.316,-0.123,0.693,0.027,0.233,0.603,0.663,-0.198,0.431,-0.248,0.179,0.177,-0.288,-0.32,-0.187,-0.065,0.384,0.52,0.07,0.695,-0.205,-0.052,0.034,0.623,0.289,0.259,0.396,0.284,0.144,0.39,0.388,-0.323,0.23,-0.156,0.673,-0.5,0.405,0.131,0.12,-0.393,0.237,0.424,0.539,0.441,0.721,0.091,-0.614,0.509,0.109,0.153,0.152,0.07,0.435,-0.139,0.422,-0.361,-0.359,0.116,0.538,0.633,0.142,0.355,0.423,0.793,0.665,-0.062,-0.019,0.533,0.4,0.145,-0.031,0.539,-0.323,0.553,0.225,0.437,0.047,-0.06,0.301,0.396,0.613,-0.343,-0.143,-0.365,0.644,0.114,0.189,0.284,0.444,-0.03,0.479,-0.165,-0.293,0.385,0.548,0.088,-0.178,0.153,-0.0,0.409,0.572,0.171,0.239,0.632,-0.245,0.677,0.09,0.535,0.362,0.571,0.554,0.085,-0.087,0.479,0.266,0.526,0.683,-0.169,0.032,-0.383,0.579,0.05,-0.148,0.075,0.117,0.542,0.022,0.418,-0.123,0.284,0.72,0.311
DOCU,0.087,0.035,0.507,-0.341,0.344,0.288,0.61,0.346,-0.289,-0.466,0.713,0.693,0.285,0.439,-0.033,0.662,-0.111,-0.26,0.271,0.057,0.682,-0.628,0.577,0.468,-0.132,0.073,-0.436,-0.203,0.793,0.283,0.423,0.73,0.641,-0.102,-0.339,0.631,0.113,0.478,-0.266,0.651,0.177,0.803,0.7,0.482,-0.549,0.048,0.703,0.0,-0.352,-0.02,0.248,0.511,0.221,0.55,0.715,0.06,0.642,0.521,0.618,0.637,0.315,-0.199,-0.079,0.644,0.423,0.596,-0.443,0.364,0.318,-0.32,0.704,-0.122,0.215,0.715,0.747,-0.058,0.351,-0.446,0.207,0.144,-0.28,-0.45,-0.385,-0.413,0.61,0.284,0.182,0.889,-0.403,-0.116,0.081,0.709,0.397,0.333,0.682,0.204,0.013,0.368,0.462,-0.067,0.413,0.036,0.641,-0.598,0.283,0.074,0.171,-0.467,0.328,0.389,0.789,0.693,0.878,0.174,-0.571,0.669,0.165,0.376,0.366,0.049,0.279,-0.161,0.738,-0.351,-0.34,0.017,0.64,0.782,-0.151,0.29,0.586,0.847,0.636,-0.071,0.392,0.361,0.625,0.037,0.186,0.517,-0.339,0.766,0.214,0.442,-0.01,0.016,0.479,0.385,0.721,-0.234,-0.238,-0.442,0.732,0.203,0.028,0.378,0.358,0.182,0.713,0.23,-0.205,0.545,0.644,0.032,0.01,0.256,0.006,0.46,0.769,0.183,0.409,0.669,0.055,0.706,0.204,0.422,0.629,0.687,0.49,0.237,-0.025,0.563,0.481,0.702,0.601,0.062,0.013,-0.389,0.599,-0.057,0.005,-0.079,0.053,0.748,0.029,0.582,-0.053,0.241,0.775,0.503
DVAX,0.415,0.438,-0.325,0.513,0.3,-0.499,0.122,-0.347,0.863,0.784,-0.487,-0.028,0.441,-0.045,0.658,-0.383,0.694,0.67,0.288,0.518,-0.672,0.787,0.248,0.221,0.234,0.124,0.632,-0.324,-0.002,0.686,0.413,-0.251,-0.196,0.118,0.136,-0.764,0.485,0.236,-0.081,-0.775,0.306,-0.515,-0.083,-0.397,0.708,-0.45,-0.397,-0.352,0.0,0.648,-0.649,-0.648,0.447,-0.503,-0.691,0.743,-0.296,-0.264,0.3,-0.751,0.463,0.882,0.757,0.111,0.426,-0.711,0.547,-0.383,-0.749,0.058,-0.337,0.404,0.118,-0.3,-0.557,0.712,0.048,0.714,0.303,-0.417,0.772,0.555,0.314,-0.402,-0.099,-0.643,0.19,-0.489,0.456,-0.372,0.452,-0.66,-0.514,0.34,-0.387,0.208,-0.524,-0.404,0.246,0.739,-0.314,0.736,-0.704,0.601,0.053,0.286,0.59,0.692,0.378,0.238,0.018,-0.022,-0.323,0.549,0.655,-0.032,-0.042,0.304,0.653,-0.053,-0.122,0.807,-0.524,0.679,0.682,0.052,-0.696,-0.521,-0.515,0.017,0.017,-0.54,-0.587,0.744,0.092,-0.241,-0.56,-0.548,0.708,-0.032,0.828,-0.219,-0.387,-0.736,0.335,0.614,-0.618,-0.764,-0.666,0.819,-0.185,0.48,-0.317,0.576,0.374,0.087,-0.79,0.614,0.129,0.592,0.689,-0.527,-0.515,0.423,0.615,-0.193,0.465,-0.424,-0.56,0.469,0.428,-0.676,0.658,-0.693,0.212,0.274,0.228,0.245,-0.127,0.314,0.777,0.201,0.192,-0.318,-0.42,0.666,0.439,0.861,-0.656,0.516,0.388,0.508,0.49,-0.59,0.377,-0.353,-0.012,-0.613,0.032,0.26
EBAY,0.78,-0.076,0.303,0.836,0.693,-0.631,0.599,-0.024,0.85,0.742,-0.427,0.531,0.739,0.374,0.814,-0.414,0.702,0.456,0.716,0.883,-0.411,0.388,0.628,0.595,0.554,-0.116,0.796,-0.749,0.05,0.596,0.527,0.291,-0.393,0.21,0.557,-0.345,0.652,0.668,0.372,-0.575,0.616,-0.345,-0.109,-0.533,0.599,-0.362,-0.066,-0.02,0.648,0.0,-0.023,-0.677,0.714,-0.632,-0.51,0.806,-0.119,0.267,0.599,-0.397,0.673,0.613,0.749,0.216,0.405,-0.684,0.763,-0.559,-0.803,-0.539,0.187,0.788,0.644,-0.323,-0.108,0.877,-0.359,0.573,0.146,-0.566,0.788,0.79,0.643,-0.647,0.417,-0.566,-0.161,-0.188,0.563,-0.683,0.797,-0.534,-0.715,0.641,-0.425,0.335,-0.868,-0.664,0.538,0.557,-0.649,0.754,-0.272,0.596,0.552,0.562,0.902,0.238,0.762,0.494,0.226,0.413,0.041,0.89,0.544,-0.195,-0.483,0.356,0.657,0.508,0.12,0.813,-0.354,0.878,0.882,0.471,-0.438,-0.004,-0.482,0.61,0.481,-0.237,-0.456,0.607,-0.045,-0.374,-0.557,-0.862,0.698,0.599,0.765,0.174,-0.755,-0.636,0.622,0.419,-0.731,-0.779,-0.502,0.544,-0.112,0.798,0.233,0.716,0.607,0.529,-0.627,0.622,0.508,0.358,0.831,-0.607,-0.042,0.717,0.801,-0.424,0.891,-0.61,-0.233,0.038,0.387,-0.547,0.768,-0.288,0.641,0.611,0.412,0.318,-0.015,0.685,0.872,0.482,0.106,-0.134,-0.077,0.723,0.654,0.552,-0.468,0.877,0.732,0.843,0.024,-0.349,0.573,-0.453,-0.596,-0.832,0.107,0.635
EHTH,0.185,-0.528,0.703,0.11,0.136,0.127,0.31,0.561,-0.36,-0.343,0.129,0.384,0.088,0.463,-0.087,0.045,-0.31,-0.647,0.212,0.078,0.505,-0.616,0.121,0.297,0.092,-0.198,-0.075,-0.111,-0.211,-0.332,-0.127,0.49,-0.156,0.109,0.369,0.746,0.039,0.174,0.53,0.5,0.149,0.223,-0.012,0.08,-0.323,0.187,0.465,0.248,-0.649,-0.023,0.0,0.23,-0.115,0.107,0.425,-0.331,0.323,0.645,0.006,0.67,0.035,-0.614,-0.31,-0.025,-0.4,0.312,0.012,-0.111,0.313,-0.37,0.611,0.224,0.481,0.112,0.613,-0.215,-0.355,-0.343,-0.375,0.095,-0.313,0.02,0.215,0.154,0.456,0.474,-0.3,0.402,0.112,-0.135,0.111,0.348,0.028,0.088,0.044,0.166,-0.009,-0.081,0.176,-0.585,-0.263,-0.396,0.728,-0.253,0.454,0.202,-0.01,-0.735,0.186,0.261,0.066,0.304,0.393,0.061,-0.296,-0.163,-0.327,-0.064,-0.341,0.459,0.499,-0.284,0.177,-0.087,-0.094,0.388,0.54,0.641,0.379,0.56,0.335,0.436,0.31,-0.439,-0.323,0.158,0.174,0.009,-0.415,0.533,-0.372,0.304,-0.158,0.493,0.171,-0.398,0.143,0.322,0.351,-0.568,0.24,0.109,0.566,-0.082,0.166,0.265,0.464,-0.246,0.196,-0.649,-0.223,0.04,0.609,0.129,-0.201,-0.094,0.149,0.037,0.427,-0.528,-0.204,0.397,-0.267,0.64,0.195,0.206,-0.037,-0.099,0.323,0.194,-0.263,0.203,-0.269,0.215,0.526,-0.259,0.163,-0.602,0.462,0.132,-0.025,0.161,-0.569,0.378,0.131,-0.001,-0.484,0.083,0.029,0.131
ERII,-0.43,0.166,0.125,-0.711,-0.286,0.673,-0.075,0.474,-0.76,-0.862,0.678,-0.028,-0.429,0.188,-0.542,0.672,-0.641,-0.505,-0.356,-0.626,0.735,-0.565,-0.125,-0.082,-0.548,0.19,-0.785,0.533,0.293,-0.313,-0.106,0.251,0.681,-0.17,-0.496,0.713,-0.332,-0.25,-0.43,0.831,-0.293,0.683,0.545,0.818,-0.705,0.212,0.557,0.511,-0.648,-0.677,0.23,0.0,-0.544,0.792,0.853,-0.591,0.599,0.195,-0.172,0.734,-0.247,-0.508,-0.55,0.202,-0.209,0.885,-0.76,0.655,0.834,0.292,0.398,-0.558,-0.244,0.687,0.578,-0.709,0.482,-0.57,0.109,0.709,-0.764,-0.799,-0.555,0.447,0.02,0.694,0.28,0.62,-0.528,0.462,-0.437,0.839,0.753,-0.166,0.648,0.005,0.713,0.755,-0.076,-0.479,0.653,-0.561,0.663,-0.724,-0.111,-0.297,-0.56,-0.409,-0.29,-0.105,0.284,0.077,0.479,-0.57,-0.685,0.548,0.47,-0.07,-0.318,-0.33,0.205,-0.704,0.627,-0.846,-0.847,-0.392,0.747,0.475,0.419,-0.228,0.002,0.65,0.746,-0.47,0.226,0.668,0.733,0.74,-0.491,-0.102,-0.732,0.432,0.708,0.707,-0.438,-0.208,0.776,0.853,0.723,-0.558,-0.016,-0.809,0.284,-0.428,-0.365,-0.259,0.759,-0.355,0.052,-0.241,-0.781,0.8,0.467,-0.448,-0.661,0.442,-0.63,0.75,0.67,0.111,0.006,0.862,-0.613,0.669,-0.325,-0.061,0.054,0.199,0.424,-0.319,-0.68,0.081,0.318,0.379,0.53,-0.519,-0.406,-0.612,0.796,-0.668,-0.625,-0.574,0.058,0.722,-0.266,0.506,0.373,0.773,0.418,-0.165
ESLT,0.59,-0.187,0.243,0.526,0.554,-0.513,0.594,-0.369,0.569,0.536,-0.0,0.621,0.61,0.156,0.539,-0.04,0.631,0.361,0.644,0.715,-0.171,0.156,0.638,0.381,0.566,0.04,0.539,-0.731,0.429,0.499,0.554,0.438,-0.135,-0.01,0.24,-0.281,0.382,0.682,0.231,-0.322,0.498,0.01,-0.009,-0.464,0.384,-0.056,-0.149,0.221,0.447,0.714,-0.115,-0.544,0.0,-0.303,-0.27,0.703,-0.061,0.251,0.724,-0.236,0.43,0.48,0.47,0.446,0.663,-0.457,0.4,-0.304,-0.553,-0.539,0.175,0.447,0.485,-0.175,0.044,0.77,-0.331,0.186,0.128,-0.361,0.555,0.47,0.338,-0.784,0.558,-0.617,-0.123,0.067,0.127,-0.585,0.606,-0.278,-0.381,0.556,-0.057,0.139,-0.75,-0.453,0.412,0.568,-0.317,0.686,-0.193,0.388,0.272,0.267,0.666,0.072,0.618,0.325,0.388,0.569,0.255,0.743,0.354,-0.007,-0.348,0.497,0.614,0.399,0.011,0.528,0.087,0.661,0.665,0.482,-0.178,0.19,-0.625,0.465,0.493,-0.038,-0.294,0.377,0.406,-0.351,-0.2,-0.764,0.708,0.487,0.586,0.249,-0.574,-0.459,0.355,0.257,-0.322,-0.553,-0.187,0.459,-0.034,0.512,0.312,0.542,0.312,0.593,-0.498,0.53,0.56,0.551,0.67,-0.232,0.101,0.422,0.758,-0.094,0.713,-0.299,0.002,-0.09,0.334,-0.346,0.828,-0.126,0.637,0.409,0.52,0.291,-0.179,0.635,0.677,0.396,0.181,0.148,-0.058,0.646,0.455,0.324,-0.307,0.607,0.744,0.456,-0.009,-0.032,0.369,-0.082,-0.365,-0.573,0.137,0.621
EXPE,-0.351,0.334,0.081,-0.777,-0.312,0.623,-0.032,0.275,-0.7,-0.736,0.838,0.033,-0.348,0.07,-0.495,0.814,-0.494,-0.561,-0.346,-0.597,0.789,-0.516,-0.093,-0.037,-0.488,0.372,-0.813,0.51,0.437,-0.105,0.08,0.304,0.833,-0.377,-0.734,0.632,-0.283,-0.198,-0.531,0.83,-0.327,0.697,0.696,0.777,-0.613,0.382,0.42,0.55,-0.503,-0.632,0.107,0.792,-0.303,0.0,0.867,-0.485,0.67,0.194,-0.028,0.733,-0.196,-0.321,-0.534,0.486,0.034,0.877,-0.855,0.679,0.835,0.405,0.413,-0.649,-0.342,0.844,0.599,-0.613,0.524,-0.601,0.197,0.722,-0.724,-0.868,-0.663,0.289,0.113,0.537,0.473,0.733,-0.539,0.357,-0.366,0.863,0.905,-0.107,0.85,0.105,0.692,0.772,-0.072,-0.335,0.724,-0.468,0.62,-0.736,-0.191,-0.347,-0.529,-0.442,-0.173,-0.011,0.393,0.093,0.559,-0.401,-0.578,0.739,0.686,0.265,-0.131,-0.437,0.379,-0.575,0.725,-0.806,-0.807,-0.358,0.791,0.49,0.136,-0.234,0.009,0.668,0.771,-0.504,0.432,0.752,0.886,0.697,-0.299,-0.172,-0.56,0.425,0.79,0.713,-0.502,-0.096,0.931,0.84,0.754,-0.27,-0.052,-0.856,0.255,-0.227,-0.283,-0.211,0.592,-0.148,0.123,-0.041,-0.767,0.856,0.43,-0.505,-0.558,0.683,-0.665,0.927,0.691,0.216,0.227,0.859,-0.374,0.662,-0.406,-0.065,0.169,0.279,0.472,-0.244,-0.523,0.146,0.366,0.61,0.513,-0.361,-0.22,-0.573,0.838,-0.691,-0.625,-0.661,0.261,0.781,-0.215,0.725,0.553,0.802,0.51,-0.109
EXPO,-0.244,0.063,0.387,-0.663,-0.1,0.603,0.19,0.494,-0.756,-0.859,0.842,0.305,-0.237,0.312,-0.476,0.793,-0.55,-0.652,-0.149,-0.439,0.93,-0.776,0.082,0.141,-0.42,0.201,-0.764,0.284,0.441,-0.199,0.039,0.544,0.714,-0.21,-0.494,0.879,-0.236,-0.019,-0.343,0.955,-0.191,0.807,0.62,0.751,-0.733,0.378,0.656,0.715,-0.691,-0.51,0.425,0.853,-0.27,0.867,0.0,-0.497,0.759,0.455,0.082,0.923,-0.109,-0.549,-0.556,0.425,-0.058,0.924,-0.76,0.567,0.814,0.064,0.686,-0.473,-0.08,0.813,0.827,-0.587,0.376,-0.702,0.042,0.659,-0.759,-0.782,-0.531,0.191,0.329,0.598,0.26,0.878,-0.504,0.218,-0.276,0.925,0.765,-0.01,0.766,0.134,0.535,0.658,0.096,-0.504,0.608,-0.506,0.851,-0.764,0.074,-0.216,-0.41,-0.643,-0.053,0.08,0.486,0.307,0.731,-0.326,-0.743,0.643,0.39,0.173,-0.195,-0.169,0.396,-0.633,0.812,-0.761,-0.759,-0.171,0.914,0.735,0.251,0.04,0.237,0.846,0.841,-0.575,0.328,0.695,0.889,0.575,-0.376,0.164,-0.712,0.631,0.589,0.756,-0.344,-0.234,0.84,0.867,0.892,-0.552,0.005,-0.736,0.545,-0.271,-0.237,-0.009,0.746,-0.215,0.298,-0.226,-0.736,0.849,0.697,-0.37,-0.498,0.521,-0.46,0.809,0.856,-0.026,0.143,0.958,-0.443,0.89,-0.212,0.073,0.234,0.313,0.504,-0.076,-0.547,0.294,0.342,0.663,0.688,-0.38,-0.223,-0.7,0.898,-0.526,-0.482,-0.493,-0.034,0.903,-0.154,0.642,0.237,0.705,0.544,0.064
FBIOP,0.697,0.173,0.169,0.66,0.67,-0.673,0.621,-0.165,0.864,0.715,-0.374,0.493,0.805,0.311,0.858,-0.188,0.849,0.656,0.742,0.833,-0.46,0.505,0.705,0.499,0.294,-0.176,0.675,-0.662,0.293,0.772,0.723,0.232,-0.123,0.046,0.26,-0.468,0.72,0.698,0.101,-0.617,0.656,-0.241,0.11,-0.349,0.623,-0.523,-0.066,0.06,0.743,0.806,-0.331,-0.591,0.703,-0.485,-0.497,0.0,-0.089,0.106,0.664,-0.485,0.762,0.779,0.793,0.371,0.58,-0.622,0.628,-0.442,-0.785,-0.367,-0.004,0.681,0.559,-0.237,-0.186,0.884,-0.079,0.477,0.312,-0.526,0.869,0.583,0.374,-0.784,0.41,-0.615,0.153,-0.166,0.469,-0.608,0.639,-0.502,-0.633,0.623,-0.308,0.428,-0.827,-0.566,0.573,0.803,-0.473,0.937,-0.366,0.365,0.431,0.563,0.886,0.291,0.737,0.56,0.445,0.416,0.106,0.803,0.565,0.022,-0.226,0.432,0.857,0.185,-0.006,0.837,-0.338,0.744,0.756,0.188,-0.437,-0.05,-0.573,0.419,0.532,-0.262,-0.484,0.811,0.161,-0.291,-0.519,-0.829,0.806,0.458,0.774,0.151,-0.613,-0.602,0.605,0.69,-0.618,-0.791,-0.478,0.701,-0.278,0.578,0.133,0.726,0.568,0.44,-0.73,0.739,0.534,0.718,0.871,-0.517,-0.093,0.701,0.836,-0.274,0.742,-0.512,-0.24,0.352,0.594,-0.537,0.877,-0.421,0.569,0.469,0.654,0.501,0.023,0.671,0.828,0.515,0.379,-0.167,-0.179,0.854,0.592,0.661,-0.472,0.719,0.59,0.749,0.237,-0.318,0.574,-0.361,-0.428,-0.794,0.292,0.706
FFBC,0.171,0.285,0.488,-0.342,0.142,0.287,0.466,0.594,-0.311,-0.51,0.638,0.488,0.165,0.55,-0.006,0.688,-0.135,-0.366,0.181,-0.059,0.819,-0.472,0.294,0.438,-0.309,0.126,-0.394,0.132,0.417,0.143,0.395,0.61,0.65,-0.214,-0.364,0.688,0.178,0.246,-0.276,0.646,0.211,0.621,0.675,0.63,-0.309,0.183,0.606,0.642,-0.296,-0.119,0.323,0.599,-0.061,0.67,0.759,-0.089,0.0,0.663,0.304,0.749,0.316,-0.149,-0.133,0.632,0.096,0.688,-0.426,0.39,0.475,-0.023,0.748,-0.098,0.214,0.789,0.834,-0.217,0.292,-0.331,0.099,0.451,-0.392,-0.475,-0.354,-0.054,0.525,0.394,0.457,0.792,-0.077,0.015,0.201,0.724,0.443,0.277,0.614,0.461,0.192,0.356,0.398,-0.092,0.319,-0.126,0.781,-0.594,0.357,0.071,0.002,-0.537,0.358,0.403,0.645,0.522,0.726,0.091,-0.407,0.692,0.32,0.42,0.175,-0.065,0.509,-0.157,0.567,-0.392,-0.389,-0.111,0.75,0.723,0.054,0.362,0.435,0.725,0.641,-0.228,0.338,0.674,0.657,0.289,-0.065,0.35,-0.278,0.767,0.339,0.543,-0.051,0.139,0.55,0.549,0.608,-0.174,-0.056,-0.432,0.682,0.173,0.199,0.127,0.454,0.217,0.555,0.007,-0.367,0.541,0.656,0.005,-0.106,0.386,-0.107,0.593,0.83,0.174,0.522,0.716,-0.062,0.763,-0.04,0.333,0.46,0.532,0.733,0.239,-0.108,0.569,0.563,0.514,0.783,0.015,0.168,-0.34,0.823,-0.165,-0.32,-0.085,0.098,0.789,0.161,0.421,0.055,0.352,0.66,0.343
FFIN,0.425,-0.15,0.711,0.161,0.306,0.004,0.649,0.447,-0.069,-0.14,0.367,0.743,0.448,0.676,0.218,0.305,0.089,-0.34,0.495,0.345,0.625,-0.436,0.423,0.564,0.102,0.0,0.03,-0.237,0.205,0.097,0.353,0.701,0.18,0.003,0.183,0.615,0.309,0.499,0.338,0.38,0.494,0.419,0.271,0.119,-0.02,0.149,0.464,0.521,-0.264,0.267,0.645,0.195,0.251,0.194,0.455,0.106,0.663,0.0,0.464,0.623,0.375,-0.19,0.07,0.419,0.031,0.308,0.073,0.022,0.173,-0.439,0.816,0.276,0.599,0.357,0.784,0.162,-0.228,-0.163,-0.147,0.088,-0.092,0.041,0.166,-0.223,0.75,0.219,0.056,0.597,0.184,-0.206,0.519,0.443,-0.005,0.46,0.245,0.391,-0.263,-0.115,0.537,-0.045,-0.138,0.027,0.72,-0.233,0.561,0.278,0.304,-0.612,0.564,0.473,0.483,0.746,0.609,0.391,-0.136,0.273,-0.18,0.316,0.173,0.47,0.472,0.032,0.39,0.098,0.1,0.404,0.589,0.775,0.145,0.776,0.576,0.549,0.337,-0.132,0.222,0.215,0.33,-0.134,0.091,0.647,-0.089,0.703,-0.176,0.357,0.238,-0.011,0.163,0.218,0.374,-0.196,0.233,0.129,0.863,0.333,0.372,0.357,0.313,0.236,0.599,-0.109,0.07,0.145,0.643,0.307,0.196,0.008,0.355,0.135,0.682,-0.203,0.31,0.406,0.163,0.677,0.381,0.434,0.404,0.323,0.554,0.503,0.12,0.536,0.194,0.354,0.762,0.171,0.427,-0.272,0.545,0.286,0.15,0.315,-0.323,0.602,0.363,0.11,-0.399,-0.053,0.373,0.472
FOXF,0.528,0.091,0.37,0.272,0.625,-0.213,0.779,0.011,0.415,0.283,0.242,0.795,0.697,0.487,0.553,0.155,0.444,0.206,0.607,0.599,0.135,-0.053,0.801,0.569,0.367,0.089,0.241,-0.596,0.684,0.715,0.661,0.58,0.26,0.083,0.039,0.079,0.493,0.753,0.067,-0.029,0.477,0.306,0.424,-0.03,0.068,-0.224,0.31,0.618,0.3,0.599,0.006,-0.172,0.724,-0.028,0.082,0.664,0.304,0.464,0.0,0.066,0.6,0.374,0.556,0.699,0.726,-0.088,0.154,-0.102,-0.338,-0.479,0.497,0.373,0.519,0.248,0.365,0.608,0.079,0.151,0.266,-0.26,0.434,0.209,0.144,-0.768,0.624,-0.254,0.109,0.46,0.034,-0.474,0.626,0.102,-0.184,0.601,0.241,0.321,-0.566,-0.153,0.653,0.462,-0.056,0.652,0.127,0.015,0.369,0.382,0.702,-0.042,0.687,0.569,0.682,0.731,0.61,0.728,0.088,0.397,-0.135,0.533,0.764,0.316,0.207,0.453,0.289,0.388,0.396,0.336,0.069,0.463,-0.467,0.604,0.648,0.375,0.088,0.465,0.391,-0.013,0.076,-0.567,0.75,0.623,0.37,0.536,-0.295,-0.138,0.405,0.324,-0.125,-0.307,0.131,0.334,-0.184,0.182,0.583,0.662,0.337,0.682,-0.208,0.551,0.824,0.603,0.487,0.0,0.261,0.505,0.557,-0.081,0.583,-0.093,0.325,0.219,0.571,0.058,0.641,0.209,0.643,0.661,0.739,0.693,0.253,0.569,0.629,0.686,0.43,0.391,0.32,0.589,0.483,0.203,0.055,0.547,0.557,0.46,0.195,0.275,0.369,0.204,-0.28,-0.362,0.62,0.719
FWRD,-0.093,-0.113,0.568,-0.471,-0.066,0.484,0.278,0.594,-0.708,-0.774,0.72,0.393,-0.127,0.436,-0.385,0.665,-0.473,-0.726,-0.016,-0.292,0.935,-0.813,0.093,0.269,-0.311,0.07,-0.588,0.192,0.263,-0.274,0.01,0.606,0.501,-0.159,-0.278,0.959,-0.135,0.062,-0.1,0.921,-0.062,0.683,0.492,0.623,-0.609,0.375,0.664,0.637,-0.751,-0.397,0.67,0.734,-0.236,0.733,0.923,-0.485,0.749,0.623,0.066,0.0,-0.051,-0.632,-0.543,0.341,-0.21,0.847,-0.568,0.394,0.752,-0.072,0.767,-0.261,0.115,0.673,0.893,-0.515,0.142,-0.654,-0.176,0.541,-0.713,-0.608,-0.374,0.204,0.454,0.583,0.174,0.836,-0.289,0.093,-0.144,0.844,0.61,0.013,0.642,0.23,0.407,0.455,0.153,-0.588,0.375,-0.536,0.95,-0.71,0.269,-0.08,-0.308,-0.787,0.061,0.183,0.419,0.364,0.695,-0.205,-0.65,0.468,0.219,0.159,-0.252,0.004,0.472,-0.565,0.692,-0.62,-0.621,0.002,0.93,0.803,0.334,0.265,0.322,0.818,0.754,-0.623,0.182,0.629,0.771,0.452,-0.41,0.33,-0.663,0.618,0.391,0.798,-0.206,-0.297,0.716,0.803,0.826,-0.608,0.102,-0.513,0.634,-0.192,-0.062,0.071,0.745,-0.196,0.305,-0.397,-0.649,0.662,0.786,-0.235,-0.423,0.449,-0.298,0.669,0.827,-0.193,0.101,0.89,-0.416,0.935,-0.139,0.113,0.18,0.228,0.55,0.053,-0.485,0.317,0.186,0.589,0.751,-0.347,-0.082,-0.712,0.896,-0.36,-0.428,-0.316,-0.225,0.856,-0.036,0.487,0.005,0.566,0.441,0.115
GDS,0.756,0.213,0.54,0.503,0.782,-0.506,0.783,0.42,0.634,0.356,-0.235,0.625,0.83,0.586,0.793,0.041,0.622,0.346,0.77,0.752,-0.099,0.163,0.794,0.784,0.034,-0.202,0.424,-0.578,0.305,0.732,0.79,0.52,0.069,0.003,0.199,-0.003,0.797,0.739,-0.074,-0.21,0.697,-0.022,0.42,-0.009,0.341,-0.545,0.364,0.315,0.463,0.673,0.035,-0.247,0.43,-0.196,-0.109,0.762,0.316,0.375,0.6,-0.051,0.0,0.545,0.635,0.496,0.385,-0.277,0.424,-0.367,-0.55,-0.378,0.375,0.684,0.674,0.117,0.187,0.623,0.103,0.262,0.31,-0.358,0.593,0.361,0.18,-0.648,0.593,-0.202,0.224,0.186,0.518,-0.665,0.584,-0.179,-0.413,0.684,-0.133,0.682,-0.629,-0.388,0.748,0.5,-0.431,0.679,0.087,0.037,0.737,0.688,0.845,-0.064,0.857,0.846,0.637,0.532,0.432,0.763,0.219,0.206,-0.096,0.578,0.802,0.135,0.373,0.762,-0.239,0.467,0.479,0.096,-0.052,0.236,-0.441,0.553,0.742,0.115,-0.131,0.6,-0.062,0.12,-0.315,-0.642,0.536,0.709,0.498,0.369,-0.48,-0.246,0.638,0.664,-0.412,-0.497,-0.192,0.452,-0.422,0.374,0.415,0.735,0.762,0.483,-0.535,0.763,0.734,0.399,0.557,-0.371,0.295,0.725,0.634,-0.108,0.621,-0.238,0.04,0.438,0.752,-0.181,0.632,-0.026,0.362,0.642,0.727,0.698,0.48,0.725,0.638,0.747,0.502,0.081,0.187,0.726,0.637,0.375,-0.096,0.64,0.277,0.751,0.198,-0.064,0.609,-0.199,-0.508,-0.604,0.58,0.822
GERN,0.528,0.497,-0.178,0.505,0.344,-0.486,0.226,-0.264,0.831,0.736,-0.368,0.066,0.512,0.069,0.724,-0.2,0.712,0.635,0.366,0.524,-0.578,0.76,0.375,0.272,0.149,0.141,0.537,-0.273,0.156,0.734,0.641,-0.077,-0.009,-0.105,0.043,-0.666,0.574,0.342,-0.146,-0.652,0.384,-0.39,0.188,-0.228,0.657,-0.495,-0.263,-0.199,0.882,0.613,-0.614,-0.508,0.48,-0.321,-0.549,0.779,-0.149,-0.19,0.374,-0.632,0.545,0.0,0.756,0.336,0.52,-0.617,0.462,-0.246,-0.648,0.114,-0.241,0.41,0.184,-0.157,-0.433,0.693,0.104,0.617,0.551,-0.266,0.761,0.453,0.274,-0.445,0.027,-0.558,0.29,-0.337,0.41,-0.353,0.476,-0.5,-0.4,0.5,-0.223,0.384,-0.479,-0.317,0.319,0.819,-0.303,0.806,-0.557,0.471,0.123,0.361,0.615,0.539,0.5,0.361,0.22,0.054,-0.157,0.596,0.653,0.103,0.14,0.467,0.752,-0.128,0.08,0.787,-0.414,0.589,0.594,-0.043,-0.523,-0.373,-0.551,0.053,0.156,-0.445,-0.477,0.73,0.206,-0.11,-0.483,-0.529,0.745,0.012,0.854,-0.061,-0.304,-0.649,0.362,0.769,-0.48,-0.696,-0.627,0.928,-0.297,0.382,-0.238,0.659,0.44,0.081,-0.777,0.683,0.227,0.708,0.649,-0.413,-0.415,0.495,0.576,-0.136,0.413,-0.289,-0.432,0.567,0.593,-0.541,0.767,-0.621,0.23,0.365,0.422,0.346,0.008,0.387,0.738,0.292,0.356,-0.216,-0.32,0.682,0.568,0.72,-0.468,0.437,0.32,0.477,0.591,-0.43,0.48,-0.292,-0.021,-0.56,0.222,0.387
GPRE,0.543,0.304,-0.002,0.607,0.537,-0.414,0.393,-0.064,0.856,0.764,-0.456,0.282,0.672,0.315,0.782,-0.457,0.634,0.574,0.46,0.659,-0.516,0.598,0.484,0.373,0.381,0.04,0.647,-0.449,0.114,0.781,0.512,-0.02,-0.144,0.282,0.322,-0.48,0.614,0.457,0.136,-0.667,0.427,-0.327,0.071,-0.32,0.561,-0.569,-0.01,-0.079,0.757,0.749,-0.31,-0.55,0.47,-0.534,-0.556,0.793,-0.133,0.07,0.556,-0.543,0.635,0.756,0.0,0.221,0.489,-0.613,0.622,-0.423,-0.743,-0.179,-0.045,0.591,0.423,-0.225,-0.269,0.766,0.056,0.76,0.364,-0.536,0.852,0.656,0.466,-0.519,0.11,-0.378,0.075,-0.258,0.481,-0.388,0.703,-0.469,-0.631,0.497,-0.371,0.308,-0.635,-0.428,0.534,0.673,-0.42,0.794,-0.424,0.51,0.259,0.515,0.786,0.48,0.547,0.494,0.18,0.275,-0.061,0.724,0.58,0.006,-0.175,0.304,0.747,0.269,0.03,0.84,-0.443,0.732,0.734,0.285,-0.562,-0.24,-0.331,0.409,0.263,-0.244,-0.374,0.844,-0.036,-0.223,-0.557,-0.642,0.783,0.296,0.786,-0.006,-0.462,-0.573,0.583,0.549,-0.672,-0.759,-0.526,0.682,-0.171,0.53,0.059,0.757,0.543,0.344,-0.607,0.581,0.365,0.535,0.786,-0.557,-0.365,0.707,0.612,-0.424,0.635,-0.522,-0.331,0.426,0.473,-0.522,0.656,-0.437,0.483,0.579,0.38,0.417,0.068,0.405,0.823,0.39,0.176,-0.205,-0.1,0.644,0.574,0.69,-0.451,0.752,0.578,0.761,0.396,-0.438,0.432,-0.268,-0.275,-0.661,0.27,0.439
GRWG,0.412,0.354,0.318,-0.09,0.368,0.06,0.58,0.18,0.111,-0.034,0.524,0.57,0.377,0.349,0.301,0.55,0.186,-0.068,0.343,0.205,0.441,-0.095,0.554,0.454,0.051,0.268,-0.155,-0.175,0.709,0.555,0.706,0.602,0.598,-0.213,-0.358,0.261,0.307,0.458,-0.245,0.307,0.276,0.467,0.756,0.314,-0.09,0.053,0.366,0.644,0.111,0.216,-0.025,0.202,0.446,0.486,0.425,0.371,0.632,0.419,0.699,0.341,0.496,0.336,0.221,0.0,0.615,0.268,-0.279,0.244,0.076,-0.027,0.521,0.041,0.239,0.631,0.499,0.221,0.306,-0.076,0.402,0.215,0.057,-0.219,-0.212,-0.493,0.559,-0.021,0.407,0.632,-0.137,-0.217,0.366,0.439,0.293,0.49,0.582,0.432,-0.123,0.255,0.455,0.348,0.199,0.394,0.341,-0.3,0.258,0.106,0.341,-0.238,0.562,0.475,0.741,0.581,0.723,0.437,-0.091,0.672,0.364,0.699,0.598,0.015,0.523,0.192,0.475,-0.029,-0.023,0.006,0.407,0.532,-0.461,0.341,0.481,0.512,0.338,0.18,0.529,0.443,0.396,-0.114,0.449,0.338,0.192,0.61,0.147,0.141,0.032,0.364,0.317,0.11,0.299,0.363,-0.136,-0.232,0.489,0.507,0.234,0.489,-0.026,0.463,0.724,0.542,0.062,0.362,0.359,0.16,0.25,0.379,0.185,0.414,0.523,0.378,0.717,0.377,0.467,0.38,0.263,0.482,0.701,0.664,0.504,0.366,0.328,0.607,0.649,0.539,0.435,0.392,0.36,-0.087,0.464,0.131,0.093,0.049,0.457,0.518,0.224,0.451,0.096,0.074,0.726,0.525
GRYP,0.244,0.164,-0.001,0.076,0.512,-0.096,0.423,-0.317,0.407,0.313,0.218,0.442,0.404,0.052,0.339,0.126,0.332,0.366,0.288,0.355,-0.062,0.153,0.571,0.175,0.369,0.337,0.164,-0.409,0.672,0.677,0.585,0.295,0.344,0.073,-0.142,-0.224,0.159,0.404,-0.188,-0.159,0.174,0.326,0.345,-0.086,0.007,-0.097,0.1,0.423,0.426,0.405,-0.4,-0.209,0.663,0.034,-0.058,0.58,0.096,0.031,0.726,-0.21,0.385,0.52,0.489,0.615,0.0,-0.17,-0.041,0.101,-0.316,-0.176,0.122,0.034,0.111,0.239,0.033,0.543,0.291,0.161,0.511,-0.107,0.38,0.085,0.051,-0.659,0.29,-0.308,0.045,0.235,-0.272,-0.208,0.412,0.026,-0.022,0.476,0.213,-0.026,-0.384,0.077,0.32,0.611,0.169,0.624,-0.212,0.117,-0.065,-0.0,0.446,0.275,0.367,0.214,0.512,0.469,0.403,0.513,0.062,0.429,0.113,0.499,0.68,0.114,-0.016,0.387,0.289,0.309,0.317,0.245,-0.111,0.14,-0.649,0.158,0.31,0.226,0.074,0.455,0.45,-0.101,0.068,-0.401,0.73,0.225,0.439,0.225,-0.077,-0.355,0.025,0.278,-0.04,-0.309,0.068,0.487,-0.166,0.014,0.241,0.466,0.112,0.509,-0.337,0.429,0.585,0.717,0.407,0.115,-0.067,0.162,0.485,0.063,0.357,0.06,0.111,0.319,0.45,-0.101,0.632,-0.053,0.445,0.526,0.55,0.532,-0.091,0.253,0.542,0.306,0.389,0.376,-0.008,0.453,0.21,0.309,-0.1,0.331,0.54,0.144,0.426,0.089,0.119,0.367,0.109,-0.18,0.452,0.424
HEES,-0.449,0.177,0.159,-0.818,-0.333,0.713,-0.032,0.414,-0.838,-0.88,0.819,0.079,-0.371,0.166,-0.611,0.721,-0.626,-0.604,-0.359,-0.625,0.883,-0.706,-0.151,-0.011,-0.485,0.194,-0.844,0.52,0.335,-0.288,-0.157,0.283,0.712,-0.231,-0.603,0.803,-0.353,-0.218,-0.38,0.909,-0.346,0.723,0.533,0.769,-0.732,0.39,0.548,0.596,-0.711,-0.684,0.312,0.885,-0.457,0.877,0.924,-0.622,0.688,0.308,-0.088,0.847,-0.277,-0.617,-0.613,0.268,-0.17,0.0,-0.818,0.643,0.894,0.242,0.484,-0.605,-0.298,0.765,0.712,-0.729,0.438,-0.629,-0.05,0.602,-0.837,-0.87,-0.673,0.355,0.112,0.662,0.353,0.767,-0.517,0.438,-0.414,0.923,0.807,-0.252,0.792,0.026,0.713,0.723,-0.064,-0.551,0.718,-0.636,0.763,-0.827,-0.109,-0.317,-0.569,-0.524,-0.282,-0.053,0.293,0.133,0.545,-0.506,-0.742,0.622,0.452,0.004,-0.304,-0.313,0.257,-0.701,0.729,-0.873,-0.872,-0.292,0.827,0.581,0.381,-0.111,0.021,0.765,0.852,-0.576,0.261,0.678,0.895,0.758,-0.459,-0.066,-0.78,0.448,0.744,0.851,-0.461,-0.312,0.887,0.926,0.88,-0.594,0.014,-0.842,0.377,-0.346,-0.322,-0.193,0.821,-0.298,0.078,-0.257,-0.816,0.821,0.52,-0.494,-0.636,0.496,-0.651,0.81,0.765,0.054,0.012,0.941,-0.614,0.804,-0.354,-0.118,0.038,0.211,0.484,-0.314,-0.634,0.099,0.217,0.594,0.639,-0.511,-0.383,-0.693,0.869,-0.66,-0.633,-0.622,0.014,0.814,-0.336,0.663,0.402,0.815,0.445,-0.176
HELE,0.604,-0.197,0.174,0.926,0.385,-0.747,0.288,-0.109,0.776,0.779,-0.773,0.185,0.587,0.23,0.729,-0.627,0.7,0.508,0.593,0.776,-0.664,0.522,0.294,0.322,0.367,-0.399,0.878,-0.561,-0.385,0.255,0.229,-0.054,-0.704,0.162,0.717,-0.499,0.599,0.444,0.552,-0.756,0.598,-0.661,-0.475,-0.626,0.8,-0.447,-0.329,-0.443,0.547,0.763,0.012,-0.76,0.4,-0.855,-0.76,0.628,-0.426,0.073,0.154,-0.568,0.424,0.462,0.622,-0.279,-0.041,-0.818,0.0,-0.702,-0.794,-0.437,-0.168,0.824,0.582,-0.709,-0.385,0.738,-0.564,0.595,-0.106,-0.671,0.797,0.904,0.725,-0.345,0.152,-0.516,-0.229,-0.577,0.784,-0.549,0.554,-0.772,-0.897,0.366,-0.733,0.265,-0.79,-0.87,0.333,0.423,-0.818,0.601,-0.409,0.638,0.472,0.616,0.7,0.239,0.473,0.31,-0.13,0.077,-0.39,0.607,0.728,-0.584,-0.567,-0.015,0.331,0.404,-0.128,0.705,-0.709,0.862,0.861,0.318,-0.599,-0.277,-0.146,0.427,0.248,-0.615,-0.728,0.542,-0.329,-0.603,-0.822,-0.778,0.394,0.361,0.665,-0.163,-0.838,-0.626,0.692,0.373,-0.878,-0.823,-0.766,0.408,-0.049,0.933,-0.088,0.459,0.572,0.214,-0.616,0.414,0.059,0.127,0.822,-0.862,-0.207,0.714,0.63,-0.582,0.735,-0.869,-0.518,-0.114,0.085,-0.753,0.561,-0.55,0.466,0.21,0.098,-0.079,-0.161,0.54,0.613,0.142,-0.171,-0.541,-0.314,0.564,0.54,0.587,-0.66,0.755,0.548,0.832,-0.237,-0.606,0.579,-0.816,-0.703,-0.906,-0.305,0.374
HIVE,-0.421,0.235,-0.157,-0.701,-0.414,0.626,-0.228,0.016,-0.536,-0.555,0.708,-0.151,-0.416,-0.082,-0.555,0.556,-0.46,-0.292,-0.445,-0.606,0.517,-0.273,-0.221,-0.243,-0.279,0.472,-0.633,0.659,0.292,-0.209,-0.037,0.082,0.607,-0.283,-0.582,0.335,-0.478,-0.377,-0.359,0.527,-0.33,0.6,0.358,0.507,-0.525,0.375,0.219,0.364,-0.383,-0.559,-0.111,0.655,-0.304,0.679,0.567,-0.442,0.39,0.022,-0.102,0.394,-0.367,-0.246,-0.423,0.244,0.101,0.643,-0.702,0.0,0.669,0.447,0.135,-0.692,-0.483,0.629,0.322,-0.48,0.397,-0.408,0.246,0.586,-0.626,-0.678,-0.527,0.355,-0.026,0.405,0.317,0.441,-0.629,0.681,-0.349,0.703,0.69,-0.034,0.653,-0.211,0.607,0.75,-0.263,-0.038,0.685,-0.425,0.34,-0.448,-0.399,-0.579,-0.544,-0.133,-0.354,-0.317,0.14,0.051,0.257,-0.434,-0.526,0.581,0.564,0.054,-0.22,-0.295,0.029,-0.535,0.663,-0.64,-0.636,-0.225,0.517,0.266,0.068,-0.381,-0.182,0.441,0.596,-0.395,0.5,0.396,0.705,0.662,-0.168,-0.354,-0.429,0.263,0.702,0.463,-0.648,-0.198,0.722,0.673,0.533,-0.203,0.166,-0.708,0.051,-0.317,-0.323,-0.308,0.53,-0.263,-0.056,0.042,-0.569,0.741,0.145,-0.622,-0.387,0.352,-0.582,0.734,0.482,0.112,-0.022,0.551,-0.352,0.404,-0.301,-0.036,-0.064,0.045,0.147,-0.437,-0.403,-0.217,0.217,0.42,0.275,-0.438,-0.323,-0.425,0.545,-0.607,-0.401,-0.687,0.193,0.575,-0.368,0.581,0.616,0.715,0.241,-0.321
HON,-0.593,0.075,-0.002,-0.773,-0.577,0.743,-0.3,0.217,-0.911,-0.825,0.738,-0.18,-0.612,-0.047,-0.731,0.608,-0.721,-0.717,-0.549,-0.776,0.763,-0.574,-0.406,-0.283,-0.448,0.279,-0.826,0.667,0.082,-0.495,-0.34,0.086,0.565,-0.221,-0.526,0.682,-0.522,-0.459,-0.224,0.832,-0.485,0.583,0.329,0.671,-0.669,0.513,0.316,0.318,-0.749,-0.803,0.313,0.834,-0.553,0.835,0.814,-0.785,0.475,0.173,-0.338,0.752,-0.55,-0.648,-0.743,0.076,-0.316,0.894,-0.794,0.669,0.0,0.416,0.29,-0.723,-0.428,0.608,0.514,-0.815,0.322,-0.642,-0.099,0.737,-0.898,-0.838,-0.515,0.59,-0.094,0.669,0.249,0.534,-0.562,0.583,-0.526,0.83,0.854,-0.362,0.686,-0.155,0.819,0.751,-0.336,-0.631,0.695,-0.759,0.628,-0.687,-0.327,-0.481,-0.785,-0.47,-0.482,-0.323,0.03,-0.105,0.301,-0.682,-0.618,0.445,0.506,-0.13,-0.557,-0.323,0.206,-0.857,0.661,-0.876,-0.879,-0.275,0.766,0.435,0.481,-0.291,-0.238,0.544,0.713,-0.715,0.245,0.564,0.835,0.861,-0.605,-0.32,-0.785,0.248,0.793,0.789,-0.616,-0.427,0.907,0.959,0.726,-0.586,0.211,-0.798,0.144,-0.548,-0.495,-0.382,0.844,-0.514,-0.211,-0.38,-0.884,0.812,0.36,-0.651,-0.782,0.507,-0.765,0.795,0.609,-0.104,-0.202,0.844,-0.692,0.652,-0.403,-0.293,-0.207,-0.089,0.279,-0.462,-0.785,-0.167,0.026,0.408,0.464,-0.677,-0.42,-0.709,0.802,-0.795,-0.668,-0.765,-0.038,0.708,-0.365,0.563,0.508,0.892,0.143,-0.419
HRTX,-0.476,0.582,-0.622,-0.485,-0.618,0.52,-0.682,-0.134,-0.249,-0.106,0.115,-0.72,-0.544,-0.42,-0.382,0.045,-0.338,-0.176,-0.72,-0.69,-0.041,0.365,-0.596,-0.392,-0.334,0.385,-0.411,0.818,-0.251,-0.076,-0.265,-0.574,0.289,-0.105,-0.526,-0.141,-0.324,-0.714,-0.314,0.059,-0.605,-0.156,0.194,0.309,-0.105,0.12,-0.123,-0.32,0.058,-0.539,-0.37,0.292,-0.539,0.405,0.064,-0.367,-0.023,-0.439,-0.479,-0.072,-0.378,0.114,-0.179,-0.027,-0.176,0.242,-0.437,0.447,0.416,0.0,-0.416,-0.56,-0.697,0.25,-0.302,-0.475,0.505,0.102,0.188,0.393,-0.309,-0.421,-0.358,0.593,-0.623,0.232,0.459,-0.18,-0.221,0.584,-0.457,0.149,0.497,-0.391,0.278,-0.101,0.726,0.59,-0.541,-0.097,0.436,-0.345,-0.18,-0.137,-0.581,-0.441,-0.56,0.28,-0.501,-0.327,-0.356,-0.6,-0.348,-0.491,0.002,0.249,0.733,-0.085,-0.242,-0.574,0.086,-0.239,-0.075,-0.451,-0.458,-0.412,-0.041,-0.408,0.157,-0.598,-0.665,-0.16,0.14,-0.097,0.076,0.412,0.205,0.655,-0.196,-0.783,-0.077,-0.398,0.711,0.216,-0.53,0.008,0.377,0.338,-0.052,0.219,0.126,-0.534,-0.559,-0.192,-0.269,-0.587,0.156,-0.258,-0.58,-0.007,-0.446,0.252,-0.485,-0.477,-0.546,0.34,-0.672,0.471,-0.2,0.451,-0.04,0.162,-0.387,-0.204,-0.544,-0.288,-0.396,-0.184,0.083,-0.65,-0.263,-0.394,-0.099,-0.039,-0.137,-0.394,-0.2,-0.038,0.165,-0.548,-0.612,-0.54,0.639,-0.095,-0.326,0.258,0.787,0.572,-0.019,-0.648
HSTM,0.343,-0.087,0.742,-0.026,0.397,0.178,0.67,0.627,-0.2,-0.378,0.521,0.759,0.316,0.738,0.101,0.46,-0.126,-0.44,0.392,0.212,0.74,-0.604,0.501,0.606,-0.011,0.128,-0.168,-0.248,0.397,0.159,0.391,0.826,0.392,-0.026,0.03,0.783,0.236,0.461,0.028,0.617,0.297,0.601,0.498,0.388,-0.33,0.131,0.693,0.704,-0.337,0.187,0.611,0.398,0.175,0.413,0.686,-0.004,0.748,0.816,0.497,0.767,0.375,-0.241,-0.045,0.521,0.122,0.484,-0.168,0.135,0.29,-0.416,0.0,0.159,0.508,0.594,0.883,0.016,0.031,-0.312,0.049,0.273,-0.249,-0.168,0.024,-0.189,0.696,0.342,0.05,0.798,-0.034,-0.25,0.385,0.613,0.236,0.475,0.419,0.399,-0.099,0.153,0.541,-0.198,0.083,-0.057,0.794,-0.37,0.576,0.232,0.232,-0.597,0.536,0.478,0.644,0.685,0.819,0.328,-0.382,0.463,-0.025,0.415,0.18,0.322,0.557,-0.09,0.57,-0.118,-0.115,0.282,0.697,0.844,0.046,0.622,0.629,0.762,0.577,-0.219,0.197,0.459,0.508,-0.021,0.018,0.695,-0.218,0.825,0.019,0.395,0.138,-0.022,0.33,0.38,0.6,-0.281,0.017,-0.107,0.849,0.234,0.285,0.401,0.423,0.185,0.695,-0.13,-0.173,0.399,0.776,0.181,0.028,0.167,0.214,0.363,0.792,-0.128,0.369,0.631,0.035,0.825,0.253,0.557,0.482,0.507,0.589,0.441,0.02,0.671,0.374,0.597,0.799,0.058,0.3,-0.387,0.67,0.148,0.042,0.175,-0.171,0.721,0.317,0.308,-0.283,0.121,0.595,0.517
HURA,0.843,-0.174,0.48,0.859,0.641,-0.719,0.585,0.248,0.733,0.587,-0.608,0.478,0.762,0.54,0.806,-0.404,0.667,0.376,0.779,0.87,-0.389,0.285,0.566,0.582,0.343,-0.449,0.802,-0.656,-0.133,0.364,0.446,0.285,-0.512,0.048,0.693,-0.181,0.75,0.668,0.443,-0.493,0.707,-0.453,-0.149,-0.384,0.591,-0.516,0.027,-0.122,0.404,0.788,0.224,-0.558,0.447,-0.649,-0.473,0.681,-0.098,0.276,0.373,-0.261,0.684,0.41,0.591,0.041,0.034,-0.605,0.824,-0.692,-0.723,-0.56,0.159,0.0,0.797,-0.47,-0.036,0.697,-0.488,0.475,-0.029,-0.584,0.732,0.761,0.598,-0.495,0.437,-0.393,-0.126,-0.242,0.782,-0.696,0.656,-0.54,-0.814,0.513,-0.512,0.557,-0.798,-0.786,0.588,0.359,-0.838,0.624,-0.096,0.364,0.752,0.774,0.84,-0.003,0.738,0.631,0.188,0.328,-0.005,0.768,0.524,-0.395,-0.562,0.21,0.478,0.408,0.197,0.717,-0.544,0.744,0.744,0.281,-0.345,0.043,-0.218,0.672,0.571,-0.298,-0.494,0.545,-0.32,-0.269,-0.688,-0.819,0.375,0.677,0.622,0.111,-0.815,-0.415,0.821,0.426,-0.748,-0.71,-0.525,0.344,-0.244,0.826,0.195,0.579,0.741,0.462,-0.524,0.524,0.382,0.145,0.736,-0.718,0.108,0.856,0.668,-0.506,0.829,-0.702,-0.264,-0.05,0.293,-0.51,0.599,-0.238,0.565,0.422,0.354,0.185,0.096,0.704,0.64,0.467,0.079,-0.3,-0.017,0.64,0.659,0.38,-0.386,0.826,0.496,0.897,-0.201,-0.354,0.645,-0.675,-0.831,-0.859,0.05,0.642
IART,0.757,-0.281,0.764,0.706,0.685,-0.602,0.814,0.363,0.434,0.274,-0.265,0.727,0.751,0.712,0.73,-0.053,0.53,0.119,0.871,0.811,0.001,-0.072,0.705,0.613,0.206,-0.367,0.535,-0.697,0.095,0.329,0.579,0.642,-0.221,0.065,0.58,0.172,0.707,0.8,0.412,-0.116,0.81,-0.006,0.077,-0.124,0.335,-0.38,0.233,0.215,0.118,0.644,0.481,-0.244,0.485,-0.342,-0.08,0.559,0.214,0.599,0.519,0.115,0.674,0.184,0.423,0.239,0.111,-0.298,0.582,-0.483,-0.428,-0.697,0.508,0.797,0.0,-0.159,0.351,0.572,-0.379,0.068,-0.024,-0.257,0.5,0.518,0.518,-0.493,0.716,-0.143,-0.102,0.159,0.533,-0.642,0.67,-0.179,-0.56,0.632,-0.295,0.555,-0.737,-0.609,0.693,0.255,-0.626,0.524,0.28,0.114,0.772,0.734,0.727,-0.374,0.803,0.681,0.494,0.607,0.393,0.686,0.308,-0.156,-0.468,0.331,0.427,0.499,0.314,0.45,-0.157,0.557,0.561,0.353,0.095,0.453,-0.113,0.764,0.799,0.07,-0.23,0.334,-0.12,-0.12,-0.338,-0.706,0.262,0.836,0.326,0.46,-0.709,-0.168,0.746,0.372,-0.425,-0.423,-0.172,0.091,-0.104,0.604,0.557,0.461,0.59,0.511,-0.251,0.464,0.639,0.107,0.553,-0.383,0.498,0.782,0.535,-0.314,0.746,-0.452,0.179,-0.16,0.385,-0.146,0.554,0.137,0.622,0.526,0.595,0.353,0.248,0.835,0.399,0.667,0.265,-0.096,0.229,0.562,0.629,0.131,-0.02,0.653,0.463,0.801,-0.367,0.057,0.732,-0.441,-0.831,-0.664,0.233,0.787
IBKR,-0.162,0.427,0.217,-0.621,-0.032,0.576,0.218,0.41,-0.455,-0.596,0.784,0.253,-0.09,0.261,-0.235,0.734,-0.377,-0.469,-0.147,-0.364,0.756,-0.468,0.157,0.245,-0.398,0.411,-0.69,0.311,0.536,0.224,0.299,0.442,0.844,-0.18,-0.649,0.619,-0.05,-0.007,-0.495,0.736,-0.133,0.734,0.804,0.7,-0.585,0.206,0.603,0.715,-0.3,-0.323,0.112,0.687,-0.175,0.844,0.813,-0.237,0.789,0.357,0.248,0.673,0.117,-0.157,-0.225,0.631,0.239,0.765,-0.709,0.629,0.608,0.25,0.594,-0.47,-0.159,0.0,0.634,-0.385,0.617,-0.411,0.341,0.533,-0.538,-0.704,-0.54,0.039,0.275,0.52,0.445,0.807,-0.432,0.208,-0.093,0.834,0.744,0.149,0.774,0.178,0.459,0.714,0.211,-0.152,0.636,-0.26,0.62,-0.648,0.004,-0.204,-0.208,-0.374,0.103,0.213,0.571,0.344,0.707,-0.13,-0.573,0.871,0.622,0.407,0.148,-0.265,0.477,-0.297,0.688,-0.609,-0.601,-0.206,0.71,0.579,-0.04,-0.045,0.182,0.787,0.769,-0.276,0.368,0.727,0.812,0.496,-0.046,0.061,-0.416,0.617,0.643,0.561,-0.352,0.045,0.733,0.666,0.715,-0.126,-0.123,-0.736,0.454,0.073,-0.078,-0.022,0.459,0.076,0.412,0.053,-0.567,0.725,0.451,-0.302,-0.341,0.511,-0.419,0.822,0.727,0.366,0.456,0.812,-0.212,0.668,-0.259,0.286,0.361,0.554,0.658,-0.09,-0.228,0.389,0.466,0.703,0.623,-0.152,-0.039,-0.404,0.793,-0.42,-0.428,-0.382,0.363,0.743,-0.087,0.743,0.441,0.607,0.72,0.117
IBOC,0.178,-0.093,0.675,-0.286,0.202,0.286,0.557,0.588,-0.441,-0.585,0.687,0.655,0.189,0.633,-0.122,0.626,-0.212,-0.498,0.266,0.015,0.898,-0.739,0.36,0.444,-0.13,0.049,-0.357,-0.041,0.426,-0.052,0.265,0.768,0.499,-0.165,-0.159,0.873,0.072,0.353,-0.049,0.759,0.206,0.719,0.509,0.525,-0.444,0.276,0.663,0.747,-0.557,-0.108,0.613,0.578,0.044,0.599,0.827,-0.186,0.834,0.784,0.365,0.893,0.187,-0.433,-0.269,0.499,0.033,0.712,-0.385,0.322,0.514,-0.302,0.883,-0.036,0.351,0.634,0.0,-0.204,0.058,-0.493,-0.082,0.381,-0.463,-0.407,-0.238,-0.076,0.678,0.42,0.186,0.89,-0.167,-0.054,0.181,0.773,0.377,0.276,0.602,0.353,0.109,0.269,0.407,-0.292,0.248,-0.238,0.923,-0.605,0.428,0.095,0.0,-0.725,0.322,0.373,0.603,0.644,0.809,0.123,-0.51,0.508,0.06,0.332,0.034,0.173,0.457,-0.315,0.699,-0.358,-0.36,0.14,0.854,0.89,0.151,0.516,0.568,0.838,0.689,-0.383,0.294,0.517,0.689,0.185,-0.138,0.554,-0.416,0.782,0.189,0.622,-0.011,-0.141,0.55,0.585,0.762,-0.449,0.045,-0.322,0.819,0.065,0.168,0.285,0.594,0.063,0.574,-0.155,-0.352,0.558,0.826,0.011,-0.097,0.277,-0.008,0.503,0.905,-0.166,0.276,0.76,-0.116,0.94,0.142,0.339,0.402,0.402,0.547,0.297,-0.186,0.515,0.355,0.618,0.821,-0.076,0.092,-0.542,0.816,-0.07,-0.139,-0.058,-0.238,0.867,0.146,0.418,-0.171,0.321,0.562,0.371
IBRX,0.713,-0.049,0.192,0.768,0.626,-0.706,0.58,-0.256,0.875,0.776,-0.407,0.488,0.757,0.299,0.8,-0.345,0.809,0.597,0.734,0.878,-0.494,0.475,0.632,0.454,0.491,-0.053,0.825,-0.705,0.149,0.624,0.602,0.233,-0.298,0.118,0.469,-0.485,0.6,0.654,0.289,-0.676,0.642,-0.289,-0.128,-0.553,0.656,-0.405,-0.198,-0.058,0.712,0.877,-0.215,-0.709,0.77,-0.613,-0.587,0.884,-0.217,0.162,0.608,-0.515,0.623,0.693,0.766,0.221,0.543,-0.729,0.738,-0.48,-0.815,-0.475,0.016,0.697,0.572,-0.385,-0.204,0.0,-0.319,0.51,0.201,-0.537,0.851,0.748,0.571,-0.706,0.416,-0.65,-0.099,-0.25,0.463,-0.598,0.735,-0.559,-0.706,0.652,-0.404,0.271,-0.894,-0.659,0.504,0.752,-0.562,0.858,-0.398,0.563,0.4,0.479,0.862,0.311,0.684,0.432,0.272,0.437,0.012,0.847,0.59,-0.157,-0.394,0.389,0.715,0.368,-0.054,0.806,-0.326,0.886,0.889,0.434,-0.465,-0.059,-0.542,0.485,0.466,-0.299,-0.529,0.669,0.135,-0.455,-0.566,-0.882,0.782,0.474,0.819,0.064,-0.738,-0.671,0.56,0.489,-0.678,-0.818,-0.517,0.619,-0.106,0.757,0.139,0.676,0.565,0.47,-0.703,0.642,0.462,0.549,0.913,-0.569,-0.111,0.658,0.887,-0.354,0.837,-0.586,-0.286,0.078,0.389,-0.635,0.876,-0.402,0.642,0.498,0.469,0.292,-0.153,0.673,0.85,0.372,0.172,-0.143,-0.189,0.778,0.603,0.653,-0.548,0.813,0.752,0.756,0.042,-0.365,0.577,-0.417,-0.499,-0.833,0.069,0.617
IDXX,-0.397,0.639,-0.247,-0.579,-0.029,0.505,-0.094,0.186,-0.223,-0.328,0.343,-0.157,-0.179,-0.059,-0.175,0.331,-0.25,-0.067,-0.371,-0.426,0.195,0.002,0.026,-0.009,-0.442,0.303,-0.556,0.348,0.362,0.388,0.12,-0.09,0.673,0.148,-0.649,0.136,-0.077,-0.225,-0.665,0.29,-0.387,0.351,0.63,0.628,-0.443,-0.167,0.431,0.351,0.048,-0.359,-0.355,0.482,-0.331,0.524,0.376,-0.079,0.292,-0.228,0.079,0.142,0.103,0.104,0.056,0.306,0.291,0.438,-0.564,0.397,0.322,0.505,0.031,-0.488,-0.379,0.617,0.058,-0.319,0.0,-0.102,0.417,0.299,-0.228,-0.585,-0.503,0.104,-0.264,0.344,0.472,0.333,-0.423,0.276,-0.29,0.388,0.525,-0.113,0.461,0.026,0.489,0.692,-0.025,-0.042,0.69,-0.055,0.051,-0.419,-0.279,-0.158,-0.207,0.174,-0.187,0.065,0.3,-0.126,0.298,-0.255,-0.361,0.69,0.679,0.155,0.218,-0.545,0.08,-0.104,0.237,-0.519,-0.512,-0.384,0.156,-0.01,-0.039,-0.381,-0.111,0.395,0.471,0.166,0.117,0.532,0.399,0.435,0.051,-0.228,-0.235,0.069,0.652,0.213,-0.291,0.172,0.404,0.318,0.355,0.07,-0.292,-0.715,-0.059,-0.004,-0.19,-0.172,0.165,0.024,0.088,0.274,-0.384,0.448,-0.067,-0.238,-0.373,0.386,-0.483,0.526,0.173,0.726,0.361,0.424,-0.265,0.116,-0.308,0.148,0.2,0.547,0.309,-0.326,-0.14,0.169,0.379,0.337,0.148,-0.13,-0.235,0.052,0.295,-0.374,-0.422,-0.298,0.689,0.188,-0.204,0.562,0.585,0.47,0.595,-0.096
INGN,0.351,0.294,-0.344,0.518,0.186,-0.224,-0.072,-0.131,0.758,0.786,-0.577,-0.156,0.285,0.01,0.495,-0.702,0.386,0.471,0.051,0.35,-0.627,0.742,-0.001,0.125,0.481,0.08,0.629,-0.116,-0.268,0.434,0.067,-0.443,-0.399,0.311,0.362,-0.595,0.316,0.016,0.237,-0.738,0.094,-0.634,-0.234,-0.474,0.59,-0.376,-0.248,-0.446,0.714,0.573,-0.343,-0.57,0.186,-0.601,-0.702,0.477,-0.331,-0.163,0.151,-0.654,0.262,0.617,0.76,-0.076,0.161,-0.629,0.595,-0.408,-0.642,0.102,-0.312,0.475,0.068,-0.411,-0.493,0.51,-0.102,0.0,0.13,-0.533,0.653,0.667,0.462,-0.137,-0.281,-0.342,-0.043,-0.558,0.526,-0.153,0.515,-0.573,-0.581,0.106,-0.428,0.09,-0.345,-0.349,0.133,0.431,-0.415,0.468,-0.584,0.632,0.04,0.237,0.493,0.656,0.206,0.142,-0.322,-0.11,-0.471,0.475,0.611,-0.248,-0.208,0.01,0.373,0.219,-0.038,0.685,-0.63,0.64,0.633,0.188,-0.747,-0.543,-0.194,0.196,-0.202,-0.486,-0.444,0.667,-0.245,-0.271,-0.632,-0.377,0.52,-0.059,0.752,-0.329,-0.298,-0.555,0.313,0.256,-0.69,-0.649,-0.667,0.622,-0.028,0.532,-0.276,0.544,0.417,0.155,-0.486,0.313,-0.062,0.25,0.596,-0.629,-0.662,0.436,0.378,-0.47,0.439,-0.54,-0.569,0.307,0.121,-0.618,0.342,-0.562,0.29,0.296,-0.143,0.011,-0.079,-0.002,0.707,-0.011,-0.162,-0.385,-0.198,0.338,0.358,0.628,-0.533,0.612,0.407,0.534,0.405,-0.638,0.152,-0.358,-0.074,-0.49,-0.094,-0.041
INM,0.169,0.431,-0.057,-0.011,0.254,0.033,0.134,0.023,0.29,0.099,0.081,0.064,0.173,0.166,0.258,0.175,0.101,0.214,0.077,0.071,-0.111,0.226,0.349,0.079,-0.115,0.439,-0.036,0.019,0.421,0.509,0.538,0.135,0.476,-0.237,-0.16,-0.141,0.204,0.14,-0.381,-0.067,0.066,0.237,0.506,0.254,-0.054,-0.313,0.179,0.207,0.303,0.146,-0.375,0.109,0.128,0.197,0.042,0.312,0.099,-0.147,0.266,-0.176,0.31,0.551,0.364,0.402,0.511,-0.05,-0.106,0.246,-0.099,0.188,0.049,-0.029,-0.024,0.341,-0.082,0.201,0.417,0.13,0.0,0.187,0.24,-0.049,0.041,-0.168,0.027,0.078,0.208,0.09,-0.144,0.01,0.151,0.126,0.121,0.473,0.133,0.146,-0.018,0.247,0.281,0.468,0.106,0.365,-0.148,0.01,-0.073,0.054,0.189,0.255,0.248,0.227,0.366,0.126,0.227,0.202,0.047,0.419,0.365,0.393,0.477,-0.175,0.295,0.25,0.086,0.038,0.05,-0.176,-0.045,-0.034,-0.3,-0.184,0.156,0.066,0.137,0.326,0.215,0.27,0.024,-0.055,0.357,-0.032,0.323,0.177,0.194,-0.218,-0.012,0.49,0.052,-0.127,-0.042,0.467,-0.363,-0.173,-0.021,0.272,0.092,-0.026,-0.262,0.258,0.261,0.43,0.119,0.158,-0.135,0.088,0.099,0.019,-0.049,0.207,0.013,0.484,0.404,0.028,0.324,-0.145,0.039,0.431,0.394,0.376,0.141,0.042,0.191,0.237,0.441,0.203,0.018,0.207,0.187,0.108,0.014,-0.001,0.069,0.05,0.504,0.019,0.181,0.189,0.247,0.005,0.462,0.226
INVA,-0.316,0.125,0.017,-0.533,-0.342,0.483,-0.197,0.193,-0.603,-0.635,0.576,-0.159,-0.526,-0.0,-0.472,0.585,-0.512,-0.507,-0.348,-0.556,0.568,-0.323,-0.241,-0.288,-0.383,0.455,-0.562,0.489,0.108,-0.337,-0.026,0.192,0.568,-0.211,-0.406,0.46,-0.41,-0.368,-0.358,0.618,-0.287,0.53,0.342,0.602,-0.44,0.376,0.177,0.144,-0.417,-0.566,0.095,0.709,-0.361,0.722,0.659,-0.526,0.451,0.088,-0.26,0.541,-0.358,-0.266,-0.536,0.215,-0.107,0.602,-0.671,0.586,0.737,0.393,0.273,-0.584,-0.257,0.533,0.381,-0.537,0.299,-0.533,0.187,0.0,-0.648,-0.636,-0.286,0.518,-0.032,0.428,0.205,0.386,-0.492,0.425,-0.291,0.624,0.713,-0.027,0.468,-0.057,0.604,0.649,-0.242,-0.273,0.538,-0.468,0.434,-0.381,-0.267,-0.438,-0.626,-0.296,-0.248,-0.292,0.142,-0.083,0.304,-0.504,-0.404,0.437,0.511,0.09,-0.382,-0.298,0.267,-0.644,0.561,-0.598,-0.604,-0.23,0.645,0.294,0.258,-0.306,-0.133,0.38,0.528,-0.567,0.402,0.602,0.635,0.648,-0.415,-0.284,-0.457,0.275,0.599,0.403,-0.561,-0.124,0.729,0.72,0.495,-0.302,0.252,-0.604,0.087,-0.486,-0.406,-0.341,0.526,-0.333,-0.06,-0.204,-0.676,0.781,0.316,-0.541,-0.52,0.539,-0.546,0.757,0.486,-0.088,0.001,0.621,-0.361,0.469,-0.346,-0.09,-0.022,-0.041,0.139,-0.215,-0.589,-0.074,0.296,0.269,0.286,-0.428,-0.255,-0.428,0.629,-0.66,-0.502,-0.614,0.077,0.578,-0.114,0.399,0.497,0.705,0.139,-0.251
IQ,0.615,0.081,0.011,0.793,0.565,-0.73,0.359,-0.234,0.923,0.876,-0.678,0.227,0.702,0.174,0.844,-0.532,0.783,0.696,0.594,0.783,-0.724,0.659,0.485,0.282,0.379,-0.233,0.794,-0.607,-0.021,0.632,0.476,-0.063,-0.393,0.141,0.47,-0.65,0.65,0.532,0.257,-0.819,0.541,-0.542,-0.156,-0.518,0.732,-0.59,-0.288,-0.28,0.772,0.788,-0.313,-0.764,0.555,-0.724,-0.759,0.869,-0.392,-0.092,0.434,-0.713,0.593,0.761,0.852,0.057,0.38,-0.837,0.797,-0.626,-0.898,-0.309,-0.249,0.732,0.5,-0.538,-0.463,0.851,-0.228,0.653,0.24,-0.648,0.0,0.805,0.562,-0.586,0.124,-0.613,-0.058,-0.481,0.6,-0.565,0.574,-0.749,-0.803,0.455,-0.594,0.295,-0.793,-0.709,0.402,0.705,-0.664,0.869,-0.577,0.615,0.301,0.599,0.812,0.446,0.547,0.438,0.078,0.134,-0.228,0.719,0.746,-0.313,-0.362,0.198,0.661,0.261,-0.098,0.862,-0.636,0.863,0.867,0.215,-0.695,-0.355,-0.373,0.345,0.299,-0.546,-0.663,0.827,-0.118,-0.456,-0.783,-0.832,0.683,0.29,0.839,-0.182,-0.699,-0.695,0.706,0.588,-0.827,-0.938,-0.737,0.705,-0.217,0.745,-0.117,0.64,0.505,0.331,-0.808,0.573,0.243,0.529,0.922,-0.755,-0.368,0.761,0.721,-0.496,0.722,-0.749,-0.531,0.235,0.336,-0.749,0.774,-0.654,0.507,0.335,0.355,0.185,-0.157,0.515,0.779,0.282,0.086,-0.419,-0.39,0.734,0.577,0.71,-0.691,0.769,0.63,0.807,0.17,-0.628,0.5,-0.545,-0.466,-0.865,-0.002,0.48
IRBT,0.591,-0.307,0.097,0.9,0.46,-0.639,0.22,-0.15,0.802,0.831,-0.76,0.162,0.508,0.148,0.653,-0.744,0.56,0.458,0.496,0.726,-0.674,0.519,0.264,0.227,0.599,-0.225,0.9,-0.586,-0.362,0.248,0.159,-0.085,-0.716,0.304,0.79,-0.519,0.424,0.347,0.589,-0.771,0.458,-0.616,-0.511,-0.749,0.698,-0.354,-0.32,-0.45,0.555,0.79,0.02,-0.799,0.47,-0.868,-0.782,0.583,-0.475,0.041,0.209,-0.608,0.361,0.453,0.656,-0.219,0.085,-0.87,0.904,-0.678,-0.838,-0.421,-0.168,0.761,0.518,-0.704,-0.407,0.748,-0.585,0.667,-0.049,-0.636,0.805,0.0,0.804,-0.327,0.094,-0.51,-0.43,-0.578,0.63,-0.499,0.595,-0.762,-0.874,0.366,-0.77,0.087,-0.772,-0.787,0.236,0.419,-0.829,0.565,-0.476,0.807,0.343,0.441,0.678,0.328,0.414,0.214,-0.235,0.098,-0.372,0.639,0.681,-0.625,-0.633,-0.021,0.287,0.602,-0.107,0.688,-0.657,0.936,0.93,0.504,-0.662,-0.328,-0.19,0.452,0.145,-0.557,-0.683,0.509,-0.322,-0.602,-0.829,-0.779,0.437,0.327,0.741,-0.247,-0.816,-0.686,0.579,0.201,-0.895,-0.842,-0.737,0.429,0.108,0.941,-0.045,0.446,0.474,0.355,-0.613,0.281,0.077,0.069,0.842,-0.821,-0.322,0.627,0.633,-0.599,0.792,-0.836,-0.529,-0.209,-0.032,-0.781,0.56,-0.523,0.505,0.331,-0.0,-0.179,-0.286,0.416,0.672,0.05,-0.268,-0.481,-0.312,0.471,0.471,0.543,-0.676,0.845,0.717,0.788,-0.17,-0.65,0.405,-0.655,-0.604,-0.823,-0.336,0.264
KDP,0.437,-0.37,0.152,0.802,0.344,-0.426,0.172,-0.095,0.552,0.614,-0.583,0.164,0.292,0.203,0.488,-0.645,0.297,0.147,0.358,0.544,-0.447,0.382,0.191,0.054,0.569,-0.074,0.737,-0.466,-0.412,0.102,0.087,0.01,-0.596,0.403,0.811,-0.288,0.263,0.201,0.699,-0.551,0.321,-0.403,-0.471,-0.559,0.478,-0.13,-0.187,-0.385,0.314,0.643,0.215,-0.555,0.338,-0.663,-0.531,0.374,-0.354,0.166,0.144,-0.374,0.18,0.274,0.466,-0.212,0.051,-0.673,0.725,-0.527,-0.515,-0.358,0.024,0.598,0.518,-0.54,-0.238,0.571,-0.503,0.462,0.041,-0.286,0.562,0.804,0.0,-0.147,0.062,-0.295,-0.482,-0.472,0.392,-0.323,0.586,-0.529,-0.649,0.379,-0.668,-0.061,-0.616,-0.544,0.136,0.227,-0.656,0.401,-0.295,0.665,0.22,0.28,0.452,0.205,0.344,0.037,-0.208,0.098,-0.238,0.467,0.541,-0.526,-0.532,-0.121,0.072,0.65,0.025,0.37,-0.416,0.762,0.756,0.553,-0.431,-0.097,-0.035,0.448,0.08,-0.395,-0.493,0.324,-0.282,-0.492,-0.597,-0.576,0.236,0.287,0.547,-0.088,-0.603,-0.575,0.386,0.026,-0.651,-0.564,-0.55,0.23,0.266,0.792,0.07,0.199,0.237,0.289,-0.297,0.002,0.04,-0.067,0.626,-0.55,-0.178,0.463,0.397,-0.532,0.676,-0.649,-0.295,-0.354,-0.147,-0.539,0.388,-0.3,0.599,0.356,-0.052,-0.197,-0.327,0.309,0.414,0.04,-0.242,-0.436,-0.121,0.231,0.417,0.344,-0.392,0.647,0.646,0.633,-0.258,-0.419,0.418,-0.563,-0.513,-0.585,-0.364,0.162
KPTI,-0.568,0.052,-0.336,-0.41,-0.671,0.531,-0.717,0.171,-0.556,-0.417,0.062,-0.691,-0.728,-0.229,-0.611,-0.055,-0.641,-0.435,-0.714,-0.733,0.137,-0.074,-0.754,-0.486,-0.306,0.246,-0.396,0.777,-0.563,-0.639,-0.639,-0.462,0.022,0.003,-0.125,0.214,-0.523,-0.776,-0.051,0.278,-0.575,-0.076,-0.188,0.29,-0.283,0.247,-0.065,-0.413,-0.402,-0.647,0.154,0.447,-0.784,0.289,0.191,-0.784,-0.054,-0.223,-0.768,0.204,-0.648,-0.445,-0.519,-0.493,-0.659,0.355,-0.345,0.355,0.59,0.593,-0.189,-0.495,-0.493,0.039,-0.076,-0.706,0.104,-0.137,-0.168,0.518,-0.586,-0.327,-0.147,0.0,-0.578,0.519,-0.003,-0.159,-0.161,0.627,-0.504,0.23,0.415,-0.51,0.054,-0.257,0.761,0.427,-0.595,-0.571,0.271,-0.763,0.123,-0.101,-0.409,-0.413,-0.773,-0.011,-0.658,-0.492,-0.583,-0.625,-0.381,-0.71,-0.206,-0.11,0.284,-0.441,-0.756,-0.263,0.012,-0.589,-0.035,-0.515,-0.531,-0.222,0.171,-0.245,0.669,-0.458,-0.628,-0.074,0.245,-0.541,-0.21,0.305,0.207,0.757,-0.674,-0.577,-0.457,-0.339,0.532,0.369,-0.486,-0.389,0.357,0.549,0.113,-0.406,0.315,-0.37,-0.361,-0.593,-0.375,-0.645,0.508,-0.601,-0.681,-0.644,-0.659,0.265,-0.158,-0.544,-0.762,0.152,-0.669,0.348,-0.042,-0.157,-0.496,0.27,-0.765,0.105,-0.57,-0.378,-0.695,-0.543,-0.016,-0.63,-0.645,-0.532,-0.375,-0.143,0.043,-0.685,-0.392,-0.339,0.257,-0.586,-0.605,-0.523,-0.04,0.028,-0.359,0.052,0.447,0.617,-0.356,-0.761
KTOS,0.662,-0.227,0.813,0.272,0.551,-0.325,0.879,0.322,0.149,-0.054,0.301,0.877,0.681,0.653,0.411,0.425,0.392,-0.083,0.804,0.616,0.433,-0.417,0.75,0.698,0.086,-0.116,0.185,-0.527,0.449,0.284,0.673,0.888,0.165,-0.227,0.147,0.446,0.483,0.791,0.161,0.267,0.723,0.439,0.34,0.04,0.043,-0.055,0.384,0.61,-0.099,0.417,0.456,0.02,0.558,0.113,0.329,0.41,0.525,0.75,0.624,0.454,0.593,0.027,0.11,0.559,0.29,0.112,0.152,-0.026,-0.094,-0.623,0.696,0.437,0.716,0.275,0.678,0.416,-0.264,-0.281,0.027,-0.032,0.124,0.094,0.062,-0.578,0.0,-0.076,0.076,0.591,0.192,-0.529,0.491,0.265,-0.13,0.695,0.22,0.506,-0.525,-0.277,0.671,0.242,-0.255,0.309,0.58,-0.236,0.693,0.415,0.542,-0.596,0.753,0.65,0.724,0.845,0.711,0.602,-0.106,0.273,-0.212,0.571,0.454,0.34,0.421,0.234,0.353,0.232,0.241,0.33,0.513,0.765,-0.3,0.668,0.878,0.476,0.163,0.003,0.318,0.115,0.185,-0.471,0.302,0.811,0.095,0.704,-0.416,0.157,0.381,0.247,0.047,-0.048,0.288,-0.009,-0.074,0.231,0.76,0.446,0.518,0.508,-0.056,0.502,0.799,0.164,0.27,0.051,0.74,0.402,0.536,0.049,0.508,0.052,0.54,-0.152,0.492,0.197,0.512,0.499,0.432,0.494,0.697,0.467,0.402,0.767,0.3,0.626,0.384,0.412,0.453,0.489,0.479,-0.134,0.296,0.392,0.273,0.409,-0.316,0.489,0.515,0.035,-0.553,-0.314,0.464,0.783
KXIN,-0.409,0.017,0.168,-0.497,-0.235,0.616,-0.142,0.502,-0.622,-0.643,0.361,-0.125,-0.375,0.201,-0.422,0.271,-0.699,-0.568,-0.393,-0.548,0.53,-0.487,-0.227,-0.124,-0.302,0.212,-0.605,0.5,0.009,-0.262,-0.232,0.097,0.407,-0.024,-0.204,0.653,-0.27,-0.311,-0.104,0.632,-0.317,0.473,0.323,0.55,-0.667,0.118,0.52,0.284,-0.643,-0.566,0.474,0.694,-0.617,0.537,0.598,-0.615,0.394,0.219,-0.254,0.583,-0.202,-0.558,-0.378,-0.021,-0.308,0.662,-0.516,0.405,0.669,0.232,0.342,-0.393,-0.143,0.52,0.42,-0.65,0.344,-0.342,0.078,0.428,-0.613,-0.51,-0.295,0.519,-0.076,0.0,0.014,0.419,-0.311,0.452,-0.258,0.661,0.541,-0.211,0.343,-0.073,0.614,0.57,-0.049,-0.556,0.359,-0.61,0.554,-0.533,-0.115,-0.187,-0.466,-0.407,-0.286,-0.019,0.021,-0.016,0.327,-0.444,-0.514,0.304,0.286,-0.101,-0.409,-0.089,0.363,-0.529,0.313,-0.618,-0.622,-0.16,0.563,0.359,0.484,-0.106,-0.102,0.53,0.639,-0.417,-0.24,0.493,0.468,0.615,-0.556,-0.07,-0.602,0.164,0.554,0.65,-0.322,-0.327,0.541,0.663,0.541,-0.52,0.023,-0.568,0.236,-0.286,-0.15,-0.196,0.655,-0.388,-0.055,-0.489,-0.649,0.454,0.284,-0.32,-0.684,0.141,-0.544,0.48,0.443,0.01,-0.163,0.649,-0.639,0.55,-0.287,0.047,-0.183,0.05,0.471,-0.399,-0.613,-0.04,-0.054,0.301,0.496,-0.581,-0.269,-0.644,0.632,-0.439,-0.477,-0.35,-0.059,0.444,-0.249,0.44,0.247,0.625,0.241,-0.284
LAMR,0.027,0.781,-0.065,-0.294,-0.193,0.044,0.092,0.09,-0.037,-0.106,0.298,-0.009,0.151,0.182,0.153,0.503,0.272,0.057,0.002,-0.101,0.216,0.158,0.069,0.239,-0.522,0.082,-0.255,0.365,0.245,0.361,0.374,0.04,0.52,-0.445,-0.616,0.055,0.347,0.096,-0.443,0.142,0.121,0.077,0.582,0.584,0.135,-0.127,0.07,0.182,0.19,-0.161,-0.3,0.28,-0.123,0.473,0.26,0.153,0.457,0.056,0.109,0.174,0.224,0.29,0.075,0.407,0.045,0.353,-0.229,0.317,0.249,0.459,0.05,-0.126,-0.102,0.445,0.186,-0.099,0.472,-0.043,0.208,0.205,-0.058,-0.43,-0.482,-0.003,0.076,0.014,0.0,0.268,0.148,0.099,-0.047,0.253,0.278,0.048,0.493,0.548,0.254,0.253,0.23,0.235,0.347,0.121,0.174,-0.451,0.036,0.167,-0.02,-0.087,0.155,0.346,0.393,0.012,0.143,0.012,0.094,0.571,0.617,0.377,0.364,-0.607,0.223,0.11,0.098,-0.3,-0.292,-0.507,0.233,0.089,-0.078,-0.115,0.155,0.079,0.141,0.193,0.363,0.538,0.33,0.242,0.141,-0.167,0.033,0.231,0.412,0.341,0.027,0.527,0.359,0.196,0.112,0.32,-0.29,-0.394,-0.078,0.254,0.197,-0.316,0.008,0.397,0.093,0.447,-0.149,0.236,0.079,0.052,-0.062,0.349,-0.315,0.381,0.198,0.647,0.616,0.284,0.102,0.051,-0.205,-0.032,0.355,0.431,0.5,0.097,0.052,0.354,0.515,0.12,0.168,0.24,0.219,0.109,0.326,-0.293,-0.502,-0.103,0.473,0.265,0.231,0.138,0.324,0.148,0.502,0.138
LFUS,0.029,0.073,0.55,-0.467,0.181,0.4,0.518,0.464,-0.478,-0.622,0.826,0.605,0.141,0.478,-0.173,0.746,-0.256,-0.475,0.154,-0.101,0.864,-0.742,0.4,0.424,-0.223,0.175,-0.56,-0.011,0.649,0.128,0.315,0.726,0.71,-0.189,-0.434,0.803,0.028,0.327,-0.301,0.823,0.067,0.817,0.712,0.606,-0.602,0.207,0.695,0.889,-0.489,-0.188,0.402,0.62,0.067,0.733,0.878,-0.166,0.792,0.597,0.46,0.836,0.186,-0.337,-0.258,0.632,0.235,0.767,-0.577,0.441,0.534,-0.18,0.798,-0.242,0.159,0.807,0.89,-0.25,0.333,-0.558,0.09,0.386,-0.481,-0.578,-0.472,-0.159,0.591,0.419,0.268,0.0,-0.364,-0.04,0.021,0.833,0.569,0.237,0.769,0.291,0.216,0.454,0.365,-0.255,0.472,-0.197,0.821,-0.671,0.264,0.01,-0.036,-0.627,0.242,0.373,0.703,0.581,0.886,0.058,-0.624,0.713,0.268,0.431,0.17,-0.023,0.442,-0.311,0.796,-0.489,-0.486,0.019,0.836,0.822,-0.004,0.297,0.514,0.914,0.768,-0.341,0.395,0.572,0.792,0.241,-0.007,0.438,-0.464,0.744,0.342,0.624,-0.106,-0.066,0.662,0.601,0.84,-0.341,-0.109,-0.544,0.724,0.097,0.024,0.265,0.512,0.119,0.611,0.011,-0.438,0.681,0.732,-0.091,-0.177,0.42,-0.165,0.659,0.867,0.07,0.384,0.834,-0.109,0.869,0.003,0.348,0.508,0.56,0.582,0.196,-0.184,0.527,0.42,0.786,0.712,-0.068,0.011,-0.53,0.781,-0.21,-0.205,-0.208,0.021,0.876,0.028,0.658,0.056,0.428,0.739,0.368
LGIH,0.639,0.123,0.264,0.712,0.254,-0.655,0.279,0.223,0.61,0.564,-0.638,0.131,0.589,0.387,0.706,-0.365,0.644,0.322,0.532,0.631,-0.408,0.399,0.205,0.48,0.034,-0.416,0.646,-0.305,-0.413,0.256,0.28,-0.031,-0.476,-0.124,0.452,-0.267,0.741,0.405,0.292,-0.503,0.606,-0.653,-0.178,-0.281,0.756,-0.476,-0.205,-0.403,0.456,0.563,0.112,-0.528,0.127,-0.539,-0.504,0.469,-0.077,0.184,0.034,-0.289,0.518,0.41,0.481,-0.137,-0.272,-0.517,0.784,-0.629,-0.562,-0.221,-0.034,0.782,0.533,-0.432,-0.167,0.463,-0.423,0.526,-0.144,-0.492,0.6,0.63,0.392,-0.161,0.192,-0.311,0.148,-0.364,0.0,-0.541,0.46,-0.565,-0.682,0.262,-0.495,0.637,-0.516,-0.753,0.43,0.266,-0.74,0.4,-0.116,0.316,0.608,0.743,0.585,0.001,0.522,0.57,-0.039,0.011,-0.301,0.531,0.645,-0.376,-0.309,0.155,0.324,0.108,0.191,0.674,-0.718,0.585,0.585,0.005,-0.341,-0.203,-0.014,0.434,0.308,-0.491,-0.535,0.387,-0.382,-0.149,-0.616,-0.523,0.204,0.321,0.522,-0.071,-0.612,-0.271,0.736,0.53,-0.649,-0.572,-0.62,0.398,-0.237,0.696,-0.071,0.526,0.735,0.046,-0.525,0.564,0.079,-0.011,0.532,-0.754,-0.063,0.728,0.428,-0.385,0.477,-0.586,-0.385,0.101,0.332,-0.483,0.4,-0.359,0.144,0.138,0.134,0.007,0.258,0.55,0.486,0.307,-0.029,-0.42,-0.083,0.558,0.649,0.446,-0.361,0.548,0.104,0.746,-0.111,-0.43,0.645,-0.709,-0.593,-0.726,-0.081,0.37
LGMK,-0.679,0.157,-0.504,-0.639,-0.668,0.653,-0.647,-0.154,-0.533,-0.395,0.308,-0.556,-0.663,-0.374,-0.669,0.084,-0.597,-0.226,-0.744,-0.768,0.21,-0.026,-0.682,-0.636,-0.152,0.361,-0.508,0.826,-0.15,-0.453,-0.494,-0.434,0.245,-0.029,-0.359,0.083,-0.685,-0.74,-0.101,0.222,-0.591,0.22,-0.08,0.271,-0.401,0.354,-0.052,-0.116,-0.372,-0.683,-0.135,0.462,-0.585,0.357,0.218,-0.608,0.015,-0.206,-0.474,0.093,-0.665,-0.353,-0.388,-0.217,-0.208,0.438,-0.549,0.681,0.583,0.584,-0.25,-0.696,-0.642,0.208,-0.054,-0.598,0.276,-0.153,0.01,0.425,-0.565,-0.499,-0.323,0.627,-0.529,0.452,0.099,-0.04,-0.541,0.0,-0.423,0.422,0.465,-0.461,0.28,-0.499,0.689,0.613,-0.539,-0.196,0.555,-0.561,0.021,-0.232,-0.664,-0.662,-0.734,0.135,-0.706,-0.637,-0.378,-0.328,-0.211,-0.689,-0.324,0.158,0.377,-0.411,-0.542,-0.239,-0.201,-0.592,0.284,-0.55,-0.552,-0.192,0.144,-0.124,0.41,-0.473,-0.629,0.084,0.329,-0.305,0.12,0.136,0.371,0.778,-0.419,-0.679,-0.411,-0.211,0.69,0.335,-0.694,-0.427,0.494,0.546,0.259,-0.294,0.367,-0.57,-0.257,-0.523,-0.518,-0.504,0.555,-0.585,-0.524,-0.159,-0.519,0.449,-0.29,-0.656,-0.572,0.063,-0.644,0.404,0.123,-0.003,-0.459,0.282,-0.59,0.111,-0.329,-0.379,-0.529,-0.349,-0.129,-0.771,-0.535,-0.594,-0.157,0.012,0.086,-0.687,-0.527,-0.341,0.292,-0.599,-0.381,-0.69,0.096,0.185,-0.588,0.355,0.659,0.693,-0.206,-0.749
LKFN,0.705,0.019,0.345,0.64,0.555,-0.438,0.616,0.087,0.667,0.562,-0.187,0.572,0.666,0.528,0.718,-0.254,0.554,0.245,0.614,0.732,-0.1,0.266,0.531,0.49,0.55,0.109,0.665,-0.517,0.111,0.534,0.563,0.368,-0.176,0.169,0.462,-0.121,0.561,0.592,0.37,-0.382,0.61,-0.1,0.029,-0.31,0.477,-0.208,0.034,0.081,0.452,0.797,0.111,-0.437,0.606,-0.366,-0.276,0.639,0.201,0.519,0.626,-0.144,0.584,0.476,0.703,0.366,0.412,-0.414,0.554,-0.349,-0.526,-0.457,0.385,0.656,0.67,-0.093,0.181,0.735,-0.29,0.515,0.151,-0.291,0.574,0.595,0.586,-0.504,0.491,-0.258,-0.047,0.021,0.46,-0.423,0.0,-0.221,-0.535,0.637,-0.201,0.341,-0.698,-0.456,0.59,0.535,-0.465,0.618,-0.021,0.382,0.45,0.443,0.734,0.059,0.761,0.488,0.304,0.568,0.203,0.831,0.456,0.023,-0.328,0.468,0.566,0.556,0.286,0.641,-0.129,0.726,0.725,0.507,-0.163,0.208,-0.34,0.717,0.475,0.018,-0.199,0.465,0.077,-0.156,-0.292,-0.631,0.589,0.551,0.673,0.336,-0.521,-0.374,0.466,0.324,-0.448,-0.503,-0.276,0.435,0.05,0.615,0.421,0.699,0.62,0.5,-0.331,0.566,0.594,0.317,0.659,-0.373,0.064,0.631,0.672,-0.361,0.758,-0.387,0.076,0.01,0.439,-0.312,0.681,0.003,0.641,0.651,0.388,0.361,0.161,0.597,0.737,0.489,0.203,-0.002,0.244,0.592,0.653,0.39,-0.108,0.748,0.644,0.724,-0.01,-0.052,0.571,-0.221,-0.432,-0.59,0.196,0.547
LNW,-0.296,0.117,0.26,-0.711,-0.203,0.707,0.116,0.399,-0.717,-0.784,0.877,0.238,-0.257,0.274,-0.503,0.731,-0.581,-0.628,-0.239,-0.5,0.898,-0.684,0.002,0.06,-0.312,0.363,-0.751,0.416,0.463,-0.164,0.026,0.44,0.755,-0.219,-0.504,0.809,-0.318,-0.11,-0.291,0.887,-0.229,0.845,0.603,0.697,-0.731,0.368,0.623,0.709,-0.66,-0.534,0.348,0.839,-0.278,0.863,0.925,-0.502,0.724,0.443,0.102,0.844,-0.179,-0.5,-0.469,0.439,0.026,0.923,-0.772,0.703,0.83,0.149,0.613,-0.54,-0.179,0.834,0.773,-0.559,0.388,-0.573,0.126,0.624,-0.749,-0.762,-0.529,0.23,0.265,0.661,0.253,0.833,-0.565,0.422,-0.221,0.0,0.774,-0.007,0.813,0.02,0.572,0.732,0.07,-0.395,0.665,-0.504,0.781,-0.736,-0.059,-0.325,-0.431,-0.53,-0.127,-0.0,0.419,0.348,0.681,-0.332,-0.727,0.694,0.434,0.161,-0.175,-0.14,0.376,-0.621,0.838,-0.742,-0.74,-0.111,0.86,0.702,0.269,0.006,0.126,0.848,0.867,-0.512,0.388,0.645,0.89,0.642,-0.288,0.047,-0.639,0.58,0.673,0.757,-0.459,-0.266,0.863,0.862,0.875,-0.482,0.083,-0.762,0.521,-0.215,-0.243,-0.041,0.768,-0.242,0.254,-0.162,-0.694,0.844,0.551,-0.432,-0.498,0.437,-0.495,0.82,0.835,0.021,0.086,0.924,-0.43,0.847,-0.178,0.109,0.162,0.288,0.499,-0.217,-0.497,0.167,0.301,0.678,0.722,-0.443,-0.241,-0.701,0.888,-0.514,-0.423,-0.543,0.048,0.883,-0.244,0.726,0.365,0.76,0.53,-0.054
LOPE,-0.577,0.248,-0.133,-0.819,-0.468,0.741,-0.278,0.106,-0.771,-0.724,0.792,-0.198,-0.607,-0.197,-0.672,0.662,-0.682,-0.564,-0.579,-0.774,0.673,-0.458,-0.31,-0.243,-0.418,0.453,-0.868,0.583,0.326,-0.235,-0.178,0.094,0.713,-0.24,-0.736,0.518,-0.51,-0.431,-0.504,0.782,-0.559,0.607,0.506,0.627,-0.686,0.465,0.289,0.397,-0.514,-0.715,0.028,0.753,-0.381,0.905,0.765,-0.633,0.443,-0.005,-0.184,0.61,-0.413,-0.4,-0.631,0.293,-0.022,0.807,-0.897,0.69,0.854,0.497,0.236,-0.814,-0.56,0.744,0.377,-0.706,0.525,-0.581,0.121,0.713,-0.803,-0.874,-0.649,0.415,-0.13,0.541,0.278,0.569,-0.682,0.465,-0.535,0.774,0.0,-0.296,0.76,-0.187,0.804,0.861,-0.335,-0.455,0.791,-0.599,0.43,-0.61,-0.404,-0.559,-0.693,-0.272,-0.409,-0.285,0.139,-0.11,0.383,-0.59,-0.616,0.609,0.661,0.075,-0.334,-0.434,0.212,-0.693,0.684,-0.842,-0.843,-0.328,0.65,0.303,0.159,-0.439,-0.272,0.561,0.707,-0.595,0.354,0.616,0.841,0.788,-0.381,-0.371,-0.641,0.217,0.85,0.628,-0.685,-0.299,0.906,0.852,0.701,-0.332,0.071,-0.885,0.074,-0.406,-0.513,-0.285,0.611,-0.348,-0.086,-0.156,-0.849,0.845,0.25,-0.715,-0.689,0.721,-0.764,0.916,0.529,0.13,-0.008,0.792,-0.535,0.532,-0.51,-0.205,-0.082,0.094,0.288,-0.466,-0.619,-0.08,0.155,0.537,0.349,-0.541,-0.401,-0.574,0.704,-0.793,-0.624,-0.813,0.271,0.63,-0.442,0.741,0.693,0.895,0.288,-0.344
LPSN,0.733,0.003,0.54,0.495,0.629,-0.364,0.72,0.198,0.529,0.299,0.013,0.649,0.705,0.576,0.628,0.148,0.501,0.168,0.721,0.691,0.001,0.087,0.741,0.589,0.192,0.174,0.443,-0.487,0.322,0.537,0.81,0.663,0.109,-0.097,0.256,0.049,0.548,0.673,0.095,-0.117,0.698,0.226,0.295,-0.064,0.27,-0.328,0.259,0.333,0.34,0.641,0.088,-0.166,0.556,-0.107,-0.01,0.623,0.277,0.46,0.601,0.013,0.684,0.5,0.497,0.49,0.476,-0.252,0.366,-0.034,-0.362,-0.391,0.475,0.513,0.632,0.149,0.276,0.652,-0.113,0.106,0.473,-0.027,0.455,0.366,0.379,-0.51,0.695,-0.211,0.048,0.237,0.262,-0.461,0.637,-0.007,-0.296,0.0,-0.023,0.459,-0.621,-0.258,0.639,0.58,-0.343,0.58,0.151,0.167,0.545,0.416,0.67,-0.096,0.759,0.577,0.612,0.66,0.458,0.719,0.149,0.261,-0.082,0.597,0.638,0.308,0.378,0.484,0.103,0.49,0.496,0.355,0.123,0.394,-0.421,0.467,0.696,0.165,-0.017,0.344,0.31,0.038,-0.12,-0.575,0.576,0.617,0.49,0.528,-0.449,-0.292,0.38,0.511,-0.223,-0.351,-0.101,0.391,-0.092,0.39,0.452,0.539,0.576,0.354,-0.37,0.592,0.704,0.362,0.502,-0.099,0.349,0.505,0.631,-0.139,0.599,-0.071,0.198,0.1,0.56,-0.116,0.695,0.083,0.493,0.72,0.662,0.481,0.253,0.705,0.536,0.55,0.443,0.197,0.194,0.574,0.632,0.247,-0.034,0.547,0.441,0.547,0.026,0.152,0.667,-0.126,-0.397,-0.463,0.439,0.727
LYFT,-0.219,0.352,0.068,-0.683,-0.245,0.581,0.09,0.136,-0.542,-0.565,0.898,0.192,-0.146,0.102,-0.379,0.746,-0.304,-0.436,-0.238,-0.419,0.729,-0.448,0.063,0.135,-0.269,0.366,-0.675,0.381,0.576,0.04,0.135,0.335,0.74,-0.356,-0.727,0.539,-0.183,-0.001,-0.426,0.734,-0.23,0.634,0.668,0.649,-0.556,0.291,0.396,0.682,-0.387,-0.425,0.044,0.648,-0.057,0.85,0.766,-0.308,0.614,0.245,0.241,0.642,-0.133,-0.223,-0.371,0.582,0.213,0.792,-0.733,0.653,0.686,0.278,0.419,-0.512,-0.295,0.774,0.602,-0.404,0.461,-0.428,0.133,0.468,-0.594,-0.77,-0.668,0.054,0.22,0.343,0.493,0.769,-0.495,0.28,-0.201,0.813,0.76,-0.023,0.0,0.137,0.526,0.685,0.029,-0.212,0.738,-0.296,0.552,-0.686,-0.137,-0.256,-0.317,-0.354,-0.074,0.075,0.451,0.258,0.558,-0.175,-0.537,0.745,0.582,0.352,0.071,-0.393,0.313,-0.42,0.765,-0.665,-0.664,-0.255,0.678,0.526,-0.039,-0.097,0.105,0.678,0.707,-0.335,0.555,0.6,0.843,0.506,-0.038,-0.055,-0.419,0.47,0.667,0.646,-0.406,-0.09,0.821,0.688,0.707,-0.153,-0.119,-0.743,0.278,-0.015,-0.164,-0.04,0.518,0.022,0.252,0.172,-0.591,0.769,0.375,-0.356,-0.35,0.539,-0.478,0.797,0.652,0.275,0.28,0.777,-0.203,0.619,-0.161,0.043,0.239,0.383,0.447,-0.157,-0.248,0.216,0.341,0.728,0.51,-0.212,-0.116,-0.471,0.707,-0.486,-0.419,-0.561,0.312,0.773,-0.182,0.721,0.473,0.638,0.587,0.008
MGNX,0.662,0.373,0.54,0.307,0.373,-0.373,0.584,0.509,0.306,0.101,-0.051,0.45,0.63,0.667,0.615,0.295,0.52,0.112,0.595,0.487,0.115,0.039,0.518,0.732,-0.305,-0.245,0.191,-0.194,0.172,0.434,0.649,0.453,0.184,-0.404,-0.014,0.2,0.792,0.588,-0.147,0.06,0.58,-0.097,0.52,0.327,0.338,-0.454,0.284,0.204,0.208,0.335,0.166,0.005,0.139,0.105,0.134,0.428,0.461,0.391,0.321,0.23,0.682,0.384,0.308,0.432,-0.026,0.026,0.265,-0.211,-0.155,-0.101,0.399,0.557,0.555,0.178,0.353,0.271,0.026,0.09,0.146,-0.057,0.295,0.087,-0.061,-0.257,0.506,-0.073,0.548,0.291,0.637,-0.499,0.341,0.02,-0.187,0.459,0.137,0.0,-0.26,-0.294,0.623,0.224,-0.312,0.374,0.359,-0.205,0.732,0.734,0.52,-0.331,0.686,0.829,0.567,0.288,0.335,0.513,0.253,0.238,0.148,0.574,0.547,-0.187,0.522,0.459,-0.166,0.129,0.131,-0.217,0.232,0.285,-0.111,0.446,0.654,0.069,-0.02,0.256,0.035,0.42,-0.073,-0.301,0.233,0.498,0.271,0.406,-0.243,0.114,0.606,0.705,-0.102,-0.149,-0.083,0.335,-0.433,0.161,0.242,0.56,0.713,0.103,-0.242,0.689,0.445,0.237,0.188,-0.153,0.392,0.629,0.268,0.05,0.251,0.004,0.131,0.389,0.738,0.112,0.393,0.121,0.076,0.363,0.619,0.486,0.631,0.676,0.329,0.71,0.492,0.123,0.27,0.549,0.672,0.126,0.188,0.267,-0.182,0.483,0.17,0.173,0.699,-0.26,-0.406,-0.358,0.568,0.652
MLCO,-0.743,0.296,-0.385,-0.832,-0.694,0.793,-0.663,0.141,-0.778,-0.663,0.471,-0.597,-0.783,-0.328,-0.783,0.323,-0.771,-0.511,-0.844,-0.947,0.418,-0.27,-0.656,-0.457,-0.472,0.323,-0.817,0.858,-0.094,-0.459,-0.531,-0.345,0.45,-0.15,-0.603,0.363,-0.607,-0.741,-0.418,0.587,-0.753,0.253,0.246,0.585,-0.609,0.356,0.144,0.013,-0.524,-0.868,-0.009,0.713,-0.75,0.692,0.535,-0.827,0.192,-0.263,-0.566,0.407,-0.629,-0.479,-0.635,-0.123,-0.384,0.713,-0.79,0.607,0.819,0.726,-0.099,-0.798,-0.737,0.459,0.109,-0.894,0.489,-0.345,-0.018,0.604,-0.793,-0.772,-0.616,0.761,-0.525,0.614,0.254,0.216,-0.516,0.689,-0.698,0.572,0.804,-0.621,0.526,-0.26,0.0,0.806,-0.559,-0.602,0.698,-0.791,0.261,-0.495,-0.549,-0.56,-0.867,-0.098,-0.707,-0.438,-0.294,-0.499,-0.063,-0.798,-0.501,0.307,0.606,-0.257,-0.589,-0.518,0.074,-0.712,0.324,-0.87,-0.878,-0.452,0.386,-0.069,0.46,-0.59,-0.577,0.271,0.57,-0.563,0.019,0.556,0.6,0.945,-0.608,-0.639,-0.652,-0.167,0.898,0.634,-0.668,-0.398,0.733,0.8,0.47,-0.39,0.091,-0.834,-0.269,-0.546,-0.528,-0.561,0.64,-0.553,-0.515,-0.38,-0.893,0.624,-0.079,-0.713,-0.885,0.442,-0.919,0.711,0.206,0.137,-0.286,0.617,-0.81,0.302,-0.674,-0.412,-0.485,-0.231,0.154,-0.767,-0.719,-0.4,-0.14,0.239,0.17,-0.742,-0.548,-0.524,0.528,-0.837,-0.782,-0.816,0.256,0.312,-0.587,0.528,0.741,0.906,0.024,-0.705
MNST,-0.615,0.333,-0.265,-0.825,-0.379,0.858,-0.355,0.137,-0.637,-0.624,0.68,-0.284,-0.612,-0.198,-0.652,0.468,-0.709,-0.483,-0.683,-0.794,0.531,-0.275,-0.307,-0.301,-0.296,0.566,-0.789,0.642,0.283,-0.13,-0.204,-0.042,0.654,0.01,-0.669,0.417,-0.571,-0.541,-0.479,0.636,-0.64,0.575,0.485,0.618,-0.73,0.342,0.39,0.368,-0.404,-0.664,-0.081,0.755,-0.453,0.772,0.658,-0.566,0.356,-0.115,-0.153,0.455,-0.388,-0.317,-0.428,0.255,0.077,0.723,-0.87,0.75,0.751,0.59,0.153,-0.786,-0.609,0.714,0.269,-0.659,0.692,-0.349,0.247,0.649,-0.709,-0.787,-0.544,0.427,-0.277,0.57,0.253,0.454,-0.753,0.613,-0.456,0.732,0.861,-0.258,0.685,-0.294,0.806,0.0,-0.329,-0.356,0.844,-0.528,0.286,-0.508,-0.5,-0.638,-0.644,-0.049,-0.468,-0.347,0.069,-0.108,0.305,-0.548,-0.634,0.619,0.667,0.003,-0.279,-0.356,0.152,-0.616,0.612,-0.778,-0.778,-0.242,0.456,0.183,0.115,-0.469,-0.352,0.558,0.705,-0.363,0.289,0.6,0.726,0.785,-0.286,-0.418,-0.519,0.129,0.906,0.514,-0.742,-0.329,0.783,0.755,0.629,-0.26,0.121,-0.882,-0.005,-0.372,-0.482,-0.245,0.604,-0.419,-0.101,-0.07,-0.749,0.803,0.057,-0.694,-0.648,0.516,-0.699,0.832,0.427,0.254,-0.051,0.69,-0.563,0.435,-0.385,-0.034,-0.164,0.138,0.194,-0.634,-0.491,-0.168,0.162,0.466,0.31,-0.6,-0.466,-0.456,0.601,-0.657,-0.49,-0.739,0.426,0.488,-0.521,0.776,0.782,0.887,0.332,-0.449
MODV,0.649,0.155,0.617,0.37,0.612,-0.387,0.812,0.381,0.412,0.152,-0.001,0.731,0.781,0.751,0.667,0.21,0.514,0.185,0.747,0.678,0.12,-0.113,0.75,0.692,0.018,-0.103,0.296,-0.538,0.445,0.599,0.714,0.627,0.166,-0.13,0.163,0.184,0.729,0.79,-0.014,-0.005,0.709,0.202,0.419,0.144,0.212,-0.431,0.388,0.462,0.246,0.538,0.176,-0.076,0.412,-0.072,0.096,0.573,0.398,0.537,0.653,0.153,0.748,0.319,0.534,0.455,0.32,-0.064,0.333,-0.263,-0.336,-0.541,0.541,0.588,0.693,0.211,0.407,0.504,-0.025,0.133,0.281,-0.242,0.402,0.236,0.136,-0.595,0.671,-0.049,0.23,0.365,0.43,-0.539,0.59,0.07,-0.335,0.639,0.029,0.623,-0.559,-0.329,0.0,0.36,-0.293,0.534,0.283,-0.116,0.666,0.677,0.711,-0.237,0.759,0.79,0.696,0.714,0.53,0.662,0.12,0.277,-0.179,0.497,0.683,0.169,0.366,0.512,0.026,0.332,0.342,0.128,0.15,0.44,-0.245,0.615,0.785,0.283,0.021,0.418,0.066,0.151,-0.08,-0.522,0.459,0.721,0.29,0.581,-0.415,-0.047,0.649,0.521,-0.205,-0.297,0.045,0.22,-0.405,0.278,0.546,0.627,0.618,0.436,-0.26,0.644,0.756,0.325,0.401,-0.16,0.426,0.684,0.495,-0.143,0.517,-0.162,0.256,0.216,0.635,0.046,0.532,0.2,0.421,0.576,0.72,0.643,0.481,0.728,0.463,0.779,0.49,0.191,0.368,0.634,0.563,0.175,0.084,0.516,0.296,0.636,-0.031,0.209,0.623,-0.087,-0.525,-0.492,0.602,0.81
MSTR,0.504,0.313,-0.105,0.428,0.359,-0.552,0.337,-0.359,0.761,0.639,-0.251,0.216,0.569,0.087,0.655,-0.081,0.739,0.712,0.487,0.576,-0.446,0.604,0.431,0.176,0.201,0.107,0.537,-0.294,0.281,0.618,0.688,0.059,0.015,-0.178,0.065,-0.612,0.454,0.425,-0.059,-0.632,0.549,-0.153,0.073,-0.287,0.611,-0.366,-0.323,-0.067,0.739,0.557,-0.585,-0.479,0.568,-0.335,-0.504,0.803,-0.092,-0.045,0.462,-0.588,0.5,0.819,0.673,0.348,0.611,-0.551,0.423,-0.038,-0.631,-0.097,-0.198,0.359,0.255,-0.152,-0.292,0.752,-0.042,0.431,0.468,-0.273,0.705,0.419,0.227,-0.571,0.242,-0.556,0.235,-0.255,0.266,-0.196,0.535,-0.395,-0.455,0.58,-0.212,0.224,-0.602,-0.356,0.36,0.0,-0.276,0.811,-0.466,0.371,0.093,0.237,0.596,0.409,0.5,0.27,0.307,0.307,-0.047,0.578,0.545,0.117,0.019,0.426,0.712,0.035,-0.115,0.689,-0.22,0.607,0.62,0.05,-0.404,-0.194,-0.584,0.117,0.283,-0.345,-0.436,0.679,0.363,-0.269,-0.384,-0.555,0.726,0.072,0.754,0.064,-0.365,-0.583,0.287,0.661,-0.416,-0.646,-0.487,0.765,-0.146,0.391,-0.063,0.563,0.405,0.162,-0.68,0.635,0.348,0.782,0.738,-0.334,-0.271,0.405,0.751,-0.235,0.478,-0.316,-0.233,0.366,0.509,-0.558,0.825,-0.491,0.354,0.305,0.476,0.301,-0.094,0.419,0.678,0.198,0.431,-0.184,-0.264,0.699,0.455,0.628,-0.422,0.439,0.459,0.423,0.294,-0.278,0.406,-0.241,-0.081,-0.566,0.14,0.425
MTCH,-0.687,0.378,-0.332,-0.863,-0.438,0.726,-0.291,-0.093,-0.636,-0.611,0.739,-0.19,-0.521,-0.248,-0.631,0.56,-0.502,-0.314,-0.595,-0.702,0.501,-0.315,-0.265,-0.297,-0.374,0.444,-0.773,0.522,0.402,-0.088,-0.205,-0.072,0.686,-0.032,-0.771,0.29,-0.516,-0.407,-0.575,0.573,-0.554,0.584,0.398,0.6,-0.623,0.329,0.23,0.413,-0.314,-0.649,-0.263,0.653,-0.317,0.724,0.608,-0.473,0.319,-0.138,-0.056,0.375,-0.431,-0.303,-0.42,0.199,0.169,0.718,-0.818,0.685,0.695,0.436,0.083,-0.838,-0.626,0.636,0.248,-0.562,0.69,-0.415,0.106,0.538,-0.664,-0.829,-0.656,0.271,-0.255,0.359,0.347,0.472,-0.74,0.555,-0.465,0.665,0.791,-0.343,0.738,-0.312,0.698,0.844,-0.293,-0.276,0.0,-0.421,0.214,-0.536,-0.541,-0.565,-0.615,-0.002,-0.514,-0.373,0.159,-0.078,0.262,-0.558,-0.596,0.654,0.605,-0.024,-0.169,-0.488,-0.124,-0.59,0.671,-0.757,-0.754,-0.322,0.423,0.163,0.093,-0.502,-0.292,0.515,0.621,-0.323,0.447,0.426,0.784,0.712,-0.186,-0.42,-0.56,0.153,0.835,0.446,-0.672,-0.253,0.771,0.703,0.659,-0.296,0.017,-0.872,-0.025,-0.377,-0.554,-0.301,0.563,-0.276,-0.083,0.11,-0.674,0.814,0.067,-0.653,-0.542,0.518,-0.701,0.741,0.43,0.284,-0.012,0.646,-0.476,0.376,-0.357,-0.19,-0.054,0.219,0.09,-0.514,-0.45,-0.128,0.219,0.501,0.231,-0.463,-0.537,-0.276,0.483,-0.703,-0.453,-0.75,0.338,0.529,-0.461,0.74,0.752,0.775,0.311,-0.357
MYGN,0.645,0.188,0.11,0.656,0.628,-0.681,0.567,-0.231,0.832,0.704,-0.379,0.439,0.73,0.251,0.855,-0.174,0.814,0.684,0.683,0.781,-0.488,0.541,0.667,0.374,0.288,-0.166,0.639,-0.65,0.333,0.74,0.714,0.197,-0.099,0.033,0.246,-0.535,0.682,0.673,0.069,-0.618,0.63,-0.246,0.119,-0.287,0.616,-0.484,-0.156,0.036,0.736,0.754,-0.396,-0.561,0.686,-0.468,-0.506,0.937,-0.126,0.027,0.652,-0.536,0.679,0.806,0.794,0.394,0.624,-0.636,0.601,-0.425,-0.759,-0.345,-0.057,0.624,0.524,-0.26,-0.238,0.858,-0.055,0.468,0.365,-0.468,0.869,0.565,0.401,-0.763,0.309,-0.61,0.121,-0.197,0.4,-0.561,0.618,-0.504,-0.599,0.58,-0.296,0.374,-0.791,-0.528,0.534,0.811,-0.421,0.0,-0.425,0.388,0.348,0.543,0.831,0.328,0.668,0.463,0.439,0.359,0.08,0.737,0.609,-0.006,-0.187,0.401,0.824,0.162,-0.057,0.778,-0.312,0.715,0.724,0.105,-0.459,-0.087,-0.566,0.353,0.466,-0.312,-0.516,0.825,0.164,-0.339,-0.518,-0.797,0.777,0.377,0.763,0.145,-0.574,-0.653,0.59,0.696,-0.598,-0.782,-0.526,0.708,-0.3,0.542,0.064,0.656,0.447,0.475,-0.711,0.676,0.51,0.784,0.845,-0.467,-0.137,0.696,0.756,-0.264,0.706,-0.526,-0.24,0.347,0.571,-0.53,0.883,-0.461,0.594,0.417,0.655,0.475,-0.042,0.635,0.762,0.487,0.451,-0.219,-0.24,0.82,0.56,0.656,-0.461,0.658,0.612,0.679,0.267,-0.307,0.568,-0.375,-0.393,-0.767,0.247,0.682
MYRG,0.08,-0.122,0.69,-0.329,0.049,0.344,0.41,0.667,-0.584,-0.686,0.614,0.49,0.071,0.57,-0.221,0.621,-0.33,-0.639,0.165,-0.121,0.88,-0.79,0.213,0.392,-0.312,-0.052,-0.471,0.12,0.225,-0.21,0.134,0.674,0.443,-0.209,-0.167,0.94,0.044,0.214,-0.014,0.834,0.148,0.64,0.486,0.583,-0.499,0.234,0.673,0.641,-0.704,-0.272,0.728,0.663,-0.193,0.62,0.851,-0.366,0.781,0.72,0.127,0.95,0.087,-0.557,-0.424,0.341,-0.212,0.763,-0.409,0.34,0.628,-0.18,0.794,-0.096,0.28,0.62,0.923,-0.398,0.051,-0.584,-0.148,0.434,-0.577,-0.476,-0.295,0.123,0.58,0.554,0.174,0.821,-0.116,0.021,-0.021,0.781,0.43,0.151,0.552,0.359,0.261,0.286,0.283,-0.466,0.214,-0.425,0.0,-0.677,0.426,0.109,-0.147,-0.836,0.196,0.342,0.479,0.464,0.702,-0.072,-0.559,0.428,0.127,0.193,-0.141,0.065,0.52,-0.425,0.592,-0.496,-0.497,0.02,0.909,0.843,0.338,0.39,0.47,0.775,0.689,-0.524,0.123,0.563,0.665,0.322,-0.344,0.455,-0.574,0.678,0.237,0.748,-0.019,-0.167,0.579,0.679,0.728,-0.554,0.036,-0.381,0.701,-0.062,0.108,0.097,0.648,-0.057,0.393,-0.372,-0.505,0.517,0.815,-0.044,-0.296,0.258,-0.173,0.528,0.819,-0.178,0.18,0.805,-0.3,0.91,-0.051,0.203,0.278,0.265,0.617,0.195,-0.381,0.391,0.217,0.537,0.771,-0.215,0.058,-0.664,0.847,-0.226,-0.367,-0.136,-0.293,0.823,0.118,0.348,-0.171,0.398,0.474,0.244
NCMI,0.277,-0.199,-0.276,0.645,0.22,-0.418,-0.138,-0.379,0.66,0.748,-0.604,-0.155,0.117,-0.213,0.357,-0.72,0.334,0.425,0.116,0.394,-0.712,0.606,-0.035,-0.102,0.583,0.075,0.713,-0.346,-0.366,0.136,-0.052,-0.33,-0.617,0.362,0.553,-0.681,0.068,-0.011,0.379,-0.755,0.088,-0.609,-0.565,-0.747,0.578,-0.128,-0.5,-0.598,0.601,0.596,-0.253,-0.724,0.388,-0.736,-0.764,0.365,-0.594,-0.233,0.015,-0.71,0.037,0.471,0.51,-0.3,0.117,-0.827,0.638,-0.448,-0.687,-0.137,-0.37,0.364,0.114,-0.648,-0.605,0.563,-0.419,0.632,0.01,-0.381,0.615,0.807,0.665,-0.101,-0.236,-0.533,-0.451,-0.671,0.316,-0.232,0.382,-0.736,-0.61,0.167,-0.686,-0.205,-0.495,-0.508,-0.116,0.371,-0.536,0.388,-0.677,0.0,-0.067,0.049,0.351,0.594,0.103,-0.174,-0.445,-0.184,-0.535,0.362,0.597,-0.551,-0.434,-0.086,0.105,0.431,-0.258,0.5,-0.525,0.771,0.762,0.42,-0.726,-0.562,-0.196,0.087,-0.224,-0.626,-0.62,0.346,-0.119,-0.568,-0.686,-0.511,0.393,-0.052,0.653,-0.422,-0.551,-0.773,0.204,0.063,-0.736,-0.695,-0.696,0.443,0.26,0.712,-0.298,0.201,0.133,0.114,-0.562,0.098,-0.169,0.076,0.617,-0.573,-0.544,0.246,0.447,-0.438,0.527,-0.615,-0.622,-0.177,-0.178,-0.763,0.387,-0.624,0.272,0.166,-0.232,-0.346,-0.512,0.122,0.528,-0.198,-0.332,-0.472,-0.487,0.268,0.229,0.577,-0.724,0.556,0.636,0.425,0.012,-0.668,0.107,-0.479,-0.195,-0.542,-0.478,-0.052
NEXT,0.777,-0.146,0.796,0.53,0.63,-0.463,0.767,0.622,0.339,0.088,-0.184,0.679,0.68,0.707,0.577,0.1,0.434,0.086,0.793,0.688,0.122,-0.191,0.633,0.832,-0.034,-0.431,0.376,-0.544,0.088,0.255,0.528,0.652,-0.127,-0.095,0.388,0.322,0.693,0.702,0.145,0.045,0.708,-0.023,0.202,0.022,0.256,-0.356,0.405,0.283,0.053,0.552,0.454,-0.111,0.272,-0.191,0.074,0.431,0.357,0.561,0.369,0.269,0.737,0.123,0.259,0.258,-0.065,-0.109,0.472,-0.399,-0.327,-0.581,0.576,0.752,0.772,0.004,0.428,0.4,-0.279,0.04,-0.073,-0.267,0.301,0.343,0.22,-0.409,0.693,-0.115,0.036,0.264,0.608,-0.664,0.45,-0.059,-0.404,0.545,-0.137,0.732,-0.549,-0.5,0.666,0.093,-0.541,0.348,0.426,-0.067,0.0,0.718,0.678,-0.41,0.766,0.736,0.516,0.511,0.418,0.59,0.079,-0.031,-0.336,0.36,0.417,0.266,0.383,0.447,-0.147,0.324,0.328,0.158,0.2,0.448,-0.106,0.676,0.779,0.173,-0.066,0.187,-0.191,0.098,-0.215,-0.521,0.165,0.848,0.188,0.518,-0.57,-0.031,0.656,0.395,-0.345,-0.246,-0.045,0.023,-0.281,0.453,0.522,0.468,0.713,0.439,-0.204,0.533,0.601,-0.03,0.33,-0.316,0.592,0.64,0.453,-0.139,0.585,-0.251,0.205,-0.027,0.476,0.002,0.363,0.256,0.309,0.453,0.547,0.411,0.481,0.775,0.359,0.67,0.342,0.091,0.352,0.493,0.545,0.065,0.086,0.547,0.152,0.669,-0.25,0.13,0.62,-0.389,-0.781,-0.535,0.362,0.759
NFLX,0.648,0.096,0.523,0.632,0.521,-0.619,0.614,0.345,0.482,0.361,-0.417,0.47,0.778,0.611,0.784,-0.115,0.63,0.289,0.735,0.72,-0.227,0.12,0.607,0.64,-0.065,-0.52,0.441,-0.528,0.014,0.476,0.529,0.335,-0.168,-0.142,0.344,-0.023,0.9,0.75,0.149,-0.24,0.688,-0.306,0.19,0.036,0.443,-0.658,0.131,0.074,0.286,0.562,0.202,-0.297,0.267,-0.347,-0.216,0.563,0.071,0.278,0.382,-0.08,0.688,0.361,0.515,0.106,-0.0,-0.317,0.616,-0.579,-0.481,-0.441,0.232,0.774,0.734,-0.204,0.095,0.479,-0.158,0.237,0.054,-0.438,0.599,0.441,0.28,-0.413,0.415,-0.187,0.167,0.01,0.743,-0.662,0.443,-0.325,-0.559,0.416,-0.256,0.734,-0.56,-0.638,0.677,0.237,-0.565,0.543,0.109,0.049,0.718,0.0,0.722,-0.185,0.667,0.804,0.393,0.251,0.152,0.596,0.463,-0.129,-0.244,0.278,0.557,0.026,0.245,0.606,-0.443,0.439,0.443,-0.048,-0.109,0.129,-0.044,0.534,0.664,-0.15,-0.288,0.49,-0.288,-0.05,-0.437,-0.618,0.295,0.607,0.349,0.21,-0.581,-0.16,0.918,0.619,-0.495,-0.517,-0.35,0.285,-0.528,0.495,0.202,0.589,0.659,0.227,-0.433,0.633,0.409,0.203,0.495,-0.537,0.215,0.899,0.371,-0.373,0.49,-0.506,-0.111,0.222,0.509,-0.204,0.473,-0.132,0.348,0.337,0.549,0.404,0.369,0.734,0.428,0.659,0.228,-0.146,0.066,0.637,0.659,0.286,-0.18,0.521,0.158,0.778,-0.066,-0.158,0.744,-0.523,-0.721,-0.706,0.33,0.71
NIU,0.836,0.011,0.422,0.752,0.782,-0.646,0.762,0.113,0.828,0.647,-0.391,0.645,0.9,0.516,0.887,-0.259,0.759,0.494,0.835,0.923,-0.344,0.3,0.787,0.714,0.368,-0.272,0.704,-0.761,0.227,0.72,0.684,0.392,-0.222,0.113,0.443,-0.243,0.801,0.811,0.232,-0.487,0.729,-0.234,0.113,-0.352,0.522,-0.56,0.12,0.171,0.59,0.902,-0.01,-0.56,0.666,-0.529,-0.41,0.886,0.002,0.304,0.702,-0.308,0.845,0.615,0.786,0.341,0.446,-0.569,0.7,-0.544,-0.785,-0.56,0.232,0.84,0.727,-0.208,0.0,0.862,-0.207,0.493,0.189,-0.626,0.812,0.678,0.452,-0.773,0.542,-0.466,-0.02,-0.036,0.585,-0.734,0.734,-0.431,-0.693,0.67,-0.317,0.52,-0.867,-0.644,0.711,0.596,-0.615,0.831,-0.147,0.351,0.678,0.722,0.0,0.115,0.833,0.718,0.449,0.537,0.22,0.907,0.458,-0.057,-0.392,0.429,0.814,0.359,0.161,0.854,-0.34,0.763,0.769,0.319,-0.328,0.116,-0.487,0.647,0.662,-0.103,-0.384,0.714,-0.062,-0.26,-0.528,-0.88,0.723,0.708,0.699,0.266,-0.733,-0.494,0.759,0.561,-0.681,-0.758,-0.406,0.534,-0.322,0.676,0.323,0.811,0.72,0.589,-0.631,0.734,0.647,0.467,0.828,-0.586,0.077,0.843,0.807,-0.39,0.856,-0.569,-0.15,0.221,0.55,-0.444,0.787,-0.222,0.62,0.633,0.629,0.523,0.181,0.757,0.851,0.629,0.273,-0.059,0.011,0.799,0.685,0.518,-0.373,0.867,0.621,0.887,0.088,-0.254,0.625,-0.385,-0.663,-0.84,0.348,0.794
NKTR,-0.115,0.307,-0.729,0.134,-0.041,-0.043,-0.383,-0.455,0.525,0.529,-0.403,-0.445,-0.098,-0.39,0.106,-0.541,0.16,0.601,-0.265,0.005,-0.686,0.697,-0.197,-0.298,0.284,0.264,0.351,0.046,-0.101,0.287,-0.145,-0.633,-0.18,0.31,0.085,-0.742,-0.113,-0.288,-0.125,-0.683,-0.27,-0.434,-0.317,-0.377,0.329,-0.24,-0.393,-0.467,0.692,0.238,-0.735,-0.409,0.072,-0.442,-0.643,0.291,-0.537,-0.612,-0.042,-0.787,-0.064,0.539,0.48,-0.238,0.275,-0.524,0.239,-0.133,-0.47,0.28,-0.597,-0.003,-0.374,-0.374,-0.725,0.311,0.174,0.656,0.255,-0.296,0.446,0.328,0.205,-0.011,-0.596,-0.407,-0.087,-0.627,0.001,0.135,0.059,-0.53,-0.272,-0.096,-0.354,-0.331,-0.098,-0.049,-0.237,0.409,-0.002,0.328,-0.836,0.594,-0.41,-0.185,0.115,0.0,-0.223,-0.306,-0.403,-0.369,-0.544,0.046,0.322,-0.125,-0.037,-0.184,0.201,-0.09,-0.453,0.366,-0.403,0.343,0.342,0.003,-0.776,-0.736,-0.196,-0.344,-0.478,-0.507,-0.375,0.522,-0.005,-0.315,-0.458,-0.116,0.422,-0.413,0.502,-0.518,-0.027,-0.642,-0.088,0.115,-0.46,-0.487,-0.488,0.455,-0.011,0.182,-0.554,0.099,-0.11,-0.125,-0.424,0.064,-0.307,0.346,0.359,-0.304,-0.769,-0.036,0.214,-0.23,0.103,-0.306,-0.63,0.335,-0.125,-0.579,0.138,-0.682,0.037,-0.002,-0.267,-0.082,-0.46,-0.302,0.397,-0.301,-0.101,-0.34,-0.492,0.122,-0.115,0.669,-0.651,0.208,0.276,0.079,0.474,-0.633,-0.215,-0.153,0.314,-0.19,-0.222,-0.281
NRC,0.864,0.076,0.636,0.615,0.719,-0.571,0.846,0.323,0.596,0.375,-0.108,0.754,0.824,0.653,0.811,0.09,0.643,0.213,0.852,0.817,0.027,0.082,0.798,0.785,0.169,-0.133,0.493,-0.636,0.313,0.627,0.83,0.661,0.008,-0.106,0.301,0.065,0.805,0.825,0.149,-0.152,0.781,0.001,0.36,-0.086,0.404,-0.338,0.237,0.328,0.378,0.762,0.186,-0.29,0.618,-0.173,-0.053,0.737,0.358,0.564,0.687,0.061,0.857,0.5,0.547,0.562,0.367,-0.282,0.473,-0.354,-0.482,-0.501,0.536,0.738,0.803,0.103,0.322,0.684,-0.187,0.206,0.248,-0.248,0.547,0.414,0.344,-0.658,0.753,-0.286,0.155,0.242,0.522,-0.706,0.761,-0.127,-0.409,0.759,-0.074,0.686,-0.707,-0.468,0.759,0.5,-0.514,0.668,0.196,0.103,0.766,0.667,0.833,-0.223,0.0,0.793,0.646,0.635,0.468,0.847,0.342,0.151,-0.185,0.652,0.726,0.313,0.475,0.676,-0.093,0.554,0.563,0.237,0.063,0.405,-0.432,0.699,0.794,0.114,-0.143,0.434,0.104,0.072,-0.215,-0.694,0.546,0.757,0.523,0.549,-0.55,-0.219,0.637,0.596,-0.343,-0.443,-0.173,0.444,-0.262,0.491,0.532,0.753,0.722,0.518,-0.434,0.741,0.775,0.374,0.57,-0.316,0.401,0.721,0.673,-0.143,0.708,-0.241,0.187,0.171,0.723,-0.133,0.741,0.096,0.498,0.636,0.732,0.576,0.436,0.846,0.644,0.788,0.464,0.123,0.281,0.757,0.777,0.263,0.022,0.635,0.392,0.738,0.014,0.09,0.717,-0.253,-0.584,-0.624,0.47,0.866
NTNX,0.702,0.251,0.63,0.371,0.605,-0.379,0.759,0.495,0.416,0.199,-0.075,0.633,0.837,0.725,0.699,0.15,0.525,0.119,0.713,0.648,0.079,-0.062,0.74,0.825,-0.09,-0.199,0.257,-0.424,0.292,0.653,0.71,0.551,0.168,-0.191,0.096,0.23,0.844,0.766,-0.037,0.016,0.647,0.029,0.533,0.179,0.205,-0.551,0.424,0.389,0.238,0.494,0.261,-0.105,0.325,-0.011,0.08,0.56,0.403,0.473,0.569,0.183,0.846,0.361,0.494,0.475,0.214,-0.053,0.31,-0.317,-0.323,-0.327,0.478,0.631,0.681,0.213,0.373,0.432,0.065,0.142,0.227,-0.292,0.438,0.214,0.037,-0.492,0.65,-0.019,0.346,0.373,0.57,-0.637,0.488,-0.0,-0.285,0.577,0.075,0.829,-0.438,-0.347,0.79,0.27,-0.373,0.463,0.342,-0.174,0.736,0.804,0.718,-0.306,0.793,0.0,0.627,0.511,0.483,0.697,0.169,0.262,-0.032,0.596,0.712,0.029,0.55,0.609,-0.156,0.29,0.297,0.05,0.166,0.366,-0.219,0.593,0.788,0.236,0.045,0.406,-0.079,0.302,-0.13,-0.506,0.409,0.701,0.327,0.403,-0.366,0.089,0.731,0.596,-0.216,-0.308,-0.025,0.325,-0.505,0.241,0.444,0.744,0.763,0.346,-0.339,0.736,0.663,0.238,0.354,-0.281,0.38,0.755,0.406,-0.118,0.426,-0.109,0.146,0.397,0.728,0.051,0.491,0.158,0.267,0.588,0.693,0.63,0.637,0.701,0.486,0.787,0.358,0.244,0.335,0.633,0.708,0.145,0.103,0.495,0.067,0.671,0.134,0.104,0.644,-0.092,-0.503,-0.472,0.677,0.769
NTRA,0.42,0.201,0.606,-0.006,0.539,-0.155,0.816,0.327,0.069,-0.206,0.439,0.771,0.56,0.6,0.399,0.687,0.324,0.036,0.609,0.396,0.434,-0.314,0.78,0.609,-0.24,-0.034,-0.113,-0.388,0.761,0.53,0.813,0.806,0.591,-0.261,-0.256,0.375,0.507,0.707,-0.339,0.366,0.542,0.587,0.744,0.47,-0.127,-0.211,0.539,0.789,0.018,0.226,0.066,0.284,0.388,0.393,0.486,0.445,0.645,0.483,0.682,0.419,0.637,0.22,0.18,0.741,0.512,0.293,-0.13,0.14,0.03,-0.356,0.644,0.188,0.494,0.571,0.603,0.272,0.3,-0.322,0.366,0.142,0.078,-0.235,-0.208,-0.583,0.724,0.021,0.393,0.703,-0.039,-0.378,0.304,0.419,0.139,0.612,0.451,0.567,-0.294,0.069,0.696,0.307,0.159,0.439,0.479,-0.445,0.516,0.393,0.449,-0.403,0.646,0.627,0.0,0.706,0.833,0.421,-0.192,0.638,0.214,0.624,0.654,-0.083,0.328,0.178,0.469,-0.067,-0.054,-0.108,0.504,0.682,-0.345,0.354,0.809,0.558,0.303,0.206,0.437,0.342,0.348,-0.259,0.364,0.613,0.008,0.791,-0.055,0.134,0.275,0.523,0.237,0.074,0.393,0.116,-0.404,-0.176,0.619,0.397,0.323,0.368,-0.023,0.55,0.832,0.502,0.087,0.332,0.66,0.336,0.303,0.257,0.225,0.282,0.595,0.336,0.754,0.406,0.444,0.431,0.278,0.493,0.927,0.821,0.522,0.631,0.192,0.797,0.794,0.467,0.429,0.467,0.34,-0.033,0.411,0.107,0.06,0.214,0.127,0.596,0.494,0.232,-0.236,-0.12,0.808,0.814
NVEE,0.521,-0.147,0.637,0.182,0.542,-0.132,0.82,0.228,0.176,-0.01,0.356,0.857,0.617,0.613,0.356,0.356,0.285,-0.006,0.657,0.528,0.426,-0.343,0.695,0.57,0.245,0.073,0.156,-0.495,0.592,0.374,0.603,0.791,0.253,-0.026,0.118,0.37,0.348,0.694,0.121,0.219,0.613,0.562,0.337,0.033,-0.036,-0.054,0.441,0.693,-0.022,0.413,0.304,0.077,0.569,0.093,0.307,0.416,0.522,0.746,0.731,0.364,0.532,0.054,0.275,0.581,0.469,0.133,0.077,0.051,-0.105,-0.6,0.685,0.328,0.607,0.344,0.644,0.437,-0.126,-0.11,0.126,-0.083,0.134,0.098,0.098,-0.625,0.845,-0.016,0.012,0.581,0.011,-0.328,0.568,0.348,-0.11,0.66,0.258,0.288,-0.499,-0.108,0.714,0.307,-0.078,0.359,0.464,-0.184,0.511,0.251,0.537,-0.369,0.635,0.511,0.706,0.0,0.72,0.565,-0.173,0.37,-0.228,0.48,0.51,0.44,0.269,0.208,0.462,0.235,0.244,0.404,0.403,0.723,-0.287,0.642,0.73,0.566,0.227,0.156,0.379,0.079,0.228,-0.396,0.419,0.729,0.12,0.727,-0.298,0.089,0.268,0.133,0.049,-0.044,0.351,-0.006,-0.004,0.147,0.805,0.433,0.374,0.576,0.03,0.416,0.832,0.277,0.304,0.137,0.578,0.35,0.516,-0.005,0.522,0.067,0.582,-0.066,0.423,0.218,0.464,0.497,0.541,0.569,0.657,0.54,0.331,0.579,0.348,0.593,0.434,0.412,0.531,0.394,0.359,-0.072,0.297,0.439,0.443,0.367,-0.186,0.504,0.349,0.218,-0.385,-0.225,0.515,0.688
NVMI,0.25,-0.014,0.657,-0.215,0.474,0.187,0.726,0.48,-0.231,-0.459,0.632,0.745,0.313,0.563,0.079,0.657,-0.108,-0.313,0.401,0.146,0.71,-0.609,0.631,0.506,-0.092,0.12,-0.333,-0.26,0.713,0.309,0.533,0.859,0.636,-0.084,-0.229,0.703,0.188,0.499,-0.213,0.649,0.257,0.791,0.699,0.476,-0.485,0.053,0.721,0.878,-0.323,0.041,0.393,0.479,0.255,0.559,0.731,0.106,0.726,0.609,0.61,0.695,0.432,-0.157,-0.061,0.723,0.403,0.545,-0.39,0.257,0.301,-0.348,0.819,-0.005,0.393,0.707,0.809,0.012,0.298,-0.471,0.227,0.304,-0.228,-0.372,-0.238,-0.381,0.711,0.327,0.143,0.886,-0.301,-0.211,0.203,0.681,0.383,0.458,0.558,0.335,-0.063,0.305,0.53,-0.047,0.262,0.08,0.702,-0.535,0.418,0.152,0.22,-0.544,0.468,0.483,0.833,0.72,0.0,0.247,-0.497,0.652,0.128,0.492,0.345,0.107,0.475,-0.118,0.673,-0.25,-0.243,0.112,0.717,0.862,-0.166,0.419,0.674,0.848,0.626,-0.094,0.33,0.479,0.563,-0.026,0.125,0.624,-0.264,0.776,0.118,0.381,0.047,0.075,0.45,0.359,0.69,-0.216,-0.157,-0.338,0.797,0.201,0.133,0.482,0.306,0.228,0.794,0.154,-0.177,0.531,0.767,0.08,0.051,0.336,0.113,0.477,0.785,0.077,0.467,0.654,0.124,0.753,0.254,0.508,0.695,0.692,0.533,0.395,-0.027,0.676,0.564,0.686,0.665,0.132,0.144,-0.386,0.637,0.032,0.022,0.024,0.017,0.75,0.173,0.508,-0.133,0.198,0.768,0.584
NWL,0.842,0.015,0.428,0.689,0.73,-0.566,0.723,0.076,0.781,0.648,-0.242,0.661,0.864,0.523,0.814,-0.221,0.729,0.35,0.756,0.879,-0.217,0.266,0.741,0.696,0.492,-0.04,0.7,-0.686,0.224,0.689,0.694,0.441,-0.203,0.038,0.41,-0.174,0.706,0.767,0.276,-0.408,0.653,-0.179,0.136,-0.347,0.492,-0.377,0.091,0.174,0.549,0.89,0.061,-0.57,0.743,-0.401,-0.326,0.803,0.091,0.391,0.728,-0.205,0.763,0.596,0.724,0.437,0.513,-0.506,0.607,-0.434,-0.682,-0.491,0.328,0.768,0.686,-0.13,0.123,0.847,-0.255,0.475,0.202,-0.504,0.719,0.639,0.467,-0.71,0.602,-0.444,0.012,0.058,0.531,-0.689,0.831,-0.332,-0.59,0.719,-0.175,0.513,-0.798,-0.548,0.662,0.578,-0.558,0.737,-0.072,0.362,0.59,0.596,0.907,0.046,0.847,0.697,0.421,0.565,0.247,0.0,0.45,0.006,-0.305,0.606,0.761,0.427,0.307,0.814,-0.21,0.763,0.765,0.461,-0.228,0.175,-0.547,0.703,0.651,-0.026,-0.273,0.566,0.063,-0.17,-0.383,-0.83,0.731,0.679,0.761,0.266,-0.639,-0.407,0.625,0.466,-0.531,-0.657,-0.318,0.587,-0.195,0.651,0.354,0.844,0.773,0.6,-0.563,0.724,0.659,0.438,0.754,-0.482,0.094,0.746,0.806,-0.317,0.827,-0.416,-0.066,0.14,0.558,-0.384,0.823,-0.101,0.627,0.712,0.54,0.443,0.156,0.725,0.878,0.585,0.209,0.092,0.097,0.75,0.754,0.433,-0.262,0.854,0.648,0.801,0.093,-0.156,0.64,-0.236,-0.551,-0.735,0.334,0.722
NWS,0.403,0.148,-0.169,0.728,0.102,-0.667,0.023,-0.374,0.684,0.82,-0.64,-0.105,0.364,-0.024,0.683,-0.503,0.666,0.524,0.313,0.495,-0.658,0.762,0.065,0.032,0.27,-0.217,0.678,-0.274,-0.308,0.327,0.265,-0.282,-0.462,-0.052,0.356,-0.691,0.535,0.238,0.341,-0.765,0.373,-0.728,-0.274,-0.443,0.859,-0.299,-0.614,-0.571,0.655,0.544,-0.296,-0.685,0.354,-0.578,-0.743,0.565,-0.407,-0.136,0.088,-0.65,0.219,0.653,0.58,-0.091,0.062,-0.742,0.728,-0.526,-0.618,0.002,-0.382,0.524,0.308,-0.573,-0.51,0.59,-0.361,0.611,0.047,-0.404,0.746,0.681,0.541,-0.206,-0.106,-0.514,0.094,-0.624,0.645,-0.324,0.456,-0.727,-0.616,0.149,-0.537,0.253,-0.501,-0.634,0.12,0.545,-0.596,0.609,-0.559,0.597,0.079,0.463,0.458,0.322,0.342,0.169,-0.192,-0.173,-0.497,0.45,0.0,-0.44,-0.16,0.101,0.325,0.105,-0.105,0.617,-0.674,0.717,0.711,0.03,-0.622,-0.464,-0.196,0.173,-0.017,-0.757,-0.74,0.55,-0.118,-0.425,-0.661,-0.542,0.392,-0.086,0.729,-0.291,-0.491,-0.57,0.492,0.493,-0.629,-0.724,-0.833,0.697,-0.035,0.666,-0.344,0.463,0.361,-0.003,-0.632,0.407,-0.126,0.381,0.69,-0.687,-0.476,0.548,0.413,-0.347,0.422,-0.656,-0.539,0.109,0.222,-0.682,0.599,-0.687,0.289,0.006,0.065,-0.132,-0.173,0.349,0.533,0.079,-0.064,-0.59,-0.431,0.538,0.531,0.594,-0.532,0.436,0.356,0.546,0.122,-0.588,0.493,-0.651,-0.278,-0.674,-0.298,0.156
NXPI,-0.084,0.571,0.083,-0.552,0.026,0.456,0.291,0.215,-0.235,-0.402,0.734,0.292,0.075,0.285,-0.095,0.692,-0.114,-0.212,-0.044,-0.211,0.579,-0.26,0.272,0.268,-0.342,0.467,-0.526,0.248,0.64,0.431,0.432,0.371,0.886,-0.18,-0.667,0.406,0.054,0.101,-0.557,0.506,-0.048,0.687,0.795,0.638,-0.39,0.026,0.509,0.669,-0.032,-0.195,-0.163,0.548,-0.007,0.739,0.643,0.022,0.692,0.273,0.397,0.468,0.206,0.103,0.006,0.672,0.429,0.622,-0.584,0.581,0.445,0.249,0.463,-0.395,-0.156,0.871,0.508,-0.157,0.69,-0.248,0.419,0.437,-0.313,-0.625,-0.526,-0.11,0.273,0.304,0.571,0.713,-0.376,0.158,0.023,0.694,0.609,0.261,0.745,0.238,0.307,0.619,0.277,0.117,0.654,-0.006,0.428,-0.551,-0.031,-0.129,-0.057,-0.125,0.151,0.262,0.638,0.37,0.652,0.006,-0.44,0.0,0.63,0.495,0.381,-0.36,0.344,-0.112,0.638,-0.467,-0.457,-0.191,0.561,0.462,-0.136,-0.058,0.233,0.683,0.671,-0.028,0.554,0.649,0.711,0.356,0.242,0.05,-0.194,0.565,0.56,0.371,-0.27,0.232,0.615,0.472,0.613,0.072,-0.199,-0.656,0.364,0.218,-0.007,-0.025,0.285,0.283,0.454,0.345,-0.35,0.66,0.314,-0.194,-0.126,0.466,-0.314,0.733,0.601,0.526,0.575,0.637,-0.004,0.486,-0.135,0.328,0.491,0.704,0.553,0.009,-0.028,0.405,0.577,0.638,0.526,0.072,0.029,-0.113,0.595,-0.301,-0.324,-0.276,0.505,0.641,0.024,0.685,0.464,0.458,0.795,0.208
OCGN,-0.354,0.647,-0.266,-0.554,-0.387,0.433,-0.256,0.043,-0.326,-0.289,0.434,-0.283,-0.286,-0.161,-0.215,0.507,-0.202,-0.219,-0.42,-0.508,0.254,0.079,-0.205,-0.109,-0.542,0.388,-0.575,0.581,0.202,0.153,0.195,-0.099,0.636,-0.331,-0.733,0.104,-0.101,-0.317,-0.585,0.356,-0.315,0.236,0.639,0.608,-0.237,0.035,0.109,0.165,-0.042,-0.483,-0.327,0.47,-0.348,0.686,0.39,-0.226,0.32,-0.18,-0.135,0.219,-0.096,0.14,-0.175,0.364,0.113,0.452,-0.567,0.564,0.506,0.733,-0.025,-0.562,-0.468,0.622,0.06,-0.394,0.679,-0.208,0.365,0.511,-0.362,-0.633,-0.532,0.284,-0.212,0.286,0.617,0.268,-0.309,0.377,-0.328,0.434,0.661,-0.082,0.582,0.148,0.606,0.667,-0.179,0.019,0.605,-0.187,0.127,-0.434,-0.336,-0.244,-0.392,-0.037,-0.185,-0.032,0.214,-0.228,0.128,-0.305,-0.16,0.63,0.0,0.345,0.071,-0.641,0.22,-0.208,0.263,-0.569,-0.566,-0.508,0.331,-0.013,-0.042,-0.481,-0.196,0.202,0.359,-0.141,0.313,0.546,0.481,0.561,-0.061,-0.469,-0.197,0.063,0.716,0.323,-0.431,0.274,0.589,0.457,0.24,0.242,-0.152,-0.678,-0.221,0.008,-0.122,-0.438,0.158,0.064,-0.095,0.229,-0.491,0.492,-0.056,-0.358,-0.43,0.498,-0.648,0.675,0.18,0.604,0.415,0.432,-0.162,0.076,-0.51,-0.075,0.103,0.237,0.359,-0.304,-0.256,-0.011,0.322,0.304,0.071,-0.122,-0.064,-0.088,0.449,-0.598,-0.61,-0.506,0.614,0.289,-0.039,0.471,0.668,0.546,0.387,-0.197
OCSL,0.511,0.319,0.379,0.124,0.389,-0.236,0.563,0.162,0.308,0.139,0.269,0.479,0.491,0.376,0.452,0.397,0.423,0.048,0.451,0.401,0.177,0.004,0.524,0.562,0.017,0.339,0.105,-0.268,0.505,0.59,0.771,0.549,0.372,-0.36,-0.17,0.077,0.479,0.515,-0.298,0.104,0.417,0.238,0.587,0.167,0.135,-0.175,0.153,0.376,0.304,0.356,-0.064,-0.07,0.497,0.265,0.173,0.432,0.42,0.316,0.533,0.159,0.578,0.467,0.304,0.699,0.499,0.004,-0.015,0.054,-0.13,-0.085,0.415,0.21,0.331,0.407,0.332,0.389,0.155,0.01,0.393,0.09,0.198,-0.021,-0.121,-0.441,0.571,-0.101,0.377,0.431,0.155,-0.411,0.468,0.161,0.075,0.597,0.352,0.574,-0.257,0.003,0.497,0.426,-0.024,0.401,0.193,-0.086,0.36,0.278,0.429,-0.184,0.652,0.596,0.624,0.48,0.492,0.606,0.101,0.495,0.345,0.0,0.638,-0.044,0.525,0.438,0.205,0.175,0.18,0.052,0.282,0.304,-0.547,0.244,0.576,0.277,0.116,0.146,0.372,0.349,0.169,-0.305,0.478,0.377,0.369,0.411,-0.094,-0.042,0.149,0.535,0.111,-0.119,0.098,0.496,-0.288,0.021,0.284,0.609,0.541,0.273,-0.34,0.713,0.631,0.439,0.166,0.103,0.312,0.266,0.405,0.242,0.214,0.273,0.226,0.357,0.78,0.086,0.593,0.162,0.109,0.522,0.612,0.546,0.407,0.533,0.428,0.56,0.523,0.468,0.186,0.554,0.522,0.129,0.176,0.219,0.11,0.226,0.308,0.249,0.512,0.228,-0.026,-0.181,0.572,0.591
OKTA,0.62,0.425,0.216,0.371,0.618,-0.426,0.675,0.003,0.691,0.491,-0.064,0.559,0.806,0.388,0.764,0.097,0.724,0.493,0.642,0.685,-0.208,0.308,0.766,0.64,0.098,0.01,0.378,-0.514,0.543,0.905,0.829,0.356,0.239,-0.087,-0.046,-0.254,0.735,0.72,-0.202,-0.317,0.578,0.013,0.488,-0.018,0.379,-0.542,0.152,0.366,0.653,0.657,-0.341,-0.318,0.614,-0.131,-0.195,0.857,0.175,0.173,0.764,-0.252,0.802,0.752,0.747,0.598,0.68,-0.304,0.331,-0.22,-0.557,-0.242,0.18,0.478,0.427,0.148,0.034,0.715,0.218,0.373,0.477,-0.382,0.661,0.287,0.072,-0.756,0.454,-0.409,0.364,0.17,0.324,-0.542,0.566,-0.175,-0.334,0.638,0.071,0.547,-0.589,-0.279,0.683,0.712,-0.169,0.824,-0.141,0.105,0.417,0.557,0.814,0.201,0.726,0.712,0.654,0.51,0.345,0.761,0.325,0.381,0.071,0.638,0.0,-0.028,0.185,0.771,-0.096,0.466,0.478,0.036,-0.186,0.107,-0.587,0.345,0.603,0.049,-0.156,0.727,0.273,0.014,-0.205,-0.619,0.837,0.459,0.619,0.325,-0.335,-0.361,0.515,0.737,-0.335,-0.551,-0.199,0.674,-0.475,0.247,0.232,0.825,0.566,0.379,-0.6,0.839,0.679,0.757,0.619,-0.247,0.021,0.629,0.658,-0.117,0.515,-0.183,-0.029,0.622,0.802,-0.219,0.781,-0.186,0.407,0.593,0.788,0.749,0.309,0.611,0.768,0.667,0.536,0.171,0.036,0.799,0.582,0.53,-0.202,0.54,0.374,0.584,0.458,-0.052,0.538,-0.031,-0.232,-0.559,0.643,0.747
OLLI,0.341,-0.59,0.352,0.492,0.419,-0.157,0.313,0.064,0.262,0.301,-0.183,0.418,0.236,0.231,0.201,-0.396,0.026,-0.041,0.329,0.415,-0.004,-0.105,0.214,0.138,0.687,-0.012,0.442,-0.495,-0.083,-0.05,-0.008,0.283,-0.431,0.432,0.695,0.094,-0.006,0.253,0.665,-0.159,0.262,0.033,-0.353,-0.544,0.135,0.198,0.07,0.049,-0.053,0.508,0.459,-0.33,0.399,-0.437,-0.169,0.185,-0.065,0.47,0.316,0.004,0.135,-0.128,0.269,0.015,0.114,-0.313,0.404,-0.295,-0.323,-0.574,0.322,0.408,0.499,-0.265,0.173,0.368,-0.545,0.219,-0.175,-0.298,0.261,0.602,0.65,-0.263,0.34,-0.089,-0.607,-0.023,0.108,-0.239,0.556,-0.14,-0.434,0.308,-0.393,-0.187,-0.518,-0.356,0.169,0.035,-0.488,0.162,0.065,0.431,0.266,0.026,0.359,-0.09,0.313,0.029,-0.083,0.44,0.107,0.427,0.105,-0.36,-0.641,-0.044,-0.028,0.0,0.055,0.152,0.007,0.558,0.556,0.739,-0.102,0.22,-0.017,0.613,0.204,0.085,-0.119,0.04,-0.141,-0.4,-0.236,-0.432,0.174,0.477,0.235,0.165,-0.502,-0.219,0.184,-0.324,-0.387,-0.261,-0.076,-0.111,0.492,0.565,0.479,0.157,0.152,0.586,0.025,-0.101,0.301,-0.194,0.439,-0.275,0.104,0.239,0.374,-0.37,0.647,-0.408,0.116,-0.54,-0.204,-0.216,0.23,0.17,0.558,0.401,-0.034,-0.146,-0.176,0.224,0.302,0.049,-0.252,-0.062,0.147,0.076,0.162,-0.042,-0.084,0.626,0.716,0.452,-0.435,-0.067,0.061,-0.133,-0.479,-0.323,-0.212,0.176
OTLK,0.429,0.228,0.488,0.035,0.189,0.135,0.345,0.543,-0.012,-0.121,0.219,0.299,0.238,0.484,0.205,0.243,-0.07,-0.519,0.196,0.101,0.395,-0.202,0.261,0.482,-0.066,0.273,-0.117,0.062,0.071,0.257,0.38,0.458,0.265,-0.204,-0.02,0.484,0.338,0.213,0.075,0.379,0.176,0.183,0.542,0.272,-0.147,-0.057,0.435,0.279,-0.122,0.12,0.499,0.205,0.011,0.379,0.396,-0.006,0.509,0.472,0.207,0.472,0.373,0.08,0.03,0.523,-0.016,0.257,-0.128,0.029,0.206,0.086,0.557,0.197,0.314,0.477,0.457,-0.054,0.08,-0.038,0.295,0.267,-0.098,-0.107,0.025,0.012,0.421,0.363,0.223,0.442,0.191,-0.201,0.286,0.376,0.212,0.378,0.313,0.522,0.074,0.152,0.366,-0.115,-0.124,-0.057,0.52,-0.258,0.383,0.245,0.161,-0.453,0.475,0.55,0.328,0.269,0.475,0.307,-0.105,0.344,0.22,0.525,0.185,0.055,0.0,0.108,0.115,-0.068,-0.068,0.099,0.449,0.462,-0.047,0.359,0.338,0.385,0.341,-0.108,-0.036,0.621,0.219,0.028,-0.01,0.334,0.082,0.351,0.108,0.345,0.114,0.187,0.246,0.196,0.187,0.135,-0.083,-0.084,0.356,0.365,0.382,0.163,0.073,0.235,0.37,-0.158,-0.171,0.116,0.356,0.194,-0.083,0.138,0.052,0.339,0.298,0.154,0.396,0.37,0.104,0.411,0.028,0.449,0.268,0.306,0.636,0.233,0.092,0.455,0.155,0.408,0.491,0.096,0.481,-0.369,0.472,0.089,-0.195,0.157,0.189,0.304,0.318,0.189,-0.048,0.104,0.472,0.262
OXLC,0.699,0.262,0.107,0.687,0.584,-0.649,0.431,-0.024,0.923,0.798,-0.564,0.291,0.766,0.248,0.839,-0.416,0.798,0.617,0.588,0.781,-0.568,0.584,0.523,0.545,0.289,-0.134,0.726,-0.524,0.015,0.737,0.581,0.036,-0.292,0.056,0.327,-0.526,0.727,0.541,0.089,-0.699,0.553,-0.499,0.022,-0.411,0.682,-0.578,-0.139,-0.161,0.807,0.813,-0.284,-0.704,0.528,-0.575,-0.633,0.837,-0.157,0.032,0.453,-0.565,0.762,0.787,0.84,0.192,0.387,-0.701,0.705,-0.535,-0.857,-0.239,-0.09,0.717,0.45,-0.297,-0.315,0.806,-0.104,0.685,0.25,-0.644,0.862,0.688,0.37,-0.589,0.234,-0.529,0.11,-0.311,0.674,-0.592,0.641,-0.621,-0.693,0.484,-0.42,0.459,-0.712,-0.616,0.512,0.689,-0.59,0.778,-0.425,0.5,0.447,0.606,0.854,0.366,0.676,0.609,0.178,0.208,-0.118,0.814,0.617,-0.112,-0.208,0.438,0.771,0.152,0.108,0.0,-0.596,0.781,0.787,0.19,-0.564,-0.281,-0.507,0.396,0.375,-0.373,-0.505,0.763,-0.14,-0.242,-0.655,-0.761,0.706,0.371,0.841,-0.083,-0.606,-0.583,0.644,0.638,-0.737,-0.841,-0.623,0.76,-0.339,0.652,-0.021,0.83,0.742,0.337,-0.82,0.761,0.371,0.479,0.805,-0.724,-0.27,0.731,0.754,-0.384,0.679,-0.561,-0.449,0.413,0.544,-0.647,0.749,-0.508,0.34,0.477,0.379,0.355,0.114,0.545,0.879,0.396,0.146,-0.197,-0.197,0.776,0.671,0.698,-0.552,0.764,0.465,0.798,0.289,-0.534,0.517,-0.405,-0.4,-0.809,0.186,0.529
PAA,-0.252,-0.08,0.213,-0.607,-0.102,0.539,0.199,0.054,-0.603,-0.654,0.936,0.379,-0.218,0.13,-0.483,0.727,-0.422,-0.459,-0.125,-0.336,0.807,-0.667,0.119,-0.019,-0.076,0.399,-0.596,0.135,0.63,-0.137,0.072,0.524,0.66,-0.156,-0.453,0.617,-0.402,0.027,-0.252,0.753,-0.175,0.887,0.427,0.464,-0.649,0.525,0.422,0.738,-0.524,-0.354,0.177,0.627,0.087,0.725,0.812,-0.338,0.567,0.39,0.289,0.692,-0.239,-0.414,-0.443,0.475,0.289,0.729,-0.709,0.663,0.661,-0.075,0.57,-0.544,-0.157,0.688,0.699,-0.326,0.237,-0.63,0.086,0.561,-0.636,-0.657,-0.416,-0.035,0.353,0.313,0.098,0.796,-0.718,0.284,-0.129,0.838,0.684,0.103,0.765,-0.166,0.324,0.612,0.026,-0.22,0.671,-0.312,0.592,-0.525,-0.147,-0.443,-0.34,-0.403,-0.093,-0.156,0.469,0.462,0.673,-0.21,-0.674,0.638,0.263,0.205,-0.096,0.007,0.115,-0.596,0.0,-0.547,-0.544,0.078,0.751,0.69,-0.003,0.013,0.172,0.781,0.716,-0.487,0.649,0.359,0.881,0.407,-0.074,0.102,-0.519,0.621,0.48,0.491,-0.491,-0.332,0.783,0.705,0.846,-0.42,0.18,-0.613,0.527,-0.252,-0.376,0.12,0.641,-0.206,0.343,0.05,-0.507,0.886,0.536,-0.469,-0.228,0.47,-0.283,0.729,0.813,-0.167,0.043,0.752,-0.192,0.762,0.021,0.104,0.243,0.264,0.15,-0.074,-0.35,0.136,0.325,0.684,0.526,-0.299,-0.275,-0.539,0.69,-0.411,-0.101,-0.556,-0.055,0.881,-0.244,0.72,0.32,0.62,0.404,0.062
PARA,0.663,-0.201,0.106,0.889,0.524,-0.709,0.354,-0.263,0.881,0.878,-0.643,0.285,0.618,0.154,0.747,-0.63,0.7,0.534,0.598,0.823,-0.626,0.546,0.393,0.29,0.632,-0.119,0.923,-0.661,-0.183,0.427,0.347,0.026,-0.601,0.251,0.671,-0.564,0.494,0.474,0.515,-0.79,0.548,-0.522,-0.413,-0.742,0.741,-0.317,-0.361,-0.351,0.679,0.878,-0.087,-0.846,0.661,-0.806,-0.761,0.744,-0.392,0.098,0.388,-0.62,0.467,0.589,0.732,-0.029,0.309,-0.873,0.862,-0.64,-0.876,-0.451,-0.118,0.744,0.557,-0.609,-0.358,0.886,-0.519,0.64,0.038,-0.598,0.863,0.936,0.762,-0.515,0.232,-0.618,-0.3,-0.489,0.585,-0.55,0.726,-0.742,-0.842,0.49,-0.665,0.129,-0.87,-0.778,0.332,0.607,-0.757,0.715,-0.496,0.771,0.324,0.439,0.763,0.343,0.554,0.29,-0.067,0.235,-0.25,0.763,0.717,-0.467,-0.569,0.175,0.466,0.558,-0.068,0.781,-0.547,0.0,0.999,0.533,-0.626,-0.248,-0.394,0.493,0.258,-0.499,-0.674,0.597,-0.128,-0.58,-0.747,-0.865,0.611,0.365,0.837,-0.154,-0.82,-0.728,0.561,0.311,-0.836,-0.887,-0.694,0.559,0.086,0.92,0.021,0.563,0.513,0.425,-0.705,0.452,0.24,0.288,0.922,-0.761,-0.288,0.639,0.793,-0.515,0.857,-0.769,-0.463,-0.12,0.144,-0.788,0.751,-0.51,0.594,0.396,0.169,-0.016,-0.277,0.538,0.795,0.166,-0.121,-0.373,-0.308,0.632,0.558,0.63,-0.668,0.866,0.785,0.798,-0.095,-0.579,0.48,-0.567,-0.543,-0.865,-0.229,0.392
PARAA,0.662,-0.192,0.11,0.887,0.528,-0.716,0.362,-0.264,0.883,0.878,-0.642,0.294,0.627,0.156,0.754,-0.62,0.708,0.541,0.608,0.829,-0.625,0.543,0.404,0.296,0.621,-0.119,0.916,-0.666,-0.171,0.44,0.358,0.032,-0.593,0.243,0.666,-0.566,0.503,0.484,0.51,-0.79,0.559,-0.514,-0.405,-0.738,0.742,-0.325,-0.359,-0.34,0.682,0.882,-0.094,-0.847,0.665,-0.807,-0.759,0.756,-0.389,0.1,0.396,-0.621,0.479,0.594,0.734,-0.023,0.317,-0.872,0.861,-0.636,-0.879,-0.458,-0.115,0.744,0.561,-0.601,-0.36,0.889,-0.512,0.633,0.05,-0.604,0.867,0.93,0.756,-0.531,0.241,-0.622,-0.292,-0.486,0.585,-0.552,0.725,-0.74,-0.843,0.496,-0.664,0.131,-0.878,-0.778,0.342,0.62,-0.754,0.724,-0.497,0.762,0.328,0.443,0.769,0.342,0.563,0.297,-0.054,0.244,-0.243,0.765,0.711,-0.457,-0.566,0.18,0.478,0.556,-0.068,0.787,-0.544,0.999,0.0,0.524,-0.624,-0.244,-0.402,0.49,0.269,-0.497,-0.673,0.604,-0.126,-0.58,-0.745,-0.869,0.615,0.369,0.834,-0.146,-0.82,-0.727,0.565,0.323,-0.836,-0.89,-0.691,0.563,0.072,0.917,0.024,0.566,0.511,0.425,-0.711,0.462,0.251,0.299,0.928,-0.762,-0.282,0.642,0.801,-0.519,0.857,-0.769,-0.461,-0.108,0.156,-0.788,0.757,-0.515,0.594,0.396,0.185,-0.004,-0.271,0.543,0.795,0.173,-0.108,-0.371,-0.309,0.642,0.562,0.632,-0.669,0.863,0.782,0.801,-0.097,-0.58,0.483,-0.564,-0.543,-0.871,-0.22,0.404
PDCO,0.297,-0.488,0.255,0.372,0.336,-0.019,0.28,-0.092,0.266,0.329,-0.067,0.388,0.273,0.172,0.118,-0.425,0.073,-0.116,0.258,0.389,-0.012,-0.063,0.214,0.184,0.699,0.241,0.458,-0.407,-0.111,0.101,-0.015,0.235,-0.357,0.496,0.526,0.084,-0.058,0.184,0.616,-0.176,0.112,0.052,-0.346,-0.536,0.063,0.149,0.116,0.017,0.052,0.471,0.388,-0.392,0.482,-0.358,-0.171,0.188,-0.111,0.404,0.336,0.002,0.096,-0.043,0.285,0.006,0.245,-0.292,0.318,-0.225,-0.275,-0.412,0.282,0.281,0.353,-0.206,0.14,0.434,-0.384,0.188,-0.176,-0.23,0.215,0.504,0.553,-0.222,0.33,-0.16,-0.507,0.019,0.005,-0.192,0.507,-0.111,-0.328,0.355,-0.255,-0.217,-0.452,-0.242,0.128,0.05,-0.322,0.105,0.02,0.42,0.158,-0.048,0.319,0.003,0.237,0.05,-0.108,0.404,0.112,0.461,0.03,-0.191,-0.508,0.052,0.036,0.739,0.099,0.19,0.078,0.533,0.524,0.0,-0.088,0.21,-0.097,0.564,0.134,0.169,-0.011,0.03,0.016,-0.297,-0.146,-0.413,0.317,0.417,0.306,0.023,-0.421,-0.195,0.076,-0.375,-0.263,-0.256,0.006,-0.025,0.549,0.49,0.4,0.237,0.191,0.475,-0.033,-0.046,0.24,-0.164,0.397,-0.219,0.027,0.144,0.397,-0.245,0.597,-0.225,0.029,-0.474,-0.213,-0.211,0.254,0.154,0.516,0.467,-0.079,-0.09,-0.234,0.2,0.413,-0.021,-0.397,0.149,0.164,0.059,0.229,0.055,-0.146,0.614,0.666,0.372,-0.244,-0.074,0.044,0.055,-0.284,-0.236,-0.138,0.094
PDFS,-0.086,-0.065,0.543,-0.491,-0.113,0.408,0.299,0.47,-0.691,-0.778,0.772,0.378,-0.102,0.393,-0.349,0.803,-0.387,-0.636,0.041,-0.276,0.904,-0.778,0.124,0.205,-0.397,0.147,-0.615,0.226,0.354,-0.245,0.153,0.646,0.618,-0.335,-0.36,0.869,-0.121,0.103,-0.197,0.898,0.047,0.769,0.532,0.649,-0.565,0.337,0.538,0.64,-0.696,-0.438,0.54,0.747,-0.178,0.791,0.914,-0.437,0.75,0.589,0.069,0.93,-0.052,-0.523,-0.562,0.407,-0.111,0.827,-0.599,0.517,0.766,-0.041,0.697,-0.345,0.095,0.71,0.854,-0.465,0.156,-0.747,-0.045,0.645,-0.695,-0.662,-0.431,0.171,0.513,0.563,0.233,0.836,-0.341,0.144,-0.163,0.86,0.65,0.123,0.678,0.232,0.386,0.456,0.15,-0.404,0.423,-0.459,0.909,-0.726,0.2,-0.109,-0.328,-0.776,0.063,0.166,0.504,0.403,0.717,-0.228,-0.622,0.561,0.331,0.282,-0.186,-0.102,0.449,-0.564,0.751,-0.626,-0.624,-0.088,0.0,0.807,0.246,0.14,0.363,0.773,0.72,-0.628,0.338,0.601,0.803,0.451,-0.368,0.251,-0.638,0.646,0.397,0.734,-0.253,-0.159,0.777,0.787,0.796,-0.521,0.051,-0.554,0.584,-0.197,-0.085,-0.025,0.652,-0.091,0.332,-0.265,-0.624,0.727,0.795,-0.27,-0.362,0.476,-0.355,0.727,0.837,-0.146,0.177,0.852,-0.293,0.866,-0.171,0.079,0.286,0.243,0.523,0.111,-0.518,0.276,0.313,0.601,0.671,-0.262,-0.06,-0.673,0.87,-0.453,-0.453,-0.389,-0.216,0.897,0.039,0.499,0.071,0.561,0.445,0.164
PFG,0.241,-0.217,0.731,-0.141,0.269,0.178,0.666,0.438,-0.362,-0.496,0.632,0.747,0.264,0.589,-0.001,0.61,-0.134,-0.493,0.403,0.136,0.792,-0.694,0.489,0.461,-0.063,-0.008,-0.27,-0.182,0.459,0.031,0.359,0.839,0.427,-0.135,-0.068,0.797,0.142,0.457,0.124,0.68,0.324,0.726,0.467,0.393,-0.429,0.218,0.633,0.782,-0.521,-0.004,0.641,0.475,0.19,0.49,0.735,-0.05,0.723,0.775,0.463,0.803,0.236,-0.373,-0.24,0.532,0.14,0.581,-0.277,0.266,0.435,-0.408,0.844,0.043,0.453,0.579,0.89,-0.059,-0.01,-0.543,-0.034,0.294,-0.355,-0.328,-0.097,-0.245,0.765,0.359,0.089,0.822,-0.203,-0.124,0.208,0.702,0.303,0.394,0.526,0.285,-0.069,0.183,0.44,-0.194,0.163,-0.087,0.843,-0.562,0.448,0.129,0.116,-0.736,0.405,0.366,0.682,0.723,0.862,0.175,-0.464,0.462,-0.013,0.304,0.107,0.22,0.462,-0.281,0.69,-0.248,-0.244,0.21,0.807,0.0,0.027,0.527,0.628,0.774,0.562,-0.284,0.306,0.336,0.588,0.018,-0.054,0.618,-0.364,0.812,0.059,0.51,0.038,-0.092,0.481,0.459,0.671,-0.393,0.039,-0.217,0.84,0.08,0.114,0.372,0.494,0.062,0.637,-0.06,-0.208,0.478,0.845,0.06,0.002,0.194,0.128,0.384,0.85,-0.21,0.253,0.665,0.029,0.836,0.336,0.37,0.523,0.448,0.488,0.391,-0.145,0.536,0.359,0.578,0.737,0.002,0.169,-0.53,0.715,-0.005,-0.001,0.003,-0.292,0.831,0.224,0.333,-0.274,0.191,0.521,0.484
PGEN,-0.408,-0.102,-0.042,-0.248,-0.398,0.369,-0.354,0.27,-0.524,-0.396,0.035,-0.255,-0.349,0.112,-0.411,-0.044,-0.479,-0.374,-0.338,-0.429,0.245,-0.279,-0.445,-0.276,-0.306,-0.113,-0.32,0.431,-0.388,-0.537,-0.541,-0.231,0.033,0.084,0.104,0.385,-0.267,-0.367,0.161,0.294,-0.28,0.036,-0.146,0.287,-0.222,0.093,0.142,-0.151,-0.515,-0.482,0.379,0.419,-0.625,0.136,0.251,-0.573,0.054,0.145,-0.467,0.334,-0.441,-0.551,-0.331,-0.461,-0.649,0.381,-0.146,0.068,0.481,0.157,0.046,-0.218,-0.113,-0.04,0.151,-0.542,-0.039,-0.194,-0.3,0.258,-0.373,-0.19,-0.035,0.669,-0.3,0.484,-0.078,-0.004,-0.014,0.41,-0.34,0.269,0.159,-0.421,-0.039,-0.111,0.46,0.115,-0.245,-0.584,0.093,-0.566,0.338,-0.196,-0.106,-0.044,-0.487,-0.196,-0.432,-0.219,-0.345,-0.287,-0.166,-0.547,-0.196,-0.136,-0.042,-0.547,-0.587,-0.017,-0.047,-0.507,-0.003,-0.394,-0.402,-0.097,0.246,0.027,0.0,-0.035,-0.281,0.065,0.277,-0.382,-0.213,0.18,0.161,0.534,-0.564,-0.195,-0.536,-0.077,0.267,0.464,-0.068,-0.329,0.21,0.459,0.227,-0.571,0.281,-0.217,0.042,-0.439,-0.319,-0.433,0.582,-0.512,-0.433,-0.59,-0.418,0.137,0.051,-0.16,-0.618,-0.119,-0.399,0.093,0.153,-0.235,-0.444,0.373,-0.657,0.259,-0.267,-0.329,-0.398,-0.369,0.127,-0.342,-0.601,-0.228,-0.304,-0.153,0.279,-0.514,-0.299,-0.385,0.316,-0.351,-0.404,-0.201,-0.291,0.149,-0.212,-0.055,0.036,0.385,-0.198,-0.424
PNFP,0.686,-0.249,0.657,0.514,0.579,-0.298,0.717,0.365,0.33,0.255,-0.053,0.775,0.682,0.688,0.515,-0.133,0.346,-0.013,0.672,0.664,0.227,-0.16,0.576,0.62,0.44,-0.231,0.448,-0.54,0.095,0.277,0.371,0.559,-0.17,0.168,0.496,0.318,0.492,0.644,0.522,-0.028,0.543,0.03,0.061,-0.177,0.222,-0.06,0.355,0.29,0.017,0.61,0.56,-0.228,0.465,-0.234,0.04,0.419,0.362,0.776,0.604,0.265,0.553,0.053,0.409,0.341,0.158,-0.111,0.427,-0.381,-0.291,-0.598,0.622,0.672,0.764,-0.045,0.516,0.485,-0.381,0.196,-0.184,-0.306,0.345,0.452,0.448,-0.458,0.668,-0.106,-0.115,0.297,0.434,-0.473,0.717,0.006,-0.439,0.467,-0.097,0.446,-0.59,-0.469,0.615,0.117,-0.502,0.353,0.39,0.087,0.676,0.534,0.647,-0.344,0.699,0.593,0.354,0.642,0.419,0.703,0.173,-0.058,-0.481,0.244,0.345,0.613,0.359,0.396,0.013,0.493,0.49,0.564,0.14,0.527,-0.035,0.0,0.619,0.268,0.022,0.221,-0.042,-0.045,-0.125,-0.534,0.318,0.785,0.299,0.442,-0.522,0.019,0.582,0.063,-0.289,-0.25,0.025,0.039,0.114,0.511,0.717,0.549,0.572,0.657,-0.009,0.329,0.595,0.022,0.462,-0.275,0.39,0.645,0.48,-0.276,0.731,-0.307,0.312,-0.224,0.272,0.005,0.404,0.364,0.636,0.551,0.392,0.289,0.297,0.626,0.489,0.559,0.071,0.142,0.513,0.397,0.581,0.007,0.162,0.71,0.477,0.669,-0.252,0.194,0.432,-0.16,-0.672,-0.442,0.271,0.58
PODD,0.679,-0.11,0.819,0.354,0.707,-0.469,0.924,0.419,0.261,0.0,0.106,0.86,0.788,0.735,0.581,0.369,0.508,0.114,0.868,0.715,0.244,-0.321,0.872,0.754,-0.034,-0.267,0.238,-0.628,0.48,0.426,0.756,0.843,0.167,-0.233,0.189,0.348,0.665,0.895,-0.006,0.163,0.776,0.329,0.427,0.181,0.086,-0.354,0.423,0.586,0.017,0.481,0.335,0.002,0.493,0.009,0.237,0.532,0.435,0.576,0.648,0.322,0.742,0.156,0.263,0.481,0.31,0.021,0.248,-0.182,-0.238,-0.665,0.629,0.571,0.799,0.182,0.568,0.466,-0.111,-0.202,0.156,-0.133,0.299,0.145,0.08,-0.628,0.878,-0.102,0.155,0.514,0.308,-0.629,0.475,0.126,-0.272,0.696,0.105,0.654,-0.577,-0.352,0.785,0.283,-0.292,0.466,0.47,-0.224,0.779,0.664,0.662,-0.478,0.794,0.788,0.809,0.73,0.674,0.651,-0.017,0.233,-0.196,0.576,0.603,0.204,0.338,0.375,0.172,0.258,0.269,0.134,0.363,0.628,-0.281,0.619,0.0,0.369,0.081,0.222,0.149,0.111,0.013,-0.57,0.336,0.864,0.151,0.642,-0.472,0.045,0.595,0.464,-0.108,-0.199,0.18,0.06,-0.385,0.256,0.639,0.489,0.594,0.48,-0.197,0.619,0.826,0.284,0.349,-0.058,0.695,0.615,0.531,-0.096,0.52,-0.099,0.399,0.055,0.607,0.124,0.545,0.345,0.454,0.555,0.816,0.602,0.395,0.84,0.333,0.764,0.529,0.294,0.337,0.591,0.504,0.013,0.162,0.438,0.265,0.56,-0.235,0.346,0.66,-0.106,-0.657,-0.47,0.58,0.91
POWI,-0.082,-0.02,0.466,-0.526,0.177,0.559,0.417,0.5,-0.502,-0.657,0.772,0.513,0.016,0.419,-0.305,0.585,-0.427,-0.529,0.019,-0.196,0.842,-0.753,0.303,0.324,-0.113,0.273,-0.549,0.041,0.558,0.066,0.156,0.63,0.646,0.08,-0.336,0.829,-0.149,0.154,-0.243,0.795,-0.087,0.855,0.597,0.53,-0.726,0.243,0.793,0.847,-0.54,-0.237,0.436,0.65,-0.038,0.668,0.846,-0.262,0.725,0.549,0.375,0.818,0.115,-0.445,-0.244,0.512,0.226,0.765,-0.615,0.441,0.544,-0.16,0.762,-0.298,0.07,0.787,0.838,-0.299,0.395,-0.486,0.066,0.38,-0.546,-0.557,-0.395,-0.074,0.476,0.53,0.079,0.914,-0.491,0.084,0.018,0.848,0.561,0.165,0.678,0.069,0.271,0.558,0.283,-0.345,0.515,-0.312,0.775,-0.626,0.173,-0.15,-0.103,-0.507,0.114,0.236,0.558,0.566,0.848,-0.026,-0.757,0.683,0.202,0.277,0.049,0.085,0.385,-0.373,0.781,-0.499,-0.497,0.169,0.773,0.774,0.065,0.268,0.369,0.0,0.846,-0.352,0.262,0.558,0.761,0.314,-0.063,0.407,-0.505,0.643,0.389,0.599,-0.241,-0.28,0.626,0.63,0.887,-0.47,0.011,-0.556,0.73,0.01,-0.05,0.291,0.605,-0.059,0.542,-0.137,-0.472,0.671,0.647,-0.21,-0.217,0.373,-0.163,0.65,0.817,0.008,0.205,0.804,-0.26,0.89,0.01,0.393,0.326,0.512,0.485,0.009,-0.215,0.373,0.28,0.781,0.742,-0.223,-0.145,-0.511,0.763,-0.167,-0.153,-0.229,0.009,0.789,-0.155,0.742,0.117,0.517,0.661,0.205
PSMT,-0.299,0.12,0.221,-0.691,-0.063,0.733,0.07,0.46,-0.638,-0.717,0.766,0.2,-0.226,0.241,-0.512,0.538,-0.617,-0.565,-0.285,-0.475,0.795,-0.641,0.032,0.08,-0.221,0.376,-0.699,0.364,0.388,-0.092,-0.049,0.366,0.7,-0.043,-0.442,0.773,-0.334,-0.144,-0.33,0.799,-0.362,0.755,0.542,0.631,-0.754,0.325,0.665,0.636,-0.587,-0.456,0.31,0.746,-0.294,0.771,0.841,-0.484,0.641,0.337,0.088,0.754,-0.131,-0.477,-0.374,0.338,0.074,0.852,-0.728,0.596,0.713,0.14,0.577,-0.494,-0.23,0.769,0.689,-0.529,0.471,-0.444,0.137,0.528,-0.663,-0.683,-0.493,0.245,0.163,0.639,0.141,0.768,-0.535,0.329,-0.199,0.867,0.707,-0.017,0.707,-0.02,0.57,0.705,0.021,-0.436,0.621,-0.516,0.689,-0.62,-0.066,-0.288,-0.384,-0.375,-0.143,0.045,0.303,0.227,0.626,-0.273,-0.74,0.671,0.359,0.116,-0.156,-0.119,0.341,-0.505,0.716,-0.674,-0.673,-0.011,0.72,0.562,0.277,0.022,0.081,0.846,0.0,-0.448,0.233,0.65,0.802,0.592,-0.234,0.087,-0.59,0.45,0.637,0.671,-0.397,-0.344,0.745,0.768,0.838,-0.465,0.009,-0.707,0.474,-0.159,-0.18,-0.005,0.697,-0.209,0.226,-0.233,-0.656,0.753,0.44,-0.386,-0.49,0.363,-0.445,0.772,0.703,0.058,0.047,0.843,-0.484,0.792,-0.195,0.199,0.07,0.31,0.448,-0.271,-0.413,0.141,0.157,0.729,0.694,-0.434,-0.243,-0.6,0.763,-0.408,-0.387,-0.46,0.12,0.722,-0.335,0.756,0.369,0.727,0.545,-0.1
PTC,0.427,0.36,-0.113,0.508,0.493,-0.445,0.318,-0.135,0.794,0.698,-0.503,0.169,0.6,0.162,0.717,-0.39,0.635,0.659,0.4,0.564,-0.586,0.667,0.447,0.266,0.245,-0.153,0.543,-0.384,0.145,0.747,0.469,-0.108,-0.135,0.231,0.197,-0.558,0.581,0.413,0.06,-0.675,0.384,-0.364,0.08,-0.221,0.509,-0.607,-0.062,-0.071,0.744,0.607,-0.439,-0.47,0.377,-0.504,-0.575,0.811,-0.228,-0.132,0.465,-0.623,0.6,0.73,0.844,0.18,0.455,-0.576,0.542,-0.395,-0.715,-0.097,-0.219,0.545,0.334,-0.276,-0.383,0.669,0.166,0.667,0.326,-0.567,0.827,0.509,0.324,-0.541,0.003,-0.417,0.193,-0.341,0.387,-0.305,0.465,-0.512,-0.595,0.344,-0.335,0.256,-0.563,-0.363,0.418,0.679,-0.323,0.825,-0.524,0.346,0.187,0.49,0.714,0.522,0.434,0.406,0.206,0.156,-0.094,0.566,0.55,-0.028,-0.141,0.146,0.727,0.04,-0.108,0.763,-0.487,0.597,0.604,0.03,-0.628,-0.284,-0.382,0.221,0.222,-0.352,-0.448,0.0,-0.067,-0.259,-0.599,-0.599,0.658,0.194,0.7,-0.085,-0.366,-0.545,0.53,0.569,-0.629,-0.757,-0.564,0.655,-0.315,0.412,-0.102,0.608,0.412,0.294,-0.615,0.507,0.275,0.693,0.757,-0.536,-0.381,0.642,0.545,-0.402,0.542,-0.552,-0.391,0.545,0.412,-0.542,0.597,-0.55,0.522,0.346,0.403,0.46,0.004,0.3,0.705,0.345,0.281,-0.343,-0.223,0.597,0.426,0.664,-0.514,0.611,0.455,0.649,0.428,-0.485,0.338,-0.336,-0.225,-0.639,0.25,0.397
PTEN,0.017,0.219,-0.077,-0.276,-0.082,0.136,0.182,-0.332,-0.076,-0.107,0.668,0.287,0.05,0.035,-0.083,0.58,0.15,0.013,0.082,-0.034,0.351,-0.052,0.204,0.006,-0.032,0.43,-0.17,0.055,0.577,0.158,0.355,0.3,0.527,-0.293,-0.448,0.038,-0.115,0.169,-0.263,0.206,0.093,0.479,0.335,0.186,-0.016,0.258,-0.019,0.392,0.092,-0.045,-0.323,0.226,0.406,0.432,0.328,0.161,0.338,0.222,0.391,0.182,-0.062,0.206,-0.036,0.529,0.45,0.261,-0.329,0.5,0.245,0.076,0.197,-0.32,-0.12,0.368,0.294,0.135,0.117,-0.245,0.215,0.402,-0.118,-0.322,-0.282,-0.21,0.318,-0.24,0.363,0.395,-0.382,0.12,0.077,0.388,0.354,0.31,0.555,0.035,0.019,0.289,0.066,0.363,0.447,0.164,0.123,-0.119,-0.191,-0.288,-0.062,-0.005,0.104,-0.079,0.437,0.379,0.33,0.063,-0.118,0.554,0.313,0.372,0.273,-0.141,-0.036,-0.14,0.649,-0.128,-0.126,0.016,0.338,0.306,-0.213,-0.042,0.149,0.262,0.233,-0.067,0.0,0.18,0.507,0.095,0.382,-0.074,0.038,0.417,0.238,0.08,-0.3,0.172,0.451,0.237,0.326,0.18,0.199,-0.294,0.224,0.068,-0.164,-0.042,0.113,0.191,0.273,0.52,-0.034,0.564,0.175,-0.227,0.189,0.39,-0.054,0.477,0.43,0.1,0.298,0.28,0.304,0.222,0.101,0.064,0.385,0.239,0.022,0.157,0.086,0.146,0.448,0.35,0.178,0.163,0.029,-0.001,0.256,-0.206,0.067,-0.319,0.221,0.537,0.024,0.371,0.353,0.239,0.302,0.177
PVLA,-0.045,0.519,0.168,-0.525,-0.088,0.487,0.054,0.582,-0.381,-0.547,0.51,0.033,-0.133,0.354,-0.204,0.562,-0.337,-0.443,-0.188,-0.373,0.613,-0.315,0.025,0.232,-0.48,0.367,-0.536,0.437,0.252,0.102,0.168,0.268,0.682,-0.243,-0.505,0.591,0.022,-0.118,-0.502,0.631,-0.193,0.419,0.699,0.75,-0.418,0.019,0.533,0.361,-0.241,-0.374,0.158,0.668,-0.351,0.752,0.695,-0.291,0.674,0.215,-0.013,0.629,0.12,-0.11,-0.223,0.443,-0.101,0.678,-0.603,0.396,0.564,0.412,0.459,-0.269,-0.12,0.727,0.517,-0.455,0.532,-0.271,0.27,0.602,-0.456,-0.602,-0.492,0.305,0.115,0.493,0.538,0.572,-0.149,0.136,-0.156,0.645,0.616,0.038,0.6,0.42,0.556,0.6,0.151,-0.269,0.426,-0.339,0.563,-0.568,0.098,-0.05,-0.26,-0.315,0.072,0.302,0.342,0.079,0.479,-0.17,-0.425,0.649,0.546,0.349,0.014,-0.4,0.621,-0.242,0.359,-0.58,-0.58,-0.297,0.601,0.336,0.18,-0.045,0.111,0.558,0.65,-0.259,0.18,0.0,0.585,0.525,-0.228,-0.0,-0.297,0.341,0.597,0.613,-0.192,0.11,0.614,0.598,0.538,-0.112,-0.145,-0.622,0.213,-0.0,0.043,-0.169,0.397,0.038,0.177,-0.132,-0.589,0.565,0.364,-0.187,-0.411,0.509,-0.442,0.755,0.46,0.363,0.367,0.694,-0.318,0.537,-0.385,0.168,0.178,0.357,0.629,-0.094,-0.266,0.343,0.386,0.481,0.548,-0.171,0.051,-0.374,0.686,-0.384,-0.619,-0.285,0.392,0.507,-0.035,0.5,0.392,0.568,0.612,0.001
RDNT,-0.415,0.179,0.096,-0.783,-0.323,0.667,0.009,0.161,-0.752,-0.759,0.942,0.154,-0.35,0.079,-0.583,0.763,-0.521,-0.579,-0.33,-0.556,0.877,-0.657,-0.095,-0.031,-0.339,0.387,-0.787,0.411,0.45,-0.177,-0.054,0.341,0.743,-0.225,-0.655,0.676,-0.376,-0.166,-0.375,0.839,-0.324,0.782,0.511,0.643,-0.66,0.548,0.4,0.625,-0.56,-0.557,0.174,0.733,-0.2,0.886,0.889,-0.519,0.657,0.33,0.076,0.771,-0.315,-0.483,-0.557,0.396,0.068,0.895,-0.822,0.705,0.835,0.205,0.508,-0.688,-0.338,0.812,0.689,-0.566,0.399,-0.632,0.024,0.635,-0.783,-0.829,-0.597,0.207,0.185,0.468,0.33,0.792,-0.616,0.371,-0.292,0.89,0.841,-0.12,0.843,-0.073,0.6,0.726,-0.08,-0.384,0.784,-0.518,0.665,-0.686,-0.215,-0.437,-0.528,-0.458,-0.215,-0.13,0.348,0.228,0.563,-0.383,-0.661,0.711,0.481,0.169,-0.205,-0.236,0.219,-0.655,0.881,-0.747,-0.745,-0.146,0.803,0.588,0.161,-0.125,0.013,0.761,0.802,-0.599,0.507,0.585,0.0,0.657,-0.25,-0.098,-0.652,0.515,0.71,0.697,-0.548,-0.303,0.914,0.87,0.871,-0.437,0.116,-0.793,0.387,-0.275,-0.377,-0.13,0.724,-0.214,0.159,-0.096,-0.728,0.892,0.474,-0.564,-0.478,0.577,-0.573,0.859,0.791,-0.004,0.091,0.877,-0.413,0.775,-0.282,-0.051,0.099,0.228,0.346,-0.235,-0.484,0.104,0.246,0.696,0.566,-0.396,-0.306,-0.576,0.816,-0.627,-0.453,-0.658,0.063,0.859,-0.286,0.766,0.5,0.782,0.413,-0.127
RDUS,-0.745,0.275,-0.363,-0.844,-0.713,0.804,-0.619,0.155,-0.803,-0.708,0.522,-0.531,-0.781,-0.285,-0.806,0.379,-0.779,-0.518,-0.805,-0.938,0.513,-0.309,-0.684,-0.476,-0.486,0.329,-0.812,0.866,-0.098,-0.511,-0.525,-0.305,0.483,-0.128,-0.577,0.403,-0.652,-0.752,-0.377,0.597,-0.688,0.345,0.187,0.575,-0.568,0.438,0.145,0.037,-0.548,-0.862,0.009,0.74,-0.764,0.697,0.575,-0.829,0.289,-0.134,-0.567,0.452,-0.642,-0.529,-0.642,-0.114,-0.401,0.758,-0.778,0.662,0.861,0.655,-0.021,-0.819,-0.706,0.496,0.185,-0.882,0.435,-0.377,-0.055,0.648,-0.832,-0.779,-0.576,0.757,-0.471,0.615,0.242,0.241,-0.523,0.778,-0.631,0.642,0.788,-0.575,0.506,-0.301,0.945,0.785,-0.522,-0.555,0.712,-0.797,0.322,-0.511,-0.521,-0.618,-0.88,-0.116,-0.694,-0.506,-0.259,-0.396,-0.026,-0.83,-0.542,0.356,0.561,-0.305,-0.619,-0.432,0.028,-0.761,0.407,-0.865,-0.869,-0.413,0.451,0.018,0.534,-0.534,-0.57,0.314,0.592,-0.599,0.095,0.525,0.657,0.0,-0.626,-0.623,-0.697,-0.042,0.888,0.627,-0.715,-0.41,0.75,0.86,0.526,-0.469,0.219,-0.822,-0.159,-0.592,-0.56,-0.568,0.724,-0.571,-0.47,-0.396,-0.878,0.669,-0.012,-0.754,-0.836,0.421,-0.888,0.715,0.334,0.06,-0.301,0.645,-0.82,0.381,-0.65,-0.44,-0.464,-0.23,0.179,-0.742,-0.75,-0.406,-0.059,0.217,0.273,-0.752,-0.588,-0.521,0.59,-0.838,-0.746,-0.821,0.156,0.404,-0.579,0.512,0.723,0.923,-0.013,-0.7
RDWR,0.511,0.258,-0.016,0.414,0.466,-0.328,0.476,-0.297,0.732,0.661,-0.072,0.426,0.647,0.19,0.622,-0.155,0.653,0.503,0.473,0.615,-0.337,0.428,0.576,0.426,0.418,0.188,0.503,-0.477,0.419,0.787,0.601,0.162,0.056,0.122,0.068,-0.415,0.481,0.525,0.025,-0.485,0.389,-0.073,0.195,-0.325,0.439,-0.335,-0.031,0.186,0.708,0.698,-0.415,-0.491,0.708,-0.299,-0.376,0.806,-0.065,0.091,0.75,-0.41,0.536,0.745,0.783,0.449,0.73,-0.459,0.394,-0.168,-0.605,-0.196,0.018,0.375,0.262,-0.046,-0.138,0.782,0.051,0.52,0.357,-0.415,0.683,0.437,0.236,-0.674,0.302,-0.556,0.141,-0.007,0.204,-0.419,0.589,-0.288,-0.381,0.576,-0.038,0.233,-0.608,-0.286,0.459,0.726,-0.186,0.777,-0.344,0.393,0.165,0.295,0.723,0.422,0.546,0.409,0.364,0.419,0.125,0.731,0.392,0.242,-0.061,0.478,0.837,0.174,-0.01,0.706,-0.074,0.611,0.615,0.317,-0.368,-0.054,-0.564,0.318,0.336,-0.063,-0.234,0.658,0.382,-0.228,-0.25,-0.626,0.0,0.294,0.707,0.15,-0.38,-0.499,0.344,0.489,-0.407,-0.615,-0.283,0.689,-0.134,0.367,0.139,0.742,0.405,0.403,-0.579,0.646,0.497,0.706,0.695,-0.287,-0.23,0.468,0.691,-0.158,0.572,-0.254,-0.17,0.397,0.535,-0.378,0.764,-0.291,0.48,0.565,0.527,0.498,0.008,0.435,0.844,0.376,0.248,0.09,-0.108,0.68,0.494,0.617,-0.365,0.602,0.581,0.502,0.434,-0.177,0.352,-0.01,-0.115,-0.521,0.378,0.5
REGN,0.701,-0.338,0.852,0.467,0.788,-0.371,0.896,0.509,0.291,0.049,-0.011,0.882,0.723,0.736,0.509,0.088,0.357,0.014,0.815,0.731,0.22,-0.365,0.805,0.772,0.226,-0.299,0.36,-0.731,0.311,0.329,0.524,0.799,-0.068,0.115,0.437,0.41,0.561,0.802,0.237,0.127,0.645,0.235,0.204,-0.044,0.029,-0.255,0.539,0.517,-0.032,0.599,0.533,-0.102,0.487,-0.172,0.164,0.458,0.35,0.647,0.623,0.33,0.709,0.012,0.296,0.338,0.225,-0.066,0.361,-0.354,-0.32,-0.783,0.695,0.677,0.836,0.061,0.554,0.474,-0.228,-0.059,-0.032,-0.284,0.29,0.327,0.287,-0.577,0.811,-0.07,-0.167,0.438,0.321,-0.679,0.551,0.047,-0.371,0.617,-0.055,0.498,-0.639,-0.418,0.721,0.072,-0.42,0.377,0.455,-0.052,0.848,0.607,0.708,-0.413,0.757,0.701,0.613,0.729,0.624,0.679,-0.086,0.05,-0.469,0.377,0.459,0.477,0.334,0.371,0.102,0.365,0.369,0.417,0.251,0.618,-0.195,0.785,0.864,0.407,0.087,0.194,-0.074,-0.0,-0.098,-0.623,0.294,0.0,0.147,0.58,-0.595,-0.038,0.599,0.181,-0.276,-0.241,0.162,-0.095,-0.203,0.417,0.73,0.451,0.582,0.669,-0.11,0.441,0.779,0.031,0.372,-0.174,0.661,0.612,0.514,-0.162,0.699,-0.227,0.338,-0.146,0.374,0.067,0.407,0.405,0.554,0.633,0.614,0.517,0.317,0.767,0.393,0.706,0.266,0.271,0.41,0.468,0.461,-0.01,0.099,0.641,0.426,0.662,-0.327,0.25,0.519,-0.149,-0.782,-0.492,0.443,0.822
RNAC,0.651,0.194,-0.105,0.694,0.411,-0.564,0.237,-0.283,0.93,0.89,-0.534,0.126,0.564,0.119,0.734,-0.495,0.724,0.579,0.424,0.665,-0.633,0.746,0.348,0.268,0.502,0.098,0.817,-0.397,-0.058,0.601,0.487,-0.091,-0.348,0.033,0.382,-0.652,0.507,0.355,0.225,-0.787,0.409,-0.525,-0.123,-0.516,0.732,-0.4,-0.323,-0.339,0.828,0.765,-0.372,-0.732,0.586,-0.56,-0.712,0.774,-0.278,-0.089,0.37,-0.663,0.498,0.854,0.786,0.192,0.439,-0.78,0.665,-0.429,-0.785,-0.077,-0.218,0.622,0.326,-0.416,-0.416,0.819,-0.235,0.752,0.323,-0.457,0.839,0.741,0.547,-0.457,0.095,-0.602,0.033,-0.464,0.522,-0.411,0.673,-0.639,-0.641,0.49,-0.419,0.271,-0.652,-0.519,0.29,0.754,-0.56,0.763,-0.574,0.653,0.188,0.349,0.699,0.502,0.523,0.327,0.008,0.12,-0.264,0.761,0.729,-0.194,-0.197,0.369,0.619,0.235,0.082,0.841,-0.519,0.837,0.834,0.306,-0.638,-0.364,-0.536,0.299,0.151,-0.505,-0.59,0.7,0.038,-0.297,-0.652,-0.697,0.707,0.147,0.0,-0.192,-0.515,-0.678,0.423,0.513,-0.664,-0.816,-0.703,0.846,-0.072,0.681,-0.174,0.676,0.566,0.279,-0.751,0.554,0.192,0.517,0.814,-0.62,-0.454,0.561,0.728,-0.341,0.664,-0.516,-0.505,0.245,0.348,-0.724,0.795,-0.589,0.437,0.431,0.208,0.122,-0.167,0.392,0.865,0.165,0.075,-0.296,-0.305,0.629,0.61,0.667,-0.575,0.718,0.576,0.639,0.339,-0.558,0.459,-0.403,-0.226,-0.699,-0.016,0.315
ROCK,0.355,0.035,0.628,-0.042,0.339,0.055,0.701,0.44,-0.136,-0.362,0.568,0.741,0.343,0.634,0.177,0.642,0.05,-0.225,0.466,0.231,0.664,-0.479,0.547,0.53,-0.159,0.003,-0.192,-0.252,0.576,0.21,0.553,0.805,0.498,-0.178,-0.125,0.575,0.317,0.537,-0.118,0.519,0.446,0.647,0.565,0.437,-0.206,0.096,0.553,0.766,-0.219,0.174,0.304,0.432,0.249,0.425,0.631,0.151,0.767,0.703,0.536,0.618,0.369,-0.061,-0.006,0.61,0.225,0.448,-0.163,0.263,0.248,-0.398,0.825,0.111,0.46,0.617,0.782,0.064,0.069,-0.329,0.177,0.275,-0.182,-0.247,-0.088,-0.339,0.704,0.164,0.231,0.744,-0.071,-0.211,0.336,0.58,0.217,0.528,0.47,0.406,-0.167,0.129,0.581,0.064,0.153,0.145,0.678,-0.422,0.518,0.21,0.266,-0.518,0.549,0.403,0.791,0.727,0.776,0.266,-0.291,0.565,0.063,0.411,0.325,0.165,0.351,-0.083,0.621,-0.154,-0.146,0.023,0.646,0.812,-0.077,0.442,0.642,0.643,0.45,-0.085,0.417,0.341,0.515,-0.042,0.15,0.58,-0.192,0.0,0.022,0.257,0.136,0.213,0.326,0.317,0.493,-0.151,-0.107,-0.17,0.776,0.226,0.18,0.305,0.319,0.289,0.728,0.17,-0.091,0.443,0.739,0.176,0.133,0.194,0.181,0.332,0.816,0.008,0.515,0.565,0.185,0.668,0.272,0.428,0.671,0.613,0.557,0.495,0.027,0.689,0.632,0.443,0.66,0.202,0.251,-0.242,0.622,0.027,0.032,0.115,-0.106,0.758,0.358,0.208,-0.249,0.051,0.617,0.617
ROST,-0.688,0.481,-0.412,-0.867,-0.576,0.814,-0.499,0.068,-0.665,-0.589,0.611,-0.42,-0.648,-0.253,-0.666,0.438,-0.663,-0.437,-0.765,-0.868,0.488,-0.2,-0.475,-0.385,-0.43,0.463,-0.816,0.792,0.155,-0.184,-0.297,-0.243,0.656,-0.158,-0.727,0.332,-0.531,-0.614,-0.486,0.56,-0.682,0.417,0.437,0.651,-0.6,0.354,0.225,0.214,-0.387,-0.755,-0.158,0.708,-0.574,0.79,0.589,-0.613,0.339,-0.176,-0.295,0.391,-0.48,-0.304,-0.462,0.147,-0.077,0.744,-0.838,0.702,0.793,0.711,0.019,-0.815,-0.709,0.643,0.189,-0.738,0.652,-0.298,0.194,0.599,-0.699,-0.816,-0.603,0.532,-0.416,0.554,0.412,0.342,-0.612,0.69,-0.521,0.673,0.85,-0.449,0.667,-0.243,0.898,0.906,-0.415,-0.365,0.835,-0.574,0.237,-0.551,-0.57,-0.581,-0.733,-0.027,-0.55,-0.366,-0.055,-0.298,0.118,-0.639,-0.491,0.56,0.716,-0.094,-0.335,-0.502,0.108,-0.606,0.48,-0.82,-0.82,-0.421,0.397,0.059,0.267,-0.522,-0.472,0.389,0.637,-0.366,0.238,0.597,0.71,0.888,-0.38,-0.595,-0.515,0.022,0.0,0.593,-0.691,-0.26,0.797,0.772,0.541,-0.216,0.057,-0.901,-0.13,-0.376,-0.496,-0.446,0.615,-0.424,-0.294,-0.078,-0.771,0.722,-0.076,-0.679,-0.739,0.467,-0.842,0.779,0.366,0.318,-0.074,0.657,-0.618,0.343,-0.506,-0.256,-0.26,0.031,0.227,-0.709,-0.551,-0.238,0.107,0.358,0.297,-0.616,-0.458,-0.438,0.605,-0.776,-0.653,-0.777,0.434,0.424,-0.531,0.681,0.835,0.895,0.235,-0.565
RRR,-0.356,0.093,0.224,-0.645,-0.372,0.56,-0.061,0.401,-0.757,-0.699,0.619,0.043,-0.248,0.196,-0.506,0.532,-0.514,-0.636,-0.297,-0.522,0.763,-0.647,-0.179,0.029,-0.425,0.069,-0.699,0.513,0.119,-0.315,-0.218,0.206,0.468,-0.283,-0.443,0.775,-0.236,-0.154,-0.118,0.788,-0.233,0.49,0.414,0.626,-0.582,0.283,0.437,0.442,-0.736,-0.636,0.493,0.707,-0.459,0.713,0.756,-0.602,0.543,0.357,-0.138,0.798,-0.246,-0.649,-0.573,0.141,-0.355,0.851,-0.626,0.463,0.789,0.216,0.395,-0.415,-0.168,0.561,0.622,-0.671,0.213,-0.555,-0.218,0.403,-0.695,-0.686,-0.575,0.369,0.157,0.65,0.341,0.624,-0.271,0.335,-0.374,0.757,0.628,-0.292,0.646,0.114,0.634,0.514,-0.047,-0.583,0.446,-0.653,0.748,-0.773,-0.031,-0.16,-0.494,-0.642,-0.219,0.089,0.134,0.089,0.381,-0.407,-0.57,0.371,0.323,-0.042,-0.361,-0.219,0.345,-0.583,0.491,-0.728,-0.727,-0.195,0.734,0.51,0.464,0.019,0.045,0.599,0.671,-0.545,0.08,0.613,0.697,0.627,-0.499,-0.038,-0.678,0.257,0.593,0.0,-0.242,-0.331,0.759,0.787,0.702,-0.537,0.059,-0.638,0.311,-0.247,-0.164,-0.201,0.722,-0.303,-0.016,-0.374,-0.691,0.536,0.449,-0.318,-0.588,0.344,-0.572,0.623,0.598,-0.025,-0.058,0.792,-0.566,0.701,-0.327,-0.187,-0.077,0.024,0.514,-0.277,-0.576,0.028,-0.023,0.444,0.568,-0.484,-0.184,-0.73,0.776,-0.535,-0.628,-0.457,-0.116,0.638,-0.271,0.53,0.251,0.667,0.301,-0.202
RSLS,0.666,-0.021,0.456,0.699,0.551,-0.679,0.576,0.222,0.566,0.469,-0.51,0.463,0.782,0.544,0.777,-0.259,0.647,0.379,0.735,0.771,-0.332,0.156,0.592,0.53,0.082,-0.555,0.552,-0.612,-0.018,0.44,0.438,0.253,-0.304,-0.041,0.459,-0.133,0.823,0.731,0.259,-0.374,0.676,-0.371,0.024,-0.156,0.488,-0.619,0.047,-0.01,0.335,0.622,0.171,-0.438,0.355,-0.502,-0.344,0.605,-0.051,0.238,0.405,-0.206,0.638,0.362,0.583,0.032,0.025,-0.461,0.692,-0.648,-0.616,-0.53,0.138,0.821,0.746,-0.352,-0.011,0.56,-0.291,0.313,-0.012,-0.561,0.706,0.579,0.386,-0.486,0.381,-0.322,0.027,-0.106,0.736,-0.694,0.466,-0.459,-0.685,0.38,-0.406,0.606,-0.668,-0.742,0.649,0.287,-0.672,0.59,-0.019,0.204,0.656,0.918,0.759,-0.088,0.637,0.731,0.275,0.268,0.047,0.625,0.492,-0.27,-0.431,0.149,0.515,0.184,0.114,0.644,-0.491,0.561,0.565,0.076,-0.253,0.038,-0.068,0.582,0.595,-0.241,-0.397,0.53,-0.3,-0.192,-0.548,-0.715,0.344,0.599,0.423,0.136,-0.691,-0.242,0.0,0.519,-0.62,-0.633,-0.433,0.291,-0.44,0.613,0.191,0.555,0.589,0.316,-0.485,0.538,0.367,0.189,0.613,-0.628,0.112,0.933,0.48,-0.463,0.616,-0.633,-0.195,0.092,0.377,-0.352,0.508,-0.216,0.412,0.303,0.468,0.275,0.191,0.701,0.489,0.564,0.125,-0.269,-0.013,0.639,0.671,0.337,-0.305,0.626,0.318,0.827,-0.139,-0.264,0.631,-0.552,-0.774,-0.777,0.192,0.672
RVMD,0.519,0.544,0.131,0.385,0.347,-0.55,0.422,0.075,0.577,0.384,-0.247,0.225,0.593,0.338,0.752,0.185,0.71,0.494,0.542,0.512,-0.311,0.438,0.495,0.445,-0.324,-0.131,0.31,-0.252,0.233,0.65,0.778,0.164,0.195,-0.373,-0.087,-0.339,0.774,0.52,-0.317,-0.332,0.608,-0.201,0.432,0.156,0.542,-0.634,-0.06,0.016,0.614,0.419,-0.398,-0.208,0.257,-0.096,-0.234,0.69,0.139,-0.011,0.324,-0.297,0.664,0.769,0.549,0.364,0.278,-0.312,0.373,-0.198,-0.427,0.008,-0.022,0.426,0.372,0.045,-0.141,0.489,0.172,0.256,0.49,-0.124,0.588,0.201,0.026,-0.389,0.247,-0.327,0.527,-0.066,0.53,-0.427,0.324,-0.266,-0.299,0.511,-0.09,0.705,-0.398,-0.329,0.521,0.661,-0.253,0.696,-0.167,0.063,0.395,0.619,0.561,0.115,0.596,0.596,0.523,0.133,0.075,0.466,0.493,0.232,0.274,0.535,0.737,-0.324,0.187,0.638,-0.332,0.311,0.323,-0.375,-0.159,-0.092,-0.329,0.063,0.464,-0.28,-0.344,0.569,0.172,0.11,-0.303,-0.41,0.489,0.181,0.513,0.213,-0.26,-0.331,0.519,0.0,-0.3,-0.457,-0.407,0.675,-0.519,0.204,-0.066,0.572,0.516,-0.056,-0.615,0.769,0.365,0.603,0.44,-0.285,0.002,0.575,0.424,-0.061,0.232,-0.174,-0.159,0.619,0.79,-0.24,0.635,-0.375,0.054,0.27,0.675,0.502,0.355,0.586,0.45,0.539,0.613,-0.154,-0.149,0.726,0.569,0.503,-0.197,0.216,-0.004,0.468,0.382,-0.143,0.705,-0.357,-0.195,-0.514,0.42,0.61
RYAAY,-0.515,0.186,0.009,-0.827,-0.466,0.67,-0.162,0.107,-0.823,-0.778,0.865,-0.046,-0.479,-0.055,-0.649,0.757,-0.583,-0.609,-0.449,-0.684,0.787,-0.566,-0.241,-0.203,-0.42,0.405,-0.84,0.565,0.351,-0.289,-0.118,0.222,0.714,-0.358,-0.688,0.618,-0.461,-0.305,-0.393,0.831,-0.407,0.708,0.494,0.675,-0.666,0.51,0.301,0.479,-0.618,-0.731,0.143,0.776,-0.322,0.931,0.84,-0.618,0.55,0.163,-0.125,0.716,-0.412,-0.48,-0.672,0.317,-0.04,0.887,-0.878,0.722,0.907,0.377,0.33,-0.748,-0.425,0.733,0.55,-0.678,0.404,-0.69,0.052,0.729,-0.827,-0.895,-0.651,0.357,0.047,0.541,0.359,0.662,-0.649,0.494,-0.448,0.863,0.906,-0.223,0.821,-0.102,0.733,0.783,-0.205,-0.416,0.771,-0.598,0.579,-0.736,-0.345,-0.495,-0.681,-0.46,-0.343,-0.216,0.237,0.049,0.45,-0.531,-0.629,0.615,0.589,0.111,-0.335,-0.387,0.246,-0.737,0.783,-0.836,-0.836,-0.263,0.777,0.481,0.21,-0.289,-0.108,0.626,0.745,-0.629,0.451,0.614,0.914,0.75,-0.407,-0.276,-0.664,0.326,0.797,0.759,-0.62,-0.3,0.0,0.893,0.786,-0.406,0.106,-0.852,0.202,-0.405,-0.444,-0.282,0.695,-0.325,-0.024,-0.129,-0.807,0.88,0.392,-0.635,-0.613,0.63,-0.714,0.896,0.662,0.009,-0.011,0.838,-0.467,0.652,-0.387,-0.217,-0.009,0.084,0.29,-0.357,-0.641,-0.054,0.193,0.584,0.446,-0.505,-0.356,-0.67,0.791,-0.773,-0.592,-0.781,0.087,0.768,-0.34,0.729,0.596,0.86,0.304,-0.264
SAFT,-0.56,0.057,0.044,-0.813,-0.497,0.76,-0.256,0.315,-0.912,-0.885,0.767,-0.115,-0.606,-0.0,-0.76,0.64,-0.755,-0.707,-0.528,-0.762,0.828,-0.656,-0.376,-0.22,-0.455,0.267,-0.838,0.623,0.133,-0.511,-0.338,0.146,0.576,-0.189,-0.528,0.738,-0.551,-0.445,-0.298,0.875,-0.479,0.633,0.339,0.661,-0.712,0.547,0.396,0.385,-0.764,-0.779,0.322,0.853,-0.553,0.84,0.867,-0.791,0.549,0.218,-0.307,0.803,-0.497,-0.696,-0.759,0.11,-0.309,0.926,-0.823,0.673,0.959,0.338,0.38,-0.71,-0.423,0.666,0.585,-0.818,0.318,-0.649,-0.127,0.72,-0.938,-0.842,-0.564,0.549,-0.048,0.663,0.196,0.601,-0.572,0.546,-0.503,0.862,0.852,-0.351,0.688,-0.149,0.8,0.755,-0.297,-0.646,0.703,-0.782,0.679,-0.695,-0.246,-0.517,-0.758,-0.487,-0.443,-0.308,0.074,-0.044,0.359,-0.657,-0.724,0.472,0.457,-0.119,-0.551,-0.261,0.196,-0.841,0.705,-0.887,-0.89,-0.256,0.787,0.459,0.459,-0.25,-0.199,0.63,0.768,-0.757,0.237,0.598,0.87,0.86,-0.615,-0.241,-0.816,0.317,0.772,0.787,-0.633,-0.457,0.893,0.0,0.802,-0.643,0.206,-0.805,0.227,-0.55,-0.456,-0.305,0.871,-0.498,-0.135,-0.425,-0.907,0.838,0.432,-0.67,-0.733,0.526,-0.724,0.827,0.671,-0.124,-0.18,0.88,-0.722,0.738,-0.455,-0.25,-0.198,-0.054,0.314,-0.448,-0.762,-0.128,0.067,0.481,0.531,-0.669,-0.47,-0.723,0.832,-0.759,-0.654,-0.756,-0.072,0.751,-0.404,0.603,0.484,0.897,0.179,-0.383
SAGE,-0.357,-0.053,0.268,-0.731,-0.082,0.636,0.154,0.33,-0.728,-0.819,0.842,0.312,-0.244,0.208,-0.569,0.672,-0.57,-0.538,-0.197,-0.423,0.867,-0.834,0.045,0.062,-0.263,0.272,-0.698,0.215,0.506,-0.195,-0.09,0.446,0.663,-0.09,-0.46,0.815,-0.395,-0.061,-0.332,0.868,-0.289,0.861,0.45,0.577,-0.792,0.398,0.613,0.721,-0.666,-0.502,0.351,0.723,-0.187,0.754,0.892,-0.478,0.608,0.374,0.131,0.826,-0.192,-0.627,-0.526,0.299,0.068,0.88,-0.766,0.533,0.726,-0.052,0.6,-0.525,-0.172,0.715,0.762,-0.517,0.355,-0.667,-0.042,0.495,-0.737,-0.737,-0.55,0.113,0.288,0.541,0.112,0.84,-0.62,0.259,-0.276,0.875,0.701,-0.101,0.707,-0.083,0.47,0.629,0.045,-0.487,0.659,-0.526,0.728,-0.696,-0.045,-0.35,-0.406,-0.488,-0.173,-0.025,0.393,0.351,0.69,-0.318,-0.833,0.613,0.24,0.098,-0.199,-0.076,0.187,-0.623,0.846,-0.694,-0.691,0.006,0.796,0.671,0.227,0.025,0.18,0.887,0.838,-0.564,0.326,0.538,0.871,0.526,-0.283,0.162,-0.703,0.493,0.541,0.702,-0.433,-0.407,0.786,0.802,0.0,-0.632,0.076,-0.705,0.55,-0.297,-0.305,0.058,0.736,-0.26,0.276,-0.226,-0.659,0.812,0.6,-0.478,-0.394,0.448,-0.416,0.743,0.787,-0.107,-0.016,0.858,-0.457,0.87,-0.193,0.063,0.136,0.261,0.303,-0.175,-0.487,0.147,0.195,0.734,0.621,-0.401,-0.402,-0.629,0.752,-0.445,-0.32,-0.514,-0.11,0.817,-0.335,0.755,0.276,0.695,0.465,-0.023
SAVA,0.457,0.508,-0.23,0.448,0.228,-0.425,0.115,-0.327,0.763,0.779,-0.333,-0.004,0.452,-0.04,0.663,-0.231,0.657,0.514,0.252,0.433,-0.547,0.78,0.262,0.211,0.207,0.165,0.475,-0.184,0.084,0.697,0.573,-0.151,-0.055,-0.169,-0.023,-0.665,0.511,0.253,-0.064,-0.628,0.287,-0.452,0.186,-0.272,0.636,-0.388,-0.343,-0.234,0.819,0.544,-0.568,-0.558,0.459,-0.27,-0.552,0.701,-0.174,-0.196,0.334,-0.608,0.452,0.928,0.682,0.363,0.487,-0.594,0.408,-0.203,-0.586,0.219,-0.281,0.344,0.091,-0.126,-0.449,0.619,0.07,0.622,0.467,-0.302,0.705,0.429,0.23,-0.406,-0.009,-0.52,0.32,-0.341,0.398,-0.294,0.435,-0.482,-0.332,0.391,-0.153,0.335,-0.39,-0.26,0.22,0.765,-0.296,0.708,-0.554,0.443,0.023,0.285,0.534,0.455,0.444,0.325,0.116,-0.006,-0.216,0.587,0.697,0.072,0.242,0.496,0.674,-0.111,0.135,0.76,-0.42,0.559,0.563,-0.025,-0.521,-0.393,-0.571,0.039,0.06,-0.47,-0.465,0.655,0.18,-0.112,-0.437,-0.469,0.689,-0.095,0.846,-0.151,-0.216,-0.537,0.291,0.675,-0.406,-0.643,-0.632,0.0,-0.235,0.354,-0.29,0.692,0.448,0.077,-0.75,0.626,0.142,0.674,0.6,-0.429,-0.495,0.427,0.508,-0.125,0.341,-0.25,-0.445,0.544,0.569,-0.528,0.738,-0.618,0.175,0.289,0.304,0.228,0.026,0.274,0.724,0.194,0.218,-0.176,-0.321,0.631,0.588,0.61,-0.416,0.396,0.281,0.393,0.616,-0.443,0.4,-0.195,0.068,-0.489,0.157,0.261
SBGI,-0.187,-0.336,-0.146,-0.038,-0.275,0.301,-0.272,-0.209,-0.183,0.011,0.109,-0.134,-0.354,-0.225,-0.345,-0.202,-0.3,-0.303,-0.262,-0.231,0.164,0.005,-0.407,-0.327,0.339,0.287,0.044,0.196,-0.328,-0.403,-0.393,-0.132,-0.23,0.386,0.194,0.09,-0.515,-0.395,0.481,0.018,-0.235,0.051,-0.421,-0.315,0.021,0.553,-0.143,-0.238,-0.185,-0.112,0.24,-0.016,-0.034,-0.052,0.005,-0.278,-0.056,0.233,-0.184,0.102,-0.422,-0.297,-0.171,-0.136,-0.166,0.014,-0.049,0.166,0.211,0.126,0.017,-0.244,-0.104,-0.123,0.045,-0.106,-0.292,-0.028,-0.363,0.252,-0.217,0.108,0.266,0.315,-0.074,0.023,-0.29,-0.109,-0.237,0.367,0.05,0.083,0.071,-0.092,-0.119,-0.433,0.091,0.121,-0.405,-0.146,0.017,-0.3,0.036,0.26,-0.281,-0.528,-0.322,-0.011,-0.262,-0.505,-0.404,-0.004,-0.157,-0.195,-0.035,-0.199,-0.152,-0.288,-0.475,0.492,-0.083,-0.339,0.18,0.086,0.072,0.549,0.051,0.039,0.281,0.114,-0.385,0.011,0.009,-0.315,0.199,-0.145,0.116,0.219,-0.134,-0.203,-0.072,-0.107,0.057,0.059,-0.44,-0.519,0.106,0.206,0.076,-0.235,0.0,0.084,0.096,-0.302,-0.299,-0.008,0.345,-0.489,-0.241,-0.298,-0.04,0.126,-0.102,-0.401,-0.076,0.077,0.056,0.071,0.106,-0.502,-0.455,0.01,-0.188,0.159,0.077,-0.103,-0.432,-0.466,-0.261,-0.257,-0.114,-0.415,-0.369,-0.093,0.033,-0.386,-0.202,-0.153,0.097,0.008,0.187,-0.19,-0.21,0.06,-0.295,0.078,0.188,0.271,-0.451,-0.451
SFM,0.66,-0.388,0.228,0.937,0.438,-0.758,0.304,-0.141,0.752,0.768,-0.722,0.248,0.545,0.186,0.66,-0.646,0.637,0.42,0.606,0.798,-0.598,0.428,0.288,0.276,0.56,-0.322,0.926,-0.639,-0.38,0.158,0.192,0.033,-0.772,0.193,0.81,-0.454,0.469,0.433,0.627,-0.716,0.568,-0.609,-0.561,-0.748,0.738,-0.28,-0.365,-0.442,0.48,0.798,0.109,-0.809,0.512,-0.856,-0.736,0.578,-0.432,0.129,0.182,-0.513,0.374,0.382,0.53,-0.232,0.014,-0.842,0.933,-0.708,-0.798,-0.534,-0.107,0.826,0.604,-0.736,-0.322,0.757,-0.715,0.532,-0.173,-0.604,0.745,0.941,0.792,-0.37,0.231,-0.568,-0.394,-0.544,0.696,-0.57,0.615,-0.762,-0.885,0.39,-0.743,0.161,-0.834,-0.882,0.278,0.391,-0.872,0.542,-0.381,0.712,0.453,0.495,0.676,0.182,0.491,0.241,-0.176,0.147,-0.338,0.651,0.666,-0.656,-0.678,0.021,0.247,0.565,-0.084,0.652,-0.613,0.92,0.917,0.49,-0.554,-0.217,-0.217,0.511,0.256,-0.556,-0.707,0.412,-0.294,-0.622,-0.793,-0.822,0.367,0.417,0.681,-0.17,-0.901,-0.638,0.613,0.204,-0.852,-0.805,-0.705,0.354,0.084,0.0,-0.006,0.404,0.526,0.352,-0.606,0.339,0.11,0.04,0.818,-0.816,-0.155,0.637,0.699,-0.551,0.828,-0.833,-0.48,-0.324,-0.014,-0.772,0.596,-0.459,0.53,0.236,0.035,-0.19,-0.29,0.552,0.624,0.085,-0.242,-0.469,-0.295,0.534,0.517,0.503,-0.641,0.81,0.675,0.786,-0.35,-0.57,0.501,-0.742,-0.718,-0.876,-0.396,0.353
SFNC,0.352,-0.247,0.71,0.036,0.484,0.075,0.729,0.474,-0.115,-0.274,0.446,0.832,0.416,0.634,0.147,0.363,-0.037,-0.287,0.5,0.317,0.659,-0.589,0.565,0.532,0.122,-0.02,-0.063,-0.382,0.451,0.162,0.382,0.784,0.324,0.095,0.127,0.663,0.2,0.532,0.15,0.464,0.386,0.636,0.368,0.165,-0.276,0.133,0.644,0.732,-0.317,0.233,0.566,0.284,0.312,0.255,0.545,0.133,0.682,0.863,0.583,0.634,0.415,-0.238,0.059,0.489,0.241,0.377,-0.088,0.051,0.144,-0.559,0.849,0.195,0.557,0.454,0.819,0.139,-0.059,-0.276,-0.021,0.087,-0.117,-0.045,0.07,-0.361,0.76,0.236,-0.078,0.724,-0.071,-0.257,0.421,0.521,0.074,0.452,0.278,0.242,-0.269,-0.005,0.546,-0.063,-0.025,0.064,0.701,-0.298,0.522,0.202,0.323,-0.554,0.532,0.444,0.619,0.805,0.797,0.354,-0.344,0.364,-0.221,0.284,0.232,0.479,0.356,-0.021,0.527,0.021,0.024,0.4,0.584,0.84,0.042,0.717,0.639,0.73,0.474,-0.102,0.224,0.213,0.387,-0.159,0.139,0.73,-0.174,0.776,-0.13,0.311,0.191,-0.066,0.202,0.227,0.55,-0.29,0.096,-0.006,0.0,0.26,0.227,0.531,0.33,0.148,0.734,-0.058,0.036,0.261,0.7,0.228,0.195,0.057,0.356,0.186,0.778,-0.196,0.294,0.474,0.135,0.757,0.394,0.519,0.522,0.468,0.463,0.45,0.082,0.585,0.304,0.48,0.765,0.142,0.215,-0.307,0.558,0.271,0.236,0.253,-0.275,0.642,0.19,0.282,-0.381,0.015,0.51,0.542
SHYF,0.673,0.347,0.252,0.489,0.511,-0.377,0.583,0.092,0.694,0.606,-0.158,0.499,0.805,0.442,0.763,-0.153,0.652,0.333,0.57,0.674,-0.178,0.339,0.604,0.692,0.262,0.005,0.468,-0.422,0.243,0.802,0.683,0.262,0.018,-0.036,0.124,-0.183,0.747,0.633,0.103,-0.351,0.527,-0.201,0.361,-0.174,0.452,-0.448,0.114,0.203,0.576,0.716,-0.082,-0.428,0.542,-0.227,-0.271,0.726,0.173,0.333,0.662,-0.192,0.735,0.659,0.757,0.507,0.466,-0.346,0.459,-0.317,-0.548,-0.192,0.234,0.579,0.461,0.073,0.065,0.676,-0.004,0.544,0.272,-0.486,0.64,0.446,0.199,-0.593,0.446,-0.286,0.254,0.097,0.526,-0.523,0.699,-0.215,-0.406,0.539,-0.015,0.56,-0.546,-0.372,0.627,0.563,-0.377,0.656,-0.062,0.201,0.468,0.589,0.811,0.099,0.753,0.744,0.397,0.433,0.201,0.844,0.463,0.218,0.008,0.609,0.825,0.157,0.365,0.83,-0.252,0.563,0.566,0.237,-0.197,0.08,-0.439,0.549,0.489,0.01,-0.159,0.608,0.068,-0.0,-0.275,-0.592,0.742,0.451,0.676,0.226,-0.376,-0.247,0.555,0.572,-0.405,-0.55,-0.297,0.692,-0.302,0.404,0.26,0.0,0.742,0.387,-0.522,0.794,0.556,0.491,0.616,-0.448,-0.065,0.687,0.598,-0.252,0.558,-0.274,-0.067,0.462,0.693,-0.248,0.702,-0.142,0.374,0.61,0.522,0.546,0.433,0.543,0.832,0.563,0.202,0.148,0.165,0.716,0.734,0.43,-0.136,0.652,0.363,0.68,0.385,-0.14,0.519,-0.079,-0.306,-0.564,0.487,0.587
SIBN,0.77,0.136,0.489,0.551,0.526,-0.481,0.564,0.398,0.617,0.439,-0.32,0.438,0.755,0.59,0.686,-0.148,0.621,0.264,0.635,0.693,-0.152,0.234,0.522,0.72,0.136,-0.179,0.572,-0.348,-0.044,0.478,0.602,0.341,-0.192,-0.156,0.314,-0.025,0.718,0.562,0.135,-0.294,0.626,-0.265,0.157,-0.132,0.481,-0.458,0.189,0.028,0.374,0.607,0.166,-0.365,0.312,-0.283,-0.237,0.568,0.199,0.372,0.337,-0.062,0.762,0.44,0.543,0.234,0.112,-0.322,0.572,-0.323,-0.495,-0.269,0.285,0.741,0.59,-0.078,0.168,0.565,-0.19,0.417,0.092,-0.406,0.505,0.474,0.237,-0.375,0.518,-0.15,0.197,0.024,0.735,-0.518,0.62,-0.243,-0.513,0.576,-0.164,0.713,-0.528,-0.482,0.618,0.405,-0.554,0.447,0.108,0.133,0.713,0.659,0.72,-0.11,0.722,0.763,0.323,0.374,0.133,0.773,0.361,-0.007,-0.122,0.541,0.566,0.152,0.382,0.742,-0.376,0.513,0.511,0.191,-0.085,0.114,-0.319,0.572,0.594,-0.05,-0.18,0.412,-0.164,0.043,-0.377,-0.56,0.405,0.582,0.566,0.18,-0.496,-0.164,0.589,0.516,-0.444,-0.456,-0.305,0.448,-0.299,0.526,0.227,0.742,0.0,0.297,-0.458,0.719,0.444,0.171,0.503,-0.504,0.168,0.684,0.592,-0.258,0.546,-0.298,-0.094,0.235,0.558,-0.291,0.53,-0.054,0.269,0.539,0.369,0.349,0.414,0.617,0.64,0.467,0.177,0.042,0.18,0.586,0.702,0.325,-0.135,0.652,0.208,0.719,0.037,-0.144,0.646,-0.333,-0.536,-0.605,0.318,0.568
SIFY,0.526,-0.336,0.441,0.363,0.692,-0.229,0.626,0.137,0.334,0.227,-0.014,0.653,0.462,0.308,0.366,-0.103,0.206,0.1,0.508,0.528,0.086,-0.128,0.602,0.398,0.595,-0.13,0.331,-0.672,0.385,0.335,0.337,0.497,-0.112,0.301,0.339,0.125,0.222,0.528,0.274,-0.039,0.306,0.149,0.074,-0.261,-0.005,0.034,0.284,0.378,0.087,0.529,0.265,-0.259,0.593,-0.211,-0.009,0.44,0.127,0.357,0.682,0.071,0.483,0.081,0.344,0.489,0.509,-0.193,0.214,-0.308,-0.382,-0.587,0.401,0.462,0.511,-0.022,0.285,0.47,-0.172,0.155,-0.026,-0.341,0.331,0.355,0.289,-0.645,0.508,-0.196,-0.316,0.265,0.046,-0.504,0.5,-0.041,-0.285,0.354,-0.04,0.103,-0.561,-0.245,0.436,0.162,-0.301,0.475,0.097,0.114,0.439,0.227,0.589,-0.125,0.518,0.346,0.368,0.576,0.482,0.6,-0.003,-0.025,-0.438,0.273,0.379,0.586,0.163,0.337,0.12,0.425,0.425,0.475,-0.025,0.372,-0.433,0.657,0.48,0.291,-0.005,0.294,-0.042,-0.169,-0.13,-0.568,0.403,0.669,0.279,0.305,-0.446,-0.201,0.316,-0.056,-0.282,-0.305,0.058,0.077,-0.008,0.352,0.531,0.387,0.297,0.0,-0.153,0.215,0.673,0.222,0.425,-0.147,0.276,0.379,0.49,-0.059,0.69,-0.245,0.196,-0.174,0.201,-0.079,0.432,0.226,0.647,0.501,0.407,0.355,0.028,0.42,0.471,0.418,0.18,0.216,0.216,0.366,0.255,0.03,-0.02,0.667,0.645,0.436,-0.062,0.087,0.124,0.078,-0.46,-0.353,0.256,0.52
SIGI,-0.523,-0.127,0.076,-0.633,-0.416,0.746,-0.197,0.3,-0.827,-0.768,0.631,-0.014,-0.531,0.134,-0.698,0.369,-0.751,-0.645,-0.466,-0.643,0.762,-0.634,-0.336,-0.225,-0.205,0.144,-0.651,0.505,0.044,-0.537,-0.464,0.114,0.375,0.061,-0.238,0.743,-0.535,-0.382,0.031,0.748,-0.46,0.555,0.136,0.52,-0.679,0.52,0.444,0.358,-0.79,-0.627,0.464,0.759,-0.498,0.592,0.746,-0.73,0.454,0.313,-0.208,0.745,-0.535,-0.777,-0.607,-0.026,-0.337,0.821,-0.616,0.53,0.844,0.156,0.423,-0.524,-0.251,0.459,0.594,-0.703,0.165,-0.486,-0.262,0.526,-0.808,-0.613,-0.297,0.508,-0.056,0.655,0.008,0.512,-0.525,0.555,-0.331,0.768,0.611,-0.37,0.518,-0.242,0.64,0.604,-0.26,-0.68,0.563,-0.711,0.648,-0.562,-0.204,-0.433,-0.631,-0.424,-0.434,-0.339,-0.023,0.03,0.306,-0.563,-0.632,0.285,0.158,-0.34,-0.6,0.025,0.073,-0.82,0.641,-0.705,-0.711,-0.033,0.652,0.494,0.582,-0.009,-0.197,0.605,0.697,-0.615,0.113,0.397,0.724,0.724,-0.579,-0.11,-0.751,0.319,0.615,0.722,-0.485,-0.615,0.695,0.871,0.736,-0.75,0.345,-0.606,0.33,-0.522,-0.458,-0.153,0.0,-0.634,-0.151,-0.457,-0.722,0.696,0.372,-0.511,-0.672,0.256,-0.504,0.549,0.664,-0.3,-0.37,0.791,-0.735,0.746,-0.158,-0.158,-0.266,-0.097,0.194,-0.446,-0.663,-0.132,-0.082,0.353,0.583,-0.716,-0.46,-0.694,0.759,-0.53,-0.413,-0.558,-0.212,0.677,-0.412,0.46,0.275,0.763,0.089,-0.386
SIMO,0.656,0.405,0.293,0.426,0.501,-0.56,0.626,0.081,0.633,0.447,-0.111,0.468,0.782,0.407,0.765,0.14,0.771,0.485,0.671,0.69,-0.18,0.281,0.617,0.68,-0.012,-0.062,0.405,-0.443,0.341,0.724,0.787,0.357,0.11,-0.279,-0.038,-0.237,0.791,0.702,-0.212,-0.291,0.688,-0.129,0.356,-0.048,0.53,-0.5,-0.03,0.182,0.614,0.622,-0.246,-0.355,0.53,-0.148,-0.215,0.739,0.217,0.236,0.551,-0.196,0.763,0.683,0.581,0.463,0.429,-0.298,0.414,-0.263,-0.514,-0.258,0.185,0.524,0.464,0.076,0.063,0.642,0.024,0.313,0.258,-0.333,0.573,0.281,0.002,-0.601,0.502,-0.388,0.397,0.119,0.564,-0.585,0.566,-0.242,-0.348,0.592,0.022,0.689,-0.553,-0.419,0.644,0.635,-0.276,0.676,-0.057,0.098,0.533,0.633,0.734,0.064,0.741,0.736,0.55,0.416,0.228,0.724,0.407,0.283,0.064,0.713,0.839,-0.101,0.235,0.761,-0.206,0.452,0.462,-0.046,-0.091,0.062,-0.512,0.329,0.619,-0.059,-0.209,0.507,0.191,0.038,-0.214,-0.571,0.646,0.441,0.554,0.289,-0.424,-0.303,0.538,0.769,-0.325,-0.498,-0.26,0.626,-0.489,0.339,0.148,0.794,0.719,0.215,-0.634,0.0,0.591,0.568,0.522,-0.332,0.13,0.621,0.644,-0.07,0.442,-0.181,-0.06,0.495,0.811,-0.245,0.733,-0.19,0.203,0.426,0.665,0.586,0.396,0.713,0.676,0.62,0.462,0.139,0.014,0.845,0.645,0.519,-0.207,0.459,0.208,0.574,0.255,-0.067,0.66,-0.185,-0.303,-0.599,0.475,0.719
SITM,0.595,0.023,0.633,0.216,0.736,-0.23,0.897,0.36,0.281,0.018,0.281,0.861,0.677,0.604,0.516,0.379,0.349,0.072,0.698,0.592,0.343,-0.275,0.842,0.689,0.141,0.035,0.142,-0.598,0.663,0.581,0.763,0.808,0.326,-0.008,0.03,0.324,0.508,0.786,-0.098,0.202,0.625,0.482,0.537,0.162,-0.038,-0.212,0.479,0.713,0.129,0.508,0.196,0.052,0.56,0.123,0.298,0.534,0.555,0.599,0.824,0.305,0.734,0.227,0.365,0.724,0.585,0.078,0.059,-0.056,-0.211,-0.58,0.695,0.382,0.639,0.412,0.574,0.462,0.088,-0.062,0.261,-0.06,0.243,0.077,0.04,-0.681,0.799,-0.055,0.093,0.611,0.079,-0.524,0.594,0.254,-0.086,0.704,0.252,0.445,-0.515,-0.101,0.756,0.348,-0.083,0.51,0.393,-0.169,0.601,0.409,0.647,-0.307,0.775,0.663,0.832,0.832,0.794,0.659,-0.126,0.454,-0.095,0.631,0.679,0.301,0.37,0.371,0.343,0.24,0.251,0.24,0.332,0.637,-0.433,0.595,0.826,0.542,0.226,0.275,0.273,0.177,0.159,-0.47,0.497,0.779,0.192,0.728,-0.294,-0.016,0.367,0.365,-0.024,-0.135,0.276,0.142,-0.241,0.11,0.734,0.556,0.444,0.673,-0.151,0.591,0.0,0.387,0.303,0.096,0.582,0.449,0.514,0.041,0.53,0.061,0.512,0.174,0.667,0.202,0.546,0.421,0.486,0.687,0.809,0.749,0.453,0.68,0.44,0.78,0.604,0.426,0.443,0.556,0.439,0.06,0.248,0.46,0.389,0.447,0.025,0.421,0.455,0.199,-0.383,-0.3,0.682,0.827
SLM,0.269,0.46,-0.159,0.145,0.293,-0.332,0.342,-0.402,0.502,0.43,0.053,0.27,0.449,0.017,0.498,0.172,0.614,0.597,0.329,0.369,-0.25,0.465,0.464,0.153,0.091,0.059,0.202,-0.266,0.592,0.685,0.639,0.106,0.275,-0.178,-0.267,-0.471,0.391,0.444,-0.252,-0.359,0.324,0.018,0.354,0.023,0.351,-0.275,-0.165,0.23,0.592,0.358,-0.649,-0.241,0.551,-0.041,-0.226,0.718,0.007,-0.109,0.603,-0.397,0.399,0.708,0.535,0.542,0.717,-0.257,0.127,0.042,-0.38,-0.007,-0.13,0.145,0.107,0.053,-0.155,0.549,0.274,0.25,0.43,-0.204,0.529,0.069,-0.067,-0.644,0.164,-0.489,0.447,0.011,-0.011,-0.159,0.317,-0.162,-0.156,0.362,0.172,0.237,-0.38,-0.07,0.325,0.782,0.11,0.784,-0.372,0.076,-0.03,0.203,0.467,0.346,0.374,0.238,0.502,0.277,0.154,0.438,0.381,0.345,0.229,0.439,0.757,-0.194,-0.158,0.479,0.05,0.288,0.299,-0.164,-0.265,-0.06,-0.59,0.022,0.284,-0.137,-0.233,0.693,0.52,-0.132,-0.096,-0.396,0.706,0.031,0.517,0.17,-0.078,-0.374,0.189,0.603,-0.129,-0.425,-0.226,0.674,-0.298,0.04,-0.058,0.491,0.171,0.222,-0.457,0.568,0.387,0.0,0.51,-0.027,-0.182,0.309,0.507,0.013,0.27,-0.114,-0.054,0.554,0.587,-0.237,0.696,-0.34,0.389,0.192,0.611,0.536,-0.025,0.318,0.537,0.35,0.58,0.01,-0.198,0.602,0.291,0.485,-0.225,0.217,0.327,0.193,0.496,-0.034,0.273,0.018,0.084,-0.34,0.391,0.447
SNBR,0.641,-0.093,0.083,0.813,0.565,-0.732,0.437,-0.299,0.891,0.863,-0.603,0.355,0.724,0.179,0.792,-0.52,0.794,0.667,0.667,0.844,-0.632,0.575,0.505,0.309,0.512,-0.237,0.852,-0.667,-0.006,0.539,0.454,0.036,-0.461,0.18,0.569,-0.595,0.567,0.569,0.421,-0.805,0.614,-0.439,-0.276,-0.642,0.733,-0.434,-0.293,-0.205,0.689,0.831,-0.223,-0.781,0.67,-0.767,-0.736,0.871,-0.367,0.07,0.487,-0.649,0.557,0.649,0.786,0.062,0.407,-0.816,0.822,-0.569,-0.884,-0.446,-0.173,0.736,0.553,-0.567,-0.352,0.913,-0.384,0.596,0.119,-0.676,0.922,0.842,0.626,-0.659,0.27,-0.649,-0.149,-0.438,0.532,-0.519,0.659,-0.694,-0.849,0.502,-0.591,0.188,-0.893,-0.749,0.401,0.738,-0.674,0.845,-0.505,0.617,0.33,0.495,0.828,0.359,0.57,0.354,0.087,0.304,-0.177,0.754,0.69,-0.35,-0.491,0.166,0.619,0.439,-0.171,0.805,-0.507,0.922,0.928,0.397,-0.624,-0.208,-0.418,0.462,0.349,-0.472,-0.656,0.757,-0.034,-0.589,-0.728,-0.878,0.695,0.372,0.814,-0.091,-0.771,-0.691,0.613,0.44,-0.807,-0.907,-0.659,0.6,-0.04,0.818,0.036,0.616,0.503,0.425,-0.722,0.522,0.303,0.51,0.0,-0.731,-0.274,0.699,0.84,-0.539,0.833,-0.776,-0.421,0.06,0.244,-0.761,0.806,-0.547,0.651,0.355,0.343,0.14,-0.23,0.551,0.805,0.221,0.041,-0.376,-0.302,0.711,0.524,0.652,-0.659,0.832,0.76,0.801,-0.01,-0.535,0.467,-0.537,-0.538,-0.882,-0.082,0.488
SNDX,-0.452,0.12,0.015,-0.781,-0.283,0.672,-0.075,0.122,-0.724,-0.78,0.882,0.059,-0.48,0.008,-0.622,0.756,-0.588,-0.492,-0.385,-0.607,0.752,-0.56,-0.111,-0.21,-0.319,0.449,-0.764,0.417,0.496,-0.238,-0.063,0.296,0.76,-0.195,-0.613,0.58,-0.503,-0.258,-0.475,0.796,-0.402,0.796,0.485,0.66,-0.702,0.489,0.385,0.545,-0.527,-0.607,0.04,0.8,-0.232,0.856,0.849,-0.517,0.541,0.145,0.0,0.662,-0.371,-0.413,-0.557,0.362,0.115,0.821,-0.862,0.741,0.812,0.252,0.399,-0.718,-0.383,0.725,0.558,-0.569,0.448,-0.629,0.158,0.781,-0.755,-0.821,-0.55,0.265,0.051,0.454,0.236,0.681,-0.754,0.449,-0.373,0.844,0.845,-0.099,0.769,-0.153,0.624,0.803,-0.16,-0.334,0.814,-0.467,0.517,-0.573,-0.316,-0.537,-0.586,-0.304,-0.316,-0.281,0.332,0.137,0.531,-0.482,-0.687,0.66,0.492,0.103,-0.247,-0.275,0.116,-0.724,0.886,-0.761,-0.762,-0.219,0.727,0.478,0.137,-0.275,-0.058,0.671,0.753,-0.536,0.564,0.565,0.892,0.669,-0.287,-0.174,-0.62,0.443,0.722,0.536,-0.628,-0.285,0.88,0.838,0.812,-0.429,0.126,-0.816,0.261,-0.448,-0.504,-0.147,0.696,-0.332,0.096,-0.027,-0.731,0.0,0.41,-0.622,-0.507,0.6,-0.574,0.868,0.694,-0.011,0.003,0.814,-0.418,0.662,-0.247,-0.06,0.1,0.184,0.167,-0.288,-0.559,0.025,0.35,0.582,0.424,-0.46,-0.419,-0.548,0.718,-0.663,-0.402,-0.741,0.122,0.809,-0.341,0.713,0.553,0.815,0.379,-0.162
SNY,0.251,-0.277,0.811,-0.092,0.315,-0.034,0.641,0.573,-0.374,-0.583,0.482,0.654,0.223,0.573,-0.006,0.664,-0.069,-0.388,0.464,0.17,0.708,-0.729,0.46,0.47,-0.264,-0.173,-0.249,-0.254,0.366,-0.118,0.332,0.854,0.323,-0.207,-0.037,0.764,0.184,0.465,-0.069,0.681,0.402,0.615,0.384,0.426,-0.338,0.149,0.548,0.644,-0.515,-0.042,0.609,0.467,0.101,0.43,0.697,-0.093,0.656,0.643,0.261,0.786,0.295,-0.415,-0.365,0.359,-0.067,0.52,-0.207,0.145,0.36,-0.485,0.776,0.108,0.498,0.451,0.826,-0.111,-0.067,-0.662,-0.135,0.316,-0.368,-0.322,-0.178,-0.158,0.74,0.284,0.079,0.732,-0.063,-0.29,0.064,0.551,0.25,0.349,0.375,0.392,-0.079,0.057,0.426,-0.271,0.067,-0.137,0.815,-0.544,0.592,0.215,0.077,-0.769,0.401,0.38,0.66,0.578,0.767,0.094,-0.476,0.314,-0.056,0.312,0.021,0.104,0.356,-0.27,0.536,-0.288,-0.282,0.027,0.795,0.845,0.051,0.39,0.695,0.647,0.44,-0.381,0.175,0.364,0.474,-0.012,-0.23,0.661,-0.454,0.739,-0.076,0.449,0.112,0.002,0.392,0.432,0.6,-0.495,-0.102,-0.155,0.7,-0.065,0.168,0.276,0.372,0.13,0.582,-0.182,-0.274,0.41,0.0,0.066,0.01,0.306,0.087,0.343,0.737,-0.255,0.269,0.587,-0.03,0.751,0.117,0.216,0.498,0.379,0.452,0.507,-0.268,0.552,0.417,0.435,0.568,0.069,0.099,-0.454,0.598,-0.068,-0.133,0.036,-0.45,0.725,0.3,0.136,-0.397,0.098,0.408,0.555
SPNS,0.734,0.051,0.458,0.748,0.614,-0.653,0.624,0.217,0.665,0.57,-0.493,0.512,0.854,0.593,0.87,-0.289,0.706,0.38,0.754,0.826,-0.337,0.283,0.655,0.581,0.187,-0.451,0.62,-0.621,0.015,0.554,0.552,0.282,-0.27,0.021,0.479,-0.176,0.862,0.756,0.293,-0.425,0.716,-0.358,0.099,-0.165,0.539,-0.648,0.088,0.032,0.423,0.717,0.129,-0.448,0.422,-0.505,-0.37,0.701,0.005,0.307,0.505,-0.235,0.725,0.495,0.707,0.16,0.162,-0.494,0.714,-0.622,-0.651,-0.477,0.181,0.856,0.782,-0.302,0.011,0.658,-0.238,0.436,0.088,-0.541,0.761,0.627,0.463,-0.544,0.402,-0.32,0.052,-0.091,0.728,-0.656,0.631,-0.432,-0.715,0.505,-0.356,0.629,-0.713,-0.694,0.684,0.405,-0.653,0.696,-0.044,0.246,0.64,0.899,0.843,-0.036,0.721,0.755,0.336,0.35,0.08,0.746,0.548,-0.194,-0.358,0.266,0.629,0.239,0.194,0.731,-0.469,0.639,0.642,0.144,-0.27,0.06,-0.16,0.645,0.615,-0.21,-0.386,0.642,-0.227,-0.187,-0.564,-0.754,0.468,0.612,0.561,0.176,-0.679,-0.318,0.933,0.575,-0.635,-0.67,-0.478,0.427,-0.401,0.637,0.228,0.687,0.684,0.379,-0.511,0.621,0.449,0.309,0.699,-0.622,0.066,0.0,0.546,-0.5,0.696,-0.621,-0.176,0.197,0.469,-0.363,0.617,-0.234,0.534,0.461,0.528,0.376,0.238,0.714,0.621,0.6,0.178,-0.24,0.036,0.677,0.748,0.397,-0.287,0.715,0.407,0.881,-0.015,-0.252,0.715,-0.518,-0.727,-0.803,0.276,0.705
SRRK,0.743,-0.108,0.232,0.641,0.618,-0.705,0.591,-0.188,0.805,0.636,-0.323,0.518,0.742,0.241,0.687,-0.209,0.804,0.604,0.75,0.861,-0.367,0.333,0.611,0.458,0.441,-0.134,0.772,-0.689,0.198,0.495,0.591,0.299,-0.317,0.023,0.395,-0.412,0.499,0.657,0.202,-0.593,0.689,-0.194,-0.163,-0.54,0.603,-0.291,-0.178,0.01,0.615,0.801,-0.201,-0.661,0.758,-0.558,-0.498,0.836,-0.106,0.196,0.557,-0.423,0.634,0.576,0.612,0.25,0.485,-0.636,0.63,-0.387,-0.782,-0.546,0.028,0.668,0.535,-0.341,-0.097,0.887,-0.373,0.378,0.099,-0.52,0.721,0.633,0.397,-0.762,0.536,-0.684,-0.062,-0.177,0.428,-0.572,0.672,-0.498,-0.689,0.631,-0.35,0.268,-0.885,-0.648,0.495,0.751,-0.542,0.756,-0.296,0.447,0.453,0.371,0.807,0.214,0.673,0.406,0.303,0.516,0.051,0.806,0.413,-0.126,-0.43,0.405,0.658,0.374,-0.083,0.754,-0.228,0.793,0.801,0.397,-0.362,0.002,-0.618,0.48,0.531,-0.217,-0.49,0.545,0.189,-0.411,-0.478,-0.836,0.691,0.514,0.728,0.133,-0.739,-0.588,0.48,0.424,-0.613,-0.733,-0.394,0.508,-0.076,0.699,0.195,0.598,0.592,0.49,-0.672,0.644,0.514,0.507,0.84,-0.507,0.01,0.546,0.0,-0.301,0.827,-0.514,-0.197,0.007,0.382,-0.62,0.838,-0.292,0.537,0.411,0.446,0.255,-0.161,0.671,0.804,0.302,0.235,-0.115,-0.174,0.767,0.491,0.589,-0.5,0.77,0.69,0.669,-0.086,-0.277,0.461,-0.36,-0.513,-0.783,0.045,0.62
STRA,-0.237,0.182,0.006,-0.497,-0.233,0.329,-0.049,0.048,-0.433,-0.47,0.561,-0.06,-0.371,-0.145,-0.369,0.618,-0.246,-0.291,-0.242,-0.425,0.482,-0.255,-0.115,-0.035,-0.336,0.274,-0.514,0.24,0.331,-0.1,0.036,0.198,0.521,-0.159,-0.595,0.302,-0.259,-0.197,-0.512,0.524,-0.288,0.397,0.396,0.396,-0.273,0.409,0.153,0.256,-0.193,-0.424,-0.094,0.442,-0.094,0.683,0.521,-0.274,0.386,0.008,-0.081,0.449,-0.108,-0.136,-0.424,0.379,0.063,0.496,-0.582,0.352,0.507,0.34,0.167,-0.506,-0.314,0.511,0.277,-0.354,0.386,-0.47,0.019,0.539,-0.496,-0.599,-0.532,0.152,0.049,0.141,0.349,0.42,-0.385,0.063,-0.361,0.437,0.721,-0.139,0.539,0.05,0.442,0.516,-0.143,-0.235,0.518,-0.264,0.258,-0.438,-0.139,-0.373,-0.39,-0.23,-0.143,-0.118,0.257,-0.005,0.336,-0.317,-0.347,0.466,0.498,0.242,-0.117,-0.37,0.138,-0.384,0.47,-0.515,-0.519,-0.245,0.476,0.194,-0.119,-0.276,-0.096,0.373,0.363,-0.402,0.39,0.509,0.577,0.421,-0.158,-0.162,-0.341,0.194,0.467,0.344,-0.463,-0.061,0.63,0.526,0.448,-0.125,0.077,-0.551,0.057,-0.252,-0.258,-0.059,0.256,-0.07,0.041,0.013,-0.539,0.6,0.306,-0.5,-0.301,0.0,-0.425,0.722,0.349,0.111,0.206,0.496,-0.196,0.337,-0.419,-0.169,0.114,0.189,0.2,-0.085,-0.328,0.092,0.299,0.375,0.144,-0.163,-0.232,-0.21,0.462,-0.491,-0.449,-0.524,0.261,0.439,-0.191,0.473,0.456,0.547,0.233,-0.065
SUPN,0.797,-0.329,0.416,0.821,0.737,-0.632,0.644,0.003,0.751,0.637,-0.434,0.612,0.725,0.388,0.721,-0.407,0.629,0.385,0.768,0.895,-0.322,0.253,0.632,0.496,0.623,-0.244,0.822,-0.806,0.041,0.411,0.444,0.371,-0.486,0.304,0.68,-0.232,0.522,0.666,0.512,-0.51,0.648,-0.255,-0.231,-0.575,0.514,-0.265,-0.0,0.006,0.465,0.891,0.149,-0.63,0.713,-0.665,-0.46,0.742,-0.107,0.355,0.583,-0.298,0.621,0.413,0.635,0.185,0.357,-0.651,0.735,-0.582,-0.765,-0.672,0.214,0.829,0.746,-0.419,-0.008,0.837,-0.483,0.439,-0.049,-0.546,0.722,0.792,0.676,-0.669,0.508,-0.544,-0.315,-0.165,0.477,-0.644,0.758,-0.495,-0.764,0.599,-0.478,0.251,-0.919,-0.699,0.517,0.478,-0.701,0.706,-0.173,0.527,0.585,0.49,0.856,0.103,0.708,0.426,0.225,0.522,0.113,0.827,0.422,-0.314,-0.648,0.214,0.515,0.647,0.052,0.679,-0.283,0.857,0.857,0.597,-0.355,0.128,-0.399,0.731,0.52,-0.163,-0.445,0.542,-0.054,-0.442,-0.573,-0.888,0.572,0.699,0.664,0.181,-0.842,-0.572,0.616,0.232,-0.714,-0.724,-0.416,0.341,0.056,0.828,0.356,0.558,0.546,0.69,-0.504,0.442,0.53,0.27,0.833,-0.574,0.087,0.696,0.827,-0.425,0.0,-0.645,-0.156,-0.185,0.218,-0.532,0.716,-0.169,0.751,0.544,0.382,0.214,-0.12,0.689,0.759,0.411,0.075,-0.19,-0.026,0.634,0.565,0.427,-0.416,0.922,0.806,0.818,-0.186,-0.27,0.482,-0.464,-0.723,-0.807,0.008,0.628
SYRE,-0.377,0.309,0.003,-0.79,-0.33,0.7,-0.129,0.224,-0.653,-0.703,0.829,-0.049,-0.426,-0.004,-0.575,0.738,-0.542,-0.542,-0.427,-0.631,0.729,-0.462,-0.163,-0.066,-0.414,0.556,-0.764,0.551,0.378,-0.131,0.006,0.24,0.778,-0.284,-0.71,0.576,-0.41,-0.326,-0.56,0.779,-0.415,0.678,0.595,0.664,-0.625,0.405,0.409,0.46,-0.424,-0.61,0.037,0.75,-0.299,0.927,0.809,-0.512,0.593,0.135,-0.093,0.669,-0.238,-0.289,-0.522,0.414,0.06,0.81,-0.869,0.734,0.795,0.471,0.363,-0.702,-0.452,0.822,0.503,-0.586,0.526,-0.54,0.207,0.757,-0.749,-0.836,-0.649,0.348,0.052,0.48,0.381,0.659,-0.586,0.404,-0.387,0.82,0.916,-0.071,0.797,0.004,0.711,0.832,-0.162,-0.316,0.741,-0.526,0.528,-0.615,-0.251,-0.506,-0.569,-0.306,-0.241,-0.109,0.282,0.067,0.477,-0.416,-0.656,0.733,0.675,0.273,-0.183,-0.408,0.339,-0.561,0.729,-0.769,-0.769,-0.225,0.727,0.384,0.093,-0.307,-0.099,0.65,0.772,-0.552,0.477,0.755,0.859,0.715,-0.254,-0.227,-0.516,0.332,0.779,0.623,-0.633,-0.174,0.896,0.827,0.743,-0.25,0.071,-0.833,0.186,-0.274,-0.298,-0.245,0.549,-0.181,0.061,-0.114,-0.776,0.868,0.343,-0.621,-0.514,0.722,-0.645,0.0,0.58,0.181,0.152,0.793,-0.408,0.608,-0.475,-0.011,0.045,0.195,0.371,-0.316,-0.476,0.02,0.278,0.643,0.454,-0.412,-0.256,-0.508,0.738,-0.664,-0.595,-0.709,0.308,0.698,-0.301,0.769,0.657,0.838,0.44,-0.209
TCBK,-0.038,-0.03,0.478,-0.418,0.079,0.386,0.426,0.421,-0.534,-0.644,0.791,0.544,0.012,0.442,-0.235,0.71,-0.326,-0.468,0.11,-0.163,0.914,-0.688,0.252,0.228,-0.204,0.121,-0.508,0.06,0.503,-0.08,0.224,0.666,0.633,-0.153,-0.322,0.782,-0.089,0.221,-0.142,0.767,0.097,0.821,0.521,0.567,-0.514,0.386,0.572,0.769,-0.56,-0.233,0.427,0.67,0.002,0.691,0.856,-0.24,0.83,0.682,0.325,0.827,0.04,-0.432,-0.331,0.523,0.111,0.765,-0.518,0.482,0.609,-0.2,0.792,-0.264,0.179,0.727,0.905,-0.286,0.173,-0.569,0.013,0.486,-0.531,-0.529,-0.295,-0.042,0.54,0.443,0.198,0.867,-0.385,0.123,0.076,0.835,0.529,0.198,0.652,0.131,0.206,0.427,0.256,-0.233,0.43,-0.24,0.819,-0.622,0.205,-0.111,-0.15,-0.63,0.187,0.146,0.595,0.582,0.785,-0.066,-0.539,0.601,0.18,0.226,-0.029,0.116,0.298,-0.449,0.813,-0.463,-0.461,0.029,0.837,0.85,0.153,0.312,0.399,0.817,0.703,-0.391,0.43,0.46,0.791,0.334,-0.17,0.338,-0.505,0.816,0.366,0.598,-0.195,-0.159,0.662,0.671,0.787,-0.445,0.106,-0.48,0.778,-0.067,-0.094,0.196,0.664,-0.06,0.512,-0.054,-0.421,0.694,0.737,-0.176,-0.197,0.349,-0.156,0.58,0.0,-0.135,0.234,0.805,-0.169,0.894,0.077,0.197,0.385,0.385,0.498,0.132,-0.314,0.41,0.446,0.57,0.789,-0.172,-0.077,-0.547,0.858,-0.261,-0.157,-0.248,-0.168,0.92,-0.009,0.518,0.035,0.468,0.505,0.254
TEAM,0.02,0.845,-0.248,-0.165,0.078,0.078,0.055,0.101,0.273,0.159,0.013,-0.083,0.239,0.047,0.312,0.172,0.262,0.301,-0.049,-0.011,-0.154,0.39,0.195,0.269,-0.38,0.137,-0.151,0.187,0.317,0.667,0.423,-0.149,0.46,-0.103,-0.492,-0.216,0.393,0.085,-0.555,-0.109,0.023,-0.054,0.629,0.386,0.1,-0.502,0.171,0.183,0.469,0.038,-0.528,0.111,-0.09,0.216,-0.026,0.352,0.174,-0.203,0.219,-0.193,0.438,0.567,0.426,0.378,0.319,0.054,-0.114,0.112,-0.104,0.451,-0.128,-0.05,-0.16,0.366,-0.166,0.078,0.726,0.307,0.484,-0.088,0.235,-0.209,-0.354,-0.157,-0.152,0.01,0.647,0.07,0.101,-0.003,0.01,0.021,0.13,0.1,0.275,0.389,0.137,0.254,0.216,0.366,0.284,0.347,-0.178,-0.177,-0.027,0.222,0.221,0.335,0.171,0.397,0.336,-0.066,0.077,0.14,0.109,0.526,0.604,0.357,0.622,-0.54,0.154,0.413,-0.167,-0.12,-0.108,-0.474,-0.146,-0.21,-0.235,-0.224,0.055,0.008,0.058,0.545,0.1,0.363,-0.004,0.06,0.397,-0.146,0.245,0.008,0.318,-0.025,0.092,0.619,0.009,-0.124,-0.107,0.544,-0.502,-0.324,-0.196,0.462,0.235,-0.174,-0.3,0.495,0.174,0.554,0.06,-0.011,-0.255,0.197,0.007,0.111,-0.185,0.181,-0.135,0.0,0.65,0.042,0.172,-0.251,-0.172,0.22,0.373,0.6,0.447,-0.029,0.292,0.326,0.43,0.089,-0.02,0.314,0.208,0.373,-0.002,-0.057,-0.288,0.088,0.794,-0.099,0.144,0.179,0.338,-0.011,0.603,0.163
TECH,0.517,0.581,0.344,0.166,0.435,-0.298,0.621,0.285,0.383,0.176,0.147,0.482,0.608,0.454,0.638,0.424,0.547,0.227,0.522,0.445,0.119,0.142,0.606,0.647,-0.249,0.038,0.072,-0.264,0.495,0.744,0.863,0.463,0.451,-0.268,-0.29,0.021,0.717,0.59,-0.401,0.017,0.545,0.139,0.726,0.335,0.278,-0.369,0.239,0.409,0.428,0.387,-0.204,0.006,0.334,0.227,0.143,0.594,0.522,0.31,0.571,0.101,0.752,0.593,0.473,0.717,0.45,0.012,0.085,-0.022,-0.202,-0.04,0.369,0.293,0.385,0.456,0.276,0.389,0.361,0.121,0.404,0.001,0.336,-0.032,-0.147,-0.496,0.492,-0.163,0.616,0.384,0.332,-0.459,0.439,0.086,-0.008,0.56,0.28,0.738,-0.286,-0.051,0.635,0.509,-0.012,0.571,0.18,-0.178,0.476,0.509,0.55,-0.125,0.723,0.728,0.754,0.423,0.467,0.558,0.222,0.575,0.415,0.78,0.802,-0.204,0.396,0.544,0.043,0.144,0.156,-0.213,0.177,0.253,-0.444,0.272,0.607,0.205,0.047,0.412,0.298,0.367,0.091,-0.301,0.535,0.374,0.348,0.515,-0.074,-0.058,0.377,0.79,-0.011,-0.18,-0.016,0.569,-0.455,-0.014,0.294,0.693,0.558,0.201,-0.37,0.811,0.667,0.587,0.244,0.003,0.269,0.469,0.382,0.206,0.218,0.152,0.234,0.65,0.0,0.106,0.579,0.064,0.085,0.483,0.791,0.758,0.602,0.601,0.469,0.741,0.71,0.246,0.219,0.696,0.575,0.344,0.199,0.212,-0.033,0.379,0.458,0.214,0.601,0.069,-0.1,-0.284,0.725,0.698
THRM,-0.336,0.142,0.286,-0.68,-0.195,0.68,0.098,0.458,-0.778,-0.82,0.821,0.217,-0.279,0.289,-0.48,0.722,-0.595,-0.658,-0.246,-0.518,0.894,-0.708,0.001,0.105,-0.435,0.206,-0.803,0.365,0.393,-0.179,-0.044,0.42,0.724,-0.173,-0.528,0.849,-0.233,-0.088,-0.323,0.937,-0.272,0.731,0.625,0.777,-0.72,0.333,0.632,0.669,-0.676,-0.547,0.397,0.862,-0.346,0.859,0.958,-0.537,0.716,0.406,0.058,0.89,-0.181,-0.541,-0.522,0.377,-0.101,0.941,-0.753,0.551,0.844,0.162,0.631,-0.51,-0.146,0.812,0.76,-0.635,0.424,-0.618,0.028,0.621,-0.749,-0.781,-0.539,0.27,0.197,0.649,0.284,0.834,-0.483,0.282,-0.312,0.924,0.792,-0.116,0.777,0.112,0.617,0.69,0.046,-0.558,0.646,-0.53,0.805,-0.763,0.002,-0.204,-0.444,-0.579,-0.133,0.051,0.406,0.218,0.654,-0.384,-0.682,0.637,0.432,0.086,-0.219,-0.216,0.37,-0.647,0.752,-0.788,-0.788,-0.211,0.852,0.665,0.373,0.005,0.124,0.804,0.843,-0.542,0.28,0.694,0.877,0.645,-0.378,0.067,-0.724,0.565,0.657,0.792,-0.352,-0.24,0.838,0.88,0.858,-0.528,0.01,-0.772,0.474,-0.248,-0.291,-0.079,0.791,-0.245,0.202,-0.237,-0.761,0.814,0.587,-0.363,-0.62,0.496,-0.532,0.793,0.805,0.042,0.106,0.0,-0.513,0.832,-0.254,0.042,0.173,0.297,0.552,-0.172,-0.56,0.272,0.263,0.638,0.686,-0.442,-0.242,-0.695,0.898,-0.563,-0.535,-0.507,0.057,0.854,-0.187,0.647,0.309,0.741,0.538,-0.028
TLRY,0.74,0.062,0.234,0.663,0.567,-0.718,0.6,-0.292,0.784,0.698,-0.247,0.51,0.76,0.231,0.811,-0.067,0.846,0.534,0.743,0.829,-0.37,0.426,0.655,0.419,0.364,-0.029,0.661,-0.65,0.317,0.653,0.783,0.346,-0.127,-0.172,0.248,-0.454,0.639,0.722,0.144,-0.525,0.71,-0.17,0.103,-0.378,0.635,-0.332,-0.245,0.055,0.658,0.768,-0.267,-0.613,0.828,-0.374,-0.443,0.877,-0.062,0.163,0.641,-0.416,0.632,0.767,0.656,0.467,0.632,-0.614,0.561,-0.352,-0.692,-0.387,0.035,0.599,0.554,-0.212,-0.116,0.876,-0.265,0.342,0.324,-0.361,0.774,0.56,0.388,-0.765,0.512,-0.639,0.102,-0.109,0.4,-0.59,0.681,-0.43,-0.535,0.695,-0.203,0.393,-0.81,-0.563,0.532,0.825,-0.476,0.883,-0.3,0.387,0.363,0.473,0.787,0.138,0.741,0.491,0.444,0.464,0.124,0.823,0.599,-0.004,-0.162,0.593,0.781,0.23,0.104,0.749,-0.192,0.751,0.757,0.254,-0.293,0.029,-0.657,0.404,0.545,-0.26,-0.484,0.597,0.304,-0.318,-0.413,-0.82,0.764,0.407,0.795,0.185,-0.618,-0.566,0.508,0.635,-0.467,-0.722,-0.457,0.738,-0.188,0.596,0.135,0.702,0.53,0.432,-0.735,0.733,0.546,0.696,0.806,-0.418,-0.03,0.617,0.838,-0.196,0.716,-0.408,-0.169,0.172,0.579,-0.513,0.0,-0.354,0.551,0.433,0.628,0.346,-0.046,0.727,0.773,0.432,0.358,-0.073,-0.209,0.834,0.653,0.529,-0.384,0.636,0.62,0.61,0.133,-0.202,0.626,-0.298,-0.394,-0.741,0.184,0.695
TRMK,-0.046,-0.162,0.543,-0.458,0.051,0.501,0.349,0.567,-0.619,-0.726,0.743,0.49,-0.072,0.455,-0.373,0.588,-0.479,-0.637,0.018,-0.219,0.942,-0.836,0.155,0.269,-0.129,0.15,-0.508,0.104,0.356,-0.219,0.022,0.64,0.501,-0.056,-0.206,0.936,-0.189,0.109,-0.066,0.855,-0.05,0.767,0.423,0.522,-0.644,0.416,0.677,0.706,-0.693,-0.288,0.64,0.669,-0.126,0.662,0.89,-0.421,0.763,0.677,0.209,0.935,-0.026,-0.621,-0.437,0.38,-0.053,0.804,-0.55,0.404,0.652,-0.204,0.825,-0.238,0.137,0.668,0.94,-0.402,0.116,-0.562,-0.145,0.469,-0.654,-0.523,-0.3,0.105,0.499,0.55,0.051,0.869,-0.359,0.111,0.003,0.847,0.532,0.083,0.619,0.121,0.302,0.435,0.2,-0.491,0.376,-0.461,0.91,-0.624,0.256,-0.132,-0.222,-0.682,0.096,0.158,0.431,0.497,0.753,-0.101,-0.687,0.486,0.076,0.162,-0.186,0.17,0.411,-0.508,0.762,-0.51,-0.515,0.154,0.866,0.836,0.259,0.364,0.345,0.89,0.792,-0.55,0.222,0.537,0.775,0.381,-0.291,0.405,-0.589,0.668,0.343,0.701,-0.216,-0.375,0.652,0.738,0.87,-0.618,0.159,-0.459,0.757,-0.142,-0.054,0.226,0.746,-0.19,0.421,-0.34,-0.547,0.662,0.751,-0.234,-0.292,0.337,-0.169,0.608,0.894,-0.251,0.064,0.832,-0.354,0.0,-0.001,0.229,0.182,0.262,0.468,0.046,-0.362,0.318,0.209,0.657,0.812,-0.313,-0.12,-0.666,0.854,-0.219,-0.226,-0.266,-0.249,0.869,-0.109,0.552,-0.009,0.533,0.448,0.133
TROW,0.52,-0.29,0.322,0.567,0.559,-0.345,0.576,-0.117,0.466,0.441,-0.136,0.594,0.545,0.372,0.507,-0.252,0.411,0.19,0.569,0.636,-0.126,0.151,0.576,0.289,0.64,-0.121,0.541,-0.59,0.197,0.359,0.344,0.371,-0.234,0.294,0.533,-0.076,0.353,0.576,0.581,-0.298,0.452,0.015,-0.101,-0.323,0.233,-0.122,0.09,0.204,0.212,0.641,0.195,-0.325,0.637,-0.406,-0.212,0.569,-0.04,0.381,0.643,-0.139,0.362,0.23,0.483,0.263,0.445,-0.354,0.466,-0.301,-0.403,-0.544,0.253,0.565,0.622,-0.259,0.142,0.642,-0.308,0.29,0.039,-0.346,0.507,0.505,0.599,-0.57,0.432,-0.287,-0.205,0.003,0.144,-0.329,0.641,-0.178,-0.51,0.493,-0.161,0.076,-0.674,-0.385,0.421,0.354,-0.357,0.594,-0.051,0.272,0.309,0.348,0.62,0.037,0.498,0.267,0.278,0.541,0.254,0.627,0.289,-0.135,-0.51,0.109,0.407,0.558,0.028,0.34,0.021,0.594,0.594,0.516,-0.171,0.336,-0.267,0.636,0.454,0.01,-0.195,0.522,0.101,-0.385,-0.282,-0.65,0.48,0.554,0.437,0.272,-0.506,-0.327,0.412,0.054,-0.387,-0.455,-0.193,0.175,0.077,0.53,0.394,0.374,0.269,0.647,-0.158,0.203,0.486,0.389,0.651,-0.247,0.117,0.534,0.537,-0.419,0.751,-0.475,0.077,-0.172,0.085,-0.254,0.551,-0.001,0.0,0.475,0.382,0.277,-0.146,0.469,0.519,0.375,0.113,-0.063,0.142,0.387,0.4,0.189,-0.179,0.684,0.757,0.566,-0.152,-0.0,0.365,-0.242,-0.516,-0.524,0.11,0.489
TSLA,0.572,0.053,0.464,0.347,0.68,-0.04,0.636,0.371,0.451,0.233,0.048,0.592,0.571,0.624,0.52,-0.051,0.244,0.032,0.472,0.522,0.076,0.001,0.704,0.646,0.333,0.276,0.331,-0.405,0.314,0.62,0.588,0.528,0.153,0.243,0.276,0.201,0.441,0.504,0.089,-0.019,0.37,0.235,0.394,0.024,-0.013,-0.333,0.535,0.422,0.274,0.611,0.206,-0.061,0.409,-0.065,0.073,0.469,0.333,0.434,0.661,0.113,0.642,0.365,0.579,0.482,0.526,-0.118,0.21,-0.036,-0.293,-0.288,0.557,0.422,0.526,0.286,0.339,0.498,0.148,0.296,0.431,-0.09,0.335,0.331,0.356,-0.378,0.494,0.047,-0.032,0.348,0.138,-0.379,0.651,0.109,-0.205,0.72,0.043,0.363,-0.412,-0.034,0.576,0.305,-0.19,0.417,0.203,0.166,0.453,0.337,0.633,-0.002,0.636,0.588,0.493,0.569,0.508,0.712,0.006,0.328,-0.075,0.522,0.593,0.401,0.449,0.477,0.104,0.396,0.396,0.467,0.079,0.37,-0.329,0.551,0.555,0.393,0.199,0.346,0.064,0.168,-0.051,-0.44,0.565,0.633,0.431,0.428,-0.256,-0.187,0.303,0.27,-0.217,-0.25,0.063,0.289,-0.103,0.236,0.519,0.61,0.539,0.501,-0.158,0.426,0.687,0.192,0.355,-0.06,0.216,0.461,0.411,-0.169,0.544,-0.011,0.197,0.22,0.483,0.042,0.433,0.229,0.475,0.0,0.498,0.577,0.317,0.446,0.591,0.57,0.266,0.343,0.355,0.357,0.514,0.174,0.093,0.601,0.431,0.547,0.248,0.124,0.442,0.117,-0.278,-0.288,0.596,0.543
TWST,0.55,0.206,0.549,0.222,0.622,-0.366,0.849,0.201,0.295,0.057,0.214,0.761,0.698,0.561,0.614,0.503,0.523,0.215,0.749,0.573,0.186,-0.109,0.848,0.627,-0.154,-0.14,0.082,-0.535,0.69,0.658,0.872,0.71,0.463,-0.221,-0.121,0.151,0.667,0.806,-0.237,0.115,0.658,0.38,0.649,0.283,0.113,-0.375,0.362,0.629,0.228,0.412,-0.037,0.054,0.52,0.169,0.234,0.654,0.46,0.404,0.739,0.18,0.727,0.422,0.38,0.701,0.55,0.038,0.098,-0.064,-0.207,-0.396,0.482,0.354,0.595,0.361,0.402,0.469,0.2,-0.143,0.394,-0.022,0.355,-0.0,-0.052,-0.695,0.697,-0.183,0.355,0.508,0.134,-0.529,0.388,0.162,-0.082,0.662,0.239,0.619,-0.485,-0.164,0.72,0.476,-0.054,0.655,0.278,-0.232,0.547,0.549,0.629,-0.267,0.732,0.693,0.927,0.657,0.695,0.54,0.065,0.491,0.103,0.612,0.788,-0.034,0.268,0.379,0.243,0.169,0.185,-0.079,0.286,0.523,-0.398,0.392,0.816,0.326,0.07,0.403,0.385,0.178,0.099,-0.464,0.527,0.614,0.208,0.671,-0.26,-0.077,0.468,0.675,-0.009,-0.198,0.136,0.304,-0.432,0.035,0.522,0.522,0.369,0.407,-0.266,0.665,0.809,0.611,0.343,0.1,0.498,0.528,0.446,0.114,0.382,0.045,0.385,0.373,0.791,0.173,0.628,0.182,0.382,0.498,0.0,0.796,0.432,0.743,0.362,0.81,0.747,0.285,0.243,0.659,0.466,0.161,0.177,0.271,0.199,0.406,0.176,0.369,0.6,0.036,-0.344,-0.353,0.738,0.89
TXN,0.332,0.431,0.373,-0.018,0.521,-0.03,0.712,0.338,0.218,-0.048,0.292,0.602,0.533,0.524,0.433,0.401,0.307,0.1,0.443,0.334,0.256,-0.089,0.705,0.635,-0.153,0.035,-0.081,-0.315,0.653,0.747,0.691,0.545,0.552,0.041,-0.273,0.228,0.551,0.571,-0.372,0.184,0.353,0.409,0.731,0.415,-0.096,-0.361,0.571,0.687,0.245,0.318,-0.099,0.199,0.291,0.279,0.313,0.501,0.532,0.323,0.693,0.228,0.698,0.346,0.417,0.664,0.532,0.211,-0.079,0.045,-0.089,-0.184,0.507,0.185,0.353,0.554,0.402,0.292,0.547,0.011,0.376,-0.041,0.185,-0.179,-0.197,-0.543,0.467,0.05,0.431,0.56,0.007,-0.349,0.361,0.288,0.094,0.481,0.383,0.486,-0.231,0.138,0.643,0.301,0.219,0.475,0.265,-0.346,0.411,0.404,0.523,-0.082,0.576,0.63,0.821,0.54,0.692,0.443,-0.132,0.704,0.237,0.546,0.749,-0.146,0.306,0.355,0.264,-0.016,-0.004,-0.09,0.243,0.448,-0.369,0.289,0.602,0.512,0.31,0.46,0.239,0.357,0.228,-0.23,0.498,0.517,0.122,0.613,0.031,0.024,0.275,0.502,0.084,-0.054,0.261,0.228,-0.466,-0.19,0.468,0.546,0.349,0.355,-0.097,0.586,0.749,0.536,0.14,0.184,0.379,0.376,0.255,0.189,0.214,0.195,0.385,0.6,0.758,0.297,0.346,0.262,0.277,0.577,0.796,0.0,0.565,0.448,0.37,0.783,0.663,0.407,0.386,0.455,0.327,0.185,0.256,0.207,0.041,0.322,0.418,0.344,0.385,0.258,-0.093,-0.141,0.864,0.677
UFPI,0.237,0.443,0.448,-0.133,0.122,0.184,0.411,0.656,-0.118,-0.266,0.328,0.348,0.315,0.55,0.216,0.459,-0.025,-0.304,0.204,0.023,0.515,-0.242,0.288,0.605,-0.414,0.004,-0.309,0.138,0.241,0.331,0.415,0.424,0.496,-0.228,-0.307,0.539,0.459,0.29,-0.209,0.463,0.28,0.277,0.703,0.54,-0.132,-0.188,0.554,0.49,-0.127,-0.015,0.323,0.424,-0.179,0.472,0.504,0.023,0.733,0.554,0.253,0.55,0.48,0.008,0.068,0.504,-0.091,0.484,-0.161,0.147,0.279,0.083,0.589,0.096,0.248,0.658,0.547,-0.153,0.309,-0.079,0.141,0.139,-0.157,-0.286,-0.327,-0.016,0.402,0.471,0.5,0.582,0.258,-0.129,0.161,0.499,0.288,0.253,0.447,0.631,0.154,0.194,0.481,-0.094,0.09,-0.042,0.617,-0.512,0.481,0.369,0.181,-0.46,0.436,0.637,0.522,0.331,0.533,0.156,-0.173,0.553,0.359,0.407,0.309,-0.176,0.636,0.114,0.15,-0.277,-0.271,-0.234,0.523,0.488,0.127,0.297,0.395,0.485,0.448,0.004,0.022,0.629,0.346,0.179,0.008,0.317,-0.167,0.557,0.227,0.514,0.191,0.355,0.29,0.314,0.303,0.026,-0.261,-0.29,0.463,0.433,0.414,0.028,0.194,0.396,0.453,-0.025,-0.23,0.167,0.452,0.238,-0.161,0.2,-0.12,0.371,0.498,0.447,0.602,0.552,-0.046,0.468,-0.146,0.317,0.432,0.565,0.0,0.24,0.006,0.601,0.387,0.372,0.649,0.123,0.375,-0.238,0.588,-0.057,-0.42,0.138,0.241,0.471,0.281,0.227,-0.036,0.145,0.684,0.35
UNIT,0.802,-0.119,0.692,0.647,0.649,-0.719,0.846,0.19,0.494,0.294,-0.136,0.753,0.8,0.604,0.764,0.168,0.73,0.27,0.938,0.864,-0.018,-0.025,0.776,0.702,0.068,-0.311,0.522,-0.739,0.259,0.44,0.739,0.679,-0.085,-0.178,0.325,0.03,0.777,0.881,0.13,-0.144,0.859,-0.012,0.172,-0.102,0.472,-0.339,0.085,0.237,0.314,0.685,0.194,-0.319,0.635,-0.244,-0.076,0.671,0.239,0.503,0.569,0.053,0.725,0.387,0.405,0.366,0.253,-0.314,0.54,-0.437,-0.462,-0.65,0.441,0.704,0.835,-0.09,0.297,0.673,-0.326,-0.002,0.042,-0.215,0.515,0.416,0.309,-0.63,0.767,-0.399,0.097,0.196,0.55,-0.771,0.597,-0.217,-0.466,0.705,-0.157,0.676,-0.767,-0.634,0.728,0.419,-0.514,0.635,0.195,0.122,0.775,0.734,0.757,-0.302,0.846,0.701,0.631,0.579,0.395,0.725,0.349,0.009,-0.304,0.533,0.611,0.224,0.233,0.545,-0.074,0.538,0.543,0.2,0.111,0.391,-0.342,0.626,0.84,0.009,-0.271,0.3,0.157,-0.094,-0.235,-0.742,0.435,0.767,0.392,0.495,-0.709,-0.277,0.701,0.586,-0.357,-0.448,-0.175,0.274,-0.257,0.552,0.45,0.543,0.617,0.42,-0.446,0.713,0.68,0.318,0.551,-0.288,0.507,0.714,0.671,-0.085,0.689,-0.316,0.132,-0.029,0.601,-0.172,0.727,0.046,0.469,0.446,0.743,0.448,0.24,0.0,0.499,0.726,0.428,0.035,0.106,0.77,0.671,0.302,-0.104,0.564,0.377,0.689,-0.226,0.111,0.809,-0.41,-0.725,-0.7,0.311,0.909
UPWK,0.697,0.193,0.056,0.625,0.561,-0.473,0.469,-0.144,0.889,0.799,-0.343,0.393,0.719,0.249,0.742,-0.406,0.731,0.514,0.54,0.751,-0.439,0.531,0.541,0.546,0.528,0.024,0.731,-0.543,0.119,0.736,0.528,0.098,-0.263,0.188,0.307,-0.461,0.589,0.532,0.207,-0.634,0.463,-0.372,0.001,-0.48,0.591,-0.394,-0.087,-0.025,0.777,0.872,-0.263,-0.68,0.677,-0.523,-0.547,0.828,-0.108,0.12,0.629,-0.485,0.638,0.738,0.823,0.328,0.542,-0.634,0.613,-0.403,-0.785,-0.263,0.02,0.64,0.399,-0.228,-0.186,0.85,-0.14,0.707,0.191,-0.589,0.779,0.672,0.414,-0.645,0.3,-0.613,0.052,-0.184,0.486,-0.535,0.737,-0.497,-0.619,0.536,-0.248,0.329,-0.719,-0.491,0.463,0.678,-0.45,0.762,-0.381,0.528,0.359,0.428,0.851,0.397,0.644,0.486,0.192,0.348,-0.027,0.878,0.533,-0.028,-0.256,0.428,0.768,0.302,0.092,0.879,-0.35,0.795,0.795,0.413,-0.518,-0.145,-0.601,0.489,0.333,-0.215,-0.413,0.705,0.086,-0.266,-0.484,-0.75,0.844,0.393,0.865,0.027,-0.551,-0.576,0.489,0.45,-0.641,-0.762,-0.487,0.724,-0.114,0.624,0.082,0.832,0.64,0.471,-0.663,0.676,0.44,0.537,0.805,-0.559,-0.268,0.621,0.804,-0.328,0.759,-0.476,-0.314,0.292,0.469,-0.56,0.773,-0.362,0.519,0.591,0.362,0.37,0.006,0.499,0.0,0.375,0.105,-0.032,-0.114,0.71,0.612,0.654,-0.477,0.821,0.634,0.715,0.34,-0.383,0.427,-0.244,-0.314,-0.707,0.213,0.484
USLM,0.584,0.252,0.612,0.275,0.621,-0.282,0.824,0.458,0.264,0.015,0.161,0.734,0.652,0.719,0.611,0.354,0.39,0.032,0.665,0.541,0.282,-0.151,0.76,0.76,-0.104,-0.144,0.106,-0.499,0.506,0.629,0.706,0.693,0.33,-0.072,-0.007,0.302,0.745,0.755,-0.137,0.187,0.559,0.227,0.617,0.32,0.081,-0.327,0.479,0.563,0.201,0.482,0.203,0.081,0.396,0.146,0.294,0.515,0.569,0.536,0.686,0.317,0.747,0.292,0.39,0.607,0.306,0.099,0.142,-0.217,-0.167,-0.394,0.671,0.467,0.667,0.389,0.515,0.372,0.169,-0.011,0.237,-0.074,0.282,0.05,0.04,-0.532,0.626,-0.04,0.354,0.527,0.307,-0.594,0.489,0.167,-0.08,0.55,0.216,0.71,-0.4,-0.168,0.779,0.198,-0.128,0.487,0.391,-0.198,0.67,0.659,0.629,-0.301,0.788,0.787,0.797,0.593,0.676,0.585,0.079,0.405,-0.011,0.56,0.667,0.049,0.455,0.396,0.136,0.166,0.173,-0.021,0.276,0.536,-0.228,0.559,0.764,0.373,0.141,0.345,0.146,0.343,0.104,-0.406,0.376,0.706,0.165,0.689,-0.238,0.028,0.564,0.539,-0.054,-0.128,0.147,0.194,-0.415,0.085,0.585,0.563,0.467,0.418,-0.132,0.62,0.78,0.35,0.221,0.025,0.552,0.6,0.302,0.092,0.411,0.02,0.41,0.326,0.741,0.272,0.432,0.318,0.375,0.57,0.81,0.783,0.601,0.726,0.375,0.0,0.613,0.289,0.445,0.565,0.558,0.098,0.273,0.35,0.135,0.523,0.143,0.351,0.605,-0.032,-0.412,-0.335,0.726,0.835
UTHR,0.317,0.413,0.264,-0.071,0.355,-0.17,0.524,0.272,0.121,-0.175,0.3,0.409,0.297,0.382,0.339,0.642,0.284,0.227,0.392,0.204,0.273,-0.021,0.496,0.33,-0.336,0.041,-0.117,-0.157,0.648,0.423,0.708,0.498,0.593,-0.318,-0.318,0.117,0.361,0.431,-0.548,0.189,0.423,0.418,0.637,0.529,0.027,-0.194,0.266,0.481,0.192,0.106,-0.269,0.318,0.181,0.366,0.342,0.379,0.563,0.194,0.43,0.186,0.502,0.356,0.176,0.649,0.389,0.217,-0.171,0.217,0.026,-0.099,0.374,0.079,0.265,0.466,0.355,0.172,0.379,-0.162,0.441,0.296,0.086,-0.268,-0.242,-0.375,0.384,-0.054,0.515,0.42,-0.029,-0.157,0.203,0.301,0.155,0.443,0.341,0.492,-0.14,0.162,0.49,0.431,0.219,0.451,0.217,-0.332,0.342,0.228,0.273,-0.101,0.464,0.358,0.794,0.434,0.564,0.209,-0.064,0.577,0.322,0.523,0.536,-0.252,0.155,0.146,0.325,-0.121,-0.108,-0.397,0.313,0.359,-0.304,0.071,0.529,0.28,0.157,0.281,0.448,0.386,0.246,-0.059,0.248,0.266,0.075,0.632,0.107,-0.023,0.125,0.613,0.193,0.067,0.195,0.218,-0.369,-0.242,0.304,0.202,0.177,0.18,-0.082,0.462,0.604,0.58,0.041,0.35,0.417,0.178,0.235,0.299,0.075,0.278,0.446,0.43,0.71,0.263,0.358,0.209,0.113,0.266,0.747,0.663,0.387,0.428,0.105,0.613,0.0,0.167,0.262,0.393,0.18,0.126,0.311,-0.047,-0.062,0.062,0.28,0.426,0.367,0.1,-0.001,-0.033,0.617,0.58
VERB,-0.021,0.106,0.303,-0.475,0.112,0.473,0.307,0.235,-0.34,-0.455,0.739,0.444,0.062,0.25,-0.251,0.53,-0.27,-0.382,0.001,-0.138,0.637,-0.58,0.279,0.363,-0.063,0.419,-0.454,0.048,0.562,0.179,0.21,0.516,0.602,-0.173,-0.401,0.578,-0.105,0.148,-0.309,0.641,-0.164,0.653,0.534,0.351,-0.573,0.223,0.526,0.702,-0.318,-0.134,0.215,0.379,0.148,0.61,0.663,-0.167,0.514,0.354,0.391,0.589,0.081,-0.216,-0.205,0.539,0.376,0.594,-0.541,0.42,0.408,-0.039,0.597,-0.3,-0.096,0.703,0.618,-0.143,0.337,-0.385,0.203,0.269,-0.419,-0.481,-0.436,-0.143,0.412,0.301,0.12,0.786,-0.42,0.012,-0.002,0.678,0.537,0.197,0.728,0.123,0.239,0.466,0.191,-0.184,0.501,-0.219,0.537,-0.472,0.091,-0.146,-0.059,-0.34,0.123,0.244,0.467,0.412,0.686,0.092,-0.59,0.638,0.304,0.468,0.171,-0.062,0.408,-0.197,0.684,-0.373,-0.371,0.149,0.601,0.578,-0.153,0.142,0.294,0.781,0.729,-0.343,0.35,0.481,0.696,0.217,0.09,0.271,-0.296,0.443,0.358,0.444,-0.269,-0.154,0.584,0.481,0.734,-0.176,-0.093,-0.469,0.48,0.148,0.042,0.216,0.353,0.139,0.426,0.01,-0.376,0.582,0.435,-0.24,-0.115,0.375,-0.19,0.643,0.57,0.089,0.246,0.638,-0.073,0.657,-0.063,0.343,0.285,0.407,0.372,0.035,-0.032,0.289,0.167,0.0,0.533,-0.082,-0.047,-0.414,0.53,-0.147,-0.122,-0.291,0.162,0.631,-0.117,0.725,0.238,0.425,0.597,0.175
VLY,0.128,0.09,0.474,-0.253,0.124,0.412,0.405,0.598,-0.327,-0.438,0.56,0.514,0.151,0.608,-0.102,0.41,-0.278,-0.476,0.113,-0.064,0.776,-0.512,0.234,0.399,-0.073,0.163,-0.309,0.114,0.28,0.046,0.172,0.525,0.49,-0.029,-0.108,0.757,0.066,0.176,0.018,0.597,0.073,0.562,0.461,0.453,-0.387,0.164,0.683,0.601,-0.42,-0.077,0.526,0.53,-0.058,0.513,0.688,-0.179,0.783,0.762,0.32,0.751,0.187,-0.32,-0.1,0.435,-0.008,0.639,-0.314,0.275,0.464,-0.137,0.799,-0.017,0.229,0.623,0.821,-0.189,0.148,-0.198,0.018,0.286,-0.39,-0.312,-0.121,0.043,0.453,0.496,0.168,0.712,-0.083,0.086,0.244,0.722,0.349,0.194,0.51,0.27,0.17,0.31,0.368,-0.264,0.231,-0.24,0.771,-0.487,0.352,0.066,0.011,-0.492,0.281,0.335,0.429,0.531,0.665,0.097,-0.431,0.526,0.071,0.186,0.036,0.147,0.491,-0.197,0.526,-0.308,-0.309,0.164,0.671,0.737,0.279,0.513,0.337,0.742,0.694,-0.223,0.178,0.548,0.566,0.273,-0.108,0.41,-0.305,0.66,0.297,0.568,-0.013,-0.149,0.446,0.531,0.621,-0.321,0.033,-0.295,0.765,0.165,0.18,0.216,0.583,0.014,0.443,-0.198,-0.302,0.424,0.568,0.036,-0.174,0.144,-0.026,0.454,0.789,-0.02,0.219,0.686,-0.209,0.812,0.142,0.355,0.243,0.386,0.649,0.106,-0.114,0.445,0.262,0.533,0.0,-0.147,0.158,-0.445,0.761,-0.017,-0.158,-0.011,-0.048,0.721,0.041,0.414,-0.049,0.35,0.538,0.198
VRNA,0.704,0.226,0.247,0.592,0.576,-0.742,0.631,-0.066,0.729,0.571,-0.278,0.495,0.782,0.343,0.841,-0.017,0.845,0.563,0.771,0.813,-0.336,0.344,0.655,0.541,0.139,-0.18,0.575,-0.629,0.284,0.671,0.741,0.308,-0.069,-0.138,0.166,-0.367,0.776,0.741,-0.004,-0.469,0.729,-0.224,0.17,-0.248,0.625,-0.458,-0.169,0.062,0.666,0.723,-0.259,-0.519,0.646,-0.361,-0.38,0.854,0.015,0.171,0.589,-0.347,0.726,0.682,0.644,0.392,0.453,-0.511,0.564,-0.438,-0.677,-0.394,0.058,0.64,0.562,-0.152,-0.076,0.778,-0.13,0.338,0.207,-0.428,0.734,0.471,0.231,-0.685,0.489,-0.581,0.24,-0.068,0.558,-0.687,0.592,-0.443,-0.541,0.574,-0.212,0.549,-0.742,-0.6,0.634,0.699,-0.463,0.82,-0.215,0.268,0.493,0.637,0.799,0.122,0.757,0.633,0.467,0.394,0.132,0.75,0.538,0.072,-0.122,0.554,0.799,0.076,0.096,0.776,-0.299,0.632,0.642,0.059,-0.262,0.002,-0.514,0.397,0.591,-0.223,-0.434,0.597,0.163,-0.171,-0.396,-0.752,0.68,0.468,0.629,0.202,-0.616,-0.484,0.639,0.726,-0.505,-0.669,-0.401,0.631,-0.386,0.534,0.142,0.716,0.586,0.366,-0.716,0.845,0.556,0.602,0.711,-0.46,0.069,0.677,0.767,-0.163,0.634,-0.412,-0.172,0.314,0.696,-0.442,0.834,-0.313,0.387,0.357,0.659,0.455,0.123,0.77,0.71,0.565,0.393,-0.082,-0.147,0.0,0.61,0.61,-0.353,0.595,0.425,0.675,0.129,-0.21,0.645,-0.357,-0.449,-0.752,0.281,0.75
VRRM,0.753,0.194,0.432,0.639,0.4,-0.488,0.541,0.149,0.591,0.544,-0.241,0.455,0.731,0.531,0.769,-0.107,0.624,0.151,0.617,0.679,-0.147,0.3,0.542,0.59,0.182,-0.043,0.52,-0.368,0.009,0.569,0.648,0.354,-0.12,-0.172,0.276,-0.086,0.776,0.599,0.296,-0.28,0.638,-0.272,0.225,-0.116,0.518,-0.399,0.032,0.013,0.439,0.654,0.163,-0.406,0.455,-0.22,-0.223,0.592,0.168,0.427,0.483,-0.082,0.637,0.568,0.574,0.36,0.21,-0.383,0.54,-0.323,-0.42,-0.2,0.3,0.659,0.629,-0.039,0.092,0.603,-0.235,0.358,0.187,-0.255,0.577,0.471,0.417,-0.392,0.479,-0.269,0.219,0.011,0.649,-0.527,0.653,-0.241,-0.401,0.632,-0.116,0.672,-0.548,-0.466,0.563,0.455,-0.537,0.56,0.058,0.229,0.545,0.659,0.685,-0.115,0.777,0.708,0.34,0.359,0.144,0.754,0.531,0.029,-0.064,0.522,0.582,0.162,0.481,0.671,-0.275,0.558,0.562,0.229,-0.06,0.169,-0.299,0.581,0.504,-0.145,-0.243,0.426,0.029,0.051,-0.306,-0.588,0.494,0.461,0.61,0.251,-0.458,-0.184,0.671,0.569,-0.356,-0.47,-0.402,0.588,-0.202,0.517,0.215,0.734,0.702,0.255,-0.46,0.645,0.439,0.291,0.524,-0.419,0.099,0.748,0.491,-0.232,0.565,-0.256,-0.077,0.208,0.575,-0.242,0.653,-0.12,0.4,0.514,0.466,0.327,0.375,0.671,0.612,0.558,0.18,-0.047,0.158,0.61,0.0,0.293,-0.08,0.557,0.254,0.659,0.133,-0.071,0.719,-0.312,-0.447,-0.579,0.292,0.597
VXRT,0.305,0.285,-0.301,0.495,0.256,-0.523,0.096,-0.311,0.77,0.698,-0.536,-0.056,0.387,-0.077,0.582,-0.419,0.682,0.692,0.278,0.499,-0.676,0.701,0.182,0.137,0.161,-0.054,0.639,-0.339,-0.098,0.525,0.299,-0.301,-0.278,0.292,0.181,-0.727,0.412,0.195,-0.067,-0.781,0.301,-0.51,-0.217,-0.384,0.699,-0.439,-0.383,-0.389,0.861,0.552,-0.602,-0.612,0.324,-0.573,-0.7,0.661,-0.34,-0.272,0.203,-0.712,0.375,0.72,0.69,-0.087,0.309,-0.693,0.587,-0.425,-0.709,-0.038,-0.387,0.38,0.131,-0.404,-0.542,0.653,0.052,0.628,0.108,-0.428,0.71,0.543,0.344,-0.339,-0.134,-0.644,0.109,-0.53,0.446,-0.341,0.39,-0.701,-0.574,0.247,-0.471,0.126,-0.524,-0.456,0.175,0.628,-0.276,0.656,-0.664,0.577,0.065,0.286,0.518,0.669,0.263,0.145,-0.033,-0.072,-0.386,0.433,0.594,-0.113,-0.088,0.129,0.53,-0.042,-0.369,0.698,-0.539,0.63,0.632,0.055,-0.673,-0.53,-0.385,0.007,0.013,-0.511,-0.6,0.664,-0.001,-0.374,-0.576,-0.521,0.617,-0.01,0.667,-0.242,-0.438,-0.73,0.337,0.503,-0.67,-0.723,-0.629,0.61,-0.153,0.503,-0.307,0.43,0.325,0.03,-0.694,0.519,0.06,0.485,0.652,-0.548,-0.454,0.397,0.589,-0.21,0.427,-0.508,-0.547,0.373,0.344,-0.695,0.529,-0.666,0.189,0.174,0.161,0.185,-0.238,0.302,0.654,0.098,0.126,-0.414,-0.445,0.61,0.293,0.0,-0.657,0.484,0.36,0.521,0.294,-0.591,0.362,-0.417,-0.119,-0.623,-0.078,0.22
WAFD,-0.17,0.132,0.361,-0.555,-0.176,0.563,0.158,0.511,-0.679,-0.716,0.748,0.256,-0.212,0.356,-0.363,0.682,-0.503,-0.646,-0.159,-0.423,0.915,-0.625,-0.01,0.119,-0.356,0.187,-0.67,0.385,0.304,-0.187,0.076,0.463,0.663,-0.217,-0.417,0.833,-0.153,-0.061,-0.189,0.851,-0.134,0.682,0.62,0.717,-0.573,0.41,0.579,0.599,-0.656,-0.468,0.462,0.796,-0.307,0.838,0.898,-0.472,0.823,0.545,0.055,0.896,-0.096,-0.468,-0.451,0.464,-0.1,0.869,-0.66,0.545,0.802,0.165,0.67,-0.386,-0.02,0.793,0.816,-0.548,0.295,-0.533,0.014,0.629,-0.691,-0.676,-0.392,0.257,0.296,0.632,0.326,0.781,-0.361,0.292,-0.108,0.888,0.704,-0.034,0.707,0.188,0.528,0.601,0.084,-0.422,0.483,-0.461,0.847,-0.724,0.086,-0.18,-0.373,-0.651,0.022,0.103,0.411,0.297,0.637,-0.262,-0.532,0.595,0.449,0.176,-0.202,-0.084,0.472,-0.552,0.69,-0.668,-0.669,-0.146,0.87,0.715,0.316,0.162,0.162,0.763,0.763,-0.514,0.256,0.686,0.816,0.59,-0.365,0.099,-0.575,0.622,0.605,0.776,-0.305,-0.197,0.791,0.832,0.752,-0.416,0.097,-0.641,0.558,-0.136,-0.135,-0.02,0.759,-0.207,0.248,-0.225,-0.659,0.718,0.598,-0.287,-0.5,0.462,-0.416,0.738,0.858,-0.002,0.199,0.898,-0.384,0.854,-0.179,0.093,0.177,0.256,0.588,-0.104,-0.477,0.273,0.311,0.53,0.761,-0.353,-0.08,-0.657,0.0,-0.471,-0.486,-0.405,0.013,0.851,-0.095,0.562,0.227,0.673,0.474,0.004
WATT,0.752,-0.221,0.318,0.783,0.716,-0.529,0.552,0.071,0.806,0.707,-0.51,0.505,0.738,0.392,0.712,-0.55,0.591,0.404,0.66,0.843,-0.401,0.325,0.565,0.523,0.652,-0.174,0.827,-0.705,-0.036,0.491,0.376,0.22,-0.488,0.365,0.665,-0.254,0.529,0.577,0.489,-0.572,0.535,-0.338,-0.22,-0.577,0.508,-0.372,0.05,-0.057,0.516,0.877,0.132,-0.668,0.607,-0.691,-0.526,0.719,-0.165,0.286,0.547,-0.36,0.64,0.437,0.752,0.131,0.331,-0.66,0.755,-0.607,-0.795,-0.548,0.148,0.826,0.653,-0.42,-0.07,0.813,-0.374,0.612,-0.001,-0.66,0.769,0.845,0.647,-0.586,0.392,-0.439,-0.293,-0.21,0.548,-0.599,0.748,-0.514,-0.793,0.547,-0.486,0.267,-0.837,-0.657,0.516,0.439,-0.703,0.658,-0.226,0.556,0.547,0.521,0.867,0.208,0.635,0.495,0.107,0.439,0.032,0.854,0.436,-0.301,-0.598,0.219,0.54,0.626,0.089,0.764,-0.411,0.866,0.863,0.614,-0.453,-0.005,-0.351,0.71,0.438,-0.167,-0.408,0.611,-0.206,-0.384,-0.627,-0.838,0.602,0.641,0.718,0.027,-0.776,-0.535,0.626,0.216,-0.773,-0.759,-0.445,0.396,0.008,0.81,0.271,0.652,0.652,0.667,-0.53,0.459,0.46,0.217,0.832,-0.663,-0.068,0.715,0.77,-0.491,0.922,-0.664,-0.261,-0.057,0.212,-0.563,0.636,-0.219,0.684,0.601,0.271,0.207,-0.057,0.564,0.821,0.35,-0.047,-0.147,-0.017,0.595,0.557,0.484,-0.471,0.0,0.771,0.865,-0.052,-0.392,0.427,-0.391,-0.649,-0.781,0.062,0.518
WBA,0.448,-0.416,0.119,0.624,0.598,-0.434,0.4,-0.322,0.619,0.618,-0.293,0.442,0.457,0.096,0.47,-0.457,0.413,0.386,0.476,0.653,-0.373,0.243,0.441,0.126,0.793,0.004,0.679,-0.727,0.157,0.324,0.246,0.184,-0.417,0.389,0.582,-0.368,0.169,0.455,0.475,-0.519,0.354,-0.112,-0.343,-0.659,0.328,-0.085,-0.148,0.005,0.388,0.732,-0.025,-0.625,0.744,-0.625,-0.482,0.59,-0.32,0.15,0.557,-0.428,0.277,0.32,0.578,0.093,0.54,-0.633,0.548,-0.401,-0.668,-0.612,0.042,0.496,0.463,-0.428,-0.139,0.752,-0.422,0.407,0.069,-0.502,0.63,0.717,0.646,-0.605,0.273,-0.477,-0.502,-0.205,0.104,-0.381,0.644,-0.423,-0.624,0.441,-0.419,-0.182,-0.782,-0.49,0.296,0.459,-0.453,0.612,-0.367,0.636,0.152,0.158,0.621,0.276,0.392,0.067,0.06,0.443,0.022,0.648,0.356,-0.324,-0.61,0.11,0.374,0.716,-0.195,0.465,-0.101,0.785,0.782,0.666,-0.453,-0.001,-0.404,0.477,0.265,-0.153,-0.387,0.455,0.067,-0.619,-0.453,-0.746,0.581,0.426,0.576,0.032,-0.653,-0.628,0.318,-0.004,-0.592,-0.654,-0.32,0.281,0.187,0.675,0.236,0.363,0.208,0.645,-0.413,0.208,0.389,0.327,0.76,-0.402,-0.133,0.407,0.69,-0.449,0.806,-0.595,-0.157,-0.288,-0.033,-0.535,0.62,-0.226,0.757,0.431,0.199,0.041,-0.42,0.377,0.634,0.135,-0.062,-0.122,-0.158,0.425,0.254,0.36,-0.486,0.771,0.0,0.55,-0.169,-0.275,0.193,-0.213,-0.442,-0.606,-0.138,0.369
WING,0.751,-0.064,0.431,0.84,0.697,-0.671,0.622,0.221,0.781,0.654,-0.605,0.488,0.814,0.553,0.86,-0.466,0.693,0.402,0.763,0.876,-0.411,0.331,0.612,0.606,0.321,-0.357,0.763,-0.683,-0.115,0.546,0.482,0.243,-0.425,0.26,0.64,-0.22,0.79,0.673,0.407,-0.553,0.698,-0.394,-0.082,-0.38,0.598,-0.574,0.075,-0.079,0.508,0.843,0.161,-0.574,0.456,-0.661,-0.493,0.749,-0.085,0.315,0.46,-0.316,0.751,0.477,0.761,0.049,0.144,-0.622,0.832,-0.687,-0.765,-0.54,0.175,0.897,0.801,-0.382,-0.058,0.756,-0.298,0.534,0.05,-0.614,0.807,0.788,0.633,-0.523,0.409,-0.35,-0.103,-0.208,0.746,-0.69,0.724,-0.543,-0.813,0.547,-0.561,0.483,-0.816,-0.739,0.636,0.423,-0.75,0.679,-0.136,0.425,0.669,0.778,0.887,0.079,0.738,0.671,0.214,0.367,0.024,0.801,0.546,-0.276,-0.506,0.226,0.584,0.452,0.157,0.798,-0.556,0.798,0.801,0.372,-0.389,0.003,-0.201,0.669,0.56,-0.229,-0.46,0.649,-0.319,-0.285,-0.658,-0.821,0.502,0.662,0.639,0.115,-0.777,-0.457,0.827,0.468,-0.781,-0.756,-0.514,0.393,-0.19,0.786,0.253,0.68,0.719,0.436,-0.558,0.574,0.447,0.193,0.801,-0.741,0.036,0.881,0.669,-0.524,0.818,-0.709,-0.248,0.088,0.379,-0.507,0.61,-0.266,0.566,0.547,0.406,0.322,0.138,0.689,0.715,0.523,0.062,-0.291,-0.011,0.675,0.659,0.521,-0.405,0.865,0.55,0.0,-0.095,-0.404,0.665,-0.567,-0.749,-0.869,0.134,0.637
WIX,-0.035,0.755,-0.438,-0.208,-0.007,0.3,-0.135,-0.075,0.243,0.224,0.105,-0.214,-0.005,-0.129,0.133,0.034,0.053,0.159,-0.27,-0.187,-0.148,0.484,0.037,0.079,-0.077,0.393,-0.156,0.263,0.256,0.601,0.253,-0.26,0.447,0.043,-0.486,-0.262,0.118,-0.16,-0.457,-0.119,-0.295,-0.078,0.534,0.25,0.016,-0.235,0.117,0.053,0.49,0.024,-0.569,0.058,-0.009,0.261,-0.034,0.237,0.098,-0.323,0.195,-0.225,0.198,0.591,0.396,0.457,0.426,0.014,-0.237,0.193,-0.038,0.639,-0.171,-0.201,-0.367,0.363,-0.238,0.042,0.689,0.405,0.504,0.077,0.17,-0.17,-0.258,-0.04,-0.316,-0.059,0.473,0.021,-0.111,0.096,-0.01,0.048,0.271,0.026,0.312,0.17,0.256,0.426,-0.031,0.294,0.338,0.267,-0.293,0.012,-0.25,-0.066,0.088,0.474,0.014,0.134,0.127,-0.186,0.017,0.093,0.122,0.505,0.614,0.308,0.458,-0.435,0.189,0.289,-0.055,-0.095,-0.097,-0.244,-0.216,-0.292,-0.291,-0.252,-0.235,0.009,0.12,0.428,0.221,0.392,0.063,0.156,0.434,-0.327,0.339,-0.106,0.434,-0.116,-0.139,0.382,0.087,-0.072,-0.11,0.616,-0.21,-0.35,-0.275,0.385,0.037,-0.062,-0.212,0.255,0.025,0.496,-0.01,0.122,-0.45,-0.015,-0.086,0.261,-0.186,0.308,-0.168,0.794,0.458,0.057,0.133,-0.249,-0.152,0.248,0.176,0.418,0.241,-0.226,0.34,0.143,0.28,0.162,-0.048,0.129,0.133,0.294,0.013,-0.052,-0.169,-0.095,0.0,-0.117,-0.08,0.344,0.57,0.188,0.485,-0.074
WTFC,-0.086,0.002,0.434,-0.508,-0.067,0.443,0.344,0.336,-0.613,-0.708,0.879,0.479,-0.065,0.383,-0.318,0.82,-0.34,-0.517,0.034,-0.245,0.91,-0.708,0.197,0.181,-0.262,0.18,-0.576,0.166,0.537,-0.136,0.194,0.637,0.681,-0.287,-0.425,0.779,-0.133,0.159,-0.213,0.837,0.03,0.82,0.555,0.634,-0.554,0.397,0.542,0.748,-0.59,-0.349,0.378,0.722,-0.032,0.781,0.903,-0.318,0.789,0.602,0.275,0.856,-0.064,-0.43,-0.438,0.518,0.089,0.814,-0.606,0.575,0.708,-0.095,0.721,-0.354,0.057,0.743,0.867,-0.365,0.188,-0.638,0.019,0.578,-0.628,-0.65,-0.419,0.028,0.489,0.444,0.265,0.876,-0.43,0.185,-0.052,0.883,0.63,0.152,0.773,0.173,0.312,0.488,0.209,-0.278,0.529,-0.307,0.823,-0.668,0.13,-0.158,-0.254,-0.633,0.09,0.104,0.596,0.504,0.75,-0.156,-0.588,0.641,0.289,0.249,-0.052,-0.067,0.304,-0.534,0.881,-0.579,-0.58,-0.074,0.897,0.831,0.149,0.194,0.346,0.789,0.722,-0.485,0.537,0.507,0.859,0.404,-0.177,0.25,-0.558,0.758,0.424,0.638,-0.264,-0.143,0.768,0.751,0.817,-0.443,0.06,-0.57,0.642,-0.14,-0.144,0.087,0.677,-0.067,0.421,-0.034,-0.535,0.809,0.725,-0.252,-0.277,0.439,-0.27,0.698,0.92,-0.099,0.214,0.854,-0.202,0.869,-0.0,0.124,0.369,0.344,0.471,0.111,-0.383,0.351,0.426,0.631,0.721,-0.21,-0.071,-0.591,0.851,-0.392,-0.275,-0.404,-0.117,0.0,-0.009,0.555,0.125,0.547,0.518,0.215
WTW,0.673,0.102,0.518,0.641,0.43,-0.622,0.627,0.18,0.491,0.365,-0.263,0.483,0.689,0.616,0.773,0.068,0.698,0.169,0.733,0.71,-0.151,0.197,0.581,0.587,-0.07,-0.196,0.508,-0.467,0.002,0.446,0.699,0.443,-0.096,-0.214,0.319,-0.059,0.813,0.677,0.148,-0.218,0.767,-0.167,0.198,0.036,0.543,-0.492,0.022,0.029,0.377,0.573,0.131,-0.266,0.369,-0.215,-0.154,0.574,0.161,0.363,0.369,-0.036,0.609,0.48,0.432,0.224,0.119,-0.336,0.579,-0.368,-0.365,-0.326,0.317,0.645,0.732,-0.087,0.146,0.577,-0.204,0.152,0.181,-0.114,0.5,0.405,0.418,-0.359,0.515,-0.249,0.231,0.028,0.645,-0.588,0.571,-0.244,-0.442,0.667,-0.182,0.699,-0.587,-0.521,0.623,0.406,-0.461,0.568,0.118,0.107,0.62,0.744,0.625,-0.215,0.717,0.644,0.494,0.349,0.173,0.64,0.493,0.024,-0.039,0.512,0.538,0.061,0.318,0.517,-0.244,0.48,0.483,0.044,0.039,0.224,-0.212,0.432,0.66,-0.155,-0.335,0.338,0.024,-0.035,-0.286,-0.579,0.352,0.519,0.459,0.358,-0.531,-0.271,0.631,0.705,-0.34,-0.404,-0.335,0.4,-0.295,0.501,0.19,0.519,0.646,0.124,-0.412,0.66,0.455,0.273,0.467,-0.341,0.3,0.715,0.461,-0.191,0.482,-0.301,-0.009,0.144,0.601,-0.187,0.626,-0.109,0.365,0.442,0.6,0.385,0.281,0.809,0.427,0.605,0.367,-0.117,0.041,0.645,0.719,0.362,-0.095,0.427,0.193,0.665,-0.08,-0.009,0.0,-0.499,-0.567,-0.642,0.262,0.71
XPEL,-0.438,0.203,-0.091,-0.76,-0.151,0.721,-0.064,0.038,-0.511,-0.486,0.772,0.073,-0.281,-0.103,-0.513,0.474,-0.523,-0.422,-0.425,-0.517,0.605,-0.459,-0.051,-0.107,-0.045,0.575,-0.681,0.314,0.528,0.089,-0.05,0.16,0.692,0.016,-0.629,0.454,-0.463,-0.227,-0.415,0.615,-0.475,0.704,0.513,0.422,-0.71,0.367,0.418,0.582,-0.353,-0.453,-0.001,0.506,-0.082,0.725,0.642,-0.361,0.421,0.11,0.204,0.487,-0.199,-0.292,-0.268,0.451,0.367,0.663,-0.816,0.581,0.563,0.258,0.308,-0.675,-0.441,0.743,0.418,-0.417,0.562,-0.358,0.189,0.399,-0.545,-0.655,-0.563,0.052,0.035,0.44,0.138,0.658,-0.709,0.355,-0.221,0.726,0.741,-0.126,0.721,-0.26,0.528,0.776,-0.087,-0.241,0.74,-0.375,0.348,-0.479,-0.389,-0.523,-0.385,-0.153,-0.253,-0.092,0.232,0.218,0.508,-0.236,-0.651,0.685,0.471,0.228,-0.031,-0.133,0.189,-0.405,0.72,-0.567,-0.564,0.055,0.499,0.333,-0.055,-0.16,-0.106,0.742,0.756,-0.336,0.371,0.5,0.766,0.512,-0.01,-0.149,-0.403,0.208,0.681,0.53,-0.552,-0.357,0.729,0.603,0.755,-0.195,0.078,-0.742,0.282,-0.079,-0.333,0.078,0.46,-0.185,0.199,0.018,-0.537,0.713,0.136,-0.518,-0.36,0.473,-0.464,0.769,0.518,0.179,0.069,0.647,-0.298,0.552,-0.242,0.117,0.036,0.258,0.227,-0.41,-0.244,-0.032,0.1,0.725,0.414,-0.357,-0.312,-0.417,0.562,-0.391,-0.213,-0.567,0.344,0.555,-0.499,0.0,0.639,0.727,0.468,-0.208
XRX,-0.666,0.517,-0.689,-0.739,-0.592,0.666,-0.631,-0.298,-0.387,-0.27,0.454,-0.581,-0.646,-0.524,-0.575,0.232,-0.481,-0.206,-0.793,-0.779,0.164,0.116,-0.552,-0.514,-0.215,0.668,-0.592,0.723,0.104,-0.053,-0.297,-0.458,0.506,-0.047,-0.698,-0.076,-0.585,-0.691,-0.49,0.216,-0.694,0.22,0.219,0.31,-0.354,0.336,-0.123,-0.053,-0.012,-0.596,-0.484,0.373,-0.365,0.553,0.237,-0.428,0.055,-0.399,-0.28,0.005,-0.508,-0.021,-0.275,0.096,0.109,0.402,-0.703,0.616,0.508,0.787,-0.283,-0.831,-0.831,0.441,-0.171,-0.499,0.585,-0.074,0.247,0.497,-0.466,-0.604,-0.513,0.447,-0.553,0.247,0.324,0.056,-0.593,0.659,-0.432,0.365,0.693,-0.397,0.473,-0.406,0.741,0.782,-0.525,-0.081,0.752,-0.393,-0.171,-0.195,-0.781,-0.721,-0.663,0.314,-0.584,-0.503,-0.236,-0.385,-0.133,-0.551,-0.278,0.464,0.668,-0.026,-0.232,-0.479,-0.048,-0.4,0.32,-0.543,-0.543,-0.284,0.071,-0.274,0.036,-0.672,-0.657,0.117,0.369,-0.225,0.353,0.392,0.5,0.723,-0.115,-0.782,-0.226,-0.249,0.835,0.251,-0.774,-0.195,0.596,0.484,0.276,0.068,0.188,-0.718,-0.381,-0.306,-0.536,-0.46,0.275,-0.303,-0.383,0.084,-0.538,0.553,-0.397,-0.727,-0.513,0.456,-0.723,0.657,0.035,0.338,-0.1,0.309,-0.394,-0.009,-0.516,-0.278,-0.344,-0.093,-0.036,-0.725,-0.314,-0.412,-0.001,0.238,-0.049,-0.449,-0.447,-0.119,0.227,-0.649,-0.442,-0.749,0.57,0.125,-0.567,0.639,0.0,0.746,0.04,-0.652
YMAB,-0.705,0.148,-0.269,-0.889,-0.574,0.88,-0.49,0.123,-0.836,-0.754,0.699,-0.357,-0.75,-0.264,-0.843,0.464,-0.84,-0.604,-0.759,-0.91,0.635,-0.446,-0.526,-0.433,-0.328,0.453,-0.849,0.739,0.116,-0.438,-0.445,-0.118,0.585,-0.064,-0.602,0.518,-0.725,-0.658,-0.367,0.723,-0.724,0.545,0.29,0.557,-0.744,0.538,0.284,0.241,-0.613,-0.832,0.083,0.773,-0.573,0.802,0.705,-0.794,0.352,-0.053,-0.362,0.566,-0.604,-0.56,-0.661,0.074,-0.18,0.815,-0.906,0.715,0.892,0.572,0.121,-0.859,-0.664,0.607,0.321,-0.833,0.47,-0.49,0.005,0.705,-0.865,-0.823,-0.585,0.617,-0.314,0.625,0.148,0.428,-0.726,0.693,-0.59,0.76,0.895,-0.463,0.638,-0.358,0.906,0.887,-0.492,-0.566,0.775,-0.767,0.398,-0.542,-0.535,-0.706,-0.84,-0.19,-0.624,-0.472,-0.12,-0.225,0.198,-0.735,-0.674,0.458,0.546,-0.181,-0.559,-0.323,0.104,-0.809,0.62,-0.865,-0.871,-0.236,0.561,0.191,0.385,-0.442,-0.47,0.517,0.727,-0.639,0.239,0.568,0.782,0.923,-0.521,-0.492,-0.699,0.051,0.895,0.667,-0.777,-0.514,0.86,0.897,0.695,-0.489,0.271,-0.876,0.015,-0.564,-0.605,-0.353,0.763,-0.599,-0.3,-0.34,-0.882,0.815,0.098,-0.803,-0.783,0.547,-0.807,0.838,0.468,-0.011,-0.284,0.741,-0.741,0.533,-0.524,-0.288,-0.353,-0.141,0.145,-0.7,-0.707,-0.335,-0.033,0.425,0.35,-0.752,-0.579,-0.623,0.673,-0.781,-0.606,-0.869,0.188,0.547,-0.642,0.727,0.746,0.0,0.113,-0.606
ZG,0.265,0.476,0.397,-0.223,0.423,0.208,0.599,0.471,0.016,-0.228,0.479,0.561,0.448,0.585,0.26,0.541,0.094,-0.075,0.301,0.15,0.44,-0.254,0.63,0.618,-0.25,0.163,-0.286,-0.097,0.695,0.638,0.63,0.564,0.732,-0.141,-0.401,0.447,0.425,0.468,-0.449,0.423,0.207,0.534,0.897,0.602,-0.301,-0.31,0.72,0.775,0.032,0.107,0.029,0.418,0.137,0.51,0.544,0.292,0.66,0.373,0.62,0.441,0.58,0.222,0.27,0.726,0.452,0.445,-0.305,0.241,0.143,-0.019,0.595,0.05,0.233,0.72,0.562,0.069,0.595,-0.094,0.462,0.139,-0.002,-0.336,-0.364,-0.356,0.464,0.241,0.502,0.739,-0.081,-0.206,0.196,0.53,0.288,0.439,0.587,0.568,0.024,0.332,0.602,0.14,0.311,0.247,0.474,-0.478,0.362,0.33,0.348,-0.222,0.47,0.677,0.808,0.515,0.768,0.334,-0.298,0.795,0.387,0.572,0.643,-0.212,0.472,0.186,0.404,-0.229,-0.22,-0.138,0.445,0.521,-0.198,0.271,0.58,0.661,0.545,0.25,0.302,0.612,0.413,-0.013,0.378,0.443,-0.016,0.617,0.235,0.301,0.192,0.42,0.304,0.179,0.465,0.157,-0.451,-0.396,0.51,0.487,0.318,0.256,0.089,0.475,0.682,0.391,-0.082,0.379,0.408,0.276,0.045,0.233,0.008,0.44,0.505,0.603,0.725,0.538,0.184,0.448,0.11,0.596,0.738,0.864,0.684,0.311,0.213,0.726,0.617,0.597,0.538,0.281,0.292,-0.078,0.474,0.062,-0.138,0.134,0.485,0.518,0.262,0.468,0.04,0.113,0.0,0.556
ZLAB,0.74,-0.023,0.7,0.495,0.753,-0.586,0.927,0.278,0.449,0.187,-0.007,0.838,0.824,0.647,0.731,0.29,0.634,0.269,0.909,0.802,0.063,-0.118,0.903,0.74,0.021,-0.285,0.349,-0.747,0.517,0.583,0.824,0.76,0.126,-0.169,0.195,0.114,0.776,0.935,-0.03,-0.019,0.807,0.183,0.411,0.055,0.254,-0.411,0.311,0.503,0.26,0.635,0.131,-0.165,0.621,-0.109,0.064,0.706,0.343,0.472,0.719,0.115,0.822,0.387,0.439,0.525,0.424,-0.176,0.374,-0.321,-0.419,-0.648,0.517,0.642,0.787,0.117,0.371,0.617,-0.096,-0.041,0.226,-0.251,0.48,0.264,0.162,-0.761,0.783,-0.284,0.138,0.368,0.37,-0.749,0.547,-0.054,-0.344,0.727,0.008,0.652,-0.705,-0.449,0.81,0.425,-0.357,0.682,0.244,-0.052,0.759,0.71,0.794,-0.281,0.866,0.769,0.814,0.688,0.584,0.722,0.156,0.208,-0.197,0.591,0.747,0.176,0.262,0.529,0.062,0.392,0.404,0.094,0.164,0.484,-0.424,0.58,0.91,0.205,-0.1,0.397,0.177,0.001,-0.127,-0.7,0.5,0.822,0.315,0.617,-0.565,-0.202,0.672,0.61,-0.264,-0.383,-0.023,0.261,-0.451,0.353,0.542,0.587,0.568,0.52,-0.386,0.719,0.827,0.447,0.488,-0.162,0.555,0.705,0.62,-0.065,0.628,-0.209,0.254,0.163,0.698,-0.028,0.695,0.133,0.489,0.543,0.89,0.677,0.35,0.909,0.484,0.835,0.58,0.175,0.198,0.75,0.597,0.22,0.004,0.518,0.369,0.637,-0.074,0.215,0.71,-0.208,-0.652,-0.606,0.556,0.0
