,ABEO,ACHC,AGNCN,AKAM,AKRO,ALRM,AMAT,AMED,AMRN,ANGI,APA,APOG,APPS,ARCB,ARCC,ARVN,ATEC,ATXS,AVAV,AXON,BANF,BATRK,BIDU,BLNE,BLNK,BTAI,BYND,CAN,CCEC,CDW,CDXS,CELH,CGNX,CHKP,CHRS,CHRW,CIGI,CKPT,CMPR,COGT,CRNC,CRSP,CSTL,CTSH,CVGW,DGLY,DNLI,DOCU,DVAX,EBAY,EHTH,ERII,ESLT,EXPE,EXPO,FBIOP,FFBC,FFIN,FOXF,FWRD,GDS,GERN,GPRE,GRWG,GRYP,HEES,HELE,HIVE,HON,HRTX,HSTM,HURA,IART,IBKR,IBOC,IBRX,IDXX,INGN,INM,INVA,IQ,IRBT,KDP,KPTI,KTOS,KXIN,LAMR,LFUS,LGIH,LGMK,LKFN,LNW,LOPE,LPSN,LYFT,MGNX,MLCO,MNST,MODV,MSTR,MTCH,MYGN,MYRG,NCMI,NEXT,NFLX,NIU,NKTR,NRC,NTNX,NTRA,NVEE,NVMI,NWL,NWS,NXPI,OCGN,OCSL,OKTA,OLLI,OTLK,OXLC,PAA,PARA,PARAA,PDCO,PDFS,PFG,PGEN,PNFP,PODD,POWI,PSMT,PTC,PTEN,PVLA,RDNT,RDUS,RDWR,REGN,RNAC,ROCK,ROST,RRR,RSLS,RVMD,RYAAY,SAFT,SAGE,SAVA,SBGI,SFM,SFNC,SHYF,SIBN,SIFY,SIGI,SIMO,SITM,SLM,SNBR,SNDX,SNY,SPNS,SRRK,STRA,SUPN,SYRE,TCBK,TEAM,TECH,THRM,TLRY,TRMK,TROW,TSLA,TWST,TXN,UFPI,UNIT,UPWK,USLM,UTHR,VERB,VLY,VRNA,VRRM,VXRT,WAFD,WATT,WBA,WING,WIX,WTFC,WTW,XPEL,XRX,YMAB,ZG,ZLAB
ABEO,0.0,0.317,0.481,0.563,0.366,-0.079,0.347,0.146,0.515,0.525,0.281,0.568,0.346,0.407,0.679,0.72,0.413,0.248,0.734,0.312,0.027,0.604,-0.44,0.019,0.513,0.489,0.737,-0.143,-0.464,0.445,0.347,0.57,0.322,0.559,0.388,0.338,0.124,0.128,-0.052,-0.022,0.576,0.261,0.522,0.394,0.408,-0.578,0.229,0.339,0.241,0.304,-0.095,0.56,-0.024,0.238,0.312,0.075,0.551,-0.401,0.35,0.412,-0.419,0.147,0.04,0.148,0.232,0.331,0.331,0.143,0.405,0.188,0.496,-0.128,0.604,0.376,0.242,0.584,0.425,0.824,-0.404,0.179,0.114,0.121,0.246,0.233,0.674,-0.439,0.695,0.492,0.746,-0.27,0.56,0.595,0.369,0.422,0.43,0.209,-0.134,0.257,0.581,0.225,0.372,0.175,-0.044,0.029,0.273,0.512,-0.466,0.521,0.032,0.646,0.373,0.599,0.104,-0.065,0.371,0.266,0.581,0.436,0.366,0.546,0.127,0.377,0.193,0.052,0.041,0.108,0.372,0.361,-0.087,0.081,0.172,0.286,0.21,0.241,0.387,0.44,0.144,-0.083,0.22,0.554,0.526,0.711,0.692,0.473,0.049,0.597,0.324,0.482,0.394,0.476,-0.191,0.312,-0.207,0.344,0.158,-0.263,0.69,-0.21,0.517,0.529,-0.182,0.221,0.481,0.556,0.724,0.109,0.476,0.294,0.518,0.206,0.244,0.124,0.505,0.375,0.366,0.326,0.558,0.258,0.201,0.665,0.583,0.42,0.069,-0.372,0.267,0.59,0.298,0.25,0.511,0.663,0.339,0.608,0.668,0.098,0.299,0.728,-0.198,-0.415,0.272,-0.161
ACHC,0.317,0.0,0.182,0.55,-0.029,0.06,0.185,0.222,0.145,0.44,-0.102,0.45,0.5,0.613,0.197,0.286,0.225,-0.283,0.353,0.27,0.123,0.198,0.219,-0.119,0.417,0.277,0.326,-0.03,-0.305,0.279,0.263,0.54,0.457,0.189,0.09,0.588,0.568,-0.051,0.111,0.285,0.304,0.464,0.059,0.412,0.206,-0.015,0.318,0.393,0.238,0.36,0.397,0.218,0.325,0.561,0.189,-0.121,0.17,0.25,0.428,0.345,0.185,0.465,0.155,0.389,-0.101,0.056,0.64,0.049,0.125,0.065,0.331,-0.013,0.336,-0.172,0.224,0.223,0.271,0.552,0.077,0.409,0.145,-0.077,0.519,0.518,0.154,-0.071,0.503,0.503,0.593,0.068,0.269,0.225,0.099,0.282,-0.098,0.077,0.005,0.213,0.553,-0.196,0.426,0.684,-0.001,0.534,-0.256,0.129,0.093,0.345,0.478,0.095,-0.115,0.231,0.135,0.278,0.189,0.245,0.395,0.079,0.324,0.468,0.271,0.099,-0.143,0.252,0.268,0.327,0.23,0.174,0.196,0.567,0.035,0.388,-0.007,0.135,0.032,0.261,0.068,0.198,0.467,0.208,-0.109,0.252,0.283,0.397,-0.134,0.333,0.259,0.292,0.235,0.267,0.268,0.429,0.352,0.298,-0.135,0.075,0.201,-0.025,0.393,0.398,0.327,0.248,0.129,0.557,-0.004,0.093,0.228,0.046,0.16,0.174,0.392,0.117,0.183,0.157,0.463,0.06,0.393,0.156,0.612,0.594,0.313,0.062,-0.104,-0.009,0.427,0.016,0.198,0.317,0.4,0.062,0.143,0.302,0.39,0.401,0.173,0.175,0.034,0.036,0.266,0.058
AGNCN,0.481,0.182,0.0,0.505,-0.3,-0.738,0.85,-0.631,0.838,0.136,0.835,0.872,0.075,0.336,0.882,0.462,-0.158,-0.425,0.783,0.821,0.446,0.62,-0.413,-0.46,-0.124,0.709,0.454,-0.576,0.145,0.901,0.847,0.334,0.739,0.949,-0.423,-0.039,-0.273,-0.581,0.348,-0.716,0.666,0.151,0.035,-0.433,0.954,-0.637,0.139,-0.254,0.838,0.746,0.44,-0.316,-0.713,-0.136,0.896,0.762,0.923,-0.682,0.817,0.896,-0.624,-0.415,0.709,0.584,-0.465,0.934,0.092,-0.599,0.972,-0.606,0.93,-0.492,0.95,0.521,0.846,0.208,0.838,0.383,-0.91,-0.441,0.499,-0.587,-0.216,0.713,0.673,-0.854,0.552,0.709,0.668,-0.897,0.58,0.914,0.927,0.888,-0.236,0.845,0.42,0.879,-0.133,-0.187,0.431,-0.15,0.325,0.257,0.575,0.085,-0.108,0.754,-0.538,0.506,-0.169,0.826,0.795,-0.667,0.268,0.816,0.093,0.89,-0.448,0.052,-0.531,0.953,0.876,-0.662,-0.651,0.532,0.606,0.931,-0.319,0.326,0.879,0.664,0.878,0.877,0.957,0.121,-0.633,-0.167,-0.389,0.633,0.134,0.869,0.893,0.786,-0.63,0.803,0.89,0.876,-0.332,0.483,-0.542,0.797,-0.051,0.876,-0.496,-0.828,0.448,0.42,0.845,0.875,-0.533,-0.15,0.94,-0.128,0.64,0.853,0.603,0.889,0.921,-0.66,0.7,0.792,0.873,0.944,0.584,-0.382,0.6,0.752,0.363,0.064,0.36,0.95,0.827,-0.926,0.79,0.905,-0.572,-0.464,0.597,0.48,0.873,0.948,0.122,0.346,0.884,0.59,-0.201,-0.906,0.786,0.431
AKAM,0.563,0.55,0.505,0.0,0.204,-0.205,0.709,0.063,0.482,0.693,0.334,0.781,0.706,0.728,0.469,0.395,0.425,-0.395,0.754,0.729,0.486,0.483,-0.202,-0.441,0.288,0.797,0.408,-0.506,-0.111,0.718,0.594,0.553,0.724,0.538,-0.086,0.516,0.518,-0.343,0.291,-0.07,0.716,0.419,0.006,0.277,0.435,-0.435,0.234,0.472,0.533,0.745,0.48,0.136,-0.194,0.573,0.558,0.155,0.51,-0.327,0.707,0.666,-0.101,0.277,0.477,0.674,-0.311,0.426,0.387,-0.287,0.526,-0.278,0.63,-0.475,0.625,0.012,0.557,0.48,0.692,0.567,-0.351,0.397,0.299,-0.387,0.243,0.655,0.463,-0.622,0.813,0.862,0.806,-0.391,0.111,0.641,0.486,0.681,-0.107,0.548,0.241,0.425,0.43,-0.402,0.619,0.592,0.314,0.338,-0.178,0.511,-0.062,0.655,0.199,0.599,-0.333,0.686,0.538,0.001,0.691,0.648,0.574,0.299,0.207,0.525,-0.105,0.457,0.221,0.058,0.086,0.633,0.766,0.552,0.167,0.297,0.325,0.757,0.419,0.539,0.415,0.018,-0.263,0.415,0.332,0.375,0.024,0.654,0.629,0.737,-0.426,0.635,0.643,0.484,-0.053,0.54,0.187,0.734,0.322,0.643,-0.409,-0.41,0.379,0.035,0.79,0.735,0.226,0.074,0.457,0.569,0.307,0.399,0.444,0.433,0.366,-0.096,0.628,0.475,0.553,0.47,0.843,-0.261,0.596,0.699,0.667,0.609,0.529,0.462,0.194,-0.345,0.626,0.353,0.051,0.114,0.399,0.18,0.63,0.606,0.665,0.188,0.607,0.318,0.095,-0.268,0.646,0.238
AKRO,0.366,-0.029,-0.3,0.204,0.0,0.554,-0.206,0.69,-0.268,0.448,-0.26,-0.128,0.392,0.171,-0.024,0.417,0.685,0.617,0.139,-0.27,-0.278,0.113,-0.241,0.16,0.599,0.086,0.373,0.316,-0.385,-0.194,-0.25,0.293,-0.229,-0.275,0.711,0.333,0.372,0.556,-0.279,0.48,0.126,0.221,0.434,0.655,-0.393,-0.208,0.08,0.689,-0.343,-0.201,-0.511,0.667,0.319,0.449,-0.377,-0.396,-0.22,-0.09,-0.28,-0.259,0.092,0.493,-0.486,-0.319,0.551,-0.408,0.128,0.595,-0.335,0.592,-0.322,0.132,-0.182,-0.087,-0.443,0.621,-0.184,0.391,0.233,0.617,-0.213,0.472,0.275,-0.337,0.06,0.196,0.324,-0.047,0.22,0.329,-0.079,-0.051,-0.375,-0.283,0.679,-0.357,-0.44,-0.436,0.531,0.336,0.083,0.254,-0.127,-0.309,-0.254,0.711,-0.395,0.003,0.317,0.343,0.367,0.085,-0.438,0.523,0.377,-0.299,0.585,-0.275,0.743,0.59,0.481,-0.406,-0.449,0.618,0.607,-0.171,0.058,-0.377,0.333,-0.355,-0.505,-0.226,-0.422,-0.383,-0.379,0.158,0.606,0.24,0.416,0.001,0.545,0.058,0.018,-0.138,0.552,0.014,-0.338,-0.311,0.606,0.161,0.389,-0.305,-0.171,-0.323,0.513,0.356,0.302,-0.53,-0.169,-0.192,0.35,0.157,-0.284,0.565,0.208,-0.567,0.145,-0.433,-0.322,0.669,-0.277,-0.461,-0.177,-0.415,0.012,0.555,0.139,-0.212,-0.199,0.526,0.347,-0.319,-0.541,0.405,-0.364,-0.203,0.729,0.609,-0.161,0.262,-0.242,-0.142,0.674,-0.379,-0.318,0.195,-0.058,0.377,-0.273,-0.473
ALRM,-0.079,0.06,-0.738,-0.205,0.554,0.0,-0.66,0.755,-0.721,0.029,-0.573,-0.575,0.188,-0.074,-0.45,-0.005,0.578,0.542,-0.356,-0.756,-0.504,-0.196,0.178,0.466,0.51,-0.398,0.019,0.791,-0.355,-0.685,-0.634,0.062,-0.47,-0.722,0.737,0.397,0.536,0.709,-0.546,0.839,-0.25,0.044,0.115,0.723,-0.765,0.279,-0.121,0.595,-0.665,-0.572,-0.586,0.621,0.736,0.439,-0.804,-0.721,-0.68,0.406,-0.617,-0.682,0.505,0.734,-0.735,-0.625,0.619,-0.87,0.136,0.863,-0.8,0.826,-0.745,0.51,-0.63,-0.305,-0.807,0.282,-0.683,0.145,0.689,0.597,-0.428,0.72,0.449,-0.566,-0.312,0.688,-0.096,-0.412,-0.159,0.841,-0.193,-0.586,-0.872,-0.728,0.58,-0.763,-0.642,-0.76,0.542,0.472,-0.277,0.402,-0.48,-0.247,-0.334,0.408,-0.145,-0.405,0.692,-0.297,0.464,-0.427,-0.762,0.922,0.088,-0.69,0.397,-0.628,0.792,0.494,0.873,-0.846,-0.816,0.822,0.818,-0.375,-0.383,-0.827,0.272,-0.324,-0.849,-0.554,-0.846,-0.809,-0.78,0.09,0.864,0.243,0.63,-0.44,0.31,-0.476,-0.47,-0.644,0.83,-0.472,-0.748,-0.669,0.643,-0.274,0.491,-0.721,-0.139,-0.729,0.672,0.781,-0.073,-0.603,-0.543,-0.634,0.493,0.132,-0.76,0.544,-0.346,-0.871,-0.181,-0.889,-0.708,0.829,-0.604,-0.831,-0.662,-0.834,-0.336,0.659,-0.21,-0.662,-0.285,0.378,-0.082,-0.784,-0.88,0.869,-0.7,-0.707,0.823,0.774,-0.317,-0.054,-0.668,-0.574,0.304,-0.394,-0.808,-0.281,0.07,0.825,-0.628,-0.569
AMAT,0.347,0.185,0.85,0.709,-0.206,-0.66,0.0,-0.511,0.791,0.32,0.804,0.896,0.355,0.559,0.663,0.256,0.052,-0.633,0.728,0.944,0.634,0.498,-0.234,-0.648,-0.164,0.876,0.26,-0.702,0.384,0.954,0.895,0.319,0.888,0.796,-0.534,0.119,0.044,-0.76,0.56,-0.665,0.782,0.246,-0.212,-0.351,0.824,-0.494,0.134,-0.017,0.903,0.93,0.664,-0.403,-0.732,0.135,0.916,0.71,0.786,-0.61,0.915,0.937,-0.315,-0.256,0.867,0.806,-0.666,0.852,0.126,-0.716,0.896,-0.709,0.871,-0.716,0.836,0.223,0.891,0.226,0.943,0.29,-0.772,-0.17,0.621,-0.781,-0.212,0.821,0.533,-0.859,0.606,0.873,0.647,-0.844,0.212,0.879,0.853,0.939,-0.409,0.951,0.597,0.845,-0.173,-0.502,0.603,0.096,0.579,0.377,0.217,0.172,0.112,0.822,-0.353,0.573,-0.511,0.809,0.944,-0.498,0.56,0.967,0.214,0.7,-0.387,0.118,-0.562,0.861,0.766,-0.468,-0.442,0.824,0.859,0.906,-0.038,0.373,0.827,0.913,0.897,0.937,0.846,-0.182,-0.715,0.274,-0.215,0.514,-0.051,0.773,0.768,0.864,-0.771,0.72,0.964,0.73,-0.493,0.522,-0.163,0.868,0.228,0.949,-0.707,-0.787,0.248,0.47,0.94,0.904,-0.165,-0.232,0.78,-0.002,0.372,0.871,0.561,0.833,0.668,-0.697,0.86,0.899,0.837,0.848,0.841,-0.638,0.608,0.965,0.592,0.137,0.369,0.835,0.749,-0.752,0.87,0.669,-0.56,-0.407,0.426,0.125,0.975,0.822,0.199,0.308,0.938,0.28,0.013,-0.681,0.94,0.619
AMED,0.146,0.222,-0.631,0.063,0.69,0.755,-0.511,0.0,-0.484,0.351,-0.624,-0.341,0.385,0.167,-0.384,0.121,0.643,0.483,-0.144,-0.533,-0.375,-0.17,0.153,0.365,0.63,-0.205,0.171,0.479,-0.478,-0.493,-0.521,0.225,-0.327,-0.561,0.736,0.512,0.591,0.664,-0.312,0.833,-0.085,0.203,0.298,0.828,-0.643,0.239,0.067,0.717,-0.571,-0.389,-0.427,0.714,0.779,0.543,-0.631,-0.74,-0.506,0.418,-0.429,-0.504,0.436,0.71,-0.616,-0.391,0.603,-0.707,0.306,0.746,-0.662,0.761,-0.539,0.349,-0.463,-0.357,-0.637,0.379,-0.463,0.306,0.647,0.793,-0.312,0.631,0.649,-0.413,-0.182,0.528,0.089,-0.186,0.043,0.716,-0.212,-0.408,-0.647,-0.536,0.567,-0.623,-0.474,-0.631,0.675,0.306,-0.064,0.519,-0.228,-0.136,-0.502,0.447,-0.148,-0.241,0.729,-0.033,0.361,-0.295,-0.648,0.769,0.179,-0.527,0.536,-0.572,0.853,0.574,0.702,-0.693,-0.799,0.863,0.845,-0.313,-0.192,-0.635,0.399,-0.153,-0.76,-0.343,-0.727,-0.656,-0.722,0.277,0.782,0.288,0.719,-0.219,0.243,-0.295,-0.327,-0.312,0.672,-0.287,-0.573,-0.466,0.645,-0.025,0.582,-0.477,0.054,-0.556,0.585,0.681,0.086,-0.574,-0.373,-0.376,0.675,0.234,-0.596,0.686,-0.112,-0.755,-0.107,-0.689,-0.587,0.844,-0.44,-0.685,-0.453,-0.677,-0.144,0.608,-0.084,-0.478,-0.077,0.576,0.173,-0.666,-0.834,0.721,-0.471,-0.528,0.845,0.797,-0.175,-0.045,-0.54,-0.451,0.485,-0.22,-0.593,-0.084,0.065,0.7,-0.485,-0.512
AMRN,0.515,0.145,0.838,0.482,-0.268,-0.721,0.791,-0.484,0.0,0.259,0.638,0.815,0.199,0.48,0.674,0.41,-0.063,-0.386,0.705,0.755,0.46,0.445,-0.221,-0.39,-0.098,0.693,0.405,-0.633,0.128,0.82,0.762,0.356,0.69,0.868,-0.315,0.05,-0.228,-0.587,0.524,-0.633,0.655,0.237,0.12,-0.298,0.87,-0.353,0.343,-0.126,0.765,0.733,0.5,-0.226,-0.59,-0.085,0.857,0.698,0.843,-0.463,0.789,0.863,-0.447,-0.373,0.714,0.623,-0.44,0.867,0.279,-0.61,0.847,-0.477,0.856,-0.561,0.843,0.282,0.777,0.226,0.862,0.4,-0.704,-0.239,0.546,-0.53,-0.154,0.676,0.692,-0.759,0.496,0.7,0.601,-0.759,0.368,0.836,0.887,0.838,-0.262,0.797,0.563,0.79,-0.122,-0.302,0.578,-0.11,0.44,0.397,0.4,-0.033,0.029,0.772,-0.444,0.628,-0.218,0.726,0.74,-0.662,0.323,0.817,0.123,0.718,-0.379,0.085,-0.538,0.881,0.745,-0.489,-0.487,0.556,0.645,0.885,-0.101,0.493,0.774,0.73,0.829,0.796,0.84,0.136,-0.546,-0.041,-0.264,0.657,0.021,0.775,0.719,0.853,-0.64,0.731,0.824,0.827,-0.24,0.535,-0.325,0.727,0.166,0.842,-0.431,-0.699,0.336,0.472,0.822,0.87,-0.375,-0.083,0.807,-0.058,0.609,0.776,0.604,0.863,0.795,-0.566,0.729,0.791,0.823,0.865,0.609,-0.4,0.583,0.771,0.499,0.18,0.484,0.801,0.698,-0.797,0.794,0.842,-0.491,-0.356,0.535,0.281,0.824,0.779,0.1,0.352,0.868,0.502,0.003,-0.817,0.731,0.504
ANGI,0.525,0.44,0.136,0.693,0.448,0.029,0.32,0.351,0.259,0.0,-0.111,0.426,0.82,0.684,0.146,0.486,0.459,0.039,0.482,0.39,0.077,0.023,0.11,-0.264,0.629,0.604,0.519,-0.271,-0.237,0.36,0.305,0.544,0.337,0.174,0.22,0.465,0.532,0.068,0.32,0.183,0.52,0.701,0.385,0.487,0.037,-0.111,0.502,0.679,0.08,0.476,0.231,0.356,0.133,0.674,0.194,-0.139,0.105,0.1,0.344,0.329,0.235,0.343,0.191,0.499,0.036,0.075,0.63,-0.006,0.096,0.076,0.22,-0.291,0.323,-0.321,0.072,0.592,0.454,0.528,0.081,0.561,0.299,-0.163,0.095,0.308,0.178,-0.179,0.695,0.495,0.565,-0.012,-0.178,0.343,0.169,0.389,0.113,0.127,0.211,0.006,0.514,-0.372,0.696,0.531,0.288,0.364,-0.404,0.466,0.051,0.434,0.241,0.644,-0.195,0.282,0.128,0.161,0.534,0.289,0.631,-0.091,0.457,0.524,0.098,0.073,-0.141,0.393,0.406,0.285,0.599,0.199,0.546,0.299,-0.1,0.448,0.039,0.14,0.051,0.112,0.027,0.498,0.334,0.04,-0.043,0.361,0.262,0.452,-0.112,0.495,0.258,0.082,0.306,0.466,0.472,0.453,0.29,0.314,-0.081,0.015,0.144,0.085,0.434,0.4,0.396,-0.055,0.027,0.634,0.238,-0.019,0.278,0.129,0.022,0.259,0.433,0.17,0.323,0.08,0.657,0.056,0.608,0.338,0.62,0.714,0.746,0.062,-0.149,0.037,0.33,0.09,0.323,0.459,0.068,0.099,0.261,0.209,0.715,-0.122,0.248,0.306,0.233,0.003,0.324,0.184
APA,0.281,-0.102,0.835,0.334,-0.26,-0.573,0.804,-0.624,0.638,-0.111,0.0,0.694,-0.066,0.173,0.79,0.229,-0.039,-0.389,0.601,0.669,0.421,0.631,-0.437,-0.431,-0.266,0.584,0.238,-0.408,0.45,0.771,0.748,0.174,0.688,0.751,-0.449,-0.105,-0.258,-0.599,0.291,-0.724,0.629,-0.11,-0.198,-0.514,0.815,-0.621,-0.177,-0.294,0.813,0.617,0.313,-0.424,-0.76,-0.175,0.776,0.754,0.803,-0.797,0.682,0.744,-0.55,-0.443,0.675,0.397,-0.446,0.814,-0.188,-0.515,0.861,-0.605,0.749,-0.503,0.747,0.566,0.767,0.102,0.688,0.184,-0.911,-0.487,0.485,-0.528,-0.277,0.562,0.58,-0.744,0.401,0.59,0.471,-0.851,0.501,0.798,0.747,0.707,-0.163,0.823,0.338,0.838,-0.305,-0.043,0.216,-0.262,0.352,0.022,0.641,0.124,-0.091,0.65,-0.488,0.346,-0.128,0.727,0.781,-0.533,0.335,0.734,0.075,0.877,-0.477,-0.014,-0.478,0.822,0.888,-0.638,-0.625,0.574,0.535,0.782,-0.354,0.114,0.854,0.569,0.839,0.832,0.875,-0.057,-0.563,-0.058,-0.399,0.553,0.259,0.735,0.78,0.578,-0.504,0.578,0.791,0.692,-0.47,0.286,-0.509,0.547,-0.146,0.751,-0.45,-0.774,0.385,0.324,0.718,0.694,-0.492,-0.203,0.811,-0.238,0.457,0.797,0.549,0.727,0.741,-0.715,0.559,0.7,0.762,0.802,0.45,-0.403,0.413,0.704,0.132,-0.111,0.094,0.842,0.788,-0.782,0.621,0.732,-0.609,-0.511,0.497,0.345,0.832,0.809,-0.007,0.327,0.74,0.365,-0.231,-0.746,0.762,0.376
APOG,0.568,0.45,0.872,0.781,-0.128,-0.575,0.896,-0.341,0.815,0.426,0.694,0.0,0.459,0.673,0.781,0.483,0.125,-0.499,0.886,0.876,0.528,0.591,-0.236,-0.51,0.108,0.863,0.523,-0.593,0.076,0.953,0.89,0.574,0.894,0.855,-0.295,0.283,0.115,-0.558,0.495,-0.468,0.82,0.372,0.057,-0.141,0.862,-0.542,0.318,0.098,0.854,0.881,0.566,-0.179,-0.491,0.265,0.889,0.576,0.867,-0.509,0.924,0.949,-0.367,-0.125,0.75,0.724,-0.455,0.831,0.38,-0.514,0.876,-0.518,0.919,-0.564,0.931,0.262,0.842,0.379,0.911,0.564,-0.718,-0.031,0.587,-0.582,0.019,0.827,0.676,-0.788,0.782,0.908,0.856,-0.737,0.443,0.917,0.847,0.903,-0.211,0.825,0.483,0.835,0.115,-0.324,0.65,0.22,0.467,0.426,0.263,0.212,0.015,0.876,-0.196,0.638,-0.288,0.837,0.801,-0.412,0.531,0.868,0.368,0.749,-0.192,0.315,-0.404,0.84,0.67,-0.364,-0.35,0.702,0.787,0.897,-0.001,0.536,0.758,0.84,0.781,0.853,0.802,0.123,-0.509,0.156,-0.077,0.621,0.073,0.896,0.88,0.927,-0.622,0.86,0.909,0.845,-0.202,0.602,-0.19,0.87,0.27,0.929,-0.49,-0.671,0.455,0.365,0.95,0.971,-0.178,-0.046,0.816,0.209,0.554,0.77,0.64,0.795,0.778,-0.482,0.825,0.776,0.865,0.868,0.826,-0.356,0.725,0.841,0.653,0.395,0.544,0.831,0.635,-0.735,0.905,0.733,-0.373,-0.196,0.654,0.339,0.886,0.896,0.382,0.427,0.888,0.508,-0.079,-0.701,0.875,0.461
APPS,0.346,0.5,0.075,0.706,0.392,0.188,0.355,0.385,0.199,0.82,-0.066,0.459,0.0,0.824,0.078,0.442,0.601,-0.088,0.493,0.354,0.119,-0.016,0.306,-0.284,0.645,0.674,0.493,-0.158,-0.09,0.371,0.388,0.701,0.476,0.091,0.219,0.63,0.708,0.014,0.429,0.29,0.581,0.8,0.276,0.481,0.028,0.026,0.587,0.819,0.199,0.569,0.272,0.221,0.142,0.862,0.206,-0.158,0.06,0.175,0.432,0.372,0.431,0.495,0.303,0.493,-0.007,0.039,0.758,0.03,0.059,0.087,0.166,-0.281,0.288,-0.484,0.079,0.692,0.459,0.528,0.161,0.689,0.46,-0.189,0.145,0.378,0.14,-0.081,0.738,0.56,0.593,0.066,-0.255,0.337,0.099,0.328,0.104,0.17,0.33,0.05,0.494,-0.364,0.724,0.689,0.38,0.454,-0.438,0.465,0.287,0.543,0.37,0.603,-0.278,0.257,0.204,0.332,0.766,0.324,0.709,-0.123,0.477,0.615,0.172,0.008,-0.174,0.502,0.517,0.464,0.702,0.189,0.731,0.457,-0.083,0.513,0.023,0.173,0.001,0.026,0.087,0.722,0.395,-0.049,-0.05,0.347,0.214,0.459,-0.082,0.506,0.284,0.043,0.332,0.538,0.604,0.405,0.498,0.357,-0.044,0.087,0.039,0.177,0.472,0.4,0.513,-0.093,-0.045,0.663,0.092,-0.005,0.327,0.061,-0.058,0.22,0.507,0.183,0.31,0.049,0.757,0.013,0.699,0.389,0.742,0.751,0.757,0.006,-0.173,0.162,0.399,-0.074,0.297,0.548,0.04,-0.015,0.316,0.173,0.703,-0.123,0.255,0.09,0.325,0.122,0.435,0.332
ARCB,0.407,0.613,0.336,0.728,0.171,-0.074,0.559,0.167,0.48,0.684,0.173,0.673,0.824,0.0,0.266,0.416,0.483,-0.323,0.582,0.533,0.277,0.121,0.26,-0.361,0.446,0.732,0.464,-0.267,-0.004,0.56,0.545,0.638,0.729,0.351,0.043,0.702,0.582,-0.273,0.508,0.042,0.673,0.673,0.104,0.352,0.361,-0.023,0.488,0.631,0.506,0.719,0.482,0.097,-0.025,0.687,0.469,0.133,0.357,0.059,0.718,0.653,0.273,0.336,0.51,0.645,-0.241,0.308,0.762,-0.192,0.331,-0.074,0.439,-0.407,0.515,-0.374,0.375,0.534,0.663,0.632,-0.088,0.499,0.566,-0.361,0.235,0.61,0.343,-0.287,0.689,0.789,0.729,-0.174,-0.011,0.551,0.346,0.532,-0.086,0.433,0.43,0.389,0.364,-0.427,0.767,0.629,0.383,0.666,-0.279,0.319,0.307,0.745,0.3,0.561,-0.348,0.476,0.444,0.127,0.687,0.6,0.597,0.169,0.256,0.577,0.054,0.304,0.082,0.289,0.303,0.667,0.76,0.451,0.521,0.676,0.216,0.736,0.314,0.417,0.262,0.112,-0.094,0.623,0.385,0.316,-0.114,0.473,0.394,0.714,-0.315,0.574,0.543,0.399,0.145,0.628,0.459,0.592,0.591,0.604,-0.264,-0.148,0.187,0.27,0.684,0.641,0.384,-0.176,0.222,0.58,0.174,0.285,0.542,0.296,0.206,-0.039,0.695,0.448,0.533,0.343,0.825,-0.154,0.717,0.589,0.83,0.722,0.638,0.218,0.051,-0.109,0.66,0.173,0.078,0.335,0.276,-0.046,0.557,0.414,0.466,0.182,0.492,0.219,0.262,-0.122,0.611,0.428
ARCC,0.679,0.197,0.882,0.469,-0.024,-0.45,0.663,-0.384,0.674,0.146,0.79,0.781,0.078,0.266,0.0,0.624,0.093,-0.099,0.83,0.585,0.213,0.784,-0.553,-0.245,0.145,0.599,0.644,-0.275,-0.076,0.742,0.7,0.49,0.607,0.849,-0.088,0.062,-0.191,-0.266,0.077,-0.49,0.671,0.107,0.222,-0.175,0.83,-0.777,0.07,-0.081,0.673,0.522,0.097,-0.013,-0.509,-0.042,0.684,0.567,0.866,-0.742,0.632,0.714,-0.673,-0.237,0.407,0.273,-0.117,0.744,0.09,-0.205,0.822,-0.295,0.803,-0.289,0.877,0.659,0.619,0.392,0.646,0.603,-0.857,-0.315,0.366,-0.228,-0.024,0.518,0.749,-0.715,0.645,0.599,0.752,-0.716,0.792,0.857,0.724,0.672,0.184,0.621,0.095,0.73,0.127,0.204,0.307,-0.122,0.118,0.011,0.663,0.312,-0.348,0.698,-0.374,0.502,0.198,0.809,0.532,-0.418,0.278,0.575,0.275,0.9,-0.139,0.277,-0.232,0.775,0.705,-0.474,-0.472,0.351,0.462,0.727,-0.368,0.142,0.688,0.431,0.644,0.665,0.802,0.288,-0.289,-0.254,-0.238,0.678,0.497,0.903,0.957,0.614,-0.272,0.782,0.681,0.784,-0.037,0.445,-0.578,0.556,-0.269,0.668,-0.148,-0.648,0.649,0.11,0.72,0.753,-0.526,0.001,0.868,0.083,0.767,0.593,0.629,0.654,0.864,-0.359,0.475,0.493,0.775,0.771,0.425,0.003,0.605,0.521,0.143,0.256,0.389,0.832,0.609,-0.775,0.565,0.862,-0.272,-0.215,0.663,0.727,0.696,0.921,0.342,0.3,0.645,0.725,-0.394,-0.781,0.609,0.127
ARVN,0.72,0.286,0.462,0.395,0.417,-0.005,0.256,0.121,0.41,0.486,0.229,0.483,0.442,0.416,0.624,0.0,0.412,0.386,0.684,0.212,-0.124,0.424,-0.26,-0.042,0.69,0.494,0.925,0.039,-0.442,0.392,0.369,0.725,0.282,0.477,0.457,0.367,0.084,0.304,-0.032,0.075,0.478,0.572,0.728,0.332,0.352,-0.465,0.486,0.447,0.204,0.304,-0.229,0.433,-0.039,0.331,0.252,0.078,0.45,-0.276,0.324,0.377,-0.304,0.153,0.071,0.079,0.352,0.302,0.539,0.232,0.339,0.287,0.344,-0.043,0.599,0.212,0.08,0.841,0.38,0.779,-0.293,0.14,0.258,0.145,0.066,0.182,0.511,-0.238,0.717,0.388,0.694,-0.2,0.47,0.592,0.332,0.334,0.531,0.128,-0.007,0.199,0.543,0.288,0.402,0.157,-0.081,0.126,0.358,0.564,-0.268,0.568,-0.077,0.638,0.426,0.505,0.04,-0.028,0.402,0.189,0.629,0.356,0.395,0.582,0.223,0.299,0.173,0.122,0.115,0.037,0.41,0.332,0.121,0.181,0.121,0.139,0.125,0.191,0.359,0.534,0.197,-0.043,0.045,0.341,0.542,0.691,0.594,0.414,0.159,0.732,0.262,0.375,0.611,0.618,-0.146,0.301,-0.16,0.3,0.33,-0.16,0.594,0.014,0.417,0.424,-0.253,0.024,0.397,0.441,0.752,0.03,0.581,0.23,0.487,0.221,0.247,0.056,0.524,0.315,0.34,0.475,0.793,0.178,0.202,0.61,0.758,0.333,0.047,-0.284,0.249,0.537,0.285,0.397,0.322,0.77,0.304,0.557,0.653,-0.14,0.267,0.781,-0.045,-0.397,0.254,-0.025
ATEC,0.413,0.225,-0.158,0.425,0.685,0.578,0.052,0.643,-0.063,0.459,-0.039,0.125,0.601,0.483,0.093,0.412,0.0,0.276,0.305,-0.113,-0.063,0.289,-0.069,0.064,0.628,0.313,0.426,0.318,-0.25,0.005,-0.029,0.501,0.224,-0.125,0.591,0.711,0.688,0.336,-0.155,0.521,0.43,0.324,0.187,0.742,-0.195,-0.123,0.047,0.849,-0.045,0.095,-0.243,0.598,0.319,0.711,-0.201,-0.367,-0.057,-0.048,0.068,-0.011,0.248,0.663,-0.184,-0.089,0.332,-0.294,0.361,0.515,-0.184,0.517,-0.116,-0.01,0.015,-0.154,-0.229,0.712,0.014,0.607,0.176,0.706,-0.001,0.348,0.461,0.008,0.187,0.094,0.541,0.334,0.467,0.305,0.001,0.142,-0.271,-0.086,0.55,-0.105,-0.268,-0.183,0.676,0.244,0.195,0.597,-0.091,-0.012,-0.224,0.771,-0.178,0.292,0.59,0.3,0.249,0.243,-0.173,0.662,0.649,-0.019,0.803,-0.132,0.774,0.799,0.604,-0.26,-0.377,0.696,0.707,0.186,0.334,-0.193,0.331,-0.084,-0.339,0.118,-0.282,-0.184,-0.209,0.179,0.534,0.528,0.675,0.065,0.462,0.2,0.157,0.088,0.417,0.113,-0.08,-0.1,0.52,0.304,0.499,-0.121,0.034,-0.072,0.38,0.248,0.329,-0.402,0.188,0.064,0.454,0.007,-0.176,0.797,0.141,-0.359,0.32,-0.343,-0.22,0.518,-0.017,-0.277,0.026,-0.252,0.311,0.402,0.352,0.04,0.159,0.749,0.374,-0.242,-0.5,0.359,-0.102,-0.154,0.66,0.683,0.013,0.196,0.041,0.065,0.715,-0.221,-0.16,0.114,0.149,0.348,0.032,-0.238
ATXS,0.248,-0.283,-0.425,-0.395,0.617,0.542,-0.633,0.483,-0.386,0.039,-0.389,-0.499,-0.088,-0.323,-0.099,0.386,0.276,0.0,-0.159,-0.677,-0.629,-0.075,-0.148,0.569,0.523,-0.413,0.367,0.593,-0.488,-0.556,-0.53,0.138,-0.663,-0.353,0.783,-0.074,-0.157,0.846,-0.456,0.442,-0.288,-0.008,0.702,0.452,-0.486,-0.03,0.054,0.252,-0.648,-0.655,-0.878,0.635,0.432,-0.014,-0.594,-0.444,-0.33,0.125,-0.665,-0.592,-0.054,0.119,-0.724,-0.734,0.889,-0.482,0.016,0.744,-0.511,0.757,-0.543,0.51,-0.349,0.111,-0.714,0.346,-0.521,0.173,0.334,0.159,-0.345,0.79,0.021,-0.744,-0.023,0.512,-0.067,-0.569,-0.181,0.472,0.104,-0.309,-0.488,-0.611,0.848,-0.68,-0.539,-0.59,0.353,0.716,-0.255,-0.247,-0.435,-0.546,0.171,0.304,-0.395,-0.361,0.084,0.101,0.762,-0.335,-0.771,0.304,-0.121,-0.694,0.203,-0.302,0.537,0.166,0.496,-0.504,-0.415,0.393,0.358,-0.693,-0.444,-0.55,0.063,-0.452,-0.58,-0.721,-0.591,-0.648,-0.421,0.407,0.736,-0.282,0.07,-0.174,0.55,-0.175,-0.219,-0.518,0.811,-0.171,-0.662,-0.432,0.744,-0.138,-0.042,-0.663,-0.447,-0.626,0.874,0.457,0.222,-0.414,-0.548,-0.529,-0.15,0.137,-0.367,0.197,0.265,-0.735,-0.138,-0.509,-0.237,0.687,-0.627,-0.701,-0.349,-0.506,-0.563,0.849,-0.063,-0.651,-0.574,0.174,0.181,-0.442,-0.541,0.418,-0.679,-0.156,0.636,0.5,-0.186,0.434,-0.595,-0.359,0.28,-0.416,-0.611,0.279,-0.061,0.249,-0.634,-0.57
AVAV,0.734,0.353,0.783,0.754,0.139,-0.356,0.728,-0.144,0.705,0.482,0.601,0.886,0.493,0.582,0.83,0.684,0.305,-0.159,0.0,0.679,0.316,0.684,-0.429,-0.306,0.321,0.818,0.736,-0.445,-0.191,0.822,0.714,0.686,0.698,0.832,0.029,0.333,0.095,-0.238,0.244,-0.257,0.813,0.339,0.337,0.081,0.723,-0.661,0.301,0.261,0.625,0.691,0.197,0.124,-0.372,0.283,0.705,0.363,0.829,-0.556,0.725,0.775,-0.487,-0.036,0.488,0.453,-0.122,0.689,0.375,-0.242,0.758,-0.257,0.78,-0.351,0.873,0.399,0.619,0.6,0.753,0.704,-0.667,0.086,0.39,-0.257,0.103,0.557,0.785,-0.719,0.867,0.78,0.91,-0.614,0.518,0.874,0.718,0.731,0.153,0.616,0.226,0.625,0.368,-0.039,0.526,0.204,0.223,0.169,0.366,0.483,-0.277,0.781,-0.108,0.749,0.026,0.833,0.54,-0.292,0.569,0.635,0.527,0.662,0.087,0.471,-0.221,0.703,0.542,-0.209,-0.204,0.44,0.684,0.743,-0.045,0.296,0.542,0.608,0.58,0.636,0.713,0.332,-0.227,0.016,0.032,0.575,0.322,0.937,0.896,0.789,-0.321,0.861,0.703,0.759,0.105,0.603,-0.254,0.668,0.082,0.722,-0.152,-0.598,0.662,0.116,0.835,0.841,-0.28,-0.003,0.748,0.377,0.76,0.511,0.636,0.656,0.763,-0.185,0.567,0.501,0.781,0.727,0.676,-0.028,0.74,0.659,0.449,0.546,0.681,0.743,0.42,-0.63,0.651,0.733,-0.077,0.019,0.65,0.639,0.722,0.846,0.621,0.227,0.704,0.689,-0.111,-0.66,0.677,0.172
AXON,0.312,0.27,0.821,0.729,-0.27,-0.756,0.944,-0.533,0.755,0.39,0.669,0.876,0.354,0.533,0.585,0.212,-0.113,-0.677,0.679,0.0,0.654,0.384,-0.169,-0.687,-0.177,0.82,0.191,-0.81,0.314,0.935,0.879,0.293,0.825,0.781,-0.62,0.059,0.02,-0.761,0.609,-0.657,0.648,0.285,-0.179,-0.389,0.784,-0.447,0.24,-0.085,0.849,0.921,0.751,-0.45,-0.679,0.111,0.911,0.667,0.735,-0.504,0.897,0.915,-0.297,-0.303,0.871,0.889,-0.69,0.846,0.151,-0.794,0.87,-0.776,0.868,-0.699,0.812,0.138,0.898,0.118,0.931,0.222,-0.693,-0.176,0.585,-0.828,-0.243,0.845,0.428,-0.839,0.571,0.827,0.599,-0.82,0.143,0.8,0.862,0.949,-0.519,0.904,0.645,0.81,-0.182,-0.636,0.61,0.11,0.587,0.436,0.096,0.036,0.165,0.751,-0.373,0.553,-0.599,0.714,0.92,-0.567,0.414,0.92,0.105,0.618,-0.449,-0.003,-0.636,0.838,0.719,-0.513,-0.489,0.77,0.805,0.902,0.005,0.442,0.807,0.895,0.868,0.927,0.798,-0.199,-0.799,0.23,-0.272,0.46,-0.2,0.713,0.698,0.872,-0.853,0.722,0.946,0.689,-0.525,0.501,-0.155,0.953,0.292,0.936,-0.782,-0.762,0.171,0.506,0.88,0.881,-0.136,-0.134,0.76,-0.057,0.31,0.874,0.443,0.855,0.647,-0.692,0.877,0.908,0.804,0.84,0.827,-0.677,0.565,0.924,0.65,0.087,0.37,0.819,0.758,-0.757,0.892,0.636,-0.594,-0.449,0.389,0.07,0.896,0.77,0.175,0.327,0.936,0.298,0.027,-0.681,0.905,0.647
BANF,0.027,0.123,0.446,0.486,-0.278,-0.504,0.634,-0.375,0.46,0.077,0.421,0.528,0.119,0.277,0.213,-0.124,-0.063,-0.629,0.316,0.654,0.0,0.379,-0.139,-0.439,-0.396,0.436,-0.17,-0.594,0.266,0.589,0.479,0.046,0.56,0.45,-0.489,0.04,0.044,-0.679,0.409,-0.397,0.303,-0.078,-0.388,-0.259,0.493,-0.236,-0.015,-0.157,0.602,0.573,0.581,-0.34,-0.401,0.051,0.605,0.417,0.478,-0.329,0.562,0.537,-0.171,-0.184,0.629,0.594,-0.649,0.517,-0.064,-0.636,0.549,-0.572,0.565,-0.503,0.412,0.145,0.734,-0.117,0.552,-0.019,-0.393,-0.057,0.204,-0.558,-0.072,0.574,0.241,-0.548,0.245,0.591,0.286,-0.496,0.007,0.414,0.508,0.572,-0.528,0.677,0.417,0.525,-0.201,-0.532,0.279,0.136,0.362,0.226,-0.043,-0.009,0.158,0.381,-0.099,0.244,-0.567,0.463,0.656,-0.349,0.301,0.652,0.003,0.289,-0.39,-0.09,-0.464,0.534,0.466,-0.363,-0.333,0.619,0.475,0.552,-0.1,0.265,0.554,0.674,0.602,0.621,0.481,-0.26,-0.609,0.25,-0.03,0.302,-0.27,0.349,0.349,0.585,-0.673,0.276,0.621,0.477,-0.547,0.211,-0.049,0.611,0.355,0.582,-0.655,-0.593,0.111,0.291,0.582,0.526,-0.031,0.058,0.488,-0.047,0.018,0.608,0.129,0.541,0.36,-0.527,0.521,0.625,0.41,0.565,0.51,-0.627,0.108,0.669,0.435,-0.051,-0.025,0.49,0.484,-0.482,0.573,0.316,-0.407,-0.428,0.285,-0.176,0.575,0.444,0.019,0.424,0.623,-0.016,0.294,-0.36,0.566,0.417
BATRK,0.604,0.198,0.62,0.483,0.113,-0.196,0.498,-0.17,0.445,0.023,0.631,0.591,-0.016,0.121,0.784,0.424,0.289,-0.075,0.684,0.384,0.379,0.0,-0.721,-0.067,0.025,0.408,0.414,-0.165,-0.203,0.546,0.393,0.345,0.451,0.642,0.081,0.176,-0.039,-0.206,-0.218,-0.213,0.514,-0.2,0.032,0.063,0.6,-0.765,-0.219,-0.015,0.489,0.301,-0.038,0.201,-0.313,-0.025,0.452,0.308,0.721,-0.758,0.413,0.455,-0.674,-0.02,0.167,0.058,-0.076,0.472,-0.143,-0.041,0.613,-0.14,0.637,-0.149,0.609,0.763,0.526,0.315,0.378,0.524,-0.697,-0.076,-0.061,0.016,0.277,0.36,0.72,-0.632,0.542,0.53,0.659,-0.492,0.735,0.619,0.46,0.434,0.216,0.443,-0.227,0.494,0.301,0.29,0.024,0.04,-0.115,-0.215,0.516,0.475,-0.593,0.43,-0.037,0.308,0.268,0.779,0.338,-0.164,0.27,0.405,0.334,0.67,0.064,0.363,-0.032,0.56,0.472,-0.283,-0.271,0.269,0.263,0.465,-0.492,-0.135,0.454,0.321,0.423,0.426,0.577,0.253,-0.09,-0.257,0.111,0.66,0.564,0.712,0.799,0.439,-0.117,0.455,0.456,0.644,-0.007,0.256,-0.459,0.328,-0.298,0.404,-0.06,-0.538,0.741,-0.288,0.576,0.548,-0.379,0.274,0.704,0.263,0.602,0.369,0.475,0.401,0.664,-0.125,0.189,0.23,0.454,0.556,0.26,0.059,0.262,0.398,-0.033,0.281,0.129,0.615,0.334,-0.583,0.299,0.645,-0.004,-0.126,0.642,0.638,0.48,0.741,0.423,0.346,0.424,0.567,-0.302,-0.504,0.365,-0.223
BIDU,-0.44,0.219,-0.413,-0.202,-0.241,0.178,-0.234,0.153,-0.221,0.11,-0.437,-0.236,0.306,0.26,-0.553,-0.26,-0.069,-0.148,-0.429,-0.169,-0.139,-0.721,0.0,-0.03,0.161,-0.131,-0.205,0.234,0.29,-0.27,-0.049,0.071,0.002,-0.451,-0.096,0.156,0.304,0.018,0.455,0.249,-0.174,0.452,-0.08,0.03,-0.31,0.776,0.433,0.184,-0.124,0.022,0.309,-0.272,0.345,0.346,-0.185,-0.208,-0.498,0.8,-0.032,-0.132,0.867,0.179,0.138,0.199,-0.065,-0.296,0.506,-0.009,-0.421,0.07,-0.324,0.018,-0.324,-0.798,-0.259,-0.122,-0.096,-0.2,0.623,0.191,0.428,-0.158,-0.126,0.068,-0.552,0.562,-0.196,-0.152,-0.292,0.444,-0.532,-0.335,-0.293,-0.193,-0.272,-0.191,0.467,-0.167,-0.145,-0.375,0.253,0.246,0.256,0.535,-0.496,-0.456,0.872,-0.064,0.207,-0.172,-0.364,-0.556,-0.075,0.243,0.02,-0.095,-0.077,-0.447,-0.008,-0.141,0.121,-0.362,-0.363,0.331,0.329,0.086,0.004,-0.237,0.675,0.553,-0.227,0.038,-0.244,-0.178,-0.391,-0.176,0.059,0.514,0.056,-0.483,-0.551,-0.478,-0.547,-0.107,-0.031,-0.184,-0.157,-0.4,0.065,-0.019,0.587,-0.071,0.522,-0.095,-0.047,0.483,-0.664,0.454,-0.199,-0.22,0.493,-0.209,-0.516,-0.019,-0.571,-0.148,-0.242,-0.261,-0.475,0.017,0.163,-0.007,-0.188,-0.321,0.069,-0.096,0.063,-0.152,0.448,0.008,0.067,-0.463,-0.23,0.478,0.056,-0.529,-0.059,0.249,-0.396,-0.62,-0.205,-0.469,-0.236,-0.069,-0.216,-0.491,0.338,0.421,-0.013,0.495
BLNE,0.019,-0.119,-0.46,-0.441,0.16,0.466,-0.648,0.365,-0.39,-0.264,-0.431,-0.51,-0.284,-0.361,-0.245,-0.042,0.064,0.569,-0.306,-0.687,-0.439,-0.067,-0.03,0.0,0.147,-0.58,0.04,0.55,-0.358,-0.611,-0.62,-0.01,-0.574,-0.38,0.54,-0.005,-0.125,0.536,-0.51,0.459,-0.382,-0.296,0.289,0.376,-0.407,0.183,-0.232,-0.014,-0.571,-0.672,-0.616,0.483,0.535,-0.184,-0.585,-0.469,-0.303,0.326,-0.602,-0.588,0.002,0.184,-0.662,-0.677,0.565,-0.496,-0.096,0.591,-0.512,0.609,-0.466,0.65,-0.446,0.16,-0.55,-0.089,-0.615,0.021,0.373,0.12,-0.489,0.705,0.301,-0.624,-0.049,0.488,-0.343,-0.524,-0.276,0.524,0.143,-0.428,-0.503,-0.644,0.49,-0.626,-0.557,-0.502,0.263,0.607,-0.448,-0.113,-0.514,-0.424,0.134,0.007,-0.304,-0.501,0.294,-0.314,0.602,-0.392,-0.673,0.298,-0.317,-0.63,-0.045,-0.3,0.365,0.023,0.47,-0.461,-0.426,0.297,0.281,-0.624,-0.634,-0.543,-0.189,-0.331,-0.509,-0.626,-0.563,-0.644,-0.444,0.41,0.652,-0.36,0.278,-0.099,0.275,-0.374,-0.345,-0.538,0.652,-0.427,-0.627,-0.278,0.443,-0.32,-0.083,-0.634,-0.285,-0.618,0.628,0.452,0.147,-0.458,-0.529,-0.531,-0.092,0.184,-0.36,0.143,0.008,-0.594,-0.211,-0.507,-0.237,0.53,-0.655,-0.649,-0.491,-0.464,-0.631,0.603,-0.395,-0.655,-0.445,0.051,-0.231,-0.47,-0.52,0.388,-0.597,-0.262,0.485,0.304,-0.015,0.128,-0.616,-0.405,-0.038,-0.043,-0.606,0.037,-0.051,0.295,-0.664,-0.561
BLNK,0.513,0.417,-0.124,0.288,0.599,0.51,-0.164,0.63,-0.098,0.629,-0.266,0.108,0.645,0.446,0.145,0.69,0.628,0.523,0.321,-0.177,-0.396,0.025,0.161,0.147,0.0,0.228,0.748,0.401,-0.499,-0.064,0.002,0.7,0.037,-0.108,0.705,0.585,0.52,0.613,-0.074,0.577,0.311,0.665,0.665,0.69,-0.196,-0.024,0.481,0.78,-0.213,0.007,-0.336,0.61,0.504,0.675,-0.237,-0.43,-0.109,0.231,-0.032,-0.047,0.28,0.543,-0.266,-0.103,0.611,-0.276,0.698,0.622,-0.248,0.628,-0.125,0.184,0.091,-0.239,-0.393,0.78,-0.021,0.704,0.303,0.577,0.161,0.399,0.305,-0.076,0.103,0.298,0.565,0.114,0.479,0.371,0.113,0.11,-0.234,-0.1,0.66,-0.322,-0.181,-0.26,0.75,0.301,0.313,0.485,-0.117,0.117,-0.127,0.538,-0.049,0.269,0.415,0.391,0.433,0.019,-0.364,0.52,0.402,-0.215,0.756,-0.141,0.771,0.709,0.613,-0.295,-0.423,0.645,0.63,-0.129,0.187,-0.199,0.501,0.181,-0.408,-0.1,-0.401,-0.283,-0.251,0.458,0.597,0.279,0.414,-0.064,0.4,0.213,0.143,0.044,0.526,0.333,-0.175,-0.123,0.808,0.376,0.353,-0.061,-0.002,-0.109,0.555,0.421,0.254,-0.191,0.043,0.035,0.308,0.063,-0.206,0.705,0.312,-0.45,0.278,-0.316,-0.112,0.647,-0.012,-0.364,0.105,-0.255,0.206,0.691,0.57,-0.206,0.218,0.799,0.66,-0.243,-0.481,0.351,-0.075,-0.077,0.65,0.85,0.059,0.399,-0.141,0.036,0.725,-0.256,-0.237,0.4,0.027,0.223,-0.067,-0.167
BTAI,0.489,0.277,0.709,0.797,0.086,-0.398,0.876,-0.205,0.693,0.604,0.584,0.863,0.674,0.732,0.599,0.494,0.313,-0.413,0.818,0.82,0.436,0.408,-0.131,-0.58,0.228,0.0,0.529,-0.56,0.174,0.873,0.825,0.549,0.818,0.667,-0.211,0.359,0.273,-0.476,0.524,-0.356,0.864,0.547,0.079,-0.044,0.642,-0.433,0.38,0.349,0.723,0.909,0.49,-0.136,-0.522,0.414,0.755,0.447,0.642,-0.444,0.832,0.846,-0.134,0.019,0.722,0.739,-0.424,0.662,0.411,-0.461,0.711,-0.439,0.721,-0.638,0.781,0.018,0.645,0.587,0.877,0.508,-0.557,0.142,0.634,-0.616,-0.109,0.706,0.497,-0.69,0.801,0.857,0.772,-0.611,0.102,0.846,0.7,0.834,-0.163,0.754,0.538,0.62,0.137,-0.442,0.706,0.332,0.533,0.437,0.056,0.402,0.107,0.861,-0.166,0.725,-0.381,0.762,0.732,-0.255,0.744,0.813,0.522,0.505,-0.045,0.399,-0.32,0.657,0.507,-0.138,-0.117,0.707,0.94,0.759,0.262,0.414,0.557,0.831,0.655,0.737,0.658,-0.058,-0.446,0.443,-0.023,0.386,0.048,0.784,0.716,0.829,-0.527,0.801,0.812,0.585,-0.123,0.686,0.055,0.796,0.262,0.832,-0.449,-0.568,0.276,0.383,0.887,0.836,0.019,-0.247,0.594,0.296,0.47,0.612,0.618,0.655,0.521,-0.374,0.798,0.695,0.794,0.657,0.92,-0.378,0.802,0.844,0.684,0.467,0.671,0.659,0.479,-0.527,0.77,0.547,-0.238,0.003,0.308,0.228,0.863,0.73,0.502,0.053,0.789,0.373,0.074,-0.511,0.847,0.529
BYND,0.737,0.326,0.454,0.408,0.373,0.019,0.26,0.171,0.405,0.519,0.238,0.523,0.493,0.464,0.644,0.925,0.426,0.367,0.736,0.191,-0.17,0.414,-0.205,0.04,0.748,0.529,0.0,0.063,-0.422,0.396,0.372,0.775,0.332,0.475,0.472,0.385,0.112,0.302,0.034,0.091,0.607,0.568,0.739,0.355,0.379,-0.415,0.433,0.466,0.193,0.311,-0.23,0.437,0.009,0.362,0.264,0.031,0.473,-0.199,0.331,0.394,-0.256,0.151,0.081,0.08,0.364,0.305,0.598,0.252,0.333,0.266,0.383,0.014,0.605,0.232,0.076,0.819,0.383,0.803,-0.295,0.177,0.315,0.143,0.103,0.174,0.555,-0.213,0.746,0.402,0.732,-0.19,0.496,0.614,0.345,0.324,0.564,0.132,0.002,0.219,0.572,0.316,0.427,0.177,-0.016,0.1,0.365,0.555,-0.246,0.565,-0.014,0.626,0.415,0.48,0.045,-0.011,0.458,0.193,0.662,0.386,0.422,0.595,0.206,0.305,0.172,0.143,0.131,0.002,0.405,0.343,0.142,0.226,0.116,0.156,0.116,0.181,0.357,0.609,0.241,-0.031,0.096,0.327,0.487,0.695,0.617,0.425,0.195,0.717,0.271,0.431,0.601,0.579,-0.136,0.292,-0.121,0.325,0.359,-0.156,0.599,0.031,0.452,0.462,-0.232,-0.08,0.385,0.498,0.785,0.037,0.557,0.246,0.504,0.228,0.246,0.055,0.554,0.327,0.357,0.492,0.787,0.17,0.256,0.676,0.781,0.331,0.031,-0.252,0.285,0.523,0.283,0.439,0.412,0.759,0.318,0.551,0.674,-0.046,0.26,0.76,-0.084,-0.401,0.284,-0.019
CAN,-0.143,-0.03,-0.576,-0.506,0.316,0.791,-0.702,0.479,-0.633,-0.271,-0.408,-0.593,-0.158,-0.267,-0.275,0.039,0.318,0.593,-0.445,-0.81,-0.594,-0.165,0.234,0.55,0.401,-0.56,0.063,0.0,-0.241,-0.711,-0.572,0.021,-0.475,-0.622,0.628,0.173,0.189,0.656,-0.529,0.6,-0.34,-0.045,0.133,0.426,-0.552,0.265,-0.157,0.248,-0.547,-0.666,-0.623,0.407,0.601,0.128,-0.729,-0.501,-0.561,0.362,-0.619,-0.64,0.375,0.464,-0.694,-0.73,0.629,-0.709,0.058,0.836,-0.681,0.751,-0.646,0.604,-0.533,-0.133,-0.76,0.146,-0.701,0.081,0.518,0.184,-0.281,0.701,0.272,-0.554,-0.307,0.735,-0.281,-0.543,-0.274,0.707,0.087,-0.511,-0.748,-0.741,0.594,-0.701,-0.577,-0.568,0.283,0.68,-0.405,0.053,-0.509,-0.261,0.0,0.142,-0.054,-0.406,0.384,-0.441,0.599,-0.459,-0.719,0.684,-0.165,-0.683,0.14,-0.362,0.515,0.258,0.789,-0.688,-0.602,0.53,0.514,-0.472,-0.561,-0.735,0.074,-0.263,-0.633,-0.679,-0.725,-0.723,-0.621,0.177,0.776,-0.033,0.303,-0.319,0.386,-0.454,-0.403,-0.666,0.823,-0.444,-0.705,-0.542,0.586,-0.284,0.192,-0.739,-0.326,-0.69,0.718,0.695,-0.081,-0.419,-0.596,-0.638,0.192,0.063,-0.587,0.223,-0.242,-0.72,-0.127,-0.785,-0.504,0.603,-0.611,-0.755,-0.553,-0.675,-0.558,0.709,-0.228,-0.755,-0.454,0.12,-0.226,-0.652,-0.645,0.663,-0.654,-0.505,0.562,0.572,-0.26,0.055,-0.642,-0.461,0.016,-0.284,-0.78,-0.163,-0.124,0.603,-0.623,-0.467
CCEC,-0.464,-0.305,0.145,-0.111,-0.385,-0.355,0.384,-0.478,0.128,-0.237,0.45,0.076,-0.09,-0.004,-0.076,-0.442,-0.25,-0.488,-0.191,0.314,0.266,-0.203,0.29,-0.358,-0.499,0.174,-0.422,-0.241,0.0,0.242,0.345,-0.241,0.297,-0.001,-0.642,-0.29,-0.141,-0.616,0.546,-0.55,0.135,-0.077,-0.546,-0.62,0.21,0.146,-0.154,-0.325,0.411,0.331,0.465,-0.754,-0.52,-0.151,0.333,0.48,0.026,-0.126,0.266,0.269,0.213,-0.4,0.572,0.359,-0.577,0.292,-0.237,-0.547,0.232,-0.581,0.129,-0.423,0.023,-0.129,0.344,-0.341,0.293,-0.49,-0.221,-0.337,0.499,-0.626,-0.507,0.291,-0.226,-0.125,-0.194,0.095,-0.254,-0.376,-0.314,0.143,0.219,0.242,-0.53,0.461,0.554,0.38,-0.728,-0.419,0.121,-0.275,0.599,0.146,0.028,-0.361,0.53,0.151,-0.372,-0.094,-0.562,-0.024,0.551,-0.306,0.148,0.415,-0.313,0.206,-0.598,-0.434,-0.477,0.241,0.425,-0.359,-0.341,0.472,0.265,0.265,0.145,0.175,0.435,0.355,0.464,0.463,0.265,-0.549,-0.528,0.326,-0.445,-0.055,-0.298,-0.061,-0.061,0.107,-0.472,-0.055,0.361,-0.023,-0.648,-0.09,0.075,0.194,0.158,0.348,-0.541,-0.247,-0.435,0.557,0.166,0.114,0.032,-0.353,0.093,-0.536,-0.348,0.492,0.019,0.275,-0.034,-0.683,0.4,0.513,0.2,0.214,0.216,-0.655,-0.031,0.4,0.149,-0.504,-0.248,0.202,0.498,-0.179,0.325,-0.035,-0.676,-0.493,-0.195,-0.505,0.382,0.022,-0.457,0.154,0.313,-0.426,0.06,-0.122,0.463,0.612
CDW,0.445,0.279,0.901,0.718,-0.194,-0.685,0.954,-0.493,0.82,0.36,0.771,0.953,0.371,0.56,0.742,0.392,0.005,-0.556,0.822,0.935,0.589,0.546,-0.27,-0.611,-0.064,0.873,0.396,-0.711,0.242,0.0,0.924,0.435,0.859,0.864,-0.439,0.115,-0.007,-0.657,0.55,-0.615,0.772,0.311,-0.022,-0.323,0.87,-0.558,0.274,-0.034,0.878,0.909,0.609,-0.334,-0.659,0.143,0.945,0.698,0.856,-0.593,0.911,0.955,-0.409,-0.27,0.838,0.767,-0.572,0.896,0.224,-0.667,0.929,-0.669,0.912,-0.655,0.906,0.289,0.895,0.286,0.943,0.383,-0.787,-0.166,0.599,-0.706,-0.174,0.824,0.606,-0.843,0.7,0.859,0.732,-0.843,0.332,0.912,0.903,0.95,-0.338,0.897,0.576,0.86,-0.072,-0.427,0.62,0.083,0.544,0.38,0.299,0.15,0.049,0.83,-0.359,0.63,-0.395,0.821,0.891,-0.547,0.498,0.921,0.245,0.752,-0.357,0.147,-0.567,0.892,0.782,-0.497,-0.478,0.726,0.809,0.942,-0.027,0.453,0.835,0.861,0.878,0.936,0.87,-0.011,-0.662,0.144,-0.247,0.555,0.014,0.867,0.845,0.903,-0.734,0.834,0.95,0.799,-0.354,0.556,-0.237,0.892,0.225,0.958,-0.605,-0.772,0.369,0.482,0.938,0.942,-0.255,-0.111,0.844,0.025,0.507,0.856,0.605,0.879,0.773,-0.627,0.852,0.869,0.876,0.902,0.818,-0.509,0.671,0.91,0.598,0.2,0.486,0.893,0.767,-0.807,0.9,0.75,-0.523,-0.359,0.545,0.284,0.934,0.876,0.277,0.357,0.949,0.44,-0.048,-0.76,0.921,0.546
CDXS,0.347,0.263,0.847,0.594,-0.25,-0.634,0.895,-0.521,0.762,0.305,0.748,0.89,0.388,0.545,0.7,0.369,-0.029,-0.53,0.714,0.879,0.479,0.393,-0.049,-0.62,0.002,0.825,0.372,-0.572,0.345,0.924,0.0,0.469,0.85,0.759,-0.475,0.065,0.009,-0.616,0.648,-0.626,0.723,0.423,-0.028,-0.41,0.825,-0.432,0.388,-0.049,0.905,0.893,0.633,-0.468,-0.62,0.207,0.898,0.731,0.752,-0.495,0.892,0.927,-0.237,-0.274,0.847,0.757,-0.514,0.843,0.302,-0.618,0.847,-0.646,0.83,-0.626,0.852,0.147,0.817,0.267,0.91,0.343,-0.704,-0.208,0.777,-0.739,-0.283,0.843,0.472,-0.695,0.657,0.76,0.656,-0.767,0.294,0.847,0.824,0.9,-0.342,0.862,0.672,0.872,-0.172,-0.411,0.655,0.042,0.634,0.452,0.29,0.007,0.27,0.868,-0.42,0.585,-0.4,0.683,0.874,-0.497,0.466,0.872,0.208,0.742,-0.414,0.092,-0.523,0.813,0.743,-0.49,-0.474,0.756,0.781,0.885,0.111,0.568,0.846,0.808,0.841,0.91,0.803,-0.088,-0.645,0.241,-0.359,0.443,0.012,0.785,0.77,0.815,-0.687,0.843,0.916,0.682,-0.335,0.527,-0.198,0.833,0.228,0.94,-0.577,-0.626,0.16,0.601,0.861,0.874,-0.196,-0.163,0.76,-0.073,0.385,0.835,0.577,0.803,0.687,-0.674,0.888,0.863,0.855,0.835,0.801,-0.48,0.726,0.837,0.621,0.137,0.483,0.831,0.777,-0.724,0.904,0.653,-0.602,-0.32,0.465,0.19,0.89,0.806,0.186,0.307,0.879,0.35,-0.093,-0.693,0.918,0.69
