,ABEO,ACHC,AGNCN,AKAM,AKRO,ALRM,AMAT,AMED,AMRN,ANGI,APA,APOG,APPS,ARCB,ARCC,ARVN,ATEC,ATXS,AVAV,AXON,BANF,BATRK,BIDU,BLNE,BLNK,BTAI,BYND,CAN,CCEC,CDW,CDXS,CELH,CGNX,CHKP,CHRS,CHRW,CIGI,CKPT,CMPR,COGT,CRNC,CRSP,CSTL,CTSH,CVGW,DGLY,DNLI,DOCU,DVAX,EBAY,EHTH,ERII,ESLT,EXPE,EXPO,FBIOP,FFBC,FFIN,FOXF,FWRD,GDS,GERN,GPRE,GRWG,GRYP,HEES,HELE,HIVE,HON,HRTX,HSTM,HURA,IART,IBKR,IBOC,IBRX,IDXX,INGN,INM,INVA,IQ,IRBT,KDP,KPTI,KTOS,KXIN,LAMR,LFUS,LGIH,LGMK,LKFN,LNW,LOPE,LPSN,LYFT,MGNX,MLCO,MNST,MODV,MSTR,MTCH,MYGN,MYRG,NCMI,NEXT,NFLX,NIU,NKTR,NRC,NTNX,NTRA,NVEE,NVMI,NWL,NWS,NXPI,OCGN,OCSL,OKTA,OLLI,OTLK,OXLC,PAA,PARA,PARAA,PDCO,PDFS,PFG,PGEN,PNFP,PODD,POWI,PSMT,PTC,PTEN,PVLA,RDNT,RDUS,RDWR,REGN,RNAC,ROCK,ROST,RRR,RSLS,RVMD,RYAAY,SAFT,SAGE,SAVA,SBGI,SFM,SFNC,SHYF,SIBN,SIFY,SIGI,SIMO,SITM,SLM,SNBR,SNDX,SNY,SPNS,SRRK,STRA,SUPN,SYRE,TCBK,TEAM,TECH,THRM,TLRY,TRMK,TROW,TSLA,TWST,TXN,UFPI,UNIT,UPWK,USLM,UTHR,VERB,VLY,VRNA,VRRM,VXRT,WAFD,WATT,WBA,WING,WIX,WTFC,WTW,XPEL,XRX,YMAB,ZG,ZLAB
ABEO,0.0,0.304,-0.599,-0.497,0.639,-0.847,-0.659,-0.746,0.552,-0.488,0.696,0.681,-0.712,0.522,0.097,-0.663,0.665,0.084,-0.737,0.522,-0.292,0.536,-0.546,0.129,-0.766,-0.573,-0.539,-0.167,-0.221,-0.564,-0.807,-0.397,-0.144,-0.414,-0.702,-0.708,-0.409,-0.503,-0.323,-0.795,-0.869,-0.659,-0.338,-0.418,-0.495,-0.617,0.478,-0.865,0.402,-0.42,-0.692,-0.832,0.49,-0.257,0.077,0.556,0.383,0.361,0.225,0.597,-0.786,-0.552,-0.383,-0.293,-0.267,0.115,-0.366,-0.644,0.222,-0.642,-0.074,-0.453,-0.381,0.531,0.369,-0.014,-0.272,-0.749,-0.104,0.613,-0.766,-0.631,0.568,-0.011,-0.721,-0.687,-0.061,-0.14,0.278,0.612,-0.014,0.405,-0.08,-0.406,-0.819,0.049,0.31,0.311,-0.507,0.127,-0.398,-0.22,-0.129,-0.626,-0.53,-0.395,-0.76,0.796,0.162,0.138,-0.64,0.147,-0.729,-0.052,0.193,-0.652,-0.707,0.047,-0.706,-0.282,0.221,-0.052,0.373,-0.661,-0.551,0.386,-0.405,0.463,-0.736,0.287,-0.21,-0.53,-0.308,-0.006,0.606,-0.696,-0.242,-0.385,-0.456,0.629,-0.013,0.755,-0.081,0.521,-0.337,-0.372,-0.331,-0.795,-0.231,-0.706,-0.42,0.254,0.259,-0.67,-0.248,-0.697,0.628,-0.758,-0.363,0.679,0.206,-0.009,0.571,-0.826,0.322,0.108,-0.617,0.063,0.545,-0.387,-0.311,0.225,0.324,0.358,-0.664,-0.778,-0.71,-0.604,0.287,-0.347,-0.469,0.513,0.281,-0.692,0.137,0.282,0.373,-0.74,0.301,-0.563,0.021,-0.275,-0.383,0.374,0.004,-0.131,0.21,-0.187,-0.527,-0.761
ACHC,0.304,0.0,-0.255,0.565,0.799,0.045,-0.028,-0.427,0.528,-0.327,0.733,0.804,0.216,0.889,0.664,0.245,0.821,0.573,-0.374,0.78,0.102,0.732,-0.21,0.676,-0.422,-0.006,-0.084,0.667,0.271,0.417,-0.28,0.145,0.722,0.557,-0.018,-0.032,0.101,0.165,0.137,-0.108,-0.334,-0.266,0.368,0.549,-0.309,-0.468,0.771,-0.193,0.84,0.401,-0.504,-0.408,0.196,0.702,0.58,0.744,0.614,0.776,0.699,0.854,-0.462,-0.035,0.365,0.168,0.01,0.899,-0.375,-0.102,0.795,0.253,0.698,-0.483,0.653,0.627,0.602,0.734,0.71,-0.089,0.155,0.598,-0.45,-0.634,0.643,0.612,-0.348,-0.675,0.772,0.799,0.479,0.597,0.179,0.836,0.669,0.237,-0.249,0.646,0.449,0.787,-0.256,0.835,0.104,0.772,0.77,-0.673,0.193,0.401,-0.542,0.62,0.46,0.565,0.28,0.785,-0.31,0.323,0.795,-0.048,-0.261,0.688,0.246,-0.409,0.725,0.295,0.695,-0.17,-0.056,0.655,0.148,0.877,-0.272,0.881,0.196,0.331,0.523,0.735,0.763,-0.383,0.485,0.328,0.452,0.806,0.41,0.775,0.498,0.736,-0.078,0.392,0.35,0.037,0.378,-0.418,-0.205,0.229,0.521,0.373,0.566,-0.422,0.71,-0.337,0.343,0.796,0.28,0.477,0.819,-0.284,0.591,0.515,0.382,0.632,0.573,0.15,0.665,0.302,0.617,0.543,0.072,-0.606,0.11,-0.022,0.822,0.296,0.137,0.711,0.734,-0.48,0.686,0.855,0.915,-0.351,0.547,0.008,0.299,0.135,0.467,0.761,0.858,0.297,0.562,0.01,0.173,-0.392
AGNCN,-0.599,-0.255,0.0,0.395,-0.595,0.635,0.862,0.671,-0.151,0.842,-0.392,-0.498,0.669,-0.491,-0.012,0.065,-0.468,0.29,0.753,-0.468,0.15,-0.728,0.884,0.022,0.787,0.854,0.735,-0.126,-0.137,0.587,0.815,0.404,0.197,0.283,0.782,0.708,0.48,0.796,0.596,0.576,0.681,0.859,0.669,0.199,0.272,0.784,-0.513,0.792,-0.337,0.339,0.813,0.568,-0.564,0.183,-0.152,-0.308,-0.67,-0.522,0.12,-0.593,0.802,0.373,0.478,0.563,0.49,0.017,0.603,0.9,-0.366,0.724,-0.193,0.441,0.338,-0.58,-0.616,0.132,0.104,0.785,0.594,-0.823,0.809,0.625,-0.566,0.228,0.787,0.518,-0.032,0.315,0.396,-0.543,-0.293,-0.551,-0.406,0.722,0.693,-0.44,0.017,-0.123,0.793,-0.135,0.828,0.282,0.016,0.514,0.708,-0.093,0.811,-0.699,-0.61,-0.563,0.635,-0.024,0.897,-0.23,-0.224,0.87,0.714,-0.075,0.701,0.316,0.108,0.439,-0.197,0.536,0.405,-0.497,0.778,-0.37,0.844,-0.345,0.725,0.632,0.173,0.209,-0.36,0.922,0.13,0.511,0.561,-0.418,0.325,-0.543,0.566,-0.646,0.635,0.047,0.23,0.508,0.542,0.64,0.404,-0.287,-0.531,0.343,-0.154,0.74,-0.743,0.917,0.672,-0.424,0.41,0.119,-0.438,0.715,0.195,-0.562,0.373,0.169,-0.764,0.794,0.304,-0.113,-0.4,-0.656,0.818,0.701,0.73,0.843,0.089,0.324,0.838,-0.479,-0.585,0.839,-0.221,-0.202,-0.21,0.805,-0.698,0.661,-0.219,0.617,0.595,-0.562,-0.037,0.116,-0.245,-0.291,0.743,0.829
AKAM,-0.497,0.565,0.395,0.0,0.138,0.711,0.603,0.311,0.078,0.185,0.138,0.179,0.838,0.295,0.656,0.604,0.156,0.528,0.341,0.262,0.427,0.124,0.367,0.515,0.264,0.51,0.424,0.591,0.443,0.912,0.441,0.428,0.817,0.846,0.533,0.561,0.574,0.639,0.471,0.472,0.421,0.316,0.649,0.88,0.163,0.184,0.131,0.526,0.392,0.78,0.219,0.377,-0.146,0.829,0.44,0.247,0.21,0.39,0.457,0.245,0.333,0.366,0.589,0.522,0.383,0.736,0.122,0.493,0.539,0.788,0.636,0.059,0.905,0.148,0.202,0.618,0.844,0.517,0.303,-0.022,0.31,0.054,0.121,0.472,0.397,-0.014,0.762,0.842,0.35,0.112,0.195,0.371,0.495,0.602,0.513,0.417,0.182,0.453,0.205,0.61,0.509,0.83,0.793,-0.05,0.736,0.574,0.217,-0.107,0.094,0.33,0.773,0.631,0.398,0.373,0.606,0.601,0.344,0.659,0.781,0.048,0.46,0.44,0.38,0.491,0.498,0.33,0.515,0.453,0.405,0.538,0.473,0.787,0.79,0.781,0.232,0.332,0.448,0.687,0.834,0.203,0.339,0.06,0.632,0.233,0.345,0.472,0.716,0.673,0.504,0.215,0.339,-0.165,0.264,0.833,0.561,0.35,0.075,0.404,0.659,0.216,0.279,0.297,0.261,0.484,0.34,0.229,0.796,0.489,0.043,0.586,0.906,0.312,0.27,0.188,0.697,0.127,0.649,0.596,0.488,0.632,0.616,0.226,0.302,0.184,0.573,0.461,0.552,0.303,0.185,0.495,0.278,0.404,0.71,0.367,0.785,0.235,0.416,-0.038,0.734,0.369
AKRO,0.639,0.799,-0.595,0.138,0.0,-0.401,-0.454,-0.819,0.608,-0.55,0.88,0.898,-0.288,0.908,0.41,-0.109,0.932,0.446,-0.798,0.904,-0.192,0.822,-0.532,0.596,-0.829,-0.445,-0.527,0.474,0.052,-0.069,-0.726,-0.305,0.385,0.088,-0.45,-0.578,-0.329,-0.266,-0.141,-0.539,-0.716,-0.63,0.002,0.129,-0.633,-0.771,0.754,-0.655,0.828,-0.038,-0.878,-0.77,0.322,0.337,0.315,0.869,0.654,0.719,0.431,0.935,-0.84,-0.463,-0.123,-0.088,-0.226,0.638,-0.591,-0.524,0.63,-0.197,0.44,-0.578,0.188,0.805,0.627,0.442,0.343,-0.552,0.02,0.779,-0.851,-0.921,0.682,0.432,-0.765,-0.878,0.477,0.427,0.347,0.676,0.023,0.869,0.521,-0.109,-0.678,0.624,0.521,0.699,-0.549,0.723,-0.229,0.381,0.427,-0.927,-0.232,0.199,-0.891,0.855,0.449,0.556,-0.265,0.616,-0.677,0.129,0.635,-0.466,-0.693,0.435,-0.202,-0.587,0.586,-0.041,0.631,-0.595,-0.465,0.625,-0.171,0.831,-0.711,0.693,-0.179,-0.137,0.154,0.449,0.857,-0.745,0.239,-0.177,0.077,0.842,0.183,0.951,0.152,0.786,-0.333,0.15,-0.016,-0.441,0.048,-0.72,-0.45,0.142,0.462,-0.093,0.197,-0.694,0.879,-0.722,-0.041,0.872,0.139,0.316,0.811,-0.718,0.474,0.391,-0.006,0.53,0.707,-0.185,0.292,0.236,0.681,0.591,-0.378,-0.931,-0.338,-0.429,0.655,-0.141,-0.273,0.761,0.677,-0.769,0.47,0.817,0.782,-0.732,0.624,-0.396,0.056,-0.115,0.096,0.79,0.603,0.085,0.44,-0.002,-0.289,-0.774
ALRM,-0.847,0.045,0.635,0.711,-0.401,0.0,0.802,0.611,-0.319,0.564,-0.469,-0.469,0.82,-0.192,0.041,0.689,-0.334,0.153,0.693,-0.293,0.197,-0.384,0.655,0.067,0.749,0.733,0.605,0.408,0.148,0.723,0.834,0.671,0.468,0.689,0.835,0.768,0.407,0.692,0.554,0.809,0.828,0.748,0.651,0.52,0.351,0.536,-0.21,0.905,-0.101,0.518,0.594,0.661,-0.578,0.569,0.185,-0.35,-0.357,-0.216,0.202,-0.368,0.678,0.584,0.67,0.409,0.25,0.201,0.258,0.76,-0.057,0.827,0.221,0.197,0.611,-0.45,-0.351,0.357,0.524,0.876,0.313,-0.569,0.697,0.433,-0.45,0.376,0.616,0.502,0.253,0.493,0.067,-0.479,-0.12,-0.187,0.235,0.673,0.747,0.133,0.018,0.035,0.628,0.258,0.663,0.514,0.378,0.358,0.606,0.424,0.665,-0.668,0.016,-0.15,0.787,0.128,0.777,-0.01,-0.022,0.768,0.743,0.074,0.92,0.091,0.167,0.277,-0.214,0.572,0.476,-0.317,0.662,-0.224,0.728,-0.046,0.44,0.748,0.415,0.242,-0.381,0.631,0.566,0.649,0.609,-0.32,0.375,-0.517,0.409,-0.37,0.289,0.61,0.359,0.838,0.504,0.66,0.245,-0.083,-0.275,0.792,0.394,0.535,-0.501,0.737,0.64,-0.442,0.004,0.288,-0.337,0.783,-0.033,-0.036,0.741,0.297,-0.521,0.58,0.535,-0.209,-0.199,-0.365,0.839,0.637,0.894,0.721,0.143,0.392,0.657,-0.321,-0.125,0.69,-0.019,0.044,-0.066,0.773,-0.311,0.674,-0.012,0.461,0.661,-0.263,0.315,0.466,-0.202,0.102,0.717,0.716
AMAT,-0.659,-0.028,0.862,0.603,-0.454,0.802,0.0,0.579,-0.051,0.836,-0.34,-0.442,0.772,-0.279,0.065,0.289,-0.335,0.435,0.687,-0.374,0.06,-0.555,0.912,0.186,0.797,0.921,0.848,0.222,-0.123,0.735,0.837,0.552,0.421,0.558,0.903,0.779,0.429,0.864,0.641,0.681,0.7,0.877,0.828,0.349,0.186,0.686,-0.304,0.867,-0.132,0.517,0.7,0.551,-0.617,0.378,-0.084,-0.22,-0.564,-0.39,0.296,-0.435,0.753,0.412,0.643,0.563,0.439,0.159,0.445,0.95,-0.187,0.851,-0.084,0.264,0.49,-0.521,-0.569,0.372,0.394,0.86,0.569,-0.739,0.769,0.536,-0.512,0.446,0.657,0.536,0.09,0.503,0.376,-0.482,-0.318,-0.354,-0.161,0.854,0.687,-0.216,0.21,0.108,0.831,0.164,0.84,0.465,0.184,0.375,0.686,0.05,0.758,-0.682,-0.329,-0.46,0.783,0.062,0.942,-0.219,-0.11,0.967,0.798,0.008,0.842,0.197,0.272,0.46,-0.222,0.489,0.366,-0.421,0.877,-0.248,0.823,-0.128,0.778,0.862,0.233,0.303,-0.294,0.788,0.368,0.659,0.581,-0.208,0.563,-0.495,0.67,-0.521,0.529,0.336,0.273,0.615,0.73,0.722,0.241,-0.253,-0.45,0.594,0.069,0.589,-0.645,0.91,0.871,-0.372,0.417,0.386,-0.394,0.749,0.198,-0.393,0.501,0.307,-0.69,0.845,0.495,-0.141,-0.27,-0.588,0.918,0.638,0.904,0.958,0.175,0.312,0.869,-0.408,-0.434,0.842,-0.124,-0.047,-0.005,0.847,-0.63,0.759,-0.077,0.652,0.728,-0.448,0.24,0.357,-0.172,-0.141,0.779,0.837
AMED,-0.746,-0.427,0.671,0.311,-0.819,0.611,0.579,0.0,-0.547,0.46,-0.684,-0.628,0.666,-0.704,0.058,0.396,-0.735,-0.199,0.916,-0.655,0.594,-0.651,0.525,-0.31,0.811,0.586,0.677,-0.193,0.337,0.488,0.815,0.504,0.034,0.272,0.541,0.761,0.707,0.466,0.318,0.679,0.859,0.624,0.175,0.351,0.815,0.786,-0.663,0.769,-0.622,0.48,0.914,0.921,-0.121,0.103,-0.008,-0.632,-0.348,-0.344,-0.228,-0.68,0.917,0.684,0.333,0.302,0.478,-0.168,0.687,0.607,-0.205,0.472,-0.041,0.685,0.284,-0.522,-0.319,-0.188,0.093,0.64,0.053,-0.589,0.891,0.887,-0.384,-0.339,0.938,0.723,0.032,-0.006,-0.185,-0.434,0.273,-0.555,-0.203,0.278,0.896,-0.411,-0.541,-0.461,0.477,-0.448,0.372,0.039,0.084,0.864,0.566,0.132,0.884,-0.722,-0.4,-0.281,0.601,-0.201,0.68,0.279,-0.177,0.616,0.738,0.047,0.473,0.715,-0.368,0.281,-0.228,0.885,0.803,-0.253,0.247,-0.438,0.838,-0.313,0.39,0.421,0.363,0.024,-0.587,0.844,-0.149,0.454,0.362,-0.715,-0.148,-0.761,0.132,-0.48,0.512,-0.039,0.485,0.705,0.087,0.638,0.735,-0.138,-0.113,0.448,0.166,0.842,-0.677,0.76,0.248,-0.587,0.015,-0.289,-0.532,0.842,-0.237,-0.092,0.368,-0.373,-0.474,0.362,0.178,0.109,-0.446,-0.281,0.571,0.903,0.512,0.589,-0.388,0.543,0.48,-0.448,-0.429,0.66,-0.005,-0.558,-0.421,0.698,-0.346,0.501,0.215,0.295,0.146,-0.421,-0.191,-0.098,-0.027,0.012,0.623,0.816
AMRN,0.552,0.528,-0.151,0.078,0.608,-0.319,-0.051,-0.547,0.0,0.025,0.69,0.621,-0.095,0.615,0.263,-0.294,0.64,0.648,-0.579,0.642,-0.344,0.391,0.025,0.567,-0.437,-0.055,-0.09,0.376,-0.321,0.086,-0.376,-0.215,0.419,-0.046,-0.106,-0.313,-0.326,-0.043,0.268,-0.384,-0.444,-0.148,0.248,-0.02,-0.667,-0.251,0.549,-0.372,0.675,0.144,-0.511,-0.533,0.14,0.123,-0.055,0.663,0.193,0.332,0.642,0.62,-0.463,-0.495,-0.039,0.359,0.228,0.421,-0.153,-0.051,0.283,0.066,-0.035,-0.342,0.078,0.451,0.145,0.572,0.248,-0.308,0.396,0.333,-0.47,-0.503,0.316,0.483,-0.484,-0.421,0.262,0.39,0.613,0.458,-0.307,0.516,-0.015,0.304,-0.417,0.342,0.737,0.756,-0.08,0.571,0.137,0.334,0.186,-0.625,-0.077,-0.227,-0.446,0.561,0.044,0.08,-0.066,0.448,-0.206,-0.174,0.254,0.004,-0.243,0.186,-0.126,-0.274,0.629,-0.013,0.29,-0.519,-0.492,0.275,0.233,0.493,-0.351,0.44,0.335,0.157,-0.088,0.411,0.652,-0.355,0.194,-0.115,-0.02,0.706,0.472,0.626,0.482,0.441,0.037,0.038,-0.173,-0.509,0.476,-0.241,-0.342,-0.085,0.071,-0.047,-0.159,-0.354,0.396,-0.268,0.339,0.674,0.66,0.544,0.411,-0.426,0.625,-0.011,-0.154,0.382,0.258,0.279,0.297,0.312,0.6,0.133,0.03,-0.549,-0.021,0.062,0.541,-0.266,0.188,0.413,0.132,-0.291,0.199,0.513,0.647,-0.307,0.063,0.022,-0.12,0.322,0.278,0.302,0.474,0.283,0.26,-0.028,0.024,-0.281
ANGI,-0.488,-0.327,0.842,0.185,-0.55,0.564,0.836,0.46,0.025,0.0,-0.43,-0.577,0.457,-0.418,-0.324,-0.052,-0.409,0.333,0.553,-0.468,-0.256,-0.783,0.947,-0.029,0.745,0.813,0.703,-0.03,-0.529,0.384,0.751,0.383,0.138,0.098,0.793,0.554,0.098,0.651,0.694,0.481,0.607,0.904,0.686,-0.113,-0.02,0.757,-0.441,0.723,-0.27,0.173,0.647,0.404,-0.724,0.065,-0.358,-0.323,-0.861,-0.713,0.171,-0.605,0.675,0.139,0.361,0.465,0.346,-0.186,0.449,0.869,-0.576,0.615,-0.5,0.252,0.107,-0.674,-0.854,0.16,0.021,0.702,0.625,-0.899,0.695,0.503,-0.718,0.353,0.508,0.627,-0.285,0.177,0.402,-0.628,-0.645,-0.575,-0.508,0.8,0.518,-0.413,0.316,0.015,0.919,-0.042,0.845,0.153,-0.22,0.372,0.379,-0.314,0.752,-0.718,-0.515,-0.798,0.466,-0.213,0.912,-0.582,-0.506,0.847,0.728,-0.395,0.599,0.161,0.145,0.208,-0.498,0.196,0.021,-0.723,0.851,-0.544,0.726,-0.491,0.705,0.563,-0.204,-0.042,-0.432,0.753,0.256,0.324,0.245,-0.342,0.514,-0.564,0.521,-0.734,0.506,0.127,-0.16,0.263,0.637,0.722,0.042,-0.27,-0.792,0.252,-0.357,0.511,-0.819,0.855,0.726,-0.504,0.462,0.349,-0.624,0.583,0.16,-0.686,0.131,0.167,-0.905,0.793,0.153,-0.312,-0.43,-0.868,0.772,0.641,0.756,0.837,0.047,-0.097,0.794,-0.58,-0.737,0.9,-0.532,-0.243,-0.287,0.829,-0.902,0.645,-0.43,0.688,0.564,-0.755,-0.103,0.334,-0.511,-0.186,0.608,0.791
APA,0.696,0.733,-0.392,0.138,0.88,-0.469,-0.34,-0.684,0.69,-0.43,0.0,0.936,-0.198,0.796,0.568,-0.299,0.865,0.542,-0.699,0.852,-0.026,0.717,-0.391,0.669,-0.743,-0.352,-0.406,0.286,0.111,0.034,-0.683,-0.301,0.369,0.021,-0.447,-0.506,-0.16,-0.168,-0.117,-0.579,-0.705,-0.54,0.047,0.153,-0.569,-0.579,0.595,-0.645,0.698,0.05,-0.706,-0.688,0.397,0.284,0.199,0.9,0.597,0.679,0.462,0.865,-0.716,-0.435,-0.072,0.161,0.011,0.688,-0.356,-0.365,0.586,-0.138,0.353,-0.37,0.157,0.83,0.595,0.376,0.237,-0.513,0.207,0.693,-0.738,-0.746,0.653,0.361,-0.561,-0.876,0.514,0.458,0.486,0.707,0.072,0.782,0.3,-0.018,-0.536,0.409,0.475,0.644,-0.473,0.573,-0.115,0.399,0.403,-0.811,0.007,0.111,-0.776,0.831,0.158,0.455,-0.189,0.71,-0.567,0.18,0.668,-0.314,-0.617,0.518,-0.221,-0.428,0.622,0.163,0.79,-0.442,-0.318,0.637,-0.075,0.856,-0.607,0.636,0.063,-0.042,0.219,0.599,0.978,-0.564,0.05,-0.098,0.161,0.777,0.163,0.932,0.316,0.749,-0.121,-0.154,0.11,-0.489,0.12,-0.661,-0.201,-0.027,0.459,-0.123,0.037,-0.472,0.789,-0.586,0.048,0.944,0.411,0.229,0.808,-0.684,0.695,0.239,-0.058,0.459,0.654,-0.012,0.305,0.443,0.707,0.545,-0.293,-0.832,-0.345,-0.276,0.658,-0.011,-0.087,0.796,0.476,-0.69,0.546,0.731,0.845,-0.697,0.511,-0.274,0.051,0.027,0.157,0.744,0.553,-0.042,0.597,-0.174,-0.115,-0.621
APOG,0.681,0.804,-0.498,0.179,0.898,-0.469,-0.442,-0.628,0.621,-0.577,0.936,0.0,-0.167,0.842,0.644,-0.178,0.882,0.452,-0.666,0.901,0.113,0.804,-0.53,0.623,-0.788,-0.419,-0.415,0.322,0.247,0.055,-0.69,-0.256,0.448,0.084,-0.505,-0.47,-0.057,-0.233,-0.13,-0.571,-0.668,-0.643,-0.058,0.271,-0.422,-0.636,0.65,-0.66,0.757,0.146,-0.72,-0.623,0.558,0.347,0.381,0.874,0.755,0.828,0.456,0.943,-0.721,-0.36,-0.086,0.04,-0.007,0.737,-0.351,-0.486,0.755,-0.196,0.502,-0.375,0.266,0.884,0.749,0.393,0.346,-0.582,0.016,0.828,-0.757,-0.757,0.822,0.249,-0.546,-0.876,0.623,0.463,0.411,0.831,0.264,0.867,0.418,-0.14,-0.517,0.494,0.335,0.667,-0.604,0.584,-0.218,0.406,0.539,-0.773,-0.045,0.193,-0.805,0.897,0.281,0.598,-0.176,0.72,-0.677,0.371,0.768,-0.411,-0.645,0.621,-0.252,-0.313,0.522,0.104,0.818,-0.373,-0.221,0.796,-0.224,0.931,-0.612,0.755,-0.035,-0.089,0.346,0.614,0.938,-0.615,0.026,-0.076,0.169,0.808,0.046,0.958,0.257,0.877,-0.15,-0.096,0.217,-0.4,0.009,-0.737,-0.143,0.146,0.636,-0.07,0.222,-0.51,0.896,-0.674,-0.042,0.977,0.305,0.141,0.891,-0.652,0.599,0.435,-0.019,0.362,0.8,-0.125,0.356,0.54,0.713,0.715,-0.344,-0.843,-0.393,-0.362,0.646,0.108,-0.178,0.849,0.65,-0.799,0.682,0.71,0.852,-0.763,0.686,-0.335,0.252,-0.035,0.067,0.857,0.613,-0.061,0.677,-0.084,-0.13,-0.687
APPS,-0.712,0.216,0.669,0.838,-0.288,0.82,0.772,0.666,-0.095,0.457,-0.198,-0.167,0.0,-0.11,0.459,0.622,-0.226,0.408,0.654,-0.081,0.495,-0.255,0.62,0.333,0.619,0.734,0.691,0.41,0.367,0.92,0.745,0.594,0.629,0.684,0.739,0.795,0.687,0.731,0.579,0.696,0.729,0.631,0.637,0.751,0.416,0.572,-0.176,0.769,0.043,0.813,0.603,0.703,-0.236,0.651,0.209,-0.061,-0.099,0.064,0.258,-0.161,0.703,0.545,0.637,0.645,0.571,0.465,0.487,0.754,0.207,0.866,0.373,0.355,0.76,-0.183,-0.094,0.433,0.667,0.731,0.389,-0.364,0.665,0.444,-0.175,0.276,0.719,0.342,0.565,0.646,0.234,-0.18,0.149,0.009,0.199,0.682,0.819,0.119,-0.022,0.171,0.461,0.256,0.63,0.692,0.56,0.37,0.823,0.397,0.616,-0.418,-0.219,0.04,0.908,0.4,0.67,0.315,0.299,0.811,0.661,0.453,0.834,0.322,0.261,0.43,0.143,0.724,0.668,0.039,0.612,0.075,0.746,0.213,0.654,0.869,0.673,0.6,-0.08,0.68,0.321,0.641,0.794,-0.187,0.271,-0.313,0.618,-0.085,0.592,0.351,0.668,0.756,0.57,0.524,0.566,-0.266,0.043,0.844,0.455,0.687,-0.337,0.7,0.702,-0.116,0.339,0.232,-0.109,0.738,0.259,0.028,0.775,0.217,-0.278,0.731,0.782,0.243,0.039,-0.093,0.843,0.541,0.812,0.792,0.232,0.651,0.795,-0.055,-0.054,0.51,0.35,0.125,0.217,0.607,-0.128,0.686,0.198,0.598,0.707,-0.004,0.463,0.219,0.236,0.058,0.864,0.729
ARCB,0.522,0.889,-0.491,0.295,0.908,-0.192,-0.279,-0.704,0.615,-0.418,0.796,0.842,-0.11,0.0,0.455,0.049,0.903,0.465,-0.648,0.862,-0.162,0.807,-0.387,0.598,-0.637,-0.272,-0.363,0.585,0.071,0.096,-0.519,-0.047,0.548,0.292,-0.243,-0.325,-0.227,-0.093,0.03,-0.361,-0.541,-0.458,0.171,0.255,-0.546,-0.634,0.832,-0.45,0.89,0.106,-0.749,-0.642,0.226,0.527,0.465,0.773,0.592,0.709,0.636,0.927,-0.716,-0.283,0.151,-0.018,-0.202,0.723,-0.565,-0.346,0.686,-0.013,0.526,-0.65,0.346,0.671,0.571,0.626,0.483,-0.352,0.06,0.697,-0.695,-0.827,0.62,0.567,-0.649,-0.753,0.571,0.568,0.406,0.633,0.019,0.876,0.609,0.061,-0.508,0.72,0.555,0.785,-0.398,0.832,-0.065,0.531,0.553,-0.854,-0.118,0.27,-0.752,0.734,0.535,0.527,-0.051,0.667,-0.511,0.142,0.65,-0.295,-0.462,0.477,-0.02,-0.549,0.657,0.084,0.576,-0.482,-0.367,0.588,-0.014,0.81,-0.55,0.759,-0.058,0.047,0.242,0.501,0.788,-0.658,0.459,0.084,0.145,0.873,0.346,0.862,0.306,0.773,-0.31,0.317,0.042,-0.261,0.202,-0.551,-0.46,0.257,0.432,0.141,0.365,-0.66,0.806,-0.577,0.134,0.811,0.2,0.451,0.812,-0.531,0.523,0.475,0.096,0.601,0.62,-0.059,0.396,0.227,0.642,0.523,-0.175,-0.793,-0.122,-0.272,0.759,-0.017,-0.096,0.729,0.726,-0.63,0.494,0.842,0.841,-0.541,0.561,-0.162,0.145,-0.005,0.255,0.732,0.726,0.329,0.416,0.036,-0.092,-0.609
ARCC,0.097,0.664,-0.012,0.656,0.41,0.041,0.065,0.058,0.263,-0.324,0.568,0.644,0.459,0.455,0.0,0.24,0.427,0.433,-0.004,0.505,0.67,0.52,-0.134,0.558,-0.208,0.055,0.118,0.331,0.666,0.586,-0.093,0.129,0.576,0.523,-0.06,0.178,0.634,0.253,0.041,-0.003,-0.116,-0.228,0.184,0.773,0.19,-0.112,0.293,-0.084,0.442,0.662,-0.072,0.038,0.504,0.615,0.458,0.551,0.675,0.771,0.349,0.59,-0.045,0.2,0.285,0.337,0.344,0.813,0.082,0.011,0.798,0.281,0.729,0.042,0.637,0.602,0.676,0.399,0.586,-0.056,0.098,0.505,-0.09,-0.132,0.622,0.107,0.158,-0.445,0.865,0.621,0.3,0.612,0.609,0.619,0.437,0.114,0.183,0.31,-0.016,0.405,-0.32,0.4,0.017,0.617,0.753,-0.178,0.544,0.406,-0.204,0.45,0.057,0.607,0.432,0.752,-0.171,0.752,0.895,0.116,-0.116,0.961,0.169,0.171,0.384,0.544,0.83,0.387,0.5,0.797,-0.014,0.807,-0.008,0.772,0.293,0.378,0.802,0.848,0.639,-0.009,-0.028,0.423,0.606,0.433,0.005,0.486,0.449,0.691,0.279,-0.055,0.803,0.232,0.159,-0.287,0.467,-0.084,0.759,0.419,0.516,0.115,0.53,-0.098,0.228,0.671,0.385,-0.024,0.663,0.03,0.534,0.47,0.435,0.211,0.586,0.21,0.681,0.73,0.507,0.673,0.142,-0.258,0.026,0.128,0.436,0.711,0.235,0.63,0.506,-0.372,0.917,0.478,0.771,-0.264,0.575,0.155,0.577,0.104,0.287,0.745,0.66,-0.179,0.884,-0.079,0.4,-0.063
ARVN,-0.663,0.245,0.065,0.604,-0.109,0.689,0.289,0.396,-0.294,-0.052,-0.299,-0.178,0.622,0.049,0.24,0.0,-0.163,-0.053,0.344,-0.043,0.364,0.126,0.078,0.12,0.359,0.274,0.249,0.624,0.54,0.518,0.446,0.464,0.351,0.629,0.436,0.531,0.329,0.259,0.136,0.715,0.54,0.262,0.211,0.643,0.424,0.147,0.147,0.538,0.066,0.533,0.215,0.515,-0.114,0.551,0.297,-0.19,0.203,0.232,0.077,-0.004,0.324,0.623,0.481,0.167,0.109,0.28,0.014,0.266,0.303,0.529,0.54,0.072,0.561,-0.06,0.19,0.315,0.594,0.486,-0.084,0.018,0.327,0.183,-0.058,0.175,0.307,0.224,0.483,0.343,-0.342,-0.143,0.329,0.204,0.668,0.216,0.534,0.489,-0.223,0.016,0.084,0.265,0.057,0.497,0.51,0.234,0.341,0.649,0.266,-0.238,0.365,0.421,0.643,0.204,0.228,0.411,0.24,0.269,0.415,0.366,0.569,0.026,0.061,0.059,0.016,0.504,0.502,0.121,0.104,0.051,0.36,0.313,0.028,0.474,0.52,0.237,-0.179,0.192,0.485,0.377,0.437,-0.183,0.109,-0.262,0.042,0.113,-0.009,0.662,0.439,0.721,0.231,0.324,0.219,0.04,0.277,0.804,0.755,0.254,-0.038,0.244,0.208,-0.208,-0.313,0.224,-0.041,0.497,-0.181,0.541,0.741,0.11,0.045,0.081,0.499,-0.049,0.137,0.197,0.368,0.335,0.522,0.229,0.0,0.449,0.183,-0.01,0.333,0.152,0.312,0.187,0.104,0.332,0.276,0.36,0.281,0.066,0.346,0.2,0.356,0.344,0.174,0.506,0.311,0.31
ATEC,0.665,0.821,-0.468,0.156,0.932,-0.334,-0.335,-0.735,0.64,-0.409,0.865,0.882,-0.226,0.903,0.427,-0.163,0.0,0.487,-0.681,0.84,-0.174,0.737,-0.404,0.572,-0.714,-0.314,-0.383,0.449,-0.008,-0.01,-0.61,-0.146,0.44,0.134,-0.34,-0.473,-0.246,-0.165,-0.013,-0.49,-0.641,-0.5,0.123,0.11,-0.578,-0.649,0.718,-0.564,0.785,0.012,-0.76,-0.74,0.287,0.399,0.352,0.822,0.553,0.657,0.556,0.885,-0.753,-0.356,0.009,-0.026,-0.167,0.67,-0.505,-0.39,0.596,-0.121,0.403,-0.567,0.233,0.728,0.533,0.49,0.355,-0.449,0.096,0.677,-0.742,-0.855,0.674,0.489,-0.674,-0.835,0.482,0.502,0.479,0.673,-0.027,0.806,0.455,0.031,-0.599,0.512,0.558,0.731,-0.388,0.729,-0.066,0.426,0.449,-0.881,-0.165,0.131,-0.79,0.785,0.414,0.417,-0.158,0.622,-0.561,0.084,0.604,-0.355,-0.575,0.421,-0.127,-0.541,0.647,0.087,0.635,-0.547,-0.43,0.553,-0.04,0.812,-0.596,0.666,-0.013,-0.054,0.172,0.48,0.838,-0.633,0.272,-0.048,0.116,0.832,0.303,0.931,0.278,0.732,-0.278,0.132,-0.012,-0.404,0.155,-0.665,-0.454,0.243,0.386,-0.08,0.209,-0.665,0.799,-0.625,0.09,0.871,0.264,0.375,0.791,-0.643,0.593,0.366,-0.018,0.561,0.609,-0.076,0.312,0.231,0.634,0.487,-0.271,-0.842,-0.23,-0.315,0.751,-0.108,-0.126,0.735,0.599,-0.658,0.446,0.792,0.801,-0.632,0.494,-0.287,0.071,-0.0,0.201,0.698,0.614,0.181,0.404,-0.094,-0.151,-0.678
ATXS,0.084,0.573,0.29,0.528,0.446,0.153,0.435,-0.199,0.648,0.333,0.542,0.452,0.408,0.465,0.433,-0.053,0.487,0.0,-0.182,0.5,-0.127,0.114,0.387,0.802,-0.114,0.388,0.34,0.507,-0.196,0.559,0.03,-0.015,0.66,0.275,0.335,0.114,0.072,0.472,0.532,-0.048,-0.069,0.181,0.652,0.321,-0.47,0.046,0.244,0.071,0.614,0.474,-0.144,-0.173,-0.145,0.481,-0.064,0.692,0.039,0.239,0.502,0.42,-0.033,-0.273,0.249,0.471,0.354,0.644,0.054,0.374,0.311,0.494,0.102,-0.138,0.465,0.29,-0.013,0.623,0.568,0.109,0.614,0.012,-0.089,-0.327,0.168,0.639,-0.094,-0.242,0.464,0.744,0.715,0.232,-0.308,0.418,0.04,0.687,-0.0,0.197,0.695,0.731,0.239,0.67,0.535,0.676,0.405,-0.446,0.38,-0.016,-0.085,0.202,-0.242,-0.021,0.371,0.595,0.222,-0.105,0.409,0.482,0.053,0.374,0.402,-0.168,0.696,0.256,0.364,-0.159,-0.175,0.208,0.626,0.485,0.128,0.43,0.646,0.619,0.265,0.697,0.573,0.093,0.297,0.192,0.52,0.535,0.553,0.417,0.783,0.246,0.491,0.141,0.196,-0.049,0.713,0.002,-0.067,-0.348,-0.013,0.332,0.008,-0.003,0.149,0.184,0.758,0.502,0.715,0.578,0.297,-0.024,0.744,-0.179,0.272,0.588,-0.006,0.704,0.693,0.29,0.377,-0.023,0.457,-0.273,0.427,0.538,0.645,0.028,0.612,0.324,0.014,0.053,0.272,0.561,0.666,0.024,-0.088,0.291,-0.054,0.64,0.682,0.252,0.659,0.208,0.324,-0.138,0.425,0.124
AVAV,-0.737,-0.374,0.753,0.341,-0.798,0.693,0.687,0.916,-0.579,0.553,-0.699,-0.666,0.654,-0.648,-0.004,0.344,-0.681,-0.182,0.0,-0.707,0.468,-0.679,0.625,-0.33,0.892,0.718,0.733,-0.215,0.211,0.482,0.887,0.62,0.045,0.391,0.676,0.822,0.714,0.632,0.355,0.754,0.825,0.723,0.36,0.299,0.761,0.758,-0.57,0.833,-0.567,0.363,0.949,0.827,-0.302,0.171,0.083,-0.645,-0.471,-0.426,-0.105,-0.712,0.917,0.736,0.5,0.24,0.33,-0.141,0.584,0.7,-0.242,0.561,-0.01,0.508,0.324,-0.655,-0.431,-0.069,0.07,0.778,0.106,-0.7,0.928,0.833,-0.439,-0.152,0.931,0.682,-0.039,0.073,-0.047,-0.523,0.136,-0.621,-0.197,0.372,0.838,-0.446,-0.44,-0.43,0.622,-0.366,0.505,0.077,0.079,0.8,0.588,0.096,0.904,-0.778,-0.337,-0.387,0.643,-0.203,0.773,0.124,-0.202,0.672,0.8,-0.014,0.588,0.593,-0.268,0.446,-0.262,0.843,0.752,-0.365,0.395,-0.455,0.893,-0.32,0.426,0.455,0.307,-0.011,-0.626,0.868,0.021,0.622,0.403,-0.624,0.043,-0.742,0.236,-0.59,0.457,0.087,0.423,0.757,0.172,0.659,0.588,0.012,-0.25,0.421,0.191,0.76,-0.715,0.818,0.348,-0.629,0.007,-0.206,-0.48,0.886,-0.223,-0.197,0.403,-0.175,-0.597,0.419,0.147,-0.071,-0.576,-0.426,0.641,0.891,0.605,0.634,-0.227,0.559,0.534,-0.521,-0.38,0.754,-0.098,-0.457,-0.428,0.821,-0.466,0.578,0.192,0.292,0.253,-0.509,-0.17,0.034,-0.185,-0.111,0.629,0.823
AXON,0.522,0.78,-0.468,0.262,0.904,-0.293,-0.374,-0.655,0.642,-0.468,0.852,0.901,-0.081,0.862,0.505,-0.043,0.84,0.5,-0.707,0.0,-0.04,0.757,-0.434,0.669,-0.749,-0.4,-0.454,0.486,0.133,0.128,-0.62,-0.239,0.566,0.094,-0.403,-0.485,-0.228,-0.228,0.032,-0.516,-0.535,-0.538,0.01,0.29,-0.553,-0.586,0.661,-0.556,0.843,0.189,-0.773,-0.571,0.362,0.428,0.357,0.865,0.659,0.764,0.478,0.921,-0.709,-0.484,-0.124,0.124,-0.033,0.708,-0.369,-0.415,0.669,-0.092,0.469,-0.383,0.306,0.84,0.651,0.493,0.457,-0.504,0.089,0.737,-0.756,-0.803,0.663,0.368,-0.593,-0.787,0.635,0.513,0.407,0.691,0.075,0.912,0.457,-0.03,-0.463,0.681,0.487,0.771,-0.546,0.73,-0.119,0.477,0.537,-0.827,-0.064,0.278,-0.776,0.826,0.325,0.584,-0.179,0.728,-0.584,0.245,0.672,-0.319,-0.587,0.495,-0.109,-0.422,0.568,-0.092,0.651,-0.454,-0.338,0.682,-0.106,0.83,-0.619,0.683,-0.064,-0.012,0.291,0.596,0.857,-0.619,0.212,-0.159,0.2,0.763,0.082,0.886,0.269,0.826,-0.171,0.087,0.119,-0.365,0.081,-0.643,-0.219,0.06,0.485,0.053,0.174,-0.468,0.826,-0.623,0.038,0.888,0.282,0.25,0.764,-0.592,0.554,0.368,0.081,0.429,0.691,-0.019,0.444,0.432,0.743,0.621,-0.201,-0.812,-0.246,-0.291,0.669,-0.041,-0.115,0.782,0.604,-0.705,0.564,0.769,0.808,-0.675,0.641,-0.249,0.052,0.113,0.188,0.802,0.673,0.094,0.504,0.067,-0.073,-0.625
BANF,-0.292,0.102,0.15,0.427,-0.192,0.197,0.06,0.594,-0.344,-0.256,-0.026,0.113,0.495,-0.162,0.67,0.364,-0.174,-0.127,0.468,-0.04,0.0,0.075,-0.114,0.038,0.166,0.069,0.196,-0.069,0.832,0.481,0.201,0.247,0.203,0.361,-0.021,0.373,0.825,0.137,-0.09,0.255,0.313,-0.065,-0.149,0.694,0.754,0.245,-0.239,0.181,-0.21,0.585,0.378,0.524,0.494,0.317,0.366,-0.085,0.459,0.45,-0.127,0.023,0.364,0.527,0.17,0.205,0.375,0.352,0.381,0.063,0.469,0.172,0.543,0.505,0.451,0.245,0.514,-0.105,0.247,0.114,-0.188,0.192,0.304,0.405,0.352,-0.44,0.611,0.006,0.571,0.203,-0.159,0.252,0.841,0.11,0.247,-0.131,0.559,-0.046,-0.621,-0.197,-0.223,-0.185,-0.092,0.23,0.541,0.424,0.547,0.461,0.228,0.01,-0.117,0.418,0.41,0.363,0.005,0.863,0.534,0.119,0.128,0.665,0.144,0.57,-0.233,0.377,0.509,0.793,0.869,0.518,-0.224,0.307,0.288,0.303,0.097,0.19,0.799,0.458,0.09,0.328,-0.301,0.379,0.48,-0.248,-0.449,-0.064,0.059,0.279,0.305,-0.242,0.86,0.511,-0.216,-0.025,0.847,0.004,0.641,0.389,0.472,0.52,0.122,0.137,-0.082,0.12,-0.007,-0.494,0.205,0.378,0.044,0.42,0.426,-0.295,0.342,0.004,0.355,0.61,0.103,0.52,0.143,0.282,0.01,0.108,-0.093,0.819,0.109,0.262,0.197,-0.102,0.703,-0.094,0.156,-0.014,0.432,0.146,0.623,-0.023,-0.009,0.388,0.183,-0.376,0.646,0.022,0.405,0.211
BATRK,0.536,0.732,-0.728,0.124,0.822,-0.384,-0.555,-0.651,0.391,-0.783,0.717,0.804,-0.255,0.807,0.52,0.126,0.737,0.114,-0.679,0.757,0.075,0.0,-0.709,0.43,-0.714,-0.553,-0.54,0.448,0.382,-0.08,-0.682,-0.203,0.262,0.194,-0.517,-0.439,-0.166,-0.36,-0.39,-0.4,-0.631,-0.709,-0.245,0.287,-0.297,-0.749,0.797,-0.609,0.669,0.051,-0.776,-0.574,0.502,0.299,0.472,0.634,0.858,0.857,0.321,0.879,-0.774,-0.204,-0.023,-0.181,-0.303,0.564,-0.553,-0.594,0.741,-0.279,0.651,-0.547,0.179,0.775,0.834,0.358,0.318,-0.526,-0.258,0.906,-0.751,-0.702,0.712,0.183,-0.632,-0.769,0.558,0.285,-0.017,0.716,0.402,0.864,0.663,-0.365,-0.53,0.689,0.147,0.463,-0.725,0.532,-0.517,0.29,0.482,-0.664,-0.212,0.376,-0.836,0.825,0.657,0.825,-0.19,0.553,-0.753,0.452,0.69,-0.569,-0.594,0.572,-0.297,-0.443,0.365,0.002,0.619,-0.352,-0.192,0.748,-0.431,0.785,-0.708,0.764,-0.361,-0.18,0.278,0.367,0.709,-0.775,0.194,-0.069,0.001,0.721,-0.013,0.794,-0.065,0.881,-0.454,0.155,0.162,-0.238,-0.133,-0.66,-0.279,0.275,0.741,0.029,0.459,-0.655,0.93,-0.76,-0.261,0.755,-0.091,0.13,0.82,-0.573,0.267,0.695,0.05,0.26,0.882,-0.426,0.186,0.292,0.67,0.808,-0.463,-0.775,-0.423,-0.563,0.412,0.101,-0.448,0.711,0.843,-0.821,0.635,0.662,0.709,-0.719,0.838,-0.323,0.363,-0.35,-0.088,0.859,0.521,0.08,0.587,0.246,-0.349,-0.735
BIDU,-0.546,-0.21,0.884,0.367,-0.532,0.655,0.912,0.525,0.025,0.947,-0.391,-0.53,0.62,-0.387,-0.134,0.078,-0.404,0.387,0.625,-0.434,-0.114,-0.709,0.0,0.04,0.788,0.888,0.751,0.043,-0.374,0.544,0.812,0.489,0.241,0.287,0.849,0.686,0.271,0.752,0.703,0.575,0.625,0.921,0.776,0.094,0.081,0.767,-0.372,0.786,-0.2,0.338,0.704,0.469,-0.685,0.185,-0.238,-0.272,-0.757,-0.582,0.25,-0.552,0.749,0.242,0.464,0.564,0.421,-0.048,0.49,0.937,-0.456,0.736,-0.321,0.248,0.278,-0.649,-0.752,0.241,0.18,0.803,0.661,-0.856,0.771,0.555,-0.648,0.39,0.603,0.604,-0.125,0.306,0.446,-0.565,-0.5,-0.51,-0.407,0.846,0.598,-0.367,0.306,0.056,0.903,0.011,0.86,0.309,-0.085,0.416,0.524,-0.258,0.791,-0.681,-0.501,-0.67,0.622,-0.09,0.944,-0.433,-0.358,0.923,0.753,-0.206,0.691,0.203,0.228,0.341,-0.384,0.351,0.191,-0.59,0.885,-0.427,0.787,-0.311,0.801,0.715,-0.028,0.13,-0.377,0.801,0.268,0.461,0.377,-0.287,0.541,-0.543,0.612,-0.645,0.575,0.184,0.038,0.391,0.71,0.749,0.177,-0.34,-0.652,0.378,-0.198,0.6,-0.788,0.905,0.791,-0.435,0.52,0.362,-0.534,0.669,0.206,-0.617,0.289,0.213,-0.832,0.881,0.328,-0.212,-0.377,-0.762,0.866,0.653,0.817,0.909,0.103,0.101,0.876,-0.496,-0.639,0.891,-0.343,-0.153,-0.168,0.862,-0.819,0.706,-0.324,0.675,0.65,-0.649,0.016,0.294,-0.375,-0.209,0.714,0.862
BLNE,0.129,0.676,0.022,0.515,0.596,0.067,0.186,-0.31,0.567,-0.029,0.669,0.623,0.333,0.598,0.558,0.12,0.572,0.802,-0.33,0.669,0.038,0.43,0.04,0.0,-0.307,0.118,0.095,0.566,0.101,0.498,-0.188,-0.081,0.628,0.309,0.085,-0.037,0.024,0.243,0.252,-0.088,-0.164,-0.087,0.406,0.444,-0.419,-0.167,0.401,-0.109,0.65,0.45,-0.343,-0.222,0.079,0.523,0.094,0.777,0.347,0.504,0.418,0.612,-0.257,-0.19,0.23,0.365,0.218,0.742,-0.03,0.124,0.537,0.357,0.342,-0.178,0.449,0.545,0.327,0.6,0.565,-0.063,0.375,0.315,-0.319,-0.465,0.371,0.544,-0.205,-0.479,0.622,0.705,0.474,0.406,-0.052,0.663,0.313,0.414,-0.063,0.435,0.486,0.671,-0.092,0.677,0.255,0.692,0.54,-0.551,0.347,0.292,-0.328,0.389,0.005,0.342,0.278,0.748,-0.066,0.154,0.587,0.215,-0.124,0.508,0.282,-0.253,0.673,0.183,0.582,-0.157,-0.101,0.433,0.331,0.658,-0.107,0.551,0.363,0.468,0.409,0.747,0.728,-0.15,0.331,0.128,0.504,0.584,0.363,0.56,0.612,0.504,0.214,0.178,0.269,-0.056,0.487,-0.192,-0.021,-0.219,0.274,0.364,0.21,-0.111,0.428,-0.092,0.495,0.625,0.461,0.446,0.48,-0.175,0.69,0.132,0.361,0.554,0.304,0.406,0.654,0.378,0.575,0.286,0.226,-0.43,0.225,0.254,0.633,0.108,0.335,0.509,0.301,-0.229,0.473,0.675,0.772,-0.219,0.279,0.148,0.077,0.476,0.553,0.531,0.699,0.161,0.512,0.076,0.236,-0.128
BLNK,-0.766,-0.422,0.787,0.264,-0.829,0.749,0.797,0.811,-0.437,0.745,-0.743,-0.788,0.619,-0.637,-0.208,0.359,-0.714,-0.114,0.892,-0.749,0.166,-0.714,0.788,-0.307,0.0,0.801,0.765,-0.08,-0.039,0.441,0.949,0.649,-0.008,0.344,0.825,0.839,0.445,0.664,0.425,0.822,0.836,0.9,0.479,0.139,0.545,0.828,-0.482,0.922,-0.552,0.281,0.911,0.75,-0.572,0.118,-0.115,-0.688,-0.676,-0.611,-0.012,-0.779,0.891,0.645,0.568,0.321,0.271,-0.252,0.505,0.847,-0.457,0.637,-0.187,0.376,0.209,-0.797,-0.65,0.019,0.024,0.895,0.292,-0.841,0.948,0.83,-0.713,0.062,0.811,0.789,-0.18,0.053,-0.047,-0.703,-0.162,-0.67,-0.243,0.53,0.813,-0.392,-0.232,-0.378,0.798,-0.305,0.588,0.095,-0.085,0.763,0.5,-0.012,0.941,-0.867,-0.311,-0.532,0.668,-0.295,0.907,-0.159,-0.429,0.776,0.915,-0.21,0.646,0.368,-0.148,0.355,-0.485,0.659,0.517,-0.622,0.579,-0.63,0.896,-0.43,0.506,0.546,0.052,-0.133,-0.697,0.854,0.228,0.559,0.304,-0.623,0.271,-0.829,0.263,-0.724,0.408,0.237,0.154,0.685,0.401,0.838,0.343,-0.07,-0.497,0.455,0.075,0.682,-0.848,0.912,0.48,-0.748,0.079,0.082,-0.65,0.866,-0.166,-0.32,0.361,-0.099,-0.784,0.521,0.079,-0.322,-0.563,-0.659,0.728,0.938,0.752,0.721,-0.229,0.329,0.627,-0.677,-0.528,0.921,-0.337,-0.42,-0.469,0.956,-0.676,0.721,-0.053,0.39,0.39,-0.7,-0.216,0.293,-0.387,0.008,0.597,0.914
BTAI,-0.573,-0.006,0.854,0.51,-0.445,0.733,0.921,0.586,-0.055,0.813,-0.352,-0.419,0.734,-0.272,0.055,0.274,-0.314,0.388,0.718,-0.4,0.069,-0.553,0.888,0.118,0.801,0.0,0.84,0.176,-0.146,0.656,0.857,0.643,0.348,0.514,0.917,0.823,0.487,0.879,0.653,0.727,0.658,0.897,0.836,0.286,0.261,0.687,-0.23,0.845,-0.118,0.439,0.726,0.5,-0.573,0.386,0.001,-0.21,-0.582,-0.399,0.306,-0.444,0.746,0.492,0.717,0.481,0.391,0.166,0.437,0.925,-0.206,0.824,-0.051,0.181,0.474,-0.571,-0.568,0.376,0.336,0.867,0.598,-0.727,0.783,0.515,-0.483,0.448,0.664,0.489,0.063,0.455,0.419,-0.468,-0.286,-0.387,-0.17,0.835,0.651,-0.264,0.158,0.071,0.832,0.105,0.845,0.465,0.165,0.41,0.605,-0.058,0.761,-0.628,-0.346,-0.489,0.805,0.05,0.887,-0.199,-0.116,0.901,0.8,0.043,0.808,0.229,0.303,0.552,-0.185,0.492,0.377,-0.42,0.846,-0.244,0.878,-0.103,0.811,0.784,0.208,0.263,-0.301,0.813,0.393,0.674,0.564,-0.2,0.607,-0.446,0.696,-0.52,0.554,0.336,0.245,0.585,0.741,0.677,0.224,-0.141,-0.437,0.519,0.134,0.545,-0.648,0.875,0.814,-0.346,0.431,0.369,-0.322,0.727,0.24,-0.367,0.453,0.331,-0.689,0.82,0.437,-0.169,-0.367,-0.599,0.854,0.643,0.872,0.887,0.236,0.376,0.87,-0.396,-0.38,0.8,-0.141,-0.018,-0.035,0.87,-0.645,0.69,-0.047,0.643,0.699,-0.477,0.164,0.363,-0.191,-0.134,0.773,0.808
BYND,-0.539,-0.084,0.735,0.424,-0.527,0.605,0.848,0.677,-0.09,0.703,-0.406,-0.415,0.691,-0.363,0.118,0.249,-0.383,0.34,0.733,-0.454,0.196,-0.54,0.751,0.095,0.765,0.84,0.0,0.129,-0.034,0.614,0.784,0.538,0.311,0.419,0.775,0.758,0.546,0.757,0.549,0.626,0.677,0.762,0.622,0.271,0.374,0.696,-0.325,0.763,-0.234,0.552,0.749,0.606,-0.321,0.267,-0.108,-0.281,-0.449,-0.338,0.185,-0.443,0.772,0.518,0.552,0.384,0.453,0.065,0.535,0.81,-0.105,0.672,-0.134,0.352,0.386,-0.49,-0.481,0.299,0.328,0.691,0.331,-0.612,0.761,0.609,-0.326,0.189,0.671,0.591,0.065,0.34,0.239,-0.355,-0.113,-0.377,-0.218,0.659,0.677,-0.358,-0.0,0.006,0.715,-0.026,0.644,0.31,0.154,0.509,0.583,-0.04,0.766,-0.62,-0.33,-0.451,0.735,-0.072,0.807,-0.029,-0.106,0.835,0.825,0.054,0.621,0.464,0.091,0.459,-0.203,0.555,0.462,-0.306,0.64,-0.256,0.842,-0.111,0.738,0.724,0.199,0.207,-0.342,0.761,0.155,0.566,0.45,-0.23,0.43,-0.506,0.58,-0.437,0.597,0.183,0.308,0.545,0.599,0.648,0.325,-0.073,-0.276,0.495,0.146,0.533,-0.6,0.806,0.745,-0.371,0.391,0.264,-0.391,0.729,0.11,-0.219,0.358,0.019,-0.562,0.668,0.37,-0.004,-0.331,-0.461,0.732,0.674,0.76,0.854,-0.001,0.369,0.721,-0.423,-0.404,0.745,-0.059,-0.259,-0.071,0.771,-0.551,0.703,0.198,0.599,0.491,-0.428,0.113,0.248,-0.027,-0.038,0.652,0.79
CAN,-0.167,0.667,-0.126,0.591,0.474,0.408,0.222,-0.193,0.376,-0.03,0.286,0.322,0.41,0.585,0.331,0.624,0.449,0.507,-0.215,0.486,-0.069,0.448,0.043,0.566,-0.08,0.176,0.129,0.0,0.146,0.487,0.042,0.252,0.64,0.531,0.325,0.13,-0.07,0.198,0.309,0.264,0.108,0.088,0.395,0.481,-0.245,-0.151,0.522,0.177,0.605,0.489,-0.31,-0.05,-0.104,0.649,0.208,0.385,0.324,0.443,0.459,0.491,-0.148,0.086,0.377,0.287,0.072,0.581,-0.289,0.154,0.462,0.449,0.45,-0.317,0.539,0.328,0.246,0.7,0.76,0.179,0.206,0.272,-0.146,-0.372,0.175,0.597,-0.239,-0.171,0.585,0.648,0.115,0.175,-0.046,0.624,0.681,0.429,0.055,0.716,0.457,0.624,0.025,0.783,0.163,0.687,0.58,-0.403,0.16,0.483,-0.194,0.177,0.502,0.41,0.464,0.512,0.025,0.147,0.425,0.212,0.113,0.406,0.466,-0.392,0.543,-0.001,0.211,-0.094,-0.084,0.257,0.308,0.427,-0.02,0.56,0.19,0.542,0.342,0.47,0.354,-0.181,0.644,0.188,0.394,0.413,0.474,0.299,0.359,0.423,-0.035,0.687,0.187,0.252,0.545,0.047,-0.251,0.038,0.239,0.666,0.563,-0.212,0.317,-0.042,0.49,0.317,0.092,0.682,0.273,0.05,0.286,0.481,0.554,0.49,0.227,0.248,0.651,0.026,0.563,0.25,0.309,-0.202,0.469,0.23,0.452,0.073,0.245,0.298,0.439,-0.091,0.348,0.616,0.579,0.015,0.296,0.285,0.102,0.291,0.56,0.431,0.724,0.557,0.268,0.474,0.247,-0.034
CCEC,-0.221,0.271,-0.137,0.443,0.052,0.148,-0.123,0.337,-0.321,-0.529,0.111,0.247,0.367,0.071,0.666,0.54,-0.008,-0.196,0.211,0.133,0.832,0.382,-0.374,0.101,-0.039,-0.146,-0.034,0.146,0.0,0.352,-0.003,0.152,0.192,0.42,-0.151,0.194,0.61,0.014,-0.316,0.217,0.134,-0.266,-0.216,0.679,0.577,-0.11,0.062,0.034,-0.021,0.443,0.091,0.353,0.524,0.367,0.435,0.031,0.657,0.586,-0.073,0.226,0.088,0.532,0.201,0.104,0.195,0.419,0.055,-0.154,0.603,0.125,0.709,0.261,0.425,0.402,0.683,-0.003,0.334,0.005,-0.305,0.449,0.049,0.134,0.413,-0.292,0.325,-0.193,0.639,0.201,-0.342,0.33,0.849,0.343,0.573,-0.281,0.359,0.3,-0.591,-0.167,-0.444,-0.024,-0.313,0.276,0.593,0.169,0.428,0.676,-0.052,0.174,0.22,0.699,0.331,0.388,-0.23,0.875,0.632,-0.123,-0.038,0.719,0.096,0.259,-0.095,0.286,0.579,0.619,0.735,0.619,-0.379,0.44,0.032,0.464,-0.15,0.102,0.748,0.411,0.21,0.004,-0.141,0.284,0.416,-0.083,-0.387,0.079,-0.102,0.465,-0.033,-0.017,0.773,0.465,-0.259,-0.166,0.607,0.044,0.77,0.431,0.646,0.263,0.367,-0.115,-0.211,0.209,-0.24,-0.336,0.371,0.146,-0.057,0.678,0.473,-0.143,0.546,-0.241,0.337,0.471,0.311,0.688,-0.083,0.045,-0.091,-0.139,-0.061,0.758,-0.126,0.387,0.505,-0.332,0.745,0.111,0.285,-0.197,0.675,-0.014,0.592,-0.273,-0.077,0.604,0.274,-0.247,0.715,0.134,0.163,-0.045
CDW,-0.564,0.417,0.587,0.912,-0.069,0.723,0.735,0.488,0.086,0.384,0.034,0.055,0.92,0.096,0.586,0.518,-0.01,0.559,0.482,0.128,0.481,-0.08,0.544,0.498,0.441,0.656,0.614,0.487,0.352,0.0,0.569,0.476,0.776,0.735,0.643,0.681,0.634,0.704,0.546,0.529,0.557,0.5,0.671,0.839,0.252,0.438,-0.03,0.646,0.228,0.867,0.407,0.516,-0.199,0.727,0.28,0.152,0.049,0.24,0.416,0.065,0.509,0.387,0.607,0.639,0.517,0.638,0.368,0.679,0.392,0.827,0.446,0.261,0.854,0.033,0.067,0.557,0.746,0.613,0.422,-0.205,0.476,0.275,-0.009,0.399,0.587,0.155,0.685,0.796,0.386,-0.015,0.155,0.203,0.266,0.693,0.683,0.2,0.118,0.395,0.354,0.441,0.619,0.798,0.701,0.154,0.811,0.476,0.416,-0.237,-0.139,0.133,0.842,0.563,0.569,0.321,0.467,0.768,0.511,0.557,0.804,0.202,0.384,0.437,0.291,0.586,0.56,0.186,0.621,0.297,0.584,0.383,0.659,0.869,0.741,0.759,0.142,0.54,0.355,0.676,0.836,0.043,0.313,-0.086,0.717,0.062,0.536,0.32,0.707,0.678,0.595,0.359,0.479,-0.197,0.136,0.838,0.433,0.541,-0.127,0.593,0.755,0.106,0.426,0.273,0.09,0.602,0.405,0.069,0.742,0.327,-0.119,0.74,0.862,0.314,0.176,0.032,0.823,0.331,0.735,0.767,0.403,0.645,0.768,0.077,0.044,0.363,0.481,0.292,0.441,0.451,-0.011,0.627,0.238,0.624,0.765,0.178,0.677,0.224,0.381,0.001,0.853,0.562
CDXS,-0.807,-0.28,0.815,0.441,-0.726,0.834,0.837,0.815,-0.376,0.751,-0.683,-0.69,0.745,-0.519,-0.093,0.446,-0.61,0.03,0.887,-0.62,0.201,-0.682,0.812,-0.188,0.949,0.857,0.784,0.042,-0.003,0.569,0.0,0.672,0.175,0.455,0.885,0.885,0.524,0.741,0.571,0.849,0.879,0.896,0.591,0.273,0.518,0.8,-0.448,0.956,-0.396,0.402,0.888,0.767,-0.563,0.298,-0.003,-0.569,-0.617,-0.514,0.064,-0.672,0.903,0.639,0.611,0.387,0.364,-0.081,0.508,0.865,-0.33,0.752,-0.05,0.363,0.393,-0.734,-0.603,0.13,0.214,0.91,0.341,-0.802,0.943,0.726,-0.618,0.154,0.809,0.735,-0.025,0.217,0.073,-0.627,-0.153,-0.555,-0.147,0.642,0.838,-0.259,-0.145,-0.244,0.795,-0.14,0.688,0.261,0.066,0.677,0.563,0.051,0.925,-0.829,-0.306,-0.45,0.767,-0.157,0.912,-0.101,-0.294,0.829,0.894,-0.075,0.766,0.376,-0.043,0.377,-0.39,0.674,0.535,-0.514,0.651,-0.502,0.936,-0.298,0.569,0.639,0.207,0.025,-0.62,0.871,0.303,0.621,0.456,-0.541,0.327,-0.745,0.378,-0.624,0.481,0.331,0.26,0.752,0.48,0.797,0.358,-0.127,-0.438,0.561,0.189,0.697,-0.786,0.921,0.577,-0.643,0.13,0.151,-0.548,0.899,-0.081,-0.279,0.494,0.042,-0.748,0.62,0.283,-0.218,-0.487,-0.6,0.816,0.879,0.846,0.782,-0.084,0.39,0.736,-0.578,-0.427,0.88,-0.234,-0.292,-0.349,0.943,-0.604,0.721,-0.025,0.467,0.515,-0.593,-0.051,0.296,-0.325,-0.012,0.721,0.92
