,ABEO,ACHC,AGNCN,AKAM,AKRO,ALRM,AMAT,AMED,AMRN,ANGI,APA,APOG,APPS,ARCB,ARCC,ARVN,ATEC,ATXS,AVAV,AXON,BANF,BATRK,BIDU,BLNE,BLNK,BTAI,BYND,CAN,CCEC,CDW,CDXS,CELH,CGNX,CHKP,CHRS,CHRW,CIGI,CKPT,CMPR,COGT,CRNC,CRSP,CSTL,CTSH,CVGW,DGLY,DNLI,DOCU,DVAX,EBAY,EHTH,ERII,ESLT,EXPE,EXPO,FBIOP,FFBC,FFIN,FOXF,FWRD,GDS,GERN,GPRE,GRWG,GRYP,HEES,HELE,HIVE,HON,HRTX,HSTM,HURA,IART,IBKR,IBOC,IBRX,IDXX,INGN,INM,INVA,IQ,IRBT,KDP,KPTI,KTOS,KXIN,LAMR,LFUS,LGIH,LGMK,LKFN,LNW,LOPE,LPSN,LYFT,MGNX,MLCO,MNST,MODV,MSTR,MTCH,MYGN,MYRG,NCMI,NEXT,NFLX,NIU,NKTR,NRC,NTNX,NTRA,NVEE,NVMI,NWL,NWS,NXPI,OCGN,OCSL,OKTA,OLLI,OTLK,OXLC,PAA,PARA,PARAA,PDCO,PDFS,PFG,PGEN,PNFP,PODD,POWI,PSMT,PTC,PTEN,PVLA,RDNT,RDUS,RDWR,REGN,RNAC,ROCK,ROST,RRR,RSLS,RVMD,RYAAY,SAFT,SAGE,SAVA,SBGI,SFM,SFNC,SHYF,SIBN,SIFY,SIGI,SIMO,SITM,SLM,SNBR,SNDX,SNY,SPNS,SRRK,STRA,SUPN,SYRE,TCBK,TEAM,TECH,THRM,TLRY,TRMK,TROW,TSLA,TWST,TXN,UFPI,UNIT,UPWK,USLM,UTHR,VERB,VLY,VRNA,VRRM,VXRT,WAFD,WATT,WBA,WING,WIX,WTFC,WTW,XPEL,XRX,YMAB,ZG,ZLAB
ABEO,0.0,0.204,-0.252,0.51,0.128,0.224,0.55,0.46,0.701,0.767,0.481,0.131,0.645,0.578,0.538,0.487,0.423,0.628,0.513,0.624,0.318,0.141,0.703,-0.044,0.515,0.5,0.621,0.651,0.674,0.369,0.534,0.552,0.349,0.373,0.357,-0.36,0.596,0.252,-0.307,0.074,-0.197,0.661,0.549,0.632,0.237,0.602,0.612,0.741,0.549,0.505,-0.276,0.615,0.489,0.66,-0.092,-0.135,0.264,-0.024,0.466,0.101,0.728,0.136,0.392,0.695,0.613,0.124,-0.017,0.767,-0.053,0.565,-0.301,0.766,0.242,0.626,0.227,0.668,0.6,0.315,0.401,0.223,0.54,0.406,0.464,0.317,0.471,0.549,0.736,0.12,0.272,0.457,0.375,0.602,-0.118,0.187,0.662,-0.038,0.424,0.094,-0.196,0.514,0.435,0.356,0.721,0.461,-0.047,0.431,0.483,0.334,-0.11,0.733,0.71,0.345,0.541,0.093,0.565,0.513,0.815,0.561,0.673,0.467,0.51,0.516,0.45,0.624,0.618,0.433,0.639,0.633,-0.17,0.202,0.644,0.583,-0.174,0.524,0.396,0.608,0.23,0.709,0.21,0.19,0.217,-0.149,0.411,0.449,0.108,0.344,0.563,0.461,0.57,0.625,0.481,0.096,0.078,0.408,0.26,0.539,0.341,-0.095,0.615,0.618,0.008,0.199,0.469,0.552,0.547,0.066,0.642,-0.089,0.385,0.604,0.654,-0.056,0.592,0.069,0.071,0.354,0.725,0.117,0.022,0.132,0.689,-0.289,0.526,0.653,0.178,0.144,0.573,0.787,0.37,0.825,-0.191,0.602,0.224,0.523,0.253,0.638,0.476,-0.228,0.287,0.682
ACHC,0.204,0.0,0.425,0.259,0.663,0.784,0.667,0.461,-0.256,0.233,-0.38,0.777,0.234,0.506,-0.444,-0.031,0.739,0.039,0.413,-0.15,0.174,0.225,0.286,0.62,0.508,0.623,0.604,0.386,-0.01,-0.004,0.758,0.103,0.707,0.202,0.753,0.361,-0.204,0.039,0.601,0.508,0.325,0.411,-0.308,0.118,0.553,0.063,0.096,0.565,0.461,0.579,0.301,0.428,0.415,0.039,0.468,0.515,0.546,0.66,0.668,0.563,0.54,0.598,0.482,0.396,0.537,0.546,0.724,0.294,0.452,0.15,0.606,0.067,0.772,0.195,0.48,0.586,0.188,0.41,0.522,0.198,0.699,0.25,0.132,-0.092,0.551,0.233,0.297,0.695,0.804,0.474,0.185,0.291,0.427,0.742,0.187,0.516,0.745,0.573,0.474,0.43,0.647,0.703,0.422,0.28,0.545,0.445,0.662,0.68,-0.286,0.527,-0.18,0.709,0.627,0.436,0.083,0.545,0.355,-0.055,0.488,0.232,0.118,-0.16,-0.413,0.234,0.268,0.282,-0.112,0.043,0.533,0.613,0.055,0.154,0.574,0.474,-0.001,0.13,0.703,0.387,-0.015,0.024,0.447,0.599,0.735,0.068,0.664,0.662,-0.014,-0.154,-0.038,-0.088,0.552,0.279,0.637,0.635,0.722,0.25,0.192,0.618,0.439,-0.032,0.108,0.722,-0.263,0.243,0.442,-0.395,-0.264,0.169,0.246,-0.147,-0.033,0.68,0.241,0.583,0.609,0.66,0.037,0.283,0.682,0.613,0.124,0.327,0.587,-0.132,0.637,0.495,-0.134,0.474,0.501,0.173,0.536,-0.007,0.546,0.038,-0.041,0.263,0.328,0.482,0.565,0.495
AGNCN,-0.252,0.425,0.0,0.176,0.436,0.695,0.29,-0.387,-0.62,-0.346,-0.469,0.531,-0.604,0.07,-0.582,-0.695,0.331,-0.635,-0.325,-0.667,-0.43,0.283,-0.333,0.785,-0.243,0.025,0.384,-0.23,-0.399,0.093,0.405,-0.726,0.593,-0.496,0.09,0.868,-0.785,0.324,0.736,0.802,0.738,0.406,-0.824,-0.472,-0.042,-0.555,-0.519,0.017,0.003,0.375,0.891,-0.169,-0.164,-0.746,0.723,0.662,0.221,0.645,0.509,0.682,-0.055,0.681,0.478,-0.372,0.23,0.754,0.732,-0.315,0.906,-0.227,0.683,-0.55,0.328,-0.4,0.202,-0.2,-0.266,-0.217,0.388,-0.52,0.231,-0.062,-0.185,-0.815,0.052,0.155,-0.438,0.785,0.152,0.404,-0.255,-0.503,0.787,0.526,-0.551,0.88,0.25,0.724,0.677,-0.045,0.127,0.288,-0.187,-0.429,0.811,0.353,0.471,0.48,-0.112,0.092,-0.663,0.353,0.332,-0.111,-0.586,0.443,-0.332,-0.2,0.061,-0.124,-0.224,0.059,-0.53,-0.458,-0.382,-0.185,-0.709,-0.471,0.928,0.412,-0.542,-0.604,0.472,0.164,-0.778,0.002,0.621,-0.312,0.292,-0.478,0.782,0.927,0.582,-0.648,0.686,0.519,-0.685,-0.697,-0.662,-0.784,-0.141,-0.26,0.493,-0.111,0.395,0.083,0.065,0.836,0.189,-0.653,0.027,0.732,-0.565,0.042,-0.117,0.006,-0.545,0.726,-0.14,-0.746,-0.695,0.678,-0.542,0.496,0.851,0.577,-0.43,0.593,0.821,0.851,-0.277,0.814,-0.056,-0.497,0.35,0.726,-0.827,0.026,-0.014,-0.495,0.916,-0.71,0.779,-0.587,0.102,-0.361,0.123,0.86,-0.135,-0.234
AKAM,0.51,0.259,0.176,0.0,0.19,0.379,0.632,0.164,0.393,0.353,0.29,0.068,0.095,0.718,0.386,-0.014,0.328,0.205,0.128,0.475,0.018,0.163,0.414,0.011,-0.0,0.065,0.614,0.26,0.542,0.793,0.433,0.076,0.658,0.235,0.143,-0.091,0.266,0.428,-0.269,0.331,0.263,0.631,0.23,0.455,0.114,0.257,0.308,0.477,0.342,0.512,0.209,0.45,0.239,0.089,0.162,0.001,0.248,0.152,0.568,0.673,0.484,0.19,0.668,0.268,0.47,0.556,0.121,0.385,0.301,0.116,-0.044,0.394,0.211,0.396,-0.035,0.225,0.715,0.016,0.513,-0.399,0.441,0.502,0.64,-0.193,0.173,0.569,0.479,0.293,0.312,0.562,0.057,0.133,0.282,0.136,0.222,0.334,0.214,0.625,-0.002,0.234,0.457,0.165,0.422,-0.09,0.235,0.482,0.47,0.159,0.291,0.77,0.461,0.25,0.46,-0.359,0.37,0.785,0.441,0.657,0.501,0.684,0.285,0.702,0.5,0.171,0.179,0.321,0.376,0.244,0.082,0.182,0.49,0.179,-0.266,0.715,-0.271,0.6,0.47,0.32,0.549,-0.08,0.496,0.191,0.47,-0.066,0.102,0.38,0.198,0.302,0.259,0.194,0.022,-0.06,0.096,0.136,0.032,0.706,0.649,0.182,0.497,0.325,0.082,0.333,0.05,0.761,0.308,0.452,0.498,0.483,0.179,0.179,0.369,0.232,0.056,0.212,0.381,0.492,0.684,0.517,0.38,0.485,0.763,0.183,0.307,0.28,0.061,0.109,0.061,0.569,0.14,0.322,0.237,0.128,0.396,0.142,0.708,0.208,0.6,0.037,-0.185,0.406
AKRO,0.128,0.663,0.436,0.19,0.0,0.645,0.563,0.525,-0.417,0.22,-0.544,0.635,0.2,0.092,-0.371,0.06,0.734,0.239,0.596,-0.093,0.396,-0.094,0.366,0.446,0.499,0.725,0.367,0.502,-0.05,-0.011,0.661,0.125,0.673,0.355,0.588,0.205,-0.119,-0.267,0.532,0.492,-0.047,0.397,-0.26,0.264,0.695,0.262,0.291,0.452,0.5,0.611,0.118,-0.026,0.57,0.039,-0.023,0.4,0.634,0.806,0.612,0.521,0.377,0.406,0.572,0.369,0.729,0.378,0.602,0.351,0.272,0.463,0.391,0.065,0.906,0.393,0.669,0.471,0.169,0.666,0.64,0.135,0.725,0.36,0.283,-0.192,0.727,-0.13,0.251,0.585,0.419,0.702,0.338,0.428,0.489,0.765,0.276,0.574,0.833,0.379,0.124,0.648,0.674,0.806,0.16,0.433,0.588,0.261,0.675,0.671,-0.361,0.434,-0.217,0.82,0.614,0.065,0.214,0.411,0.308,-0.02,0.406,0.031,-0.212,-0.312,-0.343,0.28,0.311,-0.19,-0.208,0.262,0.481,0.818,-0.02,0.303,0.392,0.592,-0.053,0.008,0.648,0.278,-0.114,0.085,0.246,0.486,0.405,0.27,0.618,0.823,0.142,0.039,0.208,-0.085,0.452,0.588,0.792,0.645,0.803,0.412,-0.008,0.7,0.014,-0.042,0.168,0.564,-0.095,-0.043,0.679,-0.492,-0.306,0.149,0.447,-0.271,0.029,0.765,0.314,0.732,0.592,0.696,0.029,-0.078,0.426,0.609,0.145,0.173,0.458,0.072,0.818,0.491,-0.119,0.436,0.598,0.099,0.564,-0.312,0.556,0.282,-0.279,-0.022,0.295,0.291,0.411,0.467
ALRM,0.224,0.784,0.695,0.379,0.645,0.0,0.656,0.226,-0.308,0.204,-0.405,0.772,0.004,0.438,-0.417,-0.287,0.753,-0.185,0.187,-0.251,-0.02,0.485,0.176,0.784,0.292,0.529,0.752,0.288,-0.16,0.148,0.822,-0.195,0.861,-0.065,0.575,0.627,-0.422,0.308,0.694,0.83,0.494,0.675,-0.439,-0.071,0.361,-0.128,-0.037,0.577,0.514,0.756,0.595,0.309,0.26,-0.215,0.624,0.607,0.515,0.731,0.837,0.686,0.417,0.852,0.574,0.212,0.601,0.718,0.859,0.251,0.733,0.187,0.691,-0.057,0.679,0.046,0.503,0.416,0.047,0.244,0.686,-0.122,0.625,0.324,0.039,-0.355,0.521,0.359,0.093,0.886,0.604,0.638,0.152,0.057,0.75,0.852,-0.024,0.813,0.706,0.75,0.576,0.419,0.533,0.741,0.37,0.035,0.778,0.576,0.794,0.799,-0.072,0.576,-0.265,0.657,0.728,0.199,-0.14,0.674,0.219,0.038,0.551,0.235,0.116,0.072,-0.386,0.055,0.116,0.208,-0.252,-0.103,0.785,0.648,-0.093,-0.064,0.587,0.5,-0.292,0.284,0.786,0.252,0.327,-0.219,0.791,0.812,0.847,-0.233,0.799,0.786,-0.27,-0.357,-0.206,-0.324,0.3,0.011,0.686,0.437,0.75,0.36,0.172,0.76,0.524,-0.215,0.116,0.919,-0.36,0.403,0.318,-0.081,-0.245,0.522,0.194,-0.31,-0.244,0.734,-0.008,0.703,0.855,0.852,-0.029,0.435,0.839,0.865,0.114,0.651,0.455,-0.176,0.659,0.777,-0.36,0.497,0.388,0.105,0.692,-0.208,0.875,-0.151,0.094,0.17,0.328,0.731,0.378,0.28
AMAT,0.55,0.667,0.29,0.632,0.563,0.656,0.0,0.419,0.167,0.518,0.023,0.646,0.361,0.604,0.15,0.05,0.837,0.287,0.472,0.261,0.407,0.15,0.488,0.378,0.526,0.571,0.687,0.647,0.45,0.532,0.798,0.228,0.839,0.353,0.549,0.06,0.183,0.195,0.158,0.423,0.164,0.73,0.035,0.514,0.456,0.47,0.316,0.743,0.547,0.791,0.163,0.518,0.688,0.241,0.216,0.272,0.625,0.592,0.853,0.604,0.619,0.442,0.763,0.528,0.746,0.677,0.544,0.649,0.422,0.274,0.166,0.43,0.677,0.577,0.51,0.662,0.558,0.406,0.675,-0.023,0.746,0.547,0.522,-0.205,0.487,0.372,0.595,0.632,0.542,0.758,0.488,0.437,0.372,0.57,0.415,0.495,0.607,0.532,0.121,0.676,0.643,0.58,0.684,0.328,0.466,0.708,0.754,0.636,-0.229,0.857,0.197,0.747,0.922,0.019,0.417,0.876,0.642,0.501,0.685,0.307,0.063,0.361,0.168,0.499,0.544,0.298,0.249,0.483,0.314,0.692,0.385,0.417,0.184,0.757,-0.045,0.405,0.698,0.664,0.278,0.076,0.522,0.404,0.717,0.203,0.557,0.718,0.268,0.22,0.316,0.182,0.543,0.332,0.642,0.625,0.61,0.674,0.34,0.551,0.592,0.392,-0.031,0.543,0.164,0.517,0.585,-0.026,0.156,0.289,0.424,0.139,0.275,0.567,0.333,0.616,0.645,0.791,0.519,0.398,0.604,0.68,0.586,0.177,0.726,0.34,0.55,0.432,0.086,0.843,0.684,0.443,0.45,0.067,0.552,0.351,0.212,0.338,0.707,0.145,0.248,0.563
AMED,0.46,0.461,-0.387,0.164,0.525,0.226,0.419,0.0,0.204,0.682,-0.111,0.24,0.828,0.241,0.102,0.676,0.559,0.751,0.884,0.535,0.654,-0.024,0.739,-0.082,0.805,0.772,0.251,0.764,0.354,-0.061,0.488,0.805,0.267,0.79,0.681,-0.441,0.525,-0.424,-0.051,-0.107,-0.553,0.132,0.475,0.673,0.738,0.704,0.687,0.632,0.678,0.41,-0.573,0.355,0.722,0.736,-0.414,-0.108,0.429,0.198,0.302,-0.045,0.594,0.007,0.148,0.836,0.543,-0.207,0.08,0.718,-0.409,0.581,-0.104,0.607,0.648,0.73,0.438,0.825,0.48,0.82,0.418,0.665,0.617,0.472,0.408,0.571,0.713,-0.029,0.702,0.039,0.542,0.325,0.531,0.863,-0.178,0.442,0.78,-0.147,0.677,-0.115,-0.288,0.711,0.629,0.655,0.572,0.827,-0.097,0.121,0.385,0.37,-0.149,0.526,0.424,0.573,0.397,0.38,0.728,0.134,0.707,0.21,0.564,0.271,0.159,-0.247,0.073,0.759,0.727,0.304,0.511,0.588,-0.272,0.433,0.59,0.821,0.063,0.479,0.682,0.127,0.227,0.697,-0.269,0.549,-0.267,-0.256,0.128,0.762,0.13,0.371,0.7,0.582,0.734,0.625,0.684,0.691,0.345,0.798,0.504,0.334,0.035,-0.087,0.137,0.593,0.051,0.095,0.339,0.152,0.744,-0.447,0.233,-0.458,0.472,0.468,0.668,0.131,0.848,0.302,-0.097,0.268,0.463,-0.49,-0.144,-0.034,0.436,-0.402,0.64,0.473,0.471,-0.07,0.645,0.548,0.638,0.696,-0.213,0.464,-0.007,0.753,-0.275,0.525,0.294,-0.318,0.721,0.777
AMRN,0.701,-0.256,-0.62,0.393,-0.417,-0.308,0.167,0.204,0.0,0.547,0.849,-0.359,0.489,0.469,0.849,0.528,-0.094,0.557,0.223,0.746,0.248,0.013,0.438,-0.54,0.157,0.019,0.23,0.282,0.693,0.403,-0.037,0.535,-0.129,0.252,-0.106,-0.653,0.785,0.358,-0.741,-0.344,-0.292,0.268,0.821,0.53,-0.095,0.551,0.577,0.33,0.189,-0.027,-0.494,0.563,0.186,0.645,-0.293,-0.559,-0.051,-0.522,-0.029,-0.183,0.363,-0.29,0.083,0.413,0.125,-0.161,-0.542,0.511,-0.423,0.348,-0.574,0.721,-0.327,0.421,-0.161,0.306,0.496,-0.012,-0.085,0.093,-0.003,0.204,0.366,0.474,0.005,0.413,0.67,-0.417,-0.002,-0.022,0.242,0.431,-0.452,-0.422,0.545,-0.487,-0.184,-0.222,-0.394,0.099,-0.05,-0.212,0.482,0.213,-0.518,0.079,-0.088,-0.261,0.187,0.354,0.877,-0.209,0.094,-0.066,0.596,0.212,0.579,0.598,0.246,0.506,0.556,0.59,0.775,0.465,0.411,0.422,0.806,0.56,-0.615,-0.327,0.637,0.517,-0.458,0.184,0.434,0.608,-0.295,0.493,0.15,0.129,-0.136,-0.559,-0.053,0.432,-0.457,-0.218,0.527,0.624,0.587,0.761,0.157,-0.113,-0.412,0.045,-0.317,0.263,0.394,-0.551,0.384,0.669,0.074,-0.333,0.508,0.438,0.22,0.372,0.815,-0.248,0.201,0.757,0.705,-0.505,0.417,-0.374,-0.407,-0.15,0.8,0.052,-0.368,-0.331,0.648,-0.521,0.212,0.653,-0.272,-0.377,0.694,0.415,0.049,0.681,-0.64,0.761,-0.322,0.446,0.404,0.514,0.187,-0.594,-0.116,0.364
ANGI,0.767,0.233,-0.346,0.353,0.22,0.204,0.518,0.682,0.547,0.0,0.225,0.109,0.84,0.362,0.465,0.672,0.553,0.76,0.741,0.718,0.478,0.15,0.885,-0.035,0.763,0.666,0.502,0.824,0.599,0.215,0.565,0.759,0.299,0.605,0.542,-0.425,0.66,-0.093,-0.251,-0.078,-0.415,0.462,0.627,0.776,0.45,0.744,0.671,0.834,0.75,0.568,-0.461,0.54,0.707,0.794,-0.238,-0.151,0.21,-0.053,0.448,-0.082,0.76,0.098,0.217,0.869,0.617,-0.098,-0.014,0.861,-0.211,0.602,-0.33,0.779,0.412,0.774,0.187,0.79,0.591,0.584,0.486,0.524,0.614,0.574,0.44,0.407,0.644,0.36,0.789,0.069,0.328,0.38,0.432,0.754,-0.256,0.349,0.819,-0.157,0.559,-0.034,-0.333,0.707,0.468,0.552,0.783,0.748,-0.178,0.436,0.514,0.462,-0.172,0.715,0.679,0.517,0.513,0.255,0.712,0.339,0.839,0.481,0.807,0.297,0.282,0.259,0.307,0.828,0.829,0.445,0.73,0.73,-0.29,0.294,0.789,0.761,-0.168,0.542,0.561,0.336,0.293,0.844,-0.057,0.434,0.006,-0.295,0.309,0.644,0.155,0.305,0.71,0.532,0.714,0.695,0.687,0.299,0.105,0.515,0.366,0.478,0.188,-0.179,0.529,0.715,-0.126,0.04,0.551,0.348,0.674,-0.172,0.562,-0.379,0.262,0.695,0.73,-0.186,0.817,0.081,-0.042,0.299,0.646,-0.191,-0.104,0.035,0.64,-0.347,0.633,0.72,0.183,0.055,0.735,0.799,0.51,0.905,-0.233,0.595,0.143,0.71,-0.065,0.69,0.428,-0.351,0.504,0.765
APA,0.481,-0.38,-0.469,0.29,-0.544,-0.405,0.023,-0.111,0.849,0.225,0.0,-0.373,0.174,0.367,0.744,0.245,-0.258,0.249,-0.072,0.455,0.071,-0.074,0.075,-0.491,-0.103,-0.24,0.047,0.031,0.621,0.376,-0.233,0.22,-0.223,0.016,-0.306,-0.503,0.554,0.471,-0.667,-0.371,-0.067,0.167,0.565,0.238,-0.216,0.309,0.245,0.07,-0.079,-0.205,-0.305,0.316,-0.007,0.342,-0.164,-0.455,-0.062,-0.463,-0.154,-0.161,0.064,-0.321,0.092,0.113,-0.084,-0.082,-0.498,0.268,-0.305,0.089,-0.495,0.483,-0.478,0.189,-0.151,-0.016,0.32,-0.301,-0.229,-0.113,-0.204,-0.035,0.229,0.262,-0.279,0.278,0.397,-0.416,-0.18,-0.08,0.166,0.143,-0.408,-0.58,0.191,-0.408,-0.444,-0.209,-0.295,-0.101,-0.243,-0.485,0.221,-0.071,-0.387,0.06,-0.251,-0.39,0.088,0.127,0.616,-0.371,-0.038,-0.162,0.362,0.099,0.349,0.561,-0.015,0.332,0.426,0.635,0.769,0.269,0.215,0.16,0.508,0.366,-0.484,-0.379,0.351,0.21,-0.446,-0.006,0.265,0.554,-0.47,0.259,0.214,0.064,-0.107,-0.439,-0.136,0.202,-0.457,-0.293,0.28,0.475,0.331,0.547,0.007,-0.221,-0.391,-0.137,-0.467,0.147,0.291,-0.504,0.206,0.499,0.129,-0.396,0.372,0.305,-0.028,0.452,0.61,-0.062,0.125,0.508,0.458,-0.457,0.126,-0.366,-0.335,-0.233,0.565,0.158,-0.273,-0.333,0.409,-0.443,0.053,0.399,-0.321,-0.315,0.396,0.217,-0.034,0.342,-0.504,0.537,-0.358,0.242,0.472,0.317,0.133,-0.461,-0.337,0.083
APOG,0.131,0.777,0.531,0.068,0.635,0.772,0.646,0.24,-0.359,0.109,-0.373,0.0,0.092,0.286,-0.383,-0.24,0.774,-0.132,0.293,-0.336,0.296,0.237,0.072,0.694,0.437,0.572,0.496,0.35,-0.118,0.02,0.679,-0.075,0.681,0.019,0.601,0.47,-0.33,0.055,0.709,0.593,0.305,0.453,-0.452,-0.05,0.501,0.033,-0.048,0.445,0.32,0.616,0.37,0.259,0.448,-0.09,0.483,0.577,0.709,0.845,0.736,0.499,0.287,0.608,0.449,0.219,0.505,0.637,0.858,0.235,0.558,0.129,0.646,-0.041,0.719,0.107,0.744,0.473,-0.025,0.361,0.457,0.077,0.562,0.268,0.081,-0.286,0.489,0.087,0.089,0.758,0.581,0.522,0.468,0.193,0.596,0.719,0.03,0.604,0.646,0.47,0.506,0.47,0.444,0.653,0.371,0.213,0.646,0.507,0.62,0.72,-0.346,0.392,-0.376,0.717,0.706,0.376,-0.077,0.516,0.206,-0.047,0.367,-0.054,-0.09,-0.148,-0.383,0.183,0.244,0.125,-0.269,0.064,0.647,0.747,-0.19,0.069,0.725,0.298,-0.065,0.094,0.657,0.367,0.13,-0.066,0.505,0.694,0.731,-0.028,0.747,0.72,-0.124,-0.222,-0.12,-0.261,0.485,0.321,0.843,0.619,0.802,0.214,0.041,0.743,0.328,-0.113,0.077,0.697,-0.154,0.114,0.344,-0.289,-0.358,0.278,0.456,-0.309,-0.222,0.765,0.083,0.785,0.734,0.691,-0.104,0.275,0.76,0.685,-0.05,0.417,0.483,-0.169,0.731,0.653,-0.273,0.441,0.637,0.034,0.615,-0.158,0.591,0.011,-0.234,0.178,0.303,0.529,0.458,0.237
APPS,0.645,0.234,-0.604,0.095,0.2,0.004,0.361,0.828,0.489,0.84,0.174,0.092,0.0,0.266,0.366,0.817,0.459,0.866,0.849,0.704,0.641,-0.009,0.807,-0.189,0.864,0.69,0.255,0.827,0.551,-0.052,0.43,0.941,0.09,0.764,0.605,-0.604,0.732,-0.364,-0.318,-0.321,-0.629,0.145,0.69,0.765,0.564,0.815,0.707,0.694,0.581,0.347,-0.722,0.486,0.736,0.909,-0.443,-0.257,0.233,-0.086,0.206,-0.279,0.677,-0.12,-0.002,0.932,0.46,-0.348,-0.117,0.815,-0.502,0.541,-0.372,0.814,0.389,0.797,0.251,0.849,0.554,0.703,0.284,0.795,0.539,0.452,0.382,0.707,0.582,0.145,0.804,-0.123,0.363,0.184,0.535,0.891,-0.441,0.262,0.904,-0.411,0.506,-0.304,-0.409,0.674,0.459,0.48,0.718,0.883,-0.322,0.227,0.282,0.304,-0.234,0.541,0.644,0.443,0.347,0.429,0.783,0.096,0.856,0.331,0.615,0.234,0.252,-0.063,0.259,0.889,0.869,0.365,0.743,0.725,-0.493,0.235,0.779,0.882,-0.109,0.374,0.837,0.156,0.083,0.812,-0.254,0.579,-0.325,-0.5,0.079,0.819,-0.001,0.167,0.835,0.662,0.808,0.826,0.761,0.545,0.104,0.676,0.32,0.304,-0.005,-0.341,0.321,0.809,-0.143,-0.141,0.541,0.183,0.695,-0.348,0.463,-0.627,0.386,0.74,0.818,-0.219,0.954,0.065,-0.289,0.074,0.583,-0.467,-0.32,-0.245,0.534,-0.593,0.697,0.645,0.198,-0.172,0.847,0.637,0.55,0.87,-0.452,0.721,-0.157,0.802,-0.247,0.658,0.314,-0.511,0.677,0.792
ARCB,0.578,0.506,0.07,0.718,0.092,0.438,0.604,0.241,0.469,0.362,0.367,0.286,0.266,0.0,0.237,0.039,0.392,0.187,0.191,0.358,0.053,0.236,0.374,0.126,0.182,0.198,0.699,0.279,0.496,0.516,0.502,0.185,0.562,0.182,0.393,-0.06,0.241,0.45,-0.128,0.315,0.354,0.547,0.212,0.296,0.196,0.214,0.283,0.526,0.267,0.416,0.135,0.704,0.219,0.215,0.361,0.067,0.288,0.142,0.543,0.557,0.601,0.253,0.484,0.383,0.383,0.521,0.218,0.392,0.246,0.068,0.112,0.488,0.197,0.297,0.072,0.437,0.59,0.0,0.362,-0.105,0.475,0.351,0.435,0.078,0.2,0.65,0.536,0.308,0.592,0.376,0.138,0.232,0.17,0.177,0.259,0.18,0.297,0.531,0.192,0.181,0.427,0.187,0.561,0.002,0.188,0.528,0.447,0.204,0.159,0.705,0.426,0.244,0.479,0.14,0.309,0.716,0.551,0.514,0.467,0.694,0.507,0.518,0.351,0.234,0.247,0.467,0.392,0.161,0.084,0.139,0.436,0.206,0.012,0.473,0.024,0.606,0.386,0.467,0.479,-0.101,0.465,0.206,0.576,-0.018,0.169,0.352,0.185,0.233,0.179,0.269,0.236,-0.064,0.125,0.344,0.134,0.515,0.565,0.111,0.644,0.363,0.089,0.42,-0.1,0.729,0.279,0.255,0.386,0.302,0.274,0.212,0.392,0.236,0.172,0.168,0.315,0.436,0.625,0.5,0.451,0.349,0.643,0.088,0.428,0.116,0.144,0.148,0.129,0.557,0.201,0.423,0.082,0.413,0.269,0.065,0.561,0.454,0.513,0.127,0.138,0.528
ARCC,0.538,-0.444,-0.582,0.386,-0.371,-0.417,0.15,0.102,0.849,0.465,0.744,-0.383,0.366,0.237,0.0,0.445,-0.116,0.538,0.188,0.761,0.389,-0.127,0.391,-0.655,0.048,-0.082,0.028,0.259,0.696,0.576,-0.184,0.463,-0.169,0.262,-0.297,-0.702,0.814,0.19,-0.769,-0.382,-0.42,0.193,0.805,0.603,-0.135,0.614,0.57,0.189,0.068,-0.028,-0.514,0.352,0.25,0.581,-0.444,-0.588,0.002,-0.448,-0.041,-0.186,0.167,-0.439,0.068,0.263,0.109,-0.134,-0.593,0.463,-0.418,0.337,-0.709,0.629,-0.324,0.477,-0.113,0.155,0.472,0.062,-0.107,-0.047,-0.113,0.337,0.543,0.285,-0.02,0.221,0.581,-0.481,-0.224,0.023,0.344,0.402,-0.364,-0.507,0.516,-0.483,-0.262,-0.268,-0.548,0.144,-0.092,-0.272,0.375,0.193,-0.547,0.038,-0.158,-0.328,0.213,0.277,0.8,-0.193,0.083,-0.286,0.594,0.188,0.413,0.649,0.146,0.336,0.267,0.607,0.864,0.408,0.357,0.283,0.782,0.667,-0.66,-0.219,0.565,0.52,-0.526,0.15,0.295,0.456,-0.251,0.461,0.184,0.119,-0.217,-0.6,-0.165,0.438,-0.509,-0.231,0.578,0.704,0.651,0.654,0.031,0.019,-0.343,-0.029,-0.324,0.329,0.418,-0.502,0.176,0.641,0.038,-0.468,0.727,0.3,0.193,0.467,0.814,-0.212,0.275,0.668,0.664,-0.473,0.317,-0.291,-0.379,-0.183,0.773,0.004,-0.408,-0.319,0.645,-0.497,0.047,0.729,-0.293,-0.443,0.659,0.322,0.107,0.535,-0.557,0.529,-0.37,0.53,0.283,0.288,0.207,-0.725,-0.313,0.2
ARVN,0.487,-0.031,-0.695,-0.014,0.06,-0.287,0.05,0.676,0.528,0.672,0.245,-0.24,0.817,0.039,0.445,0.0,0.118,0.879,0.764,0.695,0.528,-0.086,0.674,-0.446,0.625,0.494,0.056,0.54,0.457,-0.196,0.114,0.9,-0.226,0.601,0.294,-0.71,0.811,-0.389,-0.456,-0.478,-0.752,-0.071,0.804,0.693,0.414,0.717,0.769,0.43,0.36,-0.026,-0.83,0.335,0.508,0.861,-0.618,-0.469,0.056,-0.341,-0.124,-0.434,0.474,-0.34,-0.135,0.739,0.244,-0.54,-0.489,0.561,-0.689,0.612,-0.514,0.661,0.142,0.612,0.035,0.568,0.389,0.608,0.0,0.716,0.234,0.257,0.296,0.715,0.496,0.026,0.714,-0.437,0.099,-0.105,0.306,0.808,-0.59,-0.011,0.836,-0.614,0.247,-0.46,-0.477,0.376,0.19,0.253,0.448,0.787,-0.58,-0.185,-0.051,-0.026,-0.17,0.215,0.714,0.206,0.026,0.265,0.726,-0.121,0.633,0.116,0.34,0.268,0.331,-0.145,0.246,0.698,0.626,0.237,0.728,0.695,-0.683,-0.062,0.658,0.805,-0.176,0.234,0.772,0.176,-0.138,0.531,-0.503,0.485,-0.551,-0.689,-0.181,0.869,-0.338,-0.121,0.785,0.686,0.775,0.863,0.553,0.407,-0.2,0.372,0.055,0.045,0.084,-0.501,0.118,0.624,0.03,-0.422,0.528,-0.053,0.608,-0.359,0.505,-0.757,0.245,0.779,0.813,-0.444,0.874,-0.238,-0.566,-0.242,0.537,-0.504,-0.608,-0.45,0.407,-0.753,0.386,0.73,0.015,-0.437,0.876,0.319,0.238,0.721,-0.638,0.693,-0.37,0.737,-0.272,0.41,-0.023,-0.685,0.388,0.612
ATEC,0.423,0.739,0.331,0.328,0.734,0.753,0.837,0.559,-0.094,0.553,-0.258,0.774,0.459,0.392,-0.116,0.118,0.0,0.311,0.649,0.117,0.481,0.192,0.518,0.561,0.729,0.787,0.63,0.742,0.229,0.197,0.887,0.29,0.808,0.416,0.782,0.178,0.043,-0.053,0.404,0.483,0.039,0.585,-0.077,0.419,0.697,0.446,0.272,0.798,0.625,0.869,0.1,0.388,0.788,0.252,0.173,0.375,0.678,0.731,0.863,0.464,0.619,0.53,0.595,0.637,0.799,0.503,0.702,0.643,0.362,0.355,0.31,0.371,0.87,0.57,0.68,0.742,0.39,0.616,0.758,0.254,0.842,0.593,0.36,-0.123,0.682,0.175,0.489,0.73,0.544,0.742,0.563,0.537,0.398,0.838,0.423,0.5,0.81,0.411,0.175,0.814,0.669,0.81,0.638,0.54,0.54,0.695,0.826,0.839,-0.382,0.749,0.003,0.929,0.881,0.247,0.35,0.654,0.619,0.292,0.738,0.136,-0.043,0.01,-0.127,0.584,0.641,0.178,0.11,0.433,0.407,0.844,0.296,0.445,0.38,0.632,0.116,0.203,0.748,0.689,0.099,0.197,0.43,0.426,0.706,0.287,0.734,0.794,0.261,0.137,0.295,0.127,0.724,0.508,0.81,0.785,0.855,0.559,0.092,0.572,0.462,0.313,-0.041,0.575,0.084,0.257,0.69,-0.322,-0.082,0.143,0.468,0.03,0.209,0.601,0.474,0.78,0.636,0.791,0.269,0.083,0.559,0.652,0.364,0.183,0.783,0.241,0.727,0.558,0.074,0.787,0.811,0.459,0.482,0.008,0.616,0.414,-0.161,0.382,0.587,0.252,0.559,0.595
ATXS,0.628,0.039,-0.635,0.205,0.239,-0.185,0.287,0.751,0.557,0.76,0.249,-0.132,0.866,0.187,0.538,0.879,0.311,0.0,0.846,0.818,0.65,-0.244,0.832,-0.433,0.687,0.562,0.159,0.74,0.627,0.083,0.256,0.924,0.014,0.77,0.368,-0.765,0.877,-0.398,-0.51,-0.388,-0.75,0.117,0.805,0.886,0.493,0.89,0.849,0.55,0.449,0.244,-0.799,0.354,0.683,0.901,-0.69,-0.449,0.186,-0.159,0.082,-0.23,0.621,-0.344,0.102,0.826,0.498,-0.368,-0.368,0.745,-0.61,0.665,-0.573,0.818,0.315,0.844,0.161,0.675,0.62,0.687,0.223,0.602,0.46,0.459,0.535,0.617,0.549,0.071,0.834,-0.305,0.124,0.214,0.434,0.893,-0.465,0.067,0.931,-0.463,0.393,-0.362,-0.603,0.592,0.413,0.348,0.522,0.828,-0.417,0.035,0.18,0.107,-0.18,0.47,0.764,0.36,0.246,0.092,0.883,0.103,0.781,0.381,0.482,0.309,0.226,0.005,0.416,0.793,0.748,0.214,0.776,0.843,-0.621,0.154,0.777,0.918,-0.316,0.454,0.692,0.2,0.022,0.682,-0.302,0.519,-0.436,-0.611,-0.106,0.884,-0.202,0.11,0.918,0.799,0.91,0.877,0.584,0.571,-0.018,0.525,0.182,0.392,0.144,-0.364,0.141,0.776,-0.005,-0.3,0.619,0.084,0.749,-0.286,0.577,-0.603,0.416,0.742,0.903,-0.245,0.905,-0.051,-0.385,-0.017,0.71,-0.472,-0.485,-0.29,0.645,-0.735,0.509,0.803,0.122,-0.318,0.875,0.536,0.428,0.81,-0.495,0.604,-0.24,0.857,-0.147,0.456,0.282,-0.709,0.376,0.76
AVAV,0.513,0.413,-0.325,0.128,0.596,0.187,0.472,0.884,0.223,0.741,-0.072,0.293,0.849,0.191,0.188,0.764,0.649,0.846,0.0,0.542,0.733,-0.129,0.798,-0.045,0.882,0.846,0.287,0.835,0.429,-0.068,0.541,0.833,0.288,0.765,0.689,-0.468,0.605,-0.461,-0.071,-0.084,-0.602,0.202,0.498,0.753,0.804,0.802,0.742,0.69,0.612,0.455,-0.604,0.34,0.856,0.767,-0.467,-0.119,0.493,0.267,0.369,-0.022,0.654,-0.041,0.242,0.881,0.672,-0.148,0.06,0.756,-0.372,0.677,-0.181,0.663,0.688,0.814,0.498,0.822,0.505,0.878,0.451,0.694,0.69,0.531,0.475,0.47,0.813,-0.035,0.77,0.068,0.393,0.397,0.586,0.939,-0.187,0.475,0.853,-0.161,0.711,-0.141,-0.314,0.784,0.593,0.681,0.577,0.928,-0.084,0.183,0.436,0.439,-0.374,0.531,0.449,0.712,0.475,0.33,0.757,0.203,0.777,0.22,0.601,0.205,0.096,-0.233,0.081,0.831,0.809,0.145,0.522,0.758,-0.262,0.518,0.594,0.872,0.082,0.529,0.656,0.137,0.308,0.754,-0.36,0.521,-0.257,-0.261,0.169,0.846,0.183,0.425,0.775,0.632,0.781,0.669,0.796,0.75,0.403,0.802,0.57,0.384,0.055,0.001,0.16,0.615,0.047,0.006,0.42,-0.006,0.891,-0.539,0.234,-0.501,0.556,0.474,0.71,0.122,0.924,0.341,-0.058,0.281,0.498,-0.461,-0.156,0.02,0.478,-0.495,0.676,0.611,0.504,-0.024,0.658,0.627,0.692,0.718,-0.161,0.423,0.032,0.829,-0.389,0.454,0.308,-0.373,0.639,0.811
AXON,0.624,-0.15,-0.667,0.475,-0.093,-0.251,0.261,0.535,0.746,0.718,0.455,-0.336,0.704,0.358,0.761,0.695,0.117,0.818,0.542,0.0,0.481,-0.06,0.725,-0.6,0.366,0.208,0.165,0.524,0.717,0.417,0.095,0.798,0.013,0.63,0.12,-0.79,0.907,-0.113,-0.744,-0.393,-0.586,0.147,0.915,0.867,0.221,0.771,0.785,0.46,0.354,0.176,-0.67,0.496,0.458,0.798,-0.562,-0.556,0.014,-0.39,0.067,-0.131,0.497,-0.377,0.086,0.64,0.3,-0.277,-0.508,0.653,-0.541,0.445,-0.63,0.788,0.002,0.729,-0.154,0.476,0.738,0.418,0.114,0.284,0.23,0.567,0.614,0.537,0.283,0.289,0.776,-0.389,0.08,0.121,0.302,0.656,-0.45,-0.19,0.793,-0.488,0.109,-0.196,-0.587,0.362,0.241,0.084,0.55,0.518,-0.526,0.08,0.043,-0.131,0.211,0.533,0.927,0.079,0.129,-0.105,0.85,0.196,0.661,0.575,0.446,0.507,0.364,0.349,0.708,0.625,0.583,0.414,0.936,0.715,-0.723,-0.119,0.89,0.763,-0.527,0.425,0.504,0.361,-0.018,0.584,0.028,0.408,-0.299,-0.66,-0.106,0.63,-0.42,-0.102,0.808,0.811,0.859,0.828,0.262,0.26,-0.284,0.254,-0.158,0.46,0.413,-0.511,0.262,0.803,-0.004,-0.352,0.615,0.408,0.486,0.206,0.857,-0.384,0.252,0.826,0.903,-0.435,0.658,-0.222,-0.425,-0.107,0.869,-0.221,-0.448,-0.307,0.819,-0.547,0.345,0.8,-0.191,-0.493,0.852,0.488,0.203,0.772,-0.567,0.688,-0.287,0.718,0.218,0.457,0.321,-0.739,0.089,0.568
BANF,0.318,0.174,-0.43,0.018,0.396,-0.02,0.407,0.654,0.248,0.478,0.071,0.296,0.641,0.053,0.389,0.528,0.481,0.65,0.733,0.481,0.0,-0.218,0.471,-0.301,0.617,0.567,-0.026,0.615,0.361,0.129,0.187,0.688,0.122,0.615,0.335,-0.557,0.605,-0.363,-0.148,-0.222,-0.638,0.033,0.507,0.636,0.618,0.795,0.674,0.381,0.331,0.254,-0.626,0.257,0.762,0.654,-0.543,-0.285,0.595,0.261,0.232,-0.085,0.212,-0.228,0.177,0.55,0.408,-0.12,-0.034,0.605,-0.453,0.543,-0.22,0.539,0.459,0.682,0.598,0.592,0.339,0.759,0.122,0.414,0.307,0.543,0.511,0.375,0.504,-0.297,0.633,-0.106,0.229,0.265,0.809,0.812,-0.143,0.134,0.69,-0.245,0.373,-0.267,-0.359,0.648,0.304,0.35,0.481,0.716,-0.189,0.075,0.133,0.147,-0.175,0.314,0.364,0.457,0.424,0.126,0.713,0.136,0.528,0.277,0.257,0.083,-0.035,-0.204,0.327,0.704,0.678,0.114,0.518,0.765,-0.381,0.451,0.394,0.822,0.07,0.276,0.567,0.135,0.06,0.676,-0.211,0.402,-0.379,-0.32,-0.042,0.776,-0.067,0.239,0.662,0.719,0.782,0.563,0.565,0.749,0.422,0.711,0.397,0.292,0.092,-0.024,-0.06,0.602,0.17,-0.176,0.574,-0.046,0.657,-0.195,0.274,-0.412,0.724,0.401,0.577,0.104,0.655,0.368,-0.128,0.149,0.478,-0.402,-0.201,-0.103,0.397,-0.449,0.488,0.584,0.491,-0.231,0.602,0.433,0.765,0.501,-0.269,0.348,-0.233,0.819,-0.402,0.305,0.197,-0.538,0.315,0.423
BATRK,0.141,0.225,0.283,0.163,-0.094,0.485,0.15,-0.024,0.013,0.15,-0.074,0.237,-0.009,0.236,-0.127,-0.086,0.192,-0.244,-0.129,-0.06,-0.218,0.0,-0.094,0.392,-0.006,0.126,0.528,-0.121,-0.199,-0.083,0.354,-0.092,0.297,-0.369,0.122,0.465,-0.235,0.424,0.278,0.38,0.328,0.257,-0.071,-0.182,-0.035,-0.294,-0.058,0.368,0.187,0.21,0.368,0.448,-0.15,-0.144,0.535,0.158,0.032,0.02,0.362,0.145,0.111,0.656,0.116,0.074,0.004,0.283,0.304,-0.006,0.423,0.054,0.458,-0.146,-0.026,-0.298,-0.029,0.19,-0.135,-0.008,0.083,-0.047,0.009,0.119,-0.278,-0.132,0.083,0.511,-0.039,0.371,0.346,-0.102,-0.093,-0.123,0.363,0.344,-0.044,0.289,0.09,0.367,0.603,-0.088,-0.135,0.261,0.407,-0.097,0.162,0.222,0.124,0.309,0.325,0.205,0.03,0.084,0.171,0.221,-0.25,0.268,0.011,-0.176,0.288,0.345,0.478,0.118,-0.255,-0.033,-0.014,0.47,0.05,-0.23,0.292,-0.123,0.013,-0.199,0.489,0.092,-0.134,0.393,0.328,0.038,0.21,-0.261,0.497,0.331,0.554,-0.272,0.156,0.022,-0.335,-0.341,-0.23,-0.125,0.061,-0.447,-0.002,-0.087,0.124,-0.193,0.249,0.138,0.668,-0.208,0.097,0.42,-0.202,0.371,-0.041,0.283,0.116,0.213,-0.14,0.11,-0.184,-0.059,-0.069,0.083,0.231,0.104,-0.018,0.41,0.349,0.333,0.017,0.511,0.159,-0.027,-0.028,0.247,-0.112,0.149,-0.065,0.116,0.117,0.234,0.46,-0.288,0.086,0.117,-0.149,0.426,0.132,-0.108
BIDU,0.703,0.286,-0.333,0.414,0.366,0.176,0.488,0.739,0.438,0.885,0.075,0.072,0.807,0.374,0.391,0.674,0.518,0.832,0.798,0.725,0.471,-0.094,0.0,-0.1,0.732,0.645,0.458,0.83,0.597,0.256,0.536,0.759,0.309,0.751,0.59,-0.5,0.668,-0.266,-0.285,-0.042,-0.442,0.41,0.592,0.829,0.494,0.763,0.7,0.723,0.706,0.565,-0.487,0.444,0.698,0.784,-0.338,-0.103,0.212,0.003,0.383,0.026,0.834,-0.052,0.211,0.848,0.661,-0.113,-0.062,0.791,-0.257,0.58,-0.401,0.795,0.506,0.843,0.147,0.746,0.685,0.609,0.552,0.504,0.714,0.594,0.585,0.434,0.703,0.307,0.789,0.016,0.32,0.453,0.351,0.76,-0.245,0.35,0.834,-0.157,0.654,-0.01,-0.431,0.687,0.641,0.59,0.648,0.74,-0.156,0.341,0.56,0.386,-0.153,0.716,0.654,0.542,0.452,0.18,0.75,0.337,0.806,0.493,0.766,0.309,0.162,0.191,0.29,0.721,0.718,0.367,0.685,0.697,-0.301,0.355,0.796,0.782,-0.271,0.596,0.506,0.227,0.369,0.766,-0.06,0.419,-0.069,-0.306,0.219,0.643,0.155,0.386,0.786,0.588,0.726,0.658,0.593,0.442,0.117,0.562,0.368,0.595,0.208,-0.151,0.349,0.69,-0.178,0.056,0.466,0.322,0.713,-0.276,0.526,-0.364,0.325,0.57,0.767,-0.051,0.808,0.098,-0.042,0.334,0.656,-0.261,-0.148,0.044,0.691,-0.419,0.563,0.636,0.215,0.019,0.704,0.72,0.446,0.841,-0.18,0.473,0.106,0.711,-0.013,0.601,0.514,-0.379,0.511,0.886
BLNE,-0.044,0.62,0.785,0.011,0.446,0.784,0.378,-0.082,-0.54,-0.035,-0.491,0.694,-0.189,0.126,-0.655,-0.446,0.561,-0.433,-0.045,-0.6,-0.301,0.392,-0.1,0.0,0.221,0.365,0.493,0.116,-0.332,-0.167,0.67,-0.426,0.609,-0.277,0.485,0.837,-0.69,0.176,0.801,0.711,0.618,0.44,-0.73,-0.359,0.162,-0.383,-0.468,0.351,0.256,0.557,0.708,0.008,0.084,-0.445,0.714,0.733,0.253,0.656,0.618,0.444,0.24,0.811,0.331,0.028,0.369,0.594,0.873,-0.007,0.804,-0.144,0.681,-0.303,0.5,-0.204,0.339,0.177,-0.219,-0.018,0.534,-0.045,0.489,-0.035,-0.311,-0.532,0.225,0.233,-0.246,0.895,0.348,0.397,-0.072,-0.235,0.589,0.788,-0.304,0.763,0.487,0.529,0.656,0.239,0.265,0.514,0.15,-0.069,0.789,0.572,0.633,0.773,-0.36,0.252,-0.596,0.546,0.469,0.274,-0.474,0.363,-0.002,-0.221,0.371,-0.209,-0.158,-0.069,-0.663,-0.088,0.002,-0.03,-0.565,-0.343,0.885,0.54,-0.327,-0.389,0.58,0.194,-0.37,-0.093,0.632,0.023,0.103,-0.227,0.726,0.825,0.726,-0.421,0.891,0.585,-0.474,-0.669,-0.541,-0.546,0.274,-0.116,0.593,0.183,0.643,0.061,-0.212,0.709,0.384,-0.396,-0.149,0.76,-0.468,0.031,0.068,-0.298,-0.58,0.43,-0.121,-0.483,-0.543,0.596,-0.172,0.568,0.787,0.626,-0.436,0.347,0.784,0.737,-0.299,0.665,0.298,-0.429,0.415,0.837,-0.593,0.276,0.214,-0.154,0.788,-0.429,0.811,-0.397,-0.125,0.023,0.211,0.853,0.351,0.029
BLNK,0.515,0.508,-0.243,-0.0,0.499,0.292,0.526,0.805,0.157,0.763,-0.103,0.437,0.864,0.182,0.048,0.625,0.729,0.687,0.882,0.366,0.617,-0.006,0.732,0.221,0.0,0.882,0.339,0.895,0.368,-0.166,0.665,0.738,0.319,0.686,0.8,-0.261,0.425,-0.406,0.09,-0.059,-0.431,0.264,0.317,0.62,0.702,0.703,0.497,0.765,0.678,0.56,-0.462,0.354,0.856,0.706,-0.233,0.083,0.418,0.293,0.442,-0.113,0.69,0.153,0.161,0.901,0.628,-0.1,0.265,0.782,-0.199,0.502,-0.093,0.626,0.699,0.74,0.498,0.884,0.393,0.756,0.51,0.784,0.739,0.402,0.265,0.408,0.708,0.036,0.68,0.245,0.443,0.382,0.584,0.821,-0.206,0.598,0.753,-0.065,0.727,-0.162,-0.189,0.827,0.569,0.711,0.686,0.905,0.019,0.399,0.536,0.629,-0.525,0.558,0.279,0.752,0.567,0.496,0.603,0.201,0.793,0.185,0.703,-0.004,0.004,-0.202,-0.075,0.861,0.875,0.206,0.408,0.647,-0.102,0.575,0.539,0.752,0.163,0.443,0.665,0.012,0.325,0.807,-0.352,0.531,-0.121,-0.139,0.316,0.721,0.411,0.453,0.65,0.394,0.594,0.573,0.919,0.638,0.466,0.802,0.66,0.302,-0.171,0.045,0.312,0.605,-0.183,0.113,0.387,0.001,0.768,-0.624,0.083,-0.493,0.374,0.453,0.539,0.128,0.881,0.373,0.062,0.359,0.32,-0.399,-0.007,0.075,0.307,-0.371,0.798,0.473,0.484,0.191,0.56,0.706,0.741,0.72,-0.053,0.399,0.141,0.694,-0.436,0.589,0.387,-0.205,0.791,0.764
BTAI,0.5,0.623,0.025,0.065,0.725,0.529,0.571,0.772,0.019,0.666,-0.24,0.572,0.69,0.198,-0.082,0.494,0.787,0.562,0.846,0.208,0.567,0.126,0.645,0.365,0.882,0.0,0.48,0.779,0.169,-0.193,0.764,0.565,0.493,0.474,0.739,-0.028,0.239,-0.253,0.325,0.22,-0.312,0.44,0.159,0.483,0.73,0.536,0.547,0.792,0.734,0.622,-0.239,0.32,0.758,0.51,-0.105,0.191,0.573,0.505,0.592,0.119,0.632,0.415,0.378,0.774,0.769,0.107,0.428,0.709,0.0,0.702,0.166,0.436,0.798,0.576,0.66,0.857,0.225,0.818,0.565,0.579,0.771,0.396,0.2,0.221,0.847,0.069,0.598,0.432,0.53,0.513,0.527,0.768,0.105,0.744,0.676,0.214,0.853,0.059,0.036,0.819,0.571,0.859,0.607,0.81,0.232,0.33,0.627,0.757,-0.454,0.55,0.159,0.817,0.645,0.404,0.466,0.311,0.683,0.046,0.668,0.106,0.113,-0.247,-0.239,0.721,0.73,0.155,0.231,0.557,0.166,0.658,0.327,0.625,0.4,0.547,0.445,0.156,0.471,0.688,-0.32,0.271,0.098,0.142,0.468,0.626,0.511,0.633,0.441,0.233,0.494,0.377,0.832,0.534,0.616,0.763,0.815,0.276,-0.05,0.312,0.33,0.324,0.096,0.386,0.236,-0.004,0.853,-0.57,0.006,-0.288,0.439,0.266,0.359,0.355,0.752,0.526,0.277,0.516,0.249,-0.259,0.185,0.327,0.274,-0.117,0.729,0.428,0.678,0.379,0.375,0.688,0.734,0.601,0.135,0.25,0.392,0.561,-0.429,0.388,0.23,0.03,0.696,0.677
BYND,0.621,0.604,0.384,0.614,0.367,0.752,0.687,0.251,0.23,0.502,0.047,0.496,0.255,0.699,0.028,0.056,0.63,0.159,0.287,0.165,-0.026,0.528,0.458,0.493,0.339,0.48,0.0,0.393,0.288,0.323,0.815,0.101,0.753,0.039,0.508,0.282,0.022,0.463,0.213,0.63,0.362,0.778,0.004,0.236,0.25,0.126,0.249,0.752,0.513,0.693,0.339,0.633,0.29,0.117,0.49,0.301,0.343,0.338,0.766,0.585,0.716,0.667,0.606,0.467,0.625,0.607,0.487,0.439,0.539,0.312,0.318,0.338,0.436,0.239,0.242,0.559,0.376,0.187,0.625,-0.047,0.66,0.39,0.243,-0.119,0.485,0.743,0.423,0.61,0.546,0.554,0.1,0.239,0.45,0.59,0.278,0.496,0.59,0.648,0.403,0.346,0.479,0.591,0.623,0.134,0.447,0.619,0.717,0.616,0.009,0.758,0.264,0.533,0.68,0.167,0.123,0.8,0.544,0.318,0.694,0.569,0.469,0.406,-0.019,0.249,0.283,0.44,0.193,0.152,0.419,0.348,0.312,0.148,0.294,0.621,-0.103,0.635,0.69,0.449,0.402,-0.175,0.714,0.478,0.826,-0.052,0.495,0.617,0.02,-0.062,0.048,0.099,0.38,-0.121,0.313,0.344,0.476,0.447,0.439,0.41,0.823,0.12,0.049,0.702,-0.132,0.645,0.419,0.081,0.241,0.375,0.217,0.112,0.166,0.357,0.223,0.361,0.586,0.65,0.416,0.548,0.581,0.662,0.495,0.309,0.529,0.169,0.345,0.539,0.002,0.699,0.265,0.445,0.353,0.246,0.708,0.007,0.351,0.399,0.447,0.412,0.291,0.548
CAN,0.651,0.386,-0.23,0.26,0.502,0.288,0.647,0.764,0.282,0.824,0.031,0.35,0.827,0.279,0.259,0.54,0.742,0.74,0.835,0.524,0.615,-0.121,0.83,0.116,0.895,0.779,0.393,0.0,0.573,0.178,0.681,0.688,0.432,0.775,0.694,-0.357,0.515,-0.312,-0.092,-0.013,-0.439,0.448,0.385,0.757,0.628,0.811,0.546,0.796,0.725,0.701,-0.425,0.31,0.892,0.708,-0.314,0.057,0.407,0.288,0.537,0.011,0.721,0.072,0.317,0.887,0.74,-0.002,0.239,0.92,-0.151,0.514,-0.26,0.764,0.678,0.909,0.482,0.828,0.597,0.693,0.654,0.573,0.799,0.55,0.501,0.333,0.674,0.119,0.72,0.251,0.302,0.636,0.624,0.807,-0.133,0.528,0.757,0.016,0.718,-0.063,-0.4,0.934,0.694,0.65,0.678,0.802,0.089,0.559,0.662,0.619,-0.435,0.737,0.399,0.723,0.681,0.23,0.7,0.363,0.857,0.515,0.801,0.064,-0.042,0.098,0.212,0.871,0.897,0.17,0.479,0.744,-0.118,0.638,0.653,0.785,-0.098,0.591,0.552,0.106,0.368,0.869,-0.066,0.525,-0.011,-0.154,0.306,0.671,0.416,0.568,0.742,0.516,0.693,0.595,0.783,0.644,0.47,0.775,0.611,0.637,-0.092,0.048,0.298,0.736,-0.254,0.133,0.513,0.222,0.748,-0.402,0.25,-0.283,0.437,0.456,0.649,0.168,0.815,0.41,0.164,0.506,0.513,-0.325,0.021,0.152,0.548,-0.354,0.774,0.577,0.451,0.243,0.567,0.842,0.759,0.783,-0.002,0.322,0.212,0.766,-0.178,0.58,0.642,-0.268,0.637,0.812
CCEC,0.674,-0.01,-0.399,0.542,-0.05,-0.16,0.45,0.354,0.693,0.599,0.621,-0.118,0.551,0.496,0.696,0.457,0.229,0.627,0.429,0.717,0.361,-0.199,0.597,-0.332,0.368,0.169,0.288,0.573,0.0,0.553,0.235,0.561,0.148,0.557,0.212,-0.631,0.734,0.055,-0.61,-0.243,-0.27,0.297,0.611,0.747,0.214,0.715,0.477,0.454,0.252,0.253,-0.44,0.424,0.535,0.615,-0.293,-0.268,0.159,-0.17,0.232,0.066,0.518,-0.295,0.288,0.59,0.349,0.009,-0.252,0.65,-0.251,0.187,-0.572,0.802,0.088,0.738,0.009,0.435,0.804,0.195,0.292,0.178,0.386,0.396,0.736,0.28,0.169,0.354,0.691,-0.169,0.125,0.331,0.338,0.526,-0.351,-0.149,0.563,-0.28,0.11,-0.039,-0.461,0.403,0.375,0.004,0.538,0.375,-0.235,0.397,0.222,-0.016,-0.118,0.605,0.697,0.201,0.317,-0.033,0.688,0.392,0.734,0.788,0.442,0.343,0.189,0.587,0.731,0.615,0.598,0.244,0.684,0.658,-0.455,0.108,0.766,0.563,-0.504,0.406,0.392,0.41,0.078,0.646,0.22,0.417,-0.078,-0.403,0.09,0.47,-0.128,0.126,0.681,0.708,0.648,0.687,0.379,0.273,-0.045,0.317,-0.079,0.577,0.351,-0.313,0.314,0.813,-0.161,-0.205,0.57,0.45,0.374,0.13,0.663,-0.133,0.343,0.546,0.769,-0.201,0.517,-0.026,-0.109,0.109,0.789,0.044,-0.15,-0.075,0.735,-0.509,0.424,0.584,-0.064,-0.202,0.584,0.639,0.355,0.613,-0.231,0.498,-0.165,0.603,0.315,0.456,0.624,-0.508,0.07,0.621
CDW,0.369,-0.004,0.093,0.793,-0.011,0.148,0.532,-0.061,0.403,0.215,0.376,0.02,-0.052,0.516,0.576,-0.196,0.197,0.083,-0.068,0.417,0.129,-0.083,0.256,-0.167,-0.166,-0.193,0.323,0.178,0.553,0.0,0.137,-0.05,0.436,0.171,-0.107,-0.198,0.28,0.394,-0.342,0.217,0.205,0.491,0.208,0.392,-0.096,0.3,0.162,0.193,0.12,0.395,0.158,0.292,0.194,0.049,0.07,-0.067,0.202,0.083,0.409,0.508,0.217,-0.061,0.482,0.024,0.292,0.493,0.015,0.287,0.239,-0.058,-0.235,0.356,0.033,0.368,-0.02,0.026,0.613,-0.15,0.316,-0.543,0.182,0.499,0.696,-0.264,-0.047,0.364,0.326,0.13,0.033,0.493,0.204,0.011,0.23,-0.143,0.082,0.204,-0.022,0.45,-0.2,0.159,0.299,-0.087,0.268,-0.22,0.128,0.457,0.33,-0.045,0.307,0.569,0.371,0.067,0.416,-0.463,0.305,0.668,0.244,0.774,0.273,0.366,0.01,0.775,0.696,0.058,0.079,0.238,0.344,0.274,-0.021,0.185,0.359,0.143,-0.427,0.412,-0.306,0.449,0.288,0.299,0.695,-0.088,0.38,0.083,0.251,-0.127,0.011,0.25,0.177,0.347,0.228,0.076,-0.163,-0.027,0.076,0.046,-0.083,0.713,0.563,0.114,0.273,0.353,-0.063,0.142,0.238,0.655,0.043,0.611,0.483,0.494,0.258,0.079,0.277,0.161,-0.135,0.174,0.325,0.409,0.61,0.481,0.284,0.34,0.654,0.126,0.078,0.244,-0.001,0.024,0.04,0.424,0.159,0.2,0.178,-0.011,0.158,0.166,0.645,0.17,0.638,-0.116,-0.372,0.182
CDXS,0.534,0.758,0.405,0.433,0.661,0.822,0.798,0.488,-0.037,0.565,-0.233,0.679,0.43,0.502,-0.184,0.114,0.887,0.256,0.541,0.095,0.187,0.354,0.536,0.67,0.665,0.764,0.815,0.681,0.235,0.137,0.0,0.22,0.843,0.288,0.767,0.307,-0.034,0.094,0.399,0.564,0.189,0.712,-0.115,0.346,0.541,0.279,0.233,0.868,0.681,0.863,0.24,0.437,0.603,0.182,0.338,0.449,0.482,0.599,0.868,0.515,0.745,0.692,0.614,0.651,0.783,0.534,0.704,0.616,0.488,0.337,0.36,0.343,0.763,0.453,0.475,0.727,0.39,0.476,0.81,0.23,0.884,0.436,0.238,-0.117,0.649,0.451,0.456,0.787,0.586,0.712,0.302,0.418,0.395,0.871,0.376,0.577,0.821,0.517,0.285,0.698,0.674,0.821,0.653,0.425,0.579,0.725,0.873,0.888,-0.308,0.805,0.059,0.846,0.814,0.272,0.224,0.699,0.643,0.239,0.833,0.254,0.143,0.127,-0.217,0.486,0.547,0.246,0.079,0.275,0.498,0.687,0.328,0.293,0.358,0.697,0.038,0.282,0.777,0.58,0.141,0.099,0.601,0.496,0.814,0.145,0.762,0.797,0.16,-0.05,0.157,0.108,0.657,0.241,0.636,0.624,0.778,0.516,0.107,0.538,0.646,0.219,-0.101,0.715,-0.046,0.406,0.632,-0.292,-0.032,0.22,0.247,0.075,0.166,0.531,0.428,0.628,0.664,0.781,0.269,0.228,0.608,0.701,0.386,0.283,0.764,0.189,0.576,0.651,0.018,0.813,0.578,0.476,0.505,0.069,0.758,0.211,0.021,0.387,0.566,0.41,0.567,0.639
