,ABEO,ACHC,AGNCN,AKAM,AKRO,ALRM,AMAT,AMED,AMRN,ANGI,APA,APOG,APPS,ARCB,ARCC,ARVN,ATEC,ATXS,AVAV,AXON,BANF,BATRK,BIDU,BLNE,BLNK,BTAI,BYND,CAN,CCEC,CDW,CDXS,CELH,CGNX,CHKP,CHRS,CHRW,CIGI,CKPT,CMPR,COGT,CRNC,CRSP,CSTL,CTSH,CVGW,DGLY,DNLI,DOCU,DVAX,EBAY,EHTH,ERII,ESLT,EXPE,EXPO,FBIOP,FFBC,FFIN,FOXF,FWRD,GDS,GERN,GPRE,GRWG,GRYP,HEES,HELE,HIVE,HON,HRTX,HSTM,HURA,IART,IBKR,IBOC,IBRX,IDXX,INGN,INM,INVA,IQ,IRBT,KDP,KPTI,KTOS,KXIN,LAMR,LFUS,LGIH,LGMK,LKFN,LNW,LOPE,LPSN,LYFT,MGNX,MLCO,MNST,MODV,MSTR,MTCH,MYGN,MYRG,NCMI,NEXT,NFLX,NIU,NKTR,NRC,NTNX,NTRA,NVEE,NVMI,NWL,NWS,NXPI,OCGN,OCSL,OKTA,OLLI,OTLK,OXLC,PAA,PARA,PARAA,PDCO,PDFS,PFG,PGEN,PNFP,PODD,POWI,PSMT,PTC,PTEN,PVLA,RDNT,RDUS,RDWR,REGN,RNAC,ROCK,ROST,RRR,RSLS,RVMD,RYAAY,SAFT,SAGE,SAVA,SBGI,SFM,SFNC,SHYF,SIBN,SIFY,SIGI,SIMO,SITM,SLM,SNBR,SNDX,SNY,SPNS,SRRK,STRA,SUPN,SYRE,TCBK,TEAM,TECH,THRM,TLRY,TRMK,TROW,TSLA,TWST,TXN,UFPI,UNIT,UPWK,USLM,UTHR,VERB,VLY,VRNA,VRRM,VXRT,WAFD,WATT,WBA,WING,WIX,WTFC,WTW,XPEL,XRX,YMAB,ZG,ZLAB
ABEO,0.0,-0.614,-0.53,-0.498,0.063,-0.073,-0.201,0.396,0.108,-0.197,-0.288,-0.138,-0.031,-0.322,-0.15,0.02,-0.09,-0.069,-0.239,-0.187,-0.644,-0.4,0.688,-0.34,-0.157,0.647,0.48,0.744,-0.534,-0.576,0.197,-0.397,-0.188,0.519,-0.16,-0.27,-0.134,0.136,-0.347,0.118,-0.099,0.539,-0.19,0.125,0.731,0.258,0.37,0.007,0.034,-0.413,0.347,-0.413,-0.246,-0.095,-0.307,-0.033,-0.496,-0.512,-0.121,-0.385,0.554,-0.142,-0.318,0.149,0.753,-0.554,-0.075,0.012,-0.396,0.139,-0.756,0.269,-0.492,-0.083,-0.463,0.606,-0.234,0.182,0.282,0.456,0.642,-0.166,-0.521,0.365,-0.176,-0.536,-0.131,-0.482,-0.501,0.398,-0.599,-0.084,-0.114,0.42,-0.113,0.043,0.4,-0.021,-0.236,0.018,0.222,-0.36,-0.394,-0.437,-0.544,-0.197,0.817,-0.139,-0.021,0.019,-0.138,-0.464,-0.185,0.014,-0.158,-0.315,0.124,-0.355,0.213,0.793,0.369,-0.707,-0.317,0.641,0.584,0.038,-0.483,-0.081,0.191,-0.137,-0.267,-0.322,0.147,-0.502,-0.66,0.303,-0.099,-0.125,-0.206,0.046,-0.025,-0.332,0.209,-0.413,0.585,0.149,-0.071,0.551,0.008,0.773,0.184,-0.152,-0.434,-0.359,-0.114,-0.425,0.326,0.335,-0.005,0.551,-0.376,-0.286,-0.027,0.232,0.406,-0.38,-0.521,0.72,-0.01,-0.09,-0.542,0.017,0.133,-0.503,-0.043,-0.491,0.036,-0.401,-0.763,-0.381,0.453,0.228,-0.052,0.208,-0.316,0.008,0.54,0.388,-0.565,-0.342,-0.297,-0.297,0.249,0.045,-0.176,0.013,-0.259,0.455,0.233,0.316
ACHC,-0.614,0.0,0.854,0.768,0.29,0.59,0.728,-0.598,0.332,0.279,0.256,0.691,0.517,0.834,0.534,0.256,0.627,0.544,0.756,0.716,0.861,0.474,-0.659,0.129,0.738,-0.618,-0.197,-0.478,0.419,0.912,0.229,0.8,0.296,-0.661,0.637,0.789,0.638,0.314,0.821,0.295,0.001,-0.37,0.605,0.131,-0.562,0.304,-0.193,0.457,0.182,0.829,0.165,0.836,0.583,0.638,0.847,0.594,0.841,0.87,0.596,0.852,-0.251,0.514,0.763,0.328,-0.567,0.925,0.018,0.56,0.855,0.35,0.671,-0.26,0.576,0.597,0.834,-0.331,0.641,0.425,0.076,-0.422,-0.772,0.564,0.89,-0.006,0.682,0.567,0.682,0.36,0.843,0.02,0.864,0.602,-0.181,-0.216,0.505,0.292,-0.597,-0.212,0.666,0.528,-0.331,0.76,0.855,0.825,0.879,0.676,-0.474,0.549,-0.324,0.494,0.616,0.803,0.709,0.478,0.541,0.761,0.327,0.85,0.243,-0.487,-0.092,0.865,0.775,-0.246,-0.137,0.331,0.869,0.564,0.193,0.66,0.698,0.644,-0.107,0.904,0.714,-0.61,0.662,0.596,0.47,0.347,0.36,0.785,0.404,0.841,-0.706,-0.101,0.531,-0.362,0.37,-0.733,0.351,0.447,0.86,0.834,0.498,0.741,-0.45,-0.571,-0.266,-0.68,0.861,0.577,-0.495,-0.479,0.022,0.285,0.84,-0.275,0.246,0.485,0.815,0.506,0.311,0.87,0.622,0.86,0.391,0.849,0.885,0.793,-0.773,-0.449,-0.347,-0.589,0.813,0.374,-0.123,-0.087,0.883,0.779,0.766,0.779,0.289,0.381,0.685,0.471,0.757,-0.329,0.273,-0.222
AGNCN,-0.53,0.854,0.0,0.862,0.525,0.773,0.81,-0.548,0.46,0.428,-0.025,0.759,0.752,0.869,0.672,0.456,0.771,0.677,0.87,0.857,0.914,0.485,-0.547,0.107,0.84,-0.47,-0.012,-0.393,0.305,0.876,0.546,0.901,0.118,-0.634,0.786,0.833,0.639,0.524,0.853,0.484,-0.078,-0.288,0.795,0.408,-0.463,0.47,-0.018,0.686,0.409,0.845,0.301,0.927,0.659,0.722,0.845,0.719,0.891,0.939,0.751,0.908,0.001,0.701,0.834,0.512,-0.349,0.926,0.1,0.706,0.909,0.49,0.63,-0.182,0.587,0.738,0.899,-0.069,0.749,0.496,0.285,-0.303,-0.686,0.75,0.898,0.222,0.838,0.546,0.769,0.137,0.809,0.171,0.863,0.794,-0.365,-0.056,0.711,0.531,-0.472,-0.465,0.827,0.718,-0.456,0.911,0.881,0.897,0.911,0.837,-0.434,0.746,-0.489,0.717,0.778,0.691,0.794,0.474,0.711,0.752,0.482,0.894,0.522,-0.346,0.122,0.74,0.831,-0.007,0.118,0.212,0.941,0.698,0.477,0.803,0.89,0.577,-0.339,0.891,0.466,-0.685,0.766,0.6,0.616,0.562,0.573,0.665,0.583,0.937,-0.658,0.058,0.643,-0.242,0.581,-0.657,0.556,0.63,0.91,0.909,0.729,0.872,-0.424,-0.727,-0.439,-0.673,0.871,0.757,-0.63,-0.685,0.195,0.157,0.873,-0.185,0.158,0.699,0.83,0.488,0.56,0.915,0.782,0.918,0.608,0.904,0.819,0.864,-0.604,-0.225,-0.566,-0.62,0.868,0.529,-0.129,0.175,0.921,0.892,0.728,0.853,0.511,0.486,0.833,0.636,0.872,-0.038,0.481,-0.025
AKAM,-0.498,0.768,0.862,0.0,0.384,0.652,0.767,-0.403,0.248,0.517,-0.072,0.598,0.629,0.759,0.456,0.362,0.594,0.503,0.703,0.699,0.772,0.56,-0.513,0.138,0.736,-0.413,-0.017,-0.356,0.219,0.852,0.407,0.79,0.23,-0.539,0.612,0.686,0.517,0.453,0.714,0.301,0.106,-0.36,0.595,0.388,-0.536,0.282,-0.131,0.556,0.281,0.758,0.171,0.81,0.547,0.535,0.733,0.558,0.749,0.807,0.612,0.784,-0.078,0.591,0.665,0.368,-0.395,0.818,0.235,0.543,0.771,0.288,0.62,-0.161,0.448,0.559,0.716,-0.133,0.783,0.37,0.318,-0.215,-0.575,0.622,0.773,0.064,0.73,0.58,0.613,0.247,0.783,0.078,0.704,0.633,-0.227,0.074,0.577,0.356,-0.421,-0.329,0.693,0.601,-0.324,0.806,0.765,0.811,0.755,0.724,-0.492,0.558,-0.37,0.583,0.606,0.656,0.768,0.373,0.536,0.717,0.336,0.781,0.488,-0.368,0.035,0.715,0.636,-0.124,0.007,0.187,0.853,0.502,0.294,0.623,0.759,0.615,-0.275,0.793,0.4,-0.503,0.636,0.441,0.543,0.409,0.429,0.579,0.472,0.808,-0.523,-0.053,0.525,-0.379,0.422,-0.647,0.369,0.557,0.77,0.775,0.575,0.857,-0.479,-0.602,-0.318,-0.607,0.796,0.625,-0.42,-0.528,0.037,0.259,0.791,-0.291,0.074,0.555,0.825,0.426,0.449,0.76,0.652,0.91,0.541,0.796,0.776,0.775,-0.526,-0.286,-0.507,-0.501,0.695,0.339,-0.12,0.034,0.779,0.769,0.587,0.735,0.365,0.384,0.68,0.443,0.711,-0.088,0.371,-0.022
AKRO,0.063,0.29,0.525,0.384,0.0,0.799,0.491,-0.448,0.593,0.524,-0.626,0.674,0.883,0.614,0.755,0.683,0.66,0.798,0.731,0.768,0.478,-0.089,-0.06,0.128,0.744,0.13,0.656,0.011,-0.459,0.277,0.839,0.621,-0.424,-0.467,0.868,0.682,0.307,0.818,0.565,0.79,-0.314,0.374,0.787,0.503,0.148,0.811,0.462,0.925,0.852,0.326,0.561,0.668,0.783,0.623,0.486,0.722,0.467,0.547,0.878,0.651,0.421,0.811,0.737,0.609,0.368,0.525,-0.382,0.813,0.635,0.754,-0.16,-0.086,0.094,0.833,0.581,0.557,0.503,0.506,0.604,0.255,-0.368,0.904,0.592,0.752,0.61,0.182,0.695,-0.669,0.311,0.641,0.363,0.777,-0.891,0.257,0.947,0.864,-0.336,-0.891,0.743,0.884,-0.539,0.592,0.521,0.596,0.605,0.62,0.105,0.865,-0.89,0.913,0.839,0.046,0.403,0.366,0.7,0.134,0.839,0.646,0.772,0.408,0.712,-0.021,0.682,0.495,0.569,-0.046,0.481,0.769,0.881,0.706,0.79,-0.076,-0.643,0.375,-0.26,-0.658,0.62,0.649,0.291,0.933,0.928,0.137,0.799,0.639,-0.195,0.442,0.616,0.38,0.947,0.024,0.738,0.869,0.596,0.687,0.901,0.479,-0.21,-0.823,-0.845,-0.398,0.567,0.803,-0.662,-0.899,0.679,-0.434,0.399,0.425,-0.184,0.915,0.176,0.157,0.831,0.553,0.803,0.4,0.903,0.659,0.125,0.395,-0.2,0.017,-0.792,-0.623,0.648,0.741,0.255,0.766,0.572,0.73,0.474,0.744,0.906,0.347,0.774,0.746,0.7,0.524,0.789,0.556
ALRM,-0.073,0.59,0.773,0.652,0.799,0.0,0.683,-0.468,0.757,0.357,-0.256,0.915,0.899,0.872,0.843,0.706,0.819,0.878,0.898,0.959,0.717,0.156,-0.22,-0.019,0.915,-0.147,0.441,0.028,-0.065,0.57,0.809,0.777,-0.042,-0.408,0.929,0.906,0.675,0.776,0.873,0.835,-0.418,0.031,0.908,0.603,0.047,0.796,0.44,0.917,0.734,0.699,0.576,0.872,0.797,0.879,0.754,0.901,0.773,0.805,0.927,0.871,0.202,0.723,0.869,0.794,0.132,0.757,-0.013,0.938,0.889,0.849,0.121,-0.219,0.381,0.913,0.83,0.398,0.655,0.619,0.476,0.103,-0.511,0.903,0.798,0.663,0.809,0.192,0.92,-0.317,0.688,0.445,0.689,0.941,-0.729,0.034,0.874,0.84,-0.354,-0.745,0.917,0.948,-0.43,0.815,0.831,0.728,0.782,0.922,0.018,0.895,-0.765,0.932,0.941,0.382,0.693,0.689,0.877,0.528,0.732,0.856,0.773,0.183,0.45,0.339,0.862,0.453,0.539,0.325,0.752,0.921,0.824,0.933,0.902,0.252,-0.383,0.735,0.082,-0.801,0.865,0.792,0.432,0.851,0.851,0.557,0.913,0.833,-0.35,0.345,0.793,0.278,0.864,-0.191,0.858,0.749,0.859,0.904,0.836,0.683,-0.187,-0.736,-0.712,-0.421,0.826,0.849,-0.88,-0.753,0.676,-0.166,0.615,0.344,0.2,0.927,0.482,0.586,0.762,0.797,0.969,0.687,0.847,0.822,0.436,0.728,-0.45,-0.045,-0.793,-0.693,0.897,0.813,0.119,0.625,0.795,0.858,0.764,0.884,0.89,0.637,0.951,0.923,0.916,0.285,0.816,0.327
AMAT,-0.201,0.728,0.81,0.767,0.491,0.683,0.0,-0.412,0.308,0.44,-0.157,0.653,0.759,0.769,0.538,0.353,0.743,0.577,0.787,0.782,0.639,0.592,-0.313,0.019,0.816,-0.195,0.022,-0.152,0.054,0.854,0.568,0.835,0.162,-0.549,0.695,0.676,0.615,0.476,0.682,0.358,0.233,-0.016,0.633,0.42,-0.346,0.456,-0.117,0.651,0.246,0.741,0.481,0.797,0.511,0.659,0.839,0.625,0.676,0.746,0.659,0.788,0.234,0.766,0.683,0.404,-0.218,0.771,0.029,0.645,0.742,0.387,0.473,0.024,0.427,0.657,0.7,0.033,0.802,0.594,0.43,-0.242,-0.475,0.629,0.702,0.189,0.818,0.537,0.679,0.142,0.68,0.464,0.59,0.717,-0.242,0.33,0.628,0.364,-0.384,-0.295,0.644,0.695,-0.341,0.841,0.747,0.894,0.726,0.713,-0.174,0.624,-0.376,0.681,0.67,0.706,0.945,0.373,0.471,0.875,0.596,0.798,0.577,-0.138,0.211,0.586,0.666,0.062,0.205,0.193,0.86,0.537,0.371,0.688,0.784,0.774,-0.225,0.771,0.283,-0.418,0.75,0.518,0.75,0.475,0.411,0.597,0.59,0.841,-0.511,-0.035,0.596,-0.278,0.464,-0.536,0.509,0.561,0.733,0.76,0.671,0.836,-0.488,-0.567,-0.324,-0.506,0.758,0.572,-0.506,-0.561,0.166,0.197,0.81,-0.018,0.081,0.552,0.835,0.469,0.581,0.759,0.735,0.854,0.6,0.854,0.606,0.718,-0.477,-0.288,-0.496,-0.573,0.719,0.327,0.216,0.163,0.702,0.77,0.567,0.752,0.508,0.463,0.704,0.49,0.769,0.126,0.499,-0.051
AMED,0.396,-0.598,-0.548,-0.403,-0.448,-0.468,-0.412,0.0,-0.27,-0.4,-0.043,-0.462,-0.471,-0.59,-0.457,-0.353,-0.413,-0.53,-0.589,-0.561,-0.544,-0.018,0.583,-0.302,-0.566,0.292,-0.006,0.337,0.023,-0.546,-0.231,-0.553,0.071,0.653,-0.595,-0.64,-0.271,-0.297,-0.613,-0.313,0.096,0.087,-0.546,0.135,0.463,-0.345,0.1,-0.454,-0.31,-0.478,-0.128,-0.649,-0.617,-0.5,-0.62,-0.448,-0.449,-0.506,-0.562,-0.671,0.134,-0.52,-0.708,-0.226,0.26,-0.71,0.475,-0.504,-0.613,-0.366,-0.157,0.133,-0.106,-0.546,-0.549,0.134,-0.426,-0.345,-0.167,0.431,0.751,-0.575,-0.694,-0.156,-0.366,-0.542,-0.585,-0.02,-0.433,-0.127,-0.536,-0.434,0.426,0.133,-0.568,-0.314,0.713,0.323,-0.442,-0.484,0.428,-0.548,-0.547,-0.617,-0.715,-0.362,0.228,-0.532,0.519,-0.475,-0.551,-0.5,-0.287,-0.219,-0.421,-0.287,-0.536,-0.622,-0.188,0.281,-0.199,-0.481,-0.655,0.162,0.104,-0.047,-0.525,-0.485,-0.275,-0.457,-0.522,-0.29,0.21,-0.615,-0.462,0.5,-0.418,-0.585,-0.213,-0.438,-0.459,-0.355,-0.303,-0.616,0.506,-0.044,-0.299,0.148,-0.477,0.453,-0.236,-0.53,-0.599,-0.621,-0.459,-0.45,0.495,0.598,0.392,0.839,-0.602,-0.447,0.352,0.584,-0.158,-0.15,-0.522,0.039,0.12,-0.518,-0.407,-0.192,-0.43,-0.655,-0.448,-0.481,-0.4,-0.693,-0.395,-0.396,0.737,0.485,0.319,0.703,-0.595,-0.385,-0.076,-0.157,-0.62,-0.588,-0.494,-0.685,-0.354,0.005,-0.524,-0.415,-0.576,0.208,-0.186,0.117
AMRN,0.108,0.332,0.46,0.248,0.593,0.757,0.308,-0.27,0.0,-0.104,-0.032,0.841,0.609,0.605,0.802,0.542,0.763,0.839,0.676,0.727,0.519,-0.181,0.0,-0.197,0.674,-0.048,0.413,0.238,0.066,0.188,0.705,0.41,-0.041,-0.052,0.749,0.722,0.737,0.689,0.712,0.906,-0.78,0.106,0.772,0.508,0.422,0.847,0.722,0.658,0.673,0.382,0.661,0.601,0.542,0.831,0.545,0.873,0.648,0.588,0.712,0.563,0.209,0.445,0.62,0.857,0.276,0.418,0.083,0.826,0.672,0.943,-0.14,-0.335,0.418,0.802,0.688,0.508,0.171,0.507,0.127,0.335,-0.252,0.655,0.513,0.803,0.514,-0.29,0.755,-0.411,0.446,0.372,0.597,0.805,-0.698,-0.287,0.595,0.826,-0.047,-0.678,0.787,0.68,-0.234,0.498,0.628,0.35,0.517,0.773,0.317,0.759,-0.579,0.693,0.781,0.167,0.409,0.804,0.84,0.303,0.518,0.566,0.453,0.307,0.479,0.061,0.733,0.649,0.66,0.538,0.471,0.889,0.795,0.84,0.621,-0.077,-0.153,0.463,-0.001,-0.75,0.773,0.75,0.178,0.706,0.735,0.573,0.791,0.515,-0.272,0.572,0.701,0.665,0.751,0.078,0.88,0.399,0.665,0.649,0.608,0.339,0.318,-0.396,-0.633,-0.051,0.53,0.691,-0.891,-0.477,0.873,-0.372,0.367,0.647,0.565,0.739,0.104,0.721,0.549,0.562,0.76,0.266,0.615,0.454,0.21,0.452,-0.26,0.219,-0.61,-0.537,0.746,0.897,-0.066,0.602,0.556,0.547,0.723,0.551,0.789,0.751,0.781,0.907,0.738,0.249,0.708,0.461
ANGI,-0.197,0.279,0.428,0.517,0.524,0.357,0.44,-0.4,-0.104,0.0,-0.428,0.153,0.573,0.371,0.266,0.428,0.191,0.249,0.391,0.36,0.301,0.3,-0.315,0.287,0.429,0.072,0.365,-0.26,-0.399,0.426,0.335,0.531,-0.302,-0.598,0.406,0.342,-0.122,0.405,0.229,0.08,0.371,0.178,0.33,0.117,-0.433,0.143,-0.14,0.545,0.355,0.344,0.043,0.427,0.532,0.117,0.296,0.186,0.146,0.292,0.455,0.459,0.252,0.506,0.474,0.119,-0.01,0.453,-0.353,0.308,0.333,0.058,0.194,0.251,-0.137,0.299,0.21,0.077,0.661,0.253,0.558,-0.111,-0.368,0.526,0.421,0.143,0.413,0.757,0.346,-0.157,0.142,0.166,0.097,0.302,-0.341,0.556,0.612,0.264,-0.433,-0.391,0.309,0.509,-0.438,0.459,0.258,0.583,0.442,0.216,-0.353,0.427,-0.463,0.519,0.372,0.133,0.238,-0.117,0.244,0.127,0.504,0.448,0.574,0.016,0.314,0.21,0.291,-0.032,0.084,-0.385,0.338,0.175,0.239,0.207,0.504,0.193,-0.425,0.299,0.019,-0.15,0.175,0.153,0.209,0.445,0.416,-0.105,0.28,0.498,-0.082,-0.119,0.152,-0.347,0.435,-0.21,0.086,0.602,0.289,0.386,0.521,0.494,-0.709,-0.569,-0.295,-0.601,0.432,0.367,0.008,-0.633,-0.055,0.135,0.31,-0.25,-0.634,0.47,0.363,-0.245,0.581,0.355,0.377,0.48,0.585,0.539,0.211,0.324,-0.223,-0.31,-0.444,-0.381,0.26,0.128,0.103,0.27,0.355,0.536,0.077,0.545,0.335,-0.231,0.32,0.115,0.316,0.178,0.356,0.139
APA,-0.288,0.256,-0.025,-0.072,-0.626,-0.256,-0.157,-0.043,-0.032,-0.428,0.0,-0.03,-0.449,0.011,-0.197,-0.23,-0.183,-0.256,-0.12,-0.173,0.034,0.182,-0.314,-0.068,-0.176,-0.446,-0.452,-0.102,0.67,0.177,-0.511,-0.127,0.576,0.146,-0.279,0.003,0.229,-0.426,0.089,-0.335,-0.035,-0.385,-0.215,-0.363,-0.2,-0.366,-0.218,-0.457,-0.481,0.249,-0.341,-0.083,-0.218,0.027,0.086,-0.121,0.084,-0.005,-0.322,-0.028,-0.457,-0.529,-0.054,-0.024,-0.483,0.066,0.202,-0.22,-0.02,-0.194,0.313,-0.087,0.317,-0.29,0.044,-0.533,-0.18,-0.054,-0.521,-0.356,-0.178,-0.42,0.021,-0.418,-0.112,-0.062,-0.009,0.731,0.194,-0.553,0.218,-0.243,0.507,-0.496,-0.477,-0.449,-0.04,0.567,-0.199,-0.372,0.369,-0.07,0.11,-0.132,0.025,-0.082,-0.154,-0.33,0.558,-0.429,-0.225,0.358,-0.055,0.214,-0.137,0.245,-0.419,-0.021,-0.498,-0.466,-0.503,0.408,-0.009,-0.312,-0.366,0.449,-0.013,-0.164,-0.531,-0.08,-0.27,0.266,0.666,0.215,0.78,0.124,-0.061,0.013,-0.191,-0.515,-0.478,0.451,-0.338,-0.096,-0.202,-0.341,-0.18,-0.231,-0.47,-0.225,-0.284,-0.618,0.029,-0.061,-0.53,-0.113,0.103,0.502,0.613,0.043,0.053,-0.373,0.066,0.538,-0.295,0.456,-0.018,-0.25,0.49,-0.405,0.186,0.329,-0.455,0.041,-0.234,-0.012,-0.489,-0.111,0.252,0.182,-0.369,-0.249,0.457,0.065,0.026,-0.196,-0.351,-0.498,0.031,-0.169,0.164,-0.151,-0.441,0.057,-0.206,-0.178,-0.094,-0.712,-0.347,-0.496
APOG,-0.138,0.691,0.759,0.598,0.674,0.915,0.653,-0.462,0.841,0.153,-0.03,0.0,0.784,0.888,0.864,0.552,0.87,0.915,0.917,0.936,0.771,0.162,-0.299,-0.109,0.911,-0.295,0.307,-0.022,0.099,0.61,0.685,0.749,0.085,-0.394,0.91,0.936,0.811,0.734,0.93,0.831,-0.515,-0.058,0.873,0.523,0.086,0.801,0.409,0.795,0.618,0.698,0.603,0.883,0.712,0.927,0.832,0.954,0.867,0.859,0.878,0.869,0.093,0.649,0.856,0.797,0.019,0.776,0.036,0.939,0.921,0.879,0.181,-0.35,0.551,0.908,0.905,0.258,0.508,0.643,0.289,0.078,-0.572,0.817,0.825,0.605,0.802,0.093,0.926,-0.192,0.758,0.405,0.807,0.907,-0.653,-0.189,0.763,0.77,-0.354,-0.645,0.929,0.851,-0.328,0.763,0.898,0.704,0.801,0.92,0.023,0.839,-0.636,0.834,0.915,0.517,0.702,0.804,0.873,0.604,0.624,0.874,0.572,0.087,0.376,0.418,0.915,0.42,0.488,0.493,0.78,0.947,0.739,0.968,0.84,0.262,-0.21,0.77,0.252,-0.836,0.914,0.858,0.364,0.741,0.767,0.768,0.869,0.819,-0.469,0.326,0.818,0.317,0.787,-0.246,0.841,0.611,0.918,0.911,0.742,0.654,-0.063,-0.622,-0.65,-0.384,0.849,0.803,-0.924,-0.638,0.676,-0.15,0.685,0.374,0.45,0.839,0.483,0.738,0.633,0.846,0.927,0.664,0.733,0.792,0.531,0.721,-0.572,-0.11,-0.725,-0.694,0.956,0.841,0.038,0.477,0.842,0.826,0.908,0.829,0.804,0.74,0.94,0.927,0.942,0.089,0.721,0.264
APPS,-0.031,0.517,0.752,0.629,0.883,0.899,0.759,-0.471,0.609,0.573,-0.449,0.784,0.0,0.794,0.784,0.716,0.789,0.83,0.875,0.907,0.624,0.205,-0.173,0.046,0.895,0.016,0.508,0.0,-0.262,0.571,0.865,0.815,-0.223,-0.531,0.915,0.813,0.502,0.825,0.744,0.736,-0.167,0.243,0.882,0.576,-0.01,0.767,0.339,0.969,0.72,0.612,0.617,0.826,0.788,0.763,0.723,0.805,0.634,0.715,0.908,0.824,0.424,0.84,0.844,0.707,0.208,0.711,-0.186,0.888,0.789,0.742,0.112,-0.016,0.246,0.873,0.722,0.45,0.744,0.646,0.623,0.109,-0.443,0.91,0.737,0.67,0.818,0.359,0.841,-0.396,0.517,0.542,0.536,0.898,-0.726,0.334,0.94,0.797,-0.361,-0.763,0.837,0.953,-0.524,0.809,0.719,0.805,0.746,0.8,0.013,0.907,-0.779,0.971,0.904,0.33,0.689,0.476,0.784,0.491,0.848,0.821,0.859,0.257,0.6,0.262,0.783,0.456,0.571,0.096,0.709,0.813,0.81,0.838,0.913,0.285,-0.517,0.632,-0.036,-0.647,0.814,0.672,0.507,0.885,0.847,0.375,0.856,0.831,-0.346,0.29,0.712,0.172,0.879,-0.185,0.783,0.827,0.753,0.835,0.928,0.74,-0.359,-0.791,-0.705,-0.479,0.76,0.813,-0.737,-0.859,0.588,-0.189,0.61,0.308,-0.066,0.912,0.497,0.357,0.901,0.741,0.929,0.67,0.925,0.835,0.35,0.651,-0.34,-0.066,-0.795,-0.712,0.795,0.724,0.205,0.674,0.716,0.87,0.613,0.873,0.892,0.468,0.88,0.789,0.853,0.419,0.836,0.378
ARCB,-0.322,0.834,0.869,0.759,0.614,0.872,0.769,-0.59,0.605,0.371,0.011,0.888,0.794,0.0,0.783,0.594,0.76,0.768,0.895,0.917,0.811,0.328,-0.484,0.127,0.923,-0.366,0.224,-0.207,0.144,0.811,0.588,0.855,0.21,-0.584,0.865,0.951,0.677,0.641,0.931,0.621,-0.22,-0.155,0.831,0.386,-0.256,0.622,0.171,0.763,0.549,0.816,0.366,0.934,0.767,0.841,0.884,0.832,0.849,0.88,0.864,0.968,-0.029,0.66,0.905,0.647,-0.183,0.925,-0.036,0.831,0.951,0.666,0.38,-0.278,0.515,0.811,0.899,0.062,0.742,0.572,0.347,-0.139,-0.74,0.826,0.92,0.365,0.807,0.402,0.915,0.037,0.855,0.261,0.825,0.825,-0.545,-0.052,0.777,0.611,-0.513,-0.535,0.84,0.824,-0.331,0.892,0.933,0.843,0.905,0.871,-0.235,0.793,-0.594,0.794,0.866,0.657,0.762,0.67,0.767,0.696,0.626,0.949,0.587,-0.151,0.265,0.633,0.889,0.14,0.241,0.423,0.861,0.807,0.551,0.883,0.869,0.482,-0.263,0.909,0.428,-0.751,0.838,0.814,0.438,0.641,0.686,0.745,0.739,0.904,-0.539,0.134,0.725,-0.021,0.701,-0.496,0.654,0.656,0.931,0.959,0.708,0.799,-0.363,-0.685,-0.526,-0.597,0.943,0.757,-0.761,-0.655,0.41,0.075,0.739,0.086,0.238,0.8,0.697,0.623,0.632,0.911,0.878,0.818,0.732,0.918,0.679,0.805,-0.693,-0.284,-0.662,-0.748,0.934,0.657,-0.031,0.347,0.908,0.887,0.824,0.937,0.674,0.564,0.885,0.762,0.922,-0.037,0.602,0.122
ARCC,-0.15,0.534,0.672,0.456,0.755,0.843,0.538,-0.457,0.802,0.266,-0.197,0.864,0.784,0.783,0.0,0.651,0.832,0.894,0.825,0.855,0.716,0.044,-0.159,0.03,0.825,-0.126,0.387,0.024,-0.021,0.455,0.761,0.648,-0.151,-0.389,0.895,0.828,0.656,0.736,0.794,0.844,-0.538,0.157,0.872,0.452,0.113,0.815,0.542,0.819,0.737,0.532,0.612,0.8,0.709,0.836,0.677,0.873,0.74,0.743,0.863,0.775,0.251,0.699,0.793,0.714,0.058,0.653,-0.072,0.88,0.828,0.864,0.129,-0.254,0.557,0.881,0.825,0.397,0.453,0.509,0.23,0.104,-0.495,0.844,0.728,0.711,0.654,0.136,0.84,-0.374,0.571,0.442,0.7,0.872,-0.748,-0.121,0.818,0.852,-0.246,-0.76,0.871,0.817,-0.441,0.716,0.782,0.652,0.766,0.82,0.026,0.903,-0.684,0.825,0.899,0.323,0.526,0.703,0.843,0.423,0.72,0.772,0.553,0.142,0.514,0.24,0.852,0.422,0.484,0.328,0.684,0.887,0.788,0.879,0.816,0.088,-0.372,0.662,0.101,-0.785,0.812,0.803,0.367,0.807,0.835,0.543,0.783,0.754,-0.468,0.49,0.683,0.397,0.862,-0.202,0.826,0.655,0.81,0.801,0.808,0.57,-0.005,-0.667,-0.73,-0.357,0.691,0.839,-0.805,-0.753,0.714,-0.171,0.579,0.39,0.25,0.865,0.357,0.533,0.658,0.772,0.834,0.499,0.776,0.721,0.387,0.601,-0.391,0.074,-0.737,-0.725,0.846,0.842,-0.067,0.595,0.747,0.755,0.758,0.776,0.803,0.616,0.859,0.867,0.884,0.303,0.73,0.419
ARVN,0.02,0.256,0.456,0.362,0.683,0.706,0.353,-0.353,0.542,0.428,-0.23,0.552,0.716,0.594,0.651,0.0,0.466,0.584,0.532,0.622,0.356,0.015,-0.041,0.326,0.567,0.249,0.662,0.244,-0.253,0.262,0.739,0.427,-0.107,-0.198,0.64,0.596,0.313,0.643,0.564,0.669,-0.295,0.349,0.668,0.448,0.088,0.551,0.62,0.762,0.788,0.421,0.359,0.554,0.666,0.615,0.419,0.56,0.384,0.402,0.688,0.567,0.242,0.491,0.611,0.671,0.259,0.446,-0.124,0.638,0.542,0.636,-0.086,-0.088,0.16,0.611,0.496,0.588,0.57,0.266,0.401,0.199,-0.285,0.698,0.487,0.684,0.421,0.103,0.709,-0.371,0.337,0.288,0.359,0.648,-0.661,0.238,0.712,0.691,-0.046,-0.629,0.582,0.746,-0.253,0.632,0.486,0.417,0.507,0.62,0.03,0.758,-0.611,0.715,0.719,0.022,0.316,0.441,0.626,0.22,0.745,0.542,0.71,0.248,0.625,0.09,0.576,0.382,0.424,0.271,0.384,0.602,0.64,0.647,0.653,0.056,-0.356,0.452,-0.054,-0.469,0.542,0.655,0.199,0.711,0.756,0.175,0.628,0.478,-0.146,0.511,0.482,0.355,0.765,-0.022,0.581,0.564,0.488,0.562,0.593,0.466,-0.088,-0.516,-0.507,-0.252,0.463,0.604,-0.571,-0.563,0.608,-0.107,0.213,0.326,-0.002,0.776,0.228,0.291,0.685,0.467,0.675,0.302,0.799,0.527,0.087,0.503,-0.13,0.213,-0.581,-0.633,0.538,0.582,-0.095,0.806,0.475,0.534,0.389,0.646,0.729,0.396,0.615,0.637,0.607,0.466,0.704,0.568
ATEC,-0.09,0.627,0.771,0.594,0.66,0.819,0.743,-0.413,0.763,0.191,-0.183,0.87,0.789,0.76,0.832,0.466,0.0,0.889,0.88,0.879,0.76,0.198,-0.185,-0.126,0.881,-0.169,0.212,0.006,0.056,0.591,0.765,0.722,-0.078,-0.396,0.871,0.806,0.831,0.702,0.805,0.761,-0.372,0.036,0.839,0.57,0.024,0.835,0.349,0.756,0.531,0.634,0.737,0.843,0.598,0.86,0.815,0.918,0.829,0.828,0.819,0.779,0.313,0.78,0.744,0.672,-0.031,0.688,0.079,0.871,0.847,0.794,0.246,-0.18,0.554,0.912,0.858,0.316,0.517,0.663,0.265,0.032,-0.405,0.777,0.717,0.598,0.765,0.18,0.795,-0.233,0.619,0.542,0.741,0.925,-0.563,-0.048,0.737,0.752,-0.253,-0.625,0.895,0.794,-0.448,0.755,0.817,0.743,0.756,0.859,0.078,0.856,-0.593,0.809,0.86,0.52,0.76,0.66,0.79,0.651,0.635,0.806,0.531,0.08,0.412,0.373,0.858,0.396,0.495,0.357,0.822,0.861,0.719,0.897,0.869,0.344,-0.286,0.707,0.131,-0.721,0.887,0.723,0.585,0.713,0.706,0.658,0.805,0.822,-0.553,0.396,0.758,0.25,0.741,-0.305,0.851,0.599,0.847,0.817,0.82,0.678,-0.041,-0.646,-0.635,-0.357,0.722,0.804,-0.79,-0.681,0.627,-0.156,0.777,0.347,0.384,0.762,0.527,0.687,0.603,0.801,0.859,0.66,0.682,0.765,0.506,0.691,-0.419,-0.051,-0.677,-0.657,0.872,0.749,0.091,0.399,0.756,0.785,0.776,0.746,0.741,0.709,0.897,0.824,0.913,0.258,0.68,0.256
ATXS,-0.069,0.544,0.677,0.503,0.798,0.878,0.577,-0.53,0.839,0.249,-0.256,0.915,0.83,0.768,0.894,0.584,0.889,0.0,0.883,0.9,0.697,-0.009,-0.187,-0.083,0.884,-0.105,0.41,0.053,-0.13,0.47,0.772,0.67,-0.18,-0.407,0.937,0.869,0.718,0.827,0.848,0.89,-0.554,0.132,0.874,0.512,0.142,0.885,0.481,0.853,0.703,0.542,0.735,0.839,0.725,0.868,0.769,0.934,0.748,0.759,0.903,0.785,0.252,0.756,0.809,0.754,0.163,0.672,-0.087,0.954,0.847,0.914,0.013,-0.263,0.394,0.956,0.82,0.423,0.446,0.622,0.354,0.178,-0.474,0.871,0.754,0.764,0.704,0.112,0.87,-0.423,0.551,0.524,0.686,0.912,-0.789,-0.09,0.837,0.856,-0.334,-0.77,0.918,0.869,-0.464,0.688,0.778,0.669,0.744,0.819,0.137,0.909,-0.762,0.883,0.916,0.375,0.573,0.702,0.868,0.431,0.745,0.801,0.601,0.226,0.579,0.244,0.875,0.489,0.556,0.302,0.687,0.942,0.842,0.903,0.836,0.103,-0.314,0.639,0.046,-0.787,0.865,0.809,0.343,0.861,0.868,0.554,0.872,0.762,-0.432,0.491,0.772,0.432,0.889,-0.139,0.862,0.702,0.824,0.833,0.838,0.583,-0.033,-0.689,-0.779,-0.418,0.739,0.831,-0.853,-0.762,0.776,-0.237,0.644,0.483,0.294,0.894,0.323,0.598,0.726,0.777,0.891,0.546,0.8,0.748,0.358,0.582,-0.463,-0.041,-0.761,-0.739,0.88,0.895,0.117,0.592,0.749,0.8,0.808,0.802,0.865,0.608,0.918,0.919,0.904,0.257,0.748,0.397
AVAV,-0.239,0.756,0.87,0.703,0.731,0.898,0.787,-0.589,0.676,0.391,-0.12,0.917,0.875,0.895,0.825,0.532,0.88,0.883,0.0,0.972,0.824,0.274,-0.415,-0.083,0.957,-0.361,0.236,-0.19,0.053,0.747,0.694,0.91,-0.061,-0.628,0.948,0.935,0.705,0.693,0.901,0.696,-0.279,-0.028,0.898,0.48,-0.132,0.742,0.178,0.851,0.538,0.784,0.555,0.944,0.764,0.869,0.884,0.9,0.842,0.893,0.888,0.939,0.205,0.76,0.937,0.708,-0.083,0.873,-0.129,0.928,0.93,0.763,0.322,-0.16,0.493,0.898,0.9,0.147,0.66,0.749,0.402,-0.112,-0.66,0.854,0.897,0.508,0.916,0.38,0.91,-0.134,0.709,0.424,0.777,0.908,-0.591,-0.021,0.849,0.711,-0.522,-0.627,0.916,0.883,-0.497,0.845,0.905,0.875,0.896,0.869,-0.104,0.857,-0.659,0.89,0.929,0.609,0.757,0.603,0.824,0.656,0.701,0.943,0.622,0.008,0.367,0.509,0.909,0.305,0.411,0.224,0.863,0.887,0.694,0.92,0.931,0.398,-0.331,0.819,0.311,-0.771,0.885,0.746,0.499,0.762,0.732,0.685,0.805,0.943,-0.555,0.141,0.732,0.07,0.77,-0.355,0.762,0.692,0.924,0.947,0.835,0.77,-0.351,-0.749,-0.601,-0.582,0.909,0.79,-0.822,-0.787,0.503,-0.073,0.804,0.187,0.181,0.837,0.646,0.551,0.736,0.909,0.932,0.809,0.756,0.915,0.583,0.796,-0.629,-0.245,-0.701,-0.756,0.956,0.741,0.12,0.425,0.889,0.936,0.82,0.908,0.771,0.555,0.944,0.835,0.957,0.082,0.707,0.102
AXON,-0.187,0.716,0.857,0.699,0.768,0.959,0.782,-0.561,0.727,0.36,-0.173,0.936,0.907,0.917,0.855,0.622,0.879,0.9,0.972,0.0,0.8,0.235,-0.337,-0.031,0.964,-0.282,0.309,-0.089,0.024,0.702,0.766,0.876,-0.032,-0.55,0.967,0.947,0.722,0.738,0.915,0.767,-0.325,0.006,0.927,0.531,-0.075,0.776,0.292,0.896,0.625,0.772,0.588,0.938,0.8,0.906,0.855,0.916,0.834,0.88,0.926,0.936,0.2,0.771,0.929,0.759,-0.012,0.852,-0.07,0.95,0.939,0.816,0.248,-0.193,0.475,0.929,0.904,0.251,0.682,0.706,0.424,-0.039,-0.618,0.89,0.883,0.574,0.878,0.309,0.937,-0.196,0.733,0.43,0.769,0.949,-0.656,0.009,0.874,0.771,-0.461,-0.673,0.932,0.922,-0.485,0.865,0.9,0.85,0.878,0.916,-0.046,0.895,-0.706,0.921,0.96,0.543,0.772,0.669,0.849,0.644,0.739,0.933,0.697,0.069,0.41,0.469,0.916,0.354,0.456,0.293,0.847,0.919,0.753,0.95,0.936,0.383,-0.346,0.819,0.236,-0.795,0.918,0.799,0.505,0.812,0.792,0.652,0.863,0.925,-0.5,0.248,0.789,0.154,0.819,-0.321,0.821,0.73,0.923,0.956,0.855,0.768,-0.286,-0.756,-0.655,-0.528,0.894,0.834,-0.871,-0.782,0.585,-0.081,0.756,0.267,0.207,0.888,0.614,0.589,0.753,0.9,0.968,0.781,0.805,0.908,0.547,0.792,-0.574,-0.152,-0.743,-0.762,0.959,0.778,0.117,0.509,0.878,0.927,0.83,0.925,0.837,0.617,0.962,0.888,0.968,0.173,0.767,0.196
BANF,-0.644,0.861,0.914,0.772,0.478,0.717,0.639,-0.544,0.519,0.301,0.034,0.771,0.624,0.811,0.716,0.356,0.76,0.697,0.824,0.8,0.0,0.366,-0.6,0.1,0.768,-0.603,-0.085,-0.493,0.393,0.788,0.435,0.811,0.068,-0.624,0.765,0.821,0.669,0.463,0.845,0.519,-0.263,-0.387,0.77,0.367,-0.413,0.469,0.046,0.593,0.42,0.77,0.264,0.893,0.658,0.693,0.769,0.726,0.948,0.968,0.717,0.857,-0.152,0.624,0.798,0.456,-0.452,0.887,0.094,0.671,0.909,0.533,0.642,-0.336,0.682,0.737,0.936,-0.145,0.548,0.399,0.07,-0.258,-0.729,0.72,0.898,0.217,0.719,0.456,0.706,0.094,0.806,0.088,0.943,0.754,-0.396,-0.328,0.655,0.571,-0.484,-0.507,0.852,0.629,-0.483,0.785,0.878,0.811,0.917,0.803,-0.483,0.723,-0.485,0.629,0.747,0.63,0.657,0.526,0.742,0.624,0.36,0.851,0.329,-0.399,0.017,0.706,0.853,-0.06,0.043,0.245,0.908,0.734,0.465,0.779,0.822,0.387,-0.339,0.847,0.506,-0.8,0.723,0.613,0.497,0.537,0.584,0.708,0.526,0.885,-0.719,0.136,0.642,-0.148,0.575,-0.66,0.549,0.596,0.926,0.871,0.692,0.753,-0.277,-0.732,-0.512,-0.629,0.824,0.805,-0.629,-0.673,0.224,0.076,0.864,-0.198,0.254,0.669,0.703,0.48,0.39,0.919,0.716,0.818,0.508,0.829,0.878,0.798,-0.625,-0.189,-0.528,-0.573,0.876,0.593,-0.273,0.09,0.943,0.844,0.794,0.777,0.442,0.483,0.817,0.656,0.851,-0.12,0.4,-0.017
BATRK,-0.4,0.474,0.485,0.56,-0.089,0.156,0.592,-0.018,-0.181,0.3,0.182,0.162,0.205,0.328,0.044,0.015,0.198,-0.009,0.274,0.235,0.366,0.0,-0.396,0.012,0.27,-0.273,-0.271,-0.303,0.269,0.666,0.0,0.465,0.358,-0.271,0.103,0.166,0.304,-0.015,0.238,-0.203,0.486,-0.265,0.084,0.172,-0.463,-0.196,-0.426,0.093,-0.234,0.517,-0.045,0.359,0.04,0.117,0.406,0.078,0.347,0.378,0.072,0.322,-0.102,0.22,0.184,0.028,-0.443,0.409,0.32,0.052,0.278,-0.199,0.706,0.157,0.429,0.02,0.29,-0.371,0.496,0.178,0.139,-0.299,-0.267,0.038,0.295,-0.299,0.467,0.5,0.172,0.572,0.437,-0.005,0.31,0.146,0.343,0.255,0.063,-0.203,-0.146,0.231,0.155,0.12,0.046,0.461,0.344,0.513,0.313,0.277,-0.476,0.044,0.258,0.111,0.109,0.544,0.59,0.048,0.009,0.671,0.009,0.368,0.18,-0.422,-0.219,0.55,0.133,-0.223,-0.136,0.06,0.494,-0.036,-0.218,0.172,0.292,0.694,0.125,0.426,0.404,0.054,0.245,-0.0,0.46,-0.115,-0.151,0.399,0.021,0.403,-0.214,-0.346,0.164,-0.602,-0.117,-0.525,-0.089,0.016,0.295,0.276,0.083,0.575,-0.397,-0.053,0.279,-0.245,0.376,0.063,0.023,-0.027,-0.363,0.468,0.515,-0.485,0.043,-0.009,0.73,0.189,0.066,0.364,0.192,0.613,0.096,0.381,0.561,0.484,-0.23,-0.269,-0.063,-0.061,0.225,-0.182,-0.134,-0.29,0.338,0.302,0.21,0.234,-0.114,0.138,0.145,-0.069,0.261,-0.194,0.047,-0.326
BIDU,0.688,-0.659,-0.547,-0.513,-0.06,-0.22,-0.313,0.583,0.0,-0.315,-0.314,-0.299,-0.173,-0.484,-0.159,-0.041,-0.185,-0.187,-0.415,-0.337,-0.6,-0.396,0.0,-0.17,-0.36,0.653,0.227,0.734,-0.308,-0.648,0.162,-0.54,-0.177,0.67,-0.311,-0.466,-0.215,-0.037,-0.471,0.088,-0.111,0.524,-0.243,0.087,0.613,0.042,0.432,-0.138,0.01,-0.575,0.283,-0.513,-0.364,-0.231,-0.466,-0.244,-0.481,-0.525,-0.299,-0.547,0.57,-0.147,-0.498,-0.064,0.588,-0.665,0.13,-0.205,-0.478,-0.006,-0.6,0.167,-0.299,-0.174,-0.476,0.601,-0.361,-0.242,0.012,0.459,0.833,-0.287,-0.614,0.298,-0.404,-0.58,-0.351,-0.466,-0.51,0.243,-0.543,-0.156,0.017,0.262,-0.261,0.021,0.679,0.031,-0.303,-0.17,0.195,-0.426,-0.498,-0.542,-0.596,-0.249,0.666,-0.179,0.082,-0.18,-0.262,-0.602,-0.246,-0.077,-0.23,-0.353,-0.023,-0.563,0.012,0.554,0.232,-0.659,-0.391,0.413,0.355,0.005,-0.49,-0.217,0.117,-0.272,-0.359,-0.351,-0.008,-0.551,-0.69,0.3,-0.202,-0.219,-0.049,-0.031,-0.106,-0.446,-0.029,-0.513,0.453,0.352,-0.15,0.504,-0.1,0.588,0.105,-0.166,-0.515,-0.482,-0.141,-0.511,0.526,0.344,-0.055,0.689,-0.606,-0.23,0.135,0.288,0.266,-0.292,-0.504,0.535,0.007,-0.221,-0.553,-0.14,-0.077,-0.572,-0.233,-0.586,-0.117,-0.526,-0.662,-0.452,0.733,0.574,0.132,0.397,-0.456,-0.083,0.293,0.271,-0.605,-0.487,-0.435,-0.455,0.042,0.03,-0.306,-0.127,-0.38,0.6,0.079,0.415
BLNE,-0.34,0.129,0.107,0.138,0.128,-0.019,0.019,-0.302,-0.197,0.287,-0.068,-0.109,0.046,0.127,0.03,0.326,-0.126,-0.083,-0.083,-0.031,0.1,0.012,-0.17,0.0,-0.025,0.11,0.116,-0.181,-0.014,0.116,0.056,0.017,0.121,-0.147,0.033,0.029,-0.195,0.05,0.016,-0.051,0.196,0.032,0.026,-0.173,-0.387,-0.121,0.033,0.039,0.293,-0.015,-0.279,0.091,0.224,-0.06,-0.022,-0.129,0.018,0.043,0.123,0.102,-0.234,0.138,0.103,-0.129,-0.246,0.162,-0.17,-0.12,0.072,-0.159,0.137,-0.136,0.028,0.0,0.071,0.011,0.271,-0.416,-0.011,-0.18,-0.206,0.178,0.116,-0.11,-0.166,0.255,-0.012,0.066,0.136,-0.045,0.104,-0.043,-0.142,0.092,0.168,0.016,-0.05,-0.123,-0.052,0.023,-0.028,0.194,0.028,0.107,0.197,-0.031,-0.376,0.16,-0.123,-0.005,0.077,0.001,-0.056,-0.091,-0.064,-0.074,0.161,0.059,0.018,-0.328,0.075,0.144,0.115,-0.395,-0.368,0.06,0.073,-0.11,-0.092,-0.038,0.116,0.045,-0.301,0.126,0.133,-0.061,-0.095,0.204,0.049,0.031,0.18,-0.084,-0.151,0.044,-0.159,0.2,-0.056,-0.162,0.151,-0.344,-0.155,0.249,0.046,0.055,0.074,0.13,-0.182,-0.26,-0.13,-0.319,0.013,0.167,0.159,-0.156,-0.123,0.12,0.027,-0.293,-0.237,0.126,0.114,-0.212,-0.01,0.066,-0.064,-0.001,0.159,0.13,0.168,0.025,-0.055,-0.005,-0.035,-0.137,-0.012,-0.095,-0.317,0.029,0.109,0.046,-0.111,0.155,-0.052,-0.119,-0.023,-0.135,0.012,0.047,-0.104,0.238
BLNK,-0.157,0.738,0.84,0.736,0.744,0.915,0.816,-0.566,0.674,0.429,-0.176,0.911,0.895,0.923,0.825,0.567,0.881,0.884,0.957,0.964,0.768,0.27,-0.36,-0.025,0.0,-0.247,0.328,-0.093,-0.029,0.735,0.726,0.875,0.008,-0.572,0.944,0.938,0.722,0.769,0.895,0.706,-0.234,0.003,0.866,0.469,-0.123,0.783,0.231,0.87,0.589,0.756,0.599,0.937,0.781,0.871,0.888,0.918,0.805,0.856,0.924,0.93,0.205,0.781,0.908,0.711,-0.023,0.852,-0.065,0.933,0.928,0.763,0.252,-0.168,0.444,0.907,0.865,0.212,0.736,0.718,0.477,-0.011,-0.614,0.885,0.868,0.527,0.875,0.371,0.919,-0.154,0.727,0.458,0.737,0.914,-0.642,0.094,0.866,0.718,-0.499,-0.65,0.908,0.907,-0.442,0.86,0.893,0.87,0.867,0.874,-0.044,0.864,-0.685,0.909,0.92,0.595,0.786,0.663,0.798,0.659,0.725,0.941,0.693,0.061,0.408,0.482,0.894,0.326,0.436,0.314,0.846,0.87,0.688,0.912,0.929,0.413,-0.308,0.818,0.243,-0.738,0.891,0.789,0.47,0.765,0.76,0.67,0.853,0.92,-0.504,0.205,0.756,0.095,0.794,-0.336,0.772,0.713,0.903,0.945,0.837,0.791,-0.331,-0.724,-0.623,-0.566,0.923,0.806,-0.801,-0.757,0.54,-0.059,0.757,0.25,0.179,0.862,0.627,0.615,0.754,0.879,0.942,0.798,0.82,0.912,0.555,0.769,-0.611,-0.268,-0.765,-0.764,0.936,0.731,0.154,0.445,0.849,0.922,0.815,0.932,0.803,0.579,0.936,0.826,0.948,0.132,0.734,0.205
BTAI,0.647,-0.618,-0.47,-0.413,0.13,-0.147,-0.195,0.292,-0.048,0.072,-0.446,-0.295,0.016,-0.366,-0.126,0.249,-0.169,-0.105,-0.361,-0.282,-0.603,-0.273,0.653,0.11,-0.247,0.0,0.493,0.701,-0.64,-0.538,0.26,-0.476,-0.24,0.514,-0.211,-0.378,-0.279,0.178,-0.393,0.101,0.062,0.647,-0.213,0.099,0.481,0.084,0.449,0.025,0.23,-0.514,0.267,-0.393,-0.224,-0.191,-0.312,-0.198,-0.519,-0.538,-0.111,-0.425,0.449,0.04,-0.387,-0.029,0.672,-0.541,-0.029,-0.14,-0.425,-0.024,-0.628,0.287,-0.506,-0.104,-0.482,0.727,-0.116,-0.246,0.268,0.465,0.643,-0.082,-0.551,0.386,-0.368,-0.32,-0.201,-0.499,-0.544,0.373,-0.579,-0.118,-0.181,0.59,-0.044,0.054,0.558,-0.094,-0.304,-0.012,0.188,-0.235,-0.48,-0.394,-0.511,-0.254,0.505,-0.031,-0.045,-0.017,-0.179,-0.565,-0.247,-0.152,-0.21,-0.364,0.239,-0.423,0.241,0.561,0.533,-0.657,-0.352,0.395,0.359,-0.046,-0.477,-0.231,0.141,-0.226,-0.222,-0.309,-0.026,-0.493,-0.728,0.396,-0.21,-0.121,-0.099,0.077,0.074,-0.546,0.037,-0.445,0.492,0.447,-0.112,0.43,0.094,0.527,0.028,-0.023,-0.48,-0.42,-0.047,-0.319,0.308,0.233,-0.069,0.415,-0.497,-0.159,0.228,0.124,0.313,-0.228,-0.501,0.49,-0.179,-0.026,-0.503,-0.173,0.184,-0.519,-0.161,-0.535,0.165,-0.385,-0.682,-0.471,0.628,0.355,-0.06,0.155,-0.431,-0.085,0.241,0.453,-0.564,-0.404,-0.468,-0.27,0.142,-0.067,-0.25,-0.132,-0.311,0.649,0.122,0.581
BYND,0.48,-0.197,-0.012,-0.017,0.656,0.441,0.022,-0.006,0.413,0.365,-0.452,0.307,0.508,0.224,0.387,0.662,0.212,0.41,0.236,0.309,-0.085,-0.271,0.227,0.116,0.328,0.493,0.0,0.421,-0.627,-0.196,0.614,0.095,-0.329,0.028,0.418,0.285,0.031,0.717,0.144,0.534,-0.28,0.593,0.325,0.414,0.491,0.561,0.664,0.611,0.722,-0.025,0.378,0.16,0.449,0.288,0.035,0.393,-0.036,0.003,0.519,0.172,0.451,0.259,0.289,0.582,0.679,0.0,-0.25,0.474,0.144,0.531,-0.527,0.074,-0.248,0.396,0.084,0.724,0.247,0.282,0.538,0.618,0.088,0.494,0.072,0.713,0.208,-0.184,0.386,-0.672,-0.123,0.417,-0.129,0.371,-0.705,0.436,0.575,0.593,0.072,-0.634,0.321,0.571,-0.115,0.146,0.059,0.054,0.07,0.251,0.357,0.485,-0.561,0.579,0.448,-0.366,-0.038,0.294,0.366,-0.255,0.58,0.206,0.687,0.727,0.714,-0.435,0.218,0.668,0.655,0.02,-0.094,0.391,0.594,0.332,0.359,-0.405,-0.282,-0.088,-0.469,-0.188,0.251,0.379,-0.224,0.611,0.659,-0.167,0.591,0.094,0.298,0.451,0.31,0.591,0.668,0.51,0.464,0.389,0.084,0.203,0.428,0.052,0.079,-0.282,-0.45,0.082,0.165,0.351,-0.372,-0.403,0.671,-0.47,-0.18,0.576,-0.16,0.594,-0.277,0.033,0.617,0.031,0.462,-0.09,0.699,0.129,-0.357,0.06,0.163,0.15,-0.561,-0.28,0.185,0.483,0.198,0.797,0.04,0.263,0.12,0.314,0.7,0.216,0.334,0.432,0.23,0.557,0.701,0.735
CAN,0.744,-0.478,-0.393,-0.356,0.011,0.028,-0.152,0.337,0.238,-0.26,-0.102,-0.022,0.0,-0.207,0.024,0.244,0.006,0.053,-0.19,-0.089,-0.493,-0.303,0.734,-0.181,-0.093,0.701,0.421,0.0,-0.353,-0.447,0.312,-0.411,0.016,0.67,-0.099,-0.172,0.077,0.209,-0.159,0.256,-0.214,0.545,-0.079,0.157,0.644,0.226,0.598,0.062,0.117,-0.271,0.458,-0.271,-0.182,0.125,-0.176,0.022,-0.326,-0.391,-0.065,-0.297,0.455,-0.094,-0.256,0.271,0.594,-0.459,0.219,0.079,-0.246,0.237,-0.615,0.161,-0.223,0.029,-0.284,0.716,-0.131,-0.01,0.067,0.445,0.636,-0.118,-0.417,0.472,-0.221,-0.548,0.009,-0.348,-0.291,0.274,-0.372,0.064,-0.112,0.311,-0.105,0.109,0.572,0.0,-0.128,0.062,0.297,-0.181,-0.22,-0.367,-0.409,-0.006,0.742,-0.003,0.054,0.027,-0.02,-0.352,-0.081,0.292,-0.051,-0.138,0.225,-0.286,0.206,0.615,0.431,-0.505,-0.176,0.586,0.523,0.323,-0.345,-0.007,0.199,-0.012,-0.176,-0.172,0.291,-0.268,-0.495,0.253,0.092,0.09,-0.103,0.085,0.041,-0.187,0.232,-0.321,0.367,0.428,0.09,0.607,0.066,0.576,0.273,-0.172,-0.289,-0.268,-0.089,-0.324,0.495,0.362,-0.007,0.557,-0.333,-0.149,-0.102,0.279,0.511,-0.082,-0.382,0.706,0.229,-0.019,-0.396,0.233,0.108,-0.346,0.014,-0.421,0.104,-0.318,-0.611,-0.207,0.443,0.377,-0.073,0.073,-0.199,0.092,0.293,0.449,-0.436,-0.314,-0.111,-0.201,0.256,0.225,-0.098,0.113,-0.127,0.527,0.3,0.465
CCEC,-0.534,0.419,0.305,0.219,-0.459,-0.065,0.054,0.023,0.066,-0.399,0.67,0.099,-0.262,0.144,-0.021,-0.253,0.056,-0.13,0.053,0.024,0.393,0.269,-0.308,-0.014,-0.029,-0.64,-0.627,-0.353,0.0,0.321,-0.266,0.106,0.48,0.056,-0.109,0.096,0.325,-0.353,0.23,-0.146,-0.075,-0.633,0.011,-0.121,-0.315,-0.248,-0.21,-0.313,-0.313,0.34,-0.258,0.114,-0.162,0.112,0.177,0.006,0.416,0.342,-0.176,0.116,-0.425,-0.24,0.037,0.001,-0.622,0.236,0.47,-0.138,0.196,-0.129,0.63,-0.251,0.578,-0.087,0.306,-0.502,-0.062,-0.136,-0.516,-0.418,-0.178,-0.211,0.197,-0.399,0.076,-0.011,-0.004,0.623,0.415,-0.53,0.51,0.011,0.432,-0.598,-0.299,-0.212,0.04,0.331,0.089,-0.262,0.097,0.143,0.276,0.07,0.222,0.198,-0.413,-0.127,0.376,-0.278,-0.053,0.412,0.205,0.243,0.051,0.401,-0.466,0.089,-0.388,-0.692,-0.617,0.55,0.163,-0.378,-0.374,0.359,0.309,-0.002,-0.294,0.107,0.006,0.336,0.23,0.374,0.645,-0.188,0.099,-0.012,0.18,-0.349,-0.309,0.511,-0.251,0.143,-0.424,-0.197,0.015,-0.323,-0.327,-0.481,-0.058,-0.335,0.25,0.135,-0.22,0.125,0.108,0.155,0.308,-0.055,0.161,0.005,-0.078,0.264,-0.309,0.333,0.29,-0.432,0.509,-0.233,0.401,0.312,-0.359,0.236,-0.078,0.241,-0.394,0.042,0.61,0.378,-0.267,0.002,0.281,0.179,0.198,-0.096,-0.522,-0.518,0.268,0.038,0.224,-0.032,-0.363,0.258,0.038,-0.023,0.081,-0.501,-0.294,-0.439
CDW,-0.576,0.912,0.876,0.852,0.277,0.57,0.854,-0.546,0.188,0.426,0.177,0.61,0.571,0.811,0.455,0.262,0.591,0.47,0.747,0.702,0.788,0.666,-0.648,0.116,0.735,-0.538,-0.196,-0.447,0.321,0.0,0.262,0.843,0.345,-0.673,0.596,0.718,0.576,0.308,0.752,0.177,0.219,-0.343,0.559,0.2,-0.632,0.212,-0.32,0.474,0.097,0.859,0.156,0.835,0.516,0.583,0.852,0.524,0.764,0.82,0.561,0.842,-0.144,0.569,0.719,0.285,-0.551,0.909,0.062,0.516,0.796,0.233,0.725,-0.132,0.545,0.523,0.764,-0.337,0.765,0.449,0.194,-0.454,-0.736,0.534,0.838,-0.073,0.751,0.691,0.651,0.454,0.821,0.093,0.759,0.566,-0.089,0.023,0.502,0.188,-0.564,-0.135,0.603,0.536,-0.259,0.828,0.828,0.896,0.835,0.652,-0.513,0.499,-0.233,0.505,0.577,0.865,0.816,0.366,0.45,0.86,0.377,0.841,0.336,-0.496,-0.057,0.861,0.683,-0.243,-0.117,0.225,0.895,0.458,0.129,0.608,0.708,0.795,-0.094,0.901,0.663,-0.448,0.644,0.491,0.586,0.285,0.284,0.722,0.38,0.857,-0.652,-0.217,0.488,-0.507,0.311,-0.761,0.275,0.447,0.801,0.787,0.493,0.849,-0.587,-0.52,-0.159,-0.696,0.848,0.5,-0.4,-0.458,-0.083,0.432,0.863,-0.355,0.118,0.445,0.927,0.447,0.376,0.851,0.608,0.932,0.426,0.872,0.845,0.805,-0.724,-0.468,-0.345,-0.579,0.743,0.25,-0.064,-0.096,0.829,0.776,0.655,0.762,0.258,0.316,0.633,0.377,0.732,-0.274,0.266,-0.273
CDXS,0.197,0.229,0.546,0.407,0.839,0.809,0.568,-0.231,0.705,0.335,-0.511,0.685,0.865,0.588,0.761,0.739,0.765,0.772,0.694,0.766,0.435,0.0,0.162,0.056,0.726,0.26,0.614,0.312,-0.266,0.262,0.0,0.535,-0.256,-0.163,0.8,0.62,0.492,0.825,0.564,0.832,-0.349,0.401,0.8,0.647,0.287,0.829,0.636,0.872,0.791,0.353,0.723,0.628,0.586,0.711,0.519,0.757,0.509,0.539,0.803,0.577,0.566,0.754,0.617,0.757,0.38,0.414,-0.012,0.802,0.607,0.788,-0.103,-0.029,0.258,0.814,0.591,0.733,0.523,0.477,0.487,0.306,-0.105,0.799,0.459,0.818,0.622,-0.012,0.698,-0.565,0.324,0.626,0.389,0.857,-0.749,0.301,0.821,0.856,0.036,-0.789,0.744,0.839,-0.405,0.659,0.532,0.531,0.509,0.746,0.22,0.865,-0.695,0.866,0.828,0.076,0.565,0.531,0.713,0.337,0.796,0.569,0.793,0.402,0.708,-0.042,0.647,0.623,0.693,0.203,0.525,0.754,0.876,0.778,0.8,0.076,-0.493,0.414,-0.304,-0.565,0.747,0.63,0.464,0.844,0.834,0.243,0.826,0.595,-0.197,0.591,0.654,0.475,0.864,0.052,0.858,0.667,0.565,0.626,0.842,0.528,0.033,-0.624,-0.705,-0.144,0.476,0.773,-0.725,-0.718,0.78,-0.329,0.419,0.536,0.095,0.841,0.256,0.396,0.804,0.516,0.813,0.38,0.864,0.562,0.114,0.476,-0.011,0.268,-0.756,-0.53,0.629,0.731,0.126,0.793,0.485,0.632,0.445,0.643,0.893,0.619,0.77,0.782,0.715,0.685,0.841,0.617
