,ABEO,ACHC,AGNCN,AKAM,AKRO,ALRM,AMAT,AMED,AMRN,ANGI,APA,APOG,APPS,ARCB,ARCC,ARVN,ATEC,ATXS,AVAV,AXON,BANF,BATRK,BIDU,BLNE,BLNK,BTAI,BYND,CAN,CCEC,CDW,CDXS,CELH,CGNX,CHKP,CHRS,CHRW,CIGI,CKPT,CMPR,COGT,CRNC,CRSP,CSTL,CTSH,CVGW,DGLY,DNLI,DOCU,DVAX,EBAY,EHTH,ERII,ESLT,EXPE,EXPO,FBIOP,FFBC,FFIN,FOXF,FWRD,GDS,GERN,GPRE,GRWG,GRYP,HEES,HELE,HIVE,HON,HRTX,HSTM,HURA,IART,IBKR,IBOC,IBRX,IDXX,INGN,INM,INVA,IQ,IRBT,KDP,KPTI,KTOS,KXIN,LAMR,LFUS,LGIH,LGMK,LKFN,LNW,LOPE,LPSN,LYFT,MGNX,MLCO,MNST,MODV,MSTR,MTCH,MYGN,MYRG,NCMI,NEXT,NFLX,NIU,NKTR,NRC,NTNX,NTRA,NVEE,NVMI,NWL,NWS,NXPI,OCGN,OCSL,OKTA,OLLI,OTLK,OXLC,PAA,PARA,PARAA,PDCO,PDFS,PFG,PGEN,PNFP,PODD,POWI,PSMT,PTC,PTEN,PVLA,RDNT,RDUS,RDWR,REGN,RNAC,ROCK,ROST,RRR,RSLS,RVMD,RYAAY,SAFT,SAGE,SAVA,SBGI,SFM,SFNC,SHYF,SIBN,SIFY,SIGI,SIMO,SITM,SLM,SNBR,SNDX,SNY,SPNS,SRRK,STRA,SUPN,SYRE,TCBK,TEAM,TECH,THRM,TLRY,TRMK,TROW,TSLA,TWST,TXN,UFPI,UNIT,UPWK,USLM,UTHR,VERB,VLY,VRNA,VRRM,VXRT,WAFD,WATT,WBA,WING,WIX,WTFC,WTW,XPEL,XRX,YMAB,ZG,ZLAB
ABEO,0.0,0.311,0.372,0.252,0.325,0.35,0.389,0.325,0.493,0.064,0.536,0.313,0.327,0.072,-0.039,0.605,0.106,0.373,0.397,0.204,0.188,0.429,0.295,0.245,0.69,0.607,0.469,0.46,0.433,0.278,0.47,0.233,0.373,-0.05,0.216,0.322,0.324,0.526,-0.012,0.607,0.374,0.485,0.47,0.398,-0.099,0.434,0.55,0.228,0.133,0.178,0.368,0.507,0.257,0.122,0.29,0.358,-0.087,-0.25,-0.269,-0.182,0.301,0.568,0.388,0.617,0.398,0.48,-0.451,0.446,0.281,0.439,0.117,0.405,-0.303,0.408,0.203,0.407,0.353,-0.143,0.238,0.384,0.298,0.419,-0.286,0.528,0.386,0.516,0.371,0.281,-0.36,0.432,-0.542,0.021,0.446,0.727,0.524,0.534,0.096,-0.004,0.068,0.488,0.413,0.689,0.318,-0.082,0.422,0.402,0.257,0.078,0.461,0.307,-0.144,0.344,0.512,-0.153,0.294,0.388,0.381,0.345,0.049,0.156,0.392,-0.285,0.389,0.227,0.172,0.252,0.631,0.325,0.654,0.035,0.114,0.447,0.094,0.209,0.344,0.431,0.009,0.151,0.155,0.197,0.056,0.046,0.138,0.126,0.397,0.623,-0.152,0.324,0.075,0.491,0.096,0.044,-0.346,0.047,0.094,0.256,0.277,0.415,0.403,0.117,-0.249,0.807,0.425,0.368,0.076,0.285,0.551,0.343,-0.342,0.262,0.371,-0.095,0.359,-0.233,0.305,0.487,0.267,0.436,-0.202,0.454,0.292,-0.103,-0.116,0.009,-0.126,-0.109,-0.243,0.526,-0.387,0.662,0.014,-0.137,0.487,0.048,0.353,0.053,0.346,0.502,0.254,0.247
ACHC,0.311,0.0,0.708,0.655,-0.46,-0.017,0.518,0.423,0.203,-0.473,0.332,0.885,0.031,0.047,-0.369,0.149,-0.464,0.807,0.702,-0.134,0.86,0.865,-0.067,-0.045,0.436,0.335,0.337,0.054,0.57,0.672,0.192,0.086,0.673,-0.518,0.781,0.36,0.464,0.599,0.303,0.467,0.672,0.794,-0.071,0.732,-0.841,0.644,0.492,-0.271,0.08,0.428,0.241,0.577,0.524,0.607,0.771,-0.196,0.419,-0.239,-0.241,0.284,-0.268,0.681,-0.404,0.678,0.351,0.737,-0.187,0.448,0.688,0.029,-0.179,0.059,-0.695,0.744,0.767,-0.441,0.158,-0.358,0.254,0.684,-0.272,0.098,-0.404,0.605,-0.004,0.529,0.791,0.405,-0.621,0.064,-0.328,0.119,0.863,0.522,0.364,0.106,-0.423,-0.046,-0.029,0.425,0.142,0.681,0.775,-0.666,0.514,0.224,-0.218,-0.741,0.34,0.154,-0.744,0.682,0.592,-0.444,0.683,0.587,0.389,0.455,-0.45,-0.372,0.723,-0.747,-0.208,0.688,0.629,0.029,0.428,0.693,-0.074,0.192,-0.308,0.685,0.765,0.175,0.006,0.272,0.051,0.189,-0.632,0.885,-0.642,-0.223,0.232,0.309,0.497,0.605,0.117,0.747,-0.162,0.297,-0.398,0.227,0.06,-0.286,-0.568,-0.006,0.753,-0.059,0.774,0.122,-0.546,0.557,0.665,-0.219,-0.734,0.74,0.809,0.107,0.039,0.256,0.588,-0.107,0.465,0.226,0.722,0.546,-0.361,0.79,-0.003,0.385,0.175,-0.122,0.523,-0.641,0.325,-0.309,-0.048,0.548,-0.069,0.479,0.3,-0.759,0.647,0.331,0.834,-0.419,0.702,0.709,-0.02,-0.182
AGNCN,0.372,0.708,0.0,0.883,0.082,0.39,0.863,0.795,0.665,-0.072,0.589,0.826,0.579,0.493,0.175,0.289,-0.197,0.501,0.857,0.431,0.827,0.862,0.478,0.185,0.762,0.557,0.799,0.555,0.621,0.886,0.665,0.62,0.886,-0.052,0.614,0.644,0.75,0.681,0.583,0.806,0.917,0.694,0.42,0.903,-0.523,0.808,0.806,0.308,0.567,0.71,0.689,0.787,0.769,0.796,0.877,0.103,0.402,-0.269,-0.025,0.394,0.277,0.868,-0.046,0.785,0.615,0.864,-0.359,0.812,0.925,0.495,0.307,0.638,-0.686,0.889,0.634,-0.231,0.645,0.162,0.519,0.743,0.271,0.484,-0.09,0.819,0.323,0.706,0.909,0.781,-0.516,0.32,-0.65,0.419,0.782,0.733,0.613,0.491,0.15,0.466,0.43,0.787,0.639,0.409,0.846,-0.382,0.575,0.709,0.356,-0.57,0.693,0.699,-0.337,0.79,0.838,-0.033,0.886,0.848,0.819,0.848,-0.249,0.026,0.78,-0.473,-0.016,0.868,0.849,0.068,0.704,0.915,0.173,0.344,0.202,0.93,0.766,0.54,-0.232,0.652,0.547,0.42,-0.221,0.795,-0.561,-0.189,0.588,0.76,0.809,0.74,0.349,0.706,0.361,0.75,0.161,0.212,-0.226,0.042,-0.397,0.546,0.85,0.319,0.947,0.519,-0.47,0.61,0.529,0.157,-0.365,0.88,0.797,0.567,0.069,0.732,0.885,0.246,0.641,-0.219,0.936,0.842,0.077,0.921,-0.013,0.763,0.686,0.116,0.583,-0.305,0.185,0.219,-0.069,0.868,-0.155,0.762,-0.226,-0.513,0.9,0.569,0.922,-0.041,0.903,0.903,0.56,0.403
AKAM,0.252,0.655,0.883,0.0,0.082,0.373,0.832,0.868,0.685,-0.193,0.668,0.776,0.587,0.384,0.262,0.156,-0.093,0.431,0.913,0.438,0.798,0.83,0.51,0.118,0.727,0.611,0.811,0.611,0.677,0.848,0.685,0.645,0.949,0.02,0.512,0.824,0.661,0.516,0.631,0.817,0.888,0.576,0.397,0.881,-0.42,0.749,0.822,0.386,0.486,0.877,0.729,0.808,0.836,0.651,0.942,0.071,0.266,-0.375,-0.123,0.233,0.348,0.858,-0.173,0.746,0.607,0.753,-0.427,0.788,0.939,0.508,0.432,0.638,-0.607,0.792,0.521,-0.294,0.685,0.262,0.624,0.654,0.36,0.574,0.078,0.78,0.531,0.736,0.814,0.741,-0.577,0.29,-0.75,0.255,0.761,0.641,0.438,0.422,0.154,0.478,0.371,0.781,0.621,0.257,0.792,-0.479,0.675,0.713,0.301,-0.553,0.584,0.711,-0.228,0.868,0.749,-0.026,0.826,0.763,0.773,0.802,-0.33,0.121,0.845,-0.475,0.075,0.88,0.866,0.225,0.674,0.891,0.071,0.172,0.345,0.911,0.86,0.496,-0.092,0.546,0.558,0.582,-0.197,0.782,-0.679,-0.282,0.511,0.714,0.87,0.742,0.184,0.798,0.382,0.706,0.201,0.482,-0.372,-0.012,-0.333,0.583,0.887,0.301,0.923,0.453,-0.551,0.528,0.335,0.121,-0.297,0.907,0.792,0.562,-0.007,0.7,0.879,0.107,0.704,-0.356,0.913,0.879,0.071,0.91,-0.125,0.828,0.692,0.146,0.59,-0.306,0.035,0.194,-0.167,0.812,-0.301,0.743,-0.204,-0.536,0.886,0.471,0.891,-0.11,0.841,0.89,0.543,0.451
AKRO,0.325,-0.46,0.082,0.082,0.0,0.727,0.355,0.431,0.659,0.734,0.325,-0.303,0.756,0.503,0.766,0.437,0.669,-0.362,-0.035,0.812,-0.323,-0.15,0.724,0.39,0.458,0.395,0.531,0.7,0.038,0.123,0.684,0.629,0.153,0.711,-0.406,0.356,0.3,0.106,0.203,0.385,0.157,-0.223,0.823,0.041,0.642,0.096,0.383,0.835,0.493,0.246,0.512,0.326,0.008,0.018,-0.028,0.693,-0.107,0.156,0.297,-0.052,0.815,0.153,0.731,0.091,0.296,-0.0,-0.186,0.413,0.059,0.754,0.62,0.71,0.325,0.005,-0.257,0.73,0.659,0.662,0.294,-0.037,0.855,0.602,0.505,0.217,0.48,0.098,-0.049,0.372,0.253,0.405,-0.39,0.365,-0.294,0.371,0.441,0.611,0.842,0.623,0.604,0.448,0.669,-0.175,-0.166,0.605,0.074,0.625,0.789,0.591,0.406,0.635,0.725,-0.073,0.256,0.633,0.087,0.231,0.378,0.345,0.498,0.676,-0.113,0.538,0.397,-0.067,-0.023,0.23,0.459,0.078,0.624,0.182,0.774,0.156,-0.272,0.488,-0.117,0.5,0.595,0.284,0.812,-0.399,0.405,0.208,0.454,0.413,0.314,0.189,0.179,-0.245,0.744,0.568,0.783,-0.122,-0.365,0.55,0.642,0.699,-0.109,0.703,0.013,0.457,0.152,0.17,-0.315,0.756,0.773,-0.049,-0.008,0.537,-0.009,0.549,0.267,0.413,0.209,-0.484,0.079,0.294,0.835,0.03,-0.093,0.447,0.637,0.343,-0.278,0.697,-0.189,0.636,0.0,0.332,-0.097,0.323,-0.606,0.626,0.209,0.202,-0.092,0.692,0.068,0.08,0.753,0.798
ALRM,0.35,-0.017,0.39,0.373,0.727,0.0,0.672,0.641,0.647,0.649,0.415,0.135,0.849,0.765,0.674,0.653,0.624,0.001,0.249,0.837,0.078,0.153,0.79,0.336,0.637,0.375,0.732,0.7,0.171,0.586,0.847,0.839,0.415,0.541,-0.064,0.473,0.585,0.413,0.613,0.526,0.489,0.225,0.902,0.415,0.279,0.403,0.678,0.749,0.693,0.42,0.702,0.639,0.178,0.368,0.341,0.64,0.336,0.304,0.488,0.371,0.709,0.459,0.622,0.356,0.363,0.378,-0.033,0.618,0.404,0.787,0.764,0.687,0.118,0.372,0.134,0.575,0.837,0.662,0.298,0.203,0.666,0.53,0.474,0.334,0.399,0.355,0.357,0.754,0.247,0.623,-0.39,0.568,0.133,0.646,0.636,0.707,0.741,0.745,0.64,0.641,0.774,0.163,0.218,0.448,0.158,0.816,0.82,0.298,0.783,0.784,0.435,0.251,0.661,0.65,0.451,0.642,0.636,0.591,0.601,0.646,0.282,0.332,0.252,0.215,0.224,0.259,0.76,0.383,0.699,0.583,0.785,0.519,0.08,0.803,-0.276,0.663,0.712,0.233,0.642,0.025,0.229,0.414,0.748,0.58,0.469,0.314,0.39,-0.071,0.803,0.687,0.716,-0.129,-0.059,0.762,0.471,0.756,0.167,0.871,0.371,0.706,0.116,0.306,0.025,0.865,0.331,0.293,0.27,0.7,0.223,0.754,0.649,0.614,0.305,-0.163,0.428,0.465,0.829,0.375,0.245,0.667,0.75,0.505,0.058,0.506,0.246,0.434,0.276,0.651,0.09,0.58,-0.382,0.385,0.431,0.558,0.309,0.712,0.451,0.355,0.83,0.732
AMAT,0.389,0.518,0.863,0.832,0.355,0.672,0.0,0.886,0.831,0.225,0.578,0.643,0.802,0.638,0.443,0.437,0.078,0.391,0.735,0.685,0.674,0.765,0.683,0.265,0.857,0.684,0.876,0.738,0.628,0.895,0.812,0.792,0.892,0.249,0.394,0.722,0.787,0.639,0.677,0.84,0.895,0.563,0.659,0.827,-0.269,0.849,0.849,0.582,0.72,0.792,0.789,0.852,0.702,0.806,0.835,0.402,0.422,-0.068,0.161,0.357,0.524,0.808,0.251,0.764,0.734,0.809,-0.378,0.948,0.908,0.716,0.509,0.769,-0.47,0.845,0.59,0.062,0.848,0.376,0.673,0.702,0.541,0.692,0.147,0.785,0.464,0.644,0.854,0.891,-0.384,0.42,-0.647,0.579,0.643,0.781,0.771,0.664,0.44,0.669,0.629,0.936,0.86,0.353,0.686,-0.103,0.62,0.874,0.625,-0.312,0.8,0.876,-0.053,0.646,0.907,0.265,0.909,0.944,0.865,0.874,-0.03,0.366,0.685,-0.223,0.173,0.758,0.75,0.176,0.855,0.908,0.388,0.489,0.489,0.925,0.637,0.725,-0.264,0.71,0.703,0.576,0.121,0.599,-0.396,-0.073,0.765,0.883,0.866,0.749,0.479,0.561,0.59,0.881,0.461,0.096,-0.251,0.277,-0.084,0.716,0.761,0.63,0.877,0.725,-0.407,0.599,0.406,0.458,-0.056,0.838,0.75,0.651,0.194,0.885,0.928,0.419,0.755,-0.253,0.915,0.879,0.382,0.891,-0.047,0.82,0.871,0.297,0.409,0.0,0.274,0.387,0.006,0.913,-0.064,0.799,-0.332,-0.214,0.9,0.712,0.851,0.246,0.92,0.818,0.75,0.682
AMED,0.325,0.423,0.795,0.868,0.431,0.641,0.886,0.0,0.82,0.175,0.582,0.548,0.804,0.533,0.507,0.289,0.238,0.297,0.725,0.664,0.583,0.661,0.73,0.205,0.81,0.667,0.892,0.762,0.625,0.809,0.835,0.792,0.9,0.256,0.278,0.83,0.719,0.442,0.718,0.812,0.866,0.448,0.671,0.76,-0.106,0.72,0.841,0.67,0.651,0.889,0.855,0.817,0.651,0.618,0.818,0.41,0.261,-0.186,0.076,0.199,0.635,0.772,0.17,0.668,0.597,0.652,-0.368,0.88,0.84,0.752,0.612,0.794,-0.334,0.704,0.394,0.053,0.846,0.509,0.64,0.565,0.65,0.755,0.311,0.745,0.608,0.64,0.675,0.813,-0.371,0.435,-0.76,0.389,0.533,0.691,0.631,0.602,0.455,0.67,0.635,0.901,0.8,0.156,0.589,-0.105,0.63,0.881,0.582,-0.247,0.717,0.833,0.073,0.671,0.783,0.301,0.782,0.806,0.796,0.833,-0.02,0.433,0.656,-0.209,0.178,0.717,0.735,0.229,0.796,0.826,0.327,0.286,0.624,0.852,0.627,0.694,-0.223,0.633,0.704,0.537,0.162,0.52,-0.445,-0.082,0.689,0.795,0.869,0.678,0.338,0.561,0.661,0.844,0.529,0.218,-0.39,0.231,0.028,0.768,0.725,0.61,0.816,0.638,-0.429,0.518,0.242,0.418,0.009,0.773,0.658,0.706,0.094,0.844,0.871,0.305,0.729,-0.414,0.851,0.871,0.446,0.805,-0.103,0.83,0.855,0.211,0.397,0.043,0.064,0.359,-0.079,0.817,-0.22,0.731,-0.396,-0.16,0.85,0.539,0.762,0.232,0.767,0.756,0.751,0.708
AMRN,0.493,0.203,0.665,0.685,0.659,0.647,0.831,0.82,0.0,0.353,0.656,0.314,0.871,0.5,0.64,0.413,0.227,0.122,0.566,0.8,0.351,0.572,0.742,0.394,0.858,0.828,0.832,0.906,0.654,0.621,0.841,0.763,0.781,0.486,0.076,0.792,0.607,0.455,0.4,0.87,0.683,0.215,0.741,0.611,0.073,0.704,0.759,0.788,0.583,0.736,0.718,0.755,0.606,0.509,0.618,0.59,0.054,-0.175,0.019,0.012,0.729,0.679,0.42,0.605,0.726,0.561,-0.571,0.887,0.687,0.851,0.522,0.908,-0.271,0.58,0.289,0.317,0.865,0.435,0.763,0.523,0.823,0.859,0.254,0.74,0.658,0.572,0.604,0.701,-0.4,0.392,-0.782,0.441,0.35,0.692,0.661,0.669,0.624,0.678,0.641,0.899,0.926,0.184,0.389,0.065,0.673,0.858,0.716,0.018,0.588,0.886,0.244,0.428,0.674,0.332,0.665,0.675,0.722,0.781,-0.033,0.489,0.463,-0.004,0.402,0.562,0.568,0.332,0.755,0.72,0.443,0.217,0.619,0.717,0.385,0.563,-0.085,0.657,0.695,0.713,0.396,0.254,-0.213,-0.223,0.604,0.789,0.866,0.763,0.259,0.46,0.626,0.891,0.595,0.204,-0.559,0.192,0.182,0.774,0.579,0.664,0.654,0.575,-0.472,0.575,0.078,0.526,0.365,0.627,0.623,0.567,-0.025,0.82,0.743,0.291,0.776,-0.561,0.686,0.87,0.52,0.691,-0.356,0.816,0.898,0.239,0.071,0.257,-0.073,0.595,-0.23,0.764,-0.27,0.734,-0.516,0.009,0.802,0.493,0.605,0.285,0.688,0.664,0.789,0.824
ANGI,0.064,-0.473,-0.072,-0.193,0.734,0.649,0.225,0.175,0.353,0.0,-0.121,-0.398,0.618,0.663,0.685,0.43,0.552,-0.265,-0.359,0.717,-0.384,-0.334,0.563,0.248,0.166,0.007,0.247,0.352,-0.241,0.084,0.409,0.527,-0.119,0.755,-0.344,-0.037,0.322,0.063,0.267,-0.004,0.025,-0.261,0.652,-0.193,0.536,-0.004,0.132,0.636,0.586,-0.016,0.274,0.086,-0.268,0.17,-0.223,0.676,0.237,0.609,0.718,0.324,0.567,-0.146,0.795,-0.207,0.069,-0.125,0.251,0.243,-0.116,0.622,0.446,0.387,0.492,-0.057,-0.153,0.726,0.473,0.648,0.038,-0.094,0.548,0.224,0.583,-0.035,-0.03,-0.219,-0.096,0.361,0.588,0.198,0.082,0.636,-0.458,0.176,0.439,0.499,0.825,0.683,0.716,0.237,0.547,-0.169,-0.325,0.884,-0.252,0.478,0.788,0.577,0.395,0.447,0.666,-0.407,0.148,0.795,0.059,0.197,0.22,0.171,0.749,0.543,-0.392,0.719,0.057,-0.273,-0.209,-0.074,0.253,-0.053,0.558,0.54,0.588,-0.058,-0.41,0.587,-0.462,0.407,0.563,-0.04,0.752,-0.486,0.653,0.452,0.605,0.402,0.012,-0.186,0.565,-0.581,0.732,0.4,0.709,-0.537,0.132,0.683,0.654,0.519,-0.363,0.632,-0.176,0.62,0.369,-0.149,-0.187,0.781,0.618,-0.229,-0.275,0.362,0.361,0.504,0.161,0.766,-0.032,-0.009,-0.041,-0.024,0.826,-0.179,0.259,0.128,0.508,0.379,-0.3,0.774,0.254,0.637,0.44,0.185,0.409,-0.023,-0.54,0.807,-0.046,0.423,-0.182,0.867,0.014,-0.224,0.648,0.614
APA,0.536,0.332,0.589,0.668,0.325,0.415,0.578,0.582,0.656,-0.121,0.0,0.467,0.532,0.239,0.254,0.464,0.155,0.232,0.729,0.451,0.356,0.552,0.464,0.265,0.708,0.656,0.709,0.622,0.527,0.519,0.709,0.519,0.639,0.116,0.264,0.732,0.402,0.544,0.23,0.794,0.608,0.414,0.514,0.648,-0.111,0.507,0.734,0.382,0.224,0.51,0.552,0.725,0.631,0.219,0.57,0.188,-0.089,-0.444,-0.286,-0.036,0.414,0.761,0.157,0.706,0.581,0.566,-0.571,0.546,0.569,0.515,0.405,0.664,-0.443,0.457,0.128,0.12,0.604,0.199,0.522,0.375,0.402,0.531,-0.028,0.604,0.682,0.664,0.541,0.462,-0.42,0.483,-0.773,0.119,0.553,0.67,0.373,0.491,0.236,0.274,0.147,0.576,0.521,0.4,0.539,-0.347,0.565,0.577,0.298,-0.069,0.451,0.601,-0.004,0.691,0.575,-0.084,0.448,0.484,0.584,0.558,-0.146,0.237,0.652,-0.298,0.531,0.481,0.457,0.405,0.643,0.507,0.364,-0.041,0.349,0.667,0.485,0.314,0.448,0.497,0.342,0.519,0.103,0.411,-0.24,-0.162,0.245,0.405,0.673,0.704,-0.249,0.56,0.247,0.625,0.203,0.571,-0.562,0.072,-0.064,0.533,0.527,0.339,0.606,0.16,-0.328,0.626,0.124,0.307,0.036,0.574,0.666,0.485,-0.406,0.443,0.618,-0.082,0.489,-0.529,0.513,0.687,0.215,0.64,-0.217,0.773,0.519,0.292,0.142,-0.104,-0.292,0.154,-0.29,0.646,-0.511,0.789,-0.11,-0.299,0.637,0.117,0.498,-0.028,0.507,0.718,0.479,0.399
APOG,0.313,0.885,0.826,0.776,-0.303,0.135,0.643,0.548,0.314,-0.398,0.467,0.0,0.206,0.28,-0.235,0.186,-0.425,0.703,0.855,0.032,0.918,0.862,0.154,0.096,0.532,0.309,0.548,0.196,0.441,0.81,0.372,0.322,0.733,-0.43,0.824,0.401,0.661,0.691,0.492,0.59,0.807,0.876,0.112,0.869,-0.803,0.637,0.66,-0.132,0.348,0.479,0.49,0.64,0.698,0.707,0.829,-0.241,0.483,-0.298,-0.123,0.419,-0.105,0.8,-0.345,0.761,0.447,0.848,-0.166,0.524,0.807,0.114,0.025,0.246,-0.781,0.876,0.735,-0.481,0.314,-0.144,0.233,0.746,-0.168,0.122,-0.372,0.694,0.067,0.618,0.863,0.603,-0.525,0.187,-0.409,0.224,0.906,0.623,0.431,0.334,-0.265,0.104,0.074,0.487,0.267,0.557,0.95,-0.646,0.407,0.402,-0.03,-0.802,0.554,0.366,-0.664,0.865,0.751,-0.368,0.778,0.727,0.663,0.62,-0.365,-0.3,0.812,-0.734,-0.221,0.825,0.773,-0.078,0.519,0.782,0.014,0.301,-0.156,0.829,0.828,0.358,-0.073,0.507,0.207,0.176,-0.572,0.963,-0.641,-0.14,0.359,0.468,0.547,0.612,0.199,0.728,0.041,0.46,-0.227,0.23,0.024,-0.107,-0.661,0.225,0.806,0.002,0.888,0.315,-0.377,0.571,0.696,-0.08,-0.717,0.826,0.794,0.389,0.033,0.432,0.734,0.069,0.394,0.065,0.83,0.607,-0.254,0.837,0.167,0.522,0.329,-0.034,0.756,-0.641,0.306,-0.182,0.068,0.72,-0.084,0.65,0.105,-0.757,0.757,0.415,0.864,-0.26,0.802,0.866,0.229,0.023
APPS,0.327,0.031,0.579,0.587,0.756,0.849,0.802,0.804,0.871,0.618,0.532,0.206,0.0,0.792,0.82,0.491,0.461,0.019,0.414,0.955,0.219,0.327,0.903,0.358,0.728,0.552,0.852,0.844,0.375,0.662,0.911,0.942,0.625,0.664,-0.017,0.679,0.713,0.413,0.631,0.68,0.647,0.153,0.905,0.498,0.236,0.558,0.74,0.888,0.791,0.653,0.807,0.695,0.44,0.527,0.507,0.683,0.27,0.126,0.406,0.312,0.812,0.549,0.564,0.408,0.561,0.442,-0.236,0.806,0.589,0.924,0.737,0.878,-0.031,0.493,0.183,0.424,0.941,0.747,0.574,0.358,0.821,0.695,0.534,0.555,0.512,0.432,0.505,0.826,0.015,0.481,-0.596,0.654,0.175,0.657,0.642,0.738,0.832,0.901,0.82,0.81,0.944,0.024,0.309,0.346,0.371,0.951,0.899,0.155,0.749,0.942,0.472,0.329,0.658,0.634,0.617,0.7,0.763,0.755,0.358,0.605,0.334,0.253,0.276,0.405,0.445,0.206,0.737,0.601,0.536,0.479,0.822,0.63,0.265,0.81,-0.331,0.725,0.869,0.491,0.571,0.127,0.031,0.11,0.83,0.828,0.713,0.46,0.483,0.138,0.888,0.874,0.792,-0.003,-0.291,0.542,0.359,0.911,0.369,0.797,0.534,0.791,-0.154,0.332,-0.008,0.762,0.384,0.487,0.391,0.738,0.185,0.932,0.771,0.627,0.544,-0.403,0.611,0.68,0.78,0.525,0.022,0.782,0.963,0.44,0.119,0.468,0.11,0.674,0.121,0.752,-0.006,0.613,-0.638,0.286,0.636,0.636,0.469,0.627,0.608,0.504,0.961,0.891
ARCB,0.072,0.047,0.493,0.384,0.503,0.765,0.638,0.533,0.5,0.663,0.239,0.28,0.792,0.0,0.641,0.435,0.298,0.054,0.257,0.788,0.242,0.16,0.74,0.306,0.427,0.049,0.649,0.488,-0.047,0.677,0.692,0.848,0.339,0.508,0.161,0.258,0.795,0.475,0.726,0.327,0.54,0.264,0.744,0.412,0.052,0.349,0.553,0.559,0.879,0.312,0.669,0.489,0.25,0.635,0.332,0.434,0.653,0.456,0.738,0.754,0.497,0.357,0.474,0.195,0.311,0.433,0.261,0.527,0.449,0.64,0.598,0.57,-0.008,0.494,0.301,0.258,0.712,0.712,0.131,0.314,0.407,0.214,0.449,0.322,-0.02,0.188,0.473,0.84,0.38,0.359,-0.134,0.842,0.096,0.518,0.55,0.659,0.698,0.845,0.762,0.483,0.676,0.001,0.378,0.444,-0.104,0.757,0.786,-0.003,0.785,0.749,0.326,0.244,0.61,0.644,0.567,0.681,0.713,0.627,0.536,0.321,0.192,0.317,-0.126,0.323,0.367,-0.155,0.518,0.456,0.428,0.816,0.578,0.492,0.196,0.872,-0.607,0.747,0.828,0.078,0.384,0.182,0.197,0.409,0.892,0.742,0.346,0.087,0.713,-0.148,0.843,0.65,0.609,-0.283,0.245,0.731,0.167,0.762,0.165,0.595,0.418,0.872,0.247,0.063,0.134,0.706,0.075,0.319,0.18,0.705,0.485,0.829,0.679,0.907,0.113,0.044,0.518,0.32,0.654,0.336,0.543,0.524,0.745,0.455,0.361,0.351,0.502,0.578,0.579,0.653,0.432,0.376,-0.556,0.297,0.399,0.784,0.359,0.743,0.544,0.348,0.863,0.622
ARCC,-0.039,-0.369,0.175,0.262,0.766,0.674,0.443,0.507,0.64,0.685,0.254,-0.235,0.82,0.641,0.0,0.18,0.586,-0.41,0.005,0.887,-0.139,-0.093,0.755,0.283,0.329,0.277,0.507,0.663,0.158,0.288,0.634,0.765,0.271,0.846,-0.46,0.508,0.36,-0.063,0.466,0.314,0.23,-0.361,0.702,0.113,0.603,0.209,0.32,0.887,0.576,0.454,0.525,0.35,0.129,0.189,0.152,0.653,0.134,0.329,0.502,0.2,0.749,0.087,0.531,-0.087,0.252,-0.004,-0.042,0.473,0.243,0.723,0.726,0.709,0.381,0.038,-0.105,0.446,0.738,0.851,0.439,-0.049,0.813,0.548,0.81,0.095,0.39,0.079,0.1,0.519,0.28,0.291,-0.285,0.503,-0.301,0.185,0.258,0.381,0.898,0.879,0.768,0.481,0.715,-0.425,-0.111,0.58,0.149,0.665,0.809,0.396,0.374,0.736,0.776,-0.068,0.197,0.851,0.251,0.292,0.389,0.508,0.384,0.68,-0.054,0.655,0.296,0.095,0.166,0.289,0.358,0.245,0.28,0.352,0.867,0.185,-0.01,0.583,-0.375,0.346,0.83,0.44,0.737,-0.271,0.184,0.106,0.611,0.61,0.443,0.074,0.416,-0.154,0.827,0.53,0.863,-0.002,-0.188,0.57,0.578,0.763,0.042,0.648,0.094,0.601,0.008,-0.134,-0.461,0.65,0.63,0.109,-0.037,0.471,0.341,0.68,0.386,0.583,0.318,-0.36,0.23,0.348,0.751,0.109,-0.017,0.513,0.76,0.514,-0.071,0.714,0.06,0.806,0.116,0.298,0.17,0.191,-0.638,0.587,0.21,0.501,0.058,0.634,0.215,0.037,0.771,0.805
ARVN,0.605,0.149,0.289,0.156,0.437,0.653,0.437,0.289,0.413,0.43,0.464,0.186,0.491,0.435,0.18,0.0,0.371,0.293,0.194,0.496,0.022,0.202,0.385,0.344,0.533,0.382,0.457,0.383,0.124,0.371,0.587,0.478,0.232,0.269,0.198,0.246,0.39,0.618,0.172,0.45,0.361,0.405,0.655,0.324,-0.01,0.34,0.582,0.309,0.362,0.069,0.353,0.496,0.08,0.223,0.166,0.465,0.186,0.182,0.245,0.24,0.304,0.476,0.615,0.467,0.329,0.385,-0.148,0.402,0.192,0.567,0.337,0.395,-0.064,0.308,0.125,0.626,0.487,0.162,0.179,0.297,0.264,0.252,0.026,0.335,0.256,0.298,0.329,0.415,0.111,0.472,-0.307,0.369,0.261,0.676,0.652,0.655,0.349,0.295,0.265,0.404,0.511,0.624,0.2,0.228,0.13,0.508,0.444,0.321,0.598,0.439,0.099,0.184,0.541,0.161,0.324,0.446,0.42,0.27,0.483,0.283,0.234,0.077,0.273,0.022,-0.001,0.185,0.694,0.179,0.805,0.405,0.313,0.394,-0.021,0.481,0.156,0.585,0.256,0.051,0.379,0.046,0.406,0.328,0.427,0.256,0.266,0.366,0.098,-0.059,0.331,0.52,0.243,-0.114,-0.051,0.454,0.282,0.358,0.045,0.59,0.252,0.353,0.104,0.463,0.264,0.722,0.189,0.171,0.37,0.426,-0.143,0.39,0.444,0.299,0.176,0.01,0.21,0.297,0.549,0.297,0.169,0.493,0.393,0.354,-0.187,0.264,0.099,0.086,0.239,0.546,-0.026,0.516,-0.041,0.186,0.294,0.221,0.221,0.455,0.316,0.329,0.48,0.329
ATEC,0.106,-0.464,-0.197,-0.093,0.669,0.624,0.078,0.238,0.227,0.552,0.155,-0.425,0.461,0.298,0.586,0.371,0.0,-0.32,-0.21,0.517,-0.521,-0.405,0.557,0.024,0.174,0.099,0.268,0.415,-0.129,-0.053,0.471,0.416,-0.089,0.572,-0.458,0.234,-0.04,-0.157,0.285,0.019,-0.066,-0.252,0.634,-0.166,0.752,-0.181,0.18,0.583,0.145,0.109,0.368,0.229,-0.346,-0.337,-0.18,0.564,-0.118,0.294,0.243,-0.034,0.671,-0.104,0.575,-0.125,-0.064,-0.219,0.057,0.065,-0.164,0.514,0.715,0.372,0.597,-0.345,-0.49,0.757,0.443,0.658,0.035,-0.431,0.561,0.369,0.633,-0.22,0.425,-0.032,-0.311,0.143,0.521,0.48,-0.153,0.091,-0.391,0.175,0.182,0.262,0.659,0.383,0.376,0.171,0.274,-0.2,-0.343,0.604,-0.08,0.342,0.503,0.742,0.235,0.264,0.708,-0.166,0.049,0.693,-0.204,0.047,-0.015,-0.013,0.644,0.792,-0.147,0.636,0.471,-0.346,-0.3,0.414,0.315,-0.255,0.584,0.081,0.791,-0.071,-0.287,0.419,0.061,0.133,0.333,0.042,0.827,-0.519,0.481,0.602,0.234,0.038,0.007,-0.175,-0.074,-0.429,0.531,0.216,0.683,0.028,-0.126,0.666,0.864,0.442,-0.383,0.658,-0.23,0.158,0.381,-0.058,-0.418,0.695,0.584,-0.314,-0.204,0.429,-0.015,0.198,0.056,0.21,-0.048,-0.196,-0.203,-0.042,0.821,-0.195,0.157,0.232,0.258,0.34,-0.293,0.698,-0.129,0.227,0.163,0.007,-0.037,0.059,-0.183,0.704,-0.188,-0.025,-0.282,0.578,-0.248,-0.236,0.4,0.456
ATXS,0.373,0.807,0.501,0.431,-0.362,0.001,0.391,0.297,0.122,-0.265,0.232,0.703,0.019,0.054,-0.41,0.293,-0.32,0.0,0.534,-0.132,0.599,0.666,-0.041,-0.079,0.372,0.295,0.238,-0.062,0.355,0.499,0.126,0.044,0.465,-0.37,0.776,0.188,0.453,0.65,0.156,0.312,0.554,0.78,0.019,0.475,-0.736,0.438,0.433,-0.287,0.113,0.23,0.216,0.426,0.363,0.51,0.512,-0.06,0.372,-0.122,-0.151,0.242,-0.223,0.549,-0.116,0.59,0.354,0.591,-0.168,0.359,0.45,0.109,-0.229,-0.026,-0.573,0.61,0.57,-0.177,0.083,-0.292,0.178,0.632,-0.302,0.021,-0.407,0.555,-0.055,0.375,0.588,0.292,-0.416,0.112,-0.238,0.161,0.704,0.518,0.425,0.291,-0.338,-0.105,0.005,0.333,0.104,0.721,0.609,-0.472,0.364,0.202,-0.17,-0.523,0.338,0.046,-0.616,0.5,0.505,-0.42,0.547,0.511,0.299,0.225,-0.19,-0.335,0.476,-0.654,-0.129,0.388,0.346,-0.241,0.395,0.481,0.161,0.214,-0.279,0.536,0.52,0.235,0.115,0.287,-0.111,0.063,-0.494,0.673,-0.311,-0.027,0.243,0.227,0.3,0.434,0.086,0.466,-0.109,0.338,-0.346,0.001,0.097,-0.256,-0.381,0.002,0.458,0.004,0.597,0.163,-0.362,0.538,0.677,-0.029,-0.555,0.539,0.685,0.183,-0.135,0.209,0.482,-0.03,0.335,0.256,0.517,0.341,-0.178,0.579,0.092,0.221,0.109,-0.118,0.34,-0.499,0.261,-0.341,0.171,0.501,-0.023,0.366,0.182,-0.521,0.485,0.194,0.637,-0.194,0.522,0.542,0.005,-0.172
AVAV,0.397,0.702,0.857,0.913,-0.035,0.249,0.735,0.725,0.566,-0.359,0.729,0.855,0.414,0.257,0.005,0.194,-0.21,0.534,0.0,0.238,0.806,0.855,0.399,0.11,0.728,0.589,0.761,0.517,0.61,0.764,0.591,0.486,0.856,-0.199,0.63,0.68,0.613,0.606,0.488,0.805,0.85,0.745,0.316,0.888,-0.548,0.69,0.808,0.183,0.372,0.697,0.673,0.753,0.866,0.565,0.86,-0.061,0.188,-0.541,-0.3,0.162,0.227,0.895,-0.175,0.846,0.616,0.814,-0.502,0.682,0.879,0.361,0.299,0.543,-0.779,0.809,0.486,-0.337,0.533,0.052,0.492,0.674,0.174,0.448,-0.219,0.794,0.484,0.81,0.807,0.622,-0.638,0.345,-0.733,0.118,0.876,0.703,0.41,0.435,-0.034,0.214,0.139,0.676,0.462,0.429,0.898,-0.633,0.62,0.578,0.146,-0.61,0.563,0.567,-0.426,0.952,0.765,-0.277,0.755,0.718,0.746,0.708,-0.391,-0.023,0.899,-0.669,0.125,0.865,0.834,0.136,0.635,0.816,0.132,0.09,0.15,0.906,0.828,0.384,0.105,0.53,0.313,0.457,-0.319,0.85,-0.652,-0.245,0.316,0.541,0.749,0.761,0.008,0.826,0.165,0.636,0.04,0.485,-0.388,-0.111,-0.489,0.456,0.851,0.178,0.925,0.3,-0.469,0.685,0.519,0.029,-0.425,0.864,0.822,0.561,-0.199,0.537,0.803,-0.046,0.591,-0.375,0.844,0.798,-0.067,0.884,-0.102,0.752,0.504,0.05,0.618,-0.494,-0.033,-0.041,-0.228,0.806,-0.421,0.809,-0.086,-0.692,0.853,0.315,0.853,-0.232,0.789,0.948,0.399,0.288
AXON,0.204,-0.134,0.431,0.438,0.812,0.837,0.685,0.664,0.8,0.717,0.451,0.032,0.955,0.788,0.887,0.496,0.517,-0.132,0.238,0.0,0.046,0.157,0.854,0.377,0.578,0.446,0.732,0.784,0.232,0.533,0.838,0.907,0.47,0.789,-0.146,0.573,0.599,0.328,0.524,0.552,0.498,-0.024,0.87,0.354,0.36,0.412,0.601,0.881,0.741,0.53,0.686,0.59,0.306,0.432,0.341,0.675,0.222,0.235,0.485,0.322,0.788,0.392,0.608,0.246,0.485,0.283,-0.148,0.679,0.438,0.885,0.727,0.832,0.111,0.325,0.076,0.509,0.889,0.787,0.508,0.233,0.81,0.627,0.605,0.395,0.443,0.272,0.362,0.727,0.158,0.399,-0.463,0.664,-0.017,0.509,0.573,0.663,0.902,0.915,0.823,0.675,0.889,-0.086,0.14,0.475,0.232,0.86,0.903,0.292,0.618,0.895,0.592,0.162,0.514,0.713,0.492,0.555,0.642,0.645,0.412,0.617,0.15,0.441,0.276,0.253,0.303,0.22,0.61,0.442,0.513,0.468,0.818,0.466,0.139,0.752,-0.339,0.672,0.89,0.467,0.661,-0.044,0.169,0.148,0.774,0.776,0.589,0.324,0.477,-0.018,0.881,0.774,0.798,-0.016,-0.251,0.6,0.447,0.866,0.205,0.76,0.351,0.73,-0.032,0.167,-0.174,0.782,0.516,0.323,0.246,0.64,0.204,0.852,0.642,0.657,0.422,-0.38,0.454,0.538,0.802,0.362,0.046,0.703,0.9,0.509,0.012,0.585,0.088,0.776,0.163,0.616,0.077,0.47,-0.636,0.429,0.473,0.581,0.297,0.673,0.464,0.331,0.933,0.887
BANF,0.188,0.86,0.827,0.798,-0.323,0.078,0.674,0.583,0.351,-0.384,0.356,0.918,0.219,0.242,-0.139,0.022,-0.521,0.599,0.806,0.046,0.0,0.892,0.113,0.058,0.502,0.359,0.503,0.192,0.572,0.795,0.309,0.308,0.787,-0.372,0.711,0.456,0.624,0.548,0.515,0.592,0.782,0.733,0.024,0.842,-0.773,0.731,0.583,-0.047,0.388,0.6,0.425,0.573,0.748,0.772,0.879,-0.204,0.517,-0.253,-0.078,0.367,-0.125,0.744,-0.378,0.701,0.451,0.807,-0.217,0.606,0.864,0.101,0.001,0.25,-0.742,0.893,0.819,-0.586,0.315,-0.137,0.376,0.778,-0.094,0.198,-0.271,0.695,0.083,0.585,0.873,0.597,-0.62,0.047,-0.374,0.241,0.863,0.485,0.364,0.239,-0.254,0.186,0.135,0.55,0.327,0.415,0.874,-0.629,0.52,0.399,-0.005,-0.866,0.497,0.405,-0.617,0.777,0.68,-0.296,0.827,0.701,0.651,0.687,-0.467,-0.266,0.778,-0.702,-0.255,0.906,0.868,-0.054,0.468,0.875,-0.158,0.318,-0.143,0.803,0.835,0.301,-0.22,0.395,0.267,0.279,-0.584,0.955,-0.76,-0.34,0.393,0.54,0.635,0.637,0.339,0.801,0.064,0.431,-0.175,0.183,0.011,-0.184,-0.686,0.201,0.906,-0.011,0.885,0.386,-0.531,0.488,0.646,-0.18,-0.664,0.892,0.747,0.271,0.222,0.475,0.711,0.088,0.545,0.064,0.88,0.675,-0.313,0.856,-0.001,0.498,0.396,-0.013,0.71,-0.612,0.369,-0.072,-0.056,0.672,-0.01,0.571,0.043,-0.749,0.793,0.537,0.901,-0.288,0.858,0.823,0.217,0.081
BATRK,0.429,0.865,0.862,0.83,-0.15,0.153,0.765,0.661,0.572,-0.334,0.552,0.862,0.327,0.16,-0.093,0.202,-0.405,0.666,0.855,0.157,0.892,0.0,0.185,0.157,0.708,0.671,0.596,0.398,0.769,0.76,0.435,0.331,0.887,-0.27,0.674,0.615,0.578,0.65,0.353,0.779,0.82,0.721,0.158,0.85,-0.701,0.838,0.687,0.078,0.298,0.661,0.45,0.711,0.778,0.719,0.879,0.015,0.297,-0.387,-0.282,0.129,0.034,0.847,-0.197,0.858,0.682,0.873,-0.508,0.747,0.875,0.303,0.003,0.427,-0.796,0.871,0.754,-0.341,0.416,-0.193,0.603,0.836,0.098,0.466,-0.338,0.839,0.313,0.669,0.904,0.562,-0.791,0.144,-0.614,0.206,0.883,0.65,0.531,0.337,-0.163,0.16,0.153,0.717,0.476,0.587,0.815,-0.608,0.761,0.481,0.06,-0.678,0.468,0.48,-0.556,0.764,0.738,-0.314,0.854,0.741,0.64,0.705,-0.525,-0.141,0.803,-0.693,0.035,0.861,0.811,0.115,0.618,0.901,0.04,0.166,-0.065,0.87,0.797,0.261,0.024,0.46,0.26,0.521,-0.423,0.861,-0.703,-0.416,0.35,0.576,0.791,0.86,0.166,0.878,0.03,0.6,-0.112,0.283,-0.265,-0.287,-0.524,0.255,0.923,0.13,0.923,0.305,-0.695,0.709,0.603,-0.088,-0.438,0.918,0.921,0.281,-0.04,0.5,0.742,-0.052,0.763,-0.14,0.883,0.827,-0.198,0.946,-0.267,0.635,0.481,-0.018,0.484,-0.515,0.156,-0.013,-0.262,0.754,-0.243,0.71,0.014,-0.718,0.897,0.436,0.939,-0.32,0.877,0.893,0.262,0.192
BIDU,0.295,-0.067,0.478,0.51,0.724,0.79,0.683,0.73,0.742,0.563,0.464,0.154,0.903,0.74,0.755,0.385,0.557,-0.041,0.399,0.854,0.113,0.185,0.0,0.17,0.66,0.409,0.829,0.839,0.235,0.554,0.851,0.88,0.501,0.638,-0.05,0.574,0.645,0.281,0.655,0.556,0.558,0.172,0.889,0.422,0.336,0.38,0.66,0.829,0.709,0.584,0.882,0.645,0.354,0.366,0.4,0.562,0.169,0.059,0.317,0.301,0.907,0.422,0.525,0.31,0.429,0.333,-0.177,0.656,0.505,0.831,0.819,0.817,0.011,0.389,0.011,0.427,0.893,0.8,0.385,0.169,0.79,0.611,0.518,0.421,0.483,0.434,0.359,0.759,0.124,0.578,-0.548,0.506,0.113,0.637,0.534,0.662,0.843,0.793,0.766,0.7,0.79,-0.067,0.304,0.347,0.222,0.874,0.878,0.218,0.702,0.825,0.465,0.341,0.61,0.64,0.467,0.627,0.668,0.624,0.401,0.678,0.286,0.267,0.296,0.337,0.395,0.166,0.636,0.467,0.582,0.392,0.859,0.55,0.25,0.825,-0.292,0.634,0.757,0.347,0.603,0.067,0.077,0.312,0.687,0.695,0.556,0.305,0.378,0.057,0.846,0.785,0.842,0.047,-0.3,0.607,0.409,0.935,0.234,0.778,0.462,0.675,0.039,0.31,0.011,0.747,0.331,0.334,0.269,0.848,0.128,0.829,0.691,0.552,0.36,-0.449,0.512,0.554,0.794,0.411,0.157,0.687,0.829,0.296,0.18,0.449,0.029,0.517,0.156,0.651,-0.068,0.57,-0.602,0.318,0.5,0.513,0.355,0.595,0.462,0.426,0.881,0.862
BLNE,0.245,-0.045,0.185,0.118,0.39,0.336,0.265,0.205,0.394,0.248,0.265,0.096,0.358,0.306,0.283,0.344,0.024,-0.079,0.11,0.377,0.058,0.157,0.17,0.0,0.254,0.267,0.248,0.311,0.112,0.227,0.311,0.329,0.182,0.184,-0.058,0.201,0.308,0.342,-0.002,0.346,0.116,-0.003,0.337,0.197,0.05,0.229,0.288,0.239,0.335,-0.011,0.124,0.126,0.236,0.201,0.078,0.351,0.186,0.128,0.233,0.028,0.113,0.294,0.31,0.169,0.291,0.282,-0.11,0.288,0.132,0.272,0.052,0.344,-0.065,0.229,0.223,0.164,0.255,0.085,0.209,0.315,0.297,0.212,0.022,0.236,0.154,0.121,0.192,0.255,-0.038,0.113,-0.176,0.248,0.009,0.195,0.247,0.402,0.215,0.266,0.1,0.217,0.395,0.109,0.113,0.144,0.115,0.272,0.292,0.074,0.271,0.407,0.22,0.069,0.203,0.086,0.256,0.194,0.383,0.339,0.07,-0.048,0.075,0.102,0.118,0.105,0.059,-0.009,0.31,0.197,0.174,0.275,0.158,0.202,-0.095,0.081,-0.038,0.389,0.333,0.247,0.242,0.016,0.081,-0.181,0.296,0.25,0.264,0.286,0.151,0.025,0.278,0.292,0.124,-0.102,-0.012,0.136,0.006,0.248,0.164,0.262,0.132,0.325,-0.142,0.18,-0.07,0.276,0.295,0.206,0.205,0.135,0.057,0.305,0.193,0.261,0.183,-0.093,0.151,0.233,0.209,0.131,-0.129,0.32,0.35,0.277,0.004,0.195,0.099,0.345,0.011,0.304,0.063,0.297,-0.3,0.072,0.27,0.276,0.067,0.339,0.239,0.232,0.385,0.309
BLNK,0.69,0.436,0.762,0.727,0.458,0.637,0.857,0.81,0.858,0.166,0.708,0.532,0.728,0.427,0.329,0.533,0.174,0.372,0.728,0.578,0.502,0.708,0.66,0.254,0.0,0.82,0.881,0.828,0.677,0.704,0.824,0.666,0.811,0.17,0.322,0.729,0.626,0.624,0.454,0.918,0.776,0.573,0.695,0.749,-0.157,0.777,0.877,0.6,0.517,0.7,0.753,0.847,0.625,0.516,0.705,0.463,0.113,-0.286,-0.12,0.056,0.608,0.836,0.351,0.831,0.696,0.761,-0.592,0.872,0.762,0.74,0.49,0.792,-0.481,0.728,0.382,0.266,0.788,0.214,0.611,0.609,0.613,0.763,-0.003,0.804,0.633,0.744,0.706,0.723,-0.477,0.557,-0.817,0.308,0.636,0.89,0.74,0.691,0.384,0.45,0.428,0.904,0.799,0.508,0.595,-0.121,0.676,0.815,0.573,-0.125,0.742,0.774,-0.051,0.632,0.857,0.116,0.697,0.801,0.766,0.76,-0.015,0.415,0.695,-0.274,0.39,0.65,0.612,0.317,0.899,0.757,0.589,0.245,0.476,0.862,0.474,0.565,0.035,0.666,0.485,0.514,0.219,0.463,-0.253,-0.059,0.522,0.645,0.818,0.848,0.136,0.562,0.45,0.859,0.426,0.206,-0.487,0.204,0.039,0.655,0.65,0.67,0.794,0.494,-0.405,0.809,0.404,0.482,0.067,0.693,0.765,0.651,-0.116,0.727,0.803,0.156,0.724,-0.436,0.756,0.887,0.424,0.817,-0.217,0.811,0.744,0.116,0.185,0.016,-0.016,0.222,-0.228,0.866,-0.379,0.904,-0.244,-0.215,0.86,0.425,0.736,0.155,0.758,0.812,0.649,0.629
BTAI,0.607,0.335,0.557,0.611,0.395,0.375,0.684,0.667,0.828,0.007,0.656,0.309,0.552,0.049,0.277,0.382,0.099,0.295,0.589,0.446,0.359,0.671,0.409,0.267,0.82,0.0,0.626,0.722,0.815,0.42,0.601,0.412,0.753,0.202,0.137,0.77,0.308,0.406,0.108,0.855,0.57,0.273,0.463,0.538,-0.079,0.716,0.656,0.533,0.219,0.675,0.461,0.649,0.597,0.318,0.577,0.469,-0.184,-0.422,-0.369,-0.352,0.479,0.69,0.295,0.731,0.763,0.549,-0.835,0.792,0.606,0.642,0.266,0.691,-0.415,0.493,0.263,0.238,0.592,0.036,0.853,0.539,0.625,0.865,-0.042,0.738,0.778,0.623,0.532,0.376,-0.696,0.312,-0.822,0.078,0.499,0.614,0.548,0.478,0.249,0.262,0.262,0.819,0.697,0.398,0.335,-0.229,0.891,0.583,0.349,-0.03,0.355,0.599,0.005,0.439,0.548,-0.032,0.558,0.52,0.496,0.562,-0.297,0.368,0.541,-0.278,0.574,0.506,0.475,0.434,0.707,0.635,0.377,-0.097,0.367,0.652,0.372,0.202,0.294,0.38,0.29,0.773,0.186,0.289,-0.331,-0.417,0.25,0.503,0.823,0.887,-0.086,0.636,0.202,0.694,0.302,0.327,-0.696,-0.178,0.062,0.428,0.624,0.485,0.606,0.233,-0.678,0.737,0.182,0.24,0.288,0.631,0.729,0.322,-0.315,0.491,0.552,-0.16,0.891,-0.558,0.562,0.841,0.233,0.693,-0.657,0.696,0.61,0.11,-0.1,0.032,-0.278,0.245,-0.539,0.622,-0.533,0.711,-0.204,-0.227,0.751,0.187,0.59,-0.071,0.581,0.647,0.415,0.547
BYND,0.469,0.337,0.799,0.811,0.531,0.732,0.876,0.892,0.832,0.247,0.709,0.548,0.852,0.649,0.507,0.457,0.268,0.238,0.761,0.732,0.503,0.596,0.829,0.248,0.881,0.626,0.0,0.837,0.482,0.802,0.938,0.856,0.806,0.293,0.315,0.738,0.754,0.571,0.678,0.861,0.838,0.523,0.804,0.772,-0.078,0.681,0.921,0.688,0.696,0.757,0.905,0.864,0.652,0.567,0.735,0.38,0.218,-0.233,0.086,0.287,0.709,0.814,0.294,0.723,0.638,0.683,-0.378,0.829,0.802,0.793,0.7,0.843,-0.4,0.712,0.283,0.179,0.903,0.521,0.527,0.503,0.645,0.676,0.211,0.748,0.592,0.685,0.684,0.854,-0.263,0.544,-0.784,0.441,0.549,0.843,0.653,0.724,0.544,0.665,0.586,0.853,0.826,0.26,0.653,-0.061,0.477,0.924,0.689,-0.161,0.827,0.886,0.078,0.717,0.852,0.282,0.721,0.816,0.882,0.828,0.114,0.459,0.689,-0.173,0.229,0.682,0.686,0.225,0.837,0.752,0.525,0.339,0.638,0.875,0.547,0.755,-0.165,0.779,0.706,0.438,0.252,0.483,-0.251,0.07,0.663,0.758,0.791,0.671,0.265,0.462,0.676,0.88,0.574,0.234,-0.416,0.39,0.033,0.833,0.618,0.647,0.799,0.636,-0.214,0.609,0.277,0.559,0.03,0.691,0.63,0.837,-0.027,0.852,0.897,0.358,0.582,-0.487,0.801,0.823,0.531,0.771,0.02,0.884,0.85,0.245,0.391,0.06,-0.001,0.357,-0.061,0.903,-0.286,0.848,-0.419,-0.143,0.824,0.502,0.705,0.31,0.748,0.813,0.834,0.733
CAN,0.46,0.054,0.555,0.611,0.7,0.7,0.738,0.762,0.906,0.352,0.622,0.196,0.844,0.488,0.663,0.383,0.415,-0.062,0.517,0.784,0.192,0.398,0.839,0.311,0.828,0.722,0.837,0.0,0.548,0.529,0.85,0.766,0.662,0.515,-0.065,0.743,0.483,0.331,0.433,0.794,0.565,0.143,0.779,0.528,0.255,0.564,0.714,0.831,0.507,0.687,0.761,0.733,0.505,0.311,0.504,0.576,-0.062,-0.209,-0.027,-0.032,0.855,0.574,0.424,0.504,0.604,0.451,-0.525,0.772,0.6,0.823,0.692,0.904,-0.165,0.427,0.092,0.389,0.874,0.51,0.62,0.294,0.871,0.839,0.315,0.562,0.711,0.597,0.45,0.657,-0.262,0.529,-0.771,0.303,0.262,0.666,0.551,0.587,0.689,0.631,0.565,0.818,0.847,0.085,0.308,0.142,0.549,0.815,0.745,0.176,0.564,0.844,0.331,0.411,0.627,0.42,0.493,0.597,0.652,0.685,0.065,0.617,0.446,0.116,0.49,0.465,0.467,0.44,0.714,0.567,0.51,0.152,0.745,0.641,0.309,0.56,-0.059,0.593,0.671,0.64,0.543,0.125,-0.122,-0.024,0.488,0.656,0.759,0.643,0.137,0.346,0.614,0.797,0.685,0.297,-0.584,0.335,0.316,0.8,0.438,0.743,0.544,0.478,-0.291,0.526,-0.001,0.573,0.411,0.469,0.487,0.637,-0.067,0.739,0.665,0.233,0.624,-0.63,0.558,0.772,0.608,0.57,-0.265,0.799,0.803,0.214,0.042,0.337,-0.159,0.502,-0.26,0.676,-0.361,0.729,-0.456,0.091,0.662,0.389,0.472,0.302,0.542,0.566,0.756,0.831
CCEC,0.433,0.57,0.621,0.677,0.038,0.171,0.628,0.625,0.654,-0.241,0.527,0.441,0.375,-0.047,0.158,0.124,-0.129,0.355,0.61,0.232,0.572,0.769,0.235,0.112,0.677,0.815,0.482,0.548,0.0,0.494,0.407,0.289,0.801,-0.005,0.157,0.791,0.278,0.284,0.167,0.749,0.556,0.299,0.184,0.612,-0.26,0.778,0.511,0.322,0.088,0.708,0.356,0.608,0.639,0.386,0.711,0.301,-0.028,-0.381,-0.388,-0.257,0.238,0.64,-0.055,0.626,0.535,0.56,-0.694,0.738,0.693,0.397,0.118,0.507,-0.461,0.54,0.489,-0.102,0.468,-0.111,0.768,0.543,0.411,0.677,-0.051,0.632,0.588,0.671,0.632,0.373,-0.79,0.215,-0.712,0.01,0.604,0.46,0.356,0.158,0.007,0.2,0.162,0.754,0.536,0.382,0.415,-0.415,0.952,0.447,0.144,-0.277,0.246,0.471,-0.199,0.462,0.475,-0.103,0.596,0.486,0.389,0.599,-0.475,0.151,0.612,-0.412,0.385,0.612,0.579,0.476,0.565,0.726,0.033,-0.084,0.173,0.628,0.563,0.108,0.163,0.132,0.239,0.683,-0.076,0.48,-0.604,-0.543,0.213,0.435,0.839,0.835,-0.002,0.808,0.052,0.519,0.094,0.389,-0.486,-0.321,-0.111,0.284,0.778,0.322,0.669,0.14,-0.869,0.615,0.235,-0.028,-0.049,0.735,0.742,0.112,-0.083,0.418,0.542,-0.221,0.898,-0.328,0.639,0.848,-0.027,0.755,-0.61,0.598,0.5,0.011,0.031,-0.145,-0.065,0.09,-0.533,0.51,-0.374,0.595,-0.024,-0.432,0.724,0.309,0.714,-0.296,0.65,0.618,0.194,0.31
CDW,0.278,0.672,0.886,0.848,0.123,0.586,0.895,0.809,0.621,0.084,0.519,0.81,0.662,0.677,0.288,0.371,-0.053,0.499,0.764,0.533,0.795,0.76,0.554,0.227,0.704,0.42,0.802,0.529,0.494,0.0,0.723,0.739,0.843,0.052,0.571,0.609,0.852,0.696,0.748,0.718,0.899,0.684,0.513,0.88,-0.468,0.77,0.827,0.356,0.694,0.682,0.728,0.819,0.696,0.848,0.87,0.17,0.62,-0.009,0.252,0.57,0.295,0.826,0.01,0.698,0.545,0.823,-0.108,0.793,0.896,0.531,0.419,0.584,-0.513,0.888,0.693,-0.149,0.731,0.319,0.445,0.696,0.27,0.391,0.081,0.711,0.229,0.629,0.901,0.916,-0.285,0.373,-0.498,0.58,0.717,0.721,0.622,0.571,0.251,0.612,0.506,0.754,0.68,0.394,0.821,-0.233,0.435,0.777,0.473,-0.506,0.808,0.758,-0.228,0.738,0.884,0.15,0.898,0.91,0.867,0.851,-0.017,0.112,0.734,-0.333,-0.106,0.786,0.768,0.064,0.745,0.882,0.239,0.602,0.317,0.911,0.74,0.735,-0.347,0.71,0.661,0.354,-0.11,0.763,-0.434,0.01,0.76,0.794,0.741,0.617,0.503,0.547,0.523,0.746,0.246,0.105,0.004,0.292,-0.269,0.622,0.766,0.461,0.896,0.698,-0.328,0.482,0.48,0.36,-0.358,0.86,0.727,0.608,0.289,0.813,0.949,0.468,0.542,-0.019,0.926,0.757,0.223,0.871,0.22,0.759,0.741,0.273,0.612,-0.179,0.435,0.244,0.202,0.888,0.09,0.735,-0.211,-0.359,0.834,0.739,0.882,0.191,0.924,0.827,0.659,0.462
CDXS,0.47,0.192,0.665,0.685,0.684,0.847,0.812,0.835,0.841,0.409,0.709,0.372,0.911,0.692,0.634,0.587,0.471,0.126,0.591,0.838,0.309,0.435,0.851,0.311,0.824,0.601,0.938,0.85,0.407,0.723,0.0,0.891,0.695,0.452,0.162,0.724,0.675,0.537,0.62,0.793,0.73,0.371,0.899,0.648,0.104,0.578,0.884,0.766,0.663,0.664,0.848,0.842,0.492,0.452,0.608,0.52,0.211,-0.06,0.189,0.28,0.761,0.725,0.439,0.61,0.568,0.56,-0.311,0.774,0.652,0.867,0.772,0.868,-0.188,0.551,0.17,0.391,0.937,0.618,0.504,0.375,0.72,0.682,0.342,0.629,0.61,0.592,0.563,0.811,-0.089,0.576,-0.708,0.509,0.379,0.803,0.654,0.761,0.684,0.731,0.637,0.805,0.852,0.226,0.473,0.128,0.412,0.921,0.766,0.079,0.794,0.887,0.274,0.56,0.766,0.433,0.609,0.738,0.79,0.753,0.286,0.571,0.55,0.049,0.32,0.495,0.505,0.332,0.845,0.609,0.616,0.372,0.746,0.754,0.383,0.772,-0.128,0.775,0.755,0.442,0.447,0.275,-0.051,0.174,0.704,0.716,0.728,0.584,0.24,0.282,0.755,0.851,0.645,0.2,-0.371,0.527,0.257,0.85,0.451,0.759,0.634,0.634,-0.131,0.515,0.1,0.727,0.218,0.54,0.529,0.794,-0.002,0.832,0.83,0.418,0.513,-0.428,0.653,0.731,0.689,0.639,0.042,0.871,0.858,0.393,0.219,0.27,0.011,0.459,0.028,0.827,-0.212,0.772,-0.434,0.089,0.693,0.481,0.551,0.469,0.627,0.665,0.88,0.769
CELH,0.233,0.086,0.62,0.645,0.629,0.839,0.792,0.792,0.763,0.527,0.519,0.322,0.942,0.848,0.765,0.478,0.416,0.044,0.486,0.907,0.308,0.331,0.88,0.329,0.666,0.412,0.856,0.766,0.289,0.739,0.891,0.0,0.62,0.602,0.076,0.64,0.748,0.438,0.745,0.647,0.687,0.245,0.851,0.57,0.136,0.518,0.772,0.798,0.846,0.65,0.854,0.691,0.489,0.56,0.551,0.538,0.373,0.14,0.476,0.461,0.719,0.586,0.445,0.396,0.468,0.491,-0.117,0.751,0.638,0.83,0.8,0.83,-0.094,0.538,0.235,0.277,0.909,0.763,0.464,0.397,0.684,0.559,0.52,0.503,0.434,0.461,0.534,0.888,0.079,0.477,-0.54,0.627,0.247,0.625,0.567,0.715,0.763,0.883,0.752,0.737,0.87,-0.003,0.427,0.264,0.27,0.934,0.84,0.028,0.797,0.936,0.388,0.44,0.692,0.6,0.661,0.726,0.819,0.775,0.366,0.512,0.411,0.209,0.154,0.485,0.524,0.171,0.716,0.614,0.485,0.554,0.792,0.672,0.364,0.85,-0.381,0.748,0.877,0.393,0.463,0.243,-0.019,0.188,0.831,0.812,0.672,0.382,0.496,0.147,0.872,0.827,0.724,0.049,-0.172,0.611,0.229,0.89,0.396,0.723,0.579,0.809,-0.059,0.239,0.053,0.732,0.214,0.522,0.381,0.795,0.234,0.92,0.81,0.661,0.427,-0.327,0.643,0.637,0.707,0.53,0.217,0.805,0.909,0.448,0.312,0.366,0.181,0.591,0.245,0.779,0.046,0.61,-0.586,0.186,0.614,0.664,0.504,0.596,0.633,0.541,0.941,0.826
