,ABEO,ACHC,AGNCN,AKAM,AKRO,ALRM,AMAT,AMED,AMRN,ANGI,APA,APOG,APPS,ARCB,ARCC,ARVN,ATEC,ATXS,AVAV,AXON,BANF,BATRK,BIDU,BLNE,BLNK,BTAI,BYND,CAN,CCEC,CDW,CDXS,CELH,CGNX,CHKP,CHRS,CHRW,CIGI,CKPT,CMPR,COGT,CRNC,CRSP,CSTL,CTSH,CVGW,DGLY,DNLI,DOCU,DVAX,EBAY,EHTH,ERII,ESLT,EXPE,EXPO,FBIOP,FFBC,FFIN,FOXF,FWRD,GDS,GERN,GPRE,GRWG,GRYP,HEES,HELE,HIVE,HON,HRTX,HSTM,HURA,IART,IBKR,IBOC,IBRX,IDXX,INGN,INM,INVA,IQ,IRBT,KDP,KPTI,KTOS,KXIN,LAMR,LFUS,LGIH,LGMK,LKFN,LNW,LOPE,LPSN,LYFT,MGNX,MLCO,MNST,MODV,MSTR,MTCH,MYGN,MYRG,NCMI,NEXT,NFLX,NIU,NKTR,NRC,NTNX,NTRA,NVEE,NVMI,NWL,NWS,NXPI,OCGN,OCSL,OKTA,OLLI,OTLK,OXLC,PAA,PARA,PARAA,PDCO,PDFS,PFG,PGEN,PNFP,PODD,POWI,PSMT,PTC,PTEN,PVLA,RDNT,RDUS,RDWR,REGN,RNAC,ROCK,ROST,RRR,RSLS,RVMD,RYAAY,SAFT,SAGE,SAVA,SBGI,SFM,SFNC,SHYF,SIBN,SIFY,SIGI,SIMO,SITM,SLM,SNBR,SNDX,SNY,SPNS,SRRK,STRA,SUPN,SYRE,TCBK,TEAM,TECH,THRM,TLRY,TRMK,TROW,TSLA,TWST,TXN,UFPI,UNIT,UPWK,USLM,UTHR,VERB,VLY,VRNA,VRRM,VXRT,WAFD,WATT,WBA,WING,WIX,WTFC,WTW,XPEL,XRX,YMAB,ZG,ZLAB
ABEO,0.0,-0.206,-0.577,-0.765,-0.589,-0.358,-0.156,-0.216,0.043,0.537,-0.165,-0.492,-0.571,-0.408,-0.283,-0.623,-0.127,0.422,-0.379,-0.508,-0.547,-0.048,0.48,0.215,0.928,0.183,0.431,0.918,0.434,-0.338,0.414,-0.408,-0.147,-0.801,0.256,-0.431,-0.301,-0.154,0.626,0.013,-0.025,-0.312,-0.0,-0.739,-0.651,0.213,-0.285,-0.517,-0.342,0.522,-0.302,-0.13,-0.666,-0.438,0.845,0.286,-0.393,0.221,0.864,-0.498,0.728,0.584,0.616,0.843,0.722,0.219,0.519,0.545,0.22,-0.668,-0.829,0.817,-0.567,-0.562,0.366,-0.479,-0.493,0.3,0.686,-0.831,0.643,0.511,-0.669,-0.282,0.454,0.342,-0.586,-0.112,0.785,-0.493,-0.729,-0.226,-0.907,0.375,-0.338,0.229,0.195,-0.765,-0.414,0.675,-0.01,-0.407,0.437,-0.29,0.241,0.372,0.928,-0.738,0.321,0.59,0.081,-0.54,-0.468,0.639,-0.326,-0.157,0.638,-0.578,0.336,0.18,0.711,0.021,0.078,0.157,0.146,-0.056,-0.15,0.001,0.076,0.176,0.115,-0.047,0.097,-0.312,-0.132,-0.215,-0.616,-0.561,-0.848,0.702,-0.575,0.922,0.175,-0.409,0.524,-0.102,-0.562,-0.65,-0.735,0.284,-0.543,-0.782,0.182,0.1,-0.317,0.222,0.27,-0.484,0.468,-0.251,0.037,-0.858,-0.771,0.763,0.154,-0.848,-0.185,-0.674,0.005,0.112,-0.359,-0.123,0.872,-0.255,0.214,-0.177,0.6,0.777,0.13,-0.382,0.388,-0.648,-0.742,0.888,0.197,-0.804,-0.397,-0.542,0.002,0.837,-0.521,-0.311,-0.315,-0.217,-0.558,-0.427,-0.486,0.094,0.095,0.067
ACHC,-0.206,0.0,0.629,0.464,0.338,0.863,0.859,0.827,0.383,-0.084,0.859,0.851,0.705,0.775,0.931,0.701,0.599,-0.061,0.06,0.506,0.782,0.648,0.481,0.495,-0.227,0.202,-0.231,-0.134,0.653,0.909,0.307,0.76,0.474,0.574,-0.192,0.565,0.764,0.736,0.402,0.557,0.709,-0.086,0.625,0.71,0.564,0.039,0.04,0.365,0.02,0.572,0.508,0.843,0.347,0.837,-0.159,-0.139,0.754,0.739,0.209,0.781,-0.121,-0.372,0.319,-0.009,-0.413,0.587,0.256,0.146,0.294,0.296,0.467,-0.555,0.788,0.647,0.617,0.545,0.62,0.654,-0.326,0.339,-0.233,0.364,0.666,0.664,0.306,-0.582,0.857,0.864,-0.031,0.534,0.745,0.87,0.49,0.037,0.852,-0.214,0.764,0.665,0.568,-0.1,0.755,0.77,0.72,0.694,0.515,0.291,0.036,0.159,0.287,0.348,-0.08,0.856,0.869,0.138,0.889,0.843,-0.452,0.731,0.224,0.714,-0.135,0.683,0.672,0.676,0.642,0.841,0.856,0.541,0.076,0.614,0.662,0.796,0.854,0.753,0.662,0.709,0.7,0.811,0.477,-0.042,0.33,-0.035,0.834,0.86,-0.714,0.247,0.61,0.713,0.658,0.328,0.164,0.529,0.599,0.792,0.892,0.684,-0.088,0.868,0.493,0.87,0.719,0.47,0.573,0.352,-0.019,0.372,0.514,0.684,0.741,0.284,0.639,0.934,-0.303,0.606,0.611,0.893,-0.385,0.266,0.839,0.903,0.174,0.69,0.563,-0.47,0.725,0.644,0.857,-0.296,0.724,-0.248,0.77,0.75,0.731,0.768,0.753,0.783,0.865,0.552,0.552,-0.16
AGNCN,-0.577,0.629,0.0,0.54,0.45,0.608,0.422,0.46,0.279,-0.195,0.436,0.604,0.581,0.522,0.593,0.696,0.151,-0.157,0.161,0.401,0.697,0.458,0.159,0.096,-0.613,-0.035,-0.341,-0.495,0.022,0.537,-0.159,0.604,0.207,0.688,-0.4,0.536,0.566,0.583,0.005,0.415,0.339,0.165,0.485,0.726,0.517,-0.337,0.18,0.433,0.18,0.074,0.409,0.536,0.498,0.608,-0.452,-0.21,0.598,0.228,-0.315,0.646,-0.326,-0.516,-0.169,-0.364,-0.668,0.079,-0.228,-0.36,-0.016,0.392,0.648,-0.717,0.571,0.481,0.122,0.485,0.529,0.205,-0.533,0.477,-0.386,-0.133,0.695,0.345,-0.139,-0.381,0.768,0.432,-0.376,0.264,0.738,0.523,0.714,-0.139,0.519,-0.25,0.273,0.724,0.411,-0.504,0.412,0.589,0.213,0.58,0.098,-0.125,-0.42,0.317,-0.066,-0.254,0.001,0.73,0.669,-0.278,0.566,0.407,-0.569,0.591,-0.074,0.356,-0.322,0.451,0.342,0.294,0.296,0.329,0.434,0.227,0.043,0.197,0.241,0.433,0.378,0.507,0.307,0.662,0.6,0.632,0.664,-0.429,0.343,-0.527,0.394,0.648,-0.672,0.057,0.536,0.714,0.72,-0.021,0.548,0.713,0.161,0.231,0.596,0.465,-0.113,0.7,0.038,0.548,0.339,0.68,0.659,-0.161,-0.064,0.591,0.241,0.791,0.359,-0.028,0.542,0.533,-0.59,0.425,0.13,0.522,-0.463,-0.345,0.329,0.741,-0.113,0.583,0.644,-0.726,0.256,0.697,0.597,0.143,0.286,-0.48,0.683,0.473,0.497,0.468,0.55,0.58,0.631,0.141,0.326,0.007
AKAM,-0.765,0.464,0.54,0.0,0.528,0.444,0.492,0.6,-0.149,-0.597,0.458,0.694,0.633,0.728,0.543,0.604,0.232,-0.548,0.304,0.475,0.732,0.237,-0.34,0.001,-0.788,-0.214,-0.517,-0.741,-0.127,0.593,-0.139,0.523,0.488,0.938,-0.255,0.687,0.638,0.205,-0.397,-0.067,0.282,0.118,-0.004,0.852,0.846,-0.179,0.174,0.441,0.275,-0.137,0.168,0.387,0.812,0.518,-0.664,-0.379,0.526,0.105,-0.557,0.765,-0.726,-0.656,-0.457,-0.711,-0.686,-0.01,-0.268,-0.365,0.229,0.576,0.836,-0.837,0.685,0.824,0.04,0.415,0.652,0.031,-0.713,0.814,-0.738,-0.407,0.795,0.318,-0.311,-0.525,0.736,0.472,-0.549,0.691,0.81,0.425,0.83,-0.405,0.483,-0.312,0.074,0.86,0.521,-0.494,0.113,0.632,-0.124,0.325,0.005,-0.203,-0.732,0.602,0.107,-0.268,-0.211,0.73,0.732,-0.317,0.591,0.529,-0.748,0.83,-0.241,0.178,-0.74,0.075,0.146,0.042,-0.005,0.408,0.449,0.406,-0.212,0.21,0.139,0.339,0.252,0.414,0.397,0.184,0.66,0.692,0.893,-0.339,0.566,-0.631,0.217,0.564,-0.592,0.061,0.529,0.805,0.748,-0.136,0.393,0.848,0.233,0.291,0.473,-0.092,0.13,0.602,-0.273,0.579,0.087,0.771,0.888,-0.415,-0.143,0.784,0.159,0.66,0.381,0.078,0.532,0.383,-0.819,0.475,0.059,0.464,-0.617,-0.348,0.268,0.579,-0.336,0.751,0.792,-0.793,0.145,0.845,0.66,0.12,0.292,-0.835,0.677,0.427,0.365,0.512,0.719,0.651,0.69,0.064,-0.037,-0.365
AKRO,-0.589,0.338,0.45,0.528,0.0,0.57,0.416,0.23,0.458,0.036,0.172,0.535,0.752,0.466,0.306,0.781,0.496,-0.265,0.23,0.784,0.327,0.465,-0.173,0.284,-0.422,0.409,0.096,-0.357,-0.098,0.437,0.27,0.721,0.572,0.623,0.363,-0.013,0.351,0.452,-0.208,0.416,0.055,0.725,0.452,0.474,0.417,0.245,0.504,0.672,0.572,-0.16,0.547,0.414,0.278,0.531,-0.399,-0.033,0.256,-0.024,-0.417,0.308,-0.248,0.087,-0.285,-0.252,-0.165,0.061,0.114,0.165,-0.422,0.668,0.758,-0.415,0.601,0.598,-0.299,0.555,0.686,-0.249,-0.138,0.743,-0.103,0.082,0.302,0.587,0.155,-0.069,0.549,0.128,-0.298,0.543,0.488,0.558,0.615,0.196,0.469,0.43,0.209,0.489,0.753,0.037,0.46,0.627,-0.002,0.38,0.2,0.281,-0.469,0.78,-0.248,0.011,0.455,0.504,0.517,-0.588,0.498,0.391,-0.101,0.436,0.359,-0.092,-0.193,0.033,-0.037,-0.125,-0.081,0.161,0.418,-0.142,0.553,-0.201,0.443,0.417,0.08,0.494,0.086,0.408,0.784,0.403,0.59,-0.463,0.823,-0.566,0.053,0.473,-0.307,0.729,0.448,0.357,0.793,-0.072,0.344,0.377,-0.25,-0.008,0.418,-0.013,-0.299,0.54,0.145,0.205,0.377,0.792,0.586,-0.192,0.277,0.586,0.663,0.457,-0.001,0.399,0.64,0.246,-0.325,0.065,0.274,0.313,-0.026,-0.34,-0.009,0.481,0.259,0.604,0.765,-0.474,-0.107,0.54,0.404,0.589,-0.018,-0.358,0.224,0.631,0.644,0.056,0.533,0.614,0.348,0.488,0.488,0.287
ALRM,-0.358,0.863,0.608,0.444,0.57,0.0,0.86,0.645,0.548,0.063,0.756,0.88,0.889,0.775,0.826,0.887,0.764,-0.039,0.15,0.749,0.659,0.646,0.36,0.573,-0.253,0.39,-0.022,-0.199,0.559,0.886,0.385,0.906,0.554,0.601,0.068,0.305,0.652,0.771,0.247,0.654,0.562,0.193,0.696,0.673,0.508,0.241,0.127,0.636,0.256,0.365,0.646,0.809,0.212,0.907,-0.214,-0.033,0.637,0.571,0.036,0.653,-0.055,-0.21,0.247,-0.014,-0.307,0.603,0.294,0.285,-0.083,0.506,0.563,-0.53,0.856,0.692,0.308,0.631,0.745,0.468,-0.196,0.45,-0.109,0.457,0.526,0.806,0.373,-0.423,0.831,0.68,-0.084,0.622,0.74,0.91,0.558,0.236,0.882,-0.002,0.73,0.626,0.753,0.005,0.883,0.744,0.617,0.684,0.564,0.442,-0.071,0.45,0.016,0.37,0.181,0.819,0.841,-0.14,0.901,0.799,-0.282,0.659,0.424,0.468,-0.096,0.536,0.5,0.481,0.489,0.726,0.893,0.256,0.368,0.355,0.706,0.812,0.663,0.842,0.544,0.717,0.843,0.763,0.541,-0.225,0.522,-0.201,0.682,0.88,-0.675,0.518,0.678,0.602,0.78,0.209,0.12,0.439,0.296,0.617,0.865,0.559,-0.36,0.916,0.547,0.718,0.744,0.629,0.588,0.193,0.067,0.424,0.78,0.617,0.494,0.453,0.726,0.853,-0.273,0.425,0.669,0.801,-0.321,0.099,0.655,0.867,0.371,0.76,0.682,-0.502,0.52,0.687,0.788,0.044,0.509,-0.257,0.629,0.871,0.91,0.545,0.809,0.847,0.798,0.696,0.694,0.128
AMAT,-0.156,0.859,0.422,0.492,0.416,0.86,0.0,0.766,0.352,-0.038,0.86,0.862,0.784,0.851,0.861,0.714,0.704,-0.132,0.095,0.616,0.691,0.631,0.34,0.598,-0.13,0.286,-0.119,-0.056,0.675,0.925,0.517,0.814,0.677,0.576,0.054,0.432,0.724,0.617,0.346,0.454,0.638,0.011,0.529,0.641,0.521,0.217,-0.05,0.451,0.165,0.575,0.394,0.859,0.31,0.798,-0.1,-0.086,0.615,0.718,0.221,0.728,-0.115,-0.232,0.315,0.048,-0.259,0.649,0.451,0.357,0.235,0.358,0.487,-0.476,0.772,0.749,0.552,0.454,0.691,0.6,-0.207,0.406,-0.232,0.461,0.532,0.709,0.366,-0.539,0.756,0.839,0.04,0.695,0.68,0.887,0.398,0.113,0.849,-0.072,0.763,0.584,0.682,0.147,0.767,0.781,0.697,0.583,0.617,0.46,0.063,0.258,0.346,0.508,-0.026,0.819,0.901,0.119,0.922,0.953,-0.341,0.725,0.374,0.642,-0.118,0.504,0.588,0.542,0.502,0.881,0.95,0.489,0.171,0.573,0.73,0.912,0.769,0.694,0.597,0.545,0.74,0.733,0.472,0.078,0.421,0.012,0.823,0.791,-0.639,0.406,0.561,0.619,0.634,0.335,-0.102,0.422,0.564,0.796,0.832,0.509,-0.071,0.86,0.614,0.815,0.723,0.446,0.57,0.388,0.102,0.28,0.67,0.508,0.699,0.456,0.669,0.908,-0.212,0.537,0.758,0.88,-0.333,0.396,0.827,0.824,0.347,0.719,0.598,-0.372,0.688,0.615,0.831,-0.278,0.668,-0.233,0.639,0.81,0.759,0.677,0.783,0.866,0.812,0.684,0.573,-0.165
AMED,-0.216,0.827,0.46,0.6,0.23,0.645,0.766,0.0,0.056,-0.282,0.799,0.799,0.612,0.803,0.872,0.54,0.528,-0.139,0.064,0.409,0.772,0.562,0.265,0.345,-0.294,-0.001,-0.361,-0.216,0.561,0.828,0.29,0.627,0.515,0.603,-0.234,0.687,0.769,0.527,0.177,0.268,0.726,-0.221,0.347,0.69,0.688,0.076,0.028,0.25,-0.162,0.52,0.36,0.657,0.488,0.736,-0.204,-0.191,0.639,0.61,0.147,0.847,-0.241,-0.497,0.128,-0.147,-0.441,0.385,0.06,0.052,0.409,0.349,0.474,-0.563,0.783,0.652,0.567,0.485,0.574,0.581,-0.483,0.337,-0.383,0.123,0.664,0.471,0.169,-0.705,0.802,0.837,-0.113,0.623,0.709,0.729,0.507,-0.072,0.758,-0.357,0.68,0.682,0.527,-0.146,0.543,0.776,0.535,0.532,0.317,0.176,-0.081,0.215,0.353,0.286,-0.283,0.748,0.82,0.107,0.793,0.817,-0.597,0.812,0.117,0.646,-0.375,0.546,0.505,0.533,0.465,0.768,0.815,0.603,-0.102,0.578,0.516,0.637,0.742,0.643,0.736,0.411,0.606,0.729,0.539,0.116,0.38,-0.042,0.725,0.805,-0.624,0.063,0.521,0.705,0.601,0.224,0.185,0.565,0.672,0.804,0.778,0.454,0.146,0.754,0.269,0.814,0.498,0.442,0.601,0.235,-0.083,0.404,0.298,0.653,0.697,0.263,0.574,0.774,-0.413,0.551,0.39,0.811,-0.395,0.242,0.726,0.771,-0.026,0.626,0.572,-0.429,0.626,0.658,0.864,-0.414,0.669,-0.41,0.771,0.621,0.584,0.723,0.678,0.689,0.831,0.448,0.27,-0.403
AMRN,0.043,0.383,0.279,-0.149,0.458,0.548,0.352,0.056,0.0,0.532,0.278,0.263,0.396,0.122,0.223,0.496,0.526,0.373,-0.002,0.387,0.072,0.442,0.425,0.501,0.211,0.797,0.418,0.298,0.343,0.328,0.386,0.519,0.159,0.018,0.355,-0.305,0.118,0.628,0.516,0.649,0.279,0.409,0.742,0.076,-0.157,0.397,0.376,0.421,0.295,0.204,0.675,0.542,-0.27,0.408,0.166,0.31,0.27,0.325,0.184,0.02,0.331,0.46,0.474,0.448,0.275,0.471,0.534,0.529,-0.376,0.279,0.065,0.11,0.309,0.158,0.11,0.511,0.201,0.086,0.364,0.094,0.418,0.652,-0.086,0.634,0.674,0.252,0.237,0.17,0.119,0.135,0.127,0.518,0.081,0.354,0.423,0.541,0.538,0.021,0.34,0.385,0.728,0.201,0.494,0.508,0.61,0.454,0.272,0.15,-0.054,0.291,0.441,0.267,0.251,-0.008,0.43,0.25,0.339,0.056,0.461,0.203,0.525,0.43,0.404,0.38,0.47,0.194,0.34,-0.022,0.675,0.085,0.613,0.478,0.372,0.414,0.156,0.564,0.369,0.215,-0.122,-0.252,0.272,0.049,0.317,0.271,-0.047,0.635,0.355,0.016,0.345,0.322,0.083,-0.138,-0.058,0.156,0.402,0.581,-0.486,0.332,0.55,0.17,0.68,0.194,-0.042,0.397,0.135,0.04,0.675,0.078,0.154,0.214,0.246,0.381,0.323,0.141,0.522,0.399,0.223,0.165,0.218,0.333,0.55,0.295,0.144,0.037,0.269,0.054,0.253,0.29,0.197,0.389,0.013,0.409,0.575,0.112,0.151,0.395,0.148,0.591,0.769,0.557
ANGI,0.537,-0.084,-0.195,-0.597,0.036,0.063,-0.038,-0.282,0.532,0.0,-0.24,-0.243,-0.054,-0.277,-0.262,-0.04,0.173,0.483,-0.006,0.026,-0.505,0.35,0.521,0.317,0.708,0.612,0.684,0.709,0.256,-0.22,0.534,0.092,0.082,-0.521,0.554,-0.694,-0.229,0.267,0.451,0.472,-0.204,0.378,0.428,-0.558,-0.533,0.437,0.135,0.126,0.078,0.197,0.263,0.036,-0.714,-0.095,0.615,0.495,-0.354,-0.027,0.469,-0.476,0.803,0.758,0.472,0.809,0.733,0.261,0.482,0.68,-0.386,-0.086,-0.386,0.653,-0.27,-0.327,-0.112,-0.097,-0.09,0.086,0.841,-0.462,0.83,0.618,-0.651,0.075,0.63,0.577,-0.314,-0.331,0.63,-0.269,-0.505,0.088,-0.524,0.714,-0.111,0.681,0.33,-0.574,0.075,0.716,0.42,-0.178,0.352,0.033,0.374,0.535,0.634,-0.129,-0.112,0.534,0.622,-0.377,-0.279,0.106,-0.099,-0.067,0.798,-0.481,0.664,-0.118,0.78,0.054,-0.031,-0.029,0.013,-0.231,0.03,-0.342,0.729,-0.178,0.326,0.123,-0.011,0.049,-0.138,0.096,-0.109,-0.415,-0.543,0.185,-0.098,0.446,0.051,-0.111,0.496,0.451,-0.197,-0.598,-0.233,0.18,-0.168,-0.713,-0.304,-0.189,-0.156,0.285,-0.112,-0.175,0.612,-0.301,0.211,-0.307,-0.491,0.552,0.269,-0.463,0.338,-0.44,-0.284,0.389,0.008,-0.113,0.765,-0.382,0.338,-0.129,0.701,0.361,-0.111,-0.161,0.698,-0.334,-0.323,0.621,-0.047,-0.524,-0.315,0.134,-0.201,0.743,-0.525,0.088,0.224,-0.41,-0.312,-0.069,-0.411,0.443,0.611,0.588
APA,-0.165,0.859,0.436,0.458,0.172,0.756,0.86,0.799,0.278,-0.24,0.0,0.827,0.611,0.709,0.907,0.563,0.632,0.069,0.077,0.383,0.827,0.43,0.358,0.348,-0.239,0.184,-0.356,-0.166,0.651,0.916,0.172,0.567,0.313,0.502,-0.269,0.641,0.639,0.588,0.41,0.378,0.812,-0.323,0.453,0.735,0.57,0.102,-0.052,0.216,-0.158,0.5,0.43,0.808,0.403,0.803,-0.193,-0.034,0.816,0.806,0.166,0.812,-0.275,-0.439,0.454,-0.085,-0.414,0.696,0.258,0.121,0.413,0.3,0.385,-0.519,0.759,0.612,0.736,0.547,0.394,0.666,-0.34,0.32,-0.358,0.336,0.688,0.691,0.303,-0.6,0.753,0.942,-0.155,0.591,0.736,0.73,0.457,-0.206,0.859,-0.311,0.722,0.674,0.378,-0.138,0.639,0.608,0.671,0.715,0.496,0.133,0.04,0.09,0.365,0.279,-0.372,0.813,0.829,0.344,0.866,0.85,-0.541,0.771,0.015,0.686,-0.177,0.729,0.822,0.792,0.749,0.894,0.812,0.708,-0.137,0.787,0.576,0.711,0.859,0.649,0.816,0.545,0.585,0.853,0.378,-0.07,0.197,0.018,0.791,0.733,-0.669,0.092,0.721,0.733,0.519,0.46,0.068,0.513,0.784,0.903,0.882,0.632,-0.172,0.783,0.351,0.915,0.687,0.35,0.51,0.316,-0.196,0.359,0.463,0.58,0.854,0.07,0.35,0.941,-0.333,0.787,0.528,0.915,-0.509,0.333,0.877,0.738,0.001,0.73,0.401,-0.454,0.862,0.639,0.898,-0.369,0.859,-0.241,0.819,0.582,0.602,0.901,0.747,0.725,0.898,0.427,0.343,-0.356
APOG,-0.492,0.851,0.604,0.694,0.535,0.88,0.862,0.799,0.263,-0.243,0.827,0.0,0.88,0.849,0.905,0.848,0.713,-0.239,0.169,0.763,0.839,0.606,0.183,0.397,-0.472,0.125,-0.254,-0.398,0.473,0.951,0.256,0.834,0.567,0.768,-0.07,0.558,0.802,0.638,0.096,0.455,0.61,0.064,0.475,0.849,0.77,0.204,0.152,0.528,0.088,0.255,0.535,0.76,0.491,0.946,-0.392,-0.147,0.744,0.557,-0.115,0.816,-0.341,-0.461,0.095,-0.291,-0.477,0.497,0.113,0.114,0.119,0.539,0.704,-0.713,0.92,0.835,0.393,0.606,0.763,0.404,-0.436,0.605,-0.355,0.19,0.733,0.771,0.177,-0.564,0.93,0.765,-0.24,0.774,0.876,0.861,0.707,-0.06,0.927,-0.195,0.661,0.822,0.756,-0.194,0.694,0.831,0.477,0.677,0.453,0.249,-0.269,0.538,0.066,0.236,-0.107,0.906,0.927,-0.103,0.936,0.848,-0.571,0.852,0.187,0.426,-0.427,0.531,0.518,0.463,0.424,0.797,0.863,0.453,0.076,0.47,0.582,0.722,0.672,0.706,0.689,0.592,0.878,0.892,0.711,-0.254,0.597,-0.323,0.648,0.917,-0.747,0.351,0.781,0.795,0.808,0.204,0.271,0.624,0.467,0.7,0.899,0.384,-0.209,0.906,0.294,0.852,0.62,0.723,0.766,0.039,-0.125,0.602,0.64,0.735,0.64,0.364,0.701,0.84,-0.52,0.583,0.474,0.84,-0.502,-0.014,0.681,0.875,0.07,0.869,0.789,-0.663,0.576,0.837,0.922,-0.091,0.631,-0.526,0.814,0.806,0.83,0.714,0.915,0.876,0.932,0.532,0.448,-0.195
APPS,-0.571,0.705,0.581,0.633,0.752,0.889,0.784,0.612,0.396,-0.054,0.611,0.88,0.0,0.791,0.736,0.934,0.731,-0.222,0.278,0.887,0.657,0.637,0.113,0.415,-0.448,0.279,-0.078,-0.396,0.306,0.812,0.353,0.916,0.649,0.738,0.141,0.309,0.632,0.677,-0.052,0.532,0.425,0.375,0.545,0.728,0.63,0.297,0.25,0.737,0.329,0.128,0.604,0.693,0.378,0.868,-0.416,-0.069,0.529,0.318,-0.236,0.664,-0.252,-0.246,-0.057,-0.246,-0.357,0.383,0.131,0.18,-0.177,0.699,0.783,-0.628,0.87,0.801,0.063,0.677,0.841,0.22,-0.302,0.691,-0.227,0.207,0.565,0.754,0.217,-0.395,0.84,0.537,-0.25,0.757,0.778,0.84,0.716,0.165,0.83,0.072,0.575,0.719,0.856,-0.067,0.727,0.814,0.337,0.6,0.391,0.351,-0.348,0.718,-0.112,0.209,0.194,0.797,0.848,-0.379,0.834,0.757,-0.345,0.73,0.37,0.234,-0.309,0.342,0.288,0.228,0.222,0.581,0.813,0.164,0.384,0.169,0.592,0.7,0.451,0.752,0.471,0.578,0.951,0.738,0.735,-0.338,0.741,-0.445,0.46,0.851,-0.616,0.586,0.69,0.638,0.892,0.08,0.25,0.531,0.145,0.444,0.777,0.255,-0.316,0.886,0.347,0.614,0.578,0.824,0.74,-0.056,0.111,0.609,0.776,0.676,0.34,0.48,0.779,0.672,-0.453,0.345,0.49,0.686,-0.32,-0.142,0.429,0.792,0.255,0.833,0.864,-0.612,0.296,0.797,0.757,0.24,0.366,-0.485,0.6,0.872,0.885,0.432,0.841,0.862,0.754,0.636,0.568,0.078
ARCB,-0.408,0.775,0.522,0.728,0.466,0.775,0.851,0.803,0.122,-0.277,0.709,0.849,0.791,0.0,0.814,0.73,0.543,-0.404,0.095,0.609,0.697,0.521,0.089,0.452,-0.379,0.006,-0.285,-0.325,0.452,0.857,0.374,0.801,0.761,0.779,-0.05,0.562,0.782,0.459,-0.019,0.227,0.557,0.018,0.266,0.733,0.667,0.03,-0.085,0.46,0.278,0.408,0.257,0.718,0.487,0.709,-0.296,-0.306,0.518,0.476,0.0,0.825,-0.28,-0.469,-0.077,-0.239,-0.475,0.368,0.146,0.087,0.261,0.468,0.643,-0.679,0.817,0.878,0.314,0.413,0.854,0.438,-0.496,0.552,-0.454,0.091,0.64,0.48,0.077,-0.631,0.818,0.739,-0.103,0.757,0.788,0.802,0.575,0.013,0.721,-0.273,0.534,0.7,0.742,-0.086,0.571,0.79,0.436,0.374,0.404,0.317,-0.26,0.425,0.328,0.272,-0.081,0.837,0.905,-0.159,0.847,0.819,-0.537,0.827,0.224,0.535,-0.449,0.263,0.305,0.273,0.228,0.726,0.863,0.427,0.041,0.345,0.497,0.756,0.575,0.689,0.48,0.364,0.754,0.721,0.744,0.051,0.556,-0.206,0.69,0.823,-0.712,0.28,0.451,0.714,0.753,0.019,0.012,0.623,0.393,0.656,0.706,0.264,0.137,0.843,0.328,0.739,0.448,0.601,0.759,0.076,0.111,0.422,0.46,0.61,0.55,0.484,0.817,0.747,-0.471,0.412,0.595,0.732,-0.52,0.143,0.659,0.833,0.173,0.752,0.781,-0.545,0.427,0.762,0.783,-0.194,0.452,-0.55,0.647,0.732,0.641,0.554,0.793,0.813,0.797,0.5,0.352,-0.184
ARCC,-0.283,0.931,0.593,0.543,0.306,0.826,0.861,0.872,0.223,-0.262,0.907,0.905,0.736,0.814,0.0,0.701,0.615,-0.126,0.07,0.547,0.871,0.598,0.394,0.378,-0.344,0.038,-0.358,-0.252,0.617,0.955,0.238,0.721,0.432,0.617,-0.281,0.684,0.775,0.697,0.292,0.476,0.787,-0.202,0.495,0.792,0.653,0.071,-0.002,0.326,-0.12,0.509,0.448,0.808,0.46,0.882,-0.31,-0.155,0.785,0.694,0.115,0.875,-0.26,-0.513,0.229,-0.169,-0.521,0.556,0.124,0.065,0.346,0.349,0.541,-0.664,0.829,0.68,0.615,0.578,0.612,0.622,-0.46,0.405,-0.359,0.236,0.756,0.665,0.185,-0.702,0.89,0.912,-0.152,0.657,0.829,0.855,0.57,-0.114,0.911,-0.357,0.739,0.762,0.565,-0.204,0.678,0.789,0.643,0.691,0.447,0.196,-0.072,0.227,0.262,0.264,-0.269,0.891,0.912,0.111,0.9,0.857,-0.601,0.825,0.105,0.673,-0.328,0.691,0.656,0.68,0.629,0.872,0.867,0.587,-0.072,0.645,0.571,0.734,0.812,0.696,0.724,0.658,0.724,0.877,0.573,-0.07,0.393,-0.124,0.798,0.894,-0.784,0.164,0.672,0.809,0.685,0.291,0.187,0.609,0.68,0.856,0.938,0.579,-0.135,0.898,0.361,0.924,0.639,0.535,0.657,0.217,-0.129,0.431,0.482,0.761,0.771,0.227,0.605,0.939,-0.452,0.663,0.5,0.92,-0.53,0.174,0.835,0.887,0.016,0.76,0.621,-0.572,0.734,0.759,0.93,-0.338,0.764,-0.4,0.872,0.735,0.716,0.819,0.811,0.768,0.949,0.472,0.411,-0.324
ARVN,-0.623,0.701,0.696,0.604,0.781,0.887,0.714,0.54,0.496,-0.04,0.563,0.848,0.934,0.73,0.701,0.0,0.636,-0.199,0.215,0.877,0.669,0.6,0.099,0.377,-0.504,0.302,-0.037,-0.422,0.229,0.777,0.254,0.918,0.549,0.751,0.084,0.287,0.636,0.691,-0.003,0.568,0.368,0.445,0.618,0.743,0.587,0.168,0.295,0.753,0.401,0.069,0.665,0.719,0.395,0.862,-0.45,-0.081,0.585,0.315,-0.29,0.637,-0.281,-0.246,-0.092,-0.258,-0.416,0.347,0.099,0.12,-0.264,0.681,0.789,-0.664,0.846,0.751,0.042,0.668,0.801,0.133,-0.328,0.704,-0.238,0.202,0.576,0.77,0.207,-0.366,0.847,0.492,-0.321,0.661,0.786,0.824,0.744,0.11,0.818,0.078,0.517,0.732,0.813,-0.138,0.728,0.798,0.322,0.656,0.358,0.298,-0.395,0.694,-0.162,0.09,0.23,0.826,0.816,-0.413,0.827,0.665,-0.364,0.674,0.318,0.248,-0.289,0.376,0.311,0.241,0.259,0.527,0.732,0.118,0.393,0.137,0.592,0.691,0.444,0.707,0.377,0.683,0.934,0.739,0.719,-0.447,0.73,-0.53,0.43,0.809,-0.678,0.579,0.705,0.656,0.917,0.049,0.344,0.581,0.085,0.359,0.779,0.33,-0.373,0.875,0.315,0.589,0.604,0.857,0.724,-0.093,0.073,0.637,0.761,0.717,0.341,0.379,0.771,0.659,-0.467,0.361,0.461,0.669,-0.344,-0.247,0.393,0.816,0.237,0.809,0.863,-0.689,0.273,0.784,0.742,0.301,0.345,-0.45,0.602,0.844,0.873,0.421,0.776,0.852,0.732,0.593,0.62,0.125
ATEC,-0.127,0.599,0.151,0.232,0.496,0.764,0.704,0.528,0.526,0.173,0.632,0.713,0.731,0.543,0.615,0.636,0.0,0.136,0.154,0.714,0.386,0.528,0.26,0.484,0.012,0.562,0.108,0.044,0.61,0.732,0.558,0.697,0.482,0.302,0.392,0.02,0.408,0.599,0.202,0.589,0.571,0.162,0.508,0.39,0.31,0.714,0.297,0.466,0.039,0.255,0.694,0.587,-0.057,0.787,-0.047,0.218,0.442,0.446,0.14,0.4,0.08,0.107,0.428,0.136,0.101,0.653,0.397,0.598,-0.138,0.556,0.313,-0.154,0.751,0.539,0.233,0.649,0.515,0.328,0.119,0.33,0.146,0.568,0.22,0.843,0.572,-0.157,0.556,0.506,0.033,0.692,0.454,0.764,0.335,0.306,0.792,0.237,0.759,0.365,0.688,0.31,0.788,0.54,0.537,0.545,0.607,0.537,0.095,0.507,-0.043,0.556,0.146,0.499,0.569,-0.054,0.714,0.691,-0.036,0.506,0.52,0.161,0.005,0.464,0.375,0.386,0.399,0.586,0.745,0.176,0.472,0.271,0.705,0.577,0.534,0.697,0.624,0.411,0.7,0.563,0.24,-0.131,0.561,0.024,0.457,0.673,-0.28,0.669,0.617,0.286,0.538,0.327,-0.009,0.059,0.26,0.589,0.712,0.313,-0.466,0.628,0.507,0.501,0.682,0.433,0.326,0.263,0.014,0.267,0.83,0.304,0.337,0.509,0.459,0.621,-0.009,0.259,0.548,0.639,-0.01,0.221,0.479,0.491,0.378,0.615,0.453,-0.158,0.428,0.446,0.613,0.078,0.432,-0.04,0.379,0.698,0.835,0.38,0.625,0.615,0.581,0.739,0.587,0.155
ATXS,0.422,-0.061,-0.157,-0.548,-0.265,-0.039,-0.132,-0.139,0.373,0.483,0.069,-0.239,-0.222,-0.404,-0.126,-0.199,0.136,0.0,0.075,-0.273,-0.155,-0.014,0.372,-0.101,0.413,0.531,0.164,0.399,0.196,-0.157,-0.059,-0.221,-0.473,-0.529,-0.01,-0.245,-0.392,0.248,0.449,0.3,0.116,-0.153,0.313,-0.299,-0.451,0.227,0.098,-0.092,-0.398,0.061,0.346,0.032,-0.418,-0.027,0.356,0.638,0.032,0.123,0.283,-0.226,0.333,0.363,0.613,0.475,0.382,0.375,0.205,0.243,-0.144,-0.035,-0.404,0.488,-0.184,-0.465,0.167,0.16,-0.535,0.241,0.521,-0.442,0.41,0.385,-0.289,0.128,0.439,0.339,-0.275,-0.064,0.158,-0.346,-0.309,-0.133,-0.308,0.141,-0.018,0.302,0.267,-0.281,-0.408,0.207,0.198,-0.305,0.304,0.339,0.069,-0.021,0.459,-0.292,-0.183,0.102,0.009,-0.283,-0.279,0.385,-0.141,-0.072,0.361,-0.307,0.074,-0.029,0.635,0.44,0.351,0.391,0.429,-0.134,-0.088,0.014,0.238,0.209,0.158,-0.14,0.12,0.065,0.273,0.095,-0.259,-0.154,-0.57,-0.094,-0.425,0.344,-0.036,-0.157,0.384,-0.062,0.145,-0.319,-0.313,0.372,0.038,-0.426,0.125,-0.005,0.014,0.478,-0.371,-0.144,0.195,-0.099,0.223,-0.345,-0.468,0.36,-0.147,-0.211,0.073,-0.229,0.003,-0.312,-0.469,0.005,0.431,0.1,-0.043,0.026,0.383,0.226,0.008,-0.304,0.063,-0.181,-0.528,0.391,0.245,-0.36,-0.111,0.077,0.141,0.642,-0.124,-0.193,0.003,0.022,-0.261,-0.203,-0.165,0.12,0.23,0.111
AVAV,-0.379,0.06,0.161,0.304,0.23,0.15,0.095,0.064,-0.002,-0.006,0.077,0.169,0.278,0.095,0.07,0.215,0.154,0.075,0.0,0.133,0.246,0.168,-0.103,-0.167,-0.31,0.169,-0.244,-0.325,-0.231,0.11,-0.204,0.169,-0.009,0.266,-0.167,0.203,0.055,0.205,-0.22,0.112,-0.009,0.22,0.059,0.318,0.251,0.028,0.31,0.469,0.074,-0.347,0.25,0.041,0.312,0.168,-0.356,0.052,0.235,-0.217,-0.428,0.234,-0.312,-0.184,-0.06,-0.277,-0.206,0.133,-0.161,-0.164,0.037,0.465,0.367,-0.253,0.156,0.26,-0.157,0.286,0.085,0.083,-0.033,0.382,-0.217,-0.186,0.312,0.142,-0.11,0.082,0.194,-0.019,-0.229,0.287,0.288,0.103,0.375,-0.179,0.113,0.107,0.044,0.348,0.086,-0.173,0.043,0.065,-0.209,0.366,0.026,-0.297,-0.377,0.334,-0.123,-0.237,0.098,0.149,0.169,-0.118,0.105,0.181,-0.196,0.281,-0.16,-0.221,-0.13,0.085,0.09,0.051,0.04,-0.059,0.068,0.15,0.116,0.119,0.031,-0.031,-0.06,0.12,0.287,0.061,0.293,0.271,0.281,-0.351,0.119,-0.35,-0.121,0.163,0.073,0.067,0.36,0.264,0.276,-0.051,0.287,0.252,-0.001,-0.096,0.1,-0.08,-0.162,0.224,-0.197,0.173,-0.068,0.33,0.325,-0.304,-0.184,0.497,0.091,0.219,0.017,-0.181,-0.009,0.008,-0.33,0.243,-0.117,0.099,-0.102,-0.299,-0.078,0.015,-0.264,0.3,0.183,-0.271,-0.009,0.328,0.122,0.382,0.011,-0.218,0.225,0.129,0.178,0.152,0.296,0.241,0.225,0.008,0.115,-0.098
AXON,-0.508,0.506,0.401,0.475,0.784,0.749,0.616,0.409,0.387,0.026,0.383,0.763,0.887,0.609,0.547,0.877,0.714,-0.273,0.133,0.0,0.456,0.575,0.03,0.357,-0.358,0.268,0.163,-0.3,0.236,0.65,0.417,0.835,0.599,0.58,0.353,0.053,0.522,0.553,-0.098,0.539,0.225,0.524,0.497,0.532,0.501,0.459,0.358,0.701,0.333,-0.032,0.613,0.539,0.242,0.778,-0.36,-0.014,0.364,0.192,-0.233,0.407,-0.173,-0.054,-0.13,-0.202,-0.17,0.261,0.159,0.321,-0.398,0.624,0.71,-0.469,0.74,0.67,-0.097,0.556,0.776,-0.031,-0.156,0.655,-0.031,0.24,0.338,0.753,0.269,-0.231,0.675,0.314,-0.19,0.676,0.59,0.742,0.598,0.258,0.746,0.241,0.481,0.547,0.869,0.06,0.641,0.759,0.23,0.47,0.318,0.441,-0.326,0.797,-0.331,0.254,0.32,0.613,0.649,-0.482,0.672,0.576,-0.16,0.517,0.482,0.004,-0.285,0.208,0.095,0.028,0.039,0.433,0.642,-0.069,0.466,-0.041,0.54,0.57,0.261,0.551,0.272,0.506,0.898,0.56,0.615,-0.369,0.836,-0.454,0.259,0.722,-0.486,0.711,0.589,0.435,0.782,0.047,0.242,0.328,-0.048,0.267,0.65,0.067,-0.399,0.706,0.332,0.394,0.522,0.79,0.585,-0.117,0.132,0.528,0.816,0.544,0.169,0.567,0.747,0.471,-0.317,0.14,0.382,0.495,-0.115,-0.243,0.224,0.626,0.329,0.669,0.823,-0.502,0.112,0.627,0.588,0.321,0.228,-0.391,0.393,0.836,0.857,0.212,0.7,0.717,0.556,0.629,0.567,0.164
BANF,-0.547,0.782,0.697,0.732,0.327,0.659,0.691,0.772,0.072,-0.505,0.827,0.839,0.657,0.697,0.871,0.669,0.386,-0.155,0.246,0.456,0.0,0.403,0.128,0.05,-0.663,-0.096,-0.557,-0.559,0.255,0.835,-0.155,0.566,0.224,0.757,-0.524,0.855,0.701,0.564,0.086,0.3,0.649,-0.174,0.373,0.948,0.788,-0.165,0.109,0.353,-0.106,0.176,0.405,0.692,0.77,0.787,-0.592,-0.215,0.894,0.544,-0.256,0.923,-0.634,-0.72,0.002,-0.503,-0.763,0.367,-0.136,-0.291,0.361,0.439,0.718,-0.836,0.769,0.68,0.511,0.606,0.466,0.427,-0.658,0.619,-0.636,-0.088,0.935,0.579,-0.063,-0.698,0.878,0.823,-0.507,0.598,0.921,0.633,0.784,-0.466,0.803,-0.434,0.46,0.941,0.373,-0.526,0.399,0.727,0.325,0.757,0.169,-0.216,-0.408,0.297,0.146,-0.147,-0.414,0.899,0.871,0.06,0.786,0.726,-0.809,0.881,-0.257,0.537,-0.501,0.642,0.661,0.62,0.57,0.721,0.636,0.659,-0.287,0.649,0.373,0.532,0.655,0.529,0.704,0.599,0.696,0.934,0.705,-0.361,0.348,-0.429,0.553,0.749,-0.797,-0.048,0.791,0.963,0.718,0.247,0.433,0.843,0.661,0.654,0.849,0.443,-0.141,0.821,-0.014,0.89,0.475,0.658,0.779,-0.094,-0.286,0.718,0.285,0.87,0.77,-0.135,0.421,0.783,-0.731,0.832,0.189,0.823,-0.656,-0.147,0.648,0.773,-0.34,0.813,0.639,-0.81,0.646,0.866,0.918,-0.147,0.746,-0.587,0.973,0.561,0.536,0.89,0.795,0.728,0.949,0.182,0.185,-0.512
BATRK,-0.048,0.648,0.458,0.237,0.465,0.646,0.631,0.562,0.442,0.35,0.43,0.606,0.637,0.521,0.598,0.6,0.528,-0.014,0.168,0.575,0.403,0.0,0.556,0.517,0.041,0.305,0.153,0.143,0.466,0.579,0.542,0.735,0.538,0.331,0.174,0.133,0.622,0.716,0.378,0.673,0.383,0.321,0.633,0.339,0.303,0.324,0.261,0.479,0.029,0.393,0.478,0.62,0.057,0.641,0.044,0.108,0.335,0.364,0.239,0.429,0.219,0.045,0.221,0.257,0.001,0.401,0.33,0.408,-0.022,0.329,0.387,-0.223,0.509,0.468,0.26,0.368,0.61,0.358,0.069,0.198,0.201,0.372,0.238,0.511,0.421,-0.16,0.607,0.404,0.241,0.407,0.399,0.777,0.265,0.356,0.614,0.243,0.744,0.338,0.656,0.259,0.743,0.65,0.585,0.518,0.529,0.49,0.147,0.295,0.05,0.452,0.308,0.498,0.597,-0.042,0.637,0.633,-0.038,0.399,0.508,0.334,0.087,0.457,0.333,0.34,0.316,0.468,0.675,0.214,0.478,0.266,0.613,0.631,0.49,0.5,0.429,0.583,0.596,0.426,0.306,0.044,0.454,-0.005,0.618,0.717,-0.269,0.48,0.396,0.333,0.529,0.214,0.261,0.139,0.242,0.412,0.587,0.477,-0.004,0.62,0.575,0.513,0.586,0.428,0.366,0.393,0.136,0.23,0.56,0.413,0.371,0.518,0.662,0.555,0.001,0.215,0.501,0.577,0.059,0.178,0.476,0.668,0.398,0.403,0.506,-0.147,0.385,0.361,0.531,-0.103,0.364,-0.025,0.362,0.703,0.738,0.323,0.491,0.634,0.484,0.652,0.715,0.103
BIDU,0.48,0.481,0.159,-0.34,-0.173,0.36,0.34,0.265,0.425,0.521,0.358,0.183,0.113,0.089,0.394,0.099,0.26,0.372,-0.103,0.03,0.128,0.556,0.0,0.377,0.475,0.257,0.248,0.55,0.614,0.295,0.375,0.237,0.012,-0.27,-0.078,0.011,0.239,0.622,0.751,0.622,0.448,-0.169,0.611,-0.046,-0.128,0.196,-0.024,0.043,-0.308,0.611,0.284,0.448,-0.287,0.292,0.371,0.234,0.23,0.515,0.64,0.131,0.533,0.169,0.63,0.601,0.191,0.5,0.372,0.408,0.185,-0.224,-0.211,0.19,0.067,-0.094,0.528,0.129,0.02,0.62,0.328,-0.378,0.524,0.56,-0.036,0.249,0.511,-0.018,0.177,0.362,0.471,-0.081,-0.001,0.435,-0.234,0.301,0.344,0.09,0.681,-0.079,0.033,0.327,0.576,0.16,0.725,0.407,0.499,0.338,0.658,-0.38,0.177,0.495,0.136,0.148,0.205,0.463,0.303,0.316,0.249,-0.004,0.341,0.519,0.531,0.589,0.534,0.636,0.628,0.367,0.368,0.281,0.214,0.447,0.443,0.412,0.508,0.264,0.323,0.546,0.072,0.158,-0.265,0.235,-0.2,0.455,0.621,0.352,-0.058,0.076,0.11,0.031,-0.014,0.462,0.021,-0.231,0.378,0.445,0.401,0.72,-0.086,0.263,0.613,0.356,0.489,-0.195,-0.174,0.682,0.013,-0.25,0.229,0.102,0.395,0.161,0.144,0.479,0.398,0.218,0.43,0.432,0.201,0.497,0.502,0.338,0.368,-0.031,-0.154,0.249,0.557,-0.103,0.248,-0.388,0.426,0.488,0.158,0.329,0.366,0.29,0.076,0.19,0.203,0.364,0.578,0.114
BLNE,0.215,0.495,0.096,0.001,0.284,0.573,0.598,0.345,0.501,0.317,0.348,0.397,0.415,0.452,0.378,0.377,0.484,-0.101,-0.167,0.357,0.05,0.517,0.377,0.0,0.367,0.457,0.462,0.373,0.611,0.461,0.716,0.61,0.636,0.166,0.491,-0.177,0.457,0.368,0.443,0.343,0.284,0.239,0.499,0.044,0.038,0.304,-0.061,0.344,0.384,0.627,0.169,0.525,-0.257,0.365,0.389,-0.158,0.083,0.516,0.504,0.107,0.467,0.312,0.334,0.518,0.267,0.45,0.674,0.614,-0.04,-0.025,-0.015,0.054,0.381,0.4,0.297,0.06,0.546,0.374,0.197,-0.053,0.285,0.697,-0.082,0.419,0.52,-0.065,0.292,0.355,0.471,0.242,0.128,0.622,-0.114,0.584,0.404,0.239,0.582,-0.038,0.566,0.543,0.697,0.37,0.62,0.11,0.688,0.809,0.422,0.05,0.258,0.706,0.408,0.347,0.381,0.072,0.562,0.46,0.234,0.126,0.697,0.445,0.276,0.064,0.191,0.221,0.233,0.541,0.64,0.046,0.478,0.177,0.63,0.714,0.473,0.415,0.078,0.379,0.345,0.179,0.039,0.421,0.262,0.381,0.655,0.398,-0.247,0.533,0.006,0.029,0.252,0.125,-0.332,-0.105,0.125,0.398,0.345,0.371,0.065,0.38,0.783,0.301,0.589,0.032,0.027,0.558,0.392,-0.208,0.577,-0.039,0.26,0.687,0.578,0.518,0.357,-0.016,0.822,0.403,0.073,0.53,0.527,0.546,0.748,0.178,0.268,0.176,0.336,0.043,0.281,-0.237,0.17,0.197,0.021,0.606,0.544,0.109,0.3,0.502,0.252,0.756,0.626,0.415
BLNK,0.928,-0.227,-0.613,-0.788,-0.422,-0.253,-0.13,-0.294,0.211,0.708,-0.239,-0.472,-0.448,-0.379,-0.344,-0.504,0.012,0.413,-0.31,-0.358,-0.663,0.041,0.475,0.367,0.0,0.362,0.633,0.958,0.431,-0.334,0.562,-0.275,-0.019,-0.782,0.492,-0.642,-0.311,-0.114,0.582,0.091,-0.111,-0.082,0.078,-0.792,-0.704,0.371,-0.189,-0.317,-0.132,0.459,-0.196,-0.115,-0.795,-0.404,0.888,0.321,-0.482,0.15,0.838,-0.591,0.85,0.757,0.608,0.933,0.856,0.277,0.63,0.711,0.015,-0.543,-0.806,0.88,-0.495,-0.492,0.193,-0.445,-0.361,0.227,0.823,-0.77,0.774,0.641,-0.791,-0.188,0.579,0.478,-0.591,-0.224,0.846,-0.417,-0.752,-0.138,-0.904,0.569,-0.319,0.433,0.228,-0.83,-0.246,0.829,0.123,-0.411,0.418,-0.324,0.348,0.547,0.919,-0.57,0.226,0.679,0.312,-0.563,-0.483,0.493,-0.288,-0.165,0.803,-0.638,0.523,0.063,0.787,-0.086,-0.036,0.035,0.051,-0.1,-0.099,-0.147,0.324,0.015,0.198,0.015,0.036,-0.231,-0.211,-0.207,-0.509,-0.596,-0.836,0.672,-0.436,0.895,0.142,-0.377,0.585,0.14,-0.556,-0.747,-0.652,0.225,-0.573,-0.878,-0.024,-0.005,-0.34,0.168,0.182,-0.462,0.587,-0.336,0.109,-0.782,-0.789,0.75,0.252,-0.841,0.006,-0.75,-0.141,0.297,-0.248,-0.16,0.968,-0.394,0.351,-0.224,0.683,0.743,0.049,-0.374,0.606,-0.618,-0.669,0.932,0.078,-0.81,-0.461,-0.362,-0.133,0.886,-0.651,-0.199,-0.181,-0.37,-0.533,-0.353,-0.542,0.259,0.262,0.326
BTAI,0.183,0.202,-0.035,-0.214,0.409,0.39,0.286,-0.001,0.797,0.612,0.184,0.125,0.279,0.006,0.038,0.302,0.562,0.531,0.169,0.268,-0.096,0.305,0.257,0.457,0.362,0.0,0.42,0.368,0.287,0.18,0.442,0.36,0.19,-0.1,0.536,-0.448,-0.083,0.464,0.404,0.541,0.146,0.442,0.602,-0.098,-0.237,0.503,0.371,0.399,0.268,0.16,0.583,0.353,-0.39,0.265,0.311,0.482,0.082,0.227,0.203,-0.114,0.376,0.634,0.531,0.535,0.497,0.487,0.584,0.629,-0.366,0.328,-0.045,0.343,0.209,0.071,0.02,0.429,0.064,0.135,0.591,0.013,0.441,0.691,-0.252,0.56,0.7,0.396,0.032,0.028,0.214,0.113,-0.086,0.358,-0.085,0.461,0.261,0.713,0.477,-0.139,0.263,0.54,0.612,0.084,0.395,0.418,0.533,0.493,0.332,0.166,-0.05,0.399,0.487,0.055,0.076,0.045,0.283,0.249,0.491,-0.058,0.542,0.012,0.624,0.264,0.281,0.253,0.331,0.075,0.287,-0.109,0.769,0.065,0.63,0.341,0.269,0.397,0.2,0.293,0.227,0.028,-0.264,-0.12,0.187,0.21,0.159,0.091,0.237,0.652,0.264,-0.213,0.153,0.32,-0.07,-0.313,-0.083,0.059,0.215,0.417,-0.426,0.166,0.542,0.016,0.566,0.036,-0.176,0.436,0.221,-0.039,0.635,-0.176,0.013,0.243,0.069,0.216,0.452,0.015,0.467,0.241,0.414,0.301,0.106,0.074,0.548,0.155,-0.031,0.264,0.182,-0.119,0.096,0.358,0.071,0.51,-0.159,0.308,0.471,-0.023,0.05,0.3,-0.001,0.657,0.653,0.507
BYND,0.431,-0.231,-0.341,-0.517,0.096,-0.022,-0.119,-0.361,0.418,0.684,-0.356,-0.254,-0.078,-0.285,-0.358,-0.037,0.108,0.164,-0.244,0.163,-0.557,0.153,0.248,0.462,0.633,0.42,0.0,0.614,0.167,-0.259,0.524,0.066,0.16,-0.431,0.686,-0.773,-0.125,0.01,0.345,0.241,-0.353,0.487,0.337,-0.561,-0.433,0.457,0.169,0.185,0.298,0.072,0.088,-0.015,-0.564,-0.18,0.574,0.154,-0.398,0.015,0.415,-0.625,0.648,0.769,0.198,0.67,0.714,0.099,0.57,0.668,-0.478,-0.252,-0.358,0.608,-0.226,-0.218,-0.171,-0.264,-0.013,-0.178,0.675,-0.302,0.764,0.589,-0.699,0.087,0.639,0.516,-0.354,-0.371,0.531,-0.286,-0.521,-0.003,-0.499,0.653,-0.131,0.66,0.144,-0.58,0.11,0.697,0.255,-0.135,0.192,-0.186,0.21,0.605,0.487,-0.025,-0.264,0.5,0.685,-0.365,-0.354,0.034,-0.126,-0.194,0.778,-0.573,0.671,-0.16,0.593,-0.252,-0.199,-0.24,-0.188,-0.138,-0.061,-0.4,0.568,-0.291,0.296,0.124,-0.115,-0.174,-0.406,0.053,-0.085,-0.426,-0.462,0.233,0.042,0.384,-0.044,-0.213,0.34,0.481,-0.323,-0.578,-0.225,0.102,-0.215,-0.65,-0.373,-0.266,-0.228,0.006,-0.033,-0.297,0.512,-0.397,0.227,-0.27,-0.547,0.377,0.332,-0.395,0.319,-0.488,-0.288,0.446,0.089,-0.216,0.734,-0.424,0.338,-0.256,0.685,0.234,-0.204,-0.159,0.73,-0.393,-0.202,0.565,-0.174,-0.556,-0.349,0.11,-0.262,0.626,-0.607,0.147,0.136,-0.491,-0.293,-0.062,-0.461,0.41,0.508,0.603
CAN,0.918,-0.134,-0.495,-0.741,-0.357,-0.199,-0.056,-0.216,0.298,0.709,-0.166,-0.398,-0.396,-0.325,-0.252,-0.422,0.044,0.399,-0.325,-0.3,-0.559,0.143,0.55,0.373,0.958,0.368,0.614,0.0,0.472,-0.244,0.6,-0.189,0.014,-0.723,0.44,-0.564,-0.197,0.003,0.673,0.182,-0.004,-0.066,0.18,-0.707,-0.661,0.384,-0.099,-0.288,-0.145,0.51,-0.125,0.009,-0.71,-0.331,0.842,0.298,-0.364,0.219,0.853,-0.499,0.815,0.734,0.618,0.934,0.802,0.32,0.664,0.736,0.07,-0.532,-0.733,0.823,-0.442,-0.432,0.281,-0.354,-0.319,0.227,0.784,-0.708,0.763,0.657,-0.708,-0.113,0.639,0.432,-0.495,-0.127,0.801,-0.366,-0.669,-0.051,-0.838,0.504,-0.226,0.435,0.314,-0.742,-0.205,0.841,0.195,-0.32,0.492,-0.209,0.404,0.526,0.92,-0.58,0.291,0.669,0.291,-0.46,-0.377,0.538,-0.193,-0.099,0.742,-0.543,0.516,0.163,0.791,0.03,0.075,0.137,0.149,-0.032,-0.053,-0.039,0.324,0.104,0.289,0.111,0.119,-0.226,-0.155,-0.07,-0.434,-0.501,-0.793,0.638,-0.365,0.866,0.233,-0.312,0.522,0.179,-0.49,-0.641,-0.569,0.31,-0.5,-0.809,0.055,0.074,-0.228,0.27,0.187,-0.383,0.622,-0.235,0.196,-0.718,-0.721,0.811,0.223,-0.781,0.039,-0.651,-0.014,0.27,-0.185,-0.076,0.938,-0.281,0.385,-0.108,0.667,0.745,0.119,-0.277,0.599,-0.545,-0.599,0.877,0.173,-0.747,-0.349,-0.397,-0.036,0.882,-0.568,-0.14,-0.106,-0.26,-0.488,-0.269,-0.462,0.281,0.359,0.282
CCEC,0.434,0.653,0.022,-0.127,-0.098,0.559,0.675,0.561,0.343,0.256,0.651,0.473,0.306,0.452,0.617,0.229,0.61,0.196,-0.231,0.236,0.255,0.466,0.614,0.611,0.431,0.287,0.167,0.472,0.0,0.619,0.659,0.438,0.362,-0.046,0.139,0.099,0.452,0.461,0.646,0.434,0.608,-0.306,0.452,0.097,0.056,0.416,-0.119,0.039,-0.197,0.79,0.25,0.586,-0.209,0.5,0.4,0.064,0.359,0.76,0.744,0.294,0.406,0.09,0.677,0.536,0.189,0.702,0.579,0.59,0.278,-0.108,-0.169,0.074,0.401,0.231,0.693,0.198,0.277,0.735,0.171,-0.236,0.241,0.727,0.044,0.478,0.603,-0.328,0.326,0.652,0.492,0.299,0.181,0.642,-0.168,0.32,0.593,-0.051,0.825,0.032,0.331,0.408,0.687,0.367,0.878,0.345,0.629,0.587,0.637,-0.227,0.405,0.783,-0.065,0.357,0.436,0.479,0.584,0.627,0.047,0.247,0.497,0.654,0.271,0.563,0.554,0.602,0.573,0.74,0.713,0.401,0.138,0.56,0.649,0.679,0.754,0.472,0.472,0.378,0.256,0.343,-0.127,0.46,0.007,0.582,0.796,0.503,-0.3,0.247,0.189,0.134,0.089,0.459,-0.369,-0.149,0.58,0.801,0.588,0.628,-0.027,0.448,0.775,0.554,0.66,-0.129,-0.051,0.722,-0.004,-0.298,0.458,0.102,0.591,0.446,0.345,0.725,0.331,0.287,0.704,0.662,0.027,0.716,0.78,0.49,0.503,0.227,0.042,0.191,0.707,0.069,0.489,-0.611,0.582,0.283,0.281,0.487,0.509,0.44,0.309,0.419,0.44,0.623,0.526,-0.034
CDW,-0.338,0.909,0.537,0.593,0.437,0.886,0.925,0.828,0.328,-0.22,0.916,0.951,0.812,0.857,0.955,0.777,0.732,-0.157,0.11,0.65,0.835,0.579,0.295,0.461,-0.334,0.18,-0.259,-0.244,0.619,0.0,0.33,0.801,0.543,0.675,-0.115,0.579,0.78,0.667,0.262,0.478,0.744,-0.069,0.51,0.805,0.666,0.193,0.081,0.445,0.05,0.444,0.5,0.844,0.45,0.907,-0.302,-0.148,0.785,0.699,0.068,0.839,-0.277,-0.411,0.246,-0.157,-0.44,0.629,0.248,0.188,0.263,0.438,0.58,-0.639,0.893,0.782,0.555,0.609,0.683,0.551,-0.391,0.511,-0.346,0.325,0.709,0.782,0.278,-0.627,0.884,0.89,-0.167,0.761,0.836,0.896,0.591,-0.081,0.943,-0.219,0.737,0.757,0.666,-0.098,0.73,0.792,0.615,0.687,0.544,0.274,-0.105,0.34,0.261,0.32,-0.177,0.911,0.937,0.078,0.962,0.895,-0.532,0.844,0.183,0.611,-0.31,0.622,0.643,0.62,0.585,0.897,0.902,0.571,0.033,0.609,0.664,0.805,0.802,0.716,0.704,0.627,0.805,0.895,0.584,-0.115,0.494,-0.15,0.773,0.871,-0.756,0.331,0.722,0.782,0.738,0.31,0.115,0.577,0.601,0.83,0.941,0.515,-0.194,0.905,0.406,0.911,0.709,0.579,0.67,0.208,-0.109,0.463,0.618,0.687,0.756,0.31,0.642,0.935,-0.411,0.656,0.601,0.933,-0.497,0.184,0.811,0.878,0.124,0.838,0.67,-0.565,0.713,0.772,0.938,-0.236,0.735,-0.385,0.809,0.785,0.786,0.788,0.859,0.859,0.942,0.565,0.49,-0.234
CDXS,0.414,0.307,-0.159,-0.139,0.27,0.385,0.517,0.29,0.386,0.534,0.172,0.256,0.353,0.374,0.238,0.254,0.558,-0.059,-0.204,0.417,-0.155,0.542,0.375,0.716,0.562,0.442,0.524,0.6,0.659,0.33,0.0,0.533,0.71,-0.059,0.685,-0.363,0.299,0.307,0.361,0.387,0.209,0.269,0.358,-0.199,-0.118,0.6,0.023,0.245,0.236,0.612,0.15,0.377,-0.39,0.249,0.506,0.101,-0.146,0.32,0.621,-0.018,0.598,0.518,0.326,0.645,0.532,0.381,0.682,0.836,-0.098,0.041,-0.095,0.303,0.233,0.253,0.165,0.033,0.475,0.291,0.423,-0.123,0.474,0.682,-0.332,0.331,0.624,0.027,0.113,0.199,0.622,0.323,-0.108,0.565,-0.294,0.7,0.308,0.431,0.617,-0.237,0.6,0.797,0.617,0.363,0.576,-0.022,0.596,0.879,0.538,0.082,0.278,0.861,0.439,0.105,0.255,0.042,0.384,0.442,0.438,0.029,0.868,0.268,0.343,0.034,0.0,0.017,0.012,0.357,0.572,-0.063,0.592,0.022,0.65,0.617,0.333,0.313,0.035,0.146,0.285,-0.05,-0.111,0.547,0.354,0.483,0.487,0.297,0.035,0.661,-0.145,-0.219,0.128,0.14,-0.45,-0.383,0.034,0.356,0.235,0.193,0.12,0.239,0.837,0.117,0.462,-0.051,-0.098,0.645,0.4,-0.387,0.573,-0.172,0.095,0.827,0.541,0.316,0.53,-0.237,0.715,0.313,0.409,0.612,0.335,0.302,0.835,0.059,0.19,0.413,0.182,-0.117,0.16,-0.253,0.062,0.325,-0.202,0.521,0.504,-0.1,0.108,0.357,0.043,0.769,0.632,0.333
