,ABEO,ACHC,AGNCN,AKAM,AKRO,ALRM,AMAT,AMED,AMRN,ANGI,APA,APOG,APPS,ARCB,ARCC,ARVN,ATEC,ATXS,AVAV,AXON,BANF,BATRK,BIDU,BLNE,BLNK,BTAI,BYND,CAN,CCEC,CDW,CDXS,CELH,CGNX,CHKP,CHRS,CHRW,CIGI,CKPT,CMPR,COGT,CRNC,CRSP,CSTL,CTSH,CVGW,DGLY,DNLI,DOCU,DVAX,EBAY,EHTH,ERII,ESLT,EXPE,EXPO,FBIOP,FFBC,FFIN,FOXF,FWRD,GDS,GERN,GPRE,GRWG,GRYP,HEES,HELE,HIVE,HON,HRTX,HSTM,HURA,IART,IBKR,IBOC,IBRX,IDXX,INGN,INM,INVA,IQ,IRBT,KDP,KPTI,KTOS,KXIN,LAMR,LFUS,LGIH,LGMK,LKFN,LNW,LOPE,LPSN,LYFT,MGNX,MLCO,MNST,MODV,MSTR,MTCH,MYGN,MYRG,NCMI,NEXT,NFLX,NIU,NKTR,NRC,NTNX,NTRA,NVEE,NVMI,NWL,NWS,NXPI,OCGN,OCSL,OKTA,OLLI,OTLK,OXLC,PAA,PARA,PARAA,PDCO,PDFS,PFG,PGEN,PNFP,PODD,POWI,PSMT,PTC,PTEN,PVLA,RDNT,RDUS,RDWR,REGN,RNAC,ROCK,ROST,RRR,RSLS,RVMD,RYAAY,SAFT,SAGE,SAVA,SBGI,SFM,SFNC,SHYF,SIBN,SIFY,SIGI,SIMO,SITM,SLM,SNBR,SNDX,SNY,SPNS,SRRK,STRA,SUPN,SYRE,TCBK,TEAM,TECH,THRM,TLRY,TRMK,TROW,TSLA,TWST,TXN,UFPI,UNIT,UPWK,USLM,UTHR,VERB,VLY,VRNA,VRRM,VXRT,WAFD,WATT,WBA,WING,WIX,WTFC,WTW,XPEL,XRX,YMAB,ZG,ZLAB
ABEO,0.0,-0.042,-0.357,0.14,0.031,0.551,-0.261,0.725,0.415,0.563,-0.322,-0.094,0.085,0.152,0.208,0.321,0.367,0.426,0.265,-0.289,-0.331,-0.193,-0.394,0.356,0.593,-0.12,0.563,0.139,-0.482,-0.224,0.067,-0.163,-0.19,0.159,0.578,0.161,0.198,0.575,-0.266,0.605,0.271,0.083,0.682,0.509,-0.394,-0.051,0.267,0.367,-0.394,-0.212,-0.195,0.771,0.595,0.116,-0.337,-0.405,0.292,0.541,-0.29,-0.126,-0.233,0.249,-0.381,-0.271,0.53,-0.435,0.231,0.513,-0.44,0.635,-0.047,0.351,-0.056,0.133,-0.359,0.324,-0.059,0.259,0.279,0.636,-0.266,0.518,0.281,-0.116,0.462,0.053,0.005,-0.153,0.179,0.533,0.311,-0.231,-0.326,0.071,0.559,-0.381,-0.376,-0.484,0.809,0.297,0.153,0.145,-0.332,-0.102,0.217,0.273,-0.421,0.359,0.533,0.139,0.418,0.145,-0.441,0.478,-0.074,-0.306,0.585,-0.439,0.717,0.101,0.588,0.139,-0.338,0.174,0.17,-0.352,-0.194,-0.16,-0.144,0.106,-0.635,-0.22,-0.492,-0.318,-0.086,0.455,0.525,-0.249,0.538,0.353,0.373,0.474,-0.213,-0.13,0.461,0.146,-0.307,-0.201,0.418,0.257,0.055,-0.222,0.248,-0.202,0.497,0.424,0.518,-0.474,-0.028,0.106,-0.031,0.426,-0.355,0.517,0.509,-0.617,0.048,-0.189,0.401,0.755,-0.244,-0.395,0.105,0.023,-0.083,0.53,0.437,-0.23,-0.14,0.533,0.445,-0.444,-0.759,0.551,-0.144,0.482,0.585,0.623,0.42,0.529,-0.338,0.117,0.294,0.282,-0.341,0.425,0.004,0.059,-0.292,-0.386
ACHC,-0.042,0.0,0.587,0.754,0.548,-0.638,0.64,0.148,-0.444,0.103,-0.269,0.884,0.51,0.563,0.378,-0.46,0.023,-0.216,0.597,0.701,0.774,0.743,0.557,-0.438,-0.193,0.577,-0.445,-0.726,-0.292,0.819,-0.424,0.642,0.424,0.841,-0.689,0.712,0.547,-0.594,0.512,-0.419,-0.179,0.222,-0.381,0.558,0.651,-0.446,0.198,0.126,0.369,0.605,0.115,0.169,-0.474,0.716,0.629,-0.225,0.4,0.013,0.699,0.495,0.267,0.431,0.442,0.638,-0.694,0.589,0.213,-0.708,0.767,-0.647,0.559,-0.601,0.757,-0.269,0.697,0.021,0.477,0.674,-0.141,0.167,0.233,-0.592,0.611,-0.034,-0.672,-0.458,0.805,0.753,0.754,-0.591,-0.416,0.722,0.752,0.0,-0.594,0.217,0.264,0.768,0.052,-0.621,0.346,0.599,0.651,-0.03,-0.789,0.326,0.105,-0.508,0.115,0.504,-0.623,0.335,0.419,0.141,0.623,0.688,-0.307,0.662,-0.01,0.768,-0.239,-0.552,-0.313,0.646,0.629,0.637,0.667,0.449,0.649,0.252,0.12,0.625,0.462,0.122,-0.272,-0.401,-0.007,0.729,0.294,-0.007,-0.841,0.354,0.857,0.709,-0.79,0.421,0.637,0.891,0.278,-0.343,0.4,0.672,-0.044,0.452,-0.657,-0.683,0.327,0.276,0.539,0.465,0.473,-0.304,0.822,0.515,-0.471,0.598,0.408,0.212,-0.587,-0.321,0.507,0.512,-0.121,-0.027,0.659,-0.62,-0.567,0.666,0.816,0.395,-0.427,0.636,0.283,-0.668,0.557,-0.192,0.419,-0.501,-0.5,-0.573,0.701,0.261,0.499,-0.349,0.809,0.162,0.665,0.516,0.363,0.238
AGNCN,-0.357,0.587,0.0,0.717,0.421,-0.573,0.911,-0.215,-0.093,0.267,0.216,0.795,0.696,0.72,0.11,-0.102,0.212,-0.595,0.499,0.858,0.795,0.307,0.808,-0.706,-0.106,0.808,-0.238,-0.462,0.366,0.869,0.167,0.49,0.79,0.581,-0.586,0.531,0.641,-0.749,0.853,-0.551,0.26,0.592,-0.527,0.193,0.681,-0.004,0.43,0.349,0.772,0.888,0.51,-0.318,-0.691,0.681,0.864,0.194,0.098,0.082,0.852,0.857,0.71,0.499,0.886,0.853,-0.802,0.878,0.452,-0.778,0.885,-0.72,0.674,-0.796,0.805,-0.679,0.776,0.274,0.844,0.438,-0.038,0.084,0.652,-0.856,-0.025,0.512,-0.491,-0.506,0.629,0.812,0.645,-0.675,-0.743,0.711,0.893,0.533,-0.669,0.739,0.774,0.724,-0.334,-0.86,0.667,0.65,0.766,0.586,-0.718,0.405,0.644,-0.084,-0.191,0.549,-0.831,0.61,0.861,0.165,0.703,0.895,-0.068,0.583,-0.194,0.413,-0.484,-0.118,0.071,0.511,0.541,0.88,0.795,0.857,0.712,0.566,0.574,0.869,0.825,0.71,0.264,-0.652,-0.497,0.823,0.091,-0.246,-0.661,0.323,0.497,0.798,-0.758,0.52,0.896,0.479,-0.115,0.097,0.747,0.86,0.316,0.862,-0.799,-0.66,-0.293,0.742,0.811,0.707,0.772,-0.586,0.564,0.357,-0.419,0.823,0.354,0.653,-0.599,-0.627,0.885,0.885,0.351,0.233,0.872,-0.776,-0.343,0.903,0.861,0.328,-0.024,0.6,0.563,-0.604,0.849,-0.385,-0.032,-0.349,-0.562,-0.787,0.888,0.579,0.42,-0.43,0.863,-0.211,0.741,0.662,0.797,0.789
AKAM,0.14,0.754,0.717,0.0,0.604,-0.4,0.821,0.268,-0.106,0.584,-0.196,0.889,0.862,0.866,0.303,0.065,0.463,-0.346,0.818,0.84,0.742,0.459,0.666,-0.528,0.273,0.845,0.028,-0.527,-0.082,0.842,0.018,0.663,0.73,0.785,-0.418,0.763,0.844,-0.484,0.719,-0.262,0.347,0.674,-0.201,0.664,0.586,-0.128,0.542,0.625,0.564,0.844,0.371,0.171,-0.388,0.875,0.739,-0.299,0.216,0.388,0.813,0.8,0.632,0.731,0.654,0.822,-0.589,0.61,0.677,-0.575,0.729,-0.502,0.746,-0.677,0.897,-0.642,0.637,0.46,0.809,0.734,0.248,0.471,0.537,-0.647,0.235,0.412,-0.409,-0.52,0.825,0.862,0.899,-0.431,-0.655,0.727,0.805,0.459,-0.42,0.523,0.604,0.533,0.19,-0.756,0.729,0.867,0.663,0.452,-0.753,0.669,0.467,-0.085,0.195,0.729,-0.7,0.633,0.608,0.488,0.811,0.772,0.163,0.467,0.288,0.595,-0.145,-0.246,-0.382,0.735,0.762,0.754,0.809,0.711,0.73,0.454,0.156,0.836,0.493,0.45,-0.006,-0.389,-0.178,0.787,0.469,-0.137,-0.586,0.617,0.56,0.865,-0.622,0.673,0.788,0.512,0.204,0.145,0.77,0.882,0.366,0.766,-0.596,-0.565,0.082,0.458,0.845,0.773,0.849,-0.397,0.539,0.781,-0.132,0.534,0.347,0.444,-0.5,-0.183,0.781,0.66,0.413,0.088,0.904,-0.518,-0.262,0.833,0.901,0.724,0.14,0.45,0.114,-0.403,0.758,-0.308,0.441,-0.112,-0.482,-0.518,0.753,0.689,0.777,-0.405,0.776,0.089,0.819,0.764,0.703,0.543
AKRO,0.031,0.548,0.421,0.604,0.0,-0.42,0.484,0.257,-0.483,0.271,-0.433,0.639,0.729,0.594,0.386,0.187,0.422,0.259,0.717,0.595,0.488,0.61,0.65,-0.401,0.29,0.735,0.063,-0.31,-0.293,0.627,-0.4,0.829,0.306,0.457,-0.405,0.562,0.314,-0.217,0.515,-0.45,0.01,0.603,0.093,0.729,0.599,-0.253,0.524,0.514,0.267,0.573,-0.329,0.409,-0.537,0.661,0.412,-0.425,-0.151,0.024,0.639,0.352,0.534,0.504,0.289,0.612,-0.467,0.304,0.575,-0.44,0.5,-0.401,0.14,-0.603,0.74,-0.52,0.157,0.546,0.499,0.844,0.384,0.103,0.537,-0.525,0.049,-0.167,-0.618,-0.041,0.829,0.715,0.724,-0.34,-0.638,0.845,0.629,-0.152,-0.175,0.099,0.454,0.422,-0.019,-0.472,0.495,0.427,0.514,0.143,-0.763,0.794,0.432,-0.501,-0.238,0.874,-0.506,0.341,0.167,0.186,0.769,0.529,-0.087,0.698,0.29,0.575,-0.054,-0.737,-0.583,0.834,0.832,0.477,0.773,0.187,0.8,-0.093,-0.151,0.564,0.182,-0.053,-0.444,-0.283,0.203,0.753,0.14,-0.269,-0.553,0.418,0.673,0.726,-0.484,0.533,0.376,0.534,0.589,-0.028,0.564,0.575,-0.218,0.336,-0.316,-0.54,0.244,0.441,0.474,0.214,0.456,-0.637,0.577,0.614,0.171,0.266,0.298,-0.047,-0.721,-0.05,0.484,0.38,0.175,-0.561,0.581,-0.288,-0.561,0.497,0.669,0.587,0.049,0.248,0.036,-0.464,0.161,-0.164,0.73,-0.249,-0.79,-0.317,0.611,0.144,0.806,-0.817,0.629,0.337,0.748,0.258,0.389,0.324
ALRM,0.551,-0.638,-0.573,-0.4,-0.42,0.0,-0.563,0.495,0.636,0.248,0.217,-0.574,-0.23,-0.215,0.113,0.482,0.328,0.369,-0.138,-0.733,-0.712,-0.646,-0.615,0.65,0.601,-0.428,0.781,0.742,-0.02,-0.652,0.495,-0.484,-0.261,-0.423,0.943,-0.265,-0.093,0.775,-0.456,0.848,0.473,-0.09,0.722,-0.053,-0.714,0.258,0.098,0.241,-0.442,-0.529,-0.222,0.301,0.779,-0.297,-0.604,-0.157,0.178,0.502,-0.646,-0.327,-0.35,-0.06,-0.467,-0.678,0.865,-0.612,0.087,0.922,-0.783,0.914,-0.318,0.694,-0.515,0.383,-0.623,0.32,-0.367,-0.273,0.245,0.401,-0.356,0.813,-0.118,0.035,0.872,0.481,-0.484,-0.6,-0.276,0.831,0.612,-0.65,-0.742,0.078,0.861,-0.369,-0.43,-0.756,0.59,0.734,-0.123,-0.197,-0.652,-0.024,0.802,-0.007,-0.358,0.712,0.452,-0.279,0.78,-0.017,-0.514,0.438,-0.368,-0.64,0.737,-0.759,0.575,-0.349,0.719,0.553,0.163,-0.284,-0.28,-0.621,-0.596,-0.295,-0.504,0.141,-0.435,-0.568,-0.615,-0.211,0.282,0.711,0.49,-0.658,0.258,0.211,0.885,0.172,-0.719,-0.538,0.882,-0.061,-0.575,-0.674,0.183,0.477,-0.212,-0.661,0.363,-0.382,0.878,0.784,0.165,-0.505,-0.316,-0.084,-0.333,0.482,-0.802,0.031,0.691,-0.801,-0.146,-0.282,0.805,0.748,-0.48,-0.65,0.237,0.226,-0.458,0.86,0.786,-0.553,-0.615,0.166,0.659,-0.724,-0.732,0.922,-0.334,0.412,0.049,0.9,0.754,0.82,-0.648,0.035,-0.114,0.561,-0.757,0.212,-0.427,-0.196,-0.37,-0.427
AMAT,-0.261,0.64,0.911,0.821,0.484,-0.563,0.0,-0.147,-0.1,0.322,0.162,0.87,0.799,0.845,0.162,-0.019,0.36,-0.587,0.621,0.92,0.817,0.437,0.881,-0.69,0.009,0.888,-0.173,-0.477,0.339,0.922,0.099,0.584,0.865,0.674,-0.619,0.652,0.729,-0.753,0.901,-0.558,0.372,0.686,-0.512,0.328,0.769,0.093,0.454,0.476,0.853,0.968,0.502,-0.249,-0.675,0.784,0.932,0.105,0.124,0.14,0.938,0.939,0.808,0.578,0.926,0.921,-0.804,0.901,0.607,-0.776,0.918,-0.708,0.724,-0.861,0.888,-0.762,0.78,0.361,0.922,0.571,0.019,0.209,0.755,-0.867,-0.007,0.531,-0.526,-0.504,0.723,0.902,0.741,-0.673,-0.798,0.795,0.946,0.527,-0.642,0.799,0.853,0.741,-0.24,-0.886,0.739,0.727,0.849,0.59,-0.775,0.506,0.704,-0.064,-0.101,0.655,-0.886,0.652,0.909,0.297,0.817,0.969,0.001,0.62,-0.085,0.493,-0.418,-0.155,-0.024,0.622,0.657,0.958,0.897,0.877,0.809,0.534,0.552,0.957,0.832,0.706,0.272,-0.674,-0.48,0.902,0.181,-0.242,-0.671,0.471,0.57,0.879,-0.758,0.562,0.952,0.517,-0.086,0.107,0.819,0.9,0.369,0.939,-0.8,-0.675,-0.25,0.787,0.918,0.777,0.868,-0.622,0.575,0.495,-0.358,0.834,0.39,0.621,-0.627,-0.606,0.939,0.934,0.466,0.19,0.952,-0.779,-0.348,0.989,0.934,0.46,0.021,0.606,0.5,-0.575,0.878,-0.435,0.064,-0.318,-0.617,-0.787,0.941,0.668,0.531,-0.471,0.897,-0.217,0.853,0.692,0.896,0.851
AMED,0.725,0.148,-0.215,0.268,0.257,0.495,-0.147,0.0,0.281,0.584,-0.28,0.133,0.256,0.28,0.505,0.204,0.479,0.495,0.444,-0.218,-0.152,-0.121,-0.246,0.362,0.658,0.083,0.597,0.104,-0.547,-0.056,0.1,0.2,0.02,0.33,0.507,0.446,0.367,0.506,-0.117,0.633,0.269,0.156,0.69,0.669,-0.33,-0.26,0.36,0.572,-0.39,-0.103,-0.307,0.788,0.424,0.347,-0.279,-0.667,0.472,0.667,-0.134,-0.017,-0.214,0.388,-0.302,-0.208,0.433,-0.33,0.338,0.472,-0.28,0.546,-0.002,0.27,0.129,0.177,-0.217,0.487,-0.028,0.441,0.262,0.565,-0.244,0.429,0.449,-0.1,0.346,0.128,0.247,0.014,0.442,0.426,0.268,-0.045,-0.196,0.033,0.593,-0.341,-0.301,-0.261,0.804,0.303,0.179,0.34,-0.302,-0.05,0.123,0.475,-0.325,0.27,0.589,0.284,0.385,0.232,-0.4,0.68,0.176,-0.194,0.556,-0.304,0.903,0.413,0.721,-0.011,-0.402,0.466,0.435,-0.243,-0.046,-0.063,0.006,0.224,-0.629,-0.11,-0.461,-0.297,-0.247,0.631,0.681,-0.094,0.647,0.247,0.247,0.436,-0.006,0.124,0.284,0.436,-0.122,0.053,0.719,0.42,0.147,-0.102,0.227,-0.164,0.481,0.169,0.69,-0.421,0.053,0.261,0.048,0.247,-0.116,0.642,0.536,-0.528,0.202,-0.251,0.282,0.785,-0.142,-0.425,0.185,0.015,0.041,0.583,0.358,-0.093,0.023,0.699,0.434,-0.386,-0.773,0.486,-0.023,0.452,0.704,0.59,0.297,0.529,-0.148,0.181,0.482,0.16,-0.132,0.703,0.202,0.211,-0.169,-0.39
AMRN,0.415,-0.444,-0.093,-0.106,-0.483,0.636,-0.1,0.281,0.0,0.445,0.402,-0.305,-0.048,0.092,-0.096,0.334,0.333,-0.139,-0.152,-0.325,-0.283,-0.71,-0.355,0.284,0.329,-0.181,0.529,0.433,0.278,-0.329,0.73,-0.501,0.156,-0.069,0.686,-0.121,0.221,0.271,-0.089,0.552,0.626,0.06,0.285,-0.099,-0.471,0.436,0.17,0.333,-0.063,-0.138,0.344,0.075,0.479,-0.153,-0.184,0.146,0.261,0.614,-0.294,0.152,-0.077,0.099,-0.005,-0.264,0.443,-0.162,0.177,0.497,-0.361,0.597,0.183,0.307,-0.233,0.071,-0.136,0.237,0.111,-0.253,0.118,0.435,-0.168,0.418,-0.137,0.514,0.798,-0.107,-0.42,-0.279,-0.131,0.489,0.289,-0.499,-0.322,0.598,0.415,0.159,-0.12,-0.461,0.356,0.214,0.255,0.09,-0.392,0.423,0.524,-0.023,-0.103,0.84,0.374,-0.203,0.321,0.355,0.023,0.396,-0.231,-0.172,0.645,-0.676,0.375,-0.297,0.368,0.81,0.349,-0.207,-0.185,-0.154,-0.338,0.216,-0.383,0.523,-0.051,-0.107,-0.084,0.301,0.614,0.317,-0.023,-0.395,0.371,0.319,0.609,0.145,-0.677,-0.185,0.464,-0.014,-0.07,-0.542,-0.17,0.606,0.157,-0.238,0.636,0.083,0.36,0.456,-0.167,-0.237,0.114,0.389,0.108,0.368,-0.635,0.093,0.322,-0.33,-0.083,0.266,0.604,0.372,0.011,-0.141,0.376,0.565,-0.069,0.38,0.718,-0.082,-0.256,0.21,0.632,-0.506,-0.418,0.636,0.179,0.343,-0.194,0.673,0.636,0.319,-0.263,0.379,-0.144,0.579,-0.366,-0.078,-0.117,0.159,0.01,-0.012
ANGI,0.563,0.103,0.267,0.584,0.271,0.248,0.322,0.584,0.445,0.0,-0.146,0.304,0.611,0.599,0.213,0.464,0.605,0.017,0.559,0.263,0.114,-0.228,0.099,-0.13,0.72,0.466,0.622,-0.047,-0.127,0.269,0.467,0.182,0.405,0.353,0.325,0.377,0.63,0.172,0.328,0.345,0.594,0.636,0.432,0.498,-0.113,-0.004,0.716,0.78,0.061,0.383,0.253,0.379,0.148,0.531,0.201,-0.306,0.14,0.628,0.206,0.482,0.311,0.551,0.225,0.277,0.104,0.082,0.614,0.109,0.042,0.211,0.344,-0.13,0.421,-0.384,0.044,0.65,0.532,0.372,0.372,0.68,0.218,-0.052,-0.067,0.444,0.254,-0.226,0.347,0.283,0.54,0.144,-0.277,0.116,0.211,0.623,0.239,0.22,0.266,-0.185,0.536,-0.267,0.66,0.557,0.117,0.462,-0.14,0.602,0.156,0.505,0.303,0.505,-0.114,0.522,0.164,0.633,0.346,0.209,0.669,-0.255,0.692,0.23,0.253,0.241,-0.243,0.44,0.473,0.193,0.288,0.439,0.288,0.463,-0.237,0.33,-0.006,0.29,0.156,0.119,0.011,0.199,0.463,-0.079,0.132,0.61,-0.105,0.379,0.065,0.651,0.292,-0.176,0.288,0.591,0.587,0.4,0.528,0.395,0.048,0.065,0.096,0.117,0.499,0.593,0.548,0.022,-0.147,0.659,0.364,-0.145,0.179,0.34,0.071,0.403,0.405,0.148,0.554,0.215,0.496,0.161,0.401,0.348,0.339,0.728,0.699,-0.146,-0.391,0.313,0.423,0.166,0.394,0.545,0.069,0.145,0.156,0.596,0.624,-0.032,0.147,0.326,0.436,0.515,0.347,0.227
APA,-0.322,-0.269,0.216,-0.196,-0.433,0.217,0.162,-0.28,0.402,-0.146,0.0,-0.095,-0.07,0.03,0.098,0.023,0.062,-0.381,-0.248,-0.061,-0.024,-0.412,0.141,-0.044,-0.065,-0.061,0.054,0.393,0.792,-0.024,0.595,-0.286,0.366,-0.14,0.117,-0.131,0.107,-0.151,0.254,0.021,0.373,-0.024,-0.21,-0.481,-0.055,0.326,-0.053,-0.01,0.37,0.076,0.295,-0.586,-0.019,-0.059,0.159,0.405,0.246,0.104,0.036,0.276,0.154,-0.177,0.435,-0.042,0.027,0.387,0.024,0.079,0.097,0.016,0.132,-0.06,-0.064,-0.014,0.22,0.012,0.167,-0.345,-0.206,-0.096,0.197,-0.016,-0.292,0.445,0.301,0.133,-0.247,-0.061,-0.174,-0.022,0.104,-0.162,-0.013,0.346,0.034,0.393,0.247,0.161,-0.291,0.054,0.087,-0.053,0.033,0.322,0.33,-0.211,0.288,0.492,0.02,-0.232,0.011,0.133,0.421,0.116,-0.041,0.119,0.21,-0.107,-0.246,-0.275,-0.066,0.533,0.822,-0.27,-0.261,0.175,-0.086,0.419,-0.097,0.561,0.611,0.07,0.372,0.601,0.789,-0.067,-0.291,-0.054,-0.141,-0.002,0.239,-0.017,-0.34,-0.061,0.083,-0.015,0.226,-0.25,-0.409,0.256,0.132,-0.095,0.446,0.296,-0.009,0.092,-0.369,0.237,0.161,0.289,0.06,-0.046,-0.254,-0.291,-0.122,0.24,-0.024,0.275,0.255,-0.343,0.197,0.209,0.377,0.577,0.021,-0.025,0.314,0.159,-0.072,-0.207,0.172,-0.049,0.264,0.171,0.361,-0.097,-0.618,0.156,0.274,-0.098,0.116,0.248,-0.339,0.351,-0.046,-0.289,-0.054,0.022,0.324,0.351
APOG,-0.094,0.884,0.795,0.889,0.639,-0.574,0.87,0.133,-0.305,0.304,-0.095,0.0,0.78,0.803,0.413,-0.228,0.287,-0.315,0.767,0.85,0.841,0.631,0.778,-0.574,0.012,0.846,-0.24,-0.627,-0.045,0.953,-0.16,0.771,0.71,0.851,-0.647,0.804,0.729,-0.658,0.797,-0.456,0.135,0.53,-0.367,0.578,0.731,-0.264,0.435,0.423,0.601,0.852,0.262,0.054,-0.595,0.896,0.828,-0.169,0.337,0.154,0.878,0.778,0.576,0.603,0.708,0.809,-0.756,0.775,0.513,-0.74,0.883,-0.679,0.649,-0.753,0.934,-0.552,0.762,0.307,0.756,0.743,-0.019,0.244,0.539,-0.751,0.348,0.226,-0.618,-0.463,0.908,0.905,0.89,-0.649,-0.643,0.849,0.898,0.26,-0.568,0.508,0.609,0.799,-0.035,-0.754,0.624,0.738,0.815,0.276,-0.831,0.529,0.437,-0.294,0.066,0.713,-0.755,0.539,0.658,0.348,0.857,0.864,-0.107,0.684,0.074,0.765,-0.274,-0.426,-0.238,0.778,0.78,0.847,0.869,0.713,0.823,0.458,0.29,0.843,0.642,0.401,-0.08,-0.5,-0.136,0.893,0.305,-0.177,-0.799,0.527,0.798,0.891,-0.806,0.663,0.853,0.774,0.262,-0.063,0.68,0.838,0.191,0.735,-0.698,-0.731,0.138,0.572,0.795,0.694,0.706,-0.494,0.763,0.637,-0.374,0.706,0.507,0.407,-0.638,-0.402,0.777,0.725,0.223,0.073,0.891,-0.663,-0.458,0.884,0.966,0.575,-0.149,0.665,0.34,-0.607,0.772,-0.313,0.364,-0.366,-0.59,-0.665,0.89,0.497,0.651,-0.473,0.928,0.076,0.88,0.66,0.685,0.553
APPS,0.085,0.51,0.696,0.862,0.729,-0.23,0.799,0.256,-0.048,0.611,-0.07,0.78,0.0,0.903,0.353,0.379,0.694,-0.2,0.882,0.777,0.607,0.35,0.761,-0.516,0.503,0.947,0.297,-0.265,0.076,0.788,0.146,0.722,0.748,0.568,-0.275,0.669,0.769,-0.337,0.807,-0.275,0.54,0.893,0.0,0.637,0.586,0.036,0.752,0.823,0.611,0.879,0.177,0.157,-0.432,0.871,0.7,-0.299,0.009,0.404,0.806,0.797,0.807,0.755,0.693,0.799,-0.485,0.572,0.878,-0.435,0.633,-0.393,0.563,-0.694,0.905,-0.764,0.422,0.747,0.874,0.778,0.429,0.468,0.751,-0.627,-0.092,0.407,-0.345,-0.263,0.825,0.842,0.88,-0.323,-0.75,0.778,0.756,0.437,-0.212,0.539,0.76,0.418,0.111,-0.673,0.84,0.789,0.67,0.573,-0.688,0.864,0.671,0.015,0.021,0.891,-0.652,0.661,0.586,0.561,0.889,0.733,0.332,0.488,0.381,0.47,-0.081,-0.262,-0.336,0.794,0.83,0.738,0.873,0.676,0.838,0.429,0.151,0.83,0.433,0.485,0.074,-0.373,-0.123,0.82,0.344,-0.335,-0.411,0.729,0.439,0.854,-0.449,0.761,0.704,0.318,0.3,0.309,0.873,0.8,0.373,0.79,-0.42,-0.451,-0.05,0.632,0.873,0.71,0.843,-0.595,0.383,0.776,0.149,0.434,0.288,0.399,-0.516,-0.132,0.831,0.651,0.614,-0.06,0.907,-0.382,-0.186,0.8,0.846,0.791,0.416,0.313,0.083,-0.257,0.653,-0.371,0.468,0.049,-0.578,-0.413,0.754,0.692,0.881,-0.576,0.695,0.065,0.858,0.64,0.805,0.685
ARCB,0.152,0.563,0.72,0.866,0.594,-0.215,0.845,0.28,0.092,0.599,0.03,0.803,0.903,0.0,0.319,0.262,0.696,-0.329,0.825,0.743,0.636,0.33,0.722,-0.49,0.406,0.882,0.229,-0.278,0.102,0.778,0.156,0.577,0.831,0.691,-0.262,0.801,0.833,-0.429,0.774,-0.214,0.581,0.774,-0.122,0.646,0.611,0.125,0.591,0.777,0.677,0.869,0.302,0.15,-0.391,0.839,0.747,-0.179,0.254,0.485,0.827,0.892,0.767,0.749,0.73,0.772,-0.514,0.635,0.802,-0.458,0.672,-0.348,0.671,-0.669,0.884,-0.747,0.531,0.638,0.895,0.772,0.241,0.537,0.694,-0.596,0.105,0.463,-0.263,-0.358,0.733,0.863,0.888,-0.322,-0.654,0.727,0.763,0.504,-0.265,0.633,0.703,0.483,0.167,-0.686,0.81,0.846,0.619,0.606,-0.656,0.775,0.581,0.135,0.197,0.776,-0.655,0.785,0.655,0.637,0.833,0.8,0.365,0.432,0.362,0.525,0.008,-0.109,-0.243,0.777,0.816,0.784,0.826,0.782,0.76,0.594,0.216,0.853,0.53,0.53,0.208,-0.349,-0.126,0.797,0.521,-0.076,-0.433,0.687,0.422,0.863,-0.454,0.639,0.775,0.395,0.191,0.33,0.891,0.777,0.517,0.833,-0.474,-0.445,0.03,0.55,0.921,0.813,0.883,-0.547,0.384,0.807,0.044,0.476,0.424,0.451,-0.419,-0.178,0.822,0.695,0.631,0.146,0.901,-0.442,-0.144,0.859,0.854,0.818,0.317,0.249,0.027,-0.239,0.762,-0.216,0.42,0.072,-0.454,-0.488,0.787,0.771,0.736,-0.394,0.701,0.037,0.875,0.731,0.776,0.662
ARCC,0.208,0.378,0.11,0.303,0.386,0.113,0.162,0.505,-0.096,0.213,0.098,0.413,0.353,0.319,0.0,-0.08,0.31,0.363,0.436,0.079,0.161,0.23,0.227,0.115,0.333,0.249,0.206,0.054,-0.159,0.29,-0.011,0.45,0.205,0.384,0.005,0.412,0.298,0.068,0.283,0.092,0.095,0.187,0.312,0.466,0.089,-0.377,0.395,0.323,0.018,0.137,-0.374,0.312,-0.044,0.544,0.104,-0.348,0.501,0.268,0.18,0.145,0.028,0.182,0.083,0.017,0.03,0.19,0.272,0.086,0.16,0.05,0.037,-0.082,0.377,0.055,0.092,0.392,0.161,0.473,0.024,0.205,0.099,0.074,0.283,-0.149,-0.092,0.25,0.515,0.257,0.493,0.03,0.072,0.305,0.159,-0.184,0.312,-0.131,0.041,0.302,0.272,0.12,0.266,0.201,0.23,-0.204,-0.133,0.349,-0.016,-0.016,0.22,0.429,0.031,0.124,-0.02,0.446,0.395,0.157,0.125,0.217,0.387,0.514,0.296,-0.275,-0.05,0.487,0.449,0.173,0.25,0.182,0.369,0.307,-0.114,0.115,-0.016,-0.042,-0.161,0.136,0.452,0.273,0.177,-0.027,-0.135,0.481,0.363,0.281,-0.103,0.6,0.169,0.348,0.575,0.088,0.218,0.078,0.13,0.088,0.157,-0.132,0.477,0.073,0.195,0.277,0.049,-0.091,0.273,0.417,0.128,-0.038,0.304,-0.152,-0.054,0.166,0.137,-0.011,0.114,0.052,0.228,0.178,-0.02,0.202,0.286,0.459,0.116,0.034,-0.15,0.026,0.215,0.151,0.439,0.136,-0.032,0.118,0.252,0.074,0.429,-0.048,0.252,0.509,0.425,0.14,0.122,0.012
ARVN,0.321,-0.46,-0.102,0.065,0.187,0.482,-0.019,0.204,0.334,0.464,0.023,-0.228,0.379,0.262,-0.08,0.0,0.721,0.092,0.288,-0.031,-0.261,-0.283,0.054,0.051,0.775,0.205,0.807,0.563,0.159,-0.17,0.39,-0.053,0.149,-0.336,0.516,-0.061,0.153,0.453,0.032,0.291,0.682,0.596,0.478,0.223,-0.078,0.536,0.407,0.64,0.145,0.118,-0.075,0.206,0.284,0.041,-0.103,-0.245,-0.411,0.468,0.008,0.117,0.456,0.356,0.04,0.07,0.343,-0.252,0.645,0.414,-0.29,0.392,-0.019,0.032,0.04,-0.376,-0.408,0.678,0.22,0.167,0.701,0.475,0.391,0.141,-0.566,0.34,0.38,0.328,-0.06,0.042,0.093,0.516,-0.174,-0.01,-0.137,0.288,0.478,0.099,0.278,-0.51,0.307,0.061,0.329,0.2,-0.181,0.51,0.13,0.586,0.424,0.461,0.065,0.323,0.076,0.32,-0.038,0.44,0.107,-0.094,0.724,-0.203,0.501,-0.4,0.333,0.246,-0.192,0.103,0.172,-0.08,0.069,0.006,0.096,-0.006,-0.158,0.088,-0.278,0.144,0.267,0.149,0.014,-0.033,0.215,-0.175,0.536,0.387,-0.464,0.049,0.519,0.122,-0.157,-0.61,0.048,0.536,0.405,0.015,0.376,0.172,0.353,0.421,-0.176,0.097,0.246,0.091,0.323,-0.154,-0.501,0.362,0.814,-0.352,-0.294,-0.066,0.197,0.386,0.118,-0.024,0.647,-0.168,0.086,0.363,0.328,-0.045,-0.1,0.422,0.818,-0.518,-0.443,0.471,-0.111,-0.106,0.249,0.611,-0.015,0.33,-0.147,0.423,0.425,-0.138,-0.311,-0.047,0.041,0.065,0.247,0.216
ATEC,0.367,0.023,0.212,0.463,0.422,0.328,0.36,0.479,0.333,0.605,0.062,0.287,0.694,0.696,0.31,0.721,0.0,-0.007,0.658,0.24,0.109,0.003,0.339,-0.104,0.767,0.543,0.691,0.268,0.08,0.245,0.32,0.333,0.572,0.235,0.285,0.485,0.58,0.153,0.368,0.206,0.757,0.703,0.325,0.603,0.202,0.343,0.53,0.883,0.367,0.446,0.029,0.345,0.081,0.537,0.232,-0.358,0.061,0.66,0.4,0.496,0.579,0.636,0.316,0.321,0.046,0.087,0.85,0.157,0.091,0.195,0.308,-0.217,0.475,-0.518,-0.023,0.793,0.527,0.583,0.577,0.646,0.507,-0.07,-0.13,0.43,0.18,0.079,0.39,0.452,0.58,0.258,-0.303,0.344,0.216,0.352,0.313,0.335,0.441,-0.039,0.418,-0.148,0.583,0.576,0.117,0.572,-0.169,0.798,0.471,0.398,0.345,0.584,-0.148,0.579,0.217,0.794,0.532,0.285,0.695,0.062,0.671,0.125,0.417,0.09,-0.301,0.546,0.599,0.304,0.426,0.369,0.385,0.35,-0.048,0.441,0.0,0.276,0.223,0.112,0.165,0.345,0.573,-0.036,0.18,0.651,-0.065,0.472,0.157,0.437,0.261,-0.108,0.297,0.523,0.694,0.299,0.551,0.46,0.144,0.086,0.102,0.232,0.612,0.513,0.587,-0.338,-0.12,0.745,0.598,-0.074,0.121,0.083,-0.013,0.267,0.421,0.216,0.73,0.007,0.473,0.149,0.208,0.37,0.347,0.803,0.697,-0.295,-0.429,0.319,0.311,-0.096,0.476,0.506,-0.139,0.082,0.285,0.652,0.669,-0.202,0.116,0.106,0.506,0.426,0.498,0.35
ATXS,0.426,-0.216,-0.595,-0.346,0.259,0.369,-0.587,0.495,-0.139,0.017,-0.381,-0.315,-0.2,-0.329,0.363,0.092,-0.007,0.0,-0.026,-0.537,-0.499,-0.051,-0.374,0.489,0.338,-0.308,0.321,0.282,-0.548,-0.407,-0.309,0.071,-0.635,-0.196,0.393,-0.165,-0.464,0.67,-0.4,0.293,-0.307,-0.168,0.765,0.259,-0.409,-0.4,0.137,-0.004,-0.699,-0.538,-0.832,0.603,0.259,-0.142,-0.59,-0.346,-0.012,-0.103,-0.503,-0.619,-0.466,-0.243,-0.688,-0.548,0.564,-0.57,-0.136,0.533,-0.553,0.523,-0.708,0.452,-0.271,0.443,-0.672,0.174,-0.477,0.092,0.103,-0.035,-0.343,0.547,0.057,-0.722,0.12,0.561,-0.026,-0.403,-0.128,0.39,0.374,-0.161,-0.471,-0.611,0.667,-0.76,-0.504,-0.381,0.266,0.628,-0.222,-0.478,-0.367,-0.595,0.273,0.088,-0.452,-0.155,-0.109,0.105,0.595,-0.402,-0.787,-0.04,-0.143,-0.54,0.017,-0.161,0.41,0.138,0.43,-0.358,-0.245,0.109,0.051,-0.581,-0.295,-0.641,-0.12,-0.431,-0.693,-0.566,-0.614,-0.732,-0.548,0.468,0.784,-0.316,-0.151,0.073,0.297,0.006,0.006,-0.326,0.418,0.081,-0.627,-0.082,0.727,-0.035,-0.37,-0.537,-0.463,-0.674,0.672,0.298,0.526,-0.367,-0.534,-0.515,-0.599,0.212,-0.132,-0.001,0.473,-0.697,0.063,-0.621,0.144,0.616,-0.546,-0.654,-0.296,-0.485,-0.471,0.67,0.103,-0.557,-0.399,0.064,0.112,-0.405,-0.485,0.34,-0.664,0.535,0.501,0.257,0.122,0.631,-0.441,-0.611,0.103,-0.069,-0.381,0.65,-0.146,-0.543,-0.597,-0.55
AVAV,0.265,0.597,0.499,0.818,0.717,-0.138,0.621,0.444,-0.152,0.559,-0.248,0.767,0.882,0.825,0.436,0.288,0.658,-0.026,0.0,0.615,0.495,0.461,0.595,-0.358,0.519,0.803,0.291,-0.308,-0.217,0.704,-0.056,0.724,0.573,0.632,-0.212,0.755,0.713,-0.182,0.621,-0.088,0.423,0.71,0.121,0.774,0.551,-0.07,0.632,0.726,0.412,0.706,0.013,0.364,-0.232,0.844,0.564,-0.445,0.196,0.444,0.676,0.633,0.623,0.731,0.472,0.618,-0.35,0.386,0.771,-0.327,0.503,-0.279,0.472,-0.502,0.83,-0.572,0.329,0.624,0.669,0.828,0.337,0.585,0.576,-0.43,0.203,0.176,-0.299,-0.181,0.84,0.756,0.908,-0.213,-0.532,0.708,0.615,0.222,-0.107,0.302,0.511,0.362,0.348,-0.494,0.649,0.746,0.563,0.298,-0.634,0.812,0.404,-0.074,0.24,0.82,-0.472,0.57,0.351,0.638,0.798,0.568,0.341,0.452,0.511,0.583,0.065,-0.376,-0.474,0.808,0.831,0.566,0.733,0.487,0.758,0.347,-0.06,0.659,0.229,0.206,-0.104,-0.208,0.165,0.701,0.478,-0.219,-0.406,0.8,0.527,0.747,-0.329,0.692,0.528,0.421,0.478,0.135,0.712,0.644,0.307,0.591,-0.257,-0.341,0.256,0.387,0.734,0.567,0.668,-0.4,0.43,0.841,0.195,0.262,0.364,0.21,-0.391,0.07,0.591,0.433,0.426,-0.113,0.76,-0.245,-0.197,0.622,0.759,0.837,0.292,0.279,-0.115,-0.164,0.5,-0.238,0.653,0.092,-0.446,-0.235,0.598,0.569,0.896,-0.464,0.58,0.19,0.758,0.544,0.574,0.401
AXON,-0.289,0.701,0.858,0.84,0.595,-0.733,0.92,-0.218,-0.325,0.263,-0.061,0.85,0.777,0.743,0.079,-0.031,0.24,-0.537,0.615,0.0,0.849,0.568,0.86,-0.768,-0.056,0.865,-0.292,-0.617,0.189,0.916,-0.092,0.658,0.731,0.629,-0.745,0.574,0.637,-0.75,0.827,-0.672,0.168,0.635,-0.538,0.362,0.808,-0.023,0.387,0.37,0.772,0.934,0.431,-0.196,-0.694,0.726,0.89,-0.0,-0.073,0.004,0.94,0.807,0.777,0.53,0.831,0.98,-0.856,0.808,0.539,-0.865,0.919,-0.83,0.688,-0.894,0.884,-0.773,0.74,0.256,0.848,0.595,0.137,0.102,0.718,-0.921,-0.013,0.404,-0.68,-0.548,0.768,0.914,0.713,-0.714,-0.858,0.845,0.956,0.394,-0.731,0.688,0.798,0.729,-0.272,-0.945,0.641,0.694,0.845,0.49,-0.89,0.505,0.687,-0.313,-0.177,0.669,-0.93,0.507,0.806,0.111,0.761,0.904,-0.16,0.72,-0.164,0.422,-0.518,-0.354,-0.221,0.589,0.623,0.908,0.912,0.724,0.806,0.298,0.477,0.932,0.739,0.582,0.058,-0.712,-0.519,0.914,0.114,-0.314,-0.774,0.381,0.637,0.867,-0.824,0.487,0.872,0.55,-0.098,-0.073,0.739,0.964,0.162,0.851,-0.871,-0.725,-0.237,0.723,0.822,0.616,0.837,-0.646,0.657,0.47,-0.377,0.835,0.25,0.552,-0.746,-0.604,0.885,0.893,0.341,-0.028,0.909,-0.83,-0.518,0.906,0.929,0.385,-0.095,0.667,0.533,-0.71,0.736,-0.541,0.147,-0.468,-0.751,-0.815,0.891,0.553,0.581,-0.611,0.9,-0.189,0.782,0.607,0.821,0.769
BANF,-0.331,0.774,0.795,0.742,0.488,-0.712,0.817,-0.152,-0.283,0.114,-0.024,0.841,0.607,0.636,0.161,-0.261,0.109,-0.499,0.495,0.849,0.0,0.58,0.742,-0.577,-0.238,0.717,-0.415,-0.572,0.142,0.849,-0.111,0.64,0.68,0.698,-0.703,0.549,0.543,-0.807,0.746,-0.6,0.048,0.376,-0.592,0.339,0.78,-0.173,0.193,0.214,0.67,0.78,0.404,-0.155,-0.644,0.639,0.851,-0.016,0.209,0.066,0.839,0.723,0.56,0.426,0.718,0.821,-0.852,0.79,0.347,-0.824,0.899,-0.776,0.759,-0.725,0.784,-0.459,0.894,0.063,0.698,0.521,-0.058,0.041,0.489,-0.817,0.222,0.359,-0.605,-0.511,0.685,0.836,0.68,-0.704,-0.593,0.75,0.877,0.283,-0.72,0.596,0.599,0.802,-0.294,-0.799,0.514,0.599,0.736,0.375,-0.781,0.333,0.531,-0.363,-0.068,0.523,-0.825,0.47,0.735,0.062,0.674,0.847,-0.292,0.678,-0.196,0.474,-0.478,-0.29,-0.082,0.544,0.556,0.847,0.743,0.69,0.658,0.389,0.523,0.851,0.737,0.522,0.006,-0.572,-0.399,0.787,0.209,-0.104,-0.784,0.209,0.647,0.827,-0.854,0.391,0.833,0.68,-0.055,-0.114,0.603,0.837,0.159,0.719,-0.824,-0.773,-0.056,0.568,0.723,0.601,0.682,-0.47,0.77,0.412,-0.473,0.827,0.258,0.532,-0.596,-0.585,0.774,0.792,0.159,0.175,0.767,-0.768,-0.579,0.83,0.856,0.328,-0.252,0.652,0.528,-0.75,0.735,-0.402,0.099,-0.557,-0.592,-0.81,0.815,0.452,0.43,-0.345,0.879,-0.111,0.735,0.555,0.676,0.581
BATRK,-0.193,0.743,0.307,0.459,0.61,-0.646,0.437,-0.121,-0.71,-0.228,-0.412,0.631,0.35,0.33,0.23,-0.283,0.003,-0.051,0.461,0.568,0.58,0.0,0.559,-0.364,-0.246,0.453,-0.479,-0.544,-0.298,0.615,-0.741,0.645,0.168,0.497,-0.734,0.5,0.14,-0.495,0.31,-0.589,-0.304,0.136,-0.398,0.482,0.761,-0.231,-0.028,-0.058,0.35,0.435,-0.163,0.139,-0.474,0.448,0.489,-0.171,0.026,-0.31,0.607,0.218,0.317,0.245,0.245,0.525,-0.642,0.361,0.184,-0.644,0.603,-0.634,0.244,-0.541,0.551,-0.263,0.405,-0.04,0.246,0.621,-0.0,-0.048,0.314,-0.536,0.388,-0.283,-0.791,-0.189,0.682,0.632,0.507,-0.533,-0.437,0.745,0.6,-0.384,-0.54,0.087,0.269,0.651,-0.148,-0.453,0.074,0.262,0.603,-0.187,-0.743,0.261,0.189,-0.75,-0.1,0.455,-0.544,0.085,0.228,-0.098,0.526,0.533,-0.475,0.811,-0.17,0.561,-0.25,-0.757,-0.421,0.532,0.527,0.504,0.609,0.061,0.621,-0.231,0.08,0.484,0.309,-0.169,-0.425,-0.432,0.045,0.657,0.085,-0.087,-0.769,0.176,0.842,0.515,-0.633,0.141,0.356,0.791,0.226,-0.575,0.214,0.446,-0.356,0.243,-0.529,-0.572,0.249,0.314,0.331,0.035,0.25,-0.437,0.744,0.339,-0.311,0.501,0.307,-0.065,-0.661,-0.377,0.28,0.415,-0.227,-0.414,0.417,-0.562,-0.763,0.438,0.596,0.194,-0.537,0.562,0.301,-0.706,0.147,-0.305,0.432,-0.613,-0.687,-0.521,0.555,-0.04,0.39,-0.565,0.619,0.03,0.5,0.157,0.239,0.166
BIDU,-0.394,0.557,0.808,0.666,0.65,-0.615,0.881,-0.246,-0.355,0.099,0.141,0.778,0.761,0.722,0.227,0.054,0.339,-0.374,0.595,0.86,0.742,0.559,0.0,-0.677,-0.002,0.859,-0.184,-0.335,0.328,0.854,-0.091,0.684,0.724,0.489,-0.678,0.551,0.472,-0.674,0.862,-0.716,0.215,0.658,-0.458,0.32,0.865,0.065,0.389,0.391,0.829,0.887,0.187,-0.244,-0.791,0.706,0.837,0.034,-0.073,-0.062,0.921,0.754,0.867,0.457,0.832,0.87,-0.786,0.826,0.575,-0.759,0.873,-0.757,0.492,-0.863,0.852,-0.733,0.622,0.377,0.799,0.605,0.094,0.003,0.879,-0.875,-0.14,0.288,-0.68,-0.215,0.739,0.888,0.673,-0.682,-0.822,0.905,0.904,0.201,-0.558,0.674,0.882,0.775,-0.423,-0.774,0.616,0.533,0.833,0.447,-0.819,0.556,0.814,-0.285,-0.337,0.723,-0.864,0.459,0.774,0.153,0.843,0.898,-0.147,0.826,-0.176,0.434,-0.475,-0.405,-0.063,0.641,0.667,0.88,0.911,0.66,0.87,0.283,0.55,0.88,0.754,0.537,0.095,-0.708,-0.355,0.93,-0.026,-0.342,-0.684,0.365,0.629,0.842,-0.713,0.48,0.804,0.528,0.025,-0.022,0.722,0.798,0.12,0.795,-0.718,-0.7,-0.231,0.852,0.797,0.498,0.699,-0.77,0.643,0.392,-0.247,0.793,0.285,0.401,-0.753,-0.655,0.832,0.872,0.389,-0.111,0.817,-0.73,-0.574,0.868,0.855,0.347,-0.062,0.552,0.552,-0.664,0.632,-0.524,0.137,-0.435,-0.814,-0.772,0.914,0.444,0.539,-0.679,0.844,-0.193,0.811,0.452,0.828,0.838
BLNE,0.356,-0.438,-0.706,-0.528,-0.401,0.65,-0.69,0.362,0.284,-0.13,-0.044,-0.574,-0.516,-0.49,0.115,0.051,-0.104,0.489,-0.358,-0.768,-0.577,-0.364,-0.677,0.0,0.158,-0.624,0.307,0.551,-0.234,-0.683,0.026,-0.364,-0.505,-0.336,0.631,-0.318,-0.415,0.58,-0.651,0.607,-0.042,-0.472,0.497,-0.069,-0.605,-0.03,-0.306,-0.192,-0.592,-0.72,-0.403,0.349,0.644,-0.479,-0.684,-0.149,0.243,0.207,-0.705,-0.592,-0.622,-0.248,-0.708,-0.756,0.696,-0.653,-0.298,0.756,-0.708,0.738,-0.45,0.755,-0.614,0.719,-0.513,-0.111,-0.648,-0.306,-0.055,0.082,-0.61,0.791,0.179,-0.299,0.583,0.425,-0.522,-0.642,-0.397,0.639,0.761,-0.602,-0.746,-0.333,0.656,-0.556,-0.685,-0.558,0.351,0.807,-0.455,-0.45,-0.683,-0.388,0.691,-0.297,-0.544,0.245,0.292,-0.41,0.798,-0.317,-0.665,0.06,-0.51,-0.661,0.204,-0.539,0.322,-0.208,0.566,0.277,0.093,-0.324,-0.353,-0.678,-0.701,-0.561,-0.579,-0.205,-0.434,-0.666,-0.601,-0.53,-0.137,0.681,0.575,-0.7,0.12,0.424,0.635,-0.235,-0.414,-0.568,0.658,-0.268,-0.661,-0.327,0.2,0.114,-0.507,-0.738,-0.058,-0.667,0.721,0.575,0.379,-0.634,-0.549,-0.354,-0.594,0.565,-0.435,-0.158,0.403,-0.693,-0.112,-0.494,0.63,0.597,-0.703,-0.732,-0.229,0.042,-0.676,0.751,0.378,-0.673,-0.667,-0.111,0.128,-0.569,-0.547,0.567,-0.543,0.494,0.061,0.436,0.622,0.662,-0.696,-0.355,-0.322,0.553,-0.665,0.353,-0.491,-0.391,-0.631,-0.649
BLNK,0.593,-0.193,-0.106,0.273,0.29,0.601,0.009,0.658,0.329,0.72,-0.065,0.012,0.503,0.406,0.333,0.775,0.767,0.338,0.519,-0.056,-0.238,-0.246,-0.002,0.158,0.0,0.294,0.908,0.418,-0.12,-0.038,0.372,0.124,0.182,-0.015,0.572,0.241,0.381,0.568,0.089,0.512,0.672,0.613,0.724,0.479,-0.213,0.188,0.628,0.797,-0.048,0.125,-0.2,0.465,0.355,0.353,-0.122,-0.484,-0.001,0.626,-0.014,0.168,0.263,0.445,-0.024,-0.007,0.456,-0.228,0.676,0.495,-0.283,0.503,0.011,0.102,0.189,-0.24,-0.362,0.822,0.233,0.367,0.56,0.665,0.236,0.254,-0.209,0.192,0.38,0.34,0.195,0.075,0.377,0.485,-0.066,0.032,-0.117,0.263,0.645,-0.062,0.147,-0.423,0.632,0.155,0.406,0.348,-0.12,0.302,0.126,0.687,0.166,0.514,0.312,0.466,0.212,0.333,-0.151,0.72,0.269,-0.097,0.836,-0.274,0.816,0.026,0.554,0.125,-0.279,0.37,0.397,-0.104,0.124,0.082,0.198,0.198,-0.4,0.045,-0.348,0.018,0.105,0.349,0.338,0.021,0.386,-0.126,0.455,0.635,-0.253,0.139,0.472,0.483,-0.083,-0.371,0.443,0.597,0.41,0.036,0.42,0.119,0.478,0.366,0.206,-0.009,0.263,0.261,0.288,-0.022,-0.391,0.592,0.793,-0.464,0.036,-0.096,0.236,0.619,0.094,-0.163,0.636,-0.071,0.197,0.527,0.461,0.019,0.032,0.702,0.837,-0.454,-0.625,0.591,0.019,0.136,0.507,0.787,0.119,0.496,-0.091,0.429,0.611,-0.065,-0.205,0.39,0.218,0.197,0.174,0.071
BTAI,-0.12,0.577,0.808,0.845,0.735,-0.428,0.888,0.083,-0.181,0.466,-0.061,0.846,0.947,0.882,0.249,0.205,0.543,-0.308,0.803,0.865,0.717,0.453,0.859,-0.624,0.294,0.0,0.078,-0.387,0.145,0.878,0.028,0.759,0.777,0.598,-0.478,0.699,0.716,-0.526,0.851,-0.453,0.407,0.833,-0.219,0.548,0.712,0.018,0.633,0.69,0.69,0.942,0.248,0.018,-0.623,0.851,0.8,-0.181,-0.028,0.219,0.894,0.841,0.832,0.722,0.777,0.882,-0.676,0.691,0.777,-0.626,0.78,-0.577,0.572,-0.801,0.928,-0.795,0.55,0.626,0.877,0.739,0.278,0.299,0.779,-0.794,-0.058,0.388,-0.526,-0.335,0.841,0.904,0.851,-0.523,-0.852,0.866,0.872,0.403,-0.428,0.629,0.833,0.578,-0.09,-0.787,0.773,0.759,0.768,0.579,-0.79,0.772,0.72,-0.124,-0.103,0.844,-0.772,0.637,0.69,0.419,0.922,0.847,0.135,0.615,0.185,0.544,-0.232,-0.333,-0.291,0.794,0.827,0.835,0.944,0.712,0.887,0.387,0.276,0.902,0.589,0.508,0.041,-0.513,-0.246,0.91,0.243,-0.34,-0.586,0.579,0.57,0.911,-0.63,0.71,0.809,0.462,0.228,0.205,0.855,0.876,0.257,0.82,-0.601,-0.619,-0.1,0.737,0.877,0.672,0.848,-0.697,0.527,0.67,-0.044,0.62,0.399,0.442,-0.674,-0.344,0.873,0.769,0.536,-0.08,0.946,-0.568,-0.341,0.886,0.915,0.665,0.211,0.468,0.28,-0.451,0.695,-0.421,0.362,-0.15,-0.712,-0.598,0.876,0.625,0.77,-0.671,0.826,0.004,0.891,0.662,0.844,0.749
BYND,0.563,-0.445,-0.238,0.028,0.063,0.781,-0.173,0.597,0.529,0.622,0.054,-0.24,0.297,0.229,0.206,0.807,0.691,0.321,0.291,-0.292,-0.415,-0.479,-0.184,0.307,0.908,0.078,0.0,0.627,-0.007,-0.281,0.543,-0.109,0.078,-0.24,0.791,0.029,0.217,0.665,-0.062,0.65,0.706,0.46,0.777,0.277,-0.392,0.286,0.508,0.702,-0.14,-0.073,-0.19,0.398,0.464,0.097,-0.295,-0.366,-0.025,0.647,-0.227,0.037,0.145,0.301,-0.136,-0.216,0.61,-0.369,0.544,0.677,-0.478,0.69,-0.094,0.317,-0.067,-0.088,-0.493,0.76,0.082,0.132,0.54,0.582,0.119,0.443,-0.32,0.231,0.621,0.406,-0.087,-0.154,0.138,0.656,0.126,-0.215,-0.333,0.284,0.775,-0.094,0.007,-0.612,0.601,0.333,0.302,0.183,-0.349,0.307,0.365,0.532,0.065,0.68,0.289,0.236,0.371,0.31,-0.241,0.652,0.05,-0.277,0.879,-0.484,0.776,-0.185,0.606,0.361,-0.115,0.147,0.175,-0.289,-0.124,-0.021,-0.04,0.216,-0.399,-0.14,-0.452,0.022,0.216,0.468,0.344,-0.218,0.337,-0.021,0.679,0.48,-0.524,-0.079,0.668,0.296,-0.248,-0.591,0.32,0.722,0.278,-0.183,0.477,-0.003,0.64,0.52,0.103,-0.147,0.103,0.175,0.135,0.117,-0.595,0.414,0.858,-0.605,-0.109,-0.118,0.465,0.689,-0.048,-0.304,0.592,0.047,-0.019,0.662,0.613,-0.169,-0.209,0.543,0.912,-0.646,-0.687,0.743,-0.094,0.217,0.342,0.894,0.321,0.62,-0.288,0.369,0.408,0.139,-0.422,0.29,0.001,0.085,0.047,-0.029
CAN,0.139,-0.726,-0.462,-0.527,-0.31,0.742,-0.477,0.104,0.433,-0.047,0.393,-0.627,-0.265,-0.278,0.054,0.563,0.268,0.282,-0.308,-0.617,-0.572,-0.544,-0.335,0.551,0.418,-0.387,0.627,0.0,0.271,-0.633,0.405,-0.456,-0.207,-0.618,0.733,-0.4,-0.333,0.58,-0.346,0.473,0.391,-0.051,0.472,-0.239,-0.445,0.377,-0.056,0.106,-0.183,-0.458,-0.31,0.013,0.46,-0.426,-0.526,-0.034,-0.075,0.277,-0.508,-0.325,-0.112,-0.168,-0.326,-0.54,0.658,-0.446,0.054,0.758,-0.624,0.678,-0.359,0.517,-0.505,0.289,-0.561,0.288,-0.338,-0.33,0.234,0.093,-0.105,0.595,-0.42,0.053,0.653,0.682,-0.554,-0.485,-0.392,0.669,0.457,-0.461,-0.603,-0.087,0.736,-0.228,-0.216,-0.592,0.128,0.65,-0.18,-0.361,-0.574,0.072,0.667,0.006,-0.012,0.533,0.045,-0.233,0.556,-0.037,-0.344,0.2,-0.345,-0.479,0.479,-0.455,0.246,-0.524,0.467,0.456,0.33,-0.323,-0.308,-0.481,-0.502,-0.31,-0.377,-0.031,-0.127,-0.453,-0.429,-0.107,0.316,0.411,0.257,-0.526,-0.05,0.09,0.795,-0.08,-0.678,-0.441,0.767,-0.226,-0.531,-0.677,-0.001,0.448,-0.134,-0.593,0.218,-0.329,0.711,0.613,-0.075,-0.232,-0.276,-0.239,-0.308,0.213,-0.671,-0.181,0.661,-0.569,-0.311,-0.352,0.58,0.399,-0.393,-0.434,0.259,0.081,-0.503,0.669,0.432,-0.482,-0.614,-0.071,0.52,-0.727,-0.431,0.636,-0.4,0.234,-0.125,0.616,0.443,0.573,-0.52,-0.034,-0.2,0.35,-0.677,0.038,-0.398,-0.293,-0.241,-0.181
CCEC,-0.482,-0.292,0.366,-0.082,-0.293,-0.02,0.339,-0.547,0.278,-0.127,0.792,-0.045,0.076,0.102,-0.159,0.159,0.08,-0.548,-0.217,0.189,0.142,-0.298,0.328,-0.234,-0.12,0.145,-0.007,0.271,0.0,0.103,0.539,-0.164,0.442,-0.214,-0.072,-0.195,0.08,-0.332,0.39,-0.257,0.404,0.198,-0.392,-0.522,0.153,0.483,0.004,0.03,0.556,0.283,0.453,-0.727,-0.268,-0.065,0.354,0.518,-0.142,-0.043,0.209,0.404,0.42,-0.115,0.598,0.225,-0.207,0.481,0.138,-0.16,0.264,-0.21,0.236,-0.249,0.023,-0.286,0.286,0.064,0.345,-0.329,-0.07,-0.185,0.425,-0.294,-0.559,0.582,0.091,0.014,-0.198,0.078,-0.171,-0.198,-0.233,0.009,0.188,0.451,-0.198,0.59,0.513,0.178,-0.507,-0.221,0.2,-0.01,0.235,0.515,0.113,-0.12,0.557,0.358,-0.234,-0.1,-0.27,0.193,0.615,-0.05,0.07,0.294,0.091,0.039,-0.413,-0.391,-0.336,0.47,0.666,-0.246,-0.205,0.349,0.111,0.482,0.053,0.399,0.713,0.279,0.533,0.74,0.725,-0.353,-0.591,0.114,-0.279,-0.14,0.117,-0.059,-0.299,0.072,-0.079,-0.059,0.349,-0.298,-0.589,0.273,0.293,0.16,0.374,0.473,-0.241,-0.022,-0.62,0.511,0.288,0.27,0.265,-0.256,-0.154,-0.301,-0.175,0.441,-0.104,0.48,0.027,-0.546,0.41,0.462,0.46,0.411,0.183,-0.275,0.125,0.312,0.061,-0.242,0.191,0.092,0.504,-0.047,0.399,-0.335,-0.678,-0.021,-0.036,-0.321,0.247,0.329,-0.235,0.09,0.101,-0.504,0.046,0.065,0.53,0.61
CDW,-0.224,0.819,0.869,0.842,0.627,-0.652,0.922,-0.056,-0.329,0.269,-0.024,0.953,0.788,0.778,0.29,-0.17,0.245,-0.407,0.704,0.916,0.849,0.615,0.854,-0.683,-0.038,0.878,-0.281,-0.633,0.103,0.0,-0.123,0.724,0.715,0.757,-0.715,0.696,0.679,-0.718,0.85,-0.583,0.146,0.607,-0.437,0.447,0.788,-0.174,0.487,0.379,0.687,0.911,0.31,-0.1,-0.683,0.846,0.892,-0.024,0.166,0.034,0.915,0.811,0.672,0.552,0.8,0.885,-0.834,0.844,0.51,-0.824,0.934,-0.771,0.633,-0.852,0.936,-0.637,0.76,0.297,0.817,0.676,-0.019,0.178,0.64,-0.86,0.166,0.284,-0.685,-0.459,0.876,0.912,0.815,-0.723,-0.767,0.871,0.96,0.316,-0.67,0.583,0.722,0.812,-0.181,-0.855,0.655,0.689,0.896,0.357,-0.862,0.511,0.55,-0.312,-0.1,0.712,-0.847,0.516,0.755,0.213,0.841,0.922,-0.141,0.731,-0.063,0.649,-0.423,-0.421,-0.16,0.707,0.72,0.892,0.91,0.744,0.875,0.42,0.393,0.89,0.726,0.505,0.026,-0.629,-0.299,0.932,0.149,-0.295,-0.809,0.501,0.764,0.884,-0.84,0.624,0.876,0.699,0.139,-0.101,0.722,0.884,0.155,0.803,-0.789,-0.732,-0.038,0.722,0.817,0.655,0.74,-0.591,0.736,0.528,-0.405,0.792,0.458,0.495,-0.724,-0.535,0.848,0.834,0.253,0.034,0.924,-0.762,-0.491,0.926,0.974,0.46,-0.134,0.72,0.504,-0.676,0.778,-0.405,0.24,-0.433,-0.681,-0.736,0.925,0.503,0.617,-0.559,0.952,-0.051,0.859,0.613,0.76,0.683
CDXS,0.067,-0.424,0.167,0.018,-0.4,0.495,0.099,0.1,0.73,0.467,0.595,-0.16,0.146,0.156,-0.011,0.39,0.32,-0.309,-0.056,-0.092,-0.111,-0.741,-0.091,0.026,0.372,0.028,0.543,0.405,0.539,-0.123,0.0,-0.313,0.394,-0.167,0.528,-0.18,0.341,0.16,0.223,0.408,0.671,0.266,0.199,-0.29,-0.379,0.323,0.332,0.389,0.17,0.087,0.457,-0.292,0.257,0.038,0.051,0.174,0.122,0.538,-0.105,0.337,0.153,0.073,0.287,-0.055,0.295,0.12,0.258,0.328,-0.146,0.308,0.246,0.142,-0.075,-0.107,0.057,0.314,0.275,-0.332,0.11,0.261,0.113,0.142,-0.439,0.711,0.641,-0.002,-0.262,-0.153,-0.059,0.279,0.091,-0.369,-0.132,0.748,0.288,0.367,0.212,-0.283,0.137,0.03,0.372,0.192,-0.136,0.556,0.42,0.044,0.237,0.832,0.2,-0.092,0.104,0.307,0.292,0.395,-0.079,-0.041,0.624,-0.541,0.205,-0.386,0.084,0.792,0.471,-0.238,-0.202,0.024,-0.166,0.465,-0.193,0.661,0.302,0.046,0.087,0.64,0.693,0.171,-0.298,-0.213,0.112,-0.134,0.52,0.189,-0.641,-0.07,0.317,0.248,0.156,-0.609,-0.306,0.707,0.275,0.013,0.74,0.344,0.186,0.326,-0.398,0.087,0.222,0.479,0.251,0.165,-0.519,0.004,0.216,-0.098,-0.218,0.46,0.509,0.113,0.263,0.074,0.587,0.676,0.113,0.241,0.685,0.092,-0.111,0.122,0.706,-0.267,-0.107,0.486,0.403,-0.023,-0.415,0.572,0.482,0.183,-0.101,0.526,-0.023,0.446,-0.197,-0.163,-0.06,0.25,0.311,0.29
