,ABEO,ACHC,AGNCN,AKAM,AKRO,ALRM,AMAT,AMED,AMRN,ANGI,APA,APOG,APPS,ARCB,ARCC,ARVN,ATEC,ATXS,AVAV,AXON,BANF,BATRK,BIDU,BLNE,BLNK,BTAI,BYND,CAN,CCEC,CDW,CDXS,CELH,CGNX,CHKP,CHRS,CHRW,CIGI,CKPT,CMPR,COGT,CRNC,CRSP,CSTL,CTSH,CVGW,DGLY,DNLI,DOCU,DVAX,EBAY,EHTH,ERII,ESLT,EXPE,EXPO,FBIOP,FFBC,FFIN,FOXF,FWRD,GDS,GERN,GPRE,GRWG,GRYP,HEES,HELE,HIVE,HON,HRTX,HSTM,HURA,IART,IBKR,IBOC,IBRX,IDXX,INGN,INM,INVA,IQ,IRBT,KDP,KPTI,KTOS,KXIN,LAMR,LFUS,LGIH,LGMK,LKFN,LNW,LOPE,LPSN,LYFT,MGNX,MLCO,MNST,MODV,MSTR,MTCH,MYGN,MYRG,NCMI,NEXT,NFLX,NIU,NKTR,NRC,NTNX,NTRA,NVEE,NVMI,NWL,NWS,NXPI,OCGN,OCSL,OKTA,OLLI,OTLK,OXLC,PAA,PARA,PARAA,PDCO,PDFS,PFG,PGEN,PNFP,PODD,POWI,PSMT,PTC,PTEN,PVLA,RDNT,RDUS,RDWR,REGN,RNAC,ROCK,ROST,RRR,RSLS,RVMD,RYAAY,SAFT,SAGE,SAVA,SBGI,SFM,SFNC,SHYF,SIBN,SIFY,SIGI,SIMO,SITM,SLM,SNBR,SNDX,SNY,SPNS,SRRK,STRA,SUPN,SYRE,TCBK,TEAM,TECH,THRM,TLRY,TRMK,TROW,TSLA,TWST,TXN,UFPI,UNIT,UPWK,USLM,UTHR,VERB,VLY,VRNA,VRRM,VXRT,WAFD,WATT,WBA,WING,WIX,WTFC,WTW,XPEL,XRX,YMAB,ZG,ZLAB
ABEO,0.0,0.63,0.225,0.614,-0.195,-0.022,0.062,0.626,0.056,0.126,0.695,0.034,0.049,0.567,0.376,0.016,0.764,0.046,0.627,0.612,0.138,-0.344,0.199,0.067,0.295,0.435,-0.116,0.403,0.129,-0.057,0.624,0.305,0.555,0.488,0.066,0.52,-0.334,-0.092,0.031,0.151,-0.18,0.161,0.731,0.52,0.7,0.006,-0.005,0.157,-0.052,0.114,-0.157,0.286,0.586,-0.331,0.481,-0.281,-0.173,0.129,-0.222,0.362,0.206,0.186,0.745,-0.022,-0.027,0.682,0.564,0.291,0.481,-0.298,-0.01,-0.105,0.691,-0.237,0.156,-0.245,0.82,0.813,-0.338,-0.272,0.732,0.348,0.365,-0.583,0.6,0.522,-0.106,0.028,0.615,-0.085,0.023,0.151,0.226,-0.097,-0.109,-0.233,-0.279,0.401,0.765,0.737,-0.016,-0.337,0.154,-0.214,0.416,0.006,-0.224,0.418,-0.245,0.434,0.001,0.723,-0.127,-0.373,0.027,-0.009,-0.061,0.164,0.241,0.452,0.418,0.174,0.392,0.579,0.571,0.303,0.218,-0.078,0.461,0.176,0.793,0.051,0.444,0.298,0.18,0.105,-0.058,0.551,0.624,0.014,-0.08,0.026,0.301,-0.21,-0.265,-0.094,-0.273,0.113,0.203,-0.052,0.635,0.307,0.036,-0.154,0.708,0.466,0.548,-0.157,0.201,-0.2,0.042,0.3,-0.282,-0.052,0.123,0.653,-0.544,-0.166,-0.225,0.135,0.715,-0.424,-0.181,-0.023,0.076,0.34,0.213,0.412,0.165,0.711,-0.007,-0.1,-0.276,0.23,-0.24,-0.082,-0.264,0.315,-0.119,0.047,0.166,-0.061,0.027,-0.116,0.171,-0.055,-0.314,0.325,-0.201,-0.385
ACHC,0.63,0.0,-0.23,0.192,-0.738,-0.54,-0.459,0.886,-0.573,-0.521,0.884,0.002,-0.322,0.521,-0.053,-0.574,0.853,0.05,0.951,0.112,0.051,-0.78,-0.228,0.223,0.359,0.159,-0.68,0.619,-0.443,-0.588,0.271,0.38,0.652,0.912,-0.298,0.947,-0.843,-0.732,-0.287,-0.482,-0.746,-0.446,0.311,0.072,0.698,-0.475,-0.635,-0.458,-0.591,-0.482,-0.752,0.306,0.937,-0.515,0.95,-0.761,-0.659,-0.315,-0.793,-0.004,0.116,0.254,0.497,-0.481,-0.617,0.512,0.426,-0.312,-0.034,-0.858,-0.487,-0.688,0.753,-0.805,-0.182,0.033,0.627,0.844,-0.852,0.019,0.643,-0.143,0.271,-0.652,0.849,0.484,-0.516,-0.372,0.687,-0.693,-0.453,-0.091,0.638,-0.5,-0.505,-0.823,-0.637,-0.12,0.715,0.447,-0.569,-0.813,-0.125,-0.457,0.895,-0.589,-0.764,-0.051,-0.321,-0.119,-0.627,0.93,-0.663,-0.092,-0.514,-0.59,-0.563,-0.341,-0.394,-0.105,0.901,-0.368,-0.023,0.179,0.191,0.836,-0.332,-0.688,-0.149,-0.297,0.762,0.225,0.903,-0.373,0.761,-0.561,-0.556,0.974,0.702,-0.245,-0.715,-0.43,-0.277,-0.533,-0.567,-0.671,-0.841,-0.14,-0.442,-0.642,0.539,0.615,-0.473,-0.458,0.901,0.016,0.868,-0.708,-0.295,-0.605,-0.548,0.39,-0.795,-0.622,-0.514,0.526,-0.529,-0.767,-0.608,-0.483,0.345,-0.799,-0.621,-0.559,-0.541,-0.166,-0.44,0.155,0.686,0.933,-0.616,-0.481,-0.698,-0.428,-0.59,-0.627,-0.281,-0.159,-0.395,-0.4,-0.343,-0.509,-0.634,-0.646,-0.262,0.03,-0.737,0.657,0.033,-0.588
AGNCN,0.225,-0.23,0.0,0.594,0.516,0.434,0.542,-0.2,0.643,0.641,0.032,-0.041,0.231,0.269,0.829,0.473,0.078,-0.075,-0.195,0.661,0.283,0.308,0.415,-0.288,-0.219,0.136,0.478,-0.178,0.643,0.64,0.397,-0.065,0.119,-0.294,0.191,-0.3,0.401,0.596,0.157,0.615,0.545,0.634,0.599,0.563,0.2,0.492,0.605,0.606,0.412,0.581,0.584,-0.014,-0.186,0.018,-0.326,0.372,0.527,0.644,0.506,0.795,-0.012,-0.034,0.5,0.225,0.544,0.511,0.123,0.593,0.752,0.451,0.387,0.477,-0.065,0.456,0.42,-0.418,0.442,0.102,0.419,-0.575,0.088,0.637,0.424,-0.168,-0.076,0.036,0.428,0.429,-0.005,0.608,0.579,0.259,-0.24,0.324,0.285,0.494,0.23,0.756,0.235,0.44,0.449,0.287,0.148,0.071,-0.346,0.567,0.461,0.396,0.076,0.652,0.615,-0.065,0.453,-0.499,0.535,0.655,0.345,0.734,0.602,0.666,-0.365,0.668,0.628,0.51,0.493,-0.467,0.524,0.618,0.665,0.572,0.167,-0.214,-0.331,0.732,-0.686,0.673,0.557,-0.249,0.114,0.13,0.608,0.438,0.535,0.277,0.202,0.523,0.457,0.476,0.729,0.462,0.172,-0.194,0.555,0.227,-0.049,0.685,-0.057,0.577,0.475,0.237,0.664,-0.306,0.439,0.451,0.643,0.389,-0.008,0.583,0.465,0.578,0.532,0.307,0.251,0.573,0.764,0.569,0.709,0.639,-0.358,0.012,0.688,0.526,0.333,0.772,0.341,0.467,-0.194,0.554,0.349,0.306,0.621,0.316,0.668,0.55,0.542,-0.194,0.284,-0.327,-0.507,0.008
AKAM,0.614,0.192,0.594,0.0,0.119,0.362,0.259,0.106,0.514,0.626,0.488,-0.071,0.119,0.291,0.736,0.4,0.532,-0.299,0.29,0.852,0.082,-0.055,0.271,-0.329,-0.132,0.267,0.359,-0.026,0.648,0.387,0.647,-0.096,0.284,-0.039,0.332,0.068,0.052,0.405,0.226,0.63,0.34,0.494,0.77,0.696,0.659,0.289,0.449,0.435,0.059,0.615,0.339,0.13,0.205,-0.433,0.013,-0.025,0.138,0.331,0.095,0.674,-0.169,-0.21,0.667,0.127,0.413,0.602,0.539,0.489,0.822,0.179,0.419,0.376,0.377,0.138,0.232,-0.727,0.796,0.538,0.12,-0.696,0.362,0.749,0.487,-0.56,0.3,0.363,0.02,0.055,0.247,0.391,0.443,0.072,-0.184,0.352,0.04,0.213,-0.107,0.55,0.554,0.646,0.157,-0.028,0.187,-0.246,-0.005,0.326,0.074,0.522,-0.393,0.59,0.329,0.44,0.154,-0.668,0.334,0.317,0.033,0.529,0.554,0.907,-0.077,0.651,0.848,0.923,0.906,-0.173,0.609,0.368,0.614,0.368,0.543,-0.431,0.076,0.675,-0.334,0.586,0.305,0.122,0.442,0.269,0.376,0.344,0.474,-0.148,-0.053,0.348,0.176,0.523,0.738,0.317,0.478,0.332,0.327,0.008,0.336,0.711,0.137,0.242,0.344,-0.154,0.541,-0.266,-0.035,0.377,0.507,0.663,-0.507,0.369,0.106,0.393,0.729,-0.241,0.03,0.419,0.499,0.654,0.542,0.521,-0.389,0.4,0.374,0.279,0.173,0.687,-0.028,0.265,-0.544,0.308,-0.072,0.209,0.705,0.162,0.592,0.256,0.404,-0.482,-0.043,-0.189,-0.625,-0.494
AKRO,-0.195,-0.738,0.516,0.119,0.0,0.738,0.837,-0.494,0.834,0.732,-0.663,0.331,0.704,-0.035,0.342,0.775,-0.403,0.202,-0.712,0.377,0.29,0.801,0.683,0.077,0.088,0.406,0.828,-0.309,0.626,0.709,0.334,0.045,-0.348,-0.704,0.586,-0.836,0.909,0.844,0.534,0.704,0.88,0.826,0.207,0.342,-0.334,0.793,0.888,0.86,0.867,0.69,0.822,0.098,-0.695,0.653,-0.775,0.85,0.806,0.653,0.927,0.377,0.326,0.082,-0.083,0.799,0.834,-0.047,-0.029,0.763,0.458,0.9,0.659,0.778,-0.301,0.924,0.507,0.091,-0.18,-0.405,0.893,-0.008,-0.138,0.478,-0.08,0.593,-0.494,-0.23,0.784,0.752,-0.185,0.854,0.632,0.495,-0.707,0.61,0.81,0.876,0.776,0.537,-0.189,0.172,0.863,0.897,0.46,0.68,-0.829,0.883,0.91,0.513,0.372,0.587,0.924,-0.646,0.831,0.083,0.835,0.842,0.775,0.529,0.789,0.411,-0.793,0.485,0.151,0.081,0.065,-0.724,0.707,0.88,0.568,0.695,-0.278,0.108,-0.779,0.733,-0.741,0.756,0.853,-0.774,-0.511,0.388,0.892,0.692,0.621,0.795,0.703,0.863,0.887,0.2,0.676,0.86,-0.001,-0.612,0.709,0.577,-0.453,0.355,-0.627,0.87,0.798,0.797,0.761,-0.137,0.909,0.781,0.83,-0.226,0.287,0.781,0.684,0.845,0.134,0.822,0.845,0.716,0.789,0.583,0.823,0.104,-0.586,-0.628,0.88,0.563,0.684,0.704,0.733,0.815,0.409,0.691,0.636,0.764,0.496,0.759,0.77,0.834,0.358,0.23,0.781,-0.476,0.078,0.696
ALRM,-0.022,-0.54,0.434,0.362,0.738,0.0,0.766,-0.48,0.861,0.769,-0.438,0.476,0.626,0.072,0.504,0.804,-0.207,-0.268,-0.562,0.56,0.441,0.818,0.767,-0.063,0.053,0.235,0.942,-0.064,0.718,0.811,0.406,-0.176,-0.319,-0.674,0.772,-0.718,0.83,0.875,0.816,0.859,0.87,0.713,0.25,0.542,-0.108,0.858,0.869,0.769,0.724,0.875,0.713,0.31,-0.598,0.523,-0.676,0.683,0.829,0.655,0.757,0.415,0.117,-0.324,-0.092,0.739,0.928,-0.022,0.303,0.774,0.545,0.799,0.878,0.904,-0.185,0.848,0.57,-0.079,-0.03,-0.289,0.797,-0.141,0.081,0.637,0.162,0.317,-0.531,0.079,0.689,0.578,0.036,0.791,0.784,0.533,-0.819,0.913,0.797,0.834,0.791,0.479,-0.096,0.256,0.711,0.797,0.651,0.613,-0.794,0.799,0.823,0.761,0.053,0.591,0.802,-0.357,0.9,0.091,0.881,0.749,0.695,0.671,0.744,0.61,-0.752,0.777,0.411,0.396,0.38,-0.543,0.855,0.875,0.47,0.71,-0.182,0.001,-0.598,0.752,-0.645,0.857,0.774,-0.638,-0.306,0.548,0.872,0.841,0.8,0.604,0.796,0.807,0.841,0.411,0.724,0.825,0.135,-0.244,0.823,0.757,-0.356,0.419,-0.652,0.856,0.706,0.686,0.852,-0.06,0.671,0.907,0.753,-0.117,0.112,0.766,0.784,0.778,0.162,0.631,0.782,0.856,0.766,0.792,0.775,0.119,-0.609,-0.478,0.762,0.636,0.875,0.709,0.762,0.834,0.212,0.457,0.618,0.777,0.702,0.836,0.763,0.846,0.498,-0.091,0.821,-0.592,0.01,0.405
AMAT,0.062,-0.459,0.542,0.259,0.837,0.766,0.0,-0.251,0.825,0.648,-0.423,0.564,0.695,0.308,0.557,0.682,-0.087,0.16,-0.508,0.585,0.529,0.699,0.794,0.108,0.231,0.46,0.765,-0.005,0.637,0.774,0.542,0.188,-0.114,-0.464,0.622,-0.645,0.794,0.787,0.615,0.718,0.785,0.857,0.388,0.616,-0.189,0.875,0.837,0.841,0.835,0.702,0.749,0.415,-0.478,0.638,-0.547,0.704,0.804,0.798,0.847,0.592,0.386,0.107,0.135,0.743,0.811,0.248,0.25,0.84,0.657,0.756,0.672,0.719,-0.003,0.836,0.663,0.15,0.093,-0.169,0.754,-0.078,0.094,0.589,0.096,0.384,-0.334,-0.071,0.84,0.889,0.146,0.804,0.684,0.672,-0.614,0.568,0.846,0.777,0.775,0.678,0.07,0.404,0.847,0.737,0.662,0.632,-0.654,0.855,0.82,0.621,0.388,0.772,0.9,-0.404,0.877,0.056,0.924,0.921,0.688,0.654,0.778,0.495,-0.564,0.616,0.28,0.181,0.154,-0.438,0.8,0.841,0.673,0.821,0.008,0.344,-0.54,0.811,-0.63,0.755,0.884,-0.53,-0.218,0.399,0.839,0.808,0.771,0.772,0.704,0.756,0.756,0.229,0.615,0.776,0.147,-0.456,0.776,0.616,-0.164,0.541,-0.393,0.872,0.909,0.778,0.762,0.081,0.794,0.772,0.764,0.003,0.194,0.694,0.71,0.843,0.324,0.72,0.747,0.753,0.841,0.754,0.876,0.382,-0.331,-0.34,0.849,0.618,0.603,0.723,0.757,0.808,0.458,0.769,0.718,0.832,0.55,0.758,0.661,0.838,0.55,0.248,0.769,-0.393,0.081,0.564
AMED,0.626,0.886,-0.2,0.106,-0.494,-0.48,-0.251,0.0,-0.458,-0.44,0.729,0.168,-0.053,0.599,-0.109,-0.472,0.828,0.274,0.852,0.154,0.107,-0.645,-0.075,0.425,0.572,0.414,-0.608,0.606,-0.43,-0.53,0.427,0.627,0.64,0.917,-0.187,0.823,-0.698,-0.641,-0.223,-0.425,-0.652,-0.233,0.385,0.046,0.615,-0.333,-0.513,-0.247,-0.31,-0.432,-0.602,0.358,0.865,-0.281,0.885,-0.552,-0.533,-0.184,-0.579,0.006,0.34,0.563,0.497,-0.24,-0.534,0.543,0.446,-0.112,0.008,-0.708,-0.455,-0.634,0.786,-0.624,-0.022,0.249,0.608,0.83,-0.7,0.2,0.623,-0.088,0.152,-0.395,0.9,0.368,-0.335,-0.109,0.747,-0.531,-0.398,0.069,0.577,-0.538,-0.327,-0.706,-0.478,0.036,0.78,0.548,-0.275,-0.629,0.005,-0.253,0.797,-0.356,-0.581,-0.007,-0.025,0.064,-0.399,0.755,-0.532,0.043,-0.374,-0.439,-0.373,-0.278,-0.194,-0.13,0.845,-0.46,-0.138,0.037,0.042,0.752,-0.234,-0.588,0.064,-0.13,0.828,0.441,0.789,-0.272,0.725,-0.498,-0.391,0.872,0.663,-0.151,-0.573,-0.357,-0.181,-0.311,-0.43,-0.52,-0.714,-0.204,-0.39,-0.48,0.576,0.383,-0.371,-0.371,0.927,0.062,0.848,-0.611,-0.042,-0.321,-0.469,0.511,-0.541,-0.509,-0.397,0.522,-0.454,-0.674,-0.519,-0.285,0.445,-0.6,-0.414,-0.483,-0.431,-0.09,-0.269,0.094,0.694,0.843,-0.444,-0.418,-0.703,-0.396,-0.446,-0.458,-0.012,0.175,-0.221,-0.165,-0.42,-0.344,-0.563,-0.506,-0.257,0.378,-0.595,0.799,0.27,-0.285
AMRN,0.056,-0.573,0.643,0.514,0.834,0.861,0.825,-0.458,0.0,0.88,-0.354,0.266,0.621,0.09,0.641,0.855,-0.197,-0.103,-0.548,0.667,0.314,0.724,0.732,-0.106,-0.044,0.305,0.93,-0.202,0.854,0.851,0.499,-0.147,-0.224,-0.682,0.69,-0.73,0.844,0.954,0.626,0.899,0.923,0.906,0.394,0.599,-0.056,0.856,0.942,0.887,0.769,0.9,0.859,0.172,-0.577,0.412,-0.722,0.743,0.82,0.715,0.809,0.575,0.122,-0.195,0.135,0.741,0.95,0.145,0.249,0.876,0.726,0.855,0.85,0.9,-0.175,0.891,0.586,-0.249,0.127,-0.215,0.859,-0.312,0.023,0.694,0.211,0.29,-0.415,-0.001,0.67,0.663,-0.078,0.915,0.8,0.456,-0.757,0.772,0.737,0.881,0.687,0.651,0.002,0.36,0.778,0.758,0.531,0.47,-0.767,0.895,0.846,0.706,0.087,0.711,0.921,-0.391,0.837,-0.175,0.901,0.853,0.713,0.785,0.882,0.753,-0.76,0.814,0.537,0.471,0.45,-0.682,0.863,0.949,0.681,0.763,-0.103,-0.126,-0.675,0.925,-0.79,0.951,0.816,-0.654,-0.27,0.541,0.955,0.829,0.787,0.601,0.683,0.91,0.873,0.445,0.874,0.913,0.168,-0.333,0.807,0.633,-0.328,0.614,-0.567,0.888,0.784,0.672,0.937,-0.232,0.762,0.909,0.894,0.057,0.04,0.881,0.736,0.889,0.347,0.645,0.752,0.863,0.896,0.833,0.92,0.295,-0.69,-0.414,0.897,0.634,0.787,0.884,0.707,0.886,0.075,0.632,0.578,0.782,0.797,0.772,0.913,0.879,0.65,-0.069,0.769,-0.55,-0.194,0.371
ANGI,0.126,-0.521,0.641,0.626,0.732,0.769,0.648,-0.44,0.88,0.0,-0.292,0.086,0.609,0.055,0.591,0.872,-0.126,-0.126,-0.455,0.693,0.144,0.588,0.602,-0.139,-0.073,0.326,0.835,-0.341,0.793,0.681,0.479,-0.068,-0.258,-0.632,0.615,-0.64,0.708,0.856,0.544,0.9,0.855,0.76,0.517,0.534,0.119,0.68,0.877,0.87,0.672,0.872,0.769,-0.021,-0.491,0.242,-0.636,0.67,0.683,0.613,0.722,0.533,0.083,-0.227,0.217,0.636,0.824,0.161,0.284,0.789,0.686,0.788,0.715,0.855,-0.141,0.767,0.467,-0.468,0.218,-0.092,0.741,-0.346,0.024,0.727,0.154,0.118,-0.354,-0.075,0.528,0.484,-0.071,0.773,0.771,0.353,-0.667,0.719,0.533,0.772,0.524,0.657,0.081,0.376,0.715,0.663,0.326,0.375,-0.694,0.799,0.745,0.649,-0.029,0.712,0.831,-0.299,0.662,-0.279,0.754,0.73,0.623,0.652,0.895,0.833,-0.738,0.733,0.56,0.646,0.629,-0.757,0.812,0.859,0.682,0.69,-0.021,-0.345,-0.606,0.872,-0.767,0.907,0.734,-0.589,-0.204,0.437,0.866,0.607,0.748,0.484,0.471,0.839,0.828,0.393,0.964,0.823,0.232,-0.298,0.726,0.439,-0.285,0.518,-0.506,0.731,0.672,0.489,0.847,-0.399,0.635,0.776,0.909,0.117,-0.125,0.787,0.587,0.854,0.482,0.497,0.654,0.785,0.799,0.697,0.827,0.222,-0.806,-0.35,0.811,0.503,0.658,0.887,0.528,0.753,-0.059,0.539,0.418,0.616,0.733,0.664,0.959,0.79,0.418,-0.194,0.537,-0.514,-0.298,0.209
APA,0.695,0.884,0.032,0.488,-0.663,-0.438,-0.423,0.729,-0.354,-0.292,0.0,-0.208,-0.398,0.443,0.213,-0.418,0.831,-0.133,0.913,0.319,-0.058,-0.756,-0.231,-0.052,0.089,0.073,-0.512,0.439,-0.174,-0.389,0.335,0.138,0.622,0.748,-0.255,0.854,-0.755,-0.507,-0.301,-0.246,-0.58,-0.269,0.444,0.217,0.79,-0.387,-0.469,-0.344,-0.58,-0.268,-0.544,0.156,0.879,-0.698,0.785,-0.713,-0.59,-0.26,-0.731,0.195,-0.1,0.071,0.669,-0.486,-0.439,0.59,0.409,-0.195,0.196,-0.72,-0.311,-0.514,0.659,-0.703,-0.179,-0.313,0.786,0.865,-0.721,-0.316,0.596,0.047,0.421,-0.802,0.813,0.513,-0.557,-0.426,0.527,-0.483,-0.321,-0.178,0.529,-0.359,-0.533,-0.654,-0.673,0.008,0.736,0.51,-0.544,-0.797,-0.151,-0.614,0.806,-0.474,-0.691,0.03,-0.48,-0.012,-0.493,0.932,-0.602,-0.416,-0.421,-0.478,-0.516,-0.089,-0.232,0.185,0.749,-0.085,0.331,0.437,0.449,0.616,-0.192,-0.517,0.028,-0.248,0.749,-0.107,0.771,-0.137,0.517,-0.304,-0.49,0.866,0.764,-0.158,-0.528,-0.326,-0.157,-0.608,-0.572,-0.527,-0.715,0.067,-0.17,-0.493,0.553,0.641,-0.386,-0.464,0.8,0.261,0.786,-0.582,-0.285,-0.654,-0.331,0.149,-0.754,-0.452,-0.333,0.687,-0.595,-0.517,-0.551,-0.373,0.481,-0.82,-0.627,-0.407,-0.344,0.012,-0.258,0.31,0.446,0.932,-0.45,-0.346,-0.569,-0.155,-0.603,-0.486,-0.569,-0.136,-0.47,-0.398,-0.052,-0.471,-0.368,-0.542,-0.037,-0.232,-0.68,0.484,-0.297,-0.742
APOG,0.034,0.002,-0.041,-0.071,0.331,0.476,0.564,0.168,0.266,0.086,-0.208,0.0,0.516,0.281,0.08,0.263,0.22,0.062,-0.099,0.233,0.736,0.465,0.554,0.434,0.57,0.422,0.337,0.414,0.185,0.332,0.423,0.323,-0.032,-0.034,0.627,-0.219,0.366,0.207,0.706,0.249,0.294,0.325,0.038,0.396,-0.004,0.575,0.318,0.301,0.387,0.333,0.144,0.827,-0.101,0.599,-0.033,0.215,0.496,0.533,0.353,0.12,0.358,0.131,-0.221,0.576,0.378,0.07,0.472,0.365,0.216,0.266,0.445,0.282,0.371,0.382,0.602,0.577,-0.055,0.007,0.295,0.381,0.201,0.292,0.093,0.334,-0.023,0.127,0.511,0.57,0.505,0.244,0.436,0.635,-0.368,0.315,0.659,0.2,0.578,0.189,0.198,0.234,0.367,0.43,0.81,0.632,-0.242,0.334,0.328,0.445,0.223,0.274,0.331,-0.051,0.489,0.589,0.553,0.331,0.295,0.191,0.252,0.05,-0.091,0.149,-0.117,-0.099,-0.111,0.262,0.496,0.33,0.104,0.532,0.132,0.707,0.062,0.199,0.104,0.213,0.515,-0.054,-0.103,0.497,0.274,0.59,0.443,0.544,0.648,0.29,0.266,0.215,0.02,0.322,0.238,0.072,0.513,0.618,0.181,0.059,-0.089,0.374,0.601,0.532,0.297,0.487,0.33,0.427,0.196,-0.087,0.137,0.099,0.521,0.282,0.045,0.293,0.528,0.457,0.238,0.457,0.281,-0.034,0.14,-0.067,0.193,0.317,0.346,0.066,0.618,0.38,0.66,0.371,0.652,0.668,0.209,0.535,0.008,0.438,0.079,0.414,0.503,-0.028,0.56,0.426
APPS,0.049,-0.322,0.231,0.119,0.704,0.626,0.695,-0.053,0.621,0.609,-0.398,0.516,0.0,0.327,0.139,0.724,-0.044,0.25,-0.352,0.444,0.342,0.605,0.789,0.529,0.614,0.67,0.625,0.131,0.371,0.341,0.595,0.473,-0.22,-0.279,0.749,-0.5,0.618,0.536,0.679,0.511,0.602,0.606,0.315,0.269,0.006,0.702,0.622,0.822,0.8,0.511,0.44,0.369,-0.352,0.699,-0.362,0.692,0.598,0.533,0.64,0.215,0.598,0.231,-0.033,0.868,0.615,0.03,0.363,0.773,0.3,0.593,0.57,0.623,0.073,0.676,0.536,0.278,0.018,-0.053,0.605,0.399,0.245,0.38,-0.155,0.541,-0.186,-0.127,0.685,0.712,0.335,0.5,0.513,0.721,-0.64,0.528,0.76,0.491,0.743,0.532,0.191,0.439,0.83,0.683,0.588,0.791,-0.55,0.752,0.722,0.665,0.237,0.622,0.732,-0.32,0.607,0.406,0.707,0.516,0.693,0.327,0.763,0.349,-0.455,0.273,-0.093,0.198,0.189,-0.387,0.651,0.613,0.463,0.674,0.093,0.362,-0.393,0.57,-0.276,0.531,0.666,-0.401,-0.282,0.473,0.616,0.536,0.667,0.798,0.654,0.61,0.647,-0.02,0.497,0.748,0.427,-0.437,0.599,0.559,-0.032,0.199,-0.405,0.52,0.835,0.763,0.551,0.064,0.61,0.613,0.648,-0.173,-0.093,0.378,0.507,0.818,0.39,0.58,0.844,0.523,0.46,0.545,0.607,-0.164,-0.326,-0.326,0.608,0.259,0.472,0.418,0.624,0.732,0.501,0.699,0.598,0.789,0.224,0.798,0.521,0.689,0.134,0.47,0.56,-0.065,0.491,0.636
ARCB,0.567,0.521,0.269,0.291,-0.035,0.072,0.308,0.599,0.09,0.055,0.443,0.281,0.327,0.0,0.431,-0.028,0.603,0.08,0.418,0.577,0.467,-0.164,0.435,0.375,0.517,0.389,-0.078,0.644,-0.077,0.019,0.603,0.618,0.486,0.538,0.104,0.345,-0.189,-0.078,0.161,0.071,-0.133,0.204,0.621,0.358,0.466,0.194,-0.01,0.294,0.23,-0.014,-0.134,0.441,0.478,0.104,0.463,-0.004,0.054,0.393,-0.047,0.507,0.477,0.351,0.625,0.04,-0.006,0.765,0.62,0.431,0.421,-0.245,-0.024,-0.091,0.543,-0.101,0.456,0.139,0.65,0.642,-0.244,0.041,0.692,0.265,0.328,-0.27,0.454,0.206,0.211,0.43,0.802,-0.09,0.134,0.541,0.181,-0.058,0.113,-0.183,0.08,0.556,0.726,0.775,0.257,-0.205,0.233,0.083,0.297,0.2,0.052,0.389,0.165,0.607,0.152,0.434,0.038,0.01,0.209,0.177,0.166,0.285,0.279,0.26,0.35,0.151,0.147,0.282,0.283,0.328,0.189,-0.009,0.45,0.482,0.681,0.421,0.329,0.26,0.152,0.055,0.149,0.482,0.589,-0.092,-0.005,0.113,0.438,0.113,-0.028,-0.08,-0.159,-0.158,0.073,-0.014,0.664,-0.032,0.234,0.029,0.654,0.453,0.489,-0.026,0.393,0.167,0.035,0.422,-0.082,-0.028,0.099,0.501,-0.278,-0.18,0.035,0.3,0.602,-0.016,-0.034,0.053,0.181,0.37,0.292,0.427,0.411,0.569,0.165,0.044,-0.238,0.111,0.103,0.081,0.069,0.495,0.257,0.183,-0.07,0.134,-0.064,0.115,0.234,0.347,-0.088,0.422,0.162,-0.001
ARCC,0.376,-0.053,0.829,0.736,0.342,0.504,0.557,-0.109,0.641,0.591,0.213,0.08,0.139,0.431,0.0,0.388,0.248,-0.335,-0.058,0.816,0.441,0.23,0.448,-0.362,-0.258,0.033,0.479,0.001,0.668,0.723,0.482,-0.13,0.223,-0.196,0.246,-0.192,0.314,0.577,0.283,0.693,0.487,0.615,0.64,0.709,0.311,0.541,0.559,0.526,0.312,0.61,0.518,0.188,-0.048,-0.07,-0.205,0.252,0.505,0.691,0.385,0.875,-0.144,-0.234,0.562,0.126,0.555,0.645,0.413,0.59,0.884,0.346,0.482,0.48,0.112,0.375,0.538,-0.491,0.589,0.256,0.313,-0.699,0.218,0.725,0.63,-0.354,-0.018,0.199,0.34,0.418,0.191,0.544,0.662,0.328,-0.205,0.385,0.266,0.445,0.236,0.765,0.384,0.541,0.354,0.157,0.284,-0.056,-0.241,0.508,0.376,0.472,-0.013,0.686,0.532,0.12,0.453,-0.53,0.571,0.644,0.27,0.829,0.555,0.776,-0.276,0.825,0.812,0.633,0.617,-0.262,0.613,0.582,0.631,0.655,0.267,-0.209,-0.19,0.741,-0.601,0.696,0.541,-0.094,0.359,0.167,0.573,0.568,0.638,0.129,0.195,0.448,0.373,0.521,0.693,0.38,0.267,0.011,0.624,0.274,0.08,0.824,0.036,0.551,0.457,0.183,0.656,-0.165,0.298,0.501,0.555,0.598,-0.083,0.568,0.495,0.516,0.538,0.202,0.121,0.64,0.775,0.723,0.71,0.731,-0.27,0.207,0.618,0.608,0.336,0.758,0.364,0.467,-0.314,0.437,0.355,0.311,0.71,0.31,0.602,0.539,0.665,-0.305,0.298,-0.331,-0.557,-0.177
ARVN,0.016,-0.574,0.473,0.4,0.775,0.804,0.682,-0.472,0.855,0.872,-0.418,0.263,0.724,-0.028,0.388,0.0,-0.218,-0.007,-0.539,0.54,0.195,0.741,0.692,0.101,0.138,0.411,0.877,-0.205,0.752,0.621,0.459,-0.03,-0.371,-0.677,0.771,-0.703,0.812,0.836,0.695,0.802,0.878,0.723,0.331,0.511,-0.006,0.773,0.867,0.85,0.74,0.817,0.707,0.156,-0.587,0.476,-0.7,0.701,0.751,0.581,0.759,0.335,0.196,-0.239,-0.022,0.836,0.868,-0.049,0.204,0.768,0.507,0.834,0.805,0.882,-0.14,0.845,0.495,-0.203,0.017,-0.238,0.826,-0.031,0.049,0.552,0.034,0.321,-0.465,-0.067,0.658,0.56,-0.045,0.736,0.72,0.485,-0.825,0.787,0.725,0.776,0.706,0.508,-0.031,0.269,0.723,0.785,0.523,0.634,-0.788,0.775,0.793,0.73,-0.074,0.589,0.821,-0.371,0.756,0.019,0.825,0.658,0.719,0.51,0.83,0.663,-0.764,0.662,0.29,0.491,0.478,-0.69,0.789,0.881,0.529,0.655,-0.127,-0.139,-0.6,0.811,-0.645,0.85,0.742,-0.663,-0.454,0.6,0.84,0.689,0.762,0.699,0.684,0.817,0.873,0.346,0.808,0.934,0.247,-0.309,0.732,0.617,-0.36,0.308,-0.655,0.759,0.726,0.636,0.835,-0.311,0.68,0.823,0.885,-0.165,-0.027,0.71,0.638,0.867,0.368,0.563,0.85,0.777,0.679,0.654,0.736,-0.0,-0.737,-0.49,0.725,0.413,0.78,0.777,0.651,0.83,0.205,0.518,0.532,0.744,0.68,0.803,0.849,0.829,0.341,-0.081,0.674,-0.547,-0.032,0.429
ATEC,0.764,0.853,0.078,0.532,-0.403,-0.207,-0.087,0.828,-0.197,-0.126,0.831,0.22,-0.044,0.603,0.248,-0.218,0.0,0.062,0.863,0.503,0.22,-0.546,0.052,0.191,0.433,0.458,-0.336,0.532,-0.053,-0.264,0.635,0.456,0.635,0.726,0.054,0.717,-0.558,-0.374,0.016,-0.073,-0.378,-0.038,0.626,0.447,0.826,-0.119,-0.227,-0.071,-0.318,-0.07,-0.386,0.484,0.825,-0.437,0.762,-0.553,-0.366,0.021,-0.463,0.319,0.179,0.268,0.67,-0.15,-0.246,0.694,0.627,0.053,0.371,-0.513,-0.152,-0.347,0.89,-0.481,0.09,-0.108,0.836,0.92,-0.547,-0.141,0.681,0.297,0.344,-0.639,0.843,0.501,-0.239,-0.094,0.759,-0.31,-0.115,0.136,0.35,-0.244,-0.213,-0.515,-0.422,0.201,0.879,0.706,-0.245,-0.539,0.169,-0.268,0.661,-0.228,-0.494,0.239,-0.293,0.269,-0.239,0.878,-0.359,-0.219,-0.13,-0.233,-0.38,-0.055,0.016,0.28,0.68,-0.051,0.266,0.464,0.46,0.638,0.121,-0.316,0.24,0.049,0.925,0.216,0.766,0.047,0.494,-0.163,-0.14,0.808,0.711,0.031,-0.342,-0.101,0.067,-0.304,-0.346,-0.335,-0.53,0.125,-0.043,-0.292,0.686,0.586,-0.143,-0.275,0.938,0.314,0.758,-0.375,0.112,-0.404,-0.143,0.303,-0.53,-0.263,-0.114,0.666,-0.595,-0.444,-0.357,-0.13,0.641,-0.665,-0.317,-0.197,-0.168,0.219,-0.029,0.329,0.422,0.891,-0.268,-0.225,-0.464,-0.021,-0.369,-0.305,-0.213,0.172,-0.206,-0.042,0.036,-0.224,-0.255,-0.307,-0.106,-0.0,-0.514,0.481,-0.075,-0.525
ATXS,0.046,0.05,-0.075,-0.299,0.202,-0.268,0.16,0.274,-0.103,-0.126,-0.133,0.062,0.25,0.08,-0.335,-0.007,0.062,0.0,0.053,-0.19,-0.153,-0.123,-0.006,0.494,0.5,0.585,-0.218,-0.025,-0.201,-0.334,0.177,0.613,0.141,0.219,-0.124,0.079,-0.039,-0.2,-0.223,-0.311,-0.105,0.074,0.076,0.014,-0.118,-0.094,-0.023,0.129,0.167,-0.236,-0.057,0.018,0.096,0.236,0.134,0.021,-0.144,-0.058,0.101,-0.102,0.704,0.728,0.149,0.233,-0.173,0.062,-0.247,0.057,-0.123,-0.014,-0.359,-0.234,0.212,-0.024,-0.122,0.424,-0.021,0.05,-0.042,0.404,0.057,-0.259,-0.418,0.207,0.199,-0.169,0.275,0.289,0.059,-0.078,-0.312,0.116,0.154,-0.358,0.154,-0.082,-0.039,-0.007,0.071,0.091,0.16,0.063,-0.088,0.295,0.129,0.008,-0.009,-0.102,0.255,0.104,0.076,-0.096,-0.073,0.128,-0.034,0.076,0.047,-0.416,0.056,-0.273,0.193,-0.488,-0.53,-0.318,-0.325,0.042,-0.156,-0.086,0.187,-0.062,0.212,0.476,0.06,-0.007,0.153,-0.25,0.008,0.062,-0.284,-0.176,-0.127,-0.231,-0.14,0.379,-0.123,-0.065,-0.082,-0.35,-0.178,0.048,0.088,-0.291,-0.238,-0.244,0.172,-0.25,0.206,-0.069,0.281,0.092,-0.183,0.129,0.119,-0.282,0.117,-0.222,0.036,-0.275,-0.293,0.126,0.183,0.065,0.172,-0.305,-0.119,-0.266,-0.006,0.049,0.194,-0.006,-0.01,-0.313,-0.314,-0.043,-0.142,-0.116,0.49,0.412,0.009,0.118,-0.333,-0.117,-0.157,-0.131,-0.287,0.477,-0.174,0.228,0.277,0.363
AVAV,0.627,0.951,-0.195,0.29,-0.712,-0.562,-0.508,0.852,-0.548,-0.455,0.913,-0.099,-0.352,0.418,-0.058,-0.539,0.863,0.053,0.0,0.131,-0.054,-0.813,-0.307,0.165,0.295,0.198,-0.662,0.528,-0.38,-0.598,0.28,0.315,0.655,0.87,-0.296,0.931,-0.847,-0.704,-0.325,-0.45,-0.713,-0.399,0.337,0.068,0.763,-0.516,-0.594,-0.444,-0.635,-0.432,-0.698,0.216,0.962,-0.633,0.917,-0.777,-0.703,-0.363,-0.8,-0.011,0.045,0.256,0.55,-0.475,-0.595,0.516,0.379,-0.32,-0.005,-0.821,-0.471,-0.677,0.749,-0.808,-0.25,-0.087,0.668,0.868,-0.842,-0.065,0.576,-0.087,0.269,-0.697,0.907,0.501,-0.585,-0.452,0.586,-0.64,-0.473,-0.196,0.62,-0.497,-0.547,-0.806,-0.728,-0.148,0.708,0.446,-0.6,-0.815,-0.176,-0.517,0.901,-0.581,-0.794,-0.085,-0.415,-0.133,-0.621,0.931,-0.703,-0.214,-0.549,-0.612,-0.59,-0.368,-0.358,-0.043,0.875,-0.37,0.054,0.255,0.263,0.753,-0.312,-0.677,-0.097,-0.342,0.779,0.087,0.89,-0.337,0.723,-0.52,-0.565,0.959,0.699,-0.224,-0.696,-0.463,-0.313,-0.594,-0.625,-0.647,-0.833,-0.049,-0.361,-0.61,0.547,0.644,-0.513,-0.535,0.882,0.047,0.854,-0.714,-0.314,-0.681,-0.505,0.292,-0.815,-0.607,-0.453,0.547,-0.548,-0.724,-0.672,-0.486,0.382,-0.871,-0.628,-0.568,-0.53,-0.158,-0.413,0.147,0.595,0.926,-0.603,-0.496,-0.705,-0.36,-0.667,-0.649,-0.389,-0.16,-0.516,-0.429,-0.275,-0.548,-0.551,-0.671,-0.303,-0.053,-0.795,0.619,-0.083,-0.652
AXON,0.612,0.112,0.661,0.852,0.377,0.56,0.585,0.154,0.667,0.693,0.319,0.233,0.444,0.577,0.816,0.54,0.503,-0.19,0.131,0.0,0.362,0.188,0.635,-0.076,0.147,0.459,0.52,0.145,0.641,0.536,0.815,0.183,0.23,-0.048,0.521,-0.089,0.272,0.545,0.458,0.752,0.482,0.692,0.848,0.748,0.535,0.589,0.601,0.704,0.424,0.673,0.442,0.341,0.109,-0.024,-0.063,0.244,0.399,0.602,0.344,0.775,0.134,-0.046,0.656,0.39,0.58,0.669,0.64,0.773,0.892,0.323,0.553,0.501,0.392,0.372,0.538,-0.418,0.752,0.523,0.296,-0.461,0.507,0.813,0.46,-0.295,0.216,0.278,0.337,0.444,0.461,0.514,0.598,0.458,-0.33,0.47,0.361,0.373,0.25,0.783,0.657,0.836,0.504,0.199,0.435,0.099,-0.166,0.593,0.38,0.737,-0.103,0.852,0.601,0.293,0.408,-0.397,0.62,0.551,0.347,0.698,0.769,0.878,-0.19,0.709,0.737,0.775,0.757,-0.205,0.778,0.549,0.765,0.694,0.544,-0.097,-0.072,0.815,-0.386,0.701,0.566,0.02,0.41,0.346,0.566,0.552,0.741,0.21,0.236,0.494,0.357,0.375,0.749,0.506,0.621,0.051,0.579,0.254,0.354,0.812,0.064,0.445,0.659,0.242,0.642,-0.045,0.237,0.556,0.646,0.612,-0.41,0.466,0.339,0.667,0.779,0.083,0.304,0.575,0.664,0.85,0.766,0.511,-0.315,0.311,0.602,0.41,0.278,0.744,0.283,0.521,-0.208,0.6,0.284,0.502,0.642,0.475,0.618,0.511,0.491,-0.12,0.235,-0.108,-0.301,-0.118
BANF,0.138,0.051,0.283,0.082,0.29,0.441,0.529,0.107,0.314,0.144,-0.058,0.736,0.342,0.467,0.441,0.195,0.22,-0.153,-0.054,0.362,0.0,0.393,0.55,0.25,0.296,0.184,0.311,0.414,0.215,0.482,0.3,0.172,0.177,-0.016,0.43,-0.174,0.315,0.237,0.608,0.313,0.291,0.337,0.158,0.438,0.15,0.559,0.307,0.302,0.355,0.321,0.146,0.686,-0.009,0.478,-0.005,0.249,0.605,0.756,0.311,0.399,0.221,-0.039,0.019,0.322,0.389,0.33,0.524,0.392,0.394,0.179,0.427,0.281,0.264,0.327,0.758,0.336,0.105,0.107,0.201,0.083,0.272,0.395,0.528,0.091,-0.039,0.256,0.413,0.556,0.53,0.202,0.592,0.619,-0.191,0.289,0.536,0.19,0.517,0.422,0.29,0.354,0.276,0.284,0.626,0.433,-0.196,0.346,0.35,0.436,0.206,0.318,0.307,0.039,0.467,0.345,0.548,0.396,0.357,0.424,0.25,0.203,-0.141,0.342,0.141,0.082,0.082,0.196,0.453,0.386,0.185,0.694,0.113,0.497,0.02,0.261,-0.072,0.292,0.492,0.031,0.101,0.306,0.301,0.597,0.526,0.401,0.511,0.249,0.245,0.365,0.153,0.221,0.318,0.009,0.661,0.646,0.159,0.321,0.049,0.435,0.485,0.466,0.365,0.415,0.334,0.374,0.262,0.178,0.208,0.158,0.651,0.287,0.098,0.338,0.323,0.546,0.401,0.531,0.362,0.259,0.196,0.079,0.291,0.477,0.345,0.202,0.674,0.317,0.336,0.328,0.756,0.491,0.309,0.46,0.095,0.507,0.249,0.262,0.437,-0.062,0.251,0.277
BATRK,-0.344,-0.78,0.308,-0.055,0.801,0.818,0.699,-0.645,0.724,0.588,-0.756,0.465,0.605,-0.164,0.23,0.741,-0.546,-0.123,-0.813,0.188,0.393,0.0,0.615,0.038,0.023,0.078,0.841,-0.166,0.583,0.736,0.092,-0.174,-0.523,-0.787,0.65,-0.878,0.918,0.801,0.716,0.64,0.828,0.573,-0.113,0.255,-0.466,0.777,0.767,0.638,0.757,0.681,0.699,0.198,-0.841,0.752,-0.818,0.783,0.891,0.623,0.864,0.153,0.094,-0.243,-0.439,0.747,0.822,-0.308,0.009,0.587,0.232,0.865,0.747,0.835,-0.431,0.907,0.539,0.186,-0.428,-0.614,0.881,0.136,-0.255,0.35,-0.048,0.629,-0.743,-0.206,0.757,0.621,-0.202,0.74,0.708,0.478,-0.803,0.712,0.805,0.82,0.895,0.335,-0.407,-0.103,0.705,0.917,0.578,0.756,-0.919,0.734,0.874,0.484,0.272,0.35,0.745,-0.698,0.895,0.358,0.785,0.685,0.716,0.517,0.56,0.256,-0.831,0.565,0.055,0.003,-0.012,-0.597,0.615,0.827,0.253,0.613,-0.506,0.106,-0.722,0.524,-0.635,0.699,0.749,-0.822,-0.581,0.548,0.81,0.737,0.603,0.739,0.867,0.765,0.892,0.301,0.499,0.794,-0.165,-0.427,0.779,0.809,-0.628,0.117,-0.803,0.837,0.601,0.818,0.712,-0.084,0.831,0.821,0.609,-0.442,0.417,0.736,0.852,0.67,-0.126,0.812,0.846,0.798,0.66,0.509,0.599,-0.103,-0.556,-0.762,0.685,0.592,0.864,0.504,0.88,0.814,0.492,0.368,0.714,0.711,0.501,0.793,0.627,0.856,0.377,0.108,0.92,-0.574,0.226,0.675
BIDU,0.199,-0.228,0.415,0.271,0.683,0.767,0.794,-0.075,0.732,0.602,-0.231,0.554,0.789,0.435,0.448,0.692,0.052,-0.006,-0.307,0.635,0.55,0.615,0.0,0.321,0.451,0.518,0.741,0.264,0.497,0.583,0.583,0.262,-0.148,-0.309,0.745,-0.456,0.667,0.654,0.738,0.682,0.661,0.697,0.416,0.47,0.048,0.855,0.695,0.834,0.792,0.62,0.45,0.464,-0.299,0.637,-0.383,0.674,0.704,0.657,0.606,0.4,0.473,-0.0,0.133,0.772,0.764,0.178,0.378,0.871,0.496,0.537,0.716,0.676,0.067,0.698,0.644,0.182,0.145,0.014,0.594,0.123,0.476,0.531,0.181,0.361,-0.204,0.151,0.639,0.709,0.384,0.577,0.619,0.73,-0.657,0.716,0.805,0.59,0.748,0.593,0.255,0.596,0.772,0.612,0.678,0.693,-0.536,0.763,0.758,0.855,0.151,0.701,0.772,-0.138,0.743,0.229,0.847,0.63,0.734,0.57,0.778,0.469,-0.466,0.551,0.214,0.305,0.294,-0.328,0.787,0.71,0.51,0.771,0.085,0.326,-0.43,0.7,-0.372,0.678,0.682,-0.353,-0.129,0.495,0.71,0.724,0.771,0.703,0.729,0.66,0.628,0.122,0.542,0.728,0.495,-0.358,0.724,0.682,0.021,0.504,-0.373,0.684,0.805,0.756,0.665,0.166,0.611,0.711,0.684,-0.008,-0.138,0.507,0.621,0.828,0.353,0.59,0.767,0.628,0.607,0.79,0.753,0.07,-0.263,-0.211,0.697,0.367,0.602,0.564,0.694,0.736,0.328,0.648,0.676,0.814,0.43,0.875,0.54,0.745,0.373,0.321,0.682,-0.189,0.287,0.537
BLNE,0.067,0.223,-0.288,-0.329,0.077,-0.063,0.108,0.425,-0.106,-0.139,-0.052,0.434,0.529,0.375,-0.362,0.101,0.191,0.494,0.165,-0.076,0.25,0.038,0.321,0.0,0.857,0.524,-0.095,0.511,-0.278,-0.352,0.301,0.679,0.027,0.306,0.266,0.107,-0.008,-0.25,0.26,-0.252,-0.124,-0.028,-0.008,-0.094,0.144,0.126,-0.115,0.17,0.237,-0.228,-0.31,0.37,0.201,0.499,0.248,0.136,0.033,0.099,-0.026,-0.279,0.72,0.419,-0.089,0.414,-0.078,0.007,0.226,0.15,-0.23,-0.119,-0.075,-0.139,0.339,-0.002,0.264,0.604,-0.052,0.161,-0.092,0.778,0.387,-0.205,-0.17,0.326,0.21,-0.002,0.233,0.35,0.484,-0.272,-0.071,0.485,-0.077,-0.06,0.277,-0.222,0.232,0.027,0.309,0.248,0.191,0.089,0.256,0.578,0.102,0.035,0.069,0.207,0.065,0.048,0.036,0.067,-0.041,0.646,0.111,-0.134,0.259,-0.331,0.095,-0.289,0.201,-0.408,-0.615,-0.203,-0.197,0.262,-0.028,-0.075,-0.072,0.211,0.237,0.63,0.179,-0.1,0.446,-0.216,0.037,0.201,-0.179,0.191,-0.158,-0.034,0.1,0.475,0.241,-0.111,-0.062,-0.327,-0.253,0.106,0.508,-0.134,0.054,0.184,0.328,-0.289,0.138,-0.123,0.33,0.348,-0.161,0.338,0.057,-0.13,0.036,-0.212,-0.132,-0.401,-0.012,0.184,0.16,0.111,0.363,-0.134,-0.281,-0.07,-0.089,-0.366,0.322,0.086,-0.156,-0.378,-0.113,-0.25,0.194,0.026,0.517,0.304,0.333,0.336,-0.354,0.246,-0.262,0.064,-0.353,0.698,0.007,0.452,0.722,0.439
BLNK,0.295,0.359,-0.219,-0.132,0.088,0.053,0.231,0.572,-0.044,-0.073,0.089,0.57,0.614,0.517,-0.258,0.138,0.433,0.5,0.295,0.147,0.296,0.023,0.451,0.857,0.0,0.746,-0.04,0.617,-0.173,-0.306,0.552,0.793,0.144,0.414,0.393,0.208,-0.046,-0.2,0.363,-0.132,-0.103,0.061,0.222,0.127,0.258,0.203,-0.03,0.259,0.278,-0.086,-0.269,0.568,0.301,0.434,0.353,0.05,0.009,0.127,-0.011,-0.1,0.772,0.525,0.089,0.488,-0.017,0.159,0.398,0.292,-0.069,-0.119,0.009,-0.071,0.552,-0.003,0.255,0.6,0.165,0.358,-0.098,0.7,0.578,-0.045,-0.203,0.209,0.356,0.157,0.302,0.38,0.689,-0.179,-0.058,0.57,-0.108,0.007,0.364,-0.21,0.239,0.092,0.465,0.476,0.266,0.08,0.434,0.572,0.157,0.099,0.05,0.399,0.057,0.263,0.096,0.242,0.04,0.574,0.179,-0.064,0.197,-0.253,0.207,-0.135,0.296,-0.29,-0.465,-0.04,-0.041,0.356,0.152,-0.06,0.118,0.238,0.488,0.72,0.308,0.016,0.478,-0.142,0.113,0.3,-0.0,0.245,-0.107,0.045,0.213,0.454,0.233,-0.066,-0.088,-0.295,-0.173,0.152,0.621,-0.022,0.066,0.168,0.53,-0.151,0.194,-0.106,0.472,0.303,-0.097,0.47,-0.002,-0.047,0.071,-0.118,-0.263,-0.385,-0.06,0.252,0.339,-0.003,0.384,-0.098,-0.189,0.117,0.025,-0.226,0.336,0.212,-0.077,-0.32,-0.12,-0.156,0.136,0.078,0.55,0.435,0.265,0.412,-0.267,0.29,-0.225,0.055,-0.313,0.638,-0.002,0.451,0.718,0.355
BTAI,0.435,0.159,0.136,0.267,0.406,0.235,0.46,0.414,0.305,0.326,0.073,0.422,0.67,0.389,0.033,0.411,0.458,0.585,0.198,0.459,0.184,0.078,0.518,0.524,0.746,0.0,0.218,0.216,0.192,-0.024,0.763,0.657,0.168,0.16,0.505,0.013,0.163,0.151,0.364,0.251,0.23,0.474,0.568,0.42,0.353,0.349,0.363,0.558,0.438,0.263,0.148,0.426,0.182,0.249,0.109,0.196,0.122,0.257,0.256,0.231,0.693,0.571,0.37,0.629,0.266,0.31,0.363,0.56,0.338,0.194,0.217,0.178,0.552,0.239,0.26,0.226,0.39,0.418,0.169,0.287,0.492,0.355,-0.156,0.133,0.365,0.172,0.388,0.46,0.501,0.218,0.116,0.482,-0.241,0.148,0.47,0.118,0.219,0.346,0.518,0.657,0.479,0.267,0.442,0.465,-0.019,0.394,0.225,0.539,0.068,0.562,0.42,0.182,0.207,0.126,0.388,0.261,0.282,-0.014,0.557,0.296,0.043,-0.038,-0.049,0.248,0.236,-0.014,0.477,0.243,0.557,0.381,0.562,0.424,0.076,0.433,0.09,0.225,0.377,0.085,-0.002,0.313,0.239,0.218,0.387,0.482,0.193,0.299,0.163,-0.067,0.294,0.413,0.606,-0.127,0.185,0.079,0.452,0.197,0.103,0.156,0.695,0.306,0.255,0.252,0.21,0.216,0.485,0.104,-0.347,0.005,-0.014,0.511,0.599,0.044,0.494,0.123,0.192,0.379,0.419,0.046,-0.051,0.158,0.293,-0.054,-0.006,0.297,0.106,0.274,0.376,0.69,0.187,0.554,0.096,0.379,0.215,0.214,-0.138,0.405,0.056,0.218,0.306,0.281
BYND,-0.116,-0.68,0.478,0.359,0.828,0.942,0.765,-0.608,0.93,0.835,-0.512,0.337,0.625,-0.078,0.479,0.877,-0.336,-0.218,-0.662,0.52,0.311,0.841,0.741,-0.095,-0.04,0.218,0.0,-0.216,0.807,0.826,0.349,-0.249,-0.435,-0.809,0.77,-0.83,0.918,0.954,0.747,0.886,0.952,0.77,0.189,0.485,-0.188,0.879,0.929,0.816,0.744,0.893,0.796,0.174,-0.704,0.514,-0.818,0.774,0.846,0.615,0.804,0.374,0.068,-0.362,-0.126,0.786,0.978,-0.123,0.157,0.777,0.531,0.899,0.909,0.959,-0.299,0.925,0.515,-0.157,-0.109,-0.389,0.908,-0.176,-0.04,0.6,0.112,0.403,-0.599,-0.011,0.662,0.56,-0.148,0.867,0.784,0.459,-0.893,0.917,0.797,0.913,0.789,0.458,-0.182,0.184,0.738,0.856,0.574,0.595,-0.878,0.832,0.879,0.711,0.028,0.552,0.866,-0.481,0.887,0.018,0.897,0.771,0.735,0.677,0.797,0.619,-0.862,0.781,0.42,0.375,0.358,-0.697,0.857,0.944,0.464,0.683,-0.304,-0.137,-0.744,0.8,-0.741,0.915,0.804,-0.768,-0.429,0.588,0.944,0.837,0.744,0.642,0.811,0.883,0.927,0.407,0.786,0.911,0.076,-0.329,0.803,0.74,-0.48,0.427,-0.762,0.9,0.705,0.7,0.887,-0.208,0.756,0.945,0.83,-0.178,0.095,0.863,0.778,0.821,0.123,0.691,0.837,0.861,0.788,0.771,0.811,0.057,-0.748,-0.593,0.818,0.603,0.922,0.781,0.759,0.891,0.161,0.444,0.587,0.789,0.755,0.855,0.859,0.882,0.498,-0.111,0.861,-0.659,-0.061,0.436
CAN,0.403,0.619,-0.178,-0.026,-0.309,-0.064,-0.005,0.606,-0.202,-0.341,0.439,0.414,0.131,0.644,0.001,-0.205,0.532,-0.025,0.528,0.145,0.414,-0.166,0.264,0.511,0.617,0.216,-0.216,0.0,-0.251,-0.205,0.333,0.384,0.407,0.561,0.115,0.48,-0.315,-0.341,0.244,-0.254,-0.36,-0.149,0.125,0.154,0.388,0.062,-0.288,-0.11,-0.089,-0.231,-0.479,0.643,0.508,0.124,0.543,-0.235,-0.12,0.065,-0.356,-0.006,0.317,0.161,0.193,0.002,-0.153,0.363,0.521,0.053,-0.017,-0.447,-0.023,-0.265,0.548,-0.299,0.248,0.445,0.314,0.454,-0.414,0.334,0.654,-0.114,0.24,-0.148,0.418,0.428,0.008,0.123,0.747,-0.355,-0.117,0.359,0.158,-0.08,0.096,-0.427,-0.004,0.003,0.471,0.423,-0.145,-0.291,0.374,0.158,0.384,-0.166,-0.234,0.274,-0.142,0.064,-0.24,0.53,-0.091,0.365,-0.029,-0.245,-0.017,-0.078,-0.159,-0.149,0.525,-0.071,-0.181,0.042,0.05,0.653,-0.049,-0.264,-0.094,0.105,0.478,0.556,0.531,-0.154,0.53,-0.236,-0.149,0.587,0.368,0.065,-0.312,0.068,0.113,0.002,0.067,-0.325,-0.39,-0.146,-0.347,-0.189,0.566,0.311,0.01,0.133,0.598,0.055,0.401,-0.235,0.089,0.016,-0.215,0.633,-0.327,-0.165,-0.259,0.134,-0.182,-0.47,-0.071,-0.083,0.172,-0.237,-0.075,-0.163,-0.239,0.134,-0.13,0.027,0.606,0.509,-0.291,-0.229,-0.193,-0.276,0.05,-0.139,0.124,0.092,0.117,0.075,-0.18,0.037,-0.431,-0.143,0.026,0.292,-0.109,0.405,0.428,-0.026
CCEC,0.129,-0.443,0.643,0.648,0.626,0.718,0.637,-0.43,0.854,0.793,-0.174,0.185,0.371,-0.077,0.668,0.752,-0.053,-0.201,-0.38,0.641,0.215,0.583,0.497,-0.278,-0.173,0.192,0.807,-0.251,0.0,0.764,0.476,-0.273,-0.219,-0.622,0.606,-0.573,0.668,0.833,0.52,0.845,0.815,0.739,0.382,0.685,0.067,0.719,0.834,0.677,0.475,0.873,0.747,0.133,-0.447,0.132,-0.603,0.475,0.677,0.598,0.627,0.54,-0.138,-0.342,0.147,0.58,0.828,0.139,0.249,0.664,0.742,0.751,0.76,0.813,-0.078,0.713,0.463,-0.444,0.215,-0.129,0.718,-0.473,-0.039,0.678,0.279,0.004,-0.323,0.132,0.471,0.408,-0.146,0.813,0.777,0.31,-0.676,0.671,0.535,0.748,0.461,0.518,0.036,0.261,0.501,0.572,0.446,0.261,-0.624,0.64,0.58,0.569,-0.128,0.554,0.718,-0.203,0.672,-0.327,0.746,0.694,0.421,0.713,0.721,0.766,-0.62,0.822,0.644,0.594,0.564,-0.536,0.81,0.831,0.552,0.592,-0.021,-0.302,-0.484,0.823,-0.693,0.879,0.688,-0.517,-0.158,0.595,0.806,0.724,0.63,0.389,0.519,0.767,0.715,0.626,0.829,0.767,0.096,-0.018,0.7,0.509,-0.256,0.542,-0.455,0.74,0.608,0.381,0.85,-0.316,0.561,0.787,0.763,0.156,-0.067,0.79,0.621,0.667,0.353,0.353,0.564,0.817,0.783,0.743,0.758,0.318,-0.71,-0.257,0.681,0.564,0.712,0.866,0.527,0.717,-0.07,0.419,0.399,0.621,0.894,0.555,0.834,0.726,0.546,-0.326,0.585,-0.587,-0.393,0.044
CDW,-0.057,-0.588,0.64,0.387,0.709,0.811,0.774,-0.53,0.851,0.681,-0.389,0.332,0.341,0.019,0.723,0.621,-0.264,-0.334,-0.598,0.536,0.482,0.736,0.583,-0.352,-0.306,-0.024,0.826,-0.205,0.764,0.0,0.239,-0.371,-0.187,-0.686,0.519,-0.714,0.794,0.89,0.563,0.833,0.829,0.777,0.228,0.56,-0.207,0.805,0.829,0.648,0.621,0.811,0.832,0.225,-0.603,0.373,-0.704,0.633,0.848,0.758,0.771,0.596,-0.156,-0.331,0.003,0.488,0.864,0.138,0.186,0.665,0.684,0.777,0.791,0.794,-0.251,0.814,0.596,-0.184,0.02,-0.332,0.778,-0.462,-0.145,0.68,0.355,0.228,-0.502,-0.019,0.593,0.596,-0.14,0.867,0.799,0.349,-0.59,0.66,0.65,0.842,0.655,0.587,-0.133,0.152,0.619,0.677,0.544,0.324,-0.743,0.781,0.754,0.496,0.241,0.549,0.78,-0.426,0.855,-0.178,0.813,0.846,0.581,0.856,0.633,0.61,-0.712,0.841,0.599,0.284,0.265,-0.545,0.755,0.864,0.516,0.694,-0.257,-0.09,-0.63,0.754,-0.816,0.862,0.779,-0.633,-0.158,0.391,0.881,0.871,0.709,0.425,0.656,0.776,0.777,0.556,0.712,0.691,-0.105,-0.268,0.812,0.66,-0.425,0.638,-0.504,0.904,0.592,0.604,0.855,-0.11,0.725,0.868,0.671,0.117,0.291,0.89,0.836,0.654,0.104,0.645,0.536,0.886,0.906,0.771,0.819,0.416,-0.524,-0.407,0.815,0.83,0.756,0.752,0.739,0.766,0.068,0.446,0.603,0.633,0.777,0.646,0.761,0.811,0.725,-0.149,0.801,-0.629,-0.261,0.299
CDXS,0.624,0.271,0.397,0.647,0.334,0.406,0.542,0.427,0.499,0.479,0.335,0.423,0.595,0.603,0.482,0.459,0.635,0.177,0.28,0.815,0.3,0.092,0.583,0.301,0.552,0.763,0.349,0.333,0.476,0.239,0.0,0.489,0.285,0.165,0.574,0.053,0.146,0.314,0.448,0.487,0.303,0.596,0.783,0.685,0.556,0.505,0.457,0.628,0.385,0.473,0.254,0.524,0.244,0.074,0.13,0.142,0.23,0.451,0.241,0.567,0.429,0.305,0.569,0.533,0.411,0.61,0.67,0.689,0.699,0.211,0.402,0.312,0.624,0.258,0.456,-0.086,0.707,0.588,0.179,-0.087,0.586,0.605,0.171,-0.153,0.411,0.263,0.396,0.493,0.62,0.359,0.377,0.576,-0.287,0.289,0.406,0.179,0.231,0.607,0.73,0.833,0.471,0.176,0.541,0.266,-0.012,0.471,0.232,0.684,-0.073,0.748,0.503,0.351,0.273,-0.118,0.52,0.389,0.25,0.388,0.68,0.638,0.057,0.376,0.366,0.586,0.57,0.041,0.661,0.372,0.67,0.567,0.724,0.235,0.139,0.65,-0.063,0.462,0.484,0.174,0.311,0.387,0.367,0.428,0.615,0.336,0.229,0.35,0.195,0.181,0.504,0.467,0.709,0.11,0.398,0.178,0.562,0.544,0.196,0.249,0.75,0.254,0.451,0.149,0.135,0.392,0.52,0.466,-0.467,0.175,0.156,0.588,0.816,-0.024,0.382,0.368,0.418,0.67,0.598,0.321,-0.115,0.383,0.403,0.164,0.101,0.521,0.192,0.445,0.075,0.721,0.247,0.582,0.402,0.392,0.374,0.356,0.254,0.154,0.121,0.131,0.035,-0.011
