,ABEO,ACHC,AGNCN,AKAM,AKRO,ALRM,AMAT,AMED,AMRN,ANGI,APA,APOG,APPS,ARCB,ARCC,ARVN,ATEC,ATXS,AVAV,AXON,BANF,BATRK,BIDU,BLNE,BLNK,BTAI,BYND,CAN,CCEC,CDW,CDXS,CELH,CGNX,CHKP,CHRS,CHRW,CIGI,CKPT,CMPR,COGT,CRNC,CRSP,CSTL,CTSH,CVGW,DGLY,DNLI,DOCU,DVAX,EBAY,EHTH,ERII,ESLT,EXPE,EXPO,FBIOP,FFBC,FFIN,FOXF,FWRD,GDS,GERN,GPRE,GRWG,GRYP,HEES,HELE,HIVE,HON,HRTX,HSTM,HURA,IART,IBKR,IBOC,IBRX,IDXX,INGN,INM,INVA,IQ,IRBT,KDP,KPTI,KTOS,KXIN,LAMR,LFUS,LGIH,LGMK,LKFN,LNW,LOPE,LPSN,LYFT,MGNX,MLCO,MNST,MODV,MSTR,MTCH,MYGN,MYRG,NCMI,NEXT,NFLX,NIU,NKTR,NRC,NTNX,NTRA,NVEE,NVMI,NWL,NWS,NXPI,OCGN,OCSL,OKTA,OLLI,OTLK,OXLC,PAA,PARA,PARAA,PDCO,PDFS,PFG,PGEN,PNFP,PODD,POWI,PSMT,PTC,PTEN,PVLA,RDNT,RDUS,RDWR,REGN,RNAC,ROCK,ROST,RRR,RSLS,RVMD,RYAAY,SAFT,SAGE,SAVA,SBGI,SFM,SFNC,SHYF,SIBN,SIFY,SIGI,SIMO,SITM,SLM,SNBR,SNDX,SNY,SPNS,SRRK,STRA,SUPN,SYRE,TCBK,TEAM,TECH,THRM,TLRY,TRMK,TROW,TSLA,TWST,TXN,UFPI,UNIT,UPWK,USLM,UTHR,VERB,VLY,VRNA,VRRM,VXRT,WAFD,WATT,WBA,WING,WIX,WTFC,WTW,XPEL,XRX,YMAB,ZG,ZLAB
ABEO,0.0,-0.057,0.608,0.796,0.698,0.328,0.652,0.729,0.857,0.053,0.109,0.829,0.861,0.289,0.727,0.906,0.829,0.738,0.316,0.875,-0.267,0.483,0.602,0.759,0.874,0.683,0.747,0.724,-0.26,0.325,0.855,0.019,0.865,0.826,0.755,0.367,0.088,0.301,0.852,0.646,0.526,0.215,0.786,0.798,0.85,0.799,0.714,0.77,-0.171,0.747,-0.583,0.32,0.551,0.796,0.781,0.549,0.344,0.228,0.721,0.548,0.836,0.54,-0.19,0.832,0.796,0.577,0.576,0.742,0.611,0.847,-0.264,0.836,0.614,0.677,0.267,0.629,0.855,0.504,0.725,0.773,0.333,0.757,0.391,0.702,0.733,0.502,0.824,-0.604,0.489,0.813,0.433,0.885,0.676,0.851,0.856,0.874,0.786,-0.142,0.763,0.854,0.711,0.209,-0.714,0.728,0.059,0.801,0.864,0.776,0.559,0.757,0.266,0.655,0.334,0.479,0.879,-0.094,0.671,0.589,0.849,0.687,0.589,0.466,-0.097,-0.019,0.024,0.051,0.581,0.089,0.747,0.39,0.71,0.519,0.78,0.758,0.217,0.761,0.587,0.834,0.858,0.167,0.428,0.062,0.67,0.88,0.573,0.833,0.5,-0.199,0.512,-0.127,-0.068,0.762,-0.339,0.808,0.786,0.759,0.8,-0.664,-0.08,0.038,0.135,0.741,-0.396,-0.179,0.77,0.626,0.801,0.567,-0.677,0.843,0.822,0.717,0.855,0.25,0.634,0.729,-0.136,0.588,0.524,0.791,0.792,0.118,-0.383,0.56,0.261,0.322,-0.265,0.657,-0.337,0.748,0.116,0.788,0.861,0.69,0.719,-0.383,0.445,-0.276,0.459,0.732
ACHC,-0.057,0.0,-0.443,-0.255,-0.26,0.439,0.458,0.206,-0.24,0.551,0.812,-0.009,-0.088,-0.206,-0.115,-0.07,-0.116,-0.343,0.592,0.048,0.136,0.554,0.489,-0.269,-0.089,0.331,-0.18,-0.034,0.645,0.2,-0.1,0.724,-0.195,0.101,-0.283,-0.204,0.802,0.603,-0.091,-0.203,0.518,0.694,-0.012,-0.281,0.057,-0.188,0.275,0.276,0.635,-0.393,0.281,0.331,0.076,-0.398,-0.183,-0.284,0.318,0.211,0.051,-0.098,0.061,-0.268,0.72,0.149,-0.241,0.161,-0.372,-0.315,0.152,-0.2,0.454,-0.206,0.574,0.174,0.321,0.479,-0.032,0.526,-0.305,0.076,0.53,-0.018,-0.43,0.125,0.114,-0.272,-0.161,0.666,0.219,-0.248,-0.106,0.045,-0.171,-0.308,-0.346,-0.365,0.247,0.674,0.079,-0.14,0.235,0.76,0.531,-0.315,0.85,0.311,-0.105,-0.098,-0.257,-0.205,0.592,0.243,0.716,-0.341,-0.067,0.791,0.328,-0.106,-0.239,-0.082,0.337,-0.061,0.848,0.679,0.652,0.712,0.161,0.814,0.052,0.332,0.111,0.377,0.004,0.294,0.63,-0.326,0.449,-0.102,-0.276,0.64,0.079,0.321,-0.226,-0.255,0.454,-0.068,0.246,0.48,0.574,0.59,0.512,-0.283,0.661,-0.311,-0.114,0.091,-0.195,0.255,0.825,0.761,0.66,-0.176,0.585,0.654,-0.429,0.27,0.292,0.309,0.542,-0.218,0.268,0.341,0.243,0.321,0.283,-0.283,0.685,0.485,-0.013,0.003,-0.211,0.693,0.578,-0.081,0.421,0.542,0.629,0.298,0.74,0.255,0.105,-0.221,-0.032,0.008,-0.079,0.54,0.625,0.704,0.352,0.254
AGNCN,0.608,-0.443,0.0,0.679,0.732,0.101,0.217,0.223,0.639,-0.456,-0.122,0.707,0.724,0.519,0.812,0.689,0.759,0.831,0.005,0.611,0.191,-0.038,0.221,0.832,0.706,0.213,0.823,0.712,-0.381,0.222,0.718,-0.392,0.819,0.487,0.79,0.541,-0.33,-0.274,0.763,0.826,0.0,-0.336,0.65,0.804,0.586,0.631,0.294,0.485,-0.459,0.856,-0.569,0.367,0.052,0.88,0.84,0.51,0.423,0.197,0.407,0.666,0.478,0.404,-0.697,0.56,0.845,0.576,0.644,0.848,0.422,0.748,-0.303,0.853,0.128,0.569,0.293,0.108,0.689,-0.02,0.724,0.318,-0.152,0.653,0.68,0.632,0.63,0.232,0.804,-0.859,0.148,0.829,0.707,0.66,0.857,0.83,0.761,0.827,0.28,-0.586,0.497,0.825,0.388,-0.43,-0.737,0.818,-0.387,0.43,0.699,0.604,0.498,0.587,-0.145,0.537,-0.132,0.585,0.628,-0.365,0.395,0.626,0.84,0.757,0.272,0.74,-0.324,-0.449,-0.396,-0.211,0.209,-0.239,0.567,0.474,0.662,-0.019,0.629,0.431,0.108,0.882,0.33,0.84,0.874,-0.236,0.202,0.231,0.662,0.787,-0.012,0.748,0.465,-0.035,-0.094,-0.383,-0.606,0.775,-0.334,0.859,0.822,0.691,0.821,-0.626,-0.577,-0.187,-0.08,0.845,-0.562,-0.404,0.803,0.421,0.411,0.208,-0.795,0.85,0.496,0.435,0.351,0.315,0.498,0.803,-0.582,0.119,0.395,0.797,0.799,-0.384,-0.37,0.673,0.347,0.265,-0.678,0.431,-0.42,0.404,0.278,0.814,0.674,0.767,0.819,-0.616,0.113,-0.556,-0.149,0.261
AKAM,0.796,-0.255,0.679,0.0,0.426,0.462,0.329,0.649,0.962,0.072,0.044,0.659,0.646,0.038,0.559,0.807,0.639,0.549,0.245,0.8,-0.072,0.327,0.549,0.582,0.64,0.395,0.547,0.617,-0.531,-0.051,0.695,0.103,0.765,0.838,0.653,0.284,-0.014,0.07,0.714,0.539,0.359,0.146,0.709,0.74,0.882,0.517,0.5,0.668,-0.056,0.67,-0.8,0.469,0.356,0.869,0.84,0.239,0.319,-0.11,0.462,0.332,0.672,0.43,-0.326,0.547,0.621,0.314,0.4,0.574,0.288,0.663,-0.034,0.788,0.554,0.788,0.124,0.303,0.914,0.491,0.619,0.672,0.271,0.454,0.342,0.571,0.65,0.189,0.667,-0.785,0.037,0.691,0.346,0.713,0.565,0.739,0.93,0.853,0.657,-0.137,0.556,0.732,0.677,-0.011,-0.563,0.529,-0.056,0.68,0.671,0.476,0.721,0.543,0.244,0.7,0.231,0.286,0.73,-0.224,0.506,0.287,0.74,0.518,0.252,0.364,-0.229,-0.016,0.03,-0.247,0.179,-0.188,0.712,0.397,0.75,0.118,0.595,0.621,0.281,0.651,0.465,0.815,0.835,0.285,0.064,-0.209,0.451,0.838,0.372,0.705,0.57,-0.025,0.417,-0.019,-0.32,0.828,-0.363,0.716,0.686,0.502,0.698,-0.825,-0.221,0.031,0.066,0.644,-0.219,-0.415,0.675,0.629,0.633,0.385,-0.59,0.735,0.587,0.503,0.563,0.326,0.371,0.52,-0.174,0.455,0.154,0.75,0.678,0.108,-0.196,0.475,0.339,0.416,-0.168,0.476,-0.295,0.638,-0.045,0.646,0.675,0.608,0.588,-0.308,0.143,-0.287,0.253,0.691
AKRO,0.698,-0.26,0.732,0.426,0.0,-0.056,0.5,0.309,0.486,-0.414,-0.101,0.818,0.899,0.753,0.863,0.744,0.892,0.956,0.071,0.636,-0.084,0.131,0.218,0.939,0.888,0.514,0.94,0.752,-0.09,0.597,0.855,-0.476,0.848,0.391,0.882,0.561,-0.242,0.017,0.845,0.866,0.199,-0.229,0.701,0.793,0.441,0.909,0.54,0.53,-0.563,0.865,-0.25,0.127,0.326,0.683,0.641,0.781,0.38,0.556,0.656,0.854,0.649,0.537,-0.459,0.795,0.936,0.781,0.772,0.96,0.719,0.907,-0.549,0.802,0.128,0.364,0.407,0.45,0.578,-0.034,0.85,0.399,-0.11,0.921,0.657,0.717,0.651,0.596,0.887,-0.581,0.651,0.88,0.707,0.768,0.861,0.886,0.636,0.806,0.4,-0.567,0.691,0.863,0.441,-0.136,-0.874,0.96,-0.292,0.51,0.839,0.926,0.279,0.811,-0.102,0.383,-0.035,0.733,0.747,-0.237,0.551,0.862,0.883,0.844,0.649,0.655,-0.209,-0.461,-0.415,0.068,0.643,0.027,0.564,0.393,0.517,0.473,0.763,0.544,-0.072,0.911,0.37,0.731,0.785,-0.389,0.637,0.471,0.8,0.783,0.146,0.82,0.319,-0.293,-0.01,-0.512,-0.197,0.613,-0.286,0.879,0.84,0.88,0.849,-0.337,-0.351,-0.223,-0.02,0.878,-0.704,-0.142,0.854,0.323,0.569,0.37,-0.82,0.883,0.702,0.627,0.617,0.161,0.719,0.957,-0.454,0.235,0.776,0.742,0.877,-0.377,-0.603,0.692,0.159,0.027,-0.736,0.615,-0.472,0.467,0.395,0.894,0.839,0.735,0.832,-0.641,0.332,-0.522,0.152,0.285
ALRM,0.328,0.439,0.101,0.462,-0.056,0.0,0.372,0.549,0.405,0.548,0.673,0.391,0.264,-0.39,0.056,0.475,0.236,-0.041,0.859,0.607,0.272,0.514,0.829,0.049,0.166,0.536,0.121,0.386,-0.065,-0.25,0.33,0.758,0.318,0.65,0.282,-0.189,0.547,0.58,0.348,0.279,0.768,0.785,0.586,0.214,0.597,0.089,0.645,0.707,0.703,0.123,-0.539,0.851,0.147,0.226,0.338,-0.375,0.57,-0.064,0.121,-0.065,0.402,-0.117,0.373,0.392,0.102,0.206,-0.355,0.071,0.05,0.222,0.645,0.341,0.772,0.793,0.427,0.555,0.602,0.723,0.134,0.418,0.767,0.206,-0.397,0.545,0.617,-0.364,0.135,-0.047,0.012,0.245,0.179,0.417,0.184,0.176,0.269,0.249,0.57,0.243,0.266,0.342,0.522,0.368,0.125,-0.047,0.614,0.681,0.309,0.09,0.188,0.07,0.776,0.764,0.725,-0.4,0.405,0.487,0.721,-0.241,0.2,0.191,0.304,-0.044,0.576,0.708,0.732,0.117,-0.012,0.406,0.488,0.691,0.711,0.195,0.199,0.719,0.821,0.17,0.769,0.417,0.319,0.848,-0.09,0.142,-0.137,0.237,0.508,0.423,0.799,0.619,0.744,0.721,0.069,0.394,0.412,0.138,0.37,0.279,0.305,-0.479,0.524,0.794,0.742,0.311,0.584,0.157,0.003,0.694,0.641,0.598,0.195,0.275,0.52,0.563,0.41,0.726,0.457,-0.027,0.633,0.611,-0.138,0.484,0.339,0.644,0.564,0.421,0.71,0.788,0.5,0.647,0.55,0.688,-0.335,0.072,0.373,0.383,0.177,0.326,0.403,0.529,0.488,0.711
AMAT,0.652,0.458,0.217,0.329,0.5,0.372,0.0,0.571,0.404,0.33,0.437,0.717,0.693,0.335,0.604,0.622,0.627,0.473,0.574,0.666,-0.09,0.597,0.697,0.496,0.699,0.707,0.555,0.634,0.257,0.64,0.638,0.296,0.563,0.592,0.447,0.299,0.466,0.542,0.65,0.401,0.683,0.494,0.532,0.488,0.57,0.609,0.725,0.724,0.05,0.437,-0.105,0.288,0.489,0.341,0.436,0.48,0.488,0.586,0.721,0.459,0.728,0.351,0.236,0.778,0.515,0.727,0.368,0.471,0.777,0.587,-0.115,0.526,0.691,0.493,0.536,0.723,0.539,0.544,0.482,0.543,0.44,0.701,0.136,0.589,0.63,0.366,0.601,0.01,0.739,0.55,0.343,0.753,0.44,0.511,0.375,0.443,0.715,0.172,0.718,0.595,0.614,0.516,-0.332,0.475,0.432,0.733,0.674,0.64,0.222,0.482,0.399,0.6,0.71,0.379,0.659,0.432,0.692,0.6,0.523,0.577,0.753,0.375,0.391,0.239,0.256,0.466,0.764,0.657,0.57,0.509,0.513,0.809,0.662,0.697,0.408,0.437,0.655,0.586,0.467,0.296,0.486,0.412,0.593,0.501,0.606,0.609,0.443,0.05,0.619,0.049,0.35,0.389,0.172,0.533,0.526,0.69,0.526,-0.194,0.382,0.351,0.503,0.494,-0.142,0.335,0.391,0.562,0.72,0.647,-0.246,0.532,0.789,0.81,0.847,0.315,0.769,0.56,0.208,0.814,0.682,0.585,0.51,0.404,-0.122,0.399,0.409,0.394,0.03,0.63,0.156,0.696,0.268,0.557,0.663,0.601,0.612,0.024,0.815,0.118,0.63,0.556
AMED,0.729,0.206,0.223,0.649,0.309,0.549,0.571,0.0,0.726,0.463,0.24,0.581,0.629,-0.16,0.273,0.753,0.533,0.348,0.488,0.789,-0.473,0.782,0.77,0.365,0.576,0.775,0.371,0.55,-0.246,0.028,0.621,0.427,0.591,0.703,0.486,-0.114,0.463,0.623,0.593,0.304,0.794,0.618,0.646,0.466,0.727,0.557,0.715,0.764,0.236,0.342,-0.512,0.345,0.767,0.554,0.563,0.233,0.199,-0.026,0.548,0.191,0.833,0.293,0.209,0.642,0.42,0.274,0.17,0.385,0.364,0.59,0.099,0.554,0.764,0.671,0.083,0.7,0.751,0.719,0.368,0.934,0.685,0.465,-0.075,0.546,0.601,0.371,0.525,-0.298,0.401,0.473,0.01,0.685,0.334,0.564,0.672,0.57,0.944,0.251,0.695,0.586,0.783,0.505,-0.347,0.325,0.293,0.762,0.664,0.527,0.416,0.542,0.615,0.574,0.56,0.034,0.703,0.053,0.674,0.188,0.534,0.318,0.495,0.173,0.101,0.387,0.411,0.103,0.386,0.178,0.609,0.267,0.523,0.594,0.444,0.792,0.286,0.408,0.581,0.559,0.572,0.466,0.348,-0.134,0.238,0.599,0.795,0.555,0.51,-0.081,0.705,0.252,0.342,0.469,-0.145,0.46,0.483,0.485,0.475,-0.56,0.333,0.252,0.305,0.404,-0.017,0.092,0.388,0.537,0.734,0.566,-0.349,0.553,0.774,0.676,0.806,0.242,0.433,0.326,0.348,0.613,0.244,0.542,0.546,0.417,-0.196,0.375,0.209,0.354,0.184,0.672,-0.055,0.805,-0.261,0.451,0.68,0.348,0.376,-0.089,0.34,0.032,0.716,0.9
AMRN,0.857,-0.24,0.639,0.962,0.486,0.405,0.404,0.726,0.0,0.049,0.019,0.693,0.703,0.054,0.562,0.837,0.679,0.591,0.248,0.827,-0.221,0.397,0.564,0.615,0.7,0.505,0.579,0.672,-0.545,-0.024,0.73,0.077,0.779,0.81,0.658,0.242,-0.004,0.196,0.725,0.55,0.423,0.177,0.712,0.75,0.891,0.594,0.556,0.673,-0.075,0.685,-0.779,0.392,0.442,0.86,0.813,0.311,0.271,-0.089,0.497,0.343,0.725,0.398,-0.247,0.63,0.656,0.324,0.433,0.608,0.323,0.711,-0.103,0.795,0.578,0.736,0.102,0.402,0.913,0.526,0.644,0.746,0.319,0.534,0.298,0.564,0.638,0.283,0.699,-0.766,0.158,0.723,0.303,0.748,0.569,0.769,0.957,0.869,0.739,-0.114,0.612,0.762,0.668,0.064,-0.618,0.581,-0.019,0.7,0.733,0.551,0.751,0.598,0.3,0.663,0.224,0.332,0.75,-0.233,0.541,0.337,0.752,0.526,0.292,0.38,-0.235,0.006,0.056,-0.182,0.257,-0.165,0.69,0.328,0.697,0.226,0.619,0.653,0.226,0.673,0.483,0.795,0.847,0.251,0.207,-0.189,0.503,0.863,0.488,0.706,0.556,-0.103,0.417,-0.025,-0.222,0.799,-0.406,0.745,0.7,0.552,0.728,-0.83,-0.175,-0.001,0.042,0.645,-0.28,-0.386,0.698,0.646,0.682,0.434,-0.638,0.748,0.641,0.566,0.668,0.268,0.402,0.556,-0.157,0.49,0.231,0.732,0.705,0.128,-0.29,0.515,0.254,0.365,-0.196,0.519,-0.355,0.688,-0.08,0.654,0.721,0.577,0.586,-0.382,0.2,-0.324,0.343,0.74
ANGI,0.053,0.551,-0.456,0.072,-0.414,0.548,0.33,0.463,0.049,0.0,0.421,-0.093,-0.091,-0.484,-0.298,0.063,-0.177,-0.421,0.509,0.187,-0.192,0.547,0.562,-0.362,-0.082,0.24,-0.323,-0.119,0.16,-0.07,-0.031,0.808,-0.157,0.316,-0.227,-0.348,0.661,0.513,-0.079,-0.405,0.599,0.797,0.047,-0.245,0.158,-0.153,0.269,0.376,0.609,-0.359,-0.02,0.138,0.339,-0.178,-0.13,-0.318,-0.077,-0.152,0.211,-0.368,0.264,0.107,0.624,-0.02,-0.372,-0.149,-0.374,-0.408,-0.018,-0.191,0.444,-0.146,0.554,0.264,-0.073,0.268,0.102,0.585,-0.219,0.307,0.599,-0.237,-0.482,0.007,0.109,-0.037,-0.219,0.416,0.105,-0.292,-0.49,0.091,-0.424,-0.193,-0.101,-0.2,0.46,0.645,0.089,-0.189,0.365,0.691,0.378,-0.459,0.562,0.367,-0.057,-0.119,-0.028,-0.207,0.516,0.204,0.771,-0.437,0.081,0.538,0.252,-0.329,-0.196,-0.262,0.233,-0.486,0.4,0.613,0.589,0.038,0.151,0.361,0.266,0.037,0.08,0.34,-0.068,0.29,0.356,-0.395,0.211,-0.109,-0.208,0.662,-0.222,-0.319,-0.326,-0.099,0.447,-0.098,0.12,0.072,0.694,0.501,0.609,-0.086,0.193,-0.317,-0.258,-0.178,-0.302,0.02,0.743,0.433,0.495,-0.302,0.491,0.327,-0.313,0.155,0.246,0.337,0.429,-0.202,0.203,0.162,0.274,-0.003,0.007,-0.346,0.733,0.458,-0.165,-0.108,-0.187,0.742,0.323,-0.321,0.083,0.28,0.822,0.173,0.396,0.302,-0.341,-0.246,0.009,-0.172,-0.3,0.691,0.187,0.639,0.594,0.429
APA,0.109,0.812,-0.122,0.044,-0.101,0.673,0.437,0.24,0.019,0.421,0.0,0.221,0.094,-0.177,0.094,0.167,0.085,-0.151,0.74,0.308,0.385,0.446,0.631,-0.036,0.071,0.382,0.044,0.214,0.473,0.083,0.133,0.754,0.081,0.365,0.011,-0.066,0.692,0.529,0.149,0.136,0.561,0.657,0.324,0.008,0.325,-0.074,0.442,0.486,0.688,-0.09,-0.109,0.718,-0.025,-0.129,0.079,-0.383,0.587,0.196,0.056,0.034,0.141,-0.287,0.564,0.303,-0.003,0.294,-0.353,-0.088,0.1,0.016,0.483,0.109,0.69,0.513,0.469,0.528,0.271,0.666,-0.049,0.138,0.562,0.152,-0.305,0.412,0.352,-0.427,0.031,0.33,0.073,0.024,0.211,0.257,0.094,-0.078,-0.088,-0.074,0.323,0.493,0.142,0.129,0.311,0.604,0.349,-0.121,0.823,0.52,0.052,0.018,-0.01,-0.07,0.711,0.551,0.728,-0.305,0.105,0.728,0.534,-0.067,0.008,0.146,0.427,0.09,0.868,0.623,0.625,0.604,0.075,0.69,0.273,0.629,0.485,0.253,0.176,0.505,0.904,-0.052,0.67,0.211,0.031,0.749,-0.008,0.419,-0.135,0.011,0.45,0.226,0.573,0.671,0.576,0.67,0.185,0.081,0.656,-0.067,0.212,0.268,0.117,-0.089,0.705,0.89,0.817,0.143,0.615,0.425,-0.236,0.48,0.504,0.407,0.394,0.062,0.411,0.449,0.284,0.624,0.446,-0.113,0.61,0.526,-0.051,0.325,0.084,0.694,0.713,0.216,0.709,0.8,0.469,0.512,0.691,0.411,0.108,-0.073,0.181,0.31,0.144,0.413,0.612,0.623,0.311,0.395
APOG,0.829,-0.009,0.707,0.659,0.818,0.391,0.717,0.581,0.693,-0.093,0.221,0.0,0.942,0.487,0.848,0.909,0.917,0.858,0.463,0.892,0.031,0.412,0.607,0.855,0.896,0.72,0.887,0.85,-0.178,0.483,0.923,-0.038,0.944,0.724,0.869,0.483,0.046,0.246,0.959,0.843,0.517,0.166,0.855,0.876,0.772,0.857,0.76,0.806,-0.247,0.869,-0.534,0.497,0.414,0.771,0.776,0.596,0.626,0.514,0.736,0.704,0.799,0.45,-0.254,0.905,0.897,0.842,0.596,0.878,0.764,0.929,-0.256,0.917,0.577,0.713,0.609,0.631,0.83,0.345,0.827,0.611,0.259,0.92,0.434,0.842,0.896,0.374,0.905,-0.567,0.568,0.93,0.712,0.935,0.849,0.889,0.738,0.871,0.679,-0.334,0.823,0.945,0.643,0.045,-0.749,0.857,0.042,0.777,0.943,0.848,0.389,0.759,0.233,0.763,0.353,0.541,0.903,-0.019,0.777,0.723,0.89,0.847,0.716,0.581,0.069,-0.066,-0.013,0.191,0.613,0.256,0.721,0.681,0.798,0.542,0.854,0.811,0.341,0.889,0.662,0.921,0.89,0.085,0.461,0.452,0.761,0.834,0.403,0.94,0.632,0.035,0.421,-0.169,-0.123,0.797,-0.102,0.905,0.931,0.912,0.934,-0.6,-0.124,0.151,0.289,0.905,-0.418,-0.122,0.798,0.668,0.822,0.588,-0.655,0.913,0.863,0.848,0.814,0.473,0.852,0.864,-0.178,0.579,0.681,0.92,0.896,0.043,-0.313,0.776,0.49,0.41,-0.419,0.775,-0.129,0.795,0.219,0.855,0.902,0.902,0.871,-0.42,0.561,-0.311,0.419,0.612
APPS,0.861,-0.088,0.724,0.646,0.899,0.264,0.693,0.629,0.703,-0.091,0.094,0.942,0.0,0.528,0.852,0.926,0.958,0.913,0.343,0.88,-0.17,0.418,0.555,0.915,0.968,0.722,0.939,0.868,-0.161,0.507,0.967,-0.132,0.955,0.658,0.902,0.432,0.026,0.248,0.959,0.838,0.498,0.111,0.843,0.851,0.713,0.942,0.723,0.813,-0.318,0.86,-0.446,0.326,0.511,0.803,0.781,0.702,0.464,0.462,0.79,0.742,0.873,0.542,-0.286,0.918,0.936,0.796,0.674,0.928,0.75,0.969,-0.372,0.921,0.476,0.635,0.436,0.63,0.815,0.293,0.845,0.672,0.203,0.939,0.5,0.827,0.834,0.564,0.95,-0.597,0.664,0.922,0.615,0.945,0.85,0.949,0.79,0.892,0.725,-0.362,0.86,0.959,0.694,0.089,-0.827,0.903,-0.062,0.773,0.964,0.942,0.385,0.845,0.185,0.633,0.281,0.6,0.914,-0.118,0.745,0.779,0.949,0.853,0.739,0.609,-0.061,-0.185,-0.137,0.092,0.668,0.156,0.751,0.519,0.717,0.592,0.831,0.788,0.169,0.907,0.584,0.879,0.892,-0.052,0.555,0.371,0.786,0.881,0.427,0.926,0.521,-0.184,0.323,-0.279,-0.046,0.74,-0.236,0.92,0.908,0.931,0.898,-0.535,-0.129,-0.01,0.183,0.893,-0.545,-0.091,0.842,0.544,0.785,0.559,-0.777,0.958,0.902,0.818,0.835,0.3,0.799,0.92,-0.2,0.485,0.723,0.884,0.942,-0.059,-0.486,0.727,0.31,0.268,-0.491,0.779,-0.325,0.756,0.214,0.917,0.969,0.811,0.867,-0.499,0.447,-0.373,0.437,0.615
ARCB,0.289,-0.206,0.519,0.038,0.753,-0.39,0.335,-0.16,0.054,-0.484,-0.177,0.487,0.528,0.0,0.751,0.287,0.522,0.692,-0.26,0.17,0.226,-0.207,-0.173,0.666,0.587,0.031,0.676,0.318,0.193,0.826,0.484,-0.626,0.469,0.068,0.53,0.824,-0.349,-0.325,0.52,0.517,-0.217,-0.532,0.29,0.573,0.042,0.561,0.163,0.121,-0.719,0.65,0.179,-0.133,0.016,0.357,0.372,0.677,0.317,0.763,0.506,0.88,0.245,0.565,-0.53,0.392,0.616,0.703,0.829,0.657,0.691,0.534,-0.615,0.454,-0.189,0.027,0.44,0.04,0.117,-0.293,0.586,-0.059,-0.521,0.619,0.816,0.318,0.26,0.48,0.599,-0.248,0.534,0.523,0.657,0.421,0.565,0.538,0.216,0.426,-0.066,-0.44,0.378,0.467,0.106,-0.232,-0.607,0.715,-0.429,0.15,0.435,0.588,0.18,0.452,-0.524,0.106,-0.144,0.855,0.389,-0.04,0.135,0.835,0.563,0.674,0.493,0.55,-0.238,-0.67,-0.649,0.192,0.638,0.068,0.289,0.277,0.174,0.342,0.648,0.122,-0.247,0.571,-0.032,0.422,0.417,-0.61,0.382,0.506,0.693,0.471,-0.301,0.454,-0.032,-0.301,-0.259,-0.7,-0.259,0.361,-0.142,0.615,0.467,0.544,0.518,0.038,-0.429,-0.342,-0.098,0.59,-0.694,-0.038,0.647,0.008,0.16,0.013,-0.536,0.529,0.278,0.237,0.223,-0.017,0.524,0.765,-0.635,0.103,0.787,0.37,0.479,-0.467,-0.502,0.272,0.094,-0.137,-0.704,0.163,-0.348,-0.043,0.798,0.68,0.436,0.59,0.643,-0.374,0.317,-0.427,-0.187,-0.241
ARCC,0.727,-0.115,0.812,0.559,0.863,0.056,0.604,0.273,0.562,-0.298,0.094,0.848,0.852,0.751,0.0,0.744,0.86,0.893,0.128,0.68,0.149,0.142,0.317,0.901,0.893,0.37,0.918,0.723,-0.018,0.677,0.823,-0.31,0.86,0.56,0.791,0.759,-0.124,-0.102,0.877,0.79,0.152,-0.189,0.664,0.861,0.615,0.775,0.476,0.596,-0.497,0.882,-0.325,0.279,0.203,0.756,0.789,0.71,0.526,0.566,0.698,0.851,0.621,0.594,-0.502,0.744,0.897,0.853,0.805,0.879,0.786,0.83,-0.437,0.86,0.305,0.525,0.517,0.354,0.651,0.115,0.803,0.362,-0.119,0.834,0.756,0.71,0.691,0.416,0.908,-0.592,0.509,0.861,0.76,0.817,0.848,0.854,0.66,0.806,0.402,-0.388,0.693,0.856,0.476,-0.099,-0.756,0.896,-0.161,0.607,0.8,0.797,0.438,0.685,-0.124,0.594,0.14,0.792,0.755,-0.062,0.52,0.897,0.888,0.884,0.638,0.747,-0.091,-0.419,-0.378,0.133,0.637,0.146,0.685,0.552,0.662,0.386,0.883,0.534,0.18,0.865,0.415,0.873,0.826,-0.192,0.392,0.418,0.869,0.818,0.126,0.835,0.396,-0.121,0.135,-0.458,-0.34,0.756,-0.207,0.901,0.838,0.861,0.855,-0.435,-0.346,-0.093,0.088,0.87,-0.614,-0.184,0.832,0.484,0.583,0.38,-0.739,0.868,0.675,0.617,0.6,0.266,0.744,0.931,-0.499,0.408,0.735,0.837,0.789,-0.198,-0.401,0.595,0.374,0.294,-0.592,0.526,-0.314,0.482,0.571,0.916,0.785,0.887,0.923,-0.477,0.494,-0.412,0.069,0.292
ARVN,0.906,-0.07,0.689,0.807,0.744,0.475,0.622,0.753,0.837,0.063,0.167,0.909,0.926,0.287,0.744,0.0,0.912,0.798,0.438,0.949,-0.169,0.516,0.661,0.823,0.89,0.744,0.819,0.827,-0.295,0.275,0.945,0.044,0.951,0.831,0.886,0.334,0.095,0.311,0.929,0.782,0.603,0.258,0.907,0.834,0.847,0.847,0.774,0.861,-0.146,0.807,-0.674,0.484,0.553,0.851,0.819,0.523,0.463,0.25,0.717,0.581,0.877,0.527,-0.218,0.861,0.848,0.646,0.522,0.833,0.602,0.924,-0.194,0.922,0.638,0.798,0.372,0.643,0.918,0.469,0.8,0.781,0.358,0.808,0.355,0.856,0.883,0.419,0.885,-0.659,0.45,0.897,0.543,0.936,0.785,0.923,0.869,0.928,0.804,-0.271,0.805,0.942,0.719,0.123,-0.747,0.775,0.035,0.834,0.94,0.827,0.485,0.806,0.326,0.732,0.373,0.402,0.945,-0.114,0.789,0.58,0.911,0.724,0.648,0.49,-0.041,0.001,0.053,-0.014,0.521,0.084,0.815,0.545,0.828,0.486,0.766,0.85,0.305,0.859,0.665,0.91,0.921,0.194,0.411,0.169,0.638,0.896,0.52,0.942,0.619,-0.086,0.507,-0.084,-0.105,0.818,-0.246,0.86,0.898,0.842,0.87,-0.707,-0.082,0.102,0.215,0.852,-0.355,-0.224,0.808,0.649,0.842,0.62,-0.694,0.921,0.892,0.789,0.822,0.39,0.702,0.78,-0.094,0.554,0.508,0.905,0.899,0.072,-0.33,0.709,0.386,0.417,-0.289,0.79,-0.259,0.842,0.026,0.819,0.93,0.788,0.772,-0.402,0.4,-0.268,0.457,0.787
ATEC,0.829,-0.116,0.759,0.639,0.892,0.236,0.627,0.533,0.679,-0.177,0.085,0.917,0.958,0.522,0.86,0.912,0.0,0.927,0.316,0.825,-0.117,0.384,0.502,0.93,0.925,0.663,0.935,0.866,-0.172,0.454,0.938,-0.183,0.944,0.634,0.89,0.437,-0.046,0.177,0.925,0.876,0.423,0.038,0.814,0.812,0.697,0.89,0.65,0.753,-0.355,0.846,-0.496,0.35,0.416,0.806,0.761,0.694,0.486,0.413,0.74,0.718,0.794,0.501,-0.329,0.874,0.951,0.764,0.648,0.932,0.685,0.944,-0.378,0.909,0.439,0.632,0.437,0.556,0.801,0.214,0.835,0.597,0.138,0.901,0.501,0.836,0.852,0.472,0.954,-0.648,0.551,0.935,0.67,0.91,0.905,0.935,0.784,0.89,0.632,-0.45,0.772,0.954,0.599,0.001,-0.811,0.915,-0.058,0.693,0.94,0.909,0.346,0.815,0.147,0.591,0.204,0.566,0.895,-0.176,0.695,0.767,0.938,0.824,0.645,0.644,-0.061,-0.203,-0.15,0.05,0.577,0.113,0.712,0.531,0.745,0.456,0.792,0.719,0.193,0.924,0.586,0.884,0.892,-0.07,0.513,0.382,0.786,0.857,0.369,0.945,0.514,-0.134,0.261,-0.293,-0.164,0.716,-0.215,0.907,0.937,0.94,0.89,-0.529,-0.216,-0.024,0.123,0.898,-0.545,-0.194,0.846,0.547,0.741,0.571,-0.779,0.939,0.85,0.777,0.756,0.344,0.746,0.909,-0.289,0.402,0.66,0.904,0.911,-0.128,-0.448,0.761,0.344,0.293,-0.534,0.732,-0.321,0.734,0.21,0.89,0.912,0.826,0.867,-0.542,0.405,-0.434,0.293,0.583
ATXS,0.738,-0.343,0.831,0.549,0.956,-0.041,0.473,0.348,0.591,-0.421,-0.151,0.858,0.913,0.692,0.893,0.798,0.927,0.0,0.041,0.685,-0.095,0.145,0.228,0.96,0.899,0.48,0.951,0.776,-0.238,0.524,0.881,-0.469,0.915,0.469,0.886,0.568,-0.29,-0.082,0.889,0.867,0.147,-0.268,0.7,0.851,0.548,0.899,0.473,0.551,-0.617,0.912,-0.397,0.158,0.336,0.81,0.734,0.808,0.364,0.463,0.687,0.801,0.67,0.558,-0.56,0.772,0.974,0.75,0.805,0.978,0.698,0.933,-0.582,0.88,0.175,0.435,0.367,0.358,0.654,-0.037,0.868,0.457,-0.137,0.886,0.698,0.71,0.699,0.569,0.946,-0.72,0.525,0.93,0.709,0.808,0.903,0.94,0.739,0.882,0.431,-0.607,0.713,0.907,0.447,-0.227,-0.925,0.984,-0.351,0.499,0.88,0.894,0.344,0.825,-0.141,0.43,-0.062,0.739,0.796,-0.367,0.499,0.858,0.933,0.838,0.568,0.692,-0.296,-0.483,-0.432,-0.023,0.565,-0.07,0.591,0.388,0.58,0.367,0.781,0.527,-0.055,0.95,0.346,0.824,0.872,-0.365,0.509,0.374,0.857,0.838,0.143,0.859,0.32,-0.288,0.0,-0.549,-0.285,0.704,-0.379,0.94,0.885,0.872,0.885,-0.467,-0.473,-0.281,-0.099,0.888,-0.759,-0.292,0.915,0.349,0.556,0.332,-0.889,0.923,0.688,0.604,0.608,0.166,0.646,0.972,-0.545,0.206,0.718,0.812,0.879,-0.382,-0.625,0.693,0.177,0.069,-0.763,0.554,-0.511,0.514,0.336,0.924,0.834,0.787,0.872,-0.691,0.261,-0.645,0.125,0.335
AVAV,0.316,0.592,0.005,0.245,0.071,0.859,0.574,0.488,0.248,0.509,0.74,0.463,0.343,-0.26,0.128,0.438,0.316,0.041,0.0,0.588,0.175,0.609,0.847,0.116,0.241,0.692,0.202,0.482,0.125,-0.019,0.369,0.722,0.304,0.517,0.268,-0.188,0.564,0.722,0.373,0.329,0.843,0.843,0.548,0.139,0.474,0.208,0.696,0.706,0.628,0.103,-0.336,0.733,0.174,0.086,0.171,-0.194,0.59,0.148,0.251,-0.022,0.433,-0.176,0.557,0.533,0.163,0.385,-0.339,0.126,0.243,0.264,0.523,0.287,0.756,0.63,0.573,0.7,0.494,0.609,0.206,0.339,0.807,0.376,-0.463,0.59,0.662,-0.273,0.185,0.132,0.281,0.288,0.189,0.463,0.229,0.166,0.131,0.174,0.581,0.206,0.333,0.351,0.475,0.464,0.097,0.049,0.759,0.66,0.395,0.263,-0.062,0.087,0.825,0.668,0.744,-0.335,0.396,0.565,0.785,-0.047,0.178,0.267,0.468,0.021,0.746,0.729,0.756,0.313,0.202,0.647,0.401,0.691,0.6,0.401,0.232,0.718,0.798,0.184,0.824,0.356,0.235,0.724,0.168,0.392,-0.01,0.16,0.582,0.432,0.747,0.583,0.726,0.658,0.328,0.227,0.497,0.129,0.392,0.428,0.304,-0.251,0.644,0.81,0.782,0.312,0.48,0.332,-0.041,0.676,0.712,0.708,0.222,0.256,0.6,0.724,0.551,0.66,0.59,0.073,0.671,0.646,0.058,0.471,0.345,0.659,0.464,0.508,0.634,0.697,0.431,0.735,0.596,0.758,-0.288,0.078,0.407,0.385,0.203,0.302,0.582,0.505,0.62,0.647
AXON,0.875,0.048,0.611,0.8,0.636,0.607,0.666,0.789,0.827,0.187,0.308,0.892,0.88,0.17,0.68,0.949,0.825,0.685,0.588,0.0,-0.114,0.55,0.77,0.721,0.84,0.757,0.749,0.814,-0.275,0.231,0.894,0.233,0.897,0.854,0.803,0.26,0.194,0.396,0.902,0.711,0.688,0.411,0.893,0.794,0.891,0.77,0.804,0.922,0.027,0.742,-0.657,0.574,0.493,0.783,0.786,0.402,0.496,0.217,0.689,0.485,0.857,0.424,-0.094,0.857,0.762,0.628,0.393,0.725,0.577,0.846,-0.037,0.888,0.726,0.831,0.407,0.69,0.933,0.579,0.737,0.755,0.488,0.774,0.23,0.828,0.88,0.308,0.8,-0.561,0.464,0.825,0.464,0.922,0.691,0.836,0.804,0.853,0.855,-0.122,0.819,0.885,0.783,0.219,-0.631,0.666,0.184,0.905,0.89,0.758,0.49,0.693,0.459,0.829,0.495,0.309,0.897,0.03,0.827,0.484,0.834,0.715,0.666,0.416,0.097,0.133,0.179,0.047,0.5,0.197,0.826,0.607,0.854,0.513,0.753,0.894,0.444,0.765,0.72,0.882,0.86,0.335,0.343,0.179,0.568,0.837,0.591,0.885,0.697,0.042,0.605,0.052,-0.016,0.813,-0.166,0.785,0.841,0.797,0.832,-0.706,0.074,0.253,0.365,0.791,-0.221,-0.119,0.682,0.73,0.889,0.655,-0.572,0.859,0.892,0.84,0.853,0.439,0.734,0.689,0.073,0.644,0.459,0.887,0.854,0.256,-0.192,0.679,0.439,0.509,-0.147,0.822,-0.128,0.893,-0.044,0.744,0.902,0.753,0.707,-0.266,0.457,-0.124,0.571,0.815
BANF,-0.267,0.136,0.191,-0.072,-0.084,0.272,-0.09,-0.473,-0.221,-0.192,0.385,0.031,-0.17,0.226,0.149,-0.169,-0.117,-0.095,0.175,-0.114,0.0,-0.355,-0.002,-0.05,-0.188,-0.303,0.011,-0.057,0.201,0.077,-0.119,0.074,-0.053,0.03,0.016,0.387,-0.046,-0.288,-0.002,0.179,-0.201,-0.135,0.059,0.074,-0.031,-0.305,-0.033,-0.044,0.141,0.096,-0.027,0.527,-0.604,-0.081,0.078,-0.364,0.598,0.281,-0.241,0.194,-0.347,-0.173,-0.153,-0.131,-0.046,0.232,-0.106,-0.042,0.009,-0.151,0.337,0.013,-0.029,0.225,0.561,-0.201,-0.043,-0.043,-0.011,-0.483,-0.158,-0.037,0.128,0.118,0.111,-0.609,-0.098,0.069,-0.265,-0.006,0.511,-0.086,0.134,-0.149,-0.235,-0.11,-0.409,-0.095,-0.281,-0.035,-0.167,-0.288,0.242,-0.07,0.098,-0.028,-0.201,-0.258,0.028,-0.335,-0.092,0.319,0.079,-0.009,-0.136,0.412,0.057,-0.069,-0.078,0.179,-0.033,0.146,0.342,0.016,0.028,0.181,-0.181,0.225,-0.001,0.612,0.286,-0.305,0.087,-0.03,0.484,0.015,0.162,0.12,-0.014,0.153,-0.325,0.448,-0.078,-0.102,-0.418,0.051,0.34,0.672,-0.069,0.175,-0.491,0.151,0.519,-0.008,0.1,-0.006,0.096,0.011,-0.081,0.415,0.401,0.187,0.319,0.047,-0.073,0.218,-0.038,-0.046,0.307,-0.031,-0.169,-0.055,-0.343,0.565,0.23,-0.044,-0.092,0.101,-0.069,0.136,-0.03,0.038,0.591,0.135,0.664,0.452,0.002,-0.009,0.509,-0.179,0.413,-0.053,-0.164,0.357,0.159,0.235,0.231,0.252,-0.39,-0.303
BATRK,0.483,0.554,-0.038,0.327,0.131,0.514,0.597,0.782,0.397,0.547,0.446,0.412,0.418,-0.207,0.142,0.516,0.384,0.145,0.609,0.55,-0.355,0.0,0.73,0.165,0.362,0.723,0.188,0.414,0.043,0.096,0.412,0.557,0.343,0.481,0.22,-0.217,0.658,0.684,0.377,0.135,0.794,0.719,0.425,0.17,0.505,0.338,0.581,0.632,0.35,0.062,-0.261,0.312,0.649,0.233,0.266,0.141,0.228,0.056,0.478,0.053,0.637,0.121,0.474,0.493,0.213,0.252,-0.035,0.159,0.333,0.349,0.217,0.28,0.782,0.512,0.208,0.666,0.494,0.618,0.161,0.708,0.713,0.335,-0.277,0.46,0.524,0.158,0.34,0.055,0.373,0.259,-0.065,0.497,0.195,0.295,0.334,0.259,0.777,0.396,0.505,0.355,0.619,0.616,-0.052,0.123,0.555,0.605,0.482,0.388,0.117,0.311,0.671,0.427,0.636,-0.139,0.507,0.297,0.601,0.134,0.275,0.14,0.464,0.142,0.414,0.574,0.582,0.372,0.366,0.45,0.419,0.279,0.36,0.558,0.266,0.647,0.411,0.178,0.575,0.333,0.284,0.528,0.321,0.011,0.098,0.306,0.784,0.376,0.436,0.067,0.744,0.381,0.509,0.163,0.148,0.185,0.302,0.415,0.232,-0.251,0.539,0.413,0.385,0.189,0.157,0.272,0.099,0.459,0.616,0.584,-0.052,0.284,0.648,0.64,0.674,0.277,0.378,0.128,0.473,0.59,0.183,0.381,0.268,0.496,0.006,0.263,0.265,0.419,0.375,0.585,0.265,0.722,-0.211,0.214,0.439,0.23,0.2,0.125,0.466,0.231,0.69,0.766
BIDU,0.602,0.489,0.221,0.549,0.218,0.829,0.697,0.77,0.564,0.562,0.631,0.607,0.555,-0.173,0.317,0.661,0.502,0.228,0.847,0.77,-0.002,0.73,0.0,0.294,0.474,0.758,0.358,0.625,-0.003,0.065,0.556,0.683,0.512,0.728,0.42,-0.073,0.637,0.697,0.565,0.4,0.886,0.799,0.683,0.363,0.714,0.383,0.789,0.865,0.508,0.276,-0.483,0.686,0.426,0.398,0.493,-0.018,0.56,0.102,0.442,0.154,0.712,0.058,0.379,0.671,0.358,0.436,-0.069,0.298,0.368,0.463,0.405,0.508,0.886,0.818,0.435,0.738,0.748,0.777,0.32,0.663,0.833,0.469,-0.228,0.683,0.748,-0.008,0.43,-0.123,0.376,0.436,0.191,0.685,0.376,0.416,0.472,0.42,0.837,0.276,0.524,0.556,0.742,0.542,-0.088,0.227,0.642,0.839,0.577,0.418,0.269,0.264,0.8,0.781,0.793,-0.11,0.608,0.45,0.837,0.119,0.425,0.398,0.544,0.202,0.552,0.612,0.643,0.266,0.32,0.518,0.61,0.649,0.697,0.513,0.438,0.869,0.735,0.352,0.853,0.579,0.486,0.704,0.257,0.199,0.162,0.473,0.748,0.578,0.798,0.39,0.795,0.533,0.286,0.434,0.293,0.365,0.525,0.547,0.464,-0.453,0.541,0.675,0.726,0.455,0.293,0.291,0.198,0.77,0.824,0.781,-0.055,0.486,0.785,0.798,0.754,0.601,0.65,0.251,0.525,0.769,0.18,0.624,0.516,0.652,0.226,0.521,0.616,0.715,0.347,0.791,0.378,0.866,-0.168,0.34,0.614,0.504,0.418,0.166,0.6,0.337,0.658,0.829
BLNE,0.759,-0.269,0.832,0.582,0.939,0.049,0.496,0.365,0.615,-0.362,-0.036,0.855,0.915,0.666,0.901,0.823,0.93,0.96,0.116,0.721,-0.05,0.165,0.294,0.0,0.914,0.49,0.957,0.811,-0.204,0.501,0.909,-0.38,0.917,0.52,0.895,0.562,-0.242,-0.027,0.89,0.888,0.214,-0.2,0.759,0.845,0.582,0.872,0.51,0.611,-0.509,0.901,-0.422,0.249,0.303,0.806,0.758,0.729,0.424,0.462,0.692,0.808,0.673,0.559,-0.49,0.78,0.964,0.757,0.764,0.963,0.654,0.922,-0.493,0.896,0.236,0.512,0.375,0.411,0.699,0.05,0.885,0.449,-0.084,0.884,0.671,0.767,0.725,0.515,0.934,-0.699,0.503,0.927,0.727,0.832,0.898,0.937,0.751,0.883,0.455,-0.54,0.714,0.92,0.477,-0.142,-0.871,0.954,-0.265,0.572,0.87,0.895,0.39,0.812,-0.054,0.494,0.015,0.694,0.792,-0.278,0.557,0.823,0.946,0.853,0.604,0.68,-0.224,-0.428,-0.38,-0.01,0.561,-0.038,0.644,0.452,0.649,0.354,0.789,0.587,0.046,0.941,0.415,0.844,0.876,-0.275,0.488,0.385,0.814,0.856,0.169,0.882,0.408,-0.237,0.056,-0.463,-0.303,0.728,-0.324,0.926,0.906,0.896,0.889,-0.496,-0.379,-0.189,-0.024,0.915,-0.675,-0.27,0.899,0.408,0.613,0.35,-0.851,0.936,0.728,0.646,0.621,0.226,0.683,0.957,-0.467,0.261,0.676,0.845,0.906,-0.301,-0.533,0.712,0.249,0.163,-0.696,0.616,-0.467,0.534,0.332,0.911,0.862,0.804,0.87,-0.615,0.306,-0.534,0.117,0.384
BLNK,0.874,-0.089,0.706,0.64,0.888,0.166,0.699,0.576,0.7,-0.082,0.071,0.896,0.968,0.587,0.893,0.89,0.925,0.899,0.241,0.84,-0.188,0.362,0.474,0.914,0.0,0.622,0.928,0.792,-0.107,0.59,0.946,-0.174,0.925,0.657,0.853,0.532,-0.003,0.179,0.935,0.763,0.41,0.044,0.78,0.856,0.703,0.926,0.651,0.757,-0.38,0.856,-0.384,0.228,0.482,0.787,0.774,0.744,0.376,0.477,0.82,0.766,0.833,0.642,-0.316,0.873,0.911,0.775,0.758,0.894,0.773,0.928,-0.454,0.908,0.444,0.571,0.368,0.579,0.766,0.298,0.852,0.629,0.097,0.901,0.598,0.756,0.747,0.607,0.939,-0.576,0.662,0.884,0.579,0.921,0.789,0.935,0.775,0.879,0.684,-0.293,0.859,0.916,0.659,0.126,-0.837,0.891,-0.095,0.765,0.919,0.931,0.458,0.835,0.086,0.598,0.272,0.685,0.885,-0.106,0.656,0.833,0.945,0.841,0.756,0.593,-0.132,-0.281,-0.242,0.076,0.735,0.133,0.793,0.431,0.675,0.593,0.877,0.708,0.114,0.864,0.492,0.856,0.861,-0.094,0.51,0.291,0.833,0.888,0.391,0.886,0.402,-0.287,0.305,-0.373,-0.082,0.752,-0.328,0.909,0.852,0.897,0.857,-0.506,-0.146,-0.093,0.111,0.846,-0.604,-0.136,0.859,0.496,0.74,0.476,-0.797,0.925,0.853,0.745,0.814,0.172,0.754,0.927,-0.269,0.483,0.743,0.84,0.884,-0.077,-0.522,0.601,0.228,0.226,-0.49,0.69,-0.414,0.663,0.315,0.927,0.942,0.785,0.856,-0.487,0.454,-0.366,0.382,0.551
BTAI,0.683,0.331,0.213,0.395,0.514,0.536,0.707,0.775,0.505,0.24,0.382,0.72,0.722,0.031,0.37,0.744,0.663,0.48,0.692,0.757,-0.303,0.723,0.758,0.49,0.622,0.0,0.542,0.69,0.008,0.197,0.687,0.316,0.63,0.586,0.595,-0.065,0.44,0.77,0.653,0.551,0.863,0.615,0.728,0.434,0.582,0.692,0.871,0.769,0.202,0.405,-0.383,0.444,0.637,0.376,0.39,0.311,0.439,0.289,0.527,0.299,0.783,0.102,0.328,0.844,0.551,0.537,0.116,0.539,0.517,0.681,-0.005,0.548,0.717,0.577,0.436,0.915,0.654,0.557,0.478,0.759,0.706,0.721,-0.152,0.739,0.728,0.316,0.582,-0.147,0.601,0.615,0.288,0.72,0.521,0.565,0.497,0.53,0.837,-0.012,0.673,0.673,0.628,0.433,-0.393,0.474,0.433,0.738,0.753,0.676,0.073,0.611,0.669,0.558,0.532,0.045,0.714,0.151,0.856,0.342,0.534,0.453,0.667,0.293,0.367,0.442,0.484,0.342,0.508,0.471,0.499,0.478,0.562,0.698,0.456,0.864,0.388,0.54,0.788,0.541,0.532,0.379,0.636,0.352,0.339,0.493,0.779,0.686,0.609,0.112,0.648,0.297,0.407,0.352,0.118,0.498,0.639,0.71,0.574,-0.351,0.391,0.422,0.454,0.549,-0.011,0.23,0.38,0.574,0.83,0.733,-0.274,0.591,0.862,0.847,0.853,0.442,0.693,0.457,0.378,0.615,0.427,0.625,0.645,0.338,-0.126,0.664,0.371,0.396,0.008,0.855,0.111,0.861,-0.175,0.459,0.734,0.5,0.481,-0.181,0.591,0.068,0.739,0.811
BYND,0.747,-0.18,0.823,0.547,0.94,0.121,0.555,0.371,0.579,-0.323,0.044,0.887,0.939,0.676,0.918,0.819,0.935,0.951,0.202,0.749,0.011,0.188,0.358,0.957,0.928,0.542,0.0,0.814,-0.095,0.551,0.912,-0.317,0.92,0.522,0.892,0.561,-0.142,0.035,0.919,0.898,0.266,-0.123,0.769,0.845,0.597,0.882,0.565,0.678,-0.448,0.896,-0.366,0.308,0.273,0.774,0.764,0.709,0.504,0.525,0.69,0.82,0.691,0.513,-0.445,0.828,0.957,0.819,0.735,0.964,0.713,0.921,-0.444,0.911,0.277,0.536,0.479,0.476,0.708,0.103,0.842,0.449,-0.037,0.926,0.648,0.786,0.75,0.486,0.936,-0.634,0.58,0.916,0.75,0.854,0.91,0.919,0.708,0.853,0.49,-0.51,0.758,0.933,0.529,-0.097,-0.836,0.948,-0.194,0.639,0.876,0.894,0.339,0.8,-0.008,0.556,0.096,0.686,0.807,-0.169,0.625,0.835,0.943,0.892,0.666,0.709,-0.114,-0.377,-0.329,0.07,0.592,0.093,0.695,0.534,0.692,0.422,0.819,0.638,0.127,0.937,0.477,0.857,0.868,-0.215,0.485,0.488,0.826,0.824,0.199,0.9,0.455,-0.149,0.094,-0.402,-0.263,0.726,-0.216,0.93,0.913,0.927,0.901,-0.465,-0.299,-0.093,0.103,0.926,-0.615,-0.171,0.856,0.455,0.643,0.408,-0.802,0.945,0.776,0.7,0.646,0.306,0.779,0.962,-0.382,0.317,0.723,0.871,0.92,-0.25,-0.462,0.731,0.339,0.238,-0.661,0.681,-0.363,0.572,0.368,0.927,0.894,0.854,0.916,-0.579,0.391,-0.44,0.178,0.402
CAN,0.724,-0.034,0.712,0.617,0.752,0.386,0.634,0.55,0.672,-0.119,0.214,0.85,0.868,0.318,0.723,0.827,0.866,0.776,0.482,0.814,-0.057,0.414,0.625,0.811,0.792,0.69,0.814,0.0,-0.239,0.253,0.85,0.001,0.836,0.567,0.783,0.233,0.053,0.308,0.824,0.845,0.54,0.198,0.773,0.72,0.673,0.743,0.657,0.755,-0.098,0.74,-0.541,0.497,0.343,0.726,0.724,0.487,0.517,0.28,0.562,0.549,0.742,0.223,-0.152,0.851,0.836,0.674,0.409,0.822,0.529,0.829,-0.126,0.824,0.502,0.658,0.438,0.566,0.81,0.317,0.754,0.552,0.336,0.837,0.255,0.815,0.83,0.278,0.808,-0.579,0.473,0.867,0.569,0.838,0.82,0.805,0.729,0.777,0.654,-0.324,0.71,0.902,0.594,0.049,-0.621,0.772,0.089,0.67,0.865,0.783,0.361,0.662,0.385,0.657,0.263,0.362,0.73,-0.082,0.754,0.594,0.804,0.73,0.522,0.648,0.096,0.001,0.055,0.079,0.4,0.166,0.589,0.584,0.712,0.41,0.606,0.741,0.352,0.834,0.682,0.816,0.824,0.084,0.529,0.41,0.631,0.746,0.439,0.823,0.702,0.077,0.259,-0.045,-0.11,0.643,-0.07,0.809,0.869,0.871,0.849,-0.562,-0.044,0.149,0.25,0.82,-0.325,-0.083,0.672,0.624,0.728,0.581,-0.634,0.847,0.821,0.839,0.731,0.466,0.733,0.767,-0.088,0.452,0.502,0.857,0.867,-0.001,-0.273,0.843,0.43,0.403,-0.394,0.776,-0.137,0.788,0.035,0.739,0.843,0.729,0.788,-0.48,0.415,-0.309,0.377,0.594
CCEC,-0.26,0.645,-0.381,-0.531,-0.09,-0.065,0.257,-0.246,-0.545,0.16,0.473,-0.178,-0.161,0.193,-0.018,-0.295,-0.172,-0.238,0.125,-0.275,0.201,0.043,-0.003,-0.204,-0.107,0.008,-0.095,-0.239,0.0,0.442,-0.24,0.179,-0.301,-0.211,-0.267,0.077,0.483,0.234,-0.212,-0.184,0.091,0.187,-0.219,-0.32,-0.339,-0.138,0.045,-0.061,0.22,-0.333,0.644,-0.024,-0.066,-0.536,-0.332,-0.073,0.19,0.446,-0.072,0.083,-0.134,-0.135,0.375,-0.027,-0.223,0.218,-0.152,-0.222,0.179,-0.247,0.056,-0.329,0.029,-0.204,0.294,0.236,-0.377,0.07,-0.337,-0.247,0.038,-0.033,-0.057,-0.027,-0.184,-0.055,-0.192,0.678,0.265,-0.301,0.034,-0.163,-0.163,-0.343,-0.536,-0.454,-0.147,0.354,-0.094,-0.255,-0.112,0.428,0.403,-0.211,0.439,-0.007,-0.265,-0.101,-0.405,-0.151,0.081,-0.116,0.297,-0.031,-0.225,0.598,0.051,0.128,-0.272,-0.057,0.328,0.088,0.596,0.175,0.136,0.568,0.26,0.699,-0.104,0.137,-0.171,0.326,-0.068,-0.065,0.224,-0.294,0.121,-0.253,-0.405,0.113,0.143,0.416,-0.114,-0.375,0.055,-0.158,-0.118,0.212,0.101,0.178,0.296,-0.411,0.596,-0.31,-0.232,0.007,-0.281,0.567,0.497,0.372,0.384,-0.19,0.293,0.615,-0.384,-0.16,-0.072,0.099,0.445,-0.264,0.015,0.015,-0.072,0.085,0.184,-0.155,0.328,0.145,0.165,-0.186,-0.272,0.188,0.328,-0.201,0.189,0.143,0.239,0.026,0.432,-0.183,0.463,-0.177,-0.145,-0.036,-0.026,0.381,0.471,0.549,-0.001,-0.205
CDW,0.325,0.2,0.222,-0.051,0.597,-0.25,0.64,0.028,-0.024,-0.07,0.083,0.483,0.507,0.826,0.677,0.275,0.454,0.524,-0.019,0.231,0.077,0.096,0.065,0.501,0.59,0.197,0.551,0.253,0.442,0.0,0.445,-0.267,0.38,0.143,0.354,0.69,0.058,-0.059,0.486,0.285,0.051,-0.147,0.215,0.437,0.097,0.535,0.288,0.263,-0.493,0.447,0.351,-0.164,0.225,0.181,0.265,0.677,0.285,0.843,0.676,0.727,0.371,0.592,-0.187,0.452,0.461,0.747,0.706,0.468,0.852,0.441,-0.503,0.349,0.083,0.023,0.462,0.259,0.086,-0.036,0.43,0.088,-0.247,0.577,0.608,0.302,0.275,0.534,0.528,0.082,0.729,0.376,0.436,0.47,0.373,0.41,0.075,0.269,0.155,-0.066,0.521,0.363,0.27,0.16,-0.415,0.534,-0.087,0.31,0.422,0.581,0.043,0.383,-0.308,0.179,0.243,0.743,0.417,0.253,0.221,0.826,0.443,0.586,0.694,0.4,0.058,-0.392,-0.394,0.426,0.828,0.431,0.353,0.261,0.137,0.638,0.668,0.224,-0.077,0.364,0.08,0.355,0.258,-0.331,0.402,0.481,0.667,0.353,-0.015,0.389,-0.078,-0.278,0.094,-0.532,0.152,0.234,0.007,0.461,0.32,0.53,0.362,0.193,-0.041,-0.13,0.129,0.406,-0.526,0.262,0.443,0.06,0.273,0.176,-0.335,0.397,0.405,0.368,0.43,-0.073,0.597,0.643,-0.293,0.371,0.858,0.313,0.325,-0.099,-0.39,0.084,0.097,-0.046,-0.346,0.22,-0.112,0.102,0.752,0.598,0.427,0.507,0.562,-0.096,0.558,-0.143,0.151,-0.086
CDXS,0.855,-0.1,0.718,0.695,0.855,0.33,0.638,0.621,0.73,-0.031,0.133,0.923,0.967,0.484,0.823,0.945,0.938,0.881,0.369,0.894,-0.119,0.412,0.556,0.909,0.946,0.687,0.912,0.85,-0.24,0.445,0.0,-0.074,0.958,0.713,0.912,0.436,-0.015,0.202,0.962,0.831,0.496,0.127,0.891,0.854,0.735,0.897,0.713,0.826,-0.282,0.86,-0.532,0.389,0.471,0.818,0.784,0.623,0.46,0.408,0.803,0.716,0.834,0.591,-0.273,0.871,0.907,0.738,0.646,0.899,0.685,0.952,-0.334,0.938,0.504,0.691,0.409,0.585,0.844,0.336,0.886,0.65,0.184,0.888,0.487,0.847,0.854,0.496,0.926,-0.624,0.563,0.913,0.612,0.95,0.825,0.949,0.809,0.913,0.706,-0.358,0.832,0.952,0.696,0.097,-0.819,0.859,-0.071,0.786,0.939,0.922,0.425,0.825,0.196,0.653,0.316,0.529,0.912,-0.12,0.744,0.71,0.955,0.815,0.726,0.52,-0.084,-0.179,-0.128,0.017,0.618,0.078,0.808,0.533,0.773,0.524,0.826,0.797,0.21,0.887,0.565,0.885,0.9,0.01,0.452,0.309,0.731,0.903,0.376,0.942,0.536,-0.174,0.351,-0.251,-0.093,0.785,-0.27,0.9,0.914,0.897,0.888,-0.582,-0.121,0.002,0.188,0.896,-0.497,-0.188,0.865,0.542,0.805,0.513,-0.751,0.953,0.889,0.785,0.797,0.311,0.76,0.889,-0.184,0.478,0.638,0.898,0.94,-0.028,-0.418,0.697,0.34,0.315,-0.44,0.782,-0.319,0.739,0.167,0.887,0.96,0.816,0.827,-0.445,0.381,-0.35,0.41,0.634
