,ABEO,ACHC,AGNCN,AKAM,AKRO,ALRM,AMAT,AMED,AMRN,ANGI,APA,APOG,APPS,ARCB,ARCC,ARVN,ATEC,ATXS,AVAV,AXON,BANF,BATRK,BIDU,BLNE,BLNK,BTAI,BYND,CAN,CCEC,CDW,CDXS,CELH,CGNX,CHKP,CHRS,CHRW,CIGI,CKPT,CMPR,COGT,CRNC,CRSP,CSTL,CTSH,CVGW,DGLY,DNLI,DOCU,DVAX,EBAY,EHTH,ERII,ESLT,EXPE,EXPO,FBIOP,FFBC,FFIN,FOXF,FWRD,GDS,GERN,GPRE,GRWG,GRYP,HEES,HELE,HIVE,HON,HRTX,HSTM,HURA,IART,IBKR,IBOC,IBRX,IDXX,INGN,INM,INVA,IQ,IRBT,KDP,KPTI,KTOS,KXIN,LAMR,LFUS,LGIH,LGMK,LKFN,LNW,LOPE,LPSN,LYFT,MGNX,MLCO,MNST,MODV,MSTR,MTCH,MYGN,MYRG,NCMI,NEXT,NFLX,NIU,NKTR,NRC,NTNX,NTRA,NVEE,NVMI,NWL,NWS,NXPI,OCGN,OCSL,OKTA,OLLI,OTLK,OXLC,PAA,PARA,PARAA,PDCO,PDFS,PFG,PGEN,PNFP,PODD,POWI,PSMT,PTC,PTEN,PVLA,RDNT,RDUS,RDWR,REGN,RNAC,ROCK,ROST,RRR,RSLS,RVMD,RYAAY,SAFT,SAGE,SAVA,SBGI,SFM,SFNC,SHYF,SIBN,SIFY,SIGI,SIMO,SITM,SLM,SNBR,SNDX,SNY,SPNS,SRRK,STRA,SUPN,SYRE,TCBK,TEAM,TECH,THRM,TLRY,TRMK,TROW,TSLA,TWST,TXN,UFPI,UNIT,UPWK,USLM,UTHR,VERB,VLY,VRNA,VRRM,VXRT,WAFD,WATT,WBA,WING,WIX,WTFC,WTW,XPEL,XRX,YMAB,ZG,ZLAB
ABEO,0.0,-0.196,-0.602,-0.794,-0.635,-0.335,-0.134,-0.314,0.196,0.556,-0.085,-0.473,-0.583,-0.454,-0.256,-0.565,-0.104,0.449,-0.2,-0.484,-0.56,-0.047,0.547,0.2,0.937,0.185,0.459,0.921,0.481,-0.307,0.44,-0.438,-0.205,-0.813,0.296,-0.492,-0.373,-0.219,0.688,-0.005,0.052,-0.453,0.016,-0.766,-0.641,0.215,-0.357,-0.601,-0.416,0.555,-0.277,-0.011,-0.703,-0.425,0.886,0.333,-0.337,0.354,0.876,-0.538,0.773,0.62,0.726,0.872,0.76,0.324,0.576,0.597,0.308,-0.693,-0.847,0.796,-0.584,-0.588,0.514,-0.495,-0.592,0.231,0.71,-0.85,0.679,0.579,-0.713,-0.161,0.528,0.366,-0.618,-0.02,0.809,-0.515,-0.742,-0.19,-0.919,0.368,-0.266,0.253,0.208,-0.799,-0.479,0.727,0.042,-0.431,0.517,-0.26,0.322,0.414,0.934,-0.796,0.405,0.627,-0.033,-0.502,-0.491,0.779,-0.283,-0.015,0.674,-0.595,0.338,0.289,0.701,0.162,0.265,0.334,0.323,0.08,-0.183,0.024,0.039,0.324,0.109,0.04,0.244,-0.344,-0.143,-0.203,-0.597,-0.546,-0.869,0.654,-0.64,0.929,0.2,-0.46,0.445,-0.047,-0.538,-0.672,-0.771,0.396,-0.575,-0.799,0.333,0.204,-0.274,0.303,0.159,-0.529,0.489,-0.229,0.223,-0.882,-0.793,0.788,0.182,-0.871,-0.105,-0.677,0.151,0.059,-0.468,-0.018,0.891,-0.186,0.286,-0.121,0.621,0.801,0.231,-0.349,0.466,-0.639,-0.794,0.892,0.352,-0.825,-0.28,-0.599,0.17,0.862,-0.565,-0.358,-0.285,-0.153,-0.57,-0.399,-0.507,0.089,0.13,0.056
ACHC,-0.196,0.0,0.625,0.446,0.392,0.859,0.86,0.786,0.31,-0.037,0.867,0.84,0.713,0.795,0.926,0.692,0.587,-0.122,-0.008,0.528,0.784,0.693,0.423,0.583,-0.207,0.222,-0.208,-0.107,0.624,0.905,0.426,0.814,0.631,0.57,-0.136,0.529,0.762,0.722,0.271,0.563,0.686,0.012,0.632,0.695,0.527,0.048,0.055,0.369,0.104,0.563,0.484,0.782,0.313,0.827,-0.133,-0.166,0.775,0.65,0.18,0.751,-0.07,-0.328,0.251,0.01,-0.381,0.543,0.201,0.139,0.243,0.299,0.457,-0.532,0.773,0.654,0.551,0.523,0.7,0.633,-0.312,0.32,-0.208,0.291,0.652,0.621,0.215,-0.567,0.838,0.847,0.012,0.521,0.73,0.869,0.451,0.16,0.828,-0.184,0.759,0.626,0.668,-0.064,0.751,0.79,0.649,0.685,0.479,0.381,0.022,0.188,0.249,0.347,0.019,0.843,0.86,0.061,0.876,0.771,-0.413,0.709,0.359,0.617,-0.119,0.651,0.637,0.666,0.604,0.781,0.869,0.525,0.173,0.59,0.688,0.777,0.753,0.757,0.648,0.704,0.695,0.824,0.46,0.031,0.396,-0.046,0.831,0.84,-0.686,0.296,0.608,0.704,0.663,0.28,0.143,0.499,0.55,0.756,0.898,0.636,-0.019,0.821,0.542,0.885,0.536,0.462,0.54,0.3,0.046,0.331,0.503,0.665,0.693,0.444,0.765,0.896,-0.271,0.612,0.595,0.88,-0.357,0.229,0.795,0.908,0.235,0.671,0.591,-0.45,0.68,0.612,0.812,-0.256,0.704,-0.256,0.78,0.763,0.73,0.81,0.731,0.785,0.869,0.619,0.57,-0.098
AGNCN,-0.602,0.625,0.0,0.558,0.472,0.591,0.409,0.48,0.127,-0.234,0.429,0.606,0.586,0.534,0.598,0.654,0.132,-0.196,0.071,0.394,0.753,0.446,0.082,0.096,-0.646,-0.06,-0.397,-0.53,-0.024,0.535,-0.196,0.617,0.229,0.694,-0.476,0.591,0.582,0.597,-0.123,0.416,0.307,0.233,0.458,0.772,0.524,-0.34,0.22,0.458,0.207,0.021,0.384,0.432,0.531,0.617,-0.52,-0.243,0.65,0.134,-0.375,0.664,-0.378,-0.569,-0.241,-0.425,-0.718,0.017,-0.3,-0.417,-0.053,0.402,0.664,-0.736,0.576,0.49,0.046,0.499,0.581,0.238,-0.567,0.497,-0.431,-0.214,0.761,0.286,-0.241,-0.413,0.774,0.403,-0.425,0.286,0.771,0.491,0.731,-0.157,0.492,-0.3,0.247,0.755,0.45,-0.572,0.357,0.593,0.112,0.605,0.032,-0.182,-0.453,0.358,-0.131,-0.305,0.046,0.718,0.681,-0.355,0.538,0.305,-0.617,0.616,-0.096,0.241,-0.345,0.418,0.286,0.256,0.241,0.253,0.439,0.241,0.043,0.154,0.219,0.353,0.26,0.507,0.335,0.66,0.59,0.678,0.672,-0.434,0.379,-0.561,0.36,0.659,-0.65,0.015,0.579,0.767,0.729,-0.07,0.556,0.735,0.099,0.18,0.604,0.391,-0.08,0.696,0.005,0.577,0.15,0.691,0.669,-0.239,-0.119,0.612,0.19,0.815,0.294,-0.017,0.606,0.479,-0.626,0.465,0.05,0.505,-0.515,-0.395,0.269,0.719,-0.189,0.599,0.67,-0.768,0.193,0.723,0.538,0.185,0.239,-0.53,0.767,0.492,0.473,0.513,0.571,0.555,0.68,0.12,0.275,-0.0
AKAM,-0.794,0.446,0.558,0.0,0.546,0.408,0.451,0.654,-0.314,-0.64,0.406,0.666,0.63,0.738,0.519,0.519,0.201,-0.566,0.136,0.437,0.769,0.195,-0.427,-0.011,-0.835,-0.236,-0.582,-0.791,-0.192,0.56,-0.192,0.522,0.519,0.923,-0.341,0.77,0.673,0.273,-0.53,-0.039,0.213,0.212,-0.029,0.892,0.828,-0.184,0.256,0.516,0.304,-0.215,0.132,0.222,0.851,0.51,-0.756,-0.425,0.509,-0.057,-0.635,0.794,-0.8,-0.719,-0.563,-0.782,-0.754,-0.103,-0.409,-0.474,0.169,0.587,0.852,-0.82,0.686,0.818,-0.107,0.44,0.717,0.107,-0.749,0.832,-0.786,-0.513,0.864,0.199,-0.463,-0.56,0.753,0.391,-0.602,0.7,0.832,0.359,0.863,-0.447,0.409,-0.372,0.04,0.905,0.555,-0.6,0.033,0.626,-0.254,0.313,-0.112,-0.29,-0.771,0.661,-0.048,-0.357,-0.151,0.679,0.738,-0.433,0.525,0.335,-0.804,0.842,-0.285,0.008,-0.738,-0.042,-0.005,-0.086,-0.153,0.257,0.455,0.429,-0.238,0.118,0.113,0.2,0.062,0.425,0.442,0.181,0.624,0.702,0.91,-0.297,0.608,-0.682,0.163,0.602,-0.511,-0.024,0.527,0.845,0.768,-0.223,0.435,0.864,0.117,0.19,0.443,-0.186,0.225,0.64,-0.323,0.585,-0.156,0.799,0.904,-0.52,-0.227,0.822,0.066,0.673,0.244,0.107,0.602,0.27,-0.869,0.473,-0.068,0.406,-0.667,-0.453,0.152,0.522,-0.468,0.744,0.822,-0.811,0.009,0.876,0.526,0.21,0.166,-0.876,0.759,0.459,0.318,0.515,0.736,0.592,0.732,0.033,-0.11,-0.405
AKRO,-0.635,0.392,0.472,0.546,0.0,0.604,0.445,0.251,0.336,-0.057,0.285,0.599,0.769,0.462,0.386,0.777,0.531,-0.256,0.072,0.784,0.474,0.403,-0.184,0.225,-0.506,0.374,-0.003,-0.424,-0.095,0.516,0.166,0.707,0.526,0.626,0.256,0.118,0.359,0.49,-0.213,0.444,0.12,0.719,0.455,0.606,0.474,0.235,0.507,0.62,0.539,-0.206,0.585,0.397,0.359,0.614,-0.541,-0.052,0.438,0.008,-0.467,0.379,-0.409,-0.024,-0.242,-0.37,-0.286,0.124,0.013,0.055,-0.382,0.676,0.773,-0.508,0.647,0.606,-0.249,0.645,0.662,-0.18,-0.207,0.777,-0.189,0.019,0.456,0.654,0.042,-0.153,0.586,0.206,-0.431,0.585,0.595,0.547,0.68,0.072,0.554,0.353,0.208,0.598,0.738,-0.103,0.428,0.63,-0.035,0.52,0.165,0.166,-0.488,0.757,-0.275,-0.063,0.416,0.56,0.56,-0.558,0.534,0.385,-0.217,0.517,0.272,-0.11,-0.249,0.128,0.063,-0.029,0.008,0.21,0.425,-0.044,0.51,-0.127,0.433,0.363,0.091,0.513,0.207,0.47,0.811,0.578,0.582,-0.611,0.815,-0.609,0.051,0.499,-0.372,0.662,0.651,0.495,0.802,0.007,0.379,0.457,-0.196,0.045,0.534,-0.01,-0.431,0.569,0.07,0.326,0.276,0.792,0.618,-0.25,0.155,0.661,0.64,0.551,0.069,0.331,0.615,0.296,-0.42,0.228,0.205,0.385,-0.137,-0.372,0.027,0.489,0.106,0.703,0.751,-0.601,-0.039,0.622,0.462,0.585,0.09,-0.4,0.394,0.636,0.644,0.209,0.629,0.618,0.487,0.444,0.437,0.196
ALRM,-0.335,0.859,0.591,0.408,0.604,0.0,0.857,0.587,0.467,0.094,0.788,0.883,0.887,0.774,0.835,0.883,0.759,-0.088,0.065,0.766,0.674,0.681,0.335,0.636,-0.226,0.398,-0.008,-0.165,0.547,0.895,0.478,0.943,0.682,0.588,0.127,0.268,0.627,0.736,0.183,0.644,0.558,0.26,0.692,0.667,0.485,0.253,0.119,0.604,0.32,0.365,0.641,0.767,0.177,0.912,-0.195,-0.039,0.691,0.52,0.032,0.615,-0.016,-0.187,0.219,0.002,-0.282,0.596,0.254,0.275,-0.13,0.496,0.539,-0.529,0.842,0.685,0.282,0.616,0.786,0.448,-0.184,0.415,-0.084,0.401,0.516,0.793,0.297,-0.412,0.799,0.685,-0.063,0.61,0.734,0.911,0.511,0.348,0.891,0.019,0.725,0.582,0.829,0.033,0.877,0.75,0.568,0.701,0.543,0.515,-0.056,0.44,0.02,0.373,0.257,0.817,0.826,-0.187,0.898,0.742,-0.257,0.644,0.551,0.417,-0.094,0.542,0.503,0.496,0.491,0.704,0.892,0.228,0.472,0.346,0.716,0.791,0.604,0.836,0.541,0.71,0.843,0.811,0.492,-0.208,0.56,-0.19,0.672,0.844,-0.674,0.552,0.735,0.603,0.758,0.192,0.092,0.412,0.268,0.61,0.89,0.53,-0.369,0.836,0.581,0.74,0.593,0.592,0.535,0.171,0.108,0.375,0.771,0.609,0.478,0.594,0.817,0.846,-0.239,0.448,0.648,0.807,-0.313,0.09,0.638,0.87,0.423,0.762,0.681,-0.503,0.512,0.655,0.775,0.043,0.524,-0.252,0.648,0.868,0.912,0.591,0.8,0.846,0.814,0.738,0.708,0.189
AMAT,-0.134,0.86,0.409,0.451,0.445,0.857,0.0,0.703,0.31,-0.0,0.904,0.855,0.777,0.851,0.866,0.708,0.701,-0.17,0.019,0.628,0.704,0.654,0.315,0.664,-0.104,0.301,-0.093,-0.023,0.661,0.932,0.625,0.844,0.819,0.553,0.114,0.395,0.702,0.59,0.272,0.453,0.643,0.063,0.536,0.63,0.488,0.225,-0.052,0.416,0.231,0.571,0.385,0.829,0.269,0.792,-0.074,-0.094,0.661,0.672,0.21,0.69,-0.084,-0.195,0.292,0.068,-0.228,0.651,0.394,0.346,0.221,0.348,0.457,-0.462,0.756,0.741,0.533,0.438,0.729,0.576,-0.185,0.376,-0.2,0.404,0.522,0.698,0.302,-0.525,0.726,0.855,0.074,0.674,0.666,0.882,0.353,0.196,0.852,-0.045,0.76,0.543,0.749,0.179,0.767,0.783,0.657,0.591,0.587,0.543,0.069,0.253,0.324,0.508,0.026,0.813,0.88,0.091,0.919,0.903,-0.308,0.7,0.491,0.58,-0.104,0.505,0.607,0.572,0.509,0.861,0.947,0.499,0.245,0.598,0.757,0.892,0.712,0.69,0.605,0.542,0.732,0.772,0.422,0.125,0.457,0.016,0.823,0.754,-0.632,0.445,0.593,0.617,0.618,0.33,-0.123,0.393,0.567,0.794,0.854,0.485,-0.046,0.79,0.652,0.846,0.582,0.415,0.516,0.356,0.152,0.236,0.663,0.49,0.695,0.593,0.755,0.898,-0.175,0.587,0.748,0.886,-0.316,0.37,0.814,0.824,0.398,0.709,0.593,-0.36,0.692,0.575,0.818,-0.259,0.702,-0.213,0.653,0.799,0.754,0.748,0.765,0.864,0.825,0.738,0.592,-0.134
AMED,-0.314,0.786,0.48,0.654,0.251,0.587,0.703,0.0,-0.173,-0.346,0.748,0.762,0.604,0.793,0.833,0.441,0.472,-0.179,-0.01,0.372,0.809,0.491,0.102,0.316,-0.419,-0.049,-0.456,-0.362,0.436,0.782,0.237,0.61,0.525,0.612,-0.335,0.783,0.784,0.567,-0.118,0.273,0.642,-0.142,0.291,0.738,0.675,0.054,0.131,0.339,-0.158,0.37,0.308,0.441,0.574,0.716,-0.356,-0.264,0.628,0.383,-0.06,0.875,-0.327,-0.576,-0.038,-0.291,-0.541,0.273,-0.175,-0.139,0.35,0.364,0.533,-0.559,0.763,0.646,0.389,0.503,0.635,0.626,-0.554,0.408,-0.474,-0.093,0.745,0.336,-0.125,-0.741,0.807,0.744,-0.192,0.638,0.737,0.63,0.585,-0.08,0.668,-0.434,0.596,0.752,0.555,-0.304,0.413,0.752,0.309,0.52,0.156,0.068,-0.226,0.313,0.155,0.125,-0.238,0.688,0.821,-0.016,0.703,0.572,-0.668,0.825,0.091,0.396,-0.401,0.433,0.362,0.438,0.331,0.585,0.787,0.63,-0.142,0.501,0.455,0.451,0.479,0.629,0.783,0.398,0.567,0.736,0.619,0.162,0.425,-0.18,0.626,0.816,-0.537,-0.033,0.519,0.749,0.626,0.148,0.239,0.597,0.557,0.678,0.744,0.303,0.229,0.784,0.177,0.821,0.128,0.512,0.664,-0.004,-0.189,0.48,0.185,0.669,0.542,0.3,0.624,0.631,-0.529,0.553,0.205,0.735,-0.459,0.027,0.575,0.693,-0.198,0.624,0.617,-0.463,0.482,0.713,0.706,-0.266,0.559,-0.531,0.865,0.634,0.513,0.748,0.693,0.612,0.875,0.384,0.152,-0.453
AMRN,0.196,0.31,0.127,-0.314,0.336,0.467,0.31,-0.173,0.0,0.553,0.337,0.208,0.265,-0.007,0.196,0.465,0.46,0.326,-0.013,0.345,0.015,0.409,0.511,0.467,0.365,0.719,0.463,0.466,0.391,0.295,0.436,0.406,0.147,-0.099,0.449,-0.447,-0.064,0.379,0.671,0.512,0.325,0.261,0.656,-0.038,-0.208,0.368,0.147,0.12,0.244,0.296,0.591,0.601,-0.416,0.328,0.316,0.367,0.358,0.471,0.355,-0.141,0.41,0.527,0.618,0.549,0.394,0.534,0.653,0.632,-0.266,0.136,-0.105,0.12,0.169,0.036,0.308,0.36,0.022,-0.043,0.44,-0.093,0.516,0.733,-0.203,0.691,0.75,0.306,0.056,0.246,0.183,0.017,0.021,0.479,-0.126,0.345,0.445,0.565,0.48,-0.166,0.243,0.523,0.699,0.106,0.572,0.478,0.671,0.521,0.431,-0.067,0.166,0.399,0.32,0.238,0.116,0.168,0.398,0.378,0.43,-0.055,0.478,0.348,0.497,0.57,0.605,0.553,0.646,0.341,0.216,-0.05,0.667,0.218,0.528,0.537,0.515,0.267,0.058,0.471,0.291,0.228,-0.324,-0.305,0.139,0.208,0.309,0.07,-0.119,0.666,0.407,-0.063,0.143,0.427,-0.071,-0.239,0.097,0.257,0.392,0.615,-0.616,0.081,0.569,0.147,0.776,-0.029,-0.235,0.54,0.227,-0.156,0.677,-0.004,0.317,0.183,0.108,0.455,0.469,0.23,0.576,0.404,0.278,0.349,0.322,0.306,0.689,0.214,-0.033,0.082,0.43,-0.11,0.35,0.08,0.393,0.508,-0.087,0.24,0.513,0.185,0.039,0.347,0.055,0.546,0.743,0.572
ANGI,0.556,-0.037,-0.234,-0.64,-0.057,0.094,-0.0,-0.346,0.553,0.0,-0.09,-0.205,-0.085,-0.362,-0.192,-0.035,0.224,0.593,-0.005,0.015,-0.441,0.303,0.603,0.248,0.687,0.612,0.671,0.688,0.329,-0.15,0.474,0.016,-0.09,-0.584,0.496,-0.659,-0.305,0.249,0.532,0.51,-0.081,0.227,0.454,-0.521,-0.514,0.447,0.065,-0.027,-0.067,0.21,0.301,0.122,-0.698,-0.034,0.569,0.548,-0.19,0.152,0.478,-0.474,0.779,0.741,0.664,0.78,0.705,0.453,0.479,0.656,-0.277,-0.139,-0.431,0.625,-0.287,-0.388,0.09,-0.055,-0.25,0.116,0.85,-0.497,0.813,0.649,-0.617,0.234,0.624,0.555,-0.338,-0.208,0.588,-0.283,-0.471,0.098,-0.519,0.67,0.007,0.654,0.364,-0.545,-0.045,0.67,0.445,-0.233,0.429,0.187,0.441,0.48,0.662,-0.242,-0.041,0.53,0.513,-0.34,-0.295,0.319,-0.057,0.063,0.788,-0.464,0.604,-0.012,0.788,0.292,0.251,0.251,0.286,-0.07,-0.007,-0.247,0.687,0.036,0.308,0.144,0.15,0.015,-0.03,0.163,-0.113,-0.307,-0.599,0.033,-0.219,0.464,0.089,-0.151,0.411,0.429,-0.021,-0.557,-0.301,0.382,-0.19,-0.714,-0.115,-0.048,-0.039,0.389,-0.35,-0.191,0.592,-0.201,0.324,-0.369,-0.509,0.565,0.2,-0.452,0.38,-0.407,-0.092,0.261,-0.177,0.02,0.734,-0.211,0.349,-0.031,0.67,0.397,0.018,-0.152,0.652,-0.29,-0.436,0.581,0.176,-0.511,-0.19,0.049,0.041,0.771,-0.466,0.034,0.237,-0.263,-0.267,-0.066,-0.349,0.409,0.607,0.533
APA,-0.085,0.867,0.429,0.406,0.285,0.788,0.904,0.748,0.337,-0.09,0.0,0.829,0.657,0.787,0.899,0.624,0.644,-0.039,0.015,0.462,0.761,0.592,0.364,0.56,-0.103,0.268,-0.236,-0.014,0.683,0.918,0.471,0.714,0.648,0.521,-0.042,0.475,0.654,0.551,0.369,0.371,0.79,-0.172,0.501,0.643,0.507,0.148,-0.077,0.246,0.018,0.606,0.421,0.832,0.266,0.784,-0.007,-0.033,0.764,0.747,0.26,0.736,-0.084,-0.285,0.391,0.082,-0.258,0.644,0.345,0.263,0.317,0.313,0.357,-0.455,0.755,0.656,0.677,0.477,0.549,0.597,-0.26,0.253,-0.23,0.372,0.563,0.659,0.344,-0.53,0.725,0.932,0.012,0.577,0.667,0.813,0.333,0.045,0.845,-0.176,0.776,0.534,0.583,0.077,0.735,0.685,0.697,0.645,0.547,0.403,0.116,0.117,0.421,0.412,-0.221,0.82,0.835,0.23,0.901,0.848,-0.406,0.718,0.309,0.676,-0.121,0.668,0.763,0.735,0.673,0.867,0.882,0.623,0.091,0.729,0.675,0.823,0.817,0.683,0.734,0.511,0.618,0.809,0.333,0.111,0.324,0.092,0.847,0.715,-0.643,0.266,0.652,0.646,0.536,0.368,-0.011,0.421,0.718,0.888,0.863,0.63,-0.029,0.7,0.535,0.885,0.623,0.323,0.423,0.395,0.015,0.218,0.532,0.51,0.808,0.376,0.582,0.939,-0.177,0.726,0.643,0.918,-0.391,0.405,0.87,0.806,0.279,0.688,0.469,-0.353,0.817,0.541,0.886,-0.381,0.815,-0.186,0.723,0.633,0.666,0.882,0.681,0.795,0.838,0.612,0.474,-0.191
APOG,-0.473,0.84,0.606,0.666,0.599,0.883,0.855,0.762,0.208,-0.205,0.829,0.0,0.896,0.884,0.904,0.857,0.705,-0.301,0.095,0.788,0.851,0.669,0.145,0.48,-0.43,0.145,-0.219,-0.352,0.447,0.949,0.372,0.899,0.755,0.776,0.011,0.512,0.807,0.619,0.026,0.444,0.583,0.171,0.475,0.839,0.75,0.216,0.166,0.553,0.183,0.256,0.534,0.718,0.447,0.945,-0.349,-0.161,0.767,0.47,-0.108,0.779,-0.298,-0.429,0.019,-0.253,-0.438,0.451,0.093,0.123,0.05,0.556,0.693,-0.704,0.927,0.854,0.315,0.59,0.854,0.377,-0.417,0.584,-0.32,0.145,0.716,0.723,0.132,-0.543,0.915,0.746,-0.198,0.768,0.866,0.872,0.661,0.047,0.918,-0.152,0.663,0.773,0.87,-0.143,0.696,0.86,0.429,0.67,0.417,0.348,-0.258,0.564,0.046,0.247,-0.012,0.9,0.92,-0.203,0.936,0.766,-0.544,0.838,0.329,0.361,-0.42,0.481,0.457,0.41,0.356,0.74,0.883,0.422,0.191,0.422,0.616,0.703,0.583,0.722,0.692,0.571,0.887,0.924,0.674,-0.196,0.674,-0.311,0.638,0.903,-0.725,0.395,0.804,0.792,0.816,0.136,0.262,0.602,0.409,0.664,0.9,0.342,-0.138,0.836,0.339,0.861,0.465,0.707,0.717,0.025,-0.063,0.558,0.626,0.722,0.582,0.546,0.854,0.805,-0.47,0.588,0.47,0.829,-0.479,-0.025,0.637,0.882,0.14,0.864,0.824,-0.65,0.52,0.802,0.887,-0.062,0.596,-0.51,0.825,0.827,0.84,0.74,0.904,0.888,0.94,0.597,0.484,-0.137
APPS,-0.583,0.713,0.586,0.63,0.769,0.887,0.777,0.604,0.265,-0.085,0.657,0.896,0.0,0.797,0.763,0.909,0.728,-0.243,0.151,0.879,0.73,0.627,0.067,0.419,-0.476,0.261,-0.119,-0.418,0.279,0.835,0.356,0.929,0.715,0.737,0.114,0.361,0.635,0.679,-0.119,0.531,0.433,0.425,0.529,0.783,0.642,0.29,0.268,0.722,0.352,0.091,0.605,0.629,0.405,0.894,-0.474,-0.094,0.612,0.259,-0.275,0.677,-0.307,-0.296,-0.093,-0.298,-0.404,0.379,0.04,0.102,-0.198,0.703,0.779,-0.659,0.882,0.804,0.028,0.704,0.871,0.249,-0.334,0.691,-0.264,0.12,0.631,0.731,0.098,-0.428,0.841,0.55,-0.297,0.766,0.819,0.818,0.722,0.18,0.848,0.039,0.562,0.745,0.898,-0.13,0.687,0.816,0.266,0.654,0.331,0.329,-0.364,0.717,-0.148,0.156,0.23,0.804,0.854,-0.423,0.829,0.67,-0.393,0.756,0.403,0.168,-0.333,0.346,0.285,0.236,0.215,0.55,0.814,0.193,0.42,0.172,0.587,0.628,0.378,0.758,0.537,0.586,0.949,0.832,0.711,-0.363,0.768,-0.465,0.44,0.848,-0.619,0.549,0.791,0.698,0.889,0.071,0.266,0.555,0.131,0.437,0.821,0.216,-0.334,0.85,0.318,0.671,0.394,0.809,0.728,-0.115,0.072,0.623,0.725,0.709,0.325,0.547,0.844,0.656,-0.483,0.417,0.42,0.698,-0.369,-0.184,0.404,0.78,0.192,0.865,0.867,-0.661,0.283,0.815,0.74,0.257,0.382,-0.505,0.692,0.873,0.87,0.511,0.877,0.851,0.822,0.632,0.539,0.061
ARCB,-0.454,0.795,0.534,0.738,0.462,0.774,0.851,0.793,-0.007,-0.362,0.787,0.884,0.797,0.0,0.865,0.695,0.541,-0.45,0.057,0.6,0.81,0.488,0.036,0.429,-0.452,-0.045,-0.395,-0.397,0.422,0.899,0.337,0.799,0.803,0.787,-0.147,0.662,0.783,0.479,-0.119,0.232,0.584,-0.002,0.24,0.824,0.704,0.023,-0.046,0.462,0.257,0.346,0.249,0.631,0.542,0.753,-0.41,-0.333,0.638,0.414,-0.099,0.859,-0.378,-0.575,-0.109,-0.342,-0.567,0.369,0.013,-0.026,0.292,0.468,0.667,-0.741,0.834,0.88,0.298,0.452,0.873,0.493,-0.554,0.576,-0.519,-0.006,0.753,0.464,-0.069,-0.701,0.832,0.784,-0.184,0.788,0.862,0.774,0.623,-0.055,0.75,-0.373,0.512,0.764,0.765,-0.202,0.512,0.791,0.336,0.432,0.335,0.24,-0.306,0.439,0.247,0.189,-0.131,0.857,0.93,-0.176,0.843,0.717,-0.631,0.881,0.183,0.437,-0.501,0.284,0.326,0.313,0.241,0.706,0.863,0.511,-0.032,0.4,0.464,0.662,0.49,0.69,0.574,0.382,0.759,0.848,0.741,0.034,0.567,-0.267,0.663,0.832,-0.734,0.211,0.56,0.816,0.754,0.031,0.04,0.671,0.427,0.671,0.769,0.215,0.128,0.835,0.271,0.836,0.262,0.614,0.771,-0.035,0.014,0.469,0.411,0.671,0.56,0.515,0.854,0.743,-0.545,0.542,0.486,0.761,-0.628,0.042,0.643,0.821,0.052,0.809,0.789,-0.626,0.442,0.815,0.774,-0.161,0.511,-0.609,0.791,0.741,0.625,0.697,0.855,0.792,0.906,0.453,0.278,-0.27
ARCC,-0.256,0.926,0.598,0.519,0.386,0.835,0.866,0.833,0.196,-0.192,0.899,0.904,0.763,0.865,0.0,0.724,0.607,-0.209,0.03,0.59,0.86,0.697,0.359,0.5,-0.284,0.069,-0.307,-0.188,0.602,0.951,0.412,0.815,0.66,0.634,-0.175,0.607,0.79,0.676,0.197,0.469,0.76,-0.089,0.508,0.756,0.622,0.091,0.011,0.368,-0.014,0.536,0.439,0.775,0.394,0.874,-0.232,-0.172,0.78,0.598,0.128,0.828,-0.165,-0.451,0.14,-0.099,-0.453,0.495,0.127,0.109,0.271,0.366,0.536,-0.64,0.833,0.709,0.532,0.545,0.732,0.584,-0.428,0.379,-0.299,0.204,0.71,0.61,0.155,-0.672,0.876,0.894,-0.069,0.653,0.802,0.888,0.509,0.042,0.894,-0.297,0.755,0.69,0.71,-0.11,0.705,0.838,0.603,0.658,0.431,0.343,-0.058,0.268,0.248,0.306,-0.162,0.887,0.911,-0.004,0.905,0.788,-0.545,0.8,0.292,0.606,-0.31,0.636,0.581,0.63,0.558,0.814,0.904,0.538,0.066,0.591,0.621,0.748,0.721,0.719,0.694,0.635,0.742,0.879,0.549,0.045,0.491,-0.106,0.805,0.885,-0.76,0.245,0.643,0.783,0.703,0.202,0.163,0.569,0.618,0.821,0.932,0.541,-0.029,0.827,0.446,0.922,0.497,0.528,0.607,0.211,-0.022,0.365,0.49,0.737,0.707,0.447,0.794,0.907,-0.378,0.638,0.522,0.91,-0.48,0.169,0.794,0.913,0.143,0.74,0.677,-0.532,0.671,0.711,0.894,-0.311,0.719,-0.387,0.856,0.772,0.742,0.83,0.782,0.794,0.937,0.568,0.471,-0.239
ARVN,-0.565,0.692,0.654,0.519,0.777,0.883,0.708,0.441,0.465,-0.035,0.624,0.857,0.909,0.695,0.724,0.0,0.632,-0.235,0.168,0.882,0.714,0.616,0.125,0.393,-0.44,0.293,-0.039,-0.343,0.244,0.797,0.292,0.92,0.621,0.713,0.118,0.248,0.57,0.626,0.052,0.544,0.394,0.457,0.606,0.745,0.577,0.178,0.244,0.662,0.422,0.089,0.671,0.717,0.329,0.875,-0.423,-0.056,0.703,0.341,-0.232,0.575,-0.275,-0.242,-0.046,-0.229,-0.387,0.375,0.132,0.146,-0.273,0.648,0.723,-0.688,0.82,0.718,0.084,0.65,0.777,0.104,-0.299,0.629,-0.198,0.222,0.575,0.8,0.211,-0.356,0.789,0.535,-0.328,0.634,0.786,0.825,0.665,0.123,0.862,0.083,0.512,0.669,0.84,-0.104,0.726,0.778,0.322,0.709,0.378,0.329,-0.314,0.62,-0.102,0.116,0.23,0.838,0.782,-0.401,0.832,0.651,-0.351,0.655,0.368,0.265,-0.298,0.443,0.385,0.307,0.322,0.564,0.704,0.109,0.443,0.179,0.579,0.683,0.458,0.674,0.384,0.676,0.928,0.835,0.602,-0.502,0.722,-0.47,0.422,0.742,-0.715,0.601,0.823,0.678,0.852,0.074,0.299,0.552,0.122,0.391,0.825,0.337,-0.452,0.754,0.331,0.629,0.548,0.765,0.623,-0.047,0.097,0.565,0.762,0.719,0.392,0.438,0.802,0.693,-0.403,0.46,0.456,0.696,-0.359,-0.188,0.418,0.815,0.282,0.821,0.812,-0.715,0.328,0.734,0.777,0.246,0.431,-0.396,0.638,0.808,0.875,0.512,0.771,0.847,0.756,0.599,0.627,0.144
ATEC,-0.104,0.587,0.132,0.201,0.531,0.759,0.701,0.472,0.46,0.224,0.644,0.705,0.728,0.541,0.607,0.632,0.0,0.093,0.057,0.734,0.363,0.561,0.238,0.552,0.038,0.584,0.147,0.072,0.598,0.729,0.687,0.731,0.611,0.288,0.509,-0.035,0.385,0.564,0.154,0.583,0.563,0.242,0.509,0.36,0.278,0.732,0.279,0.438,0.094,0.263,0.689,0.551,-0.09,0.781,-0.013,0.208,0.444,0.406,0.14,0.36,0.142,0.165,0.397,0.164,0.144,0.644,0.354,0.579,-0.197,0.546,0.291,-0.127,0.73,0.53,0.2,0.627,0.552,0.299,0.136,0.294,0.174,0.506,0.176,0.831,0.48,-0.131,0.524,0.493,0.074,0.672,0.429,0.765,0.286,0.453,0.792,0.286,0.756,0.314,0.767,0.353,0.789,0.543,0.498,0.54,0.589,0.638,0.103,0.493,-0.03,0.561,0.231,0.486,0.55,-0.1,0.705,0.649,0.013,0.479,0.681,0.134,0.017,0.455,0.356,0.377,0.378,0.56,0.742,0.129,0.61,0.242,0.724,0.572,0.483,0.687,0.621,0.397,0.696,0.571,0.211,-0.095,0.606,0.032,0.451,0.637,-0.26,0.718,0.651,0.253,0.519,0.313,-0.04,0.018,0.223,0.576,0.72,0.284,-0.476,0.565,0.551,0.494,0.553,0.401,0.283,0.245,0.075,0.214,0.825,0.276,0.311,0.673,0.534,0.603,0.025,0.229,0.542,0.632,0.034,0.212,0.456,0.492,0.448,0.601,0.454,-0.128,0.408,0.406,0.592,0.078,0.426,-0.037,0.355,0.693,0.838,0.38,0.603,0.614,0.569,0.8,0.609,0.234
ATXS,0.449,-0.122,-0.196,-0.566,-0.256,-0.088,-0.17,-0.179,0.326,0.593,-0.039,-0.301,-0.243,-0.45,-0.209,-0.235,0.093,0.0,-0.011,-0.272,-0.288,0.024,0.347,-0.054,0.449,0.565,0.216,0.424,0.182,-0.237,0.041,-0.209,-0.47,-0.552,0.108,-0.357,-0.438,0.209,0.345,0.283,0.03,-0.081,0.306,-0.419,-0.529,0.259,0.092,-0.075,-0.391,0.083,0.312,-0.049,-0.479,-0.086,0.425,0.645,-0.109,0.034,0.276,-0.294,0.486,0.473,0.565,0.536,0.471,0.311,0.192,0.268,-0.245,-0.067,-0.415,0.579,-0.268,-0.512,0.102,0.087,-0.535,0.201,0.556,-0.494,0.472,0.362,-0.425,0.063,0.347,0.407,-0.338,-0.173,0.236,-0.384,-0.406,-0.15,-0.365,0.328,-0.103,0.391,0.246,-0.377,-0.383,0.29,0.193,-0.324,0.25,0.277,0.081,0.048,0.466,-0.287,-0.155,0.139,0.106,-0.358,-0.317,0.343,-0.206,-0.137,0.467,-0.382,0.211,-0.067,0.681,0.399,0.274,0.326,0.363,-0.222,-0.114,-0.113,0.389,0.113,0.127,-0.132,0.04,0.015,0.177,0.046,-0.292,-0.309,-0.544,-0.015,-0.413,0.351,-0.079,-0.2,0.472,-0.01,0.057,-0.453,-0.355,0.347,-0.022,-0.526,0.014,-0.09,-0.076,0.443,-0.362,-0.18,0.259,-0.219,0.145,-0.358,-0.495,0.337,-0.078,-0.295,0.078,-0.307,-0.097,-0.257,-0.487,-0.065,0.48,-0.045,-0.063,-0.044,0.498,0.219,-0.061,-0.33,0.174,-0.261,-0.524,0.499,0.169,-0.424,-0.199,0.071,0.038,0.605,-0.258,-0.2,0.002,-0.122,-0.355,-0.237,-0.286,0.147,0.238,0.234
AVAV,-0.2,-0.008,0.071,0.136,0.072,0.065,0.019,-0.01,-0.013,-0.005,0.015,0.095,0.151,0.057,0.03,0.168,0.057,-0.011,0.0,0.095,0.156,0.137,-0.034,-0.12,-0.137,0.021,-0.119,-0.163,-0.128,0.036,-0.117,0.101,0.04,0.21,-0.045,0.063,-0.024,0.013,-0.072,-0.009,-0.007,0.106,-0.005,0.146,0.251,0.004,0.057,0.318,0.022,-0.185,0.174,0.057,0.125,0.095,-0.152,0.075,0.159,-0.011,-0.179,0.07,-0.132,-0.13,-0.093,-0.137,-0.102,0.004,-0.017,-0.06,0.001,0.259,0.166,-0.171,0.079,0.113,-0.123,0.093,0.041,-0.036,-0.046,0.147,-0.122,-0.088,0.118,0.057,0.077,0.003,0.101,-0.011,-0.096,0.152,0.161,0.073,0.156,-0.096,0.119,-0.004,0.008,0.129,0.058,-0.066,0.028,0.025,-0.087,0.208,-0.02,-0.113,-0.18,0.169,-0.028,-0.114,0.011,0.115,0.061,-0.131,0.051,0.101,-0.11,0.113,-0.096,0.01,-0.152,0.03,0.033,0.009,0.01,0.008,-0.0,-0.01,0.079,0.106,-0.051,-0.029,0.024,0.011,0.139,-0.027,0.165,0.207,0.127,-0.181,0.076,-0.147,-0.072,0.062,-0.025,0.021,0.235,0.127,0.135,-0.126,0.186,0.156,0.074,-0.068,0.025,-0.048,-0.123,0.049,-0.13,0.06,0.067,0.147,0.11,-0.176,0.103,0.245,0.031,0.182,0.078,-0.097,0.04,0.035,-0.162,0.214,-0.072,0.026,-0.093,-0.172,-0.049,0.031,-0.076,0.118,0.123,-0.161,0.019,0.153,0.097,0.149,0.021,-0.122,0.095,0.03,0.126,0.048,0.174,0.155,0.093,0.026,0.07,-0.057
AXON,-0.484,0.528,0.394,0.437,0.784,0.766,0.628,0.372,0.345,0.015,0.462,0.788,0.879,0.6,0.59,0.882,0.734,-0.272,0.095,0.0,0.525,0.566,0.045,0.356,-0.345,0.264,0.157,-0.271,0.249,0.692,0.429,0.837,0.643,0.558,0.358,0.074,0.501,0.536,-0.054,0.542,0.271,0.537,0.504,0.575,0.508,0.458,0.33,0.631,0.34,-0.029,0.642,0.553,0.236,0.813,-0.378,-0.009,0.479,0.226,-0.208,0.405,-0.217,-0.076,-0.085,-0.213,-0.188,0.312,0.144,0.292,-0.393,0.616,0.67,-0.501,0.752,0.661,-0.057,0.583,0.764,-0.02,-0.155,0.628,-0.036,0.221,0.384,0.796,0.235,-0.249,0.663,0.369,-0.221,0.67,0.622,0.742,0.572,0.256,0.808,0.232,0.49,0.551,0.888,0.041,0.64,0.752,0.237,0.546,0.311,0.45,-0.288,0.743,-0.297,0.243,0.326,0.639,0.645,-0.466,0.696,0.579,-0.182,0.529,0.521,0.021,-0.295,0.273,0.166,0.091,0.099,0.474,0.638,-0.042,0.5,0.005,0.557,0.555,0.284,0.555,0.332,0.529,0.902,0.672,0.542,-0.437,0.834,-0.427,0.27,0.698,-0.525,0.705,0.721,0.487,0.759,0.094,0.237,0.339,-0.006,0.31,0.722,0.084,-0.476,0.654,0.326,0.46,0.454,0.735,0.541,-0.096,0.114,0.515,0.806,0.573,0.224,0.62,0.776,0.509,-0.308,0.229,0.376,0.539,-0.144,-0.208,0.256,0.631,0.309,0.703,0.787,-0.549,0.166,0.621,0.63,0.296,0.315,-0.354,0.465,0.815,0.857,0.305,0.73,0.722,0.619,0.642,0.574,0.149
BANF,-0.56,0.784,0.753,0.769,0.474,0.674,0.704,0.809,0.015,-0.441,0.761,0.851,0.73,0.81,0.86,0.714,0.363,-0.288,0.156,0.525,0.0,0.541,0.052,0.191,-0.632,-0.065,-0.519,-0.52,0.205,0.822,0.016,0.718,0.514,0.841,-0.42,0.803,0.78,0.581,-0.058,0.296,0.57,0.042,0.392,0.937,0.788,-0.161,0.163,0.481,0.074,0.195,0.393,0.635,0.739,0.781,-0.531,-0.269,0.848,0.384,-0.263,0.918,-0.564,-0.676,-0.185,-0.453,-0.721,0.219,-0.146,-0.258,0.232,0.503,0.773,-0.83,0.804,0.764,0.34,0.58,0.678,0.391,-0.665,0.637,-0.608,-0.149,0.91,0.469,-0.111,-0.682,0.915,0.754,-0.442,0.627,0.919,0.683,0.762,-0.317,0.754,-0.364,0.472,0.903,0.585,-0.445,0.426,0.833,0.252,0.703,0.126,-0.079,-0.431,0.411,0.105,-0.12,-0.243,0.91,0.916,-0.161,0.794,0.628,-0.778,0.886,-0.072,0.442,-0.506,0.5,0.481,0.454,0.383,0.602,0.709,0.588,-0.118,0.513,0.435,0.553,0.509,0.58,0.646,0.575,0.745,0.913,0.753,-0.221,0.521,-0.447,0.557,0.794,-0.756,0.04,0.73,0.956,0.803,0.074,0.448,0.842,0.517,0.554,0.812,0.369,0.058,0.807,0.071,0.865,0.296,0.717,0.781,-0.119,-0.152,0.689,0.282,0.871,0.639,0.099,0.697,0.708,-0.687,0.775,0.201,0.79,-0.608,-0.177,0.557,0.825,-0.216,0.803,0.782,-0.792,0.494,0.857,0.852,-0.081,0.601,-0.629,0.962,0.649,0.578,0.852,0.778,0.785,0.938,0.302,0.252,-0.416
BATRK,-0.047,0.693,0.446,0.195,0.403,0.681,0.654,0.491,0.409,0.303,0.592,0.669,0.627,0.488,0.697,0.616,0.561,0.024,0.137,0.566,0.541,0.0,0.604,0.474,0.024,0.268,0.092,0.117,0.514,0.664,0.501,0.709,0.497,0.311,0.091,0.194,0.571,0.686,0.392,0.671,0.5,0.187,0.634,0.419,0.352,0.325,0.215,0.39,-0.092,0.394,0.539,0.67,0.065,0.718,-0.011,0.135,0.565,0.458,0.23,0.433,0.163,-0.042,0.319,0.218,-0.051,0.527,0.308,0.372,0.086,0.3,0.357,-0.304,0.53,0.444,0.403,0.414,0.531,0.388,0.047,0.177,0.181,0.379,0.33,0.608,0.394,-0.212,0.595,0.544,0.189,0.418,0.467,0.794,0.27,0.271,0.74,0.18,0.771,0.366,0.611,0.207,0.743,0.63,0.611,0.679,0.543,0.444,0.169,0.218,0.083,0.433,0.191,0.558,0.604,0.082,0.692,0.658,-0.113,0.444,0.473,0.385,0.048,0.652,0.554,0.574,0.534,0.591,0.664,0.34,0.432,0.466,0.61,0.612,0.569,0.493,0.577,0.626,0.616,0.617,0.238,-0.06,0.388,0.006,0.634,0.689,-0.363,0.434,0.603,0.436,0.481,0.355,0.262,0.173,0.424,0.536,0.715,0.533,-0.15,0.555,0.542,0.657,0.562,0.374,0.327,0.371,0.048,0.239,0.569,0.487,0.524,0.471,0.618,0.665,-0.023,0.454,0.482,0.681,-0.02,0.18,0.578,0.685,0.338,0.475,0.444,-0.226,0.568,0.384,0.643,-0.17,0.594,-0.012,0.506,0.673,0.757,0.549,0.557,0.643,0.6,0.613,0.712,0.001
BIDU,0.547,0.423,0.082,-0.427,-0.184,0.335,0.315,0.102,0.511,0.603,0.364,0.145,0.067,0.036,0.359,0.125,0.238,0.347,-0.034,0.045,0.052,0.604,0.0,0.428,0.575,0.281,0.346,0.64,0.623,0.264,0.501,0.228,0.082,-0.31,0.055,-0.153,0.132,0.475,0.759,0.553,0.453,-0.201,0.588,-0.153,-0.182,0.208,-0.11,-0.056,-0.297,0.65,0.263,0.501,-0.409,0.241,0.51,0.28,0.234,0.558,0.702,0.0,0.67,0.285,0.671,0.707,0.32,0.524,0.478,0.517,0.184,-0.263,-0.29,0.228,0.001,-0.139,0.588,0.039,-0.032,0.486,0.408,-0.462,0.612,0.62,-0.168,0.284,0.591,0.068,0.074,0.38,0.565,-0.147,-0.088,0.446,-0.353,0.421,0.345,0.181,0.665,-0.226,0.036,0.477,0.603,0.122,0.759,0.377,0.554,0.473,0.709,-0.441,0.28,0.57,0.143,0.13,0.121,0.512,0.297,0.364,0.364,-0.088,0.468,0.564,0.551,0.647,0.622,0.728,0.718,0.416,0.314,0.216,0.308,0.496,0.439,0.469,0.561,0.199,0.236,0.487,0.05,0.12,-0.363,0.256,-0.223,0.525,0.607,0.231,-0.074,0.173,0.086,-0.062,-0.097,0.482,-0.071,-0.319,0.43,0.473,0.375,0.736,-0.127,0.095,0.677,0.31,0.555,-0.285,-0.291,0.732,0.135,-0.373,0.279,0.025,0.446,0.239,0.136,0.507,0.516,0.224,0.5,0.422,0.293,0.566,0.531,0.334,0.546,-0.086,-0.213,0.321,0.621,-0.217,0.286,-0.448,0.501,0.557,0.041,0.259,0.366,0.293,-0.008,0.19,0.109,0.402,0.633,0.204
BLNE,0.2,0.583,0.096,-0.011,0.225,0.636,0.664,0.316,0.467,0.248,0.56,0.48,0.419,0.429,0.5,0.393,0.552,-0.054,-0.12,0.356,0.191,0.474,0.428,0.0,0.311,0.444,0.401,0.318,0.682,0.582,0.681,0.583,0.583,0.144,0.409,-0.079,0.433,0.384,0.452,0.38,0.436,0.097,0.527,0.15,0.088,0.308,-0.091,0.241,0.299,0.631,0.216,0.594,-0.207,0.462,0.3,-0.149,0.313,0.644,0.466,0.156,0.388,0.231,0.477,0.448,0.187,0.633,0.595,0.549,0.098,-0.056,-0.025,-0.024,0.421,0.393,0.479,0.129,0.467,0.447,0.167,-0.044,0.237,0.673,0.036,0.562,0.465,-0.141,0.31,0.532,0.408,0.269,0.22,0.646,-0.071,0.521,0.549,0.153,0.625,0.04,0.514,0.456,0.716,0.356,0.66,0.262,0.713,0.777,0.418,-0.021,0.277,0.678,0.294,0.428,0.414,0.244,0.641,0.537,0.153,0.191,0.664,0.49,0.25,0.258,0.452,0.499,0.493,0.705,0.652,0.205,0.397,0.416,0.65,0.713,0.583,0.431,0.223,0.464,0.371,0.377,0.003,0.331,0.189,0.366,0.712,0.4,-0.362,0.492,0.199,0.15,0.227,0.306,-0.337,-0.056,0.333,0.561,0.506,0.447,-0.099,0.388,0.763,0.477,0.573,0.005,0.037,0.522,0.294,-0.167,0.605,0.035,0.453,0.647,0.503,0.66,0.292,0.22,0.814,0.534,-0.038,0.513,0.666,0.58,0.663,0.271,0.204,0.088,0.556,0.099,0.411,-0.288,0.425,0.194,0.178,0.594,0.568,0.355,0.394,0.526,0.401,0.74,0.613,0.332
BLNK,0.937,-0.207,-0.646,-0.835,-0.506,-0.226,-0.104,-0.419,0.365,0.687,-0.103,-0.43,-0.476,-0.452,-0.284,-0.44,0.038,0.449,-0.137,-0.345,-0.632,0.024,0.575,0.311,0.0,0.336,0.626,0.957,0.498,-0.273,0.542,-0.335,-0.123,-0.803,0.499,-0.677,-0.414,-0.206,0.713,0.057,0.013,-0.296,0.083,-0.79,-0.669,0.36,-0.299,-0.468,-0.255,0.501,-0.16,0.038,-0.821,-0.368,0.906,0.384,-0.348,0.348,0.867,-0.628,0.858,0.751,0.777,0.942,0.867,0.431,0.694,0.748,0.154,-0.588,-0.839,0.816,-0.515,-0.536,0.422,-0.451,-0.52,0.158,0.83,-0.808,0.793,0.724,-0.804,-0.02,0.667,0.477,-0.633,-0.076,0.831,-0.443,-0.739,-0.101,-0.917,0.506,-0.199,0.42,0.241,-0.853,-0.355,0.854,0.168,-0.45,0.526,-0.247,0.446,0.551,0.948,-0.684,0.357,0.707,0.127,-0.497,-0.508,0.699,-0.227,0.014,0.803,-0.636,0.477,0.234,0.749,0.133,0.242,0.293,0.315,0.103,-0.151,-0.09,0.246,0.234,0.168,0.104,0.249,-0.281,-0.189,-0.185,-0.488,-0.515,-0.89,0.555,-0.547,0.915,0.171,-0.451,0.453,0.165,-0.45,-0.732,-0.72,0.395,-0.608,-0.875,0.203,0.155,-0.255,0.282,-0.015,-0.536,0.578,-0.275,0.342,-0.838,-0.827,0.796,0.247,-0.864,0.086,-0.725,0.085,0.19,-0.413,-0.001,0.972,-0.248,0.413,-0.128,0.662,0.791,0.202,-0.334,0.654,-0.579,-0.759,0.896,0.314,-0.822,-0.283,-0.474,0.126,0.919,-0.656,-0.275,-0.152,-0.24,-0.525,-0.324,-0.53,0.216,0.281,0.275
BTAI,0.185,0.222,-0.06,-0.236,0.374,0.398,0.301,-0.049,0.719,0.612,0.268,0.145,0.261,-0.045,0.069,0.293,0.584,0.565,0.021,0.264,-0.065,0.268,0.281,0.444,0.336,0.0,0.389,0.345,0.317,0.218,0.436,0.329,0.13,-0.135,0.544,-0.436,-0.136,0.436,0.385,0.544,0.201,0.402,0.608,-0.079,-0.242,0.515,0.327,0.296,0.228,0.163,0.61,0.358,-0.38,0.296,0.265,0.491,0.185,0.285,0.186,-0.117,0.361,0.631,0.608,0.501,0.477,0.574,0.515,0.58,-0.329,0.288,-0.067,0.324,0.187,0.034,0.113,0.451,-0.011,0.148,0.577,-0.009,0.432,0.651,-0.232,0.637,0.593,0.382,0.003,0.083,0.177,0.11,-0.071,0.353,-0.087,0.465,0.318,0.709,0.48,-0.13,0.225,0.507,0.605,0.055,0.395,0.511,0.544,0.472,0.341,0.104,-0.014,0.388,0.459,0.07,0.072,0.136,0.297,0.283,0.484,-0.051,0.555,0.038,0.615,0.387,0.431,0.403,0.477,0.144,0.262,-0.074,0.813,0.164,0.619,0.339,0.312,0.373,0.248,0.32,0.225,0.093,-0.283,-0.204,0.14,0.205,0.16,0.055,0.2,0.648,0.395,-0.194,0.108,0.44,-0.102,-0.324,-0.013,0.117,0.281,0.442,-0.578,0.143,0.534,0.064,0.514,-0.002,-0.183,0.406,0.175,-0.054,0.648,-0.162,0.094,0.198,-0.02,0.272,0.424,0.112,0.445,0.292,0.396,0.297,0.16,0.074,0.522,0.186,-0.085,0.239,0.288,-0.112,0.147,0.309,0.193,0.485,-0.124,0.275,0.472,0.064,0.059,0.289,0.034,0.647,0.634,0.509
BYND,0.459,-0.208,-0.397,-0.582,-0.003,-0.008,-0.093,-0.456,0.463,0.671,-0.236,-0.219,-0.119,-0.395,-0.307,-0.039,0.147,0.216,-0.119,0.157,-0.519,0.092,0.346,0.401,0.626,0.389,0.0,0.613,0.251,-0.201,0.47,-0.018,0.002,-0.502,0.663,-0.766,-0.227,-0.037,0.456,0.25,-0.259,0.343,0.348,-0.544,-0.421,0.482,0.097,0.012,0.18,0.096,0.116,0.054,-0.575,-0.133,0.528,0.203,-0.252,0.193,0.432,-0.651,0.624,0.752,0.404,0.645,0.699,0.267,0.57,0.657,-0.375,-0.336,-0.412,0.57,-0.265,-0.29,0.039,-0.254,-0.181,-0.172,0.69,-0.353,0.775,0.643,-0.688,0.249,0.625,0.5,-0.41,-0.259,0.49,-0.303,-0.503,-0.002,-0.511,0.592,-0.017,0.628,0.156,-0.577,-0.006,0.667,0.268,-0.2,0.263,-0.083,0.294,0.556,0.547,-0.157,-0.166,0.514,0.576,-0.337,-0.379,0.252,-0.095,-0.07,0.773,-0.578,0.62,-0.049,0.585,-0.049,0.055,-0.01,0.047,0.035,-0.116,-0.337,0.492,-0.102,0.25,0.151,0.047,-0.241,-0.375,0.103,-0.087,-0.331,-0.54,0.086,-0.079,0.411,-0.028,-0.279,0.244,0.47,-0.172,-0.55,-0.319,0.317,-0.262,-0.675,-0.195,-0.133,-0.129,0.091,-0.274,-0.334,0.495,-0.325,0.346,-0.349,-0.585,0.413,0.246,-0.415,0.375,-0.465,-0.095,0.338,-0.097,-0.09,0.721,-0.275,0.344,-0.174,0.653,0.287,-0.075,-0.158,0.704,-0.355,-0.324,0.523,0.041,-0.56,-0.23,0.007,-0.027,0.657,-0.575,0.082,0.149,-0.375,-0.267,-0.074,-0.422,0.355,0.495,0.556
CAN,0.921,-0.107,-0.53,-0.791,-0.424,-0.165,-0.023,-0.362,0.466,0.688,-0.014,-0.352,-0.418,-0.397,-0.188,-0.343,0.072,0.424,-0.163,-0.271,-0.52,0.117,0.64,0.318,0.957,0.345,0.613,0.0,0.533,-0.177,0.583,-0.245,-0.079,-0.742,0.452,-0.608,-0.311,-0.104,0.799,0.145,0.126,-0.264,0.19,-0.698,-0.625,0.365,-0.23,-0.468,-0.246,0.55,-0.09,0.172,-0.746,-0.293,0.862,0.366,-0.206,0.428,0.881,-0.541,0.811,0.737,0.792,0.938,0.815,0.474,0.732,0.777,0.208,-0.57,-0.769,0.748,-0.46,-0.475,0.514,-0.358,-0.475,0.136,0.79,-0.745,0.782,0.742,-0.715,0.076,0.726,0.434,-0.54,0.03,0.777,-0.398,-0.652,-0.012,-0.857,0.423,-0.096,0.431,0.316,-0.765,-0.303,0.868,0.247,-0.355,0.6,-0.126,0.504,0.537,0.945,-0.69,0.423,0.699,0.107,-0.384,-0.405,0.739,-0.126,0.11,0.749,-0.545,0.464,0.331,0.743,0.264,0.374,0.412,0.428,0.184,-0.11,0.021,0.249,0.331,0.258,0.214,0.342,-0.274,-0.144,-0.046,-0.406,-0.405,-0.855,0.497,-0.464,0.88,0.264,-0.394,0.372,0.227,-0.367,-0.619,-0.632,0.481,-0.54,-0.8,0.287,0.237,-0.131,0.386,-0.027,-0.458,0.613,-0.165,0.436,-0.775,-0.764,0.856,0.236,-0.806,0.135,-0.62,0.225,0.161,-0.347,0.091,0.944,-0.114,0.459,-0.008,0.646,0.801,0.278,-0.226,0.661,-0.501,-0.689,0.822,0.414,-0.762,-0.153,-0.499,0.245,0.917,-0.569,-0.225,-0.076,-0.109,-0.48,-0.23,-0.446,0.251,0.378,0.24
CCEC,0.481,0.624,-0.024,-0.192,-0.095,0.547,0.661,0.436,0.391,0.329,0.683,0.447,0.279,0.422,0.602,0.244,0.598,0.182,-0.128,0.249,0.205,0.514,0.623,0.682,0.498,0.317,0.251,0.533,0.0,0.605,0.809,0.45,0.476,-0.083,0.261,-0.013,0.383,0.381,0.617,0.408,0.624,-0.318,0.454,0.021,0.008,0.426,-0.168,-0.02,-0.17,0.812,0.235,0.611,-0.293,0.469,0.504,0.094,0.372,0.757,0.762,0.203,0.522,0.184,0.691,0.618,0.287,0.729,0.598,0.642,0.273,-0.137,-0.219,0.115,0.354,0.199,0.724,0.141,0.262,0.652,0.233,-0.298,0.317,0.72,-0.051,0.494,0.607,-0.265,0.255,0.676,0.58,0.245,0.118,0.651,-0.251,0.464,0.598,0.024,0.824,-0.071,0.362,0.52,0.711,0.348,0.883,0.325,0.651,0.725,0.657,-0.264,0.442,0.821,-0.042,0.342,0.38,0.507,0.582,0.632,0.139,0.185,0.656,0.654,0.302,0.605,0.619,0.678,0.637,0.76,0.684,0.371,0.229,0.61,0.666,0.705,0.76,0.436,0.431,0.35,0.239,0.328,-0.192,0.522,0.007,0.613,0.797,0.424,-0.3,0.323,0.168,0.067,0.04,0.477,-0.415,-0.218,0.624,0.827,0.586,0.643,-0.028,0.329,0.839,0.542,0.627,-0.185,-0.131,0.729,0.098,-0.377,0.481,0.046,0.625,0.58,0.381,0.741,0.413,0.293,0.743,0.664,0.104,0.725,0.794,0.492,0.642,0.185,0.005,0.255,0.754,-0.015,0.506,-0.629,0.648,0.338,0.209,0.447,0.512,0.469,0.252,0.424,0.389,0.681,0.58,0.036
CDW,-0.307,0.905,0.535,0.56,0.516,0.895,0.932,0.782,0.295,-0.15,0.918,0.949,0.835,0.899,0.951,0.797,0.729,-0.237,0.036,0.692,0.822,0.664,0.264,0.582,-0.273,0.218,-0.201,-0.177,0.605,0.0,0.505,0.887,0.773,0.683,0.007,0.499,0.786,0.643,0.182,0.473,0.72,0.053,0.524,0.771,0.63,0.215,0.088,0.466,0.171,0.467,0.494,0.814,0.382,0.899,-0.227,-0.162,0.79,0.615,0.085,0.79,-0.193,-0.341,0.172,-0.091,-0.371,0.585,0.239,0.225,0.19,0.451,0.565,-0.612,0.893,0.806,0.482,0.578,0.792,0.51,-0.355,0.479,-0.287,0.288,0.663,0.741,0.239,-0.594,0.864,0.875,-0.093,0.752,0.809,0.924,0.526,0.067,0.931,-0.152,0.75,0.685,0.806,-0.007,0.755,0.832,0.578,0.659,0.528,0.42,-0.085,0.369,0.25,0.359,-0.064,0.907,0.931,-0.023,0.968,0.832,-0.471,0.816,0.371,0.547,-0.289,0.571,0.584,0.575,0.522,0.847,0.932,0.529,0.177,0.562,0.717,0.818,0.718,0.734,0.673,0.607,0.82,0.905,0.549,-0.018,0.586,-0.13,0.78,0.853,-0.733,0.415,0.712,0.756,0.749,0.238,0.085,0.534,0.54,0.8,0.939,0.478,-0.109,0.833,0.489,0.912,0.563,0.564,0.614,0.206,-0.006,0.395,0.627,0.657,0.7,0.53,0.816,0.906,-0.336,0.642,0.624,0.925,-0.447,0.183,0.774,0.899,0.249,0.822,0.713,-0.528,0.659,0.72,0.907,-0.211,0.7,-0.364,0.788,0.813,0.808,0.804,0.831,0.883,0.931,0.664,0.548,-0.144
CDXS,0.44,0.426,-0.196,-0.192,0.166,0.478,0.625,0.237,0.436,0.474,0.471,0.372,0.356,0.337,0.412,0.292,0.687,0.041,-0.117,0.429,0.016,0.501,0.501,0.681,0.542,0.436,0.47,0.583,0.809,0.505,0.0,0.49,0.624,-0.117,0.606,-0.266,0.255,0.321,0.494,0.447,0.449,0.022,0.405,-0.088,-0.059,0.646,-0.051,0.087,0.055,0.66,0.231,0.529,-0.365,0.386,0.435,0.155,0.152,0.568,0.645,0.027,0.517,0.442,0.583,0.608,0.475,0.676,0.679,0.824,0.111,-0.007,-0.144,0.223,0.286,0.231,0.464,0.124,0.334,0.388,0.425,-0.143,0.452,0.748,-0.214,0.569,0.643,-0.067,0.124,0.464,0.569,0.364,-0.009,0.627,-0.275,0.59,0.536,0.35,0.715,-0.165,0.512,0.743,0.68,0.344,0.707,0.194,0.691,0.856,0.595,-0.05,0.351,0.889,0.232,0.212,0.291,0.325,0.51,0.616,0.362,0.11,0.83,0.402,0.326,0.348,0.386,0.407,0.383,0.629,0.598,0.154,0.475,0.369,0.702,0.668,0.56,0.331,0.254,0.253,0.326,0.203,-0.2,0.42,0.237,0.519,0.586,0.293,-0.121,0.64,0.115,-0.088,0.072,0.421,-0.489,-0.353,0.364,0.626,0.467,0.333,-0.134,0.234,0.845,0.347,0.576,-0.122,-0.116,0.678,0.273,-0.368,0.652,-0.089,0.396,0.761,0.406,0.544,0.495,0.069,0.765,0.517,0.313,0.663,0.561,0.351,0.769,0.181,0.076,0.331,0.521,-0.068,0.376,-0.371,0.451,0.38,-0.026,0.502,0.559,0.216,0.226,0.401,0.224,0.764,0.652,0.175
