,ABEO,ACHC,AGNCN,AKAM,AKRO,ALRM,AMAT,AMED,AMRN,ANGI,APA,APOG,APPS,ARCB,ARCC,ARVN,ATEC,ATXS,AVAV,AXON,BANF,BATRK,BIDU,BLNE,BLNK,BTAI,BYND,CAN,CCEC,CDW,CDXS,CELH,CGNX,CHKP,CHRS,CHRW,CIGI,CKPT,CMPR,COGT,CRNC,CRSP,CSTL,CTSH,CVGW,DGLY,DNLI,DOCU,DVAX,EBAY,EHTH,ERII,ESLT,EXPE,EXPO,FBIOP,FFBC,FFIN,FOXF,FWRD,GDS,GERN,GPRE,GRWG,GRYP,HEES,HELE,HIVE,HON,HRTX,HSTM,HURA,IART,IBKR,IBOC,IBRX,IDXX,INGN,INM,INVA,IQ,IRBT,KDP,KPTI,KTOS,KXIN,LAMR,LFUS,LGIH,LGMK,LKFN,LNW,LOPE,LPSN,LYFT,MGNX,MLCO,MNST,MODV,MSTR,MTCH,MYGN,MYRG,NCMI,NEXT,NFLX,NIU,NKTR,NRC,NTNX,NTRA,NVEE,NVMI,NWL,NWS,NXPI,OCGN,OCSL,OKTA,OLLI,OTLK,OXLC,PAA,PARA,PARAA,PDCO,PDFS,PFG,PGEN,PNFP,PODD,POWI,PSMT,PTC,PTEN,PVLA,RDNT,RDUS,RDWR,REGN,RNAC,ROCK,ROST,RRR,RSLS,RVMD,RYAAY,SAFT,SAGE,SAVA,SBGI,SFM,SFNC,SHYF,SIBN,SIFY,SIGI,SIMO,SITM,SLM,SNBR,SNDX,SNY,SPNS,SRRK,STRA,SUPN,SYRE,TCBK,TEAM,TECH,THRM,TLRY,TRMK,TROW,TSLA,TWST,TXN,UFPI,UNIT,UPWK,USLM,UTHR,VERB,VLY,VRNA,VRRM,VXRT,WAFD,WATT,WBA,WING,WIX,WTFC,WTW,XPEL,XRX,YMAB,ZG,ZLAB
ABEO,0.0,-0.699,0.577,-0.079,0.769,0.648,0.38,0.764,0.84,0.634,-0.482,0.086,0.689,0.169,-0.65,0.697,-0.055,0.616,-0.415,0.715,-0.424,0.694,0.713,-0.198,0.822,0.725,0.613,0.743,0.53,0.34,0.838,0.142,0.758,-0.364,0.835,-0.005,0.504,0.729,0.555,0.056,0.615,0.766,0.726,0.407,-0.58,-0.166,0.8,0.739,0.706,0.338,0.746,0.25,-0.155,0.223,-0.277,0.204,0.152,0.469,0.445,-0.096,0.709,0.141,-0.368,0.636,0.547,0.074,-0.759,0.52,-0.211,0.662,0.239,0.619,0.302,0.226,-0.058,0.685,0.764,0.853,-0.069,0.731,0.869,0.616,0.128,0.706,0.833,0.416,0.257,0.4,0.331,0.37,-0.57,-0.087,-0.623,0.16,0.379,0.864,0.588,-0.551,-0.42,0.479,0.808,0.509,0.037,0.1,-0.299,0.718,0.839,0.511,0.356,0.202,0.778,0.781,0.384,-0.811,0.266,0.159,0.618,-0.552,0.56,-0.53,0.527,0.114,-0.779,0.501,0.558,-0.518,0.542,-0.356,0.91,0.497,0.224,0.273,-0.473,0.482,-0.764,-0.297,0.373,-0.764,0.628,-0.391,0.776,0.395,-0.795,0.041,0.278,0.824,-0.726,0.331,0.493,0.582,0.678,0.167,0.35,0.41,0.043,0.723,0.539,-0.798,0.554,0.482,0.221,0.663,-0.479,0.657,0.768,-0.598,0.675,0.816,-0.001,0.712,0.651,0.251,0.615,0.158,0.72,0.606,0.859,0.211,0.106,0.443,0.746,0.241,-0.263,0.212,0.128,0.684,0.275,0.745,0.067,0.482,-0.362,0.614,0.784,-0.108,0.257,0.328,0.397,0.487,0.522,0.61
ACHC,-0.699,0.0,-0.831,0.123,-0.799,-0.899,-0.835,-0.819,-0.422,-0.884,0.697,-0.571,-0.863,-0.747,0.83,-0.233,0.544,-0.611,0.738,-0.896,0.353,-0.854,-0.856,0.575,-0.832,-0.945,-0.851,-0.946,-0.586,-0.525,-0.783,-0.508,-0.763,0.703,-0.774,-0.512,-0.791,-0.944,-0.714,0.584,-0.862,-0.592,-0.941,-0.783,0.786,0.002,-0.875,-0.67,-0.881,-0.718,-0.927,0.218,-0.39,-0.61,0.589,0.31,-0.692,-0.837,-0.766,-0.533,-0.836,0.42,-0.043,-0.909,-0.877,-0.674,0.638,-0.886,-0.232,-0.185,-0.528,-0.575,-0.349,-0.557,-0.481,-0.886,-0.793,-0.742,-0.293,-0.592,-0.721,-0.894,-0.041,-0.217,-0.855,-0.786,-0.31,-0.836,-0.809,-0.793,0.09,-0.154,0.908,0.244,-0.793,-0.657,-0.928,0.785,0.164,-0.749,-0.883,-0.762,-0.647,-0.308,0.536,-0.681,-0.851,-0.441,0.229,-0.391,-0.416,-0.495,-0.834,0.634,-0.735,-0.716,-0.912,0.658,-0.426,0.924,-0.743,0.286,0.748,-0.751,-0.77,0.922,-0.912,0.449,-0.692,-0.899,0.141,-0.806,0.763,-0.816,0.831,0.244,-0.755,0.43,-0.876,0.875,-0.878,-0.858,0.941,-0.464,-0.566,-0.689,0.879,-0.014,0.097,-0.903,-0.962,0.17,-0.79,-0.868,0.243,-0.677,-0.75,0.827,-0.917,-0.835,-0.549,-0.233,0.915,-0.658,-0.91,0.896,-0.415,-0.595,-0.587,-0.825,-0.702,-0.357,-0.822,-0.606,-0.811,-0.648,-0.732,-0.688,-0.563,-0.748,-0.86,-0.369,0.793,-0.743,-0.66,-0.945,-0.746,-0.869,-0.632,-0.878,-0.122,-0.726,-0.761,-0.409,-0.152,-0.813,-0.599,0.021,-0.841,-0.359
AGNCN,0.577,-0.831,0.0,0.196,0.63,0.892,0.769,0.776,0.338,0.759,-0.503,0.684,0.847,0.681,-0.583,0.267,-0.324,0.48,-0.828,0.839,-0.036,0.869,0.693,-0.59,0.761,0.817,0.788,0.802,0.653,0.721,0.698,0.645,0.801,-0.665,0.648,0.525,0.869,0.803,0.816,-0.584,0.863,0.593,0.872,0.736,-0.605,0.13,0.789,0.682,0.805,0.77,0.806,-0.032,0.186,0.751,-0.242,-0.042,0.684,0.782,0.793,0.579,0.766,-0.267,0.282,0.781,0.681,0.69,-0.383,0.835,0.44,0.241,0.596,0.447,0.569,0.688,0.527,0.825,0.75,0.655,0.291,0.505,0.666,0.78,0.401,0.143,0.689,0.662,0.594,0.847,0.753,0.674,-0.05,0.311,-0.679,-0.182,0.823,0.581,0.816,-0.438,0.144,0.794,0.774,0.771,0.577,0.448,-0.276,0.475,0.771,0.317,-0.129,0.538,0.466,0.413,0.775,-0.491,0.736,0.719,0.758,-0.41,0.583,-0.794,0.566,-0.091,-0.681,0.595,0.616,-0.691,0.88,-0.123,0.567,0.787,0.143,0.764,-0.651,0.84,-0.678,-0.077,0.786,-0.382,0.817,-0.714,0.689,0.786,-0.755,0.598,0.422,0.677,-0.63,0.164,0.01,0.808,0.858,-0.329,0.707,0.784,0.144,0.554,0.71,-0.727,0.855,0.841,0.238,0.166,-0.842,0.621,0.667,-0.692,0.332,0.402,0.568,0.84,0.665,0.654,0.763,0.659,0.822,0.788,0.713,0.739,0.569,0.758,0.815,0.468,-0.667,0.675,0.67,0.792,0.839,0.774,0.623,0.822,0.068,0.765,0.764,0.54,0.328,0.73,0.429,-0.093,0.672,0.391
AKAM,-0.079,0.123,0.196,0.0,-0.368,0.062,-0.05,-0.03,-0.046,-0.125,0.455,0.426,0.035,-0.047,0.527,0.217,0.538,-0.317,-0.295,0.14,0.799,0.267,-0.25,-0.285,-0.045,-0.104,-0.114,-0.125,0.35,0.533,-0.104,0.536,0.28,0.183,-0.292,0.011,0.274,-0.207,0.413,-0.103,0.113,-0.057,-0.081,-0.097,0.29,0.609,-0.138,0.133,-0.067,0.178,-0.197,0.493,-0.189,0.324,0.732,0.417,0.169,0.064,0.176,0.109,-0.013,0.333,0.239,-0.144,-0.33,0.182,0.487,0.023,0.549,0.033,0.024,-0.259,0.543,0.311,0.273,0.025,0.021,-0.14,0.206,-0.411,0.008,-0.215,0.527,-0.18,-0.11,-0.185,0.722,0.068,0.003,-0.27,0.241,0.648,0.354,-0.015,0.276,-0.016,-0.068,0.57,0.555,0.288,-0.088,-0.053,-0.079,0.628,0.489,-0.392,-0.092,-0.463,0.401,0.557,0.006,-0.112,-0.004,0.26,0.177,0.171,-0.245,0.66,0.477,0.209,-0.085,0.238,0.082,-0.316,-0.319,0.178,0.049,0.782,-0.18,-0.036,0.746,0.022,-0.029,0.087,0.317,0.303,0.114,0.283,0.151,0.126,-0.301,-0.015,0.301,0.468,-0.28,0.192,0.336,0.366,0.242,-0.206,-0.039,-0.353,0.054,-0.094,0.608,-0.27,0.048,0.121,-0.029,0.203,-0.479,-0.089,-0.035,0.065,-0.272,0.409,-0.387,-0.304,0.003,0.18,0.02,0.689,-0.051,0.286,0.241,0.48,0.056,0.292,-0.064,0.241,0.04,0.472,0.086,-0.135,0.162,-0.202,0.242,-0.167,0.146,-0.034,-0.103,0.208,0.137,0.338,0.426,-0.068,-0.116,0.011,-0.207,0.384
AKRO,0.769,-0.799,0.63,-0.368,0.0,0.805,0.66,0.84,0.653,0.866,-0.745,0.192,0.834,0.496,-0.908,0.387,-0.454,0.78,-0.427,0.781,-0.61,0.632,0.888,-0.185,0.879,0.847,0.841,0.864,0.399,0.309,0.896,0.17,0.695,-0.604,0.932,0.27,0.613,0.918,0.57,-0.183,0.763,0.818,0.856,0.677,-0.734,-0.221,0.916,0.76,0.845,0.544,0.916,0.015,0.089,0.316,-0.578,-0.159,0.379,0.671,0.628,0.188,0.803,-0.187,-0.216,0.874,0.832,0.286,-0.761,0.727,-0.112,0.513,0.506,0.701,0.298,0.432,0.151,0.841,0.809,0.886,-0.039,0.858,0.835,0.876,0.09,0.576,0.865,0.638,0.077,0.628,0.592,0.712,-0.411,-0.133,-0.847,0.222,0.508,0.769,0.777,-0.731,-0.36,0.58,0.887,0.738,0.373,-0.015,-0.609,0.828,0.911,0.802,-0.019,0.198,0.701,0.739,0.657,-0.706,0.505,0.391,0.877,-0.811,0.476,-0.75,0.665,-0.163,-0.765,0.729,0.775,-0.743,0.724,-0.615,0.873,0.714,-0.169,0.544,-0.511,0.682,-0.908,-0.273,0.637,-0.694,0.721,-0.59,0.925,0.659,-0.895,0.101,0.615,0.732,-0.837,0.046,0.191,0.824,0.799,0.144,0.564,0.69,-0.159,0.821,0.661,-0.794,0.748,0.591,0.602,0.504,-0.631,0.742,0.89,-0.836,0.783,0.806,0.328,0.782,0.736,0.146,0.754,0.338,0.74,0.475,0.839,0.396,0.505,0.6,0.844,0.167,-0.567,0.565,0.355,0.852,0.391,0.924,0.285,0.733,-0.003,0.716,0.779,0.044,0.088,0.625,0.585,0.25,0.806,0.356
ALRM,0.648,-0.899,0.892,0.062,0.805,0.0,0.873,0.881,0.412,0.932,-0.618,0.627,0.969,0.755,-0.748,0.3,-0.435,0.636,-0.785,0.953,-0.192,0.857,0.868,-0.482,0.889,0.917,0.938,0.905,0.66,0.664,0.835,0.65,0.858,-0.689,0.779,0.555,0.929,0.918,0.862,-0.572,0.97,0.709,0.964,0.859,-0.703,0.125,0.896,0.816,0.909,0.863,0.931,-0.043,0.235,0.709,-0.41,-0.184,0.732,0.894,0.909,0.563,0.88,-0.352,0.16,0.937,0.831,0.685,-0.443,0.935,0.352,0.277,0.701,0.576,0.607,0.776,0.564,0.949,0.847,0.807,0.27,0.66,0.777,0.931,0.338,0.219,0.818,0.754,0.477,0.911,0.859,0.78,-0.079,0.325,-0.822,0.02,0.843,0.643,0.93,-0.547,0.091,0.878,0.903,0.881,0.651,0.375,-0.466,0.627,0.883,0.503,-0.153,0.582,0.567,0.57,0.887,-0.529,0.812,0.749,0.881,-0.528,0.639,-0.862,0.653,-0.241,-0.71,0.728,0.761,-0.83,0.933,-0.278,0.688,0.884,0.03,0.836,-0.624,0.939,-0.791,-0.13,0.889,-0.411,0.903,-0.79,0.827,0.895,-0.843,0.574,0.585,0.732,-0.742,0.121,0.015,0.919,0.952,-0.211,0.799,0.895,0.034,0.685,0.807,-0.798,0.944,0.897,0.502,0.199,-0.883,0.82,0.814,-0.806,0.432,0.568,0.634,0.942,0.742,0.569,0.85,0.718,0.936,0.768,0.832,0.772,0.722,0.858,0.949,0.462,-0.776,0.75,0.72,0.878,0.759,0.903,0.655,0.914,0.144,0.88,0.873,0.494,0.282,0.843,0.609,-0.054,0.855,0.383
AMAT,0.38,-0.835,0.769,-0.05,0.66,0.873,0.0,0.787,0.062,0.866,-0.686,0.695,0.837,0.946,-0.729,-0.109,-0.72,0.65,-0.753,0.803,-0.159,0.733,0.78,-0.481,0.676,0.827,0.847,0.803,0.567,0.666,0.601,0.637,0.694,-0.672,0.592,0.836,0.81,0.851,0.74,-0.806,0.865,0.391,0.87,0.954,-0.691,0.191,0.733,0.58,0.805,0.908,0.858,-0.218,0.53,0.701,-0.551,-0.463,0.913,0.951,0.891,0.806,0.701,-0.657,0.223,0.886,0.865,0.835,-0.342,0.951,0.499,-0.112,0.727,0.408,0.506,0.761,0.787,0.847,0.741,0.555,0.449,0.497,0.497,0.914,0.201,-0.113,0.641,0.849,0.297,0.968,0.934,0.907,0.237,0.269,-0.799,-0.234,0.848,0.355,0.909,-0.617,0.154,0.849,0.759,0.835,0.875,0.36,-0.559,0.509,0.704,0.371,-0.457,0.38,0.238,0.229,0.984,-0.231,0.921,0.917,0.879,-0.516,0.354,-0.898,0.761,-0.472,-0.54,0.718,0.711,-0.882,0.939,-0.257,0.409,0.949,-0.262,0.968,-0.557,0.946,-0.708,-0.122,0.911,-0.112,0.822,-0.806,0.741,0.964,-0.743,0.55,0.781,0.487,-0.695,-0.132,-0.375,0.911,0.876,-0.211,0.928,0.976,-0.217,0.502,0.788,-0.592,0.951,0.886,0.674,-0.083,-0.894,0.626,0.756,-0.784,0.287,0.382,0.858,0.758,0.748,0.421,0.807,0.848,0.746,0.588,0.55,0.915,0.823,0.808,0.796,0.332,-0.912,0.931,0.9,0.867,0.819,0.773,0.865,0.948,0.541,0.75,0.595,0.678,0.26,0.965,0.695,-0.37,0.868,0.063
AMED,0.764,-0.819,0.776,-0.03,0.84,0.881,0.787,0.0,0.524,0.86,-0.686,0.372,0.915,0.585,-0.782,0.305,-0.399,0.823,-0.665,0.875,-0.326,0.806,0.837,-0.246,0.876,0.887,0.862,0.834,0.695,0.631,0.881,0.392,0.913,-0.65,0.883,0.498,0.745,0.897,0.757,-0.394,0.881,0.69,0.934,0.815,-0.742,-0.004,0.885,0.843,0.86,0.777,0.937,0.147,0.082,0.523,-0.377,0.009,0.569,0.808,0.807,0.352,0.807,-0.237,-0.158,0.879,0.79,0.445,-0.63,0.851,0.107,0.371,0.577,0.674,0.575,0.614,0.377,0.876,0.939,0.865,0.153,0.785,0.809,0.892,0.36,0.385,0.815,0.697,0.351,0.781,0.667,0.732,-0.295,0.044,-0.744,0.042,0.663,0.698,0.824,-0.612,-0.085,0.778,0.938,0.822,0.459,0.257,-0.416,0.754,0.886,0.527,0.0,0.287,0.693,0.657,0.766,-0.617,0.66,0.568,0.837,-0.603,0.574,-0.792,0.696,-0.171,-0.841,0.731,0.756,-0.731,0.83,-0.301,0.793,0.804,0.077,0.677,-0.453,0.849,-0.884,-0.285,0.776,-0.582,0.766,-0.556,0.853,0.732,-0.867,0.281,0.643,0.788,-0.766,0.184,0.133,0.857,0.861,0.056,0.695,0.771,0.063,0.697,0.857,-0.841,0.858,0.773,0.453,0.294,-0.715,0.742,0.84,-0.763,0.641,0.722,0.431,0.872,0.87,0.435,0.854,0.567,0.877,0.723,0.869,0.64,0.495,0.717,0.92,0.313,-0.656,0.634,0.564,0.863,0.574,0.884,0.483,0.796,0.078,0.882,0.841,0.286,0.38,0.722,0.67,0.046,0.767,0.344
AMRN,0.84,-0.422,0.338,-0.046,0.653,0.412,0.062,0.524,0.0,0.42,-0.304,-0.099,0.45,-0.149,-0.435,0.847,0.281,0.424,-0.164,0.504,-0.344,0.475,0.53,-0.036,0.687,0.487,0.366,0.564,0.326,0.168,0.686,-0.036,0.589,-0.146,0.695,-0.365,0.265,0.501,0.413,0.404,0.376,0.77,0.458,0.113,-0.421,-0.261,0.653,0.589,0.487,0.02,0.502,0.439,-0.35,-0.041,-0.099,0.349,-0.154,0.202,0.17,-0.422,0.494,0.434,-0.48,0.397,0.292,-0.23,-0.678,0.228,-0.357,0.86,0.124,0.563,0.213,0.029,-0.331,0.487,0.588,0.773,-0.187,0.622,0.806,0.346,0.165,0.89,0.714,0.137,0.232,0.095,0.044,0.087,-0.622,-0.13,-0.382,0.38,0.114,0.897,0.312,-0.277,-0.529,0.213,0.59,0.238,-0.268,-0.11,-0.155,0.531,0.71,0.516,0.598,0.178,0.833,0.812,0.095,-0.716,-0.009,-0.144,0.381,-0.385,0.541,-0.212,0.36,0.325,-0.577,0.213,0.296,-0.244,0.237,-0.306,0.892,0.215,0.377,-0.054,-0.269,0.197,-0.587,-0.153,0.096,-0.787,0.436,-0.141,0.622,0.11,-0.561,-0.175,0.065,0.75,-0.504,0.506,0.789,0.291,0.425,0.342,0.075,0.085,0.151,0.595,0.289,-0.641,0.246,0.219,0.028,0.857,-0.16,0.603,0.597,-0.336,0.691,0.777,-0.264,0.545,0.472,0.101,0.368,-0.093,0.544,0.463,0.745,-0.091,-0.107,0.291,0.545,0.234,0.046,-0.118,-0.181,0.424,-0.033,0.57,-0.238,0.199,-0.54,0.383,0.64,-0.32,0.232,-0.016,0.115,0.797,0.291,0.715
ANGI,0.634,-0.884,0.759,-0.125,0.866,0.932,0.866,0.86,0.42,0.0,-0.694,0.496,0.946,0.757,-0.849,0.244,-0.562,0.717,-0.629,0.892,-0.363,0.769,0.931,-0.406,0.907,0.894,0.949,0.921,0.547,0.514,0.84,0.522,0.774,-0.682,0.808,0.567,0.825,0.924,0.751,-0.501,0.917,0.722,0.922,0.832,-0.733,0.089,0.891,0.804,0.916,0.806,0.947,-0.099,0.267,0.586,-0.572,-0.287,0.678,0.867,0.871,0.517,0.886,-0.404,0.002,0.959,0.858,0.604,-0.515,0.912,0.23,0.277,0.611,0.613,0.433,0.707,0.504,0.949,0.789,0.776,0.182,0.702,0.794,0.961,0.163,0.265,0.859,0.779,0.232,0.856,0.838,0.842,-0.126,0.227,-0.899,0.108,0.783,0.626,0.923,-0.671,-0.091,0.826,0.916,0.864,0.628,0.291,-0.594,0.756,0.905,0.589,-0.208,0.459,0.541,0.543,0.872,-0.498,0.767,0.7,0.928,-0.657,0.603,-0.827,0.723,-0.379,-0.721,0.82,0.847,-0.87,0.887,-0.428,0.709,0.891,-0.185,0.802,-0.609,0.881,-0.833,-0.165,0.821,-0.429,0.859,-0.77,0.858,0.88,-0.846,0.448,0.708,0.724,-0.777,-0.075,-0.008,0.928,0.924,-0.144,0.809,0.892,-0.192,0.751,0.758,-0.724,0.928,0.792,0.655,0.279,-0.838,0.817,0.852,-0.834,0.473,0.608,0.624,0.892,0.717,0.367,0.836,0.651,0.867,0.663,0.803,0.709,0.703,0.758,0.945,0.356,-0.805,0.771,0.662,0.887,0.632,0.919,0.601,0.893,0.195,0.815,0.823,0.381,0.162,0.863,0.692,-0.03,0.957,0.325
APA,-0.482,0.697,-0.503,0.455,-0.745,-0.618,-0.686,-0.686,-0.304,-0.694,0.0,-0.185,-0.589,-0.593,0.857,0.054,0.646,-0.747,0.484,-0.546,0.494,-0.501,-0.68,0.192,-0.566,-0.698,-0.589,-0.713,-0.344,-0.325,-0.52,-0.068,-0.524,0.672,-0.668,-0.506,-0.405,-0.749,-0.406,0.38,-0.556,-0.375,-0.689,-0.703,0.766,0.138,-0.641,-0.387,-0.556,-0.539,-0.773,0.269,-0.293,-0.156,0.632,0.309,-0.492,-0.65,-0.507,-0.331,-0.466,0.472,0.251,-0.673,-0.71,-0.347,0.661,-0.676,0.052,-0.075,-0.447,-0.568,-0.192,-0.264,-0.303,-0.567,-0.662,-0.598,-0.107,-0.591,-0.509,-0.746,-0.026,-0.137,-0.562,-0.711,0.041,-0.625,-0.561,-0.784,0.093,0.343,0.76,0.19,-0.349,-0.371,-0.611,0.689,0.396,-0.458,-0.647,-0.526,-0.467,0.173,0.613,-0.59,-0.669,-0.54,0.295,0.083,-0.318,-0.337,-0.644,0.395,-0.519,-0.454,-0.709,0.768,-0.156,0.789,-0.706,0.203,0.665,-0.559,-0.574,0.752,-0.632,0.504,-0.552,-0.687,0.414,-0.557,0.414,-0.611,0.895,0.424,-0.55,0.549,-0.492,0.609,-0.749,-0.629,0.756,0.084,-0.765,-0.351,0.766,0.016,0.18,-0.682,-0.68,-0.162,-0.641,-0.675,0.276,-0.473,-0.642,0.598,-0.664,-0.522,-0.518,-0.164,0.576,-0.433,-0.745,0.809,-0.624,-0.62,-0.497,-0.535,-0.72,0.001,-0.691,-0.426,-0.508,-0.33,-0.461,-0.457,-0.504,-0.412,-0.614,0.089,0.68,-0.625,-0.482,-0.795,-0.396,-0.634,-0.433,-0.649,-0.337,-0.49,-0.428,-0.278,-0.291,-0.604,-0.492,0.139,-0.647,0.08
APOG,0.086,-0.571,0.684,0.426,0.192,0.627,0.695,0.372,-0.099,0.496,-0.185,0.0,0.525,0.778,-0.187,-0.053,-0.311,0.068,-0.77,0.581,0.385,0.645,0.406,-0.772,0.357,0.518,0.497,0.539,0.461,0.698,0.232,0.877,0.472,-0.42,0.092,0.586,0.747,0.476,0.729,-0.783,0.636,0.148,0.53,0.59,-0.247,0.411,0.416,0.29,0.526,0.685,0.436,-0.171,0.452,0.775,-0.118,-0.397,0.848,0.729,0.682,0.822,0.481,-0.476,0.545,0.524,0.444,0.894,0.141,0.661,0.795,-0.205,0.578,0.0,0.524,0.706,0.833,0.602,0.369,0.157,0.548,-0.043,0.238,0.488,0.208,-0.322,0.335,0.524,0.59,0.771,0.782,0.508,0.545,0.659,-0.421,-0.343,0.866,0.167,0.669,-0.146,0.47,0.68,0.361,0.52,0.762,0.668,-0.195,0.014,0.374,-0.076,-0.325,0.65,-0.067,-0.116,0.743,0.07,0.792,0.874,0.514,0.056,0.362,-0.583,0.512,-0.312,-0.191,0.299,0.284,-0.581,0.724,0.182,0.042,0.706,0.059,0.801,-0.62,0.678,-0.214,0.268,0.709,0.222,0.723,-0.714,0.335,0.771,-0.33,0.812,0.331,0.321,-0.277,-0.015,-0.29,0.543,0.612,-0.562,0.744,0.702,-0.024,0.163,0.451,-0.261,0.672,0.777,0.27,-0.171,-0.762,0.416,0.355,-0.362,-0.239,-0.069,0.784,0.565,0.388,0.633,0.451,0.824,0.543,0.569,0.254,0.841,0.642,0.734,0.493,0.53,-0.634,0.675,0.831,0.506,0.866,0.412,0.845,0.697,0.43,0.459,0.367,0.821,0.251,0.706,0.295,-0.326,0.522,0.225
APPS,0.689,-0.863,0.847,0.035,0.834,0.969,0.837,0.915,0.45,0.946,-0.589,0.525,0.0,0.69,-0.772,0.325,-0.434,0.695,-0.666,0.933,-0.263,0.826,0.884,-0.408,0.927,0.909,0.961,0.876,0.673,0.594,0.905,0.574,0.862,-0.673,0.836,0.534,0.889,0.909,0.83,-0.488,0.979,0.781,0.958,0.825,-0.684,0.134,0.919,0.898,0.925,0.844,0.938,0.019,0.162,0.674,-0.396,-0.094,0.649,0.853,0.918,0.486,0.922,-0.286,0.092,0.948,0.827,0.594,-0.477,0.918,0.271,0.37,0.633,0.621,0.577,0.759,0.486,0.959,0.837,0.832,0.187,0.721,0.829,0.943,0.351,0.313,0.86,0.74,0.413,0.857,0.79,0.76,-0.217,0.268,-0.807,0.134,0.808,0.665,0.906,-0.577,0.057,0.884,0.947,0.927,0.574,0.376,-0.426,0.744,0.898,0.562,-0.082,0.545,0.643,0.627,0.838,-0.574,0.754,0.68,0.873,-0.571,0.676,-0.803,0.628,-0.273,-0.741,0.805,0.832,-0.787,0.907,-0.317,0.733,0.852,0.024,0.782,-0.589,0.902,-0.797,-0.193,0.856,-0.453,0.87,-0.695,0.821,0.843,-0.84,0.521,0.612,0.793,-0.719,0.075,0.068,0.923,0.925,-0.192,0.742,0.856,0.029,0.765,0.816,-0.782,0.932,0.82,0.503,0.259,-0.833,0.832,0.802,-0.77,0.488,0.602,0.55,0.953,0.739,0.533,0.871,0.644,0.926,0.759,0.893,0.724,0.66,0.812,0.978,0.454,-0.743,0.724,0.646,0.854,0.674,0.936,0.563,0.874,0.069,0.907,0.918,0.364,0.214,0.826,0.691,-0.009,0.871,0.385
ARCB,0.169,-0.747,0.681,-0.047,0.496,0.755,0.946,0.585,-0.149,0.757,-0.593,0.778,0.69,0.0,-0.605,-0.275,-0.771,0.451,-0.725,0.667,-0.055,0.618,0.65,-0.577,0.496,0.699,0.731,0.7,0.42,0.584,0.4,0.685,0.493,-0.634,0.369,0.872,0.748,0.721,0.64,-0.894,0.744,0.208,0.724,0.866,-0.538,0.244,0.572,0.379,0.686,0.848,0.71,-0.392,0.638,0.704,-0.55,-0.629,0.954,0.887,0.808,0.923,0.586,-0.765,0.363,0.771,0.761,0.921,-0.148,0.863,0.606,-0.311,0.669,0.233,0.395,0.732,0.872,0.73,0.531,0.323,0.485,0.276,0.304,0.797,0.056,-0.321,0.472,0.802,0.23,0.93,0.946,0.878,0.442,0.362,-0.73,-0.344,0.845,0.155,0.842,-0.547,0.243,0.754,0.572,0.721,0.948,0.41,-0.545,0.344,0.533,0.238,-0.616,0.389,-0.026,-0.015,0.946,-0.035,0.913,0.955,0.792,-0.4,0.229,-0.843,0.697,-0.549,-0.378,0.633,0.609,-0.845,0.872,-0.192,0.176,0.901,-0.386,0.971,-0.581,0.85,-0.535,-0.001,0.855,0.083,0.748,-0.844,0.586,0.95,-0.59,0.63,0.72,0.292,-0.573,-0.29,-0.533,0.812,0.769,-0.361,0.921,0.949,-0.318,0.356,0.645,-0.402,0.869,0.828,0.673,-0.227,-0.875,0.483,0.604,-0.707,0.052,0.161,0.947,0.61,0.565,0.381,0.665,0.872,0.586,0.444,0.331,0.906,0.85,0.729,0.637,0.28,-0.913,0.951,0.938,0.759,0.846,0.62,0.932,0.895,0.665,0.582,0.408,0.77,0.156,0.956,0.595,-0.504,0.813,-0.05
ARCC,-0.65,0.83,-0.583,0.527,-0.908,-0.748,-0.729,-0.782,-0.435,-0.849,0.857,-0.187,-0.772,-0.605,0.0,-0.113,0.681,-0.795,0.408,-0.705,0.704,-0.555,-0.86,0.181,-0.774,-0.829,-0.802,-0.837,-0.365,-0.225,-0.772,-0.122,-0.579,0.664,-0.865,-0.437,-0.529,-0.891,-0.447,0.349,-0.715,-0.617,-0.836,-0.744,0.825,0.225,-0.824,-0.596,-0.763,-0.556,-0.907,0.245,-0.303,-0.271,0.766,0.326,-0.445,-0.678,-0.62,-0.307,-0.717,0.423,0.205,-0.851,-0.872,-0.369,0.766,-0.747,0.127,-0.247,-0.456,-0.68,-0.153,-0.381,-0.23,-0.759,-0.728,-0.768,-0.019,-0.787,-0.687,-0.891,0.043,-0.335,-0.791,-0.748,0.068,-0.662,-0.636,-0.815,0.306,0.244,0.908,-0.004,-0.475,-0.576,-0.776,0.875,0.41,-0.537,-0.832,-0.713,-0.497,0.115,0.676,-0.815,-0.812,-0.693,0.249,-0.044,-0.487,-0.579,-0.696,0.641,-0.511,-0.462,-0.864,0.899,-0.248,0.835,-0.667,0.293,0.71,-0.784,-0.806,0.823,-0.721,0.719,-0.731,-0.75,0.437,-0.618,0.505,-0.682,0.917,0.397,-0.604,0.584,-0.63,0.682,-0.9,-0.706,0.907,-0.058,-0.72,-0.54,0.888,0.137,0.103,-0.853,-0.805,-0.138,-0.618,-0.753,0.359,-0.734,-0.656,0.749,-0.778,-0.562,-0.688,-0.285,0.67,-0.599,-0.877,0.925,-0.676,-0.73,-0.437,-0.666,-0.687,-0.008,-0.752,-0.357,-0.627,-0.364,-0.678,-0.439,-0.544,-0.511,-0.766,-0.053,0.702,-0.67,-0.43,-0.886,-0.406,-0.844,-0.375,-0.755,-0.159,-0.617,-0.639,-0.119,-0.012,-0.707,-0.63,-0.004,-0.819,-0.096
ARVN,0.697,-0.233,0.267,0.217,0.387,0.3,-0.109,0.305,0.847,0.244,0.054,-0.053,0.325,-0.275,-0.113,0.0,0.501,0.14,-0.104,0.416,-0.073,0.41,0.329,-0.118,0.552,0.277,0.246,0.365,0.253,0.154,0.535,0.12,0.459,0.091,0.428,-0.479,0.279,0.272,0.359,0.439,0.265,0.693,0.269,-0.113,-0.165,-0.092,0.46,0.536,0.363,-0.057,0.26,0.496,-0.447,0.089,0.161,0.437,-0.222,0.061,0.091,-0.42,0.41,0.54,-0.237,0.209,0.062,-0.226,-0.344,0.079,-0.198,0.821,0.025,0.311,0.195,0.043,-0.328,0.351,0.363,0.563,-0.113,0.404,0.666,0.13,0.144,0.773,0.549,-0.099,0.33,-0.032,-0.046,-0.167,-0.511,0.17,-0.148,0.479,0.123,0.749,0.166,0.041,-0.273,0.191,0.393,0.133,-0.343,0.095,0.056,0.307,0.501,0.291,0.698,0.392,0.703,0.666,-0.044,-0.576,-0.084,-0.195,0.163,-0.084,0.629,0.019,0.086,0.388,-0.367,0.041,0.112,-0.036,0.116,-0.084,0.681,0.034,0.58,-0.149,-0.255,0.079,-0.264,0.067,0.017,-0.543,0.371,-0.03,0.355,-0.029,-0.306,0.048,-0.234,0.684,-0.196,0.518,0.818,0.097,0.268,0.07,-0.09,-0.061,0.283,0.474,0.079,-0.415,0.101,0.156,-0.157,0.808,-0.086,0.528,0.334,-0.064,0.372,0.497,-0.327,0.456,0.224,0.222,0.17,-0.143,0.469,0.471,0.637,-0.146,-0.183,0.239,0.411,0.348,0.237,-0.281,-0.236,0.165,-0.037,0.387,-0.282,0.049,-0.672,0.271,0.572,-0.293,0.151,-0.143,-0.063,0.793,0.13,0.808
ATEC,-0.055,0.544,-0.324,0.538,-0.454,-0.435,-0.72,-0.399,0.281,-0.562,0.646,-0.311,-0.434,-0.771,0.681,0.501,0.0,-0.525,0.275,-0.312,0.445,-0.247,-0.53,0.24,-0.292,-0.515,-0.553,-0.475,-0.161,-0.083,-0.266,-0.163,-0.128,0.515,-0.329,-0.762,-0.341,-0.551,-0.146,0.663,-0.422,-0.054,-0.499,-0.663,0.491,0.013,-0.381,-0.157,-0.468,-0.564,-0.554,0.622,-0.662,-0.363,0.784,0.695,-0.631,-0.591,-0.497,-0.678,-0.38,0.827,-0.151,-0.589,-0.695,-0.594,0.296,-0.621,-0.217,0.386,-0.363,-0.251,0.093,-0.376,-0.54,-0.446,-0.28,-0.155,-0.26,-0.33,-0.097,-0.664,0.297,0.302,-0.312,-0.722,0.31,-0.614,-0.651,-0.814,-0.226,0.111,0.652,0.314,-0.447,0.074,-0.591,0.728,0.086,-0.418,-0.412,-0.564,-0.758,-0.013,0.577,-0.472,-0.313,-0.34,0.76,0.109,0.158,0.114,-0.657,0.061,-0.59,-0.622,-0.646,0.623,0.174,0.691,-0.53,0.681,0.27,-0.692,-0.645,0.679,-0.589,0.482,-0.07,-0.67,0.794,-0.704,0.387,-0.53,0.49,0.307,-0.537,-0.035,-0.375,0.608,-0.48,-0.669,0.517,-0.223,-0.764,-0.02,0.527,0.55,0.713,-0.683,-0.514,0.165,-0.649,-0.738,0.631,-0.36,-0.462,0.229,-0.638,-0.431,-0.742,0.261,0.601,-0.175,-0.483,0.661,-0.156,-0.134,-0.722,-0.263,-0.364,0.154,-0.527,-0.487,-0.208,-0.017,-0.109,-0.536,-0.629,-0.32,-0.388,0.1,0.762,-0.834,-0.633,-0.602,-0.475,-0.472,-0.634,-0.63,-0.632,-0.264,-0.123,-0.397,0.168,-0.77,-0.592,0.591,-0.682,0.442
ATXS,0.616,-0.611,0.48,-0.317,0.78,0.636,0.65,0.823,0.424,0.717,-0.747,0.068,0.695,0.451,-0.795,0.14,-0.525,0.0,-0.339,0.605,-0.533,0.526,0.705,0.05,0.702,0.698,0.681,0.647,0.443,0.368,0.699,0.053,0.659,-0.44,0.794,0.477,0.421,0.749,0.465,-0.21,0.62,0.543,0.717,0.693,-0.674,-0.124,0.697,0.626,0.659,0.568,0.792,0.109,0.137,0.208,-0.502,-0.102,0.383,0.605,0.571,0.184,0.547,-0.24,-0.334,0.716,0.694,0.192,-0.698,0.664,-0.09,0.291,0.423,0.598,0.297,0.344,0.181,0.652,0.777,0.718,0.035,0.77,0.614,0.767,0.167,0.363,0.672,0.609,0.015,0.564,0.475,0.671,-0.329,-0.266,-0.648,0.116,0.357,0.523,0.593,-0.627,-0.334,0.549,0.759,0.64,0.327,-0.067,-0.478,0.737,0.732,0.615,-0.075,-0.062,0.601,0.526,0.587,-0.469,0.473,0.351,0.705,-0.747,0.319,-0.624,0.675,-0.252,-0.665,0.635,0.655,-0.598,0.618,-0.428,0.685,0.622,-0.202,0.479,-0.236,0.642,-0.842,-0.406,0.524,-0.547,0.524,-0.35,0.772,0.546,-0.744,-0.076,0.747,0.573,-0.696,0.001,0.014,0.706,0.631,0.265,0.54,0.603,-0.148,0.595,0.686,-0.632,0.656,0.473,0.482,0.324,-0.472,0.569,0.734,-0.651,0.755,0.696,0.31,0.607,0.832,0.056,0.724,0.343,0.601,0.457,0.654,0.431,0.397,0.415,0.706,0.063,-0.533,0.533,0.361,0.749,0.293,0.714,0.29,0.595,0.195,0.646,0.564,0.091,0.299,0.574,0.583,0.0,0.664,0.102
AVAV,-0.415,0.738,-0.828,-0.295,-0.427,-0.785,-0.753,-0.665,-0.164,-0.629,0.484,-0.77,-0.666,-0.725,0.408,-0.104,0.275,-0.339,0.0,-0.761,-0.201,-0.809,-0.542,0.593,-0.535,-0.696,-0.601,-0.704,-0.599,-0.822,-0.435,-0.712,-0.756,0.642,-0.413,-0.579,-0.794,-0.673,-0.806,0.689,-0.732,-0.277,-0.736,-0.73,0.484,-0.214,-0.577,-0.456,-0.626,-0.766,-0.67,0.066,-0.229,-0.659,0.152,0.184,-0.801,-0.801,-0.698,-0.658,-0.56,0.384,-0.213,-0.641,-0.546,-0.753,0.195,-0.752,-0.523,0.066,-0.591,-0.277,-0.659,-0.642,-0.686,-0.679,-0.684,-0.485,-0.435,-0.262,-0.459,-0.631,-0.334,0.12,-0.465,-0.584,-0.634,-0.84,-0.777,-0.597,-0.273,-0.399,0.572,0.378,-0.78,-0.385,-0.733,0.288,-0.268,-0.701,-0.583,-0.542,-0.63,-0.515,0.282,-0.208,-0.611,-0.067,0.199,-0.457,-0.205,-0.195,-0.783,0.221,-0.772,-0.777,-0.637,0.174,-0.46,0.769,-0.596,0.091,0.566,-0.362,-0.379,0.675,-0.793,-0.09,-0.358,-0.758,-0.155,-0.764,0.531,-0.809,0.566,-0.07,-0.767,0.22,-0.731,0.732,-0.549,-0.774,0.593,-0.576,-0.379,-0.479,0.564,-0.199,0.096,-0.642,-0.76,0.279,-0.787,-0.754,-0.156,-0.25,-0.658,0.611,-0.752,-0.891,-0.222,0.064,0.788,-0.503,-0.57,0.596,-0.115,-0.265,-0.672,-0.687,-0.612,-0.696,-0.623,-0.8,-0.753,-0.718,-0.478,-0.799,-0.578,-0.718,-0.653,-0.372,0.666,-0.627,-0.784,-0.707,-0.839,-0.54,-0.772,-0.763,-0.305,-0.683,-0.562,-0.748,-0.539,-0.688,-0.311,0.218,-0.553,-0.305
AXON,0.715,-0.896,0.839,0.14,0.781,0.953,0.803,0.875,0.504,0.892,-0.546,0.581,0.933,0.667,-0.705,0.416,-0.312,0.605,-0.761,0.0,-0.181,0.875,0.833,-0.475,0.892,0.899,0.885,0.9,0.665,0.674,0.85,0.641,0.89,-0.586,0.774,0.445,0.875,0.907,0.85,-0.498,0.93,0.701,0.933,0.773,-0.713,0.11,0.883,0.83,0.889,0.772,0.904,0.1,0.195,0.662,-0.334,-0.115,0.662,0.849,0.842,0.457,0.868,-0.242,0.037,0.901,0.79,0.62,-0.498,0.879,0.304,0.315,0.61,0.553,0.607,0.697,0.488,0.928,0.875,0.82,0.254,0.623,0.802,0.867,0.298,0.295,0.866,0.685,0.484,0.829,0.784,0.687,-0.135,0.357,-0.781,0.028,0.824,0.733,0.902,-0.553,0.049,0.853,0.909,0.793,0.561,0.41,-0.438,0.625,0.878,0.452,0.018,0.579,0.574,0.622,0.83,-0.598,0.74,0.693,0.848,-0.487,0.669,-0.809,0.655,-0.168,-0.733,0.663,0.695,-0.818,0.894,-0.273,0.739,0.843,0.151,0.764,-0.622,0.872,-0.768,-0.125,0.834,-0.405,0.916,-0.745,0.831,0.824,-0.838,0.542,0.49,0.799,-0.76,0.165,0.111,0.847,0.93,-0.137,0.744,0.814,0.057,0.689,0.77,-0.821,0.893,0.882,0.483,0.28,-0.847,0.804,0.844,-0.76,0.429,0.606,0.524,0.934,0.756,0.56,0.79,0.646,0.948,0.791,0.858,0.721,0.583,0.856,0.929,0.482,-0.697,0.648,0.639,0.86,0.702,0.882,0.577,0.863,0.036,0.882,0.89,0.406,0.273,0.767,0.602,0.104,0.809,0.527
BANF,-0.424,0.353,-0.036,0.799,-0.61,-0.192,-0.159,-0.326,-0.344,-0.363,0.494,0.385,-0.263,-0.055,0.704,-0.073,0.445,-0.533,-0.201,-0.181,0.0,0.039,-0.471,-0.281,-0.38,-0.334,-0.373,-0.354,0.156,0.38,-0.472,0.395,-0.035,0.255,-0.598,0.064,0.068,-0.443,0.201,-0.135,-0.152,-0.386,-0.344,-0.216,0.482,0.566,-0.433,-0.234,-0.369,0.037,-0.437,0.237,-0.09,0.178,0.716,0.204,0.177,-0.033,-0.034,0.183,-0.315,0.116,0.364,-0.372,-0.479,0.194,0.703,-0.173,0.603,-0.255,-0.036,-0.445,0.369,0.163,0.362,-0.249,-0.269,-0.454,0.346,-0.643,-0.329,-0.426,0.402,-0.475,-0.42,-0.316,0.577,-0.058,-0.086,-0.368,0.563,0.568,0.52,-0.163,0.102,-0.375,-0.28,0.72,0.608,0.039,-0.405,-0.288,-0.033,0.488,0.551,-0.667,-0.388,-0.609,0.162,0.365,-0.338,-0.473,-0.115,0.617,0.119,0.133,-0.422,0.797,0.159,0.336,-0.213,0.224,0.4,-0.491,-0.499,0.321,-0.146,0.89,-0.515,-0.158,0.511,-0.053,0.135,-0.091,0.537,0.372,-0.023,0.51,-0.098,0.179,-0.55,-0.134,0.555,0.375,-0.306,-0.159,0.539,0.302,-0.009,-0.4,-0.245,-0.366,0.028,-0.205,0.492,-0.546,-0.131,0.403,-0.22,0.079,-0.49,-0.304,0.116,-0.177,-0.502,0.58,-0.589,-0.577,0.124,-0.145,-0.227,0.498,-0.214,0.308,-0.055,0.167,-0.328,0.2,-0.056,0.061,-0.254,0.287,0.131,-0.172,0.199,-0.41,0.159,-0.447,0.216,-0.195,0.139,-0.102,-0.221,0.484,0.378,-0.184,-0.267,-0.201,-0.388,0.071
BATRK,0.694,-0.854,0.869,0.267,0.632,0.857,0.733,0.806,0.475,0.769,-0.501,0.645,0.826,0.618,-0.555,0.41,-0.247,0.526,-0.809,0.875,0.039,0.0,0.704,-0.645,0.797,0.867,0.736,0.838,0.759,0.743,0.719,0.625,0.885,-0.568,0.643,0.481,0.843,0.796,0.867,-0.478,0.84,0.589,0.844,0.656,-0.617,0.234,0.789,0.716,0.792,0.746,0.801,0.068,0.192,0.689,-0.209,-0.016,0.686,0.818,0.761,0.47,0.758,-0.215,0.06,0.789,0.671,0.633,-0.462,0.834,0.417,0.306,0.495,0.454,0.552,0.634,0.518,0.842,0.787,0.679,0.387,0.47,0.738,0.74,0.305,0.234,0.79,0.61,0.629,0.777,0.696,0.597,-0.045,0.361,-0.67,-0.187,0.817,0.65,0.799,-0.456,-0.007,0.817,0.811,0.683,0.491,0.504,-0.216,0.522,0.796,0.263,0.016,0.524,0.503,0.438,0.738,-0.485,0.764,0.68,0.752,-0.363,0.634,-0.742,0.697,-0.112,-0.708,0.578,0.609,-0.728,0.857,-0.021,0.639,0.823,0.23,0.709,-0.692,0.79,-0.695,-0.137,0.721,-0.391,0.865,-0.697,0.708,0.743,-0.766,0.563,0.459,0.814,-0.672,0.28,0.122,0.748,0.884,-0.278,0.758,0.735,0.069,0.546,0.741,-0.732,0.833,0.867,0.237,0.319,-0.826,0.656,0.747,-0.611,0.329,0.467,0.519,0.851,0.72,0.591,0.835,0.68,0.887,0.846,0.751,0.729,0.427,0.782,0.853,0.557,-0.66,0.591,0.66,0.798,0.749,0.765,0.615,0.769,0.031,0.751,0.773,0.524,0.438,0.684,0.484,0.056,0.684,0.535
BIDU,0.713,-0.856,0.693,-0.25,0.888,0.868,0.78,0.837,0.53,0.931,-0.68,0.406,0.884,0.65,-0.86,0.329,-0.53,0.705,-0.542,0.833,-0.471,0.704,0.0,-0.357,0.917,0.872,0.912,0.931,0.549,0.392,0.854,0.445,0.718,-0.596,0.827,0.417,0.74,0.909,0.666,-0.387,0.845,0.759,0.899,0.771,-0.72,-0.076,0.924,0.772,0.914,0.689,0.93,-0.107,0.269,0.533,-0.658,-0.278,0.57,0.797,0.781,0.397,0.887,-0.364,-0.049,0.906,0.85,0.502,-0.602,0.845,0.124,0.356,0.614,0.64,0.331,0.627,0.391,0.912,0.779,0.809,0.161,0.784,0.835,0.927,0.073,0.398,0.882,0.78,0.127,0.77,0.766,0.795,-0.208,0.127,-0.869,0.128,0.686,0.705,0.908,-0.707,-0.197,0.738,0.909,0.839,0.568,0.164,-0.62,0.784,0.924,0.656,-0.175,0.38,0.597,0.595,0.789,-0.587,0.656,0.591,0.904,-0.679,0.527,-0.786,0.713,-0.37,-0.697,0.799,0.83,-0.811,0.817,-0.53,0.779,0.831,-0.185,0.715,-0.586,0.789,-0.835,-0.218,0.735,-0.489,0.833,-0.724,0.909,0.81,-0.877,0.35,0.672,0.703,-0.774,0.041,0.081,0.911,0.881,-0.036,0.714,0.82,-0.272,0.838,0.712,-0.745,0.871,0.718,0.676,0.378,-0.771,0.822,0.882,-0.824,0.541,0.678,0.54,0.851,0.689,0.219,0.778,0.538,0.797,0.597,0.812,0.566,0.63,0.715,0.91,0.3,-0.683,0.684,0.56,0.858,0.543,0.937,0.509,0.821,0.117,0.695,0.788,0.258,0.087,0.772,0.649,0.094,0.907,0.34
BLNE,-0.198,0.575,-0.59,-0.285,-0.185,-0.482,-0.481,-0.246,-0.036,-0.406,0.192,-0.772,-0.408,-0.577,0.181,-0.118,0.24,0.05,0.593,-0.475,-0.281,-0.645,-0.357,0.0,-0.346,-0.492,-0.385,-0.512,-0.445,-0.45,-0.255,-0.696,-0.354,0.423,-0.072,-0.365,-0.594,-0.405,-0.541,0.567,-0.488,-0.228,-0.423,-0.287,0.227,-0.371,-0.405,-0.261,-0.467,-0.464,-0.356,0.295,-0.362,-0.69,0.113,0.268,-0.622,-0.54,-0.469,-0.631,-0.482,0.339,-0.472,-0.419,-0.368,-0.73,0.016,-0.537,-0.621,0.021,-0.325,0.019,-0.205,-0.423,-0.59,-0.491,-0.196,-0.114,-0.464,0.096,-0.289,-0.366,0.033,0.142,-0.392,-0.447,-0.411,-0.549,-0.553,-0.402,-0.317,-0.509,0.4,0.389,-0.738,-0.235,-0.548,0.224,-0.169,-0.564,-0.333,-0.403,-0.554,-0.626,0.037,-0.141,-0.331,0.096,0.221,-0.569,0.098,0.125,-0.526,0.116,-0.602,-0.674,-0.436,0.03,-0.343,0.495,-0.437,0.28,0.255,-0.319,-0.301,0.523,-0.63,-0.04,-0.096,-0.582,-0.039,-0.612,0.85,-0.416,0.198,-0.05,-0.501,-0.095,-0.66,0.682,-0.27,-0.57,0.356,-0.715,-0.196,-0.395,0.257,-0.02,0.175,-0.443,-0.548,0.703,-0.561,-0.528,0.174,-0.279,-0.331,0.183,-0.563,-0.589,-0.099,-0.056,0.733,-0.266,-0.328,0.299,0.213,0.1,-0.581,-0.488,-0.203,-0.439,-0.438,-0.569,-0.418,-0.522,-0.254,-0.609,-0.354,-0.565,-0.424,-0.384,0.492,-0.53,-0.602,-0.429,-0.733,-0.386,-0.626,-0.508,-0.148,-0.264,-0.333,-0.556,-0.012,-0.531,-0.206,0.105,-0.425,-0.29
BLNK,0.822,-0.832,0.761,-0.045,0.879,0.889,0.676,0.876,0.687,0.907,-0.566,0.357,0.927,0.496,-0.774,0.552,-0.292,0.702,-0.535,0.892,-0.38,0.797,0.917,-0.346,0.0,0.872,0.897,0.899,0.621,0.474,0.943,0.448,0.839,-0.536,0.884,0.289,0.774,0.882,0.742,-0.239,0.869,0.879,0.902,0.669,-0.701,-0.005,0.947,0.896,0.918,0.652,0.91,0.122,0.076,0.539,-0.433,-0.014,0.449,0.725,0.764,0.241,0.903,-0.111,-0.087,0.877,0.751,0.388,-0.626,0.805,0.091,0.569,0.537,0.688,0.425,0.596,0.253,0.921,0.831,0.891,0.099,0.803,0.925,0.869,0.25,0.557,0.95,0.657,0.31,0.697,0.646,0.655,-0.382,0.187,-0.793,0.244,0.676,0.837,0.832,-0.585,-0.19,0.768,0.95,0.819,0.377,0.234,-0.445,0.797,0.954,0.632,0.075,0.488,0.774,0.733,0.691,-0.7,0.577,0.478,0.836,-0.619,0.707,-0.689,0.629,-0.188,-0.769,0.747,0.794,-0.713,0.786,-0.42,0.887,0.743,0.082,0.601,-0.572,0.76,-0.821,-0.217,0.674,-0.596,0.84,-0.609,0.877,0.701,-0.864,0.366,0.522,0.866,-0.729,0.184,0.302,0.844,0.873,-0.041,0.613,0.711,-0.035,0.861,0.706,-0.807,0.826,0.701,0.455,0.543,-0.719,0.861,0.85,-0.728,0.598,0.72,0.36,0.925,0.71,0.357,0.786,0.445,0.888,0.75,0.945,0.507,0.475,0.712,0.956,0.425,-0.572,0.542,0.432,0.808,0.508,0.942,0.362,0.748,-0.137,0.778,0.912,0.156,0.186,0.654,0.584,0.25,0.825,0.538
BTAI,0.725,-0.945,0.817,-0.104,0.847,0.917,0.827,0.887,0.487,0.894,-0.698,0.518,0.909,0.699,-0.829,0.277,-0.515,0.698,-0.696,0.899,-0.334,0.867,0.872,-0.492,0.872,0.0,0.882,0.928,0.663,0.529,0.854,0.463,0.82,-0.707,0.831,0.516,0.8,0.945,0.769,-0.507,0.895,0.683,0.948,0.792,-0.775,0.046,0.918,0.768,0.892,0.775,0.945,-0.125,0.296,0.592,-0.51,-0.181,0.663,0.857,0.802,0.471,0.867,-0.35,0.002,0.936,0.889,0.609,-0.653,0.908,0.228,0.317,0.571,0.601,0.446,0.616,0.453,0.918,0.835,0.806,0.272,0.679,0.786,0.915,0.181,0.309,0.886,0.786,0.357,0.819,0.76,0.787,-0.179,0.142,-0.863,-0.107,0.765,0.689,0.907,-0.737,-0.136,0.797,0.93,0.822,0.597,0.288,-0.437,0.748,0.883,0.532,-0.145,0.373,0.548,0.57,0.809,-0.638,0.754,0.673,0.905,-0.648,0.483,-0.887,0.759,-0.294,-0.758,0.792,0.821,-0.863,0.91,-0.385,0.744,0.899,-0.062,0.772,-0.677,0.828,-0.857,-0.323,0.78,-0.487,0.866,-0.774,0.878,0.832,-0.931,0.432,0.637,0.756,-0.865,0.089,-0.012,0.915,0.952,-0.126,0.776,0.849,-0.115,0.734,0.823,-0.833,0.922,0.834,0.517,0.289,-0.866,0.711,0.896,-0.838,0.535,0.624,0.556,0.865,0.762,0.372,0.921,0.611,0.865,0.68,0.806,0.686,0.553,0.79,0.922,0.392,-0.771,0.741,0.643,0.929,0.679,0.919,0.589,0.865,0.112,0.79,0.814,0.368,0.214,0.802,0.665,0.016,0.846,0.353
BYND,0.613,-0.851,0.788,-0.114,0.841,0.938,0.847,0.862,0.366,0.949,-0.589,0.497,0.961,0.731,-0.802,0.246,-0.553,0.681,-0.601,0.885,-0.373,0.736,0.912,-0.385,0.897,0.882,0.0,0.86,0.552,0.48,0.877,0.557,0.742,-0.662,0.807,0.552,0.849,0.907,0.718,-0.52,0.932,0.743,0.934,0.822,-0.668,0.031,0.902,0.842,0.94,0.825,0.921,-0.117,0.244,0.692,-0.543,-0.249,0.655,0.83,0.893,0.542,0.92,-0.4,0.149,0.957,0.872,0.623,-0.46,0.901,0.262,0.287,0.665,0.595,0.44,0.749,0.485,0.941,0.764,0.771,0.184,0.736,0.76,0.96,0.2,0.28,0.827,0.745,0.24,0.851,0.829,0.814,-0.171,0.272,-0.841,0.14,0.8,0.614,0.932,-0.643,0.05,0.83,0.91,0.945,0.652,0.326,-0.522,0.765,0.855,0.599,-0.235,0.505,0.557,0.56,0.851,-0.545,0.745,0.693,0.911,-0.631,0.574,-0.807,0.608,-0.416,-0.691,0.863,0.878,-0.801,0.888,-0.445,0.679,0.852,-0.13,0.811,-0.584,0.876,-0.76,-0.159,0.854,-0.379,0.842,-0.725,0.822,0.864,-0.833,0.535,0.633,0.697,-0.706,-0.07,-0.028,0.953,0.897,-0.205,0.729,0.885,-0.125,0.798,0.764,-0.733,0.928,0.783,0.649,0.213,-0.837,0.813,0.798,-0.809,0.441,0.561,0.603,0.887,0.659,0.396,0.824,0.619,0.84,0.621,0.823,0.689,0.705,0.773,0.936,0.395,-0.75,0.776,0.653,0.837,0.66,0.939,0.585,0.881,0.136,0.818,0.845,0.341,0.061,0.865,0.703,-0.065,0.926,0.296
CAN,0.743,-0.946,0.802,-0.125,0.864,0.905,0.803,0.834,0.564,0.921,-0.713,0.539,0.876,0.7,-0.837,0.365,-0.475,0.647,-0.704,0.9,-0.354,0.838,0.931,-0.512,0.899,0.928,0.86,0.0,0.584,0.532,0.812,0.51,0.79,-0.64,0.798,0.435,0.788,0.947,0.755,-0.463,0.859,0.701,0.924,0.77,-0.779,-0.017,0.922,0.71,0.906,0.688,0.942,-0.105,0.317,0.555,-0.587,-0.278,0.646,0.844,0.762,0.446,0.853,-0.359,-0.048,0.907,0.841,0.593,-0.637,0.873,0.203,0.318,0.569,0.603,0.378,0.593,0.444,0.924,0.826,0.799,0.251,0.677,0.825,0.9,0.075,0.342,0.902,0.787,0.298,0.814,0.801,0.791,-0.122,0.171,-0.894,-0.065,0.76,0.744,0.922,-0.711,-0.223,0.756,0.896,0.755,0.586,0.238,-0.583,0.692,0.934,0.546,-0.126,0.413,0.536,0.562,0.821,-0.602,0.711,0.66,0.917,-0.634,0.536,-0.866,0.787,-0.254,-0.74,0.712,0.744,-0.883,0.876,-0.437,0.779,0.885,-0.112,0.752,-0.707,0.813,-0.865,-0.175,0.744,-0.507,0.901,-0.83,0.927,0.844,-0.916,0.399,0.605,0.749,-0.86,0.097,0.077,0.887,0.947,-0.09,0.786,0.841,-0.23,0.74,0.719,-0.802,0.893,0.818,0.57,0.392,-0.853,0.768,0.929,-0.86,0.496,0.671,0.573,0.867,0.742,0.338,0.801,0.598,0.85,0.689,0.79,0.638,0.59,0.767,0.902,0.359,-0.728,0.69,0.616,0.927,0.66,0.914,0.58,0.863,0.112,0.714,0.783,0.379,0.219,0.772,0.56,0.115,0.875,0.434
CCEC,0.53,-0.586,0.653,0.35,0.399,0.66,0.567,0.695,0.326,0.547,-0.344,0.461,0.673,0.42,-0.365,0.253,-0.161,0.443,-0.599,0.665,0.156,0.759,0.549,-0.445,0.621,0.663,0.552,0.584,0.0,0.594,0.584,0.511,0.766,-0.391,0.467,0.442,0.661,0.545,0.707,-0.404,0.687,0.44,0.658,0.559,-0.492,0.343,0.594,0.644,0.56,0.678,0.61,0.12,0.187,0.586,-0.036,0.204,0.536,0.669,0.681,0.332,0.588,-0.159,0.054,0.556,0.45,0.474,-0.324,0.715,0.402,0.227,0.439,0.333,0.567,0.581,0.479,0.619,0.648,0.551,0.332,0.381,0.576,0.567,0.495,0.115,0.597,0.615,0.587,0.606,0.466,0.471,-0.128,0.25,-0.38,-0.143,0.587,0.43,0.572,-0.277,0.147,0.771,0.682,0.637,0.37,0.401,0.099,0.44,0.568,0.131,0.084,0.417,0.437,0.361,0.541,-0.363,0.603,0.513,0.468,-0.128,0.515,-0.55,0.468,-0.117,-0.493,0.518,0.536,-0.495,0.66,0.139,0.471,0.624,0.299,0.544,-0.421,0.624,-0.506,-0.407,0.599,-0.267,0.641,-0.424,0.475,0.535,-0.561,0.449,0.463,0.632,-0.418,0.493,0.083,0.589,0.679,-0.196,0.596,0.545,0.21,0.454,0.724,-0.568,0.676,0.677,0.056,0.09,-0.602,0.507,0.492,-0.364,0.241,0.317,0.405,0.72,0.579,0.515,0.736,0.589,0.734,0.799,0.637,0.599,0.306,0.691,0.709,0.481,-0.535,0.466,0.558,0.543,0.539,0.589,0.494,0.533,-0.002,0.652,0.646,0.428,0.401,0.518,0.521,-0.094,0.438,0.215
CDW,0.34,-0.525,0.721,0.533,0.309,0.664,0.666,0.631,0.168,0.514,-0.325,0.698,0.594,0.584,-0.225,0.154,-0.083,0.368,-0.822,0.674,0.38,0.743,0.392,-0.45,0.474,0.529,0.48,0.532,0.594,0.0,0.371,0.703,0.774,-0.371,0.327,0.543,0.722,0.531,0.827,-0.545,0.658,0.246,0.6,0.645,-0.364,0.348,0.467,0.462,0.512,0.687,0.537,0.31,0.124,0.607,0.112,-0.018,0.712,0.713,0.674,0.54,0.412,-0.194,0.146,0.52,0.399,0.618,-0.075,0.643,0.59,0.028,0.567,0.222,0.785,0.661,0.647,0.603,0.694,0.411,0.426,0.199,0.411,0.503,0.563,-0.082,0.392,0.427,0.723,0.728,0.623,0.45,0.28,0.453,-0.334,-0.213,0.708,0.365,0.571,-0.063,0.342,0.708,0.493,0.479,0.481,0.535,-0.126,0.065,0.519,0.013,0.042,0.493,0.287,0.157,0.692,-0.048,0.709,0.703,0.491,-0.016,0.554,-0.534,0.558,0.055,-0.453,0.182,0.196,-0.479,0.675,0.321,0.302,0.627,0.375,0.638,-0.345,0.758,-0.432,0.176,0.695,-0.099,0.659,-0.451,0.437,0.622,-0.398,0.504,0.367,0.519,-0.359,0.292,0.02,0.483,0.596,-0.156,0.678,0.592,0.344,0.128,0.583,-0.46,0.623,0.787,0.111,0.026,-0.613,0.527,0.443,-0.341,0.163,0.26,0.541,0.643,0.716,0.769,0.525,0.749,0.718,0.747,0.46,0.794,0.479,0.69,0.583,0.431,-0.504,0.498,0.687,0.561,0.734,0.439,0.646,0.66,0.289,0.69,0.501,0.701,0.689,0.552,0.309,-0.129,0.423,0.378
CDXS,0.838,-0.783,0.698,-0.104,0.896,0.835,0.601,0.881,0.686,0.84,-0.52,0.232,0.905,0.4,-0.772,0.535,-0.266,0.699,-0.435,0.85,-0.472,0.719,0.854,-0.255,0.943,0.854,0.877,0.812,0.584,0.371,0.0,0.313,0.794,-0.55,0.923,0.221,0.699,0.858,0.652,-0.167,0.84,0.902,0.873,0.602,-0.66,-0.08,0.937,0.923,0.88,0.594,0.879,0.137,-0.035,0.47,-0.377,0.092,0.332,0.637,0.708,0.153,0.905,-0.033,-0.134,0.855,0.751,0.291,-0.666,0.734,-0.044,0.62,0.464,0.664,0.402,0.517,0.139,0.872,0.803,0.916,-0.026,0.823,0.905,0.835,0.241,0.624,0.916,0.58,0.249,0.605,0.531,0.593,-0.542,0.06,-0.736,0.284,0.591,0.827,0.774,-0.621,-0.181,0.696,0.947,0.82,0.293,0.209,-0.354,0.86,0.894,0.661,0.151,0.389,0.794,0.82,0.6,-0.801,0.478,0.379,0.794,-0.641,0.636,-0.66,0.529,-0.146,-0.794,0.771,0.81,-0.652,0.736,-0.473,0.891,0.668,0.105,0.52,-0.543,0.682,-0.798,-0.304,0.64,-0.646,0.758,-0.509,0.835,0.607,-0.86,0.289,0.461,0.864,-0.722,0.163,0.317,0.811,0.808,-0.021,0.481,0.634,0.023,0.878,0.695,-0.82,0.768,0.609,0.427,0.492,-0.651,0.786,0.806,-0.708,0.662,0.739,0.222,0.878,0.674,0.333,0.777,0.327,0.833,0.64,0.967,0.419,0.38,0.66,0.914,0.357,-0.499,0.491,0.324,0.764,0.422,0.937,0.236,0.683,-0.237,0.805,0.926,-0.009,0.065,0.595,0.639,0.301,0.751,0.496
