,ABEO,ACHC,AGNCN,AKAM,AKRO,ALRM,AMAT,AMED,AMRN,ANGI,APA,APOG,APPS,ARCB,ARCC,ARVN,ATEC,ATXS,AVAV,AXON,BANF,BATRK,BIDU,BLNE,BLNK,BTAI,BYND,CAN,CCEC,CDW,CDXS,CELH,CGNX,CHKP,CHRS,CHRW,CIGI,CKPT,CMPR,COGT,CRNC,CRSP,CSTL,CTSH,CVGW,DGLY,DNLI,DOCU,DVAX,EBAY,EHTH,ERII,ESLT,EXPE,EXPO,FBIOP,FFBC,FFIN,FOXF,FWRD,GDS,GERN,GPRE,GRWG,GRYP,HEES,HELE,HIVE,HON,HRTX,HSTM,HURA,IART,IBKR,IBOC,IBRX,IDXX,INGN,INM,INVA,IQ,IRBT,KDP,KPTI,KTOS,KXIN,LAMR,LFUS,LGIH,LGMK,LKFN,LNW,LOPE,LPSN,LYFT,MGNX,MLCO,MNST,MODV,MSTR,MTCH,MYGN,MYRG,NCMI,NEXT,NFLX,NIU,NKTR,NRC,NTNX,NTRA,NVEE,NVMI,NWL,NWS,NXPI,OCGN,OCSL,OKTA,OLLI,OTLK,OXLC,PAA,PARA,PARAA,PDCO,PDFS,PFG,PGEN,PNFP,PODD,POWI,PSMT,PTC,PTEN,PVLA,RDNT,RDUS,RDWR,REGN,RNAC,ROCK,ROST,RRR,RSLS,RVMD,RYAAY,SAFT,SAGE,SAVA,SBGI,SFM,SFNC,SHYF,SIBN,SIFY,SIGI,SIMO,SITM,SLM,SNBR,SNDX,SNY,SPNS,SRRK,STRA,SUPN,SYRE,TCBK,TEAM,TECH,THRM,TLRY,TRMK,TROW,TSLA,TWST,TXN,UFPI,UNIT,UPWK,USLM,UTHR,VERB,VLY,VRNA,VRRM,VXRT,WAFD,WATT,WBA,WING,WIX,WTFC,WTW,XPEL,XRX,YMAB,ZG,ZLAB
ABEO,0.0,0.274,-0.229,0.217,0.191,0.422,-0.258,0.617,0.176,0.55,-0.4,0.015,0.116,0.156,0.357,0.21,0.368,0.522,0.266,-0.283,-0.272,-0.051,-0.376,0.395,0.612,-0.085,0.562,0.149,-0.599,-0.179,-0.084,0.055,-0.176,0.049,0.594,0.365,0.319,0.552,-0.269,0.56,0.171,0.05,0.642,0.656,-0.349,-0.357,0.179,0.397,-0.442,-0.209,-0.291,0.806,0.589,0.316,-0.31,-0.484,0.168,0.53,-0.26,-0.161,-0.256,0.357,-0.384,-0.267,0.515,-0.309,0.192,0.479,-0.33,0.613,-0.12,0.36,0.01,0.212,-0.322,0.338,-0.124,0.476,0.224,0.549,-0.321,0.485,0.448,-0.226,0.433,0.113,0.222,-0.097,0.357,0.421,0.358,-0.165,-0.261,-0.063,0.552,-0.408,-0.397,-0.438,0.765,0.328,0.105,0.247,-0.297,-0.195,0.158,0.36,-0.459,0.268,0.512,0.126,0.439,0.103,-0.45,0.366,0.035,-0.29,0.605,-0.397,0.676,0.554,0.482,-0.13,-0.391,0.41,0.378,-0.31,-0.153,-0.207,-0.099,0.044,-0.541,-0.213,-0.427,-0.376,-0.225,0.51,0.564,-0.173,0.541,0.278,0.378,0.354,-0.033,-0.095,0.451,0.215,-0.261,-0.062,0.664,0.182,0.052,-0.195,-0.009,-0.244,0.492,0.342,0.66,-0.42,-0.05,0.047,0.007,0.395,-0.242,0.608,0.354,-0.527,0.246,-0.253,0.158,0.673,-0.234,-0.394,-0.06,-0.134,-0.041,0.555,0.42,-0.247,-0.061,0.624,0.34,-0.323,-0.613,0.354,-0.166,0.188,0.661,0.609,0.391,0.532,-0.296,0.075,0.401,0.209,-0.292,0.586,0.08,0.152,-0.307,-0.419
ACHC,0.274,0.0,0.268,0.742,0.235,-0.092,0.425,0.108,-0.107,0.361,-0.243,0.645,0.497,0.573,0.203,0.18,0.37,-0.359,0.602,0.457,0.534,0.573,0.307,-0.242,0.228,0.434,0.074,-0.284,-0.261,0.498,-0.07,0.495,0.491,0.301,-0.26,0.648,0.598,-0.236,0.146,0.056,0.303,0.361,-0.208,0.521,0.378,-0.016,0.133,0.35,0.343,0.471,0.34,0.211,0.061,0.615,0.323,-0.252,0.186,0.452,0.504,0.405,0.364,0.505,0.256,0.462,-0.359,0.1,0.413,-0.245,0.303,-0.226,0.485,-0.255,0.487,-0.295,0.38,0.17,0.354,0.609,0.109,0.471,0.204,-0.286,0.358,0.371,-0.249,-0.294,0.645,0.612,0.717,-0.079,-0.14,0.415,0.219,0.269,-0.291,0.233,0.134,0.304,0.411,-0.401,0.307,0.733,0.187,0.282,-0.536,0.422,0.151,-0.041,0.418,0.285,-0.373,0.479,0.28,0.262,0.425,0.418,0.29,0.275,0.234,0.458,0.121,-0.071,-0.286,0.408,0.45,0.473,0.436,0.217,0.36,0.252,0.038,0.489,0.103,0.156,0.037,-0.151,-0.064,0.472,0.528,0.004,-0.418,0.456,0.596,0.448,-0.312,0.278,0.382,0.501,0.058,-0.05,0.392,0.514,0.282,0.367,-0.367,-0.182,0.245,0.064,0.549,0.387,0.422,-0.059,0.352,0.633,-0.115,0.228,0.158,0.074,-0.053,-0.002,0.37,0.263,0.159,0.092,0.557,-0.284,-0.13,0.382,0.625,0.54,0.013,0.185,-0.075,-0.132,0.377,-0.12,0.331,0.002,-0.171,-0.183,0.353,0.533,0.538,-0.069,0.342,-0.043,0.417,0.096,0.335,0.165
AGNCN,-0.229,0.268,0.0,0.447,-0.085,-0.752,0.79,-0.639,0.542,0.182,0.461,0.754,0.437,0.521,0.314,0.343,-0.128,-0.601,0.55,0.778,0.74,0.14,0.596,-0.548,-0.181,0.656,0.1,-0.569,0.38,0.819,0.474,0.391,0.692,0.834,-0.564,0.069,-0.102,-0.675,0.712,-0.633,0.39,0.511,-0.144,-0.293,0.794,0.38,0.537,-0.024,0.763,0.768,0.58,-0.521,-0.684,0.149,0.862,0.495,0.601,0.225,0.766,0.85,0.338,-0.28,0.854,0.739,-0.678,0.896,0.485,-0.787,0.932,-0.697,0.828,-0.66,0.881,-0.43,0.802,0.148,0.817,0.151,-0.41,-0.289,0.638,-0.732,-0.538,0.645,-0.18,-0.636,0.431,0.652,0.41,-0.794,-0.44,0.683,0.894,0.775,-0.619,0.816,0.793,0.78,-0.424,-0.717,0.567,0.141,0.497,0.689,-0.319,-0.005,0.637,0.211,-0.496,0.525,-0.663,0.57,0.801,-0.623,0.425,0.785,-0.124,0.569,-0.536,-0.266,-0.633,0.707,0.656,-0.222,-0.175,0.621,0.636,0.915,0.41,0.65,0.802,0.716,0.838,0.82,0.887,-0.306,-0.739,0.457,-0.34,-0.107,-0.676,0.588,0.387,0.76,-0.769,0.636,0.861,0.644,-0.402,0.288,0.186,0.823,0.536,0.864,-0.655,-0.865,-0.268,0.806,0.765,0.733,-0.057,-0.553,0.801,-0.092,0.21,0.83,0.094,0.854,0.476,-0.719,0.767,0.836,0.741,0.794,0.643,-0.669,-0.092,0.765,0.723,0.016,0.315,0.816,0.734,-0.831,0.818,0.555,-0.495,-0.475,-0.336,-0.363,0.814,0.816,0.097,-0.231,0.869,-0.002,0.812,-0.768,0.745,0.783
AKAM,0.217,0.742,0.447,0.0,0.452,-0.241,0.737,0.096,0.176,0.702,-0.095,0.845,0.859,0.863,0.127,0.464,0.508,-0.45,0.79,0.738,0.657,0.324,0.593,-0.492,0.39,0.805,0.299,-0.398,0.034,0.745,0.279,0.668,0.74,0.416,-0.28,0.638,0.644,-0.381,0.542,-0.143,0.662,0.729,-0.087,0.479,0.472,0.21,0.554,0.641,0.57,0.778,0.488,0.057,-0.249,0.79,0.564,-0.17,0.19,0.587,0.739,0.708,0.653,0.469,0.564,0.748,-0.492,0.346,0.753,-0.416,0.496,-0.381,0.632,-0.6,0.674,-0.677,0.504,0.512,0.724,0.637,0.249,0.534,0.557,-0.549,-0.009,0.624,-0.22,-0.458,0.818,0.828,0.861,-0.267,-0.571,0.647,0.484,0.594,-0.324,0.53,0.526,0.396,0.198,-0.678,0.726,0.789,0.475,0.628,-0.702,0.594,0.517,0.225,0.159,0.663,-0.632,0.698,0.56,0.115,0.772,0.692,0.411,0.346,0.2,0.393,-0.146,0.116,-0.139,0.52,0.56,0.695,0.759,0.505,0.672,0.484,0.204,0.78,0.362,0.475,0.198,-0.318,-0.278,0.73,0.379,-0.091,-0.493,0.634,0.501,0.771,-0.51,0.619,0.655,0.402,-0.009,0.346,0.726,0.781,0.597,0.678,-0.511,-0.369,-0.038,0.384,0.82,0.715,0.654,-0.336,0.363,0.663,0.141,0.404,0.198,0.331,-0.132,-0.138,0.709,0.547,0.547,0.216,0.871,-0.43,-0.071,0.726,0.868,0.68,0.483,0.292,0.077,-0.228,0.652,-0.053,0.221,0.048,-0.375,-0.382,0.657,0.594,0.727,-0.297,0.628,-0.009,0.632,-0.017,0.679,0.521
AKRO,0.191,0.235,-0.085,0.452,0.0,0.058,0.221,0.321,-0.335,0.415,-0.417,0.271,0.677,0.513,-0.011,0.689,0.673,0.265,0.495,0.295,0.142,0.38,0.482,-0.25,0.578,0.544,0.389,0.105,-0.12,0.253,-0.238,0.697,0.174,-0.169,-0.014,0.396,0.321,0.102,0.241,-0.105,0.331,0.639,0.23,0.632,0.216,0.12,0.408,0.666,0.158,0.345,-0.299,0.38,-0.154,0.558,0.035,-0.401,-0.422,0.149,0.351,0.117,0.654,0.475,0.05,0.38,-0.143,-0.144,0.578,-0.02,-0.032,-0.027,-0.083,-0.378,0.239,-0.579,-0.201,0.651,0.273,0.716,0.632,0.415,0.48,-0.243,-0.119,-0.063,-0.432,0.218,0.647,0.493,0.535,0.117,-0.526,0.562,0.038,-0.128,0.138,-0.001,0.226,-0.05,0.133,-0.248,0.42,0.386,0.279,0.215,-0.672,0.816,0.394,-0.252,-0.046,0.683,-0.302,0.291,-0.01,0.274,0.644,0.244,0.339,0.409,0.412,0.339,0.136,-0.559,-0.53,0.748,0.754,0.287,0.563,-0.119,0.717,-0.199,-0.258,0.355,-0.122,-0.106,-0.335,-0.238,0.221,0.646,0.235,-0.238,-0.127,0.272,0.423,0.396,-0.007,0.222,0.032,-0.016,0.429,0.135,0.656,0.253,-0.06,0.125,-0.032,0.074,0.023,0.148,0.289,0.007,0.547,-0.447,-0.016,0.574,0.391,-0.1,0.05,-0.208,-0.594,0.201,0.272,0.112,0.195,-0.479,0.413,-0.023,-0.369,0.207,0.394,0.584,0.393,-0.227,-0.245,0.107,-0.077,-0.309,0.62,0.162,-0.664,-0.163,0.262,0.007,0.791,-0.7,0.154,0.083,0.276,0.262,0.244,0.191
ALRM,0.422,-0.092,-0.752,-0.241,0.058,0.0,-0.648,0.743,-0.3,0.077,-0.216,-0.551,-0.182,-0.244,0.082,-0.079,0.418,0.582,-0.285,-0.765,-0.694,-0.284,-0.524,0.585,0.515,-0.45,0.336,0.792,-0.386,-0.696,-0.108,-0.249,-0.399,-0.654,0.822,0.237,0.422,0.753,-0.667,0.85,-0.007,-0.25,0.312,0.485,-0.8,-0.404,-0.283,0.364,-0.674,-0.602,-0.527,0.645,0.761,0.17,-0.81,-0.547,-0.4,0.168,-0.652,-0.619,-0.233,0.554,-0.724,-0.7,0.749,-0.863,-0.156,0.915,-0.865,0.876,-0.699,0.702,-0.617,0.392,-0.765,0.241,-0.649,0.106,0.446,0.459,-0.568,0.777,0.559,-0.38,0.467,0.628,-0.205,-0.511,-0.043,0.916,0.549,-0.611,-0.883,-0.51,0.785,-0.739,-0.765,-0.784,0.691,0.741,-0.317,0.181,-0.629,-0.407,0.442,0.3,-0.577,0.218,0.681,-0.422,0.729,-0.205,-0.728,0.863,-0.18,-0.686,0.567,-0.669,0.793,0.548,0.89,-0.542,-0.59,0.422,0.382,-0.502,-0.53,-0.76,-0.361,-0.287,-0.825,-0.606,-0.828,-0.705,-0.669,0.463,0.855,-0.358,0.569,0.012,0.816,-0.286,-0.45,-0.632,0.864,-0.267,-0.703,-0.658,0.657,0.052,-0.015,-0.717,-0.321,-0.699,0.767,0.847,0.376,-0.751,-0.501,-0.443,0.099,0.485,-0.844,0.402,-0.086,-0.87,0.166,-0.829,-0.275,0.847,-0.599,-0.822,-0.527,-0.637,-0.411,0.819,0.452,-0.664,-0.53,0.34,0.062,-0.844,-0.869,0.932,-0.615,-0.469,0.627,0.833,0.487,0.561,-0.669,-0.42,0.132,0.264,-0.817,0.191,-0.495,0.766,-0.592,-0.689
AMAT,-0.258,0.425,0.79,0.737,0.221,-0.648,0.0,-0.423,0.386,0.381,0.367,0.909,0.744,0.819,0.068,0.367,0.21,-0.721,0.643,0.933,0.856,0.262,0.861,-0.711,-0.024,0.893,0.046,-0.572,0.536,0.948,0.452,0.588,0.895,0.593,-0.652,0.337,0.269,-0.787,0.878,-0.627,0.65,0.734,-0.344,-0.063,0.804,0.569,0.572,0.313,0.928,0.972,0.71,-0.495,-0.725,0.514,0.905,0.38,0.349,0.269,0.941,0.961,0.741,0.036,0.946,0.93,-0.825,0.771,0.677,-0.809,0.86,-0.754,0.803,-0.88,0.824,-0.774,0.818,0.313,0.953,0.332,-0.162,0.064,0.855,-0.891,-0.456,0.782,-0.377,-0.585,0.649,0.884,0.607,-0.721,-0.755,0.82,0.821,0.792,-0.678,0.922,0.913,0.812,-0.398,-0.9,0.782,0.435,0.77,0.806,-0.667,0.242,0.831,0.246,-0.333,0.696,-0.895,0.683,0.946,-0.333,0.75,0.979,0.049,0.633,-0.352,0.008,-0.577,0.46,0.393,0.156,0.208,0.924,0.894,0.839,0.749,0.662,0.722,0.961,0.84,0.86,0.625,-0.59,-0.712,0.823,-0.119,-0.14,-0.745,0.594,0.544,0.91,-0.848,0.618,0.957,0.573,-0.437,0.328,0.628,0.917,0.673,0.968,-0.811,-0.725,-0.415,0.839,0.936,0.817,0.459,-0.643,0.648,0.171,0.043,0.852,0.199,0.706,0.013,-0.696,0.952,0.938,0.782,0.552,0.924,-0.808,-0.205,0.978,0.943,0.259,0.366,0.665,0.627,-0.614,0.9,0.16,-0.345,-0.39,-0.545,-0.689,0.965,0.697,0.35,-0.352,0.938,-0.263,0.798,-0.398,0.952,0.921
AMED,0.617,0.108,-0.639,0.096,0.321,0.743,-0.423,0.0,-0.14,0.413,-0.414,-0.244,0.09,0.049,0.05,0.084,0.576,0.508,0.03,-0.498,-0.465,-0.193,-0.37,0.433,0.656,-0.188,0.466,0.476,-0.47,-0.436,-0.092,-0.03,-0.22,-0.476,0.735,0.417,0.529,0.667,-0.402,0.79,0.191,-0.014,0.439,0.679,-0.624,-0.318,-0.037,0.562,-0.538,-0.367,-0.404,0.745,0.714,0.364,-0.601,-0.679,-0.244,0.433,-0.419,-0.406,-0.097,0.599,-0.566,-0.441,0.625,-0.681,0.06,0.741,-0.677,0.742,-0.441,0.461,-0.388,0.175,-0.572,0.386,-0.385,0.334,0.503,0.716,-0.376,0.609,0.676,-0.261,0.399,0.433,0.049,-0.23,0.232,0.751,0.32,-0.367,-0.609,-0.325,0.715,-0.563,-0.55,-0.631,0.769,0.494,-0.075,0.373,-0.34,-0.273,0.128,0.473,-0.446,0.249,0.69,-0.106,0.516,-0.003,-0.576,0.737,0.023,-0.462,0.694,-0.532,0.871,0.643,0.69,-0.468,-0.672,0.617,0.57,-0.366,-0.278,-0.545,-0.102,-0.138,-0.755,-0.352,-0.691,-0.546,-0.663,0.475,0.761,-0.149,0.692,0.172,0.614,-0.021,-0.245,-0.281,0.674,-0.069,-0.489,-0.416,0.664,0.211,0.225,-0.438,-0.092,-0.491,0.615,0.677,0.49,-0.65,-0.267,-0.159,0.405,0.426,-0.605,0.615,0.178,-0.73,0.179,-0.625,-0.283,0.834,-0.4,-0.635,-0.292,-0.528,-0.164,0.679,0.36,-0.417,-0.26,0.583,0.271,-0.717,-0.844,0.754,-0.378,-0.299,0.735,0.805,0.359,0.428,-0.471,-0.27,0.405,0.219,-0.554,0.33,-0.333,0.669,-0.409,-0.555
AMRN,0.176,-0.107,0.542,0.176,-0.335,-0.3,0.386,-0.14,0.0,0.355,0.463,0.351,0.144,0.316,0.237,0.085,-0.043,-0.264,0.216,0.232,0.304,-0.417,0.043,-0.069,-0.063,0.233,0.287,-0.298,0.263,0.331,0.663,-0.071,0.399,0.601,0.099,-0.007,-0.044,-0.289,0.438,-0.113,0.46,0.165,0.184,-0.194,0.199,0.281,0.427,0.08,0.267,0.298,0.454,-0.174,-0.195,-0.019,0.442,0.36,0.701,0.484,0.227,0.549,-0.103,-0.249,0.453,0.204,-0.117,0.567,0.274,-0.261,0.451,-0.082,0.574,-0.189,0.412,-0.027,0.482,0.134,0.503,-0.076,-0.364,0.001,0.14,-0.141,-0.189,0.503,0.532,-0.501,0.01,0.165,0.173,-0.363,-0.035,0.094,0.502,0.692,-0.118,0.472,0.355,0.302,-0.103,-0.243,0.471,0.01,0.168,0.458,0.216,-0.159,0.132,0.653,-0.132,0.218,-0.129,0.465,0.419,-0.394,0.114,0.36,0.169,-0.112,-0.153,-0.099,-0.343,0.827,0.594,-0.204,-0.206,0.205,0.134,0.655,-0.042,0.731,0.431,0.309,0.513,0.562,0.684,0.167,-0.326,-0.045,-0.044,0.351,-0.059,0.41,-0.231,0.403,-0.293,0.457,0.494,0.259,-0.158,0.515,0.081,0.31,0.579,0.486,-0.133,-0.434,-0.042,0.315,0.431,0.693,-0.112,-0.015,0.289,-0.058,0.297,0.352,0.203,0.64,0.616,-0.226,0.41,0.38,0.523,0.737,0.287,-0.151,0.415,0.431,0.275,0.11,0.497,0.369,0.287,-0.343,0.611,0.654,-0.371,0.018,0.305,-0.035,0.362,0.489,-0.1,0.335,0.432,0.203,0.461,-0.525,0.339,0.334
ANGI,0.55,0.361,0.182,0.702,0.415,0.077,0.381,0.413,0.355,0.0,-0.148,0.486,0.675,0.653,0.211,0.452,0.534,0.022,0.562,0.327,0.219,-0.155,0.202,-0.222,0.666,0.533,0.609,-0.152,-0.112,0.39,0.43,0.344,0.401,0.191,0.238,0.484,0.578,0.072,0.337,0.219,0.63,0.638,0.396,0.499,-0.016,-0.09,0.684,0.73,0.098,0.43,0.223,0.318,0.038,0.7,0.189,-0.258,0.124,0.589,0.283,0.42,0.333,0.41,0.232,0.339,-0.001,0.079,0.585,-0.0,0.103,0.098,0.27,-0.241,0.39,-0.413,0.104,0.641,0.486,0.495,0.263,0.66,0.246,-0.142,0.004,0.393,0.172,-0.216,0.589,0.401,0.682,0.035,-0.325,0.255,0.175,0.513,0.149,0.182,0.219,-0.049,0.418,-0.324,0.672,0.573,0.223,0.398,-0.33,0.581,0.138,0.55,0.194,0.554,-0.211,0.535,0.183,0.245,0.491,0.307,0.669,-0.135,0.496,0.509,0.085,0.097,-0.174,0.552,0.557,0.288,0.411,0.269,0.457,0.458,-0.145,0.382,0.061,0.226,0.042,0.008,0.019,0.388,0.361,-0.031,-0.014,0.557,0.083,0.441,-0.08,0.656,0.321,-0.037,0.326,0.557,0.621,0.423,0.439,0.343,-0.058,0.003,0.099,0.129,0.492,0.539,0.507,-0.04,-0.031,0.624,0.294,-0.034,0.293,0.141,-0.063,0.26,0.43,0.179,0.422,0.094,0.596,0.042,0.349,0.395,0.504,0.733,0.719,-0.035,-0.219,0.115,0.403,0.081,0.356,0.467,-0.019,0.025,0.284,0.361,0.686,-0.093,0.263,0.357,0.426,0.097,0.335,0.227
APA,-0.4,-0.243,0.461,-0.095,-0.417,-0.216,0.367,-0.414,0.463,-0.148,0.0,0.2,0.015,0.13,0.251,-0.036,-0.101,-0.397,-0.054,0.198,0.264,-0.352,0.322,-0.194,-0.208,0.146,-0.01,0.024,0.748,0.269,0.661,-0.047,0.485,0.257,-0.16,-0.117,-0.056,-0.391,0.453,-0.266,0.327,0.057,-0.221,-0.525,0.248,0.307,0.08,-0.111,0.471,0.285,0.412,-0.622,-0.33,-0.032,0.403,0.49,0.406,0.048,0.273,0.455,0.143,-0.316,0.571,0.18,-0.229,0.5,0.104,-0.263,0.416,-0.277,0.336,-0.236,0.27,-0.058,0.469,-0.041,0.355,-0.298,-0.411,-0.349,0.354,-0.279,-0.402,0.511,0.209,-0.109,-0.082,0.128,-0.053,-0.365,-0.025,0.117,0.324,0.458,-0.205,0.528,0.426,0.523,-0.457,-0.154,0.217,-0.116,0.223,0.39,0.266,-0.279,0.419,0.49,-0.224,-0.018,-0.177,0.174,0.535,-0.26,0.128,0.332,-0.001,0.151,-0.409,-0.315,-0.29,0.598,0.753,-0.339,-0.327,0.343,0.125,0.513,0.006,0.63,0.651,0.263,0.549,0.65,0.653,-0.085,-0.395,0.092,-0.316,0.011,-0.042,0.136,-0.219,0.225,-0.273,0.249,0.484,0.052,-0.415,0.275,0.046,0.193,0.387,0.458,-0.226,-0.347,-0.318,0.455,0.308,0.403,-0.114,-0.214,0.206,-0.35,-0.097,0.488,0.109,0.418,0.347,-0.523,0.399,0.403,0.499,0.57,0.187,-0.234,0.235,0.345,0.167,-0.241,0.139,0.338,0.495,-0.254,0.521,0.213,-0.658,-0.16,0.136,-0.218,0.401,0.38,-0.319,0.244,0.312,-0.152,0.275,-0.352,0.48,0.482
APOG,0.015,0.645,0.754,0.845,0.271,-0.551,0.909,-0.244,0.351,0.486,0.2,0.0,0.789,0.856,0.262,0.419,0.303,-0.593,0.843,0.868,0.817,0.392,0.74,-0.588,0.153,0.872,0.215,-0.565,0.241,0.942,0.356,0.685,0.858,0.669,-0.519,0.494,0.359,-0.619,0.776,-0.427,0.669,0.714,-0.148,0.164,0.775,0.393,0.609,0.385,0.807,0.913,0.586,-0.251,-0.504,0.633,0.85,0.158,0.49,0.472,0.897,0.909,0.629,0.15,0.825,0.849,-0.688,0.711,0.736,-0.684,0.813,-0.629,0.831,-0.739,0.888,-0.656,0.769,0.385,0.887,0.519,-0.118,0.257,0.741,-0.74,-0.228,0.681,-0.276,-0.557,0.801,0.897,0.788,-0.606,-0.592,0.817,0.79,0.717,-0.529,0.786,0.779,0.74,-0.109,-0.784,0.744,0.554,0.678,0.673,-0.646,0.35,0.668,0.233,-0.112,0.729,-0.758,0.724,0.798,-0.234,0.758,0.882,0.208,0.599,-0.157,0.191,-0.45,0.406,0.261,0.259,0.305,0.808,0.848,0.804,0.728,0.678,0.584,0.887,0.689,0.721,0.556,-0.388,-0.521,0.757,0.076,-0.085,-0.7,0.78,0.652,0.907,-0.72,0.712,0.876,0.695,-0.208,0.292,0.583,0.886,0.692,0.899,-0.652,-0.646,-0.121,0.69,0.94,0.843,0.409,-0.499,0.683,0.388,0.189,0.72,0.241,0.649,0.145,-0.494,0.847,0.806,0.737,0.558,0.902,-0.647,-0.143,0.89,0.956,0.463,0.407,0.646,0.448,-0.56,0.866,0.237,-0.118,-0.235,-0.411,-0.48,0.875,0.769,0.52,-0.27,0.877,-0.07,0.814,-0.394,0.848,0.75
APPS,0.116,0.497,0.437,0.859,0.677,-0.182,0.744,0.09,0.144,0.675,0.015,0.789,0.0,0.901,0.203,0.716,0.675,-0.268,0.833,0.711,0.572,0.275,0.752,-0.524,0.546,0.928,0.489,-0.223,0.183,0.745,0.328,0.839,0.734,0.299,-0.222,0.575,0.571,-0.302,0.659,-0.232,0.776,0.917,0.073,0.464,0.506,0.311,0.732,0.79,0.607,0.828,0.265,0.037,-0.386,0.833,0.54,-0.161,0.041,0.498,0.761,0.699,0.822,0.466,0.604,0.753,-0.456,0.336,0.9,-0.364,0.457,-0.345,0.478,-0.675,0.698,-0.793,0.355,0.758,0.774,0.718,0.362,0.484,0.761,-0.585,-0.26,0.535,-0.284,-0.237,0.896,0.84,0.866,-0.241,-0.693,0.775,0.468,0.51,-0.179,0.521,0.64,0.373,0.066,-0.633,0.83,0.693,0.56,0.671,-0.716,0.761,0.688,0.224,-0.034,0.848,-0.633,0.68,0.543,0.13,0.916,0.695,0.489,0.469,0.233,0.355,-0.136,-0.004,-0.118,0.642,0.674,0.723,0.876,0.467,0.862,0.446,0.197,0.791,0.354,0.476,0.194,-0.368,-0.207,0.863,0.228,-0.285,-0.396,0.693,0.483,0.792,-0.415,0.708,0.611,0.263,0.137,0.439,0.826,0.721,0.508,0.687,-0.391,-0.32,-0.158,0.533,0.823,0.64,0.657,-0.567,0.291,0.633,0.327,0.364,0.205,0.287,-0.249,-0.141,0.771,0.558,0.651,0.093,0.9,-0.362,-0.092,0.722,0.864,0.717,0.681,0.226,0.102,-0.175,0.573,-0.112,0.258,0.113,-0.563,-0.365,0.723,0.541,0.834,-0.54,0.621,-0.009,0.694,-0.021,0.76,0.642
ARCB,0.156,0.573,0.521,0.863,0.513,-0.244,0.819,0.049,0.316,0.653,0.13,0.856,0.901,0.0,0.209,0.556,0.636,-0.397,0.799,0.718,0.655,0.256,0.731,-0.499,0.415,0.891,0.398,-0.292,0.216,0.779,0.357,0.7,0.84,0.434,-0.249,0.7,0.58,-0.436,0.677,-0.226,0.792,0.804,-0.048,0.438,0.568,0.415,0.61,0.717,0.688,0.847,0.416,-0.003,-0.399,0.78,0.629,-0.032,0.271,0.583,0.816,0.819,0.76,0.41,0.675,0.756,-0.524,0.437,0.833,-0.444,0.551,-0.352,0.607,-0.673,0.74,-0.764,0.508,0.629,0.826,0.7,0.154,0.485,0.717,-0.596,-0.135,0.611,-0.183,-0.354,0.798,0.882,0.879,-0.322,-0.616,0.755,0.535,0.602,-0.271,0.643,0.647,0.505,0.061,-0.671,0.813,0.714,0.534,0.728,-0.668,0.645,0.638,0.366,0.063,0.772,-0.655,0.792,0.636,0.088,0.871,0.792,0.471,0.435,0.17,0.409,-0.143,0.181,0.005,0.588,0.621,0.794,0.848,0.585,0.776,0.617,0.301,0.845,0.482,0.558,0.324,-0.327,-0.257,0.833,0.333,-0.033,-0.47,0.67,0.488,0.848,-0.488,0.652,0.727,0.441,0.027,0.478,0.808,0.744,0.654,0.758,-0.476,-0.418,-0.07,0.528,0.891,0.75,0.63,-0.543,0.376,0.622,0.232,0.455,0.366,0.378,-0.117,-0.227,0.798,0.636,0.709,0.273,0.907,-0.445,-0.052,0.811,0.9,0.716,0.56,0.263,0.128,-0.24,0.701,0.031,0.17,0.077,-0.441,-0.447,0.794,0.637,0.666,-0.355,0.687,-0.001,0.77,-0.094,0.771,0.655
ARCC,0.357,0.203,0.314,0.127,-0.011,0.082,0.068,0.05,0.237,0.211,0.251,0.262,0.203,0.209,0.0,0.392,0.271,0.222,0.427,-0.002,0.014,0.071,0.05,0.19,0.446,0.131,0.617,0.201,-0.178,0.14,0.237,0.335,0.237,0.39,0.214,0.233,0.08,0.208,0.065,0.163,0.298,0.226,0.468,0.224,0.148,-0.145,0.331,0.221,0.071,0.09,-0.211,0.186,0.121,0.277,0.1,-0.117,0.474,0.416,0.107,0.189,-0.051,0.047,0.1,-0.045,0.205,0.189,0.363,0.157,0.174,0.173,0.183,0.135,0.425,0.15,0.027,0.392,0.154,0.382,-0.104,0.032,0.125,0.176,-0.031,0.099,0.281,0.102,0.363,0.124,0.41,0.047,0.319,0.182,0.148,0.093,0.377,0.032,0.057,0.122,0.31,0.191,0.188,0.112,-0.124,0.003,0.214,0.247,0.034,0.323,0.122,0.218,0.168,0.216,-0.013,0.051,0.148,0.021,0.349,0.084,0.214,0.212,0.183,0.22,0.165,0.095,0.094,-0.001,0.09,0.236,0.033,0.306,0.075,0.016,0.012,0.091,0.334,0.348,0.163,0.003,0.065,-0.036,0.141,0.571,0.15,0.157,0.162,0.548,0.137,0.2,0.382,0.258,-0.066,0.098,0.188,0.159,0.291,-0.147,0.389,0.122,0.242,0.274,-0.265,-0.05,0.226,0.285,0.436,-0.031,0.184,0.126,0.507,0.11,0.098,-0.004,0.328,0.308,0.107,0.292,0.321,0.022,0.146,0.363,0.394,0.128,-0.052,-0.101,0.18,0.386,0.17,0.273,0.192,0.467,0.126,0.505,0.292,0.068,0.077,0.503,0.464,-0.315,0.127,0.076
ARVN,0.21,0.18,0.343,0.464,0.689,-0.079,0.367,0.084,0.085,0.452,-0.036,0.419,0.716,0.556,0.392,0.0,0.606,0.17,0.641,0.388,0.237,0.231,0.499,-0.225,0.642,0.646,0.703,0.12,-0.04,0.406,0.128,0.747,0.366,0.249,0.033,0.359,0.215,0.076,0.326,-0.141,0.517,0.78,0.414,0.485,0.359,0.165,0.629,0.66,0.304,0.485,-0.193,0.263,-0.245,0.497,0.239,-0.307,-0.02,0.397,0.471,0.362,0.527,0.342,0.292,0.445,-0.127,0.19,0.824,-0.08,0.265,-0.054,0.187,-0.407,0.579,-0.464,0.012,0.82,0.459,0.701,0.429,0.227,0.553,-0.276,-0.344,0.209,-0.171,0.07,0.682,0.56,0.64,-0.031,-0.388,0.646,0.313,0.216,0.145,0.173,0.41,0.093,0.13,-0.255,0.547,0.383,0.161,0.496,-0.382,0.78,0.532,0.066,-0.164,0.742,-0.268,0.479,0.161,0.052,0.654,0.358,0.447,0.405,0.308,0.205,0.059,-0.078,-0.118,0.538,0.556,0.3,0.6,0.242,0.594,0.113,0.012,0.448,0.091,0.178,0.193,-0.013,0.026,0.532,0.097,-0.261,-0.065,0.568,0.296,0.567,-0.088,0.6,0.264,0.101,0.454,0.447,0.496,0.433,0.104,0.363,-0.013,-0.236,0.09,0.372,0.524,0.311,0.246,-0.523,0.214,0.52,0.71,0.082,0.08,0.111,-0.06,0.074,0.432,0.25,0.552,-0.043,0.485,0.031,-0.082,0.345,0.488,0.593,0.702,0.056,-0.052,-0.179,0.174,0.121,0.406,0.184,-0.522,0.076,0.418,0.459,0.746,-0.628,0.321,0.355,0.618,-0.168,0.443,0.364
ATEC,0.368,0.37,-0.128,0.508,0.673,0.418,0.21,0.576,-0.043,0.534,-0.101,0.303,0.675,0.636,0.271,0.606,0.0,0.159,0.488,0.09,0.051,0.167,0.333,-0.062,0.76,0.466,0.596,0.364,-0.083,0.156,0.086,0.576,0.417,-0.159,0.302,0.721,0.717,0.21,0.117,0.297,0.638,0.58,0.204,0.784,0.004,0.127,0.307,0.898,0.14,0.294,-0.153,0.493,0.162,0.789,-0.079,-0.502,-0.181,0.542,0.287,0.189,0.56,0.734,0.032,0.189,0.064,-0.266,0.674,0.28,-0.154,0.284,-0.04,-0.15,0.216,-0.432,-0.192,0.767,0.22,0.775,0.594,0.696,0.305,0.017,0.218,0.205,-0.002,0.256,0.62,0.451,0.705,0.386,-0.195,0.338,-0.154,0.012,0.36,-0.0,0.056,-0.086,0.484,-0.019,0.428,0.68,0.065,0.325,-0.356,0.863,0.244,0.274,0.441,0.434,-0.071,0.447,-0.016,0.654,0.659,0.183,0.741,0.091,0.708,0.652,0.491,-0.376,-0.519,0.869,0.873,0.312,0.418,-0.105,0.479,0.147,-0.324,0.312,-0.229,-0.074,-0.262,0.051,0.414,0.537,0.633,-0.057,0.188,0.372,0.174,0.321,0.211,0.301,0.063,-0.078,0.546,0.356,0.719,0.125,0.185,0.125,0.181,0.251,0.21,-0.044,0.39,0.231,0.633,-0.261,-0.219,0.824,0.296,-0.228,0.304,-0.327,-0.405,0.387,0.247,-0.045,0.247,-0.348,0.449,0.217,0.103,0.184,0.378,0.842,0.521,-0.41,-0.503,0.398,0.068,-0.33,0.661,0.562,-0.223,0.026,0.216,0.222,0.754,-0.291,-0.004,0.122,0.307,0.448,0.252,0.079
ATXS,0.522,-0.359,-0.601,-0.45,0.265,0.582,-0.721,0.508,-0.264,0.022,-0.397,-0.593,-0.268,-0.397,0.222,0.17,0.159,0.0,-0.189,-0.698,-0.742,-0.142,-0.512,0.613,0.482,-0.469,0.432,0.575,-0.531,-0.647,-0.36,-0.107,-0.701,-0.411,0.685,-0.127,-0.208,0.854,-0.536,0.498,-0.293,-0.202,0.75,0.348,-0.571,-0.489,-0.036,0.103,-0.736,-0.658,-0.871,0.645,0.523,-0.135,-0.686,-0.411,-0.26,-0.093,-0.669,-0.684,-0.41,0.038,-0.738,-0.675,0.808,-0.58,-0.189,0.728,-0.689,0.75,-0.719,0.627,-0.45,0.459,-0.815,0.209,-0.58,0.107,0.27,0.146,-0.435,0.725,0.172,-0.762,0.281,0.666,-0.173,-0.571,-0.207,0.599,0.469,-0.392,-0.583,-0.664,0.842,-0.789,-0.598,-0.701,0.433,0.745,-0.323,-0.346,-0.489,-0.641,0.422,0.188,-0.544,-0.098,0.138,-0.098,0.729,-0.425,-0.825,0.311,-0.275,-0.709,0.248,-0.393,0.534,0.224,0.532,-0.492,-0.387,0.209,0.155,-0.705,-0.479,-0.636,-0.238,-0.512,-0.69,-0.695,-0.69,-0.736,-0.491,0.511,0.771,-0.444,0.063,0.024,0.682,-0.13,-0.228,-0.555,0.805,-0.137,-0.763,-0.481,0.777,-0.063,-0.294,-0.684,-0.546,-0.708,0.85,0.602,0.484,-0.51,-0.615,-0.613,-0.353,0.346,-0.483,0.11,0.376,-0.813,0.017,-0.574,-0.04,0.714,-0.65,-0.72,-0.41,-0.527,-0.589,0.826,0.246,-0.704,-0.615,0.118,0.114,-0.603,-0.615,0.539,-0.739,0.015,0.575,0.524,0.252,0.72,-0.67,-0.495,0.118,0.007,-0.679,0.542,-0.34,0.237,-0.679,-0.613
AVAV,0.266,0.602,0.55,0.79,0.495,-0.285,0.643,0.03,0.216,0.562,-0.054,0.843,0.833,0.799,0.427,0.641,0.488,-0.189,0.0,0.638,0.531,0.415,0.571,-0.367,0.463,0.801,0.511,-0.359,-0.103,0.752,0.169,0.81,0.622,0.609,-0.219,0.581,0.359,-0.226,0.551,-0.171,0.63,0.727,0.235,0.458,0.603,0.208,0.697,0.569,0.511,0.717,0.154,0.116,-0.281,0.679,0.591,-0.171,0.402,0.589,0.707,0.668,0.522,0.279,0.538,0.633,-0.365,0.467,0.815,-0.387,0.567,-0.333,0.569,-0.512,0.808,-0.531,0.42,0.601,0.694,0.727,0.102,0.427,0.6,-0.446,-0.1,0.366,-0.162,-0.33,0.891,0.778,0.885,-0.328,-0.451,0.755,0.59,0.442,-0.153,0.449,0.551,0.434,0.194,-0.515,0.654,0.563,0.43,0.475,-0.56,0.608,0.477,0.141,0.021,0.806,-0.482,0.651,0.445,-0.056,0.755,0.609,0.398,0.492,0.18,0.365,-0.202,0.142,0.004,0.471,0.497,0.533,0.74,0.56,0.713,0.466,0.234,0.666,0.359,0.392,0.349,-0.133,-0.148,0.631,0.219,-0.156,-0.467,0.854,0.639,0.772,-0.389,0.753,0.569,0.574,0.238,0.292,0.533,0.674,0.524,0.637,-0.28,-0.446,0.171,0.469,0.781,0.646,0.305,-0.428,0.523,0.593,0.498,0.369,0.249,0.423,0.131,-0.115,0.601,0.498,0.613,0.307,0.744,-0.287,-0.074,0.635,0.8,0.678,0.582,0.41,0.119,-0.342,0.557,0.215,0.264,0.044,-0.381,-0.107,0.642,0.631,0.756,-0.396,0.634,0.222,0.745,-0.304,0.615,0.488
AXON,-0.283,0.457,0.778,0.738,0.295,-0.765,0.933,-0.498,0.232,0.327,0.198,0.868,0.711,0.718,-0.002,0.388,0.09,-0.698,0.638,0.0,0.875,0.38,0.829,-0.776,-0.087,0.861,-0.059,-0.688,0.427,0.938,0.288,0.636,0.777,0.598,-0.769,0.221,0.161,-0.782,0.829,-0.728,0.464,0.686,-0.35,-0.071,0.84,0.476,0.531,0.203,0.877,0.94,0.656,-0.477,-0.735,0.416,0.893,0.323,0.247,0.156,0.939,0.873,0.703,-0.038,0.891,0.981,-0.862,0.76,0.621,-0.883,0.872,-0.859,0.798,-0.913,0.823,-0.779,0.794,0.213,0.911,0.329,-0.078,-0.039,0.828,-0.932,-0.5,0.682,-0.529,-0.634,0.664,0.883,0.553,-0.761,-0.803,0.855,0.846,0.712,-0.754,0.862,0.892,0.789,-0.433,-0.951,0.699,0.381,0.753,0.736,-0.762,0.221,0.824,-0.017,-0.409,0.709,-0.932,0.563,0.883,-0.444,0.664,0.922,-0.109,0.72,-0.434,-0.159,-0.65,0.36,0.314,0.076,0.131,0.863,0.894,0.787,0.733,0.479,0.703,0.936,0.799,0.799,0.566,-0.618,-0.773,0.801,-0.193,-0.206,-0.846,0.537,0.596,0.895,-0.904,0.55,0.896,0.589,-0.485,0.166,0.543,0.966,0.537,0.92,-0.871,-0.766,-0.421,0.811,0.864,0.708,0.411,-0.665,0.712,0.122,0.063,0.86,0.013,0.712,-0.025,-0.709,0.908,0.925,0.72,0.478,0.87,-0.853,-0.369,0.914,0.919,0.173,0.276,0.713,0.663,-0.706,0.802,0.138,-0.316,-0.528,-0.662,-0.696,0.91,0.644,0.372,-0.473,0.934,-0.242,0.739,-0.453,0.898,0.873
BANF,-0.272,0.534,0.74,0.657,0.142,-0.694,0.856,-0.465,0.304,0.219,0.264,0.817,0.572,0.655,0.014,0.237,0.051,-0.742,0.531,0.875,0.0,0.366,0.733,-0.614,-0.195,0.72,-0.116,-0.571,0.424,0.85,0.323,0.501,0.773,0.58,-0.669,0.206,0.15,-0.815,0.756,-0.628,0.448,0.508,-0.432,-0.084,0.83,0.438,0.351,0.112,0.854,0.831,0.688,-0.452,-0.628,0.329,0.853,0.313,0.375,0.258,0.857,0.835,0.594,-0.033,0.825,0.864,-0.84,0.718,0.498,-0.815,0.83,-0.778,0.875,-0.739,0.743,-0.545,0.887,0.068,0.818,0.263,-0.183,0.006,0.689,-0.83,-0.327,0.734,-0.365,-0.584,0.522,0.818,0.526,-0.687,-0.576,0.735,0.773,0.67,-0.731,0.83,0.76,0.804,-0.4,-0.848,0.614,0.369,0.648,0.694,-0.646,0.12,0.724,0.028,-0.28,0.543,-0.862,0.598,0.85,-0.397,0.553,0.874,-0.128,0.646,-0.429,-0.169,-0.59,0.443,0.376,0.019,0.071,0.814,0.722,0.757,0.571,0.569,0.729,0.884,0.779,0.785,0.571,-0.527,-0.715,0.67,-0.067,0.004,-0.775,0.436,0.497,0.839,-0.848,0.394,0.853,0.636,-0.524,0.149,0.482,0.872,0.582,0.857,-0.83,-0.744,-0.317,0.69,0.827,0.713,0.366,-0.49,0.731,0.12,-0.012,0.839,-0.037,0.681,0.097,-0.678,0.834,0.865,0.61,0.571,0.757,-0.803,-0.389,0.84,0.84,0.147,0.164,0.649,0.628,-0.677,0.811,0.154,-0.347,-0.524,-0.472,-0.695,0.818,0.658,0.253,-0.167,0.855,-0.272,0.674,-0.414,0.808,0.763
BATRK,-0.051,0.573,0.14,0.324,0.38,-0.284,0.262,-0.193,-0.417,-0.155,-0.352,0.392,0.275,0.256,0.071,0.231,0.167,-0.142,0.415,0.38,0.366,0.0,0.397,-0.22,-0.024,0.324,-0.153,-0.238,-0.212,0.365,-0.589,0.57,0.159,0.187,-0.516,0.313,0.019,-0.258,0.082,-0.328,-0.026,0.203,-0.255,0.331,0.573,0.216,-0.062,-0.0,0.347,0.313,-0.044,0.084,-0.161,0.223,0.29,-0.107,-0.041,-0.127,0.451,0.155,0.363,0.167,0.142,0.382,-0.422,0.116,0.297,-0.336,0.291,-0.368,0.219,-0.322,0.341,-0.267,0.182,0.034,0.17,0.503,0.127,0.074,0.329,-0.334,0.088,-0.057,-0.633,-0.077,0.514,0.492,0.358,-0.212,-0.267,0.565,0.257,-0.185,-0.338,0.146,0.219,0.349,0.002,-0.286,0.008,0.192,0.286,0.01,-0.562,0.24,0.254,-0.588,0.001,0.308,-0.372,0.132,0.152,-0.051,0.347,0.336,-0.183,0.645,-0.085,0.18,-0.067,-0.303,-0.25,0.25,0.285,0.338,0.439,0.035,0.432,-0.257,0.098,0.359,0.114,-0.068,-0.035,-0.274,-0.066,0.446,0.124,-0.069,-0.519,0.244,0.78,0.316,-0.303,-0.004,0.165,0.582,0.004,-0.437,0.132,0.302,-0.136,0.199,-0.314,-0.222,0.136,0.205,0.308,-0.019,0.125,-0.313,0.431,0.288,0.044,0.265,0.083,0.028,-0.189,-0.205,0.156,0.261,0.028,-0.125,0.268,-0.343,-0.597,0.231,0.395,0.177,-0.273,0.26,0.109,-0.32,0.029,-0.093,0.252,-0.353,-0.544,-0.248,0.301,0.181,0.325,-0.442,0.293,-0.129,0.293,-0.081,0.215,0.148
BIDU,-0.376,0.307,0.596,0.593,0.482,-0.524,0.861,-0.37,0.043,0.202,0.322,0.74,0.752,0.731,0.05,0.499,0.333,-0.512,0.571,0.829,0.733,0.397,0.0,-0.694,0.068,0.858,0.052,-0.297,0.565,0.808,0.248,0.717,0.77,0.316,-0.64,0.296,0.202,-0.65,0.801,-0.676,0.55,0.748,-0.342,0.018,0.791,0.564,0.46,0.351,0.89,0.879,0.399,-0.437,-0.746,0.52,0.735,0.25,0.036,0.076,0.889,0.76,0.912,0.09,0.813,0.863,-0.759,0.575,0.668,-0.687,0.687,-0.708,0.538,-0.866,0.694,-0.811,0.587,0.385,0.808,0.411,0.048,-0.014,0.965,-0.86,-0.527,0.559,-0.59,-0.243,0.663,0.861,0.548,-0.588,-0.791,0.886,0.642,0.462,-0.529,0.762,0.869,0.742,-0.478,-0.767,0.674,0.349,0.739,0.682,-0.751,0.396,0.94,-0.003,-0.418,0.729,-0.858,0.501,0.795,-0.198,0.811,0.876,0.008,0.803,-0.298,-0.022,-0.462,0.109,0.227,0.299,0.345,0.879,0.9,0.587,0.854,0.389,0.61,0.879,0.68,0.669,0.392,-0.682,-0.538,0.913,-0.179,-0.308,-0.664,0.433,0.581,0.802,-0.692,0.462,0.765,0.415,-0.309,0.202,0.661,0.764,0.419,0.802,-0.691,-0.577,-0.454,0.814,0.803,0.518,0.494,-0.773,0.538,0.171,0.072,0.718,0.079,0.451,-0.263,-0.643,0.842,0.827,0.667,0.224,0.804,-0.711,-0.455,0.826,0.832,0.228,0.284,0.458,0.538,-0.492,0.632,-0.092,-0.192,-0.39,-0.777,-0.705,0.884,0.492,0.423,-0.588,0.778,-0.334,0.69,-0.229,0.879,0.885
BLNE,0.395,-0.242,-0.548,-0.492,-0.25,0.585,-0.711,0.433,-0.069,-0.222,-0.194,-0.588,-0.524,-0.499,0.19,-0.225,-0.062,0.613,-0.367,-0.776,-0.614,-0.22,-0.694,0.0,0.141,-0.662,0.182,0.561,-0.409,-0.705,-0.251,-0.354,-0.579,-0.31,0.656,-0.095,-0.151,0.617,-0.645,0.627,-0.269,-0.529,0.403,0.178,-0.58,-0.387,-0.417,-0.148,-0.656,-0.733,-0.55,0.499,0.66,-0.323,-0.657,-0.296,0.029,0.087,-0.715,-0.629,-0.623,0.063,-0.707,-0.772,0.73,-0.525,-0.376,0.722,-0.622,0.748,-0.512,0.813,-0.556,0.754,-0.544,-0.119,-0.688,-0.133,0.013,0.12,-0.671,0.811,0.494,-0.518,0.548,0.48,-0.469,-0.645,-0.299,0.604,0.764,-0.611,-0.601,-0.541,0.661,-0.67,-0.716,-0.59,0.45,0.814,-0.519,-0.269,-0.628,-0.595,0.665,-0.155,-0.673,0.055,0.399,-0.48,0.807,-0.353,-0.711,0.311,-0.497,-0.696,0.164,-0.54,0.412,0.204,0.545,-0.171,-0.199,-0.037,-0.081,-0.69,-0.721,-0.544,-0.594,-0.318,-0.529,-0.704,-0.589,-0.638,-0.356,0.66,0.692,-0.673,0.255,0.388,0.717,-0.296,-0.361,-0.614,0.742,-0.335,-0.667,-0.293,0.46,-0.062,-0.461,-0.728,-0.357,-0.687,0.74,0.546,0.543,-0.653,-0.596,-0.447,-0.388,0.606,-0.42,0.023,0.13,-0.673,0.095,-0.5,0.214,0.614,-0.725,-0.724,-0.489,-0.261,-0.682,0.75,0.298,-0.702,-0.681,-0.004,-0.144,-0.519,-0.553,0.473,-0.576,0.06,0.327,0.457,0.608,0.626,-0.711,-0.38,-0.215,0.5,-0.683,0.425,-0.45,0.229,-0.704,-0.71
BLNK,0.612,0.228,-0.181,0.39,0.578,0.515,-0.024,0.656,-0.063,0.666,-0.208,0.153,0.546,0.415,0.446,0.642,0.76,0.482,0.463,-0.087,-0.195,-0.024,0.068,0.141,0.0,0.31,0.846,0.419,-0.311,-0.001,0.113,0.447,0.124,-0.157,0.529,0.548,0.565,0.541,-0.037,0.492,0.532,0.537,0.617,0.714,-0.229,-0.168,0.452,0.819,-0.174,0.086,-0.37,0.607,0.338,0.676,-0.244,-0.608,-0.131,0.511,-0.006,0.005,0.264,0.595,-0.159,-0.032,0.405,-0.323,0.569,0.479,-0.292,0.49,-0.164,0.097,0.139,-0.169,-0.386,0.823,0.056,0.669,0.506,0.643,0.118,0.24,0.149,-0.021,0.172,0.394,0.534,0.164,0.616,0.458,0.001,0.144,-0.238,-0.02,0.626,-0.255,-0.101,-0.361,0.653,0.194,0.324,0.506,-0.104,0.08,-0.081,0.8,0.004,0.359,0.378,0.407,0.212,0.262,-0.266,0.586,0.46,-0.094,0.85,-0.154,0.801,0.656,0.546,-0.348,-0.469,0.742,0.722,-0.035,0.206,-0.186,0.339,0.067,-0.498,0.015,-0.392,-0.231,-0.268,0.289,0.53,0.255,0.463,-0.161,0.395,0.44,0.067,0.122,0.443,0.458,-0.121,-0.238,0.76,0.437,0.441,-0.003,0.035,-0.065,0.44,0.36,0.364,-0.148,0.169,0.113,0.359,-0.03,-0.315,0.736,0.495,-0.45,0.295,-0.349,-0.183,0.604,0.033,-0.267,0.231,-0.334,0.259,0.521,0.349,-0.047,0.163,0.811,0.652,-0.408,-0.576,0.455,-0.088,-0.13,0.708,0.768,-0.005,0.42,-0.035,0.165,0.766,-0.216,-0.184,0.508,0.227,0.324,0.036,-0.09
BTAI,-0.085,0.434,0.656,0.805,0.544,-0.45,0.893,-0.188,0.233,0.533,0.146,0.872,0.928,0.891,0.131,0.646,0.466,-0.469,0.801,0.861,0.72,0.324,0.858,-0.662,0.31,0.0,0.327,-0.4,0.348,0.888,0.335,0.781,0.812,0.463,-0.463,0.475,0.385,-0.535,0.786,-0.475,0.731,0.903,-0.092,0.224,0.716,0.488,0.709,0.582,0.79,0.945,0.427,-0.212,-0.619,0.678,0.747,0.086,0.159,0.36,0.896,0.846,0.831,0.269,0.795,0.889,-0.676,0.576,0.853,-0.618,0.693,-0.58,0.638,-0.831,0.811,-0.848,0.56,0.627,0.889,0.589,0.136,0.262,0.869,-0.793,-0.409,0.626,-0.41,-0.392,0.831,0.911,0.775,-0.507,-0.804,0.89,0.694,0.635,-0.439,0.73,0.827,0.593,-0.183,-0.801,0.814,0.574,0.689,0.781,-0.75,0.58,0.814,0.179,-0.254,0.843,-0.794,0.718,0.743,-0.135,0.894,0.864,0.282,0.626,-0.065,0.183,-0.375,0.192,0.113,0.443,0.487,0.823,0.957,0.667,0.886,0.514,0.452,0.906,0.6,0.653,0.415,-0.502,-0.468,0.9,0.023,-0.257,-0.612,0.682,0.569,0.901,-0.642,0.699,0.789,0.454,-0.097,0.401,0.752,0.863,0.544,0.845,-0.604,-0.556,-0.283,0.74,0.906,0.714,0.559,-0.706,0.507,0.422,0.297,0.624,0.23,0.513,-0.146,-0.43,0.878,0.773,0.769,0.291,0.947,-0.602,-0.205,0.87,0.939,0.524,0.568,0.471,0.38,-0.44,0.72,0.053,-0.002,-0.132,-0.665,-0.522,0.891,0.642,0.645,-0.584,0.814,-0.091,0.788,-0.25,0.879,0.812
BYND,0.562,0.074,0.1,0.299,0.389,0.336,0.046,0.466,0.287,0.609,-0.01,0.215,0.489,0.398,0.617,0.703,0.596,0.432,0.511,-0.059,-0.116,-0.153,0.052,0.182,0.846,0.327,0.0,0.351,-0.237,0.081,0.342,0.419,0.197,0.142,0.572,0.409,0.324,0.456,0.08,0.399,0.576,0.526,0.768,0.52,-0.1,-0.145,0.597,0.704,-0.092,0.129,-0.33,0.494,0.167,0.485,-0.076,-0.44,0.197,0.622,0.04,0.153,0.117,0.36,-0.007,-0.021,0.366,-0.038,0.61,0.365,-0.064,0.436,0.02,0.102,0.304,-0.053,-0.219,0.855,0.179,0.563,0.297,0.422,0.149,0.217,-0.021,0.077,0.381,0.234,0.455,0.156,0.579,0.273,0.076,0.184,0.008,0.159,0.601,-0.103,0.026,-0.234,0.526,0.179,0.4,0.356,-0.141,0.19,0.095,0.671,0.034,0.508,0.175,0.447,0.205,0.404,-0.148,0.296,0.407,-0.015,0.763,-0.135,0.632,0.474,0.353,0.029,-0.134,0.525,0.503,-0.088,0.183,0.083,0.244,0.286,-0.275,0.042,-0.199,-0.03,0.069,0.433,0.398,0.122,0.295,-0.038,0.377,0.578,-0.055,0.23,0.343,0.62,0.016,-0.102,0.72,0.653,0.299,0.072,0.181,0.081,0.453,0.09,0.392,-0.0,0.254,0.299,0.084,-0.07,-0.098,0.575,0.726,-0.299,0.268,-0.046,0.209,0.471,0.114,-0.148,0.406,0.014,0.231,0.491,0.44,0.041,0.171,0.709,0.812,-0.2,-0.383,0.197,0.077,0.243,0.509,0.677,0.088,0.513,0.066,0.357,0.651,-0.122,-0.022,0.66,0.396,-0.03,0.111,0.009
CAN,0.149,-0.284,-0.569,-0.398,0.105,0.792,-0.572,0.476,-0.298,-0.152,0.024,-0.565,-0.223,-0.292,0.201,0.12,0.364,0.575,-0.359,-0.688,-0.571,-0.238,-0.297,0.561,0.419,-0.4,0.351,0.0,-0.142,-0.661,-0.086,-0.163,-0.325,-0.621,0.684,0.079,0.154,0.621,-0.529,0.573,-0.018,-0.183,0.246,0.289,-0.561,-0.273,-0.325,0.241,-0.47,-0.538,-0.597,0.424,0.484,0.003,-0.71,-0.417,-0.391,0.035,-0.542,-0.548,-0.106,0.389,-0.58,-0.612,0.616,-0.687,-0.117,0.8,-0.7,0.719,-0.642,0.6,-0.507,0.377,-0.681,0.274,-0.581,0.049,0.355,0.136,-0.337,0.625,0.249,-0.331,0.33,0.777,-0.274,-0.43,-0.133,0.75,0.51,-0.412,-0.731,-0.55,0.742,-0.602,-0.57,-0.598,0.352,0.726,-0.324,-0.026,-0.575,-0.304,0.433,0.28,-0.291,0.124,0.339,-0.343,0.608,-0.193,-0.6,0.664,-0.149,-0.558,0.374,-0.375,0.556,0.3,0.746,-0.451,-0.361,0.311,0.279,-0.425,-0.46,-0.66,-0.288,-0.316,-0.574,-0.527,-0.654,-0.568,-0.488,0.335,0.708,-0.287,0.281,-0.028,0.77,-0.345,-0.427,-0.512,0.778,-0.281,-0.617,-0.621,0.558,0.14,-0.038,-0.643,-0.411,-0.601,0.706,0.64,0.236,-0.503,-0.439,-0.478,-0.026,0.253,-0.642,0.192,0.06,-0.685,0.065,-0.739,-0.224,0.597,-0.506,-0.661,-0.364,-0.55,-0.464,0.728,0.198,-0.605,-0.534,0.155,0.036,-0.751,-0.627,0.679,-0.594,-0.351,0.443,0.616,0.266,0.465,-0.534,-0.32,0.046,0.115,-0.714,0.178,-0.356,0.566,-0.465,-0.483
CCEC,-0.599,-0.261,0.38,0.034,-0.12,-0.386,0.536,-0.47,0.263,-0.112,0.748,0.241,0.183,0.216,-0.178,-0.04,-0.083,-0.531,-0.103,0.427,0.424,-0.212,0.565,-0.409,-0.311,0.348,-0.237,-0.142,0.0,0.398,0.512,0.082,0.494,0.054,-0.426,-0.192,-0.05,-0.614,0.641,-0.545,0.325,0.237,-0.461,-0.547,0.357,0.496,0.123,-0.063,0.614,0.456,0.527,-0.752,-0.599,0.011,0.488,0.564,0.036,-0.207,0.411,0.502,0.453,-0.274,0.667,0.434,-0.511,0.478,0.132,-0.483,0.441,-0.518,0.324,-0.515,0.198,-0.368,0.498,-0.032,0.478,-0.311,-0.225,-0.307,0.558,-0.569,-0.575,0.547,-0.193,-0.133,-0.017,0.27,-0.093,-0.503,-0.459,0.297,0.373,0.446,-0.456,0.639,0.611,0.558,-0.711,-0.443,0.344,-0.103,0.555,0.474,-0.128,-0.207,0.632,0.237,-0.438,0.152,-0.502,0.142,0.683,-0.315,0.295,0.523,-0.179,0.331,-0.53,-0.398,-0.483,0.386,0.576,-0.22,-0.194,0.556,0.354,0.454,0.309,0.44,0.655,0.468,0.65,0.706,0.449,-0.499,-0.569,0.385,-0.436,-0.074,-0.252,-0.009,-0.074,0.341,-0.498,0.114,0.547,-0.019,-0.602,0.201,0.315,0.355,0.321,0.542,-0.504,-0.356,-0.632,0.621,0.357,0.34,0.218,-0.392,0.206,-0.39,-0.255,0.619,0.013,0.412,-0.088,-0.676,0.572,0.593,0.464,0.344,0.362,-0.533,-0.111,0.522,0.314,-0.311,0.079,0.341,0.643,-0.311,0.522,-0.075,-0.678,-0.372,-0.269,-0.612,0.529,0.193,-0.213,-0.038,0.452,-0.444,0.215,-0.199,0.627,0.672
CDW,-0.179,0.498,0.819,0.745,0.253,-0.696,0.948,-0.436,0.331,0.39,0.269,0.942,0.745,0.779,0.14,0.406,0.156,-0.647,0.752,0.938,0.85,0.365,0.808,-0.705,-0.001,0.888,0.081,-0.661,0.398,0.0,0.368,0.651,0.813,0.67,-0.661,0.307,0.2,-0.717,0.849,-0.615,0.573,0.727,-0.215,-0.03,0.843,0.458,0.646,0.253,0.862,0.949,0.627,-0.43,-0.676,0.502,0.93,0.338,0.409,0.268,0.926,0.924,0.655,-0.008,0.91,0.915,-0.8,0.805,0.67,-0.827,0.892,-0.78,0.818,-0.849,0.877,-0.705,0.81,0.297,0.932,0.377,-0.181,0.072,0.818,-0.869,-0.431,0.683,-0.409,-0.586,0.735,0.878,0.642,-0.747,-0.723,0.853,0.874,0.746,-0.673,0.85,0.89,0.81,-0.33,-0.883,0.746,0.402,0.768,0.713,-0.668,0.241,0.768,0.122,-0.331,0.739,-0.854,0.638,0.883,-0.408,0.718,0.932,0.028,0.679,-0.355,-0.016,-0.62,0.433,0.384,0.118,0.17,0.837,0.882,0.852,0.761,0.622,0.701,0.919,0.805,0.818,0.637,-0.509,-0.679,0.772,-0.148,-0.182,-0.783,0.706,0.632,0.909,-0.84,0.677,0.912,0.656,-0.345,0.228,0.548,0.929,0.626,0.944,-0.766,-0.741,-0.281,0.84,0.912,0.779,0.344,-0.598,0.74,0.183,0.147,0.834,0.189,0.753,0.1,-0.659,0.906,0.912,0.756,0.577,0.896,-0.776,-0.235,0.933,0.944,0.265,0.367,0.752,0.645,-0.68,0.867,0.247,-0.289,-0.416,-0.538,-0.576,0.924,0.711,0.413,-0.38,0.948,-0.161,0.796,-0.493,0.902,0.855
CDXS,-0.084,-0.07,0.474,0.279,-0.238,-0.108,0.452,-0.092,0.663,0.43,0.661,0.356,0.328,0.357,0.237,0.128,0.086,-0.36,0.169,0.288,0.323,-0.589,0.248,-0.251,0.113,0.335,0.342,-0.086,0.512,0.368,0.0,0.014,0.568,0.287,0.105,0.003,0.263,-0.247,0.534,-0.034,0.566,0.345,0.082,-0.272,0.051,0.1,0.497,0.262,0.36,0.399,0.507,-0.378,-0.236,0.287,0.38,0.271,0.4,0.421,0.265,0.557,0.171,-0.073,0.541,0.27,-0.123,0.431,0.307,-0.179,0.347,-0.153,0.441,-0.227,0.345,-0.177,0.451,0.275,0.509,-0.146,-0.201,0.027,0.297,-0.248,-0.355,0.697,0.409,-0.27,0.135,0.194,0.237,-0.245,-0.136,0.066,0.326,0.742,-0.085,0.493,0.407,0.291,-0.137,-0.293,0.561,0.227,0.241,0.539,0.132,0.007,0.336,0.773,-0.101,0.197,-0.234,0.403,0.51,-0.107,0.245,0.355,0.324,-0.141,-0.091,-0.108,-0.247,0.635,0.52,-0.11,-0.101,0.34,0.202,0.57,0.115,0.818,0.446,0.344,0.437,0.686,0.531,-0.026,-0.365,0.152,-0.107,-0.102,0.03,0.336,-0.332,0.346,-0.255,0.573,0.534,-0.108,-0.215,0.648,0.298,0.371,0.634,0.536,-0.195,-0.272,-0.317,0.373,0.44,0.659,0.157,-0.088,0.087,-0.033,0.046,0.331,0.037,0.464,0.346,-0.243,0.546,0.377,0.553,0.58,0.429,-0.146,0.49,0.448,0.336,0.107,0.595,0.256,0.294,-0.143,0.662,0.193,-0.421,0.149,0.238,-0.127,0.382,0.474,0.065,0.266,0.363,0.024,0.348,-0.218,0.499,0.474
