,ABEO,ACHC,AGNCN,AKAM,AKRO,ALRM,AMAT,AMED,AMRN,ANGI,APA,APOG,APPS,ARCB,ARCC,ARVN,ATEC,ATXS,AVAV,AXON,BANF,BATRK,BIDU,BLNE,BLNK,BTAI,BYND,CAN,CCEC,CDW,CDXS,CELH,CGNX,CHKP,CHRS,CHRW,CIGI,CKPT,CMPR,COGT,CRNC,CRSP,CSTL,CTSH,CVGW,DGLY,DNLI,DOCU,DVAX,EBAY,EHTH,ERII,ESLT,EXPE,EXPO,FBIOP,FFBC,FFIN,FOXF,FWRD,GDS,GERN,GPRE,GRWG,GRYP,HEES,HELE,HIVE,HON,HRTX,HSTM,HURA,IART,IBKR,IBOC,IBRX,IDXX,INGN,INM,INVA,IQ,IRBT,KDP,KPTI,KTOS,KXIN,LAMR,LFUS,LGIH,LGMK,LKFN,LNW,LOPE,LPSN,LYFT,MGNX,MLCO,MNST,MODV,MSTR,MTCH,MYGN,MYRG,NCMI,NEXT,NFLX,NIU,NKTR,NRC,NTNX,NTRA,NVEE,NVMI,NWL,NWS,NXPI,OCGN,OCSL,OKTA,OLLI,OTLK,OXLC,PAA,PARA,PARAA,PDCO,PDFS,PFG,PGEN,PNFP,PODD,POWI,PSMT,PTC,PTEN,PVLA,RDNT,RDUS,RDWR,REGN,RNAC,ROCK,ROST,RRR,RSLS,RVMD,RYAAY,SAFT,SAGE,SAVA,SBGI,SFM,SFNC,SHYF,SIBN,SIFY,SIGI,SIMO,SITM,SLM,SNBR,SNDX,SNY,SPNS,SRRK,STRA,SUPN,SYRE,TCBK,TEAM,TECH,THRM,TLRY,TRMK,TROW,TSLA,TWST,TXN,UFPI,UNIT,UPWK,USLM,UTHR,VERB,VLY,VRNA,VRRM,VXRT,WAFD,WATT,WBA,WING,WIX,WTFC,WTW,XPEL,XRX,YMAB,ZG,ZLAB
ABEO,0.0,0.593,-0.013,0.078,0.27,0.563,-0.194,0.201,-0.361,-0.134,-0.497,-0.143,0.29,0.233,0.465,0.573,0.013,0.724,-0.363,0.466,0.318,0.177,0.277,0.504,0.558,0.546,0.491,0.677,-0.423,-0.067,0.566,0.502,0.314,0.516,0.487,-0.394,0.53,0.486,-0.428,0.409,-0.2,0.404,0.624,-0.308,0.569,-0.091,0.589,0.25,0.588,-0.048,-0.26,0.493,0.604,-0.563,0.62,0.619,0.038,0.447,0.524,0.154,0.08,0.477,-0.536,0.117,-0.489,-0.38,-0.424,0.347,-0.542,0.506,0.607,0.453,-0.584,-0.197,0.204,0.502,0.514,0.432,-0.564,-0.04,-0.388,-0.238,0.549,0.085,-0.267,0.178,0.468,-0.152,0.414,0.382,-0.013,-0.573,0.293,0.379,-0.394,0.489,-0.144,0.539,-0.436,0.515,-0.241,0.615,0.396,-0.586,-0.406,0.202,-0.059,0.303,0.353,0.513,0.488,0.34,-0.195,0.278,0.006,-0.377,0.631,0.458,0.469,0.572,0.5,0.278,-0.169,-0.152,0.021,0.533,0.545,0.471,0.475,0.039,0.501,0.054,-0.414,0.266,-0.275,0.525,0.12,-0.24,0.168,0.668,0.639,-0.429,-0.137,-0.361,-0.546,0.404,-0.36,0.496,0.388,-0.023,0.399,0.336,-0.645,-0.279,0.04,0.076,0.61,-0.482,-0.293,-0.171,-0.328,0.418,0.318,0.522,0.576,0.437,0.493,-0.572,0.404,0.485,0.531,-0.255,0.137,0.604,0.351,0.453,0.468,0.234,0.149,-0.426,0.42,-0.273,0.59,0.482,-0.258,-0.176,0.443,0.536,-0.268,0.09,-0.355,0.5,0.36,0.303,0.326,0.54,-0.385,0.565,0.356,0.519
ACHC,0.593,0.0,0.037,0.384,0.447,0.92,-0.488,0.46,-0.499,0.342,-0.812,-0.108,0.713,0.451,0.875,0.959,0.259,0.908,-0.021,0.757,0.731,0.586,0.607,0.273,0.71,0.942,0.87,0.846,-0.771,-0.064,0.949,0.93,0.628,0.799,0.951,-0.411,0.891,0.532,-0.61,0.787,0.058,0.789,0.912,-0.148,0.934,-0.098,0.926,0.702,0.955,0.395,-0.286,0.584,0.726,-0.615,0.895,0.88,0.398,0.882,0.853,0.47,0.3,0.898,-0.681,0.619,-0.714,-0.604,-0.157,0.731,-0.76,0.714,0.882,0.392,-0.619,0.01,0.466,0.948,0.94,0.782,-0.588,0.292,-0.394,-0.175,0.933,0.59,-0.235,0.34,0.677,-0.412,0.845,0.356,0.247,-0.231,0.455,0.832,-0.458,0.846,-0.076,0.921,-0.444,0.824,0.131,0.922,0.314,-0.745,-0.56,0.665,-0.154,0.552,0.54,0.836,0.831,0.497,-0.585,0.63,0.325,-0.64,0.926,0.808,0.922,0.936,0.812,0.151,-0.386,0.031,0.23,0.558,0.585,0.652,0.882,0.391,0.908,-0.327,-0.125,0.468,-0.747,0.852,0.502,-0.667,0.509,0.843,0.857,-0.447,0.113,-0.249,-0.704,0.877,-0.38,0.827,0.632,-0.156,0.539,0.588,-0.754,-0.224,0.307,0.012,0.879,-0.7,-0.663,-0.102,-0.46,0.813,0.353,0.875,0.816,0.615,0.914,-0.835,0.695,0.908,0.942,-0.314,0.43,0.896,0.711,0.653,0.891,0.042,0.328,-0.525,0.896,-0.371,0.86,0.843,-0.291,-0.136,0.692,0.948,-0.077,-0.001,-0.53,0.903,0.806,0.477,0.738,0.725,-0.746,0.948,0.798,0.882
AGNCN,-0.013,0.037,0.0,0.305,-0.694,0.003,0.159,0.029,-0.367,0.037,0.228,0.481,0.17,0.388,0.354,0.013,0.661,-0.048,0.198,0.289,-0.232,0.353,-0.145,-0.022,-0.251,0.042,-0.046,0.068,-0.048,0.33,0.029,0.149,0.065,0.257,0.072,0.23,0.262,-0.002,-0.306,0.008,-0.092,-0.248,0.18,0.193,-0.074,0.212,-0.062,-0.032,0.126,0.238,-0.061,0.394,0.207,0.299,0.111,0.249,0.105,0.161,0.338,0.539,-0.124,0.203,0.3,0.133,-0.077,0.559,0.259,-0.018,0.138,-0.396,0.161,-0.14,0.426,-0.368,-0.286,0.018,0.121,-0.039,0.358,-0.278,-0.373,-0.454,0.2,0.234,0.074,0.297,-0.265,0.276,0.437,-0.081,0.157,-0.072,0.011,-0.034,-0.202,0.017,0.007,-0.07,0.577,-0.192,0.263,0.013,0.566,-0.177,0.131,-0.135,-0.2,-0.256,-0.099,-0.164,-0.131,0.776,0.007,0.29,0.407,0.203,-0.062,0.427,0.107,-0.118,0.007,0.578,0.555,0.53,0.593,0.327,0.431,0.082,-0.015,0.418,0.17,0.046,-0.024,-0.117,0.096,0.022,0.255,0.138,-0.196,-0.265,-0.235,0.525,-0.028,0.377,0.31,0.022,-0.087,0.266,-0.214,-0.412,0.443,-0.121,0.26,0.483,-0.027,0.426,0.079,0.386,0.05,0.832,0.271,-0.102,-0.094,-0.233,-0.035,0.136,0.007,0.024,-0.354,-0.05,0.056,0.694,-0.182,-0.029,0.013,-0.117,-0.174,0.162,0.792,-0.225,-0.112,0.323,-0.093,-0.233,0.31,0.47,0.267,0.001,0.418,-0.403,-0.079,0.035,-0.117,0.199,0.114,0.26,-0.022,0.03,0.313,0.004
AKAM,0.078,0.384,0.305,0.0,-0.064,0.501,0.246,-0.006,0.178,0.733,-0.265,0.549,0.694,0.07,0.408,0.42,0.502,0.222,0.326,0.684,0.463,0.071,0.611,0.434,0.553,0.367,0.124,0.396,0.106,0.482,0.484,0.429,0.693,0.37,0.454,0.166,0.559,0.348,0.177,0.218,0.682,0.07,0.522,0.738,0.408,0.561,0.478,0.705,0.39,0.717,0.574,0.423,0.322,0.204,0.574,0.362,0.414,0.464,0.557,0.395,0.682,0.262,-0.321,0.429,-0.018,0.052,0.58,0.616,-0.184,0.46,0.491,0.563,0.187,0.525,0.538,0.454,0.501,0.378,-0.088,0.624,0.21,0.162,0.503,0.67,0.503,0.484,0.522,0.469,0.411,0.446,0.053,0.504,0.697,0.702,0.377,0.549,0.539,0.363,0.024,0.45,0.491,0.522,0.567,-0.375,-0.405,0.695,0.525,0.647,0.686,0.509,0.603,0.395,0.053,0.793,0.548,-0.123,0.358,0.39,0.591,0.239,0.247,-0.13,-0.023,0.598,0.605,0.254,0.429,0.672,0.282,0.377,0.623,0.186,0.231,0.827,-0.032,0.63,0.748,-0.337,0.636,0.444,0.074,0.05,0.262,0.6,-0.163,0.252,0.431,0.445,0.343,0.401,0.549,-0.164,-0.038,0.2,0.659,0.497,0.369,-0.271,0.109,0.388,0.116,0.507,0.687,0.425,0.21,0.67,0.414,-0.307,0.105,0.574,0.478,0.282,0.673,0.418,0.757,0.575,0.475,0.263,0.219,0.176,0.483,0.005,0.533,0.454,0.244,0.243,0.419,0.416,0.352,0.306,0.269,0.291,0.529,0.695,0.775,0.238,0.008,0.39,0.764,0.478
AKRO,0.27,0.447,-0.694,-0.064,0.0,0.476,-0.395,0.226,0.015,0.019,-0.595,-0.463,0.108,-0.093,0.18,0.469,-0.424,0.574,0.028,-0.002,0.551,0.147,0.293,0.123,0.58,0.446,0.569,0.4,-0.431,-0.33,0.412,0.311,0.155,0.179,0.428,-0.555,0.272,0.304,-0.132,0.522,0.041,0.665,0.228,-0.338,0.486,-0.179,0.515,0.405,0.373,0.01,-0.229,-0.002,0.132,-0.549,0.29,0.285,0.18,0.27,0.133,-0.306,0.129,0.302,-0.504,0.335,-0.297,-0.763,-0.413,0.377,-0.462,0.639,0.249,0.174,-0.654,0.248,0.423,0.471,0.328,0.522,-0.506,0.278,0.054,0.266,0.265,0.236,-0.276,-0.016,0.628,-0.577,0.065,0.116,0.081,-0.166,0.06,0.406,-0.085,0.444,-0.248,0.501,-0.679,0.584,-0.272,0.408,-0.381,-0.185,-0.284,0.368,-0.05,0.394,0.221,0.579,0.445,-0.424,-0.29,-0.023,-0.187,-0.443,0.589,0.108,0.337,0.601,0.477,-0.306,-0.649,-0.437,-0.392,-0.085,-0.126,0.159,0.529,-0.196,0.256,-0.28,-0.086,0.287,-0.551,0.344,0.114,-0.442,0.442,0.643,0.689,-0.506,0.152,-0.509,-0.521,0.488,-0.074,0.135,0.665,0.133,-0.157,0.424,-0.582,-0.455,0.239,-0.288,0.305,-0.643,-0.412,-0.665,-0.384,0.453,0.089,0.605,0.471,0.025,0.433,-0.369,0.687,0.487,0.387,-0.77,0.286,0.48,0.239,0.481,0.566,-0.189,-0.441,0.072,0.527,-0.388,0.448,0.628,-0.346,-0.633,0.095,0.521,-0.403,0.397,-0.299,0.493,0.439,0.011,0.185,0.212,-0.349,0.473,0.115,0.443
ALRM,0.563,0.92,0.003,0.501,0.476,0.0,-0.33,0.452,-0.374,0.411,-0.781,0.068,0.742,0.49,0.841,0.951,0.319,0.876,0.087,0.804,0.746,0.519,0.663,0.355,0.827,0.895,0.822,0.889,-0.647,0.108,0.946,0.916,0.762,0.826,0.921,-0.307,0.903,0.591,-0.504,0.791,0.249,0.803,0.904,0.043,0.916,0.027,0.933,0.815,0.907,0.586,-0.141,0.622,0.672,-0.479,0.912,0.891,0.51,0.906,0.894,0.518,0.405,0.82,-0.689,0.694,-0.606,-0.496,-0.08,0.846,-0.645,0.787,0.862,0.492,-0.586,0.167,0.609,0.939,0.934,0.834,-0.591,0.368,-0.225,0.008,0.883,0.661,-0.095,0.31,0.822,-0.265,0.79,0.461,0.35,-0.08,0.533,0.89,-0.257,0.87,0.002,0.911,-0.353,0.886,0.234,0.941,0.329,-0.648,-0.563,0.753,0.021,0.626,0.587,0.931,0.894,0.466,-0.448,0.724,0.467,-0.536,0.916,0.741,0.941,0.921,0.824,0.136,-0.389,0.152,0.323,0.453,0.621,0.7,0.847,0.449,0.916,-0.16,-0.093,0.627,-0.695,0.859,0.578,-0.631,0.645,0.884,0.832,-0.321,0.29,-0.074,-0.639,0.835,-0.166,0.792,0.711,-0.044,0.623,0.502,-0.662,-0.156,0.423,0.168,0.849,-0.694,-0.51,-0.039,-0.279,0.828,0.444,0.889,0.837,0.686,0.887,-0.781,0.661,0.938,0.938,-0.214,0.585,0.933,0.816,0.754,0.93,0.19,0.331,-0.362,0.902,-0.266,0.867,0.869,-0.146,-0.096,0.77,0.938,0.037,0.125,-0.405,0.912,0.833,0.616,0.83,0.771,-0.634,0.917,0.838,0.858
AMAT,-0.194,-0.488,0.159,0.246,-0.395,-0.33,0.0,-0.116,0.729,-0.112,0.7,0.603,-0.338,0.024,-0.455,-0.43,0.316,-0.419,0.097,-0.149,-0.462,-0.406,-0.195,0.149,-0.046,-0.598,-0.468,-0.113,0.674,0.803,-0.444,-0.502,0.171,-0.277,-0.518,0.558,-0.411,0.224,0.477,-0.444,0.577,-0.526,-0.383,0.604,-0.524,0.587,-0.455,0.037,-0.542,0.268,0.598,0.115,-0.585,0.729,-0.344,-0.384,0.136,-0.351,-0.215,-0.151,-0.024,-0.634,0.503,-0.031,0.825,0.711,0.138,0.021,0.736,-0.123,-0.468,0.138,0.572,0.462,0.002,-0.491,-0.438,-0.16,0.478,-0.113,0.473,0.55,-0.463,-0.006,0.629,-0.215,0.028,0.68,-0.478,0.344,0.065,0.417,-0.109,-0.262,0.757,-0.29,0.283,-0.532,0.532,-0.134,0.445,-0.362,0.363,0.516,0.474,-0.054,0.335,-0.084,-0.155,-0.267,-0.214,-0.094,0.936,-0.095,0.08,0.817,-0.425,-0.5,-0.377,-0.496,-0.376,0.117,0.613,0.525,0.38,-0.514,-0.003,-0.092,-0.612,-0.081,-0.359,0.856,0.094,0.168,0.746,-0.327,0.181,0.689,0.13,-0.321,-0.491,0.604,0.49,0.577,0.623,-0.691,0.783,-0.551,-0.049,0.31,0.095,-0.283,0.711,0.66,0.295,0.746,-0.566,0.523,0.95,0.438,0.775,-0.519,0.285,-0.493,-0.277,-0.163,-0.561,0.656,-0.634,-0.372,-0.488,0.654,0.315,-0.327,-0.059,0.139,-0.431,0.728,-0.017,0.671,-0.479,0.674,-0.354,-0.348,0.708,0.359,-0.044,-0.507,0.52,0.354,0.839,-0.416,-0.475,0.258,-0.075,-0.067,0.861,-0.496,-0.123,-0.576
AMED,0.201,0.46,0.029,-0.006,0.226,0.452,-0.116,0.0,-0.216,-0.151,-0.14,-0.043,0.078,0.594,0.427,0.478,0.437,0.459,0.141,0.315,0.046,0.645,-0.04,-0.0,0.238,0.3,0.581,0.582,-0.48,0.228,0.343,0.441,0.413,0.425,0.362,-0.289,0.278,0.563,-0.564,0.411,0.039,0.645,0.332,-0.273,0.286,-0.066,0.238,0.454,0.358,0.311,-0.301,0.451,-0.03,-0.083,0.224,0.404,0.114,0.365,0.434,0.256,-0.341,0.374,0.014,0.632,-0.121,-0.095,-0.38,0.454,-0.05,0.226,0.183,-0.067,-0.35,-0.123,-0.034,0.39,0.398,0.584,-0.083,-0.15,-0.32,0.277,0.325,0.321,-0.161,-0.213,0.278,-0.399,0.427,0.318,0.337,-0.212,-0.227,0.242,-0.159,0.225,-0.416,0.307,0.192,0.464,0.382,0.334,0.05,0.09,0.2,0.378,-0.452,-0.093,-0.144,0.328,0.333,0.274,-0.083,0.12,0.355,0.098,0.46,0.31,0.384,0.525,0.415,0.552,0.076,0.155,0.274,-0.081,0.374,-0.069,0.438,0.138,0.31,-0.044,-0.051,-0.006,-0.433,0.131,0.321,0.004,0.154,0.251,0.528,0.164,0.592,-0.143,0.043,0.369,-0.124,0.107,0.466,-0.375,0.389,0.58,-0.211,0.266,0.124,0.259,0.173,-0.057,-0.21,0.073,0.241,0.07,-0.063,0.305,0.67,-0.014,0.275,-0.09,0.069,0.328,0.37,-0.018,0.223,0.314,0.145,0.262,0.333,0.293,0.412,-0.157,0.305,0.096,0.155,0.247,0.098,0.088,0.524,0.379,0.14,-0.094,-0.181,0.63,0.175,0.095,0.179,0.644,-0.208,0.349,0.36,0.131
AMRN,-0.361,-0.499,-0.367,0.178,0.015,-0.374,0.729,-0.216,0.0,0.103,0.451,0.321,-0.287,-0.428,-0.665,-0.442,-0.115,-0.47,0.008,-0.307,-0.221,-0.637,-0.014,0.141,0.085,-0.57,-0.481,-0.279,0.694,0.42,-0.428,-0.549,0.077,-0.537,-0.496,0.372,-0.516,0.08,0.769,-0.425,0.639,-0.418,-0.459,0.532,-0.459,0.458,-0.376,0.105,-0.575,0.152,0.712,-0.314,-0.66,0.481,-0.406,-0.592,0.022,-0.463,-0.457,-0.515,0.212,-0.709,0.225,-0.119,0.825,0.279,0.244,-0.006,0.508,0.129,-0.507,0.243,0.375,0.725,0.19,-0.442,-0.463,-0.195,0.263,0.292,0.763,0.773,-0.545,-0.059,0.573,-0.168,0.12,0.496,-0.672,0.258,-0.157,0.565,-0.006,-0.154,0.894,-0.256,0.406,-0.451,0.144,-0.083,0.27,-0.335,-0.098,0.532,0.241,0.092,0.546,0.206,0.032,-0.18,-0.088,-0.611,0.746,-0.141,-0.228,0.499,-0.377,-0.724,-0.374,-0.465,-0.393,-0.439,0.086,0.133,-0.067,-0.625,-0.439,-0.126,-0.511,-0.383,-0.404,0.578,0.201,0.281,0.569,-0.262,0.131,0.38,0.247,-0.159,-0.425,0.183,0.342,0.359,0.345,-0.617,0.813,-0.642,0.04,0.665,-0.272,-0.37,0.49,0.226,0.4,0.336,-0.593,0.197,0.766,-0.089,0.497,-0.318,0.35,-0.305,-0.351,-0.201,-0.493,0.586,-0.366,-0.283,-0.467,0.139,0.418,-0.369,-0.026,0.125,-0.272,0.296,-0.567,0.802,-0.32,0.246,-0.238,-0.168,0.385,0.135,-0.335,-0.463,0.163,0.54,0.876,-0.466,-0.274,0.061,-0.114,-0.411,0.764,-0.491,-0.217,-0.463
ANGI,-0.134,0.342,0.037,0.733,0.019,0.411,-0.112,-0.151,0.103,0.0,-0.429,0.321,0.827,-0.077,0.328,0.398,0.164,0.089,0.214,0.612,0.658,-0.002,0.79,0.247,0.461,0.44,0.132,0.122,0.044,0.112,0.501,0.473,0.528,0.263,0.488,0.209,0.49,0.014,0.268,0.204,0.565,0.157,0.476,0.628,0.479,0.2,0.487,0.543,0.407,0.524,0.491,0.128,0.417,-0.058,0.536,0.262,0.329,0.464,0.412,0.412,0.841,0.35,-0.465,0.265,-0.219,-0.164,0.734,0.522,-0.393,0.449,0.525,0.512,0.036,0.553,0.612,0.49,0.498,0.185,-0.261,0.811,0.351,0.096,0.456,0.462,0.424,0.462,0.369,0.304,0.391,0.291,-0.081,0.665,0.769,0.717,0.239,0.463,0.679,0.455,-0.144,0.376,0.45,0.484,0.19,-0.402,-0.579,0.716,0.578,0.739,0.719,0.48,0.606,0.189,-0.31,0.768,0.369,-0.449,0.284,0.302,0.582,0.247,0.277,-0.511,-0.38,0.33,0.326,0.286,0.148,0.624,0.349,0.413,0.594,-0.069,0.438,0.66,-0.213,0.621,0.53,-0.614,0.579,0.374,0.036,-0.265,-0.016,0.458,-0.392,0.388,0.168,0.512,0.133,0.468,0.33,-0.09,-0.142,-0.141,0.442,-0.012,0.458,-0.429,-0.171,0.092,-0.239,0.689,0.491,0.497,0.085,0.676,0.534,-0.464,0.346,0.583,0.525,0.038,0.565,0.373,0.737,0.382,0.565,-0.135,-0.001,-0.056,0.597,-0.368,0.551,0.487,-0.065,0.216,0.26,0.421,0.124,0.182,0.06,0.225,0.738,0.51,0.699,-0.028,-0.264,0.411,0.606,0.537
APA,-0.497,-0.812,0.228,-0.265,-0.595,-0.781,0.7,-0.14,0.451,-0.429,0.0,0.268,-0.693,-0.027,-0.646,-0.801,0.171,-0.767,0.135,-0.547,-0.783,-0.301,-0.636,-0.302,-0.664,-0.88,-0.69,-0.548,0.687,0.419,-0.849,-0.792,-0.343,-0.535,-0.84,0.53,-0.769,-0.152,0.377,-0.697,0.084,-0.685,-0.784,0.207,-0.898,0.203,-0.905,-0.524,-0.854,-0.212,0.248,-0.168,-0.772,0.811,-0.805,-0.689,-0.192,-0.689,-0.592,-0.223,-0.475,-0.77,0.916,-0.331,0.796,0.836,0.057,-0.497,0.928,-0.733,-0.835,-0.455,0.744,-0.003,-0.49,-0.858,-0.803,-0.565,0.794,-0.468,0.246,0.265,-0.801,-0.403,0.386,-0.383,-0.599,0.458,-0.649,-0.135,-0.028,0.221,-0.56,-0.763,0.447,-0.819,0.015,-0.905,0.743,-0.643,0.201,-0.843,0.021,0.798,0.834,-0.556,-0.047,-0.671,-0.628,-0.763,-0.754,-0.157,0.728,-0.551,-0.046,0.905,-0.81,-0.604,-0.8,-0.808,-0.686,0.253,0.806,0.34,0.171,-0.554,-0.255,-0.584,-0.808,-0.124,-0.774,0.537,0.223,-0.482,0.827,-0.808,-0.276,0.915,-0.399,-0.841,-0.773,0.749,0.224,0.391,0.892,-0.849,0.421,-0.791,-0.505,-0.097,-0.239,-0.329,0.899,0.667,-0.196,0.365,-0.852,0.891,0.765,0.464,0.724,-0.919,-0.29,-0.893,-0.603,-0.62,-0.885,0.899,-0.807,-0.831,-0.841,0.638,-0.277,-0.776,-0.643,-0.486,-0.876,0.32,0.041,0.489,-0.868,0.726,-0.87,-0.837,0.624,0.352,-0.375,-0.874,0.43,-0.096,0.583,-0.698,-0.852,-0.249,-0.625,-0.363,0.83,-0.847,-0.593,-0.92
APOG,-0.143,-0.108,0.481,0.549,-0.463,0.068,0.603,-0.043,0.321,0.321,0.268,0.0,0.185,0.13,0.024,-0.072,0.485,-0.195,0.298,0.306,-0.113,-0.167,0.191,0.363,0.167,-0.151,-0.213,0.064,0.386,0.705,-0.02,-0.018,0.382,0.068,-0.072,0.546,0.109,0.221,0.315,-0.168,0.579,-0.318,0.102,0.714,-0.087,0.611,-0.019,0.347,-0.082,0.565,0.578,0.243,-0.106,0.479,0.124,0.018,0.247,0.048,0.214,0.306,0.368,-0.178,0.12,0.219,0.407,0.626,0.495,0.3,0.336,0.04,0.055,0.403,0.376,0.358,0.237,-0.031,0.043,0.066,0.19,0.189,0.363,0.306,0.02,0.294,0.58,0.161,0.194,0.642,0.094,0.378,0.118,0.481,0.301,0.161,0.559,0.1,0.451,-0.078,0.557,0.039,0.61,0.085,0.424,0.09,0.026,0.275,0.468,0.223,0.202,0.09,0.187,0.303,0.462,0.488,0.379,0.371,-0.079,-0.022,0.133,-0.19,-0.074,0.126,0.345,0.576,0.529,-0.113,0.177,0.249,-0.195,0.214,0.148,0.44,0.161,0.429,0.31,0.123,0.494,0.131,0.261,-0.044,-0.26,0.48,0.324,0.705,0.291,-0.229,0.59,0.012,0.009,0.295,0.416,-0.257,0.427,0.422,0.445,0.625,-0.102,0.16,0.543,0.627,0.593,-0.022,0.401,-0.138,-0.07,0.325,-0.077,0.213,-0.381,0.064,-0.005,0.7,0.39,-0.001,0.354,0.246,0.0,0.395,0.297,0.363,0.004,0.302,0.066,0.0,0.495,0.574,0.17,-0.088,0.51,0.239,0.544,-0.068,0.042,0.486,0.346,0.087,0.37,-0.095,0.381,-0.073
APPS,0.29,0.713,0.17,0.694,0.108,0.742,-0.338,0.078,-0.287,0.827,-0.693,0.185,0.0,0.203,0.699,0.746,0.319,0.494,0.047,0.884,0.762,0.275,0.826,0.316,0.614,0.785,0.456,0.509,-0.334,0.02,0.832,0.814,0.665,0.625,0.804,-0.052,0.824,0.225,-0.174,0.486,0.321,0.461,0.838,0.359,0.792,0.033,0.782,0.643,0.781,0.538,0.161,0.445,0.773,-0.329,0.849,0.668,0.359,0.784,0.766,0.635,0.714,0.723,-0.669,0.393,-0.583,-0.349,0.454,0.665,-0.675,0.596,0.86,0.54,-0.244,0.269,0.584,0.791,0.829,0.437,-0.448,0.652,-0.062,-0.159,0.799,0.55,0.114,0.523,0.503,0.107,0.737,0.336,0.035,0.249,0.803,0.886,-0.153,0.714,0.45,0.754,-0.279,0.591,0.296,0.791,0.393,-0.718,-0.727,0.739,0.323,0.73,0.781,0.696,0.79,0.514,-0.553,0.889,0.492,-0.646,0.617,0.674,0.857,0.603,0.556,-0.19,-0.39,0.295,0.406,0.661,0.517,0.776,0.671,0.564,0.884,-0.191,0.167,0.649,-0.471,0.864,0.54,-0.726,0.564,0.645,0.403,-0.384,-0.052,0.231,-0.628,0.697,-0.162,0.84,0.303,0.2,0.559,0.139,-0.483,-0.202,0.349,0.019,0.817,-0.573,-0.467,0.103,-0.416,0.876,0.51,0.761,0.451,0.843,0.807,-0.793,0.546,0.823,0.844,-0.042,0.515,0.685,0.85,0.497,0.787,-0.056,0.273,-0.439,0.803,-0.413,0.791,0.677,-0.179,0.139,0.6,0.745,0.063,0.005,-0.275,0.572,0.88,0.62,0.852,0.364,-0.584,0.746,0.814,0.827
ARCB,0.233,0.451,0.388,0.07,-0.093,0.49,0.024,0.594,-0.428,-0.077,-0.027,0.13,0.203,0.0,0.644,0.512,0.614,0.442,0.147,0.445,0.136,0.701,0.073,-0.141,0.167,0.395,0.586,0.597,-0.479,0.457,0.418,0.531,0.493,0.733,0.428,0.105,0.424,0.437,-0.705,0.479,0.021,0.521,0.39,-0.066,0.325,-0.156,0.267,0.31,0.445,0.39,-0.4,0.731,0.22,0.028,0.348,0.626,0.499,0.606,0.655,0.686,-0.278,0.535,0.159,0.608,-0.271,0.195,-0.303,0.509,0.036,0.074,0.313,-0.133,-0.122,-0.138,0.102,0.409,0.464,0.491,0.013,-0.324,-0.342,-0.03,0.424,0.345,-0.038,-0.175,0.231,-0.194,0.584,0.274,0.632,-0.108,-0.12,0.246,-0.338,0.233,-0.272,0.376,0.356,0.453,0.487,0.33,0.396,-0.084,0.249,0.234,-0.478,-0.161,-0.18,0.338,0.252,0.648,-0.104,0.233,0.551,0.162,0.382,0.549,0.428,0.524,0.559,0.723,0.378,0.463,0.602,0.12,0.632,0.178,0.385,0.646,0.401,0.198,0.075,-0.062,-0.292,0.202,0.236,0.127,0.193,0.137,0.38,0.385,0.545,0.097,0.083,0.418,-0.226,0.348,0.313,-0.627,0.656,0.652,0.0,0.484,-0.076,0.45,0.355,0.119,-0.175,0.485,0.191,0.103,-0.133,0.194,0.588,0.114,0.364,-0.215,0.157,0.338,0.434,0.385,0.186,0.491,0.24,0.332,0.29,0.536,0.782,-0.37,0.275,0.348,0.159,0.178,0.368,0.229,0.763,0.401,0.521,-0.328,-0.318,0.613,0.182,0.402,0.326,0.844,-0.291,0.431,0.375,0.161
ARCC,0.465,0.875,0.354,0.408,0.18,0.841,-0.455,0.427,-0.665,0.328,-0.646,0.024,0.699,0.644,0.0,0.861,0.445,0.788,0.138,0.764,0.636,0.72,0.499,0.139,0.494,0.88,0.779,0.75,-0.731,0.054,0.86,0.909,0.573,0.882,0.888,-0.265,0.902,0.388,-0.716,0.744,-0.034,0.696,0.842,-0.078,0.8,-0.158,0.788,0.566,0.904,0.437,-0.356,0.676,0.76,-0.413,0.812,0.913,0.462,0.882,0.922,0.701,0.186,0.92,-0.446,0.617,-0.745,-0.312,-0.068,0.629,-0.597,0.421,0.837,0.188,-0.41,-0.134,0.363,0.856,0.863,0.659,-0.41,0.142,-0.478,-0.35,0.905,0.582,-0.242,0.341,0.481,-0.305,0.938,0.231,0.377,-0.181,0.398,0.708,-0.548,0.71,-0.097,0.818,-0.154,0.644,0.184,0.787,0.431,-0.695,-0.421,0.514,-0.267,0.329,0.394,0.686,0.65,0.726,-0.595,0.651,0.536,-0.498,0.784,0.954,0.861,0.819,0.767,0.381,-0.142,0.252,0.461,0.598,0.705,0.607,0.833,0.65,0.87,-0.29,-0.055,0.316,-0.674,0.752,0.446,-0.537,0.355,0.614,0.667,-0.135,0.114,-0.04,-0.489,0.853,-0.425,0.871,0.474,-0.382,0.703,0.505,-0.544,-0.014,0.125,0.126,0.846,-0.451,-0.646,0.25,-0.338,0.69,0.15,0.693,0.715,0.578,0.841,-0.77,0.593,0.793,0.872,-0.022,0.259,0.83,0.613,0.502,0.731,0.076,0.653,-0.591,0.755,-0.203,0.686,0.625,-0.075,0.017,0.754,0.856,0.163,-0.218,-0.6,0.839,0.695,0.532,0.687,0.782,-0.735,0.854,0.761,0.796
ARVN,0.573,0.959,0.013,0.42,0.469,0.951,-0.43,0.478,-0.442,0.398,-0.801,-0.072,0.746,0.512,0.861,0.0,0.305,0.904,0.023,0.787,0.759,0.596,0.632,0.261,0.771,0.951,0.896,0.868,-0.755,0.005,0.971,0.963,0.69,0.831,0.969,-0.358,0.899,0.553,-0.611,0.827,0.134,0.84,0.913,-0.091,0.931,-0.08,0.931,0.751,0.961,0.457,-0.275,0.645,0.708,-0.58,0.909,0.902,0.441,0.909,0.881,0.513,0.319,0.909,-0.664,0.688,-0.698,-0.578,-0.135,0.814,-0.733,0.755,0.873,0.399,-0.601,0.071,0.505,0.972,0.962,0.828,-0.573,0.318,-0.345,-0.099,0.898,0.645,-0.196,0.287,0.729,-0.393,0.842,0.398,0.276,-0.172,0.457,0.877,-0.405,0.854,-0.075,0.933,-0.406,0.888,0.202,0.933,0.319,-0.698,-0.528,0.718,-0.134,0.585,0.516,0.885,0.862,0.485,-0.559,0.654,0.375,-0.6,0.938,0.78,0.941,0.958,0.879,0.152,-0.4,0.09,0.289,0.506,0.595,0.65,0.882,0.439,0.918,-0.245,-0.04,0.499,-0.755,0.855,0.544,-0.659,0.615,0.845,0.846,-0.405,0.206,-0.22,-0.677,0.903,-0.337,0.804,0.694,-0.149,0.557,0.605,-0.721,-0.189,0.339,0.075,0.873,-0.684,-0.619,-0.082,-0.412,0.838,0.321,0.881,0.849,0.614,0.929,-0.822,0.698,0.933,0.963,-0.281,0.518,0.91,0.743,0.712,0.922,0.117,0.345,-0.497,0.916,-0.337,0.864,0.865,-0.258,-0.127,0.75,0.97,-0.058,0.019,-0.527,0.939,0.832,0.514,0.774,0.778,-0.731,0.971,0.809,0.861
ATEC,0.013,0.259,0.661,0.502,-0.424,0.319,0.316,0.437,-0.115,0.164,0.171,0.485,0.319,0.614,0.445,0.305,0.0,0.136,0.313,0.551,-0.013,0.414,0.033,0.003,0.098,0.162,0.17,0.45,-0.079,0.629,0.262,0.355,0.546,0.484,0.277,0.281,0.363,0.458,-0.322,0.199,0.358,0.112,0.351,0.382,0.092,0.347,0.108,0.412,0.245,0.591,0.105,0.618,0.066,0.442,0.265,0.372,0.331,0.43,0.559,0.632,-0.052,0.272,0.235,0.508,0.051,0.437,0.241,0.435,0.205,-0.026,0.207,-0.026,0.346,0.008,-0.004,0.232,0.351,0.336,0.377,-0.034,-0.242,0.075,0.289,0.534,0.263,0.117,0.118,0.256,0.477,0.314,0.328,0.147,0.094,0.299,0.055,0.174,0.054,0.085,0.607,0.231,0.6,0.231,0.655,-0.033,0.198,0.296,-0.121,-0.036,0.046,0.16,0.211,0.706,0.117,0.447,0.735,0.331,0.181,0.4,0.34,0.153,0.199,0.574,0.555,0.771,0.8,0.143,0.619,0.21,0.16,0.551,0.382,0.233,0.176,0.184,0.036,0.208,0.54,0.179,0.25,-0.009,0.009,0.565,0.515,0.45,0.27,0.136,0.164,0.237,0.184,-0.321,0.562,0.071,0.24,0.665,0.328,0.683,0.138,0.312,0.138,0.742,0.463,0.012,0.187,0.037,0.345,0.252,0.13,0.02,-0.257,0.208,0.271,0.664,0.344,0.172,0.292,0.214,0.106,0.524,0.761,-0.08,0.124,0.519,0.073,0.004,0.477,0.486,0.655,0.193,0.625,-0.258,0.097,0.334,0.057,0.458,0.447,0.556,0.068,0.202,0.562,0.078
ATXS,0.724,0.908,-0.048,0.222,0.574,0.876,-0.419,0.459,-0.47,0.089,-0.767,-0.195,0.494,0.442,0.788,0.904,0.136,0.0,-0.08,0.585,0.618,0.554,0.446,0.287,0.734,0.875,0.888,0.873,-0.799,-0.089,0.864,0.831,0.514,0.728,0.865,-0.532,0.815,0.572,-0.683,0.836,-0.043,0.804,0.811,-0.322,0.847,-0.143,0.872,0.613,0.891,0.254,-0.407,0.588,0.635,-0.671,0.802,0.854,0.356,0.768,0.776,0.275,0.119,0.821,-0.629,0.586,-0.666,-0.621,-0.419,0.639,-0.711,0.704,0.775,0.324,-0.705,-0.076,0.38,0.868,0.826,0.823,-0.606,0.108,-0.449,-0.164,0.812,0.519,-0.384,0.226,0.719,-0.515,0.723,0.315,0.25,-0.437,0.279,0.698,-0.49,0.815,-0.29,0.855,-0.507,0.817,-0.07,0.852,0.264,-0.684,-0.457,0.494,-0.268,0.451,0.372,0.792,0.723,0.379,-0.462,0.43,0.18,-0.544,0.927,0.726,0.791,0.921,0.833,0.258,-0.379,-0.083,0.123,0.441,0.545,0.54,0.832,0.228,0.775,-0.245,-0.32,0.364,-0.73,0.738,0.418,-0.542,0.46,0.851,0.918,-0.423,0.123,-0.412,-0.652,0.816,-0.362,0.691,0.741,-0.214,0.459,0.601,-0.792,-0.239,0.246,0.049,0.79,-0.674,-0.597,-0.189,-0.412,0.706,0.239,0.799,0.844,0.446,0.816,-0.747,0.672,0.803,0.828,-0.407,0.366,0.873,0.562,0.664,0.802,0.126,0.275,-0.442,0.783,-0.305,0.791,0.808,-0.281,-0.311,0.628,0.907,-0.2,0.103,-0.557,0.887,0.646,0.375,0.586,0.796,-0.669,0.907,0.649,0.786
AVAV,-0.363,-0.021,0.198,0.326,0.028,0.087,0.097,0.141,0.008,0.214,0.135,0.298,0.047,0.147,0.138,0.023,0.313,-0.08,0.0,0.027,0.117,0.342,-0.017,-0.166,0.012,0.004,0.091,0.004,0.065,0.297,-0.06,0.034,0.102,0.085,0.07,0.14,0.112,0.111,0.068,0.083,0.336,0.026,-0.115,0.268,-0.053,0.313,-0.026,0.255,-0.039,0.301,0.099,0.2,-0.163,0.395,-0.02,0.028,0.221,0.035,0.054,0.177,0.085,0.032,0.283,0.443,0.095,0.238,0.307,0.237,0.26,-0.133,-0.115,-0.173,0.331,0.134,0.066,0.057,0.049,0.27,0.281,0.095,0.069,0.165,-0.02,0.457,0.356,0.172,0.114,0.0,0.113,0.047,0.135,0.368,-0.098,0.136,0.237,-0.017,-0.038,-0.061,0.37,0.059,0.354,-0.044,0.077,0.219,0.262,0.254,0.029,-0.069,-0.096,0.137,-0.003,0.135,0.041,0.099,0.472,0.231,0.052,0.138,0.069,-0.023,0.029,0.082,0.197,0.394,0.351,-0.275,-0.037,-0.076,-0.014,0.251,0.043,-0.039,0.526,0.159,-0.031,-0.046,0.463,-0.027,0.351,-0.109,-0.107,0.445,0.358,0.287,0.306,0.117,0.307,-0.057,0.217,-0.131,0.005,-0.003,0.325,0.33,0.409,0.197,-0.137,0.155,0.101,0.417,0.324,-0.035,-0.18,-0.067,-0.015,-0.093,0.033,0.213,-0.072,0.08,0.022,0.239,0.17,-0.047,0.043,0.159,0.023,0.038,0.225,0.394,0.118,0.266,-0.107,0.033,0.309,-0.04,0.052,0.045,0.318,0.099,-0.013,0.139,0.058,0.093,0.123,0.069,0.135,0.027,0.193,-0.033
AXON,0.466,0.757,0.289,0.684,-0.002,0.804,-0.149,0.315,-0.307,0.612,-0.547,0.306,0.884,0.445,0.764,0.787,0.551,0.585,0.027,0.0,0.622,0.366,0.726,0.427,0.648,0.746,0.501,0.704,-0.335,0.237,0.834,0.828,0.815,0.761,0.774,-0.014,0.827,0.503,-0.315,0.456,0.351,0.497,0.897,0.33,0.771,0.131,0.748,0.681,0.776,0.579,0.148,0.681,0.721,-0.222,0.877,0.748,0.363,0.83,0.895,0.728,0.545,0.707,-0.546,0.46,-0.492,-0.162,0.285,0.736,-0.532,0.581,0.86,0.562,-0.249,0.189,0.528,0.764,0.85,0.536,-0.398,0.464,-0.175,-0.073,0.81,0.504,0.185,0.431,0.554,0.174,0.77,0.523,0.123,0.12,0.727,0.834,-0.145,0.672,0.382,0.702,-0.082,0.665,0.42,0.82,0.614,-0.643,-0.561,0.737,0.222,0.612,0.699,0.708,0.808,0.7,-0.369,0.889,0.638,-0.431,0.643,0.722,0.861,0.634,0.565,0.142,-0.132,0.466,0.609,0.611,0.773,0.802,0.642,0.606,0.908,0.028,0.065,0.625,-0.361,0.84,0.564,-0.494,0.532,0.647,0.484,-0.204,0.14,0.288,-0.508,0.599,-0.136,0.809,0.34,0.089,0.77,0.262,-0.42,0.017,0.358,0.287,0.803,-0.47,-0.326,0.277,-0.184,0.722,0.582,0.707,0.608,0.858,0.752,-0.714,0.386,0.789,0.843,0.165,0.574,0.725,0.847,0.549,0.741,0.241,0.463,-0.464,0.735,-0.181,0.753,0.63,-0.011,0.338,0.78,0.714,0.197,-0.014,-0.193,0.646,0.762,0.718,0.849,0.597,-0.469,0.738,0.859,0.728
BANF,0.318,0.731,-0.232,0.463,0.551,0.746,-0.462,0.046,-0.221,0.658,-0.783,-0.113,0.762,0.136,0.636,0.759,-0.013,0.618,0.117,0.622,0.0,0.243,0.837,0.24,0.73,0.814,0.628,0.505,-0.448,-0.147,0.806,0.732,0.54,0.604,0.814,-0.185,0.728,0.281,-0.144,0.626,0.262,0.619,0.687,0.128,0.825,-0.132,0.835,0.6,0.748,0.318,0.014,0.336,0.669,-0.515,0.771,0.641,0.47,0.741,0.629,0.326,0.651,0.699,-0.703,0.399,-0.614,-0.613,0.192,0.666,-0.708,0.715,0.764,0.462,-0.477,0.389,0.755,0.796,0.75,0.517,-0.601,0.64,0.057,-0.02,0.723,0.47,0.046,0.399,0.677,-0.219,0.554,0.325,0.107,0.176,0.676,0.853,-0.186,0.702,0.307,0.819,-0.528,0.721,0.087,0.757,0.174,-0.66,-0.669,0.71,0.222,0.761,0.722,0.802,0.783,0.158,-0.596,0.632,0.251,-0.723,0.722,0.584,0.777,0.725,0.695,-0.362,-0.591,0.013,0.12,0.411,0.309,0.74,0.746,0.425,0.771,-0.275,0.222,0.6,-0.584,0.846,0.41,-0.753,0.673,0.763,0.58,-0.509,-0.033,-0.049,-0.754,0.753,-0.198,0.729,0.505,0.192,0.338,0.357,-0.598,-0.383,0.337,-0.192,0.795,-0.757,-0.579,-0.222,-0.577,0.875,0.375,0.837,0.526,0.652,0.854,-0.791,0.857,0.842,0.815,-0.381,0.515,0.794,0.75,0.647,0.858,-0.182,-0.038,-0.298,0.883,-0.511,0.806,0.819,-0.268,-0.19,0.464,0.789,-0.105,0.16,-0.382,0.617,0.898,0.535,0.731,0.344,-0.632,0.792,0.598,0.834
BATRK,0.177,0.586,0.353,0.071,0.147,0.519,-0.406,0.645,-0.637,-0.002,-0.301,-0.167,0.275,0.701,0.72,0.596,0.414,0.554,0.342,0.366,0.243,0.0,-0.015,-0.217,0.11,0.563,0.732,0.532,-0.743,0.03,0.475,0.626,0.278,0.593,0.581,-0.394,0.533,0.299,-0.802,0.608,-0.196,0.648,0.417,-0.341,0.432,-0.212,0.373,0.32,0.577,0.249,-0.611,0.565,0.321,-0.209,0.363,0.625,0.259,0.533,0.562,0.509,-0.315,0.71,0.001,0.668,-0.518,-0.165,-0.279,0.392,-0.262,0.049,0.369,-0.285,-0.215,-0.379,-0.07,0.555,0.548,0.595,-0.058,-0.247,-0.619,-0.266,0.518,0.469,-0.298,0.059,0.15,-0.558,0.705,-0.013,0.404,-0.269,-0.204,0.305,-0.561,0.323,-0.506,0.454,0.104,0.407,0.213,0.378,0.121,-0.212,0.102,0.269,-0.654,-0.172,-0.171,0.352,0.243,0.591,-0.463,0.173,0.448,-0.151,0.533,0.699,0.493,0.603,0.57,0.593,0.055,0.206,0.367,0.259,0.432,0.046,0.57,0.473,0.442,-0.294,0.046,-0.139,-0.625,0.218,0.329,-0.214,0.145,0.213,0.502,0.126,0.3,-0.206,-0.079,0.677,-0.438,0.428,0.387,-0.704,0.397,0.62,-0.26,0.232,-0.019,0.104,0.408,-0.081,-0.54,0.287,-0.084,0.258,-0.319,0.326,0.537,0.0,0.509,-0.348,0.27,0.428,0.521,-0.002,-0.006,0.447,0.121,0.222,0.374,0.068,0.673,-0.431,0.424,0.025,0.214,0.284,0.008,-0.063,0.539,0.562,0.134,-0.314,-0.636,0.726,0.307,0.078,0.221,0.693,-0.529,0.563,0.43,0.341
BIDU,0.277,0.607,-0.145,0.611,0.293,0.663,-0.195,-0.04,-0.014,0.79,-0.636,0.191,0.826,0.073,0.499,0.632,0.033,0.446,-0.017,0.726,0.837,-0.015,0.0,0.452,0.746,0.664,0.383,0.427,-0.145,0.042,0.738,0.629,0.672,0.506,0.664,0.086,0.646,0.29,0.098,0.393,0.475,0.395,0.699,0.407,0.762,0.032,0.753,0.619,0.628,0.43,0.353,0.33,0.628,-0.364,0.776,0.518,0.467,0.674,0.616,0.373,0.865,0.511,-0.686,0.261,-0.405,-0.374,0.362,0.671,-0.607,0.729,0.749,0.719,-0.356,0.578,0.828,0.675,0.682,0.358,-0.58,0.746,0.326,0.087,0.659,0.364,0.289,0.443,0.658,0.179,0.456,0.469,0.018,0.379,0.862,0.833,0.066,0.67,0.64,0.711,-0.416,0.655,0.282,0.741,0.294,-0.621,-0.725,0.762,0.543,0.875,0.847,0.734,0.827,0.181,-0.365,0.779,0.294,-0.606,0.545,0.438,0.737,0.548,0.533,-0.432,-0.465,0.173,0.257,0.407,0.369,0.842,0.566,0.417,0.769,-0.017,0.2,0.742,-0.318,0.854,0.427,-0.655,0.662,0.714,0.398,-0.471,-0.035,0.255,-0.684,0.513,0.023,0.686,0.317,0.486,0.486,0.212,-0.459,-0.303,0.401,-0.032,0.734,-0.702,-0.299,-0.109,-0.414,0.83,0.634,0.774,0.407,0.822,0.727,-0.704,0.655,0.773,0.731,-0.139,0.636,0.709,0.888,0.62,0.793,-0.013,-0.059,-0.219,0.786,-0.424,0.803,0.76,-0.11,0.1,0.411,0.633,0.029,0.273,-0.056,0.425,0.865,0.682,0.796,0.224,-0.437,0.649,0.632,0.746
BLNE,0.504,0.273,-0.022,0.434,0.123,0.355,0.149,-0.0,0.141,0.247,-0.302,0.363,0.316,-0.141,0.139,0.261,0.003,0.287,-0.166,0.427,0.24,-0.217,0.452,0.0,0.524,0.204,0.067,0.338,0.116,0.18,0.319,0.191,0.351,0.229,0.193,0.007,0.293,0.387,0.235,0.044,0.305,0.03,0.42,0.305,0.371,0.447,0.388,0.379,0.232,0.297,0.421,0.189,0.323,-0.152,0.451,0.258,0.093,0.23,0.31,0.067,0.501,0.042,-0.508,-0.006,-0.037,-0.072,0.108,0.355,-0.253,0.487,0.414,0.713,-0.277,0.277,0.413,0.257,0.259,0.18,-0.448,0.333,0.207,0.134,0.308,0.07,0.238,0.285,0.471,0.374,0.11,0.577,-0.121,0.067,0.615,0.364,0.252,0.364,0.41,0.289,-0.237,0.337,0.091,0.435,0.282,-0.307,-0.499,0.42,0.514,0.512,0.586,0.405,0.518,0.123,0.125,0.477,0.1,-0.201,0.334,0.12,0.35,0.199,0.178,-0.125,-0.196,0.092,0.142,0.233,0.322,0.526,0.195,-0.012,0.367,0.24,-0.176,0.598,0.052,0.444,0.245,-0.25,0.278,0.509,0.265,-0.296,-0.019,0.225,-0.373,0.029,0.223,0.296,0.182,0.554,0.398,-0.069,-0.258,-0.222,0.346,0.224,0.329,-0.452,0.14,-0.055,0.004,0.337,0.684,0.409,0.22,0.594,0.243,-0.293,0.092,0.37,0.28,0.031,0.352,0.356,0.517,0.443,0.367,0.174,-0.11,0.046,0.3,-0.242,0.465,0.393,-0.052,0.144,0.161,0.236,-0.098,0.437,0.213,0.137,0.364,0.499,0.42,0.089,0.018,0.233,0.373,0.338
BLNK,0.558,0.71,-0.251,0.553,0.58,0.827,-0.046,0.238,0.085,0.461,-0.664,0.167,0.614,0.167,0.494,0.771,0.098,0.734,0.012,0.648,0.73,0.11,0.746,0.524,0.0,0.688,0.626,0.759,-0.33,0.179,0.785,0.665,0.745,0.54,0.721,-0.187,0.705,0.652,-0.096,0.618,0.506,0.595,0.736,0.209,0.769,0.212,0.84,0.831,0.687,0.5,0.199,0.459,0.451,-0.437,0.795,0.628,0.457,0.665,0.657,0.153,0.601,0.509,-0.702,0.557,-0.292,-0.474,0.001,0.829,-0.55,0.939,0.7,0.734,-0.545,0.509,0.751,0.771,0.737,0.746,-0.604,0.556,0.165,0.316,0.648,0.571,0.156,0.296,0.95,-0.062,0.452,0.596,0.117,0.083,0.596,0.855,0.125,0.819,0.236,0.758,-0.458,0.895,0.219,0.852,0.288,-0.52,-0.556,0.784,0.353,0.845,0.683,0.909,0.912,0.105,-0.142,0.656,0.207,-0.433,0.808,0.394,0.772,0.73,0.694,-0.167,-0.473,0.075,0.171,0.205,0.378,0.723,0.633,0.144,0.75,0.088,-0.055,0.79,-0.444,0.813,0.632,-0.55,0.796,0.916,0.705,-0.415,0.277,-0.031,-0.631,0.569,0.154,0.525,0.772,0.381,0.444,0.327,-0.579,-0.232,0.634,0.194,0.639,-0.751,-0.195,-0.22,-0.184,0.766,0.634,0.802,0.672,0.641,0.713,-0.588,0.605,0.836,0.752,-0.291,0.789,0.802,0.831,0.868,0.864,0.245,-0.067,-0.004,0.818,-0.297,0.867,0.897,-0.109,-0.124,0.531,0.767,-0.096,0.508,-0.049,0.679,0.766,0.615,0.759,0.538,-0.326,0.756,0.719,0.719
BTAI,0.546,0.942,0.042,0.367,0.446,0.895,-0.598,0.3,-0.57,0.44,-0.88,-0.151,0.785,0.395,0.88,0.951,0.162,0.875,0.004,0.746,0.814,0.563,0.664,0.204,0.688,0.0,0.846,0.733,-0.777,-0.197,0.961,0.953,0.547,0.783,0.979,-0.404,0.924,0.359,-0.598,0.811,-0.01,0.778,0.904,-0.155,0.949,-0.206,0.946,0.613,0.983,0.315,-0.331,0.539,0.836,-0.692,0.914,0.882,0.377,0.878,0.837,0.498,0.382,0.957,-0.721,0.537,-0.838,-0.643,-0.077,0.664,-0.854,0.675,0.923,0.368,-0.608,-0.025,0.482,0.965,0.947,0.715,-0.639,0.349,-0.392,-0.314,0.922,0.553,-0.282,0.397,0.629,-0.429,0.859,0.235,0.169,-0.22,0.51,0.846,-0.54,0.849,-0.036,0.949,-0.506,0.768,0.03,0.913,0.267,-0.825,-0.65,0.616,-0.122,0.59,0.555,0.824,0.795,0.486,-0.726,0.644,0.304,-0.767,0.89,0.834,0.914,0.908,0.833,0.046,-0.497,-0.014,0.195,0.637,0.531,0.681,0.888,0.447,0.912,-0.401,-0.077,0.433,-0.796,0.878,0.445,-0.774,0.505,0.816,0.795,-0.51,-0.051,-0.271,-0.771,0.945,-0.474,0.894,0.574,-0.153,0.48,0.529,-0.789,-0.349,0.219,-0.125,0.942,-0.737,-0.761,-0.119,-0.606,0.901,0.248,0.876,0.748,0.64,0.969,-0.918,0.784,0.906,0.962,-0.366,0.375,0.89,0.704,0.583,0.899,-0.097,0.308,-0.605,0.92,-0.47,0.88,0.849,-0.374,-0.184,0.637,0.969,-0.17,-0.039,-0.651,0.862,0.864,0.436,0.73,0.655,-0.849,0.981,0.749,0.931
BYND,0.491,0.87,-0.046,0.124,0.569,0.822,-0.468,0.581,-0.481,0.132,-0.69,-0.213,0.456,0.586,0.779,0.896,0.17,0.888,0.091,0.501,0.628,0.732,0.383,0.067,0.626,0.846,0.0,0.801,-0.874,-0.055,0.808,0.832,0.482,0.731,0.856,-0.455,0.746,0.513,-0.718,0.872,-0.032,0.876,0.703,-0.352,0.796,-0.219,0.788,0.619,0.848,0.302,-0.515,0.559,0.508,-0.612,0.695,0.828,0.413,0.764,0.714,0.348,0.025,0.851,-0.472,0.744,-0.645,-0.571,-0.387,0.698,-0.607,0.612,0.665,0.159,-0.654,-0.063,0.35,0.866,0.811,0.845,-0.511,0.053,-0.404,-0.074,0.75,0.571,-0.324,0.109,0.642,-0.654,0.747,0.256,0.374,-0.31,0.098,0.658,-0.489,0.721,-0.359,0.84,-0.353,0.826,0.133,0.765,0.108,-0.502,-0.269,0.551,-0.412,0.339,0.203,0.774,0.672,0.346,-0.518,0.358,0.189,-0.475,0.898,0.695,0.774,0.942,0.89,0.274,-0.36,-0.075,0.127,0.287,0.403,0.378,0.832,0.314,0.701,-0.305,-0.071,0.228,-0.827,0.616,0.434,-0.53,0.494,0.707,0.874,-0.301,0.281,-0.427,-0.533,0.875,-0.412,0.605,0.735,-0.368,0.394,0.78,-0.661,-0.138,0.207,-0.008,0.694,-0.578,-0.645,-0.143,-0.346,0.647,0.005,0.721,0.819,0.276,0.822,-0.646,0.681,0.784,0.812,-0.362,0.342,0.821,0.478,0.65,0.794,0.079,0.332,-0.422,0.805,-0.279,0.677,0.765,-0.248,-0.267,0.634,0.886,-0.114,-0.004,-0.622,0.942,0.664,0.283,0.511,0.801,-0.71,0.886,0.606,0.687
CAN,0.677,0.846,0.068,0.396,0.4,0.889,-0.113,0.582,-0.279,0.122,-0.548,0.064,0.509,0.597,0.75,0.868,0.45,0.873,0.004,0.704,0.505,0.532,0.427,0.338,0.759,0.733,0.801,0.0,-0.61,0.259,0.811,0.789,0.74,0.788,0.777,-0.31,0.766,0.773,-0.586,0.735,0.208,0.746,0.798,-0.06,0.741,0.076,0.767,0.753,0.785,0.506,-0.212,0.722,0.48,-0.354,0.761,0.834,0.449,0.79,0.833,0.424,0.125,0.69,-0.467,0.722,-0.422,-0.347,-0.305,0.803,-0.454,0.699,0.688,0.38,-0.511,0.085,0.422,0.794,0.804,0.847,-0.404,0.123,-0.308,0.105,0.744,0.621,-0.125,0.186,0.765,-0.248,0.693,0.529,0.376,-0.258,0.284,0.714,-0.226,0.744,-0.16,0.743,-0.198,0.872,0.235,0.819,0.432,-0.484,-0.274,0.607,-0.145,0.42,0.374,0.803,0.755,0.473,-0.198,0.54,0.408,-0.254,0.87,0.658,0.793,0.853,0.766,0.407,-0.11,0.204,0.367,0.341,0.661,0.542,0.738,0.348,0.772,0.034,-0.189,0.485,-0.53,0.687,0.562,-0.319,0.552,0.791,0.814,-0.146,0.444,-0.144,-0.436,0.665,-0.124,0.584,0.747,-0.172,0.618,0.542,-0.55,0.068,0.384,0.39,0.663,-0.479,-0.328,0.055,-0.053,0.57,0.386,0.705,0.852,0.475,0.689,-0.564,0.466,0.78,0.786,-0.104,0.546,0.826,0.634,0.75,0.747,0.433,0.418,-0.282,0.703,-0.035,0.708,0.71,0.01,-0.049,0.807,0.806,0.101,0.091,-0.296,0.879,0.577,0.547,0.675,0.884,-0.429,0.792,0.746,0.651
CCEC,-0.423,-0.771,-0.048,0.106,-0.431,-0.647,0.674,-0.48,0.694,0.044,0.687,0.386,-0.334,-0.479,-0.731,-0.755,-0.079,-0.799,0.065,-0.335,-0.448,-0.743,-0.145,0.116,-0.33,-0.777,-0.874,-0.61,0.0,0.314,-0.696,-0.757,-0.186,-0.613,-0.757,0.591,-0.651,-0.219,0.856,-0.822,0.382,-0.762,-0.608,0.576,-0.68,0.382,-0.658,-0.33,-0.792,-0.087,0.743,-0.373,-0.535,0.696,-0.552,-0.715,-0.229,-0.644,-0.584,-0.292,0.191,-0.848,0.436,-0.531,0.763,0.614,0.44,-0.375,0.654,-0.369,-0.593,0.085,0.648,0.403,-0.08,-0.75,-0.695,-0.642,0.453,0.135,0.648,0.377,-0.678,-0.401,0.637,-0.053,-0.328,0.8,-0.741,0.043,-0.335,0.529,0.046,-0.445,0.766,-0.594,0.553,-0.741,0.388,-0.545,0.144,-0.614,0.026,0.559,0.275,-0.243,0.631,-0.113,-0.027,-0.526,-0.427,-0.365,0.679,-0.184,-0.042,0.556,-0.757,-0.691,-0.627,-0.815,-0.755,-0.33,0.391,0.276,0.072,-0.398,-0.315,-0.192,-0.771,-0.225,-0.576,0.557,0.247,0.068,0.889,-0.463,-0.186,0.541,-0.158,-0.524,-0.775,0.347,0.002,0.599,0.527,-0.856,0.646,-0.61,-0.519,0.575,-0.23,-0.643,0.705,0.258,0.067,0.223,-0.656,0.497,0.806,0.2,0.498,-0.547,0.218,-0.589,-0.685,-0.142,-0.722,0.643,-0.611,-0.604,-0.696,0.436,0.018,-0.655,-0.232,-0.315,-0.608,0.153,-0.379,0.613,-0.634,0.352,-0.525,-0.569,0.424,0.331,-0.478,-0.785,0.259,0.256,0.796,-0.813,-0.49,-0.021,-0.312,-0.671,0.827,-0.779,-0.433,-0.633
CDW,-0.067,-0.064,0.33,0.482,-0.33,0.108,0.803,0.228,0.42,0.112,0.419,0.705,0.02,0.457,0.054,0.005,0.629,-0.089,0.297,0.237,-0.147,0.03,0.042,0.18,0.179,-0.197,-0.055,0.259,0.314,0.0,-0.033,-0.027,0.517,0.215,-0.088,0.515,0.007,0.432,0.13,-0.068,0.647,-0.136,-0.003,0.654,-0.148,0.541,-0.1,0.394,-0.12,0.631,0.45,0.465,-0.296,0.636,0.03,0.078,0.449,0.116,0.254,0.283,0.055,-0.195,0.344,0.402,0.516,0.631,0.16,0.425,0.55,0.074,-0.105,0.21,0.395,0.449,0.227,-0.056,-0.001,0.216,0.321,-0.017,0.307,0.516,-0.027,0.364,0.584,-0.165,0.269,0.522,0.01,0.535,0.392,0.477,0.053,0.109,0.569,0.027,0.216,-0.115,0.578,0.209,0.739,0.009,0.528,0.296,0.348,0.312,0.194,0.047,-0.013,0.104,0.137,0.269,0.68,0.253,0.457,0.667,-0.031,-0.051,0.084,-0.066,0.026,0.333,0.576,0.728,0.67,-0.317,0.331,0.153,-0.207,0.297,0.071,0.747,0.21,0.356,0.378,0.004,0.466,0.446,0.356,-0.061,-0.175,0.66,0.725,0.66,0.47,-0.249,0.659,-0.16,0.237,0.094,0.502,0.032,0.544,0.747,0.392,0.876,-0.197,0.354,0.676,0.622,0.72,-0.205,0.327,-0.147,0.134,0.108,-0.142,0.341,-0.366,0.054,-0.045,0.718,0.493,0.078,0.271,0.429,-0.044,0.832,0.367,0.454,-0.079,0.605,-0.048,-0.061,0.768,0.404,0.409,-0.092,0.751,0.238,0.578,0.052,-0.104,0.552,0.32,0.36,0.528,-0.099,0.29,-0.231
CDXS,0.566,0.949,0.029,0.484,0.412,0.946,-0.444,0.343,-0.428,0.501,-0.849,-0.02,0.832,0.418,0.86,0.971,0.262,0.864,-0.06,0.834,0.806,0.475,0.738,0.319,0.785,0.961,0.808,0.811,-0.696,-0.033,0.0,0.962,0.706,0.812,0.971,-0.313,0.929,0.465,-0.521,0.791,0.16,0.761,0.957,0.002,0.962,-0.078,0.966,0.737,0.971,0.476,-0.169,0.578,0.788,-0.602,0.955,0.882,0.457,0.927,0.899,0.526,0.457,0.898,-0.754,0.585,-0.718,-0.58,-0.017,0.78,-0.794,0.779,0.939,0.496,-0.599,0.13,0.589,0.972,0.969,0.737,-0.632,0.42,-0.266,-0.15,0.938,0.602,-0.17,0.357,0.723,-0.28,0.843,0.386,0.237,-0.103,0.61,0.916,-0.384,0.891,0.078,0.956,-0.46,0.847,0.165,0.963,0.345,-0.798,-0.671,0.721,0.0,0.686,0.646,0.88,0.895,0.485,-0.59,0.75,0.357,-0.69,0.9,0.786,0.965,0.915,0.838,0.039,-0.461,0.083,0.272,0.584,0.605,0.759,0.879,0.462,0.965,-0.262,-0.082,0.567,-0.724,0.93,0.517,-0.733,0.593,0.871,0.789,-0.47,0.084,-0.135,-0.756,0.881,-0.317,0.884,0.609,-0.035,0.589,0.493,-0.745,-0.267,0.324,0.026,0.936,-0.748,-0.629,-0.091,-0.482,0.91,0.427,0.915,0.784,0.736,0.948,-0.891,0.734,0.953,0.982,-0.271,0.523,0.932,0.827,0.684,0.942,0.053,0.306,-0.526,0.933,-0.409,0.921,0.879,-0.278,-0.076,0.721,0.966,-0.06,0.025,-0.476,0.867,0.887,0.585,0.835,0.694,-0.756,0.965,0.834,0.928
