,ABEO,ACHC,AGNCN,AKAM,AKRO,ALRM,AMAT,AMED,AMRN,ANGI,APA,APOG,APPS,ARCB,ARCC,ARVN,ATEC,ATXS,AVAV,AXON,BANF,BATRK,BIDU,BLNE,BLNK,BTAI,BYND,CAN,CCEC,CDW,CDXS,CELH,CGNX,CHKP,CHRS,CHRW,CIGI,CKPT,CMPR,COGT,CRNC,CRSP,CSTL,CTSH,CVGW,DGLY,DNLI,DOCU,DVAX,EBAY,EHTH,ERII,ESLT,EXPE,EXPO,FBIOP,FFBC,FFIN,FOXF,FWRD,GDS,GERN,GPRE,GRWG,GRYP,HEES,HELE,HIVE,HON,HRTX,HSTM,HURA,IART,IBKR,IBOC,IBRX,IDXX,INGN,INM,INVA,IQ,IRBT,KDP,KPTI,KTOS,KXIN,LAMR,LFUS,LGIH,LGMK,LKFN,LNW,LOPE,LPSN,LYFT,MGNX,MLCO,MNST,MODV,MSTR,MTCH,MYGN,MYRG,NCMI,NEXT,NFLX,NIU,NKTR,NRC,NTNX,NTRA,NVEE,NVMI,NWL,NWS,NXPI,OCGN,OCSL,OKTA,OLLI,OTLK,OXLC,PAA,PARA,PARAA,PDCO,PDFS,PFG,PGEN,PNFP,PODD,POWI,PSMT,PTC,PTEN,PVLA,RDNT,RDUS,RDWR,REGN,RNAC,ROCK,ROST,RRR,RSLS,RVMD,RYAAY,SAFT,SAGE,SAVA,SBGI,SFM,SFNC,SHYF,SIBN,SIFY,SIGI,SIMO,SITM,SLM,SNBR,SNDX,SNY,SPNS,SRRK,STRA,SUPN,SYRE,TCBK,TEAM,TECH,THRM,TLRY,TRMK,TROW,TSLA,TWST,TXN,UFPI,UNIT,UPWK,USLM,UTHR,VERB,VLY,VRNA,VRRM,VXRT,WAFD,WATT,WBA,WING,WIX,WTFC,WTW,XPEL,XRX,YMAB,ZG,ZLAB
ABEO,0.0,0.647,0.348,0.372,0.433,0.748,0.692,0.779,0.379,0.648,0.071,0.605,0.908,0.76,0.187,0.293,0.77,0.239,0.781,0.744,-0.2,0.703,0.437,0.64,0.705,0.778,0.821,0.68,0.56,0.811,0.84,0.773,0.81,-0.041,0.763,0.204,0.176,0.817,0.202,0.687,0.632,0.905,0.295,0.648,0.526,0.753,0.692,0.887,0.794,0.827,0.572,0.815,0.607,0.577,0.685,0.327,0.606,0.603,0.829,0.634,0.788,0.648,0.814,0.898,0.843,0.569,0.567,0.857,0.612,0.414,0.584,0.866,0.519,0.787,0.552,0.785,0.754,0.441,0.632,0.714,0.672,0.676,0.088,-0.008,0.706,0.78,0.88,0.696,0.698,0.675,0.564,0.812,0.555,0.649,0.889,0.668,-0.29,0.795,0.68,0.739,0.779,0.346,0.873,0.261,0.627,0.774,0.781,0.678,0.022,0.897,0.758,0.766,0.754,0.254,0.556,0.837,0.888,0.755,0.807,0.591,-0.225,0.585,0.001,0.694,0.706,0.721,0.401,0.737,0.518,0.58,0.577,0.743,0.434,0.59,0.297,0.226,0.679,0.883,0.914,0.413,0.825,0.633,0.82,0.691,0.614,0.656,0.522,0.389,0.699,0.736,0.602,0.307,0.635,0.76,0.674,0.559,0.611,0.519,0.808,0.729,0.509,0.789,-0.132,0.899,0.836,0.467,0.25,0.092,0.525,0.396,0.757,0.412,0.89,0.596,0.771,0.752,0.837,0.649,0.718,0.696,0.874,0.4,0.573,0.566,0.475,0.634,0.183,0.881,0.454,0.914,0.497,0.822,0.766,0.546,0.434,0.894,0.746,0.634,0.736,0.807
ACHC,0.647,0.0,0.79,0.083,0.83,0.921,0.904,0.858,-0.14,0.31,-0.321,0.887,0.762,0.58,-0.425,-0.227,0.917,-0.252,0.853,0.32,-0.034,0.688,0.124,0.896,0.828,0.894,0.825,0.702,0.187,0.497,0.898,0.46,0.902,-0.064,0.937,0.634,-0.406,0.656,0.698,0.869,0.822,0.78,-0.32,0.375,0.823,0.545,0.35,0.815,0.718,0.856,0.873,0.713,0.76,0.093,0.889,0.639,0.845,0.91,0.901,0.884,0.653,0.858,0.814,0.795,0.871,0.914,0.917,0.746,0.887,0.123,0.848,0.549,0.878,0.652,0.794,0.857,0.54,0.628,0.674,0.849,0.811,0.623,0.14,-0.453,0.645,0.521,0.776,0.93,0.949,0.734,0.677,0.723,0.828,0.904,0.73,0.902,-0.06,0.888,0.888,0.805,0.836,0.653,0.81,0.321,0.854,0.812,0.785,0.836,-0.345,0.799,0.236,0.916,0.902,0.613,0.392,0.886,0.784,0.509,0.755,0.314,-0.381,0.016,-0.453,0.713,0.763,0.548,-0.129,0.54,0.861,0.854,0.247,0.549,0.783,0.551,-0.175,-0.067,0.894,0.813,0.613,0.233,0.895,0.932,0.907,0.593,0.869,0.884,0.167,0.037,0.415,0.31,0.877,0.525,0.899,0.913,0.911,0.379,0.554,0.89,0.746,0.545,0.488,0.892,-0.47,0.677,0.844,-0.041,-0.319,0.308,0.49,-0.183,0.321,0.852,0.825,0.869,0.902,0.873,0.445,0.742,0.952,0.896,0.598,0.706,0.802,0.232,0.788,0.737,-0.45,0.841,0.731,0.6,0.885,0.516,0.833,0.428,0.065,0.726,0.762,0.881,0.911,0.604
AGNCN,0.348,0.79,0.0,-0.122,0.807,0.814,0.653,0.56,-0.539,0.176,-0.635,0.787,0.417,0.28,-0.697,-0.431,0.732,-0.438,0.624,-0.093,-0.112,0.535,0.047,0.884,0.718,0.771,0.633,0.523,-0.159,0.112,0.713,0.022,0.711,-0.195,0.744,0.879,-0.734,0.35,0.904,0.822,0.697,0.593,-0.693,0.046,0.65,0.198,0.109,0.601,0.545,0.679,0.862,0.39,0.587,-0.308,0.766,0.813,0.629,0.798,0.704,0.729,0.506,0.803,0.611,0.527,0.673,0.756,0.868,0.446,0.888,0.114,0.744,0.174,0.808,0.34,0.653,0.651,0.184,0.577,0.635,0.723,0.728,0.372,-0.077,-0.73,0.569,0.325,0.383,0.833,0.685,0.572,0.41,0.403,0.79,0.868,0.389,0.846,0.208,0.653,0.728,0.629,0.611,0.759,0.534,0.403,0.802,0.624,0.713,0.83,-0.488,0.532,-0.17,0.749,0.681,0.692,-0.037,0.635,0.459,0.117,0.586,-0.017,-0.434,-0.238,-0.778,0.408,0.487,0.275,-0.506,0.201,0.936,0.764,-0.109,0.179,0.777,0.413,-0.569,-0.242,0.817,0.513,0.265,0.032,0.744,0.885,0.717,0.218,0.865,0.759,-0.209,-0.399,-0.017,-0.199,0.715,0.389,0.752,0.644,0.814,0.182,0.205,0.889,0.546,0.112,0.244,0.77,-0.508,0.304,0.622,-0.45,-0.603,0.348,0.262,-0.497,-0.097,0.793,0.513,0.743,0.775,0.741,0.029,0.541,0.788,0.855,0.191,0.802,0.584,-0.071,0.721,0.814,-0.726,0.585,0.567,0.273,0.915,0.087,0.78,0.087,-0.315,0.376,0.497,0.87,0.817,0.41
AKAM,0.372,0.083,-0.122,0.0,0.037,0.165,0.137,0.241,0.425,0.593,0.253,-0.006,0.355,0.596,0.343,0.498,0.1,0.645,0.268,0.554,-0.067,0.126,0.752,-0.049,0.177,0.11,0.382,0.318,0.601,0.538,0.178,0.572,0.244,0.51,0.183,-0.31,0.556,0.135,-0.314,0.061,0.063,0.272,0.497,0.651,0.225,0.352,0.262,0.327,0.248,0.229,-0.09,0.349,0.206,0.568,0.013,0.015,0.025,-0.046,0.168,0.374,0.583,0.003,0.297,0.304,0.18,0.054,-0.021,0.338,-0.002,0.165,-0.04,0.441,0.145,0.432,-0.108,0.3,0.646,0.188,0.439,0.062,0.378,0.498,0.433,0.405,0.214,0.465,0.402,0.044,0.151,0.261,0.002,0.308,-0.034,0.079,0.295,0.004,0.188,0.196,-0.071,0.183,0.331,0.185,0.241,0.226,0.059,0.242,0.315,0.085,0.327,0.431,0.536,0.085,0.106,-0.017,0.551,0.305,0.387,0.473,0.427,0.654,0.257,0.611,0.417,0.268,0.204,0.327,0.63,0.241,-0.127,0.033,0.73,0.408,-0.229,0.637,0.325,0.479,0.203,0.236,0.438,0.39,0.134,-0.053,0.163,0.153,-0.0,0.143,0.573,0.483,0.424,0.502,0.088,0.016,-0.053,0.127,-0.037,0.606,0.415,-0.111,0.316,0.382,0.005,0.106,0.026,0.517,0.193,0.285,0.521,0.315,0.152,0.474,0.636,-0.04,0.296,0.014,0.057,0.205,0.566,0.206,0.063,0.137,0.576,-0.075,0.14,0.276,-0.029,0.009,0.526,0.252,0.007,0.442,-0.05,0.354,0.151,0.298,0.682,0.371,0.329,-0.049,0.214,0.578
AKRO,0.433,0.83,0.807,0.037,0.0,0.805,0.785,0.755,-0.381,0.225,-0.501,0.816,0.58,0.292,-0.528,-0.304,0.79,-0.105,0.827,0.128,0.214,0.408,0.206,0.751,0.767,0.827,0.641,0.732,0.042,0.304,0.731,0.297,0.765,0.173,0.791,0.566,-0.463,0.318,0.732,0.812,0.505,0.62,-0.466,0.335,0.869,0.488,0.217,0.619,0.578,0.738,0.68,0.363,0.769,0.011,0.586,0.649,0.805,0.887,0.748,0.817,0.488,0.703,0.693,0.602,0.77,0.795,0.86,0.631,0.739,0.279,0.687,0.375,0.951,0.612,0.829,0.748,0.383,0.806,0.712,0.661,0.811,0.613,0.291,-0.507,0.596,0.201,0.557,0.813,0.747,0.758,0.664,0.677,0.835,0.866,0.565,0.846,0.274,0.687,0.649,0.798,0.752,0.818,0.554,0.553,0.835,0.641,0.728,0.775,-0.465,0.625,-0.03,0.798,0.797,0.411,0.362,0.711,0.615,0.385,0.623,0.105,-0.444,-0.225,-0.454,0.622,0.664,0.149,-0.34,0.49,0.819,0.896,0.076,0.524,0.662,0.564,-0.242,-0.132,0.795,0.606,0.433,0.162,0.689,0.818,0.676,0.567,0.813,0.92,0.168,0.022,0.397,0.081,0.764,0.672,0.862,0.811,0.863,0.476,0.283,0.892,0.437,0.379,0.346,0.745,-0.371,0.425,0.74,-0.328,-0.452,0.504,0.557,-0.456,0.16,0.938,0.669,0.87,0.768,0.834,0.228,0.396,0.773,0.823,0.416,0.595,0.701,0.206,0.894,0.718,-0.538,0.671,0.76,0.394,0.856,0.153,0.727,0.498,-0.194,0.457,0.651,0.726,0.827,0.498
ALRM,0.748,0.921,0.814,0.165,0.805,0.0,0.854,0.878,-0.147,0.49,-0.385,0.885,0.819,0.629,-0.36,-0.093,0.943,-0.158,0.89,0.406,-0.143,0.8,0.261,0.937,0.886,0.968,0.879,0.735,0.164,0.544,0.961,0.514,0.962,-0.121,0.944,0.688,-0.376,0.718,0.721,0.928,0.816,0.897,-0.246,0.417,0.781,0.582,0.49,0.926,0.85,0.933,0.888,0.736,0.753,0.111,0.879,0.686,0.805,0.899,0.95,0.86,0.745,0.923,0.901,0.88,0.931,0.835,0.913,0.817,0.904,0.337,0.884,0.612,0.86,0.688,0.785,0.889,0.556,0.699,0.789,0.874,0.849,0.662,-0.019,-0.428,0.761,0.619,0.787,0.957,0.884,0.788,0.639,0.772,0.88,0.967,0.779,0.959,-0.054,0.899,0.885,0.863,0.861,0.724,0.861,0.414,0.917,0.836,0.906,0.932,-0.227,0.88,0.342,0.938,0.905,0.535,0.361,0.909,0.817,0.516,0.867,0.396,-0.394,0.118,-0.504,0.695,0.742,0.608,-0.079,0.571,0.902,0.851,0.269,0.605,0.803,0.683,-0.179,0.002,0.91,0.854,0.702,0.3,0.953,0.951,0.947,0.593,0.908,0.881,0.145,0.003,0.445,0.342,0.815,0.462,0.888,0.898,0.936,0.442,0.508,0.898,0.815,0.507,0.542,0.962,-0.463,0.749,0.916,0.032,-0.267,0.294,0.494,-0.047,0.391,0.791,0.874,0.871,0.952,0.94,0.519,0.695,0.942,0.962,0.651,0.782,0.745,0.296,0.79,0.866,-0.362,0.888,0.666,0.713,0.869,0.556,0.964,0.422,0.077,0.768,0.736,0.931,0.971,0.71
AMAT,0.692,0.904,0.653,0.137,0.785,0.854,0.0,0.844,0.067,0.449,-0.106,0.901,0.855,0.545,-0.187,-0.2,0.913,-0.096,0.87,0.443,0.138,0.631,0.217,0.813,0.887,0.863,0.8,0.864,0.377,0.606,0.871,0.573,0.873,0.095,0.901,0.463,-0.208,0.646,0.525,0.788,0.694,0.796,-0.155,0.544,0.773,0.713,0.277,0.815,0.691,0.855,0.738,0.709,0.898,0.322,0.798,0.504,0.873,0.879,0.898,0.798,0.642,0.776,0.771,0.805,0.87,0.936,0.877,0.866,0.831,0.099,0.701,0.682,0.839,0.785,0.825,0.923,0.626,0.641,0.682,0.819,0.811,0.716,0.332,-0.388,0.504,0.515,0.836,0.898,0.907,0.826,0.833,0.793,0.73,0.85,0.784,0.831,-0.056,0.821,0.804,0.884,0.799,0.613,0.854,0.461,0.835,0.879,0.766,0.798,-0.394,0.833,0.307,0.886,0.976,0.517,0.57,0.93,0.878,0.709,0.808,0.234,-0.393,0.195,-0.184,0.881,0.91,0.489,0.064,0.738,0.737,0.888,0.404,0.707,0.647,0.57,0.035,0.012,0.822,0.863,0.701,0.283,0.865,0.824,0.856,0.693,0.829,0.91,0.345,0.209,0.59,0.473,0.929,0.56,0.91,0.924,0.863,0.529,0.493,0.823,0.775,0.758,0.34,0.803,-0.23,0.724,0.826,0.106,-0.148,0.342,0.552,-0.033,0.431,0.821,0.872,0.888,0.839,0.895,0.538,0.722,0.913,0.856,0.687,0.549,0.899,0.512,0.776,0.692,-0.274,0.903,0.84,0.71,0.795,0.555,0.767,0.64,0.108,0.785,0.872,0.73,0.845,0.578
AMED,0.779,0.858,0.56,0.241,0.755,0.878,0.844,0.0,0.007,0.45,-0.282,0.762,0.905,0.643,-0.167,0.078,0.913,0.054,0.949,0.649,-0.069,0.738,0.277,0.76,0.8,0.91,0.785,0.733,0.337,0.727,0.922,0.712,0.929,0.07,0.914,0.369,-0.111,0.695,0.441,0.819,0.668,0.834,0.039,0.606,0.795,0.747,0.629,0.88,0.858,0.896,0.708,0.72,0.756,0.328,0.739,0.445,0.805,0.852,0.924,0.801,0.651,0.752,0.872,0.925,0.927,0.731,0.769,0.861,0.696,0.319,0.8,0.751,0.788,0.841,0.746,0.834,0.727,0.694,0.715,0.834,0.755,0.758,0.149,-0.225,0.761,0.532,0.887,0.847,0.883,0.775,0.707,0.876,0.77,0.841,0.913,0.866,-0.259,0.904,0.816,0.87,0.911,0.528,0.873,0.336,0.786,0.784,0.806,0.781,-0.033,0.902,0.541,0.928,0.871,0.264,0.624,0.881,0.855,0.685,0.799,0.503,-0.461,0.189,-0.244,0.761,0.789,0.61,0.127,0.707,0.685,0.798,0.444,0.788,0.627,0.641,0.031,-0.017,0.819,0.905,0.815,0.445,0.853,0.808,0.866,0.807,0.743,0.83,0.434,0.372,0.733,0.594,0.718,0.617,0.867,0.934,0.854,0.53,0.617,0.749,0.691,0.706,0.619,0.891,-0.359,0.834,0.949,0.235,-0.086,0.156,0.599,0.074,0.632,0.706,0.946,0.841,0.888,0.871,0.709,0.545,0.864,0.83,0.821,0.581,0.699,0.427,0.713,0.657,-0.137,0.897,0.657,0.768,0.734,0.667,0.836,0.642,0.226,0.784,0.803,0.771,0.869,0.741
AMRN,0.379,-0.14,-0.539,0.425,-0.381,-0.147,0.067,0.007,0.0,0.426,0.855,-0.178,0.286,0.379,0.797,0.516,-0.078,0.491,-0.009,0.513,0.077,0.046,0.315,-0.277,-0.043,-0.119,0.162,0.126,0.627,0.419,-0.041,0.483,-0.067,0.131,-0.084,-0.554,0.764,0.386,-0.616,-0.156,-0.081,0.161,0.8,0.369,-0.204,0.346,0.193,0.108,0.032,-0.032,-0.317,0.369,0.009,0.797,-0.062,-0.482,-0.054,-0.279,-0.02,-0.123,0.197,-0.15,-0.007,0.119,-0.015,-0.041,-0.283,0.256,-0.237,0.147,-0.277,0.481,-0.315,0.21,-0.13,0.131,0.323,-0.26,-0.086,-0.153,-0.088,0.142,0.319,0.62,-0.136,0.351,0.345,-0.192,0.004,-0.018,0.145,0.216,-0.295,-0.275,0.256,-0.279,-0.214,-0.034,-0.119,-0.029,-0.067,-0.288,0.19,-0.092,-0.267,0.09,-0.085,-0.226,0.283,0.16,0.618,-0.144,0.039,-0.092,0.478,0.134,0.31,0.509,0.113,0.391,0.446,0.74,0.778,0.278,0.206,0.306,0.817,0.368,-0.415,-0.227,0.562,0.358,-0.335,0.033,0.791,0.635,-0.202,0.177,0.382,-0.012,0.007,-0.302,-0.012,0.234,-0.268,-0.109,0.474,0.563,0.447,0.717,-0.006,-0.261,-0.195,-0.024,-0.226,0.244,0.318,-0.391,0.255,0.485,-0.016,-0.137,0.368,0.368,-0.025,0.693,0.781,-0.039,0.139,0.685,0.535,-0.333,0.172,-0.203,-0.167,-0.069,0.549,0.197,-0.121,-0.202,0.435,-0.433,0.083,0.558,-0.226,-0.242,0.755,0.16,-0.042,0.463,-0.45,0.548,-0.174,0.296,0.622,0.412,0.136,-0.312,-0.186,0.163
ANGI,0.648,0.31,0.176,0.593,0.225,0.49,0.449,0.45,0.426,0.0,0.175,0.291,0.657,0.566,0.374,0.387,0.477,0.469,0.526,0.609,-0.013,0.428,0.771,0.35,0.596,0.481,0.588,0.655,0.594,0.657,0.501,0.634,0.502,0.249,0.47,0.039,0.329,0.47,0.004,0.409,0.284,0.668,0.367,0.681,0.289,0.585,0.452,0.673,0.632,0.595,0.216,0.549,0.522,0.636,0.335,0.211,0.29,0.247,0.51,0.372,0.706,0.431,0.547,0.589,0.51,0.333,0.328,0.679,0.358,0.43,0.193,0.676,0.341,0.629,0.245,0.633,0.6,0.362,0.652,0.393,0.591,0.616,0.252,0.021,0.452,0.612,0.565,0.401,0.335,0.456,0.326,0.568,0.299,0.431,0.582,0.371,0.141,0.365,0.225,0.562,0.46,0.459,0.56,0.567,0.381,0.603,0.653,0.516,0.028,0.679,0.58,0.406,0.489,0.116,0.505,0.569,0.656,0.647,0.745,0.388,-0.003,0.705,0.209,0.586,0.563,0.543,0.577,0.599,0.251,0.37,0.69,0.604,0.069,0.664,0.318,0.431,0.471,0.557,0.684,0.283,0.516,0.269,0.461,0.355,0.42,0.431,0.467,0.321,0.553,0.56,0.416,0.073,0.305,0.386,0.371,0.656,0.368,0.227,0.637,0.556,0.044,0.43,0.184,0.67,0.485,0.407,0.459,0.258,0.267,0.485,0.599,0.136,0.589,0.309,0.423,0.553,0.641,0.371,0.348,0.462,0.681,0.207,0.438,0.597,0.249,0.455,0.396,0.63,0.334,0.766,0.248,0.492,0.527,0.508,0.372,0.671,0.539,0.264,0.487,0.664
APA,0.071,-0.321,-0.635,0.253,-0.501,-0.385,-0.106,-0.282,0.855,0.175,0.0,-0.281,-0.018,0.127,0.76,0.269,-0.316,0.308,-0.289,0.198,0.212,-0.248,0.092,-0.455,-0.241,-0.363,-0.143,-0.051,0.507,0.145,-0.316,0.195,-0.324,0.128,-0.329,-0.606,0.687,0.133,-0.618,-0.442,-0.229,-0.113,0.602,0.127,-0.338,0.12,-0.102,-0.187,-0.266,-0.303,-0.491,0.082,-0.125,0.582,-0.254,-0.51,-0.183,-0.418,-0.287,-0.314,-0.092,-0.351,-0.224,-0.187,-0.284,-0.162,-0.408,0.015,-0.397,-0.039,-0.468,0.19,-0.445,-0.037,-0.213,-0.105,0.056,-0.39,-0.323,-0.408,-0.282,-0.149,0.325,0.592,-0.465,0.069,0.059,-0.396,-0.205,-0.18,0.04,-0.039,-0.495,-0.496,-0.09,-0.486,-0.102,-0.295,-0.322,-0.232,-0.328,-0.421,-0.098,-0.173,-0.393,-0.12,-0.343,-0.443,0.093,-0.136,0.295,-0.396,-0.16,-0.095,0.296,-0.13,0.055,0.298,-0.16,0.109,0.477,0.574,0.822,0.106,0.019,-0.005,0.606,0.188,-0.543,-0.345,0.295,0.091,-0.444,-0.162,0.828,0.551,-0.457,-0.089,0.072,-0.107,-0.269,-0.471,-0.258,0.033,-0.42,-0.28,0.29,0.419,0.21,0.467,-0.12,-0.356,-0.346,-0.239,-0.43,0.071,0.06,-0.518,-0.011,0.28,-0.174,-0.405,0.493,0.043,-0.296,0.51,0.637,-0.027,-0.008,0.52,0.253,-0.383,-0.123,-0.353,-0.394,-0.286,0.232,0.032,-0.307,-0.429,0.109,-0.611,-0.053,0.35,-0.322,-0.404,0.615,-0.11,-0.095,0.108,-0.571,0.264,-0.433,0.163,0.46,0.118,-0.075,-0.523,-0.422,-0.131
APOG,0.605,0.887,0.787,-0.006,0.816,0.885,0.901,0.762,-0.178,0.291,-0.281,0.0,0.72,0.479,-0.365,-0.342,0.885,-0.296,0.818,0.264,0.069,0.63,0.079,0.875,0.849,0.886,0.774,0.736,0.15,0.448,0.858,0.401,0.867,-0.12,0.865,0.648,-0.402,0.602,0.728,0.81,0.744,0.76,-0.375,0.339,0.792,0.562,0.242,0.775,0.639,0.817,0.826,0.628,0.818,0.078,0.826,0.668,0.871,0.93,0.883,0.813,0.564,0.794,0.779,0.746,0.848,0.911,0.926,0.754,0.888,0.143,0.808,0.51,0.868,0.633,0.864,0.835,0.453,0.69,0.625,0.806,0.772,0.601,0.105,-0.521,0.541,0.448,0.717,0.917,0.86,0.834,0.771,0.71,0.804,0.875,0.663,0.87,-0.042,0.826,0.843,0.83,0.752,0.64,0.782,0.427,0.892,0.798,0.767,0.836,-0.458,0.745,0.146,0.886,0.912,0.607,0.35,0.858,0.743,0.5,0.74,0.195,-0.443,0.007,-0.433,0.722,0.766,0.391,-0.198,0.611,0.853,0.89,0.13,0.549,0.815,0.532,-0.145,-0.092,0.814,0.8,0.563,0.244,0.853,0.916,0.879,0.616,0.865,0.882,0.12,-0.019,0.391,0.245,0.881,0.535,0.917,0.888,0.89,0.371,0.432,0.92,0.707,0.515,0.46,0.823,-0.36,0.584,0.812,-0.088,-0.38,0.308,0.549,-0.172,0.253,0.874,0.772,0.901,0.863,0.878,0.363,0.696,0.939,0.894,0.502,0.685,0.765,0.311,0.821,0.789,-0.458,0.809,0.787,0.558,0.862,0.447,0.813,0.464,-0.082,0.671,0.725,0.822,0.871,0.515
APPS,0.908,0.762,0.417,0.355,0.58,0.819,0.855,0.905,0.286,0.657,-0.018,0.72,0.0,0.732,0.109,0.183,0.889,0.213,0.9,0.786,-0.049,0.734,0.418,0.706,0.833,0.848,0.83,0.815,0.569,0.854,0.909,0.85,0.901,0.091,0.871,0.239,0.117,0.772,0.25,0.735,0.644,0.896,0.24,0.757,0.661,0.863,0.628,0.935,0.835,0.91,0.617,0.819,0.788,0.559,0.716,0.335,0.739,0.74,0.913,0.715,0.759,0.695,0.864,0.959,0.911,0.705,0.692,0.95,0.676,0.29,0.651,0.9,0.666,0.91,0.666,0.885,0.829,0.598,0.707,0.816,0.758,0.821,0.204,-0.117,0.662,0.702,0.945,0.802,0.811,0.783,0.724,0.899,0.646,0.76,0.962,0.76,-0.288,0.847,0.747,0.873,0.849,0.436,0.943,0.404,0.736,0.872,0.819,0.751,-0.04,0.966,0.7,0.87,0.883,0.239,0.71,0.927,0.958,0.844,0.88,0.527,-0.353,0.477,-0.007,0.849,0.864,0.7,0.391,0.836,0.565,0.728,0.649,0.863,0.493,0.664,0.238,0.124,0.771,0.952,0.933,0.472,0.865,0.698,0.864,0.788,0.699,0.766,0.566,0.457,0.809,0.768,0.739,0.493,0.782,0.887,0.774,0.638,0.623,0.631,0.829,0.865,0.484,0.822,-0.157,0.931,0.911,0.46,0.165,0.155,0.579,0.343,0.766,0.555,0.981,0.757,0.834,0.845,0.847,0.638,0.812,0.781,0.931,0.461,0.743,0.64,0.583,0.625,0.098,0.957,0.64,0.931,0.612,0.794,0.805,0.709,0.372,0.912,0.874,0.659,0.812,0.788
ARCB,0.76,0.58,0.28,0.596,0.292,0.629,0.545,0.643,0.379,0.566,0.127,0.479,0.732,0.0,0.139,0.31,0.622,0.274,0.645,0.635,-0.212,0.58,0.44,0.496,0.592,0.589,0.724,0.489,0.589,0.742,0.68,0.691,0.697,0.05,0.68,0.131,0.215,0.677,0.108,0.558,0.668,0.707,0.291,0.566,0.493,0.582,0.591,0.755,0.624,0.636,0.453,0.815,0.484,0.45,0.612,0.277,0.492,0.469,0.672,0.7,0.799,0.484,0.75,0.759,0.643,0.51,0.447,0.65,0.475,0.192,0.517,0.767,0.403,0.628,0.365,0.665,0.77,0.264,0.539,0.566,0.63,0.566,0.101,0.079,0.568,0.735,0.782,0.553,0.631,0.494,0.382,0.658,0.414,0.498,0.681,0.498,-0.216,0.655,0.556,0.515,0.655,0.235,0.737,0.185,0.505,0.657,0.666,0.513,0.13,0.788,0.682,0.596,0.563,0.38,0.525,0.742,0.766,0.635,0.676,0.713,-0.023,0.547,0.046,0.531,0.53,0.679,0.446,0.501,0.381,0.403,0.591,0.594,0.361,0.615,0.268,0.377,0.565,0.709,0.768,0.338,0.666,0.511,0.681,0.448,0.464,0.478,0.445,0.425,0.517,0.67,0.496,0.268,0.469,0.625,0.479,0.537,0.653,0.386,0.731,0.616,0.446,0.651,-0.326,0.808,0.678,0.382,0.235,0.192,0.491,0.379,0.742,0.332,0.706,0.455,0.611,0.606,0.805,0.648,0.604,0.591,0.788,0.293,0.49,0.261,0.352,0.443,0.168,0.705,0.328,0.753,0.381,0.743,0.592,0.349,0.573,0.784,0.633,0.526,0.623,0.834
ARCC,0.187,-0.425,-0.697,0.343,-0.528,-0.36,-0.187,-0.167,0.797,0.374,0.76,-0.365,0.109,0.139,0.0,0.619,-0.259,0.589,-0.151,0.454,0.118,-0.154,0.345,-0.479,-0.197,-0.3,-0.148,-0.0,0.604,0.381,-0.228,0.414,-0.259,0.202,-0.308,-0.725,0.882,0.093,-0.736,-0.39,-0.365,-0.015,0.832,0.392,-0.381,0.316,0.266,-0.069,-0.084,-0.182,-0.576,0.087,-0.102,0.719,-0.344,-0.575,-0.247,-0.444,-0.213,-0.381,-0.014,-0.403,-0.147,-0.022,-0.205,-0.325,-0.498,0.105,-0.465,0.162,-0.475,0.353,-0.469,0.146,-0.275,-0.106,0.212,-0.237,-0.192,-0.305,-0.265,0.031,0.284,0.584,-0.243,0.135,0.112,-0.417,-0.309,-0.17,0.008,0.11,-0.428,-0.466,0.112,-0.464,-0.212,-0.26,-0.367,-0.138,-0.228,-0.411,-0.009,-0.039,-0.422,-0.104,-0.209,-0.393,0.341,-0.009,0.543,-0.305,-0.185,-0.39,0.348,-0.101,0.086,0.384,-0.048,0.218,0.254,0.689,0.822,0.065,-0.011,0.158,0.792,0.341,-0.615,-0.341,0.45,0.285,-0.507,-0.052,0.765,0.444,-0.357,0.022,0.281,0.093,-0.255,-0.525,-0.225,0.179,-0.435,-0.314,0.503,0.589,0.414,0.581,-0.267,-0.254,-0.356,-0.218,-0.397,0.185,0.117,-0.564,-0.018,0.325,-0.163,-0.346,0.678,0.166,-0.165,0.66,0.777,-0.227,0.065,0.694,0.49,-0.519,0.004,-0.358,-0.323,-0.256,0.447,-0.116,-0.365,-0.389,0.291,-0.602,-0.2,0.513,-0.398,-0.383,0.843,-0.041,-0.191,0.263,-0.583,0.322,-0.327,0.296,0.404,0.141,-0.022,-0.554,-0.386,0.063
ARVN,0.293,-0.227,-0.431,0.498,-0.304,-0.093,-0.2,0.078,0.516,0.387,0.269,-0.342,0.183,0.31,0.619,0.0,-0.118,0.681,0.065,0.529,-0.115,0.125,0.451,-0.319,-0.157,-0.09,0.077,-0.088,0.389,0.387,-0.03,0.507,-0.061,0.138,-0.112,-0.508,0.688,0.171,-0.494,-0.063,-0.21,0.127,0.793,0.375,-0.2,0.225,0.584,0.103,0.179,-0.03,-0.341,0.24,-0.184,0.539,-0.191,-0.436,-0.176,-0.32,-0.076,-0.095,0.203,-0.162,0.066,0.154,-0.042,-0.335,-0.404,0.072,-0.341,0.476,-0.18,0.367,-0.296,0.152,-0.264,-0.004,0.297,-0.044,-0.015,-0.155,-0.133,0.166,0.088,0.624,0.233,0.312,0.183,-0.276,-0.158,-0.178,-0.174,0.23,-0.118,-0.213,0.273,-0.221,-0.161,-0.036,-0.165,-0.121,0.03,-0.14,0.078,-0.054,-0.272,-0.143,-0.009,-0.222,0.662,0.145,0.682,-0.121,-0.152,-0.321,0.277,0.035,0.128,0.192,0.049,0.577,0.294,0.472,0.426,-0.095,-0.15,0.415,0.716,0.182,-0.387,-0.297,0.433,0.347,-0.253,0.15,0.446,0.516,-0.069,0.053,0.373,0.133,-0.074,-0.302,-0.07,0.186,-0.334,-0.208,0.366,0.544,0.393,0.527,-0.336,-0.175,-0.273,-0.102,-0.213,0.17,0.37,-0.361,0.098,0.13,0.127,-0.034,0.203,0.371,0.06,0.609,0.722,-0.167,0.154,0.595,0.589,-0.415,0.136,-0.275,-0.119,-0.114,0.569,-0.005,-0.254,-0.16,0.413,-0.311,-0.231,0.324,-0.233,-0.244,0.738,0.024,-0.342,0.327,-0.417,0.387,-0.063,0.149,0.504,0.149,-0.061,-0.234,-0.146,0.345
ATEC,0.77,0.917,0.732,0.1,0.79,0.943,0.913,0.913,-0.078,0.477,-0.316,0.885,0.889,0.622,-0.259,-0.118,0.0,-0.084,0.938,0.468,0.012,0.742,0.222,0.91,0.941,0.958,0.828,0.815,0.312,0.655,0.966,0.587,0.964,-0.002,0.969,0.573,-0.288,0.702,0.614,0.895,0.773,0.882,-0.185,0.523,0.813,0.726,0.497,0.921,0.837,0.958,0.821,0.744,0.868,0.217,0.841,0.607,0.873,0.937,0.977,0.831,0.698,0.853,0.906,0.917,0.949,0.863,0.916,0.866,0.865,0.221,0.816,0.719,0.856,0.805,0.843,0.916,0.645,0.674,0.768,0.919,0.851,0.742,0.096,-0.466,0.734,0.553,0.841,0.963,0.884,0.79,0.775,0.849,0.848,0.939,0.855,0.942,-0.151,0.88,0.867,0.925,0.873,0.624,0.915,0.478,0.892,0.91,0.884,0.913,-0.287,0.907,0.363,0.979,0.954,0.45,0.486,0.941,0.885,0.657,0.846,0.31,-0.515,0.16,-0.358,0.811,0.86,0.595,-0.008,0.72,0.84,0.908,0.353,0.716,0.742,0.607,-0.064,-0.058,0.902,0.919,0.766,0.337,0.935,0.912,0.928,0.697,0.909,0.888,0.297,0.19,0.576,0.449,0.88,0.634,0.955,0.965,0.952,0.516,0.49,0.882,0.783,0.688,0.472,0.927,-0.333,0.758,0.94,0.108,-0.233,0.27,0.607,-0.047,0.469,0.798,0.923,0.932,0.967,0.941,0.595,0.657,0.943,0.943,0.718,0.683,0.835,0.38,0.8,0.817,-0.315,0.95,0.793,0.755,0.872,0.57,0.904,0.593,0.052,0.804,0.861,0.862,0.939,0.711
ATXS,0.239,-0.252,-0.438,0.645,-0.105,-0.158,-0.096,0.054,0.491,0.469,0.308,-0.296,0.213,0.274,0.589,0.681,-0.084,0.0,0.154,0.487,0.235,-0.2,0.688,-0.37,-0.001,-0.101,0.053,0.238,0.594,0.431,-0.086,0.507,-0.055,0.615,-0.086,-0.646,0.746,-0.102,-0.591,-0.105,-0.395,0.067,0.676,0.606,-0.01,0.388,0.323,0.056,0.051,0.03,-0.481,0.045,0.085,0.701,-0.401,-0.369,-0.098,-0.23,-0.081,0.002,0.281,-0.31,0.062,0.102,-0.001,-0.232,-0.304,0.184,-0.361,0.375,-0.384,0.446,-0.101,0.378,-0.138,0.081,0.441,0.078,0.197,-0.175,0.121,0.404,0.488,0.527,0.129,0.136,0.179,-0.247,-0.221,0.03,0.005,0.303,-0.142,-0.175,0.233,-0.23,0.196,-0.152,-0.384,0.063,0.097,0.002,-0.004,0.328,-0.185,0.004,0.084,-0.148,0.323,0.177,0.483,-0.128,-0.074,-0.453,0.53,0.05,0.214,0.415,0.114,0.381,0.23,0.489,0.67,0.133,0.07,0.056,0.672,0.35,-0.402,-0.113,0.591,0.476,-0.484,0.311,0.561,0.457,-0.077,0.035,0.375,0.202,-0.149,-0.366,-0.185,0.206,-0.235,-0.03,0.709,0.708,0.53,0.521,-0.171,0.155,-0.184,-0.04,-0.179,0.602,0.148,-0.318,-0.038,0.342,-0.135,-0.141,0.383,0.261,0.028,0.393,0.67,0.235,0.325,0.416,0.602,-0.224,0.137,-0.141,-0.165,-0.023,0.508,-0.206,-0.285,-0.15,0.457,-0.475,-0.035,0.421,-0.107,-0.177,0.709,0.07,-0.06,0.347,-0.338,0.141,-0.122,0.435,0.467,0.14,0.172,-0.38,-0.104,0.395
AVAV,0.781,0.853,0.624,0.268,0.827,0.89,0.87,0.949,-0.009,0.526,-0.289,0.818,0.9,0.645,-0.151,0.065,0.938,0.154,0.0,0.589,0.077,0.649,0.392,0.774,0.88,0.932,0.817,0.829,0.394,0.728,0.915,0.707,0.931,0.15,0.923,0.374,-0.092,0.63,0.481,0.868,0.623,0.852,-0.021,0.652,0.845,0.802,0.577,0.882,0.816,0.918,0.673,0.702,0.851,0.383,0.699,0.5,0.859,0.887,0.929,0.856,0.713,0.731,0.895,0.907,0.944,0.785,0.809,0.879,0.73,0.369,0.741,0.771,0.858,0.879,0.816,0.897,0.726,0.769,0.788,0.817,0.851,0.83,0.257,-0.296,0.778,0.522,0.874,0.866,0.841,0.831,0.764,0.931,0.823,0.873,0.901,0.866,-0.081,0.856,0.764,0.917,0.905,0.638,0.855,0.533,0.838,0.824,0.869,0.821,-0.181,0.908,0.469,0.932,0.907,0.317,0.63,0.919,0.883,0.714,0.829,0.442,-0.455,0.194,-0.217,0.79,0.817,0.534,0.111,0.78,0.719,0.877,0.436,0.836,0.637,0.691,0.043,0.04,0.864,0.898,0.818,0.382,0.85,0.814,0.856,0.803,0.801,0.893,0.469,0.38,0.727,0.547,0.782,0.691,0.899,0.95,0.893,0.64,0.583,0.809,0.694,0.707,0.517,0.875,-0.288,0.789,0.951,0.144,-0.108,0.3,0.713,-0.006,0.614,0.779,0.94,0.891,0.893,0.924,0.691,0.551,0.856,0.881,0.806,0.545,0.743,0.471,0.798,0.718,-0.154,0.91,0.745,0.778,0.772,0.579,0.844,0.708,0.134,0.781,0.844,0.747,0.897,0.789
AXON,0.744,0.32,-0.093,0.554,0.128,0.406,0.443,0.649,0.513,0.609,0.198,0.264,0.786,0.635,0.454,0.529,0.468,0.487,0.589,0.0,-0.223,0.519,0.503,0.218,0.376,0.438,0.544,0.46,0.634,0.862,0.561,0.917,0.556,0.146,0.487,-0.245,0.569,0.584,-0.272,0.298,0.292,0.575,0.691,0.818,0.285,0.744,0.656,0.646,0.599,0.559,0.179,0.65,0.385,0.721,0.333,-0.057,0.306,0.264,0.548,0.368,0.566,0.247,0.539,0.732,0.574,0.208,0.156,0.693,0.196,0.248,0.304,0.799,0.214,0.748,0.166,0.491,0.821,0.346,0.409,0.464,0.359,0.678,0.191,0.328,0.452,0.643,0.769,0.329,0.459,0.516,0.348,0.655,0.185,0.294,0.804,0.296,-0.481,0.593,0.379,0.493,0.59,0.024,0.666,0.116,0.279,0.5,0.474,0.292,0.4,0.732,0.925,0.494,0.454,-0.152,0.742,0.587,0.673,0.753,0.621,0.695,-0.148,0.642,0.326,0.526,0.506,0.639,0.719,0.658,0.026,0.249,0.79,0.752,0.036,0.535,0.406,0.188,0.396,0.694,0.833,0.609,0.48,0.219,0.519,0.666,0.184,0.325,0.701,0.644,0.832,0.886,0.25,0.218,0.301,0.5,0.285,0.531,0.681,0.113,0.563,0.741,0.427,0.449,0.001,0.839,0.615,0.72,0.54,-0.177,0.319,0.697,0.933,0.042,0.736,0.293,0.421,0.429,0.893,0.352,0.394,0.33,0.9,0.093,0.284,0.653,0.091,0.156,0.58,0.619,0.158,0.796,0.121,0.819,0.438,0.576,0.642,0.708,0.582,0.219,0.406,0.673
BANF,-0.2,-0.034,-0.112,-0.067,0.214,-0.143,0.138,-0.069,0.077,-0.013,0.212,0.069,-0.049,-0.212,0.118,-0.115,0.012,0.235,0.077,-0.223,0.0,-0.342,-0.025,-0.193,0.135,-0.052,-0.156,0.262,0.163,-0.076,-0.198,0.006,-0.147,0.485,-0.1,-0.224,0.116,-0.282,-0.035,-0.068,-0.381,-0.17,-0.044,0.094,0.258,0.185,-0.259,-0.181,-0.228,-0.103,-0.337,-0.192,0.357,0.224,-0.314,-0.156,0.308,0.092,-0.102,0.009,-0.281,-0.147,-0.062,-0.212,-0.124,0.182,0.068,0.031,-0.166,0.041,-0.272,0.01,0.169,0.087,0.349,0.119,-0.099,0.21,-0.022,-0.22,0.05,0.188,0.575,-0.093,-0.184,-0.451,-0.04,-0.064,-0.081,0.013,0.466,0.203,0.075,-0.056,-0.075,-0.089,0.459,-0.29,-0.245,0.129,-0.16,0.19,-0.115,0.537,-0.036,0.009,-0.152,-0.086,-0.345,-0.144,-0.337,-0.091,0.103,-0.058,0.286,-0.017,0.042,0.136,-0.146,-0.293,0.112,-0.19,0.389,0.313,0.265,-0.35,0.036,0.309,-0.113,0.218,-0.026,0.253,-0.044,-0.058,0.377,0.276,-0.107,-0.106,-0.115,-0.27,-0.214,-0.146,-0.238,0.185,-0.022,0.129,0.184,0.359,0.223,-0.002,0.237,0.388,0.152,0.085,0.035,0.203,-0.196,0.046,-0.229,0.193,-0.268,-0.246,0.414,-0.222,-0.113,-0.074,0.025,0.496,0.459,-0.264,-0.118,0.247,-0.087,0.2,-0.147,0.009,-0.098,-0.188,-0.127,-0.055,-0.089,-0.245,0.325,0.276,0.349,-0.122,0.0,-0.026,0.528,-0.112,-0.053,-0.297,-0.275,0.48,-0.336,-0.128,0.08,-0.307,-0.138,-0.205
BATRK,0.703,0.688,0.535,0.126,0.408,0.8,0.631,0.738,0.046,0.428,-0.248,0.63,0.734,0.58,-0.154,0.125,0.742,-0.2,0.649,0.519,-0.342,0.0,0.061,0.746,0.606,0.762,0.77,0.405,0.106,0.476,0.816,0.536,0.783,-0.404,0.729,0.581,-0.211,0.794,0.465,0.733,0.726,0.745,0.061,0.309,0.48,0.414,0.563,0.83,0.747,0.735,0.763,0.81,0.437,0.121,0.821,0.393,0.558,0.616,0.801,0.576,0.577,0.829,0.712,0.796,0.725,0.593,0.635,0.638,0.724,0.299,0.808,0.528,0.478,0.461,0.489,0.7,0.461,0.456,0.47,0.772,0.495,0.517,-0.26,-0.258,0.635,0.723,0.687,0.746,0.752,0.479,0.424,0.585,0.673,0.727,0.745,0.741,-0.39,0.791,0.85,0.58,0.615,0.395,0.839,0.115,0.608,0.651,0.627,0.708,0.196,0.742,0.54,0.751,0.674,0.431,0.224,0.74,0.657,0.352,0.701,0.543,-0.189,0.204,-0.429,0.526,0.564,0.815,0.169,0.413,0.634,0.486,0.315,0.448,0.727,0.452,-0.125,0.105,0.718,0.749,0.662,0.235,0.841,0.742,0.84,0.455,0.591,0.534,0.042,0.006,0.38,0.444,0.564,0.148,0.622,0.66,0.672,0.111,0.614,0.593,0.853,0.418,0.596,0.824,-0.393,0.748,0.765,0.397,0.008,-0.046,0.298,0.294,0.411,0.371,0.751,0.592,0.754,0.624,0.563,0.702,0.759,0.726,0.621,0.746,0.517,0.33,0.416,0.602,-0.112,0.737,0.365,0.685,0.564,0.75,0.811,0.22,0.164,0.675,0.49,0.787,0.724,0.513
BIDU,0.437,0.124,0.047,0.752,0.206,0.261,0.217,0.277,0.315,0.771,0.092,0.079,0.418,0.44,0.345,0.451,0.222,0.688,0.392,0.503,-0.025,0.061,0.0,0.093,0.36,0.251,0.419,0.526,0.556,0.547,0.266,0.531,0.291,0.518,0.273,-0.196,0.446,0.099,-0.167,0.238,0.049,0.426,0.363,0.699,0.225,0.461,0.313,0.396,0.384,0.39,-0.015,0.273,0.336,0.628,0.032,0.163,0.068,0.058,0.25,0.332,0.68,0.097,0.322,0.363,0.319,0.109,0.09,0.447,0.121,0.373,-0.072,0.518,0.288,0.543,0.016,0.384,0.571,0.304,0.597,0.145,0.542,0.572,0.438,0.192,0.331,0.435,0.386,0.149,0.109,0.368,0.083,0.393,0.097,0.237,0.388,0.142,0.358,0.199,-0.062,0.361,0.386,0.414,0.265,0.491,0.19,0.342,0.515,0.259,0.073,0.478,0.462,0.2,0.235,-0.096,0.498,0.346,0.446,0.532,0.564,0.369,0.03,0.596,0.297,0.319,0.289,0.278,0.521,0.4,0.042,0.217,0.672,0.485,-0.217,0.64,0.209,0.339,0.346,0.306,0.489,0.269,0.236,0.037,0.213,0.224,0.225,0.32,0.591,0.362,0.445,0.396,0.159,0.075,0.071,0.192,0.149,0.749,0.28,0.042,0.305,0.38,-0.123,0.194,0.15,0.461,0.283,0.129,0.458,0.308,0.184,0.323,0.552,0.072,0.386,0.103,0.183,0.37,0.502,0.111,0.104,0.263,0.563,-0.037,0.185,0.407,0.108,0.247,0.445,0.357,0.109,0.547,0.104,0.213,0.298,0.414,0.441,0.443,0.426,0.029,0.324,0.655
BLNE,0.64,0.896,0.884,-0.049,0.751,0.937,0.813,0.76,-0.277,0.35,-0.455,0.875,0.706,0.496,-0.479,-0.319,0.91,-0.37,0.774,0.218,-0.193,0.746,0.093,0.0,0.862,0.911,0.782,0.668,0.062,0.403,0.914,0.307,0.895,-0.228,0.907,0.817,-0.561,0.645,0.792,0.89,0.862,0.819,-0.447,0.252,0.693,0.454,0.331,0.842,0.755,0.882,0.951,0.638,0.706,-0.078,0.906,0.745,0.745,0.892,0.903,0.768,0.66,0.915,0.803,0.792,0.871,0.838,0.937,0.709,0.957,0.135,0.852,0.48,0.812,0.57,0.746,0.811,0.421,0.57,0.715,0.893,0.803,0.52,-0.129,-0.628,0.662,0.554,0.652,0.967,0.831,0.701,0.578,0.612,0.831,0.949,0.658,0.945,-0.084,0.833,0.888,0.806,0.766,0.647,0.804,0.358,0.9,0.839,0.846,0.933,-0.381,0.776,0.154,0.909,0.856,0.597,0.161,0.825,0.719,0.4,0.786,0.16,-0.503,0.029,-0.63,0.629,0.702,0.534,-0.26,0.449,0.954,0.839,0.131,0.405,0.813,0.514,-0.342,-0.201,0.887,0.785,0.552,0.212,0.933,0.963,0.914,0.434,0.949,0.822,-0.004,-0.191,0.244,0.149,0.822,0.429,0.876,0.831,0.926,0.307,0.343,0.906,0.763,0.424,0.41,0.916,-0.471,0.594,0.827,-0.113,-0.434,0.225,0.368,-0.188,0.184,0.776,0.768,0.846,0.937,0.874,0.334,0.669,0.934,0.935,0.48,0.826,0.726,0.144,0.714,0.88,-0.548,0.829,0.653,0.587,0.928,0.419,0.928,0.28,-0.095,0.675,0.702,0.958,0.933,0.567
BLNK,0.705,0.828,0.718,0.177,0.767,0.886,0.887,0.8,-0.043,0.596,-0.241,0.849,0.833,0.592,-0.197,-0.157,0.941,-0.001,0.88,0.376,0.135,0.606,0.36,0.862,0.0,0.897,0.774,0.893,0.384,0.619,0.88,0.521,0.89,0.144,0.904,0.539,-0.259,0.589,0.58,0.839,0.684,0.858,-0.218,0.547,0.773,0.715,0.361,0.874,0.776,0.919,0.723,0.652,0.926,0.264,0.738,0.63,0.826,0.876,0.904,0.789,0.722,0.791,0.859,0.83,0.881,0.849,0.9,0.855,0.83,0.211,0.673,0.698,0.85,0.799,0.82,0.916,0.614,0.643,0.826,0.828,0.902,0.738,0.185,-0.492,0.64,0.506,0.764,0.916,0.772,0.784,0.779,0.806,0.788,0.903,0.752,0.877,0.056,0.738,0.72,0.929,0.795,0.682,0.839,0.66,0.88,0.917,0.9,0.907,-0.409,0.866,0.258,0.887,0.924,0.444,0.486,0.897,0.87,0.685,0.859,0.181,-0.47,0.245,-0.259,0.844,0.878,0.479,0.018,0.726,0.806,0.911,0.384,0.698,0.635,0.659,-0.016,0.039,0.847,0.838,0.706,0.289,0.867,0.827,0.832,0.601,0.919,0.879,0.311,0.171,0.529,0.38,0.89,0.6,0.904,0.889,0.899,0.63,0.333,0.842,0.746,0.682,0.271,0.825,-0.201,0.683,0.842,0.032,-0.196,0.423,0.591,-0.056,0.402,0.787,0.843,0.896,0.89,0.945,0.528,0.593,0.856,0.925,0.658,0.606,0.865,0.405,0.798,0.835,-0.288,0.916,0.836,0.741,0.837,0.43,0.849,0.627,0.017,0.768,0.866,0.764,0.898,0.707
BTAI,0.778,0.894,0.771,0.11,0.827,0.968,0.863,0.91,-0.119,0.481,-0.363,0.886,0.848,0.589,-0.3,-0.09,0.958,-0.101,0.932,0.438,-0.052,0.762,0.251,0.911,0.897,0.0,0.851,0.774,0.21,0.579,0.959,0.543,0.955,-0.099,0.934,0.623,-0.326,0.71,0.677,0.93,0.745,0.906,-0.202,0.448,0.801,0.658,0.53,0.917,0.857,0.94,0.839,0.695,0.789,0.191,0.829,0.644,0.852,0.928,0.963,0.825,0.682,0.891,0.908,0.893,0.961,0.822,0.906,0.852,0.862,0.403,0.855,0.66,0.862,0.747,0.849,0.897,0.559,0.741,0.773,0.864,0.837,0.697,0.028,-0.427,0.796,0.556,0.805,0.95,0.869,0.814,0.72,0.838,0.881,0.948,0.834,0.963,-0.094,0.889,0.869,0.913,0.864,0.684,0.87,0.464,0.907,0.84,0.894,0.927,-0.256,0.879,0.361,0.956,0.922,0.452,0.42,0.9,0.835,0.576,0.841,0.357,-0.456,0.125,-0.441,0.753,0.795,0.551,-0.07,0.666,0.882,0.885,0.264,0.671,0.782,0.646,-0.097,-0.012,0.884,0.889,0.732,0.3,0.94,0.934,0.93,0.702,0.897,0.907,0.23,0.107,0.549,0.393,0.822,0.543,0.93,0.926,0.956,0.468,0.492,0.893,0.755,0.567,0.572,0.954,-0.377,0.734,0.949,0.057,-0.246,0.278,0.593,-0.066,0.43,0.799,0.903,0.907,0.959,0.945,0.549,0.617,0.93,0.949,0.675,0.73,0.741,0.369,0.822,0.868,-0.318,0.913,0.726,0.734,0.854,0.561,0.943,0.532,0.016,0.766,0.757,0.897,0.952,0.698
BYND,0.821,0.825,0.633,0.382,0.641,0.879,0.8,0.785,0.162,0.588,-0.143,0.774,0.83,0.724,-0.148,0.077,0.828,0.053,0.817,0.544,-0.156,0.77,0.419,0.782,0.774,0.851,0.0,0.707,0.362,0.617,0.879,0.629,0.873,-0.082,0.845,0.497,-0.096,0.746,0.466,0.835,0.745,0.858,0.005,0.528,0.682,0.593,0.453,0.888,0.733,0.852,0.763,0.827,0.666,0.382,0.821,0.54,0.681,0.715,0.872,0.825,0.842,0.808,0.802,0.84,0.858,0.782,0.754,0.795,0.824,0.325,0.701,0.682,0.725,0.681,0.616,0.881,0.641,0.591,0.728,0.782,0.798,0.748,0.135,-0.21,0.71,0.795,0.847,0.824,0.836,0.747,0.561,0.75,0.721,0.82,0.808,0.782,-0.051,0.867,0.778,0.745,0.793,0.629,0.858,0.347,0.729,0.814,0.817,0.8,-0.106,0.869,0.515,0.826,0.829,0.554,0.465,0.905,0.843,0.616,0.856,0.582,-0.134,0.347,-0.259,0.702,0.726,0.67,0.195,0.589,0.707,0.686,0.486,0.622,0.639,0.673,-0.021,0.225,0.848,0.832,0.748,0.239,0.905,0.796,0.902,0.56,0.74,0.795,0.307,0.118,0.497,0.507,0.772,0.309,0.707,0.793,0.779,0.484,0.664,0.704,0.886,0.587,0.464,0.845,-0.388,0.818,0.815,0.175,0.019,0.33,0.454,0.157,0.528,0.615,0.849,0.704,0.815,0.819,0.639,0.792,0.846,0.84,0.757,0.622,0.697,0.43,0.611,0.731,-0.089,0.853,0.551,0.796,0.68,0.693,0.844,0.402,0.312,0.832,0.731,0.781,0.87,0.748
CAN,0.68,0.702,0.523,0.318,0.732,0.735,0.864,0.733,0.126,0.655,-0.051,0.736,0.815,0.489,-0.0,-0.088,0.815,0.238,0.829,0.46,0.262,0.405,0.526,0.668,0.893,0.774,0.707,0.0,0.531,0.666,0.756,0.586,0.77,0.404,0.776,0.284,-0.027,0.448,0.355,0.674,0.444,0.778,-0.058,0.709,0.718,0.789,0.279,0.77,0.677,0.841,0.519,0.52,0.925,0.488,0.533,0.476,0.731,0.738,0.787,0.684,0.689,0.618,0.722,0.736,0.801,0.767,0.768,0.897,0.674,0.236,0.44,0.741,0.805,0.877,0.742,0.87,0.665,0.654,0.821,0.694,0.875,0.793,0.472,-0.31,0.494,0.437,0.742,0.77,0.659,0.818,0.781,0.799,0.624,0.772,0.721,0.722,0.192,0.629,0.501,0.929,0.757,0.673,0.725,0.682,0.755,0.874,0.817,0.781,-0.439,0.812,0.293,0.759,0.876,0.261,0.653,0.82,0.861,0.81,0.847,0.148,-0.389,0.365,0.03,0.898,0.907,0.335,0.162,0.81,0.612,0.858,0.532,0.771,0.366,0.674,0.173,0.062,0.734,0.779,0.712,0.335,0.732,0.63,0.692,0.651,0.798,0.872,0.559,0.322,0.667,0.48,0.829,0.595,0.79,0.808,0.774,0.808,0.275,0.675,0.629,0.782,0.104,0.658,0.035,0.659,0.729,0.062,-0.017,0.507,0.552,0.021,0.497,0.717,0.804,0.796,0.73,0.869,0.548,0.457,0.72,0.756,0.701,0.392,0.834,0.594,0.71,0.71,-0.08,0.859,0.826,0.749,0.69,0.373,0.698,0.766,0.145,0.739,0.896,0.535,0.784,0.65
CCEC,0.56,0.187,-0.159,0.601,0.042,0.164,0.377,0.337,0.627,0.594,0.507,0.15,0.569,0.589,0.604,0.389,0.312,0.594,0.394,0.634,0.163,0.106,0.556,0.062,0.384,0.21,0.362,0.531,0.0,0.768,0.307,0.699,0.31,0.464,0.312,-0.41,0.648,0.327,-0.361,0.109,0.14,0.408,0.526,0.795,0.233,0.692,0.331,0.41,0.307,0.353,-0.074,0.472,0.49,0.772,0.133,-0.054,0.26,0.125,0.331,0.32,0.514,0.033,0.393,0.461,0.327,0.245,0.098,0.544,0.094,0.019,-0.072,0.732,0.158,0.663,0.155,0.448,0.742,0.133,0.379,0.245,0.408,0.522,0.569,0.231,0.18,0.471,0.567,0.162,0.263,0.332,0.359,0.537,0.006,0.1,0.512,0.085,-0.099,0.255,0.069,0.388,0.398,0.009,0.457,0.338,0.134,0.485,0.347,0.149,0.006,0.533,0.589,0.261,0.345,0.022,0.69,0.467,0.628,0.803,0.43,0.349,-0.034,0.779,0.634,0.558,0.513,0.377,0.691,0.649,-0.091,0.239,0.78,0.61,-0.181,0.388,0.639,0.368,0.262,0.481,0.64,0.376,0.259,0.024,0.273,0.458,0.154,0.26,0.754,0.72,0.667,0.718,0.33,0.255,0.201,0.349,0.13,0.654,0.4,-0.003,0.397,0.758,-0.042,0.17,0.354,0.576,0.313,0.48,0.578,0.168,0.416,0.442,0.74,0.051,0.487,0.202,0.239,0.31,0.729,0.338,0.207,0.207,0.704,-0.24,0.382,0.518,0.088,0.077,0.534,0.504,0.324,0.589,0.069,0.488,0.144,0.617,0.535,0.53,0.607,-0.039,0.221,0.596
CDW,0.811,0.497,0.112,0.538,0.304,0.544,0.606,0.727,0.419,0.657,0.145,0.448,0.854,0.742,0.381,0.387,0.655,0.431,0.728,0.862,-0.076,0.476,0.547,0.403,0.619,0.579,0.617,0.666,0.768,0.0,0.689,0.862,0.691,0.289,0.657,-0.131,0.45,0.604,-0.077,0.438,0.46,0.715,0.465,0.872,0.478,0.873,0.643,0.746,0.707,0.717,0.306,0.688,0.643,0.695,0.465,0.196,0.497,0.468,0.696,0.536,0.687,0.337,0.702,0.824,0.695,0.418,0.383,0.798,0.379,0.161,0.376,0.904,0.44,0.899,0.389,0.634,0.918,0.366,0.6,0.626,0.585,0.723,0.308,0.084,0.568,0.608,0.859,0.506,0.559,0.619,0.54,0.767,0.317,0.45,0.835,0.465,-0.367,0.668,0.44,0.676,0.757,0.164,0.77,0.265,0.448,0.712,0.683,0.479,0.113,0.843,0.796,0.659,0.635,0.031,0.767,0.744,0.815,0.883,0.724,0.543,-0.377,0.68,0.272,0.673,0.668,0.637,0.571,0.801,0.236,0.515,0.756,0.844,0.144,0.594,0.385,0.126,0.551,0.828,0.9,0.638,0.599,0.396,0.639,0.725,0.443,0.516,0.762,0.675,0.813,0.824,0.484,0.464,0.518,0.685,0.484,0.699,0.605,0.324,0.616,0.852,0.321,0.57,0.023,0.859,0.712,0.494,0.336,-0.028,0.514,0.479,0.905,0.276,0.813,0.501,0.619,0.64,0.905,0.47,0.557,0.523,0.918,0.138,0.477,0.545,0.333,0.385,0.378,0.778,0.426,0.827,0.373,0.73,0.539,0.694,0.541,0.82,0.805,0.353,0.567,0.826
CDXS,0.84,0.898,0.713,0.178,0.731,0.961,0.871,0.922,-0.041,0.501,-0.316,0.858,0.909,0.68,-0.228,-0.03,0.966,-0.086,0.915,0.561,-0.198,0.816,0.266,0.914,0.88,0.959,0.879,0.756,0.307,0.689,0.0,0.631,0.985,-0.104,0.963,0.572,-0.242,0.772,0.575,0.886,0.823,0.924,-0.107,0.536,0.743,0.698,0.579,0.96,0.879,0.966,0.858,0.79,0.767,0.222,0.883,0.605,0.786,0.883,0.985,0.825,0.768,0.866,0.918,0.962,0.967,0.801,0.865,0.874,0.87,0.259,0.856,0.733,0.799,0.791,0.744,0.887,0.685,0.649,0.765,0.931,0.827,0.71,0.001,-0.368,0.764,0.684,0.866,0.946,0.893,0.805,0.662,0.818,0.807,0.923,0.88,0.932,-0.243,0.944,0.899,0.886,0.903,0.578,0.935,0.345,0.88,0.89,0.905,0.902,-0.163,0.943,0.491,0.975,0.917,0.44,0.454,0.942,0.884,0.643,0.886,0.435,-0.484,0.24,-0.393,0.741,0.792,0.673,0.042,0.661,0.824,0.829,0.395,0.681,0.725,0.655,-0.098,-0.064,0.904,0.939,0.811,0.416,0.969,0.913,0.972,0.677,0.872,0.854,0.293,0.14,0.565,0.49,0.8,0.503,0.886,0.931,0.914,0.486,0.562,0.836,0.839,0.651,0.548,0.965,-0.403,0.839,0.961,0.166,-0.172,0.171,0.509,0.073,0.54,0.717,0.947,0.857,0.972,0.924,0.654,0.701,0.949,0.931,0.769,0.711,0.736,0.373,0.701,0.815,-0.247,0.948,0.644,0.796,0.836,0.673,0.95,0.491,0.176,0.838,0.826,0.897,0.953,0.766
CELH,0.773,0.46,0.022,0.572,0.297,0.514,0.573,0.712,0.483,0.634,0.195,0.401,0.85,0.691,0.414,0.507,0.587,0.507,0.707,0.917,0.006,0.536,0.531,0.307,0.521,0.543,0.629,0.586,0.699,0.862,0.631,0.0,0.642,0.226,0.583,-0.181,0.525,0.592,-0.143,0.414,0.329,0.643,0.603,0.871,0.469,0.837,0.662,0.711,0.607,0.634,0.215,0.724,0.555,0.738,0.379,-0.002,0.498,0.407,0.627,0.533,0.617,0.352,0.671,0.776,0.633,0.378,0.305,0.758,0.289,0.296,0.358,0.846,0.382,0.802,0.357,0.658,0.846,0.509,0.48,0.491,0.505,0.784,0.328,0.249,0.48,0.638,0.832,0.435,0.562,0.565,0.505,0.794,0.352,0.411,0.85,0.399,-0.305,0.629,0.451,0.596,0.633,0.205,0.731,0.309,0.395,0.574,0.542,0.367,0.269,0.79,0.848,0.573,0.576,-0.048,0.798,0.704,0.79,0.79,0.669,0.698,-0.107,0.563,0.323,0.647,0.62,0.648,0.704,0.754,0.137,0.394,0.803,0.846,0.179,0.631,0.458,0.314,0.518,0.732,0.867,0.505,0.541,0.324,0.591,0.738,0.299,0.46,0.695,0.702,0.891,0.891,0.416,0.337,0.444,0.627,0.405,0.599,0.715,0.264,0.627,0.8,0.421,0.512,0.009,0.86,0.694,0.684,0.507,0.05,0.518,0.576,0.911,0.229,0.813,0.444,0.509,0.533,0.916,0.455,0.481,0.462,0.938,0.13,0.471,0.698,0.3,0.222,0.483,0.706,0.367,0.818,0.228,0.8,0.489,0.703,0.553,0.741,0.655,0.277,0.5,0.722
