,ABEO,ACHC,AGNCN,AKAM,AKRO,ALRM,AMAT,AMED,AMRN,ANGI,APA,APOG,APPS,ARCB,ARCC,ARVN,ATEC,ATXS,AVAV,AXON,BANF,BATRK,BIDU,BLNE,BLNK,BTAI,BYND,CAN,CCEC,CDW,CDXS,CELH,CGNX,CHKP,CHRS,CHRW,CIGI,CKPT,CMPR,COGT,CRNC,CRSP,CSTL,CTSH,CVGW,DGLY,DNLI,DOCU,DVAX,EBAY,EHTH,ERII,ESLT,EXPE,EXPO,FBIOP,FFBC,FFIN,FOXF,FWRD,GDS,GERN,GPRE,GRWG,GRYP,HEES,HELE,HIVE,HON,HRTX,HSTM,HURA,IART,IBKR,IBOC,IBRX,IDXX,INGN,INM,INVA,IQ,IRBT,KDP,KPTI,KTOS,KXIN,LAMR,LFUS,LGIH,LGMK,LKFN,LNW,LOPE,LPSN,LYFT,MGNX,MLCO,MNST,MODV,MSTR,MTCH,MYGN,MYRG,NCMI,NEXT,NFLX,NIU,NKTR,NRC,NTNX,NTRA,NVEE,NVMI,NWL,NWS,NXPI,OCGN,OCSL,OKTA,OLLI,OTLK,OXLC,PAA,PARA,PARAA,PDCO,PDFS,PFG,PGEN,PNFP,PODD,POWI,PSMT,PTC,PTEN,PVLA,RDNT,RDUS,RDWR,REGN,RNAC,ROCK,ROST,RRR,RSLS,RVMD,RYAAY,SAFT,SAGE,SAVA,SBGI,SFM,SFNC,SHYF,SIBN,SIFY,SIGI,SIMO,SITM,SLM,SNBR,SNDX,SNY,SPNS,SRRK,STRA,SUPN,SYRE,TCBK,TEAM,TECH,THRM,TLRY,TRMK,TROW,TSLA,TWST,TXN,UFPI,UNIT,UPWK,USLM,UTHR,VERB,VLY,VRNA,VRRM,VXRT,WAFD,WATT,WBA,WING,WIX,WTFC,WTW,XPEL,XRX,YMAB,ZG,ZLAB
ABEO,0.0,0.365,0.062,0.268,0.152,0.263,-0.109,0.459,0.295,0.56,-0.208,0.186,0.152,0.221,0.494,0.304,0.311,0.438,0.397,-0.149,-0.268,0.049,-0.252,0.339,0.627,0.027,0.632,0.127,-0.554,-0.01,0.047,0.154,-0.028,0.25,0.533,0.349,0.246,0.458,-0.173,0.41,0.294,0.147,0.64,0.553,-0.107,-0.409,0.251,0.351,-0.269,-0.083,-0.191,0.706,0.471,0.291,-0.117,-0.328,0.317,0.382,-0.105,0.029,-0.218,0.29,-0.252,-0.152,0.448,-0.083,0.278,0.401,-0.087,0.503,0.131,0.299,0.221,0.248,-0.176,0.358,0.024,0.566,-0.028,0.376,-0.158,0.37,0.359,-0.071,0.499,-0.048,0.318,0.007,0.457,0.234,0.442,-0.002,-0.044,0.106,0.506,-0.243,-0.271,-0.21,0.708,0.287,0.192,0.216,-0.223,-0.081,0.195,0.327,-0.364,0.346,0.346,0.199,0.402,0.239,-0.288,0.214,0.061,-0.144,0.58,-0.184,0.586,0.537,0.388,0.061,-0.2,0.305,0.28,-0.252,-0.065,-0.013,-0.069,0.154,-0.304,-0.108,-0.241,-0.188,0.006,0.541,0.44,-0.155,0.424,0.338,0.391,0.49,0.159,0.031,0.341,0.354,-0.078,0.139,0.615,0.231,-0.024,-0.046,-0.085,-0.067,0.404,0.213,0.647,-0.282,0.102,0.204,-0.059,0.293,0.01,0.574,0.455,-0.321,0.333,-0.061,0.313,0.533,-0.084,-0.244,0.131,0.057,0.046,0.537,0.49,-0.15,0.05,0.624,0.405,-0.038,-0.392,0.113,-0.003,0.362,0.506,0.541,0.391,0.583,-0.133,0.294,0.418,0.208,-0.146,0.652,-0.084,-0.071,-0.144,-0.281
ACHC,0.365,0.0,0.315,0.751,0.139,-0.052,0.426,0.124,0.091,0.429,-0.047,0.628,0.501,0.572,0.328,0.307,0.402,-0.363,0.587,0.437,0.461,0.519,0.276,-0.182,0.347,0.438,0.25,-0.172,-0.214,0.483,0.138,0.489,0.536,0.349,-0.153,0.618,0.623,-0.189,0.139,0.113,0.469,0.393,-0.123,0.492,0.348,-0.056,0.174,0.412,0.35,0.467,0.407,0.227,0.136,0.602,0.324,-0.255,0.269,0.496,0.489,0.44,0.319,0.545,0.268,0.443,-0.284,0.143,0.507,-0.158,0.312,-0.158,0.516,-0.202,0.488,-0.184,0.401,0.266,0.37,0.609,0.058,0.415,0.187,-0.242,0.315,0.527,-0.045,-0.308,0.634,0.598,0.735,-0.04,0.018,0.386,0.233,0.39,-0.209,0.253,0.137,0.283,0.479,-0.334,0.36,0.753,0.111,0.395,-0.4,0.428,0.183,0.154,0.42,0.257,-0.295,0.533,0.295,0.251,0.413,0.405,0.429,0.222,0.295,0.433,0.17,0.118,-0.147,0.335,0.376,0.438,0.397,0.268,0.272,0.34,0.094,0.495,0.125,0.236,0.173,0.008,-0.077,0.387,0.545,0.092,-0.281,0.472,0.547,0.466,-0.277,0.365,0.405,0.455,0.101,0.117,0.35,0.513,0.274,0.392,-0.315,-0.176,0.284,0.055,0.581,0.484,0.386,-0.034,0.327,0.672,0.059,0.227,0.168,0.129,0.124,0.042,0.398,0.249,0.286,0.199,0.559,-0.17,0.073,0.374,0.611,0.604,0.202,0.211,-0.061,-0.146,0.423,0.031,0.254,0.113,-0.041,-0.027,0.34,0.568,0.555,0.046,0.314,0.1,0.247,0.002,0.384,0.161
AGNCN,0.062,0.315,0.0,0.433,-0.173,-0.752,0.776,-0.635,0.703,0.242,0.636,0.797,0.396,0.499,0.66,0.468,-0.147,-0.53,0.629,0.753,0.551,0.18,0.591,-0.471,-0.005,0.652,0.359,-0.446,0.346,0.828,0.65,0.447,0.717,0.888,-0.522,0.027,-0.147,-0.598,0.664,-0.635,0.572,0.547,-0.001,-0.325,0.856,0.167,0.562,-0.029,0.76,0.741,0.583,-0.464,-0.645,0.095,0.863,0.527,0.717,0.114,0.765,0.865,0.275,-0.274,0.805,0.706,-0.602,0.907,0.569,-0.714,0.94,-0.651,0.891,-0.564,0.914,-0.213,0.781,0.228,0.811,0.306,-0.57,-0.417,0.666,-0.695,-0.522,0.737,-0.005,-0.673,0.473,0.633,0.52,-0.816,-0.109,0.722,0.905,0.844,-0.512,0.803,0.744,0.819,-0.328,-0.588,0.598,0.094,0.45,0.71,-0.131,-0.015,0.598,0.388,-0.54,0.508,-0.539,0.654,0.781,-0.644,0.369,0.769,-0.045,0.669,-0.476,-0.216,-0.569,0.831,0.741,-0.311,-0.274,0.525,0.598,0.914,0.322,0.702,0.826,0.677,0.83,0.835,0.931,-0.124,-0.69,0.338,-0.365,0.081,-0.571,0.709,0.535,0.75,-0.711,0.741,0.861,0.738,-0.309,0.397,0.024,0.811,0.3,0.858,-0.594,-0.81,-0.154,0.774,0.79,0.811,-0.16,-0.529,0.87,-0.056,0.45,0.832,0.21,0.865,0.672,-0.685,0.766,0.805,0.834,0.851,0.615,-0.538,0.116,0.703,0.706,0.105,0.461,0.865,0.762,-0.866,0.826,0.73,-0.545,-0.424,-0.217,-0.098,0.807,0.892,0.143,-0.12,0.838,0.262,0.322,-0.835,0.756,0.753
AKAM,0.268,0.751,0.433,0.0,0.405,-0.239,0.733,0.086,0.279,0.728,0.02,0.819,0.858,0.862,0.22,0.521,0.51,-0.451,0.767,0.735,0.601,0.304,0.59,-0.477,0.447,0.802,0.386,-0.365,0.063,0.737,0.398,0.667,0.744,0.42,-0.253,0.617,0.636,-0.372,0.546,-0.136,0.72,0.733,-0.037,0.445,0.463,0.172,0.569,0.663,0.57,0.776,0.515,0.055,-0.237,0.776,0.559,-0.145,0.239,0.57,0.735,0.693,0.637,0.469,0.568,0.747,-0.479,0.361,0.777,-0.402,0.488,-0.37,0.592,-0.591,0.634,-0.623,0.511,0.56,0.718,0.632,0.167,0.466,0.553,-0.544,-0.04,0.683,-0.134,-0.461,0.819,0.83,0.844,-0.265,-0.465,0.643,0.48,0.623,-0.295,0.534,0.53,0.395,0.221,-0.666,0.741,0.782,0.463,0.673,-0.686,0.586,0.53,0.337,0.136,0.663,-0.62,0.697,0.563,0.088,0.765,0.688,0.477,0.342,0.218,0.381,-0.136,0.214,-0.049,0.463,0.502,0.688,0.761,0.512,0.663,0.52,0.235,0.781,0.374,0.501,0.263,-0.249,-0.288,0.711,0.365,-0.036,-0.481,0.608,0.528,0.77,-0.505,0.622,0.649,0.399,0.009,0.448,0.678,0.774,0.571,0.672,-0.502,-0.374,-0.019,0.383,0.807,0.721,0.611,-0.334,0.358,0.67,0.228,0.407,0.212,0.354,-0.007,-0.132,0.708,0.546,0.562,0.27,0.871,-0.4,0.036,0.725,0.868,0.702,0.599,0.303,0.1,-0.245,0.655,0.051,0.164,0.093,-0.332,-0.297,0.653,0.554,0.731,-0.25,0.627,0.08,0.489,-0.082,0.685,0.521
AKRO,0.152,0.139,-0.173,0.405,0.0,0.168,0.138,0.397,-0.308,0.412,-0.391,0.148,0.652,0.463,-0.097,0.67,0.711,0.302,0.375,0.207,0.085,0.287,0.406,-0.183,0.603,0.474,0.383,0.214,-0.095,0.14,-0.195,0.624,0.116,-0.234,0.116,0.369,0.359,0.177,0.187,-0.004,0.317,0.577,0.255,0.643,0.065,0.137,0.364,0.722,0.079,0.266,-0.314,0.416,-0.066,0.55,-0.062,-0.465,-0.431,0.208,0.251,0.036,0.627,0.514,-0.013,0.302,-0.049,-0.217,0.539,0.09,-0.135,0.074,-0.156,-0.325,0.098,-0.561,-0.259,0.682,0.189,0.612,0.655,0.442,0.384,-0.154,-0.109,-0.06,-0.386,0.292,0.566,0.416,0.439,0.238,-0.501,0.446,-0.067,-0.145,0.237,-0.072,0.166,-0.166,0.169,-0.187,0.378,0.392,0.205,0.207,-0.666,0.823,0.365,-0.206,0.026,0.628,-0.241,0.224,-0.078,0.336,0.615,0.152,0.417,0.267,0.485,0.312,0.201,-0.521,-0.523,0.748,0.751,0.235,0.498,-0.18,0.69,-0.217,-0.31,0.293,-0.191,-0.143,-0.34,-0.179,0.269,0.616,0.285,-0.228,0.001,0.147,0.283,0.32,0.074,0.147,-0.049,-0.166,0.469,0.201,0.67,0.159,-0.013,0.046,0.057,0.14,0.022,0.063,0.201,-0.031,0.565,-0.391,-0.156,0.586,0.358,-0.192,-0.005,-0.262,-0.548,0.295,0.198,0.022,0.12,-0.478,0.354,0.079,-0.323,0.146,0.306,0.58,0.471,-0.298,-0.324,0.208,-0.131,-0.329,0.626,0.274,-0.638,-0.128,0.165,-0.073,0.77,-0.678,0.054,0.073,0.27,0.31,0.179,0.117
ALRM,0.263,-0.052,-0.752,-0.239,0.168,0.0,-0.664,0.752,-0.502,0.017,-0.415,-0.57,-0.176,-0.245,-0.22,-0.198,0.427,0.586,-0.315,-0.765,-0.612,-0.206,-0.519,0.541,0.404,-0.468,0.116,0.732,-0.446,-0.702,-0.338,-0.263,-0.461,-0.688,0.799,0.301,0.434,0.733,-0.678,0.847,-0.199,-0.293,0.213,0.541,-0.795,-0.327,-0.34,0.338,-0.695,-0.609,-0.59,0.65,0.749,0.21,-0.819,-0.573,-0.498,0.133,-0.657,-0.663,-0.187,0.561,-0.745,-0.698,0.716,-0.876,-0.265,0.9,-0.862,0.863,-0.727,0.669,-0.638,0.267,-0.793,0.148,-0.676,0.056,0.477,0.542,-0.581,0.769,0.612,-0.532,0.308,0.649,-0.203,-0.499,-0.116,0.922,0.355,-0.613,-0.884,-0.631,0.739,-0.764,-0.779,-0.786,0.659,0.693,-0.384,0.194,-0.593,-0.509,0.285,0.317,-0.607,0.024,0.7,-0.41,0.674,-0.303,-0.751,0.883,-0.159,-0.691,0.493,-0.669,0.777,0.591,0.88,-0.702,-0.708,0.514,0.481,-0.465,-0.509,-0.796,-0.28,-0.394,-0.855,-0.615,-0.849,-0.77,-0.756,0.327,0.873,-0.271,0.585,-0.107,0.779,-0.364,-0.437,-0.655,0.86,-0.387,-0.732,-0.66,0.627,-0.111,0.055,-0.728,-0.278,-0.73,0.744,0.857,0.339,-0.758,-0.547,-0.559,0.162,0.483,-0.829,0.392,-0.273,-0.878,0.131,-0.86,-0.452,0.844,-0.634,-0.827,-0.632,-0.721,-0.418,0.764,0.272,-0.665,-0.526,0.284,-0.128,-0.827,-0.88,0.924,-0.668,-0.556,0.708,0.804,0.388,0.397,-0.68,-0.517,0.119,0.163,-0.818,0.004,-0.281,0.795,-0.641,-0.703
AMAT,-0.109,0.426,0.776,0.733,0.138,-0.664,0.0,-0.448,0.54,0.422,0.519,0.911,0.732,0.815,0.302,0.462,0.192,-0.714,0.666,0.936,0.765,0.236,0.863,-0.686,0.068,0.897,0.214,-0.521,0.565,0.953,0.625,0.604,0.912,0.633,-0.647,0.292,0.238,-0.775,0.875,-0.639,0.759,0.754,-0.259,-0.115,0.817,0.474,0.606,0.321,0.933,0.973,0.745,-0.495,-0.725,0.475,0.909,0.416,0.443,0.246,0.947,0.96,0.706,0.021,0.948,0.93,-0.815,0.788,0.735,-0.806,0.859,-0.754,0.798,-0.856,0.818,-0.666,0.832,0.378,0.957,0.377,-0.254,-0.036,0.863,-0.896,-0.492,0.872,-0.265,-0.615,0.659,0.886,0.643,-0.743,-0.566,0.836,0.829,0.852,-0.645,0.927,0.915,0.825,-0.366,-0.867,0.812,0.409,0.757,0.865,-0.584,0.224,0.839,0.406,-0.371,0.696,-0.865,0.726,0.95,-0.376,0.727,0.982,0.113,0.664,-0.342,-0.012,-0.569,0.591,0.497,0.065,0.112,0.899,0.891,0.855,0.714,0.721,0.751,0.958,0.853,0.89,0.695,-0.49,-0.723,0.775,-0.149,-0.036,-0.738,0.631,0.6,0.917,-0.845,0.676,0.958,0.607,-0.405,0.456,0.533,0.922,0.597,0.97,-0.802,-0.735,-0.368,0.84,0.942,0.862,0.377,-0.644,0.671,0.176,0.21,0.861,0.236,0.738,0.203,-0.701,0.957,0.941,0.824,0.626,0.921,-0.774,-0.053,0.972,0.946,0.298,0.517,0.682,0.654,-0.644,0.916,0.307,-0.416,-0.365,-0.482,-0.54,0.968,0.714,0.359,-0.281,0.943,-0.086,0.553,-0.476,0.964,0.922
AMED,0.459,0.124,-0.635,0.086,0.397,0.752,-0.448,0.0,-0.292,0.358,-0.544,-0.288,0.087,0.036,-0.193,-0.01,0.582,0.512,-0.03,-0.51,-0.404,-0.156,-0.379,0.403,0.566,-0.215,0.282,0.432,-0.506,-0.457,-0.262,-0.057,-0.279,-0.514,0.743,0.456,0.534,0.658,-0.416,0.798,0.031,-0.062,0.363,0.711,-0.637,-0.248,-0.092,0.543,-0.562,-0.383,-0.449,0.743,0.717,0.386,-0.619,-0.696,-0.337,0.4,-0.436,-0.455,-0.07,0.604,-0.585,-0.449,0.614,-0.695,-0.035,0.742,-0.686,0.745,-0.489,0.438,-0.43,0.083,-0.598,0.314,-0.42,0.263,0.524,0.764,-0.402,0.612,0.704,-0.372,0.303,0.462,0.034,-0.232,0.142,0.768,0.17,-0.386,-0.625,-0.425,0.692,-0.586,-0.564,-0.647,0.74,0.462,-0.139,0.378,-0.318,-0.348,-0.001,0.478,-0.466,0.109,0.705,-0.104,0.48,-0.103,-0.597,0.752,0.033,-0.477,0.65,-0.554,0.86,0.663,0.687,-0.579,-0.739,0.674,0.634,-0.343,-0.27,-0.581,-0.043,-0.226,-0.77,-0.365,-0.709,-0.595,-0.708,0.387,0.77,-0.091,0.701,0.067,0.603,-0.127,-0.257,-0.312,0.678,-0.185,-0.522,-0.445,0.636,0.103,0.274,-0.46,-0.052,-0.524,0.607,0.69,0.452,-0.656,-0.318,-0.27,0.444,0.43,-0.616,0.598,0.014,-0.74,0.137,-0.652,-0.408,0.837,-0.436,-0.646,-0.389,-0.59,-0.18,0.649,0.231,-0.424,-0.27,0.528,0.139,-0.71,-0.847,0.754,-0.43,-0.385,0.781,0.8,0.292,0.303,-0.492,-0.367,0.382,0.152,-0.566,0.169,-0.166,0.685,-0.452,-0.57
AMRN,0.295,0.091,0.703,0.279,-0.308,-0.502,0.54,-0.292,0.0,0.385,0.513,0.568,0.214,0.423,0.458,0.177,-0.093,-0.32,0.431,0.408,0.333,-0.211,0.215,-0.196,-0.028,0.376,0.359,-0.428,0.228,0.543,0.677,0.1,0.513,0.739,-0.094,0.04,-0.115,-0.408,0.532,-0.309,0.521,0.291,0.188,-0.229,0.487,0.181,0.508,0.019,0.427,0.454,0.499,-0.227,-0.365,0.005,0.623,0.489,0.784,0.31,0.426,0.682,-0.024,-0.302,0.564,0.366,-0.278,0.714,0.357,-0.442,0.648,-0.26,0.709,-0.299,0.621,-0.034,0.595,0.145,0.642,0.133,-0.565,-0.13,0.333,-0.32,-0.23,0.554,0.475,-0.652,0.196,0.338,0.345,-0.588,0.026,0.336,0.685,0.749,-0.238,0.601,0.469,0.538,-0.14,-0.35,0.55,0.001,0.317,0.503,0.132,-0.146,0.202,0.648,-0.289,0.356,-0.245,0.575,0.55,-0.521,0.18,0.534,0.104,0.199,-0.249,-0.04,-0.442,0.85,0.653,-0.243,-0.237,0.304,0.296,0.768,0.078,0.778,0.572,0.43,0.648,0.65,0.755,0.112,-0.415,0.048,-0.149,0.379,-0.259,0.597,0.127,0.539,-0.436,0.574,0.64,0.557,-0.184,0.49,0.007,0.487,0.433,0.626,-0.282,-0.553,-0.01,0.464,0.577,0.76,-0.174,-0.142,0.569,-0.049,0.387,0.536,0.332,0.752,0.678,-0.386,0.54,0.545,0.623,0.802,0.407,-0.287,0.388,0.542,0.453,0.155,0.49,0.579,0.468,-0.559,0.713,0.751,-0.427,-0.133,0.21,-0.012,0.544,0.625,-0.02,0.265,0.618,0.297,0.273,-0.665,0.463,0.471
ANGI,0.56,0.429,0.242,0.728,0.412,0.017,0.422,0.358,0.385,0.0,-0.092,0.53,0.69,0.68,0.247,0.47,0.513,0.002,0.599,0.376,0.21,-0.122,0.249,-0.255,0.675,0.563,0.62,-0.184,-0.116,0.443,0.468,0.385,0.43,0.247,0.218,0.495,0.552,0.039,0.368,0.167,0.635,0.655,0.408,0.47,0.074,-0.123,0.693,0.717,0.148,0.47,0.244,0.298,-0.007,0.701,0.245,-0.198,0.179,0.518,0.337,0.445,0.351,0.386,0.268,0.384,-0.035,0.145,0.593,-0.04,0.173,0.057,0.308,-0.27,0.421,-0.405,0.148,0.651,0.516,0.533,0.14,0.575,0.299,-0.187,-0.013,0.413,0.195,-0.264,0.638,0.449,0.694,-0.035,-0.274,0.319,0.235,0.521,0.133,0.225,0.252,0.033,0.413,-0.357,0.685,0.564,0.265,0.414,-0.378,0.574,0.156,0.585,0.136,0.593,-0.241,0.547,0.226,0.186,0.505,0.355,0.679,-0.05,0.473,0.527,0.056,0.147,-0.109,0.515,0.522,0.315,0.46,0.308,0.506,0.479,-0.068,0.413,0.115,0.263,0.107,0.015,-0.012,0.42,0.322,-0.006,-0.046,0.564,0.203,0.472,-0.123,0.643,0.362,0.057,0.32,0.587,0.577,0.465,0.398,0.38,-0.096,-0.042,0.11,0.17,0.514,0.541,0.467,-0.073,0.067,0.621,0.321,0.033,0.327,0.193,0.015,0.215,0.459,0.228,0.43,0.149,0.626,0.023,0.391,0.426,0.553,0.738,0.76,0.06,-0.142,0.023,0.43,0.158,0.308,0.46,-0.029,0.05,0.337,0.369,0.7,-0.098,0.319,0.387,0.331,0.004,0.365,0.267
APA,-0.208,-0.047,0.636,0.02,-0.391,-0.415,0.519,-0.544,0.513,-0.092,0.0,0.431,0.088,0.247,0.472,0.06,-0.148,-0.445,0.186,0.371,0.282,-0.144,0.477,-0.305,-0.166,0.292,0.098,-0.093,0.694,0.481,0.681,0.121,0.59,0.463,-0.355,-0.068,-0.122,-0.502,0.542,-0.452,0.404,0.186,-0.195,-0.54,0.524,0.205,0.184,-0.164,0.611,0.438,0.457,-0.648,-0.491,-0.009,0.585,0.609,0.54,-0.095,0.465,0.6,0.208,-0.364,0.668,0.337,-0.385,0.654,0.198,-0.436,0.615,-0.447,0.525,-0.338,0.503,-0.058,0.581,-0.021,0.506,-0.067,-0.599,-0.454,0.526,-0.447,-0.428,0.56,0.125,-0.294,0.104,0.298,0.147,-0.587,0.048,0.353,0.526,0.546,-0.317,0.644,0.531,0.733,-0.473,-0.254,0.314,-0.119,0.366,0.438,0.196,-0.261,0.464,0.491,-0.37,0.121,-0.285,0.322,0.652,-0.394,0.191,0.503,-0.063,0.447,-0.491,-0.251,-0.386,0.655,0.791,-0.371,-0.353,0.435,0.282,0.642,0.12,0.687,0.762,0.383,0.677,0.726,0.727,-0.14,-0.474,0.182,-0.401,0.072,-0.228,0.375,0.132,0.369,-0.414,0.402,0.627,0.358,-0.428,0.258,-0.026,0.373,0.259,0.599,-0.368,-0.468,-0.262,0.582,0.463,0.515,-0.177,-0.325,0.491,-0.323,0.043,0.655,0.25,0.557,0.457,-0.664,0.528,0.561,0.602,0.662,0.311,-0.364,0.215,0.456,0.345,-0.172,0.144,0.554,0.652,-0.477,0.632,0.421,-0.69,-0.307,0.049,-0.183,0.576,0.548,-0.23,0.184,0.498,-0.014,0.102,-0.52,0.587,0.6
APOG,0.186,0.628,0.797,0.819,0.148,-0.57,0.911,-0.288,0.568,0.53,0.431,0.0,0.755,0.835,0.512,0.548,0.268,-0.58,0.857,0.861,0.68,0.348,0.73,-0.532,0.269,0.871,0.429,-0.47,0.284,0.945,0.593,0.69,0.889,0.739,-0.471,0.417,0.304,-0.587,0.767,-0.442,0.823,0.739,-0.033,0.078,0.802,0.268,0.648,0.383,0.822,0.905,0.637,-0.258,-0.491,0.56,0.866,0.227,0.61,0.413,0.897,0.935,0.563,0.122,0.83,0.834,-0.638,0.762,0.81,-0.644,0.84,-0.607,0.867,-0.685,0.903,-0.491,0.791,0.463,0.901,0.564,-0.266,0.1,0.754,-0.725,-0.291,0.817,-0.078,-0.606,0.794,0.878,0.821,-0.637,-0.333,0.828,0.82,0.827,-0.458,0.806,0.781,0.768,-0.072,-0.708,0.786,0.502,0.634,0.763,-0.48,0.312,0.68,0.448,-0.184,0.711,-0.68,0.788,0.814,-0.303,0.709,0.88,0.291,0.634,-0.146,0.153,-0.437,0.608,0.43,0.122,0.162,0.751,0.818,0.848,0.644,0.759,0.655,0.875,0.726,0.789,0.692,-0.223,-0.541,0.659,0.02,0.06,-0.613,0.822,0.702,0.914,-0.701,0.796,0.897,0.729,-0.169,0.458,0.445,0.89,0.576,0.919,-0.617,-0.658,-0.066,0.695,0.957,0.921,0.292,-0.5,0.724,0.379,0.402,0.747,0.294,0.713,0.387,-0.498,0.867,0.809,0.832,0.675,0.886,-0.553,0.079,0.87,0.941,0.499,0.601,0.705,0.51,-0.622,0.901,0.434,-0.234,-0.186,-0.293,-0.267,0.879,0.829,0.515,-0.162,0.874,0.15,0.479,-0.52,0.879,0.755
APPS,0.152,0.501,0.396,0.858,0.652,-0.176,0.732,0.087,0.214,0.69,0.088,0.755,0.0,0.898,0.209,0.741,0.677,-0.269,0.8,0.706,0.53,0.261,0.75,-0.517,0.584,0.917,0.534,-0.193,0.206,0.728,0.414,0.832,0.723,0.294,-0.2,0.563,0.569,-0.295,0.658,-0.224,0.795,0.905,0.108,0.44,0.483,0.28,0.73,0.812,0.597,0.821,0.284,0.037,-0.381,0.825,0.524,-0.147,0.085,0.486,0.752,0.666,0.818,0.466,0.6,0.751,-0.45,0.332,0.898,-0.355,0.435,-0.337,0.437,-0.674,0.631,-0.764,0.357,0.794,0.754,0.7,0.285,0.432,0.746,-0.584,-0.276,0.568,-0.243,-0.238,0.894,0.843,0.835,-0.234,-0.614,0.765,0.449,0.519,-0.153,0.514,0.636,0.363,0.084,-0.631,0.829,0.69,0.558,0.694,-0.735,0.757,0.692,0.307,-0.042,0.849,-0.635,0.662,0.538,0.113,0.913,0.686,0.544,0.462,0.249,0.349,-0.128,0.07,-0.057,0.6,0.632,0.722,0.886,0.457,0.88,0.465,0.21,0.787,0.354,0.48,0.226,-0.327,-0.211,0.871,0.221,-0.24,-0.394,0.635,0.518,0.779,-0.411,0.672,0.593,0.257,0.152,0.519,0.789,0.708,0.494,0.667,-0.384,-0.321,-0.145,0.522,0.792,0.625,0.626,-0.564,0.277,0.638,0.367,0.359,0.214,0.295,-0.146,-0.133,0.755,0.551,0.62,0.134,0.896,-0.344,-0.019,0.719,0.863,0.73,0.777,0.227,0.11,-0.18,0.564,-0.03,0.217,0.153,-0.555,-0.308,0.711,0.476,0.835,-0.521,0.617,0.053,0.577,-0.06,0.745,0.635
ARCB,0.221,0.572,0.499,0.862,0.463,-0.245,0.815,0.036,0.423,0.68,0.247,0.835,0.898,0.0,0.274,0.614,0.632,-0.4,0.785,0.718,0.588,0.223,0.73,-0.476,0.475,0.889,0.489,-0.244,0.25,0.773,0.489,0.7,0.842,0.442,-0.215,0.675,0.569,-0.428,0.677,-0.224,0.851,0.807,0.004,0.399,0.559,0.362,0.624,0.739,0.689,0.846,0.449,-0.008,-0.391,0.76,0.625,-0.006,0.323,0.558,0.814,0.802,0.743,0.406,0.678,0.754,-0.509,0.449,0.857,-0.429,0.545,-0.341,0.58,-0.662,0.698,-0.705,0.52,0.679,0.819,0.698,0.07,0.411,0.713,-0.595,-0.167,0.678,-0.076,-0.371,0.797,0.885,0.867,-0.325,-0.496,0.753,0.532,0.64,-0.234,0.644,0.651,0.505,0.084,-0.654,0.828,0.702,0.523,0.775,-0.636,0.633,0.649,0.495,0.037,0.77,-0.639,0.792,0.641,0.056,0.86,0.79,0.541,0.438,0.187,0.393,-0.136,0.284,0.095,0.522,0.554,0.786,0.851,0.591,0.767,0.651,0.332,0.844,0.494,0.583,0.384,-0.253,-0.27,0.817,0.315,0.034,-0.444,0.648,0.516,0.846,-0.484,0.655,0.721,0.442,0.047,0.59,0.75,0.739,0.623,0.753,-0.465,-0.424,-0.048,0.523,0.876,0.759,0.582,-0.544,0.376,0.628,0.323,0.461,0.379,0.404,0.019,-0.224,0.796,0.636,0.706,0.33,0.907,-0.409,0.068,0.81,0.9,0.738,0.687,0.291,0.155,-0.262,0.706,0.125,0.107,0.126,-0.395,-0.353,0.789,0.597,0.668,-0.307,0.687,0.099,0.602,-0.157,0.775,0.653
ARCC,0.494,0.328,0.66,0.22,-0.097,-0.22,0.302,-0.193,0.458,0.247,0.472,0.512,0.209,0.274,0.0,0.48,0.086,0.034,0.576,0.236,0.007,0.234,0.237,0.02,0.415,0.299,0.666,0.097,-0.077,0.401,0.426,0.418,0.407,0.653,0.001,0.137,-0.051,0.002,0.202,-0.136,0.497,0.354,0.384,0.016,0.502,-0.25,0.391,0.089,0.31,0.284,0.052,0.024,-0.106,0.155,0.391,0.152,0.636,0.096,0.34,0.458,0.013,-0.053,0.276,0.183,0.008,0.483,0.459,-0.046,0.5,-0.066,0.583,-0.011,0.675,0.211,0.263,0.343,0.376,0.51,-0.479,-0.237,0.349,-0.091,-0.145,0.354,0.276,-0.241,0.443,0.279,0.538,-0.298,0.437,0.422,0.462,0.416,0.169,0.288,0.23,0.436,0.173,0.062,0.329,0.047,0.046,0.226,0.235,0.138,0.16,0.404,-0.176,0.294,0.056,0.441,0.245,-0.218,0.163,0.27,0.238,0.428,0.028,0.157,-0.012,0.509,0.406,-0.108,-0.102,0.08,0.222,0.481,0.065,0.44,0.381,0.199,0.301,0.359,0.588,0.313,-0.076,0.013,-0.116,0.168,0.062,0.729,0.482,0.344,-0.079,0.678,0.402,0.52,0.215,0.302,-0.193,0.34,-0.061,0.403,0.037,-0.299,0.299,0.3,0.455,0.519,-0.299,-0.185,0.58,0.189,0.585,0.299,0.322,0.407,0.678,-0.136,0.327,0.248,0.587,0.537,0.243,0.15,0.371,0.182,0.317,0.327,0.43,0.521,0.289,-0.454,0.408,0.684,-0.107,0.062,0.131,0.472,0.359,0.762,0.276,0.072,0.304,0.586,-0.075,-0.584,0.351,0.268
ARVN,0.304,0.307,0.468,0.521,0.67,-0.198,0.462,-0.01,0.177,0.47,0.06,0.548,0.741,0.614,0.48,0.0,0.545,0.127,0.74,0.488,0.24,0.38,0.589,-0.283,0.659,0.715,0.754,0.071,-0.047,0.53,0.206,0.832,0.45,0.388,-0.052,0.378,0.173,0.012,0.392,-0.246,0.573,0.822,0.441,0.426,0.518,0.096,0.674,0.62,0.403,0.57,-0.128,0.225,-0.343,0.499,0.364,-0.196,0.139,0.293,0.579,0.464,0.557,0.285,0.372,0.538,-0.206,0.322,0.845,-0.173,0.403,-0.144,0.345,-0.456,0.667,-0.433,0.118,0.835,0.55,0.787,0.19,0.087,0.652,-0.368,-0.364,0.279,-0.209,-0.052,0.779,0.653,0.716,-0.19,-0.288,0.772,0.44,0.317,0.101,0.273,0.475,0.253,0.121,-0.305,0.604,0.372,0.234,0.528,-0.44,0.76,0.551,0.102,-0.255,0.803,-0.315,0.559,0.259,-0.052,0.679,0.461,0.438,0.578,0.255,0.239,-0.001,0.056,-0.005,0.47,0.489,0.347,0.695,0.353,0.67,0.207,0.145,0.511,0.209,0.276,0.306,-0.015,-0.034,0.581,0.033,-0.181,-0.154,0.66,0.551,0.632,-0.181,0.661,0.376,0.295,0.433,0.473,0.423,0.532,0.04,0.46,-0.087,-0.321,0.112,0.451,0.597,0.408,0.18,-0.579,0.392,0.514,0.743,0.214,0.186,0.234,0.094,-0.02,0.515,0.352,0.612,0.101,0.556,-0.019,-0.054,0.413,0.59,0.614,0.752,0.232,0.086,-0.325,0.28,0.291,0.316,0.13,-0.574,0.122,0.529,0.538,0.773,-0.648,0.438,0.447,0.443,-0.304,0.511,0.449
ATEC,0.311,0.402,-0.147,0.51,0.711,0.427,0.192,0.582,-0.093,0.513,-0.148,0.268,0.677,0.632,0.086,0.545,0.0,0.163,0.444,0.084,0.065,0.213,0.333,-0.076,0.73,0.447,0.516,0.365,-0.1,0.141,0.034,0.568,0.376,-0.171,0.318,0.751,0.726,0.209,0.113,0.307,0.55,0.544,0.185,0.792,-0.013,0.139,0.28,0.901,0.121,0.284,-0.171,0.498,0.162,0.807,-0.092,-0.504,-0.196,0.519,0.275,0.143,0.582,0.735,0.021,0.189,0.055,-0.269,0.611,0.285,-0.164,0.293,-0.074,-0.162,0.149,-0.47,-0.199,0.751,0.193,0.729,0.545,0.684,0.287,0.02,0.237,0.15,-0.05,0.265,0.621,0.459,0.64,0.389,-0.233,0.328,-0.165,-0.032,0.364,-0.018,0.044,-0.095,0.485,-0.036,0.396,0.688,0.078,0.282,-0.455,0.868,0.224,0.232,0.445,0.435,-0.091,0.382,-0.029,0.65,0.667,0.173,0.75,0.085,0.717,0.677,0.497,-0.395,-0.525,0.885,0.891,0.329,0.438,-0.126,0.537,0.114,-0.326,0.301,-0.236,-0.097,-0.276,0.019,0.424,0.589,0.638,-0.092,0.18,0.292,0.22,0.293,0.209,0.225,0.038,-0.082,0.544,0.335,0.727,0.108,0.2,0.095,0.182,0.255,0.197,-0.057,0.338,0.167,0.64,-0.256,-0.221,0.823,0.22,-0.233,0.294,-0.328,-0.407,0.394,0.219,-0.054,0.165,-0.35,0.443,0.208,0.068,0.18,0.379,0.822,0.498,-0.383,-0.496,0.389,0.039,-0.308,0.668,0.588,-0.269,-0.016,0.202,0.115,0.75,-0.325,-0.006,0.08,0.329,0.427,0.215,0.069
ATXS,0.438,-0.363,-0.53,-0.451,0.302,0.586,-0.714,0.512,-0.32,0.002,-0.445,-0.58,-0.269,-0.4,0.034,0.127,0.163,0.0,-0.199,-0.702,-0.704,-0.129,-0.516,0.615,0.446,-0.473,0.344,0.581,-0.554,-0.641,-0.432,-0.115,-0.691,-0.392,0.727,-0.11,-0.2,0.863,-0.535,0.505,-0.336,-0.215,0.722,0.364,-0.558,-0.453,-0.057,0.095,-0.728,-0.658,-0.877,0.647,0.53,-0.123,-0.669,-0.414,-0.278,-0.091,-0.669,-0.657,-0.404,0.042,-0.734,-0.68,0.838,-0.557,-0.219,0.756,-0.652,0.77,-0.635,0.63,-0.426,0.427,-0.806,0.18,-0.574,0.083,0.266,0.173,-0.437,0.741,0.189,-0.778,0.258,0.655,-0.176,-0.578,-0.223,0.603,0.401,-0.397,-0.562,-0.655,0.861,-0.774,-0.599,-0.684,0.426,0.754,-0.337,-0.34,-0.494,-0.661,0.416,0.194,-0.549,-0.165,0.151,-0.095,0.743,-0.428,-0.814,0.318,-0.27,-0.709,0.23,-0.401,0.533,0.238,0.534,-0.511,-0.411,0.237,0.186,-0.708,-0.485,-0.614,-0.223,-0.524,-0.667,-0.695,-0.678,-0.721,-0.485,0.496,0.771,-0.439,0.072,-0.016,0.758,-0.156,-0.239,-0.554,0.814,-0.17,-0.738,-0.479,0.769,-0.115,-0.263,-0.678,-0.521,-0.69,0.869,0.6,0.468,-0.508,-0.602,-0.6,-0.325,0.35,-0.465,0.105,0.282,-0.794,0.009,-0.561,-0.105,0.719,-0.642,-0.718,-0.411,-0.52,-0.591,0.858,0.201,-0.706,-0.62,0.099,0.058,-0.552,-0.603,0.518,-0.721,-0.05,0.59,0.533,0.232,0.672,-0.665,-0.444,0.112,-0.026,-0.681,0.451,-0.254,0.25,-0.669,-0.612
AVAV,0.397,0.587,0.629,0.767,0.375,-0.315,0.666,-0.03,0.431,0.599,0.186,0.857,0.8,0.785,0.576,0.74,0.444,-0.199,0.0,0.645,0.423,0.379,0.574,-0.315,0.556,0.805,0.681,-0.262,-0.047,0.766,0.408,0.81,0.674,0.68,-0.163,0.507,0.308,-0.213,0.555,-0.194,0.778,0.748,0.321,0.358,0.645,0.094,0.729,0.562,0.552,0.722,0.231,0.087,-0.277,0.611,0.631,-0.086,0.529,0.521,0.719,0.722,0.471,0.245,0.563,0.629,-0.318,0.546,0.876,-0.348,0.623,-0.318,0.653,-0.466,0.825,-0.38,0.47,0.665,0.723,0.751,-0.082,0.264,0.627,-0.441,-0.162,0.52,0.036,-0.396,0.879,0.764,0.904,-0.376,-0.214,0.769,0.639,0.583,-0.087,0.498,0.569,0.491,0.216,-0.449,0.701,0.514,0.391,0.569,-0.404,0.557,0.498,0.35,-0.056,0.788,-0.41,0.723,0.489,-0.134,0.707,0.625,0.47,0.532,0.179,0.324,-0.201,0.368,0.19,0.328,0.35,0.488,0.716,0.631,0.638,0.563,0.344,0.667,0.426,0.493,0.508,0.028,-0.191,0.545,0.159,-0.01,-0.36,0.874,0.696,0.788,-0.387,0.82,0.62,0.614,0.257,0.449,0.405,0.692,0.427,0.681,-0.255,-0.475,0.204,0.486,0.811,0.743,0.203,-0.432,0.581,0.573,0.657,0.425,0.301,0.508,0.357,-0.136,0.639,0.519,0.714,0.455,0.737,-0.189,0.139,0.629,0.791,0.698,0.764,0.512,0.209,-0.427,0.623,0.401,0.124,0.092,-0.268,0.077,0.663,0.713,0.74,-0.291,0.643,0.399,0.44,-0.435,0.665,0.511
AXON,-0.149,0.437,0.753,0.735,0.207,-0.765,0.936,-0.51,0.408,0.376,0.371,0.861,0.706,0.718,0.236,0.488,0.084,-0.702,0.645,0.0,0.792,0.329,0.827,-0.746,0.008,0.867,0.118,-0.634,0.479,0.934,0.489,0.641,0.807,0.623,-0.756,0.172,0.148,-0.769,0.835,-0.726,0.601,0.71,-0.268,-0.122,0.827,0.402,0.57,0.23,0.884,0.942,0.706,-0.483,-0.726,0.384,0.89,0.351,0.345,0.167,0.938,0.881,0.671,-0.043,0.901,0.98,-0.846,0.77,0.693,-0.874,0.858,-0.852,0.784,-0.893,0.802,-0.68,0.812,0.291,0.917,0.356,-0.153,-0.122,0.83,-0.932,-0.545,0.795,-0.415,-0.651,0.663,0.879,0.584,-0.764,-0.625,0.855,0.84,0.79,-0.718,0.872,0.9,0.786,-0.403,-0.923,0.742,0.366,0.731,0.816,-0.678,0.206,0.846,0.16,-0.432,0.703,-0.903,0.617,0.893,-0.472,0.647,0.922,-0.032,0.721,-0.417,-0.192,-0.641,0.509,0.429,-0.012,0.038,0.841,0.887,0.806,0.689,0.557,0.73,0.94,0.813,0.842,0.645,-0.511,-0.787,0.753,-0.211,-0.099,-0.837,0.567,0.612,0.905,-0.9,0.614,0.901,0.591,-0.458,0.314,0.469,0.965,0.494,0.926,-0.86,-0.775,-0.388,0.81,0.876,0.772,0.347,-0.664,0.7,0.131,0.227,0.86,0.04,0.74,0.163,-0.707,0.92,0.926,0.773,0.56,0.872,-0.815,-0.211,0.914,0.917,0.216,0.451,0.705,0.677,-0.709,0.829,0.269,-0.393,-0.492,-0.594,-0.554,0.91,0.663,0.38,-0.397,0.933,-0.076,0.524,-0.508,0.919,0.878
BANF,-0.268,0.461,0.551,0.601,0.085,-0.612,0.765,-0.404,0.333,0.21,0.282,0.68,0.53,0.588,0.007,0.24,0.065,-0.704,0.423,0.792,0.0,0.278,0.664,-0.581,-0.162,0.646,-0.074,-0.518,0.442,0.737,0.378,0.438,0.694,0.443,-0.616,0.163,0.161,-0.753,0.713,-0.543,0.433,0.455,-0.387,-0.089,0.677,0.429,0.328,0.137,0.761,0.749,0.66,-0.425,-0.561,0.304,0.731,0.264,0.302,0.389,0.758,0.701,0.556,-0.012,0.765,0.796,-0.802,0.594,0.486,-0.768,0.676,-0.71,0.666,-0.686,0.567,-0.496,0.805,0.096,0.72,0.185,-0.084,0.006,0.599,-0.765,-0.328,0.709,-0.307,-0.48,0.444,0.745,0.432,-0.583,-0.516,0.63,0.637,0.607,-0.694,0.757,0.698,0.671,-0.373,-0.809,0.572,0.364,0.576,0.68,-0.611,0.115,0.709,0.09,-0.222,0.494,-0.824,0.502,0.766,-0.345,0.525,0.783,-0.074,0.523,-0.387,-0.199,-0.537,0.422,0.36,-0.003,0.043,0.759,0.66,0.645,0.516,0.543,0.626,0.819,0.682,0.707,0.479,-0.464,-0.67,0.627,-0.034,-0.011,-0.784,0.312,0.411,0.758,-0.787,0.328,0.745,0.509,-0.501,0.211,0.455,0.781,0.565,0.744,-0.779,-0.688,-0.328,0.642,0.728,0.62,0.35,-0.445,0.567,0.111,0.024,0.73,-0.111,0.586,0.095,-0.614,0.745,0.779,0.529,0.491,0.693,-0.773,-0.335,0.775,0.768,0.14,0.229,0.479,0.531,-0.548,0.713,0.113,-0.337,-0.467,-0.424,-0.642,0.721,0.475,0.23,-0.113,0.766,-0.235,0.598,-0.33,0.727,0.705
BATRK,0.049,0.519,0.18,0.304,0.287,-0.206,0.236,-0.156,-0.211,-0.122,-0.144,0.348,0.261,0.223,0.234,0.38,0.213,-0.129,0.379,0.329,0.278,0.0,0.342,-0.1,0.11,0.305,0.053,-0.058,-0.156,0.308,-0.385,0.567,0.202,0.229,-0.395,0.254,0.045,-0.187,0.053,-0.251,0.172,0.219,-0.165,0.317,0.503,0.186,-0.045,0.072,0.337,0.274,0.009,0.123,-0.048,0.188,0.26,-0.142,0.05,-0.04,0.406,0.18,0.306,0.22,0.13,0.334,-0.31,0.129,0.421,-0.205,0.269,-0.271,0.277,-0.243,0.328,-0.125,0.188,0.152,0.16,0.501,0.133,0.018,0.288,-0.244,0.049,0.118,-0.458,-0.043,0.481,0.444,0.378,-0.117,-0.073,0.512,0.234,-0.04,-0.22,0.14,0.203,0.288,0.081,-0.169,0.054,0.203,0.167,0.124,-0.371,0.249,0.293,-0.421,0.039,0.259,-0.255,0.207,0.139,-0.038,0.326,0.286,-0.051,0.565,-0.007,0.135,0.011,-0.096,-0.118,0.175,0.203,0.268,0.371,0.067,0.313,-0.176,0.126,0.348,0.11,0.003,0.104,-0.061,-0.052,0.334,0.166,0.055,-0.326,0.262,0.706,0.319,-0.24,0.099,0.168,0.509,0.068,-0.282,0.09,0.267,-0.143,0.206,-0.217,-0.202,0.19,0.162,0.331,0.11,0.086,-0.286,0.357,0.338,0.241,0.233,0.071,0.06,0.013,-0.129,0.163,0.211,0.164,-0.016,0.239,-0.18,-0.416,0.19,0.338,0.243,-0.065,0.244,0.082,-0.294,0.065,0.028,0.19,-0.242,-0.422,-0.063,0.257,0.281,0.346,-0.335,0.224,0.042,0.138,-0.137,0.255,0.113
BIDU,-0.252,0.276,0.591,0.59,0.406,-0.519,0.863,-0.379,0.215,0.249,0.477,0.73,0.75,0.73,0.237,0.589,0.333,-0.516,0.574,0.827,0.664,0.342,0.0,-0.666,0.159,0.862,0.209,-0.211,0.621,0.801,0.441,0.719,0.796,0.372,-0.614,0.249,0.193,-0.636,0.806,-0.67,0.673,0.767,-0.267,-0.03,0.77,0.497,0.5,0.384,0.892,0.879,0.451,-0.444,-0.737,0.493,0.734,0.271,0.144,0.1,0.885,0.769,0.892,0.09,0.823,0.859,-0.739,0.593,0.734,-0.665,0.681,-0.695,0.558,-0.848,0.677,-0.725,0.606,0.463,0.814,0.425,-0.025,-0.087,0.961,-0.856,-0.571,0.67,-0.497,-0.269,0.656,0.856,0.571,-0.583,-0.631,0.879,0.643,0.555,-0.483,0.774,0.877,0.733,-0.453,-0.735,0.715,0.338,0.718,0.761,-0.677,0.384,0.963,0.166,-0.436,0.727,-0.831,0.551,0.804,-0.227,0.799,0.874,0.088,0.795,-0.277,-0.054,-0.45,0.269,0.338,0.217,0.259,0.861,0.893,0.614,0.825,0.466,0.635,0.882,0.693,0.714,0.481,-0.584,-0.554,0.877,-0.193,-0.211,-0.622,0.463,0.59,0.812,-0.684,0.526,0.772,0.41,-0.282,0.347,0.594,0.764,0.388,0.809,-0.673,-0.588,-0.429,0.812,0.813,0.591,0.439,-0.773,0.529,0.18,0.223,0.719,0.099,0.49,-0.064,-0.637,0.852,0.825,0.717,0.32,0.805,-0.665,-0.315,0.826,0.827,0.266,0.453,0.475,0.55,-0.504,0.662,0.069,-0.266,-0.348,-0.725,-0.577,0.88,0.529,0.431,-0.524,0.773,-0.178,0.499,-0.301,0.897,0.888
BLNE,0.339,-0.182,-0.471,-0.477,-0.183,0.541,-0.686,0.403,-0.196,-0.255,-0.305,-0.532,-0.517,-0.476,0.02,-0.283,-0.076,0.615,-0.315,-0.746,-0.581,-0.1,-0.666,0.0,0.076,-0.641,0.07,0.509,-0.468,-0.659,-0.405,-0.325,-0.584,-0.294,0.613,-0.045,-0.171,0.593,-0.647,0.584,-0.365,-0.53,0.35,0.209,-0.503,-0.366,-0.435,-0.194,-0.628,-0.709,-0.586,0.5,0.63,-0.306,-0.615,-0.28,-0.013,0.002,-0.675,-0.599,-0.603,0.047,-0.703,-0.751,0.7,-0.491,-0.428,0.694,-0.562,0.716,-0.462,0.8,-0.488,0.706,-0.535,-0.186,-0.664,-0.099,-0.012,0.151,-0.634,0.782,0.531,-0.6,0.468,0.447,-0.431,-0.612,-0.283,0.552,0.671,-0.557,-0.55,-0.582,0.627,-0.656,-0.708,-0.53,0.429,0.796,-0.543,-0.277,-0.588,-0.657,0.604,-0.151,-0.698,-0.073,0.379,-0.452,0.784,-0.36,-0.695,0.297,-0.483,-0.664,0.088,-0.464,0.384,0.246,0.523,-0.266,-0.267,0.012,-0.026,-0.666,-0.695,-0.525,-0.549,-0.369,-0.51,-0.691,-0.569,-0.65,-0.389,0.582,0.692,-0.63,0.243,0.342,0.7,-0.268,-0.272,-0.598,0.728,-0.359,-0.641,-0.224,0.445,-0.185,-0.442,-0.695,-0.369,-0.661,0.714,0.53,0.553,-0.632,-0.577,-0.48,-0.372,0.592,-0.344,0.019,0.024,-0.634,0.129,-0.491,0.096,0.583,-0.714,-0.695,-0.51,-0.292,-0.67,0.724,0.173,-0.688,-0.651,-0.025,-0.288,-0.439,-0.517,0.421,-0.572,-0.008,0.372,0.4,0.557,0.548,-0.677,-0.356,-0.212,0.445,-0.651,0.326,-0.357,0.225,-0.701,-0.697
BLNK,0.627,0.347,-0.005,0.447,0.603,0.404,0.068,0.566,-0.028,0.675,-0.166,0.269,0.584,0.475,0.415,0.659,0.73,0.446,0.556,0.008,-0.162,0.11,0.159,0.076,0.0,0.382,0.836,0.378,-0.334,0.119,0.125,0.531,0.193,-0.004,0.477,0.585,0.528,0.482,0.027,0.397,0.539,0.586,0.618,0.685,-0.06,-0.205,0.491,0.792,-0.078,0.173,-0.331,0.574,0.253,0.695,-0.117,-0.515,-0.023,0.412,0.102,0.102,0.312,0.558,-0.083,0.056,0.343,-0.179,0.588,0.414,-0.134,0.416,-0.004,0.04,0.255,-0.185,-0.297,0.826,0.145,0.74,0.307,0.548,0.219,0.156,0.129,0.015,0.125,0.281,0.632,0.258,0.668,0.323,0.022,0.269,-0.096,0.05,0.591,-0.159,-0.032,-0.208,0.637,0.142,0.368,0.503,-0.028,0.107,-0.159,0.801,0.038,0.355,0.285,0.486,0.16,0.32,-0.175,0.488,0.501,0.007,0.839,0.007,0.756,0.698,0.492,-0.256,-0.383,0.711,0.697,0.019,0.299,-0.074,0.432,0.12,-0.362,0.083,-0.28,-0.142,-0.147,0.271,0.472,0.324,0.404,-0.141,0.36,0.508,0.285,0.199,0.366,0.496,-0.013,-0.068,0.743,0.432,0.402,0.096,-0.014,0.033,0.375,0.275,0.372,-0.063,0.249,0.176,0.32,-0.093,-0.124,0.736,0.503,-0.32,0.365,-0.226,-0.088,0.521,0.114,-0.169,0.285,-0.217,0.326,0.488,0.347,0.02,0.261,0.822,0.661,-0.212,-0.441,0.284,-0.001,0.023,0.649,0.733,-0.065,0.421,0.073,0.252,0.8,-0.264,-0.075,0.527,0.153,0.169,0.109,-0.007
BTAI,0.027,0.438,0.652,0.802,0.474,-0.468,0.897,-0.215,0.376,0.563,0.292,0.871,0.917,0.889,0.299,0.715,0.447,-0.473,0.805,0.867,0.646,0.305,0.862,-0.641,0.382,0.0,0.453,-0.353,0.38,0.892,0.497,0.788,0.83,0.507,-0.451,0.437,0.36,-0.53,0.791,-0.486,0.817,0.911,-0.024,0.171,0.726,0.406,0.731,0.591,0.8,0.947,0.47,-0.221,-0.623,0.645,0.756,0.13,0.263,0.336,0.902,0.848,0.805,0.252,0.804,0.893,-0.668,0.603,0.892,-0.614,0.701,-0.581,0.645,-0.816,0.791,-0.761,0.585,0.68,0.893,0.609,0.015,0.163,0.874,-0.798,-0.443,0.711,-0.321,-0.425,0.837,0.915,0.787,-0.528,-0.637,0.9,0.704,0.699,-0.407,0.744,0.833,0.614,-0.159,-0.779,0.84,0.552,0.679,0.836,-0.701,0.558,0.824,0.324,-0.289,0.843,-0.775,0.746,0.755,-0.181,0.874,0.87,0.344,0.65,-0.058,0.165,-0.374,0.332,0.226,0.354,0.395,0.806,0.961,0.69,0.869,0.576,0.496,0.907,0.625,0.691,0.497,-0.414,-0.485,0.871,-0.007,-0.158,-0.6,0.69,0.63,0.906,-0.645,0.729,0.799,0.487,-0.076,0.52,0.666,0.867,0.49,0.851,-0.599,-0.574,-0.25,0.742,0.906,0.755,0.487,-0.709,0.531,0.422,0.414,0.641,0.261,0.553,0.04,-0.438,0.885,0.781,0.791,0.381,0.947,-0.569,-0.072,0.869,0.943,0.55,0.709,0.505,0.416,-0.476,0.743,0.196,-0.08,-0.103,-0.62,-0.398,0.897,0.646,0.648,-0.529,0.824,0.05,0.574,-0.332,0.89,0.817
BYND,0.632,0.25,0.359,0.386,0.383,0.116,0.214,0.282,0.359,0.62,0.098,0.429,0.534,0.489,0.666,0.754,0.516,0.344,0.681,0.118,-0.074,0.053,0.209,0.07,0.836,0.453,0.0,0.256,-0.244,0.295,0.384,0.547,0.324,0.365,0.421,0.43,0.236,0.325,0.184,0.196,0.628,0.614,0.744,0.441,0.2,-0.216,0.655,0.619,0.087,0.282,-0.231,0.407,0.004,0.477,0.144,-0.262,0.36,0.431,0.235,0.33,0.177,0.281,0.128,0.136,0.227,0.188,0.66,0.211,0.194,0.266,0.277,-0.003,0.518,-0.05,-0.055,0.83,0.337,0.7,-0.014,0.257,0.327,0.047,-0.073,0.173,0.325,0.022,0.603,0.313,0.695,0.027,0.143,0.403,0.242,0.291,0.495,0.069,0.152,0.037,0.465,0.085,0.476,0.325,-0.005,0.26,0.025,0.637,0.109,0.517,0.002,0.56,0.104,0.517,0.019,0.118,0.452,0.168,0.696,0.157,0.513,0.501,0.232,0.174,0.013,0.433,0.422,0.006,0.326,0.265,0.348,0.373,-0.049,0.168,-0.002,0.124,0.25,0.397,0.266,0.2,0.172,0.025,0.27,0.72,0.281,0.37,0.191,0.705,0.206,0.197,0.656,0.636,0.207,0.252,0.065,0.255,0.308,-0.057,0.401,0.158,0.409,0.42,0.008,-0.186,0.216,0.55,0.764,-0.067,0.393,0.146,0.345,0.291,0.262,0.037,0.521,0.189,0.341,0.395,0.428,0.16,0.337,0.714,0.808,0.11,-0.144,-0.08,0.233,0.438,0.381,0.541,0.004,0.524,0.255,0.524,0.68,-0.176,0.17,0.703,0.205,-0.253,0.252,0.156
CAN,0.127,-0.172,-0.446,-0.365,0.214,0.732,-0.521,0.432,-0.428,-0.184,-0.093,-0.47,-0.193,-0.244,0.097,0.071,0.365,0.581,-0.262,-0.634,-0.518,-0.058,-0.211,0.509,0.378,-0.353,0.256,0.0,-0.213,-0.581,-0.24,-0.088,-0.31,-0.525,0.618,0.159,0.137,0.584,-0.512,0.503,-0.11,-0.156,0.194,0.328,-0.428,-0.289,-0.322,0.208,-0.417,-0.487,-0.646,0.426,0.408,0.048,-0.638,-0.386,-0.371,-0.06,-0.467,-0.501,-0.027,0.385,-0.56,-0.562,0.552,-0.616,-0.15,0.758,-0.598,0.666,-0.538,0.563,-0.402,0.306,-0.663,0.235,-0.537,0.132,0.253,0.14,-0.252,0.568,0.289,-0.425,0.161,0.728,-0.19,-0.358,-0.086,0.668,0.431,-0.307,-0.643,-0.583,0.707,-0.568,-0.548,-0.49,0.329,0.693,-0.33,-0.023,-0.515,-0.37,0.299,0.316,-0.298,-0.018,0.291,-0.277,0.553,-0.182,-0.568,0.642,-0.106,-0.494,0.304,-0.228,0.531,0.388,0.734,-0.529,-0.419,0.379,0.353,-0.372,-0.387,-0.617,-0.179,-0.351,-0.534,-0.498,-0.613,-0.574,-0.492,0.226,0.718,-0.183,0.259,-0.088,0.727,-0.263,-0.245,-0.476,0.746,-0.277,-0.568,-0.489,0.562,0.011,-0.026,-0.587,-0.464,-0.559,0.662,0.609,0.239,-0.456,-0.4,-0.498,-0.013,0.199,-0.497,0.201,-0.023,-0.619,0.128,-0.703,-0.285,0.546,-0.477,-0.61,-0.377,-0.548,-0.429,0.681,0.038,-0.58,-0.468,0.15,-0.109,-0.614,-0.566,0.579,-0.576,-0.296,0.496,0.558,0.144,0.382,-0.463,-0.269,0.082,0.002,-0.654,0.111,-0.285,0.5,-0.452,-0.439
CCEC,-0.554,-0.214,0.346,0.063,-0.095,-0.446,0.565,-0.506,0.228,-0.116,0.694,0.284,0.206,0.25,-0.077,-0.047,-0.1,-0.554,-0.047,0.479,0.442,-0.156,0.621,-0.468,-0.334,0.38,-0.244,-0.213,0.0,0.446,0.483,0.121,0.494,0.082,-0.551,-0.172,-0.065,-0.675,0.669,-0.613,0.29,0.254,-0.487,-0.548,0.412,0.48,0.134,-0.087,0.635,0.497,0.523,-0.774,-0.676,0.026,0.513,0.594,0.05,-0.248,0.463,0.492,0.496,-0.296,0.685,0.485,-0.608,0.472,0.126,-0.584,0.451,-0.604,0.296,-0.575,0.221,-0.41,0.513,-0.05,0.495,-0.258,-0.242,-0.315,0.597,-0.643,-0.573,0.508,-0.31,-0.167,0.031,0.327,-0.054,-0.559,-0.475,0.361,0.392,0.41,-0.535,0.648,0.636,0.595,-0.743,-0.513,0.348,-0.104,0.638,0.458,-0.222,-0.207,0.639,0.204,-0.467,0.194,-0.588,0.152,0.699,-0.338,0.321,0.569,-0.23,0.417,-0.574,-0.384,-0.527,0.338,0.538,-0.212,-0.185,0.613,0.42,0.445,0.387,0.427,0.636,0.5,0.656,0.676,0.4,-0.59,-0.586,0.46,-0.461,-0.086,-0.397,0.036,0.029,0.365,-0.555,0.116,0.552,0.061,-0.628,0.169,0.307,0.392,0.301,0.545,-0.579,-0.387,-0.635,0.649,0.367,0.315,0.211,-0.427,0.258,-0.396,-0.251,0.643,0.042,0.41,-0.082,-0.733,0.58,0.636,0.413,0.321,0.397,-0.646,-0.178,0.559,0.369,-0.311,0.04,0.345,0.655,-0.338,0.514,-0.035,-0.664,-0.459,-0.347,-0.657,0.57,0.175,-0.199,-0.08,0.509,-0.427,0.202,-0.204,0.621,0.7
CDW,-0.01,0.483,0.828,0.737,0.14,-0.702,0.953,-0.457,0.543,0.443,0.481,0.945,0.728,0.773,0.401,0.53,0.141,-0.641,0.766,0.934,0.737,0.308,0.801,-0.659,0.119,0.892,0.295,-0.581,0.446,0.0,0.602,0.66,0.855,0.723,-0.62,0.246,0.172,-0.691,0.85,-0.615,0.737,0.755,-0.107,-0.097,0.851,0.357,0.687,0.272,0.874,0.947,0.682,-0.431,-0.661,0.453,0.937,0.382,0.526,0.256,0.928,0.946,0.603,-0.019,0.919,0.907,-0.76,0.834,0.753,-0.798,0.899,-0.759,0.843,-0.809,0.881,-0.563,0.833,0.385,0.946,0.422,-0.285,-0.051,0.825,-0.857,-0.483,0.824,-0.231,-0.621,0.735,0.869,0.687,-0.759,-0.489,0.859,0.886,0.851,-0.611,0.869,0.895,0.822,-0.287,-0.825,0.795,0.375,0.732,0.806,-0.523,0.219,0.787,0.333,-0.373,0.727,-0.792,0.708,0.897,-0.453,0.686,0.932,0.122,0.697,-0.334,-0.046,-0.603,0.62,0.527,0.005,0.051,0.796,0.863,0.886,0.693,0.713,0.75,0.917,0.831,0.877,0.745,-0.359,-0.694,0.689,-0.179,-0.044,-0.722,0.746,0.666,0.922,-0.827,0.758,0.93,0.681,-0.307,0.4,0.442,0.934,0.548,0.961,-0.737,-0.75,-0.23,0.84,0.935,0.867,0.254,-0.595,0.754,0.191,0.348,0.848,0.233,0.799,0.325,-0.655,0.927,0.914,0.843,0.681,0.892,-0.703,-0.026,0.923,0.938,0.317,0.569,0.769,0.678,-0.711,0.905,0.412,-0.386,-0.365,-0.432,-0.385,0.929,0.766,0.421,-0.275,0.947,0.048,0.511,-0.581,0.934,0.859
CDXS,0.047,0.138,0.65,0.398,-0.195,-0.338,0.625,-0.262,0.677,0.468,0.681,0.593,0.414,0.489,0.426,0.206,0.034,-0.432,0.408,0.489,0.378,-0.385,0.441,-0.405,0.125,0.497,0.384,-0.24,0.483,0.602,0.0,0.19,0.677,0.482,-0.12,0.064,0.185,-0.393,0.644,-0.252,0.606,0.471,0.068,-0.304,0.367,0.023,0.589,0.198,0.534,0.577,0.562,-0.445,-0.433,0.321,0.586,0.415,0.531,0.249,0.487,0.704,0.27,-0.138,0.668,0.452,-0.319,0.607,0.382,-0.394,0.57,-0.365,0.602,-0.365,0.571,-0.22,0.585,0.274,0.669,0.068,-0.437,-0.083,0.504,-0.46,-0.392,0.727,0.294,-0.458,0.331,0.391,0.41,-0.498,-0.112,0.329,0.543,0.793,-0.233,0.639,0.541,0.549,-0.194,-0.437,0.644,0.217,0.428,0.586,-0.008,0.015,0.408,0.764,-0.268,0.358,-0.394,0.528,0.656,-0.26,0.326,0.556,0.244,0.186,-0.205,-0.052,-0.375,0.673,0.579,-0.141,-0.122,0.47,0.391,0.708,0.274,0.867,0.596,0.485,0.596,0.771,0.621,-0.128,-0.47,0.288,-0.215,-0.058,-0.205,0.538,0.031,0.504,-0.423,0.671,0.693,0.217,-0.254,0.612,0.233,0.566,0.517,0.689,-0.376,-0.418,-0.286,0.54,0.598,0.725,0.097,-0.225,0.404,-0.027,0.136,0.534,0.188,0.604,0.43,-0.427,0.681,0.568,0.639,0.671,0.568,-0.32,0.436,0.587,0.54,0.147,0.573,0.5,0.488,-0.391,0.775,0.381,-0.475,-0.023,0.114,-0.141,0.585,0.604,0.138,0.179,0.575,0.102,0.217,-0.408,0.621,0.626
