,ABEO,ACHC,AGNCN,AKAM,AKRO,ALRM,AMAT,AMED,AMRN,ANGI,APA,APOG,APPS,ARCB,ARCC,ARVN,ATEC,ATXS,AVAV,AXON,BANF,BATRK,BIDU,BLNE,BLNK,BTAI,BYND,CAN,CCEC,CDW,CDXS,CELH,CGNX,CHKP,CHRS,CHRW,CIGI,CKPT,CMPR,COGT,CRNC,CRSP,CSTL,CTSH,CVGW,DGLY,DNLI,DOCU,DVAX,EBAY,EHTH,ERII,ESLT,EXPE,EXPO,FBIOP,FFBC,FFIN,FOXF,FWRD,GDS,GERN,GPRE,GRWG,GRYP,HEES,HELE,HIVE,HON,HRTX,HSTM,HURA,IART,IBKR,IBOC,IBRX,IDXX,INGN,INM,INVA,IQ,IRBT,KDP,KPTI,KTOS,KXIN,LAMR,LFUS,LGIH,LGMK,LKFN,LNW,LOPE,LPSN,LYFT,MGNX,MLCO,MNST,MODV,MSTR,MTCH,MYGN,MYRG,NCMI,NEXT,NFLX,NIU,NKTR,NRC,NTNX,NTRA,NVEE,NVMI,NWL,NWS,NXPI,OCGN,OCSL,OKTA,OLLI,OTLK,OXLC,PAA,PARA,PARAA,PDCO,PDFS,PFG,PGEN,PNFP,PODD,POWI,PSMT,PTC,PTEN,PVLA,RDNT,RDUS,RDWR,REGN,RNAC,ROCK,ROST,RRR,RSLS,RVMD,RYAAY,SAFT,SAGE,SAVA,SBGI,SFM,SFNC,SHYF,SIBN,SIFY,SIGI,SIMO,SITM,SLM,SNBR,SNDX,SNY,SPNS,SRRK,STRA,SUPN,SYRE,TCBK,TEAM,TECH,THRM,TLRY,TRMK,TROW,TSLA,TWST,TXN,UFPI,UNIT,UPWK,USLM,UTHR,VERB,VLY,VRNA,VRRM,VXRT,WAFD,WATT,WBA,WING,WIX,WTFC,WTW,XPEL,XRX,YMAB,ZG,ZLAB
ABEO,0.0,0.603,0.118,-0.018,0.252,0.573,-0.208,0.296,-0.432,-0.283,-0.513,-0.163,0.224,0.247,0.508,0.583,0.109,0.737,-0.406,0.444,0.195,0.266,0.152,0.438,0.542,0.559,0.517,0.703,-0.472,-0.087,0.572,0.509,0.246,0.46,0.491,-0.486,0.555,0.512,-0.509,0.453,-0.273,0.434,0.641,-0.385,0.573,-0.088,0.598,0.197,0.607,-0.08,-0.338,0.483,0.627,-0.61,0.597,0.648,-0.055,0.428,0.548,0.105,-0.07,0.504,-0.543,0.15,-0.505,-0.374,-0.485,0.285,-0.56,0.473,0.606,0.382,-0.649,-0.352,0.04,0.509,0.494,0.459,-0.609,-0.176,-0.555,-0.334,0.57,0.138,-0.364,0.17,0.441,-0.216,0.453,0.336,-0.095,-0.637,0.174,0.299,-0.456,0.515,-0.277,0.551,-0.427,0.498,-0.329,0.624,0.43,-0.583,-0.406,0.092,-0.208,0.195,0.249,0.438,0.474,0.436,-0.191,0.239,0.007,-0.351,0.643,0.501,0.443,0.589,0.511,0.431,-0.106,-0.125,0.089,0.554,0.615,0.338,0.494,-0.03,0.486,-0.006,-0.479,0.114,-0.311,0.495,0.159,-0.182,0.025,0.663,0.659,-0.417,-0.091,-0.387,-0.576,0.422,-0.397,0.501,0.404,-0.162,0.453,0.357,-0.665,-0.062,-0.031,0.177,0.619,-0.468,-0.313,-0.157,-0.285,0.39,0.251,0.51,0.6,0.404,0.471,-0.591,0.358,0.434,0.497,-0.259,0.059,0.611,0.259,0.399,0.474,0.262,0.29,-0.461,0.375,-0.248,0.576,0.454,-0.292,-0.119,0.326,0.549,-0.29,0.005,-0.395,0.519,0.29,0.214,0.228,0.589,-0.408,0.577,0.362,0.513
ACHC,0.603,0.0,0.195,0.313,0.424,0.918,-0.481,0.527,-0.545,0.172,-0.822,-0.113,0.659,0.457,0.889,0.959,0.409,0.884,-0.057,0.745,0.638,0.671,0.519,0.217,0.7,0.936,0.87,0.852,-0.771,-0.059,0.951,0.931,0.578,0.761,0.95,-0.488,0.899,0.557,-0.64,0.82,-0.013,0.786,0.913,-0.218,0.943,-0.061,0.933,0.662,0.953,0.365,-0.34,0.603,0.729,-0.633,0.879,0.877,0.302,0.866,0.864,0.424,0.156,0.899,-0.684,0.649,-0.715,-0.594,-0.229,0.683,-0.763,0.695,0.879,0.318,-0.648,-0.141,0.329,0.95,0.928,0.799,-0.604,0.14,-0.56,-0.268,0.934,0.656,-0.304,0.346,0.655,-0.43,0.867,0.314,0.159,-0.328,0.346,0.769,-0.494,0.834,-0.202,0.946,-0.415,0.818,0.029,0.914,0.377,-0.738,-0.545,0.572,-0.277,0.462,0.446,0.787,0.828,0.617,-0.569,0.598,0.369,-0.619,0.925,0.843,0.908,0.945,0.827,0.312,-0.33,0.104,0.341,0.586,0.658,0.527,0.865,0.321,0.898,-0.358,-0.242,0.325,-0.747,0.833,0.572,-0.627,0.366,0.842,0.823,-0.415,0.161,-0.249,-0.729,0.878,-0.395,0.823,0.639,-0.279,0.579,0.588,-0.756,-0.009,0.248,0.122,0.884,-0.705,-0.662,-0.045,-0.411,0.809,0.3,0.876,0.811,0.584,0.91,-0.842,0.696,0.88,0.923,-0.3,0.36,0.904,0.635,0.614,0.909,0.085,0.476,-0.537,0.881,-0.331,0.854,0.842,-0.308,-0.072,0.583,0.949,-0.088,-0.084,-0.547,0.904,0.775,0.395,0.644,0.748,-0.753,0.949,0.811,0.879
AGNCN,0.118,0.195,0.0,0.129,-0.566,0.172,-0.008,0.044,-0.446,0.044,-0.006,0.4,0.269,0.455,0.466,0.187,0.554,0.134,-0.042,0.354,-0.063,0.336,0.075,0.005,-0.062,0.262,0.164,0.181,-0.224,0.205,0.242,0.324,0.128,0.414,0.232,0.216,0.394,-0.016,-0.363,0.23,-0.168,-0.035,0.348,0.044,0.157,0.005,0.167,0.008,0.312,0.226,-0.187,0.369,0.402,-0.012,0.275,0.406,0.226,0.364,0.466,0.556,-0.03,0.371,0.066,0.147,-0.283,0.414,0.085,0.103,-0.091,-0.218,0.363,0.002,0.095,-0.32,-0.085,0.216,0.274,0.031,0.035,-0.268,-0.282,-0.456,0.36,0.18,-0.073,0.269,-0.099,0.135,0.534,-0.007,0.233,-0.136,0.11,0.069,-0.321,0.204,0.029,0.217,0.437,-0.01,0.165,0.24,0.465,-0.335,-0.081,-0.071,-0.193,-0.103,0.003,0.018,0.086,0.755,-0.159,0.381,0.273,-0.021,0.127,0.5,0.273,0.108,0.296,0.51,0.378,0.379,0.5,0.384,0.429,0.18,0.213,0.413,0.311,-0.01,-0.14,-0.118,-0.126,0.198,0.176,-0.05,-0.171,-0.077,0.016,0.351,-0.069,0.261,0.064,0.217,-0.239,0.46,-0.139,-0.386,0.525,0.093,-0.001,0.331,-0.138,0.313,0.325,0.157,-0.137,0.711,0.098,0.129,-0.092,-0.044,0.139,0.286,0.232,-0.229,-0.106,0.123,0.241,0.549,-0.149,0.225,0.154,0.017,0.08,0.11,0.762,-0.397,0.091,0.128,0.113,-0.017,0.102,0.519,0.286,0.195,0.272,-0.427,-0.224,0.189,0.11,0.248,0.175,0.35,-0.291,0.223,0.337,0.206
AKAM,-0.018,0.313,0.129,0.0,-0.044,0.442,0.266,-0.195,0.31,0.838,-0.245,0.573,0.732,0.042,0.242,0.344,0.444,0.017,0.396,0.655,0.67,-0.105,0.822,0.459,0.59,0.255,0.043,0.222,0.214,0.484,0.425,0.356,0.711,0.42,0.401,0.357,0.418,0.275,0.383,0.141,0.736,-0.044,0.403,0.793,0.418,0.59,0.445,0.716,0.282,0.728,0.642,0.379,0.211,0.227,0.582,0.213,0.528,0.503,0.419,0.44,0.843,0.161,-0.387,0.332,0.04,0.031,0.676,0.675,-0.113,0.592,0.469,0.668,0.249,0.696,0.84,0.399,0.502,0.259,-0.076,0.751,0.428,0.306,0.376,0.548,0.637,0.479,0.579,0.528,0.273,0.475,0.191,0.634,0.814,0.776,0.471,0.345,0.687,0.379,0.01,0.478,0.591,0.392,0.542,-0.346,-0.413,0.779,0.675,0.823,0.807,0.666,0.604,0.264,0.04,0.792,0.508,-0.202,0.26,0.242,0.594,0.206,0.22,-0.374,-0.137,0.539,0.498,0.18,0.254,0.792,0.134,0.449,0.592,0.236,0.46,0.911,0.051,0.662,0.619,-0.427,0.761,0.478,-0.099,0.011,0.182,0.587,-0.235,0.174,0.453,0.41,0.249,0.541,0.36,-0.215,0.057,-0.13,0.712,0.343,0.351,-0.4,0.143,0.37,0.042,0.575,0.724,0.466,0.078,0.69,0.468,-0.261,0.301,0.643,0.532,0.313,0.732,0.439,0.86,0.612,0.487,0.197,-0.016,0.231,0.579,-0.027,0.581,0.551,0.285,0.153,0.531,0.334,0.397,0.351,0.34,0.191,0.68,0.759,0.852,0.046,0.042,0.322,0.693,0.466
AKRO,0.252,0.424,-0.566,-0.044,0.0,0.441,-0.339,0.326,-0.045,-0.141,-0.526,-0.45,0.018,-0.104,0.203,0.437,-0.267,0.552,0.093,-0.03,0.379,0.28,0.073,0.045,0.508,0.402,0.53,0.427,-0.42,-0.285,0.355,0.271,0.092,0.087,0.395,-0.667,0.279,0.368,-0.228,0.5,-0.004,0.623,0.204,-0.358,0.406,-0.043,0.451,0.376,0.34,0.002,-0.268,0.038,0.087,-0.439,0.215,0.279,0.036,0.172,0.136,-0.354,-0.063,0.281,-0.397,0.402,-0.238,-0.722,-0.412,0.298,-0.393,0.543,0.171,0.027,-0.557,0.06,0.187,0.424,0.275,0.565,-0.381,0.119,-0.188,0.157,0.249,0.362,-0.31,0.015,0.565,-0.572,0.093,0.039,-0.039,-0.274,-0.099,0.318,-0.115,0.426,-0.406,0.403,-0.614,0.522,-0.322,0.357,-0.291,-0.129,-0.174,0.262,-0.209,0.226,0.085,0.46,0.359,-0.306,-0.217,-0.085,-0.098,-0.316,0.563,0.149,0.268,0.547,0.389,-0.099,-0.543,-0.343,-0.291,-0.059,-0.031,-0.008,0.487,-0.25,0.207,-0.316,-0.182,0.165,-0.505,0.254,0.243,-0.322,0.312,0.581,0.625,-0.391,0.242,-0.492,-0.413,0.451,-0.043,0.065,0.69,-0.032,-0.138,0.365,-0.514,-0.173,0.249,-0.127,0.212,-0.541,-0.362,-0.594,-0.257,0.345,0.036,0.533,0.455,-0.079,0.335,-0.28,0.577,0.396,0.297,-0.733,0.212,0.384,0.097,0.411,0.487,-0.128,-0.274,0.117,0.427,-0.257,0.352,0.542,-0.299,-0.6,0.011,0.486,-0.366,0.325,-0.296,0.484,0.289,-0.084,0.084,0.265,-0.258,0.434,0.143,0.377
ALRM,0.573,0.918,0.172,0.442,0.441,0.0,-0.312,0.522,-0.428,0.238,-0.78,0.072,0.691,0.502,0.859,0.949,0.495,0.848,0.063,0.798,0.652,0.611,0.571,0.304,0.819,0.884,0.814,0.892,-0.648,0.127,0.943,0.914,0.714,0.787,0.919,-0.396,0.91,0.624,-0.551,0.811,0.174,0.791,0.902,-0.043,0.919,0.094,0.934,0.782,0.904,0.563,-0.197,0.653,0.67,-0.46,0.898,0.887,0.42,0.891,0.906,0.484,0.258,0.821,-0.681,0.731,-0.6,-0.467,-0.154,0.801,-0.639,0.768,0.856,0.42,-0.587,0.008,0.483,0.937,0.921,0.851,-0.583,0.222,-0.403,-0.092,0.885,0.738,-0.184,0.326,0.803,-0.283,0.818,0.42,0.267,-0.198,0.424,0.832,-0.302,0.851,-0.129,0.926,-0.304,0.879,0.132,0.925,0.407,-0.639,-0.541,0.663,-0.115,0.537,0.492,0.89,0.887,0.599,-0.424,0.698,0.542,-0.495,0.909,0.784,0.928,0.923,0.83,0.307,-0.318,0.261,0.463,0.482,0.704,0.583,0.821,0.389,0.91,-0.192,-0.213,0.485,-0.688,0.84,0.659,-0.585,0.499,0.88,0.788,-0.26,0.34,-0.061,-0.641,0.831,-0.177,0.785,0.717,-0.173,0.669,0.488,-0.649,0.077,0.372,0.302,0.845,-0.684,-0.5,0.045,-0.205,0.817,0.394,0.886,0.825,0.655,0.876,-0.778,0.638,0.911,0.918,-0.178,0.517,0.94,0.747,0.716,0.943,0.238,0.489,-0.37,0.883,-0.202,0.857,0.863,-0.142,-0.043,0.67,0.935,0.041,0.052,-0.42,0.911,0.801,0.54,0.74,0.791,-0.625,0.914,0.861,0.85
AMAT,-0.208,-0.481,-0.008,0.266,-0.339,-0.312,0.0,-0.209,0.769,0.04,0.686,0.6,-0.277,0.014,-0.49,-0.418,0.214,-0.431,0.101,-0.136,-0.325,-0.51,-0.026,0.213,0.042,-0.582,-0.455,-0.155,0.673,0.8,-0.421,-0.493,0.233,-0.213,-0.506,0.629,-0.429,0.188,0.533,-0.432,0.62,-0.513,-0.386,0.613,-0.489,0.568,-0.424,0.086,-0.539,0.292,0.619,0.098,-0.583,0.73,-0.302,-0.4,0.258,-0.299,-0.237,-0.121,0.134,-0.637,0.457,-0.068,0.818,0.691,0.199,0.105,0.726,0.003,-0.444,0.26,0.555,0.613,0.245,-0.472,-0.406,-0.188,0.436,0.028,0.667,0.651,-0.47,-0.077,0.617,-0.24,0.125,0.681,-0.514,0.412,0.177,0.487,0.013,-0.179,0.772,-0.298,0.404,-0.497,0.493,-0.06,0.486,-0.344,0.316,0.501,0.438,0.05,0.451,0.068,-0.041,-0.147,-0.151,-0.221,0.93,-0.057,0.027,0.802,-0.413,-0.551,-0.336,-0.471,-0.336,-0.062,0.572,0.488,0.306,-0.548,-0.098,0.037,-0.59,-0.031,-0.335,0.887,0.216,0.276,0.734,-0.272,0.116,0.64,0.258,-0.259,-0.474,0.569,0.446,0.572,0.605,-0.682,0.79,-0.536,-0.055,0.447,0.036,-0.257,0.692,0.442,0.323,0.677,-0.541,0.465,0.948,0.389,0.742,-0.466,0.341,-0.447,-0.285,-0.108,-0.517,0.641,-0.587,-0.299,-0.436,0.634,0.398,-0.271,0.055,0.23,-0.386,0.699,-0.183,0.675,-0.41,0.647,-0.294,-0.266,0.696,0.31,0.042,-0.495,0.511,0.452,0.843,-0.417,-0.386,0.335,0.019,-0.138,0.856,-0.481,-0.143,-0.55
AMED,0.296,0.527,0.044,-0.195,0.326,0.522,-0.209,0.0,-0.315,-0.304,-0.26,-0.125,0.039,0.588,0.489,0.552,0.434,0.57,-0.062,0.296,0.004,0.665,-0.093,-0.055,0.303,0.41,0.682,0.65,-0.589,0.115,0.434,0.502,0.352,0.41,0.421,-0.397,0.353,0.566,-0.636,0.529,-0.088,0.748,0.418,-0.422,0.377,-0.179,0.342,0.402,0.448,0.239,-0.425,0.383,0.1,-0.251,0.253,0.501,0.062,0.411,0.488,0.178,-0.421,0.458,-0.085,0.626,-0.225,-0.189,-0.507,0.431,-0.176,0.286,0.252,-0.074,-0.574,-0.246,-0.097,0.471,0.427,0.619,-0.257,-0.253,-0.421,0.168,0.405,0.324,-0.337,-0.221,0.333,-0.507,0.472,0.297,0.276,-0.373,-0.289,0.202,-0.286,0.348,-0.499,0.425,0.12,0.526,0.159,0.448,-0.015,0.024,0.108,0.285,-0.534,-0.127,-0.189,0.331,0.409,0.292,-0.15,0.102,0.259,0.037,0.551,0.348,0.407,0.633,0.533,0.616,0.013,0.072,0.238,-0.027,0.41,-0.149,0.548,0.04,0.332,-0.131,-0.285,-0.136,-0.553,0.165,0.296,-0.02,0.023,0.324,0.663,0.09,0.584,-0.247,-0.074,0.459,-0.232,0.179,0.509,-0.463,0.432,0.684,-0.361,0.383,0.002,0.268,0.27,-0.133,-0.311,-0.044,0.207,0.128,-0.108,0.376,0.752,0.006,0.334,-0.208,0.126,0.339,0.397,-0.132,0.159,0.41,0.102,0.265,0.449,0.274,0.47,-0.266,0.343,0.028,0.214,0.306,-0.056,0.128,0.387,0.468,0.017,-0.177,-0.287,0.692,0.195,0.021,0.097,0.701,-0.341,0.436,0.343,0.205
AMRN,-0.432,-0.545,-0.446,0.31,-0.045,-0.428,0.769,-0.315,0.0,0.249,0.538,0.371,-0.237,-0.425,-0.703,-0.5,-0.115,-0.564,0.17,-0.288,-0.151,-0.678,0.049,0.17,0.042,-0.64,-0.56,-0.369,0.749,0.47,-0.493,-0.59,0.105,-0.501,-0.533,0.468,-0.563,0.038,0.795,-0.508,0.682,-0.52,-0.519,0.612,-0.519,0.535,-0.45,0.126,-0.633,0.19,0.756,-0.278,-0.714,0.624,-0.416,-0.65,0.085,-0.475,-0.505,-0.415,0.31,-0.748,0.294,-0.154,0.869,0.34,0.389,0.016,0.596,0.125,-0.545,0.266,0.55,0.79,0.308,-0.501,-0.47,-0.259,0.402,0.386,0.843,0.803,-0.597,-0.091,0.64,-0.138,0.094,0.568,-0.696,0.262,-0.063,0.636,0.077,-0.106,0.911,-0.367,0.495,-0.542,0.204,-0.121,0.382,-0.43,-0.052,0.551,0.302,0.155,0.619,0.263,0.099,-0.147,-0.148,-0.641,0.763,-0.12,-0.174,0.548,-0.455,-0.746,-0.385,-0.543,-0.487,-0.541,0.124,0.179,-0.073,-0.628,-0.487,-0.029,-0.597,-0.263,-0.416,0.605,0.382,0.375,0.651,-0.277,0.101,0.384,0.348,-0.206,-0.545,0.244,0.284,0.413,0.443,-0.672,0.839,-0.668,-0.035,0.723,-0.347,-0.456,0.601,0.06,0.464,0.297,-0.654,0.248,0.811,-0.018,0.516,-0.356,0.375,-0.351,-0.444,-0.202,-0.523,0.668,-0.419,-0.277,-0.468,0.228,0.448,-0.435,0.023,0.119,-0.354,0.269,-0.648,0.833,-0.329,0.299,-0.274,-0.195,0.472,0.065,-0.202,-0.53,0.252,0.58,0.899,-0.524,-0.268,0.126,-0.028,-0.491,0.845,-0.55,-0.215,-0.508
ANGI,-0.283,0.172,0.044,0.838,-0.141,0.238,0.04,-0.304,0.249,0.0,-0.224,0.419,0.774,-0.11,0.122,0.209,0.264,-0.19,0.414,0.545,0.674,-0.108,0.797,0.239,0.323,0.197,-0.08,-0.076,0.247,0.23,0.304,0.293,0.503,0.231,0.325,0.37,0.282,-0.036,0.454,0.0,0.631,-0.098,0.263,0.746,0.317,0.373,0.293,0.505,0.187,0.539,0.603,0.146,0.19,0.191,0.429,0.038,0.34,0.363,0.228,0.447,0.863,0.148,-0.324,0.179,-0.033,-0.019,0.839,0.476,-0.16,0.365,0.371,0.477,0.353,0.618,0.676,0.301,0.397,0.04,-0.006,0.825,0.433,0.186,0.245,0.399,0.607,0.463,0.264,0.457,0.222,0.251,-0.001,0.747,0.769,0.681,0.388,0.17,0.736,0.268,0.015,0.251,0.575,0.224,0.286,-0.277,-0.415,0.706,0.656,0.73,0.715,0.455,0.442,0.17,-0.193,0.702,0.448,-0.342,0.073,0.151,0.47,0.052,0.072,-0.587,-0.281,0.433,0.36,0.198,0.033,0.637,0.07,0.467,0.471,0.034,0.608,0.705,0.019,0.515,0.487,-0.536,0.633,0.238,-0.265,-0.117,-0.042,0.543,-0.241,0.181,0.285,0.359,-0.011,0.518,0.138,-0.267,0.123,-0.265,0.541,-0.023,0.28,-0.319,-0.002,0.271,-0.157,0.571,0.499,0.362,-0.133,0.583,0.419,-0.245,0.292,0.507,0.44,0.224,0.559,0.211,0.707,0.314,0.378,-0.12,-0.102,0.102,0.517,-0.226,0.426,0.381,0.12,0.153,0.353,0.213,0.275,0.184,0.216,0.041,0.693,0.523,0.7,-0.214,-0.056,0.217,0.53,0.38
APA,-0.513,-0.822,-0.006,-0.245,-0.526,-0.78,0.686,-0.26,0.538,-0.224,0.0,0.255,-0.64,-0.037,-0.702,-0.804,-0.027,-0.769,0.123,-0.556,-0.633,-0.45,-0.471,-0.235,-0.609,-0.875,-0.678,-0.594,0.701,0.397,-0.842,-0.799,-0.282,-0.472,-0.847,0.659,-0.808,-0.206,0.489,-0.707,0.16,-0.669,-0.803,0.273,-0.882,0.1,-0.896,-0.489,-0.864,-0.198,0.315,-0.213,-0.78,0.787,-0.784,-0.714,-0.042,-0.645,-0.631,-0.196,-0.28,-0.788,0.9,-0.394,0.793,0.81,0.138,-0.418,0.924,-0.656,-0.828,-0.341,0.706,0.219,-0.242,-0.856,-0.791,-0.613,0.761,-0.279,0.522,0.416,-0.825,-0.533,0.449,-0.435,-0.53,0.472,-0.716,-0.059,0.112,0.361,-0.423,-0.691,0.503,-0.822,0.196,-0.891,0.696,-0.589,0.285,-0.831,-0.093,0.802,0.812,-0.443,0.141,-0.535,-0.509,-0.661,-0.716,-0.349,0.708,-0.528,-0.144,0.873,-0.809,-0.686,-0.779,-0.79,-0.65,0.017,0.751,0.239,0.026,-0.621,-0.389,-0.433,-0.791,-0.065,-0.771,0.594,0.346,-0.327,0.819,-0.775,-0.406,0.868,-0.229,-0.81,-0.74,0.696,0.161,0.372,0.889,-0.851,0.431,-0.789,-0.522,0.088,-0.31,-0.287,0.88,0.375,-0.167,0.214,-0.837,0.86,0.759,0.372,0.655,-0.891,-0.235,-0.868,-0.609,-0.579,-0.855,0.89,-0.735,-0.777,-0.804,0.598,-0.186,-0.74,-0.536,-0.409,-0.857,0.269,-0.184,0.5,-0.818,0.672,-0.841,-0.789,0.614,0.29,-0.274,-0.877,0.417,0.016,0.607,-0.711,-0.777,-0.153,-0.526,-0.442,0.815,-0.848,-0.651,-0.913
APOG,-0.163,-0.113,0.4,0.573,-0.45,0.072,0.6,-0.125,0.371,0.419,0.255,0.0,0.24,0.12,-0.022,-0.075,0.455,-0.232,0.323,0.317,0.013,-0.248,0.351,0.411,0.232,-0.162,-0.22,0.005,0.406,0.706,-0.014,-0.018,0.422,0.121,-0.066,0.591,0.074,0.191,0.379,-0.164,0.61,-0.33,0.075,0.703,-0.052,0.627,-0.001,0.386,-0.096,0.581,0.598,0.24,-0.124,0.488,0.162,-0.024,0.341,0.096,0.176,0.336,0.489,-0.195,0.073,0.185,0.407,0.626,0.508,0.364,0.336,0.137,0.076,0.5,0.385,0.473,0.445,-0.022,0.069,0.029,0.17,0.29,0.504,0.384,-0.006,0.242,0.575,0.164,0.263,0.648,0.05,0.427,0.206,0.524,0.4,0.234,0.578,0.049,0.533,-0.041,0.556,0.088,0.629,0.063,0.407,0.077,-0.007,0.356,0.545,0.356,0.297,0.202,0.23,0.229,0.448,0.517,0.364,0.336,-0.09,-0.063,0.171,-0.179,-0.047,-0.019,0.305,0.574,0.5,-0.142,0.1,0.349,-0.217,0.26,0.169,0.465,0.258,0.503,0.32,0.176,0.441,0.063,0.36,0.004,-0.287,0.47,0.275,0.71,0.267,-0.232,0.599,0.024,-0.007,0.398,0.357,-0.26,0.432,0.233,0.468,0.566,-0.08,0.086,0.542,0.643,0.567,0.042,0.439,-0.092,-0.103,0.372,-0.025,0.204,-0.328,0.133,0.049,0.707,0.449,0.044,0.454,0.304,0.04,0.361,0.168,0.376,0.081,0.269,0.125,0.08,0.5,0.501,0.237,-0.09,0.515,0.307,0.556,-0.088,0.15,0.543,0.421,0.005,0.369,-0.094,0.369,-0.048
APPS,0.224,0.659,0.269,0.732,0.018,0.691,-0.277,0.039,-0.237,0.774,-0.64,0.24,0.0,0.191,0.628,0.687,0.46,0.363,0.125,0.883,0.775,0.27,0.857,0.301,0.581,0.7,0.372,0.43,-0.244,0.081,0.779,0.764,0.662,0.618,0.761,-0.016,0.758,0.214,-0.097,0.428,0.34,0.359,0.767,0.385,0.764,0.137,0.734,0.637,0.706,0.556,0.198,0.474,0.691,-0.234,0.832,0.577,0.338,0.767,0.71,0.648,0.696,0.652,-0.655,0.385,-0.518,-0.292,0.462,0.655,-0.602,0.586,0.826,0.524,-0.114,0.251,0.595,0.739,0.812,0.394,-0.369,0.613,-0.089,-0.157,0.729,0.58,0.17,0.549,0.47,0.172,0.692,0.312,0.025,0.256,0.792,0.884,-0.093,0.599,0.433,0.725,-0.203,0.56,0.32,0.7,0.483,-0.686,-0.692,0.731,0.312,0.736,0.776,0.7,0.761,0.584,-0.516,0.888,0.579,-0.633,0.542,0.64,0.84,0.54,0.497,-0.169,-0.351,0.407,0.507,0.651,0.508,0.757,0.557,0.571,0.862,-0.165,0.195,0.627,-0.382,0.853,0.587,-0.719,0.547,0.614,0.26,-0.327,-0.038,0.294,-0.619,0.63,-0.111,0.803,0.251,0.183,0.506,0.059,-0.379,-0.162,0.386,0.066,0.778,-0.564,-0.405,0.226,-0.379,0.88,0.513,0.742,0.358,0.83,0.797,-0.735,0.562,0.82,0.837,0.051,0.507,0.649,0.849,0.472,0.757,-0.035,0.303,-0.377,0.806,-0.359,0.775,0.667,-0.111,0.156,0.604,0.679,0.129,-0.028,-0.214,0.506,0.91,0.611,0.843,0.291,-0.517,0.687,0.819,0.796
ARCB,0.247,0.457,0.455,0.042,-0.104,0.502,0.014,0.588,-0.425,-0.11,-0.037,0.12,0.191,0.0,0.638,0.52,0.702,0.427,0.124,0.442,0.123,0.711,0.051,-0.148,0.173,0.397,0.594,0.58,-0.473,0.449,0.429,0.539,0.472,0.731,0.437,0.061,0.425,0.445,-0.633,0.501,-0.003,0.523,0.393,-0.094,0.346,-0.174,0.281,0.301,0.453,0.376,-0.385,0.738,0.231,0.023,0.355,0.616,0.493,0.63,0.649,0.663,-0.308,0.536,0.18,0.61,-0.282,0.209,-0.294,0.506,0.022,0.07,0.325,-0.156,-0.151,-0.171,0.082,0.42,0.469,0.49,0.019,-0.325,-0.378,-0.054,0.428,0.357,-0.073,-0.175,0.237,-0.208,0.582,0.269,0.627,-0.136,-0.144,0.235,-0.339,0.234,-0.285,0.41,0.381,0.475,0.406,0.331,0.413,-0.09,0.257,0.21,-0.467,-0.197,-0.205,0.346,0.261,0.69,-0.111,0.225,0.575,0.183,0.387,0.559,0.436,0.55,0.598,0.76,0.46,0.528,0.682,0.125,0.645,0.157,0.373,0.609,0.408,0.178,-0.003,-0.087,-0.305,0.205,0.241,0.144,0.152,0.145,0.368,0.431,0.544,0.088,0.098,0.427,-0.239,0.357,0.318,-0.643,0.667,0.657,-0.013,0.549,-0.093,0.494,0.372,0.15,-0.187,0.542,0.213,0.104,-0.145,0.207,0.573,0.11,0.382,-0.234,0.174,0.345,0.446,0.397,0.169,0.53,0.23,0.33,0.312,0.542,0.82,-0.379,0.286,0.38,0.166,0.186,0.357,0.215,0.71,0.411,0.505,-0.344,-0.321,0.61,0.184,0.38,0.302,0.801,-0.309,0.441,0.378,0.167
ARCC,0.508,0.889,0.466,0.242,0.203,0.859,-0.49,0.489,-0.703,0.122,-0.702,-0.022,0.628,0.638,0.0,0.879,0.525,0.807,0.004,0.727,0.564,0.76,0.428,0.075,0.509,0.903,0.818,0.775,-0.771,0.0,0.886,0.917,0.502,0.834,0.895,-0.37,0.909,0.406,-0.743,0.807,-0.132,0.74,0.859,-0.215,0.84,-0.194,0.828,0.507,0.922,0.376,-0.44,0.635,0.79,-0.504,0.801,0.928,0.378,0.886,0.925,0.614,0.052,0.934,-0.493,0.623,-0.776,-0.343,-0.213,0.581,-0.646,0.424,0.852,0.14,-0.525,-0.271,0.263,0.879,0.853,0.676,-0.5,-0.003,-0.605,-0.423,0.916,0.601,-0.357,0.321,0.485,-0.378,0.94,0.196,0.296,-0.322,0.288,0.637,-0.602,0.737,-0.224,0.886,-0.167,0.659,0.028,0.817,0.423,-0.7,-0.454,0.407,-0.38,0.257,0.306,0.653,0.674,0.789,-0.611,0.603,0.505,-0.522,0.811,0.958,0.848,0.866,0.825,0.497,-0.137,0.252,0.504,0.612,0.742,0.477,0.854,0.533,0.855,-0.34,-0.248,0.159,-0.724,0.744,0.454,-0.523,0.203,0.637,0.714,-0.146,0.147,-0.099,-0.57,0.876,-0.478,0.882,0.493,-0.486,0.726,0.555,-0.607,0.162,0.033,0.182,0.884,-0.486,-0.683,0.238,-0.331,0.711,0.092,0.719,0.748,0.556,0.859,-0.82,0.649,0.771,0.862,-0.066,0.185,0.877,0.539,0.471,0.789,0.091,0.747,-0.633,0.757,-0.213,0.702,0.643,-0.162,0.067,0.611,0.881,0.092,-0.305,-0.638,0.855,0.687,0.433,0.573,0.805,-0.794,0.878,0.739,0.815
ARVN,0.583,0.959,0.187,0.344,0.437,0.949,-0.418,0.552,-0.5,0.209,-0.804,-0.075,0.687,0.52,0.879,0.0,0.48,0.882,-0.015,0.776,0.654,0.69,0.529,0.198,0.756,0.944,0.894,0.879,-0.759,0.014,0.971,0.963,0.635,0.789,0.967,-0.452,0.909,0.583,-0.652,0.858,0.054,0.835,0.915,-0.173,0.934,-0.031,0.934,0.708,0.96,0.428,-0.336,0.667,0.712,-0.582,0.89,0.903,0.336,0.889,0.894,0.466,0.161,0.911,-0.655,0.722,-0.696,-0.558,-0.216,0.763,-0.731,0.729,0.866,0.315,-0.616,-0.099,0.351,0.972,0.948,0.848,-0.575,0.154,-0.53,-0.204,0.902,0.721,-0.281,0.293,0.702,-0.414,0.869,0.351,0.183,-0.291,0.337,0.808,-0.45,0.844,-0.213,0.952,-0.362,0.88,0.088,0.924,0.392,-0.689,-0.506,0.617,-0.271,0.484,0.412,0.829,0.855,0.62,-0.538,0.62,0.429,-0.564,0.936,0.819,0.923,0.964,0.89,0.331,-0.33,0.18,0.418,0.539,0.677,0.516,0.865,0.365,0.906,-0.281,-0.194,0.346,-0.754,0.83,0.623,-0.609,0.458,0.838,0.815,-0.356,0.26,-0.218,-0.689,0.902,-0.354,0.798,0.701,-0.288,0.6,0.605,-0.718,0.05,0.279,0.203,0.873,-0.67,-0.616,-0.011,-0.348,0.826,0.266,0.875,0.845,0.579,0.919,-0.823,0.678,0.9,0.94,-0.257,0.442,0.913,0.658,0.669,0.936,0.165,0.509,-0.51,0.894,-0.281,0.851,0.855,-0.271,-0.059,0.636,0.969,-0.065,-0.075,-0.546,0.941,0.792,0.426,0.675,0.803,-0.733,0.971,0.825,0.854
ATEC,0.109,0.409,0.554,0.444,-0.267,0.495,0.214,0.434,-0.115,0.264,-0.027,0.455,0.46,0.702,0.525,0.48,0.0,0.248,0.189,0.66,0.243,0.379,0.334,0.082,0.346,0.331,0.349,0.529,-0.181,0.594,0.463,0.524,0.686,0.681,0.44,0.333,0.465,0.497,-0.29,0.379,0.379,0.297,0.486,0.318,0.322,0.215,0.32,0.539,0.399,0.651,0.073,0.662,0.192,0.239,0.449,0.482,0.523,0.666,0.671,0.698,0.107,0.402,0.031,0.558,-0.09,0.311,0.168,0.638,0.037,0.246,0.392,0.144,0.085,0.158,0.317,0.424,0.522,0.411,0.15,0.074,-0.071,0.17,0.411,0.521,0.204,0.099,0.347,0.181,0.544,0.459,0.465,0.17,0.25,0.478,0.02,0.295,0.152,0.367,0.502,0.473,0.59,0.411,0.606,-0.143,0.036,0.463,-0.034,0.195,0.199,0.432,0.457,0.665,-0.005,0.569,0.716,0.159,0.346,0.455,0.537,0.38,0.48,0.462,0.406,0.747,0.801,0.155,0.617,0.383,0.318,0.614,0.546,0.242,0.138,0.273,-0.123,0.413,0.511,-0.001,0.372,0.213,0.165,0.439,0.522,0.403,0.055,0.299,0.099,0.397,0.289,-0.221,0.64,0.248,0.055,0.487,0.308,0.624,0.353,0.077,0.011,0.662,0.345,0.251,0.253,0.274,0.484,0.418,0.367,-0.184,0.029,0.436,0.49,0.567,0.476,0.438,0.511,0.408,0.375,0.521,0.689,-0.181,0.376,0.397,0.302,0.266,0.386,0.481,0.75,0.367,0.573,-0.202,0.028,0.473,0.336,0.584,0.592,0.596,-0.123,0.378,0.629,0.263
ATXS,0.737,0.884,0.134,0.017,0.552,0.848,-0.431,0.57,-0.564,-0.19,-0.769,-0.232,0.363,0.427,0.807,0.882,0.248,0.0,-0.224,0.517,0.401,0.643,0.244,0.163,0.684,0.872,0.893,0.891,-0.834,-0.136,0.845,0.804,0.384,0.604,0.827,-0.668,0.817,0.576,-0.782,0.862,-0.19,0.826,0.812,-0.475,0.818,-0.149,0.856,0.49,0.882,0.169,-0.529,0.524,0.666,-0.719,0.723,0.868,0.182,0.695,0.779,0.166,-0.116,0.822,-0.61,0.59,-0.673,-0.598,-0.555,0.513,-0.724,0.624,0.738,0.2,-0.788,-0.317,0.123,0.844,0.754,0.819,-0.657,-0.135,-0.667,-0.31,0.813,0.552,-0.549,0.192,0.65,-0.578,0.739,0.235,0.087,-0.611,0.084,0.535,-0.581,0.834,-0.476,0.849,-0.475,0.758,-0.259,0.855,0.267,-0.646,-0.445,0.297,-0.469,0.27,0.194,0.637,0.685,0.484,-0.438,0.346,0.153,-0.486,0.915,0.742,0.713,0.911,0.83,0.477,-0.309,-0.06,0.194,0.466,0.621,0.299,0.846,0.086,0.71,-0.312,-0.538,0.1,-0.757,0.656,0.447,-0.44,0.188,0.8,0.939,-0.387,0.185,-0.442,-0.669,0.809,-0.418,0.666,0.729,-0.402,0.519,0.627,-0.82,0.104,0.091,0.179,0.772,-0.627,-0.606,-0.189,-0.332,0.644,0.128,0.748,0.861,0.376,0.748,-0.753,0.596,0.687,0.733,-0.425,0.222,0.841,0.39,0.559,0.795,0.161,0.465,-0.493,0.687,-0.264,0.73,0.737,-0.362,-0.186,0.396,0.891,-0.259,-0.042,-0.601,0.876,0.522,0.212,0.384,0.842,-0.69,0.887,0.606,0.747
AVAV,-0.406,-0.057,-0.042,0.396,0.093,0.063,0.101,-0.062,0.17,0.414,0.123,0.323,0.125,0.124,0.004,-0.015,0.189,-0.224,0.0,0.034,0.354,0.141,0.203,-0.09,0.074,-0.073,0.034,-0.127,0.17,0.29,-0.084,-0.005,0.157,0.156,0.05,0.348,0.012,0.057,0.302,0.025,0.43,-0.063,-0.181,0.398,-0.017,0.298,-0.03,0.303,-0.102,0.333,0.238,0.166,-0.228,0.377,0.021,-0.081,0.373,0.103,-0.042,0.242,0.308,-0.041,0.217,0.344,0.133,0.188,0.451,0.323,0.292,0.003,-0.101,-0.035,0.346,0.375,0.386,0.037,0.077,0.163,0.283,0.312,0.336,0.333,-0.101,0.328,0.531,0.184,0.195,0.09,-0.001,0.116,0.3,0.541,0.079,0.248,0.349,-0.15,0.196,-0.023,0.319,0.112,0.48,-0.122,0.021,0.212,0.229,0.379,0.265,0.128,0.071,0.32,0.02,-0.025,0.01,0.137,0.416,0.129,-0.013,0.015,0.104,-0.022,0.036,-0.197,0.054,0.296,0.21,-0.333,-0.19,0.115,-0.126,0.339,0.047,0.033,0.661,0.337,0.033,0.016,0.318,-0.146,0.525,-0.051,-0.235,0.384,0.256,0.267,0.233,0.066,0.331,-0.059,0.15,0.079,-0.123,-0.046,0.375,-0.054,0.478,0.01,-0.127,0.026,0.117,0.36,0.22,0.047,-0.084,-0.002,-0.112,-0.037,0.113,0.223,0.159,0.176,0.102,0.239,0.272,0.001,0.191,0.223,0.055,-0.032,-0.042,0.426,0.236,0.207,-0.035,0.149,0.339,-0.148,0.203,-0.0,0.357,0.201,0.08,0.061,0.222,0.213,0.257,-0.102,0.144,-0.007,0.152,-0.018
AXON,0.444,0.745,0.354,0.655,-0.03,0.798,-0.136,0.296,-0.288,0.545,-0.556,0.317,0.883,0.442,0.727,0.776,0.66,0.517,0.034,0.0,0.651,0.367,0.779,0.418,0.673,0.717,0.482,0.658,-0.306,0.252,0.832,0.818,0.807,0.77,0.77,-0.018,0.796,0.5,-0.267,0.46,0.333,0.466,0.868,0.294,0.799,0.169,0.758,0.678,0.751,0.577,0.135,0.694,0.693,-0.217,0.89,0.703,0.354,0.852,0.867,0.718,0.523,0.682,-0.584,0.457,-0.48,-0.153,0.246,0.744,-0.522,0.628,0.869,0.572,-0.241,0.163,0.567,0.763,0.859,0.519,-0.413,0.42,-0.198,-0.08,0.781,0.518,0.157,0.439,0.572,0.175,0.747,0.519,0.118,0.096,0.715,0.839,-0.133,0.615,0.344,0.739,-0.057,0.686,0.38,0.786,0.664,-0.641,-0.572,0.726,0.192,0.637,0.698,0.746,0.831,0.75,-0.366,0.888,0.678,-0.452,0.622,0.708,0.874,0.639,0.577,0.161,-0.121,0.537,0.689,0.608,0.768,0.783,0.593,0.585,0.911,0.027,0.05,0.578,-0.34,0.862,0.582,-0.51,0.499,0.672,0.419,-0.197,0.146,0.3,-0.56,0.585,-0.13,0.81,0.325,0.07,0.744,0.248,-0.397,0.047,0.35,0.321,0.819,-0.52,-0.315,0.338,-0.176,0.762,0.574,0.739,0.567,0.869,0.785,-0.72,0.441,0.815,0.868,0.196,0.564,0.755,0.861,0.553,0.776,0.252,0.486,-0.447,0.775,-0.168,0.784,0.673,-0.004,0.341,0.751,0.701,0.208,-0.039,-0.179,0.623,0.822,0.7,0.833,0.548,-0.467,0.729,0.861,0.738
BANF,0.195,0.638,-0.063,0.67,0.379,0.652,-0.325,0.004,-0.151,0.674,-0.633,0.013,0.775,0.123,0.564,0.654,0.243,0.401,0.354,0.651,0.0,0.283,0.797,0.236,0.624,0.658,0.456,0.391,-0.275,0.002,0.688,0.644,0.544,0.568,0.744,-0.122,0.651,0.303,-0.029,0.48,0.35,0.414,0.577,0.285,0.718,0.118,0.711,0.619,0.626,0.387,0.15,0.438,0.529,-0.254,0.727,0.512,0.428,0.677,0.563,0.392,0.624,0.589,-0.565,0.42,-0.475,-0.473,0.356,0.635,-0.541,0.615,0.681,0.379,-0.154,0.358,0.694,0.688,0.707,0.466,-0.333,0.651,-0.037,-0.043,0.623,0.584,0.204,0.494,0.58,-0.058,0.519,0.28,0.069,0.255,0.666,0.857,-0.064,0.523,0.316,0.682,-0.368,0.627,0.204,0.582,0.387,-0.599,-0.542,0.714,0.237,0.716,0.707,0.756,0.673,0.311,-0.507,0.647,0.468,-0.617,0.58,0.578,0.732,0.575,0.532,-0.293,-0.432,0.26,0.341,0.414,0.354,0.74,0.539,0.496,0.741,-0.23,0.325,0.631,-0.396,0.8,0.548,-0.688,0.684,0.662,0.3,-0.333,-0.005,0.107,-0.617,0.626,-0.073,0.651,0.43,0.158,0.297,0.16,-0.364,-0.258,0.47,-0.069,0.678,-0.644,-0.445,0.038,-0.468,0.801,0.402,0.752,0.353,0.61,0.785,-0.642,0.804,0.805,0.769,-0.173,0.518,0.682,0.728,0.59,0.728,-0.135,0.056,-0.167,0.833,-0.352,0.726,0.737,-0.069,-0.2,0.51,0.667,0.066,0.142,-0.257,0.502,0.858,0.558,0.755,0.243,-0.454,0.678,0.657,0.75
BATRK,0.266,0.671,0.336,-0.105,0.28,0.611,-0.51,0.665,-0.678,-0.108,-0.45,-0.248,0.27,0.711,0.76,0.69,0.379,0.643,0.141,0.367,0.283,0.0,0.015,-0.253,0.208,0.676,0.851,0.599,-0.83,-0.073,0.589,0.705,0.264,0.629,0.66,-0.441,0.595,0.312,-0.797,0.742,-0.276,0.772,0.505,-0.444,0.563,-0.349,0.503,0.307,0.67,0.203,-0.687,0.514,0.426,-0.421,0.424,0.703,0.249,0.618,0.616,0.447,-0.346,0.788,-0.132,0.675,-0.624,-0.291,-0.393,0.421,-0.397,0.145,0.46,-0.263,-0.46,-0.423,-0.053,0.661,0.612,0.639,-0.261,-0.304,-0.652,-0.299,0.595,0.457,-0.395,0.024,0.24,-0.651,0.738,0.001,0.388,-0.362,-0.226,0.312,-0.631,0.429,-0.543,0.626,0.009,0.512,0.065,0.502,0.041,-0.279,-0.003,0.241,-0.677,-0.156,-0.177,0.422,0.357,0.585,-0.551,0.175,0.348,-0.267,0.64,0.716,0.556,0.747,0.735,0.612,-0.062,0.094,0.303,0.288,0.442,0.009,0.685,0.388,0.49,-0.355,-0.144,-0.212,-0.755,0.284,0.296,-0.29,0.075,0.321,0.632,0.02,0.308,-0.319,-0.251,0.78,-0.534,0.512,0.441,-0.741,0.426,0.752,-0.422,0.259,-0.108,0.059,0.534,-0.216,-0.651,0.166,-0.168,0.37,-0.34,0.439,0.636,0.041,0.623,-0.489,0.448,0.495,0.598,-0.133,-0.027,0.587,0.129,0.27,0.531,0.05,0.686,-0.528,0.523,-0.075,0.312,0.402,-0.149,-0.018,0.458,0.667,0.016,-0.377,-0.713,0.803,0.402,0.039,0.183,0.734,-0.686,0.667,0.42,0.442
BIDU,0.152,0.519,0.075,0.822,0.073,0.571,-0.026,-0.093,0.049,0.797,-0.471,0.351,0.857,0.051,0.428,0.529,0.334,0.244,0.203,0.779,0.797,0.015,0.0,0.448,0.652,0.518,0.204,0.33,0.023,0.215,0.632,0.544,0.705,0.476,0.591,0.127,0.582,0.315,0.182,0.242,0.568,0.184,0.609,0.553,0.658,0.312,0.635,0.641,0.508,0.516,0.467,0.436,0.503,-0.068,0.742,0.396,0.416,0.61,0.566,0.446,0.858,0.403,-0.557,0.278,-0.257,-0.194,0.511,0.655,-0.437,0.636,0.676,0.683,-0.001,0.545,0.785,0.568,0.65,0.306,-0.33,0.731,0.239,0.059,0.571,0.481,0.412,0.546,0.57,0.36,0.427,0.44,-0.039,0.429,0.871,0.844,0.179,0.51,0.648,0.564,-0.219,0.561,0.39,0.589,0.543,-0.567,-0.615,0.773,0.544,0.851,0.856,0.679,0.74,0.358,-0.252,0.821,0.518,-0.475,0.405,0.428,0.697,0.385,0.349,-0.365,-0.255,0.458,0.504,0.432,0.426,0.838,0.377,0.489,0.748,0.045,0.302,0.77,-0.117,0.821,0.588,-0.568,0.674,0.612,0.138,-0.278,0.007,0.446,-0.546,0.377,0.16,0.619,0.228,0.455,0.446,0.021,-0.222,-0.155,0.539,0.137,0.624,-0.57,-0.143,0.189,-0.27,0.759,0.69,0.684,0.246,0.812,0.646,-0.556,0.526,0.733,0.685,0.105,0.655,0.584,0.886,0.575,0.669,0.062,0.047,-0.093,0.727,-0.234,0.729,0.669,0.074,0.148,0.463,0.51,0.211,0.225,0.077,0.311,0.826,0.715,0.831,0.136,-0.244,0.537,0.705,0.664
BLNE,0.438,0.217,0.005,0.459,0.045,0.304,0.213,-0.055,0.17,0.239,-0.235,0.411,0.301,-0.148,0.075,0.198,0.082,0.163,-0.09,0.418,0.236,-0.253,0.448,0.0,0.487,0.118,-0.012,0.263,0.172,0.224,0.255,0.131,0.336,0.21,0.14,0.061,0.23,0.381,0.265,-0.037,0.323,-0.07,0.353,0.338,0.325,0.556,0.329,0.366,0.161,0.315,0.44,0.186,0.25,-0.057,0.426,0.19,0.086,0.205,0.251,0.091,0.5,-0.019,-0.496,-0.034,0.031,-0.011,0.17,0.338,-0.169,0.486,0.373,0.723,-0.17,0.27,0.438,0.192,0.23,0.13,-0.38,0.344,0.197,0.143,0.241,0.069,0.275,0.311,0.446,0.416,0.064,0.565,-0.111,0.106,0.617,0.353,0.285,0.254,0.415,0.225,-0.175,0.296,0.132,0.338,0.352,-0.277,-0.467,0.405,0.507,0.52,0.594,0.402,0.472,0.148,0.17,0.468,0.129,-0.16,0.255,0.068,0.315,0.129,0.092,-0.149,-0.155,0.135,0.168,0.216,0.295,0.528,0.088,0.013,0.331,0.253,-0.041,0.587,0.133,0.417,0.241,-0.221,0.285,0.483,0.138,-0.25,-0.026,0.259,-0.342,-0.046,0.257,0.255,0.123,0.538,0.332,-0.144,-0.15,-0.234,0.389,0.249,0.276,-0.447,0.203,0.014,0.056,0.298,0.692,0.375,0.134,0.581,0.201,-0.221,0.028,0.346,0.253,0.128,0.345,0.316,0.512,0.416,0.309,0.18,-0.13,0.091,0.272,-0.188,0.439,0.363,0.015,0.13,0.194,0.164,-0.034,0.416,0.262,0.07,0.35,0.502,0.425,0.027,0.098,0.166,0.364,0.292
BLNK,0.542,0.7,-0.062,0.59,0.508,0.819,0.042,0.303,0.042,0.323,-0.609,0.232,0.581,0.173,0.509,0.756,0.346,0.684,0.074,0.673,0.624,0.208,0.652,0.487,0.0,0.649,0.584,0.769,-0.305,0.268,0.762,0.649,0.736,0.499,0.71,-0.273,0.716,0.722,-0.161,0.608,0.484,0.536,0.731,0.181,0.737,0.398,0.817,0.837,0.664,0.529,0.169,0.532,0.417,-0.317,0.781,0.617,0.363,0.629,0.675,0.145,0.476,0.491,-0.653,0.621,-0.232,-0.395,-0.012,0.81,-0.488,0.929,0.674,0.683,-0.433,0.359,0.635,0.75,0.731,0.779,-0.515,0.424,-0.025,0.23,0.64,0.702,0.095,0.345,0.945,-0.029,0.484,0.571,0.029,-0.017,0.507,0.825,0.109,0.783,0.113,0.714,-0.359,0.884,0.177,0.816,0.451,-0.498,-0.495,0.727,0.222,0.78,0.614,0.87,0.895,0.266,-0.062,0.657,0.332,-0.324,0.786,0.434,0.756,0.69,0.641,0.009,-0.344,0.251,0.355,0.244,0.48,0.627,0.579,0.116,0.747,0.083,-0.118,0.694,-0.385,0.792,0.784,-0.466,0.699,0.903,0.62,-0.298,0.359,0.031,-0.577,0.532,0.199,0.495,0.784,0.257,0.475,0.262,-0.504,0.018,0.661,0.396,0.594,-0.703,-0.125,-0.072,-0.042,0.727,0.626,0.77,0.644,0.614,0.67,-0.527,0.502,0.804,0.722,-0.192,0.764,0.766,0.778,0.851,0.84,0.333,0.099,0.035,0.783,-0.165,0.847,0.878,-0.049,-0.063,0.488,0.744,-0.036,0.45,-0.026,0.668,0.707,0.571,0.714,0.564,-0.239,0.735,0.785,0.689
BTAI,0.559,0.936,0.262,0.255,0.402,0.884,-0.582,0.41,-0.64,0.197,-0.875,-0.162,0.7,0.397,0.903,0.944,0.331,0.872,-0.073,0.717,0.658,0.676,0.518,0.118,0.649,0.0,0.844,0.767,-0.791,-0.191,0.956,0.946,0.476,0.718,0.965,-0.528,0.935,0.387,-0.678,0.843,-0.111,0.785,0.909,-0.263,0.935,-0.16,0.942,0.546,0.98,0.27,-0.419,0.548,0.839,-0.696,0.872,0.891,0.233,0.828,0.856,0.424,0.178,0.956,-0.7,0.576,-0.834,-0.613,-0.212,0.584,-0.852,0.607,0.901,0.259,-0.623,-0.234,0.262,0.956,0.916,0.743,-0.648,0.131,-0.612,-0.438,0.928,0.635,-0.399,0.386,0.577,-0.462,0.89,0.162,0.034,-0.375,0.349,0.741,-0.595,0.861,-0.22,0.953,-0.455,0.734,-0.104,0.917,0.331,-0.805,-0.621,0.482,-0.303,0.446,0.412,0.718,0.778,0.632,-0.693,0.593,0.349,-0.718,0.892,0.874,0.875,0.901,0.835,0.27,-0.416,0.068,0.323,0.672,0.625,0.499,0.892,0.338,0.884,-0.441,-0.28,0.239,-0.799,0.831,0.541,-0.699,0.303,0.786,0.792,-0.456,0.026,-0.269,-0.776,0.941,-0.49,0.876,0.583,-0.324,0.533,0.54,-0.795,-0.041,0.137,0.018,0.932,-0.698,-0.753,-0.048,-0.531,0.868,0.174,0.845,0.76,0.585,0.932,-0.914,0.734,0.841,0.909,-0.349,0.271,0.87,0.58,0.521,0.897,-0.037,0.507,-0.618,0.864,-0.408,0.843,0.805,-0.403,-0.071,0.488,0.965,-0.194,-0.158,-0.676,0.868,0.787,0.313,0.589,0.709,-0.849,0.974,0.753,0.914
BYND,0.517,0.87,0.164,0.043,0.53,0.814,-0.455,0.682,-0.56,-0.08,-0.678,-0.22,0.372,0.594,0.818,0.894,0.349,0.893,0.034,0.482,0.456,0.851,0.204,-0.012,0.584,0.844,0.0,0.834,-0.885,-0.049,0.799,0.829,0.406,0.66,0.848,-0.579,0.77,0.554,-0.785,0.9,-0.128,0.878,0.717,-0.435,0.776,-0.174,0.777,0.558,0.854,0.26,-0.578,0.579,0.526,-0.607,0.653,0.845,0.273,0.719,0.741,0.288,-0.175,0.86,-0.418,0.785,-0.644,-0.534,-0.465,0.617,-0.603,0.534,0.645,0.037,-0.671,-0.273,0.112,0.859,0.778,0.873,-0.492,-0.135,-0.637,-0.211,0.765,0.658,-0.431,0.119,0.588,-0.676,0.789,0.197,0.245,-0.452,-0.059,0.555,-0.55,0.735,-0.517,0.833,-0.293,0.793,-0.01,0.763,0.179,-0.485,-0.223,0.415,-0.566,0.177,0.059,0.667,0.638,0.499,-0.488,0.31,0.24,-0.401,0.898,0.751,0.735,0.94,0.891,0.504,-0.247,0.02,0.267,0.33,0.514,0.204,0.826,0.224,0.676,-0.35,-0.277,0.052,-0.828,0.562,0.523,-0.442,0.296,0.67,0.86,-0.22,0.345,-0.426,-0.5,0.875,-0.434,0.591,0.748,-0.538,0.467,0.775,-0.664,0.172,0.131,0.152,0.676,-0.512,-0.64,-0.061,-0.252,0.595,-0.066,0.683,0.829,0.218,0.782,-0.637,0.607,0.713,0.757,-0.339,0.242,0.799,0.351,0.583,0.782,0.136,0.539,-0.446,0.742,-0.203,0.632,0.715,-0.268,-0.189,0.486,0.885,-0.128,-0.113,-0.647,0.947,0.567,0.175,0.38,0.85,-0.705,0.883,0.623,0.662
CAN,0.703,0.852,0.181,0.222,0.427,0.892,-0.155,0.65,-0.369,-0.076,-0.594,0.005,0.43,0.58,0.775,0.879,0.529,0.891,-0.127,0.658,0.391,0.599,0.33,0.263,0.769,0.767,0.834,0.0,-0.661,0.195,0.831,0.797,0.647,0.724,0.779,-0.43,0.784,0.761,-0.659,0.793,0.072,0.792,0.815,-0.219,0.763,0.045,0.797,0.673,0.808,0.425,-0.325,0.678,0.529,-0.433,0.734,0.852,0.336,0.766,0.841,0.331,-0.031,0.717,-0.498,0.721,-0.464,-0.369,-0.426,0.729,-0.509,0.699,0.693,0.312,-0.631,-0.094,0.286,0.811,0.777,0.852,-0.494,-0.045,-0.461,-0.018,0.765,0.644,-0.301,0.161,0.756,-0.33,0.714,0.473,0.26,-0.405,0.157,0.618,-0.326,0.777,-0.303,0.793,-0.21,0.871,0.047,0.848,0.418,-0.488,-0.296,0.478,-0.299,0.326,0.262,0.739,0.771,0.542,-0.208,0.484,0.378,-0.244,0.891,0.686,0.766,0.887,0.817,0.548,-0.082,0.218,0.424,0.369,0.707,0.385,0.773,0.229,0.748,-0.038,-0.374,0.283,-0.586,0.663,0.582,-0.282,0.352,0.803,0.848,-0.153,0.465,-0.189,-0.486,0.696,-0.188,0.592,0.755,-0.298,0.66,0.589,-0.62,0.283,0.252,0.475,0.69,-0.498,-0.37,0.035,-0.021,0.572,0.3,0.714,0.873,0.444,0.684,-0.609,0.459,0.737,0.753,-0.157,0.441,0.853,0.534,0.704,0.791,0.44,0.541,-0.341,0.679,-0.034,0.708,0.714,-0.085,0.021,0.621,0.827,0.017,0.004,-0.362,0.889,0.536,0.421,0.533,0.901,-0.484,0.811,0.717,0.662
CCEC,-0.472,-0.771,-0.224,0.214,-0.42,-0.648,0.673,-0.589,0.749,0.247,0.701,0.406,-0.244,-0.473,-0.771,-0.759,-0.181,-0.834,0.17,-0.306,-0.275,-0.83,0.023,0.172,-0.305,-0.791,-0.885,-0.661,0.0,0.331,-0.7,-0.756,-0.111,-0.527,-0.747,0.696,-0.68,-0.259,0.902,-0.853,0.463,-0.794,-0.634,0.653,-0.671,0.388,-0.663,-0.263,-0.807,-0.031,0.783,-0.363,-0.572,0.749,-0.512,-0.746,-0.094,-0.595,-0.617,-0.206,0.37,-0.855,0.417,-0.555,0.77,0.601,0.546,-0.288,0.682,-0.299,-0.582,0.183,0.73,0.572,0.157,-0.75,-0.65,-0.67,0.492,0.305,0.83,0.489,-0.702,-0.459,0.705,-0.05,-0.282,0.82,-0.769,0.085,-0.19,0.644,0.189,-0.332,0.803,-0.643,0.681,-0.753,0.374,-0.515,0.287,-0.642,0.005,0.545,0.267,-0.108,0.749,0.035,0.107,-0.407,-0.414,-0.475,0.651,-0.136,-0.05,0.515,-0.771,-0.737,-0.585,-0.823,-0.777,-0.536,0.335,0.235,-0.022,-0.425,-0.42,-0.026,-0.79,-0.112,-0.55,0.583,0.448,0.23,0.901,-0.416,-0.249,0.469,0.038,-0.5,-0.806,0.32,-0.058,0.601,0.531,-0.86,0.661,-0.6,-0.544,0.701,-0.332,-0.659,0.745,-0.045,0.16,0.092,-0.655,0.46,0.805,0.185,0.435,-0.509,0.276,-0.565,-0.717,-0.101,-0.682,0.662,-0.555,-0.529,-0.632,0.455,0.109,-0.648,-0.111,-0.253,-0.613,0.101,-0.558,0.636,-0.568,0.326,-0.491,-0.523,0.462,0.238,-0.296,-0.794,0.301,0.332,0.81,-0.821,-0.394,0.081,-0.169,-0.733,0.841,-0.782,-0.432,-0.618
CDW,-0.087,-0.059,0.205,0.484,-0.285,0.127,0.8,0.115,0.47,0.23,0.397,0.706,0.081,0.449,0.0,0.014,0.594,-0.136,0.29,0.252,0.002,-0.073,0.215,0.224,0.268,-0.191,-0.049,0.195,0.331,0.0,-0.007,-0.019,0.575,0.292,-0.074,0.58,-0.023,0.394,0.232,-0.056,0.678,-0.138,-0.015,0.653,-0.099,0.53,-0.062,0.441,-0.126,0.652,0.474,0.452,-0.303,0.643,0.079,0.042,0.563,0.184,0.221,0.311,0.199,-0.206,0.29,0.366,0.51,0.613,0.22,0.514,0.544,0.206,-0.074,0.324,0.376,0.582,0.475,-0.033,0.041,0.18,0.28,0.108,0.476,0.606,-0.045,0.303,0.581,-0.177,0.372,0.53,-0.035,0.592,0.5,0.528,0.164,0.195,0.591,-0.007,0.332,-0.053,0.565,0.291,0.748,0.014,0.499,0.281,0.315,0.41,0.311,0.192,0.095,0.247,0.209,0.174,0.665,0.293,0.429,0.645,-0.028,-0.109,0.135,-0.03,0.081,0.169,0.549,0.717,0.629,-0.347,0.236,0.27,-0.208,0.339,0.098,0.768,0.296,0.443,0.371,0.069,0.411,0.39,0.461,0.006,-0.194,0.651,0.687,0.656,0.435,-0.243,0.662,-0.141,0.22,0.211,0.426,0.054,0.532,0.552,0.419,0.817,-0.162,0.285,0.67,0.608,0.693,-0.136,0.376,-0.086,0.103,0.164,-0.074,0.322,-0.273,0.143,0.025,0.712,0.565,0.153,0.387,0.519,0.021,0.804,0.219,0.461,0.013,0.59,0.023,0.036,0.75,0.364,0.481,-0.083,0.744,0.303,0.586,0.042,0.015,0.618,0.403,0.26,0.514,-0.086,0.274,-0.197
CDXS,0.572,0.951,0.242,0.425,0.355,0.943,-0.421,0.434,-0.493,0.304,-0.842,-0.014,0.779,0.429,0.886,0.971,0.463,0.845,-0.084,0.832,0.688,0.589,0.632,0.255,0.762,0.956,0.799,0.831,-0.7,-0.007,0.0,0.965,0.66,0.771,0.97,-0.421,0.945,0.5,-0.585,0.815,0.082,0.753,0.962,-0.084,0.959,-0.003,0.965,0.699,0.971,0.455,-0.237,0.617,0.787,-0.579,0.937,0.885,0.341,0.901,0.921,0.485,0.288,0.902,-0.737,0.632,-0.711,-0.544,-0.111,0.727,-0.786,0.739,0.931,0.406,-0.582,-0.054,0.418,0.97,0.958,0.766,-0.617,0.242,-0.474,-0.266,0.946,0.698,-0.261,0.37,0.686,-0.297,0.881,0.331,0.129,-0.235,0.485,0.848,-0.43,0.884,-0.08,0.965,-0.401,0.828,0.06,0.955,0.443,-0.79,-0.643,0.621,-0.159,0.579,0.537,0.812,0.886,0.645,-0.561,0.723,0.437,-0.644,0.899,0.837,0.95,0.91,0.837,0.242,-0.372,0.201,0.429,0.627,0.702,0.62,0.864,0.391,0.959,-0.296,-0.225,0.411,-0.715,0.906,0.624,-0.675,0.433,0.855,0.756,-0.407,0.15,-0.114,-0.757,0.879,-0.324,0.878,0.618,-0.188,0.639,0.483,-0.733,0.002,0.275,0.175,0.932,-0.722,-0.616,0.01,-0.405,0.895,0.374,0.901,0.781,0.701,0.931,-0.886,0.691,0.917,0.956,-0.229,0.445,0.925,0.741,0.639,0.947,0.113,0.497,-0.533,0.902,-0.339,0.903,0.857,-0.279,0.004,0.613,0.965,-0.057,-0.074,-0.495,0.872,0.84,0.495,0.735,0.733,-0.746,0.963,0.864,0.921
