,ABEO,ACHC,AGNCN,AKAM,AKRO,ALRM,AMAT,AMED,AMRN,ANGI,APA,APOG,APPS,ARCB,ARCC,ARVN,ATEC,ATXS,AVAV,AXON,BANF,BATRK,BIDU,BLNE,BLNK,BTAI,BYND,CAN,CCEC,CDW,CDXS,CELH,CGNX,CHKP,CHRS,CHRW,CIGI,CKPT,CMPR,COGT,CRNC,CRSP,CSTL,CTSH,CVGW,DGLY,DNLI,DOCU,DVAX,EBAY,EHTH,ERII,ESLT,EXPE,EXPO,FBIOP,FFBC,FFIN,FOXF,FWRD,GDS,GERN,GPRE,GRWG,GRYP,HEES,HELE,HIVE,HON,HRTX,HSTM,HURA,IART,IBKR,IBOC,IBRX,IDXX,INGN,INM,INVA,IQ,IRBT,KDP,KPTI,KTOS,KXIN,LAMR,LFUS,LGIH,LGMK,LKFN,LNW,LOPE,LPSN,LYFT,MGNX,MLCO,MNST,MODV,MSTR,MTCH,MYGN,MYRG,NCMI,NEXT,NFLX,NIU,NKTR,NRC,NTNX,NTRA,NVEE,NVMI,NWL,NWS,NXPI,OCGN,OCSL,OKTA,OLLI,OTLK,OXLC,PAA,PARA,PARAA,PDCO,PDFS,PFG,PGEN,PNFP,PODD,POWI,PSMT,PTC,PTEN,PVLA,RDNT,RDUS,RDWR,REGN,RNAC,ROCK,ROST,RRR,RSLS,RVMD,RYAAY,SAFT,SAGE,SAVA,SBGI,SFM,SFNC,SHYF,SIBN,SIFY,SIGI,SIMO,SITM,SLM,SNBR,SNDX,SNY,SPNS,SRRK,STRA,SUPN,SYRE,TCBK,TEAM,TECH,THRM,TLRY,TRMK,TROW,TSLA,TWST,TXN,UFPI,UNIT,UPWK,USLM,UTHR,VERB,VLY,VRNA,VRRM,VXRT,WAFD,WATT,WBA,WING,WIX,WTFC,WTW,XPEL,XRX,YMAB,ZG,ZLAB
ABEO,0.0,0.317,0.307,0.581,0.605,0.722,0.758,0.263,0.798,0.651,0.465,0.3,0.511,0.668,0.571,0.648,0.694,0.258,0.343,0.766,0.137,0.367,0.679,0.138,0.233,0.5,0.774,0.245,0.69,0.516,0.837,0.26,0.511,-0.066,0.599,-0.184,0.645,0.511,0.199,0.64,0.221,0.792,0.687,0.651,0.544,0.511,0.777,0.836,0.678,0.771,0.258,0.554,0.134,0.19,-0.007,0.404,0.542,0.506,0.799,0.586,0.572,0.226,0.635,0.625,0.778,0.509,0.527,0.771,0.412,0.72,0.475,0.788,0.468,0.666,0.398,0.0,0.723,0.598,0.801,-0.188,0.684,0.641,0.428,-0.102,0.458,0.586,0.588,0.642,0.488,0.763,0.493,0.384,-0.266,0.703,0.483,0.565,0.507,0.589,0.476,0.485,0.729,0.606,0.553,0.179,-0.409,0.741,0.881,0.691,-0.075,0.855,0.87,0.673,0.75,-0.18,0.578,0.748,0.686,0.574,0.787,0.694,-0.015,0.553,0.485,0.588,0.597,-0.116,0.733,0.681,0.314,0.553,0.631,0.126,-0.11,0.769,-0.202,0.713,0.711,0.091,0.384,0.255,0.6,0.454,0.694,0.172,0.406,0.796,0.671,0.393,0.626,0.694,0.541,0.084,0.519,0.369,0.464,0.697,0.308,0.586,0.72,0.374,0.534,0.385,0.325,0.644,0.74,0.39,0.078,0.433,0.475,0.745,0.597,0.288,0.476,0.587,0.598,0.752,0.809,0.335,-0.262,0.668,0.762,0.149,0.594,0.712,0.397,0.609,0.112,0.821,0.229,0.724,0.441,0.637,0.559,0.547,0.433,0.126,0.555,0.062,-0.045,0.261
ACHC,0.317,0.0,-0.311,-0.24,0.467,0.289,0.545,0.746,0.091,-0.133,-0.26,0.777,0.642,0.449,-0.18,0.317,0.613,0.492,0.596,0.132,0.511,0.171,0.657,0.301,0.748,0.634,0.165,0.655,0.087,-0.064,0.462,0.647,0.265,0.52,0.563,-0.233,0.438,-0.196,0.305,-0.12,-0.216,0.099,0.24,0.462,0.215,0.521,0.32,0.271,0.474,0.074,-0.328,0.777,0.589,0.723,0.098,-0.051,0.314,0.233,0.213,-0.03,0.718,0.299,-0.152,0.679,0.223,-0.112,0.257,0.424,-0.181,0.061,0.078,0.284,0.664,0.402,0.355,0.73,0.144,0.325,0.191,0.578,0.701,0.068,0.13,0.611,0.472,0.283,0.702,0.34,0.773,0.093,0.09,0.67,-0.213,0.304,0.714,-0.189,0.776,-0.077,0.049,0.434,0.443,0.566,0.651,0.636,0.065,0.168,0.372,0.438,0.053,0.268,0.274,0.531,0.522,0.668,0.469,0.196,0.463,-0.025,0.127,-0.106,0.523,-0.224,-0.311,-0.174,-0.162,0.73,0.336,0.186,-0.216,0.358,0.466,0.648,0.465,0.069,0.543,-0.095,0.371,0.691,-0.25,0.344,-0.109,0.098,0.17,0.555,0.601,0.142,0.118,0.227,-0.169,0.387,0.55,0.347,0.245,0.569,0.636,0.044,0.262,0.108,0.37,0.555,-0.112,0.639,0.226,0.089,0.204,-0.387,0.276,-0.367,0.309,0.238,0.379,0.416,0.657,0.07,-0.106,0.253,0.2,-0.117,0.444,0.094,0.123,-0.228,0.275,-0.006,0.533,0.061,0.684,0.492,0.541,0.65,-0.213,0.538,-0.317,0.316,-0.133,0.735,0.487,-0.047,0.704,0.731
AGNCN,0.307,-0.311,0.0,0.732,-0.133,0.597,0.243,-0.557,0.562,0.56,0.629,-0.139,-0.444,0.353,0.574,0.016,0.034,-0.662,-0.522,0.36,-0.501,0.558,-0.143,0.301,-0.616,-0.308,0.647,-0.659,0.364,0.603,0.323,-0.666,0.24,-0.811,0.012,0.578,-0.065,0.842,0.358,0.762,0.804,0.659,-0.007,-0.151,0.033,-0.301,0.149,0.427,0.116,0.563,0.889,0.083,-0.637,-0.686,0.569,0.58,0.241,0.256,0.582,0.725,-0.251,0.282,0.633,-0.309,0.408,0.855,0.484,-0.015,0.903,0.469,0.513,0.093,-0.389,-0.143,-0.124,-0.664,0.242,0.009,0.394,-0.796,-0.225,0.423,0.163,-0.754,0.013,0.548,-0.219,0.541,0.013,0.374,0.152,-0.526,-0.053,0.356,-0.374,0.798,-0.316,0.818,0.768,-0.376,0.116,-0.066,0.026,-0.633,-0.511,0.57,0.358,0.249,0.114,0.402,0.352,0.048,0.203,-0.575,-0.154,0.608,-0.116,0.356,0.504,0.689,-0.384,0.792,0.473,0.465,0.423,-0.503,0.289,0.241,0.865,0.025,-0.122,-0.706,-0.119,0.465,-0.868,0.72,0.516,-0.65,0.572,-0.251,0.835,0.743,0.664,-0.638,0.068,0.434,0.175,-0.194,0.435,-0.093,-0.058,-0.599,0.162,-0.205,-0.165,0.248,0.329,0.682,0.578,-0.577,0.661,0.01,0.037,0.55,0.183,0.777,-0.304,0.803,-0.031,0.308,-0.298,-0.053,-0.429,0.416,0.844,0.469,0.398,0.834,-0.234,0.766,0.411,0.786,0.355,0.368,-0.197,0.611,-0.733,0.158,-0.386,-0.139,0.86,0.132,0.78,-0.125,0.601,-0.555,0.002,0.554,-0.723,-0.583
AKAM,0.581,-0.24,0.732,0.0,0.198,0.722,0.51,-0.318,0.867,0.905,0.773,-0.146,-0.034,0.49,0.785,0.437,0.325,-0.4,-0.22,0.804,-0.327,0.358,0.217,-0.03,-0.404,-0.04,0.842,-0.455,0.725,0.756,0.587,-0.356,0.284,-0.593,0.382,0.106,0.344,0.897,0.259,0.884,0.691,0.821,0.471,0.256,0.45,0.098,0.549,0.743,0.449,0.844,0.767,0.151,-0.436,-0.523,0.175,0.699,0.393,0.378,0.769,0.827,-0.093,0.021,0.831,0.053,0.719,0.821,0.565,0.42,0.782,0.802,0.698,0.578,-0.034,0.347,0.04,-0.713,0.674,0.428,0.747,-0.758,0.107,0.752,0.307,-0.662,0.249,0.43,0.072,0.414,0.194,0.72,0.447,-0.244,-0.397,0.64,-0.109,0.854,-0.102,0.899,0.75,0.031,0.574,0.167,0.183,-0.442,-0.747,0.707,0.63,0.409,-0.016,0.754,0.729,0.321,0.389,-0.691,0.279,0.72,0.182,0.656,0.847,0.954,-0.591,0.917,0.808,0.866,0.834,-0.681,0.701,0.599,0.649,0.311,0.297,-0.517,-0.431,0.839,-0.798,0.933,0.656,-0.599,0.65,0.092,0.881,0.647,0.769,-0.382,0.064,0.77,0.683,0.153,0.864,0.398,0.245,-0.266,0.395,-0.057,0.015,0.619,0.13,0.665,0.613,-0.168,0.862,-0.185,0.186,0.801,0.56,0.849,-0.418,0.88,0.168,0.693,0.173,-0.048,-0.085,0.659,0.847,0.736,0.75,0.634,-0.632,0.785,0.754,0.552,0.564,0.679,-0.076,0.674,-0.561,0.446,-0.249,0.18,0.873,0.411,0.953,0.301,0.665,-0.505,0.244,0.197,-0.676,-0.46
AKRO,0.605,0.467,-0.133,0.198,0.0,0.409,0.702,0.664,0.439,0.376,0.059,0.494,0.763,0.273,0.455,0.765,0.827,0.678,0.805,0.612,0.723,0.002,0.808,-0.202,0.655,0.82,0.371,0.663,0.483,0.24,0.627,0.672,0.345,0.429,0.562,-0.591,0.837,-0.007,0.176,0.183,-0.372,0.434,0.802,0.875,0.714,0.866,0.892,0.611,0.692,0.487,-0.303,0.436,0.715,0.599,-0.525,0.088,0.621,0.641,0.538,0.226,0.538,0.015,0.355,0.78,0.664,0.102,0.194,0.859,-0.13,0.635,0.241,0.676,0.814,0.856,0.711,0.375,0.5,0.826,0.587,0.244,0.772,0.529,0.454,0.235,0.676,0.075,0.834,0.221,0.456,0.65,0.639,0.841,-0.295,0.556,0.839,0.123,0.735,0.124,0.016,0.901,0.657,0.762,0.548,0.687,-0.265,0.185,0.635,0.631,-0.208,0.567,0.647,0.876,0.778,0.092,0.826,0.398,0.67,0.365,0.488,0.259,0.031,0.065,0.238,0.432,0.451,0.102,0.63,0.802,-0.228,0.812,0.603,0.66,0.095,0.534,0.241,0.297,0.492,0.512,-0.125,0.449,0.077,0.049,0.282,0.756,0.392,0.643,0.665,0.699,0.532,0.795,0.722,0.658,0.69,0.564,0.737,0.53,0.146,0.41,0.272,0.658,0.329,0.19,0.623,0.278,0.811,-0.087,0.157,-0.082,0.631,0.593,0.754,0.426,0.805,0.557,0.175,0.55,0.634,-0.219,-0.139,0.311,0.562,-0.303,0.47,0.691,0.729,0.224,0.574,0.76,0.684,0.739,0.057,0.491,0.126,0.834,-0.114,0.279,0.466,-0.525,0.276,0.531
ALRM,0.722,0.289,0.597,0.722,0.409,0.0,0.714,0.129,0.801,0.721,0.463,0.407,0.298,0.647,0.576,0.515,0.677,-0.189,0.075,0.754,-0.021,0.733,0.557,0.379,0.039,0.348,0.925,-0.04,0.521,0.641,0.856,-0.051,0.443,-0.365,0.664,0.214,0.457,0.77,0.615,0.849,0.535,0.89,0.496,0.356,0.443,0.303,0.646,0.865,0.741,0.879,0.604,0.649,-0.15,-0.085,0.344,0.627,0.566,0.518,0.893,0.69,0.285,0.436,0.575,0.413,0.816,0.708,0.84,0.614,0.717,0.802,0.75,0.599,0.287,0.442,0.326,-0.18,0.506,0.562,0.835,-0.366,0.426,0.748,0.256,-0.231,0.523,0.651,0.367,0.785,0.608,0.689,0.484,0.117,-0.353,0.876,0.3,0.772,0.42,0.796,0.821,0.261,0.673,0.61,0.636,-0.057,-0.633,0.794,0.859,0.789,0.229,0.809,0.788,0.573,0.735,-0.181,0.408,0.763,0.427,0.524,0.869,0.793,-0.164,0.707,0.454,0.6,0.578,-0.111,0.797,0.589,0.643,0.504,0.419,-0.139,0.082,0.733,-0.433,0.826,0.85,-0.152,0.535,0.197,0.844,0.793,0.885,-0.133,0.557,0.803,0.567,0.122,0.6,0.484,0.495,-0.18,0.538,0.309,0.467,0.54,0.246,0.73,0.875,0.047,0.743,0.423,0.267,0.838,0.572,0.629,-0.186,0.641,0.357,0.747,0.203,0.197,0.259,0.716,0.801,0.888,0.736,0.517,-0.226,0.865,0.7,0.59,0.699,0.578,0.331,0.852,-0.15,0.679,0.08,0.597,0.668,0.706,0.722,0.393,0.514,0.008,0.459,0.392,-0.151,-0.033
AMAT,0.758,0.545,0.243,0.51,0.702,0.714,0.0,0.429,0.746,0.5,0.37,0.54,0.502,0.676,0.65,0.578,0.803,0.266,0.407,0.789,0.353,0.331,0.803,-0.0,0.321,0.528,0.731,0.337,0.689,0.648,0.801,0.326,0.513,0.08,0.651,-0.29,0.802,0.455,0.27,0.532,0.173,0.762,0.686,0.78,0.468,0.69,0.819,0.762,0.74,0.695,0.208,0.742,0.317,0.298,-0.029,0.362,0.631,0.59,0.818,0.629,0.531,0.187,0.595,0.631,0.798,0.531,0.481,0.769,0.374,0.683,0.533,0.681,0.599,0.747,0.439,0.16,0.701,0.655,0.763,-0.144,0.726,0.686,0.506,-0.004,0.581,0.521,0.734,0.569,0.681,0.768,0.481,0.498,-0.359,0.667,0.647,0.528,0.621,0.568,0.451,0.542,0.786,0.64,0.719,0.266,-0.416,0.629,0.812,0.653,0.101,0.828,0.863,0.732,0.885,-0.084,0.749,0.809,0.588,0.605,0.697,0.575,0.04,0.522,0.47,0.448,0.44,0.135,0.837,0.742,0.182,0.638,0.664,0.307,-0.046,0.771,-0.153,0.629,0.825,0.202,0.315,0.319,0.527,0.523,0.655,0.301,0.524,0.726,0.636,0.47,0.526,0.671,0.547,0.212,0.59,0.477,0.56,0.695,0.425,0.713,0.7,0.463,0.535,0.411,0.501,0.655,0.677,0.347,0.102,0.365,0.521,0.702,0.551,0.46,0.516,0.608,0.582,0.818,0.855,0.35,-0.02,0.728,0.795,0.155,0.625,0.662,0.468,0.496,0.25,0.838,0.4,0.734,0.45,0.692,0.391,0.623,0.415,0.205,0.717,-0.114,0.022,0.339
AMED,0.263,0.746,-0.557,-0.318,0.664,0.129,0.429,0.0,0.011,-0.125,-0.342,0.647,0.827,0.168,-0.129,0.451,0.652,0.741,0.851,0.207,0.749,-0.002,0.728,-0.044,0.904,0.784,-0.01,0.879,0.074,-0.156,0.393,0.86,0.18,0.8,0.505,-0.534,0.556,-0.427,0.095,-0.265,-0.604,-0.015,0.484,0.62,0.379,0.73,0.444,0.233,0.582,0.081,-0.617,0.508,0.819,0.879,-0.398,-0.239,0.317,0.257,0.124,-0.255,0.622,0.152,-0.217,0.811,0.223,-0.362,0.048,0.61,-0.507,0.115,-0.043,0.362,0.806,0.617,0.539,0.805,0.183,0.526,0.217,0.71,0.716,0.116,0.167,0.713,0.645,-0.043,0.758,0.066,0.581,0.211,0.28,0.87,-0.227,0.277,0.837,-0.327,0.8,-0.316,-0.25,0.761,0.469,0.637,0.594,0.854,0.095,-0.044,0.309,0.403,0.024,0.243,0.291,0.566,0.496,0.608,0.642,-0.031,0.549,0.063,0.102,-0.233,0.452,-0.383,-0.242,-0.101,-0.071,0.641,0.311,0.29,-0.524,0.481,0.602,0.875,0.339,0.076,0.72,-0.193,0.154,0.819,-0.316,0.518,-0.333,-0.236,-0.073,0.814,0.504,0.162,0.238,0.535,-0.034,0.564,0.548,0.683,0.362,0.627,0.713,0.124,0.023,-0.114,0.074,0.809,-0.158,0.425,0.373,-0.009,0.31,-0.489,0.349,-0.501,0.424,0.27,0.606,0.321,0.837,0.136,-0.325,0.185,0.203,-0.538,0.266,-0.13,0.125,-0.482,0.221,0.116,0.63,-0.051,0.892,0.571,0.738,0.725,-0.441,0.441,-0.407,0.585,-0.334,0.777,0.471,-0.411,0.801,0.824
AMRN,0.798,0.091,0.562,0.867,0.439,0.801,0.746,0.011,0.0,0.804,0.778,0.086,0.241,0.723,0.791,0.579,0.531,-0.104,0.045,0.884,-0.071,0.394,0.555,0.014,-0.105,0.191,0.912,-0.075,0.821,0.805,0.761,-0.095,0.474,-0.316,0.583,-0.096,0.615,0.809,0.236,0.821,0.557,0.915,0.625,0.506,0.55,0.403,0.722,0.842,0.668,0.886,0.575,0.46,-0.168,-0.158,0.08,0.643,0.578,0.503,0.844,0.829,0.267,0.069,0.798,0.385,0.868,0.745,0.579,0.665,0.637,0.811,0.724,0.78,0.221,0.608,0.251,-0.362,0.806,0.5,0.901,-0.534,0.48,0.757,0.484,-0.347,0.366,0.6,0.415,0.562,0.439,0.851,0.532,0.082,-0.434,0.717,0.244,0.776,0.268,0.841,0.665,0.264,0.723,0.386,0.466,-0.168,-0.695,0.829,0.856,0.572,0.02,0.873,0.902,0.521,0.664,-0.452,0.553,0.826,0.523,0.804,0.879,0.917,-0.342,0.866,0.769,0.757,0.74,-0.371,0.818,0.715,0.483,0.483,0.528,-0.187,-0.392,0.905,-0.556,0.924,0.735,-0.276,0.581,0.246,0.826,0.661,0.8,-0.118,0.343,0.866,0.748,0.382,0.787,0.646,0.435,-0.061,0.534,0.282,0.202,0.796,0.246,0.691,0.715,0.208,0.815,0.126,0.278,0.857,0.692,0.703,-0.17,0.758,0.415,0.778,0.421,0.239,0.217,0.711,0.794,0.892,0.916,0.534,-0.42,0.824,0.883,0.396,0.735,0.705,0.221,0.711,-0.255,0.707,0.05,0.525,0.741,0.628,0.788,0.499,0.727,-0.156,0.595,0.127,-0.383,-0.043
ANGI,0.651,-0.133,0.56,0.905,0.376,0.721,0.5,-0.125,0.804,0.0,0.572,-0.053,0.24,0.392,0.67,0.66,0.486,-0.171,0.026,0.831,-0.155,0.371,0.359,0.038,-0.133,0.222,0.812,-0.249,0.674,0.56,0.672,-0.081,0.248,-0.45,0.497,-0.006,0.439,0.725,0.319,0.809,0.472,0.739,0.608,0.398,0.659,0.232,0.677,0.847,0.584,0.882,0.551,0.173,-0.214,-0.3,0.03,0.655,0.444,0.419,0.761,0.649,0.079,0.061,0.747,0.287,0.744,0.636,0.618,0.573,0.616,0.868,0.638,0.667,0.176,0.472,0.193,-0.554,0.635,0.64,0.761,-0.511,0.266,0.768,0.285,-0.527,0.342,0.348,0.2,0.393,0.289,0.663,0.571,-0.013,-0.427,0.76,0.084,0.717,0.083,0.766,0.689,0.265,0.6,0.404,0.245,-0.155,-0.754,0.626,0.697,0.585,-0.165,0.76,0.749,0.512,0.43,-0.522,0.386,0.618,0.346,0.532,0.906,0.901,-0.575,0.733,0.654,0.94,0.928,-0.625,0.743,0.697,0.502,0.445,0.412,-0.329,-0.299,0.826,-0.591,0.86,0.665,-0.4,0.423,0.215,0.755,0.491,0.746,-0.131,0.132,0.816,0.797,0.242,0.923,0.548,0.483,-0.063,0.509,0.067,0.192,0.524,0.046,0.579,0.601,-0.027,0.788,-0.175,0.281,0.71,0.734,0.666,-0.388,0.665,0.232,0.802,0.326,-0.09,0.182,0.692,0.697,0.691,0.715,0.41,-0.725,0.67,0.71,0.384,0.611,0.779,0.078,0.63,-0.328,0.532,-0.05,0.351,0.73,0.488,0.904,0.478,0.419,-0.388,0.176,0.075,-0.472,-0.299
APA,0.465,-0.26,0.629,0.773,0.059,0.463,0.37,-0.342,0.778,0.572,0.0,-0.209,-0.203,0.522,0.642,0.218,0.089,-0.375,-0.287,0.572,-0.375,0.137,0.099,-0.124,-0.465,-0.238,0.641,-0.4,0.678,0.709,0.375,-0.442,0.209,-0.48,0.257,0.029,0.267,0.786,0.069,0.66,0.684,0.681,0.247,0.135,0.271,0.055,0.304,0.454,0.252,0.581,0.663,0.111,-0.451,-0.484,0.153,0.532,0.304,0.27,0.494,0.75,-0.091,-0.126,0.727,-0.05,0.545,0.704,0.291,0.232,0.624,0.516,0.581,0.442,-0.145,0.259,-0.026,-0.6,0.622,0.098,0.606,-0.693,0.07,0.46,0.291,-0.513,0.089,0.382,0.036,0.27,0.055,0.639,0.246,-0.302,-0.355,0.321,-0.19,0.683,-0.172,0.725,0.543,-0.156,0.418,-0.092,0.119,-0.5,-0.516,0.607,0.461,0.146,-0.056,0.548,0.578,0.121,0.253,-0.596,0.219,0.592,0.187,0.689,0.565,0.742,-0.392,0.832,0.777,0.558,0.528,-0.546,0.44,0.411,0.514,0.145,0.165,-0.478,-0.538,0.646,-0.67,0.77,0.388,-0.548,0.61,0.104,0.711,0.558,0.567,-0.401,0.057,0.585,0.452,0.159,0.568,0.317,0.087,-0.256,0.228,-0.041,-0.192,0.612,0.156,0.502,0.416,-0.071,0.697,-0.143,-0.011,0.667,0.333,0.691,-0.283,0.796,0.155,0.417,0.129,0.043,-0.18,0.449,0.683,0.582,0.626,0.596,-0.388,0.618,0.606,0.362,0.428,0.399,-0.084,0.552,-0.56,0.332,-0.274,0.051,0.743,0.27,0.681,0.158,0.782,-0.37,0.402,0.195,-0.61,-0.305
APOG,0.3,0.777,-0.139,-0.146,0.494,0.407,0.54,0.647,0.086,-0.053,-0.209,0.0,0.536,0.298,0.007,0.294,0.65,0.269,0.489,0.195,0.603,0.296,0.614,0.323,0.619,0.581,0.264,0.545,0.065,0.092,0.46,0.461,0.109,0.297,0.602,-0.138,0.48,-0.065,0.586,0.092,-0.171,0.228,0.163,0.377,0.235,0.557,0.37,0.288,0.473,0.21,-0.182,0.747,0.474,0.609,0.068,0.104,0.547,0.549,0.322,-0.009,0.436,0.232,-0.173,0.566,0.379,0.024,0.461,0.419,-0.013,0.235,0.31,0.227,0.616,0.419,0.652,0.608,0.024,0.466,0.27,0.433,0.535,0.234,0.175,0.473,0.537,0.213,0.497,0.411,0.707,0.18,0.38,0.623,-0.246,0.427,0.661,-0.039,0.776,0.015,0.25,0.428,0.423,0.605,0.753,0.576,-0.116,0.133,0.41,0.559,0.071,0.228,0.282,0.564,0.584,0.608,0.44,0.185,0.386,0.016,0.189,-0.07,0.318,-0.113,-0.206,-0.117,-0.116,0.644,0.396,0.334,-0.05,0.586,0.226,0.53,0.608,0.057,0.41,0.027,0.481,0.542,-0.09,0.369,0.05,0.314,0.329,0.469,0.764,0.278,0.209,0.214,-0.074,0.304,0.539,0.401,0.528,0.654,0.752,0.076,0.184,0.337,0.368,0.426,0.087,0.624,0.455,0.259,0.225,-0.174,0.106,-0.192,0.544,0.24,0.203,0.521,0.581,0.386,0.056,0.384,0.214,-0.114,0.369,0.223,0.087,-0.039,0.373,0.063,0.657,0.282,0.54,0.424,0.621,0.621,-0.019,0.599,-0.19,0.435,-0.187,0.618,0.531,-0.0,0.614,0.536
APPS,0.511,0.642,-0.444,-0.034,0.763,0.298,0.502,0.827,0.241,0.24,-0.203,0.536,0.0,0.239,0.016,0.759,0.759,0.742,0.874,0.454,0.642,0.075,0.847,0.03,0.882,0.883,0.246,0.812,0.285,-0.098,0.603,0.865,0.206,0.611,0.712,-0.576,0.694,-0.236,0.163,-0.031,-0.483,0.181,0.678,0.724,0.661,0.781,0.662,0.534,0.677,0.314,-0.493,0.526,0.732,0.778,-0.427,0.024,0.403,0.328,0.314,-0.111,0.695,0.08,-0.023,0.944,0.455,-0.256,0.239,0.789,-0.348,0.398,0.163,0.646,0.827,0.76,0.547,0.587,0.374,0.724,0.448,0.619,0.861,0.33,0.213,0.585,0.629,0.083,0.767,0.144,0.614,0.345,0.424,0.881,-0.39,0.553,0.878,-0.184,0.845,-0.1,-0.058,0.857,0.617,0.794,0.619,0.844,-0.151,0.165,0.526,0.627,-0.23,0.432,0.5,0.76,0.554,0.458,0.729,0.087,0.697,0.132,0.396,0.072,0.234,-0.193,-0.088,0.295,0.337,0.324,0.543,0.516,-0.411,0.565,0.712,0.743,0.219,0.337,0.567,0.063,0.346,0.645,-0.269,0.577,-0.124,-0.14,0.155,0.79,0.484,0.396,0.55,0.545,0.301,0.781,0.782,0.66,0.466,0.618,0.724,0.273,-0.101,0.012,0.258,0.785,0.073,0.26,0.395,0.176,0.611,-0.337,0.189,-0.35,0.48,0.551,0.751,0.194,0.949,0.293,-0.17,0.333,0.377,-0.468,-0.055,0.011,0.328,-0.442,0.42,0.381,0.596,0.136,0.758,0.666,0.639,0.827,-0.244,0.636,-0.071,0.716,-0.275,0.57,0.417,-0.399,0.656,0.711
ARCB,0.668,0.449,0.353,0.49,0.273,0.647,0.676,0.168,0.723,0.392,0.522,0.298,0.239,0.0,0.439,0.266,0.468,0.021,0.109,0.572,-0.04,0.348,0.508,0.156,0.034,0.171,0.661,0.074,0.585,0.599,0.628,0.055,0.532,-0.051,0.503,-0.063,0.428,0.522,0.097,0.537,0.488,0.655,0.431,0.392,0.281,0.262,0.46,0.56,0.441,0.554,0.365,0.668,-0.028,0.067,0.379,0.342,0.396,0.322,0.663,0.714,0.542,0.198,0.492,0.372,0.528,0.607,0.453,0.441,0.454,0.37,0.399,0.602,0.223,0.404,0.065,0.011,0.692,0.211,0.584,-0.255,0.544,0.491,0.428,-0.046,0.324,0.691,0.506,0.546,0.627,0.565,0.198,0.124,-0.174,0.428,0.267,0.443,0.354,0.624,0.464,0.102,0.598,0.31,0.483,-0.092,-0.296,0.842,0.708,0.351,0.262,0.741,0.686,0.369,0.576,-0.053,0.394,0.781,0.482,0.616,0.548,0.621,0.114,0.571,0.466,0.283,0.277,0.069,0.585,0.325,0.309,0.27,0.547,0.001,-0.126,0.569,-0.244,0.586,0.643,0.087,0.531,0.044,0.567,0.506,0.606,-0.121,0.333,0.576,0.387,0.282,0.334,0.417,0.265,-0.11,0.252,0.268,0.174,0.637,0.531,0.437,0.684,0.305,0.391,0.484,-0.019,0.589,0.378,0.405,0.171,0.459,0.326,0.436,0.439,0.334,0.182,0.361,0.586,0.652,0.728,0.544,0.082,0.619,0.708,0.275,0.448,0.269,0.195,0.431,-0.018,0.625,0.041,0.482,0.386,0.546,0.372,0.197,0.636,0.197,0.616,0.258,-0.056,0.285
ARCC,0.571,-0.18,0.574,0.785,0.455,0.576,0.65,-0.129,0.791,0.67,0.642,0.007,0.016,0.439,0.0,0.4,0.403,-0.103,-0.016,0.787,0.106,0.198,0.378,-0.305,-0.271,0.028,0.685,-0.138,0.767,0.879,0.466,-0.189,0.41,-0.318,0.266,-0.198,0.595,0.671,0.063,0.714,0.374,0.764,0.58,0.513,0.441,0.393,0.682,0.609,0.41,0.749,0.485,0.204,-0.091,-0.224,-0.133,0.512,0.629,0.633,0.753,0.792,-0.02,-0.156,0.779,0.127,0.751,0.737,0.336,0.53,0.554,0.724,0.555,0.605,0.118,0.559,0.344,-0.436,0.685,0.463,0.714,-0.658,0.234,0.759,0.656,-0.499,0.256,0.361,0.283,0.324,0.141,0.821,0.617,0.045,-0.188,0.481,0.152,0.709,0.091,0.744,0.459,0.271,0.535,0.224,0.251,-0.222,-0.606,0.575,0.636,0.332,0.067,0.691,0.732,0.419,0.597,-0.629,0.486,0.766,0.308,0.811,0.657,0.766,-0.479,0.808,0.848,0.655,0.632,-0.451,0.675,0.75,0.348,0.552,0.326,-0.17,-0.439,0.796,-0.636,0.802,0.633,-0.283,0.576,0.106,0.678,0.527,0.6,-0.095,0.121,0.753,0.685,0.498,0.774,0.447,0.19,0.058,0.605,0.194,0.105,0.804,0.351,0.746,0.418,0.107,0.761,-0.083,0.492,0.671,0.617,0.739,-0.077,0.733,0.529,0.56,0.34,0.341,0.037,0.758,0.779,0.755,0.834,0.491,-0.399,0.764,0.819,0.362,0.565,0.747,0.214,0.482,-0.295,0.511,0.131,0.276,0.72,0.334,0.692,0.517,0.587,-0.373,0.462,-0.134,-0.566,-0.202
ARVN,0.648,0.317,0.016,0.437,0.765,0.515,0.578,0.451,0.579,0.66,0.218,0.294,0.759,0.266,0.4,0.0,0.739,0.44,0.648,0.707,0.384,0.199,0.746,0.041,0.54,0.731,0.58,0.433,0.577,0.197,0.739,0.511,0.205,0.156,0.736,-0.417,0.762,0.2,0.289,0.374,-0.118,0.5,0.77,0.716,0.856,0.7,0.82,0.792,0.739,0.62,-0.082,0.38,0.428,0.367,-0.369,0.388,0.563,0.489,0.574,0.226,0.454,-0.014,0.387,0.801,0.724,0.156,0.387,0.82,0.062,0.751,0.473,0.767,0.668,0.797,0.54,0.071,0.552,0.843,0.719,0.172,0.715,0.576,0.342,0.089,0.585,0.159,0.628,0.26,0.478,0.565,0.613,0.623,-0.543,0.777,0.641,0.227,0.604,0.311,0.305,0.737,0.688,0.738,0.523,0.527,-0.555,0.346,0.69,0.735,-0.453,0.605,0.705,0.856,0.589,0.009,0.719,0.346,0.693,0.342,0.727,0.505,-0.221,0.251,0.254,0.721,0.739,-0.183,0.712,0.801,-0.045,0.672,0.622,0.329,0.003,0.675,0.062,0.508,0.552,0.194,-0.109,0.541,0.277,0.154,0.509,0.551,0.412,0.688,0.829,0.538,0.699,0.894,0.874,0.464,0.639,0.479,0.576,0.421,-0.085,0.341,0.427,0.502,0.49,-0.042,0.473,0.47,0.866,0.055,-0.141,0.087,0.473,0.8,0.696,0.108,0.774,0.599,0.224,0.575,0.615,-0.132,-0.46,0.361,0.542,-0.185,0.638,0.735,0.499,0.437,0.316,0.69,0.454,0.714,0.261,0.655,0.418,0.785,-0.009,0.098,0.36,-0.321,0.151,0.325
ATEC,0.694,0.613,0.034,0.325,0.827,0.677,0.803,0.652,0.531,0.486,0.089,0.65,0.759,0.468,0.403,0.739,0.0,0.483,0.712,0.702,0.521,0.318,0.867,0.119,0.631,0.833,0.594,0.524,0.47,0.295,0.842,0.608,0.38,0.259,0.757,-0.324,0.747,0.196,0.386,0.417,-0.113,0.572,0.783,0.769,0.654,0.75,0.837,0.778,0.789,0.636,-0.051,0.674,0.558,0.495,-0.172,0.212,0.585,0.578,0.725,0.338,0.617,0.285,0.393,0.818,0.723,0.241,0.461,0.843,0.12,0.701,0.405,0.693,0.804,0.762,0.59,0.324,0.519,0.838,0.7,0.181,0.792,0.683,0.278,0.201,0.794,0.286,0.799,0.502,0.65,0.65,0.545,0.729,-0.373,0.77,0.776,0.296,0.763,0.311,0.348,0.774,0.762,0.832,0.734,0.586,-0.304,0.447,0.752,0.769,-0.014,0.736,0.769,0.904,0.808,0.145,0.754,0.544,0.581,0.353,0.679,0.407,0.131,0.205,0.214,0.454,0.459,0.201,0.795,0.716,0.04,0.716,0.699,0.515,0.238,0.611,0.151,0.456,0.746,0.435,0.089,0.437,0.312,0.275,0.518,0.548,0.559,0.667,0.633,0.496,0.498,0.732,0.729,0.4,0.623,0.502,0.853,0.489,0.231,0.474,0.59,0.536,0.422,0.36,0.481,0.461,0.744,0.073,0.051,0.079,0.538,0.689,0.647,0.274,0.775,0.563,0.317,0.668,0.676,-0.017,-0.114,0.518,0.602,-0.048,0.52,0.647,0.598,0.436,0.499,0.831,0.523,0.863,0.188,0.682,0.268,0.726,0.0,0.387,0.502,-0.172,0.306,0.441
ATXS,0.258,0.492,-0.662,-0.4,0.678,-0.189,0.266,0.741,-0.104,-0.171,-0.375,0.269,0.742,0.021,-0.103,0.44,0.483,0.0,0.888,0.088,0.681,-0.343,0.571,-0.247,0.812,0.722,-0.224,0.858,0.088,-0.321,0.193,0.909,0.184,0.83,0.198,-0.699,0.497,-0.617,-0.341,-0.438,-0.779,-0.182,0.552,0.68,0.363,0.644,0.426,0.109,0.258,-0.108,-0.795,0.191,0.912,0.828,-0.619,-0.467,0.121,0.131,-0.03,-0.297,0.701,-0.053,-0.103,0.705,0.066,-0.467,-0.346,0.519,-0.672,-0.003,-0.396,0.352,0.704,0.557,0.37,0.712,0.211,0.4,0.043,0.676,0.705,-0.012,0.199,0.581,0.371,-0.173,0.734,-0.163,0.19,0.133,0.135,0.857,0.042,0.025,0.753,-0.48,0.588,-0.477,-0.569,0.778,0.253,0.492,0.213,0.847,0.358,-0.169,0.151,0.182,-0.21,0.134,0.188,0.513,0.327,0.385,0.559,-0.057,0.521,-0.035,-0.061,-0.296,0.448,-0.507,-0.216,-0.084,-0.038,0.402,0.11,0.266,-0.706,0.342,0.555,0.888,0.139,0.041,0.71,-0.313,-0.029,0.831,-0.479,0.285,-0.533,-0.567,-0.312,0.877,0.079,0.038,0.202,0.563,-0.014,0.533,0.413,0.701,0.158,0.36,0.51,0.17,0.094,-0.244,-0.152,0.759,-0.34,0.156,0.247,-0.34,0.407,-0.633,0.495,-0.636,0.326,0.128,0.754,0.219,0.769,-0.094,-0.445,-0.081,0.147,-0.58,0.154,-0.295,0.119,-0.762,-0.054,0.224,0.452,-0.353,0.872,0.437,0.597,0.541,-0.589,0.104,-0.449,0.488,-0.436,0.528,0.197,-0.652,0.605,0.79
AVAV,0.343,0.596,-0.522,-0.22,0.805,0.075,0.407,0.851,0.045,0.026,-0.287,0.489,0.874,0.109,-0.016,0.648,0.712,0.888,0.0,0.268,0.739,-0.147,0.718,-0.123,0.899,0.88,-0.004,0.861,0.161,-0.212,0.425,0.914,0.242,0.759,0.475,-0.637,0.619,-0.444,-0.021,-0.232,-0.669,0.005,0.661,0.728,0.595,0.748,0.582,0.325,0.494,0.095,-0.658,0.38,0.911,0.82,-0.538,-0.272,0.308,0.315,0.191,-0.185,0.666,0.041,-0.038,0.838,0.279,-0.311,-0.06,0.659,-0.521,0.229,-0.107,0.462,0.851,0.674,0.519,0.678,0.297,0.632,0.24,0.666,0.777,0.208,0.205,0.578,0.686,-0.135,0.819,0.005,0.418,0.273,0.304,0.919,-0.175,0.301,0.843,-0.348,0.733,-0.3,-0.305,0.862,0.448,0.677,0.47,0.905,0.098,-0.035,0.319,0.415,-0.254,0.282,0.346,0.74,0.478,0.44,0.66,0.014,0.59,0.017,0.165,-0.13,0.363,-0.384,-0.174,0.11,0.152,0.369,0.335,0.432,-0.549,0.522,0.635,0.87,0.324,0.178,0.649,-0.13,0.197,0.813,-0.418,0.441,-0.352,-0.346,-0.058,0.891,0.294,0.236,0.373,0.61,0.158,0.68,0.654,0.738,0.359,0.474,0.713,0.202,0.061,-0.084,0.035,0.76,-0.102,0.177,0.339,-0.096,0.546,-0.528,0.344,-0.522,0.434,0.333,0.776,0.186,0.893,0.138,-0.301,0.132,0.273,-0.537,0.086,-0.113,0.221,-0.615,0.128,0.336,0.577,-0.117,0.849,0.605,0.653,0.675,-0.408,0.347,-0.276,0.641,-0.436,0.563,0.277,-0.572,0.638,0.769
AXON,0.766,0.132,0.36,0.804,0.612,0.754,0.789,0.207,0.884,0.831,0.572,0.195,0.454,0.572,0.787,0.707,0.702,0.088,0.268,0.0,0.162,0.331,0.687,-0.143,0.1,0.394,0.83,0.098,0.823,0.717,0.791,0.167,0.397,-0.131,0.673,-0.305,0.758,0.628,0.22,0.724,0.288,0.822,0.815,0.711,0.686,0.598,0.866,0.887,0.76,0.897,0.366,0.444,0.077,0.022,-0.166,0.55,0.623,0.557,0.858,0.692,0.266,0.003,0.727,0.543,0.891,0.578,0.534,0.82,0.46,0.885,0.681,0.833,0.436,0.788,0.369,-0.248,0.819,0.763,0.9,-0.364,0.557,0.879,0.479,-0.245,0.528,0.411,0.51,0.432,0.48,0.878,0.647,0.296,-0.517,0.794,0.433,0.669,0.4,0.713,0.561,0.535,0.816,0.557,0.534,0.082,-0.696,0.69,0.834,0.64,-0.019,0.907,0.946,0.665,0.677,-0.384,0.737,0.723,0.549,0.758,0.911,0.827,-0.366,0.718,0.748,0.803,0.795,-0.318,0.937,0.839,0.261,0.607,0.685,0.019,-0.364,0.937,-0.382,0.832,0.781,-0.128,0.474,0.411,0.682,0.489,0.719,0.125,0.338,0.866,0.883,0.522,0.872,0.759,0.547,0.159,0.638,0.337,0.372,0.791,0.167,0.628,0.636,0.378,0.774,0.027,0.468,0.809,0.797,0.614,-0.14,0.604,0.48,0.864,0.58,0.158,0.428,0.762,0.651,0.855,0.922,0.294,-0.516,0.728,0.892,0.254,0.719,0.828,0.291,0.607,-0.011,0.771,0.225,0.642,0.614,0.677,0.701,0.705,0.487,-0.092,0.569,-0.138,-0.243,0.02
BANF,0.137,0.511,-0.501,-0.327,0.723,-0.021,0.353,0.749,-0.071,-0.155,-0.375,0.603,0.642,-0.04,0.106,0.384,0.521,0.681,0.739,0.162,0.0,-0.196,0.616,-0.302,0.719,0.606,-0.131,0.807,0.075,-0.005,0.114,0.704,0.12,0.687,0.339,-0.678,0.639,-0.46,0.091,-0.281,-0.685,-0.083,0.417,0.634,0.446,0.789,0.477,0.079,0.376,0.028,-0.662,0.335,0.838,0.824,-0.61,-0.162,0.562,0.557,0.059,-0.224,0.335,-0.227,-0.221,0.581,0.237,-0.333,-0.039,0.517,-0.538,0.117,-0.023,0.313,0.715,0.645,0.784,0.66,0.077,0.508,0.132,0.561,0.525,0.178,0.467,0.573,0.385,-0.217,0.616,-0.098,0.366,0.191,0.539,0.853,-0.089,0.137,0.775,-0.363,0.723,-0.305,-0.354,0.765,0.29,0.524,0.438,0.8,-0.005,-0.254,0.227,0.268,-0.108,0.048,0.158,0.552,0.486,0.458,0.65,-0.073,0.467,0.119,-0.049,-0.271,0.158,-0.358,-0.098,-0.071,-0.04,0.483,0.243,0.461,-0.616,0.692,0.321,0.841,0.239,0.005,0.601,-0.213,0.1,0.749,-0.372,0.46,-0.388,-0.23,-0.135,0.84,0.394,0.15,0.312,0.698,0.059,0.451,0.467,0.846,0.612,0.728,0.59,0.205,0.08,0.076,-0.187,0.736,-0.057,0.211,0.634,-0.08,0.36,-0.393,0.357,-0.47,0.704,0.124,0.518,0.584,0.702,0.336,-0.278,0.174,0.17,-0.555,0.213,-0.132,0.092,-0.473,0.257,0.206,0.806,-0.19,0.77,0.34,0.919,0.543,-0.335,0.291,-0.406,0.712,-0.415,0.523,0.414,-0.644,0.585,0.648
BATRK,0.367,0.171,0.558,0.358,0.002,0.733,0.331,-0.002,0.394,0.371,0.137,0.296,0.075,0.348,0.198,0.199,0.318,-0.343,-0.147,0.331,-0.196,0.0,0.26,0.673,-0.038,0.123,0.638,-0.104,0.128,0.322,0.553,-0.191,0.263,-0.424,0.385,0.545,0.073,0.539,0.581,0.577,0.463,0.551,0.072,-0.0,0.081,-0.037,0.197,0.541,0.464,0.515,0.533,0.528,-0.286,-0.114,0.537,0.465,0.304,0.196,0.583,0.316,0.129,0.602,0.187,0.202,0.432,0.444,0.705,0.232,0.634,0.392,0.531,0.156,-0.023,0.023,0.072,-0.049,0.079,0.185,0.456,-0.185,0.143,0.375,0.025,-0.161,0.233,0.675,0.02,0.743,0.435,0.202,0.144,-0.105,-0.127,0.626,0.107,0.555,0.276,0.546,0.707,-0.044,0.206,0.421,0.493,-0.101,-0.405,0.58,0.527,0.629,0.316,0.391,0.376,0.254,0.392,0.039,0.015,0.417,0.199,0.156,0.524,0.429,0.026,0.449,0.019,0.227,0.221,0.105,0.407,0.174,0.609,0.096,0.158,-0.248,0.283,0.345,-0.316,0.508,0.595,-0.167,0.334,0.048,0.642,0.681,0.663,-0.285,0.531,0.345,0.123,-0.217,0.163,0.101,0.258,-0.414,0.228,0.185,0.194,0.082,0.169,0.468,0.767,-0.177,0.398,0.48,0.11,0.551,0.164,0.449,-0.037,0.412,0.089,0.445,-0.162,-0.043,0.062,0.384,0.541,0.492,0.28,0.449,0.041,0.634,0.284,0.673,0.488,0.234,0.107,0.68,-0.184,0.343,-0.04,0.363,0.463,0.515,0.467,0.033,0.323,0.062,0.204,0.63,-0.013,-0.083
BIDU,0.679,0.657,-0.143,0.217,0.808,0.557,0.803,0.728,0.555,0.359,0.099,0.614,0.847,0.508,0.378,0.746,0.867,0.571,0.718,0.687,0.616,0.26,0.0,0.04,0.698,0.763,0.548,0.704,0.548,0.327,0.752,0.66,0.36,0.414,0.818,-0.515,0.887,0.101,0.241,0.278,-0.184,0.505,0.752,0.816,0.644,0.884,0.803,0.7,0.792,0.559,-0.205,0.739,0.609,0.663,-0.301,0.248,0.646,0.532,0.608,0.255,0.681,0.078,0.233,0.916,0.723,0.084,0.366,0.88,-0.044,0.582,0.43,0.778,0.786,0.88,0.611,0.463,0.566,0.722,0.716,0.308,0.929,0.57,0.455,0.401,0.63,0.363,0.831,0.393,0.717,0.613,0.552,0.814,-0.446,0.699,0.893,0.152,0.888,0.232,0.199,0.798,0.745,0.801,0.801,0.657,-0.342,0.447,0.776,0.709,-0.046,0.652,0.753,0.835,0.812,0.276,0.877,0.449,0.747,0.474,0.587,0.327,0.151,0.18,0.217,0.367,0.388,0.319,0.793,0.708,-0.192,0.689,0.761,0.626,0.045,0.586,0.285,0.381,0.624,0.503,0.02,0.576,0.209,0.224,0.419,0.632,0.656,0.598,0.659,0.637,0.414,0.835,0.756,0.533,0.634,0.736,0.707,0.577,0.141,0.365,0.496,0.78,0.35,0.383,0.522,0.479,0.695,-0.007,0.182,0.004,0.656,0.661,0.728,0.421,0.86,0.534,0.178,0.672,0.683,-0.152,-0.001,0.406,0.612,-0.176,0.661,0.536,0.668,0.365,0.589,0.803,0.661,0.937,0.08,0.8,0.127,0.797,0.078,0.518,0.726,-0.281,0.442,0.638
BLNE,0.138,0.301,0.301,-0.03,-0.202,0.379,-0.0,-0.044,0.014,0.038,-0.124,0.323,0.03,0.156,-0.305,0.041,0.119,-0.247,-0.123,-0.143,-0.302,0.673,0.04,0.0,0.125,0.162,0.299,-0.098,-0.256,-0.21,0.335,-0.116,0.01,-0.353,0.234,0.691,-0.238,0.204,0.56,0.241,0.341,0.19,-0.278,-0.298,-0.159,-0.277,-0.139,0.245,0.144,0.118,0.311,0.383,-0.247,-0.041,0.636,0.215,-0.021,-0.039,0.189,-0.034,0.262,0.67,-0.139,0.124,0.085,0.14,0.471,-0.077,0.381,0.054,0.213,-0.137,-0.096,-0.315,-0.076,0.117,-0.312,-0.071,0.07,0.132,0.088,-0.084,-0.382,0.015,0.041,0.487,-0.078,0.639,0.279,-0.241,-0.19,-0.109,-0.044,0.35,0.012,0.169,0.176,0.14,0.515,-0.231,-0.112,0.23,0.303,0.017,-0.055,0.273,0.181,0.461,0.019,0.013,-0.012,0.115,0.065,0.332,-0.285,0.055,0.029,-0.38,0.184,0.05,0.258,0.017,-0.47,-0.075,-0.079,0.24,0.009,-0.17,0.516,-0.148,-0.128,-0.206,0.575,-0.061,-0.025,0.091,0.27,-0.047,-0.096,-0.12,0.303,0.415,0.39,-0.211,0.455,-0.02,-0.211,-0.539,-0.236,-0.128,0.221,-0.454,-0.094,0.026,0.225,-0.378,0.001,0.158,0.546,-0.335,0.044,0.467,-0.193,0.121,-0.042,-0.021,-0.145,0.007,-0.198,0.158,-0.363,-0.126,0.05,-0.044,0.154,0.06,-0.158,0.243,0.221,0.236,-0.194,0.387,0.169,-0.125,-0.054,0.431,-0.099,0.056,-0.154,0.182,0.143,0.284,0.146,-0.284,-0.033,0.207,-0.119,0.72,0.206,-0.008
BLNK,0.233,0.748,-0.616,-0.404,0.655,0.039,0.321,0.904,-0.105,-0.133,-0.465,0.619,0.882,0.034,-0.271,0.54,0.631,0.812,0.899,0.1,0.719,-0.038,0.698,0.125,0.0,0.872,-0.068,0.891,-0.015,-0.383,0.377,0.922,0.067,0.759,0.515,-0.49,0.508,-0.526,0.14,-0.335,-0.667,-0.116,0.427,0.572,0.411,0.679,0.408,0.235,0.489,-0.017,-0.699,0.451,0.861,0.905,-0.406,-0.238,0.248,0.21,0.04,-0.391,0.681,0.15,-0.294,0.848,0.169,-0.482,0.011,0.562,-0.564,0.099,-0.1,0.321,0.806,0.546,0.511,0.811,0.047,0.528,0.141,0.845,0.742,0.016,0.034,0.736,0.55,-0.092,0.722,0.051,0.504,0.048,0.221,0.91,-0.246,0.298,0.853,-0.434,0.811,-0.421,-0.265,0.767,0.353,0.678,0.529,0.956,0.141,-0.147,0.241,0.458,-0.219,0.121,0.189,0.634,0.401,0.682,0.567,-0.151,0.531,-0.179,0.069,-0.307,0.446,-0.518,-0.429,-0.077,-0.039,0.584,0.24,0.28,-0.55,0.44,0.51,0.874,0.45,0.003,0.799,-0.281,0.111,0.821,-0.548,0.498,-0.419,-0.318,-0.106,0.893,0.473,0.074,0.224,0.406,-0.076,0.57,0.662,0.679,0.303,0.572,0.741,-0.041,-0.091,-0.161,0.052,0.724,-0.226,0.324,0.337,-0.151,0.37,-0.653,0.252,-0.654,0.342,0.267,0.569,0.221,0.912,0.035,-0.441,0.05,0.063,-0.624,0.214,-0.228,-0.018,-0.592,0.174,0.126,0.59,-0.097,0.907,0.466,0.702,0.699,-0.498,0.412,-0.427,0.534,-0.535,0.734,0.275,-0.412,0.844,0.8
BTAI,0.5,0.634,-0.308,-0.04,0.82,0.348,0.528,0.784,0.191,0.222,-0.238,0.581,0.883,0.171,0.028,0.731,0.833,0.722,0.88,0.394,0.606,0.123,0.763,0.162,0.872,0.0,0.246,0.723,0.174,-0.167,0.668,0.82,0.206,0.495,0.616,-0.372,0.603,-0.2,0.283,0.031,-0.464,0.24,0.665,0.698,0.581,0.706,0.686,0.558,0.677,0.312,-0.408,0.492,0.74,0.683,-0.353,-0.03,0.351,0.369,0.388,-0.073,0.675,0.3,0.088,0.874,0.457,-0.151,0.231,0.749,-0.249,0.471,0.122,0.509,0.846,0.643,0.545,0.561,0.246,0.777,0.425,0.552,0.784,0.325,0.051,0.448,0.708,0.048,0.787,0.309,0.525,0.344,0.365,0.859,-0.315,0.573,0.853,-0.059,0.78,-0.116,0.015,0.852,0.532,0.822,0.607,0.836,-0.068,0.093,0.485,0.694,-0.208,0.432,0.476,0.837,0.583,0.382,0.645,0.154,0.566,-0.028,0.405,0.049,0.269,-0.217,-0.172,0.263,0.293,0.309,0.495,0.525,-0.234,0.583,0.602,0.702,0.413,0.33,0.489,0.071,0.409,0.63,-0.34,0.438,-0.068,-0.08,0.195,0.787,0.45,0.4,0.447,0.388,0.266,0.694,0.765,0.538,0.441,0.454,0.862,0.153,-0.017,0.129,0.32,0.579,0.091,0.315,0.398,0.1,0.667,-0.353,0.11,-0.347,0.35,0.541,0.634,0.153,0.901,0.27,-0.09,0.307,0.35,-0.39,-0.039,0.121,0.273,-0.342,0.305,0.477,0.569,0.198,0.73,0.683,0.581,0.793,-0.185,0.503,-0.042,0.624,-0.382,0.478,0.253,-0.325,0.562,0.593
BYND,0.774,0.165,0.647,0.842,0.371,0.925,0.731,-0.01,0.912,0.812,0.641,0.264,0.246,0.661,0.685,0.58,0.594,-0.224,-0.004,0.83,-0.131,0.638,0.548,0.299,-0.068,0.246,0.0,-0.13,0.721,0.715,0.847,-0.125,0.382,-0.453,0.675,0.131,0.531,0.849,0.499,0.905,0.62,0.926,0.501,0.387,0.482,0.323,0.664,0.895,0.679,0.901,0.661,0.572,-0.236,-0.184,0.272,0.726,0.566,0.484,0.89,0.765,0.248,0.253,0.686,0.397,0.869,0.752,0.766,0.609,0.77,0.847,0.815,0.679,0.219,0.496,0.263,-0.332,0.63,0.544,0.898,-0.468,0.441,0.761,0.335,-0.345,0.413,0.693,0.31,0.698,0.526,0.735,0.495,0.054,-0.458,0.864,0.243,0.817,0.332,0.867,0.856,0.198,0.699,0.498,0.576,-0.145,-0.73,0.851,0.863,0.727,0.058,0.833,0.853,0.562,0.669,-0.31,0.436,0.802,0.455,0.633,0.923,0.892,-0.312,0.838,0.598,0.721,0.697,-0.282,0.844,0.666,0.635,0.47,0.435,-0.256,-0.14,0.834,-0.541,0.93,0.865,-0.308,0.575,0.23,0.906,0.806,0.919,-0.18,0.488,0.846,0.684,0.168,0.704,0.547,0.507,-0.181,0.532,0.284,0.32,0.613,0.194,0.75,0.875,0.055,0.809,0.246,0.286,0.903,0.626,0.706,-0.282,0.748,0.366,0.783,0.253,0.156,0.229,0.727,0.835,0.892,0.813,0.582,-0.375,0.892,0.772,0.528,0.768,0.652,0.217,0.858,-0.275,0.659,0.012,0.549,0.793,0.728,0.821,0.421,0.611,-0.13,0.524,0.338,-0.295,-0.103
CAN,0.245,0.655,-0.659,-0.455,0.663,-0.04,0.337,0.879,-0.075,-0.249,-0.4,0.545,0.812,0.074,-0.138,0.433,0.524,0.858,0.861,0.098,0.807,-0.104,0.704,-0.098,0.891,0.723,-0.13,0.0,0.029,-0.213,0.252,0.852,0.216,0.828,0.405,-0.622,0.578,-0.55,-0.053,-0.396,-0.74,-0.097,0.431,0.627,0.343,0.747,0.405,0.121,0.42,-0.072,-0.751,0.458,0.873,0.956,-0.535,-0.288,0.307,0.249,-0.0,-0.347,0.627,0.001,-0.292,0.788,0.171,-0.477,-0.099,0.574,-0.628,0.005,-0.125,0.345,0.748,0.615,0.553,0.868,0.111,0.4,0.125,0.772,0.737,0.006,0.252,0.809,0.454,-0.071,0.722,-0.009,0.423,0.144,0.227,0.914,-0.073,0.148,0.874,-0.458,0.831,-0.429,-0.438,0.784,0.298,0.594,0.528,0.902,0.194,-0.11,0.25,0.338,-0.121,0.087,0.188,0.536,0.467,0.614,0.613,-0.111,0.593,0.019,-0.051,-0.334,0.497,-0.463,-0.294,-0.183,-0.132,0.634,0.188,0.287,-0.667,0.438,0.498,0.945,0.294,-0.004,0.78,-0.291,0.043,0.878,-0.448,0.456,-0.459,-0.321,-0.178,0.876,0.443,0.064,0.187,0.552,-0.111,0.562,0.514,0.733,0.321,0.653,0.595,0.171,0.008,-0.146,-0.068,0.854,-0.257,0.384,0.379,-0.137,0.303,-0.59,0.516,-0.598,0.49,0.164,0.638,0.399,0.837,0.055,-0.416,0.087,0.13,-0.61,0.346,-0.221,0.076,-0.6,0.166,0.11,0.667,-0.161,0.91,0.462,0.758,0.68,-0.542,0.364,-0.499,0.558,-0.366,0.732,0.444,-0.524,0.806,0.89
CCEC,0.69,0.087,0.364,0.725,0.483,0.521,0.689,0.074,0.821,0.674,0.678,0.065,0.285,0.585,0.767,0.577,0.47,0.088,0.161,0.823,0.075,0.128,0.548,-0.256,-0.015,0.174,0.721,0.029,0.0,0.701,0.602,0.096,0.296,-0.1,0.511,-0.397,0.701,0.555,0.01,0.596,0.322,0.664,0.633,0.624,0.564,0.514,0.69,0.68,0.493,0.688,0.306,0.327,0.051,-0.024,-0.119,0.497,0.553,0.45,0.676,0.69,0.259,-0.213,0.688,0.417,0.719,0.546,0.305,0.626,0.405,0.672,0.519,0.779,0.281,0.698,0.247,-0.28,0.854,0.508,0.755,-0.373,0.504,0.662,0.618,-0.281,0.331,0.437,0.413,0.218,0.361,0.76,0.525,0.207,-0.472,0.539,0.278,0.528,0.25,0.665,0.438,0.32,0.738,0.31,0.334,-0.024,-0.578,0.631,0.687,0.361,-0.139,0.758,0.815,0.52,0.544,-0.372,0.619,0.694,0.503,0.784,0.717,0.726,-0.351,0.705,0.758,0.681,0.664,-0.353,0.756,0.719,0.154,0.487,0.597,-0.047,-0.503,0.796,-0.368,0.754,0.63,-0.161,0.471,0.408,0.569,0.384,0.565,0.072,0.186,0.754,0.78,0.551,0.74,0.67,0.43,0.168,0.507,0.291,0.133,0.753,0.262,0.526,0.493,0.371,0.624,-0.065,0.419,0.667,0.633,0.516,-0.095,0.571,0.492,0.641,0.578,0.208,0.301,0.609,0.589,0.693,0.848,0.385,-0.433,0.622,0.804,0.064,0.62,0.665,0.213,0.423,-0.085,0.628,0.165,0.438,0.6,0.543,0.579,0.58,0.54,-0.142,0.607,-0.162,-0.304,0.068
CDW,0.516,-0.064,0.603,0.756,0.24,0.641,0.648,-0.156,0.805,0.56,0.709,0.092,-0.098,0.599,0.879,0.197,0.295,-0.321,-0.212,0.717,-0.005,0.322,0.327,-0.21,-0.383,-0.167,0.715,-0.213,0.701,0.0,0.413,-0.347,0.428,-0.372,0.322,-0.074,0.489,0.77,0.17,0.725,0.575,0.772,0.374,0.35,0.275,0.286,0.501,0.516,0.388,0.703,0.613,0.385,-0.269,-0.272,0.124,0.553,0.602,0.544,0.71,0.835,-0.069,-0.105,0.662,0.03,0.689,0.785,0.465,0.385,0.648,0.573,0.665,0.508,0.042,0.441,0.229,-0.4,0.669,0.256,0.672,-0.702,0.156,0.704,0.632,-0.42,0.181,0.475,0.184,0.408,0.315,0.741,0.485,-0.116,-0.208,0.419,0.052,0.727,0.09,0.827,0.563,0.04,0.53,0.133,0.355,-0.377,-0.615,0.677,0.64,0.261,0.271,0.65,0.678,0.248,0.572,-0.511,0.403,0.776,0.281,0.853,0.591,0.756,-0.387,0.872,0.837,0.489,0.461,-0.276,0.648,0.566,0.434,0.416,0.273,-0.263,-0.447,0.701,-0.658,0.806,0.633,-0.335,0.73,0.091,0.749,0.709,0.674,-0.297,0.237,0.673,0.532,0.376,0.603,0.307,0.094,-0.115,0.509,0.235,-0.026,0.783,0.414,0.737,0.502,0.089,0.735,0.114,0.325,0.801,0.372,0.825,-0.039,0.82,0.485,0.458,0.181,0.375,-0.108,0.7,0.816,0.806,0.785,0.632,-0.207,0.794,0.768,0.536,0.576,0.496,0.196,0.527,-0.382,0.444,0.042,0.239,0.754,0.426,0.631,0.363,0.787,-0.235,0.611,0.092,-0.507,-0.179
CDXS,0.837,0.462,0.323,0.587,0.627,0.856,0.801,0.393,0.761,0.672,0.375,0.46,0.603,0.628,0.466,0.739,0.842,0.193,0.425,0.791,0.114,0.553,0.752,0.335,0.377,0.668,0.847,0.252,0.602,0.413,0.0,0.318,0.421,-0.073,0.771,-0.035,0.623,0.533,0.447,0.669,0.252,0.812,0.698,0.612,0.564,0.517,0.792,0.935,0.836,0.792,0.314,0.677,0.167,0.185,0.107,0.453,0.49,0.441,0.859,0.543,0.563,0.45,0.572,0.723,0.815,0.496,0.652,0.804,0.464,0.809,0.598,0.717,0.544,0.634,0.35,0.052,0.615,0.741,0.843,-0.072,0.712,0.686,0.192,-0.027,0.698,0.573,0.636,0.708,0.644,0.719,0.425,0.424,-0.462,0.889,0.569,0.587,0.598,0.576,0.634,0.529,0.79,0.751,0.716,0.269,-0.481,0.723,0.856,0.857,0.004,0.872,0.882,0.78,0.758,-0.042,0.594,0.694,0.591,0.435,0.881,0.673,0.023,0.505,0.333,0.605,0.601,-0.022,0.838,0.665,0.39,0.535,0.679,0.145,0.114,0.785,-0.15,0.705,0.834,0.093,0.299,0.34,0.639,0.533,0.767,0.21,0.548,0.793,0.649,0.244,0.595,0.728,0.69,0.039,0.493,0.338,0.654,0.522,0.182,0.571,0.846,0.313,0.588,0.395,0.311,0.7,0.738,0.339,-0.102,0.387,0.336,0.847,0.506,0.118,0.584,0.581,0.576,0.781,0.773,0.287,-0.249,0.717,0.714,0.238,0.634,0.683,0.35,0.727,0.169,0.87,0.198,0.786,0.457,0.756,0.565,0.527,0.315,0.177,0.492,0.158,0.074,0.234
