,ABEO,ACHC,AGNCN,AKAM,AKRO,ALRM,AMAT,AMED,AMRN,ANGI,APA,APOG,APPS,ARCB,ARCC,ARVN,ATEC,ATXS,AVAV,AXON,BANF,BATRK,BIDU,BLNE,BLNK,BTAI,BYND,CAN,CCEC,CDW,CDXS,CELH,CGNX,CHKP,CHRS,CHRW,CIGI,CKPT,CMPR,COGT,CRNC,CRSP,CSTL,CTSH,CVGW,DGLY,DNLI,DOCU,DVAX,EBAY,EHTH,ERII,ESLT,EXPE,EXPO,FBIOP,FFBC,FFIN,FOXF,FWRD,GDS,GERN,GPRE,GRWG,GRYP,HEES,HELE,HIVE,HON,HRTX,HSTM,HURA,IART,IBKR,IBOC,IBRX,IDXX,INGN,INM,INVA,IQ,IRBT,KDP,KPTI,KTOS,KXIN,LAMR,LFUS,LGIH,LGMK,LKFN,LNW,LOPE,LPSN,LYFT,MGNX,MLCO,MNST,MODV,MSTR,MTCH,MYGN,MYRG,NCMI,NEXT,NFLX,NIU,NKTR,NRC,NTNX,NTRA,NVEE,NVMI,NWL,NWS,NXPI,OCGN,OCSL,OKTA,OLLI,OTLK,OXLC,PAA,PARA,PARAA,PDCO,PDFS,PFG,PGEN,PNFP,PODD,POWI,PSMT,PTC,PTEN,PVLA,RDNT,RDUS,RDWR,REGN,RNAC,ROCK,ROST,RRR,RSLS,RVMD,RYAAY,SAFT,SAGE,SAVA,SBGI,SFM,SFNC,SHYF,SIBN,SIFY,SIGI,SIMO,SITM,SLM,SNBR,SNDX,SNY,SPNS,SRRK,STRA,SUPN,SYRE,TCBK,TEAM,TECH,THRM,TLRY,TRMK,TROW,TSLA,TWST,TXN,UFPI,UNIT,UPWK,USLM,UTHR,VERB,VLY,VRNA,VRRM,VXRT,WAFD,WATT,WBA,WING,WIX,WTFC,WTW,XPEL,XRX,YMAB,ZG,ZLAB
ABEO,0.0,0.685,-0.855,0.874,0.577,-0.377,0.013,0.916,-0.678,0.499,0.608,0.903,0.785,0.842,0.686,0.899,-0.578,-0.825,0.794,0.869,0.953,0.694,-0.506,0.363,0.711,-0.823,-0.272,0.837,0.754,0.471,0.225,-0.052,0.26,0.592,-0.74,0.727,0.793,0.879,0.711,0.303,-0.23,0.936,-0.37,0.861,0.711,0.846,0.692,-0.742,0.913,0.853,-0.667,0.77,0.592,0.918,0.346,0.103,0.886,0.883,0.867,0.891,-0.748,0.339,0.868,0.723,0.293,-0.731,0.052,0.898,0.798,0.527,0.588,-0.56,-0.455,0.904,0.956,-0.593,0.113,0.903,0.978,0.097,-0.812,0.956,0.835,0.91,0.223,0.37,0.512,0.887,-0.284,0.912,0.871,0.554,0.762,0.149,0.062,0.475,-0.864,0.635,-0.799,0.183,0.857,0.875,0.842,0.932,0.914,-0.009,-0.779,0.878,0.115,-0.542,-0.455,0.706,0.089,-0.272,0.679,0.432,0.567,0.456,-0.7,0.935,0.917,0.677,0.926,0.754,0.739,0.529,0.573,0.805,0.859,0.922,-0.237,0.699,0.964,0.222,0.566,0.261,-0.366,0.69,0.866,0.434,0.608,0.938,0.475,0.704,0.555,-0.157,-0.461,0.873,-0.003,-0.694,0.935,0.05,0.893,0.58,-0.333,0.924,0.874,-0.659,-0.302,0.712,0.693,-0.139,-0.759,0.551,-0.365,0.416,-0.26,0.651,0.923,-0.648,0.188,0.706,0.807,0.873,0.825,0.902,0.5,0.685,0.351,0.939,0.775,-0.383,-0.384,0.869,0.836,-0.469,0.976,0.854,0.758,0.902,0.828,0.554,0.707,0.889,0.083,0.894,0.513,-0.833,0.48,0.371
ACHC,0.685,0.0,-0.472,0.659,0.562,-0.131,0.079,0.668,-0.188,0.617,0.783,0.651,0.704,0.648,0.643,0.753,0.014,-0.469,0.769,0.736,0.673,0.454,-0.426,0.229,0.607,-0.424,-0.276,0.631,0.56,0.4,0.049,-0.152,0.34,0.425,-0.359,0.578,0.614,0.743,0.528,0.424,0.215,0.658,-0.084,0.639,0.384,0.456,0.625,-0.335,0.796,0.615,-0.362,0.633,0.342,0.774,0.261,-0.055,0.669,0.6,0.645,0.748,-0.551,0.147,0.875,0.534,0.074,-0.487,0.052,0.775,0.663,0.512,0.561,-0.575,-0.221,0.569,0.668,-0.415,0.211,0.734,0.687,-0.099,-0.592,0.63,0.495,0.534,0.497,0.262,0.618,0.626,0.148,0.577,0.674,0.426,0.745,0.122,0.256,0.47,-0.647,0.621,-0.772,0.094,0.774,0.554,0.557,0.663,0.717,-0.066,-0.645,0.477,0.113,-0.433,-0.003,0.329,0.254,-0.266,0.672,0.476,0.646,0.686,-0.392,0.75,0.539,0.672,0.799,0.603,0.63,0.263,0.543,0.483,0.756,0.721,-0.124,0.635,0.652,0.569,0.764,0.232,-0.219,0.485,0.536,0.264,0.393,0.672,0.394,0.538,0.448,-0.045,-0.276,0.652,0.139,-0.511,0.67,0.036,0.672,0.354,-0.25,0.481,0.66,-0.557,-0.015,0.656,0.45,0.298,-0.593,0.641,-0.091,0.717,0.151,0.306,0.669,-0.304,0.454,0.416,0.546,0.527,0.532,0.613,0.545,0.513,0.4,0.825,0.733,-0.563,-0.222,0.606,0.696,-0.16,0.742,0.642,0.693,0.552,0.55,0.641,0.739,0.63,0.114,0.61,0.425,-0.412,0.6,0.334
AGNCN,-0.855,-0.472,0.0,-0.704,-0.564,0.379,0.03,-0.801,0.733,-0.301,-0.348,-0.798,-0.559,-0.788,-0.646,-0.739,0.676,0.887,-0.667,-0.7,-0.807,-0.599,0.606,-0.26,-0.446,0.916,0.338,-0.694,-0.66,-0.395,-0.141,0.202,-0.151,-0.441,0.683,-0.672,-0.548,-0.814,-0.405,-0.097,0.501,-0.84,0.618,-0.651,-0.784,-0.696,-0.464,0.605,-0.68,-0.717,0.853,-0.509,-0.663,-0.751,-0.218,-0.219,-0.637,-0.751,-0.642,-0.766,0.783,-0.404,-0.674,-0.43,-0.135,0.723,0.229,-0.718,-0.605,-0.53,-0.312,0.565,0.539,-0.731,-0.789,0.557,0.118,-0.783,-0.839,-0.012,0.85,-0.762,-0.683,-0.757,0.213,-0.236,-0.478,-0.733,0.352,-0.815,-0.734,-0.624,-0.631,0.093,-0.117,-0.304,0.817,-0.406,0.561,-0.015,-0.707,-0.67,-0.754,-0.827,-0.816,0.205,0.741,-0.862,0.227,0.484,0.696,-0.584,0.032,0.098,-0.412,-0.401,-0.51,-0.31,0.785,-0.846,-0.782,-0.426,-0.763,-0.635,-0.612,-0.438,-0.229,-0.642,-0.788,-0.773,0.419,-0.53,-0.882,-0.072,-0.396,-0.384,0.544,-0.486,-0.709,-0.125,-0.57,-0.784,-0.207,-0.641,-0.546,0.361,0.485,-0.712,0.296,0.543,-0.836,0.169,-0.764,-0.462,0.356,-0.918,-0.674,0.57,0.325,-0.49,-0.593,0.383,0.697,-0.513,0.336,-0.268,0.531,-0.777,-0.78,0.662,-0.148,-0.51,-0.541,-0.713,-0.657,-0.766,-0.225,-0.583,-0.16,-0.792,-0.626,0.433,0.434,-0.71,-0.706,0.663,-0.827,-0.82,-0.585,-0.812,-0.712,-0.37,-0.473,-0.689,0.117,-0.722,-0.332,0.718,-0.223,-0.199
AKAM,0.874,0.659,-0.704,0.0,0.599,-0.023,0.395,0.932,-0.612,0.629,0.562,0.912,0.932,0.922,0.718,0.912,-0.392,-0.659,0.76,0.711,0.883,0.684,-0.251,0.53,0.758,-0.697,0.096,0.861,0.581,0.731,0.468,0.272,0.538,0.837,-0.48,0.901,0.918,0.74,0.862,0.471,0.076,0.941,-0.143,0.982,0.623,0.811,0.825,-0.562,0.84,0.967,-0.533,0.891,0.405,0.95,0.634,0.345,0.928,0.956,0.915,0.923,-0.519,0.511,0.799,0.767,0.346,-0.457,0.339,0.911,0.846,0.39,0.824,-0.274,-0.104,0.861,0.885,-0.331,0.479,0.85,0.862,0.347,-0.639,0.854,0.949,0.851,0.398,0.565,0.635,0.965,0.0,0.822,0.873,0.697,0.617,0.507,0.296,0.597,-0.636,0.595,-0.677,0.494,0.935,0.883,0.89,0.861,0.777,0.337,-0.539,0.728,0.253,-0.267,-0.271,0.732,0.34,0.043,0.862,0.682,0.614,0.51,-0.415,0.829,0.896,0.785,0.86,0.883,0.858,0.709,0.785,0.904,0.767,0.873,0.123,0.911,0.875,0.477,0.521,0.087,-0.125,0.804,0.885,0.625,0.723,0.936,0.709,0.871,0.626,0.031,-0.315,0.794,0.199,-0.419,0.921,0.371,0.794,0.725,0.069,0.816,0.815,-0.347,0.042,0.899,0.844,-0.04,-0.609,0.658,-0.152,0.428,-0.165,0.383,0.931,-0.366,0.425,0.8,0.787,0.85,0.958,0.923,0.725,0.882,0.679,0.823,0.895,-0.137,-0.049,0.93,0.808,-0.508,0.904,0.755,0.752,0.903,0.93,0.792,0.888,0.889,0.398,0.9,0.751,-0.65,0.652,0.657
AKRO,0.577,0.562,-0.564,0.599,0.0,0.006,0.214,0.654,-0.309,0.481,0.554,0.647,0.647,0.648,0.75,0.673,-0.077,-0.368,0.7,0.628,0.561,0.467,-0.347,0.211,0.378,-0.545,-0.137,0.543,0.429,0.515,0.099,-0.01,0.461,0.473,-0.211,0.623,0.554,0.657,0.466,0.348,-0.015,0.642,-0.15,0.565,0.204,0.451,0.538,-0.163,0.571,0.612,-0.432,0.522,0.296,0.683,0.442,0.216,0.549,0.631,0.54,0.629,-0.41,0.424,0.623,0.345,-0.001,-0.417,0.024,0.661,0.589,0.502,0.394,-0.351,-0.122,0.478,0.565,-0.252,0.238,0.607,0.561,0.117,-0.447,0.451,0.49,0.452,0.166,0.284,0.694,0.595,0.1,0.475,0.612,0.59,0.503,0.142,0.43,0.54,-0.464,0.329,-0.512,0.2,0.694,0.414,0.585,0.593,0.641,0.012,-0.427,0.471,-0.107,-0.315,-0.243,0.289,0.239,0.135,0.564,0.53,0.572,0.599,-0.376,0.651,0.503,0.417,0.616,0.663,0.657,0.306,0.369,0.47,0.64,0.626,0.004,0.66,0.611,0.456,0.53,0.175,-0.292,0.415,0.493,0.229,0.455,0.581,0.29,0.607,0.44,-0.03,-0.115,0.522,-0.002,-0.216,0.637,0.152,0.593,0.415,-0.011,0.517,0.54,-0.272,0.119,0.578,0.45,0.026,-0.5,0.675,0.091,0.611,-0.055,0.391,0.606,-0.175,0.533,0.352,0.385,0.501,0.546,0.539,0.409,0.512,0.461,0.615,0.654,-0.384,-0.111,0.632,0.636,-0.258,0.588,0.662,0.593,0.497,0.507,0.584,0.668,0.521,0.067,0.508,0.522,-0.302,0.396,0.434
ALRM,-0.377,-0.131,0.379,-0.023,0.006,0.0,0.81,-0.138,0.425,0.312,-0.066,-0.099,0.124,0.039,0.123,-0.078,0.501,0.464,-0.089,-0.331,-0.359,0.011,0.511,0.318,-0.085,0.33,0.515,0.024,-0.302,0.552,0.399,0.49,0.588,0.39,0.796,0.114,0.096,-0.32,0.068,0.3,0.411,-0.119,0.424,-0.056,-0.238,-0.304,0.191,0.693,-0.233,0.05,0.335,-0.002,-0.302,-0.142,0.545,0.584,-0.18,0.0,-0.075,-0.105,0.557,0.327,-0.195,-0.123,0.333,0.753,0.388,-0.051,-0.002,-0.189,0.319,0.506,0.833,-0.409,-0.405,0.737,0.679,-0.156,-0.444,0.504,0.492,-0.437,-0.055,-0.423,0.272,0.345,0.337,-0.052,0.63,-0.346,-0.202,0.335,-0.51,0.57,0.739,0.129,0.549,-0.101,0.497,0.48,-0.004,-0.295,-0.006,-0.227,-0.409,0.617,0.601,-0.282,-0.037,0.762,0.293,-0.185,0.704,0.845,0.136,0.554,0.252,0.249,0.668,-0.312,-0.242,0.125,-0.316,0.224,0.22,0.338,0.172,0.048,-0.137,-0.294,0.706,0.237,-0.323,0.591,-0.06,-0.376,0.35,0.036,-0.218,0.064,0.221,-0.179,0.285,0.058,0.236,0.369,0.483,-0.409,0.354,0.797,-0.174,0.327,-0.371,0.31,0.76,-0.334,-0.383,0.737,0.913,0.15,0.254,0.319,0.362,0.221,0.797,0.029,0.016,-0.441,-0.199,0.74,0.643,0.028,-0.192,-0.33,0.068,-0.263,0.296,0.306,0.61,-0.367,0.179,0.344,0.53,-0.125,-0.207,-0.011,-0.352,-0.138,-0.151,-0.181,0.056,0.369,0.162,-0.317,0.51,-0.235,0.389,0.567,0.258,0.404
AMAT,0.013,0.079,0.03,0.395,0.214,0.81,0.0,0.28,0.081,0.395,0.11,0.284,0.436,0.408,0.37,0.267,0.119,0.06,0.14,-0.059,0.035,0.359,0.419,0.516,0.261,-0.026,0.621,0.422,-0.025,0.793,0.622,0.595,0.744,0.683,0.445,0.488,0.455,-0.045,0.423,0.309,0.346,0.293,0.312,0.367,0.071,0.166,0.521,0.26,0.12,0.462,0.015,0.38,-0.036,0.227,0.773,0.685,0.217,0.409,0.324,0.256,0.316,0.533,0.065,0.224,0.375,0.514,0.508,0.26,0.359,-0.021,0.627,0.386,0.686,0.054,0.006,0.535,0.831,0.163,-0.043,0.715,0.192,0.002,0.391,0.047,0.341,0.548,0.442,0.383,0.447,0.077,0.157,0.584,-0.202,0.707,0.679,0.231,0.26,0.146,0.271,0.641,0.345,0.164,0.393,0.143,-0.055,0.733,0.359,0.109,0.123,0.548,0.05,0.301,0.805,0.777,0.445,0.79,0.374,0.316,0.356,0.006,0.197,0.4,0.079,0.486,0.453,0.676,0.506,0.475,0.151,0.075,0.704,0.574,0.113,0.606,0.066,-0.385,0.309,0.46,0.249,0.438,0.533,0.258,0.582,0.41,0.429,0.309,0.2,0.022,0.365,0.52,0.195,0.496,-0.027,0.659,0.673,0.097,0.008,0.557,0.834,0.509,0.58,0.113,0.128,0.368,0.598,0.162,-0.175,-0.234,0.216,0.398,0.632,0.467,0.161,0.104,0.514,0.149,0.553,0.705,0.793,-0.045,0.441,0.388,0.463,0.249,0.093,-0.245,0.059,0.189,0.148,0.228,0.479,0.599,0.434,0.117,0.665,0.224,0.684,0.218,0.422,0.649
AMED,0.916,0.668,-0.801,0.932,0.654,-0.138,0.28,0.0,-0.607,0.633,0.549,0.907,0.891,0.915,0.743,0.932,-0.472,-0.726,0.781,0.777,0.883,0.757,-0.337,0.487,0.765,-0.746,-0.031,0.882,0.709,0.669,0.429,0.186,0.511,0.749,-0.548,0.826,0.857,0.812,0.777,0.394,-0.095,0.952,-0.21,0.921,0.689,0.792,0.787,-0.581,0.861,0.916,-0.574,0.834,0.508,0.927,0.577,0.297,0.865,0.93,0.923,0.925,-0.586,0.51,0.817,0.748,0.325,-0.561,0.222,0.918,0.809,0.535,0.714,-0.399,-0.198,0.834,0.878,-0.368,0.333,0.885,0.903,0.25,-0.686,0.867,0.875,0.861,0.292,0.472,0.639,0.941,-0.064,0.885,0.828,0.717,0.644,0.358,0.294,0.561,-0.706,0.614,-0.693,0.389,0.916,0.865,0.871,0.937,0.83,0.21,-0.61,0.829,0.156,-0.323,-0.36,0.717,0.31,-0.004,0.8,0.623,0.677,0.488,-0.516,0.886,0.9,0.759,0.874,0.854,0.824,0.689,0.667,0.857,0.847,0.87,0.004,0.821,0.921,0.386,0.497,0.258,-0.232,0.766,0.882,0.521,0.743,0.926,0.592,0.784,0.62,-0.009,-0.348,0.791,0.128,-0.477,0.918,0.223,0.801,0.678,-0.068,0.874,0.792,-0.437,-0.037,0.776,0.822,-0.086,-0.66,0.661,-0.189,0.455,-0.271,0.528,0.904,-0.421,0.387,0.757,0.806,0.813,0.898,0.921,0.663,0.832,0.564,0.875,0.877,-0.248,-0.177,0.892,0.785,-0.572,0.927,0.871,0.714,0.913,0.872,0.713,0.824,0.838,0.294,0.924,0.714,-0.691,0.622,0.546
AMRN,-0.678,-0.188,0.733,-0.612,-0.309,0.425,0.081,-0.607,0.0,-0.174,-0.118,-0.6,-0.444,-0.592,-0.344,-0.512,0.662,0.728,-0.393,-0.431,-0.694,-0.328,0.354,-0.066,-0.373,0.753,0.12,-0.456,-0.335,-0.17,-0.176,0.027,0.027,-0.309,0.685,-0.536,-0.445,-0.516,-0.411,-0.105,0.29,-0.619,0.493,-0.596,-0.646,-0.581,-0.276,0.666,-0.422,-0.583,0.657,-0.474,-0.366,-0.618,-0.09,-0.063,-0.609,-0.594,-0.509,-0.575,0.551,-0.337,-0.415,-0.44,-0.166,0.686,0.051,-0.489,-0.417,-0.172,-0.21,0.243,0.517,-0.717,-0.697,0.53,0.11,-0.503,-0.679,-0.004,0.604,-0.683,-0.66,-0.74,0.235,-0.259,-0.17,-0.612,0.419,-0.635,-0.624,-0.337,-0.446,-0.006,0.157,-0.266,0.587,-0.142,0.499,-0.129,-0.522,-0.642,-0.563,-0.61,-0.591,0.064,0.511,-0.567,-0.016,0.443,0.509,-0.512,0.223,0.177,-0.342,-0.172,-0.172,0.026,0.633,-0.63,-0.669,-0.279,-0.587,-0.477,-0.453,-0.313,-0.259,-0.522,-0.429,-0.624,0.357,-0.443,-0.66,0.129,-0.105,-0.219,0.308,-0.423,-0.599,-0.16,-0.384,-0.6,-0.244,-0.587,-0.271,0.242,0.506,-0.604,0.194,0.519,-0.673,-0.03,-0.609,-0.303,0.244,-0.742,-0.598,0.395,0.452,-0.401,-0.422,0.436,0.597,-0.27,0.538,0.115,0.422,-0.494,-0.665,0.587,0.143,-0.427,-0.5,-0.692,-0.563,-0.735,-0.14,-0.443,-0.069,-0.581,-0.435,0.146,0.234,-0.667,-0.563,0.542,-0.664,-0.441,-0.439,-0.734,-0.592,-0.254,-0.352,-0.638,0.075,-0.594,-0.22,0.739,-0.11,-0.253
ANGI,0.499,0.617,-0.301,0.629,0.481,0.312,0.395,0.633,-0.174,0.0,0.596,0.559,0.797,0.636,0.577,0.692,0.2,-0.207,0.695,0.536,0.472,0.399,-0.058,0.406,0.608,-0.247,-0.019,0.569,0.358,0.614,0.317,0.309,0.656,0.637,0.022,0.55,0.643,0.554,0.591,0.623,0.247,0.569,0.195,0.625,0.368,0.276,0.654,0.03,0.579,0.597,-0.052,0.63,0.108,0.66,0.511,0.349,0.564,0.568,0.643,0.63,-0.182,0.412,0.699,0.533,0.49,-0.157,0.334,0.742,0.552,0.289,0.65,-0.233,0.201,0.319,0.431,0.036,0.465,0.611,0.459,0.069,-0.19,0.423,0.459,0.331,0.599,0.477,0.735,0.554,0.453,0.424,0.491,0.596,0.293,0.491,0.639,0.678,-0.296,0.419,-0.533,0.423,0.736,0.389,0.481,0.589,0.445,0.316,-0.25,0.344,0.111,0.05,0.212,0.129,0.521,0.218,0.741,0.576,0.792,0.611,0.014,0.625,0.439,0.726,0.558,0.766,0.772,0.439,0.618,0.492,0.595,0.511,0.272,0.702,0.447,0.749,0.561,0.211,-0.004,0.505,0.384,0.263,0.556,0.506,0.613,0.566,0.505,0.231,-0.027,0.312,0.423,-0.048,0.542,0.27,0.416,0.445,0.216,0.324,0.409,-0.116,0.397,0.571,0.618,0.506,-0.473,0.724,0.174,0.372,0.084,0.134,0.506,0.211,0.656,0.401,0.58,0.333,0.56,0.523,0.738,0.601,0.684,0.594,0.838,-0.334,-0.013,0.573,0.526,-0.275,0.538,0.571,0.474,0.509,0.541,0.741,0.795,0.369,0.349,0.532,0.665,-0.204,0.778,0.538
APA,0.608,0.783,-0.348,0.562,0.554,-0.066,0.11,0.549,-0.118,0.596,0.0,0.641,0.628,0.577,0.671,0.656,0.122,-0.361,0.759,0.771,0.633,0.307,-0.449,0.194,0.452,-0.373,-0.389,0.532,0.469,0.381,-0.127,-0.215,0.304,0.378,-0.287,0.498,0.606,0.744,0.472,0.275,0.087,0.6,-0.087,0.559,0.181,0.441,0.576,-0.21,0.754,0.532,-0.326,0.576,0.328,0.677,0.207,-0.048,0.641,0.554,0.536,0.654,-0.529,0.066,0.826,0.382,0.073,-0.333,-0.008,0.694,0.738,0.456,0.503,-0.629,-0.199,0.491,0.613,-0.399,0.181,0.692,0.582,-0.1,-0.474,0.544,0.422,0.402,0.594,0.213,0.685,0.511,0.121,0.4,0.684,0.399,0.702,0.06,0.274,0.457,-0.615,0.57,-0.677,-0.006,0.715,0.398,0.54,0.535,0.716,-0.125,-0.613,0.43,-0.041,-0.49,0.033,0.19,0.276,-0.21,0.593,0.402,0.58,0.754,-0.383,0.651,0.446,0.607,0.784,0.597,0.654,0.166,0.508,0.48,0.696,0.69,-0.096,0.616,0.593,0.612,0.914,0.138,-0.314,0.436,0.444,0.217,0.263,0.623,0.452,0.495,0.312,-0.142,-0.189,0.649,0.086,-0.415,0.566,-0.028,0.689,0.42,-0.298,0.389,0.665,-0.557,0.052,0.66,0.335,0.338,-0.496,0.668,0.069,0.678,0.219,0.38,0.624,-0.28,0.476,0.321,0.443,0.529,0.496,0.429,0.45,0.425,0.446,0.71,0.647,-0.587,-0.411,0.555,0.728,0.078,0.644,0.614,0.755,0.395,0.513,0.542,0.651,0.579,0.025,0.516,0.37,-0.331,0.497,0.235
APOG,0.903,0.651,-0.798,0.912,0.647,-0.099,0.284,0.907,-0.6,0.559,0.641,0.0,0.826,0.907,0.838,0.88,-0.429,-0.768,0.846,0.835,0.93,0.681,-0.516,0.405,0.577,-0.822,-0.188,0.826,0.659,0.683,0.238,0.046,0.421,0.713,-0.546,0.864,0.853,0.868,0.699,0.249,-0.197,0.954,-0.401,0.883,0.648,0.798,0.706,-0.51,0.865,0.933,-0.719,0.769,0.62,0.91,0.501,0.252,0.878,0.953,0.816,0.918,-0.713,0.367,0.854,0.568,0.239,-0.508,0.019,0.895,0.917,0.555,0.697,-0.496,-0.269,0.82,0.906,-0.482,0.278,0.935,0.87,0.292,-0.769,0.831,0.885,0.781,0.29,0.459,0.722,0.913,-0.153,0.775,0.935,0.719,0.695,0.253,0.288,0.44,-0.794,0.675,-0.649,0.25,0.911,0.764,0.949,0.859,0.899,0.087,-0.687,0.833,-0.01,-0.411,-0.443,0.653,0.28,0.037,0.695,0.657,0.606,0.603,-0.607,0.888,0.861,0.673,0.867,0.855,0.856,0.662,0.612,0.883,0.87,0.926,-0.1,0.861,0.943,0.441,0.649,0.15,-0.427,0.663,0.883,0.431,0.614,0.938,0.583,0.768,0.57,-0.23,-0.307,0.875,-0.076,-0.45,0.917,0.13,0.899,0.769,-0.113,0.873,0.872,-0.506,-0.039,0.827,0.775,-0.164,-0.627,0.726,-0.07,0.498,-0.262,0.657,0.96,-0.511,0.47,0.688,0.645,0.874,0.892,0.823,0.516,0.801,0.571,0.855,0.842,-0.33,-0.325,0.863,0.897,-0.418,0.906,0.842,0.865,0.834,0.91,0.645,0.794,0.866,0.201,0.818,0.576,-0.704,0.464,0.43
APPS,0.785,0.704,-0.559,0.932,0.647,0.124,0.436,0.891,-0.444,0.797,0.628,0.826,0.0,0.862,0.744,0.912,-0.16,-0.462,0.766,0.703,0.772,0.639,-0.127,0.521,0.773,-0.542,0.124,0.837,0.533,0.756,0.499,0.346,0.665,0.824,-0.301,0.815,0.908,0.693,0.863,0.61,0.24,0.853,0.055,0.921,0.487,0.679,0.846,-0.367,0.818,0.902,-0.319,0.869,0.268,0.921,0.699,0.353,0.876,0.887,0.905,0.87,-0.362,0.51,0.799,0.784,0.419,-0.383,0.439,0.931,0.787,0.393,0.838,-0.2,0.064,0.717,0.77,-0.182,0.583,0.802,0.76,0.32,-0.463,0.74,0.841,0.721,0.548,0.6,0.722,0.895,0.195,0.713,0.775,0.69,0.516,0.603,0.463,0.716,-0.507,0.548,-0.685,0.576,0.933,0.778,0.785,0.819,0.68,0.419,-0.413,0.597,0.282,-0.143,-0.085,0.568,0.449,0.117,0.908,0.722,0.711,0.616,-0.231,0.788,0.792,0.815,0.794,0.924,0.905,0.662,0.814,0.802,0.753,0.799,0.255,0.927,0.751,0.618,0.559,0.09,-0.019,0.761,0.765,0.58,0.704,0.84,0.725,0.809,0.63,0.194,-0.163,0.646,0.348,-0.291,0.839,0.406,0.691,0.658,0.19,0.662,0.704,-0.23,0.197,0.863,0.82,0.171,-0.603,0.731,-0.007,0.482,-0.043,0.241,0.821,-0.123,0.557,0.723,0.79,0.708,0.878,0.852,0.817,0.842,0.77,0.779,0.956,-0.179,0.016,0.887,0.757,-0.424,0.814,0.734,0.698,0.812,0.838,0.879,0.962,0.769,0.459,0.815,0.834,-0.51,0.765,0.726
ARCB,0.842,0.648,-0.788,0.922,0.648,0.039,0.408,0.915,-0.592,0.636,0.577,0.907,0.862,0.0,0.775,0.902,-0.378,-0.692,0.802,0.708,0.832,0.687,-0.34,0.5,0.662,-0.777,-0.006,0.853,0.588,0.749,0.391,0.118,0.541,0.804,-0.393,0.923,0.832,0.8,0.71,0.411,-0.091,0.951,-0.247,0.882,0.684,0.702,0.8,-0.427,0.771,0.929,-0.65,0.784,0.439,0.905,0.577,0.448,0.816,0.921,0.841,0.941,-0.569,0.626,0.8,0.616,0.298,-0.437,0.177,0.888,0.808,0.447,0.716,-0.392,-0.118,0.76,0.808,-0.264,0.377,0.857,0.813,0.261,-0.677,0.748,0.85,0.75,0.22,0.493,0.759,0.909,0.045,0.796,0.827,0.832,0.582,0.349,0.456,0.596,-0.653,0.498,-0.592,0.408,0.92,0.759,0.868,0.874,0.78,0.186,-0.569,0.776,-0.039,-0.247,-0.421,0.618,0.344,0.184,0.779,0.717,0.745,0.541,-0.478,0.843,0.814,0.725,0.853,0.902,0.88,0.658,0.592,0.841,0.838,0.828,0.015,0.854,0.866,0.523,0.572,0.229,-0.273,0.744,0.759,0.417,0.777,0.891,0.589,0.883,0.688,-0.056,-0.335,0.725,0.073,-0.309,0.913,0.185,0.764,0.666,0.008,0.831,0.714,-0.342,0.103,0.837,0.824,-0.092,-0.615,0.746,-0.034,0.45,-0.322,0.512,0.887,-0.352,0.521,0.689,0.672,0.763,0.879,0.852,0.625,0.862,0.631,0.807,0.908,-0.278,-0.128,0.865,0.791,-0.642,0.856,0.856,0.71,0.867,0.9,0.777,0.807,0.782,0.262,0.837,0.699,-0.542,0.61,0.592
ARCC,0.686,0.643,-0.646,0.718,0.75,0.123,0.37,0.743,-0.344,0.577,0.671,0.838,0.744,0.775,0.0,0.781,-0.141,-0.551,0.8,0.792,0.709,0.507,-0.523,0.274,0.361,-0.676,-0.254,0.706,0.546,0.64,0.123,-0.085,0.415,0.548,-0.261,0.776,0.71,0.804,0.461,0.227,-0.116,0.775,-0.38,0.649,0.396,0.585,0.557,-0.162,0.756,0.766,-0.62,0.558,0.608,0.785,0.501,0.231,0.672,0.768,0.6,0.758,-0.598,0.299,0.748,0.317,0.141,-0.378,-0.104,0.79,0.846,0.653,0.526,-0.476,-0.169,0.547,0.678,-0.335,0.257,0.819,0.62,0.218,-0.602,0.57,0.633,0.495,0.281,0.482,0.822,0.704,0.054,0.495,0.802,0.711,0.577,0.146,0.536,0.396,-0.652,0.61,-0.502,0.099,0.815,0.457,0.8,0.661,0.767,0.009,-0.567,0.648,-0.188,-0.344,-0.312,0.36,0.362,0.195,0.537,0.768,0.629,0.806,-0.501,0.759,0.605,0.494,0.703,0.811,0.846,0.52,0.435,0.653,0.829,0.794,-0.107,0.823,0.744,0.568,0.709,0.04,-0.5,0.448,0.656,0.164,0.429,0.754,0.412,0.635,0.506,-0.254,-0.027,0.669,-0.148,-0.252,0.775,-0.03,0.766,0.696,-0.04,0.662,0.686,-0.365,0.155,0.716,0.631,-0.053,-0.571,0.782,0.17,0.655,-0.153,0.59,0.766,-0.265,0.626,0.415,0.4,0.64,0.681,0.577,0.398,0.706,0.604,0.72,0.812,-0.488,-0.291,0.687,0.836,-0.246,0.71,0.746,0.811,0.594,0.739,0.661,0.76,0.627,0.088,0.558,0.539,-0.43,0.335,0.354
ARVN,0.899,0.753,-0.739,0.912,0.673,-0.078,0.267,0.932,-0.512,0.692,0.656,0.88,0.912,0.902,0.781,0.0,-0.344,-0.667,0.833,0.822,0.853,0.703,-0.343,0.499,0.753,-0.701,-0.081,0.891,0.686,0.666,0.373,0.111,0.516,0.737,-0.477,0.821,0.861,0.839,0.757,0.475,-0.029,0.934,-0.157,0.886,0.644,0.751,0.817,-0.509,0.89,0.908,-0.517,0.805,0.48,0.932,0.553,0.294,0.853,0.898,0.91,0.919,-0.568,0.494,0.875,0.725,0.321,-0.534,0.205,0.947,0.817,0.543,0.722,-0.448,-0.175,0.768,0.847,-0.327,0.348,0.893,0.873,0.203,-0.663,0.826,0.818,0.785,0.377,0.472,0.697,0.909,0.035,0.829,0.816,0.727,0.662,0.346,0.365,0.596,-0.698,0.632,-0.724,0.374,0.935,0.815,0.831,0.918,0.807,0.165,-0.62,0.785,0.112,-0.311,-0.279,0.642,0.324,-0.033,0.803,0.649,0.764,0.614,-0.487,0.872,0.849,0.785,0.882,0.862,0.844,0.606,0.655,0.8,0.882,0.87,0.02,0.826,0.878,0.507,0.617,0.247,-0.236,0.741,0.804,0.491,0.71,0.91,0.58,0.778,0.698,0.01,-0.324,0.741,0.172,-0.451,0.894,0.191,0.791,0.618,-0.079,0.815,0.755,-0.437,0.019,0.784,0.801,0.036,-0.708,0.692,-0.093,0.545,-0.194,0.486,0.87,-0.357,0.461,0.703,0.786,0.76,0.851,0.868,0.689,0.8,0.595,0.88,0.921,-0.355,-0.175,0.866,0.814,-0.529,0.903,0.875,0.724,0.86,0.852,0.782,0.863,0.809,0.262,0.874,0.712,-0.608,0.66,0.563
ATEC,-0.578,0.014,0.676,-0.392,-0.077,0.501,0.119,-0.472,0.662,0.2,0.122,-0.429,-0.16,-0.378,-0.141,-0.344,0.0,0.733,-0.118,-0.288,-0.523,-0.509,0.254,-0.175,-0.317,0.685,0.054,-0.478,-0.413,-0.075,-0.245,0.022,0.149,-0.198,0.702,-0.292,-0.27,-0.322,-0.264,0.175,0.545,-0.492,0.5,-0.387,-0.645,-0.661,-0.22,0.791,-0.346,-0.414,0.616,-0.302,-0.511,-0.337,-0.081,-0.105,-0.389,-0.464,-0.401,-0.366,0.446,-0.247,-0.165,-0.373,-0.186,0.516,0.083,-0.283,-0.281,-0.216,-0.1,0.198,0.5,-0.63,-0.538,0.435,0.199,-0.374,-0.583,-0.175,0.563,-0.621,-0.526,-0.694,0.383,-0.147,0.158,-0.487,0.716,-0.655,-0.366,-0.194,-0.293,0.105,0.366,0.101,0.498,-0.206,0.183,-0.038,-0.239,-0.616,-0.5,-0.533,-0.44,0.064,0.4,-0.694,-0.05,0.331,0.699,-0.71,0.234,0.215,-0.099,-0.031,0.018,0.249,0.652,-0.407,-0.641,-0.116,-0.396,-0.182,-0.131,-0.401,-0.093,-0.497,-0.336,-0.405,0.313,-0.123,-0.599,0.474,0.127,-0.165,0.224,-0.439,-0.592,-0.261,-0.381,-0.526,-0.089,-0.299,-0.243,0.219,0.484,-0.498,0.245,0.495,-0.498,0.065,-0.426,-0.318,0.366,-0.747,-0.435,0.345,0.513,-0.153,-0.375,0.666,0.345,0.117,0.511,0.146,0.616,-0.526,-0.477,0.74,0.412,-0.519,-0.443,-0.567,-0.451,-0.532,0.023,-0.348,0.192,-0.377,-0.132,-0.081,0.266,-0.403,-0.272,0.526,-0.512,-0.433,-0.196,-0.628,-0.481,0.083,-0.005,-0.517,0.053,-0.535,-0.111,0.703,0.101,-0.045
ATXS,-0.825,-0.469,0.887,-0.659,-0.368,0.464,0.06,-0.726,0.728,-0.207,-0.361,-0.768,-0.462,-0.692,-0.551,-0.667,0.733,0.0,-0.59,-0.68,-0.816,-0.535,0.648,-0.203,-0.425,0.874,0.385,-0.664,-0.622,-0.28,-0.075,0.254,-0.001,-0.344,0.753,-0.614,-0.504,-0.762,-0.36,0.067,0.502,-0.776,0.664,-0.621,-0.814,-0.714,-0.377,0.703,-0.688,-0.677,0.865,-0.478,-0.73,-0.683,-0.082,-0.071,-0.641,-0.693,-0.587,-0.716,0.814,-0.19,-0.644,-0.4,-0.094,0.682,0.286,-0.653,-0.639,-0.494,-0.316,0.628,0.636,-0.759,-0.798,0.655,0.182,-0.769,-0.821,0.002,0.869,-0.801,-0.673,-0.763,0.116,-0.212,-0.319,-0.693,0.474,-0.775,-0.745,-0.463,-0.682,0.167,0.072,-0.082,0.852,-0.53,0.528,0.094,-0.635,-0.676,-0.745,-0.758,-0.808,0.243,0.781,-0.846,0.146,0.563,0.642,-0.627,0.067,0.253,-0.322,-0.321,-0.372,-0.259,0.839,-0.775,-0.758,-0.382,-0.748,-0.505,-0.498,-0.411,-0.271,-0.646,-0.734,-0.764,0.493,-0.467,-0.859,0.017,-0.414,-0.311,0.561,-0.471,-0.746,-0.146,-0.434,-0.773,-0.241,-0.528,-0.438,0.452,0.535,-0.78,0.344,0.655,-0.775,0.228,-0.776,-0.476,0.481,-0.884,-0.724,0.653,0.421,-0.46,-0.528,0.434,0.625,-0.377,0.393,-0.216,0.497,-0.773,-0.78,0.775,-0.005,-0.517,-0.511,-0.756,-0.626,-0.707,-0.158,-0.547,-0.077,-0.755,-0.532,0.411,0.506,-0.615,-0.698,0.509,-0.808,-0.717,-0.624,-0.76,-0.725,-0.256,-0.38,-0.722,0.166,-0.698,-0.189,0.789,-0.125,-0.068
AVAV,0.794,0.769,-0.667,0.76,0.7,-0.089,0.14,0.781,-0.393,0.695,0.759,0.846,0.766,0.802,0.8,0.833,-0.118,-0.59,0.0,0.829,0.776,0.552,-0.524,0.305,0.591,-0.597,-0.375,0.682,0.627,0.574,0.11,-0.058,0.446,0.588,-0.338,0.723,0.702,0.874,0.607,0.427,-0.118,0.817,-0.234,0.743,0.507,0.527,0.644,-0.298,0.795,0.76,-0.534,0.704,0.475,0.842,0.389,0.177,0.716,0.775,0.719,0.822,-0.651,0.325,0.923,0.507,0.212,-0.476,-0.031,0.85,0.791,0.445,0.556,-0.625,-0.242,0.623,0.747,-0.392,0.178,0.834,0.769,-0.033,-0.661,0.682,0.626,0.586,0.395,0.359,0.798,0.713,0.102,0.643,0.789,0.652,0.672,0.158,0.423,0.504,-0.726,0.621,-0.726,0.15,0.827,0.556,0.728,0.77,0.819,-0.059,-0.67,0.645,-0.069,-0.392,-0.247,0.366,0.296,-0.049,0.69,0.516,0.723,0.721,-0.477,0.868,0.63,0.669,0.823,0.813,0.825,0.434,0.536,0.66,0.837,0.789,-0.13,0.731,0.788,0.585,0.754,0.225,-0.383,0.503,0.632,0.238,0.531,0.758,0.492,0.669,0.572,-0.165,-0.122,0.7,0.086,-0.405,0.799,0.02,0.761,0.569,-0.175,0.646,0.737,-0.553,0.001,0.728,0.604,0.211,-0.595,0.729,0.033,0.63,-0.071,0.563,0.784,-0.301,0.582,0.481,0.599,0.632,0.679,0.674,0.552,0.614,0.512,0.849,0.828,-0.558,-0.378,0.721,0.791,-0.27,0.81,0.778,0.735,0.626,0.696,0.648,0.774,0.657,0.138,0.679,0.523,-0.488,0.581,0.303
AXON,0.869,0.736,-0.7,0.711,0.628,-0.331,-0.059,0.777,-0.431,0.536,0.771,0.835,0.703,0.708,0.792,0.822,-0.288,-0.68,0.829,0.0,0.859,0.51,-0.674,0.21,0.487,-0.704,-0.486,0.693,0.761,0.367,-0.063,-0.258,0.172,0.397,-0.63,0.63,0.723,0.932,0.494,0.135,-0.215,0.803,-0.403,0.68,0.495,0.691,0.536,-0.498,0.918,0.715,-0.589,0.586,0.676,0.809,0.204,-0.084,0.773,0.732,0.704,0.796,-0.794,0.062,0.887,0.475,0.104,-0.659,-0.154,0.848,0.822,0.704,0.468,-0.721,-0.486,0.704,0.851,-0.622,0.007,0.904,0.836,-0.038,-0.765,0.798,0.626,0.662,0.352,0.267,0.619,0.709,-0.178,0.672,0.833,0.466,0.801,-0.027,0.129,0.376,-0.878,0.746,-0.795,-0.086,0.798,0.626,0.747,0.789,0.911,-0.21,-0.842,0.774,-0.058,-0.636,-0.288,0.435,0.06,-0.307,0.523,0.417,0.581,0.654,-0.698,0.868,0.718,0.555,0.843,0.676,0.705,0.343,0.431,0.623,0.894,0.901,-0.331,0.652,0.849,0.344,0.767,0.259,-0.569,0.459,0.716,0.243,0.327,0.819,0.348,0.51,0.405,-0.313,-0.276,0.817,-0.155,-0.646,0.79,-0.148,0.901,0.483,-0.412,0.75,0.841,-0.745,-0.244,0.614,0.531,-0.029,-0.767,0.644,-0.216,0.584,-0.061,0.714,0.816,-0.538,0.317,0.446,0.591,0.769,0.637,0.673,0.367,0.513,0.331,0.879,0.73,-0.636,-0.562,0.699,0.883,-0.184,0.855,0.816,0.835,0.663,0.674,0.514,0.681,0.755,-0.105,0.703,0.359,-0.688,0.345,0.168
BANF,0.953,0.673,-0.807,0.883,0.561,-0.359,0.035,0.883,-0.694,0.472,0.633,0.93,0.772,0.832,0.709,0.853,-0.523,-0.816,0.776,0.859,0.0,0.604,-0.581,0.281,0.608,-0.837,-0.263,0.765,0.657,0.443,0.124,-0.061,0.188,0.559,-0.751,0.779,0.806,0.879,0.669,0.212,-0.187,0.909,-0.443,0.873,0.645,0.843,0.63,-0.715,0.896,0.854,-0.706,0.756,0.602,0.914,0.305,0.023,0.932,0.886,0.801,0.906,-0.794,0.229,0.857,0.617,0.185,-0.702,0.006,0.871,0.86,0.568,0.604,-0.567,-0.499,0.92,0.989,-0.673,0.095,0.916,0.949,0.115,-0.829,0.934,0.862,0.885,0.259,0.376,0.533,0.88,-0.317,0.823,0.953,0.512,0.811,0.119,0.008,0.431,-0.888,0.665,-0.797,0.136,0.867,0.847,0.879,0.863,0.95,-0.044,-0.81,0.813,0.105,-0.618,-0.383,0.665,0.027,-0.258,0.655,0.444,0.478,0.466,-0.73,0.91,0.898,0.613,0.915,0.737,0.748,0.5,0.571,0.812,0.822,0.972,-0.269,0.759,0.951,0.239,0.633,0.212,-0.435,0.662,0.886,0.414,0.484,0.939,0.491,0.726,0.426,-0.255,-0.443,0.942,-0.115,-0.691,0.922,0.078,0.962,0.594,-0.304,0.892,0.95,-0.677,-0.324,0.76,0.646,-0.225,-0.728,0.591,-0.372,0.435,-0.135,0.652,0.972,-0.68,0.194,0.648,0.699,0.948,0.822,0.883,0.426,0.666,0.377,0.915,0.758,-0.387,-0.372,0.875,0.921,-0.369,0.962,0.776,0.868,0.87,0.834,0.532,0.73,0.945,0.053,0.851,0.432,-0.851,0.384,0.347
BATRK,0.694,0.454,-0.599,0.684,0.467,0.011,0.359,0.757,-0.328,0.399,0.307,0.681,0.639,0.687,0.507,0.703,-0.509,-0.535,0.552,0.51,0.604,0.0,-0.081,0.572,0.709,-0.507,0.156,0.824,0.72,0.635,0.61,0.328,0.527,0.684,-0.312,0.579,0.711,0.488,0.687,0.311,-0.114,0.747,-0.005,0.705,0.554,0.646,0.746,-0.513,0.643,0.727,-0.357,0.647,0.459,0.618,0.612,0.394,0.605,0.776,0.795,0.673,-0.294,0.506,0.567,0.687,0.481,-0.242,0.33,0.688,0.566,0.422,0.645,-0.153,0.024,0.603,0.607,-0.036,0.437,0.652,0.68,0.482,-0.426,0.674,0.684,0.674,0.2,0.446,0.361,0.785,-0.026,0.802,0.513,0.578,0.351,0.386,0.266,0.257,-0.415,0.542,-0.309,0.447,0.594,0.73,0.711,0.795,0.558,0.346,-0.289,0.791,0.259,-0.019,-0.417,0.807,0.464,0.137,0.577,0.556,0.54,0.257,-0.277,0.597,0.776,0.612,0.583,0.596,0.52,0.806,0.504,0.802,0.655,0.564,0.204,0.545,0.7,0.217,0.197,0.034,-0.029,0.718,0.735,0.551,0.746,0.733,0.428,0.484,0.534,0.231,-0.139,0.53,0.238,-0.275,0.701,0.25,0.489,0.681,0.085,0.719,0.486,-0.166,0.076,0.581,0.816,-0.115,-0.367,0.303,-0.002,0.343,-0.415,0.359,0.657,-0.29,0.308,0.84,0.725,0.595,0.776,0.68,0.597,0.742,0.455,0.582,0.613,0.036,-0.054,0.571,0.443,-0.52,0.665,0.73,0.414,0.735,0.684,0.508,0.535,0.614,0.463,0.771,0.668,-0.484,0.526,0.452
BIDU,-0.506,-0.426,0.606,-0.251,-0.347,0.511,0.419,-0.337,0.354,-0.058,-0.449,-0.516,-0.127,-0.34,-0.523,-0.343,0.254,0.648,-0.524,-0.674,-0.581,-0.081,0.0,0.172,0.11,0.637,0.788,-0.18,-0.479,0.095,0.553,0.715,0.366,0.114,0.608,-0.335,-0.184,-0.747,0.125,0.353,0.554,-0.411,0.829,-0.194,-0.386,-0.323,0.082,0.303,-0.493,-0.262,0.748,-0.038,-0.722,-0.381,0.35,0.322,-0.329,-0.304,-0.115,-0.431,0.932,0.303,-0.549,0.158,0.36,0.609,0.729,-0.377,-0.472,-0.623,0.084,0.853,0.78,-0.361,-0.551,0.796,0.559,-0.612,-0.508,0.384,0.817,-0.426,-0.198,-0.277,0.142,0.192,-0.353,-0.247,0.352,-0.283,-0.602,-0.15,-0.706,0.617,0.129,0.086,0.846,-0.478,0.484,0.64,-0.378,-0.152,-0.425,-0.372,-0.734,0.742,0.887,-0.515,0.482,0.778,0.392,-0.058,0.358,0.39,0.066,-0.053,-0.178,-0.41,0.82,-0.568,-0.304,-0.005,-0.494,-0.199,-0.277,0.105,0.157,-0.191,-0.594,-0.617,0.77,-0.202,-0.554,-0.011,-0.604,-0.392,0.917,0.101,-0.36,0.329,0.157,-0.413,0.194,-0.168,-0.004,0.783,0.289,-0.619,0.709,0.599,-0.455,0.598,-0.72,-0.11,0.658,-0.504,-0.582,0.833,0.525,-0.18,-0.047,0.332,0.491,-0.392,0.291,-0.37,0.075,-0.856,-0.501,0.672,-0.064,0.105,0.012,-0.5,-0.142,-0.257,0.296,-0.027,0.161,-0.574,-0.245,0.78,0.73,-0.271,-0.67,0.02,-0.512,-0.449,-0.642,-0.265,-0.276,0.034,-0.164,-0.423,0.598,-0.227,0.279,0.515,0.237,0.425
BLNE,0.363,0.229,-0.26,0.53,0.211,0.318,0.516,0.487,-0.066,0.406,0.194,0.405,0.521,0.5,0.274,0.499,-0.175,-0.203,0.305,0.21,0.281,0.572,0.172,0.0,0.51,-0.182,0.362,0.578,0.391,0.668,0.624,0.42,0.605,0.703,0.028,0.452,0.56,0.216,0.573,0.375,0.078,0.498,0.206,0.526,0.395,0.411,0.609,-0.163,0.364,0.539,-0.056,0.482,0.143,0.377,0.614,0.542,0.391,0.543,0.59,0.444,0.002,0.491,0.333,0.522,0.482,0.147,0.47,0.49,0.369,0.112,0.605,0.12,0.378,0.293,0.29,0.278,0.585,0.389,0.346,0.469,-0.162,0.345,0.506,0.359,0.34,0.392,0.345,0.534,0.249,0.465,0.262,0.525,0.021,0.595,0.415,0.307,-0.081,0.297,-0.081,0.556,0.433,0.48,0.449,0.468,0.185,0.527,-0.012,0.44,0.23,0.333,-0.128,0.539,0.558,0.305,0.52,0.53,0.473,0.247,0.147,0.246,0.481,0.545,0.31,0.504,0.44,0.677,0.504,0.605,0.389,0.277,0.49,0.458,0.348,0.382,0.134,-0.041,0.181,0.523,0.458,0.564,0.619,0.456,0.453,0.408,0.559,0.266,-0.014,0.197,0.385,0.077,0.408,0.343,0.179,0.523,0.351,0.382,0.182,0.112,0.37,0.464,0.685,0.107,-0.176,0.231,0.235,0.107,-0.283,0.027,0.36,0.093,0.38,0.609,0.504,0.297,0.593,0.412,0.606,0.62,0.555,0.25,0.508,0.21,0.141,0.397,0.2,-0.429,0.343,0.437,0.166,0.461,0.559,0.52,0.434,0.325,0.548,0.518,0.654,-0.107,0.544,0.457
BLNK,0.711,0.607,-0.446,0.758,0.378,-0.085,0.261,0.765,-0.373,0.608,0.452,0.577,0.773,0.662,0.361,0.753,-0.317,-0.425,0.591,0.487,0.608,0.709,0.11,0.51,0.0,-0.32,0.175,0.762,0.546,0.53,0.633,0.421,0.564,0.693,-0.312,0.533,0.715,0.469,0.866,0.679,0.212,0.699,0.292,0.813,0.513,0.59,0.841,-0.577,0.68,0.681,-0.121,0.871,0.117,0.74,0.587,0.295,0.697,0.688,0.882,0.679,-0.187,0.536,0.65,0.944,0.554,-0.363,0.589,0.731,0.543,0.116,0.709,-0.146,0.046,0.691,0.626,-0.078,0.48,0.557,0.722,0.17,-0.328,0.755,0.674,0.76,0.49,0.51,0.323,0.75,0.105,0.812,0.489,0.46,0.416,0.559,0.187,0.553,-0.366,0.441,-0.601,0.581,0.671,0.817,0.55,0.776,0.505,0.437,-0.282,0.549,0.549,-0.069,-0.036,0.671,0.417,-0.136,0.839,0.379,0.575,0.278,-0.141,0.642,0.725,0.82,0.718,0.651,0.587,0.599,0.789,0.711,0.538,0.541,0.264,0.582,0.628,0.327,0.273,0.077,0.287,0.834,0.646,0.64,0.768,0.71,0.677,0.617,0.569,0.438,-0.248,0.51,0.633,-0.404,0.679,0.441,0.432,0.508,0.028,0.568,0.533,-0.223,0.038,0.643,0.684,0.31,-0.445,0.322,-0.194,0.285,-0.097,0.067,0.624,-0.188,0.216,0.83,0.948,0.53,0.751,0.776,0.865,0.701,0.495,0.695,0.696,0.002,0.053,0.682,0.405,-0.422,0.735,0.604,0.344,0.745,0.656,0.636,0.688,0.624,0.546,0.849,0.762,-0.466,0.822,0.605
BTAI,-0.823,-0.424,0.916,-0.697,-0.545,0.33,-0.026,-0.746,0.753,-0.247,-0.373,-0.822,-0.542,-0.777,-0.676,-0.701,0.685,0.874,-0.597,-0.704,-0.837,-0.507,0.637,-0.182,-0.32,0.0,0.314,-0.656,-0.521,-0.375,-0.016,0.246,-0.067,-0.425,0.7,-0.701,-0.569,-0.801,-0.357,0.003,0.476,-0.816,0.701,-0.632,-0.708,-0.752,-0.421,0.591,-0.672,-0.732,0.901,-0.474,-0.652,-0.732,-0.179,-0.166,-0.692,-0.757,-0.567,-0.751,0.79,-0.331,-0.623,-0.331,-0.069,0.682,0.267,-0.684,-0.674,-0.557,-0.329,0.53,0.553,-0.758,-0.814,0.614,0.102,-0.786,-0.798,-0.117,0.843,-0.735,-0.722,-0.738,0.19,-0.254,-0.481,-0.732,0.466,-0.72,-0.804,-0.572,-0.609,0.114,-0.063,-0.284,0.818,-0.387,0.527,0.004,-0.715,-0.641,-0.789,-0.755,-0.824,0.202,0.735,-0.825,0.277,0.56,0.694,-0.55,0.115,0.055,-0.367,-0.427,-0.405,-0.34,0.838,-0.801,-0.766,-0.312,-0.737,-0.635,-0.638,-0.399,-0.224,-0.653,-0.749,-0.816,0.428,-0.59,-0.869,-0.062,-0.451,-0.277,0.609,-0.485,-0.71,-0.142,-0.457,-0.79,-0.233,-0.664,-0.451,0.444,0.529,-0.772,0.411,0.502,-0.825,0.15,-0.83,-0.477,0.351,-0.913,-0.734,0.551,0.311,-0.529,-0.539,0.523,0.671,-0.541,0.325,-0.239,0.472,-0.792,-0.821,0.721,-0.12,-0.463,-0.437,-0.795,-0.657,-0.722,-0.116,-0.568,-0.18,-0.73,-0.6,0.391,0.406,-0.734,-0.787,0.556,-0.789,-0.77,-0.707,-0.791,-0.744,-0.345,-0.465,-0.747,0.205,-0.651,-0.276,0.754,-0.095,-0.237
BYND,-0.272,-0.276,0.338,0.096,-0.137,0.515,0.621,-0.031,0.12,-0.019,-0.389,-0.188,0.124,-0.006,-0.254,-0.081,0.054,0.385,-0.375,-0.486,-0.263,0.156,0.788,0.362,0.175,0.314,0.0,0.064,-0.291,0.341,0.677,0.772,0.466,0.383,0.393,0.111,0.159,-0.524,0.305,0.291,0.524,-0.094,0.62,0.128,-0.19,-0.008,0.259,0.101,-0.26,0.093,0.44,0.133,-0.477,-0.116,0.535,0.416,-0.01,0.042,0.13,-0.076,0.674,0.433,-0.384,0.239,0.22,0.518,0.757,-0.133,-0.182,-0.326,0.35,0.805,0.705,-0.074,-0.229,0.659,0.705,-0.294,-0.261,0.657,0.502,-0.191,0.175,-0.014,0.133,0.297,-0.163,0.118,0.327,-0.057,-0.25,0.086,-0.465,0.715,0.182,0.164,0.621,-0.254,0.384,0.736,-0.079,0.141,-0.063,-0.129,-0.452,0.797,0.666,-0.234,0.467,0.648,0.199,0.278,0.365,0.504,0.229,0.281,-0.078,-0.324,0.606,-0.369,0.014,0.095,-0.271,0.02,-0.062,0.373,0.291,0.143,-0.343,-0.269,0.794,0.137,-0.26,0.101,-0.481,-0.376,0.714,0.312,0.003,0.552,0.314,-0.088,0.294,0.14,0.079,0.636,0.163,-0.303,0.503,0.499,-0.144,0.711,-0.392,0.122,0.765,-0.176,-0.299,0.75,0.515,0.142,0.276,-0.01,0.367,-0.196,0.21,-0.212,0.008,-0.649,-0.149,0.484,0.07,0.326,0.084,-0.109,0.189,0.05,0.383,0.283,0.409,-0.392,-0.001,0.815,0.805,0.02,-0.325,-0.227,-0.246,-0.232,-0.313,0.043,0.051,0.301,0.1,-0.042,0.645,0.067,0.467,0.327,0.244,0.598
CAN,0.837,0.631,-0.694,0.861,0.543,0.024,0.422,0.882,-0.456,0.569,0.532,0.826,0.837,0.853,0.706,0.891,-0.478,-0.664,0.682,0.693,0.765,0.824,-0.18,0.578,0.762,-0.656,0.064,0.0,0.719,0.739,0.568,0.197,0.574,0.774,-0.417,0.748,0.839,0.683,0.775,0.379,-0.033,0.901,-0.113,0.838,0.676,0.768,0.859,-0.534,0.842,0.896,-0.498,0.765,0.523,0.826,0.639,0.4,0.783,0.901,0.904,0.833,-0.435,0.515,0.747,0.768,0.455,-0.382,0.286,0.889,0.763,0.493,0.759,-0.306,-0.061,0.731,0.762,-0.185,0.462,0.83,0.801,0.384,-0.576,0.792,0.817,0.776,0.332,0.537,0.568,0.913,-0.042,0.842,0.708,0.707,0.532,0.431,0.362,0.431,-0.586,0.632,-0.516,0.462,0.826,0.834,0.851,0.905,0.696,0.322,-0.469,0.835,0.171,-0.14,-0.401,0.781,0.474,0.075,0.737,0.721,0.715,0.503,-0.407,0.749,0.862,0.753,0.787,0.8,0.754,0.775,0.658,0.857,0.85,0.764,0.121,0.762,0.839,0.401,0.476,0.082,-0.13,0.781,0.822,0.564,0.796,0.888,0.572,0.672,0.727,0.073,-0.32,0.665,0.198,-0.368,0.845,0.184,0.671,0.724,-0.011,0.828,0.653,-0.286,0.101,0.753,0.888,-0.059,-0.605,0.534,0.005,0.429,-0.396,0.41,0.804,-0.358,0.399,0.836,0.794,0.708,0.885,0.814,0.692,0.888,0.571,0.758,0.835,-0.17,-0.15,0.772,0.669,-0.564,0.818,0.856,0.61,0.849,0.88,0.722,0.737,0.76,0.397,0.867,0.74,-0.572,0.615,0.594
CCEC,0.754,0.56,-0.66,0.581,0.429,-0.302,-0.025,0.709,-0.335,0.358,0.469,0.659,0.533,0.588,0.546,0.686,-0.413,-0.622,0.627,0.761,0.657,0.72,-0.479,0.391,0.546,-0.521,-0.291,0.719,0.0,0.375,0.252,-0.148,0.222,0.41,-0.565,0.478,0.641,0.707,0.472,0.062,-0.299,0.707,-0.289,0.569,0.585,0.561,0.5,-0.546,0.772,0.603,-0.468,0.448,0.707,0.6,0.231,0.077,0.557,0.644,0.709,0.638,-0.63,0.127,0.709,0.54,0.227,-0.489,-0.046,0.711,0.571,0.611,0.43,-0.552,-0.332,0.534,0.662,-0.355,0.062,0.769,0.734,0.044,-0.665,0.72,0.506,0.595,0.17,0.16,0.366,0.654,-0.05,0.751,0.561,0.412,0.603,0.029,0.098,0.134,-0.694,0.707,-0.506,-0.022,0.571,0.624,0.632,0.789,0.706,-0.089,-0.658,0.837,0.068,-0.344,-0.395,0.62,0.221,-0.247,0.378,0.368,0.553,0.386,-0.513,0.663,0.689,0.568,0.658,0.481,0.447,0.51,0.322,0.615,0.808,0.673,-0.192,0.403,0.728,0.163,0.4,0.25,-0.422,0.406,0.678,0.281,0.443,0.697,0.164,0.287,0.419,-0.176,-0.238,0.607,-0.054,-0.57,0.655,-0.204,0.632,0.463,-0.321,0.733,0.557,-0.592,-0.22,0.418,0.641,-0.058,-0.58,0.353,-0.181,0.369,-0.343,0.615,0.628,-0.457,0.228,0.554,0.636,0.589,0.594,0.598,0.378,0.515,0.23,0.714,0.547,-0.387,-0.477,0.471,0.572,-0.385,0.718,0.755,0.507,0.627,0.575,0.405,0.447,0.584,0.062,0.708,0.386,-0.57,0.352,0.06
CDW,0.471,0.4,-0.395,0.731,0.515,0.552,0.793,0.669,-0.17,0.614,0.381,0.683,0.756,0.749,0.64,0.666,-0.075,-0.28,0.574,0.367,0.443,0.635,0.095,0.668,0.53,-0.375,0.341,0.739,0.375,0.0,0.633,0.488,0.872,0.911,0.102,0.73,0.738,0.411,0.691,0.476,0.15,0.702,0.108,0.699,0.399,0.46,0.79,-0.002,0.513,0.79,-0.277,0.664,0.218,0.614,0.869,0.711,0.547,0.774,0.693,0.643,-0.085,0.641,0.509,0.511,0.432,0.138,0.409,0.671,0.646,0.203,0.803,0.038,0.455,0.38,0.411,0.234,0.765,0.582,0.418,0.617,-0.248,0.373,0.691,0.39,0.396,0.565,0.744,0.727,0.327,0.484,0.504,0.833,0.145,0.709,0.725,0.462,-0.176,0.408,-0.154,0.679,0.701,0.491,0.715,0.588,0.365,0.604,-0.054,0.493,0.052,0.311,-0.223,0.517,0.759,0.592,0.724,0.874,0.702,0.55,0.049,0.457,0.554,0.696,0.473,0.828,0.783,0.816,0.672,0.759,0.581,0.464,0.535,0.798,0.536,0.713,0.346,-0.084,0.073,0.615,0.577,0.548,0.788,0.621,0.689,0.659,0.746,0.203,0.015,0.357,0.331,0.216,0.581,0.418,0.356,0.801,0.464,0.485,0.359,0.165,0.621,0.743,0.845,0.138,-0.211,0.65,0.482,0.372,-0.313,0.127,0.577,0.126,0.78,0.685,0.493,0.405,0.794,0.522,0.727,0.888,0.856,0.406,0.768,0.11,0.177,0.61,0.445,-0.465,0.473,0.62,0.438,0.566,0.763,0.796,0.717,0.453,0.654,0.58,0.846,-0.129,0.667,0.702
CDXS,0.225,0.049,-0.141,0.468,0.099,0.399,0.622,0.429,-0.176,0.317,-0.127,0.238,0.499,0.391,0.123,0.373,-0.245,-0.075,0.11,-0.063,0.124,0.61,0.553,0.624,0.633,-0.016,0.677,0.568,0.252,0.633,0.0,0.755,0.679,0.682,0.151,0.361,0.479,-0.088,0.655,0.525,0.295,0.36,0.442,0.497,0.323,0.289,0.604,-0.182,0.181,0.476,0.121,0.506,-0.064,0.304,0.759,0.618,0.286,0.465,0.582,0.287,0.324,0.619,0.083,0.668,0.623,0.181,0.739,0.354,0.163,-0.146,0.592,0.469,0.529,0.25,0.142,0.485,0.731,0.15,0.216,0.573,0.108,0.269,0.485,0.372,0.229,0.583,0.107,0.514,0.291,0.443,0.066,0.442,-0.191,0.792,0.384,0.256,0.202,0.113,0.074,0.819,0.271,0.504,0.34,0.408,-0.052,0.802,0.322,0.27,0.517,0.559,-0.066,0.609,0.624,0.414,0.521,0.519,0.342,-0.008,0.331,0.112,0.441,0.533,0.143,0.438,0.332,0.767,0.549,0.544,0.166,0.081,0.643,0.394,0.19,0.217,-0.257,-0.192,0.542,0.592,0.401,0.576,0.716,0.337,0.505,0.364,0.511,0.606,0.121,-0.002,0.624,0.189,0.323,0.539,-0.074,0.499,0.596,0.281,-0.002,0.447,0.398,0.391,0.712,0.102,-0.028,0.02,0.203,-0.087,-0.356,-0.285,0.225,0.263,0.261,0.71,0.589,0.159,0.573,0.448,0.7,0.671,0.548,0.108,0.423,0.53,0.446,0.334,-0.042,-0.519,0.223,0.242,-0.098,0.469,0.481,0.525,0.387,0.222,0.79,0.485,0.759,-0.049,0.577,0.643
