,ABEO,ACHC,AGNCN,AKAM,AKRO,ALRM,AMAT,AMED,AMRN,ANGI,APA,APOG,APPS,ARCB,ARCC,ARVN,ATEC,ATXS,AVAV,AXON,BANF,BATRK,BIDU,BLNE,BLNK,BTAI,BYND,CAN,CCEC,CDW,CDXS,CELH,CGNX,CHKP,CHRS,CHRW,CIGI,CKPT,CMPR,COGT,CRNC,CRSP,CSTL,CTSH,CVGW,DGLY,DNLI,DOCU,DVAX,EBAY,EHTH,ERII,ESLT,EXPE,EXPO,FBIOP,FFBC,FFIN,FOXF,FWRD,GDS,GERN,GPRE,GRWG,GRYP,HEES,HELE,HIVE,HON,HRTX,HSTM,HURA,IART,IBKR,IBOC,IBRX,IDXX,INGN,INM,INVA,IQ,IRBT,KDP,KPTI,KTOS,KXIN,LAMR,LFUS,LGIH,LGMK,LKFN,LNW,LOPE,LPSN,LYFT,MGNX,MLCO,MNST,MODV,MSTR,MTCH,MYGN,MYRG,NCMI,NEXT,NFLX,NIU,NKTR,NRC,NTNX,NTRA,NVEE,NVMI,NWL,NWS,NXPI,OCGN,OCSL,OKTA,OLLI,OTLK,OXLC,PAA,PARA,PARAA,PDCO,PDFS,PFG,PGEN,PNFP,PODD,POWI,PSMT,PTC,PTEN,PVLA,RDNT,RDUS,RDWR,REGN,RNAC,ROCK,ROST,RRR,RSLS,RVMD,RYAAY,SAFT,SAGE,SAVA,SBGI,SFM,SFNC,SHYF,SIBN,SIFY,SIGI,SIMO,SITM,SLM,SNBR,SNDX,SNY,SPNS,SRRK,STRA,SUPN,SYRE,TCBK,TEAM,TECH,THRM,TLRY,TRMK,TROW,TSLA,TWST,TXN,UFPI,UNIT,UPWK,USLM,UTHR,VERB,VLY,VRNA,VRRM,VXRT,WAFD,WATT,WBA,WING,WIX,WTFC,WTW,XPEL,XRX,YMAB,ZG,ZLAB
ABEO,0.0,0.011,-0.365,0.17,0.063,0.508,-0.282,0.753,0.346,0.552,-0.426,-0.075,0.087,0.138,0.256,0.291,0.368,0.475,0.293,-0.302,-0.329,-0.159,-0.401,0.362,0.591,-0.114,0.556,0.122,-0.559,-0.227,0.005,-0.101,-0.202,0.186,0.577,0.225,0.234,0.573,-0.284,0.596,0.211,0.055,0.674,0.573,-0.405,-0.152,0.227,0.388,-0.446,-0.229,-0.217,0.79,0.592,0.159,-0.352,-0.454,0.279,0.542,-0.294,-0.164,-0.266,0.318,-0.411,-0.291,0.531,-0.432,0.215,0.507,-0.442,0.631,-0.101,0.386,-0.053,0.167,-0.362,0.328,-0.11,0.3,0.282,0.627,-0.296,0.517,0.362,-0.161,0.45,0.051,0.053,-0.148,0.225,0.5,0.33,-0.226,-0.337,0.011,0.56,-0.403,-0.386,-0.479,0.778,0.317,0.112,0.182,-0.346,-0.142,0.201,0.3,-0.443,0.322,0.539,0.115,0.431,0.123,-0.473,0.446,-0.049,-0.326,0.583,-0.437,0.72,0.226,0.543,0.057,-0.424,0.247,0.235,-0.36,-0.191,-0.21,-0.166,0.054,-0.634,-0.232,-0.481,-0.368,-0.252,0.478,0.573,-0.249,0.552,0.355,0.364,0.434,-0.176,-0.123,0.456,0.179,-0.315,-0.166,0.523,0.249,0.026,-0.221,0.187,-0.25,0.5,0.422,0.595,-0.48,-0.052,0.074,-0.05,0.441,-0.338,0.557,0.482,-0.609,0.128,-0.225,0.378,0.742,-0.265,-0.418,0.018,-0.052,-0.09,0.535,0.428,-0.253,-0.13,0.564,0.417,-0.438,-0.721,0.502,-0.179,0.438,0.626,0.622,0.413,0.53,-0.341,0.08,0.328,0.252,-0.338,0.484,0.015,0.172,-0.314,-0.422
ACHC,0.011,0.0,0.517,0.741,0.501,-0.482,0.583,0.146,-0.396,0.112,-0.22,0.841,0.49,0.555,0.385,-0.402,0.061,-0.254,0.584,0.628,0.71,0.728,0.497,-0.391,-0.14,0.528,-0.385,-0.633,-0.25,0.755,-0.387,0.608,0.412,0.804,-0.622,0.696,0.555,-0.511,0.37,-0.316,-0.098,0.234,-0.356,0.532,0.592,-0.394,0.201,0.135,0.375,0.554,0.088,0.166,-0.372,0.7,0.542,-0.224,0.397,0.086,0.654,0.453,0.265,0.397,0.387,0.58,-0.627,0.429,0.231,-0.582,0.672,-0.552,0.528,-0.554,0.712,-0.258,0.613,0.055,0.431,0.669,-0.091,0.259,0.198,-0.501,0.557,-0.003,-0.625,-0.419,0.784,0.725,0.743,-0.438,-0.337,0.665,0.612,0.016,-0.528,0.171,0.179,0.684,0.135,-0.552,0.319,0.605,0.524,-0.002,-0.752,0.338,0.072,-0.459,0.153,0.442,-0.558,0.393,0.383,0.162,0.579,0.636,-0.218,0.609,0.022,0.762,-0.124,-0.509,-0.271,0.623,0.608,0.591,0.617,0.389,0.609,0.276,0.075,0.576,0.344,0.108,-0.191,-0.383,-0.012,0.68,0.31,-0.005,-0.785,0.407,0.837,0.647,-0.71,0.374,0.546,0.869,0.229,-0.327,0.412,0.616,0.02,0.413,-0.59,-0.621,0.297,0.205,0.538,0.461,0.489,-0.267,0.786,0.506,-0.419,0.503,0.363,0.131,-0.543,-0.246,0.448,0.435,-0.099,-0.02,0.622,-0.546,-0.515,0.601,0.775,0.402,-0.381,0.547,0.187,-0.562,0.504,-0.169,0.397,-0.404,-0.443,-0.478,0.633,0.317,0.488,-0.296,0.713,0.122,0.617,0.276,0.317,0.202
AGNCN,-0.365,0.517,0.0,0.677,0.414,-0.625,0.919,-0.303,0.028,0.284,0.328,0.798,0.685,0.722,0.026,-0.075,0.165,-0.632,0.466,0.87,0.808,0.264,0.823,-0.705,-0.127,0.809,-0.239,-0.515,0.502,0.878,0.246,0.485,0.785,0.585,-0.607,0.426,0.513,-0.771,0.852,-0.598,0.36,0.612,-0.5,0.053,0.709,0.121,0.475,0.287,0.826,0.896,0.546,-0.42,-0.724,0.628,0.874,0.297,0.137,0.059,0.853,0.877,0.729,0.25,0.908,0.865,-0.811,0.863,0.453,-0.801,0.895,-0.75,0.717,-0.827,0.803,-0.701,0.797,0.235,0.871,0.362,-0.085,0.083,0.698,-0.871,-0.187,0.549,-0.489,-0.502,0.603,0.8,0.586,-0.714,-0.767,0.723,0.889,0.598,-0.689,0.778,0.797,0.752,-0.413,-0.871,0.703,0.526,0.79,0.613,-0.714,0.311,0.675,-0.027,-0.297,0.587,-0.844,0.599,0.889,-0.111,0.697,0.905,-0.066,0.6,-0.299,0.307,-0.56,0.006,0.244,0.41,0.436,0.882,0.798,0.876,0.735,0.622,0.643,0.875,0.837,0.769,0.488,-0.669,-0.584,0.824,-0.043,-0.229,-0.678,0.36,0.493,0.813,-0.793,0.507,0.906,0.473,-0.246,0.101,0.756,0.865,0.404,0.89,-0.81,-0.714,-0.399,0.772,0.814,0.723,0.767,-0.603,0.595,0.213,-0.374,0.841,0.29,0.683,-0.575,-0.669,0.896,0.9,0.461,0.346,0.869,-0.794,-0.348,0.912,0.858,0.244,0.019,0.64,0.62,-0.624,0.865,-0.294,-0.173,-0.391,-0.567,-0.806,0.896,0.604,0.367,-0.395,0.881,-0.265,0.736,-0.039,0.82,0.826
AKAM,0.17,0.741,0.677,0.0,0.583,-0.324,0.787,0.238,-0.04,0.602,-0.142,0.876,0.859,0.867,0.29,0.137,0.485,-0.385,0.815,0.797,0.713,0.437,0.634,-0.505,0.313,0.827,0.081,-0.48,-0.024,0.808,0.074,0.672,0.732,0.769,-0.378,0.739,0.825,-0.443,0.6,-0.218,0.462,0.696,-0.181,0.616,0.556,-0.05,0.553,0.624,0.581,0.815,0.364,0.138,-0.335,0.87,0.687,-0.259,0.222,0.445,0.792,0.773,0.641,0.628,0.617,0.787,-0.555,0.501,0.701,-0.506,0.677,-0.453,0.731,-0.653,0.879,-0.646,0.592,0.482,0.775,0.723,0.267,0.544,0.517,-0.598,0.175,0.452,-0.372,-0.502,0.822,0.853,0.896,-0.349,-0.605,0.701,0.71,0.486,-0.387,0.493,0.533,0.489,0.206,-0.715,0.717,0.849,0.582,0.491,-0.737,0.659,0.455,-0.013,0.183,0.695,-0.663,0.683,0.59,0.352,0.798,0.744,0.251,0.438,0.26,0.572,-0.109,-0.187,-0.305,0.713,0.74,0.732,0.788,0.667,0.711,0.487,0.152,0.81,0.421,0.442,0.095,-0.387,-0.2,0.765,0.437,-0.137,-0.554,0.664,0.539,0.839,-0.583,0.659,0.732,0.487,0.144,0.166,0.79,0.858,0.445,0.739,-0.562,-0.531,0.038,0.415,0.853,0.777,0.87,-0.383,0.514,0.738,-0.078,0.483,0.307,0.388,-0.472,-0.16,0.743,0.606,0.439,0.118,0.889,-0.482,-0.225,0.792,0.886,0.716,0.204,0.404,0.085,-0.342,0.725,-0.27,0.388,-0.055,-0.452,-0.469,0.718,0.746,0.77,-0.373,0.725,0.052,0.801,0.306,0.674,0.519
AKRO,0.063,0.501,0.414,0.583,0.0,-0.367,0.487,0.187,-0.393,0.298,-0.338,0.611,0.735,0.614,0.354,0.302,0.446,0.21,0.708,0.584,0.463,0.579,0.642,-0.392,0.338,0.724,0.131,-0.25,-0.159,0.61,-0.33,0.829,0.314,0.423,-0.366,0.501,0.278,-0.195,0.477,-0.43,0.144,0.652,0.128,0.64,0.596,-0.128,0.568,0.507,0.338,0.573,-0.316,0.319,-0.496,0.633,0.401,-0.332,-0.141,0.072,0.633,0.374,0.574,0.366,0.321,0.614,-0.434,0.306,0.614,-0.404,0.474,-0.363,0.181,-0.626,0.728,-0.556,0.14,0.575,0.525,0.824,0.401,0.174,0.557,-0.499,-0.068,-0.118,-0.586,-0.006,0.812,0.71,0.699,-0.295,-0.623,0.833,0.583,-0.086,-0.149,0.127,0.441,0.385,-0.014,-0.47,0.52,0.39,0.493,0.201,-0.748,0.776,0.449,-0.44,-0.26,0.867,-0.505,0.399,0.212,0.063,0.754,0.537,0.003,0.685,0.224,0.489,-0.087,-0.66,-0.431,0.787,0.785,0.476,0.763,0.225,0.812,-0.032,-0.076,0.563,0.192,0.025,-0.265,-0.314,0.111,0.744,0.09,-0.28,-0.516,0.49,0.643,0.705,-0.438,0.503,0.356,0.486,0.489,-0.004,0.609,0.556,-0.128,0.375,-0.297,-0.497,0.14,0.44,0.501,0.241,0.491,-0.647,0.535,0.543,0.269,0.252,0.213,0.011,-0.695,-0.071,0.488,0.4,0.268,-0.462,0.579,-0.286,-0.534,0.498,0.652,0.563,0.137,0.196,0.05,-0.41,0.181,-0.125,0.621,-0.198,-0.776,-0.296,0.593,0.21,0.794,-0.798,0.587,0.278,0.734,-0.015,0.401,0.364
ALRM,0.508,-0.482,-0.625,-0.324,-0.367,0.0,-0.615,0.593,0.377,0.17,-0.005,-0.542,-0.233,-0.255,0.212,0.386,0.332,0.44,-0.091,-0.751,-0.708,-0.521,-0.637,0.625,0.559,-0.425,0.704,0.746,-0.311,-0.66,0.305,-0.375,-0.288,-0.399,0.894,-0.087,0.041,0.776,-0.602,0.861,0.276,-0.171,0.629,0.164,-0.736,0.03,-0.043,0.279,-0.575,-0.574,-0.309,0.472,0.77,-0.204,-0.655,-0.343,0.082,0.457,-0.637,-0.435,-0.405,0.239,-0.591,-0.711,0.819,-0.732,0.039,0.916,-0.794,0.896,-0.454,0.759,-0.5,0.443,-0.665,0.312,-0.499,-0.148,0.281,0.345,-0.466,0.814,0.174,-0.075,0.785,0.43,-0.392,-0.566,-0.176,0.86,0.656,-0.631,-0.784,-0.101,0.833,-0.488,-0.563,-0.757,0.651,0.757,-0.248,-0.049,-0.741,-0.113,0.733,0.098,-0.433,0.564,0.562,-0.366,0.794,-0.047,-0.627,0.631,-0.328,-0.685,0.664,-0.73,0.669,-0.104,0.801,0.294,-0.171,-0.104,-0.105,-0.634,-0.582,-0.457,-0.553,-0.032,-0.596,-0.594,-0.713,-0.422,-0.142,0.725,0.645,-0.637,0.401,0.187,0.833,0.049,-0.63,-0.536,0.863,-0.039,-0.628,-0.594,0.402,0.4,-0.274,-0.65,0.161,-0.519,0.852,0.766,0.362,-0.612,-0.36,-0.174,-0.356,0.506,-0.757,0.208,0.549,-0.824,0.007,-0.471,0.681,0.796,-0.553,-0.747,-0.044,-0.038,-0.472,0.865,0.718,-0.616,-0.585,0.244,0.521,-0.727,-0.793,0.896,-0.443,0.257,0.276,0.868,0.695,0.824,-0.659,-0.055,-0.04,0.445,-0.757,0.3,-0.406,0.419,-0.459,-0.569
AMAT,-0.282,0.583,0.919,0.787,0.487,-0.615,0.0,-0.235,-0.001,0.331,0.255,0.884,0.787,0.84,0.087,-0.006,0.304,-0.616,0.591,0.928,0.839,0.402,0.891,-0.695,-0.023,0.892,-0.187,-0.54,0.458,0.932,0.164,0.612,0.856,0.685,-0.649,0.557,0.606,-0.778,0.881,-0.603,0.455,0.698,-0.494,0.195,0.788,0.196,0.492,0.41,0.89,0.97,0.535,-0.347,-0.719,0.74,0.938,0.212,0.161,0.113,0.939,0.947,0.818,0.331,0.935,0.927,-0.824,0.871,0.598,-0.803,0.931,-0.744,0.756,-0.879,0.891,-0.778,0.804,0.318,0.934,0.501,-0.035,0.197,0.783,-0.886,-0.153,0.557,-0.538,-0.507,0.712,0.894,0.693,-0.705,-0.817,0.812,0.935,0.581,-0.669,0.823,0.859,0.775,-0.33,-0.895,0.763,0.607,0.856,0.612,-0.781,0.412,0.727,-0.025,-0.212,0.686,-0.896,0.638,0.925,-0.005,0.819,0.973,-0.012,0.641,-0.198,0.416,-0.498,-0.053,0.14,0.536,0.565,0.958,0.903,0.889,0.824,0.586,0.613,0.959,0.835,0.753,0.46,-0.689,-0.557,0.907,0.045,-0.229,-0.703,0.493,0.583,0.899,-0.807,0.557,0.96,0.53,-0.201,0.105,0.822,0.909,0.44,0.952,-0.816,-0.736,-0.344,0.805,0.914,0.784,0.857,-0.642,0.626,0.353,-0.327,0.851,0.339,0.653,-0.619,-0.648,0.943,0.934,0.551,0.293,0.949,-0.798,-0.364,0.99,0.938,0.376,0.05,0.653,0.56,-0.593,0.889,-0.343,-0.072,-0.373,-0.63,-0.809,0.951,0.684,0.482,-0.449,0.922,-0.262,0.856,-0.003,0.906,0.872
AMED,0.753,0.146,-0.303,0.238,0.187,0.593,-0.235,0.0,0.265,0.538,-0.314,0.053,0.203,0.215,0.537,0.265,0.51,0.492,0.413,-0.313,-0.25,-0.128,-0.327,0.412,0.696,0.002,0.663,0.249,-0.598,-0.153,0.087,0.145,-0.021,0.249,0.599,0.457,0.404,0.589,-0.277,0.704,0.29,0.12,0.692,0.694,-0.401,-0.268,0.296,0.577,-0.433,-0.184,-0.355,0.804,0.545,0.325,-0.379,-0.697,0.422,0.725,-0.208,-0.115,-0.252,0.469,-0.382,-0.294,0.52,-0.429,0.319,0.583,-0.376,0.648,-0.084,0.348,0.048,0.227,-0.319,0.516,-0.135,0.438,0.319,0.625,-0.32,0.524,0.516,-0.11,0.43,0.187,0.202,-0.042,0.424,0.554,0.368,-0.136,-0.307,-0.031,0.661,-0.419,-0.4,-0.368,0.862,0.39,0.082,0.378,-0.406,-0.064,0.194,0.499,-0.385,0.324,0.645,0.155,0.461,0.258,-0.458,0.684,0.102,-0.269,0.664,-0.374,0.913,0.447,0.742,-0.025,-0.471,0.476,0.445,-0.316,-0.128,-0.162,-0.081,0.166,-0.665,-0.191,-0.548,-0.375,-0.336,0.66,0.711,-0.176,0.69,0.256,0.357,0.431,-0.079,0.023,0.412,0.381,-0.237,-0.011,0.754,0.421,0.102,-0.185,0.216,-0.251,0.555,0.318,0.72,-0.508,0.009,0.202,0.026,0.317,-0.233,0.67,0.583,-0.599,0.197,-0.349,0.347,0.821,-0.242,-0.501,0.072,-0.067,-0.033,0.645,0.419,-0.188,-0.054,0.707,0.461,-0.505,-0.81,0.547,-0.114,0.42,0.729,0.701,0.372,0.613,-0.242,0.186,0.47,0.203,-0.247,0.693,0.109,0.357,-0.253,-0.46
AMRN,0.346,-0.396,0.028,-0.04,-0.393,0.377,-0.001,0.265,0.0,0.469,0.349,-0.171,0.011,0.137,-0.122,0.228,0.279,-0.12,-0.096,-0.205,-0.152,-0.673,-0.247,0.211,0.247,-0.071,0.441,0.233,0.259,-0.202,0.707,-0.375,0.209,0.061,0.567,-0.077,0.192,0.132,0.076,0.388,0.577,0.069,0.247,-0.087,-0.362,0.367,0.198,0.326,-0.045,-0.039,0.413,0.033,0.31,-0.086,-0.06,0.17,0.32,0.542,-0.2,0.227,-0.057,0.058,0.076,-0.168,0.314,0.01,0.18,0.311,-0.205,0.435,0.242,0.23,-0.125,0.042,0.007,0.194,0.179,-0.238,0.024,0.353,-0.084,0.267,-0.12,0.51,0.719,-0.199,-0.328,-0.2,-0.068,0.253,0.16,-0.382,-0.135,0.61,0.296,0.246,0.031,-0.302,0.18,0.11,0.318,0.068,-0.217,0.412,0.432,-0.056,-0.035,0.799,0.254,-0.095,0.22,0.315,0.085,0.158,-0.123,-0.081,0.541,-0.576,0.284,-0.194,0.142,0.801,0.329,-0.153,-0.142,-0.072,-0.232,0.292,-0.308,0.536,0.055,-0.011,0.066,0.338,0.563,0.295,-0.043,-0.293,0.284,0.352,0.485,0.12,-0.583,-0.037,0.29,0.104,0.079,-0.426,-0.114,0.597,0.17,-0.115,0.613,0.146,0.247,0.286,-0.128,-0.113,0.153,0.436,0.118,0.315,-0.5,0.071,0.248,-0.176,0.037,0.359,0.531,0.242,0.103,-0.04,0.376,0.592,0.017,0.267,0.634,0.024,-0.144,0.199,0.583,-0.339,-0.235,0.449,0.266,0.363,-0.213,0.521,0.547,0.168,-0.135,0.351,-0.11,0.524,-0.182,-0.021,-0.012,-0.074,0.098,0.055
ANGI,0.552,0.112,0.284,0.602,0.298,0.17,0.331,0.538,0.469,0.0,-0.147,0.336,0.622,0.605,0.214,0.478,0.589,0.015,0.57,0.278,0.143,-0.225,0.119,-0.143,0.71,0.487,0.623,-0.085,-0.093,0.291,0.485,0.236,0.411,0.384,0.306,0.379,0.604,0.139,0.315,0.286,0.641,0.641,0.428,0.472,-0.083,-0.001,0.716,0.767,0.079,0.394,0.262,0.329,0.117,0.551,0.216,-0.268,0.149,0.631,0.224,0.478,0.315,0.458,0.234,0.288,0.083,0.109,0.615,0.07,0.074,0.18,0.347,-0.141,0.441,-0.391,0.073,0.642,0.521,0.374,0.349,0.686,0.227,-0.078,-0.082,0.449,0.249,-0.229,0.379,0.301,0.555,0.089,-0.283,0.14,0.223,0.623,0.213,0.229,0.268,-0.148,0.46,-0.276,0.652,0.534,0.145,0.469,-0.161,0.579,0.167,0.541,0.248,0.517,-0.132,0.53,0.178,0.415,0.375,0.226,0.692,-0.231,0.607,0.255,0.161,0.251,-0.202,0.451,0.479,0.212,0.308,0.431,0.304,0.477,-0.176,0.344,0.031,0.291,0.174,0.102,-0.011,0.218,0.407,-0.073,0.112,0.615,-0.093,0.404,0.033,0.684,0.309,-0.165,0.283,0.593,0.594,0.419,0.556,0.393,0.024,0.049,0.077,0.134,0.504,0.593,0.554,0.005,-0.131,0.615,0.372,-0.103,0.196,0.322,0.067,0.339,0.41,0.163,0.549,0.223,0.509,0.128,0.393,0.356,0.364,0.715,0.721,-0.113,-0.311,0.251,0.424,0.168,0.347,0.52,0.053,0.111,0.18,0.606,0.631,-0.041,0.18,0.334,0.459,0.168,0.354,0.234
APA,-0.426,-0.22,0.328,-0.142,-0.338,-0.005,0.255,-0.314,0.349,-0.147,0.0,0.034,-0.017,0.073,0.075,-0.115,-0.012,-0.367,-0.209,0.062,0.115,-0.368,0.256,-0.141,-0.168,0.049,-0.073,0.196,0.776,0.101,0.566,-0.136,0.414,-0.026,-0.036,-0.099,0.067,-0.29,0.382,-0.13,0.292,-0.02,-0.277,-0.486,0.05,0.238,-0.035,-0.033,0.39,0.17,0.361,-0.615,-0.213,0.005,0.276,0.433,0.27,-0.009,0.138,0.346,0.185,-0.226,0.497,0.059,-0.117,0.464,0.01,-0.107,0.24,-0.158,0.179,-0.133,0.041,-0.052,0.355,-0.05,0.237,-0.336,-0.295,-0.227,0.276,-0.17,-0.3,0.432,0.173,0.046,-0.151,0.019,-0.128,-0.22,-0.03,-0.035,0.137,0.357,-0.097,0.476,0.36,0.329,-0.442,-0.059,0.151,-0.087,0.171,0.306,0.225,-0.25,0.36,0.408,-0.096,-0.121,-0.097,0.076,0.472,-0.077,0.08,0.204,0.053,0.009,-0.322,-0.189,-0.228,0.489,0.803,-0.233,-0.235,0.269,0.026,0.466,-0.016,0.567,0.65,0.167,0.481,0.625,0.761,-0.116,-0.319,0.059,-0.224,-0.005,0.08,-0.073,-0.216,0.081,-0.113,0.084,0.363,-0.121,-0.382,0.222,0.145,0.023,0.399,0.35,-0.136,-0.133,-0.359,0.342,0.192,0.316,0.064,-0.118,-0.072,-0.324,-0.247,0.371,0.078,0.348,0.139,-0.444,0.295,0.297,0.388,0.576,0.106,-0.141,0.205,0.254,0.041,-0.239,0.085,0.134,0.396,0.013,0.43,-0.111,-0.635,-0.028,0.159,-0.245,0.245,0.206,-0.322,0.27,0.127,-0.259,0.06,-0.168,0.408,0.409
APOG,-0.075,0.841,0.798,0.876,0.611,-0.542,0.884,0.053,-0.171,0.336,0.034,0.0,0.789,0.83,0.356,-0.149,0.297,-0.396,0.755,0.849,0.834,0.594,0.781,-0.569,0.041,0.844,-0.189,-0.602,0.106,0.951,-0.06,0.752,0.735,0.844,-0.626,0.733,0.672,-0.651,0.752,-0.455,0.296,0.585,-0.343,0.463,0.742,-0.119,0.498,0.402,0.687,0.866,0.293,-0.048,-0.568,0.87,0.824,-0.064,0.375,0.205,0.882,0.809,0.623,0.423,0.741,0.819,-0.742,0.738,0.554,-0.711,0.872,-0.66,0.704,-0.79,0.936,-0.595,0.756,0.324,0.792,0.7,-0.023,0.326,0.579,-0.739,0.195,0.301,-0.582,-0.45,0.891,0.908,0.863,-0.606,-0.645,0.843,0.867,0.347,-0.561,0.543,0.614,0.785,-0.056,-0.761,0.663,0.684,0.795,0.346,-0.818,0.488,0.469,-0.197,-0.001,0.721,-0.762,0.604,0.707,0.136,0.843,0.883,-0.019,0.677,-0.003,0.683,-0.309,-0.294,-0.07,0.706,0.71,0.852,0.868,0.75,0.845,0.548,0.358,0.852,0.63,0.479,0.162,-0.53,-0.239,0.892,0.222,-0.173,-0.779,0.62,0.779,0.889,-0.789,0.645,0.843,0.754,0.123,-0.037,0.73,0.838,0.326,0.781,-0.692,-0.715,0.021,0.584,0.836,0.743,0.75,-0.508,0.75,0.542,-0.295,0.701,0.432,0.446,-0.592,-0.426,0.786,0.742,0.337,0.186,0.901,-0.667,-0.429,0.895,0.966,0.534,-0.067,0.643,0.358,-0.568,0.799,-0.232,0.238,-0.331,-0.566,-0.655,0.887,0.587,0.624,-0.418,0.914,-0.002,0.869,0.099,0.707,0.604
APPS,0.087,0.49,0.685,0.859,0.735,-0.233,0.787,0.203,0.011,0.622,-0.017,0.789,0.0,0.905,0.323,0.433,0.684,-0.231,0.879,0.763,0.607,0.334,0.753,-0.514,0.509,0.949,0.321,-0.267,0.143,0.783,0.195,0.778,0.752,0.571,-0.273,0.634,0.721,-0.338,0.721,-0.277,0.639,0.908,0.01,0.568,0.583,0.112,0.764,0.801,0.634,0.867,0.193,0.096,-0.431,0.866,0.681,-0.231,0.03,0.42,0.803,0.787,0.816,0.607,0.678,0.786,-0.485,0.52,0.889,-0.426,0.622,-0.392,0.571,-0.688,0.906,-0.772,0.421,0.743,0.854,0.754,0.411,0.499,0.744,-0.617,-0.15,0.437,-0.339,-0.26,0.838,0.843,0.872,-0.313,-0.727,0.78,0.708,0.468,-0.216,0.537,0.711,0.418,0.075,-0.662,0.838,0.742,0.63,0.602,-0.693,0.824,0.671,0.062,-0.02,0.877,-0.643,0.685,0.589,0.336,0.899,0.726,0.38,0.488,0.306,0.448,-0.119,-0.205,-0.238,0.768,0.8,0.734,0.873,0.662,0.832,0.463,0.187,0.823,0.417,0.496,0.179,-0.382,-0.168,0.819,0.279,-0.327,-0.412,0.759,0.441,0.858,-0.454,0.765,0.687,0.312,0.239,0.318,0.886,0.799,0.436,0.778,-0.42,-0.458,-0.101,0.607,0.879,0.718,0.854,-0.592,0.391,0.701,0.189,0.43,0.263,0.391,-0.513,-0.154,0.813,0.628,0.641,0.002,0.904,-0.385,-0.178,0.784,0.85,0.757,0.466,0.312,0.111,-0.247,0.648,-0.322,0.383,0.052,-0.579,-0.409,0.748,0.729,0.867,-0.569,0.689,0.033,0.86,0.173,0.793,0.674
ARCB,0.138,0.555,0.722,0.867,0.614,-0.255,0.84,0.215,0.137,0.605,0.073,0.83,0.905,0.0,0.285,0.28,0.668,-0.351,0.823,0.745,0.657,0.324,0.729,-0.5,0.392,0.896,0.224,-0.317,0.168,0.788,0.19,0.646,0.834,0.712,-0.286,0.77,0.771,-0.447,0.716,-0.245,0.653,0.782,-0.123,0.573,0.619,0.184,0.602,0.746,0.694,0.866,0.322,0.081,-0.421,0.84,0.739,-0.115,0.269,0.477,0.836,0.882,0.774,0.587,0.719,0.771,-0.534,0.584,0.803,-0.474,0.676,-0.375,0.673,-0.67,0.895,-0.754,0.545,0.617,0.877,0.748,0.212,0.541,0.696,-0.608,0.027,0.483,-0.279,-0.366,0.758,0.871,0.885,-0.35,-0.653,0.746,0.728,0.528,-0.288,0.635,0.676,0.507,0.096,-0.687,0.812,0.786,0.602,0.625,-0.677,0.726,0.591,0.163,0.12,0.779,-0.659,0.792,0.658,0.362,0.857,0.797,0.378,0.451,0.272,0.529,-0.076,-0.067,-0.15,0.756,0.787,0.789,0.84,0.757,0.764,0.618,0.256,0.856,0.523,0.542,0.295,-0.368,-0.176,0.81,0.425,-0.074,-0.463,0.698,0.45,0.884,-0.491,0.652,0.773,0.419,0.138,0.329,0.898,0.789,0.563,0.82,-0.491,-0.496,-0.02,0.552,0.922,0.813,0.886,-0.555,0.429,0.719,0.055,0.488,0.423,0.444,-0.434,-0.214,0.816,0.68,0.653,0.189,0.905,-0.458,-0.156,0.848,0.871,0.774,0.339,0.284,0.087,-0.261,0.754,-0.181,0.33,0.041,-0.473,-0.502,0.796,0.789,0.721,-0.397,0.717,0.014,0.892,0.185,0.774,0.658
ARCC,0.256,0.385,0.026,0.29,0.354,0.212,0.087,0.537,-0.122,0.214,0.075,0.356,0.323,0.285,0.0,-0.042,0.346,0.376,0.433,-0.0,0.079,0.22,0.157,0.162,0.382,0.2,0.261,0.15,-0.227,0.211,-0.024,0.462,0.179,0.338,0.076,0.433,0.328,0.147,0.122,0.19,0.102,0.16,0.334,0.499,0.02,-0.438,0.339,0.348,-0.04,0.066,-0.406,0.36,0.049,0.547,0.001,-0.395,0.452,0.3,0.122,0.074,-0.001,0.266,-0.004,-0.051,0.104,0.024,0.271,0.183,0.054,0.134,-0.032,-0.012,0.321,0.104,0.003,0.412,0.076,0.476,0.084,0.249,0.034,0.156,0.336,-0.154,-0.046,0.281,0.506,0.213,0.493,0.127,0.149,0.243,0.026,-0.22,0.374,-0.191,-0.07,0.206,0.346,0.188,0.207,0.235,0.082,-0.221,-0.088,0.38,-0.066,0.005,0.284,0.33,0.106,0.131,-0.094,0.462,0.361,0.076,0.194,0.156,0.442,0.574,0.355,-0.3,-0.123,0.507,0.468,0.104,0.194,0.061,0.29,0.25,-0.193,0.052,-0.121,-0.114,-0.222,0.178,0.489,0.217,0.236,-0.023,-0.062,0.466,0.346,0.216,-0.01,0.582,0.073,0.313,0.622,0.101,0.188,0.017,0.113,0.002,0.222,-0.087,0.521,-0.026,0.162,0.234,0.031,-0.018,0.223,0.447,0.151,-0.128,0.324,-0.242,-0.032,0.244,0.057,-0.101,0.042,-0.019,0.174,0.248,0.034,0.113,0.232,0.472,0.139,-0.049,-0.233,0.097,0.125,0.108,0.479,0.225,0.019,0.2,0.172,0.072,0.431,-0.028,0.147,0.522,0.367,0.241,0.054,-0.069
ARVN,0.291,-0.402,-0.075,0.137,0.302,0.386,-0.006,0.265,0.228,0.478,-0.115,-0.149,0.433,0.28,-0.042,0.0,0.734,0.161,0.364,0.002,-0.205,-0.223,0.092,0.015,0.768,0.283,0.788,0.482,0.037,-0.121,0.317,0.14,0.167,-0.275,0.463,0.03,0.19,0.411,0.031,0.26,0.625,0.598,0.466,0.323,-0.055,0.449,0.389,0.69,0.082,0.141,-0.075,0.265,0.202,0.127,-0.081,-0.314,-0.428,0.435,0.052,0.107,0.451,0.426,0.011,0.085,0.284,-0.233,0.664,0.351,-0.24,0.327,-0.054,0.056,0.104,-0.369,-0.366,0.693,0.191,0.235,0.7,0.428,0.379,0.087,-0.437,0.302,0.304,0.3,0.05,0.097,0.179,0.422,-0.195,0.066,-0.098,0.234,0.442,0.09,0.265,-0.449,0.259,0.046,0.325,0.242,-0.163,0.485,0.052,0.631,0.431,0.377,0.076,0.358,0.06,0.291,-0.073,0.382,0.208,-0.089,0.682,-0.151,0.517,-0.27,0.285,0.132,-0.314,0.224,0.283,-0.056,0.136,-0.023,0.106,-0.069,-0.183,0.121,-0.249,0.08,0.065,0.176,0.092,0.024,0.237,-0.17,0.475,0.345,-0.386,0.136,0.442,0.22,-0.112,-0.552,0.193,0.541,0.401,0.079,0.295,0.133,0.317,0.337,-0.069,0.089,0.249,0.078,0.323,-0.158,-0.413,0.424,0.787,-0.313,-0.187,-0.082,0.097,0.372,0.128,-0.049,0.563,-0.232,0.124,0.343,0.269,-0.033,-0.033,0.474,0.798,-0.452,-0.398,0.389,-0.115,-0.143,0.324,0.55,-0.101,0.287,-0.097,0.386,0.507,-0.252,-0.233,0.036,0.114,0.127,0.253,0.168
ATEC,0.368,0.061,0.165,0.485,0.446,0.332,0.304,0.51,0.279,0.589,-0.012,0.297,0.684,0.668,0.346,0.734,0.0,0.028,0.676,0.194,0.091,0.031,0.3,-0.089,0.769,0.535,0.699,0.283,-0.02,0.219,0.279,0.429,0.551,0.244,0.295,0.538,0.6,0.177,0.232,0.242,0.754,0.668,0.318,0.651,0.16,0.311,0.482,0.893,0.292,0.397,-0.001,0.388,0.098,0.573,0.171,-0.404,0.051,0.67,0.377,0.422,0.534,0.657,0.226,0.267,0.058,-0.014,0.833,0.188,0.053,0.213,0.235,-0.147,0.463,-0.469,-0.054,0.796,0.432,0.612,0.583,0.65,0.431,-0.036,-0.028,0.397,0.173,0.082,0.434,0.447,0.616,0.275,-0.237,0.335,0.14,0.29,0.327,0.261,0.327,-0.055,0.43,-0.098,0.519,0.597,0.039,0.54,-0.178,0.81,0.415,0.387,0.371,0.527,-0.103,0.573,0.144,0.677,0.553,0.233,0.72,0.05,0.673,0.222,0.412,0.028,-0.378,0.608,0.653,0.271,0.413,0.272,0.338,0.299,-0.116,0.401,-0.066,0.177,0.093,0.146,0.228,0.328,0.584,-0.029,0.186,0.619,-0.042,0.465,0.167,0.458,0.21,-0.09,0.38,0.516,0.659,0.283,0.515,0.365,0.165,0.09,0.176,0.148,0.578,0.472,0.564,-0.295,-0.109,0.765,0.59,-0.11,0.184,-0.009,-0.04,0.299,0.357,0.125,0.615,-0.054,0.448,0.181,0.209,0.307,0.345,0.82,0.692,-0.311,-0.437,0.309,0.247,-0.108,0.515,0.52,-0.141,0.117,0.256,0.632,0.693,-0.233,0.094,0.144,0.502,0.332,0.433,0.251
ATXS,0.475,-0.254,-0.632,-0.385,0.21,0.44,-0.616,0.492,-0.12,0.015,-0.367,-0.396,-0.231,-0.351,0.376,0.161,0.028,0.0,-0.051,-0.581,-0.574,-0.086,-0.424,0.527,0.391,-0.367,0.391,0.401,-0.532,-0.468,-0.294,-0.017,-0.657,-0.266,0.479,-0.182,-0.432,0.723,-0.425,0.344,-0.283,-0.176,0.797,0.26,-0.452,-0.394,0.117,0.008,-0.694,-0.574,-0.849,0.594,0.355,-0.178,-0.625,-0.34,-0.029,-0.054,-0.552,-0.634,-0.477,-0.179,-0.684,-0.58,0.644,-0.543,-0.135,0.593,-0.61,0.604,-0.709,0.469,-0.329,0.459,-0.721,0.201,-0.492,0.086,0.143,0.018,-0.371,0.607,0.066,-0.719,0.198,0.607,-0.085,-0.451,-0.158,0.454,0.419,-0.23,-0.507,-0.611,0.726,-0.764,-0.521,-0.467,0.329,0.656,-0.252,-0.45,-0.403,-0.591,0.343,0.107,-0.478,-0.105,-0.041,0.041,0.627,-0.383,-0.779,0.06,-0.207,-0.568,0.102,-0.223,0.426,0.1,0.437,-0.345,-0.243,0.089,0.035,-0.62,-0.356,-0.633,-0.162,-0.437,-0.668,-0.606,-0.614,-0.712,-0.54,0.477,0.76,-0.373,-0.094,0.065,0.393,0.017,-0.071,-0.402,0.533,0.032,-0.674,-0.168,0.725,-0.02,-0.378,-0.599,-0.455,-0.671,0.723,0.428,0.511,-0.401,-0.549,-0.528,-0.606,0.247,-0.253,0.021,0.536,-0.731,0.021,-0.584,0.213,0.629,-0.575,-0.646,-0.301,-0.479,-0.514,0.7,0.169,-0.586,-0.465,0.075,0.159,-0.505,-0.514,0.404,-0.677,0.505,0.497,0.351,0.187,0.678,-0.502,-0.602,0.089,-0.026,-0.469,0.641,-0.207,-0.136,-0.622,-0.551
AVAV,0.293,0.584,0.466,0.815,0.708,-0.091,0.591,0.413,-0.096,0.57,-0.209,0.755,0.879,0.823,0.433,0.364,0.676,-0.051,0.0,0.577,0.467,0.446,0.564,-0.337,0.555,0.786,0.347,-0.26,-0.161,0.672,-0.012,0.76,0.57,0.617,-0.173,0.737,0.695,-0.149,0.513,-0.059,0.53,0.726,0.145,0.73,0.521,0.002,0.643,0.725,0.426,0.678,0.008,0.324,-0.185,0.842,0.518,-0.402,0.202,0.497,0.655,0.607,0.626,0.63,0.443,0.586,-0.316,0.316,0.789,-0.273,0.463,-0.233,0.462,-0.478,0.813,-0.572,0.295,0.646,0.636,0.821,0.35,0.652,0.55,-0.387,0.155,0.203,-0.264,-0.155,0.845,0.746,0.907,-0.154,-0.485,0.685,0.539,0.244,-0.076,0.28,0.446,0.326,0.351,-0.46,0.633,0.728,0.493,0.327,-0.617,0.8,0.389,-0.015,0.225,0.785,-0.442,0.614,0.342,0.465,0.789,0.545,0.431,0.428,0.469,0.574,0.064,-0.331,-0.403,0.796,0.816,0.545,0.712,0.461,0.738,0.377,-0.044,0.634,0.189,0.21,-0.024,-0.205,0.133,0.679,0.447,-0.214,-0.372,0.844,0.514,0.722,-0.286,0.685,0.484,0.4,0.438,0.154,0.726,0.619,0.375,0.567,-0.227,-0.291,0.217,0.345,0.736,0.569,0.682,-0.383,0.406,0.799,0.258,0.228,0.337,0.188,-0.36,0.075,0.557,0.395,0.444,-0.076,0.744,-0.218,-0.164,0.587,0.743,0.829,0.354,0.235,-0.119,-0.12,0.477,-0.203,0.592,0.144,-0.419,-0.197,0.566,0.616,0.894,-0.441,0.538,0.166,0.742,0.217,0.547,0.381
AXON,-0.302,0.628,0.87,0.797,0.584,-0.751,0.928,-0.313,-0.205,0.278,0.062,0.849,0.763,0.745,-0.0,0.002,0.194,-0.581,0.577,0.0,0.86,0.517,0.869,-0.765,-0.076,0.862,-0.292,-0.659,0.348,0.921,-0.006,0.661,0.729,0.627,-0.758,0.467,0.516,-0.77,0.826,-0.704,0.271,0.655,-0.515,0.21,0.823,0.105,0.434,0.308,0.829,0.938,0.471,-0.313,-0.723,0.672,0.899,0.135,-0.028,-0.011,0.937,0.832,0.796,0.275,0.859,0.983,-0.863,0.804,0.538,-0.877,0.924,-0.849,0.73,-0.916,0.878,-0.795,0.761,0.221,0.876,0.517,0.08,0.104,0.755,-0.93,-0.181,0.447,-0.677,-0.543,0.739,0.899,0.653,-0.734,-0.871,0.85,0.938,0.469,-0.746,0.729,0.814,0.751,-0.355,-0.95,0.677,0.571,0.853,0.527,-0.882,0.409,0.715,-0.26,-0.284,0.696,-0.937,0.506,0.843,-0.144,0.752,0.915,-0.155,0.728,-0.276,0.309,-0.579,-0.228,-0.01,0.486,0.517,0.911,0.91,0.762,0.823,0.372,0.557,0.934,0.762,0.658,0.29,-0.732,-0.608,0.912,-0.02,-0.301,-0.789,0.416,0.63,0.875,-0.854,0.469,0.882,0.54,-0.238,-0.064,0.754,0.963,0.255,0.883,-0.878,-0.769,-0.353,0.755,0.827,0.636,0.833,-0.667,0.685,0.319,-0.333,0.848,0.173,0.605,-0.723,-0.65,0.897,0.908,0.455,0.108,0.906,-0.845,-0.518,0.915,0.924,0.3,-0.05,0.696,0.588,-0.701,0.763,-0.442,-0.012,-0.504,-0.75,-0.831,0.897,0.583,0.522,-0.574,0.91,-0.253,0.779,-0.056,0.84,0.811
BANF,-0.329,0.71,0.808,0.713,0.463,-0.708,0.839,-0.25,-0.152,0.143,0.115,0.834,0.607,0.657,0.079,-0.205,0.091,-0.574,0.467,0.86,0.0,0.531,0.759,-0.583,-0.234,0.719,-0.393,-0.58,0.305,0.855,-0.012,0.611,0.697,0.687,-0.703,0.452,0.454,-0.817,0.742,-0.623,0.179,0.42,-0.575,0.201,0.8,-0.022,0.254,0.175,0.753,0.799,0.446,-0.27,-0.648,0.59,0.861,0.108,0.238,0.076,0.846,0.763,0.607,0.22,0.763,0.84,-0.853,0.777,0.371,-0.824,0.899,-0.783,0.808,-0.774,0.784,-0.505,0.897,0.052,0.747,0.455,-0.08,0.079,0.549,-0.825,0.038,0.428,-0.583,-0.511,0.65,0.832,0.629,-0.699,-0.623,0.752,0.863,0.375,-0.73,0.648,0.631,0.805,-0.343,-0.82,0.562,0.512,0.747,0.436,-0.773,0.268,0.572,-0.29,-0.164,0.549,-0.843,0.502,0.786,-0.137,0.659,0.869,-0.254,0.682,-0.286,0.351,-0.523,-0.153,0.106,0.445,0.459,0.857,0.746,0.735,0.687,0.47,0.589,0.865,0.745,0.606,0.265,-0.609,-0.507,0.79,0.09,-0.102,-0.781,0.27,0.625,0.833,-0.862,0.36,0.839,0.656,-0.211,-0.098,0.642,0.843,0.277,0.772,-0.832,-0.804,-0.186,0.607,0.752,0.64,0.709,-0.498,0.778,0.287,-0.418,0.834,0.166,0.579,-0.56,-0.622,0.796,0.821,0.286,0.292,0.776,-0.785,-0.566,0.849,0.854,0.259,-0.189,0.657,0.564,-0.728,0.768,-0.329,-0.043,-0.559,-0.583,-0.818,0.822,0.517,0.383,-0.295,0.877,-0.197,0.726,-0.023,0.71,0.646
BATRK,-0.159,0.728,0.264,0.437,0.579,-0.521,0.402,-0.128,-0.673,-0.225,-0.368,0.594,0.334,0.324,0.22,-0.223,0.031,-0.086,0.446,0.517,0.531,0.0,0.516,-0.331,-0.208,0.416,-0.434,-0.472,-0.242,0.568,-0.722,0.632,0.159,0.459,-0.688,0.47,0.134,-0.436,0.228,-0.503,-0.244,0.151,-0.377,0.444,0.716,-0.158,-0.014,-0.06,0.367,0.402,-0.175,0.119,-0.401,0.421,0.431,-0.151,0.031,-0.266,0.575,0.2,0.322,0.207,0.222,0.485,-0.594,0.275,0.202,-0.55,0.537,-0.564,0.239,-0.513,0.516,-0.262,0.349,-0.014,0.229,0.609,0.033,0.017,0.295,-0.471,0.333,-0.258,-0.768,-0.154,0.661,0.61,0.487,-0.421,-0.383,0.707,0.507,-0.359,-0.493,0.067,0.215,0.59,-0.084,-0.409,0.065,0.256,0.509,-0.164,-0.717,0.261,0.17,-0.74,-0.072,0.413,-0.499,0.124,0.218,-0.055,0.488,0.501,-0.42,0.777,-0.151,0.53,-0.169,-0.716,-0.36,0.5,0.498,0.47,0.574,0.055,0.595,-0.206,0.066,0.449,0.239,-0.146,-0.337,-0.42,0.023,0.62,0.091,-0.084,-0.727,0.225,0.837,0.469,-0.572,0.092,0.297,0.776,0.169,-0.567,0.226,0.404,-0.312,0.232,-0.48,-0.521,0.212,0.262,0.333,0.04,0.263,-0.412,0.724,0.318,-0.255,0.436,0.26,-0.071,-0.633,-0.324,0.244,0.366,-0.189,-0.369,0.389,-0.509,-0.736,0.4,0.562,0.189,-0.505,0.496,0.233,-0.615,0.128,-0.268,0.392,-0.547,-0.653,-0.452,0.506,0.002,0.375,-0.534,0.55,-0.013,0.457,0.068,0.212,0.154
BIDU,-0.401,0.497,0.823,0.634,0.642,-0.637,0.891,-0.327,-0.247,0.119,0.256,0.781,0.753,0.729,0.157,0.092,0.3,-0.424,0.564,0.869,0.759,0.516,0.0,-0.681,-0.017,0.859,-0.181,-0.369,0.463,0.862,-0.011,0.698,0.727,0.49,-0.692,0.459,0.378,-0.694,0.841,-0.73,0.32,0.682,-0.441,0.187,0.875,0.19,0.433,0.338,0.881,0.894,0.236,-0.344,-0.812,0.663,0.846,0.149,-0.034,-0.067,0.922,0.78,0.884,0.234,0.855,0.881,-0.795,0.803,0.578,-0.773,0.879,-0.775,0.546,-0.885,0.852,-0.76,0.648,0.347,0.828,0.54,0.052,0.013,0.896,-0.883,-0.279,0.335,-0.68,-0.216,0.718,0.881,0.625,-0.694,-0.832,0.91,0.886,0.281,-0.578,0.707,0.875,0.793,-0.472,-0.791,0.651,0.436,0.834,0.488,-0.816,0.472,0.831,-0.234,-0.408,0.745,-0.875,0.47,0.81,-0.084,0.838,0.909,-0.136,0.831,-0.272,0.333,-0.524,-0.293,0.111,0.553,0.575,0.888,0.912,0.696,0.884,0.355,0.606,0.887,0.762,0.609,0.309,-0.732,-0.451,0.931,-0.129,-0.332,-0.7,0.402,0.626,0.85,-0.741,0.466,0.816,0.52,-0.108,-0.012,0.743,0.803,0.21,0.828,-0.732,-0.734,-0.34,0.86,0.807,0.524,0.708,-0.781,0.671,0.265,-0.205,0.805,0.215,0.464,-0.737,-0.685,0.847,0.883,0.491,0.016,0.821,-0.749,-0.573,0.878,0.855,0.276,-0.016,0.58,0.591,-0.658,0.663,-0.438,-0.005,-0.463,-0.814,-0.785,0.919,0.481,0.491,-0.649,0.855,-0.252,0.813,-0.082,0.844,0.865
BLNE,0.362,-0.391,-0.705,-0.505,-0.392,0.625,-0.695,0.412,0.211,-0.143,-0.141,-0.569,-0.514,-0.5,0.162,0.015,-0.089,0.527,-0.337,-0.765,-0.583,-0.331,-0.681,0.0,0.159,-0.624,0.298,0.562,-0.333,-0.682,-0.037,-0.346,-0.511,-0.326,0.635,-0.254,-0.35,0.586,-0.624,0.611,-0.117,-0.494,0.486,0.017,-0.611,-0.128,-0.333,-0.162,-0.636,-0.721,-0.421,0.405,0.655,-0.449,-0.686,-0.231,0.222,0.209,-0.707,-0.61,-0.647,-0.103,-0.715,-0.758,0.701,-0.619,-0.309,0.746,-0.702,0.74,-0.48,0.767,-0.615,0.741,-0.519,-0.099,-0.665,-0.268,-0.034,0.072,-0.626,0.786,0.278,-0.335,0.583,0.426,-0.503,-0.638,-0.362,0.614,0.759,-0.605,-0.714,-0.385,0.659,-0.572,-0.669,-0.56,0.378,0.804,-0.479,-0.385,-0.665,-0.426,0.689,-0.25,-0.564,0.203,0.339,-0.428,0.797,-0.334,-0.684,0.169,-0.506,-0.668,0.189,-0.542,0.37,-0.116,0.544,0.2,-0.043,-0.262,-0.291,-0.684,-0.703,-0.574,-0.593,-0.256,-0.466,-0.671,-0.591,-0.566,-0.305,0.699,0.622,-0.703,0.18,0.428,0.645,-0.261,-0.402,-0.569,0.668,-0.251,-0.659,-0.306,0.303,0.108,-0.53,-0.737,-0.125,-0.685,0.722,0.604,0.457,-0.637,-0.562,-0.373,-0.605,0.59,-0.438,-0.082,0.379,-0.687,-0.042,-0.491,0.626,0.606,-0.708,-0.729,-0.307,-0.04,-0.678,0.75,0.373,-0.676,-0.665,-0.067,0.092,-0.576,-0.547,0.533,-0.556,0.441,0.146,0.446,0.624,0.665,-0.697,-0.388,-0.289,0.537,-0.661,0.41,-0.498,0.019,-0.64,-0.669
BLNK,0.591,-0.14,-0.127,0.313,0.338,0.559,-0.023,0.696,0.247,0.71,-0.168,0.041,0.509,0.392,0.382,0.768,0.769,0.391,0.555,-0.076,-0.234,-0.208,-0.017,0.159,0.0,0.308,0.909,0.406,-0.229,-0.042,0.313,0.241,0.171,0.011,0.568,0.317,0.417,0.565,0.01,0.514,0.635,0.58,0.715,0.553,-0.23,0.093,0.579,0.82,-0.118,0.098,-0.222,0.513,0.347,0.41,-0.15,-0.532,-0.013,0.622,-0.018,0.116,0.226,0.504,-0.085,-0.037,0.451,-0.265,0.663,0.488,-0.287,0.499,-0.046,0.153,0.198,-0.2,-0.365,0.826,0.16,0.414,0.559,0.653,0.179,0.258,-0.084,0.15,0.357,0.329,0.26,0.086,0.432,0.464,-0.026,0.044,-0.145,0.196,0.642,-0.105,0.075,-0.416,0.616,0.18,0.356,0.386,-0.163,0.261,0.102,0.712,0.126,0.483,0.344,0.43,0.233,0.316,-0.204,0.632,0.311,-0.127,0.847,-0.27,0.817,0.155,0.52,0.036,-0.377,0.457,0.475,-0.117,0.131,0.014,0.165,0.14,-0.429,0.028,-0.361,-0.066,-0.064,0.38,0.406,0.025,0.418,-0.116,0.444,0.592,-0.212,0.155,0.462,0.532,-0.1,-0.342,0.56,0.59,0.38,0.04,0.357,0.048,0.478,0.355,0.297,-0.063,0.238,0.228,0.269,0.01,-0.37,0.636,0.772,-0.466,0.125,-0.148,0.194,0.619,0.055,-0.215,0.52,-0.14,0.19,0.534,0.45,-0.017,0.048,0.735,0.822,-0.447,-0.605,0.553,-0.022,0.104,0.562,0.783,0.1,0.495,-0.096,0.398,0.653,-0.115,-0.198,0.455,0.237,0.248,0.132,-0.005
BTAI,-0.114,0.528,0.809,0.827,0.724,-0.425,0.892,0.002,-0.071,0.487,0.049,0.844,0.949,0.896,0.2,0.283,0.535,-0.367,0.786,0.862,0.719,0.416,0.859,-0.624,0.308,0.0,0.113,-0.378,0.274,0.877,0.115,0.772,0.789,0.589,-0.469,0.629,0.65,-0.529,0.796,-0.463,0.551,0.87,-0.201,0.436,0.719,0.159,0.674,0.658,0.753,0.944,0.277,-0.078,-0.618,0.824,0.797,-0.077,0.003,0.247,0.896,0.856,0.863,0.521,0.793,0.885,-0.672,0.664,0.8,-0.616,0.775,-0.571,0.614,-0.821,0.927,-0.826,0.555,0.626,0.892,0.697,0.259,0.346,0.797,-0.787,-0.181,0.445,-0.505,-0.324,0.829,0.904,0.822,-0.505,-0.844,0.865,0.837,0.472,-0.431,0.65,0.809,0.576,-0.126,-0.79,0.796,0.692,0.751,0.635,-0.784,0.718,0.739,-0.043,-0.164,0.849,-0.777,0.68,0.724,0.177,0.919,0.857,0.201,0.614,0.091,0.46,-0.28,-0.227,-0.13,0.729,0.761,0.841,0.944,0.736,0.9,0.458,0.34,0.906,0.585,0.565,0.244,-0.543,-0.331,0.91,0.155,-0.339,-0.578,0.637,0.549,0.91,-0.628,0.696,0.802,0.435,0.107,0.224,0.889,0.875,0.364,0.846,-0.603,-0.613,-0.205,0.735,0.899,0.701,0.874,-0.709,0.516,0.567,0.021,0.621,0.334,0.468,-0.65,-0.377,0.875,0.773,0.621,0.027,0.95,-0.579,-0.322,0.888,0.914,0.617,0.284,0.462,0.313,-0.431,0.715,-0.352,0.238,-0.139,-0.704,-0.598,0.874,0.688,0.74,-0.642,0.818,-0.059,0.89,0.096,0.852,0.774
BYND,0.556,-0.385,-0.239,0.081,0.131,0.704,-0.187,0.663,0.441,0.623,-0.073,-0.189,0.321,0.224,0.261,0.788,0.699,0.391,0.347,-0.292,-0.393,-0.434,-0.181,0.298,0.909,0.113,0.0,0.589,-0.144,-0.264,0.477,0.025,0.078,-0.195,0.776,0.119,0.262,0.65,-0.103,0.635,0.652,0.436,0.776,0.378,-0.395,0.171,0.473,0.74,-0.217,-0.08,-0.21,0.465,0.431,0.169,-0.302,-0.44,-0.026,0.639,-0.217,-0.001,0.111,0.392,-0.186,-0.23,0.589,-0.369,0.541,0.645,-0.455,0.665,-0.142,0.356,-0.036,-0.053,-0.478,0.772,0.024,0.19,0.537,0.558,0.076,0.425,-0.168,0.184,0.593,0.393,-0.007,-0.13,0.211,0.598,0.14,-0.184,-0.315,0.212,0.765,-0.131,-0.03,-0.584,0.576,0.344,0.267,0.231,-0.353,0.262,0.329,0.569,0.038,0.639,0.32,0.227,0.381,0.286,-0.29,0.584,0.11,-0.293,0.875,-0.466,0.793,-0.037,0.554,0.264,-0.249,0.256,0.274,-0.295,-0.097,-0.072,-0.058,0.154,-0.427,-0.141,-0.445,-0.066,0.011,0.509,0.429,-0.197,0.377,-0.003,0.658,0.442,-0.477,-0.035,0.638,0.375,-0.238,-0.547,0.471,0.724,0.25,-0.156,0.404,-0.063,0.632,0.496,0.223,-0.182,0.086,0.153,0.116,0.143,-0.557,0.48,0.838,-0.586,0.003,-0.156,0.418,0.684,-0.073,-0.342,0.475,-0.032,-0.009,0.661,0.588,-0.182,-0.175,0.591,0.894,-0.62,-0.655,0.683,-0.118,0.191,0.424,0.875,0.288,0.603,-0.271,0.329,0.471,0.076,-0.38,0.383,0.037,0.199,0.02,-0.097
CAN,0.122,-0.633,-0.515,-0.48,-0.25,0.746,-0.54,0.249,0.233,-0.085,0.196,-0.602,-0.267,-0.317,0.15,0.482,0.283,0.401,-0.26,-0.659,-0.58,-0.472,-0.369,0.562,0.406,-0.378,0.589,0.0,-0.002,-0.652,0.26,-0.321,-0.236,-0.593,0.721,-0.258,-0.237,0.604,-0.447,0.533,0.213,-0.128,0.446,-0.049,-0.496,0.15,-0.157,0.16,-0.345,-0.51,-0.375,0.19,0.446,-0.347,-0.582,-0.215,-0.122,0.237,-0.526,-0.418,-0.189,0.083,-0.451,-0.6,0.65,-0.556,0.019,0.773,-0.653,0.68,-0.481,0.621,-0.501,0.375,-0.594,0.291,-0.457,-0.244,0.258,0.018,-0.209,0.617,-0.152,-0.049,0.6,0.67,-0.479,-0.481,-0.309,0.675,0.513,-0.452,-0.646,-0.235,0.752,-0.331,-0.324,-0.595,0.193,0.705,-0.266,-0.264,-0.653,-0.024,0.638,0.083,-0.087,0.406,0.17,-0.288,0.611,-0.098,-0.473,0.389,-0.294,-0.551,0.404,-0.455,0.377,-0.309,0.554,0.258,0.042,-0.169,-0.163,-0.519,-0.501,-0.443,-0.444,-0.172,-0.291,-0.492,-0.517,-0.289,-0.062,0.489,0.443,-0.529,0.083,0.099,0.776,-0.193,-0.61,-0.426,0.755,-0.166,-0.569,-0.616,0.24,0.426,-0.207,-0.598,0.041,-0.462,0.733,0.574,0.138,-0.337,-0.334,-0.313,-0.365,0.268,-0.619,-0.033,0.569,-0.613,-0.149,-0.477,0.493,0.487,-0.462,-0.553,0.042,-0.107,-0.526,0.718,0.396,-0.549,-0.604,0.007,0.427,-0.718,-0.503,0.618,-0.487,0.138,0.075,0.602,0.409,0.604,-0.539,-0.14,-0.132,0.258,-0.676,0.167,-0.377,0.236,-0.318,-0.33
CCEC,-0.559,-0.25,0.502,-0.024,-0.159,-0.311,0.458,-0.598,0.259,-0.093,0.776,0.106,0.143,0.168,-0.227,0.037,-0.02,-0.532,-0.161,0.348,0.305,-0.242,0.463,-0.333,-0.229,0.274,-0.144,-0.002,0.0,0.265,0.503,-0.003,0.478,-0.071,-0.255,-0.199,-0.017,-0.497,0.581,-0.447,0.344,0.221,-0.427,-0.556,0.298,0.453,0.064,-0.02,0.598,0.401,0.524,-0.774,-0.487,-0.017,0.5,0.58,-0.083,-0.176,0.329,0.503,0.459,-0.261,0.685,0.359,-0.37,0.625,0.133,-0.394,0.437,-0.419,0.327,-0.371,0.153,-0.343,0.45,-0.02,0.456,-0.323,-0.183,-0.302,0.534,-0.477,-0.611,0.556,-0.065,-0.09,-0.092,0.174,-0.13,-0.462,-0.401,0.172,0.386,0.484,-0.355,0.693,0.654,0.374,-0.684,-0.369,0.305,-0.091,0.426,0.49,-0.027,-0.187,0.633,0.256,-0.396,0.072,-0.408,0.118,0.682,-0.338,0.199,0.407,-0.087,0.186,-0.526,-0.358,-0.548,0.451,0.712,-0.236,-0.207,0.454,0.247,0.567,0.178,0.416,0.787,0.398,0.684,0.789,0.773,-0.413,-0.644,0.251,-0.41,-0.134,-0.078,-0.081,-0.149,0.244,-0.312,0.043,0.514,-0.152,-0.598,0.22,0.313,0.304,0.341,0.558,-0.392,-0.284,-0.636,0.644,0.329,0.312,0.273,-0.346,0.06,-0.378,-0.263,0.594,-0.04,0.598,-0.099,-0.669,0.529,0.584,0.52,0.469,0.286,-0.422,-0.016,0.438,0.195,-0.291,0.112,0.313,0.665,-0.254,0.496,-0.29,-0.722,-0.248,-0.181,-0.498,0.4,0.287,-0.215,-0.003,0.311,-0.474,0.178,-0.347,0.628,0.688
CDW,-0.227,0.755,0.878,0.808,0.61,-0.66,0.932,-0.153,-0.202,0.291,0.101,0.951,0.783,0.788,0.211,-0.121,0.219,-0.468,0.672,0.921,0.855,0.568,0.862,-0.682,-0.042,0.877,-0.264,-0.652,0.265,0.0,-0.03,0.721,0.724,0.751,-0.718,0.597,0.577,-0.73,0.83,-0.608,0.271,0.642,-0.415,0.304,0.804,-0.04,0.537,0.331,0.759,0.92,0.352,-0.216,-0.694,0.799,0.896,0.101,0.201,0.041,0.916,0.838,0.705,0.322,0.831,0.896,-0.835,0.821,0.525,-0.823,0.933,-0.779,0.684,-0.881,0.932,-0.672,0.772,0.279,0.85,0.606,-0.051,0.206,0.683,-0.864,-0.007,0.342,-0.672,-0.451,0.851,0.905,0.763,-0.721,-0.78,0.873,0.937,0.399,-0.68,0.629,0.738,0.82,-0.247,-0.865,0.693,0.59,0.888,0.409,-0.853,0.433,0.586,-0.244,-0.196,0.732,-0.857,0.538,0.798,-0.037,0.829,0.935,-0.108,0.735,-0.167,0.55,-0.481,-0.291,0.031,0.611,0.623,0.897,0.909,0.778,0.891,0.496,0.475,0.897,0.737,0.587,0.266,-0.656,-0.406,0.929,0.032,-0.285,-0.813,0.555,0.755,0.889,-0.856,0.605,0.88,0.686,-0.007,-0.084,0.749,0.886,0.263,0.842,-0.795,-0.754,-0.164,0.745,0.836,0.685,0.757,-0.609,0.753,0.393,-0.347,0.801,0.386,0.545,-0.695,-0.577,0.861,0.853,0.373,0.159,0.925,-0.777,-0.481,0.935,0.97,0.387,-0.074,0.732,0.545,-0.665,0.802,-0.317,0.087,-0.445,-0.674,-0.746,0.927,0.555,0.567,-0.518,0.953,-0.121,0.851,-0.011,0.784,0.732
CDXS,0.005,-0.387,0.246,0.074,-0.33,0.305,0.164,0.087,0.707,0.485,0.566,-0.06,0.195,0.19,-0.024,0.317,0.279,-0.294,-0.012,-0.006,-0.012,-0.722,-0.011,-0.037,0.313,0.115,0.477,0.26,0.503,-0.03,0.0,-0.201,0.435,-0.078,0.434,-0.145,0.323,0.058,0.299,0.285,0.642,0.271,0.163,-0.274,-0.301,0.257,0.342,0.389,0.172,0.153,0.502,-0.302,0.123,0.1,0.133,0.178,0.146,0.477,-0.033,0.381,0.169,0.049,0.323,0.012,0.197,0.192,0.258,0.189,-0.038,0.183,0.271,0.092,0.006,-0.127,0.155,0.28,0.31,-0.321,0.05,0.184,0.164,0.03,-0.41,0.711,0.576,-0.068,-0.185,-0.094,-0.01,0.111,0.001,-0.282,-0.015,0.75,0.197,0.416,0.283,-0.165,0.013,-0.044,0.413,0.18,-0.031,0.549,0.347,0.026,0.283,0.813,0.117,-0.015,0.031,0.272,0.319,0.201,0.013,0.018,0.548,-0.467,0.145,-0.32,-0.043,0.77,0.437,-0.196,-0.166,0.087,-0.085,0.482,-0.14,0.661,0.333,0.115,0.176,0.631,0.644,0.149,-0.295,-0.133,0.055,-0.128,0.426,0.154,-0.579,0.04,0.183,0.347,0.255,-0.543,-0.263,0.702,0.283,0.106,0.724,0.368,0.098,0.186,-0.37,0.158,0.246,0.503,0.258,0.123,-0.417,-0.01,0.142,0.005,-0.138,0.471,0.446,0.029,0.324,0.13,0.571,0.663,0.178,0.158,0.627,0.159,-0.025,0.113,0.676,-0.137,0.006,0.348,0.447,-0.031,-0.41,0.455,0.408,0.073,-0.007,0.505,0.006,0.393,-0.066,-0.123,0.023,0.018,0.366,0.316
