,ABEO,ACHC,AGNCN,AKAM,AKRO,ALRM,AMAT,AMED,AMRN,ANGI,APA,APOG,APPS,ARCB,ARCC,ARVN,ATEC,ATXS,AVAV,AXON,BANF,BATRK,BIDU,BLNE,BLNK,BTAI,BYND,CAN,CCEC,CDW,CDXS,CELH,CGNX,CHKP,CHRS,CHRW,CIGI,CKPT,CMPR,COGT,CRNC,CRSP,CSTL,CTSH,CVGW,DGLY,DNLI,DOCU,DVAX,EBAY,EHTH,ERII,ESLT,EXPE,EXPO,FBIOP,FFBC,FFIN,FOXF,FWRD,GDS,GERN,GPRE,GRWG,GRYP,HEES,HELE,HIVE,HON,HRTX,HSTM,HURA,IART,IBKR,IBOC,IBRX,IDXX,INGN,INM,INVA,IQ,IRBT,KDP,KPTI,KTOS,KXIN,LAMR,LFUS,LGIH,LGMK,LKFN,LNW,LOPE,LPSN,LYFT,MGNX,MLCO,MNST,MODV,MSTR,MTCH,MYGN,MYRG,NCMI,NEXT,NFLX,NIU,NKTR,NRC,NTNX,NTRA,NVEE,NVMI,NWL,NWS,NXPI,OCGN,OCSL,OKTA,OLLI,OTLK,OXLC,PAA,PARA,PARAA,PDCO,PDFS,PFG,PGEN,PNFP,PODD,POWI,PSMT,PTC,PTEN,PVLA,RDNT,RDUS,RDWR,REGN,RNAC,ROCK,ROST,RRR,RSLS,RVMD,RYAAY,SAFT,SAGE,SAVA,SBGI,SFM,SFNC,SHYF,SIBN,SIFY,SIGI,SIMO,SITM,SLM,SNBR,SNDX,SNY,SPNS,SRRK,STRA,SUPN,SYRE,TCBK,TEAM,TECH,THRM,TLRY,TRMK,TROW,TSLA,TWST,TXN,UFPI,UNIT,UPWK,USLM,UTHR,VERB,VLY,VRNA,VRRM,VXRT,WAFD,WATT,WBA,WING,WIX,WTFC,WTW,XPEL,XRX,YMAB,ZG,ZLAB
ABEO,0.0,0.278,0.69,0.696,0.72,0.256,0.59,0.606,0.593,0.475,-0.445,0.643,0.585,0.61,0.723,0.508,0.614,-0.194,0.59,0.701,0.564,0.252,0.324,-0.443,0.424,0.519,0.686,-0.421,0.159,0.674,0.478,0.351,0.637,0.619,-0.274,0.13,0.579,0.174,0.434,-0.273,0.643,0.584,0.707,0.515,-0.214,-0.003,0.279,0.653,-0.424,0.556,-0.15,0.722,0.565,0.626,0.021,0.655,0.676,0.624,-0.726,-0.306,0.728,0.288,-0.427,0.335,-0.629,0.58,0.624,0.124,0.634,0.259,0.618,-0.585,0.699,0.23,0.73,0.593,0.564,0.591,-0.606,0.817,0.529,-0.495,0.623,-0.033,0.495,0.636,0.743,0.652,0.682,0.05,0.624,0.619,0.796,0.726,0.795,0.509,-0.297,0.819,0.532,0.596,-0.503,0.728,0.276,0.586,0.114,0.553,0.695,0.556,-0.236,0.647,0.502,0.064,0.46,0.284,0.661,0.483,0.579,0.72,0.466,0.718,-0.356,0.694,0.653,0.666,0.703,0.412,0.489,0.524,0.209,0.662,0.697,0.594,-0.176,0.697,-0.528,0.329,0.571,0.244,0.227,0.68,-0.523,0.724,0.607,0.616,0.127,0.695,0.585,0.593,0.342,0.453,0.764,-0.418,0.645,0.153,0.371,0.385,-0.22,0.57,0.638,0.806,-0.365,0.607,-0.136,0.39,0.264,0.73,0.405,-0.389,0.648,0.143,0.326,0.598,0.338,0.705,0.588,0.632,0.456,0.562,0.633,0.644,0.562,0.364,0.624,-0.404,0.534,0.65,0.355,0.552,0.675,0.471,0.362,0.623,0.615,0.643,0.533,0.02,0.753,0.157,0.112,0.719
ACHC,0.278,0.0,0.319,0.219,0.2,0.068,0.264,0.185,0.179,0.144,-0.169,0.33,0.18,0.291,0.284,0.225,0.195,-0.078,0.269,0.234,0.3,0.239,0.004,-0.139,0.233,0.242,0.357,-0.079,-0.072,0.231,0.319,-0.095,0.357,0.159,-0.1,0.376,0.211,-0.167,0.126,-0.024,0.298,0.1,0.313,0.147,0.071,-0.036,0.149,0.251,-0.108,0.228,0.125,0.271,0.109,0.169,0.015,0.207,0.314,0.266,-0.129,-0.174,0.286,0.204,-0.08,0.172,-0.337,0.257,0.279,0.105,0.307,-0.012,0.329,-0.362,0.377,0.028,0.395,0.335,0.192,0.262,-0.265,0.328,0.191,-0.09,0.356,-0.114,0.236,0.285,0.25,0.351,0.306,-0.008,0.234,0.166,0.264,0.352,0.32,0.176,-0.158,0.352,0.276,0.158,-0.199,0.343,0.19,0.342,0.102,0.19,0.329,0.28,0.006,0.273,0.157,0.166,0.173,0.201,0.213,0.147,0.11,0.262,0.165,0.427,-0.106,0.362,0.25,0.133,0.151,0.148,0.158,0.077,0.016,0.295,0.177,0.193,-0.167,0.247,-0.341,0.262,0.257,-0.054,0.184,0.28,-0.231,0.295,0.111,0.202,0.304,0.383,0.164,0.527,0.181,0.295,0.233,-0.213,0.277,0.3,0.193,0.237,0.152,0.25,0.21,0.332,-0.119,0.342,0.083,0.228,0.309,0.358,0.197,-0.03,0.272,0.288,-0.047,0.284,0.147,0.292,0.282,0.265,0.051,0.169,0.25,0.233,0.196,0.103,0.362,-0.126,0.22,0.229,0.318,0.304,0.322,0.153,0.184,0.218,0.208,0.236,0.215,0.04,0.339,0.087,0.208,0.243
AGNCN,0.69,0.319,0.0,0.86,0.874,0.522,0.814,0.787,0.684,0.684,-0.689,0.901,0.588,0.713,0.927,0.731,0.813,-0.522,0.83,0.874,0.749,0.499,0.423,-0.748,0.686,0.454,0.697,-0.707,0.361,0.847,0.721,0.041,0.792,0.881,-0.486,0.245,0.74,0.107,0.701,-0.478,0.778,0.82,0.888,0.724,-0.543,-0.457,0.031,0.839,-0.599,0.643,-0.237,0.918,0.734,0.822,0.213,0.739,0.838,0.817,-0.76,-0.501,0.805,0.289,-0.713,0.628,-0.684,0.756,0.76,-0.018,0.893,0.514,0.693,-0.759,0.879,0.06,0.791,0.732,0.816,0.815,-0.69,0.887,0.43,-0.668,0.851,-0.444,0.747,0.54,0.918,0.888,0.901,-0.092,0.824,0.799,0.822,0.807,0.802,0.748,-0.632,0.822,0.158,0.804,-0.52,0.872,0.639,0.771,0.376,0.847,0.809,0.386,-0.439,0.876,0.787,0.338,0.781,0.5,0.704,0.759,0.646,0.911,0.684,0.532,-0.59,0.872,0.718,0.806,0.844,0.627,0.719,0.707,0.229,0.857,0.854,0.763,-0.368,0.857,-0.706,0.035,0.819,0.417,0.298,0.564,-0.561,0.898,0.838,0.773,-0.03,0.783,0.817,0.658,0.288,0.655,0.844,-0.585,0.801,0.342,0.458,0.33,-0.329,0.872,0.858,0.785,-0.641,0.796,0.12,0.229,0.268,0.887,0.693,-0.495,0.79,0.362,0.396,0.709,0.248,0.846,0.846,0.812,0.712,0.836,0.822,0.865,0.762,0.591,0.731,-0.655,0.742,0.588,0.444,0.675,0.822,0.527,0.249,0.889,0.827,0.855,0.745,-0.262,0.885,-0.047,0.109,0.676
AKAM,0.696,0.219,0.86,0.0,0.921,0.673,0.935,0.962,0.775,0.851,-0.88,0.915,0.586,0.8,0.912,0.784,0.86,-0.67,0.926,0.942,0.714,0.379,0.504,-0.865,0.784,0.473,0.677,-0.858,0.467,0.936,0.665,0.026,0.872,0.938,-0.731,0.157,0.909,0.148,0.844,-0.732,0.863,0.898,0.918,0.853,-0.543,-0.549,-0.189,0.918,-0.719,0.712,-0.479,0.951,0.86,0.957,0.154,0.845,0.858,0.83,-0.858,-0.515,0.876,0.296,-0.838,0.591,-0.637,0.874,0.741,-0.265,0.901,0.584,0.538,-0.722,0.807,0.164,0.722,0.745,0.909,0.831,-0.851,0.89,0.481,-0.839,0.912,-0.57,0.806,0.367,0.94,0.855,0.951,-0.177,0.873,0.947,0.942,0.831,0.818,0.928,-0.774,0.838,0.025,0.936,-0.394,0.884,0.607,0.819,0.403,0.941,0.774,0.238,-0.473,0.955,0.917,0.319,0.911,0.536,0.642,0.849,0.634,0.933,0.654,0.52,-0.489,0.814,0.485,0.857,0.898,0.733,0.887,0.706,0.134,0.866,0.934,0.804,-0.281,0.979,-0.837,-0.158,0.933,0.482,0.46,0.351,-0.633,0.95,0.931,0.923,-0.172,0.587,0.969,0.446,0.075,0.448,0.821,-0.535,0.832,0.088,0.315,0.153,-0.635,0.938,0.885,0.8,-0.828,0.753,-0.108,-0.06,0.102,0.948,0.844,-0.649,0.86,0.413,0.523,0.715,0.034,0.899,0.79,0.855,0.781,0.832,0.929,0.836,0.939,0.712,0.67,-0.791,0.718,0.464,0.387,0.845,0.807,0.518,0.111,0.953,0.948,0.89,0.87,-0.471,0.807,-0.242,0.254,0.804
AKRO,0.72,0.2,0.874,0.921,0.0,0.519,0.816,0.851,0.829,0.758,-0.749,0.888,0.645,0.796,0.906,0.804,0.862,-0.477,0.853,0.943,0.717,0.49,0.533,-0.76,0.639,0.435,0.661,-0.704,0.416,0.863,0.669,0.132,0.876,0.869,-0.516,0.245,0.839,0.324,0.787,-0.538,0.782,0.946,0.929,0.832,-0.638,-0.497,0.078,0.875,-0.627,0.64,-0.268,0.916,0.867,0.904,0.113,0.801,0.854,0.84,-0.8,-0.505,0.851,0.456,-0.741,0.666,-0.516,0.792,0.79,-0.091,0.871,0.697,0.649,-0.73,0.842,0.08,0.734,0.787,0.86,0.853,-0.785,0.861,0.467,-0.711,0.857,-0.386,0.77,0.512,0.941,0.849,0.897,-0.138,0.856,0.82,0.866,0.826,0.826,0.861,-0.602,0.83,0.151,0.838,-0.419,0.942,0.601,0.725,0.349,0.893,0.83,0.398,-0.424,0.902,0.82,0.27,0.804,0.496,0.779,0.784,0.808,0.873,0.694,0.488,-0.469,0.812,0.632,0.894,0.924,0.666,0.776,0.713,0.37,0.854,0.904,0.772,-0.304,0.906,-0.769,-0.013,0.876,0.562,0.313,0.527,-0.438,0.918,0.942,0.853,-0.169,0.75,0.888,0.495,0.322,0.642,0.862,-0.615,0.809,0.17,0.479,0.34,-0.446,0.891,0.851,0.746,-0.676,0.839,-0.066,0.14,0.329,0.901,0.664,-0.549,0.821,0.376,0.522,0.698,0.259,0.872,0.817,0.827,0.841,0.85,0.862,0.872,0.812,0.666,0.765,-0.702,0.758,0.612,0.228,0.748,0.819,0.612,0.198,0.919,0.912,0.894,0.761,-0.329,0.841,-0.018,0.188,0.816
ALRM,0.256,0.068,0.522,0.673,0.519,0.0,0.746,0.739,0.543,0.878,-0.641,0.696,0.554,0.368,0.51,0.727,0.692,-0.83,0.778,0.577,0.683,0.423,0.572,-0.892,0.921,-0.108,0.232,-0.644,0.821,0.74,0.704,-0.505,0.637,0.679,-0.699,0.249,0.785,0.242,0.881,-0.573,0.778,0.673,0.547,0.782,-0.157,-0.773,-0.406,0.81,-0.328,0.395,-0.499,0.665,0.719,0.78,0.59,0.361,0.643,0.724,-0.397,-0.016,0.585,0.272,-0.718,0.646,-0.217,0.791,0.632,-0.663,0.64,0.588,0.178,-0.168,0.523,-0.219,0.495,0.468,0.827,0.647,-0.375,0.478,0.386,-0.469,0.678,-0.566,0.82,-0.19,0.595,0.666,0.668,-0.238,0.774,0.826,0.508,0.59,0.434,0.76,-0.723,0.308,-0.507,0.616,0.262,0.436,0.746,0.361,0.8,0.777,0.362,-0.061,-0.181,0.668,0.865,0.768,0.853,0.791,0.104,0.891,0.335,0.599,0.674,0.056,-0.306,0.273,0.047,0.611,0.614,0.848,0.892,0.679,-0.271,0.717,0.751,0.765,0.211,0.686,-0.566,-0.662,0.8,0.583,0.578,-0.199,-0.401,0.653,0.663,0.807,-0.406,0.21,0.762,0.006,-0.081,0.097,0.345,0.088,0.747,0.278,0.237,-0.165,-0.698,0.693,0.741,0.3,-0.618,0.441,0.136,-0.433,-0.195,0.544,0.854,-0.33,0.71,0.692,0.736,0.689,-0.047,0.651,0.664,0.776,0.729,0.75,0.805,0.597,0.749,0.775,0.49,-0.569,0.694,-0.017,0.43,0.744,0.646,-0.09,0.264,0.709,0.785,0.724,0.642,-0.33,0.379,-0.343,0.602,0.263
AMAT,0.59,0.264,0.814,0.935,0.816,0.746,0.0,0.952,0.645,0.844,-0.843,0.899,0.526,0.748,0.858,0.734,0.762,-0.718,0.922,0.849,0.715,0.366,0.488,-0.871,0.87,0.406,0.646,-0.856,0.521,0.915,0.667,-0.119,0.821,0.912,-0.767,0.164,0.858,0.059,0.816,-0.755,0.881,0.795,0.845,0.776,-0.418,-0.539,-0.312,0.905,-0.638,0.622,-0.495,0.902,0.78,0.884,0.202,0.779,0.817,0.793,-0.778,-0.467,0.835,0.225,-0.798,0.532,-0.649,0.871,0.7,-0.351,0.871,0.47,0.417,-0.66,0.766,0.12,0.689,0.69,0.874,0.78,-0.796,0.836,0.493,-0.813,0.882,-0.634,0.809,0.244,0.864,0.84,0.931,-0.149,0.822,0.939,0.865,0.795,0.739,0.869,-0.819,0.761,-0.068,0.907,-0.348,0.769,0.61,0.819,0.519,0.897,0.707,0.145,-0.422,0.928,0.909,0.387,0.921,0.55,0.481,0.843,0.476,0.895,0.673,0.534,-0.537,0.777,0.397,0.759,0.798,0.725,0.906,0.681,-0.083,0.83,0.874,0.784,-0.235,0.931,-0.797,-0.235,0.898,0.374,0.518,0.189,-0.716,0.912,0.815,0.876,-0.103,0.497,0.921,0.444,0.007,0.381,0.72,-0.41,0.804,0.187,0.234,0.027,-0.672,0.911,0.862,0.765,-0.84,0.683,-0.099,-0.165,0.01,0.896,0.91,-0.57,0.832,0.482,0.461,0.662,-0.051,0.855,0.751,0.865,0.698,0.801,0.913,0.771,0.925,0.689,0.604,-0.778,0.681,0.398,0.529,0.827,0.766,0.371,0.098,0.906,0.892,0.835,0.876,-0.494,0.753,-0.337,0.299,0.686
AMED,0.606,0.185,0.787,0.962,0.851,0.739,0.952,0.0,0.688,0.877,-0.886,0.879,0.52,0.749,0.848,0.753,0.78,-0.736,0.94,0.892,0.667,0.335,0.501,-0.883,0.825,0.398,0.583,-0.882,0.537,0.912,0.629,-0.082,0.831,0.925,-0.795,0.105,0.889,0.101,0.849,-0.811,0.854,0.847,0.852,0.823,-0.5,-0.588,-0.342,0.902,-0.664,0.605,-0.55,0.9,0.834,0.928,0.193,0.81,0.802,0.784,-0.798,-0.474,0.83,0.252,-0.836,0.544,-0.607,0.868,0.682,-0.412,0.861,0.539,0.434,-0.653,0.731,0.167,0.64,0.688,0.896,0.768,-0.821,0.818,0.449,-0.861,0.885,-0.641,0.825,0.217,0.87,0.8,0.914,-0.2,0.829,0.956,0.881,0.767,0.716,0.917,-0.835,0.751,-0.095,0.925,-0.301,0.795,0.597,0.78,0.485,0.921,0.703,0.095,-0.422,0.935,0.924,0.343,0.928,0.536,0.506,0.841,0.54,0.886,0.643,0.466,-0.471,0.754,0.359,0.78,0.822,0.748,0.914,0.658,-0.029,0.817,0.897,0.75,-0.237,0.953,-0.82,-0.271,0.915,0.42,0.501,0.182,-0.659,0.905,0.886,0.9,-0.204,0.446,0.962,0.336,-0.019,0.33,0.714,-0.425,0.789,0.076,0.206,-0.017,-0.694,0.919,0.845,0.729,-0.883,0.682,-0.103,-0.216,-0.022,0.892,0.899,-0.617,0.817,0.447,0.517,0.661,-0.083,0.848,0.729,0.842,0.75,0.791,0.913,0.753,0.958,0.741,0.605,-0.761,0.662,0.363,0.449,0.829,0.74,0.387,0.024,0.92,0.914,0.841,0.887,-0.555,0.719,-0.337,0.282,0.759
AMRN,0.593,0.179,0.684,0.775,0.829,0.543,0.645,0.688,0.0,0.717,-0.65,0.759,0.686,0.581,0.664,0.773,0.846,-0.497,0.686,0.795,0.647,0.439,0.443,-0.689,0.612,0.27,0.514,-0.517,0.392,0.741,0.649,0.029,0.814,0.674,-0.475,0.403,0.825,0.361,0.762,-0.35,0.753,0.854,0.765,0.802,-0.385,-0.553,0.152,0.794,-0.618,0.588,-0.283,0.779,0.803,0.833,0.208,0.593,0.762,0.768,-0.618,-0.265,0.766,0.528,-0.669,0.692,-0.329,0.716,0.73,-0.091,0.7,0.715,0.48,-0.478,0.712,-0.077,0.679,0.648,0.772,0.769,-0.569,0.72,0.493,-0.492,0.704,-0.242,0.661,0.351,0.785,0.747,0.729,-0.013,0.822,0.697,0.724,0.789,0.752,0.811,-0.453,0.62,0.056,0.67,-0.139,0.782,0.521,0.519,0.37,0.776,0.571,0.49,-0.471,0.689,0.742,0.408,0.691,0.61,0.619,0.766,0.761,0.676,0.578,0.273,-0.216,0.516,0.433,0.758,0.791,0.663,0.698,0.641,0.463,0.777,0.787,0.735,-0.06,0.756,-0.699,-0.08,0.81,0.657,0.467,0.408,-0.278,0.744,0.809,0.802,-0.27,0.623,0.799,0.292,0.261,0.467,0.661,-0.427,0.759,0.193,0.499,0.334,-0.46,0.715,0.747,0.544,-0.525,0.659,0.005,0.025,0.293,0.72,0.557,-0.484,0.778,0.445,0.639,0.759,0.294,0.753,0.749,0.719,0.779,0.743,0.78,0.766,0.712,0.605,0.668,-0.541,0.743,0.384,0.006,0.802,0.76,0.533,0.348,0.774,0.85,0.82,0.582,-0.221,0.631,0.085,0.417,0.684
ANGI,0.475,0.144,0.684,0.851,0.758,0.878,0.844,0.877,0.717,0.0,-0.782,0.849,0.635,0.61,0.71,0.89,0.825,-0.785,0.918,0.808,0.764,0.522,0.633,-0.938,0.907,0.067,0.37,-0.716,0.791,0.843,0.762,-0.387,0.809,0.825,-0.686,0.324,0.924,0.303,0.963,-0.654,0.846,0.86,0.775,0.915,-0.381,-0.757,-0.25,0.921,-0.461,0.554,-0.427,0.813,0.899,0.911,0.439,0.561,0.789,0.855,-0.547,-0.272,0.747,0.46,-0.784,0.763,-0.322,0.884,0.755,-0.584,0.807,0.733,0.411,-0.448,0.721,-0.151,0.631,0.685,0.937,0.821,-0.608,0.649,0.389,-0.616,0.853,-0.548,0.922,0.068,0.772,0.798,0.823,-0.311,0.892,0.893,0.681,0.751,0.586,0.907,-0.735,0.511,-0.334,0.754,0.05,0.695,0.789,0.571,0.739,0.915,0.608,0.074,-0.241,0.842,0.956,0.652,0.943,0.766,0.382,0.931,0.563,0.76,0.775,0.231,-0.331,0.514,0.239,0.772,0.782,0.908,0.957,0.729,-0.083,0.848,0.884,0.825,-0.027,0.844,-0.732,-0.503,0.933,0.6,0.518,0.006,-0.421,0.819,0.849,0.928,-0.361,0.428,0.905,0.172,0.108,0.29,0.547,-0.217,0.851,0.267,0.394,0.016,-0.648,0.852,0.837,0.461,-0.716,0.682,0.049,-0.268,0.045,0.737,0.892,-0.401,0.825,0.691,0.713,0.731,0.064,0.815,0.792,0.887,0.874,0.856,0.911,0.767,0.861,0.857,0.636,-0.687,0.783,0.238,0.349,0.816,0.783,0.151,0.219,0.874,0.919,0.872,0.801,-0.379,0.585,-0.209,0.532,0.515
APA,-0.445,-0.169,-0.689,-0.88,-0.749,-0.641,-0.843,-0.886,-0.65,-0.782,0.0,-0.746,-0.309,-0.646,-0.721,-0.635,-0.737,0.753,-0.82,-0.819,-0.446,-0.151,-0.353,0.807,-0.691,-0.401,-0.442,0.881,-0.382,-0.78,-0.435,0.067,-0.721,-0.838,0.874,-0.027,-0.796,0.048,-0.762,0.856,-0.686,-0.781,-0.73,-0.728,0.61,0.613,0.471,-0.754,0.799,-0.506,0.684,-0.775,-0.735,-0.844,-0.096,-0.827,-0.625,-0.612,0.712,0.529,-0.649,-0.084,0.864,-0.435,0.573,-0.719,-0.492,0.381,-0.719,-0.502,-0.285,0.594,-0.564,-0.222,-0.432,-0.559,-0.789,-0.632,0.775,-0.69,-0.25,0.888,-0.759,0.791,-0.699,-0.063,-0.745,-0.651,-0.792,0.247,-0.685,-0.85,-0.787,-0.607,-0.606,-0.894,0.888,-0.619,0.23,-0.883,0.273,-0.73,-0.461,-0.691,-0.298,-0.852,-0.554,0.039,0.486,-0.822,-0.844,-0.228,-0.858,-0.416,-0.414,-0.749,-0.383,-0.759,-0.436,-0.273,0.394,-0.655,-0.138,-0.627,-0.673,-0.601,-0.825,-0.494,-0.067,-0.655,-0.76,-0.58,0.268,-0.84,0.915,0.266,-0.817,-0.334,-0.457,-0.111,0.618,-0.769,-0.802,-0.777,0.253,-0.3,-0.907,-0.209,0.249,-0.199,-0.569,0.505,-0.623,0.139,-0.049,0.119,0.681,-0.849,-0.679,-0.6,0.923,-0.53,0.094,0.345,0.094,-0.79,-0.802,0.743,-0.661,-0.357,-0.442,-0.555,0.314,-0.674,-0.594,-0.675,-0.631,-0.635,-0.776,-0.589,-0.895,-0.567,-0.467,0.792,-0.466,-0.132,-0.329,-0.774,-0.542,-0.461,0.203,-0.836,-0.823,-0.695,-0.802,0.711,-0.535,0.443,-0.21,-0.686
APOG,0.643,0.33,0.901,0.915,0.888,0.696,0.899,0.879,0.759,0.849,-0.746,0.0,0.681,0.83,0.908,0.891,0.832,-0.606,0.9,0.873,0.868,0.628,0.526,-0.849,0.853,0.377,0.668,-0.746,0.568,0.913,0.845,-0.195,0.902,0.902,-0.559,0.401,0.894,0.176,0.859,-0.571,0.902,0.88,0.951,0.861,-0.452,-0.595,-0.05,0.943,-0.523,0.687,-0.224,0.94,0.867,0.911,0.219,0.707,0.937,0.931,-0.708,-0.513,0.887,0.487,-0.726,0.747,-0.557,0.929,0.847,-0.284,0.96,0.621,0.632,-0.748,0.926,-0.099,0.856,0.854,0.919,0.914,-0.777,0.854,0.51,-0.663,0.928,-0.457,0.871,0.458,0.935,0.958,0.976,-0.197,0.938,0.888,0.836,0.903,0.771,0.87,-0.684,0.767,0.022,0.818,-0.353,0.87,0.728,0.782,0.594,0.93,0.815,0.328,-0.335,0.949,0.909,0.496,0.911,0.648,0.635,0.87,0.678,0.927,0.804,0.543,-0.511,0.808,0.601,0.856,0.88,0.821,0.87,0.786,0.093,0.953,0.918,0.885,-0.306,0.924,-0.768,-0.186,0.943,0.521,0.429,0.339,-0.503,0.958,0.883,0.91,-0.093,0.707,0.906,0.552,0.307,0.613,0.804,-0.507,0.923,0.369,0.54,0.277,-0.489,0.946,0.915,0.723,-0.696,0.879,-0.052,0.086,0.307,0.928,0.844,-0.413,0.928,0.601,0.489,0.706,0.229,0.947,0.877,0.912,0.833,0.917,0.956,0.926,0.843,0.768,0.746,-0.734,0.852,0.594,0.431,0.814,0.921,0.384,0.272,0.961,0.926,0.949,0.868,-0.304,0.885,-0.033,0.372,0.683
APPS,0.585,0.18,0.588,0.586,0.645,0.554,0.526,0.52,0.686,0.635,-0.309,0.681,0.0,0.507,0.595,0.749,0.709,-0.273,0.602,0.607,0.812,0.624,0.557,-0.584,0.64,0.051,0.564,-0.254,0.5,0.668,0.809,-0.108,0.716,0.484,-0.183,0.501,0.658,0.459,0.671,-0.055,0.748,0.667,0.666,0.673,-0.036,-0.391,0.376,0.759,-0.137,0.518,0.063,0.702,0.666,0.684,0.358,0.314,0.791,0.818,-0.47,-0.04,0.728,0.598,-0.409,0.727,-0.242,0.723,0.848,-0.1,0.645,0.593,0.51,-0.331,0.754,-0.268,0.807,0.657,0.7,0.735,-0.345,0.642,0.656,-0.171,0.627,-0.01,0.638,0.404,0.704,0.752,0.655,0.041,0.8,0.566,0.565,0.822,0.713,0.569,-0.217,0.542,0.194,0.425,-0.003,0.636,0.628,0.401,0.531,0.609,0.594,0.578,-0.211,0.566,0.59,0.585,0.557,0.672,0.545,0.703,0.737,0.6,0.694,0.368,-0.288,0.375,0.511,0.736,0.744,0.676,0.614,0.744,0.263,0.809,0.728,0.773,0.105,0.606,-0.385,-0.093,0.693,0.631,0.411,0.394,-0.158,0.682,0.613,0.735,-0.073,0.7,0.588,0.403,0.532,0.586,0.618,-0.129,0.814,0.468,0.704,0.487,-0.291,0.582,0.769,0.478,-0.226,0.681,0.005,0.245,0.416,0.6,0.485,-0.116,0.792,0.531,0.618,0.726,0.612,0.761,0.771,0.753,0.708,0.765,0.731,0.757,0.53,0.644,0.693,-0.361,0.845,0.492,0.167,0.652,0.843,0.225,0.683,0.625,0.715,0.791,0.454,0.151,0.656,0.223,0.53,0.459
ARCB,0.61,0.291,0.713,0.8,0.796,0.368,0.748,0.749,0.581,0.61,-0.646,0.83,0.507,0.0,0.862,0.721,0.6,-0.305,0.675,0.737,0.678,0.548,0.339,-0.591,0.587,0.607,0.745,-0.617,0.314,0.759,0.64,-0.007,0.758,0.732,-0.368,0.21,0.706,0.007,0.604,-0.533,0.675,0.732,0.909,0.671,-0.525,-0.362,-0.014,0.723,-0.428,0.626,-0.066,0.792,0.702,0.741,-0.224,0.699,0.836,0.755,-0.709,-0.743,0.819,0.398,-0.507,0.564,-0.495,0.817,0.661,-0.151,0.867,0.458,0.555,-0.866,0.815,0.007,0.751,0.916,0.716,0.785,-0.895,0.762,0.487,-0.647,0.793,-0.327,0.629,0.643,0.841,0.788,0.873,-0.179,0.734,0.709,0.805,0.787,0.672,0.692,-0.506,0.8,0.262,0.735,-0.555,0.805,0.439,0.794,0.262,0.765,0.788,0.273,-0.301,0.837,0.684,0.112,0.724,0.314,0.694,0.578,0.622,0.845,0.541,0.653,-0.517,0.811,0.608,0.762,0.786,0.576,0.645,0.643,0.157,0.786,0.742,0.682,-0.523,0.816,-0.681,-0.017,0.753,0.31,0.2,0.392,-0.388,0.837,0.747,0.728,0.16,0.597,0.752,0.578,0.312,0.616,0.827,-0.702,0.743,0.056,0.465,0.388,-0.413,0.834,0.706,0.735,-0.625,0.861,-0.472,0.233,0.485,0.892,0.665,-0.337,0.799,0.345,0.156,0.361,0.2,0.852,0.64,0.679,0.644,0.728,0.776,0.773,0.685,0.552,0.566,-0.678,0.647,0.733,0.341,0.651,0.763,0.485,0.049,0.837,0.727,0.792,0.846,-0.316,0.875,-0.033,0.156,0.742
ARCC,0.723,0.284,0.927,0.912,0.906,0.51,0.858,0.848,0.664,0.71,-0.721,0.908,0.595,0.862,0.0,0.74,0.78,-0.483,0.835,0.892,0.774,0.51,0.478,-0.74,0.679,0.537,0.793,-0.725,0.371,0.901,0.71,0.11,0.816,0.879,-0.502,0.166,0.775,0.122,0.713,-0.571,0.787,0.834,0.948,0.748,-0.558,-0.407,0.006,0.853,-0.556,0.722,-0.225,0.945,0.769,0.855,0.096,0.781,0.889,0.841,-0.843,-0.583,0.869,0.303,-0.68,0.601,-0.646,0.82,0.788,-0.063,0.926,0.517,0.688,-0.823,0.893,0.136,0.806,0.818,0.846,0.847,-0.82,0.921,0.492,-0.732,0.886,-0.454,0.735,0.594,0.966,0.884,0.947,-0.151,0.834,0.836,0.897,0.821,0.832,0.77,-0.618,0.909,0.219,0.865,-0.554,0.881,0.612,0.846,0.329,0.871,0.873,0.339,-0.413,0.926,0.802,0.251,0.811,0.462,0.791,0.735,0.688,0.962,0.664,0.629,-0.638,0.9,0.71,0.887,0.914,0.631,0.747,0.751,0.19,0.876,0.887,0.777,-0.392,0.921,-0.711,0.011,0.843,0.442,0.268,0.554,-0.544,0.951,0.874,0.829,-0.015,0.736,0.854,0.666,0.285,0.656,0.934,-0.639,0.83,0.173,0.442,0.374,-0.411,0.903,0.885,0.853,-0.692,0.846,-0.096,0.211,0.307,0.957,0.737,-0.486,0.83,0.3,0.365,0.641,0.244,0.923,0.832,0.816,0.733,0.847,0.863,0.885,0.793,0.639,0.729,-0.705,0.746,0.675,0.45,0.694,0.843,0.573,0.203,0.911,0.852,0.884,0.828,-0.312,0.929,-0.099,0.125,0.756
ARVN,0.508,0.225,0.731,0.784,0.804,0.727,0.734,0.753,0.773,0.89,-0.635,0.891,0.749,0.721,0.74,0.0,0.847,-0.548,0.829,0.773,0.885,0.765,0.65,-0.823,0.833,0.101,0.441,-0.562,0.745,0.795,0.905,-0.383,0.858,0.752,-0.406,0.543,0.889,0.408,0.917,-0.41,0.825,0.89,0.865,0.927,-0.397,-0.734,0.067,0.9,-0.314,0.611,-0.08,0.814,0.924,0.874,0.351,0.475,0.89,0.945,-0.484,-0.353,0.785,0.676,-0.645,0.93,-0.243,0.9,0.87,-0.427,0.873,0.833,0.593,-0.558,0.872,-0.361,0.785,0.866,0.915,0.936,-0.591,0.648,0.45,-0.42,0.867,-0.32,0.904,0.332,0.815,0.884,0.838,-0.291,0.949,0.771,0.633,0.847,0.611,0.833,-0.535,0.544,-0.147,0.627,-0.026,0.778,0.827,0.549,0.713,0.893,0.715,0.318,-0.187,0.821,0.875,0.681,0.864,0.791,0.562,0.886,0.751,0.758,0.843,0.296,-0.33,0.543,0.463,0.846,0.84,0.916,0.848,0.809,0.154,0.927,0.878,0.892,-0.14,0.786,-0.685,-0.383,0.918,0.689,0.387,0.185,-0.173,0.827,0.837,0.9,-0.237,0.647,0.833,0.334,0.429,0.574,0.633,-0.348,0.93,0.425,0.715,0.335,-0.44,0.836,0.844,0.439,-0.519,0.876,-0.015,0.053,0.422,0.753,0.753,-0.191,0.897,0.748,0.655,0.7,0.383,0.88,0.874,0.888,0.932,0.928,0.901,0.89,0.716,0.838,0.732,-0.617,0.922,0.475,0.234,0.76,0.91,0.226,0.388,0.884,0.89,0.941,0.772,-0.162,0.728,0.079,0.547,0.497
ATEC,0.614,0.195,0.813,0.86,0.862,0.692,0.762,0.78,0.846,0.825,-0.737,0.832,0.709,0.6,0.78,0.847,0.0,-0.588,0.851,0.873,0.777,0.479,0.689,-0.843,0.744,0.174,0.553,-0.655,0.539,0.864,0.76,-0.042,0.835,0.801,-0.563,0.408,0.875,0.43,0.869,-0.461,0.813,0.909,0.813,0.886,-0.441,-0.644,0.057,0.888,-0.587,0.676,-0.336,0.883,0.889,0.915,0.401,0.62,0.82,0.861,-0.665,-0.234,0.759,0.407,-0.826,0.759,-0.42,0.796,0.84,-0.2,0.794,0.768,0.589,-0.477,0.814,-0.085,0.709,0.686,0.91,0.874,-0.562,0.777,0.472,-0.542,0.833,-0.447,0.818,0.284,0.866,0.857,0.821,-0.209,0.9,0.807,0.756,0.798,0.792,0.857,-0.6,0.669,-0.075,0.739,-0.131,0.822,0.737,0.583,0.464,0.891,0.721,0.419,-0.417,0.814,0.863,0.575,0.818,0.712,0.655,0.91,0.714,0.778,0.749,0.3,-0.377,0.572,0.476,0.867,0.877,0.786,0.843,0.8,0.281,0.87,0.926,0.855,0.0,0.825,-0.752,-0.21,0.884,0.726,0.409,0.402,-0.356,0.855,0.874,0.889,-0.327,0.696,0.876,0.397,0.243,0.526,0.709,-0.361,0.86,0.292,0.559,0.305,-0.482,0.811,0.884,0.585,-0.587,0.722,0.081,0.032,0.23,0.785,0.685,-0.492,0.84,0.516,0.774,0.852,0.277,0.838,0.877,0.885,0.851,0.873,0.874,0.853,0.781,0.698,0.793,-0.657,0.83,0.352,0.181,0.799,0.838,0.455,0.409,0.871,0.924,0.895,0.659,-0.197,0.697,-0.029,0.441,0.598
ATXS,-0.194,-0.078,-0.522,-0.67,-0.477,-0.83,-0.718,-0.736,-0.497,-0.785,0.753,-0.606,-0.273,-0.305,-0.483,-0.548,-0.588,0.0,-0.729,-0.579,-0.423,-0.188,-0.333,0.83,-0.781,-0.087,-0.146,0.745,-0.599,-0.641,-0.467,0.38,-0.486,-0.682,0.829,-0.035,-0.711,0.07,-0.746,0.707,-0.642,-0.599,-0.469,-0.655,0.309,0.708,0.585,-0.685,0.563,-0.342,0.713,-0.578,-0.607,-0.706,-0.435,-0.48,-0.477,-0.528,0.417,0.207,-0.494,-0.108,0.78,-0.447,0.351,-0.632,-0.366,0.592,-0.552,-0.422,-0.046,0.248,-0.383,0.015,-0.333,-0.325,-0.696,-0.497,0.429,-0.467,-0.223,0.642,-0.604,0.72,-0.693,0.228,-0.51,-0.539,-0.601,0.156,-0.608,-0.78,-0.531,-0.454,-0.351,-0.756,0.82,-0.293,0.535,-0.683,-0.073,-0.414,-0.553,-0.417,-0.611,-0.724,-0.238,0.192,0.334,-0.619,-0.8,-0.504,-0.802,-0.571,-0.033,-0.757,-0.167,-0.581,-0.468,-0.021,0.269,-0.366,0.059,-0.433,-0.466,-0.67,-0.784,-0.444,0.24,-0.551,-0.631,-0.548,-0.014,-0.643,0.639,0.531,-0.713,-0.345,-0.499,0.228,0.575,-0.564,-0.61,-0.672,0.333,-0.077,-0.751,0.026,0.309,0.054,-0.266,0.102,-0.542,-0.082,0.044,0.318,0.669,-0.675,-0.579,-0.342,0.758,-0.276,-0.218,0.542,0.346,-0.524,-0.815,0.515,-0.538,-0.505,-0.501,-0.574,0.352,-0.5,-0.523,-0.6,-0.557,-0.564,-0.677,-0.43,-0.757,-0.617,-0.329,0.556,-0.439,0.153,-0.427,-0.676,-0.434,-0.046,0.08,-0.663,-0.697,-0.57,-0.632,0.565,-0.281,0.499,-0.368,-0.323
AVAV,0.59,0.269,0.83,0.926,0.853,0.778,0.922,0.94,0.686,0.918,-0.82,0.9,0.602,0.675,0.835,0.829,0.851,-0.729,0.0,0.9,0.771,0.463,0.624,-0.916,0.863,0.244,0.53,-0.813,0.623,0.904,0.735,-0.169,0.845,0.907,-0.71,0.292,0.889,0.242,0.897,-0.702,0.876,0.862,0.844,0.857,-0.456,-0.625,-0.202,0.934,-0.573,0.622,-0.438,0.903,0.861,0.919,0.363,0.721,0.823,0.848,-0.707,-0.356,0.794,0.346,-0.84,0.663,-0.555,0.868,0.779,-0.394,0.873,0.628,0.524,-0.587,0.797,0.014,0.688,0.691,0.932,0.831,-0.708,0.799,0.423,-0.728,0.933,-0.61,0.892,0.205,0.862,0.855,0.903,-0.255,0.877,0.921,0.801,0.783,0.724,0.899,-0.791,0.7,-0.144,0.846,-0.208,0.803,0.751,0.726,0.604,0.929,0.745,0.18,-0.352,0.927,0.935,0.516,0.927,0.659,0.524,0.898,0.588,0.856,0.763,0.428,-0.462,0.722,0.396,0.808,0.831,0.821,0.935,0.71,-0.025,0.863,0.923,0.807,-0.141,0.912,-0.773,-0.297,0.934,0.53,0.48,0.21,-0.573,0.911,0.883,0.913,-0.24,0.563,0.928,0.403,0.13,0.428,0.678,-0.345,0.841,0.304,0.36,0.055,-0.576,0.909,0.887,0.66,-0.772,0.723,0.072,-0.134,0.05,0.854,0.88,-0.522,0.835,0.558,0.614,0.77,0.052,0.859,0.829,0.919,0.81,0.853,0.927,0.802,0.908,0.804,0.702,-0.727,0.76,0.367,0.438,0.803,0.806,0.334,0.185,0.918,0.93,0.875,0.819,-0.407,0.722,-0.233,0.377,0.652
AXON,0.701,0.234,0.874,0.942,0.943,0.577,0.849,0.892,0.795,0.808,-0.819,0.873,0.607,0.737,0.892,0.773,0.873,-0.579,0.9,0.0,0.687,0.402,0.533,-0.812,0.684,0.402,0.643,-0.737,0.403,0.88,0.65,0.107,0.876,0.871,-0.623,0.225,0.848,0.217,0.808,-0.627,0.804,0.901,0.891,0.817,-0.577,-0.507,-0.006,0.889,-0.676,0.654,-0.404,0.925,0.836,0.914,0.197,0.807,0.821,0.819,-0.811,-0.454,0.846,0.354,-0.812,0.618,-0.587,0.797,0.78,-0.122,0.843,0.634,0.585,-0.676,0.811,0.116,0.712,0.716,0.877,0.828,-0.758,0.879,0.456,-0.767,0.869,-0.509,0.762,0.407,0.919,0.838,0.891,-0.164,0.844,0.854,0.879,0.802,0.84,0.886,-0.671,0.815,0.1,0.876,-0.367,0.898,0.605,0.794,0.363,0.895,0.788,0.342,-0.487,0.896,0.849,0.302,0.831,0.528,0.726,0.81,0.718,0.864,0.651,0.453,-0.455,0.784,0.523,0.837,0.877,0.681,0.83,0.696,0.278,0.841,0.9,0.735,-0.225,0.912,-0.78,-0.036,0.884,0.525,0.389,0.458,-0.532,0.915,0.913,0.881,-0.187,0.69,0.922,0.48,0.208,0.553,0.807,-0.56,0.793,0.154,0.387,0.226,-0.496,0.885,0.866,0.746,-0.757,0.756,0.007,0.004,0.217,0.891,0.722,-0.635,0.81,0.367,0.558,0.75,0.155,0.85,0.824,0.842,0.784,0.819,0.872,0.821,0.882,0.689,0.724,-0.703,0.716,0.479,0.295,0.804,0.785,0.612,0.171,0.906,0.924,0.874,0.752,-0.402,0.791,-0.128,0.251,0.813
BANF,0.564,0.3,0.749,0.714,0.717,0.683,0.715,0.667,0.647,0.764,-0.446,0.868,0.812,0.678,0.774,0.885,0.777,-0.423,0.771,0.687,0.0,0.791,0.666,-0.74,0.816,0.107,0.613,-0.465,0.657,0.823,0.95,-0.268,0.774,0.679,-0.281,0.578,0.77,0.418,0.8,-0.258,0.856,0.741,0.824,0.786,-0.159,-0.521,0.214,0.866,-0.167,0.665,0.065,0.829,0.781,0.773,0.41,0.386,0.926,0.955,-0.514,-0.203,0.784,0.559,-0.532,0.826,-0.332,0.88,0.936,-0.253,0.849,0.635,0.643,-0.504,0.918,-0.329,0.903,0.795,0.854,0.911,-0.501,0.727,0.567,-0.295,0.841,-0.216,0.818,0.434,0.824,0.915,0.833,-0.203,0.923,0.715,0.63,0.851,0.698,0.664,-0.399,0.629,0.046,0.562,-0.126,0.679,0.825,0.587,0.689,0.781,0.757,0.457,-0.167,0.768,0.777,0.715,0.758,0.782,0.605,0.824,0.7,0.773,0.842,0.474,-0.492,0.563,0.616,0.846,0.834,0.838,0.765,0.87,0.045,0.941,0.848,0.916,-0.022,0.745,-0.491,-0.238,0.829,0.692,0.351,0.337,-0.224,0.846,0.726,0.841,-0.136,0.73,0.717,0.577,0.533,0.671,0.713,-0.237,0.95,0.578,0.765,0.45,-0.33,0.757,0.897,0.56,-0.37,0.831,0.02,0.237,0.422,0.755,0.708,-0.091,0.914,0.638,0.589,0.744,0.521,0.914,0.909,0.902,0.805,0.911,0.879,0.91,0.621,0.787,0.778,-0.52,0.965,0.606,0.362,0.682,0.968,0.199,0.623,0.796,0.804,0.915,0.676,0.07,0.802,0.149,0.535,0.427
BATRK,0.252,0.239,0.499,0.379,0.49,0.423,0.366,0.335,0.439,0.522,-0.151,0.628,0.624,0.548,0.51,0.765,0.479,-0.188,0.463,0.402,0.791,0.0,0.496,-0.481,0.545,-0.059,0.325,-0.134,0.589,0.477,0.827,-0.419,0.542,0.382,0.115,0.612,0.497,0.379,0.576,0.018,0.51,0.556,0.608,0.59,-0.191,-0.486,0.319,0.578,0.152,0.425,0.393,0.515,0.589,0.48,0.263,0.069,0.701,0.746,-0.107,-0.2,0.511,0.682,-0.208,0.845,0.055,0.634,0.706,-0.206,0.655,0.639,0.555,-0.397,0.719,-0.571,0.698,0.735,0.6,0.753,-0.285,0.375,0.35,0.029,0.592,0.041,0.631,0.47,0.547,0.682,0.545,-0.226,0.679,0.371,0.266,0.595,0.334,0.392,-0.09,0.29,-0.021,0.233,0.009,0.469,0.726,0.296,0.638,0.544,0.545,0.316,0.079,0.495,0.507,0.623,0.516,0.619,0.465,0.56,0.621,0.487,0.691,0.192,-0.38,0.34,0.576,0.627,0.586,0.659,0.463,0.653,0.114,0.706,0.537,0.688,-0.112,0.412,-0.209,-0.291,0.575,0.6,0.067,0.189,0.166,0.538,0.487,0.547,-0.073,0.617,0.417,0.387,0.736,0.662,0.472,-0.222,0.712,0.598,0.8,0.542,-0.064,0.547,0.601,0.186,-0.071,0.758,0.058,0.364,0.635,0.458,0.423,0.241,0.638,0.653,0.361,0.417,0.634,0.644,0.681,0.617,0.697,0.737,0.586,0.717,0.27,0.684,0.591,-0.263,0.805,0.564,0.154,0.371,0.747,0.042,0.493,0.562,0.519,0.694,0.449,0.231,0.613,0.354,0.422,0.142
BIDU,0.324,0.004,0.423,0.504,0.533,0.572,0.488,0.501,0.443,0.633,-0.353,0.526,0.557,0.339,0.478,0.65,0.689,-0.333,0.624,0.533,0.666,0.496,0.0,-0.612,0.535,-0.201,0.232,-0.342,0.641,0.599,0.605,-0.134,0.533,0.502,-0.206,0.444,0.607,0.698,0.671,-0.308,0.524,0.598,0.483,0.678,-0.193,-0.471,0.118,0.603,-0.069,0.509,-0.051,0.54,0.724,0.592,0.519,0.187,0.543,0.633,-0.286,0.09,0.425,0.42,-0.524,0.613,-0.004,0.541,0.706,-0.358,0.508,0.695,0.509,-0.105,0.568,-0.171,0.434,0.452,0.686,0.665,-0.229,0.394,0.266,-0.179,0.592,-0.184,0.645,0.081,0.529,0.563,0.483,-0.513,0.617,0.525,0.358,0.437,0.44,0.475,-0.265,0.339,-0.216,0.352,0.172,0.409,0.746,0.24,0.503,0.602,0.584,0.187,-0.014,0.57,0.589,0.626,0.569,0.627,0.492,0.66,0.509,0.428,0.763,0.153,-0.282,0.207,0.329,0.684,0.632,0.685,0.631,0.691,-0.056,0.586,0.687,0.68,0.267,0.482,-0.337,-0.445,0.57,0.749,0.145,0.145,0.017,0.57,0.587,0.639,-0.451,0.444,0.532,0.195,0.393,0.353,0.387,0.06,0.622,0.344,0.549,0.195,-0.254,0.494,0.64,0.205,-0.231,0.51,0.056,0.054,0.15,0.414,0.451,-0.064,0.546,0.454,0.749,0.576,0.378,0.59,0.642,0.725,0.692,0.681,0.614,0.618,0.414,0.688,0.663,-0.344,0.672,0.247,0.083,0.386,0.598,0.044,0.493,0.547,0.616,0.615,0.4,0.062,0.427,0.102,0.47,0.202
BLNE,-0.443,-0.139,-0.748,-0.865,-0.76,-0.892,-0.871,-0.883,-0.689,-0.938,0.807,-0.849,-0.584,-0.591,-0.74,-0.823,-0.843,0.83,-0.916,-0.812,-0.74,-0.481,-0.612,0.0,-0.904,-0.119,-0.417,0.799,-0.722,-0.87,-0.745,0.308,-0.756,-0.862,0.735,-0.237,-0.896,-0.239,-0.93,0.682,-0.831,-0.855,-0.757,-0.886,0.446,0.774,0.325,-0.911,0.535,-0.546,0.508,-0.843,-0.86,-0.914,-0.421,-0.579,-0.778,-0.824,0.599,0.279,-0.72,-0.328,0.872,-0.71,0.394,-0.865,-0.714,0.524,-0.81,-0.697,-0.352,0.443,-0.698,0.107,-0.616,-0.637,-0.937,-0.807,0.617,-0.688,-0.4,0.668,-0.85,0.632,-0.904,-0.06,-0.799,-0.811,-0.835,0.276,-0.872,-0.914,-0.72,-0.712,-0.61,-0.886,0.801,-0.552,0.353,-0.804,0.048,-0.679,-0.769,-0.581,-0.688,-0.928,-0.599,-0.058,0.352,-0.844,-0.958,-0.63,-0.95,-0.72,-0.374,-0.945,-0.518,-0.791,-0.759,-0.195,0.448,-0.547,-0.288,-0.781,-0.792,-0.868,-0.955,-0.748,0.097,-0.834,-0.895,-0.834,0.02,-0.853,0.734,0.495,-0.913,-0.613,-0.452,-0.05,0.504,-0.83,-0.844,-0.896,0.378,-0.426,-0.918,-0.211,-0.03,-0.31,-0.583,0.236,-0.827,-0.259,-0.333,0.012,0.686,-0.877,-0.857,-0.51,0.754,-0.632,-0.074,0.265,0.047,-0.758,-0.902,0.503,-0.807,-0.621,-0.703,-0.741,0.007,-0.791,-0.782,-0.883,-0.836,-0.86,-0.898,-0.757,-0.868,-0.792,-0.644,0.713,-0.759,-0.21,-0.378,-0.811,-0.756,-0.193,-0.179,-0.889,-0.915,-0.857,-0.781,0.401,-0.6,0.307,-0.451,-0.498
BLNK,0.424,0.233,0.686,0.784,0.639,0.921,0.87,0.825,0.612,0.907,-0.691,0.853,0.64,0.587,0.679,0.833,0.744,-0.781,0.863,0.684,0.816,0.545,0.535,-0.904,0.0,0.106,0.441,-0.705,0.765,0.831,0.836,-0.491,0.762,0.78,-0.665,0.357,0.861,0.14,0.893,-0.579,0.896,0.731,0.733,0.822,-0.184,-0.705,-0.29,0.906,-0.379,0.536,-0.38,0.793,0.777,0.842,0.456,0.482,0.807,0.847,-0.517,-0.243,0.756,0.38,-0.72,0.715,-0.411,0.911,0.736,-0.558,0.811,0.559,0.319,-0.43,0.739,-0.242,0.713,0.668,0.883,0.794,-0.557,0.652,0.498,-0.538,0.822,-0.533,0.878,0.073,0.733,0.839,0.833,-0.184,0.877,0.876,0.656,0.782,0.573,0.817,-0.732,0.498,-0.303,0.708,0.008,0.603,0.757,0.598,0.81,0.854,0.546,0.132,-0.263,0.795,0.918,0.724,0.918,0.783,0.264,0.92,0.441,0.767,0.757,0.316,-0.387,0.507,0.253,0.694,0.71,0.895,0.927,0.747,-0.206,0.86,0.836,0.857,-0.017,0.796,-0.663,-0.501,0.894,0.496,0.582,-0.055,-0.513,0.796,0.713,0.875,-0.195,0.414,0.841,0.274,0.085,0.302,0.511,-0.126,0.872,0.409,0.389,0.011,-0.664,0.811,0.842,0.5,-0.665,0.64,0.036,-0.247,0.026,0.722,0.931,-0.301,0.857,0.739,0.606,0.705,0.072,0.81,0.781,0.882,0.751,0.839,0.907,0.751,0.816,0.795,0.571,-0.64,0.796,0.242,0.508,0.827,0.809,0.053,0.301,0.833,0.852,0.843,0.797,-0.314,0.615,-0.258,0.567,0.408
BTAI,0.519,0.242,0.454,0.473,0.435,-0.108,0.406,0.398,0.27,0.067,-0.401,0.377,0.051,0.607,0.537,0.101,0.174,-0.087,0.244,0.402,0.107,-0.059,-0.201,-0.119,0.106,0.0,0.632,-0.391,-0.301,0.335,0.08,0.425,0.347,0.43,-0.256,-0.213,0.238,-0.446,0.037,-0.372,0.266,0.255,0.497,0.133,-0.379,0.122,-0.073,0.241,-0.565,0.335,-0.153,0.402,0.145,0.314,-0.519,0.635,0.325,0.167,-0.638,-0.706,0.483,-0.047,-0.244,-0.063,-0.645,0.272,0.102,0.282,0.423,-0.104,0.255,-0.73,0.338,0.436,0.371,0.418,0.169,0.227,-0.681,0.558,0.266,-0.585,0.319,-0.171,0.042,0.611,0.453,0.31,0.469,0.142,0.203,0.378,0.634,0.397,0.482,0.293,-0.303,0.671,0.508,0.533,-0.805,0.511,-0.18,0.626,-0.309,0.306,0.413,0.201,-0.405,0.429,0.203,-0.453,0.243,-0.223,0.431,0.054,0.231,0.522,-0.061,0.66,-0.316,0.719,0.419,0.27,0.345,-0.02,0.124,0.079,0.236,0.255,0.281,0.148,-0.65,0.47,-0.447,0.441,0.266,-0.243,0.089,0.45,-0.551,0.412,0.319,0.227,0.42,0.288,0.349,0.48,-0.032,0.269,0.558,-0.701,0.183,-0.282,-0.084,0.194,-0.184,0.404,0.213,0.712,-0.442,0.344,-0.385,0.281,0.188,0.574,0.234,-0.424,0.293,-0.211,-0.33,0.023,-0.09,0.358,0.129,0.137,0.027,0.146,0.275,0.27,0.377,-0.02,0.117,-0.397,0.052,0.483,0.315,0.332,0.238,0.527,-0.231,0.402,0.278,0.266,0.488,-0.351,0.555,-0.247,-0.34,0.638
BYND,0.686,0.357,0.697,0.677,0.661,0.232,0.646,0.583,0.514,0.37,-0.442,0.668,0.564,0.745,0.793,0.441,0.553,-0.146,0.53,0.643,0.613,0.325,0.232,-0.417,0.441,0.632,0.0,-0.436,-0.024,0.709,0.535,0.333,0.649,0.56,-0.309,0.176,0.49,-0.034,0.375,-0.273,0.655,0.516,0.74,0.398,-0.202,-0.059,0.185,0.613,-0.476,0.627,-0.076,0.774,0.409,0.589,-0.144,0.659,0.737,0.621,-0.782,-0.416,0.784,0.109,-0.423,0.304,-0.677,0.635,0.63,0.317,0.674,0.156,0.474,-0.673,0.713,0.216,0.766,0.645,0.541,0.612,-0.677,0.861,0.672,-0.51,0.629,-0.238,0.38,0.645,0.787,0.707,0.746,0.188,0.602,0.567,0.798,0.745,0.851,0.49,-0.336,0.872,0.543,0.687,-0.629,0.68,0.265,0.788,0.019,0.539,0.718,0.557,-0.503,0.635,0.486,0.032,0.476,0.232,0.717,0.454,0.529,0.742,0.358,0.75,-0.572,0.736,0.676,0.648,0.694,0.305,0.464,0.568,0.292,0.684,0.621,0.565,-0.265,0.711,-0.478,0.334,0.572,0.232,0.281,0.662,-0.548,0.755,0.548,0.588,0.288,0.683,0.586,0.761,0.26,0.622,0.867,-0.522,0.633,0.139,0.349,0.511,-0.304,0.635,0.699,0.891,-0.457,0.621,-0.29,0.357,0.361,0.815,0.478,-0.423,0.704,0.052,0.129,0.503,0.311,0.748,0.611,0.585,0.375,0.564,0.637,0.658,0.591,0.298,0.533,-0.498,0.559,0.67,0.4,0.607,0.702,0.651,0.317,0.624,0.596,0.654,0.55,-0.107,0.819,-0.04,0.101,0.722
CAN,-0.421,-0.079,-0.707,-0.858,-0.704,-0.644,-0.856,-0.882,-0.517,-0.716,0.881,-0.746,-0.254,-0.617,-0.725,-0.562,-0.655,0.745,-0.813,-0.737,-0.465,-0.134,-0.342,0.799,-0.705,-0.391,-0.436,0.0,-0.414,-0.766,-0.442,0.084,-0.62,-0.878,0.84,0.075,-0.768,0.064,-0.711,0.859,-0.672,-0.718,-0.701,-0.689,0.571,0.545,0.542,-0.719,0.709,-0.505,0.667,-0.759,-0.69,-0.796,-0.122,-0.781,-0.613,-0.588,0.738,0.536,-0.616,-0.025,0.845,-0.359,0.609,-0.698,-0.436,0.425,-0.728,-0.385,-0.271,0.594,-0.554,-0.231,-0.431,-0.493,-0.748,-0.585,0.757,-0.671,-0.225,0.893,-0.746,0.756,-0.696,-0.071,-0.726,-0.646,-0.794,0.233,-0.652,-0.856,-0.787,-0.562,-0.539,-0.813,0.904,-0.634,0.243,-0.863,0.369,-0.652,-0.479,-0.7,-0.362,-0.817,-0.542,0.086,0.484,-0.825,-0.823,-0.23,-0.846,-0.352,-0.352,-0.718,-0.298,-0.794,-0.502,-0.325,0.415,-0.691,-0.223,-0.622,-0.663,-0.604,-0.803,-0.526,0.083,-0.639,-0.76,-0.588,0.33,-0.828,0.776,0.313,-0.767,-0.271,-0.358,-0.076,0.681,-0.764,-0.777,-0.722,0.235,-0.279,-0.856,-0.241,0.243,-0.202,-0.579,0.43,-0.602,0.035,-0.005,0.193,0.673,-0.822,-0.687,-0.634,0.903,-0.507,0.094,0.334,0.226,-0.782,-0.83,0.683,-0.644,-0.296,-0.364,-0.473,0.333,-0.668,-0.559,-0.664,-0.595,-0.631,-0.751,-0.603,-0.86,-0.566,-0.393,0.761,-0.453,-0.195,-0.405,-0.662,-0.533,-0.361,0.224,-0.814,-0.758,-0.653,-0.805,0.685,-0.572,0.461,-0.098,-0.616
CCEC,0.159,-0.072,0.361,0.467,0.416,0.821,0.521,0.537,0.392,0.791,-0.382,0.568,0.5,0.314,0.371,0.745,0.539,-0.599,0.623,0.403,0.657,0.589,0.641,-0.722,0.765,-0.301,-0.024,-0.414,0.0,0.533,0.693,-0.649,0.483,0.537,-0.333,0.298,0.66,0.454,0.783,-0.377,0.575,0.599,0.464,0.747,-0.199,-0.745,-0.223,0.661,0.032,0.279,-0.135,0.468,0.715,0.606,0.552,0.106,0.547,0.668,-0.132,-0.027,0.417,0.485,-0.468,0.741,0.106,0.658,0.578,-0.758,0.565,0.702,0.28,-0.118,0.477,-0.46,0.397,0.502,0.711,0.614,-0.223,0.221,0.185,-0.192,0.568,-0.239,0.791,-0.109,0.437,0.538,0.496,-0.407,0.674,0.613,0.247,0.453,0.154,0.568,-0.444,0.107,-0.547,0.34,0.371,0.317,0.77,0.138,0.864,0.655,0.342,-0.122,0.128,0.543,0.72,0.785,0.716,0.724,0.073,0.741,0.392,0.439,0.75,-0.069,-0.189,0.131,0.091,0.571,0.53,0.84,0.726,0.634,-0.319,0.613,0.633,0.708,0.114,0.49,-0.347,-0.754,0.65,0.578,0.294,-0.278,-0.048,0.486,0.558,0.659,-0.439,0.19,0.557,-0.118,0.18,0.147,0.215,0.123,0.656,0.377,0.433,-0.071,-0.478,0.53,0.584,0.02,-0.327,0.506,0.093,-0.257,0.012,0.341,0.672,0.053,0.573,0.733,0.659,0.462,0.174,0.543,0.564,0.682,0.761,0.715,0.64,0.567,0.461,0.77,0.432,-0.406,0.679,0.108,0.271,0.476,0.577,-0.307,0.286,0.585,0.617,0.633,0.561,-0.113,0.306,-0.106,0.493,0.019
CDW,0.674,0.231,0.847,0.936,0.863,0.74,0.915,0.912,0.741,0.843,-0.78,0.913,0.668,0.759,0.901,0.795,0.864,-0.641,0.904,0.88,0.823,0.477,0.599,-0.87,0.831,0.335,0.709,-0.766,0.533,0.0,0.749,-0.023,0.846,0.876,-0.659,0.254,0.873,0.241,0.844,-0.629,0.909,0.847,0.885,0.824,-0.38,-0.535,-0.118,0.935,-0.578,0.704,-0.402,0.96,0.83,0.925,0.267,0.731,0.894,0.882,-0.8,-0.367,0.873,0.282,-0.766,0.629,-0.59,0.905,0.839,-0.268,0.884,0.566,0.552,-0.624,0.843,0.053,0.787,0.737,0.936,0.863,-0.747,0.9,0.583,-0.709,0.901,-0.522,0.82,0.351,0.939,0.898,0.943,-0.161,0.905,0.919,0.884,0.839,0.833,0.853,-0.691,0.806,0.031,0.865,-0.276,0.802,0.682,0.762,0.494,0.903,0.767,0.299,-0.404,0.913,0.905,0.46,0.886,0.627,0.636,0.878,0.629,0.917,0.71,0.529,-0.592,0.733,0.524,0.875,0.899,0.762,0.892,0.796,0.043,0.909,0.943,0.866,-0.114,0.939,-0.738,-0.191,0.913,0.588,0.471,0.358,-0.573,0.958,0.877,0.925,-0.19,0.616,0.921,0.513,0.161,0.477,0.821,-0.403,0.895,0.204,0.419,0.203,-0.613,0.909,0.946,0.772,-0.731,0.732,-0.075,-0.011,0.115,0.915,0.843,-0.539,0.897,0.457,0.598,0.779,0.146,0.926,0.849,0.908,0.782,0.871,0.954,0.862,0.885,0.742,0.779,-0.734,0.8,0.478,0.43,0.833,0.868,0.434,0.305,0.918,0.929,0.914,0.806,-0.312,0.806,-0.164,0.377,0.709
CDXS,0.478,0.319,0.721,0.665,0.669,0.704,0.667,0.629,0.649,0.762,-0.435,0.845,0.809,0.64,0.71,0.905,0.76,-0.467,0.735,0.65,0.95,0.827,0.605,-0.745,0.836,0.08,0.535,-0.442,0.693,0.749,0.0,-0.403,0.773,0.65,-0.261,0.584,0.772,0.328,0.807,-0.231,0.813,0.738,0.794,0.806,-0.186,-0.629,0.169,0.849,-0.128,0.607,0.062,0.78,0.767,0.768,0.413,0.325,0.896,0.933,-0.433,-0.235,0.759,0.617,-0.538,0.897,-0.266,0.87,0.889,-0.289,0.836,0.68,0.556,-0.484,0.885,-0.441,0.878,0.813,0.838,0.894,-0.444,0.643,0.542,-0.253,0.804,-0.217,0.818,0.392,0.767,0.905,0.794,-0.189,0.91,0.689,0.573,0.835,0.617,0.665,-0.41,0.539,-0.052,0.525,-0.047,0.657,0.83,0.535,0.75,0.782,0.683,0.428,-0.196,0.719,0.776,0.762,0.768,0.795,0.527,0.832,0.68,0.733,0.833,0.337,-0.397,0.496,0.55,0.801,0.791,0.871,0.753,0.85,0.089,0.925,0.815,0.894,-0.072,0.692,-0.489,-0.328,0.825,0.65,0.366,0.232,-0.177,0.779,0.69,0.819,-0.122,0.706,0.705,0.466,0.528,0.648,0.63,-0.22,0.929,0.611,0.76,0.429,-0.348,0.735,0.855,0.456,-0.37,0.829,0.053,0.165,0.448,0.699,0.709,-0.045,0.887,0.711,0.576,0.696,0.539,0.859,0.886,0.863,0.815,0.912,0.847,0.877,0.598,0.79,0.7,-0.495,0.955,0.512,0.374,0.702,0.934,0.151,0.574,0.789,0.788,0.899,0.672,0.022,0.761,0.108,0.559,0.348
