,ABEO,ACHC,AGNCN,AKAM,AKRO,ALRM,AMAT,AMED,AMRN,ANGI,APA,APOG,APPS,ARCB,ARCC,ARVN,ATEC,ATXS,AVAV,AXON,BANF,BATRK,BIDU,BLNE,BLNK,BTAI,BYND,CAN,CCEC,CDW,CDXS,CELH,CGNX,CHKP,CHRS,CHRW,CIGI,CKPT,CMPR,COGT,CRNC,CRSP,CSTL,CTSH,CVGW,DGLY,DNLI,DOCU,DVAX,EBAY,EHTH,ERII,ESLT,EXPE,EXPO,FBIOP,FFBC,FFIN,FOXF,FWRD,GDS,GERN,GPRE,GRWG,GRYP,HEES,HELE,HIVE,HON,HRTX,HSTM,HURA,IART,IBKR,IBOC,IBRX,IDXX,INGN,INM,INVA,IQ,IRBT,KDP,KPTI,KTOS,KXIN,LAMR,LFUS,LGIH,LGMK,LKFN,LNW,LOPE,LPSN,LYFT,MGNX,MLCO,MNST,MODV,MSTR,MTCH,MYGN,MYRG,NCMI,NEXT,NFLX,NIU,NKTR,NRC,NTNX,NTRA,NVEE,NVMI,NWL,NWS,NXPI,OCGN,OCSL,OKTA,OLLI,OTLK,OXLC,PAA,PARA,PARAA,PDCO,PDFS,PFG,PGEN,PNFP,PODD,POWI,PSMT,PTC,PTEN,PVLA,RDNT,RDUS,RDWR,REGN,RNAC,ROCK,ROST,RRR,RSLS,RVMD,RYAAY,SAFT,SAGE,SAVA,SBGI,SFM,SFNC,SHYF,SIBN,SIFY,SIGI,SIMO,SITM,SLM,SNBR,SNDX,SNY,SPNS,SRRK,STRA,SUPN,SYRE,TCBK,TEAM,TECH,THRM,TLRY,TRMK,TROW,TSLA,TWST,TXN,UFPI,UNIT,UPWK,USLM,UTHR,VERB,VLY,VRNA,VRRM,VXRT,WAFD,WATT,WBA,WING,WIX,WTFC,WTW,XPEL,XRX,YMAB,ZG,ZLAB
ABEO,0.0,-0.045,0.677,0.227,0.747,0.237,0.668,0.76,-0.617,-0.587,-0.173,0.216,-0.65,-0.356,-0.311,0.878,0.512,0.554,0.211,0.237,-0.651,-0.79,0.1,-0.906,-0.936,-0.777,-0.759,-0.928,0.354,0.586,-0.744,0.739,-0.632,0.867,0.585,-0.745,0.693,-0.26,-0.758,0.507,-0.282,0.173,0.718,0.481,-0.916,-0.845,-0.576,-0.003,0.295,0.459,-0.776,-0.326,-0.816,-0.403,0.873,-0.759,-0.809,-0.903,-0.517,-0.581,0.136,-0.884,-0.795,0.137,-0.886,-0.728,-0.638,-0.849,-0.304,-0.196,-0.895,0.583,-0.655,0.331,-0.567,-0.604,-0.227,0.003,-0.798,-0.786,-0.837,0.135,-0.21,-0.814,-0.428,-0.817,0.354,0.678,-0.749,-0.471,-0.817,0.657,0.824,-0.826,0.097,-0.686,-0.727,-0.48,-0.563,-0.559,0.335,0.528,-0.359,0.856,0.781,0.169,-0.772,-0.951,-0.624,0.626,0.609,-0.49,0.767,-0.187,0.451,-0.275,-0.764,-0.112,0.555,0.25,-0.788,-0.77,0.355,-0.591,-0.668,-0.551,-0.097,-0.157,0.741,-0.792,-0.886,-0.037,0.578,0.396,-0.659,0.767,0.301,0.274,0.277,0.781,0.774,0.388,0.947,-0.383,-0.667,0.775,-0.273,-0.674,-0.113,0.573,-0.711,0.798,-0.817,0.415,0.79,0.146,-0.507,-0.881,-0.345,-0.692,-0.645,0.384,0.321,-0.246,-0.612,0.694,0.309,0.73,-0.938,0.221,-0.819,-0.335,0.112,-0.902,-0.19,0.3,-0.076,0.351,0.385,-0.484,0.585,0.128,-0.863,0.009,-0.637,0.504,-0.822,0.805,-0.88,-0.87,-0.87,-0.215,0.551,-0.821,0.515,0.26,0.553,-0.357,-0.701,0.088
ACHC,-0.045,0.0,-0.095,0.514,0.228,0.24,0.066,0.297,0.121,0.148,0.174,0.757,0.362,0.229,0.658,0.024,0.482,0.341,-0.248,0.453,0.432,0.414,0.434,0.142,0.105,0.07,0.483,0.244,0.192,0.326,0.281,0.247,0.612,0.01,0.527,0.2,0.245,-0.14,0.431,0.188,0.565,0.153,0.476,0.428,0.236,0.048,0.137,0.05,-0.097,0.518,0.36,0.23,0.231,0.464,0.034,0.254,0.248,0.259,0.641,0.166,0.298,0.203,0.177,0.232,0.191,0.527,0.418,0.37,0.778,0.118,0.181,0.329,0.572,-0.144,0.264,0.183,0.757,-0.028,0.03,0.017,0.221,0.392,0.563,0.063,0.452,-0.09,0.512,0.489,0.495,0.102,0.046,0.378,0.247,0.198,0.416,0.075,0.322,0.6,-0.041,0.621,0.399,0.483,0.686,-0.079,-0.11,0.321,0.237,0.105,0.366,-0.117,0.345,0.448,0.226,0.624,0.479,0.323,0.214,0.561,0.035,0.594,-0.144,0.133,0.105,0.38,0.408,-0.217,0.475,0.546,0.311,0.252,0.248,0.409,0.417,0.619,0.077,-0.181,0.65,0.556,0.248,-0.027,0.19,0.72,-0.006,0.565,-0.344,0.217,0.393,0.32,0.229,0.371,0.293,0.274,0.32,0.298,0.349,0.186,0.126,0.159,0.444,0.216,0.433,0.398,0.291,0.409,0.118,0.14,0.297,-0.044,0.196,0.448,0.481,0.365,0.022,0.22,0.469,0.456,0.287,0.284,0.672,0.343,0.012,0.733,0.199,-0.387,0.39,-0.169,-0.067,-0.045,0.232,0.309,0.245,0.133,0.339,0.333,0.356,0.374,-0.037,-0.078,0.42,0.101
AGNCN,0.677,-0.095,0.0,0.076,0.436,0.062,0.644,0.292,-0.26,-0.114,0.147,0.042,-0.398,-0.015,-0.292,0.697,0.39,0.223,0.266,0.266,-0.501,-0.461,-0.053,-0.59,-0.558,-0.5,-0.541,-0.607,0.199,0.411,-0.431,0.534,-0.595,0.477,0.354,-0.64,0.404,0.05,-0.493,0.362,-0.311,0.044,0.375,0.199,-0.546,-0.4,-0.234,0.227,0.13,0.273,-0.766,-0.385,-0.509,-0.22,0.502,-0.602,-0.5,-0.6,-0.428,-0.452,-0.031,-0.555,-0.456,0.346,-0.511,-0.414,-0.459,-0.565,-0.35,-0.233,-0.553,0.398,-0.334,0.115,-0.502,-0.42,-0.225,0.233,-0.436,-0.57,-0.428,-0.174,-0.18,-0.463,-0.258,-0.46,0.079,0.397,-0.49,-0.176,-0.36,0.256,0.515,-0.483,0.354,-0.554,-0.593,-0.515,-0.348,-0.446,0.441,0.24,-0.298,0.57,0.609,0.197,-0.47,-0.621,-0.41,0.7,0.348,-0.309,0.579,-0.125,0.268,-0.027,-0.726,-0.06,0.58,0.34,-0.609,-0.383,0.431,-0.527,-0.55,-0.487,-0.007,-0.164,0.404,-0.509,-0.479,0.131,0.209,0.133,-0.23,0.486,0.001,0.084,0.546,0.521,0.63,0.255,0.642,-0.416,-0.348,0.408,-0.028,-0.627,-0.073,0.309,-0.499,0.406,-0.516,0.303,0.536,-0.335,-0.245,-0.493,-0.218,-0.491,-0.308,0.269,0.168,0.007,-0.22,0.315,0.264,0.464,-0.647,0.221,-0.659,-0.223,0.447,-0.566,-0.267,0.142,0.094,0.236,0.235,-0.29,0.35,-0.209,-0.569,0.17,-0.397,0.23,-0.662,0.524,-0.481,-0.664,-0.595,-0.265,0.327,-0.539,0.114,0.077,0.443,-0.169,-0.45,0.218
AKAM,0.227,0.514,0.076,0.0,0.482,0.286,0.559,0.608,0.096,0.3,0.406,0.473,-0.111,0.34,0.694,0.349,0.861,0.788,0.383,0.856,-0.045,0.023,0.839,0.014,-0.168,0.059,0.204,-0.037,0.265,0.788,0.298,0.672,0.296,0.244,0.77,-0.273,0.767,-0.246,0.146,0.701,0.617,0.693,0.663,0.834,-0.172,-0.374,0.315,0.613,-0.188,0.867,0.123,-0.35,0.074,0.562,0.202,0.209,0.097,-0.026,0.538,0.301,0.779,-0.016,0.009,0.658,-0.187,0.272,0.155,0.08,0.49,-0.17,-0.032,0.698,0.128,0.038,0.337,-0.5,0.66,-0.356,-0.17,-0.575,-0.015,0.548,-0.088,-0.522,0.601,-0.322,0.822,0.648,0.255,0.303,-0.405,0.622,0.43,0.163,0.389,0.01,0.308,-0.064,-0.62,0.452,0.661,0.394,0.048,0.471,-0.135,0.809,0.246,-0.177,-0.035,0.416,0.72,0.511,0.629,0.537,0.53,0.612,0.148,0.783,0.609,0.438,-0.578,0.183,0.01,-0.078,-0.045,-0.687,0.605,0.636,0.253,0.282,-0.05,0.723,0.204,0.77,0.167,0.049,0.796,0.097,0.355,0.102,0.483,0.796,0.313,0.699,-0.669,0.689,0.045,0.106,0.177,0.789,-0.403,0.483,0.143,0.81,0.588,0.431,-0.474,-0.051,0.618,0.353,0.36,0.69,0.103,0.439,-0.339,0.356,0.614,0.61,-0.178,0.865,0.026,-0.003,0.444,-0.074,0.788,0.837,0.763,0.5,0.782,0.608,0.474,0.747,-0.154,0.156,0.414,0.4,-0.379,0.365,-0.022,0.146,-0.302,-0.509,0.82,0.235,0.729,-0.185,0.658,-0.464,0.408,0.663
AKRO,0.747,0.228,0.436,0.482,0.0,0.563,0.586,0.798,-0.595,-0.43,0.06,0.303,-0.677,-0.243,-0.015,0.784,0.608,0.686,0.272,0.526,-0.599,-0.616,0.26,-0.691,-0.815,-0.678,-0.48,-0.698,0.09,0.777,-0.505,0.832,-0.37,0.799,0.671,-0.749,0.758,-0.371,-0.472,0.731,0.02,0.183,0.763,0.633,-0.744,-0.644,-0.347,0.148,0.034,0.619,-0.638,-0.31,-0.622,-0.007,0.714,-0.412,-0.627,-0.706,-0.214,-0.506,0.226,-0.604,-0.593,0.258,-0.74,-0.419,-0.6,-0.65,0.083,-0.44,-0.743,0.602,-0.524,0.598,-0.28,-0.565,-0.039,-0.371,-0.702,-0.779,-0.667,0.17,-0.203,-0.733,-0.205,-0.856,0.511,0.682,-0.486,-0.32,-0.742,0.779,0.706,-0.564,0.271,-0.25,-0.512,-0.279,-0.537,-0.238,0.333,0.632,-0.214,0.77,0.609,0.357,-0.553,-0.754,-0.591,0.617,0.809,-0.288,0.659,-0.11,0.669,-0.107,-0.548,0.128,0.615,0.376,-0.72,-0.495,0.344,-0.644,-0.669,-0.571,-0.082,-0.038,0.805,-0.512,-0.713,0.168,0.433,0.665,-0.44,0.533,0.433,0.145,0.143,0.691,0.682,0.503,0.73,-0.08,-0.817,0.809,-0.331,-0.587,0.317,0.626,-0.664,0.773,-0.596,0.617,0.838,0.259,-0.675,-0.692,-0.142,-0.463,-0.398,0.649,0.322,-0.006,-0.325,0.602,0.453,0.689,-0.76,0.501,-0.555,-0.456,0.095,-0.73,0.029,0.474,0.189,0.461,0.601,-0.112,0.415,0.358,-0.696,0.145,-0.367,0.537,-0.805,0.674,-0.664,-0.582,-0.769,-0.428,0.604,-0.512,0.59,0.223,0.651,-0.479,-0.368,0.263
ALRM,0.237,0.24,0.062,0.286,0.563,0.0,0.051,0.33,-0.324,-0.296,0.066,0.272,-0.299,-0.136,0.042,0.33,0.2,0.325,0.07,0.401,-0.22,-0.249,0.059,-0.227,-0.419,-0.283,-0.114,-0.221,-0.147,0.348,-0.265,0.384,-0.017,0.539,0.256,-0.386,0.261,-0.27,-0.086,0.331,-0.027,-0.163,0.273,0.337,-0.244,-0.119,-0.364,-0.016,-0.179,0.312,-0.256,-0.008,-0.368,0.102,0.242,-0.111,-0.281,-0.253,0.036,-0.391,-0.047,-0.156,-0.261,0.08,-0.263,-0.145,-0.391,-0.251,0.317,-0.201,-0.375,0.085,-0.242,0.392,-0.14,-0.161,-0.028,-0.342,-0.284,-0.297,-0.233,-0.095,0.055,-0.191,-0.101,-0.503,0.258,0.336,-0.15,-0.186,-0.198,0.446,0.268,0.003,0.251,0.421,-0.225,0.12,-0.058,-0.064,0.163,0.36,0.011,0.263,0.231,0.078,-0.26,-0.173,-0.353,0.211,0.449,-0.167,0.176,-0.04,0.504,-0.196,-0.238,0.032,0.283,0.238,-0.289,-0.217,0.139,-0.365,-0.328,-0.213,-0.322,-0.088,0.573,-0.188,-0.234,0.027,0.138,0.309,-0.227,0.172,0.193,0.054,0.045,0.331,0.351,0.212,0.253,0.008,-0.378,0.29,-0.133,-0.292,0.475,0.177,-0.172,0.375,-0.187,0.256,0.425,0.001,-0.422,-0.288,0.002,-0.278,-0.198,0.221,0.202,0.157,0.204,0.206,0.346,0.283,-0.215,0.304,-0.146,-0.507,-0.106,-0.255,0.003,0.127,0.077,0.119,0.265,0.115,0.157,0.195,-0.18,0.011,-0.167,0.252,-0.353,0.142,-0.231,-0.182,-0.248,-0.155,0.291,-0.088,0.186,0.3,0.183,-0.2,-0.101,0.126
AMAT,0.668,0.066,0.644,0.559,0.586,0.051,0.0,0.605,-0.098,0.003,0.157,0.202,-0.396,0.285,0.149,0.748,0.808,0.758,0.506,0.561,-0.425,-0.493,0.551,-0.443,-0.547,-0.272,-0.407,-0.549,0.21,0.756,-0.097,0.753,-0.255,0.534,0.749,-0.582,0.787,0.083,-0.466,0.711,0.207,0.648,0.668,0.721,-0.637,-0.671,0.012,0.554,0.236,0.687,-0.489,-0.475,-0.395,0.196,0.644,-0.285,-0.311,-0.505,-0.018,0.027,0.553,-0.538,-0.249,0.516,-0.623,-0.267,-0.173,-0.46,-0.093,-0.164,-0.456,0.812,-0.308,0.204,-0.16,-0.835,0.149,0.023,-0.461,-0.839,-0.445,0.389,-0.411,-0.826,0.183,-0.47,0.667,0.729,-0.353,0.123,-0.669,0.494,0.746,-0.337,0.183,-0.447,-0.164,-0.53,-0.727,-0.166,0.593,0.419,-0.337,0.814,0.394,0.664,-0.182,-0.611,-0.389,0.76,0.685,0.134,0.911,0.175,0.267,0.446,-0.409,0.373,0.736,0.229,-0.769,-0.217,0.316,-0.434,-0.477,-0.73,0.403,0.196,0.352,-0.227,-0.508,0.61,0.384,0.496,-0.137,0.544,0.53,0.004,0.412,0.579,0.793,0.581,0.741,0.145,-0.635,0.766,-0.039,-0.378,-0.27,0.72,-0.752,0.647,-0.379,0.812,0.659,0.231,-0.462,-0.38,0.292,-0.097,-0.16,0.666,0.296,0.122,-0.512,0.698,0.574,0.837,-0.67,0.63,-0.605,-0.004,0.496,-0.517,0.334,0.731,0.516,0.598,0.59,0.037,0.691,0.291,-0.549,0.231,-0.1,0.656,-0.607,0.836,-0.477,-0.396,-0.704,-0.511,0.8,-0.327,0.683,-0.221,0.842,-0.218,-0.193,0.573
AMED,0.76,0.297,0.292,0.608,0.798,0.33,0.605,0.0,-0.525,-0.366,-0.019,0.405,-0.539,-0.26,0.133,0.672,0.713,0.785,0.252,0.513,-0.477,-0.537,0.534,-0.662,-0.748,-0.575,-0.372,-0.641,0.332,0.806,-0.419,0.825,-0.223,0.727,0.773,-0.602,0.848,-0.535,-0.42,0.685,0.136,0.407,0.903,0.783,-0.732,-0.795,-0.303,0.176,0.051,0.72,-0.403,-0.328,-0.529,-0.053,0.703,-0.395,-0.537,-0.639,-0.083,-0.262,0.537,-0.622,-0.607,0.265,-0.705,-0.366,-0.367,-0.533,0.1,-0.307,-0.665,0.728,-0.388,0.342,-0.122,-0.603,0.235,-0.306,-0.665,-0.761,-0.599,0.406,-0.128,-0.809,-0.06,-0.768,0.665,0.776,-0.362,-0.242,-0.833,0.858,0.728,-0.568,0.181,-0.448,-0.326,-0.22,-0.722,-0.064,0.419,0.574,-0.154,0.75,0.46,0.487,-0.434,-0.76,-0.452,0.538,0.768,-0.173,0.775,0.069,0.621,0.034,-0.365,0.288,0.568,0.4,-0.758,-0.48,0.132,-0.435,-0.492,-0.65,0.153,0.223,0.727,-0.421,-0.669,0.283,0.505,0.779,-0.447,0.538,0.622,0.255,0.187,0.522,0.647,0.67,0.757,0.145,-0.848,0.896,-0.233,-0.4,0.091,0.822,-0.666,0.79,-0.513,0.632,0.771,0.479,-0.608,-0.691,0.016,-0.314,-0.278,0.634,0.263,-0.011,-0.648,0.619,0.39,0.753,-0.716,0.545,-0.443,-0.256,0.115,-0.692,0.29,0.609,0.249,0.563,0.695,-0.059,0.559,0.612,-0.693,0.051,-0.231,0.501,-0.732,0.697,-0.647,-0.503,-0.741,-0.36,0.738,-0.455,0.738,0.128,0.654,-0.535,-0.273,0.278
AMRN,-0.617,0.121,-0.26,0.096,-0.595,-0.324,-0.098,-0.525,0.0,0.651,0.335,-0.038,0.644,0.67,0.512,-0.497,-0.021,-0.147,0.079,0.099,0.614,0.672,0.257,0.753,0.747,0.812,0.648,0.692,-0.056,-0.252,0.81,-0.388,0.579,-0.603,-0.087,0.562,-0.279,0.454,0.557,-0.278,0.364,0.24,-0.421,-0.085,0.669,0.479,0.569,0.355,-0.175,-0.028,0.617,0.054,0.716,0.583,-0.534,0.555,0.789,0.762,0.581,0.752,0.225,0.604,0.777,0.197,0.631,0.681,0.739,0.708,0.335,0.355,0.787,-0.051,0.684,-0.543,0.535,0.184,0.401,0.206,0.587,0.342,0.732,0.146,0.162,0.4,0.683,0.722,0.033,-0.219,0.636,0.556,0.569,-0.495,-0.399,0.695,-0.048,0.333,0.745,0.212,0.193,0.498,0.129,-0.4,0.221,-0.464,-0.693,0.192,0.816,0.671,0.587,-0.274,-0.36,0.703,-0.216,0.521,-0.346,0.63,0.537,0.437,-0.179,-0.068,0.332,0.653,-0.235,0.537,0.581,0.078,0.44,0.443,-0.628,0.754,0.717,0.406,-0.299,-0.191,0.659,-0.526,-0.03,-0.098,0.142,-0.562,-0.236,0.005,-0.537,0.505,0.412,-0.434,0.471,0.659,-0.251,-0.148,0.372,-0.477,0.747,0.019,-0.478,-0.083,0.457,0.714,0.62,0.747,0.665,-0.022,-0.026,0.278,0.227,-0.334,-0.084,-0.28,0.681,0.112,0.486,0.487,0.315,0.729,0.445,0.124,0.364,-0.147,-0.068,0.565,-0.152,0.004,0.603,0.004,0.712,-0.294,0.558,-0.356,0.716,0.707,0.578,0.055,-0.075,0.735,-0.106,-0.472,-0.129,0.286,0.633,0.259
ANGI,-0.587,0.148,-0.114,0.3,-0.43,-0.296,0.003,-0.366,0.651,0.0,0.655,-0.025,0.409,0.63,0.6,-0.431,0.141,-0.117,0.234,0.382,0.342,0.704,0.405,0.696,0.699,0.631,0.663,0.714,-0.042,0.058,0.782,-0.106,0.399,-0.683,-0.072,0.254,-0.064,0.109,0.729,0.045,0.45,0.243,-0.215,-0.004,0.651,0.512,0.87,0.675,-0.476,0.094,0.483,-0.298,0.768,0.563,-0.711,0.637,0.717,0.671,0.637,0.636,0.379,0.736,0.566,0.623,0.669,0.775,0.546,0.686,0.212,-0.068,0.726,-0.052,0.614,-0.357,0.546,0.177,0.489,-0.007,0.664,0.199,0.793,-0.045,-0.058,0.353,0.721,0.507,-0.001,-0.263,0.769,0.71,0.511,-0.393,-0.474,0.76,0.443,0.3,0.65,0.031,-0.115,0.636,0.395,-0.385,0.104,-0.353,-0.686,0.486,0.784,0.61,0.434,0.06,-0.077,0.7,-0.136,0.422,-0.095,0.758,0.546,0.621,0.201,0.213,0.141,0.868,-0.213,0.293,0.409,-0.151,0.59,0.558,-0.6,0.822,0.737,0.575,-0.608,0.073,0.833,-0.636,0.014,-0.33,0.359,-0.67,-0.332,0.158,-0.537,0.536,0.209,-0.239,0.37,0.444,0.12,-0.007,0.2,-0.535,0.748,0.156,-0.308,-0.077,0.15,0.686,0.601,0.766,0.825,0.021,-0.464,0.609,0.292,-0.504,0.093,-0.202,0.576,0.379,0.537,0.238,0.63,0.676,0.556,0.23,0.668,0.068,0.124,0.76,-0.147,0.053,0.47,0.367,0.801,-0.259,0.306,-0.446,0.757,0.628,0.419,-0.35,0.062,0.779,-0.201,-0.559,0.066,-0.08,0.817,0.542
APA,-0.173,0.174,0.147,0.406,0.06,0.066,0.157,-0.019,0.335,0.655,0.0,-0.012,-0.02,0.458,0.566,0.005,0.287,0.088,0.281,0.613,0.1,0.398,0.383,0.308,0.244,0.241,0.446,0.299,0.095,0.367,0.369,0.265,-0.006,-0.212,0.178,-0.168,0.277,-0.143,0.469,0.298,0.18,0.068,0.077,0.153,0.292,0.161,0.511,0.712,-0.706,0.316,0.03,-0.611,0.461,0.439,-0.384,0.183,0.448,0.318,0.375,0.273,0.352,0.466,0.192,0.737,0.245,0.552,0.143,0.283,0.214,-0.358,0.32,0.227,0.306,-0.073,0.504,-0.034,0.264,-0.356,0.359,-0.178,0.518,-0.172,-0.097,0.079,0.465,0.026,0.019,-0.059,0.434,0.581,0.29,-0.126,-0.213,0.403,0.65,0.078,0.192,-0.254,-0.317,0.386,0.456,-0.235,-0.2,-0.002,-0.404,0.465,0.437,0.185,0.185,0.375,0.29,0.376,0.078,0.404,0.279,0.576,0.131,0.683,0.522,0.336,-0.294,0.527,-0.02,-0.2,-0.083,-0.507,0.274,0.649,-0.086,0.544,0.369,0.41,-0.506,0.288,0.742,-0.539,-0.051,-0.224,0.488,-0.424,-0.002,0.281,-0.184,0.281,-0.23,0.115,0.059,0.176,0.31,0.3,-0.148,-0.194,0.522,0.352,0.106,-0.235,-0.053,0.154,0.28,0.501,0.639,0.313,-0.287,0.484,0.05,-0.334,0.01,0.071,0.23,0.512,0.187,-0.263,0.764,0.342,0.417,0.277,0.664,0.122,0.271,0.738,-0.16,0.022,-0.033,0.492,0.664,-0.258,-0.208,-0.264,0.492,0.206,-0.055,-0.618,0.228,0.523,0.001,-0.484,0.362,-0.524,0.544,0.652
APOG,0.216,0.757,0.042,0.473,0.303,0.272,0.202,0.405,-0.038,-0.025,-0.012,0.0,0.123,0.194,0.398,0.194,0.509,0.39,-0.152,0.383,0.194,0.1,0.395,-0.077,-0.152,-0.103,0.086,-0.027,0.226,0.398,0.048,0.357,0.385,0.186,0.533,-0.087,0.343,-0.205,0.151,0.373,0.379,0.213,0.533,0.478,-0.044,-0.154,-0.103,0.03,0.166,0.556,0.132,0.065,-0.054,0.189,0.203,0.102,-0.029,0.018,0.401,-0.046,0.297,-0.074,-0.123,0.183,-0.059,0.22,0.157,0.039,0.524,0.19,-0.073,0.262,0.239,-0.027,0.034,-0.007,0.609,0.072,-0.243,-0.143,-0.077,0.364,0.366,-0.152,0.263,-0.261,0.542,0.587,0.255,-0.013,-0.183,0.501,0.487,-0.017,0.39,-0.057,0.126,0.325,-0.184,0.284,0.524,0.551,0.538,0.151,0.195,0.32,-0.021,-0.135,0.051,0.127,0.485,0.307,0.365,0.44,0.462,0.133,-0.024,0.349,0.197,0.418,-0.295,-0.056,0.306,0.152,0.192,-0.289,0.367,0.352,0.334,-0.002,-0.062,0.36,0.462,0.544,-0.062,0.165,0.689,0.409,0.279,0.22,0.345,0.767,0.238,0.417,-0.326,0.416,0.32,0.064,0.134,0.339,0.026,0.336,0.047,0.356,0.486,0.285,-0.06,-0.044,0.298,0.01,0.075,0.361,0.166,0.472,-0.011,0.347,0.473,0.176,-0.072,0.36,0.185,0.3,0.015,-0.049,0.356,0.38,0.192,0.241,0.724,0.122,0.38,0.667,0.077,-0.347,0.09,0.141,-0.17,0.191,-0.071,0.017,-0.014,0.132,0.455,0.071,0.39,0.428,0.073,-0.047,0.137,0.119
APPS,-0.65,0.362,-0.398,-0.111,-0.677,-0.299,-0.396,-0.539,0.644,0.409,-0.02,0.123,0.0,0.391,0.423,-0.558,-0.243,-0.367,-0.468,-0.245,0.875,0.687,0.019,0.65,0.747,0.719,0.721,0.731,0.057,-0.525,0.651,-0.643,0.731,-0.611,-0.182,0.832,-0.483,0.417,0.545,-0.58,0.314,0.031,-0.461,-0.268,0.753,0.561,0.366,-0.159,0.096,-0.241,0.752,0.541,0.647,0.351,-0.506,0.416,0.725,0.788,0.544,0.574,-0.019,0.568,0.727,-0.141,0.68,0.624,0.828,0.762,0.468,0.594,0.75,-0.244,0.817,-0.629,0.417,0.565,0.436,0.473,0.601,0.674,0.686,0.238,0.509,0.639,0.522,0.702,-0.069,-0.211,0.609,0.331,0.687,-0.439,-0.38,0.644,-0.133,0.292,0.678,0.609,0.546,0.512,-0.089,-0.274,0.538,-0.716,-0.556,-0.167,0.637,0.74,0.73,-0.642,-0.574,0.542,-0.399,0.548,-0.444,0.297,0.611,0.212,-0.597,-0.034,0.602,0.413,-0.222,0.861,0.88,0.418,0.398,0.334,-0.486,0.578,0.719,0.103,0.002,-0.266,0.377,-0.501,0.016,0.317,-0.023,-0.521,-0.34,-0.058,-0.596,0.381,0.522,-0.599,0.56,0.757,-0.309,-0.34,0.761,-0.424,0.709,-0.342,-0.531,-0.079,0.718,0.713,0.463,0.534,0.559,-0.268,0.134,0.11,0.337,-0.314,-0.121,-0.584,0.789,-0.207,0.682,0.686,-0.132,0.77,0.258,-0.101,-0.042,-0.209,-0.196,0.26,-0.329,0.089,0.729,-0.467,0.547,-0.478,0.698,-0.511,0.692,0.693,0.824,0.546,-0.312,0.609,-0.243,0.067,-0.557,0.488,0.486,-0.263
ARCB,-0.356,0.229,-0.015,0.34,-0.243,-0.136,0.285,-0.26,0.67,0.63,0.458,0.194,0.391,0.0,0.599,-0.128,0.29,0.17,0.115,0.327,0.467,0.415,0.42,0.589,0.482,0.617,0.441,0.439,-0.101,0.105,0.703,-0.054,0.443,-0.38,0.177,0.244,0.045,0.498,0.368,0.194,0.512,0.416,-0.119,0.165,0.416,0.232,0.509,0.546,-0.037,0.243,0.359,-0.118,0.508,0.645,-0.309,0.51,0.686,0.551,0.603,0.657,0.339,0.462,0.623,0.393,0.345,0.608,0.592,0.437,0.351,0.309,0.543,0.185,0.445,-0.192,0.524,-0.163,0.433,0.1,0.346,0.051,0.509,0.255,-0.011,0.117,0.686,0.42,0.297,0.102,0.496,0.772,0.34,-0.207,-0.025,0.593,0.176,0.232,0.619,-0.021,-0.024,0.358,0.379,-0.092,0.131,-0.098,-0.393,0.396,0.635,0.44,0.341,0.11,0.073,0.747,0.07,0.58,-0.238,0.745,0.352,0.572,0.166,0.004,0.052,0.621,0.172,0.257,0.322,-0.144,0.495,0.476,-0.464,0.671,0.45,0.636,-0.146,0.018,0.686,-0.287,0.234,-0.187,0.236,-0.201,0.078,0.273,-0.219,0.565,0.107,-0.063,0.424,0.42,-0.238,0.074,0.079,-0.179,0.611,0.396,-0.152,-0.02,0.254,0.58,0.68,0.701,0.535,0.287,0.008,0.512,0.187,0.039,0.256,0.033,0.41,0.333,0.277,0.446,0.424,0.558,0.515,0.352,0.58,0.158,0.232,0.604,0.098,0.152,0.44,0.07,0.661,0.117,0.281,-0.046,0.555,0.523,0.264,-0.223,0.238,0.634,0.147,-0.432,0.208,0.209,0.558,0.489
ARCC,-0.311,0.658,-0.292,0.694,-0.015,0.042,0.149,0.133,0.512,0.6,0.566,0.398,0.423,0.599,0.0,-0.126,0.524,0.372,0.03,0.622,0.538,0.581,0.745,0.533,0.409,0.524,0.738,0.51,0.203,0.363,0.698,0.153,0.675,-0.278,0.461,0.28,0.326,0.014,0.613,0.244,0.747,0.476,0.263,0.483,0.434,0.123,0.54,0.528,-0.355,0.558,0.581,-0.099,0.6,0.765,-0.294,0.523,0.682,0.584,0.868,0.668,0.637,0.527,0.476,0.554,0.386,0.782,0.658,0.604,0.723,0.08,0.546,0.391,0.623,-0.26,0.743,-0.025,0.794,-0.224,0.356,-0.032,0.562,0.465,0.178,0.043,0.859,0.201,0.555,0.278,0.708,0.642,0.222,0.086,-0.001,0.596,0.358,0.226,0.717,0.281,-0.196,0.768,0.472,0.093,0.316,-0.132,-0.587,0.574,0.679,0.392,0.447,-0.038,0.303,0.828,0.171,0.84,0.226,0.766,0.564,0.924,0.208,0.374,-0.106,0.574,-0.122,0.395,0.466,-0.334,0.667,0.872,-0.127,0.747,0.492,0.662,-0.01,0.506,0.58,-0.475,0.553,0.157,0.259,-0.386,0.062,0.589,-0.22,0.847,-0.298,0.167,0.334,0.638,0.081,0.457,0.145,0.059,0.72,0.479,0.106,0.247,0.073,0.448,0.785,0.764,0.777,0.416,0.029,0.531,-0.029,-0.003,0.25,0.076,0.448,0.628,0.539,0.308,0.406,0.553,0.858,0.616,0.7,0.295,0.538,0.832,0.009,0.651,0.295,-0.005,0.862,-0.076,0.109,-0.165,0.583,0.633,0.272,-0.248,0.437,0.746,0.421,-0.263,0.235,-0.239,0.784,0.486
ARVN,0.878,0.024,0.697,0.349,0.784,0.33,0.748,0.672,-0.497,-0.431,0.005,0.194,-0.558,-0.128,-0.126,0.0,0.591,0.622,0.217,0.391,-0.526,-0.722,0.186,-0.742,-0.848,-0.627,-0.625,-0.839,0.357,0.651,-0.575,0.729,-0.531,0.838,0.659,-0.734,0.742,-0.09,-0.698,0.571,-0.128,0.252,0.661,0.551,-0.814,-0.765,-0.462,0.17,0.272,0.573,-0.741,-0.348,-0.736,-0.185,0.822,-0.684,-0.608,-0.746,-0.366,-0.441,0.192,-0.749,-0.611,0.31,-0.816,-0.583,-0.542,-0.78,-0.136,-0.232,-0.77,0.649,-0.584,0.368,-0.374,-0.675,-0.19,-0.073,-0.733,-0.818,-0.716,0.235,-0.281,-0.791,-0.209,-0.759,0.434,0.705,-0.674,-0.243,-0.683,0.604,0.858,-0.626,0.155,-0.561,-0.574,-0.528,-0.502,-0.528,0.385,0.542,-0.365,0.825,0.678,0.245,-0.626,-0.828,-0.615,0.669,0.7,-0.277,0.76,0.003,0.421,-0.111,-0.704,0.067,0.65,0.241,-0.785,-0.623,0.44,-0.619,-0.667,-0.587,-0.023,-0.052,0.73,-0.62,-0.791,0.113,0.53,0.404,-0.477,0.644,0.349,0.285,0.34,0.766,0.872,0.414,0.886,-0.253,-0.722,0.788,-0.301,-0.542,-0.071,0.585,-0.711,0.816,-0.635,0.529,0.836,0.107,-0.473,-0.728,-0.175,-0.512,-0.503,0.526,0.408,-0.194,-0.496,0.743,0.396,0.758,-0.83,0.361,-0.782,-0.314,0.244,-0.74,-0.058,0.384,0.084,0.402,0.428,-0.292,0.514,0.107,-0.794,0.022,-0.46,0.6,-0.791,0.777,-0.717,-0.734,-0.832,-0.314,0.624,-0.641,0.597,0.196,0.647,-0.36,-0.555,0.191
ATEC,0.512,0.482,0.39,0.861,0.608,0.2,0.808,0.713,-0.021,0.141,0.287,0.509,-0.243,0.29,0.524,0.591,0.0,0.868,0.455,0.833,-0.211,-0.175,0.816,-0.246,-0.401,-0.144,-0.045,-0.308,0.315,0.886,0.096,0.818,0.092,0.433,0.917,-0.446,0.878,-0.185,-0.089,0.761,0.485,0.718,0.823,0.901,-0.41,-0.578,0.158,0.606,-0.031,0.914,-0.153,-0.409,-0.157,0.402,0.466,-0.05,-0.125,-0.283,0.365,0.159,0.751,-0.294,-0.173,0.675,-0.408,0.067,0.037,-0.158,0.29,-0.217,-0.256,0.862,0.007,0.049,0.092,-0.652,0.551,-0.191,-0.354,-0.757,-0.228,0.537,-0.148,-0.715,0.454,-0.47,0.864,0.787,0.035,0.196,-0.592,0.632,0.67,-0.113,0.391,-0.279,0.09,-0.204,-0.748,0.252,0.74,0.515,-0.006,0.66,0.13,0.831,0.033,-0.437,-0.163,0.607,0.802,0.373,0.875,0.463,0.553,0.558,-0.145,0.694,0.73,0.528,-0.777,-0.036,0.132,-0.204,-0.204,-0.816,0.6,0.527,0.413,0.024,-0.263,0.721,0.405,0.784,-0.029,0.297,0.815,0.196,0.487,0.336,0.712,0.886,0.578,0.508,-0.772,0.819,0.051,-0.109,0.01,0.897,-0.555,0.671,-0.11,0.877,0.759,0.351,-0.498,-0.258,0.505,0.119,0.171,0.734,0.21,0.35,-0.484,0.561,0.659,0.768,-0.455,0.876,-0.234,0.014,0.519,-0.318,0.645,0.889,0.712,0.561,0.869,0.368,0.614,0.695,-0.386,0.131,0.19,0.47,-0.581,0.605,-0.263,-0.119,-0.506,-0.497,0.933,-0.042,0.795,-0.131,0.773,-0.423,0.173,0.647
ATXS,0.554,0.341,0.223,0.788,0.686,0.325,0.758,0.785,-0.147,-0.117,0.088,0.39,-0.367,0.17,0.372,0.622,0.868,0.0,0.425,0.687,-0.299,-0.374,0.746,-0.343,-0.526,-0.213,-0.202,-0.446,0.248,0.823,-0.05,0.795,0.023,0.595,0.859,-0.454,0.864,-0.228,-0.283,0.744,0.425,0.7,0.796,0.894,-0.554,-0.701,-0.007,0.443,0.105,0.853,-0.197,-0.318,-0.329,0.287,0.61,-0.096,-0.251,-0.404,0.232,0.1,0.694,-0.425,-0.24,0.458,-0.561,-0.136,-0.093,-0.318,0.242,-0.136,-0.402,0.836,-0.212,0.196,0.055,-0.76,0.38,-0.259,-0.49,-0.793,-0.411,0.593,-0.227,-0.815,0.283,-0.524,0.862,0.806,-0.163,0.046,-0.742,0.708,0.728,-0.245,0.136,-0.205,0.006,-0.242,-0.722,0.086,0.536,0.562,-0.128,0.756,0.213,0.688,-0.096,-0.531,-0.272,0.52,0.809,0.215,0.833,0.286,0.486,0.385,-0.193,0.516,0.623,0.291,-0.742,-0.199,0.085,-0.285,-0.327,-0.715,0.393,0.368,0.494,-0.107,-0.436,0.581,0.487,0.729,-0.217,0.423,0.793,0.162,0.26,0.468,0.718,0.731,0.633,0.419,-0.786,0.855,-0.118,-0.158,-0.033,0.861,-0.631,0.739,-0.264,0.844,0.725,0.481,-0.548,-0.38,0.383,0.021,-0.058,0.76,0.348,0.117,-0.537,0.69,0.611,0.825,-0.552,0.745,-0.349,-0.067,0.288,-0.442,0.544,0.846,0.543,0.529,0.734,0.222,0.628,0.646,-0.455,0.086,0.023,0.632,-0.542,0.72,-0.437,-0.203,-0.602,-0.474,0.89,-0.178,0.885,-0.118,0.787,-0.376,-0.003,0.551
AVAV,0.211,-0.248,0.266,0.383,0.272,0.07,0.506,0.252,0.079,0.234,0.281,-0.152,-0.468,0.115,0.03,0.217,0.455,0.425,0.0,0.52,-0.52,-0.184,0.427,-0.103,-0.216,-0.056,-0.202,-0.184,-0.095,0.53,0.047,0.547,-0.268,0.202,0.303,-0.476,0.479,-0.194,-0.044,0.497,0.106,0.427,0.282,0.422,-0.303,-0.312,0.35,0.683,-0.311,0.338,-0.255,-0.602,-0.097,0.131,0.126,0.05,-0.154,-0.275,0.038,0.099,0.47,-0.119,-0.093,0.502,-0.277,-0.086,-0.232,-0.158,-0.296,-0.5,-0.134,0.394,-0.26,0.219,-0.019,-0.574,-0.02,-0.321,-0.049,-0.562,-0.12,-0.054,-0.512,-0.494,0.18,-0.258,0.297,0.141,-0.06,0.167,-0.42,0.135,0.087,-0.038,0.126,-0.008,-0.024,-0.451,-0.661,0.044,0.275,-0.042,-0.399,0.469,-0.049,0.62,0.063,-0.248,-0.303,0.578,0.389,0.069,0.465,-0.18,0.238,0.377,-0.083,0.265,0.626,0.112,-0.472,0.156,-0.231,-0.458,-0.444,-0.561,0.192,0.096,0.027,0.062,-0.139,0.411,-0.236,0.299,0.113,0.117,0.15,-0.387,0.183,0.035,0.216,0.251,0.239,0.148,-0.277,0.398,-0.24,-0.249,0.132,0.417,-0.637,0.164,-0.161,0.535,0.243,0.093,-0.567,-0.172,0.185,0.119,0.08,0.272,-0.289,0.148,-0.271,0.097,0.283,0.551,-0.364,0.576,-0.344,-0.348,0.497,-0.279,0.294,0.453,0.607,0.248,0.325,0.307,0.349,0.06,-0.326,0.632,0.047,0.349,-0.356,0.301,-0.188,-0.118,-0.473,-0.682,0.488,-0.054,0.248,-0.583,0.667,-0.397,0.111,0.591
AXON,0.237,0.453,0.266,0.856,0.526,0.401,0.561,0.513,0.099,0.382,0.613,0.383,-0.245,0.327,0.622,0.391,0.833,0.687,0.52,0.0,-0.17,0.08,0.747,-0.002,-0.194,-0.041,0.179,-0.049,0.153,0.837,0.227,0.747,0.124,0.261,0.694,-0.441,0.738,-0.28,0.22,0.701,0.474,0.468,0.626,0.754,-0.138,-0.243,0.324,0.745,-0.422,0.836,-0.069,-0.543,0.056,0.531,0.127,0.128,0.062,-0.066,0.449,0.147,0.644,0.031,-0.085,0.821,-0.145,0.305,-0.015,0.051,0.41,-0.448,-0.051,0.629,0.11,0.091,0.257,-0.45,0.541,-0.383,-0.085,-0.624,0.055,0.197,-0.116,-0.456,0.525,-0.369,0.653,0.539,0.267,0.321,-0.297,0.468,0.346,0.169,0.635,0.031,0.154,-0.15,-0.636,0.407,0.735,0.357,-0.006,0.453,-0.11,0.818,0.198,-0.194,-0.109,0.579,0.775,0.44,0.63,0.458,0.687,0.596,-0.002,0.777,0.783,0.589,-0.678,0.255,0.054,-0.288,-0.221,-0.781,0.484,0.611,0.33,0.265,0.01,0.712,0.014,0.745,0.264,-0.036,0.583,0.001,0.575,0.056,0.474,0.745,0.286,0.526,-0.663,0.625,0.037,-0.046,0.387,0.747,-0.446,0.4,0.146,0.788,0.643,0.184,-0.526,-0.093,0.512,0.282,0.407,0.627,-0.032,0.526,-0.181,0.191,0.538,0.585,-0.202,0.94,-0.028,-0.241,0.665,-0.08,0.662,0.744,0.835,0.474,0.775,0.655,0.379,0.541,-0.254,0.35,0.402,0.245,-0.512,0.256,0.034,0.051,-0.353,-0.636,0.768,0.246,0.563,-0.237,0.684,-0.6,0.43,0.786
BANF,-0.651,0.432,-0.501,-0.045,-0.599,-0.22,-0.425,-0.477,0.614,0.342,0.1,0.194,0.875,0.467,0.538,-0.526,-0.211,-0.299,-0.52,-0.17,0.0,0.684,0.071,0.68,0.72,0.71,0.733,0.691,0.08,-0.48,0.609,-0.616,0.747,-0.595,-0.132,0.803,-0.427,0.38,0.551,-0.51,0.335,0.018,-0.404,-0.234,0.736,0.481,0.239,-0.135,-0.004,-0.147,0.778,0.463,0.64,0.359,-0.5,0.411,0.814,0.82,0.595,0.614,0.015,0.616,0.708,-0.145,0.645,0.688,0.842,0.719,0.576,0.589,0.757,-0.21,0.754,-0.527,0.591,0.499,0.443,0.264,0.549,0.653,0.684,0.262,0.549,0.602,0.525,0.651,-0.017,-0.157,0.63,0.44,0.706,-0.389,-0.308,0.618,-0.131,0.288,0.695,0.552,0.563,0.484,-0.11,-0.208,0.555,-0.686,-0.571,-0.209,0.628,0.724,0.727,-0.648,-0.449,0.59,-0.43,0.672,-0.395,0.3,0.607,0.312,-0.551,-0.098,0.552,0.42,-0.175,0.782,0.81,0.388,0.292,0.459,-0.451,0.632,0.677,0.068,0.016,-0.249,0.461,-0.558,0.057,0.282,-0.067,-0.514,-0.324,-0.001,-0.577,0.476,0.395,-0.507,0.391,0.852,-0.255,-0.276,0.721,-0.365,0.796,-0.27,-0.46,-0.108,0.75,0.663,0.43,0.62,0.568,-0.175,0.137,0.131,0.271,-0.208,-0.205,-0.54,0.815,-0.197,0.688,0.629,-0.15,0.827,0.315,-0.114,-0.015,-0.229,-0.113,0.343,-0.406,0.167,0.672,-0.475,0.63,-0.44,0.68,-0.533,0.731,0.708,0.764,0.49,-0.269,0.675,-0.11,0.055,-0.498,0.386,0.51,-0.218
BATRK,-0.79,0.414,-0.461,0.023,-0.616,-0.249,-0.493,-0.537,0.672,0.704,0.398,0.1,0.687,0.415,0.581,-0.722,-0.175,-0.374,-0.184,0.08,0.684,0.0,0.117,0.801,0.88,0.649,0.878,0.898,-0.077,-0.326,0.722,-0.437,0.659,-0.781,-0.284,0.698,-0.447,0.118,0.936,-0.392,0.462,-0.129,-0.359,-0.283,0.928,0.752,0.631,0.161,-0.456,-0.156,0.777,0.207,0.857,0.489,-0.803,0.695,0.786,0.867,0.708,0.554,0.034,0.878,0.664,0.175,0.91,0.906,0.72,0.916,0.462,0.165,0.865,-0.33,0.861,-0.481,0.531,0.664,0.538,0.055,0.762,0.637,0.894,-0.102,0.436,0.74,0.54,0.67,-0.187,-0.403,0.919,0.455,0.766,-0.486,-0.662,0.759,0.295,0.412,0.676,0.579,0.348,0.774,0.06,-0.325,0.555,-0.731,-0.753,0.047,0.749,0.805,0.742,-0.503,-0.378,0.603,-0.491,0.464,-0.074,0.436,0.689,0.425,-0.329,0.239,0.485,0.774,-0.26,0.671,0.755,0.242,0.381,0.5,-0.553,0.785,0.921,0.207,-0.401,-0.046,0.674,-0.827,-0.053,0.057,0.13,-0.784,-0.6,0.03,-0.782,0.477,0.439,-0.576,0.497,0.681,0.208,-0.274,0.719,-0.605,0.855,-0.262,-0.482,-0.104,0.541,0.772,0.433,0.679,0.838,-0.249,-0.295,0.448,0.504,-0.67,-0.241,-0.651,0.86,0.041,0.896,0.41,0.169,0.864,0.346,-0.054,0.256,-0.201,-0.031,0.592,-0.491,0.108,0.722,-0.076,0.764,-0.683,0.604,-0.771,0.901,0.793,0.821,0.162,-0.301,0.837,-0.371,-0.18,-0.478,0.105,0.825,0.077
BIDU,0.1,0.434,-0.053,0.839,0.26,0.059,0.551,0.534,0.257,0.405,0.383,0.395,0.019,0.42,0.745,0.186,0.816,0.746,0.427,0.747,0.071,0.117,0.0,0.147,-0.012,0.264,0.318,0.094,0.295,0.705,0.45,0.53,0.39,0.081,0.727,-0.132,0.691,-0.238,0.215,0.59,0.631,0.787,0.58,0.829,-0.067,-0.35,0.435,0.703,-0.209,0.789,0.262,-0.385,0.222,0.557,0.09,0.268,0.279,0.129,0.628,0.56,0.953,0.074,0.137,0.64,-0.08,0.367,0.369,0.201,0.401,-0.118,0.145,0.709,0.268,-0.133,0.508,-0.506,0.722,-0.3,-0.005,-0.485,0.167,0.615,-0.189,-0.474,0.725,-0.103,0.794,0.53,0.374,0.48,-0.339,0.381,0.323,0.235,0.254,-0.033,0.509,-0.087,-0.693,0.541,0.639,0.192,0.018,0.32,-0.311,0.86,0.451,-0.055,0.094,0.37,0.587,0.624,0.61,0.608,0.318,0.766,0.276,0.856,0.531,0.327,-0.488,0.302,-0.201,0.035,0.061,-0.663,0.696,0.753,0.082,0.438,0.082,0.808,0.108,0.703,0.29,-0.045,0.735,0.023,0.331,-0.109,0.364,0.768,0.178,0.793,-0.565,0.598,0.095,0.283,-0.065,0.79,-0.375,0.32,0.291,0.765,0.376,0.472,-0.344,0.072,0.727,0.534,0.483,0.649,0.036,0.42,-0.451,0.302,0.455,0.57,-0.055,0.838,0.109,0.127,0.522,0.069,0.914,0.867,0.82,0.511,0.732,0.658,0.45,0.749,-0.101,0.191,0.563,0.316,-0.216,0.303,0.101,0.276,-0.219,-0.493,0.821,0.358,0.693,-0.424,0.659,-0.383,0.517,0.698
BLNE,-0.906,0.142,-0.59,0.014,-0.691,-0.227,-0.443,-0.662,0.753,0.696,0.308,-0.077,0.65,0.589,0.533,-0.742,-0.246,-0.343,-0.103,-0.002,0.68,0.801,0.147,0.0,0.907,0.849,0.803,0.906,-0.236,-0.383,0.874,-0.58,0.717,-0.808,-0.371,0.683,-0.485,0.344,0.764,-0.314,0.467,0.064,-0.56,-0.239,0.879,0.746,0.638,0.223,-0.288,-0.196,0.797,0.22,0.847,0.604,-0.803,0.805,0.898,0.928,0.669,0.72,0.072,0.871,0.822,0.086,0.837,0.815,0.726,0.878,0.401,0.235,0.937,-0.373,0.691,-0.393,0.685,0.404,0.393,-0.023,0.767,0.612,0.854,0.008,0.14,0.664,0.662,0.789,-0.106,-0.497,0.808,0.672,0.747,-0.589,-0.654,0.899,0.004,0.632,0.847,0.406,0.399,0.633,-0.091,-0.4,0.345,-0.725,-0.826,0.066,0.878,0.913,0.605,-0.471,-0.402,0.73,-0.548,0.417,-0.357,0.512,0.794,0.362,-0.353,-0.16,0.601,0.859,-0.274,0.602,0.689,0.344,0.291,0.358,-0.725,0.906,0.885,0.292,-0.482,-0.27,0.767,-0.734,-0.089,-0.238,-0.092,-0.725,-0.588,-0.183,-0.821,0.578,0.514,-0.598,0.361,0.74,0.053,-0.354,0.604,-0.64,0.899,-0.142,-0.632,-0.079,0.414,0.913,0.578,0.842,0.752,-0.201,-0.27,0.395,0.503,-0.546,-0.122,-0.527,0.902,0.025,0.784,0.404,0.094,0.927,0.43,-0.049,0.326,-0.212,-0.187,0.663,-0.387,0.027,0.833,0.023,0.777,-0.366,0.729,-0.671,0.916,0.929,0.796,0.077,-0.298,0.921,-0.279,-0.351,-0.345,0.277,0.822,0.136
BLNK,-0.936,0.105,-0.558,-0.168,-0.815,-0.419,-0.547,-0.748,0.747,0.699,0.244,-0.152,0.747,0.482,0.409,-0.848,-0.401,-0.526,-0.216,-0.194,0.72,0.88,-0.012,0.907,0.0,0.831,0.809,0.95,-0.198,-0.553,0.812,-0.698,0.642,-0.927,-0.503,0.804,-0.643,0.329,0.803,-0.511,0.357,-0.072,-0.651,-0.462,0.952,0.807,0.653,0.107,-0.282,-0.395,0.816,0.279,0.901,0.438,-0.88,0.747,0.871,0.937,0.583,0.685,-0.043,0.899,0.825,-0.032,0.929,0.799,0.771,0.908,0.294,0.316,0.953,-0.477,0.774,-0.492,0.561,0.608,0.36,0.129,0.83,0.771,0.905,-0.072,0.256,0.802,0.51,0.881,-0.31,-0.6,0.821,0.546,0.832,-0.684,-0.783,0.827,-0.025,0.509,0.77,0.457,0.485,0.612,-0.163,-0.546,0.398,-0.828,-0.799,-0.077,0.83,0.939,0.728,-0.581,-0.62,0.585,-0.659,0.337,-0.472,0.421,0.767,0.231,-0.502,-0.126,0.723,0.815,-0.324,0.703,0.772,0.465,0.266,0.295,-0.813,0.83,0.928,0.143,-0.526,-0.342,0.729,-0.79,-0.239,-0.193,-0.105,-0.816,-0.719,-0.263,-0.893,0.422,0.673,-0.747,0.428,0.727,-0.039,-0.496,0.718,-0.785,0.868,-0.369,-0.772,-0.132,0.613,0.909,0.432,0.754,0.743,-0.35,-0.314,0.326,0.51,-0.678,-0.321,-0.711,0.94,-0.175,0.829,0.495,0.048,0.937,0.265,-0.209,0.15,-0.277,-0.319,0.502,-0.512,-0.09,0.848,-0.03,0.725,-0.556,0.83,-0.766,0.926,0.868,0.887,0.222,-0.471,0.841,-0.492,-0.33,-0.525,0.363,0.748,-0.015
BTAI,-0.777,0.07,-0.5,0.059,-0.678,-0.283,-0.272,-0.575,0.812,0.631,0.241,-0.103,0.719,0.617,0.524,-0.627,-0.144,-0.213,-0.056,-0.041,0.71,0.649,0.264,0.849,0.831,0.0,0.739,0.805,-0.068,-0.379,0.879,-0.568,0.672,-0.715,-0.2,0.689,-0.362,0.38,0.589,-0.324,0.379,0.297,-0.534,-0.163,0.751,0.514,0.609,0.27,-0.154,-0.15,0.781,0.176,0.808,0.539,-0.673,0.652,0.882,0.856,0.662,0.867,0.243,0.734,0.875,0.078,0.693,0.676,0.832,0.788,0.325,0.434,0.86,-0.162,0.681,-0.565,0.655,0.242,0.384,0.076,0.705,0.501,0.778,0.262,0.056,0.495,0.699,0.802,0.02,-0.37,0.683,0.67,0.618,-0.578,-0.524,0.835,-0.206,0.5,0.869,0.249,0.291,0.545,-0.06,-0.514,0.174,-0.591,-0.805,0.127,0.908,0.842,0.67,-0.446,-0.458,0.696,-0.383,0.5,-0.551,0.576,0.737,0.399,-0.34,-0.253,0.515,0.695,-0.412,0.655,0.704,0.222,0.377,0.411,-0.754,0.858,0.781,0.301,-0.37,-0.286,0.686,-0.616,-0.014,-0.208,-0.098,-0.684,-0.4,-0.113,-0.683,0.582,0.47,-0.496,0.36,0.799,-0.295,-0.225,0.463,-0.546,0.843,-0.075,-0.617,-0.057,0.437,0.808,0.654,0.845,0.69,-0.138,-0.13,0.3,0.206,-0.363,-0.092,-0.344,0.801,0.024,0.616,0.451,0.141,0.843,0.503,0.075,0.332,-0.242,-0.223,0.613,-0.233,0.064,0.744,-0.004,0.766,-0.248,0.723,-0.495,0.787,0.853,0.675,0.068,-0.135,0.814,-0.158,-0.488,-0.207,0.379,0.698,0.158
BYND,-0.759,0.483,-0.541,0.204,-0.48,-0.114,-0.407,-0.372,0.648,0.663,0.446,0.086,0.721,0.441,0.738,-0.625,-0.045,-0.202,-0.202,0.179,0.733,0.878,0.318,0.803,0.809,0.739,0.0,0.873,0.004,-0.197,0.801,-0.381,0.765,-0.682,-0.091,0.684,-0.281,0.093,0.861,-0.279,0.516,0.05,-0.274,-0.077,0.857,0.597,0.619,0.21,-0.467,-0.018,0.815,0.21,0.873,0.639,-0.71,0.661,0.862,0.877,0.798,0.682,0.233,0.847,0.74,0.203,0.787,0.898,0.795,0.907,0.623,0.189,0.847,-0.118,0.876,-0.474,0.712,0.507,0.608,-0.101,0.718,0.534,0.882,0.153,0.366,0.622,0.7,0.592,0.017,-0.281,0.884,0.563,0.672,-0.362,-0.57,0.814,0.201,0.484,0.788,0.568,0.266,0.839,0.055,-0.314,0.45,-0.667,-0.813,0.16,0.846,0.805,0.762,-0.479,-0.285,0.672,-0.396,0.618,-0.104,0.551,0.756,0.592,-0.301,0.203,0.434,0.721,-0.376,0.656,0.729,0.159,0.426,0.608,-0.439,0.859,0.875,0.315,-0.317,0.068,0.679,-0.818,0.077,0.091,0.009,-0.765,-0.467,0.112,-0.721,0.639,0.254,-0.441,0.407,0.785,0.122,-0.081,0.614,-0.458,0.909,-0.094,-0.44,-0.011,0.427,0.73,0.594,0.778,0.896,-0.027,-0.118,0.395,0.34,-0.528,-0.145,-0.5,0.856,0.186,0.861,0.354,0.151,0.858,0.537,0.12,0.372,-0.062,0.032,0.732,-0.446,0.292,0.663,-0.092,0.879,-0.551,0.52,-0.673,0.891,0.864,0.736,0.07,-0.139,0.893,-0.168,-0.247,-0.312,0.058,0.87,0.129
CAN,-0.928,0.244,-0.607,-0.037,-0.698,-0.221,-0.549,-0.641,0.692,0.714,0.299,-0.027,0.731,0.439,0.51,-0.839,-0.308,-0.446,-0.184,-0.049,0.691,0.898,0.094,0.906,0.95,0.805,0.873,0.0,-0.238,-0.421,0.837,-0.596,0.726,-0.854,-0.41,0.743,-0.55,0.195,0.885,-0.407,0.43,-0.061,-0.54,-0.325,0.95,0.815,0.67,0.143,-0.373,-0.278,0.842,0.266,0.908,0.531,-0.879,0.803,0.85,0.939,0.689,0.647,0.046,0.923,0.788,0.046,0.928,0.857,0.744,0.954,0.432,0.218,0.924,-0.434,0.809,-0.427,0.595,0.61,0.471,0.028,0.831,0.712,0.915,-0.06,0.275,0.778,0.581,0.772,-0.2,-0.52,0.89,0.526,0.784,-0.572,-0.766,0.89,0.092,0.637,0.798,0.557,0.412,0.755,-0.082,-0.457,0.442,-0.813,-0.827,0.034,0.853,0.944,0.701,-0.552,-0.494,0.621,-0.599,0.368,-0.303,0.45,0.821,0.324,-0.425,-0.013,0.664,0.833,-0.347,0.682,0.772,0.382,0.302,0.37,-0.681,0.868,0.941,0.22,-0.523,-0.175,0.723,-0.798,-0.127,-0.175,-0.087,-0.82,-0.681,-0.146,-0.895,0.523,0.56,-0.667,0.453,0.706,0.117,-0.4,0.705,-0.725,0.89,-0.271,-0.673,-0.072,0.467,0.894,0.515,0.761,0.793,-0.291,-0.332,0.438,0.553,-0.689,-0.19,-0.665,0.94,-0.027,0.903,0.408,0.05,0.92,0.382,-0.097,0.247,-0.204,-0.188,0.613,-0.454,0.062,0.858,-0.008,0.772,-0.543,0.754,-0.777,0.927,0.906,0.876,0.165,-0.368,0.9,-0.43,-0.267,-0.481,0.266,0.826,0.059
CCEC,0.354,0.192,0.199,0.265,0.09,-0.147,0.21,0.332,-0.056,-0.042,0.095,0.226,0.057,-0.101,0.203,0.357,0.315,0.248,-0.095,0.153,0.08,-0.077,0.295,-0.236,-0.198,-0.068,0.004,-0.238,0.0,0.218,-0.145,0.232,-0.101,0.163,0.381,-0.124,0.356,-0.245,-0.151,0.06,-0.003,0.18,0.361,0.263,-0.181,-0.435,-0.104,0.107,-0.013,0.312,-0.065,-0.164,-0.117,-0.158,0.185,-0.363,-0.036,-0.112,0.049,0.065,0.321,-0.171,-0.239,0.27,-0.185,-0.095,0.085,-0.175,-0.005,0.175,-0.151,0.372,0.067,-0.305,0.005,-0.098,0.178,-0.005,-0.218,-0.221,-0.06,0.353,0.047,-0.256,0.118,-0.174,0.152,0.299,-0.049,-0.029,-0.162,0.175,0.345,-0.22,0.126,-0.569,-0.055,-0.199,-0.313,-0.077,0.368,0.015,-0.04,0.188,0.093,0.094,-0.081,-0.285,0.014,0.136,0.2,0.054,0.304,0.382,0.131,0.057,-0.239,0.304,0.233,0.278,-0.385,-0.249,-0.141,0.06,0.035,-0.37,0.269,0.348,0.239,-0.128,-0.162,0.02,0.229,0.26,-0.134,-0.013,0.285,0.427,0.335,-0.022,0.292,0.358,0.267,0.048,-0.327,0.375,-0.065,0.167,-0.294,0.398,-0.124,0.257,-0.016,0.048,0.316,0.058,0.065,-0.277,-0.019,-0.055,0.055,0.207,0.083,-0.117,-0.509,0.239,-0.069,0.217,-0.187,0.144,-0.15,0.075,0.284,-0.128,0.202,0.193,0.041,0.036,0.24,-0.037,0.109,0.159,-0.375,-0.255,0.051,-0.021,-0.253,0.141,-0.132,-0.222,-0.227,-0.01,0.369,-0.136,0.266,0.006,0.159,-0.302,-0.07,0.024
CDW,0.586,0.326,0.411,0.788,0.777,0.348,0.756,0.806,-0.252,0.058,0.367,0.398,-0.525,0.105,0.363,0.651,0.886,0.823,0.53,0.837,-0.48,-0.326,0.705,-0.383,-0.553,-0.379,-0.197,-0.421,0.218,0.0,-0.106,0.929,-0.147,0.546,0.811,-0.698,0.913,-0.409,-0.158,0.896,0.341,0.532,0.85,0.869,-0.541,-0.588,0.086,0.628,-0.182,0.875,-0.377,-0.597,-0.282,0.281,0.472,-0.125,-0.297,-0.437,0.159,-0.091,0.673,-0.351,-0.408,0.678,-0.512,-0.063,-0.289,-0.344,0.152,-0.495,-0.427,0.751,-0.24,0.339,0.045,-0.669,0.36,-0.41,-0.458,-0.846,-0.335,0.305,-0.298,-0.752,0.262,-0.65,0.714,0.689,-0.095,0.095,-0.673,0.686,0.62,-0.246,0.49,-0.244,-0.127,-0.346,-0.842,0.119,0.688,0.498,-0.176,0.731,0.254,0.799,-0.148,-0.573,-0.41,0.775,0.91,0.156,0.808,0.216,0.701,0.397,-0.272,0.571,0.871,0.523,-0.828,-0.074,0.187,-0.518,-0.496,-0.83,0.352,0.392,0.566,-0.102,-0.426,0.619,0.213,0.852,-0.043,0.327,0.636,0.008,0.445,0.374,0.653,0.775,0.608,0.333,-0.846,0.891,-0.109,-0.345,0.26,0.857,-0.721,0.628,-0.257,0.862,0.785,0.367,-0.705,-0.429,0.277,-0.032,0.033,0.753,0.047,0.346,-0.423,0.474,0.585,0.789,-0.587,0.864,-0.346,-0.28,0.533,-0.481,0.51,0.771,0.671,0.631,0.844,0.322,0.583,0.563,-0.566,0.329,0.061,0.518,-0.742,0.596,-0.375,-0.303,-0.689,-0.663,0.87,-0.148,0.698,-0.141,0.85,-0.626,0.07,0.669
CDXS,-0.744,0.281,-0.431,0.298,-0.505,-0.265,-0.097,-0.419,0.81,0.782,0.369,0.048,0.651,0.703,0.698,-0.575,0.096,-0.05,0.047,0.227,0.609,0.722,0.45,0.874,0.812,0.879,0.801,0.837,-0.145,-0.106,0.0,-0.342,0.771,-0.705,-0.033,0.577,-0.197,0.351,0.699,-0.076,0.645,0.394,-0.311,0.054,0.743,0.547,0.78,0.436,-0.216,0.08,0.757,0.095,0.85,0.774,-0.638,0.805,0.869,0.846,0.791,0.853,0.375,0.755,0.849,0.278,0.697,0.832,0.813,0.854,0.494,0.226,0.866,-0.017,0.761,-0.45,0.697,0.165,0.624,0.026,0.677,0.356,0.788,0.282,0.056,0.406,0.848,0.717,0.213,-0.216,0.808,0.719,0.522,-0.4,-0.44,0.864,0.067,0.519,0.923,0.32,0.121,0.752,0.153,-0.284,0.307,-0.499,-0.776,0.402,0.957,0.782,0.594,-0.275,-0.212,0.867,-0.212,0.573,-0.287,0.782,0.785,0.595,-0.155,-0.013,0.378,0.846,-0.255,0.591,0.657,0.067,0.583,0.524,-0.644,0.927,0.805,0.607,-0.342,0.001,0.758,-0.597,0.188,-0.21,0.024,-0.612,-0.331,0.115,-0.633,0.757,0.286,-0.346,0.444,0.696,-0.08,-0.043,0.392,-0.447,0.853,0.17,-0.449,0.077,0.268,0.873,0.818,0.909,0.832,0.098,-0.142,0.5,0.291,-0.349,0.109,-0.256,0.75,0.313,0.695,0.501,0.277,0.814,0.673,0.314,0.575,0.04,0.073,0.767,-0.131,0.275,0.735,0.088,0.866,-0.203,0.572,-0.389,0.818,0.913,0.637,-0.085,0.01,0.896,-0.024,-0.463,-0.053,0.239,0.872,0.359
