,ABEO,ACHC,AGNCN,AKAM,AKRO,ALRM,AMAT,AMED,AMRN,ANGI,APA,APOG,APPS,ARCB,ARCC,ARVN,ATEC,ATXS,AVAV,AXON,BANF,BATRK,BIDU,BLNE,BLNK,BTAI,BYND,CAN,CCEC,CDW,CDXS,CELH,CGNX,CHKP,CHRS,CHRW,CIGI,CKPT,CMPR,COGT,CRNC,CRSP,CSTL,CTSH,CVGW,DGLY,DNLI,DOCU,DVAX,EBAY,EHTH,ERII,ESLT,EXPE,EXPO,FBIOP,FFBC,FFIN,FOXF,FWRD,GDS,GERN,GPRE,GRWG,GRYP,HEES,HELE,HIVE,HON,HRTX,HSTM,HURA,IART,IBKR,IBOC,IBRX,IDXX,INGN,INM,INVA,IQ,IRBT,KDP,KPTI,KTOS,KXIN,LAMR,LFUS,LGIH,LGMK,LKFN,LNW,LOPE,LPSN,LYFT,MGNX,MLCO,MNST,MODV,MSTR,MTCH,MYGN,MYRG,NCMI,NEXT,NFLX,NIU,NKTR,NRC,NTNX,NTRA,NVEE,NVMI,NWL,NWS,NXPI,OCGN,OCSL,OKTA,OLLI,OTLK,OXLC,PAA,PARA,PARAA,PDCO,PDFS,PFG,PGEN,PNFP,PODD,POWI,PSMT,PTC,PTEN,PVLA,RDNT,RDUS,RDWR,REGN,RNAC,ROCK,ROST,RRR,RSLS,RVMD,RYAAY,SAFT,SAGE,SAVA,SBGI,SFM,SFNC,SHYF,SIBN,SIFY,SIGI,SIMO,SITM,SLM,SNBR,SNDX,SNY,SPNS,SRRK,STRA,SUPN,SYRE,TCBK,TEAM,TECH,THRM,TLRY,TRMK,TROW,TSLA,TWST,TXN,UFPI,UNIT,UPWK,USLM,UTHR,VERB,VLY,VRNA,VRRM,VXRT,WAFD,WATT,WBA,WING,WIX,WTFC,WTW,XPEL,XRX,YMAB,ZG,ZLAB
ABEO,0.0,0.609,-0.121,0.669,-0.308,-0.436,-0.481,0.288,-0.624,-0.256,0.748,0.691,0.799,0.256,0.746,-0.553,0.47,0.754,0.495,0.605,-0.263,0.619,0.057,0.054,0.435,-0.384,0.068,-0.714,0.769,-0.228,0.239,0.476,-0.339,0.249,0.655,-0.089,-0.309,-0.629,0.837,-0.293,0.615,0.134,0.545,0.705,0.859,-0.049,0.11,-0.112,0.46,0.454,0.796,0.667,-0.289,-0.157,0.254,-0.754,-0.352,-0.177,0.062,0.417,0.481,-0.613,0.143,-0.416,0.299,-0.284,0.0,0.352,0.455,-0.351,0.425,-0.301,0.771,0.422,-0.273,0.557,0.289,-0.513,-0.562,0.448,-0.015,-0.601,0.615,0.705,0.338,0.811,0.626,0.315,0.575,0.103,-0.641,0.383,0.725,-0.003,-0.387,0.226,0.781,0.549,0.405,0.463,-0.113,-0.204,0.564,0.232,0.619,0.803,0.203,-0.478,0.493,-0.033,-0.613,-0.219,-0.123,0.769,0.786,-0.272,-0.726,0.613,-0.37,0.504,0.214,0.638,0.674,0.671,0.643,0.372,0.575,0.341,-0.153,-0.285,0.178,-0.589,0.552,0.815,0.435,-0.569,0.663,0.357,0.651,0.775,-0.289,0.182,0.5,0.584,-0.439,-0.367,0.467,0.492,-0.462,-0.646,0.842,0.865,-0.545,-0.403,0.139,-0.441,0.654,0.099,0.137,0.296,0.337,-0.702,0.794,0.358,-0.685,0.662,0.608,-0.604,-0.691,0.579,0.454,-0.231,-0.122,-0.462,0.527,0.247,-0.691,0.395,-0.133,-0.195,0.198,0.136,0.365,0.466,-0.512,0.677,-0.554,-0.173,-0.294,-0.049,0.731,-0.164,0.448,-0.383,0.622,0.541,0.144,0.637,0.662,0.572
ACHC,0.609,0.0,0.205,0.913,-0.747,-0.094,-0.311,0.23,-0.668,-0.402,0.881,0.619,0.822,0.065,0.74,-0.269,0.717,0.431,0.741,0.828,0.015,0.906,0.176,-0.272,0.245,-0.588,-0.496,-0.517,0.502,-0.018,0.017,0.421,0.155,0.76,0.777,-0.396,-0.609,-0.821,0.756,-0.483,0.724,0.152,0.408,0.932,0.813,0.217,0.253,0.058,0.689,0.792,0.76,0.742,-0.036,-0.041,0.086,-0.829,-0.352,-0.363,-0.101,0.449,0.354,-0.853,0.163,-0.661,0.012,-0.573,-0.215,0.773,0.494,-0.16,0.855,-0.082,0.934,0.612,-0.262,0.567,0.378,-0.403,-0.125,0.633,-0.201,-0.669,0.812,0.781,0.262,0.666,0.715,0.173,0.562,-0.109,-0.745,0.818,0.943,-0.417,0.202,0.466,0.772,0.715,0.578,0.879,-0.209,0.229,0.691,0.084,0.451,0.786,0.001,-0.574,0.619,0.521,-0.761,-0.393,-0.023,0.546,0.906,-0.135,-0.722,0.565,-0.425,0.618,0.332,0.788,0.804,0.821,0.775,0.637,0.8,0.678,-0.118,-0.348,0.602,-0.457,0.785,0.838,0.447,-0.878,0.898,0.217,0.896,0.677,-0.59,0.054,0.705,0.806,-0.458,-0.684,0.672,0.758,-0.546,-0.596,0.844,0.754,-0.627,-0.613,0.223,-0.246,0.776,0.571,0.211,0.569,0.23,-0.732,0.787,0.675,-0.684,0.955,0.734,-0.838,-0.573,0.416,0.771,-0.276,0.315,-0.577,0.773,0.311,-0.817,0.546,-0.051,-0.512,-0.087,0.223,0.656,0.048,-0.636,0.782,-0.62,-0.56,-0.363,-0.386,0.838,0.329,0.503,-0.227,0.927,0.59,0.227,0.787,0.824,0.588
AGNCN,-0.121,0.205,0.0,-0.073,0.009,0.257,0.015,0.584,0.008,0.384,0.165,0.145,-0.075,0.291,0.32,0.642,-0.079,-0.104,0.358,0.145,0.346,0.287,-0.459,0.064,0.161,0.282,0.117,0.165,0.012,0.092,0.514,-0.439,0.197,0.236,0.371,0.078,0.188,-0.199,0.069,0.448,0.15,0.582,-0.311,0.235,-0.176,-0.127,0.443,-0.033,0.224,0.09,0.252,0.401,-0.008,0.383,0.57,-0.038,-0.238,-0.097,-0.177,0.467,-0.489,0.079,0.481,0.261,0.185,0.136,0.445,0.223,0.521,0.421,-0.07,-0.059,0.128,0.198,0.255,-0.068,-0.236,0.394,-0.119,0.236,0.093,0.015,0.208,0.331,-0.187,-0.027,0.471,-0.114,-0.471,-0.27,0.083,0.538,0.194,0.266,0.018,0.059,0.148,-0.036,0.34,0.293,-0.633,-0.015,0.424,0.264,0.503,-0.177,-0.274,0.377,-0.228,0.438,-0.129,0.186,-0.368,0.286,0.12,0.023,0.013,0.062,-0.206,-0.194,0.252,0.432,0.459,-0.037,-0.073,-0.027,-0.208,0.434,0.668,0.27,0.28,-0.102,0.202,0.011,0.61,-0.211,0.361,0.245,0.27,-0.367,-0.176,0.338,0.476,0.336,-0.182,0.204,0.205,0.538,0.043,0.338,0.107,-0.029,0.235,0.24,0.094,0.505,0.411,0.005,-0.177,0.754,0.042,0.002,-0.228,-0.214,0.372,0.117,0.256,-0.018,0.187,0.121,0.421,0.266,-0.018,0.157,0.09,-0.265,-0.088,-0.063,0.383,0.33,-0.592,-0.093,0.406,-0.241,0.1,-0.173,0.066,-0.124,0.48,-0.065,0.352,-0.203,-0.277,0.494,0.357,0.411,0.406,0.329,-0.068,0.142
AKAM,0.669,0.913,-0.073,0.0,-0.762,-0.237,-0.318,0.024,-0.686,-0.533,0.873,0.624,0.914,-0.018,0.643,-0.522,0.783,0.517,0.641,0.808,-0.123,0.847,0.366,-0.315,0.245,-0.702,-0.591,-0.604,0.566,-0.09,-0.122,0.602,0.131,0.676,0.67,-0.449,-0.724,-0.771,0.759,-0.694,0.699,-0.048,0.52,0.879,0.908,0.292,0.07,0.112,0.644,0.839,0.745,0.642,-0.061,-0.12,-0.131,-0.854,-0.301,-0.335,-0.002,0.302,0.598,-0.94,0.017,-0.794,-0.063,-0.618,-0.37,0.783,0.376,-0.307,0.871,-0.111,0.912,0.624,-0.403,0.661,0.5,-0.562,-0.013,0.509,-0.155,-0.723,0.728,0.724,0.37,0.729,0.571,0.247,0.746,0.029,-0.846,0.676,0.876,-0.518,0.189,0.484,0.784,0.731,0.469,0.849,0.028,0.22,0.538,0.031,0.321,0.873,0.17,-0.761,0.701,0.413,-0.761,-0.463,0.107,0.49,0.898,-0.121,-0.788,0.576,-0.352,0.76,0.342,0.671,0.698,0.913,0.882,0.701,0.894,0.58,-0.306,-0.443,0.583,-0.435,0.758,0.867,0.241,-0.855,0.811,0.19,0.855,0.833,-0.555,-0.058,0.589,0.741,-0.376,-0.79,0.721,0.555,-0.583,-0.788,0.853,0.787,-0.742,-0.69,0.105,-0.455,0.662,0.586,0.327,0.322,0.239,-0.781,0.908,0.794,-0.843,0.917,0.656,-0.858,-0.697,0.407,0.636,-0.379,0.338,-0.671,0.804,0.465,-0.828,0.636,-0.21,-0.634,0.134,0.233,0.474,0.124,-0.686,0.886,-0.683,-0.56,-0.555,-0.43,0.748,0.403,0.634,-0.422,0.827,0.471,0.088,0.693,0.916,0.56
AKRO,-0.308,-0.747,0.009,-0.762,0.0,0.06,0.257,0.111,0.541,0.576,-0.594,-0.283,-0.621,0.244,-0.316,0.289,-0.676,-0.064,-0.552,-0.562,0.027,-0.746,-0.31,0.445,0.035,0.708,0.709,0.41,-0.185,0.014,0.358,-0.429,-0.207,-0.693,-0.475,0.598,0.766,0.6,-0.425,0.648,-0.428,0.229,-0.422,-0.583,-0.618,-0.252,-0.007,-0.118,-0.479,-0.705,-0.411,-0.397,-0.206,0.163,0.334,0.61,0.187,0.318,0.2,-0.026,-0.358,0.806,0.12,0.759,0.145,0.662,0.427,-0.619,-0.139,0.164,-0.813,-0.131,-0.658,-0.42,0.347,-0.491,-0.369,0.369,-0.253,-0.481,0.29,0.551,-0.639,-0.398,-0.237,-0.404,-0.303,0.06,-0.487,0.105,0.662,-0.507,-0.647,0.663,-0.472,-0.519,-0.409,-0.587,-0.488,-0.669,0.033,-0.351,-0.271,0.193,-0.028,-0.585,-0.014,0.65,-0.578,-0.415,0.605,0.546,-0.075,-0.102,-0.617,0.157,0.559,-0.321,0.31,-0.644,-0.226,-0.416,-0.437,-0.662,-0.623,-0.609,-0.722,-0.414,0.261,0.389,-0.658,0.351,-0.483,-0.551,0.021,0.671,-0.578,0.162,-0.656,-0.504,0.571,0.283,-0.466,-0.526,0.351,0.806,-0.486,-0.422,0.631,0.565,-0.529,-0.485,0.626,0.695,-0.076,0.315,-0.459,-0.577,-0.139,-0.276,-0.023,0.603,-0.608,-0.715,0.603,-0.772,-0.493,0.704,0.425,-0.101,-0.544,0.406,-0.438,0.593,-0.572,-0.38,0.625,-0.409,0.296,0.73,0.002,-0.211,-0.396,0.147,0.609,-0.594,0.511,0.582,0.51,0.496,-0.538,-0.521,-0.491,0.313,-0.61,-0.184,0.051,-0.516,-0.705,-0.23
ALRM,-0.436,-0.094,0.257,-0.237,0.06,0.0,0.632,-0.105,0.553,0.258,-0.354,-0.133,-0.345,0.133,-0.022,0.549,0.061,-0.234,-0.298,0.087,0.597,-0.248,0.03,0.089,0.192,0.487,0.094,0.646,-0.375,0.671,0.105,-0.127,0.62,0.132,-0.317,0.455,0.314,0.28,-0.311,0.296,0.062,0.298,-0.018,-0.115,-0.453,0.347,-0.086,0.43,-0.259,-0.021,-0.318,-0.242,0.02,0.512,0.155,0.315,0.426,0.449,0.324,0.24,-0.312,0.374,0.418,0.376,-0.092,0.369,0.385,0.016,0.039,0.099,0.063,0.499,-0.253,0.05,0.58,-0.126,0.228,0.422,0.121,-0.195,0.203,0.616,-0.057,-0.259,0.097,-0.375,0.044,0.175,-0.123,-0.086,0.547,0.196,-0.171,-0.121,0.426,-0.034,-0.252,0.117,-0.037,-0.042,0.042,0.407,0.106,-0.165,-0.211,-0.31,0.029,0.275,-0.1,0.437,0.49,0.512,0.298,-0.254,-0.266,0.517,0.611,0.056,0.51,-0.367,0.23,-0.129,-0.245,-0.208,-0.171,-0.029,-0.174,0.159,0.303,0.578,0.251,0.625,0.026,-0.257,0.006,0.271,-0.189,0.071,-0.3,-0.51,0.016,0.376,-0.058,-0.005,-0.029,0.319,-0.199,-0.021,0.46,0.656,-0.417,-0.241,0.54,0.489,0.451,0.413,-0.077,0.217,0.194,0.013,0.302,0.557,-0.494,-0.102,0.444,-0.168,-0.123,0.298,0.692,0.033,-0.024,0.669,0.197,0.548,0.102,0.154,0.488,0.106,0.598,0.33,0.017,0.281,0.052,-0.165,0.556,-0.285,0.643,0.051,0.479,0.093,-0.269,0.342,-0.109,0.675,-0.176,0.142,0.511,-0.242,-0.292,-0.112
AMAT,-0.481,-0.311,0.015,-0.318,0.257,0.632,0.0,-0.535,0.658,0.241,-0.452,-0.142,-0.294,-0.009,-0.147,0.307,-0.104,0.002,-0.611,-0.019,0.204,-0.506,0.315,0.232,0.32,0.472,0.067,0.556,-0.268,0.688,-0.133,0.161,0.741,-0.095,-0.569,0.503,0.455,0.434,-0.338,0.064,0.094,-0.011,-0.103,-0.24,-0.439,0.348,-0.576,0.546,-0.642,0.021,-0.288,-0.495,-0.221,0.632,-0.1,0.32,0.381,0.439,0.545,0.039,0.061,0.376,0.077,0.237,-0.081,0.478,0.334,-0.045,-0.223,-0.265,-0.151,0.594,-0.374,0.104,0.211,-0.052,0.393,0.097,0.246,-0.67,0.563,0.742,-0.3,-0.443,0.36,-0.192,-0.242,0.509,0.062,0.177,0.5,0.036,-0.394,-0.192,0.171,0.08,-0.272,0.109,-0.365,-0.137,0.39,0.338,-0.018,-0.283,-0.343,-0.247,0.386,0.023,-0.256,0.288,0.615,0.648,0.752,-0.34,-0.329,0.867,0.631,0.045,0.819,-0.272,0.355,-0.323,-0.41,-0.22,-0.135,-0.167,-0.063,-0.044,0.225,0.349,0.112,0.905,-0.179,-0.21,-0.278,0.356,-0.454,0.131,-0.445,-0.384,0.344,0.311,-0.218,-0.029,0.069,0.358,-0.155,-0.458,0.449,0.452,-0.531,-0.297,0.369,0.559,0.067,0.145,-0.363,0.351,0.57,-0.384,0.374,0.51,-0.419,0.062,0.32,-0.425,-0.413,0.466,0.466,0.105,-0.467,0.665,0.194,0.393,0.094,0.394,0.492,0.392,0.46,0.294,0.321,0.298,-0.358,0.069,0.559,-0.3,0.646,0.365,0.09,0.148,-0.487,0.403,0.143,0.453,-0.375,0.027,0.366,-0.469,-0.29,-0.127
AMED,0.288,0.23,0.584,0.024,0.111,-0.105,-0.535,0.0,-0.351,0.359,0.349,0.228,0.043,0.438,0.349,0.312,-0.075,-0.01,0.615,0.131,0.062,0.4,-0.776,0.039,0.079,0.146,0.359,-0.078,0.224,-0.275,0.685,-0.533,-0.37,0.129,0.632,0.035,0.02,-0.363,0.271,0.56,0.017,0.555,-0.163,0.29,0.062,-0.396,0.764,-0.448,0.574,-0.174,0.335,0.696,0.19,-0.19,0.722,-0.121,-0.455,-0.272,-0.339,0.551,-0.551,0.038,0.521,0.332,0.331,0.019,0.355,0.124,0.632,0.588,-0.1,-0.589,0.233,-0.058,0.151,-0.201,-0.521,0.401,-0.472,0.614,-0.239,-0.385,0.238,0.503,-0.406,0.025,0.624,-0.315,-0.409,-0.396,-0.115,0.27,0.33,0.604,-0.231,-0.288,0.241,-0.133,0.404,0.187,-0.742,-0.23,0.397,0.681,0.695,-0.017,-0.505,0.519,-0.007,-0.049,-0.379,-0.064,-0.802,0.581,0.232,-0.516,-0.301,-0.017,-0.675,-0.129,-0.087,0.529,0.564,0.007,-0.061,-0.065,-0.248,0.235,0.442,0.04,-0.06,-0.567,0.35,0.097,0.746,-0.236,0.519,0.279,0.372,-0.087,-0.139,0.211,0.451,0.172,-0.116,0.194,0.064,0.663,-0.057,0.11,0.401,0.185,0.049,0.069,0.265,0.397,0.527,-0.485,-0.526,0.791,-0.143,-0.239,-0.023,-0.463,0.24,0.266,0.42,-0.213,-0.111,0.18,0.604,-0.041,-0.414,-0.015,-0.062,-0.535,-0.249,-0.352,0.175,0.305,-0.581,-0.182,0.529,-0.165,-0.184,0.01,-0.196,-0.352,0.434,0.006,0.536,-0.622,-0.439,0.076,0.367,0.397,0.205,0.535,-0.002,0.17
AMRN,-0.624,-0.668,0.008,-0.686,0.541,0.553,0.658,-0.351,0.0,0.368,-0.73,-0.319,-0.68,0.224,-0.428,0.335,-0.282,-0.328,-0.817,-0.434,0.508,-0.803,0.161,0.186,-0.038,0.661,0.291,0.688,-0.43,0.505,-0.027,-0.133,0.339,-0.556,-0.834,0.653,0.644,0.885,-0.629,0.302,-0.387,0.045,-0.24,-0.636,-0.756,0.178,-0.427,0.36,-0.614,-0.416,-0.66,-0.721,-0.124,0.538,-0.023,0.706,0.704,0.747,0.487,-0.073,-0.159,0.755,0.214,0.583,-0.057,0.736,0.309,-0.492,-0.258,-0.034,-0.467,0.451,-0.763,-0.141,0.618,-0.27,0.141,0.409,0.248,-0.725,0.379,0.882,-0.624,-0.725,0.101,-0.579,-0.523,0.25,-0.316,0.306,0.885,-0.364,-0.728,0.118,0.102,-0.34,-0.56,-0.453,-0.359,-0.646,0.435,-0.046,-0.393,-0.238,-0.453,-0.711,0.214,0.412,-0.32,-0.076,0.868,0.731,0.375,-0.509,-0.752,0.525,0.885,-0.18,0.727,-0.505,0.03,-0.522,-0.685,-0.514,-0.443,-0.224,-0.542,-0.122,0.126,0.721,-0.172,0.791,-0.416,-0.66,-0.292,0.815,-0.737,0.113,-0.821,-0.675,0.356,0.412,-0.606,-0.452,0.428,0.649,-0.356,-0.552,0.807,0.668,-0.786,-0.626,0.826,0.764,0.034,0.228,-0.516,-0.02,0.136,-0.498,0.176,0.888,-0.741,-0.359,0.589,-0.721,-0.441,0.836,0.841,-0.31,-0.601,0.675,0.067,0.839,-0.333,0.093,0.875,-0.164,0.537,0.595,0.215,0.085,-0.572,0.172,0.9,-0.577,0.881,0.533,0.565,0.31,-0.794,0.144,-0.299,0.723,-0.656,-0.228,0.261,-0.843,-0.669,-0.348
ANGI,-0.256,-0.402,0.384,-0.533,0.576,0.258,0.241,0.359,0.368,0.0,-0.246,0.027,-0.425,0.448,-0.049,0.389,-0.346,-0.076,-0.213,-0.162,0.066,-0.331,-0.524,0.386,0.277,0.769,0.659,0.345,0.026,0.4,0.614,-0.382,0.189,-0.345,-0.163,0.565,0.687,0.241,-0.368,0.663,-0.127,0.308,-0.372,-0.241,-0.492,-0.044,0.103,-0.217,-0.132,-0.406,-0.16,0.059,0.155,0.362,0.541,0.544,0.151,0.248,0.092,0.251,-0.476,0.597,0.311,0.756,0.26,0.711,0.656,-0.219,0.379,0.355,-0.547,-0.262,-0.368,-0.006,0.299,-0.309,-0.278,0.683,-0.089,-0.272,0.509,0.327,-0.49,-0.208,0.013,-0.272,0.137,0.153,-0.539,-0.299,0.46,-0.038,-0.396,0.702,-0.196,-0.343,-0.164,-0.344,0.085,-0.337,-0.208,-0.234,0.054,0.413,0.392,-0.485,-0.089,0.624,-0.512,-0.101,0.307,0.54,-0.125,0.165,-0.392,0.316,0.369,-0.071,0.14,-0.372,0.272,-0.065,-0.049,-0.405,-0.404,-0.193,-0.55,0.078,0.619,0.408,-0.105,0.313,-0.174,-0.359,0.284,0.392,-0.231,0.479,-0.297,-0.507,0.582,0.359,0.038,-0.175,0.186,0.707,-0.083,-0.087,0.436,0.509,-0.255,-0.313,0.556,0.699,0.044,0.501,0.043,-0.401,0.039,0.21,0.23,0.411,-0.553,-0.532,0.675,-0.38,-0.152,0.587,0.367,0.023,-0.078,0.536,-0.33,0.43,-0.247,-0.14,0.481,-0.165,0.428,0.735,0.006,-0.411,-0.037,-0.084,0.454,-0.432,0.541,0.204,0.599,0.279,-0.234,-0.49,-0.313,0.451,-0.234,0.069,0.455,-0.138,-0.384,-0.398
APA,0.748,0.881,0.165,0.873,-0.594,-0.354,-0.452,0.349,-0.73,-0.246,0.0,0.777,0.871,0.161,0.752,-0.409,0.648,0.574,0.756,0.828,-0.156,0.871,0.098,-0.249,0.304,-0.509,-0.301,-0.699,0.735,-0.102,0.155,0.455,-0.004,0.625,0.839,-0.357,-0.552,-0.819,0.813,-0.44,0.727,0.114,0.359,0.926,0.878,0.157,0.297,-0.083,0.716,0.736,0.838,0.863,-0.0,-0.092,0.181,-0.809,-0.379,-0.391,-0.022,0.444,0.395,-0.835,0.185,-0.592,0.157,-0.443,-0.146,0.719,0.659,-0.173,0.682,-0.283,0.911,0.671,-0.364,0.622,0.308,-0.437,-0.206,0.563,-0.062,-0.811,0.679,0.839,0.34,0.753,0.747,0.252,0.55,-0.116,-0.818,0.732,0.879,-0.173,-0.036,0.435,0.899,0.62,0.647,0.786,-0.155,0.085,0.705,0.211,0.64,0.805,0.015,-0.559,0.624,0.312,-0.829,-0.372,-0.137,0.722,0.91,-0.213,-0.829,0.646,-0.517,0.733,0.368,0.777,0.908,0.827,0.783,0.662,0.76,0.641,-0.051,-0.408,0.524,-0.577,0.731,0.873,0.582,-0.827,0.869,0.409,0.888,0.778,-0.45,0.097,0.794,0.818,-0.404,-0.627,0.741,0.688,-0.585,-0.738,0.92,0.831,-0.644,-0.526,0.029,-0.367,0.824,0.373,0.21,0.536,0.252,-0.797,0.838,0.587,-0.673,0.886,0.736,-0.766,-0.714,0.472,0.702,-0.326,0.161,-0.618,0.721,0.298,-0.857,0.501,-0.104,-0.398,0.048,0.106,0.598,0.145,-0.669,0.853,-0.682,-0.492,-0.346,-0.32,0.868,0.105,0.549,-0.348,0.909,0.565,0.206,0.825,0.881,0.522
APOG,0.691,0.619,0.145,0.624,-0.283,-0.133,-0.142,0.228,-0.319,0.027,0.777,0.0,0.729,0.383,0.83,-0.317,0.488,0.759,0.328,0.777,-0.002,0.538,0.195,0.092,0.595,-0.097,0.026,-0.588,0.854,0.208,0.292,0.58,0.166,0.295,0.524,0.149,-0.088,-0.509,0.747,-0.248,0.769,0.218,0.406,0.778,0.692,0.375,0.033,0.015,0.375,0.685,0.763,0.638,-0.28,0.365,0.404,-0.603,-0.067,0.104,0.408,0.588,0.449,-0.525,0.417,-0.328,0.244,0.104,0.288,0.43,0.755,-0.464,0.447,-0.186,0.683,0.848,-0.101,0.728,0.572,-0.377,-0.272,0.131,0.318,-0.42,0.522,0.669,0.608,0.762,0.715,0.648,0.512,0.107,-0.458,0.655,0.641,0.035,-0.309,0.403,0.878,0.6,0.543,0.484,0.089,-0.067,0.761,0.111,0.653,0.62,0.261,-0.48,0.468,0.333,-0.461,0.184,0.12,0.778,0.714,0.182,-0.544,0.888,-0.06,0.564,0.61,0.679,0.743,0.709,0.705,0.662,0.581,0.725,0.133,0.007,0.551,-0.222,0.555,0.779,0.629,-0.483,0.581,0.679,0.55,0.61,-0.266,0.549,0.655,0.808,-0.317,-0.196,0.751,0.453,-0.212,-0.499,0.691,0.8,-0.264,-0.106,-0.006,-0.396,0.771,0.3,0.371,0.331,0.625,-0.405,0.619,0.448,-0.492,0.585,0.66,-0.436,-0.424,0.58,0.385,0.181,-0.018,-0.239,0.696,0.547,-0.509,0.621,0.324,0.085,0.322,0.144,0.388,0.491,-0.201,0.616,-0.274,-0.115,-0.023,0.019,0.624,0.103,0.581,0.011,0.687,0.673,0.588,0.529,0.659,0.346
APPS,0.799,0.822,-0.075,0.914,-0.621,-0.345,-0.294,0.043,-0.68,-0.425,0.871,0.729,0.0,0.058,0.743,-0.552,0.683,0.7,0.575,0.804,-0.275,0.791,0.308,-0.111,0.455,-0.586,-0.368,-0.715,0.764,-0.095,0.021,0.693,0.046,0.556,0.673,-0.325,-0.544,-0.762,0.852,-0.612,0.781,-0.014,0.609,0.871,0.946,0.17,-0.0,0.124,0.512,0.813,0.872,0.655,-0.213,-0.034,-0.001,-0.884,-0.347,-0.274,0.093,0.331,0.678,-0.89,-0.001,-0.71,0.105,-0.472,-0.191,0.686,0.412,-0.446,0.704,-0.134,0.911,0.663,-0.474,0.77,0.53,-0.634,-0.218,0.413,0.028,-0.688,0.722,0.768,0.518,0.896,0.607,0.392,0.758,0.126,-0.832,0.618,0.842,-0.364,-0.094,0.555,0.846,0.743,0.492,0.772,0.024,0.115,0.593,0.037,0.477,0.939,0.306,-0.773,0.613,0.343,-0.697,-0.326,0.156,0.651,0.934,-0.049,-0.806,0.697,-0.259,0.745,0.433,0.663,0.738,0.878,0.862,0.613,0.877,0.534,-0.176,-0.414,0.53,-0.446,0.636,0.945,0.292,-0.808,0.756,0.289,0.828,0.874,-0.445,0.05,0.632,0.794,-0.484,-0.654,0.731,0.483,-0.598,-0.802,0.889,0.885,-0.742,-0.572,0.072,-0.532,0.691,0.49,0.397,0.306,0.356,-0.81,0.933,0.745,-0.836,0.824,0.644,-0.78,-0.774,0.582,0.531,-0.299,0.217,-0.685,0.805,0.539,-0.822,0.694,-0.181,-0.495,0.246,0.186,0.385,0.294,-0.648,0.841,-0.656,-0.332,-0.547,-0.28,0.776,0.212,0.728,-0.445,0.787,0.551,0.156,0.694,0.918,0.607
ARCB,0.256,0.065,0.291,-0.018,0.244,0.133,-0.009,0.438,0.224,0.448,0.161,0.383,0.058,0.0,0.347,-0.078,0.177,0.219,-0.001,0.232,0.406,0.053,-0.296,0.195,0.414,0.365,0.354,0.147,0.31,0.3,0.673,-0.006,0.083,-0.321,0.072,0.639,0.321,0.112,0.121,0.233,0.151,0.565,0.129,0.159,0.005,-0.036,0.048,0.172,0.267,-0.116,0.217,0.329,-0.116,0.307,0.461,0.051,0.209,0.459,0.222,0.766,-0.019,0.202,0.597,0.417,0.28,0.524,0.413,0.154,0.523,0.181,-0.029,-0.188,0.043,0.237,0.522,0.054,0.075,0.425,-0.211,0.057,0.291,0.092,-0.106,0.075,0.16,0.091,0.368,0.34,-0.047,0.166,0.239,0.224,0.079,0.373,-0.136,-0.406,0.22,-0.14,0.325,-0.015,-0.043,-0.261,0.291,0.428,0.526,-0.07,0.239,0.308,0.148,-0.073,0.037,0.455,-0.075,0.463,0.046,0.106,0.063,0.269,-0.029,0.021,0.297,0.388,0.224,0.173,0.172,0.169,-0.16,0.45,0.258,0.56,-0.054,0.086,0.406,0.047,0.376,0.105,0.218,0.689,0.069,-0.089,0.167,0.704,0.053,0.108,0.015,0.379,0.264,0.269,0.367,0.066,0.229,0.122,0.421,0.474,0.311,0.218,0.407,-0.033,0.162,0.269,0.431,0.042,-0.062,-0.214,0.174,0.113,0.395,0.203,0.18,0.233,0.257,0.48,0.048,0.42,0.23,0.092,0.155,0.112,0.542,0.508,0.08,0.017,-0.123,0.404,0.343,0.067,0.354,-0.013,0.494,0.203,0.076,-0.202,-0.205,0.48,0.122,0.567,0.622,0.012,0.055,0.236
ARCC,0.746,0.74,0.32,0.643,-0.316,-0.022,-0.147,0.349,-0.428,-0.049,0.752,0.83,0.743,0.347,0.0,-0.149,0.488,0.727,0.487,0.808,-0.01,0.656,0.029,0.191,0.65,-0.094,0.043,-0.493,0.727,0.102,0.353,0.407,0.098,0.464,0.688,0.12,-0.084,-0.68,0.853,-0.105,0.845,0.408,0.363,0.868,0.698,0.183,0.152,0.054,0.388,0.654,0.857,0.723,-0.387,0.31,0.515,-0.757,-0.322,-0.084,0.236,0.699,0.294,-0.541,0.425,-0.318,0.308,-0.077,0.321,0.503,0.699,-0.338,0.493,-0.138,0.811,0.68,-0.088,0.594,0.442,-0.369,-0.53,0.354,0.162,-0.38,0.749,0.788,0.42,0.802,0.866,0.493,0.439,-0.032,-0.489,0.781,0.815,-0.02,-0.294,0.397,0.856,0.72,0.445,0.642,-0.248,-0.058,0.883,0.169,0.725,0.705,0.169,-0.383,0.345,0.46,-0.537,0.107,0.006,0.817,0.828,0.084,-0.562,0.808,-0.146,0.367,0.5,0.796,0.833,0.665,0.65,0.425,0.562,0.659,0.213,-0.031,0.474,-0.332,0.637,0.856,0.697,-0.643,0.762,0.567,0.678,0.539,-0.391,0.499,0.729,0.856,-0.534,-0.213,0.615,0.647,-0.33,-0.349,0.77,0.851,-0.339,-0.185,0.212,-0.166,0.824,0.302,0.271,0.548,0.572,-0.517,0.615,0.381,-0.489,0.676,0.667,-0.569,-0.459,0.749,0.557,0.171,-0.031,-0.278,0.702,0.356,-0.623,0.597,0.29,0.04,0.045,0.284,0.574,0.411,-0.289,0.563,-0.34,-0.157,-0.056,-0.018,0.794,0.017,0.465,0.015,0.778,0.831,0.564,0.708,0.602,0.577
ARVN,-0.553,-0.269,0.642,-0.522,0.289,0.549,0.307,0.312,0.335,0.389,-0.409,-0.317,-0.552,-0.078,-0.149,0.0,-0.488,-0.423,-0.068,-0.291,0.322,-0.228,-0.449,0.195,-0.082,0.545,0.27,0.551,-0.462,0.135,0.282,-0.673,0.168,0.057,-0.077,0.21,0.396,0.189,-0.347,0.713,-0.243,0.418,-0.433,-0.268,-0.648,-0.116,0.377,0.027,-0.246,-0.287,-0.296,-0.14,0.007,0.313,0.397,0.366,-0.043,0.054,-0.097,0.08,-0.772,0.522,0.376,0.515,0.028,0.274,0.525,-0.247,0.057,0.425,-0.393,0.189,-0.379,-0.246,0.385,-0.424,-0.373,0.487,-0.097,-0.045,0.004,0.485,-0.027,-0.085,-0.419,-0.478,0.043,-0.308,-0.671,-0.277,0.528,0.06,-0.254,0.266,0.039,-0.081,-0.368,-0.207,-0.117,-0.15,-0.497,0.177,0.065,0.007,-0.051,-0.545,-0.379,0.629,-0.483,0.276,0.382,0.346,-0.258,-0.184,-0.351,0.12,0.499,-0.267,0.143,-0.665,-0.09,-0.088,-0.096,-0.55,-0.554,-0.436,-0.529,-0.067,0.624,0.394,-0.014,0.233,-0.277,-0.439,0.286,0.249,-0.175,-0.163,-0.273,-0.745,-0.012,0.181,0.08,-0.104,-0.049,0.508,-0.369,0.108,0.328,0.803,-0.48,-0.412,0.508,0.435,0.145,0.598,-0.128,-0.263,-0.376,0.357,-0.161,0.506,-0.677,-0.527,0.713,-0.384,-0.225,0.281,0.598,-0.115,-0.021,0.419,-0.2,0.437,-0.328,-0.445,0.371,-0.361,0.431,0.457,-0.571,0.02,0.218,-0.416,0.414,-0.634,0.398,0.13,0.584,0.14,-0.11,-0.163,-0.497,0.546,-0.191,0.007,0.203,-0.096,-0.567,-0.196
ATEC,0.47,0.717,-0.079,0.783,-0.676,0.061,-0.104,-0.075,-0.282,-0.346,0.648,0.488,0.683,0.177,0.488,-0.488,0.0,0.268,0.417,0.755,0.199,0.608,0.401,-0.427,0.181,-0.445,-0.516,-0.309,0.374,0.214,-0.15,0.592,0.295,0.536,0.356,-0.229,-0.584,-0.401,0.483,-0.629,0.538,-0.03,0.51,0.667,0.641,0.269,-0.104,0.275,0.572,0.673,0.44,0.431,0.14,-0.003,-0.194,-0.529,0.105,0.008,0.219,0.3,0.525,-0.659,0.167,-0.551,-0.036,-0.353,-0.328,0.688,0.354,-0.194,0.824,0.049,0.65,0.599,-0.045,0.569,0.569,-0.272,0.144,0.339,-0.114,-0.432,0.474,0.366,0.509,0.418,0.392,0.33,0.635,0.023,-0.499,0.57,0.649,-0.53,0.463,0.268,0.532,0.53,0.488,0.618,0.226,0.235,0.351,-0.003,0.15,0.604,0.154,-0.583,0.743,0.359,-0.468,-0.244,0.213,0.253,0.604,-0.014,-0.429,0.508,-0.17,0.658,0.332,0.462,0.434,0.782,0.776,0.739,0.723,0.619,-0.34,-0.106,0.613,-0.154,0.714,0.601,0.088,-0.526,0.594,0.31,0.576,0.577,-0.417,0.07,0.366,0.558,-0.177,-0.633,0.634,0.418,-0.266,-0.54,0.591,0.547,-0.382,-0.388,0.329,-0.348,0.556,0.624,0.405,0.14,0.291,-0.463,0.622,0.692,-0.629,0.772,0.625,-0.515,-0.312,0.212,0.573,-0.145,0.53,-0.289,0.717,0.522,-0.441,0.528,-0.031,-0.472,0.289,0.276,0.253,0.162,-0.346,0.796,-0.249,-0.523,-0.273,-0.415,0.448,0.471,0.525,-0.092,0.609,0.383,0.215,0.38,0.727,0.38
ATXS,0.754,0.431,-0.104,0.517,-0.064,-0.234,0.002,-0.01,-0.328,-0.076,0.574,0.759,0.7,0.219,0.727,-0.423,0.268,0.0,0.114,0.599,-0.273,0.312,0.276,0.314,0.709,-0.084,0.143,-0.537,0.808,0.063,0.245,0.612,0.037,0.11,0.374,0.207,0.011,-0.453,0.71,-0.252,0.744,0.159,0.379,0.62,0.678,0.241,-0.194,0.076,0.069,0.542,0.753,0.427,-0.596,0.283,0.277,-0.613,-0.203,0.039,0.41,0.428,0.574,-0.449,0.162,-0.298,0.173,0.036,0.233,0.33,0.406,-0.615,0.251,-0.134,0.598,0.576,-0.28,0.643,0.522,-0.575,-0.468,-0.038,0.398,-0.243,0.429,0.586,0.564,0.846,0.544,0.714,0.624,0.293,-0.457,0.442,0.502,0.017,-0.5,0.326,0.79,0.608,0.169,0.423,0.126,-0.161,0.644,0.027,0.551,0.69,0.477,-0.533,0.253,0.128,-0.33,0.199,0.307,0.715,0.654,0.282,-0.464,0.744,0.102,0.402,0.543,0.502,0.541,0.573,0.595,0.321,0.541,0.366,0.062,-0.123,0.191,-0.119,0.382,0.765,0.401,-0.439,0.413,0.545,0.425,0.642,-0.08,0.417,0.44,0.635,-0.345,-0.12,0.492,0.192,-0.233,-0.492,0.603,0.748,-0.368,-0.119,-0.071,-0.452,0.485,0.259,0.494,0.068,0.618,-0.439,0.63,0.418,-0.567,0.375,0.387,-0.36,-0.558,0.694,0.093,0.14,-0.098,-0.313,0.611,0.5,-0.485,0.696,0.143,0.047,0.417,0.169,0.186,0.584,-0.201,0.511,-0.295,0.141,-0.275,0.126,0.494,0.004,0.588,-0.196,0.46,0.597,0.372,0.411,0.553,0.482
AVAV,0.495,0.741,0.358,0.641,-0.552,-0.298,-0.611,0.615,-0.817,-0.213,0.756,0.328,0.575,-0.001,0.487,-0.068,0.417,0.114,0.0,0.521,-0.14,0.88,-0.313,-0.322,-0.012,-0.515,-0.298,-0.478,0.331,-0.387,0.199,-0.095,-0.196,0.701,0.915,-0.568,-0.622,-0.819,0.563,-0.13,0.361,0.159,0.121,0.708,0.593,-0.25,0.629,-0.298,0.819,0.401,0.606,0.853,0.284,-0.4,0.221,-0.622,-0.62,-0.646,-0.455,0.333,-0.082,-0.652,0.119,-0.413,0.109,-0.643,-0.211,0.607,0.509,0.326,0.507,-0.435,0.747,0.201,-0.3,0.142,-0.192,-0.12,-0.203,0.852,-0.431,-0.819,0.634,0.748,-0.163,0.385,0.679,-0.29,0.115,-0.392,-0.717,0.581,0.773,-0.057,0.103,0.211,0.531,0.333,0.521,0.728,-0.605,0.144,0.495,0.393,0.544,0.549,-0.416,-0.167,0.4,0.258,-0.834,-0.615,-0.534,0.519,0.723,-0.557,-0.772,0.15,-0.819,0.382,-0.02,0.687,0.78,0.493,0.41,0.269,0.434,0.382,0.04,-0.479,0.319,-0.75,0.6,0.567,0.507,-0.809,0.873,0.046,0.87,0.456,-0.489,-0.211,0.708,0.528,-0.369,-0.562,0.435,0.816,-0.618,-0.446,0.775,0.525,-0.597,-0.568,0.198,0.056,0.691,0.074,-0.215,0.758,-0.222,-0.773,0.568,0.239,-0.394,0.778,0.614,-0.773,-0.583,0.233,0.845,-0.503,0.031,-0.602,0.371,-0.218,-0.793,0.068,-0.288,-0.445,-0.459,-0.014,0.709,-0.297,-0.747,0.561,-0.711,-0.716,-0.227,-0.44,0.859,-0.155,0.101,-0.38,0.783,0.385,-0.083,0.87,0.596,0.391
AXON,0.605,0.828,0.145,0.808,-0.562,0.087,-0.019,0.131,-0.434,-0.162,0.828,0.777,0.804,0.232,0.808,-0.291,0.755,0.599,0.521,0.0,0.012,0.713,0.219,-0.066,0.55,-0.268,-0.271,-0.427,0.613,0.312,0.143,0.581,0.374,0.669,0.632,-0.055,-0.38,-0.675,0.735,-0.402,0.882,0.171,0.47,0.898,0.734,0.392,0.053,0.27,0.497,0.782,0.743,0.702,-0.105,0.199,0.174,-0.732,-0.164,-0.126,0.32,0.578,0.423,-0.688,0.311,-0.478,0.162,-0.217,0.037,0.744,0.611,-0.292,0.773,0.021,0.814,0.751,-0.176,0.634,0.566,-0.361,-0.178,0.362,0.167,-0.466,0.662,0.69,0.551,0.698,0.747,0.515,0.657,-0.058,-0.573,0.819,0.813,-0.32,0.089,0.486,0.825,0.801,0.553,0.776,0.016,0.299,0.813,0.087,0.492,0.775,0.219,-0.55,0.611,0.534,-0.548,-0.044,0.214,0.636,0.84,0.186,-0.534,0.764,-0.112,0.617,0.558,0.668,0.747,0.802,0.794,0.63,0.786,0.669,0.07,-0.177,0.657,-0.163,0.762,0.849,0.47,-0.702,0.757,0.519,0.728,0.621,-0.373,0.333,0.754,0.871,-0.488,-0.478,0.69,0.56,-0.387,-0.498,0.745,0.81,-0.465,-0.251,0.236,-0.25,0.763,0.571,0.504,0.395,0.5,-0.571,0.676,0.648,-0.544,0.805,0.669,-0.625,-0.459,0.626,0.612,0.085,0.273,-0.407,0.867,0.562,-0.641,0.743,0.21,-0.267,0.229,0.363,0.48,0.221,-0.406,0.782,-0.335,-0.415,-0.273,-0.233,0.705,0.374,0.652,-0.091,0.781,0.715,0.507,0.698,0.814,0.509
BANF,-0.263,0.015,0.346,-0.123,0.027,0.597,0.204,0.062,0.508,0.066,-0.156,-0.002,-0.275,0.406,-0.01,0.322,0.199,-0.273,-0.14,0.012,0.0,-0.089,0.117,-0.19,-0.145,0.211,-0.059,0.398,-0.271,0.354,0.076,-0.121,0.271,-0.055,-0.232,0.31,0.101,0.369,-0.203,0.109,-0.117,0.434,-0.017,-0.062,-0.293,0.201,0.122,0.339,0.077,-0.012,-0.29,-0.154,0.017,0.379,0.076,0.24,0.618,0.575,0.21,0.304,-0.214,0.262,0.541,0.236,-0.191,0.26,0.105,-0.023,0.164,0.156,0.155,0.346,-0.166,0.128,0.868,0.005,0.181,0.347,0.198,-0.045,-0.099,0.381,-0.04,-0.194,0.025,-0.389,-0.014,0.077,-0.147,0.171,0.5,0.197,-0.064,-0.137,0.415,-0.206,-0.142,-0.172,0.141,-0.101,0.123,0.175,0.01,-0.154,-0.136,-0.349,-0.06,0.236,0.221,0.246,0.343,0.317,0.031,-0.226,-0.224,0.099,0.422,0.064,0.157,-0.199,-0.002,0.084,-0.122,-0.049,-0.045,0.207,-0.18,0.393,-0.016,0.709,0.152,0.289,0.155,-0.259,0.117,0.25,-0.045,0.145,-0.184,-0.342,-0.185,0.497,-0.177,-0.012,0.129,0.137,0.039,0.232,0.497,0.371,-0.238,-0.236,0.639,0.318,0.3,0.244,0.08,0.242,-0.033,0.062,0.174,0.455,-0.307,-0.085,0.226,-0.016,0.188,0.253,0.693,-0.294,0.116,0.418,0.407,0.702,0.06,-0.01,0.383,-0.13,0.505,0.274,-0.093,0.215,-0.013,0.089,0.566,-0.077,0.453,-0.025,0.661,0.049,-0.205,0.295,-0.264,0.784,0.011,0.14,0.382,-0.301,-0.191,0.024
BATRK,0.619,0.906,0.287,0.847,-0.746,-0.248,-0.506,0.4,-0.803,-0.331,0.871,0.538,0.791,0.053,0.656,-0.228,0.608,0.312,0.88,0.713,-0.089,0.0,-0.051,-0.273,0.199,-0.615,-0.445,-0.581,0.504,-0.206,0.113,0.257,0.001,0.716,0.875,-0.498,-0.673,-0.882,0.731,-0.393,0.596,0.138,0.381,0.86,0.788,0.034,0.405,-0.086,0.768,0.681,0.781,0.834,0.095,-0.176,0.108,-0.807,-0.494,-0.478,-0.292,0.405,0.229,-0.845,0.111,-0.616,0.061,-0.627,-0.193,0.729,0.519,0.013,0.722,-0.238,0.902,0.493,-0.321,0.485,0.157,-0.303,-0.121,0.737,-0.263,-0.805,0.778,0.808,0.135,0.627,0.718,-0.048,0.394,-0.222,-0.811,0.729,0.909,-0.296,0.15,0.44,0.705,0.59,0.638,0.844,-0.391,0.182,0.582,0.217,0.546,0.739,-0.104,-0.471,0.529,0.436,-0.845,-0.527,-0.259,0.59,0.876,-0.343,-0.832,0.432,-0.616,0.607,0.25,0.794,0.844,0.761,0.694,0.548,0.681,0.584,-0.028,-0.4,0.559,-0.658,0.713,0.77,0.444,-0.896,0.922,0.123,0.95,0.623,-0.575,-0.082,0.751,0.732,-0.486,-0.688,0.655,0.795,-0.672,-0.613,0.882,0.717,-0.666,-0.64,0.176,-0.173,0.802,0.345,0.038,0.702,0.081,-0.829,0.759,0.538,-0.606,0.934,0.698,-0.861,-0.643,0.373,0.838,-0.406,0.204,-0.648,0.655,0.153,-0.859,0.369,-0.193,-0.524,-0.215,0.082,0.661,-0.075,-0.72,0.703,-0.713,-0.663,-0.345,-0.445,0.902,0.111,0.388,-0.338,0.9,0.526,0.111,0.867,0.805,0.501
BIDU,0.057,0.176,-0.459,0.366,-0.31,0.03,0.315,-0.776,0.161,-0.524,0.098,0.195,0.308,-0.296,0.029,-0.449,0.401,0.276,-0.313,0.219,0.117,-0.051,0.0,-0.231,-0.054,-0.356,-0.48,-0.236,0.119,0.202,-0.667,0.753,0.31,0.136,-0.294,-0.12,-0.24,0.113,0.15,-0.755,0.291,-0.45,0.261,0.144,0.316,0.549,-0.585,0.403,-0.235,0.56,-0.0,-0.358,-0.242,0.258,-0.549,-0.244,0.43,0.24,0.462,-0.288,0.751,-0.383,-0.282,-0.592,-0.264,-0.171,-0.412,0.123,-0.27,-0.752,0.427,0.5,0.161,0.431,-0.127,0.546,0.773,-0.666,0.359,-0.408,0.168,0.078,0.096,-0.121,0.578,0.254,-0.304,0.482,0.646,0.463,-0.163,0.091,0.074,-0.664,0.25,0.417,0.2,0.357,-0.113,0.116,0.755,0.203,-0.079,-0.657,-0.444,0.314,0.477,-0.766,0.389,0.234,0.063,-0.018,0.696,-0.303,0.146,0.372,-0.019,0.355,0.46,0.421,0.209,-0.128,-0.155,0.391,0.443,0.461,0.576,0.172,-0.557,-0.071,0.354,0.3,0.012,0.278,-0.37,-0.053,-0.151,-0.046,-0.065,0.447,-0.223,-0.029,-0.16,0.231,0.01,-0.457,0.292,-0.285,-0.07,-0.393,-0.024,0.171,-0.204,-0.29,-0.246,-0.632,-0.149,0.691,0.543,-0.582,0.277,0.019,0.393,0.723,-0.586,0.103,-0.053,-0.106,-0.082,-0.068,-0.322,-0.072,0.482,-0.088,0.352,0.662,-0.087,0.501,-0.114,-0.387,0.585,0.298,-0.185,0.371,0.016,0.4,-0.077,0.202,-0.392,-0.169,-0.169,0.694,0.657,-0.057,0.089,-0.133,-0.095,-0.271,0.322,0.103
BLNE,0.054,-0.272,0.064,-0.315,0.445,0.089,0.232,0.039,0.186,0.386,-0.249,0.092,-0.111,0.195,0.191,0.195,-0.427,0.314,-0.322,-0.066,-0.19,-0.273,-0.231,0.0,0.473,0.473,0.564,0.081,0.144,0.123,0.355,-0.044,-0.019,-0.283,-0.087,0.545,0.589,0.059,0.05,0.398,0.169,0.261,-0.028,-0.108,-0.161,0.097,-0.136,0.08,-0.45,-0.177,0.088,-0.078,-0.47,0.351,0.353,0.052,-0.125,0.118,0.205,0.211,-0.139,0.326,0.021,0.355,0.187,0.438,0.544,-0.301,0.005,-0.202,-0.344,-0.014,-0.133,-0.036,0.005,-0.039,0.013,0.039,-0.456,-0.303,0.43,0.358,-0.057,0.005,0.037,0.163,0.112,0.224,-0.151,0.026,0.257,-0.068,-0.154,0.342,-0.569,-0.022,-0.016,0.077,-0.186,-0.241,-0.134,-0.302,0.199,0.013,0.24,-0.087,0.28,0.22,-0.471,0.016,0.296,0.47,0.122,0.248,-0.091,0.325,0.189,0.14,0.371,-0.351,0.164,-0.082,-0.048,-0.23,-0.19,-0.339,-0.26,-0.16,0.394,0.197,-0.197,0.174,-0.255,-0.002,0.1,0.216,-0.176,0.169,-0.205,-0.207,0.345,0.311,0.025,0.019,-0.163,0.509,-0.155,-0.192,0.114,0.313,-0.113,0.03,0.178,0.364,-0.042,0.24,-0.084,-0.273,0.081,0.012,0.329,0.193,-0.211,-0.262,0.25,-0.331,-0.264,0.279,0.056,0.461,-0.243,0.446,-0.406,0.161,-0.099,0.095,0.184,0.081,0.34,0.508,0.086,-0.026,-0.074,0.286,0.25,-0.373,0.233,0.486,0.142,0.489,-0.086,-0.286,-0.005,0.152,-0.189,0.228,0.326,-0.011,-0.245,0.003
BLNK,0.435,0.245,0.161,0.245,0.035,0.192,0.32,0.079,-0.038,0.277,0.304,0.595,0.455,0.414,0.65,-0.082,0.181,0.709,-0.012,0.55,-0.145,0.199,-0.054,0.473,0.0,0.299,0.29,-0.101,0.599,0.406,0.503,0.401,0.39,0.048,0.216,0.505,0.264,-0.308,0.452,0.053,0.683,0.326,0.339,0.441,0.313,0.193,-0.231,0.263,-0.064,0.355,0.623,0.361,-0.48,0.528,0.423,-0.346,-0.148,0.224,0.468,0.616,0.282,-0.142,0.348,0.068,0.258,0.359,0.609,0.336,0.446,-0.342,0.085,0.005,0.358,0.506,-0.071,0.438,0.434,-0.092,-0.375,-0.127,0.626,0.058,0.259,0.401,0.539,0.625,0.588,0.692,0.355,0.119,-0.134,0.462,0.305,0.115,-0.363,0.282,0.524,0.525,0.202,0.342,-0.028,-0.014,0.615,0.236,0.572,0.427,0.501,-0.194,0.003,0.291,-0.056,0.53,0.351,0.685,0.432,0.55,-0.148,0.654,0.326,0.156,0.73,0.42,0.406,0.369,0.411,0.172,0.274,0.374,0.488,0.176,0.267,0.191,0.36,0.519,0.348,-0.245,0.292,0.596,0.273,0.195,0.067,0.568,0.432,0.54,-0.335,0.212,0.366,0.13,0.004,-0.083,0.376,0.535,-0.071,0.313,0.183,-0.061,0.461,0.189,0.536,0.228,0.729,-0.204,0.23,0.173,-0.109,0.208,0.249,-0.113,-0.238,0.794,0.122,0.548,-0.116,-0.079,0.588,0.52,-0.17,0.689,0.47,0.317,0.324,0.201,0.054,0.392,0.087,0.18,0.112,0.107,-0.02,0.176,0.343,-0.024,0.384,0.105,0.26,0.717,0.701,0.309,0.324,0.353
BTAI,-0.384,-0.588,0.282,-0.702,0.708,0.487,0.472,0.146,0.661,0.769,-0.509,-0.097,-0.586,0.365,-0.094,0.545,-0.445,-0.084,-0.515,-0.268,0.211,-0.615,-0.356,0.473,0.299,0.0,0.73,0.553,-0.156,0.423,0.484,-0.377,0.207,-0.448,-0.415,0.778,0.829,0.502,-0.423,0.742,-0.164,0.378,-0.381,-0.416,-0.674,-0.053,-0.068,0.027,-0.469,-0.471,-0.351,-0.256,-0.128,0.533,0.508,0.603,0.306,0.482,0.407,0.205,-0.498,0.798,0.429,0.84,0.195,0.84,0.772,-0.401,0.173,0.19,-0.669,0.042,-0.57,-0.132,0.492,-0.35,-0.15,0.556,-0.216,-0.484,0.478,0.699,-0.46,-0.362,-0.016,-0.38,-0.02,0.231,-0.519,-0.072,0.74,-0.169,-0.542,0.607,-0.275,-0.344,-0.317,-0.34,-0.196,-0.493,-0.066,-0.186,0.008,0.155,0.098,-0.595,-0.006,0.655,-0.55,-0.091,0.609,0.793,0.025,-0.009,-0.543,0.434,0.672,-0.038,0.468,-0.619,0.163,-0.278,-0.28,-0.585,-0.538,-0.373,-0.662,-0.09,0.601,0.664,-0.233,0.529,-0.331,-0.48,0.204,0.612,-0.467,0.358,-0.586,-0.681,0.444,0.505,-0.152,-0.26,0.195,0.855,-0.338,-0.291,0.631,0.765,-0.541,-0.382,0.776,0.867,0.077,0.45,-0.191,-0.397,0.003,-0.049,0.268,0.7,-0.739,-0.632,0.751,-0.642,-0.316,0.704,0.618,0.073,-0.354,0.759,-0.34,0.716,-0.326,-0.138,0.688,-0.181,0.611,0.881,0.054,-0.055,-0.177,0.055,0.766,-0.604,0.768,0.471,0.698,0.453,-0.417,-0.338,-0.367,0.621,-0.466,0.063,0.46,-0.395,-0.625,-0.343
BYND,0.068,-0.496,0.117,-0.591,0.709,0.094,0.067,0.359,0.291,0.659,-0.301,0.026,-0.368,0.354,0.043,0.27,-0.516,0.143,-0.298,-0.271,-0.059,-0.445,-0.48,0.564,0.29,0.73,0.0,0.139,0.107,0.128,0.572,-0.31,-0.289,-0.465,-0.142,0.622,0.764,0.274,-0.147,0.73,-0.093,0.332,-0.155,-0.289,-0.353,-0.261,0.098,-0.271,-0.334,-0.535,-0.132,-0.021,-0.18,0.172,0.6,0.382,0.073,0.271,0.168,0.165,-0.404,0.64,0.246,0.726,0.43,0.646,0.689,-0.52,0.208,0.097,-0.675,-0.167,-0.341,-0.238,0.292,-0.271,-0.301,0.33,-0.573,-0.195,0.355,0.368,-0.296,-0.134,-0.059,-0.122,0.101,0.149,-0.384,-0.058,0.491,-0.297,-0.361,0.753,-0.637,-0.324,-0.135,-0.275,-0.08,-0.526,-0.194,-0.357,0.089,0.308,0.35,-0.313,-0.074,0.574,-0.45,-0.416,0.386,0.519,-0.211,0.27,-0.326,0.084,0.348,0.01,0.136,-0.499,-0.022,-0.137,-0.104,-0.545,-0.526,-0.43,-0.558,-0.248,0.436,0.355,-0.42,0.095,-0.321,-0.244,0.304,0.481,-0.322,0.286,-0.394,-0.339,0.478,0.373,-0.073,-0.218,0.049,0.735,-0.405,-0.116,0.344,0.491,-0.235,-0.117,0.49,0.632,0.072,0.275,-0.056,-0.63,-0.17,0.033,0.213,0.367,-0.434,-0.659,0.513,-0.49,-0.216,0.544,0.274,0.203,-0.256,0.443,-0.617,0.444,-0.398,-0.26,0.393,-0.299,0.319,0.793,0.089,-0.206,-0.033,0.205,0.428,-0.427,0.409,0.535,0.548,0.499,-0.182,-0.676,-0.284,0.296,-0.332,0.034,0.26,-0.144,-0.473,-0.182
CAN,-0.714,-0.517,0.165,-0.604,0.41,0.646,0.556,-0.078,0.688,0.345,-0.699,-0.588,-0.715,0.147,-0.493,0.551,-0.309,-0.537,-0.478,-0.427,0.398,-0.581,-0.236,0.081,-0.101,0.553,0.139,0.0,-0.683,0.356,0.111,-0.5,0.375,-0.341,-0.589,0.435,0.413,0.616,-0.693,0.467,-0.487,0.212,-0.318,-0.586,-0.817,-0.043,-0.152,0.329,-0.368,-0.539,-0.626,-0.495,0.088,0.221,0.011,0.661,0.306,0.354,0.083,0.039,-0.494,0.701,0.275,0.644,-0.176,0.448,0.231,-0.181,-0.316,0.462,-0.38,0.243,-0.688,-0.425,0.491,-0.571,-0.225,0.691,0.25,-0.325,0.095,0.723,-0.516,-0.578,-0.32,-0.729,-0.351,-0.152,-0.467,-0.014,0.741,-0.265,-0.586,0.124,0.365,-0.51,-0.669,-0.451,-0.365,-0.343,-0.002,0.126,-0.347,0.108,-0.413,-0.724,-0.039,0.641,-0.388,-0.023,0.668,0.485,0.12,-0.481,-0.685,0.33,0.801,-0.47,0.393,-0.614,-0.075,-0.422,-0.572,-0.538,-0.498,-0.434,-0.62,-0.251,0.307,0.521,-0.238,0.663,-0.161,-0.712,-0.248,0.561,-0.479,-0.081,-0.581,-0.825,0.265,0.165,-0.479,-0.522,0.397,0.575,-0.508,-0.364,0.681,0.763,-0.695,-0.717,0.664,0.632,0.314,0.613,-0.509,-0.138,-0.088,-0.154,-0.113,0.681,-0.814,-0.496,0.753,-0.541,-0.406,0.596,0.738,-0.26,-0.237,0.525,0.013,0.612,-0.328,-0.219,0.731,-0.287,0.451,0.395,-0.236,0.102,-0.398,-0.281,0.634,-0.652,0.755,0.1,0.453,0.122,-0.609,0.092,-0.598,0.559,-0.619,-0.15,0.17,-0.565,-0.682,-0.219
CCEC,0.769,0.502,0.012,0.566,-0.185,-0.375,-0.268,0.224,-0.43,0.026,0.735,0.854,0.764,0.31,0.727,-0.462,0.374,0.808,0.331,0.613,-0.271,0.504,0.119,0.144,0.599,-0.156,0.107,-0.683,0.0,-0.007,0.315,0.57,-0.047,0.162,0.52,0.063,-0.09,-0.531,0.726,-0.256,0.677,0.098,0.379,0.691,0.729,0.142,0.004,-0.116,0.333,0.575,0.792,0.629,-0.307,0.196,0.376,-0.608,-0.213,-0.022,0.242,0.437,0.51,-0.544,0.193,-0.306,0.217,0.012,0.182,0.393,0.623,-0.47,0.265,-0.32,0.663,0.692,-0.317,0.718,0.442,-0.445,-0.362,0.122,0.282,-0.518,0.414,0.636,0.551,0.82,0.624,0.565,0.493,0.117,-0.561,0.479,0.556,0.146,-0.452,0.348,0.826,0.487,0.493,0.434,0.041,-0.233,0.576,0.189,0.717,0.657,0.287,-0.499,0.35,0.125,-0.511,0.056,0.051,0.792,0.686,0.058,-0.652,0.757,-0.164,0.558,0.539,0.613,0.701,0.644,0.644,0.535,0.544,0.541,0.056,-0.137,0.369,-0.364,0.414,0.768,0.517,-0.486,0.517,0.607,0.547,0.676,-0.153,0.341,0.576,0.668,-0.301,-0.22,0.663,0.346,-0.341,-0.604,0.736,0.767,-0.4,-0.189,-0.045,-0.476,0.681,0.146,0.334,0.279,0.51,-0.534,0.672,0.402,-0.566,0.502,0.549,-0.411,-0.62,0.598,0.274,-0.02,-0.087,-0.385,0.584,0.47,-0.55,0.534,0.065,0.019,0.34,-0.013,0.303,0.441,-0.319,0.581,-0.405,-0.028,-0.165,-0.021,0.621,-0.162,0.581,-0.225,0.607,0.557,0.351,0.514,0.646,0.363
CDW,-0.228,-0.018,0.092,-0.09,0.014,0.671,0.688,-0.275,0.505,0.4,-0.102,0.208,-0.095,0.3,0.102,0.135,0.214,0.063,-0.387,0.312,0.354,-0.206,0.202,0.123,0.406,0.423,0.128,0.356,-0.007,0.0,0.093,0.321,0.747,0.044,-0.342,0.527,0.371,0.235,-0.19,0.023,0.277,0.135,0.159,0.032,-0.214,0.551,-0.378,0.437,-0.246,0.159,-0.118,-0.128,0.069,0.581,0.06,0.255,0.567,0.545,0.476,0.268,0.072,0.232,0.26,0.232,0.098,0.543,0.389,0.114,0.197,-0.195,0.143,0.474,-0.137,0.41,0.355,0.178,0.486,0.27,0.247,-0.383,0.553,0.458,-0.176,-0.255,0.571,-0.073,0.052,0.589,0.152,0.006,0.369,0.237,-0.143,-0.12,0.298,0.112,-0.004,0.248,0.174,-0.044,0.401,0.331,0.218,-0.118,-0.029,-0.104,0.336,-0.013,0.053,0.308,0.421,0.587,0.608,-0.046,-0.141,0.766,0.47,0.346,0.583,0.047,0.547,-0.083,-0.135,0.018,0.063,0.277,0.092,0.318,0.241,0.45,0.391,0.717,0.094,-0.03,-0.037,0.242,-0.198,0.391,-0.211,-0.222,0.288,0.485,0.041,0.155,-0.021,0.256,0.077,-0.154,0.392,0.273,-0.236,-0.065,0.393,0.514,0.234,0.122,0.082,0.422,0.583,-0.128,0.613,0.396,-0.259,0.175,0.263,-0.049,-0.003,0.388,0.451,0.134,-0.086,0.674,0.268,0.37,0.329,0.571,0.407,0.427,0.577,0.321,0.467,0.129,-0.141,0.121,0.472,-0.026,0.648,0.156,0.255,0.17,-0.276,0.399,0.276,0.551,-0.09,0.187,0.707,-0.215,0.001,-0.163
