,ABEO,ACHC,AGNCN,AKAM,AKRO,ALRM,AMAT,AMED,AMRN,ANGI,APA,APOG,APPS,ARCB,ARCC,ARVN,ATEC,ATXS,AVAV,AXON,BANF,BATRK,BIDU,BLNE,BLNK,BTAI,BYND,CAN,CCEC,CDW,CDXS,CELH,CGNX,CHKP,CHRS,CHRW,CIGI,CKPT,CMPR,COGT,CRNC,CRSP,CSTL,CTSH,CVGW,DGLY,DNLI,DOCU,DVAX,EBAY,EHTH,ERII,ESLT,EXPE,EXPO,FBIOP,FFBC,FFIN,FOXF,FWRD,GDS,GERN,GPRE,GRWG,GRYP,HEES,HELE,HIVE,HON,HRTX,HSTM,HURA,IART,IBKR,IBOC,IBRX,IDXX,INGN,INM,INVA,IQ,IRBT,KDP,KPTI,KTOS,KXIN,LAMR,LFUS,LGIH,LGMK,LKFN,LNW,LOPE,LPSN,LYFT,MGNX,MLCO,MNST,MODV,MSTR,MTCH,MYGN,MYRG,NCMI,NEXT,NFLX,NIU,NKTR,NRC,NTNX,NTRA,NVEE,NVMI,NWL,NWS,NXPI,OCGN,OCSL,OKTA,OLLI,OTLK,OXLC,PAA,PARA,PARAA,PDCO,PDFS,PFG,PGEN,PNFP,PODD,POWI,PSMT,PTC,PTEN,PVLA,RDNT,RDUS,RDWR,REGN,RNAC,ROCK,ROST,RRR,RSLS,RVMD,RYAAY,SAFT,SAGE,SAVA,SBGI,SFM,SFNC,SHYF,SIBN,SIFY,SIGI,SIMO,SITM,SLM,SNBR,SNDX,SNY,SPNS,SRRK,STRA,SUPN,SYRE,TCBK,TEAM,TECH,THRM,TLRY,TRMK,TROW,TSLA,TWST,TXN,UFPI,UNIT,UPWK,USLM,UTHR,VERB,VLY,VRNA,VRRM,VXRT,WAFD,WATT,WBA,WING,WIX,WTFC,WTW,XPEL,XRX,YMAB,ZG,ZLAB
ABEO,0.0,0.298,-0.264,0.294,-0.212,-0.124,0.372,-0.09,-0.22,-0.25,-0.061,-0.104,-0.04,0.05,-0.047,-0.2,-0.513,-0.2,0.005,0.331,0.039,0.383,-0.062,0.507,0.299,0.243,0.03,0.219,0.369,0.416,0.458,-0.125,-0.103,0.439,-0.008,-0.228,-0.152,0.33,-0.093,-0.075,-0.28,-0.157,-0.296,-0.037,0.118,0.3,-0.023,0.21,0.009,0.011,0.414,-0.12,0.199,0.108,0.347,0.062,0.588,0.412,0.078,0.415,-0.042,-0.37,-0.127,-0.027,0.146,0.199,-0.2,-0.348,-0.097,-0.106,0.045,-0.245,0.35,0.003,0.194,-0.426,-0.146,-0.223,-0.45,0.286,-0.099,0.056,-0.288,0.043,0.237,-0.432,0.147,-0.087,-0.15,-0.308,0.439,0.023,0.353,-0.255,0.13,0.278,-0.216,-0.363,0.047,-0.306,-0.314,-0.447,0.057,-0.231,-0.363,-0.397,-0.168,-0.062,-0.091,0.321,-0.212,0.523,0.02,-0.29,0.321,0.162,0.416,0.004,0.441,-0.373,0.161,0.282,-0.015,-0.006,0.009,0.103,-0.006,0.067,-0.19,0.441,-0.378,0.203,-0.022,0.518,-0.262,-0.008,0.435,0.065,0.033,0.227,0.014,-0.175,0.413,0.14,-0.223,0.349,-0.1,0.163,-0.204,-0.12,-0.063,0.021,0.296,0.085,-0.269,-0.178,0.235,0.356,0.401,0.11,-0.298,-0.298,0.279,-0.153,0.293,0.404,-0.159,0.227,0.377,0.023,0.193,0.427,-0.166,0.408,-0.052,0.262,-0.181,-0.013,-0.052,0.171,-0.088,0.3,0.223,-0.101,0.114,-0.206,0.338,-0.059,0.213,0.197,0.323,0.148,-0.253,0.327,0.282,-0.071,-0.065,-0.18,-0.12,-0.063
ACHC,0.298,0.0,-0.639,0.179,-0.879,-0.744,0.191,-0.377,-0.721,-0.682,0.615,-0.605,-0.509,-0.313,0.144,-0.766,-0.108,-0.709,0.767,0.889,-0.557,-0.312,-0.658,0.118,-0.297,0.265,-0.428,0.061,0.496,0.332,-0.124,0.337,-0.81,0.6,0.079,-0.4,-0.66,0.641,-0.614,-0.636,-0.723,-0.346,-0.778,-0.658,0.476,0.739,-0.437,-0.198,-0.437,-0.572,0.838,-0.69,-0.314,-0.283,0.398,0.26,0.183,-0.053,-0.545,0.802,-0.432,-0.47,-0.38,-0.656,0.758,0.424,-0.361,0.088,0.06,-0.87,0.489,0.068,0.293,-0.614,-0.126,-0.372,-0.289,-0.544,-0.153,0.068,0.029,-0.257,-0.845,-0.62,0.875,-0.456,0.659,-0.659,-0.639,0.321,0.894,0.89,-0.02,-0.775,-0.027,0.74,-0.676,-0.608,0.829,0.325,-0.699,-0.66,0.13,-0.747,-0.457,-0.1,-0.737,-0.294,-0.869,0.759,-0.6,0.603,-0.621,-0.698,0.957,-0.332,0.346,0.117,0.295,-0.518,0.737,0.389,0.767,-0.222,-0.027,0.699,-0.666,0.066,-0.768,0.148,-0.645,-0.284,-0.653,0.596,0.306,-0.721,0.468,-0.525,-0.768,0.091,0.727,-0.664,0.809,0.787,-0.411,0.341,-0.796,0.813,-0.608,-0.799,0.094,0.404,-0.411,-0.571,-0.89,-0.559,0.132,0.62,0.12,-0.06,-0.338,-0.549,-0.131,-0.889,0.783,0.762,-0.755,0.792,0.211,-0.178,-0.235,0.07,-0.677,-0.277,-0.509,-0.337,-0.649,-0.652,-0.527,0.015,-0.021,0.155,0.424,-0.716,0.076,-0.766,0.907,-0.569,-0.072,0.723,0.206,0.046,-0.714,0.503,0.361,-0.745,-0.738,-0.072,-0.592,0.449
AGNCN,-0.264,-0.639,0.0,0.162,0.752,0.764,0.013,0.652,0.844,0.852,-0.148,0.753,0.78,0.617,0.428,0.757,0.416,0.767,-0.472,-0.642,0.653,0.073,0.665,-0.332,0.348,-0.189,0.706,-0.156,-0.269,-0.236,-0.069,0.215,0.768,-0.448,0.357,0.646,0.67,-0.682,0.753,0.538,0.87,0.543,0.871,0.684,-0.208,-0.785,0.411,0.446,0.672,0.778,-0.811,0.738,0.159,0.557,-0.209,0.154,0.036,0.389,0.755,-0.766,0.468,0.758,0.673,0.723,-0.591,0.163,0.7,0.079,0.328,0.768,-0.659,0.052,0.163,0.547,0.348,0.533,0.376,0.783,-0.066,0.022,0.151,0.535,0.796,0.695,-0.689,0.708,-0.119,0.841,0.785,-0.08,-0.612,-0.586,0.313,0.883,0.185,-0.603,0.748,0.733,-0.617,-0.376,0.814,0.73,0.361,0.847,0.778,-0.062,0.825,0.683,0.524,-0.522,0.67,-0.607,0.716,0.861,-0.658,0.543,-0.187,0.469,0.065,0.698,-0.661,-0.069,-0.276,0.688,0.57,-0.516,0.665,0.477,0.793,0.132,0.732,0.451,0.677,-0.158,0.194,0.574,-0.288,0.649,0.691,0.133,-0.401,0.828,-0.503,-0.44,0.541,0.053,0.684,-0.75,0.713,0.491,0.494,-0.219,0.565,0.608,0.826,0.829,-0.163,-0.686,0.095,0.561,0.59,0.783,0.145,0.764,-0.499,-0.673,0.762,-0.404,0.117,0.465,0.407,0.21,0.794,0.358,0.702,0.3,0.804,0.769,0.663,0.291,0.498,-0.173,-0.248,0.722,0.469,0.856,-0.772,0.796,0.225,-0.492,-0.23,0.076,0.825,-0.113,0.006,0.734,0.813,0.427,0.773,-0.137
AKAM,0.294,0.179,0.162,0.0,-0.115,0.406,0.655,0.336,0.116,0.244,0.049,0.479,0.629,0.656,0.59,0.332,-0.202,0.323,-0.189,0.304,0.417,0.307,0.422,0.402,0.76,0.678,0.628,0.009,0.44,0.643,0.258,0.359,0.288,0.28,0.649,0.265,0.411,-0.252,0.508,0.288,0.242,0.506,0.078,0.403,0.351,-0.112,0.536,0.575,0.425,0.515,0.174,0.459,0.501,0.686,0.616,0.624,0.67,0.658,0.531,-0.074,0.339,0.193,0.344,0.466,-0.214,0.731,0.449,-0.24,0.614,0.173,-0.275,-0.376,0.675,0.384,0.443,-0.183,0.394,0.355,-0.333,0.678,0.475,0.68,0.047,0.493,0.115,0.141,0.442,0.481,0.455,-0.268,0.342,0.002,0.45,0.226,0.508,0.342,0.265,0.007,-0.135,-0.522,0.327,-0.007,0.648,0.233,0.193,-0.611,0.364,0.474,0.069,0.516,0.396,0.424,0.485,0.067,0.16,0.729,0.71,0.629,0.89,-0.15,-0.171,0.679,0.073,0.628,0.655,-0.206,0.469,0.668,0.151,0.787,-0.139,0.77,0.484,0.758,0.302,0.274,0.656,0.588,0.267,0.64,0.223,0.367,0.036,0.116,0.408,0.625,0.309,-0.208,0.351,0.132,0.393,0.392,0.624,0.588,0.039,0.426,-0.005,0.15,0.736,0.573,-0.112,0.317,0.563,0.15,0.127,0.312,0.322,0.162,0.722,0.502,0.667,0.586,0.338,0.586,0.57,0.574,0.431,0.526,0.531,0.603,0.644,0.438,0.485,0.437,0.74,0.259,0.063,0.403,0.634,0.486,0.327,0.253,0.07,0.518,0.656,0.317,0.348,0.486,0.52,0.39
AKRO,-0.212,-0.879,0.752,-0.115,0.0,0.746,-0.165,0.528,0.838,0.734,-0.407,0.663,0.572,0.356,0.044,0.738,0.158,0.787,-0.67,-0.906,0.587,0.307,0.649,-0.182,0.319,-0.356,0.581,-0.048,-0.486,-0.396,0.069,-0.198,0.825,-0.546,0.029,0.375,0.648,-0.699,0.671,0.617,0.819,0.418,0.861,0.644,-0.473,-0.698,0.416,0.283,0.525,0.644,-0.872,0.663,0.151,0.335,-0.413,-0.15,-0.068,0.278,0.682,-0.814,0.32,0.577,0.531,0.714,-0.668,-0.21,0.464,-0.101,0.017,0.901,-0.57,0.06,-0.128,0.628,0.165,0.446,0.163,0.677,0.074,-0.057,-0.156,0.398,0.866,0.659,-0.928,0.572,-0.461,0.716,0.68,-0.222,-0.809,-0.849,0.224,0.843,-0.07,-0.728,0.645,0.665,-0.841,-0.442,0.694,0.67,0.076,0.8,0.622,-0.036,0.785,0.513,0.751,-0.74,0.583,-0.623,0.692,0.816,-0.88,0.37,-0.411,0.068,-0.172,0.571,-0.709,-0.421,-0.629,0.399,0.212,-0.588,0.633,0.154,0.893,-0.035,0.735,0.309,0.611,-0.422,-0.161,0.637,-0.436,0.592,0.776,0.02,-0.659,0.759,-0.69,-0.775,0.478,-0.074,0.718,-0.785,0.684,0.626,0.08,-0.536,0.483,0.618,0.913,0.685,0.083,-0.753,-0.123,0.243,0.482,0.632,0.108,0.905,-0.619,-0.81,0.779,-0.699,-0.187,0.224,0.278,0.07,0.77,0.271,0.523,0.342,0.676,0.713,0.543,-0.049,0.062,-0.216,-0.359,0.722,0.077,0.858,-0.898,0.668,0.033,-0.812,-0.283,0.008,0.789,-0.4,-0.112,0.796,0.815,0.148,0.633,-0.413
ALRM,-0.124,-0.744,0.764,0.406,0.746,0.0,0.309,0.6,0.794,0.769,-0.481,0.943,0.864,0.793,0.376,0.962,-0.01,0.914,-0.796,-0.585,0.81,0.503,0.945,0.129,0.734,0.215,0.838,0.035,-0.049,0.125,0.278,-0.09,0.962,-0.383,0.455,0.66,0.955,-0.76,0.94,0.855,0.858,0.747,0.779,0.885,-0.284,-0.737,0.817,0.577,0.703,0.929,-0.7,0.953,0.593,0.763,0.107,0.278,0.27,0.524,0.895,-0.805,0.667,0.613,0.567,0.96,-0.802,0.182,0.715,-0.13,0.473,0.918,-0.624,-0.37,0.228,0.889,0.507,0.282,0.577,0.742,-0.07,0.427,0.356,0.718,0.777,0.932,-0.7,0.539,-0.29,0.943,0.927,-0.415,-0.588,-0.734,0.281,0.875,0.4,-0.425,0.881,0.523,-0.84,-0.607,0.867,0.589,0.364,0.906,0.605,-0.371,0.941,0.59,0.795,-0.315,0.775,-0.278,0.917,0.689,-0.766,0.821,0.16,0.429,0.295,0.433,-0.878,0.161,-0.614,0.641,0.49,-0.797,0.943,0.481,0.862,0.452,0.469,0.777,0.911,-0.035,0.016,0.87,-0.023,0.917,0.827,0.456,-0.517,0.907,-0.742,-0.653,0.667,0.126,0.933,-0.89,0.854,0.772,0.208,-0.077,0.814,0.918,0.854,0.813,-0.188,-0.469,0.371,0.469,0.221,0.763,0.583,0.898,-0.522,-0.487,0.946,-0.554,0.319,0.539,0.737,0.395,0.846,0.629,0.919,0.726,0.896,0.952,0.868,0.504,0.469,0.239,0.032,0.966,0.507,0.892,-0.791,0.758,0.547,-0.372,0.083,-0.032,0.73,-0.152,0.193,0.932,0.928,0.419,0.939,-0.067
AMAT,0.372,0.191,0.013,0.655,-0.165,0.309,0.0,0.045,-0.125,-0.062,-0.344,0.379,0.288,0.497,0.295,0.182,-0.575,0.11,-0.348,0.416,0.294,0.532,0.471,0.724,0.617,0.639,0.357,0.356,0.654,0.852,0.651,-0.141,0.24,0.314,0.336,0.149,0.336,0.039,0.365,0.351,0.007,0.278,-0.188,0.206,0.011,0.039,0.458,0.396,0.328,0.433,0.28,0.384,0.727,0.697,0.715,0.469,0.67,0.481,0.399,0.076,0.397,-0.253,-0.172,0.355,-0.067,0.526,0.229,-0.221,0.33,0.107,0.006,-0.662,0.534,0.419,0.524,-0.328,0.357,-0.084,-0.237,0.69,0.435,0.379,-0.22,0.379,0.207,-0.289,0.042,0.277,0.269,-0.27,0.266,-0.001,0.165,-0.027,0.631,0.41,0.285,-0.444,-0.231,-0.372,0.001,-0.318,0.264,0.061,-0.264,-0.682,0.204,0.007,0.075,0.572,-0.013,0.629,0.505,-0.242,0.144,0.724,0.673,0.293,0.682,-0.224,-0.286,0.759,-0.171,0.19,0.189,-0.361,0.49,0.308,0.012,0.754,-0.493,0.746,0.406,0.747,-0.136,0.312,0.626,0.523,0.222,0.672,-0.035,0.189,0.067,0.036,0.07,0.276,0.251,-0.227,0.12,0.197,-0.101,0.539,0.571,0.514,-0.056,0.152,-0.301,0.451,0.909,0.303,-0.549,-0.038,0.775,0.087,0.271,0.467,0.174,0.103,0.658,0.289,0.734,0.664,0.0,0.656,0.511,0.743,0.114,0.373,0.386,0.769,0.349,0.693,0.492,0.29,0.49,-0.023,0.188,0.097,0.739,0.345,0.714,-0.08,-0.064,0.203,0.487,0.283,0.172,0.165,0.387,0.194
AMED,-0.09,-0.377,0.652,0.336,0.528,0.6,0.045,0.0,0.611,0.759,0.07,0.579,0.762,0.553,0.399,0.583,0.301,0.661,-0.3,-0.476,0.323,0.133,0.498,-0.179,0.381,-0.101,0.78,-0.161,-0.138,-0.13,-0.062,0.389,0.566,-0.414,0.39,0.531,0.482,-0.717,0.628,0.288,0.754,0.521,0.681,0.531,-0.231,-0.623,0.35,0.389,0.496,0.626,-0.494,0.641,0.111,0.48,-0.194,0.322,0.087,0.429,0.67,-0.64,0.089,0.681,0.659,0.637,-0.397,0.398,0.76,-0.158,0.302,0.581,-0.624,0.099,0.204,0.428,0.032,0.286,0.051,0.745,-0.169,0.029,-0.005,0.748,0.637,0.557,-0.53,0.686,0.13,0.726,0.73,-0.169,-0.409,-0.397,0.512,0.74,-0.039,-0.428,0.524,0.591,-0.488,-0.557,0.649,0.431,0.377,0.616,0.728,-0.289,0.66,0.748,0.219,-0.278,0.525,-0.439,0.553,0.727,-0.46,0.503,-0.021,0.519,0.26,0.595,-0.501,-0.041,-0.078,0.757,0.682,-0.234,0.432,0.492,0.597,0.187,0.617,0.491,0.481,0.036,0.317,0.302,-0.214,0.592,0.605,0.139,-0.28,0.698,-0.302,-0.33,0.534,0.354,0.426,-0.616,0.603,0.171,0.449,-0.36,0.438,0.54,0.571,0.691,-0.04,-0.694,0.047,0.528,0.503,0.643,0.207,0.56,-0.41,-0.502,0.584,-0.17,-0.033,0.342,0.344,0.295,0.795,0.148,0.553,0.296,0.641,0.695,0.508,0.279,0.529,-0.164,-0.215,0.653,0.454,0.697,-0.601,0.632,0.116,-0.288,-0.016,0.184,0.541,-0.148,0.261,0.602,0.672,0.386,0.618,0.026
AMRN,-0.22,-0.721,0.844,0.116,0.838,0.794,-0.125,0.611,0.0,0.842,-0.164,0.795,0.758,0.626,0.456,0.823,0.403,0.837,-0.506,-0.719,0.689,0.206,0.703,-0.266,0.41,-0.177,0.729,0.005,-0.331,-0.314,-0.021,0.174,0.834,-0.425,0.351,0.616,0.728,-0.707,0.804,0.677,0.891,0.665,0.95,0.769,-0.234,-0.748,0.567,0.536,0.682,0.78,-0.791,0.717,0.076,0.512,-0.233,0.076,0.06,0.447,0.802,-0.782,0.513,0.818,0.798,0.808,-0.637,0.085,0.654,0.146,0.359,0.862,-0.598,0.018,0.135,0.671,0.361,0.626,0.396,0.894,0.075,0.082,0.14,0.552,0.892,0.755,-0.749,0.739,-0.107,0.833,0.821,-0.176,-0.62,-0.632,0.391,0.915,0.153,-0.539,0.728,0.783,-0.682,-0.378,0.824,0.814,0.385,0.896,0.812,-0.12,0.87,0.703,0.63,-0.581,0.818,-0.611,0.692,0.883,-0.699,0.492,-0.139,0.462,0.016,0.599,-0.707,-0.204,-0.406,0.709,0.581,-0.461,0.671,0.489,0.892,0.159,0.789,0.417,0.684,-0.234,0.16,0.647,-0.272,0.678,0.697,0.172,-0.392,0.869,-0.576,-0.511,0.609,0.149,0.767,-0.696,0.881,0.549,0.478,-0.326,0.566,0.666,0.897,0.808,0.081,-0.748,-0.045,0.454,0.619,0.82,0.16,0.841,-0.503,-0.684,0.862,-0.429,0.044,0.539,0.434,0.235,0.877,0.329,0.668,0.364,0.869,0.776,0.741,0.152,0.41,-0.158,-0.159,0.772,0.416,0.935,-0.805,0.803,0.162,-0.606,-0.324,0.153,0.881,-0.145,0.1,0.819,0.847,0.46,0.781,-0.087
ANGI,-0.25,-0.682,0.852,0.244,0.734,0.769,-0.062,0.759,0.842,0.0,-0.138,0.738,0.857,0.572,0.385,0.767,0.466,0.804,-0.483,-0.714,0.536,0.033,0.643,-0.346,0.376,-0.206,0.767,-0.214,-0.365,-0.287,-0.123,0.313,0.767,-0.542,0.293,0.612,0.646,-0.841,0.788,0.473,0.933,0.618,0.92,0.66,-0.286,-0.846,0.447,0.403,0.592,0.736,-0.78,0.777,0.165,0.576,-0.348,0.14,-0.063,0.338,0.74,-0.854,0.392,0.811,0.752,0.744,-0.616,0.169,0.738,-0.007,0.262,0.784,-0.663,0.141,0.053,0.518,0.165,0.542,0.267,0.882,0.044,-0.026,0.094,0.627,0.891,0.702,-0.769,0.82,-0.04,0.87,0.862,-0.072,-0.672,-0.617,0.439,0.94,0.041,-0.637,0.733,0.835,-0.662,-0.422,0.885,0.797,0.313,0.8,0.814,-0.062,0.86,0.724,0.522,-0.55,0.753,-0.681,0.711,0.936,-0.72,0.525,-0.188,0.442,0.046,0.728,-0.635,-0.153,-0.278,0.747,0.636,-0.452,0.629,0.427,0.81,0.064,0.804,0.473,0.69,-0.198,0.211,0.515,-0.375,0.643,0.72,0.017,-0.367,0.865,-0.562,-0.441,0.631,0.064,0.706,-0.8,0.765,0.475,0.512,-0.243,0.498,0.615,0.819,0.874,-0.157,-0.805,0.02,0.539,0.673,0.809,0.113,0.816,-0.642,-0.756,0.747,-0.498,-0.006,0.389,0.357,0.141,0.909,0.224,0.657,0.281,0.854,0.81,0.676,0.226,0.512,-0.276,-0.357,0.743,0.406,0.887,-0.844,0.799,0.081,-0.454,-0.216,0.243,0.839,-0.202,0.014,0.726,0.83,0.483,0.781,-0.093
APA,-0.061,0.615,-0.148,0.049,-0.407,-0.481,-0.344,0.07,-0.164,-0.138,0.0,-0.372,-0.157,-0.222,0.408,-0.451,0.54,-0.253,0.814,0.331,-0.349,-0.677,-0.593,-0.549,-0.408,-0.138,-0.101,-0.425,-0.041,-0.32,-0.735,0.728,-0.571,0.213,0.274,-0.182,-0.449,0.093,-0.341,-0.575,-0.174,-0.037,-0.185,-0.431,0.471,0.306,-0.422,-0.17,-0.273,-0.392,0.264,-0.483,-0.693,-0.327,-0.093,0.322,-0.129,-0.005,-0.335,0.281,-0.541,0.224,0.23,-0.43,0.46,0.465,0.023,0.173,0.22,-0.547,0.056,0.603,0.234,-0.559,-0.246,0.09,-0.352,0.047,-0.065,-0.258,-0.166,-0.031,-0.298,-0.385,0.388,0.286,0.773,-0.325,-0.326,0.47,0.505,0.658,0.147,-0.221,-0.388,0.286,-0.476,0.098,0.698,0.238,-0.178,-0.033,0.459,-0.332,0.301,0.147,-0.376,0.296,-0.733,0.277,-0.184,-0.077,-0.473,-0.025,0.571,-0.425,-0.102,0.397,0.081,-0.08,0.621,-0.048,0.908,0.224,0.383,0.683,-0.614,0.391,-0.272,-0.124,0.085,-0.423,-0.518,0.204,0.808,-0.661,0.03,-0.432,-0.596,-0.087,0.733,-0.263,0.467,0.545,0.043,0.442,-0.622,0.579,-0.165,-0.788,0.576,0.006,-0.417,-0.48,-0.469,-0.089,0.345,-0.112,-0.388,0.273,0.424,0.046,-0.524,-0.571,0.411,0.139,-0.398,0.604,-0.049,-0.075,-0.401,-0.217,-0.131,-0.502,-0.403,-0.632,-0.21,-0.41,-0.413,-0.296,0.157,-0.398,0.158,-0.443,0.237,-0.213,0.408,-0.107,-0.413,0.371,-0.424,0.114,-0.273,0.491,0.328,-0.521,-0.351,0.285,-0.347,0.441
APOG,-0.104,-0.605,0.753,0.479,0.663,0.943,0.379,0.579,0.795,0.738,-0.372,0.0,0.868,0.857,0.553,0.927,0.032,0.899,-0.723,-0.458,0.828,0.487,0.945,0.131,0.753,0.295,0.876,0.095,0.072,0.205,0.286,0.014,0.926,-0.305,0.583,0.702,0.942,-0.715,0.971,0.857,0.841,0.84,0.748,0.851,-0.244,-0.714,0.86,0.613,0.735,0.931,-0.617,0.914,0.559,0.844,0.224,0.363,0.357,0.582,0.922,-0.746,0.696,0.642,0.59,0.962,-0.701,0.373,0.778,-0.064,0.591,0.855,-0.584,-0.411,0.349,0.896,0.592,0.327,0.609,0.762,-0.079,0.546,0.453,0.766,0.68,0.926,-0.603,0.567,-0.138,0.928,0.927,-0.328,-0.453,-0.61,0.349,0.843,0.477,-0.281,0.871,0.452,-0.778,-0.593,0.824,0.602,0.484,0.863,0.613,-0.496,0.941,0.634,0.683,-0.177,0.775,-0.22,0.906,0.647,-0.631,0.87,0.256,0.578,0.374,0.391,-0.866,0.257,-0.485,0.713,0.594,-0.736,0.913,0.62,0.833,0.558,0.403,0.822,0.869,0.118,0.125,0.797,0.072,0.937,0.754,0.583,-0.368,0.941,-0.654,-0.529,0.704,0.241,0.894,-0.814,0.881,0.66,0.314,-0.009,0.827,0.911,0.782,0.859,-0.175,-0.411,0.444,0.545,0.217,0.805,0.621,0.837,-0.329,-0.378,0.921,-0.418,0.431,0.571,0.826,0.515,0.805,0.64,0.939,0.752,0.892,0.93,0.926,0.579,0.556,0.286,0.185,0.919,0.636,0.858,-0.698,0.768,0.598,-0.28,0.128,-0.015,0.718,-0.059,0.363,0.9,0.901,0.564,0.97,0.076
APPS,-0.04,-0.509,0.78,0.629,0.572,0.864,0.288,0.762,0.758,0.857,-0.157,0.868,0.0,0.834,0.588,0.85,0.212,0.826,-0.548,-0.427,0.713,0.301,0.79,-0.021,0.725,0.217,0.917,-0.105,-0.037,0.127,0.107,0.339,0.809,-0.283,0.592,0.645,0.786,-0.76,0.903,0.624,0.849,0.754,0.78,0.822,-0.037,-0.728,0.688,0.688,0.732,0.895,-0.548,0.877,0.429,0.792,0.101,0.395,0.337,0.63,0.892,-0.705,0.553,0.729,0.757,0.873,-0.657,0.456,0.811,-0.115,0.559,0.77,-0.673,-0.18,0.419,0.691,0.457,0.326,0.502,0.858,-0.16,0.366,0.366,0.813,0.737,0.84,-0.551,0.67,0.082,0.952,0.922,-0.284,-0.387,-0.53,0.516,0.872,0.375,-0.348,0.757,0.628,-0.624,-0.609,0.868,0.599,0.566,0.826,0.731,-0.384,0.891,0.79,0.53,-0.191,0.832,-0.296,0.825,0.753,-0.531,0.806,0.239,0.656,0.48,0.475,-0.665,0.233,-0.275,0.88,0.787,-0.537,0.799,0.674,0.744,0.481,0.553,0.783,0.841,0.187,0.274,0.657,0.062,0.856,0.748,0.392,-0.253,0.882,-0.467,-0.359,0.703,0.357,0.768,-0.753,0.819,0.535,0.529,-0.021,0.764,0.832,0.729,0.886,-0.095,-0.524,0.391,0.704,0.411,0.814,0.434,0.752,-0.447,-0.418,0.829,-0.304,0.386,0.62,0.68,0.443,0.888,0.551,0.86,0.58,0.915,0.925,0.846,0.509,0.721,0.069,0.021,0.872,0.697,0.859,-0.648,0.86,0.465,-0.151,-0.0,0.217,0.705,0.095,0.326,0.8,0.87,0.568,0.906,0.1
ARCB,0.05,-0.313,0.617,0.656,0.356,0.793,0.497,0.553,0.626,0.572,-0.222,0.857,0.834,0.0,0.676,0.78,-0.0,0.683,-0.495,-0.125,0.77,0.457,0.805,0.234,0.774,0.455,0.785,0.183,0.267,0.427,0.327,0.197,0.74,-0.096,0.657,0.745,0.806,-0.496,0.848,0.702,0.634,0.741,0.563,0.827,0.048,-0.554,0.812,0.776,0.699,0.877,-0.304,0.788,0.504,0.838,0.464,0.489,0.567,0.666,0.829,-0.44,0.677,0.542,0.617,0.837,-0.54,0.518,0.685,0.014,0.716,0.634,-0.527,-0.472,0.541,0.761,0.675,0.207,0.675,0.676,-0.189,0.612,0.551,0.738,0.496,0.811,-0.256,0.402,0.124,0.824,0.825,-0.316,-0.118,-0.367,0.391,0.647,0.653,-0.007,0.705,0.338,-0.508,-0.528,0.689,0.419,0.611,0.716,0.484,-0.529,0.768,0.586,0.465,0.047,0.728,0.015,0.735,0.446,-0.314,0.869,0.542,0.689,0.57,0.239,-0.696,0.459,-0.295,0.765,0.698,-0.488,0.799,0.707,0.563,0.698,0.25,0.832,0.775,0.339,0.208,0.681,0.309,0.837,0.557,0.606,-0.135,0.779,-0.338,-0.209,0.597,0.367,0.734,-0.564,0.755,0.516,0.448,0.173,0.815,0.806,0.578,0.7,-0.117,-0.19,0.552,0.583,0.116,0.671,0.653,0.577,-0.128,-0.051,0.794,-0.08,0.612,0.715,0.846,0.688,0.658,0.69,0.88,0.736,0.816,0.81,0.899,0.717,0.69,0.425,0.332,0.781,0.767,0.676,-0.394,0.686,0.723,0.004,0.226,0.128,0.547,0.183,0.462,0.753,0.731,0.558,0.852,0.237
ARCC,-0.047,0.144,0.428,0.59,0.044,0.376,0.295,0.399,0.456,0.385,0.408,0.553,0.588,0.676,0.0,0.39,0.386,0.427,0.09,0.171,0.418,-0.056,0.386,-0.126,0.398,0.359,0.612,0.06,0.233,0.193,-0.15,0.672,0.278,0.15,0.785,0.456,0.444,-0.352,0.552,0.329,0.443,0.741,0.352,0.391,0.318,-0.307,0.497,0.566,0.522,0.536,-0.081,0.383,0.022,0.632,0.367,0.604,0.361,0.613,0.52,-0.245,0.406,0.627,0.637,0.47,-0.126,0.789,0.646,0.329,0.792,0.205,-0.213,-0.055,0.617,0.335,0.52,0.426,0.417,0.604,0.059,0.43,0.556,0.555,0.182,0.452,0.053,0.547,0.637,0.483,0.509,0.077,0.208,0.186,0.341,0.41,0.414,0.246,0.406,0.288,0.022,-0.126,0.478,0.38,0.818,0.412,0.587,-0.386,0.469,0.643,-0.094,0.318,0.479,-0.037,0.375,0.363,0.133,0.504,0.394,0.936,0.548,0.158,-0.224,0.433,0.35,0.792,0.855,-0.028,0.336,0.899,0.351,0.568,0.204,0.481,0.358,0.512,0.695,0.156,0.297,0.491,0.08,0.557,0.424,0.53,0.011,0.252,0.525,0.567,0.264,-0.109,0.603,-0.07,0.762,0.281,0.422,0.414,0.191,0.578,0.044,-0.175,0.31,0.698,0.332,0.635,0.283,0.145,0.192,0.053,0.415,0.307,0.55,0.628,0.535,0.427,0.463,0.278,0.55,0.284,0.559,0.42,0.558,0.514,0.769,0.111,0.488,0.373,0.884,0.424,-0.044,0.48,0.386,0.222,-0.03,0.151,0.403,0.491,0.66,0.313,0.372,0.726,0.582,0.618
ARVN,-0.2,-0.766,0.757,0.332,0.738,0.962,0.182,0.583,0.823,0.767,-0.451,0.927,0.85,0.78,0.39,0.0,0.074,0.913,-0.77,-0.594,0.79,0.47,0.927,0.056,0.69,0.219,0.798,0.009,-0.093,0.062,0.213,-0.05,0.947,-0.415,0.5,0.691,0.947,-0.744,0.919,0.866,0.847,0.772,0.8,0.919,-0.219,-0.77,0.832,0.578,0.694,0.883,-0.716,0.921,0.524,0.693,0.088,0.224,0.197,0.451,0.852,-0.814,0.701,0.675,0.602,0.938,-0.808,0.143,0.719,-0.073,0.513,0.915,-0.623,-0.361,0.198,0.887,0.491,0.351,0.636,0.761,-0.031,0.409,0.421,0.667,0.79,0.895,-0.678,0.58,-0.304,0.915,0.914,-0.39,-0.611,-0.709,0.208,0.882,0.415,-0.437,0.889,0.558,-0.792,-0.55,0.877,0.641,0.363,0.932,0.641,-0.304,0.935,0.581,0.797,-0.336,0.863,-0.342,0.842,0.692,-0.772,0.752,0.16,0.449,0.222,0.416,-0.883,0.109,-0.599,0.639,0.494,-0.78,0.906,0.471,0.849,0.375,0.511,0.711,0.876,-0.134,0.064,0.871,-0.052,0.88,0.793,0.422,-0.486,0.897,-0.772,-0.629,0.708,0.084,0.937,-0.851,0.878,0.779,0.216,-0.131,0.752,0.875,0.876,0.787,-0.178,-0.479,0.263,0.432,0.251,0.808,0.517,0.884,-0.531,-0.491,0.963,-0.507,0.268,0.562,0.707,0.321,0.837,0.56,0.888,0.656,0.91,0.905,0.885,0.437,0.48,0.184,0.051,0.962,0.48,0.899,-0.8,0.75,0.511,-0.371,0.01,-0.064,0.731,-0.165,0.143,0.916,0.903,0.462,0.927,-0.002
ATEC,-0.513,-0.108,0.416,-0.202,0.158,-0.01,-0.575,0.301,0.403,0.466,0.54,0.032,0.212,-0.0,0.386,0.074,0.0,0.145,0.367,-0.287,-0.06,-0.717,-0.152,-0.861,-0.395,-0.465,0.097,-0.369,-0.496,-0.668,-0.711,0.708,-0.034,-0.337,0.13,0.219,-0.07,-0.333,0.067,-0.187,0.375,0.206,0.469,-0.009,0.109,-0.411,-0.202,-0.026,0.078,0.007,-0.366,0.011,-0.572,-0.073,-0.548,-0.008,-0.498,-0.107,-0.016,-0.329,-0.052,0.677,0.543,-0.032,0.013,0.087,0.345,0.532,0.112,0.025,-0.197,0.642,-0.124,-0.26,-0.168,0.669,-0.04,0.496,0.318,-0.521,-0.011,-0.01,0.37,-0.064,-0.183,0.706,0.392,0.142,0.186,0.444,-0.238,0.142,0.056,0.375,-0.275,-0.312,0.114,0.67,0.208,0.375,0.369,0.632,0.23,0.22,0.644,0.447,0.172,0.417,-0.213,-0.375,0.292,-0.751,-0.113,0.572,-0.097,-0.271,-0.449,0.349,-0.355,0.609,0.089,-0.366,0.461,0.402,0.447,0.282,-0.19,0.257,0.197,-0.421,0.68,-0.311,-0.075,-0.337,0.574,-0.231,-0.525,-0.17,-0.085,-0.407,0.295,0.22,-0.038,0.247,0.21,-0.088,-0.051,-0.004,0.261,-0.219,0.668,-0.105,-0.291,-0.237,0.21,0.327,-0.023,-0.608,-0.546,0.302,0.819,0.467,-0.561,0.051,-0.256,-0.504,0.069,0.073,-0.281,0.141,-0.33,-0.36,0.335,-0.459,-0.038,-0.534,0.286,-0.017,0.018,-0.229,0.363,-0.686,-0.342,-0.037,0.187,0.293,-0.267,0.312,-0.454,-0.141,-0.571,0.237,0.438,0.035,-0.184,-0.063,0.089,0.39,0.099,0.19
ATXS,-0.2,-0.709,0.767,0.323,0.787,0.914,0.11,0.661,0.837,0.804,-0.253,0.899,0.826,0.683,0.427,0.913,0.145,0.0,-0.668,-0.681,0.736,0.337,0.828,-0.078,0.639,0.1,0.878,-0.146,-0.178,-0.106,0.023,0.016,0.896,-0.423,0.534,0.594,0.891,-0.874,0.915,0.748,0.929,0.808,0.826,0.789,-0.311,-0.731,0.745,0.401,0.604,0.813,-0.75,0.86,0.388,0.643,-0.046,0.317,0.147,0.448,0.835,-0.885,0.47,0.77,0.666,0.916,-0.745,0.253,0.777,-0.188,0.466,0.881,-0.698,-0.179,0.205,0.807,0.341,0.36,0.393,0.838,-0.096,0.353,0.233,0.754,0.787,0.897,-0.786,0.728,-0.178,0.891,0.879,-0.273,-0.591,-0.704,0.344,0.92,0.134,-0.431,0.789,0.618,-0.781,-0.652,0.866,0.686,0.479,0.871,0.772,-0.36,0.932,0.743,0.686,-0.352,0.768,-0.432,0.855,0.784,-0.761,0.686,0.026,0.488,0.188,0.444,-0.817,0.001,-0.455,0.704,0.578,-0.698,0.787,0.576,0.945,0.337,0.583,0.64,0.75,-0.105,0.206,0.713,-0.146,0.833,0.736,0.462,-0.373,0.933,-0.78,-0.679,0.805,0.246,0.844,-0.83,0.897,0.58,0.32,-0.262,0.686,0.824,0.816,0.87,-0.055,-0.645,0.142,0.523,0.429,0.876,0.414,0.864,-0.441,-0.576,0.925,-0.511,0.182,0.383,0.635,0.283,0.902,0.415,0.805,0.548,0.898,0.877,0.763,0.293,0.4,0.036,0.037,0.912,0.491,0.942,-0.837,0.746,0.337,-0.42,-0.098,-0.035,0.704,-0.163,0.303,0.868,0.92,0.559,0.895,0.004
AVAV,0.005,0.767,-0.472,-0.189,-0.67,-0.796,-0.348,-0.3,-0.506,-0.483,0.814,-0.723,-0.548,-0.495,0.09,-0.77,0.367,-0.668,0.0,0.552,-0.64,-0.7,-0.832,-0.388,-0.647,-0.18,-0.535,-0.13,0.02,-0.243,-0.548,0.515,-0.842,0.362,-0.101,-0.378,-0.753,0.49,-0.698,-0.769,-0.561,-0.407,-0.505,-0.697,0.436,0.556,-0.659,-0.345,-0.489,-0.675,0.554,-0.769,-0.726,-0.547,-0.102,0.025,-0.228,-0.265,-0.672,0.623,-0.557,-0.169,-0.129,-0.752,0.708,0.144,-0.363,0.355,-0.1,-0.813,0.429,0.537,-0.016,-0.815,-0.347,-0.004,-0.443,-0.349,0.11,-0.424,-0.193,-0.437,-0.562,-0.745,0.656,-0.135,0.669,-0.676,-0.65,0.456,0.622,0.83,-0.087,-0.599,-0.36,0.415,-0.693,-0.187,0.902,0.59,-0.536,-0.307,0.047,-0.64,-0.156,0.342,-0.712,-0.174,-0.857,0.325,-0.508,0.089,-0.782,-0.373,0.774,-0.676,-0.103,0.048,-0.13,-0.195,0.824,-0.069,0.863,-0.201,-0.018,0.871,-0.844,-0.024,-0.648,-0.276,-0.193,-0.659,-0.777,0.132,0.442,-0.855,-0.001,-0.756,-0.806,-0.308,0.729,-0.634,0.715,0.772,-0.409,0.142,-0.847,0.834,-0.527,-0.886,0.298,0.132,-0.669,-0.792,-0.721,-0.505,0.241,0.21,-0.401,-0.076,0.132,-0.387,-0.585,-0.827,0.486,0.361,-0.734,0.685,-0.158,-0.221,-0.634,-0.301,-0.524,-0.612,-0.679,-0.741,-0.571,-0.758,-0.669,-0.327,-0.088,-0.339,0.057,-0.795,-0.082,-0.612,0.685,-0.498,-0.466,0.428,-0.252,0.132,-0.477,0.38,0.051,-0.806,-0.734,-0.096,-0.684,0.383
AXON,0.331,0.889,-0.642,0.304,-0.906,-0.585,0.416,-0.476,-0.719,-0.714,0.331,-0.458,-0.427,-0.125,0.171,-0.594,-0.287,-0.681,0.552,0.0,-0.386,-0.085,-0.428,0.384,-0.083,0.545,-0.4,0.243,0.656,0.618,0.15,0.185,-0.665,0.644,0.159,-0.278,-0.468,0.706,-0.489,-0.39,-0.747,-0.255,-0.812,-0.464,0.532,0.673,-0.199,-0.01,-0.293,-0.409,0.877,-0.513,-0.006,-0.092,0.66,0.283,0.333,0.003,-0.445,0.81,-0.103,-0.556,-0.462,-0.516,0.585,0.393,-0.345,0.135,0.197,-0.766,0.542,-0.264,0.376,-0.403,0.118,-0.422,0.043,-0.601,-0.113,0.311,0.329,-0.254,-0.849,-0.473,0.959,-0.602,0.505,-0.559,-0.532,0.096,0.877,0.821,-0.16,-0.772,0.34,0.831,-0.481,-0.728,0.732,0.327,-0.633,-0.684,0.107,-0.645,-0.594,-0.192,-0.638,-0.419,-0.674,0.874,-0.48,0.771,-0.497,-0.805,0.908,-0.119,0.59,0.133,0.423,-0.61,0.56,0.624,0.551,-0.243,-0.071,0.463,-0.423,0.047,-0.784,0.323,-0.796,-0.062,-0.435,0.658,0.162,-0.465,0.657,-0.353,-0.655,0.25,0.627,-0.617,0.711,0.77,-0.428,0.236,-0.591,0.712,-0.532,-0.522,-0.029,0.626,-0.222,-0.384,-0.811,-0.569,-0.038,0.84,0.379,-0.112,-0.59,-0.554,0.142,-0.803,0.707,0.92,-0.62,0.769,0.425,0.03,0.004,0.202,-0.696,-0.006,-0.298,-0.069,-0.556,-0.537,-0.32,0.277,0.09,0.435,0.582,-0.565,0.164,-0.755,0.919,-0.541,0.236,0.816,0.403,-0.025,-0.682,0.512,0.321,-0.61,-0.68,-0.038,-0.44,0.505
BANF,0.039,-0.557,0.653,0.417,0.587,0.81,0.294,0.323,0.689,0.536,-0.349,0.828,0.713,0.77,0.418,0.79,-0.06,0.736,-0.64,-0.386,0.0,0.482,0.767,0.129,0.718,0.267,0.663,0.019,-0.018,0.184,0.266,-0.079,0.807,-0.117,0.485,0.565,0.815,-0.47,0.784,0.793,0.634,0.585,0.624,0.83,0.023,-0.508,0.703,0.644,0.692,0.805,-0.525,0.7,0.475,0.628,0.317,0.235,0.529,0.611,0.794,-0.487,0.656,0.473,0.521,0.795,-0.705,0.207,0.511,-0.075,0.524,0.745,-0.548,-0.398,0.437,0.782,0.744,0.183,0.643,0.604,-0.22,0.501,0.334,0.579,0.582,0.818,-0.484,0.36,-0.19,0.789,0.711,-0.383,-0.268,-0.609,0.301,0.684,0.515,-0.23,0.641,0.414,-0.631,-0.522,0.675,0.502,0.488,0.763,0.468,-0.329,0.761,0.553,0.739,-0.221,0.701,-0.082,0.756,0.503,-0.513,0.712,0.257,0.407,0.376,0.175,-0.658,0.218,-0.492,0.564,0.44,-0.668,0.837,0.559,0.697,0.563,0.351,0.655,0.807,0.097,0.024,0.786,0.236,0.768,0.653,0.505,-0.312,0.743,-0.517,-0.473,0.526,0.227,0.802,-0.596,0.705,0.684,0.273,-0.012,0.838,0.793,0.7,0.706,0.073,-0.243,0.411,0.496,0.176,0.647,0.46,0.71,-0.268,-0.248,0.824,-0.342,0.569,0.581,0.69,0.481,0.625,0.789,0.783,0.634,0.787,0.789,0.787,0.389,0.399,0.303,0.24,0.781,0.572,0.747,-0.524,0.766,0.616,-0.274,-0.074,0.016,0.61,0.214,0.256,0.765,0.802,0.416,0.776,-0.108
BATRK,0.383,-0.312,0.073,0.307,0.307,0.503,0.532,0.133,0.206,0.033,-0.677,0.487,0.301,0.457,-0.056,0.47,-0.717,0.337,-0.7,-0.085,0.482,0.0,0.633,0.792,0.698,0.441,0.376,0.51,0.372,0.582,0.828,-0.533,0.563,0.13,0.14,0.214,0.526,-0.032,0.447,0.679,0.133,0.248,0.112,0.547,-0.234,-0.075,0.642,0.497,0.447,0.524,-0.023,0.448,0.637,0.442,0.477,0.005,0.606,0.432,0.566,-0.101,0.457,-0.181,-0.048,0.563,-0.394,0.021,0.112,-0.339,0.166,0.516,-0.09,-0.748,0.289,0.741,0.466,-0.252,0.379,0.076,-0.233,0.628,0.217,0.376,0.156,0.514,-0.198,-0.3,-0.427,0.386,0.362,-0.653,-0.106,-0.461,0.215,0.181,0.487,0.026,0.37,-0.239,-0.613,-0.567,0.117,-0.177,-0.023,0.354,-0.173,-0.56,0.382,-0.025,0.583,0.066,0.269,0.438,0.511,-0.066,-0.285,0.628,0.487,-0.013,0.426,-0.229,-0.546,0.317,-0.724,0.077,-0.048,-0.54,0.627,0.053,0.308,0.582,-0.221,0.649,0.525,0.269,-0.512,0.676,0.437,0.644,0.564,0.528,-0.55,0.329,-0.245,-0.495,0.105,0.237,0.535,-0.402,0.315,0.594,-0.385,-0.069,0.651,0.674,0.344,0.152,0.093,0.2,0.576,-0.043,-0.512,0.018,0.743,0.462,-0.05,0.162,0.477,-0.251,0.332,0.313,0.668,0.609,0.207,0.69,0.505,0.832,0.252,0.519,0.529,0.403,0.014,0.657,0.295,0.534,0.124,0.258,-0.177,0.195,0.642,-0.161,0.446,-0.099,0.115,-0.122,0.287,0.599,0.417,-0.121,0.415,-0.201
BIDU,-0.062,-0.658,0.665,0.422,0.649,0.945,0.471,0.498,0.703,0.643,-0.593,0.945,0.79,0.805,0.386,0.927,-0.152,0.828,-0.832,-0.428,0.767,0.633,0.0,0.316,0.774,0.349,0.793,0.229,0.135,0.31,0.481,-0.172,0.94,-0.291,0.475,0.641,0.94,-0.618,0.92,0.917,0.747,0.747,0.653,0.85,-0.311,-0.682,0.875,0.597,0.741,0.922,-0.567,0.937,0.708,0.83,0.264,0.259,0.353,0.526,0.888,-0.708,0.777,0.476,0.412,0.948,-0.734,0.222,0.697,-0.087,0.479,0.873,-0.488,-0.562,0.267,0.94,0.59,0.247,0.649,0.617,-0.038,0.559,0.502,0.669,0.629,0.9,-0.569,0.378,-0.329,0.879,0.882,-0.454,-0.519,-0.653,0.214,0.764,0.562,-0.294,0.913,0.309,-0.83,-0.566,0.738,0.457,0.293,0.844,0.433,-0.485,0.9,0.45,0.754,-0.158,0.708,-0.123,0.908,0.53,-0.672,0.886,0.305,0.431,0.355,0.346,-0.914,0.297,-0.652,0.563,0.422,-0.831,0.961,0.437,0.768,0.549,0.282,0.854,0.89,0.085,-0.098,0.878,0.093,0.952,0.814,0.569,-0.534,0.856,-0.672,-0.58,0.571,0.115,0.919,-0.856,0.799,0.775,0.091,0.025,0.838,0.935,0.782,0.723,-0.29,-0.278,0.524,0.402,0.007,0.657,0.734,0.847,-0.393,-0.321,0.892,-0.462,0.4,0.565,0.852,0.488,0.715,0.698,0.944,0.847,0.8,0.909,0.902,0.639,0.481,0.391,0.155,0.927,0.518,0.776,-0.676,0.651,0.676,-0.304,0.281,-0.103,0.668,-0.182,0.236,0.923,0.842,0.392,0.937,0.009
BLNE,0.507,0.118,-0.332,0.402,-0.182,0.129,0.724,-0.179,-0.266,-0.346,-0.549,0.131,-0.021,0.234,-0.126,0.056,-0.861,-0.078,-0.388,0.384,0.129,0.792,0.316,0.0,0.548,0.643,0.082,0.559,0.616,0.815,0.849,-0.494,0.14,0.356,0.032,-0.066,0.177,0.302,0.105,0.327,-0.273,0.008,-0.364,0.146,-0.066,0.295,0.407,0.278,0.119,0.183,0.441,0.145,0.643,0.318,0.656,0.121,0.605,0.27,0.201,0.284,0.285,-0.537,-0.388,0.197,-0.05,0.101,-0.147,-0.314,0.072,0.056,0.211,-0.785,0.308,0.387,0.31,-0.524,0.25,-0.311,-0.239,0.657,0.267,0.151,-0.29,0.193,0.252,-0.622,-0.211,0.01,0.03,-0.518,0.277,-0.079,0.061,-0.272,0.491,0.449,0.055,-0.606,-0.238,-0.342,-0.266,-0.528,-0.081,-0.09,-0.562,-0.587,-0.016,-0.327,0.198,0.465,-0.104,0.772,0.231,-0.494,0.146,0.464,0.665,-0.09,0.498,-0.492,-0.207,0.553,-0.445,-0.165,-0.196,-0.284,0.322,-0.082,-0.151,0.591,-0.629,0.521,0.213,0.508,-0.503,0.337,0.631,0.332,0.175,0.524,-0.229,-0.083,0.085,-0.097,-0.169,0.176,0.167,-0.055,-0.067,0.28,-0.481,0.284,0.419,0.379,-0.139,-0.212,-0.049,0.604,0.702,-0.184,-0.787,-0.348,0.734,0.016,0.221,0.573,0.043,0.052,0.414,0.142,0.537,0.567,-0.197,0.555,0.239,0.707,-0.121,0.158,0.226,0.457,-0.054,0.764,0.432,0.147,0.053,-0.203,0.273,-0.175,0.591,0.24,0.682,-0.052,-0.3,0.012,0.311,0.19,-0.008,-0.203,0.101,-0.005
BLNK,0.299,-0.297,0.348,0.76,0.319,0.734,0.617,0.381,0.41,0.376,-0.408,0.753,0.725,0.774,0.398,0.69,-0.395,0.639,-0.647,-0.083,0.718,0.698,0.774,0.548,0.0,0.65,0.759,0.177,0.338,0.566,0.53,-0.076,0.696,0.088,0.578,0.375,0.737,-0.411,0.759,0.705,0.476,0.63,0.344,0.729,0.032,-0.305,0.812,0.661,0.605,0.766,-0.146,0.727,0.737,0.765,0.548,0.414,0.706,0.678,0.786,-0.351,0.597,0.254,0.358,0.803,-0.576,0.432,0.513,-0.35,0.525,0.619,-0.436,-0.643,0.578,0.78,0.597,-0.103,0.563,0.471,-0.347,0.77,0.475,0.728,0.352,0.804,-0.266,0.147,-0.048,0.717,0.675,-0.548,-0.04,-0.464,0.395,0.49,0.568,0.083,0.556,0.107,-0.58,-0.734,0.49,0.149,0.507,0.573,0.24,-0.709,0.673,0.493,0.559,0.195,0.592,0.286,0.77,0.243,-0.284,0.874,0.637,0.453,0.699,-0.052,-0.611,0.515,-0.465,0.583,0.499,-0.621,0.802,0.558,0.512,0.794,0.009,0.897,0.741,0.47,-0.048,0.709,0.52,0.85,0.634,0.735,-0.211,0.613,-0.361,-0.365,0.499,0.48,0.708,-0.553,0.616,0.569,0.144,0.154,0.874,0.875,0.446,0.566,0.015,0.011,0.7,0.472,-0.156,0.445,0.768,0.569,-0.119,0.085,0.686,-0.188,0.645,0.54,0.872,0.663,0.557,0.796,0.796,0.874,0.654,0.772,0.759,0.585,0.457,0.53,0.433,0.767,0.606,0.543,-0.303,0.579,0.748,0.079,0.341,0.084,0.322,0.22,0.533,0.71,0.674,0.385,0.754,0.126
BTAI,0.243,0.265,-0.189,0.678,-0.356,0.215,0.639,-0.101,-0.177,-0.206,-0.138,0.295,0.217,0.455,0.359,0.219,-0.465,0.1,-0.18,0.545,0.267,0.441,0.349,0.643,0.65,0.0,0.272,0.214,0.665,0.791,0.408,-0.047,0.109,0.36,0.608,0.161,0.355,0.09,0.256,0.357,-0.116,0.401,-0.298,0.256,0.318,0.184,0.582,0.349,0.165,0.258,0.369,0.247,0.595,0.458,0.841,0.519,0.553,0.328,0.221,0.158,0.433,-0.119,-0.122,0.272,-0.138,0.499,0.186,-0.144,0.619,-0.032,0.04,-0.697,0.531,0.386,0.477,-0.366,0.564,-0.075,-0.259,0.824,0.704,0.336,-0.291,0.307,0.403,-0.231,0.168,0.142,0.174,-0.359,0.434,0.189,-0.04,-0.13,0.633,0.617,0.202,-0.412,0.035,-0.277,0.02,-0.294,0.406,0.048,-0.192,-0.571,0.102,0.0,0.06,0.726,0.176,0.678,0.233,-0.382,0.275,0.544,0.842,0.409,0.677,-0.458,-0.173,0.812,-0.038,0.186,0.231,-0.294,0.349,0.401,-0.098,0.726,-0.564,0.596,0.266,0.596,0.132,0.296,0.734,0.399,0.005,0.761,0.232,0.057,-0.044,0.132,0.185,0.379,0.195,0.004,0.143,0.17,-0.029,0.562,0.445,0.395,-0.194,0.014,-0.163,0.591,0.69,0.16,-0.561,0.037,0.699,-0.089,0.323,0.637,0.151,0.289,0.713,0.366,0.654,0.46,-0.052,0.506,0.436,0.582,0.133,0.194,0.359,0.622,0.354,0.736,0.765,0.245,0.497,-0.072,0.294,-0.018,0.712,0.656,0.504,-0.166,-0.257,0.374,0.53,0.127,0.052,0.308,0.311,0.522
BYND,0.03,-0.428,0.706,0.628,0.581,0.838,0.357,0.78,0.729,0.767,-0.101,0.876,0.917,0.785,0.612,0.798,0.097,0.878,-0.535,-0.4,0.663,0.376,0.793,0.082,0.759,0.272,0.0,-0.069,0.07,0.146,0.152,0.263,0.794,-0.245,0.664,0.567,0.784,-0.77,0.899,0.637,0.845,0.818,0.705,0.729,-0.163,-0.627,0.721,0.572,0.688,0.86,-0.506,0.843,0.439,0.793,0.144,0.516,0.398,0.679,0.913,-0.713,0.444,0.704,0.681,0.901,-0.596,0.572,0.858,-0.23,0.559,0.752,-0.687,-0.233,0.474,0.745,0.391,0.251,0.364,0.829,-0.259,0.462,0.301,0.9,0.63,0.879,-0.558,0.652,0.114,0.901,0.886,-0.33,-0.318,-0.499,0.55,0.826,0.255,-0.23,0.722,0.491,-0.656,-0.741,0.755,0.483,0.629,0.774,0.719,-0.58,0.87,0.827,0.453,-0.079,0.708,-0.209,0.862,0.695,-0.486,0.825,0.27,0.708,0.527,0.393,-0.694,0.261,-0.241,0.882,0.798,-0.547,0.749,0.747,0.793,0.581,0.455,0.811,0.731,0.288,0.303,0.602,0.096,0.893,0.716,0.574,-0.235,0.888,-0.483,-0.427,0.707,0.525,0.708,-0.74,0.833,0.396,0.471,-0.119,0.786,0.863,0.647,0.862,-0.044,-0.517,0.398,0.692,0.348,0.782,0.537,0.723,-0.302,-0.36,0.804,-0.236,0.38,0.529,0.747,0.507,0.871,0.518,0.849,0.64,0.839,0.902,0.792,0.5,0.617,0.127,0.15,0.858,0.726,0.839,-0.62,0.765,0.459,-0.178,0.091,0.119,0.606,0.058,0.531,0.811,0.864,0.62,0.898,0.155
CAN,0.219,0.061,-0.156,0.009,-0.048,0.035,0.356,-0.161,0.005,-0.214,-0.425,0.095,-0.105,0.183,0.06,0.009,-0.369,-0.146,-0.13,0.243,0.019,0.51,0.229,0.559,0.177,0.214,-0.069,0.0,0.363,0.396,0.698,-0.258,0.121,0.256,-0.154,0.095,0.071,0.332,0.066,0.286,-0.172,0.036,-0.094,0.1,-0.238,0.12,0.273,0.308,0.213,0.188,0.292,0.034,0.156,0.241,0.274,-0.21,0.262,0.18,0.171,0.238,0.414,-0.271,-0.156,0.15,0.174,-0.094,-0.142,0.413,-0.036,0.08,0.46,-0.491,0.045,0.237,0.3,0.151,0.174,-0.123,0.335,0.284,0.277,-0.088,-0.098,0.009,0.185,-0.42,-0.042,-0.026,0.047,-0.28,0.12,0.055,0.078,-0.169,0.402,0.284,0.143,-0.34,-0.13,0.198,-0.195,-0.223,-0.242,-0.003,-0.376,-0.278,0.039,-0.342,0.078,0.125,-0.09,0.32,0.025,-0.242,0.141,0.203,0.344,-0.036,0.086,-0.091,-0.216,0.226,-0.337,-0.15,-0.164,0.012,0.158,-0.14,-0.09,0.321,-0.313,0.223,0.081,0.259,-0.486,0.166,0.212,0.153,0.1,0.2,-0.174,-0.013,0.232,0.127,-0.32,-0.007,0.135,0.056,0.057,0.152,-0.2,0.19,0.156,0.127,0.016,-0.188,-0.016,0.33,0.348,-0.276,-0.423,-0.27,0.481,0.038,0.179,0.321,0.022,0.094,0.127,0.243,0.281,0.503,-0.124,0.275,0.132,0.471,-0.072,0.022,0.247,0.394,-0.03,0.452,0.173,-0.022,-0.012,-0.152,0.187,-0.185,0.326,-0.088,0.475,0.112,0.1,-0.14,0.141,0.154,-0.079,-0.251,0.053,0.033
CCEC,0.369,0.496,-0.269,0.44,-0.486,-0.049,0.654,-0.138,-0.331,-0.365,-0.041,0.072,-0.037,0.267,0.233,-0.093,-0.496,-0.178,0.02,0.656,-0.018,0.372,0.135,0.616,0.338,0.665,0.07,0.363,0.0,0.77,0.506,-0.067,-0.107,0.416,0.356,0.102,0.056,0.352,0.022,0.126,-0.325,0.116,-0.451,-0.059,0.109,0.339,0.262,0.196,0.027,0.094,0.532,0.008,0.42,0.305,0.752,0.411,0.514,0.251,0.073,0.396,0.184,-0.354,-0.333,0.026,0.247,0.478,0.037,-0.073,0.356,-0.251,0.227,-0.665,0.466,0.165,0.313,-0.458,0.257,-0.289,-0.317,0.6,0.413,0.219,-0.513,0.048,0.549,-0.432,0.194,-0.077,-0.057,-0.208,0.53,0.393,0.042,-0.351,0.492,0.541,0.025,-0.642,0.159,-0.135,-0.287,-0.521,0.139,-0.187,-0.375,-0.521,-0.154,-0.209,-0.257,0.703,-0.163,0.709,0.027,-0.529,0.448,0.376,0.709,0.286,0.575,-0.413,-0.001,0.758,0.096,0.012,0.083,-0.052,0.086,0.216,-0.321,0.601,-0.659,0.42,0.009,0.649,0.02,0.081,0.647,0.195,-0.143,0.59,0.14,-0.139,0.261,0.276,-0.138,0.339,-0.077,0.156,-0.129,-0.112,-0.067,0.495,0.256,0.145,-0.364,-0.178,-0.239,0.628,0.651,0.025,-0.662,-0.247,0.62,-0.3,0.481,0.668,-0.142,0.433,0.527,0.209,0.464,0.502,-0.297,0.347,0.203,0.425,-0.185,-0.006,0.115,0.619,0.212,0.684,0.565,-0.035,0.339,-0.316,0.47,-0.214,0.571,0.577,0.634,-0.219,-0.385,0.232,0.461,-0.055,-0.175,0.018,0.045,0.321
CDW,0.416,0.332,-0.236,0.643,-0.396,0.125,0.852,-0.13,-0.314,-0.287,-0.32,0.205,0.127,0.427,0.193,0.062,-0.668,-0.106,-0.243,0.618,0.184,0.582,0.31,0.815,0.566,0.791,0.146,0.396,0.77,0.0,0.685,-0.176,0.065,0.414,0.315,0.11,0.201,0.285,0.161,0.26,-0.266,0.13,-0.398,0.17,0.207,0.231,0.422,0.397,0.174,0.251,0.5,0.184,0.665,0.489,0.872,0.382,0.7,0.371,0.208,0.344,0.365,-0.42,-0.278,0.172,0.019,0.429,0.021,-0.215,0.365,-0.09,0.167,-0.753,0.493,0.322,0.481,-0.492,0.424,-0.258,-0.291,0.768,0.511,0.252,-0.397,0.198,0.456,-0.503,0.068,0.084,0.075,-0.334,0.469,0.151,0.043,-0.264,0.72,0.548,0.104,-0.589,-0.034,-0.27,-0.153,-0.48,0.157,-0.108,-0.459,-0.594,-0.011,-0.209,0.019,0.693,-0.033,0.82,0.22,-0.506,0.337,0.59,0.812,0.202,0.717,-0.475,-0.127,0.814,-0.134,0.027,0.053,-0.223,0.338,0.181,-0.262,0.72,-0.68,0.632,0.268,0.723,-0.176,0.253,0.769,0.37,0.056,0.603,0.05,-0.021,0.204,0.173,-0.057,0.279,0.119,0.013,-0.071,0.179,-0.199,0.558,0.449,0.359,-0.239,-0.085,-0.206,0.702,0.88,0.053,-0.747,-0.218,0.736,-0.117,0.354,0.698,0.022,0.25,0.69,0.284,0.628,0.634,-0.222,0.605,0.354,0.658,-0.038,0.183,0.321,0.697,0.278,0.807,0.587,0.138,0.36,-0.23,0.396,-0.087,0.763,0.551,0.709,-0.042,-0.299,0.284,0.424,0.093,-0.024,0.049,0.191,0.244
CDXS,0.458,-0.124,-0.069,0.258,0.069,0.278,0.651,-0.062,-0.021,-0.123,-0.735,0.286,0.107,0.327,-0.15,0.213,-0.711,0.023,-0.548,0.15,0.266,0.828,0.481,0.849,0.53,0.408,0.152,0.698,0.506,0.685,0.0,-0.517,0.359,0.16,-0.083,0.137,0.258,0.228,0.236,0.473,-0.092,0.019,-0.085,0.301,-0.27,0.023,0.409,0.386,0.319,0.371,0.188,0.303,0.654,0.413,0.475,-0.074,0.562,0.315,0.382,0.126,0.477,-0.414,-0.292,0.346,-0.15,-0.046,-0.017,-0.155,-0.064,0.29,0.098,-0.788,0.188,0.495,0.407,-0.289,0.297,-0.154,-0.153,0.506,0.234,0.159,-0.051,0.294,0.038,-0.534,-0.376,0.204,0.198,-0.557,0.02,-0.274,0.141,-0.048,0.547,0.141,0.275,-0.434,-0.446,-0.303,-0.136,-0.331,-0.256,0.126,-0.466,-0.502,0.177,-0.273,0.371,0.154,0.031,0.512,0.349,-0.254,-0.083,0.523,0.512,-0.126,0.353,-0.165,-0.408,0.418,-0.613,-0.093,-0.185,-0.411,0.468,-0.152,0.004,0.521,-0.388,0.564,0.38,0.353,-0.689,0.486,0.404,0.441,0.442,0.357,-0.494,0.11,0.012,-0.196,-0.231,0.026,0.358,-0.278,0.051,0.46,-0.427,0.17,0.523,0.457,0.147,-0.063,-0.171,0.413,0.683,-0.165,-0.647,-0.25,0.729,0.264,0.002,0.311,0.184,-0.101,0.359,0.243,0.558,0.595,-0.056,0.656,0.375,0.763,0.022,0.311,0.404,0.522,-0.004,0.658,0.162,0.262,0.048,-0.029,0.028,0.01,0.603,-0.042,0.695,0.022,0.016,-0.157,0.099,0.387,0.178,-0.243,0.244,-0.211
