,ABEO,ACHC,AGNCN,AKAM,AKRO,ALRM,AMAT,AMED,AMRN,ANGI,APA,APOG,APPS,ARCB,ARCC,ARVN,ATEC,ATXS,AVAV,AXON,BANF,BATRK,BIDU,BLNE,BLNK,BTAI,BYND,CAN,CCEC,CDW,CDXS,CELH,CGNX,CHKP,CHRS,CHRW,CIGI,CKPT,CMPR,COGT,CRNC,CRSP,CSTL,CTSH,CVGW,DGLY,DNLI,DOCU,DVAX,EBAY,EHTH,ERII,ESLT,EXPE,EXPO,FBIOP,FFBC,FFIN,FOXF,FWRD,GDS,GERN,GPRE,GRWG,GRYP,HEES,HELE,HIVE,HON,HRTX,HSTM,HURA,IART,IBKR,IBOC,IBRX,IDXX,INGN,INM,INVA,IQ,IRBT,KDP,KPTI,KTOS,KXIN,LAMR,LFUS,LGIH,LGMK,LKFN,LNW,LOPE,LPSN,LYFT,MGNX,MLCO,MNST,MODV,MSTR,MTCH,MYGN,MYRG,NCMI,NEXT,NFLX,NIU,NKTR,NRC,NTNX,NTRA,NVEE,NVMI,NWL,NWS,NXPI,OCGN,OCSL,OKTA,OLLI,OTLK,OXLC,PAA,PARA,PARAA,PDCO,PDFS,PFG,PGEN,PNFP,PODD,POWI,PSMT,PTC,PTEN,PVLA,RDNT,RDUS,RDWR,REGN,RNAC,ROCK,ROST,RRR,RSLS,RVMD,RYAAY,SAFT,SAGE,SAVA,SBGI,SFM,SFNC,SHYF,SIBN,SIFY,SIGI,SIMO,SITM,SLM,SNBR,SNDX,SNY,SPNS,SRRK,STRA,SUPN,SYRE,TCBK,TEAM,TECH,THRM,TLRY,TRMK,TROW,TSLA,TWST,TXN,UFPI,UNIT,UPWK,USLM,UTHR,VERB,VLY,VRNA,VRRM,VXRT,WAFD,WATT,WBA,WING,WIX,WTFC,WTW,XPEL,XRX,YMAB,ZG,ZLAB
ABEO,0.0,0.451,0.277,0.279,0.464,0.01,-0.391,0.396,0.382,0.241,0.632,0.63,0.241,0.566,0.599,-0.066,0.389,0.717,0.459,0.576,0.243,0.35,-0.055,0.454,0.524,0.435,0.48,-0.662,0.664,0.378,0.448,0.394,-0.197,-0.372,0.586,0.547,0.473,0.276,0.563,0.211,0.599,0.345,0.149,0.584,0.265,0.365,0.319,0.456,0.292,0.372,0.689,0.649,-0.046,0.486,0.405,0.104,0.252,0.517,0.411,0.571,0.196,0.179,0.42,0.238,0.512,0.513,0.452,-0.383,0.466,-0.151,-0.112,-0.028,0.306,0.587,0.381,0.361,0.232,0.21,-0.384,-0.338,0.367,-0.275,0.184,-0.089,0.332,0.722,0.579,0.613,0.032,0.365,-0.0,0.452,0.455,0.404,-0.236,-0.316,0.634,0.219,0.492,-0.232,0.107,-0.468,0.469,0.451,0.543,0.343,0.329,0.134,0.457,0.14,0.107,0.412,-0.299,0.602,0.56,0.07,-0.261,0.589,0.314,0.275,0.453,0.479,0.585,0.477,0.445,0.401,0.016,0.496,0.377,0.421,-0.459,-0.334,0.236,0.56,0.482,0.13,0.513,0.547,0.63,0.201,0.36,0.578,0.414,0.663,0.299,0.21,0.481,0.515,-0.017,-0.196,0.734,0.529,0.279,0.435,0.467,0.284,0.555,0.235,0.016,0.427,0.506,0.156,0.18,0.028,-0.126,0.163,0.52,0.377,0.232,0.64,0.347,0.453,0.031,0.297,0.41,0.009,0.124,-0.005,0.46,0.38,0.528,0.449,0.162,0.599,0.269,0.329,0.347,0.464,0.305,0.643,0.514,-0.367,0.308,0.407,0.592,0.597,0.495,0.499,0.139,0.464
ACHC,0.451,0.0,0.422,0.682,0.403,0.506,0.166,0.314,0.625,0.359,0.769,0.71,0.438,0.557,0.852,0.321,0.726,0.708,0.288,0.862,0.618,0.877,0.477,0.253,0.658,0.566,0.164,-0.233,0.634,0.751,0.48,0.668,0.546,0.305,0.633,0.227,0.358,0.38,0.489,0.149,0.885,0.646,0.69,0.806,0.596,0.672,0.592,0.753,0.681,0.906,0.742,0.565,-0.026,0.707,0.306,0.039,0.696,0.748,0.787,0.492,0.573,0.097,0.571,0.263,0.375,0.502,0.504,0.075,0.486,-0.159,0.339,0.7,0.63,0.804,0.614,0.728,0.715,0.374,0.101,-0.142,0.479,-0.355,0.397,-0.033,0.675,0.652,0.672,0.774,0.228,0.633,0.318,0.86,0.823,0.186,0.483,-0.096,0.772,0.582,0.659,0.307,0.596,-0.001,0.559,0.273,0.468,0.478,0.69,0.112,0.684,0.809,0.323,0.504,-0.139,0.618,0.863,0.539,0.182,0.859,0.742,0.413,0.708,0.79,0.593,0.837,0.813,0.754,0.303,0.767,0.295,0.646,-0.234,0.329,0.72,0.765,0.532,-0.051,0.837,0.512,0.827,0.277,0.215,0.642,0.71,0.792,0.479,0.412,0.806,0.581,-0.136,0.034,0.604,0.413,0.465,0.449,0.657,0.444,0.762,0.849,0.282,0.538,0.689,0.389,0.183,0.522,-0.226,0.215,0.841,0.196,0.582,0.666,0.777,0.667,0.734,0.469,0.879,0.573,0.389,0.231,0.653,0.388,0.711,0.75,0.55,0.649,0.508,0.808,0.565,0.426,0.468,0.388,0.749,0.154,0.674,0.676,0.819,0.713,0.671,0.541,0.581,0.739
AGNCN,0.277,0.422,0.0,-0.268,0.811,0.563,-0.27,0.867,0.87,0.797,0.638,0.762,-0.445,0.863,0.634,0.749,0.067,0.578,0.235,0.379,0.769,0.441,-0.44,0.592,0.71,0.86,0.715,-0.349,0.691,0.752,0.856,-0.206,0.198,-0.339,0.61,0.786,0.876,0.766,-0.062,0.795,0.541,0.761,0.066,0.706,-0.12,0.617,0.774,0.547,0.514,0.356,0.567,0.774,0.195,0.89,0.786,0.701,0.502,0.728,0.186,0.738,-0.262,0.775,0.823,0.83,0.722,0.879,0.888,-0.577,0.836,0.628,-0.549,0.286,-0.233,0.741,0.83,0.122,-0.191,0.862,-0.169,-0.628,0.745,-0.062,-0.279,-0.484,-0.035,0.369,0.826,0.464,-0.703,0.464,0.652,0.774,0.142,0.786,0.036,-0.678,0.678,-0.279,0.778,-0.393,-0.202,-0.589,0.48,0.804,0.865,-0.434,0.171,0.815,0.195,0.622,0.42,0.766,-0.776,0.785,0.216,0.235,0.558,0.65,0.28,-0.217,0.695,0.755,0.848,0.132,0.072,0.415,-0.629,0.831,0.866,0.867,-0.723,-0.016,-0.061,0.014,0.89,0.476,0.41,0.818,0.58,-0.587,0.57,0.869,0.839,0.538,0.742,0.709,0.603,0.878,-0.096,0.556,0.167,-0.244,0.872,0.904,0.525,0.874,0.77,0.318,-0.355,0.942,0.805,0.803,-0.675,-0.385,0.608,-0.535,0.641,0.824,0.835,0.744,0.703,0.865,0.264,0.857,0.28,-0.276,0.741,-0.504,0.873,0.881,0.359,0.425,0.725,0.621,0.858,0.149,0.801,0.598,0.853,0.744,0.549,-0.601,-0.189,0.874,0.747,0.59,0.875,0.515,-0.309,0.67
AKAM,0.279,0.682,-0.268,0.0,-0.231,0.054,0.355,-0.355,-0.03,-0.266,0.373,0.208,0.868,-0.069,0.382,-0.298,0.695,0.332,0.141,0.651,0.057,0.621,0.862,-0.17,0.164,-0.095,-0.437,-0.068,0.185,0.162,-0.167,0.921,0.475,0.563,0.175,-0.325,-0.311,-0.225,0.619,-0.531,0.552,0.038,0.597,0.351,0.702,0.295,-0.043,0.342,0.287,0.771,0.397,0.007,-0.25,0.088,-0.311,-0.537,0.294,0.226,0.695,-0.014,0.841,-0.591,-0.041,-0.427,-0.171,-0.136,-0.158,0.529,-0.108,-0.734,0.77,0.417,0.883,0.338,-0.043,0.762,0.933,-0.323,0.283,0.194,-0.008,-0.356,0.62,0.377,0.776,0.507,0.06,0.506,0.784,0.37,-0.285,0.323,0.766,-0.429,0.422,0.477,0.331,0.826,0.098,0.67,0.772,0.382,0.253,-0.344,-0.151,0.849,0.628,-0.587,0.584,0.322,-0.08,-0.058,0.476,0.057,0.776,0.454,-0.37,0.398,0.585,0.708,0.277,0.221,0.037,0.846,0.868,0.557,0.842,0.19,-0.336,0.002,0.307,0.333,0.798,0.837,-0.13,-0.544,0.585,-0.059,0.504,0.774,-0.262,0.02,0.1,0.517,-0.074,-0.198,0.478,-0.047,-0.141,-0.525,0.588,0.671,-0.218,-0.221,0.218,-0.245,0.21,0.691,0.646,-0.147,0.107,-0.258,0.777,0.905,-0.77,0.69,0.356,-0.432,-0.092,0.134,0.214,0.022,0.569,-0.207,0.725,0.846,-0.256,0.704,0.015,-0.279,0.469,0.427,-0.016,0.212,-0.141,0.659,-0.074,-0.062,-0.207,-0.17,0.358,0.627,0.904,0.031,0.332,0.292,0.038,0.179,0.86,0.246
AKRO,0.464,0.403,0.811,-0.231,0.0,0.418,-0.456,0.917,0.885,0.864,0.715,0.817,-0.394,0.906,0.7,0.606,0.131,0.764,0.139,0.365,0.624,0.369,-0.409,0.636,0.754,0.951,0.865,-0.467,0.813,0.75,0.926,-0.109,-0.05,-0.517,0.715,0.764,0.912,0.858,0.006,0.836,0.553,0.827,0.194,0.709,0.017,0.601,0.911,0.653,0.627,0.269,0.643,0.828,0.233,0.856,0.775,0.753,0.554,0.75,0.243,0.614,-0.12,0.855,0.762,0.899,0.763,0.932,0.921,-0.674,0.818,0.62,-0.624,0.232,-0.236,0.741,0.849,0.114,-0.227,0.872,-0.29,-0.604,0.742,-0.369,-0.397,-0.509,-0.038,0.447,0.853,0.494,-0.606,0.544,0.599,0.702,0.132,0.899,-0.064,-0.801,0.763,-0.3,0.816,-0.527,-0.007,-0.613,0.323,0.922,0.911,-0.276,0.244,0.857,0.299,0.613,0.457,0.658,-0.861,0.889,0.286,0.035,0.479,0.734,0.237,-0.161,0.677,0.822,0.821,0.16,0.1,0.381,-0.63,0.825,0.813,0.888,-0.853,-0.177,-0.151,0.088,0.93,0.629,0.338,0.84,0.569,-0.349,0.77,0.873,0.839,0.398,0.858,0.831,0.583,0.823,-0.094,0.437,0.29,-0.169,0.851,0.931,0.634,0.871,0.769,0.192,-0.396,0.871,0.859,0.814,-0.553,-0.428,0.515,-0.663,0.7,0.854,0.811,0.852,0.716,0.855,0.2,0.842,0.282,-0.305,0.809,-0.613,0.864,0.916,0.585,0.458,0.756,0.756,0.82,0.338,0.796,0.769,0.845,0.842,0.556,-0.716,-0.098,0.836,0.713,0.524,0.856,0.557,-0.225,0.769
ALRM,0.01,0.506,0.563,0.054,0.418,0.0,0.201,0.442,0.623,0.536,0.339,0.459,-0.17,0.491,0.534,0.694,0.378,0.294,0.249,0.451,0.7,0.461,-0.077,0.275,0.495,0.564,0.354,0.137,0.323,0.675,0.543,0.006,0.522,0.263,0.419,0.366,0.468,0.436,-0.097,0.5,0.502,0.663,0.358,0.513,0.039,0.503,0.59,0.563,0.516,0.402,0.266,0.44,0.213,0.561,0.459,0.432,0.613,0.592,0.343,0.498,-0.096,0.48,0.631,0.535,0.358,0.501,0.524,-0.111,0.46,0.447,0.009,0.544,0.055,0.502,0.664,0.187,0.173,0.608,0.046,-0.067,0.349,0.149,0.093,-0.225,0.11,0.095,0.578,0.322,-0.219,0.249,0.67,0.625,0.331,0.31,0.445,-0.241,0.364,0.178,0.541,0.047,0.074,0.038,0.459,0.379,0.42,-0.123,0.205,0.479,0.353,0.623,0.566,0.551,-0.327,0.474,0.261,0.409,0.632,0.528,0.516,-0.136,0.496,0.579,0.413,0.21,0.177,0.358,-0.196,0.563,0.443,0.625,-0.269,0.408,0.327,0.091,0.493,0.253,0.427,0.393,0.415,-0.36,0.31,0.554,0.575,0.391,0.422,0.502,0.352,0.584,0.213,0.64,-0.015,-0.062,0.666,0.536,0.543,0.608,0.522,0.431,-0.025,0.609,0.55,0.662,-0.433,-0.035,0.372,-0.143,0.547,0.389,0.722,0.504,0.726,0.667,0.497,0.645,0.469,0.081,0.673,-0.141,0.65,0.473,0.312,0.476,0.564,0.304,0.675,0.285,0.704,0.226,0.656,0.344,0.408,-0.037,0.054,0.652,0.505,0.446,0.609,0.402,0.02,0.472
AMAT,-0.391,0.166,-0.27,0.355,-0.456,0.201,0.0,-0.592,-0.282,-0.306,-0.375,-0.39,0.408,-0.454,-0.056,0.126,0.312,-0.296,0.171,0.094,-0.159,0.063,0.456,-0.336,-0.189,-0.373,-0.561,0.676,-0.467,-0.09,-0.37,0.217,0.69,0.779,-0.205,-0.555,-0.4,-0.475,-0.036,-0.354,0.043,-0.113,0.283,-0.242,0.044,-0.235,-0.303,0.07,-0.213,0.161,-0.153,-0.373,-0.148,-0.264,-0.376,-0.419,-0.087,-0.206,0.17,-0.165,0.23,-0.384,-0.286,-0.424,-0.405,-0.465,-0.424,0.753,-0.478,-0.243,0.617,0.345,0.419,-0.209,-0.29,0.064,0.484,-0.327,0.358,0.553,-0.277,0.468,0.433,0.416,0.303,-0.229,-0.29,-0.043,0.533,-0.233,0.013,0.012,0.199,-0.617,0.49,0.675,-0.346,0.545,-0.347,0.786,0.197,0.77,0.143,-0.526,-0.521,0.345,0.179,-0.454,-0.221,0.086,0.187,-0.07,0.714,-0.392,0.124,0.657,0.065,-0.144,0.484,0.051,-0.111,-0.166,-0.447,0.117,0.173,-0.177,0.587,-0.271,-0.336,-0.327,0.602,0.856,0.481,0.181,-0.482,-0.504,0.174,-0.485,-0.019,0.136,-0.257,-0.376,-0.254,0.07,-0.429,-0.211,-0.124,-0.387,0.3,0.11,-0.217,0.019,-0.29,-0.41,0.001,-0.239,-0.276,0.307,0.665,-0.283,-0.346,-0.292,0.27,0.55,-0.19,0.415,-0.144,-0.513,-0.189,-0.276,-0.037,-0.193,0.359,-0.362,0.321,0.501,-0.206,0.703,-0.258,-0.515,-0.241,0.066,-0.33,-0.46,-0.248,0.052,-0.118,-0.354,-0.339,-0.509,-0.114,0.739,0.337,-0.213,-0.213,0.033,-0.31,-0.113,0.434,-0.183
AMED,0.396,0.314,0.867,-0.355,0.917,0.442,-0.592,0.0,0.852,0.843,0.688,0.813,-0.51,0.921,0.605,0.605,-0.035,0.653,0.082,0.275,0.669,0.349,-0.551,0.669,0.727,0.911,0.901,-0.527,0.792,0.707,0.92,-0.242,-0.128,-0.584,0.664,0.871,0.927,0.834,-0.018,0.883,0.456,0.768,0.054,0.7,-0.027,0.612,0.847,0.471,0.612,0.209,0.532,0.833,0.239,0.836,0.857,0.767,0.497,0.708,0.143,0.691,-0.268,0.87,0.831,0.931,0.783,0.938,0.942,-0.79,0.901,0.647,-0.706,0.132,-0.331,0.689,0.836,0.086,-0.338,0.897,-0.359,-0.664,0.743,-0.291,-0.405,-0.555,-0.132,0.397,0.853,0.438,-0.756,0.481,0.586,0.64,0.071,0.949,-0.172,-0.869,0.725,-0.418,0.809,-0.653,-0.183,-0.717,0.362,0.924,0.943,-0.434,0.118,0.919,0.266,0.547,0.339,0.697,-0.946,0.87,0.172,-0.069,0.486,0.64,0.053,-0.238,0.618,0.751,0.868,0.067,-0.005,0.391,-0.761,0.804,0.83,0.879,-0.861,-0.318,-0.195,-0.024,0.954,0.656,0.304,0.888,0.48,-0.483,0.672,0.891,0.823,0.358,0.824,0.782,0.53,0.878,-0.157,0.488,0.253,-0.166,0.86,0.931,0.494,0.858,0.775,0.091,-0.55,0.897,0.851,0.825,-0.664,-0.572,0.581,-0.666,0.649,0.881,0.801,0.782,0.678,0.841,0.07,0.883,0.134,-0.404,0.786,-0.712,0.862,0.978,0.478,0.342,0.801,0.74,0.829,0.193,0.755,0.692,0.873,0.831,0.559,-0.819,-0.279,0.81,0.694,0.496,0.876,0.544,-0.389,0.676
AMRN,0.382,0.625,0.87,-0.03,0.885,0.623,-0.282,0.852,0.0,0.817,0.781,0.868,-0.303,0.914,0.778,0.695,0.365,0.718,0.205,0.544,0.82,0.576,-0.204,0.508,0.75,0.958,0.704,-0.367,0.793,0.901,0.898,0.056,0.238,-0.225,0.693,0.683,0.845,0.897,-0.006,0.74,0.675,0.867,0.351,0.799,0.085,0.747,0.933,0.776,0.758,0.507,0.641,0.803,0.309,0.933,0.692,0.715,0.737,0.874,0.388,0.625,-0.017,0.762,0.839,0.833,0.741,0.929,0.903,-0.532,0.826,0.574,-0.367,0.502,-0.095,0.866,0.926,0.288,0.014,0.905,-0.079,-0.54,0.747,-0.309,-0.231,-0.545,0.137,0.422,0.873,0.557,-0.5,0.597,0.695,0.858,0.294,0.753,0.255,-0.667,0.795,-0.122,0.917,-0.359,0.162,-0.464,0.382,0.819,0.864,-0.229,0.364,0.781,0.48,0.77,0.549,0.682,-0.771,0.877,0.393,0.212,0.598,0.841,0.432,-0.014,0.77,0.902,0.827,0.343,0.285,0.606,-0.462,0.934,0.783,0.954,-0.743,0.043,0.098,0.166,0.917,0.567,0.473,0.821,0.672,-0.36,0.662,0.919,0.908,0.558,0.878,0.782,0.701,0.888,-0.113,0.46,0.264,-0.149,0.897,0.931,0.732,0.901,0.857,0.482,-0.276,0.919,0.914,0.887,-0.535,-0.197,0.469,-0.471,0.831,0.808,0.943,0.839,0.862,0.934,0.48,0.89,0.479,-0.092,0.863,-0.494,0.946,0.868,0.639,0.624,0.8,0.757,0.868,0.464,0.903,0.668,0.872,0.783,0.604,-0.475,0.06,0.942,0.836,0.571,0.926,0.507,-0.07,0.825
ANGI,0.241,0.359,0.797,-0.266,0.864,0.536,-0.306,0.843,0.817,0.0,0.631,0.727,-0.377,0.822,0.654,0.657,0.151,0.632,0.109,0.367,0.599,0.408,-0.412,0.565,0.741,0.887,0.82,-0.288,0.719,0.772,0.886,-0.133,0.147,-0.404,0.645,0.673,0.845,0.74,-0.123,0.816,0.52,0.808,0.231,0.625,-0.009,0.563,0.84,0.57,0.672,0.254,0.563,0.816,0.337,0.801,0.777,0.765,0.61,0.697,0.244,0.598,-0.132,0.818,0.719,0.894,0.663,0.852,0.875,-0.489,0.831,0.654,-0.579,0.234,-0.213,0.682,0.804,0.159,-0.17,0.89,-0.148,-0.5,0.775,-0.312,-0.43,-0.427,0.078,0.332,0.808,0.478,-0.62,0.404,0.629,0.668,0.08,0.835,0.025,-0.691,0.659,-0.264,0.761,-0.406,-0.031,-0.479,0.347,0.847,0.842,-0.34,0.22,0.822,0.189,0.621,0.41,0.699,-0.763,0.792,0.192,0.166,0.529,0.677,0.221,-0.14,0.745,0.769,0.738,0.124,0.064,0.434,-0.611,0.771,0.776,0.845,-0.629,-0.039,-0.066,0.021,0.839,0.604,0.315,0.781,0.467,-0.388,0.764,0.77,0.839,0.305,0.765,0.866,0.596,0.716,-0.007,0.517,0.214,-0.22,0.864,0.858,0.55,0.801,0.754,0.154,-0.277,0.838,0.78,0.8,-0.597,-0.39,0.576,-0.62,0.663,0.796,0.789,0.734,0.745,0.808,0.222,0.827,0.301,-0.148,0.858,-0.511,0.791,0.881,0.557,0.239,0.769,0.631,0.858,0.302,0.816,0.648,0.883,0.653,0.523,-0.63,-0.065,0.794,0.639,0.477,0.817,0.566,-0.143,0.613
APA,0.632,0.769,0.638,0.373,0.715,0.339,-0.375,0.688,0.781,0.631,0.0,0.95,0.151,0.851,0.823,0.239,0.462,0.885,0.145,0.726,0.655,0.758,0.114,0.475,0.786,0.789,0.55,-0.676,0.943,0.782,0.744,0.483,0.175,-0.254,0.698,0.616,0.674,0.66,0.409,0.389,0.829,0.698,0.423,0.936,0.502,0.79,0.736,0.653,0.795,0.758,0.806,0.832,0.097,0.866,0.56,0.377,0.713,0.837,0.62,0.616,0.397,0.363,0.717,0.553,0.635,0.815,0.763,-0.392,0.817,0.048,-0.172,0.362,0.303,0.937,0.744,0.653,0.343,0.597,-0.083,-0.598,0.752,-0.619,-0.066,-0.316,0.492,0.79,0.828,0.854,-0.158,0.74,0.269,0.828,0.55,0.618,0.087,-0.502,0.962,0.109,0.856,-0.198,0.418,-0.5,0.466,0.648,0.828,0.185,0.551,0.413,0.702,0.696,0.177,0.58,-0.55,0.869,0.696,0.259,0.101,0.896,0.399,0.399,0.808,0.865,0.894,0.697,0.643,0.843,-0.107,0.92,0.526,0.827,-0.626,-0.127,0.332,0.593,0.822,0.236,0.641,0.868,0.845,0.154,0.502,0.86,0.852,0.74,0.769,0.539,0.916,0.797,-0.269,-0.042,0.725,0.313,0.646,0.738,0.562,0.599,0.899,0.606,-0.002,0.731,0.888,0.546,-0.019,0.141,-0.048,-0.132,0.851,0.599,0.649,0.816,0.758,0.78,0.492,0.665,0.642,0.222,0.521,-0.171,0.803,0.735,0.852,0.542,0.719,0.89,0.666,0.689,0.631,0.63,0.663,0.684,0.742,-0.374,0.43,0.791,0.935,0.625,0.851,0.566,0.27,0.797
APOG,0.63,0.71,0.762,0.208,0.817,0.459,-0.39,0.813,0.868,0.727,0.95,0.0,-0.02,0.934,0.854,0.416,0.389,0.885,0.224,0.686,0.71,0.713,-0.104,0.598,0.853,0.882,0.688,-0.642,0.956,0.838,0.863,0.31,0.167,-0.323,0.762,0.74,0.819,0.732,0.316,0.588,0.812,0.78,0.389,0.94,0.36,0.814,0.822,0.695,0.787,0.668,0.798,0.909,0.161,0.927,0.712,0.524,0.682,0.896,0.552,0.729,0.197,0.549,0.838,0.701,0.741,0.922,0.874,-0.532,0.879,0.237,-0.299,0.327,0.166,0.952,0.824,0.511,0.193,0.742,-0.172,-0.625,0.793,-0.502,-0.112,-0.399,0.353,0.74,0.92,0.798,-0.321,0.692,0.429,0.862,0.48,0.752,0.037,-0.604,0.943,0.028,0.918,-0.318,0.255,-0.55,0.542,0.796,0.91,0.028,0.487,0.594,0.603,0.715,0.303,0.714,-0.678,0.958,0.621,0.268,0.217,0.909,0.418,0.218,0.813,0.913,0.94,0.571,0.508,0.754,-0.294,0.958,0.687,0.903,-0.736,-0.113,0.254,0.474,0.907,0.351,0.629,0.915,0.84,-0.064,0.598,0.956,0.908,0.737,0.826,0.656,0.861,0.898,-0.236,0.153,0.631,0.223,0.759,0.87,0.651,0.755,0.939,0.505,-0.132,0.87,0.95,0.676,-0.229,-0.052,0.177,-0.256,0.874,0.708,0.758,0.896,0.824,0.905,0.387,0.763,0.581,0.067,0.646,-0.303,0.921,0.843,0.783,0.583,0.762,0.883,0.754,0.551,0.759,0.632,0.761,0.798,0.751,-0.492,0.252,0.881,0.929,0.679,0.945,0.648,0.088,0.814
APPS,0.241,0.438,-0.445,0.868,-0.394,-0.17,0.408,-0.51,-0.303,-0.377,0.151,-0.02,0.0,-0.263,0.238,-0.433,0.523,0.194,0.079,0.441,-0.229,0.436,0.757,-0.207,0.096,-0.318,-0.452,0.06,0.039,-0.105,-0.284,0.849,0.296,0.459,0.092,-0.459,-0.429,-0.479,0.687,-0.592,0.383,-0.105,0.548,0.103,0.691,-0.078,-0.266,0.129,0.074,0.521,0.32,-0.111,-0.456,-0.16,-0.341,-0.736,0.057,0.008,0.584,-0.08,0.843,-0.692,-0.227,-0.529,-0.261,-0.351,-0.334,0.668,-0.28,-0.834,0.709,0.231,0.898,0.075,-0.283,0.711,0.855,-0.515,0.093,0.41,-0.111,-0.248,0.652,0.653,0.763,0.465,-0.118,0.394,0.866,0.229,-0.381,0.065,0.652,-0.518,0.156,0.642,0.136,0.774,-0.128,0.739,0.62,0.494,0.23,-0.466,-0.309,0.923,0.586,-0.709,0.315,0.106,-0.156,-0.09,0.632,-0.095,0.684,0.392,-0.512,0.194,0.442,0.621,0.105,0.01,-0.142,0.689,0.733,0.285,0.871,-0.078,-0.455,-0.227,0.508,0.249,0.73,0.811,-0.337,-0.621,0.488,-0.233,0.319,0.835,-0.356,-0.19,-0.112,0.344,-0.343,-0.255,0.271,-0.292,-0.029,-0.565,0.605,0.771,-0.4,-0.418,0.027,-0.467,0.026,0.41,0.707,-0.332,-0.129,-0.53,0.885,0.823,-0.805,0.709,0.163,-0.602,-0.361,-0.024,0.001,-0.191,0.335,-0.411,0.577,0.86,-0.444,0.825,-0.223,-0.436,0.275,0.166,-0.256,0.047,-0.306,0.498,-0.285,-0.054,-0.362,-0.371,0.302,0.599,0.83,-0.214,0.075,0.252,-0.186,0.134,0.873,0.075
ARCB,0.566,0.557,0.863,-0.069,0.906,0.491,-0.454,0.921,0.914,0.822,0.851,0.934,-0.263,0.0,0.776,0.531,0.244,0.797,0.172,0.534,0.751,0.561,-0.334,0.667,0.825,0.942,0.826,-0.591,0.899,0.843,0.942,0.069,0.057,-0.449,0.733,0.86,0.919,0.832,0.133,0.742,0.698,0.823,0.261,0.854,0.161,0.737,0.867,0.666,0.702,0.456,0.702,0.918,0.243,0.929,0.775,0.683,0.654,0.859,0.359,0.766,-0.028,0.746,0.845,0.849,0.833,0.973,0.939,-0.657,0.904,0.485,-0.491,0.316,-0.07,0.865,0.895,0.306,-0.058,0.868,-0.267,-0.648,0.812,-0.358,-0.283,-0.546,0.148,0.593,0.916,0.654,-0.524,0.611,0.57,0.8,0.29,0.855,-0.012,-0.751,0.848,-0.191,0.922,-0.492,0.061,-0.632,0.465,0.889,0.968,-0.186,0.368,0.779,0.468,0.654,0.401,0.714,-0.809,0.949,0.419,0.145,0.4,0.822,0.3,0.026,0.747,0.873,0.926,0.34,0.271,0.601,-0.521,0.925,0.789,0.945,-0.845,-0.172,0.058,0.241,0.95,0.538,0.488,0.924,0.728,-0.295,0.718,0.963,0.899,0.601,0.841,0.728,0.72,0.929,-0.204,0.332,0.455,0.015,0.872,0.956,0.648,0.864,0.893,0.365,-0.28,0.934,0.95,0.763,-0.459,-0.28,0.406,-0.447,0.789,0.861,0.838,0.896,0.807,0.923,0.324,0.874,0.428,-0.157,0.76,-0.496,0.933,0.933,0.693,0.526,0.774,0.84,0.842,0.408,0.827,0.711,0.849,0.866,0.653,-0.65,0.026,0.912,0.862,0.632,0.957,0.611,-0.115,0.807
ARCC,0.599,0.852,0.634,0.382,0.7,0.534,-0.056,0.605,0.778,0.654,0.823,0.854,0.238,0.776,0.0,0.503,0.619,0.875,0.363,0.797,0.649,0.798,0.102,0.51,0.861,0.788,0.56,-0.311,0.816,0.803,0.771,0.44,0.326,-0.045,0.87,0.493,0.673,0.543,0.491,0.524,0.914,0.86,0.638,0.852,0.458,0.627,0.78,0.821,0.734,0.726,0.884,0.819,-0.046,0.841,0.651,0.261,0.673,0.861,0.743,0.731,0.358,0.44,0.775,0.576,0.618,0.739,0.759,-0.186,0.701,0.099,-0.032,0.53,0.447,0.869,0.78,0.611,0.448,0.601,-0.214,-0.252,0.651,-0.369,0.226,-0.07,0.517,0.72,0.887,0.794,-0.06,0.645,0.507,0.905,0.725,0.528,0.188,-0.343,0.878,0.358,0.791,0.047,0.355,-0.225,0.689,0.598,0.719,0.289,0.633,0.43,0.517,0.809,0.438,0.773,-0.444,0.853,0.799,0.414,0.266,0.957,0.659,0.184,0.817,0.926,0.782,0.675,0.639,0.634,-0.049,0.862,0.581,0.823,-0.451,0.104,0.535,0.67,0.761,0.209,0.849,0.71,0.828,0.073,0.465,0.838,0.857,0.771,0.619,0.725,0.814,0.734,-0.051,0.245,0.657,0.372,0.697,0.7,0.773,0.652,0.895,0.57,0.065,0.769,0.824,0.573,-0.063,0.143,0.067,-0.091,0.93,0.447,0.71,0.882,0.875,0.857,0.501,0.683,0.777,0.323,0.598,-0.031,0.834,0.667,0.716,0.722,0.67,0.805,0.729,0.674,0.759,0.663,0.717,0.602,0.869,-0.221,0.441,0.818,0.857,0.865,0.838,0.747,0.342,0.842
ARVN,-0.066,0.321,0.749,-0.298,0.606,0.694,0.126,0.605,0.695,0.657,0.239,0.416,-0.433,0.531,0.503,0.0,0.125,0.3,0.293,0.208,0.631,0.294,-0.36,0.344,0.48,0.67,0.494,0.233,0.298,0.602,0.663,-0.355,0.345,0.003,0.496,0.404,0.609,0.581,-0.223,0.787,0.319,0.744,0.238,0.355,-0.273,0.358,0.709,0.57,0.406,0.17,0.326,0.472,0.168,0.624,0.626,0.567,0.415,0.553,0.194,0.524,-0.356,0.752,0.713,0.716,0.433,0.584,0.66,-0.253,0.502,0.716,-0.326,0.434,-0.263,0.44,0.693,-0.042,-0.134,0.748,-0.098,-0.144,0.413,0.227,-0.049,-0.211,-0.144,-0.042,0.608,0.127,-0.54,0.242,0.824,0.606,0.091,0.513,0.285,-0.407,0.337,-0.115,0.516,-0.107,-0.192,-0.103,0.381,0.536,0.488,-0.442,0.096,0.734,-0.009,0.615,0.69,0.704,-0.55,0.506,0.073,0.252,0.794,0.481,0.4,-0.467,0.488,0.598,0.453,-0.045,-0.071,0.121,-0.518,0.555,0.708,0.671,-0.376,0.305,0.023,-0.156,0.622,0.478,0.313,0.401,0.275,-0.667,0.386,0.586,0.632,0.28,0.495,0.762,0.284,0.565,0.214,0.846,-0.225,-0.386,0.77,0.66,0.577,0.745,0.506,0.157,-0.348,0.735,0.51,0.813,-0.735,-0.367,0.724,-0.531,0.517,0.508,0.8,0.513,0.65,0.712,0.247,0.711,0.255,-0.186,0.782,-0.407,0.697,0.61,0.079,0.451,0.572,0.284,0.757,0.054,0.773,0.41,0.748,0.438,0.412,-0.265,-0.262,0.692,0.405,0.487,0.616,0.364,-0.257,0.501
ATEC,0.389,0.726,0.067,0.695,0.131,0.378,0.312,-0.035,0.365,0.151,0.462,0.389,0.523,0.244,0.619,0.125,0.0,0.446,0.406,0.762,0.322,0.578,0.526,-0.052,0.321,0.271,-0.062,-0.003,0.332,0.505,0.196,0.74,0.52,0.415,0.397,-0.059,0.067,0.171,0.368,-0.088,0.651,0.402,0.646,0.416,0.396,0.398,0.301,0.697,0.501,0.661,0.492,0.298,0.133,0.342,-0.007,-0.066,0.568,0.506,0.717,0.218,0.507,-0.08,0.274,-0.019,0.125,0.212,0.156,0.288,0.134,-0.218,0.549,0.533,0.605,0.559,0.32,0.627,0.766,0.119,0.216,0.12,0.111,-0.238,0.424,0.091,0.697,0.365,0.335,0.51,0.463,0.284,0.161,0.545,0.651,-0.118,0.583,0.235,0.402,0.643,0.426,0.406,0.66,0.261,0.325,0.003,0.112,0.514,0.508,-0.166,0.59,0.457,0.402,0.269,0.158,0.301,0.626,0.473,0.047,0.634,0.723,0.527,0.51,0.467,0.203,0.709,0.723,0.613,0.502,0.425,0.07,0.324,0.077,0.397,0.686,0.607,0.158,-0.047,0.595,0.14,0.554,0.351,0.151,0.292,0.343,0.592,0.182,0.182,0.53,0.205,0.166,-0.088,0.418,0.396,0.216,0.161,0.629,0.141,0.421,0.646,0.485,0.215,0.326,0.203,0.314,0.614,-0.253,0.46,0.614,-0.007,0.32,0.391,0.544,0.361,0.669,0.169,0.787,0.626,0.272,0.382,0.355,0.017,0.572,0.586,0.119,0.336,0.233,0.634,0.452,0.161,0.203,0.173,0.368,0.391,0.748,0.37,0.479,0.455,0.324,0.25,0.65,0.382
ATXS,0.717,0.708,0.578,0.332,0.764,0.294,-0.296,0.653,0.718,0.632,0.885,0.885,0.194,0.797,0.875,0.3,0.446,0.0,0.238,0.708,0.499,0.68,0.029,0.61,0.863,0.787,0.625,-0.582,0.916,0.705,0.778,0.428,0.103,-0.299,0.823,0.593,0.698,0.557,0.478,0.476,0.864,0.739,0.461,0.864,0.445,0.654,0.729,0.705,0.651,0.654,0.908,0.836,-0.082,0.824,0.612,0.312,0.541,0.781,0.606,0.643,0.364,0.409,0.664,0.569,0.616,0.778,0.768,-0.354,0.722,0.052,-0.228,0.314,0.347,0.846,0.682,0.569,0.288,0.549,-0.295,-0.503,0.715,-0.525,0.039,-0.163,0.43,0.848,0.854,0.822,-0.117,0.731,0.264,0.799,0.572,0.631,-0.039,-0.473,0.924,0.209,0.769,-0.112,0.298,-0.463,0.565,0.672,0.802,0.285,0.588,0.418,0.524,0.644,0.254,0.637,-0.511,0.886,0.758,0.287,0.077,0.884,0.484,0.241,0.81,0.859,0.83,0.621,0.578,0.616,-0.12,0.832,0.602,0.774,-0.618,-0.112,0.304,0.645,0.784,0.173,0.695,0.784,0.85,0.159,0.553,0.82,0.822,0.701,0.68,0.641,0.812,0.727,-0.219,0.023,0.752,0.362,0.589,0.719,0.656,0.596,0.845,0.484,0.022,0.715,0.831,0.482,-0.001,0.076,-0.016,-0.188,0.828,0.532,0.577,0.898,0.71,0.775,0.359,0.593,0.65,0.173,0.483,-0.108,0.771,0.708,0.788,0.569,0.654,0.868,0.622,0.603,0.633,0.707,0.607,0.694,0.798,-0.412,0.404,0.73,0.843,0.729,0.801,0.727,0.257,0.825
AVAV,0.459,0.288,0.235,0.141,0.139,0.249,0.171,0.082,0.205,0.109,0.145,0.224,0.079,0.172,0.363,0.293,0.406,0.238,0.0,0.479,0.248,0.134,-0.068,0.073,0.158,0.157,0.126,0.032,0.138,0.243,0.148,0.077,0.251,0.144,0.351,0.195,0.223,0.027,0.219,0.188,0.331,0.177,0.02,0.213,-0.274,0.121,0.105,0.362,0.089,0.205,0.364,0.326,0.041,0.263,0.295,0.051,0.12,0.301,0.352,0.445,-0.177,0.124,0.323,0.038,0.106,0.19,0.179,-0.008,0.206,0.012,0.162,0.007,0.211,0.316,0.22,0.037,0.261,0.093,-0.078,0.036,0.019,0.25,0.367,0.161,0.246,0.142,0.315,0.271,0.014,-0.071,0.195,0.381,0.318,0.06,0.091,0.052,0.18,0.328,0.151,0.123,-0.101,-0.03,0.517,0.114,0.124,0.055,-0.074,0.023,0.06,0.019,0.345,0.481,0.006,0.166,0.25,0.316,0.024,0.304,0.503,-0.065,0.281,0.204,0.211,0.167,0.163,0.151,0.093,0.224,0.344,0.164,0.023,0.188,0.286,0.229,0.192,-0.007,0.406,0.16,0.279,-0.147,0.058,0.274,0.167,0.554,-0.05,0.13,0.218,0.272,0.4,0.193,0.17,0.187,0.214,0.186,0.456,0.139,0.291,0.158,0.088,0.275,0.09,0.243,-0.055,0.051,0.178,0.304,0.285,0.111,0.208,0.258,0.206,0.256,0.002,0.165,0.309,0.023,0.116,0.154,0.266,0.07,-0.011,0.336,-0.065,0.048,0.21,-0.031,0.359,0.044,0.236,0.278,0.207,0.041,0.158,0.266,0.305,0.504,0.234,0.223,0.031,0.06
AXON,0.576,0.862,0.379,0.651,0.365,0.451,0.094,0.275,0.544,0.367,0.726,0.686,0.441,0.534,0.797,0.208,0.762,0.708,0.479,0.0,0.535,0.787,0.341,0.346,0.624,0.497,0.193,-0.3,0.623,0.698,0.445,0.681,0.505,0.268,0.612,0.3,0.375,0.285,0.518,0.127,0.885,0.52,0.56,0.759,0.401,0.665,0.464,0.696,0.597,0.793,0.769,0.612,0.047,0.651,0.313,0.055,0.609,0.705,0.76,0.542,0.447,0.063,0.503,0.21,0.353,0.492,0.464,0.028,0.479,-0.19,0.337,0.46,0.617,0.79,0.531,0.676,0.672,0.314,0.013,-0.19,0.443,-0.322,0.393,0.016,0.718,0.663,0.641,0.752,0.221,0.518,0.209,0.788,0.799,0.173,0.362,-0.054,0.712,0.628,0.617,0.249,0.479,-0.091,0.628,0.268,0.452,0.474,0.574,0.048,0.633,0.599,0.285,0.517,-0.09,0.575,0.803,0.539,0.043,0.8,0.748,0.435,0.741,0.661,0.571,0.771,0.752,0.741,0.322,0.697,0.344,0.559,-0.2,0.267,0.653,0.741,0.476,-0.083,0.804,0.492,0.815,0.28,0.253,0.605,0.632,0.82,0.342,0.32,0.782,0.556,-0.104,-0.069,0.679,0.469,0.398,0.435,0.706,0.373,0.73,0.731,0.365,0.505,0.596,0.343,0.214,0.49,-0.18,0.355,0.764,0.219,0.481,0.661,0.672,0.602,0.592,0.387,0.821,0.533,0.308,0.264,0.601,0.336,0.689,0.636,0.418,0.597,0.438,0.609,0.562,0.335,0.409,0.43,0.615,0.098,0.707,0.609,0.78,0.71,0.64,0.603,0.532,0.603
BANF,0.243,0.618,0.769,0.057,0.624,0.7,-0.159,0.669,0.82,0.599,0.655,0.71,-0.229,0.751,0.649,0.631,0.322,0.499,0.248,0.535,0.0,0.587,-0.054,0.317,0.554,0.734,0.49,-0.215,0.583,0.75,0.674,0.067,0.288,0.005,0.549,0.559,0.609,0.717,0.052,0.548,0.58,0.729,0.294,0.713,0.088,0.652,0.754,0.594,0.686,0.512,0.465,0.615,0.202,0.784,0.544,0.521,0.793,0.813,0.466,0.613,-0.061,0.566,0.809,0.639,0.543,0.712,0.718,-0.359,0.709,0.427,-0.123,0.532,0.027,0.729,0.904,0.316,0.118,0.707,-0.022,-0.342,0.505,-0.12,-0.019,-0.38,0.183,0.265,0.717,0.468,-0.371,0.531,0.729,0.775,0.398,0.502,0.357,-0.491,0.644,-0.029,0.749,-0.211,0.173,-0.289,0.438,0.538,0.653,-0.201,0.229,0.593,0.579,0.68,0.474,0.598,-0.592,0.655,0.357,0.146,0.599,0.71,0.354,-0.02,0.581,0.736,0.693,0.325,0.277,0.617,-0.304,0.809,0.555,0.834,-0.53,0.093,0.266,0.151,0.757,0.416,0.492,0.65,0.551,-0.301,0.347,0.792,0.742,0.565,0.678,0.549,0.596,0.839,-0.068,0.44,0.17,-0.081,0.855,0.731,0.607,0.704,0.755,0.514,-0.259,0.754,0.745,0.778,-0.42,-0.084,0.324,-0.222,0.711,0.588,0.878,0.605,0.757,0.776,0.546,0.883,0.429,-0.022,0.694,-0.386,0.801,0.689,0.479,0.628,0.719,0.606,0.847,0.416,0.746,0.469,0.823,0.561,0.515,-0.245,0.051,0.853,0.758,0.535,0.78,0.359,-0.018,0.678
BATRK,0.35,0.877,0.441,0.621,0.369,0.461,0.063,0.349,0.576,0.408,0.758,0.713,0.436,0.561,0.798,0.294,0.578,0.68,0.134,0.787,0.587,0.0,0.377,0.324,0.727,0.553,0.187,-0.256,0.657,0.714,0.501,0.645,0.521,0.194,0.603,0.238,0.349,0.357,0.495,0.158,0.839,0.619,0.732,0.784,0.642,0.654,0.572,0.662,0.678,0.879,0.752,0.571,-0.079,0.697,0.314,0.022,0.663,0.747,0.743,0.487,0.595,0.078,0.557,0.294,0.37,0.511,0.54,0.042,0.509,-0.165,0.238,0.677,0.59,0.773,0.591,0.79,0.644,0.398,0.088,-0.197,0.578,-0.446,0.333,-0.024,0.692,0.703,0.647,0.719,0.151,0.685,0.285,0.786,0.782,0.22,0.379,-0.074,0.752,0.513,0.652,0.249,0.556,-0.035,0.496,0.314,0.5,0.437,0.755,0.139,0.628,0.814,0.241,0.501,-0.191,0.64,0.838,0.465,0.139,0.83,0.654,0.439,0.745,0.766,0.619,0.827,0.795,0.774,0.219,0.747,0.322,0.659,-0.217,0.202,0.66,0.732,0.52,-0.062,0.775,0.508,0.797,0.267,0.199,0.627,0.737,0.71,0.468,0.449,0.824,0.558,-0.299,0.001,0.635,0.44,0.457,0.462,0.573,0.413,0.782,0.74,0.222,0.555,0.693,0.354,0.168,0.458,-0.199,0.139,0.79,0.182,0.553,0.649,0.772,0.651,0.665,0.461,0.835,0.611,0.375,0.167,0.641,0.436,0.718,0.621,0.612,0.694,0.532,0.727,0.534,0.371,0.462,0.305,0.779,0.094,0.639,0.653,0.755,0.67,0.69,0.581,0.568,0.726
BIDU,-0.055,0.477,-0.44,0.862,-0.409,-0.077,0.456,-0.551,-0.204,-0.412,0.114,-0.104,0.757,-0.334,0.102,-0.36,0.526,0.029,-0.068,0.341,-0.054,0.377,0.0,-0.477,-0.155,-0.305,-0.637,0.184,-0.117,-0.072,-0.41,0.758,0.41,0.661,-0.077,-0.607,-0.556,-0.3,0.397,-0.679,0.249,-0.146,0.472,0.052,0.613,0.047,-0.196,0.135,0.137,0.564,0.088,-0.316,-0.254,-0.16,-0.535,-0.614,0.208,-0.033,0.517,-0.338,0.815,-0.682,-0.275,-0.565,-0.372,-0.399,-0.401,0.69,-0.344,-0.694,0.813,0.429,0.736,0.049,-0.206,0.579,0.819,-0.477,0.447,0.364,-0.196,-0.266,0.5,0.412,0.616,0.162,-0.243,0.224,0.81,0.212,-0.298,0.094,0.546,-0.617,0.528,0.575,0.076,0.662,-0.149,0.738,0.774,0.568,-0.038,-0.575,-0.413,0.733,0.461,-0.68,0.429,0.202,-0.178,-0.322,0.588,-0.244,0.511,0.284,-0.272,0.124,0.367,0.625,0.018,-0.005,-0.248,0.643,0.68,0.349,0.865,-0.055,-0.561,-0.213,0.502,0.386,0.669,0.585,-0.345,-0.521,0.318,-0.305,0.157,0.77,-0.432,-0.261,-0.134,0.198,-0.185,-0.326,0.225,-0.3,-0.08,-0.504,0.272,0.423,-0.352,-0.456,-0.036,-0.425,-0.073,0.593,0.607,-0.414,-0.151,-0.367,0.769,0.898,-0.795,0.608,0.107,-0.592,-0.223,-0.198,-0.022,-0.243,0.562,-0.327,0.485,0.78,-0.362,0.671,-0.251,-0.481,0.24,0.25,-0.142,-0.029,-0.281,0.601,-0.291,-0.151,-0.344,-0.466,0.106,0.777,0.774,-0.181,0.068,-0.011,-0.258,-0.166,0.819,0.068
BLNE,0.454,0.253,0.592,-0.17,0.636,0.275,-0.336,0.669,0.508,0.565,0.475,0.598,-0.207,0.667,0.51,0.344,-0.052,0.61,0.073,0.346,0.317,0.324,-0.477,0.0,0.705,0.613,0.69,-0.469,0.62,0.491,0.691,-0.1,-0.051,-0.428,0.611,0.74,0.721,0.367,0.202,0.613,0.529,0.528,0.035,0.576,0.071,0.535,0.513,0.324,0.252,0.181,0.518,0.706,-0.081,0.601,0.66,0.363,0.118,0.413,0.123,0.695,-0.168,0.535,0.496,0.616,0.585,0.657,0.669,-0.529,0.61,0.301,-0.469,0.011,-0.034,0.492,0.469,0.099,-0.187,0.554,-0.486,-0.521,0.638,-0.124,-0.157,-0.252,-0.078,0.539,0.688,0.421,-0.452,0.309,0.261,0.485,0.188,0.667,-0.327,-0.553,0.566,-0.079,0.535,-0.362,-0.269,-0.573,0.556,0.669,0.722,-0.118,0.267,0.586,0.029,0.381,0.153,0.564,-0.566,0.691,0.302,0.176,0.14,0.459,0.159,-0.194,0.479,0.517,0.677,0.135,0.092,0.17,-0.473,0.525,0.652,0.554,-0.624,-0.21,0.006,0.208,0.636,0.244,0.43,0.655,0.551,-0.293,0.537,0.642,0.627,0.407,0.442,0.517,0.408,0.616,-0.232,0.287,0.434,0.096,0.457,0.645,0.345,0.647,0.557,0.059,-0.203,0.675,0.622,0.393,-0.351,-0.347,0.342,-0.349,0.4,0.577,0.41,0.738,0.478,0.633,-0.049,0.483,0.185,-0.198,0.375,-0.299,0.622,0.683,0.337,0.251,0.508,0.555,0.451,0.069,0.465,0.503,0.475,0.66,0.516,-0.616,-0.104,0.508,0.529,0.564,0.671,0.804,-0.214,0.515
BLNK,0.524,0.658,0.71,0.164,0.754,0.495,-0.189,0.727,0.75,0.741,0.786,0.853,0.096,0.825,0.861,0.48,0.321,0.863,0.158,0.624,0.554,0.727,-0.155,0.705,0.0,0.826,0.693,-0.433,0.871,0.777,0.868,0.274,0.259,-0.258,0.821,0.642,0.766,0.534,0.338,0.617,0.838,0.821,0.469,0.841,0.396,0.607,0.766,0.663,0.646,0.602,0.841,0.85,-0.066,0.857,0.707,0.381,0.55,0.788,0.492,0.726,0.244,0.523,0.724,0.701,0.652,0.804,0.856,-0.335,0.78,0.227,-0.317,0.381,0.257,0.809,0.732,0.526,0.194,0.703,-0.269,-0.452,0.829,-0.377,-0.02,-0.19,0.377,0.766,0.906,0.766,-0.264,0.641,0.427,0.819,0.508,0.671,-0.014,-0.453,0.856,0.139,0.806,-0.109,0.138,-0.388,0.614,0.749,0.844,0.165,0.587,0.557,0.362,0.747,0.345,0.759,-0.555,0.912,0.671,0.404,0.249,0.847,0.503,0.094,0.837,0.868,0.835,0.51,0.462,0.548,-0.259,0.84,0.709,0.832,-0.596,0.009,0.29,0.52,0.797,0.213,0.698,0.795,0.816,-0.068,0.575,0.842,0.888,0.635,0.67,0.746,0.771,0.761,-0.206,0.274,0.636,0.272,0.686,0.778,0.61,0.713,0.878,0.435,-0.013,0.823,0.877,0.54,-0.204,-0.053,0.18,-0.29,0.804,0.571,0.663,0.909,0.796,0.861,0.363,0.677,0.621,0.173,0.609,-0.132,0.826,0.785,0.702,0.5,0.72,0.783,0.734,0.505,0.706,0.702,0.706,0.651,0.842,-0.465,0.272,0.773,0.808,0.784,0.875,0.814,0.185,0.81
BTAI,0.435,0.566,0.86,-0.095,0.951,0.564,-0.373,0.911,0.958,0.887,0.789,0.882,-0.318,0.942,0.788,0.67,0.271,0.787,0.157,0.497,0.734,0.553,-0.305,0.613,0.826,0.0,0.812,-0.428,0.848,0.879,0.946,0.005,0.142,-0.37,0.739,0.746,0.897,0.872,0.016,0.81,0.666,0.889,0.323,0.803,0.107,0.715,0.952,0.742,0.727,0.445,0.69,0.866,0.275,0.94,0.764,0.741,0.684,0.852,0.342,0.651,-0.035,0.814,0.834,0.898,0.758,0.963,0.965,-0.585,0.867,0.591,-0.5,0.391,-0.127,0.842,0.919,0.258,-0.067,0.927,-0.18,-0.581,0.79,-0.368,-0.29,-0.537,0.093,0.488,0.921,0.573,-0.556,0.597,0.645,0.825,0.254,0.853,0.115,-0.751,0.824,-0.165,0.904,-0.416,0.084,-0.551,0.384,0.9,0.93,-0.223,0.349,0.832,0.406,0.747,0.485,0.704,-0.831,0.926,0.387,0.16,0.536,0.839,0.356,-0.065,0.792,0.911,0.863,0.295,0.231,0.546,-0.548,0.924,0.828,0.969,-0.801,-0.062,0.013,0.172,0.954,0.583,0.452,0.865,0.667,-0.345,0.733,0.924,0.937,0.499,0.894,0.849,0.693,0.876,-0.148,0.462,0.318,-0.124,0.902,0.953,0.704,0.911,0.871,0.361,-0.33,0.933,0.937,0.861,-0.546,-0.292,0.48,-0.567,0.814,0.836,0.904,0.894,0.848,0.936,0.36,0.89,0.438,-0.143,0.87,-0.535,0.936,0.932,0.672,0.551,0.841,0.79,0.884,0.441,0.887,0.724,0.893,0.825,0.651,-0.604,0.021,0.923,0.808,0.593,0.941,0.611,-0.108,0.821
BYND,0.48,0.164,0.715,-0.437,0.865,0.354,-0.561,0.901,0.704,0.82,0.55,0.688,-0.452,0.826,0.56,0.494,-0.062,0.625,0.126,0.193,0.49,0.187,-0.637,0.69,0.693,0.812,0.0,-0.451,0.711,0.589,0.879,-0.283,-0.263,-0.667,0.651,0.82,0.896,0.696,-0.021,0.88,0.399,0.707,0.044,0.553,-0.054,0.376,0.734,0.396,0.505,0.009,0.482,0.821,0.175,0.677,0.853,0.711,0.403,0.603,0.09,0.664,-0.297,0.87,0.709,0.9,0.746,0.831,0.839,-0.718,0.804,0.633,-0.737,-0.006,-0.298,0.532,0.725,-0.012,-0.389,0.802,-0.519,-0.483,0.671,-0.207,-0.415,-0.427,-0.129,0.358,0.787,0.41,-0.669,0.359,0.569,0.491,-0.01,0.919,-0.337,-0.814,0.612,-0.422,0.681,-0.645,-0.259,-0.638,0.395,0.9,0.861,-0.354,0.07,0.865,0.123,0.372,0.35,0.675,-0.851,0.802,0.113,-0.101,0.418,0.549,-0.021,-0.309,0.524,0.646,0.732,-0.073,-0.133,0.202,-0.745,0.642,0.759,0.748,-0.764,-0.343,-0.212,-0.026,0.828,0.659,0.239,0.793,0.381,-0.419,0.715,0.771,0.689,0.248,0.68,0.775,0.369,0.741,-0.021,0.494,0.283,-0.098,0.778,0.837,0.458,0.761,0.676,-0.105,-0.464,0.783,0.719,0.681,-0.599,-0.64,0.578,-0.641,0.553,0.83,0.657,0.723,0.585,0.736,-0.092,0.784,0.064,-0.424,0.717,-0.644,0.722,0.888,0.438,0.201,0.648,0.642,0.735,0.133,0.692,0.71,0.799,0.752,0.49,-0.858,-0.297,0.676,0.54,0.466,0.744,0.572,-0.368,0.56
CAN,-0.662,-0.233,-0.349,-0.068,-0.467,0.137,0.676,-0.527,-0.367,-0.288,-0.676,-0.642,0.06,-0.591,-0.311,0.233,-0.003,-0.582,0.032,-0.3,-0.215,-0.256,0.184,-0.469,-0.433,-0.428,-0.451,0.0,-0.696,-0.318,-0.417,-0.201,0.304,0.584,-0.313,-0.68,-0.493,-0.389,-0.309,-0.16,-0.381,-0.168,0.142,-0.612,-0.285,-0.526,-0.287,-0.102,-0.311,-0.298,-0.427,-0.572,-0.1,-0.473,-0.34,-0.292,-0.168,-0.37,-0.106,-0.404,-0.107,-0.18,-0.33,-0.281,-0.49,-0.57,-0.465,0.667,-0.588,0.073,0.406,0.188,-0.001,-0.53,-0.311,-0.227,0.065,-0.264,0.251,0.761,-0.479,0.471,0.257,0.425,-0.09,-0.665,-0.474,-0.558,0.252,-0.389,0.209,-0.294,-0.122,-0.537,0.413,0.513,-0.606,0.179,-0.468,0.551,-0.009,0.764,-0.187,-0.531,-0.649,-0.042,-0.124,-0.251,-0.444,-0.09,0.232,-0.188,0.466,-0.563,-0.293,0.089,0.329,-0.381,0.122,-0.275,-0.34,-0.38,-0.656,-0.301,-0.237,-0.477,0.239,-0.498,-0.31,-0.403,0.666,0.547,0.118,-0.298,-0.532,-0.137,-0.195,-0.685,-0.514,-0.117,-0.369,-0.541,-0.403,-0.414,-0.479,-0.072,-0.493,-0.558,0.326,0.32,-0.627,-0.287,-0.221,-0.482,-0.093,-0.288,-0.49,-0.176,0.137,-0.401,-0.552,-0.163,-0.043,0.137,0.128,0.106,-0.306,-0.531,-0.17,-0.486,-0.203,-0.371,0.048,-0.289,-0.113,0.223,-0.087,0.254,-0.418,-0.521,-0.519,-0.103,-0.349,-0.635,-0.214,-0.229,-0.164,-0.298,-0.238,-0.639,-0.337,0.577,-0.058,-0.336,-0.568,-0.23,-0.496,-0.329,0.133,-0.354
CCEC,0.664,0.634,0.691,0.185,0.813,0.323,-0.467,0.792,0.793,0.719,0.943,0.956,0.039,0.899,0.816,0.298,0.332,0.916,0.138,0.623,0.583,0.657,-0.117,0.62,0.871,0.848,0.711,-0.696,0.0,0.754,0.849,0.328,0.054,-0.427,0.767,0.72,0.796,0.671,0.349,0.554,0.78,0.733,0.351,0.9,0.407,0.717,0.767,0.619,0.737,0.613,0.819,0.9,0.07,0.875,0.704,0.468,0.604,0.822,0.497,0.669,0.258,0.506,0.742,0.683,0.707,0.883,0.849,-0.511,0.861,0.175,-0.381,0.237,0.174,0.895,0.742,0.544,0.156,0.681,-0.234,-0.646,0.809,-0.589,-0.166,-0.347,0.35,0.802,0.886,0.803,-0.308,0.683,0.313,0.78,0.434,0.769,-0.094,-0.602,0.941,-0.021,0.872,-0.323,0.236,-0.602,0.477,0.797,0.912,0.085,0.499,0.549,0.535,0.643,0.192,0.661,-0.663,0.943,0.618,0.207,0.11,0.869,0.329,0.245,0.808,0.863,0.925,0.552,0.495,0.706,-0.293,0.897,0.653,0.85,-0.721,-0.228,0.181,0.493,0.873,0.316,0.589,0.913,0.803,0.022,0.618,0.895,0.869,0.659,0.793,0.645,0.843,0.821,-0.262,0.053,0.706,0.261,0.684,0.819,0.583,0.671,0.897,0.422,-0.118,0.803,0.909,0.574,-0.155,-0.07,0.101,-0.294,0.82,0.684,0.646,0.884,0.733,0.825,0.318,0.691,0.532,0.069,0.576,-0.279,0.836,0.829,0.792,0.459,0.724,0.88,0.695,0.553,0.661,0.698,0.706,0.757,0.759,-0.571,0.269,0.791,0.878,0.65,0.883,0.655,0.113,0.794
CDW,0.378,0.751,0.752,0.162,0.75,0.675,-0.09,0.707,0.901,0.772,0.782,0.838,-0.105,0.843,0.803,0.602,0.505,0.705,0.243,0.698,0.75,0.714,-0.072,0.491,0.777,0.879,0.589,-0.318,0.754,0.0,0.81,0.254,0.457,-0.033,0.628,0.587,0.755,0.737,0.024,0.595,0.768,0.816,0.491,0.822,0.205,0.794,0.851,0.796,0.79,0.631,0.661,0.802,0.398,0.893,0.587,0.621,0.791,0.866,0.462,0.604,0.13,0.617,0.741,0.717,0.679,0.848,0.818,-0.34,0.773,0.432,-0.152,0.58,0.097,0.882,0.853,0.405,0.227,0.841,0.054,-0.422,0.729,-0.329,-0.12,-0.487,0.392,0.471,0.847,0.671,-0.306,0.543,0.601,0.884,0.404,0.615,0.41,-0.5,0.768,0.118,0.886,-0.182,0.302,-0.311,0.438,0.714,0.783,-0.038,0.464,0.619,0.529,0.807,0.545,0.644,-0.557,0.82,0.497,0.431,0.541,0.867,0.563,0.158,0.821,0.884,0.754,0.474,0.418,0.707,-0.244,0.917,0.682,0.889,-0.587,0.243,0.278,0.326,0.797,0.408,0.549,0.765,0.762,-0.219,0.657,0.841,0.896,0.629,0.776,0.697,0.756,0.808,-0.108,0.387,0.352,-0.04,0.801,0.835,0.762,0.823,0.883,0.612,-0.029,0.852,0.886,0.775,-0.382,0.039,0.345,-0.248,0.845,0.709,0.88,0.812,0.928,0.896,0.599,0.767,0.655,0.164,0.821,-0.262,0.885,0.755,0.756,0.579,0.752,0.693,0.78,0.577,0.907,0.542,0.77,0.694,0.605,-0.297,0.295,0.892,0.835,0.588,0.916,0.574,0.154,0.753
CDXS,0.448,0.48,0.856,-0.167,0.926,0.543,-0.37,0.92,0.898,0.886,0.744,0.863,-0.284,0.942,0.771,0.663,0.196,0.778,0.148,0.445,0.674,0.501,-0.41,0.691,0.868,0.946,0.879,-0.417,0.849,0.81,0.0,-0.04,0.08,-0.445,0.776,0.798,0.928,0.797,0.067,0.848,0.659,0.889,0.315,0.765,0.109,0.622,0.902,0.665,0.692,0.363,0.681,0.897,0.151,0.893,0.838,0.692,0.597,0.818,0.34,0.74,-0.074,0.824,0.842,0.919,0.805,0.941,0.945,-0.585,0.873,0.586,-0.561,0.317,-0.11,0.788,0.869,0.26,-0.114,0.903,-0.332,-0.54,0.818,-0.3,-0.285,-0.421,0.087,0.521,0.917,0.59,-0.558,0.592,0.655,0.764,0.227,0.874,-0.054,-0.712,0.792,-0.213,0.883,-0.42,-0.009,-0.533,0.479,0.899,0.934,-0.222,0.357,0.844,0.324,0.686,0.505,0.791,-0.809,0.942,0.378,0.185,0.506,0.793,0.322,-0.12,0.759,0.868,0.861,0.238,0.18,0.468,-0.588,0.866,0.842,0.928,-0.779,-0.091,0.021,0.175,0.929,0.562,0.465,0.862,0.653,-0.366,0.721,0.918,0.901,0.496,0.814,0.864,0.648,0.859,-0.101,0.487,0.372,-0.041,0.888,0.951,0.655,0.882,0.855,0.251,-0.291,0.937,0.9,0.799,-0.541,-0.37,0.519,-0.567,0.779,0.821,0.839,0.89,0.813,0.928,0.254,0.866,0.401,-0.156,0.827,-0.495,0.922,0.94,0.611,0.46,0.781,0.776,0.868,0.352,0.851,0.762,0.882,0.798,0.681,-0.669,-0.042,0.877,0.769,0.641,0.922,0.654,-0.133,0.797
