,ABEO,ACHC,AGNCN,AKAM,AKRO,ALRM,AMAT,AMED,AMRN,ANGI,APA,APOG,APPS,ARCB,ARCC,ARVN,ATEC,ATXS,AVAV,AXON,BANF,BATRK,BIDU,BLNE,BLNK,BTAI,BYND,CAN,CCEC,CDW,CDXS,CELH,CGNX,CHKP,CHRS,CHRW,CIGI,CKPT,CMPR,COGT,CRNC,CRSP,CSTL,CTSH,CVGW,DGLY,DNLI,DOCU,DVAX,EBAY,EHTH,ERII,ESLT,EXPE,EXPO,FBIOP,FFBC,FFIN,FOXF,FWRD,GDS,GERN,GPRE,GRWG,GRYP,HEES,HELE,HIVE,HON,HRTX,HSTM,HURA,IART,IBKR,IBOC,IBRX,IDXX,INGN,INM,INVA,IQ,IRBT,KDP,KPTI,KTOS,KXIN,LAMR,LFUS,LGIH,LGMK,LKFN,LNW,LOPE,LPSN,LYFT,MGNX,MLCO,MNST,MODV,MSTR,MTCH,MYGN,MYRG,NCMI,NEXT,NFLX,NIU,NKTR,NRC,NTNX,NTRA,NVEE,NVMI,NWL,NWS,NXPI,OCGN,OCSL,OKTA,OLLI,OTLK,OXLC,PAA,PARA,PARAA,PDCO,PDFS,PFG,PGEN,PNFP,PODD,POWI,PSMT,PTC,PTEN,PVLA,RDNT,RDUS,RDWR,REGN,RNAC,ROCK,ROST,RRR,RSLS,RVMD,RYAAY,SAFT,SAGE,SAVA,SBGI,SFM,SFNC,SHYF,SIBN,SIFY,SIGI,SIMO,SITM,SLM,SNBR,SNDX,SNY,SPNS,SRRK,STRA,SUPN,SYRE,TCBK,TEAM,TECH,THRM,TLRY,TRMK,TROW,TSLA,TWST,TXN,UFPI,UNIT,UPWK,USLM,UTHR,VERB,VLY,VRNA,VRRM,VXRT,WAFD,WATT,WBA,WING,WIX,WTFC,WTW,XPEL,XRX,YMAB,ZG,ZLAB
ABEO,0.0,-0.587,0.027,-0.134,0.117,-0.447,0.52,-0.567,-0.281,-0.284,-0.224,-0.273,-0.489,0.101,-0.367,-0.504,0.67,0.18,0.868,0.712,-0.446,-0.27,-0.137,0.03,-0.532,-0.437,0.042,-0.638,-0.272,-0.408,-0.493,-0.353,0.084,0.51,-0.379,0.419,-0.393,0.032,0.363,-0.394,-0.231,-0.395,-0.542,-0.466,-0.765,-0.518,-0.474,0.131,-0.56,-0.481,0.237,0.758,0.816,-0.248,-0.31,0.564,-0.598,-0.474,0.04,0.669,-0.633,-0.025,-0.484,-0.463,-0.384,0.073,-0.238,-0.499,0.055,-0.375,0.113,-0.643,-0.636,-0.047,-0.086,-0.681,-0.029,-0.522,-0.423,-0.716,0.119,0.699,-0.384,-0.056,0.505,0.287,-0.219,0.276,-0.291,-0.501,-0.626,-0.209,-0.579,-0.339,-0.473,-0.212,0.145,0.259,-0.548,-0.662,-0.642,0.592,0.431,-0.317,-0.365,-0.525,-0.6,-0.467,-0.434,-0.588,0.753,-0.427,0.631,-0.54,-0.468,-0.078,-0.473,-0.296,0.815,-0.487,-0.251,-0.275,-0.116,-0.398,-0.371,-0.302,0.52,-0.48,-0.155,-0.53,0.011,0.182,-0.546,-0.566,0.107,-0.391,0.649,0.048,0.108,0.046,-0.504,-0.33,-0.394,-0.131,-0.512,-0.517,0.203,-0.464,0.201,0.142,-0.483,0.492,-0.545,-0.255,0.609,-0.59,-0.468,-0.455,0.626,-0.334,-0.43,-0.501,-0.047,-0.466,0.627,-0.287,-0.34,-0.28,-0.392,0.27,0.124,-0.344,-0.569,-0.595,-0.175,-0.672,-0.504,0.481,-0.312,-0.65,-0.104,-0.419,-0.646,-0.428,-0.568,-0.475,0.55,-0.332,-0.467,-0.058,-0.586,-0.221,0.348,-0.399,-0.078,-0.483,-0.204,-0.271,-0.385,-0.199
ACHC,-0.587,0.0,0.365,0.751,0.24,0.852,-0.691,0.906,0.472,0.621,0.598,0.717,0.857,0.431,0.775,0.917,-0.565,0.325,-0.613,-0.801,0.67,0.587,0.313,0.45,0.899,0.782,0.056,0.536,0.618,0.874,0.905,0.704,0.173,-0.342,0.872,0.06,0.856,0.336,0.18,0.636,0.774,0.714,0.747,0.911,0.827,0.933,0.841,0.436,0.926,0.855,0.491,-0.504,-0.791,0.723,0.727,-0.154,0.86,0.878,0.379,-0.327,0.84,0.362,0.722,0.793,0.862,0.227,0.666,0.643,0.524,0.75,-0.105,0.876,0.903,0.554,0.254,0.948,0.552,0.892,0.851,0.847,0.123,-0.792,0.831,0.09,-0.688,0.086,0.684,0.18,0.582,0.764,0.766,0.65,0.904,0.849,0.913,-0.004,0.074,0.353,0.838,0.864,0.895,-0.834,-0.75,0.822,0.692,0.888,0.908,0.835,0.894,0.764,-0.814,0.82,-0.818,0.809,0.9,0.564,0.643,0.705,-0.723,0.889,0.778,0.652,0.505,0.894,0.881,0.854,-0.514,0.828,0.752,0.868,-0.146,-0.111,0.917,0.958,0.292,0.705,-0.766,0.293,0.458,-0.283,0.83,0.682,0.86,0.766,0.832,0.603,0.198,0.861,0.046,0.077,0.928,-0.415,0.85,0.762,-0.793,0.922,0.772,0.826,-0.717,0.811,0.528,0.878,0.241,0.854,-0.361,0.738,0.693,0.779,0.766,0.366,0.24,0.807,0.889,0.832,0.705,0.811,0.89,-0.268,0.657,0.918,0.537,0.727,0.831,0.884,0.88,0.694,-0.699,0.78,0.819,0.756,0.899,0.358,-0.09,0.771,0.685,0.936,0.647,0.717,0.743,0.468
AGNCN,0.027,0.365,0.0,0.467,0.823,0.394,-0.023,0.512,0.816,0.599,0.889,0.817,0.239,0.85,0.737,0.309,0.29,0.772,-0.166,0.11,0.786,0.757,0.652,0.425,0.434,0.735,0.311,-0.227,0.837,0.594,0.381,0.621,0.191,0.045,0.445,0.51,0.619,0.827,0.578,0.504,0.732,0.63,0.413,0.633,0.469,0.526,0.515,0.641,0.37,0.578,0.497,0.375,-0.162,0.827,0.407,0.423,0.642,0.654,0.45,0.292,0.514,0.633,0.684,0.462,0.532,0.894,0.822,-0.019,0.567,0.102,0.191,0.454,0.459,0.908,0.881,0.326,0.446,0.179,0.248,-0.001,0.535,-0.42,0.004,-0.468,0.127,0.787,0.793,0.697,0.079,0.686,0.438,0.827,0.459,0.423,0.476,-0.367,0.783,0.127,0.624,0.274,0.504,-0.202,0.067,0.679,0.843,0.32,0.415,0.134,0.563,0.665,-0.101,0.119,-0.512,0.671,0.454,0.351,0.441,0.786,-0.048,0.619,0.555,0.785,0.917,0.609,0.604,0.458,0.033,0.742,0.425,0.682,-0.709,0.45,0.393,0.466,0.875,0.229,0.143,0.823,0.812,0.342,0.421,0.707,0.66,0.565,0.619,0.467,0.842,0.488,-0.26,-0.062,0.355,-0.037,0.664,0.376,0.114,0.517,0.744,0.687,0.072,0.771,0.754,0.554,-0.021,0.568,-0.454,-0.001,0.697,0.434,0.773,0.702,0.585,0.466,0.559,0.669,0.53,0.448,0.395,-0.06,0.646,0.546,0.719,0.64,0.582,0.409,0.577,0.722,0.217,0.233,0.644,0.389,0.55,0.03,0.515,0.796,0.831,0.151,0.871,0.71,0.356,0.783
AKAM,-0.134,0.751,0.467,0.0,0.507,0.84,-0.314,0.765,0.48,0.711,0.624,0.757,0.852,0.703,0.734,0.839,-0.197,0.624,-0.169,-0.394,0.461,0.697,0.579,0.753,0.842,0.7,-0.138,0.353,0.539,0.843,0.871,0.682,0.498,0.092,0.866,0.326,0.75,0.607,0.637,0.651,0.869,0.746,0.671,0.82,0.561,0.751,0.867,0.708,0.851,0.827,0.717,-0.075,-0.521,0.78,0.752,0.265,0.676,0.763,0.786,-0.027,0.756,0.527,0.594,0.812,0.791,0.314,0.713,0.611,0.787,0.783,-0.054,0.733,0.648,0.672,0.275,0.721,0.843,0.811,0.745,0.498,0.271,-0.562,0.647,0.235,-0.584,0.384,0.793,0.558,0.625,0.74,0.565,0.761,0.745,0.792,0.861,-0.168,0.394,0.667,0.678,0.686,0.753,-0.456,-0.712,0.805,0.575,0.821,0.815,0.828,0.852,0.632,-0.361,0.818,-0.494,0.66,0.867,0.772,0.703,0.666,-0.208,0.692,0.745,0.742,0.548,0.87,0.883,0.898,-0.374,0.691,0.811,0.738,-0.194,0.105,0.825,0.807,0.537,0.673,-0.353,0.515,0.709,-0.19,0.752,0.671,0.853,0.881,0.754,0.492,0.529,0.795,0.255,0.393,0.831,0.064,0.679,0.916,-0.467,0.734,0.675,0.664,-0.26,0.785,0.32,0.806,0.14,0.795,0.075,0.689,0.715,0.811,0.72,0.752,0.643,0.871,0.774,0.6,0.88,0.604,0.86,0.17,0.701,0.672,0.826,0.602,0.659,0.9,0.733,0.612,-0.503,0.865,0.703,0.853,0.772,0.419,0.15,0.67,0.789,0.714,0.728,0.809,0.818,0.612
AKRO,0.117,0.24,0.823,0.507,0.0,0.323,0.107,0.41,0.816,0.617,0.807,0.769,0.262,0.829,0.721,0.317,0.417,0.906,-0.07,0.263,0.567,0.766,0.753,0.468,0.411,0.711,0.19,-0.137,0.756,0.541,0.399,0.55,0.199,0.098,0.45,0.331,0.5,0.875,0.699,0.629,0.662,0.653,0.407,0.493,0.393,0.39,0.562,0.724,0.336,0.529,0.494,0.444,-0.108,0.755,0.494,0.562,0.556,0.556,0.635,0.26,0.505,0.805,0.573,0.475,0.442,0.849,0.806,0.056,0.576,0.18,0.221,0.397,0.327,0.867,0.797,0.236,0.497,0.184,0.164,-0.095,0.402,-0.411,-0.098,-0.271,0.111,0.817,0.833,0.727,0.086,0.632,0.377,0.814,0.408,0.388,0.428,-0.283,0.912,0.165,0.564,0.261,0.482,0.025,0.06,0.658,0.715,0.278,0.401,0.164,0.477,0.622,0.106,0.143,-0.395,0.606,0.417,0.338,0.479,0.771,0.123,0.45,0.506,0.811,0.814,0.579,0.592,0.381,0.082,0.638,0.391,0.596,-0.583,0.491,0.345,0.381,0.892,0.373,0.32,0.827,0.773,0.487,0.434,0.647,0.62,0.494,0.592,0.499,0.889,0.4,-0.074,0.097,0.276,0.205,0.565,0.387,0.267,0.422,0.691,0.548,0.232,0.67,0.62,0.555,-0.116,0.49,-0.242,-0.102,0.774,0.414,0.712,0.759,0.75,0.469,0.455,0.528,0.534,0.381,0.393,0.062,0.573,0.422,0.79,0.595,0.501,0.361,0.493,0.699,0.277,0.304,0.589,0.325,0.516,0.038,0.532,0.68,0.696,0.03,0.814,0.791,0.377,0.818
ALRM,-0.447,0.852,0.394,0.84,0.323,0.0,-0.418,0.85,0.485,0.711,0.584,0.719,0.886,0.535,0.746,0.887,-0.374,0.376,-0.426,-0.623,0.61,0.612,0.446,0.583,0.902,0.734,-0.023,0.558,0.544,0.862,0.9,0.722,0.393,-0.155,0.854,0.168,0.803,0.451,0.419,0.663,0.827,0.771,0.77,0.861,0.732,0.82,0.85,0.573,0.912,0.843,0.463,-0.319,-0.72,0.732,0.717,-0.017,0.805,0.819,0.597,-0.175,0.83,0.397,0.713,0.835,0.815,0.249,0.663,0.704,0.605,0.791,-0.107,0.835,0.828,0.568,0.29,0.86,0.73,0.854,0.819,0.718,0.142,-0.694,0.717,0.229,-0.629,0.159,0.719,0.347,0.688,0.748,0.699,0.687,0.816,0.769,0.898,-0.038,0.186,0.471,0.762,0.85,0.844,-0.633,-0.704,0.778,0.623,0.888,0.874,0.827,0.895,0.719,-0.608,0.832,-0.627,0.759,0.891,0.711,0.736,0.669,-0.501,0.799,0.717,0.69,0.488,0.862,0.859,0.853,-0.473,0.757,0.751,0.813,-0.13,0.042,0.891,0.883,0.37,0.73,-0.576,0.35,0.572,-0.248,0.813,0.698,0.831,0.805,0.784,0.58,0.332,0.813,0.239,0.317,0.877,-0.216,0.799,0.806,-0.638,0.823,0.712,0.738,-0.457,0.789,0.463,0.842,0.157,0.847,-0.185,0.705,0.665,0.778,0.731,0.527,0.424,0.844,0.882,0.751,0.827,0.773,0.904,0.026,0.72,0.804,0.689,0.65,0.75,0.873,0.85,0.673,-0.611,0.793,0.81,0.758,0.846,0.425,-0.005,0.707,0.698,0.802,0.677,0.748,0.828,0.544
AMAT,0.52,-0.691,-0.023,-0.314,0.107,-0.418,0.0,-0.565,-0.05,-0.148,-0.224,-0.284,-0.372,0.043,-0.259,-0.5,0.746,0.051,0.65,0.76,-0.342,-0.161,0.183,-0.042,-0.479,-0.372,-0.014,-0.197,-0.338,-0.369,-0.56,-0.162,0.272,0.443,-0.454,0.076,-0.441,0.122,0.288,-0.142,-0.245,-0.207,-0.191,-0.529,-0.525,-0.707,-0.384,0.138,-0.529,-0.427,-0.11,0.664,0.487,-0.292,-0.348,0.325,-0.451,-0.449,0.167,0.506,-0.382,0.012,-0.222,-0.283,-0.46,0.046,-0.271,-0.185,-0.164,-0.434,0.11,-0.42,-0.461,-0.148,0.09,-0.616,0.093,-0.628,-0.561,-0.631,-0.047,0.545,-0.652,0.171,0.608,0.084,-0.22,0.317,-0.006,-0.363,-0.367,-0.126,-0.558,-0.603,-0.452,-0.088,0.272,0.037,-0.509,-0.4,-0.479,0.836,0.59,-0.477,-0.392,-0.423,-0.51,-0.561,-0.555,-0.328,0.816,-0.495,0.759,-0.392,-0.425,0.061,-0.054,-0.246,0.725,-0.557,-0.533,-0.12,-0.23,-0.468,-0.443,-0.452,0.457,-0.431,-0.379,-0.453,0.078,0.626,-0.466,-0.565,0.102,-0.231,0.778,0.005,-0.023,0.287,-0.416,-0.176,-0.418,-0.297,-0.48,-0.199,0.232,-0.544,0.275,0.418,-0.574,0.536,-0.433,-0.358,0.772,-0.571,-0.339,-0.519,0.868,-0.361,-0.28,-0.492,-0.264,-0.338,0.433,-0.506,-0.255,-0.464,-0.322,0.08,0.295,-0.292,-0.405,-0.505,-0.093,-0.353,-0.412,0.699,-0.105,-0.609,-0.062,-0.353,-0.513,-0.517,-0.462,-0.215,0.678,-0.409,-0.38,-0.434,-0.494,-0.091,0.216,-0.356,-0.25,-0.705,-0.18,-0.264,-0.164,-0.006
AMED,-0.567,0.906,0.512,0.765,0.41,0.85,-0.565,0.0,0.64,0.771,0.744,0.828,0.858,0.587,0.823,0.857,-0.492,0.426,-0.586,-0.682,0.71,0.649,0.482,0.607,0.939,0.879,0.029,0.465,0.705,0.931,0.89,0.787,0.348,-0.442,0.872,0.226,0.92,0.541,0.294,0.743,0.855,0.789,0.788,0.963,0.836,0.912,0.907,0.515,0.935,0.938,0.454,-0.377,-0.824,0.855,0.764,0.001,0.882,0.888,0.461,-0.325,0.913,0.383,0.849,0.904,0.865,0.39,0.791,0.647,0.625,0.704,-0.229,0.888,0.886,0.665,0.378,0.954,0.639,0.84,0.854,0.747,0.184,-0.885,0.638,0.061,-0.634,0.186,0.806,0.343,0.613,0.846,0.687,0.777,0.868,0.868,0.905,-0.251,0.304,0.287,0.861,0.865,0.912,-0.79,-0.693,0.873,0.817,0.898,0.9,0.797,0.895,0.823,-0.758,0.79,-0.819,0.894,0.923,0.65,0.738,0.755,-0.68,0.918,0.762,0.757,0.666,0.892,0.872,0.881,-0.616,0.909,0.82,0.93,-0.34,-0.069,0.871,0.94,0.507,0.733,-0.636,0.492,0.557,-0.204,0.899,0.83,0.909,0.813,0.889,0.7,0.4,0.888,0.051,0.05,0.929,-0.357,0.888,0.818,-0.666,0.936,0.866,0.807,-0.571,0.88,0.624,0.925,-0.064,0.901,-0.403,0.665,0.723,0.838,0.807,0.484,0.336,0.859,0.943,0.859,0.784,0.838,0.931,-0.19,0.814,0.957,0.703,0.722,0.89,0.908,0.924,0.777,-0.612,0.771,0.88,0.782,0.908,0.212,-0.077,0.815,0.768,0.789,0.774,0.797,0.816,0.598
AMRN,-0.281,0.472,0.816,0.48,0.816,0.485,-0.05,0.64,0.0,0.636,0.857,0.842,0.428,0.739,0.834,0.464,0.128,0.697,-0.417,-0.043,0.795,0.795,0.734,0.436,0.598,0.87,0.135,0.124,0.826,0.699,0.514,0.714,0.213,-0.176,0.531,0.188,0.689,0.824,0.45,0.702,0.736,0.73,0.637,0.676,0.674,0.588,0.695,0.648,0.504,0.721,0.328,0.086,-0.457,0.845,0.485,0.247,0.779,0.749,0.491,-0.047,0.727,0.669,0.821,0.607,0.573,0.828,0.833,0.231,0.416,0.249,0.18,0.675,0.609,0.858,0.832,0.523,0.475,0.327,0.344,0.238,0.3,-0.669,0.049,-0.335,-0.073,0.607,0.847,0.535,0.25,0.797,0.633,0.879,0.614,0.427,0.613,-0.228,0.778,0.016,0.764,0.529,0.705,-0.261,-0.081,0.727,0.855,0.514,0.6,0.276,0.623,0.83,-0.241,0.259,-0.598,0.824,0.591,0.401,0.657,0.857,-0.267,0.677,0.544,0.866,0.823,0.677,0.669,0.471,-0.124,0.84,0.475,0.794,-0.674,0.462,0.538,0.592,0.781,0.48,0.033,0.713,0.701,0.307,0.647,0.806,0.713,0.567,0.739,0.701,0.731,0.604,-0.175,-0.037,0.452,-0.114,0.76,0.456,0.038,0.677,0.882,0.724,-0.018,0.807,0.827,0.723,-0.183,0.698,-0.519,0.061,0.816,0.508,0.848,0.586,0.569,0.579,0.7,0.744,0.593,0.666,0.557,-0.116,0.742,0.669,0.753,0.802,0.7,0.483,0.688,0.837,0.066,0.326,0.719,0.362,0.687,0.137,0.315,0.845,0.698,0.224,0.878,0.803,0.507,0.875
ANGI,-0.284,0.621,0.599,0.711,0.617,0.711,-0.148,0.771,0.636,0.0,0.739,0.745,0.715,0.67,0.805,0.682,-0.06,0.611,-0.228,-0.292,0.573,0.651,0.644,0.582,0.747,0.778,0.142,0.393,0.636,0.797,0.684,0.705,0.535,-0.169,0.772,0.295,0.75,0.677,0.57,0.793,0.84,0.817,0.719,0.763,0.587,0.626,0.784,0.692,0.753,0.759,0.606,0.067,-0.517,0.813,0.734,0.281,0.736,0.725,0.662,-0.051,0.778,0.568,0.774,0.843,0.637,0.477,0.781,0.62,0.692,0.574,-0.162,0.674,0.683,0.689,0.517,0.684,0.768,0.576,0.646,0.433,0.316,-0.663,0.385,0.241,-0.316,0.317,0.797,0.573,0.559,0.735,0.527,0.776,0.625,0.716,0.725,-0.392,0.512,0.419,0.635,0.724,0.727,-0.425,-0.433,0.74,0.707,0.705,0.68,0.568,0.673,0.713,-0.378,0.583,-0.546,0.726,0.745,0.663,0.716,0.738,-0.283,0.693,0.715,0.792,0.652,0.734,0.733,0.741,-0.44,0.75,0.705,0.784,-0.242,0.17,0.676,0.723,0.681,0.693,-0.263,0.566,0.598,0.106,0.732,0.737,0.818,0.672,0.712,0.707,0.646,0.619,0.21,0.277,0.7,-0.114,0.788,0.673,-0.313,0.669,0.751,0.568,-0.164,0.772,0.508,0.772,-0.1,0.751,-0.167,0.388,0.676,0.63,0.73,0.669,0.558,0.725,0.775,0.71,0.823,0.715,0.806,0.111,0.795,0.73,0.798,0.519,0.723,0.732,0.822,0.759,-0.261,0.639,0.871,0.613,0.745,0.204,0.225,0.712,0.743,0.512,0.754,0.814,0.804,0.639
APA,-0.224,0.598,0.889,0.624,0.807,0.584,-0.224,0.744,0.857,0.739,0.0,0.937,0.496,0.854,0.869,0.527,0.076,0.797,-0.36,-0.126,0.811,0.825,0.714,0.537,0.659,0.884,0.309,0.015,0.913,0.775,0.606,0.795,0.315,-0.144,0.634,0.428,0.787,0.845,0.514,0.698,0.841,0.795,0.625,0.82,0.695,0.726,0.716,0.68,0.621,0.755,0.551,0.189,-0.432,0.92,0.618,0.338,0.802,0.809,0.494,0.066,0.754,0.635,0.856,0.695,0.706,0.84,0.917,0.194,0.634,0.284,0.054,0.655,0.662,0.94,0.784,0.584,0.564,0.423,0.439,0.233,0.484,-0.654,0.223,-0.335,-0.092,0.697,0.896,0.651,0.285,0.846,0.562,0.891,0.634,0.666,0.662,-0.401,0.752,0.173,0.814,0.511,0.741,-0.392,-0.148,0.855,0.952,0.538,0.676,0.373,0.729,0.842,-0.328,0.352,-0.719,0.866,0.668,0.477,0.585,0.889,-0.248,0.794,0.686,0.91,0.958,0.794,0.787,0.648,-0.25,0.889,0.558,0.858,-0.628,0.348,0.593,0.7,0.886,0.421,-0.119,0.823,0.842,0.281,0.64,0.855,0.839,0.676,0.798,0.604,0.811,0.633,-0.238,-0.061,0.588,-0.092,0.816,0.549,-0.139,0.716,0.87,0.775,-0.139,0.907,0.844,0.739,-0.073,0.751,-0.528,0.152,0.838,0.596,0.869,0.73,0.629,0.656,0.748,0.801,0.665,0.652,0.638,-0.131,0.827,0.763,0.84,0.751,0.791,0.635,0.751,0.863,-0.008,0.448,0.787,0.536,0.763,0.064,0.382,0.895,0.875,0.379,0.955,0.862,0.546,0.819
APOG,-0.273,0.717,0.817,0.757,0.769,0.719,-0.284,0.828,0.842,0.745,0.937,0.0,0.658,0.881,0.927,0.694,-0.039,0.79,-0.403,-0.278,0.819,0.873,0.699,0.606,0.785,0.933,0.192,0.147,0.911,0.889,0.759,0.863,0.282,-0.171,0.76,0.385,0.878,0.83,0.566,0.776,0.91,0.844,0.728,0.898,0.769,0.812,0.843,0.728,0.75,0.874,0.553,0.043,-0.542,0.941,0.743,0.316,0.873,0.901,0.608,0.059,0.832,0.671,0.877,0.802,0.831,0.775,0.937,0.341,0.706,0.468,0.046,0.781,0.76,0.939,0.705,0.708,0.667,0.59,0.578,0.38,0.379,-0.739,0.367,-0.226,-0.271,0.654,0.95,0.668,0.44,0.902,0.669,0.948,0.79,0.754,0.796,-0.261,0.679,0.293,0.876,0.636,0.835,-0.465,-0.346,0.927,0.932,0.687,0.793,0.549,0.853,0.876,-0.396,0.534,-0.736,0.925,0.814,0.614,0.694,0.926,-0.332,0.863,0.729,0.944,0.906,0.903,0.897,0.768,-0.252,0.938,0.678,0.922,-0.589,0.316,0.753,0.809,0.818,0.573,-0.212,0.803,0.827,0.141,0.766,0.912,0.915,0.795,0.893,0.642,0.753,0.786,-0.085,0.072,0.723,-0.08,0.871,0.704,-0.268,0.826,0.926,0.863,-0.232,0.957,0.786,0.85,0.004,0.852,-0.433,0.355,0.91,0.727,0.924,0.728,0.672,0.813,0.848,0.845,0.785,0.724,0.769,-0.085,0.848,0.829,0.851,0.831,0.841,0.764,0.831,0.873,-0.176,0.614,0.841,0.661,0.859,0.181,0.26,0.931,0.919,0.52,0.977,0.907,0.676,0.85
APPS,-0.489,0.857,0.239,0.852,0.262,0.886,-0.372,0.858,0.428,0.715,0.496,0.658,0.0,0.463,0.726,0.929,-0.467,0.337,-0.383,-0.671,0.458,0.548,0.467,0.637,0.927,0.704,-0.149,0.713,0.418,0.881,0.908,0.723,0.509,-0.236,0.89,0.067,0.783,0.414,0.369,0.732,0.783,0.74,0.824,0.826,0.705,0.752,0.896,0.549,0.948,0.859,0.497,-0.402,-0.817,0.675,0.771,-0.044,0.754,0.79,0.635,-0.309,0.863,0.355,0.699,0.911,0.8,0.094,0.6,0.876,0.603,0.859,-0.239,0.866,0.813,0.469,0.134,0.905,0.801,0.903,0.855,0.786,0.004,-0.721,0.737,0.457,-0.729,-0.008,0.682,0.326,0.836,0.712,0.685,0.664,0.819,0.778,0.917,-0.086,0.153,0.516,0.709,0.92,0.859,-0.608,-0.827,0.733,0.515,0.958,0.899,0.901,0.808,0.69,-0.605,0.916,-0.553,0.728,0.941,0.811,0.809,0.609,-0.521,0.731,0.644,0.667,0.356,0.827,0.828,0.875,-0.6,0.712,0.806,0.781,0.003,0.021,0.912,0.897,0.309,0.856,-0.622,0.284,0.443,-0.341,0.883,0.694,0.825,0.823,0.757,0.616,0.261,0.813,0.359,0.414,0.923,-0.142,0.753,0.879,-0.688,0.832,0.695,0.623,-0.455,0.731,0.313,0.85,0.017,0.864,-0.028,0.786,0.651,0.797,0.672,0.451,0.431,0.909,0.877,0.665,0.86,0.788,0.966,0.126,0.745,0.78,0.651,0.607,0.725,0.914,0.828,0.639,-0.704,0.898,0.767,0.784,0.833,0.413,-0.165,0.64,0.613,0.824,0.596,0.718,0.935,0.473
ARCB,0.101,0.431,0.85,0.703,0.829,0.535,0.043,0.587,0.739,0.67,0.854,0.881,0.463,0.0,0.763,0.464,0.281,0.882,-0.035,0.08,0.635,0.803,0.753,0.674,0.574,0.746,0.154,-0.107,0.761,0.725,0.536,0.732,0.413,0.088,0.591,0.613,0.681,0.906,0.761,0.603,0.822,0.693,0.53,0.694,0.454,0.54,0.663,0.777,0.51,0.686,0.633,0.401,-0.239,0.841,0.593,0.57,0.621,0.672,0.691,0.407,0.604,0.641,0.686,0.655,0.641,0.792,0.85,0.194,0.803,0.3,0.02,0.538,0.493,0.903,0.703,0.407,0.718,0.345,0.371,0.029,0.428,-0.433,0.134,-0.184,-0.036,0.781,0.866,0.875,0.367,0.718,0.387,0.886,0.537,0.562,0.593,-0.392,0.815,0.39,0.606,0.373,0.556,-0.118,-0.151,0.735,0.77,0.475,0.534,0.347,0.652,0.651,-0.004,0.351,-0.411,0.682,0.632,0.64,0.579,0.779,0.064,0.611,0.557,0.854,0.849,0.723,0.729,0.659,-0.058,0.723,0.575,0.7,-0.57,0.458,0.532,0.542,0.919,0.403,0.133,0.87,0.869,0.214,0.538,0.798,0.759,0.717,0.671,0.418,0.915,0.588,0.024,0.244,0.508,0.228,0.647,0.62,0.02,0.542,0.733,0.643,0.142,0.793,0.579,0.621,-0.039,0.656,-0.159,0.215,0.771,0.602,0.757,0.838,0.825,0.704,0.632,0.602,0.749,0.444,0.572,0.228,0.746,0.545,0.867,0.618,0.604,0.595,0.618,0.708,0.08,0.502,0.66,0.592,0.616,0.057,0.359,0.743,0.903,0.273,0.903,0.811,0.585,0.818
ARCC,-0.367,0.775,0.737,0.734,0.721,0.746,-0.259,0.823,0.834,0.805,0.869,0.927,0.726,0.763,0.0,0.788,-0.051,0.718,-0.447,-0.362,0.831,0.855,0.68,0.493,0.812,0.954,0.236,0.373,0.862,0.909,0.776,0.861,0.267,-0.157,0.829,0.158,0.879,0.751,0.525,0.858,0.924,0.911,0.837,0.873,0.806,0.8,0.875,0.782,0.786,0.869,0.571,-0.04,-0.601,0.923,0.742,0.165,0.932,0.942,0.613,-0.039,0.877,0.748,0.897,0.817,0.826,0.693,0.916,0.502,0.591,0.543,0.136,0.85,0.849,0.886,0.716,0.762,0.689,0.617,0.618,0.53,0.346,-0.785,0.464,-0.089,-0.28,0.491,0.933,0.545,0.508,0.894,0.812,0.929,0.829,0.711,0.866,-0.124,0.573,0.341,0.889,0.782,0.9,-0.495,-0.365,0.9,0.876,0.772,0.835,0.559,0.829,0.926,-0.459,0.559,-0.742,0.936,0.841,0.599,0.765,0.974,-0.412,0.874,0.775,0.951,0.792,0.912,0.91,0.735,-0.226,0.94,0.701,0.948,-0.436,0.367,0.816,0.858,0.716,0.711,-0.295,0.63,0.746,0.15,0.806,0.879,0.924,0.76,0.881,0.774,0.656,0.76,-0.015,0.14,0.733,-0.205,0.937,0.676,-0.301,0.866,0.944,0.86,-0.306,0.951,0.782,0.887,0.084,0.886,-0.421,0.382,0.923,0.664,0.966,0.676,0.606,0.801,0.885,0.89,0.818,0.852,0.829,-0.097,0.837,0.852,0.801,0.88,0.843,0.748,0.895,0.926,-0.203,0.621,0.916,0.615,0.907,0.319,0.295,0.951,0.848,0.589,0.923,0.932,0.753,0.818
ARVN,-0.504,0.917,0.309,0.839,0.317,0.887,-0.5,0.857,0.464,0.682,0.527,0.694,0.929,0.464,0.788,0.0,-0.457,0.383,-0.496,-0.717,0.575,0.619,0.397,0.532,0.919,0.756,-0.062,0.662,0.543,0.884,0.946,0.704,0.252,-0.195,0.92,-0.004,0.807,0.374,0.358,0.729,0.805,0.796,0.8,0.846,0.767,0.849,0.913,0.562,0.94,0.849,0.513,-0.419,-0.76,0.71,0.777,-0.089,0.83,0.852,0.592,-0.263,0.848,0.503,0.666,0.839,0.839,0.178,0.668,0.771,0.571,0.882,-0.048,0.877,0.855,0.534,0.24,0.909,0.691,0.914,0.839,0.825,0.083,-0.759,0.798,0.277,-0.712,0.086,0.727,0.257,0.676,0.744,0.792,0.688,0.895,0.801,0.95,0.106,0.135,0.476,0.8,0.911,0.897,-0.686,-0.773,0.791,0.587,0.924,0.922,0.892,0.879,0.741,-0.667,0.884,-0.671,0.765,0.917,0.659,0.755,0.7,-0.593,0.807,0.77,0.684,0.423,0.896,0.897,0.855,-0.431,0.77,0.78,0.828,-0.065,0.027,0.95,0.929,0.29,0.826,-0.631,0.283,0.472,-0.254,0.848,0.666,0.852,0.792,0.812,0.675,0.255,0.832,0.241,0.313,0.905,-0.269,0.821,0.848,-0.678,0.881,0.754,0.761,-0.564,0.775,0.43,0.9,0.223,0.86,-0.161,0.755,0.718,0.796,0.762,0.451,0.382,0.851,0.881,0.763,0.807,0.812,0.942,-0.072,0.64,0.833,0.626,0.711,0.771,0.902,0.869,0.687,-0.683,0.857,0.816,0.747,0.899,0.469,-0.032,0.719,0.653,0.871,0.634,0.766,0.838,0.53
ATEC,0.67,-0.565,0.29,-0.197,0.417,-0.374,0.746,-0.492,0.128,-0.06,0.076,-0.039,-0.467,0.281,-0.051,-0.457,0.0,0.411,0.624,0.854,-0.107,0.06,0.234,-0.095,-0.437,-0.172,0.311,-0.46,0.037,-0.302,-0.479,-0.049,0.093,0.539,-0.331,0.241,-0.311,0.304,0.408,-0.072,-0.071,-0.047,-0.209,-0.387,-0.446,-0.485,-0.348,0.354,-0.511,-0.377,0.16,0.844,0.65,-0.072,-0.286,0.48,-0.302,-0.275,0.152,0.671,-0.353,0.314,-0.14,-0.319,-0.348,0.422,0.004,-0.48,-0.055,-0.472,0.361,-0.425,-0.41,0.195,0.383,-0.61,0.035,-0.642,-0.585,-0.718,0.276,0.505,-0.547,-0.205,0.769,0.505,-0.017,0.404,-0.259,-0.211,-0.298,0.055,-0.471,-0.421,-0.383,-0.114,0.47,0.062,-0.286,-0.482,-0.39,0.751,0.714,-0.208,-0.105,-0.483,-0.429,-0.621,-0.38,-0.18,0.807,-0.596,0.47,-0.231,-0.416,-0.104,-0.2,0.029,0.784,-0.339,-0.189,0.077,0.108,-0.272,-0.239,-0.365,0.607,-0.232,-0.297,-0.289,-0.151,0.654,-0.439,-0.473,0.35,-0.33,0.817,0.218,0.276,0.514,-0.426,-0.104,-0.244,-0.229,-0.35,-0.159,0.469,-0.489,-0.014,0.164,-0.561,0.463,-0.275,-0.378,0.823,-0.48,-0.2,-0.277,0.778,-0.132,0.011,-0.374,-0.044,-0.284,0.239,-0.617,0.004,-0.419,-0.097,0.384,0.428,-0.313,-0.372,-0.307,-0.094,-0.348,-0.409,0.424,-0.057,-0.484,0.108,-0.137,-0.402,-0.459,-0.365,-0.06,0.865,-0.43,-0.251,-0.323,-0.366,-0.06,0.639,-0.117,0.007,-0.615,0.063,-0.022,-0.284,0.193
ATXS,0.18,0.325,0.772,0.624,0.906,0.376,0.051,0.426,0.697,0.611,0.797,0.79,0.337,0.882,0.718,0.383,0.411,0.0,0.019,0.202,0.521,0.772,0.72,0.53,0.427,0.668,0.23,-0.142,0.733,0.588,0.446,0.642,0.267,0.214,0.52,0.442,0.53,0.867,0.72,0.593,0.702,0.653,0.43,0.543,0.366,0.446,0.572,0.759,0.39,0.545,0.673,0.466,-0.093,0.738,0.565,0.586,0.53,0.575,0.653,0.391,0.493,0.754,0.536,0.514,0.515,0.788,0.79,0.076,0.691,0.221,0.155,0.416,0.35,0.872,0.687,0.264,0.586,0.235,0.2,-0.087,0.443,-0.363,0.07,-0.195,0.081,0.848,0.807,0.792,0.17,0.648,0.346,0.794,0.446,0.485,0.474,-0.284,0.825,0.397,0.544,0.263,0.481,0.012,-0.045,0.687,0.671,0.325,0.451,0.237,0.537,0.583,0.118,0.216,-0.394,0.577,0.498,0.435,0.465,0.757,0.194,0.489,0.528,0.815,0.791,0.642,0.66,0.515,0.054,0.612,0.46,0.592,-0.494,0.46,0.412,0.433,0.892,0.34,0.237,0.822,0.825,0.401,0.446,0.643,0.677,0.559,0.603,0.375,0.883,0.442,-0.027,0.166,0.353,0.329,0.542,0.478,0.16,0.419,0.641,0.553,0.183,0.689,0.519,0.538,0.036,0.523,-0.118,0.034,0.792,0.453,0.694,0.819,0.838,0.544,0.471,0.499,0.605,0.348,0.451,0.142,0.598,0.423,0.817,0.557,0.51,0.48,0.492,0.639,0.23,0.423,0.57,0.443,0.529,0.089,0.511,0.668,0.777,0.161,0.812,0.795,0.429,0.76
AVAV,0.868,-0.613,-0.166,-0.169,-0.07,-0.426,0.65,-0.586,-0.417,-0.228,-0.36,-0.403,-0.383,-0.035,-0.447,-0.496,0.624,0.019,0.0,0.664,-0.585,-0.395,-0.151,0.014,-0.52,-0.554,0.002,-0.378,-0.486,-0.431,-0.524,-0.332,0.304,0.484,-0.374,0.328,-0.464,-0.079,0.323,-0.365,-0.286,-0.412,-0.45,-0.531,-0.828,-0.646,-0.507,0.09,-0.513,-0.539,0.208,0.692,0.696,-0.37,-0.331,0.429,-0.67,-0.563,0.061,0.574,-0.613,-0.193,-0.493,-0.383,-0.486,-0.165,-0.371,-0.281,0.009,-0.307,-0.049,-0.63,-0.6,-0.249,-0.252,-0.649,0.08,-0.504,-0.413,-0.638,0.008,0.73,-0.335,0.278,0.469,0.02,-0.362,0.232,-0.054,-0.563,-0.667,-0.307,-0.653,-0.388,-0.486,-0.261,0.002,0.32,-0.657,-0.563,-0.655,0.647,0.369,-0.455,-0.531,-0.472,-0.597,-0.426,-0.545,-0.651,0.756,-0.359,0.775,-0.61,-0.451,0.045,-0.353,-0.433,0.823,-0.587,-0.363,-0.35,-0.327,-0.493,-0.463,-0.302,0.346,-0.584,-0.156,-0.606,0.288,0.191,-0.545,-0.585,-0.031,-0.333,0.579,-0.12,-0.041,-0.027,-0.512,-0.366,-0.452,-0.186,-0.632,-0.51,0.098,-0.559,0.365,0.331,-0.468,0.537,-0.605,-0.279,0.53,-0.668,-0.573,-0.63,0.673,-0.447,-0.587,-0.561,-0.111,-0.434,0.771,-0.244,-0.457,-0.347,-0.52,0.171,0.112,-0.338,-0.547,-0.682,-0.133,-0.63,-0.448,0.675,-0.261,-0.696,-0.168,-0.586,-0.686,-0.423,-0.592,-0.524,0.472,-0.273,-0.507,-0.114,-0.632,-0.167,0.245,-0.537,-0.202,-0.456,-0.337,-0.373,-0.255,-0.323
AXON,0.712,-0.801,0.11,-0.394,0.263,-0.623,0.76,-0.682,-0.043,-0.292,-0.126,-0.278,-0.671,0.08,-0.362,-0.717,0.854,0.202,0.664,0.0,-0.337,-0.14,0.124,-0.171,-0.652,-0.414,0.055,-0.615,-0.228,-0.55,-0.688,-0.369,0.061,0.53,-0.598,0.177,-0.567,0.166,0.227,-0.346,-0.36,-0.361,-0.51,-0.601,-0.645,-0.701,-0.547,0.026,-0.727,-0.567,-0.079,0.796,0.759,-0.294,-0.473,0.488,-0.552,-0.545,-0.006,0.554,-0.56,0.048,-0.387,-0.522,-0.595,0.222,-0.232,-0.612,-0.163,-0.645,0.25,-0.638,-0.708,-0.048,0.167,-0.816,-0.196,-0.783,-0.754,-0.909,0.093,0.671,-0.769,-0.218,0.772,0.387,-0.249,0.268,-0.461,-0.411,-0.549,-0.184,-0.679,-0.615,-0.633,-0.185,0.425,-0.169,-0.529,-0.72,-0.629,0.876,0.765,-0.459,-0.308,-0.704,-0.656,-0.728,-0.602,-0.422,0.918,-0.722,0.637,-0.49,-0.642,-0.301,-0.372,-0.27,0.87,-0.631,-0.452,-0.181,-0.07,-0.538,-0.51,-0.574,0.564,-0.473,-0.521,-0.538,-0.124,0.458,-0.69,-0.72,0.214,-0.555,0.919,0.136,0.051,0.507,-0.613,-0.316,-0.485,-0.422,-0.543,-0.408,0.324,-0.624,-0.101,0.042,-0.749,0.573,-0.541,-0.514,0.901,-0.697,-0.404,-0.505,0.883,-0.411,-0.206,-0.596,-0.199,-0.529,0.289,-0.741,-0.247,-0.545,-0.359,0.133,0.239,-0.518,-0.608,-0.551,-0.359,-0.621,-0.663,0.383,-0.287,-0.708,-0.059,-0.384,-0.575,-0.645,-0.61,-0.314,0.848,-0.585,-0.507,-0.51,-0.618,-0.251,0.444,-0.373,-0.243,-0.821,-0.173,-0.267,-0.503,0.001
BANF,-0.446,0.67,0.786,0.461,0.567,0.61,-0.342,0.71,0.795,0.573,0.811,0.819,0.458,0.635,0.831,0.575,-0.107,0.521,-0.585,-0.337,0.0,0.782,0.508,0.277,0.639,0.845,0.337,0.181,0.858,0.732,0.591,0.734,0.028,-0.21,0.597,0.157,0.743,0.628,0.315,0.59,0.748,0.718,0.645,0.777,0.777,0.749,0.661,0.503,0.597,0.719,0.322,-0.116,-0.534,0.815,0.482,0.003,0.89,0.855,0.302,-0.037,0.718,0.537,0.808,0.584,0.701,0.71,0.814,0.23,0.395,0.294,0.217,0.733,0.771,0.798,0.805,0.647,0.363,0.437,0.473,0.447,0.36,-0.699,0.318,-0.401,-0.129,0.482,0.761,0.35,0.228,0.812,0.776,0.785,0.733,0.517,0.7,-0.072,0.463,0.044,0.823,0.598,0.759,-0.524,-0.166,0.745,0.88,0.567,0.673,0.345,0.747,0.853,-0.513,0.326,-0.785,0.844,0.65,0.301,0.577,0.858,-0.496,0.824,0.657,0.772,0.793,0.749,0.73,0.56,-0.109,0.892,0.473,0.865,-0.551,0.298,0.646,0.707,0.608,0.431,-0.283,0.552,0.626,0.203,0.615,0.76,0.76,0.558,0.775,0.645,0.527,0.668,-0.343,-0.139,0.566,-0.374,0.882,0.431,-0.253,0.763,0.878,0.872,-0.371,0.839,0.876,0.735,0.15,0.733,-0.697,0.219,0.766,0.496,0.891,0.424,0.368,0.57,0.774,0.92,0.533,0.74,0.594,-0.361,0.669,0.798,0.587,0.836,0.801,0.563,0.816,0.819,-0.103,0.359,0.812,0.39,0.776,0.193,0.256,0.909,0.749,0.456,0.828,0.735,0.482,0.744
BATRK,-0.27,0.587,0.757,0.697,0.766,0.612,-0.161,0.649,0.795,0.651,0.825,0.873,0.548,0.803,0.855,0.619,0.06,0.772,-0.395,-0.14,0.782,0.0,0.757,0.493,0.673,0.848,0.134,0.162,0.813,0.769,0.651,0.733,0.176,0.089,0.655,0.168,0.666,0.819,0.605,0.683,0.811,0.792,0.715,0.745,0.722,0.664,0.775,0.718,0.617,0.764,0.508,0.079,-0.439,0.844,0.591,0.248,0.812,0.817,0.652,0.075,0.779,0.719,0.72,0.674,0.706,0.722,0.878,0.292,0.597,0.386,0.259,0.755,0.647,0.86,0.773,0.553,0.607,0.467,0.429,0.282,0.422,-0.626,0.279,-0.242,-0.154,0.693,0.863,0.608,0.308,0.892,0.716,0.875,0.729,0.543,0.727,-0.092,0.687,0.317,0.769,0.553,0.757,-0.26,-0.245,0.796,0.794,0.597,0.715,0.436,0.773,0.861,-0.221,0.39,-0.63,0.797,0.708,0.45,0.697,0.883,-0.188,0.69,0.651,0.908,0.782,0.829,0.831,0.619,-0.042,0.814,0.496,0.829,-0.51,0.412,0.675,0.684,0.758,0.479,-0.048,0.699,0.76,0.346,0.598,0.75,0.842,0.611,0.802,0.635,0.725,0.659,-0.187,0.173,0.554,0.011,0.781,0.586,-0.099,0.698,0.853,0.805,-0.138,0.836,0.718,0.753,0.173,0.731,-0.419,0.203,0.899,0.521,0.92,0.682,0.737,0.699,0.741,0.777,0.704,0.672,0.645,-0.114,0.686,0.686,0.816,0.81,0.797,0.637,0.751,0.854,-0.044,0.512,0.757,0.437,0.812,0.3,0.371,0.864,0.796,0.376,0.9,0.875,0.609,0.9
BIDU,-0.137,0.313,0.652,0.579,0.753,0.446,0.183,0.482,0.734,0.644,0.714,0.699,0.467,0.753,0.68,0.397,0.234,0.72,-0.151,0.124,0.508,0.757,0.0,0.504,0.511,0.666,-0.024,0.158,0.576,0.592,0.442,0.618,0.478,0.188,0.489,0.223,0.477,0.827,0.576,0.627,0.685,0.711,0.567,0.54,0.508,0.37,0.648,0.638,0.457,0.628,0.403,0.242,-0.368,0.701,0.518,0.315,0.586,0.547,0.725,0.086,0.682,0.647,0.616,0.642,0.437,0.599,0.699,0.347,0.567,0.297,0.123,0.573,0.428,0.705,0.631,0.358,0.653,0.286,0.258,0.05,0.446,-0.434,-0.003,-0.006,-0.062,0.576,0.762,0.714,0.329,0.694,0.493,0.793,0.478,0.372,0.526,-0.304,0.829,0.242,0.53,0.434,0.569,0.045,-0.142,0.565,0.59,0.469,0.532,0.31,0.505,0.696,0.039,0.294,-0.322,0.6,0.541,0.532,0.711,0.647,0.072,0.429,0.373,0.802,0.641,0.583,0.596,0.462,-0.136,0.591,0.36,0.603,-0.406,0.528,0.506,0.477,0.781,0.442,0.205,0.733,0.644,0.366,0.494,0.65,0.648,0.492,0.606,0.509,0.784,0.485,0.017,0.333,0.372,0.29,0.558,0.503,0.087,0.46,0.653,0.491,0.209,0.617,0.497,0.54,-0.104,0.591,-0.199,0.08,0.736,0.393,0.677,0.644,0.803,0.589,0.564,0.525,0.628,0.506,0.522,0.251,0.679,0.445,0.804,0.539,0.561,0.484,0.549,0.742,0.084,0.469,0.586,0.295,0.585,0.29,0.37,0.612,0.651,0.119,0.729,0.734,0.622,0.789
BLNE,0.03,0.45,0.425,0.753,0.468,0.583,-0.042,0.607,0.436,0.582,0.537,0.606,0.637,0.674,0.493,0.532,-0.095,0.53,0.014,-0.171,0.277,0.493,0.504,0.0,0.621,0.514,-0.159,0.102,0.343,0.679,0.619,0.577,0.616,-0.05,0.61,0.552,0.58,0.61,0.628,0.462,0.672,0.522,0.475,0.625,0.337,0.474,0.656,0.567,0.617,0.649,0.556,0.118,-0.417,0.627,0.552,0.415,0.421,0.49,0.669,0.1,0.542,0.26,0.486,0.707,0.605,0.28,0.557,0.466,0.75,0.556,-0.334,0.516,0.416,0.528,0.183,0.503,0.789,0.572,0.559,0.213,0.125,-0.387,0.313,0.245,-0.425,0.329,0.636,0.647,0.62,0.523,0.2,0.619,0.455,0.579,0.59,-0.4,0.464,0.529,0.446,0.452,0.479,-0.243,-0.507,0.58,0.46,0.587,0.552,0.61,0.592,0.413,-0.136,0.63,-0.229,0.493,0.672,0.781,0.6,0.443,-0.021,0.462,0.405,0.574,0.49,0.611,0.618,0.713,-0.425,0.505,0.676,0.528,-0.206,0.063,0.53,0.537,0.561,0.5,-0.113,0.561,0.628,-0.266,0.621,0.649,0.64,0.758,0.544,0.263,0.553,0.594,0.363,0.373,0.65,0.298,0.444,0.764,-0.254,0.483,0.513,0.4,0.041,0.592,0.179,0.587,-0.277,0.624,0.17,0.497,0.475,0.724,0.463,0.644,0.586,0.749,0.61,0.366,0.749,0.337,0.659,0.4,0.676,0.472,0.732,0.335,0.469,0.698,0.516,0.452,-0.317,0.697,0.492,0.751,0.499,0.034,-0.054,0.444,0.659,0.415,0.61,0.591,0.678,0.469
BLNK,-0.532,0.899,0.434,0.842,0.411,0.902,-0.479,0.939,0.598,0.747,0.659,0.785,0.927,0.574,0.812,0.919,-0.437,0.427,-0.52,-0.652,0.639,0.673,0.511,0.621,0.0,0.842,-0.069,0.579,0.626,0.926,0.949,0.762,0.381,-0.298,0.903,0.136,0.862,0.508,0.379,0.76,0.855,0.806,0.823,0.917,0.812,0.874,0.933,0.568,0.96,0.924,0.476,-0.391,-0.81,0.821,0.754,-0.019,0.865,0.882,0.596,-0.328,0.925,0.442,0.786,0.895,0.85,0.296,0.748,0.744,0.628,0.81,-0.152,0.909,0.873,0.622,0.33,0.944,0.713,0.904,0.875,0.78,0.101,-0.828,0.677,0.191,-0.699,0.157,0.797,0.337,0.683,0.822,0.743,0.787,0.884,0.82,0.95,-0.123,0.289,0.36,0.842,0.906,0.93,-0.696,-0.759,0.85,0.716,0.941,0.94,0.875,0.901,0.813,-0.684,0.862,-0.726,0.843,0.944,0.709,0.789,0.734,-0.619,0.843,0.773,0.758,0.558,0.902,0.894,0.903,-0.559,0.859,0.819,0.893,-0.23,0.018,0.919,0.945,0.433,0.807,-0.603,0.417,0.571,-0.237,0.897,0.776,0.887,0.848,0.857,0.709,0.38,0.874,0.151,0.234,0.935,-0.297,0.86,0.855,-0.652,0.917,0.825,0.79,-0.513,0.85,0.527,0.935,0.028,0.904,-0.252,0.7,0.74,0.864,0.801,0.521,0.427,0.895,0.939,0.806,0.832,0.846,0.96,-0.085,0.773,0.895,0.73,0.732,0.84,0.924,0.903,0.757,-0.655,0.837,0.849,0.788,0.91,0.338,-0.057,0.778,0.721,0.815,0.739,0.816,0.867,0.633
BTAI,-0.437,0.782,0.735,0.7,0.711,0.734,-0.372,0.879,0.87,0.778,0.884,0.933,0.704,0.746,0.954,0.756,-0.172,0.668,-0.554,-0.414,0.845,0.848,0.666,0.514,0.842,0.0,0.163,0.316,0.885,0.913,0.787,0.825,0.223,-0.308,0.797,0.181,0.886,0.762,0.453,0.807,0.888,0.86,0.8,0.902,0.841,0.847,0.89,0.688,0.79,0.91,0.479,-0.134,-0.663,0.944,0.717,0.162,0.941,0.936,0.535,-0.161,0.9,0.659,0.897,0.813,0.82,0.704,0.93,0.472,0.587,0.527,0.032,0.872,0.836,0.874,0.699,0.804,0.61,0.643,0.667,0.551,0.315,-0.862,0.417,-0.167,-0.358,0.478,0.933,0.475,0.446,0.919,0.764,0.92,0.857,0.729,0.852,-0.205,0.578,0.217,0.902,0.767,0.898,-0.584,-0.417,0.919,0.931,0.776,0.825,0.582,0.859,0.929,-0.545,0.564,-0.82,0.949,0.848,0.545,0.733,0.946,-0.513,0.888,0.775,0.919,0.827,0.895,0.882,0.747,-0.321,0.973,0.719,0.971,-0.521,0.21,0.789,0.863,0.72,0.704,-0.345,0.648,0.7,0.113,0.842,0.89,0.923,0.75,0.915,0.786,0.631,0.821,-0.085,0.022,0.768,-0.278,0.936,0.693,-0.348,0.901,0.972,0.882,-0.379,0.95,0.806,0.923,-0.031,0.87,-0.505,0.403,0.892,0.722,0.957,0.615,0.52,0.81,0.894,0.908,0.772,0.841,0.82,-0.216,0.822,0.902,0.787,0.886,0.902,0.766,0.91,0.911,-0.275,0.608,0.918,0.631,0.91,0.218,0.178,0.95,0.831,0.578,0.924,0.93,0.725,0.826
BYND,0.042,0.056,0.311,-0.138,0.19,-0.023,-0.014,0.029,0.135,0.142,0.309,0.192,-0.149,0.154,0.236,-0.062,0.311,0.23,0.002,0.055,0.337,0.134,-0.024,-0.159,-0.069,0.163,0.0,-0.149,0.397,0.05,-0.079,0.294,-0.12,-0.078,0.021,0.094,0.124,0.135,0.104,0.191,0.126,0.232,0.132,0.075,0.099,0.068,-0.094,0.206,-0.02,-0.062,0.206,0.319,0.131,0.14,0.052,-0.002,0.166,0.157,-0.257,0.314,0.016,0.215,0.222,0.007,0.08,0.409,0.244,-0.252,0.003,-0.26,0.092,-0.047,0.18,0.261,0.409,-0.031,-0.052,-0.235,-0.106,-0.085,0.357,-0.057,-0.003,-0.276,0.559,0.244,0.103,0.113,-0.073,0.11,0.084,0.117,-0.054,0.116,-0.018,-0.149,0.085,-0.038,0.166,-0.03,0.044,-0.034,0.415,0.177,0.286,-0.125,-0.012,-0.354,-0.002,0.183,-0.035,-0.341,-0.251,0.193,-0.039,-0.134,-0.067,0.31,0.005,0.224,0.177,0.188,0.32,0.076,0.072,-0.016,0.195,0.201,-0.049,0.164,-0.013,0.216,-0.077,0.038,0.255,-0.062,0.056,0.123,0.208,0.376,-0.109,0.173,0.114,-0.109,0.065,0.131,0.205,-0.16,-0.324,-0.171,-0.063,-0.229,0.213,-0.259,0.101,0.006,0.115,0.148,-0.116,0.194,0.415,-0.022,0.135,0.074,-0.372,-0.276,0.136,-0.211,0.19,0.156,0.062,-0.081,0.058,0.245,-0.021,0.144,-0.021,-0.206,0.172,0.146,0.029,0.127,0.15,-0.09,0.122,0.261,0.449,-0.171,0.205,-0.098,0.11,-0.156,0.407,0.243,0.224,-0.004,0.216,0.138,-0.103,0.125
CAN,-0.638,0.536,-0.227,0.353,-0.137,0.558,-0.197,0.465,0.124,0.393,0.015,0.147,0.713,-0.107,0.373,0.662,-0.46,-0.142,-0.378,-0.615,0.181,0.162,0.158,0.102,0.579,0.316,-0.149,0.0,0.013,0.441,0.535,0.376,0.248,-0.212,0.556,-0.496,0.342,-0.062,-0.003,0.555,0.306,0.445,0.637,0.343,0.483,0.34,0.521,0.193,0.601,0.419,0.071,-0.574,-0.705,0.188,0.407,-0.493,0.474,0.43,0.296,-0.515,0.57,0.143,0.379,0.541,0.36,-0.3,0.156,0.846,0.025,0.635,-0.078,0.589,0.595,-0.044,-0.082,0.636,0.386,0.59,0.545,0.772,-0.238,-0.52,0.545,0.616,-0.552,-0.477,0.203,-0.186,0.64,0.339,0.623,0.218,0.507,0.316,0.591,0.253,-0.226,0.211,0.382,0.799,0.594,-0.383,-0.568,0.252,0.066,0.669,0.598,0.585,0.352,0.422,-0.514,0.605,-0.292,0.384,0.548,0.39,0.615,0.249,-0.527,0.334,0.299,0.249,-0.162,0.379,0.384,0.385,-0.428,0.318,0.4,0.405,0.36,0.031,0.608,0.543,-0.191,0.713,-0.564,-0.256,-0.081,-0.219,0.551,0.27,0.365,0.298,0.358,0.561,-0.2,0.369,0.315,0.356,0.52,-0.294,0.459,0.4,-0.526,0.496,0.327,0.232,-0.438,0.26,0.097,0.49,0.069,0.49,-0.009,0.491,0.295,0.297,0.313,-0.052,0.037,0.457,0.523,0.395,0.428,0.668,0.629,0.036,0.331,0.442,0.187,0.337,0.397,0.462,0.524,0.345,-0.585,0.53,0.459,0.231,0.508,0.436,-0.249,0.257,0.038,0.558,0.098,0.311,0.638,0.134
CCEC,-0.272,0.618,0.837,0.539,0.756,0.544,-0.338,0.705,0.826,0.636,0.913,0.911,0.418,0.761,0.862,0.543,0.037,0.733,-0.486,-0.228,0.858,0.813,0.576,0.343,0.626,0.885,0.397,0.013,0.0,0.725,0.604,0.748,0.017,-0.181,0.611,0.282,0.78,0.721,0.427,0.7,0.776,0.769,0.6,0.778,0.738,0.763,0.678,0.605,0.582,0.715,0.447,0.08,-0.382,0.866,0.617,0.214,0.823,0.826,0.39,0.055,0.709,0.705,0.79,0.596,0.713,0.856,0.899,0.101,0.52,0.258,0.195,0.634,0.686,0.908,0.796,0.58,0.395,0.408,0.426,0.303,0.488,-0.708,0.241,-0.473,-0.088,0.693,0.861,0.508,0.145,0.823,0.639,0.848,0.675,0.661,0.639,-0.184,0.636,0.088,0.833,0.488,0.734,-0.468,-0.123,0.857,0.944,0.489,0.648,0.331,0.734,0.842,-0.413,0.294,-0.793,0.863,0.618,0.317,0.49,0.911,-0.371,0.82,0.728,0.848,0.934,0.786,0.773,0.588,-0.081,0.894,0.5,0.848,-0.668,0.297,0.591,0.687,0.764,0.417,-0.152,0.741,0.741,0.332,0.591,0.776,0.787,0.576,0.819,0.667,0.697,0.627,-0.329,-0.168,0.545,-0.285,0.82,0.463,-0.15,0.735,0.864,0.849,-0.304,0.88,0.891,0.735,0.099,0.688,-0.625,0.135,0.828,0.532,0.879,0.622,0.506,0.582,0.698,0.837,0.556,0.679,0.582,-0.34,0.676,0.78,0.698,0.802,0.792,0.571,0.74,0.834,-0.011,0.378,0.774,0.452,0.778,0.095,0.391,0.905,0.823,0.396,0.904,0.819,0.429,0.814
CDW,-0.408,0.874,0.594,0.843,0.541,0.862,-0.369,0.931,0.699,0.797,0.775,0.889,0.881,0.725,0.909,0.884,-0.302,0.588,-0.431,-0.55,0.732,0.769,0.592,0.679,0.926,0.913,0.05,0.441,0.725,0.0,0.886,0.864,0.403,-0.264,0.896,0.26,0.936,0.68,0.509,0.787,0.935,0.841,0.857,0.954,0.787,0.864,0.941,0.706,0.912,0.947,0.581,-0.198,-0.74,0.901,0.791,0.139,0.892,0.927,0.618,-0.124,0.91,0.52,0.856,0.921,0.903,0.49,0.849,0.664,0.716,0.706,-0.119,0.921,0.888,0.771,0.479,0.889,0.795,0.801,0.818,0.664,0.208,-0.82,0.62,0.098,-0.534,0.316,0.884,0.524,0.7,0.881,0.727,0.877,0.885,0.814,0.943,-0.193,0.417,0.47,0.846,0.859,0.905,-0.639,-0.63,0.898,0.807,0.911,0.894,0.768,0.909,0.846,-0.581,0.778,-0.712,0.898,0.97,0.776,0.821,0.856,-0.513,0.886,0.758,0.866,0.695,0.939,0.93,0.896,-0.436,0.918,0.851,0.941,-0.326,0.151,0.894,0.935,0.615,0.791,-0.483,0.562,0.682,-0.149,0.905,0.895,0.955,0.886,0.897,0.696,0.541,0.88,0.165,0.244,0.912,-0.197,0.894,0.856,-0.528,0.916,0.907,0.845,-0.411,0.931,0.605,0.938,0.012,0.955,-0.271,0.647,0.818,0.845,0.884,0.622,0.54,0.938,0.964,0.838,0.913,0.837,0.943,-0.005,0.868,0.901,0.776,0.793,0.866,0.906,0.92,0.827,-0.481,0.796,0.902,0.809,0.916,0.283,0.025,0.868,0.859,0.747,0.862,0.873,0.882,0.716
CDXS,-0.493,0.905,0.381,0.871,0.399,0.9,-0.56,0.89,0.514,0.684,0.606,0.759,0.908,0.536,0.776,0.946,-0.479,0.446,-0.524,-0.688,0.591,0.651,0.442,0.619,0.949,0.787,-0.079,0.535,0.604,0.886,0.0,0.708,0.267,-0.229,0.907,0.123,0.834,0.432,0.384,0.714,0.818,0.783,0.742,0.891,0.796,0.893,0.919,0.514,0.964,0.89,0.478,-0.405,-0.759,0.762,0.802,-0.011,0.835,0.855,0.618,-0.275,0.86,0.488,0.677,0.849,0.854,0.244,0.707,0.702,0.655,0.867,-0.095,0.86,0.829,0.596,0.252,0.914,0.671,0.954,0.841,0.76,0.113,-0.788,0.735,0.188,-0.737,0.191,0.782,0.321,0.61,0.777,0.736,0.73,0.902,0.851,0.931,0.007,0.228,0.407,0.844,0.859,0.907,-0.702,-0.791,0.851,0.664,0.892,0.94,0.924,0.922,0.754,-0.68,0.905,-0.724,0.794,0.922,0.661,0.722,0.697,-0.591,0.825,0.773,0.706,0.53,0.918,0.917,0.894,-0.501,0.804,0.775,0.85,-0.155,-0.037,0.934,0.939,0.368,0.772,-0.604,0.416,0.55,-0.25,0.871,0.695,0.872,0.833,0.859,0.611,0.328,0.877,0.166,0.223,0.935,-0.223,0.825,0.866,-0.692,0.898,0.773,0.796,-0.545,0.811,0.465,0.924,0.155,0.854,-0.21,0.728,0.746,0.878,0.766,0.482,0.423,0.872,0.886,0.785,0.782,0.768,0.935,-0.107,0.67,0.868,0.695,0.707,0.807,0.934,0.869,0.694,-0.689,0.887,0.807,0.791,0.904,0.374,-0.047,0.739,0.707,0.851,0.69,0.797,0.802,0.556
