,ABEO,ACHC,AGNCN,AKAM,AKRO,ALRM,AMAT,AMED,AMRN,ANGI,APA,APOG,APPS,ARCB,ARCC,ARVN,ATEC,ATXS,AVAV,AXON,BANF,BATRK,BIDU,BLNE,BLNK,BTAI,BYND,CAN,CCEC,CDW,CDXS,CELH,CGNX,CHKP,CHRS,CHRW,CIGI,CKPT,CMPR,COGT,CRNC,CRSP,CSTL,CTSH,CVGW,DGLY,DNLI,DOCU,DVAX,EBAY,EHTH,ERII,ESLT,EXPE,EXPO,FBIOP,FFBC,FFIN,FOXF,FWRD,GDS,GERN,GPRE,GRWG,GRYP,HEES,HELE,HIVE,HON,HRTX,HSTM,HURA,IART,IBKR,IBOC,IBRX,IDXX,INGN,INM,INVA,IQ,IRBT,KDP,KPTI,KTOS,KXIN,LAMR,LFUS,LGIH,LGMK,LKFN,LNW,LOPE,LPSN,LYFT,MGNX,MLCO,MNST,MODV,MSTR,MTCH,MYGN,MYRG,NCMI,NEXT,NFLX,NIU,NKTR,NRC,NTNX,NTRA,NVEE,NVMI,NWL,NWS,NXPI,OCGN,OCSL,OKTA,OLLI,OTLK,OXLC,PAA,PARA,PARAA,PDCO,PDFS,PFG,PGEN,PNFP,PODD,POWI,PSMT,PTC,PTEN,PVLA,RDNT,RDUS,RDWR,REGN,RNAC,ROCK,ROST,RRR,RSLS,RVMD,RYAAY,SAFT,SAGE,SAVA,SBGI,SFM,SFNC,SHYF,SIBN,SIFY,SIGI,SIMO,SITM,SLM,SNBR,SNDX,SNY,SPNS,SRRK,STRA,SUPN,SYRE,TCBK,TEAM,TECH,THRM,TLRY,TRMK,TROW,TSLA,TWST,TXN,UFPI,UNIT,UPWK,USLM,UTHR,VERB,VLY,VRNA,VRRM,VXRT,WAFD,WATT,WBA,WING,WIX,WTFC,WTW,XPEL,XRX,YMAB,ZG,ZLAB
ABEO,0.0,-0.516,0.125,-0.349,-0.234,-0.337,-0.208,0.307,0.463,-0.284,0.249,0.234,-0.299,0.167,-0.054,0.448,-0.232,0.312,-0.325,0.237,0.059,-0.125,-0.419,-0.162,0.101,-0.415,0.502,0.44,-0.019,-0.325,0.363,-0.384,-0.137,0.192,0.339,0.469,-0.083,0.347,0.021,0.093,0.386,-0.248,0.115,-0.011,0.447,0.159,-0.169,0.006,-0.106,0.1,-0.406,-0.169,-0.322,0.053,0.454,-0.143,0.364,0.455,0.089,0.057,0.379,-0.228,0.393,-0.261,0.498,-0.126,0.058,0.269,0.12,0.371,0.152,0.281,-0.145,-0.04,-0.063,0.277,-0.487,0.397,0.246,-0.299,-0.084,0.337,0.125,0.261,-0.136,-0.236,0.077,-0.091,-0.672,-0.056,0.453,-0.489,0.237,0.054,0.211,0.132,0.297,-0.329,0.123,0.52,0.528,0.509,-0.088,0.068,-0.36,-0.198,0.206,0.237,0.407,-0.067,0.427,0.451,-0.099,0.174,-0.423,-0.008,-0.148,-0.074,-0.085,-0.291,0.236,-0.669,-0.074,0.177,0.196,-0.301,0.15,0.341,0.255,0.203,-0.146,-0.056,0.226,-0.25,0.281,-0.146,0.469,0.037,-0.121,0.194,-0.142,-0.239,-0.042,0.3,0.194,-0.227,-0.16,0.06,-0.392,-0.406,0.056,0.048,0.232,0.351,-0.196,0.672,-0.152,0.315,0.182,-0.37,0.214,-0.234,0.046,-0.204,-0.364,0.211,0.222,0.258,0.011,0.266,0.088,0.303,0.279,0.266,0.055,0.045,0.253,0.038,-0.351,-0.076,0.116,-0.213,0.125,-0.076,0.219,0.446,-0.122,-0.296,0.117,0.454,0.104,-0.024,-0.085,0.186,-0.288,-0.525,0.039,-0.371,0.222,0.337
ACHC,-0.516,0.0,0.287,0.582,0.195,0.628,0.42,-0.04,-0.357,0.414,0.028,-0.13,0.503,-0.145,0.487,-0.269,0.433,-0.137,0.416,-0.503,0.414,-0.023,0.594,0.264,0.084,0.306,-0.421,-0.274,0.29,0.689,-0.429,0.462,0.357,0.116,-0.443,-0.561,0.457,-0.116,0.385,-0.248,-0.258,0.326,0.19,0.2,-0.103,0.189,0.399,0.393,0.116,-0.194,0.476,0.374,0.403,0.403,-0.074,-0.12,0.039,-0.185,-0.136,0.279,-0.381,0.314,-0.194,0.261,-0.452,0.524,0.402,0.194,0.124,-0.446,0.14,-0.546,0.189,0.291,0.426,-0.43,0.621,-0.403,0.208,0.55,-0.101,-0.473,-0.248,-0.224,0.328,0.174,-0.045,0.1,0.724,-0.065,-0.012,0.729,-0.188,0.209,-0.332,-0.281,-0.273,0.187,-0.226,-0.358,-0.229,-0.25,-0.032,0.131,0.541,0.473,0.258,-0.255,0.038,0.16,-0.317,-0.167,0.37,-0.096,0.606,0.204,0.136,0.502,0.22,-0.086,0.148,0.657,0.483,-0.169,-0.189,0.659,0.023,-0.063,0.026,0.318,-0.075,0.338,0.333,0.47,0.167,0.119,-0.195,0.398,0.366,-0.115,0.152,0.247,0.179,-0.126,0.01,0.377,0.211,0.274,0.583,0.386,0.194,-0.279,0.216,-0.157,0.295,-0.394,0.124,-0.412,0.07,0.688,-0.43,0.427,-0.059,0.185,0.166,-0.061,-0.337,-0.275,0.427,0.069,-0.121,-0.214,-0.237,0.101,0.333,0.253,0.048,0.43,0.175,0.244,0.275,0.485,0.204,0.044,0.187,-0.404,0.42,0.461,0.419,-0.454,0.141,-0.244,0.294,0.373,0.418,0.609,0.16,0.426,-0.163,-0.265
AGNCN,0.125,0.287,0.0,0.632,-0.187,0.654,0.596,0.113,-0.264,0.561,0.18,-0.211,0.339,-0.206,0.83,-0.135,0.206,-0.01,0.334,-0.606,0.848,-0.574,0.003,0.248,0.327,0.105,-0.24,-0.058,0.772,0.508,-0.429,0.406,0.547,0.527,-0.535,-0.35,0.299,-0.25,0.452,-0.147,0.122,0.398,0.827,0.279,0.689,0.677,0.553,0.794,0.136,-0.463,0.348,0.485,0.25,0.524,0.336,-0.676,0.394,0.11,-0.307,0.101,-0.458,0.412,-0.022,0.103,-0.0,0.797,0.433,0.179,-0.106,-0.462,0.044,-0.422,-0.57,0.194,0.775,-0.333,-0.335,-0.376,0.674,0.587,-0.802,-0.458,-0.568,-0.195,0.23,-0.477,-0.369,0.256,0.12,0.036,0.608,0.21,-0.284,0.002,-0.409,-0.68,-0.456,-0.224,-0.412,-0.251,0.195,0.482,-0.301,0.394,-0.111,0.731,0.846,-0.658,0.599,0.466,-0.329,-0.02,0.68,-0.295,0.454,0.429,-0.528,0.616,0.583,-0.774,0.752,-0.03,0.762,-0.238,-0.243,0.29,0.503,-0.003,0.678,0.565,-0.775,0.635,0.763,0.473,0.467,0.348,0.243,0.585,0.15,-0.197,0.05,0.324,-0.204,-0.143,0.487,0.45,0.621,0.493,0.377,0.192,0.028,-0.292,0.659,0.077,0.413,0.346,-0.063,-0.31,0.25,0.65,-0.671,0.532,-0.284,0.42,-0.215,-0.252,-0.514,-0.427,0.751,0.651,0.048,-0.385,-0.131,0.169,0.013,0.73,0.671,0.721,0.033,0.197,0.185,0.6,0.084,-0.194,0.41,0.019,0.546,0.519,0.664,-0.195,-0.02,-0.324,0.088,0.598,-0.387,0.083,0.155,0.402,-0.066,-0.286
AKAM,-0.349,0.582,0.632,0.0,0.174,0.931,0.83,-0.403,-0.703,0.941,-0.339,-0.649,0.416,-0.523,0.744,-0.645,0.581,-0.381,0.508,-0.902,0.682,-0.487,0.477,0.483,0.248,0.544,-0.823,-0.447,0.729,0.755,-0.864,0.921,0.792,0.122,-0.925,-0.787,0.003,-0.598,0.218,-0.025,-0.385,0.804,0.736,0.515,0.205,0.674,0.848,0.817,0.485,-0.652,0.765,0.769,0.617,0.378,-0.31,-0.597,-0.189,-0.491,-0.595,-0.278,-0.892,0.81,-0.503,0.524,-0.426,0.746,0.244,-0.189,-0.443,-0.832,-0.281,-0.496,-0.573,0.113,0.702,-0.515,0.022,-0.831,0.449,0.921,-0.719,-0.893,-0.779,-0.601,0.471,-0.41,-0.654,0.479,0.562,0.291,-0.009,0.645,-0.692,0.017,-0.714,-0.787,-0.838,0.291,-0.649,-0.74,-0.371,-0.056,0.022,0.285,0.215,0.846,0.57,-0.803,0.203,0.728,-0.538,-0.425,0.839,-0.711,0.784,0.422,-0.391,0.358,0.783,-0.58,0.644,0.471,0.774,-0.638,-0.654,0.314,0.291,-0.535,0.342,0.138,-0.589,0.806,0.311,0.787,-0.087,0.524,-0.121,0.387,0.102,-0.596,0.054,0.65,-0.383,-0.623,0.283,0.822,0.85,0.134,0.775,0.677,-0.319,-0.089,0.27,-0.481,0.632,-0.209,0.261,-0.772,-0.182,0.878,-0.938,0.596,-0.396,0.753,0.262,-0.632,-0.792,-0.745,0.439,0.406,0.076,-0.702,-0.221,-0.357,-0.303,0.735,0.57,0.556,0.428,0.4,-0.164,0.835,-0.265,-0.335,-0.14,-0.211,0.688,0.872,0.302,-0.742,-0.424,-0.204,-0.068,0.195,-0.204,0.558,-0.29,0.868,-0.03,-0.464
AKRO,-0.234,0.195,-0.187,0.174,0.0,0.163,0.016,-0.388,-0.196,0.242,-0.473,-0.309,0.259,-0.242,-0.013,-0.231,0.59,-0.186,0.417,-0.053,-0.283,0.029,0.306,0.245,0.287,0.712,-0.268,-0.409,-0.02,0.116,-0.366,0.362,0.114,-0.295,-0.223,-0.266,-0.3,-0.232,-0.518,0.576,-0.614,0.494,-0.084,0.209,-0.616,-0.117,0.222,-0.014,0.276,0.168,0.495,0.384,0.336,-0.065,-0.554,0.296,-0.557,-0.49,-0.408,-0.397,-0.173,0.251,-0.657,0.585,-0.188,-0.105,-0.364,-0.008,-0.094,-0.023,-0.402,0.015,0.151,0.243,-0.123,0.396,0.457,-0.471,-0.132,0.094,0.162,-0.23,0.044,-0.411,0.357,0.167,-0.262,0.156,0.268,0.509,-0.584,0.452,-0.328,0.516,-0.355,0.195,-0.246,0.57,-0.291,-0.153,-0.585,-0.686,0.535,0.176,0.5,0.02,-0.186,0.164,-0.114,-0.049,0.255,-0.188,-0.078,-0.235,0.011,-0.026,0.476,-0.214,0.19,0.367,-0.1,0.523,-0.075,-0.356,-0.363,-0.173,-0.185,-0.206,-0.056,-0.334,0.386,0.182,-0.503,0.368,-0.477,0.138,0.052,-0.409,0.014,-0.324,0.394,0.411,-0.131,-0.385,-0.13,0.373,0.106,-0.567,0.524,0.618,-0.339,0.123,-0.483,-0.453,-0.14,-0.425,0.519,-0.295,-0.536,0.207,-0.031,0.359,0.186,0.237,0.779,-0.311,0.002,0.007,-0.414,-0.531,-0.019,-0.113,0.461,-0.476,-0.189,-0.005,0.029,-0.153,0.607,0.497,-0.272,0.055,-0.46,-0.241,-0.498,0.182,0.238,0.125,-0.363,-0.105,-0.347,0.018,-0.293,-0.352,0.439,0.752,-0.198,0.52,0.465,0.255
ALRM,-0.337,0.628,0.654,0.931,0.163,0.0,0.801,-0.25,-0.604,0.885,-0.251,-0.597,0.569,-0.495,0.758,-0.6,0.588,-0.271,0.628,-0.836,0.723,-0.487,0.472,0.418,0.355,0.529,-0.747,-0.403,0.786,0.77,-0.81,0.854,0.793,0.117,-0.881,-0.685,0.079,-0.508,0.267,-0.046,-0.303,0.78,0.725,0.549,0.254,0.708,0.842,0.854,0.418,-0.588,0.803,0.779,0.632,0.466,-0.207,-0.534,-0.091,-0.399,-0.563,-0.182,-0.832,0.773,-0.438,0.493,-0.37,0.799,0.339,-0.094,-0.279,-0.758,-0.224,-0.474,-0.512,0.085,0.743,-0.522,0.031,-0.763,0.561,0.899,-0.71,-0.867,-0.73,-0.562,0.53,-0.36,-0.6,0.492,0.583,0.322,0.091,0.676,-0.626,0.091,-0.686,-0.744,-0.788,0.275,-0.633,-0.649,-0.309,-0.025,0.044,0.344,0.171,0.883,0.676,-0.745,0.266,0.589,-0.437,-0.294,0.8,-0.644,0.747,0.487,-0.297,0.442,0.772,-0.55,0.688,0.459,0.795,-0.6,-0.617,0.381,0.324,-0.409,0.438,0.203,-0.582,0.818,0.407,0.794,0.051,0.592,-0.057,0.473,0.092,-0.531,0.091,0.668,-0.361,-0.529,0.434,0.818,0.78,0.23,0.816,0.661,-0.248,-0.133,0.365,-0.401,0.638,-0.147,0.271,-0.773,-0.13,0.871,-0.89,0.674,-0.288,0.714,0.252,-0.593,-0.737,-0.678,0.499,0.418,0.105,-0.558,-0.163,-0.245,-0.197,0.768,0.587,0.618,0.437,0.479,-0.086,0.833,-0.177,-0.326,-0.051,-0.206,0.722,0.85,0.395,-0.624,-0.342,-0.217,-0.041,0.29,-0.154,0.548,-0.2,0.83,0.002,-0.411
AMAT,-0.208,0.42,0.596,0.83,0.016,0.801,0.0,-0.135,-0.422,0.819,-0.398,-0.627,0.383,-0.56,0.76,-0.65,0.498,-0.296,0.413,-0.729,0.748,-0.561,0.553,0.257,0.376,0.359,-0.697,-0.318,0.826,0.763,-0.746,0.789,0.901,0.014,-0.825,-0.502,-0.106,-0.589,0.356,-0.13,0.011,0.645,0.722,0.678,0.361,0.81,0.871,0.879,0.606,-0.81,0.711,0.785,0.798,0.655,-0.21,-0.742,-0.012,-0.337,-0.58,-0.278,-0.857,0.816,-0.414,0.163,-0.418,0.708,0.328,-0.092,-0.308,-0.874,-0.388,-0.337,-0.612,-0.043,0.831,-0.348,-0.059,-0.668,0.591,0.9,-0.787,-0.864,-0.83,-0.655,0.617,-0.499,-0.675,0.757,0.561,0.332,0.158,0.513,-0.573,-0.264,-0.705,-0.898,-0.736,0.383,-0.71,-0.665,-0.333,0.08,0.098,0.246,0.015,0.873,0.663,-0.774,0.011,0.797,-0.464,-0.189,0.951,-0.777,0.841,0.667,-0.464,0.262,0.827,-0.586,0.711,0.402,0.871,-0.653,-0.656,0.329,0.663,-0.451,0.55,0.165,-0.719,0.904,0.35,0.848,0.086,0.458,0.141,0.568,-0.191,-0.603,-0.327,0.741,-0.321,-0.35,0.422,0.743,0.826,0.295,0.631,0.321,-0.301,-0.106,0.503,-0.4,0.721,-0.141,0.319,-0.74,-0.109,0.751,-0.881,0.588,-0.256,0.818,0.228,-0.682,-0.78,-0.815,0.452,0.484,0.398,-0.534,-0.148,-0.183,-0.361,0.815,0.634,0.762,0.514,0.437,-0.257,0.956,-0.285,-0.397,-0.063,-0.433,0.77,0.896,0.39,-0.717,-0.475,-0.065,-0.124,0.354,-0.32,0.202,-0.328,0.742,0.086,-0.561
AMED,0.307,-0.04,0.113,-0.403,-0.388,-0.25,-0.135,0.0,0.565,-0.42,0.526,0.461,0.093,0.328,0.053,0.456,-0.25,0.482,-0.133,0.391,0.186,0.029,-0.088,-0.381,0.121,-0.495,0.51,0.462,0.045,-0.08,0.474,-0.503,-0.127,0.145,0.442,0.52,0.367,0.392,0.368,-0.246,0.679,-0.47,-0.056,-0.063,0.394,-0.011,-0.266,-0.024,-0.262,0.119,-0.325,-0.228,-0.191,0.38,0.602,-0.005,0.64,0.611,0.336,0.532,0.425,-0.336,0.573,-0.572,0.332,0.054,0.478,0.309,0.524,0.28,0.409,0.075,0.21,0.005,0.144,0.173,-0.066,0.555,0.239,-0.238,0.068,0.335,0.223,0.358,0.087,0.025,0.371,-0.061,-0.158,-0.236,0.588,-0.222,0.493,-0.092,0.252,0.123,0.479,-0.298,0.198,0.422,0.482,0.468,-0.138,0.064,-0.17,-0.107,0.276,0.3,0.144,-0.31,0.352,0.633,-0.149,0.415,-0.127,0.144,0.074,0.231,-0.228,-0.017,0.047,-0.274,0.04,0.364,0.374,0.219,0.418,0.646,0.283,0.449,-0.036,-0.133,0.461,-0.208,0.676,-0.224,0.422,0.428,0.012,0.418,-0.216,-0.237,0.413,0.675,0.271,-0.318,-0.315,0.556,-0.312,-0.601,0.445,-0.247,0.534,0.504,-0.135,0.363,-0.092,0.305,0.425,-0.217,0.32,0.057,0.256,-0.331,-0.391,0.449,0.278,0.302,0.293,0.118,0.204,0.604,0.053,0.685,0.488,0.012,0.013,0.271,-0.328,-0.014,0.43,-0.12,0.48,0.193,0.549,-0.131,0.02,-0.284,0.488,0.487,0.451,-0.046,0.226,0.547,0.09,-0.467,0.411,-0.515,0.037,0.158
AMRN,0.463,-0.357,-0.264,-0.703,-0.196,-0.604,-0.422,0.565,0.0,-0.706,0.447,0.708,-0.053,0.581,-0.329,0.651,-0.472,0.684,-0.241,0.678,-0.167,0.264,-0.231,-0.396,0.123,-0.547,0.746,0.732,-0.318,-0.241,0.763,-0.713,-0.524,-0.182,0.703,0.84,0.209,0.64,0.275,-0.23,0.585,-0.708,-0.376,-0.305,0.144,-0.248,-0.498,-0.339,-0.412,0.316,-0.507,-0.581,-0.281,0.128,0.563,0.23,0.54,0.73,0.615,0.462,0.65,-0.626,0.616,-0.648,0.389,-0.229,0.057,0.488,0.666,0.491,0.437,0.246,0.471,-0.164,-0.15,0.334,-0.025,0.761,-0.109,-0.556,0.417,0.595,0.415,0.594,-0.141,0.365,0.618,-0.249,-0.294,-0.336,0.399,-0.271,0.768,0.006,0.632,0.418,0.742,-0.285,0.549,0.721,0.593,0.35,-0.156,-0.273,-0.139,-0.528,-0.161,0.561,-0.027,-0.529,0.442,0.438,-0.503,0.556,-0.36,0.139,0.326,0.046,-0.575,0.316,-0.237,-0.3,-0.301,0.64,0.651,0.174,0.064,0.72,0.058,0.291,0.237,-0.457,0.086,-0.475,0.395,-0.519,0.405,0.153,-0.165,0.677,-0.175,-0.458,0.469,0.792,0.072,-0.58,-0.526,0.32,-0.606,-0.725,0.578,-0.026,0.246,0.593,-0.203,0.23,-0.287,0.566,0.493,-0.576,0.627,-0.205,0.217,-0.578,-0.327,0.531,0.598,0.548,0.024,0.012,0.115,0.726,0.013,0.648,0.453,-0.426,-0.28,0.01,-0.282,-0.258,0.426,-0.4,0.489,0.411,0.369,-0.114,-0.414,-0.486,0.212,0.609,0.56,0.027,0.316,0.328,0.24,-0.519,0.536,-0.674,-0.08,0.156
ANGI,-0.284,0.414,0.561,0.941,0.242,0.885,0.819,-0.42,-0.706,0.0,-0.502,-0.819,0.451,-0.667,0.689,-0.733,0.653,-0.421,0.595,-0.862,0.589,-0.526,0.458,0.499,0.342,0.668,-0.873,-0.56,0.756,0.618,-0.926,0.965,0.859,0.033,-0.957,-0.742,-0.26,-0.733,0.033,0.188,-0.369,0.914,0.768,0.664,0.185,0.734,0.926,0.805,0.66,-0.681,0.806,0.866,0.657,0.273,-0.464,-0.587,-0.342,-0.617,-0.762,-0.517,-0.935,0.93,-0.593,0.583,-0.333,0.612,0.181,-0.325,-0.582,-0.843,-0.458,-0.317,-0.717,0.013,0.633,-0.375,-0.104,-0.888,0.456,0.922,-0.751,-0.944,-0.744,-0.759,0.569,-0.569,-0.831,0.623,0.429,0.491,-0.119,0.555,-0.84,-0.05,-0.836,-0.782,-0.944,0.45,-0.785,-0.807,-0.504,-0.103,0.228,0.32,0.141,0.842,0.569,-0.78,0.124,0.729,-0.37,-0.351,0.833,-0.851,0.736,0.407,-0.404,0.144,0.897,-0.541,0.707,0.383,0.744,-0.813,-0.824,0.115,0.334,-0.657,0.419,-0.045,-0.545,0.864,0.187,0.839,-0.204,0.676,-0.09,0.28,-0.048,-0.763,0.01,0.787,-0.531,-0.725,0.344,0.93,0.877,-0.027,0.832,0.714,-0.549,0.036,0.186,-0.631,0.626,-0.152,0.459,-0.885,-0.409,0.779,-0.912,0.625,-0.232,0.883,0.421,-0.789,-0.863,-0.82,0.253,0.327,0.201,-0.689,-0.045,-0.532,-0.521,0.796,0.647,0.467,0.541,0.561,-0.385,0.842,-0.482,-0.514,-0.32,-0.103,0.747,0.901,0.135,-0.727,-0.64,-0.043,-0.327,0.031,-0.308,0.49,-0.488,0.928,0.165,-0.378
APA,0.249,0.028,0.18,-0.339,-0.473,-0.251,-0.398,0.526,0.447,-0.502,0.0,0.792,-0.132,0.738,0.027,0.749,-0.551,0.6,-0.328,0.27,0.208,0.213,-0.436,-0.215,-0.185,-0.702,0.625,0.567,-0.187,-0.096,0.627,-0.611,-0.473,0.355,0.499,0.398,0.75,0.596,0.529,-0.401,0.417,-0.628,-0.052,-0.522,0.442,-0.21,-0.464,-0.158,-0.618,0.358,-0.558,-0.602,-0.607,0.06,0.828,0.103,0.774,0.775,0.69,0.833,0.582,-0.604,0.818,-0.501,0.343,0.201,0.408,0.359,0.576,0.395,0.827,-0.172,0.345,0.185,0.02,-0.215,-0.093,0.636,0.036,-0.392,0.197,0.548,0.304,0.807,-0.512,0.259,0.728,-0.61,-0.243,-0.635,0.669,-0.164,0.671,0.08,0.62,0.244,0.617,-0.798,0.647,0.523,0.815,0.593,-0.659,-0.055,-0.037,-0.241,0.089,0.232,0.454,-0.347,0.039,0.204,-0.316,0.711,-0.218,-0.094,-0.032,0.611,-0.552,-0.151,-0.112,-0.385,-0.071,0.761,0.761,0.409,-0.115,0.736,-0.026,0.672,-0.059,-0.462,0.527,-0.543,0.697,-0.403,0.11,0.366,0.43,0.774,0.104,-0.655,0.492,0.656,0.17,-0.522,-0.383,0.6,-0.513,-0.484,0.783,-0.286,0.428,0.828,-0.185,0.463,-0.665,0.625,0.787,-0.16,0.33,-0.151,-0.172,-0.663,-0.766,0.781,0.352,0.488,0.534,0.343,-0.322,0.425,-0.372,0.782,0.786,-0.268,-0.165,0.118,-0.692,-0.487,0.753,-0.378,0.857,0.554,0.723,0.055,-0.405,-0.44,0.559,0.54,0.827,-0.251,0.584,0.552,0.167,-0.294,0.768,-0.628,-0.501,0.013
APOG,0.234,-0.13,-0.211,-0.649,-0.309,-0.597,-0.627,0.461,0.708,-0.819,0.792,0.0,-0.259,0.846,-0.331,0.831,-0.609,0.597,-0.459,0.632,-0.18,0.454,-0.443,-0.349,-0.248,-0.712,0.832,0.68,-0.506,-0.224,0.872,-0.833,-0.791,0.119,0.791,0.641,0.631,0.768,0.379,-0.41,0.397,-0.868,-0.467,-0.75,0.074,-0.545,-0.765,-0.515,-0.778,0.573,-0.695,-0.828,-0.609,-0.008,0.743,0.405,0.656,0.826,0.884,0.813,0.804,-0.893,0.761,-0.588,0.297,-0.135,0.054,0.507,0.753,0.631,0.785,-0.034,0.705,0.143,-0.269,0.064,0.133,0.825,-0.281,-0.695,0.549,0.801,0.538,0.92,-0.547,0.622,0.942,-0.709,-0.24,-0.694,0.443,-0.223,0.937,0.168,0.855,0.568,0.895,-0.659,0.866,0.764,0.744,0.351,-0.528,-0.269,-0.037,-0.608,-0.324,0.558,0.204,-0.606,0.14,0.232,-0.641,0.89,-0.449,-0.15,0.31,0.357,-0.85,0.3,-0.5,-0.257,-0.426,0.969,0.971,0.329,-0.251,0.819,-0.284,0.487,0.291,-0.715,0.194,-0.726,0.492,-0.698,0.176,0.118,0.316,0.95,0.124,-0.809,0.671,0.838,-0.168,-0.821,-0.68,0.423,-0.736,-0.657,0.881,-0.17,0.147,0.862,-0.389,0.203,-0.653,0.854,0.779,-0.445,0.68,-0.374,-0.06,-0.892,-0.621,0.887,0.736,0.765,0.224,0.005,-0.339,0.605,-0.263,0.798,0.8,-0.646,-0.517,-0.119,-0.597,-0.635,0.746,-0.628,0.814,0.737,0.607,-0.031,-0.632,-0.7,0.305,0.659,0.903,-0.226,0.645,0.379,0.365,-0.317,0.849,-0.812,-0.463,0.116
APPS,-0.299,0.503,0.339,0.416,0.259,0.569,0.383,0.093,-0.053,0.451,-0.132,-0.259,0.0,-0.264,0.421,-0.331,0.44,0.077,0.863,-0.343,0.4,-0.173,0.469,0.25,0.484,0.488,-0.393,-0.197,0.533,0.513,-0.379,0.455,0.399,-0.108,-0.434,-0.205,0.042,-0.166,0.259,-0.058,-0.083,0.409,0.327,0.461,0.031,0.445,0.531,0.476,0.27,-0.309,0.578,0.499,0.571,0.367,-0.095,-0.13,-0.03,-0.131,-0.248,-0.042,-0.45,0.41,-0.206,0.232,-0.241,0.467,0.213,0.152,0.163,-0.429,-0.015,-0.205,-0.067,-0.121,0.492,-0.146,0.234,-0.352,0.402,0.562,-0.292,-0.552,-0.241,-0.333,0.599,-0.034,-0.259,0.398,0.442,0.298,0.047,0.588,-0.231,0.199,-0.391,-0.335,-0.418,0.405,-0.358,-0.296,-0.236,-0.124,0.26,0.164,0.276,0.493,0.458,-0.193,0.063,-0.136,0.02,-0.032,0.277,-0.321,0.484,0.524,0.214,0.342,0.401,0.009,0.427,0.386,0.49,-0.317,-0.329,0.476,0.225,-0.063,0.442,0.161,-0.11,0.464,0.293,0.546,0.172,0.417,0.039,0.435,-0.128,-0.175,0.14,0.543,-0.085,-0.155,0.348,0.51,0.258,0.265,0.588,0.294,-0.029,-0.017,0.279,-0.245,0.453,-0.247,0.402,-0.581,-0.09,0.437,-0.377,0.624,0.281,0.396,0.414,-0.38,-0.311,-0.31,0.272,0.11,0.239,-0.051,0.021,-0.025,-0.027,0.403,0.216,0.486,0.454,0.507,0.028,0.537,0.001,-0.148,-0.015,-0.299,0.489,0.559,0.318,-0.236,-0.065,-0.045,-0.015,0.3,0.179,0.381,0.078,0.473,0.045,-0.179
ARCB,0.167,-0.145,-0.206,-0.523,-0.242,-0.495,-0.56,0.328,0.581,-0.667,0.738,0.846,-0.264,0.0,-0.229,0.723,-0.507,0.646,-0.353,0.504,-0.182,0.405,-0.473,-0.395,-0.24,-0.619,0.66,0.627,-0.428,-0.204,0.719,-0.668,-0.71,0.071,0.646,0.604,0.524,0.693,0.267,-0.311,0.262,-0.707,-0.34,-0.651,0.104,-0.486,-0.655,-0.455,-0.709,0.581,-0.547,-0.719,-0.582,-0.095,0.642,0.434,0.488,0.648,0.737,0.682,0.668,-0.722,0.701,-0.421,0.284,-0.085,0.133,0.277,0.67,0.546,0.735,-0.017,0.577,0.126,-0.284,-0.018,0.103,0.683,-0.208,-0.6,0.471,0.64,0.492,0.834,-0.558,0.542,0.82,-0.623,-0.189,-0.541,0.336,-0.105,0.778,0.192,0.736,0.497,0.751,-0.55,0.78,0.638,0.649,0.288,-0.364,-0.039,-0.043,-0.486,-0.306,0.506,0.216,-0.489,0.147,0.144,-0.566,0.731,-0.386,-0.083,0.288,0.372,-0.727,0.233,-0.411,-0.234,-0.42,0.829,0.829,0.264,-0.304,0.747,-0.333,0.353,0.263,-0.602,0.108,-0.566,0.348,-0.488,0.051,0.101,0.262,0.852,0.219,-0.673,0.568,0.675,-0.108,-0.654,-0.553,0.333,-0.587,-0.484,0.7,-0.048,0.064,0.787,-0.295,0.286,-0.569,0.74,0.664,-0.407,0.572,-0.348,-0.095,-0.732,-0.527,0.715,0.595,0.654,0.134,-0.008,-0.232,0.67,-0.268,0.598,0.696,-0.504,-0.444,-0.108,-0.474,-0.497,0.581,-0.577,0.694,0.63,0.437,0.103,-0.572,-0.617,0.192,0.613,0.711,-0.11,0.447,0.25,0.422,-0.229,0.693,-0.687,-0.438,0.06
ARCC,-0.054,0.487,0.83,0.744,-0.013,0.758,0.76,0.053,-0.329,0.689,0.027,-0.331,0.421,-0.229,0.0,-0.262,0.389,-0.059,0.431,-0.64,0.839,-0.614,0.233,0.292,0.401,0.237,-0.421,-0.271,0.857,0.7,-0.601,0.58,0.678,0.437,-0.676,-0.415,0.279,-0.412,0.411,-0.021,0.056,0.543,0.838,0.411,0.547,0.734,0.718,0.876,0.315,-0.447,0.572,0.665,0.459,0.635,0.16,-0.6,0.244,-0.083,-0.485,0.04,-0.581,0.604,-0.183,0.188,-0.153,0.842,0.459,0.112,-0.078,-0.62,-0.068,-0.497,-0.511,0.361,0.817,-0.266,-0.051,-0.568,0.688,0.735,-0.751,-0.641,-0.561,-0.409,0.351,-0.444,-0.476,0.435,0.377,0.189,0.437,0.501,-0.414,0.003,-0.612,-0.722,-0.55,0.049,-0.574,-0.45,-0.042,0.238,-0.055,0.523,0.039,0.847,0.816,-0.651,0.459,0.58,-0.307,-0.086,0.806,-0.428,0.679,0.545,-0.391,0.632,0.72,-0.695,0.763,0.255,0.885,-0.4,-0.406,0.386,0.589,-0.059,0.628,0.494,-0.728,0.797,0.61,0.735,0.369,0.409,0.267,0.616,0.161,-0.318,0.099,0.532,-0.11,-0.154,0.532,0.619,0.678,0.414,0.616,0.315,-0.049,-0.301,0.605,-0.034,0.472,0.193,0.176,-0.471,0.111,0.807,-0.71,0.692,-0.191,0.573,0.045,-0.36,-0.64,-0.567,0.667,0.508,0.147,-0.351,-0.056,0.087,0.004,0.831,0.71,0.829,0.288,0.439,0.062,0.759,-0.042,-0.253,0.268,-0.06,0.742,0.679,0.636,-0.335,-0.167,-0.238,-0.032,0.588,-0.139,0.266,0.051,0.578,0.048,-0.354
ARVN,0.448,-0.269,-0.135,-0.645,-0.231,-0.6,-0.65,0.456,0.651,-0.733,0.749,0.831,-0.331,0.723,-0.262,0.0,-0.553,0.606,-0.445,0.578,-0.164,0.293,-0.45,-0.246,-0.138,-0.603,0.829,0.583,-0.45,-0.393,0.774,-0.785,-0.722,0.191,0.78,0.592,0.487,0.644,0.138,-0.155,0.422,-0.703,-0.363,-0.646,0.103,-0.475,-0.694,-0.433,-0.63,0.632,-0.672,-0.701,-0.708,-0.075,0.655,0.342,0.609,0.756,0.623,0.623,0.825,-0.781,0.649,-0.4,0.497,-0.193,0.09,0.401,0.543,0.692,0.582,-0.025,0.494,0.337,-0.278,0.27,0.002,0.713,-0.285,-0.7,0.497,0.795,0.594,0.774,-0.538,0.386,0.717,-0.702,-0.474,-0.586,0.439,-0.387,0.702,0.225,0.646,0.606,0.806,-0.654,0.661,0.71,0.714,0.36,-0.455,-0.184,0.057,-0.62,-0.216,0.516,0.314,-0.521,0.381,0.353,-0.593,0.812,-0.536,-0.276,0.255,0.188,-0.68,0.189,-0.339,-0.351,-0.364,0.79,0.795,0.094,-0.242,0.842,-0.182,0.498,0.309,-0.625,0.171,-0.668,0.471,-0.561,0.24,-0.041,0.395,0.762,0.192,-0.766,0.507,0.707,-0.031,-0.684,-0.569,0.221,-0.616,-0.52,0.696,-0.196,0.119,0.694,-0.548,0.357,-0.481,0.798,0.566,-0.431,0.668,-0.34,0.004,-0.807,-0.532,0.849,0.627,0.74,0.154,-0.033,-0.426,0.541,-0.002,0.69,0.697,-0.494,-0.264,-0.162,-0.612,-0.405,0.672,-0.642,0.611,0.493,0.521,0.279,-0.476,-0.71,0.289,0.747,0.752,-0.272,0.492,0.341,0.303,-0.343,0.666,-0.745,-0.143,0.396
ATEC,-0.232,0.433,0.206,0.581,0.59,0.588,0.498,-0.25,-0.472,0.653,-0.551,-0.609,0.44,-0.507,0.389,-0.553,0.0,-0.313,0.641,-0.489,0.19,-0.155,0.419,0.166,0.339,0.741,-0.58,-0.491,0.452,0.472,-0.679,0.714,0.604,-0.153,-0.618,-0.435,-0.322,-0.48,-0.252,0.291,-0.447,0.769,0.345,0.606,-0.235,0.389,0.589,0.446,0.507,-0.276,0.758,0.767,0.657,0.259,-0.472,-0.063,-0.419,-0.545,-0.672,-0.448,-0.588,0.672,-0.629,0.644,-0.276,0.288,0.085,-0.112,-0.204,-0.411,-0.412,-0.049,-0.235,0.093,0.321,0.038,0.298,-0.678,0.342,0.561,-0.351,-0.686,-0.311,-0.651,0.683,-0.206,-0.57,0.573,0.465,0.633,-0.29,0.6,-0.583,0.373,-0.698,-0.288,-0.635,0.688,-0.623,-0.418,-0.644,-0.449,0.579,0.444,0.276,0.541,0.303,-0.24,0.011,0.313,0.057,0.013,0.421,-0.586,0.367,0.294,0.118,-0.028,0.615,-0.023,0.362,0.488,0.352,-0.675,-0.681,0.007,0.199,-0.422,0.181,-0.23,-0.017,0.676,-0.05,0.75,-0.256,0.528,0.041,0.046,-0.041,-0.604,0.149,0.743,-0.339,-0.503,0.157,0.702,0.421,-0.207,0.76,0.657,-0.502,0.137,-0.089,-0.547,0.288,-0.241,0.643,-0.687,-0.51,0.492,-0.497,0.517,0.139,0.649,0.66,-0.629,-0.411,-0.346,-0.094,-0.171,0.304,-0.235,0.388,-0.473,-0.317,0.535,0.357,0.239,0.696,0.675,-0.369,0.511,-0.483,-0.492,-0.397,0.037,0.659,0.507,-0.086,-0.405,-0.559,0.074,-0.409,-0.097,0.098,0.647,-0.425,0.744,0.445,0.024
ATXS,0.312,-0.137,-0.01,-0.381,-0.186,-0.271,-0.296,0.482,0.684,-0.421,0.6,0.597,0.077,0.646,-0.059,0.606,-0.313,0.0,0.005,0.325,0.071,0.048,-0.262,-0.317,-0.029,-0.426,0.515,0.588,-0.101,-0.041,0.522,-0.444,-0.404,-0.213,0.453,0.604,0.349,0.525,0.319,-0.244,0.405,-0.496,-0.071,-0.328,0.32,-0.126,-0.314,-0.121,-0.439,0.23,-0.228,-0.46,-0.26,0.179,0.541,0.139,0.513,0.56,0.466,0.52,0.416,-0.43,0.575,-0.426,0.371,0.126,0.224,0.143,0.589,0.324,0.551,0.008,0.323,-0.006,0.008,0.039,-0.039,0.534,0.036,-0.325,0.192,0.36,0.183,0.599,-0.195,0.27,0.511,-0.341,-0.166,-0.257,0.432,-0.028,0.62,0.138,0.477,0.255,0.547,-0.354,0.445,0.452,0.601,0.402,-0.287,-0.023,-0.02,-0.233,0.042,0.267,0.312,-0.379,0.243,0.278,-0.329,0.403,-0.168,0.235,0.152,0.319,-0.423,0.074,-0.032,-0.215,-0.113,0.558,0.563,0.31,-0.034,0.715,0.082,0.416,0.064,-0.264,0.233,-0.291,0.451,-0.321,0.303,0.323,0.188,0.657,0.009,-0.401,0.303,0.605,0.304,-0.36,-0.269,0.446,-0.349,-0.443,0.599,0.088,0.292,0.501,-0.014,0.392,-0.344,0.4,0.556,-0.282,0.29,-0.057,-0.014,-0.468,-0.369,0.46,0.358,0.467,0.246,0.136,-0.054,0.619,-0.206,0.558,0.504,-0.191,-0.198,0.167,-0.303,-0.233,0.534,-0.247,0.62,0.417,0.287,-0.073,-0.219,-0.323,0.335,0.558,0.572,-0.165,0.407,0.384,0.366,-0.302,0.539,-0.468,-0.216,-0.017
AVAV,-0.325,0.416,0.334,0.508,0.417,0.628,0.413,-0.133,-0.241,0.595,-0.328,-0.459,0.863,-0.353,0.431,-0.445,0.641,0.005,0.0,-0.413,0.295,-0.262,0.389,0.185,0.435,0.729,-0.526,-0.364,0.552,0.462,-0.548,0.617,0.466,-0.178,-0.557,-0.282,-0.167,-0.365,-0.023,0.137,-0.261,0.622,0.407,0.519,-0.045,0.444,0.59,0.487,0.364,-0.282,0.726,0.615,0.605,0.239,-0.312,-0.085,-0.27,-0.36,-0.465,-0.289,-0.564,0.564,-0.406,0.48,-0.167,0.417,0.093,-0.105,-0.019,-0.434,-0.228,-0.121,-0.214,-0.083,0.415,-0.094,0.194,-0.537,0.397,0.577,-0.354,-0.658,-0.288,-0.483,0.62,-0.127,-0.453,0.475,0.436,0.532,-0.139,0.632,-0.422,0.27,-0.544,-0.332,-0.578,0.541,-0.506,-0.409,-0.424,-0.268,0.43,0.345,0.206,0.558,0.424,-0.266,0.069,0.012,0.084,-0.092,0.318,-0.487,0.433,0.455,0.155,0.172,0.544,0.013,0.46,0.418,0.409,-0.499,-0.509,0.246,0.173,-0.239,0.369,-0.062,-0.07,0.575,0.125,0.655,-0.065,0.614,-0.022,0.258,-0.105,-0.367,0.254,0.675,-0.272,-0.374,0.322,0.664,0.383,0.025,0.727,0.537,-0.282,0.101,0.064,-0.429,0.428,-0.196,0.541,-0.669,-0.303,0.449,-0.449,0.62,0.205,0.559,0.587,-0.573,-0.39,-0.353,0.086,-0.001,0.262,-0.112,0.16,-0.31,-0.229,0.513,0.294,0.365,0.612,0.613,-0.184,0.53,-0.256,-0.299,-0.28,-0.105,0.552,0.562,0.094,-0.253,-0.325,0.057,-0.241,0.056,0.146,0.52,-0.14,0.632,0.201,-0.093
AXON,0.237,-0.503,-0.606,-0.902,-0.053,-0.836,-0.729,0.391,0.678,-0.862,0.27,0.632,-0.343,0.504,-0.64,0.578,-0.489,0.325,-0.413,0.0,-0.644,0.421,-0.402,-0.47,-0.129,-0.44,0.724,0.374,-0.644,-0.608,0.779,-0.815,-0.744,-0.13,0.831,0.756,0.008,0.495,-0.203,0.064,0.318,-0.718,-0.692,-0.502,-0.244,-0.652,-0.773,-0.736,-0.473,0.644,-0.629,-0.668,-0.488,-0.253,0.271,0.588,0.136,0.423,0.531,0.256,0.811,-0.736,0.384,-0.48,0.315,-0.662,-0.292,0.199,0.487,0.762,0.217,0.384,0.602,0.019,-0.632,0.548,0.104,0.716,-0.429,-0.831,0.681,0.808,0.712,0.523,-0.383,0.448,0.601,-0.406,-0.414,-0.183,-0.028,-0.44,0.675,0.009,0.632,0.744,0.799,-0.189,0.578,0.654,0.28,-0.036,0.044,-0.195,-0.195,-0.757,-0.554,0.778,-0.209,-0.685,0.568,0.334,-0.776,0.652,-0.665,-0.294,0.457,-0.304,-0.698,0.593,-0.61,-0.332,-0.711,0.604,0.618,-0.242,-0.131,0.53,-0.295,-0.139,0.557,-0.703,-0.35,-0.647,0.068,-0.483,0.233,-0.345,-0.083,0.567,0.021,-0.538,0.446,0.645,-0.259,-0.745,-0.777,-0.117,-0.665,-0.591,0.322,0.07,-0.293,0.477,-0.568,0.069,-0.163,0.719,0.182,-0.747,0.897,-0.411,0.375,-0.667,-0.159,0.598,0.798,0.701,-0.433,-0.447,-0.037,0.674,0.235,0.33,0.316,-0.644,-0.509,-0.448,-0.266,-0.332,0.143,-0.751,0.206,0.377,0.1,0.159,-0.589,-0.784,-0.271,0.713,0.369,0.17,0.063,-0.16,0.32,-0.401,0.353,-0.738,0.051,0.422
BANF,0.059,0.414,0.848,0.682,-0.283,0.723,0.748,0.186,-0.167,0.589,0.208,-0.18,0.4,-0.182,0.839,-0.164,0.19,0.071,0.295,-0.644,0.0,-0.543,0.219,0.249,0.37,-0.029,-0.329,0.047,0.811,0.721,-0.41,0.448,0.624,0.348,-0.585,-0.329,0.365,-0.239,0.699,-0.333,0.274,0.345,0.806,0.353,0.727,0.788,0.64,0.886,0.213,-0.641,0.37,0.478,0.366,0.678,0.363,-0.779,0.521,0.191,-0.209,0.209,-0.547,0.477,0.096,-0.069,-0.091,0.916,0.611,0.183,-0.035,-0.655,0.151,-0.482,-0.523,0.072,0.93,-0.511,-0.265,-0.325,0.677,0.722,-0.792,-0.559,-0.681,-0.183,0.333,-0.422,-0.312,0.342,0.282,-0.089,0.684,0.353,-0.237,-0.176,-0.379,-0.807,-0.442,-0.185,-0.38,-0.349,0.246,0.564,-0.367,0.196,-0.029,0.761,0.848,-0.703,0.466,0.577,-0.421,-0.048,0.78,-0.351,0.698,0.603,-0.525,0.673,0.566,-0.801,0.793,0.09,0.907,-0.22,-0.227,0.566,0.601,0.0,0.65,0.682,-0.833,0.668,0.813,0.519,0.571,0.277,0.222,0.834,0.105,-0.158,-0.202,0.34,-0.105,-0.031,0.605,0.502,0.682,0.71,0.354,0.095,0.162,-0.289,0.852,0.091,0.619,0.224,-0.094,-0.42,0.369,0.719,-0.744,0.591,-0.37,0.437,-0.28,-0.222,-0.637,-0.534,0.882,0.803,0.12,-0.369,-0.357,0.307,0.089,0.734,0.672,0.857,0.023,0.182,0.265,0.763,0.227,-0.1,0.449,-0.286,0.578,0.669,0.836,-0.378,0.05,-0.368,0.23,0.765,-0.328,0.043,0.163,0.408,-0.22,-0.508
BATRK,-0.125,-0.023,-0.574,-0.487,0.029,-0.487,-0.561,0.029,0.264,-0.526,0.213,0.454,-0.173,0.405,-0.614,0.293,-0.155,0.048,-0.262,0.421,-0.543,0.0,-0.082,-0.207,-0.236,-0.194,0.359,0.231,-0.643,-0.351,0.541,-0.436,-0.51,-0.26,0.531,0.349,0.085,0.508,-0.079,-0.134,-0.056,-0.448,-0.631,-0.318,-0.479,-0.592,-0.543,-0.677,-0.266,0.445,-0.438,-0.517,-0.314,-0.401,0.014,0.583,-0.015,0.219,0.574,0.267,0.49,-0.538,0.296,-0.08,0.063,-0.481,-0.092,0.142,0.371,0.454,0.325,0.263,0.632,-0.198,-0.502,0.039,0.36,0.502,-0.505,-0.51,0.689,0.472,0.569,0.492,-0.171,0.557,0.635,-0.341,-0.005,-0.286,-0.247,-0.068,0.443,0.223,0.58,0.618,0.482,-0.03,0.666,0.394,0.043,-0.199,0.047,-0.319,0.208,-0.621,-0.631,0.628,-0.377,-0.534,0.188,0.088,-0.632,0.486,-0.413,-0.36,0.49,-0.111,-0.676,0.626,-0.667,-0.036,-0.605,0.474,0.476,0.111,-0.574,0.187,-0.56,-0.181,0.644,-0.634,-0.318,-0.542,-0.158,-0.349,-0.235,-0.265,-0.02,0.451,0.095,-0.39,0.276,0.273,-0.409,-0.496,-0.65,-0.126,-0.402,-0.216,0.272,0.023,-0.337,0.256,-0.333,-0.249,-0.14,0.396,0.121,-0.511,0.572,-0.488,0.209,-0.502,-0.036,0.422,0.56,0.492,-0.321,-0.344,-0.089,0.412,-0.048,0.131,0.344,-0.701,-0.628,-0.508,-0.17,-0.31,0.165,-0.563,0.282,0.281,0.002,-0.067,-0.583,-0.494,-0.277,0.17,0.341,0.242,0.148,-0.239,0.303,-0.014,0.227,-0.444,-0.202,0.221
BIDU,-0.419,0.594,0.003,0.477,0.306,0.472,0.553,-0.088,-0.231,0.458,-0.436,-0.443,0.469,-0.473,0.233,-0.45,0.419,-0.262,0.389,-0.402,0.219,-0.082,0.0,0.278,0.276,0.448,-0.604,-0.292,0.239,0.524,-0.501,0.554,0.505,-0.325,-0.434,-0.451,-0.116,-0.294,0.16,-0.122,-0.137,0.405,0.062,0.511,-0.264,0.269,0.538,0.353,0.516,-0.462,0.524,0.499,0.655,0.377,-0.488,-0.246,-0.25,-0.386,-0.349,-0.199,-0.527,0.515,-0.452,0.198,-0.516,0.201,0.122,-0.045,-0.165,-0.595,-0.331,-0.307,-0.01,-0.053,0.389,-0.16,0.502,-0.456,0.045,0.62,-0.056,-0.59,-0.366,-0.53,0.615,-0.005,-0.343,0.461,0.637,0.178,-0.323,0.544,-0.385,-0.113,-0.508,-0.358,-0.398,0.599,-0.442,-0.528,-0.489,-0.389,0.28,-0.181,0.571,0.312,0.104,-0.221,-0.422,0.274,-0.144,-0.142,0.442,-0.453,0.636,0.307,0.167,-0.06,0.37,0.079,0.169,0.685,0.44,-0.469,-0.479,0.398,0.188,-0.325,0.12,-0.022,0.028,0.425,-0.042,0.548,-0.177,0.152,-0.101,0.203,-0.141,-0.425,-0.245,0.485,-0.035,-0.243,0.01,0.512,0.342,-0.005,0.574,0.31,-0.155,-0.09,0.084,-0.587,0.358,-0.608,0.5,-0.657,-0.303,0.469,-0.425,0.347,0.085,0.443,0.51,-0.397,-0.417,-0.488,0.045,-0.092,0.205,-0.297,-0.079,-0.194,-0.153,0.251,0.094,0.317,0.445,0.42,-0.134,0.61,-0.208,-0.22,-0.237,-0.594,0.488,0.63,0.118,-0.623,-0.26,-0.012,0.056,0.119,0.229,0.366,-0.278,0.524,0.154,-0.227
BLNE,-0.162,0.264,0.248,0.483,0.245,0.418,0.257,-0.381,-0.396,0.499,-0.215,-0.349,0.25,-0.395,0.292,-0.246,0.166,-0.317,0.185,-0.47,0.249,-0.207,0.278,0.0,0.337,0.413,-0.42,-0.403,0.246,0.24,-0.468,0.452,0.3,0.187,-0.466,-0.604,-0.036,-0.328,0.005,0.291,-0.36,0.505,0.355,0.177,-0.062,0.27,0.503,0.35,0.36,-0.194,0.273,0.39,0.112,0.009,-0.277,-0.242,-0.204,-0.303,-0.35,-0.237,-0.381,0.349,-0.367,0.438,-0.188,0.252,-0.035,0.067,-0.436,-0.37,-0.189,-0.281,-0.325,0.206,0.254,-0.104,-0.015,-0.525,0.04,0.437,-0.205,-0.376,-0.241,-0.357,0.179,-0.24,-0.386,0.062,0.079,0.08,-0.145,0.224,-0.5,0.106,-0.393,-0.262,-0.501,0.101,-0.326,-0.43,-0.174,-0.085,-0.001,-0.098,0.414,0.23,0.167,-0.348,0.142,0.295,-0.222,-0.296,0.298,-0.267,0.355,-0.055,-0.074,0.091,0.355,-0.254,0.259,0.208,0.424,-0.336,-0.35,0.095,-0.135,-0.288,0.23,0.136,-0.166,0.264,0.067,0.271,-0.153,0.262,-0.176,-0.037,0.173,-0.359,0.248,0.24,-0.23,-0.468,0.018,0.451,0.414,-0.158,0.471,0.503,-0.196,-0.133,0.018,-0.326,0.099,-0.197,0.216,-0.43,-0.265,0.478,-0.381,0.311,-0.046,0.297,0.234,-0.231,-0.423,-0.397,0.156,0.122,-0.267,-0.579,-0.014,-0.242,-0.179,0.213,0.349,0.109,0.166,0.274,-0.051,0.357,-0.255,-0.249,-0.041,0.073,0.345,0.5,0.095,-0.417,-0.175,-0.282,-0.071,0.019,-0.122,0.391,-0.116,0.518,0.067,-0.065
BLNK,0.101,0.084,0.327,0.248,0.287,0.355,0.376,0.121,0.123,0.342,-0.185,-0.248,0.484,-0.24,0.401,-0.138,0.339,-0.029,0.435,-0.129,0.37,-0.236,0.276,0.337,0.0,0.328,-0.163,-0.03,0.471,0.242,-0.267,0.283,0.398,0.12,-0.31,-0.038,-0.12,-0.12,0.09,0.257,0.12,0.411,0.397,0.47,0.163,0.484,0.48,0.487,0.428,-0.228,0.344,0.504,0.357,0.364,0.016,-0.274,0.109,0.059,-0.352,-0.176,-0.268,0.356,-0.209,0.187,0.062,0.291,0.262,0.362,0.002,-0.24,-0.243,0.065,-0.322,-0.004,0.493,0.203,-0.086,-0.266,0.346,0.375,-0.328,-0.349,-0.169,-0.369,0.485,-0.221,-0.375,0.491,0.093,0.269,0.217,0.201,-0.273,0.109,-0.396,-0.287,-0.331,0.254,-0.426,-0.087,-0.085,0.072,0.257,0.231,0.167,0.309,0.469,-0.122,0.064,0.131,0.276,0.191,0.301,-0.251,0.286,0.362,0.128,0.127,0.45,-0.184,0.482,0.11,0.456,-0.346,-0.346,0.118,0.433,0.044,0.653,0.202,-0.212,0.449,0.251,0.438,0.175,0.412,0.348,0.251,-0.251,-0.291,0.04,0.518,-0.175,-0.094,0.399,0.458,0.34,0.094,0.422,0.216,-0.191,-0.242,0.37,-0.097,0.148,-0.012,0.354,-0.408,-0.181,0.272,-0.225,0.548,0.298,0.405,0.317,-0.317,-0.232,-0.258,0.189,0.161,0.359,-0.04,0.342,0.02,-0.117,0.486,0.579,0.408,0.424,0.588,-0.126,0.431,-0.265,-0.433,0.149,0.061,0.477,0.433,0.311,-0.119,-0.206,-0.002,-0.255,0.308,-0.144,0.19,-0.016,0.393,0.329,0.132
BTAI,-0.415,0.306,0.105,0.544,0.712,0.529,0.359,-0.495,-0.547,0.668,-0.702,-0.712,0.488,-0.619,0.237,-0.603,0.741,-0.426,0.729,-0.44,-0.029,-0.194,0.448,0.413,0.328,0.0,-0.666,-0.672,0.342,0.271,-0.745,0.745,0.486,-0.226,-0.622,-0.579,-0.451,-0.598,-0.459,0.503,-0.628,0.815,0.256,0.502,-0.43,0.229,0.587,0.311,0.547,-0.215,0.757,0.7,0.568,-0.024,-0.738,-0.014,-0.693,-0.752,-0.708,-0.646,-0.602,0.647,-0.815,0.762,-0.287,0.106,-0.228,-0.281,-0.439,-0.414,-0.612,-0.08,-0.283,0.08,0.139,0.121,0.255,-0.788,0.058,0.515,-0.212,-0.643,-0.263,-0.739,0.566,-0.183,-0.663,0.448,0.383,0.664,-0.589,0.511,-0.71,0.298,-0.711,-0.21,-0.704,0.718,-0.64,-0.573,-0.777,-0.626,0.582,0.245,0.367,0.405,0.111,-0.279,-0.144,0.228,0.041,-0.261,0.296,-0.614,0.326,0.099,0.159,-0.226,0.599,0.12,0.233,0.552,0.225,-0.72,-0.731,-0.151,-0.013,-0.572,0.136,-0.421,0.108,0.524,-0.313,0.646,-0.525,0.546,-0.158,-0.247,-0.084,-0.683,0.326,0.708,-0.429,-0.699,-0.007,0.71,0.442,-0.5,0.823,0.806,-0.615,0.119,-0.367,-0.761,0.174,-0.45,0.703,-0.7,-0.713,0.454,-0.419,0.504,0.164,0.638,0.844,-0.675,-0.414,-0.426,-0.285,-0.324,0.103,-0.432,0.371,-0.705,-0.517,0.364,0.256,0.007,0.731,0.658,-0.475,0.422,-0.674,-0.481,-0.61,0.074,0.528,0.522,-0.329,-0.431,-0.64,0.093,-0.446,-0.377,0.082,0.711,-0.455,0.808,0.452,0.059
BYND,0.502,-0.421,-0.24,-0.823,-0.268,-0.747,-0.697,0.51,0.746,-0.873,0.625,0.832,-0.393,0.66,-0.421,0.829,-0.58,0.515,-0.526,0.724,-0.329,0.359,-0.604,-0.42,-0.163,-0.666,0.0,0.601,-0.511,-0.548,0.884,-0.915,-0.72,0.169,0.894,0.76,0.371,0.716,0.044,-0.114,0.501,-0.807,-0.49,-0.575,0.088,-0.518,-0.801,-0.573,-0.63,0.651,-0.739,-0.738,-0.646,-0.111,0.683,0.423,0.578,0.773,0.663,0.586,0.924,-0.876,0.637,-0.517,0.503,-0.382,-0.012,0.519,0.629,0.827,0.469,0.273,0.525,0.127,-0.4,0.427,-0.065,0.842,-0.207,-0.852,0.514,0.904,0.661,0.74,-0.516,0.387,0.734,-0.569,-0.51,-0.486,0.419,-0.561,0.812,0.195,0.748,0.669,0.874,-0.605,0.662,0.891,0.652,0.316,-0.331,-0.13,-0.218,-0.651,-0.263,0.618,0.168,-0.623,0.379,0.496,-0.672,0.844,-0.713,-0.313,0.237,0.065,-0.736,0.306,-0.477,-0.483,-0.524,0.774,0.79,-0.095,-0.151,0.784,-0.138,0.3,0.302,-0.681,0.095,-0.737,0.464,-0.582,0.338,-0.121,0.167,0.722,0.049,-0.726,0.455,0.757,-0.162,-0.844,-0.725,0.166,-0.752,-0.701,0.588,-0.192,0.081,0.759,-0.608,0.419,-0.518,0.899,0.498,-0.629,0.797,-0.484,0.172,-0.814,-0.525,0.787,0.79,0.799,-0.007,-0.119,-0.213,0.671,0.166,0.674,0.6,-0.575,-0.366,-0.248,-0.531,-0.438,0.482,-0.731,0.508,0.392,0.536,0.267,-0.568,-0.84,0.117,0.824,0.681,-0.078,0.32,0.204,0.134,-0.503,0.578,-0.854,-0.047,0.444
CAN,0.44,-0.274,-0.058,-0.447,-0.409,-0.403,-0.318,0.462,0.732,-0.56,0.567,0.68,-0.197,0.627,-0.271,0.583,-0.491,0.588,-0.364,0.374,0.047,0.231,-0.292,-0.403,-0.03,-0.672,0.601,0.0,-0.24,-0.14,0.707,-0.587,-0.426,-0.052,0.551,0.634,0.349,0.729,0.45,-0.489,0.478,-0.672,-0.194,-0.367,0.347,-0.141,-0.455,-0.182,-0.51,0.124,-0.542,-0.627,-0.357,0.084,0.661,-0.006,0.63,0.776,0.734,0.541,0.488,-0.573,0.737,-0.584,0.334,-0.008,0.196,0.409,0.501,0.376,0.593,0.158,0.325,-0.332,-0.039,-0.103,-0.193,0.754,-0.045,-0.41,0.187,0.487,0.121,0.733,-0.303,0.34,0.642,-0.332,-0.258,-0.525,0.546,-0.295,0.736,-0.022,0.725,0.201,0.653,-0.537,0.643,0.679,0.777,0.583,-0.487,-0.278,-0.209,-0.398,-0.029,0.329,0.108,-0.304,0.149,0.217,-0.344,0.49,-0.321,0.123,0.093,0.219,-0.533,0.01,-0.077,-0.402,-0.246,0.675,0.678,0.239,-0.023,0.571,0.004,0.358,0.004,-0.423,0.293,-0.505,0.39,-0.498,0.139,0.258,-0.131,0.689,-0.169,-0.546,0.352,0.59,0.108,-0.531,-0.338,0.472,-0.641,-0.629,0.59,-0.096,0.362,0.61,-0.011,0.282,-0.635,0.532,0.674,-0.488,0.348,-0.291,-0.216,-0.543,-0.645,0.502,0.474,0.477,0.243,0.36,0.073,0.533,-0.331,0.605,0.438,-0.317,-0.181,0.031,-0.495,-0.506,0.486,-0.338,0.648,0.456,0.445,-0.113,-0.531,-0.39,0.324,0.469,0.59,-0.098,0.494,0.351,0.031,-0.485,0.51,-0.647,-0.408,0.016
CCEC,-0.019,0.29,0.772,0.729,-0.02,0.786,0.826,0.045,-0.318,0.756,-0.187,-0.506,0.533,-0.428,0.857,-0.45,0.452,-0.101,0.552,-0.644,0.811,-0.643,0.239,0.246,0.471,0.342,-0.511,-0.24,0.0,0.653,-0.632,0.656,0.796,0.219,-0.742,-0.343,0.008,-0.484,0.326,-0.025,0.074,0.62,0.842,0.603,0.536,0.854,0.794,0.923,0.423,-0.63,0.671,0.757,0.637,0.606,0.027,-0.668,0.129,-0.169,-0.544,-0.19,-0.711,0.708,-0.27,0.191,-0.181,0.792,0.353,0.019,-0.163,-0.682,-0.241,-0.337,-0.654,0.033,0.837,-0.244,-0.246,-0.576,0.732,0.787,-0.883,-0.751,-0.71,-0.523,0.531,-0.552,-0.627,0.624,0.329,0.392,0.381,0.422,-0.499,-0.066,-0.642,-0.813,-0.68,0.205,-0.666,-0.476,-0.144,0.238,0.064,0.439,-0.13,0.886,0.858,-0.713,0.344,0.58,-0.287,-0.075,0.829,-0.642,0.653,0.686,-0.442,0.428,0.833,-0.667,0.862,0.185,0.858,-0.556,-0.558,0.262,0.693,-0.246,0.72,0.288,-0.772,0.885,0.516,0.791,0.271,0.554,0.259,0.605,-0.13,-0.453,-0.032,0.686,-0.321,-0.284,0.628,0.697,0.754,0.367,0.614,0.307,-0.235,-0.12,0.578,-0.205,0.637,0.152,0.262,-0.615,-0.02,0.691,-0.787,0.702,-0.153,0.732,0.137,-0.597,-0.677,-0.65,0.548,0.561,0.334,-0.38,-0.012,-0.08,-0.277,0.902,0.747,0.796,0.421,0.507,-0.156,0.829,-0.183,-0.354,0.07,-0.129,0.765,0.773,0.494,-0.384,-0.356,-0.146,-0.166,0.444,-0.345,0.165,-0.139,0.648,0.124,-0.404
CDW,-0.325,0.689,0.508,0.755,0.116,0.77,0.763,-0.08,-0.241,0.618,-0.096,-0.224,0.513,-0.204,0.7,-0.393,0.472,-0.041,0.462,-0.608,0.721,-0.351,0.524,0.24,0.242,0.271,-0.548,-0.14,0.653,0.0,-0.556,0.63,0.575,-0.002,-0.667,-0.446,0.291,-0.338,0.564,-0.337,-0.101,0.438,0.534,0.332,0.209,0.559,0.641,0.73,0.201,-0.546,0.65,0.527,0.652,0.679,-0.001,-0.477,0.149,-0.119,-0.233,0.119,-0.668,0.532,-0.209,0.123,-0.452,0.833,0.345,0.111,0.063,-0.736,0.062,-0.571,-0.155,0.118,0.778,-0.495,0.254,-0.518,0.443,0.765,-0.52,-0.696,-0.659,-0.301,0.516,-0.047,-0.251,0.386,0.726,0.088,0.221,0.78,-0.22,0.001,-0.43,-0.663,-0.469,0.231,-0.356,-0.476,-0.107,0.035,-0.081,0.133,0.202,0.708,0.504,-0.562,0.215,0.506,-0.509,-0.26,0.677,-0.435,0.817,0.691,-0.165,0.575,0.496,-0.374,0.506,0.603,0.743,-0.259,-0.277,0.691,0.386,-0.14,0.28,0.412,-0.495,0.665,0.434,0.682,0.212,0.19,0.079,0.668,0.121,-0.179,-0.061,0.464,0.048,-0.121,0.358,0.559,0.6,0.495,0.551,0.318,0.157,-0.084,0.487,-0.137,0.67,-0.288,0.128,-0.547,0.218,0.806,-0.712,0.632,-0.359,0.47,0.11,-0.335,-0.547,-0.505,0.617,0.406,0.112,-0.356,-0.366,0.096,0.066,0.532,0.329,0.736,0.388,0.232,0.217,0.78,0.133,0.077,0.106,-0.537,0.583,0.723,0.564,-0.566,-0.032,-0.27,0.291,0.546,0.13,0.449,0.136,0.597,-0.222,-0.626
