,ABEO,ACHC,AGNCN,AKAM,AKRO,ALRM,AMAT,AMED,AMRN,ANGI,APA,APOG,APPS,ARCB,ARCC,ARVN,ATEC,ATXS,AVAV,AXON,BANF,BATRK,BIDU,BLNE,BLNK,BTAI,BYND,CAN,CCEC,CDW,CDXS,CELH,CGNX,CHKP,CHRS,CHRW,CIGI,CKPT,CMPR,COGT,CRNC,CRSP,CSTL,CTSH,CVGW,DGLY,DNLI,DOCU,DVAX,EBAY,EHTH,ERII,ESLT,EXPE,EXPO,FBIOP,FFBC,FFIN,FOXF,FWRD,GDS,GERN,GPRE,GRWG,GRYP,HEES,HELE,HIVE,HON,HRTX,HSTM,HURA,IART,IBKR,IBOC,IBRX,IDXX,INGN,INM,INVA,IQ,IRBT,KDP,KPTI,KTOS,KXIN,LAMR,LFUS,LGIH,LGMK,LKFN,LNW,LOPE,LPSN,LYFT,MGNX,MLCO,MNST,MODV,MSTR,MTCH,MYGN,MYRG,NCMI,NEXT,NFLX,NIU,NKTR,NRC,NTNX,NTRA,NVEE,NVMI,NWL,NWS,NXPI,OCGN,OCSL,OKTA,OLLI,OTLK,OXLC,PAA,PARA,PARAA,PDCO,PDFS,PFG,PGEN,PNFP,PODD,POWI,PSMT,PTC,PTEN,PVLA,RDNT,RDUS,RDWR,REGN,RNAC,ROCK,ROST,RRR,RSLS,RVMD,RYAAY,SAFT,SAGE,SAVA,SBGI,SFM,SFNC,SHYF,SIBN,SIFY,SIGI,SIMO,SITM,SLM,SNBR,SNDX,SNY,SPNS,SRRK,STRA,SUPN,SYRE,TCBK,TEAM,TECH,THRM,TLRY,TRMK,TROW,TSLA,TWST,TXN,UFPI,UNIT,UPWK,USLM,UTHR,VERB,VLY,VRNA,VRRM,VXRT,WAFD,WATT,WBA,WING,WIX,WTFC,WTW,XPEL,XRX,YMAB,ZG,ZLAB
ABEO,0.0,0.259,0.815,0.849,0.297,0.739,0.754,0.886,0.703,0.793,0.125,0.634,0.84,-0.259,0.471,0.54,0.705,0.681,-0.32,0.493,0.762,0.731,0.591,0.588,0.837,-0.486,0.854,-0.568,0.733,0.741,0.732,0.319,0.681,0.634,0.814,0.758,0.4,-0.045,0.751,0.73,0.819,0.512,-0.147,0.787,0.104,0.058,0.597,0.837,0.352,0.849,0.168,0.849,0.637,0.696,0.833,0.864,0.888,0.551,0.83,0.535,0.43,-0.272,-0.082,0.79,-0.721,0.652,0.824,-0.254,0.666,0.512,-0.86,0.334,0.89,0.654,-0.19,-0.802,0.795,0.545,0.041,0.845,-0.19,0.893,-0.458,0.861,-0.147,-0.388,0.21,0.798,0.379,0.022,0.068,-0.014,0.002,0.604,0.743,-0.23,0.225,-0.408,-0.48,-0.887,0.637,0.253,0.923,0.372,0.506,-0.74,0.601,0.855,0.383,0.583,0.691,0.872,0.751,0.317,0.411,0.831,0.881,0.623,0.867,-0.856,-0.553,0.75,-0.082,0.895,0.872,-0.381,0.774,0.637,0.53,0.781,0.331,0.794,0.571,0.683,0.427,0.627,0.898,0.707,0.795,0.861,-0.566,0.687,0.019,0.661,0.473,0.811,0.569,-0.676,0.597,-0.571,0.076,-0.004,0.862,0.764,0.415,0.84,0.163,0.722,0.863,0.598,0.653,-0.347,0.77,0.484,-0.773,0.027,0.664,0.496,-0.035,0.734,0.83,0.877,0.806,0.856,0.815,0.755,0.76,0.823,0.677,0.388,0.812,0.723,0.779,0.782,0.736,0.373,0.08,0.606,0.631,0.352,0.525,-0.012,0.75,0.614,-0.712,0.652,0.837,-0.073,0.7,-0.116
ACHC,0.259,0.0,0.058,0.288,-0.691,-0.224,0.124,0.255,-0.268,-0.098,0.871,-0.262,0.018,-0.154,0.465,-0.427,0.294,-0.33,0.646,0.794,-0.254,-0.22,-0.352,-0.139,-0.037,-0.075,0.068,-0.227,0.324,0.146,-0.195,0.73,-0.379,0.312,0.248,0.049,-0.464,0.374,-0.156,-0.238,-0.16,-0.022,-0.585,-0.156,0.287,0.569,-0.197,0.082,-0.319,-0.041,0.724,-0.027,-0.225,-0.01,0.177,0.272,0.128,0.071,-0.081,0.463,-0.405,-0.104,0.017,-0.161,0.308,0.56,0.127,0.068,0.239,-0.568,-0.07,0.161,0.213,-0.303,-0.346,-0.18,0.007,-0.067,-0.048,0.074,-0.183,0.18,-0.714,-0.086,0.734,0.017,0.851,-0.133,-0.252,0.42,0.734,0.812,0.155,-0.482,-0.015,0.456,-0.49,-0.343,0.57,-0.057,-0.128,-0.261,0.332,-0.494,0.183,-0.162,-0.383,0.264,-0.719,0.619,-0.155,0.292,-0.186,-0.497,0.915,0.003,0.222,0.483,0.287,-0.242,0.377,0.242,0.854,0.276,0.423,0.577,-0.214,0.284,-0.486,0.128,-0.243,-0.002,-0.1,0.519,0.832,-0.401,0.261,-0.15,-0.179,0.126,0.392,-0.259,0.764,0.591,-0.055,0.45,-0.488,0.317,-0.217,-0.741,0.469,0.095,-0.043,-0.169,-0.643,-0.067,0.152,0.266,0.11,0.254,0.289,-0.383,0.131,-0.587,0.02,0.495,-0.344,0.697,-0.14,0.062,0.045,0.193,-0.141,-0.064,-0.057,-0.132,-0.212,-0.119,-0.19,0.051,0.244,0.001,0.256,-0.191,0.278,-0.54,0.882,-0.202,-0.104,0.635,0.13,0.133,-0.161,0.398,-0.068,-0.348,-0.149,0.106,-0.195,0.451
AGNCN,0.815,0.058,0.0,0.727,0.426,0.775,0.716,0.812,0.773,0.812,-0.063,0.676,0.781,-0.397,0.364,0.63,0.766,0.668,-0.334,0.394,0.762,0.696,0.653,0.5,0.773,-0.543,0.738,-0.542,0.641,0.659,0.771,0.157,0.739,0.696,0.752,0.853,0.484,-0.019,0.758,0.819,0.851,0.534,-0.05,0.842,-0.085,-0.173,0.666,0.816,0.232,0.877,-0.037,0.891,0.653,0.641,0.869,0.811,0.748,0.324,0.794,0.45,0.522,-0.291,-0.278,0.806,-0.844,0.353,0.782,0.057,0.677,0.596,-0.791,0.279,0.85,0.682,-0.176,-0.838,0.875,0.51,0.254,0.804,-0.193,0.816,-0.322,0.831,-0.216,-0.374,-0.038,0.841,0.431,0.075,-0.24,-0.067,-0.327,0.653,0.804,-0.409,0.368,-0.33,-0.553,-0.753,0.632,0.512,0.855,0.518,0.572,-0.54,0.664,0.709,0.477,0.438,0.777,0.776,0.756,0.409,0.201,0.817,0.82,0.486,0.735,-0.726,-0.626,0.849,-0.197,0.737,0.699,-0.464,0.808,0.403,0.594,0.644,0.476,0.745,0.532,0.439,0.295,0.742,0.838,0.683,0.826,0.83,-0.81,0.684,-0.144,0.57,0.409,0.579,0.636,-0.724,0.665,-0.406,-0.171,0.032,0.794,0.768,0.588,0.779,0.027,0.706,0.842,0.447,0.635,-0.327,0.889,0.609,-0.857,-0.192,0.711,0.335,-0.287,0.758,0.806,0.897,0.783,0.796,0.87,0.747,0.775,0.809,0.655,0.475,0.749,0.718,0.697,0.804,0.593,0.37,-0.083,0.468,0.635,0.248,0.515,-0.054,0.85,0.354,-0.842,0.696,0.831,-0.183,0.676,-0.254
AKAM,0.849,0.288,0.727,0.0,0.152,0.732,0.892,0.865,0.62,0.781,0.024,0.749,0.906,0.004,0.667,0.646,0.568,0.702,-0.393,0.639,0.748,0.739,0.683,0.759,0.885,-0.183,0.916,-0.479,0.811,0.865,0.78,0.34,0.698,0.615,0.889,0.758,0.56,-0.227,0.806,0.688,0.78,0.666,-0.059,0.808,0.15,-0.098,0.698,0.845,0.454,0.863,0.316,0.844,0.762,0.834,0.756,0.87,0.883,0.659,0.842,0.359,0.578,-0.092,0.006,0.824,-0.7,0.802,0.873,-0.272,0.83,0.507,-0.787,0.119,0.87,0.698,-0.0,-0.663,0.777,0.657,-0.005,0.88,0.101,0.889,-0.362,0.855,-0.012,-0.221,0.32,0.854,0.613,-0.119,0.157,0.01,0.098,0.647,0.795,0.013,0.403,-0.397,-0.472,-0.843,0.596,0.264,0.877,0.47,0.456,-0.773,0.691,0.829,0.373,0.772,0.745,0.888,0.817,0.156,0.411,0.865,0.919,0.81,0.956,-0.728,-0.555,0.812,-0.092,0.931,0.92,-0.445,0.8,0.699,0.459,0.894,0.096,0.902,0.485,0.857,0.463,0.66,0.93,0.764,0.757,0.864,-0.461,0.748,-0.017,0.631,0.615,0.794,0.628,-0.694,0.663,-0.401,0.227,0.089,0.861,0.829,0.395,0.876,-0.037,0.857,0.896,0.673,0.388,-0.087,0.701,0.505,-0.656,0.282,0.704,0.507,0.216,0.805,0.783,0.767,0.818,0.863,0.841,0.817,0.807,0.861,0.777,0.631,0.878,0.799,0.781,0.807,0.868,0.463,0.099,0.657,0.797,0.568,0.64,0.106,0.654,0.66,-0.547,0.677,0.82,0.164,0.784,0.123
AKRO,0.297,-0.691,0.426,0.152,0.0,0.575,0.278,0.287,0.695,0.441,-0.645,0.571,0.362,-0.039,-0.163,0.637,0.092,0.691,-0.701,-0.525,0.617,0.654,0.611,0.453,0.45,-0.267,0.407,-0.032,0.064,0.202,0.586,-0.569,0.717,0.103,0.206,0.323,0.607,-0.34,0.525,0.615,0.603,0.264,0.483,0.558,-0.32,-0.322,0.478,0.377,0.424,0.503,-0.596,0.459,0.431,0.315,0.281,0.225,0.369,0.287,0.55,-0.123,0.48,-0.102,-0.051,0.583,-0.615,-0.164,0.294,-0.173,0.162,0.834,-0.392,0.026,0.301,0.651,0.17,-0.277,0.388,0.384,0.107,0.384,-0.147,0.329,0.395,0.529,-0.851,-0.2,-0.657,0.524,0.392,-0.302,-0.648,-0.736,-0.136,0.735,0.344,-0.551,0.49,0.044,-0.823,-0.444,0.387,0.364,0.232,0.679,0.251,-0.279,0.651,0.261,0.819,-0.273,0.458,0.205,0.588,0.656,-0.587,0.406,0.22,-0.114,0.196,-0.256,-0.633,0.203,-0.823,0.205,0.049,-0.655,0.577,0.06,0.846,0.303,0.455,0.383,0.339,-0.073,-0.527,0.674,0.268,0.511,0.592,0.387,-0.722,0.607,-0.622,-0.233,0.318,0.114,0.673,-0.614,0.539,0.272,-0.461,-0.248,0.494,0.572,0.846,0.507,0.169,0.049,0.322,0.065,0.125,0.108,0.323,0.824,-0.41,-0.511,0.687,-0.356,-0.051,0.324,0.39,0.33,0.562,0.49,0.46,0.528,0.53,0.538,0.487,0.042,0.141,0.379,0.227,0.585,0.086,0.711,-0.74,0.466,0.379,-0.575,0.104,-0.154,0.569,-0.103,-0.32,0.704,0.598,-0.24,0.501,-0.498
ALRM,0.739,-0.224,0.775,0.732,0.575,0.0,0.789,0.764,0.848,0.899,-0.385,0.835,0.913,-0.258,0.326,0.817,0.543,0.883,-0.679,0.216,0.893,0.858,0.924,0.749,0.905,-0.479,0.864,-0.266,0.735,0.838,0.908,0.045,0.917,0.355,0.689,0.834,0.734,-0.224,0.942,0.959,0.948,0.604,-0.014,0.868,-0.013,-0.355,0.861,0.846,0.565,0.924,-0.313,0.925,0.854,0.844,0.848,0.722,0.752,0.501,0.939,0.397,0.718,-0.287,-0.199,0.924,-0.871,0.421,0.874,-0.129,0.585,0.831,-0.791,0.379,0.712,0.906,0.011,-0.804,0.889,0.565,0.213,0.9,0.2,0.884,-0.131,0.918,-0.413,-0.592,-0.248,0.91,0.53,-0.14,-0.343,-0.331,-0.265,0.851,0.895,-0.449,0.711,-0.418,-0.825,-0.824,0.876,0.22,0.773,0.656,0.473,-0.725,0.847,0.685,0.727,0.346,0.824,0.822,0.867,0.552,-0.106,0.937,0.825,0.477,0.769,-0.722,-0.879,0.584,-0.569,0.784,0.687,-0.766,0.965,0.545,0.742,0.779,0.324,0.902,0.83,0.434,0.135,0.895,0.777,0.939,0.909,0.869,-0.812,0.873,-0.509,0.378,0.59,0.543,0.863,-0.92,0.723,-0.147,-0.306,0.293,0.89,0.925,0.758,0.877,-0.188,0.654,0.906,0.395,0.379,-0.199,0.807,0.763,-0.838,-0.226,0.881,0.103,0.023,0.782,0.939,0.843,0.902,0.854,0.948,0.934,0.897,0.922,0.872,0.529,0.786,0.868,0.759,0.96,0.707,0.566,-0.394,0.711,0.811,0.13,0.702,-0.324,0.856,0.27,-0.726,0.914,0.871,-0.084,0.95,-0.266
AMAT,0.754,0.124,0.716,0.892,0.278,0.789,0.0,0.809,0.618,0.733,-0.183,0.843,0.868,0.035,0.618,0.724,0.466,0.796,-0.558,0.524,0.768,0.79,0.811,0.842,0.88,-0.165,0.914,-0.406,0.816,0.877,0.843,0.099,0.77,0.533,0.844,0.742,0.706,-0.387,0.863,0.751,0.83,0.764,-0.039,0.789,-0.051,-0.221,0.775,0.782,0.492,0.866,0.156,0.862,0.865,0.909,0.732,0.845,0.845,0.639,0.852,0.219,0.617,-0.182,-0.147,0.868,-0.714,0.767,0.894,-0.322,0.785,0.608,-0.765,0.088,0.828,0.796,0.111,-0.629,0.747,0.56,0.04,0.884,0.17,0.846,-0.327,0.874,-0.147,-0.25,0.095,0.874,0.691,-0.104,-0.032,-0.123,-0.012,0.718,0.797,0.007,0.575,-0.546,-0.634,-0.841,0.575,0.207,0.811,0.548,0.338,-0.835,0.776,0.74,0.445,0.738,0.669,0.861,0.915,0.151,0.188,0.907,0.857,0.744,0.878,-0.653,-0.706,0.762,-0.26,0.831,0.794,-0.615,0.856,0.69,0.599,0.897,-0.011,0.939,0.514,0.77,0.338,0.731,0.837,0.824,0.75,0.905,-0.549,0.832,-0.246,0.462,0.702,0.671,0.708,-0.793,0.734,-0.268,-0.018,0.136,0.865,0.882,0.493,0.879,-0.209,0.81,0.891,0.681,0.214,-0.008,0.688,0.603,-0.604,0.228,0.777,0.368,0.25,0.733,0.813,0.72,0.805,0.844,0.875,0.894,0.802,0.889,0.795,0.742,0.802,0.843,0.806,0.849,0.854,0.532,-0.076,0.613,0.851,0.427,0.776,-0.067,0.644,0.463,-0.491,0.774,0.834,0.202,0.854,0.072
AMED,0.886,0.255,0.812,0.865,0.287,0.764,0.809,0.0,0.725,0.795,0.079,0.679,0.853,-0.144,0.498,0.603,0.713,0.707,-0.346,0.535,0.75,0.747,0.649,0.641,0.815,-0.417,0.882,-0.511,0.799,0.778,0.766,0.271,0.718,0.565,0.855,0.845,0.478,-0.096,0.767,0.739,0.849,0.546,-0.114,0.821,-0.001,0.021,0.622,0.84,0.348,0.891,0.18,0.897,0.679,0.715,0.802,0.926,0.902,0.475,0.838,0.47,0.492,-0.223,-0.149,0.822,-0.739,0.681,0.876,-0.199,0.764,0.514,-0.882,0.263,0.902,0.7,-0.196,-0.775,0.834,0.557,0.086,0.856,-0.097,0.923,-0.446,0.884,-0.1,-0.337,0.189,0.834,0.488,-0.02,-0.005,0.064,-0.044,0.622,0.779,-0.196,0.356,-0.443,-0.484,-0.872,0.638,0.268,0.893,0.451,0.493,-0.74,0.624,0.79,0.375,0.62,0.694,0.855,0.778,0.2,0.38,0.842,0.909,0.671,0.87,-0.743,-0.64,0.811,-0.118,0.89,0.868,-0.426,0.803,0.582,0.489,0.791,0.26,0.824,0.545,0.679,0.472,0.668,0.902,0.729,0.811,0.873,-0.613,0.713,-0.068,0.687,0.477,0.765,0.589,-0.734,0.616,-0.542,0.061,0.008,0.866,0.773,0.455,0.842,-0.002,0.79,0.877,0.517,0.559,-0.31,0.765,0.485,-0.783,0.081,0.706,0.546,-0.045,0.8,0.824,0.871,0.797,0.883,0.849,0.789,0.78,0.847,0.719,0.47,0.873,0.806,0.767,0.818,0.737,0.398,0.038,0.592,0.701,0.399,0.603,-0.055,0.743,0.496,-0.715,0.695,0.85,-0.044,0.741,-0.001
AMRN,0.703,-0.268,0.773,0.62,0.695,0.848,0.618,0.725,0.0,0.809,-0.339,0.779,0.791,-0.158,0.328,0.797,0.579,0.812,-0.589,0.09,0.852,0.86,0.807,0.651,0.793,-0.452,0.768,-0.182,0.554,0.635,0.871,-0.012,0.892,0.465,0.654,0.79,0.658,-0.069,0.826,0.896,0.881,0.554,0.275,0.901,-0.048,-0.26,0.761,0.86,0.572,0.881,-0.232,0.836,0.63,0.664,0.713,0.665,0.759,0.489,0.883,0.316,0.733,-0.056,0.013,0.879,-0.808,0.272,0.72,0.008,0.602,0.848,-0.733,0.236,0.722,0.854,0.04,-0.659,0.834,0.693,0.236,0.777,0.044,0.754,0.049,0.855,-0.45,-0.409,-0.206,0.848,0.546,-0.168,-0.361,-0.327,-0.125,0.847,0.804,-0.406,0.563,-0.141,-0.745,-0.728,0.704,0.468,0.707,0.739,0.535,-0.594,0.812,0.637,0.74,0.181,0.873,0.656,0.777,0.594,-0.055,0.787,0.756,0.424,0.648,-0.635,-0.792,0.59,-0.585,0.728,0.634,-0.576,0.865,0.429,0.774,0.673,0.553,0.75,0.613,0.342,-0.008,0.858,0.733,0.792,0.861,0.758,-0.788,0.823,-0.345,0.376,0.476,0.542,0.828,-0.771,0.794,-0.13,-0.14,-0.016,0.821,0.831,0.855,0.786,0.113,0.527,0.744,0.319,0.483,-0.11,0.701,0.799,-0.768,-0.232,0.892,0.187,-0.076,0.816,0.794,0.771,0.877,0.824,0.826,0.825,0.874,0.842,0.834,0.353,0.699,0.731,0.651,0.868,0.555,0.659,-0.363,0.701,0.683,-0.098,0.42,-0.069,0.896,0.274,-0.673,0.886,0.863,-0.139,0.798,-0.251
ANGI,0.793,-0.098,0.812,0.781,0.441,0.899,0.733,0.795,0.809,0.0,-0.264,0.737,0.901,-0.258,0.325,0.742,0.652,0.777,-0.539,0.291,0.821,0.764,0.782,0.65,0.851,-0.482,0.815,-0.367,0.683,0.782,0.814,0.167,0.842,0.431,0.698,0.842,0.597,-0.173,0.877,0.859,0.917,0.527,0.014,0.866,0.02,-0.274,0.748,0.849,0.433,0.908,-0.13,0.909,0.773,0.791,0.83,0.749,0.755,0.406,0.874,0.418,0.699,-0.234,-0.099,0.867,-0.847,0.403,0.819,-0.095,0.617,0.715,-0.793,0.32,0.764,0.78,-0.132,-0.789,0.903,0.587,0.25,0.855,0.068,0.862,-0.148,0.89,-0.34,-0.442,-0.082,0.879,0.509,-0.048,-0.295,-0.217,-0.192,0.782,0.851,-0.416,0.559,-0.247,-0.674,-0.792,0.849,0.405,0.8,0.56,0.43,-0.613,0.769,0.654,0.651,0.367,0.843,0.767,0.814,0.558,0.049,0.872,0.854,0.474,0.752,-0.727,-0.751,0.691,-0.426,0.808,0.75,-0.613,0.9,0.45,0.643,0.699,0.411,0.83,0.703,0.468,0.179,0.814,0.824,0.807,0.882,0.793,-0.728,0.785,-0.319,0.546,0.522,0.535,0.8,-0.857,0.674,-0.271,-0.103,0.197,0.85,0.834,0.662,0.867,-0.14,0.689,0.878,0.409,0.547,-0.259,0.811,0.702,-0.875,-0.201,0.801,0.201,-0.092,0.774,0.87,0.864,0.886,0.844,0.897,0.828,0.897,0.88,0.813,0.464,0.813,0.793,0.668,0.891,0.639,0.464,-0.261,0.661,0.704,0.212,0.585,-0.132,0.875,0.349,-0.778,0.789,0.849,-0.108,0.845,-0.2
APA,0.125,0.871,-0.063,0.024,-0.645,-0.385,-0.183,0.079,-0.339,-0.264,0.0,-0.537,-0.188,-0.304,0.177,-0.654,0.305,-0.533,0.799,0.572,-0.38,-0.427,-0.591,-0.432,-0.254,-0.224,-0.163,-0.259,0.056,-0.142,-0.424,0.719,-0.562,0.219,0.009,-0.125,-0.725,0.605,-0.407,-0.371,-0.342,-0.317,-0.613,-0.333,0.393,0.736,-0.473,-0.065,-0.421,-0.242,0.559,-0.212,-0.5,-0.336,0.044,0.091,-0.037,-0.099,-0.273,0.529,-0.63,-0.224,-0.027,-0.393,0.404,0.271,-0.121,0.137,-0.047,-0.702,0.028,0.313,0.062,-0.516,-0.476,-0.127,-0.151,-0.229,-0.012,-0.175,-0.388,-0.008,-0.64,-0.273,0.703,-0.05,0.739,-0.33,-0.54,0.445,0.68,0.803,0.091,-0.646,-0.215,0.275,-0.738,-0.145,0.719,0.099,-0.236,-0.342,0.172,-0.632,0.206,0.098,-0.629,0.15,-0.777,0.284,-0.297,0.102,-0.433,-0.402,0.851,-0.216,-0.005,0.178,0.075,-0.18,0.592,0.006,0.903,0.079,0.211,0.734,-0.4,0.122,-0.616,-0.139,0.01,-0.264,-0.13,0.217,0.772,-0.556,0.061,-0.377,-0.303,-0.107,0.422,-0.498,0.822,0.495,-0.375,0.323,-0.681,0.506,-0.433,-0.726,0.397,0.021,-0.215,-0.383,-0.695,-0.291,0.338,-0.002,-0.11,0.061,0.396,-0.544,-0.026,-0.736,0.046,0.258,-0.539,0.62,-0.263,-0.082,-0.131,0.066,-0.328,-0.232,-0.271,-0.381,-0.406,-0.314,-0.423,-0.306,0.058,-0.269,0.023,-0.384,0.036,-0.662,0.882,-0.272,-0.377,0.413,-0.2,0.115,-0.256,0.346,-0.059,-0.521,-0.311,-0.072,-0.438,0.217
APOG,0.634,-0.262,0.676,0.749,0.571,0.835,0.843,0.679,0.779,0.737,-0.537,0.0,0.829,0.174,0.522,0.949,0.289,0.925,-0.784,0.194,0.866,0.933,0.947,0.911,0.882,-0.035,0.867,-0.171,0.684,0.791,0.957,-0.212,0.939,0.416,0.767,0.733,0.936,-0.5,0.915,0.843,0.85,0.818,0.345,0.892,-0.194,-0.468,0.913,0.761,0.646,0.872,-0.096,0.815,0.883,0.874,0.631,0.669,0.761,0.657,0.894,-0.012,0.838,0.096,0.012,0.948,-0.814,0.512,0.822,-0.248,0.765,0.866,-0.673,-0.115,0.715,0.949,0.36,-0.482,0.727,0.713,0.013,0.859,0.28,0.749,0.053,0.873,-0.404,-0.154,-0.191,0.915,0.863,-0.394,-0.251,-0.446,0.037,0.919,0.789,-0.119,0.782,-0.32,-0.846,-0.768,0.572,0.392,0.641,0.833,0.357,-0.756,0.959,0.611,0.759,0.473,0.796,0.698,0.93,0.353,-0.162,0.854,0.758,0.636,0.737,-0.491,-0.864,0.682,-0.608,0.719,0.63,-0.785,0.893,0.579,0.811,0.87,0.086,0.903,0.456,0.559,-0.045,0.907,0.724,0.873,0.799,0.838,-0.685,0.963,-0.487,0.179,0.718,0.53,0.91,-0.846,0.889,0.088,-0.102,-0.018,0.857,0.935,0.773,0.876,-0.146,0.683,0.787,0.523,0.049,0.271,0.627,0.867,-0.537,0.101,0.937,0.121,0.319,0.735,0.744,0.614,0.864,0.838,0.88,0.934,0.895,0.907,0.917,0.757,0.657,0.861,0.718,0.908,0.728,0.807,-0.428,0.662,0.907,0.149,0.675,-0.03,0.693,0.306,-0.395,0.916,0.885,0.208,0.907,-0.039
APPS,0.84,0.018,0.781,0.906,0.362,0.913,0.868,0.853,0.791,0.901,-0.188,0.829,0.0,-0.123,0.531,0.785,0.597,0.825,-0.581,0.46,0.881,0.84,0.847,0.796,0.957,-0.353,0.935,-0.376,0.82,0.913,0.885,0.234,0.855,0.499,0.832,0.844,0.674,-0.205,0.926,0.866,0.903,0.666,-0.018,0.9,0.17,-0.233,0.817,0.926,0.586,0.945,0.011,0.93,0.84,0.884,0.848,0.83,0.873,0.633,0.947,0.423,0.716,-0.183,-0.034,0.916,-0.836,0.64,0.915,-0.225,0.745,0.703,-0.832,0.278,0.842,0.845,0.045,-0.768,0.892,0.656,0.091,0.935,0.2,0.928,-0.23,0.933,-0.191,-0.464,0.057,0.941,0.609,-0.15,-0.068,-0.172,-0.065,0.807,0.915,-0.236,0.594,-0.376,-0.662,-0.879,0.806,0.24,0.872,0.616,0.506,-0.787,0.812,0.81,0.588,0.563,0.872,0.905,0.871,0.399,0.17,0.959,0.929,0.687,0.917,-0.77,-0.752,0.706,-0.36,0.924,0.873,-0.636,0.936,0.696,0.616,0.881,0.265,0.958,0.708,0.675,0.321,0.832,0.898,0.895,0.898,0.896,-0.645,0.851,-0.249,0.558,0.63,0.712,0.794,-0.841,0.73,-0.256,0.003,0.236,0.93,0.92,0.628,0.924,-0.1,0.796,0.954,0.564,0.41,-0.134,0.768,0.653,-0.788,0.055,0.839,0.342,0.172,0.864,0.915,0.84,0.92,0.914,0.942,0.919,0.933,0.948,0.895,0.615,0.909,0.868,0.814,0.934,0.849,0.559,-0.14,0.783,0.855,0.387,0.684,-0.094,0.798,0.535,-0.659,0.84,0.891,0.048,0.916,-0.093
ARCB,-0.259,-0.154,-0.397,0.004,-0.039,-0.258,0.035,-0.144,-0.158,-0.258,-0.304,0.174,-0.123,0.0,0.223,0.217,-0.499,0.05,-0.278,-0.139,-0.053,0.081,0.023,0.258,-0.108,0.796,-0.011,0.215,-0.114,-0.074,-0.02,-0.372,0.017,-0.213,0.068,-0.204,0.33,-0.462,-0.086,-0.28,-0.211,0.176,0.635,-0.001,-0.119,-0.144,-0.059,-0.162,0.333,-0.132,0.286,-0.235,0.041,0.023,-0.499,-0.122,0.025,0.257,-0.109,-0.706,0.254,0.632,0.523,-0.029,0.171,0.204,-0.147,-0.384,0.204,0.035,0.166,-0.768,-0.094,0.038,0.574,0.663,-0.298,0.22,-0.443,-0.173,0.282,-0.263,0.403,-0.092,0.01,0.676,0.038,-0.049,0.53,-0.518,0.117,-0.245,0.655,0.128,-0.19,0.487,0.171,0.288,0.011,0.102,-0.398,0.083,-0.315,0.301,-0.356,-0.006,0.119,-0.228,0.117,0.066,-0.116,-0.291,0.052,-0.35,-0.162,-0.207,-0.136,0.167,-0.084,0.467,0.02,-0.036,-0.183,-0.086,-0.101,-0.076,-0.114,0.099,-0.009,0.097,-0.381,-0.039,-0.514,0.164,-0.333,-0.0,-0.146,-0.128,-0.221,-0.189,0.35,0.096,-0.034,-0.33,0.175,-0.109,0.104,0.087,0.136,0.454,0.499,-0.466,-0.052,-0.057,0.053,-0.019,-0.087,0.014,-0.272,0.19,-0.629,0.78,-0.557,0.093,0.535,0.575,0.093,0.015,0.697,-0.062,-0.374,-0.49,-0.112,0.009,-0.188,-0.06,-0.005,-0.054,0.103,0.229,-0.165,-0.025,-0.202,-0.092,-0.005,0.461,-0.128,0.091,0.151,-0.027,-0.131,0.432,-0.332,0.097,0.616,0.005,-0.024,0.375,-0.021,0.46
ARCC,0.471,0.465,0.364,0.667,-0.163,0.326,0.618,0.498,0.328,0.325,0.177,0.522,0.531,0.223,0.0,0.388,0.246,0.314,-0.064,0.753,0.37,0.475,0.414,0.581,0.524,0.182,0.563,0.047,0.621,0.622,0.507,0.437,0.326,0.503,0.635,0.426,0.404,-0.067,0.499,0.367,0.339,0.666,0.015,0.482,0.199,-0.036,0.565,0.612,0.438,0.509,0.561,0.409,0.359,0.635,0.453,0.495,0.534,0.646,0.519,0.178,0.433,0.305,0.317,0.497,-0.229,0.73,0.543,0.063,0.733,0.204,-0.282,-0.133,0.549,0.433,0.306,-0.23,0.421,0.559,0.089,0.573,0.313,0.491,-0.277,0.427,0.412,0.075,0.595,0.47,0.517,-0.14,0.475,0.296,0.244,0.281,0.54,0.495,0.277,-0.314,-0.093,-0.367,0.221,0.137,0.572,0.316,0.399,-0.566,0.427,0.507,-0.003,0.763,0.455,0.588,0.427,-0.096,0.556,0.502,0.604,0.909,0.672,-0.373,-0.256,0.558,0.153,0.674,0.728,-0.028,0.389,0.667,0.177,0.694,-0.177,0.572,0.144,0.793,0.485,0.323,0.611,0.476,0.279,0.574,-0.013,0.47,0.331,0.482,0.51,0.639,0.276,-0.189,0.601,-0.26,0.451,0.073,0.471,0.494,0.114,0.472,0.119,0.602,0.518,0.532,0.036,0.196,0.398,0.167,-0.169,0.634,0.405,0.605,0.275,0.617,0.427,0.405,0.47,0.471,0.503,0.524,0.457,0.459,0.547,0.676,0.579,0.541,0.666,0.416,0.737,0.251,0.429,0.289,0.58,0.522,0.48,0.213,0.328,0.565,-0.102,0.38,0.406,0.367,0.469,0.502
ARVN,0.54,-0.427,0.63,0.646,0.637,0.817,0.724,0.603,0.797,0.742,-0.654,0.949,0.785,0.217,0.388,0.0,0.253,0.904,-0.834,0.046,0.852,0.901,0.933,0.839,0.811,-0.008,0.777,-0.133,0.576,0.699,0.908,-0.289,0.948,0.312,0.695,0.713,0.944,-0.461,0.869,0.827,0.809,0.714,0.466,0.895,-0.162,-0.54,0.862,0.725,0.683,0.834,-0.223,0.772,0.852,0.786,0.557,0.581,0.684,0.553,0.842,-0.085,0.919,0.143,0.051,0.904,-0.837,0.344,0.74,-0.209,0.707,0.907,-0.625,-0.157,0.634,0.931,0.386,-0.406,0.726,0.664,0.017,0.768,0.313,0.661,0.208,0.832,-0.465,-0.134,-0.352,0.874,0.843,-0.466,-0.401,-0.532,-0.01,0.952,0.769,-0.258,0.841,-0.163,-0.842,-0.685,0.588,0.457,0.538,0.916,0.318,-0.606,0.948,0.49,0.861,0.299,0.823,0.575,0.875,0.422,-0.308,0.772,0.696,0.501,0.628,-0.407,-0.862,0.615,-0.724,0.638,0.53,-0.838,0.876,0.447,0.808,0.749,0.174,0.819,0.433,0.4,-0.176,0.945,0.657,0.818,0.795,0.727,-0.715,0.91,-0.578,0.112,0.649,0.377,0.944,-0.855,0.849,0.217,-0.122,-0.04,0.806,0.88,0.87,0.816,-0.194,0.631,0.706,0.403,0.016,0.322,0.547,0.9,-0.539,0.002,0.942,0.022,0.296,0.73,0.675,0.543,0.821,0.812,0.835,0.863,0.888,0.858,0.898,0.674,0.609,0.809,0.577,0.89,0.605,0.85,-0.549,0.669,0.865,0.034,0.552,-0.055,0.696,0.235,-0.396,0.912,0.854,0.107,0.878,-0.083
ATEC,0.705,0.294,0.766,0.568,0.092,0.543,0.466,0.713,0.579,0.652,0.305,0.289,0.597,-0.499,0.246,0.253,0.0,0.314,-0.002,0.504,0.502,0.338,0.314,0.136,0.511,-0.735,0.521,-0.593,0.523,0.484,0.454,0.474,0.405,0.517,0.585,0.729,0.037,0.341,0.458,0.581,0.617,0.256,-0.337,0.576,0.146,0.071,0.309,0.684,0.022,0.637,0.102,0.719,0.333,0.379,0.748,0.745,0.616,0.122,0.529,0.689,0.278,-0.376,-0.303,0.495,-0.544,0.334,0.631,0.188,0.451,0.199,-0.737,0.54,0.744,0.344,-0.498,-0.803,0.76,0.303,0.451,0.575,-0.205,0.673,-0.538,0.617,0.071,-0.465,0.212,0.557,0.081,0.373,-0.076,0.287,-0.376,0.303,0.638,-0.357,0.058,-0.297,-0.158,-0.569,0.571,0.315,0.76,0.121,0.382,-0.356,0.269,0.559,0.135,0.349,0.58,0.642,0.418,0.21,0.472,0.6,0.707,0.354,0.567,-0.668,-0.349,0.615,0.128,0.646,0.65,-0.114,0.561,0.329,0.169,0.398,0.563,0.504,0.537,0.286,0.529,0.403,0.674,0.371,0.596,0.581,-0.499,0.363,0.084,0.833,0.017,0.47,0.31,-0.471,0.328,-0.68,-0.023,0.126,0.604,0.431,0.269,0.53,-0.028,0.611,0.65,0.31,0.836,-0.658,0.688,0.191,-0.841,-0.212,0.374,0.526,-0.368,0.641,0.682,0.806,0.504,0.585,0.618,0.448,0.527,0.559,0.44,0.141,0.756,0.441,0.535,0.522,0.46,-0.023,0.198,0.355,0.319,0.331,0.355,-0.085,0.723,0.369,-0.861,0.363,0.57,-0.235,0.431,-0.158
ATXS,0.681,-0.33,0.668,0.702,0.691,0.883,0.796,0.707,0.812,0.777,-0.533,0.925,0.825,0.05,0.314,0.904,0.314,0.0,-0.822,0.039,0.88,0.943,0.933,0.885,0.887,-0.197,0.892,-0.225,0.664,0.737,0.939,-0.264,0.961,0.356,0.722,0.724,0.863,-0.474,0.911,0.87,0.904,0.706,0.269,0.857,-0.24,-0.365,0.85,0.719,0.616,0.866,-0.234,0.836,0.871,0.812,0.644,0.676,0.765,0.585,0.912,0.058,0.752,-0.057,-0.088,0.945,-0.838,0.453,0.825,-0.358,0.614,0.904,-0.739,0.036,0.699,0.951,0.17,-0.564,0.719,0.646,-0.008,0.85,0.15,0.797,0.025,0.912,-0.585,-0.302,-0.304,0.898,0.725,-0.368,-0.354,-0.533,0.02,0.935,0.722,-0.284,0.741,-0.358,-0.921,-0.845,0.64,0.294,0.647,0.779,0.374,-0.769,0.93,0.648,0.802,0.346,0.747,0.702,0.936,0.458,-0.245,0.856,0.746,0.481,0.71,-0.574,-0.889,0.598,-0.682,0.71,0.599,-0.839,0.907,0.538,0.889,0.817,0.178,0.884,0.554,0.485,-0.092,0.902,0.705,0.883,0.867,0.848,-0.763,0.947,-0.583,0.149,0.674,0.559,0.912,-0.919,0.812,0.005,-0.214,-0.03,0.877,0.929,0.796,0.88,-0.127,0.584,0.787,0.434,0.16,0.109,0.632,0.881,-0.624,-0.077,0.923,0.053,0.22,0.671,0.789,0.661,0.893,0.843,0.865,0.926,0.878,0.912,0.865,0.576,0.631,0.83,0.667,0.923,0.644,0.796,-0.541,0.686,0.827,0.01,0.638,-0.151,0.715,0.226,-0.476,0.942,0.908,0.071,0.908,-0.192
AVAV,-0.32,0.646,-0.334,-0.393,-0.701,-0.679,-0.558,-0.346,-0.589,-0.539,0.799,-0.784,-0.581,-0.278,-0.064,-0.834,-0.002,-0.822,0.0,0.282,-0.7,-0.736,-0.816,-0.736,-0.63,-0.037,-0.601,0.078,-0.353,-0.511,-0.708,0.544,-0.813,0.009,-0.415,-0.403,-0.847,0.608,-0.688,-0.641,-0.653,-0.524,-0.442,-0.633,0.211,0.534,-0.641,-0.432,-0.632,-0.582,0.434,-0.564,-0.761,-0.613,-0.304,-0.356,-0.49,-0.457,-0.643,0.275,-0.735,-0.011,0.014,-0.699,0.661,-0.186,-0.519,0.467,-0.353,-0.823,0.484,0.137,-0.385,-0.788,-0.358,0.215,-0.45,-0.416,0.079,-0.559,-0.316,-0.429,-0.294,-0.657,0.689,0.152,0.562,-0.66,-0.689,0.427,0.507,0.747,-0.008,-0.854,-0.499,0.289,-0.781,0.149,0.874,0.578,-0.482,-0.213,-0.259,-0.743,-0.008,0.511,-0.808,-0.284,-0.851,-0.062,-0.527,-0.353,-0.756,-0.401,0.57,-0.593,-0.4,-0.175,-0.393,0.24,0.781,-0.262,0.849,-0.366,-0.23,0.908,-0.72,-0.33,-0.78,-0.547,-0.054,-0.644,-0.389,-0.182,0.426,-0.789,-0.35,-0.676,-0.625,-0.501,0.587,-0.768,0.778,0.174,-0.594,-0.149,-0.851,0.801,-0.603,-0.417,0.317,0.07,-0.641,-0.707,-0.784,-0.649,0.289,-0.358,-0.489,-0.26,0.177,-0.361,-0.268,-0.827,0.332,0.149,-0.772,0.267,-0.423,-0.401,-0.502,-0.269,-0.627,-0.628,-0.597,-0.692,-0.686,-0.695,-0.712,-0.442,-0.348,-0.587,-0.352,-0.718,-0.363,-0.819,0.768,-0.618,-0.656,0.185,-0.441,0.179,-0.468,-0.055,0.175,-0.782,-0.681,-0.099,-0.743,0.253
AXON,0.493,0.794,0.394,0.639,-0.525,0.216,0.524,0.535,0.09,0.291,0.572,0.194,0.46,-0.139,0.753,0.046,0.504,0.039,0.282,0.0,0.159,0.15,0.139,0.255,0.384,-0.1,0.435,-0.288,0.658,0.576,0.251,0.753,0.047,0.482,0.594,0.451,-0.017,0.25,0.298,0.204,0.228,0.388,-0.503,0.282,0.347,0.177,0.281,0.495,0.043,0.383,0.644,0.391,0.238,0.451,0.529,0.573,0.441,0.3,0.321,0.528,0.099,-0.082,-0.049,0.268,-0.129,0.748,0.527,0.115,0.606,-0.18,-0.356,0.204,0.526,0.132,-0.153,-0.446,0.44,0.212,0.095,0.484,0.172,0.507,-0.682,0.314,0.702,-0.156,0.739,0.314,0.136,0.249,0.565,0.674,-0.024,-0.054,0.487,0.375,-0.006,-0.478,0.229,-0.336,0.241,-0.051,0.63,-0.095,0.336,-0.446,0.077,0.504,-0.364,0.848,0.298,0.62,0.209,-0.326,0.834,0.441,0.604,0.794,0.633,-0.467,-0.047,0.537,0.572,0.622,0.733,0.17,0.246,0.547,-0.217,0.489,-0.172,0.45,0.225,0.71,0.878,0.06,0.593,0.287,0.2,0.495,0.069,0.164,0.494,0.761,0.237,0.582,-0.029,-0.087,0.199,-0.628,0.385,0.311,0.337,0.272,-0.248,0.318,-0.082,0.67,0.523,0.447,0.304,-0.264,0.458,-0.216,-0.308,0.563,0.095,0.767,0.015,0.499,0.436,0.497,0.252,0.327,0.403,0.316,0.25,0.302,0.286,0.489,0.643,0.417,0.607,0.252,0.667,-0.22,0.712,0.136,0.363,0.821,0.482,0.067,0.216,0.529,-0.322,0.076,0.225,0.241,0.281,0.473
BANF,0.762,-0.254,0.762,0.748,0.617,0.893,0.768,0.75,0.852,0.821,-0.38,0.866,0.881,-0.053,0.37,0.852,0.502,0.88,-0.7,0.159,0.0,0.886,0.861,0.74,0.905,-0.351,0.854,-0.361,0.623,0.757,0.896,-0.066,0.92,0.419,0.721,0.792,0.759,-0.235,0.88,0.887,0.889,0.59,0.193,0.93,0.049,-0.329,0.788,0.857,0.625,0.899,-0.212,0.861,0.801,0.772,0.763,0.721,0.847,0.66,0.922,0.285,0.727,-0.107,-0.034,0.914,-0.887,0.434,0.805,-0.253,0.655,0.849,-0.816,0.175,0.792,0.895,0.215,-0.676,0.818,0.665,0.049,0.851,0.071,0.823,-0.016,0.909,-0.432,-0.396,-0.216,0.924,0.634,-0.277,-0.215,-0.456,-0.082,0.899,0.834,-0.35,0.604,-0.238,-0.802,-0.846,0.706,0.31,0.761,0.744,0.474,-0.682,0.854,0.74,0.787,0.31,0.843,0.776,0.882,0.522,-0.087,0.876,0.789,0.5,0.773,-0.671,-0.796,0.628,-0.573,0.786,0.681,-0.727,0.922,0.591,0.754,0.833,0.394,0.867,0.637,0.471,0.04,0.904,0.795,0.84,0.875,0.823,-0.75,0.899,-0.399,0.329,0.552,0.58,0.862,-0.842,0.763,-0.063,-0.137,0.005,0.93,0.915,0.802,0.897,0.013,0.649,0.829,0.541,0.356,-0.03,0.702,0.809,-0.728,-0.093,0.922,0.195,0.213,0.793,0.817,0.752,0.876,0.908,0.892,0.881,0.913,0.934,0.878,0.511,0.733,0.81,0.71,0.93,0.739,0.718,-0.367,0.795,0.851,0.064,0.549,-0.124,0.804,0.47,-0.598,0.903,0.93,0.038,0.869,-0.305
BATRK,0.731,-0.22,0.696,0.739,0.654,0.858,0.79,0.747,0.86,0.764,-0.427,0.933,0.84,0.081,0.475,0.901,0.338,0.943,-0.736,0.15,0.886,0.0,0.909,0.877,0.889,-0.158,0.894,-0.167,0.681,0.757,0.944,-0.142,0.941,0.442,0.774,0.729,0.858,-0.376,0.909,0.873,0.879,0.731,0.3,0.906,-0.154,-0.295,0.869,0.809,0.689,0.9,-0.127,0.826,0.805,0.818,0.669,0.692,0.809,0.665,0.942,0.114,0.767,0.032,0.026,0.955,-0.819,0.512,0.819,-0.268,0.733,0.887,-0.714,0.006,0.743,0.956,0.254,-0.552,0.758,0.721,-0.003,0.869,0.148,0.802,0.01,0.894,-0.465,-0.252,-0.186,0.902,0.739,-0.384,-0.254,-0.406,0.076,0.91,0.776,-0.22,0.692,-0.325,-0.834,-0.821,0.62,0.324,0.7,0.808,0.497,-0.764,0.919,0.688,0.756,0.415,0.79,0.727,0.91,0.45,-0.099,0.846,0.781,0.601,0.763,-0.602,-0.837,0.664,-0.603,0.771,0.677,-0.733,0.894,0.579,0.863,0.857,0.196,0.874,0.527,0.578,-0.003,0.9,0.781,0.898,0.854,0.867,-0.723,0.936,-0.416,0.229,0.676,0.652,0.874,-0.835,0.867,-0.038,-0.097,-0.069,0.88,0.931,0.783,0.893,0.036,0.631,0.789,0.494,0.185,0.127,0.661,0.85,-0.603,0.019,0.941,0.165,0.201,0.762,0.781,0.69,0.904,0.868,0.874,0.923,0.88,0.907,0.885,0.576,0.676,0.859,0.75,0.924,0.701,0.789,-0.391,0.694,0.849,0.052,0.577,-0.095,0.747,0.351,-0.467,0.937,0.902,0.052,0.899,-0.104
BIDU,0.591,-0.352,0.653,0.683,0.611,0.924,0.811,0.649,0.807,0.782,-0.591,0.947,0.847,0.023,0.414,0.933,0.314,0.933,-0.816,0.139,0.861,0.909,0.0,0.876,0.877,-0.174,0.845,-0.107,0.698,0.806,0.948,-0.171,0.947,0.302,0.688,0.751,0.911,-0.412,0.947,0.915,0.883,0.761,0.212,0.858,-0.144,-0.508,0.936,0.763,0.68,0.872,-0.282,0.841,0.902,0.884,0.685,0.626,0.696,0.572,0.906,0.097,0.85,-0.051,-0.111,0.936,-0.823,0.43,0.829,-0.18,0.643,0.901,-0.659,0.091,0.636,0.968,0.267,-0.568,0.778,0.617,0.125,0.861,0.386,0.765,0.042,0.873,-0.448,-0.372,-0.314,0.893,0.732,-0.325,-0.379,-0.449,-0.143,0.917,0.839,-0.268,0.871,-0.389,-0.891,-0.743,0.72,0.272,0.626,0.798,0.363,-0.737,0.948,0.575,0.786,0.376,0.796,0.709,0.902,0.44,-0.255,0.883,0.746,0.532,0.703,-0.537,-0.924,0.557,-0.696,0.694,0.589,-0.853,0.935,0.55,0.814,0.806,0.132,0.903,0.644,0.45,-0.043,0.926,0.683,0.936,0.83,0.833,-0.752,0.939,-0.616,0.174,0.701,0.459,0.932,-0.904,0.829,0.096,-0.276,0.182,0.838,0.94,0.817,0.852,-0.264,0.639,0.814,0.405,0.076,0.137,0.66,0.856,-0.626,-0.057,0.934,0.024,0.233,0.735,0.823,0.658,0.87,0.811,0.901,0.953,0.888,0.897,0.912,0.682,0.678,0.864,0.713,0.937,0.692,0.737,-0.508,0.681,0.884,0.079,0.716,-0.248,0.749,0.187,-0.487,0.95,0.845,0.089,0.959,-0.108
BLNE,0.588,-0.139,0.5,0.759,0.453,0.749,0.842,0.641,0.651,0.65,-0.432,0.911,0.796,0.258,0.581,0.839,0.136,0.885,-0.736,0.255,0.74,0.877,0.876,0.0,0.851,0.093,0.881,-0.062,0.723,0.785,0.88,-0.139,0.834,0.342,0.735,0.591,0.862,-0.542,0.872,0.72,0.763,0.799,0.275,0.755,-0.119,-0.308,0.851,0.684,0.687,0.782,0.044,0.715,0.828,0.88,0.544,0.624,0.726,0.72,0.85,-0.042,0.735,0.108,0.11,0.873,-0.663,0.65,0.789,-0.397,0.714,0.762,-0.589,-0.129,0.643,0.878,0.338,-0.383,0.601,0.674,-0.105,0.814,0.324,0.725,0.013,0.805,-0.316,-0.119,-0.029,0.812,0.817,-0.446,-0.082,-0.37,0.203,0.818,0.675,0.097,0.726,-0.376,-0.762,-0.753,0.52,0.208,0.61,0.724,0.337,-0.833,0.877,0.625,0.603,0.561,0.667,0.692,0.876,0.261,-0.067,0.799,0.723,0.696,0.748,-0.471,-0.771,0.568,-0.523,0.737,0.677,-0.712,0.792,0.672,0.753,0.876,-0.086,0.88,0.405,0.702,0.039,0.764,0.691,0.839,0.716,0.808,-0.487,0.882,-0.391,0.161,0.756,0.608,0.789,-0.765,0.825,0.041,0.035,0.036,0.789,0.879,0.608,0.816,-0.12,0.592,0.736,0.532,-0.059,0.317,0.51,0.732,-0.399,0.274,0.831,0.187,0.417,0.664,0.689,0.52,0.828,0.763,0.783,0.89,0.803,0.832,0.848,0.732,0.626,0.826,0.702,0.823,0.757,0.757,-0.313,0.648,0.843,0.194,0.687,-0.015,0.536,0.338,-0.219,0.847,0.781,0.298,0.863,0.108
BLNK,0.837,-0.037,0.773,0.885,0.45,0.905,0.88,0.815,0.793,0.851,-0.254,0.882,0.957,-0.108,0.524,0.811,0.511,0.887,-0.63,0.384,0.905,0.889,0.877,0.851,0.0,-0.297,0.954,-0.353,0.804,0.875,0.933,0.111,0.881,0.522,0.823,0.793,0.725,-0.283,0.94,0.883,0.911,0.728,0.04,0.888,0.064,-0.246,0.867,0.884,0.59,0.927,-0.017,0.905,0.867,0.887,0.833,0.788,0.866,0.688,0.963,0.347,0.698,-0.141,-0.07,0.947,-0.843,0.627,0.914,-0.278,0.722,0.774,-0.816,0.206,0.838,0.884,0.117,-0.738,0.834,0.697,0.04,0.948,0.161,0.921,-0.181,0.937,-0.281,-0.411,-0.006,0.946,0.646,-0.218,-0.064,-0.286,-0.034,0.845,0.86,-0.194,0.599,-0.412,-0.75,-0.904,0.724,0.243,0.855,0.655,0.54,-0.84,0.867,0.861,0.622,0.556,0.85,0.898,0.912,0.427,0.094,0.957,0.899,0.676,0.898,-0.753,-0.783,0.699,-0.418,0.9,0.834,-0.685,0.927,0.721,0.714,0.918,0.237,0.965,0.666,0.675,0.223,0.852,0.878,0.908,0.88,0.931,-0.674,0.894,-0.307,0.428,0.663,0.737,0.82,-0.847,0.793,-0.194,-0.054,0.157,0.937,0.956,0.657,0.939,-0.034,0.735,0.928,0.604,0.346,-0.057,0.776,0.729,-0.728,0.06,0.868,0.293,0.213,0.814,0.902,0.811,0.939,0.893,0.941,0.953,0.924,0.956,0.884,0.632,0.819,0.864,0.824,0.941,0.855,0.628,-0.208,0.767,0.868,0.317,0.707,-0.093,0.769,0.506,-0.586,0.881,0.91,0.128,0.92,-0.139
BTAI,-0.486,-0.075,-0.543,-0.183,-0.267,-0.479,-0.165,-0.417,-0.452,-0.482,-0.224,-0.035,-0.353,0.796,0.182,-0.008,-0.735,-0.197,-0.037,-0.1,-0.351,-0.158,-0.174,0.093,-0.297,0.0,-0.257,0.368,-0.248,-0.259,-0.23,-0.316,-0.258,-0.216,-0.145,-0.462,0.154,-0.406,-0.281,-0.469,-0.474,0.099,0.489,-0.284,-0.14,-0.138,-0.131,-0.413,0.11,-0.381,0.348,-0.48,-0.112,-0.14,-0.62,-0.398,-0.3,0.054,-0.352,-0.773,0.043,0.671,0.397,-0.266,0.371,0.029,-0.336,-0.173,0.047,-0.18,0.514,-0.826,-0.371,-0.19,0.593,0.78,-0.51,-0.016,-0.471,-0.348,0.334,-0.476,0.389,-0.378,0.195,0.784,0.081,-0.301,0.319,-0.483,0.216,-0.075,0.517,-0.137,-0.391,0.616,0.069,0.258,0.217,0.398,-0.6,0.013,-0.511,0.102,-0.328,0.195,-0.075,-0.385,-0.139,0.082,-0.31,-0.448,-0.194,-0.433,-0.158,-0.41,-0.351,0.088,-0.268,0.638,0.261,-0.147,0.022,-0.324,-0.288,0.076,-0.378,-0.113,-0.183,-0.115,-0.627,-0.25,-0.681,0.075,-0.303,-0.223,-0.339,-0.277,-0.456,-0.356,0.492,-0.177,0.054,-0.493,0.104,-0.25,-0.15,0.342,-0.032,0.548,0.413,-0.279,-0.37,-0.256,-0.222,-0.29,-0.08,-0.15,-0.437,0.026,-0.8,0.853,-0.572,-0.105,0.75,0.603,-0.195,-0.103,0.549,-0.298,-0.568,-0.663,-0.326,-0.289,-0.379,-0.267,-0.282,-0.335,-0.186,0.216,-0.413,-0.203,-0.335,-0.342,-0.155,0.193,0.01,-0.231,-0.048,0.101,-0.204,0.384,-0.58,-0.065,0.783,-0.254,-0.327,0.436,-0.255,0.539
BYND,0.854,0.068,0.738,0.916,0.407,0.864,0.914,0.882,0.768,0.815,-0.163,0.867,0.935,-0.011,0.563,0.777,0.521,0.892,-0.601,0.435,0.854,0.894,0.845,0.881,0.954,-0.257,0.0,-0.389,0.848,0.882,0.912,0.119,0.857,0.517,0.888,0.8,0.705,-0.307,0.907,0.834,0.898,0.734,0.019,0.87,-0.009,-0.137,0.809,0.859,0.568,0.924,0.077,0.904,0.843,0.876,0.786,0.864,0.908,0.69,0.952,0.31,0.655,-0.139,-0.07,0.937,-0.788,0.746,0.939,-0.361,0.775,0.705,-0.855,0.166,0.871,0.872,0.03,-0.702,0.806,0.685,-0.016,0.944,0.124,0.941,-0.28,0.952,-0.246,-0.345,0.08,0.924,0.667,-0.23,-0.03,-0.19,0.074,0.798,0.813,-0.108,0.564,-0.485,-0.705,-0.939,0.67,0.196,0.861,0.617,0.479,-0.888,0.821,0.84,0.549,0.643,0.776,0.903,0.918,0.288,0.182,0.938,0.916,0.743,0.926,-0.751,-0.766,0.733,-0.342,0.922,0.867,-0.639,0.903,0.742,0.688,0.939,0.148,0.965,0.603,0.755,0.308,0.8,0.892,0.889,0.857,0.949,-0.629,0.89,-0.269,0.475,0.662,0.802,0.769,-0.844,0.77,-0.311,0.013,0.057,0.945,0.934,0.583,0.933,-0.06,0.769,0.914,0.6,0.328,-0.074,0.722,0.671,-0.704,0.141,0.841,0.394,0.224,0.806,0.881,0.798,0.908,0.909,0.915,0.937,0.88,0.946,0.873,0.62,0.839,0.875,0.829,0.921,0.85,0.619,-0.154,0.725,0.847,0.34,0.71,-0.075,0.719,0.503,-0.561,0.857,0.918,0.133,0.903,-0.011
CAN,-0.568,-0.227,-0.542,-0.479,-0.032,-0.266,-0.406,-0.511,-0.182,-0.367,-0.259,-0.171,-0.376,0.215,0.047,-0.133,-0.593,-0.225,0.078,-0.288,-0.361,-0.167,-0.107,-0.062,-0.353,0.368,-0.389,0.0,-0.304,-0.282,-0.203,-0.128,-0.219,-0.416,-0.484,-0.387,0.005,-0.038,-0.193,-0.246,-0.356,-0.052,0.25,-0.358,-0.109,-0.185,0.003,-0.337,0.115,-0.368,-0.097,-0.471,-0.357,-0.15,-0.428,-0.605,-0.511,-0.126,-0.28,-0.285,-0.014,0.471,0.419,-0.267,0.452,-0.318,-0.403,0.392,-0.314,-0.036,0.661,-0.206,-0.61,-0.134,0.338,0.518,-0.397,-0.062,0.173,-0.332,0.427,-0.441,0.466,-0.443,0.025,0.153,-0.033,-0.401,-0.093,-0.194,0.008,-0.044,0.117,-0.194,-0.294,0.323,0.144,0.186,0.105,0.558,-0.175,-0.148,-0.503,-0.051,-0.128,0.215,-0.092,-0.473,-0.106,-0.337,-0.277,-0.458,-0.384,0.085,-0.29,-0.38,-0.43,-0.171,-0.47,0.467,0.083,-0.521,-0.206,-0.391,-0.375,0.198,-0.36,-0.221,-0.07,-0.291,-0.294,-0.342,-0.194,-0.247,-0.369,-0.252,-0.483,-0.159,-0.37,-0.377,0.382,-0.183,-0.009,-0.418,-0.016,-0.353,-0.142,0.37,-0.053,0.444,0.026,0.177,-0.471,-0.296,-0.081,-0.404,0.046,-0.513,-0.439,-0.407,-0.471,0.387,-0.351,-0.119,0.508,0.101,-0.178,-0.334,0.034,-0.299,-0.353,-0.43,-0.233,-0.471,-0.368,-0.215,-0.279,-0.414,-0.156,-0.056,-0.435,-0.211,-0.239,-0.344,-0.282,-0.072,-0.106,-0.276,-0.225,-0.368,-0.122,-0.02,-0.281,-0.435,0.521,-0.152,-0.469,0.087,-0.192,0.23
CCEC,0.733,0.324,0.641,0.811,0.064,0.735,0.816,0.799,0.554,0.683,0.056,0.684,0.82,-0.114,0.621,0.576,0.523,0.664,-0.353,0.658,0.623,0.681,0.698,0.723,0.804,-0.248,0.848,-0.304,0.0,0.856,0.745,0.318,0.633,0.434,0.827,0.775,0.525,-0.112,0.775,0.711,0.728,0.681,-0.27,0.67,0.052,-0.033,0.712,0.749,0.418,0.788,0.179,0.79,0.711,0.803,0.786,0.793,0.747,0.534,0.787,0.427,0.508,-0.182,-0.172,0.756,-0.6,0.785,0.911,-0.179,0.731,0.428,-0.716,0.242,0.746,0.704,-0.059,-0.692,0.752,0.452,0.043,0.847,0.244,0.872,-0.511,0.776,0.1,-0.406,0.244,0.742,0.483,-0.053,0.13,0.159,-0.067,0.525,0.771,-0.025,0.524,-0.67,-0.436,-0.77,0.638,-0.016,0.802,0.398,0.45,-0.798,0.593,0.697,0.235,0.748,0.617,0.881,0.692,0.04,0.366,0.848,0.866,0.8,0.853,-0.683,-0.64,0.651,-0.078,0.846,0.85,-0.466,0.737,0.745,0.403,0.83,-0.042,0.855,0.572,0.715,0.56,0.605,0.798,0.763,0.682,0.874,-0.466,0.677,-0.131,0.589,0.513,0.737,0.541,-0.681,0.569,-0.439,0.052,0.257,0.773,0.748,0.31,0.738,-0.255,0.791,0.849,0.518,0.251,-0.2,0.694,0.353,-0.609,0.23,0.606,0.533,0.158,0.736,0.825,0.75,0.709,0.723,0.821,0.789,0.678,0.769,0.71,0.695,0.838,0.837,0.819,0.757,0.848,0.303,0.089,0.507,0.757,0.534,0.787,-0.243,0.577,0.43,-0.524,0.642,0.69,0.081,0.773,0.144
CDW,0.741,0.146,0.659,0.865,0.202,0.838,0.877,0.778,0.635,0.782,-0.142,0.791,0.913,-0.074,0.622,0.699,0.484,0.737,-0.511,0.576,0.757,0.757,0.806,0.785,0.875,-0.259,0.882,-0.282,0.856,0.0,0.809,0.265,0.741,0.403,0.792,0.768,0.651,-0.213,0.865,0.773,0.799,0.668,-0.162,0.78,0.15,-0.253,0.795,0.821,0.521,0.849,0.057,0.84,0.815,0.897,0.79,0.767,0.779,0.605,0.86,0.387,0.628,-0.185,-0.039,0.83,-0.674,0.743,0.901,-0.228,0.728,0.575,-0.73,0.236,0.738,0.781,0.065,-0.704,0.82,0.559,0.059,0.916,0.338,0.866,-0.346,0.833,-0.044,-0.445,0.14,0.841,0.582,-0.082,0.034,-0.058,-0.076,0.661,0.865,-0.077,0.608,-0.546,-0.572,-0.797,0.773,0.083,0.811,0.487,0.405,-0.812,0.728,0.713,0.434,0.689,0.737,0.881,0.797,0.182,0.23,0.912,0.865,0.764,0.878,-0.707,-0.717,0.643,-0.239,0.867,0.832,-0.578,0.845,0.707,0.481,0.87,0.02,0.93,0.669,0.716,0.417,0.718,0.82,0.88,0.751,0.869,-0.501,0.802,-0.227,0.532,0.68,0.67,0.675,-0.757,0.652,-0.275,-0.007,0.299,0.836,0.842,0.465,0.828,-0.236,0.821,0.916,0.548,0.252,-0.117,0.713,0.517,-0.657,0.205,0.742,0.37,0.216,0.763,0.874,0.761,0.785,0.803,0.872,0.873,0.803,0.847,0.851,0.687,0.862,0.852,0.893,0.841,0.856,0.424,-0.051,0.656,0.84,0.498,0.788,-0.201,0.655,0.465,-0.552,0.747,0.766,0.192,0.88,0.086
CDXS,0.732,-0.195,0.771,0.78,0.586,0.908,0.843,0.766,0.871,0.814,-0.424,0.957,0.885,-0.02,0.507,0.908,0.454,0.939,-0.708,0.251,0.896,0.944,0.948,0.88,0.933,-0.23,0.912,-0.203,0.745,0.809,0.0,-0.073,0.953,0.469,0.792,0.819,0.846,-0.357,0.963,0.927,0.927,0.804,0.222,0.923,-0.162,-0.378,0.939,0.839,0.594,0.933,-0.107,0.895,0.862,0.884,0.759,0.744,0.807,0.613,0.953,0.183,0.804,-0.008,-0.07,0.986,-0.855,0.51,0.887,-0.155,0.735,0.873,-0.752,0.077,0.775,0.957,0.19,-0.643,0.823,0.722,0.124,0.919,0.207,0.848,-0.049,0.931,-0.388,-0.321,-0.147,0.941,0.746,-0.274,-0.257,-0.353,-0.064,0.911,0.847,-0.192,0.726,-0.381,-0.841,-0.823,0.677,0.387,0.758,0.777,0.475,-0.801,0.948,0.71,0.723,0.464,0.86,0.784,0.924,0.439,-0.072,0.912,0.846,0.63,0.78,-0.63,-0.888,0.703,-0.563,0.801,0.718,-0.748,0.935,0.606,0.824,0.871,0.227,0.928,0.586,0.56,0.063,0.915,0.795,0.91,0.871,0.907,-0.747,0.955,-0.449,0.315,0.683,0.616,0.9,-0.876,0.898,-0.07,-0.145,0.076,0.896,0.959,0.78,0.905,-0.089,0.681,0.858,0.494,0.255,0.075,0.749,0.84,-0.683,0.009,0.942,0.192,0.155,0.796,0.859,0.763,0.937,0.872,0.94,0.973,0.935,0.935,0.925,0.677,0.739,0.886,0.781,0.946,0.753,0.722,-0.371,0.678,0.867,0.149,0.714,-0.088,0.799,0.303,-0.557,0.946,0.917,0.098,0.934,-0.091
