,ABEO,ACHC,AGNCN,AKAM,AKRO,ALRM,AMAT,AMED,AMRN,ANGI,APA,APOG,APPS,ARCB,ARCC,ARVN,ATEC,ATXS,AVAV,AXON,BANF,BATRK,BIDU,BLNE,BLNK,BTAI,BYND,CAN,CCEC,CDW,CDXS,CELH,CGNX,CHKP,CHRS,CHRW,CIGI,CKPT,CMPR,COGT,CRNC,CRSP,CSTL,CTSH,CVGW,DGLY,DNLI,DOCU,DVAX,EBAY,EHTH,ERII,ESLT,EXPE,EXPO,FBIOP,FFBC,FFIN,FOXF,FWRD,GDS,GERN,GPRE,GRWG,GRYP,HEES,HELE,HIVE,HON,HRTX,HSTM,HURA,IART,IBKR,IBOC,IBRX,IDXX,INGN,INM,INVA,IQ,IRBT,KDP,KPTI,KTOS,KXIN,LAMR,LFUS,LGIH,LGMK,LKFN,LNW,LOPE,LPSN,LYFT,MGNX,MLCO,MNST,MODV,MSTR,MTCH,MYGN,MYRG,NCMI,NEXT,NFLX,NIU,NKTR,NRC,NTNX,NTRA,NVEE,NVMI,NWL,NWS,NXPI,OCGN,OCSL,OKTA,OLLI,OTLK,OXLC,PAA,PARA,PARAA,PDCO,PDFS,PFG,PGEN,PNFP,PODD,POWI,PSMT,PTC,PTEN,PVLA,RDNT,RDUS,RDWR,REGN,RNAC,ROCK,ROST,RRR,RSLS,RVMD,RYAAY,SAFT,SAGE,SAVA,SBGI,SFM,SFNC,SHYF,SIBN,SIFY,SIGI,SIMO,SITM,SLM,SNBR,SNDX,SNY,SPNS,SRRK,STRA,SUPN,SYRE,TCBK,TEAM,TECH,THRM,TLRY,TRMK,TROW,TSLA,TWST,TXN,UFPI,UNIT,UPWK,USLM,UTHR,VERB,VLY,VRNA,VRRM,VXRT,WAFD,WATT,WBA,WING,WIX,WTFC,WTW,XPEL,XRX,YMAB,ZG,ZLAB
ABEO,0.0,0.149,-0.295,0.808,-0.233,0.425,0.569,0.831,-0.294,0.115,-0.526,0.656,0.81,0.604,0.128,0.771,-0.435,-0.447,0.269,0.299,0.591,0.648,0.567,0.636,0.636,-0.61,0.691,0.726,0.358,0.637,0.767,0.515,0.626,0.702,0.381,0.386,0.675,0.321,0.704,0.625,0.083,0.653,0.45,0.835,0.645,0.404,0.732,-0.344,0.467,0.893,-0.342,0.487,0.406,0.833,0.447,0.373,0.663,0.731,0.72,0.404,0.168,0.48,0.387,0.725,0.466,-0.138,-0.018,0.575,0.012,0.249,0.298,0.544,0.387,0.495,0.598,0.323,0.672,0.758,0.829,0.388,-0.109,0.742,0.573,0.881,0.069,0.256,0.167,0.855,0.313,0.73,0.363,0.549,-0.098,0.747,0.555,0.586,0.006,-0.155,0.446,0.576,0.783,0.68,0.618,0.598,0.082,0.784,0.418,0.714,0.463,0.467,-0.636,0.483,0.592,0.511,0.47,0.575,0.566,-0.105,0.034,0.68,0.243,0.237,0.512,0.728,0.673,0.721,0.479,0.642,0.752,0.493,0.381,0.609,0.618,0.222,-0.314,0.466,0.54,0.62,0.826,0.662,0.822,0.781,0.532,0.763,0.408,0.55,0.29,-0.165,0.506,0.334,0.842,0.079,0.011,0.228,0.581,0.899,0.047,0.573,0.373,0.539,0.806,-0.322,-0.327,0.232,0.255,-0.512,-0.35,0.635,0.457,0.181,0.207,0.84,0.762,0.394,0.689,0.571,0.781,0.737,0.574,0.67,0.741,0.705,0.366,0.708,0.197,-0.448,0.881,0.78,-0.343,0.749,0.369,0.28,0.594,0.664,0.592,0.774,0.785,0.085,0.619,0.626
ACHC,0.149,0.0,-0.574,0.339,-0.486,0.493,0.661,0.279,0.394,-0.415,0.127,0.388,0.38,0.629,-0.119,0.533,-0.489,-0.584,0.472,0.663,0.23,0.09,-0.231,0.535,0.687,-0.457,0.503,0.593,0.712,0.549,0.535,0.568,0.5,0.575,-0.172,0.607,-0.194,-0.344,-0.028,0.423,-0.398,0.577,0.58,0.067,0.515,0.421,0.505,0.089,0.63,0.244,0.018,0.615,0.224,0.315,0.45,0.719,-0.085,0.168,0.56,0.395,-0.411,-0.192,0.547,0.514,0.634,-0.192,-0.684,0.65,0.114,0.394,0.32,0.233,0.231,-0.18,0.024,0.767,0.382,0.439,-0.003,-0.231,-0.633,-0.038,0.423,0.143,-0.519,0.647,0.467,0.292,0.657,0.398,0.128,0.651,-0.332,0.505,0.302,0.147,-0.222,-0.242,0.355,0.645,0.417,0.439,-0.316,0.658,-0.375,0.227,-0.069,0.595,-0.087,0.712,0.101,0.455,0.633,-0.017,-0.106,0.61,0.692,-0.508,0.161,0.567,-0.563,-0.457,0.214,0.385,0.319,0.208,0.648,0.426,0.57,-0.058,0.637,0.396,0.398,0.749,0.245,-0.151,0.694,0.535,-0.072,0.416,0.503,0.252,-0.069,0.46,-0.228,0.319,0.175,-0.205,0.723,0.761,0.272,0.606,-0.721,-0.522,-0.211,0.079,-0.281,0.391,0.61,0.096,0.343,-0.08,-0.402,0.2,-0.332,0.049,-0.276,-0.167,-0.201,0.725,0.364,0.403,0.53,-0.466,0.385,0.577,0.533,0.52,0.362,0.439,0.379,0.403,0.23,-0.347,-0.033,-0.64,0.284,0.522,-0.091,0.477,0.607,0.705,0.672,-0.226,-0.063,0.369,0.335,0.38,0.67,0.021
AGNCN,-0.295,-0.574,0.0,-0.63,0.56,-0.354,-0.714,-0.476,0.187,0.669,0.078,-0.532,-0.473,-0.834,0.202,-0.656,0.886,0.843,-0.203,-0.508,-0.63,-0.218,0.237,-0.562,-0.725,0.831,-0.728,-0.739,-0.801,-0.64,-0.712,-0.795,-0.431,-0.713,0.499,-0.858,0.131,0.635,-0.192,-0.363,0.655,-0.729,-0.252,-0.335,-0.676,-0.78,-0.525,0.415,-0.69,-0.396,0.505,-0.785,-0.381,-0.493,-0.64,-0.859,-0.274,-0.503,-0.778,-0.698,0.636,0.358,-0.22,-0.823,-0.83,0.47,0.697,-0.71,-0.208,-0.182,-0.525,-0.653,-0.019,-0.306,-0.541,-0.804,-0.427,-0.453,-0.073,0.008,0.869,-0.415,-0.809,-0.52,0.823,-0.76,-0.245,-0.596,-0.403,-0.753,-0.471,-0.724,0.555,-0.609,-0.06,-0.017,0.505,0.391,-0.216,-0.809,-0.486,-0.777,0.129,-0.83,0.352,-0.398,0.197,-0.762,-0.06,-0.781,0.239,-0.813,-0.483,0.105,0.153,-0.691,-0.583,0.772,0.297,-0.647,0.324,0.587,-0.286,-0.436,-0.302,-0.496,-0.744,-0.715,-0.479,-0.382,-0.749,-0.556,-0.749,-0.501,0.192,0.315,-0.783,-0.771,-0.084,-0.591,-0.594,-0.567,0.135,-0.541,0.305,-0.302,0.057,-0.031,-0.672,-0.758,-0.52,-0.814,0.613,0.601,0.302,-0.378,0.092,-0.518,-0.442,-0.186,-0.588,0.654,0.768,0.102,0.709,0.131,0.661,0.283,-0.155,-0.58,-0.013,-0.625,-0.779,0.032,-0.687,-0.872,-0.449,-0.683,-0.336,-0.467,-0.368,-0.693,-0.509,0.364,-0.256,0.895,-0.47,-0.478,-0.01,-0.719,-0.847,-0.866,-0.658,-0.186,0.047,-0.653,-0.389,0.123,-0.557,-0.065
AKAM,0.808,0.339,-0.63,0.0,-0.405,0.636,0.831,0.896,-0.39,-0.108,-0.328,0.855,0.912,0.886,0.214,0.898,-0.684,-0.711,0.383,0.537,0.799,0.544,0.354,0.738,0.77,-0.839,0.845,0.859,0.555,0.894,0.877,0.84,0.767,0.92,0.027,0.753,0.586,0.006,0.688,0.592,-0.159,0.809,0.417,0.897,0.773,0.671,0.81,-0.317,0.652,0.915,-0.552,0.806,0.519,0.924,0.757,0.68,0.724,0.881,0.911,0.69,-0.113,0.253,0.426,0.891,0.737,-0.071,-0.253,0.76,0.321,0.159,0.633,0.722,0.431,0.539,0.715,0.63,0.838,0.802,0.624,0.378,-0.468,0.734,0.859,0.833,-0.223,0.538,0.427,0.961,0.449,0.832,0.627,0.832,-0.404,0.918,0.535,0.471,-0.135,-0.08,0.6,0.806,0.908,0.821,0.536,0.792,-0.05,0.834,0.264,0.836,0.358,0.727,-0.5,0.727,0.746,0.476,0.411,0.845,0.69,-0.326,0.047,0.83,0.093,-0.007,0.592,0.839,0.751,0.896,0.764,0.91,0.771,0.67,0.688,0.885,0.841,0.541,-0.2,0.159,0.749,0.895,0.701,0.782,0.869,0.928,0.562,0.875,0.238,0.468,0.158,-0.028,0.679,0.639,0.88,0.451,-0.185,-0.012,0.396,0.795,0.112,0.777,0.634,0.702,0.96,-0.484,-0.495,0.294,-0.074,-0.396,-0.555,0.289,0.551,0.481,0.323,0.931,0.899,0.35,0.945,0.787,0.83,0.947,0.791,0.739,0.793,0.816,0.491,0.369,0.482,-0.721,0.895,0.772,-0.061,0.87,0.75,0.669,0.79,0.626,0.534,0.891,0.854,0.036,0.738,0.473
AKRO,-0.233,-0.486,0.56,-0.405,0.0,-0.194,-0.648,-0.192,-0.108,0.461,0.452,-0.24,-0.291,-0.534,0.404,-0.515,0.705,0.697,0.158,-0.571,-0.305,0.192,0.037,-0.636,-0.718,0.563,-0.609,-0.601,-0.553,-0.382,-0.641,-0.456,-0.296,-0.553,0.003,-0.453,0.201,0.285,0.188,-0.139,0.187,-0.667,-0.287,-0.103,-0.715,-0.496,-0.315,0.258,-0.592,-0.365,0.071,-0.51,-0.654,-0.344,-0.121,-0.699,-0.143,-0.01,-0.548,-0.082,0.319,0.045,-0.032,-0.586,-0.707,0.494,0.765,-0.776,0.272,-0.387,0.035,-0.47,0.108,0.024,-0.179,-0.568,-0.267,-0.607,-0.171,0.337,0.589,-0.28,-0.519,-0.393,0.573,-0.746,0.112,-0.362,-0.577,-0.379,-0.082,-0.491,0.148,-0.568,-0.1,0.232,0.247,0.395,-0.371,-0.695,-0.326,-0.677,0.312,-0.741,0.677,-0.322,0.049,-0.673,-0.348,-0.685,0.047,-0.429,-0.484,0.038,0.278,-0.471,-0.527,0.605,0.254,-0.419,0.565,0.419,0.119,-0.391,-0.348,-0.108,-0.557,-0.416,-0.525,0.007,-0.355,-0.332,-0.344,-0.406,0.207,-0.102,-0.594,-0.519,-0.178,-0.496,-0.463,-0.29,-0.006,-0.613,0.22,-0.029,-0.425,0.262,-0.535,-0.672,-0.373,-0.373,0.656,0.453,0.296,-0.386,0.161,-0.233,-0.196,0.109,-0.393,0.498,0.642,0.116,0.39,0.296,0.08,0.011,0.336,-0.469,0.178,-0.463,-0.603,0.29,-0.357,-0.65,-0.461,-0.539,-0.227,-0.284,-0.43,-0.519,-0.003,0.245,0.07,0.703,-0.382,-0.42,0.374,-0.649,-0.555,-0.523,-0.588,0.032,0.201,-0.375,-0.271,-0.079,-0.625,-0.248
ALRM,0.425,0.493,-0.354,0.636,-0.194,0.0,0.752,0.579,0.072,0.058,-0.028,0.685,0.799,0.681,0.396,0.665,-0.264,-0.414,0.621,0.542,0.356,0.216,0.196,0.593,0.575,-0.507,0.559,0.632,0.409,0.824,0.623,0.636,0.753,0.727,0.182,0.574,0.4,0.05,0.362,0.674,-0.051,0.573,0.557,0.487,0.495,0.323,0.658,0.407,0.58,0.628,-0.115,0.615,0.223,0.662,0.71,0.599,0.292,0.579,0.605,0.448,0.004,0.205,0.537,0.468,0.639,0.211,-0.286,0.606,0.357,0.314,0.527,0.457,0.631,-0.066,0.138,0.674,0.746,0.591,0.308,0.269,-0.291,0.08,0.497,0.276,-0.114,0.486,0.775,0.543,0.644,0.376,0.449,0.751,-0.577,0.752,0.765,0.658,0.09,-0.088,0.717,0.617,0.779,0.345,0.271,0.535,-0.242,0.666,0.491,0.536,0.016,0.686,-0.026,0.314,0.839,0.526,0.288,0.845,0.758,-0.129,0.62,0.66,-0.239,-0.047,0.276,0.79,0.787,0.593,0.651,0.564,0.687,0.274,0.66,0.811,0.431,0.838,0.177,0.086,0.563,0.54,0.318,0.432,0.673,0.515,0.425,0.623,0.262,0.506,0.182,-0.231,0.644,0.713,0.55,0.363,-0.308,-0.027,0.449,0.32,-0.137,0.788,0.9,0.574,0.651,0.131,-0.238,0.717,0.163,-0.191,-0.318,0.008,0.244,0.769,0.754,0.54,0.515,-0.127,0.622,0.498,0.703,0.736,0.803,0.523,0.74,0.448,0.407,0.256,0.431,-0.486,0.518,0.649,0.069,0.541,0.584,0.617,0.794,0.047,0.369,0.415,0.681,0.486,0.671,0.266
AMAT,0.569,0.661,-0.714,0.831,-0.648,0.752,0.0,0.678,-0.042,-0.375,-0.24,0.765,0.819,0.915,0.039,0.883,-0.763,-0.847,0.384,0.795,0.63,0.215,0.086,0.825,0.917,-0.856,0.883,0.911,0.768,0.884,0.915,0.873,0.745,0.923,-0.034,0.822,0.207,-0.247,0.318,0.553,-0.285,0.864,0.607,0.551,0.802,0.689,0.738,-0.101,0.841,0.75,-0.23,0.861,0.56,0.76,0.698,0.901,0.42,0.61,0.906,0.557,-0.303,0.026,0.427,0.846,0.899,-0.226,-0.664,0.914,0.221,0.421,0.535,0.707,0.331,0.165,0.447,0.881,0.756,0.783,0.4,0.094,-0.684,0.421,0.814,0.632,-0.471,0.788,0.471,0.764,0.708,0.698,0.498,0.895,-0.522,0.944,0.537,0.376,-0.194,-0.281,0.669,0.922,0.819,0.792,0.094,0.909,-0.426,0.713,0.23,0.914,0.257,0.94,-0.203,0.701,0.896,0.275,0.039,0.953,0.861,-0.57,0.106,0.799,-0.401,-0.355,0.309,0.783,0.703,0.623,0.919,0.804,0.841,0.39,0.838,0.85,0.706,0.784,-0.069,0.056,0.863,0.856,0.419,0.773,0.848,0.709,0.295,0.843,0.012,0.472,0.255,-0.21,0.808,0.93,0.697,0.636,-0.587,-0.361,0.152,0.56,-0.112,0.788,0.787,0.452,0.805,-0.398,-0.636,0.3,-0.239,-0.35,-0.478,0.013,0.153,0.812,0.341,0.834,0.864,-0.078,0.819,0.886,0.831,0.939,0.724,0.565,0.745,0.817,0.414,0.045,0.344,-0.859,0.724,0.795,-0.087,0.853,0.856,0.859,0.963,0.235,0.181,0.738,0.715,0.274,0.835,0.335
AMED,0.831,0.279,-0.476,0.896,-0.192,0.579,0.678,0.0,-0.362,0.076,-0.388,0.743,0.903,0.761,0.278,0.851,-0.512,-0.546,0.371,0.396,0.649,0.67,0.5,0.611,0.656,-0.702,0.736,0.769,0.456,0.808,0.784,0.686,0.768,0.808,0.149,0.575,0.645,0.182,0.678,0.618,-0.044,0.679,0.474,0.868,0.678,0.499,0.798,-0.214,0.51,0.876,-0.427,0.634,0.372,0.862,0.691,0.492,0.637,0.845,0.823,0.633,0.098,0.425,0.427,0.791,0.546,-0.051,-0.043,0.623,0.233,0.235,0.577,0.606,0.513,0.477,0.585,0.506,0.793,0.736,0.689,0.435,-0.267,0.654,0.681,0.798,-0.064,0.317,0.451,0.911,0.369,0.812,0.437,0.746,-0.329,0.805,0.607,0.636,0.01,-0.039,0.549,0.665,0.882,0.693,0.591,0.669,0.035,0.797,0.372,0.734,0.307,0.595,-0.543,0.602,0.688,0.569,0.534,0.74,0.654,-0.156,0.17,0.787,0.213,0.176,0.566,0.778,0.691,0.865,0.571,0.753,0.746,0.568,0.555,0.758,0.75,0.424,-0.287,0.288,0.645,0.783,0.729,0.674,0.857,0.85,0.546,0.759,0.381,0.59,0.108,-0.113,0.586,0.47,0.813,0.265,-0.09,0.116,0.52,0.804,-0.001,0.745,0.6,0.649,0.911,-0.356,-0.353,0.413,0.099,-0.382,-0.522,0.383,0.535,0.387,0.385,0.839,0.799,0.326,0.824,0.648,0.801,0.836,0.719,0.773,0.767,0.67,0.503,0.501,0.322,-0.591,0.86,0.821,-0.142,0.755,0.566,0.514,0.672,0.579,0.594,0.84,0.859,0.123,0.689,0.489
AMRN,-0.294,0.394,0.187,-0.39,-0.108,0.072,-0.042,-0.362,0.0,-0.059,0.206,-0.237,-0.217,-0.179,-0.099,-0.162,0.256,0.245,0.054,0.278,-0.454,-0.22,-0.11,0.039,0.029,0.371,-0.128,-0.041,0.041,-0.123,-0.152,-0.17,-0.004,-0.125,0.229,-0.162,-0.322,-0.012,-0.344,-0.044,0.185,0.036,0.406,-0.462,-0.207,-0.097,0.043,0.394,0.168,-0.298,0.567,-0.107,0.05,-0.263,-0.127,0.055,-0.379,-0.474,-0.196,-0.363,0.059,-0.092,0.119,-0.26,-0.057,0.079,-0.245,0.075,-0.179,0.462,-0.315,-0.306,0.157,-0.482,-0.491,0.081,-0.044,0.014,-0.306,-0.198,0.087,-0.493,-0.273,-0.436,-0.039,0.186,0.091,-0.388,0.315,-0.361,-0.296,-0.085,0.293,-0.135,0.018,-0.179,0.15,0.011,0.053,-0.015,-0.186,-0.202,-0.357,-0.056,-0.211,-0.12,0.098,-0.109,-0.068,-0.043,0.499,-0.288,0.118,-0.096,-0.094,-0.102,0.094,0.054,0.247,-0.204,-0.489,-0.159,-0.306,-0.093,-0.025,-0.403,-0.024,-0.266,0.021,-0.455,-0.024,-0.18,-0.288,0.246,0.463,-0.086,0.02,-0.209,-0.271,-0.048,-0.173,-0.317,-0.17,-0.119,-0.243,-0.012,0.371,-0.102,0.185,0.132,-0.273,-0.006,-0.216,-0.054,-0.265,-0.361,-0.111,-0.293,0.098,-0.28,-0.379,0.445,0.217,0.181,0.101,0.454,0.563,-0.138,-0.521,0.123,0.211,-0.27,-0.224,-0.52,-0.315,-0.209,0.017,-0.188,-0.103,-0.14,-0.064,-0.217,-0.146,-0.261,-0.297,0.179,-0.316,-0.006,-0.06,-0.198,-0.168,-0.065,0.065,-0.486,-0.197,-0.339,-0.13,0.426,0.125,-0.005
ANGI,0.115,-0.415,0.669,-0.108,0.461,0.058,-0.375,0.076,-0.059,0.0,-0.156,-0.178,0.06,-0.369,0.555,-0.158,0.708,0.636,0.095,-0.405,-0.43,0.244,0.676,-0.222,-0.422,0.5,-0.393,-0.333,-0.68,-0.122,-0.283,-0.461,0.145,-0.22,0.68,-0.559,0.553,0.892,0.229,0.169,0.773,-0.335,-0.074,0.189,-0.23,-0.651,-0.067,0.496,-0.586,0.134,0.156,-0.499,-0.232,0.111,-0.243,-0.587,0.08,-0.054,-0.36,-0.345,0.849,0.701,0.183,-0.425,-0.47,0.575,0.768,-0.314,-0.189,-0.19,-0.296,-0.341,0.473,-0.181,-0.386,-0.539,0.068,0.059,0.235,0.173,0.844,-0.172,-0.504,-0.222,0.833,-0.585,0.167,-0.08,-0.032,-0.334,-0.318,-0.22,0.294,-0.177,0.459,0.318,0.753,0.291,0.161,-0.446,0.095,-0.479,0.532,-0.459,0.372,0.069,0.522,-0.445,-0.026,-0.461,-0.122,-0.641,-0.062,0.704,0.675,-0.273,-0.159,0.879,0.598,-0.06,0.584,0.879,0.116,0.15,0.258,0.053,-0.559,-0.338,-0.035,-0.178,-0.561,-0.101,-0.394,-0.167,0.144,0.591,-0.526,-0.37,0.223,-0.426,-0.097,-0.144,0.58,-0.001,0.621,-0.117,0.257,-0.221,-0.338,-0.497,0.016,-0.795,0.521,0.828,0.653,0.109,-0.093,-0.062,-0.056,0.144,0.016,0.596,0.497,0.544,0.844,-0.019,0.407,0.59,0.108,-0.313,0.41,-0.216,-0.355,0.085,-0.255,-0.612,0.047,-0.193,0.185,0.18,0.246,-0.475,-0.246,0.669,-0.115,0.557,-0.047,-0.026,-0.233,-0.288,-0.601,-0.615,-0.334,-0.041,0.506,-0.241,0.203,0.181,-0.06,0.389
APA,-0.526,0.127,0.078,-0.328,0.452,-0.028,-0.24,-0.388,0.206,-0.156,0.0,-0.023,-0.376,-0.145,0.149,-0.417,0.276,0.266,0.31,-0.034,-0.048,-0.131,-0.536,-0.369,-0.351,0.309,-0.365,-0.361,-0.009,-0.142,-0.492,-0.04,-0.238,-0.279,-0.561,0.083,-0.179,-0.338,0.024,-0.284,-0.337,-0.338,-0.148,-0.263,-0.53,-0.039,-0.213,0.158,-0.124,-0.519,-0.054,0.035,-0.341,-0.396,0.128,-0.137,-0.214,-0.072,-0.29,0.202,-0.383,-0.541,0.195,-0.342,-0.233,0.464,0.083,-0.422,0.644,-0.3,0.328,-0.388,0.009,-0.038,-0.074,-0.018,-0.186,-0.524,-0.586,0.027,-0.097,-0.371,-0.134,-0.514,-0.036,-0.136,0.301,-0.379,-0.256,-0.298,0.218,-0.148,-0.037,-0.4,-0.35,-0.151,-0.243,0.373,-0.257,-0.285,-0.308,-0.398,-0.137,-0.367,0.428,-0.39,-0.402,-0.402,-0.471,-0.272,0.423,-0.002,-0.246,-0.386,-0.057,-0.193,-0.308,0.021,0.037,-0.372,0.056,-0.208,0.308,-0.4,-0.387,-0.136,-0.014,-0.071,-0.459,0.072,0.136,-0.145,-0.052,0.138,0.645,-0.619,-0.165,-0.185,-0.482,-0.243,-0.46,-0.223,-0.202,-0.481,-0.379,-0.226,-0.461,0.514,-0.126,-0.109,-0.46,0.335,0.159,-0.149,-0.366,-0.692,0.272,-0.247,0.062,0.143,-0.424,0.301,0.392,-0.001,-0.236,0.533,-0.046,-0.444,0.2,-0.052,0.192,-0.358,-0.369,0.035,-0.119,-0.279,-0.388,-0.323,-0.095,-0.281,-0.512,-0.223,0.032,-0.454,0.288,0.284,-0.441,-0.463,0.704,-0.451,0.01,0.067,-0.256,-0.155,-0.077,-0.267,-0.385,-0.11,-0.357,-0.567
APOG,0.656,0.388,-0.532,0.855,-0.24,0.685,0.765,0.743,-0.237,-0.178,-0.023,0.0,0.801,0.785,0.318,0.712,-0.547,-0.564,0.53,0.593,0.777,0.511,0.242,0.616,0.655,-0.706,0.714,0.741,0.518,0.87,0.703,0.827,0.73,0.812,-0.06,0.716,0.531,-0.073,0.713,0.507,-0.188,0.726,0.395,0.79,0.546,0.648,0.767,-0.192,0.669,0.767,-0.515,0.827,0.43,0.798,0.827,0.632,0.693,0.874,0.79,0.676,-0.148,0.115,0.477,0.752,0.665,0.075,-0.232,0.633,0.543,0.159,0.711,0.657,0.502,0.525,0.688,0.596,0.845,0.624,0.446,0.546,-0.436,0.602,0.83,0.669,-0.228,0.535,0.527,0.841,0.344,0.65,0.747,0.753,-0.399,0.811,0.436,0.414,-0.177,0.001,0.542,0.736,0.8,0.68,0.518,0.657,0.088,0.798,0.328,0.703,0.312,0.645,-0.378,0.689,0.739,0.393,0.359,0.808,0.553,-0.308,0.125,0.698,0.039,-0.088,0.575,0.745,0.676,0.859,0.777,0.885,0.613,0.71,0.751,0.894,0.831,0.588,-0.045,-0.09,0.701,0.779,0.602,0.746,0.709,0.847,0.483,0.693,0.133,0.461,0.077,0.197,0.66,0.614,0.723,0.543,-0.08,0.025,0.305,0.555,0.321,0.727,0.682,0.771,0.774,-0.345,-0.286,0.359,-0.053,-0.206,-0.491,0.131,0.613,0.458,0.438,0.829,0.75,0.374,0.91,0.675,0.706,0.843,0.797,0.566,0.616,0.747,0.463,0.295,0.607,-0.552,0.752,0.621,0.257,0.702,0.714,0.66,0.764,0.58,0.562,0.719,0.732,-0.001,0.606,0.321
APPS,0.81,0.38,-0.473,0.912,-0.291,0.799,0.819,0.903,-0.217,0.06,-0.376,0.801,0.0,0.812,0.331,0.909,-0.499,-0.59,0.464,0.52,0.587,0.522,0.454,0.709,0.728,-0.731,0.783,0.842,0.47,0.894,0.863,0.739,0.84,0.873,0.26,0.633,0.605,0.154,0.62,0.714,-0.001,0.748,0.578,0.811,0.719,0.493,0.825,-0.018,0.619,0.929,-0.318,0.674,0.38,0.911,0.721,0.615,0.592,0.815,0.838,0.562,0.083,0.386,0.496,0.765,0.671,-0.01,-0.191,0.738,0.226,0.302,0.553,0.661,0.595,0.297,0.477,0.623,0.875,0.813,0.652,0.395,-0.307,0.52,0.694,0.717,-0.069,0.458,0.576,0.88,0.562,0.71,0.476,0.819,-0.448,0.923,0.763,0.691,0.066,-0.139,0.684,0.747,0.955,0.659,0.53,0.718,-0.132,0.857,0.501,0.779,0.271,0.723,-0.431,0.53,0.84,0.627,0.447,0.884,0.787,-0.173,0.333,0.845,0.015,0.092,0.457,0.904,0.848,0.834,0.691,0.754,0.856,0.501,0.651,0.88,0.668,0.629,-0.138,0.296,0.695,0.773,0.676,0.68,0.906,0.819,0.58,0.841,0.365,0.613,0.245,-0.256,0.672,0.65,0.832,0.31,-0.214,0.068,0.595,0.759,-0.081,0.865,0.775,0.658,0.93,-0.235,-0.42,0.531,0.157,-0.41,-0.482,0.309,0.428,0.597,0.536,0.851,0.789,0.165,0.828,0.691,0.894,0.917,0.825,0.708,0.888,0.701,0.463,0.496,0.378,-0.628,0.834,0.873,-0.147,0.784,0.626,0.595,0.836,0.441,0.549,0.764,0.894,0.298,0.771,0.53
ARCB,0.604,0.629,-0.834,0.886,-0.534,0.681,0.915,0.761,-0.179,-0.369,-0.145,0.785,0.812,0.0,0.06,0.898,-0.789,-0.834,0.463,0.656,0.723,0.399,0.073,0.78,0.878,-0.877,0.878,0.92,0.797,0.905,0.898,0.912,0.748,0.943,-0.191,0.922,0.261,-0.298,0.483,0.605,-0.418,0.883,0.517,0.654,0.809,0.737,0.794,-0.239,0.777,0.735,-0.494,0.896,0.467,0.801,0.795,0.885,0.479,0.737,0.95,0.772,-0.39,-0.021,0.511,0.921,0.892,-0.202,-0.557,0.856,0.308,0.269,0.651,0.689,0.379,0.334,0.578,0.882,0.758,0.742,0.367,0.153,-0.724,0.515,0.882,0.67,-0.537,0.75,0.527,0.834,0.623,0.844,0.566,0.932,-0.551,0.881,0.464,0.364,-0.284,-0.258,0.539,0.922,0.827,0.835,0.193,0.913,-0.27,0.705,0.103,0.895,0.139,0.882,-0.32,0.797,0.789,0.268,0.184,0.916,0.819,-0.576,0.032,0.841,-0.219,-0.309,0.51,0.772,0.663,0.751,0.872,0.887,0.787,0.511,0.841,0.833,0.836,0.735,-0.088,-0.05,0.864,0.905,0.393,0.745,0.847,0.793,0.274,0.813,-0.031,0.477,0.121,-0.086,0.836,0.855,0.77,0.702,-0.513,-0.351,0.099,0.594,-0.081,0.753,0.731,0.53,0.865,-0.471,-0.654,0.254,-0.342,-0.259,-0.637,0.037,0.33,0.712,0.351,0.839,0.921,0.047,0.892,0.908,0.8,0.938,0.704,0.713,0.721,0.807,0.56,0.005,0.389,-0.897,0.739,0.762,-0.048,0.873,0.891,0.902,0.875,0.338,0.284,0.836,0.732,0.128,0.814,0.305
ARCC,0.128,-0.119,0.202,0.214,0.404,0.396,0.039,0.278,-0.099,0.555,0.149,0.318,0.331,0.06,0.0,0.12,0.346,0.278,0.444,0.087,-0.05,0.377,0.453,-0.07,-0.194,0.114,-0.069,-0.015,-0.31,0.313,-0.024,0.073,0.416,0.117,0.258,0.008,0.535,0.393,0.486,0.354,0.477,-0.028,0.007,0.369,-0.195,-0.163,0.186,0.444,-0.22,0.3,-0.161,-0.012,-0.098,0.397,0.382,-0.182,0.329,0.35,-0.021,0.101,0.49,0.35,0.337,-0.103,-0.076,0.602,0.476,-0.038,0.315,-0.135,0.147,0.092,0.641,0.109,-0.021,-0.113,0.454,0.148,0.033,0.425,0.382,-0.08,-0.007,-0.065,0.463,-0.144,0.568,0.227,0.049,-0.1,0.231,0.161,-0.128,0.142,0.502,0.333,0.518,0.332,0.259,-0.063,0.335,-0.218,0.603,-0.165,0.42,0.354,0.551,-0.162,-0.103,-0.115,-0.181,-0.195,0.23,0.688,0.614,0.208,-0.015,0.606,0.548,0.262,0.472,0.495,0.287,0.397,0.456,0.442,-0.095,0.153,0.055,0.271,-0.014,0.386,0.046,0.193,0.327,0.061,-0.186,0.023,0.233,-0.102,0.064,0.2,0.582,0.183,0.29,0.059,0.237,0.017,0.001,-0.064,0.271,-0.194,0.389,0.579,0.544,0.13,0.18,0.329,0.352,0.551,0.277,0.272,0.279,0.541,0.436,0.285,0.074,0.133,0.391,0.083,0.616,0.077,-0.093,0.203,0.21,-0.213,0.184,0.18,0.53,0.268,0.339,-0.08,0.16,0.42,0.393,0.25,0.064,0.092,0.244,-0.083,-0.116,-0.042,0.044,0.143,0.607,0.004,0.415,0.075,0.052,0.333
ARVN,0.771,0.533,-0.656,0.898,-0.515,0.665,0.883,0.851,-0.162,-0.158,-0.417,0.712,0.909,0.898,0.12,0.0,-0.687,-0.767,0.396,0.603,0.58,0.448,0.323,0.796,0.861,-0.817,0.867,0.928,0.656,0.88,0.954,0.774,0.82,0.917,0.144,0.725,0.398,-0.024,0.479,0.712,-0.159,0.855,0.607,0.705,0.845,0.581,0.831,-0.163,0.691,0.88,-0.304,0.729,0.443,0.869,0.662,0.762,0.481,0.707,0.924,0.575,-0.1,0.256,0.504,0.881,0.774,-0.197,-0.424,0.867,0.064,0.356,0.457,0.653,0.45,0.241,0.463,0.748,0.783,0.856,0.591,0.147,-0.511,0.521,0.746,0.745,-0.291,0.602,0.472,0.876,0.656,0.816,0.378,0.89,-0.417,0.93,0.659,0.506,-0.063,-0.275,0.606,0.859,0.901,0.791,0.301,0.879,-0.293,0.76,0.301,0.905,0.24,0.844,-0.425,0.636,0.847,0.461,0.288,0.881,0.877,-0.373,0.142,0.87,-0.145,-0.078,0.437,0.85,0.76,0.723,0.747,0.778,0.904,0.385,0.701,0.786,0.705,0.647,-0.15,0.271,0.789,0.84,0.55,0.736,0.951,0.776,0.415,0.897,0.174,0.572,0.3,-0.336,0.797,0.766,0.817,0.426,-0.46,-0.165,0.347,0.778,-0.223,0.78,0.708,0.472,0.929,-0.38,-0.61,0.324,-0.07,-0.379,-0.529,0.256,0.228,0.66,0.387,0.874,0.897,0.01,0.808,0.828,0.899,0.938,0.713,0.739,0.857,0.761,0.436,0.282,0.205,-0.815,0.807,0.912,-0.316,0.876,0.709,0.719,0.859,0.35,0.38,0.839,0.848,0.28,0.871,0.515
ATEC,-0.435,-0.489,0.886,-0.684,0.705,-0.264,-0.763,-0.512,0.256,0.708,0.276,-0.547,-0.499,-0.789,0.346,-0.687,0.0,0.924,-0.015,-0.571,-0.73,-0.148,0.179,-0.651,-0.809,0.913,-0.812,-0.777,-0.804,-0.593,-0.781,-0.784,-0.37,-0.728,0.399,-0.79,0.066,0.553,-0.173,-0.247,0.604,-0.744,-0.254,-0.39,-0.755,-0.824,-0.487,0.588,-0.751,-0.493,0.441,-0.798,-0.551,-0.507,-0.524,-0.831,-0.362,-0.491,-0.817,-0.583,0.598,0.241,-0.063,-0.88,-0.812,0.587,0.728,-0.757,-0.126,-0.267,-0.462,-0.722,0.137,-0.397,-0.647,-0.735,-0.4,-0.531,-0.29,0.024,0.871,-0.589,-0.844,-0.708,0.757,-0.745,-0.017,-0.659,-0.333,-0.779,-0.461,-0.664,0.449,-0.693,-0.015,-0.008,0.549,0.374,-0.282,-0.836,-0.49,-0.891,0.111,-0.872,0.405,-0.441,0.206,-0.858,-0.305,-0.8,0.309,-0.872,-0.479,0.159,0.236,-0.672,-0.559,0.83,0.464,-0.607,0.335,0.59,-0.218,-0.42,-0.288,-0.47,-0.796,-0.728,-0.542,-0.416,-0.709,-0.543,-0.761,-0.377,0.364,0.158,-0.835,-0.809,-0.303,-0.734,-0.637,-0.621,0.082,-0.61,0.242,-0.299,0.003,-0.011,-0.604,-0.733,-0.561,-0.743,0.572,0.605,0.244,-0.505,-0.001,-0.505,-0.324,-0.173,-0.612,0.802,0.766,0.233,0.641,0.354,0.602,0.153,-0.134,-0.495,0.199,-0.725,-0.844,-0.079,-0.699,-0.929,-0.481,-0.713,-0.298,-0.396,-0.369,-0.82,-0.41,0.228,-0.222,0.905,-0.612,-0.528,0.082,-0.809,-0.851,-0.783,-0.694,-0.351,0.086,-0.709,-0.399,0.15,-0.561,-0.095
ATXS,-0.447,-0.584,0.843,-0.711,0.697,-0.414,-0.847,-0.546,0.245,0.636,0.266,-0.564,-0.59,-0.834,0.278,-0.767,0.924,0.0,-0.19,-0.597,-0.683,-0.066,0.215,-0.676,-0.846,0.92,-0.791,-0.796,-0.803,-0.66,-0.828,-0.783,-0.454,-0.767,0.312,-0.809,0.068,0.499,-0.131,-0.371,0.569,-0.725,-0.378,-0.395,-0.807,-0.714,-0.507,0.386,-0.748,-0.551,0.341,-0.787,-0.425,-0.532,-0.511,-0.85,-0.27,-0.496,-0.831,-0.595,0.585,0.211,-0.228,-0.853,-0.846,0.49,0.755,-0.784,-0.139,-0.246,-0.505,-0.634,0.067,-0.241,-0.525,-0.801,-0.437,-0.559,-0.324,0.122,0.868,-0.476,-0.793,-0.658,0.65,-0.719,-0.185,-0.642,-0.446,-0.768,-0.433,-0.739,0.539,-0.761,-0.204,-0.177,0.522,0.354,-0.342,-0.829,-0.574,-0.811,0.134,-0.875,0.463,-0.441,0.17,-0.874,-0.187,-0.884,0.25,-0.791,-0.611,0.089,0.251,-0.761,-0.697,0.775,0.257,-0.678,0.416,0.543,-0.228,-0.494,-0.368,-0.45,-0.849,-0.715,-0.64,-0.327,-0.746,-0.594,-0.685,-0.526,0.225,0.066,-0.826,-0.801,-0.251,-0.687,-0.73,-0.583,0.007,-0.648,0.16,-0.362,-0.013,0.157,-0.672,-0.812,-0.544,-0.712,0.665,0.634,0.11,-0.488,0.145,-0.599,-0.5,-0.212,-0.665,0.646,0.752,0.104,0.545,0.431,0.658,0.148,-0.094,-0.667,0.029,-0.73,-0.83,0.055,-0.691,-0.939,-0.587,-0.769,-0.388,-0.419,-0.47,-0.784,-0.336,0.191,-0.197,0.925,-0.612,-0.627,0.12,-0.78,-0.864,-0.834,-0.77,-0.233,0.102,-0.713,-0.424,-0.048,-0.637,-0.085
AVAV,0.269,0.472,-0.203,0.383,0.158,0.621,0.384,0.371,0.054,0.095,0.31,0.53,0.464,0.463,0.444,0.396,-0.015,-0.19,0.0,0.333,0.218,0.377,-0.008,0.285,0.298,-0.206,0.171,0.339,0.281,0.568,0.301,0.366,0.562,0.442,0.027,0.408,0.263,0.065,0.471,0.617,-0.139,0.29,0.436,0.376,0.175,0.084,0.49,0.356,0.265,0.362,-0.204,0.422,-0.112,0.426,0.535,0.303,0.118,0.518,0.354,0.48,-0.088,0.064,0.803,0.263,0.311,0.393,-0.054,0.248,0.426,-0.12,0.474,0.031,0.521,0.0,0.092,0.428,0.481,0.251,0.125,0.15,-0.175,-0.034,0.247,0.075,0.043,0.147,0.773,0.322,0.375,0.274,0.323,0.514,-0.311,0.372,0.562,0.477,-0.03,0.089,0.233,0.298,0.463,0.068,0.281,0.245,0.152,0.294,0.191,0.241,-0.239,0.354,-0.144,0.202,0.542,0.337,0.351,0.477,0.461,0.07,0.559,0.48,-0.039,0.079,0.463,0.488,0.46,0.438,0.382,0.396,0.416,0.154,0.449,0.472,0.319,0.612,0.415,-0.065,0.288,0.298,0.069,0.191,0.421,0.313,0.301,0.301,0.188,0.308,0.01,-0.049,0.512,0.377,0.334,0.245,-0.137,0.053,0.295,0.074,-0.073,0.424,0.643,0.587,0.391,0.33,0.086,0.456,0.187,0.084,-0.321,0.084,0.315,0.47,0.726,0.32,0.28,-0.072,0.396,0.225,0.456,0.399,0.524,0.44,0.406,0.175,0.226,0.138,0.279,-0.208,0.281,0.386,0.143,0.157,0.332,0.41,0.414,0.027,0.425,0.291,0.44,0.413,0.409,0.058
AXON,0.299,0.663,-0.508,0.537,-0.571,0.542,0.795,0.396,0.278,-0.405,-0.034,0.593,0.52,0.656,0.087,0.603,-0.571,-0.597,0.333,0.0,0.42,0.136,0.02,0.699,0.751,-0.54,0.697,0.7,0.7,0.673,0.64,0.699,0.598,0.697,-0.041,0.62,0.069,-0.24,0.192,0.263,-0.173,0.719,0.646,0.306,0.496,0.636,0.602,-0.05,0.792,0.478,-0.041,0.754,0.653,0.498,0.606,0.741,0.279,0.343,0.686,0.347,-0.222,0.003,0.267,0.61,0.654,-0.156,-0.617,0.763,0.24,0.527,0.353,0.514,0.25,0.107,0.293,0.726,0.636,0.6,0.206,0.096,-0.557,0.221,0.632,0.373,-0.433,0.735,0.336,0.505,0.628,0.411,0.375,0.656,-0.191,0.7,0.312,0.105,-0.121,-0.056,0.574,0.762,0.535,0.624,-0.032,0.716,-0.349,0.521,0.198,0.699,0.342,0.71,-0.051,0.589,0.747,0.12,0.002,0.721,0.609,-0.477,0.074,0.5,-0.455,-0.361,0.186,0.523,0.468,0.371,0.767,0.617,0.622,0.256,0.694,0.646,0.559,0.697,0.058,-0.075,0.748,0.669,0.336,0.721,0.537,0.511,0.202,0.617,-0.068,0.3,0.328,0.022,0.677,0.769,0.449,0.577,-0.476,-0.305,-0.06,0.274,0.079,0.493,0.603,0.396,0.488,-0.272,-0.317,0.208,-0.205,0.025,-0.104,-0.085,0.003,0.648,0.288,0.602,0.616,-0.119,0.61,0.633,0.636,0.676,0.563,0.362,0.496,0.618,0.276,-0.131,0.27,-0.601,0.508,0.571,0.061,0.589,0.684,0.697,0.796,0.147,0.115,0.494,0.522,0.296,0.684,0.179
BANF,0.591,0.23,-0.63,0.799,-0.305,0.356,0.63,0.649,-0.454,-0.43,-0.048,0.777,0.587,0.723,-0.05,0.58,-0.73,-0.683,0.218,0.42,0.0,0.391,-0.034,0.519,0.615,-0.79,0.715,0.649,0.578,0.636,0.616,0.819,0.374,0.692,-0.375,0.75,0.389,-0.327,0.6,0.223,-0.472,0.621,0.15,0.721,0.542,0.81,0.569,-0.628,0.661,0.58,-0.702,0.82,0.504,0.602,0.686,0.578,0.706,0.808,0.761,0.747,-0.46,-0.099,0.166,0.796,0.63,-0.204,-0.292,0.503,0.559,0.063,0.744,0.674,0.043,0.774,0.92,0.507,0.563,0.452,0.404,0.443,-0.619,0.822,0.894,0.78,-0.405,0.504,0.143,0.763,0.051,0.753,0.827,0.578,-0.372,0.651,0.012,0.223,-0.55,0.056,0.311,0.661,0.58,0.787,0.378,0.621,0.107,0.605,-0.109,0.681,0.382,0.535,-0.313,0.877,0.413,-0.002,0.132,0.622,0.346,-0.556,-0.344,0.533,0.105,-0.284,0.558,0.447,0.341,0.752,0.758,0.886,0.394,0.835,0.673,0.702,0.883,0.292,-0.264,-0.235,0.709,0.8,0.574,0.756,0.553,0.832,0.26,0.525,-0.043,0.328,-0.191,0.407,0.485,0.467,0.634,0.665,-0.022,-0.203,0.054,0.518,0.461,0.512,0.35,0.643,0.648,-0.668,-0.383,-0.048,-0.388,-0.302,-0.586,-0.001,0.697,0.217,-0.023,0.771,0.765,0.597,0.874,0.747,0.469,0.706,0.486,0.458,0.341,0.807,0.526,0.097,0.655,-0.612,0.737,0.41,0.32,0.718,0.783,0.635,0.589,0.76,0.319,0.756,0.462,-0.313,0.378,0.058
BATRK,0.648,0.09,-0.218,0.544,0.192,0.216,0.215,0.67,-0.22,0.244,-0.131,0.511,0.522,0.399,0.377,0.448,-0.148,-0.066,0.377,0.136,0.391,0.0,0.542,0.329,0.283,-0.271,0.387,0.434,0.18,0.455,0.387,0.389,0.526,0.444,0.135,0.267,0.61,0.276,0.8,0.481,0.125,0.423,0.293,0.708,0.232,0.274,0.621,-0.276,0.188,0.555,-0.402,0.336,0.181,0.646,0.52,0.146,0.569,0.658,0.454,0.481,0.233,0.348,0.428,0.48,0.178,0.104,0.292,0.246,0.164,0.074,0.319,0.356,0.53,0.559,0.512,0.128,0.596,0.443,0.43,0.567,0.092,0.555,0.387,0.531,0.089,0.043,0.274,0.653,0.124,0.554,0.303,0.387,0.078,0.352,0.336,0.366,0.181,0.046,0.21,0.309,0.566,0.403,0.673,0.299,0.451,0.572,0.37,0.36,0.231,0.111,-0.526,0.37,0.32,0.497,0.675,0.314,0.224,0.119,0.071,0.536,0.498,0.355,0.625,0.474,0.413,0.688,0.182,0.503,0.372,0.513,0.267,0.443,0.582,0.099,-0.181,0.151,0.311,0.45,0.579,0.408,0.462,0.638,0.462,0.429,0.281,0.436,0.083,0.181,0.331,0.023,0.623,0.076,0.264,0.407,0.391,0.583,0.206,0.367,0.269,0.544,0.552,-0.173,-0.049,0.255,0.192,0.046,-0.221,0.515,0.563,-0.07,0.303,0.556,0.489,0.467,0.551,0.234,0.49,0.441,0.453,0.658,0.451,0.365,0.502,0.474,0.246,-0.167,0.574,0.449,-0.04,0.416,0.158,0.15,0.257,0.573,0.696,0.586,0.669,-0.098,0.365,0.511
BIDU,0.567,-0.231,0.237,0.354,0.037,0.196,0.086,0.5,-0.11,0.676,-0.536,0.242,0.454,0.073,0.453,0.323,0.179,0.215,-0.008,0.02,-0.034,0.542,0.0,0.243,0.08,0.026,0.21,0.238,-0.267,0.296,0.263,0.016,0.527,0.253,0.716,-0.192,0.707,0.755,0.494,0.327,0.716,0.251,0.214,0.539,0.208,-0.135,0.405,0.112,-0.097,0.596,-0.04,-0.07,0.239,0.562,0.12,-0.142,0.464,0.294,0.188,-0.125,0.83,0.801,0.185,0.15,-0.05,0.235,0.46,0.214,-0.274,0.169,-0.162,0.209,0.608,0.154,0.05,-0.176,0.511,0.544,0.55,0.434,0.55,0.288,0.033,0.334,0.484,-0.111,0.131,0.458,0.206,0.137,-0.083,0.17,0.286,0.326,0.554,0.309,0.718,0.044,0.418,0.112,0.475,0.156,0.672,0.095,0.174,0.582,0.774,0.131,0.328,-0.034,-0.49,-0.16,0.305,0.841,0.741,0.147,0.172,0.5,0.355,0.311,0.444,0.709,0.215,0.548,0.59,0.44,-0.146,0.132,0.384,0.169,-0.172,0.301,0.121,-0.003,-0.192,0.613,-0.024,0.129,0.655,0.185,0.35,0.351,0.691,0.485,0.552,0.191,0.518,-0.202,0.068,-0.115,0.466,-0.495,0.328,0.736,0.647,0.636,0.029,0.274,0.127,0.307,0.459,0.082,0.072,0.492,0.656,-0.138,0.221,0.711,0.184,-0.134,0.332,0.342,0.201,0.23,0.228,-0.095,0.462,0.312,0.469,0.441,0.595,0.072,0.008,0.774,-0.026,0.104,0.398,0.434,-0.393,0.262,-0.22,-0.236,0.123,0.333,0.686,0.262,0.644,0.107,0.355,0.78
BLNE,0.636,0.535,-0.562,0.738,-0.636,0.593,0.825,0.611,0.039,-0.222,-0.369,0.616,0.709,0.78,-0.07,0.796,-0.651,-0.676,0.285,0.699,0.519,0.329,0.243,0.0,0.879,-0.702,0.823,0.853,0.67,0.752,0.846,0.705,0.689,0.838,0.137,0.634,0.25,-0.028,0.341,0.534,-0.165,0.859,0.609,0.549,0.79,0.602,0.732,-0.177,0.757,0.712,-0.222,0.737,0.634,0.722,0.549,0.78,0.388,0.497,0.822,0.415,-0.132,0.202,0.369,0.793,0.771,-0.244,-0.551,0.858,0.022,0.478,0.299,0.64,0.317,0.194,0.394,0.731,0.679,0.81,0.512,0.08,-0.493,0.475,0.697,0.641,-0.386,0.701,0.281,0.706,0.691,0.662,0.33,0.776,-0.284,0.832,0.499,0.298,-0.076,-0.324,0.612,0.856,0.75,0.787,0.138,0.846,-0.405,0.702,0.285,0.841,0.362,0.79,-0.277,0.605,0.778,0.301,0.156,0.76,0.786,-0.457,0.082,0.699,-0.306,-0.164,0.276,0.733,0.666,0.521,0.738,0.691,0.839,0.282,0.639,0.687,0.636,0.625,-0.194,0.238,0.782,0.723,0.527,0.743,0.776,0.663,0.3,0.817,0.171,0.404,0.329,-0.182,0.732,0.74,0.716,0.436,-0.478,-0.203,0.18,0.615,-0.107,0.582,0.583,0.357,0.718,-0.31,-0.51,0.25,-0.069,-0.341,-0.271,0.255,0.082,0.574,0.252,0.763,0.834,-0.046,0.701,0.745,0.816,0.818,0.596,0.626,0.749,0.702,0.376,0.173,0.19,-0.746,0.753,0.762,-0.293,0.835,0.692,0.642,0.832,0.262,0.249,0.677,0.712,0.297,0.845,0.401
BLNK,0.636,0.687,-0.725,0.77,-0.718,0.575,0.917,0.656,0.029,-0.422,-0.351,0.655,0.728,0.878,-0.194,0.861,-0.809,-0.846,0.298,0.751,0.615,0.283,0.08,0.879,0.0,-0.83,0.9,0.934,0.849,0.775,0.931,0.792,0.671,0.892,0.008,0.755,0.138,-0.218,0.273,0.536,-0.341,0.912,0.673,0.509,0.862,0.699,0.765,-0.275,0.876,0.695,-0.226,0.827,0.615,0.7,0.574,0.896,0.356,0.515,0.917,0.507,-0.334,0.084,0.384,0.903,0.877,-0.429,-0.705,0.931,0.036,0.506,0.398,0.656,0.196,0.199,0.46,0.859,0.649,0.802,0.491,0.014,-0.692,0.509,0.783,0.701,-0.554,0.797,0.261,0.744,0.713,0.781,0.373,0.828,-0.35,0.875,0.43,0.31,-0.274,-0.392,0.574,0.936,0.739,0.88,-0.007,0.965,-0.447,0.657,0.131,0.968,0.359,0.904,-0.256,0.741,0.815,0.163,0.002,0.835,0.858,-0.651,-0.041,0.767,-0.427,-0.365,0.292,0.694,0.593,0.522,0.856,0.752,0.866,0.301,0.734,0.692,0.714,0.653,-0.223,0.119,0.9,0.843,0.45,0.803,0.857,0.684,0.158,0.822,-0.002,0.505,0.273,-0.208,0.837,0.859,0.72,0.594,-0.629,-0.413,0.05,0.612,-0.159,0.642,0.606,0.314,0.745,-0.44,-0.652,0.155,-0.254,-0.392,-0.418,0.144,0.066,0.68,0.178,0.832,0.928,-0.087,0.748,0.907,0.834,0.872,0.564,0.636,0.7,0.802,0.422,0.033,0.161,-0.885,0.778,0.824,-0.266,0.902,0.806,0.782,0.917,0.25,0.117,0.769,0.666,0.283,0.869,0.33
BTAI,-0.61,-0.457,0.831,-0.839,0.563,-0.507,-0.856,-0.702,0.371,0.5,0.309,-0.706,-0.731,-0.877,0.114,-0.817,0.913,0.92,-0.206,-0.54,-0.79,-0.271,0.026,-0.702,-0.83,0.0,-0.851,-0.847,-0.74,-0.763,-0.871,-0.856,-0.557,-0.842,0.266,-0.82,-0.163,0.38,-0.358,-0.474,0.509,-0.763,-0.324,-0.583,-0.804,-0.774,-0.603,0.417,-0.733,-0.687,0.488,-0.821,-0.465,-0.696,-0.657,-0.825,-0.464,-0.694,-0.888,-0.668,0.453,0.082,-0.224,-0.911,-0.855,0.433,0.601,-0.775,-0.217,-0.236,-0.588,-0.795,-0.085,-0.4,-0.662,-0.765,-0.576,-0.625,-0.439,-0.114,0.776,-0.608,-0.872,-0.784,0.577,-0.669,-0.249,-0.797,-0.385,-0.844,-0.553,-0.789,0.619,-0.834,-0.297,-0.321,0.419,0.373,-0.428,-0.862,-0.714,-0.856,-0.113,-0.873,0.328,-0.622,-0.014,-0.888,-0.251,-0.859,0.411,-0.832,-0.634,-0.092,0.067,-0.829,-0.683,0.678,0.213,-0.768,0.202,0.433,-0.336,-0.628,-0.506,-0.657,-0.846,-0.807,-0.685,-0.513,-0.78,-0.73,-0.798,-0.484,0.32,0.017,-0.832,-0.85,-0.434,-0.733,-0.799,-0.731,-0.118,-0.719,0.036,-0.429,0.017,0.099,-0.638,-0.775,-0.7,-0.683,0.501,0.458,-0.069,-0.62,0.048,-0.742,-0.543,-0.37,-0.792,0.685,0.751,-0.02,0.426,0.484,0.72,0.034,-0.3,-0.602,-0.052,-0.829,-0.889,-0.131,-0.813,-0.944,-0.638,-0.85,-0.511,-0.529,-0.574,-0.871,-0.498,-0.03,-0.347,0.898,-0.739,-0.679,0.073,-0.866,-0.869,-0.802,-0.796,-0.412,-0.111,-0.786,-0.593,0.039,-0.637,-0.211
BYND,0.691,0.503,-0.728,0.845,-0.609,0.559,0.883,0.736,-0.128,-0.393,-0.365,0.714,0.783,0.878,-0.069,0.867,-0.812,-0.791,0.171,0.697,0.715,0.387,0.21,0.823,0.9,-0.851,0.0,0.929,0.775,0.793,0.92,0.868,0.671,0.878,-0.036,0.797,0.322,-0.25,0.429,0.463,-0.27,0.907,0.589,0.63,0.79,0.787,0.78,-0.399,0.842,0.763,-0.342,0.81,0.64,0.775,0.678,0.823,0.562,0.644,0.947,0.584,-0.253,0.077,0.239,0.917,0.82,-0.365,-0.555,0.87,0.134,0.534,0.477,0.802,0.256,0.406,0.627,0.792,0.74,0.785,0.478,0.273,-0.617,0.629,0.872,0.795,-0.508,0.774,0.234,0.848,0.568,0.813,0.516,0.805,-0.373,0.888,0.372,0.327,-0.196,-0.307,0.601,0.916,0.773,0.922,0.18,0.909,-0.336,0.77,0.237,0.935,0.403,0.82,-0.331,0.805,0.737,0.226,0.1,0.859,0.753,-0.618,-0.131,0.749,-0.225,-0.308,0.36,0.71,0.608,0.674,0.828,0.831,0.784,0.543,0.755,0.781,0.789,0.561,-0.307,0.046,0.88,0.875,0.585,0.879,0.821,0.804,0.256,0.817,-0.001,0.524,0.229,-0.072,0.735,0.782,0.764,0.613,-0.427,-0.301,0.147,0.708,0.014,0.702,0.581,0.426,0.813,-0.581,-0.664,0.157,-0.286,-0.343,-0.451,0.097,0.255,0.58,0.137,0.877,0.922,0.152,0.846,0.899,0.788,0.902,0.623,0.593,0.698,0.885,0.572,0.128,0.353,-0.84,0.796,0.786,-0.14,0.935,0.8,0.776,0.88,0.471,0.223,0.844,0.729,0.112,0.752,0.411
CAN,0.726,0.593,-0.739,0.859,-0.601,0.632,0.911,0.769,-0.041,-0.333,-0.361,0.741,0.842,0.92,-0.015,0.928,-0.777,-0.796,0.339,0.7,0.649,0.434,0.238,0.853,0.934,-0.847,0.929,0.0,0.763,0.859,0.96,0.852,0.771,0.937,0.046,0.793,0.274,-0.185,0.468,0.611,-0.248,0.95,0.65,0.634,0.845,0.723,0.849,-0.267,0.832,0.804,-0.347,0.82,0.561,0.822,0.697,0.863,0.492,0.676,0.952,0.593,-0.23,0.129,0.442,0.931,0.857,-0.317,-0.567,0.925,0.096,0.457,0.477,0.735,0.386,0.311,0.546,0.821,0.786,0.857,0.507,0.195,-0.614,0.554,0.842,0.754,-0.476,0.756,0.391,0.851,0.654,0.814,0.466,0.872,-0.385,0.926,0.503,0.37,-0.176,-0.358,0.58,0.954,0.842,0.888,0.211,0.943,-0.353,0.794,0.269,0.956,0.292,0.872,-0.375,0.743,0.83,0.325,0.189,0.888,0.845,-0.542,0.009,0.822,-0.275,-0.256,0.381,0.811,0.716,0.693,0.846,0.822,0.88,0.443,0.772,0.799,0.786,0.654,-0.185,0.112,0.886,0.861,0.547,0.838,0.892,0.79,0.306,0.867,0.009,0.538,0.312,-0.173,0.843,0.833,0.806,0.582,-0.5,-0.259,0.164,0.725,-0.102,0.721,0.673,0.436,0.845,-0.469,-0.653,0.249,-0.206,-0.322,-0.488,0.163,0.217,0.64,0.286,0.882,0.938,0.034,0.841,0.896,0.873,0.939,0.647,0.667,0.785,0.835,0.511,0.151,0.252,-0.857,0.791,0.874,-0.216,0.917,0.794,0.787,0.917,0.369,0.293,0.829,0.785,0.213,0.863,0.473
CCEC,0.358,0.712,-0.801,0.555,-0.553,0.409,0.768,0.456,0.041,-0.68,-0.009,0.518,0.47,0.797,-0.31,0.656,-0.804,-0.803,0.281,0.7,0.578,0.18,-0.267,0.67,0.849,-0.74,0.775,0.763,0.0,0.604,0.728,0.738,0.43,0.703,-0.372,0.802,-0.121,-0.54,0.137,0.317,-0.665,0.726,0.571,0.265,0.645,0.723,0.575,-0.355,0.829,0.377,-0.209,0.801,0.45,0.413,0.563,0.855,0.141,0.404,0.803,0.607,-0.619,-0.264,0.271,0.789,0.753,-0.49,-0.768,0.711,0.196,0.444,0.475,0.528,-0.027,0.179,0.44,0.888,0.403,0.454,0.193,-0.074,-0.834,0.349,0.71,0.519,-0.751,0.74,0.213,0.532,0.547,0.724,0.361,0.701,-0.403,0.624,0.131,0.199,-0.503,-0.367,0.316,0.8,0.471,0.755,-0.257,0.843,-0.402,0.351,-0.168,0.828,0.174,0.808,-0.113,0.825,0.592,-0.216,-0.241,0.701,0.699,-0.817,-0.21,0.548,-0.471,-0.602,0.296,0.36,0.226,0.349,0.809,0.638,0.618,0.266,0.782,0.488,0.676,0.576,-0.171,-0.188,0.845,0.737,0.144,0.696,0.637,0.518,-0.188,0.517,-0.216,0.458,-0.048,-0.019,0.716,0.798,0.448,0.789,-0.687,-0.685,-0.245,0.291,-0.17,0.494,0.497,0.211,0.507,-0.462,-0.609,-0.049,-0.538,-0.192,-0.538,-0.168,0.052,0.655,0.041,0.636,0.778,-0.124,0.624,0.867,0.548,0.659,0.318,0.421,0.345,0.723,0.491,-0.292,0.163,-0.857,0.552,0.593,-0.055,0.704,0.824,0.853,0.76,0.148,-0.107,0.659,0.377,0.192,0.624,-0.032
CDW,0.637,0.549,-0.64,0.894,-0.382,0.824,0.884,0.808,-0.123,-0.122,-0.142,0.87,0.894,0.905,0.313,0.88,-0.593,-0.66,0.568,0.673,0.636,0.455,0.296,0.752,0.775,-0.763,0.793,0.859,0.604,0.0,0.835,0.856,0.909,0.94,0.019,0.771,0.462,-0.036,0.579,0.668,-0.191,0.822,0.546,0.738,0.716,0.611,0.854,0.004,0.697,0.824,-0.427,0.845,0.417,0.867,0.864,0.767,0.53,0.802,0.884,0.666,-0.099,0.199,0.58,0.809,0.776,0.06,-0.376,0.801,0.368,0.235,0.635,0.653,0.609,0.263,0.47,0.77,0.886,0.776,0.457,0.332,-0.502,0.421,0.794,0.597,-0.292,0.623,0.694,0.85,0.608,0.709,0.558,0.926,-0.504,0.918,0.656,0.485,-0.038,-0.128,0.686,0.856,0.914,0.702,0.397,0.8,-0.168,0.808,0.37,0.785,0.145,0.821,-0.386,0.644,0.881,0.518,0.399,0.929,0.811,-0.304,0.294,0.835,-0.105,-0.087,0.523,0.89,0.817,0.831,0.804,0.848,0.811,0.49,0.794,0.918,0.79,0.793,0.021,0.072,0.785,0.833,0.52,0.722,0.858,0.799,0.493,0.836,0.195,0.476,0.187,-0.094,0.786,0.796,0.756,0.525,-0.366,-0.082,0.323,0.598,-0.016,0.83,0.837,0.669,0.884,-0.26,-0.435,0.516,-0.04,-0.203,-0.531,0.133,0.381,0.688,0.602,0.833,0.816,0.058,0.885,0.737,0.842,0.94,0.868,0.725,0.812,0.715,0.454,0.23,0.44,-0.726,0.74,0.806,-0.013,0.783,0.778,0.772,0.866,0.341,0.526,0.75,0.863,0.248,0.833,0.411
CDXS,0.767,0.535,-0.712,0.877,-0.641,0.623,0.915,0.784,-0.152,-0.283,-0.492,0.703,0.863,0.898,-0.024,0.954,-0.781,-0.828,0.301,0.64,0.616,0.387,0.263,0.846,0.931,-0.871,0.92,0.96,0.728,0.835,0.0,0.791,0.744,0.919,0.115,0.742,0.299,-0.112,0.406,0.652,-0.21,0.902,0.598,0.647,0.889,0.642,0.781,-0.25,0.768,0.858,-0.297,0.756,0.549,0.847,0.611,0.829,0.477,0.645,0.939,0.527,-0.181,0.188,0.391,0.921,0.855,-0.365,-0.554,0.921,-0.002,0.417,0.399,0.744,0.312,0.258,0.508,0.787,0.734,0.862,0.59,0.114,-0.576,0.566,0.795,0.797,-0.417,0.71,0.32,0.863,0.675,0.82,0.39,0.861,-0.415,0.942,0.573,0.423,-0.138,-0.397,0.591,0.911,0.839,0.873,0.192,0.938,-0.406,0.76,0.288,0.963,0.343,0.888,-0.425,0.69,0.825,0.355,0.125,0.882,0.863,-0.508,0.022,0.859,-0.257,-0.216,0.327,0.82,0.725,0.664,0.792,0.773,0.908,0.379,0.698,0.769,0.712,0.598,-0.268,0.242,0.837,0.843,0.555,0.778,0.936,0.766,0.312,0.906,0.124,0.551,0.333,-0.312,0.781,0.809,0.833,0.477,-0.529,-0.26,0.264,0.781,-0.192,0.764,0.63,0.39,0.889,-0.481,-0.7,0.206,-0.15,-0.456,-0.501,0.23,0.158,0.668,0.238,0.899,0.936,0.001,0.797,0.9,0.882,0.938,0.649,0.678,0.825,0.831,0.444,0.233,0.197,-0.868,0.832,0.884,-0.342,0.929,0.753,0.738,0.903,0.349,0.268,0.826,0.787,0.235,0.854,0.504
