,ABEO,ACHC,AGNCN,AKAM,AKRO,ALRM,AMAT,AMED,AMRN,ANGI,APA,APOG,APPS,ARCB,ARCC,ARVN,ATEC,ATXS,AVAV,AXON,BANF,BATRK,BIDU,BLNE,BLNK,BTAI,BYND,CAN,CCEC,CDW,CDXS,CELH,CGNX,CHKP,CHRS,CHRW,CIGI,CKPT,CMPR,COGT,CRNC,CRSP,CSTL,CTSH,CVGW,DGLY,DNLI,DOCU,DVAX,EBAY,EHTH,ERII,ESLT,EXPE,EXPO,FBIOP,FFBC,FFIN,FOXF,FWRD,GDS,GERN,GPRE,GRWG,GRYP,HEES,HELE,HIVE,HON,HRTX,HSTM,HURA,IART,IBKR,IBOC,IBRX,IDXX,INGN,INM,INVA,IQ,IRBT,KDP,KPTI,KTOS,KXIN,LAMR,LFUS,LGIH,LGMK,LKFN,LNW,LOPE,LPSN,LYFT,MGNX,MLCO,MNST,MODV,MSTR,MTCH,MYGN,MYRG,NCMI,NEXT,NFLX,NIU,NKTR,NRC,NTNX,NTRA,NVEE,NVMI,NWL,NWS,NXPI,OCGN,OCSL,OKTA,OLLI,OTLK,OXLC,PAA,PARA,PARAA,PDCO,PDFS,PFG,PGEN,PNFP,PODD,POWI,PSMT,PTC,PTEN,PVLA,RDNT,RDUS,RDWR,REGN,RNAC,ROCK,ROST,RRR,RSLS,RVMD,RYAAY,SAFT,SAGE,SAVA,SBGI,SFM,SFNC,SHYF,SIBN,SIFY,SIGI,SIMO,SITM,SLM,SNBR,SNDX,SNY,SPNS,SRRK,STRA,SUPN,SYRE,TCBK,TEAM,TECH,THRM,TLRY,TRMK,TROW,TSLA,TWST,TXN,UFPI,UNIT,UPWK,USLM,UTHR,VERB,VLY,VRNA,VRRM,VXRT,WAFD,WATT,WBA,WING,WIX,WTFC,WTW,XPEL,XRX,YMAB,ZG,ZLAB
ABEO,0.0,0.342,0.359,0.391,0.376,0.348,0.511,0.433,0.477,0.12,0.671,0.318,0.153,0.401,0.507,0.431,0.426,0.571,-0.105,0.378,0.332,0.488,0.386,0.263,0.762,-0.309,-0.297,0.571,0.15,0.55,0.569,0.203,0.425,0.554,0.256,0.103,0.522,-0.414,0.216,-0.214,0.752,-0.119,0.58,0.435,0.136,0.576,0.39,0.302,0.317,0.305,0.084,0.477,0.27,0.38,0.364,-0.519,0.227,0.326,0.433,-0.012,-0.035,0.483,0.188,-0.268,0.038,0.34,0.342,0.425,0.386,0.224,0.403,-0.137,0.264,0.066,0.28,0.6,0.072,0.284,-0.065,0.307,0.455,-0.021,0.242,0.077,-0.069,-0.378,0.108,0.43,0.452,0.126,0.265,-0.219,0.166,0.355,0.277,0.31,0.292,0.551,0.536,0.165,0.48,0.397,0.275,0.779,-0.009,0.605,0.113,-0.076,-0.413,0.147,0.321,0.34,0.465,0.129,0.597,0.392,0.645,0.504,0.45,-0.182,0.313,-0.294,-0.062,-0.394,-0.002,0.517,0.52,0.303,0.35,0.191,0.476,0.348,0.42,0.352,0.087,-0.04,-0.238,0.467,0.324,0.171,0.217,0.366,0.176,0.502,0.055,0.482,0.389,-0.592,0.295,-0.055,-0.143,0.081,0.382,0.374,0.526,0.268,-0.762,0.698,0.593,0.3,0.025,0.472,0.481,0.545,0.134,0.491,0.536,-0.142,0.316,0.511,0.375,0.59,0.508,0.197,0.423,0.591,0.458,0.411,0.407,-0.07,0.435,0.536,-0.572,-0.243,0.275,0.591,0.336,-0.44,0.315,0.207,0.4,0.331,0.465,0.097,-0.346,0.342,0.454,0.405,0.415,-0.201
ACHC,0.342,0.0,0.779,0.774,0.785,0.883,0.874,0.79,0.57,0.639,0.407,0.784,0.794,0.278,0.861,0.71,0.812,0.754,-0.254,0.846,0.838,0.875,-0.334,0.395,0.493,-0.728,0.516,0.58,-0.015,0.828,0.636,0.206,0.758,0.769,0.098,0.535,0.794,-0.384,0.871,-0.697,0.476,-0.583,0.794,0.818,0.661,0.551,0.821,0.816,0.498,0.737,0.474,0.276,0.629,0.759,0.77,-0.208,0.811,0.82,0.76,0.441,-0.622,0.677,0.822,-0.567,0.1,0.829,0.846,0.555,0.876,0.84,0.721,-0.737,0.814,0.533,0.812,0.639,0.764,0.401,-0.654,0.825,0.627,0.386,0.71,0.239,0.694,-0.765,0.807,0.81,0.734,-0.043,0.845,-0.446,0.588,0.684,0.864,0.748,0.761,0.81,0.796,0.65,0.777,0.801,0.833,0.09,-0.248,0.653,-0.537,0.089,-0.599,0.758,0.817,0.862,0.863,0.73,0.792,0.821,0.385,0.841,0.82,-0.381,-0.396,-0.146,-0.409,0.189,0.693,0.681,0.63,0.881,0.568,0.751,0.847,0.783,0.891,0.833,-0.252,-0.726,0.428,0.797,0.717,0.673,-0.489,0.808,0.86,0.8,0.628,0.833,0.771,-0.04,0.71,0.615,0.166,0.783,0.807,0.823,0.832,0.672,-0.299,0.695,0.778,0.842,0.696,0.846,0.884,0.796,0.689,0.869,0.637,-0.347,0.808,0.827,0.826,0.782,0.736,0.821,0.783,0.549,0.822,0.826,0.805,0.348,0.729,0.763,-0.179,-0.724,0.792,0.791,0.829,-0.728,0.798,0.221,0.814,0.726,0.817,0.804,-0.246,0.777,0.825,0.433,0.81,0.17
AGNCN,0.359,0.779,0.0,0.82,0.715,0.772,0.796,0.707,0.518,0.588,0.53,0.732,0.605,0.482,0.667,0.579,0.769,0.681,-0.118,0.803,0.742,0.755,-0.127,0.613,0.493,-0.6,0.302,0.675,0.097,0.78,0.733,0.068,0.792,0.703,0.006,0.485,0.759,-0.577,0.755,-0.513,0.572,-0.461,0.766,0.795,0.479,0.641,0.786,0.739,0.61,0.744,0.469,0.294,0.587,0.684,0.676,-0.43,0.66,0.733,0.787,0.51,-0.457,0.721,0.753,-0.526,-0.151,0.793,0.775,0.542,0.794,0.702,0.586,-0.591,0.743,0.317,0.676,0.688,0.547,0.353,-0.484,0.675,0.467,0.167,0.413,0.207,0.419,-0.762,0.719,0.759,0.729,0.068,0.726,-0.204,0.319,0.526,0.779,0.731,0.681,0.645,0.714,0.503,0.804,0.726,0.734,0.022,-0.167,0.691,-0.326,0.115,-0.74,0.659,0.716,0.758,0.839,0.615,0.803,0.715,0.372,0.763,0.793,-0.53,-0.277,-0.206,-0.146,0.054,0.537,0.652,0.592,0.789,0.427,0.64,0.809,0.689,0.791,0.689,-0.067,-0.621,0.186,0.807,0.553,0.454,-0.255,0.795,0.677,0.785,0.472,0.791,0.723,-0.32,0.699,0.416,0.173,0.655,0.745,0.753,0.739,0.676,-0.393,0.674,0.752,0.75,0.563,0.813,0.822,0.798,0.484,0.693,0.645,-0.25,0.703,0.826,0.761,0.759,0.726,0.674,0.826,0.589,0.78,0.753,0.766,0.323,0.698,0.735,-0.306,-0.552,0.749,0.757,0.718,-0.711,0.667,0.201,0.713,0.655,0.801,0.643,-0.348,0.734,0.793,0.217,0.777,0.132
AKAM,0.391,0.774,0.82,0.0,0.847,0.892,0.88,0.873,0.55,0.613,0.561,0.836,0.743,0.422,0.7,0.711,0.877,0.772,-0.217,0.916,0.821,0.865,-0.107,0.582,0.56,-0.668,0.346,0.8,0.266,0.9,0.9,0.043,0.943,0.765,-0.095,0.496,0.923,-0.758,0.831,-0.559,0.646,-0.405,0.794,0.934,0.59,0.775,0.928,0.865,0.516,0.863,0.545,0.349,0.765,0.768,0.761,-0.555,0.775,0.875,0.908,0.521,-0.493,0.88,0.764,-0.635,-0.236,0.917,0.86,0.579,0.86,0.811,0.653,-0.596,0.828,0.297,0.764,0.851,0.602,0.4,-0.546,0.766,0.647,0.177,0.371,0.091,0.404,-0.864,0.815,0.895,0.869,0.053,0.848,-0.23,0.265,0.632,0.846,0.775,0.845,0.536,0.661,0.527,0.926,0.857,0.873,0.023,-0.41,0.855,-0.219,-0.085,-0.895,0.679,0.667,0.842,0.901,0.716,0.943,0.835,0.34,0.875,0.917,-0.575,-0.324,-0.196,-0.234,0.011,0.597,0.792,0.631,0.883,0.333,0.767,0.917,0.849,0.89,0.759,-0.118,-0.702,0.195,0.933,0.726,0.463,-0.375,0.938,0.687,0.919,0.505,0.842,0.862,-0.457,0.825,0.506,0.245,0.7,0.893,0.884,0.748,0.878,-0.54,0.709,0.878,0.836,0.678,0.919,0.902,0.937,0.546,0.744,0.654,-0.472,0.843,0.951,0.893,0.897,0.778,0.776,0.972,0.838,0.935,0.902,0.915,0.332,0.895,0.817,-0.37,-0.645,0.892,0.873,0.816,-0.882,0.768,0.433,0.835,0.744,0.912,0.7,-0.663,0.91,0.936,0.115,0.938,0.321
AKRO,0.376,0.785,0.715,0.847,0.0,0.962,0.877,0.863,0.812,0.772,0.266,0.968,0.927,0.098,0.853,0.945,0.918,0.936,-0.579,0.969,0.959,0.923,-0.311,0.438,0.421,-0.89,0.602,0.732,-0.024,0.927,0.795,0.063,0.933,0.731,0.03,0.76,0.954,-0.497,0.94,-0.602,0.547,-0.498,0.748,0.906,0.877,0.696,0.891,0.934,0.432,0.866,0.652,0.057,0.824,0.924,0.966,-0.151,0.964,0.974,0.835,0.356,-0.766,0.913,0.599,-0.701,0.15,0.958,0.95,0.724,0.924,0.922,0.839,-0.85,0.942,0.649,0.964,0.689,0.866,0.335,-0.671,0.932,0.826,0.588,0.606,0.377,0.697,-0.884,0.901,0.97,0.84,0.082,0.965,-0.628,0.546,0.899,0.918,0.904,0.962,0.549,0.754,0.793,0.848,0.716,0.932,0.081,-0.293,0.637,-0.492,0.109,-0.841,0.876,0.765,0.949,0.894,0.897,0.876,0.954,0.461,0.958,0.944,-0.606,-0.395,0.091,-0.585,0.26,0.752,0.821,0.707,0.942,0.506,0.948,0.935,0.92,0.965,0.948,-0.501,-0.733,0.546,0.932,0.852,0.721,-0.679,0.96,0.848,0.928,0.522,0.945,0.975,-0.196,0.883,0.585,0.148,0.898,0.981,0.935,0.8,0.886,-0.512,0.642,0.833,0.973,0.885,0.953,0.866,0.911,0.863,0.889,0.613,-0.221,0.981,0.904,0.973,0.89,0.819,0.957,0.874,0.814,0.963,0.975,0.967,0.243,0.774,0.873,-0.32,-0.722,0.971,0.926,0.966,-0.911,0.97,0.271,0.976,0.869,0.899,0.87,-0.613,0.958,0.956,0.522,0.966,0.173
ALRM,0.348,0.883,0.772,0.892,0.962,0.0,0.912,0.893,0.731,0.776,0.349,0.96,0.925,0.204,0.86,0.887,0.942,0.893,-0.46,0.977,0.961,0.948,-0.32,0.464,0.461,-0.861,0.585,0.742,0.051,0.942,0.793,0.132,0.928,0.79,0.009,0.721,0.952,-0.543,0.97,-0.657,0.561,-0.527,0.806,0.927,0.844,0.701,0.908,0.938,0.472,0.899,0.662,0.141,0.837,0.917,0.936,-0.208,0.951,0.978,0.873,0.458,-0.728,0.872,0.702,-0.677,0.087,0.964,0.955,0.709,0.951,0.936,0.846,-0.825,0.955,0.605,0.951,0.721,0.866,0.346,-0.684,0.933,0.773,0.507,0.653,0.296,0.705,-0.899,0.914,0.969,0.867,0.06,0.97,-0.548,0.57,0.858,0.946,0.89,0.946,0.634,0.8,0.777,0.893,0.784,0.943,0.059,-0.321,0.704,-0.495,0.064,-0.82,0.857,0.803,0.969,0.925,0.879,0.899,0.94,0.434,0.96,0.961,-0.544,-0.418,0.011,-0.515,0.235,0.755,0.855,0.743,0.966,0.515,0.92,0.96,0.906,0.988,0.935,-0.414,-0.778,0.498,0.945,0.847,0.682,-0.667,0.97,0.884,0.939,0.56,0.932,0.952,-0.181,0.878,0.608,0.215,0.892,0.975,0.947,0.843,0.896,-0.455,0.693,0.85,0.971,0.856,0.956,0.928,0.935,0.808,0.92,0.663,-0.304,0.968,0.936,0.971,0.906,0.83,0.952,0.906,0.788,0.965,0.975,0.968,0.306,0.814,0.882,-0.319,-0.746,0.962,0.911,0.959,-0.912,0.952,0.296,0.957,0.864,0.932,0.88,-0.564,0.963,0.961,0.421,0.971,0.182
AMAT,0.511,0.874,0.796,0.88,0.877,0.912,0.0,0.899,0.663,0.55,0.463,0.84,0.798,0.257,0.869,0.827,0.839,0.821,-0.422,0.931,0.829,0.947,-0.136,0.424,0.544,-0.812,0.472,0.683,-0.005,0.951,0.792,-0.013,0.882,0.806,-0.027,0.457,0.906,-0.55,0.836,-0.78,0.57,-0.648,0.784,0.948,0.622,0.705,0.906,0.921,0.415,0.786,0.379,0.28,0.678,0.842,0.801,-0.361,0.828,0.859,0.785,0.322,-0.655,0.835,0.79,-0.77,-0.044,0.913,0.881,0.526,0.929,0.865,0.703,-0.744,0.813,0.513,0.808,0.742,0.705,0.481,-0.709,0.85,0.784,0.328,0.582,0.082,0.541,-0.849,0.805,0.915,0.773,-0.019,0.867,-0.51,0.461,0.734,0.927,0.758,0.878,0.746,0.732,0.535,0.853,0.874,0.918,0.202,-0.443,0.811,-0.476,-0.125,-0.792,0.758,0.693,0.874,0.968,0.738,0.92,0.944,0.374,0.935,0.903,-0.616,-0.354,-0.317,-0.493,0.085,0.694,0.784,0.675,0.916,0.393,0.79,0.909,0.923,0.925,0.891,-0.312,-0.757,0.317,0.896,0.791,0.672,-0.437,0.904,0.809,0.93,0.564,0.867,0.876,-0.327,0.712,0.661,0.086,0.758,0.888,0.894,0.844,0.771,-0.596,0.822,0.937,0.883,0.706,0.938,0.938,0.909,0.694,0.876,0.559,-0.501,0.86,0.933,0.914,0.881,0.728,0.827,0.867,0.767,0.935,0.921,0.888,0.167,0.867,0.831,-0.273,-0.826,0.864,0.897,0.89,-0.873,0.821,0.266,0.898,0.742,0.871,0.739,-0.519,0.876,0.944,0.38,0.914,0.236
AMED,0.433,0.79,0.707,0.873,0.863,0.893,0.899,0.0,0.696,0.542,0.35,0.857,0.841,0.148,0.768,0.839,0.862,0.802,-0.473,0.92,0.824,0.928,-0.153,0.401,0.422,-0.823,0.492,0.695,0.044,0.905,0.741,-0.057,0.843,0.811,-0.14,0.503,0.902,-0.594,0.809,-0.677,0.533,-0.553,0.78,0.869,0.683,0.731,0.868,0.893,0.261,0.84,0.499,0.152,0.815,0.856,0.804,-0.345,0.829,0.853,0.79,0.311,-0.684,0.828,0.653,-0.748,-0.101,0.844,0.845,0.575,0.875,0.85,0.761,-0.745,0.811,0.528,0.811,0.724,0.735,0.416,-0.76,0.877,0.806,0.436,0.565,0.026,0.553,-0.864,0.761,0.892,0.758,0.112,0.858,-0.51,0.504,0.733,0.853,0.799,0.911,0.602,0.698,0.562,0.832,0.829,0.898,0.158,-0.517,0.817,-0.436,-0.215,-0.786,0.734,0.668,0.84,0.885,0.721,0.88,0.876,0.314,0.909,0.903,-0.567,-0.361,-0.194,-0.52,-0.0,0.615,0.817,0.72,0.893,0.239,0.783,0.908,0.846,0.897,0.85,-0.402,-0.796,0.31,0.88,0.726,0.631,-0.516,0.894,0.787,0.916,0.626,0.814,0.906,-0.339,0.754,0.605,0.01,0.774,0.894,0.86,0.822,0.843,-0.57,0.716,0.829,0.875,0.723,0.89,0.899,0.891,0.707,0.826,0.556,-0.481,0.864,0.916,0.919,0.865,0.656,0.821,0.833,0.759,0.931,0.869,0.871,0.064,0.813,0.799,-0.328,-0.81,0.846,0.829,0.888,-0.922,0.828,0.343,0.9,0.806,0.88,0.695,-0.562,0.913,0.931,0.285,0.927,0.24
AMRN,0.477,0.57,0.518,0.55,0.812,0.731,0.663,0.696,0.0,0.626,0.128,0.795,0.721,-0.067,0.744,0.892,0.761,0.853,-0.695,0.75,0.803,0.769,-0.135,0.337,0.327,-0.836,0.419,0.604,-0.217,0.737,0.567,0.008,0.684,0.618,0.07,0.706,0.78,-0.303,0.691,-0.425,0.501,-0.453,0.663,0.606,0.745,0.591,0.611,0.692,0.215,0.693,0.517,-0.036,0.704,0.847,0.851,0.015,0.782,0.762,0.61,0.113,-0.689,0.753,0.265,-0.579,0.22,0.679,0.763,0.728,0.713,0.659,0.814,-0.757,0.774,0.69,0.794,0.447,0.73,0.302,-0.54,0.806,0.77,0.698,0.641,0.373,0.567,-0.687,0.613,0.771,0.662,0.305,0.74,-0.676,0.635,0.836,0.689,0.793,0.789,0.473,0.722,0.694,0.64,0.471,0.668,0.337,-0.11,0.498,-0.479,0.175,-0.598,0.733,0.662,0.721,0.693,0.705,0.672,0.753,0.519,0.801,0.743,-0.488,-0.177,0.164,-0.58,0.124,0.502,0.688,0.749,0.714,0.389,0.74,0.769,0.665,0.767,0.801,-0.589,-0.544,0.443,0.73,0.657,0.648,-0.543,0.713,0.697,0.744,0.399,0.779,0.826,-0.202,0.677,0.313,-0.068,0.74,0.787,0.727,0.751,0.632,-0.612,0.55,0.623,0.794,0.695,0.738,0.665,0.708,0.775,0.745,0.537,0.031,0.8,0.7,0.797,0.727,0.616,0.758,0.598,0.63,0.747,0.727,0.739,-0.048,0.468,0.703,-0.409,-0.597,0.73,0.718,0.795,-0.756,0.827,0.247,0.847,0.788,0.711,0.649,-0.366,0.758,0.751,0.668,0.761,-0.125
ANGI,0.12,0.639,0.588,0.613,0.772,0.776,0.55,0.542,0.626,0.0,0.216,0.807,0.738,0.241,0.605,0.674,0.805,0.736,-0.298,0.721,0.847,0.631,-0.327,0.425,0.33,-0.616,0.481,0.619,0.155,0.638,0.625,0.357,0.742,0.469,0.175,0.857,0.716,-0.291,0.856,-0.236,0.503,-0.203,0.655,0.608,0.814,0.511,0.651,0.626,0.496,0.758,0.797,0.072,0.674,0.711,0.822,-0.017,0.789,0.834,0.778,0.608,-0.528,0.696,0.439,-0.272,0.248,0.763,0.824,0.759,0.683,0.725,0.743,-0.629,0.856,0.481,0.834,0.499,0.755,0.165,-0.364,0.7,0.5,0.528,0.501,0.61,0.638,-0.663,0.781,0.757,0.793,0.162,0.775,-0.427,0.511,0.772,0.696,0.806,0.701,0.358,0.721,0.83,0.717,0.421,0.643,-0.122,0.149,0.293,-0.328,0.45,-0.601,0.701,0.815,0.77,0.613,0.824,0.63,0.654,0.476,0.684,0.749,-0.29,-0.264,0.378,-0.279,0.388,0.596,0.681,0.645,0.724,0.635,0.787,0.743,0.618,0.765,0.676,-0.29,-0.456,0.556,0.748,0.631,0.477,-0.623,0.752,0.661,0.668,0.354,0.777,0.742,-0.04,0.802,0.275,0.386,0.734,0.763,0.77,0.625,0.727,-0.233,0.379,0.536,0.775,0.746,0.691,0.616,0.679,0.654,0.689,0.657,0.093,0.795,0.664,0.721,0.701,0.802,0.789,0.709,0.555,0.694,0.747,0.79,0.482,0.482,0.725,-0.349,-0.36,0.787,0.659,0.705,-0.63,0.809,0.26,0.73,0.706,0.732,0.816,-0.461,0.748,0.676,0.439,0.73,-0.06
APA,0.671,0.407,0.53,0.561,0.266,0.349,0.463,0.35,0.128,0.216,0.0,0.261,0.038,0.87,0.34,0.135,0.463,0.39,0.439,0.34,0.306,0.394,0.405,0.559,0.871,-0.04,-0.442,0.665,0.483,0.483,0.713,0.401,0.503,0.53,0.254,0.024,0.484,-0.659,0.256,-0.102,0.833,0.08,0.666,0.46,-0.042,0.619,0.437,0.23,0.647,0.421,0.204,0.778,0.207,0.24,0.221,-0.803,0.113,0.312,0.631,0.47,0.247,0.41,0.456,-0.003,-0.226,0.386,0.348,0.372,0.367,0.157,0.243,0.099,0.276,-0.254,0.184,0.737,-0.1,0.201,0.157,0.142,0.12,-0.424,0.032,0.037,-0.249,-0.347,0.177,0.398,0.59,0.108,0.222,0.294,-0.105,0.132,0.262,0.26,0.173,0.527,0.506,0.067,0.63,0.476,0.224,0.405,0.118,0.685,0.383,0.023,-0.481,0.042,0.348,0.323,0.486,0.093,0.648,0.249,0.561,0.395,0.456,-0.072,0.354,-0.354,0.443,-0.393,-0.051,0.485,0.452,0.301,0.384,0.085,0.481,0.277,0.375,0.16,0.577,0.012,-0.452,0.516,0.207,-0.139,0.386,0.404,0.093,0.493,-0.044,0.439,0.275,-0.672,0.351,-0.149,0.272,-0.034,0.321,0.366,0.477,0.329,-0.514,0.636,0.572,0.22,-0.091,0.453,0.533,0.568,-0.175,0.364,0.69,-0.227,0.227,0.545,0.295,0.591,0.608,0.105,0.596,0.581,0.441,0.38,0.426,0.383,0.542,0.524,-0.59,-0.063,0.276,0.535,0.203,-0.375,0.168,0.309,0.249,0.249,0.528,0.095,-0.385,0.325,0.41,-0.037,0.394,-0.092
APOG,0.318,0.784,0.732,0.836,0.968,0.96,0.84,0.857,0.795,0.807,0.261,0.0,0.916,0.149,0.802,0.906,0.952,0.909,-0.534,0.953,0.961,0.907,-0.301,0.496,0.405,-0.889,0.566,0.779,-0.015,0.907,0.775,0.067,0.908,0.771,-0.025,0.801,0.936,-0.536,0.944,-0.561,0.557,-0.481,0.786,0.857,0.885,0.753,0.835,0.909,0.433,0.909,0.743,0.028,0.871,0.939,0.965,-0.137,0.941,0.965,0.855,0.403,-0.762,0.872,0.549,-0.659,0.127,0.925,0.928,0.79,0.915,0.896,0.9,-0.846,0.963,0.666,0.959,0.69,0.873,0.227,-0.651,0.945,0.78,0.607,0.614,0.373,0.692,-0.898,0.868,0.965,0.851,0.186,0.935,-0.601,0.625,0.875,0.898,0.936,0.946,0.516,0.79,0.82,0.855,0.653,0.894,0.053,-0.239,0.64,-0.493,0.118,-0.833,0.875,0.781,0.958,0.881,0.853,0.852,0.902,0.484,0.938,0.953,-0.542,-0.341,0.135,-0.535,0.217,0.692,0.858,0.782,0.923,0.485,0.913,0.936,0.849,0.957,0.924,-0.516,-0.72,0.498,0.936,0.797,0.645,-0.715,0.96,0.865,0.921,0.492,0.922,0.971,-0.198,0.871,0.513,0.113,0.892,0.963,0.899,0.835,0.905,-0.474,0.612,0.776,0.967,0.851,0.928,0.861,0.912,0.83,0.883,0.656,-0.156,0.957,0.906,0.95,0.892,0.826,0.94,0.86,0.777,0.941,0.942,0.957,0.202,0.721,0.885,-0.413,-0.69,0.943,0.891,0.958,-0.919,0.958,0.23,0.947,0.906,0.932,0.841,-0.596,0.962,0.935,0.447,0.953,0.056
APPS,0.153,0.794,0.605,0.743,0.927,0.925,0.798,0.841,0.721,0.738,0.038,0.916,0.0,-0.111,0.817,0.899,0.824,0.817,-0.648,0.916,0.905,0.872,-0.525,0.28,0.19,-0.899,0.797,0.537,-0.131,0.829,0.586,0.033,0.8,0.666,-0.029,0.737,0.841,-0.339,0.935,-0.672,0.301,-0.582,0.625,0.822,0.924,0.502,0.814,0.916,0.263,0.781,0.632,-0.146,0.801,0.871,0.913,0.064,0.972,0.923,0.697,0.283,-0.863,0.761,0.581,-0.706,0.213,0.881,0.887,0.608,0.88,0.953,0.807,-0.908,0.899,0.746,0.947,0.517,0.963,0.291,-0.796,0.945,0.795,0.68,0.698,0.301,0.859,-0.817,0.907,0.878,0.695,-0.021,0.958,-0.697,0.633,0.863,0.898,0.826,0.938,0.512,0.664,0.8,0.712,0.663,0.925,-0.061,-0.401,0.505,-0.645,0.047,-0.693,0.903,0.727,0.915,0.796,0.895,0.728,0.906,0.278,0.881,0.855,-0.509,-0.574,0.155,-0.72,0.377,0.821,0.711,0.606,0.918,0.415,0.951,0.846,0.87,0.91,0.939,-0.633,-0.814,0.711,0.805,0.846,0.797,-0.837,0.878,0.914,0.816,0.616,0.84,0.913,0.066,0.802,0.721,0.124,0.958,0.921,0.862,0.713,0.843,-0.274,0.499,0.696,0.947,0.942,0.844,0.803,0.78,0.926,0.856,0.447,-0.247,0.946,0.795,0.927,0.744,0.666,0.976,0.742,0.638,0.874,0.895,0.867,0.212,0.71,0.738,-0.109,-0.78,0.92,0.794,0.95,-0.83,0.955,0.207,0.925,0.843,0.798,0.907,-0.455,0.899,0.873,0.49,0.887,0.257
ARCB,0.401,0.278,0.482,0.422,0.098,0.204,0.257,0.148,-0.067,0.241,0.87,0.149,-0.111,0.0,0.116,-0.073,0.363,0.195,0.621,0.184,0.175,0.188,0.411,0.602,0.715,0.138,-0.52,0.613,0.488,0.289,0.584,0.403,0.34,0.402,0.155,0.04,0.292,-0.601,0.158,0.124,0.735,0.228,0.528,0.262,-0.138,0.547,0.228,0.063,0.662,0.37,0.269,0.669,0.16,0.113,0.084,-0.738,-0.049,0.164,0.549,0.595,0.349,0.246,0.318,0.198,-0.304,0.228,0.201,0.368,0.217,0.001,0.156,0.232,0.18,-0.348,0.049,0.592,-0.205,0.032,0.294,0.005,-0.137,-0.467,-0.085,0.075,-0.319,-0.242,0.045,0.247,0.473,0.256,0.053,0.458,-0.125,-0.036,0.12,0.185,-0.002,0.353,0.436,0.042,0.5,0.23,0.036,0.167,0.311,0.485,0.41,0.115,-0.37,-0.084,0.264,0.184,0.318,-0.041,0.452,0.035,0.477,0.199,0.325,0.032,0.388,-0.235,0.625,-0.404,-0.207,0.386,0.362,0.117,0.319,-0.084,0.34,0.055,0.217,-0.023,0.623,0.138,-0.541,0.39,-0.057,-0.366,0.418,0.278,-0.02,0.33,-0.191,0.286,0.131,-0.596,0.241,-0.332,0.279,-0.128,0.148,0.202,0.356,0.247,-0.32,0.389,0.345,0.078,-0.221,0.276,0.361,0.422,-0.322,0.194,0.663,-0.058,0.054,0.383,0.112,0.41,0.532,-0.046,0.463,0.361,0.25,0.195,0.277,0.394,0.312,0.395,-0.622,0.178,0.118,0.335,0.04,-0.233,0.001,0.118,0.06,0.162,0.424,-0.041,-0.278,0.194,0.224,-0.242,0.229,-0.26
ARCC,0.507,0.861,0.667,0.7,0.853,0.86,0.869,0.768,0.744,0.605,0.34,0.802,0.817,0.116,0.0,0.868,0.786,0.851,-0.514,0.855,0.854,0.92,-0.363,0.388,0.501,-0.841,0.516,0.582,-0.215,0.871,0.66,0.17,0.758,0.77,0.16,0.563,0.838,-0.37,0.831,-0.725,0.509,-0.617,0.752,0.812,0.722,0.541,0.766,0.835,0.41,0.697,0.417,0.106,0.649,0.853,0.854,-0.102,0.854,0.834,0.674,0.212,-0.716,0.736,0.632,-0.619,0.245,0.827,0.838,0.604,0.865,0.81,0.746,-0.808,0.793,0.704,0.841,0.574,0.791,0.429,-0.637,0.866,0.739,0.527,0.779,0.308,0.702,-0.754,0.777,0.838,0.672,-0.013,0.861,-0.601,0.615,0.84,0.857,0.734,0.793,0.783,0.803,0.703,0.722,0.703,0.833,0.299,-0.243,0.632,-0.572,0.112,-0.618,0.821,0.724,0.865,0.853,0.774,0.796,0.88,0.5,0.914,0.817,-0.474,-0.379,-0.076,-0.59,0.268,0.73,0.691,0.626,0.85,0.557,0.804,0.85,0.824,0.886,0.922,-0.429,-0.669,0.492,0.786,0.775,0.739,-0.523,0.799,0.85,0.842,0.474,0.882,0.825,-0.07,0.671,0.601,0.139,0.791,0.85,0.817,0.827,0.674,-0.47,0.701,0.816,0.873,0.734,0.841,0.873,0.798,0.8,0.916,0.554,-0.21,0.852,0.793,0.862,0.764,0.728,0.845,0.722,0.646,0.843,0.848,0.803,0.183,0.763,0.745,-0.211,-0.741,0.812,0.873,0.886,-0.762,0.86,0.138,0.887,0.788,0.789,0.794,-0.287,0.792,0.844,0.673,0.816,0.103
ARVN,0.431,0.71,0.579,0.711,0.945,0.887,0.827,0.839,0.892,0.674,0.135,0.906,0.899,-0.073,0.868,0.0,0.837,0.911,-0.747,0.904,0.894,0.91,-0.332,0.323,0.34,-0.946,0.611,0.635,-0.183,0.883,0.664,-0.021,0.81,0.709,0.005,0.702,0.895,-0.39,0.849,-0.639,0.469,-0.571,0.675,0.809,0.857,0.623,0.778,0.894,0.224,0.772,0.534,-0.076,0.8,0.931,0.94,-0.022,0.93,0.897,0.686,0.137,-0.832,0.838,0.453,-0.735,0.206,0.854,0.871,0.68,0.858,0.853,0.831,-0.887,0.856,0.761,0.913,0.566,0.869,0.354,-0.712,0.931,0.869,0.694,0.687,0.311,0.704,-0.815,0.798,0.899,0.714,0.118,0.904,-0.761,0.639,0.924,0.867,0.85,0.932,0.532,0.724,0.759,0.729,0.634,0.879,0.225,-0.342,0.59,-0.582,0.027,-0.74,0.855,0.67,0.879,0.817,0.843,0.791,0.923,0.437,0.933,0.87,-0.596,-0.393,0.059,-0.733,0.261,0.72,0.774,0.691,0.87,0.4,0.897,0.869,0.862,0.904,0.95,-0.65,-0.726,0.56,0.842,0.814,0.766,-0.701,0.867,0.832,0.876,0.514,0.875,0.941,-0.163,0.752,0.592,0.013,0.871,0.928,0.862,0.788,0.796,-0.581,0.607,0.779,0.934,0.851,0.868,0.808,0.829,0.904,0.872,0.486,-0.188,0.934,0.823,0.933,0.803,0.693,0.915,0.726,0.732,0.894,0.891,0.872,0.021,0.685,0.787,-0.297,-0.765,0.886,0.857,0.946,-0.876,0.942,0.221,0.966,0.852,0.814,0.795,-0.524,0.898,0.897,0.626,0.895,0.103
ATEC,0.426,0.812,0.769,0.877,0.918,0.942,0.839,0.862,0.761,0.805,0.463,0.952,0.824,0.363,0.786,0.837,0.0,0.911,-0.353,0.924,0.951,0.908,-0.156,0.611,0.564,-0.801,0.374,0.884,0.122,0.914,0.863,0.201,0.918,0.838,0.048,0.751,0.955,-0.634,0.911,-0.478,0.719,-0.387,0.902,0.832,0.791,0.845,0.831,0.842,0.526,0.954,0.762,0.221,0.866,0.91,0.924,-0.318,0.864,0.94,0.942,0.512,-0.617,0.88,0.582,-0.544,0.06,0.898,0.92,0.853,0.899,0.818,0.902,-0.727,0.945,0.54,0.909,0.789,0.763,0.232,-0.533,0.89,0.711,0.492,0.598,0.355,0.562,-0.894,0.803,0.958,0.929,0.298,0.88,-0.454,0.588,0.824,0.849,0.937,0.88,0.586,0.876,0.784,0.931,0.683,0.827,0.145,-0.136,0.746,-0.346,0.146,-0.831,0.788,0.823,0.911,0.886,0.784,0.911,0.836,0.591,0.925,0.971,-0.454,-0.18,0.081,-0.34,0.056,0.556,0.91,0.849,0.892,0.522,0.818,0.971,0.785,0.948,0.848,-0.332,-0.643,0.315,0.967,0.72,0.521,-0.557,0.952,0.805,0.946,0.457,0.931,0.942,-0.355,0.882,0.362,0.158,0.79,0.938,0.891,0.902,0.892,-0.556,0.668,0.8,0.919,0.728,0.929,0.898,0.953,0.691,0.881,0.803,-0.162,0.912,0.944,0.917,0.947,0.886,0.858,0.912,0.81,0.942,0.914,0.959,0.27,0.739,0.928,-0.569,-0.609,0.896,0.902,0.898,-0.921,0.9,0.309,0.907,0.908,0.982,0.769,-0.593,0.948,0.926,0.381,0.949,-0.029
ATXS,0.571,0.754,0.681,0.772,0.936,0.893,0.821,0.802,0.853,0.736,0.39,0.909,0.817,0.195,0.851,0.911,0.911,0.0,-0.507,0.889,0.924,0.88,-0.182,0.454,0.592,-0.822,0.406,0.801,-0.036,0.9,0.793,0.232,0.874,0.782,0.234,0.772,0.934,-0.483,0.858,-0.46,0.69,-0.368,0.816,0.82,0.822,0.739,0.82,0.819,0.506,0.826,0.658,0.15,0.789,0.871,0.949,-0.231,0.873,0.91,0.835,0.292,-0.634,0.876,0.477,-0.589,0.261,0.869,0.891,0.826,0.893,0.8,0.877,-0.748,0.882,0.587,0.923,0.751,0.772,0.227,-0.51,0.868,0.78,0.543,0.645,0.481,0.6,-0.846,0.767,0.913,0.846,0.147,0.871,-0.617,0.566,0.86,0.802,0.887,0.856,0.64,0.856,0.81,0.849,0.625,0.802,0.285,-0.103,0.641,-0.358,0.23,-0.788,0.78,0.8,0.899,0.832,0.779,0.874,0.856,0.697,0.924,0.922,-0.433,-0.171,0.164,-0.475,0.061,0.556,0.834,0.776,0.852,0.64,0.839,0.917,0.8,0.926,0.879,-0.423,-0.568,0.44,0.894,0.772,0.659,-0.544,0.88,0.788,0.886,0.448,0.963,0.927,-0.279,0.867,0.368,0.026,0.783,0.922,0.851,0.825,0.775,-0.593,0.673,0.777,0.897,0.733,0.912,0.83,0.902,0.767,0.887,0.745,-0.071,0.906,0.872,0.897,0.899,0.864,0.86,0.831,0.803,0.908,0.907,0.916,0.241,0.704,0.908,-0.489,-0.613,0.872,0.941,0.894,-0.869,0.919,0.237,0.916,0.872,0.902,0.763,-0.545,0.877,0.892,0.626,0.903,-0.004
AVAV,-0.105,-0.254,-0.118,-0.217,-0.579,-0.46,-0.422,-0.473,-0.695,-0.298,0.439,-0.534,-0.648,0.621,-0.514,-0.747,-0.353,-0.507,0.0,-0.512,-0.488,-0.511,0.404,0.107,0.21,0.769,-0.674,-0.109,0.495,-0.457,-0.114,0.346,-0.337,-0.276,0.154,-0.448,-0.44,-0.031,-0.448,0.524,0.087,0.591,-0.13,-0.385,-0.633,-0.162,-0.341,-0.581,0.308,-0.313,-0.17,0.52,-0.489,-0.611,-0.596,-0.42,-0.64,-0.491,-0.111,0.347,0.81,-0.425,-0.026,0.673,-0.279,-0.431,-0.454,-0.273,-0.47,-0.549,-0.493,0.749,-0.467,-0.767,-0.572,-0.02,-0.687,-0.202,0.661,-0.645,-0.687,-0.752,-0.522,-0.126,-0.615,0.429,-0.465,-0.474,-0.183,-0.013,-0.55,0.841,-0.544,-0.654,-0.533,-0.476,-0.64,-0.137,-0.252,-0.457,-0.191,-0.236,-0.556,-0.114,0.429,-0.145,0.686,0.097,0.328,-0.626,-0.242,-0.469,-0.381,-0.554,-0.274,-0.612,-0.035,-0.534,-0.411,0.489,0.439,-0.135,0.906,-0.349,-0.559,-0.33,-0.297,-0.491,0.011,-0.627,-0.392,-0.543,-0.476,-0.67,0.885,0.565,-0.64,-0.357,-0.557,-0.715,0.702,-0.429,-0.579,-0.422,-0.392,-0.416,-0.587,-0.121,-0.31,-0.56,0.267,-0.658,-0.544,-0.45,-0.352,-0.403,0.327,-0.186,-0.333,-0.59,-0.675,-0.425,-0.341,-0.333,-0.796,-0.474,0.103,0.059,-0.588,-0.347,-0.572,-0.304,-0.137,-0.624,-0.193,-0.295,-0.456,-0.474,-0.416,0.361,-0.256,-0.314,-0.076,0.641,-0.514,-0.386,-0.627,0.497,-0.626,-0.015,-0.625,-0.509,-0.313,-0.504,0.209,-0.505,-0.487,-0.544,-0.474,-0.123
AXON,0.378,0.846,0.803,0.916,0.969,0.977,0.931,0.92,0.75,0.721,0.34,0.953,0.916,0.184,0.855,0.904,0.924,0.889,-0.512,0.0,0.938,0.957,-0.304,0.484,0.432,-0.885,0.58,0.743,0.003,0.957,0.814,0.008,0.939,0.789,-0.066,0.672,0.962,-0.579,0.941,-0.681,0.55,-0.582,0.782,0.951,0.805,0.719,0.926,0.965,0.424,0.887,0.599,0.111,0.837,0.919,0.924,-0.256,0.939,0.963,0.856,0.391,-0.757,0.898,0.701,-0.758,0.004,0.968,0.949,0.668,0.952,0.938,0.809,-0.837,0.932,0.603,0.925,0.73,0.836,0.402,-0.728,0.937,0.797,0.485,0.597,0.236,0.666,-0.913,0.905,0.969,0.842,0.069,0.965,-0.554,0.523,0.827,0.955,0.884,0.963,0.61,0.758,0.716,0.879,0.805,0.964,0.059,-0.398,0.742,-0.512,-0.007,-0.865,0.864,0.75,0.952,0.943,0.859,0.916,0.96,0.384,0.975,0.962,-0.647,-0.441,-0.065,-0.54,0.195,0.754,0.827,0.704,0.967,0.419,0.916,0.961,0.931,0.981,0.943,-0.431,-0.807,0.463,0.954,0.832,0.703,-0.618,0.981,0.863,0.956,0.582,0.93,0.971,-0.255,0.852,0.642,0.14,0.895,0.981,0.948,0.838,0.912,-0.519,0.695,0.883,0.975,0.858,0.969,0.932,0.942,0.812,0.891,0.609,-0.357,0.963,0.954,0.99,0.905,0.795,0.938,0.913,0.795,0.98,0.972,0.962,0.219,0.838,0.858,-0.303,-0.777,0.968,0.922,0.968,-0.937,0.934,0.298,0.97,0.864,0.929,0.851,-0.59,0.975,0.987,0.397,0.986,0.235
BANF,0.332,0.838,0.742,0.821,0.959,0.961,0.829,0.824,0.803,0.847,0.306,0.961,0.905,0.175,0.854,0.894,0.951,0.924,-0.488,0.938,0.0,0.91,-0.339,0.484,0.446,-0.855,0.565,0.744,0.01,0.887,0.771,0.21,0.903,0.738,0.109,0.821,0.931,-0.464,0.968,-0.539,0.575,-0.447,0.81,0.843,0.884,0.687,0.857,0.871,0.486,0.901,0.729,0.114,0.824,0.914,0.967,-0.12,0.959,0.976,0.875,0.456,-0.717,0.869,0.611,-0.56,0.197,0.932,0.963,0.785,0.907,0.88,0.875,-0.835,0.968,0.648,0.975,0.675,0.877,0.299,-0.6,0.919,0.753,0.614,0.685,0.46,0.728,-0.854,0.906,0.946,0.883,0.151,0.958,-0.552,0.603,0.902,0.893,0.941,0.911,0.589,0.837,0.851,0.874,0.693,0.883,0.049,-0.154,0.619,-0.475,0.24,-0.768,0.873,0.847,0.949,0.862,0.911,0.853,0.889,0.516,0.931,0.932,-0.487,-0.338,0.172,-0.485,0.289,0.724,0.828,0.751,0.939,0.585,0.928,0.939,0.844,0.964,0.913,-0.434,-0.702,0.551,0.923,0.805,0.684,-0.679,0.935,0.871,0.906,0.541,0.952,0.942,-0.135,0.907,0.502,0.231,0.89,0.963,0.928,0.838,0.851,-0.436,0.622,0.774,0.965,0.864,0.921,0.864,0.889,0.828,0.903,0.695,-0.121,0.972,0.883,0.946,0.887,0.86,0.952,0.873,0.747,0.93,0.939,0.958,0.344,0.733,0.872,-0.352,-0.659,0.949,0.885,0.934,-0.864,0.973,0.308,0.95,0.89,0.915,0.905,-0.504,0.936,0.916,0.538,0.937,0.102
BATRK,0.488,0.875,0.755,0.865,0.923,0.948,0.947,0.928,0.769,0.631,0.394,0.907,0.872,0.188,0.92,0.91,0.908,0.88,-0.511,0.957,0.91,0.0,-0.265,0.477,0.5,-0.901,0.502,0.732,-0.055,0.965,0.78,0.031,0.875,0.864,-0.028,0.572,0.947,-0.575,0.886,-0.745,0.579,-0.631,0.833,0.907,0.745,0.732,0.866,0.935,0.359,0.847,0.517,0.149,0.798,0.934,0.895,-0.249,0.899,0.915,0.807,0.29,-0.75,0.851,0.682,-0.728,0.035,0.908,0.901,0.659,0.93,0.876,0.82,-0.83,0.881,0.656,0.882,0.72,0.803,0.429,-0.721,0.939,0.808,0.508,0.687,0.159,0.64,-0.881,0.824,0.941,0.795,0.103,0.919,-0.571,0.598,0.839,0.933,0.855,0.92,0.7,0.804,0.68,0.852,0.815,0.931,0.229,-0.406,0.809,-0.531,-0.068,-0.797,0.839,0.726,0.921,0.942,0.794,0.915,0.939,0.434,0.982,0.938,-0.595,-0.36,-0.167,-0.561,0.149,0.711,0.835,0.736,0.938,0.4,0.845,0.952,0.884,0.962,0.945,-0.43,-0.783,0.374,0.923,0.797,0.687,-0.562,0.933,0.87,0.964,0.571,0.907,0.936,-0.275,0.764,0.625,0.089,0.836,0.947,0.909,0.904,0.837,-0.585,0.754,0.896,0.947,0.774,0.94,0.958,0.927,0.79,0.932,0.604,-0.362,0.924,0.942,0.962,0.894,0.768,0.891,0.853,0.777,0.962,0.927,0.916,0.115,0.832,0.852,-0.347,-0.818,0.899,0.916,0.957,-0.924,0.904,0.27,0.96,0.867,0.918,0.785,-0.501,0.934,0.965,0.462,0.948,0.155
BIDU,0.386,-0.334,-0.127,-0.107,-0.311,-0.32,-0.136,-0.153,-0.135,-0.327,0.405,-0.301,-0.525,0.411,-0.363,-0.332,-0.156,-0.182,0.404,-0.304,-0.339,-0.265,0.0,0.06,0.351,0.435,-0.698,0.133,0.38,-0.187,0.113,0.063,-0.11,-0.11,0.074,-0.351,-0.149,-0.129,-0.435,0.416,0.362,0.443,0.044,-0.222,-0.519,0.214,-0.192,-0.386,0.092,-0.107,-0.237,0.571,-0.259,-0.289,-0.36,-0.529,-0.475,-0.338,-0.008,0.107,0.636,-0.059,-0.204,0.301,-0.28,-0.289,-0.261,-0.068,-0.283,-0.459,-0.212,0.569,-0.327,-0.577,-0.416,0.127,-0.608,-0.05,0.453,-0.423,-0.103,-0.473,-0.429,-0.214,-0.7,0.228,-0.468,-0.185,0.01,0.274,-0.446,0.444,-0.357,-0.304,-0.401,-0.266,-0.303,-0.103,-0.099,-0.46,0.011,-0.111,-0.405,0.37,0.261,0.132,0.652,-0.141,0.109,-0.528,-0.184,-0.39,-0.138,-0.452,-0.026,-0.313,0.167,-0.264,-0.186,0.206,0.676,-0.246,0.546,-0.64,-0.607,0.009,0.143,-0.365,-0.148,-0.476,-0.164,-0.267,-0.297,-0.436,0.496,0.477,-0.692,-0.129,-0.322,-0.508,0.669,-0.242,-0.508,-0.137,-0.391,-0.245,-0.276,-0.561,-0.192,-0.583,-0.082,-0.583,-0.315,-0.229,-0.11,-0.275,-0.38,0.188,-0.065,-0.41,-0.578,-0.19,-0.215,-0.077,-0.59,-0.274,0.144,-0.044,-0.366,-0.108,-0.324,0.004,-0.096,-0.498,-0.074,0.125,-0.201,-0.254,-0.19,-0.082,-0.132,-0.06,-0.411,0.366,-0.363,-0.168,-0.414,0.17,-0.416,0.239,-0.328,-0.311,-0.134,-0.528,-0.124,-0.257,-0.224,-0.291,-0.216,-0.275
BLNE,0.263,0.395,0.613,0.582,0.438,0.464,0.424,0.401,0.337,0.425,0.559,0.496,0.28,0.602,0.388,0.323,0.611,0.454,0.107,0.484,0.484,0.477,0.06,0.0,0.492,-0.335,-0.114,0.707,0.115,0.498,0.684,0.096,0.549,0.579,-0.037,0.341,0.543,-0.681,0.424,-0.112,0.608,-0.089,0.601,0.417,0.247,0.663,0.365,0.395,0.601,0.653,0.51,0.227,0.471,0.515,0.472,-0.455,0.327,0.479,0.644,0.448,-0.168,0.508,0.308,-0.157,-0.182,0.479,0.426,0.588,0.446,0.28,0.433,-0.279,0.493,0.22,0.375,0.517,0.183,0.003,-0.04,0.417,0.159,0.05,0.106,0.228,0.034,-0.502,0.338,0.531,0.56,0.519,0.384,0.11,0.22,0.303,0.409,0.539,0.363,0.237,0.518,0.371,0.569,0.295,0.354,0.045,0.133,0.583,0.009,0.164,-0.607,0.461,0.373,0.445,0.553,0.282,0.583,0.342,0.482,0.498,0.558,-0.321,0.114,-0.022,0.196,-0.086,0.124,0.47,0.505,0.41,0.266,0.299,0.575,0.311,0.472,0.375,0.084,-0.155,-0.192,0.603,0.201,-0.025,-0.035,0.567,0.32,0.583,-0.078,0.54,0.483,-0.462,0.454,-0.054,0.177,0.305,0.479,0.403,0.57,0.548,-0.393,0.301,0.455,0.459,0.222,0.521,0.558,0.594,0.165,0.388,0.646,0.122,0.394,0.571,0.449,0.547,0.591,0.329,0.591,0.491,0.518,0.451,0.521,0.161,0.456,0.535,-0.593,-0.129,0.452,0.56,0.438,-0.535,0.368,0.094,0.419,0.544,0.641,0.258,-0.358,0.53,0.504,0.062,0.507,-0.184
BLNK,0.762,0.493,0.493,0.56,0.421,0.461,0.544,0.422,0.327,0.33,0.871,0.405,0.19,0.715,0.501,0.34,0.564,0.592,0.21,0.432,0.446,0.5,0.351,0.492,0.0,-0.193,-0.305,0.734,0.302,0.579,0.732,0.425,0.57,0.619,0.325,0.247,0.579,-0.559,0.371,-0.137,0.891,0.079,0.726,0.518,0.166,0.658,0.505,0.328,0.682,0.504,0.342,0.681,0.332,0.386,0.421,-0.664,0.273,0.439,0.672,0.412,0.096,0.549,0.394,-0.075,-0.01,0.469,0.454,0.529,0.491,0.286,0.428,-0.066,0.393,-0.049,0.363,0.758,0.089,0.124,0.078,0.295,0.3,-0.17,0.235,0.238,-0.065,-0.434,0.254,0.514,0.645,0.084,0.343,0.05,0.127,0.342,0.34,0.393,0.296,0.609,0.647,0.273,0.68,0.467,0.312,0.544,0.187,0.642,0.267,0.191,-0.497,0.18,0.489,0.457,0.558,0.212,0.696,0.372,0.757,0.515,0.562,-0.042,0.329,-0.183,0.218,-0.343,0.041,0.575,0.577,0.387,0.581,0.234,0.574,0.387,0.506,0.331,0.318,-0.048,-0.247,0.577,0.324,0.018,0.191,0.479,0.25,0.571,-0.005,0.592,0.418,-0.55,0.486,-0.105,0.161,0.107,0.44,0.447,0.567,0.366,-0.574,0.72,0.613,0.345,0.042,0.555,0.565,0.647,0.04,0.535,0.776,-0.117,0.367,0.593,0.398,0.667,0.735,0.259,0.624,0.637,0.537,0.499,0.532,0.321,0.568,0.651,-0.625,-0.144,0.376,0.669,0.352,-0.466,0.35,0.257,0.392,0.401,0.61,0.214,-0.393,0.424,0.489,0.256,0.483,-0.176
BTAI,-0.309,-0.728,-0.6,-0.668,-0.89,-0.861,-0.812,-0.823,-0.836,-0.616,-0.04,-0.889,-0.899,0.138,-0.841,-0.946,-0.801,-0.822,0.769,-0.885,-0.855,-0.901,0.435,-0.335,-0.193,0.0,-0.67,-0.554,0.305,-0.849,-0.561,0.15,-0.734,-0.722,0.122,-0.642,-0.829,0.375,-0.831,0.733,-0.321,0.748,-0.632,-0.766,-0.831,-0.587,-0.708,-0.899,-0.134,-0.734,-0.493,0.194,-0.775,-0.93,-0.898,-0.081,-0.909,-0.852,-0.606,-0.064,0.927,-0.745,-0.464,0.801,-0.175,-0.811,-0.816,-0.616,-0.843,-0.852,-0.819,0.951,-0.843,-0.846,-0.877,-0.468,-0.891,-0.329,0.795,-0.959,-0.814,-0.73,-0.705,-0.209,-0.749,0.812,-0.778,-0.856,-0.62,-0.141,-0.877,0.791,-0.715,-0.85,-0.888,-0.836,-0.916,-0.52,-0.679,-0.719,-0.643,-0.604,-0.88,-0.144,0.419,-0.576,0.735,0.042,0.697,-0.9,-0.616,-0.861,-0.81,-0.789,-0.722,-0.903,-0.316,-0.904,-0.829,0.638,0.444,0.012,0.784,-0.293,-0.734,-0.715,-0.649,-0.863,-0.29,-0.864,-0.822,-0.813,-0.875,-0.958,0.726,0.795,-0.562,-0.797,-0.765,-0.785,0.752,-0.84,-0.882,-0.839,-0.558,-0.807,-0.911,0.085,-0.648,-0.664,0.089,-0.905,-0.887,-0.806,-0.804,-0.772,0.483,-0.539,-0.726,-0.933,-0.851,-0.825,-0.803,-0.775,-0.921,-0.848,-0.385,0.206,-0.892,-0.797,-0.909,-0.736,-0.596,-0.905,-0.651,-0.609,-0.848,-0.837,-0.809,0.105,-0.621,-0.733,0.23,0.833,-0.843,-0.786,-0.952,0.854,-0.909,-0.113,-0.932,-0.849,-0.782,-0.777,0.414,-0.869,-0.87,-0.558,-0.853,-0.089
BYND,-0.297,0.516,0.302,0.346,0.602,0.585,0.472,0.492,0.419,0.481,-0.442,0.566,0.797,-0.52,0.516,0.611,0.374,0.406,-0.674,0.58,0.565,0.502,-0.698,-0.114,-0.305,-0.67,0.0,-0.022,-0.334,0.411,0.091,-0.181,0.415,0.19,-0.124,0.511,0.406,0.138,0.66,-0.6,-0.262,-0.584,0.129,0.506,0.717,-0.029,0.523,0.653,-0.06,0.376,0.288,-0.42,0.418,0.52,0.576,0.449,0.745,0.589,0.23,0.065,-0.809,0.387,0.458,-0.594,0.253,0.57,0.587,0.131,0.555,0.744,0.397,-0.789,0.572,0.685,0.662,0.018,0.835,0.282,-0.783,0.65,0.56,0.655,0.532,0.208,0.855,-0.46,0.741,0.495,0.25,-0.285,0.702,-0.658,0.451,0.579,0.655,0.485,0.667,0.229,0.22,0.536,0.262,0.43,0.693,-0.39,-0.448,0.033,-0.757,0.038,-0.284,0.718,0.427,0.586,0.433,0.744,0.268,0.651,-0.194,0.497,0.428,-0.413,-0.777,0.174,-0.786,0.638,0.83,0.24,0.152,0.651,0.171,0.76,0.419,0.649,0.549,0.679,-0.687,-0.74,0.893,0.371,0.636,0.803,-0.828,0.501,0.715,0.392,0.613,0.445,0.552,0.497,0.458,0.825,0.096,0.806,0.57,0.562,0.282,0.469,0.156,0.124,0.322,0.654,0.855,0.47,0.399,0.309,0.83,0.499,-0.072,-0.232,0.654,0.355,0.603,0.272,0.21,0.762,0.331,0.173,0.485,0.557,0.483,0.137,0.383,0.291,0.433,-0.658,0.637,0.353,0.649,-0.411,0.67,0.05,0.612,0.454,0.328,0.775,-0.119,0.532,0.498,0.408,0.505,0.459
CAN,0.571,0.58,0.675,0.8,0.732,0.742,0.683,0.695,0.604,0.619,0.665,0.779,0.537,0.613,0.582,0.635,0.884,0.801,-0.109,0.743,0.744,0.732,0.133,0.707,0.734,-0.554,-0.022,0.0,0.255,0.804,0.908,0.238,0.816,0.814,0.08,0.593,0.85,-0.786,0.67,-0.223,0.888,-0.117,0.853,0.697,0.54,0.937,0.658,0.633,0.594,0.858,0.713,0.356,0.766,0.739,0.744,-0.559,0.587,0.742,0.895,0.475,-0.31,0.785,0.371,-0.359,-0.069,0.717,0.706,0.858,0.728,0.551,0.773,-0.411,0.739,0.262,0.675,0.875,0.436,0.058,-0.225,0.658,0.512,0.203,0.352,0.3,0.199,-0.766,0.522,0.816,0.865,0.412,0.627,-0.199,0.372,0.601,0.612,0.774,0.657,0.472,0.797,0.607,0.875,0.496,0.582,0.295,0.018,0.774,-0.0,0.114,-0.82,0.518,0.621,0.723,0.75,0.486,0.862,0.609,0.723,0.771,0.858,-0.324,0.14,0.03,-0.029,-0.258,0.213,0.862,0.806,0.645,0.456,0.542,0.844,0.571,0.76,0.607,-0.082,-0.343,-0.064,0.875,0.484,0.178,-0.243,0.815,0.531,0.842,0.146,0.799,0.782,-0.629,0.742,0.03,0.085,0.489,0.758,0.686,0.787,0.784,-0.659,0.632,0.705,0.685,0.402,0.798,0.768,0.899,0.366,0.71,0.857,-0.07,0.683,0.85,0.713,0.883,0.872,0.577,0.837,0.828,0.803,0.743,0.818,0.201,0.645,0.868,-0.813,-0.337,0.686,0.836,0.682,-0.834,0.658,0.241,0.692,0.781,0.907,0.446,-0.663,0.793,0.776,0.184,0.799,-0.215
CCEC,0.15,-0.015,0.097,0.266,-0.024,0.051,-0.005,0.044,-0.217,0.155,0.483,-0.015,-0.131,0.488,-0.215,-0.183,0.122,-0.036,0.495,0.003,0.01,-0.055,0.38,0.115,0.302,0.305,-0.334,0.255,0.0,0.027,0.321,0.328,0.211,-0.063,0.064,-0.058,0.121,-0.284,0.023,0.248,0.373,0.432,0.168,0.105,-0.119,0.216,0.19,-0.086,0.234,0.115,0.164,0.598,0.024,-0.14,-0.099,-0.51,-0.092,0.068,0.317,0.499,0.451,0.165,0.181,0.252,-0.288,0.093,0.066,0.053,-0.083,-0.031,-0.081,0.364,0.025,-0.588,-0.074,0.375,-0.235,0.116,0.302,-0.193,-0.085,-0.421,-0.332,-0.089,-0.332,-0.025,0.037,0.054,0.336,0.003,-0.015,0.443,-0.379,-0.069,-0.068,-0.002,-0.036,-0.128,-0.028,-0.094,0.287,0.197,-0.036,-0.014,0.066,0.208,0.57,-0.072,-0.153,-0.227,0.111,-0.028,0.006,0.004,0.195,-0.068,0.013,-0.053,0.078,0.118,0.182,-0.089,0.502,-0.159,-0.113,0.189,0.09,0.006,0.06,-0.048,0.081,0.013,0.022,-0.226,0.591,0.149,-0.316,0.145,0.069,-0.346,0.268,0.096,-0.276,0.053,-0.009,-0.022,-0.049,-0.409,0.221,-0.243,0.508,-0.209,0.022,0.138,-0.061,0.146,-0.132,0.178,0.148,-0.099,-0.115,0.06,0.038,0.144,-0.337,-0.083,0.274,-0.2,0.0,0.155,-0.009,0.216,0.221,-0.095,0.282,0.32,0.071,0.083,0.148,0.437,0.174,0.129,-0.251,0.242,0.057,0.021,-0.158,-0.025,-0.084,0.536,-0.078,-0.154,0.109,-0.037,-0.4,0.055,0.052,-0.404,0.102,0.115
CDW,0.55,0.828,0.78,0.9,0.927,0.942,0.951,0.905,0.737,0.638,0.483,0.907,0.829,0.289,0.871,0.883,0.914,0.9,-0.457,0.957,0.887,0.965,-0.187,0.498,0.579,-0.849,0.411,0.804,0.027,0.0,0.847,0.05,0.912,0.874,-0.015,0.579,0.964,-0.661,0.868,-0.696,0.665,-0.568,0.837,0.94,0.719,0.79,0.882,0.932,0.439,0.848,0.542,0.19,0.811,0.914,0.885,-0.351,0.86,0.909,0.845,0.323,-0.68,0.878,0.655,-0.735,-0.017,0.921,0.889,0.689,0.939,0.869,0.815,-0.756,0.868,0.55,0.865,0.8,0.744,0.373,-0.64,0.899,0.782,0.393,0.606,0.172,0.554,-0.893,0.796,0.95,0.827,0.085,0.891,-0.533,0.514,0.8,0.918,0.835,0.907,0.688,0.8,0.645,0.886,0.786,0.908,0.262,-0.371,0.828,-0.432,-0.074,-0.87,0.779,0.71,0.919,0.949,0.75,0.947,0.929,0.498,0.978,0.963,-0.598,-0.297,-0.165,-0.485,0.054,0.644,0.871,0.748,0.908,0.42,0.816,0.954,0.884,0.958,0.912,-0.355,-0.719,0.301,0.948,0.797,0.608,-0.501,0.948,0.82,0.968,0.492,0.919,0.94,-0.397,0.781,0.552,0.084,0.789,0.943,0.897,0.877,0.865,-0.641,0.777,0.924,0.92,0.723,0.958,0.954,0.968,0.72,0.905,0.653,-0.355,0.901,0.968,0.948,0.929,0.814,0.855,0.89,0.841,0.969,0.943,0.93,0.138,0.847,0.89,-0.44,-0.761,0.896,0.952,0.933,-0.943,0.877,0.259,0.935,0.847,0.937,0.734,-0.598,0.934,0.975,0.39,0.957,0.107
CDXS,0.569,0.636,0.733,0.9,0.795,0.793,0.792,0.741,0.567,0.625,0.713,0.775,0.586,0.584,0.66,0.664,0.863,0.793,-0.114,0.814,0.771,0.78,0.113,0.684,0.732,-0.561,0.091,0.908,0.321,0.847,0.0,0.193,0.926,0.72,0.072,0.499,0.899,-0.761,0.723,-0.353,0.849,-0.198,0.826,0.833,0.513,0.858,0.813,0.713,0.631,0.845,0.564,0.485,0.676,0.723,0.734,-0.619,0.655,0.802,0.925,0.542,-0.315,0.873,0.596,-0.441,-0.139,0.843,0.801,0.69,0.758,0.645,0.642,-0.441,0.756,0.215,0.69,0.874,0.44,0.305,-0.296,0.649,0.58,0.114,0.273,0.257,0.212,-0.759,0.672,0.871,0.91,0.213,0.721,-0.154,0.198,0.631,0.706,0.736,0.727,0.494,0.706,0.519,0.92,0.695,0.708,0.189,-0.112,0.809,-0.009,0.068,-0.863,0.559,0.622,0.755,0.84,0.627,0.936,0.737,0.578,0.82,0.868,-0.498,-0.026,-0.123,-0.063,-0.07,0.414,0.81,0.7,0.746,0.453,0.651,0.873,0.752,0.802,0.655,0.017,-0.428,0.023,0.914,0.619,0.289,-0.196,0.873,0.515,0.891,0.223,0.831,0.794,-0.609,0.777,0.239,0.299,0.522,0.812,0.811,0.74,0.817,-0.674,0.709,0.856,0.732,0.515,0.864,0.819,0.92,0.408,0.713,0.775,-0.281,0.751,0.892,0.784,0.915,0.866,0.642,0.938,0.905,0.873,0.845,0.885,0.351,0.819,0.841,-0.597,-0.429,0.794,0.889,0.709,-0.82,0.688,0.398,0.753,0.694,0.885,0.574,-0.74,0.833,0.851,0.208,0.859,0.079
