,ABEO,ACHC,AGNCN,AKAM,AKRO,ALRM,AMAT,AMED,AMRN,ANGI,APA,APOG,APPS,ARCB,ARCC,ARVN,ATEC,ATXS,AVAV,AXON,BANF,BATRK,BIDU,BLNE,BLNK,BTAI,BYND,CAN,CCEC,CDW,CDXS,CELH,CGNX,CHKP,CHRS,CHRW,CIGI,CKPT,CMPR,COGT,CRNC,CRSP,CSTL,CTSH,CVGW,DGLY,DNLI,DOCU,DVAX,EBAY,EHTH,ERII,ESLT,EXPE,EXPO,FBIOP,FFBC,FFIN,FOXF,FWRD,GDS,GERN,GPRE,GRWG,GRYP,HEES,HELE,HIVE,HON,HRTX,HSTM,HURA,IART,IBKR,IBOC,IBRX,IDXX,INGN,INM,INVA,IQ,IRBT,KDP,KPTI,KTOS,KXIN,LAMR,LFUS,LGIH,LGMK,LKFN,LNW,LOPE,LPSN,LYFT,MGNX,MLCO,MNST,MODV,MSTR,MTCH,MYGN,MYRG,NCMI,NEXT,NFLX,NIU,NKTR,NRC,NTNX,NTRA,NVEE,NVMI,NWL,NWS,NXPI,OCGN,OCSL,OKTA,OLLI,OTLK,OXLC,PAA,PARA,PARAA,PDCO,PDFS,PFG,PGEN,PNFP,PODD,POWI,PSMT,PTC,PTEN,PVLA,RDNT,RDUS,RDWR,REGN,RNAC,ROCK,ROST,RRR,RSLS,RVMD,RYAAY,SAFT,SAGE,SAVA,SBGI,SFM,SFNC,SHYF,SIBN,SIFY,SIGI,SIMO,SITM,SLM,SNBR,SNDX,SNY,SPNS,SRRK,STRA,SUPN,SYRE,TCBK,TEAM,TECH,THRM,TLRY,TRMK,TROW,TSLA,TWST,TXN,UFPI,UNIT,UPWK,USLM,UTHR,VERB,VLY,VRNA,VRRM,VXRT,WAFD,WATT,WBA,WING,WIX,WTFC,WTW,XPEL,XRX,YMAB,ZG,ZLAB
ABEO,0.0,-0.038,-0.119,-0.662,-0.171,-0.569,-0.569,0.361,0.51,-0.666,0.462,0.539,-0.512,0.494,-0.29,0.622,0.006,0.119,-0.56,0.619,0.013,-0.198,-0.388,0.004,0.071,-0.474,0.714,0.239,-0.244,-0.568,0.646,-0.636,-0.498,0.352,0.718,0.098,0.176,0.53,-0.228,-0.136,0.434,-0.502,-0.021,-0.319,0.017,0.02,-0.555,-0.294,-0.174,-0.004,-0.124,-0.479,-0.502,0.104,0.522,0.087,0.455,0.526,0.409,0.415,0.678,-0.52,0.457,-0.454,0.516,0.262,-0.407,0.338,0.298,0.69,0.437,0.243,0.514,0.284,-0.333,0.182,-0.046,0.629,0.16,-0.65,0.45,0.654,0.493,0.533,-0.337,0.186,0.45,-0.331,-0.663,-0.158,0.525,-0.498,0.536,0.301,0.484,0.534,0.646,-0.442,0.477,0.474,0.497,0.529,-0.324,-0.029,-0.366,-0.624,0.061,0.656,0.48,-0.587,0.498,0.511,-0.466,0.511,-0.636,0.01,0.361,0.071,-0.424,-0.199,-0.321,-0.556,-0.286,0.463,0.479,-0.028,0.25,0.566,0.036,0.345,0.193,-0.395,0.38,-0.536,0.478,-0.252,0.463,0.3,0.186,0.487,-0.251,-0.493,0.213,0.336,0.245,-0.549,-0.575,0.278,-0.587,-0.541,0.349,-0.25,0.155,0.329,-0.526,0.627,-0.323,0.598,0.406,-0.593,0.597,-0.223,0.475,-0.526,-0.306,0.5,0.695,0.579,0.235,0.232,0.102,0.212,0.08,0.429,0.394,-0.443,0.139,0.33,-0.343,-0.32,0.396,-0.584,0.375,0.351,0.359,0.517,-0.426,-0.655,0.291,0.592,0.43,-0.251,0.249,0.341,0.359,-0.379,0.012,-0.583,0.052,0.457
ACHC,-0.038,0.0,0.34,0.234,-0.213,0.49,-0.032,-0.06,-0.393,-0.171,0.574,0.445,0.486,0.476,0.2,0.482,0.425,-0.586,-0.143,-0.041,0.686,-0.5,0.211,0.577,0.011,-0.194,0.186,-0.383,0.358,-0.079,0.174,-0.204,-0.132,0.708,0.147,-0.827,0.71,-0.024,-0.168,-0.487,0.083,-0.145,0.462,-0.446,-0.537,0.207,-0.194,0.479,-0.027,-0.532,0.405,-0.15,-0.55,0.142,0.621,-0.36,0.467,0.212,0.383,0.7,0.193,-0.221,0.161,-0.289,-0.014,0.843,-0.517,0.474,-0.271,0.062,0.649,-0.462,0.625,0.685,0.229,-0.633,0.64,0.066,0.124,0.223,0.351,0.423,0.674,0.423,-0.376,0.372,0.368,-0.487,0.002,-0.36,0.639,0.036,0.138,0.336,0.114,-0.286,0.24,-0.672,0.394,-0.376,0.104,0.338,-0.72,-0.179,-0.075,0.156,0.472,0.265,0.471,-0.008,-0.123,-0.012,0.304,0.574,0.204,-0.106,0.331,0.561,-0.045,-0.777,-0.243,0.133,0.576,0.325,0.311,0.576,0.299,0.502,-0.308,0.693,-0.203,-0.175,0.768,-0.218,0.7,0.02,-0.316,0.671,0.739,0.257,-0.118,-0.498,0.424,-0.221,0.277,-0.2,-0.213,0.632,-0.163,-0.065,0.534,-0.749,0.33,-0.111,-0.321,0.317,-0.53,0.239,0.543,0.371,0.347,0.478,0.571,-0.402,-0.18,0.641,0.115,-0.069,0.82,0.547,-0.328,-0.672,-0.534,0.507,0.637,-0.251,0.316,0.647,-0.387,-0.411,0.702,-0.002,0.516,0.58,0.621,0.243,-0.302,-0.148,0.76,0.045,0.633,-0.687,0.684,0.672,0.74,0.438,0.044,-0.149,-0.417,0.032
AGNCN,-0.119,0.34,0.0,0.344,0.026,0.379,0.181,0.047,-0.158,0.093,0.164,0.158,0.315,0.087,0.58,0.112,0.014,-0.014,0.071,-0.238,0.493,0.01,-0.012,0.171,0.037,0.023,0.079,-0.052,0.332,0.37,-0.091,0.058,0.002,0.193,-0.078,-0.161,0.426,0.09,0.208,-0.271,-0.08,0.038,0.179,-0.203,0.017,-0.118,-0.041,0.344,-0.311,0.101,0.127,0.095,0.038,0.424,0.156,-0.151,0.301,0.2,0.062,0.209,-0.02,-0.17,-0.062,0.115,-0.128,0.236,0.013,0.327,0.276,-0.023,0.04,-0.503,0.189,0.306,0.522,-0.11,0.392,-0.137,0.109,0.135,-0.287,0.01,-0.025,0.105,0.023,0.248,0.158,-0.219,0.361,-0.228,0.204,0.241,0.108,0.336,-0.036,-0.127,0.006,-0.137,0.024,0.081,0.133,0.002,-0.22,-0.024,0.051,0.354,0.579,-0.246,0.365,-0.042,-0.348,-0.038,0.233,0.188,0.122,0.056,-0.06,0.595,-0.017,-0.226,-0.087,0.327,0.423,0.194,0.182,0.332,0.038,0.219,0.118,0.415,-0.467,0.128,0.299,0.074,0.198,-0.098,0.174,0.164,0.335,0.147,0.231,-0.082,0.217,0.095,-0.099,-0.108,0.158,0.259,0.126,0.093,0.329,-0.214,0.282,0.229,-0.126,-0.112,-0.155,0.125,0.249,0.512,-0.153,0.196,-0.087,-0.113,-0.136,0.125,0.051,0.1,0.378,0.091,-0.326,-0.181,-0.07,0.278,0.355,0.102,0.073,0.217,-0.031,-0.077,0.303,0.135,0.215,0.086,0.378,-0.047,0.189,0.023,0.382,-0.083,0.291,-0.309,0.342,0.383,0.071,0.352,0.409,0.107,-0.11,-0.032
AKAM,-0.662,0.234,0.344,0.0,0.487,0.875,0.752,-0.595,-0.598,0.861,-0.473,-0.548,0.749,-0.422,0.543,-0.578,0.336,-0.139,0.755,-0.837,0.249,0.055,0.6,0.312,0.153,0.74,-0.778,-0.389,0.429,0.711,-0.803,0.859,0.682,-0.277,-0.843,-0.255,-0.198,-0.531,0.107,0.173,-0.674,0.782,0.377,0.42,-0.226,0.258,0.769,0.644,0.382,-0.147,0.515,0.685,0.563,0.11,-0.485,-0.231,-0.487,-0.617,-0.531,-0.359,-0.808,0.703,-0.676,0.704,-0.581,-0.069,0.274,-0.326,-0.312,-0.75,-0.299,-0.364,-0.445,-0.058,0.53,-0.209,0.406,-0.826,-0.086,0.902,-0.491,-0.705,-0.435,-0.549,0.508,-0.156,-0.569,0.356,0.763,0.218,-0.463,0.811,-0.672,0.116,-0.649,-0.604,-0.736,0.437,-0.519,-0.617,-0.568,-0.612,0.31,0.147,0.545,0.801,0.035,-0.657,-0.208,0.784,-0.391,-0.483,0.748,-0.561,0.721,0.16,-0.17,0.006,0.646,0.074,0.568,0.807,0.535,-0.571,-0.591,0.186,-0.259,-0.528,-0.027,-0.218,-0.145,0.697,-0.267,0.716,-0.425,0.41,-0.314,-0.166,0.014,-0.557,0.267,0.561,-0.283,-0.592,-0.148,0.746,0.808,-0.326,0.773,0.806,-0.347,0.208,-0.197,-0.541,0.49,-0.602,0.412,-0.73,-0.412,0.766,-0.745,0.332,-0.438,0.632,0.526,-0.508,-0.665,-0.585,-0.135,-0.213,-0.078,-0.414,0.003,-0.519,-0.323,0.593,0.163,-0.069,0.529,0.438,-0.263,0.761,-0.399,-0.312,-0.406,-0.357,0.569,0.803,-0.187,-0.655,-0.414,0.022,-0.156,-0.245,-0.194,0.742,-0.243,0.845,0.135,-0.332
AKRO,-0.171,-0.213,0.026,0.487,0.0,0.371,0.425,-0.422,-0.257,0.606,-0.538,-0.555,0.271,-0.416,0.334,-0.413,0.347,0.127,0.633,-0.387,-0.203,-0.036,0.275,0.17,0.368,0.794,-0.489,-0.321,0.251,0.298,-0.635,0.632,0.552,-0.346,-0.572,0.019,-0.501,-0.435,-0.295,0.707,-0.612,0.772,0.31,0.498,-0.221,0.243,0.652,0.315,0.498,0.114,0.413,0.666,0.489,0.019,-0.531,0.095,-0.575,-0.582,-0.677,-0.511,-0.503,0.651,-0.726,0.645,-0.176,-0.255,0.16,-0.371,-0.247,-0.34,-0.377,0.063,-0.516,-0.037,0.134,0.443,0.14,-0.686,0.005,0.401,-0.355,-0.511,-0.361,-0.587,0.514,-0.414,-0.659,0.459,0.322,0.522,-0.513,0.509,-0.63,0.214,-0.611,-0.114,-0.531,0.514,-0.595,-0.304,-0.588,-0.658,0.492,0.355,0.433,0.474,-0.068,-0.322,-0.154,0.55,0.148,-0.228,0.335,-0.559,0.232,0.139,0.109,-0.331,0.623,0.312,0.621,0.535,0.131,-0.637,-0.642,-0.297,-0.143,-0.469,0.322,-0.425,0.245,0.651,-0.53,0.665,-0.496,0.368,0.176,-0.413,-0.193,-0.588,0.266,0.646,-0.422,-0.474,-0.01,0.717,0.618,-0.64,0.698,0.736,-0.578,0.307,-0.427,-0.478,0.147,-0.371,0.584,-0.546,-0.591,0.327,-0.481,0.366,-0.289,0.622,0.787,-0.534,-0.374,-0.195,-0.451,-0.54,0.165,-0.094,0.499,-0.638,-0.469,0.565,0.443,-0.16,0.674,0.65,-0.45,0.407,-0.626,-0.451,-0.573,0.09,0.529,0.487,-0.444,-0.266,-0.594,0.175,-0.497,-0.46,-0.188,0.608,-0.375,0.755,0.574,0.087
ALRM,-0.569,0.49,0.379,0.875,0.371,0.0,0.629,-0.504,-0.615,0.653,-0.224,-0.345,0.835,-0.239,0.457,-0.34,0.471,-0.315,0.656,-0.675,0.4,-0.169,0.559,0.395,0.178,0.576,-0.578,-0.447,0.569,0.546,-0.626,0.65,0.584,-0.019,-0.662,-0.469,0.036,-0.434,-0.053,0.014,-0.532,0.647,0.47,0.238,-0.373,0.314,0.591,0.752,0.297,-0.278,0.638,0.57,0.317,0.187,-0.209,-0.254,-0.256,-0.459,-0.362,-0.086,-0.609,0.536,-0.567,0.522,-0.452,0.229,0.026,-0.113,-0.334,-0.549,-0.05,-0.407,-0.192,0.161,0.518,-0.384,0.501,-0.678,0.064,0.791,-0.31,-0.45,-0.149,-0.339,0.343,0.009,-0.389,0.18,0.653,0.12,-0.175,0.694,-0.525,0.278,-0.519,-0.563,-0.532,0.151,-0.333,-0.607,-0.463,-0.422,0.037,0.105,0.364,0.792,0.299,-0.461,0.002,0.625,-0.324,-0.338,0.749,-0.3,0.601,0.145,-0.011,0.159,0.592,-0.18,0.459,0.72,0.617,-0.403,-0.424,0.279,-0.08,-0.272,-0.066,0.016,-0.252,0.589,0.009,0.568,-0.125,0.423,-0.308,0.067,0.242,-0.411,0.199,0.343,-0.157,-0.58,0.069,0.583,0.621,-0.091,0.635,0.7,-0.145,-0.072,-0.034,-0.517,0.307,-0.361,0.179,-0.536,-0.182,0.754,-0.509,0.465,-0.189,0.426,0.424,-0.245,-0.477,-0.488,0.146,-0.011,-0.144,-0.522,-0.109,-0.277,-0.079,0.467,0.29,0.153,0.372,0.282,-0.0,0.625,-0.188,-0.074,-0.162,-0.183,0.399,0.597,0.083,-0.483,-0.167,-0.209,0.077,0.004,0.07,0.764,-0.237,0.682,0.051,-0.216
AMAT,-0.569,-0.032,0.181,0.752,0.425,0.629,0.0,-0.318,-0.205,0.772,-0.625,-0.621,0.798,-0.55,0.499,-0.655,0.222,0.028,0.74,-0.641,0.232,0.077,0.755,0.05,0.358,0.658,-0.715,-0.215,0.524,0.73,-0.737,0.798,0.847,-0.477,-0.765,0.055,-0.428,-0.547,0.235,0.171,-0.277,0.674,0.215,0.67,-0.002,0.432,0.853,0.663,0.589,-0.257,0.45,0.733,0.803,0.425,-0.58,-0.454,-0.419,-0.521,-0.597,-0.48,-0.832,0.783,-0.666,0.478,-0.561,-0.224,0.371,-0.361,-0.162,-0.854,-0.434,-0.124,-0.586,-0.277,0.716,0.076,0.268,-0.695,-0.003,0.861,-0.567,-0.758,-0.549,-0.69,0.755,-0.335,-0.682,0.726,0.807,0.306,-0.483,0.68,-0.602,-0.248,-0.697,-0.759,-0.679,0.619,-0.667,-0.55,-0.59,-0.566,0.466,0.136,0.474,0.773,0.084,-0.685,-0.541,0.848,-0.272,-0.222,0.872,-0.711,0.819,0.501,-0.343,-0.26,0.722,0.359,0.738,0.808,0.624,-0.668,-0.676,0.157,0.087,-0.563,0.367,-0.3,-0.277,0.845,-0.38,0.828,-0.447,0.37,-0.034,-0.126,-0.325,-0.637,-0.145,0.735,-0.254,-0.299,-0.053,0.743,0.858,-0.308,0.694,0.523,-0.416,0.307,0.049,-0.554,0.629,-0.678,0.577,-0.784,-0.479,0.556,-0.746,0.267,-0.455,0.778,0.603,-0.651,-0.7,-0.684,-0.258,-0.267,0.277,-0.172,0.155,-0.477,-0.482,0.727,0.182,-0.009,0.715,0.583,-0.43,0.95,-0.528,-0.436,-0.458,-0.659,0.717,0.895,-0.224,-0.666,-0.552,0.216,-0.29,-0.218,-0.358,0.312,-0.33,0.784,0.345,-0.434
AMED,0.361,-0.06,0.047,-0.595,-0.422,-0.504,-0.318,0.0,0.544,-0.567,0.396,0.43,-0.342,0.268,-0.075,0.416,-0.279,0.338,-0.494,0.533,0.156,0.056,-0.208,-0.327,-0.026,-0.564,0.579,0.41,-0.193,-0.227,0.547,-0.573,-0.301,0.129,0.6,0.332,0.313,0.449,0.26,-0.255,0.709,-0.57,-0.299,-0.211,0.445,-0.212,-0.514,-0.327,-0.309,0.174,-0.362,-0.417,-0.262,0.376,0.341,0.037,0.592,0.612,0.381,0.348,0.558,-0.481,0.578,-0.512,0.478,0.005,0.096,0.199,0.525,0.425,0.158,0.102,0.353,0.08,0.067,0.175,-0.066,0.626,0.088,-0.531,0.286,0.415,0.147,0.364,-0.076,0.12,0.465,-0.206,-0.234,-0.384,0.384,-0.376,0.568,-0.135,0.37,0.364,0.589,-0.248,0.28,0.443,0.525,0.515,-0.157,-0.062,-0.193,-0.377,0.302,0.322,0.118,-0.483,0.258,0.641,-0.365,0.426,-0.263,-0.045,-0.065,0.179,-0.463,0.045,-0.468,-0.293,-0.094,0.435,0.446,0.158,0.39,0.494,0.218,0.358,0.002,-0.387,0.322,-0.421,0.396,-0.388,0.445,0.28,0.096,0.44,-0.345,-0.351,0.451,0.715,0.121,-0.492,-0.418,0.44,-0.444,-0.608,0.42,-0.185,0.543,0.521,-0.36,0.316,-0.171,0.467,0.338,-0.294,0.384,-0.134,0.149,-0.448,-0.51,0.392,0.416,0.454,0.214,0.103,0.076,0.497,0.016,0.558,0.435,-0.23,-0.116,0.139,-0.372,-0.167,0.317,-0.346,0.414,0.167,0.462,-0.05,-0.106,-0.504,0.351,0.405,0.394,-0.071,0.225,0.413,0.055,-0.54,0.291,-0.602,0.005,0.221
AMRN,0.51,-0.393,-0.158,-0.598,-0.257,-0.615,-0.205,0.544,0.0,-0.547,0.279,0.447,-0.445,0.327,-0.126,0.34,-0.245,0.528,-0.382,0.557,0.098,-0.055,-0.139,-0.385,0.272,-0.513,0.572,0.763,-0.21,-0.151,0.549,-0.481,-0.297,-0.054,0.539,0.628,0.076,0.578,0.36,-0.07,0.627,-0.538,-0.129,-0.08,0.658,0.138,-0.321,-0.187,-0.205,0.134,-0.261,-0.472,-0.094,0.371,0.239,-0.034,0.472,0.585,0.372,0.222,0.475,-0.361,0.501,-0.472,0.49,-0.112,0.121,0.174,0.656,0.325,0.151,0.306,0.253,-0.074,0.078,0.287,-0.211,0.607,0.214,-0.534,0.355,0.319,-0.015,0.34,-0.059,0.27,0.385,-0.013,-0.27,-0.226,0.269,-0.186,0.637,-0.107,0.477,0.317,0.608,-0.114,0.322,0.57,0.631,0.515,0.016,0.17,-0.007,-0.507,-0.044,0.341,0.053,-0.258,0.428,0.451,-0.341,0.236,-0.199,0.376,0.083,0.075,-0.39,0.144,-0.038,-0.276,-0.187,0.421,0.437,0.208,0.307,0.389,0.382,0.229,-0.093,-0.257,0.111,-0.298,0.17,-0.504,0.558,0.246,-0.125,0.509,-0.3,-0.22,0.433,0.775,0.322,-0.329,-0.227,0.268,-0.472,-0.55,0.379,0.031,0.541,0.464,-0.037,0.349,-0.123,0.453,0.317,-0.509,0.269,-0.196,-0.091,-0.309,-0.407,0.199,0.473,0.423,0.053,0.221,0.345,0.624,0.028,0.389,0.251,-0.213,-0.104,0.198,-0.085,-0.096,0.179,-0.276,0.31,0.201,0.252,-0.121,-0.216,-0.349,0.194,0.513,0.246,-0.012,0.138,0.291,-0.03,-0.669,0.12,-0.489,0.051,0.018
ANGI,-0.666,-0.171,0.093,0.861,0.606,0.653,0.772,-0.567,-0.547,0.0,-0.813,-0.872,0.576,-0.749,0.391,-0.843,0.131,0.016,0.819,-0.84,-0.186,0.335,0.502,0.1,0.076,0.881,-0.929,-0.398,0.267,0.704,-0.953,0.984,0.802,-0.629,-0.958,0.014,-0.598,-0.675,0.044,0.455,-0.725,0.913,0.079,0.686,-0.146,0.084,0.91,0.364,0.496,0.082,0.289,0.854,0.816,-0.048,-0.827,-0.036,-0.788,-0.82,-0.817,-0.757,-0.932,0.861,-0.807,0.846,-0.615,-0.457,0.466,-0.556,-0.367,-0.82,-0.672,-0.144,-0.812,-0.393,0.335,0.11,0.076,-0.922,-0.222,0.837,-0.68,-0.934,-0.687,-0.85,0.721,-0.525,-0.836,0.625,0.733,0.46,-0.805,0.701,-0.867,-0.119,-0.824,-0.488,-0.944,0.79,-0.812,-0.52,-0.778,-0.864,0.647,0.095,0.475,0.763,-0.172,-0.793,-0.522,0.789,-0.369,-0.435,0.632,-0.862,0.63,0.103,-0.383,-0.392,0.713,0.463,0.653,0.706,0.303,-0.841,-0.854,-0.224,-0.389,-0.824,0.052,-0.613,0.048,0.803,-0.667,0.858,-0.751,0.504,-0.224,-0.554,-0.368,-0.829,0.266,0.833,-0.569,-0.588,-0.365,0.865,0.857,-0.687,0.91,0.834,-0.712,0.547,-0.45,-0.579,0.588,-0.803,0.708,-0.928,-0.77,0.616,-0.852,0.143,-0.581,0.863,0.71,-0.82,-0.848,-0.676,-0.569,-0.568,0.019,-0.157,0.306,-0.789,-0.693,0.706,0.043,-0.448,0.684,0.686,-0.668,0.799,-0.736,-0.664,-0.736,-0.436,0.773,0.902,-0.594,-0.782,-0.781,0.421,-0.574,-0.62,-0.518,0.558,-0.279,0.95,0.389,-0.298
APA,0.462,0.574,0.164,-0.473,-0.538,-0.224,-0.625,0.396,0.279,-0.813,0.0,0.946,-0.259,0.894,-0.09,0.906,0.09,-0.132,-0.642,0.581,0.542,-0.425,-0.311,0.153,-0.052,-0.766,0.797,0.225,-0.07,-0.484,0.82,-0.811,-0.699,0.775,0.786,-0.298,0.846,0.583,-0.004,-0.575,0.53,-0.758,0.254,-0.759,-0.022,0.013,-0.777,-0.039,-0.467,-0.199,-0.005,-0.789,-0.873,0.104,0.916,-0.044,0.858,0.767,0.859,0.945,0.812,-0.756,0.768,-0.714,0.496,0.732,-0.521,0.563,0.312,0.647,0.85,-0.169,0.961,0.649,-0.091,-0.446,0.308,0.742,0.203,-0.547,0.717,0.886,0.764,0.932,-0.746,0.681,0.904,-0.768,-0.477,-0.575,0.903,-0.328,0.785,0.342,0.748,0.307,0.869,-0.917,0.892,0.235,0.744,0.842,-0.81,-0.055,-0.276,-0.484,0.298,0.694,0.71,-0.575,0.244,0.256,-0.369,0.93,-0.341,-0.066,0.436,0.732,-0.62,-0.71,-0.598,-0.411,0.032,0.875,0.876,0.571,0.329,0.897,-0.252,0.84,-0.128,-0.714,0.861,-0.768,0.879,-0.398,0.03,0.771,0.713,0.87,-0.128,-0.875,0.74,0.413,0.494,-0.718,-0.688,0.842,-0.743,-0.589,0.883,-0.7,0.536,0.493,-0.531,0.777,-0.794,0.858,0.898,-0.253,0.728,0.122,0.552,-0.872,-0.704,0.931,0.715,0.567,0.842,0.733,-0.182,-0.101,-0.544,0.84,0.919,-0.648,0.073,0.656,-0.681,-0.711,0.89,-0.654,0.907,0.826,0.836,0.436,-0.748,-0.756,0.836,0.672,0.934,-0.64,0.805,0.805,0.738,-0.142,0.283,-0.775,-0.546,0.187
APOG,0.539,0.445,0.158,-0.548,-0.555,-0.345,-0.621,0.43,0.447,-0.872,0.946,0.0,-0.327,0.888,-0.115,0.91,0.051,-0.072,-0.696,0.672,0.536,-0.438,-0.365,0.103,0.009,-0.818,0.873,0.36,-0.07,-0.466,0.887,-0.865,-0.764,0.749,0.838,-0.18,0.809,0.648,0.086,-0.574,0.615,-0.832,0.248,-0.795,0.098,0.043,-0.81,-0.057,-0.522,-0.191,-0.066,-0.835,-0.837,0.189,0.931,-0.092,0.904,0.86,0.898,0.923,0.841,-0.815,0.799,-0.773,0.529,0.676,-0.492,0.631,0.401,0.669,0.834,-0.12,0.949,0.601,-0.058,-0.355,0.201,0.807,0.24,-0.613,0.685,0.905,0.716,0.948,-0.735,0.728,0.921,-0.743,-0.541,-0.606,0.915,-0.363,0.887,0.311,0.813,0.317,0.926,-0.9,0.915,0.354,0.83,0.916,-0.777,-0.039,-0.297,-0.569,0.251,0.722,0.71,-0.589,0.263,0.296,-0.413,0.925,-0.375,0.029,0.452,0.708,-0.655,-0.658,-0.565,-0.451,-0.012,0.936,0.939,0.568,0.4,0.912,-0.132,0.85,-0.208,-0.714,0.845,-0.786,0.852,-0.526,0.17,0.772,0.643,0.935,-0.139,-0.887,0.776,0.543,0.471,-0.767,-0.694,0.859,-0.831,-0.684,0.918,-0.658,0.603,0.577,-0.497,0.794,-0.803,0.914,0.934,-0.318,0.748,0.081,0.503,-0.891,-0.743,0.91,0.807,0.631,0.818,0.762,-0.138,-0.035,-0.52,0.875,0.884,-0.673,0.038,0.655,-0.657,-0.751,0.886,-0.656,0.903,0.833,0.85,0.389,-0.762,-0.778,0.826,0.726,0.934,-0.646,0.805,0.829,0.664,-0.261,0.332,-0.822,-0.547,0.149
APPS,-0.512,0.486,0.315,0.749,0.271,0.835,0.798,-0.342,-0.445,0.576,-0.259,-0.327,0.0,-0.239,0.451,-0.319,0.504,-0.413,0.618,-0.537,0.482,-0.249,0.686,0.35,0.316,0.508,-0.5,-0.45,0.738,0.514,-0.559,0.573,0.673,0.009,-0.585,-0.44,-0.018,-0.55,-0.046,-0.056,-0.242,0.55,0.445,0.339,-0.397,0.479,0.6,0.848,0.477,-0.491,0.656,0.608,0.384,0.371,-0.151,-0.496,-0.152,-0.385,-0.35,-0.061,-0.594,0.548,-0.56,0.299,-0.447,0.281,-0.03,-0.004,-0.344,-0.632,-0.033,-0.302,-0.195,0.14,0.661,-0.227,0.482,-0.601,0.146,0.813,-0.325,-0.408,-0.067,-0.393,0.458,-0.098,-0.437,0.374,0.651,0.168,-0.065,0.561,-0.482,0.068,-0.569,-0.748,-0.488,0.155,-0.387,-0.637,-0.532,-0.35,0.018,0.032,0.272,0.79,0.425,-0.407,-0.166,0.69,-0.27,-0.171,0.884,-0.306,0.71,0.334,-0.063,0.025,0.682,-0.093,0.512,0.733,0.784,-0.441,-0.456,0.311,0.289,-0.222,0.143,0.063,-0.358,0.664,0.073,0.616,-0.008,0.396,-0.205,0.211,0.123,-0.468,-0.116,0.386,-0.051,-0.457,0.13,0.536,0.603,0.032,0.525,0.453,-0.132,-0.154,0.148,-0.57,0.32,-0.361,0.214,-0.537,-0.153,0.675,-0.407,0.542,-0.027,0.471,0.488,-0.229,-0.491,-0.613,0.2,0.036,0.044,-0.535,-0.064,-0.165,-0.124,0.519,0.391,0.303,0.441,0.312,-0.01,0.749,-0.233,-0.057,-0.092,-0.324,0.443,0.627,0.178,-0.501,-0.173,-0.184,0.081,0.135,0.089,0.538,-0.291,0.609,0.139,-0.259
ARCB,0.494,0.476,0.087,-0.422,-0.416,-0.239,-0.55,0.268,0.327,-0.749,0.894,0.888,-0.239,0.0,-0.038,0.827,0.208,-0.11,-0.476,0.589,0.495,-0.538,-0.27,0.108,0.118,-0.637,0.728,0.241,0.011,-0.503,0.745,-0.712,-0.648,0.734,0.719,-0.224,0.68,0.518,-0.102,-0.456,0.462,-0.651,0.394,-0.685,-0.016,0.168,-0.68,0.034,-0.344,-0.238,0.166,-0.721,-0.805,0.107,0.852,-0.05,0.719,0.632,0.762,0.871,0.714,-0.621,0.645,-0.63,0.5,0.701,-0.535,0.422,0.295,0.59,0.846,-0.037,0.903,0.634,-0.144,-0.373,0.3,0.663,0.255,-0.501,0.681,0.83,0.742,0.861,-0.679,0.674,0.766,-0.615,-0.435,-0.379,0.857,-0.235,0.71,0.343,0.663,0.234,0.817,-0.825,0.831,0.165,0.655,0.77,-0.691,0.132,-0.26,-0.437,0.169,0.698,0.678,-0.472,0.357,0.237,-0.326,0.812,-0.305,0.079,0.491,0.596,-0.465,-0.607,-0.452,-0.305,-0.037,0.774,0.775,0.517,0.353,0.829,-0.216,0.71,-0.052,-0.573,0.77,-0.63,0.775,-0.276,0.038,0.786,0.615,0.814,-0.127,-0.753,0.678,0.335,0.596,-0.579,-0.56,0.74,-0.675,-0.497,0.755,-0.621,0.428,0.348,-0.449,0.781,-0.679,0.783,0.813,-0.354,0.673,0.139,0.56,-0.724,-0.539,0.81,0.714,0.5,0.738,0.643,-0.001,-0.066,-0.468,0.674,0.786,-0.493,0.123,0.73,-0.463,-0.612,0.783,-0.605,0.759,0.812,0.691,0.489,-0.716,-0.688,0.717,0.705,0.787,-0.597,0.692,0.692,0.75,-0.145,0.095,-0.676,-0.421,0.162
ARCC,-0.29,0.2,0.58,0.543,0.334,0.457,0.499,-0.075,-0.126,0.391,-0.09,-0.115,0.451,-0.038,0.0,-0.144,0.166,0.158,0.453,-0.34,0.47,-0.012,0.303,0.119,0.333,0.394,-0.213,-0.287,0.419,0.541,-0.414,0.387,0.349,-0.012,-0.374,0.049,0.132,-0.27,0.238,0.142,-0.175,0.398,0.378,0.159,0.104,0.196,0.387,0.504,0.139,0.198,0.425,0.389,0.314,0.454,-0.146,-0.061,-0.018,-0.145,-0.315,-0.02,-0.296,0.342,-0.334,0.374,-0.178,0.016,0.29,-0.124,0.262,-0.335,-0.076,-0.376,-0.079,0.341,0.587,0.127,0.626,-0.444,0.017,0.401,-0.242,-0.29,-0.217,-0.262,0.263,0.009,-0.23,0.169,0.579,0.059,-0.095,0.634,-0.267,0.147,-0.439,-0.244,-0.249,0.207,-0.301,-0.317,-0.173,-0.326,0.201,0.343,0.432,0.587,0.258,-0.375,0.094,0.388,-0.086,-0.061,0.514,-0.153,0.507,0.22,-0.061,0.342,0.383,0.12,0.275,0.699,0.599,-0.19,-0.201,0.369,0.06,-0.018,0.232,0.167,-0.177,0.491,0.006,0.478,-0.055,0.213,0.131,0.078,0.22,-0.14,0.23,0.308,0.212,-0.008,0.088,0.358,0.508,-0.058,0.501,0.424,0.028,0.002,0.173,-0.026,0.024,-0.245,0.3,-0.225,-0.118,0.58,-0.39,0.364,-0.233,0.285,0.26,-0.168,-0.298,-0.193,0.084,-0.218,-0.036,-0.07,0.183,-0.083,0.118,0.532,0.286,0.249,0.404,0.395,0.009,0.435,-0.145,-0.153,0.018,-0.134,0.538,0.372,0.144,-0.18,-0.079,-0.115,-0.023,0.145,-0.012,0.472,0.018,0.447,0.237,-0.103
ARVN,0.622,0.482,0.112,-0.578,-0.413,-0.34,-0.655,0.416,0.34,-0.843,0.906,0.91,-0.319,0.827,-0.144,0.0,0.109,-0.122,-0.678,0.664,0.423,-0.508,-0.337,0.209,-0.031,-0.735,0.854,0.188,-0.017,-0.587,0.835,-0.844,-0.734,0.766,0.86,-0.301,0.75,0.564,-0.164,-0.467,0.582,-0.745,0.242,-0.77,-0.097,-0.002,-0.785,-0.063,-0.418,-0.177,-0.028,-0.731,-0.873,0.145,0.902,-0.043,0.831,0.759,0.757,0.869,0.861,-0.773,0.673,-0.713,0.534,0.725,-0.603,0.621,0.23,0.729,0.795,-0.157,0.911,0.704,-0.152,-0.223,0.251,0.727,0.188,-0.62,0.716,0.923,0.818,0.877,-0.724,0.588,0.811,-0.752,-0.628,-0.517,0.891,-0.452,0.759,0.402,0.681,0.405,0.895,-0.891,0.806,0.294,0.688,0.809,-0.79,-0.093,-0.314,-0.576,0.33,0.769,0.734,-0.609,0.339,0.336,-0.392,0.91,-0.459,-0.048,0.541,0.582,-0.562,-0.668,-0.507,-0.459,0.024,0.83,0.835,0.403,0.416,0.93,-0.127,0.829,-0.054,-0.648,0.799,-0.703,0.868,-0.464,0.212,0.674,0.688,0.813,-0.113,-0.869,0.647,0.428,0.457,-0.74,-0.719,0.741,-0.739,-0.641,0.822,-0.7,0.47,0.435,-0.636,0.824,-0.729,0.885,0.852,-0.302,0.836,0.135,0.637,-0.862,-0.565,0.931,0.787,0.628,0.779,0.624,-0.215,-0.093,-0.4,0.837,0.844,-0.641,0.182,0.637,-0.654,-0.657,0.866,-0.676,0.811,0.788,0.793,0.559,-0.688,-0.806,0.801,0.732,0.882,-0.667,0.756,0.8,0.791,-0.201,0.266,-0.78,-0.385,0.335
ATEC,0.006,0.425,0.014,0.336,0.347,0.471,0.222,-0.279,-0.245,0.131,0.09,0.051,0.504,0.208,0.166,0.109,0.0,-0.438,0.452,-0.065,0.34,-0.631,0.4,0.308,0.495,0.374,-0.062,-0.358,0.552,-0.141,-0.162,0.184,0.329,0.392,-0.117,-0.424,0.001,-0.234,-0.506,0.168,-0.168,0.375,0.734,0.13,-0.485,0.678,0.212,0.6,0.461,-0.476,0.82,0.323,-0.114,0.125,0.215,-0.094,-0.033,-0.222,-0.172,0.233,-0.102,0.352,-0.359,0.181,0.13,0.447,-0.346,0.03,-0.301,-0.019,0.453,0.106,0.143,0.497,0.161,-0.061,0.521,-0.27,0.455,0.315,0.212,0.073,0.357,-0.022,0.135,0.065,-0.218,0.147,0.018,0.262,0.227,0.32,-0.241,0.542,-0.312,-0.178,-0.06,-0.166,-0.019,-0.46,-0.321,-0.076,-0.068,0.505,0.26,0.344,0.255,0.277,0.275,0.352,0.454,0.182,0.433,0.043,0.148,0.205,0.573,-0.014,0.571,-0.184,0.397,0.322,0.301,-0.224,-0.225,0.204,0.412,0.122,0.062,0.155,0.191,0.414,0.284,0.3,0.231,0.412,-0.02,0.397,0.409,-0.166,-0.019,0.11,0.082,-0.433,0.532,0.376,0.187,0.074,0.204,0.371,-0.064,-0.314,0.053,-0.561,-0.135,0.336,0.115,-0.136,0.003,0.166,0.036,0.524,0.335,0.196,0.467,0.083,0.09,-0.083,0.259,0.088,0.327,-0.389,0.122,-0.112,0.1,0.329,0.64,0.55,0.362,0.205,0.218,0.14,-0.091,0.228,0.001,0.372,0.043,0.05,0.232,0.186,-0.002,-0.404,0.097,0.194,0.428,0.469,-0.65,0.283,0.291,0.273
ATXS,0.119,-0.586,-0.014,-0.139,0.127,-0.315,0.028,0.338,0.528,0.016,-0.132,-0.072,-0.413,-0.11,0.158,-0.122,-0.438,0.0,0.016,-0.018,-0.124,0.385,-0.146,-0.519,-0.077,-0.06,0.03,0.55,-0.346,0.3,0.01,0.071,-0.031,-0.544,0.015,0.766,-0.19,0.33,0.488,0.152,0.08,-0.068,-0.265,0.165,0.761,-0.172,0.049,-0.308,-0.198,0.519,-0.293,-0.141,0.344,0.212,-0.328,0.22,-0.009,0.134,-0.075,-0.253,-0.013,0.055,0.181,0.114,0.132,-0.524,0.568,-0.397,0.591,-0.012,-0.346,0.118,-0.204,-0.351,0.087,0.301,-0.179,0.125,-0.144,-0.21,-0.138,-0.245,-0.558,-0.059,0.193,-0.097,0.023,0.122,0.169,-0.045,-0.31,0.201,0.174,-0.198,0.12,0.281,0.101,0.38,-0.116,0.351,0.301,-0.03,0.408,0.219,0.249,-0.064,-0.255,-0.242,-0.11,-0.008,0.081,0.095,-0.241,-0.252,0.02,0.238,-0.363,-0.002,-0.239,0.453,0.121,0.081,-0.246,0.042,0.045,0.026,-0.297,-0.095,0.174,-0.181,0.072,0.031,-0.38,0.058,-0.355,-0.242,0.316,-0.252,-0.243,0.144,0.037,0.172,0.038,0.489,-0.031,0.048,0.208,-0.186,0.071,-0.021,-0.009,0.544,0.115,0.356,0.277,-0.149,0.233,-0.027,-0.135,-0.158,-0.33,-0.373,-0.62,0.07,-0.185,-0.275,-0.031,0.353,-0.371,-0.249,0.142,0.723,0.149,-0.109,-0.074,0.144,-0.409,-0.278,0.116,0.207,-0.222,-0.017,0.009,-0.277,-0.247,-0.323,0.247,0.047,-0.263,0.068,-0.174,0.319,-0.208,-0.202,-0.4,-0.298,0.155,-0.021,0.146,-0.17
AVAV,-0.56,-0.143,0.071,0.755,0.633,0.656,0.74,-0.494,-0.382,0.819,-0.642,-0.696,0.618,-0.476,0.453,-0.678,0.452,0.016,0.0,-0.611,-0.065,-0.024,0.51,-0.067,0.303,0.851,-0.749,-0.361,0.479,0.531,-0.831,0.868,0.79,-0.455,-0.799,0.085,-0.545,-0.631,-0.155,0.499,-0.594,0.882,0.337,0.673,-0.101,0.383,0.793,0.521,0.537,0.022,0.603,0.81,0.7,0.094,-0.644,0.078,-0.671,-0.756,-0.774,-0.558,-0.791,0.863,-0.808,0.78,-0.324,-0.281,0.338,-0.593,-0.207,-0.619,-0.431,0.054,-0.639,-0.167,0.333,0.187,0.207,-0.823,0.153,0.688,-0.49,-0.76,-0.5,-0.722,0.688,-0.387,-0.796,0.691,0.682,0.612,-0.601,0.756,-0.739,0.08,-0.793,-0.41,-0.746,0.659,-0.715,-0.53,-0.719,-0.762,0.629,0.502,0.459,0.825,-0.011,-0.565,-0.324,0.732,-0.02,-0.208,0.617,-0.741,0.526,0.315,-0.129,-0.351,0.853,0.467,0.759,0.73,0.248,-0.781,-0.789,-0.142,-0.116,-0.61,0.135,-0.52,0.1,0.901,-0.513,0.886,-0.578,0.673,-0.104,-0.295,-0.213,-0.703,0.233,0.815,-0.412,-0.528,0.05,0.884,0.834,-0.568,0.843,0.835,-0.637,0.424,-0.323,-0.651,0.461,-0.471,0.71,-0.776,-0.645,0.455,-0.716,0.26,-0.45,0.85,0.779,-0.727,-0.599,-0.499,-0.458,-0.531,0.301,-0.045,0.398,-0.737,-0.561,0.879,0.243,-0.135,0.848,0.748,-0.545,0.665,-0.685,-0.473,-0.665,-0.229,0.703,0.706,-0.464,-0.411,-0.715,0.284,-0.518,-0.483,-0.304,0.531,-0.536,0.866,0.544,-0.133
AXON,0.619,-0.041,-0.238,-0.837,-0.387,-0.675,-0.641,0.533,0.557,-0.84,0.581,0.672,-0.537,0.589,-0.34,0.664,-0.065,-0.018,-0.611,0.0,-0.005,-0.345,-0.46,-0.144,0.122,-0.641,0.768,0.25,-0.168,-0.693,0.785,-0.814,-0.633,0.487,0.808,0.113,0.303,0.409,-0.187,-0.155,0.644,-0.699,-0.012,-0.493,0.121,-0.026,-0.715,-0.349,-0.284,-0.028,-0.178,-0.635,-0.629,0.052,0.629,0.103,0.538,0.587,0.553,0.524,0.789,-0.626,0.567,-0.712,0.596,0.299,-0.425,0.343,0.292,0.723,0.512,0.274,0.581,0.358,-0.382,0.153,-0.131,0.735,0.176,-0.767,0.556,0.785,0.576,0.608,-0.519,0.284,0.552,-0.364,-0.694,-0.183,0.609,-0.575,0.68,0.026,0.593,0.474,0.79,-0.561,0.579,0.381,0.528,0.648,-0.401,0.043,-0.478,-0.651,0.048,0.74,0.371,-0.652,0.558,0.418,-0.559,0.637,-0.562,0.016,0.34,0.125,-0.453,-0.229,-0.444,-0.628,-0.342,0.6,0.618,0.019,0.559,0.654,0.127,0.366,0.009,-0.578,0.418,-0.631,0.571,-0.306,0.418,0.401,0.199,0.608,-0.24,-0.564,0.473,0.535,0.402,-0.657,-0.691,0.449,-0.738,-0.693,0.448,-0.378,0.257,0.432,-0.519,0.683,-0.414,0.76,0.523,-0.628,0.776,0.021,0.547,-0.6,-0.414,0.621,0.767,0.539,0.317,0.316,0.167,0.217,-0.066,0.541,0.452,-0.461,0.135,0.378,-0.385,-0.444,0.419,-0.697,0.427,0.51,0.474,0.448,-0.587,-0.767,0.366,0.756,0.493,-0.249,0.288,0.402,0.413,-0.518,0.114,-0.743,-0.121,0.347
BANF,0.013,0.686,0.493,0.249,-0.203,0.4,0.232,0.156,0.098,-0.186,0.542,0.536,0.482,0.495,0.47,0.423,0.34,-0.124,-0.065,-0.005,0.0,-0.416,0.345,0.287,0.283,-0.245,0.262,0.04,0.434,0.229,0.216,-0.172,-0.029,0.49,0.152,-0.304,0.646,0.19,0.337,-0.536,0.306,-0.218,0.511,-0.304,0.004,0.427,-0.098,0.639,-0.079,-0.448,0.448,-0.193,-0.237,0.617,0.552,-0.536,0.655,0.442,0.437,0.67,0.136,-0.167,0.23,-0.318,0.003,0.637,-0.171,0.377,0.298,-0.062,0.598,-0.429,0.599,0.542,0.682,-0.468,0.66,0.167,0.253,0.227,0.203,0.307,0.321,0.43,-0.138,0.542,0.414,-0.288,0.209,-0.485,0.611,0.315,0.334,0.229,0.191,-0.349,0.35,-0.494,0.407,-0.224,0.341,0.452,-0.5,0.064,0.212,0.197,0.478,0.124,0.419,0.149,-0.035,0.089,0.43,0.432,0.391,0.348,0.204,0.699,-0.047,-0.531,-0.009,0.37,0.7,0.416,0.407,0.898,0.445,0.531,0.075,0.782,-0.48,-0.013,0.709,-0.11,0.614,-0.215,0.025,0.796,0.594,0.44,-0.228,-0.359,0.659,0.206,0.475,-0.136,0.062,0.722,-0.193,-0.143,0.695,-0.51,0.721,0.108,-0.039,0.238,-0.394,0.243,0.612,0.379,0.082,0.433,0.17,-0.315,-0.299,0.484,0.175,0.075,0.795,0.628,-0.066,-0.342,-0.484,0.567,0.667,-0.068,0.238,0.761,-0.159,-0.301,0.703,0.176,0.587,0.544,0.6,-0.127,-0.133,-0.025,0.82,0.113,0.62,-0.67,0.724,0.799,0.478,0.223,0.066,-0.127,-0.334,-0.205
BATRK,-0.198,-0.5,0.01,0.055,-0.036,-0.169,0.077,0.056,-0.055,0.335,-0.425,-0.438,-0.249,-0.538,-0.012,-0.508,-0.631,0.385,-0.024,-0.345,-0.416,0.0,-0.221,-0.344,-0.362,0.096,-0.3,0.164,-0.432,0.372,-0.241,0.27,0.153,-0.62,-0.302,0.49,-0.33,-0.001,0.471,0.115,-0.208,0.131,-0.59,0.317,0.368,-0.554,0.206,-0.493,-0.118,0.541,-0.619,0.156,0.476,-0.232,-0.538,0.234,-0.308,-0.119,-0.219,-0.555,-0.272,0.095,0.023,0.319,-0.257,-0.675,0.641,-0.248,0.199,-0.244,-0.674,0.064,-0.518,-0.685,-0.018,0.144,-0.418,-0.108,-0.391,0.021,-0.481,-0.488,-0.618,-0.345,0.302,-0.365,-0.144,0.233,0.269,-0.007,-0.574,0.029,-0.194,-0.384,-0.083,0.087,-0.406,0.551,-0.294,0.284,-0.091,-0.303,0.471,-0.302,0.059,0.009,-0.315,-0.474,-0.486,-0.023,-0.431,-0.133,-0.18,-0.422,0.018,-0.259,-0.633,-0.156,-0.219,0.507,-0.123,-0.113,-0.243,-0.212,-0.212,-0.303,-0.603,-0.481,-0.061,-0.463,0.057,-0.004,-0.52,0.086,-0.534,-0.015,-0.066,-0.615,-0.566,-0.238,0.132,0.352,-0.372,0.118,-0.634,0.07,0.13,-0.404,0.206,0.087,-0.342,0.574,-0.224,0.342,0.303,-0.55,0.281,-0.31,-0.413,0.056,-0.42,-0.51,-0.519,0.249,-0.091,-0.465,-0.405,-0.145,-0.544,-0.348,-0.137,0.409,0.205,-0.286,-0.376,0.033,-0.542,-0.754,0.016,0.192,-0.541,0.13,-0.273,-0.639,-0.334,-0.436,0.332,0.278,-0.519,-0.502,-0.391,0.677,-0.485,-0.49,-0.725,-0.137,0.357,0.168,0.0,-0.195
BIDU,-0.388,0.211,-0.012,0.6,0.275,0.559,0.755,-0.208,-0.139,0.502,-0.311,-0.365,0.686,-0.27,0.303,-0.337,0.4,-0.146,0.51,-0.46,0.345,-0.221,0.0,0.238,0.46,0.453,-0.53,-0.155,0.398,0.393,-0.499,0.545,0.695,-0.166,-0.467,-0.158,-0.223,-0.365,0.115,0.097,-0.085,0.48,0.306,0.528,-0.105,0.598,0.668,0.687,0.65,-0.467,0.513,0.521,0.435,0.38,-0.301,-0.529,-0.225,-0.384,-0.391,-0.164,-0.544,0.642,-0.483,0.262,-0.329,-0.016,0.151,-0.22,-0.281,-0.663,-0.083,-0.114,-0.29,-0.013,0.596,-0.078,0.453,-0.474,0.075,0.772,-0.047,-0.452,-0.237,-0.446,0.544,-0.14,-0.488,0.494,0.521,0.146,-0.231,0.521,-0.469,-0.166,-0.558,-0.625,-0.382,0.314,-0.414,-0.597,-0.401,-0.313,0.238,0.172,0.612,0.459,0.053,-0.3,-0.382,0.753,0.043,-0.067,0.809,-0.414,0.729,0.337,0.033,-0.225,0.627,0.061,0.629,0.684,0.632,-0.506,-0.511,0.335,0.202,-0.303,0.274,-0.052,-0.035,0.601,-0.101,0.571,-0.186,0.249,-0.068,0.144,-0.053,-0.462,-0.291,0.436,-0.084,-0.272,0.18,0.647,0.61,-0.114,0.503,0.404,-0.218,0.003,0.192,-0.66,0.366,-0.346,0.436,-0.608,-0.298,0.417,-0.481,0.298,-0.158,0.526,0.486,-0.33,-0.488,-0.586,-0.033,-0.068,0.3,-0.281,-0.0,-0.284,-0.224,0.51,0.328,0.239,0.475,0.443,-0.146,0.755,-0.296,-0.165,-0.242,-0.474,0.445,0.683,0.02,-0.417,-0.296,-0.062,-0.039,0.011,-0.052,0.224,-0.514,0.537,0.289,-0.208
BLNE,0.004,0.577,0.171,0.312,0.17,0.395,0.05,-0.327,-0.385,0.1,0.153,0.103,0.35,0.108,0.119,0.209,0.308,-0.519,-0.067,-0.144,0.287,-0.344,0.238,0.0,0.183,0.147,-0.071,-0.436,0.239,-0.043,-0.084,0.056,0.044,0.434,-0.092,-0.67,0.261,-0.13,-0.259,-0.048,-0.213,0.159,0.469,-0.212,-0.59,0.154,0.162,0.41,0.227,-0.32,0.297,0.097,-0.265,0.026,0.249,-0.232,0.058,-0.083,0.052,0.245,-0.022,0.021,-0.141,0.016,-0.184,0.46,-0.439,0.332,-0.424,-0.07,0.311,-0.321,0.217,0.461,0.092,-0.241,0.432,-0.219,-0.099,0.319,0.18,0.147,0.359,0.091,-0.167,0.11,0.015,-0.267,-0.06,-0.221,0.217,0.108,-0.157,0.335,-0.081,-0.175,-0.049,-0.31,0.119,-0.394,-0.103,0.033,-0.356,-0.235,0.075,0.087,0.149,0.143,0.245,0.206,-0.063,-0.228,0.332,0.214,0.183,-0.144,0.396,0.227,0.172,-0.496,0.008,0.173,0.507,0.024,0.012,0.228,0.053,0.156,-0.046,0.321,-0.091,0.002,0.304,0.007,0.258,0.028,-0.175,0.205,0.394,-0.044,0.097,-0.187,0.07,-0.402,0.034,0.047,0.006,0.119,0.11,0.176,0.138,-0.431,-0.028,-0.236,-0.211,0.055,-0.167,-0.021,0.14,0.381,0.138,0.409,0.368,-0.101,0.158,0.28,-0.036,-0.21,0.371,0.282,-0.272,-0.636,-0.212,0.109,0.213,-0.169,0.498,0.317,-0.106,-0.131,0.313,0.134,0.098,0.258,0.212,0.288,-0.103,0.134,0.313,-0.16,0.233,-0.457,0.3,0.266,0.409,0.473,-0.097,0.152,-0.138,0.082
BLNK,0.071,0.011,0.037,0.153,0.368,0.178,0.358,-0.026,0.272,0.076,-0.052,0.009,0.316,0.118,0.333,-0.031,0.495,-0.077,0.303,0.122,0.283,-0.362,0.46,0.183,0.0,0.271,0.014,0.04,0.376,-0.01,-0.113,0.14,0.383,0.131,-0.082,0.113,-0.144,0.025,-0.075,0.345,0.074,0.27,0.503,0.316,0.032,0.606,0.327,0.504,0.51,-0.158,0.509,0.302,0.165,0.428,0.018,-0.183,0.033,-0.041,-0.207,0.045,-0.062,0.309,-0.309,0.134,0.127,0.038,0.016,0.065,0.134,-0.068,0.135,0.281,-0.024,0.233,0.384,0.32,0.345,-0.15,0.323,0.185,0.137,-0.033,-0.003,-0.165,0.3,0.12,-0.255,0.409,0.156,0.175,0.067,0.31,-0.104,0.218,-0.261,-0.114,0.021,0.095,-0.152,-0.145,-0.117,-0.075,0.213,0.536,0.415,0.181,0.169,0.167,-0.035,0.345,0.527,0.252,0.38,-0.079,0.224,0.325,0.438,-0.068,0.478,0.087,0.424,0.372,0.324,-0.215,-0.207,0.195,0.448,0.074,0.612,0.073,-0.012,0.406,0.046,0.35,0.03,0.2,0.377,0.224,0.002,-0.126,-0.074,0.309,0.142,-0.001,0.466,0.36,0.308,-0.079,0.23,0.223,-0.089,-0.148,0.276,-0.258,-0.077,0.092,0.291,-0.118,-0.118,0.047,-0.097,0.378,0.069,0.285,0.369,-0.099,0.118,-0.102,0.025,-0.043,0.513,0.022,0.345,-0.09,-0.001,0.435,0.626,0.411,0.532,0.412,-0.026,0.26,-0.222,-0.032,0.03,0.072,0.216,0.193,0.109,0.155,-0.132,-0.129,-0.101,0.14,0.049,0.139,-0.472,0.257,0.459,0.242
BTAI,-0.474,-0.194,0.023,0.74,0.794,0.576,0.658,-0.564,-0.513,0.881,-0.766,-0.818,0.508,-0.637,0.394,-0.735,0.374,-0.06,0.851,-0.641,-0.245,0.096,0.453,0.147,0.271,0.0,-0.803,-0.506,0.358,0.455,-0.908,0.897,0.796,-0.47,-0.842,-0.026,-0.645,-0.687,-0.261,0.662,-0.741,0.96,0.254,0.686,-0.287,0.246,0.855,0.395,0.621,0.051,0.499,0.882,0.698,-0.061,-0.732,0.053,-0.82,-0.871,-0.872,-0.692,-0.808,0.887,-0.913,0.84,-0.406,-0.372,0.292,-0.57,-0.409,-0.616,-0.519,0.037,-0.741,-0.198,0.181,0.322,0.165,-0.914,-0.096,0.702,-0.554,-0.772,-0.518,-0.829,0.683,-0.538,-0.897,0.659,0.563,0.64,-0.716,0.621,-0.891,0.053,-0.862,-0.349,-0.85,0.716,-0.799,-0.564,-0.84,-0.881,0.649,0.317,0.456,0.724,-0.116,-0.572,-0.384,0.734,-0.06,-0.32,0.572,-0.792,0.442,0.1,-0.102,-0.477,0.857,0.46,0.694,0.667,0.203,-0.883,-0.89,-0.345,-0.221,-0.727,0.194,-0.633,0.187,0.848,-0.637,0.858,-0.671,0.608,-0.108,-0.516,-0.309,-0.846,0.303,0.843,-0.584,-0.684,-0.162,0.875,0.798,-0.754,0.911,0.88,-0.787,0.431,-0.543,-0.697,0.351,-0.6,0.768,-0.833,-0.8,0.471,-0.704,0.286,-0.379,0.872,0.887,-0.762,-0.662,-0.562,-0.581,-0.652,0.204,-0.181,0.515,-0.846,-0.687,0.756,0.34,-0.294,0.808,0.77,-0.644,0.644,-0.828,-0.61,-0.755,-0.133,0.715,0.745,-0.605,-0.539,-0.802,0.331,-0.632,-0.635,-0.368,0.61,-0.495,0.937,0.6,-0.055
BYND,0.714,0.186,0.079,-0.778,-0.489,-0.578,-0.715,0.579,0.572,-0.929,0.797,0.873,-0.5,0.728,-0.213,0.854,-0.062,0.03,-0.749,0.768,0.262,-0.3,-0.53,-0.071,0.014,-0.803,0.0,0.392,-0.155,-0.622,0.908,-0.929,-0.727,0.631,0.934,0.035,0.635,0.704,-0.027,-0.38,0.693,-0.824,0.007,-0.634,0.171,-0.064,-0.856,-0.264,-0.509,0.042,-0.224,-0.754,-0.745,0.144,0.83,0.102,0.833,0.859,0.742,0.755,0.954,-0.853,0.745,-0.709,0.673,0.451,-0.383,0.664,0.489,0.856,0.635,0.107,0.801,0.474,-0.222,0.013,-0.002,0.854,0.319,-0.835,0.614,0.899,0.643,0.807,-0.65,0.5,0.806,-0.607,-0.687,-0.463,0.811,-0.596,0.85,0.329,0.76,0.574,0.915,-0.764,0.748,0.619,0.778,0.803,-0.595,-0.014,-0.399,-0.658,0.349,0.748,0.614,-0.768,0.386,0.515,-0.576,0.863,-0.642,-0.082,0.448,0.498,-0.647,-0.42,-0.592,-0.621,-0.21,0.814,0.828,0.237,0.404,0.869,0.064,0.676,-0.096,-0.69,0.686,-0.76,0.763,-0.508,0.387,0.532,0.437,0.801,-0.128,-0.776,0.604,0.618,0.35,-0.829,-0.801,0.652,-0.811,-0.762,0.726,-0.56,0.516,0.645,-0.65,0.819,-0.672,0.937,0.744,-0.485,0.811,-0.092,0.529,-0.843,-0.667,0.801,0.876,0.747,0.585,0.534,-0.061,0.205,-0.147,0.814,0.756,-0.61,0.083,0.473,-0.601,-0.569,0.687,-0.766,0.713,0.592,0.776,0.5,-0.651,-0.896,0.637,0.813,0.784,-0.454,0.558,0.674,0.484,-0.442,0.32,-0.872,-0.257,0.419
CAN,0.239,-0.383,-0.052,-0.389,-0.321,-0.447,-0.215,0.41,0.763,-0.398,0.225,0.36,-0.45,0.241,-0.287,0.188,-0.358,0.55,-0.361,0.25,0.04,0.164,-0.155,-0.436,0.04,-0.506,0.392,0.0,-0.33,-0.018,0.475,-0.34,-0.308,-0.178,0.396,0.572,0.111,0.721,0.512,-0.23,0.395,-0.506,-0.239,-0.124,0.711,-0.05,-0.314,-0.249,-0.389,0.156,-0.39,-0.519,-0.033,0.186,0.123,-0.032,0.393,0.546,0.448,0.144,0.325,-0.389,0.521,-0.308,0.305,-0.191,0.243,0.159,0.575,0.226,0.042,0.219,0.165,-0.334,0.079,-0.005,-0.337,0.569,0.101,-0.429,0.198,0.158,-0.196,0.369,-0.099,0.383,0.446,-0.108,-0.115,-0.325,0.129,-0.131,0.623,-0.068,0.58,0.241,0.485,-0.072,0.363,0.657,0.676,0.483,-0.009,0.064,0.063,-0.462,-0.095,0.151,-0.008,-0.241,0.109,0.199,-0.405,0.157,-0.212,0.255,-0.047,0.167,-0.515,0.104,-0.122,-0.266,-0.341,0.448,0.453,0.215,-0.035,0.225,0.189,0.143,-0.159,-0.346,0.042,-0.328,0.005,-0.561,0.236,0.118,-0.172,0.514,-0.113,-0.232,0.259,0.635,0.09,-0.312,-0.152,0.242,-0.429,-0.42,0.36,0.134,0.469,0.488,0.172,0.173,-0.269,0.359,0.318,-0.426,0.06,-0.401,-0.337,-0.306,-0.545,0.098,0.394,0.453,0.022,0.304,0.2,0.603,-0.2,0.304,0.19,-0.285,-0.402,-0.034,-0.191,-0.226,0.124,-0.272,0.388,0.128,0.191,-0.278,-0.283,-0.253,0.1,0.323,0.229,0.061,0.199,0.157,-0.19,-0.558,0.264,-0.433,-0.208,-0.109
CCEC,-0.244,0.358,0.332,0.429,0.251,0.569,0.524,-0.193,-0.21,0.267,-0.07,-0.07,0.738,0.011,0.419,-0.017,0.552,-0.346,0.479,-0.168,0.434,-0.432,0.398,0.239,0.376,0.358,-0.155,-0.33,0.0,0.232,-0.265,0.288,0.393,0.178,-0.264,-0.318,0.072,-0.368,-0.234,-0.048,-0.054,0.343,0.513,0.128,-0.342,0.481,0.293,0.775,0.283,-0.394,0.691,0.414,0.181,0.421,0.06,-0.325,0.025,-0.181,-0.202,0.093,-0.279,0.3,-0.439,0.136,-0.146,0.398,-0.21,0.132,-0.157,-0.273,0.13,-0.263,0.006,0.349,0.516,-0.004,0.413,-0.367,0.202,0.422,-0.196,-0.108,0.13,-0.164,0.255,0.004,-0.263,0.218,0.346,0.207,0.158,0.378,-0.227,0.284,-0.362,-0.481,-0.18,-0.024,-0.195,-0.398,-0.352,-0.179,-0.097,0.184,0.108,0.572,0.492,-0.169,0.086,0.4,-0.047,-0.019,0.629,-0.098,0.379,0.458,0.136,0.1,0.59,-0.132,0.447,0.55,0.601,-0.216,-0.221,0.238,0.506,0.05,0.223,0.182,-0.374,0.544,0.161,0.472,0.173,0.312,0.066,0.309,0.206,-0.202,0.002,0.2,0.067,-0.26,0.328,0.285,0.393,0.112,0.289,0.258,0.023,-0.256,0.168,-0.433,0.093,-0.056,0.092,-0.164,0.03,0.401,-0.132,0.561,0.114,0.277,0.42,-0.06,-0.116,-0.295,0.285,0.077,0.087,-0.407,0.035,-0.017,-0.001,0.455,0.503,0.466,0.409,0.22,0.108,0.42,-0.118,0.127,0.027,-0.012,0.275,0.285,0.268,-0.073,-0.027,-0.326,0.16,0.255,0.253,0.388,-0.242,0.369,0.203,-0.064
CDW,-0.568,-0.079,0.37,0.711,0.298,0.546,0.73,-0.227,-0.151,0.704,-0.484,-0.466,0.514,-0.503,0.541,-0.587,-0.141,0.3,0.531,-0.693,0.229,0.372,0.393,-0.043,-0.01,0.455,-0.622,-0.018,0.232,0.0,-0.646,0.691,0.507,-0.559,-0.726,0.171,-0.182,-0.393,0.555,0.04,-0.372,0.492,0.016,0.368,0.236,0.0,0.638,0.401,0.085,0.105,0.091,0.48,0.699,0.355,-0.556,-0.256,-0.282,-0.312,-0.4,-0.428,-0.719,0.501,-0.38,0.463,-0.545,-0.303,0.546,-0.309,0.098,-0.775,-0.518,-0.392,-0.482,-0.325,0.682,-0.087,0.105,-0.583,-0.215,0.668,-0.629,-0.731,-0.682,-0.502,0.582,-0.145,-0.382,0.356,0.815,0.033,-0.498,0.708,-0.353,-0.241,-0.46,-0.549,-0.592,0.561,-0.498,-0.263,-0.245,-0.441,0.388,-0.061,0.423,0.627,-0.035,-0.802,-0.3,0.646,-0.579,-0.333,0.539,-0.572,0.735,0.319,-0.566,0.064,0.298,0.285,0.451,0.706,0.483,-0.364,-0.382,0.224,-0.285,-0.481,0.056,-0.173,-0.336,0.558,-0.353,0.584,-0.47,0.077,-0.057,-0.229,-0.199,-0.352,0.1,0.516,-0.117,-0.071,-0.272,0.536,0.757,-0.205,0.587,0.483,-0.159,0.464,0.058,-0.107,0.627,-0.746,0.378,-0.607,-0.318,0.687,-0.774,0.148,-0.701,0.507,0.209,-0.533,-0.691,-0.455,-0.204,-0.242,-0.146,-0.028,-0.041,-0.3,-0.302,0.454,-0.241,-0.263,0.406,0.352,-0.296,0.755,-0.267,-0.376,-0.338,-0.727,0.651,0.747,-0.184,-0.678,-0.35,0.228,-0.149,-0.173,-0.452,0.37,0.179,0.645,0.017,-0.606
