,ABEO,ACHC,AGNCN,AKAM,AKRO,ALRM,AMAT,AMED,AMRN,ANGI,APA,APOG,APPS,ARCB,ARCC,ARVN,ATEC,ATXS,AVAV,AXON,BANF,BATRK,BIDU,BLNE,BLNK,BTAI,BYND,CAN,CCEC,CDW,CDXS,CELH,CGNX,CHKP,CHRS,CHRW,CIGI,CKPT,CMPR,COGT,CRNC,CRSP,CSTL,CTSH,CVGW,DGLY,DNLI,DOCU,DVAX,EBAY,EHTH,ERII,ESLT,EXPE,EXPO,FBIOP,FFBC,FFIN,FOXF,FWRD,GDS,GERN,GPRE,GRWG,GRYP,HEES,HELE,HIVE,HON,HRTX,HSTM,HURA,IART,IBKR,IBOC,IBRX,IDXX,INGN,INM,INVA,IQ,IRBT,KDP,KPTI,KTOS,KXIN,LAMR,LFUS,LGIH,LGMK,LKFN,LNW,LOPE,LPSN,LYFT,MGNX,MLCO,MNST,MODV,MSTR,MTCH,MYGN,MYRG,NCMI,NEXT,NFLX,NIU,NKTR,NRC,NTNX,NTRA,NVEE,NVMI,NWL,NWS,NXPI,OCGN,OCSL,OKTA,OLLI,OTLK,OXLC,PAA,PARA,PARAA,PDCO,PDFS,PFG,PGEN,PNFP,PODD,POWI,PSMT,PTC,PTEN,PVLA,RDNT,RDUS,RDWR,REGN,RNAC,ROCK,ROST,RRR,RSLS,RVMD,RYAAY,SAFT,SAGE,SAVA,SBGI,SFM,SFNC,SHYF,SIBN,SIFY,SIGI,SIMO,SITM,SLM,SNBR,SNDX,SNY,SPNS,SRRK,STRA,SUPN,SYRE,TCBK,TEAM,TECH,THRM,TLRY,TRMK,TROW,TSLA,TWST,TXN,UFPI,UNIT,UPWK,USLM,UTHR,VERB,VLY,VRNA,VRRM,VXRT,WAFD,WATT,WBA,WING,WIX,WTFC,WTW,XPEL,XRX,YMAB,ZG,ZLAB
ABEO,0.0,0.252,-0.581,-0.832,0.807,-0.647,-0.21,0.427,0.264,-0.539,-0.914,0.286,-0.594,-0.899,-0.87,0.567,0.28,-0.258,0.624,0.787,-0.816,0.273,-0.619,0.115,0.43,-0.13,-0.415,-0.661,-0.836,-0.677,-0.865,0.296,0.265,-0.826,0.067,-0.766,-0.362,-0.62,-0.823,-0.296,0.776,-0.018,0.028,-0.318,-0.902,-0.639,0.731,-0.425,-0.756,-0.311,0.718,-0.756,0.311,-0.667,-0.056,0.561,-0.798,-0.907,-0.457,-0.917,-0.73,0.538,-0.797,-0.412,0.386,-0.528,-0.804,0.108,0.396,-0.932,0.68,0.059,-0.89,-0.166,-0.895,0.436,-0.86,0.894,-0.822,-0.828,-0.392,0.572,-0.794,-0.186,-0.654,0.827,0.26,-0.679,-0.496,0.65,-0.908,-0.696,-0.717,-0.411,-0.779,0.876,-0.451,-0.77,0.24,-0.63,-0.38,0.598,-0.651,-0.169,0.815,0.495,0.485,0.802,-0.229,-0.858,0.486,-0.086,-0.638,-0.848,0.153,-0.781,-0.387,-0.895,-0.527,-0.837,0.348,-0.944,-0.865,0.645,0.528,-0.48,0.357,-0.785,-0.662,-0.945,0.257,-0.065,-0.788,-0.654,-0.895,-0.632,-0.65,-0.862,0.585,-0.752,0.106,-0.691,-0.768,-0.714,0.431,0.725,0.796,-0.489,0.82,0.763,-0.141,-0.825,-0.905,0.659,0.758,0.004,-0.856,0.459,-0.412,0.02,-0.559,-0.649,-0.388,-0.044,0.775,-0.795,-0.461,-0.627,-0.846,-0.339,-0.621,-0.461,-0.668,-0.927,-0.763,0.549,-0.835,-0.288,-0.718,-0.698,-0.502,-0.238,-0.832,-0.192,-0.936,-0.022,-0.62,-0.556,-0.92,0.847,-0.721,0.699,-0.8,-0.919,0.584,0.861,-0.698,0.504,-0.567,-0.665
ACHC,0.252,0.0,-0.077,-0.3,0.007,-0.399,0.309,0.082,-0.156,-0.457,-0.326,0.167,-0.575,-0.042,-0.443,-0.078,-0.353,-0.377,0.223,0.13,-0.392,-0.13,-0.154,0.341,-0.177,-0.621,-0.536,-0.461,-0.436,-0.555,-0.387,-0.004,-0.433,-0.16,0.558,-0.068,-0.699,-0.513,-0.199,-0.077,0.451,-0.284,0.039,-0.651,-0.292,-0.077,-0.088,-0.362,-0.497,-0.514,-0.166,-0.427,0.012,-0.435,-0.679,0.32,-0.413,-0.117,-0.543,-0.273,-0.125,0.129,-0.043,-0.243,-0.412,-0.326,-0.274,-0.372,-0.394,-0.24,0.101,-0.202,-0.389,0.18,-0.329,-0.333,-0.438,0.346,-0.208,0.015,0.247,-0.319,0.088,0.31,0.211,0.3,-0.337,-0.541,-0.367,-0.206,-0.328,-0.33,-0.521,-0.539,-0.311,0.143,-0.35,-0.192,-0.503,-0.584,-0.566,0.141,-0.583,-0.419,0.386,-0.177,0.492,0.18,-0.087,-0.347,-0.414,-0.08,0.031,-0.172,-0.469,-0.32,-0.224,-0.293,-0.068,-0.502,0.036,-0.27,-0.243,0.111,0.251,0.0,0.255,-0.585,-0.272,-0.207,-0.305,-0.227,-0.384,-0.496,-0.369,-0.412,-0.268,-0.109,-0.003,-0.195,-0.3,-0.284,-0.126,-0.55,-0.155,0.08,-0.009,0.303,-0.128,0.41,-0.404,-0.395,-0.231,-0.187,0.198,-0.436,-0.018,0.267,-0.507,-0.503,-0.648,-0.254,-0.237,-0.282,0.425,0.052,-0.13,-0.543,-0.408,-0.449,-0.474,0.305,0.208,-0.126,-0.164,-0.152,-0.498,-0.406,-0.386,0.112,-0.531,-0.491,-0.363,-0.497,-0.229,-0.181,-0.425,-0.352,-0.22,0.325,-0.337,-0.282,-0.203,-0.342,-0.224,0.189,-0.405,-0.329,-0.484,0.137
AGNCN,-0.581,-0.077,0.0,0.719,-0.339,0.553,0.216,-0.169,0.034,0.632,0.708,-0.015,0.641,0.568,0.657,-0.036,0.189,0.537,-0.377,-0.345,0.648,0.095,0.492,-0.074,-0.034,0.05,0.443,0.648,0.64,0.634,0.727,-0.258,0.172,0.648,-0.156,0.641,0.454,0.496,0.742,0.424,-0.543,0.45,-0.009,0.438,0.657,0.541,-0.28,0.674,0.723,0.471,-0.204,0.726,0.099,0.757,0.208,-0.371,0.706,0.664,0.615,0.709,0.681,-0.09,0.611,0.66,0.017,0.691,0.683,0.017,-0.163,0.641,-0.298,-0.385,0.729,0.059,0.734,-0.106,0.734,-0.618,0.514,0.593,0.331,-0.128,0.419,0.285,0.45,-0.525,0.229,0.612,0.721,-0.368,0.702,0.744,0.728,0.469,0.752,-0.356,0.668,0.484,0.057,0.588,0.562,-0.306,0.63,0.258,-0.638,-0.096,-0.372,-0.293,0.318,0.665,-0.085,0.551,0.549,0.736,0.191,0.692,0.695,0.709,0.566,0.675,0.113,0.683,0.698,-0.38,-0.329,0.621,-0.149,0.623,0.714,0.674,0.123,0.401,0.595,0.664,0.734,0.58,0.629,0.784,-0.325,0.736,0.239,0.727,0.736,0.664,-0.155,-0.127,-0.342,0.278,-0.39,-0.359,0.323,0.707,0.702,-0.386,-0.378,0.337,0.642,-0.353,0.604,0.37,0.42,0.529,0.53,0.309,-0.374,0.649,0.603,0.564,0.699,0.528,0.566,0.287,0.503,0.647,0.762,-0.254,0.677,0.603,0.761,0.443,0.628,0.546,0.776,0.048,0.682,0.338,0.663,0.71,0.699,-0.337,0.491,-0.368,0.675,0.71,-0.37,-0.446,0.542,-0.003,0.716,0.433
AKAM,-0.832,-0.3,0.719,0.0,-0.566,0.813,0.419,-0.412,-0.007,0.778,0.905,-0.077,0.828,0.783,0.885,-0.233,0.078,0.351,-0.556,-0.497,0.816,0.1,0.739,-0.294,-0.152,0.155,0.625,0.792,0.894,0.726,0.857,-0.138,0.11,0.839,-0.218,0.708,0.487,0.621,0.921,0.449,-0.657,0.416,-0.091,0.566,0.865,0.594,-0.442,0.799,0.882,0.388,-0.381,0.88,-0.101,0.877,0.162,-0.678,0.848,0.881,0.663,0.869,0.862,-0.171,0.733,0.683,-0.086,0.699,0.788,0.113,-0.374,0.879,-0.578,-0.224,0.887,0.191,0.912,-0.223,0.896,-0.85,0.634,0.729,0.48,-0.366,0.638,0.246,0.466,-0.777,0.047,0.873,0.767,-0.398,0.905,0.868,0.824,0.567,0.909,-0.625,0.703,0.656,-0.086,0.806,0.654,-0.543,0.752,0.377,-0.87,-0.117,-0.431,-0.579,0.309,0.926,-0.222,0.308,0.802,0.897,0.183,0.947,0.573,0.924,0.718,0.858,-0.099,0.879,0.82,-0.562,-0.479,0.592,-0.152,0.762,0.807,0.872,0.083,0.422,0.724,0.874,0.915,0.694,0.607,0.885,-0.435,0.855,0.008,0.864,0.84,0.761,-0.224,-0.501,-0.514,0.342,-0.696,-0.642,0.41,0.75,0.876,-0.593,-0.503,0.39,0.727,-0.387,0.728,0.229,0.52,0.652,0.454,0.272,-0.639,0.829,0.49,0.727,0.842,0.646,0.497,0.275,0.69,0.892,0.889,-0.199,0.917,0.483,0.903,0.596,0.757,0.492,0.866,0.19,0.898,0.318,0.812,0.662,0.898,-0.641,0.589,-0.516,0.9,0.895,-0.618,-0.731,0.773,-0.156,0.82,0.545
AKRO,0.807,0.007,-0.339,-0.566,0.0,-0.295,-0.213,0.428,0.395,-0.105,-0.679,0.356,-0.164,-0.86,-0.651,0.748,0.65,0.146,0.428,0.813,-0.553,0.555,-0.398,-0.087,0.624,0.135,0.006,-0.269,-0.513,-0.383,-0.597,0.356,0.641,-0.716,-0.254,-0.624,0.023,-0.387,-0.549,0.017,0.573,0.303,0.049,0.057,-0.704,-0.518,0.819,-0.052,-0.376,-0.026,0.803,-0.465,0.478,-0.301,0.208,0.264,-0.494,-0.802,-0.054,-0.722,-0.459,0.719,-0.736,-0.119,0.669,-0.186,-0.558,0.441,0.443,-0.769,0.639,0.067,-0.625,-0.242,-0.673,0.641,-0.526,0.627,-0.777,-0.781,-0.317,0.782,-0.805,-0.317,-0.766,0.555,0.61,-0.297,-0.09,0.778,-0.668,-0.439,-0.343,-0.107,-0.48,0.819,-0.068,-0.66,0.538,-0.199,0.091,0.553,-0.309,0.171,0.526,0.705,0.245,0.789,-0.149,-0.623,0.72,0.109,-0.45,-0.606,0.536,-0.494,-0.018,-0.692,-0.256,-0.508,0.515,-0.75,-0.693,0.607,0.443,-0.321,0.396,-0.529,-0.362,-0.785,0.608,0.271,-0.582,-0.272,-0.635,-0.375,-0.483,-0.665,0.595,-0.541,0.327,-0.388,-0.556,-0.404,0.453,0.829,0.885,-0.665,0.847,0.59,0.133,-0.579,-0.734,0.653,0.697,0.401,-0.808,0.297,0.043,0.332,-0.356,-0.481,-0.188,0.222,0.651,-0.696,-0.216,-0.27,-0.606,0.087,-0.374,-0.616,-0.648,-0.809,-0.48,0.687,-0.511,0.081,-0.371,-0.692,-0.06,0.066,-0.543,0.152,-0.769,0.405,-0.223,-0.141,-0.767,0.777,-0.647,0.756,-0.544,-0.691,0.553,0.848,-0.491,0.768,-0.181,-0.756
ALRM,-0.647,-0.399,0.553,0.813,-0.295,0.0,0.385,-0.555,0.29,0.719,0.758,0.354,0.873,0.476,0.723,-0.215,0.409,0.41,-0.402,-0.121,0.656,0.299,0.8,-0.386,0.277,0.302,0.865,0.901,0.737,0.677,0.632,0.188,0.312,0.636,-0.112,0.599,0.512,0.39,0.81,0.705,-0.351,0.579,0.23,0.664,0.599,0.616,-0.283,0.757,0.831,0.276,-0.164,0.689,-0.205,0.897,0.165,-0.509,0.701,0.594,0.529,0.609,0.794,0.101,0.571,0.754,0.025,0.592,0.802,0.479,-0.317,0.671,-0.556,0.087,0.654,0.438,0.67,-0.155,0.791,-0.658,0.455,0.385,0.519,-0.153,0.383,0.133,0.08,-0.706,0.289,0.912,0.671,-0.139,0.632,0.657,0.763,0.599,0.885,-0.49,0.822,0.271,0.165,0.837,0.825,-0.312,0.606,0.568,-0.663,0.057,-0.166,-0.355,-0.103,0.67,0.065,0.408,0.643,0.815,0.506,0.885,0.687,0.716,0.747,0.818,-0.079,0.632,0.691,-0.245,-0.25,0.523,0.199,0.558,0.617,0.591,0.306,0.658,0.651,0.821,0.794,0.596,0.28,0.653,-0.074,0.619,-0.084,0.655,0.604,0.658,0.163,-0.29,-0.222,0.082,-0.469,-0.597,0.384,0.543,0.567,-0.531,-0.211,0.511,0.359,-0.263,0.79,0.268,0.313,0.319,0.085,0.14,-0.513,0.611,0.492,0.635,0.551,0.685,0.373,-0.083,0.606,0.659,0.757,-0.029,0.764,0.436,0.72,0.396,0.881,0.48,0.613,0.525,0.61,0.486,0.798,0.588,0.626,-0.421,0.488,-0.321,0.659,0.654,-0.534,-0.381,0.831,0.17,0.784,0.181
AMAT,-0.21,0.309,0.216,0.419,-0.213,0.385,0.0,-0.403,0.274,0.203,0.214,0.352,0.22,0.264,0.119,-0.019,-0.0,-0.345,-0.045,0.062,0.03,0.157,0.604,-0.405,-0.105,-0.463,0.129,0.125,0.2,-0.189,0.146,0.314,-0.108,0.387,0.19,0.112,-0.377,-0.272,0.431,0.314,0.207,0.161,-0.239,-0.102,0.206,0.148,-0.204,0.403,0.109,-0.536,-0.18,0.153,-0.116,0.251,-0.593,-0.302,0.002,0.367,-0.087,0.107,0.515,0.289,0.144,0.222,-0.315,-0.021,0.119,-0.069,-0.784,0.22,-0.25,-0.324,0.107,0.561,0.19,-0.417,0.128,-0.169,0.17,0.321,0.744,-0.445,0.47,0.494,0.217,-0.207,-0.258,0.302,0.194,-0.12,0.191,0.318,-0.002,-0.002,0.288,-0.16,0.296,0.164,-0.449,0.091,0.133,-0.177,-0.118,0.229,-0.322,-0.006,0.282,-0.212,-0.111,0.326,-0.305,0.021,0.769,0.389,0.014,0.449,0.059,0.268,0.594,0.041,-0.011,0.174,0.151,-0.25,-0.059,0.331,0.448,-0.172,0.212,0.201,-0.01,0.481,-0.077,0.314,0.175,0.066,-0.187,0.385,-0.223,0.41,-0.502,0.319,0.347,-0.182,0.056,-0.367,-0.186,0.401,-0.555,0.032,-0.127,-0.11,0.198,-0.687,0.13,0.158,0.188,0.068,0.222,-0.379,-0.436,0.071,-0.113,-0.125,0.011,0.646,-0.067,-0.018,0.017,0.097,-0.344,0.307,0.663,0.405,0.378,0.112,0.131,-0.031,0.28,0.271,0.226,-0.062,0.089,-0.224,0.237,0.349,0.185,-0.072,0.234,-0.076,-0.207,-0.439,0.355,0.109,-0.806,-0.278,0.147,-0.15,0.19,0.339
AMED,0.427,0.082,-0.169,-0.412,0.428,-0.555,-0.403,0.0,-0.111,-0.08,-0.465,-0.29,-0.333,-0.313,-0.305,0.458,-0.006,0.132,-0.075,0.137,-0.111,0.177,-0.639,0.254,-0.03,0.074,-0.413,-0.474,-0.358,-0.216,-0.239,-0.358,0.271,-0.388,-0.197,-0.371,-0.094,0.074,-0.35,-0.363,0.039,-0.229,-0.036,-0.128,-0.213,-0.619,0.546,-0.223,-0.308,0.197,0.316,-0.147,0.653,-0.366,0.291,0.123,-0.181,-0.373,0.085,-0.236,-0.498,0.217,-0.41,-0.291,0.276,-0.036,-0.509,-0.244,0.34,-0.412,0.478,-0.186,-0.272,-0.629,-0.254,0.632,-0.327,0.269,-0.462,-0.267,-0.585,0.546,-0.384,-0.309,-0.211,0.321,0.291,-0.369,-0.072,0.08,-0.263,-0.199,-0.23,-0.355,-0.482,0.463,-0.484,-0.166,0.291,-0.328,-0.209,0.257,-0.007,-0.374,0.304,0.371,-0.248,0.312,0.386,-0.388,0.101,-0.29,-0.326,-0.513,0.088,-0.406,-0.147,-0.323,-0.541,-0.355,0.245,-0.366,-0.472,0.07,-0.015,-0.308,-0.191,-0.123,0.01,-0.322,0.03,-0.347,-0.238,-0.298,-0.365,-0.206,0.21,-0.308,-0.096,-0.387,0.542,-0.136,-0.34,-0.168,-0.255,0.532,0.316,-0.377,0.524,0.425,0.22,-0.136,-0.25,0.534,0.002,0.091,-0.199,-0.01,-0.15,0.234,0.111,0.038,0.346,0.48,0.435,-0.439,-0.182,0.03,-0.136,-0.027,-0.118,-0.198,-0.624,-0.476,-0.351,0.344,-0.302,0.122,-0.171,-0.462,-0.324,-0.077,-0.192,-0.256,-0.321,-0.086,-0.218,-0.031,-0.319,0.329,-0.408,0.347,-0.156,-0.282,0.447,0.349,-0.594,0.173,-0.271,-0.284
AMRN,0.264,-0.156,0.034,-0.007,0.395,0.29,0.274,-0.111,0.0,0.149,-0.129,0.499,0.263,-0.371,-0.11,0.379,0.606,0.011,0.174,0.512,-0.134,0.341,0.179,-0.322,0.487,0.041,0.316,0.138,-0.012,-0.017,-0.133,0.48,0.467,-0.153,-0.054,-0.277,0.128,-0.17,0.053,0.314,0.25,0.423,0.047,0.339,-0.144,-0.125,0.334,0.262,0.101,-0.04,0.425,0.085,0.021,0.232,0.065,0.035,-0.152,-0.251,0.084,-0.27,0.031,0.526,-0.32,0.165,0.345,0.006,-0.028,0.284,0.041,-0.198,0.171,-0.087,-0.157,0.338,-0.149,0.213,-0.001,0.129,-0.158,-0.283,0.085,0.349,-0.329,0.113,-0.371,0.057,0.401,0.233,0.238,0.396,-0.196,0.123,0.035,-0.009,0.062,0.304,0.323,-0.305,0.341,0.152,0.419,0.169,0.068,0.411,0.013,0.416,0.189,0.274,-0.346,-0.081,0.399,0.348,0.111,-0.013,0.563,0.151,0.219,-0.078,0.215,-0.024,0.031,-0.243,-0.165,0.085,-0.015,0.004,0.526,-0.17,0.016,-0.302,0.418,0.536,-0.064,0.177,-0.076,0.245,-0.249,-0.117,0.218,-0.029,-0.043,0.026,-0.169,-0.046,0.366,0.239,0.359,-0.34,0.231,0.146,0.15,-0.236,-0.261,0.09,0.39,0.481,-0.383,0.204,0.344,0.257,-0.219,-0.08,-0.15,0.109,0.236,-0.088,-0.153,0.123,-0.201,0.267,-0.199,-0.365,-0.074,-0.213,0.003,0.493,-0.023,0.221,0.08,-0.478,0.342,0.213,-0.124,0.152,-0.252,0.476,0.228,-0.005,-0.243,0.284,-0.308,0.317,-0.114,-0.226,0.013,0.311,0.057,0.531,0.22,-0.318
ANGI,-0.539,-0.457,0.632,0.778,-0.105,0.719,0.203,-0.08,0.149,0.0,0.661,-0.041,0.89,0.439,0.712,0.151,0.438,0.677,-0.644,-0.225,0.766,0.457,0.459,-0.41,0.122,0.448,0.713,0.761,0.795,0.638,0.77,-0.135,0.568,0.565,-0.489,0.472,0.618,0.691,0.766,0.486,-0.561,0.561,-0.013,0.671,0.685,0.294,0.021,0.849,0.837,0.538,-0.038,0.809,0.381,0.858,0.387,-0.69,0.785,0.557,0.838,0.651,0.644,0.206,0.383,0.657,0.288,0.722,0.586,0.355,-0.184,0.561,-0.352,-0.179,0.715,-0.05,0.736,0.289,0.79,-0.731,0.272,0.354,0.177,0.195,0.319,-0.01,0.071,-0.719,0.524,0.871,0.836,-0.03,0.727,0.737,0.822,0.521,0.739,-0.296,0.671,0.434,0.39,0.873,0.84,-0.293,0.818,0.46,-0.773,0.284,-0.572,-0.2,0.404,0.665,0.119,0.245,0.64,0.668,0.594,0.777,0.729,0.726,0.561,0.792,0.167,0.631,0.523,-0.394,-0.401,0.364,-0.091,0.693,0.881,0.608,0.394,0.494,0.6,0.872,0.734,0.646,0.579,0.643,-0.363,0.648,0.385,0.802,0.599,0.703,-0.138,-0.072,-0.109,-0.136,-0.29,-0.454,0.579,0.681,0.646,-0.267,-0.382,0.781,0.453,-0.417,0.874,0.444,0.537,0.561,0.574,0.672,-0.363,0.516,0.436,0.832,0.733,0.837,0.456,-0.07,0.307,0.557,0.772,0.147,0.802,0.599,0.89,0.24,0.87,0.557,0.771,0.351,0.633,0.653,0.847,0.799,0.63,-0.312,0.278,-0.218,0.79,0.71,-0.365,-0.386,0.488,0.27,0.812,0.169
APA,-0.914,-0.326,0.708,0.905,-0.679,0.758,0.214,-0.465,-0.129,0.661,0.0,-0.122,0.77,0.833,0.914,-0.395,-0.043,0.405,-0.496,-0.661,0.809,-0.127,0.718,-0.145,-0.18,0.226,0.594,0.821,0.878,0.767,0.92,-0.259,-0.078,0.852,-0.138,0.864,0.533,0.634,0.864,0.426,-0.724,0.286,0.013,0.458,0.859,0.775,-0.62,0.639,0.853,0.444,-0.477,0.816,-0.248,0.82,0.146,-0.557,0.854,0.902,0.586,0.928,0.852,-0.408,0.87,0.658,-0.159,0.725,0.885,0.068,-0.288,0.929,-0.627,-0.085,0.942,0.202,0.92,-0.379,0.911,-0.852,0.806,0.807,0.481,-0.438,0.676,0.283,0.586,-0.788,-0.052,0.774,0.649,-0.502,0.918,0.774,0.868,0.625,0.905,-0.714,0.676,0.681,-0.126,0.74,0.557,-0.492,0.733,0.262,-0.814,-0.348,-0.402,-0.601,0.224,0.889,-0.256,0.32,0.632,0.945,0.042,0.847,0.558,0.919,0.698,0.899,-0.138,0.947,0.96,-0.484,-0.383,0.659,-0.293,0.832,0.737,0.934,-0.106,0.303,0.814,0.778,0.955,0.732,0.643,0.911,-0.422,0.84,0.062,0.777,0.843,0.794,-0.251,-0.554,-0.664,0.441,-0.708,-0.723,0.283,0.875,0.913,-0.584,-0.596,0.162,0.802,-0.473,0.612,0.222,0.569,0.602,0.431,0.102,-0.764,0.8,0.645,0.674,0.868,0.492,0.71,0.401,0.687,0.91,0.876,-0.483,0.893,0.483,0.799,0.72,0.692,0.477,0.888,0.273,0.934,0.183,0.746,0.715,0.926,-0.724,0.79,-0.595,0.824,0.944,-0.532,-0.757,0.816,-0.294,0.776,0.588
APOG,0.286,0.167,-0.015,-0.077,0.356,0.354,0.352,-0.29,0.499,-0.041,-0.122,0.0,0.108,-0.324,-0.209,0.191,0.507,0.02,0.334,0.664,-0.262,0.428,0.301,-0.158,0.718,-0.085,0.369,0.213,-0.253,-0.193,-0.312,0.474,0.272,-0.098,0.338,0.028,-0.151,-0.54,0.018,0.555,0.654,0.452,0.435,0.038,-0.393,0.17,0.247,0.208,-0.079,-0.352,0.401,-0.238,-0.049,0.154,-0.287,0.175,-0.19,-0.234,-0.183,-0.327,0.15,0.595,-0.023,0.439,0.121,0.021,0.078,0.5,-0.214,-0.207,-0.01,0.267,-0.316,0.639,-0.269,-0.115,-0.182,0.341,-0.287,-0.296,0.435,0.142,-0.222,0.216,-0.373,0.135,0.346,0.093,-0.028,0.322,-0.356,-0.168,-0.074,0.139,0.134,0.322,0.346,-0.618,0.117,-0.001,0.265,0.405,-0.31,0.227,0.315,0.344,0.674,0.451,-0.542,-0.29,0.32,0.357,0.035,0.082,0.492,0.058,0.326,-0.203,0.377,-0.11,0.297,-0.325,-0.065,0.593,0.583,0.215,0.718,-0.419,-0.166,-0.329,0.265,0.591,-0.212,-0.0,-0.116,-0.149,-0.533,-0.108,0.574,-0.156,-0.177,-0.112,-0.111,-0.247,0.639,0.38,0.447,-0.104,0.158,0.278,0.04,-0.354,-0.347,-0.159,0.629,0.219,-0.429,0.263,0.206,0.044,-0.55,-0.542,-0.512,-0.167,0.31,-0.021,0.194,-0.234,-0.441,0.123,-0.339,-0.261,0.244,-0.174,-0.006,0.261,-0.235,-0.042,-0.161,-0.027,0.238,0.039,-0.349,0.266,-0.325,0.35,0.048,-0.039,-0.286,0.476,-0.174,0.099,-0.17,-0.314,-0.179,0.542,0.148,0.462,0.072,-0.415
APPS,-0.594,-0.575,0.641,0.828,-0.164,0.873,0.22,-0.333,0.263,0.89,0.77,0.108,0.0,0.412,0.743,0.072,0.513,0.59,-0.418,-0.196,0.7,0.347,0.685,-0.434,0.245,0.461,0.872,0.904,0.844,0.753,0.765,0.068,0.496,0.602,-0.463,0.544,0.756,0.59,0.777,0.579,-0.542,0.656,0.017,0.783,0.654,0.526,-0.12,0.878,0.898,0.544,0.007,0.812,0.034,0.934,0.413,-0.62,0.764,0.568,0.783,0.65,0.762,0.088,0.472,0.76,0.339,0.753,0.716,0.474,-0.076,0.626,-0.374,-0.06,0.765,0.11,0.727,0.094,0.845,-0.701,0.43,0.402,0.342,0.07,0.271,0.04,0.071,-0.668,0.436,0.928,0.84,0.018,0.721,0.771,0.899,0.73,0.845,-0.342,0.871,0.408,0.335,0.939,0.921,-0.287,0.8,0.618,-0.763,0.173,-0.416,-0.264,0.161,0.755,0.243,0.45,0.578,0.767,0.595,0.837,0.713,0.723,0.708,0.848,0.074,0.67,0.664,-0.296,-0.319,0.504,-0.026,0.715,0.742,0.61,0.411,0.674,0.656,0.913,0.789,0.696,0.449,0.665,-0.164,0.695,0.242,0.767,0.636,0.762,0.056,-0.166,-0.153,-0.025,-0.299,-0.531,0.524,0.665,0.628,-0.284,-0.256,0.685,0.386,-0.36,0.937,0.532,0.516,0.478,0.386,0.397,-0.541,0.532,0.522,0.778,0.702,0.808,0.558,-0.063,0.39,0.592,0.792,0.059,0.85,0.675,0.852,0.293,0.963,0.696,0.764,0.511,0.64,0.605,0.883,0.754,0.637,-0.394,0.464,-0.158,0.705,0.712,-0.331,-0.4,0.733,0.279,0.937,0.183
ARCB,-0.899,-0.042,0.568,0.783,-0.86,0.476,0.264,-0.313,-0.371,0.439,0.833,-0.324,0.412,0.0,0.81,-0.574,-0.457,0.129,-0.598,-0.795,0.784,-0.332,0.507,-0.036,-0.556,-0.059,0.174,0.471,0.711,0.536,0.803,-0.426,-0.383,0.874,0.043,0.793,0.148,0.586,0.78,0.129,-0.681,-0.056,-0.11,0.101,0.873,0.577,-0.729,0.363,0.602,0.224,-0.693,0.696,-0.204,0.553,-0.069,-0.534,0.754,0.958,0.408,0.914,0.696,-0.51,0.834,0.401,-0.514,0.504,0.67,-0.345,-0.478,0.907,-0.662,-0.224,0.822,0.148,0.884,-0.475,0.718,-0.783,0.729,0.874,0.413,-0.669,0.861,0.397,0.808,-0.706,-0.334,0.527,0.426,-0.78,0.879,0.687,0.596,0.309,0.683,-0.782,0.292,0.768,-0.433,0.421,0.159,-0.588,0.556,-0.08,-0.716,-0.543,-0.397,-0.739,0.428,0.78,-0.641,0.041,0.653,0.794,-0.317,0.699,0.297,0.873,0.455,0.684,-0.286,0.912,0.798,-0.642,-0.473,0.545,-0.405,0.706,0.68,0.952,-0.416,-0.066,0.698,0.547,0.812,0.55,0.675,0.882,-0.67,0.757,-0.087,0.722,0.812,0.593,-0.466,-0.699,-0.803,0.652,-0.88,-0.609,0.091,0.763,0.927,-0.688,-0.722,-0.134,0.947,-0.398,0.242,-0.135,0.487,0.617,0.476,0.09,-0.613,0.855,0.463,0.501,0.82,0.199,0.484,0.593,0.73,0.945,0.735,-0.596,0.72,0.141,0.676,0.774,0.321,0.174,0.777,-0.145,0.944,-0.1,0.462,0.462,0.949,-0.783,0.668,-0.778,0.823,0.892,-0.643,-0.875,0.581,-0.613,0.448,0.758
ARCC,-0.87,-0.443,0.657,0.885,-0.651,0.723,0.119,-0.305,-0.11,0.712,0.914,-0.209,0.743,0.81,0.0,-0.362,-0.032,0.428,-0.666,-0.648,0.912,-0.034,0.565,-0.15,-0.168,0.328,0.574,0.746,0.856,0.812,0.887,-0.354,0.052,0.789,-0.156,0.741,0.55,0.754,0.845,0.356,-0.78,0.262,0.051,0.558,0.902,0.556,-0.489,0.628,0.882,0.535,-0.45,0.874,-0.089,0.801,0.3,-0.586,0.902,0.87,0.656,0.931,0.717,-0.35,0.789,0.595,-0.141,0.693,0.822,0.042,-0.234,0.911,-0.562,-0.061,0.909,0.078,0.944,-0.158,0.918,-0.881,0.72,0.713,0.255,-0.287,0.601,0.112,0.466,-0.802,0.037,0.811,0.66,-0.518,0.919,0.782,0.84,0.512,0.86,-0.683,0.535,0.651,0.005,0.749,0.586,-0.543,0.822,0.213,-0.811,-0.191,-0.542,-0.612,0.316,0.841,-0.264,0.175,0.613,0.83,0.13,0.867,0.542,0.952,0.518,0.919,-0.174,0.9,0.871,-0.567,-0.525,0.503,-0.334,0.893,0.804,0.903,-0.073,0.181,0.84,0.778,0.958,0.728,0.754,0.843,-0.49,0.737,0.164,0.787,0.738,0.854,-0.343,-0.503,-0.62,0.267,-0.637,-0.75,0.439,0.866,0.907,-0.483,-0.672,0.258,0.766,-0.499,0.621,0.276,0.72,0.676,0.506,0.283,-0.724,0.699,0.48,0.815,0.91,0.585,0.651,0.24,0.535,0.859,0.807,-0.314,0.929,0.48,0.83,0.582,0.661,0.421,0.877,0.249,0.914,0.122,0.764,0.693,0.921,-0.719,0.721,-0.505,0.856,0.944,-0.46,-0.737,0.776,-0.22,0.721,0.532
ARVN,0.567,-0.078,-0.036,-0.233,0.748,-0.215,-0.019,0.458,0.379,0.151,-0.395,0.191,0.072,-0.574,-0.362,0.0,0.54,0.121,0.285,0.522,-0.316,0.535,-0.202,-0.227,0.392,0.047,0.068,-0.177,-0.191,-0.236,-0.237,0.212,0.632,-0.416,-0.481,-0.46,0.146,-0.156,-0.279,0.03,0.264,0.342,-0.287,0.147,-0.339,-0.442,0.772,0.246,-0.149,0.144,0.76,-0.078,0.609,-0.091,0.228,-0.018,-0.264,-0.447,0.246,-0.402,-0.19,0.625,-0.532,0.089,0.694,0.116,-0.458,0.188,0.338,-0.46,0.589,-0.315,-0.258,-0.404,-0.328,0.619,-0.277,0.347,-0.508,-0.341,-0.171,0.638,-0.583,-0.09,-0.43,0.389,0.52,-0.089,0.259,0.6,-0.297,-0.027,-0.085,0.068,-0.275,0.76,0.106,-0.284,0.391,-0.049,0.221,0.387,-0.024,0.191,0.165,0.677,0.036,0.577,0.206,-0.225,0.576,0.13,-0.109,-0.349,0.503,-0.237,0.041,-0.344,-0.043,-0.322,0.543,-0.423,-0.445,0.284,0.226,-0.111,0.144,-0.242,-0.01,-0.457,0.54,0.367,-0.447,-0.01,-0.364,-0.108,-0.155,-0.291,0.241,-0.183,0.501,0.024,-0.235,-0.219,0.154,0.629,0.627,-0.413,0.601,0.564,0.291,-0.322,-0.346,0.552,0.503,0.528,-0.468,0.205,0.306,0.481,-0.128,-0.112,0.221,0.454,0.437,-0.362,-0.151,-0.018,-0.229,0.274,-0.215,-0.238,-0.459,-0.494,-0.194,0.67,-0.2,0.33,0.005,-0.524,0.106,0.299,-0.173,-0.03,-0.412,0.464,0.053,0.075,-0.424,0.578,-0.554,0.585,-0.152,-0.378,0.371,0.492,-0.386,0.628,0.131,-0.406
ATEC,0.28,-0.353,0.189,0.078,0.65,0.409,-0.0,-0.006,0.606,0.438,-0.043,0.507,0.513,-0.457,-0.032,0.54,0.0,0.515,0.16,0.637,-0.018,0.693,0.152,-0.308,0.775,0.367,0.63,0.426,0.071,0.24,-0.037,0.439,0.874,-0.17,-0.347,-0.142,0.515,0.038,0.085,0.44,0.188,0.8,0.21,0.626,-0.197,0.033,0.564,0.54,0.326,0.289,0.657,0.122,0.308,0.428,0.458,-0.029,0.097,-0.297,0.406,-0.187,0.125,0.643,-0.242,0.453,0.734,0.279,0.132,0.726,0.329,-0.229,0.237,0.046,-0.055,0.032,-0.098,0.536,0.148,0.113,-0.332,-0.433,-0.022,0.694,-0.518,-0.173,-0.625,0.023,0.835,0.408,0.462,0.644,-0.124,0.161,0.309,0.396,0.224,0.445,0.585,-0.36,0.728,0.442,0.725,0.387,0.241,0.603,-0.004,0.658,-0.011,0.52,-0.177,-0.047,0.84,0.553,-0.024,0.019,0.877,0.187,0.573,-0.098,0.252,0.166,0.464,-0.203,-0.082,0.338,0.136,0.099,0.482,0.017,0.124,-0.283,0.834,0.735,-0.0,0.391,0.018,0.144,-0.142,-0.123,0.508,-0.001,0.377,0.129,-0.066,0.228,0.543,0.605,0.665,-0.544,0.516,0.137,0.447,-0.055,-0.241,0.287,0.493,0.759,-0.446,0.022,0.656,0.638,0.023,-0.134,-0.01,0.35,0.156,-0.221,0.203,0.251,-0.088,0.576,0.069,-0.624,-0.236,-0.275,0.12,0.539,0.144,0.521,0.232,-0.4,0.617,0.527,0.031,0.461,-0.25,0.674,0.369,0.358,-0.224,0.406,-0.157,0.576,-0.076,-0.125,0.224,0.491,0.192,0.893,0.459,-0.556
ATXS,-0.258,-0.377,0.537,0.351,0.146,0.41,-0.345,0.132,0.011,0.677,0.405,0.02,0.59,0.129,0.428,0.121,0.515,0.0,-0.416,-0.089,0.533,0.354,0.096,-0.023,0.362,0.585,0.562,0.649,0.438,0.584,0.488,-0.216,0.57,0.162,-0.338,0.438,0.692,0.579,0.389,0.43,-0.414,0.477,0.371,0.563,0.312,0.304,0.167,0.485,0.624,0.687,0.088,0.459,0.409,0.612,0.53,-0.249,0.632,0.182,0.632,0.409,0.31,0.125,0.287,0.516,0.443,0.643,0.538,0.524,0.267,0.25,-0.109,0.116,0.459,-0.178,0.426,0.423,0.555,-0.418,0.092,0.038,-0.151,0.49,-0.052,-0.197,-0.12,-0.472,0.707,0.496,0.568,0.091,0.402,0.335,0.663,0.474,0.484,-0.089,0.519,0.143,0.684,0.653,0.672,0.113,0.644,0.307,-0.355,0.259,-0.487,0.103,0.205,0.248,0.362,0.364,0.056,0.372,0.57,0.356,0.776,0.366,0.234,0.611,0.313,0.35,0.402,0.029,-0.086,0.195,-0.055,0.548,0.546,0.318,0.412,0.269,0.475,0.487,0.483,0.443,0.484,0.319,0.025,0.244,0.63,0.396,0.267,0.649,-0.015,0.354,0.121,-0.324,0.163,-0.289,0.522,0.612,0.338,0.124,-0.256,0.554,0.218,-0.42,0.628,0.628,0.497,0.246,0.418,0.555,-0.267,0.047,0.597,0.602,0.487,0.61,0.636,-0.185,-0.063,0.171,0.493,-0.026,0.487,0.612,0.493,0.132,0.62,0.445,0.532,0.501,0.294,0.461,0.57,0.8,0.304,-0.071,0.321,0.043,0.341,0.461,0.136,0.042,0.295,0.405,0.529,-0.134
AVAV,0.624,0.223,-0.377,-0.556,0.428,-0.402,-0.045,-0.075,0.174,-0.644,-0.496,0.334,-0.418,-0.598,-0.666,0.285,0.16,-0.416,0.0,0.518,-0.8,-0.088,-0.151,0.13,0.287,-0.348,-0.284,-0.401,-0.609,-0.47,-0.62,0.423,-0.096,-0.46,0.113,-0.387,-0.232,-0.683,-0.621,-0.224,0.627,0.068,-0.125,-0.317,-0.739,-0.064,0.225,-0.307,-0.571,-0.339,0.505,-0.657,-0.265,-0.503,-0.193,0.566,-0.686,-0.556,-0.477,-0.644,-0.314,0.121,-0.4,-0.196,0.25,-0.397,-0.467,0.046,0.371,-0.571,0.488,0.036,-0.571,0.088,-0.688,-0.157,-0.628,0.791,-0.335,-0.379,0.093,0.057,-0.528,0.206,-0.223,0.785,-0.109,-0.563,-0.41,0.446,-0.665,-0.439,-0.476,-0.003,-0.492,0.585,-0.091,-0.501,-0.148,-0.543,-0.365,0.565,-0.633,-0.048,0.638,0.001,0.616,0.517,-0.419,-0.478,0.453,0.282,-0.499,-0.453,-0.138,-0.569,-0.39,-0.695,-0.136,-0.666,0.241,-0.6,-0.419,0.611,0.585,0.022,0.286,-0.613,-0.736,-0.635,0.138,0.179,-0.608,-0.476,-0.653,-0.44,-0.64,-0.532,0.658,-0.379,-0.13,-0.539,-0.37,-0.53,0.515,0.313,0.442,0.092,0.483,0.614,-0.321,-0.623,-0.635,0.384,0.772,-0.322,-0.586,0.519,-0.349,0.029,-0.552,-0.608,-0.48,-0.529,0.345,-0.446,-0.095,-0.695,-0.675,-0.482,-0.283,-0.072,-0.247,-0.553,-0.527,0.063,-0.599,-0.165,-0.601,-0.307,-0.374,0.011,-0.603,-0.098,-0.628,-0.147,-0.537,-0.487,-0.626,0.451,-0.265,0.501,-0.711,-0.662,0.415,0.526,-0.236,0.209,-0.294,-0.363
AXON,0.787,0.13,-0.345,-0.497,0.813,-0.121,0.062,0.137,0.512,-0.225,-0.661,0.664,-0.196,-0.795,-0.648,0.522,0.637,-0.089,0.518,0.0,-0.601,0.593,-0.252,-0.101,0.722,-0.017,0.051,-0.236,-0.617,-0.415,-0.716,0.517,0.554,-0.572,0.083,-0.572,-0.185,-0.578,-0.466,0.121,0.807,0.402,0.182,0.022,-0.759,-0.368,0.733,-0.017,-0.402,-0.312,0.772,-0.53,0.242,-0.241,0.001,0.358,-0.545,-0.738,-0.233,-0.765,-0.392,0.777,-0.61,0.017,0.445,-0.32,-0.471,0.455,0.204,-0.717,0.455,0.132,-0.723,0.147,-0.697,0.403,-0.575,0.714,-0.787,-0.797,-0.103,0.572,-0.698,-0.126,-0.768,0.557,0.506,-0.23,-0.188,0.697,-0.747,-0.442,-0.424,-0.135,-0.362,0.761,-0.024,-0.832,0.351,-0.258,0.066,0.515,-0.472,0.155,0.621,0.656,0.537,0.757,-0.354,-0.653,0.643,0.211,-0.347,-0.523,0.532,-0.37,0.001,-0.674,-0.174,-0.522,0.478,-0.788,-0.652,0.671,0.513,-0.235,0.658,-0.673,-0.444,-0.809,0.55,0.402,-0.573,-0.272,-0.609,-0.445,-0.678,-0.643,0.725,-0.515,0.015,-0.429,-0.518,-0.487,0.71,0.729,0.878,-0.531,0.69,0.589,0.033,-0.711,-0.782,0.368,0.865,0.328,-0.851,0.433,-0.005,0.133,-0.549,-0.637,-0.489,-0.005,0.697,-0.548,-0.23,-0.408,-0.744,0.025,-0.599,-0.676,-0.37,-0.711,-0.478,0.659,-0.555,-0.121,-0.419,-0.589,-0.058,-0.005,-0.663,0.073,-0.785,0.258,-0.284,-0.327,-0.743,0.823,-0.581,0.656,-0.557,-0.745,0.291,0.859,-0.306,0.769,-0.21,-0.744
BANF,-0.816,-0.392,0.648,0.816,-0.553,0.656,0.03,-0.111,-0.134,0.766,0.809,-0.262,0.7,0.784,0.912,-0.316,-0.018,0.533,-0.8,-0.601,0.0,0.036,0.418,-0.123,-0.198,0.357,0.5,0.68,0.823,0.794,0.863,-0.391,0.147,0.728,-0.199,0.674,0.535,0.842,0.848,0.326,-0.787,0.242,0.086,0.543,0.917,0.423,-0.374,0.573,0.849,0.6,-0.416,0.897,0.109,0.783,0.372,-0.608,0.951,0.81,0.744,0.907,0.625,-0.224,0.686,0.553,-0.113,0.729,0.748,0.014,-0.195,0.833,-0.566,-0.131,0.866,-0.056,0.937,0.038,0.897,-0.879,0.58,0.628,0.107,-0.15,0.57,0.026,0.434,-0.827,0.188,0.774,0.689,-0.532,0.902,0.773,0.824,0.4,0.786,-0.63,0.447,0.651,0.132,0.739,0.584,-0.522,0.872,0.154,-0.787,-0.111,-0.659,-0.567,0.465,0.759,-0.283,0.121,0.585,0.748,0.188,0.808,0.591,0.921,0.4,0.89,-0.178,0.856,0.746,-0.607,-0.595,0.407,-0.34,0.879,0.883,0.865,-0.031,0.077,0.866,0.747,0.907,0.689,0.827,0.8,-0.568,0.666,0.264,0.823,0.694,0.844,-0.398,-0.361,-0.534,0.157,-0.565,-0.696,0.492,0.874,0.879,-0.403,-0.736,0.337,0.773,-0.522,0.594,0.286,0.743,0.725,0.599,0.497,-0.589,0.638,0.454,0.848,0.922,0.61,0.605,0.167,0.426,0.782,0.781,-0.234,0.884,0.45,0.85,0.464,0.639,0.385,0.874,0.185,0.871,0.173,0.757,0.718,0.889,-0.656,0.603,-0.487,0.875,0.922,-0.399,-0.657,0.624,-0.163,0.663,0.478
BATRK,0.273,-0.13,0.095,0.1,0.555,0.299,0.157,0.177,0.341,0.457,-0.127,0.428,0.347,-0.332,-0.034,0.535,0.693,0.354,-0.088,0.593,0.036,0.0,0.048,-0.313,0.61,0.291,0.46,0.22,0.001,0.037,-0.104,0.16,0.792,-0.132,-0.231,-0.16,0.197,-0.011,0.094,0.39,0.268,0.583,0.153,0.457,-0.151,-0.237,0.671,0.509,0.18,0.147,0.546,0.112,0.573,0.265,0.225,-0.237,0.084,-0.218,0.318,-0.16,0.06,0.749,-0.21,0.4,0.473,0.26,-0.051,0.54,0.006,-0.175,0.204,0.035,-0.111,-0.038,-0.083,0.563,0.017,0.08,-0.482,-0.357,-0.011,0.596,-0.385,-0.268,-0.572,-0.012,0.745,0.347,0.358,0.46,-0.123,0.081,0.134,0.131,0.156,0.432,0.292,-0.426,0.495,0.303,0.537,0.188,0.138,0.295,0.01,0.856,0.055,0.484,0.059,-0.118,0.513,0.149,0.162,-0.038,0.785,0.204,0.378,-0.055,0.201,0.061,0.5,-0.228,-0.199,0.279,0.15,-0.024,0.432,-0.111,0.267,-0.228,0.637,0.498,-0.117,0.282,-0.013,-0.045,-0.1,-0.127,0.332,-0.07,0.258,0.166,-0.072,0.051,0.273,0.533,0.6,-0.577,0.352,0.176,0.578,-0.157,-0.175,0.194,0.386,0.733,-0.388,0.176,0.535,0.411,-0.058,-0.122,-0.014,0.481,0.295,-0.154,0.034,0.265,-0.109,0.643,-0.271,-0.587,-0.129,-0.211,0.075,0.741,0.07,0.246,0.208,-0.263,0.426,0.259,-0.067,0.291,-0.199,0.517,0.371,0.256,-0.183,0.424,-0.335,0.347,0.126,-0.126,0.022,0.431,0.049,0.737,0.296,-0.469
BIDU,-0.619,-0.154,0.492,0.739,-0.398,0.8,0.604,-0.639,0.179,0.459,0.718,0.301,0.685,0.507,0.565,-0.202,0.152,0.096,-0.151,-0.252,0.418,0.048,0.0,-0.446,0.04,-0.056,0.622,0.696,0.657,0.408,0.564,0.27,-0.045,0.622,-0.067,0.583,0.27,0.111,0.697,0.582,-0.256,0.367,-0.033,0.327,0.531,0.65,-0.495,0.616,0.602,0.039,-0.247,0.538,-0.413,0.675,-0.183,-0.466,0.472,0.641,0.273,0.541,0.902,-0.053,0.557,0.576,-0.124,0.456,0.651,0.229,-0.446,0.645,-0.423,-0.088,0.603,0.483,0.577,-0.487,0.62,-0.542,0.612,0.579,0.838,-0.474,0.483,0.376,0.339,-0.486,-0.094,0.664,0.527,-0.184,0.595,0.604,0.555,0.552,0.728,-0.476,0.773,0.399,-0.226,0.586,0.548,-0.282,0.34,0.512,-0.622,-0.206,0.059,-0.443,-0.155,0.71,-0.122,0.346,0.688,0.796,0.154,0.738,0.396,0.619,0.855,0.574,-0.159,0.618,0.694,-0.272,-0.146,0.625,0.171,0.367,0.418,0.586,0.066,0.635,0.402,0.629,0.644,0.436,0.106,0.69,-0.136,0.659,-0.293,0.577,0.636,0.393,0.066,-0.487,-0.395,0.458,-0.612,-0.438,0.086,0.385,0.563,-0.607,-0.105,0.196,0.416,-0.14,0.588,0.06,0.035,0.264,0.019,-0.172,-0.547,0.72,0.41,0.351,0.446,0.353,0.288,0.312,0.731,0.692,0.727,-0.167,0.595,0.348,0.573,0.533,0.652,0.362,0.528,0.263,0.602,0.412,0.582,0.386,0.591,-0.464,0.391,-0.47,0.553,0.556,-0.636,-0.487,0.7,-0.136,0.663,0.427
BLNE,0.115,0.341,-0.074,-0.294,-0.087,-0.386,-0.405,0.254,-0.322,-0.41,-0.145,-0.158,-0.434,-0.036,-0.15,-0.227,-0.308,-0.023,0.13,-0.101,-0.123,-0.313,-0.446,0.0,-0.034,-0.132,-0.39,-0.256,-0.333,0.01,-0.213,-0.349,-0.268,-0.232,0.475,0.071,-0.128,-0.039,-0.268,-0.231,0.017,-0.267,0.35,-0.202,-0.17,0.035,-0.055,-0.38,-0.234,0.14,-0.149,-0.244,-0.026,-0.316,0.064,0.43,-0.123,-0.158,-0.268,-0.045,-0.344,-0.267,0.125,-0.134,-0.105,-0.087,-0.003,-0.221,0.278,-0.103,0.106,0.092,-0.159,-0.194,-0.184,-0.012,-0.176,0.238,-0.055,-0.026,-0.354,0.0,-0.176,-0.085,0.083,0.168,-0.139,-0.43,-0.315,-0.25,-0.206,-0.286,-0.168,-0.28,-0.185,0.056,-0.384,-0.162,-0.066,-0.369,-0.399,0.107,-0.146,-0.476,0.399,-0.147,0.058,0.095,-0.071,-0.274,-0.158,0.003,-0.397,-0.208,-0.353,-0.288,-0.081,-0.181,-0.388,-0.183,0.016,-0.153,-0.008,0.192,0.13,-0.049,-0.051,-0.054,-0.21,-0.1,-0.263,-0.478,0.122,-0.417,-0.117,-0.154,0.206,-0.169,0.168,-0.327,0.152,-0.334,-0.217,-0.004,-0.171,0.19,-0.059,0.012,0.18,0.099,0.06,0.002,-0.115,0.231,-0.112,-0.442,0.0,-0.081,-0.415,0.058,0.08,-0.025,-0.056,-0.197,0.1,-0.267,0.103,-0.194,-0.131,-0.268,0.071,0.039,-0.19,-0.201,-0.258,-0.292,-0.227,-0.071,-0.364,0.032,-0.412,-0.166,-0.187,-0.105,-0.136,-0.576,-0.276,-0.131,-0.108,0.104,0.191,0.057,-0.219,-0.114,0.347,0.188,-0.157,-0.214,-0.313,-0.066
BLNK,0.43,-0.177,-0.034,-0.152,0.624,0.277,-0.105,-0.03,0.487,0.122,-0.18,0.718,0.245,-0.556,-0.168,0.392,0.775,0.362,0.287,0.722,-0.198,0.61,0.04,-0.034,0.0,0.413,0.529,0.299,-0.226,0.073,-0.307,0.338,0.653,-0.338,0.076,-0.099,0.282,-0.244,-0.15,0.503,0.479,0.641,0.537,0.391,-0.439,0.026,0.559,0.288,0.062,0.107,0.656,-0.173,0.191,0.186,0.222,0.235,-0.107,-0.45,0.048,-0.36,-0.058,0.624,-0.169,0.417,0.576,0.143,0.058,0.794,0.291,-0.322,0.228,0.368,-0.294,0.244,-0.308,0.375,-0.106,0.34,-0.401,-0.549,-0.012,0.617,-0.591,-0.196,-0.701,0.17,0.684,0.128,0.082,0.603,-0.385,-0.23,0.062,0.243,0.097,0.486,0.338,-0.687,0.576,0.196,0.463,0.449,-0.062,0.304,0.338,0.643,0.387,0.645,-0.449,-0.338,0.708,0.383,-0.261,-0.103,0.746,-0.017,0.401,-0.275,0.178,0.001,0.468,-0.407,-0.12,0.692,0.516,0.023,0.567,-0.22,-0.117,-0.438,0.54,0.535,-0.12,0.045,-0.121,-0.067,-0.362,-0.317,0.76,-0.317,0.248,-0.193,-0.308,-0.017,0.625,0.661,0.654,-0.566,0.572,0.19,0.377,-0.233,-0.423,0.31,0.598,0.472,-0.619,0.145,0.382,0.488,-0.197,-0.457,-0.381,0.092,0.277,-0.393,0.14,-0.018,-0.355,0.393,-0.111,-0.638,-0.203,-0.413,-0.088,0.478,-0.132,0.245,-0.15,-0.255,0.338,0.196,-0.291,0.532,-0.434,0.359,0.167,0.139,-0.388,0.549,-0.122,0.486,-0.26,-0.319,0.269,0.713,0.123,0.782,0.176,-0.659
BTAI,-0.13,-0.621,0.05,0.155,0.135,0.302,-0.463,0.074,0.041,0.448,0.226,-0.085,0.461,-0.059,0.328,0.047,0.367,0.585,-0.348,-0.017,0.357,0.291,-0.056,-0.132,0.413,0.0,0.544,0.443,0.274,0.483,0.267,-0.192,0.467,-0.008,-0.289,0.18,0.598,0.493,0.118,0.315,-0.3,0.292,0.306,0.537,0.159,0.08,0.245,0.239,0.418,0.523,0.203,0.291,0.19,0.339,0.524,-0.155,0.369,-0.019,0.391,0.188,-0.002,0.011,0.111,0.245,0.39,0.312,0.274,0.526,0.31,0.133,-0.119,0.507,0.253,-0.16,0.215,0.396,0.336,-0.31,0.039,-0.156,-0.313,0.458,-0.14,-0.491,-0.338,-0.317,0.484,0.38,0.212,0.173,0.183,0.028,0.423,0.368,0.278,-0.063,0.19,-0.038,0.557,0.52,0.479,-0.115,0.454,0.146,-0.171,0.344,-0.283,0.094,0.102,0.087,0.374,0.057,-0.181,0.121,0.501,0.19,0.329,0.183,0.049,0.49,0.188,0.157,0.192,0.109,-0.052,-0.153,-0.207,0.391,0.304,0.115,0.217,0.065,0.365,0.282,0.29,0.347,0.214,-0.007,0.075,0.025,0.439,0.092,-0.013,0.422,0.071,0.209,0.096,-0.56,0.229,-0.4,0.386,0.382,0.123,0.221,-0.192,0.449,-0.069,-0.364,0.428,0.425,0.464,0.095,0.07,0.325,-0.192,-0.193,0.194,0.519,0.273,0.516,0.405,-0.459,-0.241,-0.016,0.192,0.158,0.345,0.33,0.201,0.019,0.402,0.219,0.257,0.619,0.106,0.175,0.399,0.472,0.103,-0.071,0.329,0.137,0.164,0.237,0.22,0.059,0.239,0.404,0.326,-0.173
BYND,-0.415,-0.536,0.443,0.625,0.006,0.865,0.129,-0.413,0.316,0.713,0.594,0.369,0.872,0.174,0.574,0.068,0.63,0.562,-0.284,0.051,0.5,0.46,0.622,-0.39,0.529,0.544,0.0,0.878,0.625,0.643,0.494,0.233,0.545,0.359,-0.293,0.429,0.709,0.358,0.569,0.703,-0.273,0.69,0.29,0.788,0.379,0.494,0.005,0.761,0.758,0.411,0.128,0.569,-0.041,0.809,0.374,-0.435,0.592,0.317,0.574,0.41,0.595,0.202,0.379,0.734,0.337,0.606,0.665,0.713,-0.022,0.453,-0.355,0.225,0.523,0.255,0.477,0.108,0.671,-0.506,0.26,0.137,0.301,0.173,0.06,-0.106,-0.211,-0.548,0.511,0.826,0.655,0.177,0.457,0.481,0.73,0.689,0.756,-0.234,0.822,0.073,0.448,0.859,0.902,-0.109,0.585,0.675,-0.52,0.302,-0.172,-0.087,-0.128,0.502,0.394,0.41,0.374,0.609,0.704,0.68,0.705,0.505,0.644,0.732,0.13,0.431,0.536,0.001,-0.084,0.348,0.189,0.503,0.494,0.365,0.508,0.689,0.489,0.746,0.63,0.496,0.172,0.409,0.17,0.404,0.156,0.505,0.377,0.611,0.265,-0.021,0.044,-0.214,-0.123,-0.487,0.503,0.436,0.357,-0.189,-0.056,0.637,0.086,-0.229,0.857,0.514,0.35,0.176,0.075,0.244,-0.439,0.295,0.437,0.602,0.427,0.803,0.395,-0.279,0.305,0.384,0.577,0.163,0.672,0.519,0.593,0.224,0.89,0.547,0.493,0.707,0.383,0.56,0.788,0.627,0.392,-0.206,0.392,-0.001,0.466,0.482,-0.214,-0.12,0.706,0.433,0.777,-0.092
CAN,-0.661,-0.461,0.648,0.792,-0.269,0.901,0.125,-0.474,0.138,0.761,0.821,0.213,0.904,0.471,0.746,-0.177,0.426,0.649,-0.401,-0.236,0.68,0.22,0.696,-0.256,0.299,0.443,0.878,0.0,0.781,0.791,0.72,0.015,0.321,0.61,-0.209,0.706,0.702,0.511,0.76,0.666,-0.495,0.608,0.279,0.693,0.602,0.709,-0.294,0.754,0.885,0.488,-0.158,0.709,-0.143,0.927,0.318,-0.456,0.778,0.573,0.618,0.673,0.76,-0.042,0.632,0.782,0.172,0.707,0.877,0.557,-0.105,0.674,-0.501,0.122,0.74,0.279,0.704,-0.1,0.848,-0.694,0.5,0.397,0.38,-0.056,0.336,0.058,0.123,-0.718,0.356,0.856,0.698,-0.083,0.679,0.624,0.87,0.711,0.906,-0.494,0.858,0.332,0.287,0.914,0.838,-0.266,0.697,0.547,-0.672,-0.004,-0.302,-0.299,-0.031,0.69,0.151,0.496,0.472,0.823,0.477,0.806,0.785,0.708,0.725,0.896,0.022,0.696,0.783,-0.172,-0.192,0.553,0.037,0.69,0.635,0.643,0.29,0.583,0.715,0.808,0.833,0.654,0.398,0.668,-0.033,0.635,0.131,0.634,0.61,0.774,0.112,-0.191,-0.226,0.037,-0.352,-0.639,0.409,0.711,0.617,-0.387,-0.3,0.5,0.418,-0.4,0.812,0.423,0.461,0.354,0.218,0.206,-0.581,0.524,0.649,0.656,0.643,0.7,0.624,-0.026,0.504,0.628,0.782,-0.183,0.796,0.57,0.721,0.463,0.894,0.562,0.717,0.592,0.64,0.485,0.817,0.763,0.649,-0.406,0.631,-0.28,0.625,0.727,-0.34,-0.36,0.818,0.164,0.832,0.138
CCEC,-0.836,-0.436,0.64,0.894,-0.513,0.737,0.2,-0.358,-0.012,0.795,0.878,-0.253,0.844,0.711,0.856,-0.191,0.071,0.438,-0.609,-0.617,0.823,0.001,0.657,-0.333,-0.226,0.274,0.625,0.781,0.0,0.751,0.902,-0.101,0.101,0.718,-0.425,0.63,0.636,0.716,0.838,0.364,-0.806,0.292,-0.139,0.594,0.887,0.543,-0.46,0.676,0.882,0.541,-0.396,0.9,-0.093,0.824,0.295,-0.705,0.843,0.791,0.709,0.851,0.783,-0.259,0.599,0.524,0.02,0.709,0.75,0.118,-0.202,0.816,-0.513,-0.191,0.927,-0.011,0.88,-0.113,0.921,-0.905,0.664,0.682,0.313,-0.265,0.545,0.089,0.421,-0.79,0.064,0.834,0.782,-0.315,0.922,0.837,0.858,0.564,0.807,-0.647,0.68,0.746,0.063,0.86,0.67,-0.53,0.844,0.461,-0.93,-0.179,-0.602,-0.623,0.319,0.921,-0.178,0.221,0.679,0.826,0.173,0.831,0.509,0.887,0.619,0.876,-0.26,0.898,0.772,-0.643,-0.58,0.447,-0.296,0.845,0.78,0.851,0.103,0.312,0.751,0.842,0.882,0.728,0.647,0.812,-0.515,0.791,0.093,0.827,0.737,0.801,-0.345,-0.528,-0.531,0.241,-0.605,-0.687,0.371,0.796,0.851,-0.402,-0.625,0.391,0.708,-0.416,0.709,0.286,0.638,0.698,0.556,0.334,-0.745,0.695,0.418,0.784,0.891,0.614,0.625,0.269,0.501,0.81,0.836,-0.223,0.92,0.503,0.885,0.458,0.763,0.517,0.904,0.301,0.871,0.373,0.841,0.684,0.843,-0.715,0.558,-0.438,0.823,0.894,-0.424,-0.754,0.698,-0.18,0.8,0.513
CDW,-0.677,-0.555,0.634,0.726,-0.383,0.677,-0.189,-0.216,-0.017,0.638,0.767,-0.193,0.753,0.536,0.812,-0.236,0.24,0.584,-0.47,-0.415,0.794,0.037,0.408,0.01,0.073,0.483,0.643,0.791,0.751,0.0,0.73,-0.212,0.284,0.548,-0.237,0.6,0.811,0.78,0.678,0.361,-0.76,0.461,0.176,0.792,0.718,0.553,-0.281,0.583,0.898,0.767,-0.216,0.81,-0.11,0.796,0.652,-0.381,0.834,0.584,0.725,0.77,0.535,-0.28,0.614,0.599,0.159,0.714,0.804,0.258,0.215,0.721,-0.397,-0.015,0.798,-0.119,0.76,0.086,0.882,-0.717,0.565,0.447,-0.003,-0.012,0.256,-0.107,0.222,-0.627,0.281,0.756,0.688,-0.277,0.737,0.687,0.858,0.58,0.8,-0.503,0.607,0.49,0.315,0.801,0.685,-0.41,0.859,0.329,-0.648,-0.067,-0.579,-0.44,0.221,0.723,0.087,0.453,0.299,0.658,0.293,0.732,0.617,0.744,0.359,0.889,-0.11,0.727,0.746,-0.392,-0.501,0.424,-0.267,0.884,0.641,0.681,0.217,0.234,0.858,0.738,0.839,0.684,0.716,0.625,-0.184,0.577,0.295,0.631,0.573,0.954,-0.112,-0.198,-0.362,0.005,-0.266,-0.691,0.525,0.816,0.686,-0.154,-0.521,0.354,0.521,-0.463,0.655,0.567,0.808,0.617,0.422,0.298,-0.62,0.385,0.505,0.76,0.793,0.655,0.756,-0.066,0.238,0.58,0.659,-0.215,0.867,0.636,0.727,0.312,0.699,0.592,0.797,0.409,0.689,0.117,0.759,0.704,0.716,-0.559,0.769,-0.14,0.616,0.787,-0.061,-0.473,0.781,0.073,0.756,0.245
CDXS,-0.865,-0.387,0.727,0.857,-0.597,0.632,0.146,-0.239,-0.133,0.77,0.92,-0.312,0.765,0.803,0.887,-0.237,-0.037,0.488,-0.62,-0.716,0.863,-0.104,0.564,-0.213,-0.307,0.267,0.494,0.72,0.902,0.73,0.0,-0.355,0.024,0.809,-0.334,0.763,0.554,0.775,0.849,0.329,-0.834,0.219,-0.12,0.449,0.914,0.594,-0.491,0.628,0.843,0.544,-0.442,0.876,-0.006,0.788,0.245,-0.62,0.871,0.87,0.72,0.932,0.766,-0.362,0.722,0.559,-0.093,0.736,0.762,-0.063,-0.24,0.859,-0.532,-0.221,0.965,-0.024,0.938,-0.169,0.913,-0.901,0.746,0.794,0.319,-0.275,0.666,0.223,0.584,-0.793,0.038,0.751,0.714,-0.495,0.954,0.821,0.883,0.552,0.81,-0.642,0.591,0.793,-0.003,0.732,0.566,-0.475,0.826,0.214,-0.876,-0.287,-0.608,-0.576,0.441,0.874,-0.245,0.235,0.645,0.866,0.078,0.784,0.555,0.911,0.571,0.877,-0.124,0.943,0.84,-0.617,-0.52,0.54,-0.432,0.882,0.853,0.922,-0.065,0.217,0.796,0.8,0.905,0.76,0.777,0.901,-0.629,0.856,0.248,0.834,0.825,0.794,-0.374,-0.478,-0.638,0.34,-0.633,-0.662,0.299,0.924,0.929,-0.478,-0.694,0.275,0.848,-0.558,0.621,0.255,0.658,0.727,0.642,0.339,-0.687,0.762,0.576,0.77,0.944,0.511,0.753,0.409,0.524,0.848,0.875,-0.393,0.903,0.559,0.873,0.576,0.684,0.495,0.958,0.181,0.927,0.289,0.744,0.782,0.911,-0.701,0.659,-0.559,0.864,0.946,-0.464,-0.775,0.617,-0.254,0.765,0.601
