,ABEO,ACHC,AGNCN,AKAM,AKRO,ALRM,AMAT,AMED,AMRN,ANGI,APA,APOG,APPS,ARCB,ARCC,ARVN,ATEC,ATXS,AVAV,AXON,BANF,BATRK,BIDU,BLNE,BLNK,BTAI,BYND,CAN,CCEC,CDW,CDXS,CELH,CGNX,CHKP,CHRS,CHRW,CIGI,CKPT,CMPR,COGT,CRNC,CRSP,CSTL,CTSH,CVGW,DGLY,DNLI,DOCU,DVAX,EBAY,EHTH,ERII,ESLT,EXPE,EXPO,FBIOP,FFBC,FFIN,FOXF,FWRD,GDS,GERN,GPRE,GRWG,GRYP,HEES,HELE,HIVE,HON,HRTX,HSTM,HURA,IART,IBKR,IBOC,IBRX,IDXX,INGN,INM,INVA,IQ,IRBT,KDP,KPTI,KTOS,KXIN,LAMR,LFUS,LGIH,LGMK,LKFN,LNW,LOPE,LPSN,LYFT,MGNX,MLCO,MNST,MODV,MSTR,MTCH,MYGN,MYRG,NCMI,NEXT,NFLX,NIU,NKTR,NRC,NTNX,NTRA,NVEE,NVMI,NWL,NWS,NXPI,OCGN,OCSL,OKTA,OLLI,OTLK,OXLC,PAA,PARA,PARAA,PDCO,PDFS,PFG,PGEN,PNFP,PODD,POWI,PSMT,PTC,PTEN,PVLA,RDNT,RDUS,RDWR,REGN,RNAC,ROCK,ROST,RRR,RSLS,RVMD,RYAAY,SAFT,SAGE,SAVA,SBGI,SFM,SFNC,SHYF,SIBN,SIFY,SIGI,SIMO,SITM,SLM,SNBR,SNDX,SNY,SPNS,SRRK,STRA,SUPN,SYRE,TCBK,TEAM,TECH,THRM,TLRY,TRMK,TROW,TSLA,TWST,TXN,UFPI,UNIT,UPWK,USLM,UTHR,VERB,VLY,VRNA,VRRM,VXRT,WAFD,WATT,WBA,WING,WIX,WTFC,WTW,XPEL,XRX,YMAB,ZG,ZLAB
ABEO,0.0,-0.146,0.485,0.595,0.606,0.212,0.396,0.532,0.381,0.505,-0.344,0.36,0.274,0.476,0.594,0.589,0.614,-0.098,0.616,0.593,0.363,0.164,0.602,-0.421,0.295,-0.094,0.302,-0.225,0.286,0.487,0.535,0.171,0.417,0.569,-0.222,0.034,0.535,0.67,0.413,-0.292,0.427,0.544,0.565,0.533,-0.371,-0.269,0.105,0.507,-0.282,0.502,-0.275,0.503,0.589,0.543,0.331,0.453,0.46,0.425,-0.455,0.07,0.346,0.168,-0.553,0.39,-0.149,0.353,0.568,-0.047,0.56,0.387,0.55,-0.477,0.521,0.017,0.282,0.495,0.507,0.522,-0.49,0.614,0.079,0.284,0.597,-0.118,0.553,0.068,0.608,0.433,0.468,-0.375,0.425,0.507,0.605,0.377,0.579,0.445,-0.19,0.546,0.007,0.446,0.018,0.637,0.429,0.31,0.232,0.507,0.629,0.066,-0.207,0.567,0.457,0.217,0.419,0.396,0.7,0.456,0.47,0.598,0.451,0.089,-0.048,0.231,0.336,0.59,0.58,0.317,0.428,0.482,0.041,0.521,0.634,0.433,0.549,0.542,-0.421,-0.152,0.498,0.436,0.308,0.327,-0.01,0.528,0.551,0.572,-0.341,0.548,0.514,0.326,0.184,0.002,0.435,0.39,0.443,0.083,0.425,0.265,-0.203,0.463,0.448,0.393,-0.315,0.49,0.309,0.16,0.09,0.638,0.279,0.159,0.356,0.163,0.508,0.548,0.192,0.567,0.484,0.576,0.472,0.431,0.533,0.537,0.424,0.442,0.556,-0.288,0.437,0.091,0.151,0.254,0.474,0.281,0.064,0.565,0.551,0.495,0.42,0.073,0.564,0.4,0.51,0.504
ACHC,-0.146,0.0,-0.02,-0.158,-0.189,0.004,0.014,-0.166,-0.005,-0.155,0.118,0.093,0.152,0.025,-0.113,-0.155,-0.098,0.067,-0.149,-0.12,0.121,0.036,-0.213,0.124,0.072,0.121,0.24,0.181,-0.164,-0.028,-0.018,-0.092,0.099,-0.26,0.044,0.367,-0.102,-0.316,-0.124,0.253,0.097,-0.243,-0.045,-0.197,0.517,0.216,0.194,-0.01,0.174,-0.149,0.202,0.002,-0.217,-0.146,-0.024,-0.093,0.075,0.055,0.148,0.373,0.125,0.078,0.2,-0.113,-0.193,0.082,0.027,0.087,-0.144,-0.244,-0.048,0.026,0.105,0.05,0.311,0.036,-0.124,-0.057,0.148,0.065,0.293,-0.105,-0.098,0.087,-0.089,0.138,-0.097,0.13,0.02,0.23,0.009,-0.132,-0.026,0.215,0.064,-0.128,0.066,0.117,0.272,-0.186,-0.032,-0.065,-0.125,0.075,-0.019,-0.184,-0.034,0.369,0.15,-0.143,-0.146,0.153,-0.157,0.028,-0.258,-0.075,-0.152,-0.147,-0.082,0.405,0.017,0.065,0.034,-0.21,-0.186,-0.036,-0.05,-0.081,-0.074,0.026,-0.146,-0.002,0.156,-0.098,-0.06,0.331,-0.094,-0.2,0.035,0.155,-0.164,0.024,-0.276,-0.122,0.399,0.12,-0.162,0.353,0.088,0.236,-0.025,0.004,0.071,0.298,-0.015,0.066,0.251,-0.121,-0.013,0.177,0.168,0.002,-0.22,0.108,0.232,0.015,-0.058,-0.149,0.146,0.153,-0.099,0.071,0.113,-0.009,-0.005,0.001,-0.24,-0.101,-0.028,-0.108,-0.065,-0.182,0.117,0.079,-0.015,0.153,0.21,0.233,0.094,-0.083,0.358,-0.177,-0.12,-0.051,-0.134,0.25,0.031,-0.07,0.08,-0.025
AGNCN,0.485,-0.02,0.0,0.808,0.8,0.679,0.769,0.738,0.652,0.674,-0.604,0.853,0.562,0.865,0.88,0.639,0.786,-0.559,0.722,0.806,0.733,0.451,0.475,-0.781,0.7,-0.1,0.541,-0.592,0.509,0.84,0.665,-0.058,0.69,0.767,-0.481,0.286,0.688,0.368,0.71,-0.383,0.739,0.765,0.863,0.654,-0.318,-0.518,-0.044,0.833,-0.421,0.477,-0.366,0.912,0.633,0.801,0.632,0.589,0.838,0.815,-0.633,0.225,0.718,0.21,-0.751,0.605,-0.315,0.785,0.733,-0.213,0.819,0.533,0.449,-0.915,0.796,-0.122,0.634,0.698,0.791,0.771,-0.61,0.831,0.386,-0.046,0.741,-0.403,0.689,0.056,0.911,0.868,0.893,-0.184,0.822,0.778,0.761,0.706,0.728,0.701,-0.549,0.694,-0.206,0.721,-0.031,0.751,0.588,0.544,0.475,0.779,0.662,0.194,-0.365,0.768,0.757,0.594,0.729,0.637,0.463,0.805,0.516,0.852,0.649,0.102,-0.523,0.665,0.482,0.747,0.798,0.639,0.758,0.812,0.037,0.847,0.814,0.779,0.604,0.831,-0.587,-0.295,0.767,0.635,0.358,0.31,-0.225,0.887,0.746,0.748,-0.349,0.63,0.788,0.419,0.16,0.402,0.751,0.127,0.791,0.393,0.443,0.198,-0.421,0.834,0.845,0.588,-0.553,0.67,0.459,-0.018,0.041,0.868,0.655,-0.259,0.803,0.392,0.68,0.818,0.178,0.819,0.81,0.837,0.681,0.827,0.829,0.777,0.728,0.545,0.693,-0.682,0.757,0.236,0.273,0.643,0.794,0.288,0.316,0.834,0.801,0.848,0.645,-0.07,0.819,0.034,0.458,0.54
AKAM,0.595,-0.158,0.808,0.0,0.885,0.777,0.884,0.955,0.714,0.887,-0.842,0.81,0.447,0.822,0.879,0.753,0.899,-0.718,0.913,0.926,0.615,0.274,0.669,-0.91,0.764,-0.189,0.367,-0.783,0.626,0.906,0.649,-0.088,0.783,0.92,-0.758,0.154,0.908,0.545,0.883,-0.718,0.781,0.881,0.884,0.848,-0.444,-0.663,-0.302,0.898,-0.623,0.669,-0.666,0.902,0.829,0.959,0.745,0.73,0.759,0.752,-0.707,0.062,0.689,0.218,-0.908,0.61,-0.236,0.801,0.723,-0.454,0.856,0.662,0.428,-0.794,0.7,0.049,0.399,0.631,0.91,0.788,-0.84,0.801,0.19,0.049,0.882,-0.607,0.815,-0.314,0.906,0.761,0.903,-0.411,0.818,0.943,0.882,0.606,0.689,0.925,-0.727,0.647,-0.45,0.905,0.235,0.822,0.702,0.63,0.531,0.924,0.646,-0.053,-0.429,0.923,0.924,0.59,0.899,0.733,0.548,0.908,0.529,0.907,0.684,-0.062,-0.243,0.498,0.16,0.824,0.862,0.739,0.92,0.784,-0.02,0.811,0.935,0.768,0.665,0.961,-0.765,-0.533,0.921,0.71,0.564,0.022,-0.19,0.898,0.908,0.928,-0.616,0.444,0.968,0.122,-0.074,0.015,0.599,0.299,0.764,0.096,0.321,-0.022,-0.664,0.908,0.843,0.502,-0.798,0.615,0.475,-0.375,-0.228,0.933,0.811,-0.236,0.74,0.423,0.848,0.857,-0.066,0.853,0.794,0.866,0.789,0.798,0.918,0.776,0.925,0.74,0.67,-0.843,0.695,-0.12,0.192,0.694,0.708,0.298,0.078,0.928,0.951,0.847,0.835,-0.368,0.639,-0.071,0.613,0.67
AKRO,0.606,-0.189,0.8,0.885,0.0,0.595,0.703,0.808,0.786,0.791,-0.66,0.755,0.513,0.817,0.858,0.777,0.909,-0.474,0.841,0.921,0.615,0.422,0.709,-0.789,0.577,-0.271,0.341,-0.558,0.58,0.797,0.65,0.036,0.778,0.824,-0.489,0.269,0.83,0.688,0.822,-0.503,0.663,0.945,0.899,0.837,-0.544,-0.623,0.008,0.835,-0.489,0.602,-0.418,0.842,0.851,0.892,0.66,0.653,0.749,0.761,-0.606,0.107,0.638,0.426,-0.818,0.704,-0.024,0.688,0.781,-0.266,0.813,0.793,0.573,-0.751,0.749,-0.04,0.403,0.711,0.853,0.822,-0.683,0.744,0.166,0.183,0.827,-0.385,0.785,-0.104,0.9,0.745,0.8,-0.392,0.789,0.776,0.751,0.582,0.684,0.839,-0.496,0.618,-0.319,0.767,0.212,0.908,0.708,0.438,0.466,0.866,0.724,0.122,-0.36,0.852,0.806,0.532,0.769,0.687,0.691,0.83,0.76,0.799,0.738,-0.127,-0.211,0.457,0.378,0.877,0.9,0.676,0.789,0.793,0.27,0.787,0.902,0.73,0.631,0.841,-0.66,-0.409,0.846,0.811,0.392,0.242,0.055,0.842,0.926,0.845,-0.623,0.667,0.864,0.178,0.231,0.282,0.659,0.161,0.728,0.209,0.515,0.214,-0.435,0.841,0.787,0.395,-0.596,0.755,0.578,-0.133,0.082,0.848,0.576,-0.136,0.681,0.375,0.857,0.832,0.204,0.811,0.82,0.83,0.865,0.821,0.827,0.821,0.75,0.71,0.787,-0.686,0.748,0.108,-0.027,0.553,0.721,0.417,0.172,0.88,0.904,0.849,0.657,-0.18,0.693,0.175,0.555,0.69
ALRM,0.212,0.004,0.679,0.777,0.595,0.0,0.857,0.812,0.564,0.837,-0.695,0.866,0.524,0.746,0.666,0.673,0.671,-0.831,0.736,0.638,0.718,0.439,0.43,-0.891,0.953,-0.305,0.216,-0.7,0.804,0.833,0.664,-0.522,0.736,0.754,-0.704,0.254,0.8,0.25,0.878,-0.594,0.814,0.694,0.755,0.745,-0.146,-0.707,-0.434,0.879,-0.315,0.412,-0.507,0.78,0.651,0.83,0.882,0.411,0.765,0.797,-0.426,0.142,0.685,0.291,-0.655,0.626,-0.114,0.915,0.642,-0.707,0.79,0.558,0.203,-0.565,0.628,-0.19,0.498,0.64,0.848,0.695,-0.611,0.546,0.291,-0.075,0.737,-0.557,0.754,-0.393,0.713,0.763,0.867,-0.265,0.849,0.89,0.607,0.645,0.406,0.803,-0.75,0.34,-0.579,0.705,0.491,0.523,0.671,0.431,0.787,0.826,0.399,-0.118,-0.154,0.776,0.891,0.806,0.891,0.816,0.121,0.897,0.359,0.765,0.651,-0.076,-0.275,0.338,-0.007,0.64,0.679,0.844,0.916,0.757,-0.297,0.799,0.772,0.81,0.552,0.83,-0.63,-0.662,0.868,0.58,0.568,-0.309,-0.215,0.779,0.702,0.825,-0.452,0.194,0.819,-0.079,-0.097,0.02,0.392,0.384,0.817,0.29,0.25,-0.195,-0.704,0.819,0.805,0.282,-0.669,0.555,0.397,-0.511,-0.258,0.709,0.923,-0.214,0.807,0.661,0.753,0.73,-0.062,0.769,0.718,0.791,0.713,0.811,0.872,0.674,0.815,0.702,0.496,-0.781,0.721,-0.147,0.394,0.755,0.717,-0.164,0.225,0.803,0.821,0.814,0.858,-0.33,0.503,-0.275,0.597,0.298
AMAT,0.396,0.014,0.769,0.884,0.703,0.857,0.0,0.912,0.555,0.807,-0.78,0.842,0.426,0.784,0.792,0.607,0.712,-0.776,0.821,0.772,0.634,0.243,0.499,-0.871,0.875,-0.143,0.401,-0.794,0.625,0.886,0.572,-0.226,0.729,0.833,-0.794,0.159,0.791,0.307,0.802,-0.69,0.823,0.693,0.774,0.681,-0.212,-0.554,-0.415,0.874,-0.51,0.493,-0.634,0.851,0.649,0.829,0.734,0.648,0.722,0.715,-0.634,0.131,0.71,0.125,-0.772,0.471,-0.368,0.83,0.63,-0.514,0.777,0.458,0.22,-0.768,0.636,0.048,0.452,0.538,0.82,0.684,-0.782,0.745,0.314,-0.109,0.783,-0.628,0.727,-0.356,0.786,0.763,0.907,-0.244,0.759,0.91,0.789,0.625,0.591,0.815,-0.78,0.584,-0.434,0.851,0.182,0.616,0.599,0.692,0.617,0.815,0.526,-0.059,-0.338,0.844,0.871,0.616,0.865,0.678,0.271,0.855,0.308,0.842,0.622,0.109,-0.367,0.604,0.065,0.65,0.698,0.703,0.912,0.698,-0.275,0.755,0.804,0.737,0.606,0.901,-0.696,-0.491,0.845,0.508,0.594,-0.138,-0.39,0.866,0.706,0.82,-0.403,0.295,0.869,0.166,-0.155,0.015,0.505,0.355,0.734,0.234,0.164,-0.189,-0.696,0.85,0.823,0.546,-0.782,0.486,0.336,-0.471,-0.334,0.849,0.894,-0.298,0.747,0.479,0.692,0.766,-0.158,0.779,0.708,0.833,0.624,0.732,0.878,0.655,0.899,0.634,0.538,-0.818,0.622,-0.086,0.412,0.739,0.665,0.111,0.128,0.821,0.837,0.762,0.833,-0.392,0.584,-0.272,0.541,0.517
AMED,0.532,-0.166,0.738,0.955,0.808,0.812,0.912,0.0,0.606,0.898,-0.849,0.785,0.363,0.762,0.819,0.727,0.813,-0.768,0.927,0.871,0.563,0.24,0.654,-0.916,0.799,-0.244,0.26,-0.826,0.674,0.876,0.62,-0.195,0.738,0.926,-0.807,0.094,0.881,0.496,0.875,-0.8,0.761,0.827,0.815,0.813,-0.437,-0.683,-0.453,0.874,-0.567,0.568,-0.711,0.84,0.8,0.918,0.759,0.711,0.693,0.697,-0.636,-0.003,0.634,0.172,-0.888,0.566,-0.243,0.79,0.66,-0.576,0.832,0.611,0.348,-0.738,0.624,0.059,0.312,0.583,0.891,0.72,-0.829,0.716,0.136,0.017,0.868,-0.677,0.831,-0.459,0.823,0.705,0.871,-0.427,0.76,0.949,0.806,0.532,0.567,0.904,-0.801,0.541,-0.54,0.897,0.295,0.724,0.697,0.615,0.603,0.904,0.589,-0.185,-0.371,0.919,0.926,0.587,0.917,0.707,0.451,0.883,0.434,0.87,0.666,-0.089,-0.225,0.471,0.045,0.742,0.773,0.739,0.934,0.724,-0.18,0.756,0.893,0.699,0.601,0.935,-0.754,-0.609,0.9,0.618,0.587,-0.148,-0.227,0.85,0.861,0.894,-0.606,0.3,0.955,0.028,-0.152,-0.09,0.465,0.391,0.71,0.095,0.225,-0.195,-0.695,0.897,0.792,0.428,-0.864,0.553,0.477,-0.506,-0.338,0.876,0.87,-0.208,0.68,0.449,0.795,0.778,-0.177,0.795,0.725,0.844,0.752,0.752,0.893,0.692,0.941,0.754,0.605,-0.822,0.629,-0.2,0.291,0.662,0.631,0.166,-0.032,0.902,0.907,0.788,0.887,-0.478,0.544,-0.155,0.599,0.624
AMRN,0.381,-0.005,0.652,0.714,0.786,0.564,0.555,0.606,0.0,0.646,-0.558,0.72,0.626,0.673,0.605,0.639,0.778,-0.48,0.569,0.741,0.577,0.378,0.42,-0.638,0.551,-0.119,0.329,-0.398,0.451,0.684,0.54,-0.016,0.772,0.565,-0.422,0.43,0.752,0.408,0.728,-0.27,0.662,0.782,0.777,0.7,-0.222,-0.515,0.128,0.742,-0.507,0.512,-0.325,0.735,0.671,0.78,0.593,0.478,0.72,0.721,-0.488,0.242,0.71,0.512,-0.602,0.635,-0.04,0.677,0.667,-0.196,0.622,0.668,0.39,-0.538,0.657,-0.114,0.531,0.62,0.708,0.704,-0.493,0.647,0.327,0.046,0.619,-0.178,0.562,0.011,0.747,0.692,0.684,-0.118,0.786,0.626,0.663,0.693,0.626,0.752,-0.342,0.495,-0.19,0.587,0.283,0.738,0.502,0.325,0.387,0.696,0.436,0.351,-0.391,0.599,0.672,0.548,0.609,0.687,0.448,0.734,0.706,0.604,0.514,-0.082,-0.035,0.273,0.267,0.687,0.741,0.635,0.659,0.671,0.419,0.723,0.717,0.693,0.59,0.703,-0.611,-0.269,0.753,0.709,0.465,0.235,0.033,0.696,0.734,0.731,-0.442,0.541,0.735,0.069,0.207,0.265,0.564,-0.01,0.71,0.225,0.46,0.244,-0.41,0.645,0.694,0.337,-0.421,0.585,0.386,-0.153,0.159,0.676,0.473,-0.262,0.735,0.396,0.771,0.833,0.27,0.707,0.726,0.644,0.707,0.692,0.725,0.709,0.644,0.537,0.623,-0.504,0.705,0.101,-0.181,0.714,0.706,0.396,0.373,0.698,0.789,0.784,0.501,-0.1,0.55,0.137,0.539,0.631
ANGI,0.505,-0.155,0.674,0.887,0.791,0.837,0.807,0.898,0.646,0.0,-0.76,0.809,0.438,0.789,0.764,0.901,0.865,-0.727,0.938,0.825,0.676,0.494,0.749,-0.938,0.842,-0.494,0.115,-0.647,0.847,0.815,0.779,-0.449,0.763,0.883,-0.644,0.3,0.936,0.628,0.96,-0.696,0.739,0.886,0.86,0.927,-0.456,-0.818,-0.334,0.893,-0.376,0.611,-0.509,0.778,0.902,0.921,0.871,0.486,0.746,0.795,-0.391,-0.039,0.582,0.427,-0.834,0.799,0.064,0.834,0.756,-0.679,0.9,0.792,0.461,-0.603,0.723,-0.182,0.351,0.768,0.944,0.843,-0.68,0.575,0.041,0.227,0.922,-0.576,0.932,-0.449,0.788,0.746,0.833,-0.56,0.838,0.892,0.627,0.559,0.452,0.91,-0.68,0.334,-0.664,0.762,0.551,0.734,0.855,0.45,0.773,0.946,0.604,-0.202,-0.213,0.911,0.96,0.777,0.958,0.872,0.49,0.933,0.547,0.817,0.809,-0.26,-0.122,0.207,0.051,0.797,0.795,0.873,0.947,0.801,-0.159,0.831,0.908,0.782,0.611,0.858,-0.713,-0.751,0.95,0.744,0.555,-0.249,0.043,0.8,0.882,0.937,-0.669,0.381,0.923,-0.036,0.047,-0.034,0.365,0.456,0.796,0.262,0.468,-0.039,-0.597,0.9,0.781,0.164,-0.725,0.73,0.638,-0.43,-0.091,0.799,0.863,0.043,0.716,0.649,0.87,0.768,0.007,0.838,0.808,0.886,0.891,0.85,0.909,0.787,0.836,0.865,0.659,-0.78,0.768,-0.192,0.192,0.609,0.725,0.015,0.058,0.928,0.927,0.865,0.914,-0.329,0.533,0.035,0.757,0.421
APA,-0.344,0.118,-0.604,-0.842,-0.66,-0.695,-0.78,-0.849,-0.558,-0.76,0.0,-0.611,-0.139,-0.555,-0.625,-0.562,-0.719,0.792,-0.759,-0.768,-0.296,-0.01,-0.462,0.806,-0.642,0.136,-0.108,0.84,-0.472,-0.708,-0.377,0.168,-0.6,-0.792,0.901,0.006,-0.745,-0.296,-0.748,0.821,-0.573,-0.715,-0.627,-0.669,0.5,0.66,0.581,-0.686,0.755,-0.416,0.834,-0.683,-0.652,-0.799,-0.555,-0.755,-0.459,-0.482,0.554,0.216,-0.415,0.032,0.86,-0.406,0.266,-0.605,-0.414,0.513,-0.618,-0.517,-0.142,0.631,-0.386,-0.128,-0.09,-0.373,-0.742,-0.538,0.792,-0.557,0.008,0.11,-0.686,0.822,-0.653,0.586,-0.65,-0.509,-0.704,0.38,-0.582,-0.807,-0.69,-0.352,-0.447,-0.862,0.875,-0.382,0.606,-0.838,-0.256,-0.631,-0.501,-0.51,-0.372,-0.797,-0.377,0.281,0.456,-0.748,-0.811,-0.417,-0.812,-0.537,-0.303,-0.753,-0.238,-0.681,-0.412,0.251,0.181,-0.364,0.25,-0.532,-0.569,-0.559,-0.812,-0.481,0.069,-0.545,-0.702,-0.483,-0.435,-0.786,0.89,0.524,-0.767,-0.479,-0.521,0.199,0.257,-0.671,-0.732,-0.727,0.596,-0.094,-0.873,0.12,0.423,0.21,-0.281,-0.099,-0.503,0.175,-0.015,0.318,0.686,-0.797,-0.586,-0.295,0.906,-0.32,-0.453,0.635,0.418,-0.725,-0.752,0.379,-0.499,-0.343,-0.665,-0.631,0.442,-0.556,-0.543,-0.629,-0.585,-0.544,-0.714,-0.46,-0.862,-0.548,-0.408,0.856,-0.383,0.479,-0.166,-0.634,-0.378,-0.274,0.246,-0.775,-0.778,-0.595,-0.757,0.669,-0.242,0.308,-0.461,-0.54
APOG,0.36,0.093,0.853,0.81,0.755,0.866,0.842,0.785,0.72,0.809,-0.611,0.0,0.667,0.907,0.797,0.746,0.783,-0.668,0.766,0.761,0.87,0.578,0.514,-0.857,0.889,-0.295,0.398,-0.614,0.726,0.883,0.754,-0.354,0.825,0.763,-0.544,0.502,0.824,0.373,0.873,-0.435,0.867,0.771,0.898,0.758,-0.138,-0.606,-0.099,0.932,-0.293,0.522,-0.32,0.893,0.718,0.85,0.85,0.451,0.906,0.925,-0.475,0.293,0.789,0.461,-0.69,0.702,-0.175,0.944,0.814,-0.488,0.855,0.608,0.437,-0.755,0.853,-0.207,0.711,0.758,0.873,0.843,-0.599,0.731,0.401,-0.012,0.809,-0.391,0.782,-0.099,0.854,0.936,0.948,-0.241,0.936,0.83,0.688,0.791,0.603,0.8,-0.59,0.516,-0.368,0.678,0.279,0.69,0.716,0.524,0.749,0.831,0.615,0.186,-0.208,0.822,0.866,0.83,0.838,0.837,0.333,0.911,0.551,0.822,0.773,0.091,-0.335,0.527,0.322,0.747,0.785,0.853,0.892,0.865,-0.105,0.925,0.842,0.893,0.661,0.852,-0.603,-0.47,0.89,0.701,0.495,0.007,-0.14,0.92,0.757,0.85,-0.399,0.542,0.83,0.262,0.209,0.336,0.601,0.304,0.912,0.547,0.503,0.079,-0.487,0.864,0.907,0.424,-0.547,0.738,0.464,-0.212,0.035,0.832,0.813,-0.204,0.925,0.649,0.788,0.859,0.191,0.895,0.874,0.901,0.771,0.89,0.938,0.843,0.774,0.719,0.705,-0.712,0.863,0.193,0.263,0.759,0.89,0.049,0.422,0.854,0.867,0.918,0.768,-0.094,0.759,0.026,0.652,0.451
APPS,0.274,0.152,0.562,0.447,0.513,0.524,0.426,0.363,0.626,0.438,-0.139,0.667,0.0,0.685,0.509,0.477,0.507,-0.21,0.354,0.473,0.771,0.547,0.22,-0.434,0.562,-0.158,0.538,-0.087,0.419,0.587,0.589,-0.111,0.669,0.27,-0.082,0.508,0.474,0.219,0.528,0.114,0.678,0.477,0.656,0.441,0.207,-0.227,0.403,0.679,0.036,0.331,0.108,0.656,0.38,0.543,0.615,0.135,0.798,0.785,-0.372,0.599,0.764,0.549,-0.217,0.532,-0.103,0.706,0.714,-0.106,0.516,0.395,0.35,-0.404,0.717,-0.264,0.829,0.635,0.536,0.589,-0.197,0.586,0.638,-0.046,0.434,0.124,0.393,0.339,0.637,0.715,0.631,0.125,0.756,0.427,0.496,0.856,0.613,0.42,-0.069,0.503,0.149,0.269,0.237,0.534,0.398,0.268,0.466,0.426,0.458,0.544,-0.091,0.383,0.427,0.609,0.38,0.623,0.235,0.577,0.629,0.501,0.494,0.281,-0.202,0.292,0.431,0.569,0.63,0.555,0.496,0.692,0.21,0.743,0.548,0.698,0.585,0.52,-0.212,-0.08,0.562,0.514,0.328,0.316,-0.054,0.63,0.425,0.569,-0.037,0.622,0.43,0.296,0.491,0.566,0.627,0.171,0.767,0.537,0.551,0.414,-0.225,0.443,0.717,0.414,-0.036,0.614,0.081,0.172,0.357,0.517,0.376,-0.099,0.808,0.455,0.582,0.72,0.604,0.699,0.688,0.615,0.513,0.665,0.619,0.652,0.41,0.412,0.555,-0.245,0.76,0.469,0.059,0.623,0.816,0.08,0.753,0.453,0.565,0.724,0.323,0.315,0.693,0.155,0.447,0.374
ARCB,0.476,0.025,0.865,0.822,0.817,0.746,0.784,0.762,0.673,0.789,-0.555,0.907,0.685,0.0,0.91,0.767,0.846,-0.531,0.792,0.814,0.891,0.632,0.633,-0.83,0.787,-0.329,0.521,-0.522,0.653,0.906,0.799,-0.193,0.777,0.743,-0.43,0.449,0.801,0.497,0.833,-0.401,0.8,0.795,0.931,0.771,-0.214,-0.554,0.045,0.902,-0.221,0.666,-0.259,0.916,0.751,0.851,0.817,0.424,0.934,0.931,-0.541,0.312,0.763,0.422,-0.701,0.737,-0.134,0.898,0.885,-0.342,0.882,0.649,0.545,-0.802,0.928,-0.175,0.721,0.813,0.891,0.909,-0.58,0.808,0.393,0.111,0.862,-0.372,0.776,0.015,0.915,0.953,0.931,-0.312,0.909,0.782,0.735,0.743,0.695,0.739,-0.467,0.64,-0.271,0.69,0.211,0.733,0.766,0.579,0.64,0.83,0.732,0.235,-0.257,0.826,0.827,0.77,0.799,0.825,0.549,0.883,0.632,0.884,0.789,0.096,-0.413,0.525,0.467,0.864,0.883,0.807,0.85,0.93,-0.015,0.942,0.894,0.889,0.762,0.826,-0.521,-0.434,0.863,0.792,0.4,0.177,-0.036,0.94,0.787,0.867,-0.436,0.699,0.818,0.435,0.345,0.414,0.723,0.299,0.922,0.502,0.615,0.287,-0.414,0.852,0.942,0.484,-0.484,0.798,0.491,-0.056,0.159,0.88,0.739,-0.093,0.891,0.513,0.81,0.881,0.33,0.947,0.939,0.92,0.792,0.919,0.922,0.893,0.716,0.735,0.808,-0.66,0.898,0.261,0.196,0.644,0.915,0.209,0.453,0.862,0.863,0.933,0.715,0.034,0.866,0.138,0.666,0.465
ARCC,0.594,-0.113,0.88,0.879,0.858,0.666,0.792,0.819,0.605,0.764,-0.625,0.797,0.509,0.91,0.0,0.707,0.856,-0.518,0.84,0.863,0.738,0.444,0.708,-0.821,0.671,-0.223,0.553,-0.598,0.584,0.902,0.705,0.02,0.683,0.833,-0.509,0.195,0.768,0.569,0.775,-0.545,0.705,0.82,0.901,0.755,-0.399,-0.541,-0.082,0.841,-0.374,0.681,-0.41,0.923,0.77,0.855,0.711,0.589,0.825,0.796,-0.684,0.192,0.673,0.213,-0.804,0.641,-0.183,0.772,0.814,-0.267,0.872,0.635,0.578,-0.86,0.808,0.035,0.527,0.716,0.874,0.833,-0.688,0.857,0.268,0.16,0.875,-0.468,0.767,-0.061,0.952,0.823,0.886,-0.386,0.795,0.828,0.805,0.574,0.711,0.732,-0.531,0.739,-0.282,0.81,0.076,0.755,0.743,0.598,0.473,0.845,0.767,0.087,-0.361,0.877,0.812,0.588,0.794,0.687,0.672,0.823,0.617,0.926,0.732,0.032,-0.49,0.574,0.466,0.893,0.911,0.683,0.809,0.882,0.004,0.844,0.911,0.783,0.705,0.88,-0.543,-0.419,0.813,0.771,0.363,0.262,-0.056,0.928,0.848,0.844,-0.504,0.627,0.841,0.399,0.161,0.29,0.793,0.288,0.789,0.264,0.477,0.23,-0.435,0.864,0.892,0.561,-0.606,0.708,0.51,-0.096,-0.017,0.931,0.698,-0.141,0.74,0.287,0.78,0.829,0.193,0.899,0.856,0.863,0.766,0.849,0.869,0.838,0.747,0.713,0.766,-0.706,0.777,0.173,0.259,0.535,0.781,0.336,0.258,0.871,0.852,0.858,0.726,-0.111,0.826,0.054,0.543,0.56
ARVN,0.589,-0.155,0.639,0.753,0.777,0.673,0.607,0.727,0.639,0.901,-0.562,0.746,0.477,0.767,0.707,0.0,0.883,-0.474,0.871,0.737,0.736,0.684,0.826,-0.814,0.723,-0.593,0.075,-0.419,0.81,0.691,0.912,-0.456,0.734,0.772,-0.365,0.465,0.878,0.793,0.897,-0.463,0.653,0.885,0.862,0.93,-0.503,-0.829,-0.063,0.814,-0.189,0.646,-0.224,0.689,0.921,0.842,0.829,0.286,0.764,0.815,-0.223,-0.019,0.488,0.585,-0.754,0.931,0.244,0.751,0.843,-0.541,0.905,0.876,0.626,-0.522,0.81,-0.387,0.398,0.895,0.894,0.911,-0.485,0.489,0.001,0.423,0.906,-0.377,0.925,-0.267,0.759,0.76,0.735,-0.61,0.822,0.721,0.472,0.55,0.422,0.801,-0.445,0.251,-0.578,0.557,0.574,0.764,0.912,0.299,0.762,0.889,0.68,-0.074,-0.157,0.833,0.853,0.822,0.848,0.902,0.662,0.873,0.692,0.729,0.845,-0.328,-0.048,0.032,0.222,0.834,0.8,0.837,0.81,0.832,0.033,0.853,0.874,0.791,0.601,0.706,-0.604,-0.712,0.892,0.838,0.459,-0.125,0.311,0.719,0.837,0.886,-0.656,0.58,0.809,0.087,0.316,0.165,0.342,0.473,0.803,0.419,0.752,0.237,-0.376,0.815,0.726,0.005,-0.489,0.882,0.733,-0.152,0.248,0.727,0.666,0.274,0.684,0.682,0.849,0.733,0.276,0.832,0.851,0.858,0.927,0.866,0.849,0.867,0.629,0.858,0.736,-0.603,0.861,-0.06,0.045,0.469,0.786,0.051,0.154,0.891,0.864,0.87,0.779,-0.094,0.611,0.328,0.834,0.295
ATEC,0.614,-0.098,0.786,0.899,0.909,0.671,0.712,0.813,0.778,0.865,-0.719,0.783,0.507,0.846,0.856,0.883,0.0,-0.53,0.886,0.888,0.688,0.479,0.804,-0.847,0.68,-0.343,0.323,-0.557,0.657,0.83,0.774,-0.133,0.802,0.835,-0.526,0.357,0.907,0.709,0.887,-0.551,0.685,0.94,0.924,0.92,-0.515,-0.742,-0.071,0.852,-0.472,0.74,-0.41,0.842,0.918,0.934,0.761,0.543,0.79,0.801,-0.519,0.068,0.603,0.421,-0.871,0.812,0.017,0.761,0.835,-0.387,0.892,0.845,0.637,-0.717,0.818,-0.109,0.423,0.822,0.928,0.912,-0.653,0.714,0.112,0.292,0.922,-0.468,0.857,-0.197,0.896,0.802,0.823,-0.525,0.844,0.81,0.721,0.593,0.638,0.874,-0.53,0.536,-0.447,0.749,0.348,0.886,0.819,0.45,0.52,0.932,0.73,0.074,-0.347,0.891,0.873,0.687,0.849,0.817,0.725,0.9,0.713,0.832,0.772,-0.195,-0.167,0.28,0.296,0.903,0.905,0.782,0.842,0.844,0.188,0.853,0.945,0.811,0.683,0.843,-0.744,-0.554,0.91,0.86,0.466,0.124,0.146,0.846,0.916,0.916,-0.646,0.636,0.903,0.198,0.176,0.182,0.58,0.28,0.806,0.225,0.621,0.26,-0.434,0.871,0.813,0.297,-0.603,0.796,0.624,-0.154,0.125,0.873,0.663,-0.03,0.731,0.481,0.909,0.865,0.197,0.875,0.871,0.866,0.882,0.859,0.888,0.871,0.754,0.779,0.802,-0.729,0.815,-0.05,0.017,0.592,0.784,0.321,0.191,0.932,0.934,0.895,0.761,-0.162,0.687,0.187,0.726,0.548
ATXS,-0.098,0.067,-0.559,-0.718,-0.474,-0.831,-0.776,-0.768,-0.48,-0.727,0.792,-0.668,-0.21,-0.531,-0.518,-0.474,-0.53,0.0,-0.634,-0.573,-0.382,-0.15,-0.278,0.811,-0.781,0.088,-0.057,0.803,-0.599,-0.675,-0.405,0.419,-0.481,-0.693,0.828,-0.036,-0.686,-0.052,-0.714,0.701,-0.624,-0.573,-0.545,-0.591,0.246,0.638,0.642,-0.693,0.547,-0.287,0.732,-0.611,-0.515,-0.711,-0.604,-0.524,-0.493,-0.521,0.403,0.209,-0.512,-0.075,0.69,-0.405,0.216,-0.702,-0.314,0.659,-0.591,-0.387,0.074,0.556,-0.353,0.066,-0.241,-0.376,-0.67,-0.478,0.649,-0.451,-0.161,0.213,-0.574,0.695,-0.603,0.531,-0.537,-0.547,-0.705,0.188,-0.613,-0.807,-0.584,-0.433,-0.288,-0.76,0.841,-0.236,0.638,-0.727,-0.308,-0.402,-0.454,-0.414,-0.59,-0.712,-0.165,0.282,0.305,-0.639,-0.786,-0.536,-0.798,-0.571,0.017,-0.734,-0.1,-0.647,-0.429,0.161,0.218,-0.35,0.239,-0.404,-0.452,-0.643,-0.79,-0.477,0.322,-0.552,-0.603,-0.545,-0.336,-0.72,0.673,0.584,-0.715,-0.363,-0.477,0.409,0.374,-0.603,-0.585,-0.65,0.387,0.056,-0.768,0.204,0.384,0.233,-0.199,-0.147,-0.539,-0.038,0.053,0.402,0.728,-0.736,-0.565,-0.271,0.797,-0.237,-0.361,0.672,0.478,-0.603,-0.849,0.322,-0.57,-0.489,-0.526,-0.543,0.415,-0.52,-0.483,-0.584,-0.515,-0.557,-0.691,-0.396,-0.793,-0.515,-0.274,0.744,-0.409,0.396,-0.361,-0.676,-0.411,0.058,0.122,-0.692,-0.686,-0.579,-0.767,0.572,-0.229,0.429,-0.415,-0.317
AVAV,0.616,-0.149,0.722,0.913,0.841,0.736,0.821,0.927,0.569,0.938,-0.759,0.766,0.354,0.792,0.84,0.871,0.886,-0.634,0.0,0.868,0.629,0.415,0.835,-0.902,0.762,-0.409,0.198,-0.686,0.739,0.817,0.761,-0.273,0.73,0.922,-0.648,0.238,0.899,0.696,0.893,-0.746,0.699,0.879,0.858,0.889,-0.533,-0.753,-0.319,0.852,-0.424,0.655,-0.535,0.792,0.903,0.902,0.783,0.589,0.706,0.729,-0.486,-0.068,0.532,0.318,-0.905,0.727,-0.044,0.76,0.765,-0.568,0.906,0.746,0.535,-0.705,0.731,-0.069,0.297,0.731,0.919,0.827,-0.737,0.662,0.007,0.285,0.958,-0.63,0.929,-0.429,0.822,0.733,0.834,-0.605,0.763,0.884,0.69,0.487,0.519,0.881,-0.687,0.459,-0.587,0.805,0.37,0.785,0.848,0.547,0.664,0.934,0.699,-0.185,-0.295,0.955,0.919,0.67,0.923,0.78,0.627,0.885,0.543,0.853,0.795,-0.179,-0.184,0.333,0.136,0.817,0.809,0.78,0.91,0.779,-0.129,0.795,0.929,0.725,0.619,0.863,-0.711,-0.673,0.91,0.73,0.53,-0.127,0.022,0.828,0.891,0.913,-0.646,0.458,0.919,0.133,0.042,0.005,0.414,0.485,0.732,0.233,0.462,-0.019,-0.527,0.912,0.767,0.277,-0.765,0.72,0.653,-0.351,-0.107,0.873,0.805,0.028,0.65,0.513,0.823,0.754,-0.029,0.835,0.793,0.888,0.842,0.804,0.895,0.775,0.84,0.853,0.705,-0.778,0.715,-0.16,0.228,0.528,0.684,0.15,-0.022,0.938,0.909,0.819,0.881,-0.341,0.602,0.06,0.727,0.515
AXON,0.593,-0.12,0.806,0.926,0.921,0.638,0.772,0.871,0.741,0.825,-0.768,0.761,0.473,0.814,0.863,0.737,0.888,-0.573,0.868,0.0,0.581,0.316,0.663,-0.828,0.629,-0.214,0.36,-0.623,0.542,0.829,0.617,0.02,0.797,0.826,-0.616,0.222,0.831,0.561,0.827,-0.614,0.692,0.881,0.878,0.798,-0.491,-0.601,-0.095,0.85,-0.553,0.605,-0.545,0.866,0.801,0.901,0.669,0.702,0.728,0.741,-0.66,0.074,0.675,0.303,-0.861,0.629,-0.165,0.725,0.758,-0.301,0.79,0.699,0.485,-0.781,0.714,0.018,0.407,0.651,0.862,0.791,-0.741,0.79,0.188,0.074,0.836,-0.515,0.753,-0.18,0.885,0.74,0.827,-0.389,0.776,0.822,0.809,0.586,0.708,0.872,-0.588,0.642,-0.324,0.829,0.204,0.859,0.668,0.627,0.453,0.865,0.684,0.07,-0.43,0.856,0.829,0.515,0.8,0.673,0.637,0.835,0.652,0.808,0.655,-0.095,-0.224,0.489,0.235,0.803,0.841,0.673,0.846,0.755,0.159,0.779,0.883,0.677,0.665,0.877,-0.694,-0.395,0.855,0.726,0.46,0.165,-0.077,0.863,0.883,0.873,-0.578,0.569,0.91,0.187,0.091,0.196,0.619,0.148,0.711,0.142,0.405,0.088,-0.503,0.85,0.805,0.448,-0.716,0.658,0.544,-0.272,-0.011,0.875,0.656,-0.237,0.695,0.354,0.833,0.843,0.074,0.801,0.804,0.834,0.783,0.774,0.847,0.751,0.85,0.707,0.709,-0.738,0.684,-0.012,0.081,0.657,0.684,0.447,0.112,0.874,0.911,0.83,0.695,-0.3,0.651,0.037,0.586,0.731
BANF,0.363,0.121,0.733,0.615,0.615,0.718,0.634,0.563,0.577,0.676,-0.296,0.87,0.771,0.891,0.738,0.736,0.688,-0.382,0.629,0.581,0.0,0.762,0.511,-0.683,0.785,-0.385,0.468,-0.306,0.696,0.784,0.849,-0.348,0.716,0.554,-0.204,0.616,0.679,0.448,0.745,-0.145,0.798,0.631,0.848,0.664,0.013,-0.481,0.203,0.824,0.059,0.547,0.048,0.792,0.618,0.692,0.844,0.144,0.94,0.948,-0.332,0.464,0.72,0.529,-0.459,0.743,-0.03,0.88,0.891,-0.353,0.805,0.567,0.539,-0.598,0.922,-0.374,0.828,0.823,0.779,0.847,-0.351,0.644,0.433,0.13,0.738,-0.133,0.694,0.13,0.785,0.908,0.832,-0.23,0.902,0.63,0.515,0.788,0.569,0.568,-0.265,0.488,-0.19,0.422,0.312,0.564,0.724,0.422,0.731,0.677,0.666,0.325,-0.049,0.668,0.697,0.88,0.665,0.851,0.408,0.789,0.615,0.721,0.754,0.179,-0.364,0.353,0.491,0.759,0.768,0.793,0.72,0.911,-0.071,0.924,0.759,0.897,0.701,0.68,-0.328,-0.396,0.761,0.732,0.356,0.135,0.061,0.823,0.609,0.762,-0.314,0.66,0.623,0.433,0.495,0.524,0.631,0.369,0.937,0.691,0.73,0.365,-0.285,0.681,0.875,0.345,-0.216,0.815,0.356,0.091,0.312,0.713,0.64,0.08,0.91,0.617,0.715,0.796,0.515,0.903,0.893,0.853,0.714,0.875,0.836,0.877,0.52,0.673,0.731,-0.477,0.945,0.417,0.231,0.588,0.967,-0.028,0.658,0.708,0.723,0.889,0.608,0.249,0.832,0.207,0.661,0.23
BATRK,0.164,0.036,0.451,0.274,0.422,0.439,0.243,0.24,0.378,0.494,-0.01,0.578,0.547,0.632,0.444,0.684,0.479,-0.15,0.415,0.316,0.762,0.0,0.492,-0.46,0.502,-0.592,0.118,0.03,0.64,0.403,0.777,-0.492,0.458,0.308,0.183,0.647,0.454,0.478,0.556,0.064,0.414,0.513,0.594,0.548,-0.112,-0.5,0.288,0.527,0.346,0.377,0.337,0.438,0.533,0.423,0.653,-0.204,0.673,0.719,0.158,0.236,0.363,0.676,-0.237,0.81,0.428,0.582,0.688,-0.293,0.636,0.625,0.527,-0.287,0.733,-0.585,0.566,0.795,0.562,0.724,0.014,0.236,0.158,0.385,0.542,0.059,0.593,0.17,0.485,0.654,0.47,-0.315,0.641,0.294,0.069,0.466,0.18,0.321,0.029,0.042,-0.281,0.102,0.456,0.373,0.707,0.044,0.691,0.49,0.479,0.162,0.151,0.428,0.464,0.784,0.464,0.709,0.378,0.56,0.581,0.409,0.689,-0.18,-0.23,-0.05,0.524,0.589,0.542,0.638,0.437,0.722,0.042,0.679,0.502,0.669,0.421,0.291,-0.047,-0.462,0.519,0.673,0.087,0.009,0.431,0.458,0.429,0.497,-0.297,0.613,0.347,0.238,0.72,0.537,0.322,0.312,0.682,0.725,0.792,0.478,-0.01,0.485,0.56,-0.135,0.047,0.8,0.569,0.237,0.578,0.36,0.35,0.377,0.573,0.636,0.523,0.451,0.632,0.613,0.689,0.594,0.667,0.73,0.535,0.714,0.161,0.633,0.597,-0.17,0.8,0.358,0.012,0.213,0.723,-0.147,0.481,0.506,0.466,0.667,0.381,0.378,0.613,0.427,0.559,-0.107
BIDU,0.602,-0.213,0.475,0.669,0.709,0.43,0.499,0.654,0.42,0.749,-0.462,0.514,0.22,0.633,0.708,0.826,0.804,-0.278,0.835,0.663,0.511,0.492,0.0,-0.662,0.456,-0.516,0.07,-0.359,0.655,0.586,0.704,-0.169,0.53,0.737,-0.269,0.261,0.747,0.871,0.715,-0.589,0.385,0.765,0.703,0.83,-0.588,-0.663,-0.111,0.584,-0.168,0.747,-0.217,0.538,0.899,0.696,0.643,0.271,0.519,0.541,-0.226,-0.122,0.259,0.423,-0.724,0.748,0.294,0.49,0.712,-0.446,0.79,0.813,0.749,-0.446,0.655,-0.042,0.116,0.718,0.769,0.778,-0.468,0.427,-0.231,0.631,0.876,-0.361,0.814,-0.287,0.643,0.535,0.54,-0.801,0.544,0.617,0.417,0.199,0.302,0.612,-0.324,0.279,-0.517,0.539,0.391,0.638,0.888,0.27,0.479,0.779,0.71,-0.19,-0.13,0.828,0.69,0.555,0.718,0.666,0.827,0.662,0.614,0.648,0.786,-0.311,-0.077,0.019,0.294,0.805,0.74,0.66,0.643,0.686,0.001,0.606,0.798,0.598,0.494,0.582,-0.462,-0.677,0.692,0.787,0.284,-0.053,0.453,0.6,0.78,0.742,-0.661,0.5,0.675,0.142,0.274,0.003,0.307,0.536,0.548,0.194,0.633,0.22,-0.188,0.699,0.558,-0.006,-0.45,0.732,0.683,-0.078,0.136,0.651,0.497,0.33,0.384,0.341,0.734,0.537,0.201,0.693,0.665,0.694,0.789,0.684,0.671,0.73,0.482,0.831,0.694,-0.49,0.64,-0.094,0.013,0.136,0.545,0.115,-0.013,0.764,0.699,0.646,0.691,-0.115,0.54,0.337,0.671,0.288
BLNE,-0.421,0.124,-0.781,-0.91,-0.789,-0.891,-0.871,-0.916,-0.638,-0.938,0.806,-0.857,-0.434,-0.83,-0.821,-0.814,-0.847,0.811,-0.902,-0.828,-0.683,-0.46,-0.662,0.0,-0.876,0.352,-0.201,0.76,-0.792,-0.867,-0.74,0.388,-0.734,-0.902,0.715,-0.211,-0.909,-0.496,-0.939,0.712,-0.757,-0.869,-0.86,-0.881,0.455,0.804,0.41,-0.907,0.448,-0.563,0.576,-0.84,-0.838,-0.933,-0.839,-0.51,-0.771,-0.799,0.487,0.036,-0.621,-0.322,0.871,-0.732,0.052,-0.864,-0.71,0.65,-0.897,-0.734,-0.361,0.733,-0.702,0.141,-0.397,-0.725,-0.945,-0.824,0.746,-0.643,-0.126,-0.078,-0.889,0.643,-0.891,0.406,-0.835,-0.789,-0.887,0.47,-0.85,-0.929,-0.704,-0.568,-0.491,-0.899,0.77,-0.424,0.65,-0.828,-0.404,-0.705,-0.798,-0.495,-0.733,-0.957,-0.577,0.18,0.306,-0.902,-0.967,-0.758,-0.97,-0.826,-0.416,-0.95,-0.496,-0.868,-0.765,0.229,0.285,-0.364,-0.101,-0.796,-0.81,-0.85,-0.959,-0.82,0.186,-0.837,-0.907,-0.809,-0.604,-0.899,0.734,0.712,-0.939,-0.722,-0.488,0.202,0.099,-0.847,-0.865,-0.908,0.644,-0.347,-0.945,-0.006,0.034,-0.016,-0.459,-0.357,-0.804,-0.235,-0.38,0.082,0.661,-0.938,-0.827,-0.28,0.771,-0.673,-0.605,0.442,0.186,-0.839,-0.902,0.119,-0.75,-0.597,-0.843,-0.784,0.065,-0.831,-0.799,-0.878,-0.842,-0.865,-0.916,-0.775,-0.866,-0.796,-0.65,0.836,-0.752,0.173,-0.243,-0.669,-0.72,-0.042,-0.062,-0.942,-0.927,-0.873,-0.915,0.366,-0.576,0.114,-0.661,-0.425
BLNK,0.295,0.072,0.7,0.764,0.577,0.953,0.875,0.799,0.551,0.842,-0.642,0.889,0.562,0.787,0.671,0.723,0.68,-0.781,0.762,0.629,0.785,0.502,0.456,-0.876,0.0,-0.313,0.276,-0.65,0.79,0.824,0.756,-0.569,0.743,0.738,-0.643,0.359,0.809,0.281,0.859,-0.526,0.862,0.663,0.779,0.734,-0.08,-0.671,-0.343,0.899,-0.255,0.455,-0.428,0.784,0.652,0.809,0.871,0.362,0.813,0.831,-0.391,0.164,0.717,0.343,-0.655,0.658,-0.175,0.94,0.689,-0.653,0.824,0.522,0.214,-0.606,0.725,-0.273,0.597,0.699,0.839,0.752,-0.591,0.594,0.343,-0.014,0.776,-0.499,0.777,-0.324,0.714,0.835,0.89,-0.25,0.866,0.854,0.611,0.723,0.455,0.78,-0.687,0.357,-0.525,0.668,0.431,0.537,0.684,0.525,0.847,0.808,0.448,-0.015,-0.182,0.767,0.883,0.853,0.88,0.846,0.157,0.902,0.358,0.786,0.696,0.014,-0.256,0.354,0.048,0.628,0.661,0.857,0.91,0.775,-0.32,0.852,0.78,0.838,0.583,0.807,-0.608,-0.623,0.878,0.55,0.604,-0.3,-0.232,0.795,0.645,0.829,-0.372,0.296,0.809,0.081,0.007,0.077,0.374,0.462,0.86,0.461,0.356,-0.1,-0.661,0.809,0.824,0.316,-0.617,0.608,0.399,-0.425,-0.144,0.738,0.932,-0.098,0.852,0.724,0.711,0.75,0.021,0.812,0.767,0.85,0.686,0.813,0.897,0.716,0.793,0.707,0.522,-0.712,0.767,-0.066,0.417,0.764,0.788,-0.153,0.282,0.809,0.813,0.834,0.86,-0.234,0.584,-0.175,0.675,0.276
BTAI,-0.094,0.121,-0.1,-0.189,-0.271,-0.305,-0.143,-0.244,-0.119,-0.494,0.136,-0.295,-0.158,-0.329,-0.223,-0.593,-0.343,0.088,-0.409,-0.214,-0.385,-0.592,-0.516,0.352,-0.313,0.0,0.323,0.065,-0.618,-0.214,-0.493,0.571,-0.269,-0.266,-0.013,-0.331,-0.392,-0.545,-0.493,0.184,-0.161,-0.424,-0.352,-0.506,0.306,0.513,0.033,-0.316,-0.328,-0.288,-0.129,-0.174,-0.524,-0.298,-0.54,0.172,-0.33,-0.424,-0.286,0.063,-0.001,-0.468,0.191,-0.624,-0.586,-0.331,-0.455,0.514,-0.444,-0.576,-0.455,-0.039,-0.407,0.386,-0.016,-0.52,-0.461,-0.483,0.031,0.089,0.283,-0.423,-0.472,0.163,-0.569,0.312,-0.228,-0.287,-0.222,0.526,-0.351,-0.179,0.156,-0.072,0.153,-0.309,0.097,0.258,0.501,-0.039,-0.663,-0.242,-0.656,0.086,-0.576,-0.406,-0.316,0.25,-0.264,-0.385,-0.393,-0.558,-0.422,-0.533,-0.335,-0.4,-0.355,-0.215,-0.57,0.456,-0.058,0.364,-0.035,-0.411,-0.325,-0.491,-0.383,-0.424,0.106,-0.39,-0.349,-0.355,-0.224,-0.175,0.125,0.603,-0.407,-0.484,-0.054,0.312,-0.541,-0.234,-0.39,-0.398,0.463,-0.236,-0.284,0.132,-0.322,-0.085,0.035,-0.371,-0.389,-0.34,-0.557,-0.121,0.021,-0.358,-0.299,0.463,0.102,-0.601,-0.571,0.138,-0.281,-0.165,-0.305,-0.458,-0.221,-0.496,-0.451,-0.197,-0.227,-0.38,-0.433,-0.396,-0.586,-0.483,-0.343,-0.462,-0.132,-0.562,-0.375,0.182,-0.473,0.051,0.113,0.055,-0.355,0.216,0.01,-0.364,-0.324,-0.392,-0.37,-0.011,-0.159,-0.405,-0.484,0.159
BYND,0.302,0.24,0.541,0.367,0.341,0.216,0.401,0.26,0.329,0.115,-0.108,0.398,0.538,0.521,0.553,0.075,0.323,-0.057,0.198,0.36,0.468,0.118,0.07,-0.201,0.276,0.323,0.0,-0.104,-0.113,0.513,0.271,0.379,0.404,0.171,-0.168,0.198,0.18,0.002,0.15,0.077,0.515,0.177,0.43,0.074,0.269,0.114,0.288,0.406,-0.254,0.354,-0.079,0.608,0.057,0.307,0.182,0.385,0.543,0.423,-0.627,0.598,0.642,-0.076,-0.199,0.057,-0.555,0.407,0.44,0.415,0.298,-0.045,0.15,-0.554,0.477,0.158,0.646,0.242,0.266,0.31,-0.291,0.758,0.652,-0.097,0.264,-0.059,0.079,0.382,0.56,0.51,0.505,0.285,0.401,0.294,0.608,0.584,0.764,0.179,-0.063,0.773,0.42,0.419,-0.342,0.335,0.081,0.596,-0.039,0.186,0.405,0.57,-0.414,0.236,0.203,0.145,0.141,0.224,0.284,0.285,0.265,0.455,0.155,0.551,-0.45,0.58,0.5,0.355,0.429,0.11,0.244,0.448,0.217,0.457,0.336,0.383,0.544,0.445,-0.117,0.292,0.273,0.22,0.263,0.599,-0.374,0.532,0.193,0.315,0.161,0.533,0.278,0.652,0.163,0.446,0.767,0.028,0.448,0.242,0.153,0.406,-0.187,0.281,0.561,0.839,-0.122,0.218,-0.149,0.234,0.092,0.559,0.222,-0.287,0.542,-0.078,0.23,0.568,0.329,0.5,0.468,0.382,0.087,0.321,0.384,0.377,0.351,0.058,0.359,-0.218,0.39,0.418,0.262,0.455,0.522,0.469,0.567,0.243,0.328,0.409,0.089,0.214,0.645,-0.042,0.17,0.492
CAN,-0.225,0.181,-0.592,-0.783,-0.558,-0.7,-0.794,-0.826,-0.398,-0.647,0.84,-0.614,-0.087,-0.522,-0.598,-0.419,-0.557,0.803,-0.686,-0.623,-0.306,0.03,-0.359,0.76,-0.65,0.065,-0.104,0.0,-0.471,-0.672,-0.313,0.168,-0.454,-0.782,0.867,0.137,-0.673,-0.171,-0.657,0.808,-0.544,-0.597,-0.558,-0.574,0.396,0.54,0.668,-0.62,0.626,-0.362,0.797,-0.64,-0.54,-0.711,-0.516,-0.677,-0.439,-0.437,0.603,0.181,-0.399,0.094,0.784,-0.276,0.344,-0.589,-0.297,0.572,-0.59,-0.353,-0.049,0.657,-0.324,-0.152,-0.108,-0.253,-0.655,-0.427,0.788,-0.51,-0.018,0.221,-0.614,0.761,-0.585,0.538,-0.592,-0.485,-0.7,0.292,-0.529,-0.796,-0.691,-0.298,-0.337,-0.742,0.886,-0.412,0.574,-0.795,-0.068,-0.465,-0.436,-0.525,-0.405,-0.713,-0.309,0.307,0.41,-0.709,-0.75,-0.373,-0.765,-0.425,-0.159,-0.676,-0.096,-0.704,-0.41,0.109,0.23,-0.52,0.158,-0.483,-0.527,-0.543,-0.757,-0.459,0.251,-0.492,-0.648,-0.469,-0.283,-0.759,0.689,0.527,-0.676,-0.363,-0.389,0.253,0.383,-0.649,-0.66,-0.631,0.508,0.006,-0.785,0.092,0.442,0.22,-0.313,-0.185,-0.464,0.098,0.097,0.428,0.684,-0.735,-0.572,-0.381,0.866,-0.242,-0.321,0.633,0.605,-0.687,-0.787,0.427,-0.482,-0.249,-0.522,-0.508,0.489,-0.523,-0.446,-0.564,-0.493,-0.506,-0.661,-0.427,-0.809,-0.487,-0.267,0.818,-0.335,0.342,-0.261,-0.525,-0.348,-0.13,0.252,-0.703,-0.664,-0.517,-0.75,0.649,-0.28,0.399,-0.301,-0.448
CCEC,0.286,-0.164,0.509,0.626,0.58,0.804,0.625,0.674,0.451,0.847,-0.472,0.726,0.419,0.653,0.584,0.81,0.657,-0.599,0.739,0.542,0.696,0.64,0.655,-0.792,0.79,-0.618,-0.113,-0.471,0.0,0.643,0.744,-0.632,0.584,0.72,-0.366,0.288,0.771,0.546,0.851,-0.513,0.584,0.725,0.719,0.827,-0.343,-0.769,-0.28,0.751,0.018,0.446,-0.205,0.58,0.789,0.726,0.876,0.134,0.66,0.742,-0.118,-0.017,0.441,0.525,-0.574,0.806,0.304,0.756,0.664,-0.799,0.811,0.762,0.472,-0.383,0.641,-0.329,0.33,0.766,0.819,0.756,-0.392,0.284,-0.014,0.262,0.77,-0.313,0.845,-0.344,0.591,0.644,0.666,-0.533,0.752,0.724,0.323,0.43,0.127,0.675,-0.488,0.085,-0.681,0.473,0.634,0.483,0.832,0.144,0.861,0.801,0.494,-0.233,0.095,0.757,0.818,0.839,0.833,0.803,0.294,0.802,0.508,0.647,0.805,-0.31,-0.125,0.043,0.109,0.705,0.677,0.878,0.795,0.747,-0.299,0.728,0.756,0.773,0.388,0.647,-0.441,-0.814,0.784,0.671,0.348,-0.376,0.213,0.625,0.71,0.763,-0.573,0.265,0.683,-0.163,0.184,0.03,0.232,0.515,0.731,0.399,0.516,-0.05,-0.441,0.719,0.663,-0.109,-0.434,0.732,0.575,-0.318,-0.009,0.533,0.757,0.194,0.616,0.689,0.747,0.548,0.159,0.705,0.678,0.752,0.836,0.82,0.755,0.726,0.547,0.821,0.543,-0.574,0.75,-0.046,0.226,0.411,0.666,-0.323,0.155,0.767,0.724,0.759,0.835,-0.146,0.458,0.028,0.593,0.039
CDW,0.487,-0.028,0.84,0.906,0.797,0.833,0.886,0.876,0.684,0.815,-0.708,0.883,0.587,0.906,0.902,0.691,0.83,-0.675,0.817,0.829,0.784,0.403,0.586,-0.867,0.824,-0.214,0.513,-0.672,0.643,0.0,0.673,-0.114,0.779,0.803,-0.654,0.271,0.825,0.437,0.847,-0.57,0.859,0.779,0.891,0.753,-0.201,-0.558,-0.19,0.921,-0.438,0.622,-0.511,0.949,0.727,0.896,0.815,0.599,0.865,0.851,-0.682,0.292,0.789,0.228,-0.743,0.599,-0.28,0.895,0.806,-0.427,0.842,0.574,0.443,-0.771,0.791,-0.017,0.605,0.674,0.907,0.809,-0.729,0.859,0.394,-0.003,0.845,-0.501,0.755,-0.152,0.924,0.856,0.951,-0.282,0.882,0.895,0.837,0.701,0.711,0.808,-0.617,0.686,-0.314,0.815,0.254,0.703,0.69,0.619,0.578,0.848,0.643,0.105,-0.325,0.858,0.875,0.685,0.84,0.779,0.464,0.896,0.54,0.909,0.679,0.118,-0.449,0.547,0.284,0.817,0.858,0.759,0.897,0.864,-0.103,0.878,0.901,0.845,0.768,0.931,-0.638,-0.453,0.883,0.725,0.519,0.09,-0.198,0.951,0.81,0.891,-0.48,0.478,0.885,0.274,0.051,0.168,0.708,0.296,0.868,0.251,0.387,0.058,-0.617,0.876,0.936,0.578,-0.658,0.618,0.374,-0.265,-0.144,0.915,0.818,-0.26,0.858,0.442,0.827,0.904,0.086,0.914,0.854,0.885,0.736,0.843,0.941,0.81,0.851,0.709,0.743,-0.761,0.786,0.08,0.278,0.734,0.823,0.206,0.342,0.864,0.895,0.891,0.774,-0.182,0.733,-0.071,0.609,0.588
CDXS,0.535,-0.018,0.665,0.649,0.65,0.664,0.572,0.62,0.54,0.779,-0.377,0.754,0.589,0.799,0.705,0.912,0.774,-0.405,0.761,0.617,0.849,0.777,0.704,-0.74,0.756,-0.493,0.271,-0.313,0.744,0.673,0.0,-0.482,0.697,0.658,-0.228,0.523,0.771,0.662,0.795,-0.279,0.695,0.741,0.834,0.812,-0.313,-0.724,0.05,0.796,-0.004,0.615,-0.063,0.696,0.765,0.753,0.814,0.15,0.846,0.857,-0.224,0.121,0.555,0.554,-0.63,0.888,0.146,0.788,0.871,-0.404,0.898,0.72,0.553,-0.541,0.869,-0.501,0.596,0.905,0.823,0.878,-0.355,0.528,0.171,0.365,0.835,-0.264,0.828,-0.077,0.748,0.834,0.752,-0.472,0.828,0.655,0.459,0.643,0.491,0.649,-0.336,0.327,-0.421,0.464,0.463,0.655,0.849,0.363,0.794,0.787,0.661,0.059,-0.157,0.73,0.765,0.869,0.762,0.893,0.595,0.822,0.623,0.737,0.812,-0.165,-0.171,0.088,0.352,0.795,0.767,0.796,0.732,0.883,-0.03,0.895,0.809,0.822,0.603,0.644,-0.429,-0.618,0.821,0.761,0.43,-0.044,0.213,0.711,0.692,0.819,-0.481,0.656,0.698,0.275,0.428,0.322,0.427,0.513,0.851,0.597,0.782,0.36,-0.336,0.73,0.765,0.116,-0.349,0.881,0.623,-0.007,0.335,0.711,0.654,0.334,0.753,0.684,0.728,0.714,0.434,0.854,0.874,0.851,0.815,0.874,0.823,0.875,0.534,0.781,0.691,-0.489,0.914,0.1,0.209,0.49,0.865,-0.007,0.335,0.809,0.781,0.866,0.701,0.073,0.749,0.323,0.81,0.175
