,ABEO,ACHC,AGNCN,AKAM,AKRO,ALRM,AMAT,AMED,AMRN,ANGI,APA,APOG,APPS,ARCB,ARCC,ARVN,ATEC,ATXS,AVAV,AXON,BANF,BATRK,BIDU,BLNE,BLNK,BTAI,BYND,CAN,CCEC,CDW,CDXS,CELH,CGNX,CHKP,CHRS,CHRW,CIGI,CKPT,CMPR,COGT,CRNC,CRSP,CSTL,CTSH,CVGW,DGLY,DNLI,DOCU,DVAX,EBAY,EHTH,ERII,ESLT,EXPE,EXPO,FBIOP,FFBC,FFIN,FOXF,FWRD,GDS,GERN,GPRE,GRWG,GRYP,HEES,HELE,HIVE,HON,HRTX,HSTM,HURA,IART,IBKR,IBOC,IBRX,IDXX,INGN,INM,INVA,IQ,IRBT,KDP,KPTI,KTOS,KXIN,LAMR,LFUS,LGIH,LGMK,LKFN,LNW,LOPE,LPSN,LYFT,MGNX,MLCO,MNST,MODV,MSTR,MTCH,MYGN,MYRG,NCMI,NEXT,NFLX,NIU,NKTR,NRC,NTNX,NTRA,NVEE,NVMI,NWL,NWS,NXPI,OCGN,OCSL,OKTA,OLLI,OTLK,OXLC,PAA,PARA,PARAA,PDCO,PDFS,PFG,PGEN,PNFP,PODD,POWI,PSMT,PTC,PTEN,PVLA,RDNT,RDUS,RDWR,REGN,RNAC,ROCK,ROST,RRR,RSLS,RVMD,RYAAY,SAFT,SAGE,SAVA,SBGI,SFM,SFNC,SHYF,SIBN,SIFY,SIGI,SIMO,SITM,SLM,SNBR,SNDX,SNY,SPNS,SRRK,STRA,SUPN,SYRE,TCBK,TEAM,TECH,THRM,TLRY,TRMK,TROW,TSLA,TWST,TXN,UFPI,UNIT,UPWK,USLM,UTHR,VERB,VLY,VRNA,VRRM,VXRT,WAFD,WATT,WBA,WING,WIX,WTFC,WTW,XPEL,XRX,YMAB,ZG,ZLAB
ABEO,0.0,0.483,-0.774,-0.786,0.535,-0.805,0.288,0.09,-0.19,-0.702,-0.864,0.309,-0.823,-0.826,-0.928,0.618,-0.344,-0.245,-0.239,0.399,-0.841,-0.228,-0.35,-0.02,-0.649,0.524,-0.731,-0.766,-0.786,-0.88,-0.79,0.357,-0.656,-0.607,-0.408,-0.804,-0.824,-0.756,-0.855,-0.659,0.594,-0.309,-0.556,-0.817,-0.574,-0.334,-0.144,-0.54,-0.708,-0.813,0.407,-0.686,-0.403,-0.807,-0.579,0.528,-0.764,-0.825,-0.859,-0.856,-0.29,-0.269,-0.835,-0.678,0.345,-0.826,-0.836,-0.701,-0.652,-0.781,0.668,-0.675,-0.803,-0.539,-0.833,-0.517,-0.853,0.786,-0.65,-0.296,-0.052,-0.743,-0.714,0.707,0.164,0.919,-0.798,-0.848,-0.487,0.084,-0.559,-0.373,-0.802,-0.411,-0.683,0.786,-0.358,0.148,-0.696,-0.825,-0.672,0.145,-0.793,-0.515,0.563,-0.472,0.456,0.685,0.098,-0.771,0.328,-0.297,-0.36,-0.844,-0.679,-0.817,-0.796,-0.926,-0.407,-0.781,-0.403,-0.793,-0.887,-0.114,-0.145,-0.494,-0.289,-0.89,-0.725,-0.835,0.44,-0.45,-0.8,-0.627,-0.842,-0.432,-0.247,-0.381,0.125,0.266,-0.441,-0.721,-0.746,-0.861,0.511,-0.622,0.015,0.474,0.623,0.688,-0.555,-0.92,-0.703,0.384,0.798,-0.638,-0.381,0.894,-0.652,-0.62,-0.859,-0.33,-0.142,-0.541,0.779,0.21,0.005,-0.821,-0.727,-0.735,-0.877,0.188,-0.545,-0.597,-0.863,-0.514,-0.873,-0.835,-0.731,-0.702,-0.686,-0.685,-0.739,-0.672,-0.785,-0.271,-0.868,-0.356,-0.712,0.7,-0.181,0.336,-0.655,-0.858,0.14,-0.122,-0.776,-0.061,-0.552,-0.675
ACHC,0.483,0.0,-0.455,-0.68,0.149,-0.663,0.295,0.482,-0.361,-0.711,-0.71,0.08,-0.72,-0.278,-0.604,0.361,-0.356,-0.522,0.212,0.345,-0.63,-0.32,-0.714,0.458,-0.495,-0.159,-0.726,-0.739,-0.764,-0.589,-0.699,0.187,-0.555,-0.422,0.012,-0.478,-0.724,-0.64,-0.567,-0.645,0.541,-0.37,-0.315,-0.625,-0.572,-0.189,0.008,-0.541,-0.685,-0.583,-0.096,-0.564,-0.188,-0.686,-0.647,0.588,-0.631,-0.513,-0.501,-0.523,-0.606,-0.281,-0.447,-0.587,0.061,-0.505,-0.609,-0.56,-0.279,-0.625,0.686,-0.417,-0.68,-0.317,-0.656,-0.363,-0.696,0.733,-0.559,-0.099,-0.225,-0.655,-0.5,0.441,0.479,0.546,-0.497,-0.659,-0.446,-0.348,-0.553,-0.325,-0.732,-0.568,-0.694,0.394,-0.674,-0.022,-0.718,-0.724,-0.757,0.35,-0.694,-0.427,0.682,-0.394,0.377,0.324,0.068,-0.685,-0.088,0.04,-0.301,-0.625,-0.614,-0.634,-0.577,-0.56,-0.646,-0.781,-0.269,-0.61,-0.577,0.014,0.067,0.066,-0.047,-0.663,-0.657,-0.602,0.125,-0.411,-0.625,-0.608,-0.711,-0.703,-0.083,-0.46,0.088,-0.305,-0.364,-0.391,-0.488,-0.588,-0.192,-0.073,0.136,0.576,0.206,0.643,-0.181,-0.59,-0.548,0.55,0.471,-0.708,-0.141,0.608,-0.661,-0.461,-0.603,-0.312,-0.064,-0.339,0.292,-0.159,-0.266,-0.716,-0.6,-0.642,-0.589,0.402,-0.47,-0.605,-0.665,-0.407,-0.671,-0.494,-0.529,-0.327,-0.741,-0.411,-0.652,-0.699,-0.606,-0.5,-0.657,-0.516,-0.561,0.215,-0.501,0.378,-0.563,-0.631,0.44,0.294,-0.606,-0.401,-0.578,-0.355
AGNCN,-0.774,-0.455,0.0,0.796,-0.376,0.794,-0.262,-0.256,0.334,0.602,0.792,-0.251,0.824,0.632,0.84,-0.67,0.345,0.171,0.331,-0.258,0.739,0.251,0.468,0.02,0.74,-0.518,0.716,0.753,0.686,0.884,0.661,-0.351,0.668,0.456,0.499,0.726,0.804,0.679,0.748,0.734,-0.45,0.395,0.524,0.828,0.426,0.209,0.17,0.55,0.611,0.754,-0.134,0.62,0.353,0.817,0.591,-0.6,0.657,0.717,0.785,0.697,0.313,0.482,0.831,0.747,-0.418,0.73,0.79,0.703,0.732,0.663,-0.632,0.679,0.688,0.615,0.756,0.476,0.761,-0.714,0.554,0.152,0.183,0.697,0.671,-0.713,-0.315,-0.804,0.789,0.791,0.46,0.044,0.388,0.319,0.774,0.362,0.677,-0.539,0.466,-0.285,0.669,0.808,0.648,-0.185,0.711,0.531,-0.464,0.555,-0.291,-0.493,-0.12,0.779,-0.303,0.335,0.297,0.731,0.63,0.826,0.849,0.857,0.45,0.743,0.567,0.628,0.856,0.194,0.201,0.399,0.363,0.785,0.724,0.701,-0.48,0.518,0.728,0.52,0.775,0.456,0.068,0.307,0.015,-0.113,0.387,0.633,0.815,0.76,-0.191,0.693,0.128,-0.509,-0.326,-0.561,0.369,0.829,0.567,-0.317,-0.724,0.71,0.219,-0.824,0.582,0.598,0.739,0.312,0.069,0.43,-0.487,-0.222,0.006,0.797,0.599,0.755,0.851,-0.272,0.648,0.453,0.803,0.622,0.79,0.8,0.637,0.641,0.654,0.72,0.688,0.638,0.657,0.234,0.853,0.262,0.601,-0.404,0.269,-0.293,0.554,0.729,-0.078,0.172,0.813,0.176,0.511,0.783
AKAM,-0.786,-0.68,0.796,0.0,-0.319,0.866,-0.125,-0.222,0.364,0.899,0.903,-0.179,0.941,0.66,0.899,-0.428,0.557,0.439,0.028,-0.242,0.866,0.536,0.649,-0.182,0.691,-0.23,0.858,0.892,0.912,0.882,0.829,-0.282,0.874,0.648,0.205,0.737,0.933,0.817,0.909,0.759,-0.639,0.612,0.456,0.927,0.687,0.293,0.287,0.849,0.889,0.894,-0.012,0.858,0.519,0.941,0.824,-0.679,0.86,0.841,0.888,0.833,0.632,0.487,0.757,0.853,-0.083,0.867,0.837,0.745,0.579,0.838,-0.653,0.508,0.879,0.442,0.902,0.672,0.924,-0.854,0.542,0.254,0.199,0.902,0.579,-0.649,-0.384,-0.824,0.852,0.926,0.752,0.161,0.693,0.592,0.924,0.571,0.882,-0.557,0.691,-0.09,0.811,0.928,0.903,-0.322,0.916,0.606,-0.748,0.681,-0.488,-0.482,0.027,0.935,-0.049,0.311,0.578,0.88,0.819,0.942,0.847,0.887,0.685,0.894,0.523,0.815,0.84,0.028,0.002,0.325,0.291,0.906,0.876,0.833,-0.179,0.633,0.804,0.819,0.925,0.632,0.272,0.562,-0.053,0.042,0.5,0.784,0.808,0.913,-0.204,0.537,0.138,-0.61,-0.377,-0.675,0.623,0.849,0.772,-0.368,-0.662,0.899,0.306,-0.799,0.89,0.788,0.88,0.477,0.261,0.66,-0.561,0.089,0.118,0.908,0.805,0.929,0.776,-0.401,0.709,0.745,0.954,0.643,0.954,0.88,0.868,0.568,0.894,0.751,0.854,0.691,0.84,0.488,0.947,0.506,0.803,-0.412,0.302,-0.222,0.818,0.886,-0.389,-0.04,0.841,0.429,0.794,0.599
AKRO,0.535,0.149,-0.376,-0.319,0.0,-0.271,0.295,-0.041,0.079,-0.208,-0.449,0.322,-0.324,-0.597,-0.528,0.471,0.107,-0.004,-0.083,0.447,-0.476,0.198,-0.099,-0.319,-0.268,0.258,-0.225,-0.339,-0.287,-0.404,-0.389,0.493,-0.057,-0.252,-0.438,-0.6,-0.362,-0.408,-0.398,-0.243,0.393,0.119,-0.462,-0.324,-0.312,-0.171,0.056,-0.032,-0.237,-0.44,0.494,-0.403,-0.233,-0.366,-0.152,0.062,-0.365,-0.523,-0.375,-0.514,0.052,0.203,-0.565,-0.269,0.348,-0.362,-0.474,-0.277,-0.356,-0.441,0.481,-0.431,-0.416,-0.31,-0.458,-0.072,-0.378,0.429,-0.523,-0.283,0.16,-0.302,-0.566,0.44,-0.082,0.545,-0.317,-0.308,0.004,0.42,-0.272,-0.039,-0.359,-0.045,-0.289,0.643,0.057,0.164,-0.271,-0.353,-0.169,0.147,-0.372,-0.085,0.166,-0.033,0.142,0.499,0.117,-0.272,0.516,-0.033,0.121,-0.454,-0.174,-0.347,-0.297,-0.525,0.059,-0.43,0.046,-0.477,-0.541,-0.073,-0.141,-0.134,0.016,-0.506,-0.302,-0.507,0.528,0.079,-0.491,-0.036,-0.46,-0.144,-0.192,-0.114,0.291,0.332,-0.072,-0.234,-0.252,-0.448,0.553,-0.313,0.291,0.212,0.618,0.431,-0.306,-0.582,-0.436,0.253,0.64,-0.138,-0.367,0.573,-0.115,-0.156,-0.521,-0.166,-0.005,-0.21,0.562,0.194,0.246,-0.396,-0.391,-0.228,-0.494,-0.162,-0.323,-0.352,-0.414,-0.149,-0.379,-0.364,-0.233,-0.562,-0.145,-0.172,-0.325,-0.258,-0.456,0.375,-0.376,0.113,-0.429,0.369,-0.036,0.455,-0.242,-0.485,0.029,-0.008,-0.319,0.389,-0.127,-0.552
ALRM,-0.805,-0.663,0.794,0.866,-0.271,0.0,-0.128,-0.432,0.526,0.731,0.842,0.104,0.943,0.511,0.882,-0.622,0.611,0.243,0.275,-0.013,0.769,0.522,0.69,-0.181,0.904,-0.402,0.951,0.92,0.785,0.919,0.644,-0.08,0.861,0.469,0.446,0.722,0.898,0.629,0.84,0.882,-0.348,0.581,0.657,0.964,0.416,0.329,0.273,0.694,0.766,0.737,-0.008,0.674,0.203,0.929,0.653,-0.631,0.709,0.638,0.798,0.664,0.471,0.627,0.786,0.856,-0.285,0.769,0.881,0.904,0.645,0.701,-0.711,0.74,0.687,0.735,0.741,0.541,0.844,-0.742,0.502,-0.063,0.35,0.852,0.494,-0.752,-0.587,-0.86,0.907,0.949,0.546,0.265,0.386,0.34,0.843,0.507,0.821,-0.608,0.653,-0.413,0.845,0.934,0.882,-0.172,0.759,0.681,-0.524,0.711,-0.198,-0.483,-0.337,0.778,-0.062,0.335,0.4,0.836,0.908,0.942,0.889,0.861,0.675,0.844,0.473,0.615,0.859,0.306,0.24,0.397,0.574,0.786,0.702,0.64,-0.299,0.74,0.781,0.699,0.852,0.493,-0.065,0.267,0.226,-0.164,0.303,0.641,0.683,0.825,-0.116,0.654,0.309,-0.678,-0.22,-0.695,0.511,0.781,0.493,-0.474,-0.607,0.855,-0.033,-0.772,0.812,0.691,0.714,0.164,-0.131,0.408,-0.613,-0.257,0.024,0.847,0.549,0.884,0.784,-0.584,0.76,0.46,0.847,0.74,0.861,0.827,0.684,0.564,0.87,0.743,0.637,0.847,0.605,0.463,0.948,0.338,0.555,-0.434,0.255,-0.151,0.577,0.722,-0.301,0.312,0.957,0.475,0.656,0.544
AMAT,0.288,0.295,-0.262,-0.125,0.295,-0.128,0.0,0.199,0.339,-0.112,-0.394,0.324,-0.111,-0.354,-0.266,0.565,0.344,-0.502,0.259,0.634,-0.387,0.345,-0.02,-0.283,-0.135,-0.191,-0.161,-0.307,-0.219,-0.325,-0.383,0.612,0.145,-0.192,-0.229,-0.473,-0.276,-0.462,-0.123,-0.276,0.423,0.169,-0.418,-0.07,-0.292,-0.269,0.545,0.177,-0.197,-0.37,0.325,-0.045,-0.03,-0.191,-0.302,0.225,-0.397,-0.301,-0.078,-0.383,-0.063,0.303,-0.449,-0.203,0.378,-0.193,-0.392,-0.13,-0.231,-0.404,0.59,-0.329,-0.335,-0.084,-0.358,0.115,-0.296,0.402,-0.41,-0.183,0.261,-0.023,-0.558,0.219,-0.015,0.245,-0.075,-0.042,0.132,0.233,-0.264,0.199,-0.337,-0.101,-0.301,0.377,-0.083,-0.056,-0.264,-0.228,-0.06,0.247,-0.256,0.228,0.079,0.266,0.228,0.131,-0.096,-0.125,0.316,0.161,0.445,-0.25,0.118,-0.072,-0.348,-0.227,0.092,-0.438,-0.148,-0.399,-0.377,-0.1,-0.053,0.181,0.327,-0.377,-0.299,-0.472,0.443,0.348,-0.473,0.047,-0.371,-0.384,-0.223,-0.311,0.114,-0.248,-0.41,0.071,-0.265,-0.28,-0.147,-0.023,0.518,0.169,0.197,0.429,0.292,-0.448,-0.37,0.506,0.458,0.012,-0.443,0.521,0.096,-0.005,-0.381,-0.127,-0.058,0.011,0.022,0.017,-0.496,-0.282,-0.353,-0.073,-0.482,0.033,-0.22,-0.345,-0.24,0.221,-0.198,-0.01,0.013,-0.455,-0.056,0.042,-0.379,-0.334,-0.392,0.2,-0.14,-0.446,-0.396,0.038,-0.712,0.756,-0.18,-0.396,-0.166,0.228,-0.224,0.259,0.048,-0.266
AMED,0.09,0.482,-0.256,-0.222,-0.041,-0.432,0.199,0.0,-0.344,-0.106,-0.312,-0.329,-0.346,0.296,-0.157,0.418,-0.278,-0.204,-0.131,-0.093,-0.038,-0.112,-0.599,0.166,-0.53,-0.097,-0.519,-0.491,-0.235,-0.318,-0.076,-0.205,-0.192,0.218,-0.251,-0.173,-0.395,-0.035,-0.056,-0.556,-0.074,-0.335,-0.354,-0.351,0.141,-0.288,0.228,-0.145,-0.236,-0.062,-0.174,0.037,0.443,-0.332,-0.137,0.284,-0.078,0.092,0.019,0.079,-0.278,-0.234,-0.237,-0.342,0.188,-0.007,-0.42,-0.546,-0.244,-0.093,0.461,-0.395,-0.083,-0.477,-0.049,0.195,-0.241,0.229,-0.308,0.404,-0.428,-0.147,-0.092,0.28,0.647,0.194,-0.168,-0.252,0.025,-0.569,0.123,0.23,-0.277,-0.289,-0.386,0.134,-0.571,0.35,-0.409,-0.396,-0.395,0.101,-0.08,-0.372,0.098,-0.151,-0.243,-0.079,0.534,-0.233,-0.201,-0.031,0.194,-0.221,-0.277,-0.259,-0.359,-0.111,-0.5,-0.39,-0.183,-0.026,-0.318,-0.396,-0.276,0.21,-0.366,-0.109,-0.015,-0.007,0.092,-0.356,-0.206,-0.096,-0.257,-0.277,0.507,0.073,-0.513,-0.224,0.092,0.205,-0.071,-0.141,-0.52,-0.04,-0.081,0.398,-0.356,0.346,0.279,-0.135,0.13,0.483,0.059,-0.322,0.428,0.234,-0.223,-0.106,0.002,0.217,0.518,0.374,0.125,0.227,-0.147,-0.202,0.069,-0.273,-0.309,0.426,-0.495,0.019,-0.178,-0.217,-0.181,-0.132,0.076,-0.201,-0.356,-0.113,-0.107,-0.602,0.039,-0.251,-0.283,-0.123,0.069,-0.19,-0.461,0.112,0.15,-0.055,0.074,-0.142,-0.464,-0.35,-0.138,-0.111
AMRN,-0.19,-0.361,0.334,0.364,0.079,0.526,0.339,-0.344,0.0,0.271,0.242,0.346,0.471,-0.076,0.307,-0.157,0.557,-0.126,0.249,0.38,0.197,0.307,0.452,-0.332,0.486,-0.204,0.463,0.378,0.299,0.362,0.128,0.338,0.534,0.088,0.199,0.063,0.379,0.125,0.38,0.419,0.027,0.413,0.193,0.524,0.074,-0.012,0.268,0.373,0.324,0.173,0.27,0.357,-0.166,0.461,0.26,-0.248,0.11,0.062,0.321,0.049,0.179,0.538,0.135,0.342,-0.03,0.201,0.31,0.387,0.263,0.137,-0.175,0.245,0.149,0.546,0.194,0.254,0.318,-0.224,0.176,-0.276,0.276,0.498,-0.019,-0.242,-0.433,-0.319,0.449,0.495,0.334,0.352,-0.031,0.281,0.308,0.103,0.319,-0.097,0.407,-0.327,0.428,0.398,0.511,-0.058,0.327,0.494,-0.224,0.453,0.065,-0.151,-0.403,0.324,0.154,0.323,0.326,0.299,0.59,0.494,0.364,0.324,0.415,0.292,0.073,0.048,0.255,0.031,-0.041,0.154,0.542,0.204,0.232,0.004,0.004,0.599,0.274,0.364,0.276,0.362,-0.245,-0.026,0.166,-0.063,-0.105,0.27,0.183,0.286,0.128,0.259,0.343,-0.408,0.111,-0.206,0.218,0.17,-0.034,-0.216,-0.09,0.521,-0.36,-0.13,0.449,0.339,0.128,0.061,-0.198,0.117,-0.148,-0.124,-0.236,0.375,0.052,0.413,0.201,-0.483,0.273,-0.02,0.298,0.526,0.332,0.398,0.313,-0.158,0.479,0.396,0.148,0.327,0.036,0.394,0.45,-0.048,0.016,-0.083,-0.083,0.272,0.095,0.113,-0.245,0.27,0.449,0.504,0.354,0.161
ANGI,-0.702,-0.711,0.602,0.899,-0.208,0.731,-0.112,-0.106,0.271,0.0,0.812,-0.261,0.85,0.628,0.786,-0.207,0.558,0.595,-0.217,-0.298,0.844,0.574,0.538,-0.331,0.473,-0.049,0.765,0.792,0.935,0.721,0.867,-0.248,0.843,0.711,-0.071,0.582,0.836,0.853,0.883,0.585,-0.747,0.589,0.285,0.788,0.817,0.239,0.316,0.855,0.911,0.85,-0.014,0.863,0.613,0.848,0.826,-0.627,0.867,0.789,0.835,0.811,0.657,0.413,0.54,0.729,0.112,0.802,0.696,0.59,0.331,0.809,-0.576,0.318,0.866,0.181,0.874,0.779,0.89,-0.841,0.434,0.272,0.022,0.895,0.491,-0.5,-0.297,-0.702,0.758,0.863,0.808,0.187,0.817,0.68,0.863,0.546,0.833,-0.496,0.658,0.101,0.787,0.839,0.879,-0.37,0.922,0.562,-0.87,0.607,-0.664,-0.47,0.192,0.863,0.08,0.209,0.639,0.813,0.79,0.83,0.721,0.781,0.634,0.835,0.396,0.843,0.657,-0.212,-0.235,0.24,0.086,0.858,0.889,0.818,0.006,0.535,0.737,0.891,0.861,0.648,0.435,0.654,-0.263,0.116,0.523,0.774,0.679,0.848,-0.221,0.372,0.091,-0.584,-0.446,-0.647,0.608,0.756,0.803,-0.374,-0.585,0.867,0.403,-0.694,0.899,0.714,0.861,0.594,0.433,0.769,-0.465,0.26,0.195,0.857,0.863,0.882,0.616,-0.406,0.493,0.82,0.888,0.509,0.909,0.751,0.913,0.371,0.891,0.654,0.86,0.582,0.853,0.636,0.836,0.633,0.821,-0.402,0.276,-0.183,0.9,0.868,-0.524,-0.254,0.656,0.494,0.828,0.4
APA,-0.864,-0.71,0.792,0.903,-0.449,0.842,-0.394,-0.312,0.242,0.812,0.0,-0.203,0.903,0.725,0.921,-0.56,0.453,0.509,0.079,-0.424,0.866,0.297,0.603,-0.048,0.697,-0.233,0.848,0.915,0.886,0.904,0.899,-0.393,0.712,0.69,0.274,0.867,0.955,0.838,0.863,0.746,-0.681,0.515,0.551,0.853,0.663,0.515,0.048,0.712,0.862,0.918,-0.123,0.759,0.36,0.907,0.781,-0.596,0.876,0.872,0.833,0.889,0.608,0.255,0.864,0.852,-0.171,0.883,0.917,0.732,0.682,0.892,-0.752,0.589,0.92,0.476,0.913,0.464,0.935,-0.852,0.735,0.349,0.203,0.796,0.655,-0.605,-0.271,-0.839,0.792,0.866,0.619,0.074,0.699,0.478,0.96,0.637,0.89,-0.641,0.673,-0.088,0.791,0.891,0.833,-0.244,0.892,0.518,-0.676,0.465,-0.456,-0.479,-0.047,0.878,-0.078,0.332,0.333,0.939,0.72,0.857,0.86,0.89,0.656,0.926,0.513,0.883,0.941,0.14,0.114,0.372,0.184,0.955,0.821,0.905,-0.316,0.543,0.878,0.739,0.959,0.677,0.293,0.602,-0.025,0.049,0.57,0.695,0.817,0.93,-0.192,0.51,-0.06,-0.514,-0.409,-0.749,0.494,0.941,0.81,-0.457,-0.716,0.741,0.409,-0.891,0.789,0.775,0.903,0.407,0.204,0.501,-0.652,0.041,0.293,0.872,0.828,0.819,0.909,-0.281,0.739,0.784,0.956,0.444,0.934,0.855,0.774,0.707,0.848,0.741,0.877,0.747,0.882,0.365,0.892,0.578,0.837,-0.462,0.492,-0.364,0.73,0.934,-0.2,-0.059,0.874,0.289,0.747,0.626
APOG,0.309,0.08,-0.251,-0.179,0.322,0.104,0.324,-0.329,0.346,-0.261,-0.203,0.0,-0.077,-0.489,-0.237,0.169,0.456,-0.122,0.221,0.776,-0.327,0.276,0.216,-0.064,0.224,0.063,0.113,0.017,-0.295,-0.161,-0.444,0.569,0.079,-0.225,0.031,-0.132,-0.111,-0.503,-0.167,0.048,0.615,0.358,0.169,-0.008,-0.484,0.319,0.127,0.047,-0.074,-0.291,0.484,-0.248,-0.598,-0.068,-0.118,0.328,-0.237,-0.425,-0.255,-0.382,0.142,0.215,-0.161,0.116,0.262,-0.122,-0.046,0.121,0.003,-0.289,0.241,-0.021,-0.359,0.224,-0.375,-0.266,-0.23,0.436,-0.325,-0.467,0.47,-0.08,-0.671,0.198,-0.308,0.266,0.033,-0.044,-0.062,0.283,-0.401,-0.099,-0.149,0.187,0.018,0.334,0.249,-0.458,-0.016,-0.137,0.096,0.374,-0.283,0.109,0.415,0.087,0.613,0.432,-0.478,-0.336,0.54,0.346,-0.178,-0.083,0.218,-0.067,-0.097,-0.299,0.243,-0.195,-0.124,-0.418,-0.16,0.48,0.325,0.12,0.439,-0.355,-0.396,-0.486,0.395,0.392,-0.2,-0.042,-0.197,-0.242,-0.429,-0.27,0.723,-0.092,-0.336,-0.212,-0.284,-0.16,0.453,0.027,0.521,0.075,0.697,0.196,0.078,-0.388,-0.481,0.066,0.571,-0.092,-0.631,0.436,0.073,0.116,-0.419,-0.553,-0.528,-0.427,0.076,-0.115,0.098,-0.285,-0.48,-0.098,-0.311,-0.38,0.23,-0.346,-0.217,-0.024,-0.24,-0.133,-0.244,-0.229,0.079,0.023,-0.424,0.037,-0.469,0.045,-0.147,-0.194,-0.399,0.284,-0.07,0.55,-0.392,-0.38,0.128,0.554,0.152,0.519,0.05,-0.505
APPS,-0.823,-0.72,0.824,0.941,-0.324,0.943,-0.111,-0.346,0.471,0.85,0.903,-0.077,0.0,0.597,0.906,-0.513,0.63,0.329,0.185,-0.151,0.813,0.496,0.721,-0.26,0.799,-0.316,0.929,0.936,0.888,0.904,0.78,-0.153,0.869,0.599,0.286,0.761,0.959,0.735,0.895,0.823,-0.526,0.596,0.52,0.952,0.556,0.34,0.282,0.79,0.828,0.83,0.002,0.804,0.339,0.969,0.73,-0.656,0.776,0.754,0.885,0.755,0.576,0.536,0.774,0.869,-0.136,0.831,0.865,0.849,0.639,0.769,-0.689,0.635,0.817,0.597,0.833,0.588,0.897,-0.819,0.567,0.093,0.331,0.898,0.578,-0.725,-0.471,-0.868,0.898,0.97,0.659,0.266,0.555,0.484,0.917,0.598,0.854,-0.611,0.702,-0.253,0.82,0.963,0.913,-0.262,0.856,0.72,-0.676,0.678,-0.339,-0.528,-0.172,0.892,-0.026,0.352,0.464,0.905,0.89,0.955,0.872,0.888,0.729,0.889,0.519,0.759,0.876,0.168,0.146,0.386,0.391,0.874,0.793,0.753,-0.256,0.738,0.795,0.772,0.895,0.569,0.064,0.402,0.031,-0.089,0.372,0.736,0.782,0.877,-0.174,0.613,0.24,-0.652,-0.329,-0.7,0.546,0.85,0.641,-0.427,-0.656,0.897,0.132,-0.81,0.876,0.729,0.816,0.316,0.076,0.529,-0.616,-0.096,0.057,0.892,0.693,0.911,0.814,-0.458,0.738,0.611,0.932,0.698,0.928,0.891,0.803,0.589,0.921,0.8,0.765,0.794,0.739,0.518,0.963,0.4,0.68,-0.452,0.25,-0.17,0.693,0.82,-0.359,0.115,0.904,0.442,0.782,0.624
ARCB,-0.826,-0.278,0.632,0.66,-0.597,0.511,-0.354,0.296,-0.076,0.628,0.725,-0.489,0.597,0.0,0.799,-0.41,0.122,0.318,0.06,-0.507,0.815,0.117,0.101,0.168,0.355,-0.389,0.431,0.542,0.624,0.7,0.758,-0.578,0.484,0.709,0.27,0.786,0.627,0.79,0.773,0.371,-0.662,0.18,0.391,0.569,0.66,0.286,0.188,0.457,0.595,0.828,-0.38,0.708,0.641,0.641,0.553,-0.399,0.779,0.892,0.808,0.912,0.252,0.081,0.748,0.585,-0.219,0.818,0.645,0.38,0.54,0.784,-0.491,0.394,0.782,0.222,0.828,0.558,0.704,-0.655,0.502,0.524,-0.157,0.613,0.671,-0.451,0.192,-0.73,0.664,0.632,0.498,-0.378,0.666,0.47,0.683,0.335,0.552,-0.626,0.156,0.053,0.466,0.589,0.439,-0.154,0.757,0.229,-0.492,0.314,-0.554,-0.598,0.274,0.628,-0.379,0.253,0.309,0.725,0.451,0.639,0.624,0.816,0.155,0.624,0.391,0.825,0.735,-0.036,0.03,0.501,-0.012,0.842,0.741,0.876,-0.413,0.181,0.7,0.507,0.74,0.394,0.546,0.533,-0.359,-0.23,0.576,0.75,0.714,0.791,-0.617,0.578,-0.114,-0.231,-0.696,-0.504,0.61,0.858,0.83,-0.131,-0.741,0.429,0.684,-0.772,0.494,0.573,0.879,0.444,0.463,0.681,-0.597,0.011,0.12,0.686,0.801,0.569,0.718,0.07,0.39,0.694,0.779,0.297,0.743,0.714,0.716,0.673,0.474,0.571,0.724,0.313,0.846,0.05,0.653,0.391,0.828,-0.637,0.16,-0.368,0.735,0.862,-0.066,-0.05,0.523,-0.085,0.49,0.613
ARCC,-0.928,-0.604,0.84,0.899,-0.528,0.882,-0.266,-0.157,0.307,0.786,0.921,-0.237,0.906,0.799,0.0,-0.633,0.42,0.296,0.185,-0.335,0.908,0.374,0.487,-0.036,0.767,-0.446,0.827,0.851,0.824,0.936,0.809,-0.415,0.774,0.633,0.459,0.84,0.889,0.821,0.91,0.762,-0.577,0.443,0.611,0.907,0.621,0.296,0.259,0.664,0.786,0.878,-0.227,0.773,0.473,0.907,0.669,-0.604,0.832,0.873,0.891,0.877,0.383,0.423,0.899,0.815,-0.341,0.873,0.89,0.77,0.649,0.85,-0.753,0.701,0.834,0.59,0.907,0.61,0.901,-0.844,0.635,0.243,0.104,0.856,0.699,-0.747,-0.306,-0.938,0.881,0.919,0.55,-0.012,0.585,0.415,0.877,0.447,0.806,-0.715,0.465,-0.248,0.775,0.903,0.775,-0.233,0.868,0.525,-0.598,0.64,-0.401,-0.608,-0.087,0.829,-0.283,0.275,0.408,0.883,0.789,0.928,0.875,0.985,0.505,0.875,0.494,0.802,0.939,0.139,0.145,0.434,0.326,0.929,0.838,0.86,-0.448,0.521,0.86,0.676,0.932,0.553,0.234,0.42,-0.077,-0.19,0.484,0.743,0.778,0.908,-0.407,0.672,0.049,-0.609,-0.548,-0.746,0.61,0.942,0.747,-0.409,-0.8,0.782,0.324,-0.92,0.75,0.708,0.906,0.37,0.127,0.595,-0.704,-0.172,0.016,0.922,0.767,0.861,0.874,-0.334,0.68,0.654,0.933,0.652,0.936,0.875,0.778,0.717,0.77,0.72,0.784,0.72,0.828,0.287,0.948,0.404,0.774,-0.577,0.269,-0.354,0.747,0.9,-0.281,0.117,0.865,0.214,0.635,0.715
ARVN,0.618,0.361,-0.67,-0.428,0.471,-0.622,0.565,0.418,-0.157,-0.207,-0.56,0.169,-0.513,-0.41,-0.633,0.0,0.056,-0.043,-0.24,0.349,-0.541,0.045,-0.322,-0.26,-0.714,0.388,-0.545,-0.594,-0.365,-0.704,-0.332,0.41,-0.242,-0.046,-0.8,-0.633,-0.526,-0.443,-0.396,-0.706,0.178,0.052,-0.783,-0.565,-0.108,-0.087,0.198,0.003,-0.251,-0.411,0.423,-0.211,-0.031,-0.544,-0.228,0.479,-0.38,-0.367,-0.361,-0.396,0.095,-0.268,-0.757,-0.449,0.789,-0.326,-0.693,-0.678,-0.496,-0.416,0.803,-0.839,-0.328,-0.757,-0.45,-0.105,-0.479,0.574,-0.477,0.2,-0.009,-0.377,-0.727,0.778,0.472,0.719,-0.505,-0.482,0.132,-0.01,0.014,0.29,-0.476,0.009,-0.407,0.669,-0.127,0.501,-0.535,-0.618,-0.321,0.217,-0.364,-0.219,0.087,-0.299,-0.001,0.437,0.437,-0.377,0.618,0.089,0.179,-0.429,-0.334,-0.549,-0.69,-0.615,-0.106,-0.618,-0.317,-0.317,-0.71,-0.411,-0.39,-0.039,-0.417,-0.514,-0.394,-0.457,0.786,-0.094,-0.63,-0.02,-0.559,-0.283,0.243,0.089,-0.153,0.206,-0.127,-0.103,-0.384,-0.458,0.103,-0.487,0.085,0.584,0.291,0.606,-0.001,-0.649,-0.221,0.596,0.746,-0.4,0.024,0.774,-0.132,-0.104,-0.465,0.037,0.378,-0.036,0.376,0.588,0.054,-0.58,-0.236,-0.449,-0.721,0.326,-0.513,-0.105,-0.441,-0.482,-0.44,-0.377,-0.102,-0.663,-0.279,-0.235,-0.316,-0.721,-0.332,0.136,-0.59,-0.05,-0.264,0.231,-0.373,0.635,-0.155,-0.449,-0.0,-0.317,-0.644,0.189,0.021,-0.66
ATEC,-0.344,-0.356,0.345,0.557,0.107,0.611,0.344,-0.278,0.557,0.558,0.453,0.456,0.63,0.122,0.42,0.056,0.0,0.251,0.196,0.413,0.33,0.611,0.572,-0.358,0.48,-0.117,0.629,0.586,0.493,0.418,0.336,0.36,0.73,0.389,-0.077,0.319,0.592,0.238,0.592,0.413,-0.132,0.809,0.199,0.62,0.224,0.446,0.371,0.741,0.632,0.433,0.303,0.538,0.005,0.614,0.511,-0.134,0.414,0.299,0.538,0.328,0.605,0.465,0.253,0.592,0.35,0.536,0.486,0.516,0.396,0.355,-0.106,0.14,0.421,0.287,0.359,0.371,0.53,-0.28,0.156,-0.084,0.466,0.618,-0.142,-0.208,-0.314,-0.357,0.641,0.657,0.659,0.33,0.316,0.559,0.531,0.572,0.599,-0.16,0.696,-0.197,0.518,0.518,0.733,0.06,0.477,0.676,-0.409,0.495,-0.063,-0.066,-0.23,0.481,0.553,0.651,0.429,0.583,0.749,0.594,0.453,0.383,0.756,0.428,0.234,0.358,0.401,0.116,0.023,0.452,0.421,0.388,0.325,0.238,0.388,0.834,0.339,0.69,0.452,0.244,-0.005,0.268,0.289,-0.034,0.077,0.53,0.393,0.548,0.04,0.383,0.541,-0.306,0.129,-0.301,0.555,0.306,0.228,-0.16,-0.003,0.585,-0.148,-0.174,0.757,0.648,0.334,0.081,0.029,0.276,-0.352,0.111,0.095,0.389,0.292,0.579,0.282,-0.463,0.505,0.326,0.546,0.356,0.546,0.612,0.595,0.097,0.748,0.628,0.367,0.371,0.285,0.643,0.538,0.262,0.287,-0.17,-0.052,0.5,0.328,0.356,-0.205,0.248,0.583,0.736,0.74,-0.005
ATXS,-0.245,-0.522,0.171,0.439,-0.004,0.243,-0.502,-0.204,-0.126,0.595,0.509,-0.122,0.329,0.318,0.296,-0.043,0.251,0.0,-0.603,-0.447,0.5,0.171,0.332,-0.099,0.046,0.502,0.374,0.496,0.561,0.307,0.598,-0.245,0.279,0.448,-0.293,0.364,0.482,0.605,0.411,0.279,-0.667,0.363,0.214,0.263,0.649,0.438,-0.225,0.435,0.675,0.565,-0.064,0.439,0.261,0.427,0.661,-0.272,0.678,0.444,0.262,0.525,0.641,-0.111,0.228,0.397,0.296,0.414,0.459,0.187,0.052,0.593,-0.428,-0.047,0.593,-0.201,0.543,0.274,0.566,-0.526,0.35,0.283,-0.188,0.398,0.217,-0.017,-0.07,-0.197,0.228,0.306,0.496,0.062,0.717,0.411,0.544,0.463,0.629,-0.223,0.595,0.381,0.54,0.39,0.514,-0.241,0.567,0.168,-0.598,0.008,-0.576,-0.095,0.247,0.43,0.311,0.058,0.146,0.465,0.25,0.293,0.403,0.253,0.392,0.583,0.16,0.639,0.315,-0.251,-0.365,-0.153,-0.255,0.512,0.51,0.582,0.26,0.042,0.489,0.516,0.554,0.615,0.533,0.741,-0.147,0.49,0.501,0.24,0.291,0.535,0.222,-0.09,-0.261,-0.227,-0.129,-0.448,0.158,0.399,0.604,-0.421,-0.24,0.325,0.528,-0.37,0.469,0.424,0.532,0.444,0.427,0.352,-0.058,0.515,0.706,0.412,0.648,0.401,0.333,-0.171,0.266,0.763,0.483,-0.181,0.464,0.244,0.436,0.181,0.513,0.148,0.633,0.332,0.603,0.376,0.296,0.823,0.643,-0.04,0.657,-0.3,0.533,0.585,-0.199,-0.509,0.274,0.346,0.502,-0.018
AVAV,-0.239,0.212,0.331,0.028,-0.083,0.275,0.259,-0.131,0.249,-0.217,0.079,0.221,0.185,0.06,0.185,-0.24,0.196,-0.603,0.0,0.38,-0.15,-0.045,0.024,0.103,0.451,-0.75,0.138,0.071,-0.132,0.241,-0.145,0.218,0.139,0.004,0.465,0.19,0.099,-0.268,0.058,0.149,0.439,0.154,0.113,0.221,-0.496,0.172,0.257,0.044,-0.179,-0.058,0.101,-0.151,-0.312,0.11,-0.263,0.031,-0.217,-0.002,0.202,-0.06,-0.209,0.261,0.307,0.198,-0.273,0.151,0.125,0.318,0.589,-0.136,0.147,0.414,-0.113,0.581,-0.108,-0.193,-0.052,0.232,0.06,-0.113,0.526,-0.057,-0.026,-0.18,0.022,-0.179,0.269,0.179,-0.125,0.131,-0.431,-0.13,-0.0,0.115,-0.086,-0.05,-0.048,-0.499,-0.114,0.088,-0.049,0.455,-0.162,0.278,0.338,0.186,0.459,-0.051,-0.431,0.041,-0.035,0.484,-0.096,0.128,0.178,0.159,0.169,0.202,0.151,-0.142,0.304,-0.17,0.277,0.588,0.647,0.66,0.511,-0.021,-0.201,-0.143,-0.324,0.479,-0.076,-0.037,-0.072,-0.299,-0.484,-0.389,0.489,-0.507,-0.136,0.15,0.237,0.02,-0.19,0.567,0.464,0.163,0.189,0.151,0.082,0.109,-0.26,0.301,0.047,-0.001,-0.368,-0.071,0.014,0.181,-0.124,-0.434,-0.395,-0.264,-0.358,-0.576,-0.267,-0.052,-0.276,0.01,0.272,0.094,0.293,-0.401,0.073,0.302,0.041,0.332,-0.029,0.289,0.011,0.434,-0.176,0.117,-0.197,-0.063,0.163,-0.369,-0.258,-0.272,-0.278,0.362,-0.281,-0.104,0.424,0.712,0.333,-0.029,0.012,0.25
AXON,0.399,0.345,-0.258,-0.242,0.447,-0.013,0.634,-0.093,0.38,-0.298,-0.424,0.776,-0.151,-0.507,-0.335,0.349,0.413,-0.447,0.38,0.0,-0.46,0.389,0.03,-0.13,0.127,-0.121,-0.05,-0.185,-0.417,-0.262,-0.603,0.656,0.136,-0.288,0.01,-0.337,-0.268,-0.604,-0.211,-0.096,0.732,0.344,-0.12,-0.065,-0.591,-0.021,0.448,0.051,-0.243,-0.406,0.551,-0.249,-0.412,-0.169,-0.287,0.298,-0.431,-0.515,-0.198,-0.512,-0.084,0.407,-0.324,-0.016,0.271,-0.215,-0.28,0.023,-0.075,-0.464,0.483,-0.135,-0.518,0.145,-0.504,-0.103,-0.386,0.554,-0.597,-0.556,0.419,-0.129,-0.713,0.196,-0.212,0.331,0.021,-0.094,-0.04,0.276,-0.55,-0.085,-0.344,-0.026,-0.182,0.431,0.019,-0.471,-0.247,-0.232,-0.06,0.262,-0.408,0.12,0.458,0.237,0.645,0.383,-0.324,-0.383,0.461,0.362,-0.024,-0.25,0.167,-0.109,-0.228,-0.34,0.103,-0.41,-0.024,-0.568,-0.34,0.366,0.274,0.215,0.468,-0.506,-0.447,-0.64,0.392,0.404,-0.414,-0.096,-0.394,-0.443,-0.5,-0.48,0.595,-0.281,-0.481,-0.134,-0.289,-0.316,0.229,0.171,0.753,0.088,0.659,0.382,0.099,-0.513,-0.612,0.303,0.635,-0.07,-0.735,0.575,-0.003,-0.03,-0.528,-0.526,-0.441,-0.315,0.181,-0.232,-0.254,-0.377,-0.606,-0.117,-0.488,-0.354,0.062,-0.566,-0.321,0.158,-0.324,-0.145,-0.214,-0.36,-0.063,0.039,-0.546,-0.191,-0.604,0.076,-0.197,-0.42,-0.553,0.246,-0.444,0.769,-0.394,-0.537,0.032,0.651,-0.028,0.497,-0.018,-0.457
BANF,-0.841,-0.63,0.739,0.866,-0.476,0.769,-0.387,-0.038,0.197,0.844,0.866,-0.327,0.813,0.815,0.908,-0.541,0.33,0.5,-0.15,-0.46,0.0,0.365,0.42,-0.045,0.567,-0.213,0.724,0.791,0.861,0.857,0.865,-0.495,0.723,0.664,0.27,0.757,0.834,0.926,0.905,0.667,-0.743,0.379,0.534,0.806,0.824,0.219,0.138,0.619,0.832,0.917,-0.236,0.842,0.619,0.852,0.814,-0.62,0.938,0.896,0.851,0.919,0.458,0.35,0.772,0.737,-0.258,0.85,0.819,0.601,0.496,0.882,-0.751,0.514,0.881,0.344,0.961,0.722,0.917,-0.9,0.577,0.32,-0.116,0.858,0.716,-0.648,-0.229,-0.852,0.802,0.836,0.633,-0.136,0.757,0.523,0.881,0.387,0.801,-0.665,0.464,-0.009,0.801,0.837,0.769,-0.372,0.938,0.384,-0.708,0.531,-0.623,-0.578,0.149,0.805,-0.297,0.142,0.463,0.817,0.694,0.855,0.807,0.905,0.404,0.895,0.358,0.866,0.814,-0.113,-0.13,0.267,0.141,0.946,0.93,0.921,-0.329,0.336,0.904,0.702,0.939,0.626,0.46,0.616,-0.282,0.017,0.584,0.764,0.733,0.908,-0.335,0.484,-0.11,-0.581,-0.592,-0.74,0.567,0.907,0.86,-0.469,-0.814,0.757,0.526,-0.877,0.719,0.655,0.96,0.552,0.344,0.745,-0.543,0.087,0.134,0.919,0.888,0.821,0.787,-0.331,0.529,0.792,0.904,0.505,0.907,0.761,0.818,0.565,0.751,0.597,0.869,0.61,0.91,0.318,0.869,0.533,0.892,-0.473,0.353,-0.472,0.86,0.942,-0.365,-0.121,0.732,0.208,0.622,0.615
BATRK,-0.228,-0.32,0.251,0.536,0.198,0.522,0.345,-0.112,0.307,0.574,0.297,0.276,0.496,0.117,0.374,0.045,0.611,0.171,-0.045,0.389,0.365,0.0,0.409,-0.359,0.425,-0.057,0.54,0.423,0.393,0.337,0.219,0.074,0.759,0.264,-0.027,0.168,0.38,0.259,0.497,0.392,-0.048,0.603,0.167,0.557,0.228,-0.021,0.64,0.687,0.494,0.335,0.342,0.45,0.39,0.47,0.409,-0.392,0.394,0.257,0.446,0.271,0.414,0.647,0.199,0.529,0.15,0.439,0.291,0.442,-0.004,0.323,-0.147,0.171,0.282,0.18,0.324,0.614,0.376,-0.297,-0.158,-0.161,0.25,0.633,-0.09,-0.345,-0.483,-0.307,0.593,0.584,0.535,0.299,0.246,0.393,0.378,0.295,0.498,-0.022,0.43,-0.296,0.435,0.458,0.608,-0.162,0.398,0.384,-0.35,0.798,-0.088,-0.002,0.037,0.361,0.3,0.18,0.556,0.365,0.709,0.566,0.369,0.351,0.512,0.355,0.358,0.203,0.227,0.089,-0.011,0.177,0.379,0.269,0.455,0.2,0.264,0.566,0.235,0.566,0.388,0.108,0.021,0.159,0.206,-0.04,0.097,0.457,0.286,0.389,-0.018,0.346,0.519,-0.487,0.068,-0.239,0.614,0.182,0.215,-0.097,-0.043,0.64,-0.213,-0.14,0.661,0.476,0.299,0.133,0.007,0.416,-0.173,0.044,-0.036,0.445,0.246,0.664,0.069,-0.634,0.374,0.245,0.415,0.603,0.464,0.389,0.508,0.081,0.58,0.409,0.253,0.334,0.248,0.449,0.51,0.221,0.252,-0.069,-0.069,0.265,0.505,0.291,-0.557,0.198,0.451,0.72,0.526,-0.003
BIDU,-0.35,-0.714,0.468,0.649,-0.099,0.69,-0.02,-0.599,0.452,0.538,0.603,0.216,0.721,0.101,0.487,-0.322,0.572,0.332,0.024,0.03,0.42,0.409,0.0,-0.399,0.619,0.105,0.77,0.756,0.604,0.541,0.428,0.162,0.578,0.204,0.101,0.47,0.719,0.347,0.495,0.711,-0.256,0.508,0.402,0.659,0.26,0.315,0.036,0.574,0.585,0.472,0.252,0.51,-0.024,0.698,0.528,-0.485,0.444,0.346,0.443,0.337,0.716,0.405,0.427,0.65,0.062,0.435,0.615,0.677,0.383,0.47,-0.524,0.389,0.504,0.435,0.447,0.199,0.578,-0.542,0.438,-0.118,0.641,0.589,0.24,-0.471,-0.621,-0.457,0.532,0.629,0.455,0.487,0.303,0.277,0.64,0.581,0.67,-0.306,0.814,-0.251,0.62,0.696,0.77,-0.214,0.507,0.672,-0.483,0.422,-0.028,-0.213,-0.353,0.631,0.257,0.18,0.224,0.608,0.641,0.632,0.579,0.441,0.748,0.664,0.325,0.431,0.566,0.223,0.138,0.008,0.339,0.496,0.412,0.369,0.003,0.646,0.455,0.492,0.589,0.436,-0.23,0.231,0.246,0.115,0.062,0.31,0.438,0.531,0.241,0.248,0.226,-0.509,0.074,-0.488,0.205,0.438,0.285,-0.388,-0.285,0.657,-0.187,-0.44,0.66,0.47,0.409,0.106,-0.133,0.101,-0.282,0.011,0.143,0.553,0.334,0.625,0.486,-0.447,0.638,0.386,0.588,0.501,0.57,0.545,0.418,0.315,0.739,0.474,0.453,0.694,0.364,0.434,0.619,0.254,0.334,-0.07,0.295,-0.025,0.3,0.433,-0.368,0.046,0.675,0.5,0.615,0.348
BLNE,-0.02,0.458,0.02,-0.182,-0.319,-0.181,-0.283,0.166,-0.332,-0.331,-0.048,-0.064,-0.26,0.168,-0.036,-0.26,-0.358,-0.099,0.103,-0.13,-0.045,-0.359,-0.399,0.0,-0.034,-0.146,-0.267,-0.158,-0.31,0.009,-0.15,-0.309,-0.321,-0.075,0.451,0.183,-0.193,-0.06,-0.126,-0.112,0.093,-0.232,0.294,-0.167,-0.152,0.136,-0.25,-0.299,-0.207,0.006,-0.34,-0.217,-0.035,-0.168,-0.153,0.228,-0.073,-0.005,-0.17,0.046,-0.327,-0.272,0.217,-0.031,-0.27,-0.043,0.066,-0.146,0.115,-0.019,0.002,0.031,-0.129,0.021,-0.099,-0.226,-0.115,0.177,-0.004,0.128,-0.307,-0.245,0.033,0.051,0.239,0.024,-0.134,-0.247,-0.305,-0.48,-0.19,-0.244,-0.121,-0.267,-0.097,-0.068,-0.354,-0.132,-0.207,-0.223,-0.341,0.125,-0.156,-0.387,0.414,-0.225,0.132,0.053,-0.071,-0.234,-0.357,0.031,-0.333,-0.069,-0.334,-0.141,-0.004,-0.04,-0.396,-0.117,0.032,-0.097,0.075,0.21,0.191,0.091,0.044,-0.054,-0.126,0.009,-0.275,-0.368,0.131,-0.345,-0.039,-0.168,0.203,-0.073,0.111,-0.179,0.061,-0.202,-0.054,-0.011,-0.147,0.137,-0.184,0.177,-0.034,0.098,0.01,0.041,-0.033,0.017,-0.094,-0.366,0.178,-0.049,-0.375,-0.079,-0.01,-0.05,-0.087,-0.188,0.009,-0.176,0.113,-0.149,-0.114,-0.205,0.033,0.171,0.078,-0.115,-0.135,-0.268,-0.159,-0.096,-0.267,0.221,-0.331,-0.132,-0.144,-0.115,-0.05,-0.607,-0.157,-0.123,0.005,-0.0,0.13,-0.208,-0.136,-0.036,0.42,0.199,-0.042,-0.406,-0.296,0.057
BLNK,-0.649,-0.495,0.74,0.691,-0.268,0.904,-0.135,-0.53,0.486,0.473,0.697,0.224,0.799,0.355,0.767,-0.714,0.48,0.046,0.451,0.127,0.567,0.425,0.619,-0.034,0.0,-0.461,0.864,0.812,0.532,0.832,0.382,-0.074,0.693,0.266,0.685,0.67,0.738,0.41,0.625,0.866,-0.039,0.525,0.735,0.844,0.107,0.309,0.27,0.519,0.529,0.539,0.061,0.418,0.024,0.791,0.396,-0.516,0.487,0.44,0.595,0.445,0.258,0.647,0.792,0.802,-0.416,0.585,0.797,0.925,0.629,0.517,-0.679,0.825,0.43,0.867,0.529,0.332,0.624,-0.539,0.393,-0.266,0.421,0.651,0.397,-0.745,-0.653,-0.743,0.792,0.783,0.257,0.344,0.068,0.035,0.65,0.382,0.686,-0.497,0.504,-0.675,0.665,0.81,0.679,-0.103,0.503,0.565,-0.211,0.691,0.143,-0.333,-0.511,0.573,-0.127,0.296,0.127,0.669,0.778,0.813,0.822,0.735,0.585,0.694,0.539,0.367,0.805,0.563,0.491,0.355,0.691,0.578,0.488,0.428,-0.453,0.666,0.638,0.419,0.686,0.324,-0.33,-0.008,0.461,-0.271,0.156,0.392,0.526,0.624,-0.037,0.728,0.384,-0.65,-0.024,-0.586,0.361,0.641,0.242,-0.411,-0.491,0.703,-0.273,-0.682,0.601,0.53,0.496,-0.086,-0.416,0.148,-0.512,-0.513,-0.053,0.675,0.277,0.752,0.684,-0.601,0.823,0.189,0.663,0.748,0.659,0.67,0.401,0.623,0.657,0.608,0.386,0.818,0.364,0.221,0.806,0.152,0.322,-0.283,0.27,-0.147,0.325,0.507,-0.2,0.546,0.916,0.392,0.436,0.539
BTAI,0.524,-0.159,-0.518,-0.23,0.258,-0.402,-0.191,-0.097,-0.204,-0.049,-0.233,0.063,-0.316,-0.389,-0.446,0.388,-0.117,0.502,-0.75,-0.121,-0.213,-0.057,0.105,-0.146,-0.461,0.0,-0.225,-0.165,-0.131,-0.432,-0.099,0.018,-0.32,-0.16,-0.526,-0.285,-0.222,-0.065,-0.326,-0.212,-0.145,-0.085,-0.217,-0.39,0.124,-0.004,-0.304,-0.138,-0.019,-0.179,0.188,-0.085,-0.113,-0.265,0.065,0.157,-0.085,-0.283,-0.457,-0.232,0.248,-0.364,-0.447,-0.247,0.49,-0.364,-0.271,-0.379,-0.55,-0.082,0.053,-0.509,-0.1,-0.556,-0.207,-0.23,-0.183,0.079,-0.099,0.003,-0.158,-0.199,-0.229,0.395,-0.028,0.476,-0.469,-0.386,-0.048,0.024,0.136,-0.034,-0.162,0.028,-0.027,0.285,0.124,0.387,-0.136,-0.286,-0.089,-0.283,-0.132,-0.242,-0.078,-0.34,-0.062,0.368,0.221,-0.233,0.405,-0.337,-0.17,-0.249,-0.317,-0.362,-0.357,-0.501,-0.008,-0.054,-0.234,-0.059,-0.408,-0.318,-0.407,-0.644,-0.525,-0.25,-0.129,-0.159,0.464,-0.383,-0.175,-0.142,-0.17,0.184,0.176,0.201,-0.18,0.524,-0.066,-0.411,-0.357,-0.244,0.488,-0.647,-0.342,0.029,0.19,0.068,-0.311,-0.348,-0.055,-0.213,0.299,-0.211,0.069,0.329,-0.147,-0.271,-0.192,0.112,0.177,-0.157,0.566,0.55,0.394,-0.233,-0.052,-0.21,-0.407,-0.06,-0.237,0.149,-0.271,-0.473,-0.279,-0.454,-0.255,-0.356,-0.118,-0.506,-0.082,-0.148,-0.109,-0.028,-0.389,0.259,-0.037,0.451,0.327,-0.12,-0.044,-0.191,-0.253,-0.579,-0.396,0.137,-0.03,-0.423
BYND,-0.731,-0.726,0.716,0.858,-0.225,0.951,-0.161,-0.519,0.463,0.765,0.848,0.113,0.929,0.431,0.827,-0.545,0.629,0.374,0.138,-0.05,0.724,0.54,0.77,-0.267,0.864,-0.225,0.0,0.947,0.812,0.855,0.656,-0.055,0.822,0.445,0.334,0.7,0.914,0.626,0.789,0.89,-0.384,0.613,0.63,0.923,0.433,0.397,0.225,0.733,0.801,0.721,0.056,0.66,0.166,0.911,0.667,-0.62,0.714,0.6,0.726,0.629,0.563,0.542,0.735,0.854,-0.178,0.721,0.868,0.903,0.537,0.716,-0.742,0.688,0.7,0.649,0.718,0.49,0.835,-0.765,0.513,-0.078,0.382,0.83,0.448,-0.711,-0.644,-0.793,0.834,0.912,0.556,0.376,0.438,0.318,0.847,0.601,0.872,-0.569,0.747,-0.365,0.85,0.936,0.916,-0.233,0.742,0.696,-0.58,0.675,-0.197,-0.431,-0.322,0.774,0.065,0.278,0.352,0.838,0.886,0.89,0.862,0.787,0.753,0.874,0.489,0.639,0.824,0.289,0.206,0.267,0.477,0.76,0.679,0.633,-0.208,0.722,0.738,0.708,0.85,0.54,-0.077,0.308,0.237,-0.066,0.303,0.559,0.622,0.793,-0.022,0.547,0.259,-0.709,-0.171,-0.733,0.453,0.736,0.498,-0.518,-0.552,0.847,-0.047,-0.744,0.844,0.674,0.689,0.166,-0.132,0.354,-0.561,-0.178,0.116,0.822,0.559,0.895,0.733,-0.606,0.784,0.524,0.835,0.675,0.851,0.763,0.654,0.562,0.897,0.675,0.653,0.879,0.607,0.506,0.906,0.436,0.56,-0.349,0.361,-0.167,0.57,0.714,-0.396,0.197,0.921,0.54,0.704,0.478
CAN,-0.766,-0.739,0.753,0.892,-0.339,0.92,-0.307,-0.491,0.378,0.792,0.915,0.017,0.936,0.542,0.851,-0.594,0.586,0.496,0.071,-0.185,0.791,0.423,0.756,-0.158,0.812,-0.165,0.947,0.0,0.847,0.891,0.742,-0.187,0.766,0.532,0.329,0.815,0.963,0.719,0.83,0.86,-0.524,0.602,0.661,0.905,0.518,0.479,0.085,0.711,0.849,0.822,-0.048,0.732,0.202,0.956,0.752,-0.591,0.797,0.685,0.765,0.731,0.608,0.412,0.789,0.878,-0.152,0.772,0.935,0.882,0.625,0.789,-0.789,0.652,0.789,0.603,0.794,0.446,0.893,-0.819,0.6,0.012,0.287,0.828,0.56,-0.697,-0.528,-0.824,0.836,0.893,0.569,0.274,0.533,0.356,0.914,0.618,0.919,-0.659,0.767,-0.276,0.869,0.955,0.907,-0.29,0.811,0.649,-0.621,0.546,-0.295,-0.453,-0.264,0.815,0.015,0.328,0.271,0.904,0.821,0.894,0.89,0.809,0.73,0.944,0.474,0.756,0.884,0.262,0.184,0.267,0.374,0.85,0.723,0.744,-0.239,0.639,0.831,0.7,0.916,0.606,0.044,0.421,0.155,-0.014,0.343,0.573,0.69,0.881,-0.036,0.542,0.161,-0.678,-0.226,-0.778,0.444,0.837,0.611,-0.585,-0.639,0.822,0.129,-0.814,0.816,0.678,0.786,0.244,-0.027,0.395,-0.567,-0.096,0.21,0.838,0.658,0.864,0.816,-0.513,0.833,0.633,0.892,0.553,0.875,0.793,0.683,0.63,0.899,0.679,0.742,0.86,0.708,0.446,0.902,0.489,0.674,-0.339,0.439,-0.276,0.602,0.81,-0.283,0.112,0.922,0.442,0.725,0.517
CCEC,-0.786,-0.764,0.686,0.912,-0.287,0.785,-0.219,-0.235,0.299,0.935,0.886,-0.295,0.888,0.624,0.824,-0.365,0.493,0.561,-0.132,-0.417,0.861,0.393,0.604,-0.31,0.532,-0.131,0.812,0.847,0.0,0.797,0.909,-0.227,0.77,0.653,0.002,0.632,0.91,0.853,0.871,0.665,-0.78,0.508,0.337,0.826,0.8,0.298,0.117,0.775,0.895,0.855,-0.088,0.821,0.497,0.871,0.838,-0.677,0.864,0.809,0.831,0.818,0.66,0.35,0.616,0.715,-0.029,0.796,0.772,0.652,0.465,0.815,-0.658,0.425,0.91,0.293,0.898,0.656,0.934,-0.899,0.601,0.311,0.086,0.849,0.608,-0.554,-0.324,-0.78,0.731,0.867,0.755,0.212,0.803,0.621,0.911,0.569,0.829,-0.585,0.706,0.132,0.842,0.896,0.893,-0.358,0.931,0.606,-0.882,0.497,-0.669,-0.549,0.095,0.935,-0.026,0.201,0.573,0.841,0.739,0.827,0.769,0.825,0.655,0.885,0.351,0.869,0.748,-0.165,-0.176,0.213,0.122,0.91,0.861,0.859,-0.124,0.535,0.789,0.853,0.891,0.711,0.347,0.655,-0.223,0.165,0.539,0.746,0.734,0.864,-0.189,0.338,-0.035,-0.55,-0.457,-0.697,0.47,0.825,0.807,-0.427,-0.671,0.847,0.417,-0.791,0.857,0.703,0.871,0.559,0.365,0.68,-0.561,0.211,0.195,0.882,0.871,0.842,0.762,-0.316,0.53,0.812,0.911,0.492,0.926,0.777,0.873,0.446,0.894,0.677,0.91,0.674,0.871,0.627,0.873,0.616,0.816,-0.428,0.35,-0.291,0.815,0.893,-0.423,-0.264,0.724,0.37,0.773,0.523
CDW,-0.88,-0.589,0.884,0.882,-0.404,0.919,-0.325,-0.318,0.362,0.721,0.904,-0.161,0.904,0.7,0.936,-0.704,0.418,0.307,0.241,-0.262,0.857,0.337,0.541,0.009,0.832,-0.432,0.855,0.891,0.797,0.0,0.756,-0.322,0.766,0.569,0.526,0.818,0.905,0.776,0.866,0.85,-0.514,0.497,0.656,0.926,0.538,0.334,0.163,0.634,0.771,0.856,-0.16,0.715,0.336,0.922,0.705,-0.647,0.786,0.784,0.842,0.803,0.389,0.485,0.896,0.847,-0.391,0.823,0.919,0.814,0.741,0.812,-0.768,0.721,0.786,0.658,0.853,0.539,0.893,-0.809,0.631,0.144,0.163,0.802,0.684,-0.747,-0.382,-0.893,0.866,0.894,0.523,0.083,0.488,0.349,0.876,0.45,0.827,-0.669,0.55,-0.274,0.801,0.917,0.78,-0.241,0.816,0.54,-0.538,0.597,-0.331,-0.546,-0.162,0.838,-0.247,0.334,0.349,0.86,0.758,0.923,0.936,0.934,0.548,0.883,0.542,0.739,0.936,0.218,0.185,0.411,0.434,0.89,0.796,0.8,-0.455,0.556,0.876,0.646,0.909,0.567,0.129,0.409,0.062,-0.104,0.465,0.672,0.79,0.887,-0.21,0.692,0.084,-0.613,-0.364,-0.721,0.465,0.91,0.656,-0.464,-0.749,0.787,0.242,-0.906,0.72,0.691,0.84,0.326,0.022,0.477,-0.593,-0.209,0.091,0.88,0.692,0.849,0.901,-0.403,0.746,0.568,0.903,0.647,0.896,0.862,0.71,0.682,0.778,0.733,0.765,0.767,0.751,0.321,0.942,0.428,0.711,-0.487,0.4,-0.368,0.656,0.841,-0.168,0.192,0.92,0.281,0.608,0.699
CDXS,-0.79,-0.699,0.661,0.829,-0.389,0.644,-0.383,-0.076,0.128,0.867,0.899,-0.444,0.78,0.758,0.809,-0.332,0.336,0.598,-0.145,-0.603,0.865,0.219,0.428,-0.15,0.382,-0.099,0.656,0.742,0.909,0.756,0.0,-0.443,0.631,0.79,-0.02,0.708,0.845,0.916,0.829,0.532,-0.879,0.397,0.281,0.698,0.859,0.377,0.027,0.678,0.851,0.912,-0.164,0.803,0.547,0.783,0.824,-0.578,0.883,0.903,0.816,0.917,0.607,0.107,0.66,0.677,-0.049,0.831,0.735,0.453,0.514,0.877,-0.619,0.339,0.968,0.16,0.932,0.567,0.906,-0.859,0.708,0.575,-0.016,0.751,0.671,-0.426,-0.039,-0.714,0.649,0.753,0.704,-0.056,0.878,0.644,0.906,0.575,0.781,-0.555,0.582,0.264,0.717,0.761,0.746,-0.283,0.924,0.384,-0.819,0.319,-0.729,-0.498,0.261,0.872,-0.058,0.232,0.475,0.843,0.578,0.724,0.712,0.802,0.522,0.838,0.369,0.948,0.759,-0.214,-0.196,0.285,-0.098,0.943,0.881,0.944,-0.186,0.371,0.813,0.793,0.879,0.723,0.561,0.777,-0.37,0.2,0.688,0.749,0.782,0.87,-0.258,0.309,-0.242,-0.387,-0.55,-0.655,0.444,0.879,0.92,-0.358,-0.693,0.674,0.662,-0.81,0.738,0.707,0.926,0.629,0.516,0.68,-0.55,0.31,0.336,0.826,0.953,0.717,0.808,-0.095,0.457,0.894,0.903,0.288,0.896,0.775,0.85,0.508,0.779,0.663,0.958,0.537,0.955,0.457,0.772,0.682,0.917,-0.49,0.445,-0.395,0.842,0.944,-0.236,-0.379,0.636,0.214,0.74,0.551
