,ABEO,ACHC,AGNCN,AKAM,AKRO,ALRM,AMAT,AMED,AMRN,ANGI,APA,APOG,APPS,ARCB,ARCC,ARVN,ATEC,ATXS,AVAV,AXON,BANF,BATRK,BIDU,BLNE,BLNK,BTAI,BYND,CAN,CCEC,CDW,CDXS,CELH,CGNX,CHKP,CHRS,CHRW,CIGI,CKPT,CMPR,COGT,CRNC,CRSP,CSTL,CTSH,CVGW,DGLY,DNLI,DOCU,DVAX,EBAY,EHTH,ERII,ESLT,EXPE,EXPO,FBIOP,FFBC,FFIN,FOXF,FWRD,GDS,GERN,GPRE,GRWG,GRYP,HEES,HELE,HIVE,HON,HRTX,HSTM,HURA,IART,IBKR,IBOC,IBRX,IDXX,INGN,INM,INVA,IQ,IRBT,KDP,KPTI,KTOS,KXIN,LAMR,LFUS,LGIH,LGMK,LKFN,LNW,LOPE,LPSN,LYFT,MGNX,MLCO,MNST,MODV,MSTR,MTCH,MYGN,MYRG,NCMI,NEXT,NFLX,NIU,NKTR,NRC,NTNX,NTRA,NVEE,NVMI,NWL,NWS,NXPI,OCGN,OCSL,OKTA,OLLI,OTLK,OXLC,PAA,PARA,PARAA,PDCO,PDFS,PFG,PGEN,PNFP,PODD,POWI,PSMT,PTC,PTEN,PVLA,RDNT,RDUS,RDWR,REGN,RNAC,ROCK,ROST,RRR,RSLS,RVMD,RYAAY,SAFT,SAGE,SAVA,SBGI,SFM,SFNC,SHYF,SIBN,SIFY,SIGI,SIMO,SITM,SLM,SNBR,SNDX,SNY,SPNS,SRRK,STRA,SUPN,SYRE,TCBK,TEAM,TECH,THRM,TLRY,TRMK,TROW,TSLA,TWST,TXN,UFPI,UNIT,UPWK,USLM,UTHR,VERB,VLY,VRNA,VRRM,VXRT,WAFD,WATT,WBA,WING,WIX,WTFC,WTW,XPEL,XRX,YMAB,ZG,ZLAB
ABEO,0.0,0.071,-0.448,0.635,0.435,0.489,0.387,-0.347,0.044,0.591,0.05,0.16,0.741,-0.294,0.218,0.297,-0.47,0.006,0.328,0.325,-0.354,0.707,0.101,0.425,0.718,-0.339,0.721,0.889,-0.162,-0.404,0.713,-0.022,0.302,0.232,0.453,0.073,-0.251,0.245,-0.037,0.593,0.03,0.691,0.598,0.215,0.449,0.751,0.756,0.301,0.629,0.462,-0.246,0.075,0.385,0.571,0.296,0.113,0.195,-0.027,0.172,0.686,0.539,0.695,-0.038,0.521,0.197,0.406,0.67,0.71,0.374,0.579,0.095,0.594,0.439,-0.181,0.261,0.551,-0.137,0.543,0.708,0.467,-0.027,0.252,-0.272,0.27,0.418,0.165,0.302,0.064,0.325,0.132,0.308,0.528,0.276,0.396,0.797,0.346,0.029,-0.262,0.737,0.402,0.431,0.501,0.399,0.287,-0.033,0.358,0.386,0.079,0.494,0.154,0.588,0.828,0.692,0.67,0.8,0.176,0.832,0.182,0.224,0.184,0.044,0.431,-0.046,0.461,0.473,0.423,-0.017,0.208,0.336,0.209,-0.247,0.681,0.326,-0.128,0.499,0.444,0.537,0.52,0.08,0.305,0.062,0.11,-0.014,-0.026,0.639,0.268,0.143,0.664,0.071,0.348,0.688,0.144,0.208,0.636,0.605,0.422,-0.087,0.49,0.2,0.02,0.523,0.575,-0.298,0.506,0.76,0.366,0.52,0.064,0.265,-0.08,0.334,0.369,0.703,0.028,0.426,-0.024,0.363,0.503,0.148,0.678,0.462,-0.31,0.129,0.094,0.149,-0.376,0.053,0.606,0.049,0.47,0.329,0.067,0.608,0.181,0.685,0.16,0.122,0.592,0.235,0.168
ACHC,0.071,0.0,-0.483,0.276,0.648,-0.629,-0.562,-0.021,-0.71,0.329,0.832,-0.772,0.419,-0.742,-0.558,-0.644,-0.487,-0.196,-0.588,-0.02,-0.716,0.62,-0.627,-0.748,0.574,-0.296,-0.282,0.116,0.442,-0.639,0.525,0.69,-0.528,0.579,0.663,-0.748,-0.784,-0.211,-0.803,-0.236,-0.815,-0.446,-0.159,-0.579,-0.052,0.28,-0.199,-0.702,0.351,-0.401,-0.656,-0.689,0.545,-0.217,-0.772,-0.746,-0.795,-0.81,-0.782,-0.228,0.308,0.586,-0.71,-0.403,0.767,-0.394,-0.248,-0.111,0.535,-0.09,-0.695,-0.269,-0.559,-0.822,-0.742,0.328,-0.413,-0.573,-0.123,0.379,-0.765,0.872,-0.581,-0.353,-0.575,0.522,-0.699,-0.745,-0.696,0.32,0.146,-0.503,-0.376,-0.743,0.228,0.31,0.334,-0.302,0.194,-0.563,0.708,0.683,-0.397,0.649,-0.844,-0.233,0.69,-0.846,-0.28,-0.545,-0.386,0.211,0.138,0.412,0.022,-0.686,0.348,0.42,-0.696,-0.643,-0.681,-0.691,-0.688,-0.417,-0.361,-0.112,-0.693,-0.327,0.212,-0.748,-0.208,0.158,-0.579,0.145,0.577,-0.604,-0.396,0.394,-0.641,-0.706,-0.551,-0.829,0.6,-0.775,0.265,0.807,-0.127,-0.152,-0.642,0.355,-0.212,-0.691,-0.564,-0.007,-0.292,0.598,-0.847,0.212,-0.654,0.862,-0.469,0.438,0.807,-0.362,0.368,-0.468,0.555,-0.187,-0.795,-0.738,0.844,-0.183,0.273,0.215,-0.559,-0.786,0.735,-0.489,-0.718,0.198,-0.531,-0.706,0.825,0.375,-0.814,0.373,-0.347,0.66,-0.771,0.681,-0.222,-0.663,-0.213,-0.717,0.428,-0.593,0.324,0.252,-0.579,0.888
AGNCN,-0.448,-0.483,0.0,-0.383,-0.63,0.276,0.357,0.393,0.362,-0.461,-0.481,0.481,-0.626,0.621,0.31,0.341,0.678,0.102,0.327,0.018,0.688,-0.688,0.366,0.317,-0.669,0.404,-0.073,-0.412,-0.14,0.785,-0.588,-0.454,0.366,-0.35,-0.528,0.565,0.72,0.04,0.526,-0.178,0.558,-0.027,-0.002,0.354,0.054,-0.616,-0.204,0.378,-0.362,0.1,0.538,0.603,-0.389,-0.17,0.414,0.44,0.425,0.622,0.419,-0.165,-0.356,-0.727,0.561,0.057,-0.535,0.085,-0.066,-0.166,-0.42,-0.367,0.479,-0.024,0.272,0.643,0.386,-0.446,0.513,0.187,-0.241,-0.376,0.545,-0.651,0.616,0.228,0.24,-0.454,0.391,0.589,0.433,-0.287,-0.164,0.147,0.252,0.33,-0.668,-0.307,0.001,0.354,-0.555,0.223,-0.652,-0.477,0.264,-0.469,0.626,0.008,-0.556,0.493,-0.051,0.341,0.058,-0.521,-0.285,-0.476,-0.479,0.413,-0.605,-0.245,0.448,0.464,0.241,0.27,0.584,0.125,0.075,0.053,0.423,0.182,-0.295,0.415,0.49,-0.251,0.242,0.069,-0.686,0.264,0.169,-0.48,0.561,0.333,0.472,0.555,-0.349,0.592,-0.368,-0.618,0.022,-0.213,0.306,-0.3,-0.164,0.49,0.377,-0.247,-0.006,-0.62,0.529,-0.158,0.452,-0.566,0.142,-0.404,-0.394,0.091,-0.73,0.216,-0.535,-0.067,0.336,0.565,-0.478,-0.04,-0.442,-0.119,0.345,0.521,-0.613,0.159,0.502,-0.382,0.2,0.664,-0.499,-0.185,0.523,-0.115,0.437,-0.689,0.605,-0.667,0.226,0.445,0.007,0.399,-0.606,0.331,-0.051,-0.418,0.409,-0.601
AKAM,0.635,0.276,-0.383,0.0,0.487,0.243,0.122,-0.11,-0.11,0.459,0.278,-0.001,0.589,-0.399,-0.025,0.089,-0.486,-0.034,0.123,0.199,-0.321,0.643,-0.081,0.053,0.593,-0.465,0.346,0.531,-0.165,-0.348,0.624,0.136,0.09,0.32,0.513,-0.137,-0.323,0.014,-0.197,0.356,-0.171,0.332,0.444,0.141,0.343,0.458,0.43,0.04,0.352,0.258,-0.305,0.059,0.535,0.206,-0.019,-0.01,0.046,-0.181,-0.029,0.407,0.43,0.606,-0.141,0.391,0.182,0.204,0.372,0.404,0.378,0.303,-0.017,0.351,0.211,-0.311,0.084,0.465,-0.259,0.291,0.484,0.456,-0.089,0.413,-0.213,0.116,0.203,0.267,0.074,-0.149,0.122,0.222,0.304,0.21,0.217,0.114,0.554,0.51,0.334,-0.273,0.447,0.011,0.504,0.482,0.247,0.266,-0.248,0.085,0.36,-0.103,0.256,-0.123,0.351,0.636,0.451,0.598,0.459,0.011,0.692,0.304,0.004,-0.051,-0.149,0.15,-0.268,0.177,0.188,0.3,-0.209,0.109,0.298,-0.008,-0.133,0.598,0.218,-0.038,0.437,0.153,0.389,0.44,-0.077,0.082,0.068,-0.081,0.12,-0.235,0.458,0.381,-0.173,0.375,-0.135,0.371,0.447,-0.03,0.061,0.473,0.253,0.378,-0.32,0.153,-0.034,0.225,0.337,0.566,0.024,0.357,0.546,0.198,0.602,0.033,0.062,-0.229,0.483,0.435,0.555,0.104,0.212,-0.252,0.489,0.302,0.015,0.674,0.169,-0.401,0.344,0.242,-0.028,-0.322,-0.061,0.553,-0.124,0.451,0.273,-0.142,0.327,-0.015,0.621,-0.047,-0.014,0.458,-0.001,0.399
AKRO,0.435,0.648,-0.63,0.487,0.0,-0.209,-0.26,-0.195,-0.619,0.466,0.58,-0.397,0.792,-0.767,-0.346,-0.563,-0.726,-0.494,-0.053,0.466,-0.703,0.783,-0.392,-0.365,0.865,-0.59,0.212,0.509,0.279,-0.768,0.653,0.383,-0.154,0.243,0.585,-0.472,-0.676,-0.425,-0.72,0.325,-0.601,0.038,0.128,-0.136,0.261,0.781,0.337,-0.354,0.655,0.153,-0.417,-0.533,0.46,0.203,-0.452,-0.421,-0.413,-0.643,-0.332,0.27,0.395,0.792,-0.485,0.163,0.59,0.086,0.317,0.35,0.724,0.076,-0.516,0.138,-0.154,-0.801,-0.253,0.222,-0.487,-0.166,0.137,0.465,-0.452,0.749,-0.383,-0.223,-0.03,0.301,-0.275,-0.562,-0.279,0.076,0.027,-0.046,0.177,-0.309,0.554,0.389,0.464,-0.092,0.379,-0.115,0.844,0.636,0.103,0.38,-0.719,0.09,0.884,-0.5,0.258,-0.339,-0.029,0.457,0.264,0.78,0.458,-0.287,0.762,0.204,-0.373,-0.333,-0.595,-0.172,-0.376,0.168,0.229,0.357,-0.515,0.11,-0.025,-0.38,-0.425,0.619,-0.061,0.046,0.743,-0.162,-0.045,0.733,-0.229,-0.187,-0.21,-0.48,0.687,-0.607,0.513,0.736,-0.298,0.13,-0.373,0.11,0.393,-0.357,-0.48,0.539,0.113,0.432,-0.655,0.098,-0.414,0.756,-0.077,0.859,0.365,0.029,0.688,0.079,0.857,-0.448,-0.338,-0.533,0.696,0.057,0.692,-0.16,-0.264,-0.489,0.768,-0.073,-0.333,0.732,-0.128,-0.517,0.729,0.143,-0.457,-0.155,-0.12,0.805,-0.464,0.508,0.164,-0.221,0.161,-0.367,0.516,-0.119,0.128,0.53,-0.26,0.66
ALRM,0.489,-0.629,0.276,0.243,-0.209,0.0,0.898,0.139,0.666,0.198,-0.649,0.881,0.146,0.534,0.739,0.751,0.244,-0.035,0.867,0.465,0.535,-0.081,0.787,0.822,0.012,0.011,0.771,0.52,-0.498,0.418,0.057,-0.532,0.878,-0.33,-0.248,0.791,0.613,0.147,0.694,0.654,0.801,0.856,0.671,0.852,0.511,0.2,0.68,0.946,0.136,0.825,0.58,0.753,-0.101,0.654,0.841,0.778,0.892,0.797,0.889,0.672,0.269,-0.068,0.778,0.863,-0.601,0.802,0.744,0.724,-0.127,0.221,0.672,0.643,0.904,0.626,0.897,-0.095,0.468,0.849,0.374,-0.03,0.796,-0.554,0.537,0.568,0.931,-0.457,0.945,0.763,0.952,-0.32,0.036,0.896,0.714,0.964,0.302,-0.088,0.06,0.307,0.195,0.858,-0.207,-0.17,0.785,-0.49,0.698,0.506,-0.215,0.852,0.732,0.679,0.864,0.365,0.423,0.243,0.486,0.893,0.266,-0.248,0.918,0.868,0.498,0.869,0.677,0.835,0.8,0.584,0.675,0.588,-0.081,0.866,0.088,0.516,0.888,0.085,-0.182,0.855,0.851,0.074,0.746,0.794,0.672,0.871,-0.374,0.719,0.092,-0.511,0.213,0.451,0.609,-0.129,0.762,0.779,0.689,0.598,0.616,-0.361,0.634,0.046,0.815,-0.579,0.876,0.198,-0.78,0.813,0.109,0.737,-0.115,0.017,0.882,0.755,-0.304,0.636,0.406,-0.252,0.86,0.754,-0.181,0.9,0.888,0.436,0.93,0.429,-0.567,-0.242,0.902,-0.716,0.565,-0.175,0.856,-0.424,0.678,0.773,0.793,0.801,0.095,0.77,-0.166,0.137,0.855,-0.634
AMAT,0.387,-0.562,0.357,0.122,-0.26,0.898,0.0,0.126,0.565,0.061,-0.657,0.781,0.055,0.572,0.792,0.662,0.302,-0.023,0.833,0.473,0.485,-0.138,0.797,0.723,-0.025,0.18,0.707,0.485,-0.342,0.49,0.08,-0.407,0.925,-0.376,-0.187,0.823,0.652,0.093,0.676,0.626,0.789,0.796,0.589,0.832,0.641,0.101,0.609,0.911,0.247,0.791,0.564,0.74,-0.07,0.7,0.822,0.597,0.75,0.783,0.808,0.593,0.269,-0.106,0.753,0.748,-0.465,0.738,0.729,0.716,-0.127,0.058,0.577,0.455,0.861,0.647,0.794,-0.109,0.614,0.829,0.333,-0.17,0.743,-0.551,0.607,0.562,0.861,-0.553,0.871,0.77,0.936,-0.442,-0.023,0.872,0.663,0.902,0.172,0.049,0.017,0.416,0.08,0.866,-0.255,-0.051,0.762,-0.478,0.673,0.656,-0.144,0.754,0.617,0.833,0.827,0.3,0.561,0.24,0.433,0.857,0.183,-0.261,0.863,0.915,0.296,0.828,0.714,0.8,0.765,0.623,0.718,0.573,-0.128,0.828,0.188,0.458,0.794,0.22,-0.225,0.814,0.743,0.016,0.807,0.726,0.768,0.839,-0.288,0.769,0.034,-0.45,0.422,0.46,0.663,-0.229,0.648,0.771,0.595,0.539,0.666,-0.335,0.629,0.239,0.903,-0.559,0.754,0.15,-0.761,0.841,0.021,0.727,-0.147,-0.145,0.74,0.742,-0.289,0.426,0.352,-0.26,0.857,0.732,-0.188,0.867,0.87,0.35,0.848,0.484,-0.513,-0.231,0.843,-0.557,0.772,-0.208,0.825,-0.416,0.677,0.799,0.822,0.789,0.012,0.809,0.118,0.166,0.859,-0.594
AMED,-0.347,-0.021,0.393,-0.11,-0.195,0.139,0.126,0.0,0.042,0.102,-0.186,0.207,-0.335,0.271,0.046,0.074,0.548,-0.253,0.063,0.128,0.45,-0.351,0.195,-0.087,-0.209,0.007,-0.054,-0.213,-0.185,0.468,-0.232,-0.222,0.288,-0.03,-0.165,0.115,0.368,-0.027,0.271,-0.169,0.214,-0.203,0.27,0.301,0.074,-0.383,-0.349,0.202,-0.427,0.057,0.3,0.358,0.155,-0.153,-0.034,0.304,0.221,0.316,0.181,-0.282,-0.041,-0.306,0.408,0.184,-0.38,0.069,-0.065,0.006,-0.376,-0.415,0.08,-0.066,0.151,0.205,0.181,-0.288,0.237,-0.067,-0.289,0.024,0.34,-0.134,0.291,0.126,0.135,-0.102,0.172,0.143,0.177,-0.096,0.054,0.025,0.26,0.096,-0.355,-0.249,0.234,0.107,-0.282,0.065,-0.08,-0.081,0.058,-0.298,0.124,-0.106,-0.155,0.181,0.058,0.044,0.058,-0.196,-0.063,-0.129,-0.345,0.257,-0.244,-0.055,0.34,0.279,0.023,0.028,0.182,0.09,0.081,0.018,0.13,-0.058,-0.122,0.118,0.326,0.03,0.229,0.121,-0.48,-0.061,0.236,-0.299,0.189,-0.124,0.177,0.189,-0.133,0.132,-0.243,-0.238,-0.3,-0.549,-0.219,0.047,0.017,0.131,0.278,-0.048,-0.251,-0.311,-0.021,-0.323,0.158,-0.123,0.244,-0.029,0.071,0.095,-0.413,0.045,-0.149,-0.117,0.071,0.322,0.09,0.347,-0.0,0.028,0.131,0.212,0.045,0.084,0.27,-0.054,0.207,0.026,-0.169,0.088,0.208,-0.367,0.209,-0.286,0.344,-0.375,0.211,0.163,0.149,0.091,-0.389,0.09,-0.196,-0.265,0.19,-0.161
AMRN,0.044,-0.71,0.362,-0.11,-0.619,0.666,0.565,0.042,0.0,-0.073,-0.539,0.722,-0.254,0.79,0.688,0.797,0.375,0.385,0.482,-0.132,0.66,-0.453,0.771,0.635,-0.494,0.295,0.288,0.019,-0.495,0.472,-0.25,-0.497,0.462,-0.293,-0.536,0.684,0.657,0.322,0.789,0.324,0.793,0.527,0.16,0.533,-0.051,-0.283,0.316,0.741,-0.295,0.423,0.611,0.586,-0.444,0.341,0.707,0.681,0.763,0.796,0.687,0.334,0.052,-0.401,0.67,0.332,-0.66,0.452,0.163,0.204,-0.383,0.191,0.612,0.372,0.613,0.764,0.66,-0.204,0.527,0.514,0.126,-0.268,0.697,-0.759,0.4,0.424,0.523,-0.421,0.685,0.733,0.653,-0.156,-0.147,0.563,0.156,0.709,0.05,-0.278,-0.263,0.208,-0.006,0.544,-0.492,-0.543,0.359,-0.481,0.797,0.249,-0.622,0.795,0.377,0.524,0.578,-0.028,0.034,-0.335,0.17,0.676,-0.25,-0.278,0.691,0.599,0.8,0.537,0.537,0.359,0.307,0.126,0.77,0.345,-0.059,0.746,0.026,-0.11,0.53,0.155,-0.341,0.622,0.498,-0.285,0.488,0.57,0.404,0.733,-0.608,0.76,-0.289,-0.724,0.352,0.22,0.654,-0.15,0.229,0.62,0.667,0.056,0.285,-0.438,0.769,-0.091,0.649,-0.625,0.485,-0.368,-0.544,0.412,-0.148,0.318,-0.689,0.355,0.73,0.765,-0.581,0.359,-0.171,-0.15,0.533,0.728,-0.476,0.528,0.655,-0.144,0.589,0.556,-0.695,-0.236,0.759,-0.195,0.266,-0.497,0.668,-0.491,0.236,0.534,0.327,0.713,-0.123,0.463,-0.304,-0.311,0.575,-0.724
ANGI,0.591,0.329,-0.461,0.459,0.466,0.198,0.061,0.102,-0.073,0.0,0.286,-0.033,0.599,-0.284,0.096,0.019,-0.397,-0.056,0.035,0.153,-0.322,0.588,-0.003,0.044,0.605,-0.363,0.406,0.587,-0.084,-0.449,0.611,0.262,0.07,0.233,0.387,-0.136,-0.349,0.112,-0.171,0.402,-0.143,0.33,0.417,0.105,0.183,0.566,0.363,0.07,0.318,0.249,-0.198,-0.124,0.442,0.331,-0.078,0.013,0.016,-0.165,-0.022,0.348,0.572,0.721,-0.133,0.318,0.174,0.283,0.309,0.452,0.347,0.306,-0.187,0.268,0.177,-0.315,0.033,0.354,-0.239,0.193,0.396,0.36,-0.058,0.378,-0.318,0.126,0.147,0.228,0.077,-0.132,0.044,0.121,0.183,0.259,0.054,0.069,0.64,0.322,0.113,-0.216,0.75,0.103,0.603,0.484,0.084,0.228,-0.237,0.148,0.468,-0.119,0.419,-0.046,0.403,0.611,0.51,0.549,0.56,0.034,0.668,0.095,0.039,-0.001,-0.008,0.147,-0.279,0.226,0.258,0.239,-0.102,0.022,0.254,0.008,-0.231,0.474,0.198,0.124,0.398,0.105,0.328,0.319,-0.186,-0.058,-0.105,-0.119,0.118,-0.207,0.372,0.284,-0.11,0.248,-0.159,0.336,0.519,-0.066,-0.009,0.489,0.227,0.374,-0.299,0.219,-0.016,0.375,0.255,0.503,0.109,0.344,0.711,0.106,0.415,0.073,0.012,-0.164,0.508,0.424,0.615,0.037,0.077,-0.164,0.58,0.278,-0.048,0.551,0.212,-0.483,0.244,0.167,-0.078,-0.3,-0.069,0.556,-0.164,0.442,0.141,-0.136,0.414,-0.001,0.543,-0.04,-0.042,0.287,0.046,0.329
APA,0.05,0.832,-0.481,0.278,0.58,-0.649,-0.657,-0.186,-0.539,0.286,0.0,-0.789,0.427,-0.702,-0.521,-0.613,-0.599,-0.027,-0.577,-0.186,-0.755,0.558,-0.631,-0.682,0.467,-0.215,-0.284,0.056,0.548,-0.663,0.519,0.574,-0.68,0.5,0.525,-0.739,-0.776,-0.238,-0.811,-0.273,-0.778,-0.438,-0.346,-0.623,-0.259,0.262,-0.191,-0.739,0.341,-0.424,-0.656,-0.708,0.343,-0.287,-0.728,-0.713,-0.729,-0.783,-0.774,-0.203,0.236,0.519,-0.802,-0.53,0.733,-0.42,-0.34,-0.209,0.515,0.011,-0.664,-0.124,-0.54,-0.81,-0.714,0.326,-0.428,-0.551,-0.062,0.389,-0.741,0.751,-0.686,-0.402,-0.617,0.484,-0.696,-0.748,-0.725,0.416,0.047,-0.518,-0.499,-0.741,0.183,0.27,0.301,-0.423,0.214,-0.591,0.664,0.538,-0.445,0.678,-0.715,-0.306,0.598,-0.801,-0.314,-0.617,-0.397,0.111,-0.016,0.29,-0.045,-0.714,0.268,0.466,-0.73,-0.722,-0.528,-0.656,-0.647,-0.476,-0.428,-0.139,-0.696,-0.266,0.242,-0.704,-0.205,0.062,-0.614,0.039,0.582,-0.55,-0.436,0.432,-0.628,-0.627,-0.552,-0.818,0.489,-0.734,0.27,0.689,-0.21,-0.15,-0.606,0.377,-0.255,-0.626,-0.515,-0.103,-0.264,0.533,-0.743,0.171,-0.674,0.764,-0.561,0.297,0.693,-0.407,0.371,-0.503,0.423,-0.047,-0.722,-0.71,0.705,-0.3,0.128,0.188,-0.601,-0.748,0.569,-0.561,-0.751,0.127,-0.594,-0.574,0.728,0.421,-0.788,0.434,-0.442,0.612,-0.826,0.661,-0.252,-0.669,-0.299,-0.642,0.391,-0.653,0.199,0.049,-0.584,0.818
APOG,0.16,-0.772,0.481,-0.001,-0.397,0.881,0.781,0.207,0.722,-0.033,-0.789,0.0,-0.166,0.726,0.733,0.689,0.408,-0.048,0.835,0.348,0.764,-0.406,0.806,0.804,-0.32,0.119,0.54,0.153,-0.539,0.568,-0.326,-0.609,0.799,-0.526,-0.568,0.883,0.789,0.073,0.802,0.53,0.891,0.672,0.434,0.845,0.339,-0.081,0.468,0.918,-0.166,0.727,0.791,0.795,-0.376,0.452,0.862,0.894,0.953,0.895,0.949,0.491,0.027,-0.357,0.888,0.75,-0.805,0.753,0.516,0.454,-0.239,0.014,0.734,0.43,0.818,0.803,0.941,-0.396,0.485,0.725,0.149,-0.309,0.906,-0.777,0.754,0.433,0.857,-0.619,0.935,0.88,0.913,-0.437,-0.16,0.784,0.682,0.916,0.005,-0.22,-0.031,0.507,-0.067,0.76,-0.444,-0.505,0.7,-0.722,0.821,0.428,-0.443,0.958,0.635,0.665,0.682,0.025,0.091,-0.052,0.237,0.927,-0.062,-0.471,0.895,0.855,0.58,0.826,0.792,0.725,0.683,0.473,0.779,0.593,-0.302,0.912,0.137,0.232,0.88,0.182,-0.384,0.804,0.694,-0.196,0.783,0.858,0.692,0.955,-0.413,0.839,-0.132,-0.758,0.116,0.275,0.685,-0.366,0.563,0.847,0.65,0.408,0.445,-0.624,0.812,-0.2,0.806,-0.625,0.712,-0.038,-0.772,0.654,-0.167,0.719,-0.362,0.007,0.931,0.839,-0.586,0.533,0.105,-0.378,0.723,0.883,-0.437,0.801,0.931,0.184,0.79,0.661,-0.686,-0.369,0.963,-0.615,0.56,-0.485,0.937,-0.709,0.585,0.839,0.526,0.867,-0.184,0.815,-0.33,-0.111,0.786,-0.843
APPS,0.741,0.419,-0.626,0.589,0.792,0.146,0.055,-0.335,-0.254,0.599,0.427,-0.166,0.0,-0.601,-0.072,-0.121,-0.784,-0.243,0.159,0.419,-0.65,0.827,-0.1,-0.005,0.906,-0.591,0.506,0.803,0.029,-0.711,0.811,0.274,0.073,0.235,0.635,-0.229,-0.586,-0.231,-0.488,0.501,-0.368,0.456,0.384,0.017,0.317,0.9,0.635,-0.032,0.759,0.349,-0.376,-0.345,0.505,0.485,-0.121,-0.272,-0.154,-0.394,-0.11,0.678,0.46,0.829,-0.323,0.385,0.446,0.28,0.593,0.648,0.683,0.437,-0.227,0.39,0.111,-0.586,-0.034,0.443,-0.251,0.208,0.399,0.527,-0.304,0.6,-0.392,0.086,0.223,0.291,0.004,-0.335,0.011,0.142,0.212,0.238,0.186,0.024,0.827,0.352,0.253,-0.222,0.624,0.227,0.775,0.674,0.304,0.409,-0.424,0.197,0.739,-0.258,0.468,-0.116,0.332,0.756,0.495,0.871,0.702,-0.079,0.918,0.311,-0.11,-0.078,-0.313,0.062,-0.288,0.366,0.402,0.422,-0.329,0.212,0.215,-0.105,-0.393,0.706,0.15,-0.016,0.807,0.113,0.277,0.832,-0.106,0.028,-0.051,-0.249,0.335,-0.406,0.594,0.614,-0.079,0.498,-0.158,0.276,0.588,-0.188,-0.135,0.663,0.399,0.513,-0.432,0.208,-0.168,0.498,0.283,0.789,0.077,0.309,0.84,0.154,0.711,-0.254,-0.08,-0.329,0.61,0.258,0.86,-0.038,0.104,-0.322,0.705,0.268,-0.139,0.799,0.231,-0.459,0.483,0.185,-0.194,-0.286,-0.067,0.866,-0.261,0.556,0.262,-0.062,0.464,-0.139,0.769,0.025,0.116,0.658,0.046,0.468
ARCB,-0.294,-0.742,0.621,-0.399,-0.767,0.534,0.572,0.271,0.79,-0.284,-0.702,0.726,-0.601,0.0,0.76,0.59,0.636,0.195,0.492,-0.068,0.853,-0.77,0.77,0.509,-0.749,0.608,0.143,-0.261,-0.308,0.744,-0.556,-0.435,0.537,-0.554,-0.751,0.811,0.884,0.163,0.878,0.185,0.885,0.322,-0.012,0.628,-0.006,-0.565,0.035,0.723,-0.428,0.359,0.806,0.671,-0.603,0.232,0.681,0.68,0.734,0.897,0.731,0.072,-0.09,-0.667,0.804,0.23,-0.769,0.459,0.03,0.048,-0.511,-0.236,0.551,0.018,0.587,0.915,0.644,-0.533,0.686,0.406,-0.14,-0.652,0.802,-0.921,0.687,0.284,0.459,-0.703,0.67,0.846,0.644,-0.477,-0.352,0.492,0.249,0.633,-0.369,-0.263,-0.277,0.514,-0.314,0.506,-0.668,-0.644,0.282,-0.734,0.857,0.37,-0.659,0.812,0.215,0.705,0.429,-0.376,-0.091,-0.5,-0.119,0.723,-0.567,-0.536,0.712,0.689,0.621,0.534,0.726,0.32,0.275,0.145,0.878,0.383,-0.321,0.782,0.227,-0.281,0.527,0.345,-0.624,0.541,0.286,-0.6,0.574,0.522,0.551,0.805,-0.496,0.892,-0.557,-0.878,0.404,-0.006,0.675,-0.463,0.067,0.722,0.515,-0.04,0.182,-0.708,0.885,-0.122,0.769,-0.652,0.296,-0.525,-0.528,0.387,-0.479,0.386,-0.801,0.159,0.678,0.878,-0.724,0.208,-0.383,-0.278,0.446,0.863,-0.574,0.408,0.738,-0.349,0.457,0.765,-0.801,-0.36,0.784,-0.142,0.517,-0.814,0.75,-0.782,0.284,0.665,0.234,0.774,-0.472,0.597,-0.184,-0.532,0.595,-0.854
ARCC,0.218,-0.558,0.31,-0.025,-0.346,0.739,0.792,0.046,0.688,0.096,-0.521,0.733,-0.072,0.76,0.0,0.497,0.172,0.001,0.742,0.213,0.519,-0.273,0.818,0.57,-0.237,0.479,0.61,0.288,-0.15,0.385,-0.055,-0.297,0.725,-0.56,-0.498,0.845,0.712,0.07,0.688,0.652,0.849,0.68,0.189,0.801,0.314,-0.04,0.521,0.838,0.126,0.735,0.724,0.572,-0.42,0.666,0.74,0.626,0.755,0.803,0.798,0.459,0.403,-0.128,0.726,0.511,-0.531,0.811,0.435,0.516,-0.042,-0.142,0.375,0.286,0.853,0.659,0.752,-0.384,0.608,0.666,0.111,-0.516,0.79,-0.702,0.567,0.236,0.7,-0.783,0.834,0.832,0.797,-0.629,-0.404,0.83,0.442,0.771,0.09,0.118,-0.112,0.553,0.136,0.719,-0.207,-0.252,0.504,-0.614,0.705,0.765,-0.16,0.762,0.542,0.883,0.819,0.048,0.361,0.057,0.418,0.848,-0.03,-0.561,0.765,0.763,0.447,0.767,0.747,0.666,0.654,0.607,0.884,0.693,-0.308,0.899,-0.023,0.198,0.756,0.544,-0.201,0.818,0.491,-0.24,0.657,0.678,0.676,0.82,-0.22,0.83,-0.158,-0.64,0.484,0.323,0.729,-0.454,0.552,0.831,0.424,0.504,0.568,-0.498,0.766,0.243,0.912,-0.414,0.449,-0.026,-0.615,0.792,0.077,0.696,-0.384,-0.022,0.734,0.765,-0.468,0.343,0.099,-0.477,0.55,0.844,-0.201,0.672,0.819,0.196,0.636,0.644,-0.581,-0.359,0.809,-0.338,0.712,-0.423,0.683,-0.524,0.613,0.77,0.635,0.904,-0.062,0.774,-0.049,-0.236,0.709,-0.668
ARVN,0.297,-0.644,0.341,0.089,-0.563,0.751,0.662,0.074,0.797,0.019,-0.613,0.689,-0.121,0.59,0.497,0.0,0.436,0.473,0.44,-0.023,0.558,-0.26,0.678,0.765,-0.282,0.07,0.369,0.237,-0.691,0.518,-0.046,-0.503,0.558,-0.048,-0.161,0.608,0.506,0.456,0.802,0.242,0.674,0.632,0.552,0.464,0.205,-0.149,0.337,0.732,-0.189,0.364,0.324,0.738,-0.034,0.336,0.767,0.592,0.718,0.733,0.612,0.463,-0.053,-0.306,0.633,0.477,-0.589,0.346,0.382,0.367,-0.474,0.482,0.787,0.465,0.59,0.716,0.625,0.201,0.488,0.657,0.426,0.024,0.557,-0.571,0.301,0.732,0.56,-0.114,0.633,0.651,0.696,0.086,0.33,0.564,0.243,0.765,0.179,-0.217,-0.226,-0.078,0.092,0.619,-0.502,-0.27,0.503,-0.22,0.765,0.146,-0.621,0.708,0.373,0.443,0.553,0.315,0.274,-0.176,0.197,0.569,-0.025,0.041,0.698,0.639,0.648,0.55,0.371,0.358,0.292,0.025,0.573,0.127,0.261,0.639,0.26,0.046,0.5,-0.17,-0.308,0.541,0.723,-0.128,0.43,0.517,0.382,0.671,-0.781,0.657,-0.062,-0.532,0.373,0.439,0.507,0.177,0.271,0.473,0.817,0.066,0.412,-0.188,0.605,-0.013,0.587,-0.74,0.717,-0.271,-0.632,0.443,-0.126,0.261,-0.462,0.399,0.687,0.644,-0.382,0.495,0.039,0.2,0.792,0.531,-0.439,0.664,0.599,-0.063,0.713,0.308,-0.649,-0.023,0.722,-0.305,0.224,-0.249,0.691,-0.252,0.203,0.399,0.457,0.578,0.094,0.371,-0.063,0.019,0.633,-0.575
ATEC,-0.47,-0.487,0.678,-0.486,-0.726,0.244,0.302,0.548,0.375,-0.397,-0.599,0.408,-0.784,0.636,0.172,0.436,0.0,0.168,0.116,-0.078,0.745,-0.725,0.347,0.306,-0.687,0.385,-0.15,-0.423,-0.271,0.852,-0.597,-0.428,0.322,-0.136,-0.455,0.398,0.682,0.284,0.648,-0.334,0.524,-0.099,0.131,0.251,0.032,-0.694,-0.371,0.37,-0.587,-0.059,0.419,0.614,-0.259,-0.194,0.383,0.446,0.389,0.602,0.354,-0.378,-0.383,-0.783,0.536,0.019,-0.56,-0.03,-0.159,-0.221,-0.774,-0.219,0.522,-0.082,0.171,0.702,0.292,-0.28,0.454,0.113,-0.162,-0.235,0.478,-0.6,0.482,0.363,0.148,-0.242,0.279,0.47,0.322,-0.079,0.078,0.083,0.129,0.311,-0.592,-0.515,-0.09,0.168,-0.533,0.182,-0.738,-0.477,0.09,-0.405,0.573,-0.102,-0.691,0.47,-0.106,0.265,-0.025,-0.423,-0.166,-0.611,-0.516,0.336,-0.648,-0.126,0.463,0.431,0.352,0.174,0.429,-0.004,-0.057,-0.243,0.408,-0.132,-0.055,0.293,0.53,-0.335,0.145,-0.095,-0.838,0.084,0.172,-0.572,0.368,0.143,0.258,0.454,-0.486,0.553,-0.452,-0.597,0.124,-0.327,0.19,-0.08,-0.26,0.342,0.493,-0.402,-0.12,-0.472,0.479,-0.195,0.388,-0.652,0.195,-0.557,-0.319,-0.015,-0.776,0.031,-0.605,0.175,0.296,0.567,-0.442,0.085,-0.46,0.145,0.333,0.467,-0.605,0.113,0.393,-0.539,0.248,0.406,-0.61,-0.072,0.44,-0.078,0.265,-0.684,0.574,-0.587,-0.005,0.302,-0.018,0.274,-0.652,0.207,-0.039,-0.39,0.357,-0.552
ATXS,0.006,-0.196,0.102,-0.034,-0.494,-0.035,-0.023,-0.253,0.385,-0.056,-0.027,-0.048,-0.243,0.195,0.001,0.473,0.168,0.0,-0.343,-0.618,0.044,-0.161,0.001,0.21,-0.327,0.169,-0.284,-0.141,-0.299,0.175,-0.003,0.068,-0.237,0.2,0.092,0.044,0.004,0.51,0.289,-0.224,0.068,0.033,-0.028,-0.28,-0.284,-0.289,-0.223,-0.045,-0.302,-0.393,-0.289,0.134,0.053,-0.194,0.216,-0.073,0.004,0.106,-0.149,-0.055,-0.268,-0.134,-0.1,-0.335,-0.031,-0.359,-0.271,-0.287,-0.403,0.489,0.333,0.012,-0.154,0.287,-0.117,0.505,0.049,0.194,0.444,0.037,-0.117,-0.196,-0.229,0.329,-0.29,0.283,-0.152,0.123,-0.064,0.415,0.442,-0.104,-0.524,0.035,-0.001,0.04,-0.365,-0.443,0.183,-0.148,-0.404,-0.068,-0.176,0.273,0.297,-0.202,-0.512,-0.009,-0.295,-0.022,-0.011,0.107,0.087,-0.448,-0.159,-0.22,-0.23,0.32,-0.085,-0.14,0.31,-0.023,-0.288,-0.437,-0.491,-0.547,0.05,-0.455,0.598,-0.007,0.268,-0.432,-0.263,-0.249,-0.23,-0.121,0.041,-0.283,-0.198,-0.046,-0.18,-0.024,-0.653,0.202,-0.142,-0.184,0.273,0.27,0.178,0.42,-0.412,-0.152,0.331,-0.47,0.119,0.246,0.201,0.208,0.007,-0.342,-0.091,-0.586,-0.158,-0.096,-0.071,-0.376,-0.421,0.606,0.005,-0.016,-0.232,-0.055,-0.407,0.62,0.131,-0.118,-0.408,0.021,-0.162,-0.492,-0.12,-0.071,-0.23,0.253,-0.005,0.483,-0.261,-0.108,-0.102,0.247,-0.556,-0.338,-0.216,0.02,0.054,-0.322,0.121,-0.179,-0.063,-0.056
AVAV,0.328,-0.588,0.327,0.123,-0.053,0.867,0.833,0.063,0.482,0.035,-0.577,0.835,0.159,0.492,0.742,0.44,0.116,-0.343,0.0,0.669,0.485,-0.135,0.747,0.68,0.012,0.081,0.766,0.42,-0.234,0.367,-0.04,-0.49,0.86,-0.576,-0.379,0.812,0.632,-0.21,0.526,0.694,0.757,0.765,0.441,0.905,0.567,0.239,0.7,0.859,0.29,0.912,0.723,0.635,-0.305,0.658,0.755,0.697,0.81,0.724,0.901,0.658,0.233,-0.113,0.743,0.829,-0.54,0.881,0.751,0.698,0.084,-0.062,0.512,0.512,0.878,0.528,0.892,-0.402,0.486,0.721,0.142,-0.224,0.802,-0.565,0.702,0.339,0.956,-0.693,0.927,0.719,0.907,-0.567,-0.296,0.854,0.849,0.866,0.133,-0.021,0.162,0.588,-0.007,0.854,-0.139,-0.216,0.838,-0.628,0.625,0.625,-0.023,0.814,0.742,0.715,0.751,0.142,0.243,0.325,0.422,0.906,0.212,-0.434,0.838,0.869,0.283,0.853,0.844,0.929,0.911,0.806,0.661,0.82,-0.431,0.855,0.065,0.557,0.901,0.228,-0.097,0.88,0.669,0.156,0.871,0.861,0.803,0.858,-0.054,0.688,0.056,-0.479,0.148,0.367,0.643,-0.465,0.782,0.851,0.432,0.684,0.598,-0.564,0.638,-0.024,0.802,-0.425,0.705,0.311,-0.759,0.776,0.042,0.879,-0.035,-0.305,0.829,0.744,-0.345,0.421,0.398,-0.573,0.712,0.802,-0.16,0.797,0.908,0.515,0.816,0.643,-0.451,-0.389,0.858,-0.723,0.735,-0.225,0.825,-0.588,0.85,0.924,0.73,0.815,-0.017,0.913,-0.151,0.094,0.842,-0.644
AXON,0.325,-0.02,0.018,0.199,0.466,0.465,0.473,0.128,-0.132,0.153,-0.186,0.348,0.419,-0.068,0.213,-0.023,-0.078,-0.618,0.669,0.0,0.022,0.235,0.276,0.227,0.451,-0.249,0.584,0.501,-0.047,0.025,0.242,-0.133,0.622,-0.27,0.083,0.306,0.135,-0.407,0.002,0.509,0.187,0.461,0.482,0.564,0.667,0.523,0.512,0.406,0.53,0.688,0.285,0.25,0.12,0.54,0.269,0.207,0.29,0.185,0.438,0.494,0.2,0.188,0.319,0.687,-0.082,0.594,0.746,0.689,0.3,-0.094,0.184,0.3,0.469,-0.028,0.461,-0.189,0.199,0.361,0.088,0.104,0.308,0.013,0.386,0.183,0.656,-0.314,0.461,0.172,0.485,-0.338,-0.088,0.526,0.849,0.418,0.242,0.057,0.419,0.393,0.009,0.574,0.276,0.243,0.714,-0.287,0.051,0.454,0.458,0.272,0.597,0.348,0.403,0.286,0.311,0.642,0.392,0.461,0.459,-0.144,0.424,0.503,-0.271,0.47,0.437,0.757,0.772,0.713,0.138,0.563,-0.34,0.336,0.056,0.788,0.578,0.132,0.199,0.438,0.466,0.513,0.559,0.433,0.485,0.329,0.37,0.154,0.256,0.099,-0.053,0.22,0.144,-0.257,0.694,0.363,0.086,0.687,0.445,-0.195,0.063,-0.013,0.346,0.057,0.492,0.657,-0.333,0.517,0.185,0.668,0.496,-0.654,0.319,0.275,0.2,0.281,0.662,-0.406,0.405,0.292,0.271,0.494,0.491,0.685,0.529,0.187,0.07,-0.098,0.344,-0.635,0.56,0.237,0.408,-0.221,0.689,0.573,0.616,0.306,0.133,0.604,0.079,0.409,0.512,-0.103
BANF,-0.354,-0.716,0.688,-0.321,-0.703,0.535,0.485,0.45,0.66,-0.322,-0.755,0.764,-0.65,0.853,0.519,0.558,0.745,0.044,0.485,0.022,0.0,-0.743,0.638,0.489,-0.739,0.365,0.056,-0.378,-0.418,0.799,-0.695,-0.578,0.517,-0.428,-0.738,0.706,0.863,0.113,0.817,0.05,0.793,0.172,0.13,0.602,0.026,-0.585,-0.045,0.647,-0.589,0.29,0.791,0.741,-0.513,-0.011,0.602,0.785,0.744,0.844,0.718,-0.01,-0.226,-0.737,0.818,0.338,-0.841,0.367,-0.005,-0.06,-0.593,-0.285,0.617,0.077,0.498,0.868,0.672,-0.558,0.488,0.3,-0.237,-0.486,0.794,-0.83,0.732,0.292,0.49,-0.553,0.641,0.738,0.611,-0.384,-0.239,0.372,0.381,0.598,-0.48,-0.414,-0.119,0.472,-0.442,0.385,-0.727,-0.722,0.322,-0.737,0.774,0.101,-0.729,0.813,0.199,0.479,0.269,-0.415,-0.275,-0.524,-0.281,0.692,-0.563,-0.473,0.703,0.644,0.617,0.467,0.688,0.299,0.245,0.092,0.694,0.286,-0.374,0.657,0.306,-0.229,0.528,0.115,-0.697,0.448,0.341,-0.586,0.568,0.52,0.484,0.782,-0.465,0.753,-0.487,-0.847,0.102,-0.149,0.538,-0.427,0.061,0.635,0.502,-0.1,-0.039,-0.793,0.743,-0.382,0.595,-0.669,0.365,-0.42,-0.491,0.24,-0.62,0.372,-0.67,0.186,0.677,0.803,-0.661,0.297,-0.367,-0.245,0.425,0.775,-0.6,0.382,0.728,-0.305,0.434,0.669,-0.737,-0.447,0.757,-0.315,0.419,-0.822,0.811,-0.827,0.304,0.608,0.106,0.631,-0.536,0.528,-0.347,-0.445,0.527,-0.815
BATRK,0.707,0.62,-0.688,0.643,0.783,-0.081,-0.138,-0.351,-0.453,0.588,0.558,-0.406,0.827,-0.77,-0.273,-0.26,-0.725,-0.161,-0.135,0.235,-0.743,0.0,-0.394,-0.187,0.898,-0.526,0.286,0.672,0.173,-0.785,0.81,0.381,-0.163,0.491,0.734,-0.478,-0.727,0.018,-0.63,0.321,-0.555,0.146,0.303,-0.245,0.28,0.773,0.427,-0.293,0.684,0.087,-0.598,-0.435,0.596,0.235,-0.321,-0.407,-0.397,-0.602,-0.389,0.344,0.541,0.899,-0.519,0.12,0.688,-0.0,0.308,0.394,0.649,0.332,-0.36,0.264,-0.109,-0.724,-0.284,0.567,-0.465,-0.019,0.398,0.592,-0.507,0.774,-0.583,-0.062,-0.066,0.465,-0.261,-0.503,-0.248,0.28,0.28,0.027,-0.027,-0.225,0.722,0.452,0.252,-0.356,0.674,-0.127,0.77,0.733,0.02,0.595,-0.608,0.064,0.734,-0.508,0.174,-0.286,0.101,0.715,0.501,0.742,0.613,-0.337,0.841,0.338,-0.367,-0.344,-0.411,-0.142,-0.509,0.063,0.109,0.253,-0.497,-0.061,0.288,-0.368,-0.383,0.568,-0.144,-0.081,0.788,-0.088,0.131,0.668,-0.356,-0.213,-0.349,-0.476,0.44,-0.592,0.672,0.76,-0.085,0.403,-0.315,0.387,0.389,-0.393,-0.308,0.453,0.208,0.687,-0.617,0.387,-0.366,0.562,0.038,0.742,0.305,0.094,0.815,0.004,0.796,-0.117,-0.324,-0.599,0.725,0.078,0.658,0.086,-0.137,-0.573,0.716,0.001,-0.385,0.648,-0.077,-0.672,0.697,0.204,-0.442,-0.056,-0.202,0.868,-0.488,0.782,0.047,-0.391,0.225,-0.367,0.757,-0.258,0.223,0.645,-0.274,0.704
BIDU,0.101,-0.627,0.366,-0.081,-0.392,0.787,0.797,0.195,0.771,-0.003,-0.631,0.806,-0.1,0.77,0.818,0.678,0.347,0.001,0.747,0.276,0.638,-0.394,0.0,0.602,-0.309,0.222,0.483,0.225,-0.408,0.511,-0.129,-0.427,0.759,-0.446,-0.443,0.796,0.69,-0.044,0.756,0.513,0.821,0.667,0.321,0.807,0.314,-0.101,0.451,0.879,-0.049,0.702,0.732,0.652,-0.33,0.619,0.732,0.657,0.803,0.839,0.825,0.52,0.193,-0.318,0.798,0.62,-0.656,0.723,0.481,0.53,-0.229,0.008,0.534,0.386,0.777,0.725,0.791,-0.364,0.692,0.612,0.074,-0.312,0.831,-0.697,0.626,0.487,0.782,-0.599,0.834,0.771,0.83,-0.409,-0.216,0.755,0.504,0.832,0.099,-0.149,0.006,0.463,-0.111,0.8,-0.34,-0.371,0.646,-0.606,0.739,0.513,-0.331,0.852,0.663,0.713,0.693,0.09,0.234,-0.001,0.287,0.876,-0.085,-0.337,0.847,0.84,0.51,0.66,0.714,0.694,0.659,0.457,0.835,0.617,-0.253,0.848,0.087,0.17,0.766,0.351,-0.267,0.725,0.613,-0.077,0.714,0.642,0.674,0.831,-0.375,0.813,-0.252,-0.622,0.42,0.261,0.674,-0.342,0.499,0.734,0.61,0.39,0.453,-0.534,0.717,-0.1,0.811,-0.488,0.649,-0.041,-0.606,0.644,-0.114,0.545,-0.47,-0.049,0.769,0.887,-0.424,0.501,0.146,-0.35,0.691,0.829,-0.271,0.73,0.838,0.146,0.799,0.615,-0.654,-0.271,0.86,-0.455,0.606,-0.398,0.818,-0.607,0.571,0.801,0.635,0.823,-0.072,0.764,-0.153,-0.156,0.812,-0.685
BLNE,0.425,-0.748,0.317,0.053,-0.365,0.822,0.723,-0.087,0.635,0.044,-0.682,0.804,-0.005,0.509,0.57,0.765,0.306,0.21,0.68,0.227,0.489,-0.187,0.602,0.0,-0.144,0.073,0.615,0.356,-0.46,0.418,-0.087,-0.574,0.659,-0.336,-0.313,0.76,0.566,0.356,0.694,0.447,0.733,0.754,0.533,0.613,0.341,0.076,0.53,0.786,0.027,0.577,0.435,0.701,-0.233,0.451,0.892,0.704,0.799,0.726,0.765,0.569,-0.061,-0.205,0.606,0.613,-0.586,0.547,0.576,0.475,-0.265,0.381,0.772,0.539,0.712,0.684,0.789,0.031,0.36,0.83,0.515,-0.047,0.636,-0.633,0.416,0.541,0.721,-0.335,0.778,0.762,0.802,-0.16,0.144,0.717,0.475,0.87,0.158,-0.209,-0.253,0.129,0.177,0.729,-0.444,-0.288,0.616,-0.36,0.792,0.349,-0.419,0.78,0.514,0.558,0.617,0.262,0.26,0.001,0.325,0.68,0.115,-0.19,0.746,0.708,0.549,0.814,0.595,0.6,0.551,0.313,0.564,0.371,0.033,0.763,0.187,0.221,0.66,-0.163,-0.281,0.763,0.695,-0.06,0.632,0.802,0.522,0.788,-0.567,0.711,0.095,-0.585,0.185,0.519,0.559,-0.048,0.493,0.691,0.694,0.301,0.61,-0.288,0.712,0.092,0.701,-0.705,0.706,-0.087,-0.866,0.576,0.007,0.578,-0.263,0.148,0.831,0.626,-0.468,0.365,0.145,-0.079,0.805,0.666,-0.478,0.74,0.709,0.139,0.727,0.467,-0.663,-0.199,0.808,-0.48,0.382,-0.235,0.749,-0.376,0.389,0.614,0.492,0.704,-0.017,0.601,-0.13,0.094,0.706,-0.701
BLNK,0.718,0.574,-0.669,0.593,0.865,0.012,-0.025,-0.209,-0.494,0.605,0.467,-0.32,0.906,-0.749,-0.237,-0.282,-0.687,-0.327,0.012,0.451,-0.739,0.898,-0.309,-0.144,0.0,-0.592,0.44,0.772,0.127,-0.719,0.844,0.344,0.017,0.337,0.747,-0.387,-0.65,-0.143,-0.586,0.391,-0.494,0.278,0.416,-0.093,0.396,0.876,0.485,-0.172,0.75,0.233,-0.513,-0.38,0.644,0.387,-0.267,-0.372,-0.317,-0.532,-0.263,0.435,0.503,0.887,-0.415,0.293,0.59,0.14,0.521,0.573,0.653,0.335,-0.354,0.293,-0.007,-0.708,-0.18,0.506,-0.373,0.087,0.407,0.607,-0.432,0.746,-0.463,-0.014,0.084,0.385,-0.145,-0.459,-0.122,0.189,0.288,0.128,0.175,-0.117,0.759,0.41,0.336,-0.277,0.623,0.069,0.829,0.802,0.179,0.485,-0.596,0.172,0.841,-0.433,0.314,-0.199,0.206,0.743,0.569,0.887,0.643,-0.218,0.924,0.338,-0.222,-0.183,-0.483,-0.03,-0.391,0.257,0.305,0.357,-0.459,0.045,0.256,-0.273,-0.342,0.741,0.02,-0.055,0.749,-0.027,0.203,0.768,-0.205,-0.129,-0.175,-0.391,0.465,-0.536,0.658,0.745,-0.126,0.35,-0.348,0.362,0.513,-0.298,-0.23,0.604,0.325,0.629,-0.604,0.316,-0.256,0.558,0.186,0.831,0.196,0.228,0.806,0.103,0.866,-0.305,-0.253,-0.488,0.74,0.178,0.842,0.038,-0.005,-0.461,0.776,0.135,-0.259,0.787,0.102,-0.622,0.631,0.264,-0.35,-0.245,-0.091,0.913,-0.372,0.661,0.19,-0.207,0.401,-0.293,0.697,-0.1,0.228,0.711,-0.107,0.625
BTAI,-0.339,-0.296,0.404,-0.465,-0.59,0.011,0.18,0.007,0.295,-0.363,-0.215,0.119,-0.591,0.608,0.479,0.07,0.385,0.169,0.081,-0.249,0.365,-0.526,0.222,0.073,-0.592,0.0,-0.031,-0.327,0.327,0.49,-0.373,-0.084,0.116,-0.353,-0.534,0.401,0.517,0.212,0.394,-0.088,0.483,-0.082,-0.395,0.134,-0.153,-0.565,-0.187,0.204,-0.138,-0.014,0.388,0.231,-0.58,0.05,0.256,0.141,0.149,0.419,0.194,-0.322,0.04,-0.488,0.301,-0.337,-0.237,0.097,-0.289,-0.204,-0.272,-0.468,0.046,-0.315,0.216,0.47,0.084,-0.392,0.489,0.013,-0.262,-0.686,0.28,-0.567,0.275,-0.149,-0.063,-0.57,0.161,0.442,0.124,-0.439,-0.444,0.104,-0.135,0.086,-0.499,-0.029,-0.34,0.344,-0.242,0.079,-0.413,-0.313,-0.153,-0.335,0.455,0.391,-0.302,0.231,-0.264,0.536,0.078,-0.519,-0.094,-0.467,-0.227,0.198,-0.609,-0.454,0.179,0.222,0.168,0.133,0.476,-0.082,-0.083,0.028,0.528,0.229,-0.258,0.317,0.198,-0.388,-0.026,0.358,-0.382,0.221,-0.232,-0.599,0.19,0.064,0.245,0.299,-0.087,0.481,-0.358,-0.5,0.515,-0.099,0.34,-0.389,-0.261,0.377,0.038,-0.222,0.07,-0.387,0.521,0.348,0.457,-0.361,-0.266,-0.554,-0.168,0.078,-0.38,0.147,-0.595,0.102,0.13,0.367,-0.476,-0.336,-0.568,-0.189,-0.008,0.436,-0.4,-0.124,0.229,-0.503,-0.075,0.58,-0.41,-0.253,0.234,0.293,0.378,-0.631,0.186,-0.412,0.074,0.239,-0.036,0.361,-0.419,0.199,0.159,-0.58,0.196,-0.405
BYND,0.721,-0.282,-0.073,0.346,0.212,0.771,0.707,-0.054,0.288,0.406,-0.284,0.54,0.506,0.143,0.61,0.369,-0.15,-0.284,0.766,0.584,0.056,0.286,0.483,0.615,0.44,-0.031,0.0,0.803,-0.148,0.015,0.41,-0.331,0.715,-0.246,0.016,0.535,0.276,0.047,0.3,0.723,0.493,0.845,0.6,0.671,0.582,0.565,0.834,0.694,0.576,0.818,0.314,0.393,0.049,0.775,0.584,0.442,0.585,0.438,0.646,0.683,0.5,0.316,0.422,0.745,-0.208,0.786,0.842,0.849,0.251,0.208,0.273,0.59,0.824,0.164,0.647,0.036,0.292,0.728,0.426,0.09,0.464,-0.195,0.208,0.321,0.787,-0.378,0.724,0.469,0.715,-0.352,-0.039,0.809,0.654,0.708,0.518,0.142,0.107,0.176,0.461,0.779,0.255,0.245,0.663,-0.208,0.34,0.654,0.286,0.494,0.684,0.57,0.825,0.516,0.592,0.604,0.715,0.643,0.591,-0.182,0.642,0.633,0.136,0.753,0.519,0.839,0.847,0.738,0.403,0.637,-0.085,0.635,-0.09,0.733,0.73,0.095,0.172,0.777,0.678,0.329,0.556,0.604,0.546,0.555,-0.014,0.387,0.402,-0.147,0.2,0.499,0.309,-0.063,0.865,0.621,0.375,0.811,0.726,-0.087,0.304,0.348,0.644,-0.235,0.714,0.488,-0.604,0.799,0.462,0.747,0.26,-0.187,0.609,0.405,0.021,0.443,0.666,-0.325,0.67,0.499,0.172,0.735,0.619,0.702,0.771,0.225,-0.252,-0.146,0.58,-0.673,0.516,0.2,0.502,-0.11,0.763,0.606,0.844,0.585,0.306,0.628,0.006,0.33,0.678,-0.288
CAN,0.889,0.116,-0.412,0.531,0.509,0.52,0.485,-0.213,0.019,0.587,0.056,0.153,0.803,-0.261,0.288,0.237,-0.423,-0.141,0.42,0.501,-0.378,0.672,0.225,0.356,0.772,-0.327,0.803,0.0,-0.12,-0.357,0.773,0.029,0.462,0.138,0.512,0.14,-0.2,0.051,-0.059,0.653,0.048,0.743,0.618,0.322,0.578,0.8,0.784,0.377,0.762,0.571,-0.177,0.036,0.461,0.755,0.273,0.019,0.176,0.014,0.225,0.722,0.573,0.674,0.025,0.581,0.212,0.513,0.818,0.878,0.428,0.46,0.048,0.544,0.493,-0.22,0.273,0.452,0.071,0.571,0.592,0.444,0.026,0.274,-0.188,0.37,0.504,0.062,0.352,0.071,0.4,-0.012,0.28,0.587,0.379,0.413,0.81,0.304,0.175,-0.146,0.663,0.57,0.552,0.627,0.524,0.245,-0.047,0.491,0.542,0.07,0.589,0.283,0.665,0.834,0.797,0.81,0.828,0.256,0.858,0.199,0.295,0.303,-0.116,0.43,0.038,0.602,0.624,0.541,0.034,0.317,0.25,0.253,-0.229,0.776,0.411,0.008,0.5,0.437,0.566,0.632,0.21,0.255,0.228,0.13,0.069,0.008,0.586,0.328,0.231,0.615,0.064,0.268,0.762,0.153,0.192,0.776,0.704,0.394,-0.111,0.466,0.286,0.091,0.581,0.684,-0.276,0.623,0.75,0.405,0.543,-0.178,0.234,0.017,0.425,0.436,0.853,-0.008,0.504,0.03,0.494,0.576,0.213,0.766,0.583,-0.242,0.125,0.138,0.181,-0.453,0.235,0.638,0.108,0.376,0.462,0.211,0.798,0.205,0.646,0.284,0.212,0.616,0.411,0.183
CCEC,-0.162,0.442,-0.14,-0.165,0.279,-0.498,-0.342,-0.185,-0.495,-0.084,0.548,-0.539,0.029,-0.308,-0.15,-0.691,-0.271,-0.299,-0.234,-0.047,-0.418,0.173,-0.408,-0.46,0.127,0.327,-0.148,-0.12,0.0,-0.264,0.132,0.306,-0.377,0.019,0.022,-0.339,-0.259,-0.237,-0.536,-0.206,-0.352,-0.415,-0.552,-0.3,-0.092,0.022,-0.153,-0.483,0.366,-0.178,-0.18,-0.448,-0.176,-0.168,-0.444,-0.452,-0.509,-0.434,-0.431,-0.351,0.194,0.151,-0.468,-0.482,0.504,-0.209,-0.308,-0.241,0.347,-0.433,-0.617,-0.233,-0.287,-0.431,-0.448,-0.155,-0.179,-0.426,-0.294,-0.098,-0.365,0.295,-0.239,-0.535,-0.392,-0.093,-0.397,-0.369,-0.441,-0.153,-0.405,-0.3,-0.26,-0.505,-0.248,0.164,0.093,0.091,-0.096,-0.372,0.297,0.213,-0.391,0.235,-0.391,0.065,0.457,-0.471,-0.311,-0.16,-0.346,-0.283,-0.102,0.07,-0.141,-0.363,-0.077,-0.049,-0.453,-0.363,-0.464,-0.329,-0.071,-0.213,-0.163,0.139,-0.292,0.056,-0.237,-0.38,-0.096,-0.055,-0.44,0.203,0.22,-0.203,-0.558,0.071,-0.195,-0.321,-0.227,-0.421,0.609,-0.319,0.058,0.313,-0.023,-0.231,-0.284,-0.191,-0.202,-0.165,-0.551,-0.107,-0.188,0.062,-0.301,0.358,-0.238,0.435,-0.607,0.096,0.343,-0.252,0.05,-0.126,0.204,-0.252,-0.462,-0.36,0.23,-0.613,-0.136,-0.241,-0.499,-0.281,0.195,-0.526,-0.39,-0.041,-0.512,-0.048,0.404,-0.037,-0.469,0.351,0.036,0.104,-0.492,0.176,-0.013,-0.218,-0.243,-0.309,-0.108,-0.201,0.322,-0.177,-0.349,0.36
CDW,-0.404,-0.639,0.785,-0.348,-0.768,0.418,0.49,0.468,0.472,-0.449,-0.663,0.568,-0.711,0.744,0.385,0.518,0.852,0.175,0.367,0.025,0.799,-0.785,0.511,0.418,-0.719,0.49,0.015,-0.357,-0.264,0.0,-0.586,-0.494,0.484,-0.317,-0.512,0.617,0.811,0.123,0.761,-0.213,0.698,0.09,0.139,0.461,0.147,-0.664,-0.232,0.531,-0.49,0.135,0.545,0.775,-0.318,-0.067,0.562,0.553,0.567,0.773,0.536,-0.165,-0.379,-0.825,0.681,0.177,-0.686,0.163,0.007,-0.08,-0.696,-0.237,0.627,-0.01,0.382,0.824,0.473,-0.343,0.608,0.33,-0.132,-0.352,0.642,-0.75,0.672,0.399,0.344,-0.438,0.476,0.629,0.537,-0.215,0.021,0.246,0.318,0.493,-0.609,-0.346,-0.082,0.271,-0.568,0.352,-0.766,-0.49,0.302,-0.505,0.744,0.065,-0.698,0.629,-0.007,0.451,0.161,-0.393,-0.128,-0.518,-0.475,0.514,-0.623,-0.154,0.608,0.614,0.336,0.378,0.613,0.174,0.115,-0.045,0.535,0.139,-0.117,0.504,0.669,-0.207,0.349,-0.029,-0.828,0.28,0.283,-0.518,0.567,0.359,0.537,0.649,-0.522,0.708,-0.438,-0.719,0.152,-0.158,0.363,-0.174,-0.122,0.557,0.591,-0.249,0.045,-0.598,0.635,-0.161,0.587,-0.766,0.322,-0.552,-0.538,0.212,-0.792,0.23,-0.599,0.124,0.484,0.709,-0.554,0.159,-0.409,0.067,0.534,0.613,-0.676,0.31,0.603,-0.416,0.388,0.626,-0.724,-0.085,0.636,-0.221,0.454,-0.754,0.711,-0.705,0.231,0.501,0.134,0.489,-0.582,0.397,-0.041,-0.438,0.571,-0.678
CDXS,0.713,0.525,-0.588,0.624,0.653,0.057,0.08,-0.232,-0.25,0.611,0.519,-0.326,0.811,-0.556,-0.055,-0.046,-0.597,-0.003,-0.04,0.242,-0.695,0.81,-0.129,-0.087,0.844,-0.373,0.41,0.773,0.132,-0.586,0.0,0.373,0.029,0.406,0.771,-0.301,-0.577,0.0,-0.399,0.366,-0.369,0.356,0.4,-0.069,0.382,0.686,0.451,-0.103,0.732,0.22,-0.533,-0.235,0.627,0.461,-0.149,-0.401,-0.268,-0.387,-0.271,0.456,0.565,0.809,-0.373,0.172,0.545,0.124,0.449,0.58,0.502,0.419,-0.272,0.324,0.087,-0.558,-0.176,0.647,-0.155,0.183,0.558,0.565,-0.38,0.611,-0.512,0.146,0.047,0.368,-0.127,-0.349,-0.061,0.286,0.346,0.208,-0.001,-0.05,0.761,0.532,0.244,-0.393,0.651,0.116,0.733,0.829,0.179,0.569,-0.406,0.261,0.701,-0.38,0.284,-0.077,0.304,0.812,0.719,0.768,0.629,-0.197,0.824,0.455,-0.162,-0.123,-0.392,-0.011,-0.39,0.175,0.207,0.292,-0.285,0.027,0.427,-0.172,-0.189,0.62,-0.015,0.039,0.705,0.041,0.296,0.682,-0.194,-0.146,-0.127,-0.339,0.245,-0.353,0.528,0.653,0.142,0.466,-0.259,0.49,0.415,-0.246,-0.025,0.495,0.458,0.654,-0.487,0.498,-0.106,0.436,0.192,0.633,0.144,0.325,0.774,0.029,0.63,-0.142,-0.22,-0.358,0.72,0.162,0.718,0.178,0.128,-0.413,0.688,0.179,-0.227,0.653,0.139,-0.54,0.497,0.434,-0.273,-0.071,-0.004,0.866,-0.358,0.709,0.153,-0.247,0.463,-0.164,0.779,-0.136,0.421,0.567,-0.018,0.602
