,ABEO,ACHC,AGNCN,AKAM,AKRO,ALRM,AMAT,AMED,AMRN,ANGI,APA,APOG,APPS,ARCB,ARCC,ARVN,ATEC,ATXS,AVAV,AXON,BANF,BATRK,BIDU,BLNE,BLNK,BTAI,BYND,CAN,CCEC,CDW,CDXS,CELH,CGNX,CHKP,CHRS,CHRW,CIGI,CKPT,CMPR,COGT,CRNC,CRSP,CSTL,CTSH,CVGW,DGLY,DNLI,DOCU,DVAX,EBAY,EHTH,ERII,ESLT,EXPE,EXPO,FBIOP,FFBC,FFIN,FOXF,FWRD,GDS,GERN,GPRE,GRWG,GRYP,HEES,HELE,HIVE,HON,HRTX,HSTM,HURA,IART,IBKR,IBOC,IBRX,IDXX,INGN,INM,INVA,IQ,IRBT,KDP,KPTI,KTOS,KXIN,LAMR,LFUS,LGIH,LGMK,LKFN,LNW,LOPE,LPSN,LYFT,MGNX,MLCO,MNST,MODV,MSTR,MTCH,MYGN,MYRG,NCMI,NEXT,NFLX,NIU,NKTR,NRC,NTNX,NTRA,NVEE,NVMI,NWL,NWS,NXPI,OCGN,OCSL,OKTA,OLLI,OTLK,OXLC,PAA,PARA,PARAA,PDCO,PDFS,PFG,PGEN,PNFP,PODD,POWI,PSMT,PTC,PTEN,PVLA,RDNT,RDUS,RDWR,REGN,RNAC,ROCK,ROST,RRR,RSLS,RVMD,RYAAY,SAFT,SAGE,SAVA,SBGI,SFM,SFNC,SHYF,SIBN,SIFY,SIGI,SIMO,SITM,SLM,SNBR,SNDX,SNY,SPNS,SRRK,STRA,SUPN,SYRE,TCBK,TEAM,TECH,THRM,TLRY,TRMK,TROW,TSLA,TWST,TXN,UFPI,UNIT,UPWK,USLM,UTHR,VERB,VLY,VRNA,VRRM,VXRT,WAFD,WATT,WBA,WING,WIX,WTFC,WTW,XPEL,XRX,YMAB,ZG,ZLAB
ABEO,0.0,0.907,0.075,0.489,0.808,-0.657,-0.108,-0.406,-0.333,0.668,-0.212,0.825,0.336,-0.014,0.907,0.675,0.308,0.855,0.634,-0.314,0.846,0.414,-0.29,0.323,-0.567,-0.778,0.064,0.57,0.557,0.688,0.106,-0.26,0.445,0.844,0.046,0.851,0.871,0.017,0.851,0.807,0.643,-0.083,0.83,0.886,0.516,0.053,0.899,0.879,0.29,0.812,-0.361,0.001,0.815,0.867,0.792,-0.635,0.894,0.807,0.035,0.807,0.874,-0.172,0.183,0.191,-0.155,0.666,0.154,0.516,0.833,-0.578,0.782,0.152,-0.699,0.924,0.906,-0.426,-0.068,0.319,0.636,0.83,-0.825,-0.546,0.88,-0.486,0.897,-0.804,0.887,0.805,0.801,-0.161,0.853,0.82,0.169,-0.03,0.814,0.074,-0.392,0.792,0.812,0.074,0.816,-0.059,-0.314,0.803,-0.585,0.811,0.317,0.651,0.778,0.725,0.374,-0.388,-0.198,0.24,0.577,0.216,0.083,0.854,-0.261,0.038,0.006,-0.256,0.593,0.256,-0.248,-0.407,-0.016,0.912,-0.117,0.933,0.464,0.513,0.919,0.49,0.251,0.809,0.662,0.658,-0.077,0.754,0.24,0.801,0.784,0.762,-0.771,0.189,0.786,0.876,-0.107,0.529,0.593,0.78,0.876,0.441,0.851,0.3,0.86,0.078,0.74,0.873,0.914,0.544,0.878,0.618,0.384,0.706,0.869,0.757,0.872,0.908,-0.097,-0.09,-0.354,0.876,0.207,0.562,-0.331,0.858,0.408,0.615,0.358,0.819,0.785,0.129,0.855,0.659,0.195,0.722,0.891,0.335,-0.65,0.613,0.246,0.896,0.831,-0.05,0.872,0.841,0.858,0.799
ACHC,0.907,0.0,0.171,0.415,0.861,-0.502,-0.182,-0.46,-0.271,0.788,-0.297,0.859,0.298,-0.013,0.924,0.731,0.356,0.872,0.697,-0.344,0.911,0.535,-0.329,0.31,-0.583,-0.712,0.236,0.616,0.658,0.702,0.204,-0.293,0.477,0.896,0.0,0.919,0.907,0.069,0.902,0.859,0.763,-0.098,0.897,0.947,0.487,-0.006,0.9,0.888,0.239,0.871,-0.327,-0.015,0.851,0.847,0.858,-0.542,0.953,0.884,0.043,0.895,0.932,-0.214,0.289,0.226,-0.224,0.721,0.356,0.557,0.925,-0.592,0.856,0.144,-0.709,0.941,0.945,-0.34,-0.047,0.275,0.656,0.849,-0.891,-0.503,0.857,-0.552,0.953,-0.839,0.912,0.838,0.815,-0.019,0.906,0.896,0.291,-0.051,0.851,0.049,-0.333,0.724,0.783,0.052,0.894,-0.087,-0.302,0.855,-0.594,0.798,0.251,0.694,0.808,0.787,0.284,-0.301,-0.271,0.376,0.576,0.208,-0.049,0.88,-0.348,0.084,-0.13,-0.186,0.707,0.301,-0.176,-0.484,-0.06,0.951,-0.091,0.972,0.471,0.584,0.941,0.543,0.273,0.851,0.67,0.739,-0.034,0.72,0.283,0.883,0.815,0.855,-0.8,0.107,0.796,0.958,-0.044,0.628,0.717,0.767,0.944,0.527,0.906,0.277,0.89,0.026,0.731,0.926,0.938,0.548,0.884,0.676,0.152,0.77,0.852,0.779,0.939,0.942,-0.079,-0.125,-0.417,0.927,0.195,0.534,-0.28,0.893,0.446,0.67,0.412,0.808,0.85,0.184,0.884,0.531,0.298,0.78,0.96,0.386,-0.667,0.588,0.277,0.968,0.884,-0.069,0.939,0.884,0.803,0.886
AGNCN,0.075,0.171,0.0,0.056,0.17,0.049,0.059,-0.406,-0.044,0.328,-0.297,0.16,0.178,0.189,0.13,-0.057,-0.361,0.205,-0.12,0.067,0.073,0.092,0.026,0.241,0.099,-0.034,0.222,0.147,-0.082,0.218,0.162,-0.05,-0.035,0.159,-0.205,0.064,0.263,-0.395,-0.016,0.192,0.284,-0.016,0.12,0.214,0.357,0.168,0.288,0.153,0.199,0.245,-0.087,0.271,0.167,0.003,-0.045,-0.16,0.171,0.167,0.239,0.216,0.235,-0.444,0.189,0.427,0.005,0.102,0.063,0.244,0.015,-0.323,0.092,0.263,-0.159,0.062,0.144,-0.027,0.03,-0.131,0.157,0.086,-0.149,-0.001,0.153,-0.004,0.157,-0.065,0.108,0.238,0.284,0.035,0.077,0.233,-0.129,0.147,0.246,-0.174,0.316,0.177,0.167,0.135,0.224,-0.361,-0.084,0.294,-0.035,0.191,-0.2,0.164,-0.126,-0.023,0.234,-0.062,-0.142,0.556,-0.023,-0.044,-0.255,0.263,0.17,0.374,0.017,-0.18,0.32,0.476,0.505,0.159,0.03,0.145,-0.058,0.144,-0.078,0.155,0.171,-0.022,-0.055,0.275,-0.079,0.103,0.077,0.2,-0.024,0.113,0.422,0.03,0.008,0.281,-0.101,0.083,0.145,0.459,0.051,-0.274,0.147,-0.045,0.121,0.012,0.219,0.081,0.114,0.091,0.047,-0.048,0.259,0.069,-0.093,0.208,0.277,-0.111,0.084,0.12,-0.161,-0.203,0.302,0.086,0.35,0.407,-0.294,0.11,0.128,0.317,0.451,0.176,-0.028,0.146,0.207,0.207,0.094,0.341,0.191,-0.135,0.059,0.191,0.103,0.153,0.076,0.018,0.007,0.205,0.11,0.063
AKAM,0.489,0.415,0.056,0.0,0.433,-0.632,0.469,-0.034,-0.297,0.256,0.272,0.462,0.663,0.268,0.564,0.244,-0.127,0.512,0.396,0.382,0.42,0.309,0.224,-0.077,-0.154,-0.639,0.252,0.32,0.003,0.577,-0.192,0.254,0.572,0.638,0.222,0.268,0.495,0.111,0.248,0.261,0.327,0.291,0.246,0.487,0.495,0.142,0.428,0.567,0.658,0.36,0.204,0.379,0.438,0.75,0.295,-0.585,0.35,0.324,0.257,0.312,0.338,0.149,-0.25,0.316,0.348,0.379,-0.387,0.431,0.232,-0.292,0.257,0.514,-0.179,0.474,0.44,-0.077,0.45,0.596,0.417,0.171,-0.187,-0.334,0.332,-0.118,0.462,-0.213,0.27,0.622,0.508,-0.31,0.191,0.492,-0.262,0.348,0.548,0.217,-0.171,0.514,0.41,0.281,0.439,0.366,0.106,0.494,-0.321,0.623,0.2,0.348,0.222,0.231,0.79,-0.313,0.465,-0.018,0.761,0.505,0.185,0.544,0.25,0.271,0.116,-0.392,0.197,0.442,0.185,0.131,0.565,0.408,0.176,0.406,-0.126,0.528,0.441,0.637,0.467,0.433,0.656,0.196,0.225,0.714,0.231,0.341,0.529,0.23,-0.324,0.524,0.278,0.33,0.093,0.223,-0.119,0.355,0.32,0.112,0.23,-0.093,0.49,0.547,0.726,0.497,0.471,0.34,0.353,0.321,0.613,0.542,0.601,0.231,0.302,0.478,0.187,0.234,0.137,0.31,0.498,0.458,-0.094,0.566,0.355,0.12,0.275,0.624,0.347,0.143,0.39,0.728,0.233,0.461,0.344,-0.153,-0.088,0.47,0.422,0.361,0.26,0.019,0.379,0.34,0.676,0.105
AKRO,0.808,0.861,0.17,0.433,0.0,-0.382,-0.023,-0.473,0.024,0.694,-0.194,0.848,0.499,0.171,0.837,0.748,0.064,0.903,0.503,-0.15,0.823,0.678,-0.11,0.197,-0.369,-0.506,0.407,0.809,0.492,0.751,0.445,-0.089,0.531,0.876,-0.119,0.809,0.896,0.259,0.717,0.792,0.903,0.201,0.78,0.863,0.522,-0.182,0.839,0.787,0.379,0.836,-0.048,0.224,0.706,0.771,0.71,-0.503,0.891,0.797,0.122,0.88,0.855,-0.004,0.214,0.403,-0.051,0.778,0.394,0.725,0.814,-0.378,0.858,0.428,-0.57,0.795,0.854,-0.084,0.206,0.303,0.8,0.663,-0.731,-0.368,0.689,-0.379,0.869,-0.684,0.723,0.853,0.839,0.131,0.75,0.906,0.143,0.15,0.848,0.4,-0.023,0.545,0.605,0.31,0.942,0.047,-0.01,0.872,-0.364,0.809,0.318,0.797,0.595,0.572,0.305,-0.163,-0.154,0.384,0.656,0.351,0.013,0.811,-0.114,0.36,-0.219,-0.09,0.772,0.49,0.027,-0.242,0.008,0.79,0.143,0.871,0.145,0.68,0.838,0.685,0.454,0.802,0.621,0.731,0.229,0.73,0.34,0.836,0.835,0.704,-0.658,0.312,0.627,0.821,0.213,0.697,0.647,0.663,0.851,0.448,0.829,0.191,0.758,0.162,0.721,0.796,0.892,0.744,0.746,0.654,0.162,0.786,0.741,0.646,0.835,0.87,-0.145,-0.015,-0.25,0.773,0.377,0.573,-0.16,0.861,0.555,0.678,0.351,0.814,0.868,0.291,0.823,0.437,0.386,0.842,0.864,0.455,-0.419,0.562,0.572,0.859,0.706,-0.064,0.826,0.836,0.803,0.735
ALRM,-0.657,-0.502,0.049,-0.632,-0.382,0.0,-0.019,0.152,0.418,-0.226,0.219,-0.292,-0.341,0.235,-0.654,-0.202,-0.263,-0.52,-0.573,0.086,-0.38,0.018,0.045,-0.286,0.614,0.867,0.228,-0.232,-0.371,-0.301,0.391,0.243,-0.203,-0.616,0.114,-0.512,-0.455,0.18,-0.49,-0.608,-0.268,0.196,-0.333,-0.585,-0.479,-0.096,-0.589,-0.605,-0.168,-0.448,0.412,0.116,-0.556,-0.698,-0.378,0.792,-0.455,-0.355,0.002,-0.486,-0.507,0.221,0.276,-0.079,0.108,-0.089,0.303,-0.03,-0.432,0.694,-0.406,-0.177,0.648,-0.671,-0.591,0.53,-0.001,-0.259,-0.412,-0.542,0.427,0.742,-0.713,0.562,-0.525,0.545,-0.569,-0.468,-0.329,0.157,-0.448,-0.535,0.162,-0.028,-0.595,0.085,0.362,-0.818,-0.761,0.294,-0.446,0.1,0.42,-0.53,0.736,-0.639,0.024,-0.283,-0.405,-0.559,-0.471,0.741,0.013,-0.136,-0.304,-0.121,0.202,-0.617,0.205,0.071,0.084,0.362,-0.14,-0.106,0.373,0.376,-0.011,-0.64,0.263,-0.547,-0.416,-0.184,-0.543,-0.235,0.01,-0.413,-0.397,-0.093,0.109,-0.62,-0.169,-0.213,-0.51,-0.501,0.682,-0.218,-0.562,-0.494,0.244,-0.27,-0.017,-0.478,-0.452,0.157,-0.332,-0.358,-0.695,-0.087,-0.569,-0.519,-0.539,-0.15,-0.672,-0.231,-0.416,-0.378,-0.687,-0.59,-0.442,-0.623,0.003,0.17,0.297,-0.475,-0.09,-0.609,0.57,-0.488,0.132,-0.412,-0.053,-0.454,-0.512,0.082,-0.37,-0.753,0.171,-0.504,-0.433,0.186,0.533,-0.202,-0.085,-0.499,-0.61,0.275,-0.452,-0.482,-0.587,-0.414
AMAT,-0.108,-0.182,0.059,0.469,-0.023,-0.019,0.0,0.56,0.178,0.006,0.757,0.102,0.756,0.808,-0.023,-0.063,-0.619,0.17,-0.006,0.884,-0.058,0.32,0.784,-0.48,0.665,0.099,0.108,0.033,-0.534,0.403,0.14,0.859,0.571,0.068,-0.067,-0.392,0.041,0.178,-0.368,-0.356,0.113,0.808,-0.365,-0.077,0.561,0.396,-0.153,0.146,0.809,-0.344,0.415,0.758,0.093,0.062,-0.171,-0.361,-0.219,-0.138,0.626,-0.168,-0.321,0.232,-0.023,0.657,0.826,0.246,-0.606,0.365,-0.372,0.31,-0.261,0.657,0.569,-0.187,-0.108,0.186,0.831,0.656,0.112,-0.556,0.536,0.454,-0.347,0.534,-0.13,0.415,-0.381,0.326,0.158,-0.376,-0.433,-0.018,-0.63,0.846,0.177,0.361,0.111,-0.195,-0.316,0.561,-0.016,0.62,0.781,0.139,0.172,0.297,-0.032,0.241,-0.426,-0.439,0.75,0.344,0.916,-0.087,0.395,0.842,0.419,0.143,0.781,0.583,0.232,-0.623,-0.078,0.572,0.577,0.695,0.926,-0.255,0.512,-0.224,-0.513,0.545,-0.106,0.548,0.597,0.012,0.305,0.032,0.773,0.417,0.492,-0.009,0.119,-0.302,0.358,0.64,-0.507,-0.282,0.665,0.205,-0.521,-0.066,-0.246,-0.25,-0.388,-0.611,-0.039,0.946,0.449,-0.066,-0.172,0.219,-0.345,0.259,0.626,0.276,0.188,-0.19,-0.262,-0.08,0.577,0.775,0.793,-0.316,0.76,0.257,0.477,0.172,0.459,-0.349,0.348,0.325,-0.228,-0.297,0.017,0.455,0.307,0.161,-0.242,-0.481,0.681,0.321,0.624,-0.259,-0.416,-0.011,-0.216,-0.094,0.243,-0.544
AMED,-0.406,-0.46,-0.406,-0.034,-0.473,0.152,0.56,0.0,0.069,-0.395,0.65,-0.322,0.127,0.379,-0.37,-0.169,-0.12,-0.266,-0.011,0.533,-0.317,-0.094,0.534,-0.524,0.494,0.287,-0.221,-0.424,-0.371,-0.123,-0.144,0.557,0.204,-0.393,0.037,-0.545,-0.439,0.122,-0.418,-0.551,-0.364,0.429,-0.534,-0.425,0.038,0.353,-0.53,-0.241,0.166,-0.722,0.182,0.201,-0.187,-0.279,-0.192,-0.008,-0.508,-0.361,0.296,-0.463,-0.644,0.273,0.015,0.133,0.492,-0.158,-0.404,-0.191,-0.471,0.467,-0.519,-0.003,0.655,-0.417,-0.393,0.088,0.4,0.377,-0.366,-0.577,0.637,0.452,-0.509,0.423,-0.444,0.513,-0.477,-0.223,-0.357,-0.302,-0.49,-0.475,-0.338,0.383,-0.279,-0.011,-0.186,-0.386,-0.446,0.07,-0.458,0.446,0.479,-0.364,0.154,-0.21,-0.124,-0.16,-0.352,-0.419,0.195,0.383,0.672,-0.278,-0.085,0.445,0.291,-0.286,0.357,0.056,0.251,-0.351,-0.484,-0.014,0.032,0.359,0.528,-0.476,0.214,-0.494,-0.196,0.074,-0.387,0.06,0.177,-0.456,-0.008,-0.219,0.413,-0.12,0.305,-0.3,-0.465,-0.34,0.431,0.028,-0.478,-0.464,0.31,-0.249,-0.505,-0.083,-0.459,-0.303,-0.588,-0.369,-0.339,0.431,-0.008,-0.342,-0.464,-0.162,-0.576,0.062,0.305,-0.233,-0.223,-0.167,-0.426,-0.408,0.585,0.635,0.43,-0.449,0.116,-0.202,0.553,-0.244,0.039,-0.587,-0.002,-0.16,-0.483,-0.509,-0.321,0.003,-0.026,-0.338,-0.51,-0.418,0.527,-0.076,0.117,-0.49,-0.505,-0.077,-0.405,-0.415,-0.258,-0.57
AMRN,-0.333,-0.271,-0.044,-0.297,0.024,0.418,0.178,0.069,0.0,-0.12,0.097,-0.133,0.219,0.332,-0.251,-0.035,-0.424,-0.079,-0.334,0.165,-0.197,0.212,0.402,-0.2,0.446,0.6,0.22,0.259,-0.217,-0.095,0.579,0.316,-0.068,-0.214,-0.381,-0.182,-0.109,0.273,-0.341,-0.136,0.175,0.5,-0.18,-0.217,0.033,-0.276,-0.189,-0.259,0.044,-0.17,0.35,0.354,-0.251,-0.326,-0.234,0.225,-0.152,-0.174,0.198,-0.031,-0.229,0.092,0.078,0.304,0.299,0.004,0.183,0.156,-0.209,0.409,0.039,0.356,0.32,-0.349,-0.212,0.419,0.329,-0.089,0.154,-0.356,0.355,0.414,-0.365,0.298,-0.231,0.366,-0.341,-0.129,-0.087,0.454,-0.249,-0.069,-0.248,0.397,-0.075,0.478,0.564,-0.469,-0.415,0.35,0.006,0.079,0.505,-0.075,0.427,-0.122,-0.014,0.202,-0.324,-0.412,-0.15,0.405,0.095,0.063,-0.11,0.166,0.04,-0.204,0.324,0.438,-0.318,0.13,0.181,0.186,0.273,0.322,-0.011,-0.325,0.36,-0.247,-0.435,0.051,-0.268,0.085,0.269,-0.199,-0.264,0.038,0.478,-0.132,0.2,-0.131,-0.158,-0.245,0.27,0.14,-0.397,-0.274,0.587,0.181,0.001,-0.239,-0.188,-0.166,-0.182,-0.224,-0.328,0.101,-0.185,-0.31,-0.197,0.147,-0.335,-0.04,-0.254,-0.039,-0.321,-0.152,-0.182,-0.177,-0.008,0.223,0.271,-0.284,0.238,-0.012,0.315,-0.218,0.094,0.0,-0.063,-0.169,-0.014,0.133,-0.14,-0.343,0.215,0.075,-0.213,0.155,0.448,-0.103,0.414,-0.243,-0.349,-0.135,-0.251,-0.145,-0.143,-0.248
ANGI,0.668,0.788,0.328,0.256,0.694,-0.226,0.006,-0.395,-0.12,0.0,-0.196,0.769,0.333,0.217,0.696,0.568,0.161,0.719,0.573,-0.215,0.782,0.531,-0.216,0.176,-0.212,-0.395,0.243,0.469,0.45,0.663,0.28,-0.088,0.434,0.747,-0.184,0.69,0.8,-0.085,0.696,0.643,0.699,0.059,0.711,0.793,0.57,0.255,0.701,0.804,0.339,0.662,-0.304,0.11,0.809,0.609,0.69,-0.435,0.776,0.753,0.2,0.733,0.723,-0.316,0.414,0.371,-0.084,0.695,0.318,0.541,0.714,-0.504,0.711,0.155,-0.453,0.713,0.78,-0.318,-0.005,0.261,0.519,0.609,-0.666,-0.156,0.634,-0.316,0.757,-0.633,0.701,0.759,0.712,-0.042,0.708,0.74,0.237,0.197,0.728,0.095,-0.258,0.487,0.537,0.132,0.781,-0.013,-0.074,0.772,-0.405,0.714,0.21,0.644,0.625,0.569,0.283,0.005,-0.185,0.42,0.452,0.297,-0.031,0.773,-0.172,0.196,-0.134,-0.358,0.678,0.365,0.094,-0.281,0.082,0.75,0.024,0.75,0.333,0.57,0.771,0.548,0.272,0.705,0.545,0.73,0.173,0.636,0.421,0.821,0.699,0.719,-0.562,0.091,0.521,0.781,0.203,0.67,0.643,0.577,0.772,0.353,0.666,0.16,0.721,0.173,0.574,0.779,0.716,0.543,0.677,0.679,0.076,0.75,0.732,0.618,0.745,0.746,0.105,0.1,-0.113,0.721,0.317,0.504,-0.09,0.75,0.528,0.551,0.576,0.718,0.615,0.043,0.777,0.473,0.375,0.679,0.765,0.22,-0.383,0.545,0.309,0.758,0.675,-0.101,0.751,0.788,0.675,0.653
APA,-0.212,-0.297,-0.297,0.272,-0.194,0.219,0.757,0.65,0.097,-0.196,0.0,0.071,0.47,0.686,-0.226,0.053,-0.4,-0.083,-0.126,0.706,-0.046,0.291,0.593,-0.631,0.653,0.26,0.121,-0.084,-0.562,0.258,0.124,0.812,0.461,-0.201,0.286,-0.452,-0.137,0.322,-0.35,-0.604,-0.149,0.669,-0.335,-0.301,0.146,0.304,-0.388,-0.065,0.583,-0.518,0.585,0.574,-0.114,-0.02,-0.113,0.028,-0.295,-0.169,0.396,-0.371,-0.464,0.517,0.032,0.314,0.793,0.26,-0.48,0.307,-0.395,0.627,-0.347,0.332,0.774,-0.329,-0.261,0.312,0.641,0.682,-0.135,-0.611,0.536,0.585,-0.544,0.707,-0.208,0.528,-0.479,0.063,0.03,-0.417,-0.414,-0.282,-0.418,0.557,-0.129,0.309,-0.081,-0.435,-0.516,0.593,-0.243,0.762,0.795,-0.192,0.362,-0.042,0.215,0.07,-0.292,-0.517,0.442,0.574,0.853,-0.468,0.389,0.666,0.711,-0.176,0.661,0.305,0.411,-0.368,-0.242,0.241,0.398,0.645,0.805,-0.398,0.566,-0.314,-0.497,0.365,-0.223,0.391,0.671,-0.224,0.34,0.069,0.536,0.138,0.274,-0.024,-0.224,-0.394,0.524,0.3,-0.451,-0.334,0.364,-0.21,-0.392,0.031,-0.303,0.075,-0.372,-0.718,-0.308,0.695,0.241,-0.135,-0.237,0.169,-0.575,0.165,0.56,0.084,-0.113,-0.306,-0.274,-0.249,0.547,0.808,0.609,-0.298,0.479,-0.259,0.749,-0.007,0.497,-0.613,0.145,0.152,-0.345,-0.345,-0.042,0.072,0.234,-0.203,-0.3,-0.195,0.673,0.321,0.387,-0.34,-0.549,0.253,-0.233,-0.29,0.101,-0.571
APOG,0.825,0.859,0.16,0.462,0.848,-0.292,0.102,-0.322,-0.133,0.769,0.071,0.0,0.498,0.364,0.825,0.829,0.042,0.873,0.486,-0.105,0.923,0.714,-0.1,0.047,-0.196,-0.472,0.383,0.684,0.359,0.898,0.422,0.086,0.616,0.798,0.107,0.738,0.928,0.155,0.73,0.603,0.776,0.248,0.787,0.832,0.557,0.07,0.798,0.845,0.53,0.726,0.003,0.346,0.752,0.794,0.816,-0.432,0.88,0.847,0.14,0.765,0.786,0.03,0.341,0.446,0.13,0.935,0.29,0.837,0.773,-0.275,0.765,0.341,-0.364,0.776,0.845,-0.069,0.19,0.526,0.651,0.598,-0.709,-0.148,0.6,-0.151,0.885,-0.576,0.7,0.887,0.945,-0.146,0.765,0.797,0.124,0.185,0.799,0.255,-0.223,0.5,0.504,0.473,0.85,0.171,0.08,0.801,-0.292,0.77,0.429,0.799,0.669,0.459,0.433,0.065,0.008,0.197,0.758,0.456,0.337,0.801,0.038,0.358,0.047,-0.282,0.697,0.511,0.143,-0.092,0.246,0.762,0.182,0.858,0.118,0.777,0.881,0.725,0.602,0.8,0.778,0.866,0.229,0.782,0.358,0.95,0.788,0.637,-0.503,0.324,0.57,0.825,0.167,0.603,0.681,0.744,0.854,0.624,0.839,-0.012,0.706,0.267,0.792,0.85,0.864,0.758,0.652,0.776,0.342,0.858,0.789,0.561,0.847,0.834,-0.025,0.219,-0.101,0.808,0.485,0.41,0.069,0.901,0.794,0.442,0.545,0.92,0.692,0.193,0.933,0.49,0.482,0.731,0.881,0.475,-0.304,0.827,0.506,0.845,0.609,0.109,0.856,0.82,0.882,0.658
APPS,0.336,0.298,0.178,0.663,0.499,-0.341,0.756,0.127,0.219,0.333,0.47,0.498,0.0,0.691,0.445,0.327,-0.532,0.621,0.205,0.624,0.399,0.591,0.652,-0.237,0.3,-0.209,0.355,0.561,-0.203,0.707,0.37,0.633,0.619,0.514,-0.219,0.142,0.531,0.174,0.06,0.175,0.592,0.745,0.115,0.411,0.81,0.204,0.358,0.532,0.839,0.169,0.328,0.784,0.44,0.515,0.212,-0.632,0.319,0.322,0.52,0.396,0.212,0.108,0.014,0.802,0.702,0.549,-0.299,0.69,0.119,-0.029,0.303,0.853,0.105,0.271,0.392,0.108,0.813,0.75,0.594,-0.099,0.048,0.087,0.114,0.221,0.387,0.04,0.065,0.69,0.591,-0.133,0.074,0.491,-0.616,0.823,0.644,0.514,0.178,0.195,0.118,0.612,0.513,0.447,0.577,0.6,-0.09,0.694,0.164,0.663,-0.056,-0.107,0.815,0.102,0.633,0.176,0.657,0.814,0.274,0.557,0.631,0.74,0.025,-0.604,0.354,0.747,0.479,0.456,0.693,0.238,0.511,0.3,-0.362,0.75,0.377,0.755,0.766,0.374,0.545,0.403,0.766,0.789,0.588,0.352,0.561,0.111,-0.094,0.707,-0.053,0.206,0.575,0.563,-0.082,0.276,0.269,-0.054,0.12,-0.41,0.375,0.773,0.743,0.345,0.358,0.549,0.158,0.515,0.548,0.68,0.561,0.206,0.254,0.441,0.302,0.562,0.514,0.171,0.86,0.579,0.211,0.542,0.581,0.175,0.446,0.658,0.294,-0.055,0.467,0.625,0.437,0.65,0.28,-0.132,0.332,0.592,0.838,0.252,0.043,-0.056,0.246,0.388,0.693,-0.058
ARCB,-0.014,-0.013,0.189,0.268,0.171,0.235,0.808,0.379,0.332,0.217,0.686,0.364,0.691,0.0,0.061,0.242,-0.608,0.289,-0.078,0.644,0.205,0.509,0.643,-0.523,0.696,0.265,0.323,0.197,-0.442,0.554,0.483,0.84,0.517,0.109,-0.023,-0.196,0.238,0.152,-0.22,-0.233,0.302,0.801,-0.112,0.048,0.549,0.318,-0.006,0.226,0.768,-0.191,0.457,0.818,0.172,0.082,0.091,-0.178,0.05,0.173,0.638,0.016,-0.142,0.128,0.255,0.762,0.761,0.514,-0.194,0.612,-0.164,0.338,-0.014,0.614,0.543,-0.111,0.084,0.28,0.713,0.599,0.194,-0.391,0.305,0.58,-0.29,0.563,0.065,0.326,-0.224,0.405,0.395,-0.193,-0.146,0.104,-0.407,0.777,0.264,0.334,0.159,-0.231,-0.316,0.752,0.165,0.519,0.803,0.251,0.231,0.277,0.138,0.484,-0.224,-0.418,0.58,0.6,0.671,0.045,0.425,0.746,0.484,0.216,0.744,0.708,0.185,-0.526,0.198,0.692,0.721,0.697,0.769,-0.115,0.555,-0.022,-0.531,0.658,0.077,0.584,0.746,0.139,0.347,0.323,0.754,0.433,0.446,0.274,0.232,-0.167,0.332,0.521,-0.414,-0.084,0.719,0.35,-0.117,0.024,0.026,0.054,-0.104,-0.544,0.023,0.778,0.423,0.12,-0.015,0.463,-0.237,0.437,0.458,0.461,0.229,-0.164,0.008,0.042,0.411,0.764,0.767,-0.057,0.806,0.176,0.576,0.254,0.745,-0.241,0.524,0.442,-0.143,-0.163,0.315,0.288,0.456,0.259,0.024,-0.104,0.668,0.53,0.637,-0.026,-0.337,0.111,-0.012,0.075,0.325,-0.345
ARCC,0.907,0.924,0.13,0.564,0.837,-0.654,-0.023,-0.37,-0.251,0.696,-0.226,0.825,0.445,0.061,0.0,0.672,0.237,0.914,0.69,-0.18,0.86,0.536,-0.164,0.233,-0.535,-0.757,0.207,0.641,0.591,0.769,0.143,-0.138,0.491,0.94,-0.069,0.882,0.916,0.101,0.82,0.836,0.776,0.005,0.78,0.962,0.603,0.016,0.907,0.924,0.351,0.855,-0.298,0.136,0.835,0.889,0.808,-0.685,0.902,0.811,0.019,0.887,0.905,-0.153,0.131,0.327,-0.078,0.691,0.202,0.584,0.869,-0.619,0.812,0.317,-0.704,0.962,0.94,-0.293,0.087,0.381,0.711,0.763,-0.8,-0.526,0.849,-0.54,0.931,-0.774,0.852,0.882,0.828,-0.054,0.822,0.932,0.091,0.085,0.919,0.04,-0.279,0.783,0.79,0.085,0.899,-0.033,-0.228,0.904,-0.624,0.891,0.241,0.72,0.683,0.695,0.458,-0.346,-0.123,0.322,0.638,0.317,0.004,0.944,-0.188,0.222,-0.182,-0.33,0.678,0.404,-0.12,-0.344,0.065,0.928,-0.036,0.936,0.37,0.667,0.939,0.635,0.349,0.867,0.679,0.689,0.08,0.832,0.329,0.8,0.88,0.78,-0.795,0.269,0.727,0.907,0.023,0.664,0.576,0.773,0.884,0.363,0.826,0.262,0.909,0.164,0.821,0.882,0.908,0.604,0.868,0.674,0.28,0.814,0.903,0.746,0.871,0.961,-0.089,-0.074,-0.328,0.832,0.335,0.61,-0.299,0.917,0.418,0.598,0.391,0.846,0.841,0.178,0.833,0.672,0.303,0.851,0.899,0.304,-0.589,0.64,0.388,0.915,0.851,-0.15,0.898,0.879,0.852,0.798
ARVN,0.675,0.731,-0.057,0.244,0.748,-0.202,-0.063,-0.169,-0.035,0.568,0.053,0.829,0.327,0.242,0.672,0.0,0.236,0.734,0.397,-0.223,0.84,0.614,-0.065,0.027,-0.263,-0.307,0.426,0.614,0.453,0.687,0.461,0.02,0.513,0.621,0.188,0.682,0.721,0.214,0.631,0.552,0.653,0.216,0.7,0.691,0.359,-0.07,0.683,0.674,0.32,0.575,0.039,0.192,0.627,0.653,0.837,-0.28,0.792,0.801,0.122,0.711,0.654,0.07,0.318,0.316,-0.008,0.815,0.515,0.689,0.74,-0.15,0.772,0.185,-0.28,0.646,0.747,0.028,0.098,0.412,0.524,0.544,-0.643,-0.166,0.499,-0.146,0.759,-0.487,0.614,0.664,0.735,0.081,0.743,0.616,0.158,0.073,0.658,0.239,-0.188,0.416,0.42,0.35,0.754,0.13,0.068,0.651,-0.26,0.566,0.465,0.754,0.655,0.438,0.166,0.158,-0.078,0.211,0.572,0.346,0.29,0.627,-0.119,0.281,-0.027,-0.12,0.627,0.386,-0.011,-0.164,0.078,0.661,0.096,0.744,0.148,0.651,0.782,0.57,0.57,0.563,0.627,0.834,0.197,0.573,0.372,0.83,0.576,0.673,-0.448,0.157,0.577,0.747,0.135,0.5,0.706,0.771,0.803,0.557,0.774,0.07,0.59,0.055,0.626,0.73,0.746,0.707,0.534,0.797,0.118,0.68,0.573,0.624,0.819,0.721,-0.026,0.184,-0.244,0.761,0.287,0.286,0.139,0.724,0.666,0.416,0.432,0.744,0.64,0.119,0.801,0.211,0.359,0.605,0.785,0.526,-0.284,0.679,0.442,0.773,0.551,0.083,0.745,0.697,0.687,0.647
ATEC,0.308,0.356,-0.361,-0.127,0.064,-0.263,-0.619,-0.12,-0.424,0.161,-0.4,0.042,-0.532,-0.608,0.237,0.236,0.0,0.001,0.497,-0.639,0.274,-0.276,-0.595,0.318,-0.728,-0.402,-0.237,-0.225,0.716,-0.224,-0.381,-0.657,-0.054,0.184,0.185,0.442,0.054,0.007,0.552,0.389,-0.123,-0.672,0.451,0.263,-0.301,-0.042,0.191,0.227,-0.483,0.269,-0.563,-0.799,0.31,0.244,0.496,0.002,0.292,0.316,-0.245,0.214,0.306,-0.181,0.036,-0.596,-0.694,-0.092,0.32,-0.394,0.5,-0.426,0.317,-0.678,-0.498,0.431,0.309,-0.523,-0.636,-0.291,-0.154,0.599,-0.509,-0.556,0.486,-0.64,0.268,-0.552,0.555,-0.076,-0.131,0.029,0.498,0.13,0.585,-0.607,0.04,-0.422,-0.635,0.385,0.494,-0.68,0.096,-0.23,-0.651,0.04,-0.564,0.006,0.127,-0.1,0.641,0.736,-0.403,-0.345,-0.508,0.008,-0.161,-0.367,-0.299,0.132,-0.861,-0.713,-0.182,0.195,0.091,-0.584,-0.717,-0.774,-0.502,0.458,-0.477,0.351,0.762,-0.25,0.289,-0.177,-0.409,0.09,0.066,0.055,-0.584,-0.135,-0.135,0.201,-0.066,0.6,-0.509,-0.617,0.656,0.449,-0.504,-0.155,0.373,0.479,0.356,0.184,0.326,0.605,0.344,-0.521,-0.02,0.376,0.292,-0.134,0.414,0.088,-0.223,-0.039,0.109,0.543,0.402,0.274,0.075,-0.379,-0.714,0.477,-0.684,-0.077,-0.325,0.122,-0.325,0.198,-0.138,-0.027,0.302,-0.146,0.128,-0.056,-0.266,-0.09,0.322,0.126,-0.732,-0.185,-0.507,0.39,0.59,-0.081,0.401,0.178,-0.036,0.582
ATXS,0.855,0.872,0.205,0.512,0.903,-0.52,0.17,-0.266,-0.079,0.719,-0.083,0.873,0.621,0.289,0.914,0.734,0.001,0.0,0.571,-0.032,0.836,0.666,0.044,0.143,-0.287,-0.586,0.284,0.756,0.428,0.871,0.388,0.061,0.599,0.895,-0.159,0.77,0.935,0.139,0.711,0.762,0.889,0.289,0.712,0.909,0.749,0.054,0.877,0.907,0.518,0.753,-0.17,0.352,0.834,0.819,0.741,-0.698,0.865,0.782,0.206,0.893,0.829,-0.111,0.251,0.565,0.114,0.805,0.194,0.738,0.776,-0.446,0.794,0.495,-0.527,0.842,0.893,-0.195,0.315,0.498,0.795,0.617,-0.673,-0.32,0.726,-0.326,0.883,-0.647,0.734,0.952,0.897,-0.039,0.724,0.9,-0.076,0.307,0.95,0.253,-0.124,0.633,0.641,0.302,0.927,0.082,0.032,0.939,-0.455,0.935,0.223,0.855,0.542,0.524,0.528,-0.167,0.027,0.399,0.661,0.514,0.09,0.94,0.028,0.442,-0.117,-0.402,0.716,0.603,0.045,-0.145,0.205,0.818,0.104,0.871,0.183,0.8,0.901,0.718,0.503,0.853,0.699,0.767,0.346,0.891,0.491,0.839,0.902,0.688,-0.652,0.413,0.571,0.815,0.267,0.799,0.539,0.718,0.838,0.339,0.771,0.086,0.838,0.338,0.859,0.813,0.876,0.717,0.765,0.79,0.331,0.863,0.905,0.706,0.822,0.924,-0.006,0.125,-0.11,0.747,0.531,0.687,-0.114,0.932,0.588,0.616,0.506,0.912,0.787,0.143,0.866,0.659,0.387,0.922,0.846,0.295,-0.357,0.705,0.606,0.841,0.705,-0.15,0.82,0.891,0.888,0.682
AVAV,0.634,0.697,-0.12,0.396,0.503,-0.573,-0.006,-0.011,-0.334,0.573,-0.126,0.486,0.205,-0.078,0.69,0.397,0.497,0.571,0.0,-0.111,0.619,0.327,-0.209,0.107,-0.545,-0.703,-0.048,0.197,0.6,0.392,-0.206,-0.227,0.458,0.717,-0.132,0.643,0.554,0.155,0.73,0.617,0.449,-0.134,0.549,0.7,0.374,0.168,0.505,0.718,0.114,0.465,-0.411,-0.218,0.75,0.673,0.673,-0.595,0.605,0.59,0.111,0.582,0.554,-0.122,0.172,0.053,-0.184,0.38,0.021,0.133,0.676,-0.515,0.526,-0.043,-0.538,0.746,0.698,-0.51,0.0,0.274,0.353,0.616,-0.556,-0.481,0.659,-0.567,0.655,-0.684,0.706,0.593,0.373,-0.169,0.604,0.624,0.261,0.015,0.616,-0.086,-0.599,0.584,0.651,-0.286,0.559,0.119,-0.249,0.577,-0.731,0.64,0.004,0.388,0.639,0.756,0.286,-0.345,-0.031,0.206,0.399,0.283,-0.179,0.665,-0.423,-0.191,-0.184,-0.304,0.313,0.03,-0.377,-0.621,0.054,0.73,-0.104,0.659,0.611,0.395,0.629,0.474,0.086,0.512,0.557,0.365,0.004,0.535,0.347,0.557,0.461,0.772,-0.738,-0.091,0.607,0.72,-0.059,0.353,0.332,0.691,0.621,0.176,0.457,0.307,0.767,0.145,0.631,0.738,0.621,0.287,0.62,0.503,0.233,0.466,0.668,0.742,0.635,0.676,0.315,0.033,-0.374,0.652,-0.008,0.416,-0.21,0.67,0.144,0.362,0.177,0.552,0.666,-0.227,0.534,0.549,0.128,0.484,0.595,-0.046,-0.6,0.246,0.171,0.664,0.732,-0.269,0.694,0.575,0.517,0.601
AXON,-0.314,-0.344,0.067,0.382,-0.15,0.086,0.884,0.533,0.165,-0.215,0.706,-0.105,0.624,0.644,-0.18,-0.223,-0.639,-0.032,-0.111,0.0,-0.241,0.241,0.755,-0.442,0.642,0.183,0.217,-0.056,-0.591,0.212,0.041,0.796,0.418,-0.085,-0.025,-0.516,-0.145,0.275,-0.513,-0.479,0.001,0.692,-0.498,-0.241,0.321,0.254,-0.336,-0.097,0.623,-0.427,0.545,0.673,-0.153,-0.097,-0.353,-0.2,-0.383,-0.291,0.461,-0.318,-0.434,0.355,-0.16,0.526,0.762,0.047,-0.559,0.242,-0.504,0.423,-0.424,0.602,0.608,-0.345,-0.299,0.363,0.816,0.52,-0.006,-0.681,0.625,0.438,-0.509,0.554,-0.262,0.528,-0.539,0.127,-0.028,-0.321,-0.59,-0.133,-0.606,0.702,-0.006,0.295,0.264,-0.34,-0.422,0.493,-0.181,0.575,0.737,-0.06,0.284,0.077,-0.096,0.021,-0.584,-0.534,0.619,0.331,0.875,-0.125,0.308,0.677,0.331,-0.06,0.743,0.545,0.202,-0.394,-0.2,0.491,0.601,0.677,0.822,-0.422,0.61,-0.387,-0.582,0.393,-0.29,0.388,0.478,-0.165,0.182,-0.154,0.677,0.201,0.306,-0.218,-0.018,-0.456,0.477,0.601,-0.575,-0.432,0.52,0.061,-0.623,-0.257,-0.399,-0.286,-0.521,-0.608,-0.214,0.816,0.273,-0.25,-0.342,0.054,-0.49,0.048,0.44,0.079,-0.048,-0.39,-0.426,-0.275,0.481,0.592,0.744,-0.476,0.637,0.099,0.439,-0.019,0.264,-0.42,0.202,0.103,-0.321,-0.19,-0.202,0.229,0.243,0.025,-0.395,-0.452,0.704,0.145,0.553,-0.401,-0.531,0.119,-0.391,-0.294,0.013,-0.64
BANF,0.846,0.911,0.073,0.42,0.823,-0.38,-0.058,-0.317,-0.197,0.782,-0.046,0.923,0.399,0.205,0.86,0.84,0.274,0.836,0.619,-0.241,0.0,0.639,-0.22,0.108,-0.405,-0.57,0.327,0.606,0.546,0.79,0.303,-0.082,0.51,0.821,0.091,0.838,0.892,0.118,0.837,0.698,0.722,0.057,0.844,0.885,0.5,0.074,0.798,0.871,0.356,0.738,-0.145,0.145,0.816,0.838,0.915,-0.462,0.944,0.941,0.089,0.824,0.822,-0.093,0.304,0.302,-0.033,0.846,0.382,0.678,0.868,-0.418,0.84,0.187,-0.493,0.855,0.916,-0.201,0.055,0.475,0.607,0.711,-0.8,-0.329,0.703,-0.331,0.934,-0.666,0.8,0.823,0.861,-0.059,0.884,0.806,0.208,0.064,0.806,0.09,-0.362,0.589,0.619,0.244,0.853,0.079,-0.104,0.806,-0.497,0.748,0.429,0.749,0.784,0.602,0.338,-0.033,-0.116,0.234,0.684,0.332,0.161,0.817,-0.158,0.21,-0.029,-0.283,0.675,0.357,-0.045,-0.309,0.093,0.866,0.042,0.925,0.323,0.68,0.934,0.639,0.491,0.733,0.758,0.845,0.102,0.741,0.342,0.922,0.748,0.786,-0.658,0.12,0.711,0.919,0.005,0.549,0.734,0.838,0.936,0.586,0.859,0.139,0.79,0.101,0.745,0.918,0.896,0.688,0.732,0.78,0.201,0.84,0.784,0.701,0.949,0.884,-0.024,0.102,-0.282,0.915,0.324,0.392,-0.04,0.866,0.648,0.505,0.467,0.847,0.752,0.108,0.943,0.465,0.417,0.716,0.949,0.487,-0.482,0.752,0.367,0.927,0.754,0.021,0.911,0.843,0.843,0.766
BATRK,0.414,0.535,0.092,0.309,0.678,0.018,0.32,-0.094,0.212,0.531,0.291,0.714,0.591,0.509,0.536,0.614,-0.276,0.666,0.327,0.241,0.639,0.0,0.118,-0.218,0.114,-0.125,0.494,0.736,0.133,0.747,0.612,0.375,0.526,0.572,-0.008,0.475,0.658,0.422,0.429,0.279,0.763,0.551,0.435,0.531,0.42,-0.081,0.439,0.527,0.513,0.434,0.353,0.576,0.446,0.516,0.458,-0.251,0.57,0.519,0.203,0.575,0.464,0.252,0.271,0.493,0.338,0.824,0.209,0.814,0.495,0.124,0.513,0.525,-0.035,0.418,0.509,0.334,0.534,0.6,0.63,0.161,-0.337,0.179,0.159,0.132,0.586,-0.256,0.27,0.733,0.71,0.003,0.386,0.584,-0.013,0.405,0.571,0.497,0.086,0.06,0.047,0.614,0.664,0.354,0.468,0.605,-0.012,0.572,0.183,0.661,0.229,0.091,0.357,0.327,0.288,0.071,0.708,0.578,0.377,0.526,0.309,0.553,-0.084,-0.213,0.469,0.561,0.276,0.127,0.381,0.367,0.488,0.513,-0.196,0.752,0.522,0.743,0.724,0.533,0.612,0.725,0.521,0.608,0.51,0.677,0.564,0.333,-0.228,0.389,0.168,0.521,0.396,0.51,0.457,0.463,0.508,0.497,0.514,-0.379,0.365,0.445,0.611,0.481,0.552,0.722,0.219,0.652,0.148,0.685,0.439,0.3,0.513,0.538,0.0,0.388,0.051,0.411,0.617,0.172,0.434,0.686,0.751,0.206,0.354,0.635,0.588,0.136,0.596,0.202,0.573,0.595,0.551,0.4,0.01,0.647,0.703,0.509,0.267,0.049,0.533,0.586,0.629,0.314
BIDU,-0.29,-0.329,0.026,0.224,-0.11,0.045,0.784,0.534,0.402,-0.216,0.593,-0.1,0.652,0.643,-0.164,-0.065,-0.595,0.044,-0.209,0.755,-0.22,0.118,0.0,-0.377,0.645,0.331,0.201,0.072,-0.541,0.157,0.227,0.743,0.413,-0.12,-0.294,-0.453,-0.131,0.165,-0.546,-0.307,0.076,0.76,-0.457,-0.2,0.482,0.147,-0.218,-0.058,0.562,-0.435,0.443,0.684,-0.094,-0.145,-0.243,-0.223,-0.312,-0.216,0.543,-0.167,-0.4,0.166,-0.019,0.682,0.75,0.037,-0.354,0.253,-0.441,0.374,-0.229,0.669,0.581,-0.338,-0.215,0.253,0.79,0.434,0.046,-0.628,0.641,0.432,-0.419,0.502,-0.246,0.551,-0.469,0.07,-0.029,-0.043,-0.482,-0.091,-0.761,0.802,0.109,0.367,0.401,-0.269,-0.339,0.457,-0.09,0.42,0.722,0.03,0.281,0.127,0.029,0.259,-0.544,-0.504,0.484,0.323,0.7,0.125,0.108,0.664,0.229,-0.019,0.671,0.633,0.079,-0.415,-0.012,0.53,0.52,0.706,0.638,-0.356,0.456,-0.344,-0.536,0.408,-0.239,0.338,0.523,-0.161,0.042,-0.042,0.785,0.206,0.461,-0.221,-0.02,-0.336,0.417,0.557,-0.54,-0.401,0.68,0.253,-0.485,-0.191,-0.308,-0.443,-0.462,-0.508,-0.17,0.658,0.249,-0.249,-0.284,0.053,-0.407,0.139,0.387,0.108,0.0,-0.203,-0.317,-0.153,0.501,0.6,0.725,-0.398,0.597,0.289,0.361,-0.07,0.205,-0.205,0.244,0.106,-0.288,-0.256,-0.117,0.187,0.139,0.142,-0.357,-0.408,0.763,0.118,0.611,-0.361,-0.495,-0.094,-0.345,-0.225,0.036,-0.542
BLNE,0.323,0.31,0.241,-0.077,0.197,-0.286,-0.48,-0.524,-0.2,0.176,-0.631,0.047,-0.237,-0.523,0.233,0.027,0.318,0.143,0.107,-0.442,0.108,-0.218,-0.377,0.0,-0.522,-0.346,-0.021,0.114,0.378,-0.107,-0.169,-0.681,-0.128,0.197,-0.106,0.352,0.19,-0.28,0.351,0.472,0.073,-0.493,0.32,0.304,0.026,-0.129,0.381,0.155,-0.312,0.427,-0.426,-0.416,0.214,0.152,0.127,-0.141,0.259,0.2,-0.168,0.313,0.405,-0.417,0.13,-0.2,-0.518,-0.091,0.256,-0.154,0.28,-0.433,0.3,-0.25,-0.557,0.317,0.224,-0.353,-0.411,-0.345,0.099,0.489,-0.439,-0.488,0.466,-0.374,0.24,-0.412,0.425,0.06,0.08,-0.034,0.313,0.235,0.149,-0.367,0.196,-0.157,0.099,0.428,0.509,-0.372,0.202,-0.401,-0.635,0.229,-0.213,0.131,-0.053,-0.092,0.23,0.438,-0.121,-0.459,-0.513,0.446,-0.153,-0.375,-0.425,0.205,-0.453,-0.224,0.096,0.199,0.232,-0.128,-0.295,-0.491,-0.447,0.352,-0.412,0.301,0.496,-0.232,0.299,-0.346,-0.47,0.19,-0.04,0.119,-0.391,-0.012,-0.066,0.059,0.259,0.348,-0.382,0.015,0.487,0.29,-0.333,0.214,0.263,0.115,0.266,-0.038,0.309,0.344,0.299,-0.437,-0.005,0.147,0.279,-0.248,0.487,0.035,-0.309,-0.022,0.211,0.353,0.258,0.252,-0.287,-0.627,-0.407,0.28,-0.28,0.405,-0.558,0.108,-0.347,0.678,0.158,0.024,0.258,0.129,0.115,0.077,-0.159,0.212,0.278,0.047,-0.538,-0.075,-0.203,0.294,0.441,-0.004,0.155,0.275,0.085,0.481
BLNK,-0.567,-0.583,0.099,-0.154,-0.369,0.614,0.665,0.494,0.446,-0.212,0.653,-0.196,0.3,0.696,-0.535,-0.263,-0.728,-0.287,-0.545,0.642,-0.405,0.114,0.645,-0.522,0.0,0.745,0.126,-0.151,-0.742,0.024,0.37,0.791,0.126,-0.491,-0.051,-0.697,-0.332,0.084,-0.686,-0.707,-0.166,0.71,-0.57,-0.537,0.11,0.256,-0.535,-0.383,0.414,-0.629,0.531,0.651,-0.393,-0.506,-0.481,0.28,-0.546,-0.452,0.371,-0.5,-0.643,0.303,0.18,0.44,0.717,0.022,-0.278,0.205,-0.655,0.7,-0.529,0.353,0.87,-0.674,-0.552,0.466,0.54,0.279,-0.217,-0.805,0.739,0.904,-0.748,0.828,-0.528,0.765,-0.709,-0.181,-0.146,-0.152,-0.663,-0.464,-0.471,0.605,-0.333,0.331,0.392,-0.692,-0.761,0.6,-0.393,0.395,0.82,-0.341,0.702,-0.275,0.007,-0.042,-0.637,-0.819,0.175,0.736,0.616,-0.176,-0.042,0.449,0.474,-0.387,0.774,0.481,0.257,-0.225,-0.219,0.315,0.636,0.834,0.587,-0.693,0.541,-0.611,-0.713,0.156,-0.509,0.102,0.365,-0.351,-0.167,-0.093,0.638,-0.149,0.224,-0.25,-0.324,-0.669,0.798,0.321,-0.803,-0.635,0.611,-0.041,-0.391,-0.451,-0.561,-0.174,-0.562,-0.682,-0.599,0.54,-0.165,-0.515,-0.542,0.004,-0.732,-0.048,0.191,-0.135,-0.36,-0.588,-0.571,-0.539,0.326,0.671,0.814,-0.63,0.464,-0.226,0.689,-0.322,0.338,-0.518,0.206,-0.148,-0.618,-0.142,-0.297,-0.187,0.219,-0.278,-0.56,-0.195,0.919,0.077,0.326,-0.627,-0.797,0.183,-0.543,-0.431,-0.246,-0.739
BTAI,-0.778,-0.712,-0.034,-0.639,-0.506,0.867,0.099,0.287,0.6,-0.395,0.26,-0.472,-0.209,0.265,-0.757,-0.307,-0.402,-0.586,-0.703,0.183,-0.57,-0.125,0.331,-0.346,0.745,0.0,0.124,-0.236,-0.511,-0.413,0.399,0.372,-0.306,-0.737,-0.101,-0.66,-0.584,0.079,-0.706,-0.661,-0.329,0.33,-0.56,-0.706,-0.352,-0.089,-0.667,-0.695,-0.139,-0.628,0.407,0.22,-0.645,-0.802,-0.536,0.684,-0.62,-0.534,0.064,-0.551,-0.676,0.175,0.162,0.052,0.25,-0.27,0.169,-0.123,-0.61,0.715,-0.49,-0.025,0.733,-0.814,-0.699,0.514,0.112,-0.236,-0.416,-0.708,0.655,0.782,-0.79,0.622,-0.687,0.731,-0.721,-0.588,-0.469,0.266,-0.611,-0.638,-0.137,0.177,-0.616,0.164,0.508,-0.831,-0.819,0.267,-0.536,0.05,0.518,-0.585,0.756,-0.651,0.004,-0.257,-0.603,-0.728,-0.432,0.708,0.109,-0.112,-0.447,-0.071,0.167,-0.685,0.348,0.19,-0.02,0.241,-0.22,-0.056,0.374,0.535,-0.001,-0.774,0.293,-0.714,-0.526,-0.257,-0.682,-0.295,0.016,-0.576,-0.557,-0.237,0.285,-0.609,-0.058,-0.441,-0.609,-0.626,0.769,-0.115,-0.718,-0.679,0.38,-0.236,-0.19,-0.585,-0.613,-0.182,-0.54,-0.364,-0.787,-0.046,-0.623,-0.697,-0.682,-0.188,-0.766,-0.296,-0.351,-0.455,-0.743,-0.604,-0.604,-0.703,0.042,0.248,0.44,-0.662,-0.025,-0.493,0.534,-0.649,-0.028,-0.429,-0.117,-0.56,-0.624,-0.013,-0.522,-0.714,0.047,-0.504,-0.63,0.031,0.719,-0.299,-0.005,-0.684,-0.752,0.137,-0.633,-0.573,-0.632,-0.59
BYND,0.064,0.236,0.222,0.252,0.407,0.228,0.108,-0.221,0.22,0.243,0.121,0.383,0.355,0.323,0.207,0.426,-0.237,0.284,-0.048,0.217,0.327,0.494,0.201,-0.021,0.126,0.124,0.0,0.458,-0.037,0.395,0.466,0.246,0.323,0.279,0.127,0.185,0.35,0.301,0.036,0.142,0.451,0.36,0.264,0.263,0.157,-0.114,0.228,0.179,0.307,0.288,0.531,0.401,0.133,0.248,0.237,0.074,0.288,0.343,0.165,0.317,0.25,0.171,0.13,0.387,0.218,0.456,0.428,0.593,0.214,0.192,0.36,0.394,0.081,0.103,0.209,0.492,0.353,0.214,0.301,-0.024,-0.172,0.084,-0.047,0.2,0.327,0.027,0.068,0.318,0.403,0.192,0.143,0.319,-0.057,0.23,0.324,0.259,0.447,-0.015,0.029,0.491,0.389,0.216,0.329,0.314,0.249,0.19,0.299,0.386,0.022,-0.047,0.155,0.323,0.095,0.323,0.449,0.237,0.088,0.213,0.215,0.525,0.013,0.125,0.511,0.534,0.53,0.234,0.209,0.141,0.507,0.215,-0.338,0.442,0.246,0.39,0.49,0.209,0.349,0.409,0.335,0.233,0.155,0.341,0.343,0.129,0.039,0.338,0.106,0.204,0.258,0.362,0.288,0.09,0.268,0.281,0.274,-0.178,0.111,0.141,0.283,0.227,0.253,0.358,0.084,0.346,-0.171,0.425,0.091,-0.022,0.267,0.216,-0.011,0.051,0.171,0.193,0.392,0.149,0.22,0.276,0.457,0.258,0.414,0.329,0.235,0.426,0.295,-0.09,0.419,0.362,0.288,0.318,0.17,0.391,0.476,0.26,0.049,0.398,0.201,0.236,0.25,0.155
CAN,0.57,0.616,0.147,0.32,0.809,-0.232,0.033,-0.424,0.259,0.469,-0.084,0.684,0.561,0.197,0.641,0.614,-0.225,0.756,0.197,-0.056,0.606,0.736,0.072,0.114,-0.151,-0.236,0.458,0.0,0.275,0.662,0.633,0.091,0.368,0.639,-0.165,0.623,0.742,0.244,0.465,0.555,0.844,0.379,0.562,0.642,0.468,-0.274,0.68,0.553,0.352,0.677,0.188,0.45,0.456,0.59,0.448,-0.353,0.667,0.516,-0.007,0.76,0.665,0.079,0.135,0.432,0.144,0.688,0.332,0.767,0.608,-0.12,0.697,0.565,-0.356,0.533,0.592,0.206,0.368,0.377,0.81,0.379,-0.5,-0.165,0.408,-0.105,0.662,-0.37,0.421,0.7,0.749,0.23,0.514,0.721,-0.105,0.26,0.686,0.566,0.313,0.316,0.314,0.492,0.808,0.048,0.154,0.723,-0.049,0.654,0.257,0.709,0.295,0.223,0.243,-0.042,-0.035,0.275,0.575,0.335,0.134,0.604,0.153,0.532,-0.193,-0.056,0.629,0.508,0.108,0.013,0.029,0.508,0.292,0.633,-0.141,0.59,0.629,0.576,0.55,0.61,0.44,0.688,0.367,0.619,0.382,0.602,0.689,0.394,-0.413,0.427,0.387,0.578,0.25,0.617,0.528,0.473,0.596,0.37,0.678,-0.111,0.438,0.15,0.563,0.46,0.722,0.679,0.487,0.545,0.028,0.673,0.511,0.435,0.591,0.696,-0.308,0.044,-0.148,0.483,0.475,0.415,0.052,0.666,0.498,0.576,0.249,0.602,0.722,0.358,0.602,0.227,0.362,0.76,0.638,0.495,-0.186,0.565,0.67,0.594,0.439,-0.027,0.593,0.71,0.711,0.527
CCEC,0.557,0.658,-0.082,0.003,0.492,-0.371,-0.534,-0.371,-0.217,0.45,-0.562,0.359,-0.203,-0.442,0.591,0.453,0.716,0.428,0.6,-0.591,0.546,0.133,-0.541,0.378,-0.742,-0.511,-0.037,0.275,0.0,0.155,-0.043,-0.58,0.069,0.55,-0.084,0.736,0.47,0.077,0.736,0.706,0.381,-0.463,0.657,0.622,0.034,-0.155,0.544,0.524,-0.272,0.635,-0.498,-0.493,0.548,0.477,0.642,-0.291,0.628,0.552,-0.23,0.626,0.654,-0.203,0.085,-0.245,-0.622,0.238,0.456,0.001,0.77,-0.587,0.65,-0.289,-0.731,0.696,0.616,-0.366,-0.438,-0.162,0.326,0.765,-0.752,-0.62,0.708,-0.727,0.606,-0.737,0.753,0.334,0.276,0.21,0.713,0.544,0.453,-0.416,0.437,-0.205,-0.377,0.541,0.654,-0.457,0.533,-0.294,-0.549,0.469,-0.639,0.392,0.126,0.268,0.678,0.772,-0.21,-0.362,-0.535,0.244,0.118,-0.177,-0.338,0.504,-0.677,-0.292,-0.369,0.101,0.448,-0.217,-0.551,-0.738,-0.488,0.71,-0.378,0.657,0.619,0.09,0.618,0.146,-0.19,0.436,0.243,0.364,-0.308,0.226,0.038,0.481,0.373,0.766,-0.715,-0.321,0.738,0.723,-0.276,0.27,0.592,0.638,0.644,0.261,0.634,0.551,0.615,-0.401,0.273,0.592,0.617,0.247,0.682,0.34,-0.28,0.335,0.412,0.724,0.664,0.62,-0.177,-0.392,-0.714,0.663,-0.321,0.238,-0.404,0.466,-0.072,0.503,0.012,0.302,0.671,0.06,0.421,0.128,-0.032,0.378,0.638,0.327,-0.777,0.083,-0.074,0.693,0.812,-0.223,0.654,0.585,0.298,0.813
CDW,0.688,0.702,0.218,0.577,0.751,-0.301,0.403,-0.123,-0.095,0.663,0.258,0.898,0.707,0.554,0.769,0.687,-0.224,0.871,0.392,0.212,0.79,0.747,0.157,-0.107,0.024,-0.413,0.395,0.662,0.155,0.0,0.432,0.382,0.668,0.748,0.055,0.547,0.868,0.17,0.519,0.43,0.766,0.466,0.556,0.749,0.709,0.225,0.686,0.805,0.721,0.578,0.12,0.608,0.688,0.735,0.639,-0.539,0.71,0.682,0.21,0.662,0.638,0.118,0.228,0.632,0.407,0.909,0.073,0.889,0.583,-0.196,0.589,0.564,-0.194,0.65,0.718,0.063,0.452,0.708,0.653,0.34,-0.489,-0.024,0.442,0.021,0.762,-0.37,0.487,0.921,0.927,-0.222,0.529,0.729,-0.159,0.418,0.807,0.265,-0.104,0.409,0.365,0.595,0.775,0.313,0.298,0.795,-0.208,0.813,0.33,0.775,0.391,0.214,0.66,0.149,0.301,0.149,0.819,0.666,0.415,0.802,0.35,0.588,0.11,-0.495,0.604,0.696,0.342,0.184,0.509,0.602,0.324,0.698,-0.12,0.895,0.781,0.806,0.713,0.74,0.801,0.79,0.451,0.872,0.422,0.818,0.804,0.42,-0.334,0.534,0.347,0.644,0.315,0.634,0.419,0.631,0.673,0.449,0.637,-0.209,0.62,0.527,0.848,0.706,0.725,0.77,0.493,0.784,0.433,0.88,0.78,0.409,0.654,0.734,0.036,0.362,0.16,0.577,0.732,0.453,0.175,0.879,0.831,0.285,0.586,0.927,0.545,0.149,0.812,0.6,0.505,0.756,0.713,0.309,-0.058,0.888,0.662,0.667,0.431,0.085,0.69,0.746,0.864,0.421
CDXS,0.106,0.204,0.162,-0.192,0.445,0.391,0.14,-0.144,0.579,0.28,0.124,0.422,0.37,0.483,0.143,0.461,-0.381,0.388,-0.206,0.041,0.303,0.612,0.227,-0.169,0.37,0.399,0.466,0.633,-0.043,0.432,0.0,0.369,0.172,0.128,-0.161,0.198,0.375,0.217,0.051,0.112,0.578,0.569,0.236,0.188,0.291,-0.113,0.248,0.169,0.29,0.205,0.306,0.561,0.147,0.033,0.197,0.067,0.299,0.266,0.169,0.377,0.209,0.065,0.342,0.507,0.276,0.559,0.437,0.653,0.228,0.297,0.387,0.437,0.144,0.032,0.196,0.435,0.33,0.212,0.476,-0.027,-0.107,0.39,-0.059,0.32,0.221,0.068,0.029,0.335,0.459,0.277,0.175,0.261,-0.114,0.369,0.295,0.497,0.435,-0.219,-0.208,0.612,0.41,0.065,0.508,0.358,0.324,0.233,0.221,0.594,-0.015,-0.218,-0.022,0.513,0.043,0.203,0.215,0.324,0.269,0.215,0.369,0.601,-0.159,-0.044,0.498,0.475,0.369,0.344,0.095,0.058,0.455,0.199,-0.387,0.435,0.23,0.351,0.513,0.281,0.108,0.552,0.54,0.239,0.341,0.412,0.293,0.043,0.108,0.286,-0.093,0.159,0.532,0.497,0.432,0.14,0.242,0.269,0.342,-0.317,0.001,0.159,0.157,0.103,0.249,0.578,0.004,0.441,-0.15,0.422,0.085,0.073,0.265,0.227,-0.167,0.292,0.237,0.14,0.463,0.073,0.405,0.267,0.581,0.208,0.304,0.303,0.235,0.241,0.367,-0.145,0.419,0.391,0.283,0.469,0.284,0.436,0.544,0.199,-0.013,0.134,0.202,0.364,0.283,0.155
