,ABEO,ACHC,AGNCN,AKAM,AKRO,ALRM,AMAT,AMED,AMRN,ANGI,APA,APOG,APPS,ARCB,ARCC,ARVN,ATEC,ATXS,AVAV,AXON,BANF,BATRK,BIDU,BLNE,BLNK,BTAI,BYND,CAN,CCEC,CDW,CDXS,CELH,CGNX,CHKP,CHRS,CHRW,CIGI,CKPT,CMPR,COGT,CRNC,CRSP,CSTL,CTSH,CVGW,DGLY,DNLI,DOCU,DVAX,EBAY,EHTH,ERII,ESLT,EXPE,EXPO,FBIOP,FFBC,FFIN,FOXF,FWRD,GDS,GERN,GPRE,GRWG,GRYP,HEES,HELE,HIVE,HON,HRTX,HSTM,HURA,IART,IBKR,IBOC,IBRX,IDXX,INGN,INM,INVA,IQ,IRBT,KDP,KPTI,KTOS,KXIN,LAMR,LFUS,LGIH,LGMK,LKFN,LNW,LOPE,LPSN,LYFT,MGNX,MLCO,MNST,MODV,MSTR,MTCH,MYGN,MYRG,NCMI,NEXT,NFLX,NIU,NKTR,NRC,NTNX,NTRA,NVEE,NVMI,NWL,NWS,NXPI,OCGN,OCSL,OKTA,OLLI,OTLK,OXLC,PAA,PARA,PARAA,PDCO,PDFS,PFG,PGEN,PNFP,PODD,POWI,PSMT,PTC,PTEN,PVLA,RDNT,RDUS,RDWR,REGN,RNAC,ROCK,ROST,RRR,RSLS,RVMD,RYAAY,SAFT,SAGE,SAVA,SBGI,SFM,SFNC,SHYF,SIBN,SIFY,SIGI,SIMO,SITM,SLM,SNBR,SNDX,SNY,SPNS,SRRK,STRA,SUPN,SYRE,TCBK,TEAM,TECH,THRM,TLRY,TRMK,TROW,TSLA,TWST,TXN,UFPI,UNIT,UPWK,USLM,UTHR,VERB,VLY,VRNA,VRRM,VXRT,WAFD,WATT,WBA,WING,WIX,WTFC,WTW,XPEL,XRX,YMAB,ZG,ZLAB
ABEO,0.0,0.325,0.316,0.329,0.378,0.208,-0.179,-0.254,0.128,0.224,0.333,-0.017,0.258,0.376,0.096,-0.296,0.273,0.367,-0.065,0.097,0.286,0.21,0.301,-0.098,0.474,0.188,0.216,0.34,-0.25,-0.256,0.675,0.104,-0.033,-0.12,0.327,-0.136,0.488,0.025,0.425,-0.01,0.176,0.335,-0.022,0.227,0.265,0.287,0.553,0.175,-0.024,-0.089,-0.248,0.126,0.186,0.314,0.247,0.446,0.288,0.325,0.533,0.165,0.609,0.403,0.097,0.276,0.319,-0.014,0.575,-0.055,0.555,-0.031,0.381,-0.142,-0.081,-0.353,0.316,0.242,0.432,0.294,-0.014,0.39,0.264,0.205,0.123,0.341,-0.183,0.154,0.331,-0.268,0.695,0.094,0.509,0.126,0.076,0.326,0.336,0.337,0.412,0.291,-0.328,-0.015,0.522,0.223,-0.387,-0.295,0.249,-0.432,0.377,0.234,0.132,-0.173,-0.202,-0.045,-0.408,0.36,0.065,-0.288,0.704,0.327,0.069,-0.117,-0.21,0.115,0.08,0.381,0.375,0.588,-0.313,0.402,0.321,0.347,0.384,0.18,0.597,0.103,0.183,0.46,0.02,0.196,0.013,0.187,0.156,0.314,-0.223,0.809,-0.215,0.519,0.3,0.286,-0.008,0.296,0.449,-0.319,0.349,0.13,0.521,-0.431,0.196,-0.063,0.185,0.254,0.736,0.115,0.258,0.212,0.338,0.35,0.349,0.598,0.447,0.231,0.301,0.255,0.352,0.326,0.034,-0.082,0.465,-0.178,0.321,0.326,0.274,0.277,0.331,0.239,0.282,0.248,0.232,0.377,0.602,0.513,0.527,0.087,-0.246,0.354,0.562,-0.074,0.408,-0.179,0.663,0.338
ACHC,0.325,0.0,0.317,-0.327,0.492,-0.271,-0.459,-0.517,-0.29,0.466,-0.112,-0.378,-0.253,0.334,0.044,-0.723,0.12,0.388,-0.101,0.272,-0.013,0.223,0.131,0.438,-0.024,-0.048,0.649,-0.49,-0.044,-0.574,0.655,-0.442,-0.511,0.041,-0.184,0.169,-0.103,-0.466,0.578,0.153,0.298,0.388,-0.403,-0.365,0.225,-0.193,0.346,-0.255,-0.029,-0.029,-0.414,0.021,-0.214,0.624,-0.222,0.484,0.083,-0.014,0.566,0.684,0.312,0.605,0.065,0.541,0.176,-0.141,0.079,0.004,0.568,-0.207,0.346,-0.035,0.055,-0.667,-0.053,0.307,-0.276,0.016,-0.597,0.397,-0.216,0.457,0.544,-0.097,-0.681,-0.529,-0.1,-0.519,0.205,-0.501,0.177,0.142,0.212,-0.14,0.456,-0.107,-0.17,0.383,-0.772,-0.499,0.783,0.119,-0.411,-0.59,-0.001,-0.442,0.274,-0.048,-0.337,-0.584,-0.372,-0.055,-0.277,0.144,-0.075,-0.628,-0.111,0.578,-0.397,0.34,-0.367,-0.278,0.117,0.589,0.546,0.347,-0.517,0.054,0.394,0.086,-0.034,-0.25,0.158,-0.421,-0.31,0.238,-0.13,-0.098,-0.598,0.384,0.194,0.136,0.146,0.52,-0.141,0.093,0.535,0.4,-0.068,-0.339,0.566,-0.709,-0.105,0.281,0.401,-0.739,-0.098,-0.027,-0.285,0.666,0.652,0.077,0.654,-0.442,0.196,0.336,0.305,0.483,-0.078,0.048,-0.031,0.599,0.22,-0.034,-0.541,-0.353,0.647,-0.713,-0.112,0.324,0.151,0.045,-0.103,-0.058,-0.006,0.412,-0.293,-0.45,0.065,0.093,0.307,0.131,-0.402,0.102,0.385,0.307,-0.065,0.035,0.503,0.541
AGNCN,0.316,0.317,0.0,-0.436,0.011,-0.667,0.267,-0.794,-0.623,-0.419,-0.387,-0.649,-0.608,-0.399,0.687,-0.614,-0.586,-0.311,0.674,-0.556,-0.591,0.796,-0.571,-0.295,-0.066,-0.651,0.186,-0.02,0.568,-0.222,0.089,-0.575,-0.69,0.318,-0.581,0.625,-0.36,0.391,0.117,0.67,-0.572,0.485,-0.649,-0.452,-0.497,0.485,0.478,-0.691,0.676,0.64,0.004,-0.581,-0.532,0.541,-0.093,0.209,-0.555,-0.498,-0.074,0.636,0.142,0.508,-0.622,-0.344,-0.476,-0.693,-0.05,0.609,0.541,0.654,0.57,0.442,0.672,0.195,-0.542,-0.54,-0.411,-0.372,-0.183,0.278,-0.557,-0.442,0.701,-0.504,0.24,-0.096,-0.393,-0.451,-0.205,-0.49,-0.155,0.717,-0.337,-0.167,-0.395,0.175,-0.13,-0.424,-0.416,0.414,0.422,-0.576,-0.564,0.236,0.525,0.24,-0.453,-0.564,-0.644,-0.736,0.225,-0.508,0.365,-0.41,0.663,0.063,0.037,0.63,-0.712,0.644,-0.564,0.55,-0.469,-0.017,-0.055,-0.277,0.024,-0.445,0.757,-0.486,0.495,-0.485,-0.24,-0.585,-0.471,-0.226,0.521,-0.629,-0.5,0.611,0.79,-0.266,0.572,0.467,0.306,0.623,-0.219,-0.388,-0.642,-0.292,-0.152,0.076,-0.496,0.285,-0.271,-0.702,-0.376,0.428,-0.478,0.117,0.281,-0.596,0.265,-0.464,-0.495,-0.434,-0.394,-0.136,-0.252,-0.608,-0.503,0.724,-0.506,-0.512,0.344,0.084,0.388,0.074,-0.393,-0.48,-0.591,-0.576,0.595,0.431,-0.548,-0.377,-0.571,-0.256,-0.256,-0.329,-0.255,-0.197,0.407,-0.503,0.313,0.7,0.387,-0.002,-0.041,-0.252
AKAM,0.329,-0.327,-0.436,0.0,0.195,0.838,-0.158,0.653,0.75,0.437,0.722,0.689,0.911,0.619,-0.467,0.596,0.655,0.495,-0.578,0.465,0.773,-0.596,0.751,-0.06,0.52,0.759,-0.14,0.479,-0.74,0.459,0.256,0.897,0.823,-0.073,0.927,-0.652,0.805,-0.129,0.123,-0.489,0.486,-0.103,0.635,0.918,0.581,-0.059,0.101,0.829,-0.572,-0.446,-0.258,0.64,0.813,-0.273,0.637,0.147,0.783,0.768,0.355,-0.727,0.35,-0.174,0.746,0.345,0.713,0.668,0.621,-0.529,-0.058,-0.47,-0.217,-0.712,-0.727,-0.303,0.825,0.589,0.876,0.753,0.434,0.276,0.823,0.482,-0.451,0.884,-0.148,0.407,0.869,0.444,0.722,0.709,0.578,-0.426,0.423,0.523,0.439,0.292,0.664,0.558,0.281,-0.191,-0.118,0.726,0.264,-0.377,0.037,-0.468,0.633,0.845,0.884,0.774,-0.336,0.69,-0.603,0.779,-0.531,0.048,0.712,-0.624,0.835,-0.866,0.62,-0.219,0.616,0.173,0.295,0.618,-0.182,0.811,-0.436,0.79,-0.059,0.81,0.756,0.895,0.769,0.756,-0.466,0.803,0.669,-0.263,-0.678,0.466,-0.774,0.195,-0.601,-0.048,0.406,0.481,0.673,0.603,0.413,0.013,0.872,-0.084,0.512,0.375,0.62,-0.297,0.556,0.01,0.107,0.674,0.086,0.808,0.758,0.619,0.677,0.519,0.769,0.801,0.85,-0.726,0.692,0.835,0.127,0.069,-0.064,0.197,0.791,0.636,0.727,0.791,-0.007,-0.239,0.839,0.483,0.849,0.797,0.785,0.774,0.714,0.023,-0.394,0.743,0.327,-0.804,0.273,-0.03,0.528,0.434
AKRO,0.378,0.492,0.011,0.195,0.0,0.115,-0.106,-0.118,-0.051,0.579,0.169,-0.153,0.206,0.476,-0.212,-0.368,0.495,0.306,-0.266,0.364,0.307,-0.063,0.413,0.11,0.288,0.146,0.324,0.097,-0.431,-0.112,0.551,0.108,0.009,0.304,0.26,-0.089,0.102,-0.283,0.611,0.003,0.346,0.437,-0.101,0.262,0.256,-0.052,0.505,0.148,-0.212,-0.284,-0.653,0.352,-0.002,0.654,0.161,0.639,0.339,0.251,0.365,0.238,0.561,0.696,0.295,0.477,0.52,0.056,0.137,0.045,0.604,-0.293,0.456,-0.413,-0.298,-0.599,0.246,0.377,0.26,0.499,-0.408,0.567,0.111,0.483,0.176,0.351,-0.602,-0.116,0.26,-0.301,0.414,-0.233,0.402,0.122,0.276,0.227,0.576,0.255,0.301,0.529,-0.429,-0.26,0.664,0.35,-0.356,-0.698,0.188,-0.363,0.419,0.326,0.05,-0.047,-0.107,0.084,-0.258,0.358,-0.172,-0.209,0.222,0.136,0.11,-0.153,-0.024,0.014,0.318,0.325,0.548,0.401,-0.503,0.327,0.241,0.36,0.298,0.247,0.401,0.181,0.126,0.469,0.019,0.196,-0.284,0.338,-0.122,-0.014,-0.203,0.377,-0.342,0.227,0.413,0.464,0.154,-0.185,0.424,-0.591,0.254,0.331,0.376,-0.434,-0.027,0.245,0.186,0.138,0.375,0.341,0.42,0.045,0.454,0.306,0.367,0.547,0.249,0.422,0.412,0.104,0.433,0.274,-0.325,-0.066,0.695,-0.228,0.127,0.521,0.439,0.215,0.106,-0.359,0.332,0.441,0.124,0.08,0.346,0.455,0.486,0.308,-0.303,0.323,0.473,-0.038,0.336,0.08,0.679,0.63
ALRM,0.208,-0.271,-0.667,0.838,0.115,0.0,-0.402,0.767,0.918,0.569,0.815,0.876,0.948,0.742,-0.681,0.649,0.817,0.644,-0.793,0.706,0.918,-0.772,0.861,0.254,0.324,0.925,-0.171,0.325,-0.801,0.192,0.223,0.86,0.883,-0.422,0.909,-0.84,0.864,-0.362,0.068,-0.771,0.726,-0.465,0.814,0.759,0.812,-0.385,-0.273,0.933,-0.819,-0.694,-0.091,0.796,0.859,-0.472,0.444,0.006,0.889,0.895,0.453,-0.723,0.247,-0.357,0.822,0.524,0.77,0.879,0.52,-0.789,-0.296,-0.744,-0.456,-0.63,-0.888,-0.379,0.932,0.764,0.815,0.706,0.266,-0.047,0.872,0.601,-0.743,0.844,-0.271,0.262,0.837,0.454,0.73,0.754,0.666,-0.742,0.465,0.451,0.591,-0.086,0.451,0.642,0.335,-0.457,-0.209,0.843,0.503,-0.4,-0.335,-0.555,0.747,0.829,0.927,0.809,-0.455,0.727,-0.739,0.82,-0.731,-0.181,0.462,-0.59,0.883,-0.906,0.607,-0.5,0.729,0.264,0.296,0.718,-0.175,0.876,-0.742,0.884,-0.354,0.772,0.749,0.857,0.832,0.683,-0.656,0.921,0.75,-0.574,-0.848,0.653,-0.837,0.113,-0.539,-0.409,0.397,0.644,0.78,0.628,0.517,-0.187,0.91,-0.197,0.643,0.538,0.724,-0.587,0.709,0.138,0.151,0.812,-0.101,0.784,0.82,0.711,0.677,0.551,0.768,0.864,0.809,-0.744,0.797,0.902,-0.219,-0.076,-0.27,-0.096,0.831,0.766,0.865,0.903,-0.385,-0.332,0.9,0.627,0.905,0.578,0.774,0.735,0.692,0.105,-0.615,0.881,0.121,-0.897,-0.02,-0.18,0.466,0.478
AMAT,-0.179,-0.459,0.267,-0.158,-0.106,-0.402,0.0,-0.088,-0.457,-0.539,-0.4,-0.326,-0.331,-0.658,0.383,0.077,-0.437,-0.719,0.648,-0.611,-0.506,0.341,-0.557,-0.618,0.068,-0.601,-0.426,0.418,0.419,0.466,-0.38,-0.087,-0.138,0.514,-0.323,0.402,-0.438,0.663,-0.273,0.468,-0.714,0.279,-0.212,-0.002,-0.74,0.438,0.266,-0.338,0.561,0.452,0.048,-0.443,-0.482,0.117,0.178,-0.206,-0.564,-0.521,-0.759,-0.057,-0.146,0.015,-0.549,-0.703,-0.443,-0.481,-0.387,0.753,0.089,0.647,0.332,0.287,0.468,0.66,-0.512,-0.7,-0.082,-0.349,0.241,0.027,-0.441,-0.683,0.19,-0.325,0.596,0.252,-0.302,0.074,-0.454,-0.155,-0.438,0.627,-0.369,0.057,-0.584,0.391,0.047,-0.571,0.237,0.813,-0.222,-0.557,-0.065,0.467,0.502,0.775,-0.659,-0.361,-0.278,-0.041,0.774,-0.443,0.783,-0.554,0.649,0.851,0.029,-0.1,-0.193,0.3,-0.098,0.748,-0.451,-0.713,-0.574,-0.693,0.591,-0.536,0.411,-0.515,0.549,-0.092,-0.479,-0.059,-0.225,-0.442,0.771,-0.507,-0.101,0.359,0.419,-0.615,0.413,-0.351,0.316,0.469,-0.566,-0.71,-0.505,-0.178,-0.8,0.633,-0.412,0.168,-0.735,0.07,-0.588,0.694,-0.016,-0.745,-0.55,-0.482,-0.293,0.03,-0.554,-0.679,-0.658,-0.622,-0.328,-0.448,-0.272,0.009,-0.602,-0.488,0.624,0.401,0.055,0.806,-0.326,-0.609,-0.541,-0.569,0.576,0.054,-0.492,-0.663,-0.28,0.089,-0.412,-0.374,-0.563,0.159,0.813,-0.571,-0.249,0.322,0.369,0.258,-0.437,-0.573
AMED,-0.254,-0.517,-0.794,0.653,-0.118,0.767,-0.088,0.0,0.714,0.316,0.46,0.769,0.722,0.4,-0.609,0.787,0.573,0.253,-0.621,0.506,0.637,-0.807,0.571,0.143,0.106,0.691,-0.33,0.233,-0.641,0.496,-0.158,0.795,0.855,-0.227,0.701,-0.718,0.516,-0.223,-0.27,-0.591,0.471,-0.486,0.818,0.667,0.468,-0.472,-0.394,0.789,-0.659,-0.577,-0.05,0.556,0.705,-0.601,0.38,-0.264,0.608,0.586,0.013,-0.874,-0.099,-0.542,0.685,0.205,0.535,0.73,0.16,-0.55,-0.536,-0.587,-0.588,-0.534,-0.745,-0.035,0.644,0.478,0.588,0.444,0.413,-0.183,0.616,0.338,-0.702,0.625,-0.062,0.161,0.618,0.599,0.297,0.605,0.199,-0.659,0.414,0.231,0.271,-0.158,0.34,0.4,0.512,-0.213,-0.534,0.603,0.646,-0.185,-0.26,-0.17,0.382,0.687,0.822,0.907,-0.22,0.632,-0.357,0.518,-0.662,0.151,0.164,-0.809,0.848,-0.805,0.725,-0.386,0.573,-0.063,0.013,0.268,0.128,0.536,-0.77,0.567,-0.445,0.616,0.312,0.771,0.613,0.39,-0.499,0.677,0.639,-0.521,-0.845,0.298,-0.654,-0.389,-0.391,-0.463,0.173,0.332,0.675,0.435,0.096,0.129,0.626,-0.285,0.221,0.812,0.441,-0.42,0.512,-0.176,-0.322,0.652,-0.194,0.67,0.538,0.415,0.389,0.104,0.399,0.68,0.612,-0.912,0.474,0.613,-0.084,0.085,-0.461,0.207,0.576,0.469,0.601,0.646,-0.384,-0.429,0.653,0.348,0.719,0.427,0.352,0.399,0.308,0.091,-0.268,0.543,-0.217,-0.817,-0.18,0.043,0.057,0.257
AMRN,0.128,-0.29,-0.623,0.75,-0.051,0.918,-0.457,0.714,0.0,0.467,0.78,0.922,0.879,0.661,-0.59,0.717,0.659,0.623,-0.715,0.624,0.82,-0.758,0.731,0.271,0.288,0.888,-0.085,0.206,-0.643,0.197,0.099,0.789,0.862,-0.549,0.824,-0.755,0.817,-0.39,-0.124,-0.768,0.686,-0.528,0.788,0.619,0.8,-0.367,-0.42,0.842,-0.723,-0.533,0.136,0.773,0.858,-0.614,0.398,-0.139,0.817,0.839,0.492,-0.725,0.018,-0.502,0.766,0.455,0.605,0.89,0.556,-0.848,-0.483,-0.67,-0.565,-0.462,-0.788,-0.284,0.857,0.71,0.657,0.631,0.307,-0.162,0.797,0.56,-0.727,0.726,-0.161,0.148,0.765,0.526,0.609,0.782,0.605,-0.767,0.353,0.414,0.492,-0.155,0.28,0.492,0.407,-0.487,-0.33,0.724,0.6,-0.219,-0.443,-0.499,0.652,0.699,0.839,0.729,-0.466,0.733,-0.674,0.775,-0.684,-0.149,0.309,-0.568,0.778,-0.834,0.538,-0.531,0.661,0.291,0.291,0.621,-0.137,0.805,-0.795,0.816,-0.518,0.79,0.625,0.755,0.767,0.568,-0.689,0.885,0.832,-0.655,-0.789,0.779,-0.749,0.064,-0.514,-0.485,0.337,0.546,0.81,0.689,0.504,-0.117,0.836,-0.162,0.575,0.575,0.799,-0.666,0.609,0.209,0.098,0.773,-0.105,0.683,0.709,0.617,0.582,0.484,0.725,0.733,0.675,-0.685,0.714,0.837,-0.154,-0.008,-0.43,-0.099,0.855,0.661,0.761,0.854,-0.413,-0.203,0.833,0.547,0.86,0.513,0.681,0.601,0.58,-0.105,-0.58,0.831,0.024,-0.818,-0.032,-0.092,0.309,0.359
ANGI,0.224,0.466,-0.419,0.437,0.579,0.569,-0.539,0.316,0.467,0.0,0.464,0.43,0.596,0.87,-0.692,0.007,0.824,0.736,-0.786,0.883,0.705,-0.556,0.83,0.561,0.206,0.693,0.282,-0.18,-0.686,-0.231,0.569,0.395,0.356,-0.125,0.577,-0.496,0.527,-0.795,0.587,-0.411,0.847,-0.03,0.346,0.391,0.788,-0.571,0.066,0.571,-0.792,-0.577,-0.546,0.738,0.466,0.146,0.165,0.339,0.775,0.672,0.641,-0.093,0.337,0.209,0.76,0.916,0.789,0.604,0.305,-0.564,0.149,-0.853,-0.147,-0.726,-0.772,-0.853,0.691,0.89,0.475,0.731,-0.411,0.232,0.506,0.869,-0.187,0.601,-0.849,-0.275,0.633,-0.081,0.654,0.179,0.582,-0.477,0.621,0.29,0.89,-0.054,0.084,0.88,-0.382,-0.779,0.42,0.794,0.112,-0.817,-0.321,-0.766,0.848,0.717,0.493,0.336,-0.555,0.642,-0.702,0.758,-0.703,-0.516,0.223,-0.181,0.442,-0.459,0.274,-0.7,0.71,0.615,0.653,0.74,-0.665,0.703,-0.307,0.757,-0.274,0.48,0.639,0.457,0.391,0.705,-0.603,0.702,0.018,-0.179,-0.646,0.511,-0.479,0.301,-0.617,-0.382,0.798,0.834,0.661,0.095,0.759,-0.674,0.61,-0.011,0.775,-0.043,0.368,-0.416,0.423,0.546,0.441,0.836,0.369,0.267,0.861,0.823,0.791,0.706,0.468,0.792,0.686,-0.232,0.83,0.663,-0.696,-0.454,0.356,-0.554,0.548,0.891,0.866,0.737,-0.498,-0.571,0.726,0.908,0.477,0.062,0.569,0.637,0.75,0.417,-0.82,0.753,0.305,-0.485,-0.074,-0.022,0.746,0.79
APA,0.333,-0.112,-0.387,0.722,0.169,0.815,-0.4,0.46,0.78,0.464,0.0,0.728,0.827,0.684,-0.462,0.499,0.718,0.756,-0.671,0.638,0.88,-0.445,0.767,0.299,0.182,0.831,-0.162,0.366,-0.658,0.167,0.267,0.711,0.745,-0.302,0.784,-0.726,0.818,-0.174,0.156,-0.622,0.634,-0.464,0.663,0.641,0.77,-0.241,-0.198,0.746,-0.632,-0.641,-0.095,0.766,0.742,-0.256,0.522,0.21,0.829,0.875,0.553,-0.548,0.441,-0.157,0.741,0.439,0.716,0.79,0.504,-0.66,-0.114,-0.551,-0.248,-0.459,-0.749,-0.396,0.871,0.636,0.689,0.615,0.319,0.076,0.783,0.538,-0.608,0.762,-0.192,0.257,0.789,0.489,0.719,0.646,0.809,-0.627,0.527,0.259,0.526,-0.188,0.515,0.585,0.193,-0.386,-0.096,0.79,0.45,-0.425,-0.105,-0.504,0.674,0.661,0.738,0.594,-0.528,0.682,-0.764,0.761,-0.603,-0.26,0.435,-0.399,0.72,-0.755,0.567,-0.328,0.773,0.346,0.437,0.728,-0.216,0.863,-0.585,0.87,-0.144,0.683,0.782,0.752,0.926,0.707,-0.625,0.794,0.677,-0.389,-0.656,0.666,-0.818,0.347,-0.52,-0.206,0.349,0.687,0.672,0.524,0.625,-0.278,0.885,0.053,0.671,0.27,0.807,-0.357,0.591,0.294,0.297,0.648,0.014,0.594,0.722,0.637,0.645,0.64,0.886,0.722,0.676,-0.547,0.645,0.887,-0.137,0.001,-0.229,-0.122,0.744,0.721,0.722,0.805,-0.199,-0.229,0.828,0.593,0.826,0.436,0.831,0.654,0.704,-0.059,-0.535,0.846,0.379,-0.747,0.121,-0.199,0.494,0.473
APOG,-0.017,-0.378,-0.649,0.689,-0.153,0.876,-0.326,0.769,0.922,0.43,0.728,0.0,0.833,0.589,-0.589,0.794,0.617,0.56,-0.677,0.615,0.781,-0.734,0.68,0.288,0.191,0.83,-0.255,0.165,-0.575,0.258,-0.017,0.795,0.867,-0.454,0.74,-0.702,0.76,-0.342,-0.131,-0.71,0.595,-0.583,0.812,0.594,0.732,-0.431,-0.464,0.803,-0.73,-0.512,0.138,0.728,0.785,-0.654,0.42,-0.239,0.763,0.794,0.329,-0.773,-0.05,-0.57,0.724,0.361,0.533,0.916,0.424,-0.789,-0.541,-0.639,-0.621,-0.452,-0.772,-0.174,0.81,0.635,0.639,0.563,0.301,-0.25,0.742,0.473,-0.747,0.684,-0.09,0.125,0.742,0.618,0.499,0.76,0.539,-0.764,0.39,0.363,0.414,-0.217,0.194,0.46,0.427,-0.416,-0.43,0.7,0.738,-0.155,-0.43,-0.379,0.559,0.683,0.823,0.784,-0.379,0.758,-0.566,0.687,-0.656,-0.028,0.233,-0.626,0.787,-0.777,0.595,-0.531,0.664,0.178,0.181,0.491,-0.022,0.74,-0.8,0.763,-0.496,0.746,0.541,0.785,0.758,0.481,-0.64,0.836,0.818,-0.631,-0.801,0.729,-0.669,-0.056,-0.514,-0.516,0.287,0.473,0.778,0.636,0.374,0.024,0.789,-0.169,0.484,0.668,0.734,-0.607,0.63,0.156,-0.038,0.752,-0.197,0.683,0.626,0.566,0.506,0.337,0.691,0.679,0.646,-0.734,0.607,0.782,-0.111,-0.019,-0.475,0.003,0.831,0.596,0.701,0.787,-0.428,-0.314,0.782,0.511,0.823,0.414,0.603,0.501,0.474,0.016,-0.496,0.769,-0.035,-0.814,-0.065,-0.064,0.189,0.268
APPS,0.258,-0.253,-0.608,0.911,0.206,0.948,-0.331,0.722,0.879,0.596,0.827,0.833,0.0,0.763,-0.626,0.63,0.815,0.643,-0.749,0.659,0.922,-0.749,0.872,0.144,0.457,0.899,-0.115,0.38,-0.807,0.289,0.28,0.9,0.888,-0.305,0.945,-0.764,0.872,-0.326,0.153,-0.699,0.683,-0.315,0.769,0.848,0.781,-0.26,-0.106,0.921,-0.778,-0.601,-0.167,0.806,0.856,-0.355,0.543,0.119,0.912,0.913,0.474,-0.717,0.314,-0.247,0.846,0.513,0.803,0.85,0.612,-0.72,-0.179,-0.695,-0.344,-0.71,-0.859,-0.41,0.942,0.775,0.883,0.803,0.296,0.117,0.885,0.643,-0.637,0.907,-0.277,0.29,0.896,0.446,0.777,0.737,0.714,-0.644,0.466,0.532,0.606,0.043,0.527,0.652,0.296,-0.41,-0.12,0.852,0.404,-0.442,-0.225,-0.575,0.776,0.866,0.928,0.802,-0.439,0.76,-0.725,0.867,-0.681,-0.108,0.558,-0.584,0.886,-0.926,0.619,-0.418,0.723,0.253,0.348,0.719,-0.237,0.912,-0.637,0.915,-0.259,0.846,0.802,0.907,0.84,0.758,-0.597,0.953,0.729,-0.466,-0.812,0.628,-0.85,0.159,-0.65,-0.272,0.452,0.627,0.824,0.645,0.537,-0.16,0.952,-0.105,0.632,0.46,0.712,-0.478,0.717,0.123,0.158,0.812,0.006,0.812,0.853,0.715,0.71,0.598,0.826,0.891,0.891,-0.736,0.824,0.935,-0.112,-0.018,-0.143,0.007,0.868,0.786,0.874,0.913,-0.269,-0.359,0.938,0.628,0.928,0.687,0.841,0.794,0.77,0.09,-0.583,0.9,0.243,-0.874,0.149,-0.145,0.554,0.528
ARCB,0.376,0.334,-0.399,0.619,0.476,0.742,-0.658,0.4,0.661,0.87,0.684,0.589,0.763,0.0,-0.613,0.136,0.85,0.853,-0.832,0.855,0.855,-0.615,0.923,0.471,0.292,0.84,0.252,0.008,-0.812,-0.15,0.57,0.571,0.521,-0.277,0.734,-0.639,0.762,-0.656,0.493,-0.589,0.863,-0.157,0.485,0.552,0.926,-0.465,0.026,0.718,-0.833,-0.654,-0.437,0.755,0.699,0.029,0.285,0.383,0.916,0.873,0.766,-0.264,0.456,0.159,0.853,0.854,0.867,0.737,0.557,-0.75,0.115,-0.851,-0.196,-0.75,-0.84,-0.801,0.879,0.944,0.651,0.801,-0.162,0.259,0.713,0.882,-0.316,0.772,-0.722,-0.112,0.795,0.067,0.839,0.371,0.766,-0.616,0.6,0.366,0.849,-0.127,0.315,0.884,-0.23,-0.753,0.335,0.895,0.127,-0.778,-0.257,-0.877,0.909,0.799,0.67,0.435,-0.699,0.718,-0.889,0.92,-0.773,-0.567,0.398,-0.188,0.592,-0.676,0.336,-0.625,0.791,0.638,0.664,0.899,-0.651,0.897,-0.441,0.911,-0.321,0.574,0.831,0.591,0.598,0.855,-0.726,0.842,0.276,-0.257,-0.698,0.669,-0.701,0.467,-0.699,-0.299,0.762,0.886,0.717,0.372,0.867,-0.614,0.818,-0.054,0.876,0.004,0.641,-0.573,0.457,0.573,0.559,0.855,0.338,0.463,0.943,0.908,0.873,0.843,0.709,0.889,0.794,-0.362,0.921,0.858,-0.528,-0.341,0.195,-0.512,0.732,0.96,0.929,0.892,-0.407,-0.432,0.9,0.898,0.702,0.283,0.792,0.786,0.912,0.162,-0.861,0.917,0.418,-0.672,0.046,-0.225,0.824,0.848
ARCC,0.096,0.044,0.687,-0.467,-0.212,-0.681,0.383,-0.609,-0.59,-0.692,-0.462,-0.589,-0.626,-0.613,0.0,-0.383,-0.76,-0.513,0.846,-0.774,-0.65,0.766,-0.73,-0.54,0.021,-0.697,0.172,0.023,0.664,0.001,-0.083,-0.49,-0.573,0.17,-0.575,0.688,-0.418,0.654,-0.251,0.651,-0.779,0.449,-0.531,-0.446,-0.656,0.567,0.384,-0.626,0.773,0.699,0.241,-0.649,-0.541,0.256,0.011,0.102,-0.672,-0.545,-0.256,0.403,-0.005,0.152,-0.674,-0.645,-0.597,-0.685,0.005,0.651,0.31,0.812,0.553,0.567,0.804,0.573,-0.638,-0.708,-0.489,-0.487,0.191,0.254,-0.6,-0.555,0.562,-0.51,0.605,0.06,-0.502,-0.151,-0.395,-0.409,-0.327,0.726,-0.485,-0.148,-0.618,0.152,-0.029,-0.652,-0.083,0.651,0.115,-0.67,-0.404,0.503,0.531,0.543,-0.693,-0.649,-0.577,-0.615,0.413,-0.599,0.573,-0.514,0.78,0.34,-0.057,0.586,-0.633,0.598,-0.392,0.693,-0.599,-0.335,-0.31,-0.495,0.454,-0.571,0.674,-0.604,0.421,-0.426,-0.429,-0.601,-0.434,-0.456,0.674,-0.659,-0.283,0.588,0.809,-0.353,0.523,0.145,0.415,0.615,-0.528,-0.675,-0.629,-0.085,-0.433,0.394,-0.56,0.348,-0.543,-0.42,-0.442,0.454,-0.39,-0.213,0.056,-0.762,0.075,-0.309,-0.679,-0.607,-0.555,-0.312,-0.274,-0.716,-0.535,0.577,-0.628,-0.608,0.639,0.449,0.18,0.368,-0.42,-0.669,-0.736,-0.661,0.638,0.504,-0.621,-0.678,-0.522,-0.169,-0.42,-0.436,-0.447,-0.321,0.704,-0.611,-0.042,0.692,0.382,0.051,-0.301,-0.412
ARVN,-0.296,-0.723,-0.614,0.596,-0.368,0.649,0.077,0.787,0.717,0.007,0.499,0.794,0.63,0.136,-0.383,0.0,0.301,0.123,-0.368,0.227,0.474,-0.622,0.307,-0.032,0.114,0.544,-0.45,0.291,-0.327,0.597,-0.375,0.725,0.814,-0.284,0.567,-0.554,0.458,0.011,-0.511,-0.504,0.229,-0.567,0.745,0.554,0.306,-0.226,-0.526,0.641,-0.409,-0.281,0.321,0.464,0.611,-0.787,0.405,-0.488,0.42,0.461,-0.122,-0.885,-0.308,-0.744,0.446,-0.09,0.228,0.672,0.16,-0.466,-0.688,-0.301,-0.621,-0.245,-0.509,0.226,0.486,0.227,0.464,0.261,0.561,-0.356,0.52,0.076,-0.708,0.441,0.287,0.262,0.502,0.741,0.105,0.737,0.162,-0.535,0.141,0.252,-0.02,-0.127,0.201,0.061,0.697,-0.013,-0.767,0.358,0.743,0.182,-0.267,0.069,0.147,0.438,0.691,0.824,-0.066,0.547,-0.17,0.33,-0.407,0.396,0.101,-0.794,0.71,-0.673,0.638,-0.193,0.389,-0.235,-0.195,0.049,0.353,0.39,-0.739,0.422,-0.399,0.621,0.163,0.701,0.623,0.14,-0.353,0.545,0.831,-0.574,-0.641,0.367,-0.537,-0.456,-0.242,-0.416,-0.08,0.054,0.564,0.522,-0.096,0.384,0.519,-0.187,0.008,0.84,0.459,-0.322,0.471,-0.286,-0.488,0.436,-0.359,0.637,0.268,0.129,0.126,-0.11,0.403,0.385,0.404,-0.824,0.228,0.487,0.229,0.253,-0.682,0.42,0.575,0.175,0.337,0.468,-0.243,-0.236,0.477,0.084,0.638,0.476,0.276,0.209,0.07,-0.148,-0.05,0.399,-0.275,-0.666,-0.031,0.144,-0.227,-0.103
ATEC,0.273,0.12,-0.586,0.655,0.495,0.817,-0.437,0.573,0.659,0.824,0.718,0.617,0.815,0.85,-0.76,0.301,0.0,0.715,-0.87,0.869,0.915,-0.653,0.93,0.484,0.222,0.837,-0.065,0.228,-0.851,-0.007,0.462,0.648,0.651,-0.198,0.799,-0.783,0.716,-0.547,0.451,-0.659,0.841,-0.29,0.655,0.658,0.827,-0.48,-0.089,0.801,-0.862,-0.785,-0.403,0.838,0.652,-0.049,0.313,0.282,0.896,0.828,0.556,-0.4,0.453,0.056,0.82,0.756,0.9,0.781,0.332,-0.629,0.049,-0.858,-0.249,-0.7,-0.894,-0.688,0.865,0.862,0.733,0.738,-0.087,0.138,0.771,0.757,-0.521,0.785,-0.641,0.082,0.755,0.185,0.759,0.439,0.714,-0.645,0.626,0.318,0.837,-0.118,0.399,0.863,-0.017,-0.619,0.157,0.892,0.32,-0.727,-0.297,-0.678,0.867,0.816,0.742,0.605,-0.499,0.659,-0.786,0.778,-0.761,-0.389,0.379,-0.407,0.749,-0.741,0.461,-0.534,0.788,0.455,0.526,0.79,-0.448,0.856,-0.546,0.885,-0.218,0.619,0.762,0.731,0.677,0.76,-0.616,0.829,0.368,-0.398,-0.803,0.506,-0.742,0.226,-0.632,-0.326,0.585,0.864,0.712,0.258,0.649,-0.536,0.827,-0.056,0.761,0.228,0.567,-0.384,0.622,0.299,0.307,0.855,0.139,0.525,0.898,0.773,0.751,0.667,0.666,0.907,0.797,-0.539,0.841,0.858,-0.532,-0.267,0.075,-0.327,0.638,0.912,0.929,0.84,-0.456,-0.523,0.857,0.822,0.725,0.356,0.755,0.751,0.777,0.339,-0.749,0.88,0.332,-0.764,-0.038,-0.135,0.675,0.724
ATXS,0.367,0.388,-0.311,0.495,0.306,0.644,-0.719,0.253,0.623,0.736,0.756,0.56,0.643,0.853,-0.513,0.123,0.715,0.0,-0.757,0.824,0.794,-0.423,0.814,0.597,0.107,0.821,0.177,-0.083,-0.656,-0.185,0.538,0.427,0.441,-0.294,0.627,-0.582,0.706,-0.557,0.449,-0.513,0.818,-0.292,0.448,0.374,0.899,-0.447,-0.101,0.585,-0.717,-0.635,-0.297,0.694,0.631,-0.032,0.28,0.303,0.821,0.791,0.773,-0.186,0.412,0.039,0.777,0.787,0.709,0.707,0.47,-0.75,0.036,-0.71,-0.271,-0.526,-0.717,-0.732,0.785,0.831,0.435,0.596,-0.064,0.147,0.643,0.802,-0.296,0.663,-0.595,-0.116,0.66,0.195,0.721,0.37,0.703,-0.626,0.649,0.109,0.746,-0.254,0.238,0.797,-0.227,-0.737,0.233,0.833,0.25,-0.68,-0.265,-0.758,0.817,0.639,0.526,0.31,-0.71,0.692,-0.869,0.802,-0.711,-0.632,0.281,-0.116,0.495,-0.504,0.358,-0.66,0.766,0.666,0.637,0.857,-0.517,0.804,-0.435,0.83,-0.337,0.488,0.751,0.456,0.631,0.748,-0.766,0.726,0.288,-0.262,-0.599,0.742,-0.647,0.488,-0.592,-0.313,0.691,0.863,0.67,0.278,0.895,-0.597,0.742,-0.013,0.88,-0.025,0.716,-0.541,0.366,0.703,0.571,0.698,0.32,0.282,0.801,0.864,0.852,0.8,0.694,0.715,0.61,-0.251,0.754,0.779,-0.5,-0.35,0.06,-0.581,0.618,0.846,0.779,0.809,-0.42,-0.273,0.776,0.831,0.625,0.091,0.716,0.613,0.804,0.117,-0.807,0.829,0.409,-0.573,-0.147,-0.122,0.67,0.715
AVAV,-0.065,-0.101,0.674,-0.578,-0.266,-0.793,0.648,-0.621,-0.715,-0.786,-0.671,-0.677,-0.749,-0.832,0.846,-0.368,-0.87,-0.757,0.0,-0.916,-0.849,0.736,-0.884,-0.636,0.002,-0.887,-0.001,0.081,0.797,0.028,-0.296,-0.582,-0.633,0.287,-0.715,0.804,-0.653,0.702,-0.29,0.666,-0.921,0.469,-0.639,-0.519,-0.872,0.644,0.313,-0.761,0.909,0.801,0.315,-0.796,-0.743,0.25,-0.158,-0.105,-0.876,-0.771,-0.564,0.436,-0.211,0.107,-0.876,-0.785,-0.793,-0.822,-0.233,0.819,0.209,0.921,0.537,0.704,0.92,0.704,-0.837,-0.888,-0.546,-0.634,0.061,0.067,-0.735,-0.766,0.547,-0.699,0.672,0.089,-0.69,-0.246,-0.608,-0.432,-0.544,0.804,-0.673,-0.086,-0.765,0.299,-0.201,-0.839,0.06,0.789,0.031,-0.885,-0.42,0.672,0.455,0.744,-0.847,-0.803,-0.716,-0.634,0.681,-0.779,0.845,-0.746,0.926,0.533,-0.163,0.493,-0.71,0.714,-0.524,0.785,-0.807,-0.561,-0.541,-0.75,0.516,-0.798,0.709,-0.823,0.497,-0.504,-0.641,-0.638,-0.613,-0.689,0.856,-0.81,-0.346,0.516,0.889,-0.566,0.736,-0.097,0.577,0.568,-0.673,-0.885,-0.798,-0.198,-0.692,0.548,-0.754,0.248,-0.79,-0.324,-0.66,0.599,-0.394,-0.464,-0.236,-0.871,-0.148,-0.362,-0.869,-0.83,-0.799,-0.581,-0.539,-0.863,-0.678,0.583,-0.788,-0.814,0.67,0.42,0.141,0.501,-0.576,-0.869,-0.876,-0.852,0.661,0.514,-0.825,-0.87,-0.652,-0.191,-0.623,-0.616,-0.685,-0.175,0.855,-0.823,-0.237,0.773,0.331,0.086,-0.506,-0.672
AXON,0.097,0.272,-0.556,0.465,0.364,0.706,-0.611,0.506,0.624,0.883,0.638,0.615,0.659,0.855,-0.774,0.227,0.869,0.824,-0.916,0.0,0.816,-0.618,0.866,0.723,-0.049,0.846,0.032,-0.142,-0.721,-0.163,0.375,0.472,0.524,-0.255,0.628,-0.71,0.616,-0.739,0.388,-0.544,0.928,-0.407,0.588,0.397,0.882,-0.727,-0.262,0.679,-0.895,-0.786,-0.377,0.805,0.609,-0.121,0.152,0.175,0.831,0.759,0.599,-0.283,0.26,-0.021,0.838,0.856,0.778,0.776,0.195,-0.729,-0.12,-0.914,-0.417,-0.654,-0.887,-0.723,0.788,0.883,0.451,0.651,-0.21,-0.022,0.626,0.804,-0.46,0.621,-0.718,-0.186,0.661,0.175,0.604,0.343,0.58,-0.729,0.729,0.067,0.825,-0.331,0.105,0.871,-0.191,-0.792,0.104,0.877,0.406,-0.717,-0.406,-0.705,0.832,0.73,0.602,0.52,-0.636,0.752,-0.789,0.744,-0.86,-0.546,0.106,-0.334,0.601,-0.564,0.467,-0.783,0.831,0.623,0.597,0.752,-0.523,0.753,-0.596,0.813,-0.418,0.48,0.618,0.551,0.586,0.668,-0.791,0.758,0.216,-0.412,-0.803,0.599,-0.636,0.18,-0.56,-0.554,0.682,0.913,0.756,0.133,0.743,-0.646,0.686,-0.142,0.814,0.205,0.558,-0.555,0.461,0.546,0.344,0.873,0.187,0.297,0.855,0.827,0.793,0.638,0.537,0.811,0.637,-0.427,0.77,0.751,-0.737,-0.439,-0.008,-0.554,0.549,0.884,0.869,0.807,-0.667,-0.534,0.78,0.924,0.596,-0.009,0.57,0.581,0.682,0.322,-0.843,0.808,0.207,-0.644,-0.3,-0.046,0.571,0.73
BANF,0.286,-0.013,-0.591,0.773,0.307,0.918,-0.506,0.637,0.82,0.705,0.88,0.781,0.922,0.855,-0.65,0.474,0.915,0.794,-0.849,0.816,0.0,-0.658,0.943,0.386,0.295,0.942,-0.065,0.254,-0.854,0.089,0.431,0.777,0.784,-0.346,0.894,-0.832,0.867,-0.426,0.299,-0.724,0.811,-0.382,0.769,0.714,0.887,-0.409,-0.148,0.892,-0.855,-0.762,-0.24,0.854,0.815,-0.246,0.461,0.249,0.969,0.959,0.624,-0.561,0.446,-0.141,0.889,0.668,0.882,0.882,0.542,-0.754,-0.079,-0.806,-0.316,-0.663,-0.902,-0.565,0.972,0.862,0.778,0.755,0.162,0.124,0.874,0.756,-0.615,0.871,-0.441,0.189,0.847,0.384,0.817,0.622,0.813,-0.713,0.597,0.358,0.747,-0.164,0.511,0.787,0.127,-0.564,0.017,0.943,0.428,-0.609,-0.269,-0.661,0.864,0.841,0.853,0.684,-0.568,0.753,-0.853,0.88,-0.765,-0.343,0.447,-0.445,0.835,-0.852,0.593,-0.533,0.839,0.417,0.49,0.839,-0.323,0.952,-0.642,0.969,-0.29,0.734,0.852,0.803,0.846,0.798,-0.696,0.933,0.605,-0.449,-0.83,0.68,-0.87,0.268,-0.658,-0.324,0.536,0.82,0.821,0.508,0.697,-0.404,0.954,-0.037,0.776,0.335,0.747,-0.503,0.677,0.329,0.338,0.843,0.101,0.671,0.901,0.812,0.797,0.727,0.848,0.914,0.849,-0.617,0.859,0.964,-0.333,-0.097,-0.081,-0.23,0.796,0.898,0.927,0.934,-0.402,-0.406,0.95,0.768,0.867,0.474,0.869,0.794,0.82,0.146,-0.715,0.963,0.322,-0.842,0.01,-0.173,0.644,0.681
BATRK,0.21,0.223,0.796,-0.596,-0.063,-0.772,0.341,-0.807,-0.758,-0.556,-0.445,-0.734,-0.749,-0.615,0.766,-0.622,-0.653,-0.423,0.736,-0.618,-0.658,0.0,-0.685,-0.294,-0.213,-0.742,0.015,-0.04,0.687,-0.262,0.021,-0.706,-0.76,0.321,-0.684,0.635,-0.482,0.544,0.073,0.774,-0.653,0.406,-0.627,-0.59,-0.658,0.515,0.411,-0.748,0.757,0.547,0.086,-0.637,-0.672,0.446,-0.187,0.194,-0.704,-0.64,-0.224,0.659,0.131,0.368,-0.746,-0.471,-0.604,-0.794,-0.25,0.733,0.46,0.77,0.568,0.623,0.789,0.376,-0.681,-0.713,-0.569,-0.552,-0.073,0.119,-0.622,-0.604,0.604,-0.632,0.4,0.061,-0.619,-0.382,-0.374,-0.562,-0.3,0.748,-0.344,-0.412,-0.486,0.134,-0.136,-0.529,-0.343,0.56,0.266,-0.66,-0.442,0.372,0.511,0.459,-0.579,-0.691,-0.745,-0.745,0.413,-0.659,0.498,-0.646,0.763,0.116,-0.098,0.664,-0.731,0.79,-0.496,0.573,-0.581,-0.133,-0.158,-0.404,0.207,-0.611,0.774,-0.649,0.625,-0.62,-0.378,-0.692,-0.505,-0.465,0.62,-0.779,-0.534,0.558,0.855,-0.413,0.631,0.289,0.498,0.629,-0.409,-0.468,-0.72,-0.415,-0.332,0.119,-0.64,0.257,-0.355,-0.582,-0.482,0.555,-0.467,-0.037,0.188,-0.759,0.042,-0.583,-0.664,-0.562,-0.501,-0.273,-0.367,-0.761,-0.66,0.764,-0.678,-0.653,0.344,0.153,0.29,0.129,-0.637,-0.638,-0.743,-0.74,0.529,0.512,-0.723,-0.514,-0.689,-0.385,-0.408,-0.49,-0.471,-0.047,0.549,-0.664,0.16,0.782,0.17,0.068,-0.225,-0.415
BIDU,0.301,0.131,-0.571,0.751,0.413,0.861,-0.557,0.571,0.731,0.83,0.767,0.68,0.872,0.923,-0.73,0.307,0.93,0.814,-0.884,0.866,0.943,-0.685,0.0,0.425,0.298,0.907,0.04,0.148,-0.89,-0.013,0.508,0.709,0.685,-0.243,0.853,-0.758,0.8,-0.545,0.474,-0.676,0.85,-0.242,0.636,0.704,0.89,-0.434,-0.029,0.851,-0.88,-0.764,-0.411,0.802,0.752,-0.091,0.367,0.334,0.959,0.908,0.642,-0.44,0.497,0.006,0.9,0.789,0.918,0.81,0.512,-0.744,0.039,-0.854,-0.268,-0.771,-0.908,-0.715,0.939,0.922,0.763,0.801,0.001,0.209,0.86,0.843,-0.483,0.865,-0.625,0.121,0.819,0.234,0.842,0.519,0.752,-0.679,0.639,0.372,0.825,-0.077,0.468,0.887,-0.031,-0.658,0.179,0.962,0.262,-0.739,-0.274,-0.777,0.926,0.879,0.795,0.622,-0.628,0.739,-0.875,0.892,-0.789,-0.456,0.481,-0.393,0.778,-0.792,0.525,-0.616,0.822,0.497,0.542,0.872,-0.526,0.929,-0.546,0.94,-0.287,0.657,0.863,0.752,0.728,0.848,-0.718,0.905,0.425,-0.362,-0.817,0.605,-0.797,0.319,-0.677,-0.33,0.679,0.875,0.769,0.398,0.753,-0.494,0.902,-0.098,0.829,0.21,0.665,-0.516,0.589,0.399,0.403,0.866,0.198,0.586,0.956,0.897,0.887,0.764,0.751,0.953,0.87,-0.55,0.92,0.918,-0.456,-0.28,0.093,-0.364,0.736,0.95,0.965,0.927,-0.429,-0.438,0.935,0.845,0.798,0.419,0.833,0.842,0.89,0.237,-0.802,0.935,0.352,-0.807,-0.043,-0.219,0.75,0.773
BLNE,-0.098,0.438,-0.295,-0.06,0.11,0.254,-0.618,0.143,0.271,0.561,0.299,0.288,0.144,0.471,-0.54,-0.032,0.484,0.597,-0.636,0.723,0.386,-0.294,0.425,0.0,-0.464,0.46,-0.004,-0.456,-0.262,-0.286,0.201,-0.03,0.092,-0.167,0.14,-0.418,0.159,-0.699,0.293,-0.344,0.689,-0.488,0.217,-0.125,0.582,-0.681,-0.47,0.138,-0.502,-0.48,-0.13,0.475,0.26,-0.074,-0.162,-0.098,0.415,0.285,0.464,0.083,-0.039,0.032,0.453,0.654,0.33,0.477,-0.221,-0.52,-0.162,-0.599,-0.476,-0.198,-0.462,-0.604,0.335,0.539,-0.094,0.133,-0.358,-0.27,0.247,0.469,-0.165,0.121,-0.639,-0.433,0.212,0.042,0.138,-0.02,0.228,-0.576,0.588,-0.391,0.553,-0.507,-0.298,0.565,-0.28,-0.782,0.037,0.444,0.398,-0.471,-0.474,-0.505,0.476,0.271,0.127,0.062,-0.495,0.483,-0.539,0.279,-0.644,-0.641,-0.335,-0.12,0.126,-0.083,0.129,-0.717,0.531,0.673,0.553,0.404,-0.411,0.331,-0.434,0.378,-0.46,0.03,0.177,0.06,0.138,0.295,-0.695,0.299,-0.084,-0.334,-0.466,0.392,-0.202,0.08,-0.342,-0.57,0.537,0.706,0.432,-0.261,0.564,-0.6,0.227,-0.042,0.554,0.009,0.426,-0.355,-0.052,0.686,0.216,0.507,0.261,-0.262,0.416,0.524,0.459,0.322,0.116,0.335,0.077,-0.064,0.302,0.343,-0.807,-0.564,-0.182,-0.716,0.12,0.506,0.422,0.403,-0.652,-0.311,0.305,0.663,0.095,-0.467,0.16,0.044,0.229,0.185,-0.68,0.393,0.178,-0.287,-0.545,0.113,0.154,0.422
BLNK,0.474,-0.024,-0.066,0.52,0.288,0.324,0.068,0.106,0.288,0.206,0.182,0.191,0.457,0.292,0.021,0.114,0.222,0.107,0.002,-0.049,0.295,-0.213,0.298,-0.464,0.0,0.208,0.298,0.348,-0.292,0.121,0.466,0.412,0.261,-0.129,0.486,-0.035,0.42,0.022,0.195,-0.203,0.072,0.484,0.123,0.452,0.168,0.387,0.476,0.352,-0.099,0.108,-0.032,0.192,0.268,0.038,0.359,0.278,0.322,0.36,0.301,-0.17,0.298,0.047,0.196,0.131,0.275,0.139,0.75,-0.107,0.265,-0.08,0.29,-0.273,-0.107,-0.124,0.335,0.298,0.565,0.459,0.146,0.43,0.317,0.313,0.016,0.442,-0.031,0.273,0.358,-0.053,0.526,0.375,0.399,0.093,-0.222,0.758,0.247,0.618,0.427,0.12,0.101,0.063,0.298,0.208,-0.242,-0.112,0.058,-0.234,0.349,0.32,0.34,0.128,0.093,0.058,-0.153,0.422,0.094,0.202,0.61,0.022,0.258,-0.344,-0.013,0.118,0.001,-0.065,0.081,0.343,-0.044,0.386,0.13,0.347,0.182,0.536,0.49,0.327,0.186,0.334,0.144,0.403,0.329,0.044,-0.033,0.271,-0.25,0.281,-0.305,0.301,0.181,-0.005,0.23,0.592,0.198,0.074,0.41,0.175,0.188,-0.009,0.103,-0.051,0.447,-0.129,0.255,0.194,0.134,0.59,0.325,0.248,0.229,0.407,0.409,0.317,0.536,-0.078,0.475,0.336,0.327,0.271,0.408,0.248,0.504,0.262,0.35,0.339,0.278,0.056,0.374,0.05,0.387,0.745,0.51,0.517,0.464,0.1,-0.093,0.37,0.197,-0.19,0.546,-0.103,0.494,0.21
BTAI,0.188,-0.048,-0.651,0.759,0.146,0.925,-0.601,0.691,0.888,0.693,0.831,0.83,0.899,0.84,-0.697,0.544,0.837,0.821,-0.887,0.846,0.942,-0.742,0.907,0.46,0.208,0.0,-0.033,0.116,-0.811,0.084,0.32,0.749,0.789,-0.437,0.878,-0.842,0.847,-0.529,0.15,-0.723,0.864,-0.481,0.784,0.64,0.92,-0.521,-0.297,0.883,-0.877,-0.757,-0.156,0.833,0.88,-0.411,0.363,0.068,0.937,0.921,0.612,-0.606,0.241,-0.292,0.913,0.683,0.801,0.908,0.507,-0.867,-0.276,-0.837,-0.501,-0.664,-0.918,-0.54,0.947,0.878,0.678,0.701,0.188,-0.031,0.85,0.752,-0.646,0.811,-0.439,0.091,0.824,0.426,0.729,0.68,0.675,-0.821,0.607,0.287,0.696,-0.207,0.367,0.756,0.152,-0.641,-0.128,0.921,0.487,-0.535,-0.377,-0.684,0.839,0.828,0.857,0.72,-0.634,0.817,-0.861,0.873,-0.855,-0.392,0.341,-0.509,0.816,-0.836,0.619,-0.68,0.823,0.462,0.462,0.813,-0.333,0.904,-0.746,0.924,-0.454,0.707,0.757,0.755,0.805,0.742,-0.827,0.933,0.617,-0.552,-0.874,0.747,-0.861,0.17,-0.609,-0.486,0.567,0.799,0.865,0.533,0.71,-0.379,0.9,-0.205,0.785,0.427,0.781,-0.669,0.587,0.386,0.282,0.864,0.069,0.617,0.887,0.842,0.824,0.666,0.749,0.881,0.779,-0.654,0.841,0.922,-0.393,-0.192,-0.231,-0.311,0.792,0.854,0.901,0.958,-0.523,-0.372,0.926,0.781,0.857,0.394,0.764,0.718,0.759,0.093,-0.763,0.924,0.188,-0.859,-0.156,-0.114,0.536,0.629
BYND,0.216,0.649,0.186,-0.14,0.324,-0.171,-0.426,-0.33,-0.085,0.282,-0.162,-0.255,-0.115,0.252,0.172,-0.45,-0.065,0.177,-0.001,0.032,-0.065,0.015,0.04,-0.004,0.298,-0.033,0.0,-0.419,0.006,-0.359,0.353,-0.237,-0.309,-0.156,-0.087,0.295,-0.046,-0.331,0.191,0.068,0.148,0.463,-0.296,-0.198,0.163,0.014,0.288,-0.127,0.001,0.198,-0.141,-0.003,-0.056,0.354,-0.128,0.428,0.059,0.036,0.489,0.424,0.082,0.328,0.076,0.339,0.081,-0.099,0.38,-0.111,0.289,-0.132,0.329,-0.053,0.086,-0.399,-0.038,0.257,-0.214,0.161,-0.366,0.47,-0.173,0.455,0.394,-0.023,-0.41,-0.4,-0.061,-0.35,0.136,-0.267,0.11,0.125,-0.107,0.162,0.211,0.076,-0.108,0.13,-0.47,-0.354,0.567,0.002,-0.48,-0.318,-0.076,-0.331,0.172,-0.054,-0.208,-0.417,-0.359,-0.037,-0.157,0.227,-0.023,-0.37,-0.054,0.461,-0.297,0.129,-0.305,-0.18,-0.057,0.405,0.381,0.237,-0.371,0.042,0.269,0.052,-0.211,-0.035,0.095,-0.336,-0.25,0.143,-0.061,-0.0,-0.321,0.286,0.15,0.178,0.101,0.345,-0.089,0.006,0.318,0.115,0.033,0.009,0.408,-0.392,-0.065,0.257,0.205,-0.497,-0.076,-0.162,-0.207,0.41,0.457,0.028,0.473,-0.197,0.131,0.197,0.198,0.343,-0.05,0.04,0.027,0.407,0.308,-0.051,-0.213,-0.015,0.503,-0.432,0.053,0.199,0.096,0.06,-0.061,0.076,0.051,0.178,-0.155,-0.114,0.005,0.164,0.289,-0.271,-0.236,0.077,0.116,0.301,0.15,-0.043,0.358,0.386
CAN,0.34,-0.49,-0.02,0.479,0.097,0.325,0.418,0.233,0.206,-0.18,0.366,0.165,0.38,0.008,0.023,0.291,0.228,-0.083,0.081,-0.142,0.254,-0.04,0.148,-0.456,0.348,0.116,-0.419,0.0,-0.234,0.384,-0.029,0.486,0.422,0.088,0.385,-0.229,0.337,0.56,-0.012,-0.211,-0.158,-0.031,0.313,0.576,-0.04,0.373,0.17,0.308,0.027,-0.115,-0.003,0.125,0.19,0.005,0.464,0.152,0.156,0.257,-0.165,-0.406,0.401,0.014,0.024,-0.257,0.235,0.104,0.238,0.163,0.146,0.156,0.259,-0.06,-0.128,0.233,0.256,-0.116,0.583,0.243,0.468,0.186,0.359,-0.176,-0.311,0.371,0.378,0.676,0.307,0.227,0.327,0.423,0.329,0.043,-0.071,0.375,-0.062,0.33,0.637,-0.051,0.439,0.466,-0.107,0.102,0.015,0.098,0.358,0.171,0.023,0.202,0.369,0.338,0.237,-0.04,-0.026,0.139,0.155,0.359,0.561,-0.214,0.384,-0.412,0.183,0.551,0.042,-0.351,-0.186,0.094,0.237,0.253,-0.044,0.21,0.481,0.37,0.324,0.503,0.462,0.222,0.264,0.194,0.456,-0.061,-0.073,-0.057,-0.311,0.125,-0.053,0.403,-0.34,-0.074,-0.039,0.34,-0.193,0.322,0.367,0.086,-0.073,0.175,0.146,0.277,0.466,-0.506,-0.084,-0.007,-0.311,0.574,0.108,-0.114,-0.056,0.071,0.426,0.196,0.301,-0.368,0.076,0.28,0.493,0.38,-0.073,0.565,0.249,0.044,0.104,0.114,0.431,0.117,0.211,-0.205,0.474,0.651,0.387,0.325,0.193,-0.047,0.258,0.181,0.131,-0.324,0.476,-0.205,0.133,-0.099
CCEC,-0.25,-0.044,0.568,-0.74,-0.431,-0.801,0.419,-0.641,-0.643,-0.686,-0.658,-0.575,-0.807,-0.812,0.664,-0.327,-0.851,-0.656,0.797,-0.721,-0.854,0.687,-0.89,-0.262,-0.292,-0.811,0.006,-0.234,0.0,-0.153,-0.457,-0.732,-0.679,0.136,-0.844,0.801,-0.682,0.419,-0.315,0.639,-0.746,0.163,-0.601,-0.737,-0.743,0.366,-0.046,-0.824,0.767,0.789,0.494,-0.69,-0.726,0.063,-0.371,-0.298,-0.871,-0.802,-0.48,0.532,-0.464,-0.028,-0.851,-0.621,-0.895,-0.693,-0.441,0.62,-0.039,0.763,0.223,0.756,0.86,0.616,-0.85,-0.793,-0.754,-0.662,-0.121,-0.265,-0.752,-0.7,0.442,-0.847,0.542,-0.116,-0.756,-0.23,-0.747,-0.45,-0.597,0.57,-0.577,-0.368,-0.706,0.018,-0.589,-0.82,-0.04,0.512,-0.125,-0.884,-0.211,0.736,0.093,0.646,-0.774,-0.855,-0.793,-0.64,0.527,-0.62,0.756,-0.816,0.772,0.339,-0.46,0.463,-0.795,0.834,-0.532,0.45,-0.784,-0.321,-0.448,-0.75,0.416,-0.833,0.494,-0.842,0.218,-0.6,-0.753,-0.741,-0.665,-0.813,0.61,-0.796,-0.401,0.251,0.782,-0.399,0.831,-0.207,0.647,0.193,-0.607,-0.757,-0.663,-0.382,-0.62,0.42,-0.834,0.13,-0.676,-0.22,-0.559,0.412,-0.471,-0.224,-0.288,-0.79,-0.223,-0.617,-0.878,-0.781,-0.785,-0.667,-0.632,-0.931,-0.844,0.635,-0.818,-0.841,0.34,0.109,-0.084,0.228,-0.651,-0.861,-0.885,-0.842,0.271,0.469,-0.876,-0.716,-0.756,-0.476,-0.746,-0.79,-0.79,-0.212,0.63,-0.819,-0.314,0.821,0.019,0.108,-0.688,-0.747
CDW,-0.256,-0.574,-0.222,0.459,-0.112,0.192,0.466,0.496,0.197,-0.231,0.167,0.258,0.289,-0.15,0.001,0.597,-0.007,-0.185,0.028,-0.163,0.089,-0.262,-0.013,-0.286,0.121,0.084,-0.359,0.384,-0.153,0.0,-0.345,0.568,0.545,0.462,0.318,-0.14,0.022,0.369,-0.378,-0.026,-0.193,-0.049,0.259,0.566,-0.175,0.111,0.007,0.203,0.086,0.049,-0.11,0.097,0.321,-0.242,0.63,-0.216,0.1,0.039,-0.322,-0.687,-0.121,-0.22,0.237,-0.4,0.101,0.204,-0.056,0.085,-0.222,0.198,-0.157,-0.259,-0.156,0.295,0.118,-0.174,0.287,0.111,0.67,0.162,0.15,-0.184,-0.108,0.35,0.369,0.209,0.339,0.678,-0.127,0.26,-0.151,0.027,0.219,0.05,-0.244,0.201,0.415,-0.052,0.425,0.344,-0.526,0.066,0.377,0.076,0.397,0.299,-0.219,0.306,0.377,0.533,0.194,0.332,0.177,0.085,-0.084,0.631,0.139,-0.714,0.423,-0.389,0.582,0.314,0.225,-0.341,-0.085,-0.265,0.394,0.104,-0.195,0.102,0.044,0.47,-0.042,0.525,0.327,0.167,0.008,0.116,0.393,0.144,-0.297,-0.193,-0.265,-0.375,-0.291,0.163,-0.1,-0.192,0.223,0.154,-0.308,0.587,0.245,0.185,-0.308,0.381,0.192,0.359,0.009,-0.432,-0.604,0.106,0.08,0.372,0.026,-0.108,-0.025,-0.207,0.19,0.182,0.276,-0.655,-0.115,0.195,0.55,0.42,-0.32,0.713,0.241,-0.049,0.01,0.114,0.385,-0.218,0.189,-0.201,0.33,0.434,0.048,0.029,-0.066,-0.188,0.391,-0.005,0.046,-0.381,0.198,0.45,-0.236,-0.117
