,ABEO,ACHC,AGNCN,AKAM,AKRO,ALRM,AMAT,AMED,AMRN,ANGI,APA,APOG,APPS,ARCB,ARCC,ARVN,ATEC,ATXS,AVAV,AXON,BANF,BATRK,BIDU,BLNE,BLNK,BTAI,BYND,CAN,CCEC,CDW,CDXS,CELH,CGNX,CHKP,CHRS,CHRW,CIGI,CKPT,CMPR,COGT,CRNC,CRSP,CSTL,CTSH,CVGW,DGLY,DNLI,DOCU,DVAX,EBAY,EHTH,ERII,ESLT,EXPE,EXPO,FBIOP,FFBC,FFIN,FOXF,FWRD,GDS,GERN,GPRE,GRWG,GRYP,HEES,HELE,HIVE,HON,HRTX,HSTM,HURA,IART,IBKR,IBOC,IBRX,IDXX,INGN,INM,INVA,IQ,IRBT,KDP,KPTI,KTOS,KXIN,LAMR,LFUS,LGIH,LGMK,LKFN,LNW,LOPE,LPSN,LYFT,MGNX,MLCO,MNST,MODV,MSTR,MTCH,MYGN,MYRG,NCMI,NEXT,NFLX,NIU,NKTR,NRC,NTNX,NTRA,NVEE,NVMI,NWL,NWS,NXPI,OCGN,OCSL,OKTA,OLLI,OTLK,OXLC,PAA,PARA,PARAA,PDCO,PDFS,PFG,PGEN,PNFP,PODD,POWI,PSMT,PTC,PTEN,PVLA,RDNT,RDUS,RDWR,REGN,RNAC,ROCK,ROST,RRR,RSLS,RVMD,RYAAY,SAFT,SAGE,SAVA,SBGI,SFM,SFNC,SHYF,SIBN,SIFY,SIGI,SIMO,SITM,SLM,SNBR,SNDX,SNY,SPNS,SRRK,STRA,SUPN,SYRE,TCBK,TEAM,TECH,THRM,TLRY,TRMK,TROW,TSLA,TWST,TXN,UFPI,UNIT,UPWK,USLM,UTHR,VERB,VLY,VRNA,VRRM,VXRT,WAFD,WATT,WBA,WING,WIX,WTFC,WTW,XPEL,XRX,YMAB,ZG,ZLAB
ABEO,0.0,0.869,0.172,-0.223,0.812,-0.414,-0.548,-0.569,-0.158,0.614,-0.481,0.614,-0.127,-0.296,0.633,0.588,0.377,0.704,0.353,-0.649,0.774,0.152,-0.543,0.416,-0.587,-0.65,0.291,0.56,0.696,0.34,0.225,-0.485,0.095,0.753,-0.107,0.88,0.805,-0.097,0.785,0.816,0.588,-0.287,0.917,0.834,0.21,-0.132,0.878,0.776,-0.2,0.844,-0.388,-0.322,0.686,0.805,0.604,-0.345,0.862,0.736,-0.286,0.827,0.89,-0.247,0.239,-0.086,-0.466,0.399,0.771,0.281,0.823,-0.465,0.838,-0.212,-0.648,0.872,0.823,-0.339,-0.346,-0.162,0.508,0.856,-0.894,-0.502,0.84,-0.491,0.841,-0.799,0.905,0.504,0.699,0.141,0.853,0.714,0.159,-0.337,0.656,0.067,-0.143,0.653,0.746,-0.123,0.76,-0.278,-0.417,0.708,-0.358,0.603,0.191,0.399,0.755,0.726,-0.295,-0.289,-0.578,0.376,0.164,-0.226,-0.156,0.643,-0.517,-0.108,0.071,0.204,0.615,-0.052,-0.35,-0.553,-0.48,0.872,-0.243,0.88,0.522,0.074,0.84,0.029,-0.113,0.714,0.411,0.733,-0.282,0.326,0.055,0.705,0.656,0.692,-0.732,-0.165,0.843,0.865,-0.271,0.457,0.849,0.739,0.858,0.237,0.883,0.383,0.749,-0.42,0.371,0.522,0.919,0.204,0.85,0.476,-0.345,0.379,0.64,0.768,0.831,0.88,-0.274,-0.362,-0.556,0.834,-0.206,0.353,-0.32,0.673,0.104,0.643,0.317,0.617,0.777,0.219,0.686,0.161,0.0,0.628,0.891,0.61,-0.687,0.261,0.016,0.886,0.844,0.014,0.755,0.841,0.687,0.908
ACHC,0.869,0.0,0.156,0.067,0.834,-0.18,-0.364,-0.46,-0.083,0.786,-0.323,0.757,0.04,-0.102,0.82,0.675,0.391,0.821,0.561,-0.518,0.861,0.399,-0.392,0.275,-0.446,-0.559,0.473,0.603,0.668,0.525,0.363,-0.316,0.295,0.876,-0.064,0.912,0.867,0.071,0.869,0.809,0.748,-0.14,0.882,0.931,0.292,-0.13,0.826,0.825,-0.033,0.815,-0.268,-0.13,0.799,0.899,0.759,-0.297,0.943,0.854,-0.057,0.881,0.879,-0.214,0.397,0.091,-0.268,0.578,0.677,0.433,0.921,-0.463,0.869,-0.05,-0.486,0.925,0.923,-0.181,-0.19,0.023,0.578,0.814,-0.836,-0.321,0.743,-0.466,0.946,-0.791,0.889,0.719,0.749,0.248,0.904,0.866,0.35,-0.178,0.799,0.047,-0.156,0.47,0.604,-0.008,0.872,-0.182,-0.233,0.803,-0.464,0.717,0.18,0.555,0.782,0.714,-0.137,-0.086,-0.404,0.414,0.357,-0.003,-0.145,0.821,-0.403,0.025,-0.171,0.077,0.735,0.152,-0.173,-0.432,-0.265,0.93,-0.093,0.961,0.387,0.347,0.917,0.283,0.1,0.805,0.538,0.766,-0.064,0.522,0.226,0.842,0.752,0.828,-0.638,-0.106,0.704,0.954,-0.041,0.62,0.895,0.701,0.936,0.431,0.913,0.291,0.861,-0.211,0.574,0.748,0.923,0.362,0.773,0.61,-0.24,0.6,0.819,0.697,0.925,0.909,-0.162,-0.176,-0.462,0.91,-0.006,0.378,-0.123,0.826,0.294,0.481,0.406,0.717,0.83,0.285,0.814,0.246,0.261,0.706,0.946,0.562,-0.582,0.395,0.174,0.955,0.808,-0.028,0.884,0.863,0.735,0.855
AGNCN,0.172,0.156,0.0,-0.37,0.204,-0.317,-0.284,-0.541,-0.218,0.201,-0.541,-0.05,-0.077,-0.202,-0.098,-0.199,-0.305,0.108,-0.295,-0.117,0.026,-0.26,-0.247,0.413,-0.247,-0.321,0.229,0.086,0.101,-0.042,-0.104,-0.358,-0.262,0.172,-0.347,0.092,0.242,-0.571,-0.081,0.288,0.171,-0.309,0.233,0.221,0.346,0.122,0.415,0.214,-0.056,0.374,-0.282,-0.166,0.107,-0.081,-0.242,-0.312,0.124,0.084,-0.176,0.247,0.351,-0.555,-0.024,0.179,-0.387,-0.187,0.35,-0.039,-0.058,-0.47,0.102,0.012,-0.445,0.065,0.089,-0.262,-0.128,-0.437,0.072,0.161,-0.31,-0.354,0.329,-0.194,0.101,-0.139,0.168,0.025,0.26,0.006,0.034,0.156,-0.383,-0.139,0.18,-0.229,0.379,0.485,0.439,-0.181,0.173,-0.462,-0.395,0.303,-0.001,0.114,-0.341,-0.107,-0.142,0.141,0.066,-0.408,-0.429,0.598,-0.317,-0.391,-0.453,0.135,-0.161,0.161,0.306,0.013,0.193,0.167,0.248,-0.21,-0.315,0.164,-0.343,0.095,0.21,-0.217,0.117,-0.364,-0.381,0.232,-0.196,0.109,-0.265,-0.065,-0.226,-0.036,0.435,-0.067,-0.264,0.094,0.169,0.064,-0.264,0.332,0.004,-0.238,0.121,-0.336,0.092,0.087,0.246,-0.282,-0.081,-0.194,0.089,-0.366,0.431,-0.106,-0.502,-0.076,0.17,0.067,0.008,0.19,-0.219,-0.5,0.028,0.035,-0.03,0.443,-0.548,-0.029,-0.217,0.546,0.371,0.075,-0.012,0.047,0.035,0.223,-0.25,0.387,0.206,-0.144,-0.171,-0.107,-0.133,0.162,0.237,-0.035,-0.124,0.216,0.017,0.234
AKAM,-0.223,0.067,-0.37,0.0,0.101,0.816,0.746,0.443,0.531,0.297,0.754,0.5,0.682,0.768,0.451,0.353,-0.183,0.323,0.289,0.505,0.162,0.778,0.628,-0.567,0.726,0.665,0.46,0.294,-0.37,0.629,0.634,0.759,0.662,0.161,0.272,-0.072,0.166,0.713,0.063,-0.25,0.384,0.79,-0.187,0.071,0.182,0.002,-0.23,0.012,0.7,-0.209,0.637,0.806,0.162,0.253,0.392,0.33,0.108,0.178,0.705,-0.008,-0.224,0.48,0.367,0.531,0.835,0.676,-0.436,0.668,0.139,0.489,0.035,0.627,0.721,-0.021,0.115,0.637,0.573,0.718,0.3,-0.293,0.388,0.774,-0.462,0.468,0.155,0.271,-0.227,0.583,0.204,0.162,-0.01,0.276,0.481,0.668,0.274,0.38,0.096,-0.723,-0.631,0.724,0.25,0.513,0.83,0.116,0.14,0.329,0.398,0.576,-0.017,-0.375,0.549,0.829,0.731,-0.248,0.78,0.846,0.538,0.336,0.66,0.518,-0.568,-0.337,0.32,0.609,0.549,0.708,0.774,-0.079,0.798,0.092,-0.703,0.816,0.131,0.867,0.836,0.14,0.431,0.128,0.815,0.632,0.526,0.387,0.13,0.144,0.528,0.477,-0.518,0.026,0.854,0.317,0.093,-0.025,0.049,0.629,0.05,-0.334,-0.042,0.803,0.567,0.533,0.0,0.75,-0.437,0.442,0.74,0.634,0.312,-0.327,0.136,-0.066,0.276,0.792,0.519,0.044,0.741,-0.035,0.833,0.396,0.756,-0.627,0.203,0.376,0.069,0.326,0.341,0.151,0.85,0.064,-0.015,0.086,0.565,0.592,0.692,-0.017,-0.37,0.175,0.276,0.019,0.331,-0.368
AKRO,0.812,0.834,0.204,0.101,0.0,-0.204,-0.225,-0.493,0.171,0.662,-0.293,0.724,0.287,0.015,0.705,0.656,0.062,0.882,0.332,-0.3,0.766,0.452,-0.213,0.206,-0.314,-0.403,0.594,0.793,0.505,0.575,0.516,-0.187,0.329,0.893,-0.232,0.787,0.875,0.161,0.642,0.756,0.887,0.079,0.756,0.846,0.409,-0.287,0.809,0.748,0.152,0.806,-0.045,0.031,0.636,0.803,0.554,-0.365,0.866,0.735,-0.054,0.871,0.822,-0.048,0.241,0.281,-0.197,0.582,0.675,0.557,0.769,-0.295,0.85,0.259,-0.448,0.768,0.823,-0.01,0.082,0.034,0.751,0.621,-0.694,-0.275,0.614,-0.344,0.842,-0.644,0.685,0.744,0.806,0.364,0.712,0.877,0.112,0.006,0.813,0.378,0.157,0.4,0.491,0.173,0.923,-0.068,-0.066,0.858,-0.224,0.785,0.224,0.634,0.529,0.513,-0.011,-0.08,-0.32,0.413,0.411,0.081,-0.114,0.748,-0.213,0.293,-0.177,0.142,0.751,0.328,0.001,-0.276,-0.216,0.751,0.056,0.84,0.14,0.41,0.795,0.37,0.198,0.782,0.461,0.751,0.103,0.558,0.273,0.76,0.82,0.627,-0.566,0.14,0.572,0.8,0.099,0.688,0.754,0.603,0.827,0.272,0.808,0.205,0.73,-0.093,0.601,0.566,0.883,0.468,0.679,0.556,-0.212,0.581,0.708,0.599,0.785,0.864,-0.241,-0.135,-0.308,0.719,0.15,0.472,-0.133,0.8,0.337,0.536,0.323,0.762,0.852,0.37,0.73,0.217,0.315,0.823,0.844,0.576,-0.375,0.344,0.437,0.836,0.65,-0.116,0.738,0.819,0.781,0.715
ALRM,-0.414,-0.18,-0.317,0.816,-0.204,0.0,0.716,0.474,0.307,0.073,0.825,0.342,0.445,0.765,0.121,0.2,-0.237,-0.041,0.026,0.55,0.005,0.592,0.52,-0.583,0.797,0.775,0.365,-0.024,-0.551,0.46,0.436,0.742,0.527,-0.212,0.596,-0.351,-0.09,0.584,-0.166,-0.566,-0.004,0.646,-0.339,-0.256,-0.114,0.083,-0.472,-0.296,0.628,-0.425,0.743,0.735,-0.156,-0.047,0.207,0.6,-0.129,0.032,0.642,-0.382,-0.453,0.538,0.292,0.341,0.795,0.53,-0.535,0.541,-0.138,0.649,-0.271,0.403,0.853,-0.321,-0.18,0.671,0.426,0.641,-0.08,-0.446,0.511,0.864,-0.685,0.681,-0.096,0.454,-0.434,0.282,0.05,-0.086,-0.202,-0.097,0.504,0.491,-0.131,0.24,-0.004,-0.819,-0.794,0.755,-0.111,0.534,0.771,-0.234,0.378,-0.099,0.423,0.277,-0.134,-0.559,0.495,0.879,0.737,-0.451,0.668,0.685,0.684,-0.027,0.695,0.364,-0.255,-0.211,0.045,0.469,0.628,0.781,0.799,-0.337,0.723,-0.159,-0.743,0.611,-0.119,0.649,0.726,-0.091,0.326,-0.044,0.578,0.322,0.22,0.207,-0.137,-0.148,0.777,0.417,-0.648,-0.23,0.656,-0.059,-0.069,-0.247,-0.171,0.67,-0.123,-0.455,-0.345,0.73,0.292,0.343,-0.28,0.542,-0.648,0.206,0.77,0.404,-0.005,-0.634,-0.096,-0.412,0.236,0.752,0.623,-0.119,0.644,-0.34,0.833,0.118,0.734,-0.787,0.167,0.173,-0.313,0.271,0.184,-0.071,0.745,-0.323,-0.201,0.041,0.664,0.543,0.42,-0.233,-0.618,0.547,0.027,-0.301,0.076,-0.577
AMAT,-0.548,-0.364,-0.284,0.746,-0.225,0.716,0.0,0.725,0.544,-0.006,0.859,0.155,0.78,0.893,-0.019,0.066,-0.511,0.045,0.027,0.876,-0.156,0.558,0.862,-0.658,0.936,0.816,0.259,0.009,-0.669,0.457,0.483,0.935,0.604,-0.19,0.147,-0.526,-0.137,0.501,-0.421,-0.604,0.095,0.904,-0.566,-0.304,0.35,0.298,-0.517,-0.213,0.824,-0.615,0.695,0.851,-0.059,-0.157,-0.015,0.137,-0.329,-0.184,0.734,-0.345,-0.613,0.46,0.223,0.675,0.879,0.411,-0.677,0.481,-0.353,0.68,-0.355,0.679,0.873,-0.457,-0.268,0.584,0.807,0.751,0.041,-0.73,0.764,0.885,-0.751,0.731,-0.27,0.635,-0.621,0.325,-0.022,-0.124,-0.484,-0.142,0.013,0.881,0.016,0.389,0.142,-0.757,-0.809,0.717,-0.128,0.661,0.936,-0.098,0.355,0.138,0.153,0.372,-0.469,-0.704,0.821,0.793,0.951,-0.3,0.547,0.892,0.577,0.036,0.865,0.625,-0.231,-0.599,-0.022,0.634,0.686,0.853,0.952,-0.498,0.818,-0.378,-0.779,0.669,-0.271,0.685,0.739,-0.165,0.222,-0.064,0.882,0.471,0.575,0.031,-0.127,-0.287,0.741,0.619,-0.812,-0.414,0.858,0.165,-0.382,-0.245,-0.372,0.196,-0.443,-0.63,-0.341,0.964,0.446,0.084,-0.401,0.48,-0.734,0.312,0.764,0.386,0.045,-0.476,-0.307,-0.393,0.541,0.88,0.857,-0.407,0.815,-0.052,0.805,0.1,0.632,-0.691,0.248,0.212,-0.355,-0.076,0.013,0.309,0.668,-0.109,-0.42,-0.32,0.891,0.431,0.683,-0.437,-0.709,0.129,-0.193,-0.269,0.093,-0.735
AMED,-0.569,-0.46,-0.541,0.443,-0.493,0.474,0.725,0.0,0.215,-0.305,0.754,-0.114,0.361,0.568,-0.17,0.012,-0.125,-0.206,0.166,0.65,-0.243,0.243,0.656,-0.614,0.656,0.599,-0.175,-0.338,-0.473,0.12,0.059,0.694,0.394,-0.422,0.247,-0.538,-0.418,0.376,-0.366,-0.622,-0.267,0.592,-0.595,-0.442,0.04,0.338,-0.648,-0.35,0.386,-0.786,0.416,0.47,-0.152,-0.245,0.033,0.147,-0.461,-0.269,0.484,-0.486,-0.729,0.453,0.103,0.28,0.652,0.123,-0.624,0.078,-0.36,0.603,-0.501,0.206,0.755,-0.45,-0.358,0.333,0.514,0.629,-0.283,-0.609,0.716,0.666,-0.66,0.516,-0.394,0.57,-0.538,-0.036,-0.337,-0.259,-0.439,-0.414,0.047,0.543,-0.241,0.091,-0.257,-0.604,-0.66,0.333,-0.403,0.545,0.639,-0.392,0.13,-0.154,0.078,0.095,-0.307,-0.53,0.496,0.602,0.803,-0.443,0.256,0.652,0.483,-0.198,0.534,0.2,-0.095,-0.491,-0.362,0.205,0.197,0.55,0.715,-0.503,0.497,-0.466,-0.428,0.37,-0.364,0.399,0.46,-0.45,0.113,-0.228,0.573,0.147,0.437,-0.15,-0.498,-0.236,0.603,0.196,-0.617,-0.443,0.526,-0.191,-0.418,-0.097,-0.434,0.087,-0.534,-0.403,-0.392,0.651,0.214,-0.032,-0.495,0.203,-0.716,0.203,0.655,0.06,-0.136,-0.297,-0.346,-0.488,0.596,0.743,0.544,-0.396,0.387,-0.272,0.683,-0.119,0.328,-0.714,0.008,-0.059,-0.464,-0.366,-0.173,0.128,0.316,-0.395,-0.514,-0.364,0.64,0.19,0.301,-0.488,-0.612,0.019,-0.247,-0.431,-0.18,-0.654
AMRN,-0.158,-0.083,-0.218,0.531,0.171,0.307,0.544,0.215,0.0,0.043,0.401,0.213,0.703,0.558,0.198,0.176,-0.419,0.253,-0.006,0.422,0.024,0.476,0.608,-0.333,0.497,0.521,0.317,0.406,-0.308,0.329,0.569,0.528,0.307,0.086,-0.172,-0.065,0.142,0.431,-0.172,-0.074,0.351,0.665,-0.167,0.006,0.338,-0.192,-0.071,-0.04,0.497,-0.122,0.512,0.615,-0.009,0.094,0.061,-0.042,0.05,0.03,0.459,0.072,-0.17,0.267,0.05,0.543,0.576,0.323,-0.274,0.452,-0.048,0.345,0.144,0.695,0.39,-0.129,0.056,0.457,0.577,0.394,0.405,-0.297,0.375,0.442,-0.308,0.325,0.033,0.304,-0.247,0.316,0.163,0.366,-0.114,0.229,-0.062,0.65,0.265,0.555,0.389,-0.385,-0.382,0.553,0.235,0.297,0.604,0.159,0.213,0.293,0.19,0.508,-0.182,-0.394,0.461,0.42,0.461,-0.112,0.415,0.541,0.293,0.172,0.55,0.593,-0.423,-0.216,0.285,0.491,0.39,0.492,0.417,-0.137,0.588,-0.013,-0.567,0.459,-0.025,0.522,0.586,0.013,0.108,0.08,0.631,0.462,0.426,0.092,0.102,-0.056,0.282,0.522,-0.404,-0.111,0.674,0.338,-0.036,-0.091,-0.018,0.118,-0.066,-0.273,-0.093,0.519,0.35,0.136,-0.012,0.454,-0.282,0.194,0.376,0.377,0.112,-0.133,0.012,0.011,0.109,0.479,0.42,-0.087,0.608,0.208,0.404,0.142,0.393,-0.235,0.046,0.22,0.146,0.243,0.168,0.178,0.519,0.266,-0.071,0.069,0.487,0.295,0.672,-0.079,-0.33,-0.113,0.02,-0.01,0.326,-0.317
ANGI,0.614,0.786,0.201,0.297,0.662,0.073,-0.006,-0.305,0.043,0.0,-0.071,0.744,0.296,0.206,0.708,0.536,0.213,0.719,0.543,-0.226,0.742,0.472,-0.15,0.072,-0.074,-0.237,0.522,0.461,0.375,0.623,0.424,-0.017,0.419,0.776,-0.113,0.645,0.787,0.027,0.684,0.551,0.683,0.106,0.646,0.798,0.492,0.198,0.599,0.809,0.277,0.561,-0.148,0.106,0.82,0.76,0.655,-0.259,0.759,0.742,0.227,0.681,0.625,-0.247,0.515,0.32,0.01,0.635,0.401,0.509,0.697,-0.36,0.697,0.102,-0.189,0.707,0.782,-0.131,-0.028,0.214,0.47,0.529,-0.543,-0.01,0.48,-0.176,0.768,-0.533,0.641,0.777,0.684,0.091,0.681,0.747,0.354,0.168,0.762,0.095,-0.146,0.21,0.354,0.157,0.773,0.039,0.043,0.748,-0.318,0.741,0.214,0.577,0.609,0.46,0.199,0.173,-0.122,0.4,0.463,0.247,-0.035,0.824,-0.108,0.184,-0.203,-0.271,0.712,0.336,0.159,-0.137,0.077,0.733,0.168,0.748,0.165,0.468,0.784,0.447,0.249,0.662,0.6,0.688,0.214,0.651,0.387,0.807,0.679,0.707,-0.364,0.058,0.392,0.749,0.228,0.662,0.686,0.513,0.744,0.38,0.641,0.139,0.728,0.12,0.596,0.751,0.696,0.474,0.531,0.645,-0.046,0.718,0.812,0.475,0.739,0.695,0.106,0.117,-0.071,0.715,0.261,0.431,0.094,0.762,0.464,0.28,0.592,0.734,0.574,0.189,0.769,0.5,0.466,0.605,0.724,0.302,-0.252,0.494,0.314,0.723,0.554,0.043,0.73,0.755,0.72,0.533
APA,-0.481,-0.323,-0.541,0.754,-0.293,0.825,0.859,0.754,0.401,-0.071,0.0,0.253,0.596,0.825,0.002,0.22,-0.279,-0.052,0.066,0.684,-0.046,0.595,0.716,-0.722,0.874,0.82,0.202,-0.039,-0.633,0.443,0.447,0.891,0.572,-0.302,0.451,-0.454,-0.187,0.606,-0.258,-0.688,-0.052,0.8,-0.476,-0.364,0.038,0.219,-0.602,-0.278,0.698,-0.657,0.752,0.771,-0.116,-0.06,0.157,0.432,-0.258,-0.095,0.657,-0.418,-0.621,0.633,0.287,0.429,0.895,0.502,-0.674,0.488,-0.248,0.803,-0.336,0.466,0.948,-0.416,-0.249,0.62,0.623,0.833,-0.076,-0.637,0.679,0.917,-0.782,0.771,-0.198,0.607,-0.567,0.231,-0.043,-0.18,-0.328,-0.236,0.231,0.677,-0.133,0.314,-0.111,-0.86,-0.874,0.732,-0.209,0.736,0.915,-0.284,0.359,-0.052,0.377,0.329,-0.234,-0.665,0.597,0.896,0.919,-0.564,0.641,0.828,0.775,-0.095,0.78,0.4,-0.2,-0.452,-0.089,0.433,0.514,0.81,0.905,-0.465,0.807,-0.295,-0.732,0.634,-0.219,0.669,0.828,-0.247,0.345,-0.011,0.737,0.371,0.436,0.116,-0.312,-0.22,0.786,0.374,-0.709,-0.322,0.703,-0.109,-0.213,-0.086,-0.291,0.478,-0.311,-0.628,-0.426,0.836,0.37,0.213,-0.339,0.536,-0.799,0.301,0.853,0.35,-0.064,-0.505,-0.183,-0.417,0.478,0.919,0.681,-0.247,0.672,-0.399,0.929,0.071,0.704,-0.842,0.105,0.168,-0.346,-0.068,0.098,-0.028,0.674,-0.338,-0.349,-0.088,0.796,0.524,0.522,-0.375,-0.709,0.334,-0.065,-0.333,0.105,-0.684
APOG,0.614,0.757,-0.05,0.5,0.724,0.342,0.155,-0.114,0.213,0.744,0.253,0.0,0.445,0.453,0.801,0.845,0.063,0.823,0.412,-0.09,0.853,0.753,0.044,-0.163,0.147,0.017,0.705,0.663,0.199,0.881,0.73,0.263,0.591,0.683,0.216,0.614,0.844,0.364,0.65,0.372,0.756,0.388,0.603,0.71,0.373,-0.027,0.538,0.663,0.476,0.485,0.274,0.424,0.652,0.839,0.813,0.03,0.806,0.8,0.274,0.628,0.544,0.197,0.54,0.441,0.286,0.935,0.347,0.852,0.734,0.069,0.684,0.314,0.078,0.636,0.764,0.289,0.194,0.505,0.571,0.411,-0.447,0.262,0.251,0.102,0.83,-0.361,0.511,0.878,0.864,0.113,0.69,0.728,0.411,0.242,0.728,0.324,-0.079,-0.027,0.059,0.571,0.781,0.228,0.338,0.662,-0.074,0.685,0.486,0.792,0.59,0.189,0.271,0.479,0.117,0.082,0.776,0.467,0.413,0.756,0.177,0.414,-0.214,-0.162,0.727,0.522,0.284,0.158,0.28,0.614,0.444,0.778,-0.185,0.738,0.806,0.681,0.619,0.683,0.744,0.815,0.387,0.775,0.391,0.946,0.653,0.58,-0.109,0.268,0.256,0.725,0.384,0.578,0.795,0.608,0.764,0.714,0.774,-0.093,0.539,0.277,0.786,0.826,0.74,0.755,0.31,0.777,0.265,0.844,0.765,0.293,0.795,0.649,-0.03,0.358,0.03,0.736,0.487,0.149,0.413,0.873,0.804,0.0,0.52,0.898,0.577,0.388,0.919,0.224,0.7,0.542,0.763,0.628,-0.018,0.807,0.548,0.727,0.327,0.311,0.823,0.702,0.875,0.423
APPS,-0.127,0.04,-0.077,0.682,0.287,0.445,0.78,0.361,0.703,0.296,0.596,0.445,0.0,0.81,0.299,0.35,-0.571,0.493,0.072,0.651,0.231,0.715,0.77,-0.47,0.706,0.591,0.58,0.527,-0.41,0.679,0.772,0.763,0.578,0.24,-0.17,-0.086,0.33,0.421,-0.136,-0.145,0.573,0.888,-0.163,0.141,0.677,0.123,-0.039,0.175,0.825,-0.178,0.614,0.848,0.244,0.257,0.189,-0.159,0.135,0.185,0.604,0.193,-0.148,0.291,0.282,0.868,0.735,0.606,-0.254,0.733,0.009,0.426,0.151,0.868,0.538,-0.082,0.167,0.532,0.846,0.735,0.514,-0.407,0.378,0.633,-0.373,0.524,0.171,0.365,-0.271,0.626,0.411,0.196,-0.096,0.312,-0.151,0.903,0.478,0.58,0.373,-0.441,-0.469,0.749,0.37,0.499,0.807,0.384,0.237,0.551,0.239,0.712,-0.253,-0.482,0.787,0.626,0.675,0.016,0.637,0.816,0.392,0.402,0.756,0.841,-0.307,-0.565,0.37,0.788,0.652,0.667,0.7,-0.094,0.775,0.058,-0.674,0.774,0.139,0.748,0.801,0.164,0.349,0.342,0.911,0.76,0.717,0.31,0.323,-0.003,0.37,0.653,-0.473,-0.013,0.81,0.567,0.009,0.035,0.068,0.186,-0.039,-0.542,0.024,0.774,0.672,0.266,0.074,0.637,-0.313,0.537,0.505,0.658,0.386,-0.115,0.105,0.116,0.307,0.702,0.67,-0.043,0.876,0.282,0.608,0.402,0.678,-0.257,0.391,0.521,0.1,0.084,0.379,0.408,0.733,0.419,0.035,0.004,0.676,0.581,0.898,-0.008,-0.345,-0.047,0.128,0.189,0.543,-0.335
ARCB,-0.296,-0.102,-0.202,0.768,0.015,0.765,0.893,0.568,0.558,0.206,0.825,0.453,0.81,0.0,0.209,0.347,-0.455,0.261,0.073,0.713,0.163,0.693,0.755,-0.659,0.872,0.768,0.488,0.179,-0.562,0.667,0.662,0.907,0.631,-0.005,0.243,-0.271,0.146,0.48,-0.209,-0.419,0.284,0.878,-0.292,-0.068,0.406,0.25,-0.279,-0.01,0.852,-0.406,0.718,0.89,0.113,0.095,0.26,0.167,-0.002,0.16,0.756,-0.127,-0.376,0.394,0.376,0.756,0.854,0.641,-0.434,0.7,-0.106,0.592,-0.092,0.682,0.794,-0.233,0.032,0.598,0.731,0.787,0.174,-0.498,0.514,0.863,-0.59,0.686,0.034,0.468,-0.378,0.511,0.283,-0.026,-0.161,0.08,0.15,0.828,0.219,0.366,0.098,-0.656,-0.685,0.837,0.109,0.596,0.902,0.1,0.279,0.257,0.32,0.597,-0.21,-0.598,0.799,0.861,0.824,-0.222,0.691,0.863,0.63,0.24,0.831,0.704,-0.243,-0.564,0.219,0.752,0.766,0.827,0.891,-0.239,0.842,-0.075,-0.755,0.793,0.013,0.768,0.856,0.048,0.393,0.184,0.841,0.64,0.534,0.318,0.094,-0.099,0.636,0.598,-0.641,-0.147,0.843,0.302,-0.055,-0.079,-0.048,0.411,-0.136,-0.535,-0.132,0.886,0.582,0.35,-0.147,0.662,-0.535,0.485,0.74,0.618,0.271,-0.388,0.008,-0.163,0.41,0.864,0.806,-0.075,0.882,-0.03,0.806,0.298,0.831,-0.613,0.422,0.457,-0.202,0.071,0.36,0.317,0.802,0.053,-0.097,-0.035,0.802,0.664,0.711,-0.129,-0.556,0.297,0.079,-0.052,0.349,-0.533
ARCC,0.633,0.82,-0.098,0.451,0.705,0.121,-0.019,-0.17,0.198,0.708,0.002,0.801,0.299,0.209,0.0,0.731,0.292,0.838,0.613,-0.229,0.773,0.649,-0.039,-0.017,-0.112,-0.189,0.542,0.643,0.46,0.703,0.554,0.072,0.421,0.802,-0.005,0.795,0.807,0.364,0.756,0.627,0.791,0.194,0.609,0.85,0.333,-0.147,0.625,0.689,0.164,0.614,-0.006,0.249,0.719,0.86,0.834,-0.187,0.835,0.767,0.154,0.772,0.664,0.024,0.398,0.302,0.13,0.729,0.41,0.624,0.888,-0.252,0.776,0.244,-0.16,0.837,0.861,0.15,0.046,0.313,0.625,0.592,-0.544,-0.001,0.469,-0.255,0.865,-0.571,0.672,0.82,0.681,0.346,0.773,0.876,0.49,0.127,0.828,0.133,-0.065,0.14,0.269,0.249,0.847,-0.017,0.124,0.757,-0.417,0.777,0.312,0.736,0.598,0.417,0.118,0.256,-0.055,0.214,0.588,0.332,0.095,0.893,-0.048,0.287,-0.492,-0.127,0.773,0.4,0.033,-0.056,0.051,0.789,0.234,0.858,0.034,0.629,0.855,0.601,0.417,0.738,0.581,0.67,0.29,0.742,0.392,0.8,0.711,0.775,-0.349,0.157,0.383,0.826,0.312,0.683,0.794,0.625,0.804,0.548,0.793,0.204,0.734,0.121,0.708,0.849,0.764,0.655,0.502,0.698,0.089,0.8,0.828,0.482,0.842,0.768,-0.131,0.138,-0.213,0.759,0.322,0.332,0.222,0.854,0.495,0.116,0.356,0.716,0.752,0.416,0.787,0.299,0.547,0.652,0.783,0.546,-0.279,0.597,0.442,0.804,0.571,-0.044,0.873,0.775,0.728,0.587
ARVN,0.588,0.675,-0.199,0.353,0.656,0.2,0.066,0.012,0.176,0.536,0.22,0.845,0.35,0.347,0.731,0.0,0.212,0.749,0.401,-0.124,0.829,0.635,0.079,-0.147,0.022,-0.011,0.616,0.58,0.299,0.717,0.617,0.2,0.529,0.584,0.284,0.596,0.693,0.36,0.563,0.391,0.639,0.337,0.541,0.635,0.277,-0.109,0.52,0.563,0.331,0.389,0.229,0.307,0.59,0.777,0.84,-0.053,0.753,0.781,0.227,0.606,0.47,0.224,0.399,0.348,0.183,0.802,0.439,0.706,0.718,0.069,0.684,0.221,0.047,0.605,0.743,0.262,0.146,0.459,0.485,0.419,-0.419,0.144,0.273,0.029,0.755,-0.362,0.495,0.704,0.689,0.231,0.686,0.596,0.327,0.172,0.648,0.316,-0.153,0.079,0.106,0.442,0.713,0.179,0.272,0.587,-0.177,0.58,0.514,0.772,0.587,0.24,0.13,0.421,0.076,0.048,0.624,0.399,0.39,0.653,0.045,0.343,-0.217,-0.095,0.615,0.43,0.101,0.066,0.178,0.598,0.293,0.718,-0.078,0.65,0.757,0.585,0.573,0.514,0.605,0.768,0.316,0.656,0.429,0.819,0.513,0.631,-0.147,0.171,0.322,0.693,0.307,0.492,0.749,0.707,0.751,0.579,0.711,0.003,0.538,0.159,0.728,0.748,0.668,0.679,0.302,0.799,0.199,0.709,0.652,0.436,0.786,0.624,-0.007,0.313,-0.092,0.721,0.354,0.138,0.361,0.76,0.662,0.019,0.405,0.793,0.561,0.232,0.819,0.09,0.559,0.491,0.718,0.578,-0.063,0.694,0.476,0.714,0.348,0.199,0.743,0.61,0.759,0.438
ATEC,0.377,0.391,-0.305,-0.183,0.062,-0.237,-0.511,-0.125,-0.419,0.213,-0.279,0.063,-0.571,-0.455,0.292,0.212,0.0,0.001,0.512,-0.63,0.261,-0.214,-0.506,0.246,-0.575,-0.5,-0.287,-0.231,0.654,-0.236,-0.326,-0.502,-0.056,0.215,0.151,0.448,0.042,-0.015,0.615,0.384,-0.124,-0.533,0.419,0.296,-0.344,-0.055,0.191,0.327,-0.485,0.255,-0.538,-0.597,0.359,0.326,0.461,0.057,0.307,0.315,-0.139,0.217,0.302,-0.194,0.142,-0.573,-0.425,-0.067,0.319,-0.357,0.499,-0.44,0.332,-0.657,-0.343,0.51,0.348,-0.483,-0.633,-0.259,-0.165,0.605,-0.473,-0.442,0.481,-0.569,0.293,-0.549,0.592,-0.086,-0.154,-0.003,0.517,0.137,0.471,-0.53,0.053,-0.372,-0.641,0.295,0.451,-0.565,0.099,-0.23,-0.461,0.044,-0.649,0.002,0.127,-0.108,0.662,0.709,-0.592,-0.231,-0.412,0.068,-0.198,-0.29,-0.27,0.178,-0.692,-0.677,-0.164,0.187,0.115,-0.542,-0.661,-0.58,-0.402,0.512,-0.474,0.398,0.641,-0.216,0.343,-0.154,-0.303,0.097,0.13,0.059,-0.43,-0.186,-0.09,0.2,-0.083,0.626,-0.445,-0.624,0.576,0.485,-0.353,-0.13,0.387,0.489,0.377,0.158,0.337,0.571,0.424,-0.442,-0.062,0.384,0.304,-0.096,0.406,0.082,-0.214,-0.052,0.158,0.503,0.423,0.305,0.063,-0.248,-0.642,0.514,-0.583,-0.058,-0.2,0.127,-0.256,0.14,-0.097,-0.053,0.295,-0.117,0.138,-0.136,-0.258,-0.112,0.333,0.149,-0.653,-0.174,-0.458,0.405,0.563,-0.123,0.404,0.193,-0.069,0.525
ATXS,0.704,0.821,0.108,0.323,0.882,-0.041,0.045,-0.206,0.253,0.719,-0.052,0.823,0.493,0.261,0.838,0.749,0.001,0.0,0.43,-0.125,0.786,0.63,0.052,0.038,-0.063,-0.217,0.638,0.804,0.379,0.789,0.673,0.094,0.493,0.863,-0.182,0.721,0.906,0.246,0.632,0.647,0.936,0.319,0.638,0.865,0.615,-0.077,0.74,0.789,0.351,0.636,0.026,0.292,0.768,0.857,0.691,-0.408,0.834,0.747,0.162,0.869,0.706,-0.016,0.398,0.519,0.09,0.747,0.49,0.708,0.77,-0.194,0.803,0.4,-0.215,0.755,0.849,0.101,0.27,0.34,0.767,0.496,-0.542,-0.024,0.493,-0.161,0.861,-0.506,0.62,0.91,0.854,0.307,0.683,0.882,0.133,0.258,0.936,0.319,0.12,0.249,0.336,0.328,0.927,0.055,0.166,0.897,-0.243,0.912,0.215,0.807,0.464,0.346,0.268,0.171,-0.042,0.387,0.561,0.369,0.062,0.91,0.034,0.482,-0.26,-0.193,0.787,0.549,0.137,-0.035,0.069,0.724,0.253,0.82,-0.011,0.654,0.856,0.554,0.41,0.787,0.599,0.809,0.378,0.816,0.508,0.833,0.846,0.646,-0.391,0.302,0.396,0.771,0.334,0.84,0.73,0.63,0.8,0.366,0.757,0.047,0.74,0.168,0.805,0.682,0.83,0.625,0.55,0.796,0.001,0.784,0.888,0.562,0.795,0.845,-0.075,0.128,-0.089,0.685,0.409,0.513,0.136,0.904,0.526,0.331,0.518,0.877,0.753,0.314,0.817,0.432,0.496,0.859,0.791,0.501,-0.173,0.592,0.605,0.784,0.539,-0.086,0.776,0.864,0.868,0.584
AVAV,0.353,0.561,-0.295,0.289,0.332,0.026,0.027,0.166,-0.006,0.543,0.066,0.412,0.072,0.073,0.613,0.401,0.512,0.43,0.0,-0.131,0.509,0.412,-0.091,-0.074,-0.172,-0.291,0.044,0.132,0.462,0.292,0.079,-0.02,0.384,0.566,-0.08,0.515,0.386,0.343,0.643,0.396,0.399,0.046,0.36,0.545,0.126,0.083,0.2,0.479,-0.029,0.212,-0.177,-0.055,0.651,0.596,0.656,-0.201,0.49,0.507,0.188,0.431,0.293,0.023,0.369,0.023,0.021,0.387,0.114,0.136,0.637,-0.215,0.423,-0.113,-0.089,0.597,0.58,-0.152,-0.024,0.234,0.23,0.438,-0.306,-0.036,0.323,-0.34,0.53,-0.498,0.521,0.49,0.163,0.086,0.519,0.5,0.507,0.068,0.464,-0.019,-0.517,0.049,0.196,-0.116,0.443,0.141,0.058,0.387,-0.619,0.495,0.042,0.375,0.553,0.515,0.005,0.133,0.05,0.083,0.339,0.299,-0.081,0.555,-0.263,-0.153,-0.419,-0.172,0.313,0.008,-0.255,-0.31,0.068,0.569,0.08,0.531,0.309,0.37,0.485,0.444,0.172,0.343,0.403,0.299,0.181,0.405,0.401,0.52,0.219,0.729,-0.354,-0.261,0.286,0.616,0.201,0.301,0.454,0.562,0.501,0.321,0.356,0.249,0.615,0.132,0.528,0.675,0.443,0.343,0.28,0.494,0.116,0.407,0.56,0.516,0.555,0.461,0.32,0.212,-0.253,0.548,-0.005,0.137,0.201,0.571,0.223,-0.026,0.094,0.388,0.556,-0.123,0.444,0.297,0.312,0.255,0.441,0.082,-0.324,0.184,0.192,0.519,0.472,-0.312,0.642,0.43,0.325,0.39
AXON,-0.649,-0.518,-0.117,0.505,-0.3,0.55,0.876,0.65,0.422,-0.226,0.684,-0.09,0.651,0.713,-0.229,-0.124,-0.63,-0.125,-0.131,0.0,-0.296,0.371,0.771,-0.569,0.81,0.71,0.203,-0.081,-0.672,0.257,0.246,0.796,0.415,-0.285,0.048,-0.644,-0.272,0.4,-0.62,-0.665,-0.021,0.751,-0.668,-0.432,0.252,0.226,-0.588,-0.377,0.667,-0.621,0.676,0.712,-0.282,-0.37,-0.288,0.076,-0.5,-0.363,0.472,-0.456,-0.652,0.461,-0.028,0.59,0.696,0.155,-0.596,0.312,-0.533,0.67,-0.526,0.645,0.729,-0.584,-0.448,0.587,0.831,0.57,-0.054,-0.838,0.789,0.733,-0.795,0.665,-0.43,0.687,-0.757,0.112,-0.149,-0.16,-0.681,-0.275,-0.247,0.756,-0.162,0.361,0.267,-0.649,-0.774,0.589,-0.281,0.575,0.777,-0.207,0.449,-0.026,0.001,0.135,-0.693,-0.737,0.792,0.58,0.84,-0.301,0.353,0.684,0.444,-0.173,0.778,0.612,-0.064,-0.448,-0.198,0.545,0.665,0.726,0.804,-0.644,0.665,-0.552,-0.717,0.483,-0.464,0.476,0.533,-0.273,0.022,-0.188,0.712,0.222,0.402,-0.214,-0.195,-0.503,0.693,0.576,-0.807,-0.556,0.648,0.031,-0.584,-0.377,-0.519,-0.048,-0.602,-0.666,-0.468,0.824,0.278,-0.215,-0.543,0.211,-0.759,0.096,0.542,0.133,-0.194,-0.535,-0.511,-0.501,0.46,0.641,0.799,-0.613,0.693,-0.096,0.599,-0.091,0.382,-0.574,0.104,0.018,-0.441,-0.123,-0.24,0.154,0.466,-0.134,-0.536,-0.387,0.854,0.21,0.583,-0.557,-0.741,-0.01,-0.417,-0.419,-0.134,-0.768
BANF,0.774,0.861,0.026,0.162,0.766,0.005,-0.156,-0.243,0.024,0.742,-0.046,0.853,0.231,0.163,0.773,0.829,0.261,0.786,0.509,-0.296,0.0,0.547,-0.214,0.02,-0.209,-0.316,0.564,0.581,0.493,0.678,0.483,-0.04,0.367,0.766,0.086,0.794,0.865,0.173,0.755,0.587,0.703,0.074,0.775,0.831,0.347,-0.016,0.675,0.759,0.159,0.619,-0.025,0.095,0.744,0.899,0.843,-0.187,0.914,0.918,0.016,0.771,0.704,-0.009,0.386,0.232,-0.055,0.733,0.615,0.605,0.85,-0.207,0.805,0.068,-0.25,0.804,0.89,0.013,-0.006,0.302,0.526,0.627,-0.676,-0.083,0.53,-0.206,0.919,-0.583,0.723,0.733,0.808,0.167,0.848,0.751,0.281,0.015,0.74,0.169,-0.246,0.322,0.369,0.243,0.806,0.012,0.007,0.739,-0.344,0.678,0.408,0.673,0.72,0.457,0.055,0.197,-0.179,0.177,0.532,0.186,0.158,0.753,-0.157,0.219,-0.112,-0.096,0.674,0.272,-0.002,-0.21,-0.042,0.81,0.131,0.889,0.188,0.507,0.884,0.451,0.345,0.668,0.61,0.861,0.104,0.626,0.314,0.888,0.659,0.714,-0.437,-0.045,0.557,0.888,0.068,0.524,0.879,0.79,0.906,0.502,0.827,0.106,0.715,-0.036,0.668,0.771,0.846,0.529,0.557,0.74,-0.059,0.725,0.755,0.59,0.914,0.814,-0.074,0.077,-0.251,0.874,0.197,0.18,0.118,0.822,0.527,0.26,0.442,0.808,0.693,0.192,0.903,0.205,0.46,0.614,0.921,0.65,-0.331,0.624,0.3,0.895,0.621,0.106,0.867,0.787,0.825,0.673
BATRK,0.152,0.399,-0.26,0.778,0.452,0.592,0.558,0.243,0.476,0.472,0.595,0.753,0.715,0.693,0.649,0.635,-0.214,0.63,0.412,0.371,0.547,0.0,0.384,-0.448,0.477,0.351,0.647,0.625,-0.121,0.835,0.784,0.623,0.624,0.46,0.231,0.295,0.53,0.651,0.342,0.004,0.678,0.716,0.14,0.385,0.299,-0.075,0.119,0.287,0.642,0.104,0.62,0.743,0.373,0.595,0.554,0.09,0.463,0.464,0.489,0.348,0.132,0.454,0.407,0.552,0.625,0.873,-0.115,0.848,0.44,0.405,0.339,0.61,0.441,0.281,0.435,0.637,0.586,0.771,0.551,-0.04,0.021,0.579,-0.205,0.364,0.507,-0.019,0.037,0.824,0.577,0.179,0.293,0.516,0.389,0.564,0.518,0.48,0.058,-0.442,-0.409,0.746,0.552,0.474,0.708,0.437,0.047,0.565,0.346,0.734,0.169,-0.198,0.523,0.704,0.565,-0.189,0.904,0.748,0.544,0.55,0.539,0.596,-0.428,-0.292,0.438,0.653,0.437,0.475,0.617,0.21,0.756,0.421,-0.519,0.86,0.436,0.869,0.842,0.414,0.61,0.526,0.697,0.809,0.582,0.656,0.419,0.302,0.22,0.468,-0.212,0.385,0.666,0.443,0.423,0.304,0.378,0.682,0.386,-0.411,0.225,0.652,0.769,0.643,0.364,0.834,-0.157,0.662,0.499,0.797,0.513,-0.023,0.444,0.299,0.065,0.65,0.291,0.332,0.751,-0.032,0.733,0.707,0.842,-0.369,0.261,0.648,0.422,0.315,0.615,0.161,0.907,0.362,0.371,0.377,0.322,0.755,0.762,0.346,-0.067,0.179,0.542,0.396,0.672,-0.031
BIDU,-0.543,-0.392,-0.247,0.628,-0.213,0.52,0.862,0.656,0.608,-0.15,0.716,0.044,0.77,0.755,-0.039,0.079,-0.506,0.052,-0.091,0.771,-0.214,0.384,0.0,-0.53,0.819,0.804,0.272,0.077,-0.629,0.317,0.445,0.812,0.525,-0.221,-0.064,-0.505,-0.191,0.41,-0.509,-0.456,0.101,0.835,-0.578,-0.292,0.435,0.127,-0.429,-0.235,0.704,-0.591,0.629,0.783,-0.118,-0.218,-0.045,0.045,-0.326,-0.186,0.661,-0.261,-0.569,0.343,0.158,0.734,0.803,0.263,-0.532,0.404,-0.373,0.581,-0.269,0.74,0.765,-0.462,-0.249,0.511,0.794,0.626,0.056,-0.707,0.765,0.73,-0.66,0.623,-0.28,0.661,-0.594,0.188,-0.085,0.081,-0.464,-0.112,-0.184,0.854,0.083,0.382,0.334,-0.622,-0.668,0.606,-0.109,0.508,0.819,-0.064,0.337,0.129,0.185,0.416,-0.517,-0.657,0.712,0.632,0.798,-0.107,0.35,0.774,0.416,0.013,0.765,0.665,-0.261,-0.517,0.042,0.637,0.602,0.801,0.769,-0.464,0.651,-0.381,-0.719,0.598,-0.276,0.557,0.677,-0.209,0.079,-0.083,0.848,0.395,0.578,-0.11,-0.116,-0.257,0.653,0.601,-0.741,-0.431,0.803,0.261,-0.391,-0.262,-0.338,0.008,-0.451,-0.527,-0.305,0.781,0.385,-0.009,-0.389,0.345,-0.642,0.25,0.656,0.292,0.028,-0.385,-0.284,-0.311,0.49,0.735,0.778,-0.402,0.724,0.136,0.624,-0.03,0.441,-0.516,0.205,0.128,-0.334,-0.088,-0.027,0.24,0.485,0.003,-0.426,-0.323,0.87,0.31,0.68,-0.43,-0.666,-0.086,-0.249,-0.295,0.041,-0.666
BLNE,0.416,0.275,0.413,-0.567,0.206,-0.583,-0.658,-0.614,-0.333,0.072,-0.722,-0.163,-0.47,-0.659,-0.017,-0.147,0.246,0.038,-0.074,-0.569,0.02,-0.448,-0.53,0.0,-0.654,-0.622,-0.113,0.045,0.454,-0.35,-0.339,-0.751,-0.359,0.184,-0.296,0.339,0.139,-0.474,0.25,0.514,-0.015,-0.621,0.379,0.282,-0.006,-0.142,0.467,0.195,-0.518,0.495,-0.564,-0.586,0.146,0.051,-0.101,-0.264,0.198,0.098,-0.409,0.328,0.475,-0.546,0.012,-0.341,-0.666,-0.329,0.478,-0.364,0.161,-0.56,0.263,-0.412,-0.665,0.297,0.146,-0.508,-0.51,-0.604,0.015,0.5,-0.524,-0.666,0.59,-0.486,0.163,-0.432,0.456,-0.16,0.034,-0.05,0.255,0.141,-0.179,-0.52,0.115,-0.249,0.173,0.611,0.679,-0.54,0.13,-0.519,-0.715,0.214,-0.181,0.018,-0.234,-0.299,0.178,0.51,-0.434,-0.634,-0.666,0.529,-0.454,-0.603,-0.585,0.06,-0.589,-0.333,0.32,0.351,0.115,-0.327,-0.397,-0.612,-0.654,0.338,-0.646,0.234,0.621,-0.487,0.225,-0.601,-0.639,0.15,-0.225,0.118,-0.557,-0.303,-0.245,-0.077,0.247,0.208,-0.53,-0.186,0.599,0.253,-0.518,0.127,0.22,0.092,0.222,-0.32,0.254,0.369,0.311,-0.652,-0.258,-0.161,0.284,-0.486,0.597,-0.127,-0.665,-0.301,0.084,0.431,0.161,0.294,-0.343,-0.712,-0.518,0.207,-0.511,0.404,-0.678,-0.056,-0.536,0.731,0.107,-0.108,0.232,-0.016,-0.048,-0.024,-0.502,0.244,0.26,0.02,-0.622,-0.33,-0.385,0.269,0.521,-0.123,0.014,0.267,-0.047,0.56
BLNK,-0.587,-0.446,-0.247,0.726,-0.314,0.797,0.936,0.656,0.497,-0.074,0.874,0.147,0.706,0.872,-0.112,0.022,-0.575,-0.063,-0.172,0.81,-0.209,0.477,0.819,-0.654,0.0,0.918,0.242,-0.027,-0.784,0.428,0.479,0.929,0.495,-0.351,0.278,-0.599,-0.185,0.419,-0.487,-0.703,-0.026,0.861,-0.583,-0.416,0.241,0.293,-0.559,-0.333,0.789,-0.644,0.745,0.871,-0.211,-0.24,-0.077,0.33,-0.383,-0.239,0.675,-0.458,-0.66,0.498,0.23,0.611,0.912,0.386,-0.687,0.5,-0.437,0.745,-0.437,0.622,0.923,-0.561,-0.365,0.633,0.709,0.732,-0.042,-0.75,0.778,0.947,-0.81,0.836,-0.332,0.739,-0.684,0.218,-0.008,-0.158,-0.508,-0.257,0.029,0.799,-0.117,0.374,0.183,-0.798,-0.857,0.789,-0.228,0.603,0.904,-0.244,0.533,-0.028,0.268,0.301,-0.455,-0.822,0.747,0.819,0.905,-0.382,0.527,0.802,0.68,-0.099,0.92,0.594,-0.126,-0.497,-0.081,0.586,0.726,0.936,0.922,-0.585,0.828,-0.437,-0.861,0.585,-0.324,0.59,0.721,-0.241,0.179,-0.109,0.798,0.386,0.392,-0.003,-0.207,-0.429,0.857,0.601,-0.838,-0.507,0.78,0.033,-0.375,-0.349,-0.429,0.284,-0.434,-0.654,-0.507,0.885,0.299,0.025,-0.444,0.451,-0.786,0.194,0.794,0.32,-0.057,-0.633,-0.367,-0.503,0.403,0.856,0.889,-0.438,0.783,-0.176,0.812,-0.018,0.649,-0.737,0.225,0.143,-0.494,0.043,-0.003,0.189,0.625,-0.245,-0.467,-0.213,0.936,0.478,0.576,-0.512,-0.815,0.348,-0.24,-0.357,0.061,-0.797
BTAI,-0.65,-0.559,-0.321,0.665,-0.403,0.775,0.816,0.599,0.521,-0.237,0.82,0.017,0.591,0.768,-0.189,-0.011,-0.5,-0.217,-0.291,0.71,-0.316,0.351,0.804,-0.622,0.918,0.0,0.193,-0.073,-0.775,0.25,0.406,0.843,0.333,-0.472,0.311,-0.634,-0.326,0.396,-0.574,-0.708,-0.155,0.759,-0.647,-0.515,0.066,0.13,-0.609,-0.48,0.66,-0.673,0.745,0.797,-0.377,-0.354,-0.132,0.433,-0.443,-0.292,0.613,-0.536,-0.71,0.467,0.083,0.492,0.851,0.239,-0.652,0.382,-0.489,0.722,-0.453,0.573,0.901,-0.639,-0.441,0.638,0.586,0.597,-0.13,-0.75,0.808,0.863,-0.832,0.787,-0.424,0.781,-0.727,0.016,-0.157,0.004,-0.528,-0.348,0.048,0.7,-0.243,0.329,0.245,-0.791,-0.861,0.714,-0.313,0.479,0.824,-0.364,0.538,-0.198,0.385,0.224,-0.486,-0.828,0.573,0.768,0.803,-0.419,0.409,0.657,0.63,-0.243,0.847,0.513,-0.203,-0.343,-0.12,0.49,0.669,0.928,0.783,-0.632,0.721,-0.504,-0.849,0.451,-0.417,0.482,0.669,-0.371,0.035,-0.244,0.687,0.229,0.274,-0.16,-0.331,-0.454,0.879,0.528,-0.833,-0.58,0.707,-0.087,-0.397,-0.444,-0.48,0.231,-0.471,-0.531,-0.586,0.735,0.119,-0.045,-0.543,0.386,-0.803,0.039,0.75,0.195,-0.229,-0.69,-0.417,-0.587,0.292,0.754,0.822,-0.475,0.672,-0.226,0.724,-0.205,0.515,-0.745,0.078,-0.035,-0.546,0.09,-0.115,-0.02,0.522,-0.343,-0.534,-0.189,0.914,0.363,0.47,-0.569,-0.851,0.341,-0.326,-0.487,-0.071,-0.822
BYND,0.291,0.473,0.229,0.46,0.594,0.365,0.259,-0.175,0.317,0.522,0.202,0.705,0.58,0.488,0.542,0.616,-0.287,0.638,0.044,0.203,0.564,0.647,0.272,-0.113,0.242,0.193,0.0,0.643,-0.026,0.728,0.664,0.3,0.517,0.535,0.063,0.315,0.609,0.333,0.205,0.228,0.705,0.442,0.319,0.495,0.425,-0.14,0.392,0.409,0.583,0.368,0.482,0.536,0.344,0.48,0.444,-0.026,0.549,0.594,0.286,0.471,0.382,0.102,0.306,0.639,0.301,0.705,0.317,0.806,0.379,0.134,0.493,0.604,0.146,0.302,0.476,0.507,0.424,0.375,0.498,0.045,-0.197,0.266,-0.008,0.244,0.562,-0.061,0.163,0.688,0.7,0.293,0.344,0.581,0.055,0.372,0.609,0.291,0.437,-0.117,-0.079,0.618,0.638,0.219,0.379,0.596,0.173,0.523,0.339,0.653,0.099,-0.051,0.448,0.429,0.163,0.278,0.618,0.4,0.22,0.558,0.333,0.69,-0.13,-0.112,0.683,0.751,0.626,0.313,0.325,0.318,0.383,0.478,-0.385,0.711,0.528,0.564,0.607,0.505,0.481,0.646,0.458,0.585,0.401,0.589,0.681,0.294,0.083,0.495,-0.014,0.42,0.429,0.65,0.456,0.19,0.519,0.411,0.48,-0.252,0.354,0.318,0.671,0.467,0.404,0.516,0.134,0.578,0.109,0.676,0.5,-0.0,0.498,0.432,-0.05,0.223,0.249,0.39,0.621,0.315,0.285,0.583,0.637,0.095,0.553,0.682,0.372,0.401,0.633,0.086,0.64,0.608,0.521,0.398,0.227,0.652,0.648,0.473,0.08,0.156,0.402,0.414,0.6,0.174
CAN,0.56,0.603,0.086,0.294,0.793,-0.024,0.009,-0.338,0.406,0.461,-0.039,0.663,0.527,0.179,0.643,0.58,-0.231,0.804,0.132,-0.081,0.581,0.625,0.077,0.045,-0.027,-0.073,0.643,0.0,0.218,0.634,0.725,0.098,0.307,0.668,-0.173,0.59,0.751,0.248,0.424,0.487,0.857,0.345,0.499,0.637,0.436,-0.324,0.628,0.511,0.301,0.599,0.24,0.362,0.426,0.695,0.401,-0.261,0.66,0.487,0.006,0.736,0.595,0.113,0.198,0.41,0.116,0.617,0.38,0.705,0.588,-0.01,0.668,0.523,-0.174,0.518,0.59,0.298,0.335,0.303,0.815,0.313,-0.406,-0.007,0.302,-0.025,0.671,-0.305,0.365,0.72,0.761,0.391,0.49,0.739,-0.008,0.231,0.715,0.538,0.413,0.141,0.158,0.437,0.811,0.035,0.182,0.729,0.06,0.716,0.238,0.662,0.247,0.129,0.167,0.099,-0.036,0.226,0.525,0.255,0.128,0.628,0.149,0.514,-0.239,0.015,0.624,0.469,0.133,0.058,0.0,0.471,0.329,0.63,-0.194,0.496,0.625,0.456,0.43,0.626,0.378,0.686,0.338,0.644,0.406,0.584,0.711,0.359,-0.266,0.392,0.273,0.56,0.248,0.645,0.598,0.427,0.578,0.324,0.661,-0.133,0.404,0.096,0.597,0.395,0.715,0.549,0.379,0.524,-0.054,0.614,0.566,0.346,0.572,0.688,-0.337,0.069,-0.114,0.45,0.4,0.342,0.13,0.689,0.42,0.318,0.24,0.625,0.704,0.44,0.593,0.114,0.449,0.749,0.614,0.565,-0.093,0.506,0.623,0.567,0.344,-0.025,0.57,0.69,0.807,0.444
CCEC,0.696,0.668,0.101,-0.37,0.505,-0.551,-0.669,-0.473,-0.308,0.375,-0.633,0.199,-0.41,-0.562,0.46,0.299,0.654,0.379,0.462,-0.672,0.493,-0.121,-0.629,0.454,-0.784,-0.775,-0.026,0.218,0.0,-0.052,-0.174,-0.646,-0.124,0.604,-0.207,0.737,0.454,-0.138,0.68,0.75,0.305,-0.56,0.693,0.652,-0.02,-0.183,0.622,0.601,-0.474,0.689,-0.594,-0.6,0.527,0.537,0.437,-0.386,0.601,0.482,-0.402,0.637,0.713,-0.31,-0.016,-0.37,-0.661,0.006,0.643,-0.175,0.691,-0.68,0.634,-0.437,-0.737,0.765,0.609,-0.467,-0.531,-0.393,0.259,0.791,-0.793,-0.719,0.806,-0.755,0.585,-0.774,0.803,0.174,0.242,0.194,0.674,0.506,0.148,-0.539,0.405,-0.225,-0.286,0.65,0.767,-0.554,0.494,-0.389,-0.607,0.484,-0.648,0.364,-0.017,0.059,0.629,0.821,-0.512,-0.478,-0.652,0.341,-0.153,-0.4,-0.457,0.453,-0.737,-0.375,-0.107,0.265,0.366,-0.366,-0.607,-0.755,-0.64,0.757,-0.542,0.652,0.692,-0.179,0.611,-0.151,-0.39,0.424,0.114,0.357,-0.442,0.002,-0.083,0.356,0.383,0.674,-0.774,-0.459,0.804,0.717,-0.434,0.223,0.573,0.641,0.63,-0.019,0.601,0.566,0.697,-0.585,0.113,0.342,0.652,-0.063,0.771,0.195,-0.583,0.098,0.387,0.762,0.605,0.692,-0.226,-0.519,-0.76,0.627,-0.496,0.267,-0.497,0.379,-0.278,0.569,-0.001,0.215,0.659,0.007,0.299,0.035,-0.261,0.403,0.648,0.322,-0.813,-0.138,-0.229,0.704,0.867,-0.309,0.538,0.588,0.234,0.843
CDW,0.34,0.525,-0.042,0.629,0.575,0.46,0.457,0.12,0.329,0.623,0.443,0.881,0.679,0.667,0.703,0.717,-0.236,0.789,0.292,0.257,0.678,0.835,0.317,-0.35,0.428,0.25,0.728,0.634,-0.052,0.0,0.806,0.56,0.643,0.556,0.172,0.365,0.737,0.432,0.375,0.13,0.749,0.633,0.32,0.557,0.514,0.136,0.342,0.516,0.684,0.269,0.446,0.691,0.535,0.662,0.635,-0.034,0.581,0.594,0.353,0.48,0.322,0.335,0.457,0.66,0.525,0.936,0.115,0.929,0.517,0.234,0.463,0.56,0.292,0.412,0.567,0.497,0.483,0.704,0.56,0.078,-0.17,0.482,-0.005,0.322,0.642,-0.088,0.214,0.902,0.809,0.084,0.405,0.609,0.23,0.5,0.689,0.344,0.064,-0.216,-0.188,0.731,0.667,0.381,0.58,0.607,0.08,0.7,0.405,0.798,0.252,-0.133,0.573,0.646,0.405,-0.016,0.851,0.685,0.527,0.713,0.498,0.674,-0.222,-0.401,0.63,0.729,0.52,0.442,0.543,0.358,0.645,0.541,-0.458,0.885,0.634,0.789,0.753,0.589,0.699,0.732,0.627,0.872,0.495,0.806,0.621,0.324,0.136,0.488,-0.038,0.486,0.57,0.615,0.544,0.442,0.526,0.61,0.529,-0.32,0.351,0.542,0.831,0.663,0.522,0.808,0.057,0.801,0.377,0.874,0.698,0.088,0.554,0.467,0.035,0.53,0.322,0.434,0.745,0.129,0.571,0.825,0.88,-0.183,0.558,0.873,0.383,0.354,0.767,0.337,0.801,0.53,0.532,0.478,0.284,0.885,0.723,0.479,0.074,0.279,0.629,0.581,0.796,0.142
CDXS,0.225,0.363,-0.104,0.634,0.516,0.436,0.483,0.059,0.569,0.424,0.447,0.73,0.772,0.662,0.554,0.617,-0.326,0.673,0.079,0.246,0.483,0.784,0.445,-0.339,0.479,0.406,0.664,0.725,-0.174,0.806,0.0,0.574,0.497,0.398,0.098,0.262,0.569,0.402,0.2,0.079,0.691,0.707,0.166,0.371,0.491,-0.048,0.279,0.346,0.696,0.171,0.534,0.759,0.358,0.509,0.453,-0.002,0.456,0.431,0.476,0.408,0.183,0.272,0.342,0.665,0.569,0.796,0.001,0.859,0.351,0.296,0.444,0.697,0.353,0.216,0.425,0.561,0.519,0.636,0.651,-0.023,-0.003,0.485,-0.102,0.393,0.463,0.084,0.059,0.754,0.668,0.273,0.281,0.501,0.152,0.583,0.586,0.547,0.285,-0.277,-0.29,0.755,0.583,0.284,0.631,0.531,0.152,0.595,0.408,0.798,0.121,-0.265,0.477,0.592,0.422,-0.002,0.72,0.637,0.465,0.563,0.586,0.704,-0.347,-0.332,0.556,0.709,0.498,0.54,0.5,0.199,0.673,0.399,-0.586,0.752,0.46,0.709,0.767,0.441,0.48,0.546,0.684,0.804,0.534,0.596,0.507,0.206,0.221,0.605,-0.171,0.297,0.65,0.574,0.408,0.238,0.369,0.503,0.422,-0.36,0.193,0.522,0.665,0.513,0.391,0.804,-0.048,0.639,0.408,0.78,0.53,-0.013,0.424,0.345,-0.08,0.551,0.388,0.312,0.752,0.171,0.534,0.608,0.784,-0.182,0.411,0.68,0.329,0.415,0.632,0.261,0.746,0.476,0.378,0.398,0.385,0.765,0.752,0.316,-0.081,0.261,0.44,0.452,0.749,-0.004
