,ABEO,ACHC,AGNCN,AKAM,AKRO,ALRM,AMAT,AMED,AMRN,ANGI,APA,APOG,APPS,ARCB,ARCC,ARVN,ATEC,ATXS,AVAV,AXON,BANF,BATRK,BIDU,BLNE,BLNK,BTAI,BYND,CAN,CCEC,CDW,CDXS,CELH,CGNX,CHKP,CHRS,CHRW,CIGI,CKPT,CMPR,COGT,CRNC,CRSP,CSTL,CTSH,CVGW,DGLY,DNLI,DOCU,DVAX,EBAY,EHTH,ERII,ESLT,EXPE,EXPO,FBIOP,FFBC,FFIN,FOXF,FWRD,GDS,GERN,GPRE,GRWG,GRYP,HEES,HELE,HIVE,HON,HRTX,HSTM,HURA,IART,IBKR,IBOC,IBRX,IDXX,INGN,INM,INVA,IQ,IRBT,KDP,KPTI,KTOS,KXIN,LAMR,LFUS,LGIH,LGMK,LKFN,LNW,LOPE,LPSN,LYFT,MGNX,MLCO,MNST,MODV,MSTR,MTCH,MYGN,MYRG,NCMI,NEXT,NFLX,NIU,NKTR,NRC,NTNX,NTRA,NVEE,NVMI,NWL,NWS,NXPI,OCGN,OCSL,OKTA,OLLI,OTLK,OXLC,PAA,PARA,PARAA,PDCO,PDFS,PFG,PGEN,PNFP,PODD,POWI,PSMT,PTC,PTEN,PVLA,RDNT,RDUS,RDWR,REGN,RNAC,ROCK,ROST,RRR,RSLS,RVMD,RYAAY,SAFT,SAGE,SAVA,SBGI,SFM,SFNC,SHYF,SIBN,SIFY,SIGI,SIMO,SITM,SLM,SNBR,SNDX,SNY,SPNS,SRRK,STRA,SUPN,SYRE,TCBK,TEAM,TECH,THRM,TLRY,TRMK,TROW,TSLA,TWST,TXN,UFPI,UNIT,UPWK,USLM,UTHR,VERB,VLY,VRNA,VRRM,VXRT,WAFD,WATT,WBA,WING,WIX,WTFC,WTW,XPEL,XRX,YMAB,ZG,ZLAB
ABEO,0.0,-0.674,-0.91,-0.899,0.494,-0.293,-0.788,-0.563,-0.752,-0.306,0.613,-0.813,0.625,-0.6,-0.393,0.436,-0.876,-0.728,-0.374,-0.567,0.236,-0.702,0.683,0.477,0.692,-0.487,0.916,0.875,-0.837,-0.889,0.379,0.649,0.505,-0.877,0.913,0.602,-0.459,0.742,-0.46,0.883,-0.658,-0.33,-0.27,-0.862,0.612,0.462,0.91,-0.792,0.706,0.41,0.693,0.887,0.231,-0.419,-0.507,-0.624,0.011,-0.646,0.515,0.955,0.871,0.13,0.829,0.532,0.455,-0.632,0.047,0.827,0.077,-0.796,-0.465,0.647,0.333,-0.654,-0.628,0.872,0.618,-0.091,0.625,0.126,0.911,0.921,0.501,-0.012,0.692,0.529,-0.734,0.764,0.753,0.271,-0.631,-0.802,-0.363,0.838,0.704,-0.89,0.533,0.765,-0.057,0.762,-0.061,-0.911,-0.602,0.019,-0.729,-0.803,0.795,0.523,-0.227,-0.91,-0.587,-0.64,-0.844,0.094,-0.159,-0.519,0.758,-0.761,-0.301,-0.545,-0.386,-0.832,-0.786,0.198,-0.394,-0.791,-0.666,-0.166,-0.314,-0.603,0.27,-0.177,-0.566,-0.889,-0.286,0.414,-0.757,0.58,-0.896,-0.864,-0.52,-0.684,-0.851,-0.797,0.6,0.31,-0.818,-0.84,-0.625,-0.379,-0.853,-0.552,-0.502,0.327,0.18,0.861,-0.822,0.154,-0.155,-0.812,0.798,0.652,0.533,-0.677,0.925,-0.711,-0.487,-0.677,0.777,-0.817,0.199,0.472,0.802,-0.43,-0.697,0.928,0.275,-0.006,0.738,0.886,0.305,-0.81,0.86,0.029,0.384,0.588,-0.864,-0.915,0.515,-0.813,0.715,-0.902,-0.816,-0.809,-0.78,-0.688,-0.581,-0.917,-0.288,0.907
ACHC,-0.674,0.0,0.846,0.617,-0.39,0.282,0.539,0.379,0.786,0.02,-0.845,0.719,-0.749,0.393,0.387,-0.759,0.667,0.274,0.66,0.664,-0.367,0.44,-0.736,-0.108,-0.739,-0.013,-0.733,-0.488,0.845,0.676,-0.298,-0.198,-0.265,0.847,-0.75,-0.453,0.039,-0.789,0.125,-0.779,0.405,0.326,-0.097,0.746,-0.495,-0.249,-0.796,0.869,-0.496,-0.692,-0.692,-0.681,-0.267,0.385,0.692,0.779,-0.099,0.2,-0.153,-0.696,-0.805,-0.231,-0.819,-0.339,-0.67,0.078,0.202,-0.704,-0.46,0.629,0.66,-0.581,0.234,0.535,0.357,-0.802,-0.336,0.015,-0.568,-0.166,-0.699,-0.728,-0.527,-0.331,-0.226,-0.526,0.768,-0.766,-0.392,-0.65,0.261,0.624,-0.18,-0.638,-0.562,0.539,-0.793,-0.311,-0.214,-0.856,0.035,0.696,0.212,0.293,0.266,0.388,-0.762,-0.609,-0.062,0.762,0.605,0.364,0.527,-0.079,-0.209,0.349,-0.795,0.839,0.084,0.615,-0.062,0.702,0.608,-0.579,-0.126,0.708,0.46,-0.146,0.109,0.203,0.218,0.325,0.718,0.615,-0.28,-0.536,0.833,-0.762,0.61,0.628,0.775,0.587,0.506,0.42,-0.219,-0.369,0.396,0.402,0.809,0.816,0.635,0.749,0.131,-0.39,-0.602,-0.448,0.591,0.269,0.395,0.383,-0.838,-0.17,0.015,0.45,-0.649,0.415,0.418,0.376,-0.601,0.803,-0.252,-0.711,-0.814,0.124,0.634,-0.658,0.258,0.224,-0.55,-0.663,0.172,0.303,-0.87,-0.582,-0.221,-0.685,0.484,0.511,-0.567,0.634,-0.744,0.799,0.86,0.697,0.829,0.251,0.161,0.663,-0.076,-0.739
AGNCN,-0.91,0.846,0.0,0.871,-0.375,0.314,0.752,0.486,0.877,0.319,-0.742,0.845,-0.687,0.61,0.47,-0.582,0.908,0.641,0.518,0.659,-0.249,0.718,-0.711,-0.377,-0.725,0.382,-0.904,-0.759,0.923,0.879,-0.37,-0.516,-0.443,0.944,-0.906,-0.604,0.354,-0.83,0.424,-0.905,0.666,0.408,0.213,0.883,-0.591,-0.451,-0.901,0.889,-0.738,-0.531,-0.713,-0.888,-0.328,0.537,0.665,0.716,0.033,0.559,-0.407,-0.928,-0.91,-0.081,-0.877,-0.401,-0.55,0.486,0.142,-0.801,-0.261,0.866,0.57,-0.708,-0.092,0.695,0.613,-0.923,-0.508,0.124,-0.633,-0.12,-0.895,-0.908,-0.567,-0.04,-0.603,-0.525,0.845,-0.845,-0.692,-0.432,0.578,0.768,0.157,-0.784,-0.629,0.839,-0.645,-0.64,-0.005,-0.86,0.18,0.913,0.508,0.227,0.628,0.749,-0.814,-0.554,0.096,0.928,0.65,0.56,0.784,0.008,0.11,0.49,-0.799,0.872,0.331,0.549,0.271,0.897,0.831,-0.372,0.19,0.813,0.655,0.104,0.387,0.544,-0.085,0.204,0.679,0.883,0.093,-0.456,0.871,-0.695,0.881,0.83,0.664,0.652,0.805,0.709,-0.521,-0.233,0.731,0.731,0.819,0.58,0.831,0.62,0.456,-0.321,-0.349,-0.765,0.763,0.015,0.271,0.716,-0.886,-0.464,-0.33,0.706,-0.875,0.637,0.578,0.662,-0.768,0.915,-0.173,-0.607,-0.864,0.364,0.769,-0.902,-0.02,0.068,-0.714,-0.858,-0.048,0.696,-0.926,-0.256,-0.28,-0.639,0.775,0.805,-0.512,0.797,-0.76,0.919,0.925,0.849,0.844,0.561,0.487,0.895,0.232,-0.885
AKAM,-0.899,0.617,0.871,0.0,-0.317,0.513,0.929,0.654,0.731,0.456,-0.547,0.894,-0.458,0.793,0.491,-0.412,0.956,0.745,0.415,0.713,0.03,0.846,-0.625,-0.614,-0.533,0.552,-0.889,-0.929,0.778,0.951,-0.257,-0.79,-0.36,0.818,-0.828,-0.442,0.668,-0.72,0.592,-0.848,0.836,0.5,0.298,0.898,-0.504,-0.54,-0.824,0.779,-0.597,-0.235,-0.722,-0.832,-0.254,0.424,0.559,0.56,0.279,0.764,-0.402,-0.922,-0.812,0.112,-0.826,-0.44,-0.471,0.742,0.049,-0.842,0.029,0.831,0.586,-0.794,-0.284,0.801,0.819,-0.841,-0.584,-0.008,-0.597,0.151,-0.922,-0.944,-0.469,0.242,-0.696,-0.373,0.817,-0.675,-0.759,-0.146,0.72,0.899,0.453,-0.797,-0.602,0.935,-0.415,-0.869,0.296,-0.763,0.093,0.967,0.651,-0.012,0.789,0.843,-0.729,-0.476,0.354,0.946,0.573,0.796,0.962,-0.027,0.349,0.731,-0.686,0.782,0.563,0.505,0.522,0.899,0.856,-0.173,0.345,0.853,0.855,0.365,0.469,0.768,-0.18,0.379,0.528,0.978,0.338,-0.465,0.815,-0.524,0.965,0.927,0.442,0.718,0.918,0.911,-0.692,-0.193,0.865,0.926,0.594,0.384,0.902,0.502,0.719,-0.17,-0.11,-0.911,0.914,-0.169,0.398,0.887,-0.65,-0.731,-0.684,0.872,-0.888,0.888,0.619,0.853,-0.597,0.826,-0.04,-0.316,-0.651,0.675,0.817,-0.91,-0.317,0.204,-0.684,-0.846,-0.213,0.866,-0.801,0.023,-0.053,-0.586,0.932,0.853,-0.318,0.895,-0.687,0.907,0.858,0.925,0.804,0.829,0.633,0.881,0.473,-0.902
AKRO,0.494,-0.39,-0.375,-0.317,0.0,0.089,-0.359,-0.464,-0.163,0.487,0.529,-0.318,0.732,0.102,0.129,0.537,-0.18,0.019,-0.217,-0.218,0.552,0.09,0.651,0.097,0.768,0.225,0.55,0.423,-0.417,-0.329,0.515,0.151,0.459,-0.462,0.549,0.44,0.197,0.446,0.291,0.514,0.105,0.219,0.456,-0.438,0.618,0.325,0.613,-0.504,0.045,0.585,0.604,0.368,0.086,0.262,-0.044,-0.601,0.507,0.07,0.585,0.451,0.481,0.579,0.582,0.534,0.529,0.062,0.501,0.612,0.363,-0.127,-0.276,0.171,0.397,-0.243,0.074,0.497,0.656,0.525,0.38,0.373,0.444,0.436,0.306,0.547,0.12,0.394,-0.068,0.506,0.399,0.471,0.082,-0.415,-0.1,0.657,0.719,-0.2,0.516,0.332,0.406,0.514,0.514,-0.39,-0.193,0.433,-0.098,-0.099,0.645,0.663,-0.245,-0.439,-0.322,-0.311,-0.327,0.65,0.517,-0.102,0.656,-0.363,0.397,-0.536,0.145,-0.218,-0.205,0.444,0.082,-0.364,-0.121,0.417,0.499,0.156,0.127,-0.233,-0.294,-0.24,0.209,0.42,-0.241,0.514,-0.25,-0.47,-0.309,-0.479,-0.157,-0.191,0.202,0.819,-0.12,-0.313,-0.227,-0.377,-0.391,-0.517,0.128,0.691,0.421,0.299,-0.508,0.058,-0.157,-0.156,0.573,0.447,0.234,0.058,0.44,-0.301,0.019,0.012,0.475,-0.154,0.667,0.6,0.389,0.135,-0.031,0.422,0.229,-0.013,0.62,0.526,0.497,-0.176,0.448,0.226,0.538,0.643,-0.305,-0.455,0.695,-0.239,0.688,-0.506,-0.355,-0.207,-0.481,-0.17,0.12,-0.37,0.442,0.554
ALRM,-0.293,0.282,0.314,0.513,0.089,0.0,0.47,0.401,0.32,0.333,-0.084,0.519,0.103,0.6,0.2,-0.154,0.435,0.219,0.539,0.435,0.408,0.498,-0.177,-0.365,-0.014,0.186,-0.407,-0.462,0.121,0.402,0.375,-0.351,0.186,0.288,-0.305,0.2,0.455,-0.322,0.411,-0.238,0.504,0.67,0.046,0.553,0.119,-0.319,-0.174,0.451,0.024,0.066,-0.26,-0.083,-0.075,0.008,0.538,0.222,0.521,0.367,-0.017,-0.328,-0.126,0.396,-0.381,-0.02,-0.249,0.418,0.201,-0.404,0.237,0.335,0.564,-0.494,0.03,0.455,0.626,-0.279,-0.099,-0.108,-0.287,0.425,-0.251,-0.339,-0.073,0.222,-0.047,-0.009,0.611,-0.152,-0.32,-0.019,0.34,0.575,0.426,-0.146,-0.217,0.377,0.004,-0.354,0.531,-0.385,-0.187,0.508,0.291,-0.186,0.426,0.347,-0.145,-0.314,0.438,0.391,-0.033,0.574,0.506,0.066,0.357,0.578,-0.108,0.297,0.651,0.314,0.454,0.328,0.397,-0.12,0.015,0.323,0.54,0.424,0.479,0.427,0.099,0.449,0.145,0.474,0.161,-0.261,0.385,-0.089,0.473,0.546,0.325,0.298,0.435,0.435,-0.152,0.109,0.35,0.433,0.192,0.329,0.432,0.169,0.499,0.283,-0.032,-0.274,0.494,-0.074,0.488,0.461,-0.068,-0.332,-0.453,0.553,-0.285,0.612,0.462,0.462,0.088,0.308,0.425,0.116,-0.155,0.587,0.607,-0.319,-0.111,0.291,-0.177,-0.155,0.008,0.418,-0.279,0.006,0.34,-0.288,0.474,0.177,0.264,0.501,-0.223,0.404,0.433,0.455,0.482,0.49,0.279,0.299,0.283,-0.359
AMAT,-0.788,0.539,0.752,0.929,-0.359,0.47,0.0,0.634,0.581,0.333,-0.561,0.819,-0.425,0.75,0.458,-0.484,0.874,0.563,0.325,0.739,0.088,0.782,-0.583,-0.636,-0.472,0.406,-0.791,-0.895,0.728,0.903,-0.326,-0.793,-0.242,0.691,-0.708,-0.325,0.677,-0.705,0.458,-0.802,0.823,0.355,0.092,0.816,-0.516,-0.516,-0.773,0.699,-0.406,-0.204,-0.828,-0.772,-0.251,0.328,0.407,0.502,0.349,0.664,-0.34,-0.808,-0.752,0.112,-0.811,-0.52,-0.574,0.633,0.032,-0.856,0.002,0.743,0.601,-0.79,-0.202,0.85,0.77,-0.804,-0.557,-0.19,-0.548,0.149,-0.875,-0.904,-0.532,0.248,-0.639,-0.401,0.721,-0.595,-0.673,-0.121,0.599,0.905,0.359,-0.774,-0.594,0.822,-0.364,-0.861,0.38,-0.738,0.007,0.871,0.536,-0.056,0.612,0.723,-0.701,-0.497,0.34,0.906,0.599,0.817,0.976,-0.129,0.293,0.841,-0.665,0.757,0.5,0.475,0.413,0.826,0.742,-0.175,0.25,0.847,0.916,0.354,0.334,0.746,-0.013,0.595,0.439,0.883,0.212,-0.616,0.794,-0.578,0.877,0.83,0.343,0.698,0.803,0.893,-0.728,-0.299,0.764,0.872,0.51,0.375,0.885,0.471,0.728,-0.257,-0.165,-0.89,0.933,-0.037,0.593,0.795,-0.561,-0.786,-0.727,0.819,-0.805,0.912,0.517,0.83,-0.448,0.712,-0.144,-0.278,-0.516,0.686,0.75,-0.824,-0.379,0.434,-0.652,-0.819,-0.209,0.791,-0.683,-0.049,0.091,-0.635,0.837,0.741,-0.316,0.854,-0.682,0.861,0.803,0.913,0.794,0.778,0.473,0.724,0.392,-0.847
AMED,-0.563,0.379,0.486,0.654,-0.464,0.401,0.634,0.0,0.296,-0.059,-0.408,0.648,-0.43,0.447,0.083,-0.349,0.549,0.416,0.346,0.583,-0.095,0.319,-0.712,-0.465,-0.509,0.184,-0.666,-0.668,0.41,0.624,-0.228,-0.543,-0.348,0.566,-0.579,-0.411,0.389,-0.37,0.19,-0.552,0.326,0.206,0.073,0.64,-0.39,-0.561,-0.571,0.581,-0.178,-0.271,-0.557,-0.44,0.175,-0.127,0.356,0.54,0.032,0.482,-0.338,-0.599,-0.55,-0.226,-0.555,-0.238,-0.39,0.412,-0.426,-0.708,-0.029,0.294,0.472,-0.457,-0.426,0.467,0.453,-0.471,-0.729,-0.436,-0.473,0.062,-0.654,-0.633,-0.101,0.0,-0.225,0.012,0.444,-0.396,-0.472,-0.185,0.411,0.665,0.473,-0.749,-0.55,0.561,-0.402,-0.614,0.075,-0.503,-0.449,0.682,0.707,-0.428,0.585,0.368,-0.662,-0.417,0.538,0.649,0.375,0.687,0.62,-0.467,-0.038,0.463,-0.612,0.406,0.215,0.682,0.239,0.523,0.504,-0.316,0.054,0.567,0.462,0.016,-0.053,0.343,-0.196,0.407,0.37,0.609,0.14,-0.245,0.455,-0.344,0.549,0.712,0.191,0.754,0.562,0.656,-0.421,-0.488,0.549,0.689,0.195,0.274,0.555,0.584,0.344,-0.225,-0.137,-0.539,0.756,-0.409,0.308,0.579,-0.401,-0.596,-0.635,0.461,-0.504,0.688,0.359,0.419,-0.328,0.39,-0.203,-0.283,-0.289,0.475,0.349,-0.552,-0.394,0.16,-0.47,-0.599,-0.413,0.453,-0.526,0.123,-0.111,-0.561,0.693,0.65,-0.303,0.556,-0.659,0.637,0.498,0.535,0.479,0.687,0.372,0.639,0.175,-0.719
AMRN,-0.752,0.786,0.877,0.731,-0.163,0.32,0.581,0.296,0.0,0.476,-0.577,0.774,-0.474,0.608,0.483,-0.518,0.807,0.565,0.522,0.534,-0.063,0.678,-0.474,-0.333,-0.557,0.42,-0.719,-0.578,0.779,0.77,-0.11,-0.358,-0.18,0.818,-0.759,-0.413,0.333,-0.791,0.522,-0.74,0.64,0.47,0.284,0.73,-0.315,-0.328,-0.705,0.743,-0.708,-0.319,-0.488,-0.764,-0.388,0.704,0.603,0.55,0.124,0.514,-0.257,-0.804,-0.713,0.184,-0.693,-0.284,-0.401,0.43,0.432,-0.561,-0.2,0.85,0.477,-0.654,0.073,0.576,0.61,-0.778,-0.23,0.197,-0.423,0.032,-0.701,-0.747,-0.409,0.082,-0.507,-0.431,0.823,-0.754,-0.594,-0.281,0.596,0.652,0.091,-0.534,-0.428,0.719,-0.491,-0.468,0.103,-0.72,0.312,0.785,0.357,0.426,0.483,0.704,-0.556,-0.451,0.103,0.759,0.469,0.465,0.63,0.313,0.195,0.433,-0.626,0.77,0.453,0.373,0.402,0.83,0.817,-0.361,0.063,0.685,0.6,0.128,0.518,0.502,-0.024,0.089,0.728,0.766,0.078,-0.427,0.755,-0.543,0.807,0.681,0.701,0.413,0.743,0.542,-0.32,-0.053,0.608,0.565,0.773,0.454,0.712,0.393,0.461,-0.029,-0.2,-0.592,0.537,-0.034,0.274,0.62,-0.747,-0.286,-0.225,0.665,-0.702,0.488,0.686,0.584,-0.63,0.858,0.08,-0.463,-0.84,0.362,0.759,-0.774,0.115,0.016,-0.56,-0.672,0.063,0.604,-0.828,-0.248,-0.113,-0.43,0.655,0.594,-0.281,0.752,-0.533,0.759,0.799,0.759,0.742,0.475,0.49,0.714,0.249,-0.673
ANGI,-0.306,0.02,0.319,0.456,0.487,0.333,0.333,-0.059,0.476,0.0,0.167,0.365,0.343,0.65,0.53,0.27,0.529,0.638,-0.006,0.15,0.55,0.741,0.261,-0.412,0.247,0.759,-0.162,-0.325,0.185,0.406,0.248,-0.486,0.119,0.161,-0.174,0.069,0.643,-0.163,0.766,-0.189,0.734,0.523,0.688,0.23,0.205,-0.098,-0.059,0.057,-0.484,0.447,0.079,-0.356,-0.298,0.644,0.213,-0.216,0.596,0.676,0.025,-0.313,-0.133,0.734,-0.053,0.046,0.227,0.701,0.571,0.0,0.4,0.6,0.034,-0.438,-0.003,0.355,0.679,-0.203,0.197,0.51,-0.049,0.508,-0.261,-0.3,-0.087,0.746,-0.59,-0.022,0.456,-0.113,-0.357,0.425,0.681,0.246,0.338,0.044,0.14,0.552,0.286,-0.407,0.587,-0.046,0.67,0.381,0.294,0.41,0.53,0.68,0.137,0.227,0.07,0.266,0.064,0.301,0.416,0.733,0.812,0.39,0.129,0.241,0.782,-0.265,0.688,0.483,0.545,0.386,0.447,0.247,0.529,0.713,0.865,0.733,-0.196,-0.142,0.085,0.516,0.584,0.016,0.313,0.087,0.553,0.288,0.093,-0.035,0.597,0.442,-0.393,0.62,0.55,0.431,0.221,-0.228,0.325,-0.293,0.716,0.568,0.436,-0.466,0.165,-0.135,0.004,0.563,0.031,-0.231,-0.351,0.659,-0.335,0.335,0.556,0.679,-0.128,0.467,0.621,0.332,-0.194,0.621,0.564,-0.372,-0.091,-0.037,-0.044,-0.139,0.143,0.612,-0.176,0.297,0.324,0.225,0.422,0.279,0.435,0.462,0.185,0.188,0.272,0.468,0.121,0.501,0.642,0.313,0.757,-0.124
APA,0.613,-0.845,-0.742,-0.547,0.529,-0.084,-0.561,-0.408,-0.577,0.167,0.0,-0.566,0.893,-0.223,-0.239,0.838,-0.589,-0.149,-0.441,-0.628,0.546,-0.345,0.803,0.131,0.782,0.192,0.712,0.463,-0.85,-0.572,0.55,0.19,0.393,-0.71,0.717,0.574,0.079,0.745,0.12,0.801,-0.328,-0.105,0.304,-0.629,0.69,0.272,0.827,-0.774,0.338,0.83,0.82,0.646,0.427,-0.204,-0.532,-0.824,0.232,-0.046,0.204,0.63,0.822,0.398,0.853,0.314,0.825,0.065,0.019,0.761,0.679,-0.547,-0.588,0.508,-0.155,-0.543,-0.145,0.823,0.509,0.181,0.575,0.279,0.709,0.69,0.715,0.419,0.244,0.636,-0.568,0.769,0.426,0.67,-0.049,-0.533,0.32,0.746,0.638,-0.438,0.863,0.392,0.317,0.861,0.058,-0.599,-0.135,-0.257,-0.138,-0.245,0.831,0.668,0.17,-0.765,-0.796,-0.223,-0.495,0.343,0.422,-0.298,0.867,-0.822,0.12,-0.653,0.18,-0.666,-0.405,0.578,0.124,-0.727,-0.413,0.297,0.096,-0.085,-0.259,-0.404,-0.598,-0.514,0.479,0.628,-0.806,0.911,-0.505,-0.544,-0.62,-0.59,-0.344,-0.405,0.365,0.588,-0.326,-0.356,-0.776,-0.781,-0.618,-0.838,-0.016,0.674,0.723,0.463,-0.625,-0.408,-0.453,-0.245,0.831,0.172,0.036,-0.308,0.612,-0.373,-0.229,-0.353,0.611,-0.688,0.588,0.804,0.625,0.006,-0.363,0.577,-0.253,-0.309,0.683,0.693,-0.168,-0.201,0.775,0.67,0.28,0.785,-0.39,-0.54,0.794,-0.48,0.843,-0.802,-0.807,-0.609,-0.746,-0.181,0.027,-0.599,0.257,0.72
APOG,-0.813,0.719,0.845,0.894,-0.318,0.519,0.819,0.648,0.774,0.365,-0.566,0.0,-0.468,0.818,0.52,-0.475,0.894,0.665,0.523,0.784,0.08,0.753,-0.648,-0.516,-0.53,0.45,-0.8,-0.818,0.775,0.923,-0.196,-0.668,-0.249,0.85,-0.759,-0.331,0.566,-0.703,0.568,-0.79,0.749,0.494,0.265,0.853,-0.423,-0.388,-0.785,0.781,-0.567,-0.255,-0.658,-0.792,-0.144,0.424,0.603,0.57,0.302,0.71,-0.232,-0.849,-0.789,0.077,-0.761,-0.424,-0.464,0.631,0.159,-0.772,0.033,0.763,0.647,-0.707,-0.106,0.742,0.804,-0.762,-0.447,-0.015,-0.609,0.205,-0.859,-0.897,-0.351,0.185,-0.528,-0.303,0.849,-0.634,-0.554,-0.185,0.715,0.843,0.344,-0.746,-0.506,0.85,-0.517,-0.718,0.224,-0.722,0.041,0.919,0.653,0.055,0.68,0.713,-0.715,-0.505,0.331,0.88,0.546,0.805,0.838,0.074,0.25,0.65,-0.699,0.791,0.507,0.577,0.392,0.848,0.859,-0.239,0.229,0.818,0.76,0.291,0.374,0.67,-0.047,0.394,0.634,0.901,0.244,-0.483,0.83,-0.511,0.88,0.849,0.463,0.783,0.864,0.835,-0.572,-0.226,0.781,0.828,0.597,0.449,0.869,0.593,0.628,-0.075,-0.123,-0.768,0.836,-0.131,0.39,0.81,-0.624,-0.607,-0.533,0.82,-0.814,0.807,0.689,0.752,-0.517,0.823,0.016,-0.302,-0.692,0.653,0.818,-0.847,-0.177,0.23,-0.497,-0.776,-0.118,0.714,-0.802,-0.051,0.001,-0.56,0.872,0.761,-0.262,0.843,-0.669,0.863,0.852,0.9,0.778,0.78,0.59,0.821,0.431,-0.875
APPS,0.625,-0.749,-0.687,-0.458,0.732,0.103,-0.425,-0.43,-0.474,0.343,0.893,-0.468,0.0,-0.021,-0.007,0.765,-0.464,-0.126,-0.375,-0.479,0.752,-0.143,0.856,0.019,0.901,0.227,0.724,0.429,-0.76,-0.499,0.621,0.105,0.537,-0.71,0.724,0.708,0.208,0.687,0.247,0.736,-0.083,0.035,0.334,-0.581,0.793,0.302,0.813,-0.737,0.371,0.888,0.736,0.599,0.292,-0.079,-0.422,-0.851,0.509,0.045,0.403,0.626,0.785,0.615,0.8,0.337,0.738,0.117,0.247,0.726,0.686,-0.423,-0.459,0.363,0.066,-0.343,0.034,0.75,0.64,0.236,0.545,0.507,0.657,0.615,0.574,0.587,0.209,0.586,-0.393,0.752,0.429,0.754,0.028,-0.438,0.208,0.782,0.69,-0.373,0.874,0.335,0.517,0.791,0.2,-0.544,-0.19,-0.047,-0.141,-0.183,0.866,0.671,0.055,-0.674,-0.713,-0.183,-0.378,0.492,0.577,-0.111,0.893,-0.656,0.338,-0.691,0.249,-0.518,-0.331,0.611,0.114,-0.623,-0.195,0.495,0.277,0.098,-0.057,-0.226,-0.569,-0.412,0.415,0.466,-0.615,0.8,-0.412,-0.525,-0.565,-0.558,-0.274,-0.297,0.264,0.714,-0.241,-0.311,-0.694,-0.679,-0.518,-0.815,0.165,0.811,0.702,0.375,-0.547,-0.185,-0.22,-0.19,0.882,0.18,-0.004,-0.132,0.573,-0.262,-0.114,-0.153,0.717,-0.54,0.706,0.861,0.629,0.209,-0.191,0.56,-0.168,-0.082,0.705,0.703,0.042,-0.164,0.742,0.535,0.568,0.782,-0.364,-0.575,0.904,-0.327,0.831,-0.731,-0.671,-0.431,-0.662,-0.118,0.078,-0.596,0.391,0.706
ARCB,-0.6,0.393,0.61,0.793,0.102,0.6,0.75,0.447,0.608,0.65,-0.223,0.818,-0.021,0.0,0.544,-0.131,0.813,0.701,0.408,0.722,0.502,0.842,-0.283,-0.621,-0.061,0.585,-0.535,-0.709,0.517,0.793,0.123,-0.776,0.005,0.564,-0.429,-0.026,0.82,-0.449,0.771,-0.503,0.866,0.661,0.464,0.645,-0.063,-0.268,-0.467,0.46,-0.473,0.141,-0.396,-0.61,-0.066,0.419,0.485,0.24,0.689,0.817,-0.003,-0.611,-0.494,0.407,-0.471,-0.327,-0.219,0.772,0.357,-0.507,0.386,0.659,0.566,-0.656,-0.017,0.706,0.955,-0.49,-0.144,0.179,-0.378,0.486,-0.653,-0.726,-0.217,0.551,-0.499,-0.169,0.785,-0.296,-0.374,0.221,0.76,0.71,0.474,-0.454,-0.164,0.813,-0.191,-0.654,0.517,-0.436,0.242,0.729,0.542,0.116,0.692,0.681,-0.384,-0.147,0.35,0.683,0.339,0.773,0.789,0.366,0.593,0.773,-0.342,0.549,0.797,0.279,0.505,0.69,0.747,0.134,0.439,0.672,0.837,0.586,0.632,0.847,-0.008,0.434,0.447,0.818,0.483,-0.297,0.681,-0.224,0.787,0.657,0.176,0.585,0.805,0.832,-0.528,0.143,0.758,0.753,0.362,0.175,0.691,0.279,0.776,0.257,0.189,-0.707,0.673,-0.126,0.383,0.793,-0.246,-0.565,-0.628,0.893,-0.618,0.808,0.653,0.859,-0.188,0.701,0.37,0.127,-0.43,0.827,0.841,-0.626,-0.253,0.38,-0.201,-0.555,0.003,0.729,-0.556,0.206,0.347,-0.237,0.821,0.587,0.147,0.795,-0.315,0.624,0.653,0.841,0.561,0.802,0.667,0.602,0.753,-0.628
ARCC,-0.393,0.387,0.47,0.491,0.129,0.2,0.458,0.083,0.483,0.53,-0.239,0.52,-0.007,0.544,0.0,-0.099,0.523,0.527,0.033,0.268,0.248,0.638,-0.081,-0.503,-0.09,0.571,-0.258,-0.389,0.49,0.466,-0.171,-0.511,-0.239,0.379,-0.376,0.085,0.418,-0.217,0.531,-0.503,0.662,0.138,0.4,0.389,-0.118,-0.022,-0.402,0.271,-0.378,0.09,-0.267,-0.549,-0.227,0.474,0.181,0.005,0.36,0.594,-0.101,-0.429,-0.454,0.395,-0.276,-0.234,-0.039,0.528,0.293,-0.252,0.189,0.515,0.057,-0.417,-0.007,0.584,0.572,-0.433,-0.066,0.28,-0.343,0.47,-0.475,-0.505,-0.265,0.427,-0.589,-0.126,0.471,-0.37,-0.376,0.176,0.632,0.332,0.041,-0.262,-0.253,0.562,-0.053,-0.471,0.257,-0.249,0.417,0.449,0.353,0.31,0.484,0.607,-0.207,-0.105,-0.166,0.43,0.203,0.297,0.485,0.313,0.538,0.294,-0.164,0.665,0.382,-0.074,0.374,0.624,0.628,0.22,0.326,0.341,0.512,0.657,0.41,0.653,-0.152,0.028,0.187,0.573,0.334,-0.313,0.505,-0.304,0.531,0.395,0.139,0.364,0.576,0.481,-0.597,0.237,0.568,0.507,0.214,0.109,0.522,0.123,0.61,0.252,0.083,-0.576,0.412,0.208,0.088,0.562,-0.178,-0.406,-0.233,0.531,-0.532,0.445,0.425,0.673,-0.3,0.556,0.112,-0.09,-0.335,0.601,0.607,-0.525,-0.169,0.052,-0.249,-0.271,0.028,0.491,-0.333,-0.05,0.183,0.006,0.382,0.371,0.033,0.64,-0.266,0.33,0.465,0.598,0.315,0.423,0.558,0.464,0.468,-0.336
ARVN,0.436,-0.759,-0.582,-0.412,0.537,-0.154,-0.484,-0.349,-0.518,0.27,0.838,-0.475,0.765,-0.131,-0.099,0.0,-0.426,0.126,-0.501,-0.577,0.39,-0.171,0.675,0.062,0.702,0.353,0.581,0.323,-0.679,-0.463,0.373,0.009,0.09,-0.57,0.551,0.338,0.127,0.811,0.231,0.635,-0.21,-0.013,0.536,-0.521,0.529,0.337,0.658,-0.717,0.162,0.688,0.755,0.436,0.427,-0.145,-0.466,-0.709,0.219,0.11,0.135,0.482,0.613,0.242,0.758,0.282,0.865,0.24,-0.112,0.672,0.679,-0.411,-0.58,0.512,-0.303,-0.502,-0.092,0.712,0.36,0.416,0.391,0.32,0.518,0.528,0.553,0.402,0.039,0.556,-0.48,0.706,0.345,0.668,0.076,-0.531,0.357,0.572,0.551,-0.209,0.726,0.239,0.182,0.799,0.208,-0.48,0.045,-0.203,0.087,-0.093,0.657,0.724,0.026,-0.615,-0.634,-0.245,-0.4,0.313,0.503,-0.382,0.773,-0.688,0.086,-0.639,0.175,-0.498,-0.321,0.755,0.461,-0.629,-0.389,0.379,0.172,0.048,-0.415,-0.519,-0.51,-0.344,0.597,0.771,-0.647,0.798,-0.365,-0.424,-0.613,-0.381,-0.196,-0.233,0.16,0.666,-0.104,-0.206,-0.705,-0.761,-0.53,-0.663,0.015,0.626,0.802,0.268,-0.506,-0.322,-0.642,-0.085,0.722,0.125,0.015,-0.241,0.42,-0.315,-0.202,-0.197,0.391,-0.486,0.451,0.694,0.519,0.052,-0.301,0.431,-0.228,-0.414,0.603,0.57,-0.173,-0.07,0.632,0.731,0.101,0.823,-0.262,-0.275,0.632,-0.382,0.692,-0.667,-0.671,-0.487,-0.739,-0.103,0.2,-0.356,0.409,0.566
ATEC,-0.876,0.667,0.908,0.956,-0.18,0.435,0.874,0.549,0.807,0.529,-0.589,0.894,-0.464,0.813,0.523,-0.426,0.0,0.768,0.412,0.743,0.016,0.881,-0.6,-0.547,-0.498,0.563,-0.842,-0.844,0.839,0.951,-0.266,-0.721,-0.321,0.838,-0.792,-0.473,0.647,-0.752,0.615,-0.839,0.872,0.497,0.371,0.854,-0.484,-0.445,-0.812,0.763,-0.713,-0.256,-0.678,-0.87,-0.296,0.581,0.613,0.553,0.293,0.76,-0.278,-0.902,-0.846,0.143,-0.793,-0.349,-0.452,0.704,0.206,-0.772,-0.033,0.898,0.576,-0.771,-0.117,0.772,0.803,-0.846,-0.472,0.145,-0.575,0.099,-0.923,-0.932,-0.501,0.291,-0.7,-0.422,0.867,-0.687,-0.679,-0.165,0.742,0.824,0.32,-0.751,-0.486,0.936,-0.474,-0.793,0.298,-0.754,0.259,0.939,0.614,0.208,0.735,0.839,-0.711,-0.398,0.219,0.936,0.658,0.705,0.902,0.121,0.35,0.687,-0.683,0.809,0.57,0.484,0.46,0.938,0.865,-0.168,0.342,0.877,0.825,0.34,0.55,0.771,-0.09,0.313,0.578,0.965,0.28,-0.446,0.874,-0.558,0.958,0.833,0.478,0.666,0.912,0.893,-0.671,-0.107,0.862,0.863,0.706,0.389,0.886,0.514,0.695,-0.149,-0.139,-0.882,0.822,-0.096,0.356,0.849,-0.687,-0.581,-0.552,0.894,-0.862,0.797,0.668,0.859,-0.635,0.907,0.011,-0.322,-0.693,0.628,0.821,-0.898,-0.18,0.197,-0.612,-0.841,-0.033,0.824,-0.818,-0.039,-0.042,-0.535,0.891,0.836,-0.317,0.866,-0.63,0.896,0.883,0.934,0.779,0.773,0.651,0.88,0.517,-0.87
ATXS,-0.728,0.274,0.641,0.745,0.019,0.219,0.563,0.416,0.565,0.638,-0.149,0.665,-0.126,0.701,0.527,0.126,0.768,0.0,0.009,0.346,0.127,0.771,-0.302,-0.568,-0.195,0.878,-0.573,-0.696,0.541,0.711,-0.185,-0.766,-0.485,0.576,-0.589,-0.407,0.68,-0.267,0.758,-0.581,0.719,0.362,0.808,0.555,-0.285,-0.275,-0.544,0.372,-0.766,0.092,-0.212,-0.741,-0.019,0.514,0.283,0.143,0.271,0.916,-0.313,-0.72,-0.607,0.153,-0.356,-0.199,0.098,0.894,0.016,-0.403,0.318,0.672,0.101,-0.46,-0.437,0.474,0.729,-0.496,-0.395,0.444,-0.439,0.233,-0.712,-0.683,-0.167,0.493,-0.8,-0.122,0.564,-0.391,-0.566,0.232,0.892,0.48,0.525,-0.527,-0.281,0.891,-0.138,-0.73,0.286,-0.277,0.36,0.71,0.776,0.059,0.896,0.855,-0.434,-0.022,0.169,0.626,0.341,0.519,0.661,0.277,0.606,0.341,-0.304,0.452,0.531,0.147,0.583,0.717,0.756,0.286,0.684,0.5,0.525,0.552,0.567,0.809,-0.526,-0.156,0.333,0.815,0.701,0.018,0.493,-0.135,0.784,0.631,0.09,0.521,0.864,0.797,-0.65,0.197,0.917,0.815,0.271,-0.1,0.637,0.189,0.679,0.18,0.368,-0.792,0.547,-0.369,-0.192,0.886,-0.343,-0.572,-0.557,0.72,-0.75,0.584,0.561,0.752,-0.575,0.687,0.173,-0.024,-0.462,0.645,0.613,-0.735,-0.384,-0.228,-0.335,-0.589,-0.262,0.814,-0.541,0.413,-0.14,-0.037,0.793,0.807,-0.062,0.655,-0.291,0.537,0.516,0.66,0.305,0.764,0.907,0.805,0.763,-0.614
AVAV,-0.374,0.66,0.518,0.415,-0.217,0.539,0.325,0.346,0.522,-0.006,-0.441,0.523,-0.375,0.408,0.033,-0.501,0.412,0.009,0.0,0.654,-0.002,0.207,-0.464,0.019,-0.415,-0.194,-0.496,-0.312,0.383,0.445,0.254,-0.039,0.136,0.633,-0.389,-0.1,0.073,-0.564,0.146,-0.295,0.197,0.639,-0.208,0.614,-0.084,-0.183,-0.386,0.688,-0.116,-0.424,-0.403,-0.202,-0.012,0.04,0.743,0.657,0.132,0.042,0.039,-0.381,-0.313,-0.07,-0.557,-0.266,-0.486,0.01,0.252,-0.489,-0.112,0.289,0.801,-0.362,0.281,0.361,0.358,-0.39,-0.056,-0.138,-0.278,-0.005,-0.306,-0.426,-0.116,-0.304,0.244,-0.275,0.61,-0.375,-0.105,-0.477,0.052,0.565,0.12,-0.322,-0.194,0.273,-0.521,-0.034,-0.109,-0.618,-0.201,0.488,0.034,0.038,0.152,0.115,-0.397,-0.407,0.332,0.453,0.17,0.445,0.348,-0.058,-0.181,0.403,-0.498,0.443,0.257,0.555,-0.037,0.287,0.369,-0.549,-0.236,0.499,0.357,-0.223,0.175,0.029,0.365,0.457,0.543,0.385,-0.197,-0.265,0.523,-0.333,0.362,0.491,0.573,0.418,0.273,0.217,0.174,-0.183,0.101,0.2,0.564,0.734,0.344,0.537,0.014,-0.175,-0.427,-0.115,0.409,0.05,0.447,0.169,-0.481,-0.031,-0.031,0.343,-0.227,0.403,0.312,0.147,-0.109,0.441,0.096,-0.287,-0.583,0.108,0.562,-0.309,0.249,0.334,-0.216,-0.362,0.18,0.137,-0.575,-0.296,-0.002,-0.544,0.399,0.199,-0.196,0.462,-0.471,0.538,0.574,0.431,0.688,0.205,-0.024,0.334,-0.058,-0.478
AXON,-0.567,0.664,0.659,0.713,-0.218,0.435,0.739,0.583,0.534,0.15,-0.628,0.784,-0.479,0.722,0.268,-0.577,0.743,0.346,0.654,0.0,0.082,0.592,-0.666,-0.279,-0.381,0.055,-0.625,-0.621,0.672,0.776,-0.103,-0.509,0.001,0.691,-0.465,-0.256,0.475,-0.665,0.311,-0.589,0.605,0.53,-0.016,0.691,-0.35,-0.251,-0.632,0.677,-0.35,-0.356,-0.7,-0.561,-0.096,0.22,0.683,0.634,0.368,0.409,0.11,-0.574,-0.653,-0.055,-0.714,-0.345,-0.638,0.302,0.201,-0.721,-0.089,0.538,0.858,-0.648,0.237,0.653,0.628,-0.613,-0.304,-0.126,-0.436,0.091,-0.712,-0.757,-0.391,0.08,-0.161,-0.357,0.761,-0.424,-0.208,-0.3,0.346,0.745,0.095,-0.664,-0.265,0.613,-0.661,-0.481,0.108,-0.714,-0.033,0.69,0.315,0.155,0.362,0.323,-0.676,-0.35,0.227,0.769,0.655,0.666,0.697,-0.053,-0.015,0.752,-0.698,0.653,0.401,0.659,0.039,0.623,0.538,-0.328,0.056,0.867,0.72,0.03,0.211,0.435,0.357,0.714,0.634,0.674,-0.057,-0.501,0.833,-0.51,0.624,0.611,0.336,0.715,0.549,0.695,-0.35,-0.313,0.484,0.555,0.627,0.624,0.651,0.727,0.364,-0.285,-0.37,-0.547,0.723,0.093,0.618,0.49,-0.516,-0.346,-0.353,0.72,-0.539,0.689,0.423,0.605,-0.226,0.702,-0.065,-0.248,-0.507,0.454,0.659,-0.538,0.03,0.647,-0.3,-0.683,0.231,0.39,-0.703,-0.221,0.197,-0.672,0.685,0.527,-0.316,0.657,-0.58,0.777,0.778,0.8,0.754,0.537,0.235,0.568,0.302,-0.742
BANF,0.236,-0.367,-0.249,0.03,0.552,0.408,0.088,-0.095,-0.063,0.55,0.546,0.08,0.752,0.502,0.248,0.39,0.016,0.127,-0.002,0.082,0.0,0.282,0.546,-0.288,0.668,0.335,0.318,0.001,-0.338,0.011,0.615,-0.277,0.585,-0.277,0.397,0.606,0.539,0.237,0.556,0.352,0.364,0.396,0.336,-0.153,0.585,0.104,0.404,-0.322,0.163,0.759,0.293,0.185,0.113,0.095,-0.09,-0.513,0.846,0.369,0.38,0.233,0.415,0.711,0.342,0.001,0.339,0.385,0.437,0.289,0.695,-0.037,0.018,-0.082,0.137,0.174,0.535,0.338,0.493,0.12,0.259,0.677,0.22,0.119,0.304,0.713,-0.011,0.376,0.069,0.446,0.203,0.69,0.315,0.095,0.331,0.4,0.487,0.027,0.55,-0.056,0.681,0.367,0.193,-0.063,0.033,0.04,0.124,0.112,0.494,0.379,0.286,-0.172,-0.358,0.32,0.115,0.559,0.662,0.394,0.479,-0.2,0.699,-0.376,0.439,-0.087,0.084,0.426,0.142,-0.118,0.354,0.625,0.451,0.458,0.128,0.199,-0.21,0.06,0.462,0.086,-0.096,0.468,0.054,-0.083,-0.381,-0.135,0.124,0.153,-0.027,0.538,0.117,0.099,-0.328,-0.344,-0.03,-0.486,0.515,0.729,0.577,-0.023,-0.052,-0.126,0.197,0.184,0.586,-0.154,-0.333,0.355,0.177,0.225,0.207,0.289,0.622,-0.094,0.735,0.752,0.285,0.589,0.293,0.179,-0.224,0.291,0.469,0.244,0.087,0.173,0.311,0.429,0.772,0.403,0.101,-0.235,0.789,0.15,0.457,-0.237,-0.173,0.114,-0.173,0.306,0.26,-0.258,0.593,0.257
BATRK,-0.702,0.44,0.718,0.846,0.09,0.498,0.782,0.319,0.678,0.741,-0.345,0.753,-0.143,0.842,0.638,-0.171,0.881,0.771,0.207,0.592,0.282,0.0,-0.288,-0.578,-0.153,0.679,-0.616,-0.758,0.648,0.791,-0.109,-0.746,-0.165,0.57,-0.583,-0.204,0.738,-0.556,0.721,-0.674,0.96,0.548,0.502,0.674,-0.245,-0.323,-0.578,0.51,-0.622,0.017,-0.481,-0.719,-0.397,0.622,0.496,0.24,0.554,0.788,-0.125,-0.712,-0.627,0.416,-0.58,-0.215,-0.252,0.781,0.367,-0.561,0.178,0.861,0.414,-0.759,-0.046,0.732,0.851,-0.685,-0.238,0.333,-0.429,0.344,-0.736,-0.757,-0.493,0.55,-0.741,-0.321,0.797,-0.47,-0.599,0.083,0.756,0.663,0.294,-0.483,-0.299,0.858,-0.192,-0.759,0.505,-0.547,0.431,0.77,0.494,0.319,0.706,0.823,-0.43,-0.201,0.062,0.755,0.496,0.592,0.814,0.361,0.626,0.691,-0.371,0.673,0.717,0.179,0.599,0.834,0.76,0.154,0.484,0.694,0.822,0.644,0.738,0.89,-0.117,0.245,0.406,0.86,0.431,-0.383,0.754,-0.349,0.866,0.679,0.292,0.452,0.837,0.826,-0.701,0.203,0.83,0.776,0.533,0.203,0.766,0.255,0.815,0.135,0.075,-0.823,0.672,0.033,0.32,0.827,-0.395,-0.531,-0.551,0.913,-0.765,0.714,0.632,0.932,-0.421,0.805,0.209,-0.061,-0.472,0.745,0.825,-0.746,-0.179,0.233,-0.424,-0.609,0.093,0.816,-0.588,0.035,0.191,-0.288,0.746,0.656,-0.03,0.772,-0.336,0.691,0.733,0.856,0.59,0.697,0.662,0.703,0.668,-0.637
BIDU,0.683,-0.736,-0.711,-0.625,0.651,-0.177,-0.583,-0.712,-0.474,0.261,0.803,-0.648,0.856,-0.283,-0.081,0.675,-0.6,-0.302,-0.464,-0.666,0.546,-0.288,0.0,0.187,0.82,0.053,0.798,0.623,-0.732,-0.65,0.546,0.32,0.554,-0.765,0.724,0.642,-0.071,0.636,0.065,0.769,-0.242,-0.126,0.172,-0.737,0.685,0.443,0.809,-0.802,0.372,0.761,0.751,0.605,0.05,-0.004,-0.546,-0.816,0.307,-0.211,0.387,0.692,0.829,0.5,0.812,0.283,0.662,-0.126,0.31,0.84,0.454,-0.458,-0.608,0.467,0.157,-0.446,-0.228,0.727,0.764,0.301,0.589,0.278,0.778,0.725,0.428,0.361,0.195,0.408,-0.553,0.686,0.451,0.604,-0.203,-0.585,-0.06,0.885,0.694,-0.546,0.839,0.472,0.298,0.798,0.298,-0.702,-0.465,0.143,-0.395,-0.278,0.934,0.606,-0.167,-0.77,-0.675,-0.443,-0.543,0.514,0.394,-0.315,0.867,-0.644,0.101,-0.83,0.14,-0.607,-0.488,0.525,0.013,-0.734,-0.341,0.311,0.151,-0.114,0.017,-0.373,-0.602,-0.574,0.221,0.404,-0.654,0.701,-0.546,-0.68,-0.499,-0.761,-0.467,-0.527,0.365,0.666,-0.406,-0.538,-0.588,-0.615,-0.63,-0.882,-0.059,0.613,0.565,0.489,-0.716,0.044,-0.295,-0.432,0.785,0.366,0.264,-0.349,0.619,-0.517,-0.31,-0.329,0.647,-0.574,0.522,0.725,0.565,-0.102,-0.356,0.655,0.01,-0.176,0.65,0.732,0.139,-0.319,0.772,0.315,0.427,0.82,-0.589,-0.681,0.725,-0.508,0.84,-0.806,-0.712,-0.566,-0.688,-0.391,-0.167,-0.729,0.123,0.849
BLNE,0.477,-0.108,-0.377,-0.614,0.097,-0.365,-0.636,-0.465,-0.333,-0.412,0.131,-0.516,0.019,-0.621,-0.503,0.062,-0.547,-0.568,0.019,-0.279,-0.288,-0.578,0.187,0.0,0.121,-0.567,0.438,0.593,-0.349,-0.528,0.116,0.736,0.282,-0.313,0.413,0.007,-0.576,0.218,-0.488,0.469,-0.625,-0.151,-0.318,-0.457,0.205,0.363,0.418,-0.223,0.239,-0.181,0.355,0.478,0.132,-0.135,0.034,-0.12,-0.369,-0.681,0.343,0.513,0.371,-0.301,0.34,0.292,0.096,-0.676,0.079,0.397,-0.287,-0.438,-0.07,0.428,0.442,-0.669,-0.638,0.412,0.398,0.104,0.398,-0.416,0.524,0.544,0.232,-0.461,0.612,0.101,-0.354,0.328,0.568,-0.354,-0.652,-0.498,-0.441,0.417,0.419,-0.634,-0.02,0.766,-0.43,0.239,-0.009,-0.539,-0.6,0.19,-0.6,-0.624,0.286,0.277,-0.322,-0.516,-0.171,-0.566,-0.659,0.004,-0.482,-0.476,0.255,-0.455,-0.482,-0.07,-0.58,-0.556,-0.583,-0.191,-0.39,-0.379,-0.604,-0.558,-0.306,-0.706,0.378,-0.229,-0.065,-0.628,-0.46,0.258,-0.348,0.272,-0.621,-0.555,0.055,-0.465,-0.604,-0.672,0.659,0.07,-0.671,-0.719,0.011,0.106,-0.642,-0.107,-0.695,-0.128,-0.225,0.679,-0.624,0.184,-0.215,-0.675,0.109,0.728,0.722,-0.524,0.554,-0.709,-0.455,-0.695,0.265,-0.38,-0.044,-0.063,0.135,-0.754,-0.49,0.558,0.54,-0.083,0.419,0.436,0.384,-0.672,0.292,-0.258,-0.159,0.114,-0.587,-0.532,0.002,-0.601,0.39,-0.42,-0.391,-0.571,-0.327,-0.707,-0.571,-0.497,-0.475,0.481
BLNK,0.692,-0.739,-0.725,-0.533,0.768,-0.014,-0.472,-0.509,-0.557,0.247,0.782,-0.53,0.901,-0.061,-0.09,0.702,-0.498,-0.195,-0.415,-0.381,0.668,-0.153,0.82,0.121,0.0,0.058,0.783,0.507,-0.719,-0.561,0.595,0.132,0.574,-0.77,0.82,0.688,0.143,0.689,0.117,0.759,-0.122,0.022,0.268,-0.683,0.719,0.439,0.808,-0.793,0.373,0.8,0.72,0.624,0.192,-0.12,-0.396,-0.822,0.521,-0.074,0.588,0.716,0.766,0.466,0.803,0.413,0.608,-0.034,0.291,0.748,0.577,-0.479,-0.424,0.375,0.238,-0.393,-0.067,0.755,0.705,0.32,0.573,0.429,0.677,0.646,0.446,0.534,0.271,0.463,-0.413,0.826,0.586,0.672,-0.132,-0.544,-0.006,0.787,0.789,-0.436,0.702,0.398,0.399,0.781,0.225,-0.653,-0.341,0.102,-0.287,-0.35,0.826,0.699,-0.156,-0.685,-0.536,-0.326,-0.459,0.493,0.448,-0.111,0.842,-0.669,0.241,-0.665,0.065,-0.572,-0.497,0.642,0.141,-0.599,-0.236,0.41,0.206,0.006,0.09,-0.122,-0.524,-0.5,0.256,0.437,-0.54,0.736,-0.522,-0.665,-0.646,-0.575,-0.42,-0.323,0.282,0.66,-0.317,-0.442,-0.628,-0.581,-0.59,-0.688,0.007,0.657,0.577,0.443,-0.608,0.035,-0.189,-0.327,0.885,0.344,0.147,-0.167,0.59,-0.367,-0.258,-0.172,0.764,-0.498,0.589,0.839,0.692,0.095,-0.275,0.685,0.01,0.088,0.781,0.704,0.296,-0.318,0.737,0.4,0.611,0.75,-0.452,-0.614,0.795,-0.46,0.857,-0.741,-0.64,-0.444,-0.682,-0.25,-0.076,-0.662,0.358,0.734
BTAI,-0.487,-0.013,0.382,0.552,0.225,0.186,0.406,0.184,0.42,0.759,0.192,0.45,0.227,0.585,0.571,0.353,0.563,0.878,-0.194,0.055,0.335,0.679,0.053,-0.567,0.058,0.0,-0.285,-0.523,0.256,0.512,-0.062,-0.661,-0.316,0.298,-0.351,-0.128,0.693,-0.071,0.795,-0.338,0.664,0.22,0.848,0.345,-0.03,-0.215,-0.239,0.108,-0.615,0.432,0.031,-0.514,0.004,0.569,0.038,-0.201,0.339,0.887,-0.296,-0.505,-0.315,0.468,-0.067,-0.078,0.386,0.908,0.129,-0.129,0.501,0.555,-0.177,-0.332,-0.454,0.352,0.669,-0.259,-0.186,0.429,-0.203,0.362,-0.452,-0.43,0.056,0.705,-0.782,0.075,0.356,-0.221,-0.511,0.485,0.913,0.306,0.566,-0.22,-0.099,0.71,0.279,-0.607,0.495,-0.001,0.461,0.504,0.683,0.047,0.782,0.839,-0.067,0.166,0.177,0.347,0.037,0.422,0.516,0.446,0.814,0.255,0.036,0.247,0.574,-0.167,0.728,0.544,0.677,0.445,0.619,0.254,0.426,0.716,0.654,0.81,-0.609,-0.316,0.086,0.635,0.813,0.104,0.208,0.118,0.634,0.429,-0.064,0.223,0.767,0.623,-0.588,0.443,0.771,0.695,0.033,-0.398,0.475,-0.208,0.777,0.449,0.588,-0.661,0.322,-0.468,-0.272,0.798,-0.057,-0.55,-0.55,0.623,-0.518,0.46,0.554,0.666,-0.389,0.419,0.378,0.226,-0.234,0.692,0.513,-0.583,-0.498,-0.348,-0.178,-0.308,-0.326,0.775,-0.211,0.56,0.016,0.247,0.59,0.54,0.243,0.542,0.004,0.233,0.228,0.469,0.074,0.682,0.918,0.557,0.8,-0.311
BYND,0.916,-0.733,-0.904,-0.889,0.55,-0.407,-0.791,-0.666,-0.719,-0.162,0.712,-0.8,0.724,-0.535,-0.258,0.581,-0.842,-0.573,-0.496,-0.625,0.318,-0.616,0.798,0.438,0.783,-0.285,0.0,0.844,-0.806,-0.84,0.358,0.545,0.483,-0.876,0.931,0.622,-0.348,0.777,-0.308,0.879,-0.569,-0.4,-0.071,-0.9,0.653,0.552,0.898,-0.883,0.54,0.559,0.769,0.788,0.274,-0.274,-0.609,-0.781,0.06,-0.496,0.532,0.93,0.852,0.183,0.918,0.436,0.619,-0.483,0.123,0.9,0.248,-0.739,-0.588,0.686,0.301,-0.661,-0.546,0.892,0.702,0.126,0.68,0.144,0.883,0.884,0.508,0.133,0.535,0.454,-0.743,0.798,0.784,0.433,-0.475,-0.825,-0.326,0.869,0.755,-0.797,0.623,0.732,0.014,0.867,0.103,-0.923,-0.551,0.086,-0.662,-0.678,0.861,0.655,-0.318,-0.93,-0.617,-0.632,-0.818,0.261,0.015,-0.528,0.829,-0.769,-0.288,-0.691,-0.31,-0.815,-0.729,0.423,-0.165,-0.794,-0.636,-0.014,-0.248,-0.458,0.16,-0.308,-0.578,-0.851,-0.082,0.447,-0.763,0.665,-0.854,-0.917,-0.61,-0.699,-0.762,-0.727,0.523,0.448,-0.711,-0.777,-0.684,-0.545,-0.831,-0.668,-0.397,0.426,0.354,0.765,-0.855,0.125,-0.334,-0.704,0.842,0.578,0.511,-0.638,0.856,-0.717,-0.488,-0.605,0.731,-0.774,0.262,0.59,0.746,-0.356,-0.645,0.872,0.154,-0.084,0.822,0.868,0.267,-0.693,0.882,0.176,0.343,0.756,-0.815,-0.85,0.572,-0.753,0.828,-0.944,-0.858,-0.765,-0.83,-0.631,-0.421,-0.881,-0.115,0.929
CAN,0.875,-0.488,-0.759,-0.929,0.423,-0.462,-0.895,-0.668,-0.578,-0.325,0.463,-0.818,0.429,-0.709,-0.389,0.323,-0.844,-0.696,-0.312,-0.621,0.001,-0.758,0.623,0.593,0.507,-0.523,0.844,0.0,-0.684,-0.876,0.313,0.8,0.398,-0.732,0.772,0.4,-0.656,0.62,-0.529,0.786,-0.743,-0.384,-0.23,-0.852,0.51,0.524,0.776,-0.689,0.49,0.218,0.705,0.753,0.178,-0.26,-0.445,-0.492,-0.226,-0.722,0.477,0.857,0.739,-0.052,0.77,0.524,0.442,-0.744,0.1,0.871,-0.116,-0.715,-0.509,0.688,0.395,-0.735,-0.75,0.764,0.645,0.085,0.587,-0.109,0.868,0.883,0.393,-0.205,0.66,0.347,-0.69,0.599,0.744,0.102,-0.664,-0.853,-0.538,0.81,0.629,-0.87,0.34,0.865,-0.286,0.704,0.048,-0.894,-0.639,0.207,-0.773,-0.764,0.705,0.482,-0.4,-0.875,-0.514,-0.801,-0.922,0.13,-0.309,-0.694,0.621,-0.673,-0.455,-0.511,-0.498,-0.78,-0.764,0.077,-0.415,-0.785,-0.782,-0.349,-0.367,-0.726,0.256,-0.381,-0.461,-0.889,-0.377,0.417,-0.68,0.454,-0.891,-0.897,-0.304,-0.717,-0.861,-0.889,0.702,0.253,-0.812,-0.927,-0.442,-0.263,-0.859,-0.474,-0.672,0.215,0.033,0.881,-0.906,0.221,-0.334,-0.864,0.567,0.806,0.766,-0.78,0.85,-0.88,-0.506,-0.789,0.56,-0.66,0.122,0.268,0.567,-0.649,-0.695,0.871,0.428,-0.189,0.668,0.809,0.378,-0.849,0.693,-0.115,0.128,0.583,-0.902,-0.844,0.315,-0.824,0.653,-0.839,-0.737,-0.827,-0.721,-0.803,-0.591,-0.833,-0.413,0.87
CCEC,-0.837,0.845,0.923,0.778,-0.417,0.121,0.728,0.41,0.779,0.185,-0.85,0.775,-0.76,0.517,0.49,-0.679,0.839,0.541,0.383,0.672,-0.338,0.648,-0.732,-0.349,-0.719,0.256,-0.806,-0.684,0.0,0.816,-0.535,-0.475,-0.458,0.872,-0.823,-0.578,0.261,-0.814,0.283,-0.926,0.628,0.201,0.096,0.756,-0.671,-0.348,-0.931,0.799,-0.691,-0.594,-0.776,-0.894,-0.386,0.519,0.557,0.689,-0.037,0.455,-0.279,-0.84,-0.951,-0.192,-0.856,-0.432,-0.637,0.339,0.13,-0.792,-0.375,0.796,0.522,-0.644,0.031,0.717,0.49,-0.924,-0.487,0.097,-0.62,-0.18,-0.897,-0.884,-0.673,-0.082,-0.59,-0.628,0.744,-0.834,-0.578,-0.443,0.464,0.682,-0.079,-0.801,-0.605,0.748,-0.738,-0.605,-0.093,-0.844,0.224,0.798,0.384,0.318,0.454,0.617,-0.839,-0.553,-0.11,0.904,0.804,0.435,0.718,-0.046,-0.031,0.447,-0.835,0.912,0.173,0.54,0.102,0.871,0.723,-0.355,0.167,0.842,0.623,0.035,0.202,0.482,0.039,0.272,0.651,0.784,-0.049,-0.562,0.896,-0.805,0.775,0.698,0.572,0.665,0.684,0.675,-0.579,-0.352,0.656,0.644,0.806,0.591,0.814,0.703,0.362,-0.468,-0.447,-0.746,0.731,0.21,0.319,0.591,-0.861,-0.403,-0.231,0.617,-0.856,0.562,0.462,0.63,-0.756,0.889,-0.35,-0.655,-0.78,0.279,0.636,-0.828,0.041,0.189,-0.686,-0.851,0.066,0.551,-0.876,-0.398,-0.253,-0.661,0.658,0.756,-0.642,0.711,-0.775,0.889,0.915,0.826,0.801,0.458,0.375,0.816,0.148,-0.847
CDW,-0.889,0.676,0.879,0.951,-0.329,0.402,0.903,0.624,0.77,0.406,-0.572,0.923,-0.499,0.793,0.466,-0.463,0.951,0.711,0.445,0.776,0.011,0.791,-0.65,-0.528,-0.561,0.512,-0.84,-0.876,0.816,0.0,-0.29,-0.74,-0.284,0.856,-0.786,-0.452,0.653,-0.76,0.58,-0.828,0.795,0.439,0.286,0.864,-0.506,-0.449,-0.826,0.772,-0.659,-0.253,-0.722,-0.877,-0.155,0.505,0.549,0.573,0.251,0.745,-0.312,-0.91,-0.846,0.051,-0.803,-0.494,-0.472,0.678,0.132,-0.808,0.027,0.823,0.62,-0.763,-0.172,0.741,0.799,-0.816,-0.509,0.003,-0.577,0.054,-0.932,-0.957,-0.418,0.208,-0.643,-0.395,0.819,-0.666,-0.624,-0.18,0.728,0.893,0.377,-0.807,-0.533,0.914,-0.49,-0.778,0.256,-0.748,0.117,0.938,0.631,0.063,0.695,0.788,-0.751,-0.409,0.335,0.929,0.62,0.819,0.927,0.029,0.279,0.723,-0.734,0.772,0.482,0.545,0.394,0.879,0.858,-0.227,0.287,0.904,0.833,0.26,0.393,0.726,-0.081,0.394,0.611,0.944,0.299,-0.495,0.84,-0.541,0.934,0.854,0.454,0.743,0.913,0.897,-0.614,-0.236,0.826,0.876,0.634,0.389,0.879,0.54,0.67,-0.194,-0.128,-0.874,0.868,-0.18,0.381,0.853,-0.687,-0.677,-0.599,0.852,-0.845,0.835,0.611,0.787,-0.598,0.844,-0.035,-0.314,-0.725,0.625,0.808,-0.902,-0.283,0.257,-0.58,-0.882,-0.168,0.812,-0.83,0.012,-0.061,-0.577,0.915,0.826,-0.338,0.888,-0.673,0.897,0.848,0.945,0.814,0.795,0.613,0.846,0.466,-0.906
