,ABEO,ACHC,AGNCN,AKAM,AKRO,ALRM,AMAT,AMED,AMRN,ANGI,APA,APOG,APPS,ARCB,ARCC,ARVN,ATEC,ATXS,AVAV,AXON,BANF,BATRK,BIDU,BLNE,BLNK,BTAI,BYND,CAN,CCEC,CDW,CDXS,CELH,CGNX,CHKP,CHRS,CHRW,CIGI,CKPT,CMPR,COGT,CRNC,CRSP,CSTL,CTSH,CVGW,DGLY,DNLI,DOCU,DVAX,EBAY,EHTH,ERII,ESLT,EXPE,EXPO,FBIOP,FFBC,FFIN,FOXF,FWRD,GDS,GERN,GPRE,GRWG,GRYP,HEES,HELE,HIVE,HON,HRTX,HSTM,HURA,IART,IBKR,IBOC,IBRX,IDXX,INGN,INM,INVA,IQ,IRBT,KDP,KPTI,KTOS,KXIN,LAMR,LFUS,LGIH,LGMK,LKFN,LNW,LOPE,LPSN,LYFT,MGNX,MLCO,MNST,MODV,MSTR,MTCH,MYGN,MYRG,NCMI,NEXT,NFLX,NIU,NKTR,NRC,NTNX,NTRA,NVEE,NVMI,NWL,NWS,NXPI,OCGN,OCSL,OKTA,OLLI,OTLK,OXLC,PAA,PARA,PARAA,PDCO,PDFS,PFG,PGEN,PNFP,PODD,POWI,PSMT,PTC,PTEN,PVLA,RDNT,RDUS,RDWR,REGN,RNAC,ROCK,ROST,RRR,RSLS,RVMD,RYAAY,SAFT,SAGE,SAVA,SBGI,SFM,SFNC,SHYF,SIBN,SIFY,SIGI,SIMO,SITM,SLM,SNBR,SNDX,SNY,SPNS,SRRK,STRA,SUPN,SYRE,TCBK,TEAM,TECH,THRM,TLRY,TRMK,TROW,TSLA,TWST,TXN,UFPI,UNIT,UPWK,USLM,UTHR,VERB,VLY,VRNA,VRRM,VXRT,WAFD,WATT,WBA,WING,WIX,WTFC,WTW,XPEL,XRX,YMAB,ZG,ZLAB
ABEO,0.0,-0.126,0.039,-0.841,0.164,-0.216,-0.734,-0.702,-0.127,-0.294,-0.028,-0.752,-0.052,-0.365,0.566,0.423,-0.671,0.349,-0.732,-0.746,-0.175,-0.125,0.374,-0.446,-0.13,-0.059,-0.082,-0.317,0.184,-0.779,-0.255,0.494,-0.457,-0.214,0.592,0.626,-0.39,0.609,-0.434,0.212,-0.064,-0.082,0.084,-0.609,0.16,-0.048,-0.063,-0.781,0.564,0.069,-0.041,-0.075,-0.522,-0.488,-0.247,0.009,-0.214,-0.397,-0.258,0.152,0.064,-0.154,0.058,0.412,0.403,-0.303,-0.056,-0.046,-0.091,0.107,-0.627,-0.302,-0.511,0.4,-0.202,0.222,-0.045,0.191,0.51,0.677,0.258,0.276,-0.166,0.313,-0.539,-0.124,-0.712,-0.262,-0.337,-0.257,-0.338,-0.84,-0.482,0.424,-0.442,-0.171,0.326,0.597,-0.115,0.303,0.533,-0.836,-0.567,0.085,-0.426,-0.597,0.114,0.697,-0.002,-0.442,-0.132,-0.54,-0.608,0.096,0.544,-0.598,0.88,0.118,-0.382,-0.477,-0.212,0.226,0.191,-0.018,-0.137,0.067,-0.639,0.497,0.486,-0.105,-0.607,-0.661,-0.503,-0.695,-0.113,0.479,-0.339,-0.219,-0.64,0.328,-0.452,-0.594,-0.492,-0.569,-0.505,0.466,-0.63,-0.401,-0.047,-0.311,-0.103,-0.1,-0.274,-0.315,-0.021,-0.124,-0.118,0.391,-0.676,-0.497,-0.132,0.445,0.491,-0.566,-0.284,-0.47,-0.418,0.49,-0.2,-0.716,-0.353,-0.204,0.382,-0.181,-0.371,-0.047,-0.464,-0.34,-0.296,0.687,-0.112,-0.541,0.77,-0.192,-0.197,0.547,-0.693,-0.388,-0.115,-0.713,0.025,-0.632,-0.575,-0.428,-0.085,-0.594,-0.427,-0.222,-0.32,0.398
ACHC,-0.126,0.0,0.938,0.225,-0.552,-0.266,-0.024,-0.351,0.87,-0.662,-0.881,0.105,-0.858,-0.333,0.628,-0.725,0.396,0.221,-0.175,-0.132,-0.743,0.147,-0.755,-0.331,-0.732,-0.866,-0.87,-0.629,0.873,-0.056,-0.611,0.513,-0.648,0.927,-0.213,-0.331,-0.639,-0.613,-0.648,-0.831,0.024,-0.06,-0.732,0.552,-0.626,-0.335,-0.869,0.534,-0.198,-0.901,-0.842,-0.859,-0.656,-0.305,0.49,0.86,-0.632,-0.649,-0.532,-0.888,-0.888,-0.711,-0.929,-0.198,-0.499,-0.741,-0.084,-0.772,-0.741,0.84,0.239,-0.636,-0.243,0.74,-0.27,-0.83,-0.528,-0.028,-0.228,0.024,-0.825,-0.861,-0.7,-0.637,-0.597,-0.896,-0.019,-0.812,-0.653,-0.812,-0.569,-0.217,-0.661,-0.615,-0.706,0.791,-0.884,0.343,-0.684,-0.865,0.287,0.325,-0.54,0.282,-0.481,0.206,-0.822,-0.123,-0.194,0.843,0.672,-0.455,0.286,-0.414,-0.387,-0.511,-0.009,0.91,-0.62,0.124,-0.727,0.875,0.857,-0.857,-0.756,0.831,-0.348,-0.441,0.081,-0.489,-0.41,-0.376,0.496,0.224,-0.845,-0.22,0.829,-0.83,0.61,0.753,0.664,0.318,0.158,-0.276,-0.494,-0.268,-0.534,0.189,0.886,0.787,0.819,0.855,-0.651,-0.745,-0.86,-0.7,0.728,0.725,-0.294,-0.234,-0.899,0.341,0.723,-0.489,-0.736,-0.075,-0.324,0.56,-0.797,0.379,-0.697,-0.788,-0.731,-0.613,0.338,-0.889,-0.156,-0.032,-0.727,-0.33,0.07,-0.411,-0.375,-0.852,-0.707,-0.425,-0.225,0.639,-0.765,-0.372,-0.826,0.75,0.633,0.646,0.928,-0.6,-0.697,0.858,-0.717,-0.77
AGNCN,0.039,0.938,0.0,0.06,-0.593,-0.333,-0.185,-0.475,0.842,-0.772,-0.929,-0.078,-0.914,-0.463,0.687,-0.705,0.265,0.273,-0.352,-0.285,-0.825,0.05,-0.715,-0.43,-0.845,-0.919,-0.92,-0.77,0.94,-0.231,-0.75,0.622,-0.779,0.891,-0.072,-0.327,-0.739,-0.534,-0.773,-0.798,-0.079,-0.154,-0.762,0.432,-0.668,-0.375,-0.926,0.388,-0.129,-0.922,-0.895,-0.898,-0.776,-0.434,0.399,0.909,-0.739,-0.774,-0.644,-0.912,-0.896,-0.827,-0.957,-0.127,-0.424,-0.848,-0.153,-0.839,-0.796,0.877,0.083,-0.694,-0.409,0.829,-0.362,-0.799,-0.6,-0.066,-0.146,0.062,-0.801,-0.826,-0.742,-0.621,-0.732,-0.907,-0.195,-0.908,-0.776,-0.872,-0.707,-0.396,-0.802,-0.578,-0.817,0.753,-0.837,0.44,-0.76,-0.818,0.389,0.164,-0.653,0.239,-0.641,0.022,-0.84,0.019,-0.148,0.782,0.697,-0.597,0.187,-0.436,-0.335,-0.657,0.14,0.913,-0.743,0.06,-0.828,0.932,0.901,-0.914,-0.847,0.885,-0.521,-0.462,0.143,-0.576,-0.572,-0.546,0.371,0.047,-0.921,-0.125,0.72,-0.904,0.483,0.852,0.516,0.186,0.064,-0.387,-0.61,-0.249,-0.698,0.14,0.909,0.732,0.84,0.862,-0.767,-0.866,-0.905,-0.737,0.74,0.758,-0.49,-0.365,-0.964,0.405,0.809,-0.641,-0.815,-0.209,-0.467,0.653,-0.891,0.175,-0.802,-0.873,-0.674,-0.714,0.189,-0.937,-0.317,-0.141,-0.842,-0.225,-0.009,-0.572,-0.176,-0.889,-0.807,-0.407,-0.352,0.623,-0.855,-0.567,-0.858,0.646,0.479,0.51,0.927,-0.739,-0.822,0.829,-0.817,-0.7
AKAM,-0.841,0.225,0.06,0.0,-0.109,0.239,0.889,0.707,0.118,0.222,-0.035,0.84,-0.012,0.525,-0.413,-0.375,0.844,-0.087,0.737,0.867,0.177,0.339,-0.518,0.286,0.14,-0.014,-0.051,0.244,-0.092,0.856,0.235,-0.524,0.382,0.352,-0.525,-0.487,0.409,-0.588,0.371,-0.252,0.289,0.289,-0.123,0.764,-0.183,-0.008,0.005,0.828,-0.437,-0.126,-0.086,0.008,0.452,0.379,0.429,0.1,0.284,0.453,0.256,-0.204,-0.172,0.115,-0.179,-0.297,-0.427,0.328,0.053,-0.045,0.075,-0.002,0.841,0.198,0.47,-0.22,0.358,-0.253,-0.037,-0.271,-0.456,-0.431,-0.421,-0.443,0.11,-0.2,0.463,0.015,0.729,0.217,0.336,0.132,0.423,0.825,0.442,-0.533,0.363,0.468,-0.432,-0.583,0.136,-0.4,-0.472,0.935,0.573,-0.04,0.494,0.571,-0.212,-0.596,0.118,0.589,0.245,0.591,0.815,-0.173,-0.428,0.609,-0.783,0.029,0.372,0.521,0.116,-0.085,-0.018,-0.03,0.161,0.137,0.695,-0.371,-0.322,0.243,0.581,0.747,0.545,0.87,0.093,-0.425,0.534,0.149,0.784,-0.172,0.443,0.775,0.589,0.696,0.334,-0.362,0.565,0.646,0.149,0.389,0.24,0.242,0.352,0.218,-0.047,-0.082,0.325,-0.298,0.763,0.632,0.058,-0.448,-0.44,0.584,0.227,0.756,0.489,-0.233,0.183,0.746,0.282,0.179,-0.296,0.312,0.562,-0.049,0.424,0.582,0.264,-0.684,0.206,0.639,-0.79,0.16,0.237,-0.515,0.784,0.488,0.094,0.677,-0.122,0.739,0.734,0.675,0.223,0.576,0.372,0.371,0.345,-0.579
AKRO,0.164,-0.552,-0.593,-0.109,0.0,0.508,0.116,0.072,-0.426,0.738,0.731,0.047,0.785,0.656,-0.207,0.815,0.08,0.354,0.347,0.319,0.787,0.54,0.701,0.454,0.815,0.764,0.645,0.682,-0.657,0.28,0.746,-0.166,0.682,-0.559,0.418,0.456,0.713,0.555,0.676,0.775,0.651,0.571,0.887,-0.212,0.787,0.541,0.771,-0.3,0.093,0.695,0.73,0.7,0.42,0.559,0.153,-0.759,0.8,0.648,0.772,0.699,0.74,0.716,0.719,0.497,0.689,0.692,0.638,0.815,0.741,-0.431,0.146,0.587,0.58,-0.551,0.674,0.759,0.787,0.382,0.411,0.03,0.692,0.652,0.669,0.851,0.582,0.561,0.379,0.719,0.745,0.451,0.716,0.145,0.44,0.757,0.644,-0.481,0.605,0.116,0.827,0.712,0.18,-0.226,0.246,0.39,0.57,0.189,0.831,0.363,-0.106,-0.579,-0.358,0.503,-0.125,0.732,0.731,0.553,0.23,-0.503,0.74,0.141,0.643,-0.539,-0.626,0.724,0.649,-0.588,0.44,0.596,0.57,0.724,0.593,0.388,-0.116,0.137,0.654,0.508,-0.289,0.687,-0.179,-0.569,-0.182,-0.347,0.225,0.366,0.298,0.82,0.511,-0.33,-0.439,-0.685,-0.654,-0.735,0.735,0.683,0.689,0.537,-0.705,-0.357,0.412,0.388,0.648,0.254,-0.383,0.632,0.757,0.118,0.599,-0.152,0.735,0.068,0.728,0.757,0.647,0.672,0.229,0.772,0.563,0.381,0.768,0.532,0.536,0.501,0.001,0.625,0.762,0.732,0.269,-0.68,0.806,0.353,0.827,-0.473,-0.1,-0.173,-0.585,0.349,0.668,-0.545,0.711,0.659
ALRM,-0.216,-0.266,-0.333,0.239,0.508,0.0,0.337,0.366,-0.289,0.413,0.478,0.311,0.539,0.614,-0.279,0.485,0.263,0.255,0.507,0.436,0.557,0.257,0.233,0.47,0.476,0.392,0.297,0.338,-0.491,0.467,0.526,-0.172,0.533,-0.201,0.35,0.144,0.621,0.332,0.536,0.523,0.428,0.521,0.459,0.338,0.541,0.229,0.466,0.211,0.147,0.404,0.42,0.556,0.518,0.269,0.309,-0.428,0.539,0.534,0.471,0.27,0.516,0.326,0.352,0.251,0.439,0.598,0.258,0.422,0.664,-0.402,0.453,0.564,0.337,-0.453,0.739,0.536,0.385,-0.115,0.202,-0.201,0.397,0.289,0.697,0.392,0.615,0.498,0.545,0.523,0.527,0.167,0.569,0.395,0.36,0.406,0.439,-0.235,0.301,0.044,0.651,0.393,-0.26,0.216,0.471,-0.136,0.562,0.194,0.425,0.172,0.303,-0.174,-0.291,0.619,0.302,0.294,0.468,0.536,0.059,-0.382,0.633,0.583,0.377,-0.425,-0.372,0.341,0.324,-0.415,0.386,0.22,0.349,0.484,0.505,0.46,0.082,0.453,0.427,0.401,-0.182,0.492,0.212,-0.246,0.077,0.078,0.641,0.502,0.225,0.451,0.495,0.141,-0.354,-0.403,-0.294,-0.383,0.548,0.49,0.418,0.462,-0.201,-0.415,0.401,0.686,0.399,-0.054,-0.441,0.542,0.565,0.403,0.562,-0.141,0.524,0.086,0.59,0.521,0.405,0.601,0.396,0.402,0.36,0.343,0.55,0.338,0.137,0.589,-0.253,0.532,0.458,0.334,0.572,-0.285,0.584,0.349,0.426,-0.042,0.144,-0.007,-0.171,0.39,0.582,-0.165,0.49,0.218
AMAT,-0.734,-0.024,-0.185,0.889,0.116,0.337,0.0,0.756,-0.178,0.351,0.183,0.783,0.226,0.696,-0.422,-0.087,0.761,0.067,0.688,0.922,0.413,0.418,-0.294,0.311,0.384,0.208,0.175,0.388,-0.277,0.917,0.379,-0.668,0.544,0.101,-0.281,-0.301,0.637,-0.265,0.533,-0.015,0.479,0.273,0.098,0.581,0.009,0.178,0.202,0.589,-0.248,0.129,0.071,0.181,0.607,0.434,0.257,-0.178,0.502,0.68,0.473,0.031,0.048,0.237,0.069,-0.265,-0.166,0.549,0.069,0.176,0.352,-0.265,0.757,0.379,0.513,-0.336,0.562,0.026,0.111,-0.336,-0.311,-0.397,-0.248,-0.276,0.336,0.119,0.582,0.22,0.693,0.444,0.56,0.302,0.626,0.827,0.535,-0.363,0.52,0.289,-0.209,-0.634,0.39,-0.077,-0.493,0.744,0.673,-0.047,0.618,0.434,0.019,-0.417,0.088,0.402,0.184,0.742,0.857,-0.07,-0.181,0.778,-0.661,-0.131,0.549,0.588,0.267,-0.252,-0.269,0.243,0.409,-0.043,0.814,-0.153,-0.241,0.533,0.718,0.893,0.422,0.867,0.307,-0.253,0.374,0.319,0.627,-0.337,0.165,0.762,0.648,0.895,0.279,-0.179,0.724,0.674,-0.133,0.053,0.087,0.023,0.587,0.373,0.212,-0.062,0.202,-0.389,0.858,0.789,0.292,-0.555,-0.622,0.73,0.422,0.842,0.589,-0.208,0.414,0.642,0.425,0.412,0.023,0.585,0.491,0.194,0.433,0.793,0.479,-0.513,0.195,0.74,-0.695,0.384,0.481,-0.236,0.845,0.348,0.3,0.728,0.093,0.54,0.61,0.606,-0.006,0.687,0.563,0.148,0.547,-0.375
AMED,-0.702,-0.351,-0.475,0.707,0.072,0.366,0.756,0.0,-0.432,0.429,0.436,0.641,0.411,0.513,-0.754,0.059,0.4,-0.311,0.706,0.733,0.474,-0.021,-0.147,0.376,0.449,0.378,0.348,0.518,-0.583,0.724,0.515,-0.687,0.628,-0.194,-0.401,-0.313,0.653,-0.127,0.603,0.222,0.046,0.181,0.194,0.406,0.164,0.004,0.442,0.447,-0.099,0.329,0.345,0.507,0.801,0.355,0.075,-0.322,0.459,0.681,0.415,0.246,0.324,0.402,0.328,-0.162,-0.11,0.658,-0.17,0.33,0.453,-0.554,0.526,0.511,0.378,-0.631,0.352,0.222,0.069,-0.431,-0.329,-0.431,0.068,0.096,0.53,0.067,0.752,0.57,0.579,0.609,0.549,0.536,0.582,0.841,0.77,-0.229,0.631,-0.091,0.117,-0.728,0.469,0.136,-0.794,0.67,0.91,-0.398,0.737,0.245,0.208,-0.535,0.362,0.048,-0.19,0.763,0.532,-0.148,-0.295,0.755,-0.69,-0.498,0.594,0.498,0.505,-0.563,-0.512,0.375,0.476,-0.372,0.7,-0.197,-0.421,0.332,0.643,0.809,0.185,0.574,0.517,-0.223,-0.111,0.56,0.287,-0.509,0.052,0.582,0.419,0.739,0.551,-0.304,0.785,0.576,-0.445,-0.135,-0.222,-0.177,0.586,0.571,0.413,0.317,-0.032,-0.745,0.759,0.694,0.515,-0.66,-0.839,0.698,0.585,0.71,0.581,-0.598,0.543,0.316,0.578,0.56,0.158,0.575,0.136,0.412,0.339,0.363,0.558,-0.41,-0.148,0.753,-0.466,0.619,0.459,-0.282,0.809,0.225,0.452,0.756,0.275,0.26,0.2,0.095,-0.317,0.85,0.69,-0.065,0.584,-0.157
AMRN,-0.127,0.87,0.842,0.118,-0.426,-0.289,-0.178,-0.432,0.0,-0.458,-0.739,0.084,-0.72,-0.282,0.476,-0.656,0.349,0.13,-0.087,-0.147,-0.616,0.146,-0.536,-0.206,-0.635,-0.701,-0.703,-0.481,0.749,-0.071,-0.458,0.557,-0.498,0.818,-0.213,-0.336,-0.581,-0.664,-0.501,-0.664,-0.031,0.052,-0.528,0.393,-0.446,-0.231,-0.71,0.434,-0.38,-0.747,-0.62,-0.744,-0.614,-0.072,0.457,0.744,-0.526,-0.622,-0.427,-0.761,-0.714,-0.515,-0.764,-0.158,-0.429,-0.693,0.189,-0.574,-0.664,0.859,0.203,-0.54,-0.089,0.564,-0.255,-0.72,-0.279,0.16,-0.071,-0.002,-0.608,-0.666,-0.617,-0.569,-0.492,-0.794,0.048,-0.709,-0.541,-0.66,-0.519,-0.211,-0.582,-0.406,-0.559,0.62,-0.766,0.442,-0.634,-0.753,0.393,0.24,-0.605,0.442,-0.503,0.291,-0.641,-0.109,-0.181,0.659,0.519,-0.44,0.076,-0.102,-0.359,-0.465,-0.028,0.748,-0.493,-0.001,-0.578,0.741,0.767,-0.762,-0.713,0.693,-0.309,-0.494,0.146,-0.5,-0.323,-0.412,0.609,0.121,-0.737,-0.217,0.693,-0.682,0.534,0.585,0.695,0.062,0.088,-0.4,-0.256,-0.18,-0.503,-0.131,0.868,0.68,0.612,0.647,-0.61,-0.578,-0.7,-0.434,0.421,0.603,-0.292,-0.334,-0.802,0.498,0.706,-0.416,-0.607,-0.287,-0.225,0.39,-0.691,0.422,-0.529,-0.679,-0.787,-0.662,0.338,-0.726,0.011,-0.152,-0.608,-0.294,0.189,-0.374,-0.367,-0.743,-0.604,-0.344,-0.234,0.434,-0.629,-0.312,-0.627,0.619,0.528,0.496,0.802,-0.565,-0.623,0.634,-0.617,-0.556
ANGI,-0.294,-0.662,-0.772,0.222,0.738,0.413,0.351,0.429,-0.458,0.0,0.822,0.344,0.864,0.702,-0.666,0.549,0.198,-0.143,0.655,0.573,0.873,0.375,0.63,0.638,0.868,0.896,0.848,0.88,-0.844,0.523,0.843,-0.577,0.921,-0.642,-0.03,0.158,0.819,0.205,0.9,0.682,0.394,0.46,0.836,-0.152,0.684,0.512,0.891,-0.046,-0.264,0.774,0.867,0.789,0.745,0.803,-0.016,-0.827,0.868,0.82,0.82,0.793,0.779,0.929,0.818,0.175,0.321,0.843,0.62,0.877,0.73,-0.565,0.284,0.696,0.811,-0.845,0.548,0.63,0.832,0.332,0.068,-0.192,0.671,0.654,0.686,0.596,0.829,0.724,0.596,0.884,0.889,0.79,0.822,0.553,0.788,0.573,0.93,-0.523,0.592,-0.348,0.777,0.591,-0.139,0.13,0.564,0.193,0.704,0.452,0.812,-0.109,-0.065,-0.541,-0.49,0.685,-0.03,0.73,0.317,0.808,-0.321,-0.738,0.9,0.063,0.802,-0.799,-0.763,0.834,0.81,-0.755,0.746,0.353,0.054,0.664,0.837,0.672,-0.03,0.277,0.81,0.053,-0.316,0.851,-0.062,-0.883,-0.085,-0.158,0.194,0.457,0.716,0.38,0.803,-0.276,-0.554,-0.499,-0.76,-0.792,0.839,0.93,0.788,0.755,-0.786,-0.641,0.703,0.445,0.851,-0.139,-0.703,0.848,0.872,0.211,0.723,-0.596,0.866,0.334,0.927,0.86,0.409,0.692,0.24,0.873,0.731,0.357,0.917,0.092,0.477,0.697,-0.219,0.767,0.89,0.318,0.484,-0.592,0.886,0.754,0.862,-0.343,-0.041,-0.148,-0.732,0.753,0.883,-0.664,0.908,0.571
APA,-0.028,-0.881,-0.929,-0.035,0.731,0.478,0.183,0.436,-0.739,0.822,0.0,0.126,0.966,0.604,-0.654,0.809,-0.178,-0.137,0.483,0.341,0.918,0.065,0.758,0.52,0.9,0.93,0.869,0.801,-0.964,0.306,0.886,-0.513,0.849,-0.803,0.184,0.397,0.812,0.558,0.841,0.903,0.202,0.415,0.859,-0.305,0.807,0.403,0.97,-0.316,0.134,0.94,0.944,0.948,0.786,0.49,-0.19,-0.922,0.833,0.81,0.712,0.887,0.966,0.853,0.951,0.197,0.571,0.898,0.331,0.905,0.9,-0.845,0.062,0.715,0.478,-0.838,0.557,0.882,0.732,0.101,0.252,-0.077,0.869,0.839,0.861,0.708,0.805,0.907,0.318,0.939,0.838,0.8,0.789,0.418,0.808,0.695,0.841,-0.741,0.85,-0.248,0.861,0.851,-0.329,-0.124,0.595,-0.145,0.712,0.074,0.919,0.074,0.235,-0.791,-0.737,0.687,-0.143,0.572,0.492,0.714,-0.036,-0.906,0.843,0.056,0.883,-0.932,-0.856,0.872,0.785,-0.885,0.552,0.467,0.1,0.637,0.641,0.565,-0.272,0.031,0.96,0.318,-0.69,0.955,-0.365,-0.801,-0.389,-0.248,0.091,0.403,0.648,0.453,0.693,-0.185,-0.839,-0.765,-0.868,-0.925,0.817,0.903,0.935,0.801,-0.787,-0.802,0.528,0.462,0.936,-0.264,-0.776,0.711,0.882,0.252,0.587,-0.63,0.942,-0.137,0.891,0.933,0.66,0.767,0.021,0.961,0.418,0.217,0.905,0.33,0.084,0.662,0.077,0.924,0.845,0.521,0.438,-0.705,0.95,0.561,0.934,-0.618,-0.395,-0.463,-0.854,0.704,0.853,-0.807,0.857,0.71
APOG,-0.752,0.105,-0.078,0.84,0.047,0.311,0.783,0.641,0.084,0.344,0.126,0.0,0.154,0.612,-0.422,-0.189,0.718,-0.037,0.755,0.809,0.348,0.373,-0.3,0.329,0.31,0.135,0.075,0.397,-0.228,0.814,0.405,-0.502,0.511,0.213,-0.433,-0.283,0.478,-0.421,0.491,-0.068,0.372,0.442,0.076,0.619,0.002,0.19,0.162,0.674,-0.339,0.049,0.105,0.147,0.504,0.469,0.392,-0.08,0.441,0.54,0.41,-0.05,0.01,0.261,0.0,-0.249,-0.263,0.448,0.215,0.143,0.238,-0.093,0.771,0.264,0.563,-0.328,0.463,-0.045,0.188,-0.181,-0.354,-0.346,-0.207,-0.255,0.248,-0.026,0.546,0.114,0.749,0.35,0.469,0.232,0.547,0.802,0.497,-0.32,0.457,0.253,-0.27,-0.491,0.287,-0.191,-0.449,0.798,0.57,0.034,0.559,0.561,-0.012,-0.539,0.137,0.387,0.104,0.72,0.657,0.036,-0.287,0.638,-0.658,-0.083,0.497,0.489,0.241,-0.208,-0.143,0.121,0.298,-0.056,0.729,-0.204,-0.195,0.389,0.667,0.747,0.525,0.782,0.231,-0.318,0.414,0.28,0.644,-0.299,0.365,0.633,0.563,0.67,0.387,-0.201,0.63,0.511,0.01,0.219,0.115,0.05,0.456,0.37,0.148,0.072,0.134,-0.337,0.764,0.642,0.192,-0.371,-0.485,0.639,0.324,0.66,0.585,-0.303,0.337,0.695,0.416,0.336,-0.208,0.441,0.568,0.116,0.525,0.53,0.416,-0.552,0.232,0.677,-0.679,0.262,0.387,-0.297,0.75,0.298,0.275,0.662,0.058,0.567,0.654,0.556,0.073,0.616,0.478,0.181,0.44,-0.396
APPS,-0.052,-0.858,-0.914,-0.012,0.785,0.539,0.226,0.411,-0.72,0.864,0.966,0.154,0.0,0.663,-0.614,0.791,-0.107,-0.099,0.495,0.396,0.947,0.172,0.782,0.53,0.906,0.96,0.916,0.803,-0.944,0.341,0.861,-0.534,0.872,-0.818,0.213,0.407,0.846,0.545,0.873,0.894,0.296,0.402,0.909,-0.3,0.828,0.502,0.967,-0.304,0.087,0.949,0.931,0.932,0.793,0.558,-0.178,-0.944,0.889,0.847,0.795,0.906,0.952,0.872,0.958,0.19,0.561,0.913,0.418,0.915,0.918,-0.806,0.083,0.763,0.571,-0.827,0.607,0.876,0.796,0.201,0.227,-0.059,0.857,0.816,0.841,0.727,0.819,0.893,0.401,0.948,0.891,0.821,0.837,0.435,0.769,0.721,0.87,-0.702,0.844,-0.245,0.883,0.853,-0.251,-0.127,0.58,-0.083,0.685,0.141,0.932,0.097,0.133,-0.764,-0.699,0.687,-0.097,0.647,0.538,0.746,-0.047,-0.871,0.867,0.058,0.836,-0.915,-0.859,0.926,0.847,-0.878,0.603,0.542,0.12,0.738,0.699,0.595,-0.256,0.08,0.941,0.272,-0.617,0.944,-0.341,-0.829,-0.382,-0.218,0.145,0.455,0.636,0.48,0.735,-0.203,-0.827,-0.743,-0.845,-0.911,0.867,0.931,0.932,0.786,-0.789,-0.726,0.552,0.493,0.954,-0.247,-0.763,0.746,0.898,0.244,0.599,-0.574,0.957,-0.05,0.921,0.941,0.649,0.817,0.095,0.966,0.458,0.29,0.937,0.349,0.188,0.663,0.069,0.904,0.907,0.516,0.437,-0.724,0.96,0.605,0.943,-0.601,-0.339,-0.381,-0.848,0.706,0.893,-0.815,0.905,0.733
ARCB,-0.365,-0.333,-0.463,0.525,0.656,0.614,0.696,0.513,-0.282,0.702,0.604,0.612,0.663,0.0,-0.414,0.442,0.553,0.283,0.725,0.804,0.821,0.596,0.25,0.453,0.737,0.601,0.481,0.623,-0.589,0.772,0.768,-0.524,0.788,-0.234,0.129,0.172,0.853,0.138,0.795,0.514,0.703,0.686,0.628,0.278,0.593,0.404,0.61,0.199,-0.1,0.558,0.514,0.55,0.683,0.59,0.313,-0.565,0.89,0.871,0.8,0.443,0.514,0.628,0.478,0.048,0.315,0.817,0.554,0.608,0.76,-0.405,0.667,0.558,0.715,-0.536,0.918,0.524,0.636,0.01,0.116,-0.124,0.288,0.197,0.675,0.615,0.759,0.492,0.761,0.728,0.856,0.485,0.913,0.663,0.63,0.272,0.715,-0.058,0.241,-0.241,0.778,0.399,-0.235,0.376,0.564,0.13,0.737,0.392,0.514,-0.026,0.164,-0.113,-0.203,0.833,0.514,0.522,0.38,0.853,-0.236,-0.428,0.845,0.47,0.553,-0.509,-0.458,0.57,0.63,-0.372,0.817,0.286,0.251,0.844,0.845,0.831,0.3,0.644,0.654,0.165,0.053,0.648,0.355,-0.527,0.012,0.29,0.635,0.791,0.422,0.396,0.749,0.234,-0.364,-0.379,-0.349,-0.451,0.857,0.699,0.609,0.343,-0.294,-0.515,0.806,0.838,0.582,-0.227,-0.636,0.857,0.708,0.667,0.772,-0.219,0.768,0.453,0.775,0.755,0.316,0.846,0.617,0.591,0.601,0.78,0.803,0.005,0.398,0.865,-0.471,0.663,0.831,0.289,0.785,-0.235,0.751,0.678,0.581,0.067,0.315,0.34,-0.314,0.687,0.787,-0.29,0.815,0.128
ARCC,0.566,0.628,0.687,-0.413,-0.207,-0.279,-0.422,-0.754,0.476,-0.666,-0.654,-0.422,-0.614,-0.414,0.0,-0.165,-0.146,0.499,-0.64,-0.548,-0.589,0.114,-0.243,-0.556,-0.568,-0.633,-0.632,-0.656,0.758,-0.515,-0.629,0.668,-0.75,0.511,0.379,0.255,-0.643,0.122,-0.717,-0.456,0.134,-0.184,-0.448,-0.007,-0.314,-0.097,-0.679,-0.183,0.329,-0.586,-0.659,-0.685,-0.814,-0.556,0.12,0.542,-0.534,-0.667,-0.516,-0.515,-0.576,-0.65,-0.607,0.078,0.056,-0.688,-0.099,-0.55,-0.499,0.599,-0.256,-0.585,-0.513,0.833,-0.215,-0.373,-0.359,0.05,0.213,0.498,-0.424,-0.471,-0.566,-0.148,-0.777,-0.722,-0.502,-0.726,-0.627,-0.763,-0.572,-0.736,-0.853,-0.133,-0.792,0.428,-0.422,0.657,-0.527,-0.337,0.612,-0.402,-0.779,0.327,-0.605,-0.239,-0.468,0.458,-0.274,0.322,0.439,-0.642,-0.112,-0.238,0.228,-0.724,0.638,0.816,-0.669,-0.151,-0.683,0.808,0.709,-0.548,-0.557,0.629,-0.629,0.126,0.42,-0.3,-0.644,-0.667,-0.001,-0.241,-0.676,0.251,0.419,-0.75,0.021,0.762,0.103,-0.096,-0.125,-0.49,-0.833,0.221,-0.761,-0.091,0.535,0.276,0.537,0.513,-0.582,-0.74,-0.605,-0.668,0.483,0.865,-0.642,-0.421,-0.705,0.495,0.841,-0.697,-0.673,-0.312,-0.5,0.849,-0.667,-0.195,-0.745,-0.68,-0.186,-0.454,0.037,-0.646,-0.418,-0.104,-0.68,0.329,0.008,-0.659,0.217,-0.73,-0.58,0.2,-0.606,0.183,-0.608,-0.713,-0.576,0.104,0.122,0.255,0.596,-0.854,-0.739,0.467,-0.703,-0.234
ARVN,0.423,-0.725,-0.705,-0.375,0.815,0.485,-0.087,0.059,-0.656,0.549,0.809,-0.189,0.791,0.442,-0.165,0.0,-0.336,0.262,0.124,0.025,0.73,0.137,0.778,0.295,0.746,0.72,0.627,0.539,-0.711,0.022,0.662,-0.119,0.536,-0.684,0.594,0.639,0.593,0.866,0.541,0.884,0.352,0.439,0.791,-0.385,0.823,0.393,0.775,-0.554,0.496,0.776,0.734,0.767,0.398,0.206,-0.122,-0.779,0.647,0.538,0.531,0.75,0.851,0.586,0.783,0.449,0.842,0.66,0.29,0.766,0.801,-0.661,-0.111,0.542,0.167,-0.504,0.559,0.92,0.61,0.063,0.522,0.207,0.827,0.776,0.761,0.837,0.478,0.696,0.011,0.684,0.594,0.428,0.564,-0.032,0.404,0.798,0.496,-0.67,0.811,0.183,0.757,0.886,0.005,-0.462,0.25,0.025,0.501,-0.168,0.859,0.506,0.182,-0.789,-0.582,0.43,-0.281,0.521,0.815,0.374,0.469,-0.615,0.603,0.067,0.652,-0.609,-0.624,0.698,0.569,-0.683,0.198,0.629,0.51,0.566,0.329,0.216,-0.362,-0.122,0.718,0.69,-0.642,0.686,-0.472,-0.437,-0.432,-0.415,0.077,0.193,0.176,0.783,0.337,-0.269,-0.693,-0.879,-0.743,-0.808,0.624,0.597,0.776,0.551,-0.653,-0.442,0.181,0.295,0.679,0.077,-0.407,0.404,0.686,0.091,0.437,-0.174,0.71,-0.392,0.602,0.711,0.825,0.653,-0.052,0.774,0.242,0.158,0.661,0.726,0.081,0.376,0.289,0.704,0.624,0.851,0.139,-0.73,0.782,0.141,0.779,-0.722,-0.441,-0.488,-0.68,0.271,0.552,-0.666,0.572,0.757
ATEC,-0.671,0.396,0.265,0.844,0.08,0.263,0.761,0.4,0.349,0.198,-0.178,0.718,-0.107,0.553,-0.146,-0.336,0.0,0.274,0.599,0.802,0.107,0.64,-0.479,0.284,0.092,-0.107,-0.177,0.151,0.108,0.803,0.157,-0.224,0.289,0.484,-0.261,-0.471,0.331,-0.576,0.268,-0.266,0.586,0.389,-0.039,0.718,-0.149,0.082,-0.109,0.745,-0.506,-0.242,-0.192,-0.146,0.183,0.465,0.643,0.18,0.255,0.317,0.339,-0.302,-0.278,0.036,-0.294,-0.066,-0.297,0.182,0.338,-0.068,-0.0,0.297,0.833,0.106,0.556,-0.048,0.444,-0.295,0.061,-0.057,-0.243,-0.419,-0.483,-0.51,0.02,-0.038,0.302,-0.201,0.734,0.077,0.287,-0.097,0.345,0.589,0.161,-0.407,0.241,0.555,-0.559,-0.257,0.145,-0.423,-0.07,0.784,0.284,0.357,0.337,0.59,-0.23,-0.305,-0.089,0.668,0.518,0.442,0.746,0.036,-0.237,0.485,-0.536,0.242,0.322,0.582,-0.026,0.163,0.102,-0.14,0.023,0.322,0.578,-0.343,0.052,0.29,0.557,0.569,0.649,0.866,-0.11,-0.227,0.74,-0.021,0.87,-0.047,0.54,0.587,0.667,0.63,0.097,-0.083,0.416,0.447,0.425,0.349,0.352,0.313,0.28,0.072,-0.173,-0.218,0.292,-0.028,0.622,0.536,-0.134,-0.014,-0.151,0.518,0.138,0.545,0.492,0.079,0.05,0.849,0.194,0.08,-0.288,0.208,0.635,-0.141,0.527,0.654,0.182,-0.517,0.53,0.507,-0.8,-0.016,0.185,-0.32,0.64,0.473,0.017,0.46,-0.13,0.786,0.853,0.789,0.374,0.317,0.241,0.473,0.242,-0.548
ATXS,0.349,0.221,0.273,-0.087,0.354,0.255,0.067,-0.311,0.13,-0.143,-0.137,-0.037,-0.099,0.283,0.499,0.262,0.274,0.0,-0.22,0.043,0.024,0.594,-0.06,-0.097,0.047,-0.155,-0.294,-0.209,0.252,0.059,-0.058,0.333,-0.136,0.205,0.652,0.223,0.088,0.278,-0.139,0.05,0.692,0.351,0.12,0.099,0.141,0.098,-0.153,-0.13,0.222,-0.115,-0.221,-0.18,-0.335,-0.104,0.371,0.051,0.107,-0.008,0.154,-0.164,-0.114,-0.213,-0.2,0.427,0.398,-0.047,0.273,-0.074,0.08,0.303,0.186,-0.122,-0.023,0.321,0.477,0.122,0.04,0.009,0.405,0.195,-0.157,-0.194,0.042,0.476,-0.2,-0.273,0.039,-0.118,0.003,-0.449,0.082,-0.313,-0.395,0.131,-0.228,0.263,-0.193,0.435,0.207,0.065,0.439,-0.169,-0.286,0.422,-0.051,-0.179,-0.04,0.564,-0.074,0.199,0.462,0.003,0.195,0.187,0.542,-0.07,0.545,0.318,0.014,0.384,-0.226,0.394,0.225,-0.115,-0.103,0.318,-0.106,0.224,0.746,0.335,-0.023,-0.08,0.194,0.187,-0.204,0.536,0.323,-0.2,0.24,0.35,0.004,-0.071,0.385,0.2,-0.572,0.567,-0.163,0.085,0.266,-0.221,0.243,0.12,0.08,-0.247,-0.102,-0.354,0.169,0.351,-0.06,0.243,-0.252,0.457,0.296,-0.01,-0.083,0.083,0.136,0.705,-0.093,0.027,-0.136,-0.062,0.294,0.175,0.248,-0.142,0.058,0.433,-0.053,0.391,0.353,-0.007,-0.07,-0.137,0.033,0.434,0.036,0.067,-0.016,-0.356,-0.01,0.134,0.274,0.336,0.262,-0.323,-0.131,0.236,-0.071,-0.083
AVAV,-0.732,-0.175,-0.352,0.737,0.347,0.507,0.688,0.706,-0.087,0.655,0.483,0.755,0.495,0.725,-0.64,0.124,0.599,-0.22,0.0,0.836,0.629,0.303,0.042,0.585,0.567,0.456,0.383,0.665,-0.568,0.839,0.727,-0.517,0.775,-0.019,-0.364,-0.189,0.701,-0.239,0.776,0.3,0.321,0.588,0.377,0.556,0.358,0.25,0.515,0.613,-0.341,0.329,0.469,0.517,0.74,0.654,0.404,-0.349,0.655,0.709,0.571,0.253,0.402,0.576,0.33,-0.12,0.009,0.691,0.368,0.481,0.528,-0.37,0.751,0.557,0.699,-0.628,0.592,0.243,0.473,-0.04,-0.211,-0.432,0.207,0.122,0.563,0.13,0.848,0.457,0.839,0.625,0.695,0.471,0.718,0.887,0.764,0.039,0.741,-0.081,0.085,-0.406,0.531,0.082,-0.492,0.719,0.682,0.027,0.777,0.707,0.371,-0.46,0.194,0.036,-0.287,0.817,0.472,0.27,-0.072,0.821,-0.629,-0.398,0.765,0.451,0.586,-0.547,-0.401,0.35,0.421,-0.396,0.807,-0.127,-0.077,0.441,0.83,0.809,0.39,0.745,0.538,-0.115,0.085,0.613,0.49,-0.54,0.354,0.401,0.55,0.629,0.705,0.066,0.793,0.254,-0.214,-0.02,-0.29,-0.32,0.659,0.679,0.425,0.469,-0.244,-0.618,0.843,0.669,0.473,-0.315,-0.663,0.835,0.675,0.63,0.761,-0.599,0.618,0.611,0.737,0.607,-0.045,0.558,0.604,0.449,0.684,0.429,0.685,-0.325,0.273,0.859,-0.677,0.564,0.576,-0.087,0.813,-0.062,0.59,0.859,0.384,0.289,0.453,0.255,-0.196,0.757,0.725,-0.091,0.674,-0.05
AXON,-0.746,-0.132,-0.285,0.867,0.319,0.436,0.922,0.733,-0.147,0.573,0.341,0.809,0.396,0.804,-0.548,0.025,0.802,0.043,0.836,0.0,0.574,0.532,-0.113,0.483,0.52,0.389,0.335,0.55,-0.425,0.956,0.554,-0.645,0.715,0.005,-0.265,-0.27,0.753,-0.28,0.705,0.163,0.549,0.441,0.321,0.538,0.195,0.277,0.387,0.573,-0.401,0.279,0.281,0.348,0.686,0.655,0.352,-0.308,0.662,0.769,0.641,0.189,0.223,0.451,0.226,-0.147,-0.077,0.662,0.329,0.362,0.47,-0.268,0.821,0.493,0.724,-0.502,0.65,0.155,0.355,-0.12,-0.21,-0.442,-0.054,-0.093,0.454,0.235,0.733,0.332,0.836,0.585,0.711,0.419,0.745,0.878,0.641,-0.155,0.693,0.149,-0.083,-0.554,0.525,0.022,-0.399,0.729,0.678,0.108,0.696,0.578,0.209,-0.376,0.077,0.25,0.06,0.817,0.726,0.195,-0.084,0.875,-0.669,-0.278,0.716,0.542,0.414,-0.394,-0.368,0.362,0.503,-0.176,0.898,-0.106,-0.121,0.605,0.855,0.917,0.453,0.863,0.436,-0.209,0.298,0.494,0.606,-0.492,0.197,0.576,0.655,0.867,0.47,-0.029,0.81,0.467,-0.141,-0.022,-0.103,-0.152,0.697,0.551,0.34,0.182,-0.05,-0.494,0.915,0.779,0.413,-0.388,-0.661,0.869,0.587,0.748,0.731,-0.328,0.556,0.708,0.627,0.558,0.034,0.628,0.567,0.358,0.615,0.751,0.641,-0.443,0.385,0.84,-0.704,0.501,0.623,-0.164,0.889,0.14,0.474,0.815,0.305,0.436,0.577,0.52,-0.116,0.755,0.696,0.006,0.7,-0.199
BANF,-0.175,-0.743,-0.825,0.177,0.787,0.557,0.413,0.474,-0.616,0.873,0.918,0.348,0.947,0.821,-0.589,0.73,0.107,0.024,0.629,0.574,0.0,0.32,0.665,0.535,0.927,0.902,0.83,0.829,-0.895,0.528,0.911,-0.579,0.918,-0.657,0.169,0.357,0.909,0.445,0.928,0.83,0.463,0.534,0.868,-0.13,0.787,0.543,0.913,-0.145,0.034,0.885,0.862,0.854,0.813,0.623,-0.045,-0.882,0.96,0.923,0.847,0.815,0.876,0.85,0.864,0.105,0.533,0.948,0.489,0.895,0.933,-0.745,0.302,0.754,0.652,-0.786,0.759,0.82,0.815,0.122,0.216,-0.086,0.724,0.66,0.848,0.743,0.858,0.817,0.518,0.949,0.955,0.773,0.926,0.566,0.797,0.616,0.893,-0.568,0.687,-0.285,0.911,0.769,-0.281,0.051,0.616,0.015,0.767,0.266,0.866,0.041,0.164,-0.594,-0.574,0.812,0.104,0.637,0.502,0.838,-0.136,-0.772,0.929,0.194,0.819,-0.848,-0.789,0.865,0.835,-0.774,0.739,0.466,0.153,0.812,0.813,0.726,-0.081,0.295,0.92,0.253,-0.431,0.917,-0.111,-0.793,-0.289,-0.046,0.307,0.598,0.61,0.48,0.802,-0.051,-0.728,-0.675,-0.722,-0.833,0.925,0.918,0.905,0.672,-0.68,-0.714,0.696,0.632,0.899,-0.27,-0.786,0.845,0.911,0.425,0.721,-0.522,0.973,0.125,0.934,0.958,0.577,0.881,0.284,0.913,0.548,0.471,0.967,0.221,0.257,0.791,-0.13,0.897,0.944,0.493,0.599,-0.601,0.954,0.683,0.881,-0.408,-0.126,-0.169,-0.728,0.763,0.916,-0.698,0.937,0.571
BATRK,-0.125,0.147,0.05,0.339,0.54,0.257,0.418,-0.021,0.146,0.375,0.065,0.373,0.172,0.596,0.114,0.137,0.64,0.594,0.303,0.532,0.32,0.0,0.028,0.246,0.364,0.198,0.114,0.278,-0.016,0.467,0.266,-0.117,0.314,0.093,0.152,0.128,0.386,-0.076,0.309,0.037,0.863,0.462,0.383,0.245,0.236,0.328,0.144,0.205,-0.329,0.07,0.085,0.03,0.052,0.516,0.494,-0.197,0.497,0.375,0.556,0.103,-0.001,0.263,0.036,0.307,0.137,0.263,0.683,0.239,0.189,0.228,0.501,0.096,0.646,-0.041,0.565,0.031,0.434,0.413,0.141,-0.017,-0.088,-0.116,0.085,0.454,0.207,-0.157,0.563,0.219,0.423,-0.008,0.468,0.163,0.038,0.145,0.286,0.262,-0.165,0.062,0.392,-0.016,0.358,0.201,-0.001,0.686,0.271,0.464,0.149,0.107,-0.442,0.198,0.312,0.287,0.318,0.486,0.377,0.389,-0.024,0.13,0.395,0.24,0.083,0.088,-0.026,0.222,0.316,0.091,0.449,0.323,0.483,0.611,0.491,0.372,0.359,0.512,0.07,0.09,0.521,0.098,0.413,-0.178,0.224,0.072,0.402,0.438,-0.055,0.47,0.307,-0.006,0.232,0.006,0.028,-0.04,0.447,0.209,0.065,-0.057,-0.111,0.188,0.45,0.387,0.079,0.34,0.006,0.48,0.224,0.249,0.501,0.318,0.224,0.62,0.28,0.25,0.09,0.39,0.62,0.142,0.558,0.662,0.339,0.027,0.819,0.342,-0.414,0.022,0.44,0.209,0.264,-0.093,0.272,0.256,0.244,0.234,0.572,0.575,0.068,0.111,0.282,0.087,0.384,-0.062
BIDU,0.374,-0.755,-0.715,-0.518,0.701,0.233,-0.294,-0.147,-0.536,0.63,0.758,-0.3,0.782,0.25,-0.243,0.778,-0.479,-0.06,0.042,-0.113,0.665,0.028,0.0,0.296,0.64,0.785,0.794,0.54,-0.663,-0.148,0.552,-0.168,0.526,-0.793,0.392,0.59,0.443,0.66,0.529,0.817,0.129,0.164,0.815,-0.667,0.716,0.547,0.753,-0.655,0.168,0.823,0.792,0.666,0.353,0.378,-0.417,-0.788,0.584,0.425,0.525,0.822,0.833,0.642,0.85,0.219,0.633,0.517,0.447,0.778,0.658,-0.586,-0.349,0.503,0.29,-0.521,0.282,0.781,0.783,0.446,0.393,0.163,0.908,0.853,0.543,0.631,0.37,0.638,-0.065,0.627,0.567,0.593,0.454,-0.062,0.351,0.909,0.534,-0.792,0.878,0.119,0.583,0.844,0.165,-0.599,0.06,0.1,0.209,-0.018,0.877,0.369,-0.055,-0.905,-0.673,0.212,-0.511,0.718,0.668,0.275,0.321,-0.658,0.494,-0.345,0.585,-0.671,-0.644,0.749,0.588,-0.752,0.168,0.632,0.23,0.461,0.294,0.078,-0.465,-0.365,0.685,0.341,-0.679,0.66,-0.637,-0.605,-0.487,-0.63,-0.227,-0.058,0.375,0.595,0.281,-0.627,-0.656,-0.703,-0.807,-0.891,0.491,0.623,0.762,0.665,-0.848,-0.343,0.062,-0.036,0.713,0.08,-0.309,0.295,0.586,-0.263,0.204,-0.348,0.65,-0.312,0.589,0.638,0.571,0.43,-0.131,0.785,0.187,-0.048,0.622,0.57,0.168,0.146,0.43,0.589,0.622,0.705,-0.107,-0.909,0.691,0.165,0.808,-0.864,-0.582,-0.58,-0.754,0.227,0.481,-0.89,0.554,0.931
BLNE,-0.446,-0.331,-0.43,0.286,0.454,0.47,0.311,0.376,-0.206,0.638,0.52,0.329,0.53,0.453,-0.556,0.295,0.284,-0.097,0.585,0.483,0.535,0.246,0.296,0.0,0.547,0.535,0.466,0.574,-0.561,0.534,0.585,-0.264,0.685,-0.304,0.013,-0.186,0.621,0.023,0.654,0.423,0.261,0.402,0.503,0.123,0.418,0.327,0.554,0.256,-0.321,0.424,0.547,0.546,0.54,0.66,0.279,-0.534,0.5,0.524,0.599,0.362,0.503,0.517,0.458,0.121,0.225,0.576,0.433,0.536,0.513,-0.353,0.336,0.536,0.606,-0.691,0.433,0.393,0.516,0.127,0.079,-0.528,0.4,0.368,0.619,0.285,0.683,0.487,0.594,0.595,0.59,0.344,0.487,0.512,0.526,0.301,0.66,-0.406,0.297,-0.137,0.545,0.311,-0.161,0.283,0.389,0.138,0.534,0.394,0.501,-0.064,-0.04,-0.234,-0.211,0.552,0.096,0.454,0.145,0.625,-0.277,-0.511,0.667,0.381,0.573,-0.532,-0.543,0.396,0.342,-0.478,0.494,-0.072,0.103,0.35,0.675,0.482,0.17,0.358,0.467,0.131,-0.143,0.616,0.143,-0.534,0.17,-0.118,0.422,0.395,0.518,0.268,0.624,-0.16,-0.221,-0.29,-0.507,-0.494,0.518,0.598,0.436,0.564,-0.514,-0.556,0.533,0.4,0.467,0.017,-0.497,0.673,0.641,0.116,0.532,-0.493,0.529,0.316,0.665,0.592,0.157,0.366,0.17,0.522,0.63,0.235,0.626,0.019,0.346,0.532,-0.371,0.521,0.495,0.114,0.498,-0.301,0.576,0.536,0.579,-0.035,0.121,-0.071,-0.372,0.503,0.642,-0.291,0.577,0.316
BLNK,-0.13,-0.732,-0.845,0.14,0.815,0.476,0.384,0.449,-0.635,0.868,0.9,0.31,0.906,0.737,-0.568,0.746,0.092,0.047,0.567,0.52,0.927,0.364,0.64,0.547,0.0,0.903,0.815,0.878,-0.885,0.491,0.894,-0.569,0.896,-0.675,0.124,0.359,0.871,0.454,0.881,0.772,0.499,0.497,0.859,-0.159,0.752,0.51,0.92,-0.168,0.014,0.842,0.875,0.86,0.746,0.645,-0.015,-0.887,0.913,0.887,0.823,0.816,0.846,0.875,0.864,0.261,0.506,0.917,0.456,0.9,0.852,-0.709,0.23,0.721,0.658,-0.794,0.664,0.765,0.757,0.157,0.221,-0.133,0.709,0.691,0.796,0.776,0.818,0.765,0.474,0.936,0.907,0.716,0.886,0.496,0.787,0.59,0.876,-0.573,0.654,-0.303,0.893,0.732,-0.258,0.018,0.617,0.125,0.795,0.237,0.868,0.033,0.015,-0.597,-0.526,0.761,0.018,0.595,0.478,0.806,-0.127,-0.75,0.91,0.169,0.855,-0.817,-0.835,0.868,0.845,-0.789,0.694,0.479,0.182,0.775,0.773,0.702,-0.1,0.27,0.873,0.247,-0.41,0.89,-0.183,-0.832,-0.247,-0.102,0.21,0.562,0.565,0.514,0.804,-0.102,-0.704,-0.675,-0.748,-0.826,0.901,0.895,0.86,0.652,-0.719,-0.656,0.698,0.549,0.878,-0.193,-0.756,0.836,0.898,0.368,0.738,-0.515,0.929,0.146,0.879,0.93,0.644,0.836,0.196,0.913,0.619,0.428,0.945,0.215,0.337,0.759,-0.145,0.854,0.912,0.54,0.517,-0.587,0.942,0.666,0.88,-0.421,-0.11,-0.2,-0.755,0.728,0.884,-0.649,0.9,0.569
BTAI,-0.059,-0.866,-0.919,-0.014,0.764,0.392,0.208,0.378,-0.701,0.896,0.93,0.135,0.96,0.601,-0.633,0.72,-0.107,-0.155,0.456,0.389,0.902,0.198,0.785,0.535,0.903,0.0,0.948,0.821,-0.922,0.313,0.805,-0.594,0.857,-0.846,0.115,0.371,0.804,0.472,0.851,0.837,0.283,0.317,0.893,-0.373,0.75,0.526,0.962,-0.325,-0.017,0.931,0.934,0.895,0.765,0.621,-0.229,-0.935,0.865,0.822,0.786,0.934,0.908,0.918,0.959,0.185,0.457,0.873,0.452,0.899,0.832,-0.747,0.026,0.726,0.626,-0.836,0.495,0.801,0.794,0.279,0.195,-0.062,0.824,0.821,0.757,0.71,0.775,0.845,0.366,0.928,0.864,0.847,0.799,0.412,0.764,0.688,0.885,-0.695,0.815,-0.326,0.822,0.801,-0.195,-0.137,0.548,0.002,0.64,0.152,0.908,0.055,0.014,-0.759,-0.639,0.617,-0.156,0.67,0.458,0.724,-0.122,-0.86,0.829,-0.056,0.805,-0.9,-0.86,0.95,0.889,-0.864,0.61,0.53,0.05,0.709,0.688,0.582,-0.225,0.033,0.913,0.153,-0.582,0.918,-0.375,-0.896,-0.42,-0.253,0.047,0.411,0.653,0.421,0.726,-0.264,-0.776,-0.688,-0.857,-0.895,0.831,0.92,0.904,0.772,-0.827,-0.683,0.551,0.39,0.957,-0.233,-0.751,0.739,0.87,0.169,0.561,-0.577,0.926,-0.01,0.888,0.911,0.623,0.754,0.028,0.958,0.484,0.271,0.914,0.259,0.26,0.603,0.1,0.859,0.911,0.452,0.369,-0.721,0.921,0.622,0.941,-0.614,-0.351,-0.374,-0.879,0.711,0.868,-0.83,0.904,0.744
BYND,-0.082,-0.87,-0.92,-0.051,0.645,0.297,0.175,0.348,-0.703,0.848,0.869,0.075,0.916,0.481,-0.632,0.627,-0.177,-0.294,0.383,0.335,0.83,0.114,0.794,0.466,0.815,0.948,0.0,0.789,-0.874,0.254,0.713,-0.624,0.805,-0.87,0.045,0.314,0.727,0.424,0.806,0.75,0.155,0.123,0.83,-0.446,0.652,0.533,0.901,-0.349,-0.08,0.907,0.888,0.827,0.731,0.608,-0.406,-0.911,0.782,0.757,0.715,0.92,0.857,0.852,0.949,0.08,0.38,0.797,0.361,0.869,0.75,-0.764,-0.076,0.718,0.563,-0.806,0.356,0.723,0.75,0.308,0.136,-0.07,0.799,0.795,0.646,0.586,0.708,0.817,0.281,0.882,0.819,0.897,0.717,0.389,0.727,0.645,0.864,-0.713,0.801,-0.399,0.718,0.764,-0.2,-0.186,0.52,-0.037,0.534,0.181,0.858,-0.036,-0.074,-0.753,-0.657,0.535,-0.208,0.608,0.37,0.668,-0.193,-0.837,0.748,-0.182,0.78,-0.892,-0.867,0.948,0.879,-0.866,0.576,0.515,-0.126,0.631,0.636,0.53,-0.314,-0.019,0.868,0.019,-0.595,0.868,-0.436,-0.909,-0.452,-0.253,-0.079,0.336,0.653,0.29,0.695,-0.304,-0.801,-0.626,-0.831,-0.876,0.77,0.887,0.871,0.759,-0.813,-0.626,0.498,0.287,0.948,-0.307,-0.715,0.667,0.806,0.095,0.464,-0.62,0.865,0.0,0.819,0.841,0.554,0.668,-0.06,0.928,0.415,0.183,0.855,0.197,0.226,0.51,0.139,0.807,0.853,0.393,0.282,-0.712,0.83,0.62,0.873,-0.633,-0.382,-0.407,-0.887,0.679,0.81,-0.858,0.853,0.757
CAN,-0.317,-0.629,-0.77,0.244,0.682,0.338,0.388,0.518,-0.481,0.88,0.801,0.397,0.803,0.623,-0.656,0.539,0.151,-0.209,0.665,0.55,0.829,0.278,0.54,0.574,0.878,0.821,0.789,0.0,-0.847,0.531,0.863,-0.557,0.892,-0.584,-0.165,0.131,0.782,0.227,0.873,0.612,0.346,0.407,0.744,-0.085,0.608,0.496,0.855,0.015,-0.158,0.703,0.842,0.783,0.735,0.755,-0.021,-0.774,0.796,0.796,0.738,0.727,0.744,0.854,0.787,0.19,0.339,0.818,0.413,0.911,0.673,-0.647,0.256,0.76,0.694,-0.836,0.461,0.589,0.697,0.173,0.011,-0.245,0.628,0.639,0.668,0.532,0.836,0.707,0.527,0.875,0.841,0.76,0.779,0.582,0.834,0.456,0.9,-0.558,0.518,-0.431,0.74,0.584,-0.303,0.177,0.648,0.187,0.802,0.467,0.779,-0.248,-0.075,-0.5,-0.506,0.735,-0.037,0.519,0.198,0.783,-0.376,-0.673,0.86,0.11,0.9,-0.789,-0.813,0.784,0.776,-0.781,0.713,0.277,-0.013,0.563,0.797,0.686,-0.027,0.321,0.789,0.028,-0.316,0.849,-0.089,-0.868,-0.034,-0.034,0.11,0.467,0.7,0.318,0.84,-0.168,-0.59,-0.475,-0.701,-0.744,0.813,0.901,0.761,0.681,-0.723,-0.653,0.74,0.431,0.821,-0.196,-0.73,0.83,0.885,0.302,0.753,-0.685,0.838,0.325,0.859,0.865,0.453,0.656,0.171,0.86,0.718,0.262,0.888,0.031,0.354,0.734,-0.29,0.758,0.801,0.357,0.494,-0.473,0.833,0.779,0.78,-0.281,0.018,-0.198,-0.729,0.759,0.854,-0.565,0.837,0.49
CCEC,0.184,0.873,0.94,-0.092,-0.657,-0.491,-0.277,-0.583,0.749,-0.844,-0.964,-0.228,-0.944,-0.589,0.758,-0.711,0.108,0.252,-0.568,-0.425,-0.895,-0.016,-0.663,-0.561,-0.885,-0.922,-0.874,-0.847,0.0,-0.391,-0.871,0.603,-0.882,0.799,-0.041,-0.243,-0.835,-0.464,-0.871,-0.837,-0.137,-0.356,-0.795,0.211,-0.728,-0.393,-0.968,0.184,-0.08,-0.895,-0.935,-0.962,-0.853,-0.525,0.204,0.894,-0.809,-0.836,-0.689,-0.857,-0.937,-0.856,-0.93,-0.17,-0.47,-0.92,-0.243,-0.89,-0.861,0.874,-0.111,-0.773,-0.5,0.92,-0.496,-0.825,-0.659,-0.026,-0.111,0.172,-0.817,-0.807,-0.857,-0.605,-0.875,-0.945,-0.392,-0.957,-0.843,-0.844,-0.792,-0.531,-0.88,-0.579,-0.892,0.718,-0.792,0.406,-0.832,-0.785,0.463,-0.017,-0.735,0.209,-0.777,-0.144,-0.878,0.081,-0.234,0.722,0.72,-0.74,0.083,-0.476,-0.342,-0.768,0.211,0.922,-0.859,-0.118,-0.899,0.965,0.902,-0.874,-0.812,0.911,-0.613,-0.365,0.04,-0.583,-0.692,-0.641,0.233,-0.117,-0.94,-0.191,0.659,-0.966,0.305,0.848,0.327,0.133,-0.118,-0.466,-0.72,-0.315,-0.789,0.108,0.85,0.695,0.848,0.877,-0.829,-0.939,-0.912,-0.824,0.746,0.858,-0.602,-0.504,-0.955,0.374,0.864,-0.76,-0.922,-0.307,-0.625,0.728,-0.937,0.051,-0.914,-0.931,-0.614,-0.763,0.002,-0.953,-0.463,-0.187,-0.914,-0.216,-0.049,-0.716,0.012,-0.941,-0.829,-0.391,-0.514,0.605,-0.928,-0.673,-0.883,0.524,0.331,0.444,0.865,-0.802,-0.905,0.749,-0.874,-0.644
CDW,-0.779,-0.056,-0.231,0.856,0.28,0.467,0.917,0.724,-0.071,0.523,0.306,0.814,0.341,0.772,-0.515,0.022,0.803,0.059,0.839,0.956,0.528,0.467,-0.148,0.534,0.491,0.313,0.254,0.531,-0.391,0.0,0.559,-0.563,0.705,0.079,-0.238,-0.32,0.728,-0.277,0.68,0.14,0.528,0.47,0.273,0.587,0.184,0.275,0.336,0.618,-0.359,0.217,0.245,0.3,0.656,0.643,0.395,-0.266,0.597,0.72,0.602,0.079,0.197,0.372,0.171,-0.175,-0.041,0.624,0.306,0.348,0.463,-0.259,0.837,0.489,0.664,-0.503,0.66,0.138,0.327,-0.217,-0.195,-0.51,-0.078,-0.14,0.487,0.181,0.724,0.3,0.824,0.543,0.672,0.326,0.703,0.881,0.603,-0.177,0.646,0.147,-0.132,-0.483,0.501,0.005,-0.42,0.749,0.645,0.113,0.687,0.585,0.184,-0.356,0.111,0.296,0.094,0.833,0.748,0.16,-0.096,0.85,-0.641,-0.231,0.7,0.647,0.416,-0.347,-0.349,0.268,0.392,-0.149,0.865,-0.214,-0.084,0.53,0.846,0.887,0.518,0.9,0.387,-0.135,0.324,0.451,0.662,-0.423,0.311,0.585,0.753,0.847,0.447,-0.013,0.796,0.452,-0.106,-0.035,-0.076,-0.129,0.65,0.511,0.312,0.152,-0.014,-0.494,0.896,0.785,0.343,-0.357,-0.62,0.842,0.573,0.727,0.73,-0.336,0.509,0.72,0.594,0.526,-0.001,0.581,0.555,0.311,0.644,0.731,0.608,-0.431,0.325,0.825,-0.791,0.472,0.545,-0.111,0.898,0.192,0.446,0.792,0.254,0.497,0.62,0.54,-0.048,0.707,0.657,0.061,0.623,-0.24
CDXS,-0.255,-0.611,-0.75,0.235,0.746,0.526,0.379,0.515,-0.458,0.843,0.886,0.405,0.861,0.768,-0.629,0.662,0.157,-0.058,0.727,0.554,0.911,0.266,0.552,0.585,0.894,0.805,0.713,0.863,-0.871,0.559,0.0,-0.47,0.904,-0.52,0.024,0.261,0.849,0.299,0.897,0.759,0.375,0.646,0.798,0.003,0.76,0.397,0.875,-0.004,-0.029,0.774,0.846,0.835,0.779,0.633,0.12,-0.776,0.877,0.841,0.78,0.688,0.816,0.843,0.776,0.162,0.465,0.889,0.475,0.872,0.841,-0.672,0.38,0.684,0.644,-0.808,0.691,0.717,0.753,0.122,0.168,-0.171,0.681,0.618,0.818,0.621,0.875,0.747,0.581,0.897,0.883,0.695,0.866,0.604,0.848,0.538,0.853,-0.512,0.585,-0.229,0.862,0.638,-0.355,0.173,0.617,0.043,0.827,0.361,0.805,-0.091,0.22,-0.524,-0.584,0.817,0.067,0.569,0.376,0.808,-0.208,-0.73,0.91,0.243,0.888,-0.805,-0.737,0.722,0.686,-0.745,0.706,0.314,0.169,0.654,0.792,0.693,0.031,0.332,0.868,0.252,-0.373,0.893,-0.015,-0.744,-0.031,-0.055,0.307,0.528,0.702,0.452,0.784,-0.088,-0.615,-0.578,-0.706,-0.769,0.841,0.896,0.817,0.716,-0.675,-0.756,0.71,0.599,0.796,-0.173,-0.725,0.834,0.878,0.415,0.759,-0.621,0.904,0.211,0.916,0.909,0.432,0.769,0.318,0.856,0.638,0.353,0.92,0.156,0.256,0.831,-0.284,0.845,0.829,0.447,0.613,-0.529,0.922,0.695,0.825,-0.293,-0.039,-0.161,-0.628,0.743,0.866,-0.574,0.852,0.46
