,ABEO,ACHC,AGNCN,AKAM,AKRO,ALRM,AMAT,AMED,AMRN,ANGI,APA,APOG,APPS,ARCB,ARCC,ARVN,ATEC,ATXS,AVAV,AXON,BANF,BATRK,BIDU,BLNE,BLNK,BTAI,BYND,CAN,CCEC,CDW,CDXS,CELH,CGNX,CHKP,CHRS,CHRW,CIGI,CKPT,CMPR,COGT,CRNC,CRSP,CSTL,CTSH,CVGW,DGLY,DNLI,DOCU,DVAX,EBAY,EHTH,ERII,ESLT,EXPE,EXPO,FBIOP,FFBC,FFIN,FOXF,FWRD,GDS,GERN,GPRE,GRWG,GRYP,HEES,HELE,HIVE,HON,HRTX,HSTM,HURA,IART,IBKR,IBOC,IBRX,IDXX,INGN,INM,INVA,IQ,IRBT,KDP,KPTI,KTOS,KXIN,LAMR,LFUS,LGIH,LGMK,LKFN,LNW,LOPE,LPSN,LYFT,MGNX,MLCO,MNST,MODV,MSTR,MTCH,MYGN,MYRG,NCMI,NEXT,NFLX,NIU,NKTR,NRC,NTNX,NTRA,NVEE,NVMI,NWL,NWS,NXPI,OCGN,OCSL,OKTA,OLLI,OTLK,OXLC,PAA,PARA,PARAA,PDCO,PDFS,PFG,PGEN,PNFP,PODD,POWI,PSMT,PTC,PTEN,PVLA,RDNT,RDUS,RDWR,REGN,RNAC,ROCK,ROST,RRR,RSLS,RVMD,RYAAY,SAFT,SAGE,SAVA,SBGI,SFM,SFNC,SHYF,SIBN,SIFY,SIGI,SIMO,SITM,SLM,SNBR,SNDX,SNY,SPNS,SRRK,STRA,SUPN,SYRE,TCBK,TEAM,TECH,THRM,TLRY,TRMK,TROW,TSLA,TWST,TXN,UFPI,UNIT,UPWK,USLM,UTHR,VERB,VLY,VRNA,VRRM,VXRT,WAFD,WATT,WBA,WING,WIX,WTFC,WTW,XPEL,XRX,YMAB,ZG,ZLAB
ABEO,0.0,-0.888,0.406,0.678,0.546,-0.54,0.695,-0.787,0.254,-0.567,0.663,0.756,0.115,-0.266,0.872,-0.144,-0.547,0.133,0.859,0.876,-0.554,-0.78,0.882,-0.415,0.098,-0.448,0.178,-0.038,0.739,-0.022,0.492,-0.846,0.55,0.156,-0.475,0.739,0.445,-0.236,-0.512,0.258,0.575,-0.596,-0.589,-0.002,-0.191,-0.797,-0.471,0.909,-0.124,0.729,0.629,0.668,0.785,0.809,0.763,-0.822,-0.64,-0.401,0.159,0.176,0.809,-0.459,0.341,0.107,0.568,0.805,0.695,0.139,0.2,0.668,0.204,0.553,-0.18,0.893,-0.708,0.028,-0.644,-0.904,-0.78,-0.026,0.856,0.796,-0.457,0.659,0.848,0.788,0.473,0.482,-0.089,-0.684,-0.602,-0.729,-0.478,0.675,0.375,0.088,0.893,-0.151,0.015,0.892,0.781,-0.481,0.758,-0.428,0.159,0.53,0.897,0.321,-0.574,0.098,0.385,0.307,0.382,-0.1,-0.005,0.384,-0.805,0.736,-0.443,-0.51,-0.792,0.309,-0.223,0.291,0.327,-0.554,0.574,0.659,-0.767,-0.037,-0.296,0.741,0.623,0.525,0.1,-0.533,0.266,0.597,0.744,-0.84,0.737,0.274,-0.76,0.298,-0.843,0.751,-0.186,-0.72,-0.835,-0.432,0.867,0.844,0.259,-0.62,-0.784,-0.549,0.415,0.662,0.806,0.733,-0.061,0.495,-0.676,0.468,0.51,-0.815,0.292,-0.361,-0.619,0.284,0.09,-0.734,-0.628,-0.414,0.246,0.605,-0.601,0.225,0.544,0.588,0.384,0.615,0.595,-0.557,0.248,0.377,-0.018,-0.762,-0.749,-0.745,-0.256,0.187,0.139,-0.026,0.314,-0.468,0.351,0.209,0.184,0.87
ACHC,-0.888,0.0,-0.524,-0.589,-0.453,0.68,-0.631,0.866,-0.354,0.722,-0.591,-0.733,-0.271,0.426,-0.794,0.121,0.595,0.057,-0.767,-0.805,0.697,0.847,-0.913,0.269,-0.224,0.387,-0.21,-0.054,-0.757,0.134,-0.48,0.825,-0.473,-0.021,0.353,-0.646,-0.32,0.292,0.696,-0.111,-0.623,0.609,0.642,-0.171,0.118,0.754,0.555,-0.874,0.132,-0.712,-0.652,-0.532,-0.831,-0.711,-0.663,0.705,0.747,0.567,0.05,-0.02,-0.707,0.564,-0.309,-0.138,-0.621,-0.69,-0.694,-0.061,-0.194,-0.596,-0.241,-0.65,0.158,-0.844,0.762,-0.133,0.669,0.882,0.712,-0.141,-0.902,-0.861,0.53,-0.747,-0.803,-0.859,-0.286,-0.345,0.167,0.673,0.71,0.742,0.568,-0.808,-0.218,-0.227,-0.914,0.214,-0.163,-0.871,-0.722,0.476,-0.717,0.427,-0.119,-0.386,-0.925,-0.371,0.571,0.052,-0.428,-0.269,-0.276,-0.066,0.106,-0.391,0.741,-0.844,0.641,0.656,0.707,-0.358,0.421,-0.302,-0.18,0.587,-0.538,-0.522,0.751,0.228,0.472,-0.723,-0.574,-0.466,0.03,0.637,-0.068,-0.545,-0.671,0.823,-0.769,-0.173,0.807,-0.398,0.759,-0.654,0.347,0.672,0.814,0.553,-0.826,-0.772,-0.089,0.67,0.798,0.381,-0.42,-0.781,-0.723,-0.644,0.065,-0.567,0.71,-0.418,-0.47,0.823,-0.362,0.492,0.71,-0.213,0.029,0.795,0.507,0.52,-0.123,-0.482,0.641,-0.145,-0.405,-0.724,-0.238,-0.436,-0.434,0.642,-0.106,-0.367,0.193,0.62,0.725,0.562,0.057,-0.005,-0.039,0.176,-0.415,0.351,-0.389,-0.2,-0.004,-0.951
AGNCN,0.406,-0.524,0.0,-0.022,-0.009,-0.573,-0.022,-0.698,0.47,-0.565,0.361,0.193,-0.024,-0.595,0.228,0.162,-0.43,-0.119,0.266,0.272,-0.583,-0.505,0.387,0.123,0.183,-0.023,-0.363,0.053,0.27,-0.486,0.032,-0.367,-0.044,-0.443,0.119,0.019,0.022,-0.191,-0.637,-0.299,0.379,-0.385,-0.144,0.066,0.105,-0.172,-0.39,0.287,0.3,0.28,0.165,-0.025,0.527,0.026,0.064,-0.136,-0.547,-0.546,-0.413,-0.41,0.155,-0.368,-0.146,0.05,0.136,0.142,0.21,-0.553,-0.21,0.167,0.425,0.285,-0.349,0.265,-0.46,-0.182,-0.522,-0.273,-0.144,0.531,0.393,0.322,-0.532,0.7,0.419,0.543,-0.264,-0.193,-0.18,-0.623,-0.48,-0.201,-0.514,0.266,-0.403,0.658,0.36,-0.491,0.399,0.213,0.059,-0.05,0.255,-0.574,-0.163,-0.155,0.47,0.657,-0.421,-0.501,0.482,-0.125,-0.244,0.267,-0.425,-0.201,-0.153,0.421,-0.674,-0.697,-0.175,0.445,-0.446,-0.142,0.047,-0.503,-0.09,-0.099,-0.142,-0.518,-0.54,0.127,0.146,-0.13,0.02,-0.13,-0.348,-0.038,0.177,-0.183,0.397,0.019,-0.508,0.015,-0.174,0.27,-0.65,-0.483,-0.331,-0.537,0.237,0.197,-0.24,-0.437,-0.232,-0.02,0.158,0.347,0.06,0.033,-0.129,0.628,-0.408,-0.076,0.114,-0.406,0.579,-0.405,-0.468,0.032,-0.218,-0.597,-0.268,-0.357,-0.334,-0.17,-0.567,-0.366,-0.079,0.272,-0.227,-0.15,-0.212,-0.228,-0.183,0.339,-0.416,0.066,-0.288,-0.044,0.266,-0.297,-0.579,-0.441,0.443,-0.062,0.202,0.374,-0.335,0.562
AKAM,0.678,-0.589,-0.022,0.0,0.778,-0.086,0.833,-0.417,0.061,-0.083,0.539,0.65,0.247,0.285,0.89,-0.264,-0.26,0.326,0.707,0.796,-0.154,-0.444,0.718,-0.787,-0.015,-0.212,0.521,0.127,0.667,0.453,0.594,-0.58,0.791,0.595,-0.758,0.818,0.73,-0.073,-0.037,0.538,0.233,-0.219,-0.534,0.225,-0.06,-0.767,0.048,0.769,-0.158,0.758,0.652,0.835,0.381,0.914,0.898,-0.722,-0.219,0.085,0.664,0.564,0.804,-0.149,0.645,0.232,0.726,0.81,0.826,0.61,0.488,0.709,0.245,0.395,0.106,0.825,-0.359,0.128,-0.129,-0.812,-0.852,-0.234,0.7,0.756,0.059,0.292,0.71,0.494,0.873,0.775,0.302,-0.414,-0.21,-0.688,0.099,0.581,0.704,-0.426,0.735,0.345,-0.49,0.822,0.808,-0.278,0.784,0.161,0.475,0.834,0.624,-0.048,-0.162,0.253,0.285,0.578,0.409,-0.002,0.438,0.664,-0.84,0.7,0.108,0.092,-0.898,-0.16,0.245,0.633,0.232,-0.026,0.785,0.878,-0.571,0.44,0.281,0.821,0.765,0.843,0.139,-0.526,0.707,0.834,0.798,-0.757,0.466,0.477,-0.365,0.379,-0.773,0.682,0.196,-0.241,-0.531,-0.102,0.832,0.832,0.598,-0.086,-0.665,-0.573,0.605,0.421,0.865,0.837,0.28,0.239,-0.376,0.711,0.275,-0.43,-0.059,-0.119,-0.262,0.051,0.421,-0.225,-0.263,-0.063,0.667,0.812,-0.058,0.536,0.82,0.672,0.726,0.847,0.756,-0.567,0.576,0.17,0.347,-0.74,-0.484,-0.791,-0.268,0.605,0.585,0.397,0.237,-0.168,0.481,-0.112,0.617,0.573
AKRO,0.546,-0.453,-0.009,0.778,0.0,-0.022,0.842,-0.236,0.273,0.081,0.321,0.411,0.259,0.41,0.74,-0.316,-0.171,0.309,0.582,0.577,-0.089,-0.272,0.65,-0.825,-0.321,-0.157,0.656,0.229,0.744,0.511,0.645,-0.363,0.848,0.419,-0.721,0.809,0.911,-0.127,0.15,0.507,-0.018,-0.047,-0.628,0.186,-0.094,-0.704,0.257,0.623,0.15,0.532,0.524,0.781,0.151,0.809,0.869,-0.6,-0.075,0.194,0.724,0.435,0.763,0.069,0.627,0.228,0.773,0.726,0.726,0.585,0.443,0.814,0.428,0.394,0.072,0.65,-0.272,0.274,0.105,-0.699,-0.679,-0.33,0.657,0.697,0.281,0.129,0.656,0.365,0.78,0.852,0.501,-0.321,-0.072,-0.627,0.272,0.543,0.718,-0.523,0.661,0.569,-0.448,0.651,0.782,-0.051,0.654,0.331,0.192,0.761,0.416,-0.105,0.123,-0.02,0.245,0.706,0.393,0.124,0.566,0.734,-0.795,0.622,0.167,0.123,-0.772,-0.309,0.111,0.71,0.117,0.132,0.835,0.842,-0.315,0.464,0.423,0.828,0.689,0.829,-0.086,-0.474,0.729,0.898,0.768,-0.593,0.206,0.538,-0.12,0.402,-0.742,0.544,0.4,-0.039,-0.301,0.094,0.685,0.676,0.62,0.087,-0.534,-0.643,0.679,0.36,0.78,0.745,0.391,0.423,-0.118,0.787,-0.07,-0.204,-0.023,-0.051,-0.156,-0.22,0.685,-0.02,-0.108,-0.046,0.735,0.81,0.091,0.686,0.837,0.572,0.708,0.847,0.748,-0.462,0.635,-0.233,0.35,-0.644,-0.401,-0.764,-0.294,0.773,0.69,0.419,0.439,-0.112,0.484,-0.158,0.751,0.486
ALRM,-0.54,0.68,-0.573,-0.086,-0.022,0.0,-0.209,0.712,-0.151,0.805,-0.488,-0.532,0.029,0.655,-0.309,0.044,0.486,0.294,-0.366,-0.536,0.729,0.745,-0.59,-0.095,-0.356,0.365,0.143,-0.007,-0.503,0.505,-0.149,0.668,0.116,0.334,0.073,-0.188,0.048,0.181,0.778,0.163,-0.427,0.543,0.346,-0.061,0.027,0.463,0.616,-0.534,0.144,-0.524,-0.511,-0.131,-0.728,-0.272,-0.224,0.345,0.766,0.696,0.474,0.185,-0.306,0.61,0.034,-0.018,-0.17,-0.343,-0.259,0.269,0.162,-0.233,-0.274,-0.568,0.535,-0.555,0.649,0.222,0.775,0.531,0.407,-0.368,-0.552,-0.48,0.792,-0.79,-0.573,-0.729,0.198,0.166,0.394,0.59,0.696,0.436,0.701,-0.355,0.094,-0.517,-0.566,0.564,-0.386,-0.445,-0.29,0.317,-0.364,0.632,-0.158,-0.1,-0.75,-0.467,0.716,0.209,-0.466,0.091,0.139,0.108,0.445,0.026,0.369,-0.448,0.86,0.689,0.361,-0.634,0.369,0.034,-0.063,0.782,0.012,-0.065,0.538,0.575,0.596,-0.287,-0.163,0.015,-0.063,0.535,0.319,-0.151,-0.382,0.526,-0.737,0.044,0.764,-0.276,0.38,-0.471,0.555,0.615,0.69,0.427,-0.514,-0.49,0.191,0.671,0.46,-0.021,-0.191,-0.594,-0.321,-0.188,0.192,-0.302,0.813,0.134,-0.444,0.762,-0.429,0.65,0.683,-0.215,0.475,0.801,0.402,0.512,0.243,0.055,0.684,0.278,0.011,-0.232,0.119,0.055,0.038,0.559,0.201,-0.443,0.643,0.253,0.54,0.212,0.067,0.255,0.36,0.428,-0.282,0.311,-0.166,-0.417,0.324,-0.683
AMAT,0.695,-0.631,-0.022,0.833,0.842,-0.209,0.0,-0.353,0.146,-0.183,0.333,0.594,0.356,0.252,0.818,-0.348,-0.287,0.131,0.685,0.702,-0.229,-0.466,0.803,-0.683,-0.116,-0.384,0.748,0.179,0.803,0.485,0.671,-0.584,0.862,0.405,-0.671,0.863,0.733,-0.208,-0.093,0.501,0.213,-0.251,-0.719,0.243,-0.128,-0.781,-0.072,0.812,-0.178,0.624,0.62,0.805,0.365,0.906,0.907,-0.717,-0.257,-0.007,0.561,0.4,0.813,-0.128,0.608,0.221,0.806,0.786,0.732,0.699,0.561,0.753,0.202,0.619,0.067,0.779,-0.425,0.375,-0.107,-0.823,-0.768,-0.341,0.792,0.833,0.018,0.241,0.691,0.5,0.714,0.837,0.251,-0.336,-0.285,-0.747,0.014,0.72,0.786,-0.442,0.817,0.365,-0.319,0.838,0.883,-0.332,0.734,0.183,0.252,0.766,0.609,-0.181,-0.082,0.202,0.183,0.731,0.625,-0.003,0.46,0.868,-0.851,0.67,-0.002,-0.061,-0.807,-0.097,-0.051,0.667,0.077,-0.072,0.933,0.835,-0.6,0.309,0.173,0.946,0.663,0.863,-0.158,-0.61,0.601,0.915,0.79,-0.783,0.434,0.408,-0.334,0.453,-0.854,0.618,0.368,-0.265,-0.544,0.013,0.787,0.775,0.526,-0.172,-0.745,-0.611,0.541,0.63,0.92,0.811,0.2,0.299,-0.337,0.806,0.18,-0.439,-0.068,-0.161,-0.328,-0.005,0.481,-0.234,-0.246,-0.2,0.674,0.868,-0.048,0.759,0.761,0.668,0.623,0.835,0.812,-0.614,0.498,-0.094,0.241,-0.806,-0.55,-0.764,-0.342,0.573,0.708,0.326,0.298,-0.209,0.45,-0.138,0.582,0.623
AMED,-0.787,0.866,-0.698,-0.417,-0.236,0.712,-0.353,0.0,-0.333,0.775,-0.588,-0.573,-0.02,0.633,-0.615,0.157,0.717,0.136,-0.735,-0.682,0.801,0.886,-0.793,0.095,-0.157,0.347,0.095,0.139,-0.621,0.463,-0.177,0.784,-0.209,0.144,0.191,-0.463,-0.21,0.354,0.767,0.125,-0.608,0.709,0.5,-0.16,0.061,0.574,0.619,-0.705,0.083,-0.647,-0.476,-0.288,-0.868,-0.464,-0.438,0.576,0.843,0.699,0.242,0.194,-0.573,0.678,-0.026,0.056,-0.436,-0.482,-0.502,0.231,-0.022,-0.373,-0.235,-0.462,0.237,-0.688,0.803,0.051,0.779,0.706,0.62,-0.252,-0.763,-0.665,0.595,-0.784,-0.718,-0.811,-0.085,-0.066,0.308,0.709,0.775,0.642,0.569,-0.587,0.027,-0.421,-0.781,0.421,-0.281,-0.672,-0.477,0.456,-0.519,0.61,-0.041,-0.194,-0.857,-0.507,0.616,0.156,-0.42,-0.001,-0.038,-0.082,0.336,-0.061,0.585,-0.703,0.725,0.675,0.586,-0.478,0.399,-0.072,-0.129,0.706,-0.251,-0.269,0.65,0.444,0.549,-0.491,-0.386,-0.157,-0.029,0.437,0.089,-0.283,-0.5,0.681,-0.676,-0.003,0.815,-0.246,0.563,-0.481,0.599,0.695,0.779,0.704,-0.651,-0.643,0.131,0.695,0.69,0.259,-0.297,-0.672,-0.452,-0.396,0.204,-0.611,0.722,-0.166,-0.427,0.795,-0.376,0.6,0.784,-0.246,0.228,0.876,0.605,0.608,0.169,-0.254,0.792,0.175,-0.157,-0.593,0.001,-0.175,-0.183,0.574,0.11,-0.464,0.294,0.417,0.718,0.395,0.035,0.145,0.286,0.427,-0.457,0.413,-0.213,-0.18,0.23,-0.867
AMRN,0.254,-0.354,0.47,0.061,0.273,-0.151,0.146,-0.333,0.0,-0.179,0.092,0.099,0.369,-0.058,0.26,0.045,-0.045,-0.107,0.14,0.097,-0.189,-0.231,0.331,-0.18,-0.008,0.292,0.036,0.3,0.294,-0.014,0.283,-0.005,0.305,-0.343,-0.129,0.25,0.3,-0.11,-0.141,-0.092,0.162,0.082,-0.3,0.129,0.039,-0.239,0.07,0.145,0.49,0.186,0.174,0.135,0.164,0.137,0.284,0.021,-0.072,-0.094,0.019,-0.187,0.183,0.17,0.302,0.451,0.479,0.196,0.378,-0.204,0.088,0.279,0.394,0.273,0.209,0.15,-0.124,0.164,0.065,-0.218,-0.004,0.246,0.39,0.432,0.115,0.345,0.219,0.263,0.014,0.221,0.325,-0.205,-0.066,-0.226,-0.037,0.477,-0.089,0.17,0.33,0.224,0.077,0.181,0.297,0.308,0.174,0.149,-0.318,0.045,0.182,0.494,0.229,-0.647,0.339,0.333,-0.042,0.53,0.198,0.198,-0.197,0.484,-0.244,-0.341,-0.188,-0.067,-0.372,0.327,-0.07,0.139,0.266,0.157,0.119,-0.034,-0.175,0.325,0.4,0.235,-0.285,-0.268,-0.0,0.269,0.232,-0.067,0.008,0.221,-0.072,0.247,-0.211,0.167,-0.118,-0.011,0.016,0.017,0.195,0.137,0.095,0.031,-0.131,-0.315,0.51,0.251,0.125,0.275,0.371,0.701,0.136,0.42,-0.219,0.035,0.316,-0.084,-0.092,-0.297,0.387,-0.091,0.209,-0.11,0.135,0.195,-0.071,0.08,0.175,0.47,0.126,0.183,0.068,-0.25,0.196,-0.162,-0.017,0.052,-0.056,-0.151,0.416,0.03,-0.004,0.037,0.668,0.227,0.415,0.05,0.085,0.426
ANGI,-0.567,0.722,-0.565,-0.083,0.081,0.805,-0.183,0.775,-0.179,0.0,-0.253,-0.393,-0.031,0.814,-0.286,0.185,0.762,0.519,-0.533,-0.413,0.886,0.871,-0.614,-0.278,-0.217,0.47,0.068,0.294,-0.457,0.63,0.122,0.757,0.131,0.232,-0.155,-0.249,0.129,0.521,0.852,0.275,-0.63,0.797,0.486,-0.223,0.25,0.327,0.873,-0.553,0.392,-0.398,-0.262,-0.01,-0.844,-0.196,-0.137,0.353,0.896,0.917,0.606,0.417,-0.274,0.738,0.286,0.221,-0.21,-0.144,-0.117,0.261,-0.042,-0.018,0.101,-0.456,0.222,-0.443,0.829,-0.117,0.852,0.483,0.374,-0.216,-0.587,-0.517,0.707,-0.662,-0.395,-0.663,0.305,0.261,0.675,0.464,0.912,0.574,0.716,-0.504,0.177,-0.538,-0.601,0.597,-0.572,-0.492,-0.28,0.642,-0.197,0.671,0.1,0.028,-0.697,-0.296,0.623,0.028,-0.166,0.158,-0.119,0.075,0.548,0.098,0.329,-0.422,0.894,0.761,0.231,-0.754,0.615,0.141,0.085,0.825,-0.056,0.087,0.669,0.762,0.776,-0.266,-0.027,0.141,0.255,0.351,0.433,-0.036,-0.215,0.598,-0.62,0.414,0.735,-0.134,0.376,-0.255,0.567,0.704,0.736,0.623,-0.388,-0.396,0.491,0.872,0.623,-0.08,0.034,-0.755,-0.201,-0.069,0.492,-0.443,0.694,0.069,-0.434,0.791,-0.207,0.717,0.856,-0.337,0.545,0.907,0.603,0.795,0.474,-0.056,0.847,0.288,0.215,-0.418,0.364,0.166,-0.022,0.473,0.508,-0.341,0.571,0.258,0.711,0.057,0.071,0.512,0.361,0.671,-0.268,0.446,0.107,-0.12,0.562,-0.663
APA,0.663,-0.591,0.361,0.539,0.321,-0.488,0.333,-0.588,0.092,-0.253,0.0,0.736,-0.135,-0.083,0.669,0.131,-0.134,0.5,0.49,0.768,-0.2,-0.423,0.54,-0.45,0.362,-0.093,-0.239,0.209,0.446,-0.03,0.529,-0.488,0.264,0.04,-0.537,0.374,0.238,0.236,-0.283,0.279,0.215,-0.185,-0.138,-0.206,-0.015,-0.647,-0.094,0.536,0.198,0.705,0.7,0.543,0.49,0.597,0.55,-0.555,-0.325,-0.063,0.213,0.38,0.613,-0.348,0.483,0.321,0.247,0.752,0.674,-0.068,-0.251,0.581,0.575,0.366,-0.39,0.767,-0.286,-0.559,-0.455,-0.655,-0.592,0.226,0.518,0.448,-0.443,0.664,0.797,0.683,0.439,0.283,0.184,-0.712,-0.182,-0.343,-0.389,0.22,0.207,0.166,0.53,-0.142,-0.088,0.534,0.526,0.01,0.666,-0.365,0.49,0.473,0.733,0.533,-0.636,-0.121,0.563,0.063,-0.193,-0.188,0.08,0.157,-0.565,0.596,-0.3,-0.28,-0.689,0.138,0.309,0.197,0.515,-0.386,0.156,0.569,-0.377,0.183,-0.07,0.436,0.576,0.405,0.724,-0.479,0.223,0.379,0.65,-0.523,0.697,0.579,-0.686,0.354,-0.522,0.721,-0.316,-0.419,-0.563,-0.348,0.745,0.684,0.47,-0.244,-0.295,-0.381,0.496,0.152,0.608,0.58,0.276,0.179,-0.625,0.09,0.43,-0.614,0.593,-0.177,-0.246,0.16,-0.007,-0.486,-0.283,0.058,0.309,0.213,-0.374,0.007,0.538,0.242,0.537,0.452,0.211,-0.453,0.466,0.627,-0.114,-0.451,-0.273,-0.66,-0.04,0.281,-0.12,0.227,0.187,-0.218,0.518,0.521,0.279,0.622
APOG,0.756,-0.733,0.193,0.65,0.411,-0.532,0.594,-0.573,0.099,-0.393,0.736,0.0,0.259,-0.117,0.758,0.132,-0.143,0.252,0.54,0.875,-0.255,-0.527,0.674,-0.407,0.563,-0.144,0.088,0.293,0.518,0.176,0.613,-0.642,0.427,0.302,-0.514,0.485,0.218,0.137,-0.387,0.484,0.451,-0.253,-0.271,0.111,0.095,-0.691,-0.241,0.777,-0.154,0.785,0.897,0.603,0.617,0.769,0.652,-0.605,-0.37,-0.139,0.19,0.422,0.59,-0.42,0.539,0.332,0.4,0.806,0.761,0.209,0.124,0.598,0.241,0.66,-0.265,0.873,-0.342,-0.201,-0.479,-0.775,-0.733,0.237,0.638,0.643,-0.536,0.659,0.729,0.682,0.469,0.435,0.025,-0.592,-0.304,-0.442,-0.438,0.566,0.313,0.115,0.701,-0.14,-0.125,0.799,0.633,-0.223,0.798,-0.307,0.591,0.568,0.821,0.36,-0.649,0.164,0.554,0.371,0.174,-0.018,0.045,0.441,-0.596,0.69,-0.351,-0.326,-0.713,0.249,0.055,0.402,0.434,-0.364,0.428,0.691,-0.634,0.186,-0.207,0.625,0.754,0.582,0.388,-0.706,0.242,0.539,0.657,-0.675,0.873,0.46,-0.698,0.501,-0.65,0.83,-0.171,-0.43,-0.694,-0.257,0.867,0.794,0.478,-0.405,-0.477,-0.291,0.556,0.511,0.78,0.767,0.261,0.144,-0.71,0.361,0.633,-0.681,0.379,-0.155,-0.294,0.428,-0.04,-0.535,-0.291,-0.006,0.386,0.391,-0.304,0.182,0.55,0.442,0.566,0.537,0.402,-0.563,0.429,0.614,-0.143,-0.579,-0.392,-0.601,-0.014,0.159,0.148,0.277,0.112,-0.107,0.594,0.442,0.238,0.74
APPS,0.115,-0.271,-0.024,0.247,0.259,0.029,0.356,-0.02,0.369,-0.031,-0.135,0.259,0.0,0.218,0.266,0.321,0.248,-0.128,-0.008,0.186,0.09,-0.025,0.228,-0.223,0.345,0.321,0.37,0.573,0.105,0.458,0.436,-0.015,0.45,0.199,-0.13,0.192,0.117,0.274,-0.01,0.23,0.494,0.278,-0.129,0.317,0.322,-0.162,0.082,0.316,-0.093,0.269,0.374,0.339,0.164,0.323,0.245,0.018,0.157,0.148,0.13,0.322,0.005,0.099,0.459,0.507,0.468,0.258,0.438,0.211,0.563,0.116,-0.008,0.348,0.449,0.199,0.155,0.476,0.232,-0.202,-0.123,0.302,0.233,0.347,0.078,0.062,0.093,-0.016,0.199,0.413,0.283,0.032,0.08,-0.093,0.01,0.508,0.078,-0.044,0.261,0.242,-0.211,0.4,0.253,0.118,0.435,0.281,0.212,0.146,0.163,0.059,0.169,-0.14,0.314,0.581,0.282,0.551,0.25,0.541,-0.139,0.46,0.005,-0.198,-0.196,-0.11,-0.281,0.6,0.103,0.335,0.46,0.271,-0.075,0.233,-0.042,0.372,0.506,0.471,-0.321,-0.501,0.119,0.405,0.146,-0.111,0.115,0.262,-0.062,0.188,-0.156,0.283,0.139,0.083,-0.01,0.199,0.235,0.186,0.286,0.088,-0.2,0.063,0.369,0.34,0.322,0.485,0.393,0.173,0.058,0.484,0.284,0.081,0.027,0.017,0.176,-0.028,0.303,0.107,0.329,0.188,0.324,0.226,0.279,0.331,0.315,0.492,0.266,0.311,0.14,-0.261,0.315,-0.074,0.315,-0.047,0.102,0.008,0.545,-0.051,0.372,0.329,0.289,0.476,0.508,-0.01,0.172,0.239
ARCB,-0.266,0.426,-0.595,0.285,0.41,0.655,0.252,0.633,-0.058,0.814,-0.083,-0.117,0.218,0.0,0.08,0.024,0.657,0.483,-0.231,-0.101,0.804,0.615,-0.236,-0.617,-0.23,0.322,0.412,0.39,-0.09,0.834,0.419,0.46,0.465,0.359,-0.485,0.204,0.434,0.442,0.857,0.498,-0.449,0.695,0.083,-0.186,0.068,-0.052,0.792,-0.168,0.224,-0.054,0.055,0.42,-0.64,0.236,0.302,0.054,0.792,0.911,0.84,0.661,0.089,0.674,0.612,0.443,0.198,0.228,0.214,0.551,0.28,0.217,0.162,-0.157,0.353,-0.074,0.64,0.081,0.814,0.091,0.026,-0.381,-0.209,-0.098,0.724,-0.571,-0.098,-0.463,0.617,0.624,0.794,0.322,0.775,0.15,0.684,-0.182,0.575,-0.766,-0.223,0.817,-0.677,-0.091,0.183,0.486,0.111,0.811,0.266,0.432,-0.402,-0.41,0.61,0.033,-0.111,0.543,0.138,-0.025,0.832,0.489,-0.089,-0.1,0.834,0.687,-0.158,-0.754,0.627,0.51,0.107,0.811,0.363,0.451,0.383,0.88,0.849,0.172,0.284,0.545,0.142,0.023,0.671,0.422,0.157,0.171,-0.437,0.586,0.532,0.054,-0.046,0.069,0.776,0.563,0.469,0.692,-0.023,-0.01,0.74,0.786,0.241,-0.337,0.319,-0.477,0.221,0.308,0.61,-0.306,0.565,0.434,-0.299,0.561,-0.277,0.519,0.712,-0.388,0.758,0.804,0.533,0.686,0.799,0.374,0.812,0.639,0.587,-0.086,0.649,0.562,0.353,0.094,0.736,-0.436,0.676,-0.116,0.463,-0.306,-0.036,0.717,0.707,0.846,-0.064,0.367,0.3,-0.211,0.841,-0.407
ARCC,0.872,-0.794,0.228,0.89,0.74,-0.309,0.818,-0.615,0.26,-0.286,0.669,0.758,0.266,0.08,0.0,-0.165,-0.336,0.331,0.781,0.892,-0.306,-0.582,0.84,-0.669,0.074,-0.25,0.374,0.169,0.739,0.326,0.679,-0.692,0.763,0.346,-0.645,0.816,0.641,-0.11,-0.262,0.451,0.418,-0.332,-0.594,0.076,-0.096,-0.83,-0.146,0.876,-0.019,0.761,0.698,0.826,0.579,0.933,0.911,-0.783,-0.38,-0.091,0.483,0.439,0.856,-0.232,0.618,0.285,0.735,0.896,0.859,0.385,0.301,0.803,0.329,0.527,0.003,0.913,-0.495,0.085,-0.337,-0.912,-0.811,-0.089,0.832,0.844,-0.18,0.519,0.85,0.699,0.742,0.725,0.227,-0.587,-0.343,-0.71,-0.217,0.706,0.55,-0.164,0.855,0.177,-0.284,0.908,0.868,-0.306,0.846,-0.088,0.313,0.695,0.798,0.184,-0.359,0.102,0.4,0.542,0.432,0.012,0.302,0.609,-0.864,0.837,-0.164,-0.249,-0.904,0.012,0.003,0.554,0.311,-0.217,0.75,0.857,-0.607,0.308,-0.01,0.865,0.812,0.799,0.159,-0.592,0.561,0.797,0.83,-0.803,0.63,0.522,-0.566,0.437,-0.864,0.788,0.011,-0.462,-0.647,-0.259,0.914,0.852,0.53,-0.302,-0.712,-0.662,0.598,0.542,0.917,0.884,0.235,0.42,-0.496,0.677,0.381,-0.613,0.215,-0.159,-0.379,0.146,0.378,-0.455,-0.388,-0.17,0.569,0.75,-0.295,0.449,0.79,0.71,0.663,0.828,0.684,-0.583,0.538,0.283,0.201,-0.762,-0.573,-0.856,-0.172,0.446,0.398,0.285,0.294,-0.274,0.588,0.11,0.492,0.78
ARVN,-0.144,0.121,0.162,-0.264,-0.316,0.044,-0.348,0.157,0.045,0.185,0.131,0.132,0.321,0.024,-0.165,0.0,0.584,0.335,-0.451,-0.055,0.386,0.375,-0.344,0.178,0.603,0.463,-0.496,0.517,-0.46,0.139,0.145,0.283,-0.156,-0.069,0.156,-0.467,-0.425,0.664,0.066,0.185,0.201,0.437,0.632,-0.22,0.347,0.337,0.162,-0.171,0.244,-0.052,0.158,-0.067,-0.076,-0.177,-0.315,0.305,0.352,0.269,-0.141,0.205,-0.393,0.166,0.146,0.392,-0.388,0.015,0.04,-0.401,-0.224,-0.145,0.119,-0.068,-0.082,-0.128,0.504,-0.299,0.099,0.24,0.313,0.642,-0.356,-0.345,-0.29,0.132,-0.117,-0.183,-0.177,-0.135,0.145,-0.107,0.381,0.58,-0.27,-0.256,-0.445,0.418,-0.321,-0.265,0.049,-0.149,-0.327,0.434,0.149,-0.197,0.272,-0.244,-0.081,0.428,-0.229,-0.161,0.413,-0.099,-0.312,0.229,-0.128,-0.176,0.405,-0.065,-0.02,-0.248,0.26,0.046,0.034,-0.092,0.534,0.121,-0.352,-0.135,0.292,0.178,-0.162,-0.334,0.119,-0.138,0.427,-0.003,-0.306,-0.288,-0.257,0.422,0.134,0.317,-0.056,-0.136,0.319,0.223,-0.202,0.028,0.242,0.092,-0.109,-0.191,0.194,0.149,0.449,0.354,-0.026,-0.317,-0.142,-0.002,0.258,-0.156,0.05,-0.286,0.353,0.161,0.515,0.26,0.484,0.214,-0.1,0.134,0.31,0.568,-0.041,-0.512,0.171,-0.259,-0.037,-0.334,0.047,-0.159,-0.414,0.339,0.194,0.408,0.045,0.36,0.525,0.278,0.601,-0.303,-0.349,0.275,-0.149,0.516,0.334,0.609,-0.078,-0.105
ATEC,-0.547,0.595,-0.43,-0.26,-0.171,0.486,-0.287,0.717,-0.045,0.762,-0.134,-0.143,0.248,0.657,-0.336,0.584,0.0,0.411,-0.729,-0.352,0.887,0.834,-0.618,-0.091,0.285,0.631,-0.152,0.608,-0.565,0.555,0.241,0.734,-0.047,0.031,-0.031,-0.444,-0.204,0.762,0.658,0.306,-0.382,0.901,0.635,-0.231,0.373,0.366,0.715,-0.513,0.369,-0.307,-0.004,-0.077,-0.687,-0.237,-0.244,0.5,0.889,0.835,0.314,0.433,-0.447,0.66,0.38,0.505,-0.313,-0.097,-0.068,0.036,-0.157,-0.124,0.124,-0.201,0.136,-0.383,0.932,-0.232,0.714,0.491,0.477,0.223,-0.597,-0.502,0.34,-0.385,-0.397,-0.563,0.064,0.109,0.594,0.382,0.908,0.712,0.357,-0.422,-0.061,-0.176,-0.599,0.344,-0.383,-0.45,-0.33,0.761,-0.116,0.491,0.285,-0.107,-0.543,0.018,0.368,-0.121,0.109,0.158,-0.276,0.173,0.399,0.08,0.493,-0.321,0.569,0.419,0.323,-0.492,0.482,0.149,0.232,0.718,-0.214,-0.02,0.669,0.648,0.442,-0.32,0.073,0.077,0.358,0.097,0.123,-0.131,-0.279,0.65,-0.347,0.489,0.515,0.013,0.446,-0.06,0.376,0.597,0.678,0.641,-0.324,-0.397,0.501,0.751,0.73,0.142,0.083,-0.657,-0.201,-0.028,0.61,-0.499,0.521,-0.082,-0.128,0.677,0.092,0.661,0.925,-0.162,0.307,0.764,0.758,0.909,0.377,-0.313,0.78,0.123,0.112,-0.46,0.323,0.02,-0.266,0.397,0.501,-0.076,0.292,0.405,0.857,0.202,0.426,0.172,0.152,0.712,-0.278,0.67,0.35,0.257,0.372,-0.537
ATXS,0.133,0.057,-0.119,0.326,0.309,0.294,0.131,0.136,-0.107,0.519,0.5,0.252,-0.128,0.483,0.331,0.335,0.411,0.0,0.005,0.236,0.479,0.334,-0.044,-0.485,0.041,0.198,-0.136,0.327,-0.016,0.464,0.476,0.123,0.345,0.219,-0.453,0.117,0.242,0.478,0.403,0.467,-0.234,0.361,0.229,-0.399,-0.02,-0.171,0.485,0.03,0.473,0.113,0.273,0.389,-0.237,0.32,0.291,-0.208,0.403,0.586,0.616,0.563,0.307,0.229,0.485,0.249,-0.032,0.451,0.376,0.124,-0.306,0.474,0.381,-0.07,-0.111,0.233,0.345,-0.397,0.226,-0.168,-0.103,-0.079,-0.039,-0.066,0.15,-0.002,0.273,0.003,0.548,0.441,0.533,-0.21,0.483,0.166,0.086,-0.184,0.249,-0.271,-0.038,0.296,-0.34,0.079,0.195,0.37,0.327,0.118,0.3,0.263,0.042,0.118,-0.094,0.027,0.16,0.06,-0.123,-0.161,0.415,0.163,-0.17,0.127,0.4,0.204,-0.281,-0.417,0.529,0.125,0.58,0.249,0.11,0.496,0.15,0.715,0.392,0.126,0.35,0.374,0.705,0.004,0.405,0.218,0.267,0.038,0.041,0.706,-0.015,0.055,-0.165,0.335,0.226,0.071,0.096,0.073,0.273,0.171,0.658,0.344,0.198,-0.414,0.237,-0.448,0.313,0.347,0.431,-0.184,0.11,0.106,0.078,0.04,0.336,0.457,0.43,-0.043,0.452,0.248,0.084,0.576,0.551,0.127,0.229,0.255,0.542,-0.165,0.629,0.467,0.181,0.141,0.688,0.19,0.389,-0.188,0.256,-0.48,-0.06,0.512,0.172,0.644,-0.194,0.005,0.416,0.329,0.592,0.002
AVAV,0.859,-0.767,0.266,0.707,0.582,-0.366,0.685,-0.735,0.14,-0.533,0.49,0.54,-0.008,-0.231,0.781,-0.451,-0.729,0.005,0.0,0.729,-0.61,-0.802,0.851,-0.417,-0.181,-0.539,0.344,-0.294,0.775,-0.091,0.262,-0.813,0.525,0.276,-0.426,0.818,0.542,-0.474,-0.375,0.135,0.466,-0.679,-0.721,0.106,-0.291,-0.721,-0.449,0.817,-0.28,0.656,0.425,0.599,0.723,0.737,0.714,-0.832,-0.673,-0.446,0.203,0.108,0.822,-0.497,0.195,-0.123,0.61,0.646,0.554,0.287,0.335,0.539,0.072,0.372,0.018,0.77,-0.79,0.208,-0.565,-0.828,-0.799,-0.289,0.822,0.748,-0.196,0.416,0.765,0.635,0.502,0.444,-0.154,-0.542,-0.663,-0.845,-0.226,0.623,0.461,-0.104,0.856,0.012,-0.024,0.817,0.749,-0.625,0.567,-0.282,0.04,0.558,0.758,0.039,-0.362,0.185,0.112,0.267,0.477,-0.147,0.061,0.356,-0.838,0.63,-0.309,-0.3,-0.753,0.209,-0.179,0.303,0.122,-0.48,0.616,0.59,-0.756,-0.095,-0.142,0.723,0.458,0.46,-0.084,-0.367,0.365,0.594,0.679,-0.866,0.509,0.077,-0.614,0.249,-0.775,0.492,-0.113,-0.559,-0.798,-0.496,0.736,0.781,0.112,-0.546,-0.853,-0.511,0.333,0.662,0.684,0.596,-0.191,0.517,-0.545,0.487,0.327,-0.724,0.013,-0.467,-0.72,0.2,0.112,-0.652,-0.724,-0.585,0.19,0.719,-0.579,0.263,0.465,0.641,0.279,0.56,0.641,-0.583,0.085,0.141,0.093,-0.76,-0.851,-0.685,-0.422,0.252,0.243,-0.17,0.388,-0.591,0.094,-0.12,0.159,0.727
AXON,0.876,-0.805,0.272,0.796,0.577,-0.536,0.702,-0.682,0.097,-0.413,0.768,0.875,0.186,-0.101,0.892,-0.055,-0.352,0.236,0.729,0.0,-0.397,-0.662,0.797,-0.564,0.294,-0.289,0.184,0.147,0.681,0.155,0.589,-0.781,0.537,0.355,-0.624,0.664,0.459,0.018,-0.418,0.356,0.479,-0.385,-0.425,0.08,0.052,-0.838,-0.253,0.908,-0.144,0.898,0.815,0.767,0.709,0.875,0.79,-0.775,-0.494,-0.198,0.28,0.445,0.74,-0.414,0.501,0.248,0.545,0.889,0.814,0.229,0.236,0.674,0.365,0.556,-0.257,0.965,-0.52,-0.168,-0.527,-0.899,-0.867,0.109,0.752,0.765,-0.452,0.671,0.893,0.756,0.622,0.51,0.083,-0.713,-0.421,-0.623,-0.358,0.567,0.412,0.028,0.815,-0.109,-0.251,0.889,0.738,-0.328,0.894,-0.303,0.521,0.687,0.882,0.308,-0.61,0.153,0.571,0.393,0.27,-0.058,0.063,0.437,-0.804,0.774,-0.311,-0.31,-0.892,0.203,0.052,0.45,0.397,-0.431,0.528,0.765,-0.709,0.157,-0.103,0.723,0.769,0.644,0.311,-0.7,0.435,0.668,0.813,-0.8,0.829,0.459,-0.73,0.366,-0.791,0.882,-0.196,-0.558,-0.789,-0.294,0.948,0.923,0.467,-0.442,-0.669,-0.415,0.58,0.56,0.867,0.841,0.171,0.261,-0.764,0.443,0.574,-0.741,0.311,-0.299,-0.44,0.272,0.053,-0.604,-0.457,-0.168,0.401,0.541,-0.402,0.198,0.694,0.536,0.594,0.683,0.527,-0.599,0.437,0.525,-0.008,-0.726,-0.576,-0.753,-0.167,0.314,0.202,0.187,0.244,-0.267,0.526,0.302,0.331,0.78
BANF,-0.554,0.697,-0.583,-0.154,-0.089,0.729,-0.229,0.801,-0.189,0.886,-0.2,-0.255,0.09,0.804,-0.306,0.386,0.887,0.479,-0.61,-0.397,0.0,0.881,-0.652,-0.161,0.045,0.503,-0.036,0.363,-0.563,0.638,0.148,0.731,0.047,0.184,-0.071,-0.312,-0.082,0.631,0.842,0.368,-0.464,0.822,0.573,-0.313,0.221,0.384,0.743,-0.529,0.268,-0.383,-0.174,-0.004,-0.778,-0.203,-0.188,0.407,0.949,0.921,0.497,0.474,-0.359,0.695,0.332,0.375,-0.307,-0.116,-0.138,0.199,-0.051,-0.129,-0.009,-0.361,0.273,-0.426,0.916,-0.153,0.788,0.506,0.432,-0.102,-0.627,-0.545,0.524,-0.607,-0.449,-0.666,0.209,0.205,0.587,0.458,0.944,0.637,0.513,-0.506,0.135,-0.416,-0.633,0.491,-0.43,-0.458,-0.282,0.62,-0.181,0.567,0.201,-0.006,-0.646,-0.237,0.489,0.06,-0.141,0.19,-0.103,-0.026,0.525,0.097,0.414,-0.441,0.79,0.623,0.302,-0.586,0.6,0.1,0.186,0.778,-0.115,0.037,0.636,0.756,0.622,-0.297,-0.007,0.11,0.331,0.302,0.28,-0.108,-0.284,0.59,-0.499,0.429,0.619,-0.111,0.384,-0.16,0.564,0.618,0.696,0.642,-0.384,-0.41,0.527,0.799,0.673,0.01,-0.023,-0.74,-0.184,-0.057,0.494,-0.539,0.646,0.001,-0.232,0.719,-0.108,0.731,0.936,-0.168,0.431,0.857,0.635,0.885,0.45,-0.135,0.824,0.276,0.171,-0.476,0.342,0.122,-0.083,0.447,0.505,-0.19,0.511,0.271,0.796,0.104,0.198,0.322,0.29,0.733,-0.377,0.534,0.16,0.046,0.478,-0.661
BATRK,-0.78,0.847,-0.505,-0.444,-0.272,0.745,-0.466,0.886,-0.231,0.871,-0.423,-0.527,-0.025,0.615,-0.582,0.375,0.834,0.334,-0.802,-0.662,0.881,0.0,-0.844,0.095,-0.039,0.567,-0.143,0.308,-0.715,0.434,-0.095,0.893,-0.207,0.035,0.219,-0.59,-0.262,0.523,0.745,0.143,-0.605,0.825,0.678,-0.215,0.225,0.632,0.73,-0.766,0.361,-0.653,-0.437,-0.334,-0.891,-0.515,-0.487,0.646,0.911,0.785,0.242,0.181,-0.611,0.684,0.027,0.153,-0.491,-0.448,-0.408,0.025,-0.205,-0.318,-0.042,-0.501,0.161,-0.698,0.927,-0.127,0.807,0.751,0.669,-0.013,-0.808,-0.74,0.536,-0.67,-0.658,-0.76,-0.102,-0.089,0.448,0.586,0.908,0.817,0.51,-0.641,-0.16,-0.241,-0.835,0.359,-0.264,-0.724,-0.565,0.662,-0.447,0.517,0.007,-0.308,-0.846,-0.252,0.546,-0.006,-0.245,-0.044,-0.222,0.09,0.301,-0.112,0.678,-0.615,0.719,0.594,0.596,-0.53,0.449,-0.099,0.025,0.751,-0.357,-0.274,0.814,0.519,0.508,-0.542,-0.285,-0.178,0.202,0.457,0.06,-0.365,-0.54,0.826,-0.635,0.189,0.788,-0.217,0.648,-0.435,0.427,0.713,0.875,0.574,-0.652,-0.694,0.218,0.782,0.841,0.236,-0.222,-0.79,-0.484,-0.371,0.355,-0.531,0.74,-0.232,-0.422,0.852,-0.124,0.729,0.918,-0.217,0.261,0.884,0.684,0.792,0.165,-0.404,0.797,0.093,-0.138,-0.605,0.056,-0.205,-0.351,0.648,0.236,-0.292,0.294,0.554,0.888,0.407,0.269,0.12,0.094,0.489,-0.436,0.534,-0.011,-0.009,0.237,-0.819
BIDU,0.882,-0.913,0.387,0.718,0.65,-0.59,0.803,-0.793,0.331,-0.614,0.54,0.674,0.228,-0.236,0.84,-0.344,-0.618,-0.044,0.851,0.797,-0.652,-0.844,0.0,-0.466,-0.024,-0.462,0.436,0.023,0.906,-0.016,0.528,-0.813,0.631,0.087,-0.529,0.825,0.577,-0.386,-0.52,0.199,0.467,-0.585,-0.807,0.223,-0.175,-0.841,-0.436,0.886,-0.146,0.749,0.658,0.637,0.742,0.816,0.815,-0.762,-0.688,-0.459,0.175,0.088,0.872,-0.459,0.4,0.108,0.789,0.751,0.737,0.279,0.327,0.69,0.253,0.688,-0.089,0.873,-0.775,0.247,-0.531,-0.933,-0.814,-0.092,0.989,0.928,-0.318,0.597,0.837,0.808,0.448,0.537,-0.039,-0.581,-0.67,-0.887,-0.325,0.816,0.476,-0.037,0.993,0.015,0.017,0.893,0.849,-0.475,0.709,-0.215,0.119,0.567,0.895,0.184,-0.379,-0.051,0.33,0.426,0.369,0.027,0.096,0.538,-0.885,0.837,-0.494,-0.458,-0.827,0.207,-0.31,0.462,0.085,-0.469,0.715,0.656,-0.748,-0.119,-0.242,0.869,0.607,0.606,-0.135,-0.637,0.279,0.743,0.792,-0.902,0.638,0.217,-0.682,0.453,-0.865,0.626,-0.12,-0.563,-0.793,-0.386,0.861,0.842,0.207,-0.531,-0.886,-0.552,0.518,0.796,0.811,0.706,-0.006,0.589,-0.612,0.593,0.323,-0.745,0.166,-0.511,-0.711,0.075,0.17,-0.665,-0.493,-0.548,0.304,0.69,-0.521,0.344,0.534,0.778,0.357,0.595,0.613,-0.749,0.205,0.138,-0.066,-0.746,-0.805,-0.696,-0.237,0.255,0.278,-0.092,0.513,-0.397,0.372,0.003,0.211,0.925
BLNE,-0.415,0.269,0.123,-0.787,-0.825,-0.095,-0.683,0.095,-0.18,-0.278,-0.45,-0.407,-0.223,-0.617,-0.669,0.178,-0.091,-0.485,-0.417,-0.564,-0.161,0.095,-0.466,0.0,0.183,-0.059,-0.457,-0.324,-0.546,-0.592,-0.678,0.217,-0.738,-0.437,0.876,-0.701,-0.828,-0.208,-0.332,-0.546,0.096,-0.201,0.381,-0.033,0.041,0.697,-0.467,-0.478,-0.22,-0.593,-0.574,-0.811,-0.01,-0.767,-0.825,0.461,-0.147,-0.463,-0.852,-0.666,-0.671,-0.19,-0.761,-0.396,-0.674,-0.752,-0.762,-0.509,-0.374,-0.683,-0.487,-0.287,-0.044,-0.615,0.013,0.009,-0.244,0.6,0.641,0.25,-0.458,-0.537,-0.368,-0.077,-0.599,-0.222,-0.903,-0.831,-0.706,0.296,-0.187,0.448,-0.387,-0.296,-0.707,0.597,-0.476,-0.623,0.63,-0.522,-0.68,-0.183,-0.656,-0.461,-0.445,-0.803,-0.319,0.051,-0.152,0.102,-0.312,-0.625,-0.142,-0.044,-0.674,-0.629,0.704,-0.532,-0.34,-0.29,0.793,0.474,-0.459,-0.748,-0.278,-0.298,-0.669,-0.876,0.197,-0.675,-0.616,-0.66,-0.737,-0.826,-0.196,0.461,-0.807,-0.849,-0.765,0.466,-0.14,-0.708,0.077,-0.276,0.6,-0.591,-0.408,-0.052,0.19,-0.254,-0.661,-0.673,-0.81,-0.303,0.37,0.585,-0.738,-0.048,-0.718,-0.776,-0.586,-0.182,0.049,-0.682,-0.003,0.083,0.033,-0.019,-0.086,0.336,-0.684,-0.16,-0.059,-0.245,-0.839,-0.707,-0.267,-0.582,-0.915,-0.422,-0.879,-0.882,-0.661,0.418,-0.821,0.131,-0.477,0.565,0.163,0.772,0.214,-0.836,-0.671,-0.662,-0.361,-0.014,-0.544,0.052,-0.884,-0.297
BLNK,0.098,-0.224,0.183,-0.015,-0.321,-0.356,-0.116,-0.157,-0.008,-0.217,0.362,0.563,0.345,-0.23,0.074,0.603,0.285,0.041,-0.181,0.294,0.045,-0.039,-0.024,0.183,0.0,0.31,-0.38,0.436,-0.22,0.004,0.207,-0.065,-0.191,0.046,0.128,-0.322,-0.498,0.505,-0.338,0.117,0.407,0.174,0.429,0.083,0.406,-0.007,-0.132,0.141,-0.134,0.317,0.488,-0.002,0.299,0.054,-0.108,0.069,-0.017,-0.041,-0.304,0.236,-0.226,-0.237,0.201,0.453,-0.205,0.164,0.233,-0.198,-0.122,-0.067,0.105,0.308,-0.181,0.228,0.194,-0.399,-0.252,-0.044,-0.04,0.688,-0.05,0.005,-0.571,0.483,0.115,0.215,-0.15,-0.194,-0.092,-0.236,0.039,0.268,-0.471,0.078,-0.34,0.531,0.002,-0.434,0.043,0.16,-0.105,0.152,0.322,-0.333,0.545,-0.05,0.304,0.506,-0.538,0.011,0.517,-0.018,-0.187,0.165,-0.234,-0.017,0.175,0.206,-0.301,-0.3,-0.003,0.346,0.035,0.034,0.313,-0.143,-0.239,-0.007,-0.08,-0.007,-0.361,-0.058,0.293,0.013,0.45,-0.376,-0.273,-0.145,-0.015,0.026,0.593,0.21,-0.395,0.257,0.118,0.371,-0.416,-0.099,-0.151,-0.084,0.207,0.113,0.14,-0.151,0.187,0.42,0.144,0.138,0.103,0.191,0.265,-0.232,-0.444,-0.221,0.588,-0.217,0.449,0.065,0.127,0.448,-0.438,-0.231,0.184,0.333,-0.065,-0.365,-0.021,-0.279,-0.042,0.004,0.11,-0.145,-0.343,-0.117,0.097,0.734,-0.316,0.186,0.27,0.162,0.551,-0.401,-0.327,0.162,-0.199,0.386,0.421,0.645,-0.253,0.208
BTAI,-0.448,0.387,-0.023,-0.212,-0.157,0.365,-0.384,0.347,0.292,0.47,-0.093,-0.144,0.321,0.322,-0.25,0.463,0.631,0.198,-0.539,-0.289,0.503,0.567,-0.462,-0.059,0.31,0.0,-0.326,0.586,-0.485,0.256,0.05,0.619,-0.133,-0.016,0.141,-0.468,-0.156,0.548,0.331,0.047,-0.177,0.748,0.527,0.082,0.452,0.318,0.634,-0.449,0.494,-0.159,-0.017,-0.219,-0.402,-0.307,-0.27,0.599,0.593,0.511,0.1,0.173,-0.475,0.427,0.201,0.41,-0.135,-0.226,0.052,-0.267,-0.114,-0.17,0.243,-0.138,0.113,-0.325,0.678,-0.225,0.525,0.44,0.348,0.505,-0.433,-0.331,0.332,-0.083,-0.33,-0.329,-0.067,-0.078,0.515,0.19,0.64,0.573,0.298,-0.214,-0.409,0.16,-0.442,0.217,-0.276,-0.387,-0.398,0.761,-0.102,0.36,0.232,-0.179,-0.402,0.3,0.327,-0.412,0.311,0.056,-0.407,0.599,0.123,-0.115,0.471,-0.083,0.304,0.23,0.255,-0.347,0.304,0.213,0.098,0.641,-0.282,-0.128,0.668,0.358,0.223,-0.319,0.219,-0.021,0.2,0.095,0.036,-0.178,-0.278,0.598,-0.258,0.311,0.425,0.016,0.48,-0.086,-0.102,0.545,0.62,0.302,-0.273,-0.343,0.249,0.564,0.609,0.28,0.277,-0.414,-0.327,-0.06,0.671,-0.024,0.421,-0.048,-0.194,0.614,0.161,0.449,0.676,-0.221,0.175,0.526,0.683,0.659,0.107,-0.375,0.546,-0.18,-0.027,-0.108,0.189,-0.142,-0.458,0.242,0.321,0.025,0.061,0.666,0.72,0.328,0.741,-0.063,-0.106,0.406,0.035,0.687,0.404,0.209,0.115,-0.322
BYND,0.178,-0.21,-0.363,0.521,0.656,0.143,0.748,0.095,0.036,0.068,-0.239,0.088,0.37,0.412,0.374,-0.496,-0.152,-0.136,0.344,0.184,-0.036,-0.143,0.436,-0.457,-0.38,-0.326,0.0,0.062,0.559,0.552,0.392,-0.177,0.687,0.363,-0.415,0.644,0.615,-0.347,0.175,0.305,-0.087,-0.048,-0.66,0.307,-0.142,-0.405,0.107,0.383,-0.275,0.194,0.18,0.468,-0.041,0.533,0.577,-0.367,-0.009,0.107,0.508,0.221,0.463,0.184,0.422,0.096,0.675,0.313,0.327,0.844,0.665,0.428,-0.089,0.329,0.373,0.275,-0.199,0.718,0.278,-0.403,-0.396,-0.571,0.462,0.542,0.416,-0.264,0.193,0.056,0.502,0.656,0.221,0.174,-0.096,-0.555,0.377,0.537,0.741,-0.672,0.446,0.608,-0.35,0.436,0.567,-0.281,0.255,0.565,-0.043,0.511,0.1,-0.579,0.4,0.224,-0.238,0.672,0.664,0.04,0.55,0.772,-0.53,0.292,0.243,0.267,-0.388,-0.348,-0.111,0.614,-0.283,0.267,0.814,0.514,-0.283,0.271,0.345,0.666,0.275,0.653,-0.539,-0.305,0.548,0.72,0.424,-0.448,-0.069,0.091,0.168,0.335,-0.504,0.097,0.594,0.157,-0.124,0.295,0.304,0.313,0.271,0.109,-0.51,-0.404,0.283,0.43,0.523,0.434,0.098,0.113,0.107,0.737,-0.208,0.006,-0.498,-0.059,-0.15,-0.233,0.527,0.18,0.021,-0.206,0.578,0.751,0.282,0.77,0.474,0.523,0.358,0.562,0.675,-0.356,0.243,-0.562,0.341,-0.521,-0.341,-0.377,-0.321,0.517,0.844,0.231,0.185,-0.071,0.125,-0.508,0.494,0.183
CAN,-0.038,-0.054,0.053,0.127,0.229,-0.007,0.179,0.139,0.3,0.294,0.209,0.293,0.573,0.39,0.169,0.517,0.608,0.327,-0.294,0.147,0.363,0.308,0.023,-0.324,0.436,0.586,0.062,0.0,-0.01,0.529,0.653,0.302,0.315,0.01,-0.246,-0.09,0.099,0.625,0.137,0.311,-0.034,0.66,0.196,0.062,0.484,-0.131,0.514,0.036,0.466,0.21,0.489,0.249,-0.162,0.206,0.2,0.157,0.405,0.469,0.288,0.416,-0.017,0.367,0.625,0.681,0.25,0.324,0.472,0.057,0.009,0.326,0.487,0.36,-0.041,0.171,0.465,-0.095,0.387,-0.074,-0.011,0.476,0.049,0.126,0.052,0.169,0.161,0.041,0.195,0.355,0.636,-0.108,0.456,0.236,0.07,0.156,-0.016,0.05,0.035,0.252,-0.352,0.099,0.099,0.647,0.42,0.323,0.464,0.15,0.059,0.335,0.076,-0.386,0.53,0.432,-0.14,0.523,0.328,0.414,0.016,0.328,0.095,-0.05,-0.168,-0.363,0.175,0.535,0.289,0.442,0.171,0.307,0.309,0.46,0.18,0.22,0.554,0.447,0.249,-0.433,0.206,0.338,0.199,0.172,0.149,0.689,0.07,0.357,0.002,0.384,0.064,0.313,0.271,0.355,0.224,0.078,0.583,0.418,0.224,0.001,0.522,-0.042,0.263,0.403,0.789,0.035,0.053,0.258,0.052,0.248,0.369,0.325,0.485,-0.243,0.337,0.313,0.591,0.599,0.493,-0.066,0.491,0.238,0.403,0.147,0.531,0.278,-0.104,-0.13,0.633,0.053,0.061,0.173,0.458,-0.081,0.6,0.177,0.185,0.596,0.149,0.644,0.777,0.426,0.401,0.114
CCEC,0.739,-0.757,0.27,0.667,0.744,-0.503,0.803,-0.621,0.294,-0.457,0.446,0.518,0.105,-0.09,0.739,-0.46,-0.565,-0.016,0.775,0.681,-0.563,-0.715,0.906,-0.546,-0.22,-0.485,0.559,-0.01,0.0,0.039,0.519,-0.693,0.629,0.066,-0.58,0.83,0.703,-0.432,-0.342,0.201,0.199,-0.479,-0.831,0.186,-0.226,-0.8,-0.253,0.772,-0.04,0.663,0.552,0.619,0.536,0.77,0.816,-0.703,-0.584,-0.344,0.284,0.075,0.848,-0.276,0.407,0.091,0.768,0.687,0.649,0.389,0.318,0.718,0.342,0.593,-0.106,0.77,-0.703,0.25,-0.368,-0.855,-0.758,-0.239,0.902,0.873,-0.14,0.436,0.783,0.709,0.48,0.554,0.068,-0.508,-0.558,-0.884,-0.132,0.692,0.58,-0.196,0.891,0.187,-0.047,0.751,0.814,-0.388,0.594,-0.032,0.05,0.621,0.728,0.042,-0.204,-0.097,0.22,0.46,0.354,-0.036,0.225,0.57,-0.881,0.711,-0.36,-0.267,-0.778,0.062,-0.202,0.498,-0.022,-0.359,0.712,0.654,-0.619,-0.053,-0.033,0.848,0.513,0.605,-0.176,-0.588,0.384,0.785,0.795,-0.823,0.494,0.239,-0.485,0.431,-0.826,0.538,0.047,-0.407,-0.667,-0.211,0.77,0.76,0.235,-0.345,-0.801,-0.586,0.536,0.693,0.763,0.62,0.045,0.564,-0.469,0.599,0.073,-0.605,0.067,-0.467,-0.646,-0.122,0.297,-0.492,-0.396,-0.518,0.397,0.723,-0.361,0.439,0.57,0.663,0.401,0.606,0.643,-0.678,0.24,-0.068,-0.057,-0.731,-0.752,-0.714,-0.381,0.444,0.382,-0.043,0.52,-0.386,0.306,-0.072,0.344,0.768
CDW,-0.022,0.134,-0.486,0.453,0.511,0.505,0.485,0.463,-0.014,0.63,-0.03,0.176,0.458,0.834,0.326,0.139,0.555,0.464,-0.091,0.155,0.638,0.434,-0.016,-0.592,0.004,0.256,0.552,0.529,0.039,0.0,0.602,0.251,0.662,0.518,-0.48,0.279,0.433,0.41,0.561,0.583,-0.188,0.57,0.01,0.016,0.204,-0.189,0.607,0.123,0.117,0.118,0.276,0.529,-0.377,0.446,0.443,-0.112,0.632,0.763,0.781,0.688,0.187,0.548,0.7,0.492,0.35,0.406,0.424,0.644,0.417,0.4,0.132,0.128,0.314,0.159,0.496,0.21,0.638,-0.134,-0.143,-0.22,0.005,0.142,0.484,-0.328,0.059,-0.233,0.666,0.746,0.684,0.178,0.595,0.064,0.464,0.156,0.551,-0.623,0.022,0.653,-0.703,0.208,0.322,0.32,0.39,0.664,0.348,0.487,-0.146,-0.325,0.4,0.203,0.055,0.69,0.404,0.152,0.718,0.675,-0.209,0.142,0.665,0.465,-0.291,-0.623,0.371,0.606,0.177,0.68,0.564,0.608,0.136,0.856,0.614,0.382,0.501,0.73,0.081,-0.198,0.681,0.552,0.285,0.005,-0.124,0.622,0.34,0.199,-0.215,0.278,0.649,0.411,0.263,0.585,0.21,0.16,0.762,0.545,0.052,-0.326,0.4,-0.146,0.451,0.55,0.59,-0.236,0.322,0.63,-0.064,0.367,-0.149,0.545,0.586,-0.185,0.698,0.594,0.432,0.614,0.843,0.463,0.703,0.694,0.669,0.136,0.713,0.674,0.447,0.015,0.753,-0.256,0.607,-0.245,0.332,-0.349,0.076,0.612,0.758,0.848,-0.095,0.403,0.5,-0.065,0.766,-0.128
CDXS,0.492,-0.48,0.032,0.594,0.645,-0.149,0.671,-0.177,0.283,0.122,0.529,0.613,0.436,0.419,0.679,0.145,0.241,0.476,0.262,0.589,0.148,-0.095,0.528,-0.678,0.207,0.05,0.392,0.653,0.519,0.602,0.0,-0.166,0.756,0.118,-0.673,0.525,0.48,0.366,0.045,0.516,0.092,0.243,-0.31,-0.091,0.109,-0.665,0.258,0.526,0.302,0.519,0.729,0.717,0.11,0.74,0.729,-0.438,0.09,0.337,0.58,0.569,0.621,0.163,0.876,0.668,0.614,0.809,0.807,0.386,0.159,0.787,0.502,0.605,-0.048,0.644,0.03,0.022,0.121,-0.632,-0.478,0.02,0.555,0.574,0.001,0.274,0.613,0.385,0.639,0.777,0.62,-0.353,0.165,-0.312,-0.053,0.49,0.539,-0.286,0.538,0.406,-0.368,0.582,0.687,0.23,0.752,0.256,0.378,0.551,0.471,0.196,-0.09,-0.196,0.446,0.626,0.195,0.13,0.542,0.747,-0.585,0.662,0.038,-0.106,-0.66,-0.359,0.126,0.664,0.314,0.178,0.641,0.807,-0.198,0.567,0.211,0.702,0.754,0.843,0.273,-0.653,0.496,0.763,0.726,-0.403,0.383,0.811,-0.283,0.477,-0.591,0.658,0.274,-0.06,-0.234,0.199,0.679,0.572,0.758,0.13,-0.304,-0.555,0.653,0.209,0.788,0.81,0.614,0.141,-0.183,0.602,0.184,-0.203,0.319,0.146,0.099,-0.186,0.574,0.014,0.181,0.294,0.804,0.514,0.19,0.604,0.806,0.43,0.79,0.765,0.511,-0.435,0.803,0.054,0.252,-0.519,-0.06,-0.676,0.096,0.576,0.504,0.645,0.244,0.175,0.761,0.328,0.681,0.519
