,ABEO,ACHC,AGNCN,AKAM,AKRO,ALRM,AMAT,AMED,AMRN,ANGI,APA,APOG,APPS,ARCB,ARCC,ARVN,ATEC,ATXS,AVAV,AXON,BANF,BATRK,BIDU,BLNE,BLNK,BTAI,BYND,CAN,CCEC,CDW,CDXS,CELH,CGNX,CHKP,CHRS,CHRW,CIGI,CKPT,CMPR,COGT,CRNC,CRSP,CSTL,CTSH,CVGW,DGLY,DNLI,DOCU,DVAX,EBAY,EHTH,ERII,ESLT,EXPE,EXPO,FBIOP,FFBC,FFIN,FOXF,FWRD,GDS,GERN,GPRE,GRWG,GRYP,HEES,HELE,HIVE,HON,HRTX,HSTM,HURA,IART,IBKR,IBOC,IBRX,IDXX,INGN,INM,INVA,IQ,IRBT,KDP,KPTI,KTOS,KXIN,LAMR,LFUS,LGIH,LGMK,LKFN,LNW,LOPE,LPSN,LYFT,MGNX,MLCO,MNST,MODV,MSTR,MTCH,MYGN,MYRG,NCMI,NEXT,NFLX,NIU,NKTR,NRC,NTNX,NTRA,NVEE,NVMI,NWL,NWS,NXPI,OCGN,OCSL,OKTA,OLLI,OTLK,OXLC,PAA,PARA,PARAA,PDCO,PDFS,PFG,PGEN,PNFP,PODD,POWI,PSMT,PTC,PTEN,PVLA,RDNT,RDUS,RDWR,REGN,RNAC,ROCK,ROST,RRR,RSLS,RVMD,RYAAY,SAFT,SAGE,SAVA,SBGI,SFM,SFNC,SHYF,SIBN,SIFY,SIGI,SIMO,SITM,SLM,SNBR,SNDX,SNY,SPNS,SRRK,STRA,SUPN,SYRE,TCBK,TEAM,TECH,THRM,TLRY,TRMK,TROW,TSLA,TWST,TXN,UFPI,UNIT,UPWK,USLM,UTHR,VERB,VLY,VRNA,VRRM,VXRT,WAFD,WATT,WBA,WING,WIX,WTFC,WTW,XPEL,XRX,YMAB,ZG,ZLAB
ABEO,0.0,-0.892,0.698,0.552,0.222,-0.738,0.167,-0.721,0.043,-0.863,0.568,0.774,0.37,-0.872,0.704,0.317,-0.662,-0.445,0.736,0.835,-0.349,-0.755,0.59,0.456,0.628,-0.425,-0.369,-0.253,0.415,-0.567,0.187,-0.297,-0.271,0.423,-0.411,0.422,-0.248,0.203,-0.846,0.145,0.757,-0.574,0.073,0.124,-0.194,-0.618,-0.87,0.8,-0.461,0.856,0.747,0.556,0.871,0.78,0.336,-0.715,-0.442,-0.528,-0.859,-0.135,0.442,-0.772,-0.362,-0.202,-0.025,0.807,0.654,-0.416,0.423,-0.348,-0.011,0.486,0.302,0.849,-0.223,-0.294,-0.89,-0.884,-0.739,0.648,0.476,0.585,-0.82,0.842,0.8,0.703,-0.059,-0.56,-0.71,-0.722,-0.695,-0.415,-0.785,0.333,-0.254,0.673,0.764,-0.582,0.816,0.741,0.376,-0.622,0.659,-0.81,0.453,0.282,0.831,0.637,-0.77,0.368,0.54,0.084,0.071,0.305,-0.647,-0.129,-0.689,0.745,-0.041,-0.815,-0.845,0.805,-0.483,-0.22,0.261,-0.841,-0.141,0.48,-0.801,-0.262,-0.837,0.393,0.614,0.261,-0.008,-0.633,-0.568,0.084,0.58,-0.743,0.817,-0.376,-0.867,-0.385,-0.736,0.727,-0.788,-0.667,-0.831,-0.692,0.805,0.816,0.161,-0.869,-0.722,0.422,0.444,0.543,0.688,0.698,-0.554,0.331,-0.812,-0.166,0.697,-0.873,0.612,-0.284,-0.251,0.511,-0.752,-0.927,-0.69,0.003,-0.439,-0.395,-0.771,-0.581,0.355,0.259,-0.485,0.302,0.129,-0.534,-0.061,0.648,-0.592,-0.602,-0.22,-0.407,0.368,-0.749,-0.283,0.004,0.397,-0.031,0.083,0.551,-0.889,0.859
ACHC,-0.892,0.0,-0.716,-0.628,-0.319,0.754,-0.335,0.742,-0.125,0.903,-0.528,-0.758,-0.493,0.863,-0.763,-0.283,0.715,0.518,-0.744,-0.82,0.398,0.797,-0.687,-0.45,-0.642,0.43,0.147,0.142,-0.566,0.507,-0.288,0.259,0.126,-0.439,0.333,-0.506,0.183,-0.135,0.891,-0.148,-0.75,0.541,-0.04,-0.234,0.176,0.583,0.854,-0.808,0.487,-0.839,-0.755,-0.558,-0.874,-0.82,-0.425,0.682,0.472,0.58,0.877,0.214,-0.5,0.768,0.294,0.134,-0.159,-0.783,-0.668,0.288,-0.472,0.322,0.015,-0.52,-0.355,-0.868,0.239,0.082,0.83,0.943,0.758,-0.661,-0.602,-0.766,0.772,-0.844,-0.814,-0.743,0.074,0.46,0.68,0.718,0.746,0.528,0.782,-0.531,0.175,-0.702,-0.852,0.478,-0.873,-0.821,-0.495,0.626,-0.669,0.674,-0.467,-0.267,-0.852,-0.602,0.731,-0.356,-0.57,-0.185,-0.197,-0.438,0.599,-0.116,0.73,-0.874,0.056,0.848,0.849,-0.756,0.595,0.091,-0.112,0.77,-0.091,-0.501,0.762,0.299,0.857,-0.589,-0.586,-0.412,0.133,0.74,0.524,-0.273,-0.662,0.791,-0.808,0.41,0.849,0.283,0.758,-0.695,0.789,0.615,0.788,0.74,-0.834,-0.794,-0.133,0.824,0.796,-0.479,-0.487,-0.675,-0.787,-0.72,0.55,-0.434,0.794,0.069,-0.638,0.854,-0.595,0.29,0.279,-0.519,0.7,0.909,0.622,0.044,0.341,0.393,0.688,0.387,-0.394,-0.413,0.538,-0.317,-0.106,0.511,0.08,-0.611,0.615,0.568,0.206,0.265,-0.387,0.749,0.202,0.004,-0.451,-0.028,-0.174,-0.523,0.887,-0.925
AGNCN,0.698,-0.716,0.0,0.531,0.525,-0.516,0.016,-0.511,0.163,-0.629,0.41,0.592,0.532,-0.595,0.778,0.506,-0.513,-0.243,0.635,0.716,-0.008,-0.431,0.282,0.212,0.6,-0.178,-0.316,-0.06,0.488,-0.506,0.464,0.087,-0.009,0.49,-0.478,0.404,0.07,0.432,-0.614,0.326,0.527,-0.145,0.388,0.165,-0.068,-0.254,-0.637,0.711,-0.24,0.694,0.666,0.525,0.759,0.489,0.309,-0.523,-0.06,-0.163,-0.687,-0.156,0.385,-0.613,-0.595,-0.059,0.013,0.736,0.613,-0.235,0.548,-0.398,0.277,0.51,0.49,0.694,0.148,-0.113,-0.698,-0.635,-0.426,0.773,0.242,0.475,-0.588,0.748,0.816,0.478,0.155,-0.419,-0.274,-0.807,-0.352,-0.244,-0.736,0.166,-0.12,0.819,0.496,-0.227,0.831,0.644,0.432,-0.517,0.725,-0.544,0.525,0.003,0.511,0.694,-0.65,0.32,0.586,0.305,-0.006,0.448,-0.344,-0.092,-0.561,0.739,0.168,-0.778,-0.657,0.642,-0.497,-0.269,0.165,-0.561,-0.219,0.575,-0.42,0.011,-0.644,0.468,0.592,0.473,-0.045,-0.427,-0.246,-0.055,0.703,-0.458,0.585,-0.339,-0.623,-0.455,-0.489,0.696,-0.631,-0.401,-0.451,-0.51,0.728,0.69,0.462,-0.508,-0.547,0.602,0.7,0.211,0.48,0.614,-0.496,0.693,-0.681,-0.249,0.529,-0.624,0.832,0.06,0.121,0.611,-0.562,-0.734,-0.654,0.336,-0.077,-0.644,-0.414,-0.459,0.587,0.294,-0.565,0.467,0.115,-0.283,0.298,0.67,-0.503,-0.335,0.191,-0.42,0.65,-0.708,-0.245,0.297,0.431,-0.014,0.266,0.688,-0.592,0.711
AKAM,0.552,-0.628,0.531,0.0,0.599,-0.238,0.293,-0.156,-0.338,-0.518,0.357,0.708,0.709,-0.413,0.853,0.428,-0.616,-0.391,0.737,0.834,0.188,-0.43,0.11,0.045,0.731,-0.512,0.036,-0.44,0.358,-0.211,0.267,0.284,-0.122,0.905,-0.728,0.643,-0.076,0.457,-0.394,0.579,0.567,-0.137,0.425,0.16,-0.525,-0.23,-0.728,0.857,-0.818,0.733,0.798,0.802,0.723,0.767,0.188,-0.674,0.095,0.003,-0.534,0.15,0.328,-0.715,-0.547,-0.346,-0.158,0.787,0.832,0.124,0.862,-0.764,-0.426,0.326,0.814,0.8,0.319,-0.009,-0.681,-0.703,-0.701,0.429,0.006,0.372,-0.499,0.487,0.569,0.24,0.472,-0.404,-0.591,-0.804,-0.354,-0.306,-0.796,0.096,0.421,0.728,0.396,-0.026,0.523,0.867,0.41,-0.903,0.868,-0.356,0.845,0.475,0.369,0.322,-0.755,0.867,0.221,0.36,0.439,0.218,-0.298,0.211,-0.61,0.576,0.617,-0.435,-0.726,0.713,-0.149,-0.297,0.101,-0.499,0.037,0.859,-0.71,0.3,-0.377,0.533,0.424,0.746,-0.104,-0.428,-0.154,0.09,0.806,-0.659,0.576,-0.735,-0.636,-0.646,-0.469,0.762,-0.317,-0.297,-0.582,-0.548,0.85,0.801,0.579,-0.57,-0.731,0.85,0.666,0.218,0.707,0.757,-0.817,0.301,-0.733,-0.194,0.719,-0.715,0.544,0.051,0.248,0.874,-0.747,-0.646,-0.793,0.426,0.194,-0.665,-0.283,-0.137,0.777,0.159,-0.407,0.77,0.433,-0.324,0.344,0.742,-0.381,-0.71,0.29,-0.261,0.553,-0.754,0.328,0.537,0.115,0.068,-0.128,0.534,-0.632,0.491
AKRO,0.222,-0.319,0.525,0.599,0.0,-0.007,0.176,0.042,-0.076,-0.19,-0.146,0.344,0.681,-0.075,0.652,0.43,-0.342,-0.27,0.538,0.457,0.365,-0.063,-0.038,-0.122,0.362,-0.298,0.327,-0.195,0.567,-0.168,0.524,0.488,0.344,0.67,-0.643,0.649,0.469,0.444,-0.115,0.626,0.126,0.226,0.497,0.431,-0.153,0.082,-0.324,0.584,-0.343,0.351,0.533,0.423,0.437,0.364,0.337,-0.34,0.389,0.282,-0.196,-0.024,0.319,-0.406,-0.673,-0.247,0.143,0.452,0.435,0.435,0.754,-0.473,-0.078,0.436,0.733,0.409,0.492,0.389,-0.316,-0.323,-0.281,0.344,-0.045,0.301,-0.073,0.222,0.436,-0.016,0.543,0.001,-0.063,-0.555,0.003,-0.242,-0.416,0.168,0.578,0.571,0.216,0.426,0.386,0.543,0.512,-0.571,0.645,0.074,0.6,0.035,-0.02,0.22,-0.311,0.561,0.151,0.604,0.25,0.438,0.054,0.326,-0.447,0.432,0.556,-0.19,-0.337,0.353,-0.362,-0.074,-0.172,-0.11,0.13,0.765,-0.256,0.45,-0.074,0.626,0.318,0.738,-0.4,-0.226,0.296,0.111,0.721,-0.3,0.162,-0.662,-0.126,-0.421,-0.248,0.439,0.055,0.208,-0.092,-0.063,0.55,0.536,0.682,-0.116,-0.43,0.729,0.803,0.069,0.355,0.536,-0.513,0.672,-0.43,0.042,0.288,-0.24,0.497,0.421,0.453,0.684,-0.322,-0.306,-0.527,0.546,0.505,-0.563,0.16,0.092,0.651,0.3,-0.397,0.732,0.6,-0.002,0.483,0.434,-0.201,-0.4,0.444,-0.051,0.643,-0.43,0.518,0.612,0.204,-0.075,0.03,0.384,-0.153,0.338
ALRM,-0.738,0.754,-0.516,-0.238,-0.007,0.0,-0.28,0.743,-0.075,0.876,-0.565,-0.562,-0.06,0.868,-0.388,0.003,0.605,0.493,-0.474,-0.601,0.634,0.807,-0.732,-0.513,-0.389,0.5,0.263,0.085,-0.512,0.626,0.003,0.531,0.39,-0.08,0.068,-0.199,0.189,0.104,0.857,0.129,-0.525,0.683,0.188,-0.075,0.05,0.611,0.701,-0.526,0.283,-0.696,-0.525,-0.286,-0.673,-0.574,-0.325,0.505,0.707,0.77,0.845,0.277,-0.42,0.588,0.131,0.139,-0.059,-0.543,-0.349,0.408,-0.085,0.037,-0.198,-0.412,0.077,-0.686,0.52,0.324,0.756,0.761,0.65,-0.495,-0.63,-0.615,0.802,-0.795,-0.723,-0.803,0.441,0.584,0.695,0.475,0.806,0.505,0.561,-0.307,0.33,-0.464,-0.76,0.718,-0.765,-0.487,-0.258,0.34,-0.335,0.748,-0.208,-0.283,-0.886,-0.486,0.613,-0.051,-0.574,0.077,0.015,-0.07,0.681,0.103,0.587,-0.552,0.398,0.719,0.708,-0.695,0.387,0.126,-0.06,0.851,0.109,-0.09,0.603,0.623,0.751,-0.33,-0.283,0.023,-0.026,0.671,0.593,-0.265,-0.405,0.69,-0.763,0.142,0.747,0.015,0.689,-0.503,0.771,0.688,0.743,0.567,-0.579,-0.573,0.178,0.737,0.564,-0.162,-0.167,-0.683,-0.582,-0.309,0.34,-0.183,0.709,0.272,-0.439,0.773,-0.365,0.507,0.552,-0.195,0.626,0.815,0.426,0.333,0.6,0.193,0.756,0.48,-0.014,-0.15,0.504,0.125,0.187,0.542,0.386,-0.385,0.747,0.382,0.489,0.418,-0.023,0.455,0.48,0.351,-0.364,0.1,-0.115,-0.399,0.766,-0.752
AMAT,0.167,-0.335,0.016,0.293,0.176,-0.28,0.0,-0.098,0.045,-0.336,0.073,0.189,0.21,-0.264,0.125,-0.28,-0.426,-0.519,0.229,0.246,-0.348,-0.438,0.436,-0.008,0.06,-0.478,0.422,-0.081,0.346,0.133,-0.163,-0.18,0.04,0.197,0.054,0.292,0.064,-0.321,-0.258,-0.028,0.234,-0.352,-0.217,0.189,-0.199,-0.169,-0.334,0.259,-0.483,0.223,0.139,0.276,0.247,0.397,0.15,-0.248,-0.317,-0.374,-0.299,-0.313,0.16,-0.251,0.068,-0.206,0.139,0.225,0.241,0.072,0.227,-0.173,-0.356,0.119,0.048,0.35,-0.265,0.22,-0.098,-0.404,-0.409,-0.059,0.369,0.485,-0.21,0.173,0.128,0.208,-0.206,0.158,-0.412,-0.143,-0.458,-0.361,-0.183,0.365,0.166,0.159,0.46,-0.214,0.139,0.404,0.167,-0.221,0.135,-0.079,0.112,0.437,0.277,-0.119,-0.168,0.239,0.185,0.193,0.851,0.117,-0.286,0.722,-0.277,0.187,0.042,-0.199,-0.295,0.307,-0.255,0.101,-0.319,-0.218,0.756,0.113,-0.36,-0.318,-0.156,0.542,-0.142,0.294,-0.371,-0.412,-0.186,0.556,0.277,-0.381,0.229,-0.242,-0.272,0.014,-0.401,0.148,-0.02,-0.345,-0.402,-0.281,0.214,0.216,-0.146,-0.34,-0.436,0.243,0.008,0.684,0.652,0.192,-0.357,-0.011,-0.201,0.225,0.11,-0.27,-0.14,-0.314,-0.296,0.162,-0.148,-0.199,-0.117,-0.305,-0.107,0.037,-0.124,0.557,0.143,-0.014,-0.26,0.125,0.004,-0.165,-0.229,-0.01,-0.308,-0.371,-0.253,0.122,-0.252,-0.047,0.162,-0.127,0.194,0.05,-0.159,-0.063,-0.314,0.224
AMED,-0.721,0.742,-0.511,-0.156,0.042,0.743,-0.098,0.0,-0.352,0.758,-0.558,-0.418,0.016,0.822,-0.37,0.003,0.602,0.251,-0.587,-0.439,0.675,0.791,-0.832,-0.379,-0.202,0.269,0.323,0.115,-0.538,0.756,-0.021,0.596,0.106,0.11,0.043,-0.309,0.064,0.199,0.798,0.295,-0.469,0.694,0.263,-0.136,-0.059,0.639,0.528,-0.363,0.03,-0.592,-0.354,-0.072,-0.606,-0.447,-0.435,0.46,0.714,0.751,0.626,0.363,-0.64,0.543,0.014,0.009,-0.312,-0.39,-0.173,0.429,0.062,-0.127,-0.31,-0.333,0.113,-0.533,0.581,0.179,0.606,0.697,0.548,-0.417,-0.785,-0.651,0.559,-0.722,-0.678,-0.776,0.329,0.399,0.462,0.352,0.719,0.584,0.355,-0.504,0.408,-0.336,-0.805,0.546,-0.752,-0.391,-0.374,0.162,-0.159,0.579,-0.016,-0.023,-0.858,-0.56,0.381,0.182,-0.461,0.231,0.173,-0.206,0.53,0.193,0.598,-0.643,0.539,0.629,0.65,-0.412,0.462,0.036,-0.088,0.656,0.014,-0.021,0.465,0.597,0.689,-0.342,-0.308,0.151,-0.065,0.474,0.484,-0.175,-0.357,0.609,-0.558,0.102,0.651,-0.114,0.631,-0.249,0.839,0.523,0.635,0.598,-0.458,-0.491,0.266,0.592,0.493,0.018,-0.127,-0.623,-0.376,-0.281,0.162,-0.351,0.482,0.031,-0.258,0.612,-0.321,0.471,0.603,-0.017,0.386,0.729,0.28,0.4,0.62,0.018,0.758,0.519,0.139,-0.434,0.403,0.191,0.147,0.414,0.395,-0.255,0.419,0.249,0.534,0.391,-0.035,0.314,0.539,0.429,-0.445,0.252,-0.168,-0.228,0.659,-0.808
AMRN,0.043,-0.125,0.163,-0.338,-0.076,-0.075,0.045,-0.352,0.0,-0.071,-0.076,-0.205,-0.067,-0.085,-0.117,-0.159,0.03,-0.117,-0.107,-0.253,-0.304,-0.154,0.363,-0.026,-0.252,0.41,0.002,0.299,0.17,-0.123,0.027,-0.145,0.299,-0.415,0.301,0.061,0.308,-0.353,-0.102,-0.349,-0.031,-0.026,-0.317,0.099,0.251,-0.115,0.19,-0.234,0.447,-0.122,-0.24,-0.283,-0.088,-0.225,0.312,0.337,-0.19,-0.247,0.002,-0.461,0.098,0.311,0.356,0.54,0.512,-0.206,-0.19,-0.248,-0.263,0.354,0.376,0.035,-0.193,-0.192,-0.27,0.201,0.233,0.036,0.255,0.078,0.469,0.395,0.187,0.147,-0.06,0.183,-0.374,0.27,0.352,0.189,-0.063,-0.182,0.222,0.496,-0.336,-0.081,0.254,0.081,0.164,-0.155,0.18,0.414,-0.284,0.196,-0.469,-0.219,0.066,0.311,0.37,-0.56,0.225,0.044,-0.079,0.519,0.13,0.085,0.049,0.222,-0.394,-0.15,0.103,-0.202,-0.426,0.319,-0.218,0.211,0.326,-0.298,0.316,-0.316,-0.168,0.173,0.151,-0.138,-0.302,-0.07,-0.097,0.254,-0.077,0.17,-0.189,0.232,0.141,0.359,-0.063,-0.229,-0.118,0.025,0.168,0.109,-0.202,-0.212,-0.296,0.131,0.119,-0.337,0.014,0.259,-0.18,-0.067,0.424,0.389,0.327,0.517,-0.39,0.251,-0.052,-0.131,-0.246,-0.339,0.452,0.082,0.391,-0.32,-0.134,0.3,-0.044,0.066,-0.28,0.354,-0.042,-0.218,-0.191,0.003,-0.124,-0.322,0.051,0.422,-0.197,0.072,-0.073,0.176,-0.227,-0.292,0.474,0.178,0.365,-0.171,0.066,0.248
ANGI,-0.863,0.903,-0.629,-0.518,-0.19,0.876,-0.336,0.758,-0.071,0.0,-0.483,-0.687,-0.32,0.874,-0.625,-0.102,0.752,0.66,-0.731,-0.756,0.533,0.887,-0.757,-0.398,-0.524,0.549,0.123,0.244,-0.597,0.6,-0.091,0.438,0.255,-0.316,0.317,-0.523,0.152,-0.002,0.892,-0.017,-0.715,0.687,0.098,-0.237,0.229,0.647,0.883,-0.75,0.502,-0.877,-0.677,-0.505,-0.86,-0.798,-0.476,0.681,0.613,0.711,0.893,0.227,-0.525,0.764,0.299,0.177,-0.198,-0.69,-0.552,0.299,-0.376,0.291,0.019,-0.524,-0.213,-0.832,0.407,0.146,0.844,0.921,0.807,-0.525,-0.654,-0.776,0.769,-0.799,-0.781,-0.748,0.171,0.533,0.767,0.623,0.849,0.676,0.688,-0.447,0.157,-0.57,-0.881,0.565,-0.817,-0.72,-0.49,0.573,-0.542,0.689,-0.376,-0.351,-0.887,-0.465,0.675,-0.255,-0.499,-0.134,-0.127,-0.206,0.611,-0.007,0.809,-0.762,0.201,0.792,0.89,-0.776,0.528,0.032,-0.0,0.837,-0.032,-0.343,0.801,0.482,0.821,-0.527,-0.461,-0.255,0.186,0.757,0.541,-0.349,-0.575,0.889,-0.788,0.392,0.844,0.214,0.809,-0.622,0.743,0.671,0.844,0.633,-0.751,-0.787,0.012,0.842,0.826,-0.371,-0.371,-0.735,-0.715,-0.564,0.523,-0.329,0.797,0.124,-0.593,0.869,-0.425,0.438,0.449,-0.393,0.725,0.91,0.598,0.209,0.484,0.241,0.756,0.448,-0.242,-0.378,0.618,-0.167,-0.106,0.618,0.3,-0.51,0.673,0.621,0.403,0.353,-0.241,0.671,0.261,0.173,-0.484,0.093,-0.013,-0.384,0.881,-0.847
APA,0.568,-0.528,0.41,0.357,-0.146,-0.565,0.073,-0.558,-0.076,-0.483,0.0,0.548,-0.021,-0.643,0.378,0.15,-0.443,-0.006,0.373,0.589,-0.306,-0.539,0.315,0.333,0.455,-0.265,-0.708,-0.184,0.094,-0.497,-0.128,-0.165,-0.581,0.244,-0.111,-0.088,-0.447,0.091,-0.51,-0.003,0.4,-0.432,0.068,-0.37,-0.227,-0.361,-0.484,0.353,-0.299,0.535,0.444,0.344,0.483,0.328,-0.172,-0.445,-0.423,-0.415,-0.594,-0.096,0.292,-0.493,0.015,-0.148,-0.432,0.571,0.44,-0.572,0.05,-0.204,0.126,-0.053,0.055,0.595,-0.21,-0.689,-0.615,-0.533,-0.506,0.454,0.207,0.154,-0.71,0.682,0.596,0.611,-0.279,-0.719,-0.521,-0.539,-0.468,-0.052,-0.587,-0.095,-0.378,0.529,0.344,-0.64,0.608,0.386,-0.098,-0.311,0.351,-0.721,0.355,0.368,0.66,0.623,-0.695,0.233,0.533,-0.398,0.013,-0.088,-0.654,-0.277,-0.248,0.337,-0.046,-0.479,-0.569,0.582,0.206,-0.566,0.384,-0.669,-0.348,0.153,-0.379,-0.251,-0.461,-0.005,0.135,-0.074,0.65,-0.269,-0.57,-0.273,0.365,-0.368,0.653,-0.06,-0.724,-0.172,-0.313,0.51,-0.787,-0.619,-0.607,-0.735,0.498,0.409,-0.015,-0.577,-0.22,0.253,0.096,0.183,0.432,0.245,-0.362,-0.02,-0.561,-0.545,0.443,-0.665,0.473,-0.337,-0.253,0.331,-0.594,-0.625,-0.412,-0.073,-0.465,-0.433,-0.656,-0.451,0.168,-0.244,-0.096,-0.046,-0.449,-0.282,-0.036,0.547,-0.542,-0.209,-0.114,-0.534,-0.027,-0.362,-0.586,-0.108,0.074,0.029,0.084,0.54,-0.635,0.499
APOG,0.774,-0.758,0.592,0.708,0.344,-0.562,0.189,-0.418,-0.205,-0.687,0.548,0.0,0.58,-0.63,0.815,0.533,-0.417,-0.272,0.631,0.899,0.039,-0.487,0.279,0.527,0.904,-0.322,-0.275,-0.1,0.32,-0.306,0.423,-0.035,-0.169,0.636,-0.471,0.335,-0.421,0.476,-0.632,0.527,0.679,-0.233,0.422,0.203,-0.106,-0.311,-0.772,0.825,-0.589,0.818,0.917,0.612,0.824,0.83,0.259,-0.631,-0.094,-0.179,-0.723,0.164,0.277,-0.767,-0.422,-0.127,-0.23,0.889,0.688,-0.06,0.58,-0.471,-0.222,0.549,0.483,0.876,0.166,-0.205,-0.817,-0.752,-0.698,0.739,0.173,0.424,-0.822,0.748,0.714,0.509,0.207,-0.457,-0.654,-0.745,-0.406,-0.166,-0.843,0.246,0.031,0.789,0.532,-0.389,0.703,0.829,0.413,-0.682,0.776,-0.646,0.744,0.29,0.676,0.583,-0.86,0.639,0.551,0.311,0.206,0.23,-0.487,0.09,-0.456,0.672,0.208,-0.655,-0.694,0.803,-0.254,-0.252,0.329,-0.661,-0.155,0.724,-0.713,0.118,-0.726,0.471,0.699,0.554,0.172,-0.666,-0.32,-0.058,0.66,-0.643,0.894,-0.411,-0.761,-0.343,-0.543,0.833,-0.565,-0.456,-0.674,-0.544,0.888,0.817,0.489,-0.69,-0.551,0.66,0.605,0.37,0.8,0.825,-0.542,0.278,-0.854,-0.29,0.823,-0.812,0.69,0.066,0.121,0.756,-0.833,-0.805,-0.69,0.363,-0.02,-0.613,-0.433,-0.368,0.545,0.154,-0.196,0.501,0.194,-0.336,0.276,0.866,-0.59,-0.605,0.156,-0.316,0.531,-0.82,-0.08,0.385,0.045,0.057,0.253,0.746,-0.73,0.712
APPS,0.37,-0.493,0.532,0.709,0.681,-0.06,0.21,0.016,-0.067,-0.32,-0.021,0.58,0.0,-0.119,0.789,0.697,-0.204,-0.284,0.506,0.639,0.458,-0.111,-0.049,0.126,0.738,-0.117,0.183,0.062,0.318,0.026,0.67,0.416,0.335,0.745,-0.518,0.553,-0.015,0.685,-0.22,0.682,0.573,0.303,0.638,0.346,-0.05,0.056,-0.483,0.735,-0.532,0.518,0.709,0.663,0.628,0.584,0.249,-0.357,0.424,0.293,-0.397,0.262,0.071,-0.471,-0.531,0.052,0.05,0.67,0.62,0.317,0.861,-0.651,-0.335,0.467,0.816,0.566,0.604,0.42,-0.408,-0.429,-0.301,0.629,-0.08,0.314,-0.318,0.329,0.447,-0.029,0.525,0.041,-0.164,-0.629,-0.002,-0.081,-0.643,0.264,0.441,0.744,0.246,0.224,0.422,0.794,0.547,-0.627,0.807,-0.071,0.769,0.052,0.158,0.37,-0.497,0.661,0.369,0.731,0.422,0.522,-0.017,0.437,-0.324,0.59,0.566,-0.481,-0.379,0.501,-0.427,0.021,0.118,-0.134,0.174,0.817,-0.38,0.495,-0.358,0.638,0.591,0.867,-0.302,-0.475,0.128,0.104,0.721,-0.336,0.386,-0.556,-0.36,-0.521,-0.249,0.667,-0.071,-0.058,-0.224,-0.14,0.692,0.631,0.755,-0.262,-0.529,0.826,0.772,0.141,0.6,0.854,-0.523,0.564,-0.51,0.007,0.65,-0.387,0.633,0.388,0.562,0.801,-0.457,-0.412,-0.526,0.655,0.465,-0.665,0.127,0.081,0.806,0.3,-0.354,0.871,0.454,-0.016,0.614,0.643,-0.081,-0.447,0.565,0.138,0.783,-0.742,0.421,0.736,0.149,0.214,0.226,0.585,-0.351,0.402
ARCB,-0.872,0.863,-0.595,-0.413,-0.075,0.868,-0.264,0.822,-0.085,0.874,-0.643,-0.63,-0.119,0.0,-0.517,-0.055,0.755,0.44,-0.645,-0.71,0.638,0.87,-0.735,-0.439,-0.428,0.539,0.331,0.266,-0.492,0.649,0.018,0.474,0.38,-0.232,0.219,-0.286,0.211,0.076,0.91,0.107,-0.623,0.766,0.156,-0.056,0.203,0.699,0.788,-0.63,0.374,-0.75,-0.584,-0.399,-0.756,-0.665,-0.256,0.663,0.722,0.776,0.872,0.334,-0.508,0.703,0.197,0.292,-0.022,-0.645,-0.526,0.502,-0.187,0.133,-0.095,-0.354,-0.052,-0.78,0.511,0.366,0.836,0.888,0.756,-0.492,-0.622,-0.621,0.807,-0.837,-0.776,-0.815,0.307,0.614,0.763,0.599,0.866,0.492,0.66,-0.335,0.392,-0.527,-0.813,0.718,-0.804,-0.605,-0.256,0.481,-0.456,0.826,-0.255,-0.306,-0.9,-0.555,0.698,-0.184,-0.538,0.155,-0.047,-0.18,0.76,0.169,0.684,-0.674,0.26,0.774,0.817,-0.717,0.454,0.232,-0.147,0.902,0.087,-0.238,0.739,0.547,0.814,-0.316,-0.349,-0.042,-0.033,0.65,0.666,-0.175,-0.48,0.734,-0.785,0.244,0.857,0.194,0.737,-0.554,0.868,0.758,0.854,0.771,-0.68,-0.668,0.148,0.864,0.675,-0.248,-0.205,-0.649,-0.622,-0.441,0.492,-0.2,0.745,0.251,-0.518,0.865,-0.446,0.515,0.549,-0.301,0.679,0.901,0.569,0.307,0.661,0.251,0.883,0.566,-0.128,-0.181,0.539,-0.003,0.09,0.53,0.351,-0.481,0.679,0.533,0.481,0.441,-0.079,0.53,0.455,0.307,-0.428,0.113,-0.002,-0.412,0.891,-0.84
ARCC,0.704,-0.763,0.778,0.853,0.652,-0.388,0.125,-0.37,-0.117,-0.625,0.378,0.815,0.789,-0.517,0.0,0.631,-0.52,-0.288,0.761,0.889,0.198,-0.419,0.197,0.27,0.835,-0.285,-0.143,-0.179,0.476,-0.375,0.581,0.224,0.067,0.776,-0.664,0.595,-0.111,0.601,-0.592,0.618,0.62,-0.054,0.561,0.295,-0.223,-0.223,-0.743,0.895,-0.559,0.788,0.884,0.668,0.855,0.742,0.367,-0.613,0.117,0.0,-0.647,0.087,0.395,-0.756,-0.651,-0.155,-0.003,0.868,0.739,0.075,0.793,-0.621,-0.156,0.605,0.765,0.851,0.361,0.038,-0.776,-0.734,-0.592,0.746,0.134,0.494,-0.603,0.699,0.759,0.403,0.455,-0.372,-0.45,-0.859,-0.3,-0.278,-0.86,0.28,0.226,0.896,0.497,-0.07,0.753,0.884,0.585,-0.779,0.901,-0.438,0.83,0.136,0.511,0.601,-0.778,0.691,0.469,0.448,0.234,0.415,-0.328,0.123,-0.602,0.788,0.42,-0.654,-0.721,0.729,-0.405,-0.268,0.162,-0.529,-0.091,0.879,-0.628,0.306,-0.629,0.629,0.699,0.761,-0.056,-0.529,-0.108,-0.061,0.862,-0.625,0.692,-0.642,-0.67,-0.544,-0.513,0.816,-0.502,-0.3,-0.532,-0.489,0.929,0.862,0.682,-0.563,-0.673,0.836,0.827,0.25,0.707,0.878,-0.651,0.596,-0.816,-0.193,0.753,-0.729,0.8,0.236,0.315,0.867,-0.745,-0.773,-0.766,0.54,0.175,-0.748,-0.29,-0.325,0.738,0.381,-0.413,0.754,0.391,-0.246,0.461,0.871,-0.456,-0.588,0.357,-0.306,0.78,-0.883,0.128,0.58,0.167,-0.019,0.21,0.734,-0.659,0.711
ARVN,0.317,-0.283,0.506,0.428,0.43,0.003,-0.28,0.003,-0.159,-0.102,0.15,0.533,0.697,-0.055,0.631,0.0,0.142,0.22,0.276,0.518,0.604,0.144,-0.296,0.384,0.71,0.132,-0.261,0.234,0.052,-0.026,0.696,0.357,0.229,0.533,-0.394,0.134,-0.231,0.844,-0.116,0.655,0.401,0.446,0.768,0.078,0.261,0.203,-0.236,0.522,-0.183,0.361,0.621,0.463,0.458,0.32,0.001,-0.216,0.515,0.444,-0.221,0.487,-0.092,-0.295,-0.401,0.182,-0.258,0.61,0.43,0.163,0.553,-0.418,-0.018,0.322,0.591,0.378,0.683,0.081,-0.375,-0.179,-0.049,0.76,-0.319,-0.068,-0.386,0.327,0.436,-0.061,0.463,-0.123,0.012,-0.553,0.26,0.311,-0.557,-0.045,0.154,0.689,-0.06,0.099,0.349,0.512,0.238,-0.376,0.664,-0.204,0.689,-0.168,0.099,0.542,-0.502,0.482,0.433,0.425,-0.013,0.357,-0.046,-0.005,-0.01,0.384,0.393,-0.397,-0.123,0.366,-0.171,-0.209,0.521,-0.112,-0.318,0.635,-0.122,0.614,-0.304,0.22,0.624,0.509,0.211,-0.204,0.11,-0.361,0.483,-0.031,0.409,-0.245,-0.263,-0.448,-0.028,0.66,-0.18,0.024,-0.038,-0.05,0.536,0.46,0.766,-0.102,-0.121,0.615,0.586,-0.227,0.316,0.672,-0.246,0.422,-0.421,-0.241,0.595,-0.274,0.772,0.514,0.663,0.647,-0.418,-0.317,-0.404,0.783,0.413,-0.727,0.12,-0.251,0.675,0.079,-0.033,0.647,0.263,0.165,0.711,0.691,0.029,-0.166,0.664,0.053,0.769,-0.65,0.108,0.71,-0.151,0.215,0.421,0.759,-0.166,0.278
ATEC,-0.662,0.715,-0.513,-0.616,-0.342,0.605,-0.426,0.602,0.03,0.752,-0.443,-0.417,-0.204,0.755,-0.52,0.142,0.0,0.61,-0.779,-0.638,0.535,0.855,-0.631,0.069,-0.23,0.766,-0.006,0.638,-0.604,0.602,0.205,0.23,0.326,-0.444,0.456,-0.635,-0.172,0.16,0.667,0.017,-0.459,0.739,0.179,-0.059,0.577,0.632,0.758,-0.641,0.602,-0.689,-0.458,-0.512,-0.669,-0.615,-0.28,0.728,0.573,0.629,0.686,0.379,-0.592,0.703,0.371,0.524,-0.101,-0.519,-0.556,0.265,-0.432,0.399,0.115,-0.191,-0.311,-0.711,0.411,0.147,0.689,0.841,0.832,-0.144,-0.511,-0.628,0.497,-0.567,-0.643,-0.573,0.051,0.543,0.728,0.611,0.843,0.711,0.555,-0.224,-0.066,-0.436,-0.731,0.368,-0.633,-0.625,-0.338,0.665,-0.48,0.524,-0.335,-0.523,-0.629,-0.216,0.563,-0.371,-0.219,0.068,-0.29,-0.059,0.595,0.018,0.863,-0.528,-0.075,0.502,0.863,-0.621,0.334,0.248,0.168,0.753,-0.134,-0.364,0.766,0.432,0.442,-0.431,-0.086,-0.198,0.253,0.447,0.431,-0.349,-0.631,0.831,-0.504,0.605,0.71,0.387,0.731,-0.445,0.591,0.586,0.803,0.706,-0.635,-0.693,0.062,0.762,0.824,-0.419,-0.308,-0.59,-0.57,-0.357,0.749,-0.262,0.654,0.116,-0.382,0.761,-0.245,0.515,0.465,-0.405,0.604,0.75,0.656,0.276,0.447,0.243,0.701,0.306,-0.277,-0.203,0.684,-0.218,-0.16,0.531,0.331,-0.339,0.558,0.686,0.412,0.437,-0.045,0.408,0.063,0.193,-0.463,0.23,0.398,-0.169,0.741,-0.626
ATXS,-0.445,0.518,-0.243,-0.391,-0.27,0.493,-0.519,0.251,-0.117,0.66,-0.006,-0.272,-0.284,0.44,-0.288,0.22,0.61,0.0,-0.433,-0.395,0.398,0.63,-0.515,-0.001,-0.168,0.54,-0.333,0.331,-0.424,0.198,0.155,0.128,0.234,-0.327,0.266,-0.57,-0.136,0.182,0.444,0.02,-0.456,0.485,0.324,-0.162,0.438,0.482,0.64,-0.52,0.576,-0.497,-0.359,-0.466,-0.449,-0.547,-0.316,0.363,0.407,0.503,0.571,0.283,-0.187,0.38,0.169,0.218,-0.328,-0.335,-0.452,0.11,-0.447,0.375,0.308,-0.25,-0.283,-0.458,0.314,-0.09,0.389,0.588,0.563,-0.06,-0.425,-0.623,0.297,-0.281,-0.278,-0.31,0.192,0.231,0.546,0.312,0.653,0.611,0.371,-0.341,-0.137,-0.21,-0.611,0.159,-0.348,-0.471,-0.314,0.519,-0.352,0.22,-0.18,-0.539,-0.377,0.017,0.276,-0.261,-0.078,-0.311,-0.377,-0.238,0.308,-0.291,0.626,-0.4,-0.066,0.394,0.592,-0.506,0.411,-0.253,0.376,0.432,-0.363,-0.215,0.606,0.383,0.361,-0.421,-0.15,-0.315,0.642,0.6,0.385,-0.661,-0.332,0.647,-0.319,0.458,0.425,0.244,0.577,-0.34,0.161,0.358,0.547,0.295,-0.39,-0.452,0.108,0.571,0.725,-0.284,-0.244,-0.636,-0.501,-0.345,0.462,-0.132,0.393,-0.187,-0.274,0.46,0.032,0.481,0.36,-0.256,0.368,0.443,0.379,0.285,0.22,-0.004,0.412,-0.017,-0.204,-0.247,0.596,-0.23,-0.29,0.597,0.346,-0.063,0.441,0.55,0.352,0.023,-0.038,0.38,-0.231,0.161,-0.538,-0.124,0.269,0.06,0.545,-0.412
AVAV,0.736,-0.744,0.635,0.737,0.538,-0.474,0.229,-0.587,-0.107,-0.731,0.373,0.631,0.506,-0.645,0.761,0.276,-0.779,-0.433,0.0,0.769,-0.167,-0.679,0.48,0.035,0.494,-0.583,-0.035,-0.517,0.666,-0.619,0.183,-0.12,-0.012,0.58,-0.684,0.796,0.113,0.228,-0.588,0.284,0.565,-0.448,0.227,0.335,-0.34,-0.442,-0.757,0.789,-0.566,0.825,0.691,0.551,0.845,0.717,0.454,-0.774,-0.234,-0.32,-0.627,-0.111,0.676,-0.838,-0.582,-0.409,0.133,0.707,0.584,0.01,0.628,-0.5,-0.161,0.441,0.533,0.785,-0.045,0.057,-0.78,-0.814,-0.798,0.421,0.388,0.555,-0.499,0.591,0.797,0.428,0.339,-0.392,-0.608,-0.722,-0.579,-0.616,-0.627,0.303,0.252,0.643,0.687,-0.149,0.699,0.796,0.598,-0.718,0.669,-0.453,0.601,0.286,0.6,0.407,-0.622,0.511,0.295,0.236,0.194,0.198,-0.385,0.025,-0.847,0.681,0.183,-0.539,-0.849,0.645,-0.374,-0.165,0.046,-0.646,0.037,0.668,-0.749,-0.064,-0.499,0.599,0.401,0.447,-0.174,-0.463,-0.132,0.139,0.795,-0.811,0.573,-0.665,-0.693,-0.45,-0.627,0.584,-0.53,-0.36,-0.721,-0.592,0.803,0.892,0.334,-0.647,-0.824,0.624,0.624,0.418,0.588,0.662,-0.714,0.536,-0.744,-0.122,0.59,-0.761,0.508,-0.126,-0.098,0.625,-0.702,-0.806,-0.767,0.126,-0.157,-0.416,-0.516,-0.35,0.476,0.37,-0.614,0.517,0.445,-0.365,0.012,0.602,-0.381,-0.754,-0.098,-0.377,0.438,-0.631,0.051,0.187,0.437,-0.296,-0.201,0.404,-0.695,0.694
AXON,0.835,-0.82,0.716,0.834,0.457,-0.601,0.246,-0.439,-0.253,-0.756,0.589,0.899,0.639,-0.71,0.889,0.518,-0.638,-0.395,0.769,0.0,-0.007,-0.6,0.282,0.353,0.857,-0.518,-0.292,-0.315,0.402,-0.426,0.316,0.016,-0.265,0.777,-0.615,0.475,-0.283,0.5,-0.687,0.478,0.745,-0.318,0.438,0.114,-0.321,-0.386,-0.887,0.944,-0.716,0.9,0.913,0.789,0.92,0.836,0.2,-0.756,-0.133,-0.228,-0.832,0.088,0.33,-0.854,-0.578,-0.298,-0.251,0.963,0.821,-0.158,0.725,-0.657,-0.206,0.457,0.604,0.962,0.148,-0.241,-0.921,-0.851,-0.778,0.716,0.146,0.441,-0.842,0.79,0.831,0.519,0.235,-0.601,-0.721,-0.912,-0.523,-0.262,-0.952,0.124,0.08,0.889,0.556,-0.416,0.776,0.917,0.392,-0.83,0.903,-0.718,0.827,0.399,0.675,0.598,-0.949,0.741,0.572,0.272,0.304,0.208,-0.596,0.027,-0.637,0.703,0.343,-0.735,-0.837,0.91,-0.28,-0.399,0.291,-0.793,-0.167,0.768,-0.807,0.074,-0.694,0.478,0.574,0.571,0.081,-0.643,-0.359,-0.048,0.806,-0.732,0.87,-0.581,-0.869,-0.599,-0.618,0.921,-0.64,-0.589,-0.779,-0.66,0.963,0.927,0.503,-0.796,-0.735,0.801,0.643,0.36,0.825,0.824,-0.78,0.338,-0.942,-0.388,0.869,-0.918,0.753,-0.037,0.095,0.843,-0.924,-0.905,-0.854,0.345,-0.125,-0.733,-0.543,-0.418,0.702,0.094,-0.458,0.617,0.23,-0.36,0.25,0.896,-0.606,-0.731,0.145,-0.388,0.543,-0.874,-0.063,0.378,0.188,0.015,0.026,0.766,-0.834,0.715
BANF,-0.349,0.398,-0.008,0.188,0.365,0.634,-0.348,0.675,-0.304,0.533,-0.306,0.039,0.458,0.638,0.198,0.604,0.535,0.398,-0.167,-0.007,0.0,0.73,-0.823,-0.155,0.3,0.406,0.014,0.172,-0.319,0.42,0.513,0.744,0.323,0.41,-0.318,-0.044,-0.017,0.743,0.569,0.687,-0.171,0.87,0.764,0.053,0.118,0.635,0.279,0.033,0.004,-0.192,0.138,0.137,-0.146,-0.183,-0.181,0.246,0.969,0.957,0.41,0.556,-0.39,0.166,-0.358,0.147,-0.307,0.081,0.085,0.496,0.415,-0.372,-0.167,0.047,0.524,-0.164,0.962,0.217,0.226,0.448,0.393,0.171,-0.78,-0.526,0.276,-0.324,-0.204,-0.614,0.689,0.252,0.472,-0.095,0.811,0.579,-0.04,-0.385,0.488,0.212,-0.642,0.621,-0.291,0.012,0.006,-0.097,0.29,0.388,0.452,-0.253,-0.605,-0.019,0.02,0.409,-0.134,0.481,0.02,0.069,0.526,0.108,0.407,-0.189,0.679,0.281,0.373,-0.143,0.299,-0.097,0.218,0.489,-0.241,0.466,0.329,0.949,0.361,-0.04,0.235,0.485,0.135,0.304,0.592,-0.47,0.111,0.437,-0.22,-0.115,0.367,-0.318,0.495,0.158,0.509,0.546,0.516,0.426,0.017,-0.043,0.806,0.484,0.322,0.422,0.424,-0.7,-0.161,0.233,0.022,0.15,0.114,-0.11,0.139,0.326,0.295,0.814,0.966,0.425,0.051,0.344,-0.067,0.901,0.83,-0.465,0.694,0.202,0.511,-0.134,0.328,0.601,0.329,0.446,0.871,0.294,0.369,0.118,0.915,0.166,0.579,-0.175,0.478,0.88,-0.405,0.179,0.206,0.308,0.436,-0.408
BATRK,-0.755,0.797,-0.431,-0.43,-0.063,0.807,-0.438,0.791,-0.154,0.887,-0.539,-0.487,-0.111,0.87,-0.419,0.144,0.855,0.63,-0.679,-0.6,0.73,0.0,-0.835,-0.215,-0.262,0.656,0.11,0.409,-0.557,0.622,0.235,0.512,0.355,-0.203,0.206,-0.504,0.036,0.275,0.791,0.216,-0.609,0.851,0.335,-0.031,0.356,0.727,0.766,-0.566,0.504,-0.728,-0.463,-0.406,-0.699,-0.658,-0.332,0.643,0.779,0.842,0.77,0.367,-0.57,0.635,0.081,0.282,-0.181,-0.521,-0.445,0.418,-0.211,0.203,0.094,-0.232,-0.082,-0.707,0.618,0.202,0.714,0.871,0.806,-0.26,-0.714,-0.726,0.644,-0.691,-0.629,-0.713,0.327,0.513,0.798,0.486,0.948,0.731,0.522,-0.418,0.177,-0.379,-0.872,0.602,-0.679,-0.596,-0.311,0.487,-0.339,0.631,-0.191,-0.486,-0.851,-0.368,0.542,-0.154,-0.388,0.157,-0.221,-0.097,0.698,0.044,0.772,-0.571,0.26,0.626,0.844,-0.653,0.403,0.113,0.055,0.803,-0.174,-0.155,0.754,0.647,0.639,-0.394,-0.174,-0.022,0.176,0.585,0.621,-0.416,-0.483,0.838,-0.613,0.391,0.795,0.147,0.788,-0.434,0.727,0.714,0.865,0.695,-0.591,-0.638,0.274,0.824,0.771,-0.211,-0.14,-0.768,-0.601,-0.354,0.532,-0.177,0.628,0.043,-0.415,0.791,-0.182,0.67,0.666,-0.224,0.573,0.797,0.485,0.479,0.637,0.081,0.832,0.386,-0.062,-0.229,0.588,-0.004,0.011,0.594,0.508,-0.283,0.559,0.564,0.612,0.382,0.084,0.414,0.287,0.402,-0.506,0.133,0.203,-0.18,0.84,-0.754
BIDU,0.59,-0.687,0.282,0.11,-0.038,-0.732,0.436,-0.832,0.363,-0.757,0.315,0.279,-0.049,-0.735,0.197,-0.296,-0.631,-0.515,0.48,0.282,-0.823,-0.835,0.0,0.311,0.018,-0.395,0.109,-0.062,0.618,-0.514,-0.1,-0.639,-0.048,-0.182,0.081,0.382,0.078,-0.498,-0.752,-0.383,0.383,-0.774,-0.546,0.272,-0.025,-0.663,-0.505,0.283,-0.124,0.472,0.226,0.014,0.477,0.491,0.522,-0.371,-0.817,-0.873,-0.565,-0.518,0.661,-0.406,0.157,-0.065,0.526,0.222,0.12,-0.287,-0.087,0.209,0.126,0.364,-0.198,0.434,-0.746,0.052,-0.439,-0.685,-0.57,0.148,0.967,0.801,-0.42,0.544,0.47,0.754,-0.487,-0.18,-0.528,-0.143,-0.831,-0.759,-0.195,0.693,-0.272,0.116,0.928,-0.472,0.6,0.343,0.382,-0.147,0.022,-0.394,-0.15,0.18,0.801,0.249,-0.194,-0.222,0.281,-0.116,0.068,0.252,-0.464,0.119,-0.629,0.563,-0.582,-0.504,-0.586,0.331,-0.556,0.246,-0.192,-0.551,0.364,-0.092,-0.49,-0.758,-0.606,0.482,0.162,-0.1,-0.285,-0.528,-0.5,0.598,0.239,-0.66,0.437,-0.121,-0.508,0.269,-0.706,0.087,-0.605,-0.465,-0.613,-0.477,0.329,0.355,-0.458,-0.58,-0.578,-0.138,-0.0,0.885,0.45,0.172,-0.137,0.231,-0.348,0.265,0.092,-0.5,0.002,-0.612,-0.767,-0.116,-0.237,-0.578,-0.129,-0.635,-0.58,0.243,-0.663,-0.185,-0.273,0.484,-0.414,-0.269,-0.091,-0.522,-0.614,-0.026,-0.449,-0.288,-0.728,-0.16,-0.168,-0.168,-0.296,-0.584,0.518,-0.156,0.065,-0.064,-0.602,0.752
BLNE,0.456,-0.45,0.212,0.045,-0.122,-0.513,-0.008,-0.379,-0.026,-0.398,0.333,0.527,0.126,-0.439,0.27,0.384,0.069,-0.001,0.035,0.353,-0.155,-0.215,0.311,0.0,0.505,0.061,-0.273,0.438,0.013,-0.051,0.363,-0.299,-0.078,-0.027,0.238,-0.221,-0.568,0.19,-0.528,0.017,0.43,-0.153,0.006,0.08,0.392,-0.199,-0.325,0.317,-0.029,0.322,0.466,0.112,0.333,0.408,0.069,-0.177,-0.235,-0.279,-0.447,0.126,-0.018,-0.289,0.175,0.236,-0.034,0.406,0.207,-0.222,-0.057,0.162,0.154,0.363,-0.11,0.353,-0.105,-0.208,-0.393,-0.351,-0.19,0.557,0.274,0.205,-0.621,0.484,0.35,0.466,-0.303,-0.197,-0.299,-0.186,-0.216,0.089,-0.405,0.304,-0.434,0.291,0.353,-0.469,0.408,0.273,0.03,-0.099,0.228,-0.511,0.164,-0.06,0.553,0.407,-0.41,0.011,0.404,0.063,-0.142,0.283,-0.37,0.031,-0.068,0.446,-0.323,-0.498,-0.208,0.374,-0.262,0.076,0.347,-0.381,-0.147,0.071,-0.264,-0.122,-0.631,0.138,0.476,0.063,0.256,-0.5,-0.458,0.009,0.032,-0.209,0.645,0.189,-0.42,0.102,-0.258,0.371,-0.439,-0.24,-0.312,-0.261,0.327,0.223,0.006,-0.39,-0.096,-0.002,0.035,0.359,0.438,0.365,0.119,-0.076,-0.385,-0.109,0.399,-0.397,0.39,-0.056,-0.104,0.096,-0.345,-0.419,-0.073,0.024,-0.173,-0.156,-0.35,-0.282,0.014,0.104,0.058,-0.105,-0.164,-0.281,0.004,0.351,-0.33,-0.034,-0.051,0.092,0.199,-0.402,-0.306,-0.048,-0.063,0.256,0.537,0.394,-0.429,0.508
BLNK,0.628,-0.642,0.6,0.731,0.362,-0.389,0.06,-0.202,-0.252,-0.524,0.455,0.904,0.738,-0.428,0.835,0.71,-0.23,-0.168,0.494,0.857,0.3,-0.262,0.018,0.505,0.0,-0.156,-0.291,0.023,0.142,-0.147,0.552,0.189,-0.115,0.716,-0.457,0.256,-0.477,0.702,-0.475,0.632,0.685,0.056,0.604,0.162,-0.09,-0.12,-0.667,0.807,-0.573,0.738,0.904,0.695,0.746,0.73,0.135,-0.519,0.17,0.077,-0.638,0.347,0.061,-0.668,-0.449,0.029,-0.305,0.872,0.725,0.001,0.676,-0.587,-0.209,0.472,0.622,0.784,0.432,-0.148,-0.711,-0.595,-0.493,0.799,-0.069,0.251,-0.732,0.643,0.633,0.309,0.325,-0.4,-0.462,-0.754,-0.17,0.034,-0.865,0.1,0.09,0.835,0.299,-0.235,0.601,0.805,0.358,-0.67,0.849,-0.528,0.835,0.194,0.484,0.583,-0.831,0.697,0.527,0.439,0.198,0.273,-0.307,0.117,-0.315,0.634,0.389,-0.632,-0.561,0.765,-0.193,-0.238,0.397,-0.495,-0.234,0.76,-0.561,0.347,-0.626,0.408,0.717,0.668,0.199,-0.586,-0.227,-0.16,0.649,-0.467,0.79,-0.371,-0.673,-0.468,-0.342,0.867,-0.436,-0.345,-0.486,-0.425,0.84,0.735,0.661,-0.536,-0.459,0.747,0.656,0.146,0.717,0.854,-0.5,0.277,-0.772,-0.363,0.857,-0.701,0.775,0.227,0.383,0.823,-0.777,-0.676,-0.637,0.588,0.172,-0.744,-0.243,-0.301,0.708,0.097,-0.182,0.635,0.182,-0.219,0.516,0.907,-0.43,-0.483,0.438,-0.189,0.692,-0.877,0.012,0.605,-0.015,0.229,0.331,0.817,-0.619,0.553
BTAI,-0.425,0.43,-0.178,-0.512,-0.298,0.5,-0.478,0.269,0.41,0.549,-0.265,-0.322,-0.117,0.539,-0.285,0.132,0.766,0.54,-0.583,-0.518,0.406,0.656,-0.395,0.061,-0.156,0.0,-0.156,0.657,-0.464,0.403,0.322,0.229,0.396,-0.448,0.445,-0.478,-0.129,0.134,0.416,-0.06,-0.296,0.624,0.111,-0.027,0.538,0.442,0.618,-0.532,0.688,-0.535,-0.388,-0.479,-0.489,-0.547,-0.084,0.701,0.457,0.476,0.487,0.151,-0.383,0.584,0.343,0.707,0.131,-0.415,-0.41,0.041,-0.402,0.398,0.312,-0.028,-0.226,-0.575,0.323,0.129,0.565,0.634,0.736,0.046,-0.23,-0.337,0.443,-0.309,-0.464,-0.306,0.013,0.466,0.775,0.443,0.71,0.54,0.416,0.035,-0.287,-0.27,-0.482,0.362,-0.308,-0.499,-0.119,0.633,-0.386,0.421,-0.37,-0.59,-0.442,0.066,0.514,-0.491,-0.073,0.088,-0.365,0.219,0.544,-0.041,0.669,-0.174,-0.15,0.253,0.642,-0.563,0.101,0.268,0.085,0.692,-0.109,-0.298,0.729,0.329,0.18,-0.272,0.188,-0.092,0.194,0.359,0.293,-0.33,-0.493,0.715,-0.422,0.586,0.534,0.365,0.564,-0.39,0.282,0.491,0.701,0.486,-0.5,-0.582,0.048,0.62,0.691,-0.411,-0.111,-0.469,-0.527,-0.206,0.772,0.031,0.604,0.271,-0.387,0.653,-0.046,0.465,0.381,-0.374,0.613,0.557,0.607,0.239,0.35,0.219,0.493,0.144,-0.233,0.118,0.541,-0.184,-0.213,0.383,0.359,-0.251,0.443,0.757,0.387,0.262,0.138,0.259,-0.105,0.15,-0.174,0.29,0.583,-0.105,0.541,-0.316
BYND,-0.369,0.147,-0.316,0.036,0.327,0.263,0.422,0.323,0.002,0.123,-0.708,-0.275,0.183,0.331,-0.143,-0.261,-0.006,-0.333,-0.035,-0.292,0.014,0.11,0.109,-0.273,-0.291,-0.156,0.0,0.054,0.33,0.397,0.07,0.04,0.511,-0.019,-0.001,0.391,0.51,-0.296,0.202,0.048,-0.234,0.095,-0.229,0.526,-0.025,0.088,0.171,-0.078,-0.094,-0.228,-0.187,-0.112,-0.21,0.076,0.373,0.142,0.111,0.064,0.298,-0.12,0.064,0.191,0.055,-0.043,0.536,-0.338,-0.169,0.666,0.149,0.092,-0.3,0.145,0.074,-0.23,-0.014,0.783,0.368,0.094,0.023,-0.43,0.182,0.279,0.452,-0.422,-0.323,-0.252,0.159,0.569,0.098,0.327,0.022,-0.363,0.352,0.416,0.583,-0.333,0.101,0.509,-0.305,-0.001,0.307,-0.011,-0.16,0.619,-0.141,0.032,-0.297,-0.591,0.435,0.013,-0.422,0.437,0.347,0.162,0.396,0.635,-0.117,-0.061,0.05,0.332,0.205,-0.289,-0.279,0.608,-0.525,0.386,0.716,0.028,0.034,0.02,0.292,0.43,-0.184,0.298,-0.751,-0.037,0.372,0.694,-0.013,-0.085,-0.325,-0.242,0.426,0.215,-0.069,-0.319,0.577,0.404,0.229,0.382,-0.171,-0.133,-0.063,0.241,-0.173,-0.032,0.003,0.302,0.049,-0.065,0.023,0.082,0.272,0.603,-0.314,0.307,-0.457,0.061,-0.014,-0.129,0.303,0.327,0.239,-0.13,0.386,0.362,0.44,0.648,-0.057,0.36,-0.089,0.114,0.452,0.05,-0.158,-0.429,0.2,-0.112,-0.09,0.532,-0.063,0.235,0.678,0.009,0.046,-0.011,-0.147,-0.483,0.309,-0.162
CAN,-0.253,0.142,-0.06,-0.44,-0.195,0.085,-0.081,0.115,0.299,0.244,-0.184,-0.1,0.062,0.266,-0.179,0.234,0.638,0.331,-0.517,-0.315,0.172,0.409,-0.062,0.438,0.023,0.657,0.054,0.0,-0.163,0.381,0.518,0.041,0.433,-0.412,0.573,-0.482,-0.207,0.106,0.079,-0.029,-0.112,0.469,0.076,0.12,0.725,0.327,0.38,-0.317,0.52,-0.363,-0.148,-0.366,-0.254,-0.26,0.007,0.506,0.218,0.199,0.164,0.045,-0.275,0.405,0.369,0.647,0.196,-0.198,-0.333,0.101,-0.321,0.447,0.301,0.2,-0.271,-0.322,0.174,0.27,0.373,0.349,0.536,0.286,0.065,-0.04,0.088,-0.058,-0.204,-0.045,-0.252,0.443,0.495,0.312,0.396,0.388,0.202,0.264,-0.302,-0.059,-0.151,0.091,-0.06,-0.235,-0.042,0.509,-0.235,0.228,-0.226,-0.552,-0.095,0.138,0.277,-0.414,0.217,0.206,-0.145,0.373,0.251,0.285,0.548,0.028,-0.323,-0.064,0.508,-0.329,-0.176,0.356,0.12,0.419,0.106,-0.265,0.519,0.088,-0.101,0.063,0.182,0.023,0.099,-0.056,0.102,0.007,-0.297,0.489,-0.089,0.547,0.319,0.466,0.333,-0.184,0.101,0.26,0.483,0.363,-0.277,-0.427,0.001,0.382,0.453,-0.269,-0.103,-0.017,-0.086,-0.052,0.604,0.076,0.315,0.189,-0.206,0.397,0.074,0.324,0.214,-0.274,0.393,0.309,0.53,0.126,0.262,0.085,0.398,0.282,-0.194,0.138,0.357,-0.221,-0.351,0.294,0.239,-0.16,0.148,0.599,0.248,0.464,0.108,0.102,-0.139,0.05,-0.164,0.318,0.771,0.081,0.313,-0.026
CCEC,0.415,-0.566,0.488,0.358,0.567,-0.512,0.346,-0.538,0.17,-0.597,0.094,0.32,0.318,-0.492,0.476,0.052,-0.604,-0.424,0.666,0.402,-0.319,-0.557,0.618,0.013,0.142,-0.464,0.33,-0.163,0.0,-0.568,0.269,-0.216,0.264,0.18,-0.366,0.675,0.477,-0.096,-0.529,0.118,0.164,-0.362,0.007,0.531,-0.059,-0.324,-0.419,0.456,-0.171,0.505,0.384,0.123,0.554,0.452,0.689,-0.403,-0.308,-0.39,-0.429,-0.437,0.708,-0.458,-0.379,-0.195,0.468,0.325,0.176,0.242,0.329,-0.064,0.124,0.526,0.218,0.483,-0.211,0.358,-0.456,-0.582,-0.523,0.277,0.62,0.731,-0.257,0.469,0.607,0.502,0.07,-0.109,-0.321,-0.374,-0.51,-0.751,-0.267,0.534,0.278,0.409,0.694,0.002,0.618,0.485,0.644,-0.344,0.305,-0.1,0.252,0.055,0.485,0.261,-0.235,0.106,0.274,0.286,0.119,0.253,-0.212,0.246,-0.69,0.549,-0.147,-0.364,-0.526,0.334,-0.509,0.127,-0.312,-0.399,0.275,0.343,-0.384,-0.26,-0.37,0.741,0.188,0.307,-0.388,-0.452,0.054,0.421,0.647,-0.607,0.374,-0.476,-0.294,0.023,-0.599,0.245,-0.329,-0.149,-0.391,-0.208,0.51,0.544,0.113,-0.32,-0.583,0.33,0.492,0.597,0.44,0.309,-0.364,0.679,-0.458,0.108,0.114,-0.427,0.28,-0.082,-0.244,0.273,-0.33,-0.541,-0.342,-0.099,-0.074,-0.145,-0.233,-0.056,0.145,0.51,-0.502,0.198,0.316,-0.153,-0.153,0.235,-0.437,-0.432,-0.243,-0.224,0.243,-0.263,0.056,-0.036,0.409,-0.367,0.03,0.175,-0.35,0.621
CDW,-0.567,0.507,-0.506,-0.211,-0.168,0.626,0.133,0.756,-0.123,0.6,-0.497,-0.306,0.026,0.649,-0.375,-0.026,0.602,0.198,-0.619,-0.426,0.42,0.622,-0.514,-0.051,-0.147,0.403,0.397,0.381,-0.568,0.0,-0.003,0.291,0.228,-0.054,0.363,-0.38,-0.107,0.01,0.56,0.069,-0.194,0.495,0.001,-0.064,0.142,0.488,0.437,-0.344,0.051,-0.547,-0.341,-0.059,-0.532,-0.251,-0.342,0.461,0.465,0.479,0.505,0.308,-0.636,0.509,0.347,0.215,-0.141,-0.336,-0.124,0.242,-0.088,0.077,-0.318,-0.269,-0.078,-0.482,0.326,0.238,0.611,0.53,0.482,-0.334,-0.459,-0.418,0.394,-0.581,-0.671,-0.562,0.055,0.593,0.361,0.419,0.535,0.543,0.318,-0.106,0.093,-0.393,-0.531,0.285,-0.664,-0.287,-0.378,0.265,-0.219,0.455,-0.184,-0.015,-0.6,-0.516,0.395,0.032,-0.347,0.238,0.33,0.046,0.403,0.411,0.582,-0.413,0.248,0.392,0.603,-0.378,0.173,0.269,-0.015,0.619,0.366,-0.146,0.369,0.368,0.397,-0.203,-0.159,0.141,-0.121,0.299,0.187,0.088,-0.502,0.53,-0.401,0.333,0.493,0.075,0.457,-0.262,0.665,0.337,0.505,0.415,-0.467,-0.53,0.014,0.407,0.408,-0.163,-0.317,-0.266,-0.154,-0.158,0.307,-0.448,0.532,0.356,-0.214,0.547,-0.358,0.266,0.37,-0.184,0.472,0.666,0.452,0.157,0.451,0.241,0.567,0.634,0.054,-0.281,0.457,0.063,-0.021,0.274,0.238,-0.351,0.456,0.315,0.336,0.637,-0.146,0.271,0.389,0.207,-0.343,0.505,0.056,-0.26,0.473,-0.585
