,ABEO,ACHC,AGNCN,AKAM,AKRO,ALRM,AMAT,AMED,AMRN,ANGI,APA,APOG,APPS,ARCB,ARCC,ARVN,ATEC,ATXS,AVAV,AXON,BANF,BATRK,BIDU,BLNE,BLNK,BTAI,BYND,CAN,CCEC,CDW,CDXS,CELH,CGNX,CHKP,CHRS,CHRW,CIGI,CKPT,CMPR,COGT,CRNC,CRSP,CSTL,CTSH,CVGW,DGLY,DNLI,DOCU,DVAX,EBAY,EHTH,ERII,ESLT,EXPE,EXPO,FBIOP,FFBC,FFIN,FOXF,FWRD,GDS,GERN,GPRE,GRWG,GRYP,HEES,HELE,HIVE,HON,HRTX,HSTM,HURA,IART,IBKR,IBOC,IBRX,IDXX,INGN,INM,INVA,IQ,IRBT,KDP,KPTI,KTOS,KXIN,LAMR,LFUS,LGIH,LGMK,LKFN,LNW,LOPE,LPSN,LYFT,MGNX,MLCO,MNST,MODV,MSTR,MTCH,MYGN,MYRG,NCMI,NEXT,NFLX,NIU,NKTR,NRC,NTNX,NTRA,NVEE,NVMI,NWL,NWS,NXPI,OCGN,OCSL,OKTA,OLLI,OTLK,OXLC,PAA,PARA,PARAA,PDCO,PDFS,PFG,PGEN,PNFP,PODD,POWI,PSMT,PTC,PTEN,PVLA,RDNT,RDUS,RDWR,REGN,RNAC,ROCK,ROST,RRR,RSLS,RVMD,RYAAY,SAFT,SAGE,SAVA,SBGI,SFM,SFNC,SHYF,SIBN,SIFY,SIGI,SIMO,SITM,SLM,SNBR,SNDX,SNY,SPNS,SRRK,STRA,SUPN,SYRE,TCBK,TEAM,TECH,THRM,TLRY,TRMK,TROW,TSLA,TWST,TXN,UFPI,UNIT,UPWK,USLM,UTHR,VERB,VLY,VRNA,VRRM,VXRT,WAFD,WATT,WBA,WING,WIX,WTFC,WTW,XPEL,XRX,YMAB,ZG,ZLAB
ABEO,0.0,-0.474,-0.135,0.357,0.718,-0.078,0.634,-0.104,-0.462,0.458,-0.072,0.482,-0.228,0.539,0.609,-0.272,-0.291,0.393,0.439,0.607,0.362,-0.14,0.656,-0.349,-0.18,-0.346,0.597,0.043,0.589,0.514,0.385,-0.28,0.57,0.579,-0.494,0.695,0.657,0.122,-0.163,0.184,-0.351,0.109,-0.11,-0.348,0.264,-0.396,0.348,0.576,0.086,0.344,0.212,0.579,-0.291,0.69,0.67,-0.566,-0.126,0.432,0.606,0.476,0.786,0.393,0.019,0.168,0.1,0.581,0.412,0.593,0.191,0.698,-0.082,-0.095,-0.222,0.649,-0.272,0.012,0.334,-0.525,-0.369,-0.57,0.618,0.431,0.404,-0.452,0.576,0.622,0.626,0.4,0.383,-0.331,-0.037,-0.419,0.2,-0.051,0.663,-0.514,0.662,0.433,-0.451,0.74,0.462,-0.153,0.439,0.335,0.279,0.604,0.619,-0.24,-0.024,0.168,0.254,0.121,0.33,-0.3,0.1,0.17,-0.565,-0.229,0.193,0.43,-0.486,-0.363,0.351,0.207,0.126,0.001,0.511,0.643,-0.274,0.377,0.396,0.212,0.355,0.493,-0.079,-0.187,0.644,0.602,0.474,-0.566,0.334,0.412,0.307,-0.234,-0.707,0.548,0.656,-0.322,-0.359,0.274,0.595,0.591,0.447,-0.095,-0.536,-0.393,0.063,-0.115,0.685,0.486,0.235,-0.292,-0.128,0.609,0.328,-0.345,-0.403,0.449,-0.155,0.106,0.627,0.114,-0.119,-0.085,0.569,0.703,0.309,0.397,0.604,0.265,0.559,0.701,0.514,-0.205,0.451,0.183,0.541,-0.566,-0.505,-0.693,-0.531,0.578,0.635,0.31,-0.505,-0.313,-0.13,-0.245,0.593,0.402
ACHC,-0.474,0.0,-0.416,0.422,-0.191,0.694,-0.009,0.53,0.652,0.09,0.705,0.03,0.759,-0.07,0.135,0.7,0.7,0.226,0.176,-0.376,0.095,0.777,-0.412,0.127,0.565,0.585,-0.351,0.116,-0.413,0.127,0.039,0.723,0.271,-0.124,0.489,-0.301,-0.307,0.267,0.656,-0.079,0.634,0.269,0.156,0.603,-0.441,0.06,-0.341,-0.012,0.27,-0.396,0.275,-0.048,0.541,-0.089,-0.209,0.661,0.691,-0.084,0.001,-0.29,-0.557,0.181,0.567,-0.05,0.633,0.132,-0.387,-0.043,0.468,-0.118,0.444,0.313,0.729,-0.223,0.664,0.45,-0.235,0.75,0.662,0.439,-0.237,0.048,-0.577,0.636,0.035,-0.471,-0.344,0.435,-0.16,0.243,0.512,0.442,0.441,0.624,-0.385,0.391,-0.581,-0.639,0.265,-0.329,0.089,0.485,0.203,0.024,-0.213,-0.125,-0.279,0.532,0.576,0.319,-0.189,0.661,0.402,0.207,0.612,0.615,0.606,0.716,0.632,-0.46,0.264,-0.045,0.185,0.298,0.449,0.669,0.288,-0.29,0.743,0.337,-0.569,0.56,0.297,0.178,0.697,0.489,-0.158,-0.363,0.185,0.7,-0.213,0.042,-0.035,0.68,0.51,-0.193,-0.566,0.771,0.842,0.05,-0.091,-0.278,0.047,0.807,0.785,0.109,0.291,0.55,-0.303,0.183,-0.066,0.645,-0.32,0.036,0.3,0.86,0.579,-0.259,0.715,0.266,-0.265,0.56,0.127,0.636,-0.161,-0.612,0.061,0.357,-0.16,-0.668,-0.218,-0.382,0.194,0.366,-0.011,-0.296,0.121,0.151,0.723,0.575,0.72,-0.294,0.018,0.255,0.362,0.573,0.763,0.618,-0.345,-0.456
AGNCN,-0.135,-0.416,0.0,-0.668,-0.189,-0.767,-0.326,-0.736,-0.454,-0.053,-0.795,-0.111,-0.618,-0.104,-0.486,-0.232,-0.624,-0.321,-0.741,0.248,0.049,-0.641,-0.137,-0.094,-0.031,0.059,-0.047,0.294,-0.162,-0.192,-0.113,-0.516,-0.459,-0.065,-0.248,-0.45,0.112,0.065,-0.806,-0.105,-0.563,0.095,0.564,-0.36,0.673,0.367,0.514,-0.602,0.181,0.446,-0.272,-0.175,-0.633,-0.382,-0.108,-0.482,-0.611,0.145,-0.297,0.278,-0.116,-0.1,-0.66,0.31,-0.8,-0.445,0.429,-0.224,-0.542,-0.044,-0.179,-0.416,-0.786,-0.169,-0.32,-0.661,0.438,-0.401,-0.526,0.411,-0.443,-0.146,0.439,-0.04,-0.286,-0.06,0.147,-0.736,0.268,-0.284,-0.333,0.282,-0.481,-0.739,-0.057,0.32,0.109,0.536,-0.309,-0.024,-0.753,-0.13,-0.177,-0.187,0.302,-0.115,-0.276,0.106,-0.621,-0.729,0.523,-0.726,-0.687,0.405,-0.82,-0.783,-0.105,-0.769,-0.736,0.473,-0.138,0.115,-0.246,-0.34,-0.467,-0.528,-0.624,0.039,-0.357,-0.506,0.609,-0.797,-0.212,-0.357,-0.671,-0.475,0.004,0.131,-0.538,-0.093,0.415,0.057,0.343,-0.747,0.129,0.172,-0.025,-0.776,-0.43,-0.081,-0.267,0.005,-0.124,-0.691,-0.173,-0.187,-0.199,-0.672,0.047,-0.362,0.322,-0.684,0.317,-0.181,-0.558,-0.47,-0.548,0.459,-0.473,-0.168,0.195,-0.47,0.364,-0.382,0.019,0.226,0.162,-0.713,-0.013,0.728,0.103,0.138,-0.812,-0.323,-0.005,0.65,-0.214,0.678,-0.187,-0.255,-0.074,0.171,-0.603,-0.357,-0.258,0.085,-0.614,-0.405,0.22,0.549
AKAM,0.357,0.422,-0.668,0.0,0.604,0.6,0.684,0.33,0.099,0.586,0.622,0.583,0.439,0.581,0.868,0.174,0.418,0.538,0.721,0.269,0.352,0.501,0.453,-0.324,0.319,0.208,0.38,0.09,0.376,0.629,0.468,0.339,0.774,0.564,-0.197,0.641,0.441,0.337,0.529,0.238,0.198,0.291,-0.155,0.319,-0.18,-0.618,0.06,0.695,0.083,0.097,0.532,0.646,0.212,0.749,0.61,0.067,0.561,0.407,0.781,0.298,0.405,0.347,0.648,0.138,0.843,0.757,0.123,0.609,0.799,0.441,0.426,0.198,0.488,0.622,0.383,0.387,0.076,0.037,0.151,-0.216,0.574,0.545,-0.0,-0.061,0.703,0.173,0.435,0.853,0.252,0.084,0.559,-0.267,0.868,0.484,0.48,-0.478,0.259,-0.122,-0.266,0.49,0.694,0.196,0.65,0.54,0.124,0.595,0.586,0.12,0.806,0.499,-0.008,0.786,0.581,-0.09,0.696,0.756,-0.264,0.585,0.84,0.036,-0.444,-0.554,0.716,0.653,0.458,0.775,0.835,0.491,0.307,0.803,-0.113,0.81,0.719,0.758,0.6,0.18,0.539,0.345,0.795,-0.12,0.098,0.445,0.154,0.472,-0.315,0.331,0.172,0.471,0.365,0.394,0.674,0.421,0.604,0.762,0.07,-0.014,0.573,0.376,0.45,0.784,0.201,0.333,-0.387,0.638,0.47,0.447,0.102,-0.05,0.515,0.145,0.337,0.731,0.03,0.582,0.493,0.232,0.393,0.708,0.537,-0.395,0.415,0.377,0.78,-0.011,0.519,-0.118,0.704,-0.606,0.108,-0.21,-0.006,0.379,0.738,0.648,-0.026,0.199,0.622,0.178,0.322,-0.087
AKRO,0.718,-0.191,-0.189,0.604,0.0,-0.081,0.837,-0.068,-0.371,0.723,0.046,0.847,0.042,0.852,0.749,-0.14,-0.123,0.486,0.329,0.773,0.595,-0.025,0.779,-0.582,0.15,0.075,0.729,0.451,0.683,0.795,0.694,-0.105,0.755,0.77,-0.712,0.731,0.871,0.488,-0.102,0.199,-0.422,0.522,0.012,-0.092,0.375,-0.6,0.605,0.686,0.273,0.59,0.692,0.813,-0.41,0.915,0.886,-0.513,0.123,0.752,0.859,0.715,0.765,0.503,0.269,0.484,0.341,0.826,0.694,0.75,0.426,0.835,0.386,0.116,-0.199,0.915,0.077,-0.027,0.617,-0.573,-0.404,-0.32,0.704,0.671,0.526,-0.277,0.84,0.524,0.816,0.602,0.725,-0.398,0.299,-0.369,0.526,0.014,0.792,-0.61,0.75,0.557,-0.676,0.873,0.538,0.217,0.742,0.771,0.63,0.851,0.811,-0.057,0.419,-0.062,0.479,0.366,0.22,0.003,0.259,0.371,-0.663,-0.008,0.359,0.552,-0.739,-0.648,0.662,0.673,0.212,0.388,0.701,0.852,-0.071,0.656,0.501,0.416,0.756,0.813,0.058,-0.393,0.842,0.862,0.74,-0.549,0.529,0.731,0.407,-0.155,-0.687,0.771,0.674,-0.177,-0.179,0.535,0.885,0.825,0.817,0.186,-0.388,-0.349,0.603,-0.1,0.873,0.803,0.646,-0.291,-0.256,0.82,0.101,-0.096,-0.434,0.454,0.132,-0.097,0.812,0.526,0.335,0.278,0.833,0.706,0.625,0.512,0.881,0.271,0.843,0.862,0.501,-0.496,0.808,0.257,0.689,-0.454,-0.222,-0.73,-0.244,0.775,0.83,0.676,-0.217,0.078,0.175,-0.213,0.819,0.487
ALRM,-0.078,0.694,-0.767,0.6,-0.081,0.0,0.035,0.757,0.684,0.027,0.899,-0.116,0.706,-0.115,0.407,0.539,0.789,0.441,0.626,-0.514,-0.061,0.839,-0.272,0.285,0.113,0.215,-0.342,-0.297,-0.263,0.043,-0.049,0.657,0.379,-0.12,0.565,0.092,-0.364,-0.085,0.929,0.163,0.81,-0.127,-0.318,0.47,-0.79,-0.085,-0.646,0.318,0.007,-0.69,0.053,-0.059,0.766,0.092,-0.171,0.735,0.79,-0.243,0.15,-0.473,-0.195,0.024,0.669,-0.424,0.768,0.245,-0.612,-0.046,0.425,-0.132,0.213,0.309,0.934,-0.155,0.518,0.64,-0.584,0.709,0.706,-0.089,0.065,-0.1,-0.61,0.281,0.059,-0.259,-0.374,0.661,-0.417,0.378,0.467,0.104,0.41,0.8,-0.314,0.026,-0.486,-0.769,0.515,-0.271,0.521,0.195,0.049,-0.112,-0.499,-0.185,-0.11,0.12,0.528,0.778,-0.627,0.713,0.659,-0.201,0.807,0.732,0.448,0.89,0.756,-0.691,0.389,0.009,0.127,0.173,0.592,0.586,0.445,-0.278,0.571,0.505,-0.798,0.715,0.174,0.165,0.84,0.737,-0.23,-0.465,0.283,0.497,-0.583,-0.16,-0.297,0.883,0.192,-0.346,-0.314,0.898,0.757,-0.148,-0.026,-0.362,-0.018,0.808,0.566,0.276,0.074,0.667,-0.335,0.192,-0.442,0.875,-0.127,-0.005,0.661,0.727,0.796,-0.362,0.701,0.319,-0.339,0.453,-0.39,0.564,-0.243,-0.515,-0.279,0.583,-0.22,-0.86,-0.302,-0.406,0.622,0.664,-0.124,-0.653,0.148,-0.394,0.523,0.499,0.345,-0.419,0.252,0.292,0.269,0.139,0.734,0.624,-0.455,-0.689
AMAT,0.634,-0.009,-0.326,0.684,0.837,0.035,0.0,0.053,-0.347,0.611,0.154,0.843,0.226,0.797,0.721,-0.005,-0.11,0.388,0.49,0.701,0.613,0.165,0.83,-0.659,0.421,-0.007,0.819,0.393,0.672,0.875,0.662,0.122,0.815,0.745,-0.518,0.699,0.801,0.499,-0.035,-0.011,-0.241,0.522,-0.009,0.025,0.35,-0.552,0.456,0.655,0.227,0.506,0.71,0.881,-0.23,0.885,0.869,-0.455,0.149,0.64,0.737,0.639,0.628,0.589,0.242,0.509,0.527,0.824,0.492,0.938,0.698,0.804,0.263,0.315,-0.022,0.83,0.081,0.279,0.569,-0.347,-0.128,-0.331,0.819,0.878,0.247,-0.21,0.841,0.465,0.686,0.69,0.578,-0.275,0.266,-0.359,0.61,0.262,0.82,-0.456,0.679,0.359,-0.632,0.888,0.581,0.205,0.867,0.674,0.444,0.875,0.821,0.11,0.531,0.063,0.465,0.58,0.524,-0.196,0.389,0.593,-0.466,0.033,0.56,0.518,-0.719,-0.603,0.562,0.649,0.169,0.5,0.879,0.748,0.118,0.566,0.361,0.65,0.676,0.9,0.132,-0.262,0.789,0.782,0.769,-0.45,0.602,0.697,0.322,-0.061,-0.576,0.609,0.548,-0.044,-0.07,0.574,0.807,0.801,0.729,0.335,-0.315,-0.412,0.484,0.222,0.86,0.799,0.526,-0.183,-0.592,0.924,0.301,0.023,-0.407,0.335,0.134,0.123,0.726,0.6,0.346,0.235,0.8,0.595,0.743,0.71,0.814,0.041,0.657,0.772,0.627,-0.497,0.703,0.238,0.796,-0.503,-0.207,-0.582,-0.141,0.766,0.848,0.59,-0.354,0.096,0.287,-0.149,0.712,0.454
AMED,-0.104,0.53,-0.736,0.33,-0.068,0.757,0.053,0.0,0.735,-0.12,0.804,-0.051,0.744,-0.059,0.213,0.575,0.72,0.349,0.392,-0.489,0.038,0.793,-0.235,0.222,0.085,0.141,-0.278,-0.134,-0.179,0.082,0.047,0.687,0.285,-0.265,0.484,0.073,-0.362,-0.053,0.805,0.089,0.701,-0.006,-0.422,0.319,-0.755,-0.01,-0.623,0.251,0.064,-0.672,0.242,-0.067,0.635,0.094,-0.176,0.701,0.77,-0.227,0.022,-0.47,-0.205,0.181,0.619,-0.271,0.622,0.275,-0.57,-0.044,0.282,-0.045,0.231,0.6,0.795,-0.162,0.539,0.627,-0.461,0.627,0.711,-0.12,0.152,-0.09,-0.633,0.287,0.001,-0.225,-0.452,0.611,-0.327,0.3,0.413,0.076,0.164,0.79,-0.294,0.026,-0.452,-0.632,0.543,-0.276,0.588,0.332,0.014,0.004,-0.444,-0.177,-0.052,0.079,0.43,0.506,-0.575,0.655,0.586,-0.372,0.812,0.7,0.465,0.753,0.555,-0.683,0.471,0.094,-0.054,0.195,0.544,0.472,0.375,-0.292,0.582,0.388,-0.758,0.65,0.051,0.171,0.704,0.563,-0.319,-0.355,0.286,0.45,-0.529,-0.117,-0.393,0.776,0.078,-0.268,-0.112,0.827,0.668,-0.032,-0.004,-0.318,0.001,0.659,0.503,0.193,0.109,0.65,-0.289,0.113,-0.365,0.787,-0.106,-0.034,0.543,0.614,0.8,-0.359,0.646,0.131,-0.301,0.454,-0.232,0.48,-0.184,-0.559,-0.294,0.624,-0.195,-0.818,-0.291,-0.367,0.566,0.511,-0.105,-0.743,-0.056,-0.356,0.558,0.467,0.4,-0.426,0.314,0.357,0.418,0.131,0.712,0.665,-0.394,-0.631
AMRN,-0.462,0.652,-0.454,0.099,-0.371,0.684,-0.347,0.735,0.0,-0.199,0.657,-0.302,0.643,-0.316,-0.028,0.644,0.814,0.181,0.047,-0.709,-0.149,0.698,-0.618,0.452,0.11,0.39,-0.627,-0.098,-0.491,-0.197,-0.127,0.627,-0.05,-0.527,0.652,-0.331,-0.618,-0.095,0.76,0.161,0.73,-0.047,-0.191,0.347,-0.754,0.227,-0.62,-0.087,0.109,-0.745,-0.041,-0.379,0.625,-0.3,-0.487,0.854,0.724,-0.353,-0.213,-0.626,-0.57,0.01,0.527,-0.32,0.431,-0.068,-0.631,-0.425,0.05,-0.372,0.292,0.349,0.737,-0.467,0.64,0.442,-0.57,0.748,0.729,0.282,-0.328,-0.4,-0.636,0.492,-0.284,-0.478,-0.639,0.285,-0.422,0.382,0.44,0.407,0.023,0.568,-0.631,0.331,-0.732,-0.725,0.667,-0.615,0.18,0.342,-0.242,-0.223,-0.534,-0.5,-0.446,0.212,0.312,0.343,-0.576,0.443,0.267,-0.0,0.562,0.421,0.665,0.739,0.35,-0.788,0.634,0.24,-0.166,0.043,0.446,0.409,-0.004,-0.528,0.613,0.21,-0.812,0.341,-0.028,-0.156,0.611,0.555,-0.535,-0.615,-0.098,0.743,-0.612,-0.256,-0.278,0.772,0.417,-0.373,-0.424,0.79,0.807,-0.156,-0.317,-0.645,-0.186,0.593,0.745,0.42,0.043,0.47,-0.596,-0.108,-0.371,0.834,0.159,-0.346,0.307,0.729,0.873,-0.403,0.687,0.078,-0.507,0.297,-0.186,0.525,-0.412,-0.765,-0.418,0.235,-0.451,-0.744,-0.453,-0.621,0.152,0.674,-0.267,-0.624,-0.283,0.044,0.723,0.698,0.591,-0.663,-0.117,0.153,0.503,0.293,0.65,0.757,-0.598,-0.702
ANGI,0.458,0.09,-0.053,0.586,0.723,0.027,0.611,-0.12,-0.199,0.0,0.192,0.829,0.069,0.845,0.711,0.166,0.109,0.666,0.108,0.682,0.76,0.172,0.375,-0.558,0.441,0.412,0.393,0.624,0.284,0.805,0.838,0.138,0.69,0.575,-0.642,0.383,0.686,0.806,-0.049,0.135,-0.403,0.742,0.473,-0.241,0.414,-0.554,0.676,0.333,0.562,0.542,0.644,0.76,-0.499,0.724,0.743,-0.409,0.336,0.894,0.843,0.727,0.515,0.588,0.383,0.663,0.307,0.804,0.701,0.541,0.321,0.764,0.701,-0.022,-0.154,0.75,0.459,-0.258,0.637,-0.373,-0.215,0.08,0.267,0.502,0.407,0.007,0.824,0.139,0.777,0.543,0.836,-0.408,0.667,0.172,0.579,-0.11,0.607,-0.367,0.369,0.426,-0.704,0.594,0.279,0.49,0.803,0.659,0.565,0.686,0.435,0.376,0.415,-0.198,0.596,0.352,0.05,0.224,0.243,0.318,-0.443,0.079,0.462,0.498,-0.724,-0.84,0.757,0.601,0.376,0.599,0.521,0.802,0.214,0.789,0.456,0.319,0.856,0.771,0.342,-0.325,0.786,0.66,0.657,-0.115,0.506,0.895,0.432,-0.107,-0.324,0.745,0.331,-0.096,0.106,0.547,0.749,0.629,0.897,0.395,0.057,-0.3,0.679,-0.311,0.745,0.847,0.755,-0.265,-0.206,0.702,0.104,0.217,-0.304,0.574,0.437,-0.145,0.784,0.715,0.538,0.64,0.825,0.478,0.726,0.351,0.853,0.164,0.841,0.762,0.285,-0.273,0.915,0.463,0.788,-0.221,0.166,-0.623,0.064,0.75,0.512,0.778,-0.272,0.397,0.345,0.081,0.77,0.455
APA,-0.072,0.705,-0.795,0.622,0.046,0.899,0.154,0.804,0.657,0.192,0.0,0.096,0.798,0.113,0.433,0.609,0.801,0.563,0.534,-0.361,0.174,0.904,-0.232,0.124,0.272,0.298,-0.264,-0.079,-0.222,0.228,0.183,0.774,0.488,-0.091,0.389,0.143,-0.252,0.16,0.894,0.003,0.698,0.129,-0.228,0.301,-0.697,-0.146,-0.494,0.328,0.187,-0.555,0.321,0.113,0.611,0.237,-0.044,0.649,0.859,-0.049,0.268,-0.298,-0.122,0.214,0.778,-0.169,0.782,0.441,-0.45,0.083,0.401,0.073,0.407,0.385,0.889,-0.015,0.65,0.544,-0.366,0.653,0.722,-0.141,0.112,0.022,-0.59,0.351,0.215,-0.326,-0.26,0.762,-0.179,0.159,0.602,0.12,0.405,0.762,-0.174,-0.051,-0.464,-0.639,0.376,-0.187,0.607,0.458,0.224,0.114,-0.294,-0.016,-0.025,0.207,0.593,0.574,-0.471,0.761,0.628,-0.277,0.915,0.808,0.382,0.861,0.83,-0.578,0.27,-0.202,0.279,0.299,0.676,0.696,0.539,-0.154,0.695,0.617,-0.693,0.78,0.276,0.342,0.962,0.615,-0.1,-0.289,0.453,0.458,-0.468,0.072,-0.347,0.816,0.142,-0.186,-0.211,0.89,0.741,-0.036,0.112,-0.18,0.17,0.878,0.584,0.095,0.235,0.571,-0.171,0.316,-0.225,0.777,-0.265,0.112,0.563,0.741,0.731,-0.3,0.78,0.225,-0.161,0.666,-0.163,0.687,-0.042,-0.486,-0.103,0.695,-0.022,-0.829,-0.125,-0.246,0.655,0.471,0.084,-0.597,0.254,-0.388,0.62,0.37,0.461,-0.25,0.379,0.476,0.265,0.232,0.806,0.679,-0.272,-0.632
APOG,0.482,0.03,-0.111,0.583,0.847,-0.116,0.843,-0.051,-0.302,0.829,0.096,0.0,0.119,0.936,0.68,0.095,-0.043,0.497,0.145,0.799,0.797,0.115,0.659,-0.709,0.514,0.3,0.692,0.698,0.558,0.928,0.88,0.107,0.726,0.7,-0.717,0.542,0.845,0.797,-0.15,0.06,-0.479,0.8,0.264,-0.143,0.512,-0.624,0.722,0.442,0.51,0.683,0.859,0.909,-0.516,0.854,0.907,-0.506,0.229,0.907,0.829,0.829,0.581,0.653,0.29,0.764,0.389,0.876,0.746,0.788,0.507,0.854,0.605,0.222,-0.213,0.891,0.33,-0.084,0.779,-0.479,-0.273,-0.024,0.566,0.81,0.434,-0.097,0.889,0.289,0.815,0.587,0.868,-0.402,0.52,-0.098,0.607,-0.003,0.789,-0.435,0.596,0.544,-0.792,0.807,0.408,0.455,0.911,0.842,0.647,0.875,0.706,0.308,0.531,-0.269,0.665,0.45,0.157,0.05,0.272,0.406,-0.523,-0.014,0.423,0.627,-0.831,-0.793,0.714,0.759,0.22,0.586,0.676,0.888,0.158,0.693,0.539,0.438,0.851,0.912,0.166,-0.476,0.848,0.87,0.773,-0.344,0.704,0.922,0.429,-0.178,-0.487,0.817,0.511,-0.135,-0.022,0.728,0.878,0.842,0.934,0.333,-0.132,-0.392,0.761,-0.139,0.897,0.896,0.828,-0.34,-0.411,0.879,0.089,0.089,-0.448,0.481,0.297,-0.205,0.862,0.724,0.647,0.471,0.943,0.6,0.862,0.483,0.951,0.185,0.874,0.869,0.378,-0.56,0.939,0.411,0.783,-0.284,0.027,-0.69,0.004,0.874,0.715,0.792,-0.216,0.335,0.31,-0.06,0.878,0.54
APPS,-0.228,0.759,-0.618,0.439,0.042,0.706,0.226,0.744,0.643,0.069,0.798,0.119,0.0,0.041,0.227,0.695,0.665,0.304,0.331,-0.316,0.167,0.869,-0.181,0.053,0.467,0.404,-0.125,0.166,-0.253,0.267,0.145,0.812,0.428,-0.09,0.47,-0.078,-0.216,0.172,0.714,-0.212,0.723,0.266,-0.117,0.487,-0.521,0.086,-0.419,0.275,0.233,-0.479,0.421,0.059,0.598,0.14,-0.115,0.631,0.73,-0.099,0.067,-0.322,-0.353,0.297,0.6,-0.06,0.737,0.304,-0.41,0.153,0.454,0.108,0.338,0.59,0.79,-0.105,0.6,0.662,-0.218,0.732,0.753,0.059,0.108,0.148,-0.697,0.609,0.13,-0.24,-0.37,0.648,-0.153,0.075,0.44,0.214,0.308,0.862,-0.258,0.245,-0.406,-0.613,0.304,-0.14,0.387,0.571,0.286,0.121,-0.17,-0.032,-0.059,0.299,0.546,0.361,-0.262,0.777,0.649,-0.064,0.77,0.788,0.547,0.745,0.728,-0.503,0.297,-0.117,0.03,0.376,0.555,0.644,0.538,-0.253,0.797,0.393,-0.634,0.75,0.278,0.321,0.72,0.469,-0.118,-0.22,0.333,0.539,-0.218,0.063,-0.13,0.707,0.257,-0.158,-0.286,0.806,0.737,0.02,0.022,-0.173,0.095,0.779,0.573,-0.006,0.209,0.746,-0.164,0.227,-0.117,0.721,-0.461,0.193,0.424,0.77,0.603,-0.252,0.684,0.361,-0.163,0.636,0.059,0.558,-0.069,-0.565,0.057,0.637,-0.073,-0.713,-0.181,-0.284,0.448,0.313,0.027,-0.512,0.159,-0.105,0.623,0.482,0.669,-0.264,0.318,0.331,0.251,0.431,0.784,0.638,-0.277,-0.468
ARCB,0.539,-0.07,-0.104,0.581,0.852,-0.115,0.797,-0.059,-0.316,0.845,0.113,0.936,0.041,0.0,0.743,0.025,-0.051,0.562,0.17,0.8,0.829,0.08,0.644,-0.696,0.391,0.251,0.645,0.625,0.556,0.879,0.859,0.061,0.689,0.664,-0.745,0.631,0.846,0.73,-0.141,0.158,-0.488,0.732,0.221,-0.277,0.476,-0.629,0.715,0.434,0.436,0.66,0.771,0.922,-0.549,0.882,0.926,-0.543,0.246,0.924,0.881,0.845,0.679,0.624,0.296,0.752,0.315,0.881,0.753,0.748,0.418,0.829,0.579,0.111,-0.231,0.901,0.323,-0.145,0.748,-0.525,-0.304,-0.119,0.573,0.722,0.498,-0.227,0.891,0.226,0.854,0.568,0.866,-0.395,0.546,-0.169,0.566,-0.079,0.819,-0.532,0.589,0.599,-0.761,0.801,0.475,0.382,0.838,0.828,0.623,0.863,0.709,0.233,0.453,-0.256,0.609,0.382,0.111,-0.042,0.273,0.351,-0.602,-0.029,0.399,0.623,-0.831,-0.774,0.771,0.709,0.263,0.552,0.627,0.904,0.133,0.735,0.56,0.396,0.803,0.886,0.195,-0.435,0.841,0.858,0.749,-0.409,0.607,0.911,0.386,-0.191,-0.578,0.835,0.59,-0.174,-0.056,0.641,0.884,0.81,0.953,0.301,-0.174,-0.377,0.725,-0.25,0.903,0.87,0.792,-0.347,-0.281,0.816,0.073,0.044,-0.436,0.518,0.294,-0.182,0.876,0.696,0.578,0.475,0.953,0.645,0.791,0.476,0.964,0.208,0.895,0.892,0.389,-0.533,0.949,0.416,0.786,-0.352,0.003,-0.767,-0.085,0.867,0.687,0.821,-0.263,0.252,0.286,-0.1,0.9,0.511
ARCC,0.609,0.135,-0.486,0.868,0.749,0.407,0.721,0.213,-0.028,0.711,0.433,0.68,0.227,0.743,0.0,0.096,0.259,0.665,0.621,0.465,0.524,0.343,0.546,-0.406,0.186,0.164,0.467,0.203,0.481,0.734,0.618,0.187,0.777,0.592,-0.371,0.735,0.612,0.391,0.314,0.367,-0.027,0.369,-0.111,0.018,0.002,-0.644,0.269,0.67,0.192,0.233,0.508,0.762,-0.044,0.859,0.765,-0.181,0.486,0.608,0.889,0.489,0.617,0.451,0.514,0.28,0.642,0.84,0.332,0.632,0.616,0.624,0.448,0.095,0.233,0.748,0.356,0.227,0.265,-0.227,-0.043,-0.248,0.628,0.557,0.24,-0.255,0.812,0.275,0.629,0.795,0.448,-0.016,0.589,-0.259,0.729,0.287,0.602,-0.56,0.418,0.165,-0.419,0.645,0.701,0.159,0.667,0.592,0.194,0.647,0.651,0.083,0.614,0.327,0.129,0.636,0.467,-0.121,0.554,0.595,-0.445,0.405,0.655,0.204,-0.575,-0.606,0.709,0.663,0.442,0.686,0.762,0.704,0.214,0.877,0.112,0.663,0.753,0.81,0.458,0.013,0.663,0.528,0.772,-0.241,0.206,0.61,0.299,0.265,-0.528,0.544,0.387,0.224,0.219,0.447,0.779,0.508,0.753,0.568,-0.038,-0.125,0.597,0.118,0.636,0.867,0.354,0.123,-0.171,0.708,0.442,0.28,-0.041,0.243,0.471,0.098,0.591,0.668,0.079,0.553,0.677,0.455,0.45,0.649,0.711,-0.18,0.61,0.607,0.693,-0.076,0.692,0.031,0.762,-0.626,0.027,-0.497,-0.138,0.538,0.74,0.763,-0.173,0.08,0.524,0.065,0.543,0.118
ARVN,-0.272,0.7,-0.232,0.174,-0.14,0.539,-0.005,0.575,0.644,0.166,0.609,0.095,0.695,0.025,0.096,0.0,0.58,0.469,0.001,-0.287,0.392,0.795,-0.461,-0.008,0.579,0.547,-0.395,0.286,-0.492,0.245,0.191,0.805,0.263,-0.196,0.417,-0.345,-0.236,0.39,0.459,-0.093,0.481,0.432,0.271,0.215,-0.3,0.241,-0.203,-0.209,0.577,-0.386,0.31,0.034,0.283,-0.08,-0.169,0.502,0.685,0.072,-0.031,-0.212,-0.464,0.446,0.392,0.143,0.434,0.207,-0.263,-0.011,0.192,0.126,0.419,0.345,0.536,-0.228,0.74,0.413,-0.043,0.642,0.715,0.43,-0.248,0.055,-0.512,0.609,0.046,-0.5,-0.318,0.409,-0.01,0.051,0.548,0.608,0.151,0.542,-0.357,0.486,-0.61,-0.44,0.235,-0.26,0.096,0.638,0.269,-0.046,-0.263,-0.138,-0.323,0.686,0.329,0.057,-0.06,0.532,0.345,-0.032,0.539,0.495,0.671,0.502,0.506,-0.351,0.274,-0.091,-0.025,0.173,0.608,0.576,0.225,-0.208,0.842,0.343,-0.467,0.441,0.229,0.217,0.66,0.397,-0.205,-0.299,0.083,0.747,-0.136,0.202,-0.083,0.45,0.414,-0.079,-0.381,0.575,0.784,-0.012,-0.101,-0.243,0.14,0.626,0.804,0.055,0.152,0.36,-0.204,0.143,0.026,0.553,-0.173,0.059,0.492,0.712,0.535,0.012,0.715,0.209,-0.046,0.549,0.283,0.622,-0.036,-0.585,0.124,0.378,-0.057,-0.614,-0.166,-0.242,0.149,0.418,0.116,-0.166,0.192,0.176,0.785,0.422,0.767,-0.196,-0.041,0.372,0.17,0.476,0.687,0.699,-0.192,-0.292
ATEC,-0.291,0.7,-0.624,0.418,-0.123,0.789,-0.11,0.72,0.814,0.109,0.801,-0.043,0.665,-0.051,0.259,0.58,0.0,0.358,0.207,-0.541,-0.017,0.75,-0.395,0.351,0.144,0.375,-0.424,-0.029,-0.285,0.003,0.161,0.609,0.256,-0.357,0.438,-0.08,-0.435,0.098,0.882,0.245,0.646,0.057,-0.179,0.326,-0.743,-0.121,-0.519,0.213,0.123,-0.62,0.166,-0.144,0.552,-0.001,-0.224,0.787,0.86,-0.128,0.13,-0.421,-0.299,0.07,0.809,-0.239,0.654,0.235,-0.468,-0.257,0.227,-0.174,0.493,0.421,0.792,-0.18,0.723,0.368,-0.497,0.622,0.625,0.172,-0.113,-0.256,-0.584,0.373,0.005,-0.328,-0.388,0.551,-0.24,0.37,0.652,0.314,0.286,0.587,-0.357,0.049,-0.544,-0.687,0.491,-0.441,0.396,0.386,-0.025,0.01,-0.381,-0.264,-0.2,0.187,0.541,0.489,-0.521,0.623,0.346,0.069,0.694,0.623,0.411,0.882,0.559,-0.728,0.388,-0.044,0.168,0.222,0.525,0.596,0.26,-0.271,0.575,0.511,-0.73,0.549,0.237,0.102,0.773,0.543,-0.286,-0.422,0.234,0.605,-0.543,-0.04,-0.241,0.872,0.248,-0.18,-0.252,0.85,0.802,0.113,-0.037,-0.425,0.087,0.799,0.71,0.39,0.261,0.445,-0.338,0.201,-0.247,0.767,0.081,-0.144,0.34,0.788,0.816,-0.356,0.828,0.054,-0.304,0.527,-0.138,0.745,-0.191,-0.578,-0.267,0.428,-0.202,-0.75,-0.19,-0.409,0.377,0.613,-0.01,-0.639,-0.06,-0.219,0.702,0.496,0.447,-0.441,0.152,0.396,0.448,0.358,0.791,0.762,-0.399,-0.598
ATXS,0.393,0.226,-0.321,0.538,0.486,0.441,0.388,0.349,0.181,0.666,0.563,0.497,0.304,0.562,0.665,0.469,0.358,0.0,0.29,0.227,0.615,0.524,0.083,-0.257,0.229,0.322,0.014,0.308,0.061,0.592,0.585,0.387,0.67,0.288,-0.222,0.337,0.301,0.493,0.342,0.144,0.028,0.461,0.127,-0.166,-0.1,-0.32,0.178,0.279,0.593,0.001,0.467,0.504,-0.084,0.556,0.424,-0.008,0.618,0.545,0.652,0.294,0.396,0.457,0.497,0.254,0.411,0.712,0.232,0.304,0.148,0.593,0.543,0.113,0.273,0.417,0.55,0.073,0.241,-0.005,0.195,-0.137,0.226,0.259,0.058,0.045,0.547,-0.085,0.361,0.684,0.422,-0.257,0.666,0.152,0.338,0.229,0.248,-0.288,-0.008,0.049,-0.164,0.284,0.528,0.491,0.518,0.37,0.098,0.333,0.225,0.275,0.345,0.115,0.061,0.435,0.294,-0.174,0.565,0.486,-0.102,0.39,0.563,0.01,-0.234,-0.535,0.48,0.348,0.678,0.58,0.513,0.44,0.412,0.801,-0.04,0.491,0.55,0.587,0.666,0.129,0.346,0.244,0.533,0.121,-0.021,0.583,-0.021,0.203,-0.246,0.351,0.232,0.271,0.368,0.148,0.5,0.269,0.612,0.523,0.305,-0.197,0.393,-0.056,0.367,0.577,0.307,0.178,-0.014,0.439,0.487,0.332,0.218,0.37,0.633,-0.046,0.511,0.66,0.157,0.661,0.48,0.093,0.28,0.553,0.52,-0.268,0.464,0.389,0.478,0.169,0.609,-0.02,0.59,-0.349,0.389,-0.297,0.19,0.325,0.452,0.747,-0.1,0.141,0.512,0.334,0.371,0.036
AVAV,0.439,0.176,-0.741,0.721,0.329,0.626,0.49,0.392,0.047,0.108,0.534,0.145,0.331,0.17,0.621,0.001,0.207,0.29,0.0,0.015,-0.0,0.412,0.373,-0.08,0.007,-0.187,0.267,-0.392,0.289,0.276,-0.004,0.256,0.507,0.424,0.152,0.612,0.171,-0.135,0.506,0.054,0.419,-0.16,-0.464,0.29,-0.375,-0.35,-0.305,0.6,-0.243,-0.2,0.113,0.363,0.501,0.483,0.308,0.122,0.299,-0.055,0.381,-0.037,0.322,0.089,0.348,-0.274,0.657,0.426,-0.261,0.473,0.634,0.185,-0.098,0.125,0.559,0.311,-0.026,0.633,-0.261,0.171,0.252,-0.534,0.577,0.347,-0.151,-0.236,0.414,0.266,0.125,0.633,-0.199,0.191,0.111,-0.454,0.536,0.592,0.271,-0.355,0.155,-0.29,0.058,0.341,0.659,-0.174,0.287,0.102,-0.232,0.31,0.425,-0.12,0.498,0.722,-0.342,0.594,0.764,-0.449,0.606,0.617,-0.098,0.459,0.665,-0.148,-0.106,-0.129,0.296,0.261,0.302,0.411,0.675,0.154,0.154,0.424,-0.318,0.724,0.209,0.419,0.431,0.439,0.23,0.045,0.497,-0.182,-0.175,-0.006,-0.13,0.462,-0.241,-0.125,0.068,0.471,0.196,-0.05,0.351,0.191,0.134,0.48,-0.104,0.036,0.061,0.589,0.163,0.386,-0.263,0.438,-0.39,0.37,0.646,0.174,0.19,-0.226,0.168,0.351,0.008,0.283,-0.446,0.12,0.094,0.108,0.007,0.648,0.164,-0.465,-0.005,0.097,0.787,0.169,0.042,-0.325,0.443,-0.663,-0.163,-0.012,-0.178,0.075,0.59,0.211,-0.126,-0.315,0.376,0.045,-0.028,-0.295
AXON,0.607,-0.376,0.248,0.269,0.773,-0.514,0.701,-0.489,-0.709,0.682,-0.361,0.799,-0.316,0.8,0.465,-0.287,-0.541,0.227,0.015,0.0,0.648,-0.361,0.72,-0.743,0.264,0.034,0.765,0.532,0.61,0.723,0.61,-0.294,0.45,0.777,-0.854,0.491,0.943,0.573,-0.599,-0.045,-0.756,0.591,0.37,-0.324,0.821,-0.446,0.891,0.284,0.309,0.914,0.555,0.793,-0.722,0.704,0.854,-0.857,-0.295,0.818,0.646,0.908,0.661,0.514,-0.175,0.72,-0.081,0.581,0.898,0.734,0.255,0.781,0.24,-0.174,-0.62,0.834,-0.133,-0.34,0.883,-0.754,-0.618,-0.107,0.471,0.722,0.704,-0.319,0.745,0.421,0.926,0.154,0.856,-0.542,0.077,-0.234,0.356,-0.374,0.818,-0.395,0.772,0.832,-0.944,0.883,0.076,0.109,0.722,0.694,0.754,0.85,0.648,0.127,0.094,-0.439,0.832,-0.021,-0.091,0.067,-0.19,-0.052,-0.691,-0.481,0.039,0.918,-0.902,-0.637,0.556,0.491,-0.093,0.132,0.362,0.886,-0.209,0.325,0.856,0.013,0.586,0.665,-0.274,-0.652,0.903,0.928,0.498,-0.596,0.83,0.77,0.546,-0.624,-0.545,0.801,0.528,-0.589,-0.478,0.505,0.745,0.908,0.719,-0.174,-0.508,-0.521,0.486,-0.42,0.914,0.639,0.802,-0.718,-0.326,0.758,-0.156,-0.333,-0.815,0.635,-0.216,-0.132,0.861,0.283,0.544,-0.009,0.861,0.823,0.808,0.106,0.893,0.594,0.856,0.948,0.081,-0.734,0.772,0.717,0.672,-0.129,-0.386,-0.858,-0.279,0.948,0.478,0.426,-0.435,0.064,-0.178,-0.479,0.938,0.756
BANF,0.362,0.095,0.049,0.352,0.595,-0.061,0.613,0.038,-0.149,0.76,0.174,0.797,0.167,0.829,0.524,0.392,-0.017,0.615,-0.0,0.648,0.0,0.267,0.315,-0.654,0.583,0.37,0.371,0.673,0.206,0.821,0.776,0.317,0.602,0.471,-0.496,0.284,0.644,0.824,-0.162,-0.03,-0.341,0.821,0.46,-0.316,0.471,-0.303,0.629,0.104,0.696,0.489,0.696,0.776,-0.515,0.618,0.69,-0.405,0.319,0.854,0.619,0.685,0.384,0.75,0.174,0.798,0.193,0.747,0.615,0.618,0.279,0.785,0.58,0.127,-0.174,0.607,0.484,-0.078,0.754,-0.253,-0.058,0.088,0.298,0.617,0.29,0.013,0.717,-0.071,0.617,0.469,0.795,-0.456,0.569,0.201,0.342,0.004,0.543,-0.13,0.238,0.481,-0.617,0.584,0.28,0.566,0.806,0.597,0.475,0.646,0.388,0.536,0.303,-0.359,0.626,0.358,0.113,-0.117,0.265,0.32,-0.204,-0.072,0.38,0.536,-0.605,-0.634,0.535,0.515,0.335,0.533,0.487,0.68,0.413,0.622,0.427,0.346,0.654,0.772,0.301,-0.266,0.618,0.622,0.52,-0.063,0.548,0.89,0.291,-0.215,-0.292,0.661,0.36,-0.113,0.139,0.44,0.602,0.613,0.827,0.307,0.129,-0.458,0.531,-0.217,0.713,0.677,0.735,-0.268,-0.311,0.69,0.187,0.185,-0.283,0.64,0.4,-0.023,0.797,0.684,0.684,0.527,0.796,0.341,0.768,0.439,0.796,0.08,0.683,0.71,0.233,-0.367,0.843,0.474,0.742,-0.099,0.303,-0.56,0.254,0.714,0.412,0.759,-0.276,0.359,0.359,0.068,0.742,0.464
BATRK,-0.14,0.777,-0.641,0.501,-0.025,0.839,0.165,0.793,0.698,0.172,0.904,0.115,0.869,0.08,0.343,0.795,0.75,0.524,0.412,-0.361,0.267,0.0,-0.302,0.072,0.447,0.43,-0.287,0.096,-0.362,0.278,0.209,0.857,0.435,-0.122,0.486,-0.034,-0.267,0.242,0.795,-0.071,0.709,0.261,-0.071,0.34,-0.58,0.02,-0.436,0.161,0.357,-0.56,0.346,0.121,0.56,0.135,-0.086,0.643,0.862,-0.016,0.149,-0.282,-0.3,0.302,0.669,-0.067,0.751,0.384,-0.45,0.1,0.419,0.114,0.396,0.49,0.842,-0.119,0.724,0.628,-0.259,0.748,0.81,0.081,0.026,0.098,-0.664,0.491,0.176,-0.38,-0.327,0.706,-0.146,0.146,0.637,0.348,0.36,0.813,-0.263,0.209,-0.531,-0.646,0.344,-0.187,0.447,0.521,0.295,0.022,-0.353,-0.081,-0.151,0.44,0.555,0.428,-0.336,0.787,0.665,-0.18,0.837,0.786,0.566,0.781,0.804,-0.536,0.294,-0.176,0.106,0.302,0.683,0.736,0.516,-0.195,0.844,0.538,-0.671,0.752,0.287,0.33,0.889,0.573,-0.136,-0.307,0.329,0.644,-0.32,0.126,-0.216,0.746,0.268,-0.18,-0.32,0.852,0.837,-0.027,0.043,-0.244,0.158,0.862,0.72,0.037,0.197,0.622,-0.18,0.289,-0.154,0.764,-0.326,0.156,0.634,0.805,0.703,-0.182,0.83,0.306,-0.139,0.676,-0.021,0.705,-0.037,-0.571,0.02,0.668,-0.043,-0.834,-0.177,-0.266,0.519,0.482,0.097,-0.476,0.269,-0.203,0.717,0.434,0.629,-0.243,0.255,0.439,0.167,0.354,0.851,0.763,-0.267,-0.53
BIDU,0.656,-0.412,-0.137,0.453,0.779,-0.272,0.83,-0.235,-0.618,0.375,-0.232,0.659,-0.181,0.644,0.546,-0.461,-0.395,0.083,0.373,0.72,0.315,-0.302,0.0,-0.531,0.003,-0.329,0.929,0.181,0.894,0.582,0.467,-0.351,0.528,0.689,-0.669,0.809,0.803,0.174,-0.283,0.132,-0.487,0.189,-0.229,-0.072,0.441,-0.591,0.486,0.645,-0.139,0.625,0.453,0.729,-0.362,0.8,0.831,-0.64,-0.231,0.494,0.633,0.646,0.808,0.256,-0.026,0.354,0.211,0.578,0.567,0.786,0.468,0.607,-0.013,0.149,-0.316,0.831,-0.322,0.042,0.499,-0.673,-0.514,-0.49,0.897,0.721,0.51,-0.531,0.661,0.697,0.733,0.355,0.469,-0.175,-0.082,-0.689,0.408,-0.053,0.891,-0.671,0.939,0.573,-0.625,0.891,0.481,-0.199,0.549,0.618,0.477,0.792,0.933,-0.289,0.275,0.002,0.387,0.195,0.218,-0.187,0.024,0.209,-0.776,-0.23,0.133,0.614,-0.74,-0.414,0.416,0.482,-0.167,0.085,0.602,0.756,-0.383,0.289,0.553,0.302,0.422,0.631,-0.288,-0.453,0.707,0.832,0.588,-0.809,0.577,0.446,0.304,-0.291,-0.74,0.568,0.728,-0.354,-0.499,0.538,0.75,0.802,0.548,-0.072,-0.714,-0.35,0.332,-0.0,0.829,0.582,0.412,-0.445,-0.335,0.725,0.031,-0.393,-0.611,0.229,-0.274,-0.07,0.645,0.187,0.172,-0.148,0.697,0.823,0.532,0.381,0.704,0.354,0.623,0.767,0.449,-0.646,0.527,0.256,0.536,-0.553,-0.585,-0.723,-0.563,0.742,0.738,0.331,-0.33,-0.185,-0.136,-0.513,0.705,0.571
BLNE,-0.349,0.127,-0.094,-0.324,-0.582,0.285,-0.659,0.222,0.452,-0.558,0.124,-0.709,0.053,-0.696,-0.406,-0.008,0.351,-0.257,-0.08,-0.743,-0.654,0.072,-0.531,0.0,-0.475,-0.178,-0.571,-0.467,-0.411,-0.71,-0.537,-0.105,-0.411,-0.649,0.565,-0.345,-0.731,-0.592,0.397,0.143,0.449,-0.607,-0.362,0.183,-0.621,0.343,-0.675,-0.207,-0.387,-0.669,-0.539,-0.724,0.534,-0.582,-0.704,0.599,0.099,-0.674,-0.486,-0.688,-0.418,-0.543,0.166,-0.653,-0.132,-0.517,-0.651,-0.698,-0.399,-0.642,-0.242,0.012,0.365,-0.658,-0.078,0.05,-0.727,0.43,0.232,0.036,-0.387,-0.72,-0.428,0.193,-0.647,-0.189,-0.674,-0.23,-0.679,0.241,-0.184,0.082,-0.411,0.126,-0.633,0.219,-0.472,-0.567,0.73,-0.703,-0.136,-0.234,-0.75,-0.513,-0.482,-0.713,-0.492,-0.353,-0.268,0.359,-0.678,-0.16,-0.048,0.096,0.011,-0.12,0.358,0.27,-0.247,-0.71,0.761,0.593,-0.438,-0.445,-0.078,-0.336,-0.415,-0.683,-0.105,-0.318,-0.549,-0.21,-0.505,-0.696,0.038,0.377,-0.7,-0.68,-0.447,0.344,-0.678,-0.696,-0.332,0.421,0.345,-0.544,-0.259,0.341,0.208,-0.326,-0.58,-0.728,-0.621,-0.046,0.24,0.329,-0.415,0.17,-0.722,-0.58,-0.657,0.404,0.436,-0.613,-0.1,0.086,0.602,-0.409,0.04,-0.063,-0.699,-0.413,-0.545,-0.112,-0.707,-0.48,-0.78,-0.247,-0.741,-0.199,-0.588,-0.721,-0.169,0.541,-0.655,-0.573,-0.673,0.087,0.15,0.56,-0.007,-0.761,-0.376,-0.432,0.365,-0.066,-0.062,0.295,-0.725,-0.514
BLNK,-0.18,0.565,-0.031,0.319,0.15,0.113,0.421,0.085,0.11,0.441,0.272,0.514,0.467,0.391,0.186,0.579,0.144,0.229,0.007,0.264,0.583,0.447,0.003,-0.475,0.0,0.573,0.157,0.569,-0.12,0.599,0.457,0.6,0.394,0.278,-0.001,-0.194,0.248,0.745,0.01,-0.364,0.062,0.773,0.576,0.162,0.31,-0.068,0.33,-0.127,0.554,0.275,0.561,0.452,-0.081,0.189,0.272,-0.04,0.31,0.44,0.185,0.334,-0.25,0.596,0.193,0.645,0.394,0.366,0.213,0.481,0.516,0.382,0.512,0.253,0.145,0.194,0.526,0.204,0.47,0.261,0.363,0.454,-0.024,0.584,-0.144,0.452,0.431,-0.317,0.174,0.323,0.429,-0.221,0.455,0.435,0.455,0.238,0.164,0.376,-0.129,-0.021,-0.391,0.207,-0.064,0.631,0.699,0.307,0.224,0.381,0.054,0.8,0.49,-0.26,0.523,0.517,0.279,0.151,0.318,0.442,0.277,0.13,0.512,0.264,-0.334,-0.407,0.328,0.434,0.238,0.649,0.402,0.21,0.685,0.293,0.089,0.44,0.516,0.545,0.352,-0.072,0.35,0.227,0.334,0.346,0.511,0.594,0.221,0.072,0.294,0.226,-0.267,0.191,0.471,0.356,0.203,0.281,0.428,0.522,0.476,-0.173,0.403,0.232,0.291,0.445,0.533,0.042,-0.611,0.476,0.161,0.479,-0.124,0.226,0.414,0.153,0.32,0.657,0.686,0.473,0.392,-0.105,0.735,0.337,0.379,-0.193,0.245,0.227,0.033,-0.216,0.44,0.38,0.552,0.282,0.446,0.032,0.649,0.367,0.124,0.369,-0.159,0.606,0.478,0.318,0.272,0.192
BTAI,-0.346,0.585,0.059,0.208,0.075,0.215,-0.007,0.141,0.39,0.412,0.298,0.3,0.404,0.251,0.164,0.547,0.375,0.322,-0.187,0.034,0.37,0.43,-0.329,-0.178,0.573,0.0,-0.276,0.58,-0.348,0.291,0.315,0.484,0.127,0.059,0.06,-0.343,0.048,0.588,0.16,0.004,0.118,0.639,0.498,0.195,0.061,-0.035,0.257,-0.222,0.559,0.068,0.397,0.137,-0.051,0.02,0.038,0.23,0.488,0.37,0.181,0.165,-0.356,0.299,0.294,0.362,0.258,0.176,0.178,-0.048,0.192,0.11,0.654,0.134,0.136,0.055,0.704,-0.072,0.235,0.268,0.236,0.667,-0.35,0.076,-0.018,0.545,0.186,-0.459,0.054,0.192,0.373,-0.094,0.636,0.595,0.335,0.12,-0.205,0.346,-0.335,-0.067,-0.171,-0.109,-0.172,0.641,0.35,0.265,0.22,0.072,-0.232,0.636,0.34,-0.291,0.301,0.3,-0.087,0.487,0.196,0.201,0.303,0.318,0.301,-0.012,-0.108,-0.332,0.323,0.443,0.356,0.63,0.039,0.1,0.624,0.397,-0.046,0.162,0.54,0.272,0.413,0.011,0.132,0.018,0.139,0.541,0.16,0.419,0.323,0.2,0.382,0.23,-0.412,0.284,0.613,0.161,0.128,-0.015,0.364,0.476,0.631,0.112,0.578,-0.008,-0.006,0.326,0.479,0.221,-0.048,0.123,0.003,0.639,0.174,0.197,0.628,-0.095,0.13,0.57,0.54,0.672,0.184,-0.28,0.353,0.035,0.191,-0.181,0.229,0.016,-0.178,0.072,0.394,0.161,0.185,0.476,0.681,0.134,0.699,0.063,-0.079,0.444,0.21,0.658,0.549,0.43,0.112,-0.049
BYND,0.597,-0.351,-0.047,0.38,0.729,-0.342,0.819,-0.278,-0.627,0.393,-0.264,0.692,-0.125,0.645,0.467,-0.395,-0.424,0.014,0.267,0.765,0.371,-0.287,0.929,-0.571,0.157,-0.276,0.0,0.319,0.818,0.629,0.488,-0.311,0.522,0.673,-0.642,0.679,0.8,0.264,-0.35,-0.012,-0.496,0.313,-0.073,-0.119,0.545,-0.521,0.552,0.555,-0.035,0.688,0.49,0.727,-0.38,0.751,0.809,-0.673,-0.276,0.522,0.566,0.685,0.692,0.353,-0.048,0.483,0.188,0.563,0.591,0.838,0.463,0.655,0.042,0.138,-0.343,0.783,-0.308,0.008,0.592,-0.619,-0.487,-0.392,0.808,0.774,0.444,-0.373,0.669,0.669,0.714,0.296,0.524,-0.289,-0.088,-0.569,0.38,-0.068,0.855,-0.521,0.895,0.583,-0.699,0.879,0.363,-0.075,0.594,0.643,0.526,0.8,0.854,-0.174,0.225,-0.093,0.514,0.192,0.223,-0.107,-0.006,0.189,-0.699,-0.306,0.126,0.667,-0.736,-0.447,0.385,0.51,-0.19,0.089,0.576,0.729,-0.301,0.233,0.604,0.266,0.454,0.629,-0.314,-0.516,0.752,0.854,0.57,-0.733,0.719,0.5,0.408,-0.329,-0.662,0.602,0.634,-0.381,-0.486,0.617,0.698,0.797,0.539,-0.074,-0.631,-0.438,0.336,0.0,0.838,0.57,0.494,-0.511,-0.435,0.764,-0.037,-0.358,-0.665,0.267,-0.287,-0.012,0.673,0.212,0.292,-0.162,0.721,0.793,0.647,0.327,0.716,0.416,0.649,0.767,0.332,-0.701,0.528,0.336,0.559,-0.408,-0.543,-0.71,-0.437,0.773,0.671,0.284,-0.375,-0.068,-0.156,-0.473,0.723,0.626
CAN,0.043,0.116,0.294,0.09,0.451,-0.297,0.393,-0.134,-0.098,0.624,-0.079,0.698,0.166,0.625,0.203,0.286,-0.029,0.308,-0.392,0.532,0.673,0.096,0.181,-0.467,0.569,0.58,0.319,0.0,0.098,0.617,0.721,0.15,0.337,0.294,-0.471,-0.061,0.484,0.781,-0.29,-0.08,-0.417,0.87,0.573,-0.182,0.545,-0.169,0.703,-0.072,0.674,0.538,0.679,0.509,-0.56,0.367,0.46,-0.343,0.172,0.733,0.409,0.642,0.098,0.56,0.145,0.796,0.057,0.459,0.647,0.36,0.095,0.596,0.632,0.212,-0.323,0.439,0.441,-0.314,0.756,-0.248,-0.177,0.418,0.058,0.441,0.285,0.299,0.477,-0.019,0.459,0.19,0.797,-0.445,0.485,0.353,0.215,-0.141,0.313,0.06,0.237,0.466,-0.614,0.388,-0.069,0.637,0.618,0.605,0.61,0.459,0.179,0.515,0.186,-0.62,0.717,0.152,-0.143,0.437,-0.013,0.103,-0.166,-0.142,0.091,0.469,-0.498,-0.608,0.364,0.554,0.169,0.407,0.218,0.513,0.302,0.367,0.495,0.055,0.636,0.51,0.038,-0.538,0.5,0.59,0.324,0.072,0.658,0.766,0.501,-0.256,-0.051,0.672,0.182,-0.198,0.112,0.59,0.451,0.427,0.655,0.17,0.17,-0.352,0.599,-0.27,0.551,0.497,0.849,-0.362,-0.181,0.513,-0.205,0.187,-0.327,0.564,0.315,-0.273,0.629,0.547,0.831,0.447,0.652,0.244,0.733,0.107,0.613,0.309,0.665,0.539,-0.189,-0.449,0.729,0.456,0.385,0.31,0.318,-0.407,0.372,0.567,0.197,0.543,-0.093,0.646,0.223,0.133,0.629,0.511
CCEC,0.589,-0.413,-0.162,0.376,0.683,-0.263,0.672,-0.179,-0.491,0.284,-0.222,0.558,-0.253,0.556,0.481,-0.492,-0.285,0.061,0.289,0.61,0.206,-0.362,0.894,-0.411,-0.12,-0.348,0.818,0.098,0.0,0.44,0.425,-0.381,0.443,0.541,-0.648,0.764,0.686,0.121,-0.236,0.255,-0.479,0.12,-0.272,-0.125,0.327,-0.621,0.41,0.596,-0.158,0.561,0.371,0.595,-0.327,0.711,0.74,-0.532,-0.217,0.411,0.567,0.539,0.774,0.247,0.025,0.277,0.143,0.502,0.499,0.628,0.355,0.464,0.006,0.128,-0.301,0.757,-0.299,-0.036,0.377,-0.686,-0.522,-0.465,0.813,0.559,0.521,-0.592,0.565,0.663,0.66,0.279,0.397,-0.078,-0.081,-0.703,0.314,-0.133,0.789,-0.699,0.856,0.538,-0.495,0.736,0.48,-0.218,0.386,0.604,0.393,0.681,0.877,-0.347,0.239,0.007,0.259,0.115,0.116,-0.2,0.02,0.165,-0.769,-0.178,0.013,0.5,-0.637,-0.309,0.425,0.429,-0.212,0.025,0.455,0.689,-0.437,0.27,0.473,0.231,0.346,0.526,-0.281,-0.426,0.598,0.742,0.525,-0.772,0.441,0.362,0.225,-0.232,-0.709,0.539,0.732,-0.326,-0.463,0.572,0.681,0.688,0.476,-0.086,-0.67,-0.199,0.336,-0.055,0.714,0.522,0.352,-0.4,-0.153,0.559,-0.024,-0.394,-0.508,0.139,-0.274,-0.2,0.558,0.123,0.105,-0.151,0.604,0.759,0.374,0.313,0.606,0.32,0.587,0.672,0.404,-0.549,0.448,0.14,0.36,-0.55,-0.551,-0.66,-0.588,0.613,0.681,0.327,-0.201,-0.235,-0.13,-0.464,0.607,0.49
CDW,0.514,0.127,-0.192,0.629,0.795,0.043,0.875,0.082,-0.197,0.805,0.228,0.928,0.267,0.879,0.734,0.245,0.003,0.592,0.276,0.723,0.821,0.278,0.582,-0.71,0.599,0.291,0.629,0.617,0.44,0.0,0.81,0.293,0.814,0.692,-0.528,0.479,0.783,0.756,-0.053,-0.051,-0.269,0.775,0.287,-0.079,0.415,-0.503,0.586,0.453,0.556,0.537,0.804,0.878,-0.345,0.825,0.84,-0.424,0.318,0.823,0.772,0.702,0.496,0.763,0.298,0.694,0.473,0.878,0.594,0.828,0.578,0.873,0.55,0.261,-0.053,0.789,0.373,0.114,0.704,-0.294,-0.049,-0.046,0.559,0.82,0.26,-0.024,0.862,0.24,0.707,0.682,0.76,-0.38,0.522,-0.018,0.608,0.183,0.692,-0.307,0.467,0.382,-0.708,0.775,0.443,0.496,0.953,0.711,0.501,0.823,0.634,0.387,0.552,-0.133,0.589,0.575,0.376,-0.049,0.404,0.536,-0.343,0.067,0.568,0.524,-0.724,-0.742,0.632,0.679,0.324,0.656,0.769,0.783,0.336,0.701,0.385,0.582,0.809,0.943,0.293,-0.268,0.805,0.754,0.746,-0.198,0.631,0.894,0.387,-0.084,-0.424,0.689,0.389,-0.012,0.128,0.59,0.792,0.754,0.864,0.427,-0.024,-0.408,0.656,0.044,0.827,0.87,0.711,-0.176,-0.512,0.91,0.265,0.213,-0.329,0.514,0.373,0.02,0.816,0.775,0.562,0.491,0.869,0.468,0.836,0.612,0.888,0.022,0.748,0.795,0.468,-0.395,0.858,0.355,0.841,-0.29,0.094,-0.565,0.139,0.785,0.695,0.766,-0.304,0.313,0.429,0.023,0.768,0.456
CDXS,0.385,0.039,-0.113,0.468,0.694,-0.049,0.662,0.047,-0.127,0.838,0.183,0.88,0.145,0.859,0.618,0.191,0.161,0.585,-0.004,0.61,0.776,0.209,0.467,-0.537,0.457,0.315,0.488,0.721,0.425,0.81,0.0,0.185,0.65,0.39,-0.612,0.418,0.615,0.803,-0.031,0.136,-0.402,0.78,0.277,-0.296,0.362,-0.569,0.61,0.34,0.568,0.489,0.758,0.778,-0.505,0.738,0.742,-0.353,0.381,0.862,0.771,0.717,0.528,0.606,0.437,0.75,0.335,0.83,0.643,0.56,0.29,0.77,0.707,0.307,-0.141,0.737,0.504,-0.149,0.648,-0.377,-0.154,0.024,0.438,0.568,0.318,-0.058,0.779,0.163,0.665,0.571,0.818,-0.33,0.684,0.077,0.449,-0.02,0.652,-0.389,0.422,0.435,-0.607,0.579,0.412,0.506,0.764,0.736,0.49,0.644,0.548,0.332,0.45,-0.294,0.52,0.397,0.098,0.099,0.298,0.393,-0.442,0.09,0.379,0.422,-0.664,-0.785,0.598,0.659,0.3,0.584,0.563,0.776,0.231,0.737,0.409,0.383,0.756,0.787,0.293,-0.418,0.667,0.713,0.72,-0.149,0.524,0.888,0.296,-0.061,-0.41,0.736,0.49,-0.058,0.092,0.732,0.742,0.594,0.893,0.383,0.048,-0.312,0.679,-0.212,0.766,0.825,0.751,-0.265,-0.21,0.681,0.072,0.172,-0.246,0.497,0.454,-0.278,0.781,0.73,0.616,0.62,0.858,0.437,0.714,0.464,0.829,0.093,0.803,0.732,0.304,-0.373,0.909,0.294,0.656,-0.289,0.222,-0.61,0.067,0.723,0.579,0.831,-0.205,0.404,0.384,0.199,0.754,0.467
