,ABEO,ACHC,AGNCN,AKAM,AKRO,ALRM,AMAT,AMED,AMRN,ANGI,APA,APOG,APPS,ARCB,ARCC,ARVN,ATEC,ATXS,AVAV,AXON,BANF,BATRK,BIDU,BLNE,BLNK,BTAI,BYND,CAN,CCEC,CDW,CDXS,CELH,CGNX,CHKP,CHRS,CHRW,CIGI,CKPT,CMPR,COGT,CRNC,CRSP,CSTL,CTSH,CVGW,DGLY,DNLI,DOCU,DVAX,EBAY,EHTH,ERII,ESLT,EXPE,EXPO,FBIOP,FFBC,FFIN,FOXF,FWRD,GDS,GERN,GPRE,GRWG,GRYP,HEES,HELE,HIVE,HON,HRTX,HSTM,HURA,IART,IBKR,IBOC,IBRX,IDXX,INGN,INM,INVA,IQ,IRBT,KDP,KPTI,KTOS,KXIN,LAMR,LFUS,LGIH,LGMK,LKFN,LNW,LOPE,LPSN,LYFT,MGNX,MLCO,MNST,MODV,MSTR,MTCH,MYGN,MYRG,NCMI,NEXT,NFLX,NIU,NKTR,NRC,NTNX,NTRA,NVEE,NVMI,NWL,NWS,NXPI,OCGN,OCSL,OKTA,OLLI,OTLK,OXLC,PAA,PARA,PARAA,PDCO,PDFS,PFG,PGEN,PNFP,PODD,POWI,PSMT,PTC,PTEN,PVLA,RDNT,RDUS,RDWR,REGN,RNAC,ROCK,ROST,RRR,RSLS,RVMD,RYAAY,SAFT,SAGE,SAVA,SBGI,SFM,SFNC,SHYF,SIBN,SIFY,SIGI,SIMO,SITM,SLM,SNBR,SNDX,SNY,SPNS,SRRK,STRA,SUPN,SYRE,TCBK,TEAM,TECH,THRM,TLRY,TRMK,TROW,TSLA,TWST,TXN,UFPI,UNIT,UPWK,USLM,UTHR,VERB,VLY,VRNA,VRRM,VXRT,WAFD,WATT,WBA,WING,WIX,WTFC,WTW,XPEL,XRX,YMAB,ZG,ZLAB
ABEO,0.0,0.096,0.099,0.425,0.47,-0.14,0.366,0.021,-0.38,-0.407,-0.062,-0.38,0.011,0.064,0.386,0.263,-0.502,-0.29,0.78,0.259,0.43,-0.249,-0.346,-0.206,0.326,-0.197,-0.373,-0.264,0.206,-0.0,-0.195,0.486,0.387,-0.201,-0.473,-0.201,-0.008,0.274,-0.236,-0.2,-0.339,-0.178,-0.128,0.062,0.532,0.193,0.06,0.046,0.047,0.355,0.201,-0.157,-0.192,-0.47,0.011,0.086,0.381,0.545,0.215,-0.339,-0.234,-0.257,-0.485,0.002,-0.283,0.004,0.011,-0.294,0.35,-0.242,-0.418,0.027,-0.185,0.251,0.408,-0.004,-0.026,0.055,-0.379,-0.255,-0.012,-0.057,-0.624,0.221,0.054,-0.068,0.554,0.147,-0.014,0.448,0.662,0.065,-0.21,-0.386,0.209,0.454,-0.141,0.11,0.493,0.316,-0.694,0.221,-0.282,-0.331,0.129,-0.099,0.064,0.551,-0.352,0.497,0.295,-0.311,0.261,0.355,-0.166,0.378,-0.229,-0.329,0.453,-0.598,-0.284,0.635,0.011,-0.32,-0.303,-0.12,0.34,-0.287,0.354,0.263,0.344,0.486,0.011,-0.121,0.079,-0.246,0.549,-0.086,0.211,-0.287,-0.51,-0.475,-0.222,0.178,-0.234,0.315,-0.167,-0.482,-0.001,-0.522,-0.081,0.525,0.381,-0.249,0.188,-0.185,0.399,-0.095,0.088,0.245,0.205,0.132,0.061,-0.506,0.069,0.286,-0.058,0.532,0.503,0.077,0.277,-0.108,-0.469,0.124,0.324,-0.453,-0.162,0.665,-0.116,0.682,0.003,0.242,0.396,-0.152,-0.008,-0.089,-0.085,-0.623,0.127,-0.054,-0.113,0.482,0.058,0.227,-0.089,-0.52,-0.367,0.146,0.321,-0.053
ACHC,0.096,0.0,-0.538,0.365,0.592,0.541,0.137,0.445,0.703,0.426,-0.935,-0.669,0.852,0.711,-0.634,0.827,0.091,-0.716,-0.143,-0.313,0.433,0.799,-0.175,-0.303,0.61,0.794,0.367,0.686,-0.755,-0.649,0.674,-0.673,-0.726,-0.866,0.055,-0.593,-0.739,0.849,0.635,0.699,-0.314,0.883,0.545,0.865,0.191,-0.755,0.317,-0.886,0.749,-0.788,0.837,0.563,0.858,-0.207,0.071,-0.932,0.332,0.197,0.615,0.723,-0.869,-0.682,0.089,0.278,0.794,-0.607,0.893,0.802,-0.137,-0.75,0.583,0.307,0.715,0.293,-0.532,-0.756,0.932,0.237,0.561,0.565,-0.793,0.857,-0.182,-0.385,0.763,0.908,-0.553,0.838,0.208,-0.352,0.311,-0.626,0.465,0.576,-0.714,0.823,0.624,-0.751,0.442,-0.828,0.2,0.427,0.131,-0.624,-0.777,-0.758,-0.007,-0.309,0.518,-0.191,-0.563,0.642,0.038,-0.666,0.432,0.536,-0.706,-0.182,-0.25,0.3,0.338,-0.074,-0.821,-0.703,-0.692,0.221,0.125,-0.79,0.763,0.253,-0.059,0.42,0.775,-0.563,0.003,-0.626,-0.383,0.72,-0.782,0.577,0.254,-0.318,0.594,0.311,-0.494,-0.458,-0.597,0.09,0.881,0.312,0.753,-0.048,0.434,-0.817,0.902,0.15,0.338,-0.757,0.475,-0.549,0.787,0.656,-0.306,-0.548,0.243,0.054,-0.9,-0.683,-0.233,0.411,0.59,0.805,-0.581,0.267,-0.669,0.744,0.835,-0.258,-0.575,-0.061,0.809,-0.863,-0.525,-0.649,0.327,0.813,-0.906,0.254,-0.15,0.796,0.48,0.4,-0.044,-0.289,-0.195,0.129,0.653,0.604,0.59,0.779
AGNCN,0.099,-0.538,0.0,0.09,-0.158,-0.367,0.252,-0.512,-0.517,-0.202,0.564,0.48,-0.502,-0.257,0.362,-0.492,-0.153,0.351,0.314,0.442,0.002,-0.533,-0.188,0.161,-0.471,-0.454,-0.372,-0.398,0.347,0.614,-0.272,0.487,0.643,0.339,0.07,0.207,0.513,-0.313,-0.25,-0.526,0.162,-0.56,-0.351,-0.57,-0.085,0.586,0.023,0.584,-0.304,0.553,-0.482,-0.144,-0.483,0.322,0.258,0.484,0.126,0.197,-0.076,-0.562,0.453,0.351,0.087,-0.086,-0.577,0.582,-0.532,-0.558,0.443,0.152,-0.11,-0.358,-0.561,0.083,0.605,0.695,-0.491,-0.236,-0.419,-0.426,0.466,-0.582,0.175,0.122,-0.351,-0.376,0.484,-0.392,0.231,0.241,0.1,0.536,-0.106,-0.523,0.625,-0.295,-0.55,0.468,-0.071,0.475,-0.081,-0.113,0.066,0.482,0.446,0.543,-0.051,0.508,-0.276,0.271,0.609,-0.233,0.353,0.31,-0.234,-0.01,0.42,0.063,0.375,-0.22,-0.191,0.279,0.64,0.43,0.322,-0.17,0.158,0.478,-0.282,0.116,0.216,0.012,-0.305,0.649,0.269,0.488,0.562,-0.567,0.45,-0.399,0.113,0.21,-0.278,0.051,0.337,0.233,0.408,-0.388,-0.547,-0.314,-0.551,0.01,0.037,0.585,-0.408,-0.069,0.112,0.623,-0.049,0.609,-0.388,-0.411,-0.004,0.394,0.134,0.255,0.591,0.477,0.451,-0.155,-0.156,-0.442,0.396,0.12,0.671,-0.453,-0.491,0.376,0.538,0.278,-0.374,0.638,0.486,0.19,-0.098,-0.474,0.553,-0.062,0.438,-0.419,-0.168,-0.068,0.21,0.38,0.019,0.01,-0.357,-0.148,-0.174,-0.589
AKAM,0.425,0.365,0.09,0.0,0.69,0.451,0.622,0.098,-0.103,0.175,-0.368,-0.228,0.339,0.649,0.066,0.518,-0.543,-0.387,0.494,0.442,0.75,0.212,-0.641,-0.525,0.406,0.292,0.089,0.145,-0.26,0.139,0.428,0.192,0.192,-0.596,-0.202,-0.313,-0.195,0.626,0.352,-0.071,-0.219,0.253,-0.061,0.286,0.439,0.096,0.238,-0.168,0.518,-0.031,0.517,0.483,0.368,-0.073,0.591,-0.288,0.752,0.749,0.755,0.025,-0.485,-0.475,-0.181,0.364,0.125,0.091,0.427,0.09,0.654,-0.572,0.328,0.058,-0.073,0.602,0.297,0.034,0.469,-0.022,-0.084,0.219,-0.185,0.275,-0.265,-0.005,0.557,0.436,0.251,0.637,0.659,0.282,0.828,0.219,0.326,-0.276,0.066,0.65,-0.105,-0.02,0.535,-0.069,-0.274,0.301,0.083,-0.338,-0.31,-0.148,0.078,0.403,0.214,0.607,0.365,0.184,0.52,0.076,0.37,0.853,-0.237,-0.144,0.592,-0.146,0.044,0.698,-0.127,-0.301,-0.445,-0.112,0.821,-0.447,0.719,0.591,0.382,0.863,0.62,0.193,0.476,-0.3,0.366,0.004,-0.229,0.04,-0.004,-0.119,0.135,0.818,0.062,0.052,-0.244,-0.571,0.365,-0.36,0.239,0.391,0.739,-0.269,0.488,-0.287,0.848,-0.078,0.668,0.404,0.601,0.4,-0.125,-0.16,0.383,0.706,-0.364,0.058,0.49,0.403,0.749,0.424,-0.385,0.666,0.27,0.114,0.343,0.578,0.066,0.639,0.557,-0.129,0.224,-0.597,0.412,0.306,-0.325,-0.138,0.49,0.456,0.227,0.679,0.495,0.085,-0.128,0.048,0.085,0.695,0.701,0.099
AKRO,0.47,0.592,-0.158,0.69,0.0,0.407,0.316,0.389,0.067,0.158,-0.629,-0.62,0.581,0.479,-0.025,0.643,-0.526,-0.503,0.361,0.284,0.562,0.304,-0.581,-0.381,0.582,0.394,0.149,0.158,-0.377,-0.349,0.44,-0.024,-0.132,-0.655,-0.273,-0.426,-0.561,0.778,0.323,0.17,-0.355,0.39,0.038,0.564,0.456,-0.159,0.344,-0.385,0.51,-0.146,0.565,0.323,0.42,-0.339,0.286,-0.502,0.504,0.51,0.721,0.104,-0.688,-0.579,-0.403,0.261,0.255,-0.276,0.591,0.206,0.232,-0.682,0.186,0.057,0.088,0.504,-0.044,-0.326,0.597,-0.101,-0.012,0.088,-0.373,0.538,-0.474,-0.023,0.478,0.526,0.06,0.619,0.216,0.306,0.696,-0.189,0.35,-0.105,-0.28,0.78,0.095,-0.164,0.779,-0.22,-0.361,0.244,-0.122,-0.65,-0.517,-0.396,0.061,0.344,0.172,0.469,0.086,0.181,0.25,-0.062,0.21,0.703,-0.592,-0.44,0.414,-0.26,0.04,0.536,-0.431,-0.58,-0.631,-0.197,0.492,-0.698,0.797,0.231,0.362,0.725,0.543,-0.219,0.272,-0.458,0.195,0.172,-0.303,0.171,-0.156,-0.474,0.209,0.487,-0.292,-0.062,-0.503,-0.543,0.539,-0.198,0.375,0.415,0.565,-0.6,0.642,-0.061,0.641,-0.449,0.436,-0.005,0.61,0.434,-0.295,-0.592,0.114,0.456,-0.566,-0.037,0.313,0.474,0.784,0.493,-0.654,0.347,-0.057,0.2,0.361,0.399,-0.305,0.577,0.537,-0.351,0.047,-0.542,0.18,0.389,-0.535,-0.207,0.118,0.481,0.289,0.524,0.15,-0.173,-0.324,-0.229,0.177,0.551,0.691,0.374
ALRM,-0.14,0.541,-0.367,0.451,0.407,0.0,-0.011,0.378,0.583,0.705,-0.623,-0.296,0.765,0.622,-0.266,0.746,0.132,-0.441,-0.309,-0.225,0.501,0.693,0.06,-0.26,0.692,0.735,0.582,0.582,-0.421,-0.236,0.66,-0.491,-0.501,-0.442,0.258,0.052,-0.47,0.494,0.625,0.459,0.338,0.721,0.317,0.683,0.289,-0.484,0.392,-0.381,0.69,-0.596,0.768,0.506,0.67,0.301,0.149,-0.508,0.297,0.137,0.678,0.671,-0.385,-0.67,0.03,0.225,0.712,-0.505,0.797,0.664,0.03,-0.419,0.589,0.426,0.535,0.215,-0.429,-0.503,0.743,0.109,0.448,0.532,-0.202,0.752,-0.002,-0.238,0.686,0.662,-0.566,0.762,0.558,-0.08,0.205,-0.229,0.249,0.434,-0.517,0.372,0.544,-0.377,0.197,-0.456,0.156,0.118,0.071,-0.545,-0.693,-0.406,0.494,-0.374,0.669,-0.101,-0.352,0.637,-0.147,-0.329,0.822,0.621,-0.404,0.272,-0.07,0.366,0.144,-0.093,-0.627,-0.074,-0.12,0.175,0.428,-0.633,0.583,0.218,0.162,0.494,0.761,-0.041,0.015,-0.587,-0.536,0.564,-0.372,0.628,0.101,-0.013,0.552,0.572,0.018,-0.004,-0.596,0.182,0.743,0.288,0.781,-0.156,0.337,-0.498,0.599,0.236,0.518,-0.499,0.588,-0.225,0.742,0.766,-0.07,0.007,0.468,0.118,-0.572,-0.58,-0.257,0.737,0.566,0.754,-0.419,0.29,-0.434,0.699,0.737,-0.136,-0.299,-0.173,0.779,-0.646,-0.25,-0.663,0.521,0.71,-0.569,0.276,-0.04,0.79,0.641,0.167,0.466,-0.386,0.011,0.361,0.55,0.568,0.72,0.707
AMAT,0.366,0.137,0.252,0.622,0.316,-0.011,0.0,-0.245,-0.175,0.009,0.056,0.275,-0.101,0.535,-0.08,0.117,-0.316,-0.03,0.376,0.453,0.447,-0.01,-0.489,-0.543,-0.168,0.022,-0.21,0.152,-0.186,0.515,0.258,0.262,0.373,-0.435,0.053,-0.399,0.329,0.385,0.334,-0.088,-0.257,0.043,0.069,-0.165,0.025,0.183,0.09,-0.099,0.18,0.027,0.13,0.565,0.237,-0.004,0.738,-0.136,0.616,0.576,0.378,-0.157,-0.274,0.064,0.213,0.401,-0.115,0.582,0.013,0.002,0.666,-0.266,0.239,-0.137,-0.209,0.729,0.515,0.345,0.17,0.107,-0.034,0.281,-0.222,-0.193,-0.014,-0.146,0.264,0.178,0.372,0.331,0.582,-0.044,0.559,0.521,0.368,-0.258,0.455,0.435,-0.351,-0.059,0.026,0.002,0.087,0.43,0.508,0.26,0.122,0.275,-0.465,0.594,0.041,0.463,0.455,0.13,0.899,0.048,0.025,0.551,0.229,-0.151,0.383,0.107,0.198,0.655,0.291,-0.233,-0.365,0.074,0.592,0.102,0.395,0.614,-0.064,0.461,0.332,0.409,0.436,0.034,0.62,-0.05,-0.292,-0.005,0.307,0.338,0.088,0.547,0.087,-0.21,0.217,-0.374,0.012,-0.209,-0.132,0.452,0.549,0.141,0.078,-0.313,0.44,0.439,0.543,0.544,0.11,0.033,-0.229,0.153,0.282,0.583,-0.068,0.123,0.622,-0.192,0.272,0.22,0.144,0.633,0.475,-0.029,0.139,0.533,0.545,0.556,0.32,0.057,0.076,-0.203,0.274,0.213,0.105,0.094,0.603,0.08,-0.139,0.792,0.367,0.603,-0.139,0.259,0.097,0.597,0.191,-0.306
AMED,0.021,0.445,-0.512,0.098,0.389,0.378,-0.245,0.0,0.28,0.175,-0.552,-0.56,0.514,0.149,-0.007,0.497,-0.112,-0.313,-0.079,-0.237,0.12,0.403,0.038,-0.072,0.515,0.356,0.241,0.2,-0.193,-0.525,0.276,-0.323,-0.437,-0.297,-0.236,-0.088,-0.63,0.39,0.113,0.321,0.016,0.39,0.08,0.553,0.212,-0.332,0.215,-0.335,0.321,-0.34,0.477,0.018,0.306,-0.294,-0.246,-0.393,-0.058,-0.03,0.346,0.329,-0.397,-0.512,-0.298,0.119,0.413,-0.571,0.465,0.303,-0.288,-0.374,0.139,0.219,0.356,0.044,-0.471,-0.589,0.427,0.099,0.16,0.145,-0.269,0.618,-0.241,-0.009,0.259,0.353,-0.325,0.36,-0.105,0.14,0.118,-0.525,0.064,0.235,-0.559,0.345,0.418,-0.226,0.357,-0.31,-0.175,-0.006,-0.296,-0.608,-0.48,-0.536,0.264,-0.309,0.228,-0.012,-0.354,0.169,-0.352,-0.198,0.218,0.273,-0.528,-0.095,-0.084,-0.074,0.046,-0.014,-0.575,-0.32,-0.348,0.083,0.024,-0.584,0.368,-0.165,0.259,0.285,0.273,-0.456,-0.107,-0.439,-0.343,0.364,-0.186,0.355,-0.287,-0.417,0.12,0.09,-0.27,0.056,-0.506,0.044,0.465,0.067,0.431,0.124,0.064,-0.558,0.503,-0.006,0.125,-0.61,0.092,-0.453,0.424,0.365,-0.07,-0.407,-0.151,-0.067,-0.432,-0.227,-0.287,0.445,0.368,0.399,-0.516,-0.132,-0.454,0.324,0.306,-0.073,-0.602,-0.071,0.348,-0.464,-0.135,-0.32,0.055,0.343,-0.509,-0.153,-0.313,0.431,0.324,0.001,-0.025,-0.554,-0.072,-0.182,0.186,0.136,0.353,0.571
AMRN,-0.38,0.703,-0.517,-0.103,0.067,0.583,-0.175,0.28,0.0,0.61,-0.664,-0.237,0.72,0.555,-0.728,0.578,0.567,-0.42,-0.592,-0.652,0.201,0.818,0.308,-0.152,0.364,0.808,0.506,0.886,-0.659,-0.462,0.553,-0.926,-0.864,-0.465,0.503,-0.186,-0.48,0.402,0.598,0.795,0.085,0.898,0.785,0.64,-0.131,-0.844,0.317,-0.741,0.635,-0.899,0.637,0.508,0.773,0.178,-0.087,-0.729,0.084,-0.154,0.335,0.952,-0.441,-0.419,0.49,0.167,0.896,-0.584,0.759,0.954,-0.316,-0.345,0.646,0.313,0.883,-0.068,-0.648,-0.653,0.747,0.326,0.799,0.653,-0.563,0.727,0.263,-0.377,0.675,0.728,-0.858,0.599,0.201,-0.675,-0.198,-0.551,0.287,0.941,-0.65,0.281,0.828,-0.857,-0.101,-0.838,0.625,0.36,0.36,-0.288,-0.619,-0.61,0.084,-0.668,0.754,-0.724,-0.86,0.762,-0.289,-0.762,0.572,0.161,-0.356,0.289,-0.744,0.718,0.463,-0.561,-0.714,-0.222,-0.217,0.401,-0.213,-0.445,0.364,0.182,-0.307,-0.04,0.632,-0.395,-0.204,-0.481,-0.768,0.836,-0.711,0.841,0.479,0.135,0.677,0.055,-0.24,-0.387,-0.364,0.594,0.792,0.588,0.744,-0.462,0.16,-0.488,0.593,0.31,0.002,-0.579,0.385,-0.67,0.568,0.653,-0.06,-0.07,0.426,-0.405,-0.685,-0.92,-0.495,0.3,0.233,0.744,-0.165,0.153,-0.778,0.88,0.861,-0.694,-0.423,-0.623,0.687,-0.843,-0.669,-0.439,0.471,0.792,-0.655,0.636,-0.175,0.74,0.601,-0.041,-0.008,-0.219,0.121,0.498,0.739,0.352,0.294,0.727
ANGI,-0.407,0.426,-0.202,0.175,0.158,0.705,0.009,0.175,0.61,0.0,-0.45,-0.061,0.609,0.524,-0.425,0.463,0.323,-0.368,-0.572,-0.259,0.239,0.631,0.247,-0.205,0.341,0.679,0.612,0.607,-0.488,-0.128,0.731,-0.562,-0.547,-0.357,0.479,0.027,-0.242,0.424,0.779,0.473,0.49,0.657,0.309,0.514,-0.07,-0.455,0.351,-0.387,0.505,-0.663,0.541,0.611,0.655,0.499,0.174,-0.528,0.126,-0.11,0.53,0.632,-0.242,-0.42,0.289,0.184,0.683,-0.324,0.609,0.672,-0.168,-0.323,0.676,0.351,0.479,0.318,-0.459,-0.343,0.628,0.045,0.56,0.579,-0.216,0.565,0.18,-0.51,0.489,0.631,-0.695,0.499,0.493,-0.276,-0.073,-0.108,0.356,0.477,-0.464,0.213,0.377,-0.447,-0.115,-0.518,0.483,-0.006,0.311,-0.262,-0.688,-0.237,0.27,-0.46,0.608,-0.304,-0.385,0.729,-0.02,-0.522,0.674,0.415,-0.246,0.295,-0.284,0.638,0.307,-0.288,-0.45,0.009,-0.035,0.296,0.203,-0.345,0.335,0.099,-0.067,0.117,0.652,0.065,-0.08,-0.411,-0.498,0.552,-0.408,0.641,0.36,0.225,0.64,0.439,-0.001,-0.26,-0.475,0.345,0.579,0.546,0.643,-0.285,0.134,-0.336,0.399,0.355,0.288,-0.29,0.484,-0.172,0.441,0.488,-0.209,0.198,0.41,0.066,-0.471,-0.675,-0.306,0.543,0.234,0.677,-0.124,0.193,-0.408,0.771,0.633,-0.325,-0.094,-0.329,0.691,-0.628,-0.416,-0.504,0.425,0.717,-0.409,0.563,-0.043,0.624,0.604,0.031,0.281,-0.291,-0.193,0.574,0.758,0.533,0.465,0.579
APA,-0.062,-0.935,0.564,-0.368,-0.629,-0.623,0.056,-0.552,-0.664,-0.45,0.0,0.757,-0.905,-0.632,0.533,-0.855,0.011,0.726,0.162,0.306,-0.429,-0.794,0.189,0.277,-0.718,-0.798,-0.444,-0.605,0.706,0.728,-0.637,0.658,0.743,0.786,0.045,0.467,0.853,-0.811,-0.574,-0.671,0.224,-0.86,-0.427,-0.925,-0.255,0.71,-0.258,0.815,-0.756,0.742,-0.85,-0.471,-0.797,0.219,0.001,0.879,-0.274,-0.153,-0.632,-0.72,0.832,0.747,0.074,-0.204,-0.808,0.725,-0.928,-0.744,0.198,0.773,-0.538,-0.282,-0.686,-0.199,0.605,0.803,-0.92,-0.134,-0.523,-0.499,0.695,-0.938,0.255,0.301,-0.727,-0.875,0.582,-0.815,-0.148,0.171,-0.297,0.7,-0.388,-0.521,0.818,-0.765,-0.654,0.662,-0.53,0.774,-0.068,-0.268,0.041,0.774,0.855,0.823,-0.161,0.407,-0.531,0.153,0.562,-0.581,0.147,0.587,-0.497,-0.535,0.803,0.169,0.185,-0.205,-0.297,0.099,0.904,0.643,0.642,-0.132,-0.138,0.885,-0.742,-0.137,-0.062,-0.459,-0.757,0.605,0.049,0.678,0.478,-0.667,0.672,-0.557,-0.108,0.424,-0.549,-0.296,0.466,0.315,0.698,-0.051,-0.912,-0.262,-0.804,0.05,-0.393,0.883,-0.911,-0.148,-0.355,0.856,-0.432,0.586,-0.828,-0.698,0.266,0.593,-0.182,-0.047,0.913,0.642,0.317,-0.568,-0.673,-0.792,0.686,-0.195,0.705,-0.733,-0.805,0.235,0.696,0.062,-0.78,0.854,0.457,0.645,-0.326,-0.751,0.939,-0.155,0.222,-0.828,-0.547,-0.273,0.081,0.499,0.209,-0.042,-0.592,-0.553,-0.656,-0.838
APOG,-0.38,-0.669,0.48,-0.228,-0.62,-0.296,0.275,-0.56,-0.237,-0.061,0.757,0.0,-0.654,-0.162,0.098,-0.655,0.208,0.705,-0.171,0.225,-0.233,-0.362,0.146,-0.0,-0.774,-0.404,-0.181,-0.115,0.304,0.833,-0.235,0.243,0.475,0.477,0.431,0.353,0.809,-0.604,-0.092,-0.308,0.315,-0.416,-0.089,-0.78,-0.442,0.425,-0.153,0.489,-0.413,0.302,-0.592,0.087,-0.32,0.432,0.4,0.523,-0.041,-0.106,-0.374,-0.285,0.621,0.708,0.533,-0.017,-0.404,0.801,-0.604,-0.297,0.336,0.585,0.041,-0.227,-0.394,0.003,0.486,0.759,-0.536,-0.035,-0.102,-0.009,0.398,-0.698,0.57,0.027,-0.353,-0.471,0.233,-0.457,0.259,-0.211,-0.317,0.739,-0.069,-0.183,0.696,-0.621,-0.444,0.307,-0.706,0.331,0.435,-0.05,0.505,0.895,0.603,0.696,-0.302,0.197,-0.026,-0.076,0.377,-0.075,0.339,0.242,-0.117,-0.326,0.828,0.38,-0.026,0.328,0.156,-0.035,0.76,0.585,0.494,0.065,-0.047,0.862,-0.539,0.153,-0.325,-0.395,-0.314,0.702,0.17,0.595,0.241,-0.371,0.197,-0.14,0.414,0.856,-0.152,-0.055,0.518,0.028,0.721,0.183,-0.565,0.03,-0.531,-0.135,-0.155,0.861,-0.693,-0.158,-0.213,0.876,-0.007,0.542,-0.591,-0.424,0.101,0.859,0.137,0.017,0.664,0.171,0.252,-0.533,-0.471,-0.324,0.841,0.166,0.544,-0.247,-0.327,-0.013,0.862,-0.153,-0.359,0.488,0.108,0.438,0.06,-0.337,0.756,0.337,0.432,-0.45,-0.313,-0.116,0.204,0.583,0.267,0.464,-0.16,-0.144,-0.527,-0.682
APPS,0.011,0.852,-0.502,0.339,0.581,0.765,-0.101,0.514,0.72,0.609,-0.905,-0.654,0.0,0.599,-0.441,0.89,0.149,-0.651,-0.23,-0.383,0.498,0.811,-0.018,-0.152,0.771,0.819,0.485,0.656,-0.616,-0.657,0.641,-0.671,-0.722,-0.66,0.163,-0.298,-0.733,0.715,0.58,0.716,0.024,0.868,0.46,0.918,0.339,-0.66,0.505,-0.687,0.751,-0.719,0.867,0.48,0.759,-0.054,0.015,-0.803,0.312,0.145,0.655,0.737,-0.705,-0.738,-0.039,0.11,0.793,-0.752,0.946,0.78,-0.128,-0.665,0.569,0.318,0.735,0.155,-0.563,-0.757,0.889,0.195,0.517,0.458,-0.512,0.954,-0.248,-0.222,0.734,0.857,-0.615,0.826,0.237,-0.161,0.248,-0.625,0.361,0.586,-0.765,0.651,0.712,-0.609,0.5,-0.699,0.119,0.304,-0.048,-0.762,-0.794,-0.761,0.313,-0.438,0.663,-0.26,-0.575,0.675,-0.231,-0.508,0.605,0.565,-0.784,0.029,-0.24,0.245,0.231,-0.167,-0.838,-0.382,-0.378,0.247,0.232,-0.818,0.744,0.16,0.156,0.481,0.767,-0.465,-0.048,-0.666,-0.547,0.708,-0.548,0.688,0.106,-0.321,0.599,0.294,-0.413,-0.153,-0.671,0.184,0.925,0.324,0.833,-0.198,0.394,-0.785,0.882,0.336,0.41,-0.8,0.447,-0.573,0.834,0.814,-0.224,-0.438,0.314,-0.037,-0.804,-0.643,-0.304,0.689,0.674,0.788,-0.683,0.21,-0.667,0.756,0.831,-0.232,-0.612,-0.111,0.797,-0.804,-0.428,-0.636,0.436,0.766,-0.871,0.185,-0.145,0.837,0.707,0.116,0.136,-0.476,-0.109,0.112,0.583,0.512,0.659,0.892
ARCB,0.064,0.711,-0.257,0.649,0.479,0.622,0.535,0.149,0.555,0.524,-0.632,-0.162,0.599,0.0,-0.488,0.691,-0.052,-0.543,-0.049,-0.046,0.665,0.72,-0.306,-0.703,0.368,0.726,0.349,0.709,-0.698,-0.03,0.727,-0.443,-0.382,-0.783,0.187,-0.416,-0.316,0.757,0.745,0.427,-0.115,0.767,0.517,0.514,0.035,-0.518,0.271,-0.647,0.784,-0.644,0.751,0.831,0.824,0.1,0.489,-0.686,0.653,0.477,0.763,0.646,-0.647,-0.527,0.311,0.56,0.664,-0.114,0.74,0.692,0.305,-0.617,0.689,0.259,0.48,0.538,-0.119,-0.316,0.816,0.216,0.537,0.725,-0.597,0.576,0.07,-0.354,0.857,0.769,-0.338,0.864,0.692,-0.34,0.494,-0.034,0.486,0.392,-0.265,0.682,0.362,-0.642,0.135,-0.61,0.306,0.466,0.496,-0.262,-0.607,-0.423,-0.065,-0.083,0.579,-0.017,-0.251,0.625,0.391,-0.48,0.614,0.748,-0.211,0.09,-0.066,0.527,0.501,0.213,-0.485,-0.438,-0.567,0.214,0.438,-0.488,0.715,0.659,-0.097,0.561,0.929,-0.065,0.254,-0.564,-0.152,0.584,-0.74,0.538,0.394,0.177,0.565,0.718,0.003,-0.351,-0.337,0.003,0.736,0.147,0.636,0.098,0.67,-0.464,0.655,-0.132,0.605,-0.293,0.844,0.021,0.734,0.63,-0.123,-0.058,0.596,0.309,-0.721,-0.56,0.138,0.324,0.613,0.859,-0.22,0.68,-0.218,0.652,0.822,0.021,-0.051,0.037,0.872,-0.644,-0.323,-0.691,0.642,0.789,-0.588,0.417,0.303,0.784,0.436,0.647,0.339,0.101,-0.079,0.529,0.639,0.832,0.651,0.423
ARCC,0.386,-0.634,0.362,0.066,-0.025,-0.266,-0.08,-0.007,-0.728,-0.425,0.533,0.098,-0.441,-0.488,0.0,-0.37,-0.421,0.254,0.587,0.312,0.016,-0.63,0.023,0.113,-0.058,-0.622,-0.437,-0.7,0.684,0.384,-0.6,0.773,0.729,0.559,-0.393,0.488,0.324,-0.378,-0.709,-0.763,0.182,-0.726,-0.549,-0.468,0.27,0.7,-0.033,0.775,-0.37,0.778,-0.427,-0.595,-0.773,-0.143,-0.123,0.751,-0.015,0.262,-0.13,-0.672,0.537,0.107,-0.593,-0.037,-0.663,0.257,-0.526,-0.743,0.317,0.297,-0.689,-0.201,-0.554,-0.161,0.519,0.423,-0.622,-0.069,-0.733,-0.623,0.766,-0.478,-0.257,0.675,-0.405,-0.659,0.705,-0.398,-0.139,0.672,0.259,0.412,-0.538,-0.643,0.548,-0.361,-0.414,0.684,0.136,0.872,-0.724,-0.225,-0.469,0.014,0.508,0.337,0.319,0.477,-0.501,0.504,0.544,-0.737,-0.157,0.738,-0.268,-0.013,0.281,0.122,0.487,-0.687,-0.478,0.494,0.486,0.401,0.323,-0.202,0.234,0.218,-0.233,-0.077,0.625,0.194,-0.468,0.334,0.152,0.159,0.491,-0.524,0.815,-0.49,-0.699,-0.182,-0.683,0.007,0.311,0.792,0.215,-0.362,-0.559,-0.678,-0.53,0.346,-0.045,0.317,-0.401,-0.134,0.155,0.307,-0.197,0.47,-0.27,-0.234,0.476,0.065,-0.111,0.089,0.574,0.835,0.416,0.092,-0.051,-0.562,0.013,-0.145,0.648,-0.766,-0.691,0.659,0.135,0.4,-0.539,0.747,0.811,0.232,-0.154,-0.639,0.509,-0.668,0.158,-0.44,-0.205,-0.176,0.239,0.084,0.227,-0.47,-0.781,-0.391,-0.058,-0.416
ARVN,0.263,0.827,-0.492,0.518,0.643,0.746,0.117,0.497,0.578,0.463,-0.855,-0.655,0.89,0.691,-0.37,0.0,-0.018,-0.677,-0.025,-0.292,0.617,0.735,-0.127,-0.303,0.823,0.737,0.387,0.602,-0.548,-0.527,0.594,-0.484,-0.564,-0.722,0.042,-0.345,-0.634,0.752,0.563,0.636,-0.058,0.801,0.406,0.872,0.435,-0.593,0.419,-0.653,0.737,-0.631,0.93,0.513,0.74,-0.113,0.054,-0.732,0.436,0.313,0.707,0.642,-0.737,-0.774,-0.105,0.181,0.711,-0.648,0.901,0.69,0.008,-0.652,0.483,0.382,0.649,0.265,-0.408,-0.685,0.859,0.25,0.436,0.487,-0.535,0.859,-0.397,-0.217,0.758,0.79,-0.437,0.859,0.345,-0.033,0.422,-0.508,0.291,0.45,-0.633,0.735,0.616,-0.561,0.5,-0.61,-0.018,0.338,-0.047,-0.759,-0.716,-0.687,0.29,-0.27,0.547,-0.052,-0.451,0.585,-0.058,-0.387,0.592,0.696,-0.719,-0.044,-0.076,0.162,0.13,0.063,-0.782,-0.452,-0.443,0.222,0.383,-0.845,0.817,0.291,0.176,0.62,0.777,-0.431,-0.01,-0.716,-0.366,0.674,-0.522,0.568,-0.009,-0.348,0.51,0.436,-0.381,-0.089,-0.68,0.041,0.89,0.169,0.793,0.012,0.492,-0.782,0.856,0.147,0.499,-0.728,0.526,-0.403,0.868,0.82,-0.187,-0.459,0.354,0.101,-0.785,-0.497,-0.142,0.627,0.691,0.766,-0.726,0.292,-0.535,0.629,0.793,-0.015,-0.54,0.061,0.833,-0.72,-0.321,-0.698,0.456,0.77,-0.821,0.035,-0.074,0.807,0.608,0.362,0.231,-0.36,-0.158,0.074,0.507,0.64,0.727,0.79
ATEC,-0.502,0.091,-0.153,-0.543,-0.526,0.132,-0.316,-0.112,0.567,0.323,0.011,0.208,0.149,-0.052,-0.421,-0.018,0.0,0.083,-0.65,-0.662,-0.287,0.352,0.744,0.43,-0.097,0.205,0.031,0.432,-0.124,-0.139,0.044,-0.575,-0.459,0.118,0.659,0.076,0.135,-0.261,0.203,0.467,0.382,0.285,0.503,0.117,-0.282,-0.403,0.171,-0.145,0.006,-0.495,0.051,0.021,0.188,0.361,-0.233,-0.131,-0.326,-0.485,-0.261,0.465,0.195,0.06,0.53,-0.24,0.34,-0.243,0.103,0.469,-0.364,0.219,0.319,0.175,0.586,-0.302,-0.401,-0.258,0.077,0.436,0.45,0.208,-0.091,0.085,0.366,-0.219,0.066,0.129,-0.568,-0.021,-0.022,-0.612,-0.609,-0.297,-0.018,0.706,-0.211,-0.311,0.503,-0.38,-0.472,-0.369,0.653,0.116,0.254,0.233,-0.022,-0.043,0.106,-0.532,0.418,-0.783,-0.606,0.496,-0.329,-0.498,0.172,-0.324,0.036,0.384,-0.759,0.561,0.076,-0.745,-0.142,0.276,0.368,0.551,-0.344,0.136,-0.254,-0.106,-0.287,-0.465,-0.0,-0.03,-0.358,0.083,-0.565,0.5,-0.148,0.439,0.4,0.315,0.398,-0.333,-0.169,-0.162,0.069,0.786,0.15,0.588,0.161,-0.692,-0.365,0.112,0.01,0.567,-0.373,-0.08,-0.101,-0.496,-0.061,0.118,0.02,0.324,0.166,-0.617,0.056,-0.553,-0.465,-0.034,-0.4,0.072,0.239,-0.275,-0.464,0.417,0.272,-0.706,-0.06,-0.715,0.082,-0.273,-0.465,0.016,0.1,0.276,-0.033,0.495,-0.219,0.103,0.16,-0.443,-0.041,-0.05,0.279,0.403,0.399,-0.209,-0.255,0.32
ATXS,-0.29,-0.716,0.351,-0.387,-0.503,-0.441,-0.03,-0.313,-0.42,-0.368,0.726,0.705,-0.651,-0.543,0.254,-0.677,0.083,0.0,-0.079,0.252,-0.439,-0.53,0.111,0.376,-0.676,-0.631,-0.252,-0.446,0.522,0.488,-0.457,0.33,0.492,0.58,0.15,0.401,0.558,-0.724,-0.41,-0.324,0.151,-0.594,-0.375,-0.71,-0.2,0.556,-0.247,0.603,-0.649,0.502,-0.741,-0.263,-0.535,0.09,0.17,0.598,-0.304,-0.272,-0.565,-0.514,0.598,0.754,0.192,-0.223,-0.588,0.574,-0.706,-0.522,0.145,0.624,-0.216,-0.348,-0.533,-0.206,0.343,0.604,-0.671,-0.177,-0.295,-0.324,0.479,-0.665,0.275,0.207,-0.624,-0.641,0.334,-0.623,-0.139,0.071,-0.432,0.453,-0.182,-0.348,0.528,-0.642,-0.511,0.573,-0.435,0.449,0.14,-0.246,0.09,0.694,0.71,0.655,-0.217,0.198,-0.193,0.052,0.44,-0.298,0.084,0.42,-0.437,-0.533,0.578,0.093,0.111,-0.09,-0.086,-0.036,0.73,0.511,0.52,-0.164,-0.143,0.748,-0.609,-0.241,-0.142,-0.425,-0.62,0.492,0.132,0.701,0.241,-0.574,0.371,-0.301,0.136,0.483,-0.378,-0.351,0.274,0.121,0.665,0.029,-0.686,-0.048,-0.646,-0.088,-0.353,0.792,-0.726,-0.084,-0.405,0.696,-0.44,0.278,-0.716,-0.584,0.018,0.556,-0.328,-0.066,0.756,0.352,0.068,-0.538,-0.475,-0.54,0.612,-0.136,0.398,-0.432,-0.558,-0.009,0.58,-0.038,-0.627,0.576,0.232,0.662,-0.25,-0.572,0.758,-0.033,0.172,-0.654,-0.398,-0.317,0.023,0.302,0.163,-0.035,-0.454,-0.428,-0.677,-0.627
AVAV,0.78,-0.143,0.314,0.494,0.361,-0.309,0.376,-0.079,-0.592,-0.572,0.162,-0.171,-0.23,-0.049,0.587,-0.025,-0.65,-0.079,0.0,0.464,0.458,-0.469,-0.527,-0.171,0.078,-0.375,-0.502,-0.434,0.335,0.217,-0.417,0.656,0.646,-0.017,-0.544,-0.115,0.101,0.098,-0.505,-0.544,-0.462,-0.405,-0.245,-0.227,0.475,0.488,0.036,0.276,-0.049,0.617,-0.097,-0.273,-0.408,-0.463,0.117,0.299,0.496,0.738,0.153,-0.545,-0.068,-0.113,-0.438,0.06,-0.514,0.256,-0.216,-0.543,0.585,-0.179,-0.482,-0.206,-0.418,0.132,0.688,0.316,-0.243,-0.04,-0.619,-0.443,0.189,-0.292,-0.396,0.483,-0.018,-0.253,0.813,-0.023,0.006,0.478,0.733,0.261,-0.241,-0.606,0.475,0.28,-0.332,0.331,0.527,0.474,-0.741,0.252,-0.317,-0.132,0.349,-0.013,-0.034,0.666,-0.409,0.612,0.538,-0.543,0.274,0.463,-0.273,0.304,-0.018,-0.264,0.609,-0.726,-0.347,0.741,0.304,-0.116,-0.216,-0.307,0.406,-0.062,0.24,0.41,0.49,0.522,-0.105,0.069,0.34,0.028,0.72,-0.435,0.327,-0.474,-0.454,-0.384,-0.5,0.192,0.006,0.455,0.132,-0.712,-0.245,-0.789,-0.373,0.446,0.515,0.033,0.03,-0.382,0.416,0.134,0.086,0.449,0.107,-0.061,0.215,-0.349,0.097,0.351,0.17,0.706,0.661,-0.037,0.312,-0.286,-0.265,0.32,0.605,-0.653,-0.335,0.748,0.039,0.747,-0.211,0.534,0.647,-0.093,0.031,-0.407,0.09,-0.628,0.447,-0.187,-0.179,0.344,0.167,0.378,0.145,-0.54,-0.665,0.008,0.182,-0.354
AXON,0.259,-0.313,0.442,0.442,0.284,-0.225,0.453,-0.237,-0.652,-0.259,0.306,0.225,-0.383,-0.046,0.312,-0.292,-0.662,0.252,0.464,0.0,0.078,-0.446,-0.694,-0.241,-0.281,-0.385,-0.031,-0.447,0.205,0.42,-0.042,0.604,0.568,0.002,-0.369,-0.121,0.227,0.042,-0.074,-0.506,-0.223,-0.425,-0.476,-0.375,0.104,0.514,-0.174,0.334,-0.24,0.611,-0.317,0.04,-0.248,-0.09,0.451,0.252,0.243,0.31,0.102,-0.629,-0.002,0.231,-0.251,0.089,-0.498,0.572,-0.328,-0.554,0.451,0.0,-0.14,-0.191,-0.784,0.536,0.542,0.549,-0.26,-0.612,-0.511,-0.26,0.201,-0.408,-0.026,0.038,-0.289,-0.254,0.59,-0.169,0.16,0.435,0.393,0.616,0.229,-0.759,0.44,0.128,-0.716,0.534,0.218,0.449,-0.367,-0.164,0.045,0.201,0.192,0.425,-0.265,0.683,-0.383,0.72,0.809,-0.323,0.64,0.47,-0.316,0.174,0.228,-0.426,0.763,-0.401,-0.148,0.647,0.5,-0.058,-0.115,-0.6,0.337,0.242,0.014,0.065,0.094,0.262,-0.097,0.46,0.363,0.309,0.698,-0.682,0.191,-0.48,-0.078,0.011,-0.196,0.356,0.311,-0.014,0.154,-0.704,-0.399,-0.299,-0.362,0.538,0.194,0.274,-0.3,-0.31,0.326,0.494,0.02,0.759,-0.277,-0.364,-0.194,0.028,-0.124,0.674,0.317,0.541,0.558,-0.2,0.146,-0.195,0.098,0.255,0.683,-0.427,-0.401,0.587,0.496,0.691,-0.213,0.426,0.38,0.112,-0.234,-0.344,0.355,-0.222,0.352,-0.348,-0.398,0.417,0.141,0.31,-0.254,-0.194,-0.269,0.11,0.006,-0.555
BANF,0.43,0.433,0.002,0.75,0.562,0.501,0.447,0.12,0.201,0.239,-0.429,-0.233,0.498,0.665,0.016,0.617,-0.287,-0.439,0.458,0.078,0.0,0.354,-0.373,-0.511,0.489,0.41,0.015,0.404,-0.292,0.094,0.298,-0.081,0.054,-0.493,0.016,-0.127,-0.201,0.574,0.263,0.097,-0.105,0.43,0.293,0.361,0.425,-0.103,0.421,-0.267,0.706,-0.181,0.646,0.424,0.378,0.034,0.399,-0.352,0.91,0.855,0.748,0.283,-0.411,-0.549,0.028,0.309,0.282,-0.106,0.555,0.303,0.615,-0.609,0.358,0.041,0.28,0.34,0.325,-0.107,0.515,0.223,0.066,0.252,-0.154,0.396,-0.121,0.087,0.752,0.506,0.088,0.703,0.635,0.063,0.824,0.028,0.1,0.056,-0.003,0.559,0.264,-0.311,0.461,-0.193,-0.172,0.562,0.059,-0.415,-0.278,-0.437,0.217,0.15,0.433,0.192,0.019,0.276,0.204,-0.111,0.535,0.797,-0.285,0.208,0.227,0.009,0.08,0.438,-0.28,-0.098,-0.33,0.119,0.653,-0.479,0.733,0.817,0.406,0.802,0.7,0.044,0.403,-0.514,0.128,0.26,-0.251,0.305,0.052,-0.095,0.19,0.632,0.003,0.249,-0.193,-0.298,0.538,-0.36,0.378,0.106,0.929,-0.311,0.621,-0.13,0.742,-0.219,0.77,0.166,0.77,0.671,0.116,-0.132,0.674,0.331,-0.437,-0.104,0.461,0.515,0.76,0.536,-0.428,0.794,0.145,0.225,0.536,0.404,-0.119,0.379,0.642,-0.192,0.211,-0.655,0.758,0.39,-0.453,0.006,0.617,0.64,0.565,0.416,0.463,0.213,0.151,0.178,0.084,0.626,0.709,0.297
BATRK,-0.249,0.799,-0.533,0.212,0.304,0.693,-0.01,0.403,0.818,0.631,-0.794,-0.362,0.811,0.72,-0.63,0.735,0.352,-0.53,-0.469,-0.446,0.354,0.0,0.114,-0.3,0.468,0.819,0.435,0.77,-0.783,-0.45,0.673,-0.81,-0.766,-0.66,0.326,-0.286,-0.555,0.621,0.713,0.711,0.057,0.89,0.589,0.757,-0.038,-0.731,0.32,-0.715,0.759,-0.89,0.759,0.631,0.852,0.144,0.103,-0.812,0.247,0.043,0.545,0.863,-0.597,-0.548,0.319,0.313,0.863,-0.529,0.851,0.887,-0.164,-0.563,0.756,0.276,0.811,0.152,-0.577,-0.679,0.858,0.37,0.695,0.672,-0.606,0.811,0.084,-0.342,0.772,0.83,-0.716,0.798,0.357,-0.427,0.072,-0.508,0.401,0.737,-0.686,0.475,0.703,-0.751,0.118,-0.806,0.476,0.343,0.276,-0.434,-0.744,-0.63,0.113,-0.527,0.728,-0.41,-0.663,0.755,-0.129,-0.655,0.62,0.441,-0.461,0.199,-0.443,0.59,0.456,-0.285,-0.766,-0.367,-0.405,0.44,0.075,-0.608,0.556,0.253,-0.092,0.287,0.789,-0.362,0.033,-0.564,-0.619,0.828,-0.725,0.727,0.38,0.044,0.621,0.323,-0.251,-0.339,-0.461,0.41,0.857,0.457,0.774,-0.256,0.301,-0.59,0.749,0.251,0.25,-0.613,0.546,-0.519,0.711,0.7,-0.124,-0.136,0.351,-0.109,-0.766,-0.821,-0.317,0.475,0.489,0.832,-0.316,0.281,-0.683,0.878,0.877,-0.408,-0.407,-0.363,0.801,-0.843,-0.549,-0.566,0.526,0.822,-0.733,0.467,-0.092,0.812,0.613,0.172,0.043,-0.313,-0.052,0.487,0.759,0.536,0.481,0.767
BIDU,-0.346,-0.175,-0.188,-0.641,-0.581,0.06,-0.489,0.038,0.308,0.247,0.189,0.146,-0.018,-0.306,0.023,-0.127,0.744,0.111,-0.527,-0.694,-0.373,0.114,0.0,0.417,-0.005,-0.028,-0.051,0.106,0.191,-0.044,-0.179,-0.277,-0.253,0.435,0.39,0.514,0.193,-0.416,-0.098,0.169,0.597,0.004,0.214,-0.004,-0.213,-0.168,0.049,0.15,-0.159,-0.255,-0.069,-0.268,-0.143,0.325,-0.509,0.185,-0.523,-0.536,-0.339,0.266,0.493,0.023,0.171,-0.213,0.168,-0.287,-0.108,0.203,-0.475,0.366,-0.072,0.189,0.425,-0.459,-0.377,-0.227,-0.176,0.442,0.235,0.015,0.295,-0.029,0.18,-0.016,-0.141,-0.187,-0.404,-0.221,-0.163,-0.255,-0.604,-0.191,-0.408,0.485,-0.13,-0.522,0.396,-0.146,-0.549,-0.004,0.298,-0.107,-0.038,0.093,0.097,0.043,0.367,-0.5,0.133,-0.598,-0.507,0.121,-0.584,-0.218,0.135,-0.358,0.141,0.514,-0.636,0.307,-0.08,-0.597,-0.097,0.437,0.491,0.538,-0.362,0.125,-0.443,-0.323,-0.053,-0.469,-0.23,-0.02,-0.434,-0.054,-0.485,0.41,0.253,0.281,-0.071,0.167,0.03,-0.348,-0.029,0.223,-0.024,0.745,-0.057,0.337,0.061,-0.458,-0.526,0.084,-0.177,0.443,-0.454,-0.086,-0.227,-0.413,-0.169,0.037,0.311,0.325,0.008,-0.64,0.21,-0.23,-0.484,0.115,-0.528,-0.122,0.201,-0.508,-0.347,0.145,-0.035,-0.461,-0.186,-0.675,-0.115,-0.063,-0.123,0.127,0.029,0.087,0.144,0.165,-0.39,-0.036,0.18,-0.56,-0.023,-0.205,0.271,0.189,0.107,-0.372,-0.231,0.281
BLNE,-0.206,-0.303,0.161,-0.525,-0.381,-0.26,-0.543,-0.072,-0.152,-0.205,0.277,-0.0,-0.152,-0.703,0.113,-0.303,0.43,0.376,-0.171,-0.241,-0.511,-0.3,0.417,0.0,-0.095,-0.368,-0.157,-0.358,0.443,-0.247,-0.419,0.029,0.017,0.453,0.089,0.252,0.059,-0.541,-0.403,-0.014,0.207,-0.34,-0.273,-0.077,0.14,0.221,-0.006,0.359,-0.512,0.235,-0.378,-0.537,-0.425,-0.001,-0.433,0.291,-0.581,-0.511,-0.53,-0.269,0.347,0.207,-0.111,-0.69,-0.277,-0.195,-0.334,-0.281,-0.322,0.37,-0.224,-0.014,-0.087,-0.483,-0.192,-0.03,-0.39,-0.06,-0.191,-0.5,0.316,-0.197,-0.13,0.102,-0.534,-0.33,-0.012,-0.479,-0.463,0.073,-0.543,-0.275,-0.244,-0.018,-0.067,-0.399,-0.01,0.36,0.023,0.136,-0.039,-0.322,-0.439,0.1,0.307,0.151,0.214,-0.166,-0.188,-0.258,-0.039,-0.073,-0.415,0.047,-0.29,-0.511,-0.157,-0.074,-0.146,-0.305,-0.491,-0.457,0.191,0.367,0.56,-0.051,-0.267,0.191,-0.434,-0.583,0.127,-0.386,-0.572,-0.012,-0.267,0.453,-0.15,-0.245,0.452,-0.196,-0.101,-0.216,-0.16,-0.6,-0.283,0.164,0.1,0.168,-0.356,0.169,-0.289,-0.513,-0.579,0.245,-0.242,0.465,-0.446,-0.003,-0.686,-0.343,-0.38,-0.346,-0.166,0.026,-0.419,-0.399,0.457,0.128,-0.41,-0.071,-0.435,-0.528,-0.023,-0.634,-0.168,-0.21,-0.387,-0.316,-0.133,-0.206,-0.506,0.264,0.021,0.339,-0.42,-0.402,0.22,-0.217,-0.355,-0.425,-0.132,-0.659,-0.113,-0.286,0.124,-0.394,-0.295,-0.601,-0.441,0.015
BLNK,0.326,0.61,-0.471,0.406,0.582,0.692,-0.168,0.515,0.364,0.341,-0.718,-0.774,0.771,0.368,-0.058,0.823,-0.097,-0.676,0.078,-0.281,0.489,0.468,-0.005,-0.095,0.0,0.579,0.349,0.291,-0.193,-0.593,0.376,-0.268,-0.44,-0.42,-0.182,-0.068,-0.664,0.549,0.263,0.399,0.044,0.551,0.156,0.824,0.605,-0.444,0.246,-0.41,0.536,-0.384,0.801,0.104,0.438,-0.151,-0.242,-0.454,0.201,0.183,0.557,0.459,-0.504,-0.869,-0.457,0.019,0.555,-0.793,0.752,0.441,-0.151,-0.472,0.125,0.475,0.504,0.082,-0.448,-0.73,0.641,0.129,0.213,0.209,-0.258,0.769,-0.508,-0.104,0.539,0.538,-0.342,0.625,0.127,0.2,0.357,-0.533,-0.006,0.267,-0.614,0.558,0.558,-0.291,0.548,-0.323,-0.358,0.079,-0.423,-0.898,-0.638,-0.646,0.627,-0.285,0.3,0.051,-0.391,0.301,-0.338,-0.221,0.564,0.565,-0.758,-0.06,0.048,-0.099,-0.176,0.016,-0.773,-0.308,-0.274,0.075,0.355,-0.879,0.642,0.047,0.327,0.549,0.544,-0.465,-0.207,-0.744,-0.386,0.518,-0.15,0.343,-0.394,-0.62,0.332,0.352,-0.348,0.166,-0.809,-0.025,0.704,0.03,0.738,0.054,0.283,-0.794,0.699,0.16,0.452,-0.808,0.299,-0.394,0.773,0.696,-0.025,-0.559,0.176,0.046,-0.61,-0.271,-0.246,0.752,0.551,0.512,-0.864,0.022,-0.485,0.386,0.536,0.051,-0.699,0.078,0.6,-0.55,-0.116,-0.658,0.286,0.527,-0.735,-0.253,-0.283,0.677,0.51,0.157,0.207,-0.567,-0.067,-0.232,0.246,0.361,0.773,0.799
BTAI,-0.197,0.794,-0.454,0.292,0.394,0.735,0.022,0.356,0.808,0.679,-0.798,-0.404,0.819,0.726,-0.622,0.737,0.205,-0.631,-0.375,-0.385,0.41,0.819,-0.028,-0.368,0.579,0.0,0.545,0.785,-0.711,-0.442,0.723,-0.76,-0.742,-0.657,0.304,-0.31,-0.616,0.689,0.698,0.658,-0.03,0.903,0.584,0.745,0.036,-0.734,0.368,-0.734,0.797,-0.816,0.788,0.624,0.854,0.164,0.061,-0.786,0.291,0.088,0.648,0.838,-0.617,-0.638,0.249,0.315,0.867,-0.56,0.89,0.862,-0.162,-0.584,0.681,0.34,0.73,0.184,-0.574,-0.636,0.884,0.21,0.68,0.663,-0.605,0.835,0.067,-0.396,0.791,0.864,-0.72,0.765,0.367,-0.387,0.123,-0.46,0.378,0.671,-0.651,0.527,0.653,-0.746,0.192,-0.785,0.383,0.358,0.248,-0.493,-0.806,-0.64,0.182,-0.492,0.687,-0.338,-0.632,0.707,-0.099,-0.674,0.702,0.5,-0.5,0.114,-0.359,0.557,0.398,-0.252,-0.779,-0.374,-0.437,0.297,0.121,-0.664,0.648,0.276,-0.114,0.304,0.822,-0.35,-0.023,-0.6,-0.592,0.741,-0.706,0.691,0.342,-0.065,0.641,0.38,-0.175,-0.346,-0.556,0.217,0.889,0.39,0.823,-0.246,0.361,-0.628,0.746,0.156,0.33,-0.636,0.597,-0.456,0.77,0.716,-0.159,-0.202,0.445,-0.046,-0.8,-0.815,-0.345,0.513,0.524,0.841,-0.401,0.326,-0.635,0.849,0.907,-0.385,-0.436,-0.261,0.845,-0.849,-0.517,-0.685,0.466,0.816,-0.782,0.489,-0.085,0.877,0.645,0.211,0.095,-0.334,-0.088,0.428,0.735,0.615,0.628,0.736
BYND,-0.373,0.367,-0.372,0.089,0.149,0.582,-0.21,0.241,0.506,0.612,-0.444,-0.181,0.485,0.349,-0.437,0.387,0.031,-0.252,-0.502,-0.031,0.015,0.435,-0.051,-0.157,0.349,0.545,0.0,0.396,-0.288,-0.332,0.675,-0.439,-0.602,-0.27,0.098,0.008,-0.463,0.28,0.582,0.432,0.224,0.571,0.1,0.479,0.041,-0.527,0.052,-0.439,0.255,-0.436,0.41,0.439,0.566,0.183,-0.047,-0.465,-0.1,-0.296,0.276,0.529,-0.35,-0.32,0.092,0.073,0.634,-0.418,0.511,0.515,-0.343,-0.124,0.438,0.483,0.21,0.176,-0.576,-0.404,0.514,-0.449,0.488,0.504,-0.269,0.571,0.089,-0.546,0.247,0.456,-0.663,0.316,0.177,-0.226,-0.212,-0.162,0.394,0.318,-0.591,0.216,0.261,-0.265,-0.064,-0.469,0.274,-0.27,0.127,-0.309,-0.659,-0.319,0.198,-0.498,0.34,-0.21,-0.32,0.501,-0.091,-0.328,0.468,0.136,-0.279,0.035,-0.147,0.43,0.211,-0.327,-0.455,-0.154,-0.05,-0.251,-0.082,-0.316,0.189,-0.172,-0.328,-0.052,0.455,-0.211,-0.26,-0.338,-0.578,0.253,-0.43,0.412,0.196,0.027,0.575,0.252,0.005,-0.414,-0.549,0.224,0.429,0.619,0.697,-0.114,-0.031,-0.4,0.222,0.104,0.111,-0.381,0.106,-0.193,0.272,0.321,-0.265,-0.056,0.088,0.135,-0.48,-0.549,-0.503,0.261,0.14,0.554,-0.197,0.016,-0.511,0.634,0.475,-0.411,-0.221,-0.353,0.437,-0.63,-0.501,-0.292,0.141,0.533,-0.455,0.384,-0.341,0.441,0.349,0.05,0.147,-0.395,-0.238,0.234,0.591,0.349,0.273,0.456
CAN,-0.264,0.686,-0.398,0.145,0.158,0.582,0.152,0.2,0.886,0.607,-0.605,-0.115,0.656,0.709,-0.7,0.602,0.432,-0.446,-0.434,-0.447,0.404,0.77,0.106,-0.358,0.291,0.785,0.396,0.0,-0.728,-0.235,0.591,-0.791,-0.694,-0.582,0.534,-0.353,-0.302,0.513,0.701,0.735,0.02,0.872,0.811,0.55,-0.134,-0.744,0.368,-0.721,0.724,-0.838,0.689,0.667,0.813,0.261,0.201,-0.733,0.378,0.117,0.467,0.84,-0.483,-0.371,0.565,0.275,0.815,-0.332,0.747,0.923,-0.013,-0.417,0.734,0.223,0.772,0.188,-0.372,-0.447,0.756,0.353,0.686,0.68,-0.578,0.623,0.292,-0.361,0.77,0.781,-0.681,0.686,0.419,-0.672,0.061,-0.353,0.416,0.817,-0.444,0.388,0.685,-0.858,-0.059,-0.766,0.622,0.494,0.537,-0.195,-0.558,-0.495,-0.081,-0.441,0.776,-0.54,-0.665,0.782,0.022,-0.671,0.575,0.35,-0.257,0.257,-0.589,0.717,0.472,-0.331,-0.57,-0.224,-0.286,0.429,0.019,-0.376,0.516,0.435,-0.271,0.14,0.726,-0.214,-0.027,-0.432,-0.518,0.754,-0.745,0.798,0.582,0.25,0.672,0.254,-0.164,-0.374,-0.245,0.408,0.789,0.458,0.648,-0.293,0.389,-0.393,0.624,0.256,0.159,-0.383,0.599,-0.415,0.611,0.697,-0.099,0.029,0.597,-0.208,-0.667,-0.833,-0.182,0.266,0.361,0.76,-0.107,0.408,-0.518,0.833,0.877,-0.472,-0.184,-0.383,0.795,-0.752,-0.598,-0.51,0.541,0.809,-0.596,0.694,0.12,0.739,0.547,0.21,0.123,0.0,0.105,0.646,0.747,0.53,0.365,0.569
CCEC,0.206,-0.755,0.347,-0.26,-0.377,-0.421,-0.186,-0.193,-0.659,-0.488,0.706,0.304,-0.616,-0.698,0.684,-0.548,-0.124,0.522,0.335,0.205,-0.292,-0.783,0.191,0.443,-0.193,-0.711,-0.288,-0.728,0.0,0.339,-0.632,0.691,0.622,0.749,-0.277,0.546,0.477,-0.715,-0.693,-0.547,0.251,-0.76,-0.56,-0.552,0.295,0.616,-0.257,0.729,-0.747,0.757,-0.576,-0.687,-0.797,-0.124,-0.26,0.812,-0.336,-0.154,-0.535,-0.666,0.632,0.313,-0.41,-0.465,-0.686,0.249,-0.706,-0.761,0.058,0.659,-0.711,0.031,-0.58,-0.227,0.383,0.421,-0.775,-0.244,-0.514,-0.608,0.68,-0.624,-0.184,0.318,-0.707,-0.801,0.527,-0.684,-0.3,0.407,-0.178,0.371,-0.541,-0.558,0.515,-0.515,-0.426,0.764,-0.162,0.731,-0.492,-0.414,-0.469,0.268,0.67,0.476,0.228,0.287,-0.514,0.254,0.459,-0.58,-0.141,0.587,-0.377,-0.38,0.313,0.007,0.324,-0.53,-0.594,0.095,0.599,0.518,0.581,-0.288,0.008,0.465,-0.572,-0.297,0.158,-0.24,-0.691,0.284,-0.214,0.403,0.312,-0.621,0.793,-0.53,-0.544,-0.09,-0.45,-0.276,0.169,0.531,0.255,-0.101,-0.731,-0.27,-0.549,0.089,-0.372,0.474,-0.665,-0.144,-0.195,0.416,-0.559,0.358,-0.576,-0.517,0.178,0.167,-0.338,-0.03,0.773,0.715,0.105,-0.255,-0.473,-0.72,0.14,-0.407,0.479,-0.743,-0.745,0.296,0.227,0.146,-0.719,0.713,0.471,0.441,-0.283,-0.673,0.612,-0.562,-0.06,-0.658,-0.449,-0.314,0.207,0.128,0.294,-0.526,-0.715,-0.581,-0.377,-0.467
CDW,-0.0,-0.649,0.614,0.139,-0.349,-0.236,0.515,-0.525,-0.462,-0.128,0.728,0.833,-0.657,-0.03,0.384,-0.527,-0.139,0.488,0.217,0.42,0.094,-0.45,-0.044,-0.247,-0.593,-0.442,-0.332,-0.235,0.339,0.0,-0.247,0.52,0.736,0.391,0.198,0.369,0.808,-0.388,-0.159,-0.595,0.26,-0.508,-0.203,-0.773,-0.275,0.599,-0.098,0.591,-0.235,0.468,-0.454,0.073,-0.4,0.423,0.471,0.592,0.243,0.285,-0.085,-0.434,0.592,0.479,0.284,0.196,-0.511,0.851,-0.579,-0.444,0.603,0.349,-0.082,-0.285,-0.52,0.186,0.732,0.827,-0.512,-0.01,-0.317,-0.077,0.533,-0.714,0.377,0.173,-0.205,-0.467,0.504,-0.31,0.458,0.089,0.126,0.895,-0.179,-0.429,0.855,-0.44,-0.562,0.367,-0.493,0.545,0.086,0.048,0.414,0.703,0.583,0.686,-0.169,0.48,-0.152,0.273,0.594,-0.264,0.478,0.386,-0.055,0.04,0.823,0.379,0.278,0.088,0.026,0.379,0.751,0.526,0.331,0.024,0.283,0.671,-0.323,0.387,0.028,-0.003,-0.191,0.828,0.367,0.398,0.55,-0.424,0.344,-0.26,0.166,0.678,-0.317,0.245,0.632,0.282,0.612,-0.168,-0.555,-0.354,-0.545,0.162,0.135,0.759,-0.571,-0.317,0.119,0.877,0.248,0.8,-0.395,-0.304,0.253,0.751,0.303,0.267,0.603,0.422,0.553,-0.298,-0.236,-0.302,0.68,0.356,0.804,-0.419,-0.384,0.445,0.818,0.199,-0.255,0.62,0.482,0.204,0.182,-0.366,0.728,0.108,0.621,-0.35,-0.24,0.137,0.379,0.635,0.207,0.379,-0.313,0.047,-0.207,-0.717
