,ABEO,ACHC,AGNCN,AKAM,AKRO,ALRM,AMAT,AMED,AMRN,ANGI,APA,APOG,APPS,ARCB,ARCC,ARVN,ATEC,ATXS,AVAV,AXON,BANF,BATRK,BIDU,BLNE,BLNK,BTAI,BYND,CAN,CCEC,CDW,CDXS,CELH,CGNX,CHKP,CHRS,CHRW,CIGI,CKPT,CMPR,COGT,CRNC,CRSP,CSTL,CTSH,CVGW,DGLY,DNLI,DOCU,DVAX,EBAY,EHTH,ERII,ESLT,EXPE,EXPO,FBIOP,FFBC,FFIN,FOXF,FWRD,GDS,GERN,GPRE,GRWG,GRYP,HEES,HELE,HIVE,HON,HRTX,HSTM,HURA,IART,IBKR,IBOC,IBRX,IDXX,INGN,INM,INVA,IQ,IRBT,KDP,KPTI,KTOS,KXIN,LAMR,LFUS,LGIH,LGMK,LKFN,LNW,LOPE,LPSN,LYFT,MGNX,MLCO,MNST,MODV,MSTR,MTCH,MYGN,MYRG,NCMI,NEXT,NFLX,NIU,NKTR,NRC,NTNX,NTRA,NVEE,NVMI,NWL,NWS,NXPI,OCGN,OCSL,OKTA,OLLI,OTLK,OXLC,PAA,PARA,PARAA,PDCO,PDFS,PFG,PGEN,PNFP,PODD,POWI,PSMT,PTC,PTEN,PVLA,RDNT,RDUS,RDWR,REGN,RNAC,ROCK,ROST,RRR,RSLS,RVMD,RYAAY,SAFT,SAGE,SAVA,SBGI,SFM,SFNC,SHYF,SIBN,SIFY,SIGI,SIMO,SITM,SLM,SNBR,SNDX,SNY,SPNS,SRRK,STRA,SUPN,SYRE,TCBK,TEAM,TECH,THRM,TLRY,TRMK,TROW,TSLA,TWST,TXN,UFPI,UNIT,UPWK,USLM,UTHR,VERB,VLY,VRNA,VRRM,VXRT,WAFD,WATT,WBA,WING,WIX,WTFC,WTW,XPEL,XRX,YMAB,ZG,ZLAB
ABEO,0.0,0.318,-0.184,0.252,0.461,0.302,-0.242,0.35,0.087,0.015,-0.407,-0.528,0.404,0.012,-0.136,0.507,-0.397,-0.06,0.577,-0.398,0.278,0.027,-0.096,0.102,0.605,0.213,0.194,-0.075,0.214,-0.343,0.031,0.236,-0.322,-0.172,-0.329,0.067,-0.353,0.095,0.125,0.289,-0.091,0.331,-0.299,0.517,0.367,-0.179,0.135,-0.141,0.237,-0.081,0.56,-0.282,-0.144,-0.22,-0.356,-0.226,-0.039,-0.025,0.078,0.195,0.173,-0.581,-0.428,-0.276,0.464,-0.54,0.401,0.009,-0.261,-0.08,-0.135,0.157,0.481,-0.185,-0.316,-0.289,0.336,-0.238,0.009,-0.263,-0.026,0.566,-0.456,0.052,0.078,0.207,-0.161,0.14,-0.07,0.573,0.237,-0.242,-0.464,0.097,-0.445,0.466,0.574,-0.001,0.453,-0.061,-0.658,0.066,-0.432,-0.565,-0.516,-0.253,0.51,-0.013,0.004,0.374,-0.264,0.105,-0.405,0.143,0.268,0.348,-0.503,-0.249,0.407,-0.408,-0.405,0.134,-0.289,-0.063,-0.023,-0.15,0.275,-0.58,0.413,-0.186,0.349,0.402,-0.009,-0.396,-0.176,-0.497,-0.503,-0.001,0.386,0.096,-0.371,-0.549,0.022,-0.158,-0.208,0.529,-0.603,-0.19,0.374,-0.119,0.488,-0.096,0.005,-0.64,0.419,0.205,-0.184,-0.39,0.062,-0.268,0.312,0.522,-0.104,-0.415,0.106,-0.155,-0.339,0.384,-0.255,0.56,0.392,-0.081,-0.414,-0.355,-0.378,-0.251,0.332,0.301,-0.462,0.408,0.359,-0.265,0.17,-0.27,0.111,0.224,-0.623,-0.549,-0.362,0.181,0.035,-0.086,0.235,-0.482,-0.141,-0.286,-0.355,0.089,0.511,0.543
ACHC,0.318,0.0,-0.57,0.699,0.858,0.685,-0.279,0.487,-0.296,0.464,-0.831,-0.626,0.798,-0.208,-0.2,0.783,-0.39,0.307,0.757,0.002,0.649,-0.211,-0.616,0.307,0.621,0.666,0.465,0.374,0.222,-0.472,0.424,0.257,0.088,-0.503,-0.204,0.321,-0.318,0.659,-0.397,0.017,-0.044,0.731,-0.314,0.802,0.67,0.365,0.677,-0.379,0.605,-0.419,0.767,-0.134,0.391,0.34,0.083,-0.661,0.312,0.303,0.476,0.554,-0.233,-0.606,-0.584,-0.388,0.702,-0.579,0.841,0.294,0.24,-0.18,0.451,-0.405,0.819,-0.493,-0.278,-0.444,0.91,0.346,-0.145,0.009,-0.462,0.794,-0.555,0.658,0.29,0.833,0.379,0.277,0.425,0.651,0.692,-0.227,-0.146,0.646,-0.288,0.519,0.372,0.447,0.768,-0.237,-0.336,0.591,-0.508,-0.761,-0.625,-0.677,0.159,-0.442,0.571,0.327,-0.534,0.459,-0.427,0.332,0.541,0.559,-0.6,-0.257,0.805,0.127,-0.298,0.051,-0.688,-0.555,-0.381,0.431,0.609,-0.707,0.796,0.182,0.812,0.816,0.313,-0.122,-0.059,-0.139,-0.49,0.038,0.203,0.528,0.234,-0.452,0.424,-0.396,-0.09,0.607,-0.464,-0.327,0.788,-0.374,0.28,-0.059,0.324,-0.571,0.898,0.394,0.057,-0.769,0.331,-0.401,0.746,0.489,0.123,-0.592,0.261,0.144,-0.538,0.29,0.156,0.679,0.825,0.203,-0.636,-0.027,-0.282,0.476,0.726,0.478,-0.49,0.732,0.645,-0.66,0.451,-0.316,0.412,0.044,-0.716,-0.17,0.065,0.387,0.678,-0.212,0.312,-0.381,0.428,-0.558,-0.48,0.487,0.716,0.7
AGNCN,-0.184,-0.57,0.0,-0.576,-0.714,-0.813,0.355,-0.328,0.804,-0.743,0.766,0.481,-0.811,0.71,0.624,-0.801,0.222,-0.816,-0.417,-0.056,-0.273,0.805,0.591,-0.57,-0.245,-0.456,-0.66,-0.254,-0.734,0.628,-0.25,-0.741,-0.148,-0.066,0.315,-0.601,-0.025,-0.232,0.734,0.154,0.051,-0.81,0.607,-0.698,-0.861,-0.647,-0.576,0.569,-0.134,0.201,-0.53,0.43,-0.006,-0.443,0.074,0.479,0.163,0.273,-0.146,-0.149,-0.23,0.355,0.854,0.766,-0.608,0.683,-0.774,0.228,-0.027,-0.493,-0.476,0.631,-0.42,0.787,0.502,0.289,-0.552,-0.119,-0.247,-0.032,0.711,-0.486,0.789,-0.496,0.284,-0.605,-0.318,0.427,-0.453,-0.699,-0.366,-0.119,0.198,-0.715,0.0,-0.108,0.118,-0.855,-0.677,0.092,0.223,-0.691,0.735,0.605,0.416,0.394,0.087,0.845,-0.801,-0.124,0.702,-0.512,0.375,-0.47,-0.413,-0.11,0.557,0.593,-0.781,-0.404,0.538,0.469,0.906,0.705,0.354,-0.438,-0.501,0.622,-0.451,0.109,-0.448,-0.464,0.182,0.033,0.659,-0.205,0.689,0.334,-0.576,-0.676,-0.507,0.365,-0.699,0.799,0.036,-0.458,0.477,-0.008,-0.838,0.009,0.233,0.107,0.222,0.567,-0.418,-0.578,0.391,0.798,-0.149,0.472,-0.201,-0.045,-0.139,0.722,-0.116,0.19,0.109,-0.729,0.033,-0.384,-0.703,0.31,0.844,0.443,0.346,-0.145,-0.583,-0.3,0.536,-0.707,-0.449,0.529,-0.414,-0.136,-0.248,0.39,0.481,0.152,0.223,0.29,-0.751,0.44,-0.483,0.555,-0.59,0.887,0.753,-0.317,-0.545,-0.7
AKAM,0.252,0.699,-0.576,0.0,0.735,0.786,0.185,0.139,-0.415,0.755,-0.64,-0.255,0.723,-0.046,-0.265,0.78,-0.233,0.414,0.79,0.358,0.83,-0.348,-0.586,0.16,0.465,0.773,0.54,0.728,0.285,-0.142,0.792,0.431,0.465,-0.393,0.079,0.467,0.131,0.678,-0.283,-0.164,0.197,0.804,0.001,0.578,0.681,0.523,0.838,-0.224,0.708,-0.379,0.839,0.177,0.575,0.583,0.394,-0.409,0.544,0.492,0.714,0.685,-0.074,-0.54,-0.486,-0.353,0.734,-0.34,0.865,0.444,0.544,-0.031,0.697,-0.524,0.698,-0.401,0.1,-0.092,0.876,0.529,0.11,0.407,-0.395,0.5,-0.433,0.645,0.459,0.812,0.556,0.258,0.785,0.493,0.866,0.323,0.079,0.789,0.281,0.278,0.21,0.468,0.544,-0.046,-0.021,0.8,-0.274,-0.51,-0.481,-0.453,0.063,-0.545,0.725,0.191,-0.373,0.596,-0.002,0.429,0.78,0.767,-0.336,-0.102,0.826,0.433,-0.231,0.092,-0.652,-0.394,-0.346,0.637,0.859,-0.501,0.789,0.558,0.683,0.868,0.539,0.378,-0.181,-0.043,-0.223,0.118,0.264,0.767,0.467,-0.063,0.681,-0.293,0.206,0.66,-0.296,-0.168,0.813,-0.406,0.173,-0.012,0.525,-0.318,0.7,0.341,0.194,-0.537,0.758,0.042,0.754,0.535,0.306,-0.353,0.708,0.495,-0.327,0.321,0.51,0.586,0.792,0.285,-0.553,0.202,0.173,0.563,0.914,0.693,-0.185,0.788,0.89,-0.456,0.472,-0.448,0.798,0.189,-0.445,0.187,0.407,0.369,0.703,0.02,0.653,-0.139,0.65,-0.422,-0.272,0.827,0.803,0.532
AKRO,0.461,0.858,-0.714,0.735,0.0,0.802,-0.328,0.578,-0.389,0.593,-0.929,-0.703,0.927,-0.339,-0.458,0.928,-0.521,0.481,0.805,-0.107,0.608,-0.417,-0.664,0.424,0.598,0.693,0.488,0.367,0.418,-0.639,0.377,0.495,-0.065,-0.375,-0.277,0.385,-0.353,0.534,-0.37,0.048,-0.163,0.898,-0.506,0.888,0.807,0.464,0.717,-0.535,0.524,-0.481,0.782,-0.306,0.179,0.259,-0.078,-0.723,0.158,0.109,0.375,0.423,0.088,-0.709,-0.799,-0.653,0.864,-0.764,0.929,0.133,0.018,-0.015,0.488,-0.476,0.826,-0.683,-0.426,-0.336,0.87,0.106,-0.064,-0.144,-0.518,0.875,-0.796,0.62,0.099,0.842,0.2,0.013,0.358,0.861,0.616,-0.159,-0.353,0.66,-0.293,0.588,0.324,0.533,0.908,-0.324,-0.508,0.699,-0.707,-0.858,-0.742,-0.603,0.304,-0.502,0.66,0.455,-0.584,0.533,-0.501,0.294,0.579,0.547,-0.757,-0.501,0.892,0.102,-0.513,-0.043,-0.81,-0.566,-0.387,0.325,0.695,-0.887,0.866,0.012,0.822,0.83,0.155,-0.198,-0.292,-0.15,-0.674,-0.163,0.441,0.592,0.245,-0.592,0.444,-0.617,-0.167,0.73,-0.643,-0.427,0.929,-0.321,0.133,-0.208,0.185,-0.768,0.849,0.54,-0.243,-0.851,0.353,-0.53,0.615,0.483,-0.013,-0.719,0.266,0.006,-0.479,0.542,-0.012,0.8,0.955,-0.045,-0.845,-0.289,-0.428,0.301,0.802,0.474,-0.672,0.88,0.755,-0.661,0.515,-0.315,0.438,0.003,-0.858,-0.349,-0.074,0.24,0.689,-0.437,0.477,-0.656,0.363,-0.737,-0.726,0.503,0.842,0.861
ALRM,0.302,0.685,-0.813,0.786,0.802,0.0,-0.136,0.28,-0.667,0.84,-0.843,-0.386,0.89,-0.482,-0.55,0.904,-0.19,0.696,0.677,0.278,0.593,-0.684,-0.644,0.446,0.367,0.665,0.758,0.508,0.642,-0.384,0.513,0.786,0.3,-0.067,-0.148,0.619,0.129,0.444,-0.526,-0.247,0.031,0.942,-0.457,0.775,0.854,0.676,0.76,-0.316,0.387,-0.35,0.764,-0.215,0.144,0.669,0.021,-0.498,0.116,0.011,0.302,0.423,0.159,-0.534,-0.808,-0.681,0.753,-0.594,0.872,-0.006,0.185,0.315,0.635,-0.622,0.568,-0.762,-0.318,-0.184,0.766,0.266,0.111,0.124,-0.652,0.564,-0.766,0.431,-0.064,0.782,0.447,-0.169,0.658,0.702,0.574,0.307,-0.313,0.849,0.123,0.341,0.002,0.801,0.757,0.048,-0.225,0.833,-0.631,-0.637,-0.5,-0.306,0.131,-0.697,0.856,0.342,-0.584,0.762,-0.209,0.369,0.757,0.458,-0.485,-0.397,0.912,0.482,-0.571,-0.242,-0.895,-0.522,-0.192,0.595,0.772,-0.688,0.644,0.167,0.647,0.716,0.103,0.23,-0.502,0.086,-0.521,-0.284,0.553,0.768,0.538,-0.292,0.758,-0.689,0.154,0.614,-0.473,-0.104,0.926,-0.114,0.004,-0.164,0.03,-0.522,0.595,0.711,-0.211,-0.793,0.378,-0.292,0.482,0.21,0.285,-0.649,0.351,0.109,-0.165,0.672,0.168,0.594,0.802,-0.081,-0.806,-0.225,-0.191,0.464,0.786,0.455,-0.433,0.793,0.748,-0.431,0.694,-0.168,0.512,-0.019,-0.516,-0.116,-0.013,0.035,0.856,-0.316,0.72,-0.49,0.651,-0.753,-0.629,0.573,0.787,0.727
AMAT,-0.242,-0.279,0.355,0.185,-0.328,-0.136,0.0,-0.503,0.263,0.007,0.432,0.727,-0.37,0.653,0.189,-0.283,0.116,-0.198,-0.054,0.7,0.251,0.296,-0.051,-0.566,-0.39,0.051,-0.206,0.512,-0.406,0.767,0.437,-0.125,0.495,-0.193,0.555,-0.239,0.559,0.118,0.507,-0.18,0.136,-0.152,0.683,-0.559,-0.365,-0.016,-0.009,0.392,0.257,-0.121,-0.109,0.706,0.48,0.187,0.61,0.247,0.521,0.509,0.222,0.254,-0.146,0.358,0.526,0.434,-0.19,0.721,-0.235,0.484,0.481,-0.098,0.204,0.067,-0.307,0.452,0.748,0.57,-0.038,0.37,0.175,0.613,0.178,-0.48,0.482,-0.083,0.483,-0.101,0.403,0.387,0.331,-0.548,0.189,0.662,0.346,0.01,0.729,-0.178,-0.238,-0.343,-0.473,0.168,0.572,0.121,0.699,0.583,0.438,0.483,-0.342,0.307,-0.102,0.014,0.631,0.017,0.892,-0.034,0.161,0.301,0.652,0.529,-0.17,0.303,0.401,0.491,0.41,0.333,0.055,0.188,0.213,0.508,-0.017,0.69,-0.298,0.032,0.452,0.677,0.455,0.062,0.682,0.211,-0.526,0.088,0.196,0.762,-0.043,0.461,0.462,-0.215,0.634,0.093,-0.248,-0.117,-0.066,0.227,0.5,0.611,-0.264,-0.346,0.374,0.628,0.526,0.749,0.049,0.089,0.199,0.641,0.44,0.702,0.097,-0.381,0.591,-0.306,-0.181,0.428,0.491,0.663,0.732,0.316,0.16,0.214,0.737,-0.127,0.2,0.406,-0.113,-0.12,0.446,0.431,0.534,0.512,0.66,0.203,-0.188,0.652,0.184,0.603,0.067,0.579,0.574,0.437,-0.147,-0.578
AMED,0.35,0.487,-0.328,0.139,0.578,0.28,-0.503,0.0,-0.064,0.041,-0.551,-0.649,0.486,-0.223,-0.077,0.462,-0.457,0.099,0.401,-0.444,0.156,-0.033,-0.152,0.237,0.511,0.202,0.232,-0.174,0.253,-0.545,-0.072,0.163,-0.418,-0.099,-0.47,0.124,-0.565,0.217,-0.199,0.202,-0.126,0.359,-0.507,0.616,0.374,0.064,0.192,-0.304,0.09,-0.21,0.334,-0.416,-0.177,-0.205,-0.379,-0.399,-0.123,-0.091,0.029,0.076,0.033,-0.558,-0.523,-0.314,0.497,-0.606,0.395,-0.101,-0.322,-0.128,-0.095,-0.04,0.543,-0.316,-0.501,-0.47,0.397,-0.209,-0.238,-0.386,-0.186,0.704,-0.486,0.306,-0.124,0.296,-0.177,-0.001,-0.196,0.657,0.181,-0.484,-0.369,0.054,-0.618,0.514,0.434,0.198,0.587,-0.22,-0.629,0.1,-0.56,-0.665,-0.615,-0.484,0.395,-0.123,0.119,0.421,-0.413,0.076,-0.66,0.022,0.123,0.233,-0.587,-0.405,0.359,-0.277,-0.349,0.081,-0.384,-0.238,-0.199,-0.046,0.177,-0.624,0.404,-0.336,0.565,0.39,-0.064,-0.547,-0.12,-0.291,-0.545,-0.075,0.31,0.181,-0.277,-0.652,-0.035,-0.312,-0.32,0.477,-0.568,-0.282,0.409,-0.121,0.234,-0.018,-0.053,-0.667,0.507,0.22,-0.269,-0.576,-0.125,-0.561,0.256,0.248,-0.181,-0.534,-0.252,-0.281,-0.354,0.388,-0.297,0.554,0.477,-0.058,-0.474,-0.381,-0.531,-0.068,0.213,0.212,-0.642,0.345,0.227,-0.492,0.247,-0.193,0.001,0.096,-0.671,-0.533,-0.316,0.207,0.199,-0.432,0.109,-0.563,-0.011,-0.433,-0.543,-0.054,0.417,0.633
AMRN,0.087,-0.296,0.804,-0.415,-0.389,-0.667,0.263,-0.064,0.0,-0.728,0.505,0.225,-0.563,0.743,0.515,-0.539,-0.06,-0.806,-0.165,-0.173,-0.108,0.883,0.37,-0.562,-0.036,-0.298,-0.664,-0.153,-0.751,0.395,-0.214,-0.742,-0.375,-0.322,0.278,-0.72,-0.253,-0.1,0.837,0.345,-0.169,-0.577,0.491,-0.431,-0.689,-0.657,-0.444,0.38,0.061,-0.06,-0.312,0.339,0.09,-0.617,0.045,0.16,0.246,0.338,-0.08,-0.099,-0.178,0.127,0.68,0.63,-0.36,0.445,-0.52,0.379,-0.1,-0.602,-0.462,0.778,-0.138,0.733,0.361,0.236,-0.273,-0.174,-0.284,-0.223,0.598,-0.16,0.553,-0.376,0.38,-0.377,-0.334,0.517,-0.538,-0.451,-0.199,-0.268,0.045,-0.576,-0.229,0.117,0.318,-0.895,-0.369,-0.117,-0.015,-0.559,0.535,0.342,0.124,0.228,0.1,0.831,-0.807,0.101,0.598,-0.455,0.211,-0.43,-0.366,0.057,0.27,0.452,-0.55,-0.635,0.383,0.629,0.769,0.611,0.187,-0.522,-0.329,0.328,-0.103,0.059,-0.227,-0.226,0.177,-0.18,0.757,-0.347,0.484,0.258,-0.537,-0.585,-0.572,0.127,-0.742,0.705,-0.049,-0.241,0.3,-0.238,-0.6,-0.147,0.315,0.027,0.355,0.246,-0.115,-0.485,0.236,0.62,-0.078,0.28,-0.026,0.25,-0.272,0.537,-0.107,0.149,-0.152,-0.691,-0.04,-0.095,-0.378,0.297,0.641,0.336,0.153,-0.17,-0.302,-0.219,0.334,-0.381,-0.183,0.328,-0.376,-0.259,-0.155,0.453,0.131,-0.067,0.196,0.414,-0.738,0.361,-0.362,0.296,-0.695,0.774,0.55,-0.241,-0.331,-0.457
ANGI,0.015,0.464,-0.743,0.755,0.593,0.84,0.007,0.041,-0.728,0.0,-0.607,-0.162,0.722,-0.438,-0.415,0.701,-0.015,0.685,0.471,0.4,0.546,-0.701,-0.453,0.387,0.177,0.601,0.67,0.574,0.567,-0.219,0.613,0.668,0.504,0.023,0.023,0.684,0.314,0.457,-0.587,-0.362,0.26,0.788,-0.196,0.519,0.736,0.737,0.775,-0.233,0.387,-0.221,0.631,-0.053,0.229,0.72,0.233,-0.352,0.19,0.08,0.458,0.388,0.108,-0.347,-0.611,-0.538,0.568,-0.396,0.749,0.04,0.388,0.291,0.743,-0.667,0.435,-0.57,-0.101,-0.098,0.605,0.394,0.207,0.301,-0.453,0.291,-0.513,0.493,0.037,0.666,0.467,-0.19,0.784,0.455,0.585,0.467,0.014,0.794,0.371,0.001,-0.093,0.757,0.47,0.103,0.077,0.766,-0.443,-0.415,-0.326,-0.317,-0.073,-0.794,0.852,-0.011,-0.503,0.67,-0.059,0.375,0.677,0.427,-0.32,-0.175,0.727,0.6,-0.328,-0.325,-0.764,-0.413,-0.222,0.681,0.733,-0.4,0.478,0.322,0.545,0.594,0.206,0.484,-0.506,0.193,-0.289,-0.137,0.518,0.842,0.637,-0.022,0.819,-0.523,0.193,0.521,-0.275,0.082,0.768,-0.129,-0.139,-0.091,0.121,-0.255,0.42,0.585,-0.029,-0.576,0.522,-0.056,0.409,0.125,0.374,-0.439,0.514,0.22,-0.03,0.531,0.346,0.434,0.637,-0.009,-0.643,-0.042,0.113,0.503,0.671,0.478,-0.226,0.652,0.656,-0.316,0.534,-0.116,0.623,-0.14,-0.251,0.2,0.187,-0.042,0.807,-0.212,0.688,-0.233,0.73,-0.62,-0.382,0.62,0.618,0.536
APA,-0.407,-0.831,0.766,-0.64,-0.929,-0.843,0.432,-0.551,0.505,-0.607,0.0,0.704,-0.915,0.512,0.555,-0.904,0.47,-0.541,-0.692,0.039,-0.464,0.548,0.708,-0.484,-0.485,-0.633,-0.548,-0.259,-0.494,0.663,-0.31,-0.572,0.07,0.234,0.359,-0.391,0.317,-0.475,0.53,0.081,0.225,-0.899,0.62,-0.902,-0.801,-0.543,-0.661,0.545,-0.404,0.488,-0.71,0.403,-0.052,-0.345,0.187,0.724,0.029,0.074,-0.204,-0.328,-0.045,0.63,0.88,0.699,-0.766,0.785,-0.872,0.067,0.048,-0.055,-0.459,0.56,-0.698,0.777,0.566,0.405,-0.793,-0.076,0.051,0.175,0.637,-0.811,0.835,-0.519,0.09,-0.813,-0.18,0.164,-0.336,-0.857,-0.475,0.136,0.425,-0.689,0.301,-0.535,-0.186,-0.649,-0.913,0.222,0.49,-0.694,0.788,0.836,0.716,0.516,-0.239,0.583,-0.708,-0.426,0.675,-0.554,0.531,-0.204,-0.537,-0.381,0.734,0.565,-0.863,-0.157,0.589,0.202,0.899,0.634,0.362,-0.356,-0.591,0.88,-0.719,0.11,-0.745,-0.708,0.004,0.178,0.415,0.037,0.704,0.286,-0.491,-0.597,-0.315,0.6,-0.485,0.712,0.122,-0.611,0.618,0.379,-0.918,0.236,-0.044,0.226,0.016,0.763,-0.754,-0.617,0.337,0.924,-0.18,0.63,-0.509,-0.236,-0.072,0.824,-0.085,0.099,0.437,-0.592,0.118,-0.714,-0.876,0.189,0.867,0.381,0.522,-0.341,-0.703,-0.329,0.727,-0.803,-0.631,0.659,-0.632,0.156,-0.279,0.112,0.802,0.386,0.227,-0.092,-0.733,0.484,-0.444,0.707,-0.412,0.802,0.789,-0.384,-0.767,-0.846
APOG,-0.528,-0.626,0.481,-0.255,-0.703,-0.386,0.727,-0.649,0.225,-0.162,0.704,0.0,-0.626,0.445,0.288,-0.623,0.506,-0.153,-0.556,0.619,-0.121,0.262,0.253,-0.449,-0.689,-0.325,-0.252,0.205,-0.32,0.851,0.101,-0.232,0.516,0.194,0.628,-0.172,0.753,-0.278,0.401,-0.109,0.267,-0.476,0.595,-0.791,-0.547,-0.026,-0.26,0.54,-0.233,0.29,-0.507,0.663,0.167,0.165,0.561,0.552,0.271,0.21,-0.098,-0.062,-0.05,0.715,0.698,0.49,-0.571,0.9,-0.591,0.122,0.395,0.15,0.055,0.189,-0.633,0.484,0.731,0.679,-0.461,0.217,0.182,0.501,0.246,-0.798,0.625,-0.376,0.112,-0.444,0.327,0.104,0.156,-0.769,-0.222,0.66,0.375,-0.239,0.743,-0.473,-0.503,-0.278,-0.708,0.294,0.772,-0.152,0.82,0.881,0.788,0.636,-0.446,0.327,-0.22,-0.281,0.643,-0.007,0.861,-0.077,-0.114,-0.18,0.823,0.574,-0.557,0.366,0.56,0.187,0.616,0.466,0.331,0.135,-0.214,0.834,-0.492,0.48,-0.624,-0.447,0.183,0.657,0.363,0.336,0.786,0.098,-0.483,-0.136,0.243,0.91,-0.057,0.456,0.428,-0.48,0.83,0.438,-0.549,0.254,-0.246,0.167,0.17,0.884,-0.63,-0.38,0.346,0.787,0.12,0.78,-0.357,-0.317,0.167,0.775,0.173,0.425,0.565,-0.408,0.473,-0.686,-0.562,0.295,0.705,0.56,0.738,0.088,-0.299,-0.155,0.915,-0.494,-0.281,0.767,-0.303,0.23,0.108,0.165,0.873,0.617,0.528,-0.09,-0.272,0.497,-0.098,0.735,0.043,0.645,0.66,0.079,-0.54,-0.809
APPS,0.404,0.798,-0.811,0.723,0.927,0.89,-0.37,0.486,-0.563,0.722,-0.915,-0.626,0.0,-0.533,-0.552,0.965,-0.296,0.668,0.685,-0.044,0.578,-0.587,-0.625,0.6,0.521,0.629,0.644,0.379,0.622,-0.647,0.386,0.617,0.048,-0.158,-0.224,0.554,-0.153,0.405,-0.504,0.072,-0.015,0.936,-0.608,0.921,0.917,0.619,0.81,-0.451,0.367,-0.309,0.772,-0.338,0.067,0.426,-0.058,-0.66,0.097,-0.027,0.306,0.306,0.197,-0.624,-0.86,-0.778,0.781,-0.794,0.934,-0.016,0.056,0.178,0.575,-0.565,0.74,-0.778,-0.428,-0.279,0.797,0.07,0.059,-0.131,-0.574,0.809,-0.872,0.556,-0.085,0.844,0.263,-0.13,0.466,0.869,0.561,-0.052,-0.32,0.763,-0.213,0.49,0.217,0.736,0.921,-0.243,-0.409,0.741,-0.774,-0.821,-0.62,-0.553,0.236,-0.658,0.778,0.293,-0.614,0.704,-0.462,0.404,0.595,0.456,-0.772,-0.533,0.906,0.242,-0.596,-0.271,-0.881,-0.525,-0.205,0.458,0.73,-0.824,0.746,-0.022,0.779,0.784,0.048,-0.081,-0.457,0.025,-0.716,-0.282,0.601,0.691,0.405,-0.543,0.653,-0.752,-0.148,0.731,-0.628,-0.222,0.96,-0.099,0.049,-0.291,0.055,-0.713,0.786,0.709,-0.301,-0.877,0.264,-0.526,0.487,0.38,-0.007,-0.747,0.257,-0.082,-0.246,0.684,0.002,0.732,0.926,-0.139,-0.909,-0.368,-0.398,0.316,0.777,0.482,-0.625,0.886,0.702,-0.537,0.524,-0.158,0.438,-0.137,-0.763,-0.291,-0.085,0.056,0.808,-0.54,0.582,-0.658,0.478,-0.848,-0.772,0.442,0.774,0.888
ARCB,0.012,-0.208,0.71,-0.046,-0.339,-0.482,0.653,-0.223,0.743,-0.438,0.512,0.445,-0.533,0.0,0.632,-0.444,-0.073,-0.734,0.093,0.207,0.244,0.82,0.257,-0.786,-0.013,-0.054,-0.477,0.193,-0.755,0.673,0.225,-0.562,0.102,-0.442,0.372,-0.465,0.048,0.221,0.741,0.047,0.095,-0.441,0.803,-0.517,-0.631,-0.489,-0.241,0.452,0.36,-0.088,-0.083,0.674,0.453,-0.273,0.397,0.296,0.604,0.71,0.287,0.385,-0.352,0.101,0.709,0.734,-0.202,0.658,-0.358,0.659,0.305,-0.569,-0.216,0.501,-0.049,0.739,0.71,0.28,-0.065,0.261,-0.209,0.334,0.574,-0.242,0.66,-0.104,0.722,-0.253,0.106,0.747,-0.081,-0.518,0.196,0.132,0.26,-0.412,0.215,0.072,0.234,-0.803,-0.512,0.088,0.178,-0.301,0.761,0.406,0.182,0.166,0.035,0.697,-0.533,0.094,0.641,-0.352,0.5,-0.22,-0.013,0.389,0.545,0.682,-0.371,-0.187,0.601,0.852,0.678,0.495,0.041,-0.145,-0.035,0.416,0.024,0.567,-0.161,0.029,0.645,0.202,0.759,-0.427,0.692,0.578,-0.663,-0.346,-0.39,0.467,-0.51,0.813,0.256,-0.114,0.415,-0.112,-0.466,-0.365,0.433,0.322,0.691,0.434,-0.081,-0.63,0.6,0.641,0.395,0.671,0.27,0.349,0.065,0.698,0.324,0.65,-0.234,-0.626,0.438,-0.117,-0.298,0.649,0.667,0.724,0.562,0.094,-0.043,0.166,0.566,-0.306,0.081,0.271,-0.254,-0.419,0.295,0.684,0.301,0.23,0.549,0.62,-0.493,0.684,-0.178,0.598,-0.329,0.819,0.716,0.237,-0.128,-0.546
ARCC,-0.136,-0.2,0.624,-0.265,-0.458,-0.55,0.189,-0.077,0.515,-0.415,0.555,0.288,-0.552,0.632,0.0,-0.543,0.148,-0.751,-0.119,-0.065,0.058,0.744,0.622,-0.617,0.191,-0.23,-0.184,-0.111,-0.564,0.564,-0.016,-0.618,0.185,-0.09,0.096,-0.17,0.032,0.182,0.288,0.063,0.514,-0.649,0.677,-0.423,-0.557,-0.605,-0.333,0.512,0.075,0.378,-0.099,0.466,0.294,-0.226,0.283,0.526,0.406,0.54,0.313,0.309,-0.533,0.117,0.654,0.834,-0.298,0.518,-0.414,0.45,0.38,-0.47,-0.428,0.49,0.001,0.79,0.499,-0.176,-0.189,0.378,-0.219,0.297,0.67,-0.27,0.747,0.004,0.548,-0.451,0.113,0.694,-0.106,-0.513,0.124,-0.112,0.461,-0.505,0.006,-0.23,0.404,-0.568,-0.619,0.407,0.188,-0.612,0.618,0.264,0.206,-0.114,0.014,0.418,-0.558,-0.27,0.246,-0.498,0.074,0.041,-0.107,0.162,0.456,0.793,-0.49,-0.212,0.683,0.535,0.61,0.411,0.1,-0.027,-0.279,0.545,-0.237,0.361,-0.124,-0.148,0.504,0.051,0.466,-0.42,0.582,0.776,-0.384,-0.296,-0.56,0.35,-0.33,0.852,0.116,-0.05,0.276,0.339,-0.573,-0.203,0.589,0.578,0.422,0.411,-0.14,-0.602,0.795,0.471,0.071,0.574,0.219,0.257,0.258,0.546,0.123,0.31,-0.103,-0.51,0.379,-0.194,-0.507,0.709,0.678,0.617,0.535,-0.004,-0.409,0.167,0.487,-0.537,-0.266,0.162,-0.378,-0.226,0.052,0.453,0.403,0.32,0.322,0.543,-0.389,0.603,-0.359,0.703,-0.148,0.679,0.773,-0.089,-0.297,-0.453
ARVN,0.507,0.783,-0.801,0.78,0.928,0.904,-0.283,0.462,-0.539,0.701,-0.904,-0.623,0.965,-0.444,-0.543,0.0,-0.359,0.621,0.773,-0.026,0.609,-0.569,-0.646,0.517,0.57,0.649,0.668,0.413,0.615,-0.607,0.43,0.67,0.054,-0.189,-0.242,0.516,-0.14,0.425,-0.455,0.035,-0.028,0.939,-0.544,0.903,0.909,0.537,0.774,-0.45,0.407,-0.334,0.835,-0.317,0.122,0.409,-0.066,-0.625,0.116,0.015,0.331,0.375,0.167,-0.668,-0.864,-0.743,0.818,-0.778,0.944,0.037,0.07,0.193,0.531,-0.532,0.744,-0.738,-0.4,-0.285,0.814,0.102,0.074,-0.064,-0.572,0.788,-0.863,0.535,-0.021,0.812,0.283,-0.092,0.49,0.861,0.597,-0.004,-0.327,0.765,-0.155,0.5,0.255,0.694,0.884,-0.191,-0.444,0.737,-0.746,-0.821,-0.635,-0.516,0.259,-0.627,0.764,0.36,-0.607,0.664,-0.408,0.405,0.63,0.511,-0.729,-0.523,0.946,0.23,-0.622,-0.196,-0.881,-0.529,-0.223,0.431,0.763,-0.84,0.775,0.027,0.742,0.805,0.096,-0.064,-0.478,-0.063,-0.704,-0.231,0.581,0.686,0.341,-0.529,0.642,-0.695,-0.099,0.739,-0.648,-0.241,0.964,-0.151,0.112,-0.206,0.083,-0.727,0.756,0.64,-0.269,-0.861,0.323,-0.457,0.531,0.417,0.047,-0.739,0.319,-0.017,-0.299,0.696,0.029,0.733,0.915,-0.125,-0.901,-0.343,-0.369,0.277,0.823,0.517,-0.614,0.882,0.753,-0.562,0.527,-0.226,0.469,-0.039,-0.763,-0.318,-0.101,0.083,0.764,-0.425,0.645,-0.634,0.482,-0.812,-0.741,0.499,0.818,0.869
ATEC,-0.397,-0.39,0.222,-0.233,-0.521,-0.19,0.116,-0.457,-0.06,-0.015,0.47,0.506,-0.296,-0.073,0.148,-0.359,0.0,0.061,-0.46,0.189,-0.205,-0.015,0.384,0.231,-0.314,-0.32,0.017,-0.036,0.127,0.318,-0.085,-0.106,0.321,0.376,0.466,0.062,0.501,-0.404,0.047,0.034,0.386,-0.344,0.166,-0.321,-0.133,0.093,-0.009,0.531,-0.427,0.518,-0.339,0.15,-0.089,0.209,0.188,0.428,-0.018,-0.095,-0.148,-0.32,0.037,0.383,0.367,0.129,-0.439,0.356,-0.35,-0.13,0.206,0.276,0.064,0.086,-0.391,0.194,0.308,0.23,-0.377,-0.004,0.066,0.062,0.196,-0.504,0.31,-0.334,-0.193,-0.285,0.108,-0.098,0.111,-0.466,-0.299,0.201,0.324,-0.076,0.309,-0.363,-0.264,0.098,-0.35,0.176,0.487,-0.196,0.304,0.485,0.533,0.341,-0.129,0.017,-0.045,-0.42,0.299,0.209,0.368,-0.019,-0.113,-0.276,0.319,0.199,-0.337,0.215,0.094,-0.32,0.328,0.333,0.555,0.086,-0.128,0.508,-0.445,0.093,-0.264,-0.356,-0.05,0.418,-0.017,0.504,0.297,-0.075,-0.003,-0.095,0.232,0.384,0.214,0.148,0.012,-0.27,0.356,0.416,-0.379,0.588,-0.182,-0.21,-0.151,0.587,-0.373,0.149,0.2,0.361,-0.25,0.307,-0.329,-0.319,-0.055,0.425,0.013,-0.002,0.715,-0.184,0.123,-0.407,-0.456,-0.038,0.305,0.127,0.305,0.039,-0.334,-0.286,0.467,-0.373,-0.36,0.612,-0.257,0.186,-0.112,-0.105,0.527,0.358,0.181,-0.285,-0.081,0.048,0.021,0.404,0.178,0.191,0.334,-0.201,-0.405,-0.312
ATXS,-0.06,0.307,-0.816,0.414,0.481,0.696,-0.198,0.099,-0.806,0.685,-0.541,-0.153,0.668,-0.734,-0.751,0.621,0.061,0.0,0.116,0.197,0.127,-0.844,-0.525,0.672,-0.136,0.242,0.514,0.272,0.759,-0.46,0.215,0.714,0.25,0.218,-0.063,0.602,0.264,-0.054,-0.596,-0.092,-0.026,0.692,-0.6,0.459,0.748,0.748,0.521,-0.381,-0.097,-0.092,0.236,-0.319,-0.123,0.522,0.043,-0.363,-0.201,-0.389,-0.004,-0.087,0.458,-0.06,-0.66,-0.792,0.386,-0.463,0.545,-0.373,0.004,0.636,0.638,-0.659,0.122,-0.794,-0.346,0.106,0.305,-0.023,0.362,0.036,-0.696,0.22,-0.712,0.257,-0.472,0.491,0.291,-0.582,0.486,0.499,0.133,0.295,-0.162,0.665,0.216,-0.01,-0.399,0.869,0.542,-0.186,0.078,0.686,-0.551,-0.266,-0.064,-0.113,-0.198,-0.745,0.792,0.002,-0.414,0.659,-0.079,0.389,0.267,-0.07,-0.381,-0.586,0.587,0.55,-0.475,-0.618,-0.721,-0.516,-0.135,0.424,0.403,-0.39,0.223,-0.113,0.235,0.262,-0.318,0.165,-0.607,0.518,-0.527,-0.556,0.494,0.583,0.747,-0.136,0.709,-0.852,-0.01,0.245,-0.225,0.107,0.675,0.28,-0.536,-0.295,-0.323,-0.276,0.193,0.646,-0.491,-0.546,0.073,-0.355,-0.119,-0.166,-0.01,-0.507,0.119,-0.191,0.298,0.673,-0.025,0.13,0.551,-0.401,-0.689,-0.444,-0.235,0.133,0.442,0.126,-0.3,0.551,0.288,-0.144,0.336,0.302,0.202,-0.504,-0.214,0.012,-0.106,-0.522,0.705,-0.526,0.471,-0.461,0.532,-0.796,-0.681,0.24,0.302,0.477
AVAV,0.577,0.757,-0.417,0.79,0.805,0.677,-0.054,0.401,-0.165,0.471,-0.692,-0.556,0.685,0.093,-0.119,0.773,-0.46,0.116,0.0,-0.012,0.761,-0.127,-0.453,0.072,0.732,0.723,0.422,0.436,0.193,-0.303,0.538,0.387,0.082,-0.488,-0.213,0.316,-0.277,0.678,-0.134,-0.119,-0.007,0.701,-0.107,0.703,0.573,0.181,0.587,-0.223,0.713,-0.455,0.88,-0.072,0.366,0.275,-0.016,-0.45,0.398,0.427,0.563,0.719,-0.092,-0.826,-0.538,-0.305,0.825,-0.524,0.805,0.409,0.169,-0.229,0.335,-0.267,0.827,-0.363,-0.141,-0.355,0.849,0.307,-0.161,0.093,-0.227,0.724,-0.491,0.496,0.452,0.689,0.272,0.354,0.433,0.634,0.768,-0.021,-0.267,0.516,-0.138,0.59,0.479,0.239,0.625,-0.076,-0.503,0.536,-0.418,-0.728,-0.718,-0.532,0.449,-0.253,0.464,0.495,-0.4,0.38,-0.304,0.211,0.711,0.798,-0.467,-0.142,0.805,0.087,-0.336,0.304,-0.587,-0.36,-0.313,0.311,0.743,-0.741,0.834,0.315,0.775,0.877,0.503,-0.02,-0.111,-0.454,-0.38,0.197,0.268,0.434,0.003,-0.422,0.312,-0.208,0.032,0.723,-0.598,-0.409,0.73,-0.502,0.488,0.026,0.442,-0.597,0.78,0.306,0.121,-0.643,0.568,-0.144,0.832,0.62,0.205,-0.449,0.505,0.339,-0.604,0.346,0.207,0.798,0.747,0.248,-0.589,0.029,-0.14,0.352,0.774,0.603,-0.46,0.687,0.842,-0.578,0.522,-0.65,0.59,0.379,-0.698,-0.259,0.088,0.555,0.522,-0.025,0.523,-0.356,0.325,-0.396,-0.354,0.638,0.901,0.664
AXON,-0.398,0.002,-0.056,0.358,-0.107,0.278,0.7,-0.444,-0.173,0.4,0.039,0.619,-0.044,0.207,-0.065,-0.026,0.189,0.197,-0.012,0.0,0.309,-0.137,-0.366,-0.317,-0.449,0.25,0.187,0.626,-0.119,0.586,0.596,0.19,0.713,-0.128,0.514,0.065,0.671,0.311,-0.012,-0.474,0.097,0.205,0.434,-0.297,-0.057,0.399,0.262,0.19,0.307,-0.25,0.045,0.564,0.505,0.627,0.622,0.055,0.421,0.366,0.205,0.345,-0.227,0.362,0.195,0.17,-0.074,0.529,0.045,0.318,0.613,0.129,0.51,-0.315,-0.22,0.015,0.514,0.412,0.181,0.593,0.146,0.679,-0.261,-0.39,0.218,0.078,0.261,0.231,0.634,0.105,0.601,-0.361,0.268,0.797,0.259,0.425,0.819,-0.221,-0.529,0.157,-0.212,0.342,0.655,0.481,0.428,0.43,0.333,0.369,-0.49,-0.137,0.346,-0.005,0.241,0.338,0.74,0.094,0.359,0.182,0.548,0.384,0.108,0.656,0.261,0.188,-0.036,-0.06,-0.078,0.537,0.285,0.341,0.048,0.682,-0.125,0.1,0.339,0.821,0.192,0.349,0.531,-0.002,-0.337,0.413,0.625,0.732,0.353,0.09,0.585,-0.188,0.598,0.18,0.093,-0.112,-0.238,0.162,0.33,0.538,-0.129,0.014,0.295,0.22,0.47,0.52,0.139,-0.168,0.491,0.307,0.387,0.679,0.099,-0.161,0.658,-0.269,0.029,0.301,0.205,0.583,0.6,0.64,0.315,0.139,0.56,0.078,0.288,0.219,0.313,0.086,0.455,0.207,0.488,0.592,0.585,0.054,0.271,0.448,0.294,0.466,0.466,0.215,0.304,0.543,0.01,-0.378
BANF,0.278,0.649,-0.273,0.83,0.608,0.593,0.251,0.156,-0.108,0.546,-0.464,-0.121,0.578,0.244,0.058,0.609,-0.205,0.127,0.761,0.309,0.0,-0.011,-0.409,-0.071,0.522,0.693,0.401,0.741,0.051,0.078,0.777,0.2,0.471,-0.449,0.21,0.394,0.172,0.689,-0.037,-0.004,0.371,0.604,0.176,0.463,0.455,0.329,0.771,-0.051,0.749,-0.254,0.823,0.351,0.578,0.532,0.473,-0.317,0.812,0.728,0.713,0.789,-0.156,-0.483,-0.229,-0.133,0.613,-0.159,0.7,0.603,0.599,-0.243,0.573,-0.313,0.738,-0.173,0.371,-0.005,0.805,0.512,-0.076,0.381,-0.092,0.5,-0.241,0.54,0.633,0.705,0.562,0.545,0.672,0.378,0.911,0.255,0.03,0.546,0.203,0.393,0.328,0.207,0.42,0.032,-0.063,0.601,-0.044,-0.435,-0.392,-0.469,0.212,-0.24,0.504,0.181,-0.171,0.539,0.036,0.383,0.774,0.862,-0.204,0.23,0.609,0.37,-0.019,0.356,-0.384,-0.1,-0.103,0.631,0.8,-0.363,0.767,0.719,0.689,0.856,0.756,0.367,0.107,-0.292,-0.011,0.298,0.126,0.588,0.271,0.021,0.487,-0.053,0.213,0.713,-0.184,-0.122,0.628,-0.423,0.459,0.07,0.763,-0.181,0.727,0.188,0.407,-0.343,0.748,0.245,0.83,0.674,0.274,-0.11,0.748,0.603,-0.335,0.155,0.66,0.608,0.67,0.548,-0.339,0.432,0.339,0.557,0.796,0.764,-0.003,0.653,0.845,-0.247,0.403,-0.538,0.88,0.425,-0.37,0.184,0.601,0.667,0.61,0.081,0.524,0.045,0.461,-0.146,-0.054,0.832,0.732,0.398
BATRK,0.027,-0.211,0.805,-0.348,-0.417,-0.684,0.296,-0.033,0.883,-0.701,0.548,0.262,-0.587,0.82,0.744,-0.569,-0.015,-0.844,-0.127,-0.137,-0.011,0.0,0.47,-0.623,0.067,-0.286,-0.596,-0.162,-0.806,0.504,-0.118,-0.831,-0.17,-0.362,0.215,-0.573,-0.199,0.049,0.729,0.319,0.102,-0.638,0.626,-0.448,-0.7,-0.666,-0.392,0.486,0.127,0.101,-0.236,0.512,0.24,-0.538,0.205,0.259,0.383,0.515,0.127,0.105,-0.377,0.139,0.75,0.79,-0.349,0.532,-0.495,0.486,0.105,-0.68,-0.434,0.695,-0.063,0.817,0.489,0.085,-0.205,0.062,-0.229,0.028,0.653,-0.159,0.69,-0.182,0.554,-0.404,-0.121,0.741,-0.381,-0.489,-0.029,-0.266,0.266,-0.608,-0.193,0.064,0.44,-0.874,-0.467,-0.003,0.087,-0.594,0.651,0.336,0.178,0.051,0.07,0.765,-0.764,-0.016,0.551,-0.493,0.198,-0.231,-0.287,0.164,0.349,0.597,-0.565,-0.54,0.577,0.686,0.784,0.581,0.122,-0.352,-0.3,0.436,-0.13,0.225,-0.166,-0.139,0.383,-0.138,0.788,-0.395,0.559,0.512,-0.602,-0.521,-0.604,0.241,-0.671,0.838,-0.027,-0.167,0.349,-0.046,-0.626,-0.21,0.499,0.223,0.486,0.351,-0.055,-0.622,0.52,0.618,0.026,0.408,0.131,0.328,-0.12,0.592,-0.015,0.275,-0.184,-0.698,0.15,-0.139,-0.417,0.579,0.732,0.528,0.322,-0.061,-0.315,-0.006,0.446,-0.428,-0.206,0.269,-0.448,-0.275,-0.035,0.487,0.215,0.102,0.331,0.542,-0.666,0.528,-0.441,0.501,-0.544,0.809,0.694,-0.155,-0.349,-0.488
BIDU,-0.096,-0.616,0.591,-0.586,-0.664,-0.644,-0.051,-0.152,0.37,-0.453,0.708,0.253,-0.625,0.257,0.622,-0.646,0.384,-0.525,-0.453,-0.366,-0.409,0.47,0.0,-0.208,-0.049,-0.621,-0.318,-0.517,-0.213,0.335,-0.418,-0.425,-0.13,0.38,-0.05,-0.072,0.016,-0.389,0.309,0.139,0.413,-0.749,0.308,-0.471,-0.508,-0.543,-0.544,0.543,-0.415,0.546,-0.427,0.064,-0.337,-0.413,-0.172,0.617,-0.159,-0.059,-0.13,-0.289,0.054,0.154,0.523,0.513,-0.44,0.319,-0.64,-0.116,-0.153,-0.127,-0.562,0.559,-0.342,0.605,0.19,-0.035,-0.636,-0.216,-0.048,-0.106,0.758,-0.44,0.57,-0.431,-0.019,-0.75,-0.362,0.154,-0.369,-0.469,-0.371,-0.153,0.203,-0.709,-0.128,-0.332,0.261,-0.464,-0.626,0.284,0.05,-0.776,0.355,0.352,0.301,0.169,0.15,0.406,-0.634,-0.339,0.317,-0.489,-0.031,-0.168,-0.401,-0.23,0.321,0.413,-0.669,-0.405,0.321,0.084,0.635,0.58,0.38,-0.399,-0.483,0.507,-0.645,-0.171,-0.34,-0.494,-0.054,-0.086,0.14,-0.222,0.353,0.304,-0.008,-0.477,-0.594,0.128,-0.412,0.579,-0.125,-0.2,0.088,0.392,-0.732,0.26,0.244,0.16,-0.135,0.291,-0.466,-0.349,0.262,0.522,-0.298,0.332,-0.332,-0.087,-0.044,0.463,-0.173,-0.171,0.336,-0.259,-0.138,-0.279,-0.707,0.148,0.566,0.047,0.216,-0.404,-0.735,-0.19,0.279,-0.701,-0.543,0.42,-0.44,-0.028,-0.294,0.151,0.426,0.071,-0.098,-0.013,-0.586,0.227,-0.307,0.371,-0.357,0.494,0.542,-0.514,-0.49,-0.354
BLNE,0.102,0.307,-0.57,0.16,0.424,0.446,-0.566,0.237,-0.562,0.387,-0.484,-0.449,0.6,-0.786,-0.617,0.517,0.231,0.672,0.072,-0.317,-0.071,-0.623,-0.208,0.0,0.159,0.063,0.322,-0.122,0.703,-0.72,-0.165,0.425,-0.184,0.236,-0.188,0.367,-0.176,-0.245,-0.463,0.236,-0.051,0.46,-0.742,0.606,0.688,0.489,0.422,-0.306,-0.272,0.118,0.166,-0.568,-0.373,0.144,-0.325,-0.418,-0.416,-0.542,-0.147,-0.362,0.404,-0.27,-0.621,-0.79,0.302,-0.686,0.431,-0.485,-0.278,0.427,0.371,-0.401,0.246,-0.678,-0.58,-0.208,0.193,-0.37,0.139,-0.456,-0.379,0.403,-0.681,0.14,-0.547,0.358,-0.16,-0.528,0.107,0.545,-0.107,-0.291,-0.209,0.407,-0.313,0.17,0.013,0.687,0.639,-0.447,-0.236,0.321,-0.721,-0.439,-0.191,-0.234,0.167,-0.526,0.515,-0.032,-0.402,0.531,-0.442,0.143,0.046,-0.143,-0.706,-0.723,0.423,0.03,-0.628,-0.755,-0.542,-0.337,0.12,0.026,0.237,-0.507,0.166,-0.489,0.351,0.189,-0.445,-0.192,-0.604,0.426,-0.708,-0.548,0.639,0.308,0.349,-0.546,0.477,-0.735,-0.491,0.282,-0.474,-0.073,0.47,0.447,-0.343,-0.611,-0.471,-0.433,0.298,0.703,-0.525,-0.574,-0.298,-0.661,-0.132,-0.098,-0.37,-0.57,-0.145,-0.555,0.303,0.54,-0.453,0.306,0.42,-0.559,-0.695,-0.694,-0.582,-0.083,0.179,-0.11,-0.545,0.414,0.048,-0.157,0.087,0.164,-0.15,-0.557,-0.478,-0.3,-0.399,-0.486,0.46,-0.749,0.308,-0.634,0.273,-0.777,-0.7,-0.145,0.214,0.654
BLNK,0.605,0.621,-0.245,0.465,0.598,0.367,-0.39,0.511,-0.036,0.177,-0.485,-0.689,0.521,-0.013,0.191,0.57,-0.314,-0.136,0.732,-0.449,0.522,0.067,-0.049,0.159,0.0,0.471,0.412,0.054,0.2,-0.397,0.165,0.091,-0.118,-0.233,-0.352,0.243,-0.419,0.448,-0.184,0.259,0.229,0.353,-0.161,0.697,0.48,-0.128,0.387,-0.152,0.385,0.024,0.764,-0.193,0.175,-0.02,-0.161,-0.188,0.246,0.299,0.459,0.465,-0.19,-0.794,-0.435,-0.139,0.59,-0.597,0.604,0.281,0.073,-0.244,-0.07,0.013,0.826,-0.127,-0.218,-0.611,0.608,0.144,-0.199,-0.134,0.016,0.724,-0.344,0.436,0.344,0.391,0.054,0.407,0.128,0.588,0.555,-0.426,-0.125,0.214,-0.476,0.45,0.792,0.13,0.499,-0.004,-0.605,0.082,-0.444,-0.788,-0.649,-0.686,0.536,-0.194,0.152,0.206,-0.539,0.101,-0.636,0.316,0.441,0.575,-0.597,-0.113,0.526,-0.257,-0.267,0.118,-0.389,-0.165,-0.1,0.132,0.462,-0.579,0.598,0.043,0.657,0.637,0.357,-0.35,-0.177,-0.554,-0.469,0.368,0.405,0.234,-0.399,-0.604,0.22,-0.035,-0.245,0.74,-0.702,-0.171,0.467,-0.305,0.722,0.086,0.278,-0.621,0.704,0.146,0.236,-0.58,0.192,-0.242,0.705,0.668,0.046,-0.466,0.222,-0.06,-0.472,0.26,0.013,0.706,0.474,0.264,-0.448,-0.088,-0.221,0.034,0.411,0.531,-0.474,0.464,0.46,-0.552,0.141,-0.542,0.271,0.241,-0.684,-0.328,-0.094,0.528,0.274,-0.083,0.236,-0.283,0.162,-0.335,-0.243,0.201,0.648,0.663
BTAI,0.213,0.666,-0.456,0.773,0.693,0.665,0.051,0.202,-0.298,0.601,-0.633,-0.325,0.629,-0.054,-0.23,0.649,-0.32,0.242,0.723,0.25,0.693,-0.286,-0.621,0.063,0.471,0.0,0.44,0.563,0.174,-0.183,0.599,0.337,0.291,-0.423,0.016,0.274,-0.061,0.718,-0.294,-0.204,-0.031,0.695,-0.051,0.53,0.52,0.446,0.67,-0.308,0.689,-0.398,0.706,0.091,0.465,0.483,0.203,-0.398,0.437,0.416,0.541,0.635,-0.182,-0.518,-0.449,-0.284,0.599,-0.335,0.76,0.369,0.343,-0.128,0.493,-0.445,0.666,-0.409,-0.026,-0.202,0.796,0.466,-0.059,0.231,-0.432,0.529,-0.387,0.558,0.378,0.759,0.391,0.198,0.547,0.471,0.696,0.148,-0.079,0.646,0.111,0.333,0.149,0.348,0.535,-0.036,-0.157,0.727,-0.284,-0.518,-0.519,-0.463,0.157,-0.385,0.601,0.283,-0.444,0.453,-0.122,0.226,0.712,0.624,-0.317,-0.125,0.706,0.356,-0.197,0.097,-0.598,-0.394,-0.355,0.593,0.668,-0.516,0.758,0.433,0.615,0.717,0.478,0.195,-0.104,-0.095,-0.25,0.107,0.147,0.532,0.342,-0.179,0.448,-0.281,0.168,0.508,-0.295,-0.344,0.722,-0.466,0.22,-0.019,0.437,-0.309,0.633,0.273,0.153,-0.549,0.601,-0.097,0.733,0.37,0.286,-0.388,0.466,0.384,-0.446,0.202,0.355,0.541,0.691,0.212,-0.51,0.194,0.032,0.525,0.788,0.507,-0.272,0.729,0.749,-0.471,0.489,-0.439,0.57,0.141,-0.474,0.039,0.271,0.453,0.615,-0.057,0.378,-0.184,0.471,-0.36,-0.281,0.711,0.754,0.469
BYND,0.194,0.465,-0.66,0.54,0.488,0.758,-0.206,0.232,-0.664,0.67,-0.548,-0.252,0.644,-0.477,-0.184,0.668,0.017,0.514,0.422,0.187,0.401,-0.596,-0.318,0.322,0.412,0.44,0.0,0.367,0.675,-0.241,0.338,0.705,0.369,0.176,-0.178,0.613,0.271,0.291,-0.604,-0.142,0.304,0.618,-0.331,0.576,0.713,0.434,0.538,-0.155,0.083,0.106,0.626,-0.153,0.13,0.601,0.055,-0.108,0.079,-0.02,0.201,0.345,-0.03,-0.318,-0.634,-0.442,0.472,-0.423,0.629,-0.021,0.293,0.51,0.307,-0.477,0.403,-0.542,-0.212,-0.306,0.489,0.35,0.099,0.236,-0.486,0.347,-0.537,0.401,-0.146,0.462,0.503,-0.131,0.554,0.46,0.423,0.251,-0.084,0.648,0.156,0.109,0.034,0.789,0.439,0.377,-0.139,0.497,-0.466,-0.5,-0.229,-0.291,0.061,-0.637,0.685,0.105,-0.597,0.552,-0.231,0.58,0.58,0.235,-0.289,-0.203,0.673,0.502,-0.35,-0.279,-0.681,-0.412,0.047,0.613,0.514,-0.362,0.349,0.134,0.372,0.439,0.081,0.152,-0.597,0.079,-0.409,-0.063,0.512,0.628,0.312,-0.151,0.769,-0.476,0.159,0.474,-0.366,0.319,0.656,0.086,0.143,0.17,-0.085,-0.325,0.312,0.49,0.031,-0.643,0.136,-0.121,0.332,0.112,0.375,-0.517,0.227,0.019,0.026,0.664,0.26,0.278,0.458,0.019,-0.572,-0.131,-0.048,0.298,0.452,0.43,-0.223,0.484,0.416,-0.346,0.386,0.042,0.311,0.028,-0.218,-0.045,-0.074,-0.037,0.716,-0.153,0.543,-0.189,0.686,-0.615,-0.4,0.322,0.471,0.503
CAN,-0.075,0.374,-0.254,0.728,0.367,0.508,0.512,-0.174,-0.153,0.574,-0.259,0.205,0.379,0.193,-0.111,0.413,-0.036,0.272,0.436,0.626,0.741,-0.162,-0.517,-0.122,0.054,0.563,0.367,0.0,-0.026,0.229,0.791,0.241,0.562,-0.382,0.471,0.214,0.43,0.526,-0.014,-0.154,0.206,0.527,0.309,0.141,0.307,0.413,0.647,-0.084,0.605,-0.332,0.531,0.495,0.638,0.616,0.649,-0.248,0.727,0.6,0.54,0.546,-0.113,-0.051,-0.055,-0.101,0.374,0.129,0.509,0.669,0.666,0.001,0.704,-0.382,0.318,-0.156,0.479,0.32,0.58,0.577,0.081,0.521,-0.194,0.104,-0.092,0.462,0.488,0.6,0.584,0.31,0.716,0.038,0.7,0.523,0.23,0.66,0.559,0.072,-0.122,0.233,0.197,0.101,0.334,0.682,0.158,-0.051,-0.018,-0.11,-0.198,-0.24,0.537,0.068,0.047,0.531,0.422,0.382,0.609,0.572,0.082,0.22,0.45,0.552,0.068,0.219,-0.266,-0.072,-0.078,0.665,0.665,-0.066,0.592,0.737,0.334,0.569,0.548,0.604,0.087,0.12,0.225,0.07,-0.093,0.579,0.591,0.373,0.508,-0.087,0.378,0.295,0.192,-0.003,0.48,-0.28,0.02,0.117,0.63,0.151,0.368,0.212,0.284,-0.085,0.715,0.346,0.517,0.401,0.3,0.047,0.736,0.673,-0.139,0.028,0.74,0.205,0.508,0.351,-0.163,0.512,0.492,0.639,0.69,0.523,0.271,0.517,0.699,-0.069,0.293,-0.238,0.745,0.272,-0.019,0.442,0.682,0.321,0.524,0.211,0.528,0.206,0.498,-0.038,0.062,0.798,0.419,0.05
CCEC,0.214,0.222,-0.734,0.285,0.418,0.642,-0.406,0.253,-0.751,0.567,-0.494,-0.32,0.622,-0.755,-0.564,0.615,0.127,0.759,0.193,-0.119,0.051,-0.806,-0.213,0.703,0.2,0.174,0.675,-0.026,0.0,-0.525,-0.016,0.805,0.072,0.489,-0.269,0.642,0.169,-0.213,-0.588,-0.008,0.117,0.552,-0.713,0.579,0.796,0.552,0.382,-0.223,-0.311,0.201,0.313,-0.573,-0.381,0.361,-0.286,-0.148,-0.379,-0.517,-0.129,-0.146,0.481,-0.337,-0.767,-0.79,0.408,-0.636,0.476,-0.558,-0.186,0.715,0.256,-0.415,0.22,-0.699,-0.507,-0.163,0.192,-0.23,0.309,-0.193,-0.471,0.304,-0.758,0.064,-0.588,0.297,0.106,-0.598,0.28,0.59,0.018,0.12,-0.351,0.447,-0.019,0.082,-0.11,0.849,0.53,-0.031,-0.275,0.396,-0.711,-0.446,-0.197,-0.121,0.134,-0.652,0.612,0.08,-0.535,0.543,-0.334,0.309,0.294,-0.055,-0.496,-0.603,0.56,0.32,-0.667,-0.632,-0.674,-0.384,0.096,0.255,0.368,-0.486,0.116,-0.304,0.256,0.206,-0.36,-0.018,-0.769,0.262,-0.684,-0.447,0.772,0.465,0.321,-0.411,0.666,-0.76,-0.124,0.426,-0.541,0.19,0.579,0.45,-0.238,-0.267,-0.501,-0.479,0.15,0.62,-0.475,-0.633,-0.154,-0.387,-0.128,-0.136,-0.069,-0.557,-0.037,-0.408,0.369,0.806,-0.251,0.272,0.4,-0.474,-0.737,-0.653,-0.369,-0.135,0.267,0.115,-0.459,0.417,0.178,-0.147,0.276,0.15,0.046,-0.322,-0.316,-0.276,-0.397,-0.461,0.578,-0.561,0.558,-0.551,0.49,-0.831,-0.712,-0.005,0.375,0.629
CDW,-0.343,-0.472,0.628,-0.142,-0.639,-0.384,0.767,-0.545,0.395,-0.219,0.663,0.851,-0.647,0.673,0.564,-0.607,0.318,-0.46,-0.303,0.586,0.078,0.504,0.335,-0.72,-0.397,-0.183,-0.241,0.229,-0.525,0.0,0.252,-0.36,0.545,0.033,0.516,-0.177,0.612,0.023,0.485,-0.23,0.37,-0.503,0.775,-0.725,-0.64,-0.241,-0.269,0.674,0.063,0.207,-0.275,0.751,0.312,0.176,0.533,0.567,0.456,0.496,0.137,0.243,-0.253,0.481,0.751,0.743,-0.439,0.898,-0.533,0.356,0.497,-0.181,-0.079,0.292,-0.43,0.663,0.794,0.481,-0.294,0.401,0.066,0.597,0.409,-0.667,0.764,-0.306,0.441,-0.4,0.338,0.447,0.19,-0.741,0.019,0.593,0.364,-0.288,0.647,-0.355,-0.189,-0.478,-0.737,0.48,0.64,-0.235,0.879,0.725,0.548,0.499,-0.249,0.437,-0.356,-0.17,0.575,-0.16,0.752,-0.102,0.069,0.106,0.856,0.816,-0.507,0.237,0.618,0.474,0.631,0.548,0.235,0.173,-0.141,0.766,-0.359,0.643,-0.43,-0.258,0.437,0.641,0.522,-0.012,0.894,0.389,-0.522,-0.141,-0.02,0.838,-0.166,0.71,0.562,-0.315,0.728,0.346,-0.553,-0.068,0.157,0.366,0.401,0.796,-0.448,-0.518,0.605,0.746,0.29,0.89,-0.026,-0.059,0.375,0.775,0.284,0.607,0.244,-0.531,0.588,-0.472,-0.553,0.588,0.799,0.756,0.834,0.24,-0.231,0.067,0.876,-0.509,-0.109,0.595,-0.149,-0.066,0.248,0.448,0.774,0.618,0.597,0.293,-0.326,0.722,-0.121,0.825,-0.006,0.806,0.839,0.181,-0.35,-0.768
