,ABEO,ACHC,AGNCN,AKAM,AKRO,ALRM,AMAT,AMED,AMRN,ANGI,APA,APOG,APPS,ARCB,ARCC,ARVN,ATEC,ATXS,AVAV,AXON,BANF,BATRK,BIDU,BLNE,BLNK,BTAI,BYND,CAN,CCEC,CDW,CDXS,CELH,CGNX,CHKP,CHRS,CHRW,CIGI,CKPT,CMPR,COGT,CRNC,CRSP,CSTL,CTSH,CVGW,DGLY,DNLI,DOCU,DVAX,EBAY,EHTH,ERII,ESLT,EXPE,EXPO,FBIOP,FFBC,FFIN,FOXF,FWRD,GDS,GERN,GPRE,GRWG,GRYP,HEES,HELE,HIVE,HON,HRTX,HSTM,HURA,IART,IBKR,IBOC,IBRX,IDXX,INGN,INM,INVA,IQ,IRBT,KDP,KPTI,KTOS,KXIN,LAMR,LFUS,LGIH,LGMK,LKFN,LNW,LOPE,LPSN,LYFT,MGNX,MLCO,MNST,MODV,MSTR,MTCH,MYGN,MYRG,NCMI,NEXT,NFLX,NIU,NKTR,NRC,NTNX,NTRA,NVEE,NVMI,NWL,NWS,NXPI,OCGN,OCSL,OKTA,OLLI,OTLK,OXLC,PAA,PARA,PARAA,PDCO,PDFS,PFG,PGEN,PNFP,PODD,POWI,PSMT,PTC,PTEN,PVLA,RDNT,RDUS,RDWR,REGN,RNAC,ROCK,ROST,RRR,RSLS,RVMD,RYAAY,SAFT,SAGE,SAVA,SBGI,SFM,SFNC,SHYF,SIBN,SIFY,SIGI,SIMO,SITM,SLM,SNBR,SNDX,SNY,SPNS,SRRK,STRA,SUPN,SYRE,TCBK,TEAM,TECH,THRM,TLRY,TRMK,TROW,TSLA,TWST,TXN,UFPI,UNIT,UPWK,USLM,UTHR,VERB,VLY,VRNA,VRRM,VXRT,WAFD,WATT,WBA,WING,WIX,WTFC,WTW,XPEL,XRX,YMAB,ZG,ZLAB
ABEO,0.0,0.132,0.628,-0.257,0.84,0.654,0.852,-0.466,-0.734,-0.388,0.142,0.685,-0.787,-0.005,0.645,-0.494,-0.865,0.36,0.851,0.795,0.293,-0.795,-0.622,-0.068,-0.01,-0.165,0.343,-0.726,-0.585,0.734,0.553,0.878,0.724,-0.237,-0.79,-0.113,-0.606,0.78,0.363,-0.541,-0.742,-0.076,-0.567,0.14,0.737,0.756,0.692,0.624,0.528,0.873,-0.675,-0.099,0.358,-0.347,0.815,0.534,0.415,0.57,-0.667,-0.879,0.066,0.237,-0.85,-0.112,-0.522,0.83,-0.009,-0.682,0.731,-0.562,-0.527,-0.514,-0.775,0.797,0.676,0.483,0.053,-0.571,0.057,-0.695,0.489,-0.9,-0.846,0.439,-0.571,-0.721,0.86,-0.524,-0.653,0.553,0.576,0.833,0.537,-0.811,0.506,0.724,-0.819,0.689,-0.643,0.797,-0.755,-0.11,0.501,0.13,0.004,0.714,-0.386,0.813,0.5,0.819,0.845,-0.794,0.808,0.149,-0.266,0.837,0.362,-0.695,0.781,-0.519,-0.564,0.486,0.824,-0.805,-0.668,-0.602,0.192,0.358,0.854,0.292,-0.603,0.078,0.679,0.621,0.578,0.764,0.876,-0.784,0.219,0.453,-0.606,-0.583,0.36,0.087,-0.008,0.585,0.169,-0.777,-0.707,-0.745,-0.836,0.836,0.855,-0.573,-0.756,0.186,0.482,0.854,-0.72,0.728,0.768,0.639,0.499,0.408,0.522,0.712,0.789,0.879,0.378,-0.411,0.776,0.478,-0.84,0.291,0.895,-0.554,-0.36,0.895,0.007,0.901,-0.59,0.723,0.809,0.061,-0.56,-0.159,0.06,-0.383,0.14,-0.258,-0.633,0.85,0.687,0.718,-0.372,-0.722,-0.535,0.593,0.205,0.032
ACHC,0.132,0.0,-0.198,-0.355,0.107,0.216,0.312,0.051,0.356,0.166,-0.401,0.213,-0.154,0.471,-0.486,-0.001,0.075,-0.269,-0.17,-0.04,-0.234,-0.021,0.224,-0.062,-0.149,0.194,0.222,0.116,-0.283,0.116,0.26,-0.112,0.027,-0.476,-0.035,-0.462,-0.15,0.206,0.456,0.187,-0.357,0.649,0.322,0.608,-0.011,-0.382,0.05,-0.438,0.082,-0.12,0.218,0.081,0.636,-0.145,0.169,-0.4,-0.166,-0.216,-0.291,0.179,-0.281,0.029,-0.036,-0.249,0.199,-0.004,0.555,0.38,0.097,0.169,0.02,0.103,0.166,0.308,-0.307,-0.319,0.643,0.075,0.564,0.199,-0.427,-0.026,-0.188,-0.373,-0.14,-0.049,-0.02,0.124,-0.301,-0.55,-0.32,0.114,0.225,0.199,-0.049,0.397,-0.044,-0.27,-0.323,-0.294,0.33,0.217,0.566,0.816,-0.099,0.125,-0.42,-0.073,0.309,-0.042,-0.066,-0.0,0.273,-0.395,0.058,0.063,0.07,-0.144,-0.16,0.486,0.421,-0.328,0.145,-0.494,-0.471,0.104,-0.181,0.191,0.208,0.126,-0.436,-0.48,0.336,-0.104,0.086,-0.019,-0.076,0.16,-0.741,0.447,0.389,-0.245,0.53,-0.059,-0.438,-0.417,0.044,0.209,-0.066,0.245,0.045,0.19,0.072,-0.286,-0.082,0.06,-0.124,-0.004,-0.318,-0.16,0.203,0.239,0.179,0.19,0.036,-0.06,-0.098,-0.215,-0.307,-0.668,-0.001,0.373,-0.053,-0.162,-0.046,0.402,0.404,-0.04,-0.203,0.055,-0.132,-0.445,-0.25,0.238,-0.126,0.59,-0.558,0.352,-0.348,0.084,-0.303,0.344,0.222,0.365,0.108,-0.017,0.496,0.296,-0.418,0.469
AGNCN,0.628,-0.198,0.0,-0.113,0.706,0.597,0.516,-0.365,-0.672,-0.279,0.072,0.586,-0.592,-0.152,0.681,-0.553,-0.726,0.353,0.641,0.7,0.2,-0.585,-0.511,-0.022,0.061,-0.165,0.344,-0.682,-0.5,0.628,0.481,0.729,0.574,-0.006,-0.645,0.274,-0.586,0.588,0.324,-0.547,-0.394,-0.185,-0.659,0.066,0.46,0.729,0.641,0.733,0.461,0.763,-0.644,-0.152,0.158,-0.002,0.615,0.62,0.29,0.366,-0.552,-0.728,0.237,0.169,-0.687,-0.142,-0.378,0.669,-0.037,-0.675,0.51,-0.545,-0.477,-0.48,-0.727,0.569,0.604,0.436,-0.01,-0.601,0.003,-0.651,0.614,-0.689,-0.615,0.446,-0.48,-0.615,0.662,-0.567,-0.397,0.586,0.444,0.703,0.576,-0.744,0.354,0.398,-0.674,0.745,-0.53,0.769,-0.694,-0.27,0.335,-0.182,-0.254,0.631,-0.11,0.693,0.496,0.683,0.746,-0.665,0.533,0.188,-0.063,0.707,0.111,-0.553,0.709,-0.484,-0.603,0.449,0.557,-0.449,-0.295,-0.509,0.139,0.354,0.602,0.054,-0.459,0.213,0.576,0.67,0.357,0.617,0.686,-0.715,0.506,0.364,-0.669,-0.468,0.291,0.111,0.078,0.608,0.006,-0.708,-0.46,-0.588,-0.647,0.687,0.595,-0.41,-0.664,0.05,0.544,0.717,-0.508,0.676,0.617,0.481,0.373,0.307,0.394,0.664,0.711,0.762,0.291,0.061,0.642,0.347,-0.713,0.194,0.761,-0.485,-0.408,0.745,0.123,0.704,-0.388,0.691,0.754,-0.123,-0.45,-0.297,0.205,-0.376,0.097,-0.368,-0.42,0.563,0.568,0.383,-0.335,-0.641,-0.445,0.339,0.406,0.003
AKAM,-0.257,-0.355,-0.113,0.0,-0.263,-0.476,-0.489,-0.032,-0.077,-0.622,-0.26,-0.387,0.44,0.097,0.069,0.115,0.211,0.312,-0.013,-0.147,-0.238,0.214,-0.24,0.021,-0.199,-0.641,-0.336,-0.052,0.165,-0.535,-0.241,-0.144,-0.574,0.373,0.161,0.176,0.097,-0.147,-0.314,-0.403,0.425,-0.646,-0.137,-0.669,-0.21,-0.005,-0.116,-0.053,-0.274,-0.249,0.148,0.085,-0.365,-0.383,-0.303,-0.127,-0.14,-0.192,0.373,0.115,-0.555,0.431,0.362,0.252,0.401,-0.137,-0.667,-0.197,-0.482,-0.252,0.028,0.469,-0.031,-0.552,0.118,-0.117,-0.292,-0.09,-0.396,0.048,-0.35,0.338,0.259,0.098,-0.025,0.584,-0.276,-0.083,0.494,0.046,0.154,-0.34,-0.078,0.083,-0.534,-0.049,0.304,0.051,0.366,-0.087,-0.092,-0.283,-0.41,-0.381,-0.19,-0.464,-0.244,-0.001,-0.548,-0.192,-0.139,0.116,-0.272,-0.13,-0.458,-0.232,-0.722,-0.131,-0.047,-0.3,-0.164,0.61,-0.554,0.528,0.41,0.037,-0.245,-0.126,-0.303,-0.424,0.233,0.434,-0.541,-0.211,-0.744,-0.239,-0.038,0.084,0.247,-0.541,-0.118,0.468,-0.363,-0.209,0.193,-0.104,-0.312,-0.131,0.364,0.238,0.059,-0.339,-0.441,-0.015,0.266,-0.286,-0.022,-0.213,0.721,-0.155,-0.387,-0.544,-0.668,-0.753,-0.327,0.025,-0.295,-0.041,0.244,0.256,-0.406,-0.627,0.122,-0.154,-0.326,-0.336,-0.266,-0.318,0.485,-0.325,0.587,0.05,-0.233,-0.642,0.059,-0.006,0.286,-0.378,-0.118,-0.475,0.06,-0.426,-0.49,-0.619,-0.39,-0.079,-0.184,-0.478,0.223,-0.612
AKRO,0.84,0.107,0.706,-0.263,0.0,0.814,0.825,-0.457,-0.704,-0.281,-0.047,0.806,-0.804,0.046,0.644,-0.65,-0.92,0.394,0.706,0.909,0.109,-0.836,-0.659,-0.097,0.015,-0.15,0.608,-0.807,-0.758,0.806,0.747,0.881,0.724,-0.241,-0.817,0.065,-0.771,0.828,0.591,-0.561,-0.729,0.063,-0.697,0.306,0.633,0.75,0.81,0.704,0.635,0.91,-0.783,-0.075,0.538,-0.126,0.871,0.572,0.251,0.366,-0.758,-0.868,0.1,0.271,-0.912,-0.208,-0.415,0.843,0.226,-0.673,0.708,-0.528,-0.554,-0.553,-0.881,0.869,0.554,0.526,0.295,-0.765,0.2,-0.709,0.568,-0.882,-0.885,0.399,-0.668,-0.802,0.842,-0.608,-0.681,0.582,0.399,0.935,0.683,-0.864,0.412,0.667,-0.909,0.814,-0.735,0.849,-0.732,-0.32,0.657,0.067,-0.32,0.843,-0.397,0.836,0.661,0.89,0.924,-0.841,0.812,0.15,-0.089,0.926,0.337,-0.755,0.853,-0.405,-0.578,0.442,0.85,-0.813,-0.612,-0.749,0.149,0.319,0.897,0.054,-0.703,0.018,0.833,0.784,0.55,0.777,0.811,-0.888,0.194,0.588,-0.602,-0.661,0.585,0.213,0.005,0.546,0.044,-0.849,-0.678,-0.662,-0.787,0.919,0.802,-0.621,-0.9,0.122,0.507,0.922,-0.771,0.797,0.838,0.694,0.522,0.487,0.542,0.811,0.804,0.832,0.235,-0.252,0.883,0.627,-0.844,0.203,0.921,-0.41,-0.33,0.906,0.057,0.925,-0.541,0.634,0.836,-0.024,-0.646,-0.066,0.023,-0.207,-0.052,-0.36,-0.713,0.885,0.848,0.609,-0.472,-0.753,-0.376,0.67,0.376,0.141
ALRM,0.654,0.216,0.597,-0.476,0.814,0.0,0.802,-0.332,-0.388,-0.042,-0.182,0.936,-0.791,0.116,0.478,-0.505,-0.762,0.379,0.428,0.758,0.128,-0.63,-0.333,0.138,0.222,0.151,0.744,-0.569,-0.773,0.86,0.812,0.686,0.631,-0.057,-0.606,0.24,-0.76,0.703,0.753,-0.38,-0.599,0.433,-0.516,0.593,0.56,0.539,0.788,0.659,0.82,0.749,-0.59,-0.012,0.731,0.165,0.853,0.589,0.135,0.163,-0.861,-0.608,0.33,0.146,-0.811,-0.264,-0.333,0.66,0.526,-0.342,0.601,-0.284,-0.262,-0.471,-0.675,0.868,0.321,0.3,0.534,-0.611,0.405,-0.481,0.598,-0.743,-0.855,0.361,-0.573,-0.764,0.647,-0.497,-0.62,0.338,0.112,0.922,0.75,-0.638,0.426,0.412,-0.733,0.667,-0.855,0.678,-0.403,-0.239,0.771,0.245,-0.397,0.889,-0.167,0.546,0.898,0.788,0.773,-0.771,0.697,-0.001,0.326,0.852,0.384,-0.484,0.703,-0.112,-0.289,0.081,0.721,-0.766,-0.413,-0.528,0.016,0.378,0.819,0.068,-0.811,-0.182,0.959,0.825,0.614,0.598,0.497,-0.702,0.089,0.837,-0.343,-0.564,0.721,0.14,-0.022,0.565,0.075,-0.58,-0.51,-0.468,-0.586,0.922,0.726,-0.532,-0.859,0.374,0.571,0.823,-0.855,0.643,0.943,0.899,0.64,0.69,0.697,0.66,0.795,0.606,-0.117,-0.128,0.84,0.633,-0.616,0.155,0.758,-0.01,0.079,0.732,0.018,0.719,-0.469,0.438,0.717,0.152,-0.498,0.122,-0.15,-0.142,-0.125,-0.095,-0.59,0.855,0.839,0.604,-0.221,-0.518,-0.153,0.655,0.318,0.567
AMAT,0.852,0.312,0.516,-0.489,0.825,0.802,0.0,-0.344,-0.568,-0.045,0.053,0.773,-0.818,0.213,0.448,-0.388,-0.792,0.227,0.624,0.767,0.28,-0.683,-0.432,-0.03,0.139,0.13,0.508,-0.553,-0.596,0.867,0.68,0.786,0.755,-0.271,-0.669,-0.111,-0.534,0.75,0.613,-0.281,-0.71,0.289,-0.507,0.493,0.685,0.596,0.634,0.531,0.564,0.766,-0.553,0.021,0.594,-0.057,0.859,0.494,0.334,0.426,-0.707,-0.749,0.162,0.118,-0.82,-0.133,-0.552,0.809,0.349,-0.431,0.747,-0.337,-0.351,-0.518,-0.672,0.932,0.467,0.438,0.405,-0.483,0.231,-0.487,0.464,-0.831,-0.861,0.264,-0.508,-0.747,0.788,-0.321,-0.584,0.41,0.382,0.866,0.63,-0.722,0.595,0.698,-0.792,0.614,-0.686,0.659,-0.509,-0.086,0.674,0.326,-0.084,0.872,-0.263,0.687,0.68,0.857,0.789,-0.675,0.897,0.13,0.098,0.86,0.438,-0.564,0.742,-0.288,-0.313,0.243,0.841,-0.866,-0.66,-0.511,0.25,0.295,0.841,0.287,-0.654,-0.015,0.839,0.723,0.725,0.679,0.726,-0.682,0.016,0.617,-0.387,-0.593,0.553,0.314,-0.1,0.412,0.178,-0.589,-0.614,-0.571,-0.653,0.846,0.802,-0.439,-0.751,0.343,0.534,0.874,-0.822,0.703,0.793,0.714,0.542,0.569,0.508,0.694,0.738,0.706,0.151,-0.358,0.823,0.61,-0.711,0.29,0.83,-0.204,-0.078,0.844,0.056,0.839,-0.543,0.498,0.682,0.146,-0.483,0.012,-0.071,-0.184,0.066,-0.109,-0.644,0.942,0.774,0.762,-0.19,-0.552,-0.245,0.781,0.207,0.325
AMED,-0.466,0.051,-0.365,-0.032,-0.457,-0.332,-0.344,0.0,0.411,0.234,-0.189,-0.386,0.15,-0.166,-0.446,0.153,0.533,-0.551,-0.473,-0.531,-0.216,0.255,0.602,0.014,-0.337,-0.014,-0.332,0.387,0.506,-0.136,-0.483,-0.551,-0.175,-0.066,0.377,0.027,0.274,-0.626,-0.302,0.346,0.107,0.149,0.392,0.211,-0.551,-0.447,-0.566,-0.375,-0.211,-0.526,0.552,-0.372,-0.198,0.281,-0.508,-0.322,-0.325,-0.257,0.157,0.479,0.094,-0.34,0.423,-0.301,0.19,-0.518,0.16,0.296,-0.141,0.076,0.133,0.066,0.568,-0.332,-0.438,-0.36,0.114,0.508,0.115,0.311,-0.36,0.51,0.385,-0.393,0.077,0.325,-0.315,0.364,0.195,-0.384,-0.362,-0.473,-0.46,0.511,-0.303,-0.372,0.458,-0.547,0.198,-0.539,0.42,0.138,-0.188,-0.101,0.175,-0.428,-0.004,-0.57,-0.261,-0.464,-0.553,0.393,-0.47,-0.334,0.219,-0.437,-0.157,0.559,-0.578,0.493,0.325,-0.316,-0.304,0.299,0.054,0.588,-0.082,-0.191,-0.477,-0.058,0.465,-0.149,-0.339,-0.359,-0.235,-0.412,-0.458,0.52,-0.152,-0.045,0.254,0.015,-0.158,-0.02,-0.216,-0.32,0.233,0.52,0.18,0.229,0.276,-0.415,-0.41,0.506,0.598,-0.209,-0.484,-0.445,0.276,-0.603,-0.361,-0.33,0.032,-0.076,-0.35,-0.554,-0.426,-0.542,-0.333,0.071,-0.442,-0.064,0.341,-0.24,-0.434,0.273,-0.003,-0.414,-0.308,-0.43,0.146,-0.438,-0.407,0.069,0.401,-0.146,-0.079,0.378,-0.125,0.063,0.341,-0.343,-0.324,-0.322,0.438,0.314,0.282,-0.248,-0.384,-0.087
AMRN,-0.734,0.356,-0.672,-0.077,-0.704,-0.388,-0.568,0.411,0.0,0.421,-0.237,-0.393,0.596,0.117,-0.808,0.478,0.814,-0.35,-0.832,-0.783,-0.258,0.684,0.788,0.19,-0.007,0.353,-0.164,0.772,0.371,-0.552,-0.372,-0.882,-0.636,0.091,0.759,-0.001,0.427,-0.639,-0.149,0.552,0.452,0.506,0.832,0.201,-0.576,-0.881,-0.509,-0.723,-0.255,-0.807,0.691,0.058,0.011,0.233,-0.619,-0.609,-0.418,-0.582,0.373,0.928,-0.003,-0.217,0.724,-0.033,0.57,-0.821,0.339,0.896,-0.587,0.657,0.495,0.464,0.835,-0.538,-0.757,-0.692,0.245,0.603,0.302,0.65,-0.525,0.764,0.622,-0.447,0.441,0.58,-0.81,0.5,0.34,-0.833,-0.723,-0.644,-0.373,0.923,-0.409,-0.586,0.778,-0.833,0.311,-0.847,0.903,0.337,-0.106,0.317,0.062,-0.557,0.235,-0.798,-0.148,-0.808,-0.832,0.653,-0.662,-0.429,0.34,-0.722,-0.145,0.644,-0.849,0.752,0.76,-0.72,-0.645,0.454,0.44,0.63,-0.392,-0.145,-0.61,-0.084,0.252,-0.432,-0.393,-0.593,-0.371,-0.692,-0.893,0.828,-0.553,0.008,0.78,0.408,-0.043,-0.326,-0.138,-0.556,-0.018,0.839,0.566,0.736,0.753,-0.596,-0.621,0.372,0.591,0.054,-0.477,-0.775,0.383,-0.81,-0.47,-0.253,-0.195,-0.143,-0.179,-0.788,-0.666,-0.904,-0.549,0.021,-0.645,-0.222,0.787,-0.301,-0.817,0.778,0.649,-0.837,-0.201,-0.807,0.37,-0.839,-0.775,0.26,0.539,0.459,-0.3,0.493,-0.217,0.427,0.542,-0.583,-0.482,-0.326,0.514,0.687,0.659,-0.44,-0.497,0.386
ANGI,-0.388,0.166,-0.279,-0.622,-0.281,-0.042,-0.045,0.234,0.421,0.0,0.292,-0.18,0.198,0.02,-0.452,0.384,0.323,-0.471,-0.501,-0.324,0.108,0.374,0.488,-0.11,0.359,0.808,0.069,0.547,0.277,-0.035,-0.065,-0.358,0.053,-0.211,0.394,-0.19,0.449,-0.269,0.118,0.77,0.208,0.558,0.349,0.414,-0.201,-0.395,-0.349,-0.351,-0.267,-0.337,0.291,0.239,0.065,0.569,-0.208,-0.192,-0.029,-0.126,0.258,0.369,0.355,-0.495,0.242,0.086,-0.135,-0.287,0.507,0.61,-0.073,0.646,0.375,-0.06,0.452,-0.006,-0.479,-0.062,0.189,0.451,0.172,0.484,0.007,0.283,0.327,-0.442,0.51,0.028,-0.302,0.514,0.132,-0.241,-0.368,-0.227,-0.125,0.343,0.271,-0.316,0.177,-0.398,0.245,-0.403,0.54,0.319,-0.016,0.244,0.178,0.046,0.522,-0.389,0.111,-0.259,-0.358,0.518,-0.127,0.224,0.518,-0.301,0.414,0.479,-0.342,0.466,0.529,-0.695,-0.04,0.066,0.07,0.306,0.302,-0.201,-0.257,0.187,0.251,-0.256,-0.009,-0.171,0.33,-0.24,-0.434,0.411,-0.373,0.019,0.497,0.065,-0.012,0.366,-0.036,-0.396,0.052,0.594,0.194,0.321,0.547,-0.291,-0.178,0.462,0.256,0.163,-0.183,-0.295,-0.089,-0.196,-0.262,-0.049,0.057,0.335,-0.199,-0.343,-0.289,-0.487,-0.308,0.105,-0.132,0.166,0.474,0.047,-0.279,0.643,0.477,-0.25,-0.234,-0.252,-0.061,-0.503,-0.365,0.411,0.272,0.164,-0.153,0.5,0.127,0.645,0.364,-0.159,-0.057,0.074,0.48,0.582,0.546,0.185,-0.164,0.432
APA,0.142,-0.401,0.072,-0.26,-0.047,-0.182,0.053,-0.189,-0.237,0.292,0.0,-0.146,0.133,-0.267,0.219,0.338,-0.105,-0.004,0.262,0.015,0.629,0.102,-0.127,-0.135,0.298,0.399,-0.227,0.077,0.348,-0.023,-0.163,0.153,0.31,-0.077,0.068,-0.156,0.438,-0.022,-0.392,0.225,0.155,-0.235,0.008,-0.371,0.32,0.251,-0.071,0.126,-0.268,0.16,-0.098,0.22,-0.501,0.035,0.011,0.158,0.554,0.562,0.381,-0.207,0.339,-0.26,-0.032,0.545,-0.569,0.195,-0.267,-0.091,0.224,0.233,0.03,-0.269,0.0,-0.021,0.301,0.419,-0.6,0.247,-0.502,-0.026,0.408,-0.098,0.2,0.161,0.423,-0.117,0.141,0.262,0.125,0.401,0.458,-0.053,-0.219,-0.146,0.568,-0.066,-0.099,0.047,0.394,0.158,-0.154,0.318,-0.372,-0.206,0.622,0.047,0.614,0.18,-0.177,0.036,0.036,0.223,0.057,0.652,-0.034,-0.068,0.468,0.181,0.095,-0.448,-0.065,0.035,0.188,0.099,0.093,0.004,0.517,-0.005,-0.008,0.442,0.385,0.364,-0.17,-0.079,0.493,0.182,0.181,-0.002,0.267,-0.373,-0.115,0.135,-0.542,0.3,0.405,0.165,0.182,0.056,-0.134,-0.27,0.087,-0.168,0.219,0.375,0.1,0.14,0.14,0.001,-0.02,0.22,-0.201,-0.085,-0.005,0.086,-0.072,-0.021,0.14,0.186,0.455,0.102,0.114,-0.06,0.084,0.44,0.151,-0.188,-0.123,0.179,-0.007,0.118,-0.309,0.263,0.164,0.297,0.155,-0.454,0.394,-0.151,0.691,0.493,0.407,-0.118,-0.084,0.234,0.187,0.272,-0.311,0.045,0.035,-0.194
APOG,0.685,0.213,0.586,-0.387,0.806,0.936,0.773,-0.386,-0.393,-0.18,-0.146,0.0,-0.758,0.139,0.451,-0.537,-0.774,0.485,0.449,0.763,0.1,-0.654,-0.382,0.165,0.11,0.031,0.747,-0.656,-0.779,0.813,0.82,0.679,0.586,-0.116,-0.657,0.279,-0.793,0.699,0.713,-0.504,-0.582,0.36,-0.53,0.51,0.583,0.549,0.791,0.65,0.816,0.761,-0.57,-0.022,0.729,0.046,0.875,0.5,0.113,0.136,-0.827,-0.606,0.275,0.178,-0.812,-0.241,-0.21,0.678,0.443,-0.398,0.587,-0.351,-0.273,-0.444,-0.707,0.846,0.325,0.241,0.478,-0.663,0.43,-0.489,0.57,-0.73,-0.841,0.339,-0.636,-0.711,0.603,-0.531,-0.651,0.335,0.118,0.914,0.706,-0.646,0.309,0.445,-0.74,0.685,-0.875,0.669,-0.439,-0.335,0.747,0.248,-0.397,0.806,-0.19,0.538,0.858,0.751,0.789,-0.778,0.672,-0.081,0.276,0.856,0.367,-0.548,0.704,-0.127,-0.337,0.138,0.72,-0.747,-0.38,-0.555,-0.034,0.471,0.823,0.035,-0.845,-0.175,0.929,0.765,0.559,0.613,0.499,-0.725,0.065,0.802,-0.353,-0.569,0.709,0.098,0.042,0.561,0.002,-0.626,-0.589,-0.469,-0.572,0.92,0.73,-0.619,-0.879,0.305,0.505,0.81,-0.833,0.612,0.937,0.889,0.623,0.675,0.652,0.681,0.825,0.624,-0.125,-0.204,0.808,0.647,-0.652,0.148,0.756,-0.03,0.039,0.727,0.001,0.714,-0.507,0.422,0.732,0.185,-0.482,0.145,-0.145,-0.143,-0.16,-0.112,-0.572,0.84,0.838,0.554,-0.311,-0.52,-0.186,0.639,0.235,0.523
APPS,-0.787,-0.154,-0.592,0.44,-0.804,-0.791,-0.818,0.15,0.596,0.198,0.133,-0.758,0.0,0.115,-0.508,0.706,0.783,-0.093,-0.609,-0.72,-0.072,0.848,0.355,0.01,0.152,0.14,-0.5,0.712,0.591,-0.905,-0.534,-0.742,-0.779,0.234,0.796,-0.068,0.735,-0.576,-0.476,0.464,0.844,-0.184,0.55,-0.511,-0.479,-0.604,-0.562,-0.608,-0.649,-0.788,0.654,0.393,-0.503,0.006,-0.723,-0.555,-0.125,-0.324,0.878,0.74,-0.287,0.012,0.865,0.54,0.414,-0.648,-0.297,0.611,-0.737,0.589,0.559,0.63,0.663,-0.858,-0.418,-0.326,-0.325,0.558,-0.328,0.644,-0.481,0.856,0.875,-0.275,0.726,0.807,-0.81,0.58,0.77,-0.389,-0.25,-0.835,-0.539,0.711,-0.354,-0.543,0.778,-0.59,0.833,-0.68,0.617,0.27,-0.62,-0.052,0.207,-0.718,0.404,-0.553,-0.63,-0.764,-0.748,0.836,-0.671,0.092,-0.075,-0.814,-0.347,0.499,-0.644,0.169,0.493,-0.191,-0.846,0.826,0.709,0.505,-0.064,-0.332,-0.737,-0.141,0.617,0.208,-0.816,-0.666,-0.578,-0.651,-0.672,0.744,-0.171,-0.675,0.53,0.793,-0.586,-0.138,0.231,-0.536,-0.225,0.654,0.748,0.702,0.79,-0.881,-0.77,0.498,0.738,-0.142,-0.316,-0.799,0.846,-0.565,-0.85,-0.7,-0.753,-0.587,-0.512,-0.599,-0.747,-0.705,0.004,0.324,-0.757,-0.695,0.833,-0.11,-0.839,0.332,0.339,-0.829,0.237,-0.81,0.631,-0.56,-0.789,-0.136,0.513,0.207,0.18,0.092,0.106,0.284,0.671,-0.86,-0.802,-0.622,0.22,0.72,0.358,-0.625,-0.086,-0.214
ARCB,-0.005,0.471,-0.152,0.097,0.046,0.116,0.213,-0.166,0.117,0.02,-0.267,0.139,0.115,0.0,-0.211,0.315,-0.001,0.165,-0.052,0.091,0.078,0.244,-0.165,-0.174,0.215,0.159,0.177,0.14,-0.126,-0.027,0.295,0.004,-0.144,-0.122,0.065,-0.236,0.043,0.217,0.403,0.126,0.049,0.318,0.005,0.191,0.225,-0.147,0.077,-0.184,-0.054,-0.105,0.238,0.471,0.425,-0.165,0.226,-0.158,0.14,-0.034,0.02,0.103,-0.531,0.209,0.101,0.273,0.092,0.204,0.272,0.23,0.001,0.278,0.301,0.339,-0.047,0.138,0.001,-0.113,0.516,-0.044,0.198,0.311,-0.35,0.067,-0.076,-0.126,0.116,0.133,-0.053,0.348,0.237,-0.237,0.046,0.076,0.306,0.017,0.06,0.417,0.012,0.05,-0.01,-0.174,0.215,0.022,0.261,0.64,-0.145,0.165,-0.202,0.108,0.127,0.128,0.063,0.104,0.35,0.049,0.109,0.122,-0.15,-0.208,0.123,0.065,0.333,0.098,-0.066,-0.148,-0.029,-0.078,0.111,0.085,0.125,0.13,-0.268,0.183,0.194,0.081,0.016,0.019,-0.034,0.033,-0.506,0.067,0.272,0.218,0.24,0.375,-0.079,-0.334,-0.126,0.029,0.241,0.328,0.195,0.046,0.008,-0.083,-0.042,0.054,0.292,0.097,0.028,0.141,0.037,-0.0,-0.286,-0.09,-0.062,0.19,-0.137,-0.083,0.046,-0.248,0.075,-0.037,0.06,0.226,-0.087,0.273,0.474,-0.053,0.462,-0.03,0.26,-0.223,-0.25,-0.103,0.064,0.484,-0.143,-0.127,-0.003,0.04,-0.234,0.231,0.07,0.147,0.024,0.075,0.291,0.223,0.099,0.134
ARCC,0.645,-0.486,0.681,0.069,0.644,0.478,0.448,-0.446,-0.808,-0.452,0.219,0.451,-0.508,-0.211,0.0,-0.451,-0.73,0.521,0.804,0.713,0.359,-0.59,-0.654,0.032,0.231,-0.268,0.163,-0.652,-0.392,0.538,0.339,0.815,0.536,0.243,-0.574,0.315,-0.43,0.536,0.046,-0.543,-0.313,-0.442,-0.71,-0.283,0.586,0.896,0.686,0.88,0.457,0.8,-0.725,-0.093,-0.096,-0.096,0.572,0.822,0.427,0.56,-0.387,-0.817,0.231,0.247,-0.674,0.064,-0.554,0.685,-0.26,-0.76,0.506,-0.556,-0.493,-0.506,-0.767,0.423,0.775,0.635,-0.258,-0.547,-0.333,-0.7,0.744,-0.72,-0.607,0.784,-0.324,-0.615,0.742,-0.52,-0.246,0.779,0.658,0.651,0.369,-0.783,0.501,0.301,-0.616,0.809,-0.327,0.915,-0.846,-0.168,0.122,-0.373,-0.025,0.568,-0.041,0.772,0.311,0.736,0.761,-0.704,0.463,0.465,-0.17,0.693,0.135,-0.462,0.771,-0.779,-0.783,0.64,0.519,-0.272,-0.124,-0.56,0.248,0.13,0.605,0.123,-0.248,0.45,0.405,0.709,0.359,0.567,0.755,-0.766,0.75,0.135,-0.802,-0.252,-0.001,0.099,0.195,0.858,0.171,-0.784,-0.376,-0.739,-0.75,0.583,0.615,-0.301,-0.609,0.109,0.619,0.725,-0.342,0.747,0.542,0.426,0.258,0.135,0.55,0.64,0.744,0.876,0.501,0.271,0.695,0.102,-0.637,0.314,0.762,-0.735,-0.46,0.739,0.278,0.676,-0.257,0.938,0.842,-0.226,-0.396,-0.474,0.389,-0.625,0.288,-0.356,-0.407,0.467,0.478,0.312,-0.339,-0.661,-0.799,0.245,0.657,-0.213
ARVN,-0.494,-0.001,-0.553,0.115,-0.65,-0.505,-0.388,0.153,0.478,0.384,0.338,-0.537,0.706,0.315,-0.451,0.0,0.585,-0.085,-0.427,-0.555,0.335,0.825,0.314,0.034,0.437,0.486,-0.433,0.779,0.566,-0.575,-0.384,-0.526,-0.48,0.193,0.764,-0.241,0.794,-0.359,-0.279,0.591,0.64,0.082,0.513,-0.24,-0.132,-0.478,-0.486,-0.503,-0.485,-0.623,0.699,0.567,-0.31,0.041,-0.429,-0.34,0.207,-0.01,0.714,0.563,-0.193,-0.038,0.694,0.717,-0.012,-0.345,-0.108,0.653,-0.437,0.739,0.683,0.511,0.589,-0.532,-0.221,-0.226,-0.141,0.676,-0.36,0.712,-0.378,0.624,0.622,-0.197,0.777,0.617,-0.561,0.756,0.722,-0.271,0.002,-0.592,-0.286,0.56,0.094,-0.319,0.596,-0.502,0.685,-0.584,0.629,0.487,-0.441,0.213,0.426,-0.378,0.48,-0.358,-0.383,-0.457,-0.583,0.748,-0.281,0.269,0.144,-0.598,-0.092,0.508,-0.436,0.081,0.654,-0.181,-0.599,0.501,0.46,0.521,0.169,-0.249,-0.464,0.219,0.481,0.298,-0.55,-0.456,-0.097,-0.455,-0.477,0.681,-0.256,-0.471,0.588,0.78,-0.531,0.122,0.163,-0.424,-0.021,0.644,0.66,0.538,0.679,-0.66,-0.458,0.613,0.644,0.18,0.005,-0.54,0.57,-0.341,-0.616,-0.415,-0.573,-0.323,-0.361,-0.446,-0.537,-0.536,0.146,0.158,-0.479,-0.603,0.742,0.207,-0.626,0.406,0.568,-0.593,0.33,-0.602,0.482,-0.429,-0.645,0.049,0.531,0.211,0.232,-0.098,0.398,0.565,0.581,-0.5,-0.657,-0.186,0.408,0.775,0.334,-0.266,-0.078,-0.041
ATEC,-0.865,0.075,-0.726,0.211,-0.92,-0.762,-0.792,0.533,0.814,0.323,-0.105,-0.774,0.783,-0.001,-0.73,0.585,0.0,-0.486,-0.804,-0.939,-0.237,0.831,0.783,0.112,-0.065,0.128,-0.608,0.828,0.689,-0.765,-0.718,-0.944,-0.73,0.171,0.868,-0.083,0.724,-0.82,-0.487,0.61,0.663,0.074,0.788,-0.135,-0.74,-0.84,-0.777,-0.752,-0.568,-0.967,0.807,-0.001,-0.422,0.195,-0.873,-0.618,-0.359,-0.471,0.685,0.926,-0.112,-0.246,0.922,0.082,0.489,-0.881,-0.051,0.765,-0.709,0.511,0.483,0.493,0.945,-0.817,-0.644,-0.629,-0.102,0.801,-0.05,0.689,-0.642,0.894,0.847,-0.442,0.605,0.779,-0.851,0.626,0.641,-0.699,-0.517,-0.924,-0.639,0.948,-0.451,-0.655,0.94,-0.882,0.664,-0.899,0.824,0.368,-0.499,0.036,0.259,-0.796,0.263,-0.818,-0.564,-0.913,-0.966,0.846,-0.81,-0.269,0.101,-0.898,-0.381,0.74,-0.924,0.559,0.627,-0.497,-0.844,0.759,0.534,0.818,-0.206,-0.349,-0.874,-0.102,0.662,-0.098,-0.768,-0.744,-0.592,-0.846,-0.836,0.964,-0.298,-0.446,0.656,0.575,-0.427,-0.226,-0.174,-0.604,0.003,0.891,0.717,0.723,0.763,-0.89,-0.841,0.61,0.893,-0.144,-0.581,-0.916,0.745,-0.885,-0.811,-0.662,-0.469,-0.475,-0.518,-0.87,-0.826,-0.913,-0.284,0.242,-0.878,-0.513,0.851,-0.314,-0.942,0.495,0.376,-0.922,-0.078,-0.925,0.58,-0.744,-0.88,0.019,0.65,0.192,-0.053,0.354,-0.068,0.287,0.647,-0.849,-0.775,-0.566,0.497,0.737,0.518,-0.656,-0.386,-0.029
ATXS,0.36,-0.269,0.353,0.312,0.394,0.379,0.227,-0.551,-0.35,-0.471,-0.004,0.485,-0.093,0.165,0.521,-0.085,-0.486,0.0,0.382,0.547,0.179,-0.213,-0.572,0.209,0.363,-0.186,0.345,-0.391,-0.452,0.164,0.512,0.461,0.002,0.307,-0.278,0.403,-0.385,0.519,0.276,-0.498,0.072,-0.21,-0.473,-0.297,0.498,0.505,0.62,0.546,0.37,0.463,-0.323,0.403,0.212,-0.221,0.506,0.354,0.188,0.071,-0.175,-0.405,-0.087,0.475,-0.343,0.349,-0.071,0.446,-0.218,-0.328,0.046,-0.21,0.023,0.088,-0.606,0.236,0.405,0.231,-0.044,-0.573,-0.103,-0.246,0.413,-0.334,-0.368,0.464,-0.169,-0.206,0.205,-0.381,-0.007,0.444,0.3,0.471,0.44,-0.464,0.125,0.229,-0.355,0.646,-0.259,0.555,-0.414,-0.313,0.162,-0.022,-0.269,0.395,0.065,0.491,0.308,0.47,0.559,-0.432,0.355,0.168,-0.079,0.48,-0.031,-0.499,0.599,-0.489,-0.385,0.511,0.117,-0.093,0.23,-0.513,-0.013,0.121,0.444,-0.167,-0.466,0.329,0.294,0.536,0.04,0.305,0.363,-0.509,0.323,0.164,-0.281,0.167,0.158,-0.037,0.352,0.483,-0.32,-0.574,-0.054,-0.175,-0.25,0.416,0.318,-0.445,-0.526,0.146,0.572,0.497,-0.107,0.532,0.398,0.377,-0.15,0.057,0.381,0.563,0.522,0.497,0.208,0.177,0.391,-0.115,-0.296,0.208,0.339,-0.201,0.046,0.324,0.462,0.31,0.066,0.432,0.435,-0.199,-0.306,0.207,0.323,-0.593,0.047,-0.14,-0.282,0.31,0.251,0.053,-0.508,-0.302,-0.339,0.192,0.598,0.065
AVAV,0.851,-0.17,0.641,-0.013,0.706,0.428,0.624,-0.473,-0.832,-0.501,0.262,0.449,-0.609,-0.052,0.804,-0.427,-0.804,0.382,0.0,0.745,0.466,-0.688,-0.771,-0.172,0.06,-0.274,0.128,-0.678,-0.383,0.557,0.303,0.864,0.644,-0.075,-0.738,-0.05,-0.435,0.629,0.028,-0.516,-0.593,-0.355,-0.586,-0.224,0.732,0.821,0.603,0.64,0.359,0.845,-0.698,-0.095,0.003,-0.43,0.63,0.634,0.618,0.772,-0.42,-0.865,-0.045,0.229,-0.684,0.037,-0.601,0.804,-0.249,-0.787,0.679,-0.554,-0.613,-0.477,-0.76,0.529,0.883,0.656,-0.22,-0.529,-0.273,-0.69,0.494,-0.807,-0.644,0.63,-0.371,-0.634,0.873,-0.462,-0.388,0.643,0.8,0.662,0.404,-0.82,0.542,0.651,-0.692,0.717,-0.344,0.813,-0.891,-0.015,0.197,-0.119,0.149,0.514,-0.296,0.832,0.282,0.752,0.782,-0.69,0.648,0.395,-0.373,0.696,0.178,-0.62,0.777,-0.797,-0.679,0.673,0.673,-0.523,-0.479,-0.627,0.266,0.247,0.698,0.407,-0.339,0.404,0.449,0.523,0.437,0.717,0.893,-0.791,0.421,0.123,-0.747,-0.406,0.033,0.137,0.058,0.651,0.261,-0.804,-0.523,-0.807,-0.798,0.625,0.812,-0.378,-0.601,-0.026,0.529,0.737,-0.44,0.75,0.559,0.403,0.311,0.105,0.472,0.673,0.693,0.92,0.61,-0.239,0.713,0.236,-0.801,0.495,0.829,-0.821,-0.468,0.811,0.161,0.8,-0.422,0.892,0.787,-0.139,-0.402,-0.457,0.157,-0.544,0.39,-0.355,-0.527,0.621,0.514,0.597,-0.291,-0.755,-0.811,0.366,0.375,-0.313
AXON,0.795,-0.04,0.7,-0.147,0.909,0.758,0.767,-0.531,-0.783,-0.324,0.015,0.763,-0.72,0.091,0.713,-0.555,-0.939,0.547,0.745,0.0,0.184,-0.742,-0.802,-0.122,0.13,-0.132,0.633,-0.772,-0.707,0.717,0.767,0.917,0.625,-0.087,-0.81,0.07,-0.679,0.861,0.564,-0.56,-0.572,-0.054,-0.765,0.143,0.7,0.786,0.806,0.732,0.522,0.929,-0.776,0.086,0.451,-0.14,0.86,0.59,0.326,0.375,-0.639,-0.901,0.017,0.322,-0.866,-0.041,-0.467,0.881,0.079,-0.707,0.598,-0.501,-0.426,-0.418,-0.953,0.82,0.632,0.592,0.175,-0.841,0.008,-0.644,0.588,-0.851,-0.815,0.414,-0.572,-0.733,0.793,-0.603,-0.523,0.673,0.504,0.917,0.719,-0.927,0.438,0.686,-0.892,0.903,-0.62,0.882,-0.78,-0.383,0.538,-0.025,-0.371,0.825,-0.279,0.842,0.574,0.931,0.96,-0.798,0.85,0.274,-0.131,0.891,0.239,-0.799,0.943,-0.571,-0.604,0.532,0.752,-0.712,-0.478,-0.828,0.149,0.339,0.836,0.007,-0.695,0.16,0.769,0.809,0.506,0.763,0.83,-0.935,0.291,0.421,-0.616,-0.491,0.489,0.287,0.15,0.546,-0.126,-0.879,-0.585,-0.571,-0.698,0.867,0.755,-0.621,-0.89,0.176,0.651,0.928,-0.678,0.925,0.754,0.609,0.342,0.359,0.506,0.901,0.846,0.885,0.312,-0.16,0.848,0.441,-0.818,0.271,0.902,-0.45,-0.306,0.864,0.241,0.883,-0.443,0.701,0.798,-0.148,-0.692,-0.093,0.086,-0.398,0.022,-0.346,-0.697,0.837,0.729,0.531,-0.533,-0.726,-0.408,0.614,0.518,0.062
BANF,0.293,-0.234,0.2,-0.238,0.109,0.128,0.28,-0.216,-0.258,0.108,0.629,0.1,-0.072,0.078,0.359,0.335,-0.237,0.179,0.466,0.184,0.0,0.082,-0.256,-0.161,0.516,0.409,-0.143,0.081,0.245,0.231,-0.032,0.294,0.411,0.113,0.003,-0.017,0.268,0.132,-0.191,0.171,-0.033,-0.018,-0.058,-0.17,0.615,0.327,0.104,0.231,0.034,0.278,-0.045,0.24,-0.251,-0.004,0.275,0.391,0.908,0.819,0.106,-0.26,0.203,-0.046,-0.069,0.523,-0.651,0.381,-0.016,-0.091,0.455,0.229,0.038,-0.23,-0.113,0.133,0.611,0.407,-0.226,0.188,-0.436,-0.049,0.348,-0.22,-0.035,0.369,0.332,-0.211,0.359,0.333,0.204,0.299,0.706,0.155,0.117,-0.254,0.742,0.12,-0.14,0.216,0.176,0.258,-0.192,0.473,-0.164,-0.01,0.598,0.247,0.408,0.311,0.125,0.311,0.199,0.027,0.28,0.63,0.166,0.131,0.267,0.138,0.309,-0.513,0.021,0.17,0.215,-0.057,-0.005,-0.031,0.458,0.222,0.224,0.782,0.117,0.519,0.109,0.17,0.57,0.228,0.282,-0.129,0.208,-0.114,-0.087,0.166,-0.317,0.382,0.219,0.342,0.464,-0.052,0.003,-0.357,-0.092,0.062,0.539,0.383,-0.027,0.279,0.54,0.221,-0.114,0.366,0.092,0.187,0.069,0.06,0.253,0.179,0.261,0.319,0.594,0.025,0.378,-0.11,-0.052,0.89,0.304,-0.219,0.172,0.285,0.283,0.226,-0.153,0.435,0.251,0.178,0.345,-0.403,0.292,-0.425,0.91,0.41,0.214,0.15,0.021,0.557,0.388,0.034,-0.439,0.152,0.237,-0.071
BATRK,-0.795,-0.021,-0.585,0.214,-0.836,-0.63,-0.683,0.255,0.684,0.374,0.102,-0.654,0.848,0.244,-0.59,0.825,0.831,-0.213,-0.688,-0.742,0.082,0.0,0.529,0.09,0.307,0.374,-0.482,0.859,0.609,-0.747,-0.51,-0.777,-0.702,0.292,0.889,-0.095,0.798,-0.586,-0.327,0.631,0.803,0.087,0.636,-0.212,-0.453,-0.693,-0.605,-0.615,-0.541,-0.837,0.781,0.396,-0.372,0.217,-0.651,-0.481,-0.042,-0.292,0.761,0.801,-0.169,-0.093,0.882,0.495,0.282,-0.627,-0.057,0.774,-0.67,0.721,0.715,0.615,0.767,-0.726,-0.426,-0.46,-0.106,0.72,-0.248,0.749,-0.507,0.818,0.807,-0.302,0.791,0.749,-0.792,0.711,0.809,-0.518,-0.264,-0.786,-0.394,0.783,-0.171,-0.554,0.826,-0.663,0.729,-0.752,0.796,0.392,-0.49,0.112,0.244,-0.581,0.474,-0.609,-0.456,-0.711,-0.797,0.852,-0.58,0.056,0.176,-0.792,-0.323,0.638,-0.675,0.305,0.702,-0.366,-0.841,0.725,0.653,0.682,-0.043,-0.245,-0.725,0.019,0.55,0.158,-0.656,-0.577,-0.388,-0.684,-0.73,0.849,-0.248,-0.499,0.677,0.805,-0.48,-0.015,0.056,-0.528,-0.09,0.8,0.836,0.759,0.821,-0.811,-0.715,0.635,0.778,0.071,-0.163,-0.766,0.72,-0.576,-0.748,-0.566,-0.618,-0.454,-0.459,-0.646,-0.701,-0.763,-0.037,0.325,-0.7,-0.65,0.872,-0.024,-0.839,0.527,0.571,-0.834,0.272,-0.843,0.631,-0.604,-0.825,-0.022,0.63,0.236,0.101,0.055,0.197,0.46,0.656,-0.746,-0.773,-0.442,0.456,0.842,0.497,-0.543,-0.114,0.016
BIDU,-0.622,0.224,-0.511,-0.24,-0.659,-0.333,-0.432,0.602,0.788,0.488,-0.127,-0.382,0.355,-0.165,-0.654,0.314,0.783,-0.572,-0.771,-0.802,-0.256,0.529,0.0,0.284,-0.103,0.27,-0.343,0.635,0.449,-0.292,-0.481,-0.778,-0.363,0.054,0.676,0.106,0.423,-0.71,-0.218,0.549,0.345,0.397,0.691,0.329,-0.666,-0.698,-0.565,-0.509,-0.194,-0.737,0.619,-0.234,-0.125,0.462,-0.623,-0.41,-0.466,-0.482,0.233,0.767,0.348,-0.404,0.573,-0.25,0.353,-0.764,0.289,0.715,-0.403,0.377,0.332,0.102,0.848,-0.43,-0.706,-0.624,0.148,0.737,0.297,0.499,-0.313,0.596,0.494,-0.413,0.306,0.404,-0.615,0.445,0.24,-0.663,-0.69,-0.585,-0.499,0.821,-0.298,-0.66,0.68,-0.8,0.207,-0.72,0.79,0.352,-0.141,0.136,0.209,-0.451,0.299,-0.787,-0.144,-0.707,-0.779,0.552,-0.658,-0.443,0.411,-0.59,-0.068,0.773,-0.827,0.756,0.549,-0.732,-0.474,0.413,0.308,0.826,-0.216,-0.234,-0.609,-0.059,0.407,-0.405,-0.355,-0.465,-0.241,-0.676,-0.751,0.82,-0.262,0.048,0.554,0.168,-0.112,-0.253,-0.305,-0.352,0.2,0.83,0.373,0.481,0.529,-0.523,-0.571,0.494,0.604,0.062,-0.563,-0.648,0.267,-0.828,-0.398,-0.221,0.038,0.023,-0.231,-0.795,-0.511,-0.792,-0.57,0.198,-0.6,-0.07,0.652,-0.402,-0.668,0.641,0.369,-0.626,-0.38,-0.674,0.222,-0.672,-0.568,0.295,0.544,0.193,-0.187,0.542,-0.204,0.344,0.539,-0.518,-0.367,-0.307,0.569,0.609,0.522,-0.36,-0.509,0.383
BLNE,-0.068,-0.062,-0.022,0.021,-0.097,0.138,-0.03,0.014,0.19,-0.11,-0.135,0.165,0.01,-0.174,0.032,0.034,0.112,0.209,-0.172,-0.122,-0.161,0.09,0.284,0.0,0.217,-0.051,0.032,0.089,-0.137,0.038,0.075,-0.117,-0.225,0.489,0.218,0.38,-0.046,-0.004,0.098,-0.051,0.261,0.115,0.05,0.106,-0.197,-0.074,0.166,0.169,0.369,-0.079,0.057,-0.015,0.056,0.24,-0.024,0.16,-0.32,-0.32,-0.064,0.131,0.288,0.071,0.022,-0.022,0.086,-0.131,-0.011,0.191,-0.27,-0.064,0.228,0.109,0.067,-0.045,-0.105,-0.225,0.104,0.019,0.06,-0.024,0.126,0.052,-0.096,0.203,-0.041,0.042,-0.189,-0.208,0.078,-0.111,-0.226,0.041,0.019,0.176,-0.052,-0.264,0.186,-0.05,-0.16,0.032,0.202,-0.041,0.074,-0.043,-0.148,0.043,0.159,-0.106,0.159,-0.053,-0.075,-0.09,-0.144,-0.308,0.21,0.028,-0.144,0.142,-0.083,0.112,0.069,-0.143,-0.225,0.161,0.352,0.188,-0.368,-0.051,-0.031,-0.235,-0.082,-0.123,0.037,0.171,-0.137,-0.292,-0.152,0.115,0.282,0.254,0.071,0.175,0.075,-0.383,-0.007,0.245,-0.04,0.056,0.185,0.101,0.018,0.06,-0.178,-0.013,-0.043,0.363,0.087,0.008,0.008,-0.157,0.154,0.192,0.035,0.078,0.251,-0.106,0.11,-0.048,-0.268,0.368,-0.112,-0.145,0.149,-0.335,-0.127,0.181,0.21,-0.139,0.11,-0.194,0.258,0.008,0.054,-0.08,0.068,0.17,0.014,-0.105,-0.229,0.038,0.046,-0.061,-0.022,-0.157,-0.013,0.191,0.046,-0.211,0.124,0.376
BLNK,-0.01,-0.149,0.061,-0.199,0.015,0.222,0.139,-0.337,-0.007,0.359,0.298,0.11,0.152,0.215,0.231,0.437,-0.065,0.363,0.06,0.13,0.516,0.307,-0.103,0.217,0.0,0.566,0.084,0.345,-0.028,0.038,0.211,0.131,-0.002,0.343,0.269,0.097,0.267,0.249,0.201,0.416,0.304,0.191,-0.053,-0.054,0.349,0.12,0.223,0.178,0.109,0.06,0.035,0.632,0.055,0.246,0.198,0.397,0.432,0.225,0.192,-0.042,0.124,0.159,0.057,0.572,-0.375,0.216,0.149,0.312,-0.051,0.448,0.394,0.094,-0.062,0.062,0.225,0.19,0.041,0.084,-0.247,0.196,0.288,-0.056,0.004,0.311,0.573,-0.114,-0.008,0.198,0.4,0.137,0.253,0.13,0.261,-0.075,0.643,-0.067,0.02,0.187,0.174,0.159,0.125,0.328,-0.022,0.141,0.121,0.363,0.501,0.212,0.292,0.232,0.115,0.105,0.208,0.559,0.315,0.09,0.111,0.044,0.247,-0.259,0.178,-0.037,-0.087,0.099,0.329,-0.049,0.242,-0.177,0.166,0.246,-0.064,0.339,0.131,0.295,0.282,-0.008,0.031,-0.001,0.108,-0.017,0.195,0.42,-0.133,0.268,0.124,0.209,-0.009,0.032,0.461,0.083,0.172,0.015,0.134,0.203,-0.09,0.404,0.573,0.16,-0.011,0.331,0.056,0.211,-0.228,0.092,0.271,0.182,0.146,0.083,0.227,0.375,0.22,-0.234,0.211,0.421,0.019,0.178,0.548,0.011,0.515,-0.001,0.321,0.144,0.021,-0.046,0.107,0.178,0.185,-0.392,0.436,0.408,0.034,0.067,-0.008,0.219,0.173,0.261,-0.022,0.168,0.637,0.323
BTAI,-0.165,0.194,-0.165,-0.641,-0.15,0.151,0.13,-0.014,0.353,0.808,0.399,0.031,0.14,0.159,-0.268,0.486,0.128,-0.186,-0.274,-0.132,0.409,0.374,0.27,-0.051,0.566,0.0,0.151,0.519,0.126,0.051,0.107,-0.176,0.103,-0.026,0.344,-0.227,0.374,-0.018,0.169,0.643,0.155,0.599,0.332,0.342,0.131,-0.262,-0.079,-0.226,-0.057,-0.136,0.21,0.401,0.143,0.422,0.035,-0.024,0.266,0.088,0.153,0.231,0.33,-0.288,0.118,0.332,-0.282,-0.073,0.5,0.564,0.05,0.746,0.46,0.014,0.288,0.111,-0.226,0.009,0.176,0.358,0.069,0.381,0.121,0.129,0.164,-0.155,0.522,-0.066,-0.163,0.483,0.114,-0.176,-0.123,-0.035,0.084,0.218,0.521,-0.173,0.09,-0.237,0.15,-0.224,0.443,0.462,0.084,0.374,0.23,0.217,0.568,-0.179,0.283,-0.067,-0.186,0.351,0.073,0.355,0.519,-0.163,0.482,0.358,-0.135,0.221,0.575,-0.558,0.025,-0.063,0.082,0.196,0.263,0.034,-0.013,0.367,0.018,-0.142,0.154,-0.035,0.529,-0.04,-0.289,0.269,-0.318,0.128,0.474,0.212,0.006,0.264,0.148,-0.178,0.137,0.447,0.206,0.216,0.432,-0.104,0.061,0.347,0.093,0.45,0.193,-0.129,-0.211,0.027,-0.053,0.208,0.092,0.363,0.093,-0.194,-0.069,-0.274,-0.114,-0.004,0.089,0.058,0.394,0.295,-0.11,0.562,0.656,-0.128,-0.033,-0.113,-0.124,-0.286,-0.215,0.517,0.21,0.16,-0.131,0.173,0.333,0.752,0.335,0.02,-0.018,0.301,0.504,0.522,0.372,0.231,-0.064,0.519
BYND,0.343,0.222,0.344,-0.336,0.608,0.744,0.508,-0.332,-0.164,0.069,-0.227,0.747,-0.5,0.177,0.163,-0.433,-0.608,0.345,0.128,0.633,-0.143,-0.482,-0.343,0.032,0.084,0.151,0.0,-0.463,-0.659,0.537,0.84,0.445,0.339,-0.137,-0.504,0.228,-0.661,0.544,0.764,-0.316,-0.377,0.464,-0.451,0.508,0.381,0.266,0.606,0.351,0.483,0.542,-0.486,0.165,0.738,0.172,0.618,0.217,-0.134,-0.175,-0.609,-0.358,0.123,0.12,-0.594,-0.217,0.013,0.397,0.489,-0.174,0.275,-0.091,-0.1,-0.167,-0.59,0.677,-0.014,0.159,0.532,-0.719,0.457,-0.225,0.411,-0.445,-0.576,-0.036,-0.498,-0.51,0.286,-0.467,-0.532,0.177,-0.185,0.717,0.616,-0.474,0.077,0.308,-0.615,0.514,-0.671,0.402,-0.202,-0.481,0.663,0.184,-0.638,0.626,-0.121,0.274,0.658,0.519,0.582,-0.525,0.516,-0.085,0.3,0.581,0.322,-0.443,0.516,0.082,-0.126,-0.067,0.527,-0.596,-0.237,-0.645,-0.136,0.372,0.554,-0.231,-0.767,-0.38,0.758,0.546,0.381,0.425,0.202,-0.598,-0.181,0.643,-0.084,-0.419,0.724,0.141,0.132,0.166,-0.343,-0.431,-0.446,-0.074,-0.179,0.677,0.434,-0.562,-0.757,0.236,0.334,0.552,-0.692,0.502,0.654,0.623,0.384,0.545,0.428,0.58,0.47,0.32,-0.363,-0.199,0.548,0.565,-0.391,-0.016,0.469,0.248,0.113,0.429,-0.024,0.463,-0.387,0.077,0.407,0.083,-0.484,0.315,-0.317,0.108,-0.374,-0.042,-0.416,0.616,0.664,0.302,-0.362,-0.336,0.15,0.582,0.163,0.508
CAN,-0.726,0.116,-0.682,-0.052,-0.807,-0.569,-0.553,0.387,0.772,0.547,0.077,-0.656,0.712,0.14,-0.652,0.779,0.828,-0.391,-0.678,-0.772,0.081,0.859,0.635,0.089,0.345,0.519,-0.463,0.0,0.63,-0.634,-0.56,-0.788,-0.6,0.21,0.883,-0.221,0.806,-0.611,-0.323,0.825,0.618,0.273,0.79,-0.05,-0.45,-0.778,-0.663,-0.712,-0.498,-0.825,0.772,0.289,-0.302,0.235,-0.67,-0.46,-0.069,-0.255,0.678,0.81,-0.084,-0.211,0.836,0.316,0.192,-0.678,0.118,0.895,-0.573,0.791,0.637,0.505,0.846,-0.628,-0.496,-0.439,-0.016,0.779,-0.151,0.732,-0.517,0.758,0.752,-0.348,0.818,0.628,-0.728,0.73,0.671,-0.637,-0.33,-0.763,-0.45,0.834,-0.042,-0.522,0.826,-0.795,0.674,-0.791,0.822,0.551,-0.39,0.195,0.347,-0.531,0.417,-0.645,-0.365,-0.705,-0.838,0.84,-0.547,0.026,0.253,-0.805,-0.172,0.687,-0.744,0.416,0.751,-0.557,-0.724,0.589,0.47,0.669,-0.073,-0.352,-0.671,0.129,0.537,-0.038,-0.594,-0.596,-0.265,-0.677,-0.731,0.869,-0.362,-0.363,0.747,0.664,-0.409,-0.066,-0.097,-0.552,0.044,0.862,0.787,0.685,0.783,-0.774,-0.631,0.659,0.78,0.143,-0.266,-0.763,0.566,-0.624,-0.697,-0.463,-0.464,-0.326,-0.319,-0.742,-0.726,-0.802,-0.136,0.189,-0.656,-0.529,0.86,-0.039,-0.808,0.58,0.632,-0.82,0.092,-0.792,0.549,-0.652,-0.834,0.117,0.594,0.241,-0.05,0.208,0.186,0.522,0.589,-0.644,-0.711,-0.274,0.637,0.8,0.515,-0.44,-0.216,0.126
CCEC,-0.585,-0.283,-0.5,0.165,-0.758,-0.773,-0.596,0.506,0.371,0.277,0.348,-0.779,0.591,-0.126,-0.392,0.566,0.689,-0.452,-0.383,-0.707,0.245,0.609,0.449,-0.137,-0.028,0.126,-0.659,0.63,0.0,-0.545,-0.777,-0.615,-0.344,0.124,0.644,-0.086,0.799,-0.767,-0.715,0.532,0.521,-0.225,0.485,-0.361,-0.351,-0.462,-0.822,-0.523,-0.705,-0.667,0.631,-0.054,-0.72,0.082,-0.713,-0.347,0.095,0.059,0.719,0.56,-0.042,-0.346,0.719,0.248,0.027,-0.574,-0.297,0.366,-0.319,0.358,0.32,0.248,0.693,-0.684,-0.232,-0.233,-0.41,0.733,-0.387,0.523,-0.364,0.671,0.789,-0.339,0.602,0.603,-0.502,0.698,0.643,-0.295,0.012,-0.787,-0.684,0.572,-0.096,-0.439,0.672,-0.614,0.764,-0.627,0.437,0.379,-0.721,-0.247,0.596,-0.686,0.396,-0.539,-0.69,-0.628,-0.718,0.764,-0.581,0.137,0.038,-0.751,-0.208,0.724,-0.624,0.128,0.386,-0.197,-0.556,0.682,0.356,0.62,0.194,-0.261,-0.75,0.207,0.847,0.256,-0.773,-0.633,-0.283,-0.578,-0.483,0.681,-0.041,-0.654,0.373,0.499,-0.676,0.176,0.009,-0.425,0.197,0.672,0.437,0.35,0.577,-0.821,-0.511,0.826,0.86,-0.202,-0.374,-0.69,0.654,-0.561,-0.803,-0.71,-0.389,-0.462,-0.559,-0.621,-0.648,-0.565,0.105,0.209,-0.646,-0.512,0.619,0.149,-0.623,0.108,0.031,-0.595,-0.032,-0.635,0.331,-0.37,-0.587,0.017,0.724,-0.308,0.221,0.118,0.399,0.321,0.715,-0.708,-0.711,-0.339,0.588,0.549,0.081,-0.469,-0.273,-0.419
CDW,0.734,0.116,0.628,-0.535,0.806,0.86,0.867,-0.136,-0.552,-0.035,-0.023,0.813,-0.905,-0.027,0.538,-0.575,-0.765,0.164,0.557,0.717,0.231,-0.747,-0.292,0.038,0.038,0.051,0.537,-0.634,-0.545,0.0,0.582,0.735,0.857,-0.186,-0.687,0.203,-0.635,0.553,0.523,-0.335,-0.727,0.292,-0.549,0.57,0.548,0.643,0.606,0.684,0.686,0.781,-0.595,-0.27,0.508,0.202,0.77,0.621,0.233,0.384,-0.81,-0.706,0.424,-0.022,-0.846,-0.372,-0.508,0.693,0.441,-0.509,0.808,-0.451,-0.464,-0.696,-0.634,0.883,0.418,0.401,0.397,-0.476,0.323,-0.563,0.632,-0.812,-0.849,0.323,-0.618,-0.85,0.807,-0.392,-0.65,0.437,0.262,0.864,0.547,-0.696,0.506,0.452,-0.775,0.629,-0.78,0.694,-0.542,-0.149,0.641,0.11,-0.116,0.835,-0.191,0.558,0.739,0.811,0.757,-0.743,0.696,0.077,0.302,0.864,0.436,-0.392,0.676,-0.177,-0.411,0.153,0.857,-0.755,-0.573,-0.445,0.241,0.318,0.761,0.251,-0.557,-0.056,0.87,0.789,0.709,0.625,0.624,-0.701,0.199,0.717,-0.501,-0.731,0.552,0.286,-0.122,0.593,0.316,-0.58,-0.672,-0.679,-0.695,0.851,0.798,-0.325,-0.74,0.222,0.424,0.847,-0.841,0.61,0.846,0.78,0.751,0.692,0.555,0.604,0.789,0.67,-0.006,-0.144,0.842,0.711,-0.735,0.251,0.851,-0.209,-0.177,0.86,-0.131,0.817,-0.604,0.543,0.796,0.172,-0.361,-0.201,-0.063,-0.071,0.029,-0.144,-0.549,0.862,0.852,0.654,-0.085,-0.595,-0.329,0.703,0.211,0.333
