,ABEO,ACHC,AGNCN,AKAM,AKRO,ALRM,AMAT,AMED,AMRN,ANGI,APA,APOG,APPS,ARCB,ARCC,ARVN,ATEC,ATXS,AVAV,AXON,BANF,BATRK,BIDU,BLNE,BLNK,BTAI,BYND,CAN,CCEC,CDW,CDXS,CELH,CGNX,CHKP,CHRS,CHRW,CIGI,CKPT,CMPR,COGT,CRNC,CRSP,CSTL,CTSH,CVGW,DGLY,DNLI,DOCU,DVAX,EBAY,EHTH,ERII,ESLT,EXPE,EXPO,FBIOP,FFBC,FFIN,FOXF,FWRD,GDS,GERN,GPRE,GRWG,GRYP,HEES,HELE,HIVE,HON,HRTX,HSTM,HURA,IART,IBKR,IBOC,IBRX,IDXX,INGN,INM,INVA,IQ,IRBT,KDP,KPTI,KTOS,KXIN,LAMR,LFUS,LGIH,LGMK,LKFN,LNW,LOPE,LPSN,LYFT,MGNX,MLCO,MNST,MODV,MSTR,MTCH,MYGN,MYRG,NCMI,NEXT,NFLX,NIU,NKTR,NRC,NTNX,NTRA,NVEE,NVMI,NWL,NWS,NXPI,OCGN,OCSL,OKTA,OLLI,OTLK,OXLC,PAA,PARA,PARAA,PDCO,PDFS,PFG,PGEN,PNFP,PODD,POWI,PSMT,PTC,PTEN,PVLA,RDNT,RDUS,RDWR,REGN,RNAC,ROCK,ROST,RRR,RSLS,RVMD,RYAAY,SAFT,SAGE,SAVA,SBGI,SFM,SFNC,SHYF,SIBN,SIFY,SIGI,SIMO,SITM,SLM,SNBR,SNDX,SNY,SPNS,SRRK,STRA,SUPN,SYRE,TCBK,TEAM,TECH,THRM,TLRY,TRMK,TROW,TSLA,TWST,TXN,UFPI,UNIT,UPWK,USLM,UTHR,VERB,VLY,VRNA,VRRM,VXRT,WAFD,WATT,WBA,WING,WIX,WTFC,WTW,XPEL,XRX,YMAB,ZG,ZLAB
ABEO,0.0,0.633,-0.523,0.686,-0.257,-0.228,0.104,0.373,-0.154,0.171,0.306,0.215,0.134,0.205,0.524,-0.037,-0.611,0.027,0.018,0.17,0.23,-0.206,0.286,0.284,0.102,-0.286,0.391,-0.485,0.298,0.618,-0.211,0.26,-0.229,0.515,0.44,0.633,-0.044,-0.233,0.429,0.001,0.232,-0.173,-0.325,0.378,0.193,-0.127,0.123,0.221,-0.385,0.494,-0.252,0.007,-0.428,-0.161,0.458,0.113,0.069,0.368,0.65,0.691,0.24,-0.179,-0.189,-0.521,0.402,-0.013,0.311,-0.024,0.361,0.3,-0.168,0.251,-0.557,-0.498,0.183,-0.299,0.507,0.37,0.035,0.577,-0.041,-0.719,0.487,-0.396,0.584,0.51,0.337,0.572,0.314,-0.038,0.097,0.018,-0.616,-0.295,-0.035,0.038,0.378,-0.118,-0.062,-0.279,0.482,0.571,-0.464,-0.327,-0.165,-0.192,0.406,0.227,0.423,0.213,-0.043,0.027,0.118,-0.238,-0.456,0.158,0.159,0.764,0.271,-0.035,-0.47,-0.503,0.215,-0.548,-0.015,-0.123,0.351,0.484,0.414,-0.123,-0.402,0.215,0.631,-0.23,0.411,-0.232,0.004,0.429,0.436,0.615,0.615,0.022,0.456,0.406,-0.169,-0.56,-0.263,0.566,0.499,0.441,0.042,-0.679,-0.191,-0.241,-0.495,0.166,0.393,0.49,0.186,0.6,0.538,0.063,0.584,-0.127,0.291,0.118,-0.38,-0.297,0.226,-0.594,-0.463,-0.458,-0.467,-0.03,0.032,-0.239,0.325,-0.373,0.401,0.185,-0.591,-0.479,-0.202,-0.274,-0.217,-0.497,0.694,0.725,0.405,0.259,0.397,0.54,0.506,-0.112,-0.614,0.516,0.557,-0.506,0.187,-0.333
ACHC,0.633,0.0,-0.728,0.685,-0.508,-0.266,0.523,0.613,-0.302,0.502,0.639,0.522,0.25,0.418,0.469,-0.181,-0.845,-0.075,-0.158,0.124,0.053,-0.102,0.503,-0.157,-0.198,-0.633,0.792,-0.747,0.382,0.894,-0.316,0.589,-0.309,0.814,0.767,0.912,-0.302,-0.61,0.825,-0.136,0.337,-0.36,-0.299,0.592,0.518,0.251,0.155,0.044,-0.763,0.921,-0.562,0.06,-0.762,-0.538,0.834,-0.351,0.01,0.599,0.915,0.553,0.139,0.011,-0.12,-0.649,0.059,-0.056,0.555,-0.343,0.575,0.337,-0.469,0.557,-0.551,-0.571,0.288,-0.613,0.924,0.504,-0.297,0.726,-0.209,-0.821,0.796,-0.699,0.936,0.722,0.582,0.874,0.663,-0.401,-0.071,0.137,-0.682,-0.534,-0.19,0.417,0.695,-0.298,0.13,-0.613,0.766,0.868,-0.644,-0.648,-0.32,-0.655,0.504,0.271,0.618,0.371,0.388,0.15,0.528,-0.647,-0.771,0.128,0.149,0.779,0.679,0.271,-0.837,-0.817,0.67,-0.768,0.178,-0.373,0.698,0.809,0.602,-0.413,-0.444,0.392,0.855,-0.347,0.708,-0.727,0.486,0.692,0.676,0.958,0.635,0.113,0.586,0.27,-0.367,-0.675,-0.404,0.674,0.38,0.511,0.096,-0.905,-0.297,-0.548,-0.541,0.191,0.614,0.808,0.413,0.854,0.761,0.252,0.671,-0.537,-0.008,0.424,-0.544,-0.531,0.436,-0.74,-0.384,-0.305,-0.664,-0.179,-0.23,-0.526,0.583,-0.275,0.826,0.351,-0.838,-0.759,-0.393,-0.264,-0.314,-0.5,0.887,0.647,0.76,0.103,0.337,0.87,0.366,-0.287,-0.767,0.798,0.815,-0.492,0.489,-0.641
AGNCN,-0.523,-0.728,0.0,-0.656,0.73,0.51,-0.565,-0.702,0.446,-0.384,-0.86,-0.187,0.164,0.096,-0.233,0.51,0.795,0.374,0.406,-0.092,0.365,0.424,-0.624,0.001,0.327,0.788,-0.579,0.801,-0.153,-0.842,0.553,-0.426,0.54,-0.805,-0.84,-0.604,0.397,0.662,-0.672,0.123,-0.311,0.583,0.646,-0.328,-0.276,-0.183,0.193,0.167,0.871,-0.783,0.728,-0.203,0.872,0.505,-0.769,0.396,0.48,-0.191,-0.701,-0.341,0.029,0.043,-0.033,0.61,0.208,0.024,-0.659,0.497,-0.558,-0.251,0.536,-0.216,0.595,0.639,0.197,0.699,-0.84,-0.138,0.268,-0.353,0.094,0.729,-0.808,0.617,-0.709,-0.836,-0.23,-0.595,-0.422,0.314,0.507,0.043,0.806,0.57,0.327,-0.297,-0.667,0.448,0.17,0.616,-0.475,-0.73,0.683,0.786,0.568,0.346,-0.794,-0.243,-0.386,-0.002,-0.254,0.062,-0.492,0.722,0.896,0.01,-0.055,-0.573,-0.561,-0.216,0.811,0.679,-0.691,0.765,-0.105,0.452,-0.577,-0.669,-0.571,0.71,0.194,0.039,-0.677,0.708,-0.726,0.731,-0.068,-0.61,-0.458,-0.825,-0.651,-0.114,-0.378,0.054,0.337,0.675,0.525,-0.424,-0.27,-0.233,0.257,0.865,0.626,0.808,0.599,0.033,-0.364,-0.816,-0.474,-0.628,-0.513,0.201,-0.564,0.48,0.281,0.022,0.7,0.681,0.062,0.724,0.424,0.35,0.534,0.587,0.377,0.507,-0.238,0.358,-0.741,-0.039,0.804,0.919,0.452,0.487,0.689,0.568,-0.703,-0.46,-0.322,-0.258,0.022,-0.852,-0.028,0.631,0.671,-0.731,-0.756,0.593,-0.276,0.586
AKAM,0.686,0.685,-0.656,0.0,-0.248,-0.197,0.129,0.726,-0.364,0.536,0.49,0.356,0.148,0.166,0.692,-0.078,-0.694,0.002,0.141,0.408,0.325,-0.051,0.137,0.37,0.036,-0.528,0.437,-0.651,0.628,0.698,-0.135,0.47,-0.21,0.724,0.53,0.731,-0.25,-0.309,0.542,0.198,-0.113,-0.114,-0.185,0.574,0.326,0.145,0.101,0.398,-0.556,0.592,-0.372,0.156,-0.615,-0.04,0.681,0.031,0.088,0.616,0.754,0.78,0.477,-0.42,-0.374,-0.468,0.286,-0.02,0.166,0.0,0.776,-0.023,-0.262,0.167,-0.428,-0.547,0.397,-0.585,0.617,0.454,0.02,0.671,-0.351,-0.673,0.761,-0.503,0.688,0.559,0.614,0.634,0.484,-0.172,0.133,-0.401,-0.822,-0.227,0.271,0.42,0.279,0.132,-0.263,-0.354,0.767,0.602,-0.404,-0.333,-0.176,-0.08,0.478,0.559,0.487,0.105,-0.078,0.162,0.096,-0.551,-0.597,-0.055,-0.036,0.734,0.374,0.093,-0.516,-0.717,0.383,-0.738,-0.125,0.091,0.378,0.805,0.826,-0.102,0.015,0.258,0.723,-0.274,0.483,-0.364,0.271,0.439,0.713,0.696,0.661,-0.184,0.725,0.05,0.143,-0.645,-0.046,0.743,0.543,0.688,0.061,-0.734,-0.072,-0.374,-0.493,0.58,0.718,0.489,0.402,0.735,0.493,0.339,0.339,-0.113,0.229,0.08,-0.305,-0.228,0.433,-0.502,-0.582,-0.556,-0.551,0.021,0.272,-0.632,0.624,-0.599,0.572,0.384,-0.737,-0.502,-0.107,-0.083,-0.331,-0.229,0.712,0.504,0.475,0.405,0.534,0.616,0.602,-0.085,-0.784,0.473,0.76,-0.301,0.49,-0.377
AKRO,-0.257,-0.508,0.73,-0.248,0.0,0.384,-0.479,-0.516,0.359,-0.058,-0.676,0.176,0.316,0.156,-0.078,0.558,0.708,0.294,0.515,-0.109,0.499,0.335,-0.497,0.054,0.244,0.566,-0.439,0.68,0.129,-0.687,0.789,-0.047,0.696,-0.655,-0.632,-0.363,0.277,0.464,-0.429,0.072,-0.236,0.789,0.679,-0.066,0.021,-0.156,0.446,0.464,0.737,-0.583,0.523,0.073,0.73,0.488,-0.486,0.314,0.6,0.105,-0.415,-0.146,0.164,-0.037,0.009,0.4,0.27,-0.316,-0.532,0.386,-0.176,-0.34,0.526,0.011,0.654,0.606,0.44,0.434,-0.674,-0.067,0.054,-0.185,-0.221,0.569,-0.531,0.523,-0.418,-0.562,-0.099,-0.315,-0.077,-0.001,0.58,-0.102,0.526,0.503,0.518,0.018,-0.49,0.525,0.338,0.383,-0.255,-0.621,0.769,0.675,0.409,0.266,-0.651,-0.004,-0.12,0.25,-0.091,0.434,-0.391,0.551,0.814,-0.106,0.053,-0.36,-0.278,0.13,0.702,0.441,-0.463,0.656,-0.091,0.358,-0.311,-0.395,-0.344,0.757,0.225,0.289,-0.514,0.691,-0.69,0.641,0.142,-0.307,-0.161,-0.578,-0.567,-0.097,-0.101,0.131,0.471,0.697,0.481,-0.043,-0.251,0.054,0.582,0.655,0.525,0.882,0.644,0.264,0.018,-0.707,-0.504,-0.314,-0.306,0.442,-0.337,0.413,0.32,0.156,0.615,0.546,0.281,0.769,0.431,0.403,0.219,0.563,0.627,0.098,0.209,0.064,-0.511,0.11,0.457,0.789,0.701,0.466,0.564,0.568,-0.57,-0.387,-0.062,-0.221,0.369,-0.691,0.396,0.564,0.453,-0.471,-0.524,0.416,0.092,0.283
ALRM,-0.228,-0.266,0.51,-0.197,0.384,0.0,-0.352,-0.274,0.518,-0.057,-0.554,-0.077,0.421,0.4,0.276,0.529,0.14,0.664,0.605,0.59,0.378,0.374,-0.481,0.046,0.669,0.596,-0.064,0.45,0.212,-0.253,0.225,-0.146,0.171,-0.281,-0.603,-0.031,0.283,0.609,-0.2,0.318,-0.308,0.498,0.432,-0.203,-0.264,0.167,0.282,0.128,0.458,-0.262,0.595,-0.284,0.554,0.456,-0.482,0.498,0.341,-0.03,-0.309,-0.036,0.347,0.074,-0.315,0.718,0.416,0.395,-0.536,0.617,-0.335,-0.094,0.363,-0.442,0.443,0.305,0.278,0.617,-0.295,0.444,0.457,0.063,0.307,0.412,-0.478,-0.077,-0.285,-0.627,0.23,-0.112,-0.301,0.329,0.425,0.198,0.376,0.53,0.585,-0.316,-0.5,0.519,-0.139,0.623,0.005,-0.383,0.138,0.664,0.709,0.351,-0.454,0.141,-0.314,0.225,-0.295,-0.125,-0.322,0.55,0.503,0.23,0.197,-0.32,-0.299,-0.368,0.51,0.334,-0.42,0.106,-0.274,0.516,-0.232,-0.345,-0.127,0.481,0.323,0.482,-0.054,0.769,-0.242,0.335,0.181,-0.465,-0.116,-0.391,-0.164,-0.386,-0.113,0.341,0.237,0.079,0.547,-0.26,0.324,-0.069,-0.017,0.378,0.598,0.478,0.09,0.318,-0.254,-0.333,0.18,-0.362,-0.394,0.301,-0.389,0.453,0.444,-0.042,0.602,0.691,0.183,0.319,-0.033,-0.013,0.639,0.571,0.485,0.443,-0.066,0.358,-0.4,0.422,0.524,0.604,-0.061,0.551,0.559,0.5,-0.301,-0.006,-0.141,-0.084,-0.011,-0.338,0.066,0.538,0.07,-0.445,-0.309,0.654,-0.23,0.584
AMAT,0.104,0.523,-0.565,0.129,-0.479,-0.352,0.0,0.198,-0.067,0.359,0.778,0.388,0.083,0.129,-0.258,-0.583,-0.431,-0.498,-0.519,-0.277,-0.589,-0.604,0.843,-0.678,-0.531,-0.583,0.651,-0.41,-0.182,0.51,-0.367,0.447,-0.28,0.403,0.759,0.378,-0.349,-0.777,0.615,-0.561,0.663,-0.55,-0.437,0.147,0.375,0.303,-0.025,-0.522,-0.66,0.646,-0.783,0.298,-0.505,-0.794,0.53,-0.689,-0.389,-0.002,0.462,-0.16,-0.302,0.514,0.458,-0.54,-0.434,-0.251,0.807,-0.64,0.156,0.128,-0.506,0.419,-0.329,-0.011,-0.317,-0.437,0.687,-0.092,-0.641,0.011,0.09,-0.346,0.43,-0.315,0.531,0.655,-0.101,0.476,0.458,-0.484,-0.6,0.469,-0.259,-0.701,-0.593,0.335,0.857,-0.762,0.394,-0.506,0.167,0.585,-0.423,-0.716,-0.443,-0.567,0.564,-0.234,0.316,0.426,0.774,0.151,0.95,-0.472,-0.571,0.12,0.375,0.237,0.771,0.447,-0.639,-0.363,0.748,-0.297,0.37,-0.732,0.872,0.287,0.011,-0.745,-0.362,0.142,0.249,-0.431,0.612,-0.743,0.219,0.64,0.371,0.628,0.23,0.443,-0.081,0.186,-0.616,-0.185,-0.612,0.075,-0.224,-0.275,0.007,-0.526,-0.679,-0.491,-0.134,-0.23,0.046,0.807,0.409,0.389,0.353,-0.172,0.64,-0.658,-0.518,0.346,-0.67,-0.794,-0.164,-0.41,0.209,0.317,-0.433,-0.694,-0.672,-0.291,0.212,0.201,0.624,-0.326,-0.536,-0.609,-0.386,-0.34,-0.418,-0.527,0.409,0.193,0.391,-0.321,-0.338,0.658,-0.27,-0.632,-0.176,0.719,0.323,-0.533,0.271,-0.696
AMED,0.373,0.613,-0.702,0.726,-0.516,-0.274,0.198,0.0,-0.548,0.521,0.602,0.246,-0.244,-0.107,0.457,-0.296,-0.651,-0.202,-0.103,0.347,0.032,0.143,0.12,0.211,-0.065,-0.705,0.406,-0.792,0.482,0.74,-0.251,0.417,-0.463,0.813,0.58,0.573,-0.368,-0.406,0.603,0.111,-0.233,-0.284,-0.404,0.507,0.384,0.404,-0.144,0.293,-0.731,0.662,-0.45,0.249,-0.815,-0.089,0.756,-0.199,-0.238,0.489,0.626,0.517,0.19,-0.487,-0.38,-0.38,-0.149,0.13,0.237,-0.276,0.756,0.039,-0.445,0.079,-0.323,-0.707,0.172,-0.689,0.651,0.402,-0.086,0.502,-0.455,-0.517,0.82,-0.692,0.627,0.588,0.556,0.564,0.489,-0.253,-0.125,-0.411,-0.757,-0.347,0.069,0.456,0.251,0.086,-0.412,-0.542,0.719,0.5,-0.415,-0.484,-0.374,-0.14,0.438,0.595,0.488,-0.243,-0.11,-0.048,0.033,-0.736,-0.747,-0.24,-0.336,0.486,0.309,0.158,-0.625,-0.651,0.524,-0.721,-0.242,-0.031,0.239,0.77,0.858,-0.335,0.176,0.06,0.778,-0.414,0.535,-0.509,0.248,0.361,0.45,0.657,0.576,-0.097,0.75,-0.33,0.086,-0.636,-0.025,0.628,0.407,0.568,-0.317,-0.679,-0.215,-0.652,-0.494,0.324,0.663,0.458,0.338,0.554,0.51,0.218,0.221,-0.381,-0.01,-0.025,-0.362,-0.23,0.278,-0.477,-0.634,-0.49,-0.482,-0.193,0.088,-0.563,0.392,-0.544,0.677,0.441,-0.671,-0.631,-0.234,-0.306,-0.481,-0.105,0.55,0.264,0.316,0.358,0.346,0.675,0.203,-0.286,-0.683,0.43,0.829,-0.292,0.45,-0.314
AMRN,-0.154,-0.302,0.446,-0.364,0.359,0.518,-0.067,-0.548,0.0,-0.326,-0.431,-0.056,0.428,0.173,-0.107,0.334,0.209,0.354,0.237,0.154,0.067,-0.104,-0.042,-0.149,0.311,0.607,-0.111,0.597,-0.179,-0.32,0.199,-0.268,0.183,-0.533,-0.454,-0.169,0.215,0.39,-0.181,-0.06,0.257,0.357,0.178,-0.384,-0.218,-0.115,0.375,-0.213,0.523,-0.289,0.32,-0.06,0.645,0.176,-0.537,0.397,0.322,-0.341,-0.377,-0.254,-0.071,0.457,0.112,0.463,0.377,-0.046,-0.132,0.433,-0.55,0.038,0.339,-0.265,0.346,0.565,-0.073,0.598,-0.295,0.098,0.153,-0.267,0.567,0.394,-0.621,0.215,-0.349,-0.441,-0.279,-0.196,-0.393,0.364,0.199,0.463,0.443,0.265,0.242,-0.412,-0.169,-0.0,0.145,0.54,-0.329,-0.338,0.097,0.404,0.364,0.254,-0.124,-0.207,-0.287,0.388,0.061,-0.017,0.023,0.644,0.541,0.413,0.673,-0.337,-0.187,-0.283,0.522,0.346,-0.352,0.295,-0.114,0.148,0.016,-0.516,-0.445,0.201,0.053,0.379,-0.304,0.506,-0.231,0.317,-0.085,-0.169,-0.237,-0.363,-0.074,-0.072,-0.515,0.575,0.095,0.29,0.072,-0.455,0.044,-0.43,0.004,0.328,0.229,0.537,0.164,-0.037,-0.476,-0.161,0.135,-0.436,-0.434,-0.115,-0.099,0.376,0.213,0.006,0.268,0.262,-0.147,0.258,0.334,0.33,0.565,0.162,0.127,0.464,-0.182,0.424,-0.517,-0.042,0.49,0.428,-0.114,0.362,0.39,0.118,-0.377,0.018,-0.227,-0.195,-0.295,-0.335,-0.126,0.209,0.275,-0.201,-0.548,0.273,-0.393,0.333
ANGI,0.171,0.502,-0.384,0.536,-0.058,-0.057,0.359,0.521,-0.326,0.0,0.541,0.722,0.159,0.282,0.137,-0.182,-0.264,-0.17,-0.038,0.017,0.122,0.066,0.329,-0.268,-0.314,-0.601,0.485,-0.469,0.354,0.401,0.233,0.641,0.045,0.496,0.549,0.54,-0.532,-0.602,0.584,-0.264,0.025,-0.124,-0.036,0.662,0.713,0.455,0.234,0.299,-0.486,0.591,-0.513,0.429,-0.484,-0.25,0.695,-0.487,0.105,0.643,0.616,0.281,0.213,0.038,0.166,-0.275,-0.234,-0.38,0.328,-0.405,0.712,-0.188,-0.158,0.43,0.105,-0.215,0.432,-0.657,0.492,0.288,-0.524,0.396,-0.49,-0.295,0.656,-0.374,0.626,0.562,0.395,0.46,0.778,-0.566,0.003,-0.129,-0.358,-0.38,0.077,0.695,0.442,0.076,0.266,-0.573,0.663,0.408,0.055,-0.405,-0.264,-0.375,0.26,0.429,0.673,0.302,0.375,0.562,0.307,-0.621,-0.405,-0.471,-0.029,0.281,0.65,0.688,-0.472,-0.54,0.712,-0.267,0.296,-0.29,0.501,0.643,0.512,-0.135,0.022,0.28,0.436,-0.207,0.388,-0.476,0.591,0.607,0.668,0.558,0.172,0.185,0.612,-0.194,-0.058,-0.087,-0.048,0.677,-0.11,0.373,0.304,-0.375,-0.223,-0.178,0.088,0.327,0.663,0.364,0.086,0.655,0.583,0.482,0.33,-0.42,-0.241,0.508,-0.15,-0.333,0.471,-0.151,-0.039,0.076,-0.523,-0.099,0.083,-0.732,0.716,-0.475,0.654,0.374,-0.657,-0.252,0.207,-0.149,-0.253,0.155,0.385,0.018,0.629,-0.23,0.451,0.478,0.427,-0.162,-0.315,0.563,0.585,-0.193,0.801,-0.61
APA,0.306,0.639,-0.86,0.49,-0.676,-0.554,0.778,0.602,-0.431,0.541,0.0,0.324,-0.219,-0.093,-0.042,-0.667,-0.614,-0.585,-0.539,-0.121,-0.524,-0.503,0.775,-0.308,-0.548,-0.863,0.597,-0.752,-0.0,0.702,-0.459,0.518,-0.503,0.715,0.911,0.49,-0.527,-0.855,0.694,-0.404,0.398,-0.683,-0.655,0.287,0.425,0.288,-0.215,-0.26,-0.886,0.759,-0.84,0.388,-0.844,-0.648,0.78,-0.675,-0.54,0.152,0.636,0.135,-0.119,0.154,0.302,-0.648,-0.466,-0.189,0.773,-0.706,0.533,0.085,-0.553,0.309,-0.435,-0.461,-0.264,-0.759,0.785,-0.067,-0.538,0.181,-0.14,-0.552,0.77,-0.474,0.654,0.881,0.039,0.478,0.545,-0.485,-0.636,0.046,-0.64,-0.705,-0.485,0.448,0.791,-0.566,0.042,-0.71,0.369,0.672,-0.48,-0.847,-0.6,-0.444,0.764,0.114,0.444,0.124,0.462,0.086,0.675,-0.768,-0.854,-0.188,0.044,0.409,0.719,0.47,-0.805,-0.578,0.866,-0.567,0.279,-0.637,0.703,0.594,0.405,-0.784,-0.184,-0.116,0.485,-0.739,0.762,-0.802,0.096,0.704,0.503,0.772,0.437,0.287,0.27,-0.173,-0.465,-0.432,-0.577,0.369,-0.07,0.013,-0.137,-0.732,-0.746,-0.773,-0.316,-0.1,0.321,0.829,0.389,0.591,0.524,-0.191,0.603,-0.635,-0.557,0.14,-0.736,-0.825,-0.12,-0.565,-0.167,-0.048,-0.589,-0.727,-0.525,-0.571,0.247,-0.285,0.792,-0.144,-0.786,-0.8,-0.316,-0.553,-0.701,-0.514,0.586,0.24,0.364,-0.018,-0.136,0.798,-0.056,-0.722,-0.443,0.785,0.663,-0.629,0.414,-0.729
APOG,0.215,0.522,-0.187,0.356,0.176,-0.077,0.388,0.246,-0.056,0.722,0.324,0.0,0.329,0.456,0.044,-0.033,-0.122,-0.161,0.052,-0.188,0.188,0.112,0.373,-0.395,-0.235,-0.453,0.586,-0.303,0.281,0.345,0.46,0.641,0.224,0.321,0.471,0.514,-0.403,-0.583,0.591,-0.482,0.335,0.146,0.093,0.696,0.864,0.476,0.504,0.351,-0.308,0.578,-0.45,0.477,-0.236,-0.311,0.62,-0.486,0.332,0.664,0.607,0.259,0.089,0.186,0.279,-0.349,-0.12,-0.552,0.415,-0.41,0.533,0.081,-0.083,0.683,0.193,-0.037,0.506,-0.454,0.409,0.292,-0.615,0.395,-0.486,-0.22,0.485,-0.278,0.678,0.494,0.329,0.559,0.875,-0.618,0.167,0.148,-0.208,-0.432,0.004,0.633,0.531,-0.022,0.623,-0.563,0.567,0.363,0.169,-0.346,-0.252,-0.594,0.132,0.281,0.818,0.563,0.567,0.748,0.375,-0.372,-0.205,-0.341,0.228,0.338,0.688,0.759,-0.32,-0.446,0.638,-0.042,0.288,-0.373,0.603,0.5,0.263,-0.038,-0.155,0.538,0.364,-0.003,0.225,-0.398,0.716,0.659,0.566,0.529,0.078,0.395,0.525,0.172,-0.09,0.078,-0.067,0.683,-0.15,0.367,0.476,-0.284,-0.165,0.097,0.186,0.207,0.653,0.301,-0.112,0.617,0.646,0.598,0.517,-0.41,-0.068,0.679,-0.09,-0.323,0.559,-0.075,0.191,0.35,-0.541,-0.046,0.086,-0.59,0.815,-0.338,0.624,0.297,-0.62,-0.161,0.314,-0.123,-0.073,0.085,0.302,0.093,0.738,-0.353,0.574,0.431,0.447,-0.112,-0.16,0.616,0.455,-0.25,0.854,-0.668
APPS,0.134,0.25,0.164,0.148,0.316,0.421,0.083,-0.244,0.428,0.159,-0.219,0.329,0.0,0.765,0.381,0.522,-0.153,0.592,0.467,0.187,0.488,-0.028,-0.046,-0.181,0.226,0.34,0.382,0.275,0.388,0.047,0.235,0.198,0.48,-0.09,-0.084,0.416,0.241,0.136,0.094,0.095,0.148,0.345,0.574,0.255,0.069,-0.097,0.643,0.021,0.226,0.103,0.111,-0.349,0.233,-0.122,-0.024,0.178,0.676,0.406,0.255,0.182,0.308,0.218,-0.138,0.058,0.563,-0.06,-0.143,0.437,-0.062,0.04,0.141,0.283,-0.059,0.297,0.553,0.234,0.152,0.45,0.019,0.407,0.176,-0.153,-0.111,-0.025,0.274,-0.19,0.433,0.362,0.121,0.036,0.508,0.272,0.134,0.202,0.352,0.098,0.075,0.081,0.401,0.284,0.342,0.255,-0.117,0.244,0.481,-0.233,-0.157,-0.115,0.03,0.618,0.341,0.258,0.284,0.22,0.223,0.513,0.512,0.288,0.227,-0.069,0.059,-0.224,-0.102,-0.06,0.169,0.196,0.331,0.113,0.029,0.345,-0.325,0.657,0.101,0.461,0.082,-0.011,0.564,0.08,0.428,0.167,0.147,-0.142,0.011,0.642,-0.047,-0.053,-0.006,0.129,0.242,0.22,0.582,-0.065,0.442,0.379,0.02,0.399,0.127,0.137,0.267,0.279,0.007,0.521,0.134,0.112,0.405,0.48,0.171,0.139,0.566,-0.049,0.143,0.032,-0.011,0.501,0.158,-0.02,0.503,0.307,-0.023,0.197,0.008,0.177,-0.091,0.604,0.517,-0.024,0.266,0.306,0.503,-0.071,0.25,0.021,0.34,0.458,-0.178,0.08,-0.106,0.297,0.13,-0.067
ARCB,0.205,0.418,0.096,0.166,0.156,0.4,0.129,-0.107,0.173,0.282,-0.093,0.456,0.765,0.0,0.431,0.396,-0.245,0.488,0.345,0.153,0.438,0.072,0.031,-0.251,0.254,0.161,0.509,0.026,0.361,0.19,0.106,0.36,0.364,0.133,0.035,0.551,0.236,0.004,0.181,0.021,0.108,0.235,0.437,0.362,0.19,0.109,0.486,0.036,0.026,0.262,0.075,-0.341,0.066,-0.21,0.115,0.018,0.555,0.504,0.447,0.303,0.334,0.177,-0.056,-0.09,0.466,0.067,-0.037,0.255,-0.02,0.143,-0.035,0.388,-0.089,0.063,0.586,0.17,0.27,0.524,-0.029,0.542,0.071,-0.278,0.039,-0.184,0.408,-0.054,0.538,0.426,0.302,-0.131,0.456,0.328,0.043,0.013,0.196,0.091,0.193,0.1,0.416,0.101,0.45,0.391,-0.167,0.14,0.481,-0.385,-0.221,-0.066,0.214,0.635,0.303,0.218,0.261,0.139,0.038,0.358,0.374,0.44,0.311,0.066,-0.131,-0.255,0.055,-0.142,0.259,0.089,0.361,0.19,0.046,0.28,-0.406,0.629,0.265,0.44,0.267,-0.157,0.556,0.156,0.441,0.291,0.065,-0.033,0.195,0.606,-0.259,-0.193,-0.039,0.292,0.254,0.274,0.556,-0.16,0.358,0.258,-0.069,0.348,0.245,0.211,0.151,0.405,0.2,0.565,0.242,-0.027,0.365,0.6,0.124,0.094,0.609,-0.229,0.049,-0.008,-0.169,0.47,0.136,-0.005,0.515,0.224,0.202,0.273,-0.144,0.081,-0.119,0.341,0.489,-0.062,0.43,0.43,0.634,-0.22,0.326,0.154,0.399,0.388,-0.248,0.21,0.116,0.162,0.286,-0.133
ARCC,0.524,0.469,-0.233,0.692,-0.078,0.276,-0.258,0.457,-0.107,0.137,-0.042,0.044,0.381,0.431,0.0,0.39,-0.6,0.526,0.577,0.706,0.629,0.263,-0.367,0.524,0.548,0.009,0.298,-0.329,0.754,0.492,-0.172,0.181,-0.099,0.496,-0.0,0.634,0.249,0.284,0.211,0.579,-0.426,0.203,0.184,0.339,-0.075,0.023,0.201,0.409,-0.178,0.27,0.195,-0.319,-0.244,0.242,0.226,0.493,0.349,0.545,0.481,0.745,0.571,-0.526,-0.738,-0.121,0.679,0.467,-0.337,0.527,0.346,0.072,-0.199,-0.097,-0.37,-0.466,0.562,-0.029,0.337,0.696,0.508,0.761,-0.133,-0.502,0.326,-0.431,0.42,-0.037,0.816,0.509,0.085,0.168,0.495,-0.289,-0.527,0.226,0.576,0.078,-0.201,0.477,-0.417,0.179,0.668,0.367,-0.418,0.206,0.425,0.087,-0.015,0.45,0.097,0.066,-0.413,-0.23,-0.228,-0.081,-0.261,0.325,-0.036,0.651,-0.064,-0.386,-0.182,-0.446,-0.147,-0.671,-0.362,0.555,-0.001,0.488,0.656,0.306,0.007,0.423,0.64,0.236,0.31,0.008,0.269,-0.096,0.481,0.36,0.558,-0.539,0.588,0.277,0.247,-0.694,0.24,0.485,0.876,0.707,0.032,-0.453,0.486,-0.113,-0.572,0.676,0.479,0.166,0.416,0.412,0.161,0.45,0.003,0.214,0.644,-0.022,0.071,0.32,0.567,-0.371,-0.715,-0.727,-0.173,0.527,0.487,-0.121,0.382,-0.206,0.205,0.544,-0.253,-0.138,-0.285,0.342,0.218,-0.037,0.575,0.61,0.342,0.51,0.503,0.296,0.546,0.39,-0.762,0.008,0.471,0.18,0.129,0.181
ARVN,-0.037,-0.181,0.51,-0.078,0.558,0.529,-0.583,-0.296,0.334,-0.182,-0.667,-0.033,0.522,0.396,0.39,0.0,0.21,0.769,0.664,0.268,0.745,0.475,-0.579,0.31,0.511,0.643,-0.179,0.449,0.389,-0.313,0.396,-0.206,0.476,-0.342,-0.589,0.029,0.492,0.633,-0.286,0.411,-0.32,0.652,0.619,-0.004,-0.074,-0.279,0.595,0.451,0.569,-0.33,0.663,-0.37,0.482,0.457,-0.353,0.562,0.702,0.303,-0.118,0.216,0.242,-0.164,-0.389,0.432,0.59,0.226,-0.575,0.641,-0.222,-0.005,0.38,-0.072,0.263,0.178,0.606,0.479,-0.336,0.463,0.388,0.305,0.028,0.161,-0.408,0.135,-0.156,-0.596,0.316,0.002,-0.165,0.303,0.797,0.02,0.321,0.706,0.624,-0.139,-0.536,0.574,0.062,0.484,0.09,-0.273,0.217,0.675,0.663,0.165,-0.581,0.167,-0.159,0.145,-0.264,0.012,-0.441,0.472,0.526,0.319,0.04,-0.02,-0.434,-0.274,0.441,0.15,-0.525,0.185,-0.182,0.592,-0.326,-0.125,0.017,0.796,0.099,0.438,-0.031,0.627,-0.346,0.513,0.251,-0.322,-0.066,-0.306,-0.008,-0.337,0.079,0.3,0.245,0.184,0.397,0.094,0.271,0.339,0.361,0.307,0.76,0.589,0.143,0.337,0.088,-0.476,-0.163,-0.124,-0.155,0.435,-0.304,0.458,0.576,0.165,0.597,0.664,0.538,0.275,-0.021,-0.058,0.316,0.808,0.594,0.261,0.124,0.211,-0.373,0.478,0.433,0.512,0.193,0.602,0.739,0.337,-0.121,0.1,0.113,0.175,0.378,-0.45,0.397,0.763,-0.037,-0.388,-0.256,0.603,-0.111,0.497
ATEC,-0.611,-0.845,0.795,-0.694,0.708,0.14,-0.431,-0.651,0.209,-0.264,-0.614,-0.122,-0.153,-0.245,-0.6,0.21,0.0,-0.004,0.105,-0.427,0.058,0.248,-0.379,-0.076,-0.016,0.508,-0.662,0.73,-0.374,-0.906,0.634,-0.37,0.56,-0.823,-0.644,-0.81,0.157,0.363,-0.683,-0.146,-0.162,0.458,0.434,-0.292,-0.109,-0.164,0.07,0.133,0.752,-0.794,0.458,0.108,0.742,0.398,-0.633,0.081,0.207,-0.315,-0.749,-0.541,-0.186,0.084,0.359,0.488,-0.192,-0.291,-0.414,0.102,-0.424,-0.305,0.521,-0.117,0.692,0.642,-0.025,0.442,-0.885,-0.501,-0.05,-0.623,-0.071,0.802,-0.686,0.769,-0.728,-0.573,-0.55,-0.715,-0.294,0.052,0.209,-0.05,0.757,0.407,0.094,-0.128,-0.494,0.268,0.284,0.327,-0.652,-0.802,0.893,0.535,0.17,0.303,-0.602,-0.248,-0.271,-0.143,-0.085,0.261,-0.411,0.522,0.802,-0.326,-0.139,-0.724,-0.446,0.139,0.739,0.738,-0.454,0.946,0.07,0.15,-0.517,-0.668,-0.634,0.497,0.258,-0.225,-0.852,0.36,-0.766,0.651,-0.19,-0.419,-0.518,-0.833,-0.785,0.157,-0.416,-0.246,0.289,0.909,0.365,-0.402,-0.638,-0.37,0.267,0.929,0.241,0.705,0.783,-0.224,-0.359,-0.814,-0.688,-0.615,-0.434,0.022,-0.487,0.314,-0.077,-0.054,0.54,0.408,-0.167,0.823,0.612,0.572,0.391,0.22,0.228,0.291,-0.263,0.168,-0.632,-0.281,0.647,0.787,0.714,0.189,0.367,0.559,-0.85,-0.731,-0.419,-0.336,-0.059,-0.828,-0.15,0.314,0.88,-0.594,-0.724,0.369,-0.145,0.337
ATXS,0.027,-0.075,0.374,0.002,0.294,0.664,-0.498,-0.202,0.354,-0.17,-0.585,-0.161,0.592,0.488,0.526,0.769,-0.004,0.0,0.655,0.546,0.651,0.427,-0.551,0.308,0.71,0.635,-0.03,0.362,0.405,-0.136,0.134,-0.293,0.374,-0.185,-0.546,0.147,0.528,0.669,-0.261,0.515,-0.325,0.519,0.555,0.019,-0.273,-0.215,0.484,0.197,0.454,-0.248,0.621,-0.547,0.417,0.437,-0.368,0.645,0.568,0.202,-0.091,0.275,0.38,-0.207,-0.437,0.528,0.645,0.448,-0.591,0.756,-0.279,0.117,0.31,-0.234,0.088,0.112,0.507,0.565,-0.199,0.568,0.563,0.361,0.275,0.049,-0.373,0.003,-0.101,-0.587,0.418,0.075,-0.315,0.397,0.691,0.043,0.236,0.677,0.648,-0.27,-0.519,0.517,-0.159,0.628,0.189,-0.121,-0.045,0.651,0.721,0.215,-0.436,0.171,-0.26,0.123,-0.313,-0.175,-0.362,0.472,0.394,0.473,0.203,0.062,-0.45,-0.497,0.374,0.151,-0.544,-0.044,-0.175,0.663,-0.238,-0.132,0.095,0.618,0.015,0.498,0.08,0.612,-0.12,0.398,0.233,-0.367,0.007,-0.225,0.136,-0.431,0.068,0.428,0.194,-0.106,0.381,-0.049,0.483,0.279,0.198,0.213,0.727,0.448,-0.142,0.411,-0.038,-0.297,0.159,-0.093,-0.266,0.392,-0.289,0.498,0.676,-0.003,0.55,0.687,0.443,0.062,-0.208,-0.314,0.448,0.765,0.502,0.379,0.076,0.303,-0.348,0.445,0.393,0.418,-0.098,0.704,0.71,0.283,0.01,0.229,0.048,0.268,0.209,-0.297,0.274,0.725,-0.149,-0.384,-0.173,0.642,-0.234,0.569
AVAV,0.018,-0.158,0.406,0.141,0.515,0.605,-0.519,-0.103,0.237,-0.038,-0.539,0.052,0.467,0.345,0.577,0.664,0.105,0.655,0.0,0.573,0.696,0.464,-0.67,0.44,0.743,0.444,-0.087,0.252,0.602,-0.163,0.365,-0.053,0.304,-0.118,-0.544,0.104,0.406,0.643,-0.191,0.458,-0.499,0.695,0.6,0.063,-0.175,0.043,0.493,0.506,0.406,-0.272,0.616,-0.191,0.423,0.565,-0.314,0.614,0.541,0.307,-0.097,0.3,0.53,-0.36,-0.504,0.371,0.61,0.291,-0.691,0.695,-0.026,-0.012,0.182,-0.265,0.255,0.071,0.575,0.468,-0.307,0.415,0.585,0.343,-0.1,0.158,-0.254,0.056,-0.069,-0.58,0.443,-0.001,-0.134,0.258,0.664,-0.21,0.032,0.596,0.815,-0.005,-0.582,0.761,-0.132,0.576,0.21,-0.297,0.217,0.723,0.737,0.327,-0.473,0.333,-0.137,0.118,-0.459,-0.057,-0.47,0.455,0.389,0.193,0.07,0.053,-0.37,-0.29,0.492,0.145,-0.485,-0.004,-0.424,0.726,-0.307,-0.081,0.177,0.694,0.32,0.487,0.052,0.672,-0.215,0.515,0.297,-0.491,0.207,-0.259,-0.013,-0.539,0.265,0.245,0.52,-0.026,0.576,0.133,0.496,0.43,0.225,0.257,0.757,0.498,-0.024,0.617,0.144,-0.425,0.046,-0.117,-0.244,0.576,-0.296,0.538,0.667,-0.124,0.588,0.734,0.476,0.333,-0.301,-0.261,0.279,0.726,0.731,0.171,0.24,0.062,-0.268,0.389,0.273,0.538,0.159,0.7,0.552,0.465,-0.11,0.138,0.036,0.258,0.465,-0.287,0.433,0.658,-0.159,-0.459,-0.105,0.66,0.054,0.502
AXON,0.17,0.124,-0.092,0.408,-0.109,0.59,-0.277,0.347,0.154,0.017,-0.121,-0.188,0.187,0.153,0.706,0.268,-0.427,0.546,0.573,0.0,0.353,0.278,-0.428,0.52,0.688,0.15,0.075,-0.123,0.548,0.291,-0.189,-0.079,-0.249,0.286,-0.231,0.338,0.143,0.471,0.094,0.578,-0.463,0.22,0.068,-0.001,-0.326,0.185,0.031,0.211,-0.032,0.083,0.343,-0.235,-0.0,0.497,-0.074,0.604,0.06,0.111,0.061,0.407,0.616,-0.467,-0.662,0.367,0.513,0.596,-0.457,0.603,0.139,-0.001,0.039,-0.565,-0.034,-0.264,0.23,0.204,0.132,0.576,0.692,0.389,0.174,-0.085,0.06,-0.414,0.074,-0.241,0.518,0.164,-0.264,0.384,0.256,-0.249,-0.333,0.389,0.652,-0.16,-0.401,0.524,-0.676,0.406,0.36,0.009,-0.318,0.336,0.452,0.427,0.047,0.522,-0.211,-0.085,-0.557,-0.371,-0.323,0.113,-0.073,0.268,0.031,0.144,-0.279,-0.559,0.138,-0.084,-0.24,-0.546,-0.577,0.613,-0.126,0.149,0.495,0.198,0.388,0.363,0.434,0.344,0.157,0.088,0.068,-0.351,0.188,0.038,0.404,-0.615,0.279,0.157,0.389,-0.562,0.448,0.054,0.784,0.336,-0.38,-0.175,0.425,-0.075,-0.514,0.6,0.074,0.03,0.616,-0.017,-0.208,0.194,-0.257,0.452,0.534,-0.411,0.246,0.527,0.177,-0.142,-0.664,-0.641,0.357,0.375,0.508,0.111,0.038,-0.044,-0.074,0.522,0.052,0.076,-0.335,0.422,0.106,0.23,0.145,0.302,-0.139,0.483,0.1,0.112,0.176,0.28,-0.495,-0.255,0.211,0.434,-0.168,0.46
BANF,0.23,0.053,0.365,0.325,0.499,0.378,-0.589,0.032,0.067,0.122,-0.524,0.188,0.488,0.438,0.629,0.745,0.058,0.651,0.696,0.353,0.0,0.604,-0.62,0.438,0.474,0.369,-0.096,0.162,0.633,-0.086,0.469,0.007,0.476,-0.047,-0.415,0.261,0.285,0.479,-0.16,0.451,-0.482,0.589,0.642,0.41,0.117,-0.156,0.511,0.703,0.381,-0.161,0.523,-0.298,0.261,0.499,-0.071,0.558,0.847,0.661,0.173,0.559,0.477,-0.44,-0.531,0.185,0.66,0.129,-0.601,0.608,0.199,-0.101,0.284,0.077,0.124,-0.015,0.879,0.17,-0.193,0.552,0.375,0.577,-0.284,-0.092,-0.061,0.052,0.093,-0.381,0.583,0.203,0.087,0.179,0.932,-0.287,0.004,0.51,0.701,0.139,-0.477,0.725,-0.024,0.294,0.429,-0.056,0.217,0.564,0.517,0.103,-0.508,0.399,0.169,0.117,-0.363,0.173,-0.495,0.207,0.315,0.11,-0.101,0.279,-0.288,-0.177,0.238,-0.134,-0.392,-0.016,-0.236,0.653,-0.265,0.229,0.348,0.832,0.045,0.474,0.177,0.547,-0.247,0.458,0.376,-0.171,0.244,-0.08,0.098,-0.379,0.505,0.186,0.411,-0.026,0.503,0.473,0.418,0.675,0.419,0.111,0.776,0.517,-0.002,0.674,0.486,-0.403,-0.159,0.205,0.082,0.693,-0.201,0.351,0.688,0.264,0.53,0.611,0.783,0.142,-0.271,-0.309,-0.017,0.886,0.734,-0.083,0.465,-0.163,-0.152,0.552,0.1,0.405,0.303,0.566,0.61,0.371,0.129,0.206,0.363,0.24,0.721,-0.236,0.714,0.824,-0.207,-0.261,0.08,0.417,0.183,0.291
BATRK,-0.206,-0.102,0.424,-0.051,0.335,0.374,-0.604,0.143,-0.104,0.066,-0.503,0.112,-0.028,0.072,0.263,0.475,0.248,0.427,0.464,0.278,0.604,0.0,-0.678,0.276,0.38,0.175,-0.17,0.057,0.328,-0.146,0.498,-0.081,0.164,-0.014,-0.443,-0.025,0.028,0.386,-0.083,0.331,-0.562,0.519,0.431,0.242,0.174,0.234,0.222,0.65,0.263,-0.141,0.515,-0.097,0.181,0.515,-0.057,0.28,0.459,0.443,-0.13,0.131,0.237,-0.456,-0.427,0.403,0.071,0.223,-0.568,0.244,0.194,0.009,0.295,-0.005,0.431,-0.121,0.614,0.108,-0.274,0.366,0.28,0.293,-0.435,0.233,-0.049,-0.068,-0.048,-0.4,0.437,0.016,0.088,0.019,0.612,-0.303,0.137,0.471,0.489,0.213,-0.547,0.739,-0.141,0.074,0.241,-0.349,0.388,0.438,0.242,0.019,-0.563,0.541,0.175,-0.241,-0.422,0.083,-0.652,0.069,0.264,-0.26,-0.398,-0.179,-0.353,-0.028,0.262,0.065,-0.248,0.112,-0.329,0.476,-0.494,0.109,0.269,0.595,0.338,0.257,0.135,0.416,-0.405,0.337,0.387,-0.316,-0.091,-0.234,-0.193,-0.242,0.491,-0.283,0.441,0.117,0.674,0.261,0.172,0.512,0.047,0.296,0.605,0.294,0.079,0.308,0.37,-0.565,-0.331,-0.052,0.09,0.562,-0.391,0.14,0.326,0.038,0.533,0.676,0.552,0.356,-0.239,-0.143,0.165,0.652,0.573,-0.036,0.184,-0.177,-0.077,0.667,0.213,0.395,0.367,0.297,0.378,0.656,-0.225,-0.188,0.105,0.128,0.536,-0.246,0.28,0.577,0.008,-0.386,0.109,0.506,0.175,0.362
BIDU,0.286,0.503,-0.624,0.137,-0.497,-0.481,0.843,0.12,-0.042,0.329,0.775,0.373,-0.046,0.031,-0.367,-0.579,-0.379,-0.551,-0.67,-0.428,-0.62,-0.678,0.0,-0.577,-0.605,-0.583,0.552,-0.403,-0.364,0.484,-0.335,0.384,-0.292,0.341,0.784,0.331,-0.449,-0.837,0.57,-0.682,0.821,-0.618,-0.619,0.144,0.428,0.124,-0.027,-0.476,-0.605,0.622,-0.793,0.364,-0.489,-0.785,0.531,-0.677,-0.405,-0.077,0.481,-0.096,-0.342,0.615,0.65,-0.568,-0.405,-0.413,0.945,-0.715,0.131,0.267,-0.346,0.444,-0.317,-0.111,-0.4,-0.483,0.616,-0.187,-0.697,-0.054,0.207,-0.4,0.417,-0.253,0.496,0.79,-0.303,0.365,0.447,-0.431,-0.623,0.509,-0.271,-0.739,-0.691,0.179,0.935,-0.835,0.434,-0.595,0.061,0.564,-0.375,-0.806,-0.594,-0.525,0.702,-0.236,0.405,0.414,0.726,0.222,0.823,-0.438,-0.554,-0.028,0.406,0.252,0.725,0.505,-0.637,-0.356,0.758,-0.199,0.526,-0.866,0.791,0.251,-0.066,-0.77,-0.447,-0.017,0.217,-0.605,0.572,-0.686,0.004,0.789,0.267,0.616,0.276,0.584,-0.114,0.195,-0.688,-0.117,-0.748,0.133,-0.3,-0.336,0.018,-0.535,-0.841,-0.462,-0.117,-0.441,0.003,0.782,0.194,0.425,0.46,-0.358,0.742,-0.6,-0.594,0.324,-0.68,-0.919,-0.272,-0.496,0.244,0.329,-0.429,-0.781,-0.707,-0.29,0.103,-0.016,0.567,-0.356,-0.585,-0.649,-0.286,-0.599,-0.53,-0.632,0.412,0.239,0.338,-0.312,-0.314,0.634,-0.174,-0.719,-0.104,0.846,0.318,-0.707,0.222,-0.751
BLNE,0.284,-0.157,0.001,0.37,0.054,0.046,-0.678,0.211,-0.149,-0.268,-0.308,-0.395,-0.181,-0.251,0.524,0.31,-0.076,0.308,0.44,0.52,0.438,0.276,-0.577,0.0,0.48,0.188,-0.402,-0.044,0.349,-0.016,-0.014,-0.363,-0.058,0.055,-0.317,-0.037,0.179,0.54,-0.3,0.622,-0.53,0.237,0.076,0.005,-0.37,-0.248,-0.126,0.455,0.211,-0.283,0.438,-0.173,0.06,0.666,-0.171,0.665,0.079,0.032,-0.081,0.489,0.453,-0.727,-0.568,0.194,0.531,0.355,-0.546,0.55,0.176,-0.018,0.223,-0.462,-0.137,-0.358,0.155,0.098,-0.243,0.194,0.718,0.258,-0.067,-0.092,0.013,0.05,-0.169,-0.24,0.238,-0.158,-0.35,0.515,0.342,-0.616,-0.315,0.465,0.514,-0.211,-0.574,0.566,-0.697,0.318,0.089,-0.145,-0.029,0.34,0.219,0.568,-0.035,0.431,-0.201,-0.533,-0.786,-0.271,-0.693,0.123,0.06,-0.008,-0.318,0.186,-0.606,-0.53,0.28,0.023,-0.5,-0.244,-0.532,0.657,-0.535,0.074,0.408,0.39,0.334,-0.153,0.138,0.051,-0.188,0.42,-0.301,-0.422,-0.03,-0.192,0.316,-0.48,0.281,-0.165,0.565,-0.303,0.427,0.147,0.541,0.465,-0.284,0.011,0.403,0.031,-0.333,0.378,0.115,-0.324,0.081,-0.067,-0.146,0.002,-0.385,0.598,0.549,-0.571,0.279,0.489,0.056,-0.053,-0.599,-0.706,0.18,0.383,0.574,0.052,-0.11,-0.387,-0.282,0.272,0.094,0.122,0.097,0.159,-0.009,0.151,0.03,0.151,-0.34,0.672,0.329,-0.194,0.297,0.295,-0.271,-0.414,0.08,0.243,-0.212,0.464
BLNK,0.102,-0.198,0.327,0.036,0.244,0.669,-0.531,-0.065,0.311,-0.314,-0.548,-0.235,0.226,0.254,0.548,0.511,-0.016,0.71,0.743,0.688,0.474,0.38,-0.605,0.48,0.0,0.511,-0.083,0.204,0.382,-0.08,0.038,-0.227,0.06,-0.066,-0.59,0.025,0.597,0.737,-0.243,0.527,-0.449,0.583,0.306,-0.157,-0.415,0.049,0.276,0.254,0.341,-0.287,0.642,-0.28,0.418,0.584,-0.447,0.744,0.269,0.004,-0.195,0.263,0.394,-0.357,-0.532,0.472,0.591,0.62,-0.584,0.731,-0.293,0.179,0.094,-0.529,0.131,-0.012,0.246,0.667,-0.285,0.454,0.745,0.219,0.224,0.157,-0.367,-0.072,-0.216,-0.57,0.319,-0.036,-0.373,0.424,0.484,-0.039,0.024,0.558,0.679,-0.411,-0.599,0.618,-0.383,0.702,0.07,-0.31,-0.025,0.699,0.705,0.495,-0.398,0.261,-0.256,-0.009,-0.633,-0.411,-0.546,0.607,0.317,0.347,0.116,0.031,-0.535,-0.577,0.476,0.319,-0.59,-0.092,-0.547,0.731,-0.381,-0.28,0.074,0.498,0.34,0.397,0.125,0.638,-0.113,0.494,-0.034,-0.578,-0.107,-0.315,0.082,-0.492,0.116,0.376,0.337,-0.221,0.541,-0.104,0.655,0.202,-0.136,0.213,0.642,0.361,-0.291,0.386,-0.131,-0.357,0.117,-0.323,-0.373,0.273,-0.266,0.548,0.731,-0.38,0.529,0.756,0.164,0.139,-0.442,-0.381,0.486,0.566,0.633,0.545,-0.116,0.21,-0.337,0.317,0.391,0.429,-0.175,0.511,0.524,0.293,-0.128,0.318,-0.228,0.27,0.16,-0.245,0.139,0.513,-0.157,-0.481,-0.099,0.552,-0.279,0.719
BTAI,-0.286,-0.633,0.788,-0.528,0.566,0.596,-0.583,-0.705,0.607,-0.601,-0.863,-0.453,0.34,0.161,0.009,0.643,0.508,0.635,0.444,0.15,0.369,0.175,-0.583,0.188,0.511,0.0,-0.537,0.878,-0.081,-0.705,0.232,-0.583,0.48,-0.793,-0.851,-0.477,0.618,0.841,-0.725,0.317,-0.216,0.494,0.537,-0.456,-0.57,-0.46,0.173,-0.035,0.901,-0.752,0.786,-0.489,0.858,0.543,-0.866,0.661,0.414,-0.348,-0.641,-0.187,0.083,0.044,-0.195,0.65,0.55,0.232,-0.659,0.764,-0.743,-0.127,0.523,-0.404,0.305,0.555,0.072,0.852,-0.713,0.062,0.52,-0.281,0.462,0.52,-0.879,0.456,-0.696,-0.854,-0.19,-0.489,-0.682,0.639,0.5,0.158,0.723,0.691,0.38,-0.657,-0.686,0.335,-0.045,0.827,-0.473,-0.562,0.285,0.802,0.695,0.504,-0.633,-0.352,-0.646,0.016,-0.327,-0.164,-0.437,0.844,0.864,0.408,0.138,-0.385,-0.681,-0.582,0.777,0.648,-0.84,0.526,-0.158,0.559,-0.512,-0.714,-0.547,0.659,0.037,0.094,-0.552,0.729,-0.556,0.7,-0.263,-0.626,-0.51,-0.748,-0.325,-0.223,-0.544,0.361,0.238,0.38,0.347,-0.55,0.035,-0.286,0.135,0.675,0.656,0.728,0.296,0.011,-0.542,-0.632,-0.148,-0.631,-0.665,-0.044,-0.535,0.687,0.511,-0.115,0.637,0.688,-0.063,0.43,0.297,0.091,0.667,0.603,0.354,0.725,-0.387,0.52,-0.852,-0.026,0.858,0.75,0.101,0.575,0.732,0.31,-0.509,-0.181,-0.431,-0.018,-0.165,-0.81,-0.056,0.639,0.452,-0.702,-0.792,0.584,-0.601,0.731
BYND,0.391,0.792,-0.579,0.437,-0.439,-0.064,0.651,0.406,-0.111,0.485,0.597,0.586,0.382,0.509,0.298,-0.179,-0.662,-0.03,-0.087,0.075,-0.096,-0.17,0.552,-0.402,-0.083,-0.537,0.0,-0.587,0.245,0.762,-0.196,0.602,-0.278,0.694,0.697,0.742,-0.243,-0.622,0.779,-0.313,0.437,-0.24,-0.207,0.443,0.503,0.459,0.307,-0.124,-0.68,0.837,-0.576,0.102,-0.578,-0.64,0.698,-0.457,0.007,0.478,0.728,0.242,0.062,0.251,0.082,-0.459,-0.084,0.012,0.582,-0.365,0.372,0.379,-0.422,0.504,-0.39,-0.361,0.197,-0.396,0.818,0.429,-0.396,0.559,-0.059,-0.554,0.612,-0.593,0.835,0.597,0.48,0.766,0.658,-0.48,-0.136,0.37,-0.483,-0.46,-0.214,0.425,0.718,-0.354,0.319,-0.456,0.632,0.72,-0.509,-0.545,-0.148,-0.684,0.451,0.124,0.578,0.476,0.545,0.16,0.63,-0.469,-0.639,0.135,0.321,0.563,0.741,0.355,-0.676,-0.597,0.669,-0.545,0.246,-0.402,0.735,0.588,0.371,-0.435,-0.344,0.461,0.678,-0.253,0.681,-0.726,0.595,0.567,0.634,0.805,0.475,0.225,0.4,0.341,-0.499,-0.497,-0.332,0.448,0.255,0.253,0.125,-0.681,-0.275,-0.447,-0.349,0.069,0.385,0.76,0.405,0.685,0.617,0.311,0.66,-0.586,-0.097,0.422,-0.467,-0.489,0.385,-0.532,-0.172,-0.025,-0.477,-0.22,-0.323,-0.35,0.519,-0.015,0.802,0.178,-0.679,-0.57,-0.391,-0.157,-0.172,-0.398,0.68,0.535,0.713,-0.105,0.165,0.808,0.068,-0.293,-0.539,0.722,0.65,-0.283,0.499,-0.592
CAN,-0.485,-0.747,0.801,-0.651,0.68,0.45,-0.41,-0.792,0.597,-0.469,-0.752,-0.303,0.275,0.026,-0.329,0.449,0.73,0.362,0.252,-0.123,0.162,0.057,-0.403,-0.044,0.204,0.878,-0.587,0.0,-0.257,-0.852,0.421,-0.501,0.596,-0.945,-0.757,-0.641,0.379,0.619,-0.726,0.034,-0.059,0.45,0.518,-0.449,-0.405,-0.391,0.139,-0.094,0.928,-0.786,0.598,-0.249,0.898,0.446,-0.825,0.388,0.346,-0.429,-0.735,-0.437,-0.072,0.214,0.119,0.613,0.28,-0.116,-0.514,0.535,-0.694,-0.277,0.575,-0.275,0.492,0.77,-0.029,0.714,-0.782,-0.206,0.193,-0.535,0.363,0.718,-0.888,0.589,-0.749,-0.746,-0.436,-0.611,-0.577,0.448,0.335,0.159,0.848,0.564,0.241,-0.499,-0.546,0.188,0.173,0.676,-0.626,-0.656,0.514,0.674,0.479,0.436,-0.557,-0.45,-0.591,0.078,-0.053,0.121,-0.27,0.752,0.932,0.167,0.175,-0.584,-0.518,-0.282,0.817,0.723,-0.666,0.767,0.025,0.327,-0.395,-0.76,-0.695,0.556,0.076,-0.007,-0.775,0.617,-0.654,0.639,-0.239,-0.492,-0.527,-0.809,-0.526,-0.008,-0.678,0.21,0.235,0.675,0.279,-0.605,-0.339,-0.481,0.251,0.809,0.455,0.779,0.579,-0.133,-0.578,-0.644,-0.261,-0.649,-0.675,-0.089,-0.526,0.587,0.224,-0.023,0.572,0.498,-0.176,0.623,0.611,0.405,0.588,0.392,0.239,0.564,-0.332,0.478,-0.852,-0.202,0.826,0.785,0.335,0.459,0.6,0.385,-0.697,-0.489,-0.451,-0.198,-0.251,-0.866,-0.15,0.464,0.7,-0.63,-0.921,0.494,-0.471,0.519
CCEC,0.298,0.382,-0.153,0.628,0.129,0.212,-0.182,0.482,-0.179,0.354,-0.0,0.281,0.388,0.361,0.754,0.389,-0.374,0.405,0.602,0.548,0.633,0.328,-0.364,0.349,0.382,-0.081,0.245,-0.257,0.0,0.333,0.091,0.274,0.17,0.411,0.041,0.544,0.141,0.152,0.21,0.424,-0.435,0.265,0.353,0.502,0.185,0.115,0.341,0.489,-0.145,0.246,0.105,-0.099,-0.191,0.235,0.306,0.269,0.402,0.66,0.473,0.636,0.561,-0.564,-0.599,-0.077,0.46,0.221,-0.34,0.375,0.479,-0.084,-0.113,0.053,-0.148,-0.313,0.671,-0.124,0.259,0.613,0.272,0.686,-0.361,-0.357,0.375,-0.321,0.433,-0.025,0.746,0.484,0.295,-0.037,0.513,-0.374,-0.395,0.194,0.579,0.329,-0.204,0.524,-0.181,0.053,0.686,0.29,-0.153,0.216,0.324,0.019,-0.104,0.489,0.261,0.117,-0.212,0.057,-0.161,-0.16,-0.18,0.099,-0.091,0.511,0.006,-0.084,-0.122,-0.421,-0.024,-0.464,-0.321,0.481,0.073,0.507,0.692,0.354,0.127,0.458,0.493,0.288,0.236,0.002,0.472,-0.021,0.558,0.323,0.391,-0.378,0.664,0.102,0.315,-0.417,0.286,0.575,0.562,0.724,0.187,-0.3,0.455,0.029,-0.228,0.785,0.63,0.059,0.251,0.435,0.2,0.654,0.015,0.074,0.547,0.133,0.151,0.312,0.662,-0.161,-0.509,-0.498,-0.224,0.507,0.53,-0.316,0.593,-0.242,0.264,0.523,-0.282,-0.03,-0.007,0.463,0.195,0.154,0.431,0.336,0.42,0.323,0.595,0.202,0.597,0.421,-0.593,0.006,0.444,0.224,0.414,0.025
CDW,0.618,0.894,-0.842,0.698,-0.687,-0.253,0.51,0.74,-0.32,0.401,0.702,0.345,0.047,0.19,0.492,-0.313,-0.906,-0.136,-0.163,0.291,-0.086,-0.146,0.484,-0.016,-0.08,-0.705,0.762,-0.852,0.333,0.0,-0.48,0.48,-0.539,0.905,0.751,0.827,-0.327,-0.548,0.805,-0.063,0.256,-0.427,-0.49,0.484,0.38,0.355,0.019,-0.008,-0.856,0.9,-0.579,0.095,-0.824,-0.462,0.8,-0.26,-0.209,0.43,0.825,0.513,0.109,-0.071,-0.189,-0.559,0.0,0.133,0.558,-0.33,0.56,0.388,-0.558,0.275,-0.573,-0.701,0.082,-0.592,0.914,0.474,-0.161,0.646,-0.113,-0.794,0.803,-0.758,0.866,0.719,0.528,0.816,0.518,-0.307,-0.233,0.088,-0.808,-0.531,-0.174,0.332,0.618,-0.274,-0.142,-0.534,0.713,0.799,-0.726,-0.653,-0.35,-0.466,0.628,0.374,0.535,0.156,0.188,-0.103,0.428,-0.651,-0.877,0.13,0.102,0.697,0.56,0.124,-0.818,-0.784,0.632,-0.866,-0.035,-0.302,0.596,0.759,0.68,-0.548,-0.238,0.3,0.899,-0.442,0.759,-0.701,0.323,0.566,0.576,0.907,0.75,0.017,0.575,0.164,-0.293,-0.798,-0.364,0.565,0.551,0.436,-0.238,-0.917,-0.374,-0.726,-0.706,0.157,0.494,0.824,0.534,0.698,0.646,0.092,0.605,-0.492,-0.026,0.133,-0.575,-0.496,0.242,-0.777,-0.603,-0.433,-0.512,-0.317,-0.244,-0.432,0.383,-0.286,0.804,0.294,-0.799,-0.825,-0.544,-0.329,-0.455,-0.489,0.822,0.658,0.538,0.277,0.19,0.961,0.164,-0.407,-0.8,0.734,0.859,-0.468,0.342,-0.492
