,ABEO,ACHC,AGNCN,AKAM,AKRO,ALRM,AMAT,AMED,AMRN,ANGI,APA,APOG,APPS,ARCB,ARCC,ARVN,ATEC,ATXS,AVAV,AXON,BANF,BATRK,BIDU,BLNE,BLNK,BTAI,BYND,CAN,CCEC,CDW,CDXS,CELH,CGNX,CHKP,CHRS,CHRW,CIGI,CKPT,CMPR,COGT,CRNC,CRSP,CSTL,CTSH,CVGW,DGLY,DNLI,DOCU,DVAX,EBAY,EHTH,ERII,ESLT,EXPE,EXPO,FBIOP,FFBC,FFIN,FOXF,FWRD,GDS,GERN,GPRE,GRWG,GRYP,HEES,HELE,HIVE,HON,HRTX,HSTM,HURA,IART,IBKR,IBOC,IBRX,IDXX,INGN,INM,INVA,IQ,IRBT,KDP,KPTI,KTOS,KXIN,LAMR,LFUS,LGIH,LGMK,LKFN,LNW,LOPE,LPSN,LYFT,MGNX,MLCO,MNST,MODV,MSTR,MTCH,MYGN,MYRG,NCMI,NEXT,NFLX,NIU,NKTR,NRC,NTNX,NTRA,NVEE,NVMI,NWL,NWS,NXPI,OCGN,OCSL,OKTA,OLLI,OTLK,OXLC,PAA,PARA,PARAA,PDCO,PDFS,PFG,PGEN,PNFP,PODD,POWI,PSMT,PTC,PTEN,PVLA,RDNT,RDUS,RDWR,REGN,RNAC,ROCK,ROST,RRR,RSLS,RVMD,RYAAY,SAFT,SAGE,SAVA,SBGI,SFM,SFNC,SHYF,SIBN,SIFY,SIGI,SIMO,SITM,SLM,SNBR,SNDX,SNY,SPNS,SRRK,STRA,SUPN,SYRE,TCBK,TEAM,TECH,THRM,TLRY,TRMK,TROW,TSLA,TWST,TXN,UFPI,UNIT,UPWK,USLM,UTHR,VERB,VLY,VRNA,VRRM,VXRT,WAFD,WATT,WBA,WING,WIX,WTFC,WTW,XPEL,XRX,YMAB,ZG,ZLAB
ABEO,0.0,0.709,-0.242,0.642,0.342,-0.282,0.814,0.669,0.742,0.696,0.322,-0.221,0.536,0.069,-0.049,0.807,-0.459,0.866,0.813,-0.506,-0.316,0.128,0.639,0.669,0.692,0.685,0.622,-0.478,0.316,0.788,-0.46,0.625,0.313,0.376,-0.167,-0.163,0.772,0.211,-0.04,0.692,0.394,0.433,0.737,-0.07,0.066,0.625,0.512,-0.437,-0.131,0.256,0.376,0.425,-0.551,-0.437,0.358,0.662,-0.394,-0.34,0.761,0.564,0.309,0.692,0.305,0.551,0.087,-0.121,-0.269,-0.003,-0.534,0.719,-0.376,0.596,-0.251,-0.613,-0.377,0.498,0.623,0.035,0.662,0.624,0.683,0.361,0.563,0.49,-0.071,0.552,0.645,0.774,0.237,0.361,-0.354,0.552,-0.358,0.592,-0.344,0.248,0.837,0.012,-0.111,-0.636,0.513,0.708,-0.463,0.234,-0.505,-0.678,0.768,0.722,0.062,-0.279,-0.71,0.295,0.623,0.115,-0.455,0.76,0.43,0.561,0.056,0.297,0.457,-0.111,-0.426,0.021,-0.472,0.6,0.069,-0.028,0.391,-0.444,-0.414,0.644,0.431,-0.043,-0.046,0.599,-0.405,-0.041,-0.393,0.77,0.725,-0.162,0.296,0.652,0.448,-0.273,0.355,-0.234,0.792,-0.198,0.298,-0.481,-0.112,-0.134,0.386,0.768,-0.32,0.482,-0.14,-0.442,0.562,0.62,0.766,0.621,0.772,-0.303,-0.213,0.73,-0.335,-0.552,0.389,-0.025,0.632,-0.254,-0.387,-0.44,0.393,0.506,0.052,0.006,-0.277,-0.482,0.068,0.773,-0.366,-0.209,0.597,0.799,-0.199,0.77,0.73,0.309,-0.542,-0.437,-0.374,-0.315,0.424,0.792,-0.491,0.775
ACHC,0.709,0.0,-0.453,0.78,-0.176,-0.637,0.51,0.692,0.702,0.547,0.691,-0.668,0.797,-0.394,0.058,0.581,-0.908,0.676,0.446,-0.72,-0.666,-0.143,0.682,0.722,0.859,0.374,0.819,-0.784,0.731,0.888,-0.832,0.792,-0.223,0.688,-0.199,-0.167,0.722,0.479,-0.242,0.85,-0.063,-0.106,0.451,-0.502,-0.327,0.731,-0.009,-0.763,-0.604,0.454,-0.047,0.011,-0.774,-0.757,0.126,0.873,-0.732,-0.691,0.9,0.651,-0.086,0.491,0.222,0.745,-0.125,-0.412,0.01,-0.381,-0.747,0.716,-0.785,0.415,-0.653,-0.837,-0.716,0.306,0.831,-0.364,0.87,0.299,0.846,0.561,0.678,0.112,-0.37,0.782,0.878,0.527,-0.132,-0.003,-0.693,0.04,-0.753,0.741,-0.689,-0.25,0.704,-0.336,-0.479,-0.678,0.809,0.932,-0.878,0.606,-0.742,-0.769,0.834,0.506,-0.444,-0.657,-0.751,-0.113,0.208,-0.288,-0.832,0.888,0.001,0.676,-0.41,-0.238,-0.069,-0.658,-0.632,-0.509,-0.621,0.58,-0.398,-0.023,0.018,-0.786,-0.718,0.351,0.491,-0.406,-0.364,0.602,-0.677,-0.48,-0.261,0.974,0.823,-0.645,0.382,0.465,0.353,-0.78,-0.042,-0.599,0.941,-0.034,0.398,-0.904,-0.499,-0.646,-0.168,0.81,-0.648,0.776,-0.49,-0.659,0.156,0.389,0.813,0.66,0.8,-0.689,-0.56,0.346,-0.651,-0.905,-0.003,-0.458,0.785,-0.647,-0.669,-0.704,-0.08,-0.001,-0.248,-0.244,-0.74,-0.833,-0.513,0.817,-0.637,-0.587,0.903,0.892,-0.56,0.78,0.617,0.395,-0.629,-0.754,-0.83,-0.554,0.615,0.613,-0.772,0.772
AGNCN,-0.242,-0.453,0.0,-0.014,0.487,0.153,-0.067,0.064,0.019,0.155,-0.142,0.198,-0.044,0.122,-0.467,-0.014,0.484,-0.113,-0.1,-0.039,0.141,0.142,0.15,-0.447,-0.214,0.215,-0.043,0.197,-0.421,-0.424,0.42,-0.058,0.266,-0.662,-0.205,-0.347,-0.243,-0.35,-0.105,-0.339,0.099,0.132,0.047,0.024,0.38,-0.007,-0.013,0.056,0.143,-0.527,0.028,0.064,0.386,0.129,-0.21,-0.226,0.194,0.094,-0.308,-0.156,0.024,0.225,0.354,-0.055,-0.254,-0.157,-0.374,-0.125,-0.045,0.035,0.222,0.073,0.432,0.188,0.164,0.13,-0.63,-0.071,-0.564,-0.193,-0.05,0.05,-0.58,0.214,-0.28,-0.389,-0.23,-0.17,0.235,-0.339,0.15,0.086,0.163,0.024,0.028,0.25,0.022,-0.131,0.508,0.011,-0.118,-0.323,0.398,-0.081,0.126,0.067,-0.26,-0.088,0.134,0.085,0.082,0.467,-0.078,0.205,0.289,-0.272,0.007,-0.369,0.03,0.353,0.364,0.19,0.293,0.346,0.039,0.073,0.001,-0.349,-0.27,0.171,-0.017,0.09,-0.411,0.183,-0.078,0.125,-0.078,0.238,-0.149,-0.449,-0.115,0.292,-0.367,0.129,0.213,0.467,0.262,0.147,-0.497,-0.402,0.286,0.37,0.161,0.421,0.361,-0.046,0.055,-0.205,0.012,0.13,0.074,0.235,-0.104,0.165,-0.113,0.199,0.224,-0.046,0.161,0.284,0.367,0.492,-0.045,0.147,0.246,0.02,0.237,0.128,-0.125,0.017,0.34,0.277,0.339,-0.134,0.191,0.263,-0.46,-0.29,0.113,-0.287,0.046,-0.633,-0.038,0.147,0.425,-0.117,-0.519,0.01,0.042,-0.304
AKAM,0.642,0.78,-0.014,0.0,0.205,-0.723,0.601,0.892,0.833,0.779,0.802,-0.63,0.891,-0.36,-0.409,0.735,-0.633,0.761,0.477,-0.938,-0.699,0.089,0.889,0.606,0.907,0.549,0.967,-0.766,0.463,0.752,-0.665,0.914,0.031,0.35,-0.396,-0.602,0.682,0.235,-0.397,0.798,-0.02,0.039,0.636,-0.501,-0.007,0.914,0.058,-0.846,-0.586,0.041,-0.034,0.181,-0.699,-0.822,0.096,0.752,-0.735,-0.732,0.82,0.609,-0.111,0.765,0.607,0.845,-0.411,-0.573,-0.249,-0.618,-0.882,0.876,-0.764,0.627,-0.378,-0.872,-0.72,0.319,0.435,-0.543,0.597,0.229,0.922,0.713,0.51,0.404,-0.636,0.701,0.93,0.564,0.091,-0.162,-0.72,0.157,-0.774,0.976,-0.771,0.033,0.849,-0.325,-0.082,-0.863,0.878,0.808,-0.675,0.643,-0.826,-0.894,0.815,0.631,-0.358,-0.732,-0.893,0.329,0.216,-0.271,-0.773,0.805,0.093,0.434,-0.392,0.086,0.293,-0.615,-0.51,-0.188,-0.705,0.781,-0.436,-0.235,-0.085,-0.796,-0.872,0.481,0.249,-0.312,-0.477,0.818,-0.866,-0.388,-0.527,0.786,0.817,-0.486,0.226,0.671,0.615,-0.511,0.244,-0.556,0.705,-0.36,0.738,-0.74,-0.455,-0.438,0.163,0.867,-0.676,0.647,-0.623,-0.694,0.264,0.643,0.875,0.917,0.749,-0.666,-0.446,0.495,-0.646,-0.807,0.351,-0.061,0.896,-0.668,-0.563,-0.873,0.059,0.106,-0.291,-0.309,-0.567,-0.799,-0.253,0.842,-0.59,-0.423,0.652,0.848,-0.578,0.781,0.828,-0.036,-0.813,-0.791,-0.619,-0.778,0.407,0.828,-0.883,0.765
AKRO,0.342,-0.176,0.487,0.205,0.0,0.324,0.599,0.369,0.364,0.543,-0.193,0.483,-0.044,0.583,-0.304,0.577,0.508,0.497,0.564,-0.044,0.322,0.588,0.32,-0.101,0.016,0.69,0.09,0.231,-0.427,0.071,0.48,0.13,0.793,-0.436,0.054,-0.233,0.126,-0.349,0.275,-0.047,0.58,0.78,0.549,0.452,0.773,0.231,0.702,0.182,0.43,-0.176,0.548,0.564,0.192,0.228,0.402,-0.09,0.297,0.29,0.071,0.137,0.343,0.678,0.333,0.041,0.086,0.153,-0.429,0.253,-0.044,0.326,0.379,0.317,0.662,0.111,0.313,0.319,-0.168,0.349,-0.302,0.508,0.086,-0.028,-0.107,0.463,0.146,-0.133,0.038,0.557,0.639,0.249,0.292,0.75,0.336,0.176,0.214,0.771,0.429,0.402,0.629,-0.164,-0.102,-0.13,0.435,-0.321,0.112,-0.091,0.042,0.539,0.598,0.307,-0.16,0.882,0.624,0.416,0.365,0.03,0.599,-0.22,0.562,0.786,0.906,0.489,0.357,0.689,-0.099,0.414,0.531,-0.06,0.461,0.255,0.127,0.731,0.122,0.551,0.293,0.259,0.05,0.645,-0.481,-0.106,0.157,0.586,-0.114,0.597,0.415,0.662,0.704,0.422,-0.097,-0.402,0.19,0.396,0.496,0.658,0.887,0.294,0.29,-0.09,0.34,0.151,0.665,0.645,0.138,0.339,0.245,0.41,0.486,0.666,0.33,0.275,0.771,0.771,0.086,0.377,0.393,0.077,0.807,0.754,0.368,0.499,0.559,0.285,0.766,0.193,0.312,0.577,-0.329,0.058,0.366,0.131,0.382,-0.236,-0.081,0.226,0.5,0.031,-0.146,0.522,0.094,0.194
ALRM,-0.282,-0.637,0.153,-0.723,0.324,0.0,-0.077,-0.482,-0.518,-0.352,-0.776,0.909,-0.84,0.776,0.404,-0.256,0.729,-0.322,-0.018,0.866,0.879,0.34,-0.607,-0.494,-0.798,-0.141,-0.734,0.73,-0.469,-0.41,0.83,-0.736,0.437,-0.317,0.484,0.62,-0.488,-0.314,0.709,-0.735,0.327,0.4,-0.299,0.829,0.535,-0.662,0.433,0.893,0.751,0.193,0.411,0.272,0.562,0.95,0.383,-0.704,0.868,0.9,-0.499,-0.197,0.427,-0.285,-0.512,-0.784,0.459,0.809,-0.149,0.777,0.779,-0.543,0.905,-0.416,0.72,0.821,0.902,-0.126,-0.224,0.884,-0.608,0.196,-0.744,-0.809,-0.337,-0.228,0.741,-0.622,-0.737,0.01,0.4,0.305,0.871,0.405,0.933,-0.752,0.885,0.489,-0.439,0.567,0.383,0.626,-0.833,-0.673,0.81,-0.867,0.86,0.725,-0.668,-0.14,0.748,0.905,0.661,0.241,0.278,0.416,0.889,-0.625,0.408,-0.305,0.752,0.409,0.255,0.881,0.799,0.54,0.583,-0.411,0.78,0.433,0.533,0.885,0.894,0.117,0.166,0.675,0.774,-0.639,0.79,0.802,0.29,-0.63,-0.507,0.806,-0.009,-0.164,-0.413,0.755,0.299,0.865,-0.496,0.145,-0.643,0.833,0.819,0.767,0.379,-0.503,0.886,-0.409,0.896,0.811,0.326,-0.098,-0.702,-0.543,-0.404,0.917,0.7,0.023,0.859,0.801,0.048,0.43,-0.761,0.9,0.83,0.868,0.432,0.468,0.681,0.696,0.815,0.901,0.659,-0.645,0.743,0.675,-0.609,-0.673,0.855,-0.554,-0.527,0.178,0.645,0.88,0.828,0.832,-0.189,-0.406,0.865,-0.472
AMAT,0.814,0.51,-0.067,0.601,0.599,-0.077,0.0,0.731,0.747,0.713,0.239,0.038,0.394,0.273,-0.215,0.902,-0.191,0.906,0.876,-0.419,-0.137,0.426,0.565,0.594,0.564,0.68,0.563,-0.342,0.115,0.701,-0.211,0.576,0.584,0.222,-0.1,-0.183,0.653,0.103,0.151,0.565,0.469,0.603,0.806,0.23,0.444,0.636,0.74,-0.249,0.108,0.259,0.519,0.673,-0.481,-0.214,0.578,0.407,-0.217,-0.146,0.663,0.555,0.454,0.772,0.37,0.49,0.027,0.026,-0.453,0.06,-0.41,0.696,-0.154,0.631,0.11,-0.48,-0.173,0.328,0.499,0.215,0.396,0.702,0.542,0.265,0.59,0.547,0.053,0.491,0.553,0.909,0.56,0.407,-0.17,0.687,-0.139,0.544,-0.153,0.543,0.803,0.333,0.163,-0.657,0.373,0.505,-0.177,0.057,-0.398,-0.595,0.642,0.892,0.308,-0.082,-0.618,0.606,0.77,0.108,-0.234,0.572,0.608,0.363,0.332,0.584,0.719,0.097,-0.171,0.36,-0.301,0.565,0.29,0.099,0.589,-0.262,-0.258,0.829,0.467,0.2,0.106,0.596,-0.301,0.239,-0.443,0.606,0.587,0.137,0.391,0.704,0.551,0.047,0.623,0.007,0.597,-0.396,0.219,-0.227,0.12,0.134,0.62,0.705,-0.092,0.37,0.036,-0.294,0.8,0.766,0.636,0.646,0.62,-0.055,0.109,0.88,-0.119,-0.319,0.668,0.337,0.58,-0.066,-0.106,-0.368,0.586,0.692,0.265,0.233,0.016,-0.282,0.419,0.648,-0.202,0.087,0.336,0.657,0.003,0.721,0.752,0.204,-0.502,-0.272,-0.07,-0.176,0.367,0.854,-0.34,0.737
AMED,0.669,0.692,0.064,0.892,0.369,-0.482,0.731,0.0,0.789,0.882,0.67,-0.43,0.733,-0.19,-0.374,0.794,-0.49,0.808,0.617,-0.795,-0.549,0.254,0.839,0.56,0.776,0.564,0.87,-0.739,0.386,0.784,-0.511,0.869,0.181,0.363,-0.281,-0.543,0.676,0.079,-0.224,0.708,-0.033,0.238,0.645,-0.32,0.188,0.872,0.25,-0.695,-0.468,0.138,0.136,0.339,-0.743,-0.626,0.327,0.639,-0.613,-0.566,0.782,0.575,0.057,0.812,0.54,0.747,-0.453,-0.381,-0.432,-0.486,-0.802,0.924,-0.614,0.585,-0.19,-0.789,-0.563,0.286,0.473,-0.284,0.485,0.351,0.806,0.593,0.546,0.381,-0.505,0.663,0.818,0.683,0.318,-0.16,-0.592,0.376,-0.584,0.858,-0.605,0.258,0.88,-0.207,-0.119,-0.851,0.736,0.72,-0.523,0.387,-0.708,-0.841,0.754,0.759,-0.158,-0.596,-0.869,0.402,0.31,-0.264,-0.631,0.726,0.176,0.392,-0.239,0.347,0.42,-0.368,-0.315,-0.075,-0.679,0.781,-0.262,-0.119,0.153,-0.666,-0.695,0.619,0.37,-0.21,-0.31,0.791,-0.749,-0.187,-0.623,0.732,0.848,-0.307,0.427,0.658,0.667,-0.332,0.429,-0.367,0.677,-0.296,0.556,-0.587,-0.293,-0.303,0.356,0.847,-0.477,0.615,-0.383,-0.606,0.507,0.834,0.814,0.923,0.744,-0.476,-0.327,0.64,-0.492,-0.683,0.413,0.038,0.812,-0.505,-0.417,-0.731,0.253,0.348,-0.06,-0.077,-0.402,-0.643,-0.04,0.749,-0.509,-0.223,0.532,0.757,-0.426,0.777,0.814,0.053,-0.802,-0.666,-0.453,-0.644,0.501,0.879,-0.737,0.819
AMRN,0.742,0.702,0.019,0.833,0.364,-0.518,0.747,0.789,0.0,0.721,0.521,-0.403,0.808,-0.172,-0.432,0.845,-0.482,0.881,0.709,-0.777,-0.563,0.169,0.801,0.647,0.833,0.714,0.844,-0.596,0.278,0.693,-0.511,0.828,0.259,0.177,-0.47,-0.48,0.704,0.272,-0.245,0.775,0.35,0.31,0.8,-0.282,0.127,0.862,0.361,-0.665,-0.234,0.07,0.141,0.409,-0.499,-0.654,0.163,0.744,-0.568,-0.599,0.733,0.53,0.087,0.822,0.669,0.832,-0.171,-0.486,-0.22,-0.341,-0.769,0.834,-0.543,0.739,-0.204,-0.766,-0.591,0.438,0.412,-0.26,0.565,0.444,0.854,0.67,0.453,0.555,-0.352,0.625,0.757,0.688,0.199,0.086,-0.555,0.321,-0.595,0.824,-0.613,0.17,0.843,-0.099,0.067,-0.822,0.757,0.696,-0.512,0.552,-0.756,-0.841,0.837,0.773,-0.118,-0.511,-0.793,0.427,0.431,0.031,-0.579,0.756,0.3,0.379,-0.096,0.241,0.51,-0.386,-0.552,0.025,-0.529,0.638,-0.194,-0.24,0.084,-0.654,-0.659,0.654,0.224,-0.108,-0.395,0.859,-0.667,-0.198,-0.477,0.748,0.705,-0.28,0.198,0.694,0.72,-0.284,0.298,-0.445,0.69,-0.535,0.571,-0.567,-0.296,-0.181,0.307,0.853,-0.543,0.459,-0.478,-0.656,0.422,0.66,0.86,0.813,0.727,-0.486,-0.236,0.643,-0.524,-0.635,0.604,0.159,0.885,-0.501,-0.47,-0.749,0.258,0.242,-0.245,-0.171,-0.408,-0.665,0.009,0.893,-0.512,-0.23,0.513,0.847,-0.426,0.827,0.856,-0.034,-0.712,-0.661,-0.443,-0.547,0.238,0.858,-0.752,0.786
ANGI,0.696,0.547,0.155,0.779,0.543,-0.352,0.713,0.882,0.721,0.0,0.471,-0.288,0.615,-0.058,-0.379,0.791,-0.28,0.786,0.684,-0.678,-0.432,0.286,0.848,0.352,0.672,0.694,0.719,-0.564,0.204,0.661,-0.327,0.765,0.306,0.179,-0.223,-0.559,0.596,-0.175,-0.216,0.585,0.095,0.427,0.695,-0.251,0.283,0.805,0.318,-0.59,-0.346,0.042,0.278,0.287,-0.53,-0.505,0.293,0.548,-0.494,-0.458,0.671,0.399,0.092,0.89,0.577,0.674,-0.36,-0.375,-0.421,-0.338,-0.733,0.893,-0.462,0.506,-0.044,-0.65,-0.446,0.411,0.354,-0.174,0.345,0.372,0.729,0.581,0.339,0.437,-0.44,0.452,0.7,0.622,0.342,-0.095,-0.488,0.537,-0.45,0.768,-0.502,0.362,0.88,-0.163,-0.04,-0.708,0.604,0.618,-0.387,0.268,-0.577,-0.731,0.675,0.715,-0.031,-0.48,-0.806,0.49,0.365,-0.093,-0.48,0.611,0.24,0.226,-0.167,0.488,0.536,-0.185,-0.178,0.009,-0.728,0.83,-0.147,-0.216,0.191,-0.542,-0.552,0.634,0.261,-0.13,-0.233,0.665,-0.598,-0.062,-0.715,0.592,0.827,-0.188,0.289,0.619,0.627,-0.143,0.54,-0.28,0.548,-0.264,0.527,-0.414,-0.211,-0.145,0.522,0.798,-0.397,0.455,-0.238,-0.548,0.522,0.882,0.753,0.83,0.709,-0.362,-0.24,0.695,-0.419,-0.551,0.475,0.124,0.7,-0.376,-0.355,-0.568,0.457,0.463,-0.03,0.072,-0.241,-0.499,0.075,0.728,-0.413,-0.002,0.364,0.652,-0.36,0.623,0.792,-0.03,-0.695,-0.552,-0.32,-0.582,0.369,0.871,-0.592,0.732
APA,0.322,0.691,-0.142,0.802,-0.193,-0.776,0.239,0.67,0.521,0.471,0.0,-0.707,0.795,-0.472,-0.263,0.388,-0.711,0.427,0.118,-0.817,-0.68,0.048,0.581,0.449,0.767,0.167,0.834,-0.753,0.577,0.605,-0.741,0.722,-0.319,0.491,-0.366,-0.482,0.452,0.204,-0.399,0.661,-0.355,-0.309,0.259,-0.619,-0.19,0.71,-0.25,-0.792,-0.721,0.109,-0.383,-0.061,-0.734,-0.795,0.006,0.606,-0.711,-0.7,0.672,0.484,-0.281,0.399,0.397,0.706,-0.492,-0.522,-0.026,-0.734,-0.714,0.617,-0.811,0.346,-0.49,-0.761,-0.687,0.048,0.387,-0.647,0.535,-0.036,0.725,0.624,0.514,0.114,-0.626,0.665,0.805,0.271,-0.103,-0.298,-0.691,-0.176,-0.786,0.764,-0.774,-0.208,0.493,-0.382,-0.352,-0.695,0.861,0.68,-0.687,0.662,-0.718,-0.73,0.614,0.353,-0.498,-0.794,-0.722,-0.016,-0.173,-0.514,-0.812,0.587,-0.268,0.426,-0.57,-0.208,-0.117,-0.723,-0.5,-0.418,-0.58,0.592,-0.602,-0.127,-0.253,-0.749,-0.822,0.173,0.248,-0.369,-0.439,0.585,-0.778,-0.539,-0.305,0.665,0.616,-0.585,0.301,0.356,0.433,-0.665,-0.068,-0.545,0.571,-0.107,0.607,-0.758,-0.511,-0.623,-0.158,0.61,-0.629,0.557,-0.724,-0.59,-0.019,0.323,0.639,0.655,0.513,-0.694,-0.523,0.176,-0.601,-0.773,-0.014,-0.278,0.707,-0.675,-0.553,-0.789,-0.272,-0.223,-0.274,-0.413,-0.689,-0.766,-0.509,0.55,-0.529,-0.54,0.652,0.636,-0.593,0.566,0.581,0.013,-0.698,-0.734,-0.678,-0.687,0.48,0.518,-0.83,0.546
APOG,-0.221,-0.668,0.198,-0.63,0.483,0.909,0.038,-0.43,-0.403,-0.288,-0.707,0.0,-0.807,0.909,0.276,-0.109,0.8,-0.195,0.093,0.795,0.936,0.543,-0.551,-0.489,-0.7,-0.011,-0.679,0.809,-0.571,-0.391,0.876,-0.708,0.603,-0.397,0.394,0.552,-0.47,-0.393,0.752,-0.7,0.505,0.582,-0.167,0.915,0.709,-0.584,0.602,0.916,0.839,0.138,0.438,0.446,0.583,0.932,0.48,-0.698,0.935,0.952,-0.457,-0.152,0.546,-0.16,-0.378,-0.728,0.521,0.834,-0.145,0.813,0.79,-0.488,0.956,-0.281,0.861,0.825,0.954,-0.103,-0.266,0.865,-0.643,0.311,-0.7,-0.767,-0.302,-0.062,0.789,-0.588,-0.648,0.139,0.54,0.425,0.938,0.511,0.956,-0.694,0.909,0.651,-0.357,0.728,0.538,0.548,-0.792,-0.716,0.905,-0.853,0.848,0.655,-0.595,0.008,0.906,0.942,0.6,0.446,0.374,0.486,0.926,-0.634,0.544,-0.324,0.888,0.544,0.457,0.937,0.78,0.738,0.615,-0.319,0.91,0.471,0.623,0.933,0.867,0.275,0.192,0.838,0.844,-0.552,0.822,0.919,0.219,-0.635,-0.52,0.949,-0.041,0.037,-0.273,0.87,0.434,0.95,-0.517,0.033,-0.576,0.899,0.927,0.908,0.547,-0.448,0.939,-0.502,0.849,0.845,0.432,-0.014,-0.662,-0.521,-0.401,0.965,0.833,0.207,0.939,0.844,0.245,0.666,-0.705,0.956,0.912,0.839,0.585,0.562,0.766,0.762,0.907,0.926,0.805,-0.599,0.857,0.767,-0.661,-0.635,0.942,-0.478,-0.381,0.088,0.593,0.92,0.926,0.825,-0.21,-0.246,0.833,-0.391
APPS,0.536,0.797,-0.044,0.891,-0.044,-0.84,0.394,0.733,0.808,0.615,0.795,-0.807,0.0,-0.579,-0.427,0.574,-0.742,0.631,0.343,-0.939,-0.858,-0.126,0.79,0.597,0.903,0.445,0.935,-0.794,0.539,0.628,-0.807,0.885,-0.184,0.306,-0.536,-0.634,0.656,0.346,-0.593,0.849,-0.097,-0.171,0.554,-0.711,-0.271,0.86,-0.156,-0.937,-0.64,-0.05,-0.268,-0.035,-0.627,-0.928,-0.165,0.841,-0.85,-0.892,0.728,0.459,-0.284,0.6,0.639,0.927,-0.419,-0.769,-0.056,-0.693,-0.926,0.784,-0.879,0.594,-0.585,-0.915,-0.871,0.326,0.372,-0.665,0.667,0.065,0.919,0.847,0.41,0.341,-0.688,0.69,0.844,0.331,-0.2,-0.242,-0.845,-0.104,-0.912,0.913,-0.94,-0.256,0.682,-0.493,-0.252,-0.809,0.978,0.829,-0.811,0.847,-0.918,-0.892,0.798,0.446,-0.59,-0.874,-0.832,0.046,-0.007,-0.272,-0.87,0.785,-0.181,0.43,-0.592,-0.179,0.042,-0.787,-0.74,-0.399,-0.682,0.631,-0.643,-0.387,-0.349,-0.91,-0.911,0.251,0.052,-0.466,-0.699,0.841,-0.883,-0.631,-0.413,0.792,0.723,-0.679,0.123,0.441,0.6,-0.654,-0.072,-0.766,0.681,-0.339,0.738,-0.838,-0.652,-0.598,-0.103,0.787,-0.842,0.559,-0.821,-0.838,-0.006,0.425,0.873,0.794,0.686,-0.82,-0.602,0.272,-0.814,-0.877,0.229,-0.247,0.926,-0.82,-0.759,-0.929,-0.169,-0.181,-0.564,-0.525,-0.792,-0.916,-0.47,0.86,-0.72,-0.571,0.699,0.839,-0.764,0.748,0.743,-0.121,-0.779,-0.905,-0.773,-0.796,0.258,0.67,-0.978,0.664
ARCB,0.069,-0.394,0.122,-0.36,0.583,0.776,0.273,-0.19,-0.172,-0.058,-0.472,0.909,-0.579,0.0,0.311,0.167,0.604,0.095,0.298,0.589,0.865,0.645,-0.327,-0.296,-0.451,0.257,-0.43,0.661,-0.393,-0.116,0.688,-0.516,0.722,-0.261,0.341,0.507,-0.221,-0.321,0.7,-0.459,0.624,0.658,0.067,0.881,0.741,-0.379,0.729,0.738,0.761,0.22,0.468,0.535,0.382,0.761,0.613,-0.459,0.833,0.855,-0.117,0.152,0.62,0.082,-0.28,-0.556,0.6,0.809,-0.23,0.805,0.589,-0.246,0.811,-0.08,0.762,0.632,0.856,0.059,-0.038,0.834,-0.412,0.523,-0.429,-0.678,-0.114,0.089,0.741,-0.406,-0.371,0.409,0.575,0.531,0.854,0.67,0.821,-0.47,0.755,0.717,-0.097,0.709,0.512,0.339,-0.556,-0.418,0.727,-0.753,0.706,0.414,-0.36,0.216,0.906,0.825,0.347,0.58,0.585,0.495,0.76,-0.356,0.665,-0.036,0.879,0.572,0.575,0.831,0.649,0.73,0.452,-0.024,0.929,0.522,0.726,0.799,0.675,0.511,0.392,0.892,0.888,-0.366,0.653,0.929,0.089,-0.363,-0.255,0.911,0.01,0.336,-0.167,0.739,0.497,0.918,-0.256,0.007,-0.393,0.715,0.957,0.867,0.676,-0.156,0.844,-0.282,0.761,0.77,0.59,0.191,-0.427,-0.295,-0.094,0.877,0.772,0.431,0.878,0.597,0.36,0.653,-0.508,0.907,0.816,0.682,0.716,0.733,0.806,0.763,0.792,0.757,0.777,-0.332,0.819,0.642,-0.365,-0.364,0.924,-0.234,-0.149,0.151,0.406,0.8,0.796,0.701,-0.049,0.021,0.614,-0.164
ARCC,-0.049,0.058,-0.467,-0.409,-0.304,0.404,-0.215,-0.374,-0.432,-0.379,-0.263,0.276,-0.427,0.311,0.0,-0.351,-0.09,-0.269,-0.2,0.537,0.456,-0.122,-0.39,-0.188,-0.336,-0.25,-0.384,0.264,0.216,0.075,0.157,-0.413,-0.224,0.381,0.582,0.805,-0.213,0.161,0.473,-0.303,-0.053,-0.133,-0.497,0.264,-0.162,-0.491,-0.056,0.42,0.079,0.583,0.049,-0.292,0.122,0.386,0.191,-0.082,0.393,0.442,0.012,0.209,0.049,-0.429,-0.804,-0.502,0.555,0.563,0.305,0.527,0.442,-0.41,0.307,-0.589,-0.101,0.418,0.415,-0.02,0.426,0.389,0.062,0.084,-0.327,-0.584,0.034,-0.611,0.521,-0.143,-0.182,-0.023,-0.162,0.159,0.42,-0.025,0.365,-0.492,0.415,-0.168,-0.333,0.135,-0.356,0.573,-0.381,-0.071,0.048,-0.385,0.549,0.518,-0.324,-0.327,0.15,0.422,0.459,-0.384,0.006,0.084,0.244,-0.08,-0.017,0.247,0.23,-0.379,-0.427,0.19,0.308,-0.3,0.252,-0.207,0.334,0.511,0.262,0.392,0.41,-0.094,0.51,0.213,0.554,-0.578,0.469,0.231,0.495,-0.04,-0.078,0.094,0.093,-0.126,-0.593,-0.121,-0.217,0.369,0.131,0.586,-0.5,0.076,0.345,-0.001,-0.299,-0.189,0.397,0.258,0.529,0.522,-0.073,-0.324,-0.404,-0.485,0.06,0.341,0.079,-0.284,0.42,0.136,-0.551,-0.376,-0.522,0.423,0.297,0.573,-0.022,0.039,0.406,0.354,0.115,0.338,-0.181,-0.343,0.415,-0.021,0.198,-0.221,0.428,-0.315,-0.504,0.676,0.525,0.451,0.032,0.475,0.305,-0.438,0.44,-0.245
ARVN,0.807,0.581,-0.014,0.735,0.577,-0.256,0.902,0.794,0.845,0.791,0.388,-0.109,0.574,0.167,-0.351,0.0,-0.286,0.936,0.854,-0.584,-0.276,0.425,0.677,0.614,0.676,0.771,0.696,-0.419,0.176,0.701,-0.339,0.672,0.536,0.15,-0.274,-0.353,0.726,0.109,-0.018,0.669,0.454,0.576,0.867,0.044,0.389,0.74,0.663,-0.427,0.008,0.151,0.375,0.642,-0.531,-0.381,0.488,0.534,-0.328,-0.297,0.724,0.552,0.393,0.848,0.537,0.629,-0.059,-0.149,-0.416,-0.09,-0.573,0.807,-0.304,0.778,0.031,-0.602,-0.306,0.361,0.461,0.057,0.446,0.631,0.681,0.426,0.541,0.632,-0.133,0.52,0.668,0.879,0.48,0.302,-0.292,0.624,-0.307,0.692,-0.325,0.483,0.86,0.165,0.174,-0.783,0.555,0.602,-0.281,0.229,-0.54,-0.756,0.755,0.885,0.173,-0.261,-0.759,0.618,0.686,0.047,-0.346,0.661,0.552,0.434,0.168,0.548,0.708,-0.051,-0.306,0.323,-0.409,0.671,0.13,0.024,0.448,-0.394,-0.418,0.803,0.373,0.111,-0.066,0.707,-0.441,0.109,-0.561,0.668,0.677,0.048,0.312,0.768,0.641,-0.037,0.548,-0.121,0.612,-0.423,0.437,-0.343,0.026,0.068,0.605,0.751,-0.221,0.358,-0.181,-0.417,0.714,0.808,0.728,0.747,0.673,-0.2,-0.034,0.882,-0.24,-0.452,0.734,0.361,0.704,-0.202,-0.218,-0.532,0.524,0.61,0.125,0.12,-0.117,-0.43,0.311,0.767,-0.27,-0.038,0.403,0.727,-0.124,0.795,0.864,0.008,-0.651,-0.411,-0.181,-0.321,0.311,0.926,-0.526,0.807
ATEC,-0.459,-0.908,0.484,-0.633,0.508,0.729,-0.191,-0.49,-0.482,-0.28,-0.711,0.8,-0.742,0.604,-0.09,-0.286,0.0,-0.371,-0.126,0.664,0.732,0.362,-0.512,-0.636,-0.755,-0.081,-0.703,0.792,-0.795,-0.719,0.924,-0.656,0.519,-0.7,0.298,0.136,-0.583,-0.551,0.376,-0.751,0.282,0.413,-0.18,0.678,0.582,-0.553,0.32,0.78,0.735,-0.392,0.302,0.224,0.755,0.789,0.104,-0.808,0.774,0.748,-0.738,-0.47,0.197,-0.181,-0.099,-0.65,0.208,0.464,-0.126,0.496,0.676,-0.526,0.857,-0.27,0.823,0.797,0.773,-0.161,-0.725,0.523,-0.84,-0.015,-0.728,-0.536,-0.566,0.075,0.472,-0.72,-0.759,-0.225,0.359,0.166,0.745,0.272,0.818,-0.612,0.718,0.523,-0.465,0.52,0.632,0.58,-0.763,-0.849,0.944,-0.683,0.717,0.679,-0.72,-0.212,0.669,0.733,0.629,0.409,0.087,0.418,0.877,-0.774,0.253,-0.674,0.626,0.497,0.398,0.796,0.706,0.708,0.524,-0.377,0.595,0.062,0.242,0.805,0.738,-0.016,-0.325,0.58,0.488,-0.451,0.675,0.693,0.098,-0.863,-0.676,0.806,-0.331,-0.221,-0.198,0.945,0.31,0.713,-0.821,-0.125,-0.33,0.955,0.653,0.809,0.478,-0.592,0.714,-0.706,0.624,0.65,0.154,-0.114,-0.679,-0.493,-0.588,0.791,0.708,-0.025,0.717,0.906,0.287,0.663,-0.68,0.746,0.738,0.689,0.387,0.28,0.412,0.443,0.859,0.852,0.761,-0.631,0.687,0.788,-0.888,-0.751,0.658,-0.623,-0.419,-0.346,0.6,0.77,0.918,0.559,-0.54,-0.344,0.761,-0.575
ATXS,0.866,0.676,-0.113,0.761,0.497,-0.322,0.906,0.808,0.881,0.786,0.427,-0.195,0.631,0.095,-0.269,0.936,-0.371,0.0,0.864,-0.616,-0.348,0.333,0.713,0.675,0.748,0.784,0.736,-0.484,0.234,0.77,-0.412,0.737,0.47,0.274,-0.238,-0.335,0.759,0.16,-0.07,0.745,0.398,0.502,0.862,-0.017,0.277,0.779,0.593,-0.48,-0.08,0.195,0.359,0.544,-0.548,-0.461,0.448,0.617,-0.409,-0.371,0.788,0.613,0.263,0.843,0.53,0.687,-0.022,-0.204,-0.331,-0.106,-0.619,0.819,-0.378,0.712,-0.079,-0.655,-0.39,0.423,0.535,0.001,0.565,0.672,0.74,0.476,0.604,0.591,-0.112,0.617,0.718,0.856,0.394,0.3,-0.365,0.565,-0.382,0.719,-0.406,0.365,0.869,0.13,0.05,-0.753,0.611,0.686,-0.389,0.295,-0.592,-0.758,0.775,0.884,0.12,-0.325,-0.756,0.525,0.653,0.045,-0.443,0.718,0.471,0.435,0.12,0.422,0.626,-0.141,-0.388,0.172,-0.473,0.682,0.078,-0.021,0.409,-0.473,-0.468,0.782,0.408,0.046,-0.096,0.76,-0.48,0.044,-0.517,0.749,0.703,-0.072,0.319,0.739,0.625,-0.15,0.466,-0.211,0.708,-0.403,0.425,-0.428,-0.065,-0.052,0.507,0.838,-0.314,0.444,-0.215,-0.482,0.643,0.757,0.794,0.746,0.759,-0.284,-0.074,0.844,-0.322,-0.54,0.64,0.206,0.751,-0.274,-0.326,-0.558,0.476,0.515,0.07,0.068,-0.232,-0.512,0.209,0.833,-0.338,-0.056,0.512,0.809,-0.205,0.843,0.833,0.12,-0.618,-0.477,-0.298,-0.382,0.392,0.931,-0.571,0.85
AVAV,0.813,0.446,-0.1,0.477,0.564,-0.018,0.876,0.617,0.709,0.684,0.118,0.093,0.343,0.298,-0.2,0.854,-0.126,0.864,0.0,-0.31,-0.094,0.405,0.485,0.54,0.517,0.691,0.457,-0.261,0.03,0.626,-0.171,0.507,0.574,0.19,-0.103,-0.17,0.679,-0.03,0.141,0.535,0.534,0.696,0.804,0.223,0.39,0.573,0.765,-0.18,0.18,0.223,0.603,0.675,-0.398,-0.16,0.561,0.382,-0.168,-0.1,0.574,0.412,0.5,0.723,0.387,0.485,0.126,0.049,-0.327,0.169,-0.349,0.654,-0.097,0.602,0.111,-0.414,-0.142,0.345,0.453,0.319,0.396,0.759,0.467,0.301,0.514,0.577,0.161,0.446,0.463,0.82,0.524,0.424,-0.123,0.718,-0.084,0.45,-0.121,0.552,0.74,0.309,0.134,-0.565,0.332,0.447,-0.125,0.067,-0.352,-0.552,0.614,0.859,0.369,-0.05,-0.573,0.508,0.703,0.207,-0.176,0.476,0.563,0.324,0.343,0.61,0.711,0.185,-0.208,0.357,-0.279,0.49,0.313,0.082,0.606,-0.21,-0.116,0.754,0.386,0.201,0.096,0.588,-0.167,0.24,-0.459,0.556,0.501,0.161,0.413,0.6,0.511,0.105,0.573,0.015,0.56,-0.317,0.175,-0.153,0.13,0.165,0.636,0.64,-0.042,0.163,0.049,-0.298,0.76,0.721,0.601,0.509,0.563,-0.014,0.104,0.895,-0.1,-0.257,0.651,0.327,0.533,-0.013,-0.133,-0.263,0.619,0.639,0.277,0.27,0.001,-0.238,0.433,0.623,-0.183,0.176,0.278,0.611,0.019,0.702,0.721,0.19,-0.411,-0.225,-0.049,-0.069,0.332,0.822,-0.262,0.754
AXON,-0.506,-0.72,-0.039,-0.938,-0.044,0.866,-0.419,-0.795,-0.777,-0.678,-0.817,0.795,-0.939,0.589,0.537,-0.584,0.664,-0.616,-0.31,0.0,0.851,0.088,-0.846,-0.576,-0.894,-0.433,-0.936,0.82,-0.443,-0.607,0.75,-0.912,0.136,-0.279,0.508,0.729,-0.638,-0.255,0.605,-0.807,0.161,0.142,-0.564,0.689,0.2,-0.883,0.162,0.943,0.691,0.135,0.198,-0.01,0.66,0.933,0.139,-0.756,0.861,0.879,-0.693,-0.42,0.267,-0.647,-0.688,-0.897,0.546,0.766,0.173,0.775,0.93,-0.817,0.873,-0.614,0.509,0.923,0.864,-0.271,-0.288,0.74,-0.589,-0.036,-0.905,-0.836,-0.414,-0.401,0.791,-0.681,-0.865,-0.331,0.087,0.291,0.854,0.065,0.899,-0.95,0.893,0.159,-0.737,0.491,0.174,0.853,-0.915,-0.774,0.749,-0.786,0.923,0.899,-0.792,-0.47,0.56,0.874,0.867,-0.14,-0.007,0.339,0.865,-0.752,0.136,-0.357,0.59,0.057,-0.121,0.754,0.661,0.323,0.705,-0.672,0.665,0.418,0.329,0.903,0.958,-0.256,-0.004,0.525,0.692,-0.828,0.941,0.591,0.499,-0.731,-0.73,0.643,-0.131,-0.463,-0.606,0.602,-0.055,0.743,-0.608,0.381,-0.769,0.799,0.66,0.579,0.017,-0.763,0.833,-0.549,0.801,0.823,-0.037,-0.491,-0.873,-0.874,-0.627,0.819,0.571,-0.292,0.806,0.837,-0.266,0.176,-0.923,0.831,0.719,0.965,0.142,0.123,0.523,0.517,0.693,0.892,0.403,-0.813,0.738,0.529,-0.613,-0.81,0.766,-0.72,-0.77,0.192,0.833,0.905,0.714,0.888,-0.271,-0.693,0.952,-0.665
BANF,-0.316,-0.666,0.141,-0.699,0.322,0.879,-0.137,-0.549,-0.563,-0.432,-0.68,0.936,-0.858,0.865,0.456,-0.276,0.732,-0.348,-0.094,0.851,0.0,0.398,-0.625,-0.537,-0.778,-0.104,-0.759,0.845,-0.52,-0.449,0.84,-0.798,0.464,-0.359,0.49,0.654,-0.517,-0.332,0.716,-0.755,0.405,0.393,-0.319,0.856,0.53,-0.729,0.428,0.929,0.764,0.13,0.369,0.251,0.607,0.93,0.393,-0.693,0.973,0.985,-0.489,-0.144,0.435,-0.322,-0.548,-0.839,0.596,0.855,-0.044,0.829,0.853,-0.615,0.943,-0.396,0.721,0.896,0.978,-0.176,-0.245,0.785,-0.629,0.193,-0.745,-0.853,-0.358,-0.182,0.77,-0.65,-0.685,-0.004,0.379,0.383,0.982,0.367,0.965,-0.775,0.926,0.487,-0.468,0.602,0.434,0.683,-0.841,-0.705,0.85,-0.861,0.923,0.759,-0.675,-0.207,0.794,0.941,0.699,0.28,0.295,0.415,0.912,-0.624,0.427,-0.25,0.784,0.325,0.24,0.846,0.768,0.59,0.655,-0.373,0.845,0.524,0.538,0.97,0.862,0.117,0.172,0.765,0.868,-0.679,0.855,0.872,0.326,-0.667,-0.556,0.858,-0.152,-0.047,-0.458,0.755,0.247,0.936,-0.545,0.231,-0.569,0.851,0.909,0.806,0.382,-0.544,0.928,-0.433,0.863,0.939,0.257,-0.181,-0.76,-0.632,-0.428,0.944,0.758,0.0,0.974,0.819,0.035,0.48,-0.821,0.979,0.885,0.897,0.445,0.454,0.715,0.698,0.868,0.939,0.638,-0.678,0.899,0.622,-0.579,-0.699,0.959,-0.587,-0.547,0.125,0.697,0.975,0.863,0.836,-0.225,-0.416,0.872,-0.526
BATRK,0.128,-0.143,0.142,0.089,0.588,0.34,0.426,0.254,0.169,0.286,0.048,0.543,-0.126,0.645,-0.122,0.425,0.362,0.333,0.405,0.088,0.398,0.0,-0.03,-0.123,-0.028,0.218,0.055,0.202,-0.222,0.153,0.36,-0.046,0.557,-0.059,-0.041,0.031,-0.05,-0.376,0.524,-0.131,0.386,0.602,0.236,0.521,0.854,0.145,0.64,0.301,0.378,0.237,0.124,0.647,-0.014,0.335,0.693,-0.225,0.391,0.426,0.096,0.227,0.433,0.328,0.139,-0.051,0.02,0.438,-0.21,0.219,0.177,0.168,0.376,0.143,0.688,0.174,0.45,-0.011,0.023,0.454,-0.251,0.397,-0.112,-0.147,0.186,0.197,0.304,-0.056,0.021,0.554,0.676,0.272,0.413,0.565,0.357,-0.001,0.275,0.812,0.138,0.61,0.345,-0.158,-0.035,-0.221,0.476,-0.333,0.221,-0.038,-0.022,0.567,0.698,0.302,-0.115,0.678,0.343,0.104,0.322,-0.205,0.481,-0.076,0.588,0.677,0.628,0.49,0.44,0.635,0.09,0.285,0.514,0.405,0.578,0.343,0.243,0.622,0.446,0.651,0.499,0.051,0.202,0.58,-0.222,-0.085,0.023,0.648,0.371,0.401,0.28,0.539,0.686,0.608,-0.059,-0.163,-0.087,0.384,0.617,0.557,0.675,0.087,0.53,-0.149,0.27,0.303,0.665,0.482,-0.086,0.11,0.032,0.475,0.498,0.599,0.498,0.302,0.507,0.732,-0.043,0.452,0.559,0.154,0.554,0.562,0.684,0.567,0.408,0.333,0.637,-0.095,0.454,0.533,-0.285,-0.096,0.511,0.102,0.292,0.041,-0.103,0.322,0.496,0.266,0.226,0.365,0.119,0.204
BIDU,0.639,0.682,0.15,0.889,0.32,-0.607,0.565,0.839,0.801,0.848,0.581,-0.551,0.79,-0.327,-0.39,0.677,-0.512,0.713,0.485,-0.846,-0.625,-0.03,0.0,0.456,0.809,0.642,0.848,-0.684,0.322,0.666,-0.516,0.88,0.081,0.192,-0.363,-0.579,0.612,0.153,-0.403,0.675,0.059,0.15,0.628,-0.497,-0.02,0.838,0.061,-0.8,-0.532,-0.026,0.123,0.09,-0.494,-0.739,-0.04,0.765,-0.665,-0.69,0.712,0.454,-0.093,0.831,0.649,0.783,-0.359,-0.61,-0.271,-0.51,-0.894,0.889,-0.665,0.538,-0.298,-0.779,-0.666,0.535,0.345,-0.484,0.503,0.19,0.924,0.688,0.257,0.388,-0.65,0.508,0.807,0.466,0.079,-0.237,-0.674,0.249,-0.683,0.887,-0.677,0.005,0.9,-0.407,-0.044,-0.734,0.727,0.737,-0.612,0.536,-0.735,-0.797,0.769,0.547,-0.335,-0.632,-0.811,0.323,0.245,-0.036,-0.659,0.783,0.163,0.309,-0.392,0.162,0.342,-0.509,-0.425,-0.202,-0.74,0.748,-0.384,-0.42,-0.124,-0.735,-0.8,0.506,0.129,-0.327,-0.488,0.752,-0.795,-0.319,-0.588,0.671,0.838,-0.464,0.093,0.663,0.574,-0.418,0.279,-0.557,0.639,-0.324,0.713,-0.645,-0.455,-0.337,0.202,0.838,-0.693,0.64,-0.47,-0.671,0.232,0.706,0.856,0.89,0.79,-0.614,-0.412,0.463,-0.627,-0.737,0.331,-0.067,0.833,-0.611,-0.547,-0.756,0.173,0.185,-0.364,-0.23,-0.452,-0.697,-0.222,0.836,-0.573,-0.324,0.525,0.77,-0.565,0.645,0.734,-0.06,-0.728,-0.729,-0.555,-0.76,0.265,0.774,-0.765,0.681
BLNE,0.669,0.722,-0.447,0.606,-0.101,-0.494,0.594,0.56,0.647,0.352,0.449,-0.489,0.597,-0.296,-0.188,0.614,-0.636,0.675,0.54,-0.576,-0.537,-0.123,0.456,0.0,0.699,0.321,0.635,-0.652,0.411,0.69,-0.712,0.651,0.056,0.523,-0.243,-0.258,0.766,0.495,-0.267,0.832,0.094,0.023,0.624,-0.203,-0.258,0.59,0.258,-0.549,-0.234,0.153,0.172,0.356,-0.695,-0.581,0.204,0.615,-0.6,-0.534,0.665,0.46,0.126,0.379,0.319,0.599,-0.063,-0.247,-0.152,-0.239,-0.544,0.592,-0.578,0.67,-0.523,-0.747,-0.6,0.131,0.555,-0.193,0.799,0.432,0.642,0.433,0.771,0.491,-0.169,0.744,0.622,0.534,0.046,0.25,-0.546,0.08,-0.539,0.595,-0.466,-0.068,0.617,-0.058,-0.203,-0.7,0.589,0.737,-0.613,0.443,-0.71,-0.712,0.79,0.578,-0.242,-0.463,-0.657,-0.026,0.396,-0.224,-0.641,0.718,0.177,0.572,-0.153,-0.017,0.124,-0.406,-0.706,-0.113,-0.314,0.306,-0.23,-0.003,0.208,-0.617,-0.51,0.285,0.208,-0.368,-0.325,0.645,-0.507,-0.354,-0.263,0.802,0.514,-0.414,0.36,0.326,0.356,-0.508,0.022,-0.491,0.747,-0.183,0.273,-0.641,-0.389,-0.446,-0.023,0.574,-0.492,0.404,-0.398,-0.592,0.293,0.308,0.723,0.543,0.502,-0.527,-0.333,0.446,-0.542,-0.648,0.227,-0.24,0.706,-0.506,-0.601,-0.639,-0.086,0.092,-0.168,-0.357,-0.513,-0.689,-0.143,0.712,-0.607,-0.48,0.686,0.815,-0.42,0.849,0.597,0.243,-0.568,-0.611,-0.559,-0.362,0.426,0.603,-0.583,0.777
BLNK,0.692,0.859,-0.214,0.907,0.016,-0.798,0.564,0.776,0.833,0.672,0.767,-0.7,0.903,-0.451,-0.336,0.676,-0.755,0.748,0.517,-0.894,-0.778,-0.028,0.809,0.699,0.0,0.476,0.918,-0.79,0.521,0.786,-0.797,0.915,-0.11,0.495,-0.44,-0.518,0.765,0.3,-0.424,0.892,0.006,0.024,0.613,-0.568,-0.2,0.903,0.03,-0.856,-0.599,0.133,-0.042,0.113,-0.702,-0.871,0.022,0.837,-0.817,-0.798,0.819,0.508,-0.1,0.646,0.573,0.906,-0.29,-0.59,-0.014,-0.562,-0.85,0.823,-0.827,0.576,-0.524,-0.917,-0.818,0.395,0.546,-0.541,0.779,0.267,0.914,0.8,0.597,0.367,-0.521,0.794,0.934,0.501,-0.025,-0.057,-0.786,0.059,-0.837,0.9,-0.803,-0.133,0.784,-0.284,-0.254,-0.821,0.905,0.843,-0.792,0.766,-0.881,-0.898,0.9,0.617,-0.411,-0.762,-0.874,0.091,0.163,-0.204,-0.86,0.819,0.008,0.484,-0.433,-0.067,0.158,-0.673,-0.706,-0.319,-0.694,0.679,-0.461,-0.287,-0.104,-0.86,-0.822,0.393,0.252,-0.397,-0.522,0.803,-0.789,-0.525,-0.451,0.885,0.76,-0.602,0.301,0.548,0.578,-0.646,0.101,-0.679,0.807,-0.289,0.584,-0.825,-0.582,-0.561,-0.007,0.844,-0.76,0.573,-0.691,-0.795,0.161,0.479,0.931,0.776,0.729,-0.767,-0.515,0.469,-0.748,-0.857,0.235,-0.212,0.936,-0.752,-0.714,-0.855,-0.018,-0.011,-0.342,-0.359,-0.709,-0.885,-0.378,0.87,-0.699,-0.489,0.722,0.935,-0.676,0.819,0.83,0.103,-0.774,-0.856,-0.751,-0.729,0.477,0.775,-0.881,0.809
BTAI,0.685,0.374,0.215,0.549,0.69,-0.141,0.68,0.564,0.714,0.694,0.167,-0.011,0.445,0.257,-0.25,0.771,-0.081,0.784,0.691,-0.433,-0.104,0.218,0.642,0.321,0.476,0.0,0.469,-0.119,0.027,0.422,-0.093,0.473,0.593,-0.171,-0.188,-0.328,0.531,-0.052,-0.113,0.444,0.572,0.565,0.763,0.035,0.32,0.51,0.52,-0.299,0.095,-0.087,0.444,0.395,-0.144,-0.268,0.237,0.452,-0.148,-0.172,0.521,0.389,0.248,0.816,0.471,0.438,0.187,-0.21,-0.348,0.104,-0.469,0.61,-0.119,0.605,0.101,-0.353,-0.171,0.501,0.22,0.059,0.236,0.602,0.58,0.333,0.108,0.579,-0.08,0.272,0.462,0.636,0.319,0.261,-0.126,0.601,-0.157,0.527,-0.231,0.359,0.709,0.008,0.321,-0.467,0.366,0.449,-0.163,0.129,-0.335,-0.519,0.521,0.595,0.191,-0.109,-0.519,0.64,0.694,0.282,-0.139,0.534,0.471,0.227,0.181,0.428,0.697,-0.002,-0.213,0.281,-0.407,0.647,0.203,-0.174,0.264,-0.212,-0.309,0.707,0.161,0.212,-0.029,0.543,-0.314,0.251,-0.533,0.422,0.547,0.107,-0.16,0.744,0.514,0.1,0.387,-0.06,0.37,-0.393,0.47,-0.157,0.11,0.215,0.639,0.673,-0.193,0.23,-0.063,-0.243,0.467,0.632,0.581,0.578,0.612,-0.08,0.07,0.687,-0.116,-0.311,0.685,0.347,0.498,-0.04,-0.159,-0.319,0.656,0.58,-0.02,0.195,0.056,-0.251,0.302,0.685,-0.082,0.097,0.267,0.547,-0.026,0.529,0.619,-0.178,-0.387,-0.222,-0.061,-0.285,-0.013,0.735,-0.371,0.513
BYND,0.622,0.819,-0.043,0.967,0.09,-0.734,0.563,0.87,0.844,0.719,0.834,-0.679,0.935,-0.43,-0.384,0.696,-0.703,0.736,0.457,-0.936,-0.759,0.055,0.848,0.635,0.918,0.469,0.0,-0.822,0.524,0.759,-0.733,0.929,-0.069,0.411,-0.436,-0.57,0.682,0.322,-0.4,0.819,-0.074,-0.04,0.588,-0.555,-0.07,0.918,0.012,-0.877,-0.609,0.092,-0.122,0.155,-0.72,-0.847,0.049,0.794,-0.781,-0.786,0.817,0.611,-0.142,0.703,0.614,0.888,-0.454,-0.595,-0.208,-0.663,-0.904,0.869,-0.814,0.609,-0.445,-0.907,-0.769,0.331,0.461,-0.55,0.65,0.174,0.93,0.743,0.544,0.349,-0.64,0.731,0.909,0.528,0.049,-0.212,-0.767,0.073,-0.825,0.953,-0.825,-0.058,0.804,-0.347,-0.175,-0.875,0.931,0.822,-0.725,0.71,-0.862,-0.905,0.82,0.612,-0.418,-0.778,-0.882,0.215,0.12,-0.272,-0.826,0.798,0.016,0.473,-0.442,0.013,0.202,-0.656,-0.578,-0.266,-0.666,0.707,-0.511,-0.257,-0.145,-0.845,-0.886,0.436,0.249,-0.353,-0.531,0.84,-0.884,-0.475,-0.44,0.816,0.797,-0.545,0.301,0.593,0.608,-0.582,0.169,-0.612,0.744,-0.374,0.716,-0.791,-0.51,-0.498,0.049,0.852,-0.719,0.663,-0.686,-0.739,0.226,0.605,0.882,0.897,0.759,-0.714,-0.491,0.436,-0.698,-0.838,0.304,-0.126,0.923,-0.721,-0.61,-0.901,-0.048,0.009,-0.326,-0.38,-0.669,-0.839,-0.324,0.832,-0.641,-0.486,0.687,0.857,-0.629,0.783,0.812,-0.0,-0.825,-0.838,-0.677,-0.758,0.432,0.778,-0.921,0.759
CAN,-0.478,-0.784,0.197,-0.766,0.231,0.73,-0.342,-0.739,-0.596,-0.564,-0.753,0.809,-0.794,0.661,0.264,-0.419,0.792,-0.484,-0.261,0.82,0.845,0.202,-0.684,-0.652,-0.79,-0.119,-0.822,0.0,-0.567,-0.705,0.834,-0.849,0.361,-0.611,0.354,0.497,-0.651,-0.326,0.485,-0.785,0.417,0.284,-0.355,0.687,0.374,-0.773,0.225,0.873,0.776,-0.137,0.193,0.073,0.816,0.848,0.049,-0.73,0.895,0.848,-0.682,-0.395,0.217,-0.422,-0.415,-0.778,0.611,0.582,0.145,0.748,0.842,-0.744,0.894,-0.398,0.658,0.918,0.855,-0.189,-0.49,0.59,-0.731,0.003,-0.784,-0.703,-0.587,-0.171,0.678,-0.712,-0.77,-0.277,0.121,0.322,0.876,0.137,0.852,-0.776,0.816,0.261,-0.639,0.505,0.527,0.776,-0.809,-0.8,0.828,-0.654,0.852,0.802,-0.747,-0.413,0.62,0.858,0.802,0.199,0.128,0.459,0.908,-0.736,0.261,-0.478,0.655,0.156,0.158,0.708,0.625,0.558,0.677,-0.517,0.691,0.281,0.222,0.911,0.824,-0.131,-0.166,0.67,0.627,-0.673,0.858,0.684,0.38,-0.796,-0.749,0.754,-0.467,-0.217,-0.415,0.761,0.036,0.741,-0.738,0.051,-0.472,0.866,0.733,0.765,0.24,-0.669,0.77,-0.652,0.648,0.824,-0.058,-0.418,-0.803,-0.757,-0.601,0.812,0.683,-0.183,0.823,0.864,0.058,0.473,-0.818,0.838,0.762,0.843,0.307,0.173,0.391,0.514,0.802,0.876,0.533,-0.682,0.84,0.619,-0.704,-0.773,0.785,-0.68,-0.613,-0.16,0.79,0.897,0.813,0.743,-0.544,-0.543,0.832,-0.684
CCEC,0.316,0.731,-0.421,0.463,-0.427,-0.469,0.115,0.386,0.278,0.204,0.577,-0.571,0.539,-0.393,0.216,0.176,-0.795,0.234,0.03,-0.443,-0.52,-0.222,0.322,0.411,0.521,0.027,0.524,-0.567,0.0,0.569,-0.679,0.44,-0.414,0.61,-0.093,0.031,0.377,0.437,-0.201,0.494,-0.313,-0.396,-0.004,-0.49,-0.407,0.363,-0.291,-0.555,-0.59,0.462,-0.307,-0.218,-0.617,-0.521,-0.003,0.578,-0.545,-0.512,0.629,0.49,-0.132,0.06,-0.081,0.407,-0.153,-0.255,0.041,-0.334,-0.485,0.381,-0.625,0.068,-0.614,-0.55,-0.511,0.113,0.653,-0.316,0.612,0.002,0.505,0.293,0.453,-0.256,-0.31,0.559,0.594,0.204,-0.276,-0.221,-0.522,-0.227,-0.585,0.423,-0.522,-0.414,0.273,-0.398,-0.515,-0.384,0.588,0.66,-0.714,0.473,-0.443,-0.442,0.437,0.104,-0.5,-0.523,-0.429,-0.311,-0.112,-0.364,-0.628,0.557,-0.245,0.555,-0.486,-0.423,-0.383,-0.592,-0.4,-0.599,-0.399,0.327,-0.405,0.068,-0.172,-0.559,-0.529,0.01,0.429,-0.31,-0.266,0.241,-0.492,-0.504,0.037,0.661,0.547,-0.563,0.332,0.192,0.017,-0.746,-0.243,-0.432,0.623,0.161,0.182,-0.716,-0.412,-0.612,-0.381,0.469,-0.45,0.663,-0.409,-0.379,-0.082,0.102,0.427,0.347,0.497,-0.524,-0.544,-0.017,-0.476,-0.708,-0.302,-0.546,0.43,-0.504,-0.456,-0.444,-0.308,-0.178,-0.217,-0.225,-0.647,-0.589,-0.621,0.389,-0.413,-0.628,0.75,0.502,-0.432,0.412,0.256,0.327,-0.416,-0.524,-0.687,-0.365,0.498,0.21,-0.562,0.388
CDW,0.788,0.888,-0.424,0.752,0.071,-0.41,0.701,0.784,0.693,0.661,0.605,-0.391,0.628,-0.116,0.075,0.701,-0.719,0.77,0.626,-0.607,-0.449,0.153,0.666,0.69,0.786,0.422,0.759,-0.705,0.569,0.0,-0.63,0.732,0.007,0.725,-0.116,-0.116,0.696,0.256,-0.005,0.744,0.062,0.188,0.498,-0.227,0.003,0.732,0.269,-0.571,-0.463,0.557,0.165,0.262,-0.801,-0.553,0.452,0.731,-0.542,-0.455,0.904,0.675,0.151,0.603,0.193,0.63,-0.094,-0.145,-0.134,-0.219,-0.612,0.756,-0.587,0.392,-0.363,-0.73,-0.494,0.284,0.843,-0.109,0.747,0.517,0.739,0.407,0.747,0.182,-0.19,0.759,0.831,0.75,0.173,0.093,-0.497,0.342,-0.532,0.675,-0.476,0.109,0.778,-0.094,-0.369,-0.685,0.666,0.807,-0.653,0.342,-0.593,-0.729,0.811,0.728,-0.11,-0.463,-0.763,0.114,0.378,-0.232,-0.663,0.797,0.234,0.625,-0.146,0.081,0.194,-0.385,-0.385,-0.263,-0.601,0.68,-0.135,0.161,0.332,-0.6,-0.538,0.591,0.688,-0.187,-0.101,0.559,-0.548,-0.191,-0.361,0.907,0.847,-0.379,0.57,0.605,0.443,-0.55,0.262,-0.313,0.95,-0.021,0.226,-0.698,-0.239,-0.423,0.128,0.835,-0.392,0.71,-0.256,-0.497,0.461,0.588,0.763,0.68,0.763,-0.452,-0.344,0.593,-0.415,-0.742,0.097,-0.224,0.703,-0.422,-0.426,-0.554,0.201,0.309,0.091,0.031,-0.509,-0.639,-0.222,0.716,-0.471,-0.332,0.752,0.835,-0.316,0.802,0.691,0.575,-0.638,-0.571,-0.587,-0.408,0.768,0.73,-0.622,0.856
