,ABEO,ACHC,AGNCN,AKAM,AKRO,ALRM,AMAT,AMED,AMRN,ANGI,APA,APOG,APPS,ARCB,ARCC,ARVN,ATEC,ATXS,AVAV,AXON,BANF,BATRK,BIDU,BLNE,BLNK,BTAI,BYND,CAN,CCEC,CDW,CDXS,CELH,CGNX,CHKP,CHRS,CHRW,CIGI,CKPT,CMPR,COGT,CRNC,CRSP,CSTL,CTSH,CVGW,DGLY,DNLI,DOCU,DVAX,EBAY,EHTH,ERII,ESLT,EXPE,EXPO,FBIOP,FFBC,FFIN,FOXF,FWRD,GDS,GERN,GPRE,GRWG,GRYP,HEES,HELE,HIVE,HON,HRTX,HSTM,HURA,IART,IBKR,IBOC,IBRX,IDXX,INGN,INM,INVA,IQ,IRBT,KDP,KPTI,KTOS,KXIN,LAMR,LFUS,LGIH,LGMK,LKFN,LNW,LOPE,LPSN,LYFT,MGNX,MLCO,MNST,MODV,MSTR,MTCH,MYGN,MYRG,NCMI,NEXT,NFLX,NIU,NKTR,NRC,NTNX,NTRA,NVEE,NVMI,NWL,NWS,NXPI,OCGN,OCSL,OKTA,OLLI,OTLK,OXLC,PAA,PARA,PARAA,PDCO,PDFS,PFG,PGEN,PNFP,PODD,POWI,PSMT,PTC,PTEN,PVLA,RDNT,RDUS,RDWR,REGN,RNAC,ROCK,ROST,RRR,RSLS,RVMD,RYAAY,SAFT,SAGE,SAVA,SBGI,SFM,SFNC,SHYF,SIBN,SIFY,SIGI,SIMO,SITM,SLM,SNBR,SNDX,SNY,SPNS,SRRK,STRA,SUPN,SYRE,TCBK,TEAM,TECH,THRM,TLRY,TRMK,TROW,TSLA,TWST,TXN,UFPI,UNIT,UPWK,USLM,UTHR,VERB,VLY,VRNA,VRRM,VXRT,WAFD,WATT,WBA,WING,WIX,WTFC,WTW,XPEL,XRX,YMAB,ZG,ZLAB
ABEO,0.0,0.478,0.77,-0.006,0.572,0.563,0.008,0.139,0.577,-0.38,0.356,0.487,0.185,0.564,0.825,0.756,0.492,0.764,-0.498,0.303,0.386,0.464,0.572,0.328,0.169,-0.761,-0.717,0.363,0.85,0.22,0.489,0.822,0.059,0.674,0.72,0.76,0.359,-0.354,-0.1,-0.018,0.59,-0.071,0.489,0.343,0.696,0.557,0.166,0.19,0.894,0.531,-0.01,0.16,0.163,0.241,0.617,-0.329,0.255,0.209,0.398,-0.492,-0.156,0.103,-0.064,-0.11,0.529,0.312,0.366,0.441,0.548,0.479,0.556,-0.533,0.026,0.784,0.596,0.697,0.176,-0.346,0.349,0.733,0.649,0.06,0.406,0.416,-0.671,-0.589,-0.224,0.289,0.354,0.016,0.261,-0.84,-0.708,0.696,-0.049,0.662,0.656,0.815,0.506,0.743,0.694,-0.276,0.193,0.209,-0.154,0.213,-0.074,0.747,-0.026,-0.033,0.462,0.276,0.428,0.129,0.701,-0.088,0.905,0.705,0.472,-0.096,-0.07,0.47,0.549,-0.671,-0.385,0.795,0.01,0.508,0.706,0.294,0.178,-0.251,0.46,0.286,-0.293,0.278,-0.699,0.4,0.014,0.839,-0.485,0.508,0.421,0.475,-0.288,0.718,-0.041,-0.55,0.493,-0.387,0.29,0.546,0.413,-0.071,0.61,0.339,-0.332,0.693,0.144,0.553,-0.328,0.65,0.795,0.267,-0.018,0.462,0.406,0.551,0.352,0.36,0.314,0.484,0.754,0.422,0.46,0.031,0.359,0.413,0.294,0.625,-0.104,0.363,-0.523,-0.303,0.274,0.745,0.341,-0.657,0.404,-0.758,0.416,0.061,0.479,0.024,-0.053,0.204,0.284,0.324,0.426,-0.385
ACHC,0.478,0.0,0.781,0.628,0.784,0.843,0.755,0.75,0.519,0.256,0.717,0.764,0.836,0.734,0.751,0.741,0.778,0.691,0.217,0.81,0.807,0.894,0.274,0.492,0.623,-0.728,-0.108,0.576,0.304,0.758,0.666,0.454,0.612,0.774,0.385,0.401,0.751,-0.474,0.668,-0.567,0.653,-0.427,0.789,0.796,0.72,0.624,0.741,0.759,0.567,0.679,0.271,0.68,0.488,0.668,0.749,-0.623,0.839,0.74,0.733,0.129,-0.296,0.524,0.72,-0.432,0.261,0.776,0.817,0.487,0.844,0.832,0.688,-0.696,0.674,0.329,0.821,0.711,0.885,0.2,-0.313,0.835,0.669,-0.042,0.653,0.193,0.148,-0.738,0.554,0.749,0.702,-0.072,0.825,-0.316,-0.159,0.627,0.701,0.69,0.764,0.739,0.748,0.547,0.757,0.558,0.778,0.352,-0.184,0.741,-0.151,0.268,-0.441,0.671,0.763,0.805,0.849,0.618,0.791,0.65,0.451,0.824,0.795,-0.043,-0.129,-0.22,0.121,-0.307,0.289,0.685,0.491,0.896,0.592,0.739,0.747,0.509,0.885,0.814,0.155,-0.359,-0.209,0.738,0.617,0.532,-0.191,0.777,0.848,0.793,0.321,0.782,0.578,-0.414,0.648,0.198,0.255,0.829,0.784,0.63,0.824,0.592,-0.468,0.74,0.722,0.868,0.38,0.833,0.81,0.734,0.602,0.857,0.669,-0.112,0.8,0.809,0.807,0.788,0.691,0.894,0.768,0.469,0.8,0.803,0.743,0.534,0.592,0.714,-0.388,-0.711,0.729,0.752,0.81,-0.686,0.823,-0.118,0.808,0.547,0.784,0.702,-0.149,0.677,0.789,0.334,0.79,-0.003
AGNCN,0.77,0.781,0.0,0.484,0.857,0.875,0.489,0.587,0.631,-0.005,0.668,0.813,0.638,0.827,0.834,0.863,0.802,0.864,-0.104,0.731,0.733,0.799,0.565,0.574,0.444,-0.838,-0.497,0.634,0.678,0.645,0.755,0.699,0.521,0.832,0.64,0.676,0.741,-0.623,0.395,-0.297,0.772,-0.247,0.783,0.753,0.83,0.785,0.601,0.646,0.828,0.779,0.258,0.483,0.499,0.584,0.806,-0.689,0.663,0.628,0.745,-0.171,-0.169,0.434,0.383,-0.383,0.423,0.714,0.74,0.584,0.865,0.787,0.728,-0.622,0.491,0.495,0.857,0.901,0.598,-0.118,0.017,0.88,0.788,-0.119,0.54,0.317,-0.319,-0.833,0.277,0.684,0.698,-0.015,0.675,-0.585,-0.579,0.789,0.445,0.806,0.904,0.844,0.727,0.776,0.919,0.192,0.623,0.266,-0.276,0.627,0.017,0.566,-0.456,0.4,0.748,0.688,0.815,0.487,0.93,0.393,0.762,0.894,0.821,-0.111,-0.137,0.121,0.456,-0.6,-0.061,0.894,0.348,0.847,0.713,0.665,0.618,0.206,0.815,0.629,-0.05,-0.075,-0.594,0.746,0.429,0.711,-0.395,0.833,0.748,0.813,0.005,0.895,0.419,-0.723,0.742,-0.141,0.339,0.793,0.767,0.391,0.81,0.687,-0.528,0.815,0.547,0.87,0.089,0.916,0.932,0.675,0.301,0.688,0.648,0.214,0.721,0.766,0.736,0.804,0.867,0.794,0.81,0.425,0.752,0.783,0.694,0.704,0.357,0.666,-0.595,-0.556,0.683,0.889,0.718,-0.875,0.736,-0.467,0.763,0.428,0.805,0.405,-0.295,0.606,0.72,0.2,0.802,-0.168
AKAM,-0.006,0.628,0.484,0.0,0.74,0.683,0.87,0.869,0.331,0.63,0.783,0.776,0.851,0.69,0.253,0.493,0.743,0.42,0.617,0.913,0.783,0.761,0.091,0.626,0.714,-0.362,0.102,0.746,-0.068,0.863,0.786,-0.039,0.93,0.513,-0.097,0.177,0.83,-0.727,0.881,-0.408,0.567,-0.182,0.642,0.869,0.499,0.594,0.903,0.88,0.178,0.676,0.609,0.687,0.727,0.74,0.615,-0.819,0.877,0.915,0.801,0.571,-0.105,0.865,0.766,-0.493,-0.22,0.891,0.799,0.461,0.647,0.691,0.485,-0.309,0.877,-0.26,0.633,0.544,0.691,0.406,-0.39,0.526,0.365,-0.341,0.162,-0.005,0.339,-0.654,0.834,0.872,0.788,0.074,0.9,0.313,0.152,0.297,0.872,0.555,0.647,0.17,0.494,0.146,0.58,0.818,0.874,0.177,-0.158,0.892,0.243,-0.196,-0.843,0.786,0.478,0.843,0.761,0.721,0.633,0.859,-0.013,0.61,0.805,-0.26,-0.001,-0.446,0.108,-0.049,0.493,0.462,0.615,0.767,0.16,0.829,0.873,0.844,0.815,0.752,0.566,-0.546,-0.018,0.852,0.728,-0.067,0.188,0.82,0.524,0.791,0.37,0.556,0.888,-0.516,0.687,0.31,0.221,0.621,0.867,0.891,0.546,0.826,-0.61,0.407,0.881,0.753,0.762,0.688,0.489,0.891,0.552,0.654,0.634,-0.477,0.869,0.884,0.892,0.772,0.462,0.816,0.848,0.857,0.889,0.828,0.887,0.236,0.895,0.745,-0.358,-0.454,0.919,0.555,0.803,-0.603,0.788,0.403,0.789,0.719,0.778,0.739,-0.646,0.924,0.903,-0.07,0.874,0.286
AKRO,0.572,0.784,0.857,0.74,0.0,0.928,0.738,0.744,0.696,0.359,0.862,0.933,0.804,0.927,0.744,0.912,0.924,0.878,0.19,0.914,0.918,0.905,0.519,0.74,0.742,-0.739,-0.395,0.836,0.413,0.867,0.95,0.532,0.826,0.79,0.478,0.632,0.944,-0.717,0.687,-0.282,0.901,-0.127,0.861,0.903,0.898,0.858,0.8,0.794,0.698,0.856,0.504,0.717,0.652,0.789,0.929,-0.839,0.879,0.881,0.918,0.128,-0.071,0.757,0.528,-0.37,0.32,0.916,0.913,0.711,0.902,0.795,0.772,-0.532,0.76,0.248,0.943,0.893,0.698,0.087,-0.023,0.82,0.785,-0.14,0.484,0.413,-0.058,-0.839,0.566,0.917,0.892,0.092,0.873,-0.297,-0.341,0.794,0.668,0.833,0.895,0.682,0.798,0.675,0.917,0.433,0.77,0.389,-0.062,0.797,0.221,0.403,-0.715,0.663,0.772,0.873,0.928,0.728,0.955,0.693,0.599,0.92,0.948,-0.146,0.062,-0.02,0.368,-0.403,0.143,0.85,0.573,0.891,0.683,0.864,0.858,0.545,0.942,0.821,0.21,-0.119,-0.407,0.924,0.636,0.455,-0.039,0.945,0.727,0.957,0.019,0.936,0.737,-0.766,0.857,-0.083,0.365,0.76,0.945,0.698,0.832,0.838,-0.76,0.769,0.803,0.952,0.375,0.964,0.841,0.906,0.531,0.82,0.82,0.065,0.922,0.917,0.913,0.95,0.888,0.919,0.946,0.769,0.945,0.958,0.928,0.635,0.65,0.862,-0.668,-0.454,0.894,0.932,0.882,-0.869,0.929,-0.145,0.923,0.659,0.923,0.625,-0.56,0.832,0.913,0.324,0.949,-0.089
ALRM,0.563,0.843,0.875,0.683,0.928,0.0,0.712,0.734,0.65,0.283,0.811,0.897,0.832,0.907,0.761,0.877,0.914,0.864,0.153,0.884,0.883,0.911,0.532,0.749,0.653,-0.773,-0.352,0.745,0.468,0.837,0.852,0.574,0.747,0.82,0.564,0.59,0.911,-0.683,0.659,-0.353,0.857,-0.236,0.879,0.867,0.875,0.829,0.74,0.778,0.686,0.866,0.438,0.695,0.649,0.771,0.892,-0.798,0.841,0.828,0.889,0.027,-0.079,0.608,0.554,-0.388,0.341,0.863,0.887,0.654,0.942,0.812,0.783,-0.549,0.738,0.304,0.946,0.889,0.755,0.049,-0.035,0.837,0.815,-0.134,0.6,0.339,-0.045,-0.835,0.542,0.866,0.845,0.044,0.838,-0.344,-0.425,0.826,0.651,0.797,0.888,0.763,0.817,0.711,0.934,0.411,0.75,0.328,-0.171,0.786,0.093,0.466,-0.616,0.676,0.818,0.858,0.937,0.695,0.953,0.645,0.632,0.895,0.929,-0.023,-0.058,-0.046,0.36,-0.443,0.11,0.846,0.543,0.895,0.691,0.813,0.828,0.466,0.941,0.814,0.113,-0.164,-0.457,0.873,0.618,0.515,-0.204,0.901,0.843,0.933,0.049,0.913,0.673,-0.717,0.796,-0.06,0.347,0.787,0.901,0.633,0.854,0.818,-0.669,0.8,0.728,0.952,0.311,0.95,0.877,0.861,0.488,0.772,0.779,0.092,0.871,0.891,0.89,0.909,0.876,0.912,0.903,0.627,0.895,0.92,0.869,0.66,0.615,0.808,-0.633,-0.533,0.835,0.896,0.882,-0.875,0.895,-0.224,0.897,0.636,0.907,0.602,-0.406,0.782,0.883,0.255,0.911,-0.081
AMAT,0.008,0.755,0.489,0.87,0.738,0.712,0.0,0.839,0.377,0.63,0.761,0.735,0.887,0.654,0.378,0.556,0.711,0.463,0.526,0.899,0.784,0.825,0.13,0.549,0.771,-0.444,0.192,0.659,-0.18,0.927,0.692,-0.009,0.871,0.546,0.007,0.095,0.82,-0.52,0.91,-0.591,0.567,-0.388,0.679,0.867,0.512,0.552,0.84,0.894,0.169,0.57,0.447,0.711,0.568,0.806,0.624,-0.669,0.889,0.866,0.719,0.462,-0.195,0.729,0.811,-0.528,-0.01,0.86,0.8,0.459,0.728,0.696,0.531,-0.418,0.855,-0.129,0.679,0.499,0.857,0.436,-0.496,0.553,0.481,-0.194,0.406,0.058,0.506,-0.61,0.81,0.876,0.717,0.006,0.877,0.141,0.203,0.393,0.955,0.473,0.585,0.318,0.606,0.202,0.541,0.796,0.854,0.404,-0.06,0.842,0.028,-0.158,-0.76,0.911,0.579,0.889,0.846,0.716,0.617,0.962,0.025,0.636,0.784,-0.163,0.029,-0.551,-0.17,0.018,0.553,0.404,0.684,0.754,0.295,0.783,0.886,0.881,0.835,0.911,0.386,-0.494,0.08,0.785,0.787,0.03,0.246,0.742,0.681,0.781,0.355,0.591,0.884,-0.394,0.55,0.38,0.093,0.611,0.811,0.873,0.642,0.675,-0.619,0.492,0.92,0.766,0.697,0.686,0.496,0.874,0.785,0.778,0.655,-0.438,0.819,0.856,0.866,0.75,0.48,0.834,0.741,0.773,0.861,0.834,0.843,0.212,0.877,0.759,-0.327,-0.552,0.827,0.582,0.86,-0.551,0.813,0.333,0.805,0.72,0.756,0.769,-0.447,0.803,0.882,0.23,0.799,0.16
AMED,0.139,0.75,0.587,0.869,0.744,0.734,0.839,0.0,0.44,0.474,0.745,0.794,0.897,0.698,0.379,0.6,0.783,0.491,0.467,0.895,0.782,0.848,0.121,0.63,0.632,-0.538,0.043,0.7,0.027,0.833,0.732,0.083,0.796,0.655,0.009,0.228,0.798,-0.678,0.783,-0.476,0.58,-0.295,0.724,0.804,0.57,0.619,0.828,0.856,0.244,0.751,0.532,0.605,0.752,0.791,0.671,-0.758,0.849,0.835,0.795,0.431,-0.308,0.753,0.729,-0.512,-0.125,0.807,0.8,0.481,0.723,0.759,0.596,-0.526,0.826,0.003,0.689,0.575,0.791,0.372,-0.496,0.69,0.463,-0.097,0.366,-0.024,0.291,-0.73,0.693,0.843,0.721,0.171,0.86,0.077,0.102,0.397,0.82,0.649,0.726,0.371,0.621,0.275,0.625,0.75,0.856,0.201,-0.229,0.875,0.008,-0.105,-0.695,0.756,0.577,0.813,0.808,0.663,0.678,0.776,0.128,0.673,0.831,-0.235,-0.064,-0.427,0.06,-0.212,0.368,0.583,0.646,0.815,0.235,0.738,0.865,0.695,0.84,0.781,0.34,-0.558,-0.17,0.826,0.556,0.11,-0.004,0.81,0.66,0.834,0.433,0.605,0.829,-0.505,0.668,0.281,0.146,0.747,0.838,0.797,0.701,0.792,-0.598,0.474,0.796,0.818,0.603,0.732,0.612,0.851,0.59,0.731,0.657,-0.393,0.836,0.879,0.891,0.788,0.481,0.822,0.799,0.686,0.878,0.775,0.824,0.215,0.754,0.737,-0.406,-0.611,0.822,0.576,0.842,-0.667,0.799,0.184,0.844,0.736,0.806,0.651,-0.474,0.893,0.884,0.003,0.867,0.121
AMRN,0.577,0.519,0.631,0.331,0.696,0.65,0.377,0.44,0.0,0.316,0.63,0.693,0.437,0.705,0.6,0.792,0.743,0.776,-0.05,0.554,0.721,0.637,0.552,0.579,0.576,-0.633,-0.612,0.674,0.331,0.569,0.631,0.557,0.47,0.642,0.481,0.743,0.679,-0.44,0.382,0.052,0.813,0.019,0.761,0.432,0.823,0.687,0.353,0.337,0.556,0.66,0.504,0.497,0.541,0.685,0.807,-0.468,0.555,0.575,0.665,-0.01,0.035,0.476,0.064,-0.005,0.413,0.486,0.64,0.794,0.613,0.404,0.818,-0.379,0.559,0.364,0.733,0.623,0.528,-0.012,0.2,0.643,0.636,0.301,0.587,0.532,-0.098,-0.578,0.17,0.608,0.673,0.386,0.503,-0.37,-0.222,0.752,0.306,0.715,0.593,0.602,0.8,0.675,0.681,0.068,0.276,0.603,0.303,0.48,0.148,0.518,-0.354,0.408,0.71,0.564,0.613,0.462,0.682,0.337,0.628,0.674,0.67,0.048,0.319,0.257,0.36,-0.457,-0.195,0.733,0.643,0.517,0.648,0.475,0.626,0.126,0.667,0.548,-0.054,0.158,-0.415,0.646,0.297,0.365,0.014,0.578,0.538,0.664,-0.14,0.736,0.497,-0.599,0.648,-0.484,0.197,0.524,0.629,0.398,0.755,0.498,-0.727,0.584,0.433,0.664,0.056,0.648,0.608,0.616,0.393,0.649,0.778,0.398,0.62,0.598,0.602,0.715,0.722,0.57,0.574,0.473,0.584,0.583,0.594,0.411,0.199,0.643,-0.753,-0.116,0.492,0.663,0.596,-0.632,0.72,-0.185,0.696,0.584,0.679,0.316,-0.193,0.512,0.557,0.528,0.622,-0.53
ANGI,-0.38,0.256,-0.005,0.63,0.359,0.283,0.63,0.474,0.316,0.0,0.515,0.427,0.493,0.381,-0.114,0.139,0.464,0.147,0.751,0.501,0.565,0.351,0.042,0.395,0.686,0.097,0.182,0.531,-0.464,0.58,0.423,-0.225,0.728,0.051,-0.203,0.051,0.551,-0.228,0.791,-0.008,0.41,0.12,0.449,0.394,0.271,0.304,0.538,0.395,-0.202,0.287,0.672,0.648,0.455,0.543,0.353,-0.426,0.573,0.677,0.544,0.713,0.26,0.671,0.444,0.002,-0.151,0.51,0.545,0.463,0.241,0.18,0.33,0.142,0.781,-0.551,0.341,0.142,0.501,0.414,-0.176,0.02,0.082,0.005,0.086,0.231,0.638,-0.138,0.708,0.587,0.619,0.245,0.518,0.533,0.48,0.13,0.61,0.237,0.118,-0.199,0.385,-0.016,0.202,0.604,0.368,0.36,0.484,0.478,0.438,-0.249,-0.612,0.632,0.41,0.538,0.379,0.59,0.191,0.679,-0.26,0.167,0.434,0.117,0.413,-0.301,-0.051,0.303,0.409,0.049,0.733,0.283,0.07,0.511,0.671,0.671,0.436,0.462,0.575,-0.158,0.379,0.484,0.606,-0.46,0.616,0.342,0.189,0.395,0.228,0.216,0.766,-0.221,0.36,0.047,0.084,0.067,0.483,0.766,0.261,0.387,-0.498,0.082,0.589,0.322,0.63,0.226,-0.049,0.599,0.513,0.366,0.558,-0.291,0.534,0.503,0.504,0.481,0.182,0.42,0.417,0.729,0.497,0.464,0.608,-0.002,0.628,0.543,-0.296,0.064,0.535,0.138,0.421,-0.117,0.546,0.722,0.435,0.605,0.433,0.622,-0.469,0.555,0.528,0.223,0.442,0.035
APA,0.356,0.717,0.668,0.783,0.862,0.811,0.761,0.745,0.63,0.515,0.0,0.869,0.788,0.866,0.53,0.753,0.872,0.752,0.386,0.861,0.9,0.84,0.284,0.744,0.841,-0.588,-0.308,0.818,0.151,0.873,0.879,0.389,0.853,0.72,0.318,0.531,0.906,-0.703,0.763,-0.269,0.827,-0.071,0.85,0.816,0.808,0.726,0.768,0.742,0.484,0.799,0.641,0.74,0.688,0.781,0.866,-0.783,0.858,0.895,0.886,0.241,0.017,0.745,0.544,-0.259,0.218,0.864,0.862,0.699,0.813,0.69,0.748,-0.454,0.831,0.069,0.857,0.748,0.718,0.122,-0.001,0.674,0.578,-0.141,0.461,0.412,0.146,-0.722,0.639,0.898,0.866,0.107,0.844,-0.063,-0.058,0.637,0.7,0.723,0.723,0.523,0.802,0.527,0.761,0.522,0.702,0.438,0.083,0.783,0.261,0.252,-0.678,0.696,0.717,0.88,0.838,0.698,0.814,0.747,0.431,0.745,0.888,-0.015,0.231,-0.118,0.319,-0.288,0.184,0.713,0.671,0.784,0.589,0.805,0.865,0.604,0.902,0.764,0.423,-0.149,-0.264,0.899,0.698,0.221,0.084,0.826,0.687,0.879,0.083,0.806,0.767,-0.627,0.814,-0.057,0.257,0.602,0.889,0.726,0.754,0.784,-0.732,0.523,0.803,0.857,0.418,0.832,0.679,0.906,0.478,0.804,0.819,-0.032,0.881,0.869,0.868,0.9,0.747,0.846,0.862,0.816,0.882,0.903,0.897,0.471,0.708,0.869,-0.636,-0.382,0.848,0.783,0.866,-0.71,0.918,0.029,0.896,0.752,0.866,0.652,-0.513,0.821,0.865,0.302,0.872,-0.126
APOG,0.487,0.764,0.813,0.776,0.933,0.897,0.735,0.794,0.693,0.427,0.869,0.0,0.79,0.953,0.636,0.844,0.962,0.801,0.266,0.909,0.911,0.898,0.489,0.801,0.747,-0.734,-0.411,0.906,0.355,0.865,0.932,0.427,0.824,0.819,0.355,0.627,0.923,-0.786,0.703,-0.273,0.887,-0.139,0.886,0.844,0.849,0.905,0.755,0.791,0.609,0.91,0.635,0.698,0.759,0.846,0.905,-0.832,0.845,0.881,0.934,0.226,-0.115,0.757,0.502,-0.362,0.189,0.879,0.883,0.76,0.862,0.749,0.841,-0.545,0.823,0.229,0.896,0.852,0.707,0.041,-0.06,0.835,0.693,-0.082,0.443,0.319,-0.046,-0.849,0.539,0.936,0.907,0.254,0.83,-0.209,-0.206,0.714,0.683,0.873,0.872,0.589,0.801,0.607,0.887,0.438,0.744,0.369,-0.029,0.85,0.192,0.301,-0.729,0.678,0.737,0.892,0.906,0.646,0.907,0.666,0.529,0.874,0.962,-0.137,0.149,-0.076,0.405,-0.432,0.098,0.863,0.702,0.865,0.567,0.791,0.876,0.513,0.934,0.79,0.212,-0.184,-0.472,0.949,0.576,0.308,-0.129,0.952,0.716,0.956,0.033,0.864,0.775,-0.785,0.815,-0.116,0.28,0.733,0.926,0.697,0.87,0.879,-0.774,0.717,0.78,0.934,0.346,0.921,0.807,0.925,0.443,0.814,0.839,0.027,0.895,0.947,0.899,0.959,0.834,0.88,0.927,0.758,0.936,0.909,0.93,0.488,0.63,0.89,-0.748,-0.453,0.865,0.855,0.878,-0.875,0.908,-0.094,0.897,0.727,0.959,0.572,-0.577,0.889,0.908,0.177,0.948,-0.204
APPS,0.185,0.836,0.638,0.851,0.804,0.832,0.887,0.897,0.437,0.493,0.788,0.79,0.0,0.731,0.519,0.656,0.793,0.589,0.447,0.923,0.841,0.887,0.171,0.638,0.697,-0.546,0.065,0.662,0.049,0.884,0.753,0.238,0.838,0.659,0.2,0.228,0.863,-0.61,0.853,-0.528,0.642,-0.315,0.79,0.88,0.643,0.624,0.864,0.879,0.34,0.715,0.449,0.711,0.648,0.769,0.734,-0.757,0.917,0.876,0.824,0.332,-0.178,0.7,0.785,-0.466,0.056,0.882,0.873,0.483,0.82,0.812,0.602,-0.479,0.837,0.022,0.78,0.658,0.877,0.347,-0.418,0.684,0.586,-0.203,0.516,0.096,0.372,-0.683,0.801,0.868,0.768,-0.019,0.921,0.035,-0.031,0.535,0.848,0.587,0.731,0.5,0.695,0.391,0.703,0.733,0.872,0.275,-0.201,0.857,0.068,0.053,-0.672,0.844,0.686,0.881,0.875,0.767,0.747,0.841,0.226,0.731,0.85,-0.067,-0.111,-0.383,0.032,-0.141,0.44,0.567,0.597,0.85,0.415,0.841,0.898,0.749,0.894,0.862,0.332,-0.442,-0.075,0.82,0.741,0.228,0.024,0.814,0.787,0.859,0.331,0.705,0.821,-0.464,0.688,0.3,0.284,0.755,0.875,0.816,0.703,0.765,-0.555,0.573,0.841,0.858,0.618,0.783,0.663,0.87,0.671,0.779,0.676,-0.307,0.878,0.88,0.922,0.8,0.584,0.907,0.834,0.719,0.9,0.861,0.861,0.417,0.856,0.743,-0.366,-0.607,0.869,0.677,0.891,-0.658,0.865,0.161,0.87,0.734,0.816,0.777,-0.405,0.842,0.914,0.181,0.873,0.186
ARCB,0.564,0.734,0.827,0.69,0.927,0.907,0.654,0.698,0.705,0.381,0.866,0.953,0.731,0.0,0.678,0.858,0.967,0.881,0.223,0.848,0.898,0.857,0.575,0.835,0.746,-0.723,-0.544,0.913,0.416,0.83,0.921,0.566,0.767,0.852,0.495,0.712,0.92,-0.776,0.645,-0.143,0.941,-0.041,0.907,0.791,0.912,0.932,0.666,0.709,0.703,0.907,0.656,0.668,0.748,0.799,0.935,-0.844,0.78,0.841,0.935,0.102,0.001,0.675,0.377,-0.271,0.341,0.825,0.843,0.836,0.892,0.69,0.886,-0.464,0.767,0.264,0.93,0.909,0.643,-0.116,0.109,0.82,0.726,-0.08,0.5,0.446,-0.114,-0.849,0.448,0.892,0.9,0.264,0.76,-0.292,-0.302,0.775,0.576,0.868,0.836,0.663,0.859,0.727,0.919,0.293,0.631,0.418,0.047,0.788,0.276,0.439,-0.693,0.609,0.784,0.842,0.882,0.57,0.929,0.575,0.656,0.871,0.957,0.023,0.234,0.099,0.498,-0.549,-0.077,0.898,0.666,0.802,0.687,0.727,0.845,0.395,0.908,0.739,0.131,-0.01,-0.537,0.915,0.536,0.368,-0.127,0.913,0.738,0.934,-0.101,0.914,0.725,-0.822,0.835,-0.28,0.232,0.667,0.9,0.594,0.873,0.846,-0.767,0.709,0.686,0.909,0.19,0.922,0.817,0.905,0.379,0.779,0.881,0.198,0.843,0.902,0.843,0.952,0.895,0.827,0.901,0.737,0.888,0.889,0.893,0.583,0.553,0.9,-0.835,-0.349,0.797,0.899,0.849,-0.887,0.886,-0.199,0.85,0.73,0.96,0.481,-0.535,0.811,0.857,0.246,0.905,-0.298
ARCC,0.825,0.751,0.834,0.253,0.744,0.761,0.378,0.379,0.6,-0.114,0.53,0.636,0.519,0.678,0.0,0.859,0.659,0.829,-0.263,0.565,0.629,0.736,0.538,0.486,0.419,-0.83,-0.493,0.488,0.638,0.52,0.609,0.762,0.318,0.79,0.709,0.618,0.609,-0.418,0.259,-0.316,0.71,-0.284,0.671,0.596,0.792,0.65,0.397,0.47,0.844,0.6,0.08,0.37,0.293,0.504,0.731,-0.477,0.554,0.468,0.549,-0.288,-0.201,0.251,0.255,-0.239,0.59,0.552,0.593,0.529,0.761,0.61,0.66,-0.619,0.303,0.699,0.775,0.774,0.553,-0.152,0.102,0.835,0.782,0.043,0.657,0.386,-0.299,-0.681,0.115,0.532,0.525,-0.053,0.546,-0.691,-0.581,0.827,0.299,0.655,0.722,0.889,0.68,0.784,0.799,0.029,0.463,0.418,-0.145,0.499,-0.082,0.629,-0.26,0.374,0.656,0.563,0.699,0.381,0.825,0.272,0.803,0.886,0.659,-0.016,-0.119,0.232,0.319,-0.486,-0.064,0.778,0.23,0.712,0.755,0.534,0.484,0.087,0.684,0.628,-0.201,0.078,-0.486,0.563,0.342,0.778,-0.339,0.661,0.704,0.682,-0.163,0.85,0.26,-0.539,0.538,-0.162,0.343,0.672,0.625,0.229,0.771,0.484,-0.425,0.838,0.436,0.752,-0.04,0.774,0.888,0.512,0.367,0.708,0.565,0.384,0.58,0.583,0.566,0.638,0.823,0.678,0.619,0.267,0.605,0.644,0.518,0.7,0.276,0.509,-0.513,-0.507,0.497,0.874,0.624,-0.755,0.639,-0.53,0.628,0.326,0.669,0.355,-0.059,0.401,0.548,0.484,0.609,-0.225
ARVN,0.756,0.741,0.863,0.493,0.912,0.877,0.556,0.6,0.792,0.139,0.753,0.844,0.656,0.858,0.859,0.0,0.854,0.919,-0.111,0.772,0.811,0.866,0.551,0.697,0.612,-0.882,-0.554,0.737,0.53,0.735,0.83,0.649,0.586,0.844,0.605,0.696,0.827,-0.633,0.463,-0.253,0.876,-0.197,0.816,0.738,0.911,0.822,0.567,0.643,0.756,0.798,0.343,0.531,0.556,0.739,0.912,-0.669,0.725,0.696,0.773,-0.139,-0.183,0.54,0.308,-0.306,0.456,0.736,0.772,0.711,0.846,0.691,0.8,-0.656,0.567,0.536,0.895,0.857,0.623,-0.038,0.077,0.881,0.821,0.046,0.589,0.437,-0.224,-0.807,0.293,0.767,0.74,0.15,0.713,-0.55,-0.445,0.871,0.492,0.833,0.854,0.795,0.809,0.771,0.879,0.189,0.606,0.47,-0.075,0.674,0.034,0.54,-0.522,0.541,0.713,0.744,0.834,0.564,0.931,0.493,0.753,0.931,0.855,-0.146,0.05,0.098,0.344,-0.5,-0.036,0.887,0.474,0.794,0.732,0.693,0.713,0.286,0.852,0.758,-0.064,0.006,-0.565,0.807,0.431,0.613,-0.199,0.838,0.708,0.88,-0.113,0.932,0.551,-0.751,0.726,-0.208,0.298,0.745,0.827,0.472,0.882,0.719,-0.753,0.786,0.642,0.906,0.138,0.902,0.891,0.761,0.479,0.796,0.751,0.273,0.783,0.792,0.786,0.846,0.901,0.805,0.793,0.535,0.806,0.814,0.754,0.59,0.414,0.733,-0.715,-0.446,0.706,0.934,0.804,-0.876,0.835,-0.383,0.857,0.562,0.849,0.431,-0.369,0.671,0.764,0.444,0.823,-0.286
ATEC,0.492,0.778,0.802,0.743,0.924,0.914,0.711,0.783,0.743,0.464,0.872,0.962,0.793,0.967,0.659,0.854,0.0,0.848,0.283,0.889,0.949,0.903,0.537,0.828,0.764,-0.726,-0.461,0.913,0.35,0.865,0.914,0.503,0.806,0.839,0.435,0.666,0.948,-0.749,0.722,-0.198,0.931,-0.094,0.941,0.794,0.905,0.921,0.717,0.733,0.611,0.929,0.687,0.717,0.788,0.858,0.931,-0.831,0.842,0.885,0.957,0.192,-0.037,0.719,0.458,-0.26,0.285,0.841,0.895,0.833,0.88,0.696,0.899,-0.493,0.834,0.232,0.936,0.868,0.744,0.003,-0.002,0.828,0.727,0.019,0.551,0.397,-0.003,-0.835,0.525,0.925,0.935,0.313,0.815,-0.219,-0.218,0.771,0.644,0.89,0.84,0.628,0.88,0.679,0.909,0.4,0.679,0.439,0.056,0.848,0.244,0.376,-0.692,0.689,0.814,0.865,0.895,0.655,0.915,0.632,0.576,0.868,0.969,0.004,0.227,0.014,0.436,-0.477,0.008,0.877,0.737,0.84,0.626,0.763,0.903,0.455,0.937,0.783,0.173,-0.122,-0.467,0.938,0.557,0.326,-0.107,0.918,0.768,0.958,0.039,0.893,0.789,-0.794,0.837,-0.219,0.25,0.7,0.928,0.681,0.907,0.863,-0.785,0.707,0.735,0.933,0.301,0.907,0.802,0.928,0.464,0.823,0.901,0.111,0.893,0.935,0.892,0.966,0.861,0.866,0.913,0.745,0.923,0.895,0.924,0.537,0.607,0.902,-0.806,-0.399,0.83,0.859,0.88,-0.875,0.929,-0.082,0.898,0.791,0.978,0.568,-0.503,0.865,0.894,0.254,0.934,-0.25
ATXS,0.764,0.691,0.864,0.42,0.878,0.864,0.463,0.491,0.776,0.147,0.752,0.801,0.589,0.881,0.829,0.919,0.848,0.0,-0.046,0.687,0.806,0.767,0.663,0.677,0.641,-0.747,-0.666,0.726,0.561,0.68,0.79,0.802,0.558,0.819,0.777,0.796,0.815,-0.556,0.425,-0.038,0.928,0.012,0.852,0.67,0.966,0.831,0.522,0.508,0.825,0.784,0.426,0.57,0.532,0.622,0.914,-0.697,0.65,0.659,0.797,-0.227,0.106,0.451,0.199,-0.129,0.631,0.673,0.749,0.774,0.872,0.61,0.84,-0.459,0.53,0.436,0.939,0.934,0.562,-0.22,0.287,0.779,0.841,0.029,0.656,0.634,-0.231,-0.762,0.248,0.71,0.764,0.092,0.627,-0.561,-0.547,0.902,0.348,0.809,0.775,0.848,0.875,0.886,0.918,0.06,0.451,0.483,0.077,0.568,0.248,0.716,-0.455,0.441,0.837,0.708,0.783,0.505,0.924,0.389,0.862,0.85,0.837,0.151,0.159,0.326,0.497,-0.632,-0.232,0.884,0.464,0.712,0.887,0.633,0.672,0.167,0.816,0.646,-0.047,0.219,-0.546,0.757,0.419,0.641,-0.152,0.753,0.739,0.815,-0.165,0.97,0.496,-0.738,0.802,-0.417,0.241,0.607,0.768,0.373,0.817,0.637,-0.663,0.749,0.502,0.829,-0.022,0.876,0.829,0.725,0.362,0.714,0.815,0.445,0.714,0.72,0.699,0.834,0.956,0.736,0.772,0.513,0.734,0.789,0.726,0.747,0.352,0.755,-0.769,-0.284,0.631,0.937,0.736,-0.832,0.804,-0.437,0.778,0.567,0.832,0.371,-0.296,0.555,0.685,0.494,0.758,-0.333
AVAV,-0.498,0.217,-0.104,0.617,0.19,0.153,0.526,0.467,-0.05,0.751,0.386,0.266,0.447,0.223,-0.263,-0.111,0.283,-0.046,0.0,0.373,0.393,0.208,-0.135,0.206,0.534,0.303,0.383,0.337,-0.474,0.407,0.256,-0.292,0.6,-0.035,-0.336,-0.144,0.361,-0.153,0.693,-0.027,0.167,0.227,0.29,0.327,0.057,0.111,0.533,0.34,-0.224,0.184,0.587,0.555,0.346,0.288,0.127,-0.397,0.464,0.528,0.423,0.742,0.322,0.515,0.542,0.055,-0.256,0.393,0.385,0.201,0.133,0.146,0.117,0.227,0.595,-0.651,0.185,0.05,0.392,0.342,-0.234,-0.107,-0.089,-0.131,-0.07,0.04,0.632,-0.071,0.688,0.413,0.43,0.034,0.433,0.702,0.487,-0.118,0.479,0.066,0.006,-0.269,0.172,-0.183,0.078,0.657,0.363,0.088,0.286,0.406,0.481,-0.386,-0.457,0.477,0.261,0.426,0.229,0.435,0.042,0.536,-0.388,-0.007,0.282,0.226,0.233,-0.293,0.009,0.304,0.447,-0.091,0.479,0.237,-0.045,0.402,0.493,0.634,0.293,0.284,0.689,-0.297,0.469,0.319,0.492,-0.473,0.498,0.217,0.138,0.236,0.412,0.061,0.581,0.059,0.328,0.219,0.058,-0.019,0.337,0.612,0.043,0.26,-0.105,-0.046,0.428,0.155,0.572,0.096,-0.149,0.439,0.329,0.232,0.382,-0.427,0.383,0.35,0.351,0.299,-0.003,0.315,0.334,0.592,0.379,0.33,0.462,0.014,0.627,0.4,-0.02,0.024,0.425,-0.008,0.279,0.042,0.352,0.708,0.23,0.469,0.288,0.563,-0.336,0.424,0.376,-0.032,0.304,0.32
AXON,0.303,0.81,0.731,0.913,0.914,0.884,0.899,0.895,0.554,0.501,0.861,0.909,0.923,0.848,0.565,0.772,0.889,0.687,0.373,0.0,0.9,0.932,0.297,0.72,0.75,-0.653,-0.112,0.813,0.167,0.949,0.89,0.248,0.907,0.731,0.205,0.383,0.944,-0.746,0.843,-0.47,0.759,-0.299,0.813,0.954,0.734,0.759,0.898,0.934,0.437,0.812,0.53,0.723,0.737,0.853,0.821,-0.851,0.944,0.942,0.89,0.333,-0.196,0.819,0.725,-0.545,0.054,0.956,0.911,0.605,0.857,0.828,0.691,-0.536,0.875,0.055,0.844,0.751,0.815,0.296,-0.312,0.766,0.633,-0.215,0.419,0.149,0.194,-0.807,0.74,0.955,0.864,0.091,0.953,-0.047,-0.082,0.593,0.874,0.724,0.832,0.502,0.718,0.436,0.788,0.686,0.906,0.331,-0.177,0.923,0.107,0.089,-0.803,0.831,0.68,0.934,0.933,0.76,0.849,0.858,0.305,0.835,0.943,-0.234,-0.037,-0.335,0.153,-0.241,0.372,0.695,0.648,0.901,0.435,0.887,0.937,0.747,0.96,0.899,0.34,-0.421,-0.234,0.941,0.737,0.244,0.028,0.936,0.731,0.942,0.253,0.793,0.871,-0.665,0.771,0.186,0.261,0.794,0.962,0.845,0.784,0.884,-0.74,0.654,0.919,0.938,0.611,0.888,0.74,0.96,0.64,0.819,0.761,-0.254,0.949,0.977,0.983,0.907,0.702,0.942,0.932,0.809,0.976,0.945,0.949,0.415,0.825,0.842,-0.527,-0.573,0.949,0.789,0.94,-0.801,0.919,0.105,0.935,0.747,0.914,0.731,-0.569,0.933,0.984,0.145,0.973,0.088
BANF,0.386,0.807,0.733,0.783,0.918,0.883,0.784,0.782,0.721,0.565,0.9,0.911,0.841,0.898,0.629,0.811,0.949,0.806,0.393,0.9,0.0,0.907,0.418,0.74,0.837,-0.625,-0.312,0.855,0.216,0.889,0.888,0.458,0.864,0.735,0.383,0.587,0.959,-0.645,0.827,-0.249,0.89,-0.073,0.92,0.827,0.884,0.815,0.799,0.741,0.53,0.841,0.656,0.826,0.706,0.842,0.91,-0.782,0.936,0.94,0.947,0.287,0.034,0.767,0.571,-0.196,0.293,0.885,0.94,0.774,0.847,0.689,0.818,-0.45,0.88,0.105,0.933,0.804,0.819,0.168,-0.05,0.735,0.696,0.01,0.577,0.445,0.185,-0.734,0.678,0.928,0.951,0.194,0.899,-0.089,-0.125,0.742,0.717,0.813,0.769,0.58,0.865,0.619,0.851,0.542,0.725,0.472,0.122,0.837,0.289,0.312,-0.687,0.757,0.827,0.912,0.885,0.796,0.864,0.738,0.466,0.827,0.921,0.031,0.22,-0.064,0.325,-0.273,0.201,0.757,0.736,0.854,0.639,0.857,0.931,0.587,0.945,0.821,0.343,-0.161,-0.237,0.918,0.696,0.281,0.065,0.869,0.754,0.928,0.141,0.867,0.82,-0.644,0.852,-0.097,0.339,0.677,0.939,0.796,0.839,0.782,-0.744,0.669,0.805,0.91,0.463,0.871,0.72,0.927,0.604,0.857,0.892,0.015,0.942,0.911,0.919,0.954,0.814,0.919,0.906,0.812,0.93,0.921,0.951,0.564,0.712,0.885,-0.665,-0.379,0.88,0.813,0.882,-0.756,0.978,0.083,0.92,0.785,0.925,0.739,-0.47,0.848,0.906,0.389,0.916,-0.103
BATRK,0.464,0.894,0.799,0.761,0.905,0.911,0.825,0.848,0.637,0.351,0.84,0.898,0.887,0.857,0.736,0.866,0.903,0.767,0.208,0.932,0.907,0.0,0.324,0.734,0.721,-0.811,-0.241,0.777,0.266,0.909,0.84,0.405,0.763,0.857,0.355,0.443,0.909,-0.709,0.742,-0.518,0.791,-0.375,0.874,0.878,0.815,0.783,0.764,0.863,0.536,0.816,0.454,0.655,0.688,0.877,0.868,-0.739,0.909,0.865,0.844,0.14,-0.299,0.67,0.631,-0.448,0.23,0.87,0.867,0.648,0.891,0.801,0.781,-0.689,0.783,0.327,0.886,0.787,0.862,0.197,-0.249,0.885,0.71,-0.016,0.619,0.209,0.125,-0.827,0.589,0.898,0.804,0.119,0.899,-0.242,-0.161,0.722,0.79,0.784,0.845,0.672,0.814,0.584,0.821,0.553,0.839,0.44,-0.174,0.897,-0.027,0.228,-0.666,0.802,0.728,0.907,0.942,0.687,0.889,0.749,0.47,0.903,0.926,-0.156,-0.016,-0.243,0.148,-0.317,0.266,0.778,0.62,0.907,0.551,0.806,0.887,0.571,0.958,0.919,0.154,-0.325,-0.36,0.892,0.632,0.401,-0.143,0.904,0.839,0.955,0.174,0.853,0.764,-0.633,0.715,0.107,0.256,0.831,0.929,0.719,0.905,0.81,-0.702,0.73,0.838,0.967,0.431,0.902,0.848,0.899,0.66,0.903,0.767,-0.076,0.904,0.933,0.937,0.897,0.776,0.938,0.866,0.678,0.937,0.897,0.874,0.453,0.704,0.816,-0.586,-0.642,0.847,0.848,0.947,-0.836,0.925,-0.087,0.939,0.74,0.918,0.655,-0.376,0.849,0.924,0.295,0.922,-0.076
BIDU,0.572,0.274,0.565,0.091,0.519,0.532,0.13,0.121,0.552,0.042,0.284,0.489,0.171,0.575,0.538,0.551,0.537,0.663,-0.135,0.297,0.418,0.324,0.0,0.419,0.278,-0.413,-0.577,0.467,0.566,0.273,0.457,0.61,0.259,0.461,0.652,0.703,0.442,-0.255,0.108,0.283,0.661,0.195,0.508,0.277,0.624,0.642,0.137,0.112,0.681,0.547,0.308,0.331,0.249,0.332,0.499,-0.401,0.214,0.272,0.471,-0.148,0.346,0.152,-0.111,0.127,0.547,0.291,0.391,0.602,0.497,0.187,0.586,-0.06,0.212,0.344,0.568,0.603,0.155,-0.403,0.389,0.428,0.708,0.129,0.339,0.493,-0.387,-0.438,-0.085,0.391,0.497,0.228,0.179,-0.472,-0.579,0.699,-0.01,0.523,0.491,0.522,0.505,0.651,0.668,-0.269,0.047,0.293,0.221,0.226,0.341,0.641,-0.241,0.109,0.577,0.28,0.444,0.186,0.587,0.037,0.688,0.517,0.479,0.188,0.258,0.514,0.549,-0.553,-0.436,0.628,0.361,0.324,0.609,0.244,0.323,-0.104,0.385,0.253,-0.261,0.393,-0.508,0.394,0.089,0.438,-0.155,0.432,0.362,0.433,-0.401,0.617,0.195,-0.596,0.479,-0.585,0.154,0.197,0.371,0.062,0.502,0.365,-0.405,0.61,0.115,0.41,-0.249,0.5,0.49,0.362,0.043,0.32,0.572,0.55,0.297,0.357,0.269,0.479,0.709,0.306,0.435,0.242,0.357,0.414,0.393,0.611,0.012,0.422,-0.649,0.051,0.252,0.6,0.29,-0.589,0.361,-0.365,0.317,0.239,0.514,0.031,-0.196,0.211,0.278,0.28,0.388,-0.38
BLNE,0.328,0.492,0.574,0.626,0.74,0.749,0.549,0.63,0.579,0.395,0.744,0.801,0.638,0.835,0.486,0.697,0.828,0.677,0.206,0.72,0.74,0.734,0.419,0.0,0.648,-0.583,-0.495,0.824,0.218,0.742,0.8,0.361,0.677,0.713,0.341,0.481,0.814,-0.783,0.553,-0.101,0.804,-0.01,0.753,0.619,0.728,0.812,0.46,0.607,0.451,0.82,0.68,0.452,0.791,0.803,0.784,-0.732,0.624,0.73,0.79,0.089,0.012,0.596,0.206,-0.179,0.216,0.664,0.635,0.754,0.686,0.462,0.74,-0.335,0.686,0.201,0.719,0.698,0.476,-0.105,0.13,0.642,0.548,0.029,0.398,0.326,-0.026,-0.672,0.376,0.783,0.728,0.405,0.614,-0.078,-0.196,0.667,0.502,0.66,0.644,0.407,0.708,0.597,0.705,0.215,0.509,0.381,0.04,0.747,0.291,0.271,-0.682,0.633,0.564,0.696,0.74,0.468,0.745,0.511,0.472,0.682,0.809,0.02,0.223,0.027,0.362,-0.368,-0.07,0.705,0.62,0.568,0.452,0.569,0.766,0.34,0.734,0.644,0.069,0.031,-0.517,0.797,0.416,0.091,-0.101,0.758,0.584,0.833,-0.232,0.706,0.701,-0.757,0.62,-0.285,0.195,0.46,0.765,0.497,0.701,0.845,-0.751,0.457,0.59,0.747,0.185,0.706,0.626,0.808,0.345,0.59,0.738,0.199,0.681,0.755,0.724,0.779,0.696,0.629,0.715,0.696,0.757,0.721,0.753,0.333,0.549,0.728,-0.786,-0.192,0.663,0.709,0.768,-0.767,0.729,-0.098,0.745,0.752,0.82,0.307,-0.531,0.763,0.746,0.124,0.762,-0.287
BLNK,0.169,0.623,0.444,0.714,0.742,0.653,0.771,0.632,0.576,0.686,0.841,0.747,0.697,0.746,0.419,0.612,0.764,0.641,0.534,0.75,0.837,0.721,0.278,0.648,0.0,-0.347,-0.202,0.799,-0.115,0.831,0.736,0.219,0.819,0.575,0.194,0.443,0.818,-0.507,0.804,-0.161,0.788,0.073,0.764,0.698,0.694,0.636,0.686,0.63,0.349,0.614,0.726,0.739,0.597,0.757,0.77,-0.658,0.792,0.841,0.779,0.397,0.166,0.742,0.469,-0.101,0.22,0.748,0.749,0.723,0.68,0.499,0.683,-0.224,0.822,-0.087,0.75,0.584,0.685,0.123,0.003,0.479,0.462,-0.035,0.457,0.485,0.358,-0.536,0.62,0.82,0.786,0.114,0.746,0.105,0.141,0.521,0.669,0.565,0.467,0.351,0.751,0.414,0.594,0.514,0.565,0.64,0.377,0.701,0.392,0.162,-0.68,0.755,0.673,0.839,0.727,0.609,0.631,0.734,0.277,0.614,0.774,0.14,0.396,-0.101,0.14,-0.13,0.233,0.487,0.758,0.604,0.553,0.695,0.841,0.644,0.787,0.769,0.397,-0.072,0.003,0.755,0.661,-0.006,0.364,0.661,0.589,0.736,0.051,0.701,0.822,-0.444,0.689,-0.091,0.11,0.394,0.773,0.717,0.64,0.587,-0.664,0.492,0.747,0.677,0.411,0.654,0.433,0.847,0.615,0.782,0.85,-0.012,0.761,0.757,0.736,0.78,0.652,0.723,0.71,0.806,0.788,0.78,0.823,0.33,0.721,0.838,-0.584,-0.169,0.724,0.665,0.764,-0.527,0.85,0.249,0.734,0.78,0.771,0.639,-0.428,0.7,0.752,0.519,0.716,-0.146
BTAI,-0.761,-0.728,-0.838,-0.362,-0.739,-0.773,-0.444,-0.538,-0.633,0.097,-0.588,-0.734,-0.546,-0.723,-0.83,-0.882,-0.726,-0.747,0.303,-0.653,-0.625,-0.811,-0.413,-0.583,-0.347,0.0,0.495,-0.568,-0.588,-0.601,-0.658,-0.561,-0.36,-0.857,-0.505,-0.531,-0.637,0.61,-0.285,0.449,-0.66,0.513,-0.68,-0.618,-0.73,-0.726,-0.403,-0.604,-0.675,-0.698,-0.131,-0.298,-0.467,-0.65,-0.743,0.497,-0.569,-0.508,-0.581,0.271,0.496,-0.328,-0.281,0.461,-0.344,-0.586,-0.592,-0.522,-0.743,-0.671,-0.712,0.812,-0.392,-0.719,-0.723,-0.738,-0.567,0.054,0.061,-0.934,-0.71,-0.073,-0.549,-0.147,0.328,0.778,-0.119,-0.61,-0.535,-0.161,-0.572,0.665,0.421,-0.725,-0.441,-0.762,-0.826,-0.783,-0.661,-0.651,-0.755,-0.112,-0.577,-0.325,0.322,-0.623,0.301,-0.429,0.36,-0.434,-0.533,-0.606,-0.739,-0.343,-0.824,-0.351,-0.691,-0.866,-0.728,0.273,0.105,0.051,-0.244,0.525,0.061,-0.849,-0.323,-0.742,-0.536,-0.503,-0.535,-0.127,-0.735,-0.667,0.245,0.143,0.683,-0.677,-0.269,-0.66,0.499,-0.754,-0.696,-0.77,0.054,-0.769,-0.362,0.674,-0.481,0.067,-0.19,-0.785,-0.678,-0.301,-0.864,-0.638,0.594,-0.732,-0.527,-0.834,-0.027,-0.798,-0.913,-0.597,-0.353,-0.719,-0.519,-0.19,-0.621,-0.699,-0.663,-0.695,-0.745,-0.692,-0.636,-0.287,-0.664,-0.648,-0.561,-0.408,-0.253,-0.579,0.602,0.654,-0.541,-0.806,-0.712,0.836,-0.653,0.52,-0.73,-0.417,-0.731,-0.262,0.213,-0.574,-0.647,-0.212,-0.702,0.315
BYND,-0.717,-0.108,-0.497,0.102,-0.395,-0.352,0.192,0.043,-0.612,0.182,-0.308,-0.411,0.065,-0.544,-0.493,-0.554,-0.461,-0.666,0.383,-0.112,-0.312,-0.241,-0.577,-0.495,-0.202,0.495,0.0,-0.473,-0.593,-0.138,-0.412,-0.698,-0.021,-0.538,-0.625,-0.776,-0.313,0.391,0.16,-0.408,-0.625,-0.284,-0.444,-0.046,-0.634,-0.599,0.13,0.066,-0.657,-0.474,-0.343,-0.03,-0.35,-0.254,-0.553,0.266,-0.03,-0.122,-0.359,0.454,-0.161,-0.06,0.487,-0.225,-0.54,-0.083,-0.163,-0.646,-0.345,-0.061,-0.625,0.197,-0.05,-0.524,-0.455,-0.578,0.06,0.6,-0.69,-0.463,-0.424,-0.273,-0.314,-0.556,0.595,0.395,0.364,-0.201,-0.325,-0.395,0.006,0.568,0.509,-0.606,0.261,-0.562,-0.37,-0.513,-0.518,-0.725,-0.52,0.541,0.163,-0.351,-0.243,-0.105,-0.253,-0.712,0.073,0.103,-0.385,-0.145,-0.239,0.09,-0.495,0.24,-0.818,-0.435,-0.372,-0.187,-0.357,-0.686,-0.637,0.694,0.713,-0.679,-0.175,-0.135,-0.594,-0.029,-0.148,0.451,-0.27,-0.063,0.368,-0.58,0.765,-0.313,0.174,-0.4,0.316,-0.314,-0.239,-0.357,0.541,-0.553,-0.018,0.615,-0.406,0.817,-0.057,-0.153,-0.258,0.21,-0.475,-0.3,0.434,-0.35,0.068,-0.334,0.547,-0.407,-0.473,-0.235,0.192,-0.223,-0.47,-0.787,-0.161,-0.219,-0.14,-0.394,-0.633,-0.123,-0.275,-0.113,-0.19,-0.229,-0.205,-0.388,0.261,-0.342,0.778,-0.183,-0.07,-0.545,-0.211,0.522,-0.274,0.619,-0.26,-0.24,-0.409,0.283,0.113,-0.127,-0.143,-0.254,-0.26,0.699
CAN,0.363,0.576,0.634,0.746,0.836,0.745,0.659,0.7,0.674,0.531,0.818,0.906,0.662,0.913,0.488,0.737,0.913,0.726,0.337,0.813,0.855,0.777,0.467,0.824,0.799,-0.568,-0.473,0.0,0.195,0.824,0.889,0.315,0.799,0.753,0.242,0.631,0.88,-0.784,0.686,-0.063,0.887,0.049,0.814,0.71,0.787,0.894,0.63,0.669,0.497,0.837,0.809,0.593,0.814,0.836,0.848,-0.802,0.734,0.835,0.878,0.3,0.002,0.757,0.311,-0.218,0.172,0.759,0.757,0.888,0.735,0.521,0.834,-0.303,0.799,0.1,0.794,0.761,0.569,-0.076,0.048,0.695,0.539,-0.023,0.355,0.376,0.001,-0.751,0.447,0.88,0.868,0.415,0.71,-0.065,-0.057,0.597,0.594,0.804,0.684,0.396,0.759,0.557,0.77,0.335,0.571,0.484,0.196,0.824,0.379,0.215,-0.788,0.643,0.628,0.806,0.764,0.501,0.783,0.583,0.439,0.77,0.9,-0.051,0.413,0.043,0.421,-0.434,-0.039,0.759,0.762,0.675,0.48,0.645,0.853,0.456,0.819,0.707,0.203,-0.064,-0.417,0.886,0.468,0.076,0.048,0.855,0.571,0.865,-0.074,0.779,0.821,-0.8,0.752,-0.28,0.119,0.532,0.859,0.637,0.777,0.828,-0.805,0.568,0.688,0.792,0.275,0.783,0.633,0.908,0.394,0.754,0.881,0.103,0.8,0.873,0.793,0.892,0.767,0.72,0.831,0.816,0.86,0.795,0.874,0.35,0.595,0.885,-0.845,-0.209,0.762,0.772,0.785,-0.8,0.825,0.043,0.774,0.813,0.927,0.438,-0.625,0.843,0.818,0.196,0.856,-0.303
CCEC,0.85,0.304,0.678,-0.068,0.413,0.468,-0.18,0.027,0.331,-0.464,0.151,0.355,0.049,0.416,0.638,0.53,0.35,0.561,-0.474,0.167,0.216,0.266,0.566,0.218,-0.115,-0.588,-0.593,0.195,0.0,0.008,0.373,0.724,-0.034,0.459,0.655,0.668,0.198,-0.297,-0.229,0.07,0.399,0.002,0.279,0.238,0.506,0.43,0.113,0.07,0.805,0.468,-0.099,0.075,0.094,0.016,0.391,-0.289,0.099,0.077,0.302,-0.444,-0.057,0.015,-0.069,-0.093,0.371,0.215,0.254,0.222,0.388,0.39,0.334,-0.39,-0.095,0.63,0.427,0.599,-0.029,-0.373,0.378,0.559,0.528,-0.081,0.159,0.236,-0.807,-0.473,-0.253,0.134,0.275,-0.047,0.138,-0.727,-0.823,0.566,-0.187,0.552,0.615,0.644,0.238,0.621,0.633,-0.315,0.134,-0.167,-0.327,0.092,-0.029,0.699,0.035,-0.236,0.32,0.072,0.272,0.082,0.585,-0.254,0.773,0.531,0.318,-0.137,-0.244,0.5,0.705,-0.6,-0.383,0.693,-0.191,0.431,0.503,0.219,0.003,-0.347,0.284,0.034,-0.222,0.228,-0.721,0.257,-0.075,0.776,-0.637,0.424,0.24,0.319,-0.249,0.526,-0.211,-0.53,0.412,-0.34,0.429,0.451,0.27,-0.154,0.387,0.315,-0.12,0.611,-0.023,0.403,-0.308,0.524,0.683,0.094,-0.301,0.173,0.193,0.481,0.228,0.231,0.179,0.343,0.604,0.294,0.4,-0.091,0.222,0.28,0.18,0.658,-0.203,0.156,-0.354,-0.251,0.207,0.555,0.126,-0.565,0.198,-0.72,0.229,-0.168,0.32,-0.048,-0.102,0.128,0.154,-0.053,0.325,-0.178
CDW,0.22,0.758,0.645,0.863,0.867,0.837,0.927,0.833,0.569,0.58,0.873,0.865,0.884,0.83,0.52,0.735,0.865,0.68,0.407,0.949,0.889,0.909,0.273,0.742,0.831,-0.601,-0.138,0.824,0.008,0.0,0.83,0.204,0.894,0.728,0.208,0.331,0.941,-0.709,0.867,-0.454,0.774,-0.293,0.831,0.894,0.718,0.749,0.805,0.897,0.358,0.729,0.584,0.686,0.731,0.908,0.81,-0.777,0.9,0.916,0.847,0.298,-0.146,0.76,0.641,-0.469,0.126,0.891,0.848,0.673,0.842,0.716,0.728,-0.459,0.881,0.018,0.825,0.7,0.834,0.243,-0.251,0.695,0.597,-0.136,0.504,0.221,0.325,-0.735,0.71,0.937,0.82,0.12,0.885,-0.008,0.011,0.591,0.883,0.655,0.707,0.467,0.769,0.429,0.713,0.629,0.813,0.509,-0.02,0.908,0.136,0.066,-0.819,0.898,0.689,0.945,0.917,0.695,0.784,0.884,0.28,0.777,0.919,-0.108,0.114,-0.336,0.044,-0.2,0.331,0.62,0.725,0.793,0.455,0.799,0.947,0.731,0.926,0.937,0.287,-0.319,-0.184,0.895,0.741,0.128,0.144,0.849,0.764,0.91,0.177,0.769,0.915,-0.632,0.686,0.116,0.128,0.67,0.916,0.808,0.78,0.81,-0.772,0.589,0.904,0.879,0.533,0.818,0.648,0.967,0.714,0.821,0.801,-0.176,0.88,0.94,0.935,0.873,0.682,0.873,0.838,0.826,0.936,0.905,0.912,0.322,0.821,0.86,-0.588,-0.486,0.867,0.758,0.946,-0.737,0.909,0.148,0.903,0.832,0.897,0.669,-0.502,0.864,0.951,0.271,0.898,-0.041
CDXS,0.489,0.666,0.755,0.786,0.95,0.852,0.692,0.732,0.631,0.423,0.879,0.932,0.753,0.921,0.609,0.83,0.914,0.79,0.256,0.89,0.888,0.84,0.457,0.8,0.736,-0.658,-0.412,0.889,0.373,0.83,0.0,0.438,0.861,0.728,0.35,0.621,0.92,-0.789,0.679,-0.19,0.874,-0.021,0.81,0.857,0.839,0.847,0.782,0.756,0.623,0.888,0.607,0.702,0.712,0.773,0.894,-0.858,0.838,0.89,0.928,0.23,-0.034,0.821,0.485,-0.328,0.184,0.909,0.882,0.717,0.81,0.723,0.732,-0.461,0.781,0.153,0.866,0.832,0.585,0.064,0.031,0.753,0.659,-0.183,0.328,0.387,-0.102,-0.797,0.57,0.929,0.913,0.198,0.839,-0.155,-0.249,0.695,0.637,0.819,0.862,0.524,0.724,0.583,0.863,0.431,0.735,0.293,-0.008,0.801,0.324,0.315,-0.747,0.621,0.661,0.83,0.861,0.707,0.899,0.668,0.515,0.845,0.927,-0.196,0.147,-0.01,0.456,-0.371,0.119,0.826,0.594,0.827,0.566,0.844,0.841,0.564,0.89,0.733,0.322,-0.107,-0.429,0.934,0.603,0.295,-0.017,0.947,0.594,0.935,-0.04,0.854,0.751,-0.797,0.851,-0.113,0.401,0.676,0.93,0.708,0.761,0.902,-0.78,0.648,0.791,0.898,0.409,0.906,0.764,0.907,0.392,0.758,0.799,0.018,0.91,0.904,0.882,0.941,0.822,0.858,0.953,0.835,0.928,0.931,0.939,0.547,0.674,0.851,-0.698,-0.351,0.903,0.866,0.826,-0.834,0.887,-0.062,0.879,0.671,0.907,0.593,-0.686,0.89,0.891,0.18,0.942,-0.093
