,ABEO,ACHC,AGNCN,AKAM,AKRO,ALRM,AMAT,AMED,AMRN,ANGI,APA,APOG,APPS,ARCB,ARCC,ARVN,ATEC,ATXS,AVAV,AXON,BANF,BATRK,BIDU,BLNE,BLNK,BTAI,BYND,CAN,CCEC,CDW,CDXS,CELH,CGNX,CHKP,CHRS,CHRW,CIGI,CKPT,CMPR,COGT,CRNC,CRSP,CSTL,CTSH,CVGW,DGLY,DNLI,DOCU,DVAX,EBAY,EHTH,ERII,ESLT,EXPE,EXPO,FBIOP,FFBC,FFIN,FOXF,FWRD,GDS,GERN,GPRE,GRWG,GRYP,HEES,HELE,HIVE,HON,HRTX,HSTM,HURA,IART,IBKR,IBOC,IBRX,IDXX,INGN,INM,INVA,IQ,IRBT,KDP,KPTI,KTOS,KXIN,LAMR,LFUS,LGIH,LGMK,LKFN,LNW,LOPE,LPSN,LYFT,MGNX,MLCO,MNST,MODV,MSTR,MTCH,MYGN,MYRG,NCMI,NEXT,NFLX,NIU,NKTR,NRC,NTNX,NTRA,NVEE,NVMI,NWL,NWS,NXPI,OCGN,OCSL,OKTA,OLLI,OTLK,OXLC,PAA,PARA,PARAA,PDCO,PDFS,PFG,PGEN,PNFP,PODD,POWI,PSMT,PTC,PTEN,PVLA,RDNT,RDUS,RDWR,REGN,RNAC,ROCK,ROST,RRR,RSLS,RVMD,RYAAY,SAFT,SAGE,SAVA,SBGI,SFM,SFNC,SHYF,SIBN,SIFY,SIGI,SIMO,SITM,SLM,SNBR,SNDX,SNY,SPNS,SRRK,STRA,SUPN,SYRE,TCBK,TEAM,TECH,THRM,TLRY,TRMK,TROW,TSLA,TWST,TXN,UFPI,UNIT,UPWK,USLM,UTHR,VERB,VLY,VRNA,VRRM,VXRT,WAFD,WATT,WBA,WING,WIX,WTFC,WTW,XPEL,XRX,YMAB,ZG,ZLAB
ABEO,0.0,-0.103,0.281,0.572,0.535,-0.061,0.828,0.178,0.267,0.283,0.511,0.416,0.498,0.364,0.592,0.438,0.37,0.717,0.543,0.208,0.533,0.387,0.672,0.104,0.114,0.003,0.22,0.418,0.005,0.662,0.138,0.356,0.443,0.576,0.375,-0.306,0.6,0.453,0.406,0.417,0.491,0.363,-0.145,0.303,0.675,0.48,0.691,0.777,0.713,-0.223,0.149,-0.021,0.409,0.698,0.533,0.0,0.439,0.455,0.321,0.536,0.421,-0.187,0.062,0.562,0.603,0.44,-0.16,0.473,0.173,0.118,0.251,0.607,0.345,0.72,0.495,0.139,0.388,0.274,0.517,-0.013,0.032,0.14,-0.01,0.147,0.473,0.19,0.666,0.731,0.234,0.237,0.427,0.513,0.007,0.661,0.574,0.386,0.204,-0.059,0.708,0.418,-0.23,0.584,0.42,0.273,-0.041,0.686,0.314,0.508,0.113,0.686,0.486,0.193,0.503,-0.165,0.639,0.699,0.486,0.537,0.803,0.262,0.606,-0.007,0.323,0.451,0.018,0.517,0.644,0.563,0.215,0.647,0.263,0.436,0.455,0.555,0.313,0.15,0.663,0.271,-0.301,0.366,0.406,0.396,0.688,0.58,0.265,0.497,0.257,0.496,0.247,-0.387,0.225,-0.252,0.514,-0.201,0.355,0.174,0.662,0.69,0.798,0.518,-0.069,0.394,0.467,0.449,0.863,0.447,0.453,0.533,0.487,0.51,0.069,0.159,0.324,0.466,0.553,0.636,0.325,0.734,0.247,-0.094,0.114,0.55,0.482,0.211,0.552,0.631,0.18,0.59,0.597,-0.429,0.103,0.48,0.46,0.518,0.047,0.229,0.5,0.616,0.622,0.088
ACHC,-0.103,0.0,-0.501,0.314,-0.682,-0.825,-0.222,0.266,-0.85,0.454,-0.526,-0.554,0.573,-0.67,-0.312,-0.806,-0.899,-0.456,0.506,0.593,-0.678,-0.508,-0.363,-0.818,-0.808,-0.845,-0.115,-0.642,-0.117,-0.567,-0.81,-0.746,-0.835,0.238,-0.767,0.914,0.239,-0.781,-0.368,-0.16,-0.486,-0.785,0.751,0.307,-0.098,-0.712,-0.458,-0.08,-0.254,0.796,-0.83,0.963,0.644,0.083,-0.419,-0.874,-0.729,-0.731,-0.742,0.263,0.652,-0.036,-0.707,-0.555,-0.6,-0.749,-0.741,-0.756,-0.488,-0.825,-0.622,-0.47,-0.763,-0.016,-0.735,-0.893,0.542,0.599,-0.165,0.075,-0.085,-0.845,0.864,-0.794,-0.641,-0.84,-0.226,-0.222,-0.383,-0.856,-0.817,-0.085,-0.77,0.011,-0.565,-0.822,-0.772,-0.561,0.26,-0.774,0.447,-0.04,-0.85,0.633,-0.711,0.452,-0.702,-0.66,-0.642,0.267,0.619,-0.802,0.381,-0.21,-0.067,-0.326,-0.822,-0.701,0.04,-0.453,-0.677,-0.656,-0.596,-0.585,0.49,-0.606,-0.619,-0.664,-0.842,-0.583,-0.092,-0.737,-0.425,-0.27,-0.68,0.19,-0.016,-0.794,0.837,0.755,-0.743,-0.833,0.287,-0.448,-0.847,-0.711,0.373,-0.674,-0.794,0.757,-0.785,0.663,-0.719,-0.314,-0.789,-0.858,-0.283,-0.57,-0.386,-0.703,0.858,-0.741,0.611,-0.751,-0.024,-0.833,0.5,-0.74,-0.757,-0.677,-0.54,-0.056,0.072,-0.736,-0.617,-0.403,-0.838,-0.205,-0.581,0.811,-0.725,-0.52,-0.119,-0.814,0.031,0.536,-0.756,0.189,-0.476,-0.451,-0.62,0.313,0.228,-0.701,0.201,0.357,-0.719,-0.218,0.26,-0.707
AGNCN,0.281,-0.501,0.0,-0.112,0.696,0.644,0.36,0.031,0.614,-0.175,0.662,0.681,-0.283,0.68,0.487,0.722,0.684,0.604,-0.19,-0.428,0.734,0.554,0.452,0.743,0.685,0.65,0.209,0.613,0.084,0.648,0.701,0.724,0.661,0.102,0.587,-0.572,0.306,0.586,0.673,0.304,0.601,0.721,-0.664,0.201,0.486,0.773,0.529,0.393,0.432,-0.527,0.602,-0.498,-0.261,0.042,0.495,0.656,0.71,0.701,0.684,0.022,-0.345,-0.072,0.72,0.709,0.697,0.681,0.516,0.724,0.59,0.632,0.69,0.526,0.683,0.301,0.724,0.666,-0.26,-0.378,0.316,0.258,-0.137,0.721,-0.485,0.635,0.69,0.671,0.526,0.53,0.496,0.708,0.735,0.339,0.635,0.157,0.622,0.711,0.455,0.496,-0.015,0.724,-0.211,0.14,0.702,-0.367,0.592,-0.056,0.616,0.675,0.657,-0.015,-0.362,0.736,-0.249,0.247,0.197,0.399,0.65,0.747,0.245,0.534,0.599,0.437,0.643,0.679,-0.209,0.734,0.677,0.713,0.683,0.651,0.279,0.695,0.636,0.467,0.681,0.129,0.033,0.747,-0.585,-0.364,0.709,0.754,0.184,0.505,0.751,0.677,-0.265,0.75,0.713,-0.616,0.723,-0.426,0.708,0.231,0.632,0.683,0.545,0.606,0.469,0.734,-0.439,0.714,-0.132,0.71,0.205,0.71,-0.218,0.695,0.715,0.69,0.582,0.281,0.242,0.705,0.697,0.572,0.707,0.391,0.602,-0.471,0.602,0.699,0.188,0.597,0.159,-0.193,0.692,0.129,0.531,0.224,0.719,-0.025,-0.215,0.727,0.249,-0.218,0.689,0.531,-0.065,0.585
AKAM,0.572,0.314,-0.112,0.0,0.076,-0.456,0.639,0.229,-0.261,0.658,0.246,0.142,0.85,-0.004,0.502,-0.091,-0.115,0.27,0.847,0.671,0.18,0.236,0.486,-0.361,-0.438,-0.545,0.535,0.017,-0.163,0.301,-0.411,-0.154,0.042,0.858,0.117,0.051,0.519,-0.07,0.062,0.114,0.159,-0.121,0.445,0.529,0.273,-0.069,0.45,0.676,0.672,0.361,-0.256,0.387,0.677,0.913,0.367,-0.485,0.032,0.094,-0.043,0.676,0.673,0.144,-0.397,0.039,0.244,-0.066,-0.423,-0.016,-0.269,-0.46,-0.168,0.246,-0.254,0.763,0.064,-0.276,0.728,0.738,0.236,0.122,0.165,-0.414,0.391,-0.219,0.043,-0.172,0.567,0.515,0.104,-0.265,-0.088,0.498,-0.395,0.499,0.093,-0.151,-0.076,-0.507,0.876,-0.019,-0.011,0.712,-0.019,0.601,-0.531,0.785,0.037,0.015,-0.377,0.869,0.818,-0.21,0.857,-0.174,0.838,0.511,-0.042,0.122,0.81,-0.108,0.189,-0.026,-0.001,-0.033,0.443,0.196,0.305,0.136,-0.342,0.308,-0.203,-0.072,0.188,0.496,-0.018,-0.011,0.728,-0.173,0.132,0.763,-0.15,-0.09,0.71,0.453,-0.179,0.002,0.777,0.106,-0.227,-0.087,-0.123,0.263,0.082,-0.106,-0.23,-0.237,0.456,0.307,0.544,0.104,0.403,-0.115,0.687,0.041,0.709,-0.024,0.769,-0.061,0.053,0.089,-0.347,0.151,0.388,0.107,0.157,0.338,-0.134,0.655,0.045,0.338,-0.403,0.167,0.283,-0.138,0.52,0.866,-0.332,0.445,0.405,-0.529,-0.205,0.715,0.609,0.123,0.2,0.758,0.072,0.238,0.895,-0.485
AKRO,0.535,-0.682,0.696,0.076,0.0,0.703,0.626,-0.021,0.818,-0.158,0.822,0.836,-0.115,0.86,0.707,0.923,0.871,0.883,-0.049,-0.399,0.924,0.798,0.761,0.739,0.756,0.72,0.403,0.924,0.191,0.79,0.823,0.868,0.885,0.263,0.74,-0.733,0.428,0.867,0.734,0.605,0.863,0.919,-0.657,0.248,0.564,0.81,0.829,0.57,0.629,-0.577,0.791,-0.599,-0.252,0.321,0.741,0.707,0.927,0.922,0.868,0.249,-0.144,0.055,0.706,0.878,0.867,0.89,0.619,0.915,0.568,0.738,0.817,0.853,0.783,0.496,0.935,0.821,-0.046,-0.344,0.578,0.142,0.129,0.793,-0.633,0.75,0.897,0.825,0.667,0.711,0.608,0.876,0.925,0.609,0.692,0.409,0.869,0.842,0.783,0.468,0.176,0.904,-0.213,0.37,0.913,-0.227,0.597,0.099,0.818,0.895,0.677,0.206,-0.269,0.845,-0.071,0.245,0.461,0.701,0.846,0.924,0.456,0.738,0.763,0.59,0.826,0.824,-0.246,0.856,0.858,0.891,0.817,0.915,0.186,0.886,0.757,0.718,0.854,0.092,0.319,0.878,-0.675,-0.351,0.892,0.905,0.277,0.766,0.816,0.893,-0.08,0.904,0.854,-0.744,0.866,-0.512,0.947,0.261,0.826,0.818,0.723,0.822,0.756,0.901,-0.469,0.892,-0.163,0.842,0.404,0.885,-0.174,0.901,0.948,0.928,0.594,0.333,0.28,0.918,0.881,0.813,0.894,0.628,0.745,-0.481,0.696,0.851,0.463,0.797,0.411,-0.103,0.771,0.369,0.815,0.245,0.739,0.096,0.094,0.94,0.12,-0.148,0.848,0.663,0.14,0.704
ALRM,-0.061,-0.825,0.644,-0.456,0.703,0.0,0.116,-0.125,0.791,-0.502,0.639,0.744,-0.692,0.826,0.388,0.77,0.802,0.484,-0.536,-0.766,0.701,0.607,0.323,0.896,0.936,0.946,0.124,0.673,0.123,0.439,0.942,0.847,0.764,-0.25,0.686,-0.711,-0.054,0.642,0.652,0.301,0.544,0.877,-0.74,0.027,0.164,0.699,0.456,0.06,0.153,-0.605,0.901,-0.827,-0.753,-0.259,0.453,0.931,0.8,0.776,0.868,-0.35,-0.659,0.229,0.9,0.611,0.592,0.76,0.937,0.75,0.577,0.892,0.812,0.476,0.678,-0.008,0.766,0.891,-0.54,-0.756,0.117,0.238,0.221,0.935,-0.768,0.909,0.735,0.876,0.278,0.295,0.65,0.901,0.811,0.266,0.951,-0.103,0.6,0.729,0.699,0.756,-0.432,0.811,-0.083,-0.076,0.797,-0.588,0.859,-0.534,0.777,0.682,0.827,-0.346,-0.776,0.91,-0.574,0.517,-0.031,0.291,0.68,0.736,-0.119,0.629,0.485,0.67,0.755,0.641,-0.395,0.66,0.574,0.656,0.877,0.591,0.267,0.786,0.628,0.382,0.817,0.011,-0.228,0.913,-0.621,-0.819,0.804,0.845,-0.255,0.42,0.832,0.746,-0.442,0.71,0.908,-0.599,0.9,-0.397,0.745,0.597,0.727,0.885,0.371,0.477,0.242,0.717,-0.601,0.753,-0.685,0.67,-0.1,0.75,-0.648,0.683,0.772,0.738,0.783,0.374,0.208,0.775,0.654,0.498,0.88,0.166,0.779,-0.687,0.885,0.657,-0.039,0.833,0.042,-0.627,0.888,-0.162,0.497,0.69,0.874,-0.263,-0.421,0.738,0.096,-0.452,0.676,0.274,-0.431,0.851
AMAT,0.828,-0.222,0.36,0.639,0.626,0.116,0.0,0.172,0.349,0.422,0.684,0.597,0.514,0.558,0.788,0.546,0.512,0.788,0.624,0.226,0.71,0.648,0.872,0.197,0.196,0.087,0.505,0.527,0.032,0.772,0.242,0.484,0.638,0.689,0.511,-0.461,0.573,0.474,0.519,0.456,0.654,0.489,-0.103,0.489,0.707,0.565,0.871,0.931,0.853,-0.24,0.278,-0.139,0.383,0.834,0.779,0.057,0.596,0.64,0.504,0.629,0.396,-0.074,0.146,0.679,0.752,0.579,0.06,0.619,0.301,0.157,0.388,0.694,0.361,0.896,0.642,0.269,0.439,0.298,0.443,0.048,0.143,0.219,-0.156,0.315,0.606,0.378,0.873,0.894,0.432,0.354,0.56,0.724,0.125,0.733,0.669,0.406,0.422,-0.073,0.753,0.556,-0.147,0.746,0.593,0.33,-0.002,0.683,0.453,0.659,0.146,0.804,0.455,0.409,0.612,-0.065,0.843,0.939,0.571,0.694,0.917,0.422,0.664,0.178,0.572,0.57,0.21,0.625,0.831,0.719,0.284,0.806,0.261,0.574,0.635,0.801,0.495,-0.012,0.777,0.436,-0.348,0.324,0.507,0.523,0.767,0.825,0.406,0.594,0.317,0.655,0.384,-0.49,0.441,-0.183,0.67,-0.026,0.417,0.317,0.787,0.853,0.945,0.69,-0.107,0.477,0.337,0.628,0.765,0.562,0.468,0.596,0.643,0.662,0.127,0.372,0.533,0.643,0.732,0.803,0.497,0.955,0.479,-0.142,0.221,0.693,0.371,0.356,0.733,0.597,0.263,0.589,0.834,-0.343,0.28,0.698,0.567,0.694,0.067,0.399,0.671,0.716,0.734,0.143
AMED,0.178,0.266,0.031,0.229,-0.021,-0.125,0.172,0.0,-0.223,0.203,0.108,0.177,0.232,0.044,0.241,-0.104,-0.171,0.159,0.381,0.212,0.058,0.117,0.165,-0.16,-0.138,-0.214,0.07,-0.143,-0.09,0.061,-0.136,-0.023,-0.094,0.325,-0.065,0.14,0.386,-0.157,0.11,0.139,0.026,-0.039,0.237,0.432,0.201,-0.082,0.195,0.289,0.24,0.203,-0.121,0.262,0.282,0.175,0.246,-0.181,0.028,0.049,0.027,0.226,0.337,0.173,-0.041,0.1,0.03,-0.098,-0.076,-0.108,-0.219,-0.205,-0.059,-0.0,-0.151,0.26,0.014,-0.206,0.384,0.251,-0.104,0.283,0.197,-0.13,0.396,-0.058,0.059,-0.164,0.264,0.227,0.245,-0.16,-0.081,0.253,-0.095,0.141,0.032,-0.205,-0.241,-0.058,0.25,-0.077,0.232,0.245,-0.107,0.358,-0.202,0.296,-0.04,-0.042,-0.096,0.28,0.263,-0.056,0.209,0.263,0.15,0.164,-0.166,0.044,0.265,0.105,-0.009,-0.15,0.008,0.042,0.282,0.151,0.028,-0.028,-0.186,0.097,0.233,-0.006,0.225,0.206,0.021,0.439,0.13,-0.02,0.265,0.322,-0.023,-0.082,0.402,0.142,-0.122,-0.016,0.401,0.027,-0.084,0.173,-0.048,0.361,0.041,0.196,-0.252,-0.191,0.312,-0.008,0.096,-0.047,0.303,-0.01,0.396,-0.044,0.319,-0.134,0.332,-0.112,0.002,0.027,0.066,0.272,0.356,0.045,0.031,0.166,-0.09,0.263,0.16,0.235,-0.066,0.104,-0.192,-0.239,0.364,0.339,-0.105,0.261,0.158,-0.127,0.086,0.373,0.091,0.037,0.446,0.184,-0.076,0.155,0.19,-0.051
AMRN,0.267,-0.85,0.614,-0.261,0.818,0.791,0.349,-0.223,0.0,-0.376,0.567,0.62,-0.426,0.73,0.481,0.885,0.921,0.651,-0.371,-0.544,0.762,0.627,0.522,0.789,0.817,0.842,0.143,0.778,0.262,0.721,0.866,0.819,0.876,-0.111,0.702,-0.844,0.05,0.848,0.466,0.445,0.651,0.849,-0.723,-0.148,0.333,0.775,0.605,0.267,0.363,-0.72,0.819,-0.834,-0.49,0.02,0.576,0.831,0.811,0.801,0.77,-0.058,-0.44,-0.063,0.703,0.744,0.713,0.817,0.736,0.841,0.557,0.825,0.696,0.655,0.811,0.156,0.812,0.876,-0.358,-0.542,0.402,0.008,0.008,0.846,-0.795,0.794,0.761,0.837,0.345,0.381,0.424,0.886,0.888,0.248,0.716,0.284,0.719,0.909,0.849,0.566,-0.146,0.841,-0.428,0.112,0.899,-0.429,0.67,-0.228,0.7,0.82,0.627,-0.14,-0.521,0.812,-0.322,0.208,0.13,0.459,0.889,0.8,0.108,0.64,0.691,0.544,0.726,0.694,-0.429,0.701,0.681,0.758,0.868,0.708,0.186,0.817,0.509,0.415,0.696,-0.066,0.124,0.827,-0.836,-0.612,0.858,0.91,-0.094,0.576,0.841,0.798,-0.345,0.782,0.833,-0.707,0.807,-0.692,0.817,0.205,0.874,0.861,0.444,0.653,0.51,0.771,-0.743,0.796,-0.45,0.852,0.099,0.923,-0.388,0.898,0.848,0.771,0.567,0.044,-0.001,0.793,0.707,0.558,0.878,0.334,0.605,-0.642,0.75,0.622,0.408,0.784,0.149,-0.425,0.793,0.107,0.617,0.371,0.672,-0.142,-0.05,0.797,-0.139,-0.412,0.804,0.453,-0.167,0.765
ANGI,0.283,0.454,-0.175,0.658,-0.158,-0.502,0.422,0.203,-0.376,0.0,-0.065,-0.12,0.763,-0.22,0.322,-0.275,-0.322,0.007,0.804,0.886,-0.091,0.141,0.266,-0.508,-0.599,-0.608,0.413,-0.182,0.136,0.043,-0.524,-0.416,-0.187,0.637,-0.216,0.275,0.356,-0.217,-0.128,-0.094,0.025,-0.357,0.679,0.396,0.067,-0.25,0.215,0.495,0.496,0.409,-0.537,0.546,0.841,0.607,0.225,-0.633,-0.238,-0.152,-0.292,0.723,0.721,0.002,-0.603,-0.125,0.005,-0.225,-0.508,-0.209,-0.312,-0.674,-0.372,-0.087,-0.367,0.614,-0.225,-0.487,0.707,0.901,0.049,-0.125,0.112,-0.517,0.392,-0.473,-0.262,-0.35,0.44,0.223,-0.193,-0.466,-0.294,0.346,-0.589,0.477,-0.258,-0.356,-0.089,-0.756,0.608,-0.236,0.021,0.674,-0.228,0.73,-0.77,0.744,-0.257,-0.141,-0.64,0.781,0.787,-0.299,0.844,-0.378,0.586,0.286,-0.221,-0.145,0.628,-0.277,-0.04,-0.076,-0.077,-0.273,0.659,-0.128,0.032,-0.113,-0.568,0.021,-0.074,-0.356,-0.133,0.197,-0.325,-0.086,0.653,-0.378,0.334,0.698,-0.304,-0.301,0.503,0.377,-0.249,-0.29,0.579,-0.144,-0.46,0.11,-0.232,0.278,-0.134,-0.338,-0.369,-0.397,0.098,0.071,0.294,-0.149,0.408,-0.29,0.592,-0.144,0.376,-0.253,0.903,-0.259,-0.176,-0.193,-0.667,0.069,0.276,-0.166,-0.079,0.041,-0.295,0.426,-0.189,0.626,-0.563,-0.158,0.152,-0.332,0.473,0.71,-0.549,0.338,0.235,-0.537,-0.403,0.694,0.76,-0.136,-0.042,0.709,-0.137,0.193,0.755,-0.55
APA,0.511,-0.526,0.662,0.246,0.822,0.639,0.684,0.108,0.567,-0.065,0.0,0.914,-0.043,0.916,0.794,0.773,0.742,0.79,0.12,-0.343,0.9,0.761,0.757,0.697,0.669,0.572,0.479,0.737,-0.071,0.709,0.679,0.821,0.81,0.38,0.755,-0.595,0.431,0.65,0.887,0.437,0.722,0.847,-0.536,0.524,0.55,0.772,0.827,0.633,0.66,-0.441,0.721,-0.472,-0.217,0.421,0.741,0.584,0.877,0.88,0.888,0.193,-0.119,0.2,0.697,0.76,0.874,0.801,0.546,0.828,0.529,0.627,0.778,0.772,0.62,0.64,0.892,0.696,0.026,-0.265,0.317,0.284,0.306,0.687,-0.468,0.76,0.859,0.767,0.781,0.811,0.766,0.765,0.813,0.698,0.689,0.248,0.805,0.64,0.555,0.43,0.304,0.838,-0.042,0.451,0.81,-0.221,0.563,0.12,0.81,0.772,0.706,0.317,-0.148,0.796,0.046,0.324,0.601,0.726,0.699,0.902,0.56,0.616,0.708,0.573,0.808,0.762,-0.122,0.88,0.906,0.888,0.69,0.9,0.335,0.818,0.888,0.778,0.909,0.075,0.304,0.844,-0.518,-0.223,0.743,0.803,0.432,0.744,0.716,0.843,0.028,0.86,0.793,-0.71,0.831,-0.243,0.872,0.444,0.629,0.716,0.813,0.833,0.756,0.908,-0.276,0.796,-0.105,0.697,0.53,0.751,-0.114,0.704,0.87,0.902,0.641,0.576,0.55,0.904,0.898,0.835,0.824,0.703,0.819,-0.522,0.642,0.932,0.166,0.739,0.453,0.07,0.692,0.255,0.8,0.215,0.758,0.296,-0.04,0.906,0.295,0.093,0.787,0.523,0.247,0.536
APOG,0.416,-0.554,0.681,0.142,0.836,0.744,0.597,0.177,0.62,-0.12,0.914,0.0,-0.129,0.944,0.78,0.76,0.725,0.815,0.062,-0.435,0.909,0.801,0.712,0.697,0.75,0.642,0.386,0.745,-0.037,0.675,0.761,0.864,0.796,0.368,0.724,-0.624,0.508,0.587,0.871,0.567,0.767,0.895,-0.517,0.554,0.552,0.724,0.828,0.611,0.628,-0.379,0.772,-0.512,-0.308,0.294,0.747,0.633,0.931,0.926,0.95,0.121,-0.149,0.337,0.781,0.786,0.814,0.793,0.711,0.784,0.45,0.651,0.834,0.763,0.526,0.539,0.909,0.711,-0.052,-0.355,0.354,0.459,0.366,0.752,-0.423,0.834,0.9,0.758,0.742,0.784,0.872,0.793,0.829,0.722,0.772,0.3,0.8,0.646,0.588,0.556,0.156,0.848,0.059,0.318,0.812,-0.167,0.603,0.042,0.866,0.779,0.714,0.243,-0.273,0.845,-0.096,0.585,0.471,0.709,0.64,0.91,0.469,0.711,0.596,0.563,0.829,0.725,-0.108,0.899,0.823,0.812,0.713,0.889,0.326,0.855,0.934,0.803,0.922,0.21,0.154,0.9,-0.456,-0.294,0.826,0.845,0.35,0.735,0.703,0.828,0.047,0.886,0.865,-0.577,0.885,-0.137,0.89,0.636,0.583,0.726,0.844,0.72,0.642,0.843,-0.236,0.742,-0.166,0.705,0.447,0.753,-0.177,0.717,0.88,0.922,0.743,0.638,0.613,0.928,0.836,0.869,0.839,0.665,0.928,-0.467,0.734,0.916,0.143,0.697,0.528,-0.011,0.758,0.294,0.825,0.366,0.887,0.24,-0.112,0.908,0.46,-0.039,0.742,0.577,0.133,0.625
APPS,0.498,0.573,-0.283,0.85,-0.115,-0.692,0.514,0.232,-0.426,0.763,-0.043,-0.129,0.0,-0.267,0.277,-0.305,-0.368,0.141,0.914,0.819,-0.066,0.071,0.38,-0.633,-0.664,-0.734,0.421,-0.128,-0.072,0.125,-0.595,-0.389,-0.225,0.791,-0.277,0.312,0.545,-0.243,-0.147,0.181,0.12,-0.373,0.632,0.456,0.308,-0.289,0.248,0.595,0.496,0.477,-0.553,0.647,0.893,0.793,0.206,-0.733,-0.21,-0.16,-0.33,0.835,0.891,-0.071,-0.608,-0.048,0.016,-0.282,-0.631,-0.232,-0.358,-0.679,-0.355,0.11,-0.418,0.644,-0.183,-0.545,0.844,0.867,0.292,-0.009,0.03,-0.636,0.59,-0.499,-0.178,-0.458,0.411,0.376,-0.135,-0.503,-0.307,0.402,-0.684,0.605,-0.044,-0.357,-0.225,-0.72,0.878,-0.288,0.068,0.574,-0.268,0.787,-0.737,0.916,-0.25,-0.108,-0.605,0.849,0.928,-0.42,0.899,-0.31,0.647,0.393,-0.273,-0.131,0.731,-0.157,-0.062,-0.318,-0.179,-0.194,0.564,-0.07,0.035,-0.089,-0.553,0.089,-0.114,-0.284,-0.035,0.313,-0.289,-0.008,0.68,-0.431,0.36,0.938,-0.328,-0.344,0.733,0.274,-0.443,-0.267,0.743,-0.108,-0.469,0.221,-0.363,0.345,-0.139,-0.355,-0.394,-0.518,0.282,0.106,0.388,-0.149,0.543,-0.318,0.834,-0.164,0.551,-0.258,0.873,-0.203,-0.181,-0.139,-0.544,0.001,0.292,-0.167,-0.063,0.174,-0.396,0.514,-0.235,0.609,-0.619,-0.071,0.372,-0.451,0.516,0.914,-0.56,0.62,0.218,-0.667,-0.426,0.701,0.759,-0.119,0.154,0.751,-0.144,0.267,0.905,-0.624
ARCB,0.364,-0.67,0.68,-0.004,0.86,0.826,0.558,0.044,0.73,-0.22,0.916,0.944,-0.267,0.0,0.746,0.836,0.823,0.803,-0.077,-0.533,0.909,0.793,0.684,0.798,0.836,0.763,0.346,0.78,0.075,0.694,0.852,0.913,0.861,0.206,0.739,-0.687,0.342,0.68,0.869,0.53,0.754,0.947,-0.629,0.414,0.527,0.806,0.807,0.522,0.537,-0.526,0.844,-0.634,-0.409,0.204,0.747,0.749,0.942,0.926,0.973,0.049,-0.269,0.201,0.826,0.819,0.846,0.853,0.761,0.864,0.572,0.768,0.863,0.762,0.658,0.463,0.932,0.797,-0.136,-0.473,0.327,0.303,0.304,0.838,-0.572,0.894,0.914,0.856,0.661,0.722,0.822,0.877,0.886,0.634,0.832,0.227,0.837,0.72,0.675,0.616,0.042,0.887,-0.015,0.279,0.872,-0.28,0.701,-0.062,0.843,0.846,0.788,0.129,-0.386,0.898,-0.183,0.45,0.387,0.664,0.734,0.931,0.378,0.745,0.637,0.573,0.881,0.806,-0.185,0.868,0.846,0.887,0.808,0.882,0.364,0.897,0.891,0.732,0.943,0.114,0.133,0.946,-0.563,-0.436,0.872,0.893,0.265,0.715,0.799,0.88,-0.159,0.889,0.909,-0.652,0.924,-0.28,0.917,0.562,0.708,0.808,0.75,0.764,0.63,0.909,-0.382,0.831,-0.298,0.756,0.336,0.817,-0.296,0.781,0.921,0.949,0.767,0.579,0.518,0.937,0.906,0.839,0.926,0.583,0.893,-0.581,0.822,0.921,0.125,0.798,0.413,-0.16,0.825,0.217,0.791,0.396,0.891,0.145,-0.141,0.928,0.273,-0.161,0.816,0.559,0.007,0.728
ARCC,0.592,-0.312,0.487,0.502,0.707,0.388,0.788,0.241,0.481,0.322,0.794,0.78,0.277,0.746,0.0,0.606,0.559,0.779,0.473,0.072,0.775,0.838,0.856,0.408,0.358,0.279,0.561,0.652,0.151,0.727,0.426,0.579,0.688,0.652,0.577,-0.485,0.553,0.495,0.675,0.502,0.694,0.644,-0.124,0.629,0.52,0.547,0.905,0.801,0.819,-0.162,0.474,-0.247,0.127,0.65,0.855,0.27,0.722,0.75,0.689,0.481,0.259,0.288,0.337,0.681,0.828,0.609,0.366,0.679,0.324,0.284,0.554,0.733,0.358,0.861,0.714,0.444,0.415,0.129,0.399,0.276,0.37,0.386,-0.241,0.547,0.704,0.554,0.895,0.817,0.683,0.505,0.616,0.833,0.374,0.532,0.639,0.47,0.575,0.119,0.488,0.7,-0.042,0.712,0.659,0.263,0.153,0.444,0.612,0.696,0.298,0.637,0.189,0.568,0.391,0.205,0.772,0.795,0.57,0.786,0.775,0.542,0.572,0.486,0.782,0.572,0.169,0.749,0.804,0.749,0.382,0.85,0.24,0.614,0.751,0.855,0.66,0.028,0.584,0.616,-0.353,0.093,0.602,0.64,0.615,0.913,0.565,0.673,0.294,0.738,0.536,-0.557,0.671,-0.042,0.759,0.314,0.445,0.49,0.812,0.734,0.787,0.741,-0.078,0.56,0.138,0.64,0.632,0.621,0.299,0.579,0.733,0.745,0.298,0.497,0.65,0.763,0.784,0.83,0.64,0.831,0.71,-0.118,0.359,0.77,0.345,0.515,0.647,0.346,0.413,0.472,0.899,0.031,0.568,0.624,0.373,0.787,0.252,0.287,0.688,0.581,0.508,0.316
ARVN,0.438,-0.806,0.722,-0.091,0.923,0.77,0.546,-0.104,0.885,-0.275,0.773,0.76,-0.305,0.836,0.606,0.0,0.951,0.798,-0.216,-0.496,0.897,0.704,0.668,0.833,0.826,0.82,0.323,0.859,0.219,0.802,0.865,0.896,0.923,0.066,0.812,-0.817,0.21,0.919,0.658,0.458,0.75,0.926,-0.775,0.042,0.483,0.887,0.735,0.442,0.526,-0.76,0.837,-0.74,-0.371,0.18,0.707,0.805,0.896,0.902,0.852,0.083,-0.351,-0.061,0.743,0.855,0.844,0.923,0.666,0.948,0.651,0.837,0.8,0.764,0.895,0.369,0.92,0.907,-0.244,-0.458,0.425,0.001,-0.015,0.866,-0.793,0.793,0.866,0.894,0.543,0.592,0.524,0.927,0.965,0.406,0.742,0.295,0.84,0.918,0.803,0.529,0.038,0.929,-0.369,0.275,0.945,-0.406,0.686,-0.076,0.794,0.889,0.726,0.04,-0.381,0.89,-0.182,0.17,0.328,0.607,0.93,0.91,0.315,0.71,0.834,0.589,0.798,0.847,-0.321,0.829,0.864,0.897,0.884,0.844,0.235,0.916,0.691,0.568,0.825,-0.041,0.253,0.898,-0.806,-0.513,0.917,0.947,0.138,0.694,0.903,0.916,-0.265,0.897,0.872,-0.799,0.873,-0.639,0.932,0.184,0.918,0.899,0.621,0.82,0.708,0.914,-0.679,0.916,-0.328,0.888,0.268,0.941,-0.295,0.95,0.943,0.891,0.603,0.213,0.158,0.897,0.872,0.713,0.943,0.51,0.695,-0.661,0.766,0.817,0.37,0.855,0.252,-0.262,0.828,0.212,0.732,0.276,0.724,-0.019,-0.014,0.922,-0.049,-0.265,0.875,0.571,-0.014,0.757
ATEC,0.37,-0.899,0.684,-0.115,0.871,0.802,0.512,-0.171,0.921,-0.322,0.742,0.725,-0.368,0.823,0.559,0.951,0.0,0.726,-0.285,-0.527,0.881,0.683,0.62,0.849,0.842,0.835,0.263,0.804,0.149,0.803,0.865,0.889,0.972,0.002,0.836,-0.927,0.057,0.885,0.59,0.366,0.696,0.908,-0.785,-0.054,0.416,0.887,0.706,0.39,0.493,-0.788,0.856,-0.862,-0.453,0.161,0.66,0.84,0.89,0.894,0.854,-0.012,-0.461,-0.065,0.753,0.801,0.822,0.902,0.704,0.932,0.628,0.851,0.751,0.704,0.881,0.306,0.914,0.925,-0.339,-0.497,0.359,0.021,0.016,0.878,-0.828,0.837,0.833,0.914,0.494,0.535,0.511,0.93,0.962,0.331,0.765,0.235,0.8,0.92,0.822,0.547,-0.003,0.914,-0.427,0.235,0.979,-0.48,0.707,-0.164,0.79,0.866,0.706,-0.019,-0.446,0.887,-0.208,0.173,0.299,0.588,0.949,0.902,0.257,0.63,0.835,0.606,0.771,0.801,-0.386,0.8,0.85,0.885,0.897,0.822,0.218,0.901,0.647,0.531,0.819,-0.095,0.221,0.901,-0.881,-0.568,0.882,0.956,0.044,0.664,0.91,0.883,-0.292,0.879,0.887,-0.844,0.873,-0.69,0.907,0.233,0.908,0.905,0.571,0.814,0.667,0.907,-0.773,0.889,-0.396,0.929,0.24,0.968,-0.342,0.917,0.932,0.864,0.6,0.185,0.115,0.901,0.842,0.662,0.945,0.487,0.692,-0.752,0.776,0.764,0.291,0.866,0.2,-0.316,0.827,0.085,0.709,0.293,0.712,-0.062,-0.068,0.902,-0.107,-0.265,0.898,0.498,-0.042,0.737
ATXS,0.717,-0.456,0.604,0.27,0.883,0.484,0.788,0.159,0.651,0.007,0.79,0.815,0.141,0.803,0.779,0.798,0.726,0.0,0.244,-0.229,0.883,0.768,0.864,0.531,0.601,0.506,0.384,0.808,0.124,0.834,0.65,0.795,0.786,0.483,0.594,-0.614,0.609,0.688,0.729,0.738,0.882,0.809,-0.476,0.434,0.798,0.754,0.896,0.784,0.726,-0.469,0.599,-0.386,-0.002,0.489,0.794,0.455,0.865,0.853,0.777,0.436,0.131,-0.02,0.573,0.929,0.858,0.784,0.446,0.819,0.483,0.544,0.721,0.889,0.594,0.665,0.878,0.592,0.179,-0.149,0.618,0.193,0.121,0.616,-0.361,0.629,0.876,0.639,0.781,0.879,0.638,0.699,0.822,0.719,0.494,0.609,0.902,0.68,0.599,0.365,0.423,0.782,-0.097,0.441,0.794,0.034,0.418,0.382,0.682,0.89,0.529,0.442,0.0,0.69,0.133,0.258,0.547,0.84,0.705,0.895,0.667,0.763,0.689,0.303,0.763,0.833,-0.079,0.826,0.852,0.861,0.634,0.93,0.315,0.851,0.832,0.781,0.768,0.181,0.431,0.757,-0.504,-0.048,0.834,0.787,0.592,0.784,0.613,0.812,0.046,0.88,0.737,-0.543,0.719,-0.327,0.894,0.216,0.674,0.618,0.879,0.847,0.844,0.836,-0.278,0.729,0.12,0.775,0.573,0.774,0.073,0.846,0.875,0.897,0.529,0.428,0.467,0.853,0.867,0.931,0.749,0.778,0.689,-0.325,0.593,0.872,0.447,0.59,0.603,0.206,0.625,0.649,0.857,0.022,0.664,0.342,0.235,0.89,0.237,-0.043,0.797,0.816,0.335,0.552
AVAV,0.543,0.506,-0.19,0.847,-0.049,-0.536,0.624,0.381,-0.371,0.804,0.12,0.062,0.914,-0.077,0.473,-0.216,-0.285,0.244,0.0,0.774,0.048,0.202,0.468,-0.531,-0.539,-0.638,0.437,-0.102,-0.027,0.193,-0.489,-0.257,-0.11,0.811,-0.149,0.247,0.608,-0.227,0.028,0.211,0.153,-0.238,0.636,0.607,0.362,-0.162,0.4,0.705,0.584,0.444,-0.436,0.579,0.842,0.806,0.369,-0.654,-0.086,-0.018,-0.156,0.778,0.859,0.076,-0.506,0.051,0.14,-0.162,-0.489,-0.134,-0.324,-0.6,-0.263,0.145,-0.394,0.759,-0.07,-0.477,0.853,0.826,0.167,0.079,0.196,-0.521,0.545,-0.342,-0.045,-0.344,0.562,0.494,0.069,-0.418,-0.211,0.547,-0.526,0.615,0.026,-0.335,-0.16,-0.617,0.856,-0.159,0.14,0.675,-0.168,0.836,-0.677,0.9,-0.149,-0.028,-0.511,0.929,0.899,-0.283,0.903,-0.175,0.709,0.514,-0.193,0.007,0.805,-0.083,0.026,-0.242,-0.017,-0.106,0.644,0.052,0.168,0.012,-0.483,0.204,0.051,-0.169,0.14,0.43,-0.163,0.04,0.726,-0.286,0.363,0.866,-0.214,-0.226,0.785,0.422,-0.302,-0.134,0.734,-0.011,-0.351,0.165,-0.217,0.428,-0.013,-0.168,-0.349,-0.423,0.415,0.188,0.459,-0.034,0.547,-0.241,0.744,-0.094,0.639,-0.185,0.877,-0.153,-0.064,-0.015,-0.414,0.205,0.516,-0.029,0.063,0.308,-0.248,0.638,-0.026,0.548,-0.456,0.086,0.195,-0.354,0.673,0.934,-0.469,0.586,0.368,-0.592,-0.266,0.855,0.728,0.005,0.222,0.754,-0.055,0.341,0.881,-0.497
AXON,0.208,0.593,-0.428,0.671,-0.399,-0.766,0.226,0.212,-0.544,0.886,-0.343,-0.435,0.819,-0.533,0.072,-0.496,-0.527,-0.229,0.774,0.0,-0.362,-0.141,0.063,-0.729,-0.847,-0.834,0.293,-0.415,0.077,-0.119,-0.774,-0.674,-0.418,0.534,-0.369,0.41,0.206,-0.355,-0.464,-0.242,-0.234,-0.631,0.805,0.168,-0.139,-0.503,-0.032,0.281,0.311,0.522,-0.736,0.666,0.888,0.556,-0.007,-0.814,-0.513,-0.422,-0.582,0.654,0.752,-0.05,-0.84,-0.386,-0.251,-0.495,-0.738,-0.468,-0.531,-0.852,-0.667,-0.291,-0.534,0.422,-0.487,-0.677,0.735,0.988,-0.032,-0.201,-0.017,-0.774,0.551,-0.702,-0.521,-0.599,0.172,-0.037,-0.452,-0.707,-0.546,0.074,-0.828,0.355,-0.474,-0.513,-0.288,-0.902,0.619,-0.494,-0.092,0.564,-0.467,0.741,-0.941,0.707,-0.5,-0.41,-0.865,0.682,0.885,-0.589,0.873,-0.514,0.448,0.062,-0.387,-0.418,0.47,-0.508,-0.171,-0.249,-0.402,-0.512,0.578,-0.352,-0.226,-0.376,-0.763,-0.238,-0.226,-0.603,-0.428,-0.054,-0.606,-0.121,0.619,-0.666,0.408,0.815,-0.58,-0.55,0.396,0.116,-0.475,-0.524,0.667,-0.421,-0.727,0.267,-0.539,0.309,-0.412,-0.494,-0.549,-0.625,-0.123,-0.167,0.112,-0.421,0.457,-0.524,0.683,-0.34,0.313,-0.453,0.933,-0.466,-0.441,-0.471,-0.853,-0.246,0.022,-0.437,-0.361,-0.234,-0.565,0.227,-0.475,0.705,-0.817,-0.444,0.174,-0.569,0.276,0.735,-0.78,0.247,-0.033,-0.639,-0.686,0.577,0.756,-0.407,-0.12,0.748,-0.382,-0.068,0.728,-0.752
BANF,0.533,-0.678,0.734,0.18,0.924,0.701,0.71,0.058,0.762,-0.091,0.9,0.909,-0.066,0.909,0.775,0.897,0.881,0.883,0.048,-0.362,0.0,0.83,0.82,0.734,0.737,0.667,0.461,0.824,0.069,0.861,0.775,0.883,0.926,0.371,0.789,-0.793,0.416,0.777,0.77,0.56,0.847,0.906,-0.626,0.368,0.636,0.853,0.879,0.682,0.729,-0.575,0.768,-0.62,-0.214,0.404,0.83,0.671,0.969,0.976,0.91,0.259,-0.152,0.049,0.726,0.894,0.915,0.887,0.644,0.903,0.551,0.686,0.818,0.833,0.724,0.592,0.978,0.796,-0.056,-0.288,0.458,0.218,0.148,0.771,-0.57,0.792,0.925,0.839,0.76,0.805,0.705,0.855,0.94,0.649,0.691,0.421,0.886,0.801,0.719,0.457,0.269,0.898,-0.206,0.413,0.935,-0.207,0.574,0.129,0.867,0.904,0.67,0.28,-0.207,0.884,0.007,0.321,0.557,0.785,0.816,0.977,0.551,0.74,0.788,0.555,0.848,0.843,-0.116,0.929,0.934,0.939,0.773,0.97,0.276,0.92,0.871,0.784,0.907,0.057,0.34,0.909,-0.682,-0.277,0.883,0.921,0.397,0.823,0.802,0.881,-0.009,0.975,0.87,-0.756,0.891,-0.424,0.977,0.352,0.752,0.799,0.846,0.883,0.81,0.945,-0.483,0.856,-0.11,0.883,0.464,0.905,-0.102,0.875,0.975,0.959,0.625,0.435,0.431,0.976,0.928,0.869,0.891,0.733,0.831,-0.556,0.694,0.905,0.323,0.759,0.484,-0.007,0.772,0.367,0.897,0.199,0.802,0.232,0.055,0.986,0.235,-0.033,0.888,0.682,0.231,0.622
BATRK,0.387,-0.508,0.554,0.236,0.798,0.607,0.648,0.117,0.627,0.141,0.761,0.801,0.071,0.793,0.838,0.704,0.683,0.768,0.202,-0.141,0.83,0.0,0.818,0.566,0.537,0.508,0.55,0.771,0.244,0.69,0.634,0.688,0.787,0.47,0.573,-0.615,0.397,0.614,0.668,0.582,0.834,0.756,-0.299,0.492,0.488,0.579,0.857,0.659,0.694,-0.268,0.608,-0.435,-0.087,0.45,0.839,0.475,0.822,0.827,0.781,0.408,0.077,0.225,0.517,0.751,0.794,0.694,0.589,0.749,0.435,0.456,0.726,0.722,0.476,0.661,0.799,0.627,0.186,-0.097,0.46,0.279,0.369,0.57,-0.419,0.668,0.777,0.711,0.802,0.736,0.697,0.67,0.74,0.785,0.534,0.454,0.696,0.577,0.75,0.26,0.261,0.755,-0.021,0.52,0.781,0.073,0.348,0.23,0.691,0.812,0.431,0.4,-0.106,0.756,0.156,0.29,0.613,0.76,0.607,0.823,0.58,0.687,0.522,0.592,0.857,0.671,0.046,0.748,0.765,0.777,0.555,0.861,0.196,0.716,0.759,0.813,0.772,-0.006,0.391,0.758,-0.441,-0.15,0.73,0.738,0.415,0.871,0.668,0.712,0.102,0.817,0.704,-0.577,0.827,-0.166,0.84,0.404,0.579,0.651,0.741,0.731,0.699,0.78,-0.286,0.682,-0.063,0.75,0.363,0.712,0.053,0.677,0.827,0.8,0.412,0.49,0.532,0.836,0.81,0.816,0.741,0.726,0.766,-0.219,0.532,0.75,0.382,0.637,0.538,0.035,0.563,0.426,0.892,0.223,0.696,0.384,0.28,0.852,0.214,0.115,0.754,0.621,0.315,0.485
BIDU,0.672,-0.363,0.452,0.486,0.761,0.323,0.872,0.165,0.522,0.266,0.757,0.712,0.38,0.684,0.856,0.668,0.62,0.864,0.468,0.063,0.82,0.818,0.0,0.374,0.355,0.288,0.617,0.727,0.103,0.819,0.434,0.606,0.74,0.641,0.531,-0.553,0.551,0.595,0.617,0.641,0.843,0.646,-0.234,0.512,0.686,0.598,0.9,0.849,0.818,-0.319,0.463,-0.278,0.18,0.72,0.847,0.253,0.751,0.772,0.642,0.616,0.32,0.064,0.337,0.809,0.871,0.657,0.329,0.746,0.408,0.318,0.591,0.835,0.443,0.843,0.767,0.473,0.403,0.13,0.52,0.121,0.243,0.383,-0.296,0.498,0.757,0.568,0.88,0.863,0.555,0.545,0.691,0.82,0.287,0.685,0.777,0.546,0.633,0.059,0.629,0.696,-0.147,0.667,0.716,0.208,0.175,0.521,0.619,0.815,0.286,0.634,0.238,0.589,0.436,0.118,0.794,0.918,0.618,0.804,0.811,0.662,0.657,0.384,0.755,0.681,0.105,0.738,0.844,0.808,0.444,0.898,0.242,0.711,0.742,0.846,0.66,-0.073,0.663,0.613,-0.446,0.146,0.652,0.662,0.681,0.889,0.537,0.683,0.261,0.795,0.556,-0.56,0.651,-0.22,0.805,0.137,0.527,0.522,0.821,0.837,0.909,0.779,-0.195,0.583,0.197,0.721,0.61,0.689,0.296,0.711,0.785,0.788,0.276,0.363,0.514,0.776,0.821,0.888,0.631,0.887,0.589,-0.181,0.342,0.768,0.496,0.502,0.656,0.36,0.412,0.662,0.909,-0.046,0.515,0.57,0.49,0.822,0.129,0.287,0.785,0.706,0.596,0.321
BLNE,0.104,-0.818,0.743,-0.361,0.739,0.896,0.197,-0.16,0.789,-0.508,0.697,0.697,-0.633,0.798,0.408,0.833,0.849,0.531,-0.531,-0.729,0.734,0.566,0.374,0.0,0.91,0.917,0.122,0.726,0.123,0.53,0.906,0.847,0.791,-0.211,0.724,-0.727,-0.058,0.738,0.69,0.269,0.532,0.87,-0.851,-0.015,0.243,0.774,0.457,0.098,0.203,-0.694,0.881,-0.826,-0.693,-0.165,0.434,0.925,0.797,0.758,0.821,-0.312,-0.627,0.085,0.864,0.652,0.701,0.798,0.774,0.835,0.71,0.91,0.833,0.558,0.81,0.074,0.793,0.903,-0.504,-0.71,0.196,0.115,0.089,0.92,-0.766,0.834,0.753,0.9,0.325,0.354,0.559,0.917,0.845,0.247,0.899,-0.111,0.647,0.803,0.652,0.748,-0.312,0.853,-0.198,-0.003,0.823,-0.667,0.866,-0.448,0.756,0.723,0.869,-0.31,-0.688,0.866,-0.515,0.307,0.053,0.297,0.77,0.774,-0.025,0.585,0.612,0.677,0.747,0.723,-0.503,0.689,0.669,0.761,0.896,0.636,0.265,0.803,0.62,0.368,0.826,-0.017,-0.137,0.898,-0.721,-0.757,0.804,0.852,-0.138,0.416,0.869,0.821,-0.501,0.746,0.884,-0.734,0.859,-0.554,0.767,0.4,0.812,0.917,0.386,0.602,0.359,0.801,-0.668,0.826,-0.563,0.717,0.006,0.791,-0.595,0.741,0.793,0.758,0.741,0.307,0.086,0.782,0.742,0.518,0.88,0.205,0.675,-0.739,0.833,0.717,0.066,0.873,-0.061,-0.559,0.891,-0.127,0.474,0.597,0.801,-0.278,-0.394,0.775,0.021,-0.451,0.759,0.272,-0.366,0.808
BLNK,0.114,-0.808,0.685,-0.438,0.756,0.936,0.196,-0.138,0.817,-0.599,0.669,0.75,-0.664,0.836,0.358,0.826,0.842,0.601,-0.539,-0.847,0.737,0.537,0.355,0.91,0.0,0.972,0.002,0.713,0.081,0.514,0.966,0.931,0.786,-0.25,0.678,-0.714,0.03,0.681,0.7,0.412,0.579,0.919,-0.858,0.008,0.363,0.8,0.475,0.128,0.151,-0.7,0.921,-0.82,-0.74,-0.23,0.423,0.935,0.838,0.787,0.874,-0.36,-0.626,0.09,0.946,0.722,0.645,0.824,0.861,0.811,0.663,0.962,0.859,0.592,0.768,-0.008,0.822,0.888,-0.561,-0.821,0.232,0.188,0.117,0.977,-0.744,0.903,0.828,0.868,0.274,0.388,0.637,0.939,0.87,0.269,0.946,-0.022,0.733,0.792,0.632,0.869,-0.353,0.834,-0.082,-0.132,0.822,-0.62,0.933,-0.456,0.772,0.755,0.915,-0.338,-0.745,0.875,-0.617,0.484,-0.057,0.345,0.738,0.786,-0.071,0.696,0.551,0.504,0.738,0.762,-0.48,0.692,0.633,0.73,0.95,0.641,0.323,0.875,0.686,0.392,0.849,0.088,-0.225,0.934,-0.659,-0.778,0.885,0.876,-0.154,0.37,0.806,0.836,-0.524,0.766,0.951,-0.589,0.855,-0.489,0.787,0.496,0.802,0.879,0.45,0.563,0.329,0.77,-0.614,0.804,-0.604,0.702,-0.004,0.792,-0.671,0.789,0.807,0.803,0.867,0.377,0.17,0.796,0.713,0.58,0.887,0.194,0.743,-0.754,0.962,0.738,0.023,0.823,0.051,-0.561,0.939,-0.036,0.48,0.575,0.869,-0.297,-0.451,0.776,0.088,-0.58,0.736,0.386,-0.44,0.901
BTAI,0.003,-0.845,0.65,-0.545,0.72,0.946,0.087,-0.214,0.842,-0.608,0.572,0.642,-0.734,0.763,0.279,0.82,0.835,0.506,-0.638,-0.834,0.667,0.508,0.288,0.917,0.972,0.0,0.01,0.703,0.183,0.463,0.962,0.866,0.755,-0.357,0.638,-0.707,-0.095,0.713,0.601,0.329,0.54,0.872,-0.859,-0.125,0.236,0.754,0.386,0.006,0.073,-0.729,0.9,-0.847,-0.767,-0.319,0.366,0.961,0.77,0.722,0.802,-0.381,-0.68,0.041,0.898,0.661,0.588,0.785,0.861,0.789,0.673,0.961,0.819,0.519,0.796,-0.098,0.752,0.907,-0.602,-0.83,0.199,0.084,0.055,0.967,-0.82,0.86,0.744,0.875,0.18,0.248,0.51,0.93,0.834,0.166,0.917,-0.083,0.649,0.804,0.682,0.813,-0.458,0.8,-0.164,-0.163,0.798,-0.667,0.914,-0.538,0.717,0.716,0.868,-0.436,-0.802,0.867,-0.656,0.387,-0.13,0.24,0.736,0.718,-0.178,0.657,0.521,0.553,0.712,0.71,-0.505,0.609,0.56,0.677,0.939,0.556,0.265,0.811,0.559,0.288,0.776,0.002,-0.248,0.89,-0.691,-0.855,0.849,0.842,-0.279,0.333,0.827,0.78,-0.599,0.701,0.902,-0.608,0.842,-0.564,0.734,0.411,0.824,0.896,0.306,0.496,0.252,0.717,-0.697,0.79,-0.679,0.686,-0.143,0.775,-0.711,0.765,0.762,0.725,0.782,0.25,0.04,0.727,0.656,0.466,0.864,0.08,0.647,-0.736,0.915,0.632,0.055,0.841,-0.073,-0.686,0.913,-0.109,0.407,0.611,0.81,-0.394,-0.433,0.715,-0.04,-0.616,0.702,0.315,-0.515,0.909
BYND,0.22,-0.115,0.209,0.535,0.403,0.124,0.505,0.07,0.143,0.413,0.479,0.386,0.421,0.346,0.561,0.323,0.263,0.384,0.437,0.293,0.461,0.55,0.617,0.122,0.002,0.01,0.0,0.417,0.156,0.396,0.113,0.214,0.353,0.561,0.371,-0.225,0.367,0.31,0.31,0.224,0.506,0.281,0.059,0.442,0.178,0.223,0.518,0.508,0.583,0.014,0.197,-0.005,0.284,0.608,0.535,0.029,0.359,0.42,0.309,0.595,0.288,0.213,0.043,0.324,0.458,0.306,0.133,0.384,0.138,0.02,0.291,0.43,0.146,0.607,0.365,0.258,0.435,0.325,0.25,0.014,0.056,0.051,-0.141,0.174,0.32,0.307,0.604,0.487,0.266,0.205,0.28,0.54,0.06,0.332,0.334,0.191,0.41,-0.252,0.534,0.361,-0.059,0.609,0.345,0.215,-0.077,0.368,0.386,0.351,0.03,0.498,0.303,0.341,0.507,0.02,0.72,0.523,0.242,0.399,0.558,0.297,0.353,0.436,0.45,0.3,0.392,0.439,0.498,0.408,0.133,0.474,-0.186,0.261,0.379,0.531,0.35,-0.25,0.571,0.255,-0.141,0.234,0.197,0.276,0.44,0.622,0.27,0.288,0.497,0.395,0.183,-0.36,0.371,-0.015,0.399,0.041,0.176,0.269,0.443,0.439,0.554,0.416,0.037,0.277,0.21,0.322,0.242,0.299,0.329,0.249,0.403,0.369,-0.014,0.228,0.341,0.417,0.431,0.432,0.305,0.55,0.322,0.068,-0.011,0.396,0.299,0.37,0.338,0.291,0.093,0.347,0.551,-0.003,0.237,0.453,0.444,0.433,0.157,0.594,0.358,0.34,0.551,0.031
CAN,0.418,-0.642,0.613,0.017,0.924,0.673,0.527,-0.143,0.778,-0.182,0.737,0.745,-0.128,0.78,0.652,0.859,0.804,0.808,-0.102,-0.415,0.824,0.771,0.727,0.726,0.713,0.703,0.417,0.0,0.199,0.669,0.799,0.802,0.814,0.225,0.637,-0.655,0.347,0.806,0.691,0.626,0.852,0.869,-0.615,0.21,0.482,0.71,0.733,0.461,0.498,-0.497,0.767,-0.556,-0.293,0.261,0.64,0.662,0.859,0.828,0.789,0.236,-0.129,0.113,0.655,0.811,0.822,0.818,0.615,0.897,0.651,0.717,0.836,0.866,0.726,0.443,0.845,0.802,-0.041,-0.372,0.61,0.118,0.178,0.733,-0.636,0.697,0.827,0.789,0.598,0.638,0.567,0.838,0.851,0.603,0.661,0.363,0.806,0.778,0.821,0.438,0.109,0.887,-0.119,0.296,0.844,-0.243,0.601,0.054,0.766,0.871,0.648,0.141,-0.311,0.777,-0.103,0.242,0.403,0.624,0.767,0.84,0.379,0.729,0.634,0.628,0.841,0.769,-0.296,0.729,0.764,0.823,0.772,0.829,0.114,0.822,0.689,0.666,0.815,-0.035,0.245,0.819,-0.609,-0.37,0.828,0.823,0.216,0.693,0.74,0.826,-0.13,0.827,0.815,-0.676,0.824,-0.463,0.867,0.236,0.811,0.806,0.616,0.739,0.66,0.841,-0.417,0.817,-0.222,0.772,0.255,0.802,-0.241,0.844,0.864,0.851,0.544,0.32,0.222,0.835,0.822,0.769,0.836,0.522,0.658,-0.398,0.636,0.806,0.519,0.794,0.316,-0.187,0.72,0.38,0.73,0.359,0.702,0.035,0.114,0.866,0.069,-0.172,0.808,0.586,0.097,0.677
CCEC,0.005,-0.117,0.084,-0.163,0.191,0.123,0.032,-0.09,0.262,0.136,-0.071,-0.037,-0.072,0.075,0.151,0.219,0.149,0.124,-0.027,0.077,0.069,0.244,0.103,0.123,0.081,0.183,0.156,0.199,0.0,0.098,0.183,0.076,0.112,-0.114,0.014,-0.075,-0.004,0.251,-0.057,0.135,0.174,0.112,-0.014,-0.1,0.007,0.099,0.103,0.048,0.058,-0.109,0.082,-0.066,0.075,-0.052,0.156,0.103,0.069,0.076,0.027,0.141,0.109,-0.143,-0.042,0.193,0.099,0.142,0.084,0.18,0.22,0.086,0.116,0.134,0.195,0.044,0.042,0.175,0.108,0.022,0.194,-0.307,-0.157,0.115,-0.249,0.0,0.082,0.18,0.029,-0.044,-0.15,0.123,0.12,0.071,-0.003,0.163,0.051,0.144,0.373,0.01,-0.156,0.125,-0.072,0.111,0.13,0.206,-0.041,0.072,-0.018,0.192,-0.07,0.021,-0.05,0.13,0.011,-0.222,0.001,0.025,0.166,0.088,0.017,0.215,0.068,0.097,0.252,0.145,0.137,-0.048,0.056,0.115,0.081,0.066,-0.024,0.073,-0.061,0.013,-0.013,-0.211,0.205,0.083,-0.111,-0.136,0.218,0.108,-0.001,0.243,0.272,0.124,-0.227,0.07,0.051,-0.108,0.134,-0.243,0.15,-0.253,0.263,0.16,-0.081,0.036,0.088,0.091,-0.207,0.153,-0.113,0.168,-0.205,0.115,0.058,0.179,0.132,0.059,-0.136,-0.088,-0.171,0.034,0.131,0.036,0.161,-0.001,-0.02,0.17,0.102,-0.015,0.225,0.15,-0.004,-0.164,0.046,0.171,0.151,0.024,0.04,0.043,0.353,0.121,-0.284,-0.209,0.126,0.208,-0.113,0.249
CDW,0.662,-0.567,0.648,0.301,0.79,0.439,0.772,0.061,0.721,0.043,0.709,0.675,0.125,0.694,0.727,0.802,0.803,0.834,0.193,-0.119,0.861,0.69,0.819,0.53,0.514,0.463,0.396,0.669,0.098,0.0,0.557,0.707,0.85,0.413,0.695,-0.77,0.396,0.712,0.53,0.458,0.754,0.712,-0.493,0.217,0.652,0.799,0.837,0.743,0.783,-0.588,0.549,-0.534,0.026,0.552,0.782,0.477,0.783,0.809,0.688,0.38,-0.028,-0.164,0.468,0.825,0.86,0.723,0.387,0.796,0.421,0.492,0.554,0.758,0.657,0.65,0.835,0.622,0.077,-0.06,0.499,0.072,-0.099,0.558,-0.462,0.621,0.767,0.67,0.719,0.742,0.449,0.681,0.804,0.501,0.401,0.604,0.797,0.816,0.631,0.233,0.448,0.746,-0.515,0.485,0.84,-0.067,0.329,0.325,0.627,0.832,0.39,0.403,0.038,0.66,0.217,0.067,0.602,0.774,0.803,0.875,0.649,0.591,0.821,0.344,0.665,0.721,-0.119,0.852,0.88,0.863,0.615,0.872,0.226,0.778,0.661,0.686,0.641,-0.058,0.545,0.69,-0.768,-0.057,0.754,0.826,0.485,0.811,0.702,0.745,0.063,0.853,0.639,-0.72,0.678,-0.505,0.835,0.061,0.675,0.63,0.767,0.863,0.869,0.833,-0.526,0.694,0.091,0.879,0.545,0.889,0.139,0.858,0.841,0.807,0.356,0.082,0.322,0.813,0.823,0.774,0.733,0.766,0.559,-0.482,0.474,0.738,0.514,0.576,0.442,0.184,0.556,0.449,0.822,-0.099,0.545,0.298,0.263,0.85,0.045,0.062,0.846,0.701,0.392,0.404
CDXS,0.138,-0.81,0.701,-0.411,0.823,0.942,0.242,-0.136,0.866,-0.524,0.679,0.761,-0.595,0.852,0.426,0.865,0.865,0.65,-0.489,-0.774,0.775,0.634,0.434,0.906,0.966,0.962,0.113,0.799,0.183,0.557,0.0,0.922,0.817,-0.186,0.674,-0.729,0.075,0.745,0.693,0.482,0.673,0.936,-0.825,0.025,0.367,0.788,0.536,0.18,0.224,-0.676,0.928,-0.802,-0.671,-0.168,0.5,0.923,0.867,0.823,0.884,-0.226,-0.549,0.071,0.913,0.766,0.684,0.844,0.87,0.852,0.689,0.944,0.89,0.651,0.783,0.064,0.845,0.914,-0.469,-0.755,0.334,0.171,0.118,0.959,-0.765,0.894,0.835,0.886,0.336,0.423,0.635,0.953,0.897,0.33,0.925,0.054,0.756,0.821,0.727,0.783,-0.315,0.865,-0.104,-0.033,0.857,-0.544,0.883,-0.38,0.775,0.811,0.872,-0.273,-0.711,0.911,-0.542,0.442,0.007,0.402,0.765,0.814,-0.005,0.748,0.56,0.565,0.803,0.776,-0.441,0.715,0.655,0.762,0.943,0.692,0.281,0.882,0.687,0.45,0.859,0.081,-0.148,0.944,-0.672,-0.745,0.899,0.897,-0.106,0.458,0.838,0.843,-0.482,0.796,0.956,-0.626,0.89,-0.508,0.827,0.461,0.836,0.899,0.472,0.597,0.381,0.8,-0.616,0.84,-0.569,0.752,-0.006,0.827,-0.607,0.829,0.849,0.829,0.819,0.346,0.174,0.824,0.752,0.611,0.909,0.252,0.753,-0.689,0.915,0.745,0.151,0.846,0.108,-0.546,0.927,0.047,0.558,0.574,0.867,-0.239,-0.318,0.821,0.091,-0.518,0.769,0.448,-0.363,0.919
