,ABEO,ACHC,AGNCN,AKAM,AKRO,ALRM,AMAT,AMED,AMRN,ANGI,APA,APOG,APPS,ARCB,ARCC,ARVN,ATEC,ATXS,AVAV,AXON,BANF,BATRK,BIDU,BLNE,BLNK,BTAI,BYND,CAN,CCEC,CDW,CDXS,CELH,CGNX,CHKP,CHRS,CHRW,CIGI,CKPT,CMPR,COGT,CRNC,CRSP,CSTL,CTSH,CVGW,DGLY,DNLI,DOCU,DVAX,EBAY,EHTH,ERII,ESLT,EXPE,EXPO,FBIOP,FFBC,FFIN,FOXF,FWRD,GDS,GERN,GPRE,GRWG,GRYP,HEES,HELE,HIVE,HON,HRTX,HSTM,HURA,IART,IBKR,IBOC,IBRX,IDXX,INGN,INM,INVA,IQ,IRBT,KDP,KPTI,KTOS,KXIN,LAMR,LFUS,LGIH,LGMK,LKFN,LNW,LOPE,LPSN,LYFT,MGNX,MLCO,MNST,MODV,MSTR,MTCH,MYGN,MYRG,NCMI,NEXT,NFLX,NIU,NKTR,NRC,NTNX,NTRA,NVEE,NVMI,NWL,NWS,NXPI,OCGN,OCSL,OKTA,OLLI,OTLK,OXLC,PAA,PARA,PARAA,PDCO,PDFS,PFG,PGEN,PNFP,PODD,POWI,PSMT,PTC,PTEN,PVLA,RDNT,RDUS,RDWR,REGN,RNAC,ROCK,ROST,RRR,RSLS,RVMD,RYAAY,SAFT,SAGE,SAVA,SBGI,SFM,SFNC,SHYF,SIBN,SIFY,SIGI,SIMO,SITM,SLM,SNBR,SNDX,SNY,SPNS,SRRK,STRA,SUPN,SYRE,TCBK,TEAM,TECH,THRM,TLRY,TRMK,TROW,TSLA,TWST,TXN,UFPI,UNIT,UPWK,USLM,UTHR,VERB,VLY,VRNA,VRRM,VXRT,WAFD,WATT,WBA,WING,WIX,WTFC,WTW,XPEL,XRX,YMAB,ZG,ZLAB
ABEO,0.0,0.793,0.409,-0.76,0.651,0.929,0.945,-0.358,0.293,0.769,-0.179,0.805,-0.953,0.699,0.129,0.532,-0.772,0.011,0.549,0.723,0.124,-0.524,0.638,0.13,0.82,-0.262,0.598,0.816,-0.039,0.857,0.664,0.936,0.699,-0.256,0.805,-0.432,0.576,0.359,0.533,0.771,-0.906,0.927,0.696,0.299,0.817,-0.406,0.558,-0.654,-0.318,0.682,-0.116,0.145,0.419,-0.818,-0.372,0.918,-0.192,0.095,-0.376,-0.885,0.895,0.617,0.484,-0.725,-0.837,0.402,0.882,0.903,0.336,0.797,0.615,-0.753,0.773,0.933,-0.228,0.633,0.527,0.753,0.637,-0.67,0.722,-0.512,-0.707,0.23,0.636,-0.126,0.674,0.277,-0.174,-0.697,-0.47,0.891,0.135,-0.618,0.733,0.606,0.362,-0.081,-0.124,0.886,-0.111,0.674,0.819,0.562,0.369,0.684,0.453,0.739,0.673,0.196,0.692,-0.008,0.92,-0.796,0.882,0.923,0.809,0.174,0.411,0.916,0.811,-0.48,0.836,-0.914,-0.569,-0.684,0.748,0.75,0.588,0.051,-0.619,-0.389,0.921,0.149,0.628,-0.791,0.608,-0.611,-0.553,0.609,0.532,-0.398,0.792,0.772,-0.829,0.476,0.699,0.63,-0.689,-0.381,-0.139,0.69,0.309,-0.071,-0.321,-0.058,0.564,0.909,-0.311,0.567,0.709,0.775,-0.079,0.879,0.473,0.046,0.545,-0.644,-0.384,-0.671,0.737,0.668,-0.674,-0.157,0.1,0.768,0.815,0.647,-0.22,0.441,-0.343,0.206,0.608,0.616,-0.508,-0.372,-0.635,0.532,-0.249,0.784,-0.759,0.861,0.509,0.647,0.844,0.268,0.524,0.848,-0.728,-0.397
ACHC,0.793,0.0,0.363,-0.756,0.846,0.816,0.775,-0.104,0.329,0.69,0.053,0.785,-0.673,0.275,0.408,0.082,-0.727,-0.313,0.3,0.491,0.337,-0.44,0.724,0.072,0.659,-0.224,0.648,0.664,-0.26,0.598,0.653,0.692,0.753,-0.42,0.589,-0.017,0.462,0.462,0.432,0.532,-0.623,0.818,0.668,0.421,0.616,-0.303,0.554,-0.183,-0.108,0.65,0.054,0.23,0.582,-0.65,0.077,0.757,0.134,0.241,-0.476,-0.642,0.792,0.537,0.21,-0.586,-0.606,0.395,0.878,0.788,0.682,0.744,0.477,-0.605,0.641,0.714,-0.13,0.308,0.151,0.583,0.777,-0.304,0.679,-0.33,-0.655,-0.181,0.415,0.204,0.766,0.189,-0.229,-0.609,-0.234,0.796,0.151,-0.33,0.64,0.154,-0.036,-0.253,-0.319,0.772,0.343,0.614,0.712,0.876,0.476,0.74,0.519,0.403,0.897,0.109,0.569,-0.153,0.728,-0.547,0.663,0.703,0.736,0.481,0.328,0.771,0.618,-0.713,0.856,-0.668,-0.238,-0.325,0.49,0.785,0.711,0.453,-0.701,-0.469,0.87,0.28,0.742,-0.497,0.714,-0.286,-0.609,0.784,0.665,-0.539,0.662,0.507,-0.701,0.195,0.407,0.703,-0.47,-0.448,0.12,0.734,0.706,-0.109,-0.489,0.134,0.691,0.611,-0.48,0.678,0.799,0.612,0.406,0.833,0.253,-0.08,0.677,-0.36,-0.075,-0.225,0.876,0.719,-0.651,0.03,0.296,0.762,0.57,0.721,-0.306,0.689,-0.394,0.252,0.752,0.769,-0.094,0.092,-0.296,0.523,0.052,0.712,-0.607,0.777,0.512,0.861,0.486,0.304,0.785,0.748,-0.565,-0.041
AGNCN,0.409,0.363,0.0,-0.246,0.267,0.469,0.383,-0.175,0.346,0.283,-0.13,0.45,-0.447,0.408,0.026,0.268,-0.274,0.194,0.438,0.369,0.094,-0.076,0.339,-0.033,0.385,-0.091,0.306,0.348,0.013,0.462,0.345,0.432,0.288,-0.042,0.415,-0.054,0.182,0.274,0.256,0.308,-0.459,0.428,0.253,0.272,0.294,-0.271,0.366,-0.33,0.03,0.357,-0.216,0.011,0.218,-0.331,-0.09,0.408,-0.035,0.052,-0.248,-0.247,0.41,0.34,0.299,-0.321,-0.249,0.244,0.412,0.384,0.095,0.295,0.192,-0.359,0.302,0.338,0.041,0.178,0.412,0.281,0.247,-0.349,0.42,-0.156,-0.296,0.287,0.239,-0.072,0.33,0.021,-0.03,-0.517,-0.178,0.469,0.273,-0.141,0.277,0.403,0.308,0.274,-0.125,0.425,-0.161,0.404,0.468,0.188,0.023,0.297,0.165,0.499,0.404,0.116,0.397,-0.015,0.373,-0.276,0.478,0.471,0.209,0.053,0.256,0.392,0.485,-0.057,0.309,-0.414,-0.339,-0.274,0.323,0.361,0.338,0.041,-0.314,0.021,0.45,0.291,0.23,-0.364,0.149,-0.236,-0.133,0.337,0.04,-0.166,0.435,0.435,-0.382,0.401,0.42,0.149,-0.215,-0.037,-0.216,0.345,0.098,-0.014,-0.115,-0.154,0.275,0.469,-0.042,0.259,0.378,0.452,-0.025,0.373,0.312,0.228,0.26,-0.25,-0.194,-0.283,0.357,0.303,-0.302,-0.078,0.219,0.325,0.356,0.327,0.054,0.186,-0.067,0.147,0.302,0.162,-0.271,-0.3,-0.343,0.168,-0.118,0.222,-0.294,0.346,0.341,0.29,0.465,-0.045,0.39,0.278,-0.24,-0.227
AKAM,-0.76,-0.756,-0.246,0.0,-0.744,-0.814,-0.831,0.198,-0.187,-0.907,-0.072,-0.593,0.703,-0.331,-0.117,-0.206,0.885,0.426,-0.275,-0.546,-0.126,0.646,-0.674,0.024,-0.695,-0.226,-0.599,-0.722,0.191,-0.586,-0.534,-0.793,-0.842,0.512,-0.472,0.372,-0.435,-0.258,-0.497,-0.806,0.661,-0.885,-0.739,-0.538,-0.624,0.491,-0.321,0.38,0.349,-0.691,0.113,-0.056,-0.56,0.497,0.184,-0.794,0.098,-0.116,0.478,0.811,-0.876,-0.147,-0.018,0.719,0.83,-0.219,-0.881,-0.805,-0.561,-0.797,-0.396,0.809,-0.663,-0.861,0.452,-0.445,-0.267,-0.647,-0.718,0.341,-0.763,0.718,0.645,0.017,-0.604,0.191,-0.748,-0.158,0.349,0.513,0.503,-0.739,0.07,0.724,-0.89,-0.253,0.087,0.359,0.255,-0.699,-0.194,-0.679,-0.641,-0.735,-0.452,-0.873,-0.616,-0.39,-0.721,-0.24,-0.576,0.194,-0.799,0.382,-0.616,-0.674,-0.92,-0.278,-0.167,-0.787,-0.589,0.856,-0.911,0.803,0.395,0.512,-0.583,-0.693,-0.652,-0.297,0.577,0.727,-0.839,-0.061,-0.868,0.465,-0.6,0.52,0.842,-0.655,-0.654,0.623,-0.599,-0.449,0.767,-0.118,-0.532,-0.693,0.57,0.691,-0.075,-0.714,-0.566,0.015,0.492,-0.082,-0.575,-0.619,0.761,-0.613,-0.708,-0.652,-0.274,-0.887,-0.328,0.46,-0.558,0.478,0.299,0.503,-0.823,-0.771,0.691,0.088,-0.34,-0.761,-0.651,-0.675,0.572,-0.776,0.654,0.103,-0.722,-0.767,0.29,0.122,0.563,-0.603,0.109,-0.857,0.678,-0.88,-0.516,-0.76,-0.575,-0.256,-0.562,-0.943,0.6,-0.066
AKRO,0.651,0.846,0.267,-0.744,0.0,0.768,0.684,-0.001,0.344,0.603,-0.106,0.726,-0.576,0.093,0.312,-0.168,-0.8,-0.468,0.148,0.498,0.115,-0.643,0.57,0.036,0.47,-0.144,0.796,0.471,-0.418,0.487,0.658,0.598,0.724,-0.451,0.301,-0.035,0.222,0.35,0.537,0.395,-0.494,0.748,0.495,0.537,0.457,-0.36,0.547,-0.008,0.003,0.737,-0.077,0.026,0.71,-0.512,0.071,0.669,-0.037,0.033,-0.664,-0.617,0.658,0.301,-0.072,-0.658,-0.512,0.232,0.815,0.622,0.623,0.58,0.219,-0.615,0.343,0.682,-0.284,0.182,0.095,0.282,0.887,-0.347,0.543,-0.456,-0.71,-0.259,0.19,0.023,0.762,-0.01,-0.415,-0.623,-0.376,0.76,0.189,-0.428,0.531,0.04,-0.286,-0.379,-0.521,0.727,0.319,0.354,0.734,0.787,0.216,0.771,0.282,0.235,0.842,0.199,0.595,-0.397,0.615,-0.462,0.514,0.621,0.675,0.337,0.18,0.714,0.418,-0.743,0.828,-0.63,-0.189,-0.376,0.283,0.643,0.719,0.357,-0.784,-0.582,0.815,0.315,0.659,-0.286,0.602,-0.458,-0.641,0.835,0.563,-0.691,0.717,0.312,-0.609,0.082,0.292,0.49,-0.481,-0.548,0.091,0.831,0.714,-0.281,-0.702,0.098,0.555,0.488,-0.647,0.569,0.85,0.535,0.518,0.757,0.273,-0.225,0.581,-0.202,-0.224,-0.196,0.824,0.785,-0.703,-0.105,0.411,0.666,0.432,0.709,-0.48,0.792,-0.487,0.123,0.872,0.711,-0.017,0.174,-0.303,0.611,-0.109,0.558,-0.645,0.773,0.616,0.778,0.297,0.085,0.606,0.708,-0.518,0.159
ALRM,0.929,0.816,0.469,-0.814,0.768,0.0,0.947,-0.313,0.458,0.776,-0.247,0.878,-0.892,0.629,0.17,0.409,-0.83,-0.043,0.538,0.801,0.106,-0.563,0.7,0.199,0.801,-0.119,0.724,0.758,-0.227,0.845,0.781,0.946,0.731,-0.197,0.701,-0.364,0.42,0.463,0.624,0.744,-0.844,0.966,0.708,0.499,0.762,-0.433,0.668,-0.532,-0.123,0.802,-0.178,0.09,0.624,-0.708,-0.289,0.903,-0.193,0.028,-0.575,-0.852,0.906,0.521,0.333,-0.756,-0.81,0.439,0.93,0.881,0.382,0.759,0.514,-0.783,0.644,0.935,-0.244,0.546,0.562,0.636,0.733,-0.631,0.781,-0.634,-0.83,0.244,0.549,-0.191,0.77,0.156,-0.248,-0.794,-0.526,0.967,0.29,-0.591,0.773,0.541,0.23,-0.05,-0.321,0.927,-0.023,0.684,0.922,0.618,0.228,0.84,0.422,0.706,0.784,0.395,0.814,-0.194,0.923,-0.73,0.825,0.932,0.774,0.17,0.468,0.899,0.759,-0.559,0.84,-0.916,-0.53,-0.64,0.617,0.743,0.743,0.078,-0.759,-0.48,0.979,0.35,0.677,-0.695,0.611,-0.653,-0.588,0.774,0.52,-0.479,0.878,0.652,-0.84,0.522,0.679,0.568,-0.603,-0.429,-0.174,0.848,0.414,-0.117,-0.515,0.066,0.595,0.885,-0.481,0.588,0.858,0.859,0.068,0.885,0.609,0.03,0.667,-0.467,-0.447,-0.615,0.829,0.728,-0.692,-0.171,0.27,0.83,0.832,0.711,-0.246,0.562,-0.369,0.19,0.748,0.605,-0.477,-0.27,-0.661,0.525,-0.269,0.744,-0.76,0.941,0.637,0.706,0.781,0.158,0.597,0.866,-0.616,-0.169
AMAT,0.945,0.775,0.383,-0.831,0.684,0.947,0.0,-0.3,0.328,0.83,-0.191,0.797,-0.907,0.651,0.043,0.5,-0.778,-0.09,0.495,0.735,0.127,-0.56,0.741,0.161,0.796,-0.123,0.614,0.797,-0.079,0.861,0.672,0.933,0.769,-0.255,0.722,-0.452,0.541,0.342,0.602,0.808,-0.843,0.955,0.738,0.474,0.764,-0.444,0.523,-0.611,-0.244,0.715,-0.128,0.069,0.519,-0.748,-0.35,0.896,-0.173,0.125,-0.458,-0.911,0.941,0.471,0.357,-0.731,-0.842,0.445,0.905,0.891,0.362,0.781,0.535,-0.801,0.749,0.956,-0.264,0.628,0.572,0.748,0.659,-0.625,0.753,-0.615,-0.778,0.231,0.604,-0.227,0.754,0.282,-0.205,-0.695,-0.49,0.907,0.159,-0.661,0.811,0.577,0.267,-0.177,-0.196,0.852,-0.046,0.714,0.843,0.564,0.372,0.816,0.474,0.672,0.698,0.409,0.718,-0.057,0.961,-0.736,0.834,0.923,0.818,0.145,0.443,0.893,0.763,-0.549,0.855,-0.921,-0.566,-0.615,0.708,0.686,0.658,0.078,-0.62,-0.43,0.928,0.241,0.701,-0.706,0.647,-0.602,-0.59,0.667,0.523,-0.473,0.799,0.709,-0.836,0.466,0.72,0.667,-0.664,-0.473,-0.136,0.744,0.376,0.004,-0.378,0.043,0.551,0.888,-0.439,0.559,0.749,0.802,0.001,0.889,0.532,-0.023,0.61,-0.585,-0.433,-0.652,0.781,0.726,-0.667,-0.116,0.21,0.818,0.837,0.732,-0.262,0.526,-0.407,0.139,0.653,0.611,-0.465,-0.345,-0.663,0.578,-0.24,0.776,-0.762,0.922,0.577,0.687,0.807,0.244,0.565,0.892,-0.698,-0.221
AMED,-0.358,-0.104,-0.175,0.198,-0.001,-0.313,-0.3,0.0,-0.322,-0.275,0.067,-0.218,0.315,-0.492,0.1,-0.517,0.258,-0.463,-0.534,-0.369,0.103,0.031,-0.049,-0.168,-0.435,-0.105,-0.224,-0.308,0.156,-0.231,-0.4,-0.425,0.038,-0.158,-0.411,0.345,-0.216,-0.406,-0.217,-0.352,0.322,-0.312,-0.371,0.212,-0.317,0.196,-0.448,0.496,0.191,-0.31,0.339,-0.243,-0.08,0.282,0.318,-0.352,0.191,0.175,-0.107,0.305,-0.303,-0.321,-0.266,0.135,0.365,-0.071,-0.179,-0.394,0.314,-0.362,-0.305,0.189,-0.173,-0.314,0.157,-0.365,-0.365,-0.23,0.019,0.309,-0.453,0.341,0.203,-0.483,-0.486,0.307,0.138,0.015,-0.033,0.137,0.334,-0.32,-0.105,0.193,-0.327,-0.374,-0.404,-0.283,-0.176,-0.451,0.251,-0.346,-0.267,-0.076,0.071,-0.197,-0.311,-0.57,-0.115,0.089,-0.408,-0.057,-0.354,0.287,-0.283,-0.371,-0.298,0.214,-0.336,-0.207,-0.292,0.063,-0.126,0.331,0.158,0.556,-0.284,-0.205,-0.24,0.247,0.259,0.133,-0.249,0.065,-0.09,0.377,-0.019,0.377,0.186,0.006,-0.078,-0.201,-0.182,-0.233,0.224,-0.418,-0.191,-0.07,0.142,-0.057,0.034,-0.137,0.164,0.231,0.261,0.013,-0.167,-0.382,-0.031,-0.23,-0.133,-0.414,0.409,-0.216,-0.433,-0.178,-0.168,0.18,0.234,0.405,-0.132,-0.071,0.092,0.167,0.232,-0.243,-0.526,0.047,-0.113,0.1,0.01,-0.042,-0.106,-0.088,0.459,0.145,0.434,-0.035,0.245,-0.332,0.245,-0.172,-0.154,-0.047,-0.435,-0.093,-0.008,-0.248,0.138,0.147
AMRN,0.293,0.329,0.346,-0.187,0.344,0.458,0.328,-0.322,0.0,0.122,-0.115,0.632,-0.225,0.313,0.06,0.162,-0.298,0.389,0.518,0.561,0.05,-0.079,0.199,0.345,0.231,0.119,0.592,0.073,-0.477,0.379,0.837,0.424,0.137,0.189,0.158,-0.052,-0.179,0.659,0.379,0.078,-0.27,0.35,0.474,0.391,0.232,-0.143,0.783,-0.125,0.499,0.651,-0.338,0.085,0.585,-0.108,0.038,0.164,-0.095,-0.122,-0.417,-0.18,0.335,0.182,0.079,-0.092,-0.081,0.328,0.288,0.264,0.021,0.158,0.079,-0.196,-0.102,0.27,-0.006,0.112,0.415,-0.057,0.31,-0.343,0.501,-0.293,-0.496,0.387,0.001,-0.186,0.244,-0.148,-0.325,-0.547,-0.267,0.593,0.553,0.067,0.199,0.317,-0.035,0.354,-0.448,0.481,-0.081,0.283,0.62,0.196,-0.236,0.426,0.038,0.445,0.431,0.409,0.712,-0.294,0.317,-0.241,0.263,0.41,0.2,-0.11,0.441,0.23,0.299,-0.044,0.201,-0.376,-0.226,-0.264,-0.031,0.231,0.708,-0.092,-0.6,-0.089,0.438,0.541,0.258,-0.124,-0.1,-0.322,-0.078,0.57,0.004,-0.087,0.567,0.102,-0.096,0.591,0.266,-0.054,-0.2,0.11,-0.303,0.554,0.191,-0.325,-0.616,0.359,0.106,0.377,-0.294,0.171,0.54,0.644,0.117,0.311,0.762,0.272,0.566,0.276,-0.386,-0.21,0.381,0.28,0.007,-0.136,0.438,0.531,0.391,0.37,0.091,0.183,-0.159,0.069,0.426,0.143,-0.323,-0.013,-0.322,0.078,-0.195,0.14,-0.064,0.399,0.556,0.235,0.272,-0.054,0.41,0.147,-0.125,0.23
ANGI,0.769,0.69,0.283,-0.907,0.603,0.776,0.83,-0.275,0.122,0.0,0.177,0.51,-0.74,0.458,0.116,0.422,-0.75,-0.336,0.458,0.537,0.273,-0.443,0.606,-0.129,0.814,0.158,0.491,0.84,0.041,0.631,0.446,0.796,0.817,-0.423,0.641,-0.417,0.653,0.221,0.419,0.9,-0.697,0.873,0.771,0.351,0.681,-0.491,0.267,-0.501,-0.513,0.594,-0.075,0.227,0.305,-0.591,-0.27,0.826,0.047,0.317,-0.205,-0.81,0.874,0.23,0.251,-0.589,-0.847,0.343,0.854,0.867,0.481,0.887,0.507,-0.782,0.789,0.83,-0.274,0.626,0.289,0.777,0.529,-0.293,0.78,-0.551,-0.475,0.036,0.788,-0.133,0.71,0.35,-0.111,-0.399,-0.345,0.682,0.016,-0.721,0.932,0.356,0.107,-0.293,0.061,0.667,0.112,0.806,0.567,0.634,0.585,0.792,0.719,0.542,0.664,0.197,0.448,0.142,0.835,-0.406,0.704,0.67,0.889,0.278,0.299,0.738,0.699,-0.712,0.85,-0.756,-0.414,-0.558,0.766,0.668,0.494,0.291,-0.367,-0.494,0.799,0.025,0.832,-0.58,0.624,-0.435,-0.705,0.47,0.641,-0.439,0.504,0.639,-0.742,0.111,0.592,0.796,-0.474,-0.53,0.169,0.502,0.462,0.238,-0.255,0.018,0.577,0.662,-0.498,0.683,0.51,0.572,0.071,0.829,0.261,-0.309,0.43,-0.654,-0.183,-0.504,0.771,0.668,-0.547,0.072,0.17,0.74,0.721,0.606,-0.362,0.596,-0.471,-0.026,0.509,0.681,-0.308,-0.265,-0.516,0.566,0.034,0.883,-0.598,0.766,0.417,0.729,0.681,0.402,0.574,0.91,-0.526,-0.159
APA,-0.179,0.053,-0.13,-0.072,-0.106,-0.247,-0.191,0.067,-0.115,0.177,0.0,-0.202,0.259,-0.321,0.26,-0.098,0.059,-0.257,0.026,-0.32,0.657,0.442,-0.127,-0.291,0.054,0.316,-0.109,0.105,0.269,-0.311,-0.145,-0.223,0.11,-0.249,0.035,0.348,0.299,0.061,-0.432,0.022,0.217,-0.123,0.296,-0.171,-0.02,-0.058,-0.273,0.291,-0.173,-0.136,0.156,0.541,-0.319,0.155,0.465,-0.162,0.692,0.612,0.461,0.268,0.005,-0.194,-0.025,0.469,0.134,0.207,-0.062,0.022,0.411,0.264,0.228,0.172,0.125,-0.259,0.256,-0.078,-0.522,0.137,-0.24,0.618,0.163,0.331,0.489,-0.402,0.227,0.475,-0.066,0.23,0.201,0.44,0.563,-0.259,-0.183,0.233,0.167,-0.394,-0.236,-0.231,0.391,-0.26,0.446,0.167,-0.392,0.257,0.631,-0.033,0.609,-0.213,0.113,-0.34,-0.421,0.444,-0.118,0.49,-0.114,-0.393,0.16,0.518,0.017,-0.314,0.149,-0.269,0.062,0.264,0.29,0.26,0.081,0.127,-0.137,0.635,0.319,0.08,-0.145,-0.161,0.424,0.233,-0.098,0.538,-0.12,-0.204,0.35,0.175,-0.462,0.009,0.312,-0.482,-0.249,0.343,0.235,0.134,0.54,-0.343,0.398,0.439,0.215,0.329,0.225,-0.322,-0.042,0.355,-0.271,-0.29,0.319,-0.01,-0.409,-0.256,-0.035,0.051,0.637,0.416,0.159,-0.098,0.32,0.543,0.081,0.158,-0.215,-0.046,0.056,0.08,-0.136,0.007,-0.187,0.326,0.395,0.175,0.446,-0.097,0.758,0.301,0.442,-0.237,-0.254,0.312,-0.203,0.632,0.353,-0.092,0.134,0.094
APOG,0.805,0.785,0.45,-0.593,0.726,0.878,0.797,-0.218,0.632,0.51,-0.202,0.0,-0.722,0.508,0.188,0.258,-0.672,0.094,0.489,0.746,0.191,-0.417,0.612,0.288,0.597,-0.245,0.748,0.516,-0.325,0.766,0.83,0.78,0.608,-0.155,0.555,-0.175,0.238,0.537,0.562,0.446,-0.695,0.788,0.657,0.507,0.645,-0.302,0.739,-0.347,0.196,0.811,-0.113,0.084,0.684,-0.593,-0.103,0.68,-0.08,0.074,-0.594,-0.628,0.752,0.554,0.284,-0.56,-0.527,0.574,0.784,0.691,0.4,0.557,0.421,-0.593,0.437,0.746,-0.069,0.351,0.491,0.423,0.717,-0.582,0.664,-0.447,-0.774,0.198,0.281,-0.065,0.683,0.108,-0.313,-0.797,-0.368,0.924,0.422,-0.291,0.51,0.46,0.116,-0.007,-0.474,0.833,0.013,0.504,0.932,0.564,0.152,0.686,0.261,0.588,0.755,0.374,0.813,-0.225,0.757,-0.688,0.703,0.828,0.597,0.163,0.465,0.765,0.658,-0.377,0.711,-0.772,-0.447,-0.458,0.423,0.647,0.807,0.093,-0.797,-0.308,0.882,0.496,0.56,-0.505,0.473,-0.507,-0.421,0.818,0.389,-0.425,0.878,0.545,-0.625,0.593,0.553,0.402,-0.573,-0.275,-0.227,0.849,0.468,-0.221,-0.574,0.142,0.476,0.757,-0.395,0.452,0.873,0.826,0.207,0.795,0.619,0.225,0.746,-0.214,-0.391,-0.449,0.761,0.685,-0.55,-0.09,0.426,0.793,0.68,0.735,-0.135,0.525,-0.3,0.244,0.759,0.547,-0.356,-0.153,-0.482,0.447,-0.187,0.549,-0.57,0.813,0.688,0.639,0.607,0.158,0.642,0.625,-0.555,-0.074
APPS,-0.953,-0.673,-0.447,0.703,-0.576,-0.892,-0.907,0.315,-0.225,-0.74,0.259,-0.722,0.0,-0.742,-0.049,-0.568,0.708,-0.07,-0.571,-0.76,-0.034,0.511,-0.57,-0.095,-0.808,0.271,-0.541,-0.808,-0.051,-0.885,-0.569,-0.931,-0.654,0.212,-0.796,0.485,-0.581,-0.27,-0.506,-0.805,0.944,-0.896,-0.588,-0.296,-0.781,0.415,-0.497,0.724,0.371,-0.615,0.227,-0.075,-0.315,0.789,0.47,-0.908,0.291,-0.041,0.335,0.89,-0.845,-0.568,-0.534,0.753,0.822,-0.344,-0.839,-0.865,-0.226,-0.731,-0.551,0.765,-0.756,-0.917,0.242,-0.675,-0.612,-0.738,-0.558,0.731,-0.664,0.516,0.658,-0.314,-0.638,0.197,-0.656,-0.281,0.118,0.709,0.503,-0.849,-0.137,0.673,-0.698,-0.7,-0.445,0.004,0.051,-0.851,0.256,-0.656,-0.788,-0.403,-0.3,-0.624,-0.36,-0.78,-0.574,-0.245,-0.648,-0.027,-0.887,0.777,-0.926,-0.918,-0.731,-0.099,-0.383,-0.892,-0.81,0.372,-0.778,0.911,0.651,0.731,-0.773,-0.653,-0.46,0.054,0.514,0.301,-0.88,-0.167,-0.544,0.84,-0.52,0.666,0.464,-0.521,-0.437,0.368,-0.807,-0.845,0.855,-0.507,-0.757,-0.553,0.674,0.312,0.233,-0.61,-0.154,0.024,0.227,0.178,-0.472,-0.935,0.222,-0.509,-0.615,-0.732,0.2,-0.803,-0.469,-0.063,-0.437,0.719,0.466,0.719,-0.663,-0.623,0.665,0.215,-0.056,-0.692,-0.787,-0.59,0.183,-0.335,0.272,-0.198,-0.51,-0.489,0.57,0.534,0.683,-0.529,0.325,-0.707,0.776,-0.823,-0.5,-0.547,-0.885,-0.189,-0.407,-0.8,0.685,0.504
ARCB,0.699,0.275,0.408,-0.331,0.093,0.629,0.651,-0.492,0.313,0.458,-0.321,0.508,-0.742,0.0,-0.075,0.796,-0.335,0.496,0.766,0.69,-0.072,-0.213,0.351,0.239,0.62,-0.136,0.251,0.553,0.194,0.797,0.458,0.77,0.281,0.162,0.759,-0.501,0.349,0.246,0.26,0.665,-0.787,0.611,0.466,0.056,0.731,-0.254,0.468,-0.884,-0.223,0.446,-0.277,0.012,0.052,-0.553,-0.611,0.608,-0.347,-0.043,-0.061,-0.609,0.626,0.522,0.726,-0.454,-0.647,0.345,0.491,0.585,-0.149,0.451,0.396,-0.551,0.57,0.657,-0.055,0.726,0.832,0.579,0.119,-0.755,0.586,-0.409,-0.438,0.776,0.569,-0.32,0.306,0.191,0.046,-0.538,-0.442,0.617,0.118,-0.446,0.464,0.891,0.704,0.408,0.163,0.595,-0.591,0.591,0.605,-0.05,-0.0,0.284,0.192,0.895,0.162,0.221,0.591,0.207,0.662,-0.687,0.692,0.783,0.391,-0.128,0.366,0.609,0.664,0.082,0.35,-0.701,-0.703,-0.702,0.656,0.404,0.251,-0.373,-0.195,-0.022,0.565,0.105,0.18,-0.801,0.193,-0.603,-0.157,0.153,-0.013,-0.022,0.562,0.712,-0.603,0.727,0.733,0.198,-0.503,0.029,-0.436,0.288,-0.263,0.105,0.006,-0.237,0.209,0.847,0.103,0.185,0.276,0.669,-0.539,0.463,0.631,0.287,0.269,-0.596,-0.492,-0.793,0.299,0.307,-0.276,-0.214,-0.089,0.438,0.719,0.309,0.175,-0.083,0.007,0.121,0.148,0.059,-0.761,-0.725,-0.743,0.276,-0.385,0.403,-0.415,0.494,0.373,0.128,0.933,-0.003,0.185,0.474,-0.431,-0.627
ARCC,0.129,0.408,0.026,-0.117,0.312,0.17,0.043,0.1,0.06,0.116,0.26,0.188,-0.049,-0.075,0.0,-0.245,-0.168,-0.165,0.123,0.098,0.499,0.146,0.003,0.015,0.314,-0.14,0.195,0.302,-0.042,0.015,0.205,0.092,0.075,0.129,0.291,0.537,0.245,0.278,-0.162,0.047,-0.08,0.156,0.078,-0.12,0.295,0.006,0.286,0.308,-0.032,0.053,0.119,0.483,0.031,-0.145,0.328,0.227,0.389,0.249,0.026,0.104,0.051,0.362,0.218,0.034,-0.099,0.158,0.26,0.26,0.496,0.319,0.285,0.033,0.098,0.022,0.361,-0.102,-0.29,0.041,0.148,0.18,0.133,0.2,-0.022,-0.312,0.183,0.615,0.164,0.051,0.283,-0.184,0.314,0.138,0.134,0.213,0.161,-0.294,-0.008,0.039,0.036,0.259,0.406,0.117,0.073,0.462,0.157,0.212,0.296,0.064,0.409,-0.096,-0.041,0.01,0.115,0.006,0.156,0.026,0.068,0.671,0.341,0.047,0.253,-0.293,0.144,0.06,0.246,-0.004,0.007,0.435,0.051,0.538,-0.227,-0.072,0.228,0.358,0.242,-0.194,0.207,0.19,-0.071,0.204,0.428,0.107,0.045,0.118,-0.131,-0.136,-0.139,0.2,0.262,0.233,0.27,0.099,0.411,0.085,-0.142,0.265,0.609,0.047,0.0,0.547,0.181,-0.075,0.275,0.099,-0.071,0.118,0.127,0.102,0.467,0.307,0.398,-0.046,-0.109,0.265,0.033,0.217,0.024,-0.008,0.246,0.086,0.241,0.593,0.104,0.271,0.29,0.288,0.268,-0.136,0.415,0.213,-0.072,0.083,-0.04,0.46,-0.015,0.171,0.343,0.071,0.207,-0.08
ARVN,0.532,0.082,0.268,-0.206,-0.168,0.409,0.5,-0.517,0.162,0.422,-0.098,0.258,-0.568,0.796,-0.245,0.0,-0.121,0.501,0.672,0.45,0.112,0.107,0.181,0.137,0.616,-0.101,0.004,0.583,0.362,0.559,0.27,0.571,0.139,0.248,0.718,-0.636,0.534,0.222,0.325,0.604,-0.56,0.437,0.458,-0.165,0.528,-0.148,0.252,-0.786,-0.393,0.175,0.0,0.268,-0.216,-0.498,-0.571,0.487,-0.108,0.154,0.263,-0.484,0.464,0.449,0.668,-0.103,-0.546,0.428,0.298,0.54,-0.334,0.482,0.564,-0.333,0.572,0.474,0.078,0.703,0.586,0.657,-0.185,-0.41,0.417,-0.176,-0.131,0.61,0.673,-0.294,0.077,0.466,0.336,-0.194,-0.176,0.359,0.124,-0.333,0.474,0.743,0.741,0.323,0.454,0.395,-0.384,0.572,0.31,-0.103,0.23,0.174,0.362,0.77,-0.004,0.193,0.304,0.491,0.578,-0.465,0.567,0.528,0.309,-0.287,0.482,0.358,0.583,0.196,0.161,-0.473,-0.409,-0.472,0.671,0.18,0.053,-0.341,0.025,0.189,0.335,-0.084,0.134,-0.659,0.189,-0.3,0.035,-0.09,0.093,0.319,0.25,0.646,-0.375,0.534,0.609,0.332,-0.257,0.134,-0.137,0.008,-0.342,0.304,0.284,-0.082,0.107,0.637,0.271,0.19,0.006,0.469,-0.722,0.278,0.416,0.375,0.085,-0.581,-0.237,-0.619,0.077,0.014,0.035,0.014,-0.293,0.336,0.71,0.06,0.335,-0.276,0.132,0.124,-0.137,-0.001,-0.584,-0.601,-0.454,0.076,-0.15,0.438,-0.206,0.278,0.026,0.03,0.74,0.36,0.086,0.352,-0.257,-0.549
ATEC,-0.772,-0.727,-0.274,0.885,-0.8,-0.83,-0.778,0.258,-0.298,-0.75,0.059,-0.672,0.708,-0.335,-0.168,-0.121,0.0,0.27,-0.3,-0.626,-0.003,0.739,-0.534,-0.069,-0.609,-0.131,-0.763,-0.623,0.315,-0.556,-0.643,-0.786,-0.695,0.415,-0.436,0.284,-0.275,-0.298,-0.479,-0.644,0.672,-0.852,-0.62,-0.443,-0.62,0.49,-0.465,0.359,0.238,-0.799,0.218,-0.011,-0.621,0.5,0.172,-0.787,0.227,0.109,0.565,0.781,-0.801,-0.255,0.001,0.77,0.783,-0.157,-0.829,-0.73,-0.487,-0.721,-0.359,0.734,-0.451,-0.833,0.48,-0.381,-0.292,-0.431,-0.751,0.467,-0.733,0.7,0.718,-0.016,-0.452,0.146,-0.646,0.025,0.434,0.575,0.573,-0.79,-0.041,0.664,-0.714,-0.272,0.075,0.278,0.373,-0.786,-0.095,-0.493,-0.715,-0.684,-0.197,-0.781,-0.478,-0.419,-0.722,-0.129,-0.679,0.358,-0.744,0.503,-0.592,-0.691,-0.853,-0.249,-0.146,-0.773,-0.569,0.79,-0.865,0.807,0.368,0.658,-0.425,-0.747,-0.671,-0.18,0.73,0.778,-0.839,-0.069,-0.742,0.439,-0.48,0.688,0.826,-0.701,-0.55,0.606,-0.677,-0.374,0.699,-0.177,-0.424,-0.489,0.621,0.602,-0.01,-0.794,-0.516,0.229,0.632,-0.078,-0.59,-0.627,0.714,-0.584,-0.782,-0.679,-0.257,-0.845,-0.396,0.383,-0.519,0.362,0.362,0.519,-0.801,-0.732,0.756,0.24,-0.323,-0.709,-0.602,-0.586,0.549,-0.72,0.626,0.043,-0.788,-0.719,0.351,0.095,0.586,-0.569,0.252,-0.765,0.711,-0.86,-0.526,-0.677,-0.551,-0.118,-0.48,-0.86,0.645,-0.001
ATXS,0.011,-0.313,0.194,0.426,-0.468,-0.043,-0.09,-0.463,0.389,-0.336,-0.257,0.094,-0.07,0.496,-0.165,0.501,0.27,0.0,0.51,0.298,-0.14,0.358,-0.269,0.334,0.057,-0.15,-0.079,-0.075,0.031,0.155,0.194,0.103,-0.502,0.563,0.221,-0.101,-0.104,0.294,-0.057,-0.069,-0.119,-0.137,-0.029,-0.307,0.056,0.161,0.352,-0.396,0.227,-0.012,-0.279,0.102,-0.175,-0.034,-0.244,-0.114,-0.208,-0.239,0.238,0.124,-0.135,0.316,0.452,0.213,0.128,0.138,-0.275,-0.06,-0.607,-0.183,0.137,0.229,-0.179,-0.115,0.221,0.17,0.501,-0.116,-0.404,-0.314,0.036,0.106,0.037,0.711,0.06,-0.152,-0.396,-0.063,0.202,-0.098,-0.028,0.049,0.24,0.283,-0.235,0.511,0.596,0.681,0.19,0.111,-0.586,-0.01,0.083,-0.483,-0.394,-0.308,-0.198,0.477,-0.291,0.03,0.246,0.15,-0.028,-0.207,0.118,0.146,-0.297,-0.375,0.328,-0.143,0.121,0.623,-0.391,-0.008,-0.192,-0.262,-0.004,-0.199,-0.093,-0.501,0.037,0.454,-0.126,0.166,-0.424,-0.231,-0.443,-0.172,0.467,-0.232,-0.418,0.534,0.085,0.165,0.133,0.68,0.11,-0.429,0.056,0.589,-0.407,-0.161,-0.561,-0.175,0.136,-0.119,-0.225,0.233,0.526,-0.167,-0.166,0.239,-0.608,-0.209,0.457,0.597,-0.023,0.09,-0.221,-0.234,-0.284,-0.358,0.314,-0.153,-0.227,-0.081,0.182,-0.284,0.544,-0.606,0.403,0.211,-0.335,-0.452,-0.443,-0.357,-0.204,-0.35,-0.253,-0.236,0.125,-0.184,-0.023,-0.413,0.286,-0.109,-0.181,-0.337,0.154,-0.361
AVAV,0.549,0.3,0.438,-0.275,0.148,0.538,0.495,-0.534,0.518,0.458,0.026,0.489,-0.571,0.766,0.123,0.672,-0.3,0.51,0.0,0.675,0.188,0.058,0.171,0.169,0.661,-0.062,0.399,0.554,0.091,0.591,0.571,0.656,0.2,0.197,0.714,-0.265,0.396,0.469,0.177,0.577,-0.617,0.528,0.56,-0.027,0.609,-0.312,0.623,-0.622,-0.139,0.496,-0.312,0.372,0.019,-0.464,-0.335,0.51,-0.023,0.142,0.109,-0.413,0.514,0.501,0.655,-0.177,-0.46,0.497,0.446,0.588,-0.069,0.533,0.471,-0.355,0.39,0.468,0.136,0.647,0.578,0.409,0.046,-0.467,0.683,-0.188,-0.247,0.583,0.621,-0.136,0.231,0.207,0.155,-0.427,-0.187,0.565,0.266,-0.22,0.471,0.655,0.57,0.432,0.267,0.608,-0.358,0.625,0.532,0.078,0.079,0.32,0.366,0.867,0.316,0.126,0.528,0.326,0.559,-0.447,0.63,0.609,0.359,-0.001,0.547,0.391,0.669,0.012,0.303,-0.504,-0.427,-0.667,0.562,0.385,0.291,-0.129,-0.212,0.104,0.518,0.272,0.269,-0.636,0.102,-0.43,-0.092,0.163,0.079,0.116,0.457,0.655,-0.369,0.614,0.517,0.216,-0.222,0.256,-0.164,0.193,-0.073,0.127,-0.112,-0.057,0.297,0.674,0.144,0.453,0.212,0.573,-0.399,0.406,0.615,0.379,0.26,-0.393,-0.232,-0.479,0.395,0.219,-0.072,-0.009,-0.016,0.504,0.635,0.241,0.325,-0.061,0.11,0.229,0.105,0.089,-0.555,-0.495,-0.485,0.172,-0.081,0.402,-0.227,0.353,0.373,0.26,0.74,0.239,0.363,0.334,-0.146,-0.474
AXON,0.723,0.491,0.369,-0.546,0.498,0.801,0.735,-0.369,0.561,0.537,-0.32,0.746,-0.76,0.69,0.098,0.45,-0.626,0.298,0.675,0.0,-0.006,-0.39,0.343,0.167,0.64,-0.109,0.747,0.569,-0.154,0.796,0.717,0.837,0.44,0.066,0.579,-0.345,0.272,0.412,0.486,0.608,-0.759,0.748,0.561,0.361,0.651,-0.363,0.663,-0.567,-0.047,0.793,-0.396,0.047,0.436,-0.556,-0.351,0.676,-0.3,-0.09,-0.407,-0.698,0.669,0.446,0.412,-0.578,-0.609,0.361,0.681,0.672,0.101,0.534,0.378,-0.598,0.334,0.754,-0.173,0.555,0.67,0.342,0.441,-0.678,0.706,-0.538,-0.651,0.461,0.441,-0.295,0.529,0.112,-0.186,-0.714,-0.503,0.844,0.349,-0.498,0.556,0.634,0.305,0.2,-0.208,0.819,-0.328,0.523,0.848,0.235,-0.044,0.606,0.229,0.747,0.51,0.441,0.78,-0.12,0.752,-0.633,0.715,0.799,0.53,-0.022,0.497,0.66,0.644,-0.228,0.566,-0.777,-0.566,-0.768,0.483,0.505,0.536,-0.161,-0.598,-0.225,0.774,0.487,0.433,-0.617,0.254,-0.746,-0.319,0.566,0.228,-0.258,0.822,0.615,-0.604,0.643,0.598,0.244,-0.517,-0.065,-0.308,0.635,0.111,-0.13,-0.466,-0.016,0.364,0.826,-0.267,0.474,0.601,0.78,-0.137,0.63,0.733,0.168,0.547,-0.324,-0.539,-0.604,0.617,0.511,-0.467,-0.207,0.247,0.676,0.71,0.501,-0.031,0.271,-0.214,0.193,0.478,0.285,-0.583,-0.453,-0.66,0.393,-0.356,0.484,-0.576,0.734,0.602,0.414,0.746,-0.011,0.397,0.588,-0.417,-0.275
BANF,0.124,0.337,0.094,-0.126,0.115,0.106,0.127,0.103,0.05,0.273,0.657,0.191,-0.034,-0.072,0.499,0.112,-0.003,-0.14,0.188,-0.006,0.0,0.5,0.119,-0.139,0.347,-0.06,0.069,0.391,0.393,0.05,0.108,0.024,0.264,-0.017,0.389,0.39,0.54,0.215,-0.101,0.141,0.032,0.142,0.382,-0.044,0.275,-0.015,0.029,0.197,-0.097,-0.001,0.378,0.661,-0.169,-0.188,0.402,0.149,0.896,0.877,0.284,0.088,0.176,0.294,0.231,0.36,-0.03,0.575,0.226,0.305,0.53,0.452,0.523,0.076,0.315,-0.001,0.659,0.079,-0.267,0.344,-0.111,0.458,0.222,0.39,0.204,-0.351,0.336,0.543,0.227,0.539,0.446,0.141,0.712,0.073,0.159,0.273,0.316,-0.205,0.012,-0.255,0.31,0.073,0.506,0.353,-0.014,0.416,0.665,0.201,0.595,0.035,0.361,0.032,-0.218,0.507,0.259,0.09,0.227,-0.031,0.167,0.628,0.475,-0.052,0.421,-0.189,0.165,0.087,0.214,0.252,0.274,0.359,0.059,0.742,0.046,0.249,0.158,0.24,0.455,-0.074,0.311,0.517,0.028,0.067,0.498,0.269,-0.122,0.324,0.048,-0.139,-0.042,0.582,0.211,0.209,0.548,-0.073,0.573,0.537,0.21,0.416,0.566,-0.005,0.108,0.603,0.022,-0.069,0.225,0.167,-0.203,0.249,0.168,-0.027,0.699,0.34,0.388,-0.055,0.161,0.857,0.082,0.358,0.145,0.171,0.352,0.086,0.128,0.551,-0.051,0.387,0.493,0.151,0.418,-0.13,0.882,0.388,0.19,0.011,-0.171,0.593,0.012,0.638,0.572,0.053,0.065,-0.044
BATRK,-0.524,-0.44,-0.076,0.646,-0.643,-0.563,-0.56,0.031,-0.079,-0.443,0.442,-0.417,0.511,-0.213,0.146,0.107,0.739,0.358,0.058,-0.39,0.5,0.0,-0.481,-0.008,-0.163,-0.049,-0.509,-0.201,0.378,-0.431,-0.342,-0.534,-0.538,0.486,-0.03,0.389,0.105,0.05,-0.44,-0.385,0.505,-0.569,-0.224,-0.498,-0.298,0.352,-0.202,0.324,0.129,-0.591,0.282,0.529,-0.614,0.282,0.317,-0.496,0.616,0.452,0.687,0.686,-0.537,0.045,0.208,0.872,0.56,0.218,-0.552,-0.329,-0.25,-0.24,0.155,0.69,-0.23,-0.657,0.729,-0.214,-0.335,-0.164,-0.764,0.623,-0.358,0.737,0.705,-0.063,-0.035,0.393,-0.53,0.227,0.678,0.507,0.797,-0.546,0.162,0.715,-0.328,-0.276,0.223,0.299,0.547,-0.472,0.134,-0.123,-0.549,-0.334,0.13,-0.486,0.052,-0.135,-0.354,-0.109,-0.581,0.581,-0.415,0.454,-0.294,-0.547,-0.589,0.079,0.317,-0.695,-0.124,0.545,-0.67,0.672,0.441,0.523,-0.17,-0.384,-0.493,0.151,0.528,0.773,-0.558,0.115,-0.346,0.243,-0.323,0.759,0.707,-0.55,-0.142,0.809,-0.606,-0.103,0.604,-0.106,-0.38,-0.126,0.725,0.765,0.298,-0.681,-0.222,0.433,0.57,0.241,-0.113,-0.436,0.686,-0.041,-0.619,-0.489,-0.219,-0.598,-0.306,0.537,-0.282,0.329,0.635,0.556,-0.427,-0.727,0.752,0.559,-0.318,-0.304,-0.292,-0.524,0.762,-0.648,0.659,0.373,-0.703,-0.417,0.396,0.13,0.644,-0.681,0.62,-0.331,0.659,-0.688,-0.567,-0.271,-0.353,0.351,-0.06,-0.674,0.654,-0.056
BIDU,0.638,0.724,0.339,-0.674,0.57,0.7,0.741,-0.049,0.199,0.606,-0.127,0.612,-0.57,0.351,0.003,0.181,-0.534,-0.269,0.171,0.343,0.119,-0.481,0.0,0.145,0.457,-0.008,0.319,0.46,-0.192,0.587,0.451,0.608,0.691,-0.376,0.444,-0.185,0.227,0.284,0.429,0.538,-0.543,0.701,0.524,0.626,0.409,-0.251,0.33,-0.336,0.016,0.47,-0.014,-0.148,0.584,-0.415,-0.042,0.603,-0.036,0.125,-0.567,-0.592,0.787,0.272,0.079,-0.635,-0.589,0.374,0.701,0.576,0.438,0.461,0.257,-0.622,0.666,0.644,-0.229,0.268,0.418,0.651,0.628,-0.374,0.608,-0.528,-0.708,0.08,0.276,-0.137,0.731,0.171,-0.291,-0.55,-0.35,0.668,0.066,-0.376,0.575,0.324,0.076,-0.235,-0.385,0.502,0.162,0.617,0.607,0.56,0.335,0.672,0.34,0.339,0.64,0.335,0.55,-0.232,0.644,-0.528,0.516,0.672,0.567,0.226,0.159,0.69,0.465,-0.56,0.7,-0.658,-0.421,-0.159,0.413,0.529,0.636,0.242,-0.481,-0.466,0.696,0.184,0.585,-0.396,0.639,-0.236,-0.562,0.621,0.325,-0.604,0.563,0.394,-0.687,0.333,0.581,0.556,-0.478,-0.574,-0.186,0.662,0.482,0.033,-0.322,0.056,0.41,0.573,-0.497,0.283,0.688,0.652,0.288,0.702,0.355,-0.124,0.616,-0.38,-0.256,-0.343,0.638,0.692,-0.575,-0.057,0.321,0.588,0.487,0.727,-0.345,0.61,-0.408,0.046,0.655,0.525,-0.22,-0.097,-0.476,0.517,-0.117,0.509,-0.518,0.737,0.548,0.611,0.52,0.089,0.542,0.68,-0.523,0.06
BLNE,0.13,0.072,-0.033,0.024,0.036,0.199,0.161,-0.168,0.345,-0.129,-0.291,0.288,-0.095,0.239,0.015,0.137,-0.069,0.334,0.169,0.167,-0.139,-0.008,0.145,0.0,0.126,0.025,0.095,0.012,-0.263,0.163,0.351,0.19,-0.189,0.388,0.137,0.037,-0.17,0.384,0.108,0.012,-0.093,0.115,0.077,0.174,0.143,-0.029,0.386,-0.074,0.479,0.118,-0.101,-0.007,0.31,0.004,-0.008,0.082,-0.209,-0.28,-0.192,-0.028,0.079,0.218,0.087,-0.025,-0.045,0.244,0.04,0.108,-0.146,-0.051,0.14,0.076,-0.08,0.106,0.084,0.008,0.336,-0.039,0.058,-0.233,0.082,-0.186,-0.388,0.391,-0.047,-0.048,-0.051,-0.207,-0.024,-0.337,-0.137,0.253,0.202,0.254,0.026,0.226,0.24,0.304,-0.263,0.242,-0.057,0.08,0.258,0.018,-0.296,0.159,-0.158,0.26,0.086,0.384,0.362,-0.271,0.163,-0.208,0.073,0.261,-0.101,-0.037,0.348,0.075,0.139,0.076,-0.097,-0.122,-0.075,-0.053,-0.157,0.02,0.311,-0.173,-0.27,-0.031,0.131,0.343,-0.09,-0.178,-0.01,-0.135,0.081,0.202,-0.083,0.084,0.219,-0.045,-0.108,0.445,0.074,-0.192,0.053,0.131,-0.317,0.268,-0.111,-0.163,-0.224,0.27,0.101,0.24,-0.021,-0.058,0.296,0.327,-0.081,0.062,0.426,0.3,0.264,0.273,-0.209,-0.121,0.068,-0.063,-0.007,-0.243,0.01,0.158,0.216,0.021,0.229,-0.124,0.223,0.211,0.151,-0.145,-0.204,0.036,-0.222,-0.168,-0.228,-0.051,-0.149,0.189,0.154,-0.001,0.146,-0.043,0.06,-0.032,0.095,0.101
BLNK,0.82,0.659,0.385,-0.695,0.47,0.801,0.796,-0.435,0.231,0.814,0.054,0.597,-0.808,0.62,0.314,0.616,-0.609,0.057,0.661,0.64,0.347,-0.163,0.457,0.126,0.0,-0.107,0.44,0.959,0.062,0.673,0.558,0.84,0.536,-0.032,0.875,-0.346,0.764,0.468,0.445,0.859,-0.746,0.836,0.693,0.113,0.767,-0.396,0.506,-0.531,-0.433,0.475,-0.03,0.505,0.199,-0.73,-0.301,0.889,0.066,0.26,-0.054,-0.713,0.764,0.608,0.547,-0.437,-0.791,0.479,0.795,0.957,0.261,0.9,0.765,-0.595,0.756,0.772,0.005,0.635,0.363,0.77,0.37,-0.334,0.707,-0.36,-0.442,0.209,0.891,0.002,0.514,0.378,0.234,-0.513,-0.213,0.713,0.2,-0.475,0.87,0.449,0.489,0.05,0.198,0.824,0.063,0.779,0.6,0.558,0.466,0.704,0.684,0.77,0.649,0.232,0.475,0.234,0.86,-0.524,0.815,0.737,0.683,0.24,0.668,0.668,0.814,-0.462,0.646,-0.685,-0.305,-0.59,0.744,0.646,0.411,0.17,-0.444,-0.215,0.796,0.225,0.62,-0.79,0.582,-0.382,-0.396,0.414,0.665,-0.055,0.534,0.759,-0.735,0.362,0.561,0.692,-0.24,-0.133,0.113,0.44,0.257,0.161,-0.157,0.098,0.668,0.782,-0.162,0.765,0.485,0.596,-0.213,0.699,0.384,0.159,0.424,-0.578,-0.106,-0.464,0.687,0.386,-0.418,0.062,-0.097,0.738,0.848,0.366,0.083,0.24,-0.035,0.379,0.343,0.493,-0.376,-0.268,-0.429,0.265,0.03,0.818,-0.621,0.677,0.264,0.644,0.759,0.493,0.543,0.744,-0.309,-0.345
BTAI,-0.262,-0.224,-0.091,-0.226,-0.144,-0.119,-0.123,-0.105,0.119,0.158,0.316,-0.245,0.271,-0.136,-0.14,-0.101,-0.131,-0.15,-0.062,-0.109,-0.06,-0.049,-0.008,0.025,-0.107,0.0,-0.079,-0.126,-0.164,-0.229,-0.017,-0.045,0.016,-0.029,-0.292,-0.068,-0.284,-0.02,-0.147,0.135,0.184,-0.056,0.172,0.272,-0.14,-0.236,-0.171,0.049,0.048,0.057,-0.255,-0.14,0.131,0.605,0.084,-0.181,-0.031,-0.117,-0.066,0.114,0.042,-0.604,-0.41,0.06,-0.052,-0.21,-0.119,-0.126,0.019,-0.038,-0.227,-0.09,-0.146,-0.078,-0.297,-0.146,0.013,-0.085,-0.129,0.233,0.206,-0.405,0.016,0.183,0.051,-0.229,-0.077,-0.267,-0.234,0.181,-0.159,-0.137,-0.124,-0.105,0.238,-0.114,-0.295,0.023,-0.107,-0.237,0.056,0.173,-0.194,-0.008,-0.084,0.205,0.211,-0.161,-0.094,0.164,0.009,-0.216,-0.091,0.545,-0.268,-0.236,0.113,-0.003,-0.176,-0.217,-0.068,-0.276,-0.047,0.031,-0.03,0.049,-0.197,-0.068,0.139,0.071,0.088,-0.421,-0.131,-0.118,0.271,0.278,-0.312,0.009,-0.308,-0.092,-0.067,-0.068,-0.235,-0.387,0.162,-0.111,-0.034,-0.095,0.122,-0.192,-0.024,-0.012,0.051,0.105,-0.191,0.254,-0.071,-0.215,-0.507,-0.063,-0.062,0.053,0.175,-0.014,0.158,-0.529,0.043,0.235,-0.064,-0.037,0.024,-0.026,0.137,-0.036,0.336,0.036,-0.08,-0.072,-0.265,0.192,-0.363,-0.413,-0.01,0.007,-0.072,0.011,-0.187,-0.116,0.035,0.102,0.226,0.027,0.009,-0.053,-0.101,-0.113,-0.058,0.06,0.194,0.485
BYND,0.598,0.648,0.306,-0.599,0.796,0.724,0.614,-0.224,0.592,0.491,-0.109,0.748,-0.541,0.251,0.195,0.004,-0.763,-0.079,0.399,0.747,0.069,-0.509,0.319,0.095,0.44,-0.079,0.0,0.393,-0.419,0.528,0.78,0.631,0.541,-0.201,0.305,-0.089,0.129,0.463,0.485,0.348,-0.501,0.68,0.543,0.451,0.443,-0.398,0.667,-0.144,0.098,0.903,-0.303,0.077,0.637,-0.454,0.007,0.556,-0.108,-0.066,-0.569,-0.575,0.592,0.298,0.033,-0.523,-0.421,0.245,0.685,0.556,0.387,0.515,0.222,-0.502,0.101,0.624,-0.263,0.251,0.275,0.084,0.681,-0.42,0.663,-0.443,-0.651,0.005,0.187,-0.096,0.591,-0.047,-0.427,-0.594,-0.41,0.805,0.355,-0.385,0.461,0.212,-0.178,-0.129,-0.465,0.766,0.077,0.295,0.793,0.535,0.017,0.666,0.239,0.396,0.71,0.26,0.715,-0.351,0.601,-0.46,0.508,0.601,0.587,0.151,0.317,0.581,0.443,-0.522,0.68,-0.631,-0.255,-0.6,0.225,0.556,0.691,0.138,-0.77,-0.436,0.748,0.452,0.568,-0.269,0.311,-0.629,-0.486,0.773,0.395,-0.488,0.746,0.327,-0.444,0.277,0.287,0.276,-0.483,-0.263,-0.006,0.765,0.526,-0.323,-0.743,0.176,0.436,0.539,-0.536,0.538,0.752,0.636,0.327,0.654,0.52,-0.055,0.528,-0.07,-0.351,-0.277,0.724,0.651,-0.519,-0.141,0.429,0.698,0.481,0.592,-0.291,0.589,-0.446,0.116,0.742,0.545,-0.223,-0.002,-0.38,0.49,-0.19,0.487,-0.505,0.695,0.638,0.608,0.381,0.041,0.561,0.56,-0.446,0.085
CAN,0.816,0.664,0.348,-0.722,0.471,0.758,0.797,-0.308,0.073,0.84,0.105,0.516,-0.808,0.553,0.302,0.583,-0.623,-0.075,0.554,0.569,0.391,-0.201,0.46,0.012,0.959,-0.126,0.393,0.0,0.188,0.633,0.444,0.795,0.581,-0.116,0.868,-0.323,0.842,0.328,0.386,0.864,-0.724,0.824,0.663,0.088,0.767,-0.413,0.361,-0.515,-0.557,0.413,0.057,0.48,0.113,-0.753,-0.28,0.898,0.117,0.333,-0.01,-0.738,0.764,0.578,0.511,-0.458,-0.808,0.417,0.802,0.951,0.339,0.93,0.777,-0.603,0.809,0.77,0.002,0.648,0.281,0.812,0.343,-0.276,0.663,-0.308,-0.394,0.083,0.883,0.072,0.534,0.443,0.258,-0.424,-0.148,0.648,0.067,-0.522,0.869,0.394,0.453,-0.102,0.263,0.762,0.111,0.77,0.518,0.576,0.572,0.675,0.726,0.669,0.621,0.177,0.358,0.289,0.859,-0.495,0.803,0.691,0.72,0.326,0.586,0.667,0.795,-0.517,0.686,-0.66,-0.28,-0.547,0.772,0.675,0.322,0.255,-0.366,-0.233,0.762,0.116,0.657,-0.777,0.636,-0.331,-0.439,0.354,0.702,-0.091,0.46,0.766,-0.73,0.23,0.519,0.782,-0.283,-0.204,0.214,0.384,0.302,0.235,-0.062,0.077,0.712,0.735,-0.166,0.796,0.428,0.499,-0.185,0.699,0.243,0.051,0.355,-0.649,-0.015,-0.437,0.688,0.375,-0.462,0.12,-0.115,0.695,0.79,0.364,0.015,0.277,-0.099,0.364,0.302,0.549,-0.286,-0.275,-0.377,0.299,0.098,0.845,-0.63,0.662,0.154,0.679,0.723,0.515,0.531,0.776,-0.39,-0.384
CCEC,-0.039,-0.26,0.013,0.191,-0.418,-0.227,-0.079,0.156,-0.477,0.041,0.269,-0.325,-0.051,0.194,-0.042,0.362,0.315,0.031,0.091,-0.154,0.393,0.378,-0.192,-0.263,0.062,-0.164,-0.419,0.188,0.0,0.038,-0.454,-0.124,-0.023,0.048,0.278,0.017,0.46,-0.432,-0.356,0.148,-0.032,-0.134,-0.113,-0.359,0.191,0.065,-0.488,-0.248,-0.463,-0.401,0.165,0.144,-0.707,-0.118,-0.111,-0.011,0.358,0.567,0.569,0.055,-0.094,0.065,0.384,0.277,-0.02,0.136,-0.117,-0.025,-0.032,0.083,0.208,0.115,0.296,-0.093,0.453,0.296,0.02,0.294,-0.509,0.134,-0.169,0.41,0.477,0.014,0.26,0.154,-0.135,0.507,0.511,0.353,0.499,-0.304,-0.297,-0.005,0.014,0.186,0.378,-0.119,0.674,-0.291,-0.185,0.099,-0.337,-0.349,0.387,-0.35,0.14,0.06,-0.363,-0.125,-0.509,0.696,0.009,0.051,0.122,-0.118,-0.108,0.197,0.006,-0.123,0.197,0.34,-0.167,0.15,-0.126,0.078,0.369,-0.028,-0.553,0.135,0.638,0.472,-0.237,-0.272,-0.09,-0.19,-0.005,0.286,0.265,-0.558,-0.034,0.359,-0.34,0.395,0.096,-0.147,0.07,0.211,0.035,0.257,0.187,-0.548,-0.219,0.666,0.787,-0.209,0.068,-0.026,0.515,0.06,-0.525,-0.372,-0.366,-0.183,-0.374,0.142,-0.405,-0.404,0.373,-0.044,-0.194,-0.289,0.186,0.512,-0.329,-0.2,-0.063,-0.158,0.327,-0.402,0.267,0.195,-0.519,-0.144,0.146,-0.455,0.146,-0.11,0.437,0.036,0.184,-0.298,-0.424,-0.049,0.15,0.231,-0.118,-0.119,-0.021,-0.569
CDW,0.857,0.598,0.462,-0.586,0.487,0.845,0.861,-0.231,0.379,0.631,-0.311,0.766,-0.885,0.797,0.015,0.559,-0.556,0.155,0.591,0.796,0.05,-0.431,0.587,0.163,0.673,-0.229,0.528,0.633,0.038,0.0,0.588,0.875,0.655,-0.117,0.692,-0.444,0.412,0.282,0.478,0.699,-0.897,0.81,0.602,0.458,0.708,-0.331,0.517,-0.701,-0.109,0.652,-0.271,-0.045,0.368,-0.646,-0.431,0.732,-0.28,0.098,-0.398,-0.763,0.802,0.448,0.602,-0.658,-0.669,0.454,0.751,0.72,0.2,0.552,0.41,-0.71,0.661,0.823,-0.161,0.632,0.736,0.65,0.506,-0.772,0.637,-0.491,-0.665,0.423,0.465,-0.283,0.701,0.268,-0.204,-0.763,-0.481,0.85,0.271,-0.568,0.59,0.785,0.377,0.102,-0.16,0.738,-0.355,0.609,0.842,0.265,0.208,0.587,0.198,0.774,0.506,0.449,0.71,0.026,0.828,-0.739,0.865,0.899,0.603,0.022,0.398,0.828,0.787,-0.203,0.671,-0.88,-0.767,-0.628,0.714,0.52,0.51,-0.117,-0.445,-0.153,0.825,0.37,0.491,-0.723,0.394,-0.622,-0.295,0.566,0.242,-0.373,0.843,0.803,-0.737,0.626,0.851,0.409,-0.681,-0.208,-0.424,0.607,0.109,0.077,-0.222,-0.116,0.294,0.943,-0.199,0.342,0.605,0.788,-0.137,0.75,0.589,0.156,0.493,-0.599,-0.56,-0.694,0.594,0.631,-0.538,-0.175,0.26,0.708,0.727,0.708,-0.092,0.316,-0.249,0.162,0.481,0.374,-0.601,-0.616,-0.684,0.519,-0.331,0.547,-0.59,0.795,0.657,0.458,0.877,0.087,0.465,0.671,-0.626,-0.451
