,ABEO,ACHC,AGNCN,AKAM,AKRO,ALRM,AMAT,AMED,AMRN,ANGI,APA,APOG,APPS,ARCB,ARCC,ARVN,ATEC,ATXS,AVAV,AXON,BANF,BATRK,BIDU,BLNE,BLNK,BTAI,BYND,CAN,CCEC,CDW,CDXS,CELH,CGNX,CHKP,CHRS,CHRW,CIGI,CKPT,CMPR,COGT,CRNC,CRSP,CSTL,CTSH,CVGW,DGLY,DNLI,DOCU,DVAX,EBAY,EHTH,ERII,ESLT,EXPE,EXPO,FBIOP,FFBC,FFIN,FOXF,FWRD,GDS,GERN,GPRE,GRWG,GRYP,HEES,HELE,HIVE,HON,HRTX,HSTM,HURA,IART,IBKR,IBOC,IBRX,IDXX,INGN,INM,INVA,IQ,IRBT,KDP,KPTI,KTOS,KXIN,LAMR,LFUS,LGIH,LGMK,LKFN,LNW,LOPE,LPSN,LYFT,MGNX,MLCO,MNST,MODV,MSTR,MTCH,MYGN,MYRG,NCMI,NEXT,NFLX,NIU,NKTR,NRC,NTNX,NTRA,NVEE,NVMI,NWL,NWS,NXPI,OCGN,OCSL,OKTA,OLLI,OTLK,OXLC,PAA,PARA,PARAA,PDCO,PDFS,PFG,PGEN,PNFP,PODD,POWI,PSMT,PTC,PTEN,PVLA,RDNT,RDUS,RDWR,REGN,RNAC,ROCK,ROST,RRR,RSLS,RVMD,RYAAY,SAFT,SAGE,SAVA,SBGI,SFM,SFNC,SHYF,SIBN,SIFY,SIGI,SIMO,SITM,SLM,SNBR,SNDX,SNY,SPNS,SRRK,STRA,SUPN,SYRE,TCBK,TEAM,TECH,THRM,TLRY,TRMK,TROW,TSLA,TWST,TXN,UFPI,UNIT,UPWK,USLM,UTHR,VERB,VLY,VRNA,VRRM,VXRT,WAFD,WATT,WBA,WING,WIX,WTFC,WTW,XPEL,XRX,YMAB,ZG,ZLAB
ABEO,0.0,-0.85,0.386,0.649,0.712,-0.389,0.709,-0.73,0.366,-0.262,0.549,0.659,-0.016,0.029,0.847,-0.436,-0.531,0.142,0.858,0.796,-0.428,-0.706,0.884,-0.462,-0.102,-0.342,0.429,0.038,0.824,0.171,0.515,-0.762,0.664,0.151,-0.546,0.799,0.68,-0.288,-0.38,0.162,0.224,-0.369,-0.657,0.092,0.117,-0.773,-0.006,0.885,0.207,0.598,0.517,0.623,0.607,0.773,0.779,-0.735,-0.545,-0.145,0.4,0.148,0.863,-0.131,0.369,0.204,0.676,0.754,0.662,0.331,0.319,0.78,0.385,0.495,-0.169,0.84,-0.669,0.156,-0.278,-0.878,-0.741,-0.206,0.884,0.771,-0.061,0.533,0.808,0.782,0.527,0.587,0.238,-0.697,-0.436,-0.759,-0.006,0.683,0.514,-0.141,0.889,0.249,-0.218,0.834,0.809,-0.311,0.624,-0.071,-0.051,0.568,0.877,0.27,-0.206,-0.103,0.334,0.477,0.438,0.094,0.251,0.482,-0.818,0.697,-0.078,-0.017,-0.669,-0.112,-0.06,0.399,0.087,-0.221,0.668,0.652,-0.625,0.109,0.13,0.786,0.582,0.581,-0.075,-0.445,0.454,0.663,0.761,-0.804,0.619,0.353,-0.583,0.35,-0.848,0.677,-0.009,-0.603,-0.76,-0.169,0.82,0.779,0.345,-0.278,-0.756,-0.787,0.528,0.604,0.744,0.663,0.168,0.546,-0.533,0.637,-0.552,-0.703,-0.086,-0.217,-0.554,-0.056,0.453,-0.515,-0.387,-0.369,0.415,0.71,-0.09,0.442,0.576,0.657,0.456,0.639,0.669,-0.556,0.367,0.165,0.177,-0.733,-0.731,-0.764,-0.341,0.461,0.321,0.058,0.392,-0.374,0.362,-0.054,0.418,0.855
ACHC,-0.85,0.0,-0.533,-0.522,-0.574,0.575,-0.611,0.814,-0.489,0.496,-0.458,-0.622,-0.168,0.19,-0.734,0.377,0.572,0.082,-0.738,-0.686,0.616,0.799,-0.902,0.313,-0.019,0.292,-0.42,-0.107,-0.826,-0.022,-0.467,0.749,-0.547,0.032,0.387,-0.677,-0.513,0.376,0.574,0.004,-0.38,0.421,0.723,-0.278,-0.092,0.696,0.154,-0.838,-0.175,-0.545,-0.533,-0.449,-0.724,-0.64,-0.647,0.58,0.688,0.366,-0.142,0.039,-0.726,0.313,-0.309,-0.195,-0.694,-0.599,-0.622,-0.213,-0.266,-0.666,-0.4,-0.61,0.134,-0.762,0.739,-0.273,0.36,0.841,0.645,0.003,-0.924,-0.802,0.217,-0.663,-0.733,-0.865,-0.316,-0.412,-0.108,0.689,0.596,0.768,0.178,-0.838,-0.324,-0.049,-0.896,-0.124,0.05,-0.793,-0.724,0.326,-0.543,0.113,0.114,-0.386,-0.924,-0.312,0.248,0.256,-0.323,-0.398,-0.301,-0.233,-0.103,-0.457,0.724,-0.821,0.344,0.219,0.554,-0.003,0.308,-0.375,0.084,0.309,-0.598,-0.481,0.629,0.13,0.076,-0.736,-0.495,-0.484,0.233,0.536,-0.237,-0.572,-0.651,0.779,-0.666,-0.219,0.712,-0.458,0.741,-0.534,0.217,0.536,0.754,0.358,-0.748,-0.671,-0.139,0.396,0.773,0.565,-0.501,-0.752,-0.626,-0.541,-0.113,-0.639,0.576,-0.547,0.7,0.744,-0.029,0.398,0.672,0.138,-0.28,0.641,0.277,0.506,-0.254,-0.554,0.186,-0.325,-0.405,-0.768,-0.271,-0.432,-0.47,0.642,-0.19,-0.135,0.032,0.561,0.692,0.543,0.105,-0.259,-0.184,0.129,-0.515,0.265,-0.377,0.048,-0.204,-0.943
AGNCN,0.386,-0.533,0.0,-0.018,0.025,-0.594,0.001,-0.703,0.492,-0.486,0.331,0.162,-0.102,-0.491,0.194,0.086,-0.435,-0.099,0.235,0.224,-0.531,-0.494,0.376,-0.03,0.156,0.034,-0.258,0.078,0.276,-0.363,0.042,-0.32,-0.018,-0.428,0.082,0.006,0.094,-0.189,-0.632,-0.325,0.363,-0.285,-0.148,0.108,0.159,-0.156,-0.182,0.215,0.479,0.222,0.129,-0.024,0.561,-0.01,0.092,-0.116,-0.542,-0.429,-0.3,-0.311,0.161,-0.3,-0.161,0.073,0.166,0.096,0.179,-0.353,-0.171,0.207,0.451,0.271,-0.367,0.223,-0.447,-0.16,-0.423,-0.241,-0.099,0.523,0.39,0.308,-0.503,0.742,0.375,0.555,-0.169,-0.161,-0.068,-0.626,-0.434,-0.185,-0.358,0.264,-0.259,0.623,0.347,-0.378,0.178,0.166,0.045,0.036,0.19,-0.553,-0.263,-0.108,0.519,0.664,-0.419,-0.6,0.365,-0.06,-0.261,0.281,-0.379,-0.167,-0.124,0.379,-0.538,-0.393,-0.152,0.283,-0.357,-0.092,-0.089,-0.4,-0.055,-0.056,-0.027,-0.451,-0.264,0.129,0.13,-0.065,-0.026,-0.134,-0.171,0.0,0.157,-0.142,0.407,0.06,-0.566,0.057,-0.143,0.208,-0.644,-0.488,-0.295,-0.46,0.206,0.153,-0.17,-0.343,-0.169,-0.107,0.189,0.319,0.039,0.015,-0.017,0.598,-0.417,-0.002,-0.674,-0.414,0.281,-0.356,-0.454,-0.087,-0.082,-0.598,-0.159,-0.345,-0.199,-0.092,-0.268,-0.324,-0.043,0.277,-0.163,-0.098,-0.211,-0.236,-0.105,0.32,-0.268,0.13,-0.268,-0.071,0.241,-0.086,-0.526,-0.404,0.435,-0.051,0.199,0.283,-0.18,0.585
AKAM,0.649,-0.522,-0.018,0.0,0.865,-0.04,0.885,-0.481,0.008,0.306,0.427,0.738,0.203,0.582,0.896,-0.396,-0.223,0.317,0.683,0.877,0.023,-0.355,0.721,-0.836,0.21,-0.011,0.713,0.339,0.695,0.669,0.707,-0.471,0.862,0.693,-0.833,0.795,0.891,0.172,-0.088,0.358,-0.146,0.131,-0.375,0.241,0.474,-0.811,0.56,0.787,0.124,0.842,0.693,0.898,0.114,0.919,0.922,-0.777,-0.149,0.396,0.837,0.702,0.781,0.184,0.655,0.494,0.818,0.845,0.87,0.776,0.705,0.798,0.425,0.309,-0.051,0.87,-0.262,0.163,0.317,-0.809,-0.803,-0.185,0.673,0.799,0.424,0.205,0.767,0.453,0.928,0.829,0.638,-0.426,0.023,-0.607,0.613,0.494,0.832,-0.522,0.74,0.642,-0.738,0.871,0.724,-0.086,0.875,0.498,0.483,0.903,0.632,0.115,0.225,0.039,0.557,0.753,0.464,0.281,0.543,0.743,-0.845,0.622,0.528,0.584,-0.916,-0.603,0.476,0.73,0.122,0.373,0.859,0.91,-0.405,0.573,0.686,0.857,0.837,0.899,0.057,-0.603,0.875,0.892,0.836,-0.714,0.543,0.673,-0.108,0.307,-0.712,0.759,0.255,-0.27,-0.417,0.25,0.862,0.876,0.724,0.346,-0.599,-0.694,0.716,0.336,0.905,0.886,0.583,0.084,-0.442,0.843,-0.263,-0.284,-0.532,0.014,-0.156,-0.143,0.72,0.086,0.073,0.082,0.819,0.872,0.507,0.64,0.89,0.727,0.822,0.9,0.74,-0.65,0.733,0.329,0.624,-0.668,-0.477,-0.825,-0.263,0.842,0.681,0.47,0.148,0.045,0.543,-0.233,0.818,0.593
AKRO,0.712,-0.574,0.025,0.865,0.0,-0.115,0.895,-0.427,0.166,0.237,0.411,0.689,0.31,0.54,0.875,-0.36,-0.181,0.338,0.682,0.813,-0.033,-0.359,0.772,-0.743,0.001,-0.069,0.724,0.382,0.785,0.618,0.748,-0.484,0.892,0.524,-0.791,0.848,0.93,0.111,0.005,0.431,-0.065,0.109,-0.523,0.176,0.313,-0.814,0.468,0.83,0.222,0.72,0.737,0.865,0.17,0.935,0.907,-0.721,-0.129,0.343,0.804,0.607,0.836,0.164,0.671,0.418,0.832,0.88,0.835,0.671,0.6,0.87,0.493,0.44,-0.066,0.864,-0.286,0.262,0.259,-0.84,-0.787,-0.235,0.734,0.759,0.4,0.215,0.805,0.446,0.83,0.901,0.638,-0.459,-0.014,-0.643,0.484,0.566,0.777,-0.53,0.796,0.666,-0.59,0.876,0.809,-0.02,0.82,0.46,0.367,0.813,0.67,0.067,0.233,-0.093,0.479,0.766,0.45,0.276,0.603,0.794,-0.869,0.687,0.368,0.352,-0.828,-0.513,0.287,0.778,0.192,0.291,0.884,0.895,-0.402,0.551,0.569,0.895,0.798,0.867,-0.035,-0.61,0.775,0.928,0.849,-0.715,0.453,0.663,-0.178,0.429,-0.801,0.762,0.361,-0.226,-0.426,0.219,0.869,0.844,0.719,0.273,-0.633,-0.72,0.736,0.399,0.895,0.876,0.545,0.275,-0.352,0.819,-0.296,-0.307,-0.331,-0.043,-0.164,-0.23,0.78,0.049,0.012,0.036,0.791,0.842,0.367,0.726,0.874,0.67,0.788,0.885,0.768,-0.662,0.728,0.049,0.544,-0.708,-0.489,-0.838,-0.29,0.779,0.728,0.48,0.326,-0.019,0.592,-0.143,0.794,0.648
ALRM,-0.389,0.575,-0.594,-0.04,-0.115,0.0,-0.204,0.623,-0.249,0.607,-0.302,-0.331,0.188,0.442,-0.183,0.247,0.458,0.353,-0.265,-0.364,0.653,0.655,-0.514,0.082,-0.175,0.28,-0.048,-0.056,-0.526,0.324,-0.131,0.546,0.049,0.383,0.093,-0.167,-0.145,0.239,0.671,0.341,-0.026,0.347,0.371,-0.148,-0.128,0.384,0.224,-0.382,-0.144,-0.37,-0.345,-0.091,-0.574,-0.143,-0.218,0.234,0.708,0.504,0.296,0.203,-0.246,0.388,0.057,-0.081,-0.237,-0.207,-0.178,0.103,0.071,-0.273,-0.43,-0.5,0.515,-0.401,0.6,0.135,0.488,0.415,0.265,-0.278,-0.5,-0.444,0.625,-0.717,-0.473,-0.687,0.113,0.132,0.131,0.607,0.576,0.403,0.35,-0.278,-0.033,-0.396,-0.473,0.329,-0.12,-0.263,-0.21,0.14,-0.219,0.423,0.087,-0.122,-0.651,-0.413,0.508,0.423,-0.356,-0.053,0.151,-0.043,0.325,-0.01,0.317,-0.334,0.576,0.261,0.267,-0.331,0.269,-0.013,0.223,0.55,-0.052,-0.037,0.327,0.519,0.168,-0.278,-0.094,-0.026,0.131,0.424,0.089,-0.189,-0.339,0.407,-0.621,-0.022,0.655,-0.234,0.288,-0.317,0.472,0.471,0.574,0.195,-0.369,-0.364,0.143,0.411,0.351,0.084,-0.246,-0.52,-0.217,-0.081,0.02,-0.341,0.734,-0.017,0.761,0.66,-0.087,0.612,0.629,0.137,0.192,0.658,0.168,0.492,0.093,-0.022,0.221,0.158,-0.031,-0.237,0.083,0.02,0.07,0.518,0.108,-0.227,0.433,0.117,0.478,0.172,0.106,-0.045,0.273,0.419,-0.357,0.22,-0.105,-0.233,0.095,-0.594
AMAT,0.709,-0.611,0.001,0.885,0.895,-0.204,0.0,-0.459,0.064,0.157,0.27,0.745,0.301,0.515,0.86,-0.428,-0.289,0.169,0.691,0.835,-0.06,-0.413,0.821,-0.789,0.174,-0.174,0.863,0.373,0.805,0.674,0.759,-0.523,0.899,0.556,-0.76,0.837,0.87,0.072,-0.199,0.361,-0.081,0.072,-0.535,0.25,0.466,-0.839,0.43,0.857,0.087,0.774,0.707,0.89,0.174,0.933,0.936,-0.802,-0.219,0.295,0.73,0.607,0.809,0.147,0.595,0.48,0.864,0.849,0.81,0.833,0.743,0.832,0.367,0.535,-0.109,0.867,-0.348,0.361,0.281,-0.853,-0.756,-0.243,0.776,0.871,0.317,0.201,0.773,0.487,0.819,0.861,0.559,-0.367,-0.084,-0.669,0.476,0.634,0.876,-0.498,0.842,0.624,-0.629,0.935,0.814,-0.166,0.863,0.452,0.313,0.855,0.688,0.046,0.226,0.014,0.507,0.844,0.637,0.236,0.53,0.884,-0.858,0.611,0.387,0.45,-0.868,-0.494,0.225,0.75,0.007,0.28,0.951,0.891,-0.492,0.45,0.587,0.952,0.774,0.91,-0.179,-0.709,0.786,0.944,0.832,-0.773,0.581,0.623,-0.158,0.388,-0.803,0.734,0.375,-0.359,-0.495,0.307,0.86,0.86,0.669,0.197,-0.691,-0.716,0.662,0.548,0.96,0.882,0.511,0.121,-0.467,0.894,-0.266,-0.371,-0.515,-0.044,-0.243,-0.135,0.733,0.008,0.053,-0.054,0.811,0.912,0.478,0.797,0.847,0.724,0.742,0.892,0.787,-0.719,0.669,0.156,0.546,-0.747,-0.556,-0.823,-0.321,0.802,0.755,0.406,0.191,-0.015,0.518,-0.239,0.775,0.685
AMED,-0.73,0.814,-0.703,-0.481,-0.427,0.623,-0.459,0.0,-0.384,0.43,-0.444,-0.494,0.083,0.281,-0.603,0.384,0.668,0.138,-0.717,-0.65,0.649,0.815,-0.786,0.385,-0.119,0.188,-0.199,-0.012,-0.69,0.133,-0.282,0.685,-0.373,0.048,0.328,-0.506,-0.501,0.275,0.67,0.275,-0.323,0.407,0.478,-0.244,-0.311,0.592,0.049,-0.665,-0.255,-0.628,-0.389,-0.388,-0.72,-0.452,-0.53,0.567,0.775,0.37,-0.065,0.026,-0.587,0.379,-0.101,-0.158,-0.588,-0.461,-0.539,-0.079,-0.247,-0.502,-0.435,-0.362,0.265,-0.649,0.741,-0.058,0.37,0.675,0.564,-0.177,-0.761,-0.71,0.26,-0.687,-0.713,-0.777,-0.285,-0.203,-0.092,0.752,0.586,0.629,0.044,-0.539,-0.234,-0.241,-0.769,0.059,0.149,-0.633,-0.446,0.269,-0.527,0.304,0.086,-0.352,-0.834,-0.524,0.275,0.376,-0.487,-0.265,-0.102,-0.32,0.152,-0.2,0.614,-0.65,0.263,0.062,0.607,-0.0,0.164,-0.23,0.114,0.326,-0.41,-0.364,0.461,0.262,-0.048,-0.57,-0.443,-0.32,0.141,0.434,-0.268,-0.427,-0.547,0.626,-0.631,-0.217,0.673,-0.189,0.527,-0.436,0.489,0.633,0.691,0.399,-0.613,-0.63,-0.054,0.31,0.632,0.441,-0.44,-0.592,-0.477,-0.425,-0.121,-0.571,0.684,-0.406,0.78,0.68,0.135,0.484,0.702,0.069,-0.181,0.658,0.305,0.509,-0.125,-0.422,0.107,-0.021,-0.327,-0.666,-0.169,-0.327,-0.238,0.621,-0.121,-0.394,-0.048,0.35,0.695,0.458,0.071,-0.303,0.103,0.326,-0.483,0.245,-0.238,0.057,-0.143,-0.854
AMRN,0.366,-0.489,0.492,0.008,0.166,-0.249,0.064,-0.384,0.0,-0.331,0.188,0.179,0.447,-0.174,0.26,0.117,-0.018,-0.114,0.162,0.126,-0.269,-0.343,0.348,0.037,-0.001,0.228,-0.075,0.233,0.251,-0.107,0.203,-0.136,0.208,-0.381,-0.058,0.229,0.134,-0.121,-0.138,-0.084,0.613,-0.033,-0.309,0.096,-0.129,-0.192,-0.127,0.257,0.384,0.128,0.24,0.058,0.44,0.138,0.175,0.058,-0.139,-0.202,-0.079,-0.204,0.174,0.04,0.261,0.292,0.348,0.207,0.296,-0.281,0.008,0.184,0.307,0.339,0.239,0.194,-0.173,0.131,-0.121,-0.257,-0.036,0.287,0.404,0.296,-0.056,0.483,0.208,0.311,-0.064,0.161,0.162,-0.313,-0.167,-0.244,-0.249,0.511,-0.167,0.245,0.357,0.069,0.174,0.243,0.318,0.246,0.119,0.019,-0.292,-0.044,0.361,0.453,0.122,-0.595,0.173,0.19,-0.062,0.417,0.14,0.127,-0.179,0.55,-0.37,-0.486,-0.066,0.092,-0.418,0.225,0.019,-0.011,0.172,0.071,0.005,-0.097,-0.299,0.253,0.291,0.116,-0.243,-0.225,-0.117,0.162,0.178,-0.123,0.076,0.097,-0.349,0.286,-0.241,0.222,-0.194,-0.075,-0.116,-0.115,0.229,0.139,0.018,-0.12,-0.207,-0.228,0.398,0.316,0.083,0.219,0.19,0.712,0.092,0.247,-0.467,-0.104,0.369,-0.176,-0.144,-0.256,0.214,-0.263,0.083,-0.141,0.007,0.089,-0.228,0.014,0.07,0.409,0.04,0.083,0.037,-0.263,0.085,-0.147,-0.102,0.019,-0.08,-0.089,0.438,-0.137,-0.07,-0.004,0.668,0.156,0.39,0.161,-0.057,0.494
ANGI,-0.262,0.496,-0.486,0.306,0.237,0.607,0.157,0.43,-0.331,0.0,0.028,0.099,0.154,0.825,0.095,0.337,0.64,0.614,-0.271,0.1,0.843,0.701,-0.319,-0.467,0.294,0.464,0.14,0.468,-0.273,0.724,0.411,0.563,0.334,0.516,-0.393,-0.05,0.255,0.814,0.551,0.365,-0.55,0.792,0.552,-0.285,0.408,-0.045,0.813,-0.198,0.269,0.154,0.175,0.395,-0.794,0.19,0.178,-0.097,0.755,0.922,0.678,0.746,-0.049,0.674,0.467,0.451,0.026,0.273,0.272,0.393,0.23,0.193,0.167,-0.304,0.029,0.002,0.728,-0.206,0.802,0.137,0.072,-0.005,-0.367,-0.14,0.601,-0.451,0.009,-0.481,0.548,0.443,0.697,0.245,0.874,0.451,0.67,-0.385,0.367,-0.456,-0.288,0.513,-0.654,-0.049,-0.097,0.55,0.351,0.587,0.527,0.341,-0.402,-0.02,0.486,0.097,0.309,0.321,0.025,0.158,0.485,0.289,0.026,-0.189,0.89,0.672,-0.259,-0.742,0.711,0.327,0.419,0.798,0.18,0.409,0.493,0.838,0.704,0.024,0.363,0.401,0.469,-0.037,0.561,0.233,0.104,0.327,-0.191,0.629,0.632,-0.126,0.146,0.22,0.446,0.343,0.568,0.623,0.033,0.05,0.683,0.863,0.411,-0.145,0.214,-0.615,0.235,0.364,0.596,-0.567,0.293,0.236,0.511,0.638,-0.331,0.653,0.773,-0.072,0.538,0.874,0.543,0.845,0.603,0.153,0.747,0.309,0.494,-0.181,0.591,0.449,0.135,0.176,0.672,0.196,0.698,0.016,0.49,-0.237,0.087,0.548,0.409,0.751,-0.374,0.485,0.347,0.108,0.63,-0.356
APA,0.549,-0.458,0.331,0.427,0.411,-0.302,0.27,-0.444,0.188,0.028,0.0,0.578,-0.228,0.14,0.558,-0.038,-0.029,0.524,0.389,0.618,-0.07,-0.26,0.422,-0.317,0.115,0.026,-0.111,0.22,0.442,0.066,0.467,-0.31,0.302,-0.036,-0.531,0.349,0.364,0.182,-0.041,0.175,-0.228,-0.002,-0.132,-0.186,-0.001,-0.53,0.2,0.432,0.459,0.479,0.565,0.422,0.244,0.489,0.464,-0.382,-0.151,0.122,0.352,0.238,0.558,-0.079,0.492,0.319,0.263,0.64,0.553,-0.009,-0.181,0.574,0.739,0.242,-0.34,0.64,-0.162,-0.543,-0.179,-0.539,-0.491,0.087,0.429,0.332,-0.182,0.55,0.693,0.615,0.392,0.319,0.4,-0.796,0.024,-0.289,-0.068,0.122,0.238,-0.008,0.396,0.121,-0.153,0.343,0.462,0.23,0.454,-0.092,0.365,0.426,0.608,0.415,-0.438,-0.283,0.375,0.153,-0.229,-0.052,0.305,0.187,-0.516,0.54,-0.025,-0.001,-0.464,-0.172,0.412,0.226,0.419,-0.143,0.169,0.459,-0.128,0.292,0.158,0.387,0.441,0.365,0.69,-0.307,0.291,0.353,0.592,-0.391,0.53,0.513,-0.574,0.364,-0.447,0.629,-0.183,-0.19,-0.41,-0.141,0.613,0.543,0.46,0.076,-0.17,-0.482,0.535,-0.008,0.464,0.433,0.345,0.231,-0.436,0.162,-0.586,-0.433,0.314,-0.047,-0.109,-0.172,0.224,-0.249,-0.078,0.161,0.35,0.216,-0.074,0.145,0.479,0.205,0.51,0.39,0.213,-0.346,0.475,0.386,-0.009,-0.364,-0.135,-0.578,-0.068,0.374,-0.016,0.294,0.274,-0.091,0.494,0.417,0.373,0.471
APOG,0.659,-0.622,0.162,0.738,0.689,-0.331,0.745,-0.494,0.179,0.099,0.578,0.0,0.181,0.359,0.777,-0.104,-0.112,0.293,0.5,0.863,0.006,-0.328,0.676,-0.658,0.486,0.066,0.479,0.49,0.645,0.526,0.745,-0.407,0.667,0.4,-0.7,0.579,0.629,0.223,-0.251,0.377,-0.217,0.157,-0.279,0.234,0.437,-0.75,0.44,0.727,0.305,0.777,0.871,0.723,0.186,0.802,0.8,-0.618,-0.167,0.294,0.572,0.516,0.641,0.066,0.623,0.565,0.637,0.829,0.835,0.54,0.418,0.801,0.547,0.583,-0.312,0.859,-0.193,-0.057,0.157,-0.76,-0.697,0.12,0.651,0.758,-0.001,0.474,0.754,0.644,0.675,0.641,0.538,-0.64,0.026,-0.436,0.258,0.541,0.61,-0.172,0.691,0.416,-0.514,0.764,0.654,0.085,0.806,0.246,0.479,0.744,0.706,0.356,-0.13,-0.104,0.623,0.704,0.266,0.276,0.401,0.639,-0.663,0.64,0.203,0.364,-0.759,-0.368,0.316,0.625,0.174,0.179,0.652,0.8,-0.336,0.445,0.433,0.769,0.821,0.772,0.215,-0.726,0.611,0.743,0.758,-0.607,0.819,0.667,-0.312,0.508,-0.649,0.838,0.061,-0.237,-0.467,0.201,0.862,0.809,0.687,0.166,-0.383,-0.568,0.776,0.399,0.829,0.811,0.616,0.105,-0.57,0.686,-0.436,-0.406,-0.198,0.065,-0.112,-0.008,0.504,-0.1,0.154,0.155,0.697,0.625,0.383,0.498,0.74,0.572,0.751,0.714,0.501,-0.613,0.683,0.491,0.252,-0.532,-0.304,-0.713,-0.058,0.647,0.423,0.473,0.161,0.122,0.678,0.153,0.649,0.692
APPS,-0.016,-0.168,-0.102,0.203,0.31,0.188,0.301,0.083,0.447,0.154,-0.228,0.181,0.0,0.327,0.209,0.18,0.325,-0.129,-0.092,0.058,0.175,0.099,0.179,-0.156,0.215,0.431,0.431,0.559,0.11,0.441,0.4,0.21,0.448,0.135,-0.145,0.168,0.19,0.175,0.123,0.239,0.4,0.409,-0.139,0.398,0.118,-0.105,0.244,0.203,0.029,0.134,0.335,0.191,-0.071,0.255,0.208,0.108,0.309,0.246,0.227,0.175,0.009,0.334,0.495,0.44,0.467,0.168,0.377,0.25,0.468,0.165,0.037,0.36,0.453,0.105,0.257,0.54,0.472,-0.108,-0.048,0.201,0.207,0.266,0.366,-0.039,0.012,-0.066,0.171,0.427,0.38,0.235,0.223,-0.06,0.238,0.54,0.114,-0.153,0.218,0.45,-0.198,0.29,0.223,0.27,0.247,0.61,0.167,0.125,0.025,0.009,0.591,-0.233,0.192,0.54,0.249,0.645,0.424,0.567,-0.091,0.458,0.158,-0.015,-0.117,-0.307,-0.154,0.608,-0.024,0.566,0.439,0.225,0.142,0.316,0.068,0.353,0.422,0.422,-0.384,-0.365,0.171,0.362,0.13,0.001,-0.051,0.228,0.26,0.422,-0.096,0.166,0.256,0.334,0.257,0.326,0.157,0.071,0.286,0.329,-0.104,-0.041,0.395,0.291,0.237,0.38,0.438,0.198,0.3,0.472,0.031,0.387,-0.088,0.174,0.274,-0.155,0.413,0.369,0.543,0.24,0.339,0.225,0.34,0.42,0.237,0.493,0.276,0.245,0.147,-0.236,0.307,-0.246,0.241,0.047,0.186,0.027,0.54,0.056,0.464,0.378,0.311,0.574,0.558,-0.115,0.214,0.198
ARCB,0.029,0.19,-0.491,0.582,0.54,0.442,0.515,0.281,-0.174,0.825,0.14,0.359,0.327,0.0,0.414,0.077,0.471,0.539,0.026,0.363,0.746,0.432,0.063,-0.68,0.243,0.327,0.497,0.541,0.104,0.883,0.644,0.271,0.615,0.598,-0.658,0.375,0.55,0.671,0.509,0.535,-0.452,0.712,0.122,-0.191,0.406,-0.382,0.81,0.161,0.197,0.417,0.452,0.71,-0.608,0.557,0.55,-0.347,0.628,0.918,0.878,0.888,0.307,0.658,0.682,0.624,0.398,0.578,0.53,0.669,0.502,0.431,0.248,-0.004,0.121,0.339,0.51,0.028,0.841,-0.237,-0.244,-0.193,0.025,0.242,0.726,-0.377,0.266,-0.256,0.771,0.741,0.82,0.147,0.731,0.016,0.737,-0.048,0.699,-0.696,0.091,0.82,-0.741,0.331,0.353,0.415,0.559,0.82,0.572,0.657,-0.078,-0.099,0.602,0.032,0.348,0.658,0.262,0.095,0.781,0.625,-0.347,0.1,0.848,0.705,-0.528,-0.789,0.711,0.644,0.323,0.834,0.542,0.696,0.222,0.911,0.81,0.417,0.597,0.721,0.271,-0.333,0.743,0.616,0.424,-0.101,-0.02,0.747,0.467,0.097,-0.256,0.483,0.669,0.226,0.297,0.723,0.365,0.386,0.862,0.813,0.041,-0.436,0.489,-0.319,0.569,0.647,0.715,-0.403,0.19,0.57,0.335,0.403,-0.453,0.46,0.599,-0.218,0.78,0.791,0.531,0.683,0.867,0.543,0.782,0.652,0.765,0.148,0.802,0.747,0.479,-0.213,0.839,0.057,0.775,-0.318,0.224,-0.553,-0.044,0.742,0.733,0.875,-0.149,0.391,0.494,-0.085,0.866,-0.081
ARCC,0.847,-0.734,0.194,0.896,0.875,-0.183,0.86,-0.603,0.26,0.095,0.558,0.777,0.209,0.414,0.0,-0.361,-0.305,0.347,0.765,0.911,-0.121,-0.477,0.838,-0.716,0.109,-0.079,0.618,0.32,0.79,0.553,0.743,-0.58,0.864,0.444,-0.737,0.843,0.85,0.02,-0.204,0.337,0.054,-0.015,-0.533,0.144,0.332,-0.845,0.37,0.885,0.281,0.759,0.685,0.854,0.33,0.937,0.935,-0.78,-0.269,0.228,0.714,0.527,0.871,0.126,0.632,0.464,0.834,0.901,0.87,0.6,0.514,0.895,0.506,0.448,-0.065,0.924,-0.4,0.177,0.119,-0.904,-0.779,-0.151,0.824,0.851,0.242,0.398,0.859,0.656,0.815,0.818,0.57,-0.598,-0.113,-0.681,0.316,0.661,0.708,-0.354,0.852,0.562,-0.547,0.924,0.845,-0.113,0.838,0.308,0.261,0.778,0.795,0.226,0.047,-0.088,0.508,0.724,0.494,0.247,0.513,0.709,-0.88,0.783,0.266,0.293,-0.855,-0.443,0.233,0.674,0.152,0.19,0.842,0.879,-0.433,0.477,0.449,0.907,0.828,0.861,0.04,-0.601,0.745,0.868,0.863,-0.768,0.618,0.649,-0.326,0.424,-0.837,0.812,0.15,-0.399,-0.532,0.078,0.919,0.86,0.65,0.124,-0.664,-0.829,0.718,0.458,0.914,0.884,0.503,0.333,-0.447,0.832,-0.426,-0.46,-0.271,-0.007,-0.265,-0.128,0.721,-0.15,-0.069,-0.047,0.739,0.846,0.273,0.626,0.849,0.774,0.757,0.873,0.727,-0.635,0.681,0.269,0.474,-0.717,-0.545,-0.884,-0.209,0.715,0.566,0.395,0.276,-0.094,0.627,-0.097,0.722,0.772
ARVN,-0.436,0.377,0.086,-0.396,-0.36,0.247,-0.428,0.384,0.117,0.337,-0.038,-0.104,0.18,0.077,-0.361,0.0,0.609,0.344,-0.657,-0.358,0.545,0.657,-0.518,0.157,0.396,0.551,-0.454,0.444,-0.536,0.079,0.031,0.696,-0.231,-0.225,0.241,-0.584,-0.38,0.519,0.193,0.212,-0.181,0.559,0.635,-0.174,0.095,0.474,0.266,-0.556,0.493,-0.281,-0.044,-0.257,-0.472,-0.386,-0.366,0.475,0.563,0.346,-0.125,0.018,-0.499,0.408,0.042,0.249,-0.391,-0.205,-0.113,-0.326,-0.354,-0.159,0.111,-0.177,-0.027,-0.406,0.68,-0.257,0.35,0.48,0.527,0.591,-0.488,-0.39,-0.061,-0.038,-0.325,-0.323,-0.252,-0.203,0.171,0.158,0.563,0.704,-0.096,-0.331,-0.418,0.382,-0.517,-0.073,0.078,-0.456,-0.459,0.652,-0.134,-0.0,0.055,-0.348,-0.433,0.359,0.021,-0.282,0.127,-0.137,-0.434,0.214,-0.033,-0.239,0.579,-0.239,0.033,-0.066,0.352,-0.068,0.046,-0.123,0.384,0.306,-0.401,-0.23,0.713,0.188,-0.073,-0.416,-0.046,-0.204,0.372,0.156,-0.272,-0.348,-0.391,0.691,-0.147,0.172,0.346,-0.09,0.494,-0.056,-0.105,0.33,0.66,0.16,-0.346,-0.434,0.111,0.346,0.725,0.297,-0.065,-0.499,-0.326,-0.195,0.237,-0.14,0.419,-0.275,0.311,0.536,0.354,0.44,0.638,0.042,-0.013,0.394,0.521,0.596,-0.057,-0.505,0.199,-0.252,-0.166,-0.396,-0.046,-0.257,-0.505,0.451,0.111,0.2,-0.024,0.568,0.725,0.354,0.617,-0.206,-0.346,0.295,-0.147,0.529,0.258,0.517,-0.072,-0.306
ATEC,-0.531,0.572,-0.435,-0.223,-0.181,0.458,-0.289,0.668,-0.018,0.64,-0.029,-0.112,0.325,0.471,-0.305,0.609,0.0,0.351,-0.693,-0.331,0.746,0.795,-0.587,0.125,0.228,0.537,-0.245,0.449,-0.531,0.324,0.17,0.715,-0.095,-0.027,0.01,-0.419,-0.277,0.636,0.709,0.274,-0.315,0.708,0.58,-0.266,-0.1,0.355,0.384,-0.444,0.19,-0.289,0.035,-0.129,-0.713,-0.215,-0.274,0.467,0.847,0.61,0.184,0.254,-0.435,0.568,0.424,0.3,-0.297,-0.088,-0.071,-0.119,-0.208,-0.171,0.069,-0.179,0.197,-0.354,0.872,-0.267,0.529,0.468,0.434,0.21,-0.572,-0.474,0.193,-0.341,-0.373,-0.53,-0.037,0.062,0.369,0.362,0.823,0.655,0.142,-0.394,-0.145,-0.106,-0.568,0.155,-0.102,-0.447,-0.312,0.67,-0.135,0.408,0.359,-0.149,-0.579,-0.051,0.311,-0.031,-0.012,0.023,-0.275,0.152,0.323,0.035,0.428,-0.233,0.39,0.079,0.281,-0.323,0.376,0.045,0.336,0.559,-0.22,-0.085,0.662,0.522,0.113,-0.311,0.012,-0.031,0.423,0.154,-0.02,-0.176,-0.267,0.619,-0.349,0.266,0.525,0.095,0.402,-0.019,0.317,0.64,0.717,0.501,-0.304,-0.371,0.327,0.649,0.678,0.232,0.011,-0.612,-0.197,-0.049,0.348,-0.404,0.544,-0.183,0.417,0.726,0.222,0.577,0.862,-0.048,0.108,0.736,0.601,0.834,0.173,-0.348,0.326,0.058,0.009,-0.421,0.204,-0.062,-0.255,0.415,0.302,-0.094,0.08,0.353,0.794,0.243,0.42,-0.058,0.091,0.588,-0.27,0.586,0.334,0.419,0.139,-0.53
ATXS,0.142,0.082,-0.099,0.317,0.338,0.353,0.169,0.138,-0.114,0.614,0.524,0.293,-0.129,0.539,0.347,0.344,0.351,0.0,0.014,0.28,0.525,0.406,-0.034,-0.358,0.075,0.23,-0.052,0.349,0.009,0.471,0.459,0.187,0.359,0.278,-0.442,0.139,0.282,0.504,0.367,0.445,-0.493,0.419,0.247,-0.39,0.107,-0.198,0.528,0.037,0.551,0.158,0.298,0.416,-0.404,0.343,0.298,-0.244,0.456,0.626,0.598,0.53,0.312,0.337,0.425,0.277,0.019,0.477,0.371,0.171,-0.174,0.465,0.419,-0.102,-0.129,0.262,0.375,-0.379,0.363,-0.189,-0.106,-0.072,-0.034,0.004,0.279,-0.036,0.297,-0.014,0.491,0.441,0.553,-0.267,0.562,0.17,0.198,-0.208,0.269,-0.312,-0.029,0.395,-0.318,0.11,0.21,0.431,0.352,0.205,0.306,0.289,0.019,0.143,-0.041,-0.007,0.203,0.13,-0.08,-0.107,0.459,0.185,-0.193,0.119,0.46,0.285,-0.269,-0.478,0.519,0.157,0.653,0.344,0.149,0.469,0.244,0.71,0.4,0.153,0.346,0.367,0.707,-0.039,0.367,0.244,0.277,0.043,0.048,0.614,0.066,-0.018,-0.174,0.401,0.266,0.063,0.169,0.151,0.298,0.208,0.613,0.449,0.22,-0.424,0.265,-0.489,0.324,0.353,0.42,-0.203,0.142,0.163,0.189,0.106,0.138,0.502,0.475,-0.116,0.502,0.369,0.148,0.593,0.512,0.168,0.279,0.292,0.51,-0.126,0.578,0.446,0.202,0.133,0.63,0.227,0.408,-0.198,0.259,-0.472,-0.055,0.457,0.204,0.649,-0.189,0.056,0.406,0.316,0.554,-0.0
AVAV,0.858,-0.738,0.235,0.683,0.682,-0.265,0.691,-0.717,0.162,-0.271,0.389,0.5,-0.092,0.026,0.765,-0.657,-0.693,0.014,0.0,0.707,-0.491,-0.763,0.849,-0.466,-0.215,-0.428,0.527,-0.172,0.81,0.115,0.317,-0.786,0.6,0.323,-0.488,0.839,0.69,-0.406,-0.313,0.047,0.251,-0.454,-0.713,0.169,0.136,-0.709,-0.029,0.823,-0.049,0.6,0.369,0.594,0.633,0.721,0.718,-0.778,-0.617,-0.2,0.392,0.176,0.843,-0.272,0.22,0.036,0.672,0.625,0.547,0.443,0.455,0.612,0.206,0.31,-0.011,0.755,-0.749,0.296,-0.258,-0.818,-0.777,-0.384,0.824,0.723,0.14,0.293,0.745,0.607,0.55,0.519,0.132,-0.548,-0.526,-0.843,0.18,0.6,0.563,-0.275,0.854,0.318,-0.259,0.816,0.747,-0.509,0.527,-0.009,-0.061,0.591,0.781,0.045,-0.06,0.037,0.195,0.413,0.519,0.023,0.236,0.431,-0.835,0.581,0.009,0.121,-0.664,-0.142,-0.014,0.395,-0.061,-0.193,0.672,0.598,-0.696,0.038,0.222,0.742,0.465,0.518,-0.209,-0.353,0.501,0.64,0.687,-0.858,0.453,0.213,-0.503,0.256,-0.76,0.453,0.003,-0.505,-0.789,-0.263,0.719,0.756,0.223,-0.259,-0.84,-0.655,0.424,0.612,0.657,0.574,0.056,0.478,-0.504,0.606,-0.447,-0.68,-0.286,-0.372,-0.664,-0.028,0.391,-0.482,-0.52,-0.514,0.351,0.772,-0.077,0.41,0.513,0.682,0.365,0.59,0.675,-0.608,0.226,0.064,0.286,-0.734,-0.843,-0.695,-0.473,0.47,0.377,-0.088,0.397,-0.483,0.116,-0.343,0.366,0.721
AXON,0.796,-0.686,0.224,0.877,0.813,-0.364,0.835,-0.65,0.126,0.1,0.618,0.863,0.058,0.363,0.911,-0.358,-0.331,0.28,0.707,0.0,-0.148,-0.503,0.807,-0.785,0.281,-0.063,0.558,0.351,0.787,0.5,0.718,-0.572,0.747,0.457,-0.788,0.733,0.832,0.127,-0.335,0.233,-0.173,0.036,-0.391,0.19,0.492,-0.895,0.455,0.844,0.3,0.894,0.782,0.838,0.316,0.891,0.914,-0.795,-0.333,0.236,0.655,0.56,0.798,0.073,0.57,0.495,0.761,0.896,0.877,0.586,0.5,0.87,0.62,0.459,-0.334,0.959,-0.392,-0.043,0.086,-0.88,-0.825,-0.001,0.763,0.853,0.104,0.506,0.914,0.712,0.809,0.693,0.581,-0.691,-0.108,-0.605,0.375,0.529,0.699,-0.248,0.816,0.435,-0.64,0.863,0.719,-0.045,0.89,0.232,0.418,0.838,0.811,0.353,-0.084,-0.119,0.673,0.689,0.346,0.256,0.369,0.624,-0.849,0.699,0.263,0.427,-0.918,-0.433,0.361,0.664,0.149,0.119,0.73,0.871,-0.424,0.411,0.532,0.846,0.844,0.823,0.154,-0.708,0.784,0.842,0.898,-0.731,0.782,0.682,-0.351,0.374,-0.759,0.867,-0.0,-0.429,-0.586,0.143,0.946,0.927,0.672,0.138,-0.578,-0.714,0.781,0.438,0.906,0.878,0.564,0.179,-0.686,0.75,-0.528,-0.491,-0.336,-0.078,-0.29,-0.125,0.577,-0.182,-0.015,-0.021,0.714,0.758,0.35,0.469,0.843,0.663,0.778,0.83,0.613,-0.689,0.686,0.473,0.388,-0.658,-0.531,-0.857,-0.235,0.777,0.459,0.355,0.242,-0.049,0.602,0.003,0.721,0.758
BANF,-0.428,0.616,-0.531,0.023,-0.033,0.653,-0.06,0.649,-0.269,0.843,-0.07,0.006,0.175,0.746,-0.121,0.545,0.746,0.525,-0.491,-0.148,0.0,0.841,-0.504,-0.229,0.309,0.477,-0.02,0.412,-0.466,0.598,0.258,0.721,0.115,0.313,-0.16,-0.217,-0.03,0.746,0.633,0.475,-0.486,0.785,0.59,-0.349,0.234,0.187,0.624,-0.412,0.21,-0.089,0.044,0.186,-0.851,-0.018,-0.021,0.156,0.902,0.872,0.459,0.574,-0.242,0.681,0.337,0.429,-0.188,0.087,0.054,0.236,0.05,-0.021,-0.001,-0.281,0.139,-0.217,0.879,-0.187,0.772,0.342,0.283,0.035,-0.512,-0.306,0.506,-0.531,-0.246,-0.583,0.281,0.253,0.516,0.412,0.926,0.578,0.438,-0.435,0.187,-0.331,-0.48,0.469,-0.383,-0.244,-0.179,0.585,0.089,0.525,0.403,0.128,-0.561,-0.068,0.435,0.102,0.093,0.229,-0.049,-0.041,0.472,0.152,0.282,-0.35,0.693,0.515,0.029,-0.504,0.578,0.176,0.365,0.737,-0.019,0.19,0.612,0.744,0.477,-0.159,0.168,0.21,0.447,0.074,0.272,0.016,-0.136,0.47,-0.301,0.454,0.659,-0.12,0.273,0.072,0.505,0.452,0.693,0.617,-0.181,-0.184,0.559,0.756,0.598,-0.017,0.052,-0.674,0.026,0.142,0.47,-0.603,0.504,0.069,0.618,0.709,-0.129,0.718,0.898,-0.002,0.378,0.871,0.612,0.874,0.446,-0.031,0.615,0.249,0.268,-0.354,0.395,0.231,-0.013,0.307,0.513,0.106,0.509,0.157,0.705,-0.049,0.224,0.28,0.277,0.758,-0.426,0.518,0.256,0.162,0.438,-0.516
BATRK,-0.706,0.799,-0.494,-0.355,-0.359,0.655,-0.413,0.815,-0.343,0.701,-0.26,-0.328,0.099,0.432,-0.477,0.657,0.795,0.406,-0.763,-0.503,0.841,0.0,-0.797,0.147,0.2,0.503,-0.303,0.298,-0.747,0.303,-0.057,0.861,-0.247,0.098,0.228,-0.591,-0.404,0.631,0.601,0.279,-0.434,0.696,0.752,-0.307,0.016,0.538,0.387,-0.707,0.16,-0.453,-0.253,-0.232,-0.866,-0.404,-0.434,0.485,0.888,0.637,0.087,0.247,-0.591,0.508,0.024,0.107,-0.518,-0.308,-0.31,-0.08,-0.242,-0.339,-0.155,-0.424,0.116,-0.57,0.93,-0.245,0.603,0.669,0.589,0.154,-0.792,-0.637,0.287,-0.567,-0.551,-0.729,-0.115,-0.119,0.221,0.568,0.853,0.838,0.177,-0.629,-0.223,-0.083,-0.78,0.104,-0.078,-0.594,-0.526,0.575,-0.258,0.284,0.232,-0.284,-0.807,-0.152,0.279,0.152,-0.139,-0.139,-0.23,-0.047,0.156,-0.144,0.636,-0.552,0.463,0.225,0.42,-0.238,0.357,-0.14,0.326,0.553,-0.378,-0.211,0.749,0.459,0.171,-0.512,-0.19,-0.179,0.417,0.32,-0.086,-0.358,-0.491,0.774,-0.472,0.14,0.731,-0.223,0.601,-0.262,0.321,0.575,0.868,0.411,-0.524,-0.562,0.189,0.582,0.822,0.36,-0.267,-0.758,-0.356,-0.24,0.199,-0.6,0.624,-0.322,0.734,0.804,0.094,0.685,0.918,0.09,0.023,0.794,0.527,0.806,0.054,-0.431,0.379,-0.03,-0.127,-0.605,0.037,-0.182,-0.366,0.616,0.166,-0.032,0.171,0.482,0.869,0.35,0.334,-0.098,-0.015,0.486,-0.54,0.468,0.05,0.247,0.061,-0.758
BIDU,0.884,-0.902,0.376,0.721,0.772,-0.514,0.821,-0.786,0.348,-0.319,0.422,0.676,0.179,0.063,0.838,-0.518,-0.587,-0.034,0.849,0.807,-0.504,-0.797,0.0,-0.548,-0.02,-0.327,0.643,0.151,0.946,0.224,0.578,-0.777,0.722,0.179,-0.607,0.856,0.759,-0.281,-0.462,0.1,0.242,-0.323,-0.774,0.283,0.238,-0.835,0.037,0.932,0.113,0.721,0.638,0.677,0.633,0.819,0.831,-0.738,-0.621,-0.174,0.395,0.206,0.883,-0.189,0.411,0.283,0.853,0.752,0.737,0.463,0.514,0.762,0.411,0.63,-0.136,0.881,-0.718,0.344,-0.171,-0.939,-0.796,-0.154,0.989,0.904,0.007,0.506,0.839,0.782,0.549,0.622,0.278,-0.634,-0.508,-0.876,0.116,0.787,0.606,-0.202,0.994,0.344,-0.285,0.921,0.84,-0.33,0.699,0.097,0.04,0.642,0.946,0.207,-0.051,-0.218,0.414,0.599,0.436,0.211,0.275,0.621,-0.896,0.799,-0.108,0.043,-0.759,-0.182,-0.113,0.565,-0.091,-0.145,0.786,0.683,-0.669,0.038,0.21,0.892,0.626,0.672,-0.28,-0.639,0.487,0.794,0.806,-0.896,0.639,0.367,-0.587,0.414,-0.856,0.64,0.004,-0.536,-0.784,-0.102,0.862,0.847,0.338,-0.208,-0.877,-0.696,0.62,0.752,0.8,0.705,0.245,0.527,-0.598,0.729,-0.636,-0.688,-0.226,-0.412,-0.638,-0.198,0.486,-0.469,-0.237,-0.451,0.48,0.772,0.029,0.507,0.615,0.818,0.459,0.655,0.659,-0.797,0.366,0.092,0.211,-0.725,-0.787,-0.722,-0.267,0.523,0.427,0.009,0.526,-0.245,0.393,-0.2,0.452,0.93
BLNE,-0.462,0.313,-0.03,-0.836,-0.743,0.082,-0.789,0.385,0.037,-0.467,-0.317,-0.658,-0.156,-0.68,-0.716,0.157,0.125,-0.358,-0.466,-0.785,-0.229,0.147,-0.548,0.0,-0.429,-0.189,-0.611,-0.508,-0.542,-0.726,-0.734,0.192,-0.733,-0.615,0.805,-0.602,-0.848,-0.488,0.146,-0.277,0.354,-0.424,0.116,-0.06,-0.761,0.762,-0.794,-0.529,-0.372,-0.858,-0.663,-0.921,0.121,-0.77,-0.848,0.712,0.004,-0.597,-0.797,-0.846,-0.603,-0.352,-0.538,-0.673,-0.719,-0.785,-0.815,-0.724,-0.664,-0.715,-0.501,-0.226,0.268,-0.736,0.051,-0.036,-0.537,0.643,0.58,-0.026,-0.477,-0.724,-0.492,-0.149,-0.718,-0.275,-0.902,-0.722,-0.786,0.355,-0.241,0.345,-0.718,-0.25,-0.796,0.401,-0.563,-0.68,0.855,-0.705,-0.519,-0.194,-0.908,-0.507,-0.488,-0.859,-0.454,-0.323,-0.314,0.214,-0.762,-0.743,-0.284,-0.296,-0.466,-0.629,0.671,-0.408,-0.61,-0.754,0.924,0.695,-0.549,-0.737,-0.199,-0.523,-0.719,-0.885,0.109,-0.602,-0.864,-0.703,-0.836,-0.854,-0.109,0.679,-0.888,-0.836,-0.749,0.478,-0.491,-0.822,-0.051,-0.065,0.508,-0.734,-0.216,0.316,0.188,-0.457,-0.739,-0.793,-0.804,-0.51,0.345,0.601,-0.71,-0.105,-0.829,-0.859,-0.758,0.104,0.404,-0.776,0.141,0.109,0.646,-0.079,-0.03,0.242,-0.777,-0.269,-0.316,-0.245,-0.86,-0.754,-0.754,-0.507,-0.909,-0.523,-0.834,-0.885,-0.548,0.602,-0.83,-0.445,-0.753,0.463,0.287,0.787,0.14,-0.939,-0.565,-0.539,-0.099,-0.189,-0.523,0.098,-0.9,-0.471
BLNK,-0.102,-0.019,0.156,0.21,0.001,-0.175,0.174,-0.119,-0.001,0.294,0.115,0.486,0.215,0.243,0.109,0.396,0.228,0.075,-0.215,0.281,0.309,0.2,-0.02,-0.429,0.0,0.522,0.065,0.611,-0.079,0.396,0.391,0.301,0.109,0.222,-0.13,-0.216,0.043,0.608,-0.296,-0.022,-0.279,0.591,0.468,0.178,0.684,-0.144,0.574,-0.054,0.323,0.442,0.408,0.258,-0.247,0.094,0.182,-0.11,0.167,0.396,0.134,0.441,-0.171,0.267,0.261,0.684,0.132,0.185,0.376,0.263,0.229,0.198,0.361,0.167,-0.28,0.177,0.34,-0.248,0.423,0.006,0.051,0.62,-0.052,0.268,-0.051,0.273,0.174,0.12,0.23,0.04,0.423,-0.155,0.377,0.297,0.268,0.001,0.123,0.291,-0.014,0.086,-0.474,0.094,-0.143,0.451,0.453,0.164,0.423,0.265,0.044,0.571,0.02,-0.258,0.671,0.36,-0.074,0.448,0.021,0.197,0.076,0.083,0.284,0.467,-0.324,-0.287,0.326,0.29,0.042,0.427,0.081,0.243,0.373,0.24,0.393,0.147,0.454,0.319,0.266,-0.45,0.294,0.171,0.14,0.152,0.516,0.501,0.16,0.161,0.169,0.329,-0.238,0.031,0.252,0.375,0.175,0.163,0.393,0.434,0.346,0.12,0.369,-0.013,0.25,0.323,0.642,-0.321,-0.314,0.213,-0.099,0.184,-0.287,0.285,0.296,0.104,0.147,0.258,0.65,0.459,0.348,0.004,0.661,-0.01,0.281,0.164,0.363,0.185,-0.234,-0.192,0.408,0.734,0.185,0.284,0.314,-0.054,0.486,0.316,-0.062,0.312,-0.217,0.595,0.464,0.361,0.283,0.142
BTAI,-0.342,0.292,0.034,-0.011,-0.069,0.28,-0.174,0.188,0.228,0.464,0.026,0.066,0.431,0.327,-0.079,0.551,0.537,0.23,-0.428,-0.063,0.477,0.503,-0.327,-0.189,0.522,0.0,-0.253,0.623,-0.386,0.3,0.17,0.599,-0.015,0.112,0.008,-0.365,-0.056,0.652,0.177,0.076,-0.049,0.735,0.549,0.06,0.325,0.131,0.576,-0.327,0.457,0.091,0.178,0.008,-0.381,-0.129,-0.09,0.33,0.538,0.504,0.146,0.322,-0.373,0.41,0.253,0.461,-0.019,-0.042,0.208,-0.133,0.03,-0.066,0.266,-0.066,0.014,-0.135,0.638,-0.257,0.523,0.293,0.227,0.62,-0.332,-0.135,0.29,0.052,-0.139,-0.246,0.089,0.017,0.498,0.07,0.63,0.516,0.279,-0.155,-0.224,0.211,-0.303,0.178,-0.307,-0.203,-0.325,0.749,0.151,0.331,0.422,0.001,-0.301,0.405,0.295,-0.394,0.423,0.137,-0.331,0.584,0.088,-0.018,0.315,0.025,0.307,0.218,-0.014,-0.342,0.33,0.287,0.252,0.64,-0.14,0.043,0.692,0.384,0.23,-0.166,0.354,0.116,0.287,-0.074,0.143,-0.027,-0.117,0.502,-0.065,0.378,0.43,0.007,0.384,0.131,-0.188,0.4,0.641,0.303,-0.093,-0.136,0.328,0.568,0.53,0.235,0.336,-0.349,-0.1,0.137,0.629,-0.076,0.268,0.047,0.099,0.631,0.021,0.421,0.644,-0.127,0.181,0.531,0.678,0.665,0.184,-0.227,0.46,-0.164,0.125,-0.008,0.279,0.029,-0.375,0.108,0.377,0.27,0.167,0.586,0.627,0.16,0.754,0.049,-0.076,0.432,0.0,0.704,0.487,0.321,0.176,-0.184
BYND,0.429,-0.42,-0.258,0.713,0.724,-0.048,0.863,-0.199,-0.075,0.14,-0.111,0.479,0.431,0.497,0.618,-0.454,-0.245,-0.052,0.527,0.558,-0.02,-0.303,0.643,-0.611,0.065,-0.253,0.0,0.255,0.658,0.658,0.581,-0.381,0.767,0.562,-0.569,0.735,0.697,-0.033,-0.102,0.296,-0.004,0.067,-0.553,0.28,0.372,-0.631,0.313,0.67,-0.214,0.562,0.489,0.712,0.07,0.76,0.735,-0.636,-0.145,0.237,0.599,0.525,0.605,0.191,0.467,0.353,0.763,0.589,0.57,0.888,0.809,0.581,0.036,0.419,0.136,0.601,-0.276,0.644,0.361,-0.652,-0.588,-0.384,0.612,0.713,0.445,-0.112,0.476,0.212,0.665,0.735,0.375,0.01,-0.098,-0.611,0.508,0.594,0.81,-0.613,0.67,0.653,-0.548,0.787,0.667,-0.304,0.62,0.597,0.187,0.681,0.431,-0.258,0.431,0.168,0.244,0.757,0.724,0.156,0.515,0.825,-0.687,0.413,0.37,0.444,-0.645,-0.468,0.072,0.703,-0.167,0.348,0.878,0.705,-0.478,0.361,0.511,0.791,0.544,0.771,-0.447,-0.583,0.659,0.821,0.604,-0.661,0.309,0.376,0.065,0.331,-0.637,0.425,0.497,-0.164,-0.345,0.382,0.606,0.619,0.466,0.182,-0.659,-0.497,0.436,0.53,0.759,0.694,0.331,-0.021,-0.253,0.799,0.004,-0.199,-0.623,-0.093,-0.214,-0.134,0.617,0.151,0.081,-0.138,0.69,0.829,0.476,0.765,0.655,0.649,0.54,0.719,0.73,-0.6,0.446,-0.122,0.544,-0.652,-0.499,-0.578,-0.307,0.633,0.838,0.305,0.089,-0.013,0.288,-0.447,0.618,0.449
CAN,0.038,-0.107,0.078,0.339,0.382,-0.056,0.373,-0.012,0.233,0.468,0.22,0.49,0.559,0.541,0.32,0.444,0.449,0.349,-0.172,0.351,0.412,0.298,0.151,-0.508,0.611,0.623,0.255,0.0,0.125,0.639,0.724,0.342,0.452,0.209,-0.405,0.039,0.326,0.713,-0.007,0.265,-0.238,0.764,0.22,0.085,0.512,-0.313,0.716,0.139,0.585,0.438,0.64,0.453,-0.315,0.356,0.387,-0.12,0.38,0.595,0.447,0.567,0.096,0.536,0.612,0.752,0.404,0.471,0.597,0.293,0.266,0.466,0.572,0.364,-0.167,0.337,0.434,-0.071,0.62,-0.207,-0.103,0.51,0.144,0.325,0.212,0.212,0.331,0.102,0.404,0.459,0.757,-0.185,0.536,0.171,0.346,0.179,0.238,-0.014,0.164,0.424,-0.53,0.27,0.157,0.697,0.611,0.495,0.53,0.374,0.141,0.45,0.252,-0.45,0.655,0.574,-0.023,0.591,0.376,0.514,-0.142,0.365,0.334,0.285,-0.411,-0.577,0.325,0.616,0.289,0.629,0.342,0.475,0.409,0.536,0.444,0.369,0.668,0.577,0.228,-0.564,0.437,0.486,0.35,0.087,0.33,0.751,0.206,0.327,-0.076,0.561,0.079,0.195,0.335,0.528,0.382,0.273,0.669,0.619,0.173,-0.159,0.626,-0.015,0.446,0.556,0.844,-0.054,-0.082,0.436,-0.089,0.322,-0.088,0.365,0.469,-0.314,0.52,0.466,0.727,0.608,0.618,0.164,0.658,0.329,0.552,0.284,0.633,0.453,0.014,-0.27,0.712,0.269,0.308,0.106,0.339,-0.265,0.532,0.44,0.286,0.624,0.102,0.693,0.808,0.377,0.561,0.239
CCEC,0.824,-0.826,0.276,0.695,0.785,-0.526,0.805,-0.69,0.251,-0.273,0.442,0.645,0.11,0.104,0.79,-0.536,-0.531,0.009,0.81,0.787,-0.466,-0.747,0.946,-0.542,-0.079,-0.386,0.658,0.125,0.0,0.221,0.571,-0.768,0.682,0.172,-0.631,0.848,0.765,-0.258,-0.366,0.136,0.11,-0.294,-0.761,0.201,0.194,-0.819,0.057,0.898,0.089,0.705,0.635,0.677,0.564,0.819,0.812,-0.716,-0.585,-0.14,0.42,0.24,0.872,-0.143,0.425,0.25,0.788,0.752,0.684,0.491,0.464,0.748,0.428,0.586,-0.17,0.865,-0.683,0.282,-0.172,-0.918,-0.798,-0.222,0.924,0.841,0.012,0.44,0.832,0.726,0.552,0.612,0.273,-0.612,-0.472,-0.874,0.13,0.68,0.638,-0.269,0.941,0.359,-0.28,0.867,0.826,-0.322,0.661,0.127,0.09,0.658,0.906,0.114,-0.077,-0.188,0.359,0.559,0.408,0.101,0.311,0.618,-0.9,0.718,-0.092,0.063,-0.734,-0.187,-0.041,0.563,-0.064,-0.167,0.746,0.681,-0.668,0.066,0.247,0.86,0.569,0.645,-0.214,-0.638,0.497,0.799,0.81,-0.883,0.624,0.372,-0.552,0.415,-0.847,0.646,0.082,-0.499,-0.772,-0.036,0.848,0.826,0.352,-0.151,-0.848,-0.66,0.592,0.688,0.79,0.673,0.231,0.458,-0.601,0.662,-0.593,-0.689,-0.215,-0.432,-0.616,-0.255,0.471,-0.417,-0.249,-0.426,0.498,0.75,0.032,0.523,0.625,0.703,0.483,0.649,0.664,-0.773,0.368,0.032,0.187,-0.755,-0.77,-0.741,-0.379,0.548,0.46,0.041,0.474,-0.277,0.358,-0.153,0.476,0.841
CDW,0.171,-0.022,-0.363,0.669,0.618,0.324,0.674,0.133,-0.107,0.724,0.066,0.526,0.441,0.883,0.553,0.079,0.324,0.471,0.115,0.5,0.598,0.303,0.224,-0.726,0.396,0.3,0.658,0.639,0.221,0.0,0.746,0.157,0.746,0.682,-0.628,0.403,0.604,0.595,0.222,0.49,-0.342,0.655,0.059,0.04,0.55,-0.466,0.788,0.323,0.238,0.514,0.541,0.747,-0.45,0.649,0.646,-0.456,0.476,0.822,0.839,0.856,0.351,0.622,0.673,0.658,0.536,0.637,0.644,0.776,0.621,0.584,0.267,0.191,0.058,0.457,0.375,0.176,0.802,-0.367,-0.307,-0.064,0.188,0.443,0.602,-0.195,0.354,-0.063,0.794,0.795,0.787,0.053,0.593,-0.039,0.696,0.217,0.703,-0.574,0.264,0.747,-0.803,0.512,0.404,0.316,0.711,0.757,0.496,0.679,0.08,-0.001,0.538,0.084,0.468,0.783,0.467,0.297,0.672,0.741,-0.405,0.238,0.773,0.681,-0.611,-0.772,0.512,0.698,0.232,0.801,0.691,0.777,0.094,0.85,0.763,0.567,0.715,0.833,0.116,-0.476,0.789,0.703,0.495,-0.181,0.211,0.767,0.423,0.192,-0.335,0.552,0.542,0.127,0.189,0.684,0.488,0.466,0.842,0.684,-0.07,-0.464,0.556,-0.047,0.691,0.767,0.738,-0.321,0.018,0.744,0.263,0.299,-0.492,0.5,0.475,-0.142,0.803,0.656,0.525,0.58,0.901,0.625,0.824,0.692,0.799,0.342,0.816,0.803,0.51,-0.265,0.836,0.171,0.751,-0.342,0.111,-0.561,0.032,0.759,0.754,0.815,-0.164,0.425,0.6,-0.061,0.846,0.135
CDXS,0.515,-0.467,0.042,0.707,0.748,-0.131,0.759,-0.282,0.203,0.411,0.467,0.745,0.4,0.644,0.743,0.031,0.17,0.459,0.317,0.718,0.258,-0.057,0.578,-0.734,0.391,0.17,0.581,0.724,0.571,0.746,0.0,-0.105,0.824,0.304,-0.754,0.57,0.675,0.508,-0.033,0.374,-0.225,0.463,-0.214,-0.04,0.458,-0.728,0.624,0.598,0.485,0.668,0.801,0.817,-0.116,0.797,0.794,-0.57,0.115,0.554,0.74,0.696,0.645,0.418,0.83,0.769,0.723,0.867,0.859,0.58,0.44,0.844,0.614,0.531,-0.156,0.738,0.06,0.074,0.479,-0.681,-0.501,0.049,0.569,0.669,0.28,0.229,0.699,0.378,0.751,0.825,0.82,-0.42,0.317,-0.306,0.373,0.438,0.691,-0.368,0.592,0.639,-0.618,0.689,0.657,0.335,0.853,0.528,0.429,0.689,0.525,0.306,0.218,-0.315,0.622,0.763,0.287,0.338,0.626,0.793,-0.65,0.629,0.401,0.353,-0.752,-0.682,0.338,0.737,0.24,0.482,0.742,0.85,-0.077,0.657,0.574,0.766,0.817,0.88,0.202,-0.716,0.692,0.829,0.776,-0.427,0.498,0.863,-0.124,0.41,-0.587,0.775,0.309,-0.137,-0.16,0.458,0.755,0.683,0.825,0.464,-0.306,-0.648,0.73,0.173,0.851,0.871,0.761,0.016,-0.272,0.735,-0.232,-0.108,-0.232,0.209,0.143,-0.341,0.794,0.254,0.408,0.363,0.878,0.64,0.577,0.685,0.868,0.536,0.847,0.831,0.542,-0.54,0.866,0.228,0.518,-0.512,-0.118,-0.735,0.059,0.764,0.598,0.67,0.164,0.303,0.774,0.215,0.818,0.571
